OPE ID,School,State,Zip Code,School Type,20092010Qtr2_Dependent Students,20092010Qtr2_Independent Students,Quarterly Total,YTD_20092010Qtr2_Dependent Students,YTD_20092010Qtr2_Independent Students,Award Year To Date Total
00100200,ALABAMA AGRCLTL & MECHL UNIV            ,AL,35762-1357,Public       ,1559,949,2508,4491,1899,6390
00100300,FAULKNER UNIVERSITY                     ,AL,36109-3398,Private      ,531,1385,1916,1045,2375,3420
00100400,UNIVERSITY OF MONTEVALLO                ,AL,35115-6000,Public       ,632,458,1090,1540,799,2339
00100500,ALABAMA STATE UNIVERSITY                ,AL,36101-0000,Public       ,2352,1545,3897,6218,2902,9120
00100700,CENTRAL ALABAMA COMMUNITY COLLEGE       ,AL,35011-0000,Public       ,287,673,960,840,1081,1921
00100800,ATHENS STATE UNIVERSITY                 ,AL,35611-1999,Public       ,225,1021,1246,422,1780,2202
00100900,AUBURN UNIVERSITY                       ,AL,36849-5113,Public       ,3144,1693,4837,12374,3983,16357
00101200,BIRMINGHAM SOUTHERN COLLEGE             ,AL,35254-0002,Private      ,346,102,448,1606,225,1831
00101300,CALHOUN COMMUNITY COLLEGE               ,AL,35609-2216,Public       ,1343,2340,3683,2841,4225,7066
00101500,ENTERPRISE-OZARK COMMUNITY COLLEGE      ,AL,36331-1300,Public       ,337,554,891,697,892,1589
00101600,UNIVERSITY OF NORTH ALABAMA             ,AL,35632-0001,Public       ,1361,906,2267,3232,1534,4766
00101700,GADSDEN STATE COMMUNITY COLLEGE         ,AL,35903-2269,Public       ,934,1721,2655,1885,2944,4829
00101800,GEORGE C WALLACE COMMUNITY COLLEGE      ,AL,36303-0943,Public       ,574,1132,1706,1114,1780,2894
00101900,HUNTINGDON COLLEGE                      ,AL,36106-2148,Private      ,313,152,465,848,299,1147
00102000,JACKSONVILLE STATE UNIVERSITY           ,AL,36265-1602,Public       ,1765,1608,3373,4714,3126,7840
00102100,JEFFERSON DAVIS COMMUNITY COLLEGE       ,AL,36427-2790,Public       ,205,281,486,358,492,850
00102200,JEFFERSON STATE COMMUNITY COLLEGE       ,AL,35215-3098,Public       ,1436,2529,3965,2409,4038,6447
00102300,JUDSON COLLEGE                          ,AL,36756-2504,Private      ,102,36,138,255,71,326
00102400,UNIVERSITY OF WEST ALABAMA              ,AL,35470-0000,Public       ,552,1426,1978,1365,2762,4127
00102600,MARION MILITARY INSTITUTE               ,AL,36756-3214,Public       ,259,40,299,435,52,487
00102800,MILES COLLEGE                           ,AL,35064-2697,Private      ,756,402,1158,1494,708,2202
00102900,UNIVERSITY OF MOBILE                    ,AL,36613-0000,Private      ,419,544,963,977,928,1905
00103000,BISHOP STATE COMMUNITY COLLEGE          ,AL,36603-5898,Public       ,561,1363,1924,905,2171,3076
00103001,BISHOP STATE COMM COLG-CARVER CMPS      ,AL,36617-0000,Public       ,43,123,166,67,189,256
00103002,BISHOP STAT COMM CLG-SW CMPS            ,AL,36605-0000,Public       ,31,45,76,54,64,118
00103100,NORTHEAST ALABAMA STATE CMNTY COLG      ,AL,35986-0159,Public       ,345,652,997,727,1012,1739
00103300,OAKWOOD COLLEGE                         ,AL,35896-0001,Private      ,536,213,749,1353,455,1808
00103400,ALABAMA SOUTHERN COMMUNITY COLLEGE      ,AL,36460-5698,Public       ,361,358,719,612,548,1160
00103600,SAMFORD UNIVERSITY                      ,AL,35229-7000,Private      ,392,726,1118,2471,1954,4425
00103800,SNEAD STATE COMMUNITY COLLEGE           ,AL,35957-0734,Public       ,333,570,903,764,1054,1818
00104000,SOUTHERN UNION STATE COMMUNITY CLG      ,AL,36276-0000,Public       ,957,962,1919,1998,1697,3695
00104100,SPRING HILL COLLEGE                     ,AL,36608-1791,Private      ,366,180,546,1698,369,2067
00104400,STILLMAN COLLEGE                        ,AL,35403-1430,Private      ,717,167,884,1925,354,2279
00104600,TALLADEGA COLLEGE                       ,AL,35160-2354,Private      ,192,107,299,351,181,532
00104700,TROY STATE UNIVERSITY                   ,AL,36082-0001,Public       ,2590,8343,10933,5622,14318,19940
00105000,TUSKEGEE UNIVERSITY                     ,AL,36088-1645,Private      ,875,300,1175,4237,947,5184
00105100,UNIVERSITY OF ALABAMA (THE)             ,AL,35487-0120,Public       ,4218,2774,6992,14770,6283,21053
00105200,UNIVERSITY OF ALABAMA AT BIRMINGHAM     ,AL,35294-1150,Public       ,2098,3436,5534,6202,7003,13205
00105500,UNIVERSITY OF ALABAMA IN HUNTSVILLE     ,AL,35899-0001,Public       ,1207,1270,2477,3142,2320,5462
00105700,UNIVERSITY OF SOUTH ALABAMA             ,AL,36688-0002,Public       ,2634,3362,5996,5405,5634,11039
00105900,LAWSON STATE COMMUNITY COLLEGE          ,AL,35221-1798,Public       ,741,1127,1868,1285,1933,3218
00105901,LAWSON STATE COMMUNITY COLLEGE - BESSEME,AL,35021-0308,Public       ,134,303,437,246,520,766
00106000,FAULKNER STATE COMMUNITY COLLEGE        ,AL,36507-2698,Public       ,953,1084,2037,1646,1670,3316
00526000,J.F. DRAKE STATE TECH COLLEGE           ,AL,35811-1584,Public       ,115,538,653,198,800,998
00569100,SHELTON STATE COMMUNITY CLG             ,AL,35405-4017,Public       ,1230,1193,2423,2274,2001,4275
00569200,REID STATE TECHNICAL COLLEGE            ,AL,36401-0000,Public       ,87,191,278,129,281,410
00569700,NORTHWEST- SHOALS COMMUNITY COLLEGE     ,AL,35661-0000,Public       ,577,767,1344,1088,1215,2303
00569702,NORTHWEST-SHOALS C.C.-PHIL CAMPBELL     ,AL,35581-0000,Public       ,76,90,166,158,152,310
00569900,GEORGE C WALLACE STATE CMTY COLLEGE     ,AL,36703-0000,Public       ,345,483,828,528,782,1310
00573300,BEVILL STATE CMTY COLLEGE-WALKER        ,AL,35148-0000,Public       ,310,665,975,577,1105,1682
00573301,BEVILL STATE COMMUNITY COLLEGE - FAYETTE,AL,35555-0000,Public       ,138,256,394,302,429,731
00573302,BEVILL STATE CMTY CLG-HAMILTON CAMP     ,AL,35570-0000,Public       ,65,125,190,128,202,330
00573305,BEVILL STATE CMTY CLG-WALKER CLG        ,AL,35501-0000,Public       ,108,161,269,249,284,533
00573400,H. COUNCILL TRENHOLM STATE TECH COLLEGE ,AL,36108-0020,Public       ,235,555,790,336,829,1165
00573401,H. C. TRENHOLM ST TECH COL-PATTERSON CAM,AL,36116-2612,Public       ,116,187,303,192,323,515
00787100,GEORGE C WALLACE STATE CMTY CLG         ,AL,35077-2000,Public       ,1119,1573,2692,1924,2528,4452
00831000,AUBURN UNIVERSITY-MONTGOMERY            ,AL,36124-0000,Public       ,945,1396,2341,2219,2541,4760
00898800,LURLEEN B WALLACE COMMUNITY COLLEGE     ,AL,36420-0418,Public       ,270,415,685,554,715,1269
01019300,HERZING COLLEGE                         ,AL,35209-4816,Proprietary  ,49,356,405,79,594,673
01055400,CONCORDIA COLLEGE                       ,AL,36701-3323,Private      ,253,161,414,420,238,658
01218200,CHATTAHOOCHEE VALLEY CMTY CLG           ,AL,36869-7917,Public       ,286,617,903,523,1030,1553
01303906,SOUTH UNIVERSITY - MONTGOMERY           ,AL,36116-1120,Proprietary  ,114,492,606,162,740,902
02170600,UNITED STATES SPORTS ACADEMY            ,AL,36526-7055,Private      ,5,180,185,17,371,388
02199700,HERITAGE CHRISTIAN UNIVERSITY           ,AL,35630-0000,Private      ,6,20,26,14,33,47
02270400,SOUTHEASTERN BIBLE COLLEGE              ,AL,35244-2083,Private      ,43,60,103,77,107,184
02296000,PRINCE INSTITUTE OF PROFESSIONAL STUDIES,AL,36117-0000,Proprietary  ,18,64,82,19,95,114
02341000,FORTIS COLLEGE                          ,AL,36609-0000,Proprietary  ,188,416,604,211,523,734
02341002,CAPPS COLLEGE - MONTGOMERY              ,AL,36109-3624,Proprietary  ,13,47,60,28,82,110
02341004,FORTIS COLLEGE - SCHOOL OF COSMETOLOGY  ,AL,36609-1981,Proprietary  ,8,17,25,9,27,36
02503400,AMRIDGE UNIVERSITY                      ,AL,36124-0000,Private      ,10,242,252,17,409,426
02605500,REMINGTON COLLEGE - MOBILE CAMPUS       ,AL,36609-5593,Proprietary  ,189,849,1038,254,1203,1457
03010600,VIRGINIA COLLEGE                        ,AL,35209-5154,Proprietary  ,782,7161,7943,1067,11631,12698
03010602,VIRGINIA COLLEGE - HUNTSVILLE           ,AL,35805-0000,Proprietary  ,78,537,615,126,814,940
03010607,VIRGINIA COLLEGE - MOBILE               ,AL,36606-4748,Proprietary  ,45,207,252,61,359,420
03010616,VIRGINIA COLLEGE - MONTGOMERY           ,AL,36117-2802,Proprietary  ,107,398,505,151,622,773
03032500,ALABAMA STATE CLG BARBER STYLING        ,AL,35215-8308,Proprietary  ,10,16,26,23,41,64
03361400,FORTIS COLLEGE                          ,AL,36535-3547,Proprietary  ,23,101,124,25,143,168
03459300,SOUTHEASTERN SCHOOL OF COSMETOLOGY      ,AL,35228-0000,Private      ,7,40,47,9,58,67
03783300,BLUE CLIFF CAREER COLLEGE               ,AL,63306-4749,Proprietary  ,21,71,92,27,89,116
03894300,HUNTSVILLE BIBLE COLLEGE                ,AL,35811-0000,Private      ,3,18,21,7,37,44
04067300,SELMA UNIVERSITY                        ,AL,36701-0000,Private      ,15,80,95,22,125,147
04116500,MIMI'S BEAUTY ACADEMY OF COSMETOLOGY    ,AL,35810-3453,Proprietary  ,2,19,21,5,27,32
04121500,COLUMBIA SOUTHERN UNIVERSITY            ,AL,36561-3815,Proprietary  ,56,1557,1613,95,2696,2791
04149200,XCELL ACADEMY-A PAUL MITCHELL PARTNER SC,AL,35216-4990,Proprietary  ,28,45,73,29,50,79
00111100,ALLAN HANCOCK COLLEGE                   ,CA,93454-6399,Public       ,625,1099,1724,2249,2370,4619
00111300,ANTELOPE VALLEY COLLEGE                 ,CA,93536-5426,Public       ,902,2105,3007,3404,4933,8337
00111600,ART CENTER COLLEGE OF DESIGN            ,CA,91103-1999,Private      ,124,172,296,1037,1062,2099
00111700,AZUSA PACIFIC UNIVERSITY                ,CA,91702-7000,Private      ,651,1340,1991,5980,3716,9696
00111800,BAKERSFIELD COLLEGE                     ,CA,93305-1299,Public       ,1770,2858,4628,6797,6952,13749
00111900,BARSTOW COMMUNITY COLLEGE               ,CA,92311-6608,Public       ,139,713,852,276,1190,1466
00112000,AMER BAPT SEM OF THE WEST-BERKELEY      ,CA,94704-0000,Private      ,0,20,20,2,38,40
00112100,BETHANY UNIVERSITY /  ASSEMBLIES OF GOD ,CA,95066-2896,Private      ,73,79,152,359,234,593
00112200,BIOLA UNIVERSITY                        ,CA,90639-0001,Private      ,549,548,1097,4709,1728,6437
00112300,BROOKS INSTITUTE                        ,CA,93103-1809,Proprietary  ,215,217,432,862,527,1389
00112400,CABRILLO COLLEGE                        ,CA,95003-3194,Public       ,572,1017,1589,2712,3064,5776
00112500,CALIFORNIA BAPTIST UNIVERSITY           ,CA,92504-3297,Private      ,368,532,900,3255,1694,4949
00112700,CALIFORNIA COLLEGE OF THE ARTS          ,CA,94107-2206,Private      ,234,266,500,1514,1523,3037
00113100,CALIFORNIA INSTITUTE OF TECHNOLOGY      ,CA,91125-0001,Private      ,129,52,181,2774,397,3171
00113200,CALIFORNIA INSTITUTE OF THE ARTS        ,CA,91355-2397,Private      ,69,51,120,1533,1267,2800
00113300,CALIFORNIA LUTHERAN UNIVERSITY          ,CA,91360-2787,Private      ,286,435,721,2838,1035,3873
00113400,CALIFORNIA MARITIME ACADEMY             ,CA,94590-8181,Public       ,67,41,108,594,226,820
00113700,CALIF STATE UNIV-FULLERTON              ,CA,92831-3599,Public       ,2011,3104,5115,29452,13311,42763
00113800,"CALIFORNIA STATE UNIVERSITY, EAST BAY   ",CA,94542-3000,Public       ,752,2061,2813,8735,8437,17172
00113900,CALIF STATE UNIV-LONG BEACH             ,CA,90840-0006,Public       ,2011,3068,5079,36221,16154,52375
00114000,CALIF STATE UNIV-LOS ANGELES            ,CA,90032-4226,Public       ,1310,3339,4649,20516,14419,34935
00114100,"CALIF STATE UNIV, DOMINGUEZ HILLS       ",CA,90747-0001,Public       ,724,2353,3077,9194,8273,17467
00114200,CALIF STATE UNIV SAN BERNARDINO         ,CA,92407-2397,Public       ,1226,2736,3962,12885,9815,22700
00114300,CAL POLY STATE UNIVERSITY               ,CA,93407-0001,Public       ,1040,581,1621,26066,3249,29315
00114400,CALIF STATE POLYTECHNIC UNIV POMONA     ,CA,91768-2500,Public       ,1026,1211,2237,19925,6913,26838
00114600,CALIF STATE UNIV - CHICO                ,CA,95929-0001,Public       ,1275,1299,2574,13024,4943,17967
00114700,CALIF STATE UNIV - FRESNO               ,CA,93740-8026,Public       ,1309,1967,3276,16553,8734,25287
00114900,HUMBOLDT STATE UNIVERSITY               ,CA,95521-8299,Public       ,741,783,1524,8725,3499,12224
00115000,CALIF STATE UNIV-SACRAMENTO             ,CA,95819-6044,Public       ,1980,3532,5512,20615,14192,34807
00115100,SAN DIEGO STATE UNIVERSITY              ,CA,92182-1690,Public       ,2621,3615,6236,35702,13787,49489
00115300,CALIF STATE UNIV-NORTHRIDGE             ,CA,91330-8307,Public       ,1777,3010,4787,25655,14699,40354
00115400,SAN FRANCISCO STATE UNIVERSITY          ,CA,94132-1740,Public       ,1728,3147,4875,26025,15447,41472
00115500,SAN JOSE STATE UNIVERSITY               ,CA,95192-0036,Public       ,1689,3312,5001,20992,12638,33630
00115600,SONOMA STATE UNIVERSITY                 ,CA,94928-3609,Public       ,448,520,968,8054,2618,10672
00115700,CALIF STATE UNIV-STANISLAUS             ,CA,95382-0299,Public       ,419,799,1218,6385,4300,10685
00116100,CERRITOS COLLEGE                        ,CA,90650-6296,Public       ,1726,2118,3844,8041,5371,13412
00116200,CHABOT COLLEGE                          ,CA,94545-2400,Public       ,864,1755,2619,3100,3761,6861
00116300,CHAFFEY COLLEGE                         ,CA,91737-9400,Public       ,1958,3277,5235,6513,7135,13648
00116400,CHAPMAN UNIVERSITY                      ,CA,92866-1099,Private      ,544,2360,2904,6517,6178,12695
00116453,CHAPMAN UNIVERSITY SCHOOL OF LAW        ,CA,92866-0000,Private      ,5,261,266,75,1960,2035
00116500,CHURCH DIV SCH OF THE PACIFIC           ,CA,94709-0000,Private      ,0,8,8,0,56,56
00116600,CITRUS COLLEGE                          ,CA,91741-1899,Public       ,882,1059,1941,4218,2767,6985
00116900,CLAREMONT GRADUATE UNIVERSITY           ,CA,91711-0000,Private      ,2,376,378,11,1566,1577
00117000,CLAREMONT MCKENNA COLLEGE               ,CA,91711-6400,Private      ,81,14,95,3054,103,3157
00117100,HARVEY MUDD COLLEGE                     ,CA,91711-5990,Private      ,32,1,33,1799,19,1818
00117200,PITZER COLLEGE                          ,CA,91711-6101,Private      ,30,28,58,2807,125,2932
00117300,POMONA COLLEGE                          ,CA,91711-6301,Private      ,353,20,373,4215,92,4307
00117400,SCRIPPS COLLEGE                         ,CA,91711-3948,Private      ,89,11,100,1552,58,1610
00117600,WEST HILLS COMMUNITY COLLEGE            ,CA,93210-1399,Public       ,196,289,485,850,735,1585
00117700,COGSWELL POLYTECHNICAL COLLEGE          ,CA,94089-1210,Private      ,18,11,29,112,41,153
00117800,COLLEGE OF MARIN                        ,CA,94904-2590,Public       ,101,356,457,485,1071,1556
00117801,COLG OF MARIN-INDIAN VALLEY CMPS        ,CA,94949-0000,Public       ,4,26,30,13,52,65
00117900,NOTRE DAME DE NAMUR UNIVERSITY          ,CA,94002-1997,Private      ,136,296,432,908,624,1532
00118100,COLLEGE OF SAN MATEO                    ,CA,94402-3784,Public       ,308,530,838,1316,1228,2544
00118200,COLLEGE OF THE DESERT                   ,CA,92260-9305,Public       ,885,1350,2235,2741,2533,5274
00118300,HOLY NAMES UNIVERSITY                   ,CA,94619-1699,Private      ,71,171,242,628,503,1131
00118500,COLLEGE OF THE REDWOODS                 ,CA,95501-9300,Public       ,559,1218,1777,1842,2710,4552
00118600,COLLEGE OF THE SEQUOIAS                 ,CA,93277-2234,Public       ,995,1781,2776,3962,4019,7981
00118700,COLLEGE OF THE SISKIYOUS                ,CA,96094-2899,Public       ,184,322,506,690,750,1440
00118701,COLLEGE OF THE SISKIYOUS - YREKA CENTER ,CA,96097-9538,Public       ,8,23,31,24,76,100
00119000,CONTRA COSTA COLLEGE                    ,CA,94806-3195,Public       ,392,808,1200,1178,1747,2925
00119100,DIABLO VALLEY COLLEGE                   ,CA,94523-1544,Public       ,553,981,1534,2732,2460,5192
00119200,CUESTA COLLEGE                          ,CA,93403-8106,Public       ,591,810,1401,2648,1922,4570
00119300,CYPRESS COLLEGE                         ,CA,90630-5897,Public       ,858,1470,2328,3954,3457,7411
00119600,DOMINICAN UNIVERSITY OF CALIFORNIA      ,CA,94901-2298,Private      ,108,298,406,2010,1011,3021
00119700,EL CAMINO COLLEGE                       ,CA,90506-0002,Public       ,1440,1938,3378,6453,4917,11370
00119701,COMPTON COMMUNITY COLLEGE               ,CA,90221-5393,Public       ,234,702,936,854,1499,2353
00119900,FOOTHILL COLLEGE                        ,CA,94022-4597,Public       ,299,684,983,1291,1728,3019
00120000,FULLER THEOLOGICAL SEMINARY             ,CA,91182-0000,Private      ,2,434,436,6,1812,1818
00120100,FULLERTON COLLEGE                       ,CA,92832-2095,Public       ,1334,1460,2794,5886,3525,9411
00120200,GAVILAN COLLEGE                         ,CA,95020-9599,Public       ,301,478,779,915,994,1909
00120300,GLENDALE COMMUNITY COLLEGE              ,CA,91208-2894,Public       ,1228,1843,3071,4486,3987,8473
00120400,GOLDEN GATE BAPT THEOL SEMINARY         ,CA,94941-0000,Private      ,0,19,19,1,35,36
00120500,GOLDEN GATE UNIVERSITY                  ,CA,94105-2967,Private      ,17,793,810,58,3037,3095
00120600,GOLDEN WEST COLLEGE                     ,CA,92647-2748,Public       ,830,1314,2144,3963,3204,7167
00120700,GRADUATE THEOLOGICAL UNION              ,CA,94709-0000,Private      ,0,38,38,0,307,307
00120800,GROSSMONT COLLEGE                       ,CA,92020-1798,Public       ,942,1601,2543,3771,3769,7540
00120900,HARTNELL COMMUNITY COLLEGE              ,CA,93901-1697,Public       ,492,693,1185,1780,1498,3278
00121200,HUMPHREYS COLLEGE                       ,CA,95207-3896,Private      ,54,331,385,152,749,901
00121400,IMPERIAL VALLEY COLLEGE                 ,CA,92251-9787,Public       ,905,984,1889,2496,1700,4196
00121500,LA SIERRA UNIVERSITY                    ,CA,92515-3332,Private      ,209,169,378,1526,514,2040
00121600,UNIVERSITY OF LA VERNE                  ,CA,91750-4443,Private      ,188,1141,1329,2217,4269,6486
00121700,LASSEN COLLEGE                          ,CA,96130-3000,Public       ,107,212,319,249,353,602
00121800,LOMA LINDA UNIVERSITY                   ,CA,92350-0001,Private      ,130,1070,1200,640,4296,4936
00121900,LONG BEACH CITY COLLEGE                 ,CA,90808-1780,Public       ,2116,3676,5792,8379,8471,16850
00122000,MASTER'S COLLEGE & SEMINARY (THE)       ,CA,91321-1200,Private      ,91,94,185,1003,248,1251
00122300,LOS ANGELES CITY COLLEGE                ,CA,90029-3588,Public       ,967,2309,3276,3747,5626,9373
00122400,LOS ANGELES HARBOR COLLEGE              ,CA,90744-2397,Public       ,384,766,1150,1825,2184,4009
00122600,LOS ANGELES PIERCE COLLEGE              ,CA,91371-0001,Public       ,1088,1484,2572,5697,4152,9849
00122700,LOS ANGELES TRADE TECH COLLEGE          ,CA,90015-4181,Public       ,625,1833,2458,2451,4387,6838
00122800,LOS ANGELES VALLEY COLLEGE              ,CA,91401-4096,Public       ,797,1493,2290,3900,4094,7994
00122900,SO CA UNIV  HEALTH SCIENCES             ,CA,90604-4051,Private      ,5,209,214,11,499,510
00123000,SOUTHERN CA COLLEGE OF OPTOMETRY        ,CA,92831-1699,Private      ,2,228,230,7,468,475
00123200,AMERICAN RIVER COLLEGE                  ,CA,95841-4286,Public       ,1861,4972,6833,6955,11355,18310
00123300,SACRAMENTO CITY COLLEGE                 ,CA,95822-1386,Public       ,1634,3454,5088,7266,8459,15725
00123600,MENLO COLLEGE                           ,CA,94027-4301,Private      ,160,50,210,899,115,1014
00123700,MERCED COMMUNITY COLLEGE                ,CA,95348-2898,Public       ,843,1361,2204,3840,3463,7303
00123800,MILLS COLLEGE                           ,CA,94613-1301,Private      ,69,213,282,1420,1390,2810
00123900,MIRACOSTA COLLEGE                       ,CA,92056-3899,Public       ,501,1042,1543,1671,2197,3868
00124000,MODESTO JUNIOR COLLEGE                  ,CA,95350-5800,Public       ,1213,2380,3593,6339,7023,13362
00124200,MONTEREY PENINSULA COLLEGE              ,CA,93940-4799,Public       ,366,565,931,1338,1237,2575
00124300,MOUNT ST MARYS COLLEGE                  ,CA,90049-1599,Private      ,164,355,519,1918,1438,3356
00124500,MT. SAN ANTONIO COLLEGE                 ,CA,91789-1399,Public       ,1857,2209,4066,9391,6075,15466
00124600,MT SAN JACINTO COLLEGE                  ,CA,92583-2399,Public       ,1257,2715,3972,3890,5650,9540
00124700,NAPA VALLEY COLLEGE                     ,CA,94558-6236,Public       ,258,547,805,1316,1386,2702
00124900,OCCIDENTAL COLLEGE                      ,CA,90041-3314,Private      ,115,22,137,4701,187,4888
00125000,ORANGE COAST COLLEGE - FIN AID OFF      ,CA,92628-5005,Public       ,1542,1858,3400,7384,4460,11844
00125100,OTIS COLLEGE OF ART AND DESIGN          ,CA,90045-3505,Private      ,172,111,283,1309,542,1851
00125200,HOPE INTERNATIONAL UNIVERSITY           ,CA,92631-0000,Private      ,117,161,278,510,436,946
00125300,FRESNO PACIFIC UNIVERSITY               ,CA,93702-4798,Private      ,141,527,668,1245,1374,2619
00125302,FRESNO PACIFIC UNIVERSITY - VISALIA CENT,CA,93277-8341,Private      ,6,32,38,28,160,188
00125303,FRESNO PACIFIC UNIVERSITY - BAKERSFIELD ,CA,93301-4533,Private      ,9,43,52,42,164,206
00125400,PACIFIC LUTHERAN THEOLOGICAL SEM        ,CA,94708-0000,Private      ,0,17,17,0,93,93
00125500,PACIFIC OAKS COLLEGE                    ,CA,91103-3592,Private      ,2,172,174,9,394,403
00125600,PACIFIC SCHOOL OF RELIGION              ,CA,94709-0000,Private      ,0,24,24,0,160,160
00125800,PACIFIC UNION COLLEGE                   ,CA,94508-9797,Private      ,237,97,334,1109,314,1423
00125900,PALO VERDE COLLEGE                      ,CA,92225-0000,Public       ,57,152,209,106,233,339
00126000,PALOMAR COLLEGE                         ,CA,92069-1486,Public       ,1202,1801,3003,4390,3808,8198
00126100,PASADENA CITY COLLEGE                   ,CA,91106-2003,Public       ,2196,2222,4418,10176,5490,15666
00126200,POINT LOMA NAZARENE UNIVERSITY          ,CA,92106-2899,Private      ,336,295,631,3326,750,4076
00126600,LANEY COLLEGE                           ,CA,94607-4893,Public       ,591,1595,2186,2125,3595,5720
00126700,MERRITT COLLEGE                         ,CA,94619-3196,Public       ,238,859,1097,885,1875,2760
00126800,PORTERVILLE COLLEGE                     ,CA,93257-6059,Public       ,357,649,1006,1306,1547,2853
00126900,RIO HONDO COLLEGE                       ,CA,90601-1699,Public       ,1083,1506,2589,5205,3718,8923
00127000,RIVERSIDE COMMUNITY COLLEGE             ,CA,92506-1299,Public       ,3197,5294,8491,11852,12469,24321
00127200,SAN BERNARDINO VALLEY COLLEGE           ,CA,92410-2798,Public       ,1039,2515,3554,3707,5692,9399
00127300,SAN DIEGO CITY COLLEGE                  ,CA,92101-4787,Public       ,1010,2691,3701,4049,6112,10161
00127500,SAN DIEGO MESA COLLEGE                  ,CA,92111-4996,Public       ,1102,1976,3078,4571,4693,9264
00127800,SAN FRANCISCO CONSERVATORY OF MUSIC     ,CA,94122-4498,Private      ,38,60,98,297,348,645
00127900,SAN FRANCISCO THEOLOGICAL SEMINARY      ,CA,94960-0000,Private      ,0,40,40,1,73,74
00128000,SAN JOAQUIN DELTA COLLEGE               ,CA,95207-6370,Public       ,1138,2451,3589,5997,6427,12424
00128100,WILLIAM JESSUP UNIVERSITY               ,CA,95765-3707,Private      ,72,69,141,479,223,702
00128200,SAN JOSE CITY COLLEGE                   ,CA,95128-2797,Public       ,566,1422,1988,2195,3018,5213
00128400,SANTA ANA COLLEGE                       ,CA,92706-3398,Public       ,756,1219,1975,3816,3154,6970
00128500,SANTA BARBARA CITY COLLEGE              ,CA,93109-2394,Public       ,988,1076,2064,4160,2545,6705
00128600,SANTA MONICA COLLEGE                    ,CA,90405-1644,Public       ,1991,2049,4040,9482,5216,14698
00128700,SANTA ROSA JUNIOR COLLEGE               ,CA,95401-4395,Public       ,679,1438,2117,3300,3736,7036
00128800,CLAREMONT SCHOOL OF THEOLOGY            ,CA,91711-0000,Private      ,1,56,57,4,166,170
00128900,SHASTA COLLEGE                          ,CA,96049-7692,Public       ,558,1557,2115,2721,3365,6086
00129000,SIERRA COLLEGE                          ,CA,95677-3397,Public       ,1021,1831,2852,4357,4675,9032
00129100,SIMPSON UNIVERSITY                      ,CA,96003-8606,Private      ,116,176,292,979,644,1623
00129200,SOLANO COMMUNITY COLLEGE                ,CA,94534-3197,Public       ,468,1204,1672,2023,3264,5287
00129300,VANGUARD UNIVERSITY OF SOUTHERN CA      ,CA,92626-6597,Private      ,220,202,422,1589,572,2161
00129400,SOUTHWESTERN COLLEGE                    ,CA,91910-7299,Public       ,1298,1565,2863,5656,3759,9415
00129500,SOUTHWESTERN LAW SCHOOL                 ,CA,90010-1106,Private      ,3,466,469,16,2562,2578
00129600,DOMINICAN SCH PHILOSOPHY & THEOLOGY     ,CA,94709-0000,Private      ,1,6,7,2,28,30
00129900,ST JOHN'S SEMINARY COLLEGE              ,CA,93010-0000,Private      ,0,0,0,0,1,1
00130200,SAINT MARY'S COLLEGE OF CALIFORNIA      ,CA,94556-2744,Private      ,176,342,518,3506,1043,4549
00130500,STANFORD UNIVERSITY                     ,CA,94305-6106,Private      ,1404,484,1888,19985,3140,23125
00130501,STANFORD UNIVERSITY - GRADUATE SCHOOL OF,CA,94305-5301,Private      ,8,167,175,113,579,692
00130502,STANFORD UNIVERSITY - GRADUATE SCHOOL OF,CA,94305-5015,Private      ,3,284,287,45,967,1012
00130503,STANFORD UNIVERSITY - STANFORD LAW SCHOO,CA,94305-3096,Private      ,1,260,261,32,2203,2235
00130700,FRESNO CITY COLLEGE                     ,CA,93741-0002,Public       ,2578,4881,7459,10960,10363,21323
00130800,REEDLEY COLLEGE                         ,CA,93654-2099,Public       ,1127,1506,2633,4104,3262,7366
00130900,TAFT COLLEGE                            ,CA,93268-2317,Public       ,199,320,519,573,670,1243
00131200,UNIVERSITY OF CALIFORNIA-BERKELEY       ,CA,94720-1520,Public       ,1488,2334,3822,45039,17188,62227
00131300,UNIVERSITY OF CALIFORNIA-DAVIS          ,CA,95616-8558,Public       ,1246,1464,2710,42856,12484,55340
00131400,UNIVERSITY OF CALIFORNIA-IRVINE         ,CA,92697-2825,Public       ,784,1123,1907,44942,11263,56205
00131500,UNIVERSITY OF CALIFORNIA (UCLA)         ,CA,90095-9000,Public       ,1653,3384,5037,54873,22430,77303
00131502,UNIV OF CALIFORNIA LOS ANG SCH MED      ,CA,90095-0000,Public       ,8,78,86,154,856,1010
00131503,UNIV OF CALIFORNIA LOS ANG DENTAL       ,CA,90095-0000,Public       ,0,30,30,17,113,130
00131600,UNIVERSITY OF CALIFORNIA-RIVERSIDE      ,CA,92521-0209,Public       ,833,1011,1844,28019,5462,33481
00131700,UNIVERSITY OF CALIFORNIA-SAN DIEGO      ,CA,92093-0013,Public       ,826,1007,1833,41301,7928,49229
00131900,UNIVERSITY OF CALIFORNIA-SFRANCISCO     ,CA,94143-0246,Public       ,42,396,438,520,3121,3641
00132000,UNIVERSITY OF CALIFORNIA-SANTA BARB     ,CA,93106-3180,Public       ,1042,566,1608,40133,6022,46155
00132100,UNIVERSITY OF CALIFORNIA-SANTA CRUZ     ,CA,95064-0001,Public       ,639,368,1007,26293,3686,29979
00132200,UNIVERSITY OF REDLANDS                  ,CA,92373-0999,Private      ,291,520,811,3686,1486,5172
00132500,UNIVERSITY OF SAN FRANCISCO             ,CA,94117-1080,Private      ,352,1249,1601,7447,6008,13455
00132600,SANTA CLARA UNIVERSITY                  ,CA,95053-4956,Private      ,422,746,1168,7948,4320,12268
00132800,UNIVERSITY OF SOUTHERN CALIFORNIA       ,CA,90089-0914,Private      ,975,3938,4913,27975,19557,47532
00132900,UNIVERSITY OF THE PACIFIC               ,CA,95211-0197,Private      ,362,424,786,9231,2646,11877
00132901,UNIVERSITY OF THE PACIFIC - MCGEORGE SCH,CA,95817-2799,Private      ,0,225,225,12,2271,2283
00132902,UNIV OF THE PACIFIC SCH OF DENT         ,CA,94115-0000,Private      ,2,143,145,23,515,538
00133400,VENTURA COLLEGE                         ,CA,93003-3899,Public       ,1004,1116,2120,3291,2368,5659
00133500,VICTOR VALLEY COLLEGE                   ,CA,92395-5849,Public       ,987,2283,3270,3020,4971,7991
00133800,WEST VALLEY COLLEGE                     ,CA,95070-5697,Public       ,391,691,1082,1372,1438,2810
00134100,WESTMONT COLLEGE                        ,CA,93108-1099,Private      ,132,11,143,1990,65,2055
00134200,WHITTIER COLLEGE                        ,CA,90601-4413,Private      ,238,65,303,2348,248,2596
00134201,WHITTIER COLLEGE - COLLEGE OF LAW       ,CA,92626-1501,Private      ,1,354,355,9,1411,1420
00134300,WOODBURY UNIVERSITY                     ,CA,91510-7846,Private      ,101,193,294,966,644,1610
00134400,YUBA COLLEGE                            ,CA,95901-7699,Public       ,688,1595,2283,2562,3694,6256
00177212,TRINITY INTERNATIONAL UNIV-CA           ,CA,92705-0000,Private      ,0,31,31,3,109,112
00274100,AMERICAN JEWISH UNIVERSITY              ,CA,90077-1599,Private      ,14,31,45,68,133,201
00301002,ANTIOCH UNIV/LOS ANGELES                ,CA,90230-7615,Private      ,5,302,307,28,716,744
00301003,ANTIOCH  UNIV/SANTA BARBARA             ,CA,93101-0000,Private      ,22,155,177,364,349,713
00369110,MONTEREY INST OF INTERNATL STUDIES      ,CA,93940-2691,Private      ,3,206,209,23,830,853
00394700,UC-HASTINGS COLLEGE OF THE LAW          ,CA,94102-0000,Public       ,2,150,152,15,4208,4223
00394800,SAN FRANCISCO ART INSTITUTE             ,CA,94133-2299,Private      ,136,171,307,1066,749,1815
00405500,HEBREW UNION COLLEGE - JEWISH INSTITUTE ,CA,90007-3796,Private      ,0,42,42,1,81,82
00408000,STARR KING SCHOOL FOR THE MINISTRY      ,CA,94709-1299,Private      ,0,22,22,0,64,64
00448000,DE ANZA COLLEGE                         ,CA,95014-5793,Public       ,966,1160,2126,4432,2943,7375
00448100,OHLONE COLLEGE                          ,CA,94539-5847,Public       ,466,629,1095,1723,1399,3122
00448101,OHLONE COLLEGE - NEWARK CENTER FOR HEALT,CA,94560-4902,Public       ,22,42,64,28,51,79
00448400,JOHN F. KENNEDY UNIVERSITY              ,CA,94523-4817,Private      ,3,410,413,14,1267,1281
00449000,PATTEN UNIVERSITY                       ,CA,94601-2699,Private      ,62,134,196,152,273,425
00449400,EVEREST COLLEGE                         ,CA,92408-3752,Proprietary  ,114,372,486,201,553,754
00450200,CITY COLLEGE OF SAN FRANCISCO           ,CA,94112-0000,Public       ,1409,2894,4303,5679,6748,12427
00563800,DOWNEY ADULT SCHOOL                     ,CA,90241-5610,Public       ,9,19,28,30,46,76
00565500,HACIENDA LA PUENTE ADULT EDUC CTR       ,CA,91746-0000,Public       ,11,109,120,49,210,259
00616500,LA CNTY CLG OF NURSING & ALLD HLTH      ,CA,90033-1018,Public       ,11,86,97,69,273,342
00672000,COLLEGE OF ALAMEDA                      ,CA,94501-2109,Public       ,231,554,785,1045,1261,2306
00673100,CASA LOMA COLLEGE                       ,CA,91405-4523,Private      ,42,187,229,86,300,386
00686300,VENTURA COUNTY CMTY CLG DISTRICT        ,CA,93010-8552,Public       ,4,5,9,20,13,33
00697300,CANADA COLLEGE                          ,CA,94061-1099,Public       ,118,311,429,438,716,1154
00697500,LINCOLN UNIVERSITY                      ,CA,94612-2801,Private      ,2,34,36,6,52,58
00701200,SAMUEL MERRITT COLLEGE                  ,CA,94609-3108,Private      ,42,361,403,255,1849,2104
00704700,LOS ANGELES SOUTHWEST COLLEGE           ,CA,90047-4810,Public       ,416,1440,1856,1525,3285,4810
00705000,BAY VISTA COLLEGE OF BEAUTY             ,CA,91950-3616,Proprietary  ,22,40,62,30,48,78
00711500,MOORPARK COLLEGE                        ,CA,93021-1695,Public       ,552,646,1198,2253,1582,3835
00713000,NEWBERRY SCHOOLS OF BEAUTY              ,CA,91344-7404,Proprietary  ,14,24,38,20,33,53
00714200,LYLE'S COLLEGE OF BEAUTY                ,CA,93710-3948,Proprietary  ,31,54,85,55,68,123
00714201,LYLE'S CLG OF BTY BAKERSFIELD           ,CA,93301-0000,Proprietary  ,3,13,16,33,41,74
00716400,BRYAN COLLEGE                           ,CA,90057-0000,Proprietary  ,22,284,306,86,545,631
00717801,WESTERN SEMINARY - BAY AREA CENTER      ,CA,95032-0000,Private      ,0,11,11,2,23,25
00717804,WESTERN SEMINARY - SACRAMENTO           ,CA,95821-3939,Private      ,0,9,9,7,31,38
00718700,NORTH ADRIAN'S COLLEGE OF BEAUTY        ,CA,95350-2381,Proprietary  ,20,48,68,52,77,129
00719000,WYOTECH                                 ,CA,94539-7663,Proprietary  ,205,534,739,370,835,1205
00719001,WYOTECH - SIERRA CAMPUS                 ,CA,94621-4523,Proprietary  ,4,5,9,25,12,37
00720300,SALON SUCCESS ACADEMY                   ,CA,91786-4060,Proprietary  ,14,38,52,28,53,81
00720400,MODERN BEAUTY ACADEMY                   ,CA,93030-7016,Proprietary  ,7,20,27,10,27,37
00722900,WESTERN BEAUTY INSTITUTE                ,CA,91402-3104,Proprietary  ,64,211,275,79,253,332
00723400,HEALD COLLEGE                           ,CA,94105-2206,Proprietary  ,116,366,482,316,934,1250
00723600,ART INST OF CALIFORNIA-LOS ANGELES      ,CA,90405-3035,Proprietary  ,870,852,1722,4333,3130,7463
00725300,FEDERICO BEAUTY INSTITUTE               ,CA,95834-1905,Proprietary  ,39,71,110,111,123,234
00729600,COLEMAN COLLEGE                         ,CA,92123-0000,Private      ,26,176,202,96,376,472
00746501,AMERICAN ACADEMY OF DRAMATIC ARTS - HOLL,CA,90028-7504,Private      ,35,22,57,174,82,256
00747600,MARINELLO SCHOOLS OF BEAUTY             ,CA,90023-2666,Proprietary  ,248,654,902,317,904,1221
00747602,MARINELLO SCHOOLS OF BEAUTY - SPA ACADEM,CA,90048-5101,Proprietary  ,5,12,17,28,27,55
00747603,MARINELLO SCHOOLS OF BEAUTY - INGLEWOOD ,CA,90301-2306,Proprietary  ,0,6,6,10,10,20
00747604,MARINELLO SCHOOLS OF BEAUTY - RESEDA    ,CA,91335-4218,Proprietary  ,2,5,7,7,12,19
00747605,MARINELLO SCHOOLS OF BEAUTY - NORTH HOLL,CA,91606-3210,Proprietary  ,0,2,2,9,9,18
00747606,MARINELLO SCHOOLS OF BEAUTY - WEST COVIN,CA,91790-2805,Proprietary  ,1,1,2,7,5,12
00747607,MARINELLO SCHOOLS OF BEAUTY - SAN BERNAR,CA,92410-3261,Proprietary  ,6,10,16,24,19,43
00747608,MARINELLO SCHOOLS OF BEAUTY - ONTARIO   ,CA,91762-2113,Proprietary  ,4,13,17,36,25,61
00747609,MARINELLO SCHOOLS OF BEAUTY - WHITTIER  ,CA,90601-4107,Proprietary  ,4,7,11,19,16,35
00747611,MARINELLO SCHOOLS OF BEAUTY - SAN DIEGO ,CA,92126-4217,Proprietary  ,7,16,23,32,37,69
00747700,"HEALD COLLEGE,SCHOOLS OF BUS & TECH     ",CA,95670-6005,Proprietary  ,96,371,467,261,871,1132
00753100,ACADEMY OF ART UNIVERSITY               ,CA,94105-3410,Proprietary  ,1403,2885,4288,5000,6952,11952
00753600,COSUMNES RIVER COLLEGE                  ,CA,95823-5799,Public       ,869,1666,2535,3933,3961,7894
00754802,WESTWOOD COLLEGE OF TECHNOLOGY          ,CA,92801-0000,Proprietary  ,199,130,329,901,436,1337
00754803,WESTWOOD COLLEGE OF TECHNOLOGY          ,CA,91786-0000,Proprietary  ,228,221,449,860,664,1524
00760600,EVEREST COLLEGE                         ,CA,90010-2221,Proprietary  ,109,226,335,168,264,432
00760700,CONCORDE CAREER INSTITUTE               ,CA,91606-3134,Proprietary  ,110,202,312,205,341,546
00770700,COLUMBIA COLLEGE                        ,CA,95370-8580,Public       ,132,201,333,621,649,1270
00771300,SKYLINE COLLEGE                         ,CA,94066-1698,Public       ,423,632,1055,1521,1330,2851
00793000,CONCORDE CAREER INSTITUTE               ,CA,92108-0000,Proprietary  ,72,286,358,144,518,662
00799300,CALIF STATE UNIV BAKERSFIELD            ,CA,93311-1022,Public       ,460,1092,1552,5315,4399,9714
00807100,CONCORDE CAREER INSTITUTE               ,CA,92840-9201,Proprietary  ,90,258,348,166,462,628
00807300,BUTTE COMMUNITY COLLEGE                 ,CA,95965-0000,Public       ,1043,1926,2969,3950,4369,8319
00809000,EVEREST COLLEGE                         ,CA,91803-1310,Proprietary  ,82,184,266,149,326,475
00809300,HEALD COLLEGE                           ,CA,93704-1706,Proprietary  ,210,509,719,589,1246,1835
00853200,HEALD COLLEGE                           ,CA,94545-2352,Proprietary  ,206,505,711,497,1246,1743
00853700,CONCORDE CAREER INSTITUTE               ,CA,92401-0000,Proprietary  ,117,340,457,229,634,863
00859600,WEST LOS ANGELES COLLEGE                ,CA,90230-3500,Public       ,382,994,1376,1540,2790,4330
00859700,FEATHER RIVER COLLEGE                   ,CA,95971-9124,Public       ,166,150,316,500,314,814
00884400,CALIFORNIA CHRISTIAN COLLEGE            ,CA,93703-3599,Private      ,1,9,10,34,25,59
00884600,WRIGHT INSTITUTE                        ,CA,94704-0000,Private      ,0,195,195,0,422,422
00890300,COLLEGE OF THE CANYONS                  ,CA,91355-1899,Public       ,612,776,1388,2468,1805,4273
00891800,SADDLEBACK COLLEGE                      ,CA,92692-3699,Public       ,522,872,1394,1943,2041,3984
00902200,ASSOCIATED TECHNICAL COLLEGE            ,CA,90017-0000,Proprietary  ,57,217,274,64,231,295
00903200,EMPIRE COLLEGE                          ,CA,95403-2122,Proprietary  ,35,142,177,59,210,269
00915706,WYOMING TECHNICAL INSTITUTE - WEST SACRA,CA,95605-1507,Proprietary  ,287,395,682,486,604,1090
00927200,CRAFTON HILLS COLLEGE                   ,CA,92399-1799,Public       ,408,794,1202,1682,1712,3394
00932500,ABRAM FRIEDMAN OCCUP CTR                ,CA,90015-3507,Public       ,6,17,23,31,42,73
00950900,SKILLS & BUSINESS EDUCATION CENTER      ,CA,95824-1529,Public       ,54,381,435,118,663,781
00974800,WESTERN CAREER COLLEGE                  ,CA,95826-3203,Proprietary  ,99,373,472,323,826,1149
00974801,WESTERN CAREER COLLEGE - SAN LEANDRO CAM,CA,94578-3711,Proprietary  ,111,276,387,208,527,735
00974802,WESTERN CAREER COLLEGE - PLEASANT HILL C,CA,94523-1984,Proprietary  ,61,167,228,112,351,463
00974803,WESTERN CAREER COLLEGE - STOCKTON       ,CA,95207-5509,Proprietary  ,76,131,207,212,331,543
00974804,WESTERN CAREER COLLEGE - CITRUS HEIGHTS ,CA,95621-5577,Proprietary  ,96,311,407,164,502,666
00974806,WESTERN CAREER COLLEGE -  ANTIOCH/WALNUT,CA,94531-1604,Proprietary  ,57,168,225,133,361,494
00974807,WESTERN CAREER COLLEGE - SAN JOSE       ,CA,95119-1325,Proprietary  ,149,312,461,376,838,1214
00974808,WESTERN CAREER COLLEGE - EMERYVILLE     ,CA,94608-3006,Proprietary  ,52,146,198,87,258,345
00974810,WESTERN CAREER COLLEGE - CONCORD        ,CA,94520-5671,Proprietary  ,1,9,10,20,25,45
00998900,SANTA BARBARA BUSINESS COLLEGE          ,CA,93111-0000,Proprietary  ,25,133,158,105,315,420
01011100,CERRO-COSO COMMUNITY COLLEGE            ,CA,93555-9571,Public       ,112,442,554,331,861,1192
01014225,TOURO CLG OSEOPATHIC MEDICINE           ,CA,94592-1115,Private      ,1,123,124,13,643,656
01014900,PEPPERDINE UNIVERSITY                   ,CA,90263-0000,Private      ,463,1609,2072,5732,5647,11379
01033300,JESUIT SCHOOL OF THEOLOGY - BERKELEY    ,CA,94709-1193,Private      ,0,2,2,1,48,49
01034000,LOS MEDANOS COLLEGE                     ,CA,94565-5197,Public       ,487,933,1420,1561,2140,3701
01036500,CHARLES R DREW UNIV OF MED & SCI        ,CA,90059-0000,Private      ,5,80,85,50,377,427
01036800,MENNONITE BRETHREN BIBLICAL SEM         ,CA,93727-0000,Private      ,0,27,27,1,45,46
01037500,HARBOR OCCUPATIONAL CENTER              ,CA,90731-0000,Public       ,6,11,17,22,26,48
01039500,UNIVERSITY OF SAN DIEGO                 ,CA,92110-2492,Private      ,480,746,1226,12433,3236,15669
01039501,UNIVERSITY OF SAN DIEGO - SCHOOL OF LAW ,CA,92110-2492,Private      ,12,424,436,84,3208,3292
01044100,PARDEE RAND GRADUATE SCHOOL             ,CA,90407-2138,Private      ,0,1,1,0,10,10
01047400,MARYMOUNT COLLEGE OF PALOS VERDES       ,CA,90275-0000,Private      ,59,9,68,505,53,558
01057900,WEST VALLEY OCCUPATIONAL CTR            ,CA,91367-0000,Public       ,11,35,46,58,82,140
01083200,WESTERN STATE UNIV COLLEGE OF LAW       ,CA,92831-3014,Proprietary  ,0,159,159,7,933,940
01085400,THOMAS JEFFERSON SCHOOL OF LAW          ,CA,92110-0000,Private      ,1,637,638,10,1929,1939
01102400,EVEREST COLLEGE                         ,CA,94103-2091,Proprietary  ,68,185,253,94,214,308
01110700,EVEREST  COLLEGE                        ,CA,92801-5231,Proprietary  ,109,342,451,151,399,550
01110900,EVEREST COLLEGE                         ,CA,91335-4631,Proprietary  ,140,313,453,173,353,526
01111200,FIDM-FASHION INSTITUTE OF DESIGN        ,CA,90015-1421,Proprietary  ,1173,563,1736,5091,1612,6703
01111700,ALLIANT INTERNATIONAL UNIVERSITY        ,CA,92131-1799,Private      ,16,460,476,68,2007,2075
01111705,ALLIANT INTERNATIONAL UNIVERSITY - LOS A,CA,91803-1360,Private      ,1,93,94,7,512,519
01111706,ALLIANT INTERNATIONAL UNIVERSITY - SAN F,CA,94133-1221,Private      ,1,117,118,7,546,553
01111707,ALLIANT INTERNATIONAL UNIVERSITY - FRESN,CA,93727-2014,Private      ,2,65,67,13,346,359
01112100,EVEREST COLLEGE                         ,CA,94541-4007,Proprietary  ,14,113,127,44,174,218
01112300,EVEREST COLLEGE                         ,CA,90247-4163,Proprietary  ,62,266,328,111,378,489
01146000,NATIONAL UNIVERSITY                     ,CA,92037-1011,Private      ,96,3517,3613,292,7816,8108
01162600,PRACTICAL SCHOOLS                       ,CA,92805-0000,Proprietary  ,44,122,166,344,620,964
01164900,LOYOLA MARYMOUNT UNIVERSITY             ,CA,90045-0000,Private      ,497,727,1224,9604,2532,12136
01164901,LOYOLA MARYMOUNT UNIVERSITY - LOYOLA LAW,CA,90015-0019,Private      ,4,392,396,30,3604,3634
01167200,MENDOCINO COMMUNITY COLLEGE             ,CA,95482-3000,Public       ,205,431,636,695,837,1532
01169600,NATIONAL POLYTECHNIC COLLEGE OF SCIENCE ,CA,90744-6399,Private      ,16,102,118,36,187,223
01170700,NORTH-WEST COLLEGE                      ,CA,91790-2097,Proprietary  ,62,150,212,107,209,316
01179200,FRANCISCAN SCHOOL OF THEOLOGY           ,CA,94709-0000,Private      ,0,14,14,1,32,33
01182000,SAN DIEGO MIRAMAR COLLEGE               ,CA,92126-0000,Public       ,390,905,1295,1794,2173,3967
01186500,CALIFORNIA HAIR DESIGN ACADEMY          ,CA,92115-0000,Proprietary  ,7,14,21,29,27,56
01186600,LU ROSS ACADEMY                         ,CA,93001-2927,Proprietary  ,2,8,10,2,13,15
01202600,JE BOUTIQUE COLLEGE OF BEAUTY           ,CA,92021-6247,Proprietary  ,9,23,32,17,32,49
01202700,GALEN COLLEGE OF CALIFORNIA             ,CA,93728-2381,Proprietary  ,11,32,43,23,49,72
01203100,SAN DIEGO CHRISTIAN COLLEGE             ,CA,92019-1157,Private      ,90,53,143,413,134,547
01206100,EVEREST COLLEGE                         ,CA,95128-3908,Proprietary  ,46,176,222,121,336,457
01215400,CALIFORNIA INSTITUTE OF INTEGRAL STUDIES,CA,94103-2557,Private      ,4,484,488,13,1220,1233
01215402,CALIFORNIA INSTITUTE OF INTEGRAL STUDIES,CA,94102-5403,Private      ,1,4,5,1,4,5
01231600,MANCHESTER BEAUTY COLLEGE               ,CA,93726-5306,Proprietary  ,27,83,110,57,121,178
01231700,TULARE BEAUTY COLLEGE                   ,CA,93274-3432,Proprietary  ,3,8,11,9,15,24
01244600,UNIVERSAL COLLEGE OF BEAUTY             ,CA,90044-0044,Proprietary  ,3,14,17,16,21,37
01245200,EVERGREEN VALLEY COLLEGE                ,CA,95135-1598,Public       ,762,1163,1925,2723,2425,5148
01255000,LOS ANGELES MISSION COLLEGE             ,CA,91342-3200,Public       ,460,746,1206,2143,2162,4305
01265000,MARINELLO SCHOOL OF BEAUTY              ,CA,91502-2828,Proprietary  ,40,76,116,53,115,168
01265100,MARINELLO SCHOOL OF BEAUTY              ,CA,91748-1674,Proprietary  ,7,33,40,11,39,50
01284200,OXNARD COLLEGE                          ,CA,93030-0000,Public       ,435,828,1263,1426,1644,3070
01287200,NORTH-WEST COLLEGE                      ,CA,91768-3199,Proprietary  ,34,107,141,71,212,283
01287300,WYOTECH                                 ,CA,90810-3800,Proprietary  ,228,538,766,477,947,1424
01287301,WYOTECH - EVEREST  COLLEGE              ,CA,90034-3158,Proprietary  ,64,241,305,91,276,367
01287302,WYOTECH - EVEREST  COLLEGE              ,CA,91746-3412,Proprietary  ,180,441,621,216,492,708
01290700,LAKE TAHOE COMMUNITY COLLEGE            ,CA,96150-4524,Public       ,86,145,231,327,313,640
01291100,MARINELLO SCHOOL OF BEAUTY              ,CA,92646-2552,Proprietary  ,16,31,47,32,55,87
01291200,MTI COLLEGE                             ,CA,95841-0000,Proprietary  ,80,251,331,285,819,1104
01294200,ROSEMEAD BEAUTY SCHOOL                  ,CA,91770-1639,Proprietary  ,17,53,70,19,55,74
01298400,PROFESSIONAL INSTITUTE OF BEAUTY        ,CA,91731-2613,Proprietary  ,1,36,37,5,36,41
01298500,HAIR CALIFORNIA BEAUTY ACADEMY          ,CA,92867-7127,Proprietary  ,2,6,8,5,14,19
01298900,OCEANSIDE COLLEGE OF BEAUTY             ,CA,92054-5393,Proprietary  ,10,25,35,25,38,63
01301000,LANCASTER BEAUTY SCHOOL                 ,CA,93534-3098,Proprietary  ,24,47,71,36,58,94
01307400,AMERICAN BEAUTY COLLEGE                 ,CA,90706-5417,Proprietary  ,3,14,17,14,16,30
01309500,SALON SUCCESS ACADEMY                   ,CA,92879-6561,Proprietary  ,23,27,50,46,44,90
01310300,CALIFORNIA WESTERN SCHOOL OF LAW        ,CA,92101-0000,Private      ,5,457,462,20,2167,2187
01324000,LYTLE'S REDWOOD EMPIRE BEAUTY CLG       ,CA,95403-0000,Proprietary  ,27,54,81,57,78,135
02054900,MARINELLO SCHOOL OF BEAUTY              ,CA,92630-0000,Proprietary  ,14,27,41,17,32,49
02059800,PARIS BEAUTY COLLEGE                    ,CA,94520-2611,Proprietary  ,8,29,37,24,55,79
02063500,COASTLINE COMMUNITY COLLEGE             ,CA,92708-0000,Public       ,148,953,1101,657,2149,2806
02064300,SIERRA COLLEGE OF BEAUTY                ,CA,95340-0000,Proprietary  ,5,16,21,25,33,58
02065500,BROOKS COLLEGE                          ,CA,90804-3289,Proprietary  ,0,0,0,28,11,39
02065700,CALIFORNIA BEAUTY COLLEGE               ,CA,95354-0000,Proprietary  ,13,21,34,49,51,100
02070500,CONCORDIA UNIVERSITY                    ,CA,92612-0000,Private      ,226,414,640,1834,889,2723
02075800,SOUTHERN CA INST OF ARCHITECTURE        ,CA,90013-0000,Private      ,15,104,119,127,542,669
02086400,MARINELLO SCHOOL OF BEAUTY              ,CA,95050-0000,Proprietary  ,43,137,180,49,144,193
02091200,ELEGANCE INTERNATIONAL                  ,CA,90028-0000,Proprietary  ,19,48,67,47,84,131
02091700,KAPLAN COLLEGE                          ,CA,92123-1509,Proprietary  ,79,488,567,268,1145,1413
02096100,FIELDING INSTITUTE                      ,CA,93105-0000,Private      ,0,479,479,0,852,852
02099200,AMERICAN CONSERVATORY THEATER           ,CA,94108-0000,Private      ,4,12,16,20,143,163
02110200,COLUMBIA COLLEGE                        ,CA,91356-0000,Private      ,62,34,96,241,114,355
02110800,CALIFORNIA COLLEGE SAN DIEGO            ,CA,92108-3821,Proprietary  ,120,581,701,320,802,1122
02111300,CUYAMACA COLLEGE                        ,CA,92019-0000,Public       ,440,945,1385,1757,2075,3832
02113601,AMERICAN INTERCONTINENTAL UNIV - LOS ANG,CA,90066-7008,Proprietary  ,20,62,82,52,160,212
02119100,MISSION COLLEGE                         ,CA,95054-1897,Public       ,377,1024,1401,1477,2406,3883
02120600,SAYBROOK GRADUATE SCHOOL                ,CA,94111-1920,Private      ,0,354,354,3,585,588
02120700,SAN JOAQUIN VALLEY COLLEGE              ,CA,93291-0000,Proprietary  ,563,1427,1990,1506,3069,4575
02120900,ITT TECHNICAL INSTITUTE                 ,CA,95670-6034,Proprietary  ,169,532,701,334,809,1143
02125000,CAREER ACADEMY OF BEAUTY                ,CA,92845-0000,Proprietary  ,10,27,37,17,33,50
02128200,"VICTOR VALLEY BEAUTY COLLEGE, INC       ",CA,92392-0000,Proprietary  ,49,65,114,73,92,165
02128300,INSTITUTE FOR BUSINESS & TECHNOLOGY     ,CA,95050-0000,Proprietary  ,42,180,222,72,326,398
02128301,INSTITUTE FOR BUSINESS & TECHNOLOGY - NA,CA,95670-6351,Proprietary  ,14,89,103,29,128,157
02138300,PALO ALTO UNIVERSITY                    ,CA,94304-1337,Private      ,1,134,135,11,515,526
02147400,CLEVELAND CHIROPRACTIC COLLEGE          ,CA,90004-0000,Private      ,9,101,110,28,248,276
02161800,MUSICIANS INSTITUTE                     ,CA,90028-6157,Proprietary  ,400,345,745,1007,694,1701
02167800,ESTES INSTITUTE OF COSMETOLOGY          ,CA,93291-0000,Proprietary  ,14,19,33,53,38,91
02174600,MARINELLO SCHOOL OF BEAUTY              ,CA,90201-0000,Proprietary  ,4,45,49,12,47,59
02180600,BRIDGES  ACADEMY OF BEAUTY              ,CA,92311-2327,Proprietary  ,1,5,6,2,9,11
02184900,PALMER COLLEGE OF CHIROPRACTIC WEST     ,CA,95134-0000,Private      ,1,110,111,7,318,325
02185800,MOLER BARBER COLLEGE                    ,CA,94611-0000,Proprietary  ,6,15,21,11,25,36
02187500,"HEALD COLLEGE, SCH OF BUS & TECH        ",CA,94520-0000,Proprietary  ,187,397,584,471,1111,1582
02188400,SIERRA VALLEY COLLEGE OF COURT REPORTING,CA,93726-0000,Proprietary  ,18,56,74,38,122,160
02208600,MADERA BEAUTY COLLEGE                   ,CA,93637-3519,Proprietary  ,4,10,14,29,17,46
02211000,HAIRMASTERS UNIVERSITY OF BEAUTY        ,CA,92405-0000,Proprietary  ,8,21,29,19,33,52
02220000,COLLEEN O'HARA BEAUTY ACADEMY           ,CA,92701-0000,Proprietary  ,27,74,101,35,93,128
02220200,CALIFORNIA CULINARY ACADEMY             ,CA,94102-3336,Proprietary  ,185,303,488,533,578,1111
02221300,MARINELLO SCHOOL OF BEAUTY              ,CA,92553-0000,Proprietary  ,42,122,164,77,195,272
02222000,AMERICAN FILM INSTITUTE                 ,CA,90027-0000,Private      ,21,175,196,96,452,548
02226000,EAST LOS ANGELES COLLEGE                ,CA,91754-0000,Public       ,1382,1761,3143,6705,5118,11823
02228500,LIFE CHIROPRACTIC COLLEGE-WEST          ,CA,94545-0000,Private      ,1,241,242,6,375,381
02230900,FREDRICK & CHARLES BEAUTY COLLEGE       ,CA,95501-0000,Proprietary  ,17,30,47,30,47,77
02231900,GEMOLOGICAL INSTITUTE OF AMERICA        ,CA,92008-4698,Private      ,19,63,82,37,143,180
02234300,FASHION CAREERS OF CALIFORNIA           ,CA,92110-0000,Proprietary  ,15,27,42,97,83,180
02236400,"THANH LE COLG, SCH OF COSMETOLOGY       ",CA,92840-0000,Proprietary  ,1,4,5,2,6,8
02237200,PHILLIPS GRADUATE INSTITUTE             ,CA,91316-0000,Private      ,0,100,100,1,249,250
02241600,SAN DIEGO CONTINUING EDUCATION          ,CA,92113-0000,Public       ,9,142,151,40,215,255
02241800,AMERICAN CAREER COLLEGE                 ,CA,90004-0000,Proprietary  ,489,1244,1733,914,2149,3063
02242700,BERKELEY CITY COLLEGE                   ,CA,94704-0000,Public       ,265,592,857,1122,1426,2548
02250602,EVEREST COLLEGE                         ,CA,91761-8525,Proprietary  ,130,392,522,194,681,875
02255400,INTERNATIONAL SCHOOL OF COSMETOLOGY     ,CA,90250-0000,Proprietary  ,25,20,45,38,30,68
02255600,MARINELLO SCHOOL OF BEAUTY              ,CA,90723-0000,Proprietary  ,30,77,107,51,116,167
02258600,ALAMEDA BEAUTY COLLEGE                  ,CA,94501-0000,Proprietary  ,33,50,83,61,78,139
02262400,YESHIVA OHR ELCHONON CHABAD             ,CA,90046-0000,Private      ,0,0,0,24,2,26
02263101,ANTHEM COLLEGE - HIGH-TECH INSTITUTE - S,CA,95827-0000,Proprietary  ,7,27,34,59,67,126
02267600,INSTITUTE OF TRANSPERSONAL PSYCHLGY     ,CA,94303-4624,Private      ,0,165,165,1,334,335
02270600,LIFE PACIFIC COLLEGE                    ,CA,91773-0000,Private      ,92,56,148,231,122,353
02276800,WESTMINSTER SEMINARY CALIFORNIA         ,CA,92027-0000,Private      ,0,26,26,0,127,127
02277400,SOUTH COAST COLLEGE                     ,CA,92868-2616,Proprietary  ,28,110,138,78,296,374
02282300,ALHAMBRA BEAUTY COLLEGE                 ,CA,91802-0000,Proprietary  ,3,10,13,7,14,21
02285100,HILLTOP BEAUTY SCHOOL                   ,CA,94014-0000,Proprietary  ,11,74,85,15,95,110
02291500,ITT TECHNICAL INSTITUTE                 ,CA,91773-0000,Proprietary  ,173,382,555,399,744,1143
02291600,ITT TECHNICAL INSTITUTE                 ,CA,92123-0000,Proprietary  ,177,523,700,490,1145,1635
02298000,DESIGN INSTITUTE OF SAN DIEGO           ,CA,92121-0000,Proprietary  ,34,103,137,110,180,290
02304300,"PLATT COLLEGE, SAN DIEGO                ",CA,92115-0000,Proprietary  ,33,74,107,130,180,310
02306300,KAPLAN COLLEGE                          ,CA,95368-0000,Proprietary  ,121,241,362,357,707,1064
02306302,KAPLAN COLLEGE - FRESNO                 ,CA,93612-3802,Proprietary  ,66,147,213,222,461,683
02309500,CLOVIS ADULT EDUC                       ,CA,93611-0000,Public       ,10,88,98,23,169,192
02312400,LA COLLEGE INTERNATIONAL                ,CA,90010-0000,Proprietary  ,10,242,252,25,502,527
02321800,ITT TECHNICAL INSTITUTE                 ,CA,91342-3664,Proprietary  ,170,364,534,452,775,1227
02321900,ITT TECHNICAL INSTITUTE                 ,CA,92801-0000,Proprietary  ,142,383,525,310,660,970
02327600,ART INST OF CALIFORNIA-SAN DIEGO        ,CA,92108-4401,Proprietary  ,572,575,1147,2519,2075,4594
02330500,LAGUNA COLLEGE OF ART AND DESIGN        ,CA,92651-0000,Private      ,54,39,93,323,122,445
02332800,CENTER FOR EMPLOYMENT TRAINING          ,CA,95110-0000,Private      ,102,724,826,131,882,1013
02338500,GLENDALE CAREER COLLEGE                 ,CA,91201-0000,Proprietary  ,25,83,108,44,108,152
02338700,MARINELLO SCHOOL OF BEAUTY              ,CA,94103-0000,Proprietary  ,16,55,71,27,71,98
02342400,ACADEMY OF RADIO BROADCASTING           ,CA,92647-3809,Proprietary  ,12,42,54,27,64,91
02343400,"BELLUS ACADEMY, THE ACADEMY OF BEAUTY AN",CA,92064-4633,Proprietary  ,15,54,69,29,66,95
02345800,MONTEBELLO BEAUTY COLLEGE               ,CA,90640-0000,Proprietary  ,8,17,25,15,19,34
02351900,KAPLAN COLLEGE                          ,CA,95660-5512,Proprietary  ,55,237,292,175,651,826
02351901,KAPLAN COLLEGE - BAKERSFIELD            ,CA,93304-0000,Proprietary  ,84,247,331,295,716,1011
02358000,THOMAS AQUINAS COLLEGE                  ,CA,93060-9622,Private      ,26,5,31,324,21,345
02359300,SHASTA BIBLE COLLEGE                    ,CA,96002-0000,Private      ,5,16,21,34,39,73
02482700,WESTERN UNIVERSITY OF HEALTH S          ,CA,91766-1854,Private      ,13,461,474,79,4374,4453
02494800,LOLA BEAUTY COLLEGE                     ,CA,92641-0000,Proprietary  ,0,2,2,0,2,2
02497300,TRINITY COLLEGE                         ,CA,93277-8109,Proprietary  ,77,294,371,104,394,498
02500000,SAN JOAQUIN COLLEGE OF LAW              ,CA,93612-0000,Private      ,0,130,130,9,265,274
02518400,THE NATIONAL HISPANIC UNIVERSITY        ,CA,95127-0000,Private      ,39,100,139,261,272,533
02519800,AVANCE BEAUTY COLLEGE                   ,CA,92154-0000,Proprietary  ,6,11,17,22,21,43
02520200,CALIFORNIA CAREER SCHOOLS               ,CA,92805-0000,Proprietary  ,0,9,9,6,27,33
02520300,INTERIOR DESIGNERS INSTITUTE            ,CA,92660-0000,Proprietary  ,4,7,11,12,26,38
02520400,ADRIAN'S BEAUTY COLLEGE OF TURLOCK      ,CA,95382-0000,Proprietary  ,15,27,42,47,38,85
02537200,PALOMAR INSTITUTE OF COSMETOLOGY        ,CA,92069-0000,Proprietary  ,31,47,78,73,65,138
02539100,KAPLAN COLLEGE                          ,CA,91606-3231,Proprietary  ,97,280,377,322,926,1248
02539102,KAPLAN COLLEGE -  RIVERSIDE             ,CA,92507-4223,Proprietary  ,114,304,418,232,580,812
02539500,IRVINE VALLEY COLLEGE                   ,CA,92620-0000,Public       ,382,631,1013,1752,1442,3194
02542300,NATIONAL HOLISTIC INSTITUTE             ,CA,94608-0000,Proprietary  ,49,159,208,99,316,415
02543400,BROWNSON TECHNICAL SCHOOL               ,CA,92805-0000,Proprietary  ,4,44,48,5,52,57
02545900,HYPNOSIS MOTIVATION INSTITUTE           ,CA,91356-0000,Private      ,0,12,12,0,20,20
02546400,MTI BUSINESS COLLEGE INC                ,CA,95207-0000,Proprietary  ,4,39,43,8,54,62
02549000,KAPLAN COLLEGE                          ,CA,92083-7736,Proprietary  ,133,301,434,346,910,1256
02549005,KAPLAN COLLEGE -  PALM SPRINGS          ,CA,92262-7011,Proprietary  ,66,247,313,178,569,747
02553500,ASSOCIATED TECHNICAL COLLEGE            ,CA,92101-0000,Proprietary  ,27,104,131,40,128,168
02553600,DIVERSIFIED LANGUAGE INSTITUTE          ,CA,90017-0000,Proprietary  ,3,295,298,6,399,405
02559300,UNITED EDUCATION INSTITUTE              ,CA,90020-0000,Proprietary  ,872,2072,2944,1048,2595,3643
02559400,INTERCOAST COLLEGES                     ,CA,92868-1656,Proprietary  ,69,799,868,105,1188,1293
02565400,KAPLAN COLLEGE                          ,CA,95207-6216,Proprietary  ,69,181,250,198,460,658
02570300,LOS ANGELES ORT TECHNICAL INSTITUTE     ,CA,90048-0000,Private      ,39,230,269,76,330,406
02577900,SANTA BARBARA BUSINESS COLLEGE          ,CA,93309-1664,Proprietary  ,88,225,313,194,488,682
02578000,SANTA BARBARA BUSINESS COLLEGE          ,CA,93454-6943,Proprietary  ,31,122,153,75,259,334
02584200,NEWBRIDGE COLLEGE                       ,CA,92701-0000,Proprietary  ,57,202,259,89,357,446
02591600,NORTH-WEST COLLEGE                      ,CA,91101-1744,Proprietary  ,16,49,65,25,70,95
02593100,HEALD COLLEGE                           ,CA,95678-5303,Proprietary  ,88,328,416,269,988,1257
02593200,HEALD COLLEGE                           ,CA,95035-8008,Proprietary  ,167,515,682,348,1014,1362
02593300,HEALD COLLEGE                           ,CA,95210-5667,Proprietary  ,184,575,759,460,1282,1742
02595600,ASIAN AMERICAN INTERNATIONAL BTY CG     ,CA,92683-4043,Proprietary  ,2,11,13,5,12,17
02597300,SOUTH BAYLO UNIVERSITY                  ,CA,92801-1701,Private      ,0,58,58,1,87,88
02602300,CENTRAL COAST COLLEGE                   ,CA,93901-3301,Proprietary  ,24,65,89,59,87,146
02608900,PINNACLE COLLEGE                        ,CA,91803-8842,Proprietary  ,11,45,56,18,60,78
02608901,PINNACLE COLLEGE - SACRAMENTO           ,CA,95826-2581,Proprietary  ,18,29,47,34,42,76
02609000,EMPERORS COLG OF TRAD ORIENTAL MED      ,CA,90403-5609,Proprietary  ,1,54,55,4,80,84
02612800,LOS ANGELES RECORDING SCHOOL            ,CA,90028-3112,Proprietary  ,194,233,427,450,463,913
02619300,SAMRA UNIV OF ORIENTAL MEDICINE         ,CA,90015-1019,Private      ,0,16,16,1,36,37
03010611,VIRGINIA COLLEGE - GOLF ACADEMY OF AMERI,CA,92008-6512,Proprietary  ,42,113,155,74,190,264
03011300,"CALIF STATE UNIV, SAN MARCOS            ",CA,92096-0001,Public       ,740,1064,1804,8509,4129,12638
03019900,ADELANTE CAREER INSTITUTE               ,CA,91402-4924,Proprietary  ,0,2,2,2,9,11
03025600,DELL'ARTE SCH OF PHYSICAL THEATRE       ,CA,95525-0816,Private      ,0,13,13,4,28,32
03027700,PACIFIC COLLEGE OF ORIENTAL MED         ,CA,92108-4408,Proprietary  ,8,128,136,16,229,245
03029600,POMONA ADULT SCHOOL                     ,CA,91766-0000,Public       ,5,27,32,20,48,68
03031409,INTERNATIONAL ACADEMY OF DESIGN AND TECH,CA,95834-9664,Proprietary  ,100,177,277,248,386,634
03034000,HEALD COLLEGE                           ,CA,93906-5100,Proprietary  ,123,238,361,418,861,1279
03035700,LAS POSITAS COLLEGE                     ,CA,94551-6750,Public       ,393,584,977,1207,1109,2316
03039900,FREMONT COLLEGE                         ,CA,90703-5342,Proprietary  ,33,68,101,87,129,216
03043900,NEWSCHOOL OF ARCHITECTURE & DESIGN      ,CA,92101-6634,Proprietary  ,56,163,219,216,409,625
03044500,KAPLAN COLLEGE                          ,CA,91402-4222,Proprietary  ,27,96,123,68,217,285
03054100,ROYALE COLLEGE OF BEAUTY                ,CA,92590-2525,Proprietary  ,12,42,54,22,49,71
03062300,WESTECH COLLEGE                         ,CA,91764-4988,Proprietary  ,34,143,177,62,237,299
03062400,MT DIABLO ADULT EDUC LOMA VISTA CTR     ,CA,94518-1122,Public       ,6,52,58,32,86,118
03062700,PLATT COLLEGE                           ,CA,90041-0000,Proprietary  ,29,41,70,86,96,182
03062701,PLATT COLLEGE                           ,CA,91764-0000,Proprietary  ,56,122,178,140,209,349
03063400,MODERN TECHNOLOGY SCHOOL                ,CA,92708-9821,Proprietary  ,17,68,85,33,113,146
03067400,BALDWIN PARK ADULT SCHOOL               ,CA,91706-4897,Public       ,10,40,50,17,64,81
03067500,INSTITUTE OF TECHNOLOGY                 ,CA,93612-3217,Proprietary  ,234,888,1122,475,1576,2051
03069500,SAGE COLLEGE                            ,CA,92557-6720,Proprietary  ,32,135,167,68,270,338
03070400,ITT TECHNICAL INSTITUTE                 ,CA,92408-3519,Proprietary  ,204,415,619,608,1094,1702
03072300,EVEREST COLLEGE                         ,CA,91761-3222,Proprietary  ,124,332,456,184,425,609
03072700,WESTWOOD COLLEGE - LOS ANGELES          ,CA,90010-1577,Proprietary  ,605,3093,3698,1551,4032,5583
03074900,MARTINEZ ADULT CENTER                   ,CA,94553-3298,Public       ,0,20,20,2,28,30
03078200,AMERICAN CLG TRADITIONAL CHINESE MD     ,CA,94107-2813,Private      ,2,116,118,2,198,200
03084700,VENTURA ADULT\CONTINUING EDUCATION      ,CA,93003-7313,Public       ,11,73,84,20,82,102
03087400,ITT TECHNICAL INSTITUTE                 ,CA,90502-1356,Proprietary  ,271,807,1078,395,1029,1424
03094400,ELITE PROGRESSIVE SCHOOL OF COSM        ,CA,95841-2909,Proprietary  ,58,94,152,107,142,249
03097700,CENTRAL CALIF SCH CONTINUING EDUC       ,CA,93401-6739,Proprietary  ,11,72,83,28,98,126
03098200,YO SAN UNIV TRADITIONAL CHINESE MED     ,CA,90066-1103,Private      ,1,57,58,2,88,90
03108100,SUMMIT CAREER COLLEGE                   ,CA,92324-3956,Proprietary  ,81,388,469,152,555,707
03109500,DONGGUK ROYAL UNIVERSITY                ,CA,90020-1765,Private      ,0,20,20,1,31,32
03113300,MCED CAREER COLLEGE                     ,CA,93727-1620,Proprietary  ,15,79,94,27,171,198
03113600,SOUTHERN CALIFORNIA INST OF TECHNOL     ,CA,92805-3758,Proprietary  ,19,233,252,55,525,580
03116600,EAST SAN GABRIEL VLY REG OCCUP PROG     ,CA,91790-2105,Public       ,23,214,237,30,236,266
03125300,JOHN WESLEY INTER. BARBER & BTY CLG     ,CA,90813-4321,Proprietary  ,8,15,23,12,22,34
03125400,ART INSTITUTE OF CALIFORNIA-HOLLYWOOD (T,CA,90010-1014,Proprietary  ,377,403,780,1500,1134,2634
03125800,PREMIERE CAREER COLLEGE                 ,CA,91706-3746,Proprietary  ,35,133,168,40,143,183
03126800,PACIFICA GRADUATE INSTITUTE             ,CA,93013-0000,Proprietary  ,0,377,377,2,602,604
03128700,MT SIERRA COLLEGE                       ,CA,91016-3414,Proprietary  ,51,94,145,167,277,444
03131300,FIVE BRANCHES UNIVERSITY                ,CA,95062-4669,Private      ,3,145,148,12,237,249
03144400,AMERICAN CLG OF HEALTH PROFESSIONS      ,CA,92374-0000,Proprietary  ,0,6,6,7,12,19
03150500,VIRGINIA SEWING MACHINES & SCH CTR      ,CA,90015-3535,Proprietary  ,0,33,33,2,33,35
03162300,FOUR-D SUCCESS ACADEMY                  ,CA,92324-4218,Proprietary  ,54,251,305,93,432,525
03163300,PACIFIC STATES UNIVERSITY               ,CA,90006-4298,Private      ,2,11,13,17,33,50
03195400,EVEREST COLLEGE                         ,CA,90501-2867,Proprietary  ,16,48,64,32,67,99
03210300,LE CORDON BLEU COLLEGE OF CULINARY ARTS ,CA,91101-5221,Proprietary  ,346,723,1069,1021,1306,2327
03225300,AMERICAN UNIVERSITY OF HEALTH SCIENCES  ,CA,90755-3612,Proprietary  ,11,25,36,41,82,123
03242300,CAREER NETWORK INSTITUTE                ,CA,92868-4710,Proprietary  ,33,145,178,54,196,250
03250300,COMMUNITY BASED EDUCATION AND DEVEL     ,CA,90036-1137,Private      ,2,18,20,15,114,129
03260300,CALIFORNIA STATE U-MONTEREY BAY         ,CA,93955-8001,Public       ,384,496,880,6685,1875,8560
03266300,BETHESDA CHRISTIAN UNIVERSITY           ,CA,92801-4132,Private      ,0,3,3,6,6,12
03278300,CLARITA CAREER COLLEGE                  ,CA,91351-5432,Proprietary  ,128,372,500,181,590,771
03288300,ACAD CHINESE CULTURE & HEALTH SCIS      ,CA,94512-0000,Private      ,3,20,23,3,39,42
03299300,PACIFIC COLLEGE                         ,CA,92626-3160,Proprietary  ,19,173,192,38,247,285
03308300,KENSINGTON COLLEGE                      ,CA,92705-8708,Proprietary  ,0,16,16,3,19,22
03321300,SCRIPPS RESEARCH INSTITUTE (THE)        ,CA,92037-0000,Private      ,1,3,4,5,31,36
03327400,ACUPUNCTURE AND INTEGRATIVE MEDICINE COL,CA,94704-2724,Private      ,1,74,75,3,152,155
03332300,SOUTHERN CA BIBLE CLG & SEMINARY        ,CA,92019-1109,Private      ,1,33,34,3,90,93
03359300,ST. FRANCIS CAREER COLLEGE              ,CA,90262-2659,Private      ,36,88,124,87,226,313
03367300,PROFESSIONAL GOLFERS CAREER COLLEGE     ,CA,92591-6013,Proprietary  ,81,138,219,177,255,432
03394300,REMINGTON COLLEGE - SAN DIEGO CAMPUS    ,CA,92108-3002,Proprietary  ,134,246,380,209,366,575
03395300,INTERNATIONAL CAREER DEVELOPMENT        ,CA,90027-5794,Proprietary  ,266,623,889,368,866,1234
03399300,NORTHWESTERN TECHNICAL COLLEGE          ,CA,95670-4443,Proprietary  ,21,80,101,51,209,260
03403300,TRINITY LIFE BIBLE COLLEGE              ,CA,95842-3546,Private      ,11,34,45,50,161,211
03413400,ENGLISH CENTER  (THE)                   ,CA,94607-3734,Private      ,1,52,53,8,82,90
03427400,CAREER COLLEGES OF AMERICA              ,CA,90280-7420,Proprietary  ,138,731,869,217,1103,1320
03427500,ANTELOPE VALLEY MEDICAL COLLEGE         ,CA,93534-3324,Proprietary  ,78,215,293,171,401,572
03440400,MARIAN HEALTH CAREERS CENTER            ,CA,90010-1728,Proprietary  ,6,14,20,17,28,45
03441400,VALLEY CAREER COLLEGE                   ,CA,92020-3057,Proprietary  ,28,103,131,45,141,186
03455900,VALLECITOS CENTER FOR EMPLOYMENT TR     ,CA,94541-5027,Private      ,1,2,3,4,7,11
03458300,MY LE'S BEAUTY COLLEGE                  ,CA,95824-3039,Proprietary  ,14,51,65,33,68,101
03467300,MARINELLO SCHOOL OF BEAUTY              ,CA,92545-3661,Proprietary  ,43,131,174,62,155,217
03467301,CALIFORNIA BEAUTY COLLEGE - DESERT HOT S,CA,92240-1307,Proprietary  ,1,1,2,2,1,3
03474700,OPPORTUNITIES INDUSTRIALIZATION CEN     ,CA,94025-1413,Private      ,1,0,1,1,4,5
03479300,PROFESSIONAL CAREER INSTITUTE           ,CA,90703-2522,Proprietary  ,12,77,89,40,130,170
03485400,JAMES ALBERT SCHOOL OF COSMETOLOGY      ,CA,92627-3831,Proprietary  ,8,23,31,16,34,50
03485401,JAMES ALBERT SCHOOL OF COSMETOLOGY - ANA,CA,92804-5384,Proprietary  ,0,1,1,8,6,14
03516300,THE KING'S COLLEGE AND SEMINARY         ,CA,91405-2233,Private      ,6,69,75,18,133,151
03532400,ADVANCED TRAINING ASSOCIATES            ,CA,92020-1236,Proprietary  ,1,13,14,3,19,22
03542400,COPPER MOUNTAIN COLLEGE                 ,CA,92252-6102,Public       ,157,548,705,378,988,1366
03577300,COBA ACADEMY                            ,CA,92866-1407,Proprietary  ,6,10,16,10,16,26
03590400,NTMA TRAINING CENTERS OF SOUTHERN C     ,CA,90650-6099,Private      ,26,135,161,29,154,183
03592400,IRELL & MANELLA GRADUATE SCHOOL OF BIOLO,CA,91010-0000,Private      ,0,0,0,2,13,15
03598300,AVALON BEAUTY COLLEGE                   ,CA,93103-3137,Proprietary  ,10,18,28,33,29,62
03614300,UNITED BEAUTY COLLEGE                   ,CA,91733-0000,Proprietary  ,2,13,15,4,13,17
03621300,LIBERTY TRAINING INSTITUTE              ,CA,90057-3202,Proprietary  ,0,5,5,3,5,8
03639300,WEST COAST ULTRASOUND INSTITUTE         ,CA,90211-3312,Proprietary  ,93,437,530,132,591,723
03646300,DESIGN'S SCHOOL OF COSMETOLOGY          ,CA,93446-1471,Proprietary  ,11,32,43,19,51,70
03681300,CALIFORNIA HEALING ARTS COLLEGE         ,CA,90025-2589,Proprietary  ,2,22,24,17,37,54
03695300,COMMUNITY ENHANCEMENT SERVICES          ,CA,91205-2395,Private      ,1,4,5,3,5,8
03695700,SANTIAGO CANYON COLLEGE                 ,CA,92869-4512,Public       ,301,338,639,1245,805,2050
03696300,UNIVERSITY OF THE WEST                  ,CA,91770-3709,Private      ,1,20,21,4,39,43
03698300,WEST COAST UNIVERSITY                   ,CA,90004-0000,Proprietary  ,139,554,693,285,1091,1376
03698400,CA COLLEGE OF VOCATIONAL CAREER         ,CA,93301-1800,Proprietary  ,10,28,38,25,55,80
03736300,ADVANCE BEAUTY COLLEGE                  ,CA,92843-4752,Proprietary  ,6,84,90,9,88,97
03740400,ATI COLLEGE                             ,CA,90650-0000,Proprietary  ,8,61,69,14,104,118
03759300,COMPUTER TUTOR BUSINESS & TECH INST     ,CA,95356-0000,Proprietary  ,6,31,37,15,52,67
03786300,ADVANCED COLLEGE                        ,CA,90280-5255,Proprietary  ,21,119,140,27,168,195
03797400,CAREER CARE INSTITUTE                   ,CA,93534-4766,Proprietary  ,70,254,324,97,391,488
03797401,CAREER CARE INSTITUTE - VENTURA         ,CA,93003-0000,Proprietary  ,1,6,7,1,6,7
03806300,LAKE COLLEGE                            ,CA,96002-0926,Proprietary  ,0,2,2,9,62,71
03810300,SILICON VALLEY UNIVERSITY               ,CA,95131-1868,Private      ,3,14,17,12,33,45
03814400,SOKA UNIVERSITY OF AMERICA              ,CA,92656-8081,Private      ,14,6,20,452,40,492
03838400,WALTER JAY M.D. INSTITUTE AN EDUCATIONAL,CA,90057-0000,Proprietary  ,1,6,7,1,9,10
03852500,CIT COLLEGE OF INFOMEDICAL TECHNOLOGY   ,CA,92831-3703,Proprietary  ,5,93,98,19,171,190
03853300,KECK GRADUATE INSTITUTE OF APPLIED LIFE ,CA,91711-4817,Private      ,0,25,25,2,57,59
03853400,LADERA CAREER PATHS TRAINING CENTERS    ,CA,90045-1931,Proprietary  ,0,6,6,3,10,13
03868300,WORLD MISSION UNIVERSITY                ,CA,90020-1789,Private      ,0,24,24,1,36,37
03868400,LOS ANGELES MUSIC ACADEMY               ,CA,91105-2540,Proprietary  ,14,25,39,54,44,98
03871300,FOLSOM LAKE COLLEGE                     ,CA,95630-6798,Public       ,393,769,1162,1446,1653,3099
03874300,CAMBRIDGE JUNIOR COLLEGE                ,CA,95993-0000,Proprietary  ,23,35,58,46,73,119
03874400,COMMMUNITY CHRISTIAN COLLEGE            ,CA,92373-4465,Private      ,6,6,12,46,43,89
03889300,STANBRIDGE COLLEGE                      ,CA,92612-0000,Proprietary  ,35,152,187,54,244,298
03901300,PACIFIC COAST TRADE SCHOOL              ,CA,93033-2441,Proprietary  ,6,26,32,8,36,44
03910400,NATIONAL POLYTECHNIC COLLEGE            ,CA,90040-3066,Proprietary  ,19,81,100,23,100,123
03933300,MUELLER COLLEGE OF HOLISTIC STUDIES     ,CA,92116-2630,Proprietary  ,14,101,115,28,133,161
03933301,MUELLER COLLEGE OF HOLISTIC STUDIES -   ,CA,92120-3449,Proprietary  ,1,6,7,1,7,8
03935300,CALIFORNIA NURSES EDUCATIONAL INSTITUTE ,CA,92234-7248,Proprietary  ,4,23,27,4,23,27
03962300,AMERICAN INSTITUTE OF MASSAGE THERAPY   ,CA,92705-5463,Proprietary  ,4,16,20,21,23,44
03964400,INTERNATIONAL SCHOOL OF BEAUTY          ,CA,92260-2740,Proprietary  ,18,60,78,29,80,109
03969600,AMERICAN AUTO INSTITUTE                 ,CA,90703-2637,Proprietary  ,3,18,21,17,26,43
03971300,AMERICAN CAREER COLLEGE                 ,CA,91764-4906,Proprietary  ,182,491,673,323,791,1114
03973300,EX'PRESSION COLLEGE FOR DIGITAL ARTS    ,CA,94608-1021,Proprietary  ,116,146,262,451,457,908
03974500,CALIFORNIA CAREER COLLEGE               ,CA,91303-2006,Proprietary  ,9,36,45,15,52,67
03980300,CALIFORNIA STATE UNIVERSITY CHANNEL ISLA,CA,93012-8599,Public       ,265,371,636,3672,1606,5278
03995300,UNIVERSITY OF EAST-WEST MEDICINE        ,CA,94087-6106,Proprietary  ,2,21,23,6,34,40
03999300,BEAUMONT ADULT SCHOOL                   ,CA,92223-1927,Public       ,6,34,40,17,86,103
04001300,PALACE BEAUTY COLLEGE                   ,CA,90006-4233,Proprietary  ,4,15,19,13,21,34
04001400,MOJAVE BARBER COLLEGE                   ,CA,92395-3201,Proprietary  ,10,30,40,14,37,51
04003300,CSI CAREER COLLEGE                      ,CA,95687-3100,Proprietary  ,48,178,226,70,227,297
04004300,THUY PRINCESS BEAUTY COLLEGE            ,CA,91766-0000,Proprietary  ,1,15,16,7,16,23
04005300,INTERAMERICAN COLLEGE                   ,CA,91950-4437,Private      ,0,55,55,3,75,78
04014400,PALLADIUM TECHNICAL ACADEMY             ,CA,91731-2429,Proprietary  ,2,21,23,3,25,28
04023400,PROTEUS                                 ,CA,93291-3014,Private      ,0,1,1,4,3,7
04037300,LOS ANGELES FILM SCHOOL (THE)           ,CA,90028-7300,Proprietary  ,180,188,368,440,411,851
04049300,MAXINE WATERS EMPLOYMENT PREPARATION CEN,CA,90059-1023,Public       ,1,19,20,11,44,55
04056300,CAREER COLLEGE OF CALIFORNIA            ,CA,92705-5805,Proprietary  ,2,15,17,4,16,20
04057300,TECHSKILLS OF SACRAMENTO                ,CA,95815-4025,Proprietary  ,14,136,150,33,188,221
04071300,AMERICAN PACIFIC COLLEGE                ,CA,91405-6232,Proprietary  ,1,8,9,5,13,18
04076400,GNOMON SCHOOL OF VISUAL EFFECTS         ,CA,90038-2616,Proprietary  ,7,42,49,21,67,88
04092300,COASTLINE BEAUTY COLLEGE                ,CA,92708-3847,Proprietary  ,1,26,27,4,33,37
04092400,MAKE-UP DESIGNORY                       ,CA,91502-1322,Proprietary  ,86,96,182,156,155,311
04100400,TAFT UNIVERSITY SYSTEM (THE)            ,CA,92704-6954,Proprietary  ,0,110,110,2,173,175
04109300,ACADEMY OF BARBERING ARTS (THE)         ,CA,91324-3406,Proprietary  ,8,29,37,14,32,46
04111300,WEST HILLS COLLEGE LEMOORE              ,CA,93245-9248,Public       ,244,690,934,1072,1534,2606
04114500,VALLEY COLLEGE OF MEDICAL CAREERS       ,CA,91304-2354,Proprietary  ,17,63,80,29,99,128
04115300,COACHELLA VALLEY BEAUTY COLLEGE         ,CA,92253-2051,Proprietary  ,7,24,31,16,37,53
04115600,MAYFIELD COLLEGE                        ,CA,92234-7014,Proprietary  ,4,21,25,4,23,27
04116000,VIDEO SYMPHONY ENTERTRAINING            ,CA,91502-3253,Proprietary  ,18,102,120,46,175,221
04119200,CAREER COLLEGE CONSULTANTS              ,CA,90041-2088,Proprietary  ,1,1,2,2,2,4
04126400,CHAMPION INSTITUTE OF COSMETOLOGY       ,CA,92264-7458,Proprietary  ,4,17,21,6,22,28
04126500,COAST CAREER INSTITUTE                  ,CA,90015-3040,Proprietary  ,26,128,154,28,132,160
04127100,"UNIVERSITY OF CALIFORNIA, MERCED        ",CA,95343-5001,Public       ,167,101,268,7714,894,8608
04127800,HEALTHY HAIR ACADEMY                    ,CA,90303-3137,Proprietary  ,4,0,4,7,0,7
04127900,TUI UNIVERSITY                          ,CA,90630-5023,Proprietary  ,7,545,552,11,983,994
04129700,INTERNATIONAL POLYTECHNIC INSTITUTE     ,CA,92231-1737,Private      ,2,9,11,3,9,12
04132300,INSTITUTE OF MEDICAL EDUCATION          ,CA,95113-2207,Proprietary  ,32,218,250,56,345,401
04132400,ACADEMY OF ESTHETICS AND COSMETOLOGY    ,CA,91342-3373,Proprietary  ,1,7,8,10,13,23
04132700,INFOTECH CAREER COLLEGE                 ,CA,90706-5579,Proprietary  ,12,67,79,15,75,90
04133000,BIOHEALTH COLLEGE                       ,CA,95134-2033,Proprietary  ,2,46,48,4,58,62
04134500,CAREER COLLEGE OF SAN DIEGO             ,CA,92102-3348,Proprietary  ,11,96,107,24,142,166
04134700,INTERNATL PROFESSIONAL SCHL OF BODYWORK ,CA,92123-1520,Proprietary  ,9,41,50,18,69,87
04137200,BORNER'S BARBER COLLEGE                 ,CA,90047-3856,Proprietary  ,0,3,3,1,7,8
04138700,CAO INSTITUTE OF AESTHETICS (THE)       ,CA,91801-3903,Proprietary  ,4,17,21,10,22,32
04141300,SAN FRANCISCO INSTITUTE OF ESTHETICS    ,CA,94103-4083,Proprietary  ,26,44,70,49,72,121
04141400,LAURUS COLLEGE                          ,CA,93401-5405,Proprietary  ,11,27,38,16,36,52
04141700,HEALING HANDS SCHOOL OF HOLISTIC HEALTH ,CA,92025-1722,Proprietary  ,5,27,32,7,37,44
04144200,CAREER DEVELOPMENT INSTITUTE            ,CA,90035-4364,Proprietary  ,3,10,13,4,11,15
04146000,NATIONAL CAREER COLLEGE                 ,CA,91605-1400,Proprietary  ,1,1,2,1,1,2
04152800,CALIFORNIA ACADEMY (THE) - A PAUL MITCHE,CA,95825-2276,Proprietary  ,17,26,43,17,26,43
00184600,BRIAR CLIFF UNIVERSITY                  ,IA,51104-2100,Private      ,197,127,324,1061,312,1373
00184700,BUENA VISTA UNIVERSITY                  ,IA,50588-9987,Private      ,482,734,1216,1725,1279,3004
00184800,SOUTHEASTERN COMMUNITY COLLEGE          ,IA,52655-0000,Public       ,369,732,1101,818,1278,2096
00185000,CENTRAL COLLEGE                         ,IA,50219-1999,Private      ,415,51,466,2202,102,2304
00185200,CLARKE COLLEGE                          ,IA,52001-3198,Private      ,210,162,372,950,375,1325
00185400,COE COLLEGE                             ,IA,52402-5092,Private      ,232,52,284,1776,148,1924
00185500,DES MOINES UNIV-OSTEOPATHIC MED CTR     ,IA,50312-0000,Private      ,3,735,738,13,1556,1569
00185600,CORNELL COLLEGE                         ,IA,52314-1098,Private      ,204,17,221,1809,79,1888
00185700,SOUTHWESTERN COMMUNITY COLLEGE          ,IA,50801-1098,Public       ,187,272,459,468,442,910
00185800,DIVINE WORD COLLEGE                     ,IA,52045-0380,Private      ,3,3,6,4,3,7
00185900,DORDT COLLEGE                           ,IA,51250-1697,Private      ,317,28,345,1321,65,1386
00186000,DRAKE UNIVERSITY                        ,IA,50311-4505,Private      ,428,629,1057,4142,2017,6159
00186200,ELLSWORTH COMMUNITY COLLEGE             ,IA,50126-1199,Public       ,225,136,361,589,201,790
00186400,IOWA LAKES COMMUNITY COLLEGE            ,IA,51334-2234,Public       ,344,391,735,1070,740,1810
00186500,IOWA CENTRAL COMMUNITY COLLEGE          ,IA,50501-0000,Public       ,684,811,1495,1791,1305,3096
00186600,GRACELAND UNIVERSITY                    ,IA,50140-1699,Private      ,365,485,850,895,860,1755
00186700,GRAND VIEW UNIVERSITY                   ,IA,50316-1599,Private      ,504,426,930,1561,847,2408
00186800,GRINNELL COLLEGE                        ,IA,50112-1690,Private      ,150,6,156,2430,37,2467
00186900,IOWA STATE UNIV SCIENCE & TECHNOLOG     ,IA,50011-2028,Public       ,2442,1141,3583,18991,4455,23446
00187100,IOWA WESLEYAN COLLEGE                   ,IA,52641-1398,Private      ,281,189,470,840,362,1202
00187300,LORAS COLLEGE                           ,IA,52004-0178,Private      ,458,66,524,2225,131,2356
00187400,LUTHER COLLEGE                          ,IA,52101-1045,Private      ,419,21,440,3157,69,3226
00187500,MARSHALLTOWN COMMUNITY COLLEGE          ,IA,50158-4760,Public       ,183,278,461,495,513,1008
00187700,NORTH IOWA AREA COMMUNITY COLLEGE       ,IA,50401-7299,Public       ,441,400,841,1274,772,2046
00187900,MORNINGSIDE COLLEGE                     ,IA,51106-1751,Private      ,180,153,333,1483,351,1834
00188000,MOUNT MERCY COLLEGE                     ,IA,52402-4797,Private      ,244,306,550,938,598,1536
00188100,ASHFORD UNIVERSITY                      ,IA,52732-3997,Proprietary  ,668,16227,16895,1244,27539,28783
00188300,NORTHWESTERN COLLEGE                    ,IA,51041-1996,Private      ,361,38,399,1438,75,1513
00188700,SIMPSON COLLEGE                         ,IA,50125-1297,Private      ,494,195,689,2004,383,2387
00188900,ST AMBROSE UNIVERSITY                   ,IA,52803-2898,Private      ,610,444,1054,2470,898,3368
00189000,UNIVERSITY OF NORTHERN IOWA             ,IA,50614-0705,Public       ,2422,1035,3457,9428,2254,11682
00189100,UNIVERSITY OF DUBUQUE                   ,IA,52001-5099,Private      ,429,217,646,1589,445,2034
00189200,UNIVERSITY OF IOWA                      ,IA,52242-1316,Public       ,3369,2762,6131,15971,7881,23852
00189300,UPPER IOWA UNIVERSITY                   ,IA,52142-9206,Private      ,428,1549,1977,1079,2919,3998
00189500,WALDORF COLLEGE                         ,IA,50436-1700,Private      ,197,39,236,590,71,661
00189600,WARTBURG COLLEGE                        ,IA,50677-2200,Private      ,327,29,356,2397,90,2487
00189700,WARTBURG THEOLOGICAL SEMINARY           ,IA,52004-5004,Private      ,1,71,72,2,128,130
00190000,WILLIAM PENN UNIVERSITY                 ,IA,52577-1799,Private      ,444,536,980,950,997,1947
00396300,AIB COLLEGE OF BUSINESS                 ,IA,50321-1799,Private      ,154,155,309,590,464,1054
00407500,ESTRN IOWA COMMUNITY COLLEGE DIST       ,IA,52801-1221,Public       ,19,50,69,44,95,139
00407501,CLINTON COMMUNITY COLLEGE               ,IA,52732-0000,Public       ,143,210,353,282,358,640
00407502,MUSCATINE COMMUNITY COLLEGE             ,IA,52761-0000,Public       ,128,185,313,325,332,657
00407503,SCOTT COMMUNITY COLLEGE                 ,IA,52722-0000,Public       ,506,1035,1541,904,1681,2585
00407600,KIRKWOOD COMMUNITY COLLEGE              ,IA,52406-2068,Public       ,2452,2643,5095,5553,4366,9919
00423300,MERCY/ST. LUKE'S SCH RAD TECH           ,IA,52402-0000,Private      ,10,14,24,11,24,35
00458600,KAPLAN UNIVERSITY                       ,IA,52807-2095,Proprietary  ,2254,44497,46751,2928,60418,63346
00458604,KAPLAN UNIVERSITY - CEDAR RAPIDS        ,IA,52404-2998,Proprietary  ,81,536,617,132,935,1067
00458605,KAPLAN UNIVERSITY - DES MOINES          ,IA,50323-5702,Proprietary  ,160,647,807,259,1303,1562
00458606,KAPLAN UNIVERSITY - MASON CITY          ,IA,50401-4665,Proprietary  ,45,331,376,74,513,587
00458607,KAPLAN UNIVERSITY - CEDAR FALLS         ,IA,50613-6309,Proprietary  ,117,590,707,167,937,1104
00458610,KAPLAN UNIVERSITY - COUNCIL BLUFFS      ,IA,51503-5289,Proprietary  ,37,223,260,49,384,433
00458700,NORTHEAST IOWA COMMUNITY COLLEGE        ,IA,52132-0400,Public       ,256,349,605,553,588,1141
00458701,NORTHEAST IOWA COMMUNITY COLLEGE        ,IA,52068-0000,Public       ,419,506,925,828,897,1725
00459500,HAWKEYE COMMUNITY COLLEGE               ,IA,50701-0000,Public       ,1118,970,2088,2486,1622,4108
00459800,IOWA WESTERN CMTY CLG-COUNCIL BLUFF     ,IA,51502-0000,Public       ,952,884,1836,2152,1613,3765
00460000,NORTHWEST IOWA COMMUNITY COLLEGE        ,IA,51201-1046,Public       ,169,134,303,424,258,682
00626700,IOWA METHODIST MEDICAL CENTER SCHOOLS   ,IA,50309-1499,Private      ,4,12,16,22,24,46
00627300,MERCY COLLEGE OF HEALTH SCIENCES        ,IA,50309-1239,Private      ,147,354,501,340,590,930
00712000,DES MOINES AREA CMTY COLLEGE            ,IA,50021-0000,Public       ,1920,2894,4814,4659,5626,10285
00712100,FAITH BAPTIST BIBLE CLG & THEOL SEM     ,IA,50021-0000,Private      ,157,28,185,295,48,343
00729100,ST LUKE'S COLLEGE                       ,IA,51104-0263,Private      ,40,38,78,114,98,212
00731600,WESTERN IOWA TECH COMMUNITY COLLEGE     ,IA,51106-0000,Public       ,512,917,1429,1103,1651,2754
00758800,CAPRI COLLEGE                           ,IA,52004-0873,Proprietary  ,37,37,74,64,61,125
00761100,EQ SCHOOL OF HAIR DESIGN                ,IA,51503-0813,Proprietary  ,23,24,47,33,31,64
00765600,AMERICAN COLLEGE OF HARISTYLING -CR     ,IA,52402-0000,Proprietary  ,3,7,10,4,12,16
00765800,AMER COLL OF HAIRSTYLING-DES MOINES     ,IA,50309-5446,Proprietary  ,1,15,16,2,22,24
00765900,LA JAMES COLLEGE OF HAIRSTYLING         ,IA,50401-3308,Proprietary  ,28,42,70,43,46,89
00771700,CAPRI COLLEGE                           ,IA,52807-2622,Proprietary  ,35,52,87,49,67,116
00794100,COLLEGE OF HAIR DESIGN                  ,IA,50703-1834,Proprietary  ,5,18,23,14,23,37
00811600,DAYTON'S SCHOOL OF HAIR DESIGN          ,IA,52601-0000,Proprietary  ,3,8,11,5,13,18
00826000,IOWA SCHOOL OF BEAUTY INC               ,IA,50322-0000,Proprietary  ,19,52,71,29,64,93
00840300,INDIAN HILLS COMMUNITY COLLEGE          ,IA,52501-1398,Public       ,537,810,1347,1264,1415,2679
00840301,INDIAN HILLS COMMUNITY COLLEGE          ,IA,52544-0000,Public       ,79,109,188,180,190,370
00842400,LA JAMES INTERNATIONAL COLLEGE          ,IA,50501-5577,Proprietary  ,40,45,85,77,63,140
00959300,LA'JAMES COLLEGE OF HAIRSTYLING         ,IA,52240-0000,Proprietary  ,29,18,47,47,28,75
01111300,MAHARISHI UNIV OF MANAGEMENT            ,IA,52557-0001,Private      ,76,145,221,135,236,371
01206400,HAMILTON TECHNICAL COLLEGE              ,IA,52807-2653,Proprietary  ,43,96,139,62,144,206
01230000,PALMER COLLEGE OF CHIROPRACTIC          ,IA,52803-5287,Private      ,19,986,1005,48,2169,2217
01300600,LA' JAMES INTERNATIONAL COLLEGE-CF      ,IA,50613-5242,Proprietary  ,19,22,41,40,30,70
02090300,CAPRI COLLEGE                           ,IA,52404-0000,Proprietary  ,32,49,81,59,80,139
02134500,LA JAMES INTERNATIONAL COLLEGE - DAV    ,IA,52806-3952,Proprietary  ,16,19,35,33,45,78
02160900,"SALON PROFESSIONAL ACADEMY, THE         ",IA,50010-0000,Proprietary  ,44,21,65,87,37,124
02262500,FAUST INSTITUTE OF COSMETOLOGY          ,IA,50588-0000,Proprietary  ,3,16,19,10,18,28
02274100,LA' JAMES INTERNATIONAL COLLEGE - DM    ,IA,50131-0000,Proprietary  ,41,53,94,77,79,156
02289000,AMERICAN HAIR ACADEMY                   ,IA,52627-4530,Proprietary  ,3,7,10,6,16,22
02306900,IOWA SCHOOL OF BEAUTY                   ,IA,52501-0000,Proprietary  ,10,21,31,13,24,37
02328900,EMMAUS BIBLE COLLEGE                    ,IA,52001-0000,Private      ,85,19,104,193,30,223
02330900,IOWA SCHOOL OF BEAUTY                   ,IA,50158-0000,Proprietary  ,8,17,25,9,19,28
02333200,DAYTON'S SCHOOL OF HAIR DESIGN          ,IA,52632-0000,Proprietary  ,1,5,6,1,12,13
02609200,VATTEROTT COLLEGE                       ,IA,50321-4704,Proprietary  ,44,240,284,68,427,495
03069100,ALLEN COLLEGE                           ,IA,50703-1916,Private      ,67,112,179,298,271,569
03441300,IOWA SCHOOL OF BEAUTY                   ,IA,51106-5111,Proprietary  ,14,20,34,22,38,60
03607400,TOTAL LOOK SCHOOL OF COSMETOLOGY AND MAS,IA,52136-1053,Proprietary  ,1,4,5,2,5,7
03720300,CARLSON COLLEGE OF MASSAGE THERAPY      ,IA,52205-7519,Proprietary  ,3,8,11,8,15,23
04089300,BIO-CHI INSTITUTE OF MASSAGE THERAPY    ,IA,51103-2138,Proprietary  ,3,11,14,6,17,23
00259600,ATLANTIC COMMUNITY COLLEGE              ,NJ,08330-2699,Public       ,1861,1741,3602,2850,2550,5400
00259700,BLOOMFIELD COLLEGE                      ,NJ,07003-3425,Private      ,833,535,1368,2409,1009,3418
00259800,CALDWELL COLLEGE                        ,NJ,07006-6195,Private      ,368,329,697,1280,663,1943
00259900,CENTENARY COLLEGE                       ,NJ,07840-2184,Private      ,410,355,765,1411,698,2109
00260000,COLLEGE OF SAINT ELIZABETH              ,NJ,07960-6989,Private      ,237,254,491,710,448,1158
00260100,CUMBERLAND COUNTY COLLEGE               ,NJ,08362-0517,Public       ,1125,1236,2361,1632,1774,3406
00260300,DREW UNIVERSITY                         ,NJ,07940-4063,Private      ,391,176,567,3641,472,4113
00260700,FAIRLEIGH DICKINSON UNIV-TEANECK        ,NJ,07666-1996,Private      ,488,683,1171,2955,1465,4420
00260701,FAIRLEIGH DICKINSON UNIV-FLORHAM        ,NJ,07940-0000,Private      ,230,153,383,2253,405,2658
00260702,FAIRLEIGH DICKINSON UNIV-ED WMS CLG     ,NJ,07601-0000,Private      ,37,35,72,149,86,235
00260703,FAIRLEIGH DICKINSON UNIVERSITY          ,NJ,07940-0000,Private      ,246,245,491,1773,573,2346
00260800,GEORGIAN COURT UNIVERSITY               ,NJ,08701-2697,Private      ,541,662,1203,1288,1120,2408
00260900,ROWAN UNIVERSITY                        ,NJ,08028-1702,Public       ,3179,1464,4643,10671,2833,13504
00261000,FELICIAN COLLEGE                        ,NJ,07644-2198,Private      ,602,593,1195,1528,845,2373
00261300,NEW JERSEY CITY UNIVERSITY              ,NJ,07305-1597,Public       ,1886,2379,4265,3996,3704,7700
00261500,MIDDLESEX COUNTY COLLEGE                ,NJ,08818-3050,Public       ,2839,1900,4739,4621,2794,7415
00261600,MONMOUTH UNIVERSITY                     ,NJ,07764-1898,Private      ,1378,853,2231,6777,1716,8493
00261700,MONTCLAIR STATE UNIVERSITY              ,NJ,07043-9987,Public       ,3724,2270,5994,14320,4677,18997
00261900,NEW BRUNSWICK THEOLOGICAL SEMINARY      ,NJ,08901-0000,Private      ,5,67,72,20,89,109
00262100,NEW JERSEY INST OF TECHNOLOGY           ,NJ,07102-1982,Public       ,1400,968,2368,4722,1683,6405
00262200,KEAN UNIVERSITY                         ,NJ,07083-7131,Public       ,3373,2925,6298,9018,5301,14319
00262400,OCEAN COUNTY COLLEGE                    ,NJ,08754-2001,Public       ,2499,1396,3895,4053,2161,6214
00262500,WILLIAM PATERSON UNIVERSITY             ,NJ,07470-2152,Public       ,3002,1561,4563,8844,2934,11778
00262600,PRINCETON THEOLOGICAL SEMINARY          ,NJ,08542-0000,Private      ,1,253,254,12,631,643
00262700,PRINCETON UNIVERSITY                    ,NJ,08544-0001,Private      ,1412,142,1554,13768,1469,15237
00262800,RIDER UNIVERSITY                        ,NJ,08648-3099,Private      ,922,413,1335,6766,1228,7994
00262900,"RUTGERS, THE STATE UNIVERSITY OF NJ     ",NJ,08901-1281,Public       ,8095,5816,13911,38380,16337,54717
00263200,SETON HALL UNIVERSITY                   ,NJ,07079-2697,Private      ,1024,931,1955,9619,2793,12412
00263201,SETON HALL UNIVERSITY - SCHOOL OF LAW   ,NJ,07079-5210,Private      ,25,535,560,196,2235,2431
00263800,ST PETER'S COLLEGE                      ,NJ,07306-5997,Private      ,1045,432,1477,3249,726,3975
00263900,STEVENS INSTITUTE OF TECHNOLOGY         ,NJ,07030-5370,Private      ,612,196,808,3030,384,3414
00264200,COLLEGE OF NEW JERSEY (THE)             ,NJ,08628-0718,Public       ,1323,336,1659,9395,821,10216
00264300,UNION COUNTY COLLEGE                    ,NJ,07016-1598,Public       ,2058,2828,4886,3083,3952,7035
00473600,BERGEN COMMUNITY COLLEGE                ,NJ,07652-1595,Public       ,3254,1937,5191,5370,2833,8203
00474000,MERCER COUNTY COMMUNITY COLLEGE         ,NJ,08690-0000,Public       ,1349,1409,2758,2157,2283,4440
00539900,MONMOUTH COUNTY VOCATIONAL SCH DIST     ,NJ,07728-5033,Public       ,12,22,34,23,40,63
00545200,TETERBORO SCH OF AERONAUTICS            ,NJ,07608-1083,Proprietary  ,44,31,75,53,36,89
00546000,SOMERSET COUNTY TECHNICAL INSTITUTE     ,NJ,08807-0350,Public       ,20,69,89,33,92,125
00546100,SALEM COMMUNITY COLLEGE                 ,NJ,08069-2799,Public       ,274,328,602,439,451,890
00641000,C E GREGORY SCHOOL OF NURSING           ,NJ,08857-0000,Private      ,2,3,5,4,4,8
00641700,HOLY NAME HOSPITAL SCH OF NURSING       ,NJ,07666-4254,Private      ,26,69,95,58,121,179
00642000,MOUNTAINSIDE HOSP SCH NRSG              ,NJ,07042-4898,Proprietary  ,9,51,60,24,89,113
00642100,MUHLENBERG SNYDER SCHOOLS               ,NJ,07061-3399,Private      ,50,268,318,86,385,471
00642900,ST FRANCIS MEDICAL CTR SCH NURSING      ,NJ,08629-1986,Private      ,6,10,16,17,30,47
00642902,ST FRANCIS MED CTR RAD TECH             ,NJ,08629-0000,Private      ,1,7,8,2,14,16
00686500,CAMDEN COUNTY COLLEGE                   ,NJ,08012-3240,Public       ,3013,3320,6333,4923,5234,10157
00690100,GLOUCESTER COUNTY COLLEGE               ,NJ,08080-4249,Public       ,1187,957,2144,2258,1471,3729
00710700,ESSEX COUNTY COLLEGE                    ,NJ,07102-1798,Public       ,2233,2910,5143,3534,4597,8131
00736203,STUART SCHOOL OF BUSINESS ADMINISTRATION,NJ,07719-3970,Proprietary  ,0,0,0,1,1,2
00750200,BERKELEY COLLEGE                        ,NJ,07424-3367,Proprietary  ,723,684,1407,1467,1264,2731
00750201,BERKELEY COLLEGE                        ,NJ,07095-0000,Proprietary  ,369,312,681,623,473,1096
00750202,BERKELEY COLLEGE - PARAMUS              ,NJ,07652-2931,Proprietary  ,191,173,364,370,300,670
00750600,LINCOLN TECHNICAL INSTITUTE             ,NJ,07083-5032,Proprietary  ,383,427,810,506,501,1007
00750601,LINCOLN TECHNICAL INSTITUTE             ,NJ,07430-0000,Proprietary  ,204,147,351,313,242,555
00750700,GIBBS COLLEGE                           ,NJ,07039-1611,Proprietary  ,33,53,86,47,77,124
00750701,KATHARINE GIBBS - PISCATAWAY            ,NJ,08854-0000,Proprietary  ,0,0,0,0,3,3
00759300,PARISIAN BEAUTY ACADEMY                 ,NJ,07601-5509,Proprietary  ,24,32,56,33,38,71
00772900,COUNTY COLLEGE OF MORRIS                ,NJ,07869-0000,Public       ,1236,572,1808,2323,971,3294
00773000,BURLINGTON COUNTY COLLEGE               ,NJ,08068-1599,Public       ,1564,1337,2901,2819,2191,5010
00773100,RARITAN VALLEY COMMUNITY COLLEGE        ,NJ,08876-1265,Public       ,944,689,1633,1654,1036,2690
00780401,CAREER ACADEMY OF NEW YORK - STAR LAKEWO,NJ,08701-5900,Proprietary  ,21,119,140,27,164,191
00780402,CAREER ACADEMY OF NEW YORK - STAR EGG HA,NJ,08234-4863,Proprietary  ,18,105,123,27,162,189
00794700,BETH MEDRASH GOVOHA OF AMERICA          ,NJ,08701-0000,Private      ,53,740,793,56,745,801
00840400,BROOKDALE COMMUNITY COLLEGE             ,NJ,07738-1597,Public       ,2414,1411,3825,4004,2181,6185
00844101,ANTHEM INSTITUTE                        ,NJ,08002-0000,Proprietary  ,8,12,20,13,19,32
00849400,HO HO KUS SCHL OF TRADE & TECH SCIENCES ,NJ,07513-1402,Proprietary  ,22,75,97,33,90,123
00860900,RABBINICAL COLLEGE OF AMERICA           ,NJ,07960-3600,Private      ,9,5,14,10,6,16
00907800,CAPRI INSTITUTE OF HAIR DESIGN          ,NJ,07011-2111,Proprietary  ,26,46,72,34,54,88
00934400,RAMAPO COLLEGE OF NEW JERSEY            ,NJ,07430-1680,Public       ,1470,404,1874,5975,777,6752
00934500,RICHARD STOCKTON COLLEGE OF NJ          ,NJ,08240-0195,Public       ,1991,994,2985,6586,2065,8651
00982804,EVEREST INSTITUTE - SOUTH PLAINFIELD    ,NJ,07080-1125,Proprietary  ,58,198,256,67,218,285
00999400,PASSAIC COUNTY COMMUNITY COLLEGE        ,NJ,07505-1179,Public       ,1487,1698,3185,2155,2285,4440
01039400,UNIV OF MEDICINE & DENTISTRY OF NJ      ,NJ,07107-0000,Public       ,68,1972,2040,175,3768,3943
01062900,P B COSMETOLOGY EDUCATION CENTRE        ,NJ,08030-1750,Proprietary  ,44,16,60,49,19,68
01085100,ANTHEM INSTITUTE                        ,NJ,07054-3409,Proprietary  ,184,338,522,262,506,768
01085101,ANTHEM INSTITUTE                        ,NJ,07306-0000,Proprietary  ,17,31,48,23,51,74
01085102,ANTHEM INSTITUTE                        ,NJ,08902-0000,Proprietary  ,10,15,25,16,27,43
01090300,RIZZIERI INSTITUTE                      ,NJ,08043-4600,Proprietary  ,38,45,83,53,70,123
01152300,MORRIS COUNTY SCHOOL OF TECHNOLOGY      ,NJ,07834-0000,Public       ,3,12,15,19,20,39
01170800,NATURAL MOTION INST OF HAIR DESIGN      ,NJ,07306-5496,Proprietary  ,24,49,73,25,58,83
01198900,TALMUDICAL ACADEMY                      ,NJ,07710-0000,Private      ,10,1,11,10,1,11
01209000,REIGNBOW BEAUTY ACADEMY                 ,NJ,08861-4118,Proprietary  ,7,24,31,8,26,34
01234600,DOVER BUSINESS COLLEGE                  ,NJ,07011-2161,Proprietary  ,129,334,463,178,455,633
01234602,DOVER BUSINESS COLLEGE                  ,NJ,07801-4643,Proprietary  ,57,143,200,71,188,259
01246100,LINCOLN TECHNICAL INSTITUTE             ,NJ,08820-2896,Proprietary  ,147,247,394,193,371,564
01246102,LINCOLN TECHNICAL INSTITUTE             ,NJ,08054-0000,Proprietary  ,86,482,568,123,660,783
01246103,LINCOLN TECHNICAL INSTITUTE             ,NJ,07652-2106,Proprietary  ,148,305,453,241,504,745
01246200,HOHOKUS - HACKENSACK SCHOOL OF BUSINESS ,NJ,07601-7197,Proprietary  ,55,236,291,67,290,357
01295400,HUDSON COUNTY COMMUNITY COLLEGE         ,NJ,07306-4012,Public       ,1938,2518,4456,2674,3345,6019
02053700,EASTWICK COLLEGE                        ,NJ,07446-0000,Proprietary  ,116,302,418,157,431,588
02061800,ROMAN ACADEMY OF BEAUTY CULTURE         ,NJ,07506-0000,Proprietary  ,4,2,6,5,2,7
02092300,HOHOKUS SCHOOL - RETS/NUTLEY            ,NJ,07110-0000,Proprietary  ,87,199,286,118,263,381
02103700,CAPRI INSTITUTE OF HAIR DESIGN          ,NJ,07652-0000,Proprietary  ,15,27,42,17,31,48
02104000,HARRIS SCHOOL OF BUSINESS               ,NJ,08002-2983,Proprietary  ,61,441,502,81,531,612
02106601,FOX INSTITUTE OF BUSINESS - CLIFTON     ,NJ,07011-2345,Proprietary  ,34,75,109,38,81,119
02131100,DU CRET SCHOOL OF THE ARTS              ,NJ,07060-0000,Private      ,12,7,19,15,10,25
02131600,PENNCO TECH                             ,NJ,08012-0000,Proprietary  ,147,282,429,167,299,466
02132300,BERDAN INSTITUTE                        ,NJ,07512-0000,Proprietary  ,137,225,362,149,257,406
02146800,JOE KUBERT SCH OF CARTOON & GRAPHIC     ,NJ,07801-0000,Proprietary  ,29,25,54,51,44,95
02149800,EMPIRE BEAUTY SCHOOL                    ,NJ,08021-0000,Proprietary  ,45,128,173,65,233,298
02149801,EMPIRE BEAUTY SCHOOL - BORDENTOWN       ,NJ,08505-1513,Proprietary  ,0,11,11,2,15,17
02154000,DIVERS ACAD OF EASTERN SEABOARD         ,NJ,08081-1139,Proprietary  ,22,54,76,36,85,121
02183600,CAPRI INSTITUTE OF HAIR DESIGN          ,NJ,07033-0000,Proprietary  ,20,31,51,25,35,60
02192200,THOMAS EDISON STATE COLLEGE             ,NJ,08608-0000,Public       ,100,1567,1667,205,2918,3123
02219600,OMEGA INSTITUTE                         ,NJ,08109-0000,Proprietary  ,6,59,65,15,97,112
02223700,NEW HORIZON INST OF COSMETOLOGY         ,NJ,07093-0000,Proprietary  ,1,19,20,1,20,21
02223900,DRAKE COLLEGE OF BUSINESS               ,NJ,07201-0000,Proprietary  ,161,982,1143,203,1309,1512
02232500,UNION COUNTY VOCATIONAL TECH INST       ,NJ,07076-0000,Public       ,22,23,45,29,42,71
02234600,SHORE BEAUTY SCHOOL                     ,NJ,08232-0000,Proprietary  ,11,15,26,13,17,30
02246000,ROSS UNIVERSITY - MEDICAL SCHOOL        ,NJ,08837-0000,Proprietary  ,4,794,798,12,3663,3675
02248600,COOPER HEALTH SYS-CTR ALLIED HEALTH     ,NJ,08103-0000,Private      ,9,28,37,13,48,61
02252700,CONCORDE SCHOOL OF HAIR DESIGN          ,NJ,07712-0000,Proprietary  ,43,108,151,53,132,185
02252701,CONCORDE SCHOOL OF HAIR DESIGN - BLOOMFI,NJ,07003-2517,Proprietary  ,8,10,18,12,15,27
02261800,EUROPEAN ACADEMY OF COSMETOLOGY         ,NJ,07083-0000,Proprietary  ,24,58,82,31,80,111
02265500,CAPRI INSTITUTE OF HAIR DESIGN          ,NJ,08724-0000,Proprietary  ,10,39,49,12,49,61
02277900,ROSS UNIV - SCH OF VETERINARY MED       ,NJ,08837-0000,Proprietary  ,1,239,240,4,970,974
02291000,LINCOLN TECHNICAL INSTITUTE             ,NJ,07080-2424,Proprietary  ,42,13,55,53,16,69
02312000,BERGEN COUNTY TECHNICAL SCHOOLS         ,NJ,07601-6110,Public       ,5,18,23,15,30,45
02344200,EMPIRE BEAUTY SCHOOL                    ,NJ,08002-0000,Proprietary  ,56,94,150,69,159,228
02503900,WARREN COUNTY COMMUNITY COLLEGE         ,NJ,07882-0000,Public       ,280,215,495,452,309,761
02523700,OCEAN COUNTY VOCATIONAL-TECH SCHOOL     ,NJ,08753-0000,Public       ,74,125,199,103,164,267
02525900,ARTISTIC ACADEMY OF HAIR DESIGN         ,NJ,07950-1409,Proprietary  ,40,24,64,51,33,84
02528200,REIGNBOW BEAUTY ACADEMY                 ,NJ,07060-0000,Proprietary  ,1,17,18,1,17,18
02558700,PRISM CAREER INSTITUTE                  ,NJ,08037-0000,Proprietary  ,64,343,407,80,487,567
02568800,SUSSEX COUNTY COMMUNITY COLLEGE         ,NJ,07860-1149,Public       ,590,313,903,1048,477,1525
02586900,HARRIS SCHOOL OF BUSINESS               ,NJ,08084-1520,Proprietary  ,22,250,272,23,291,314
02615401,STAR TECHNICAL INSTITUTE -              ,NJ,07102-4599,Proprietary  ,0,0,0,1,8,9
02616402,SANFORD-BROWN INSTITUTE - ISELIN        ,NJ,08830-0000,Proprietary  ,133,361,494,206,653,859
03077500,RABBI JACOB JOSEPH SCHOOL               ,NJ,08817-4494,Private      ,4,0,4,4,0,4
03122600,EASTERN INTERNATIONAL COLLEGE           ,NJ,07306-3906,Proprietary  ,11,37,48,15,53,68
03187300,STENOTECH CAREER INSTITUTE              ,NJ,07004-3490,Proprietary  ,12,15,27,18,21,39
03197300,INSTITUTE FOR HEALTH EDUCATION(THE)     ,NJ,07306-2929,Proprietary  ,6,33,39,7,40,47
03324300,CENTRAL CAREER SCHOOL                   ,NJ,07080-2408,Proprietary  ,5,22,27,6,24,30
03380302,CULINARY ACADEMY OF LONG ISLAND - STAR N,NJ,07102-4510,Proprietary  ,33,192,225,44,272,316
03389300,ACADEMY OF MASSAGE THERAPY              ,NJ,07631-0000,Proprietary  ,7,36,43,15,40,55
03424500,NEW COMMUNITY WORKFORCE DEVELOPMENT     ,NJ,07103-2402,Private      ,6,98,104,9,212,221
03530300,"KEY SKILLS LEARNING, INC.               ",NJ,07013-1900,Proprietary  ,0,1,1,0,2,2
03536300,INSTITUTE FOR THERAPEUTIC MASSAGE       ,NJ,07420-1452,Proprietary  ,7,52,59,10,69,79
03574400,CORTIVA INSTITUTE - SOMERSET SCHOOL OF M,NJ,08854-3908,Proprietary  ,10,40,50,12,53,65
03625300,PERFORMANCE TRAINING INSTITUTE          ,NJ,08753-0000,Proprietary  ,0,2,2,1,3,4
03637300,METRO AUTO ELECTRONICS TRAINING INSTITUT,NJ,07033-1798,Proprietary  ,6,20,26,15,26,41
03650600,PC AGE                                  ,NJ,07306-3936,Proprietary  ,15,94,109,16,94,110
03650603,PC AGE                                  ,NJ,08817-2842,Proprietary  ,1,5,6,1,8,9
03666300,SOMERSET CHRISTIAN COLLEGE              ,NJ,08890-9035,Private      ,31,146,177,42,185,227
03769300,PC TECH LEARNING CENTER                 ,NJ,07306-9900,Proprietary  ,2,14,16,2,17,19
03803300,HEALTHCARE TRAINING INSTITUTE           ,NJ,07083-3504,Proprietary  ,10,72,82,15,95,110
03811300,EASTERN SCHOOL OF ACUPUNCTURE AND TRADIT,NJ,07042-3562,Proprietary  ,1,23,24,1,34,35
04081300,BAIS MEDRASH TORAS CHESED               ,NJ,08701-0000,Private      ,6,1,7,7,1,8
04123400,YESHIVAS BE'ER YITZCHOK                 ,NJ,07208-2380,Private      ,0,1,1,0,1,1
04125000,GENTLE HEALING SCHOOL OF MASSAGE        ,NJ,08512-3600,Proprietary  ,0,4,4,0,6,6
04131100,YESHIVA TORAS CHAIM                     ,NJ,08701-2120,Private      ,24,0,24,25,0,25
04131200,TOTAL IMAGE BEAUTY ACADEMY              ,NJ,07307-2943,Proprietary  ,3,19,22,3,23,26
04134100,CENTER FOR ALLIED HEALTH & NURSING EDUCA,NJ,07601-5801,Proprietary  ,27,219,246,33,286,319
04136400,AMERICAN INSTITUTE OF MEDICAL SCIENCES &,NJ,07080-1183,Proprietary  ,5,40,45,9,62,71
        ,BROOKLYN LAW SCHOOL                     ,NY,11201-0000,Private      ,0,0,0,2,82,84
00266500,VAUGHN COLLEGE OF AERONAUTICS AND TECHNO,NY,11369-9997,Private      ,347,261,608,684,385,1069
00266600,ADELPHI UNIVERSITY                      ,NY,11530-4299,Private      ,1006,1364,2370,7020,3279,10299
00266700,DOWLING COLLEGE                         ,NY,11769-1999,Private      ,842,892,1734,2230,1447,3677
00266800,ALFRED UNIVERSITY                       ,NY,14802-1205,Private      ,339,155,494,3037,442,3479
00266900,BANK STREET COLLEGE OF EDUCATION        ,NY,10025-0000,Private      ,1,438,439,7,795,802
00267100,BARD COLLEGE                            ,NY,12504-5000,Private      ,189,73,262,2720,613,3333
00267700,BROOKLYN LAW SCHOOL                     ,NY,11201-0000,Private      ,12,901,913,31,3499,3530
00267800,BRYANT & STRATTON COLLEGE               ,NY,14203-1713,Proprietary  ,905,3043,3948,1455,6238,7693
00267803,BRYANT & STRATTON COLLEGE - GREECE      ,NY,14606-4227,Proprietary  ,103,299,402,193,670,863
00267805,BRYANT & STRATTON COLLEGE - SYRACUSE    ,NY,13203-2502,Proprietary  ,251,398,649,475,986,1461
00267807,BRYANT & STRATTON COLLEGE - ALBANY      ,NY,12205-5230,Proprietary  ,128,295,423,174,574,748
00268100,CANISIUS COLLEGE                        ,NY,14208-1098,Private      ,882,610,1492,4291,1115,5406
00268300,SEMINARY OF THE IMMACULATE CONCEPT      ,NY,11743-0000,Private      ,0,0,0,1,0,1
00268500,CAZENOVIA COLLEGE                       ,NY,13035-1085,Private      ,187,39,226,1710,99,1809
00268700,CUNY-BROOKLYN COLLEGE                   ,NY,11210-2814,Public       ,4428,4074,8502,12743,7352,20095
00268800,CITY COLLEGE-CUNY                       ,NY,10031-9198,Public       ,4639,2999,7638,15148,5749,20897
00268900,CUNY-HUNTER COLLEGE                     ,NY,10021-0000,Public       ,5599,4611,10210,21215,10440,31655
00269000,QUEENS COLLEGE-CUNY                     ,NY,11367-1597,Public       ,4079,3066,7145,12418,5387,17805
00269100,CUNY- BOROUGH OF MANHATTAN CMTY CLG     ,NY,10007-1047,Public       ,7163,4853,12016,13558,8175,21733
00269200,CUNY BRONX COMMUNITY COLLEGE            ,NY,10453-3102,Public       ,4049,3516,7565,6583,5176,11759
00269300,CUNY-JOHN JAY CLG CRIMINAL JUSTICE      ,NY,10019-1093,Public       ,4929,2675,7604,11561,4958,16519
00269400,KINGSBOROUGH COMMUNITY COLLEGE          ,NY,11235-2398,Public       ,3368,2092,5460,6434,3349,9783
00269600,NY CITY COLLEGE OF TECHNOLOGY-CUNY      ,NY,11201-2983,Public       ,4571,2741,7312,9988,4637,14625
00269700,QUEENSBOROUGH COMMUNITY COLLEGE         ,NY,11364-1497,Public       ,4330,2247,6577,7041,3174,10215
00269800,CUNY THE COLLEGE OF STATEN ISLAND       ,NY,10314-6600,Public       ,3523,1706,5229,7773,2849,10622
00269900,CLARKSON UNIVERSITY                     ,NY,13699-5615,Private      ,598,107,705,4217,295,4512
00270000,COLGATE ROCHESTER CROZER DIVINITY S     ,NY,14620-0000,Private      ,0,35,35,1,50,51
00270100,COLGATE UNIVERSITY                      ,NY,13346-1386,Private      ,271,10,281,4242,66,4308
00270300,COLLEGE OF MOUNT SAINT VINCENT          ,NY,10471-1093,Private      ,471,150,621,1907,294,2201
00270400,COLLEGE OF NEW ROCHELLE                 ,NY,10805-2339,Private      ,301,2459,2760,810,2767,3577
00270500,COLLEGE OF SAINT ROSE                   ,NY,12203-1490,Private      ,692,792,1484,3979,1630,5609
00270700,COLUMBIA UNIVERSITY                     ,NY,10027-0000,Private      ,442,795,1237,5210,3230,8440
00270701,COLUMBIA UNIV ARCHITECTURE              ,NY,10027-0000,Private      ,4,103,107,41,749,790
00270702,COLUMBIA UNIV SCHOOL OF THE ARTS        ,NY,10027-0000,Private      ,15,116,131,88,1319,1407
00270703,COLUMBIA UNIV BUSINESS GRAD             ,NY,10027-0000,Private      ,4,457,461,16,1361,1377
00270704,COLUMBIA UNIV SCHOOL ENGIN-UNDERGRA     ,NY,10027-0000,Private      ,317,27,344,2152,81,2233
00270705,COLUMBIA UNIV SCHOOL GENERAL STUDIE     ,NY,10027-0000,Private      ,95,467,562,407,996,1403
00270706,COLUMBIA UNIV GRAD SCHL ARTS & SCI      ,NY,10027-0000,Private      ,3,282,285,28,1647,1675
00270707,COLUMBIA UNIV SCH INTL PUB AFFAIRS      ,NY,10027-0000,Private      ,1,154,155,7,1298,1305
00270708,COLUMBIA UNIV JOURNALISM GRAD           ,NY,10027-0000,Private      ,5,40,45,18,665,683
00270710,COLUMBIA UNIV COLUMBIA COLLEGE          ,NY,10027-0000,Private      ,907,65,972,8599,282,8881
00270711,COLUMBIA UNIV SCHOOL OF LAW             ,NY,10027-0000,Private      ,4,516,520,20,4352,4372
00270712,COLUMBIA UNIV SOCIAL WORK               ,NY,10025-0000,Private      ,3,126,129,12,978,990
00270713,COLUMBIA UNIV SCHL DENT & ORAL SURG     ,NY,10032-0000,Private      ,1,58,59,4,393,397
00270714,COLUMBIA UNIV INST HUMAN NUTRITION      ,NY,10032-0000,Private      ,1,20,21,2,49,51
00270715,COLUMBIA UNIV NURSING                   ,NY,10032-0000,Private      ,15,133,148,106,799,905
00270716,COLUMBIA UNIV COLL PHYS & SURGEONS      ,NY,10032-0000,Private      ,3,131,134,20,1136,1156
00270717,COLUMBIA UNIV PHYSICAL THERAPY          ,NY,10032-0000,Private      ,0,45,45,6,126,132
00270718,COLUMBIA UNIV OCCUPATIONAL THERAPY      ,NY,10032-0000,Private      ,1,34,35,3,90,93
00270719,COLUMBIA UNIV PUBLIC HEALTH             ,NY,10032-0000,Private      ,2,99,101,5,986,991
00270720,COLUMBIA UNIV - ENGINEERING (GRAD)      ,NY,10027-0000,Private      ,5,96,101,56,342,398
00270721,COLUMBIA UNIV-CONT ED & SP PROGMS       ,NY,10027-0000,Private      ,3,144,147,7,222,229
00270800,BARNARD COLLEGE-COLUMBIA UNIV           ,NY,10027-6598,Private      ,533,40,573,3561,121,3682
00270900,CONCORDIA COLLEGE                       ,NY,10708-1998,Private      ,201,115,316,639,197,836
00271000,COOPER UNION                            ,NY,10003-7120,Private      ,142,40,182,1584,157,1741
00271100,CORNELL UNIVERSITY                      ,NY,14853-2801,Private      ,2921,1182,4103,24274,5781,30055
00271101,WEILL CORNELL MEDICAL COLLEGE AND GRADUA,NY,10021-0000,Private      ,1,260,261,21,776,797
00271200,D'YOUVILLE COLLEGE                      ,NY,14201-1084,Private      ,412,617,1029,1467,1265,2732
00271300,DOMINICAN COLLEGE                       ,NY,10962-1299,Private      ,552,333,885,1496,622,2118
00271800,ELMIRA COLLEGE                          ,NY,14901-2099,Private      ,290,216,506,1929,370,2299
00272200,FORDHAM UNIVERSITY                      ,NY,10458-5157,Private      ,2180,2190,4370,18536,8043,26579
00272600,GENERAL THEOLOGICAL SEMINARY            ,NY,10011-0000,Private      ,0,43,43,1,91,92
00272800,HAMILTON COLLEGE                        ,NY,13323-1218,Private      ,344,13,357,2660,46,2706
00272900,HARTWICK COLLEGE                        ,NY,13820-4020,Private      ,401,32,433,2441,75,2516
00273100,HOBART & WILLIAM SMITH COLLEGES         ,NY,14456-3397,Private      ,494,21,515,3604,58,3662
00273200,HOFSTRA UNIVERSITY                      ,NY,11549-1010,Private      ,1877,1573,3450,15383,5257,20640
00273400,HOUGHTON COLLEGE                        ,NY,14744-0128,Private      ,402,60,462,1533,130,1663
00273500,HILBERT COLLEGE                         ,NY,14075-1597,Private      ,212,93,305,816,220,1036
00273700,IONA COLLEGE                            ,NY,10801-1890,Private      ,1399,486,1885,6599,951,7550
00273900,ITHACA COLLEGE                          ,NY,14850-7130,Private      ,872,180,1052,11934,765,12699
00274000,JEWISH THEOLOGICAL SEMINARY OF AMER     ,NY,10027-4649,Private      ,18,52,70,116,161,277
00274200,THE JUILLIARD SCHOOL                    ,NY,10023-6588,Private      ,142,92,234,1084,535,1619
00274400,KEUKA COLLEGE                           ,NY,14478-0000,Private      ,264,351,615,1239,774,2013
00274800,LEMOYNE COLLEGE                         ,NY,13214-1399,Private      ,628,366,994,4098,713,4811
00274900,NEW YORK COLLEGE OF PODIATRIC MED       ,NY,10035-0000,Private      ,13,146,159,49,349,398
00275100,LONG ISLAND UNIVERSITY                  ,NY,11548-1326,Private      ,2414,3351,5765,9724,6585,16309
00275800,MANHATTAN COLLEGE                       ,NY,10471-4098,Private      ,874,153,1027,5036,343,5379
00275900,MANHATTAN SCHOOL OF MUSIC               ,NY,10027-4698,Private      ,96,126,222,630,665,1295
00276000,MANHATTANVILLE COLLEGE                  ,NY,10577-2132,Private      ,346,367,713,2770,708,3478
00276300,MARIA COLLEGE                           ,NY,12208-1798,Private      ,69,268,337,141,535,676
00276500,MARIST COLLEGE                          ,NY,12601-1387,Private      ,983,354,1337,8886,747,9633
00276900,MARYMOUNT MANHATTAN COLLEGE             ,NY,10021-4597,Private      ,324,92,416,3035,254,3289
00277200,MERCY COLLEGE                           ,NY,10522-1189,Private      ,898,1820,2718,2636,3936,6572
00277500,MOLLOY COLLEGE                          ,NY,11570-1100,Private      ,847,704,1551,2461,1298,3759
00277700,MEDAILLE COLLEGE                        ,NY,14214-2695,Private      ,351,428,779,1352,885,2237
00277800,MOUNT SAINT MARY COLLEGE                ,NY,12550-3494,Private      ,560,437,997,2528,772,3300
00277900,NAZARETH COLLEGE OF ROCHESTER           ,NY,14618-3790,Private      ,578,641,1219,2852,1246,4098
00278200,NEW YORK INSTITUTE OF TECHNOLOGY        ,NY,11568-8000,Private      ,1334,1144,2478,4145,2269,6414
00278202,NY INSTITUTE OF TECHNOLOGY-OSTEOPATHIC M,NY,11568-0000,Private      ,19,670,689,96,1036,1132
00278300,NEW YORK LAW SCHOOL                     ,NY,10013-0000,Private      ,9,899,908,23,3154,3177
00278400,NEW YORK MEDICAL COLLEGE                ,NY,10595-0000,Private      ,3,868,871,13,1980,1993
00278500,NEW YORK UNIVERSITY                     ,NY,10012-1091,Private      ,2188,5535,7723,32741,24156,56897
00278800,NIAGARA UNIVERSITY                      ,NY,14109-2010,Private      ,628,254,882,3484,605,4089
00279000,NYACK COLLEGE                           ,NY,10960-3698,Private      ,368,644,1012,1152,1062,2214
00279100,PACE UNIVERSITY - NEW YORK              ,NY,10038-1598,Private      ,940,891,1831,7511,2516,10027
00279101,PACE UNIVERSITY-PLEASANTVILLE           ,NY,10570-0000,Private      ,422,306,728,3164,776,3940
00279102,PACE UNIVERSITY - WHITE PLAINS          ,NY,10603-0000,Private      ,34,429,463,287,1922,2209
00279500,PAUL SMITHS CLG OF ARTS & SCIENCES      ,NY,12970-0000,Private      ,292,54,346,1012,106,1118
00279600,POLYTECHNIC INTSTITUTE OF NEW YORK UNIV ,NY,11201-3840,Private      ,230,209,439,2042,578,2620
00279800,PRATT INSTITUTE                         ,NY,11205-3899,Private      ,528,536,1064,4313,2416,6729
00280300,RENSSELAER POLYTECHNIC INSTITUTE        ,NY,12180-3590,Private      ,1089,161,1250,9674,540,10214
00280500,ROBERTS WESLEYAN COLLEGE                ,NY,14624-1997,Private      ,344,414,758,1339,754,2093
00280600,ROCHESTER INSTITUTE OF TECHNOLOGY       ,NY,14623-5608,Private      ,2472,1030,3502,13139,2318,15457
00280700,ROCKEFELLER UNIVERSITY                  ,NY,10021-0000,Private      ,1,10,11,5,17,22
00280800,DAEMEN COLLEGE                          ,NY,14226-3592,Private      ,449,344,793,1829,608,2437
00281000,THE SAGE COLLEGES                       ,NY,12180-4199,Private      ,362,668,1030,1324,1352,2676
00281200,TROCAIRE COLLEGE                        ,NY,14220-2094,Private      ,184,461,645,384,801,1185
00281300,SARAH LAWRENCE COLLEGE                  ,NY,10708-5999,Private      ,116,83,199,1934,697,2631
00281400,SKIDMORE COLLEGE                        ,NY,12866-1632,Private      ,514,38,552,3914,105,4019
00281401,SKIDMORE COLL-UNIV WITHOUT WALLS        ,NY,12866-0000,Private      ,1,4,5,24,10,34
00281500,ST BERNARDS SCH THEOLOGY & MINISTRY     ,NY,14618-3822,Private      ,0,13,13,1,32,33
00281600,SIENA COLLEGE                           ,NY,12211-1462,Private      ,1000,75,1075,5576,187,5763
00281700,ST BONAVENTURE UNIVERSITY               ,NY,14778-2284,Private      ,414,191,605,2368,400,2768
00282000,ST FRANCIS COLLEGE                      ,NY,11201-4398,Private      ,540,144,684,1794,303,2097
00282100,ST JOHN FISHER COLLEGE                  ,NY,14618-3597,Private      ,427,571,998,4181,1397,5578
00282200,CHRIST THE KING SEMINARY                ,NY,14052-0607,Private      ,1,2,3,1,3,4
00282300,ST JOHN'S UNIVERSITY                    ,NY,11439-1343,Private      ,3113,1912,5025,22022,5657,27679
00282500,ST JOSEPH'S COLLEGE                     ,NY,11205-3688,Private      ,226,222,448,928,372,1300
00282501,ST JOSEPH'S COLLEGE-SUFFOLK CAMPUS      ,NY,11772-0000,Private      ,945,495,1440,2574,843,3417
00282600,ST JOSEPH'S SEMINARY                    ,NY,10704-0000,Private      ,0,0,0,1,0,1
00282900,ST LAWRENCE UNIVERSITY                  ,NY,13617-1455,Private      ,468,41,509,2820,100,2920
00283200,ST THOMAS AQUINAS COLLEGE               ,NY,10976-1050,Private      ,423,115,538,1648,255,1903
00283300,ST VLADIMIR ORTHODOX THEOL SEM          ,NY,10707-0000,Private      ,0,18,18,0,52,52
00283400,EXCELSIOR COLLEGE                       ,NY,12203-5159,Private      ,66,1733,1799,104,2912,3016
00283500,SUNY AT ALBANY                          ,NY,12222-0001,Public       ,3764,1838,5602,19217,4295,23512
00283600,BINGHAMTON UNIVERSITY (SUNY)            ,NY,13902-6000,Public       ,2519,806,3325,22618,2337,24955
00283700,SUNY AT BUFFALO                         ,NY,14260-0001,Public       ,3386,2667,6053,20659,8324,28983
00283800,SUNY AT STONY BROOK                     ,NY,11794-0001,Public       ,3672,2313,5985,22040,5864,27904
00283900,SUNY-DOWNSTATE MEDICAL CENTER           ,NY,11203-2098,Public       ,47,574,621,110,1701,1811
00284000,SUNY UPSTATE MEDICAL UNIVERSITY         ,NY,13210-2375,Public       ,42,288,330,159,1154,1313
00284100,SUNY BROCKPORT - FIN AID OFF            ,NY,14420-2914,Public       ,1742,960,2702,8041,2046,10087
00284200,BUFFALO STATE COLLEGE - SUNY            ,NY,14222-1095,Public       ,2742,1819,4561,9995,3565,13560
00284300,SUNY COLLEGE-CORTLAND                   ,NY,13045-0900,Public       ,1477,548,2025,10567,1413,11980
00284400,SUNY AT FREDONIA                        ,NY,14063-1145,Public       ,1209,334,1543,6805,794,7599
00284500,SUNY GENESEO                            ,NY,14454-1401,Public       ,1150,155,1305,9158,426,9584
00284600,SUNY COLLEGE-NEW PALTZ                  ,NY,12561-2499,Public       ,1747,756,2503,11201,1815,13016
00284700,SUNY COLLEGE-ONEONTA                    ,NY,13820-4015,Public       ,1594,249,1843,9624,611,10235
00284800,SUNY OSWEGO                             ,NY,13126-3599,Public       ,1765,720,2485,9345,1755,11100
00284900,SUNY COLLEGE AT PLATTSBURGH             ,NY,12901-2681,Public       ,1434,467,1901,6327,1054,7381
00285000,SUNY COLLEGE-POTSDAM                    ,NY,13676-2294,Public       ,915,375,1290,4389,798,5187
00285100,SUNY COLLEGE OF ENVIRONMENT SCIENCE AND ,NY,13210-2778,Public       ,231,119,350,1915,446,2361
00285300,SUNY MARITIME COLLEGE                   ,NY,10465-4198,Public       ,373,127,500,1216,219,1435
00285400,SUNY COLLEGE OF TECHNOLOGY-ALFRED       ,NY,14802-9951,Public       ,1071,322,1393,3325,633,3958
00285500,SUNY CANTON COLG OF TECHNOLOGY          ,NY,13617-1098,Public       ,546,368,914,2487,948,3435
00285600,SUNY AG & TECH COLLEGE-COBLESKILL       ,NY,12043-9986,Public       ,834,170,1004,2588,328,2916
00285700,SUNY DELHI                              ,NY,13753-1190,Public       ,1005,291,1296,3076,607,3683
00285800,SUNY FARMINGDALE                        ,NY,11735-1021,Public       ,1398,711,2109,4679,1254,5933
00285900,SUNY COLLEGE OF AG & TECH AT MORRISVILLE,NY,13408-0901,Public       ,1063,390,1453,3075,765,3840
00286000,ADIRONDACK COMMUNITY COLLEGE            ,NY,12804-2004,Public       ,667,560,1227,1318,883,2201
00286100,CAYUGA COMMUNITY COLLEGE                ,NY,13021-3099,Public       ,584,688,1272,1166,1160,2326
00286200,BROOME COMMUNITY COLLEGE                ,NY,13902-0000,Public       ,1152,949,2101,2439,1559,3998
00286300,CORNING COMMUNITY COLLEGE               ,NY,14830-3297,Public       ,597,758,1355,1172,1248,2420
00286400,DUTCHESS COMMUNITY COLLEGE              ,NY,12601-1595,Public       ,1007,701,1708,1945,1131,3076
00286600,FASHION INSTITUTE OF TECHNOLOGY         ,NY,10001-5992,Public       ,1027,681,1708,6749,2430,9179
00286700,SUNY FULTON MONTGOMERY COMM CLG         ,NY,12095-3790,Public       ,483,380,863,973,616,1589
00286800,HUDSON VALLEY COMMUNITY COLLEGE         ,NY,12180-6096,Public       ,2763,1691,4454,5072,2633,7705
00286900,JAMESTOWN COMMUNITY COLLEGE             ,NY,14702-0020,Public       ,740,616,1356,1918,1235,3153
00287000,JEFFERSON COMMUNITY COLLEGE             ,NY,13601-1897,Public       ,451,549,1000,939,894,1833
00287100,"SUNY, MOHAWK VALLEY COMMUNITY CLG       ",NY,13501-5394,Public       ,1335,990,2325,2987,1767,4754
00287200,MONROE COMMUNITY COLLEGE                ,NY,14623-5780,Public       ,3087,2745,5832,6702,4704,11406
00287300,NASSAU COMMUNITY COLLEGE                ,NY,11530-6793,Public       ,3448,1804,5252,6639,2902,9541
00287400,NIAGARA COUNTY COMMUNITY COLLEGE        ,NY,14132-9460,Public       ,1349,1096,2445,3133,2147,5280
00287500,ONONDAGA COMMUNITY COLLEGE              ,NY,13215-4585,Public       ,1979,1388,3367,4581,2417,6998
00287600,ORANGE COUNTY COMMUNITY COLLEGE         ,NY,10940-6441,Public       ,989,745,1734,1836,1153,2989
00287700,ROCKLAND COMMUNITY COLLEGE              ,NY,10901-3611,Public       ,696,646,1342,1257,946,2203
00287800,SUFFOLK COMMUNITY COLLEGE               ,NY,11784-2899,Public       ,2557,1155,3712,4704,1870,6574
00287801,SUFFOLK COMMUNITY CLG-W. CAMPUS         ,NY,11717-0000,Public       ,1219,873,2092,2077,1348,3425
00287803,SUFFOLK COMMUNITY CLG-EASTRN CAMPUS     ,NY,11901-0000,Public       ,380,289,669,637,424,1061
00287900,SULLIVAN COUNTY COMMUNITY COLLEGE       ,NY,12759-5151,Public       ,532,270,802,1145,458,1603
00288000,ULSTER COUNTY COMMUNITY COLLEGE         ,NY,12484-0557,Public       ,461,314,775,836,505,1341
00288100,SUNY WESTCHESTER COMMUNITY COLLEGE      ,NY,10595-1698,Public       ,1810,1594,3404,3138,2353,5491
00288200,SYRACUSE UNIVERSITY                     ,NY,13244-2130,Private      ,1760,1198,2958,19633,5455,25088
00288300,UTICA COLLEGE OF SYRACUSE UNIV          ,NY,13502-4892,Private      ,597,502,1099,3213,1197,4410
00288500,ALBANY COLLEGE OF PHARMACY AND HEALTH SC,NY,12208-3492,Private      ,129,99,228,1473,626,2099
00288600,ALBANY LAW SCHOOL                       ,NY,12208-0000,Private      ,6,396,402,25,1527,1552
00288700,ALBANY MEDICAL COLLEGE                  ,NY,12208-0000,Private      ,6,199,205,35,1012,1047
00288900,UNION COLLEGE                           ,NY,12308-2311,Private      ,192,27,219,3187,80,3267
00289000,UNION THEOLOGICAL SEMINARY              ,NY,10027-0000,Private      ,0,62,62,0,285,285
00289200,UNITED STATES MERCHANT MARINE ACADEMY   ,NY,11024-1699,Public       ,120,8,128,403,21,424
00289400,UNIVERSITY OF ROCHESTER                 ,NY,14627-9000,Private      ,975,532,1507,7367,1419,8786
00289401,EASTMAN SCH OF MUSIC/UNIV ROCHESTER     ,NY,14604-0000,Private      ,88,87,175,692,334,1026
00289402,UNIV OF ROCHESTER SCHL OF MEDICINE      ,NY,14642-0000,Private      ,5,258,263,39,691,730
00289500,VASSAR COLLEGE                          ,NY,12604-0008,Private      ,626,27,653,4870,93,4963
00289600,VILLA MARIA COLLEGE-BUFFALO             ,NY,14225-3999,Private      ,179,93,272,401,150,551
00289900,WAGNER COLLEGE                          ,NY,10301-4495,Private      ,410,140,550,2561,280,2841
00290000,WEBB INSTITUTE                          ,NY,11542-1398,Private      ,8,0,8,46,6,52
00290100,WELLS COLLEGE                           ,NY,13026-0500,Private      ,136,23,159,1212,62,1274
00290300,YESHIVA UNIVERSITY                      ,NY,10033-3201,Private      ,563,869,1432,1850,3109,4959
00290302,YESHIVA UNIVERSITY - BRONX CAMPUS       ,NY,10461-1975,Private      ,3,421,424,9,1101,1110
00397400,MESIVTHA TIFERETH JERUSALEM OF AMER     ,NY,10002-6382,Private      ,2,0,2,3,0,3
00397600,RABBINICAL ACAD MESIVTA RABBI CHAIM     ,NY,11230-4715,Private      ,0,0,0,3,0,3
00397800,RABBINICAL SEMINARY OF AMERICA          ,NY,11375-0000,Private      ,2,0,2,2,2,4
00397900,COLUMBIA UNIV TEACHERS COLLEGE          ,NY,10027-0000,Private      ,5,1018,1023,24,3747,3771
00405400,HEBREW UNION COL-JEWISH INST OF REL     ,NY,10012-0000,Private      ,0,58,58,0,90,90
00455301,ITT TECHNICAL INSTITUTE                 ,NY,12205-0000,Proprietary  ,55,144,199,95,186,281
00475900,"CUNY, YORK COLLEGE                      ",NY,11451-0001,Public       ,2432,1802,4234,6433,3028,9461
00476500,CUNY GRADUATE SCH & UNIV CTR            ,NY,10016-4309,Public       ,20,816,836,56,2007,2063
00477600,CENTRAL YESHIVA TOMCHEI TMIMIM LUBA     ,NY,11230-2798,Private      ,10,1,11,14,1,15
00478800,HERKIMER COUNTY COMMUNITY COLLEGE       ,NY,13350-1598,Public       ,834,420,1254,1977,724,2701
00479800,MIRRER YESHIVA CENTRAL INST             ,NY,11223-2010,Private      ,1,2,3,1,2,3
00479900,MONROE COLLEGE                          ,NY,10468-4305,Proprietary  ,1184,1856,3040,2427,3515,5942
00481100,EVEREST INSTITUTE                       ,NY,14621-3007,Proprietary  ,160,761,921,201,1205,1406
00506401,ST JAMES MERCY HOSP SCH OF RAD          ,NY,14843-2197,Private      ,5,10,15,10,20,30
00506600,FAXTON ST. LUKE'S SCHOOL OF RADIOGRAPHY ,NY,13502-4856,Private      ,8,8,16,18,14,32
00520800,THE COLLEGE OF WESTCHESTER              ,NY,10602-0000,Proprietary  ,298,253,551,608,380,988
00587700,ROBERT J HOCHSTIM SCHOOL OF RADIOG      ,NY,11572-1151,Private      ,0,3,3,1,5,6
00643501,ARNOT OGDEN MEDICAL CENTER              ,NY,14905-1676,Private      ,13,23,36,27,36,63
00643800,PHILLIPS BETH ISRAEL SCH OF NURSING     ,NY,10001-6354,Private      ,35,132,167,65,221,286
00644300,COCHRAN SCH NSG-ST JOHN RVSDE HOSP      ,NY,10701-1399,Private      ,26,167,193,44,269,313
00644500,CROUSE HOSP SCH OF NURSING              ,NY,13210-1690,Private      ,46,87,133,120,169,289
00644800,ELLIS HOSPITAL SCHOOL OF NURSING        ,NY,12308-0000,Private      ,21,52,73,27,95,122
00646101,ST ELIZABETH COLLEGE OF NURSING         ,NY,13501-2998,Private      ,45,89,134,96,186,282
00646102,ST ELIZABETH SCH OF RADIOGRAPHY         ,NY,13501-0000,Private      ,6,11,17,15,14,29
00646700,SAINT JOSEPH'S COLLEGE OF NURSING       ,NY,13203-1806,Private      ,35,57,92,160,216,376
00678200,GENESEE COMMUNITY COLLEGE               ,NY,14020-9704,Public       ,823,767,1590,1835,1328,3163
00678500,SCHENECTADY COUNTY COMMUNITY CLG        ,NY,12305-2294,Public       ,680,680,1360,1255,1047,2302
00678700,CLINTON COMMUNITY COLLEGE               ,NY,12901-5690,Public       ,472,287,759,970,471,1441
00678800,TOMPKINS CORTLAND COMMUNITY COLLEGE     ,NY,13053-8504,Public       ,873,563,1436,1989,935,2924
00678900,COLUMBIA-GREENE COMMUNITY COLLEGE       ,NY,12534-9543,Public       ,345,284,629,705,512,1217
00679100,SUNY AT PURCHASE                        ,NY,10577-1400,Public       ,1072,260,1332,6194,788,6982
00702200,CUNY-LEHMAN COLLEGE                     ,NY,10468-1589,Public       ,3003,3224,6227,9628,5916,15544
00702600,"MT SINAI SCH OF MEDICINE, NY UNIV       ",NY,10029-0000,Private      ,6,360,366,13,1008,1021
00710900,SUNY COLLEGE-OLD WESTBURY               ,NY,11568-0210,Public       ,1293,664,1957,4539,1205,5744
00711100,NORTH COUNTRY COMMUNITY COLLEGE         ,NY,12983-2046,Public       ,237,262,499,483,395,878
00726400,MESIFTA TORAH VODAATH RABBINCAL SEM     ,NY,11218-5209,Private      ,0,0,0,1,0,1
00727300,CUNY-BERNARD BARUCH COLLEGE             ,NY,10010-5518,Public       ,3735,2958,6693,13863,5414,19277
00730400,CULINARY INSTITUTE OF AMERICA           ,NY,12538-1499,Private      ,870,452,1322,2734,1059,3793
00737200,AUSTIN'S SCHOOL OF SPA TECHNOLOGY       ,NY,12206-1513,Proprietary  ,58,154,212,69,163,232
00737500,ISLAND DRAFTING & TECHNICAL INST        ,NY,11701-2704,Proprietary  ,49,43,92,55,53,108
00738700,LONG ISLAND BEAUTY SCHOOL               ,NY,11788-4346,Proprietary  ,6,18,24,10,20,30
00738800,LONG ISLAND BEAUTY SCHOOL               ,NY,11550-3704,Proprietary  ,12,48,60,18,51,69
00739100,BEAUTY SCHOOL OF MIDDLETOWN             ,NY,10940-6574,Proprietary  ,8,14,22,12,19,31
00739400,BERKELEY COLLEGE                        ,NY,10017-0000,Proprietary  ,967,1104,2071,1863,1652,3515
00739402,BERKELEY COLLEGE-WESTCHESTER CAMPUS     ,NY,10601-1533,Proprietary  ,352,162,514,640,246,886
00739800,KATHARINE GIBBS SCHOOL                  ,NY,10018-2602,Proprietary  ,55,103,158,87,172,259
00740100,MANDL SCHOOL                            ,NY,10019-5516,Proprietary  ,56,277,333,60,291,351
00740500,WOOD TOBE-COBURN SCHOOL                 ,NY,10016-0102,Proprietary  ,310,55,365,484,95,579
00746500,AMERICAN ACADEMY OF DRAMATIC ARTS       ,NY,10016-7089,Private      ,107,46,153,323,107,430
00746600,LIM COLLEGE                             ,NY,10022-5268,Proprietary  ,351,60,411,1480,148,1628
00746800,SCHOOL OF VISUAL ARTS                   ,NY,10010-3994,Proprietary  ,568,342,910,3555,1286,4841
00750602,LINCOLN TECHNICAL INSTITUTE             ,NY,11357-6092,Proprietary  ,154,94,248,277,153,430
00751800,APEX TECHNICAL SCHOOL                   ,NY,10011-2008,Proprietary  ,230,630,860,313,821,1134
00752200,CONTINENTAL SCH OF BEAUTY CULTURE       ,NY,14623-3231,Proprietary  ,21,82,103,28,89,117
00753200,FINGER LAKES COMMUNITY COLLEGE          ,NY,14424-8395,Public       ,1140,713,1853,2607,1330,3937
00757200,AMERICAN MUSICAL AND DRAMATIC ACAD      ,NY,10023-2106,Private      ,434,81,515,1450,216,1666
00757300,EMPIRE BEAUTY SCHOOL                    ,NY,11103-4028,Proprietary  ,34,76,110,46,111,157
00780400,CAREER ACADEMY OF NEW YORK              ,NY,10011-7307,Proprietary  ,64,226,290,86,314,400
00818900,CONTINENTAL SCH OF BEAUTY CULTURE       ,NY,14223-0000,Proprietary  ,1,3,4,3,5,8
00818902,CONTINENTAL SCHOOL OF BEAUTY CULTURE  - ,NY,14224-3402,Proprietary  ,2,0,2,3,2,5
00843700,CHAMPLAIN VALLEY - TEC/PRN              ,NY,12901-0000,Public       ,4,9,13,8,18,26
00849500,JAMESTOWN BUSINESS COLLEGE              ,NY,14702-0429,Proprietary  ,61,120,181,120,207,327
00861100,"CUNY, HOSTOS CMTY COLLEGE               ",NY,10451-1499,Public       ,1659,1940,3599,3118,3059,6177
00878800,SUNY-STUDENT LOAN SERVICE CENTER        ,NY,12144-3440,Public       ,3,0,3,11,4,15
00900300,OLEAN BUSINESS INSTITUTE INC            ,NY,14760-2691,Proprietary  ,7,21,28,13,37,50
00902900,NEIGHBORHOOD PLAYHOUSE                  ,NY,10022-5017,Private      ,6,10,16,19,26,45
00904300,ELMIRA BUSINESS INSTITUTE               ,NY,14901-2731,Proprietary  ,51,248,299,84,491,575
00907700,UTICA SCHOOL OF COMMERCE                ,NY,13501-2280,Proprietary  ,66,235,301,105,289,394
00924800,SAMARITAN HOSPITAL SCH NURSING          ,NY,12180-2475,Private      ,24,88,112,41,161,202
00928300,MIDWAY-PARIS BEAUTY SCHOOL              ,NY,11385-3453,Proprietary  ,6,10,16,6,11,17
00928400,LEARNING INST FOR BEAUTY SCIENCES       ,NY,11756-1345,Proprietary  ,14,28,42,16,31,47
00933500,MESIVTA EASTERN PKWY RABBINICAL CLG     ,NY,11218-5559,Private      ,1,0,1,1,0,1
00947900,SAINT VINCENTS CMC SI NURSING SCHOOL    ,NY,10304-3850,Proprietary  ,37,83,120,52,111,163
00976900,METROPOLITAN COLLEGE OF NEW YORK        ,NY,10013-1919,Private      ,58,482,540,115,1110,1225
00992900,SUNY COLLEGE OF OPTOMETRY               ,NY,10036-8003,Public       ,7,139,146,18,338,356
01005100,LA GUARDIA CMTY COLLEGE - CUNY          ,NY,11101-3083,Public       ,3408,2773,6181,6666,4661,11327
01005200,JEFFERSON-LEWIS BOCES PRAC NRSGPRG      ,NY,13601-9509,Public       ,8,44,52,12,66,78
01009700,CUNY-MEDGAR W EVERS COLLEGE             ,NY,11225-2010,Public       ,1610,1980,3590,3344,3159,6503
01014200,TOURO COLLEGE                           ,NY,10010-4202,Private      ,1186,4464,5650,1820,7741,9561
01014700,WESTERN SUFFOLK BOCES                   ,NY,11768-3499,Public       ,20,59,79,35,118,153
01015300,HELENE FULD COL OF NRSNG/N GEN HOSP     ,NY,10035-0000,Private      ,3,116,119,9,177,186
01028600,EMPIRE STATE COLLEGE                    ,NY,12866-4391,Public       ,269,3304,3573,492,7499,7991
01037800,RABBINICAL COLLEGE OF LONG ISLAND       ,NY,11561-3244,Private      ,0,0,0,1,1,2
01055100,NEW YORK SCH MED & DENTAL ASSISTANT     ,NY,11101-2327,Proprietary  ,45,108,153,81,199,280
01064100,SOUTHERN WESTCHESTER BOCES              ,NY,10543-0000,Public       ,4,41,45,9,50,59
01068400,ERIE COMMUNITY COLLEGE-ALL CAMPUSES     ,NY,14203-2698,Public       ,2778,2600,5378,4992,3997,8989
01081300,AMERICAN ACAD MCALLISTER INST           ,NY,10019-3604,Private      ,36,88,124,54,190,244
01083700,SIMMONS INST OF FUNERAL SERVICE         ,NY,13207-2098,Proprietary  ,13,18,31,29,27,56
01093000,SUBURBAN TECHNICAL SCHOOL               ,NY,11550-3771,Proprietary  ,63,228,291,71,274,345
01095200,PNW BOCES LPN PROGRAM                   ,NY,10598-0000,Public       ,2,19,21,6,33,39
01103100,TECHNICAL CAREER INSTITUTE              ,NY,10001-2789,Proprietary  ,787,1555,2342,1003,2317,3320
01118900,UNITED TALMUDICAL SEMINARY              ,NY,11211-7984,Private      ,1,0,1,1,0,1
01161400,CHAMPLAIN VALLEY HOSP SCH RAD TECH      ,NY,12901-1490,Private      ,11,3,14,21,9,30
01161700,NEW YORK METHODIST HOSPITAL             ,NY,11229-9023,Private      ,29,56,85,42,95,137
01164700,SBI CAMPUS - AN AFFILIATE OF SANFORD-BRO,NY,11747-3785,Proprietary  ,115,177,292,203,331,534
01167000,YESHIVA OF NITRA RABBINICAL COLLEGE     ,NY,11211-7108,Private      ,1,0,1,1,0,1
01167700,MEMORIAL SLOAN KETTERING CANCER CTR     ,NY,10021-6094,Private      ,0,5,5,1,10,11
01167800,SUNY INST OF TECHNOLOGY UTICA ROME      ,NY,13504-3050,Public       ,455,479,934,1476,796,2272
01182100,YESHIVATH ZICHRON MOSHE                 ,NY,12779-0580,Private      ,1,0,1,1,0,1
01183000,BERK TRADE AND BUSINESS SCHOOL          ,NY,11101-0000,Proprietary  ,2,16,18,5,20,25
01185900,WORD OF LIFE BIBLE INSTITUTE            ,NY,12860-0129,Private      ,178,32,210,355,48,403
01186000,MERCY MED CNTR SCHL OF RADIOGRAPHY      ,NY,11570-1098,Private      ,3,2,5,5,7,12
01192100,WESTCHESTER SCH OF BEAUTY CULTURE       ,NY,10550-2295,Proprietary  ,5,18,23,7,22,29
01192200,BETH HATALMUD RABBINICAL CLG            ,NY,11214-2594,Private      ,1,0,1,1,0,1
01198400,OHR HAMEIR THEOLOGICAL SEMINARY         ,NY,10566-0990,Private      ,0,0,0,1,1,2
01201100,TALMUDICAL SEM OHOLEI TORAH             ,NY,11213-3310,Private      ,5,0,5,8,0,8
01207200,PHILLIPS HAIRSTYLING INSTITUTE          ,NY,13210-1509,Proprietary  ,9,36,45,13,54,67
01210700,INSTITUTE OF DESIGN & CONSTRUCTION      ,NY,11201-5380,Private      ,14,37,51,27,69,96
01220300,MEMORIAL HOSPITAL SCH OF NURSING        ,NY,12204-1083,Private      ,12,58,70,23,114,137
01227700,NEW YORK CHIROPRACTIC COLLEGE           ,NY,13148-0800,Private      ,5,276,281,18,638,656
01229300,VEEB NASSAU CNTY SCHL OF PRACT NURS     ,NY,11553-3037,Public       ,22,90,112,33,115,148
01235800,PLAZA COLLEGE                           ,NY,11372-6300,Proprietary  ,158,377,535,230,601,831
01236400,SAINT VINCENTS CATHOLIC MEDICAL CENTERS ,NY,11354-0000,Proprietary  ,20,76,96,30,119,149
01240700,SCHUYLER-CHEMUNG-TIOGA BOCES            ,NY,14903-1089,Public       ,13,60,73,24,122,146
01240701,STEUBEN SCHUYLER CHEMUNG TIOGA ALLEGANY ,NY,14870-9518,Public       ,0,1,1,0,1,1
01256100,FIVE TOWNS COLLEGE                      ,NY,11746-5871,Proprietary  ,446,94,540,1166,186,1352
01258900,ERIE 1 BOCES                            ,NY,14224-0000,Public       ,18,112,130,23,134,157
01265200,ONONDAGA CORTLAND MADISON BOCES         ,NY,13090-4500,Public       ,55,305,360,87,433,520
01278300,OSWEGO COUNTY BOCES ADULT CAREERS       ,NY,13114-4498,Public       ,6,32,38,21,77,98
01292700,CENTRAL TECH NURSING PROGRAM            ,NY,13202-3092,Public       ,2,41,43,5,49,54
01302900,BORICUA COLLEGE                         ,NY,10032-1599,Private      ,152,426,578,213,617,830
02056400,CAPRI COSMETOLOGY LEARNING CENTER       ,NY,10954-0000,Proprietary  ,15,51,66,18,58,76
02066200,THE NEW SCHOOL                          ,NY,10011-0000,Private      ,905,1505,2410,4709,4625,9334
02069000,NEW YORK SCHOOL OF INTERIOR DESIGN      ,NY,10021-0000,Private      ,52,152,204,168,244,412
02075700,BRIARCLIFFE COLLEGE                     ,NY,11714-0000,Proprietary  ,220,136,356,740,541,1281
02075702,BRIARCLIFFE COLLEGE - PATCHOGUE         ,NY,11772-3019,Proprietary  ,128,114,242,523,392,915
02092400,RIDLEY-LOWELL SCHOOL OF BUSINESS        ,NY,13905-0000,Proprietary  ,5,27,32,9,31,40
02093700,LONG ISLAND BUSINESS INSTITUTE          ,NY,11725-0000,Proprietary  ,188,495,683,225,653,878
02098400,HERKIMER COUNTY BOCES                   ,NY,13350-0000,Public       ,16,62,78,26,78,104
02104300,OTSEGO AREA SCHOOL OF PRAC NURSING      ,NY,13820-0000,Public       ,1,5,6,1,5,6
02105900,HAIR DESIGN INSTITUTE AT FIFTH AVE      ,NY,11220-0000,Proprietary  ,4,18,22,10,24,34
02106800,BRAMSON ORT COLLEGE                     ,NY,11375-0000,Private      ,111,292,403,115,296,411
02110900,CATTARAUGUS/ALLEGANY BOCES              ,NY,14760-0000,Public       ,8,46,54,12,56,68
02112301,RIDLEY - LOWELL BUSINESS & TECHNICAL INS,NY,12601-3328,Proprietary  ,23,153,176,23,154,177
02116011,SANFORD-BROWN INSTITUTE - NEW YORK      ,NY,10003-2103,Proprietary  ,221,577,798,368,927,1295
02118700,LONG ISLAND COLLEGE HOSPITAL - SCHOOL OF,NY,11201-6001,Private      ,19,102,121,52,162,214
02118702,LONG ISLAND COLLEGE HOSPITAL - SCHOOL OF,NY,11201-6001,Private      ,18,58,76,60,110,170
02124000,ORANGE ULSTER BOCES SCH OF PRAC NRS     ,NY,10924-9401,Public       ,7,50,57,12,71,83
02125500,CIRCLE IN THE SQUARE THEATRE SCHOOL     ,NY,10019-0000,Private      ,23,23,46,50,41,91
02126300,MADISON-ONEIDA BOCES PRAC NRS           ,NY,13478-0000,Public       ,3,34,37,8,47,55
02138500,BOCES RENSSELAER SCH OF PRAC NRSG       ,NY,12033-3221,Public       ,6,24,30,10,36,46
02145800,CAYUGA ONONDAGA BOCES                   ,NY,13021-9430,Public       ,5,30,35,9,55,64
02146000,WAYNE-FINGER LAKES BOCES                ,NY,14513-0000,Public       ,16,160,176,19,176,195
02152000,YESHIVA SHAAR HATORAH ITRI TORAH        ,NY,11418-0000,Private      ,1,0,1,1,0,1
02153600,BROOME-TIOGA BOCES PN PROG              ,NY,13905-0000,Public       ,16,83,99,23,119,142
02157900,ROCHESTER GENERAL HOSPITAL              ,NY,14621-3001,Private      ,6,69,75,17,90,107
02158200,WSHNGTN-SARTGA-WARN-HMLTN-ESX BOCES     ,NY,12839-1051,Public       ,17,91,108,24,108,132
02160100,GENEVA GENERAL HOSPITAL                 ,NY,14456-0000,Private      ,16,46,62,18,74,92
02163400,NEW YORK CAREER INSTITUTE               ,NY,10007-2801,Proprietary  ,102,315,417,136,427,563
02169100,DAVIS COLLEGE                           ,NY,13790-0000,Private      ,88,55,143,154,81,235
02170000,SWEDISH INSTITUTE                       ,NY,10001-0000,Proprietary  ,53,216,269,68,390,458
02170200,ALBANY SCHOHARIE SCHENECTADY            ,NY,12205-0000,Public       ,7,44,51,13,47,60
02171900,AILEY SCHOOL (THE)                      ,NY,10019-4402,Private      ,23,15,38,89,23,112
02172100,HAMILTON-FULTON-MONTGOMERY BOCES        ,NY,12095-0000,Public       ,8,6,14,22,13,35
02172800,DUTCHESS COUNTY BOCES SCH PRAC NURS     ,NY,12601-0000,Public       ,19,64,83,25,76,101
02173200,EMPIRE BEAUTY SCHOOL                    ,NY,10001-0000,Proprietary  ,146,282,428,209,449,658
02173201,LEARNING INSTITUTES FOR BEAUTY SCIENCES-,NY,11214-4347,Proprietary  ,0,2,2,1,7,8
02173900,ULSTER COUNTY BOCES PRACTICAL NRSG      ,NY,12466-0000,Public       ,9,63,72,13,79,92
02176000,CHERYL FELL'S SCHOOL OF BUSINESS        ,NY,14304-0000,Proprietary  ,2,29,31,3,31,34
02179400,EASTERN SUFFOLK BOCES                   ,NY,11713-0000,Public       ,69,256,325,85,285,370
02182200,NEW SCHOOL OF RADIO & TELEVISION        ,NY,12206-1106,Proprietary  ,13,14,27,20,21,41
02191600,TORAH TEMIMAH TALMUDICAL SEMINARY       ,NY,11218-0000,Private      ,1,0,1,1,0,1
02192500,BELLEVUE HOSP CTR SCH RAD TECH          ,NY,10016-0000,Public       ,5,13,18,7,21,28
02193700,SAINT LAWRENCE LEWIS COUNTY BOCES       ,NY,13617-0000,Public       ,5,1,6,74,4,78
02193703,SAINT LAWRENCE LEWIS COUNTY BOCES - ADUL,NY,13668-3238,Public       ,0,0,0,1,0,1
02199300,ORLEANS-NIAGARA BOCES                   ,NY,14132-0000,Public       ,5,15,20,7,28,35
02206000,HUNTER BUSINESS SCHOOL                  ,NY,11756-0000,Proprietary  ,44,251,295,53,294,347
02206001,HUNTER BUSINESS SCHOOL -                ,NY,11763-0000,Proprietary  ,2,5,7,13,11,24
02217800,D.HOPFER SCH NURSING AT MT.VRN HOSP     ,NY,10550-0000,Private      ,13,111,124,30,156,186
02219500,MILDRED ELLEY                           ,NY,12206-1513,Proprietary  ,93,513,606,132,686,818
02235600,ERIE 2-CHAUTAUQUA-CATTARAUGUS BOCES     ,NY,14006-0000,Public       ,8,74,82,11,81,92
02265100,YESHIVA DERECH CHAIM                    ,NY,11218-0000,Private      ,4,0,4,4,0,4
02265200,GLOBAL BUSINESS INSTITUTE               ,NY,11691-0000,Private      ,197,592,789,197,593,790
02272900,ROCKLAND COUNTY BOCES PRAC NRSG SCH     ,NY,10994-0000,Public       ,4,53,57,6,64,70
02275900,"MODERN WELDING SCHOOL, INC.             ",NY,12304-0000,Proprietary  ,9,14,23,13,15,28
02287800,NATIONAL TRACTOR TRAILER SCHOOL         ,NY,13088-2505,Proprietary  ,5,69,74,6,76,82
02294900,INSTITUTE OF AUDIO RESEARCH             ,NY,10003-0000,Proprietary  ,126,113,239,201,189,390
02306500,PROFESSIONAL BUSINESS INSTITUTE         ,NY,10002-0000,Private      ,151,285,436,193,387,580
02314200,NORTHERN WESTCHESTER SCH COSMETOL       ,NY,10566-0000,Proprietary  ,6,5,11,6,5,11
02320100,OHR SOMAYACH TANENBAUM EDUCATIONAL CENTE,NY,10952-0000,Private      ,0,1,1,1,1,2
02325600,NEW YORK INSTITUTE OF ENGLISH & BUS     ,NY,10001-0000,Private      ,37,135,172,45,144,189
02349700,RABBINICAL SEMINARY ADAS YEREIM         ,NY,11211-0000,Private      ,1,0,1,1,0,1
02454300,NEW YORK UNIVERSITY SCHOOL OF MEDICINE  ,NY,10016-6497,Private      ,37,131,168,202,834,1036
02491400,SPANISH AMERICAN INSTITUTE              ,NY,10036-0000,Private      ,0,2,2,2,3,5
02505900,SH-OR YOSHUV RABBINICAL COLLEGE         ,NY,11691-0000,Private      ,5,0,5,8,0,8
02506000,ASSOCIATED BETH RIVKAH SCHOOLS          ,NY,11225-0000,Private      ,10,0,10,13,1,14
02506100,CITY UNIV OF NEW YORK-CENTRAL           ,NY,10021-0000,Public       ,138,107,245,547,328,875
02506200,MERCE CUNNINGHAM STUDIO                 ,NY,10014-0000,Private      ,0,1,1,2,2,4
02506800,YESHIVAT MIKDASH MELECH                 ,NY,11230-0000,Private      ,8,1,9,10,1,11
02511500,JOFFREY BALLET SCHOOL                   ,NY,10011-0000,Proprietary  ,14,2,16,34,3,37
02513500,MAR JON SCHOOL OF BEAUTY CULTURE        ,NY,14150-0000,Proprietary  ,3,22,25,7,26,33
02525600,ART INSTITUTE OF NEW YORK CITY (THE)    ,NY,10013-2429,Proprietary  ,621,370,991,1400,697,2097
02540800,"GLOBE INSTITUTE OF TECHNOLOGY, INC.     ",NY,10007-0000,Proprietary  ,79,112,191,110,134,244
02546000,TRI-STATE COLLEGE OF ACUPUNCTURE        ,NY,10011-0000,Proprietary  ,0,85,85,1,106,107
02550600,TALMUDICAL INST OF UPSTATE NY           ,NY,14607-0000,Private      ,1,2,3,2,2,4
02556700,SEMINAR L'MOROS BAIS YAAKOV             ,NY,11219-0000,Private      ,119,0,119,122,0,122
02572900,BUSINESS INFORMATICS CENTER             ,NY,11580-0000,Proprietary  ,4,8,12,9,10,19
02575400,FRENCH CULINARY INSTITUTE               ,NY,10013-2618,Proprietary  ,97,246,343,192,444,636
02587600,ORLO SCH HAIR DESIGN & COSMETOLOGY      ,NY,12206-1723,Proprietary  ,28,23,51,33,31,64
02599400,NEW YORK COLLEGE OF HEALTH PROFESSIONS  ,NY,11791-4413,Private      ,41,135,176,125,503,628
02600100,NEW YORK ACADEMY OF ART (THE)           ,NY,10013-2911,Private      ,15,65,80,52,168,220
02614900,SANFORD-BROWN INSTITUTE                 ,NY,10604-2910,Proprietary  ,46,196,242,86,323,409
02615001,SANFORD-BROWN INSTITUTE - GARDEN CITY   ,NY,11530-4734,Proprietary  ,6,17,23,16,36,52
02616600,SHEAR EGO INTL SCH OF HAIR DESIGN       ,NY,14617-3501,Proprietary  ,21,50,71,28,59,87
02617000,CONTINENTAL SCH OF BEAUTY CULTURE       ,NY,14020-1908,Proprietary  ,9,16,25,9,17,26
02617001,CONTINENTAL SCHOOL OF BEAUTY CULTURE - O,NY,14760-2618,Proprietary  ,2,1,3,2,1,3
03007200,DANCE THEATRE OF HARLEM                 ,NY,10031-0000,Private      ,1,1,2,8,2,10
03027701,PACIFIC COLLEGE OF ORIENTAL MEDICINE - N,NY,10010-7108,Proprietary  ,5,116,121,12,197,209
03081600,DELAWARE CHENANGO MADISON OT. BOCES     ,NY,13815-9554,Public       ,2,6,8,5,16,21
03088500,NEW YORK INTERNATIONAL BEAUTY SCH       ,NY,10019-0000,Proprietary  ,13,44,57,20,51,71
03089700,COMPUTER CAREER CENTER                  ,NY,11530-3334,Proprietary  ,47,253,300,63,316,379
03095500,ASA INST BUSINESS & COMPUTER TECH       ,NY,11201-5208,Proprietary  ,293,766,1059,324,809,1133
03096200,CHARLES STUART SCHOOL                   ,NY,11229-2004,Proprietary  ,1,19,20,1,20,21
03097801,CARSTEN INSTITUTE                       ,NY,10003-1901,Proprietary  ,1,2,3,2,7,9
03099100,SUNBRIDGE COLLEGE                       ,NY,10977-0000,Private      ,0,6,6,0,14,14
03103700,ADIRONDACK BEAUTY SCHOOL                ,NY,12801-3158,Proprietary  ,3,16,19,8,22,30
03104900,SULLIVAN COUNTY BOCES                   ,NY,12754-2116,Public       ,4,15,19,11,17,28
03111100,NEW YORK PARALEGAL SCHOOL               ,NY,10007-0000,Proprietary  ,0,0,0,5,12,17
03115300,GENESEE VALLEY BOCES                    ,NY,14020-1099,Public       ,9,51,60,12,71,83
03120700,NEW YORK CONSERVATORY FOR DRAMATIC ARTS ,NY,10011-4225,Proprietary  ,103,47,150,413,100,513
03129200,RABBINICAL CLG OHR SHIMAR YISROEL       ,NY,11211-8102,Private      ,0,0,0,2,0,2
03169300,STUDIO JEWELERS                         ,NY,10016-4112,Proprietary  ,3,6,9,3,9,12
03181400,MERKAZ BNOS                             ,NY,11204-0000,Private      ,5,91,96,5,92,97
03191300,CUNY SCHOOL OF LAW @ QUEENS COLLEGE     ,NY,11367-0000,Public       ,40,384,424,163,1181,1344
03193300,MANHATTAN SCHOOL OF COMPUTER TECH       ,NY,11230-1617,Private      ,28,211,239,33,217,250
03203300,NEW YORK INSTITUTE OF MASSAGE           ,NY,14221-6021,Proprietary  ,17,48,65,25,85,110
03216300,UNIFICATION THEOLOGICAL SEMINARY        ,NY,12507-5021,Private      ,0,1,1,0,5,5
03315300,HARLEM SCHOOL OF TECHNOLOGY             ,NY,10027-4426,Proprietary  ,2,1,3,6,11,17
03328300,FRANKLIN CAREER INSTITUTE               ,NY,11550-3003,Private      ,94,257,351,132,355,487
03342400,AMERICAN BARBER INSTITUTE               ,NY,10001-5271,Proprietary  ,17,57,74,27,70,97
03358300,ALLEN SCHOOL                            ,NY,11432-4901,Proprietary  ,92,443,535,131,645,776
03361500,WILLSEY INSTITUTE                       ,NY,10301-1989,Proprietary  ,0,0,0,1,2,3
03380300,CULINARY ACADEMY OF LONG ISLAND         ,NY,11791-5311,Proprietary  ,34,88,122,59,122,181
03419400,NORTHEASTERN SEMINARY                   ,NY,14624-1997,Private      ,0,45,45,7,71,78
03426400,ANTHEM INSTITUTE                        ,NY,10018-0000,Proprietary  ,91,153,244,150,302,452
03433500,LIA SCHORR INSTITUTE OF COSMETIC SK     ,NY,10022-2614,Proprietary  ,4,24,28,4,26,30
03443300,NEW YORK COLLEGE OF TRADITIONAL CHINESE ,NY,11501-0000,Private      ,0,21,21,1,39,40
03537300,NEW YORK AUTOMOTIVE & DIESEL INSTIT     ,NY,11101-0000,Proprietary  ,55,144,199,70,191,261
03568300,LEON STUDIO ONE SCHOOL OF HAIR DESI     ,NY,14221-5323,Proprietary  ,7,16,23,9,22,31
03651300,SAINT JOSEPH'S MEDICAL CENTER SCHOO     ,NY,10701-4080,Private      ,0,10,10,3,16,19
03652300,METROPOLITAN LEARNING INSTITUTE         ,NY,11375-0000,Private      ,13,353,366,15,402,417
03691300,USA BEAUTY SCHOOL INTERNATIONAL         ,NY,10013-3530,Proprietary  ,6,63,69,9,64,73
03713300,BEIS MEDRASH HEICHAL DOVID              ,NY,11691-4433,Private      ,3,0,3,4,0,4
03773300,CENTER FOR NATURAL WELLNESS SCHOOL OF MA,NY,12205-1601,Proprietary  ,11,28,39,15,42,57
03802300,UTA MESIVTA OF KIRYAS JOEL              ,NY,10950-2169,Private      ,1,0,1,1,0,1
03809400,MICROPOWER CAREER INSTITUTE             ,NY,10001-2812,Proprietary  ,1,29,30,1,29,30
03819400,HUDSON VALLEY SCHOOL OF ADVANCED AESTHET,NY,12493-0000,Proprietary  ,3,5,8,4,8,12
03839300,AVEDA INSTITUTE NEW YORK                ,NY,10013-1522,Proprietary  ,31,54,85,58,107,165
03881300,UNION GRADUATE COLLEGE                  ,NY,12308-3103,Private      ,2,73,75,15,149,164
03903400,AMERICAN BEAUTY SCHOOL                  ,NY,10462-8003,Proprietary  ,21,62,83,29,72,101
03941400,ELITE ACADEMY OF BEAUTY ARTS            ,NY,11223-1630,Proprietary  ,5,39,44,7,48,55
03983300,"SCHOOL OF PROFESSIONAL HORTICULTURE, AT ",NY,10458-5126,Private      ,0,0,0,0,2,2
04043300,ACE COMPUTER TRAINING CENTER            ,NY,11375-5337,Proprietary  ,2,14,16,2,16,18
04095300,KING'S COLLEGE (THE)                    ,NY,10018-0110,Private      ,77,4,81,378,13,391
04102300,NEW AGE TRAINING                        ,NY,10018-0000,Proprietary  ,0,2,2,0,4,4
04117700,"MONROE 2-ORLEANS BOCES, CENTER FOR WORK ",NY,14624-1119,Public       ,2,13,15,7,18,25
04123200,INSTITUTE OF ALLIED MEDICAL PROFESSIONS ,NY,11373-5541,Private      ,31,178,209,43,299,342
04123300,HUDSON VALLEY SCHOOL OF MASSAGE THERAPY ,NY,12493-0000,Proprietary  ,8,13,21,9,14,23
04125600,CAREER SCHOOL OF NY                     ,NY,10301-2416,Private      ,7,5,12,8,7,15
04134000,"JOHN PAUL'S HAIR, NAIL & SKIN CARE INSTI",NY,12020-1245,Proprietary  ,3,7,10,6,12,18
04137700,ANN MARIE'S WORLD OF BEAUTY SCHOOL      ,NY,13901-2308,Proprietary  ,0,10,10,2,18,20
00267808,BRYANT & STRATTON COLLEGE - PARMA       ,OH,44130-0000,Proprietary  ,217,931,1148,403,2195,2598
00301000,ANTIOCH UNIVERSITY                      ,OH,45387-1608,Private      ,8,401,409,25,658,683
00301100,ART ACADEMY OF CINCINNATI               ,OH,45202-7106,Private      ,68,30,98,266,69,335
00301200,ASHLAND UNIVERSITY                      ,OH,44805-3799,Private      ,557,1048,1605,3430,2025,5455
00301300,ATHENAEUM OF OHIO                       ,OH,45230-2000,Private      ,0,4,4,0,9,9
00301400,BALDWIN-WALLACE COLLEGE                 ,OH,44017-2088,Private      ,978,485,1463,4353,1114,5467
00301600,BLUFFTON UNIVERSITY                     ,OH,45817-2104,Private      ,299,131,430,1485,263,1748
00301800,BOWLING GREEN STATE UNIVERSITY          ,OH,43403-0001,Public       ,3265,1891,5156,15326,4718,20044
00302300,CAPITAL UNIVERSITY                      ,OH,43209-2394,Private      ,560,854,1414,3641,2245,5886
00302400,CASE WESTERN RESERVE UNIV               ,OH,44106-0000,Private      ,1096,311,1407,6175,828,7003
00302401,CASE WESTERN RESERVE UNIV - MED         ,OH,44106-0000,Private      ,5,369,374,35,1058,1093
00302402,CASE WESTERN RESERVE UNIV - DENTAL      ,OH,44106-0000,Private      ,1,128,129,11,276,287
00302403,CASE WESTERN RESERVE UNIV - LAW         ,OH,44106-0000,Private      ,4,328,332,13,1337,1350
00302404,CASE WESTERN RESERVE UNIV - UG          ,OH,44106-0000,Private      ,107,19,126,439,41,480
00302405,CASE WESTERN RESERVE UNIV - MSASS       ,OH,44106-0000,Private      ,1,135,136,11,374,385
00302406,CASE WESTERN RESERVE UNIV - NURS UG     ,OH,44106-0000,Private      ,56,42,98,181,102,283
00302407,CASE WESTERN RESERVE UNIV - WSOM        ,OH,44106-0000,Private      ,4,129,133,10,227,237
00302408,CASE WESTERN RESERVE UNIV -A&S GRAD     ,OH,44106-0000,Private      ,0,134,134,2,298,300
00302409,CASE WESTERN RESERVE UNIV -ENG GRAD     ,OH,44106-0000,Private      ,2,33,35,14,77,91
00302410,CASE WESTERN RESERVE UNIV -NURS GRD     ,OH,44106-0000,Private      ,0,137,137,4,274,278
00302500,CEDARVILLE UNIVERSITY                   ,OH,45314-8564,Private      ,670,63,733,3465,143,3608
00302600,CENTRAL STATE UNIVERSITY                ,OH,45384-1004,Public       ,842,431,1273,3201,1182,4383
00302900,CINCINNATI CHRISTIAN UNIVERSITY         ,OH,45204-3200,Private      ,120,183,303,395,368,763
00303000,OHIO CHRISTIAN UNIVERSITY               ,OH,43113-9487,Private      ,139,316,455,297,540,837
00303100,CLEVELAND INSTITUTE OF MUSIC            ,OH,44106-1776,Private      ,18,22,40,410,349,759
00303200,CLEVELAND STATE UNIVERSITY              ,OH,44115-2214,Public       ,1857,4277,6134,6552,9746,16298
00303300,COLLEGE OF MT ST JOSEPH                 ,OH,45233-1670,Private      ,345,381,726,1612,946,2558
00303500,OHIO DOMINICAN UNIVERSITY               ,OH,43219-2099,Private      ,487,967,1454,2130,1824,3954
00303600,FRANCISCAN UNIV OF STEUBENVILLE         ,OH,43952-1763,Private      ,628,261,889,2047,498,2545
00303700,COLLEGE OF WOOSTER                      ,OH,44691-2363,Private      ,468,31,499,2948,78,3026
00303900,COLUMBUS COLLEGE OF ART AND DESIGN      ,OH,43215-1758,Private      ,178,75,253,1568,299,1867
00304000,CUYAHOGA COMMUNITY COLLEGE              ,OH,44115-2878,Public       ,2394,6661,9055,4613,12457,17070
00304001,CUYAHOGA COMMUNITY CLG-EASTERN CAM      ,OH,44122-6195,Public       ,195,371,566,388,725,1113
00304002,CUYAHOGA COMMUNITY CLG-METRO CAMPUS     ,OH,44115-0000,Public       ,270,723,993,659,1454,2113
00304003,CUYAHOGA COMMUNITY CLG-WESTERN CMPS     ,OH,44130-0000,Public       ,521,587,1108,1188,1121,2309
00304100,"DEFIANCE COLLEGE, THE                   ",OH,43512-1695,Private      ,234,150,384,1239,342,1581
00304200,DENISON UNIVERSITY                      ,OH,43023-1329,Private      ,338,17,355,2821,68,2889
00304300,CHANCELLOR UNIVERSITY                   ,OH,44114-1096,Proprietary  ,7,277,284,18,457,475
00304400,TRINITY LUTHERAN SEMINARY               ,OH,43209-0000,Private      ,0,68,68,1,127,128
00304500,UNIVERSITY OF FINDLAY                   ,OH,45840-3695,Private      ,694,568,1262,2929,1169,4098
00304600,FRANKLIN UNIVERSITY                     ,OH,43215-5399,Private      ,317,2523,2840,727,6556,7283
00304700,HEBREW UNION COLLEGE MAIN CAMPUS        ,OH,45220-0000,Private      ,0,53,53,1,87,88
00304800,HEIDELBERG UNIVERSITY                   ,OH,44883-2462,Private      ,381,111,492,1936,269,2205
00304900,HIRAM COLLEGE                           ,OH,44234-1808,Private      ,403,144,547,1617,265,1882
00305000,JOHN CARROLL UNIVERSITY                 ,OH,44118-4581,Private      ,684,297,981,4049,706,4755
00305100,KENT STATE UNIV - KENT CAMPUS           ,OH,44242-0001,Public       ,4489,3454,7943,18284,7951,26235
00305101,KENT STATE UNIV - GEAUGA CAMPUS         ,OH,44021-0000,Public       ,106,182,288,252,394,646
00305102,KENT STATE UNIV - STARK CAMPUS          ,OH,44720-0000,Public       ,653,747,1400,1794,1593,3387
00305103,KENT STATE UNIV - TUSCARAWAS CAMPUS     ,OH,44663-0000,Public       ,277,461,738,741,952,1693
00305104,KENT STATE UNIV - TRUMBULL CAMPUS       ,OH,44483-0000,Public       ,249,472,721,641,1126,1767
00305105,KENT STATE UNIV - ASHTABULA CAMPUS      ,OH,44004-0000,Public       ,229,542,771,603,1103,1706
00305106,KENT STATE UNIV -E.LIVERPOOL CAMPUS     ,OH,43920-0000,Public       ,124,247,371,270,544,814
00305107,KENT STATE UNIV - SALEM CAMPUS          ,OH,44460-0000,Public       ,193,340,533,552,748,1300
00306500,KENYON COLLEGE                          ,OH,43022-9623,Private      ,160,11,171,2520,38,2558
00306600,LAKE ERIE COLLEGE                       ,OH,44077-3389,Private      ,309,156,465,1309,301,1610
00306800,LORAIN COUNTY COMMUNITY COLLEGE         ,OH,44035-1691,Public       ,1192,2858,4050,2365,4625,6990
00306900,LOURDES COLLEGE                         ,OH,43560-2898,Private      ,209,648,857,545,1355,1900
00307200,MALONE UNIVERSITY                       ,OH,44709-3897,Private      ,258,413,671,2068,967,3035
00307300,MARIETTA COLLEGE                        ,OH,45750-4033,Private      ,264,69,333,2275,225,2500
00307500,METHODIST THEOLOGICAL SCH IN OHIO       ,OH,43015-0000,Private      ,0,96,96,0,192,192
00307600,MIAMI-JACOBS COLLEGE                    ,OH,45401-0000,Proprietary  ,70,594,664,109,890,999
00307602,MIAMI - JACOBS CAREER COLLEGE - SPRINGBO,OH,45066-1115,Proprietary  ,49,191,240,61,302,363
00307603,MIAMI - JACOBS CAREER COLLEGE - TROY    ,OH,45373-3837,Proprietary  ,62,264,326,103,508,611
00307700,MIAMI UNIVERSITY                        ,OH,45056-1831,Public       ,1895,1264,3159,17302,3954,21256
00307800,WRIGHT STATE UNIVERSITY                 ,OH,45435-0002,Public       ,2019,2644,4663,11346,7652,18998
00308300,MOUNT UNION COLLEGE                     ,OH,44601-3993,Private      ,638,67,705,3066,186,3252
00308400,MUSKINGUM UNIVERSITY                    ,OH,43762-1199,Private      ,466,259,725,2099,445,2544
00308500,NOTRE DAME COLLEGE OF OHIO              ,OH,44121-4293,Private      ,490,504,994,1459,895,2354
00308600,OBERLIN COLLEGE                         ,OH,44074-1090,Private      ,680,28,708,4772,128,4900
00308800,OHIO COLLEGE OF PODIATRIC MEDICINE      ,OH,44131-7304,Private      ,0,193,193,0,438,438
00308900,OHIO NORTHERN UNIVERSITY                ,OH,45810-1555,Private      ,693,321,1014,3697,997,4694
00309000,OHIO STATE UNIVERSITY-ALL CAMPUSES      ,OH,43210-1358,Public       ,5686,5213,10899,40583,20317,60900
00310000,OHIO UNIVERSITY                         ,OH,45701-2979,Public       ,2843,1661,4504,18299,4567,22866
00310002,"OHIO UNIVERSITY, ZANESVILLE CAMPUS      ",OH,43701-0000,Public       ,204,382,586,888,981,1869
00310003,"OHIO UNIVERSITY, LANCASTER CAMPUS       ",OH,43130-0000,Public       ,247,415,662,905,968,1873
00310004,"OHIO UNIVERSITY, SOUTHERN CAMPUS        ",OH,45638-0000,Public       ,170,424,594,608,1048,1656
00310005,"OHIO UNIVERSITY, CHILLICOTHE CAMPUS     ",OH,45601-0000,Public       ,225,555,780,695,1312,2007
00310006,"OHIO UNIVERSITY, EASTERN CAMPUS         ",OH,43950-0000,Public       ,103,73,176,424,172,596
00310008,OHIO UNIV COLL OF OSTEOPATHIC MED       ,OH,45701-0000,Public       ,1,158,159,7,438,445
00310900,OHIO WESLEYAN UNIVERSITY                ,OH,43015-2398,Private      ,136,33,169,2788,117,2905
00311000,OTTERBEIN COLLEGE                       ,OH,43081-2006,Private      ,646,332,978,3727,744,4471
00311300,PONTIFICAL COLLEGE JOSEPHINUM           ,OH,43235-1498,Private      ,3,4,7,16,11,27
00311401,FIRELANDS REGIONAL MEDICAL CENTER       ,OH,44870-4788,Private      ,14,47,61,45,122,167
00311500,RABBINICAL COLLEGE OF TELSHE            ,OH,44092-2584,Private      ,0,0,0,0,1,1
00311600,UNIV OF RIO GRANDE                      ,OH,45674-3131,Private      ,194,269,463,658,568,1226
00311601,UNIVERSITY OF RIO GRANDE                ,OH,45674-9989,Private      ,143,205,348,642,531,1173
00311602,UNIVERSITY OF RIO GRANDE - MEIGS CENTER ,OH,45760-0000,Private      ,0,7,7,2,9,11
00311603,UNIVERSITY OF RIO GRANDE - CHILLICOTHE G,OH,45601-0000,Private      ,1,4,5,1,7,8
00311604,UNIVERSITY OF RIO GRANDE - HAMILTON GRAD,OH,45011-2833,Private      ,0,1,1,2,2,4
00311605,UNIVERSITY OF RIO GRANDE - COLUMBUS GRAD,OH,43215-0000,Private      ,4,15,19,11,32,43
00311606,UNIVERSITY OF RIO GRANDE - PORTSMOUTH GR,OH,45662-0000,Private      ,3,4,7,6,7,13
00311607,UNIVERSITY OF RIO GRANDE -              ,OH,45764-0000,Private      ,2,10,12,9,18,27
00311900,SINCLAIR COMMUNITY COLLEGE              ,OH,45402-1460,Public       ,2365,6027,8392,5088,10661,15749
00312100,TIFFIN UNIVERSITY                       ,OH,44883-2161,Private      ,523,853,1376,1901,1618,3519
00312200,UNITED THEOLOGICAL SEMINARY             ,OH,45406-0000,Private      ,1,71,72,1,135,136
00312300,UNIVERSITY OF AKRON                     ,OH,44325-6211,Public       ,4191,4210,8401,16538,10790,27328
00312500,UNIVERSITY OF CINCINNATI                ,OH,45221-0125,Public       ,4922,5746,10668,19740,13711,33451
00312504,UNIVERSITY OF CINCINNATI - COLLEGE OF ME,OH,45267-0553,Public       ,25,383,408,124,933,1057
00312700,UNIVERSITY OF DAYTON                    ,OH,45469-0002,Private      ,992,1065,2057,10096,2977,13073
00313100,UNIVERSITY OF TOLEDO                    ,OH,43606-3390,Public       ,3912,3121,7033,15572,7173,22745
00313101,UNIVERSITY OF TOLEDO - HEALTH SCIENCE CA,OH,43614-2598,Public       ,133,597,730,584,1422,2006
00313300,URBANA UNIVERSITY                       ,OH,43078-2091,Private      ,265,233,498,890,492,1382
00313400,URSULINE COLLEGE                        ,OH,44124-4398,Private      ,152,429,581,605,912,1517
00313500,WALSH UNIVERSITY                        ,OH,44720-3396,Private      ,279,265,544,2322,865,3187
00314100,WILBERFORCE UNIVERSITY                  ,OH,45384-1001,Private      ,169,125,294,973,389,1362
00314200,WILMINGTON COLLEGE                      ,OH,45177-2499,Private      ,375,163,538,1783,447,2230
00314300,WITTENBERG UNIVERSITY                   ,OH,45501-2199,Private      ,207,89,296,2761,194,2955
00314400,XAVIER UNIVERSITY                       ,OH,45207-1035,Private      ,622,1054,1676,5511,2387,7898
00314500,YOUNGSTOWN STATE UNIVERSITY             ,OH,44555-0001,Public       ,1978,2357,4335,7763,5729,13492
00398200,CLEVELAND INSTITUTE OF ART              ,OH,44106-1700,Private      ,104,54,158,743,142,885
00406000,WINEBRENNER THEOLOGICAL SEMINARY        ,OH,45840-0000,Private      ,1,26,27,1,35,36
00485200,CLARK STATE COMMUNITY COLLEGE           ,OH,45505-4795,Public       ,496,1470,1966,1013,2712,3725
00485300,BRADFORD SCHOOL                         ,OH,43219-0000,Proprietary  ,322,249,571,550,398,948
00485500,DAVIS COLLEGE                           ,OH,43623-4307,Proprietary  ,42,294,336,73,497,570
00486100,UNIVERSITY OF NORTHWESTERN OHIO         ,OH,45805-1498,Private      ,1133,547,1680,3544,1176,4720
00486600,STAUTZENBERGER COLLEGE                  ,OH,43537-4007,Proprietary  ,198,626,824,284,920,1204
00510200,SCH OF DIAGNOSTIC IMAGING-CLEVELAND     ,OH,44119-0000,Private      ,4,18,22,8,28,36
00512700,BROWN MACKIE COLLEGE-CINCINNATI         ,OH,45215-1107,Proprietary  ,566,2709,3275,943,4415,5358
00512728,BROWN MACKIE COLLEGE-CINCINNATI - LANDMA,OH,45215-1231,Proprietary  ,9,47,56,21,101,122
00521000,CLEVELAND INSTITUTE OF ELECTRONICS      ,OH,44114-0000,Proprietary  ,3,92,95,9,167,176
00531300,NORTH CENTRAL STATE COLLEGE             ,OH,44901-0000,Public       ,405,1086,1491,947,1974,2921
00575300,OWENS STATE COMMUNITY COLLEGE           ,OH,43699-0000,Public       ,2108,4640,6748,4399,8293,12692
00648700,AULTMAN COLLEGE OF NURSING AND HEALTH SC,OH,44710-1799,Private      ,61,139,200,139,286,425
00649400,GOOD SAMARITAN COLG-NURSING/HEALTH      ,OH,45220-2489,Private      ,60,136,196,172,309,481
00649800,MERIDIA HURON SCHOOL OF NURSING         ,OH,44112-4308,Private      ,19,195,214,44,378,422
00650700,TRINIT HEALTH SYSTEM SCH OF NURSING     ,OH,43952-2667,Private      ,17,46,63,33,91,124
00680400,LAKELAND COMMUNITY COLLEGE              ,OH,44094-5198,Public       ,961,2086,3047,2064,3732,5796
00686700,COLUMBUS STATE COMMUNITY COLLEGE        ,OH,43215-1786,Public       ,3632,8375,12007,7995,15612,23607
00703500,KETTERING COLLEGE OF MEDICAL ARTS       ,OH,45429-1299,Private      ,107,261,368,427,679,1106
00708500,MOUNT VERNON NAZARENE UNIVERSITY        ,OH,43050-9500,Private      ,336,189,525,1437,432,1869
00708501,MOUNT VERNON NAZARENE UNIV - AGS        ,OH,43050-0000,Private      ,18,356,374,36,575,611
00727500,EASTERN GATEWAY COMMUNITY COLLEGE       ,OH,43952-3598,Public       ,268,404,672,592,779,1371
00747300,CHOFFIN CAREER & TECHNICAL CENTER       ,OH,44503-1628,Public       ,21,117,138,47,231,278
00759800,HOCKING TECHNICAL COLLEGE               ,OH,45764-9582,Public       ,1138,1367,2505,2895,2629,5524
00777700,REMINGTON COLLEGE - CLEVELAND CAMPUS    ,OH,44125-1957,Proprietary  ,110,556,666,149,738,887
00777704,REMINGTON COLLEGE-CLEVELAND WEST CAMPUS ,OH,44070-3129,Proprietary  ,58,168,226,74,226,300
00812900,ADULT AND COMMUNITY EDUCATION @ HUDSON  ,OH,43211-2017,Public       ,10,113,123,21,191,212
00813200,TOLEDO SCHOOL OF PRACTICAL NURSING      ,OH,43613-5110,Public       ,35,142,177,71,338,409
00813300,ZANE STATE COLLEGE                      ,OH,43701-2626,Public       ,336,767,1103,861,1734,2595
00819400,AKRON SCHOOL OF PRACTICAL NRSG          ,OH,44311-0000,Public       ,15,76,91,46,127,173
00827800,TERRA COMMUNITY COLLEGE                 ,OH,43420-9670,Public       ,287,697,984,569,1264,1833
00867700,NORTHWEST STATE COMMUNITY COLLEGE       ,OH,43502-9542,Public       ,413,907,1320,830,1746,2576
00888600,PORTAGE LAKES CAREER CENTER             ,OH,44232-0000,Public       ,11,51,62,18,86,104
00908800,ITT TECHNICAL INSTITUTE                 ,OH,45414-3456,Proprietary  ,295,998,1293,374,1193,1567
00915600,WAYNE COUNTY SCHOOLS CAREER CENTER      ,OH,44677-9672,Public       ,18,92,110,35,145,180
00917200,SPRINGFIELD REGIONAL SCHOOL OF NURSING  ,OH,45501-0000,Private      ,22,84,106,41,155,196
00941200,NATIONAL INSTITUTE OF TECHNOLOGY        ,OH,44221-2998,Proprietary  ,141,476,617,197,552,749
00945101,BROWN MACKIE COLLEGE-NORTH CANTON       ,OH,44720-0000,Proprietary  ,22,140,162,74,298,372
00953000,GERBER AKRON BEAUTY SCHOOL              ,OH,44333-3714,Proprietary  ,4,30,34,9,42,51
00953100,SPA SCHOOL (THE)                        ,OH,43214-1524,Proprietary  ,12,38,50,24,69,93
00966000,TIFFIN ACADEMY OF HAIR DESIGN           ,OH,44883-2833,Proprietary  ,18,20,38,34,47,81
00983700,ITT TECHNICAL INSTITUTE                 ,OH,44509-4098,Proprietary  ,354,1010,1364,437,1208,1645
00994100,BELMONT TECHNICAL COLLEGE               ,OH,43950-9766,Public       ,261,588,849,697,1117,1814
00994200,SHAWNEE STATE UNIVERSITY                ,OH,45662-4344,Public       ,854,749,1603,3298,1574,4872
01001700,PAYNE THEOLOGICAL SEMINARY              ,OH,45384-0474,Private      ,0,34,34,1,64,65
01002700,JAMES A. RHODES STATE COLLEGE           ,OH,45804-3597,Public       ,474,1189,1663,1265,2236,3501
01016800,NATIONWIDE BEAUTY ACADEMY               ,OH,43228-1000,Proprietary  ,68,119,187,110,193,303
01028000,OHIO STATE BEAUTY ACADEMY               ,OH,45801-4950,Proprietary  ,2,0,2,9,7,16
01032300,HANNAH E MULLINS SCH-PRAC NRSG          ,OH,44460-2906,Public       ,8,31,39,17,62,79
01034500,CINCINNATI STATE TECH & COMM CLG        ,OH,45223-2690,Public       ,1269,3440,4709,3085,6428,9513
01045300,WASHINGTON STATE CMTY COLLEGE           ,OH,45750-9225,Public       ,227,479,706,669,928,1597
01063000,NORTHERN INSTITUTE OF COSMETOLOGY       ,OH,44052-1803,Proprietary  ,4,27,31,5,42,47
01073600,MARION TECHNICAL COLLEGE                ,OH,43302-5694,Public       ,256,721,977,603,1346,1949
01088000,CHATFIELD COLLEGE                       ,OH,45118-9705,Private      ,10,75,85,24,122,146
01088100,STARK STATE COLLEGE OF TECHNOLOGY       ,OH,44720-7299,Public       ,1167,3290,4457,2394,6038,8432
01090600,CINCINNATI CLG OF MORTUARY SCIENCE      ,OH,45224-1428,Private      ,29,54,83,60,111,171
01092300,UNION INSTITUTE & UNIVERSITY            ,OH,45206-1925,Private      ,13,498,511,32,1148,1180
01096200,MOORE UNIV OF HAIR DESIGN               ,OH,45213-0000,Proprietary  ,0,2,2,3,8,11
01099300,HOBART INSTITUTE OF WELDING TECHNOLOGY  ,OH,45373-2400,Private      ,57,63,120,159,138,297
01100500,KAPLAN COLLEGE                          ,OH,43232-4827,Proprietary  ,49,272,321,93,553,646
01104600,CENTRAL OHIO TECHNICAL COLLEGE          ,OH,43055-1767,Public       ,414,1275,1689,1239,3480,4719
01170300,PENTA COUNTY JOINT VOCATIONAL SCH       ,OH,43551-0000,Public       ,5,44,49,8,58,66
01174400,NATIONAL BEAUTY COLLEGE                 ,OH,44720-0000,Proprietary  ,18,48,66,24,78,102
01174500,OHIO TECHNICAL COLLEGE                  ,OH,44103-1228,Proprietary  ,352,194,546,1068,370,1438
01182500,OHIO STATE SCHOOL OF COSMETOLOGY        ,OH,43224-1107,Proprietary  ,17,50,67,34,91,125
01212800,SOUTHWESTERN COLLEGE                    ,OH,45402-3003,Proprietary  ,132,881,1013,178,1283,1461
01212802,SOUTHWESTERN COLLEGE                    ,OH,45005-2267,Proprietary  ,30,258,288,37,307,344
01212803,SOUTHWESTERN COLLEGE                    ,OH,45202-4304,Proprietary  ,56,529,585,65,741,806
01212804,SOUTHWESTERN COLLEGE                    ,OH,45246-3121,Proprietary  ,112,711,823,162,1165,1327
01212806,SOUTHWESTERN COLLEGE - TOLEDO           ,OH,43615-6800,Proprietary  ,2,7,9,2,7,9
01216600,CAROUSEL BEAUTY COLLEGE                 ,OH,45402-8935,Proprietary  ,24,105,129,29,115,144
01224800,CENTRAL SCHOOL OF PRACTICAL NURSING     ,OH,44103-4371,Private      ,27,142,169,46,237,283
01267200,CAROUSEL BEAUTY COLLEGE                 ,OH,45044-5113,Proprietary  ,4,17,21,4,19,23
01267400,CAROUSEL OF MIAMI VALLEY BEAUTY CLG     ,OH,45424-2063,Proprietary  ,2,1,3,4,3,7
01275000,EDISON COMMUNITY COLLEGE                ,OH,45356-9239,Public       ,328,758,1086,787,1698,2485
01283800,LAURA AND ALVIN SIEGAL COLLEGE OF JUDAIC,OH,44122-7197,Private      ,2,2,4,2,4,6
01284800,MOLER-HOLLYWOOD BEAUTY COLLEGE          ,OH,45202-2577,Proprietary  ,2,33,35,3,42,45
01287000,SOUTHERN STATE COMMUNITY COLLEGE        ,OH,45133-9406,Public       ,297,928,1225,693,1728,2421
01289100,ANTONELLI COLLEGE                       ,OH,45202-2592,Proprietary  ,103,225,328,143,318,461
01289600,VIRGINIA MARTI COLLEGE OF ART AND DESIGN,OH,44107-0778,Proprietary  ,72,76,148,155,132,287
01313200,INTERNATIONAL CLG OF BROADCASTING       ,OH,45431-1898,Proprietary  ,34,77,111,42,90,132
02052000,OHIO INST OF PHOTOGRAPHY & TECHNOLOGY   ,OH,45439-1984,Proprietary  ,135,452,587,206,713,919
02054300,TRUMBULL BUSINESS COLLEGE               ,OH,44484-0000,Proprietary  ,44,274,318,62,372,434
02056800,DAYMAR COLLEGE                          ,OH,45601-1038,Proprietary  ,29,406,435,41,563,604
02056802,DAYMAR COLLEGE - LANCASTER              ,OH,43130-0000,Proprietary  ,0,5,5,1,20,21
02056803,DAYMAR COLLEGE - NEW BOSTON             ,OH,45662-4900,Proprietary  ,1,4,5,3,8,11
02056804,DAYMAR COLLEGE - JACKSON                ,OH,45640-1728,Proprietary  ,0,13,13,1,25,26
02066100,OHIO STATE COLLEGE/BARBER STYLING       ,OH,43213-0000,Proprietary  ,12,59,71,32,95,127
02069500,AKRON INSTITUTE                         ,OH,44306-0000,Proprietary  ,108,563,671,173,901,1074
02073300,GALLIA-JACKSON-VINTON SCH ADULT ED      ,OH,45674-0000,Public       ,9,86,95,26,155,181
02110700,CLEVELAND INST OF DENTAL-MED ASST       ,OH,44115-2285,Proprietary  ,48,220,268,61,313,374
02116009,SANFORD-BROWN COLLEGE - MIDDLEBURG HEIGH,OH,44130-8362,Proprietary  ,130,575,705,209,1107,1316
02116900,UPPER VALLEY JVS                        ,OH,45356-0000,Public       ,15,159,174,23,219,242
02117300,GREAT OAKS INSTITUTE OF TECHNOLOGY      ,OH,45241-1581,Public       ,54,279,333,100,561,661
02128600,THE ART INSTITUTE OF CINCINNATI         ,OH,45246-0000,Proprietary  ,101,51,152,265,117,382
02140700,COMMUNITY EDUCATIONAL SERVICES          ,OH,44702-1710,Public       ,12,96,108,20,171,191
02152100,ACADEMY OF COURT REPORTING AND TECHNOLOG,OH,44115-0000,Proprietary  ,28,193,221,37,288,325
02152101,ACADEMY OF COURT REPORTING & TECHNOLOGY ,OH,43215-3902,Proprietary  ,25,241,266,32,403,435
02152102,ACADEMY OF COURT REPORTING - MIAMI-JACOB,OH,44313-3607,Proprietary  ,4,71,75,6,123,129
02152104,ACADEMY OF COURT REPORTING AND TECHNOLOG,OH,45202-2123,Proprietary  ,7,92,99,8,122,130
02158500,OHIO BUSINESS COLLEGE                   ,OH,44055-3344,Proprietary  ,45,314,359,61,500,561
02158501,OHIO BUSINESS COLLEGE                   ,OH,44870-9953,Proprietary  ,37,281,318,47,371,418
02168100,TRI-COUNTY JOINT VOCATIONAL SCHOOL      ,OH,45764-0000,Public       ,9,41,50,18,63,81
02187900,ASHTABULA CO JOINT VOC SCH ADULT ED     ,OH,44047-0000,Public       ,12,70,82,16,120,136
02189000,ADULT CENTER FOR EDUCATION              ,OH,43701-0000,Public       ,23,146,169,36,221,257
02190700,RETS TECH CENTER                        ,OH,45459-0000,Proprietary  ,161,980,1141,242,1679,1921
02192100,BUTLER TECHNOLOGY AND CAREER DEVELOPMENT,OH,45011-0000,Public       ,49,226,275,95,388,483
02196300,COLLINS CAREER CENTER                   ,OH,45619-0000,Public       ,52,200,252,122,377,499
02210800,MEDINA COUNTY CAREER CENTER             ,OH,44256-0000,Public       ,10,47,57,15,71,86
02215400,OHIO STATE SCHOOL OF COSMETOLOGY        ,OH,43207-0000,Proprietary  ,16,49,65,34,100,134
02220500,GOD'S BIBLE SCHOOL & COLLEGE            ,OH,45210-0000,Private      ,87,19,106,137,29,166
02220800,CAREER & TECHNOLOGY EDUCATION CENTERS OF,OH,43055-0000,Public       ,8,53,61,18,97,115
02239800,PIONEER CAREER & TECHNOLOGY CENTER      ,OH,44875-0000,Public       ,0,17,17,2,23,25
02245600,WARREN COUNTY CAREER CENTER             ,OH,45036-0000,Public       ,4,39,43,13,71,84
02246300,INSTITUTE OF MEDICAL-DENTAL TECH        ,OH,45246-3317,Proprietary  ,20,99,119,27,122,149
02263700,MIAMI VALLEY CAREER TECHNOLOGY CTR      ,OH,45315-0000,Public       ,20,151,171,43,273,316
02269400,EASTERN HILLS ACAD OF HAIR DESIGN       ,OH,45255-0000,Proprietary  ,5,28,33,8,58,66
02269500,WESTERN HILLS SCHOOL OF BEAUTY & HAIR DE,OH,45211-0000,Proprietary  ,13,94,107,22,133,155
02270100,OHIO HI-POINT CAREER CENTER             ,OH,43311-0000,Public       ,8,149,157,20,241,261
02272700,COLUMBIANA COUNTY CAREER CENTER         ,OH,44432-0000,Public       ,7,93,100,19,147,166
02287900,RAPHAEL'S SCHOOL OF BEAUTY CULTURE      ,OH,44446-0000,Proprietary  ,17,54,71,20,71,91
02289802,KAPLAN COLLEGE                          ,OH,45203-0000,Proprietary  ,34,358,392,55,528,583
02301400,OHIO VALLEY COLLEGE OF TECHNOLOGY       ,OH,43920-0000,Proprietary  ,32,64,96,59,112,171
02303600,BOHECKER'S BUSINESS COLLEGE             ,OH,44266-0000,Proprietary  ,87,226,313,136,556,692
02304700,TRI-RIVERS CAREER CENTER                ,OH,43302-0000,Public       ,8,75,83,24,150,174
02311200,AMERICAN SCHOOL OF TECHNOLOGY           ,OH,43229-0000,Proprietary  ,14,157,171,20,201,221
02315500,TOLEDO ACADEMY OF BEAUTY CULTURE - EAST ,OH,43616-0000,Proprietary  ,14,48,62,23,63,86
02328500,MOLER-PICKENS BEAUTY COLLEGE            ,OH,45014-0000,Proprietary  ,3,11,14,6,13,19
02334300,INTERNATIONAL ACAD OF HAIR DESIGN       ,OH,45239-0000,Proprietary  ,25,42,67,35,55,90
02336300,KNOX COUNTY CAREER CENTER               ,OH,43050-4298,Public       ,4,93,97,16,181,197
02336700,CUYAHOGA VALLEY CAREER CENTER           ,OH,44141-1296,Public       ,24,103,127,39,196,235
02337700,PROFESSIONAL SKILLS INSTITUTE           ,OH,43607-0000,Proprietary  ,53,329,382,94,620,714
02351500,WILLOUGHBY EASTLAKE SCH OF PRAC NSG     ,OH,44094-0000,Public       ,7,56,63,10,84,94
02352800,POLARIS CAREER CENTER-ADULT ED DEPT     ,OH,44130-0000,Public       ,20,72,92,36,117,153
02354200,SCIOTO COUNTY JOINT VOCATIONAL SCH      ,OH,45648-0000,Public       ,20,117,137,32,170,202
02454400,NORTHEASTERN OHIO UNIVS COL OF MED      ,OH,44272-0000,Public       ,10,335,345,74,691,765
02497800,GREENE COUNTY CAREER CENTER             ,OH,45385-0000,Public       ,6,50,56,12,89,101
02512600,ADULT VOCATIONAL SERVICES               ,OH,44308-0000,Public       ,1,13,14,2,22,24
02519300,OHIO STATE SCH COSMETOLOGY              ,OH,43068-0000,Proprietary  ,1,5,6,1,11,12
02522700,EASTLAND-FAIRFIELD CAREER AND TECHNICAL ,OH,43125-0000,Public       ,14,113,127,21,178,199
02528300,TDDS TECHNICAL INSTITUTE                ,OH,44429-0000,Proprietary  ,18,156,174,34,222,256
02529500,HAMRICK SCHOOL                          ,OH,44256-0000,Proprietary  ,5,47,52,7,57,64
02541400,TOLEDO ACADEMY OF BEAUTY CULTURE-SO     ,OH,43614-0000,Proprietary  ,28,81,109,35,110,145
02545800,INNER STATE BEAUTY SCHOOLS              ,OH,44124-0000,Proprietary  ,19,88,107,28,135,163
02553000,SCHOOL OF ADVERTISING ART               ,OH,45440-0000,Proprietary  ,87,13,100,182,30,212
02560000,CASAL AVEDA INSTITUTE                   ,OH,44515-0000,Proprietary  ,32,35,67,60,64,124
02560700,PICKAWAY ROSS CO JOINT VOC TECH SCH     ,OH,45601-0000,Public       ,26,82,108,43,157,200
02560701,PICKAWAY ROSS COUNTY JOINT VOCATIONAL SC,OH,45601-9010,Public       ,2,11,13,2,11,13
02562300,APOLLO CAREER CENTER-ADULT EDUC         ,OH,45806-0000,Public       ,24,235,259,41,427,468
02563000,RAPHAELS SCHOOL OF BEAUTY CULTURE       ,OH,44601-2847,Proprietary  ,13,47,60,20,60,80
02568600,MAHONING COUNTY CAREER & TECH CENTR     ,OH,44406-0000,Public       ,4,35,39,11,53,64
02582900,KAPLAN CAREER INSTITUTE                 ,OH,44129-6810,Proprietary  ,68,341,409,102,595,697
02586400,TRUMBULL CAREER & TECH CENTER-ADULT     ,OH,44483-1997,Public       ,17,135,152,30,250,280
02588500,OHIO STATE SCHOOL OF COSMETOLOGY        ,OH,43081-0000,Proprietary  ,26,38,64,52,52,104
02599711,VATTEROTT COLLEGE - CLEVELAND           ,OH,44147-3502,Proprietary  ,15,226,241,21,307,328
02603800,LORAIN COUNTY JVS ADULT CAREER CTR      ,OH,44074-9799,Public       ,14,56,70,19,88,107
02616200,BROWN MACKIE COLLEGE-FINDLAY            ,OH,45840-6848,Proprietary  ,219,1119,1338,408,2186,2594
02620000,SANDUSKY CAREER CENTER                  ,OH,44870-4786,Public       ,5,70,75,17,122,139
03007900,GALLIPOLIS CAREER COLLEGE               ,OH,45631-2600,Proprietary  ,13,110,123,20,173,193
03009702,"HARRISON COLLEGE - MUNCIE - COLUMBUS, OH",OH,43123-0000,Proprietary  ,0,7,7,0,8,8
03015100,ALLIANCE HIGH SCH-CMTY SERVICES DIV     ,OH,44601-2899,Public       ,8,45,53,12,56,68
03015300,EHOVE CAREER CENTER                     ,OH,44846-9500,Public       ,25,155,180,55,310,365
03023700,MADISON ADULT CAREER CENTER             ,OH,44905-2718,Public       ,5,70,75,9,120,129
03024300,VALLEY BEAUTY SCHOOL                    ,OH,43725-2332,Proprietary  ,6,22,28,11,38,49
03027100,FAIRVIEW ACADEMY                        ,OH,44126-2214,Proprietary  ,3,17,20,8,24,32
03034200,WASHINGTON COUNTY CAREER CENTER ADULT TE,OH,45750-9290,Public       ,9,64,73,31,118,149
03051400,AUBURN CAREER CENTER                    ,OH,44077-9723,Public       ,16,72,88,29,122,151
03051500,US GRANT JOINT VOCATIONAL SCHOOL        ,OH,45106-9502,Public       ,1,13,14,2,22,24
03065800,OHIO INSTITUTE OF HEALTH CAREERS        ,OH,44035-2394,Proprietary  ,21,80,101,45,173,218
03065900,BUCKEYE CAREER CENTER                   ,OH,44663-9437,Public       ,29,149,178,48,250,298
03067600,RAPHAEL'S SCHOOL OF BEAUTY CULTURE      ,OH,44512-2222,Proprietary  ,5,20,25,5,26,31
03068200,OHIO CENTER FOR BROADCASTING            ,OH,44125-4220,Proprietary  ,44,157,201,71,226,297
03068202,OHIO CENTER FOR BROADCASTING - COLUMBUS ,OH,43213-2571,Proprietary  ,17,33,50,29,62,91
03071900,MOUNT CARMEL COLLEGE OF NURSING         ,OH,43222-1598,Private      ,143,224,367,589,560,1149
03072303,EVEREST INSTITUTE - COLUMBUS            ,OH,43230-6653,Proprietary  ,41,376,417,48,426,474
03078000,OHIO CENTER FOR BROADCASTING            ,OH,45227-1509,Proprietary  ,13,56,69,27,86,113
03079000,ETI TECHNICAL COLLEGE                   ,OH,44446-4398,Proprietary  ,36,172,208,59,262,321
03084800,DELAWARE AREA CAREER CENTER             ,OH,43015-8969,Public       ,2,9,11,4,13,17
03084801,DELAWARE AREA CAREER CENTER -           ,OH,43015-9001,Public       ,2,6,8,3,8,11
03095600,VANTAGE CAREER CENTER                   ,OH,45891-1378,Public       ,7,57,64,16,111,127
03097000,MERCY COLLEGE OF NORTHWEST OHIO         ,OH,43604-1132,Private      ,183,338,521,445,704,1149
03100100,PARAMOUNT BEAUTY ACADEMY                ,OH,45662-4136,Proprietary  ,10,24,34,16,31,47
03105400,CLEVELAND EXTENSION HIGH SCH-WEST       ,OH,44102-2298,Public       ,11,57,68,13,97,110
03116200,DAYTON BARBER COLLEGE                   ,OH,45402-2310,Proprietary  ,12,55,67,16,66,82
03116300,OHIO COLLEGE OF MASSOTHERAPY            ,OH,44321-1363,Private      ,19,37,56,29,79,108
03116400,VANGUARD-SENTINELL VOC SCH DISTRICT     ,OH,43420-1197,Public       ,3,29,32,3,35,38
03117000,ASHLAND COUNTY-W HOLMES CAREER CTR      ,OH,44805-0000,Public       ,6,58,64,15,94,109
03319300,CREATIVE IMAGES-A CERTIFIED MATRIX      ,OH,45414-2557,Proprietary  ,39,117,156,47,152,199
03319301,CREATIVE IMAGES-A CERTIFIED MATRIX      ,OH,45459-0000,Proprietary  ,18,62,80,30,75,105
03416400,VALLEY BEAUTY SCHOOL                    ,OH,43701-3624,Proprietary  ,3,9,12,3,20,23
03425300,ROSEDALE BIBLE COLLEGE                  ,OH,43029-9517,Private      ,14,2,16,44,3,47
03457300,ALLEGHENY WESLEYAN COLLEGE              ,OH,44460-9598,Private      ,12,4,16,21,8,29
03468400,NATIONAL INSTITUTE OF MASSOTHERAPY      ,OH,44319-2100,Proprietary  ,10,30,40,18,49,67
03468500,ATS INSTITUTE OF TECHNOLOGY             ,OH,44143-2216,Proprietary  ,23,283,306,31,450,481
03475400,TRI-STATE BIBLE COLLEGE                 ,OH,45680-8402,Private      ,0,7,7,4,9,13
03534400,AMERICAN INST OF ALTERNATIVE MEDICI     ,OH,43229-1113,Proprietary  ,16,66,82,25,123,148
03578300,TRI-STATE COLLEGE                       ,OH,44452-8535,Proprietary  ,5,18,23,12,29,41
03586400,MED CENTRAL COLLEGE OF NURSING          ,OH,44903-2265,Private      ,80,80,160,321,204,525
03626300,BROWN AVEDA INSTITUTE                   ,OH,44060-6212,Proprietary  ,52,60,112,90,121,211
03693300,CARNEGIE CAREER COLLEGE                 ,OH,44260-9608,Private      ,9,43,52,10,74,84
03700300,REGENCY BEAUTY INSTITUTE - CLEVELAND    ,OH,44094-0000,Proprietary  ,34,108,142,49,156,205
03726300,TEMPLE BAPTIST COLLEGE                  ,OH,45240-0000,Private      ,1,7,8,2,14,16
03747300,BEXLEY HALL SEMINARY                    ,OH,43209-2325,Private      ,0,4,4,0,10,10
03776400,HEALING ARTS INSTITUTE                  ,OH,43551-3138,Proprietary  ,6,9,15,17,32,49
03837300,AVEDA FREDRIC'S INSTITUTE               ,OH,45208-1304,Proprietary  ,39,26,65,69,43,112
03882300,OREGON CAREER CENTER                    ,OH,43616-2631,Public       ,5,47,52,6,57,63
04050400,DESIGNER'S BEAUTY ACADEMY               ,OH,43920-0000,Proprietary  ,5,20,25,6,22,28
04074300,HONDROS COLLEGE                         ,OH,43081-3855,Proprietary  ,106,627,733,163,1028,1191
04116700,NEWLIFE TECHNICAL INSTITUTE             ,OH,43920-2920,Private      ,5,14,19,6,16,22
04117300,DAYTON SCHOOL OF MEDICAL MASSAGE        ,OH,45429-1111,Proprietary  ,76,225,301,96,271,367
04118300,NORTHCOAST MEDICAL TRAINING ACADEMY     ,OH,44240-4174,Proprietary  ,34,101,135,44,158,202
04124500,TECHSKILLS                              ,OH,43231-0000,Proprietary  ,4,73,77,7,106,113
04125700,CUT BEAUTY SCHOOL (THE)                 ,OH,44118-2918,Proprietary  ,10,56,66,15,101,116
04137800,AVEDA INSTITUTE COLUMBUS                ,OH,43201-2333,Proprietary  ,81,77,158,108,100,208
04138000,INSTITUTE OF THERAPEUTIC MASSAGE        ,OH,45875-0350,Proprietary  ,5,21,26,6,29,35
04149100,CINCINNATI ACADEMY A PAUL MITCHELL PARTN,OH,45241-1702,Proprietary  ,31,27,58,31,27,58
        ,INVALID SCHOOL CODE                     ,  ,00000-0000,,1692,2408,4100,3140,4131,7271
00134500,ADAMS STATE COLLEGE                     ,CO,81102-2373,Public       ,562,627,1189,1775,1154,2929
00134600,ARAPAHOE COMMUNITY COLLEGE              ,CO,80160-9002,Public       ,598,1552,2150,1198,2530,3728
00134700,COLORADO COLLEGE                        ,CO,80903-3294,Private      ,133,91,224,2491,248,2739
00134800,COLORADO SCHOOL OF MINES                ,CO,80401-1887,Public       ,407,262,669,4172,701,4873
00134900,UNIVERSITY OF NORTHERN COLORADO         ,CO,80639-0001,Public       ,1483,937,2420,8352,2973,11325
00135000,COLORADO STATE UNIVERSITY               ,CO,80523-0100,Public       ,3034,2232,5266,16871,6470,23341
00135200,DENVER  SEMINARY                        ,CO,80120-2192,Private      ,0,210,210,0,439,439
00135300,FORT LEWIS COLLEGE                      ,CO,81301-3999,Public       ,734,350,1084,2967,917,3884
00135400,ILIFF SCHOOL OF THEOLOGY                ,CO,80210-0000,Private      ,0,57,57,0,164,164
00135500,LAMAR COMMUNITY COLLEGE                 ,CO,81052-3999,Public       ,105,131,236,249,196,445
00135800,MESA STATE COLLEGE                      ,CO,81501-7682,Public       ,1123,955,2078,3548,1747,5295
00135900,COLORADO NORTHWESTERN COMMUNITY COLLEGE ,CO,81648-3598,Public       ,125,96,221,238,169,407
00136000,METROPOLITAN STATE CLG OF DENVER        ,CO,80204-0000,Public       ,3008,4550,7558,7659,9532,17191
00136100,NORTHEASTERN JUNIOR COLLEGE             ,CO,80751-2399,Public       ,251,162,413,802,312,1114
00136200,OTERO JUNIOR COLLEGE                    ,CO,81050-3346,Public       ,148,204,352,345,291,636
00136300,REGIS UNIVERSITY                        ,CO,80221-1099,Private      ,245,2340,2585,2077,6259,8336
00136500,COLORADO STATE UNIVERSITY-PUEBLO        ,CO,81001-4901,Public       ,608,643,1251,3649,2072,5721
00136800,TRINIDAD STATE JR COLLEGE               ,CO,81082-2396,Public       ,171,317,488,382,496,878
00137000,UNIVERSITY OF COLORADO-BOULDER          ,CO,80309-0077,Public       ,3622,2251,5873,18983,7326,26309
00137100,UNIVERSITY OF DENVER                    ,CO,80208-2000,Private      ,619,1947,2566,5854,7790,13644
00137200,WESTERN STATE COLLEGE                   ,CO,81231-0000,Public       ,460,158,618,1832,307,2139
00163202,AQUINAS INSTITUTE OF THEOLOGY - AQUINAS ,CO,80903-1498,Private      ,0,0,0,0,2,2
00405702,NATIONAL AMERICAN UNIVERSITY            ,CO,80918-0000,Proprietary  ,3,72,75,9,126,135
00405703,NATIONAL AMERICAN UNIVERSITY            ,CO,80222-0000,Proprietary  ,8,80,88,15,156,171
00450300,EVEREST COLLEGE                         ,CO,80916-3548,Proprietary  ,50,397,447,58,456,514
00450600,COLORADO MOUNTAIN COLLEGE               ,CO,81602-0000,Public       ,322,309,631,909,615,1524
00450700,EVEREST COLLEGE                         ,CO,80229-4339,Proprietary  ,85,423,508,101,616,717
00450701,"EVEREST COLLEGE- EVEREST COLLEGE, AURORA",CO,80012-5692,Proprietary  ,60,334,394,68,386,454
00450800,UNIVERSITY OF COLORADO DENVER           ,CO,80204-2029,Public       ,31,817,848,106,2288,2394
00450824,UNIVERSITY OF COLORADO DENVER - AURARIA ,CO,80217-3364,Public       ,1479,3297,4776,5355,8438,13793
00450900,UNIV OF COLORADO AT COLO SPRINGS        ,CO,80918-3735,Public       ,1115,1316,2431,4737,3452,8189
00559600,EMILY GRIFFITH OPPORTUNITY SCH          ,CO,80204-2197,Public       ,121,507,628,267,861,1128
00729700,REDSTONE COLLEGE                        ,CO,80020-9988,Proprietary  ,110,234,344,171,430,601
00754700,LINCOLN COLLEGE OF TECHNOLOGY           ,CO,80223-2013,Proprietary  ,394,323,717,585,494,1079
00754800,WESTWOOD COLLEGE - DENVER NORTH         ,CO,80221-3653,Proprietary  ,422,1564,1986,739,2697,3436
00754801,WESTWOOD COLLEGE - DENVER SOUTH         ,CO,80227-3653,Proprietary  ,91,292,383,150,460,610
00758200,AIMS COMMUNITY COLLEGE                  ,CO,80632-0000,Public       ,485,956,1441,1179,1954,3133
00764900,ROCKY MOUNTAIN COLG OF ART & DESIGN     ,CO,80214-0000,Proprietary  ,147,69,216,769,184,953
00793300,FRONT RANGE COMMUNITY COLLEGE           ,CO,80031-2199,Public       ,1760,3229,4989,3623,6243,9866
00863500,INTELLITEC MEDICAL INSTITUTE            ,CO,80909-1570,Proprietary  ,15,91,106,24,119,143
00887100,CONCORDE CAREER INSTITUTE               ,CO,80203-0000,Proprietary  ,72,329,401,111,549,660
00889600,PIKES PEAK COMMUNITY COLLEGE            ,CO,80906-5498,Public       ,1201,2976,4177,2476,5333,7809
00940100,COLORADO CHRISTIAN UNIVERSITY           ,CO,80226-7449,Private      ,330,641,971,1260,1242,2502
00954200,COMMUNITY COLLEGE OF DENVER             ,CO,80217-2026,Public       ,1024,2325,3349,2261,4395,6656
00954300,RED ROCKS COMMUNITY COLLEGE             ,CO,80228-1255,Public       ,653,1435,2088,1326,2560,3886
00998100,MORGAN COMMUNITY COLLEGE                ,CO,80701-4399,Public       ,82,266,348,207,447,654
01014800,COLORADO TECHNICAL UNIVERSITY           ,CO,80907-3896,Proprietary  ,151,2281,2432,273,3878,4151
01014802,COLORADO TECHNICAL UNIV - DENVER        ,CO,80111-3201,Proprietary  ,54,312,366,84,523,607
01014805,COLORADO TECH UNIV - ON LINE            ,CO,80907-0000,Proprietary  ,381,11243,11624,532,16071,16603
01014806,COLORADO TECH UNIV - FED EXPRESS        ,CO,80921-3800,Proprietary  ,0,27,27,4,39,43
01014808,COLORADO TECH UNIV - USAA               ,CO,80920-1005,Proprietary  ,2,6,8,4,12,16
01014809,COLORADO TECH UNIV - SCHRIEVER AFB      ,CO,80912-7298,Proprietary  ,0,2,2,0,2,2
01014810,COLORADO TECH UNIV - PETERSON AFB       ,CO,80914-1586,Proprietary  ,0,3,3,0,5,5
01014811,COLORADO TECH UNIV-HEWLETT PACKARD      ,CO,80919-2303,Proprietary  ,1,1,2,4,6,10
01014812,COLORADO TECHNICAL UNIVERSITY - WESTMINS,CO,80021-3498,Proprietary  ,65,404,469,88,664,752
01014813,COLORADO TECH UNIV - ORACLE             ,CO,80921-3660,Proprietary  ,0,11,11,2,17,19
01014815,COLORADO TECHNCL UNIV PUEBLO            ,CO,81003-2315,Proprietary  ,32,192,224,54,350,404
01070900,EMPIRE BEAUTY SCHOOL-LAKEWOOD           ,CO,80215-0000,Proprietary  ,9,62,71,13,87,100
01073200,SAN JUAN BASINTECHNICAL COLLEGE         ,CO,81328-9196,Public       ,5,32,37,7,44,51
01157200,COLORADO SCHOOL OF TRADES               ,CO,80215-2996,Proprietary  ,34,57,91,67,110,177
01267000,BEL-REA INST OF ANIMAL TECH             ,CO,80247-3048,Proprietary  ,141,234,375,315,481,796
01285000,INTERNATIONAL SALON AND SPA ACADEMY     ,CO,80918-3684,Proprietary  ,33,66,99,45,83,128
01287500,PICKENS TECHNICAL COLLEGE               ,CO,80011-9307,Public       ,96,262,358,140,379,519
01300700,NAZARENE BIBLE COLLEGE                  ,CO,80910-3717,Private      ,10,240,250,39,473,512
02072200,EMPIRE BEAUTY SCHOOL -ARVADA            ,CO,80212-0000,Proprietary  ,26,64,90,38,86,124
02078900,ART INSTITUTE OF COLORADO (THE)         ,CO,80203-2983,Proprietary  ,540,555,1095,1304,1236,2540
02116300,PUEBLO COMMUNITY COLLEGE                ,CO,81004-0000,Public       ,451,1504,1955,978,2762,3740
02117500,NAROPA UNIVERSITY                       ,CO,80302-0000,Private      ,81,256,337,329,1107,1436
02133100,COLORADO CENTER FOR MEDICAL LABORATORY S,CO,80218-0000,Private      ,3,18,21,5,39,44
02141100,ARTISTIC BEAUTY COLGS-WESTMINSTER       ,CO,80030-0000,Proprietary  ,29,76,105,38,97,135
02141102,ARTISTIC BEAUTY COLLEGES-LITTLETON      ,CO,80123-3480,Proprietary  ,2,0,2,5,7,12
02141103,ARTISTIC BEAUTY COLLEGES-AURORA         ,CO,80017-3194,Proprietary  ,19,57,76,25,73,98
02156200,DELTA - MONTROSE TECHNICAL COLLEGE      ,CO,81416-0000,Public       ,17,72,89,39,119,158
02160600,EMPIRE BEAUTY SCHOOL -THORNTON          ,CO,80241-1659,Proprietary  ,45,83,128,51,118,169
02165200,SALON PROFESSIONAL ACADEMY (THE)        ,CO,81504-5309,Proprietary  ,27,34,61,38,38,76
02167600,KAPLAN COLLEGE                          ,CO,80229-5309,Proprietary  ,38,202,240,65,395,460
02188700,DENVER ACAD OF COURT REPORTING          ,CO,80030-0000,Proprietary  ,9,77,86,10,81,91
02211901,CHEEKS INTERNATIONAL ACADEMY OF BEAUTY C,CO,80525-3053,Proprietary  ,6,4,10,7,9,16
02211902,CHEEKS INTERNATIONAL ACDMY BTY CULT     ,CO,80631-0000,Proprietary  ,2,4,6,4,8,12
02253700,INTELLITEC COLLEGE                      ,CO,80909-0000,Proprietary  ,21,100,121,28,128,156
02267500,GLENWOOD BEAUTY ACADEMY                 ,CO,81601-0000,Proprietary  ,1,2,3,1,3,4
02276900,COMMUNITY COLLEGE OF AURORA             ,CO,80011-9036,Public       ,573,1495,2068,1057,2378,3435
02321700,ITT TECHNICAL INSTITUTE                 ,CO,80229-5338,Proprietary  ,158,480,638,191,560,751
02518500,HAIR DYNAMICS EDUCATION CENTER          ,CO,80525-0000,Proprietary  ,24,29,53,33,51,84
02594300,COLLEGE AMERICA - DENVER                ,CO,80222-3380,Proprietary  ,196,1327,1523,223,1394,1617
02611000,HERITAGE COLLEGE                        ,CO,80212-7413,Proprietary  ,69,281,350,100,464,564
03006300,INST OF BUSINESS & MEDICAL CAREERS      ,CO,80525-3044,Proprietary  ,100,387,487,134,535,669
03012100,REMINGTON COLLEGE - COLORADO SPRINGS CAM,CO,80215-0000,Proprietary  ,14,105,119,18,142,160
03013100,BOULDER COLLEGE OF MASSAGE THERAPY      ,CO,80301-3295,Private      ,28,69,97,54,114,168
03014900,PLATT COLLEGE                           ,CO,80014-3141,Proprietary  ,15,58,73,26,117,143
03027400,XENON INTERNATIONAL ACADEMY III         ,CO,80014-1193,Proprietary  ,13,44,57,16,56,72
03030606,UTAH COLLEGE OF MASSAGE THERAPY - DENVER,CO,80031-2921,Proprietary  ,29,108,137,37,136,173
03030607,UTAH COLLEGE OF MASSAGE THERAPY - DENVER,CO,80012-2523,Proprietary  ,34,87,121,47,114,161
03031603,DPT BUSINESS SCHOOL                     ,CO,80223-0000,Proprietary  ,0,0,0,0,2,2
03066900,INTELLITEC COLLEGE                      ,CO,81506-3994,Proprietary  ,47,208,255,55,228,283
03068201,OHIO CENTER FOR BROADCASTING - COLORADO ,CO,80214-4129,Proprietary  ,17,73,90,23,92,115
03076401,BRYMAN SCHOOL OF ARIZONA (THE) - ANTHEM ,CO,80014-2622,Proprietary  ,1,7,8,6,11,17
03289300,COLORADO HEIGHTS UNIVERSITY             ,CO,80236-2711,Private      ,3,35,38,8,46,54
03306300,MONTESSORI EDUC CRT OF THE ROCKIES      ,CO,80301-2587,Private      ,0,15,15,2,28,30
03534300,JONES INTERNATIONAL UNIVERSITY          ,CO,80112-3446,Proprietary  ,26,923,949,47,1676,1723
03545300,UNIVERSITY OF THE ROCKIES               ,CO,80903-3612,Proprietary  ,5,378,383,18,555,573
03584400,COLORADO SCHOOL OF HEALING ARTS         ,CO,80226-4332,Proprietary  ,30,124,154,41,134,175
03670300,TONI & GUY HAIRDRESSING ACADEMY         ,CO,80911-1713,Proprietary  ,16,45,61,29,70,99
03686300,COLORADO SCHOOL OF TRADITIONAL CHINESE M,CO,80206-2127,Proprietary  ,0,36,36,1,63,64
03776300,CULINARY SCHOOL OF THE ROCKIES          ,CO,80305-5961,Proprietary  ,10,32,42,10,32,42
03972300,CUTTIN' UP BEAUTY ACADEMY               ,CO,80220-0000,Proprietary  ,3,17,20,5,29,34
03976300,MASSAGE THERAPY INSTITUTE OF COLORADO   ,CO,80206-2127,Proprietary  ,9,29,38,16,48,64
04080300,ASPEN UNIVERSITY                        ,CO,80246-1930,Proprietary  ,4,31,35,11,46,57
04093300,ACADEMY OF NATURAL THERAPY              ,CO,80631-3425,Proprietary  ,4,13,17,11,29,40
04121200,INSTITUTE OF TAOIST EDUCATION AND ACUPUN,CO,80027-1028,Private      ,1,18,19,2,30,32
04125100,MONTESSORI CENTRE INTERNATIONAL DENVER  ,CO,80111-5263,Private      ,0,6,6,0,7,7
04139300,NATIONAL BEAUTY COLLEGE                 ,CO,80221-0000,Proprietary  ,3,21,24,7,35,42
04148300,DENVER SCHOOL OF NURSING                ,CO,80202-1213,Proprietary  ,34,214,248,34,214,248
04151100,SUMMIT SALON & BEAUTY SCHOOL            ,CO,80866-4569,Proprietary  ,0,7,7,0,7,7
00267811,BRYANT & STRATTON COLLEGE - VIRGINIA BEA,VA,23462-4417,Proprietary  ,150,607,757,262,1251,1513
00370200,AVERETT UNIVERSITY                      ,VA,24541-3692,Private      ,328,496,824,1227,907,2134
00370300,BLUEFIELD COLLEGE                       ,VA,24605-1799,Private      ,150,194,344,507,327,834
00370400,BRIDGEWATER COLLEGE                     ,VA,22812-1599,Private      ,193,35,228,2911,128,3039
00370500,COLLEGE OF WILLIAM & MARY               ,VA,23187-8795,Public       ,340,456,796,9397,3976,13373
00370600,CHRISTOPHER NEWPORT UNIVERSITY          ,VA,23606-2998,Public       ,625,204,829,6583,742,7325
00370700,RICHARD BLAND COLLEGE                   ,VA,23805-7100,Public       ,340,173,513,864,325,1189
00370800,EASTERN MENNONITE UNIVERSITY            ,VA,22802-2462,Private      ,207,145,352,979,345,1324
00370900,EMORY & HENRY COLLEGE                   ,VA,24327-0010,Private      ,244,37,281,1337,112,1449
00371100,FERRUM COLLEGE                          ,VA,24088-2612,Private      ,475,69,544,2579,218,2797
00371200,TIDEWATER COMMUNITY COLLEGE             ,VA,23510-1910,Public       ,2497,5125,7622,6136,11077,17213
00371300,HAMPDEN-SYDNEY COLLEGE                  ,VA,23943-0128,Private      ,189,10,199,1112,27,1139
00371400,HAMPTON UNIVERSITY                      ,VA,23668-0099,Private      ,1282,655,1937,8750,2205,10955
00371500,HOLLINS UNIVERSITY                      ,VA,24020-0000,Private      ,133,148,281,886,476,1362
00371900,LONGWOOD UNIVERSITY                     ,VA,23909-1899,Public       ,678,166,844,4611,522,5133
00372000,LYNCHBURG COLLEGE                       ,VA,24501-3199,Private      ,647,225,872,3104,438,3542
00372100,JAMES MADISON UNIVERSITY                ,VA,22807-3780,Public       ,2077,470,2547,19567,1945,21512
00372300,MARY BALDWIN COLLEGE                    ,VA,24401-3610,Private      ,316,326,642,1162,655,1817
00372400,MARYMOUNT UNIVERSITY                    ,VA,22207-4224,Private      ,423,536,959,2154,1477,3631
00372600,NATIONAL COLLEGE                        ,VA,24153-4524,Proprietary  ,389,3121,3510,533,5024,5557
00372700,NORTHERN VA CMTY CLG                    ,VA,22003-3743,Public       ,3555,4199,7754,7061,7798,14859
00372800,OLD DOMINION UNIVERSITY                 ,VA,23529-0052,Public       ,2632,3176,5808,15362,9393,24755
00373200,RADFORD UNIVERSITY                      ,VA,24142-6905,Public       ,1332,543,1875,7264,1734,8998
00373300,RANDOLPH-MACON COLLEGE                  ,VA,23005-5505,Private      ,329,28,357,2358,103,2461
00373400,RANDOLPH COLLEGE                        ,VA,24503-1526,Private      ,115,28,143,833,70,903
00373500,VIRGINIA COMMONWEALTH UNIVERSITY        ,VA,23284-9004,Public       ,4062,4022,8084,19352,10658,30010
00373600,ROANOKE COLLEGE                         ,VA,24153-3794,Private      ,406,59,465,2869,170,3039
00373700,SHENANDOAH UNIVERSITY                   ,VA,22601-5195,Private      ,434,550,984,2225,1485,3710
00373800,SOUTHERN VIRGINIA UNIVERSITY            ,VA,24416-3038,Private      ,239,94,333,537,153,690
00373900,ST PAULS COLLEGE                        ,VA,23868-1299,Private      ,211,131,342,442,264,706
00374200,SWEET BRIAR COLLEGE                     ,VA,24595-9998,Private      ,203,17,220,704,38,742
00374300,UNION THEO SEMINARY & PRESBYTRN SCH     ,VA,23227-0000,Private      ,0,39,39,1,61,62
00374400,UNIVERSITY OF RICHMOND                  ,VA,23173-0001,Private      ,674,537,1211,5119,2096,7215
00374500,UNIVERSITY OF VIRGINIA - SFS            ,VA,22903-0000,Public       ,1496,1841,3337,17507,8822,26329
00374600,UNIVERSITY OF MARY WASHINGTON           ,VA,22401-5358,Public       ,410,248,658,4509,828,5337
00374700,UNIV OF VIRGINIA'S COLLEGE AT WISE      ,VA,24293-4412,Public       ,330,129,459,1781,326,2107
00374800,EASTERN SHORE COMMUNITY COLLEGE         ,VA,23410-3000,Public       ,109,204,313,241,391,632
00374900,GEORGE MASON UNIVERSITY                 ,VA,22030-4444,Public       ,2543,3579,6122,14511,10720,25231
00375100,PATRICK HENRY COMMUNITY COLLEGE         ,VA,24112-5311,Public       ,301,799,1100,697,1403,2100
00375200,VIRGINIA INTERMONT COLLEGE              ,VA,24201-4298,Private      ,149,93,242,747,205,952
00375300,VIRGINIA MILITARY INSTITUTE             ,VA,24450-2138,Public       ,240,11,251,1453,52,1505
00375400,VIRGINIA POLYTECH INST & STATE UNIV     ,VA,24061-2000,Public       ,1855,866,2721,23719,4103,27822
00375800,DANVILLE COMMUNITY COLLEGE              ,VA,24541-4004,Public       ,428,1000,1428,862,1681,2543
00375900,J. SARGEANT REYNOLDS COMMUNITY CLG      ,VA,23285-0000,Public       ,1404,2802,4206,2916,5234,8150
00376000,VIRGINIA WESTERN CMTY COLLEGE           ,VA,24038-0000,Public       ,803,1209,2012,1658,2121,3779
00376100,WYTHEVILLE COMMUNITY COLLEGE            ,VA,24382-3308,Public       ,399,668,1067,914,1253,2167
00376200,VIRGINIA UNIVERSITY OF LYNCHBURG        ,VA,24501-6400,Private      ,19,118,137,58,175,233
00376400,VIRGINIA STATE UNIVERSITY               ,VA,23806-0001,Public       ,1930,759,2689,8747,2139,10886
00376500,NORFOLK STATE UNIVERSITY                ,VA,23504-8000,Public       ,2134,1724,3858,7808,4270,12078
00376600,VIRGINIA UNION UNIVERSITY               ,VA,23220-1711,Private      ,893,344,1237,2989,755,3744
00376700,VIRGINIA WESLEYAN COLLEGE               ,VA,23502-5599,Private      ,223,151,374,1776,444,2220
00376800,WASHINGTON & LEE UNIVERSITY             ,VA,24450-0303,Private      ,325,149,474,2407,1617,4024
00400400,JOHN TYLER COMMUNITY COLLEGE            ,VA,23831-5316,Public       ,904,1608,2512,1806,2905,4711
00450301,"EVEREST COLLEGE- EVEREST COLLEGE, MCLEAN",VA,22102-3000,Proprietary  ,45,134,179,54,157,211
00450702,"EVEREST COLLEGE- EVEREST COLLEGE, ARLING",VA,22203-1905,Proprietary  ,54,244,298,65,300,365
00498800,CENTRAL VIRGINIA COMMUNITY COLLEGE      ,VA,24502-2498,Public       ,459,721,1180,1007,1214,2221
00499200,MILLER-MOTTE TECHNICAL COLLEGE          ,VA,24505-0000,Proprietary  ,48,165,213,55,180,235
00499600,DABNEY S LANCASTER COMMUNITY CLG        ,VA,24422-1000,Public       ,117,167,284,412,352,764
00522300,NEW RIVER COMMUNITY COLLEGE             ,VA,24084-1127,Public       ,493,755,1248,1099,1390,2489
00607500,ROANOKE MEM HOSP SCH RAD ONCOLOGY       ,VA,24033-0000,Private      ,1,3,4,8,6,14
00607501,ROANOKE MEM HOSP SCH RAD TECH           ,VA,24014-1850,Private      ,2,3,5,4,9,13
00662200,COLLEGE OF HEALTH SCIENCES - CHRV       ,VA,24031-0000,Private      ,153,347,500,450,747,1197
00681900,BLUE RIDGE COMMUNITY COLLEGE            ,VA,24486-0080,Public       ,419,469,888,1401,1304,2705
00687100,THOMAS NELSON COMMUNITY COLLEGE         ,VA,23670-0000,Public       ,975,2019,2994,2064,3842,5906
00709900,VIRGINIA HIGHLANDS COMMUNITY CLG        ,VA,24210-4210,Public       ,422,572,994,946,1091,2037
00726000,SOUTHWEST VIRGINIA COMMUNITY CLG        ,VA,24641-1510,Public       ,390,693,1083,783,1109,1892
00859200,LOUISE OBICI SCHOOL OF NURSING          ,VA,23434-8038,Private      ,2,9,11,6,15,21
00859202,SUFFOLK PUB SCH-LOUISE OBICI SCH PN     ,VA,23434-0000,Private      ,1,1,2,2,6,8
00865900,LORD FAIRFAX COMMUNITY COLLEGE          ,VA,22645-0047,Public       ,494,716,1210,1132,1374,2506
00866000,GERMANNA COMMUNITY COLLEGE              ,VA,22508-0339,Public       ,547,805,1352,1109,1558,2667
00866100,SOUTHSIDE VIRGINIA CMTY CLG             ,VA,23821-2930,Public       ,496,970,1466,768,1387,2155
00915900,PAUL D CAMP COMMUNITY COLLEGE           ,VA,23851-0737,Public       ,150,369,519,290,632,922
00916000,RAPPAHANNOCK COMMUNITY COLLEGE          ,VA,23149-2616,Public       ,218,297,515,479,591,1070
00926700,EVEREST COLLEGE                         ,VA,23606-4203,Proprietary  ,43,273,316,65,391,456
00926701,EVEREST COLLEGE - CHESAPEAKE            ,VA,23320-2637,Proprietary  ,45,349,394,59,410,469
00942000,SANFORD-BROWN COLLEGE                   ,VA,22182-3913,Proprietary  ,137,261,398,171,382,553
00953500,STAUNTON SCHOOL OF COSMETOLOGY          ,VA,24401-4323,Proprietary  ,0,4,4,3,12,15
00953700,VIRGINIA SCH OF HAIR DESIGN             ,VA,23669-0000,Proprietary  ,10,49,59,13,54,67
00962900,MOUNTAIN EMPIRE COMMUNITY COLLEGE       ,VA,24219-0700,Public       ,410,702,1112,807,1057,1864
00992800,PIEDMONT VIRGINIA COMMUNITY COLLEGE     ,VA,22902-7589,Public       ,369,597,966,910,1163,2073
01004300,BON SECOURS MEMORIAL SCH OF NURSING     ,VA,23227-4612,Private      ,47,166,213,125,387,512
01019800,ECPI COLLEGE OF TECHNOLOGY              ,VA,23462-6542,Proprietary  ,1185,4052,5237,1805,6618,8423
01033800,EASTERN VIRGINIA MEDICAL SCHOOL         ,VA,23501-1980,Private      ,17,276,293,39,1122,1161
01159600,RALPH'S VIRGINIA SCH OF COSMETOLOGY     ,VA,24501-2652,Proprietary  ,3,8,11,3,8,11
01162601,WESTWOOD COLLEGE - SOUTH BAY - ARLINGTON,VA,22203-4167,Proprietary  ,155,177,332,307,317,624
01162602,WESTWOOD COLLEGE - SOUTH BAY - ANNANDALE,VA,22003-2602,Proprietary  ,73,189,262,146,353,499
01274401,SOUTHSIDE REGIONAL MED CTR PROF SCHOOLS ,VA,23803-5133,Proprietary  ,29,90,119,47,166,213
01274402,SOUTHSIDE REG MED CTR SCH RAD TECH      ,VA,23803-0000,Proprietary  ,1,7,8,5,18,23
02053000,LIBERTY UNIVERSITY                      ,VA,24502-0000,Private      ,4575,11410,15985,14623,19705,34328
02108800,WARDS CORNER BEAUTY ACADEMY             ,VA,23505-0000,Proprietary  ,11,71,82,12,90,102
02111600,DANVILLE REGIONAL MEDICAL CENTER SCHOOL ,VA,24541-0000,Proprietary  ,15,42,57,34,73,107
02128700,CENTRAL SCHOOL OF PRACTICAL NURSING     ,VA,23502-2230,Public       ,6,44,50,14,74,88
02140000,RIVERSIDE SCHOOL OF HEALTH CAREERS      ,VA,23608-3802,Private      ,43,196,239,94,379,473
02175800,LYNCHBURG GENERAL HOSP SCH OF NURSG     ,VA,24501-0000,Private      ,22,70,92,65,132,197
02197600,WOODROW WILSON REHABILITATION CTR       ,VA,22939-0000,Public       ,1,4,5,3,7,10
02242400,HENRICO CTY ST MARYS HOSP PRAC NRSG     ,VA,23075-0000,Public       ,5,17,22,8,35,43
02247200,MEDSPA CAREERS INSTITUTE                ,VA,23606-0000,Proprietary  ,44,118,162,72,238,310
02304500,HERITAGE INSTITUTE                      ,VA,20111-0000,Proprietary  ,39,137,176,59,244,303
02320900,TIDEWATER TECH                          ,VA,23517-0000,Proprietary  ,30,166,196,58,269,327
02334400,CENTURA COLLEGE                         ,VA,23452-0000,Proprietary  ,182,1629,1811,256,2516,2772
02342700,FORTIS COLLEGE                          ,VA,23502-4101,Proprietary  ,37,143,180,73,251,324
02342701,FORTIS COLLEGE - RICHMOND CAMPUS        ,VA,23236-3472,Proprietary  ,34,114,148,68,178,246
02358500,BON SECOURS SAINT MARY'S HOSPITAL SCHOOL,VA,23227-4612,Private      ,4,23,27,4,23,27
02535400,ECPI TECHNICAL COLLEGE                  ,VA,23236-0000,Proprietary  ,74,189,263,184,370,554
02538800,SUFFOLK BEAUTY ACADEMY                  ,VA,23434-0000,Proprietary  ,4,14,18,7,18,25
02541200,STRATFORD UNIVERSITY                    ,VA,22043-0000,Proprietary  ,41,246,287,79,343,422
02541201,STRATFORD UNIVERSITY-WOODBRIDGE         ,VA,22192-0000,Proprietary  ,14,62,76,34,113,147
02610100,WASHINGTON COUNTY ADULT SKILL CTR       ,VA,24210-2346,Public       ,13,50,63,19,65,84
03002400,GRAHAM WEBB INTERNATIONAL ACAD HAIR     ,VA,22209-2129,Proprietary  ,12,19,31,17,29,46
03010700,BAR PALMA BEAUTY CAREERS  ACADEMY       ,VA,24014-2255,Proprietary  ,9,13,22,13,17,30
03042800,"VIRGINIA BEACH CITY SCHOOLS, SCH.-PR.NSG",VA,23456-0038,Public       ,9,23,32,15,40,55
03091100,ACT COLLEGE                             ,VA,22209-2297,Proprietary  ,29,118,147,40,149,189
03091300,REGENT UNIVERSITY                       ,VA,23464-9800,Private      ,202,1876,2078,583,4045,4628
03092700,ECPI TECHNICAL COLLEGE-ROANOKE          ,VA,24012-1603,Proprietary  ,58,208,266,80,325,405
03096500,SPRINGFIELD BEAUTY ACADEMY              ,VA,22003-3016,Proprietary  ,0,28,28,2,30,32
03106500,SENTARA NORFOLK GENERAL HOSPITAL        ,VA,23320-2843,Private      ,31,149,180,95,366,461
03116900,BAPTIST THEOLOGICAL SEM.-RICHMOND       ,VA,23227-0000,Private      ,0,8,8,0,24,24
03126300,TIDEWATER TECH AVIATION                 ,VA,23320-5987,Proprietary  ,41,170,211,68,267,335
03126400,CENTURA COLLEGE                         ,VA,23235-5230,Proprietary  ,61,242,303,91,400,491
03126401,CENTURA COLLEGE - WEST                  ,VA,23294-0000,Proprietary  ,7,21,28,11,51,62
03127500,ADVANCED TECHNOLOGY INSTITUTE           ,VA,23462-2409,Proprietary  ,185,195,380,329,302,631
03280400,VIRGINIA SCHOOL OF MASSAGE              ,VA,22903-0000,Proprietary  ,20,67,87,29,88,117
03409500,RICHMOND SCHOOL OF HEALTH AND TECH      ,VA,23227-0000,Proprietary  ,56,424,480,86,534,620
03455300,CRESCENT COSMETOLOGY UNIVERSITY         ,VA,23666-3115,Proprietary  ,1,8,9,3,12,15
03559300,APPALACHIAN SCHOOL OF LAW               ,VA,24614-0000,Private      ,1,208,209,6,645,651
03638400,TAP THIS VALLEY WORKS CTR FOR EMPLO     ,VA,24016-1901,Private      ,0,2,2,0,4,4
03645400,RUDY & KELLY ACADEMY OF HAIR AND NA     ,VA,23464-6857,Proprietary  ,31,66,97,51,108,159
03654300,CAREER TRAINING SOLUTIONS               ,VA,22406-1014,Proprietary  ,18,137,155,31,216,247
03709300,EDWARD VIA VIRGINIA CLG OSTEOPATHIC MED ,VA,24060-6360,Private      ,2,344,346,5,677,682
03872400,INSTITUTE FOR THE PSYCHOLOGICAL SCIENCES,VA,22202-3609,Private      ,0,20,20,3,90,93
03876300,CULPEPER COSMETOLOGY TRAINING CENTER    ,VA,22701-3155,Public       ,2,12,14,5,17,22
03883400,AVIATION INSTITUTE OF MAINTENANCE       ,VA,20110-4156,Proprietary  ,25,89,114,37,130,167
04038400,AVI CAREER INSTITUTE                    ,VA,22066-1839,Proprietary  ,2,19,21,2,22,24
04124000,DOMINION SCHOOL OF HAIR DESIGN          ,VA,23062-2221,Proprietary  ,3,12,15,5,16,21
04127300,COLUMBIA COLLEGE                        ,VA,22031-4413,Proprietary  ,0,11,11,0,11,11
04133400,CENTURA COLLEGE                         ,VA,22312-2670,Proprietary  ,4,27,31,10,44,54
04133800,SOUTHEAST CULINARY & HOSPITALITY COLLEGE,VA,24201-4159,Proprietary  ,21,15,36,32,31,63
04140000,GLOBAL HEALTH NURSE TRAINING SERVICES   ,VA,22314-4585,Proprietary  ,6,61,67,12,120,132
00107000,THUNDERBIRD SCHOOL OF GLOBAL MANAGEMENT ,AZ,85306-6000,Private      ,2,281,283,5,584,589
00107100,ARIZONA WESTERN COLLEGE                 ,AZ,85366-0000,Public       ,1618,1846,3464,2760,2666,5426
00107200,COCHISE COLLEGE                         ,AZ,85607-6190,Public       ,481,794,1275,818,1232,2050
00107300,EASTERN ARIZONA COLLEGE                 ,AZ,85552-0769,Public       ,412,524,936,914,836,1750
00107400,GRAND CANYON UNIVERSITY                 ,AZ,85017-3030,Proprietary  ,966,19360,20326,2132,29377,31509
00107600,GLENDALE COMMUNITY COLLEGE              ,AZ,85302-3090,Public       ,2594,3378,5972,5095,5656,10751
00107700,MESA COMMUNITY COLLEGE                  ,AZ,85202-4866,Public       ,3043,4585,7628,5596,7758,13354
00107800,PHOENIX COLLEGE                         ,AZ,85013-4234,Public       ,1494,3007,4501,2690,4943,7633
00107900,YAVAPAI COLLEGE                         ,AZ,86301-3297,Public       ,609,1095,1704,1321,2007,3328
00108100,ARIZONA STATE UNIV (ALL CAMPUSES)       ,AZ,85287-0412,Public       ,8856,9581,18437,34418,22983,57401
00108200,NORTHERN ARIZONA UNIVERSITY             ,AZ,86011-0001,Public       ,3303,3595,6898,17093,8391,25484
00108300,UNIVERSITY OF ARIZONA                   ,AZ,85721-0066,Public       ,4872,3492,8364,22104,11290,33394
00165701,MIDWESTERN UNIVERSITY                   ,AZ,85308-0000,Private      ,17,695,712,61,2610,2671
00446700,TUCSON COLLEGE                          ,AZ,85711-3781,Proprietary  ,50,190,240,78,295,373
00711300,SOUTHWESTERN COLLEGE                    ,AZ,85032-7097,Private      ,174,84,258,318,127,445
00726600,PIMA COUNTY COMMUNITY COLLEGE           ,AZ,85709-1110,Public       ,3231,5222,8453,6206,8942,15148
00728300,CENTRAL ARIZONA COLLEGE                 ,AZ,85228-9779,Public       ,719,1252,1971,1286,1981,3267
00822100,UNIVERSAL TECHNICAL INSTITUTE           ,AZ,85323-7946,Proprietary  ,3479,2219,5698,7104,4047,11151
00824600,DINè COLLEGE                            ,AZ,86556-0126,Public       ,311,411,722,404,552,956
00830300,GATEWAY COMMUNITY COLLEGE               ,AZ,85034-1795,Public       ,482,1813,2295,964,3036,4000
00830302,MARICOPA SKILL CENTER                   ,AZ,85034-0000,Public       ,148,524,672,253,816,1069
00830400,SCOTTSDALE COMMUNITY COLLEGE            ,AZ,85250-0000,Public       ,1135,1290,2425,2132,2187,4319
00886400,ARIZONA ACADEMY OF BEAUTY               ,AZ,85712-5021,Proprietary  ,5,29,34,13,38,51
00886500,ARTISTIC BEAUTY COLLEGES-TUCSON         ,AZ,85716-3999,Proprietary  ,86,149,235,114,243,357
00886501,ARTISTIC BEAUTY COLLEGES - TUCSON  - NOR,AZ,85705-1665,Proprietary  ,1,6,7,4,14,18
00945100,BROWN MACKIE COLLEGE                    ,AZ,85712-5300,Proprietary  ,207,1180,1387,268,1586,1854
01084700,ARIZONA AUTOMOTIVE INSTITUTE            ,AZ,85301-3503,Proprietary  ,168,563,731,197,650,847
01085800,AVALON SCHOOL OF COSMETOLOGY            ,AZ,85210-4010,Proprietary  ,52,118,170,70,173,243
01168900,REFRIGERATION SCHOOL                    ,AZ,85034-0000,Proprietary  ,33,229,262,47,302,349
01180200,ARIZONA ACADEMY OF BEAUTY-NORTH         ,AZ,85705-2720,Proprietary  ,5,21,26,8,27,35
01180800,ARTISTIC BEAUTY COLLEGES-FLAGSTAFF      ,AZ,86004-5119,Proprietary  ,65,174,239,83,242,325
01180801,CLG OF BEAUTY ARTS & SCI/CHANDLER       ,AZ,85224-0000,Proprietary  ,4,6,10,8,9,17
01180802,CLG OF BEAUTY ARTS & SCI/PRESCOTT       ,AZ,86303-0000,Proprietary  ,2,3,5,4,6,10
01186200,NORTHLAND PIONEER COLLEGE               ,AZ,86025-2996,Public       ,192,499,691,317,797,1114
01186400,MOHAVE COMMUNITY COLLEGE                ,AZ,86409-1238,Public       ,406,1611,2017,659,2655,3314
01218400,INTERNATIONAL ACAD OF HAIR DESIGN       ,AZ,85225-7198,Proprietary  ,38,71,109,52,95,147
01234300,ARTISTIC BEAUTY COLLEGES-PHOENIX        ,AZ,85304-0000,Proprietary  ,86,119,205,108,189,297
01234301,EMPIRE BEAUTY SCHOOL - AVONDALE         ,AZ,85323-2352,Proprietary  ,4,13,17,12,28,40
01293700,ARTISTIC BEAUTY COLLEGES - PARADISE VALL,AZ,85257-0000,Proprietary  ,21,34,55,27,44,71
02065200,ITT TECHNICAL INSTITUTE                 ,AZ,85282-0000,Proprietary  ,250,1047,1297,315,1170,1485
02065300,PRESCOTT COLLEGE                        ,AZ,86301-0000,Private      ,114,320,434,393,686,1079
02071200,KAPLAN COLLEGE                          ,AZ,85029-4349,Proprietary  ,158,574,732,270,1044,1314
02098800,UNIVERSITY OF PHOENIX                   ,AZ,85040-0000,Proprietary  ,4753,99110,103863,7693,155100,162793
02100500,UNIVERSAL TECHNICAL INSTITUTE           ,AZ,85027-0000,Proprietary  ,2757,3250,6007,5867,6245,12112
02100600,APOLLO COLLEGE                          ,AZ,85015-0000,Proprietary  ,680,2379,3059,935,3231,4166
02113800,ROBERTO-VENN SCH OF LUTHIERY            ,AZ,85040-0000,Proprietary  ,10,26,36,21,37,58
02146600,SOUTH MOUNTAIN COMMUNITY COLLEGE        ,AZ,85040-0000,Public       ,594,999,1593,1021,1542,2563
02171500,WESTERN INTERNATIONAL UNIVERSITY        ,AZ,85021-0000,Proprietary  ,14,558,572,34,920,954
02174900,COLLINS COLLEGE                         ,AZ,85040-4000,Proprietary  ,353,313,666,867,705,1572
02177500,RIO SALADO COMMUNITY COLLEGE            ,AZ,85281-0000,Public       ,383,3229,3612,673,5490,6163
02190702,RETS COLLEGE - FORTIS COLLEGE-PHOENIX   ,AZ,85006-3759,Proprietary  ,2,6,8,2,6,8
02192300,MARICOPA BEAUTY COLLEGE                 ,AZ,85323-0000,Proprietary  ,21,37,58,27,45,72
02199900,AMERICAN INDIAN CLG-ASSEMBLIES GOD      ,AZ,85021-0000,Private      ,27,31,58,38,45,83
02217100,PIMA MEDICAL INSTITUTE                  ,AZ,85716-0000,Proprietary  ,665,2552,3217,1029,4044,5073
02218800,BROOKLINE COLLEGE                       ,AZ,85019-1600,Proprietary  ,128,719,847,186,1121,1307
02218804,BROOKLINE COLLEGE - MESA                ,AZ,85204-4448,Proprietary  ,18,102,120,21,112,133
02218805,BROOKLINE COLLEGE - TUCSON              ,AZ,85711-5444,Proprietary  ,34,133,167,37,138,175
02220300,ARTISTIC BEAUTY COLLEGES-GLENDALE       ,AZ,85051-0000,Proprietary  ,85,218,303,107,292,399
02263100,ANTHEM COLLEGE                          ,AZ,85014-0000,Proprietary  ,190,659,849,281,1160,1441
02280500,CHARLES OF ITALY BEAUTY COLLEGE         ,AZ,86403-0000,Proprietary  ,12,26,38,16,29,45
02295000,EVEREST COLLEGE                         ,AZ,85021-1610,Proprietary  ,362,3586,3948,505,5050,5555
02295002,EVEREST COLLEGE - MESA                  ,AZ,85206-4704,Proprietary  ,46,318,364,62,411,473
02317800,AMERICAN INSTITUTE OF TECHNOLOGY        ,AZ,85043-0000,Proprietary  ,11,367,378,23,456,479
02361100,ITT TECHNICAL INSTITUTE                 ,AZ,85704-0000,Proprietary  ,215,674,889,263,775,1038
02491500,THE ART CENTER DESIGN COLLEGE           ,AZ,85716-0000,Proprietary  ,76,196,272,122,240,362
02521500,LAMSON COLLEGE                          ,AZ,85284-1141,Proprietary  ,37,165,202,64,245,309
02533200,FRANK LLOYD WRIGHT SCHOOL OF ARCHITECTUR,AZ,85261-4430,Private      ,5,11,16,10,29,39
02559000,UNIVERSITY OF ADVANCING TECHNOLOGY      ,AZ,85283-0000,Proprietary  ,286,219,505,857,431,1288
02561900,TONI AND GUY HAIRDRESSING ACADEMY       ,AZ,85251-3301,Proprietary  ,42,50,92,61,76,137
02582700,CORTIVA INSTITUTE - TUCSON              ,AZ,85710-3503,Proprietary  ,22,71,93,31,109,140
02616700,LE CORDON BLEU COLLEGE OF CULINARY ARTS ,AZ,85251-2729,Proprietary  ,375,722,1097,682,1159,1841
02623600,PARADISE VALLEY COMMUNITY COLLEGE       ,AZ,85032-1210,Public       ,837,1277,2114,1617,2091,3708
02623800,CORTIVA INSTITUTE - SCOTTSDALE          ,AZ,85257-4218,Proprietary  ,17,66,83,28,108,136
03005000,SAFFORD COLLEGE OF BEAUTY CULTURE       ,AZ,85546-3309,Proprietary  ,0,0,0,2,2,4
03010613,VIRGINIA COLLEGE - GOLF ACADEMY OF ARIZO,AZ,85225-6742,Proprietary  ,58,84,142,98,143,241
03030604,UTAH COLLEGE OF MASSAGE THERAPY - ARIZON,AZ,85282-0000,Proprietary  ,57,153,210,76,206,282
03030605,UTAH COLLEGE OF MASSAGE THERAPY - ARIZON,AZ,85051-3470,Proprietary  ,36,71,107,59,123,182
03034400,CONSERVATORY RECORDING ARTS & SCIS      ,AZ,85282-1707,Proprietary  ,213,201,414,451,489,940
03072200,CHANDLER-GILBERT COMMUNITY COLLEGE      ,AZ,85225-2499,Public       ,1272,1495,2767,2362,2588,4950
03076400,BRYMAN SCHOOL OF ARIZONA                ,AZ,85029-4919,Proprietary  ,350,1095,1445,584,1909,2493
03097800,CARSTEN INSTITUTE OF HAIR & BEAUTY      ,AZ,85282-5404,Proprietary  ,22,64,86,38,94,132
03100400,COCONINO COUNTY COMMUNITY COLLEGE       ,AZ,86001-2701,Public       ,348,542,890,652,1011,1663
03107000,SOUTHWEST CLG OF NATUROPATHIC MED       ,AZ,85282-0000,Private      ,1,200,201,7,315,322
03115000,ARIZONA COLLEGE OF ALLIED HEALTH        ,AZ,85302-3843,Proprietary  ,53,312,365,81,470,551
03120300,COLLEGE AMERICA                         ,AZ,86004-3936,Proprietary  ,48,258,306,57,279,336
03156300,ESTRELLA MOUNTAIN COMMUNITY COLLEGE     ,AZ,85392-1010,Public       ,799,1261,2060,1506,2018,3524
03156301,ESTRELLA MOUNTAIN COMMUNITY COLLEGE - SO,AZ,85392-1010,Public       ,249,406,655,435,673,1108
03347300,INTERNATIONAL BAPTIST COLLEGE           ,AZ,85282-6799,Private      ,19,8,27,29,11,40
03445300,HDS TRUCK DRIVING INSTITUTE             ,AZ,85731-0000,Proprietary  ,0,5,5,0,13,13
03478400,PHOENIX SEMINARY                        ,AZ,85018-7611,Private      ,0,30,30,1,49,50
03572300,EAST VALLEY INSTITUTE OF TECHNOLOGY     ,AZ,85201-6910,Public       ,32,42,74,57,71,128
03593300,SOUTHWEST INSTITUTE OF HEALING ARTS     ,AZ,85281-3658,Proprietary  ,24,185,209,43,302,345
03617500,PHOENIX INSTITUTE OF HERBAL MEDICINE & A,AZ,85012-0000,Proprietary  ,3,67,70,6,105,111
03695500,ARIZONA SCHOOL OF ACUPUNCTURE AND ORIENT,AZ,85712-1100,Proprietary  ,1,23,24,4,46,50
03740500,ART INSTITUTE OF TUCSON (THE)           ,AZ,85712-2732,Proprietary  ,92,133,225,184,250,434
03784400,TOHONO O'ODHAM COMMUNITY COLLEGE        ,AZ,85634-3129,Public       ,3,24,27,7,32,39
03814300,TURNING POINT BEAUTY COLLEGE            ,AZ,85222-4229,Proprietary  ,4,30,34,5,32,37
04051300,ART INSTITUTE OF PHOENIX (THE)          ,AZ,85021-2859,Proprietary  ,522,492,1014,1091,964,2055
04059300,TUCSON COLLEGE OF BEAUTY                ,AZ,85705-2451,Proprietary  ,10,30,40,19,36,55
04120900,ARIZONA CULINARY INSTITUTE              ,AZ,85259-4939,Proprietary  ,54,66,120,121,119,240
04131400,PHOENIX SCHOOL OF LAW                   ,AZ,85012-3330,Proprietary  ,4,252,256,9,775,784
04138800,MODERN TECHNIQUES BEAUTY COLLEGE        ,AZ,86403-2974,Proprietary  ,5,11,16,5,16,21
04152900,STUDIO ACADEMY OF BEAUTY (THE)          ,AZ,85224-3600,Proprietary  ,8,8,16,8,8,16
00142800,DELAWARE STATE UNIVERSITY               ,DE,19901-2277,Public       ,1233,537,1770,6204,1384,7588
00142900,GOLDEY BEACOM COLLEGE                   ,DE,19808-1993,Private      ,158,121,279,394,217,611
00143100,UNIVERSITY OF DELAWARE                  ,DE,19716-0099,Public       ,3170,826,3996,21066,2209,23275
00143300,WESLEY COLLEGE                          ,DE,19901-3875,Private      ,562,157,719,2171,392,2563
00143301,WESLEY COLLEGE-CTR FOR ADULT STUDIE     ,DE,19720-0000,Private      ,7,118,125,17,240,257
00331301,WIDENER UNIV SCHOOL OF LAW - DE         ,DE,19803-0000,Private      ,15,468,483,36,1636,1672
00705300,DELAWARE TECH & CMTY COLLEGE-OWENS      ,DE,19947-0000,Public       ,740,915,1655,1398,1535,2933
00794800,WILMINGTON UNIVERSITY                   ,DE,19720-6491,Private      ,676,1895,2571,1371,3465,4836
01172700,DELAWARE TECH & CMTY CLG-TERRY          ,DE,19901-8736,Public       ,596,778,1374,1198,1286,2484
02125200,BEEBE SCHOOL OF NURSING                 ,DE,19958-1462,Private      ,16,29,45,37,60,97
02144900,DELAWARE TECH & CMTY CLG-STANTN/WLM     ,DE,19801-0000,Public       ,1209,1375,2584,2373,2282,4655
02190400,SCHILLING DOUGLAS SCH OF HAIR DSGN      ,DE,19711-0000,Proprietary  ,28,55,83,35,69,104
02586902,STAR TECHNICAL INSTITUTE -              ,DE,19901-4615,Proprietary  ,1,10,11,1,28,29
03025800,DAWN TRAINING CENTRE                    ,DE,19805-1511,Proprietary  ,21,145,166,28,225,253
03543300,HARRIS SCHOOL OF BUSINESS               ,DE,19803-5341,Proprietary  ,42,175,217,47,186,233
03702300,DELAWARE LEARNING INSTITUTE OF COSMETOLO,DE,19939-9759,Proprietary  ,19,38,57,28,57,85
04130700,ACADEMY OF MASSAGE AND BODYWORK         ,DE,19701-1321,Proprietary  ,1,8,9,3,16,19
04139800,DELAWARE COLLEGE OF ART & DESIGN        ,DE,19801-3007,Private      ,76,24,100,321,56,377
        ,FEDERAL STUDENT AID USE ONLY            ,DC,20202-0000,,0,0,0,2,116,118
00143400,AMERICAN UNIVERSITY                     ,DC,20016-8020,Private      ,389,1558,1947,11711,9954,21665
00143700,CATHOLIC UNIVERSITY OF AMERICA          ,DC,20064-0002,Private      ,658,680,1338,4579,1978,6557
00143711,"CATHOLIC UNIV AMERICA, LAW SCHOOL       ",DC,20064-0000,Private      ,10,354,364,37,1584,1621
00144100,UNIV OF THE DISTRICT OF COLUMBIA        ,DC,20008-0000,Public       ,800,1656,2456,1805,3462,5267
00144102,UNIVERSITY OF THE DISTRICT OF COLUMBIA -,DC,20008-1173,Public       ,15,176,191,41,824,865
00144300,GALLAUDET UNIVERSITY                    ,DC,20002-3695,Private      ,313,343,656,672,658,1330
00144400,GEORGE WASHINGTON UNIVERSITY            ,DC,20052-2353,Private      ,1754,2772,4526,11495,8741,20236
00144402,GEORGE WASHINGTON UNIV LAW SCHL         ,DC,20052-0000,Private      ,11,733,744,31,4864,4895
00144403,GEORGE WASHINGTON UNIV SCH MED          ,DC,20052-0000,Private      ,7,539,546,44,1523,1567
00144500,GEORGETOWN UNIVERSITY                   ,DC,20057-1252,Private      ,1164,944,2108,12426,4749,17175
00144501,"GEORGETOWN UNIV, SCH OF MEDICINE        ",DC,20007-0000,Private      ,6,237,243,35,1052,1087
00144502,GEORGETOWN UNIVERSITY - GRADUATE SCHOOL ,DC,20057-0004,Private      ,9,894,903,11,1371,1382
00144503,GEORGETOWN UNIV LAW CENTER              ,DC,20001-0000,Private      ,6,716,722,21,5934,5955
00144800,HOWARD UNIVERSITY                       ,DC,20059-0001,Private      ,1996,2146,4142,13011,7502,20513
00145600,SOUTHEASTERN UNIVERSITY                 ,DC,20024-2788,Private      ,26,196,222,99,454,553
00145900,STRAYER UNIVERSITY                      ,DC,20005-2603,Proprietary  ,703,18846,19549,916,25438,26354
00146000,TRINITY UNIVERSITY                      ,DC,20017-1004,Private      ,232,665,897,878,1465,2343
00146400,WESLEY THEOLOGICAL SEMINARY             ,DC,20016-0000,Private      ,2,103,105,2,220,222
00207701,JOHNS HOPKINS UNIV SCH ADV INTL STU     ,DC,20036-0000,Private      ,1,201,202,24,1309,1333
01006500,WASHINGTON THEOLOGICAL UNION            ,DC,20012-0000,Private      ,2,13,15,3,24,27
01195000,THE CORCORAN COLLEGE OF ART & DESIG     ,DC,20006-4804,Private      ,82,108,190,448,293,741
01280300,DOMINICAN HOUSE OF STUDIES              ,DC,20017-1584,Private      ,1,3,4,2,8,10
02132800,NAT'L CONSERVATORY DRAMATIC ARTS        ,DC,20007-2758,Private      ,2,11,13,6,21,27
02279200,DUDLEY BEAUTY COLG-WASHINGTON           ,DC,20018-0000,Proprietary  ,10,30,40,18,45,63
02588900,SANZ SCHOOL                             ,DC,20006-0000,Proprietary  ,99,433,532,111,456,567
03104300,CAREER BLAZERS LEARNING CENTER OF WASHIN,DC,20037-1881,Proprietary  ,26,220,246,28,225,253
03218300,POTOMAC COLLEGE                         ,DC,20016-1860,Proprietary  ,16,200,216,29,306,335
03409600,BENNETT CAREER INSTITUTE                ,DC,20017-1754,Proprietary  ,23,79,102,38,122,160
03750300,TECHNICAL LEARNING CENTERS              ,DC,20005-3415,Proprietary  ,13,69,82,18,100,118
04142700,PONTIFICAL JOHN PAUL II INSTITUTE FOR ST,DC,20064-0001,Private      ,0,6,6,0,6,6
00154100,ABRAHAM BALDWIN AGRICULTURAL CLG        ,GA,31794-0000,Public       ,1359,668,2027,2385,1108,3493
00154200,AGNES SCOTT COLLEGE                     ,GA,30030-3797,Private      ,321,128,449,1205,288,1493
00154300,DARTON COLLEGE                          ,GA,31707-3098,Public       ,1296,2182,3478,2116,3373,5489
00154400,ALBANY STATE UNIVERSITY                 ,GA,31705-2796,Public       ,2298,1777,4075,5789,2961,8750
00154500,ANDREW COLLEGE                          ,GA,39840-1313,Private      ,123,20,143,337,39,376
00154600,ARMSTRONG ATLANTIC STATE UNIVERSITY     ,GA,31419-1997,Public       ,1735,2111,3846,3675,3873,7548
00154700,ATLANTA CHRISTIAN COLLEGE               ,GA,30344-1999,Private      ,145,325,470,325,511,836
00155200,AUGUSTA STATE UNIVERSITY                ,GA,30904-2200,Public       ,1505,1589,3094,4086,3871,7957
00155400,BERRY COLLEGE                           ,GA,30149-5007,Private      ,583,93,676,2338,219,2557
00155500,THOMAS UNIVERSITY                       ,GA,31792-7499,Private      ,121,403,524,218,665,883
00155600,BRENAU UNIVERSITY                       ,GA,30501-3668,Private      ,322,999,1321,978,1948,2926
00155700,BREWTON PARKER COLLEGE                  ,GA,30445-0000,Private      ,315,230,545,561,377,938
00155800,COASTAL GEORGIA COMMUNITY COLLEGE       ,GA,31520-3644,Public       ,623,1074,1697,1060,1802,2862
00155900,CLARK ATLANTA UNIVERSITY                ,GA,30314-4385,Private      ,2559,1403,3962,11512,3611,15123
00156000,COLUMBIA THEOLOGICAL SEMINARY           ,GA,30031-0000,Private      ,0,107,107,1,170,171
00156100,COLUMBUS STATE UNIVERSITY               ,GA,31907-5645,Public       ,2377,2290,4667,4669,3748,8417
00156200,GEORGIA PERIMETER COLLEGE               ,GA,30021-0000,Public       ,5752,7377,13129,10029,13343,23372
00156300,EMMANUEL COLLEGE                        ,GA,30639-0000,Private      ,304,89,393,601,165,766
00156400,EMORY UNIVERSITY                        ,GA,30322-1960,Private      ,954,2043,2997,10734,8382,19116
00156600,FORT VALLEY STATE UNIVERSITY            ,GA,31030-3298,Public       ,2367,882,3249,4972,1444,6416
00156700,GAINESVILLE STATE COLLEGE               ,GA,30503-0000,Public       ,2575,1313,3888,4528,2287,6815
00156800,INTERDENOMINATIONAL THEOLOGY CENTER     ,GA,30314-0000,Private      ,0,253,253,3,400,403
00156900,GEORGIA INSTITUTE OF TECHNOLOGY         ,GA,30332-0002,Public       ,3640,1597,5237,13611,3633,17244
00157000,SOUTHERN POLYTECHNIC STATE UNIV         ,GA,30060-2896,Public       ,854,869,1723,2601,1878,4479
00157100,GEORGIA MILITARY COLLEGE                ,GA,31061-3398,Public       ,1188,1604,2792,2026,2627,4653
00157200,GEORGIA SOUTHERN UNIVERSITY             ,GA,30460-8065,Public       ,6801,2567,9368,16105,4720,20825
00157300,GEORGIA SOUTHWESTERN STATE UNIV         ,GA,31709-4693,Public       ,924,899,1823,1866,1430,3296
00157400,GEORGIA STATE UNIVERSITY                ,GA,30303-3010,Public       ,7887,9161,17048,21587,19632,41219
00157500,GORDON COLLEGE                          ,GA,30204-1762,Public       ,2063,1084,3147,3644,1943,5587
00157700,KENNESAW STATE UNIVERSITY               ,GA,30144-5591,Public       ,5128,4689,9817,12419,9918,22337
00157800,LAGRANGE COLLEGE                        ,GA,30240-2999,Private      ,323,252,575,1106,455,1561
00157900,MEDICAL COLLEGE OF GEORGIA              ,GA,30912-0004,Public       ,246,1082,1328,503,2243,2746
00158000,MERCER UNIVERSITY                       ,GA,31207-0003,Private      ,982,3088,4070,3901,6124,10025
00158100,MIDDLE GEORGIA COLLEGE                  ,GA,31014-1599,Public       ,1369,795,2164,2814,1443,4257
00158200,MOREHOUSE COLLEGE                       ,GA,30314-3773,Private      ,1012,314,1326,4394,796,5190
00158500,NORTH GEORGIA COLLEGE & STATE UNIV      ,GA,30597-0001,Public       ,1092,649,1741,3478,1504,4982
00158600,OGLETHORPE UNIVERSITY                   ,GA,30319-2737,Private      ,350,201,551,1564,412,1976
00158700,PAINE COLLEGE                           ,GA,30901-3182,Private      ,420,168,588,1418,427,1845
00158800,PIEDMONT COLLEGE                        ,GA,30535-5644,Private      ,319,1007,1326,749,1650,2399
00158900,REINHARDT COLLEGE                       ,GA,30183-2981,Private      ,346,187,533,765,305,1070
00159000,SAVANNAH STATE UNIVERSITY               ,GA,31404-5298,Public       ,2246,962,3208,5279,1838,7117
00159100,SHORTER COLLEGE                         ,GA,30165-4298,Private      ,532,1357,1889,1575,2079,3654
00159200,SOUTH GEORGIA COLLEGE                   ,GA,31533-8104,Public       ,758,479,1237,1203,813,2016
00159400,SPELMAN COLLEGE                         ,GA,30314-4399,Private      ,916,315,1231,5745,1048,6793
00159600,TOCCOA FALLS COLLEGE                    ,GA,30598-0001,Private      ,324,90,414,829,175,1004
00159700,TRUETT MCCONNELL COLLEGE                ,GA,30528-1264,Private      ,191,42,233,367,60,427
00159800,UNIVERSITY OF GEORGIA                   ,GA,30602-6114,Public       ,6229,3927,10156,19414,8983,28397
00159900,VALDOSTA STATE UNIVERSITY               ,GA,31698-0001,Public       ,4966,2378,7344,10443,3984,14427
00160000,WESLEYAN COLLEGE                        ,GA,31210-4407,Private      ,129,192,321,344,332,676
00160100,UNIV OF WEST GEORGIA                    ,GA,30118-0002,Public       ,3895,2180,6075,8466,3901,12367
00160200,GEORGIA COLLEGE & STATE UNIVERSITY      ,GA,31061-0490,Public       ,1750,785,2535,4782,1477,6259
00160400,YOUNG HARRIS COLLEGE                    ,GA,30582-4137,Private      ,309,29,338,832,57,889
00348400,COVENANT COLLEGE                        ,GA,30750-4164,Private      ,235,160,395,1158,292,1450
00395600,DALTON STATE COLLEGE                    ,GA,30720-3797,Public       ,1785,1808,3593,2798,2777,5575
00402300,APPALACHIAN TECHNICAL COLLEGE           ,GA,30143-0000,Public       ,116,334,450,170,530,700
00402400,GEORGIA NORTHWESTERN TECHNICAL COLLEGE  ,GA,30161-6757,Public       ,628,2171,2799,838,2789,3627
00402403,NORTHWESTERN TECHNICAL COLLEGE          ,GA,30739-0569,Public       ,378,1126,1504,593,1921,2514
00411700,GRADY HEALTH SYSTEM                     ,GA,30303-3050,Public       ,28,146,174,67,260,327
00525400,LANIER TECHNICAL COLLEGE                ,GA,30566-3499,Public       ,399,1350,1749,623,2063,2686
00525500,MOULTRIE TECHNICAL COLLEGE              ,GA,31768-0000,Public       ,268,927,1195,425,1517,1942
00525600,VALDOSTA TECHNICAL COLLEGE              ,GA,31603-0000,Public       ,452,1469,1921,667,2189,2856
00551100,OKEFENOKEE TECHNICAL COLLEGE            ,GA,31501-4016,Public       ,180,785,965,221,931,1152
00559900,AUGUSTA TECHNICAL COLLEGE               ,GA,30906-3399,Public       ,721,2572,3293,1174,3940,5114
00560000,ATHENS TECHNICAL COLLEGE                ,GA,30601-1579,Public       ,902,2172,3074,1451,3422,4873
00560100,ALBANY TECHNICAL COLLEGE                ,GA,31701-2648,Public       ,575,2454,3029,787,3296,4083
00561300,FLINT RIVER TECHNICAL INSTITUTE         ,GA,30286-0014,Public       ,80,451,531,121,653,774
00561401,WEST GEORGIA TECHNICAL COLLEGE - ROOSEVE,GA,31830-0268,Public       ,3,8,11,17,14,31
00561500,SOUTHWEST GEORGIA TECHNICAL COLLEGE     ,GA,31792-2622,Public       ,340,1037,1377,449,1497,1946
00561700,SOUTH GEORGIA TECHNICAL COLLEGE         ,GA,31709-8167,Public       ,397,862,1259,583,1197,1780
00561800,SAVANNAH TECHNICAL COLLEGE              ,GA,31405-5594,Public       ,930,3244,4174,1327,4685,6012
00561900,NORTH GEORGIA TECHNICAL COLLEGE         ,GA,30523-0000,Public       ,471,1103,1574,705,1624,2329
00562000,CHATTAHOOCHEE TECHNICAL COLLEGE         ,GA,30060-3398,Public       ,1228,3233,4461,1896,4985,6881
00562004,NORTH METRO TECHNICAL COLLEGE           ,GA,30102-3129,Public       ,652,1420,2072,913,2014,2927
00562100,GRIFFIN TECHNICAL COLLEGE               ,GA,30223-2097,Public       ,569,1928,2497,887,3137,4024
00562200,DEKALB TECHNICAL COLLEGE                ,GA,30021-0000,Public       ,714,3127,3841,1081,5015,6096
00562400,COLUMBUS TECHNICAL COLLEGE              ,GA,31904-6572,Public       ,596,1928,2524,888,2746,3634
00576300,CENTRAL GEORGIA TECHNICAL COLLEGE       ,GA,31206-3628,Public       ,670,2877,3547,1162,5188,6350
00772800,MACON STATE COLLEGE                     ,GA,31206-5145,Public       ,1410,2022,3432,2768,3985,6753
00854300,ATLANTA TECHNICAL COLLEGE               ,GA,30310-4499,Public       ,829,3022,3851,1295,4701,5996
00897600,CLAYTON STATE UNIVERSITY                ,GA,30260-0285,Public       ,2055,3617,5672,4100,6254,10354
00918300,EAST CENTRAL TECHNICAL COLLEGE          ,GA,31750-0000,Public       ,143,641,784,195,849,1044
00927000,ART INSTITUTE OF ATLANTA                ,GA,30328-1649,Proprietary  ,2556,1904,4460,6107,4330,10437
00950700,GEORGIA HIGHLANDS COLLEGE               ,GA,30162-0000,Public       ,1373,1190,2563,2292,2064,4356
01031903,MEDIX SCHOOL                            ,GA,30080-7630,Proprietary  ,107,367,474,160,528,688
01035601,EVEREST INSTITUTE - DEKALB              ,GA,30035-3420,Proprietary  ,142,555,697,169,652,821
01048700,WEST GEORGIA TECHNICAL COLLEGE          ,GA,30182-6476,Public       ,696,2093,2789,1126,3533,4659
01048704,WEST GEORGIA TECHNICAL COLLEGE          ,GA,30240-5957,Public       ,247,697,944,480,1261,1741
01077100,GUPTON JONES COLLEGE                    ,GA,30035-4022,Private      ,57,149,206,98,221,319
01099700,EAST GEORGIA COLLEGE                    ,GA,30401-2699,Public       ,1156,503,1659,1768,819,2587
01107400,BAINBRIDGE COLLEGE                      ,GA,39819-8400,Public       ,440,1107,1547,721,1967,2688
01110901,EVEREST COLLEGE - EVEREST INSTITUTE     ,GA,30067-8340,Proprietary  ,61,423,484,76,493,569
01112301,EVEREST COLLEGE - EVEREST INSTITUTE- NOR,GA,30093-2813,Proprietary  ,62,412,474,117,701,818
01157400,BAUDER COLLEGE                          ,GA,30313-2439,Proprietary  ,287,555,842,591,1046,1637
01205100,PRO WAY HAIR SCHOOL                     ,GA,30083-2884,Proprietary  ,43,190,233,54,242,296
01216500,ATLANTA METROPOLITAN COLLEGE            ,GA,30310-4498,Public       ,990,1745,2735,1717,2858,4575
01303900,SOUTH UNIVERSITY                        ,GA,31406-4881,Proprietary  ,589,8588,9177,891,13318,14209
02055000,WAYCROSS COLLEGE                        ,GA,31503-0000,Public       ,280,295,575,414,471,885
02060900,BROWN CLG OF COURT REPORTING & M.T.     ,GA,30318-2570,Proprietary  ,16,162,178,21,253,274
02074800,LIFE UNIVERSITY                         ,GA,30060-0000,Private      ,95,404,499,275,2032,2307
02089700,HERZING COLLEGE                         ,GA,30326-1332,Proprietary  ,131,549,680,172,760,932
02110501,ART INSTITUTE OF CHARLOTTE (THE) - BROWN,GA,30319-3054,Proprietary  ,29,36,65,78,64,142
02113604,AMERICAN INTERCONTINENTAL UNIV - DUNWOOD,GA,30328-1649,Proprietary  ,0,0,0,98,284,382
02116000,SANFORD-BROWN COLLEGE                   ,GA,30328-4803,Proprietary  ,126,677,803,201,1210,1411
02141500,SAVANNAH COLLEGE OF ART & DESIGN        ,GA,31402-3146,Private      ,2350,1488,3838,8004,3243,11247
02202800,AUGUSTA AREA DIET INTERN UNIV HOSP      ,GA,30901-0000,Private      ,0,16,16,4,23,27
02205300,SAVANNAH RIVER COLLEGE                  ,GA,30909-0000,Proprietary  ,9,47,56,18,82,100
02217200,PORTFOLIO CENTER                        ,GA,30309-0000,Proprietary  ,1,53,54,6,85,91
02263105,ANTHEM COLLEGE - HIGH-TECH INSTITUTE - M,GA,30324-3398,Proprietary  ,3,12,15,7,17,24
02266200,AMERICAN PROFESSIONAL INSTITUTE         ,GA,31201-3185,Proprietary  ,86,595,681,122,977,1099
02279500,HEART OF GEORGIA TECHNICAL COLLEGE      ,GA,31021-0000,Public       ,241,751,992,325,967,1292
02284300,INTERACTIVE COLLEGE OF TECHNOLOGY       ,GA,30341-0000,Proprietary  ,74,652,726,84,769,853
02284308,INTERACTIVE LEARNING SYSTEMS            ,GA,30260-0000,Proprietary  ,16,92,108,17,119,136
02284309,INTERACTIVE COLLEGE OF TECHNOLOGY       ,GA,30501-0000,Proprietary  ,14,89,103,18,100,118
02285500,"CREATIVE CIRCUS, THE                    ",GA,30324-0000,Proprietary  ,32,97,129,47,163,210
02288400,GWINNETT TECHNICAL INSTITUTE            ,GA,30043-5702,Public       ,1231,3466,4697,1929,5522,7451
02313902,WESTWOOD COLLEGE - O'HARE AIRPORT - ATLA,GA,30345-2807,Proprietary  ,126,240,366,219,446,665
02321400,ROFFLER-MOLER HAIRSTYLING COLLEGE       ,GA,30062-0000,Proprietary  ,15,63,78,17,78,95
02354500,SOUTHEASTERN BEAUTY SCHOOLS             ,GA,31906-0000,Proprietary  ,3,39,42,5,48,53
02482100,MOREHOUSE SCHOOL OF MEDICINE            ,GA,30310-0000,Private      ,22,251,273,100,582,682
02502700,ADVANCED CAREER TRAINING                ,GA,30329-0000,Proprietary  ,68,371,439,81,497,578
02502701,ADVANCED CAREER TRAINING-RIVERDALE      ,GA,30274-0000,Proprietary  ,55,265,320,64,322,386
02508600,MIDDLE GEORGIA TECHNICAL COLLEGE        ,GA,31088-0000,Public       ,337,1216,1553,499,1741,2240
02520000,INTERNATIONAL SCH SKIN & NAILCARE       ,GA,30342-1119,Proprietary  ,6,79,85,12,99,111
02577000,ARNOLD / PADRICKS  UNIV OF COSM         ,GA,30297-0000,Proprietary  ,21,80,101,33,99,132
02577700,BEAUTY COLLEGE OF AMERICA               ,GA,30297-0000,Proprietary  ,5,32,37,14,47,61
02578300,INTERNATIONAL CITY BEAUTY COLLEGE       ,GA,31093-3631,Proprietary  ,4,8,12,7,13,20
02580200,ATLANTA SCHOOL OF MASSAGE               ,GA,30338-0000,Proprietary  ,29,101,130,44,143,187
02583000,GWINNETT COLLEGE OF BUSINESS            ,GA,30047-3447,Proprietary  ,57,348,405,85,442,527
02607600,CAPELLI LEARNING CTR FOR COSM           ,GA,30324-0000,Proprietary  ,36,114,150,42,155,197
03005400,ARTISTIC BEAUTY COLLEGE                 ,GA,30013-2076,Proprietary  ,101,246,347,139,318,457
03022601,WESTERN CULINARY INSTITUTE - LE CORDON B,GA,30084-5893,Proprietary  ,65,85,150,145,173,318
03030000,OGEECHEE TECHNICAL COLLEGE              ,GA,30458-8049,Public       ,539,1122,1661,724,1678,2402
03032100,ALTAMAHA TECHNICAL COLLEGE              ,GA,31545-4465,Public       ,175,662,837,211,809,1020
03042700,LAURUSTECHNICAL INSTITUTE               ,GA,30030-1506,Proprietary  ,27,174,201,35,270,305
03066500,SOUTHEASTERN TECHNICAL COLLEGE          ,GA,30474-8817,Public       ,200,741,941,256,943,1199
03066502,SWAINSBORO TECHNICAL COLLEGE            ,GA,30401-5700,Public       ,92,339,431,127,457,584
03072304,EVEREST COLLEGE - EVEREST INSTITUTE     ,GA,30236-0000,Proprietary  ,95,519,614,108,590,698
03076300,BEULAH HEIGHTS BIBLE COLLEGE            ,GA,30316-1873,Private      ,17,244,261,23,407,430
03079202,WESTWOOD COLLEGE - ATLANTA MIDTOWN      ,GA,30309-2848,Proprietary  ,273,430,703,489,773,1262
03081500,SOUTHEASTERN BEAUTY SCHOOL              ,GA,31917-0000,Proprietary  ,4,43,47,5,52,57
03089100,GEORGIA INSTITUTE OF COSMETOLOGY        ,GA,30606-3152,Proprietary  ,19,72,91,40,88,128
03090600,COBB BEAUTY COLLEGE                     ,GA,30144-2828,Proprietary  ,6,19,25,10,21,31
03100900,LUTHER RICE UNIVERSITY                  ,GA,30038-2454,Private      ,15,308,323,20,470,490
03102000,RIVERTOWN SCHOOL OF BEAUTY              ,GA,31904-4747,Proprietary  ,6,20,26,11,37,48
03104500,ATLANTA INSTITUTE OF MUSIC              ,GA,30096-4988,Proprietary  ,64,56,120,118,95,213
03116100,VOGUE BEAUTY SCHOOL                     ,GA,30141-2226,Proprietary  ,11,41,52,15,45,60
03155500,SANDERSVILLE REGIONAL TECH INST         ,GA,31082-6179,Public       ,80,283,363,119,421,540
03173300,ATLANTA'S JOHN MARSHALL LAW SCHOOL      ,GA,30309-0000,Proprietary  ,4,420,424,11,1087,1098
03232304,LINCOLN COLLEGE OF TECHNOLOGY           ,GA,30067-8638,Proprietary  ,58,200,258,86,257,343
03251300,BEACON UNIVERSITY                       ,GA,31909-4663,Private      ,5,25,30,14,54,68
03418300,GWINNETT COLLEGE-SANDY SPRINGS          ,GA,30328-3161,Proprietary  ,9,55,64,13,71,84
03445500,FAYETTE BEAUTY ACADEMY                  ,GA,30214-1191,Proprietary  ,7,29,36,11,33,44
03523300,AVIATION INSTITUTE OF MAINTENANCE       ,GA,30045-6716,Proprietary  ,66,289,355,112,455,567
03753400,MICHAEL'S SCHOOL OF BEAUTY              ,GA,31211-1493,Proprietary  ,13,61,74,17,68,85
03804400,JAVELIN TECHNICAL TRAINING CENTER       ,GA,30339-6040,Proprietary  ,169,677,846,188,781,969
03804401,JAVELIN TECHNICAL TRAINING CENTER -     ,GA,30260-1756,Proprietary  ,5,34,39,8,53,61
03804402,JAVELIN TECHNICAL TRAINING CENTER -     ,GA,30084-5252,Proprietary  ,8,21,29,13,35,48
03812300,OMNITECH INSTITUTE                      ,GA,30035-1206,Proprietary  ,48,152,200,75,233,308
04021300,AUGUSTA SCHOOL OF MASSAGE               ,GA,30809-0000,Proprietary  ,4,13,17,6,20,26
04091300,SAVANNAH SCHOOL OF MASSAGE THERAPY      ,GA,31406-2711,Private      ,0,4,4,5,25,30
04126800,ACADEMY OF SOMATIC HEALING ARTS (ASHA)  ,GA,30071-1024,Proprietary  ,9,75,84,14,96,110
04128500,SOUTHERN CATHOLIC COLLEGE               ,GA,30534-3111,Private      ,26,3,29,150,18,168
04142900,GEORGIA GWINNETT COLLEGE                ,GA,30043-7409,Public       ,656,669,1325,1138,1054,2192
04147000,PAUL MITCHELL THE SCHOOL ATLANTA        ,GA,30318-5241,Proprietary  ,45,102,147,70,153,223
04147700,LAKE LANIER SCHOOL OF MASSAGE           ,GA,30501-4546,Proprietary  ,0,1,1,0,1,1
        ,CHICAGO THEOLOGICAL SEMINARY            ,IL,60637-0000,Private      ,0,0,0,0,4,4
00162800,AMERICAN ACADEMY OF ART                 ,IL,60604-4302,Proprietary  ,256,49,305,537,111,648
00163300,AUGUSTANA COLLEGE                       ,IL,61201-2296,Private      ,685,59,744,3560,129,3689
00163400,AURORA UNIVERSITY                       ,IL,60506-4892,Private      ,758,921,1679,2229,1760,3989
00163600,SOUTHWESTERN ILLINOIS COLLEGE           ,IL,62221-5899,Public       ,1290,2132,3422,2400,3635,6035
00163800,BLACK HAWK COLLEGE                      ,IL,61265-5899,Public       ,723,1114,1837,1396,1784,3180
00163900,BLACKBURN COLLEGE                       ,IL,62626-1498,Private      ,249,64,313,769,124,893
00164000,PRAIRIE STATE COLLEGE                   ,IL,60411-8226,Public       ,735,1346,2081,1514,2583,4097
00164100,BRADLEY UNIVERSITY                      ,IL,61625-0002,Private      ,672,297,969,6422,915,7337
00164300,SPOON RIVER COLLEGE                     ,IL,61520-8907,Public       ,225,286,511,547,559,1106
00164700,CITY COLLEGES OF CHICAGO                ,IL,60606-6998,Public       ,137,241,378,387,512,899
00164800,TRUMAN COLLEGE                          ,IL,60640-5691,Public       ,1032,1578,2610,2101,3107,5208
00164900,RICHARD J DALEY COLLEGE                 ,IL,60652-1299,Public       ,846,1229,2075,1682,2467,4149
00165000,CITY COLLEGES OF CHICAGO-MALCOLM X      ,IL,60612-3197,Public       ,883,1757,2640,1814,3739,5553
00165200,HAROLD WASHINGTON COLLEGE               ,IL,60601-2403,Public       ,1813,2065,3878,3708,4131,7839
00165400,KENNEDY KING COLLEGE                    ,IL,60621-3798,Public       ,1157,2721,3878,2373,5343,7716
00165500,WRIGHT COLLEGE                          ,IL,60634-1591,Public       ,1667,1725,3392,3370,3297,6667
00165700,MIDWESTERN UNIVERSITY                   ,IL,60515-1200,Private      ,28,825,853,106,2542,2648
00165900,ROSALIND FRANKLIN UNIVERSITY OF MEDICINE,IL,60064-3095,Private      ,5,360,365,15,1960,1975
00166100,CHICAGO THEOLOGICAL SEMINARY            ,IL,60637-0000,Private      ,2,27,29,5,122,127
00166300,SPERTUS COLLEGE                         ,IL,60605-1995,Private      ,0,27,27,1,46,47
00166400,UNIVERSITY OF ST FRANCIS                ,IL,60435-6188,Private      ,297,489,786,1404,1260,2664
00166500,COLUMBIA COLLEGE                        ,IL,60605-1996,Private      ,3307,1518,4825,11285,4011,15296
00166600,CONCORDIA UNIVERSITY                    ,IL,60305-1499,Private      ,440,1518,1958,1834,2484,4318
00166900,DANVILLE AREA COMMUNITY COLLEGE         ,IL,61832-5199,Public       ,238,621,859,607,1161,1768
00167100,DEPAUL UNIVERSITY                       ,IL,60604-2287,Private      ,2843,3860,6703,15276,11846,27122
00167400,EASTERN ILLINOIS UNIVERSITY             ,IL,61920-3099,Public       ,2346,1098,3444,9240,2713,11953
00167500,ELGIN COMMUNITY COLLEGE                 ,IL,60123-7193,Public       ,1106,1345,2451,2154,2470,4624
00167600,ELMHURST COLLEGE                        ,IL,60126-3296,Private      ,882,384,1266,3270,814,4084
00167800,EUREKA COLLEGE                          ,IL,61530-9976,Private      ,275,102,377,932,200,1132
00168100,HIGHLAND COMMUNITY COLLEGE              ,IL,61032-9341,Public       ,283,407,690,625,680,1305
00168200,GARRETT-EVANGELICAL THEOLOGICAL SEM     ,IL,60201-0000,Private      ,0,67,67,0,140,140
00168400,GREENVILLE COLLEGE                      ,IL,62246-1199,Private      ,446,279,725,1453,563,2016
00168500,HEBREW THEOLOGICAL COLLEGE              ,IL,60077-3263,Private      ,175,7,182,297,11,308
00168800,ILLINOIS COLLEGE                        ,IL,62650-2299,Private      ,220,30,250,1349,76,1425
00168900,ILLINOIS COLLEGE OF OPTOMETRY           ,IL,60616-3878,Private      ,2,168,170,8,639,647
00169100,ILLINOIS INSTITUTE OF TECHNOLOGY        ,IL,60616-0000,Private      ,508,594,1102,2455,1583,4038
00169103,CHICAGO KENT COLLEGE OF LAW             ,IL,60661-0000,Private      ,6,412,418,14,2110,2124
00169200,ILLINOIS STATE UNIVERSITY               ,IL,61790-1000,Public       ,2897,1122,4019,17192,3929,21121
00169300,NORTHEASTERN ILLINOIS UNIV              ,IL,60625-4699,Public       ,1647,2368,4015,4912,5336,10248
00169400,CHICAGO STATE UNIVERSITY                ,IL,60628-1598,Public       ,1888,3621,5509,5170,8054,13224
00169600,ILLINOIS WESLEYAN UNIVERSITY            ,IL,61701-0000,Private      ,454,37,491,3039,98,3137
00169800,JOHN MARSHALL LAW SCHOOL                ,IL,60604-0000,Private      ,6,802,808,14,2136,2150
00169900,JOLIET JUNIOR COLLEGE                   ,IL,60431-8938,Public       ,2111,2082,4193,4304,3989,8293
00170000,JUDSON UNIVERSITY                       ,IL,60123-1498,Private      ,220,280,500,828,597,1425
00170100,KASKASKIA COLLEGE                       ,IL,62801-7878,Public       ,466,787,1253,991,1424,2415
00170300,KENDALL COLLEGE                         ,IL,60622-4278,Proprietary  ,446,918,1364,947,1551,2498
00170400,KNOX COLLEGE                            ,IL,61401-4999,Private      ,405,37,442,2182,83,2265
00170500,ILLINOIS VALLEY COMMUNITY COLLEGE       ,IL,61348-9692,Public       ,476,655,1131,1003,1106,2109
00170600,LAKE FOREST COLLEGE                     ,IL,60045-2399,Private      ,367,40,407,1713,109,1822
00170700,LEWIS UNIVERSITY                        ,IL,60446-2200,Private      ,1091,1053,2144,3521,2068,5589
00170800,LINCOLN CHRISTIAN UNIVERSITY            ,IL,62656-2167,Private      ,130,185,315,389,407,796
00170900,LINCOLN COLLEGE                         ,IL,62656-1699,Private      ,513,240,753,1086,455,1541
00171000,LOYOLA UNIVERSITY CHICAGO               ,IL,60626-0000,Private      ,1590,2219,3809,15775,8744,24519
00171002,LOYOLA STRITCH SCHOOL OF MEDICINE       ,IL,60153-0000,Private      ,11,46,57,30,513,543
00171200,LUTHERAN SCHOOL OF THEOL AT CHICAGO     ,IL,60615-0000,Private      ,0,63,63,0,116,116
00171600,MACCORMAC COLLEGE                       ,IL,60602-4405,Private      ,21,62,83,32,88,120
00171700,MACMURRAY COLLEGE                       ,IL,62650-2590,Private      ,216,92,308,511,180,691
00172100,MCCORMICK THEOLOGICAL SEMINARY          ,IL,60615-5108,Private      ,0,62,62,1,122,123
00172200,MCKENDREE UNIVERSITY                    ,IL,62254-1299,Private      ,508,541,1049,1594,1100,2694
00172300,MEADVILLE LOMBARD THEOLOGICAL SCHOOL    ,IL,60637-1602,Private      ,0,15,15,0,60,60
00172400,MILLIKIN UNIVERSITY                     ,IL,62522-2084,Private      ,625,332,957,2642,650,3292
00172500,MONMOUTH COLLEGE                        ,IL,61462-1963,Private      ,475,45,520,1848,99,1947
00172800,MORTON COLLEGE                          ,IL,60804-4398,Public       ,586,660,1246,1070,1083,2153
00173200,NATIONAL UNIV OF HEALTH SCIENCES        ,IL,60148-4583,Private      ,14,440,454,36,685,721
00173300,NATIONAL-LOUIS UNIVERSITY               ,IL,60603-3032,Private      ,98,2410,2508,255,4461,4716
00173400,NORTH CENTRAL COLLEGE                   ,IL,60540-4690,Private      ,733,302,1035,3003,622,3625
00173500,NORTH PARK UNIVERSITY                   ,IL,60625-4895,Private      ,638,501,1139,2229,996,3225
00173600,NORTHERN BAPTIST THEOL SEMINARY         ,IL,60148-0000,Private      ,0,8,8,1,11,12
00173700,NORTHERN ILLINOIS UNIVERSITY            ,IL,60115-2854,Public       ,4807,2918,7725,18909,7475,26384
00173900,NORTHWESTERN UNIV                       ,IL,60208-0001,Private      ,1634,2480,4114,16060,9221,25281
00174100,OLIVET NAZARENE UNIVERSITY              ,IL,60914-2271,Private      ,435,659,1094,2965,1368,4333
00174200,IL EASTERN COMM COLGS-OLNEY CENTRAL     ,IL,62450-1099,Public       ,286,326,612,571,619,1190
00174500,QUINCY UNIVERSITY                       ,IL,62301-2699,Private      ,421,509,930,1334,823,2157
00174600,ROBERT MORRIS UNIVERSITY ILLINOIS       ,IL,60605-1225,Private      ,1397,1546,2943,4012,3992,8004
00174700,ROCK VALLEY COLLEGE                     ,IL,61114-5699,Public       ,1176,1661,2837,2309,3251,5560
00174800,ROCKFORD COLLEGE                        ,IL,61108-2393,Private      ,220,313,533,866,768,1634
00174900,ROOSEVELT UNIVERSITY                    ,IL,60605-1394,Private      ,972,2404,3376,3929,5662,9591
00175000,DOMINICAN UNIVERSITY                    ,IL,60305-1066,Private      ,563,727,1290,2197,1425,3622
00175200,SAUK VALLEY COMMUNITY COLLEGE           ,IL,61021-9112,Public       ,368,432,800,787,800,1587
00175300,SCHOOL OF ART INSTITUTE OF CHICAGO      ,IL,60603-3013,Private      ,477,490,967,3045,2203,5248
00175400,SEABURY-WESTERN THEO SEMINARY           ,IL,60201-0000,Private      ,0,2,2,0,3,3
00175600,SHIMER COLLEGE                          ,IL,60616-3893,Private      ,35,25,60,144,54,198
00175700,SOUTHEASTERN ILLINOIS COLLEGE           ,IL,62946-4925,Public       ,262,279,541,523,537,1060
00175800,SOUTHERN ILL UNIV-CARBONDALE            ,IL,62901-0000,Public       ,3928,2669,6597,12974,6146,19120
00175900,SOUTHERN ILL UNIV-EDWARDSVILLE          ,IL,62026-1060,Public       ,2451,1747,4198,9493,4452,13945
00175924,SO IL UNIV-SCHL OF DENTAL MEDICINE      ,IL,62002-0000,Public       ,4,37,41,9,184,193
00176100,SPRINGFIELD COLLEGE IN ILLINOIS         ,IL,62702-2694,Private      ,172,217,389,350,398,748
00176500,UNIVERSITY OF ST MARY OF THE LAKE       ,IL,60060-0000,Private      ,1,3,4,3,7,10
00176700,BENEDICTINE UNIVERSITY                  ,IL,60532-0900,Private      ,752,1315,2067,2284,2426,4710
00176800,ST XAVIER UNIVERSITY                    ,IL,60655-3199,Private      ,717,1038,1755,3590,2502,6092
00176900,SOUTH SUBURBAN COLLEGE                  ,IL,60473-9978,Public       ,841,2089,2930,1647,3927,5574
00177100,TRINITY CHRISTIAN COLLEGE               ,IL,60463-0929,Private      ,313,328,641,1093,615,1708
00177200,TRINITY INTERNATIONAL UNIVERSITY        ,IL,60015-1283,Private      ,223,419,642,730,849,1579
00177300,TRITON COLLEGE                          ,IL,60171-1995,Public       ,1137,1535,2672,2354,2831,5185
00177400,UNIVERSITY OF CHICAGO                   ,IL,60637-1476,Private      ,1569,590,2159,9859,2131,11990
00177401,UNIV OF CHICAGO PRITZKER SCH OF MED     ,IL,60637-0000,Private      ,6,168,174,32,520,552
00177403,"UNIV OF CHICAGO, GRAD SCH OF BUS        ",IL,60637-0000,Private      ,8,558,566,31,902,933
00177405,UNIVERSITY OF CHICAGO GRADUATE          ,IL,60637-0000,Private      ,15,1201,1216,75,5313,5388
00177500,UNIV OF ILLINOIS @ URBANA-CHAMPAIGN     ,IL,61820-5796,Public       ,3957,1844,5801,24690,7789,32479
00177600,UNIV OF ILLINOIS AT CHICAGO             ,IL,60607-7163,Public       ,3602,3830,7432,17602,12664,30266
00177800,VANDERCOOK COLLEGE OF MUSIC             ,IL,60616-3731,Private      ,49,40,89,144,70,214
00177900,IL EASTERN COMM COLGS-WABASH VALLEY     ,IL,62863-2699,Public       ,163,156,319,414,328,742
00178000,WESTERN ILLINOIS UNIVERSITY             ,IL,61455-1390,Public       ,2807,1375,4182,9118,2910,12028
00178100,WHEATON COLLEGE                         ,IL,60187-5535,Private      ,443,191,634,2556,513,3069
00178300,WORSHAM COLLEGE OF MORTUARY SCIENCE     ,IL,60090-2646,Proprietary  ,20,34,54,43,69,112
00396100,HARPER COLLEGE                          ,IL,60067-7398,Public       ,1554,1472,3026,3376,2537,5913
00418100,ADVOCATE TRINITY HOSPITAL SCHOOL OF RADI,IL,60617-3982,Private      ,10,21,31,20,52,72
00456000,GEM CITY COLLEGE                        ,IL,62301-4949,Proprietary  ,4,13,17,9,19,28
00456800,MIDSTATE COLLEGE                        ,IL,61614-3558,Proprietary  ,26,465,491,40,616,656
00457100,SPARKS COLLEGE                          ,IL,62565-2241,Proprietary  ,1,4,5,4,6,10
00512732,BROWN MACKIE COLLEGE-CINCINNATI - BROWN ,IL,61265-7062,Proprietary  ,4,28,32,7,45,52
00621400,BLESSING RIEMAN COLLEGE OF NURSING      ,IL,62301-0000,Private      ,25,23,48,61,54,115
00621401,BLESSING HOSP SCH MED LAB TECH          ,IL,62301-0000,Private      ,1,4,5,2,6,8
00621402,BLESSING HOSP SCH OF RAD TECH           ,IL,62301-2852,Private      ,4,8,12,11,12,23
00621403,BLESSING HOSPITAL - COLLEGE OF NURSING  ,IL,62305-7005,Private      ,7,6,13,15,15,30
00622501,TRINITY COLLEGE OF NURSING & HEALTH SCIE,IL,61201-5317,Private      ,25,81,106,64,158,222
00622800,METHODIST MED CTR OF ILL SCH NRSNG      ,IL,61636-0000,Private      ,48,100,148,102,200,302
00624000,ST FRANCIS MED CLG OF NRSG              ,IL,61603-3783,Private      ,50,118,168,145,296,441
00665600,COLLEGE OF DUPAGE                       ,IL,60137-6599,Public       ,2602,2487,5089,5197,4487,9684
00675300,ILLINOIS CENTRAL COLLEGE                ,IL,61635-0001,Public       ,1471,1972,3443,3051,3471,6522
00693100,WAUBONSEE COMMUNITY COLLEGE             ,IL,60554-0000,Public       ,727,972,1699,1465,1781,3246
00711800,PARKLAND COLLEGE                        ,IL,61821-1899,Public       ,1362,1398,2760,2999,2475,5474
00711900,REND LAKE COLLEGE                       ,IL,62846-9801,Public       ,485,599,1084,940,1038,1978
00717000,LINCOLN LAND COMMUNITY COLLEGE          ,IL,62794-9256,Public       ,809,1291,2100,1701,2358,4059
00726500,CARL SANDBURG COLLEGE                   ,IL,61401-9576,Public       ,425,706,1131,744,1168,1912
00754900,COYNE AMERICAN INSTITUTE                ,IL,60607-1300,Proprietary  ,108,398,506,179,634,813
00764400,LAKE LAND COLLEGE                       ,IL,61938-9366,Public       ,664,844,1508,1899,1653,3552
00768400,KISHWAUKEE COLLEGE                      ,IL,60150-9699,Public       ,600,663,1263,1265,1205,2470
00769000,KANKAKEE COMMUNITY COLLEGE              ,IL,60901-6505,Public       ,432,779,1211,909,1538,2447
00769100,MCHENRY COUNTY COLLEGE                  ,IL,60012-2761,Public       ,1243,644,1887,2240,1165,3405
00769200,MORAINE VALLEY COMMUNITY COLLEGE        ,IL,60465-0937,Public       ,1721,1529,3250,3542,2782,6324
00769300,SHAWNEE COMMUNITY COLLEGE               ,IL,62992-9725,Public       ,226,435,661,540,701,1241
00769400,COLLEGE OF LAKE COUNTY                  ,IL,60030-1198,Public       ,1081,1475,2556,2265,2637,4902
00793700,MS ROBERTS ACADEMY OF BEAUTY CULT       ,IL,60181-2930,Proprietary  ,2,11,13,5,17,22
00807600,JOHN A LOGAN COLLEGE                    ,IL,62918-2500,Public       ,848,955,1803,1474,1567,3041
00814604,EVEREST UNIVERSITY - EVEREST  COLLEGE   ,IL,60803-4517,Proprietary  ,54,396,450,62,429,491
00825900,EDUCATORS OF BEAUTY                     ,IL,61081-3611,Proprietary  ,25,62,87,37,93,130
00825901,EDUCATORS OF BEAUTY                     ,IL,61104-0000,Proprietary  ,4,14,18,12,19,31
00832800,ALVAREITA'S COLLEGE OF COSMETOLOGY      ,IL,62025-2041,Proprietary  ,20,27,47,26,45,71
00854500,ROCKFORD BUSINESS COLLEGE               ,IL,61103-0000,Proprietary  ,70,442,512,104,637,741
00869402,RASMUSSEN COLLEGE - ROCKFORD            ,IL,61108-2513,Proprietary  ,132,521,653,194,860,1054
00869403,RASMUSSEN COLLEGE - AURORA              ,IL,60506-6219,Proprietary  ,30,116,146,53,227,280
00869404,RASMUSSEN COLLEGE - ROMEOVILLE          ,IL,60446-0000,Proprietary  ,0,5,5,0,10,10
00888000,MORRISON INSTITUTE OF TECHNOLOGY        ,IL,61270-2959,Private      ,53,12,65,115,20,135
00893800,GRAHAM HOSPITAL SCH OF NURSING          ,IL,61520-2497,Private      ,12,25,37,25,57,82
00893900,CANNELLA SCHOOL OF HAIR DESIGN          ,IL,60406-2130,Proprietary  ,4,13,17,8,23,31
00914500,GOVERNORS STATE UNIVERSITY              ,IL,60466-0975,Public       ,314,1916,2230,644,4126,4770
00923200,CATHOLIC THEOLOGICAL UNION              ,IL,60615-0000,Private      ,0,24,24,0,49,49
00933300,UNIV OF ILLINOIS AT SPRINGFIELD         ,IL,62703-5407,Public       ,581,964,1545,1710,2047,3757
00947500,EDUCATORS OF BEAUTY                     ,IL,61301-2404,Proprietary  ,12,17,29,18,27,45
00959500,CANNELLA SCHOOL OF HAIR DESIGN          ,IL,60617-4303,Proprietary  ,5,38,43,10,57,67
00976700,OLIVE-HARVEY COLLEGE                    ,IL,60628-1696,Public       ,512,1075,1587,954,2241,3195
00978600,IL EASTERN COMM COLGS-LINCOLN TRAIL     ,IL,62454-5708,Public       ,110,165,275,277,299,576
00980000,RUSH UNIVERSITY                         ,IL,60612-3806,Private      ,41,824,865,116,2007,2123
00989600,OAKTON COMMUNITY COLLEGE                ,IL,60016-1268,Public       ,1091,1056,2147,2380,1837,4217
00998700,SAINT ANTHONY COLLEGE OF NURSING        ,IL,61108-2468,Private      ,51,86,137,87,176,263
01002000,LEWIS AND CLARK COMMUNITY COLLEGE       ,IL,62035-2466,Public       ,673,939,1612,1324,1682,3006
01031600,LINCOLN COLLEGE OF TECHNOLOGY           ,IL,60160-1605,Proprietary  ,426,556,982,652,805,1457
01050100,LAKEVIEW  COLLEGE OF NURSING            ,IL,61832-3781,Private      ,64,83,147,122,174,296
01069500,TRI-COUNTY BEAUTY ACADEMY               ,IL,62056-2036,Proprietary  ,4,16,20,8,24,32
01071000,CAPITAL AREA SCH OF PRAC NRSG           ,IL,62707-0000,Public       ,21,175,196,37,329,366
01072700,DEVRY UNIVERSITY                        ,IL,60618-5994,Proprietary  ,8119,29813,37932,15908,52315,68223
01083600,PIVOT POINT INTNL CSMTLGY RSRCH CTR     ,IL,60626-0000,Proprietary  ,112,151,263,188,274,462
01087900,RICHLAND COMMUNITY COLLEGE              ,IL,62521-8513,Public       ,326,676,1002,609,1092,1701
01102401,EVEREST COLLEGE - CHICAGO               ,IL,60604-2052,Proprietary  ,239,894,1133,347,1115,1462
01151002,EVEREST INSTITUTE - EVEREST COLLEGE     ,IL,60542-1610,Proprietary  ,37,230,267,45,267,312
01181000,TAYLOR BUSINESS INSTITUTE               ,IL,60606-5111,Proprietary  ,15,133,148,21,150,171
01185800,EVEREST COLLEGE                         ,IL,60077-1074,Proprietary  ,91,416,507,121,459,580
01185802,EVEREST COLLEGE - BURR RIDGE            ,IL,60527-7826,Proprietary  ,50,241,291,56,274,330
01236200,NORTHWESTERN COLLEGE                    ,IL,60630-2298,Proprietary  ,407,1409,1816,1068,2673,3741
01238500,BLOOMINGTON-NORMAL SCH RADIOGRAPHY      ,IL,61761-4604,Private      ,4,9,13,7,14,21
01258400,ILLINOIS INSTITUTE OF ART (THE)         ,IL,60654-1593,Proprietary  ,1527,1221,2748,4064,2672,6736
01281300,JOHN WOOD COMMUNITY COLLEGE             ,IL,62305-0401,Public       ,414,614,1028,856,982,1838
01308700,CAPRI GARFIELD RIDGE SCH OF BTY CLR     ,IL,60629-1613,Proprietary  ,21,48,69,41,81,122
01308800,CAPRI OAK FOREST COLLEGE OF BEAUTY      ,IL,60452-2798,Proprietary  ,60,83,143,83,112,195
02055200,HARRINGTON COLLEGE OF DESIGN            ,IL,60606-3433,Proprietary  ,226,373,599,536,576,1112
02068100,ADLER SCH OF PROFESSIONAL PSYCHLGY      ,IL,60601-0000,Private      ,5,297,302,12,808,820
02069300,VATTEROTT COLLEGE                       ,IL,62305-5938,Proprietary  ,47,241,288,69,415,484
02073200,TELSHE YESHIVA-CHICAGO                  ,IL,60625-0000,Private      ,31,0,31,32,2,34
02074400,IL EASTERN COMM COLGS-FRONTIER          ,IL,62837-0000,Public       ,61,174,235,115,300,415
02075400,KELLER GRADUATE SCHOOL OF MGMT.         ,IL,60515-5683,Proprietary  ,9,7272,7281,25,10961,10986
02113600,AMERICAN INTERCONTINENTAL UNIVERSITY    ,IL,60192-3713,Proprietary  ,1194,11631,12825,2125,23978,26103
02117400,BECK AREA CAREER CENTER                 ,IL,62278-0000,Public       ,8,49,57,16,93,109
02124400,UNIVERSITY OF SPA & COSMETOLOGY ART     ,IL,62704-0000,Proprietary  ,38,70,108,55,110,165
02150600,COSMETOLOGY AND SPA INSTITUTE (THE)     ,IL,60014-4003,Proprietary  ,41,71,112,54,88,142
02155300,THE CHICAGO SCHOOL OF PROF PSYCHOLOGY   ,IL,60610-4705,Private      ,10,1159,1169,32,2848,2880
02160300,INTERNATIONAL ACAD OF DESIGN & TECH     ,IL,60602-3319,Proprietary  ,410,500,910,898,1026,1924
02160304,INTERNATIONAL ACADEMY OF DESIGN AND TECH,IL,60173-5160,Proprietary  ,64,106,170,132,186,318
02168600,EAST WEST UNIVERSITY                    ,IL,60605-0000,Private      ,455,882,1337,862,1182,2044
02179900,ARGOSY UNIVERSITY                       ,IL,60601-7757,Proprietary  ,595,10509,11104,933,21343,22276
02185400,ST AUGUSTINE COLLEGE                    ,IL,60640-0000,Private      ,202,793,995,318,1284,1602
02192400,MR JOHNS SCHOOL OF COSMETOLOGY          ,IL,62521-0000,Proprietary  ,8,40,48,9,42,51
02202600,CANNELLA SCHOOL OF HAIR DESIGN          ,IL,60181-1321,Proprietary  ,2,23,25,3,24,27
02214100,WEST SUBURBAN COLLEGE OF NURSING        ,IL,60302-2519,Private      ,38,135,173,84,307,391
02228100,MAC DANIEL'S BEAUTY SCHOOL              ,IL,60640-0000,Proprietary  ,6,10,16,15,15,30
02261200,HAIR PROFESSIONALS ACAD COSMETOLOGY     ,IL,60118-0000,Proprietary  ,24,54,78,33,77,110
02261201,HAIR PROFESSIONALS ACADEMY OF COSMETOLOG,IL,60118-9333,Proprietary  ,1,3,4,5,6,11
02262100,HAIR PROFESSIONALS SCH COSMETOLOGY      ,IL,60543-0000,Proprietary  ,8,16,24,9,18,27
02291200,CANNELLA SCHOOL OF HAIR DESIGN          ,IL,60639-0000,Proprietary  ,15,41,56,19,52,71
02295500,CANNELLA SCHOOL OF HAIR DESIGN          ,IL,60120-0000,Proprietary  ,4,20,24,5,25,30
02297500,OEHRLEIN SCHOOL OF COSMETOLOGY          ,IL,61611-0000,Proprietary  ,19,27,46,25,43,68
02312300,LA' JAMES COLLEGE HAIRSTYLING           ,IL,61244-0000,Proprietary  ,3,10,13,7,20,27
02313900,WESTWOOD COLLEGE - O'HARE AIRPORT       ,IL,60631-2801,Proprietary  ,330,497,827,534,742,1276
02317300,CONCEPT COLLEGE OF COSMETOLOGY          ,IL,61832-0000,Proprietary  ,17,49,66,22,59,81
02319200,LAKE FOREST GRAD SCHL OF MGMT           ,IL,60045-4824,Private      ,0,64,64,2,107,109
02323300,PROFESSIONAL'S CHOICE HAIR DSN ACAD     ,IL,60435-0000,Proprietary  ,8,13,21,12,15,27
02332200,HAIR PROFESSIONALS CAREER COLLEGE       ,IL,60178-0000,Proprietary  ,2,10,12,5,12,17
02337800,THE COLLEGE OF OFFICE TECHNOLOGY        ,IL,60622-0000,Proprietary  ,27,126,153,31,151,182
02349400,ALVAREITA'S COLLEGE OF COSMETOLOGY      ,IL,62035-0000,Proprietary  ,4,15,19,6,21,27
02349500,CANNELLA SCHOOL OF HAIR DESIGN          ,IL,60632-0000,Proprietary  ,3,8,11,8,17,25
02352200,COOKING & HOSPITALITY INSTITUTE         ,IL,60610-3050,Proprietary  ,206,449,655,459,760,1219
02498200,HAIR PROFESSIONALS ACAD COSMETOLOGY     ,IL,60187-0000,Proprietary  ,8,38,46,14,57,71
02498201,HAIR PROFESSIONALS ACADEMY OF COSMETOLOG,IL,60563-0000,Proprietary  ,6,6,12,8,11,19
02522800,FOX COLLEGE                             ,IL,60453-0000,Proprietary  ,226,160,386,336,223,559
02527600,LEXINGTON COLLEGE                       ,IL,60607-0000,Private      ,24,19,43,55,29,84
02536700,BELL MAR BEAUTY COLLEGE                 ,IL,60650-0000,Proprietary  ,2,13,15,3,15,18
02556100,ENVIRONMENTAL TECHNICAL INSTITUTE       ,IL,60143-0000,Proprietary  ,32,84,116,52,98,150
02556600,NILES SCHOOL OF COSMETOLOGY             ,IL,60714-0000,Proprietary  ,3,16,19,4,27,31
02570305,LOS ANGELES ORT TECHNICAL INSTITUTE -D/B,IL,60077-0000,Private      ,0,1,1,1,4,5
02573700,INSTITUTE FOR CLINICAL SOCIAL WORK      ,IL,60601-0000,Private      ,5,25,30,8,56,64
02579200,INGALLS MEMORIAL HOSPITAL               ,IL,60426-0000,Private      ,1,9,10,2,12,14
02584900,"FIRST INSTITUTE, INC.                   ",IL,60014-7489,Proprietary  ,11,85,96,14,118,132
02587700,HAIR PROFESSIONALS CAREER COLLEGE       ,IL,60465-1929,Proprietary  ,7,14,21,14,21,35
02599500,HANOVER PARK COLLEGE OF BEAUTY CULT     ,IL,60133-5421,Proprietary  ,29,44,73,34,63,97
02622700,KNOWLEDGE SYSTEMS INSTITUTE             ,IL,60076-0000,Private      ,0,4,4,0,6,6
03002000,HAIRMASTERS INST OF COSMETOLOGY         ,IL,61701-5547,Proprietary  ,9,28,37,13,46,59
03027702,PACIFIC COLLEGE OF ORIENTAL MEDICINE - C,IL,60613-4418,Proprietary  ,1,54,55,3,107,110
03065300,TREND SETTERS COLL OF COSMETOLOGY       ,IL,60915-2101,Proprietary  ,25,35,60,33,39,72
03072701,WESTWOOD COLLEGE OF TECHNOLOGY          ,IL,60409-0000,Proprietary  ,150,422,572,254,761,1015
03072702,WESTWOOD COLLEGE OF TECHNOLOGY          ,IL,60602-0000,Proprietary  ,282,502,784,604,1150,1754
03078400,CAMEO BEAUTY ACADEMY                    ,IL,60453-3196,Proprietary  ,10,22,32,14,32,46
03079200,WESTWOOD COLLEGE - DUPAGE               ,IL,60517-2321,Proprietary  ,174,195,369,346,399,745
03082900,ROSEL SCHOOL OF COSMETOLOGY             ,IL,60659-1913,Proprietary  ,9,72,81,15,77,92
03083800,HEARTLAND COMMUNITY COLLEGE             ,IL,61761-9446,Public       ,663,818,1481,1450,1589,3039
03098000,ST JOHN'S COLLEGE OF NURSING            ,IL,62702-5321,Private      ,29,29,58,94,55,149
03098002,ST JOHN'S HOSP SCH MED TECH             ,IL,62769-5324,Private      ,2,7,9,5,9,14
03099700,CAIN'S BARBER COLLEGE                   ,IL,60615-3510,Proprietary  ,26,129,155,42,167,209
03099800,ILLINOIS SCHOOL OF HEALTH CAREERS       ,IL,60604-0000,Proprietary  ,83,303,386,143,468,611
03101800,ILLINOIS CENTER FOR BROADCASTING        ,IL,60148-7015,Proprietary  ,24,94,118,53,139,192
03128300,PYRAMID CAREER INSTITUTE                ,IL,60657-4207,Proprietary  ,0,1,1,0,4,4
03128500,NATIONAL LATINO EDUCATION INSTITUTE     ,IL,60609-2205,Private      ,12,39,51,12,48,60
03199300,CHRISTIAN LIFE COLLEGE                  ,IL,60056-2522,Private      ,7,9,16,11,12,23
03368300,MIDWEST TECHNICAL INSTITUTE             ,IL,62707-8805,Proprietary  ,123,629,752,154,903,1057
03416300,COMPUTER SYSTEMS INSTITUTE              ,IL,60077-0000,Proprietary  ,49,251,300,72,400,472
03448300,BIR TRAINING CENTER                     ,IL,60659-1298,Proprietary  ,13,231,244,18,297,315
03455700,CORTIVA INSTITUTE - CHICAGO             ,IL,60602-3315,Proprietary  ,84,215,299,125,358,483
03455701,CORTIVA INSTITUTE - CHICAGO             ,IL,60014-6285,Proprietary  ,0,4,4,0,4,4
03510300,ERIKSON INSTITUTE                       ,IL,60654-4510,Private      ,0,64,64,1,227,228
03623300,VEE'S SCHOOL OF BEAUTY CULTURE          ,IL,62205-2326,Proprietary  ,2,12,14,2,14,16
03643300,"MR. JOHN'S SCHOOL OF JACKSONVILLE,  INC,",IL,62650-3488,Proprietary  ,2,6,8,5,10,15
03684300,NORTHSHORE UNIVERSITY HEALTHSYSTEM SCHOO,IL,60201-9872,Private      ,0,6,6,1,20,21
03721400,AMERICAN CAREER COLLEGE                 ,IL,60402-0000,Proprietary  ,4,27,31,8,38,46
03881400,EUROPEAN MASSAGE THERAPY SCHOOL         ,IL,60077-2269,Proprietary  ,3,26,29,4,34,38
03891300,SOMA INSTITUTE - THE NATIONAL SCHOOL OF ,IL,60604-4466,Proprietary  ,19,81,100,28,115,143
03914300,"CALC, INSTITUTE OF TECHNOLOGY           ",IL,62002-5931,Proprietary  ,5,79,84,9,114,123
04117500,SOLEX MEDICAL ACADEMY                   ,IL,60090-3104,Proprietary  ,0,11,11,0,14,14
04136900,UNIVERSITY OF AESTHETICS (THE)          ,IL,60622-2151,Proprietary  ,4,11,15,6,16,22
04137000,UNIVERSITY OF AESTHETICS (THE)          ,IL,60515-5602,Proprietary  ,1,7,8,3,12,15
04137500,TRICOCI UNIVERSITY OF BEAUTY CULTURE    ,IL,60656-1805,Proprietary  ,48,76,124,75,123,198
04141000,AVEDA INSTITUTE CHICAGO                 ,IL,60647-0000,Proprietary  ,12,40,52,12,40,52
04147100,TRICOCI UNIVERSITY OF BEAUTY CULTURE    ,IL,60048-2906,Proprietary  ,4,7,11,4,7,11
04147200,TRICOCI UNIVERSITY OF BEAUTY CULTURE    ,IL,60455-1824,Proprietary  ,4,11,15,4,11,15
04147300,TRICOCI UNIVERSITY OF BEAUTY CULTURE    ,IL,60139-3119,Proprietary  ,18,27,45,29,41,70
04147400,TRICOCI UNIVERSITY OF BEAUTY CULTURE    ,IL,61614-4831,Proprietary  ,12,10,22,18,25,43
04147500,TRICOCI UNIVERSITY OF BEAUTY CULTURE    ,IL,61108-2337,Proprietary  ,13,39,52,21,54,75
        ,ASBURY THEOLOGICAL SEMINARY             ,KY,40390-0000,Private      ,0,0,0,1,30,31
00195100,ALICE LLOYD COLLEGE                     ,KY,41844-9703,Private      ,127,22,149,851,110,961
00195200,ASBURY COLLEGE                          ,KY,40390-1198,Private      ,313,156,469,1385,352,1737
00195300,ASBURY THEOLOGICAL SEMINARY             ,KY,40390-0000,Private      ,5,196,201,15,1082,1097
00195400,BELLARMINE UNIVERSITY                   ,KY,40205-1877,Private      ,200,261,461,3253,940,4193
00195500,BEREA COLLEGE                           ,KY,40403-0000,Private      ,396,129,525,2673,562,3235
00195800,BRESCIA UNIVERSITY                      ,KY,42301-3023,Private      ,78,120,198,611,388,999
00195900,CAMPBELLSVILLE UNIVERSITY               ,KY,42718-2799,Private      ,277,377,654,2103,1017,3120
00196000,SPALDING UNIVERSITY                     ,KY,40203-2188,Private      ,89,547,636,549,1796,2345
00196100,CENTRE COLLEGE                          ,KY,40422-1394,Private      ,127,15,142,1977,58,2035
00196200,UNIVERSITY OF THE CUMBERLANDS           ,KY,40769-1372,Private      ,266,454,720,2170,1005,3175
00196300,EASTERN KENTUCKY UNIVERSITY             ,KY,40475-3102,Public       ,1940,2270,4210,9779,6282,16061
00196400,GEORGETOWN COLLEGE                      ,KY,40324-1628,Private      ,237,189,426,2053,416,2469
00196500,KENTUCKY CHRISTIAN UNIVERSITY           ,KY,41143-2205,Private      ,123,37,160,659,121,780
00196800,KENTUCKY STATE UNIVERSITY               ,KY,40601-2355,Public       ,708,487,1195,2886,1251,4137
00196900,KENTUCKY WESLEYAN COLLEGE               ,KY,42302-1039,Private      ,140,57,197,1168,230,1398
00197000,LEES COLLEGE                            ,KY,41339-0000,Private      ,0,0,0,1,1,2
00197100,LEXINGTON THEOLOGICAL SEMINARY          ,KY,40508-0000,Private      ,0,21,21,0,44,44
00197200,LINDSEY WILSON COLLEGE                  ,KY,42728-1223,Private      ,207,378,585,1787,1214,3001
00197400,LOUISVILLE PRESBYTERIAN THEOL SEM       ,KY,40205-0000,Private      ,0,80,80,1,125,126
00197500,MIDWAY COLLEGE                          ,KY,40347-1120,Private      ,92,403,495,493,991,1484
00197600,MOREHEAD STATE UNIVERSITY               ,KY,40351-1689,Public       ,1102,1558,2660,5092,3599,8691
00197700,MURRAY STATE UNIVERSITY                 ,KY,42071-0009,Public       ,1239,1084,2323,5383,2730,8113
00197900,WEST KENTUCKY CMNTY & TECHNICAL COLG    ,KY,42002-7380,Public       ,442,1005,1447,1193,2184,3377
00198000,PIKEVILLE COLLEGE                       ,KY,41501-1194,Private      ,162,92,254,973,283,1256
00198001,PIKEVILLE CLG-SCH OSTEOPATHIC MEDIC     ,KY,41501-0000,Private      ,1,106,107,7,305,312
00198200,SOUTHERN BAPTIST THEOL SEMINARY         ,KY,40280-0000,Private      ,12,59,71,43,129,172
00198300,ST. CATHARINE COLLEGE                   ,KY,40061-9499,Private      ,129,121,250,617,371,988
00198700,TRANSYLVANIA UNIVERSITY                 ,KY,40508-1797,Private      ,166,38,204,1577,113,1690
00198800,UNION COLLEGE                           ,KY,40906-1499,Private      ,191,241,432,1170,639,1809
00198900,UNIVERSITY OF KENTUCKY                  ,KY,40506-0054,Public       ,2658,2362,5020,14473,6732,21205
00198901,UNIV OF KY-COLLEGE OF DENTISTRY         ,KY,40536-0000,Public       ,1,106,107,10,200,210
00198902,UNIV OF KY-COLLEGE OF MEDICINE          ,KY,40536-0000,Public       ,7,153,160,30,434,464
00199000,ASHLAND COMMUNITY AND TECHNICAL COLLEGE ,KY,41101-3683,Public       ,333,763,1096,994,1634,2628
00199100,ELIZABETHTOWN COMMUNITY  AND TECHNICAL C,KY,42701-3081,Public       ,440,1248,1688,1592,3135,4727
00199300,HENDERSON COMMUNITY COLLEGE             ,KY,42420-4699,Public       ,157,400,557,422,1015,1437
00199400,HOPKINSVILLE COMMUNITY COLLEGE          ,KY,42241-2621,Public       ,258,934,1192,763,2459,3222
00199600,BIG SANDY COMMUNITY AND TECHNICAL COLG  ,KY,41653-1815,Public       ,306,544,850,1295,1377,2672
00199700,SOMERSET COMMUNITY COLLEGE              ,KY,42501-2973,Public       ,598,1640,2238,2063,3973,6036
00199800,SOUTHEAST KENTUCKY COMMUNITY AND TECHNIC,KY,40823-1099,Public       ,296,542,838,888,1104,1992
00199802,CUMBERLAND VLY TEC CLG MIDDLESBORO      ,KY,40965-2265,Public       ,7,8,15,16,16,32
00199804,SOUTHEAST COMMUNITY COLLEGE             ,KY,40831-1796,Public       ,21,45,66,81,98,179
00199900,UNIVERSITY OF LOUISVILLE                ,KY,40292-0000,Public       ,1799,2722,4521,11408,9435,20843
00200100,THOMAS MORE COLLEGE                     ,KY,41017-3495,Private      ,177,220,397,1317,533,1850
00200200,WESTERN KENTUCKY UNIVERSITY             ,KY,42101-3576,Public       ,2467,2483,4950,11424,6542,17966
00461800,SPENCERIAN COLLEGE                      ,KY,40216-2605,Proprietary  ,158,618,776,487,1339,1826
00461900,SULLIVAN UNIVERSITY                     ,KY,40205-3000,Proprietary  ,483,1467,1950,1614,3848,5462
00512729,BROWN MACKIE COLLEGE-CINCINNATI - 279 BU,KY,41017-2136,Proprietary  ,4,27,31,19,76,95
00524400,BLUEGRASS COMMUNITY & TECHNICAL COLLEGE ,KY,40506-0235,Public       ,1364,2836,4200,3372,6120,9492
00527100,BOWLING GREEN TECHNICAL COLLEGE         ,KY,42101-3601,Public       ,260,626,886,734,1503,2237
00527300,GATEWAY COMMUNITY & TECHNOLOGY COLL     ,KY,41011-0000,Public       ,338,967,1305,814,2113,2927
00696000,MAYSVILLE CMNTY & TECHNCL COLG          ,KY,41056-8910,Public       ,226,810,1036,691,1832,2523
00696100,JEFFERSON COMMUNITY AND TECHNICAL COLLEG,KY,40202-2005,Public       ,1299,2684,3983,4327,7498,11825
00696200,HAZARD COMMUNITY COLLEGE                ,KY,41701-2402,Public       ,255,519,774,1000,1265,2265
00696203,KY TECH-KNOTT CO. TECHNOLOGY CTR        ,KY,41822-0000,Public       ,1,0,1,2,2,4
00696204,KY TECH-LESLIE COUNTY AREA TECH CTR     ,KY,41749-0000,Public       ,1,0,1,1,0,1
00696205,KY TECH-LEE COUNTY AREA TECH CTR        ,KY,41311-0000,Public       ,0,1,1,1,3,4
00696206,KY TECH-LETCHER CNTY AREA TECH CTR      ,KY,41858-0000,Public       ,6,1,7,17,7,24
00696207,KY TECH-BREATHITT COUNTY VOC ED CTR     ,KY,41339-0000,Public       ,3,1,4,9,5,14
00842500,DAYMAR COLLEGE                          ,KY,42001-0000,Proprietary  ,28,215,243,37,359,396
00901000,MADISONVILLE COMMUNITY COLLEGE          ,KY,42431-9199,Public       ,227,716,943,819,1646,2465
00927500,NORTHERN KENTUCKY UNIVERSITY            ,KY,41099-0001,Public       ,1719,2239,3958,7563,5451,13014
00931300,DAYMAR COLLEGE                          ,KY,42301-5830,Proprietary  ,97,815,912,142,1188,1330
00931302,DAYMAR COLLEGE - LOUISVILLE CAMPUS      ,KY,40219-1973,Proprietary  ,16,65,81,51,157,208
01042400,SALON PROFESSIONAL ACADEMY THE          ,KY,40502-1776,Proprietary  ,23,45,68,45,78,123
01048900,NATIONAL COLLEGE                        ,KY,40508-0000,Proprietary  ,211,1441,1652,385,3252,3637
01172500,COLLINS SCHOOL OF COSMETOLOGY           ,KY,40965-2809,Proprietary  ,7,17,24,11,28,39
01208800,SULLIVAN COLLEGE OF TECHNOLOGY AND DESIG,KY,40218-4528,Proprietary  ,132,162,294,403,363,766
01212801,SOUTHWESTERN COLLEGE                    ,KY,41042-1466,Proprietary  ,40,266,306,67,454,521
01240400,LEXINGTON BEAUTY COLLEGE                ,KY,40503-1819,Proprietary  ,7,19,26,17,47,64
01272300,KY TECH-WAYNE COUNTY AREA TECH CTR      ,KY,42633-1088,Public       ,0,0,0,1,2,3
01291400,EMPIRE BEAUTY SCHOOL                    ,KY,40218-0000,Proprietary  ,47,64,111,91,193,284
01291500,EMPIRE BEAUTY SCHOOL                    ,KY,41042-5113,Proprietary  ,40,50,90,67,120,187
01291600,EMPIRE BEAUTY SCHOOL                    ,KY,40216-4212,Proprietary  ,20,44,64,40,119,159
01291700,EMPIRE BEAUTY SCHOOL                    ,KY,40160-0000,Proprietary  ,47,76,123,71,173,244
01296800,EMPIRE BEAUTY SCHOOL                    ,KY,40207-2695,Proprietary  ,30,47,77,62,102,164
02159100,"APPALACHIAN BEAUTY SCHOOL, INC.         ",KY,41503-0000,Proprietary  ,7,20,27,10,31,41
02177100,EMPIRE BEAUTY SCHOOL                    ,KY,40204-0000,Proprietary  ,28,62,90,55,145,200
02251500,TREND SETTERS ACAD OF BEAUTY CULT       ,KY,40258-0000,Proprietary  ,7,36,43,12,52,64
02275000,JENNY LEA ACADEMY OF COSMETOLOGY        ,KY,40831-0000,Proprietary  ,19,72,91,27,89,116
02279800,ELIZABETHTOWN BEAUTY SCHOOL             ,KY,42701-0000,Proprietary  ,0,0,0,4,5,9
02284306,INTERACTIVE LEARNING SYSTEMS            ,KY,41042-0000,Proprietary  ,3,28,31,4,33,37
02323700,PAT WILSON'S BEAUTY COLLEGE             ,KY,42420-0000,Proprietary  ,4,27,31,5,34,39
02337200,PJ'S COLLEGE OF COSMETOLOGY             ,KY,42101-0000,Proprietary  ,45,217,262,66,281,347
02340800,PAUL MITCHELL THE SCHOOL LEXINGTON      ,KY,40601-0000,Proprietary  ,6,11,17,17,22,39
02351700,DONTA SCHOOL OF BEAUTY CULTURE          ,KY,40203-0000,Proprietary  ,8,34,42,22,46,68
02491100,BECKFIELD COLLEGE                       ,KY,41042-0000,Proprietary  ,95,400,495,172,879,1051
02518900,BARRETT & COMPANY SCH HAIR DESIGN       ,KY,40356-0000,Proprietary  ,10,26,36,22,67,89
02526100,JENNY LEA ACADEMY OF COSMETOLOGY        ,KY,41858-0000,Proprietary  ,5,23,28,6,28,34
02535600,CLEAR CREEK BAPTIST BIBLE COLLEGE       ,KY,40977-0000,Private      ,11,54,65,24,87,111
02551100,PJ'S COLLEGE OF COSMETOLOGY             ,KY,42121-0000,Proprietary  ,5,40,45,10,50,60
02560800,SOUTHEAST SCHOOL OF COSMETOLOGY         ,KY,40962-0000,Proprietary  ,3,18,21,7,25,32
02576200,MID-CONTINENT UNIVERSITY                ,KY,42066-9007,Private      ,86,665,751,221,1804,2025
02616204,BROWN MACKIE COLLEGE-FINDLAY - BROWN MAC,KY,40219-1916,Proprietary  ,33,110,143,113,400,513
02616205,BROWN MACKIE COLLEGE-LOUISVILLE - BROWN ,KY,42240-3579,Proprietary  ,2,40,42,18,139,157
03002100,KENTUCKY MOUNTAIN BIBLE COLLEGE         ,KY,41385-0010,Private      ,21,17,38,36,22,58
03007000,FRONTIER SCH OF MIDWIFERY&FAMILY NU     ,KY,41749-0000,Private      ,0,285,285,1,644,645
03026200,HEAD'S WEST KENTUCKY BEAUTY COLLEGE     ,KY,42431-0000,Proprietary  ,0,20,20,3,24,27
03029200,NU-TEK ACADEMY OF BEAUTY                ,KY,40353-9767,Proprietary  ,2,14,16,7,30,37
03034500,OWENSBORO COMMUNITY & TECHNICAL COLLEGE ,KY,42303-1899,Public       ,299,860,1159,1133,2090,3223
03083700,GALEN HEALTH INSTITUTES                 ,KY,40207-1047,Proprietary  ,178,1164,1342,376,2305,2681
03103500,MR JIM'S BEAUTY COLLEGE                 ,KY,42301-2646,Proprietary  ,1,7,8,5,14,19
03516500,EZELL'S COSMETOLOGY SCHOOL              ,KY,42071-2530,Proprietary  ,3,20,23,10,36,46
03611300,BRIGHTON CENTER'S CENTER FOR EMPLOY     ,KY,41071-1968,Private      ,0,18,18,1,19,20
03804300,BELLEFONTE ACADEMY OF BEAUTY            ,KY,41169-2015,Proprietary  ,1,6,7,3,9,12
03885300,EMPLOYMENT SOLUTIONS                    ,KY,40517-3260,Private      ,8,42,50,13,68,81
03886300,REGENCY SCHOOL OF HAIR DESIGN           ,KY,41653-1278,Proprietary  ,11,12,23,15,31,46
04038300,ATA CAREER EDUCATION                    ,KY,40223-3832,Proprietary  ,55,364,419,98,656,754
04123900,LEXINGTON HEALING ARTS ACADEMY          ,KY,40503-1932,Proprietary  ,8,30,38,14,47,61
00200300,CENTENARY COLLEGE OF LOUISIANA          ,LA,71104-3396,Private      ,448,96,544,1117,176,1293
00200400,DILLARD UNIVERSITY                      ,LA,70122-3097,Private      ,598,234,832,1648,507,2155
00200500,NICHOLLS STATE UNIVERSITY               ,LA,70310-0001,Public       ,2738,1176,3914,4480,1891,6371
00200600,GRAMBLING STATE UNIVERSITY              ,LA,71245-2215,Public       ,2285,1262,3547,5671,2367,8038
00200700,LOUISIANA COLLEGE                       ,LA,71359-0000,Private      ,531,324,855,909,449,1358
00200800,LOUISIANA TECH UNIVERSITY               ,LA,71272-0001,Public       ,2969,1193,4162,5201,1912,7113
00201000,LOUISIANA STATE UNIV & A&M COLG         ,LA,70803-5710,Public       ,9471,2960,12431,17836,5591,23427
00201100,LOUISIANA STATE UNIV-ALEXANDRIA         ,LA,71302-9121,Public       ,708,909,1617,1132,1396,2528
00201200,LOUISIANA STATE UNIV-EUNICE             ,LA,70535-6726,Public       ,949,686,1635,1510,1217,2727
00201300,LOUISIANA STATE UNIV-SHREVEPORT         ,LA,71115-2399,Public       ,1323,1403,2726,2025,2056,4081
00201400,LA STATE UNIV HEALTH SCIENCES CTR       ,LA,70112-2223,Public       ,241,1009,1250,352,1804,2156
00201500,(THE) UNIVERSITY OF NEW ORLEANS         ,LA,70148-0001,Public       ,2830,2690,5520,5049,4390,9439
00201600,LOYOLA UNIVERSITY NEW ORLEANS           ,LA,70118-6195,Private      ,832,899,1731,2759,1864,4623
00201700,MCNEESE STATE UNIVERSITY                ,LA,70609-4510,Public       ,2341,1349,3690,4205,2551,6756
00201900,NEW ORLEANS BAPTIST THEOL SEMINARY      ,LA,70126-0000,Private      ,16,55,71,23,90,113
00202000,UNIVERSITY OF LOUISIANA AT MONROE       ,LA,71209-9001,Public       ,2893,1991,4884,4932,3033,7965
00202100,NORTHWESTERN STATE UNIVERSITY           ,LA,71497-0001,Public       ,2869,2280,5149,5089,3531,8620
00202200,NOTRE DAME SEMINARY                     ,LA,70118-0000,Private      ,2,5,7,3,6,9
00202300,OUR LADY OF HOLY CROSS COLLEGE          ,LA,70131-7399,Private      ,266,502,768,475,772,1247
00202400,SOUTHEASTERN LOUISIANA UNIV             ,LA,70402-0001,Public       ,5268,2426,7694,8590,3781,12371
00202500,SOUTHERN UNIVERSITY A & M COLLEGE       ,LA,70813-9374,Public       ,3028,2654,5682,6376,4897,11273
00202600,SOUTHERN UNIV NEW ORLEANS               ,LA,70126-0002,Public       ,600,1350,1950,994,2199,3193
00202700,ST JOSEPH SEMINARY COLLEGE              ,LA,70457-9990,Private      ,8,3,11,18,7,25
00202900,TULANE UNIVERSITY                       ,LA,70118-5698,Private      ,1380,1994,3374,10418,5467,15885
00203100,UNIV OF LOUISIANA AT LAFAYETTE          ,LA,70504-0001,Public       ,5876,2106,7982,9796,3606,13402
00203200,XAVIER UNIVERSITY OF LOUISIANA          ,LA,70125-1098,Private      ,1341,738,2079,3820,1363,5183
00462100,AYERS CAREER COLLEGE                    ,LA,71108-5845,Proprietary  ,28,175,203,35,189,224
00462500,DELGADO COMMUNITY COLLEGE               ,LA,70119-0000,Public       ,3003,5075,8078,4372,7914,12286
00520300,REMINGTON COLLEGE - LAFAYETTE CAMPUS    ,LA,70508-5760,Proprietary  ,237,747,984,295,990,1285
00520306,REMINGTON COLLEGE - BATON ROUGE CAMPUS  ,LA,70816-4040,Proprietary  ,62,206,268,76,241,317
00546700,SOWELA TECHNICAL COMMUNITY COLLEGE      ,LA,70616-6950,Public       ,355,407,762,525,683,1208
00548800,LOUISIANA TECH COLG-BATON ROUGE         ,LA,70807-0000,Public       ,139,261,400,199,399,598
00548802,LOUISIANA TECH COLG-ACADIAN CMPS        ,LA,70526-0000,Public       ,39,73,112,54,94,148
00548803,LOUISIANA TECH COLG-ALEXANDRIA CMPS     ,LA,71302-3137,Public       ,62,170,232,92,271,363
00548804,LOUISIANA TECH COLG-ASCENSION CMPS      ,LA,70778-3007,Public       ,21,58,79,28,80,108
00548805,LA TECH COLLEGE-AVOYELLES CAMPUS        ,LA,71327-0000,Public       ,23,42,65,36,55,91
00548806,LA TECHNICAL COLG-BASTROP CMPS          ,LA,71221-0000,Public       ,24,68,92,30,105,135
00548808,LA TECH COLG CHARLES B COREILCMPS       ,LA,70586-0000,Public       ,43,66,109,53,90,143
00548809,LA TECHNICAL COLG-DELTA-OUACHITA        ,LA,71292-9064,Public       ,62,179,241,85,267,352
00548810,EVANGELINE TECHNICAL INST               ,LA,70582-3104,Public       ,13,52,65,30,83,113
00548811,LA TECHN COLLEGE - FLORIDA PARISHES     ,LA,70441-0000,Public       ,25,49,74,29,62,91
00548812,LOUISIANA TECH COLG-FOLKES CAMPUS       ,LA,70748-0000,Public       ,9,22,31,12,28,40
00548813,LA TECHNICAL INST-GULF AREA CMPS        ,LA,70510-0878,Public       ,68,95,163,84,138,222
00548814,LOUISIANA TECH COLG-HAMMOND CMPS        ,LA,70404-0000,Public       ,64,135,199,84,195,279
00548815,LA TECH COLG-HUEY P. LONG CAMPUS        ,LA,71483-0000,Public       ,26,43,69,30,52,82
00548816,LA TECH COLLEGE-JEFFERSON CAMPUS        ,LA,70001-5605,Public       ,22,109,131,32,161,193
00548817,LOUISIANA TEC CLG-JUMONVILLE MEM CP     ,LA,70760-0000,Public       ,15,25,40,19,37,56
00548818,LA TECH COLLEGE-LAFAYETTE CAMPUS        ,LA,70506-0000,Public       ,192,295,487,285,459,744
00548819,LOUISIANA TECHNICAL COLLEGE-LAFOURC     ,LA,70301-4336,Public       ,42,61,103,53,95,148
00548820,LOUISIANA TEC CLG-LAMAR SALTER CMPS     ,LA,71446-0000,Public       ,22,66,88,34,89,123
00548822,LOUISIANA TECHNICAL CLG-MANSFIELD       ,LA,71052-1236,Public       ,22,69,91,25,81,106
00548823,LA. TECH COLG.-MORGAN SMITH CAMPUS      ,LA,70546-0000,Public       ,9,16,25,12,25,37
00548824,LOUISIANA TEC CLG-NATCHITOCHES CMPS     ,LA,71458-0000,Public       ,32,81,113,46,123,169
00548825,LOUISIANA TECH COLG-NORTH CTRL CMPS     ,LA,71241-0000,Public       ,14,44,58,18,64,82
00548826,LOUISIANA TECH CLG-NORTHEAST LA CMP     ,LA,71295-2999,Public       ,28,64,92,39,82,121
00548827,LOUISIANA TEC CLG-NW LOUISIANA CMPS     ,LA,71058-0000,Public       ,49,131,180,78,198,276
00548828,LA TECHNICAL COLG-OAKDALE CMPS          ,LA,71463-0000,Public       ,26,40,66,35,60,95
00548829,LTC-RIVER PARISHES CAMPUS               ,LA,70084-0000,Public       ,76,104,180,110,147,257
00548830,LOUISIANA TECHNICAL COLLEGE-RUSTON      ,LA,71273-0000,Public       ,98,119,217,194,178,372
00548831,LTC - SABINE VALLEY CAMPUS              ,LA,71449-3839,Public       ,8,40,48,12,50,62
00548832,LOUISIANA TECH COLG-SHELBY JACKSON      ,LA,71334-0000,Public       ,26,87,113,31,121,152
00548833,LA TECH COLG SHREVEPORT-BOSSIER         ,LA,71137-0000,Public       ,86,324,410,135,498,633
00548837,LOUISIANA TECH COLG-SULLIVAN CAMPUS     ,LA,70427-5866,Public       ,65,159,224,97,239,336
00548838,LOUISIANA TECHNICAL COLG - TALLULAH     ,LA,71284-0000,Public       ,20,39,59,23,69,92
00548839,LA TECH COLG-TECHE AREA CAMPUS          ,LA,70562-0000,Public       ,85,108,193,115,151,266
00548840,LOUISIANA TECH COLG-T.H.HARRIS CMPS     ,LA,70570-6113,Public       ,145,189,334,193,270,463
00548841,LOUISIANA TECH COLG W JEFFERSON CMP     ,LA,70058-0000,Public       ,27,62,89,37,107,144
00548842,LOUISIANA TECHNICAL COLLEGE - WESTSIDE C,LA,70765-0733,Public       ,4,27,31,7,44,51
00548843,LTC-YOUNG MEMORIAL CAMPUS               ,LA,70381-0000,Public       ,44,113,157,61,166,227
00576100,L. E. FLETCHER TECHNICAL COMMUNITY COLLE,LA,70360-2863,Public       ,296,318,614,408,490,898
00768600,SOUTHERN UNIV AT SHREVEPORT/BOSSIER     ,LA,71107-4795,Public       ,526,1007,1533,771,1495,2266
00806700,LSU HEALTH SCIENCES CENTR-SHREVEPOR     ,LA,71130-3932,Public       ,81,496,577,200,798,998
00989800,DEMMON SCHOOL OF BEAUTY                 ,LA,70607-2128,Proprietary  ,2,23,25,4,26,30
01005701,AMERICAN COMMERCIAL COLLEGE             ,LA,71105-2502,Proprietary  ,12,51,63,21,95,116
01109700,CLOYD'S BEAUTY SCHOOL #1                ,LA,71291-3131,Proprietary  ,11,25,36,13,32,45
01163100,"D-JAY'S SCHL OF BEAUTY, ARTS & SCI      ",LA,70806-0000,Proprietary  ,8,22,30,13,34,47
01184100,JOHN JAY BEAUTY COLLEGE                 ,LA,70124-2592,Proprietary  ,30,18,48,33,32,65
01261100,RONNIE & DORMANS SCHOOL HAIR DESIGN     ,LA,70501-0000,Proprietary  ,6,15,21,6,16,22
01282300,PAT GOINS RUSTON BEAUTY SCHOOL          ,LA,71270-4301,Proprietary  ,4,8,12,6,10,16
01287900,PAT GOINS BENTON ROAD BEAUTY SCHOOL     ,LA,71111-4838,Proprietary  ,1,11,12,2,18,20
01288000,PAT GOINS BEAUTY SCHOOL                 ,LA,71201-5167,Proprietary  ,2,6,8,4,10,14
02055400,BOSSIER PARISH COMMUNITY COLLEGE        ,LA,71111-0000,Public       ,1040,1403,2443,1460,2066,3526
02055500,DELTA SCH OF BUSINESS & TECHNOLOGY      ,LA,70601-0000,Proprietary  ,32,147,179,47,249,296
02089711,HERZING COLLEGE                         ,LA,70062-8727,Proprietary  ,38,151,189,55,243,298
02117800,AVEDA INSTITUTE LAFAYETTE               ,LA,70503-3246,Proprietary  ,43,60,103,60,86,146
02166100,NUNEZ COMMUNITY COLLEGE                 ,LA,70043-0000,Public       ,145,314,459,197,474,671
02166200,ITI TECHNICAL COLLEGE                   ,LA,70817-0000,Proprietary  ,113,159,272,142,219,361
02197500,BATON ROUGE SCHOOL OF COMPUTERS         ,LA,70816-0000,Proprietary  ,8,26,34,14,33,47
02234000,CAMERON COLLEGE                         ,LA,70119-0000,Proprietary  ,9,27,36,13,47,60
02258400,AVEDA INSTITUTE BATON ROUGE             ,LA,70816-2246,Proprietary  ,62,83,145,85,119,204
02260200,DIESEL DRIVING ACADEMY                  ,LA,71109-5617,Proprietary  ,7,106,113,7,109,116
02263600,BASTROP BEAUTY SCHOOL #1                ,LA,71220-0000,Proprietary  ,0,0,0,1,4,5
02265600,JOHN JAY KENNER ACADEMY                 ,LA,70062-0000,Proprietary  ,24,44,68,25,54,79
02269300,STEVENSON'S ACADEMY OF HAIR DESIGN      ,LA,70116-0000,Proprietary  ,29,50,79,34,60,94
02327800,PINEVILLE BEAUTY SCHOOL                 ,LA,71360-0000,Proprietary  ,10,26,36,13,38,51
02335701,BATON ROUGE GEN MED CTR SCH NSG         ,LA,70821-0000,Private      ,22,79,101,36,112,148
02335702,BATON ROUGE GEN MED CTR-RAD TECH        ,LA,70806-0000,Private      ,16,13,29,23,27,50
02338000,"CLOYD'S BEAUTY SCHOOL #2, INC           ",LA,71202-3539,Proprietary  ,7,26,33,8,27,35
02352500,"CLOYD'S BEAUTY SCHOOL #3, INC           ",LA,71201-3211,Proprietary  ,8,27,35,12,33,45
02358600,"STAGE ONE THE HAIR SCHOOL, INC.         ",LA,70605-0000,Proprietary  ,32,35,67,40,43,83
02518300,SOUTH LOUISIANA BEAUTY COLLEGE          ,LA,70363-0000,Proprietary  ,4,9,13,9,10,19
02536400,LOUISIANA ACADEMY OF BEAUTY             ,LA,70535-0000,Proprietary  ,13,15,28,14,19,33
02538300,DELTA COLLEGE OF ARTS & TECH INC        ,LA,70806-1529,Proprietary  ,54,179,233,67,252,319
02538301,DELTA COLLEGE OF ARTS & TECHNOLOGY - LAF,LA,70508-6831,Proprietary  ,17,57,74,18,78,96
02548500,COSMETOLOGY TRAINING CENTER             ,LA,70503-0000,Proprietary  ,14,16,30,16,21,37
02554800,VANGUARD COLLEGE OF COSMETOLOGY         ,LA,70458-8823,Proprietary  ,35,38,73,43,44,87
02582200,"GUY'S ACADEMY HAIR, SKIN & NAILS        ",LA,71105-2404,Proprietary  ,17,50,67,22,79,101
02600900,AVEDA INSTITUTE                         ,LA,70433-2922,Proprietary  ,289,419,708,357,550,907
02601000,AMERICAN SCHOOL OF BUSINESS             ,LA,71105-5646,Proprietary  ,5,21,26,8,32,40
02601100,OPELOUSAS SCHOOL OF COSMETOLOGY         ,LA,70570-6156,Proprietary  ,4,6,10,4,8,12
02606800,CAREER TRAINING SPECIALISTS             ,LA,71201-6046,Proprietary  ,113,283,396,167,437,604
02606801,CAREER TECHNICAL COLLEGE - SHREVEPORT   ,LA,71105-2405,Proprietary  ,50,181,231,72,246,318
02617100,BATON ROUGE COLLEGE                     ,LA,70816-2246,Proprietary  ,21,34,55,33,52,85
02619200,DENHAM SPRINGS BEAUTY COLLEGE           ,LA,70726-3829,Proprietary  ,15,19,34,18,41,59
03010400,CRESCENT CITY SCH GAMING & BARTENDG     ,LA,70119-5507,Proprietary  ,12,75,87,13,83,96
03023500,CAMELOT CAREER COLLEGE                  ,LA,70805-7539,Proprietary  ,29,28,57,39,40,79
03030900,DIESEL DRIVING ACADEMY                  ,LA,70815-8109,Proprietary  ,15,196,211,16,200,216
03061400,ASCENSION COLLEGE                       ,LA,70737-2912,Proprietary  ,35,92,127,41,101,142
03095100,GRETNA CAREER COLLEGE                   ,LA,70053-2436,Proprietary  ,13,39,52,18,53,71
03106200,OUR LADY OF THE LAKE COLLEGE            ,LA,70808-4345,Private      ,373,767,1140,624,1348,1972
03253300,JONESVILLE BEAUTY SCHOOL                ,LA,71343-0000,Proprietary  ,20,37,57,26,52,78
03294300,BLUE CLIFF SCH THERAPEUTIC MASSAGE      ,LA,70002-3458,Proprietary  ,118,304,422,140,387,527
03332600,DELTA COLLEGE                           ,LA,70433-9042,Proprietary  ,26,127,153,46,173,219
03332601,DELTA COLLEGE - SLIDELL                 ,LA,70460-2624,Proprietary  ,15,95,110,24,146,170
03356300,MEDICAL TRAINING COLLEGE                ,LA,70816-5820,Proprietary  ,41,100,141,56,155,211
03422500,BLUE CLIFF COLLEGE                      ,LA,71107-6520,Proprietary  ,67,208,275,77,278,355
03422600,BLUE CLIFF COLLEGE                      ,LA,70508-3858,Proprietary  ,118,270,388,137,330,467
03480300,MEDVANCE INSTITUTE                      ,LA,70809-1908,Proprietary  ,150,603,753,172,743,915
03498400,OMEGA INSTITUTE OF COSMETOLOGY          ,LA,70360-0000,Proprietary  ,10,20,30,14,23,37
03727500,MOORE CAREER COLLEGE                    ,LA,70808-4191,Proprietary  ,14,20,34,16,23,39
03730300,BATON ROUGE COMMUNITY COLLEGE           ,LA,78806-4129,Public       ,1935,1980,3915,2769,3101,5870
03752400,SCHOOL OF URBAN MISSIONS                ,LA,70053-0000,Private      ,26,25,51,35,30,65
03789300,UNITECH TRAINING ACADEMY                ,LA,70503-5132,Proprietary  ,26,77,103,30,100,130
03789400,RIVER PARISHES COMMUNITY COLLEGE        ,LA,70778-0310,Public       ,191,220,411,274,308,582
03810500,COURT REPORTING INSTITUTE OF LOUISI     ,LA,70816-0000,Proprietary  ,7,20,27,7,34,41
03956300,SOUTH LOUISIANA COMMUNITY COLLEGE       ,LA,70506-0000,Public       ,681,599,1280,915,873,1788
04040300,COMPASS CAREER COLLEGE                  ,LA,70403-0653,Proprietary  ,16,53,69,29,108,137
04112300,LOUISIANA CULINARY INSTITUTE            ,LA,70816-4109,Proprietary  ,31,41,72,44,74,118
04120700,ALDEN'S SCHOOL OF COSMETOLOGY           ,LA,70714-1502,Proprietary  ,1,13,14,4,21,25
04130100,LOUISIANA DELTA COMMUNITY COLLEGE       ,LA,71203-3618,Public       ,362,372,734,538,607,1145
00143600,CAPITOL COLLEGE                         ,MD,20708-9759,Private      ,45,67,112,328,193,521
00146200,WASHINGTON BIBLE COLLEGE                ,MD,20706-3599,Private      ,21,129,150,57,263,320
00205700,ALLEGANY COLLEGE OF MARYLAND            ,MD,21502-2596,Public       ,515,505,1020,1790,1230,3020
00205800,ANNE ARUNDEL COMMUNITY COLLEGE          ,MD,21012-1895,Public       ,748,1436,2184,2643,3448,6091
00206000,BALTIMORE HEBREW UNIVERSITY             ,MD,21215-3996,Private      ,2,9,11,5,38,43
00206100,BALTIMORE CITY COMMUNITY COLLEGE        ,MD,21215-7893,Public       ,443,1736,2179,2346,5293,7639
00206200,BOWIE STATE UNIVERSITY                  ,MD,20715-9465,Public       ,1038,1020,2058,6339,3488,9827
00206300,COMMUNITY COLLEGE OF BALTIMORE COUNTY   ,MD,21228-5381,Public       ,1313,2951,4264,4835,7543,12378
00206400,COLLEGE OF SOUTHERN MARYLAND            ,MD,20646-0910,Public       ,401,584,985,1769,1902,3671
00206401,COLLEGE OF SOUTHERN MARYLAND - PRINCE FR,MD,20676-9702,Public       ,60,76,136,74,93,167
00206402,COLLEGE OF SOUTHERN MARYLAND - LEONARDTO,MD,20650-1758,Public       ,78,140,218,92,166,258
00206477,COLLEGE OF SOUTHERN MARYLAND - WALDORF C,MD,20602-3223,Public       ,25,63,88,33,68,101
00206500,CLG NOTRE DAME OF MARYLAND              ,MD,21210-2476,Private      ,28,285,313,699,1099,1798
00206700,COLUMBIA UNION COLLEGE                  ,MD,20912-7796,Private      ,190,196,386,644,558,1202
00206800,COPPIN STATE UNIVERSITY                 ,MD,21216-3698,Public       ,542,906,1448,3681,3177,6858
00207100,FREDERICK COMMUNITY COLLEGE             ,MD,21702-9745,Public       ,353,595,948,1256,1461,2717
00207200,FROSTBURG STATE UNIVERSITY              ,MD,21532-1099,Public       ,524,207,731,5833,1057,6890
00207300,GOUCHER COLLEGE                         ,MD,21204-2794,Private      ,109,108,217,2933,455,3388
00207400,HAGERSTOWN COMMUNITY COLLEGE            ,MD,21742-6590,Public       ,319,518,837,1180,1405,2585
00207500,HARFORD COMMUNITY COLLEGE               ,MD,21015-1696,Public       ,442,642,1084,1385,1447,2832
00207600,HOOD COLLEGE                            ,MD,21701-8575,Private      ,171,182,353,1980,657,2637
00207700,JOHNS HOPKINS UNIVERSITY                ,MD,21218-2693,Private      ,435,526,961,7568,1715,9283
00207702,JOHNS HOPKINS UNIV SCH ARTS/SCI/ENG     ,MD,21218-0000,Private      ,581,548,1129,3745,1427,5172
00207703,JOHNS HOPKINS UNIV SCH OF BUS/ED        ,MD,21046-0000,Private      ,3,437,440,36,1114,1150
00207705,JOHNS HOPKINS BLOOMBERG SCH OF PH       ,MD,21205-0000,Private      ,0,295,295,20,1156,1176
00207706,JOHNS HOPKINS UNIV SCH OF MEDICINE      ,MD,21205-0000,Private      ,12,121,133,97,1047,1144
00207707,JOHNS HOPKINS UNIV SCH OF NURSING       ,MD,21205-0000,Private      ,21,126,147,219,720,939
00207708,JOHNS HOPKINS UNIV PEABODY CONSERV      ,MD,21202-2397,Private      ,36,47,83,582,404,986
00207800,LOYOLA UNIVERSITY MARYLAND              ,MD,21210-2699,Private      ,294,502,796,6731,1540,8271
00208000,MARYLAND INST COLLEGE OF ART            ,MD,21217-4191,Private      ,315,107,422,2461,746,3207
00208300,MORGAN STATE UNIVERSITY                 ,MD,21251-0002,Public       ,1556,1037,2593,10407,3814,14221
00208600,MOUNT SAINT MARY'S UNIVERSITY           ,MD,21727-7799,Private      ,138,77,215,2550,244,2794
00208700,NER ISRAEL RABBINICAL COLLEGE           ,MD,21208-1198,Private      ,9,7,16,73,31,104
00208900,PRINCE GEORGES COMMUNITY COLLEGE        ,MD,20774-2199,Public       ,1149,2214,3363,3634,5164,8798
00209100,SALISBURY UNIVERSITY                    ,MD,21801-6862,Public       ,896,293,1189,9070,1477,10547
00209200,ST JOHN'S COLLEGE                       ,MD,21404-0000,Private      ,33,27,60,603,143,746
00209500,ST. MARY'S COLLEGE OF MARYLAND          ,MD,20686-3001,Public       ,143,29,172,2498,161,2659
00209600,ST MARY'S SEMINARY & UNIV               ,MD,21210-1994,Private      ,3,5,8,20,16,36
00209900,TOWSON UNIVERSITY                       ,MD,21252-0002,Public       ,1638,1272,2910,19234,5355,24589
00210200,UNIVERSITY OF BALTIMORE                 ,MD,21201-5779,Public       ,176,1182,1358,1232,5026,6258
00210300,"UNIVERSITY OF MARYLAND, COLLEGE PARK    ",MD,20742-5145,Public       ,2646,2810,5456,28482,10081,38563
00210400,"UNIVERSITY OF MARYLAND, BALTIMORE       ",MD,21201-1691,Public       ,196,1321,1517,2044,7910,9954
00210500,UMBC                                    ,MD,21250-0002,Public       ,748,695,1443,7891,3143,11034
00210600,UNIVERSITY MARYLAND EASTERN SHORE       ,MD,21853-4053,Public       ,769,286,1055,4824,1322,6146
00210700,STEVENSON UNIVERSITY                    ,MD,21153-0641,Private      ,272,184,456,3809,879,4688
00210800,WASHINGTON COLLEGE                      ,MD,21620-1197,Private      ,61,14,75,2639,97,2736
00210900,MCDANIEL COLLEGE                        ,MD,21157-4390,Private      ,114,163,277,2740,462,3202
00458612,KAPLAN COLLEGE                          ,MD,21742-2797,Proprietary  ,137,318,455,290,756,1046
00458613,KAPLAN COLLEGE -  CAREER TECHNOLOGY CENT,MD,21742-2797,Proprietary  ,3,18,21,17,42,59
00458614,KAPLAN COLLEGE - FREDERICK              ,MD,21704-8307,Proprietary  ,13,69,82,44,183,227
00465000,CHESAPEAKE COLLEGE                      ,MD,21679-0008,Public       ,198,396,594,854,1000,1854
00691100,MONTGOMERY COLLEGE                      ,MD,20850-1195,Public       ,1877,2174,4051,6871,5938,12809
00734100,INTERNATIONAL BEAUTY SCHOOL             ,MD,21502-2370,Proprietary  ,26,119,145,28,121,149
00744700,DEL-MAR-VA BEAUTY ACADEMY               ,MD,21804-0000,Proprietary  ,7,10,17,16,23,39
00749100,TESST COLLEGE OF TECHNOLOGY             ,MD,21227-1063,Proprietary  ,93,413,506,279,1027,1306
00793600,LINCOLN TECHNICAL INSTITUTE             ,MD,21046-1544,Proprietary  ,196,253,449,403,362,765
00817500,HOWARD COMMUNITY COLLEGE                ,MD,21044-3197,Public       ,495,759,1254,1982,2109,4091
00826300,AWARD BEAUTY SCHOOL                     ,MD,21740-5624,Proprietary  ,14,45,59,14,52,66
00830800,CECIL COLLEGE                           ,MD,21901-1999,Public       ,200,263,463,705,625,1330
00907906,EVEREST COLLEGE- EVEREST INSTITUTE      ,MD,20910-3737,Proprietary  ,75,190,265,107,243,350
01001400,GARRETT COMMUNITY COLLEGE               ,MD,21541-1265,Public       ,123,104,227,579,218,797
01031900,MEDIX SCHOOL                            ,MD,21204-2538,Proprietary  ,189,701,890,305,1020,1325
01041000,TESST COLLEGE OF TECHNOLOGY             ,MD,21286-2201,Proprietary  ,45,231,276,116,446,562
01164400,UNIV OF MARYLAND UNIVERSITY COLLEGE     ,MD,20783-8078,Public       ,463,7501,7964,1512,14681,16193
01164402,U OF MD UNIVERSITY COLLEGE - EUROPE     ,MD,20832-0000,Public       ,67,418,485,211,850,1061
01164404,U OF MD UNIVERSITY COLLEGE - ASIA       ,MD,31207-0000,Public       ,15,227,242,50,435,485
02073900,WOR-WIC COMMUNITY COLLEGE               ,MD,21804-0000,Public       ,238,515,753,1020,1733,2753
02083600,TESST COLLEGE OF TECHNOLOGY             ,MD,20705-2698,Proprietary  ,94,182,276,271,561,832
02116005,SANFORD-BROWN INSTITUTE - LANDOVER      ,MD,20785-2287,Proprietary  ,41,316,357,71,571,642
02127900,SOJOURNER DOUGLASS COLLEGE              ,MD,21205-0000,Private      ,31,380,411,119,1754,1873
02155100,MARYLAND COLLEGE OF ART AND DESIGN      ,MD,20902-0000,Private      ,3,11,14,57,41,98
02269700,INTERNATIONAL BEAUTY SCHOOL             ,MD,21014-0000,Proprietary  ,5,7,12,12,15,27
02314800,BALTIMORE INTERNATIONAL COLLEGE         ,MD,21202-0000,Private      ,63,114,177,486,356,842
02331000,MARYLAND BEAUTY ACADEMY OF ESSEX        ,MD,21221-0000,Proprietary  ,11,40,51,21,53,74
02333000,HAIR ACADEMY                            ,MD,20784-0000,Proprietary  ,19,44,63,27,60,87
02343800,MONTGOMERY BEAUTY SCHOOL                ,MD,20901-0000,Proprietary  ,10,57,67,17,66,83
02494700,BALTIMORE STUDIO OF HAIR DESIGN         ,MD,21201-0000,Proprietary  ,4,64,68,26,88,114
02495000,ROBERT PAUL ACAD COSMTGY ARTS & SCI     ,MD,21093-0000,Proprietary  ,13,29,42,36,42,78
02495100,MARYLAND BEAUTY ACADEMY                 ,MD,21136-0000,Proprietary  ,2,5,7,6,11,17
02545400,NORTH AMERICAN TRADE SCHOOLS            ,MD,21244-0069,Proprietary  ,19,163,182,40,197,237
02573800,"L' ACADEMIE DE CUISINE, INC.            ",MD,20877-0000,Proprietary  ,8,43,51,26,80,106
02578400,TAI SOPHIA INSTITUTE                    ,MD,20723-6010,Private      ,0,77,77,0,163,163
03027200,BLADES SCHOOL OF HAIR DESIGN            ,MD,20619-0226,Proprietary  ,6,23,29,10,27,37
03064900,AARON'S ACADEMY OF BEAUTY               ,MD,20602-2715,Proprietary  ,8,30,38,14,41,55
03097200,AESTHETICS INSTITUTE OF COSMETOLOGY     ,MD,20877-1305,Proprietary  ,4,15,19,9,18,27
03100700,CARROLL COMMUNITY COLLEGE               ,MD,21157-6913,Public       ,129,217,346,830,579,1409
03148300,AMERICAN BEAUTY ACADEMY                 ,MD,20902-1911,Proprietary  ,69,187,256,79,207,286
03296300,BALTIMORE SCHOOL OF MASSAGE             ,MD,21090-2261,Proprietary  ,80,215,295,100,243,343
03327300,NEW CREATIONS ACADEMY OF HAIR DSN       ,MD,20746-2960,Proprietary  ,0,7,7,6,11,17
03455500,NATIONAL LABOR COLLEGE                  ,MD,20903-1790,Private      ,0,9,9,0,9,9
03493300,ALL-STATE CAREER SCHOOL                 ,MD,21224-6658,Proprietary  ,106,355,461,134,451,585
03771300,AMERICAN CAREER INSTITUTE               ,MD,20902-4637,Proprietary  ,7,48,55,18,59,77
03822400,MAPLE SPRINGS BAPTIST BIBLE COLLEGE & SE,MD,20743-5711,Private      ,0,15,15,2,36,38
03937300,YESHIVA COLLEGE OF THE NATION'S CAPITAL ,MD,20902-1700,Private      ,4,1,5,5,1,6
03965500,HAIR EXPRESSIONS ACADEMY                ,MD,20852-1729,Proprietary  ,8,21,29,14,24,38
04121600,FILA ACADEMY (THE)                      ,MD,21061-1634,Proprietary  ,6,20,26,15,40,55
04139700,FREDERICK SCHOOL OF COSMETOLOGY         ,MD,21701-0000,Proprietary  ,3,7,10,8,15,23
04141600,OMEGA STUDIOS' SCHOOL OF APPLIED RECORDI,MD,20852-1731,Proprietary  ,7,19,26,7,19,26
00211400,AMERICAN INTERNATIONAL COLLEGE          ,MA,01109-3189,Private      ,526,855,1381,1843,1553,3396
00211500,AMHERST COLLEGE                         ,MA,01002-5000,Private      ,410,34,444,4485,143,4628
00211600,ANDOVER NEWTON THEOLOGICAL SCHOOL       ,MA,02459-0000,Private      ,0,97,97,0,163,163
00211700,ANNA MARIA COLLEGE                      ,MA,01612-1198,Private      ,271,143,414,1671,319,1990
00211800,ASSUMPTION COLLEGE                      ,MA,01615-1294,Private      ,304,152,456,4134,476,4610
00211900,ATLANTIC UNION COLLEGE                  ,MA,01561-1000,Private      ,123,129,252,237,224,461
00212000,MERRIMACK COLLEGE                       ,MA,01845-5800,Private      ,372,61,433,3819,166,3985
00212100,BABSON COLLEGE                          ,MA,02457-0310,Private      ,288,308,596,2281,660,2941
00212200,BAY PATH COLLEGE                        ,MA,01106-2212,Private      ,200,579,779,773,1112,1885
00212300,BECKER COLLEGE-WORCESTER                ,MA,01615-0071,Private      ,468,380,848,1970,785,2755
00212400,BENTLEY UNIVERSITY                      ,MA,02452-4705,Private      ,657,259,916,5638,688,6326
00212600,BERKLEE COLLEGE OF MUSIC                ,MA,02215-3693,Private      ,878,326,1204,3492,762,4254
00212800,BOSTON COLLEGE                          ,MA,02467-3800,Private      ,1447,1049,2496,18765,6837,25602
00212900,BOSTON CONSERVATORY OF MUSIC            ,MA,02215-9830,Private      ,139,63,202,1013,278,1291
00213000,BOSTON UNIVERSITY                       ,MA,02215-1789,Private      ,3264,3843,7107,29293,15426,44719
00213300,BRANDEIS UNIVERSITY                     ,MA,02453-2700,Private      ,643,329,972,4607,1123,5730
00213900,CLARK UNIVERSITY                        ,MA,01610-1473,Private      ,492,179,671,3670,507,4177
00214000,ELMS COLLEGE                            ,MA,01013-2839,Private      ,221,181,402,982,473,1455
00214100,COLLEGE OF THE HOLY CROSS               ,MA,01610-2395,Private      ,547,14,561,5439,87,5526
00214300,CURRY COLLEGE                           ,MA,02186-2395,Private      ,657,316,973,3944,730,4674
00214400,DEAN COLLEGE                            ,MA,02038-1994,Private      ,285,53,338,1362,141,1503
00214500,EASTERN NAZARENE COLLEGE                ,MA,02170-2999,Private      ,203,127,330,664,267,931
00214507,EASTERN NAZARENE CLG - LEAD PROGRAM     ,MA,02170-0000,Private      ,3,28,31,10,56,66
00214600,EMERSON COLLEGE                         ,MA,02116-4624,Private      ,621,216,837,6550,1362,7912
00214700,EMMANUEL COLLEGE                        ,MA,02115-5798,Private      ,210,129,339,4383,357,4740
00214800,ENDICOTT COLLEGE                        ,MA,01915-2098,Private      ,254,95,349,3881,241,4122
00214900,EPISCOPAL DIVINITY SCHOOL               ,MA,02138-0000,Private      ,0,36,36,1,61,62
00215000,FISHER COLLEGE                          ,MA,02116-1500,Private      ,311,283,594,1136,551,1687
00215100,BENJAMIN FRANKLIN INSTITUTE OF TECH     ,MA,02116-6296,Public       ,210,99,309,588,195,783
00215300,GORDON COLLEGE                          ,MA,01984-1899,Private      ,379,23,402,1866,65,1931
00215400,HELLENIC COLLEGE                        ,MA,02445-7496,Private      ,27,41,68,49,72,121
00215500,HARVARD UNIVERSITY                      ,MA,02138-3800,Private      ,258,189,447,6675,921,7596
00215501,AMRCN REPERTORY THTR INST ADV THTR      ,MA,02138-0000,Private      ,0,2,2,5,101,106
00215502,HARVARD BUSINESS SCHOOL                 ,MA,02163-0000,Private      ,20,461,481,201,1616,1817
00215503,HARVARD EXTENSION SCHOOL                ,MA,02138-0000,Private      ,39,414,453,103,823,926
00215504,HARVARD SCH OF DENTAL MEDICINE          ,MA,02115-0000,Private      ,2,54,56,9,157,166
00215505,HARVARD UNIV GRAD SCH DESIGN            ,MA,02138-0000,Private      ,1,171,172,6,1005,1011
00215506,HARVARD DIVINITY SCHOOL                 ,MA,02138-0000,Private      ,5,130,135,17,695,712
00215507,HARVARD UNIV GRAD SCH ED                ,MA,02138-0000,Private      ,0,163,163,5,1354,1359
00215508,HARVARD UNIV GRAD S OF ARTS & SCIEN     ,MA,02138-0000,Private      ,8,70,78,89,852,941
00215509,HARVARD JOHN F KENNEDY SCHL OF GOVT     ,MA,02138-0000,Private      ,2,139,141,21,1389,1410
00215510,HARVARD LAW SCHOOL                      ,MA,02138-0000,Private      ,13,940,953,69,4258,4327
00215511,HARVARD UNIV MEDICAL SCHOOL             ,MA,02115-0000,Private      ,12,354,366,104,1002,1106
00215512,HARVARD UNIV SCH PUBLIC HEALTH          ,MA,02115-0000,Private      ,4,38,42,37,774,811
00215513,HARVARD UNIVERSITY-HARVARD COLLEGE      ,MA,02138-0000,Private      ,1187,68,1255,13928,317,14245
00215700,HEBREW COLLEGE                          ,MA,02459-2237,Private      ,0,36,36,2,63,65
00215800,LASELL COLLEGE                          ,MA,02466-2716,Private      ,408,50,458,2765,171,2936
00216000,LESLEY UNIVERSITY                       ,MA,02138-2790,Private      ,372,1752,2124,2413,3403,5816
00216100,UMASS LOWELL                            ,MA,01854-3089,Public       ,1621,1282,2903,8799,2996,11795
00216300,MARIST COLLEGE & SEMINARY               ,MA,01701-0000,Private      ,2,137,139,2,519,521
00216400,NEW ENGLAND COLLEGE OF OPTOMETRY        ,MA,02115-1129,Private      ,2,87,89,7,382,389
00216500,MASS. COLLEGE OF PHARMACY  & HEALTH SCIE,MA,02115-5804,Private      ,329,361,690,3799,2245,6044
00216700,BERKSHIRE COMMUNITY COLLEGE             ,MA,01201-5786,Public       ,404,552,956,733,857,1590
00216800,CAPE COD COMMUNITY COLLEGE              ,MA,02668-1599,Public       ,530,641,1171,1185,1139,2324
00216900,GREENFIELD COMMUNITY COLLEGE            ,MA,01301-9739,Public       ,271,472,743,567,801,1368
00217000,HOLYOKE COMMUNITY COLLEGE               ,MA,01040-1099,Public       ,1583,1664,3247,2847,2799,5646
00217100,MASSACHUSETTS BAY COMMUNITY COLLEGE     ,MA,02181-0000,Public       ,875,883,1758,1733,1534,3267
00217200,MOUNT WACHUSETT COMMUNITY COLLEGE       ,MA,01440-1000,Public       ,571,880,1451,1402,1890,3292
00217300,NORTH SHORE COMMUNITY COLLEGE           ,MA,01923-4093,Public       ,1123,1329,2452,2114,2250,4364
00217400,NORTHERN ESSEX COMMUNITY COLLEGE        ,MA,01830-2399,Public       ,988,1305,2293,1797,2091,3888
00217500,QUINSIGAMOND COMMUNITY COLLEGE          ,MA,01606-2092,Public       ,1211,1317,2528,2680,2533,5213
00217600,BRISTOL COMMUNITY COLLEGE               ,MA,02720-7399,Public       ,1264,1477,2741,2731,2666,5397
00217700,MASSASOIT COMMUNITY COLLEGE             ,MA,02302-3996,Public       ,1048,1356,2404,2338,2302,4640
00217800,MASSACHUSETTS INST OF TECHNOLOGY        ,MA,02139-4307,Private      ,821,552,1373,10178,2472,12650
00218000,MASSACHUSETTS COLLEGE OF ART AND DESIGN ,MA,02115-5803,Public       ,240,127,367,2294,639,2933
00218100,MASSACHUSETTS MARITIME ACADEMY          ,MA,02532-3400,Public       ,334,29,363,1177,68,1245
00218300,BRIDGEWATER STATE COLLEGE               ,MA,02325-0001,Public       ,1510,779,2289,10414,2322,12736
00218400,FITCHBURG STATE COLLEGE                 ,MA,01420-2697,Public       ,580,338,918,5323,1092,6415
00218500,FRAMINGHAM STATE COLLEGE                ,MA,01702-2471,Public       ,731,330,1061,4727,833,5560
00218700,MASSACHUSETTS CLG OF LIBERAL ARTS       ,MA,01247-4100,Public       ,307,144,451,1966,403,2369
00218800,SALEM STATE COLLEGE                     ,MA,01970-5353,Public       ,1645,1144,2789,7753,2518,10271
00218900,WESTFIELD STATE COLLEGE                 ,MA,01086-1630,Public       ,877,352,1229,7258,968,8226
00219000,WORCESTER STATE COLLEGE                 ,MA,01602-2597,Public       ,759,562,1321,5081,1508,6589
00219200,MOUNT HOLYOKE COLLEGE                   ,MA,01075-1492,Private      ,456,83,539,2456,290,2746
00219300,MOUNT IDA COLLEGE                       ,MA,02459-3323,Private      ,410,114,524,2153,284,2437
00219400,NEW ENGLAND CONSERVATORY OF MUSIC       ,MA,02115-5018,Private      ,34,41,75,711,622,1333
00219700,NICHOLS COLLEGE                         ,MA,01571-6346,Private      ,226,90,316,1993,246,2239
00219900,NORTHEASTERN UNIVERSITY                 ,MA,02115-5000,Private      ,1461,2265,3726,29509,8381,37890
00220100,PINE MANOR COLLEGE                      ,MA,02167-0000,Private      ,140,70,210,505,151,656
00220200,BLESSED JOHN XXIII NATIONAL SEMINARY    ,MA,02493-0000,Private      ,0,0,0,0,2,2
00220500,QUINCY COLLEGE                          ,MA,02169-4501,Public       ,451,909,1360,946,1709,2655
00220600,REGIS COLLEGE                           ,MA,02193-0000,Private      ,298,213,511,1762,516,2278
00220800,SIMMONS COLLEGE                         ,MA,02115-5898,Private      ,233,658,891,3009,2950,5959
00220900,SMITH COLLEGE                           ,MA,01063-2936,Private      ,283,128,411,3476,906,4382
00221000,UNIV OF MASSACHUSETTS-DARTMOUTH         ,MA,02747-2300,Public       ,1196,498,1694,10396,1846,12242
00221100,SPRINGFIELD COLLEGE                     ,MA,01109-3797,Private      ,529,1343,1872,3725,2888,6613
00221400,ST JOHN'S SEMINARY                      ,MA,02135-8839,Private      ,0,8,8,2,13,15
00221700,STONEHILL COLLEGE                       ,MA,02357-6110,Private      ,212,8,220,5434,89,5523
00221800,SUFFOLK UNIVERSITY                      ,MA,02108-2770,Private      ,564,569,1133,9189,2094,11283
00221802,SUFFOLK UNIVERSITY LAW SCHOOL           ,MA,02108-0000,Private      ,15,344,359,167,2770,2937
00221900,TUFTS UNIVERSITY                        ,MA,02155-5808,Private      ,860,490,1350,9716,2334,12050
00221901,TUFTS UNIV SCH OF DENTAL MEDICINE       ,MA,02111-0000,Private      ,1,271,272,10,805,815
00221902,TUFTS UNIVERSITY - CUMMINGS SCHOOL OF VE,MA,01536-0000,Private      ,2,84,86,33,424,457
00221904,TUFTS UNIV SCHOOL OF MEDICINE           ,MA,02111-0000,Private      ,8,295,303,51,1669,1720
00222100,UNIV OF MASSACHUSETTS-AMHERST           ,MA,01003-0000,Public       ,3128,1673,4801,31245,5648,36893
00222200,UNIV OF MASSACHUSETTS-BOSTON            ,MA,02125-3393,Public       ,2167,3080,5247,9378,6902,16280
00222400,WELLESLEY COLLEGE                       ,MA,02481-8203,Private      ,510,35,545,3323,142,3465
00222500,WENTWORTH INSTITUTE OF TECHNOLOGY       ,MA,02115-5998,Private      ,697,189,886,4450,476,4926
00222600,WESTERN NEW ENGLAND COLLEGE             ,MA,01119-2654,Private      ,598,436,1034,4874,1446,6320
00222700,WHEATON COLLEGE                         ,MA,02766-2322,Private      ,269,10,279,2508,56,2564
00222800,WHEELOCK COLLEGE                        ,MA,02215-4176,Private      ,264,198,462,1316,478,1794
00222900,WILLIAMS COLLEGE                        ,MA,01267-2600,Private      ,557,20,577,3529,98,3627
00223300,WORCESTER POLYTECHNIC INSTITUTE         ,MA,01609-2280,Private      ,688,126,814,5711,336,6047
00396500,BAY STATE COLLEGE                       ,MA,02116-2901,Proprietary  ,301,225,526,1064,479,1543
00396600,BOSTON ARCHITECTURAL COLLEGE            ,MA,02115-2795,Private      ,152,453,605,445,843,1288
00466100,HAMPSHIRE COLLEGE                       ,MA,01002-3359,Private      ,452,30,482,2285,95,2380
00466600,SALTER COLLEGE                          ,MA,01583-1700,Proprietary  ,276,1056,1332,416,1758,2174
00466700,SCHOOL OF MUSEUM OF FINE ARTS           ,MA,02115-5534,Private      ,153,58,211,834,243,1077
00466900,UPPER CAPE COD REGIONAL VOC TECH        ,MA,02532-3310,Public       ,3,42,45,11,93,104
00527900,GREATER LOWELL REGNL VOC TECH SCH       ,MA,01879-0000,Public       ,14,43,57,21,57,78
00551900,DIMAN REGIONAL VOC TECH INST            ,MA,02723-3519,Public       ,16,27,43,26,57,83
00552300,BLUE HILLS REGIONAL VOC TECH            ,MA,02021-1398,Public       ,9,73,82,18,124,142
00555700,MCCANN TECHNICAL SCHOOL                 ,MA,01247-0000,Public       ,7,35,42,13,43,56
00613600,NATIONAL AVIATION ACADEMY - NEW ENGLAND ,MA,01730-2620,Proprietary  ,33,54,87,55,73,128
00632200,BROCKTON HOSPITAL SCH OF NURSING        ,MA,02302-0000,Private      ,29,117,146,115,353,468
00632400,LABOURE COLLEGE                         ,MA,02124-5698,Private      ,59,221,280,160,526,686
00633100,LAWRENCE MEM HOSPITAL SCH OF NRSNG      ,MA,02155-1643,Private      ,22,127,149,56,300,356
00635200,BAYSTATE MEDICAL CENTER                 ,MA,01199-0001,Private      ,0,11,11,3,19,22
00687300,MARIAN COURT COLLEGE                    ,MA,01907-2896,Private      ,59,42,101,135,70,205
00748100,GIBBS COLLEGE                           ,MA,02116-2904,Proprietary  ,32,67,99,41,90,131
00748400,NEWBURY COLLEGE                         ,MA,02445-5796,Private      ,214,65,279,1783,214,1997
00748600,THE NEW ENGLAND INSTITUTE OF ART        ,MA,02445-7295,Proprietary  ,422,182,604,1729,541,2270
00748800,KAPLAN CAREER INSTITUTE                 ,MA,02129-1644,Proprietary  ,68,260,328,87,358,445
00748801,KAPLAN CAREER INSTITUTE -               ,MA,02215-2606,Proprietary  ,0,2,2,0,2,2
00807800,SPRINGFIELD TECHNICAL COMMUNITY CLG     ,MA,01105-0000,Public       ,949,1497,2446,1892,2935,4827
00809002,EVEREST COLLEGE - EVEREST INSTITUTE     ,MA,02150-2333,Proprietary  ,30,143,173,37,164,201
00891600,NEW ENGLAND SCHOOL OF LAW               ,MA,02116-0000,Private      ,1,399,400,8,2182,2190
00964500,BARD COLLEGE AT SIMON'S ROCK            ,MA,01230-9702,Private      ,180,7,187,447,20,467
00974700,GORDON-CONWELL THEOLOGICAL SEMINARY     ,MA,01982-0000,Private      ,0,207,207,4,442,446
00975600,UNIVERSITY OF MASS MEDICAL CENTER       ,MA,01655-0000,Public       ,5,321,326,26,721,747
00987700,HENRI'S SCHOOL OF HAIR DESIGN           ,MA,01420-5675,Proprietary  ,4,5,9,9,6,15
00989900,LOWELL ACADEMY HAIRSTYLING INST         ,MA,01852-1909,Proprietary  ,8,5,13,10,13,23
00993600,MIDDLESEX COMMUNITY COLLEGE             ,MA,01730-1197,Public       ,580,472,1052,1118,704,1822
00993602,"MIDDLESEX COMMUNITY COLLEGE, LOWELL     ",MA,01852-0000,Public       ,998,817,1815,1768,1298,3066
01121000,BUNKER HILL COMMUNITY COLLEGE           ,MA,02129-2991,Public       ,1623,2627,4250,3141,4559,7700
01151000,EVEREST INSTITUTE                       ,MA,02135-7638,Proprietary  ,68,210,278,71,219,290
01193000,ROXBURY COMMUNITY COLLEGE               ,MA,02120-3400,Public       ,349,963,1312,720,1593,2313
01204200,MANSFIELD BEAUTY SCHOOLS                ,MA,02169-5061,Proprietary  ,10,31,41,16,43,59
01206800,MANSFIELD BEAUTY SCHOOL                 ,MA,01103-1410,Proprietary  ,5,17,22,7,21,28
01238600,SOUTHEASTERN TECHNICAL INSTITUTE        ,MA,02375-1780,Public       ,20,67,87,36,127,163
01288100,MONTACHUSETT REG VOC TECH SCH           ,MA,01420-4649,Public       ,7,19,26,9,36,45
01292100,EMPIRE BEAUTY SCHOOL                    ,MA,02215-0000,Proprietary  ,95,174,269,122,248,370
01292101,EMPIRE BEAUTY SCHOOL - HYANNIS          ,MA,02601-2022,Proprietary  ,15,10,25,20,17,37
01294800,ROB ROY ACADEMY                         ,MA,02721-5330,Proprietary  ,14,39,53,15,40,55
02063000,MONTSERRAT COLLEGE OF ART               ,MA,01915-0000,Private      ,47,13,60,532,46,578
02063800,BUTERA SCHOOL OF ART                    ,MA,02116-0000,Proprietary  ,13,4,17,34,11,45
02076700,EMPIRE BEAUTY SCHOOL                    ,MA,02148-0000,Proprietary  ,28,78,106,41,124,165
02079400,EMPIRE BEAUTY SCHOOL                    ,MA,02453-0000,Proprietary  ,20,65,85,25,74,99
02092100,MASSACHUSETTS SCHOOL OF BARBERING       ,MA,02169-0000,Proprietary  ,8,36,44,11,53,64
02092200,EMPIRE BEAUTY SCHOOL                    ,MA,01852-0000,Proprietary  ,30,81,111,33,102,135
02122000,NEW ENGLAND HAIR ACADEMY                ,MA,02148-0000,Proprietary  ,30,31,61,35,45,80
02137000,ROB ROY ACADEMY                         ,MA,02780-0000,Proprietary  ,7,17,24,9,17,26
02137200,MASS GEN HOSP DIETETIC INTERNSHIP       ,MA,02114-0000,Private      ,0,4,4,3,10,13
02143000,LONGY SCHOOL OF MUSIC                   ,MA,02138-3599,Private      ,5,18,23,39,132,171
02163500,NEW ENGLAND SCHOOL OF PHOTOGRAPHY       ,MA,02215-0000,Proprietary  ,57,39,96,107,76,183
02169900,ASSABET VALLEY REGIONAL VOC SCHOOL      ,MA,01752-0000,Public       ,6,29,35,11,60,71
02181600,ROB ROY ACADEMY                         ,MA,01609-0000,Proprietary  ,25,66,91,34,88,122
02182900,CAMBRIDGE COLLEGE                       ,MA,02138-5304,Private      ,73,1255,1328,183,2129,2312
02197900,NORTH BENNET STREET SCHOOL              ,MA,02113-0000,Private      ,14,43,57,33,75,108
02215100,HALLMARK INSTITUTE OF PHOTOGRAPHY       ,MA,01376-0000,Proprietary  ,46,44,90,138,106,244
02219501,MILDRED ELLEY - PITTSFIELD              ,MA,01201-5300,Proprietary  ,0,6,6,3,11,14
02220400,CATHERINE HINDS INST OF ESTHETICS       ,MA,01801-0000,Proprietary  ,21,48,69,35,61,96
02231600,MGH INSTITUTE OF HEALTH PROFESSION      ,MA,02129-0000,Private      ,13,150,163,34,971,1005
02274300,CONWAY SCHOOL OF LANDSCAPE DESIGN       ,MA,01341-0179,Private      ,2,11,13,3,21,24
02325700,LABARON HAIRDRESSING ACADEMY            ,MA,02740-0000,Proprietary  ,7,16,23,10,17,27
02325800,LABARON HAIRDRESSING ACAD-BROCKTON      ,MA,02301-0000,Proprietary  ,4,15,19,9,17,26
02337400,BANCROFT SCHOOL OF MASSAGE THERAPY      ,MA,01604-4614,Proprietary  ,5,13,18,9,23,32
02338200,BAY STATE SCHOOL OF TECHNOLOGY          ,MA,02021-0000,Proprietary  ,11,84,95,20,110,130
02339400,ROB ROY ACADEMY                         ,MA,02746-0000,Proprietary  ,4,5,9,5,6,11
02491700,CORTIVA INSTITUTE -  BOSTON             ,MA,02472-2577,Proprietary  ,16,79,95,20,123,143
02523900,ELIZABETH GRADY SCHOOL OF ESTHETICS     ,MA,02155-0000,Proprietary  ,12,26,38,20,43,63
02579800,NEW ENGLAND SCHOOL OF ACUPUNCTURE       ,MA,02458-0000,Private      ,0,88,88,1,134,135
03006802,PENNSYLVANIA CULINARY INSTITUTE - LE COR,MA,02142-1221,Proprietary  ,74,216,290,119,319,438
03066700,AILANO SCHOOL OF COSMETOLOGY            ,MA,02303-4740,Proprietary  ,11,4,15,18,14,32
03104000,SHAWSHEEN ADULT TECHNICAL INSTITUTE     ,MA,01821-5499,Public       ,7,23,30,10,39,49
03115200,MOTORING TECHNICAL TRAINING INST        ,MA,02771-5933,Proprietary  ,34,76,110,83,116,199
03120800,KAY HARVEY HAIRDRESSING ACADEMY         ,MA,01089-2701,Proprietary  ,3,9,12,8,11,19
03127700,SOUTHERN NEW ENGLAND SCHOOL OF LAW      ,MA,02747-1252,Private      ,0,96,96,3,237,240
03130500,URBAN COLLEGE OF BOSTON                 ,MA,02111-1093,Private      ,16,221,237,34,396,430
03194300,BOSTON GRAD SCH OF PSYCHOANALYSIS       ,MA,02446-4602,Private      ,0,38,38,2,56,58
03196300,LINCOLN TECHNICAL INSTITUTE             ,MA,02145-1102,Proprietary  ,118,272,390,190,432,622
03196302,LINCOLN TECHNICAL INSTITUTE             ,MA,01852-5119,Proprietary  ,99,217,316,148,338,486
03205400,JOLIE HAIR & BEAUTY ACADEMY             ,MA,01056-2769,Proprietary  ,3,20,23,4,24,28
03232302,LINCOLN TECHNICAL INSTITUTE             ,MA,02401-1818,Proprietary  ,90,253,343,133,393,526
03235300,MASSACHUSETTS SCHOOL OF LAW             ,MA,01810-1094,Private      ,0,336,336,2,515,517
03240300,HAIR IN MOTION BEAUTY ACADEMY           ,MA,01604-2213,Proprietary  ,4,3,7,5,3,8
03248300,BOSTON BAPTIST COLLEGE                  ,MA,02136-4000,Private      ,31,17,48,73,31,104
03316400,FUNERAL INSTITUTE OF THE NORTHEAST      ,MA,02062-4766,Proprietary  ,8,35,43,14,62,76
03504300,NATL GRAD SCH OF QUALITY SYSTM MGMT     ,MA,02540-0000,Private      ,0,1,1,0,5,5
03763300,MEDICAL PROFESSIONAL INSTITUTE          ,MA,02148-8143,Proprietary  ,8,48,56,9,72,81
03859300,E.I.N.E.                                ,MA,01876-4709,Proprietary  ,0,9,9,1,12,13
03946300,FRANKLIN W. OLIN COLLEGE OF ENGINEERING ,MA,02492-1200,Private      ,25,1,26,387,4,391
03965300,NEW ENGLAND COLLEGE OF FINANCE          ,MA,02110-1605,Proprietary  ,5,45,50,7,54,61
04039300,SULLIVAN AND COGLIANO TRAINING CENTER   ,MA,02301-1822,Proprietary  ,18,384,402,20,414,434
04116900,DIGRIGOLI SCHOOL OF COSMETOLOGY         ,MA,01089-4623,Proprietary  ,9,9,18,12,17,29
04128000,MILLENNIUM TRAINING INSTITUTE           ,MA,01801-6386,Proprietary  ,4,29,33,4,33,37
04128900,CENTRAL MASS SCHOOL OF MASSAGE AND THERA,MA,01562-1712,Proprietary  ,0,7,7,4,11,15
00324204,CARNEGIE MELLON UNIVERSITY - QATAR      ,FC,00000-0000,Private      ,0,0,0,0,2,2
00324206,CARNEGIE MELLON UNIVERSITY  - THE HEINZ ,FC,00000-0000,Private      ,0,2,2,0,5,5
00337112,TEMPLE UNIVERSITY - JAPAN               ,FC,00000-0000,Private      ,21,15,36,30,16,46
00369101,MIDDLEBURY COLLEGE - FRANCE             ,FC,00000-0000,Private      ,1,1,2,4,3,7
00369102,MIDDLEBURY COLLEGE - GERMANY            ,FC,00000-0000,Private      ,0,3,3,0,6,6
00369103,MIDDLEBURY COLLEGE - ITALY              ,FC,00000-0000,Private      ,0,3,3,2,6,8
00369104,MIDDLEBURY COLLEGE - SPAIN              ,FC,00000-0000,Private      ,1,7,8,7,14,21
00369105,MIDDLEBURY COLLEGE - RUSSIA             ,FC,00000-0000,Private      ,0,3,3,1,4,5
00401000,INSTITUT INTERNAT'L D'ETUDES FRANCA     ,FC,00000-0000,Public       ,0,0,0,1,3,4
00401200,HEBREW UNIVERSITY OF JERUSALEM (THE)    ,FC,00000-0000,Public       ,22,68,90,34,113,147
00403000,UNIVERSITY OF CAMBRIDGE                 ,FC,00000-0000,Public       ,1,19,20,5,51,56
00503400,AMERICAN UNIVERSITY OF CAIRO            ,FC,00000-0000,Private      ,23,88,111,64,181,245
00667100,KATHOLIEKE UNIVERSITEIT LEUVEN          ,FC,00000-0000,Private      ,0,16,16,1,36,37
00669100,UNIVERSITY OF CAMBRIDGE - PEMBROKE      ,FC,00000-0000,Public       ,0,3,3,1,12,13
00669200,UNIVERSITY OF LEEDS                     ,FC,00000-0000,Public       ,3,39,42,15,83,98
00669300,UNIV OF LONDON-LONDON SCHOOL ECON       ,FC,00000-0000,Public       ,3,209,212,21,474,495
00669400,SCH OF ORIENTAL & AFRICAN STUDIES       ,FC,00000-0000,Public       ,3,59,62,11,126,137
00669500,UNIV OF LONDON-UNIVERSITY COLLEGE       ,FC,00000-0000,Public       ,5,140,145,20,334,354
00669600,UNIV OF LONDON-SCH ADVANCED STUDY       ,FC,00000-0000,Public       ,0,8,8,0,17,17
00669700,"QUEEN MARY, UNIVERSITY OF LONDON        ",FC,00000-0000,Public       ,5,52,57,21,108,129
00669900,UNIVERSITY OF SUSSEX                    ,FC,00000-0000,Public       ,4,26,30,13,71,84
00670000,"UNIVERSITY OF YORK, THE                 ",FC,00000-0000,Public       ,3,38,41,12,92,104
00670400,UNIVERSITY COLLEGE CORK                 ,FC,00000-0000,Public       ,4,24,28,10,49,59
00671300,UPPSALA UNIVERSITY                      ,FC,00000-0000,Public       ,0,10,10,0,38,38
00671500,UNIVERSITY OF GENEVA                    ,FC,00000-0000,Public       ,1,19,20,4,53,57
00683900,UNIVERSITY OF EDINBURGH                 ,FC,00000-0000,Public       ,35,198,233,123,470,593
00684200,UNIVERSITY OF DUBLIN TRINITY COLLEG     ,FC,00000-0000,Public       ,8,67,75,31,121,152
00685000,UNIVERSITY OF CAMBRIDGE - DOWNING C     ,FC,00000-0000,Public       ,0,0,0,0,6,6
00763200,UNIVERSITY OF BRISTOL                   ,FC,00000-0000,Public       ,3,37,40,12,70,82
00768100,COLLEGE OF EUROPE                       ,FC,00000-0000,Private      ,0,3,3,0,4,4
00770500,ROYAL COLLEGE OF SURGEONS IN IRELAN     ,FC,00000-0000,Private      ,1,34,35,3,54,57
00788100,AMERICAN UNIVERSITY OF PARIS            ,FC,00000-0000,Private      ,51,58,109,209,163,372
00837100,AMERICAN UNIVERSITY OF BEIRUT           ,FC,00000-0000,Private      ,17,25,42,67,55,122
00837300,TEL-AVIV UNIVERSITY                     ,FC,00000-0000,Public       ,4,34,38,7,52,59
00837600,VRIJE UNIVERSITEIT AMSTERDAM            ,FC,00000-0000,Public       ,1,13,14,1,26,27
00837700,UNIVERSITEIT VAN AMSTERDAM(UNIVERSI     ,FC,00000-0000,Public       ,1,47,48,3,93,96
00838000,UNIVERSITY OF WARWICK                   ,FC,00000-0000,Public       ,3,28,31,8,50,58
00838300,UNIVERSITY OF GLASGOW                   ,FC,00000-0000,Public       ,9,144,153,31,304,335
00839300,UNIVERSITY OF OSLO                      ,FC,00000-0000,Public       ,1,10,11,3,18,21
00839400,UNIVERSITY OF OXFORD                    ,FC,00000-0000,Public       ,0,76,76,3,207,210
00839800,UNIVERSITY OF SHEFFIELD (THE)           ,FC,00000-0000,Public       ,4,22,26,13,60,73
00839900,UNIVERSITY OF SOUTHAMPTON               ,FC,00000-0000,Public       ,1,19,20,10,37,47
00845200,ABERYSTWYTH UNIVERSITY                  ,FC,00000-0000,Public       ,2,7,9,7,29,36
00846000,UNIVERSITY OF NEWCASTLE UPON TYNE       ,FC,00000-0000,Public       ,3,31,34,10,75,85
00846100,UNIVERSITY OF SAINT ANDREWS             ,FC,00000-0000,Public       ,36,69,105,151,149,300
00850500,UNIVERSITY OF MELBOURNE                 ,FC,00000-0000,Public       ,5,41,46,15,103,118
00858600,SWANSEA UNIVERSITY                      ,FC,00000-0000,Public       ,4,5,9,9,28,37
00858700,UNIVERSITY OF DURHAM                    ,FC,00000-0000,Public       ,4,56,60,11,112,123
00866500,UNIVERSITY OF KENT AT CANTERBURY (THE)  ,FC,00000-0000,Public       ,5,49,54,17,107,124
00867000,UNIVERSITY OF NEW SOUTH WALES           ,FC,00000-0000,Public       ,2,29,31,13,69,82
00868700,UNIVERSITY OF ESSEX                     ,FC,00000-0000,Public       ,2,29,31,9,61,70
00869300,CITY UNIVERSITY                         ,FC,00000-0000,Public       ,1,68,69,4,136,140
00890800,THE UNIVERSITY OF BIRMINGHAM            ,FC,00000-0000,Public       ,2,33,35,8,67,75
00891000,UNIVERSITY OF HULL                      ,FC,00000-0000,Public       ,3,5,8,5,15,20
00892000,UNIVERSITY OF NOTTINGHAM                ,FC,00000-0000,Public       ,2,33,35,9,76,85
00900600,UNIVERSITY OF SALFORD (THE)             ,FC,00000-0000,Public       ,1,5,6,3,7,10
00908400,"UNIV OF LONDON, BIRKBECK                ",FC,00000-0000,Public       ,0,32,32,1,65,66
00908500,UNIV OF LONDON KING'S COLLEGE           ,FC,00000-0000,Public       ,6,117,123,30,248,278
00908600,UNIVERSITY OF LONDON - ROYAL HOLLOWAY   ,FC,00000-0000,Public       ,7,34,41,11,61,72
00914300,BAR-ILAN UNIVERSITY                     ,FC,00000-0000,Private      ,3,6,9,7,10,17
00924700,ARCHITECTURAL ASSOC SCH OF ARCHITEC     ,FC,00000-0000,Private      ,1,8,9,1,21,22
00924900,UNIVERSITY OF LIVERPOOL                 ,FC,00000-0000,Public       ,5,22,27,17,60,77
00936800,UNIVERSITY OF ABERDEEN                  ,FC,00000-0000,Public       ,11,35,46,39,90,129
00942300,ROYAL COLLEGE OF ART                    ,FC,00000-0000,Public       ,0,14,14,1,58,59
00942800,TECHNION-ISRAEL INST OF TECHLGY         ,FC,00000-0000,Public       ,0,48,48,0,60,60
00944200,UNIVERSITY OF EXETER                    ,FC,00000-0000,Public       ,4,31,35,8,76,84
00944400,UNIVERSITY OF LANCASTER                 ,FC,00000-0000,Public       ,0,14,14,6,32,38
00963400,UNIVERSITY OF OXFORD ST CATHERINE'S     ,FC,00000-0000,Public       ,0,2,2,0,7,7
00980800,UNIVERSITY OF STRATHCLYDE               ,FC,00000-0000,Public       ,2,12,14,5,28,33
00986000,UNIVERSITY OF SURREY                    ,FC,00000-0000,Public       ,1,5,6,10,16,26
00990600,PONTIFICAL NORTH AMERICAN COLLEGE       ,FC,00000-0000,Private      ,0,2,2,0,3,3
00992700,UNIVERSITY OF CAMBRIDGE - FITZWILLI     ,FC,00000-0000,Public       ,0,0,0,0,4,4
01006700,LUND UNIVERSITY                         ,FC,00000-0000,Public       ,2,26,28,3,68,71
01008400,UNIVERSITY OF CAPE TOWN                 ,FC,00000-0000,Private      ,2,14,16,4,44,48
01008700,UNIVERSITY OF OXFORD ST PETER'S COL     ,FC,00000-0000,Public       ,0,0,0,0,1,1
01008800,UNIVERSITY OF OXFORD - CORPUS CHRIS     ,FC,00000-0000,Public       ,0,1,1,0,4,4
01008900,CENTRAL SCHOOL OF SPEECH AND DRAMA      ,FC,00000-0000,Private      ,3,14,17,10,47,57
01009000,UNIVERSITY OF OXFORD - BALLIOL COLL     ,FC,00000-0000,Public       ,1,2,3,2,13,15
01014300,UNIVERSITY OF READING                   ,FC,00000-0000,Public       ,4,19,23,11,44,55
01015700,CARDIFF UNIVERSITY                      ,FC,00000-0000,Public       ,3,17,20,7,39,46
01015900,PONTIFICIA UNIVERSITA GREGORIANA        ,FC,00000-0000,Private      ,0,1,1,0,1,1
01016000,CG JUNG INST                            ,FC,00000-0000,Private      ,0,1,1,0,3,3
01018800,UNIVERSITY COLLEGE DUBLIN               ,FC,00000-0000,Public       ,3,92,95,6,167,173
01019000,UNIVERSITY OF CAMBRIDGE CHURCHILL C     ,FC,00000-0000,Public       ,0,2,2,0,5,5
01022800,UNIVERSITY OF STIRLING                  ,FC,00000-0000,Public       ,6,13,19,16,33,49
01033200,UNIVERSITY OF CAMBRIDGE - CLARE COL     ,FC,00000-0000,Public       ,0,3,3,1,6,7
01045600,UNIVERSITY OF HAIFA                     ,FC,00000-0000,Public       ,6,3,9,11,7,18
01047200,INST EUROPEEN OPEEN D'ADMINISTRATIO     ,FC,00000-0000,Private      ,0,22,22,0,58,58
01049300,CRANFIELD UNIVERSITY                    ,FC,00000-0000,Public       ,0,5,5,1,9,10
01052000,TRINITY LABAN                           ,FC,00000-0000,Public       ,0,9,9,4,17,21
01052001,LABAN CENTER FOR MOVEMENT & DANCE       ,FC,00000-0000,Public       ,0,4,4,1,11,12
01052500,UNIVERSITY OF HERTFORDSHIRE             ,FC,00000-0000,Public       ,4,4,8,12,9,21
01057400,LONDON INTRNTL FILM SCHOOL              ,FC,00000-0000,Private      ,0,12,12,4,21,25
01058600,INSTITUTE OF SOCIAL STUDIES             ,FC,00000-0000,Private      ,0,6,6,0,15,15
01058800,AUSTRALIAN NATIONAL UNIVERSITY          ,FC,00000-0000,Public       ,1,14,15,5,39,44
01058900,BANGOR UNIVERSITY                       ,FC,00000-0000,Public       ,1,6,7,3,17,20
01059400,"RICHMOND, THE AMERICAN INT UNI IN LONDON",FC,00000-0000,Private      ,66,12,78,289,31,320
01059900,INST D'ETUDES POLITIQUES DE PARIS       ,FC,00000-0000,Public       ,0,22,22,1,44,45
01068100,MACQUARIE UNIVERSITY                    ,FC,00000-0000,Public       ,2,16,18,6,63,69
01069200,UNIVERSITY OF QUEENSLAND (THE)          ,FC,00000-0000,Public       ,6,33,39,17,88,105
01078900,UNIVERSITY OF OXFORD - WORCESTER CO     ,FC,00000-0000,Public       ,0,6,6,0,11,11
01079200,CITY AND GUILDS OF LONDON INSTITUTE     ,FC,00000-0000,Private      ,1,0,1,2,4,6
01080300,SEMMELWEIS UNIVERSITY OF BUDAPEST       ,FC,00000-0000,Public       ,0,19,19,2,30,32
01081600,KINGSTON UNIVERSITY                     ,FC,00000-0000,Public       ,11,45,56,29,84,113
01083800,UNIVERSITITY OF BERGEN (UOB)            ,FC,00000-0000,Public       ,0,3,3,1,5,6
01086400,UNIV OF DUNDEE                          ,FC,00000-0000,Public       ,3,17,20,7,52,59
01086600,UNIVERSITY OF OXFORD - MAGDALEN COLLEGE ,FC,00000-0000,Public       ,0,3,3,0,14,14
01086700,UNIVERSITY OF OXFORD ST JOHN'S COLL     ,FC,00000-0000,Public       ,0,2,2,0,5,5
01091400,MONASH UNIVERSITY                       ,FC,00000-0000,Public       ,5,5,10,7,27,34
01091500,UNIV OF EAST ANGLIA                     ,FC,00000-0000,Public       ,4,26,30,13,55,68
01094200,UNIVERSITY OF OXFORD - ST HUGH'S CO     ,FC,00000-0000,Public       ,0,2,2,0,7,7
01097700,UNIVERSIDAD CENTRAL DEL ESTE            ,FC,00000-0000,Private      ,28,216,244,57,588,645
01098000,SOMERVILLE COLLEGE                      ,FC,00000-0000,Public       ,0,3,3,0,6,6
01099900,UNIV OF OXFORD - WADHAM COLLEGE         ,FC,00000-0000,Public       ,0,3,3,0,6,6
01104400,PONTIFICIA UNIVERSITA SAN TOMMASO       ,FC,00000-0000,Private      ,0,7,7,0,9,9
01105300,UNIVERSITY OF OXFORD - ST HILDA'S C     ,FC,00000-0000,Public       ,0,2,2,0,5,5
01105400,UNIVERSITY OF OXFORD - ST ANNE'S CO     ,FC,00000-0000,Public       ,0,1,1,0,6,6
01105500,UNIV OF OXFORD - LADY MARGARET HALL     ,FC,00000-0000,Public       ,0,4,4,0,10,10
01105600,UNIVERSITY OF OXFORD - UNIVERSITY C     ,FC,00000-0000,Public       ,0,4,4,0,17,17
01105700,UNIVERSITY OF OXFORD - TRINITY COLL     ,FC,00000-0000,Public       ,0,1,1,0,7,7
01105800,UNIVERSITY OF OXFORD-ST EDMUND HALL     ,FC,00000-0000,Public       ,0,2,2,0,9,9
01105900,UNIVERSITY OF OXFORD ST ANTONY'S CO     ,FC,00000-0000,Public       ,0,7,7,0,27,27
01106000,UNIVERSITY OF OXFORD - QUEEN'S COLL     ,FC,00000-0000,Public       ,0,1,1,0,7,7
01106100,UNIVERSITY OF OXFORD - PEMBROKE COL     ,FC,00000-0000,Public       ,0,2,2,1,8,9
01106200,UNIVERSITY OF OXFORD - ORIEL COLLEG     ,FC,00000-0000,Public       ,0,2,2,0,7,7
01106300,UNIVERSITY OF OXFORD - NUFFIELD COL     ,FC,00000-0000,Public       ,0,2,2,0,4,4
01106400,UNIVERSITY OF OXFORD - NEW COLLEGE      ,FC,00000-0000,Public       ,0,5,5,1,16,17
01106500,UNIVERSITY OF OXFORD MERTON COLLEGE     ,FC,00000-0000,Public       ,0,4,4,0,7,7
01106600,UNIVERSITY OF OXFORD - LINCOLN COLL     ,FC,00000-0000,Public       ,0,10,10,0,22,22
01106700,UNIVERSITY OF OXFORD - KEBLE COLLEG     ,FC,00000-0000,Public       ,0,1,1,0,3,3
01106800,UNIVERSITY OF OXFORD - JESUS COLLEG     ,FC,00000-0000,Public       ,0,6,6,0,9,9
01106900,UNIVERSITY OF OXFORD - HERTFORD COL     ,FC,00000-0000,Public       ,0,1,1,0,5,5
01107000,UNIVERSITY OF OXFORD EXETER COLLEGE     ,FC,00000-0000,Public       ,0,5,5,0,17,17
01107100,UNIV OF OXFORD - CHRIST CHURCH          ,FC,00000-0000,Public       ,0,5,5,2,10,12
01107200,UNIVERSITY OF OXFORD - BRASENOSE CO     ,FC,00000-0000,Public       ,0,2,2,0,2,2
01109100,FLINDERS UNIVERSITY OF S AUSTRALIA      ,FC,00000-0000,Public       ,0,6,6,0,11,11
01109400,UNIVERSITY OF WESTERN AUSTRALIA (THE)   ,FC,00000-0000,Public       ,1,3,4,4,13,17
01156700,"IMPERIAL COLLEGE OF SCIENCE, TECHNOLOGY ",FC,00000-0000,Public       ,1,18,19,4,39,43
01167900,UNIVERSITY OF BATH                      ,FC,00000-0000,Public       ,2,9,11,9,27,36
01168300,FRANKLIN COLLEGE  SWITZERLAND           ,FC,00000-0000,Private      ,34,3,37,339,7,346
01175800,UNIV OF CAMBRIDGE - PETERHOUSE          ,FC,00000-0000,Public       ,1,2,3,1,6,7
01176400,ROYAL ACADEMY OF MUSIC                  ,FC,00000-0000,Public       ,4,0,4,6,13,19
01176500,GOLDSMITHS' COLLEGE-UNIV OF LONDON      ,FC,00000-0000,Public       ,12,61,73,20,154,174
01176600,UNIV OF LONDON - INST OF EDUC           ,FC,00000-0000,Public       ,1,4,5,2,14,16
01183800,UNIVERSITY OF OXFORD - MANSFIELD CO     ,FC,00000-0000,Public       ,0,0,0,1,2,3
01207500,UNIVERSITY CAMBRIDGE - TRINITY COLL     ,FC,00000-0000,Public       ,0,3,3,2,9,11
01207800,VICTORIA UNIV OF WELLINGTON             ,FC,00000-0000,Public       ,1,12,13,11,34,45
01210100,UNIVERSITY OF CAMBRIDGE - GIRTON CO     ,FC,00000-0000,Public       ,2,1,3,2,1,3
01213600,VICTORIA UNIV OF MANCHESTER (THE)       ,FC,00000-0000,Public       ,7,39,46,15,73,88
01219800,UNIVERSITY OF BRADFORD                  ,FC,00000-0000,Public       ,1,9,10,2,18,20
01220100,UNIVERSITY OF OXFORD - REGENT'S PAR     ,FC,00000-0000,Public       ,0,1,1,1,3,4
01220600,JAMES COOK UNIVERSITY                   ,FC,00000-0000,Public       ,10,21,31,22,59,81
01221500,BIRMINGHAM CITY UNIVERSITY              ,FC,00000-0000,Public       ,2,8,10,5,12,17
01222300,JAGIELLONIAN UNIVERSITY COLLEGIUM M     ,FC,00000-0000,Public       ,0,19,19,3,39,42
01222500,UNIVERSITY OF SZEGED FACULTY OF MEDICINE,FC,00000-0000,Public       ,0,2,2,0,5,5
01225800,ASTON UNIVERSITY                        ,FC,00000-0000,Public       ,0,8,8,1,11,12
01227500,UNIVERSITY OF OXFORD - WOLFSON COLL     ,FC,00000-0000,Public       ,0,8,8,0,13,13
01230200,GONVILLE & CAIUS COLLEGE                ,FC,00000-0000,Public       ,0,1,1,0,2,2
01233300,UNIV OF THE ARTS LONDON- CAMBERWELL COLL,FC,00000-0000,Public       ,6,7,13,9,10,19
01233500,ROYAL COLLEGE OF MUSIC                  ,FC,00000-0000,Public       ,0,3,3,3,16,19
01233700,WROCLAW UNIVERSITY OF MEDICINE          ,FC,00000-0000,Public       ,0,2,2,1,4,5
01234100,UNIVERSITY OF WALES - ST DAVID'S UN     ,FC,00000-0000,Public       ,1,3,4,3,10,13
01236000,EDINBURGH COLLEGE OF ART                ,FC,00000-0000,Public       ,1,14,15,7,42,49
01242100,UNIV OF AUCKLAND                        ,FC,00000-0000,Public       ,1,18,19,12,46,58
01253900,UNIVERSITY OF THE ARTS LONDON IDO - CENT,FC,00000-0000,Public       ,17,33,50,41,76,117
01254000,UNIVERSIDAD DE NAVARRA                  ,FC,00000-0000,Private      ,3,10,13,4,14,18
01276500,UNIVERSITY OF OXFORD - LINACRE COLL     ,FC,00000-0000,Public       ,0,2,2,0,12,12
01276600,"NATIONAL UNIVERSITY IRELAND, GALWAY     ",FC,00000-0000,Public       ,5,32,37,15,70,85
01280200,PONTIFICIA UNIV CATOLICA MAD Y MAES     ,FC,00000-0000,Private      ,35,40,75,44,62,106
01281100,INST TECNOLOGICO DE SANTO DOMINGO       ,FC,00000-0000,Private      ,6,44,50,12,76,88
01283900,UNIVERSITY OF CAMBRIDGE - SAINT JOH     ,FC,00000-0000,Public       ,0,3,3,0,12,12
01286200,MOUNTVIEW ACADEMY OF THEATRE ARTS       ,FC,00000-0000,Private      ,0,2,2,2,4,6
01297800,UNIVERSITY OF HUDDERSFIELD (THE)        ,FC,00000-0000,Public       ,0,4,4,1,5,6
01315300,MASSEY UNIVERSITY                       ,FC,00000-0000,Public       ,3,17,20,9,54,63
01322500,COLLEGE OF LAW                          ,FC,00000-0000,Private      ,0,8,8,0,17,17
02052400,DARWIN COLLEGE                          ,FC,00000-0000,Public       ,0,3,3,0,13,13
02082400,UNIVERSITY OF CAMBRIDGE - QUEEN'S C     ,FC,00000-0000,Public       ,0,9,9,0,16,16
02083400,UNIVERSITY OF CAMBRIDGE - WOLFSON C     ,FC,00000-0000,Public       ,0,5,5,0,6,6
02087400,UNIVERSITY OF CAMBRIDGE - NEWNHAM C     ,FC,00000-0000,Public       ,0,5,5,2,6,8
02087900,OXFORD BROOKES UNIVERSITY               ,FC,00000-0000,Public       ,2,16,18,13,38,51
02094100,BEN-GURION UNIV                         ,FC,00000-0000,Public       ,0,95,95,0,158,158
02094400,UNIV OF CAMBRIDGE - ST EDMUND'S HOU     ,FC,00000-0000,Public       ,0,3,3,1,6,7
02095500,LONDON BUS SCHOOL                       ,FC,00000-0000,Private      ,0,63,63,3,130,133
02098700,FATIMA COLLEGE OF MEDICINE              ,FC,00000-0000,Private      ,1,18,19,2,46,48
02101900,ROEHAMPTON UNIVERSITY                   ,FC,00000-0000,Public       ,2,35,37,11,65,76
02108600,LONDON ACADEMY OF MUSIC & DRAMATIC      ,FC,00000-0000,Private      ,3,5,8,9,14,23
02115900,UNIVERSITY OF PORTSMOUTH                ,FC,00000-0000,Public       ,3,5,8,7,13,20
02116700,UNIVERSITY OF CAMBRIDGE - LUCY CAVE     ,FC,00000-0000,Public       ,0,0,0,0,3,3
02120000,UNIV OF LONDON - COURTALD INST OF A     ,FC,00000-0000,Public       ,0,10,10,1,32,33
02133400,UNIVERSITY OF CAMBRIDGE - SIDNEY SU     ,FC,00000-0000,Public       ,0,2,2,2,7,9
02142000,UNIVERSITY OF CAMBRIDGE - HOMERTON      ,FC,00000-0000,Public       ,0,5,5,0,7,7
02149700,UNIVERSITY OF WINCHESTER (THE)          ,FC,00000-0000,Public       ,1,2,3,5,4,9
02156800,UNIV OF OTAGO                           ,FC,00000-0000,Public       ,1,13,14,4,24,28
02162300,"IESE BUSINESS SCH, UNIV OF NAVARRA      ",FC,00000-0000,Private      ,1,33,34,5,69,74
02167400,UNIVERSITY OF CAMBRIDGE - CORPUS CH     ,FC,00000-0000,Public       ,0,2,2,0,5,5
02175700,OHR SOMAYACH INSTITUTIONS               ,FC,00000-0000,Private      ,4,0,4,4,0,4
02177700,KING'S COLLEGE- UNIV OF CAMBRIDGE       ,FC,00000-0000,Public       ,0,6,6,1,22,23
02180500,MIDDLESEX UNIVERSITY                    ,FC,00000-0000,Public       ,4,31,35,7,58,65
02181000,UNIVERSITY OF SOUTH AUSTRALIA           ,FC,00000-0000,Public       ,0,6,6,2,14,16
02183500,UNIV OF OXFORD - WYCLIFFE HALL          ,FC,00000-0000,Public       ,0,2,2,0,7,7
02186000,UNIVERSITY OF CAMBRIDGE - MAGDALENE     ,FC,00000-0000,Public       ,0,4,4,0,7,7
02186100,UNIVERSITY OF CAMBRIDGE - EMMANUEL      ,FC,00000-0000,Public       ,0,3,3,0,7,7
02189600,UNIVERSITY OF GRONINGEN                 ,FC,00000-0000,Public       ,1,6,7,2,16,18
02194800,UNIVERSITY OF THE WEST OF ENGLAND -     ,FC,00000-0000,Public       ,4,6,10,9,16,25
02195100,UNIV OF WESTMINSTER                     ,FC,00000-0000,Public       ,8,49,57,32,98,130
02196700,GUILDHALL SCHOOL OF MUSIC & DRAMA       ,FC,00000-0000,Public       ,4,3,7,10,14,24
02207300,UNIVERSITY OF CAMBRIDGE - CHRIST'S      ,FC,00000-0000,Public       ,0,4,4,0,8,8
02207400,CHINESE UNIVERSITY OF HONG KONG (THE)   ,FC,00000-0000,Public       ,2,9,11,8,25,33
02209500,UNIVERSITEIT UTRECHT                    ,FC,00000-0000,Public       ,0,18,18,3,42,45
02210000,UNIV OF LONDON - LONDON SCHOOL OF H     ,FC,00000-0000,Public       ,0,17,17,0,49,49
02212300,UNIVERSITY OF CAMBRIDGE - ROBINSON      ,FC,00000-0000,Public       ,0,2,2,0,5,5
02225300,UNIV OF CANTERBURY                      ,FC,00000-0000,Public       ,3,9,12,13,22,35
02229100,UNIVERSITY OF LEICESTER                 ,FC,00000-0000,Public       ,0,25,25,3,55,58
02229600,SACKLER SCHOOL OF MEDICINE              ,FC,00000-0000,Public       ,0,129,129,0,168,168
02232100,UNIVERSITY OF CAMBRIDGE                 ,FC,00000-0000,Public       ,1,4,5,1,9,10
02233300,"ST GEORGE'S UNIV, SCH OF MEDICINE       ",FC,00000-0000,Proprietary  ,4,813,817,11,1617,1628
02235300,LONDON METROPOLITAN UNIVERSITY          ,FC,00000-0000,Public       ,9,65,74,42,139,181
02240900,AISH HATORAH CLG OF JEWISH STUDIES      ,FC,00000-0000,Private      ,1,0,1,1,2,3
02244400,AMERICAN UNIV OF THE CARIBBEAN          ,FC,00000-0000,Proprietary  ,4,294,298,8,829,837
02257100,COVENTRY UNIVERSITY                     ,FC,00000-0000,Public       ,4,6,10,6,10,16
02266600,UNIVERSITY OF LONDON - SAINT GEORGE     ,FC,00000-0000,Public       ,0,4,4,0,12,12
02271700,UNIVERSITY OF CAMBRIDGE - CLARE HAL     ,FC,00000-0000,Public       ,0,3,3,0,6,6
02271800,UNIV OF OXFORD - CAMPION HALL           ,FC,00000-0000,Public       ,0,1,1,0,4,4
02271900,UNIVERSITY OF OXFORD - BLACKFRIARS      ,FC,00000-0000,Public       ,1,2,3,1,4,5
02272100,UNIV OF OXFORD - GREYFRIARS             ,FC,00000-0000,Public       ,0,0,0,0,1,1
02272200,UNIV OF CAMBRIDGE - NEW HALL            ,FC,00000-0000,Public       ,0,1,1,0,3,3
02273600,QUEEN'S UNIV OF BELFAST (THE)           ,FC,00000-0000,Public       ,2,31,33,10,68,78
02273900,HERIOT WATT UNIVERSITY                  ,FC,00000-0000,Public       ,1,6,7,5,16,21
02276700,NYENRODE BUSINESS UNIVERSITEIT          ,FC,00000-0000,Private      ,0,0,0,0,1,1
02279700,UNIVERSITY OF MANCHESTER - INSTITUT     ,FC,00000-0000,Public       ,3,46,49,18,87,105
02293400,ECOLE DES HAUTES ETUDES COMERCIALS      ,FC,00000-0000,Public       ,0,18,18,1,31,32
02296300,UNIVERSITY OF CAMBRIDGE - JESUS COL     ,FC,00000-0000,Public       ,0,4,4,0,7,7
02310500,DE MONTFORT UNIVERSITY                  ,FC,00000-0000,Public       ,0,5,5,2,7,9
02320500,ROYAL NORTHERN COLLEGE OF MUSIC         ,FC,00000-0000,Public       ,0,2,2,0,5,5
02335100,UNIV OF CAMBRIDGE - TRINITY HALL        ,FC,00000-0000,Public       ,0,7,7,1,13,14
02338900,UNIVERSITY  FOR THE CREATIVE ARTS       ,FC,00000-0000,Public       ,1,2,3,1,4,5
02338903,KENT INSTITUTE OF ART & DESIGN          ,FC,00000-0000,Public       ,0,1,1,0,1,1
02347300,ESCUELA AUTONOMA DE CIENCIAS MEDICA     ,FC,00000-0000,Private      ,0,0,0,0,3,3
02351800,UNIVERSIDAD IBEROAMERICANA (UNIBE       ,FC,00000-0000,Private      ,63,422,485,103,846,949
02355200,ECOLE SUPERIEURE DE CUISINE FRANCAISE-FE,FC,00000-0000,Public       ,1,5,6,5,14,19
02363000,GSA CONSERVATOIRE                       ,FC,00000-0000,Private      ,1,2,3,5,2,7
02502600,PECSI ORVOSTUDOMANYI EGYETEM (PECS      ,FC,00000-0000,Public       ,1,3,4,1,8,9
02545700,GLASGOW SCHOOL OF ART                   ,FC,00000-0000,Public       ,4,10,14,11,33,44
02561600,SOUTHAMPTON SOLENT UNIVERSITY           ,FC,00000-0000,Public       ,2,1,3,2,1,3
02579600,MURDOCH UNIVERSITY                      ,FC,00000-0000,Public       ,4,18,22,8,41,49
02588000,UNIVERSITY OF ULSTER                    ,FC,00000-0000,Public       ,2,4,6,5,16,21
02591800,CURTIN UNIVERSITY OF TECHNOLOGY         ,FC,00000-0000,Public       ,1,6,7,1,12,13
02592300,MILLTOWN INST OF THEOLOGY & PHILOSO     ,FC,00000-0000,Private      ,0,2,2,0,4,4
02604300,AALBORG UNIVERSITY                      ,FC,00000-0000,Public       ,0,4,4,2,12,14
02611500,HELSINKI SCH OF ECONOMICS & BUS ADM     ,FC,00000-0000,Public       ,0,4,4,2,5,7
02611600,ECOL NATIONAL DES PONTS ET CHAUSSEE     ,FC,00000-0000,Public       ,0,2,2,0,5,5
02611700,DUBLIN CITY UNIVERSITY                  ,FC,00000-0000,Public       ,4,16,20,7,33,40
02622500,DENMARKS TEKNISKE UNIVERSITET           ,FC,00000-0000,Public       ,0,5,5,0,6,6
02623200,UNIVERSITY OF NEWCASTLE (THE)           ,FC,00000-0000,Public       ,6,3,9,9,13,22
03012700,UNIVERSITY OF BUCKINGHAM                ,FC,00000-0000,Private      ,0,7,7,3,11,14
03029400,KEELE UNIVERSITY                        ,FC,00000-0000,Public       ,0,2,2,2,2,4
03029500,NORTHUMBRIA UNIVERSITY                  ,FC,00000-0000,Public       ,3,12,15,4,26,30
03029800,NORGES HANDELSHOYSKOLE                  ,FC,00000-0000,Public       ,0,2,2,0,3,3
03033300,MANCHESTER METROPOLITAN UNIV            ,FC,00000-0000,Public       ,3,10,13,10,23,33
03045000,UNIVERSITY OF EAST LONDON               ,FC,00000-0000,Public       ,1,19,20,7,29,36
03050100,STUDIO ART CENTERS INTERNATIONAL        ,FC,00000-0000,Private      ,1,7,8,16,49,65
03066800,PONTIFICIO ATENEO DELLA SANTA CROCE     ,FC,00000-0000,Private      ,1,4,5,1,5,6
03067200,UNIVERSITY OF SYDNEY                    ,FC,00000-0000,Public       ,2,55,57,21,176,197
03073800,UNIV OF DEBRECEN MED & HEALTH SCI       ,FC,00000-0000,Public       ,2,7,9,4,11,15
03080300,SHEFFIELD HALLAM UNIVERSITY             ,FC,00000-0000,Public       ,0,3,3,3,9,12
03084300,UNIVERSITY OF LIMERICK                  ,FC,00000-0000,Public       ,8,12,20,19,28,47
03086900,AMERN GRAD SCHL OF BUS THE INST OF      ,FC,00000-0000,Private      ,0,2,2,0,2,2
03088700,ROYAL SCOTTISH ACAD MUSIC & DRAMA       ,FC,00000-0000,Public       ,3,5,8,17,16,33
03091400,UNIVERSITY OF WOLLONGONG                ,FC,00000-0000,Public       ,2,7,9,9,14,23
03091500,UNIVERSITY OF CANBERRA                  ,FC,00000-0000,Public       ,2,0,2,4,5,9
03091700,KAROL MARCINKOWSKI UNIV OF MED SCI      ,FC,00000-0000,Public       ,5,70,75,10,114,124
03092500,NOTTINGHAM TRENT UNIVERSITY             ,FC,00000-0000,Public       ,0,13,13,5,19,24
03095000,RMIT UNIVERSITY                         ,FC,00000-0000,Public       ,2,9,11,4,22,26
03095400,BOND UNIVERSITY                         ,FC,00000-0000,Private      ,14,18,32,29,51,80
03095900,ESSEC BUSINESS SCHOOL                   ,FC,00000-0000,Private      ,0,11,11,0,20,20
03096100,LA TROBE UNIVERSITY                     ,FC,00000-0000,Public       ,4,9,13,9,21,30
03096900,DEAKIN UNIVERSITY                       ,FC,00000-0000,Public       ,0,4,4,1,10,11
03097100,UNIVERSITY OF WESTERN SYDNEY            ,FC,00000-0000,Public       ,3,5,8,3,11,14
03097300,VICTORIA UNIVERSITY OF TECHNOLOGY       ,FC,00000-0000,Public       ,2,0,2,7,3,10
03097500,CENTRAL QUEENSLAND UNIVERSITY           ,FC,00000-0000,Public       ,1,0,1,2,4,6
03100000,UNIVERSITY OF ADELAIDE (THE)            ,FC,00000-0000,Public       ,0,7,7,3,18,21
03100200,INST DE MANAGEMENT HOTELIER INTERNA     ,FC,00000-0000,Private      ,0,1,1,0,2,2
03101600,ASIAN INSTITUTE OF MANAGEMENT           ,FC,00000-0000,Private      ,0,1,1,2,5,7
03102500,AMERICAN UNIVERSITY OF ROME             ,FC,00000-0000,Private      ,19,16,35,76,47,123
03102800,ROBERT GORDON UNIVERSITY (THE)          ,FC,00000-0000,Public       ,0,7,7,0,16,16
03104800,GRIFFITH UNIVERSITY                     ,FC,00000-0000,Public       ,6,16,22,20,31,51
03106100,ROSKILDE UNIV ROSKILDE UNIVERSITY C     ,FC,00000-0000,Public       ,0,0,0,0,1,1
03136300,AUSTRALIAN CATHOLIC UNIVERSITY          ,FC,00000-0000,Public       ,2,2,4,2,3,5
03140300,EDITH COWAN UNIVERSITY                  ,FC,00000-0000,Public       ,0,3,3,2,9,11
03140400,NORTHERN TERRITORY UNIVERSITY           ,FC,00000-0000,Public       ,0,0,0,0,1,1
03140500,QUEENSLAND UNIVERSITY OF TECHNOLOGY     ,FC,00000-0000,Public       ,4,7,11,6,20,26
03140600,SOUTHERN CROSS UNIVERSITY               ,FC,00000-0000,Public       ,3,5,8,4,11,15
03140700,SWINBURNE UNIVERSITY OF TECHNOLOGY      ,FC,00000-0000,Public       ,2,3,5,3,5,8
03140900,UNIVERSITY OF BALLARAT                  ,FC,00000-0000,Public       ,0,0,0,0,1,1
03150300,UNIVERSITY OF TASMANIA                  ,FC,00000-0000,Public       ,0,3,3,5,6,11
03274300,"KUNGLIGA TEKNISKA HOGSKOLAN, KTH        ",FC,00000-0000,Public       ,0,13,13,0,21,21
03287300,LIVERPOOL INSTITUTE FOR PERFORMING ARTS ,FC,00000-0000,Public       ,8,3,11,21,6,27
03300300,"2ND SCHOOL OF MEDICINE, CHARLES UNI     ",FC,00000-0000,Public       ,0,3,3,1,6,7
03300400,"FIRST FACULTY OF MEDICINE, CHARLES UNIV.",FC,00000-0000,Public       ,1,7,8,1,14,15
03329300,JOHN CABOT UNIVERSITY                   ,FC,00000-0000,Private      ,22,13,35,100,24,124
03332400,AGRICULTURE UNIVERSITY OF WROCLAW       ,FC,00000-0000,Public       ,0,0,0,0,2,2
03333300,MEDICAL UNIVERSITY SCHOOL OF LUBLIN     ,FC,00000-0000,Public       ,6,43,49,10,90,100
03334300,UNIVERSIDAD NORDESTANA                  ,FC,00000-0000,Private      ,1,17,18,1,30,31
03335300,MEDICAL UNIVERSITY OF SILESIA           ,FC,00000-0000,Public       ,0,22,22,4,50,54
03349400,"QUEEN MARGARET UNIVERSITY COLLEGE, EDINB",FC,00000-0000,Public       ,1,7,8,4,13,17
03350300,BOURNEMOUTH UNIVERSITY                  ,FC,00000-0000,Public       ,4,11,15,6,18,24
03352300,LONDON SOUTH BANK UNIVERSITY            ,FC,00000-0000,Private      ,2,18,20,5,33,38
03363300,THE ARTS EDUCATIONAL SCHOOLS LONDON     ,FC,00000-0000,Private      ,0,4,4,1,5,6
03364300,"FACULTY OF MEDICINE, PALACKY UNIVER     ",FC,00000-0000,Public       ,0,4,4,0,6,6
03365400,AUCKLAND INSTITUTE OF TECHNOLOGY        ,FC,00000-0000,Public       ,0,5,5,1,8,9
03366300,TROPICAL AGRICULTURE RESEARCH AND H     ,FC,00000-0000,Private      ,0,1,1,0,1,1
03377300,"UNIVERSITY OF WALES INSTITUTE, CARD     ",FC,00000-0000,Public       ,0,3,3,1,5,6
03378300,"THE 3RD FACULTY OF MEDICINE, CHARLE     ",FC,00000-0000,Public       ,0,0,0,0,1,1
03386300,CHARLES UNIVERSITY-MEDICAL FACULTY      ,FC,00000-0000,Public       ,0,4,4,0,6,6
03406300,"THE SCHOOL OF PHARMACY, UNIVERSITY      ",FC,00000-0000,Public       ,0,1,1,1,3,4
03418400,NAPIER UNIVERSITY                       ,FC,00000-0000,Public       ,1,15,16,5,23,28
03435300,ANGLIA POLYTECHNIC UNIVERSITY HIGHE     ,FC,00000-0000,Public       ,1,1,2,2,4,6
03460300,INTERNATIONALES THEOLOGISCHES INSTI     ,FC,00000-0000,Private      ,0,6,6,1,16,17
03462400,UNIV OF ARTS LONDON - LON COLL OF COMMUN,FC,00000-0000,Public       ,3,20,23,15,33,48
03466300,INSTITUTO CENTROAMERICANO DE ADMINI     ,FC,00000-0000,Private      ,0,4,4,0,8,8
03473300,UNIV OF ARTS LONDON - LON COLL FASHION  ,FC,00000-0000,Public       ,10,31,41,29,65,94
03475300,UNIV OF THE ARTS  LONDON - CHELSEA COLL ,FC,00000-0000,Public       ,1,6,7,6,13,19
03478300,ROYAL WELSH COLLEGE OF MUSIC AND DRAMA  ,FC,00000-0000,Public       ,0,2,2,1,7,8
03492400,UNIV OF CAMBRIDGE-ST CATHERINE'S CG     ,FC,00000-0000,Public       ,0,2,2,0,5,5
03494400,UNIV OF CAMBRIDGE-SELWYN COLLEGE        ,FC,00000-0000,Public       ,0,2,2,0,2,2
03494600,UNIV OF OXFORD-HARRIS MANCHESTER        ,FC,00000-0000,Public       ,0,3,3,0,7,7
03500300,WIMBLEDON COLLEGE OF ART                ,FC,00000-0000,Public       ,4,0,4,9,2,11
03501400,LEEDS METROPOLITAN UNIVERSITY           ,FC,00000-0000,Public       ,2,3,5,6,6,12
03507300,UNIVERSITY OF SUNDERLAND                ,FC,00000-0000,Public       ,1,5,6,2,8,10
03515300,UNIVERSITY OF CENTRAL LANCASHIRE        ,FC,00000-0000,Public       ,0,4,4,2,9,11
03517300,UNIVERSITY OF BRIGHTON                  ,FC,00000-0000,Public       ,0,13,13,5,22,27
03518300,EUROPEAN GRADUATE SCHOOL                ,FC,00000-0000,Private      ,0,20,20,0,62,62
03527300,SOFIA UNIVERSITY ST. KLIMENT OHRIDSKI   ,FC,00000-0000,Public       ,0,2,2,0,2,2
03533300,BATH SPA UNIVERSITY                     ,FC,00000-0000,Public       ,1,10,11,6,18,24
03547300,UNIVERSITY OF GLAMORGAN                 ,FC,00000-0000,Public       ,3,5,8,4,6,10
03580300,LIVERPOOL JOHN MOORES UNIVERSITY        ,FC,00000-0000,Public       ,3,2,5,9,7,16
03589400,THE ARTS INSTITUTE AT BOURNEMOUTH       ,FC,00000-0000,Public       ,2,0,2,3,1,4
03594300,GROUP ESC GRENOBLE GRAD SCH OF BUS.     ,FC,00000-0000,Private      ,0,17,17,1,27,28
03597300,JAGIELLONIAN UNIVERSITY                 ,FC,00000-0000,Public       ,1,9,10,2,23,25
03601300,UNIVERSITAT JAUME I DE CASTELLO/UJI     ,FC,00000-0000,Public       ,0,4,4,1,6,7
03603300,LEEDS COLLEGE OF MUSIC                  ,FC,00000-0000,Public       ,0,1,1,0,1,1
03619300,UNIVERSITY OF GREENWICH                 ,FC,00000-0000,Public       ,1,9,10,9,21,30
03653400,UNIVERSIDAD DE IBEROAMERICA - UNIBE     ,FC,00000-0000,Private      ,3,7,10,3,16,19
03674300,UNIVERSITY OF ABERTAY DUNDEE            ,FC,00000-0000,Public       ,2,2,4,3,5,8
03684400,UNIVERSITY OF LINCOLN                   ,FC,00000-0000,Public       ,0,3,3,0,9,9
03684500,MEDICAL UNIVERSITY OF GDANSK            ,FC,00000-0000,Public       ,0,5,5,2,15,17
03685300,UNIVERSITAT POMPEU FABRA                ,FC,00000-0000,Public       ,1,19,20,6,34,40
03716300,"UNIVERSITY OF WALES, NEWPORT            ",FC,00000-0000,Public       ,0,1,1,4,8,12
03721300,WRITTLE COLLEGE                         ,FC,00000-0000,Public       ,1,1,2,2,2,4
03727400,UNIVERSITY OF WAIKATO (THE)             ,FC,00000-0000,Public       ,0,3,3,4,6,10
03738300,LONDON SCHOOL OF THEOLOGY               ,FC,00000-0000,Private      ,0,3,3,0,5,5
03741300,ALRA (ACADEMY OF LIVE AND RECORDED ARTS),FC,00000-0000,Private      ,1,1,2,1,1,2
03770300,NAZARENE THEOLOGICAL COLLEGE            ,FC,00000-0000,Private      ,0,2,2,0,6,6
03794400,ANGLO EUROPEAN COLLEGE OF CHIROPRACTIC  ,FC,00000-0000,Private      ,0,0,0,0,2,2
03816400,AMERICAN GRAD SCH OF INTERNTL REL & DIPL,FC,00000-0000,Private      ,1,17,18,2,56,58
03818300,LEIPZIG GRADUATE SCHOOL OF MANAGEMENT   ,FC,00000-0000,Private      ,0,4,4,0,6,6
03824300,"ROYAL VETERINARY COLLEGE (THE), UNIVERSI",FC,00000-0000,Public       ,1,41,42,3,100,103
03850400,UNIVERSITY OF NOTRE DAME AUSTRALIA (THE),FC,00000-0000,Private      ,0,1,1,0,2,2
03850500,MEDICAL UNIVERSITY OF LODZ              ,FC,00000-0000,Public       ,0,22,22,2,40,42
03859400,UNIVERSITY COLLEGE FALMOUTH             ,FC,00000-0000,Public       ,4,2,6,4,5,9
03880300,UNIVERSITY OF GLOUCESTERSHIRE (THE)     ,FC,00000-0000,Public       ,4,2,6,4,2,6
03897400,INTERNATIONAL SPACE UNIVERSITY          ,FC,00000-0000,Private      ,0,4,4,0,5,5
03926400,NATIONAL COLLEGE OF ART AND DESIGN      ,FC,00000-0000,Public       ,0,1,1,0,2,2
03941301,AVE MARIA UNIVERSITY - LATIN AMERICA    ,FC,00000-0000,Private      ,71,19,90,128,30,158
03978300,SPURGEON'S COLLEGE                      ,FC,00000-0000,Private      ,0,0,0,1,0,1
03993400,TRINITY COLLEGE CARMARTHEN              ,FC,00000-0000,Public       ,0,0,0,0,2,2
04021400,"AMERICAN COLLEGE, DUBLIN LIMITED (THE)  ",FC,00000-0000,Private      ,1,2,3,4,3,7
04021500,CENTRAL EUROPEAN UNIVERSITY             ,FC,00000-0000,Private      ,1,17,18,3,47,50
04032300,YORK ST JOHN UNIVERSITY                 ,FC,00000-0000,Public       ,5,1,6,6,3,9
04046300,HK UNIVERSITY OF SCI & TECH (HKUST)     ,FC,00000-0000,Public       ,0,8,8,1,15,16
04070300,"RAPHAEL RECANATI INTERNATIONAL SCHOOL, T",FC,00000-0000,Private      ,21,14,35,42,24,66
04085400,NEW ZEALAND COLLEGE OF CHIROPRACTIC     ,FC,00000-0000,Private      ,0,1,1,0,1,1
04113300,LEBANESE AMERICAN UNIVERSITY            ,FC,00000-0000,Private      ,3,1,4,3,1,4
04115900,LIVERPOOL HOPE UNIVERSITY               ,FC,00000-0000,Public       ,0,1,1,0,1,1
04116300,EDHEC BUSINESS SCHOOL                   ,FC,00000-0000,Private      ,0,15,15,0,23,23
04128600,UNIVERSITY OF WORCESTER                 ,FC,00000-0000,Public       ,0,1,1,0,2,2
00380600,ALDERSON-BROADDUS COLLEGE               ,WV,26416-1051,Private      ,36,36,72,758,322,1080
00380700,MOUNTAIN STATE UNIVERSITY               ,WV,25801-5624,Private      ,210,1967,2177,968,4133,5101
00380800,BETHANY COLLEGE                         ,WV,26032-0417,Private      ,289,30,319,1331,83,1414
00380900,BLUEFIELD STATE COLLEGE                 ,WV,24701-2198,Public       ,140,388,528,1069,1213,2282
00381000,CONCORD UNIVERSITY                      ,WV,24712-0000,Public       ,200,166,366,2770,794,3564
00381100,DAVIS & ELKINS COLLEGE                  ,WV,26241-3996,Private      ,83,66,149,684,272,956
00381200,FAIRMONT STATE UNIVERSITY               ,WV,26554-2470,Public       ,494,787,1281,4389,2674,7063
00381300,GLENVILLE STATE COLLEGE                 ,WV,26351-1292,Public       ,130,99,229,1185,407,1592
00381500,MARSHALL UNIVERSITY                     ,WV,25755-3300,Public       ,885,1570,2455,7781,4745,12526
00381600,SOUTHERN WV COMMUNITY COLLEGE           ,WV,25637-2900,Public       ,195,373,568,849,789,1638
00381800,UNIVERSITY OF CHARLESTON                ,WV,25304-1099,Private      ,166,179,345,1332,674,2006
00381900,OHIO VALLEY COLLEGE                     ,WV,26105-8000,Private      ,98,47,145,383,132,515
00382000,SALEM INTERNATIONAL UNIVERSITY          ,WV,26426-0500,Proprietary  ,76,221,297,242,355,597
00382200,SHEPHERD UNIVERSITY                     ,WV,25443-3210,Public       ,392,250,642,3180,1083,4263
00382300,WEST LIBERTY STATE COLLEGE              ,WV,26074-0295,Public       ,311,162,473,2397,559,2956
00382600,WEST VIRGINIA STATE UNIVERSITY          ,WV,25112-0000,Public       ,408,609,1017,2310,1964,4274
00382700,WEST VIRGINIA UNIVERSITY                ,WV,26506-6201,Public       ,1706,1518,3224,21966,7408,29374
00382711,WEST VIRGINIA UNIVERSITY - POTOMAC STATE,WV,26726-3000,Public       ,164,86,250,1446,304,1750
00382721,WEST VIRGINIA UNIV INST OF TECH         ,WV,25136-2436,Public       ,85,72,157,787,273,1060
00382800,WEST VIRGINIA UNIV AT PARKERSBURG       ,WV,26101-9577,Public       ,224,717,941,1304,1892,3196
00383000,WEST VIRGINIA WESLEYAN COLLEGE          ,WV,26201-2600,Private      ,164,50,214,1656,178,1834
00383100,WHEELING JESUIT UNIVERSITY              ,WV,26003-6243,Private      ,202,194,396,1165,439,1604
00500700,WEST VIRGINIA JUNIOR COLLEGE            ,WV,26505-5596,Proprietary  ,18,41,59,93,145,238
00500800,MOUNTAIN STATE COLLEGE                  ,WV,26101-3993,Proprietary  ,5,55,60,29,181,210
00754400,APPALACHIAN BIBLE COLLEGE               ,WV,25818-1353,Private      ,74,22,96,231,65,296
00757800,HUNTINGTON SCHOOL OF BEAUTY CULTURE     ,WV,25705-2030,Proprietary  ,14,35,49,30,51,81
00760000,INTERNATIONAL BEAUTY SCHOOL             ,WV,25401-3231,Proprietary  ,9,35,44,15,43,58
00835500,JAMES RUMSEY TECHNICAL INSTITUTE        ,WV,25403-0259,Public       ,21,63,84,60,136,196
00895900,CLARKSBURG BEAUTY ACADEMY               ,WV,26301-2903,Proprietary  ,2,5,7,18,18,36
00904700,HUNTINGTON JUNIOR COLLEGE               ,WV,25701-2004,Proprietary  ,42,284,326,123,840,963
00905400,WEST VIRGINIA NORTHERN CMTY COLLEGE     ,WV,26003-0000,Public       ,189,687,876,789,1374,2163
01014000,MINERAL COUNTY VOCATIONAL TECH CTR      ,WV,26726-0000,Public       ,4,12,16,10,20,30
01035600,EVEREST INSTITUTE                       ,WV,25313-1304,Proprietary  ,50,217,267,97,317,414
01057300,WEST VIRGINIA JUNIOR COLLEGE            ,WV,25322-0000,Proprietary  ,25,71,96,111,238,349
01057302,WEST VIRGINIA JUNIOR COLLEGE            ,WV,26330-0000,Proprietary  ,17,54,71,101,170,271
01086100,WEST VIRGINIA BUSINESS COLLEGE          ,WV,26301-0000,Proprietary  ,6,92,98,16,124,140
01124500,WEST VIRGINIA SCH OSTEOPATHIC MED       ,WV,24901-1128,Public       ,1,209,210,6,831,837
01174900,WOOD COUNTY SCH OF PRAC NURSING         ,WV,26101-6424,Public       ,4,17,21,16,33,49
01235900,B M SPURR SCHOOL OF PRAC NURSING        ,WV,26038-1660,Private      ,4,7,11,8,17,25
01257300,WEST VIRGINIA UNIV-HOSP-RAD TECH        ,WV,26506-8062,Private      ,7,10,17,54,38,92
01274300,BENJAMIN FRANKLIN CAREER&TECH           ,WV,25064-0000,Public       ,20,49,69,45,80,125
01290400,MONONGALIA CNTY TECH ED CTR             ,WV,26501-6841,Public       ,10,40,50,40,103,143
01290500,ACADEMY OF CAREERS AND TECHNOLOGY       ,WV,25801-0000,Public       ,14,57,71,52,141,193
02057400,ROANE-JACKSON TECHNICAL CENTER          ,WV,25252-0000,Public       ,3,19,22,13,48,61
02068000,UNITED TECHNICAL CENTER                 ,WV,26301-0000,Public       ,2,27,29,29,63,92
02070100,BECKLEY BEAUTY ACADEMY                  ,WV,25801-0000,Proprietary  ,11,20,31,25,38,63
02073400,CARVER CAREER TECH ED CTR               ,WV,25306-6397,Public       ,26,80,106,99,172,271
02145100,SCOTT COLLEGE OF COSMETOLOGY            ,WV,26003-0000,Proprietary  ,12,13,25,22,20,42
02178200,CHARLESTON SCHOOL OF BEAUTY CULTURE     ,WV,25301-0000,Proprietary  ,3,25,28,18,40,58
02218200,GARNET CAREER CENTER                    ,WV,25301-0000,Public       ,24,95,119,59,176,235
02275300,CABELL COUNTY CAREER TECHNOLOGY CTR     ,WV,25705-0000,Public       ,19,57,76,47,91,138
02524500,RALPH R WILLIS VOCATIONAL CENTER        ,WV,25601-0000,Public       ,1,12,13,11,32,43
02534800,FRED W EBERLE TECHNICAL CENTER          ,WV,26201-0000,Public       ,5,23,28,22,61,83
02535500,MERCER COUNTY TECH EDUC CNTR            ,WV,24740-0000,Public       ,13,48,61,44,75,119
02579900,NORTH CENTRAL OPPORTUNITIES IND CTR     ,WV,26554-2936,Private      ,10,25,35,13,39,52
02609400,VALLEY COLLEGE                          ,WV,25404-5711,Proprietary  ,6,32,38,13,77,90
03052000,MEREDITH MANOR EQUESTRIAN CENTRE        ,WV,26184-9707,Proprietary  ,51,32,83,116,58,174
03076500,FAYETTE INSTITUTE OF TECHNOLOGY         ,WV,25901-2174,Public       ,1,14,15,6,26,32
03084200,VALLEY COLLEGE                          ,WV,24740-3141,Proprietary  ,0,20,20,3,30,33
03084400,VALLEY COLLEGE                          ,WV,25801-2643,Proprietary  ,5,28,33,11,50,61
03098300,PUTNAM CAREER & TECHNICAL CENTER        ,WV,25070-0000,Public       ,6,9,15,20,37,57
03099200,"MOUNTAINEER BEAUTY COLLEGE, INC         ",WV,25177-2917,Proprietary  ,8,25,33,16,35,51
03102100,MORGANTOWN BEAUTY COLLEGE               ,WV,26505-5430,Proprietary  ,8,21,29,35,45,80
03123200,STANLEY TECHNICAL INSTITUTE             ,WV,26505-3751,Private      ,0,17,17,1,32,33
03327500,SOUTH BRANCH VOCATIONAL TECH CENTER     ,WV,26847-1698,Public       ,0,3,3,0,5,5
03734300,JOHN D. ROCKEFELLER IV CAREER CENTER    ,WV,26047-9424,Public       ,2,10,12,8,12,20
03819300,AMERICAN PUBLIC UNIVERSITY SYSTEM       ,WV,25414-1621,Proprietary  ,108,3042,3150,183,5664,5847
03957300,BLUE RIDGE COMMUNITY AND TECHNICAL COLLE,WV,25401-3244,Public       ,115,290,405,408,730,1138
03960300,NEW RIVER COMMUNITY AND TECHNICAL COLLEG,WV,25801-2636,Public       ,132,478,610,674,1281,1955
04028300,MOUNTAIN STATE SCHOOL OF MASSAGE        ,WV,25304-2025,Proprietary  ,5,16,21,14,36,50
04038500,PIERPONT COMMUNITY & TECHNICAL COLLEGE  ,WV,26554-2451,Public       ,80,176,256,576,509,1085
04038600,WEST VIRGINIA STATE COMMUNITY AND TECHNI,WV,25112-1000,Public       ,78,291,369,415,875,1290
04041400,MARSHALL COMMUNITY AND TECHNICAL COLLEGE,WV,25755-3300,Public       ,143,329,472,679,850,1529
04047300,BRIDGEMONT COMMUNITY & TECHNICAL COLLEGE,WV,25136-2435,Public       ,43,62,105,503,217,720
00106100,ALASKA PACIFIC UNIVERSITY               ,AK,99508-4672,Private      ,144,202,346,506,405,911
00106300,UNIVERSITY OF ALASKA FAIRBANKS          ,AK,99775-7500,Public       ,586,821,1407,1984,1965,3949
00106500,UNIVERSITY OF ALASKA SOUTHEAST          ,AK,99801-8680,Public       ,124,315,439,418,760,1178
00884300,ALASKA BIBLE COLLEGE                    ,AK,99588-0000,Private      ,6,3,9,15,4,19
01146200,UNIVERSITY OF ALASKA ANCHORAGE          ,AK,99514-1608,Public       ,1538,2193,3731,3909,4865,8774
02541000,CAREER ACADEMY                          ,AK,99507-0000,Proprietary  ,17,138,155,36,217,253
02576900,CHARTER COLLEGE                         ,AK,99508-0000,Proprietary  ,121,672,793,146,993,1139
03160300,ALASKA VOCATIONAL TECHNICAL CENTER      ,AK,99664-0889,Public       ,54,79,133,104,146,250
03461300,ILISAGVIK COLLEGE                       ,AK,99723-0749,Public       ,5,11,16,6,21,27
04138600,ALASKA CHRISTIAN COLLEGE                ,AK,99669-9755,Private      ,8,4,12,16,8,24
00108500,UNIV ARKANSAS MONTICELLO                ,AR,71656-0000,Public       ,747,783,1530,1414,1285,2699
00108600,UNIV OF ARKANSAS AT PINE BLUFF          ,AR,71601-2790,Public       ,1412,759,2171,3343,1339,4682
00108700,ARKANSAS BAPTIST COLLEGE                ,AR,72202-6099,Private      ,290,338,628,425,525,950
00108800,LYON COLLEGE                            ,AR,72501-3699,Private      ,221,42,263,698,87,785
00108900,ARKANSAS TECH UNIVERSITY                ,AR,72801-2222,Public       ,1850,1584,3434,3903,2557,6460
00109000,ARKANSAS STATE UNIVERSITY               ,AR,72467-0000,Public       ,2677,3334,6011,5696,5710,11406
00109006,DELTA TECHNICAL INSTITUTE               ,AR,72365-9558,Public       ,9,28,37,20,44,64
00109100,ARKANSAS STATE UNIVERSITY - BEEBE       ,AR,72012-1000,Public       ,801,1010,1811,1398,1705,3103
00109200,UNIVERSITY OF CENTRAL ARKANSAS          ,AR,72035-0001,Public       ,2803,1817,4620,6039,3122,9161
00109300,CENTRAL BAPTIST COLLEGE                 ,AR,72034-6470,Private      ,149,142,291,287,220,507
00109400,UNIVERSITY OF THE OZARKS                ,AR,72830-2880,Private      ,195,36,231,521,95,616
00109500,CROWLEYS RIDGE COLLEGE                  ,AR,72450-9775,Private      ,52,19,71,106,35,141
00109700,HARDING UNIVERSITY                      ,AR,72149-0001,Private      ,1155,570,1725,2916,1051,3967
00109800,HENDERSON STATE UNIVERSITY              ,AR,71999-0001,Public       ,1252,703,1955,2480,1112,3592
00109900,HENDRIX COLLEGE                         ,AR,72032-3080,Private      ,127,29,156,1911,82,1993
00110000,JOHN BROWN UNIVERSITY                   ,AR,72761-2747,Private      ,256,387,643,1114,700,1814
00110100,UNIV ARKANSAS LITTLE ROCK               ,AR,72204-1099,Public       ,1549,3559,5108,3378,6830,10208
00110200,OUACHITA BAPTIST UNIVERSITY             ,AR,71998-0001,Private      ,494,56,550,1277,112,1389
00110300,PHILANDER SMITH COLLEGE                 ,AR,72202-3718,Private      ,254,252,506,670,466,1136
00110400,PHILLIPS COUNTY COMMUNITY COLLEGE       ,AR,72342-0000,Public       ,149,301,450,261,455,716
00110401,RICE BELT TECH INST                     ,AR,72042-0000,Public       ,5,2,7,7,6,13
00110600,WILLIAMS BAPTIST COLLEGE                ,AR,72476-4661,Private      ,176,77,253,477,149,626
00110700,SOUTHERN ARKANSAS UNIVERSITY            ,AR,71754-0000,Public       ,895,694,1589,1705,1118,2823
00110800,UNIV ARKANSAS FAYETTEVILLE              ,AR,72701-0000,Public       ,3053,2150,5203,8100,4106,12206
00110900,UNIV OF ARKANSAS FOR MEDCL SCIENCES     ,AR,72205-7102,Public       ,204,840,1044,373,1569,1942
00110901,UNIV OF ARKANSAS COLG OF MEDICINE       ,AR,72205-0000,Public       ,20,352,372,39,638,677
00111000,UNIVERSITY OF ARKANSAS-FORT SMITH       ,AR,72904-7397,Public       ,1351,1580,2931,2691,2774,5465
00524500,U OF A COMM COLLEGE AT MORRILTON        ,AR,72110-9601,Public       ,470,766,1236,791,1216,2007
00570700,SEARK COLLEGE                           ,AR,71603-0000,Public       ,265,806,1071,403,1125,1528
00573200,UNIV AR COMMUNITY COLLEGE AT HOPE       ,AR,71801-0000,Public       ,207,443,650,353,655,1008
00704400,CROWLEYS RIDGE TECHNICAL INSTITUTE      ,AR,72336-0000,Public       ,24,78,102,41,135,176
00773800,SOUTHERN ARKANSAS UNIVERSITY TECH       ,AR,71701-1900,Public       ,172,300,472,291,469,760
00792100,FAYETTEVILLE BEAUTY COLLEGE             ,AR,72701-0000,Proprietary  ,9,20,29,15,38,53
00997600,OUACHITA TECHNICAL COLLEGE              ,AR,72104-0816,Public       ,155,349,504,234,525,759
01074100,MELLIE'S BEAUTY COLLEGE                 ,AR,72901-3886,Proprietary  ,13,40,53,24,59,83
01210500,NATIONAL PARK COMMUNITY COLLEGE         ,AR,71913-9174,Public       ,420,942,1362,706,1511,2217
01226000,EAST ARKANSAS COMMUNITY COLLEGE         ,AR,72335-2204,Public       ,156,256,412,282,425,707
01226100,NORTH ARKANSAS COLLEGE                  ,AR,72601-5508,Public       ,371,677,1048,675,1187,1862
01286000,ARKANSAS NORTHEASTERN COLLEGE           ,AR,72316-1109,Public       ,252,549,801,505,914,1419
02052200,BLACK RIVER TECHNICAL COLLEGE           ,AR,72455-0000,Public       ,285,623,908,464,949,1413
02073500,UNIVERSITY OF ARKANSAS COMMUNITY COLLEGE,AR,72503-0000,Public       ,174,441,615,319,700,1019
02073502,UNIVERSITY OF ARKANSAS COMMUNITY COLLEGE,AR,72501-0000,Public       ,15,33,48,15,33,48
02073700,NORTHWEST TECHNICAL INSTITUTE           ,AR,72765-0000,Public       ,68,169,237,97,278,375
02074600,SOUTH ARKANSAS COMMUNITY COLLEGE        ,AR,71731-0000,Public       ,173,612,785,299,938,1237
02075300,PULASKI TECHNICAL COLLEGE               ,AR,72118-0000,Public       ,1344,4908,6252,1975,7500,9475
02087000,OZARKA COLLEGE                          ,AR,72556-0000,Public       ,107,385,492,178,573,751
02111100,RICH MOUNTAIN COMMUNITY COLLEGE         ,AR,71953-0000,Public       ,108,162,270,258,299,557
02202400,PROFESSIONAL COSMETOLOGY EDUC CTR       ,AR,71730-5828,Proprietary  ,8,24,32,11,34,45
02220900,COSSATOT COMMUNITY COLLEGE              ,AR,71832-0000,Public       ,179,408,587,322,618,940
02260400,BEE JAY'S HAIRSTYLING ACADEMY           ,AR,72212-0000,Proprietary  ,2,9,11,2,11,13
02260401,BEE JAY'S HAIRSTYLING ACADEMY - BATESVIL,AR,72501-6709,Proprietary  ,1,11,12,1,13,14
02272400,EASTERN COLLEGE OF HEALTH VOCATIONS     ,AR,72209-0000,Proprietary  ,56,234,290,78,375,453
02284200,NEW TYLER BARBER COLLEGE INC            ,AR,72114-0000,Proprietary  ,13,26,39,17,39,56
02287400,MARSHA KAY BEAUTY COLLEGE               ,AR,72653-0000,Proprietary  ,2,4,6,4,7,11
02321701,ITT TECHNICAL INSTITUTE                 ,AR,72204-9925,Proprietary  ,138,359,497,198,428,626
02330800,JEFFERSON SCHOOL OF NURSING             ,AR,71603-0000,Private      ,9,52,61,20,84,104
02339800,SOUTHERN INSTITUTE OF COSMETOLOGY       ,AR,72301-0000,Proprietary  ,0,4,4,1,11,12
02341700,CAREER ACADEMY OF HAIR DESIGN           ,AR,72764-4304,Proprietary  ,33,75,108,41,109,150
02341701,CAREER ACADEMY OF HAIR DESIGN - ROGERS  ,AR,72756-2102,Proprietary  ,2,14,16,2,14,16
02348200,MID-SOUTH COMMUNITY COLLEGE             ,AR,72301-0000,Public       ,175,541,716,423,939,1362
02363500,ARTHUR'S BEAUTY COLLEGE                 ,AR,72901-0000,Proprietary  ,5,16,21,7,24,31
02525800,LEE'S SCHOOL OF COSMETOLOGY             ,AR,72114-0000,Proprietary  ,5,17,22,8,25,33
02538500,ARTHUR'S BEAUTY COLLEGE                 ,AR,72076-0000,Proprietary  ,24,52,76,28,62,90
02569600,SEARCY BEAUTY COLLEGE                   ,AR,72143-0000,Proprietary  ,4,27,31,6,34,40
03005100,ARKANSAS BEAUTY SCHOOL                  ,AR,72209-5116,Proprietary  ,10,40,50,15,70,85
03007100,HOT SPRINGS BEAUTY COLLEGE              ,AR,71901-5432,Proprietary  ,15,32,47,19,34,53
03007600,ARKANSAS BEAUTY SCHOOL-CONWAY           ,AR,72032-4354,Proprietary  ,11,24,35,14,32,46
03023400,ARKANSAS COLLEGE OF BARBERING           ,AR,72114-5615,Proprietary  ,10,46,56,15,59,74
03063300,NORTHWEST ARKANSAS COMMUNITY COLLEG     ,AR,72712-5190,Public       ,1014,1691,2705,1588,2886,4474
03065100,ABC BEAUTY COLLEGE                      ,AR,71923-4206,Proprietary  ,0,13,13,6,15,21
03066302,BRYAN COLLEGE -                         ,AR,72756-1825,Proprietary  ,29,125,154,40,179,219
03105200,BAPTIST HEALTH SCHOOLS LITTLE ROCK      ,AR,72210-0000,Private      ,222,728,950,338,1209,1547
03116800,"DELUXE BEAUTY SCHOOL, L.L.C.            ",AR,71603-0000,Proprietary  ,1,9,10,2,15,17
03124900,IMAGINE -  PAUL MITCHELL PARTNER SCHOOL ,AR,72117-2516,Proprietary  ,49,49,98,66,74,140
03127200,ASKINS VO-TECH                          ,AR,72908-8028,Proprietary  ,2,21,23,5,33,38
03214300,VELVATEX COLLEGE OF BEAUTY CULTURE      ,AR,72202-5452,Proprietary  ,2,5,7,4,12,16
03254300,MARGARET'S HAIR ACADEMY                 ,AR,71655-4905,Proprietary  ,9,19,28,13,25,38
03519400,LYNNDALE FUNDAMENTALS OF BEAUTY SCH     ,AR,71730-4804,Proprietary  ,5,14,19,7,18,25
03855300,ECCLESIA COLLEGE                        ,AR,72762-8159,Private      ,35,5,40,56,8,64
03912300,CROSSETT SCHOOL OF COSMETOLOGY          ,AR,71635-0000,Proprietary  ,0,3,3,0,4,4
03997300,ARKANSAS BEAUTY COLLEGE                 ,AR,72801-3741,Proprietary  ,10,14,24,11,20,31
00133900,CORBAN COLLEGE                          ,OR,97301-9392,Private      ,117,148,265,1134,371,1505
00316505,CASCADE COLLEGE                         ,OR,97216-0000,Private      ,8,38,46,34,98,132
00318600,BLUE MOUNTAIN COMMUNITY COLLEGE         ,OR,97801-0000,Public       ,186,494,680,733,1236,1969
00318800,CENTRAL OREGON COMMUNITY COLLEGE        ,OR,97701-5998,Public       ,723,1588,2311,1859,3458,5317
00318900,CLATSOP COMMUNITY COLLEGE               ,OR,97103-3698,Public       ,84,186,270,288,468,756
00319100,CONCORDIA UNIVERSITY                    ,OR,97211-6099,Private      ,226,503,729,1123,1268,2391
00319300,EASTERN OREGON UNIVERSITY               ,OR,97850-2899,Public       ,319,693,1012,1814,2078,3892
00319400,GEORGE FOX UNIVERSITY                   ,OR,97132-2697,Private      ,293,556,849,2126,1333,3459
00319600,LANE COMMUNITY COLLEGE                  ,OR,97405-0640,Public       ,1271,2899,4170,4334,8452,12786
00319700,LEWIS & CLARK COLLEGE                   ,OR,97219-7899,Private      ,160,433,593,4363,3354,7717
00319800,LINFIELD COLLEGE                        ,OR,97128-6894,Private      ,187,168,355,2599,544,3143
00319801,LINFIELD COLLEGE - PORTLAND CAMPUS      ,OR,97210-0000,Private      ,15,111,126,269,652,921
00319900,MARYLHURST UNIVERSITY                   ,OR,97036-7036,Private      ,39,509,548,118,1263,1381
00320300,MOUNT ANGEL SEMINARY                    ,OR,97373-0505,Private      ,2,2,4,10,7,17
00320400,MOUNT HOOD COMMUNITY COLLEGE            ,OR,97030-3300,Public       ,866,1757,2623,2649,4378,7027
00320600,MULTNOMAH BIBLE COLLEGE/SEMINARY        ,OR,97220-5898,Private      ,129,158,287,433,470,903
00320700,PACIFIC NORTHWEST COLLEGE OF ART        ,OR,97209-3023,Private      ,124,132,256,607,441,1048
00320800,NORTHWEST CHRISTIAN UNIVERSITY          ,OR,97401-3727,Private      ,63,113,176,597,398,995
00320900,WESTERN OREGON UNIVERSITY               ,OR,97361-1394,Public       ,553,476,1029,5201,1921,7122
00321000,OREGON STATE UNIVERSITY                 ,OR,97331-8507,Public       ,2026,1935,3961,16495,7285,23780
00321100,OREGON INSTITUTE OF TECHNOLOGY          ,OR,97601-8801,Public       ,245,449,694,1919,1555,3474
00321200,PACIFIC UNIVERSITY                      ,OR,97116-1797,Private      ,191,408,599,2427,2551,4978
00321300,PORTLAND COMMUNITY COLLEGE              ,OR,97219-7198,Public       ,2411,6441,8852,7233,16339,23572
00321600,PORTLAND STATE UNIVERSITY               ,OR,97207-0000,Public       ,2196,4893,7089,10821,15250,26071
00321700,REED COLLEGE                            ,OR,97202-8199,Private      ,195,94,289,2644,331,2975
00321800,CHEMEKETA COMMUNITY COLLEGE             ,OR,97309-1500,Public       ,1173,3119,4292,3592,7422,11014
00321900,SOUTHERN OREGON UNIVERSITY              ,OR,97520-5010,Public       ,536,673,1209,3937,2283,6220
00322000,SOUTHWESTERN OREGON COMMUNITY CLG       ,OR,97420-2956,Public       ,360,435,795,1189,1060,2249
00322100,TREASURE VALLEY COMMUNITY COLLEGE       ,OR,97914-3423,Public       ,280,678,958,1029,1467,2496
00322200,UMPQUA COMMUNITY COLLEGE                ,OR,97470-0226,Public       ,271,898,1169,971,2328,3299
00322300,UNIVERSITY OF OREGON                    ,OR,97403-1226,Public       ,2057,1610,3667,18530,8393,26923
00322400,UNIVERSITY OF PORTLAND                  ,OR,97203-5798,Private      ,341,382,723,6868,1477,8345
00322500,WARNER PACIFIC COLLEGE                  ,OR,97215-4099,Private      ,169,418,587,682,880,1562
00322700,WILLAMETTE UNIVERSITY                   ,OR,97301-3930,Private      ,227,361,588,3907,1639,5546
00487800,CLACKAMAS COMMUNITY COLLEGE             ,OR,97045-7998,Public       ,664,1254,1918,2123,2879,5002
00488200,OREGON HEALTH & SCIENCE UNIVERSITY      ,OR,97239-0000,Public       ,52,526,578,377,2971,3348
00488230,OREGON GRAD INST OF SCIENCE & TECH      ,OR,97006-0000,Public       ,0,0,0,2,11,13
00693800,LINN BENTON COMMUNITY COLLEGE           ,OR,97321-3774,Public       ,731,1460,2191,2524,3324,5848
00717800,WESTERN SEMINARY                        ,OR,97215-0000,Private      ,1,101,102,5,190,195
00723402,HEALD COLLEGE - PORTLAND                ,OR,97205-3432,Proprietary  ,109,467,576,150,652,802
00781900,ART INSTITUTE OF PORTLAND (THE)         ,OR,97209-2911,Proprietary  ,449,481,930,1400,1294,2694
00888700,CONCORDE CAREER INSTITUTE               ,OR,97232-2242,Proprietary  ,94,350,444,142,565,707
00907900,EVEREST COLLEGE                         ,OR,97204-2296,Proprietary  ,99,453,552,149,607,756
00958100,SPRINGFIELD COLLEGE OF BEAUTY           ,OR,97477-5474,Proprietary  ,27,50,77,57,117,174
01012200,PHAGANS' MEDFORD BEAUTY SCHOOL          ,OR,97504-5297,Proprietary  ,10,48,58,21,62,83
01018200,ROGUE COMMUNITY COLLEGE                 ,OR,97527-0000,Public       ,471,1549,2020,1755,3754,5509
01050700,ACADEMY OF HAIR DESIGN                  ,OR,97301-3526,Proprietary  ,7,18,25,23,41,64
01185200,ITT TECHNICAL INSTITUTE                 ,OR,97220-0000,Proprietary  ,213,654,867,339,818,1157
01230900,WESTERN STATES CHIROPRACTIC COLLEGE     ,OR,97230-3099,Private      ,11,249,260,25,457,482
01234700,PHAGANS CENTRAL OREGON BEAUTY CLG       ,OR,97701-5175,Proprietary  ,15,81,96,43,129,172
01234800,PHAGANS BEAUTY COLLEGE                  ,OR,97333-4716,Proprietary  ,16,35,51,36,56,92
01235000,PHAGANS SCHOOL OF HAIR DESIGN           ,OR,97267-4808,Proprietary  ,11,39,50,24,62,86
01235100,PHAGANS SCHOOL OF BEAUTY                ,OR,97301-4732,Proprietary  ,15,45,60,28,66,94
01300800,PHAGANS TIGARD BEAUTY SCHOOL            ,OR,97223-0000,Proprietary  ,9,28,37,12,48,60
02101000,NORTHWEST COLLEGE OF HAIR DESIGN        ,OR,97086-7702,Proprietary  ,32,110,142,53,152,205
02101002,NORTHWEST COLLEGE                       ,OR,97007-3954,Proprietary  ,7,4,11,13,17,30
02104900,COLLEGE OF LEGAL ARTS                   ,OR,97219-9998,Proprietary  ,14,98,112,22,132,154
02106100,COLLEGE OF COSMETOLOGY                  ,OR,97601-0000,Proprietary  ,8,21,29,22,32,54
02154400,BEAU MONDE CLG OF HAIR DESIGN           ,OR,97205-0000,Proprietary  ,36,98,134,74,151,225
02159700,EUGENE BIBLE COLLEGE                    ,OR,97405-0000,Private      ,20,29,49,66,73,139
02201900,PHAGANS' SCHOOL OF HAIR DESIGN          ,OR,97232-0000,Proprietary  ,31,121,152,66,193,259
02239203,ALLIED COLLEGE - ANTHEM COLLEGE         ,OR,97005-0000,Proprietary  ,6,33,39,23,74,97
02330100,PIONEER PACIFIC COLLEGE                 ,OR,97070-0000,Proprietary  ,86,373,459,150,651,801
02330102,PIONEER PACIFIC COLLEGE                 ,OR,97403-0000,Proprietary  ,40,334,374,84,596,680
02337900,COLLEGE OF HAIR DESIGN CAREERS          ,OR,97301-0000,Proprietary  ,11,28,39,25,47,72
02344100,ROSEBURG BEAUTY COLLEGE                 ,OR,97470-0000,Proprietary  ,10,22,32,19,55,74
02534000,NATIONAL COLLEGE OF NATURAL MEDICINE    ,OR,97201-0000,Private      ,3,231,234,9,626,635
02578800,NORTHWEST NANNIES INSTITUTE             ,OR,97035-0000,Proprietary  ,13,4,17,23,6,29
02603700,OREGON COL OF ORIENTAL MEDICINE         ,OR,97216-0000,Private      ,2,137,139,4,293,297
02617506,EVEREST COLLEGE - EVEREST INSTITUTE     ,OR,97223-6581,Proprietary  ,23,95,118,35,122,157
03007300,OREGON COLLEGE OF ART & CRAFT           ,OR,97225-6399,Private      ,25,55,80,124,224,348
03022600,LE CORDON BLEU COLLEGE OF CULINARY ARTS ,OR,97205-2793,Proprietary  ,490,727,1217,1037,1390,2427
03042500,APOLLO COLLEGE                          ,OR,97232-1302,Proprietary  ,165,545,710,276,947,1223
03074400,PHAGANS NEWPORT ACAD CSMTLGY CAREER     ,OR,97365-4963,Proprietary  ,8,23,31,11,34,45
03074500,EAST-WEST COLLEGE OF THE HEALING ARTS   ,OR,97232-2765,Proprietary  ,36,134,170,62,249,311
03185300,PHAGANS GRANTS PASS COLLEGE OF BTY      ,OR,97527-3039,Proprietary  ,8,28,36,15,40,55
03428300,KLAMATH COMMUNITY COLLEGE               ,OR,97603-7121,Public       ,117,382,499,293,819,1112
03642300,VALLEY MEDICAL COLLEGE                  ,OR,97305-1373,Proprietary  ,12,100,112,31,147,178
03668300,BIRTHINGWAY COLLEGE OF MIDWIFERY        ,OR,97266-4042,Private      ,2,46,48,12,96,108
03783400,ABDILL CAREER COLLEGE                   ,OR,97504-7137,Proprietary  ,8,74,82,19,110,129
00137400,ALBERTUS MAGNUS COLLEGE                 ,CT,06511-1189,Private      ,80,312,392,802,737,1539
00137403,ALBERTUS MAGNUS CLG-NEW DIMENSIONS      ,CT,06511-0000,Private      ,13,211,224,39,425,464
00137800,CENTRAL CONNECTICUT STATE UNIV          ,CT,06050-2490,Public       ,1618,1372,2990,8707,3284,11991
00137900,CONNECTICUT COLLEGE                     ,CT,06320-4196,Private      ,313,28,341,2870,76,2946
00138000,WESTERN CONNECTICUT STATE UNIV          ,CT,06810-6826,Public       ,455,273,728,5220,1220,6440
00138500,FAIRFIELD UNIVERSITY                    ,CT,06430-0000,Private      ,223,269,492,6307,691,6998
00138700,HARTFORD SEMINARY                       ,CT,06105-0000,Private      ,2,10,12,7,22,29
00138900,HOLY APOSTLES COLLEGE & SEMINARY        ,CT,06416-2005,Private      ,4,14,18,9,29,38
00139200,MANCHESTER COMMUNITY COLLEGE            ,CT,06045-1046,Public       ,1073,1096,2169,2310,1924,4234
00139300,MITCHELL COLLEGE                        ,CT,06320-4498,Private      ,211,70,281,1042,176,1218
00139700,UNIVERSITY OF NEW HAVEN                 ,CT,06516-1999,Private      ,550,450,1000,6822,1392,8214
00139800,NORTHWESTERN CT COMMUNITY COLLEGE       ,CT,06098-1747,Public       ,166,200,366,381,375,756
00139900,NORWALK COMMUNITY TECHNICAL COLLEGE     ,CT,06854-1655,Public       ,694,912,1606,1244,1439,2683
00140100,POST UNIVERSITY                         ,CT,06723-3240,Proprietary  ,298,609,907,934,1083,2017
00140200,QUINNIPIAC UNIVERSITY                   ,CT,06518-1908,Private      ,615,424,1039,11643,1299,12942
00140201,QUINNIPIAC UNIVERSITY SCHOOL OF LAW     ,CT,06518-0000,Private      ,8,178,186,103,1249,1352
00140300,SACRED HEART UNIVERSITY                 ,CT,06825-1000,Private      ,887,464,1351,6747,1117,7864
00140600,SOUTHERN CONNECTICUT STATE UNIV         ,CT,06515-1355,Public       ,1035,1152,2187,8749,3951,12700
00140900,SAINT JOSEPH COLLEGE                    ,CT,06117-2791,Private      ,167,348,515,1116,775,1891
00141400,TRINITY COLLEGE                         ,CT,06106-3100,Private      ,146,63,209,2662,200,2862
00141600,UNIVERSITY OF BRIDGEPORT                ,CT,06601-5650,Private      ,544,824,1368,3161,1976,5137
00141700,UNIVERSITY OF CONNECTICUT-STORRS        ,CT,06269-2151,Public       ,1481,1027,2508,24887,4807,29694
00141702,UNIV CONN STAMFORD                      ,CT,06901-0000,Public       ,67,84,151,367,203,570
00141703,UNIV OF CONNECTICUT - TORINGTON         ,CT,06790-0000,Public       ,16,11,27,164,39,203
00141706,UNIV OF CONNECTICUT SCH LAW             ,CT,06105-0000,Public       ,1,214,215,27,1297,1324
00141707,UNIV OF CT - SCH OF SOCIAL WORK         ,CT,06117-0000,Public       ,11,82,93,72,420,492
00141708,UNIVERSITY OF CONNECTICUT - SCHOOL OF ME,CT,06030-1920,Public       ,2,170,172,21,498,519
00141709,UNIVERSITY OF CONNECTICUT - SCHOOL OF DE,CT,06030-1920,Public       ,3,90,93,6,205,211
00142200,UNIVERSITY OF HARTFORD                  ,CT,06117-1599,Private      ,677,416,1093,9034,1442,10476
00142400,WESLEYAN UNIVERSITY                     ,CT,06459-3208,Private      ,595,55,650,5399,169,5568
00142500,EASTERN CONNECTICUT STATE UNIV          ,CT,06226-2295,Public       ,568,299,867,5051,983,6034
00142600,YALE UNIVERSITY                         ,CT,06520-8288,Private      ,1073,866,1939,15679,7270,22949
00142601,YALE UNIV PHYSICIANS ASSOC PROG         ,CT,06510-0000,Private      ,2,50,52,7,101,108
00142602,YALE UNIV EPIDEMIOLOGY & PUB HLTH       ,CT,06510-0000,Private      ,0,0,0,0,11,11
00142603,YALE UNIV SCHOOL MEDICINE               ,CT,06510-0000,Private      ,9,200,209,39,846,885
00280301,RENSSELAER POLYTECHNIC INSTITUTE-RENSSEL,CT,06120-2991,Private      ,0,37,37,12,51,63
00451300,HOUSATONIC COMMUNITY COLLEGE            ,CT,06604-4704,Public       ,904,1405,2309,1703,2323,4026
00618100,BRIDGEPORT HOSP SCHL OF NURSING         ,CT,06610-2896,Private      ,29,107,136,81,259,340
00619100,ST. VINCENT'S COLLEGE                   ,CT,06606-9966,Private      ,79,223,302,213,402,615
00698200,NAUGATUCK VALLEY COMM-TECH COLG         ,CT,06708-3089,Public       ,824,956,1780,1776,1773,3549
00730000,ELI WHITNEY TECHNICAL HIGH SCHOOL       ,CT,06514-0000,Public       ,5,28,33,14,46,60
00730300,LINCOLN TECHNICAL INSTITUTE             ,CT,06051-0000,Proprietary  ,273,660,933,483,975,1458
00730500,PORTER AND CHESTER INSTITUTE OF BRANFORD,CT,06405-4022,Proprietary  ,131,159,290,161,198,359
00731100,WINDHAM TECHNICAL HIGH SCHOOL           ,CT,06226-2100,Public       ,3,14,17,5,23,28
00745900,PAIER COLLEGE OF ART                    ,CT,06514-3902,Proprietary  ,45,31,76,137,50,187
00763500,CAPITAL COMMUNITY COLLEGE               ,CT,06103-1207,Public       ,584,1595,2179,1156,2623,3779
00803700,GATEWAY COMMUNITY-TECHNICAL COLLEGE     ,CT,06511-0000,Public       ,778,1358,2136,1702,2409,4111
00803800,MIDDLESEX COMMUNITY CLG                 ,CT,06457-4889,Public       ,305,412,717,678,771,1449
00887200,RENASCI ACADEMY OF HAIR                 ,CT,06460-4160,Proprietary  ,1,7,8,2,12,14
00887300,PAUL MITCHELL THE SCHOOL                ,CT,06810-6716,Proprietary  ,18,19,37,31,23,54
00887400,BRIO ACADEMY OF COSMETOLOGY             ,CT,06450-4836,Proprietary  ,27,64,91,31,71,102
00887403,BRIO ACADEMY OF COSMETOLOGY - WILLIMANTI,CT,06226-1940,Proprietary  ,2,4,6,3,7,10
00906500,THE HARTFORD CONSERVATORY               ,CT,06105-2891,Private      ,11,7,18,38,11,49
00927700,E C GOODWIN TECHNICAL HIGH SCHOOL       ,CT,06053-0000,Public       ,10,17,27,18,34,52
00929100,J M WRIGHT TECHNICAL HIGH SCHOOL        ,CT,06904-0000,Public       ,5,8,13,6,13,19
00940700,BRIARWOOD COLLEGE                       ,CT,06489-1057,Proprietary  ,215,256,471,525,398,923
00976400,TUNXIS COMMUNITY COLLEGE                ,CT,06032-3187,Public       ,522,663,1185,1092,1174,2266
00976500,THREE RIVERS COMMUNITY TECH COLLEGE     ,CT,06360-0000,Public       ,451,755,1206,979,1345,2324
00982200,ALBERT I PRINCE TECHNICAL HIGH SCHOOL   ,CT,06106-3799,Public       ,1,13,14,5,28,33
01041700,BRIO ACADEMY OF EAST HARTFORD           ,CT,06108-2220,Proprietary  ,14,49,63,19,57,76
01053000,QUINEBAUG VALLEY COMMUNITY COLLEGE      ,CT,06239-1440,Public       ,280,407,687,502,746,1248
01077900,PORTER AND CHESTER INSTITUTE-ALLCAMPUSES,CT,06615-7158,Proprietary  ,278,686,964,381,883,1264
01115000,ASNUNTUCK COMMUNITY COLLEGE             ,CT,06082-3800,Public       ,128,221,349,283,412,695
01149600,BULLARD HAVENS VOC TECH SCHOOL          ,CT,06610-3499,Public       ,5,23,28,10,39,49
01169700,VINAL REGIONAL VOC TECH SCHOOL          ,CT,06457-4918,Public       ,2,17,19,7,24,31
01184300,NORWICH TECHNICAL HIGH SCHOOL           ,CT,06360-7097,Public       ,2,13,15,9,19,28
01218500,H C WILCOX TECHNICAL HIGH SCHOOL        ,CT,06450-0000,Public       ,0,1,1,1,1,2
01242500,STONE ACADEMY                           ,CT,06514-4125,Proprietary  ,72,477,549,105,643,748
01242503,STONE ACADEMY -WATERBURY                ,CT,06705-3823,Proprietary  ,2,15,17,10,29,39
01242504,STONE ACADEMY -  EAST HARTFORD          ,CT,06118-0000,Proprietary  ,8,46,54,9,57,66
01287700,GIBBS COLLEGE                           ,CT,06855-1436,Proprietary  ,20,41,61,39,99,138
01291300,LEON INSTITUTE OF HAIR DESIGN           ,CT,06604-4226,Proprietary  ,2,20,22,6,35,41
01326400,HENRY ABBOTT TECHNICAL HIGH SCHOOL      ,CT,06811-4881,Public       ,3,15,18,5,22,27
02058900,HARVARD H ELLIS TECHNICAL HIGH SCHOOL   ,CT,06239-0000,Public       ,0,1,1,8,5,13
02074000,BRANFORD HALL CAREER INSTITUTE          ,CT,06405-0000,Proprietary  ,322,1641,1963,406,2033,2439
02106600,FOX INSTITUTE OF BUSINESS               ,CT,06110-0000,Proprietary  ,25,114,139,30,129,159
02112300,RIDLEY LOWELL BUSINESS & TECH INST      ,CT,06320-0000,Proprietary  ,8,155,163,14,173,187
02112700,NORTH HAVEN ACADEMY                     ,CT,06473-3108,Proprietary  ,44,33,77,95,57,152
02115100,BUTLER BUSINESS SCHOOL                  ,CT,06604-0000,Proprietary  ,20,136,156,24,143,167
02148700,CONNECTICUT INST OF HAIR DESIGN         ,CT,06716-0000,Proprietary  ,9,14,23,15,21,36
02202500,NEW ENGLAND TRACTOR TRAILER SCH         ,CT,06071-2036,Proprietary  ,14,251,265,14,261,275
02213000,ELLA T GRASSO SOUTHEASTERN TECHNICAL HIG,CT,06340-0000,Public       ,0,3,3,4,3,7
02228800,LINCOLN TECHNICAL INSTITUTE - EAST WINDS,CT,06088-9631,Proprietary  ,322,229,551,617,332,949
02244900,GOODWIN COLLEGE                         ,CT,06118-9980,Private      ,160,630,790,451,1733,2184
02245300,HOWELL CHENEY TECHNICAL HIGH SCHOOL     ,CT,06040-0000,Public       ,4,18,22,8,20,28
02265900,WINDHAM COMMUNITY MEM HOSP-RAD TECH     ,CT,06226-0000,Private      ,5,3,8,10,9,19
02296100,YALE-NEW HAVEN HOSP DIETETIC INTERN     ,CT,06510-8900,Private      ,0,2,2,6,9,15
02300000,W F KAYNOR TECHNICAL HIGH SCHOOL        ,CT,06708-0000,Public       ,1,21,22,4,32,36
02316600,CONNECTICUT CTR FOR MASSAGE THERAPY     ,CT,06111-3975,Proprietary  ,30,135,165,48,186,234
02316601,CONNECTICUT CENTER FOR MASSAGE THERAPY -,CT,06880-4619,Proprietary  ,15,74,89,18,99,117
02316603,CONNECTICUT CENTER FOR MASSAGE THERAPY -,CT,06340-4619,Proprietary  ,16,55,71,22,88,110
02562400,EMMETT O BRIEN REG VOC TECH SCHOOL      ,CT,06401-2500,Public       ,0,2,2,0,4,4
02565000,PLATT TECHNICAL HIGH SCHOOL             ,CT,06460-2105,Public       ,2,10,12,5,13,18
03079400,LYME ACADEMY COLLEGE OF FINE ARTS       ,CT,06371-2333,Private      ,21,13,34,67,27,94
03094800,INDUSTRIAL MANAGEMENT & TRAINING        ,CT,06706-1211,Proprietary  ,10,62,72,18,87,105
03231400,OLIVER WOLCOTT TECHNICAL HIGH SCHOOL    ,CT,06790-3859,Public       ,0,0,0,1,2,3
03234300,CHARTER OAK STATE COLLEGE               ,CT,06053-2150,Public       ,26,392,418,46,665,711
03316300,LINCOLN TECHNICAL INSTITUTE - HARTFORD  ,CT,06105-3630,Proprietary  ,162,157,319,366,254,620
03381300,CONNECTICUT TRAINING CENTER             ,CT,06108-2705,Private      ,14,68,82,15,73,88
03927300,ALBERT SCHOOL (THE)                     ,CT,06357-2447,Proprietary  ,8,18,26,10,20,30
04053300,CLEMENS COLLEGE                         ,CT,06078-0000,Proprietary  ,33,6,39,92,15,107
04104300,ACADEMY DI CAPELLI - SCHOOL OF COSMETOLO,CT,06492-0000,Proprietary  ,6,18,24,10,26,36
04128800,BRANFORD ACADEMY OF HAIR & COSMETOLOGY  ,CT,06405-0000,Proprietary  ,8,10,18,12,14,26
00146600,BARRY UNIVERSITY                        ,FL,33161-6695,Private      ,1313,2955,4268,4274,6143,10417
00146601,BARRY UNIVERSITY SCHOOL OF LAW          ,FL,32807-0000,Private      ,18,492,510,53,1262,1315
00146700,BETHUNE COOKMAN UNIVERSITY              ,FL,32114-3099,Private      ,1974,482,2456,6435,1236,7671
00146800,ST THOMAS UNIVERSITY                    ,FL,33054-0000,Private      ,415,805,1220,1095,1945,3040
00146900,FLORIDA INSTITUTE OF TECHNOLOGY         ,FL,32901-6988,Private      ,546,2518,3064,2949,3928,6877
00147000,BREVARD COMMUNITY COLLEGE               ,FL,32922-6503,Public       ,1903,2866,4769,3180,4795,7975
00147100,CENTRAL FLORIDA COMMUNITY COLLEGE       ,FL,34478-1388,Public       ,1673,2470,4143,3019,4335,7354
00147200,CHIPOLA  COLLEGE                        ,FL,32446-2053,Public       ,425,421,846,663,722,1385
00147300,CLEARWATER CHRISTIAN COLLEGE            ,FL,33759-0000,Private      ,201,33,234,701,86,787
00147500,DAYTONA STATE COLLEGE                   ,FL,32114-2800,Public       ,2472,4171,6643,4217,7079,11296
00147700,EDISON COLLEGE                          ,FL,33906-6210,Public       ,2712,3645,6357,4713,5964,10677
00147800,EDWARD WATERS COLLEGE                   ,FL,32209-6199,Private      ,434,233,667,994,462,1456
00147900,EMBRY-RIDDLE AERONAUTICAL UNIV          ,FL,32114-3900,Private      ,1219,1677,2896,5984,3291,9275
00148000,FLORIDA A & M UNIVERSITY                ,FL,32307-3100,Public       ,3897,2257,6154,14068,6118,20186
00148100,FLORIDA ATLANTIC UNIVERSITY             ,FL,33431-6498,Public       ,4064,4135,8199,13773,9450,23223
00148101,FLORIDA ATLANTIC UNIVERSITY/DAVIE       ,FL,33314-0000,Public       ,289,770,1059,793,1801,2594
00148103,FLORIDA ATLANTIC UNIV-JUPITER/PSL       ,FL,33458-0000,Public       ,98,188,286,380,414,794
00148200,FLORIDA COLLEGE                         ,FL,33617-5578,Private      ,149,16,165,316,30,346
00148400,FLORIDA STATE COLLEGE AT JACKSONVILLE   ,FL,32202-4030,Public       ,4012,7317,11329,7019,13213,20232
00148500,FLORIDA KEYS COMMUNITY COLLEGE          ,FL,33040-4397,Public       ,137,272,409,247,440,687
00148600,FLORIDA MEMORIAL UNIVERSITY             ,FL,33054-6199,Private      ,951,485,1436,2125,933,3058
00148700,ECKERD COLLEGE                          ,FL,33711-4744,Private      ,427,288,715,2474,578,3052
00148800,FLORIDA SOUTHERN COLLEGE                ,FL,33801-5698,Private      ,591,298,889,2430,568,2998
00148900,FLORIDA STATE UNIVERSITY                ,FL,32306-2430,Public       ,6788,4159,10947,27314,12822,40136
00149000,GULF COAST COMMUNITY COLLEGE            ,FL,32401-1058,Public       ,784,1332,2116,1353,2363,3716
00149300,INDIAN RIVER STATE COLLEGE              ,FL,34981-5596,Public       ,1894,2769,4663,3420,4932,8352
00149500,JACKSONVILLE UNIVERSITY                 ,FL,32211-3394,Private      ,861,1008,1869,3666,2066,5732
00149700,JONES COLLEGE                           ,FL,32211-5588,Private      ,37,301,338,61,593,654
00149900,EVEREST UNIVERSITY                      ,FL,32810-5601,Proprietary  ,211,1236,1447,285,1747,2032
00149901,EVEREST UNIVERSITY - ORLANDO SOUTH      ,FL,32819-7666,Proprietary  ,407,2871,3278,565,4376,4941
00149902,EVEREST UNIVERSITY - MELBOURNE          ,FL,32905-6609,Proprietary  ,114,931,1045,147,1256,1403
00150000,BROWARD COLLEGE- DOWNTOWN CTR           ,FL,33301-2208,Public       ,2109,3618,5727,3488,6070,9558
00150001,BROWARD COLLEGE - DAVIE CAMPUS          ,FL,33314-0000,Public       ,2434,2220,4654,4391,3898,8289
00150002,BROWARD COLLEGE- NORTH CAMPUS           ,FL,33066-0000,Public       ,1479,1588,3067,2669,2777,5446
00150003,BROWARD COLLEGE- SOUTH CAMPUS           ,FL,33024-0000,Public       ,1639,1612,3251,2853,2860,5713
00150100,LAKE CITY COMMUNITY COLLEGE             ,FL,32025-2007,Public       ,389,844,1233,676,1425,2101
00150200,LAKE SUMTER COMMUNITY COLLEGE           ,FL,34788-8751,Public       ,750,999,1749,1367,1755,3122
00150400,MANATEE COMMUNITY COLLEGE               ,FL,34207-3596,Public       ,1927,2942,4869,3508,5073,8581
00150500,LYNN UNIVERSITY                         ,FL,33431-5598,Private      ,361,220,581,1306,434,1740
00150600,MIAMI DADE COLLEGE ADMINISTRATION ONLY  ,FL,33176-3393,Public       ,274,247,521,530,481,1011
00150601,MIAMI DADE COLLEGE - NORTH CAMPUS       ,FL,33167-3495,Public       ,3787,4212,7999,7148,8163,15311
00150602,MIAMI DADE COLLEGE - KENDALL CAMPUS     ,FL,33176-3393,Public       ,5660,4222,9882,10154,7495,17649
00150603,MIAMI DADE COLLEGE - WOLFSON CAMPUS     ,FL,33132-2297,Public       ,2190,2351,4541,4394,4443,8837
00150604,MIAMI DADE COLLEGE - MEDICAL CAMPUS     ,FL,33127-4693,Public       ,503,1533,2036,1100,2875,3975
00150605,MIAMI DADE COLLEGE - HOMESTEAD CAMPUS   ,FL,33030-6009,Public       ,577,750,1327,1079,1310,2389
00150606,MIAMI DADE COLLEGE -INTERAMERICAN CAMPUS,FL,33135-0000,Public       ,994,1810,2804,1909,3408,5317
00150607,MIAMI DADE COLLEGE - HIALEAH CAMPUS     ,FL,33012-2918,Public       ,818,1036,1854,1417,1719,3136
00150800,NORTH FLORIDA COMMUNITY COLLEGE         ,FL,32340-1699,Public       ,134,263,397,279,471,750
00150900,NOVA SOUTHEASTERN UNIVERSITY            ,FL,33314-7796,Private      ,1519,10999,12518,4365,24253,28618
00151000,NORTHWEST FLORIDA STATE COLLEGE         ,FL,32578-1295,Public       ,640,1293,1933,1341,2552,3893
00151200,PALM BEACH COMMUNITY COLLEGE            ,FL,33461-4796,Public       ,4280,4523,8803,7110,7494,14604
00151300,PENSACOLA JR COLLEGE                    ,FL,32504-8998,Public       ,1559,2626,4185,2737,4645,7382
00151400,POLK STATE COLLEGE                      ,FL,33881-4299,Public       ,1504,2095,3599,2594,3679,6273
00151500,ROLLINS COLLEGE                         ,FL,32789-4499,Private      ,523,449,972,2174,883,3057
00151900,SANTA FE COLLEGE                        ,FL,32606-6200,Public       ,2861,2347,5208,6054,4791,10845
00152000,SEMINOLE COMMUNITY COLLEGE              ,FL,32773-6199,Public       ,2401,3694,6095,4171,6299,10470
00152100,SOUTHEASTERN UNIVERSITY                 ,FL,33801-6099,Private      ,957,435,1392,2338,833,3171
00152200,SOUTH FLORIDA COMMUNITY COLLEGE         ,FL,33825-9399,Public       ,504,721,1225,880,1174,2054
00152300,ST JOHNS RIVER COMMUNITY COLLEGE        ,FL,32177-3897,Public       ,746,1144,1890,1317,2130,3447
00152600,SAINT LEO UNIVERSITY                    ,FL,33574-6665,Private      ,790,4003,4793,2525,7921,10446
00152800,ST. PETERSBURG COLLEGE                  ,FL,33760-3768,Public       ,2865,6018,8883,4877,10663,15540
00153100,STETSON UNIVERSITY                      ,FL,32723-3761,Private      ,397,241,638,2786,659,3445
00153101,STETSON UNIVERSITY - COLLEGE OF LAW     ,FL,33707-3299,Private      ,12,624,636,31,1864,1895
00153300,TALLAHASSEE COMMUNITY COLLEGE           ,FL,32304-2895,Public       ,3006,2639,5645,6112,5232,11344
00153400,EVEREST UNIVERSITY                      ,FL,33614-5801,Proprietary  ,236,2075,2311,340,3564,3904
00153408,EVEREST UNIVERSITY - TAMPA BRANDON CAMPU,FL,33619-1354,Proprietary  ,470,5642,6112,628,8488,9116
00153409,EVEREST UNIVERSITY - ORANGE PARK        ,FL,32073-1111,Proprietary  ,116,742,858,146,1008,1154
00153500,UNIVERSITY OF FLORIDA                   ,FL,32611-3150,Public       ,5852,4754,10606,28183,14924,43107
00153600,UNIVERSITY OF MIAMI                     ,FL,33146-6531,Private      ,1573,1361,2934,13984,4633,18617
00153601,UNIV OF MIAMI SCHOOL OF LAW             ,FL,33124-0000,Private      ,18,402,420,63,1885,1948
00153602,UNIV OF MIAMI-SCH OF MEDICINE           ,FL,33136-0000,Private      ,100,467,567,533,1153,1686
00153700,UNIVERSITY OF SOUTH FLORIDA             ,FL,33620-6960,Public       ,6090,6558,12648,25309,16926,42235
00153701,UNIV OF SOUTH FLORIDA-ST PETERSBURG     ,FL,33701-0000,Public       ,203,258,461,643,592,1235
00153702,UNIV OF SOUTH FLORIDA-SARASOTA          ,FL,34243-0000,Public       ,86,219,305,216,544,760
00153705,UNIV OF SOUTH FLORIDA                   ,FL,33803-0000,Public       ,146,199,345,550,444,994
00153706,UNIV OF SOUTH FLORIDA- MEDICINE         ,FL,33612-0000,Public       ,170,234,404,734,1036,1770
00153800,UNIVERSITY OF TAMPA                     ,FL,33606-1490,Private      ,1621,759,2380,7124,1647,8771
00154000,WEBBER INTERNATIONAL UNIVERSITY         ,FL,33827-0096,Private      ,318,104,422,707,174,881
00173308,NATIONAL-LOUIS UNIVERSITY               ,FL,33609-0000,Private      ,0,16,16,2,30,32
00177201,TRINITY INTERNATIONAL UNIVERSITY - SOUTH,FL,33324-4611,Private      ,14,168,182,28,236,264
00395400,UNIV OF CENTRAL FLORIDA                 ,FL,32816-0001,Public       ,10401,6675,17076,37137,16006,53143
00395500,UNIVERSITY OF WEST FLORIDA              ,FL,32514-5750,Public       ,1784,1840,3624,4953,3974,8927
00407215,NORTHWOOD UNIVERSITY                    ,FL,33409-0000,Private      ,148,70,218,474,169,643
00558500,LIVELY TECHNICAL CENTER                 ,FL,32304-0000,Public       ,134,481,615,225,843,1068
00558501,LIVELY TECHNICAL CENTER - AVIATION SCHOO,FL,32304-8723,Public       ,8,20,28,17,40,57
00558600,LINDSEY HOPKINS TECHNICAL ED CENTER     ,FL,33127-4692,Public       ,91,291,382,144,460,604
00559400,D G ERWIN TECHNICAL CENTER              ,FL,33610-8255,Public       ,221,779,1000,340,1312,1652
00560500,PINELLAS TECH ED CTR-CLEARWATER         ,FL,33760-2194,Public       ,119,399,518,170,584,754
00560700,SARASOTA COUNTY TECHNICAL INSTITUTE     ,FL,34233-0000,Public       ,91,275,366,145,470,615
00560800,TRAVISS TECHNICAL CENTER                ,FL,33803-0000,Public       ,105,329,434,167,592,759
00561200,MANATEE TECHNICAL INSTITUTE             ,FL,34210-0000,Public       ,105,362,467,145,580,725
00561201,MANATEE TECHNICAL INSTITUTE-EAST        ,FL,34211-0000,Public       ,71,289,360,110,473,583
00675000,VALENCIA COMMUNITY COLLEGE              ,FL,32802-3028,Public       ,8435,7269,15704,15647,13247,28894
00752500,SUWANNEE-HAMILTON AREA VOC TECH CTR     ,FL,32060-0000,Public       ,25,79,104,34,126,160
00752600,WASHINGTON HOLMES TECHNICAL CENTER      ,FL,32428-1699,Public       ,49,203,252,61,251,312
00755800,LEE COUNTY HIGH TECH CENTER CENTRAL     ,FL,33916-2299,Public       ,126,369,495,180,558,738
00758600,REMINGTON COLLEGE - TAMPA CAMPUS        ,FL,33612-8410,Proprietary  ,80,249,329,105,315,420
00758604,REMINGTON COLLEGE-LARGO CAMPUS          ,FL,33771-0000,Proprietary  ,1,17,18,2,36,38
00787000,HILLSBOROUGH COMMUNITY COLLEGE          ,FL,33606-3572,Public       ,5098,6382,11480,9010,11155,20165
00789300,FLAGLER COLLEGE                         ,FL,32085-1027,Private      ,876,166,1042,2833,355,3188
00789301,FLAGLER COLLEGE - TALLAHASSEE COMMUNITY ,FL,32304-2895,Private      ,55,176,231,131,314,445
00807500,ST JOHN VIANNEY COLLEGE SEMINARY        ,FL,33165-3244,Private      ,13,8,21,18,10,28
00814600,EVEREST UNIVERSITY - POMPANO BEACH      ,FL,33062-2522,Proprietary  ,216,1259,1475,260,1679,1939
00822300,ST VINCENT DE PAUL REGIONL SEMINARY     ,FL,33436-0000,Private      ,0,3,3,0,5,5
00841700,STENOTYPE INST OF JACKSONVILLE          ,FL,32207-0000,Proprietary  ,8,86,94,9,100,109
00850100,RASMUSSEN COLLEGE                       ,FL,34471-7051,Proprietary  ,169,1139,1308,313,2009,2322
00850103,RASMUSSEN COLLEGE-HOLIDAY               ,FL,34690-0000,Proprietary  ,73,351,424,133,722,855
00850106,RASMUSSEN COLLEGE - FORT MYERS          ,FL,33905-7805,Proprietary  ,78,290,368,111,397,508
00884800,WARNER SOUTHERN COLLEGE                 ,FL,33859-8725,Private      ,258,238,496,485,435,920
00884900,PALM BEACH ATLANTIC UNIVERSITY          ,FL,33401-6505,Private      ,771,823,1594,2047,1412,3459
00887800,MIAMI INTERNATIONAL UNIV ART&DESIGN     ,FL,33132-1418,Proprietary  ,1159,884,2043,2555,1887,4442
00910400,RIVERSIDE HAIRSTYLING ACADEMY           ,FL,32207-3810,Proprietary  ,12,29,41,12,45,57
00963500,FLORIDA INTERNATIONAL UNIVERSITY        ,FL,33199-0001,Public       ,5977,7093,13070,21054,18551,39605
00984100,UNIVERSITY OF NORTH FLORIDA             ,FL,32224-2645,Public       ,3187,2621,5808,8926,5429,14355
00990200,SHERIDAN TECHNICAL CENTER               ,FL,33021-3399,Public       ,200,633,833,325,1082,1407
01016100,"LORAINE'S ACADEMY, INC                  ",FL,33710-0000,Proprietary  ,5,26,31,8,36,44
01019500,ART INSTITUTE OF FT LAUDERDALE          ,FL,33316-3000,Proprietary  ,1015,1025,2040,1784,1668,3452
01065200,PASCO-HERNANDO COMMUNITY CLG            ,FL,34654-5199,Public       ,1416,2395,3811,2473,4090,6563
01072401,CARLOS ALBIZU UNIVERSITY                ,FL,33172-0000,Private      ,46,410,456,76,720,796
01082600,TOM P. HANEY TECHNICAL CENTER           ,FL,32405-5099,Public       ,51,258,309,82,394,476
01112700,GOODING INST OF NUR ANES BAY MED CT     ,FL,32401-0000,Public       ,0,32,32,1,64,65
01226300,ATLANTIC TECHNICAL CENTER               ,FL,33063-3902,Public       ,180,492,672,270,783,1053
01254400,FIRST COAST TECHNICAL COLLEGE           ,FL,32084-1921,Public       ,74,289,363,131,457,588
01254401,FIRST COAST TECHNICAL INSTITUTE - PUTNAM,FL,32077-6830,Public       ,0,0,0,0,7,7
01257400,RINGLING SCHOOL OF ART AND DESIGN       ,FL,34234-5895,Private      ,309,76,385,1581,279,1860
01303904,SOUTH UNIVERSITY - WEST PALM BEACH CAMPU,FL,33409-5149,Proprietary  ,128,707,835,228,1157,1385
01323400,LORENZO WALKER INST OF TECHNOLOGY       ,FL,34104-4405,Public       ,94,276,370,139,409,548
02052002,FLORIDA EDUCATION CENTER - LAUDERHILL   ,FL,33313-5857,Proprietary  ,1,1,2,2,4,6
02089600,CONCORDE CAREER INSTITUTE               ,FL,32211-0000,Proprietary  ,67,403,470,95,600,695
02089709,HERZING COLLEGE                         ,FL,32792-5509,Proprietary  ,13,74,87,26,108,134
02113609,AMERICAN INTERCONTINENTAL UNIV - WESTON ,FL,33326-3233,Proprietary  ,157,338,495,377,779,1156
02115300,PINELLAS TECHNICAL EDUCATION CENTERS - S,FL,33711-0000,Public       ,89,475,564,136,715,851
02116006,SANFORD-BROWN INSTITUTE - FT. LAUDERDALE,FL,33309-1906,Proprietary  ,76,321,397,103,510,613
02121800,EVEREST INSTITUTE                       ,FL,33169-4759,Proprietary  ,185,547,732,213,634,847
02121801,EVEREST INSTITUTE  - HIALEAH            ,FL,33012-7193,Proprietary  ,194,427,621,212,443,655
02148200,FASHION FOCUS HAIR ACADEMY              ,FL,34231-0000,Proprietary  ,8,18,26,11,27,38
02148300,MANHATTAN BEAUTY SCHOOL                 ,FL,33611-0000,Proprietary  ,31,144,175,34,171,205
02149900,PAUL MITCHELL THE SCHOOL-JACKSONVILLE   ,FL,32205-0000,Proprietary  ,31,72,103,56,103,159
02151900,KEISER  UNIVERSITY                      ,FL,33309-0000,Proprietary  ,1644,5759,7403,2452,9534,11986
02156300,MARGATE SCHOOL OF BEAUTY                ,FL,33063-0000,Proprietary  ,23,136,159,23,136,159
02156700,FLORIDA CHRISTIAN COLLEGE               ,FL,34744-0000,Private      ,92,70,162,173,116,289
02159600,BAPTIST COLLEGE OF FLORIDA (THE)        ,FL,32440-0000,Private      ,107,108,215,214,164,378
02172700,CONCORDE CAREER INSTITUTE               ,FL,33607-0000,Proprietary  ,61,250,311,82,387,469
02188900,HOBE SOUND BIBLE COLLEGE                ,FL,33475-0000,Private      ,30,21,51,40,28,68
02200100,BRADENTON BEAUTY & BARBER ACADEMY       ,FL,34209-0000,Proprietary  ,13,59,72,17,69,86
02215900,ATI CAREER TRAINING CENTER              ,FL,33309-1785,Proprietary  ,45,227,272,52,251,303
02218700,FLORIDA TECHNICAL COLLEGE               ,FL,32826-2707,Proprietary  ,115,473,588,187,717,904
02218707,FLORIDA TECHNICAL COLLEGE - LAKELAND    ,FL,33813-2101,Proprietary  ,23,205,228,33,269,302
02218709,FLORIDA TECHNICAL COLLEGE - DELAND      ,FL,32720-7415,Proprietary  ,10,43,53,24,79,103
02228300,LAKE TECHNICAL CENTER                   ,FL,32726-0000,Public       ,98,342,440,142,508,650
02245500,CENTRAL FLORIDA COLLEGE                 ,FL,32789-4679,Proprietary  ,75,237,312,137,335,472
02257900,INTERNATIONAL ACADEMY                   ,FL,32119-3541,Proprietary  ,13,41,54,23,49,72
02275100,CONCORDE CAREER INSTITUTE               ,FL,33025-0000,Proprietary  ,48,202,250,61,301,362
02278800,SOUTHWEST FLORIDA COLLEGE               ,FL,33907-0000,Proprietary  ,157,740,897,230,1010,1240
02278801,SOUTHWEST FLORIDA COLLEGE - TAMPA       ,FL,33619-1344,Proprietary  ,96,232,328,162,351,513
02278802,SOUTHWEST FLORIDA COLLEGE - INSTITUTUE O,FL,33928-9469,Proprietary  ,4,3,7,6,5,11
02278803,SOUTHWEST FLORIDA COLLEGE - PORT CHARLOT,FL,33953-3100,Proprietary  ,16,120,136,19,149,168
02279600,CORTIVA INSTITUTE - FLORIDA             ,FL,33781-0000,Proprietary  ,20,92,112,23,117,140
02280800,NEW ENGLAND INST TECH-PALM BEACH        ,FL,33407-0000,Proprietary  ,313,858,1171,373,1115,1488
02283800,BEAUTY SCHOOLS OF AMERICA               ,FL,33012-3322,Proprietary  ,137,677,814,147,693,840
02286500,ITT TECHNICAL INSTITUTE                 ,FL,33634-7515,Proprietary  ,437,1231,1668,542,1409,1951
02287100,LA BELLE BEAUTY SCHOOL                  ,FL,33012-0000,Proprietary  ,5,29,34,5,29,34
02293200,ATI CAREER TRAINING CENTER              ,FL,33309-5916,Proprietary  ,85,620,705,88,626,714
02293201,ATI CAREER TRAINING CENTER - MIAMI      ,FL,33122-1707,Proprietary  ,25,40,65,34,63,97
02293202,ATI CAREER TAINING CENTER - ATI COLLEGE ,FL,87109-2016,Proprietary  ,112,774,886,123,805,928
02293600,ADVANCED TECHNICAL CENTERS              ,FL,33266-1597,Private      ,2,11,13,7,13,20
02297000,CHARLOTTE TECHNICAL CENTER              ,FL,33948-0000,Public       ,77,225,302,117,382,499
02300900,WITHLACOOCHEE TECHNICAL INSTITUTE       ,FL,34450-0000,Public       ,77,269,346,110,417,527
02305700,GULF COAST COLLEGE                      ,FL,33619-0000,Proprietary  ,28,122,150,75,195,270
02305800,FLORIDA CAREER COLLEGE                  ,FL,33012-7028,Proprietary  ,831,2102,2933,980,2665,3645
02307400,GEORGE STONE AREA VOCATIONAL TECHNICAL  ,FL,32526-0000,Public       ,57,261,318,100,440,540
02314100,SCHILLER INTERNATIONAL UNIVERSITY       ,FL,33770-3716,Proprietary  ,25,32,57,68,89,157
02316200,MIAMI LAKES TECHNICAL EDUCATION CTR     ,FL,33014-0000,Public       ,112,255,367,180,472,652
02321200,ORANGE TECH EDUC CTR- WESTSIDE TECH     ,FL,34787-0000,Public       ,86,236,322,134,341,475
02325100,KEY COLLEGE                             ,FL,33004-3046,Proprietary  ,9,27,36,14,52,66
02326303,MEDVANCE INSTITUTE - WEST PALM          ,FL,33461-2171,Proprietary  ,100,343,443,107,377,484
02326306,MEDVANCE INSTITUTE - MIAMI              ,FL,33173-3431,Proprietary  ,49,207,256,57,234,291
02326800,RESORT & SPA SCHOOLS INTERNATIONAL      ,FL,34233-0000,Proprietary  ,0,31,31,1,40,41
02326900,SUNSTATE ACADEMY OF HAIR DESIGN         ,FL,33907-1415,Proprietary  ,41,84,125,50,99,149
02329900,FLORIDA INSTITUTE OF ULTRASOUND         ,FL,32514-0000,Proprietary  ,22,76,98,36,135,171
02338400,FT PIERCE BEAUTY ACADEMY                ,FL,34982-0000,Proprietary  ,9,40,49,15,44,59
02341001,FORTIS COLLEGE - DBA FORTIS INSTITUTE   ,FL,32504-7322,Proprietary  ,7,25,32,18,65,83
02346200,WYOTECH                                 ,FL,32174-1010,Proprietary  ,200,349,549,360,491,851
02362100,FULL SAIL UNIVERSITY                    ,FL,32792-0000,Proprietary  ,2909,3322,6231,6133,5605,11738
02499000,ACADEMY OF COSMETOLOGY                  ,FL,32953-3311,Proprietary  ,19,75,94,23,89,112
02501500,"O*TEC, MID-FLORIDA TECH                 ",FL,32809-0000,Public       ,107,249,356,182,385,567
02504600,WINTER PARK TECH                        ,FL,32789-0000,Public       ,43,234,277,76,366,442
02508900,TALMUDIC COLLEGE OF FLORIDA             ,FL,33139-0000,Private      ,5,3,8,5,5,10
02511700,RIDGE TECHNICAL CENTER                  ,FL,33881-0000,Public       ,68,253,321,109,403,512
02513200,ORLANDO TECHNICAL CENTER                ,FL,32801-0000,Public       ,119,394,513,193,692,885
02515400,CITY COLLEGE                            ,FL,33309-3073,Private      ,195,724,919,257,1078,1335
02517100,SARASOTA SCHOOL OF MASSAGE THERAPY      ,FL,34243-6130,Proprietary  ,2,42,44,8,76,84
02524000,SUNSTATE ACADEMY OF HAIR DESIGN         ,FL,34624-0000,Proprietary  ,13,36,49,22,43,65
02524200,ROBERT MORGAN EDUCATIONAL CENTER        ,FL,33177-0000,Public       ,128,277,405,195,425,620
02547600,FLORIDA NATIONAL COLLEGE                ,FL,33012-0000,Proprietary  ,448,1422,1870,465,1497,1962
02554200,RADFORD LOCKLIN TECH CENTER             ,FL,32570-0000,Public       ,11,57,68,18,98,116
02573200,LA BELLE BEAUTY ACADEMY                 ,FL,33135-0000,Proprietary  ,18,104,122,22,104,126
02586200,FLORIDA CAREER COLLEGE                  ,FL,33759-3924,Proprietary  ,65,194,259,91,336,427
02586201,FLORIDA CAREER COLLEGE -                ,FL,33569-2553,Proprietary  ,1,13,14,1,17,18
02597100,HERITAGE INSTITUTE                      ,FL,33912-7132,Proprietary  ,106,461,567,157,624,781
02598200,FLORIDA TECHNICAL CLG JACKSONVILLE      ,FL,32211-5123,Proprietary  ,27,130,157,50,215,265
02599800,EVEREST UNIVERSITY                      ,FL,33770-2556,Proprietary  ,135,664,799,164,888,1052
02599801,EVEREST UNIVERSITY - TAMPA LAKELAND CAMP,FL,33801-3801,Proprietary  ,88,551,639,126,873,999
02599805,EVEREST UNIVERSITY - JACKSONVILLE       ,FL,32256-0000,Proprietary  ,130,828,958,161,1030,1191
02601600,HENRY W BREWSTER TECHNICAL CENTER       ,FL,33602-0000,Public       ,32,207,239,51,326,377
02612700,DARLYNE MCGEE'S ACAD OF COSMETOLOGY     ,FL,32905-2805,Proprietary  ,6,47,53,10,51,61
02616400,SANFORD-BROWN INSTITUTE                 ,FL,32256-3520,Proprietary  ,231,1117,1348,307,1719,2026
02616401,SANFORD-BROWN INSTITUTE - TAMPA         ,FL,33610-8304,Proprietary  ,72,546,618,96,722,818
03003200,EVEREST INSTITUTE                       ,FL,33186-1410,Proprietary  ,200,477,677,218,515,733
03003201,EVEREST INSTITUTE - FT. LAUDERDALE      ,FL,33304-2522,Proprietary  ,46,184,230,54,213,267
03003600,MCFATTER TECHNICAL CENTER               ,FL,33317-7499,Public       ,134,355,489,222,567,789
03006801,PENNSYLVANIA CULINARY INSTITUTE - LE COR,FL,33025-3929,Proprietary  ,141,337,478,263,607,870
03008600,FLORIDA COLLEGE OF NATURAL HEALTH       ,FL,33064-1342,Proprietary  ,110,447,557,146,598,744
03010608,VIRGINIA COLLEGE - PENSACOLA            ,FL,32501-5650,Proprietary  ,35,243,278,53,454,507
03010612,VIRGINIA COLLEGE - GOLF ACADEMY OF AMERI,FL,32701-0000,Proprietary  ,63,80,143,104,160,264
03012300,ASM BEAUTY WORLD ACADEMY                ,FL,33021-0000,Proprietary  ,6,41,47,6,42,48
03018500,BENE'S INTERNATIONAL SCHOOL OF BEAUTY   ,FL,34652-1637,Proprietary  ,28,83,111,32,100,132
03028200,TRINITY COLLEGE OF FLORIDA              ,FL,34655-4401,Private      ,54,55,109,102,94,196
03031400,INTERNATIONAL ACAD OF DESIGN & TECH     ,FL,33634-6313,Proprietary  ,744,1423,2167,1465,2740,4205
03031402,INTERNATIONAL ACADEMY OF DESIGN AND TECH,FL,32809-4613,Proprietary  ,315,312,627,598,568,1166
03031403,IADT - ORLANDO CULINARY ACADEMY         ,FL,32819-0000,Proprietary  ,165,172,337,311,295,606
03035800,HERITAGE INSTITUTE                      ,FL,32216-0948,Proprietary  ,28,150,178,31,185,216
03035900,NATIONAL AVIATION ACADEMY               ,FL,33760-3931,Proprietary  ,93,186,279,145,336,481
03037500,HODGES UNIVERSITY                       ,FL,34119-7932,Private      ,178,1223,1401,249,1776,2025
03054200,TECHNICAL CAREER INSTITUTE              ,FL,33144-2373,Proprietary  ,232,215,447,299,265,564
03071600,COLLEGE OF BUSINESS & TECHNOLOGY        ,FL,33176-1412,Proprietary  ,52,454,506,78,548,626
03071601,COLLEGE OF BUSINESS & TECHNOLOGY -      ,FL,33144-2072,Proprietary  ,9,12,21,13,20,33
03071602,COLLEGE OF BUSINESS & TECHNOLOGY -      ,FL,33012-3436,Proprietary  ,1,1,2,5,1,6
03076402,HIGH-TECH INSTITUTE - ORLANDO           ,FL,32803-3509,Proprietary  ,24,86,110,46,135,181
03079800,GEORGE T BAKER AVIATION                 ,FL,33142-5687,Public       ,75,95,170,117,144,261
03079900,CITY COLLEGE                            ,FL,32707-5342,Private      ,18,227,245,21,237,258
03087600,ITT TECHNICAL INSTITUTE                 ,FL,32746-1607,Proprietary  ,403,1133,1536,488,1301,1789
03089200,NOUVELLE INSTITUTE                      ,FL,33125-4141,Proprietary  ,7,151,158,7,153,160
03096300,FLORIDA CAREER INSTITUTE                ,FL,33860-0000,Proprietary  ,15,81,96,17,118,135
03099600,MERCY HOSPITAL SCHOOL OF PRACTICAL NSG  ,FL,33133-4237,Private      ,23,68,91,42,126,168
03100800,TAYLOR TECHNICAL INSTITUTE              ,FL,32348-0894,Public       ,23,70,93,31,109,140
03101900,TRINITY BAPTIST COLLEGE                 ,FL,32221-1398,Private      ,78,41,119,142,80,222
03103900,MARION COUNTY COMMUNITY TECH & ADUL     ,FL,34474-3172,Public       ,105,338,443,152,553,705
03108500,EVERGLADES UNIVERSITY                   ,FL,33431-0000,Private      ,52,531,583,86,841,927
03108600,COM-PU-MED VOCATIONAL CAREERS           ,FL,33012-4861,Proprietary  ,4,44,48,4,46,50
03113400,ACADEMY OF HEALING ARTS                 ,FL,33463-2113,Proprietary  ,2,20,22,6,32,38
03114700,PRAXIS INSTITUTE                        ,FL,33135-2657,Proprietary  ,17,139,156,18,141,159
03115500,FLORIDA HOSPITAL COLG OF HEALTH SCI     ,FL,32803-1237,Private      ,320,823,1143,671,1571,2242
03123900,KEISER CAREER INSTITUTE                 ,FL,33413-0000,Proprietary  ,212,649,861,284,983,1267
03125600,MIAMI AD SCHOOL                         ,FL,33139-5203,Proprietary  ,22,109,131,32,205,237
03127900,TECHNICAL EDUCATION CTR OSCEOLA         ,FL,34744-4459,Public       ,91,298,389,141,425,566
03139600,DELTA CONNECTION ACADEMY                ,FL,32773-9683,Proprietary  ,14,41,55,44,65,109
03158300,LEE COUNTY HIGH TECH CENTER NORTH       ,FL,33993-2479,Public       ,42,222,264,66,318,384
03171300,UNIVERSITY OF ST. AUGUSTINE FOR HEALTH S,FL,32084-4215,Proprietary  ,13,355,368,19,606,625
03178400,CORAL RIDGE NURSES ASST TRAINING        ,FL,33306-0000,Proprietary  ,1,14,15,1,20,21
03224300,NEW PROFESSIONS TECHNICAL INSTITUTE     ,FL,33134-1640,Proprietary  ,18,156,174,22,199,221
03230300,OKALOOSA APPLIED TECHNOLOGY CENTER      ,FL,32547-1299,Public       ,36,148,184,54,291,345
03238300,FLORIDA COLLEGE OF INTEGRATIVE MED      ,FL,32809-5721,Proprietary  ,10,61,71,25,133,158
03255300,FLORIDA GULF COAST UNIVERSITY           ,FL,33965-6565,Public       ,1966,1193,3159,7549,2850,10399
03256300,YESHIVA GEDOLAH RABBINICAL COLLEGE      ,FL,33139-4708,Private      ,1,1,2,3,2,5
03264300,SOUTH FLORIDA BIBLE COLLEGE AND THEOLOGI,FL,33441-5768,Private      ,5,14,19,11,23,34
03346300,ACAD FOR PRAC NURSING & HEALTH OCCP     ,FL,33417-4574,Private      ,40,290,330,62,330,392
03348400,PROFESSIONAL TRAINING CENTERS           ,FL,33184-0000,Proprietary  ,43,262,305,61,382,443
03370300,AUDIO RECORDING TECHNOLOGY INSTITUTE    ,FL,32811-0000,Proprietary  ,26,43,69,49,80,129
03373300,BEACON COLLEGE                          ,FL,34748-5224,Private      ,23,8,31,75,28,103
03374300,FLORIDA COASTAL SCHOOL OF LAW           ,FL,32256-0000,Proprietary  ,4,916,920,12,2814,2826
03382300,BRADFORD-UNION AREA CAREERTECHNICAL CENT,FL,32091-2434,Public       ,11,60,71,23,128,151
03390300,LINCOLN TECHNICAL INSTITUTE             ,FL,32730-2351,Proprietary  ,52,246,298,80,417,497
03411400,INTERNATIONAL TRAINING CAREERS          ,FL,33155-1462,Private      ,6,35,41,9,37,46
03414500,SOUTHEAST INSTITUTE OF ORIENTAL MED     ,FL,33176-1509,Proprietary  ,8,65,73,9,84,93
03425400,CENTRAL FLORIDA INSTITUTE               ,FL,34684-4436,Proprietary  ,70,341,411,104,484,588
03429600,ATLANTIC INST OF ORIENTAL MEDICINE      ,FL,33316-0000,Private      ,1,48,49,1,73,74
03429700,EAST WEST COLLG OF NATURAL MEDICINE     ,FL,34236-4959,Proprietary  ,2,47,49,2,82,84
03433400,NEW CONCEPT MASSAGE AND BEAUTY SCHO     ,FL,33135-0000,Proprietary  ,1,24,25,3,33,36
03434300,FORTIS COLLEGE                          ,FL,32073-2999,Proprietary  ,71,232,303,92,394,486
03459400,SAINT PETERSBURG THEOLOGICAL SEMINA     ,FL,33708-3116,Private      ,1,11,12,3,25,28
03480301,MEDVANCE INSTITUTE - FORT LAUDERDALE    ,FL,33313-7261,Proprietary  ,56,277,333,57,292,349
03480302,MEDVANCE INSTITUTE - STUART             ,FL,34994-3000,Proprietary  ,11,123,134,14,137,151
03491400,AMERICAN ADVANCED TECHNICIANS INST      ,FL,33014-4430,Proprietary  ,9,22,31,10,24,34
03549300,ULTIMATE MEDICAL ACADEMY                ,FL,33756-5802,Proprietary  ,153,908,1061,180,1089,1269
03553300,KEISER CAREER COLLEGE                   ,FL,32216-0000,Proprietary  ,45,124,169,73,192,265
03557300,NORTH FLORIDA COSMETOLOGY INSTITUTE     ,FL,32312-0000,Proprietary  ,19,78,97,35,114,149
03564300,SUPERIOR CAREER INSTITUTE               ,FL,33311-1141,Proprietary  ,8,45,53,8,47,55
03570400,ENGLISH CENTER (THE)                    ,FL,33133-2703,Public       ,4,38,42,4,51,55
03595400,ANGLEY COLLEGE                          ,FL,32720-4257,Proprietary  ,23,133,156,29,152,181
03611400,FLORIDA BARBER ACADEMY                  ,FL,33441-0000,Proprietary  ,3,21,24,6,24,30
03618300,FLORIDA INSTITUTE OF ANIMAL ARTS        ,FL,32792-1740,Proprietary  ,38,77,115,57,103,160
03627400,JACKSONVILLE BEAUTY INSTITUTE           ,FL,32208-1885,Proprietary  ,13,41,54,17,54,71
03627600,FLORIDA EDUCATION INSTITUTE             ,FL,33144-5036,Proprietary  ,4,37,41,6,45,51
03661400,SOUTH FLORIDA INSTITUTE OF TECHNOLO     ,FL,33135-0000,Proprietary  ,30,317,347,42,323,365
03691400,AVE MARIA SCHOOL OF LAW                 ,FL,34119-1376,Private      ,0,222,222,1,615,616
03696400,SABER                                   ,FL,33134-1604,Private      ,5,164,169,14,223,237
03706300,AMERICAN INSTITUTE                      ,FL,33319-5613,Proprietary  ,39,183,222,51,226,277
03757300,ADVANCE SCIENCE INSTITUTE               ,FL,33012-0000,Proprietary  ,0,0,0,1,0,1
03801400,BEAUTY INSTITUTE (THE)                  ,FL,33409-2972,Proprietary  ,4,11,15,11,21,32
03801401,BEAUTY INSTITUTE (THE) - MARGATE        ,FL,33068-5704,Proprietary  ,1,4,5,3,6,9
03816300,ARTISTIC NAILS & BEAUTY ACADEMY         ,FL,33605-5919,Proprietary  ,21,38,59,23,58,81
03823300,FLORIDA ACADEMY OF HEALTH & BEAUTY      ,FL,33311-0000,Proprietary  ,0,4,4,0,5,5
03832300,DADE MEDICAL COLLEGE                    ,FL,33126-5534,Proprietary  ,110,437,547,123,463,586
03842500,CAMBRIDGE INSTITUTE OF ALLIED HEALTH    ,FL,32750-0000,Proprietary  ,10,110,120,11,116,127
03856300,UNIVERSAL BEAUTY SCHOOL                 ,FL,33174-4406,Proprietary  ,0,10,10,2,10,12
03866300,GALIANO CAREER ACADEMY                  ,FL,32701-0000,Proprietary  ,7,97,104,9,113,122
03875300,MEDICAL CAREER INSTITUTE OF SOUTH FLORID,FL,33407-2103,Proprietary  ,12,113,125,22,161,183
03888300,DRAGON RISES COLLEGE OF ORIENTAL MEDICIN,FL,32601-5089,Proprietary  ,3,24,27,3,35,38
03903500,SOUTHERN TECHNICAL COLLEGE              ,FL,32809-0000,Proprietary  ,43,306,349,57,346,403
03906300,CAREER INSTITUTE OF FLORIDA             ,FL,33773-3434,Proprietary  ,8,132,140,13,152,165
03911300,TOTAL INTERNATIONAL CAREER INSTITUTE    ,FL,33012-0000,Proprietary  ,2,1,3,2,1,3
03939300,WOLFORD COLLEGE                         ,FL,34108-1931,Private      ,6,130,136,9,208,217
03939400,CENTURA INSTITUTE                       ,FL,32807-3566,Proprietary  ,24,123,147,29,186,215
03939600,DAYTONA COLLEGE                         ,FL,32174-8445,Proprietary  ,18,41,59,30,53,83
03941300,AVE MARIA UNIVERSITY                    ,FL,34142-9505,Private      ,233,75,308,676,263,939
03957400,NEW COLLEGE OF FLORIDA                  ,FL,34243-2109,Public       ,203,45,248,1370,114,1484
03985300,COMMERCIAL DIVING ACADEMY               ,FL,32208-0000,Proprietary  ,56,213,269,82,349,431
03986300,AVIATOR COLLEGE OF AERONAUTICAL SCIENCE ,FL,34946-9022,Proprietary  ,4,15,19,9,23,32
04016500,AMERICAN INSTITUTE OF BEAUTY            ,FL,33773-0000,Proprietary  ,12,70,82,14,76,90
04029300,TRENDSETTERS OF FLORIDA SCHOOL OF BEAUTY,FL,32205-0000,Proprietary  ,8,28,36,11,46,57
04058300,HEALTH OPPORTUNITY TECHNICAL CENTER     ,FL,33169-4517,Proprietary  ,6,88,94,8,115,123
04083400,INSTITUTE OF ALLIED MEDICAL PROFESSIONS ,FL,33484-6543,Proprietary  ,5,49,54,5,49,54
04105400,PENSACOLA SCHOOL OF MASSAGE THERAPY & HE,FL,32504-7337,Proprietary  ,12,52,64,18,88,106
04106300,PALM BEACH ACADEMY OF HEALTH & BEAUTY   ,FL,33403-2130,Proprietary  ,13,46,59,26,72,98
04116600,TAYLOR COLLEGE                          ,FL,34420-8714,Proprietary  ,15,81,96,22,154,176
04119400,AVEDA INSTITUTE - SAINT PETERSBURG      ,FL,33701-4242,Proprietary  ,156,211,367,233,322,555
04120400,HI-TECH SCHOOL OF COSMETOLOGY           ,FL,33174-0000,Proprietary  ,20,35,55,25,37,62
04120500,ACADEMY OF PROFESSIONAL CAREERS         ,FL,32792-4433,Proprietary  ,1,2,3,4,9,13
04126900,ACADEMY OF CAREER TRAINING              ,FL,34741-4644,Proprietary  ,24,52,76,39,96,135
04127400,DIGITAL MEDIA ARTS COLLEGE              ,FL,33431-5919,Proprietary  ,112,85,197,210,145,355
04128400,MANAGEMENT RESOURCES INSTITUTE          ,FL,33126-5473,Proprietary  ,2,117,119,3,118,121
04129900,FLORIDA SCHOOL OF MASSAGE               ,FL,32608-5419,Proprietary  ,41,63,104,70,110,180
04130400,SHEAR EXCELLENCE INTERNATIONAL HAIR ACAD,FL,33614-2783,Private      ,3,10,13,7,18,25
04131900,FASTTRAIN OF MIAMI                      ,FL,33134-1065,Proprietary  ,14,95,109,18,119,137
04132000,FASTTRAIN OF FORT LAUDERDALE            ,FL,33311-1506,Proprietary  ,2,23,25,5,36,41
04132100,FASTTRAIN OF TAMPA                      ,FL,33607-4153,Proprietary  ,2,35,37,5,52,57
04132200,FASTTRAIN OF JACKSONVILLE               ,FL,32256-4849,Proprietary  ,5,31,36,7,45,52
04133500,ACADEMY FOR FIVE ELEMENT ACUPUNCTURE    ,FL,32601-6811,Private      ,2,49,51,3,70,73
04134800,AVEDA INSTITUTE - TALLAHASSEE           ,FL,32304-3186,Proprietary  ,32,36,68,60,68,128
04134900,ORANGE PARK BEAUTY ACADEMY              ,FL,32073-5524,Proprietary  ,5,33,38,8,41,49
04135000,COZMO THE SCHOOL                        ,FL,34135-4810,Proprietary  ,9,37,46,10,42,52
04135900,ALLIED HEALTH INSTITUTE                 ,FL,33309-1900,Proprietary  ,5,152,157,10,250,260
04140800,NORTH FLORIDA ACADEMY                   ,FL,32065-7758,Proprietary  ,17,20,37,22,30,52
04143100,PROFESSIONAL HANDS INSTITUTE            ,FL,33135-1939,Proprietary  ,4,42,46,4,42,46
04145900,CELEBRITY SCHOOL OF BEAUTY              ,FL,33144-4153,Proprietary  ,7,7,14,7,7,14
04148500,MEDICAL INSTITUTE OF PALM BEACH         ,FL,33460-5042,Proprietary  ,0,3,3,0,3,3
00160500,CHAMINADE UNIV OF HONOLULU              ,HI,96816-1578,Private      ,272,476,748,1325,1114,2439
00160600,BRIGHAM YOUNG UNIV-HAWAII CAMPUS        ,HI,96762-1294,Private      ,323,238,561,909,505,1414
00161000,UNIVERSITY OF HAWAII AT MANOA           ,HI,96822-2399,Public       ,1806,2116,3922,9837,6874,16711
00161100,UNIVERSITY OF HAWAII AT HILO            ,HI,96720-4091,Public       ,546,538,1084,2838,1933,4771
00161200,HONOLULU COMMUNITY COLLEGE              ,HI,96817-4598,Public       ,478,602,1080,1197,1236,2433
00161300,KAPIOLANI COMMUNITY COLLEGE             ,HI,96816-4421,Public       ,773,889,1662,2016,1867,3883
00161400,KAUAI COMMUNITY COLLEGE                 ,HI,96766-9591,Public       ,120,191,311,256,356,612
00161500,MAUI COMMUNITY COLLEGE                  ,HI,96732-1644,Public       ,398,724,1122,1038,1610,2648
00454900,LEEWARD COMMUNITY COLLEGE               ,HI,96782-3393,Public       ,664,767,1431,1530,1610,3140
00525800,HAWAII COMMUNITY COLLEGE                ,HI,96720-4075,Public       ,435,619,1054,1103,1452,2555
00723401,HEALD COLLEGE - HONOLULU                ,HI,96814-0000,Proprietary  ,227,413,640,367,567,934
00727900,HAWAII PACIFIC UNIVERSITY               ,HI,96813-2882,Private      ,685,1029,1714,3630,2509,6139
01122000,WINDWARD COMMUNITY COLLEGE              ,HI,96744-0000,Public       ,231,297,528,544,692,1236
02100300,MED-ASSIST SCHOOL OF HAWAII             ,HI,96813-0000,Proprietary  ,11,51,62,20,66,86
02107800,UNIVERSITY OF HAWAII - WEST OAHU        ,HI,96782-0000,Public       ,130,324,454,569,812,1381
02139500,HAWAII INSTITUTE OF HAIR DESIGN         ,HI,96817-5195,Proprietary  ,15,49,64,21,68,89
03017800,TRAVEL INSTITUTE OF THE PACIFIC         ,HI,96814-1946,Proprietary  ,17,38,55,23,63,86
03020800,NEW YORK TECHNICAL INST OF HAWAII       ,HI,96817-4415,Proprietary  ,0,0,0,1,3,4
03072500,WORLD MEDICINE INSTITUTE                ,HI,96826-0000,Private      ,3,21,24,13,43,56
03649300,HAWAII TECHNOLOGY INSTITUTE             ,HI,96813-3036,Private      ,6,17,23,16,30,46
03735300,INST OF CLINICAL ACUPUNCTURE & ORIENT MD,HI,96813-2307,Proprietary  ,1,13,14,1,25,26
03999400,TRADITIONAL CHINESE MEDICAL COLLEGE OF H,HI,96743-8324,Private      ,0,23,23,1,42,43
00161600,BOISE STATE UNIVERSITY                  ,ID,83725-1000,Public       ,1483,2762,4245,8854,8805,17659
00161700,"COLLEGE OF IDAHO, THE                   ",ID,83605-4432,Private      ,153,84,237,1178,231,1409
00161900,COLLEGE OF SOUTHERN IDAHO               ,ID,83301-0000,Public       ,700,1308,2008,2371,2994,5365
00161908,COLLEGE OF WESTERN IDAHO                ,ID,83687-1515,Public       ,361,860,1221,361,860,1221
00162000,IDAHO STATE UNIVERSITY                  ,ID,83209-5377,Public       ,1173,3166,4339,3741,6457,10198
00162100,LEWIS-CLARK STATE COLLEGE               ,ID,83501-2698,Public       ,218,471,689,1857,1555,3412
00162300,NORTH IDAHO COLLEGE                     ,ID,83814-2199,Public       ,559,1051,1610,2030,2439,4469
00162400,NORTHWEST NAZARENE UNIVERSITY           ,ID,83686-5897,Private      ,233,312,545,1420,707,2127
00162500,BRIGHAM YOUNG UNIVERSITY-IDAHO          ,ID,83460-1650,Private      ,2178,2114,4292,5900,3730,9630
00162600,UNIVERSITY OF IDAHO                     ,ID,83844-4291,Public       ,759,741,1500,7837,3395,11232
00455300,ITT TECHNICAL INSTITUTE                 ,ID,83713-1529,Proprietary  ,244,837,1081,398,1083,1481
00458304,BROWN MACKIE COLLEGE-SOUTH BEND - BROWN ,ID,83709-2746,Proprietary  ,61,308,369,83,449,532
00987300,MR JUAN'S CLG OF HAIR DESIGN            ,ID,83301-4154,Proprietary  ,8,11,19,14,19,33
01113300,EASTERN IDAHO TECHNICAL COLLEGE         ,ID,83404-5788,Public       ,94,439,533,213,810,1023
02210700,CAREER BEAUTY COLLEGE                   ,ID,83440-0000,Proprietary  ,5,12,17,7,13,20
02218000,APOLLO COLLEGE                          ,ID,83704-0000,Proprietary  ,99,417,516,158,607,765
02234500,BOISE BIBLE COLLEGE                     ,ID,83714-1220,Private      ,39,29,68,107,47,154
02275800,MR LEONS SCHOOL OF HAIR DESIGN          ,ID,83843-8384,Proprietary  ,18,22,40,23,29,52
02275801,MR. LEON'S SCHOOL OF HAIR DESIGN        ,ID,83501-1910,Proprietary  ,0,5,5,0,9,9
02314000,SCHOOL OF HAIRSTYLING (THE)             ,ID,83202-0000,Proprietary  ,20,31,51,28,50,78
02319800,HEADMASTERS SCHOOL OF HAIR DESIGN       ,ID,83814-0000,Proprietary  ,30,62,92,41,83,124
02349200,HEADMASTERS SCHOOL OF HAIR DESIGN       ,ID,83501-0000,Proprietary  ,8,15,23,15,23,38
02559500,RAZZLE DAZZLE CLG OF HAIR DESIGN        ,ID,83686-5104,Proprietary  ,13,39,52,28,68,96
02607100,SCOT LEWIS SCHOOLS                      ,ID,83709-1662,Proprietary  ,33,57,90,63,88,151
03098700,ACADEMY OF COURT REPORTING              ,ID,83704-8320,Proprietary  ,64,320,384,113,524,637
03832400,COSMETOLOGY SCHOOL OF ARTS & SCIENCES   ,ID,83318-1327,Proprietary  ,1,14,15,6,33,39
04134300,EVANS HAIRSTYLING COLLEGE               ,ID,83440-5277,Proprietary  ,20,9,29,32,11,43
04144500,HAIR ACDMY PAUL MITCHELL PARTNER SCHOOL ,ID,83440-2600,Proprietary  ,19,33,52,35,50,85
00163200,AQUINAS INSTITUTE OF THEOLOGY           ,MO,63108-3323,Private      ,0,13,13,2,51,53
00244900,AVILA COLLEGE                           ,MO,64145-1698,Private      ,237,451,688,851,998,1849
00245000,CALVARY BIBLE COLLEGE                   ,MO,64147-1341,Private      ,49,42,91,122,96,218
00245200,CENTRAL BIBLE COLLEGE                   ,MO,65803-1096,Private      ,201,101,302,440,215,655
00245300,CENTRAL METHODIST UNIVERSITY            ,MO,65248-1198,Private      ,276,201,477,1261,483,1744
00245301,CENTRAL METHODIST UNIVERSITY            ,MO,63601-0000,Private      ,18,71,89,50,144,194
00245302,CENTRAL METHODIST UNIVERSITY- UNION     ,MO,63084-0000,Private      ,8,16,24,25,29,54
00245400,UNIVERSITY OF CENTRAL MISSOURI          ,MO,64093-5178,Public       ,1697,1332,3029,6578,3315,9893
00245600,COLUMBIA COLLEGE                        ,MO,65216-4581,Private      ,675,3745,4420,2189,10879,13068
00245700,CONCORDIA SEMINARY                      ,MO,63105-3199,Private      ,0,68,68,3,478,481
00245800,COTTEY COLLEGE                          ,MO,64772-2790,Private      ,54,11,65,293,33,326
00245900,CROWDER COLLEGE                         ,MO,64850-9165,Public       ,545,831,1376,1312,1547,2859
00246000,CULVER STOCKTON COLLEGE                 ,MO,63435-1299,Private      ,229,62,291,949,140,1089
00246100,DRURY UNIVERSITY                        ,MO,65802-3791,Private      ,541,1052,1593,2021,2577,4598
00246200,EDEN THEOLOGICAL SEMINARY               ,MO,63119-0000,Private      ,0,35,35,3,78,81
00246300,EVANGEL UNIVERSITY                      ,MO,65802-2125,Private      ,426,255,681,1674,521,2195
00246400,FONTBONNE UNIVERSITY                    ,MO,63105-3098,Private      ,250,755,1005,1103,1970,3073
00246600,HARRIS-STOWE STATE COLLEGE              ,MO,63103-2199,Public       ,455,571,1026,1171,1183,2354
00246700,CONCEPTION SEMINARY COLLEGE             ,MO,64433-0000,Private      ,16,4,20,40,13,53
00246800,JEFFERSON COLLEGE                       ,MO,63050-2441,Public       ,853,1048,1901,1947,1777,3724
00247100,ST LOUIS COMMUNITY COLLEGE              ,MO,63102-0000,Public       ,3001,5229,8230,6204,9008,15212
00247300,KANSAS CITY ART INSTITUTE               ,MO,64111-1874,Private      ,208,76,284,907,202,1109
00247400,KANSAS CITY UNIV OF MED & BIOSCIENCES   ,MO,64106-0000,Private      ,3,590,593,17,1059,1076
00247600,KENRICK-GLENNON SEMINARY                ,MO,63119-0000,Private      ,2,2,4,8,4,12
00247700,A.T. STILL UNIV OF HEALTH SCIENCES      ,MO,63501-0000,Private      ,1,826,827,9,2360,2369
00247900,LINCOLN UNIVERSITY                      ,MO,65101-3500,Public       ,753,542,1295,2350,1245,3595
00248000,LINDENWOOD UNIVERSITY                   ,MO,63301-1695,Private      ,1080,1861,2941,4261,4493,8754
00248200,MARYVILLE UNIVERSITY                    ,MO,63141-7299,Private      ,272,523,795,1886,1480,3366
00248400,METROPOLITAN COMMUNITY COLLEGE          ,MO,64111-2408,Public       ,3407,5195,8602,6761,9023,15784
00248500,MIDWESTERN BAPTIST THEOL SEMINARY       ,MO,64118-4697,Private      ,27,88,115,55,141,196
00248600,MINERAL AREA COLLEGE                    ,MO,63601-1000,Public       ,620,803,1423,1497,1498,2995
00248800,MISSOURI SOUTHERN STATE UNIVERSITY      ,MO,64801-1595,Public       ,945,1082,2027,3071,2589,5660
00248900,MISSOURI VALLEY COLLEGE                 ,MO,65340-3197,Private      ,362,118,480,1479,344,1823
00249000,MISSOURI WESTERN STATE UNIVERSITY       ,MO,64507-2294,Public       ,630,499,1129,3896,1838,5734
00249100,MOBERLY AREA COMMUNITY COLLEGE          ,MO,65270-1304,Public       ,842,995,1837,2077,2006,4083
00249400,NAZARENE THEOLOGICAL SEMINARY           ,MO,64131-1246,Private      ,0,49,49,0,111,111
00249500,TRUMAN STATE UNIVERSITY                 ,MO,63501-4221,Public       ,686,122,808,5292,479,5771
00249600,NORTHWEST MISSOURI STATE UNIV           ,MO,64468-6001,Public       ,1264,343,1607,5979,1007,6986
00249800,PARK UNIVERSITY                         ,MO,64152-3795,Private      ,462,2310,2772,1098,4815,5913
00249900,ROCKHURST UNIVERSITY                    ,MO,64110-2561,Private      ,267,510,777,1801,1109,2910
00250000,COLLEGE OF THE OZARKS                   ,MO,65726-2502,Private      ,235,49,284,2808,313,3121
00250100,SOUTHEAST MISSOURI STATE UNIV           ,MO,63701-4799,Public       ,1180,1100,2280,6738,2835,9573
00250200,SOUTHWEST BAPTIST UNIVERSITY            ,MO,65613-2597,Private      ,382,432,814,1928,1069,2997
00250300,MISSOURI STATE UNIVERSITY               ,MO,65897-0094,Public       ,2926,2229,5155,11587,5150,16737
00250400,ST LOUIS COLLEGE OF PHARMACY            ,MO,63110-1088,Private      ,105,149,254,747,497,1244
00250600,SAINT LOUIS UNIVERSITY                  ,MO,63103-2097,Private      ,741,1790,2531,7846,6216,14062
00250900,SAINT PAUL SCHOOL OF THEOLOGY           ,MO,64127-2499,Private      ,0,27,27,3,151,154
00251200,STEPHENS COLLEGE                        ,MO,65215-0001,Private      ,127,215,342,898,417,1315
00251400,NORTH CENTRAL MISSOURI COLLEGE          ,MO,64683-1824,Public       ,217,311,528,621,631,1252
00251600,UNIVERSITY OF MISSOURI-COLUMBIA         ,MO,65211-1600,Public       ,2970,1811,4781,20416,6745,27161
00251700,MISSOURI UNIVERSITY OF SCIENCE & TECHNOL,MO,65409-0250,Public       ,603,304,907,4367,874,5241
00251800,UNIVERSITY OF MISSOURI-KANSAS CITY      ,MO,64110-2497,Public       ,1370,2735,4105,5457,6675,12132
00251900,UNIVERSITY OF MISSOURI-ST LOUIS         ,MO,63121-4499,Public       ,1355,3044,4399,4383,6503,10886
00252000,WASHINGTON UNIVERSITY                   ,MO,63130-4899,Private      ,564,1185,1749,12950,4764,17714
00252001,WASHINGTON UNIV-SCHOOL OF MEDICINE      ,MO,63110-0000,Private      ,11,396,407,44,1247,1291
00252100,WEBSTER UNIVERSITY                      ,MO,63119-3194,Private      ,568,4516,5084,2854,9900,12754
00252200,WENTWORTH MILITARY ACADEMY              ,MO,64067-1799,Private      ,61,38,99,114,105,219
00252300,WESTMINSTER COLLEGE                     ,MO,65251-1299,Private      ,120,24,144,1205,108,1313
00252400,WILLIAM JEWELL COLLEGE                  ,MO,64068-1896,Private      ,185,69,254,1471,207,1678
00252500,WILLIAM WOODS UNIVERSITY                ,MO,65251-2388,Private      ,212,533,745,902,1076,1978
00405704,NATIONAL AMERICAN UNIVERSITY            ,MO,64057-1791,Proprietary  ,18,156,174,35,286,321
00441300,ST JOHNS HOSP SCH RAD TECH              ,MO,65802-0000,Private      ,13,38,51,39,66,105
00470300,LOGAN COLLEGE OF CHIROPRACTIC           ,MO,63006-1065,Private      ,20,227,247,62,1054,1116
00470700,COVENANT THEOLOGICAL SEMINARY           ,MO,63141-8697,Private      ,0,261,261,2,447,449
00471100,LINN STATE TECHNICAL COLLEGE            ,MO,65051-9607,Public       ,259,135,394,987,320,1307
00471300,THREE RIVERS COMMUNITY COLLEGE          ,MO,63901-2393,Public       ,540,877,1417,1282,1662,2944
00528800,KIRKSVILLE AREA TECHNICAL CENTER        ,MO,63501-0000,Public       ,8,29,37,18,42,60
00528900,WAYNESVILLE CAREER CENTER               ,MO,65583-2131,Public       ,6,41,47,12,68,80
00542400,SOUTH CENTRAL CAREER CENTER             ,MO,65775-3334,Public       ,15,54,69,32,97,129
00542600,SIKESTON CAREER AND TECHNOLOGY CTR      ,MO,63801-0000,Public       ,9,49,58,30,95,125
00542900,ROLLA TECHNICAL INSTITUTE               ,MO,65401-3601,Public       ,78,97,175,208,230,438
00543000,POPLAR BLUFF TECHNICAL CAREER CNTR      ,MO,63901-0000,Public       ,19,35,54,37,78,115
00543800,SALINE COUNTY CAREER CENTER             ,MO,65340-0000,Public       ,6,15,21,19,75,94
00544500,TRUMAN MEDICAL CENTER SCHOOL OF NURSE AN,MO,64108-2677,Private      ,6,26,32,25,69,94
00553100,GRAND RIVER TECHNICAL SCHOOL            ,MO,64601-1299,Public       ,34,17,51,66,31,97
00553200,CAPE GIRARDEAU CAREER & TECHNOLOGY CENTE,MO,63703-7511,Public       ,28,119,147,74,244,318
00638500,CHAMBERLAIN COLLEGE OF NURSING          ,MO,63139-3297,Proprietary  ,413,2805,3218,743,4241,4984
00638900,BARNES JEWISH COLLEGE OF NURSING AND ALL,MO,63110-1091,Private      ,65,233,298,219,548,767
00639200,RESEARCH COLLEGE OF NURSING             ,MO,64132-1199,Proprietary  ,29,93,122,69,196,265
00639201,RESEARCH MEDICAL CENTER - COLLEGE OF NUR,MO,64132-1199,Proprietary  ,1,9,10,6,19,25
00639202,RESEARCH MED CTR SCHL OF RAD TECH       ,MO,64132-0000,Proprietary  ,0,16,16,3,25,28
00666600,LUTHERAN  SCHOOL OF NURSING             ,MO,63118-3909,Proprietary  ,0,0,0,6,23,29
00754000,MISSOURI BAPTIST UNIVERSITY             ,MO,63141-8698,Private      ,313,555,868,1236,1280,2516
00755700,ITT TECHNICAL INSTITUTE                 ,MO,63045-1122,Proprietary  ,549,1413,1962,696,1624,2320
00808000,STATE FAIR COMMUNITY COLLEGE            ,MO,65301-0000,Public       ,698,892,1590,1596,1675,3271
00826900,HILLYARD TECHNICAL CENTER               ,MO,64506-0000,Public       ,24,91,115,85,165,250
00855200,PATRICIA STEVENS COLLEGE                ,MO,63102-2334,Proprietary  ,29,57,86,44,80,124
00860600,TRI-COUNTY TECHNICAL SCHOOL             ,MO,65026-0000,Public       ,12,16,28,16,44,60
00886200,EAST CENTRAL COLLEGE                    ,MO,63084-0529,Public       ,514,681,1195,1503,1364,2867
00908900,HANNIBAL-LAGRANGE COLLEGE               ,MO,63401-1999,Private      ,207,181,388,683,362,1045
00952000,NATIONAL ACADEMY OF BEAUTY ARTS         ,MO,63128-1307,Proprietary  ,81,150,231,109,238,347
00959000,INDEPENDENCE COLLEGE OF COSMETOLOGY     ,MO,64055-1105,Proprietary  ,9,17,26,19,29,48
00960700,HOUSE OF HEAVILIN BEAUTY COLLEGE        ,MO,64110-2826,Proprietary  ,15,48,63,21,55,76
00978200,SAINT LUKE'S COLLEGE                    ,MO,64114-3237,Private      ,16,54,70,64,145,209
00979500,MISSOURI COLLEGE                        ,MO,63144-2901,Proprietary  ,130,403,533,204,605,809
01014814,COLORADO TECHNL UNIV NORTH KANSAS CITY  ,MO,64116-3614,Proprietary  ,88,435,523,151,878,1029
01027900,HICKEY COLLEGE                          ,MO,63146-0000,Proprietary  ,176,77,253,260,124,384
01040500,PINNACLE CAREER INSTITUTE               ,MO,64131-3367,Proprietary  ,74,700,774,99,874,973
01040501,PINNACLE CAREER INSTITUTE - NORTH KANSAS,MO,64153-1151,Proprietary  ,17,115,132,22,161,183
01050303,WICHITA TECHNICAL INSTITUTE - WTI JOPLIN,MO,64801-2970,Proprietary  ,20,168,188,20,168,188
01102600,WARRENSBURG AREA VOC TECH SCH           ,MO,64093-0000,Public       ,18,27,45,24,42,66
01173500,PIKE/LINCOLN TECHNICAL CENTER           ,MO,63344-0000,Public       ,15,15,30,30,58,88
01212000,ASSEMBLIES OF GOD THEO. SEMINARY        ,MO,65802-0000,Private      ,2,102,104,3,173,176
01250000,RANKEN TECHNICAL COLLEGE                ,MO,63113-2811,Private      ,524,494,1018,998,779,1777
01258000,ST LOUIS CHRISTIAN COLLEGE              ,MO,63033-6499,Private      ,55,107,162,102,152,254
01320800,BAPTIST BIBLE COLLEGE                   ,MO,65803-3498,Private      ,122,62,184,259,126,385
02056100,FOUR RIVERS CAREER CENTER               ,MO,63090-0000,Public       ,5,28,33,10,43,53
02066900,NICHOLS CAREER CENTER                   ,MO,65101-2814,Public       ,28,50,78,70,118,188
02068200,COX HEALTH - COX COLLEGE                ,MO,65802-0000,Private      ,77,220,297,147,409,556
02068202,COX HEALTH - RADIOLOGIC TECHNOLOGY      ,MO,65802-0000,Private      ,10,20,30,30,53,83
02068204,COX HEALTH - MEDICAL TECHNOLOGY         ,MO,65807-0000,Private      ,2,20,22,9,40,49
02073600,KENNETT CAREER & TECHNOLOGY CENTER      ,MO,63857-0000,Public       ,12,21,33,21,33,54
02090400,BOONSLICK TECHNICAL EDUCATION CTR       ,MO,65233-0000,Public       ,4,24,28,8,52,60
02121100,MIDWEST INSTITUTE                       ,MO,63122-0000,Proprietary  ,14,91,105,22,107,129
02124500,FRANKLIN TECHNOLOGY CENTER              ,MO,64801-0000,Public       ,28,117,145,50,227,277
02142200,LEX LA RAY TECHNICAL CENTER             ,MO,64067-0000,Public       ,4,16,20,13,55,68
02151000,HANNIBAL CAREER AND TECHNICAL CENTE     ,MO,63401-2285,Public       ,7,39,46,19,80,99
02164200,FOREST INST PROFESSIONAL PSYCHOLOGY     ,MO,65807-0000,Private      ,4,142,146,9,279,288
02165900,CHILLICOTHE BEAUTY ACADEMY              ,MO,64601-0000,Proprietary  ,2,13,15,4,14,18
02180200,METRO BUSINESS COLLEGE                  ,MO,63701-0000,Proprietary  ,64,299,363,98,470,568
02188100,NORTHLAND CAREER CENTER                 ,MO,64079-8333,Public       ,9,32,41,17,72,89
02202700,OZARK CHRISTIAN COLLEGE                 ,MO,64801-0000,Private      ,128,43,171,391,107,498
02203400,NEVADA REGIONAL TECHNICAL CENTER        ,MO,64772-0000,Public       ,11,30,41,22,64,86
02205200,SANFORD-BROWN COLLEGE                   ,MO,63026-7305,Proprietary  ,140,578,718,204,1138,1342
02205203,SANFORD BROWN COLLEGE-ST. PETERS        ,MO,63301-4042,Proprietary  ,85,428,513,136,816,952
02214500,SALEM COLLEGE OF HAIRSTYLING            ,MO,65401-0000,Proprietary  ,3,9,12,6,21,27
02239200,ALLIED COLLEGE - NORTH                  ,MO,63043-0000,Proprietary  ,205,531,736,332,817,1149
02239202,ALLIED COLLEGE - METRO SOUTH            ,MO,63026-0000,Proprietary  ,16,38,54,39,61,100
02250600,EVEREST COLLEGE                         ,MO,65807-2446,Proprietary  ,66,448,514,82,493,575
02263106,HIGH-TECH INSTITUTE - KANSAS CITY       ,MO,64114-0000,Proprietary  ,10,22,32,19,38,57
02263400,LAKE CAREER AND TECHNICAL CENTER        ,MO,65020-0000,Public       ,5,8,13,6,14,20
02266400,CENTRAL CHRISTIAN CLG OF THE BIBLE      ,MO,65270-0000,Private      ,123,81,204,210,119,329
02277500,HOUSE OF HEAVILIN OF BLUE SPRINGS       ,MO,64014-3953,Proprietary  ,29,64,93,34,72,106
02289200,COLUMBIA AREA CAREER CENTER             ,MO,65203-0000,Public       ,16,57,73,39,109,148
02295700,MISSOURI BEAUTY ACADEMY                 ,MO,63640-1827,Proprietary  ,28,61,89,46,102,148
02300105,EVEREST COLLEGE - EARTH CITY            ,MO,63045-1100,Proprietary  ,67,363,430,75,382,457
02304000,MISSOURI TECH                           ,MO,63132-0000,Proprietary  ,19,63,82,30,82,112
02309100,AMERICAN COLLEGE OF HAIR DESIGN         ,MO,65301-2144,Proprietary  ,4,20,24,15,27,42
02313000,CASS CAREER CENTER                      ,MO,64701-0000,Public       ,2,17,19,9,64,73
02340500,ST LOUIS COLLEGE OF HEALTH CAREERS      ,MO,63110-0000,Proprietary  ,49,230,279,82,376,458
02340501,ST LOUIS COLLEGE OF HEALTH              ,MO,63129-0000,Proprietary  ,4,26,30,12,40,52
02342100,CAREER & TECHNOLOGY CTR AT FT OSAGE     ,MO,64058-0000,Public       ,3,6,9,10,13,23
02361600,CONCORDE CAREER COLLEGE                 ,MO,64111-0000,Proprietary  ,55,391,446,84,618,702
02497500,CLINTON TECHNICAL SCHOOL                ,MO,64735-2966,Public       ,4,14,18,4,20,24
02520800,MERRELL UNIV OF BTY ARTS & SCIENCES     ,MO,65109-0000,Proprietary  ,13,49,62,41,81,122
02530600,SAINT CHARLES COMMUNITY COLLEGE         ,MO,63376-0975,Public       ,1325,1095,2420,2727,1864,4591
02543800,PARIS II EDUCATIONAL CENTER (THE)       ,MO,64118-0000,Proprietary  ,10,34,44,11,40,51
02555300,PATSY AND ROB'S ACADEMY OF BEAUTY       ,MO,63074-0000,Proprietary  ,10,60,70,15,70,85
02564700,ELAINE STEVEN BEAUTY COLLEGE            ,MO,63136-0000,Proprietary  ,13,33,46,25,51,76
02564701,ELAINE STEVEN BEAUTY COLLEGE - ADVANCE B,MO,63383-2006,Proprietary  ,1,1,2,1,3,4
02564702,ELAINE STEVEN BEAUTY COLLEGE - ADVANCE B,MO,63401-2269,Proprietary  ,2,1,3,4,6,10
02568500,GRABBER SCHOOL OF HAIR DESIGN           ,MO,63011-0000,Proprietary  ,14,35,49,26,51,77
02599700,VATTEROTT COLLEGE                       ,MO,63134-2900,Proprietary  ,135,779,914,184,1003,1187
02599701,VATTEROTT COLLEGE - KANSAS CITY         ,MO,64129-1692,Proprietary  ,71,522,593,99,737,836
02599702,VATTEROTT COLLEGE - SPRINGFIELD LOCATION,MO,65807-5340,Proprietary  ,54,343,397,82,465,547
02599703,VATTEROTT COLLEGE - JOPLIN              ,MO,64801-5033,Proprietary  ,39,314,353,50,369,419
02599705,VATTEROTT COLLEGE - SUNSET HILLS        ,MO,63127-1516,Proprietary  ,64,409,473,102,531,633
02599712,VATTEROTT COLLEGE - O'FALLON            ,MO,63366-2748,Proprietary  ,45,201,246,58,267,325
02608000,NEOSHO BEAUTY COLLEGE                   ,MO,64850-1525,Proprietary  ,5,12,17,8,25,33
02609202,VATTEROTT COLLEGE-ST JOSEPH             ,MO,64501-2911,Proprietary  ,40,191,231,70,317,387
02609203,VATTEROTT COLLEGE - L'ECOLE CULINAIRE   ,MO,63124-1103,Proprietary  ,86,291,377,131,440,571
02611004,HERITAGE COLLEGE-KANSAS CITY            ,MO,64131-4203,Proprietary  ,59,313,372,95,443,538
03042400,LEBANON TECHNOLOGY & CAREER CENTER      ,MO,65536-3296,Public       ,10,39,49,25,75,100
03066300,BRYAN CAREER COLLEGE                    ,MO,65806-2507,Proprietary  ,29,118,147,39,199,238
03068600,NORTH COUNTY TECH SPECIAL SCH DIST      ,MO,63033-6498,Public       ,31,243,274,51,361,412
03070200,CENTRAL COLLEGE OF COSMETOLOGY          ,MO,65583-0000,Proprietary  ,3,30,33,6,42,48
03070900,SE MO HOSP CLG NURSING & HEALTH SCI     ,MO,63703-4507,Private      ,19,72,91,68,191,259
03077200,COSMETOLOGY CONCEPTS INSTITUTE          ,MO,65202-1972,Proprietary  ,14,27,41,26,43,69
03083000,OZARKS TECHNICAL COMMUNITY COLLEGE      ,MO,65802-3601,Public       ,2385,3314,5699,4718,5556,10274
03092600,MESSENGER COLLEGE                       ,MO,64804-4909,Private      ,10,22,32,20,35,55
03097600,ST LOUIS HAIR ACADEMY                   ,MO,63107-1737,Proprietary  ,7,18,25,10,34,44
03101000,NEW DIMENSION SCHOOL OF HAIR DESIGN     ,MO,64801-5017,Proprietary  ,6,24,30,9,34,43
03106000,MISSOURI STATE UNIVERSITY - WEST PLAINS ,MO,65775-2715,Public       ,278,388,666,848,816,1664
03110900,HOUSE OF HEAVILIN BEAUTY COLLEGE        ,MO,64030-1154,Proprietary  ,7,26,33,10,31,41
03166300,MOBERLY AREA TECHNICAL CENTER           ,MO,65270-1904,Public       ,4,8,12,12,13,25
03519300,MISSOURI COLLEGE OF COSMETOLOGY NORTH   ,MO,65803-1235,Proprietary  ,13,85,98,35,129,164
03528300,MIDWEST UNIVERSITY                      ,MO,63385-2905,Private      ,3,10,13,5,20,25
03579300,TEXAS COUNTY TECHNICAL INSTITUTE        ,MO,65483-2700,Private      ,9,103,112,27,229,256
03616300,AVIATION INSTITUTE OF MAINTENANCE       ,MO,64129-1811,Proprietary  ,16,74,90,25,160,185
03663400,UNIVERSITY OF COSMETOLOGY               ,MO,63080-1910,Proprietary  ,6,12,18,9,15,24
03878300,PROFESSIONAL MASSAGE TRAINING CENTER    ,MO,65803-2939,Proprietary  ,19,37,56,27,46,73
03916300,ECLIPS SCHOOL OF COSMETOLOGY AND BARBERI,MO,63703-5809,Proprietary  ,6,29,35,10,40,50
03924300,HAIR ACADEMY 110 (THE)                  ,MO,63501-2915,Proprietary  ,5,7,12,15,9,24
03970400,MTTI-WELLSPRING CENTER FOR NATURAL HEALT,MO,64114-3313,Proprietary  ,20,58,78,25,70,95
04037500,ACADEMY OF HAIR DESIGN                  ,MO,65804-2303,Proprietary  ,19,57,76,34,91,125
04048300,DIVAS UNLIMITED ACADEMY                 ,MO,63114-2625,Proprietary  ,3,10,13,6,13,19
04127000,PEMISCOT COUNTY SPECIAL SCHOOL DISTRICT ,MO,63851-1666,Public       ,7,20,27,9,45,54
04130600,HEALING ARTS CENTER                     ,MO,63143-2103,Proprietary  ,0,24,24,5,36,41
04133300,TREND SETTERS SCHOOL OF COSMETOLOGY     ,MO,63702-7607,Proprietary  ,22,30,52,32,42,74
04145700,THE SYSTEM A PAUL MITCHELL PARTNER SCHL ,MO,65807-5969,Proprietary  ,24,30,54,46,43,89
04146100,URSHAN GRADUATE SCHOOL OF THEOLOGY      ,MO,63031-7526,Private      ,0,10,10,0,10,10
00163201,AQUINAS INSTITUTE OF THEOLOGY - MINISTRY,OK,73123-0380,Private      ,0,2,2,0,4,4
00314600,WESTERN OKLAHOMA STATE COLLEGE          ,OK,73521-1397,Public       ,205,337,542,381,526,907
00314700,BACONE COLLEGE                          ,OK,74403-1597,Private      ,482,297,779,781,522,1303
00314900,SOUTHERN NAZARENE UNIVERSITY            ,OK,73008-2694,Private      ,354,498,852,914,817,1731
00315000,CAMERON UNIVERSITY                      ,OK,73505-6377,Public       ,669,1239,1908,1469,2206,3675
00315100,OKLAHOMA WESLEYAN UNIVERSITY            ,OK,74006-6299,Private      ,217,329,546,509,623,1132
00315200,UNIV OF CENTRAL OKLAHOMA                ,OK,73034-5209,Public       ,2891,2678,5569,6069,4709,10778
00315300,CONNORS STATE COLLEGE                   ,OK,74469-9700,Public       ,319,440,759,691,851,1542
00315400,EAST CENTRAL UNIVERSITY                 ,OK,74820-6999,Public       ,806,976,1782,1865,1819,3684
00315500,EASTERN OKLAHOMA STATE COLLEGE          ,OK,74578-4999,Public       ,267,431,698,595,716,1311
00315600,REDLANDS COMMUNITY COLLEGE              ,OK,73036-5304,Public       ,255,410,665,491,653,1144
00315700,LANGSTON UNIVERSITY                     ,OK,73050-0000,Public       ,660,644,1304,1546,1318,2864
00315800,MURRAY STATE COLLEGE                    ,OK,73460-3137,Public       ,396,680,1076,808,1126,1934
00316000,NORTHEASTERN OKLAHOMA A & M COLLEGE     ,OK,74354-6497,Public       ,473,407,880,1075,681,1756
00316100,NORTHEASTERN STATE UNIVERSITY           ,OK,74464-2399,Public       ,1668,2119,3787,3700,4259,7959
00316200,NORTHERN OKLAHOMA COLLEGE               ,OK,74653-0310,Public       ,706,684,1390,1238,1184,2422
00316300,NORTHWESTERN OKLAHOMA STATE UNIV        ,OK,73717-2799,Public       ,437,355,792,893,614,1507
00316400,OKLAHOMA BAPTIST UNIVERSITY             ,OK,74801-2590,Private      ,449,121,570,1533,251,1784
00316500,OKLAHOMA CHRISTIAN UNIVERSITY           ,OK,73131-0000,Private      ,654,231,885,1681,398,2079
00316600,OKLAHOMA CITY UNIVERSITY                ,OK,73106-1493,Private      ,568,835,1403,1926,1912,3838
00316700,UNIV OF SCIENCE & ARTS OF OKLAHOMA      ,OK,73018-5322,Public       ,274,163,437,577,321,898
00316800,ROGERS STATE UNIVERSITY                 ,OK,74017-3252,Public       ,822,1027,1849,1686,1923,3609
00317000,OKLAHOMA STATE UNIVERSITY               ,OK,74078-1015,Public       ,4323,2487,6810,11061,5119,16180
00317200,OKLAHOMA STATE UNIVERSITY-OKMULGEE      ,OK,74447-3901,Public       ,625,579,1204,1244,1049,2293
00317400,OKLAHOMA PANHANDLE STATE UNIVERSITY     ,OK,73939-0000,Public       ,283,144,427,606,237,843
00317600,CARL ALBERT STATE COLLEGE               ,OK,74953-5208,Public       ,441,666,1107,879,1292,2171
00317800,SEMINOLE STATE COLLEGE                  ,OK,74818-1902,Public       ,295,488,783,593,810,1403
00317900,SOUTHEASTERN OKLAHOMA STATE UNIV        ,OK,74701-0609,Public       ,798,788,1586,1733,1405,3138
00318000,SOUTHWESTERN CHRISTIAN UNIVERSITY       ,OK,73008-2335,Private      ,80,71,151,131,115,246
00318100,SOUTHWESTERN OKLAHOMA STATE UNIV        ,OK,73096-3098,Public       ,972,669,1641,2099,1233,3332
00318101,SOUTHWESTERN OK STATE UNIV AT SAYRE     ,OK,73662-0000,Public       ,47,85,132,93,137,230
00318300,ST GREGORY'S UNIVERSITY                 ,OK,74804-2499,Private      ,118,185,303,283,289,572
00318308,SAINT GREGORY'S UNIVERSITY - IPD TULSA  ,OK,74135-2499,Private      ,4,56,60,16,101,117
00318400,UNIVERSITY OF OKLAHOMA                  ,OK,73019-4078,Public       ,3684,3204,6888,13174,7347,20521
00318401,UNIVERSITY OF OKLAHOMA-HLTH SCI CTR     ,OK,73190-0000,Public       ,178,1476,1654,372,3050,3422
00318500,UNIVERSITY OF TULSA                     ,OK,74104-3189,Private      ,578,612,1190,2466,1435,3901
00398500,ORAL ROBERTS UNIVERSITY                 ,OK,74171-0001,Private      ,820,491,1311,2400,1014,3414
00458305,BROWN MACKIE COLLEGE-SOUTH BEND - BROWN ,OK,74146-5234,Proprietary  ,21,139,160,32,218,250
00531100,TULSA COUNTY AREA VOC TECH SCHOOL       ,OK,74145-0000,Public       ,101,435,536,151,669,820
00531200,RED RIVER TECHNOLOGY CENTER             ,OK,73533-2700,Public       ,9,82,91,18,120,138
00533900,METRO TECHNOLOGY CENTERS SCH DIST22     ,OK,73111-0000,Public       ,69,383,452,111,652,763
00533903,METRO TECHNOLOGY CENTERS SCH DIST22     ,OK,73129-0000,Public       ,22,115,137,38,191,229
00694200,MID-AMERICA CHRISTIAN UNIVERSITY        ,OK,73170-4504,Private      ,174,375,549,351,641,992
00767800,SPARTAN COLLEGE OF AERONAUTICS AND TECHN,OK,74115-5800,Proprietary  ,463,435,898,882,668,1550
00791100,VIRGILS BEAUTY COLLEGE                  ,OK,74401-6802,Proprietary  ,1,9,10,3,15,18
00834300,AUTRY TECHNOLOGY CENTER                 ,OK,73703-2598,Public       ,23,99,122,32,150,182
00861900,TRI COUNTY TECHNOLOGY CENTER            ,OK,74006-6029,Public       ,49,48,97,68,120,188
00918500,ROSE STATE COLLEGE                      ,OK,73110-2799,Public       ,811,1725,2536,1465,2977,4442
00920400,KIAMICHI AREA VOC TECH SCHOOL           ,OK,74578-0548,Public       ,86,361,447,138,625,763
00920408,KIAMICHI AREA VOC TECH SCHOOL           ,OK,74953-0000,Public       ,8,34,42,19,72,91
00961800,TULSA WELDING SCHOOL                    ,OK,74104-0000,Proprietary  ,441,662,1103,711,828,1539
00964700,"OKLAHOMA STATE UNIV, OKLA CITY          ",OK,73107-6159,Public       ,655,1750,2405,1339,3114,4453
00970800,EVES COLLEGE OF HAIRSTYLING             ,OK,73501-4359,Proprietary  ,5,11,16,8,18,26
00976300,TULSA COMMUNITY COLLEGE                 ,OK,74135-6198,Public       ,3539,4026,7565,5673,6986,12659
00996300,CADDO KIOWA VOC TECH CENTER             ,OK,73038-0000,Public       ,24,72,96,37,138,175
00996400,CENTRAL OKLAHOMA AREA VOC TECH SCH      ,OK,74030-9613,Public       ,28,80,108,47,135,182
00996500,CANADIAN VALLEY TECHNOLOGY CENTER       ,OK,73036-9117,Public       ,20,121,141,39,198,237
00996800,GORDON COOPER TECHNOLOGY CENTER         ,OK,74804-9913,Public       ,35,132,167,51,231,282
01005300,INDIAN CAPITAL TECHNOLGY CENTER #4      ,OK,74403-9907,Public       ,60,204,264,97,400,497
01026600,HILLSDALE FREE WILL BAPTIST COLLEGE     ,OK,73153-0000,Private      ,86,19,105,174,34,208
01034200,SOUTHERN OKLAHOMA TECHNOLOGY CENTER     ,OK,73401-2100,Public       ,30,94,124,46,165,211
01039100,OKLAHOMA CITY COMMUNITY COLLEGE         ,OK,73159-4444,Public       ,1423,2726,4149,2602,4644,7246
01050304,WTI TULSA CAMPUS                        ,OK,74112-3140,Proprietary  ,4,61,65,4,61,65
01071700,GREAT PLAINS TECHNOLOGY CENTER SCHOOL DI,OK,73505-8399,Public       ,25,165,190,47,243,290
01076200,WESTERN OK AREA VOC TECH SCH DIST12     ,OK,73624-1469,Public       ,19,54,73,25,72,97
01120600,PIONEER TECHNOLOGY CENTER               ,OK,74601-1106,Public       ,14,58,72,17,106,123
01128200,OKLAHOMA STATE UNV CLG OSTEOPTHC MD     ,OK,74107-0000,Public       ,17,238,255,39,500,539
01153700,MID-AMERICA TECHNOLOGY CENTER           ,OK,73095-0210,Public       ,5,36,41,13,54,67
01227200,MOORE-NORMAN TECHNOLOGY CENTER          ,OK,73069-8399,Public       ,45,259,304,80,445,525
02052700,NORTHEAST TECHNOLOGY CENTER             ,OK,74361-0487,Public       ,17,119,136,29,233,262
02052701,NORTHEAST TECHNOLOGY CENTER -           ,OK,74362-0825,Public       ,15,60,75,20,116,136
02060800,MERIDIAN TECHNOLOGY CENTER              ,OK,74074-0000,Public       ,46,140,186,69,236,305
02126500,ENID BEAUTY COLLEGE                     ,OK,73701-0000,Proprietary  ,11,24,35,11,29,40
02177900,STATE BARBER AND HAIR DESIGN CLG        ,OK,73108-0000,Proprietary  ,0,0,0,1,0,1
02184400,SAND SPRINGS BEAUTY COLLEGE             ,OK,74063-0000,Proprietary  ,12,49,61,12,57,69
02197300,HOLLYWOOD COSMETOLOGY CENTER            ,OK,73189-0000,Proprietary  ,3,12,15,6,20,26
02222700,FRANCIS TUTTLE TECHNOLOGY CENTER        ,OK,73142-0000,Public       ,83,407,490,130,690,820
02238500,CENTRAL STATE BEAUTY ACADEMY            ,OK,73162-6007,Proprietary  ,25,91,116,39,146,185
02250900,E OK COUNTY AREA VO-TECH                ,OK,73020-0000,Public       ,16,31,47,20,40,60
02256200,"BROKEN ARROW BEAUTY COLLEGE, INC        ",OK,74012-0000,Proprietary  ,18,35,53,22,54,76
02282100,HIGH PLAINS AREA VOC-TECH               ,OK,73801-0000,Public       ,11,29,40,19,44,63
02306800,PLATT COLLEGE                           ,OK,74145-0000,Proprietary  ,133,944,1077,158,1040,1198
02510300,BEAUTY TECHNICAL COLLEGE                ,OK,74465-0000,Proprietary  ,4,2,6,4,8,12
02531200,WOODWARD BEAUTY COLLEGE                 ,OK,73801-0000,Proprietary  ,0,2,2,1,2,3
02554300,AMERICAN BEAUTY INSTITUTE               ,OK,74501-0000,Proprietary  ,6,12,18,8,16,24
02556500,YUKON BEAUTY COLLEGE                    ,OK,73099-4108,Proprietary  ,1,11,12,2,12,14
02560200,PHILLIPS THEOLOGICAL SEMINARY -         ,OK,74116-5612,Private      ,1,48,49,1,72,73
02581100,CLAREMORE BEAUTY COLLEGE                ,OK,74017-7034,Proprietary  ,6,10,16,7,15,22
02581200,CC'S COSMETOLOGY COLLEGE                ,OK,74129-0000,Proprietary  ,11,91,102,18,112,130
02591101,CAREER POINT INSTITUTE                  ,OK,74146-0000,Proprietary  ,3,33,36,10,70,80
02596501,ATI-CAREER TRAINING CENTER - OKLAHOMA CI,OK,73107-2442,Proprietary  ,4,31,35,8,57,65
02597400,PONTOTOC TECHNOLOGY CENTER SCHOOL       ,OK,74820-8621,Public       ,23,77,100,37,127,164
02599706,VATTEROTT COLLEGE - TULSA               ,OK,74146-2205,Proprietary  ,20,141,161,27,222,249
02600000,NORTHWEST TECHNOLOG CTR SCH DIST 10     ,OK,73717-9600,Public       ,7,23,30,9,30,39
02600500,WES WATKINS TECHNOLOGY CENTER           ,OK,74883-9660,Public       ,9,79,88,16,120,136
02609205,VATTEROTT COLLEGE - OKLAHOMA CITY       ,OK,73127-2103,Proprietary  ,25,246,271,33,348,381
03008700,SOUTHWEST TECHNOLOGY CENTER             ,OK,73521-1527,Public       ,10,30,40,10,44,54
03010300,POTEAU BEAUTY COLLEGE                   ,OK,74953-5400,Proprietary  ,5,14,19,6,22,28
03024700,STILLWATER BEAUTY ACADEMY               ,OK,74075-3467,Proprietary  ,7,10,17,9,16,25
03030700,OKLAHOMA SCHOOL OF PHOTOGRAPHY          ,OK,73160-3320,Proprietary  ,4,22,26,8,34,42
03030800,AMERICAN BROADCASTING SCHOOL            ,OK,73115-3334,Proprietary  ,11,71,82,17,100,117
03051100,CHISHOLM TRAIL TECHNOLOGY CENTER        ,OK,73764-9720,Public       ,4,18,22,8,26,34
03078500,TECH INST OF COSMETOLOGY ARTS & SCI     ,OK,74120-3610,Proprietary  ,4,17,21,6,21,27
03103800,SOUTHERN SCHOOL OF BEAUTY               ,OK,74701-5008,Proprietary  ,10,23,33,12,30,42
03109800,PONCA CITY BEAUTY COLLEGE               ,OK,74601-4201,Proprietary  ,0,2,2,0,3,3
03109801,BARTLESVILLE BEAUTY COLLEGE             ,OK,74003-2835,Proprietary  ,0,1,1,0,1,1
03115100,HERITAGE COLLEGE                        ,OK,73119-0000,Proprietary  ,83,372,455,132,554,686
03124800,PLATT COLLEGE                           ,OK,73501-3808,Proprietary  ,16,72,88,27,113,140
03126200,GREEN COUNTRY AREA VOC TECH SCHOOL      ,OK,74447-1217,Public       ,11,41,52,24,67,91
03198400,MID-DEL AREA VOCATIONAL & TECH SCH      ,OK,73110-4825,Public       ,2,26,28,5,44,49
03329400,PRYOR BEAUTY COLLEGE                    ,OK,74361-0000,Proprietary  ,1,5,6,1,6,7
03329401,PRYOR BEAUTY COLLEGE - GROVE BEAUTY COLL,OK,74345-0009,Proprietary  ,1,6,7,1,6,7
03329402,PRYOR BEAUTY COLLEGE - NORTH EAST OKLAHO,OK,74338-0000,Proprietary  ,1,2,3,1,3,4
03367400,COMMUNITY CARE COLLEGE                  ,OK,74145-6420,Proprietary  ,139,618,757,193,940,1133
03396300,OKLAHOMA HEALTH ACADEMY                 ,OK,74105-6220,Proprietary  ,22,81,103,24,102,126
03396400,OKLAHOMA HEALTH ACADEMY                 ,OK,73160-3667,Proprietary  ,22,104,126,25,118,143
03453400,SHAWNEE BEAUTY COLLEGE                  ,OK,74801-7014,Proprietary  ,8,8,16,10,14,24
03676300,FAMILY OF FAITH COLLEGE                 ,OK,74802-1805,Private      ,5,6,11,9,11,20
03831300,INSTITUTE OF HAIR DESIGN                ,OK,74804-0000,Proprietary  ,0,3,3,1,5,6
03928300,CENTRAL STATE MASSAGE ACADEMY           ,OK,73162-6007,Proprietary  ,17,36,53,27,54,81
04027300,4-STATES ACADEMY OF COSMETOLOGY         ,OK,74354-0000,Proprietary  ,9,34,43,10,42,52
04060300,AMERICAN INSTITUTE OF MEDICAL TECHNOLOGY,OK,74146-5201,Proprietary  ,16,50,66,25,73,98
04062300,OKLAHOMA TECHNOLOGY INSTITUTE           ,OK,73114-6318,Proprietary  ,4,35,39,9,61,70
04121300,4-STATES OKMULGEE ACADEMY OF COSMETOLOGY,OK,74447-0000,Proprietary  ,2,16,18,5,22,27
04133600,CUTTER'S EDGE SCHOOL OF COSMETOLOGY     ,OK,74023-2905,Proprietary  ,1,10,11,2,10,12
04144400,ACADEMY OF HAIR DESIGN (THE)            ,OK,73120-6808,Proprietary  ,13,7,20,13,7,20
00163700,BETHANY THEOLOGICAL SEMINARY            ,IN,47374-0000,Private      ,0,17,17,1,30,31
00178400,ANCILLA COLLEGE-FINANCIAL AID OFFC      ,IN,46513-0001,Private      ,37,58,95,431,478,909
00178500,ANDERSON UNIVERSITY                     ,IN,46012-3495,Private      ,180,175,355,2709,810,3519
00178600,BALL STATE UNIVERSITY                   ,IN,47306-0880,Public       ,831,931,1762,19518,8081,27599
00178700,BETHEL COLLEGE INC                      ,IN,46545-5591,Private      ,67,169,236,1529,1142,2671
00178800,BUTLER UNIVERSITY                       ,IN,46208-3487,Private      ,209,201,410,6124,1373,7497
00178900,CHRISTIAN THEOLOGICAL SEMINARY          ,IN,46208-0000,Private      ,1,49,50,2,180,182
00179200,DEPAUW UNIVERSITY                       ,IN,46135-0037,Private      ,132,7,139,3000,81,3081
00179300,EARLHAM COLLEGE                         ,IN,47374-4095,Private      ,204,41,245,1485,118,1603
00179301,EARLHAM SCHOOL OF RELIGION              ,IN,47374-0000,Private      ,1,27,28,16,53,69
00179500,UNIVERSITY OF EVANSVILLE                ,IN,47722-0002,Private      ,153,103,256,3714,637,4351
00179800,FRANKLIN COLLEGE OF INDIANA             ,IN,46131-2623,Private      ,38,16,54,1814,155,1969
00179900,GOSHEN COLLEGE                          ,IN,46526-4794,Private      ,122,71,193,1106,370,1476
00180000,GRACE COLLEGE & THEO SEMINARY           ,IN,46590-1224,Private      ,85,54,139,1444,699,2143
00180100,HANOVER COLLEGE                         ,IN,47243-0108,Private      ,54,7,61,1778,62,1840
00180300,HUNTINGTON UNIVERSITY                   ,IN,46750-1299,Private      ,78,61,139,1359,295,1654
00180400,UNIVERSITY OF INDIANAPOLIS              ,IN,46227-3697,Private      ,116,434,550,4785,3042,7827
00180500,INDIANA INSTITUTE OF TECHNOLOGY         ,IN,46803-1297,Private      ,112,423,535,1460,2570,4030
00180700,INDIANA STATE UNIVERSITY                ,IN,47809-2501,Public       ,522,1025,1547,8389,5365,13754
00180800,UNIVERSITY OF SOUTHERN INDIANA          ,IN,47712-3596,Public       ,442,587,1029,8207,2986,11193
00180900,INDIANA UNIVERSITY-BLOOMINGTON          ,IN,47405-1223,Public       ,1536,1778,3314,29783,10324,40107
00181100,INDIANA UNIV-EAST                       ,IN,47374-1289,Public       ,100,322,422,1189,1604,2793
00181300,INDIANA UNIV-PURDUE UNIV INDPLS         ,IN,46202-5145,Public       ,826,3137,3963,15226,17717,32943
00181301,INDIANA UNIVERSITY - PURDUE UNIVERSITY I,IN,47203-1769,Public       ,79,234,313,1319,1311,2630
00181400,INDIANA UNIV KOKOMO                     ,IN,46902-3557,Public       ,66,257,323,1374,1673,3047
00181500,INDIANA UNIV-NORTHWEST                  ,IN,46408-1197,Public       ,227,685,912,2378,3388,5766
00181600,INDIANA UNIVERSITY - SOUTH BEND         ,IN,46615-0000,Public       ,290,840,1130,4169,4409,8578
00181700,INDIANA UNIVERSITY-SOUTHEAST            ,IN,47150-6405,Public       ,331,685,1016,3446,3045,6491
00182000,MANCHESTER COLLEGE                      ,IN,46962-1276,Private      ,49,7,56,2355,139,2494
00182100,MARIAN UNIVERSITY                       ,IN,46222-1997,Private      ,76,249,325,1855,1478,3333
00182200,INDIANA WESLEYAN UNIVERSITY             ,IN,46953-4974,Private      ,184,2658,2842,4037,8043,12080
00182300,ASSOCIATED MENNONITE BIBLICAL SEM       ,IN,46517-1999,Private      ,0,55,55,0,103,103
00182400,OAKLAND CITY UNIVERSITY                 ,IN,47660-1099,Private      ,32,98,130,625,2102,2727
00182500,PURDUE UNIVERSITY                       ,IN,47907-2050,Public       ,1561,1056,2617,29475,6829,36304
00182600,PURDUE UNIV NORTH CENTRAL CAMPUS        ,IN,46391-9528,Public       ,177,331,508,2269,2434,4703
00182700,PURDUE UNIV CALUMET                     ,IN,46323-2094,Public       ,571,981,1552,4651,4418,9069
00182800,INDIANA UNIV-PURDUE UNIV FORT WAYNE     ,IN,46805-1499,Public       ,557,1159,1716,7920,6255,14175
00183000,ROSE HULMAN INSTITUTE OF TECHNOLOGY     ,IN,47803-3999,Private      ,178,11,189,2956,104,3060
00183200,UNIVERSITY OF SAINT FRANCIS             ,IN,46808-3994,Private      ,86,241,327,2079,1472,3551
00183300,ST JOSEPH'S COLLEGE                     ,IN,47978-0000,Private      ,57,16,73,1219,121,1340
00183400,CALUMET COLLEGE OF SAINT JOSEPH         ,IN,46394-2195,Private      ,54,147,201,396,631,1027
00183500,SAINT MARY-OF-THE-WOODS COLLEGE         ,IN,47876-0067,Private      ,22,185,207,421,1025,1446
00183600,ST MARY'S COLLEGE                       ,IN,46556-5007,Private      ,84,13,97,1762,62,1824
00183800,TAYLOR UNIVERSITY                       ,IN,46989-1001,Private      ,112,50,162,2392,177,2569
00183801,TAYLOR UNIVERSITY - FORT WAYNE          ,IN,46807-0000,Private      ,13,25,38,126,95,221
00183900,TRINE UNIVERSITY                        ,IN,46703-1764,Private      ,75,72,147,2339,643,2982
00184000,UNIVERSITY OF NOTRE DAME                ,IN,46556-5602,Private      ,350,432,782,12333,3239,15572
00184200,VALPARAISO UNIVERSITY                   ,IN,46383-6493,Private      ,234,342,576,3901,1689,5590
00184300,VINCENNES UNIVERSITY                    ,IN,47591-1523,Public       ,397,714,1111,5494,3173,8667
00184400,WABASH COLLEGE                          ,IN,47933-0352,Private      ,26,8,34,1286,45,1331
00224905,DAVENPORT UNIVERSITY-MERRILLVILLE       ,IN,46410-0000,Private      ,1,29,30,18,155,173
00420300,GOOD SAMARITAN HOSP RADIOGRAPHY PRG     ,IN,47591-0000,Public       ,0,3,3,3,13,16
00457900,INTERNATIONAL BUSINESS COLLEGE          ,IN,46804-0000,Proprietary  ,95,56,151,611,254,865
00457901,INTERNATIONAL BUSINESS COLLEGE          ,IN,46256-0000,Proprietary  ,55,49,104,492,218,710
00458300,BROWN MACKIE COLLEGE-SOUTH BEND         ,IN,46635-1776,Proprietary  ,95,651,746,410,2410,2820
00458301,BROWN MACKIE COLLEGE-SOUTH BEND - BROWN ,IN,46805-0000,Proprietary  ,50,337,387,186,889,1075
00512730,BROWN MACKIE COLLEGE-MERRILLVILLE       ,IN,46410-0000,Proprietary  ,7,78,85,94,342,436
00512731,BROWN MACKIE COLLEGE-CINCINNATI - BROWN ,IN,46360-4362,Proprietary  ,24,134,158,73,278,351
00625700,SAINT ELIZABETH SCHOOL OF NURSING       ,IN,47904-2198,Private      ,4,17,21,137,251,388
00726300,HOLY CROSS COLLEGE                      ,IN,46556-0308,Private      ,72,13,85,505,91,596
00727600,SAINT MEINRAD SCHOOL OF THEOLOGY        ,IN,47577-1002,Private      ,0,24,24,3,50,53
00732700,ITT TECHNICAL INSTITUTE                 ,IN,47630-7430,Proprietary  ,610,1539,2149,924,2022,2946
00732900,ITT TECHNICAL INSTITUTE                 ,IN,46268-1119,Proprietary  ,661,3562,4223,1162,4898,6060
00736200,MEDTECH COLLEGE                         ,IN,46250-3970,Proprietary  ,45,344,389,152,1124,1276
00736202,MEDTECH COLLEGE - GREENWOOD             ,IN,46143-6478,Proprietary  ,15,127,142,104,566,670
00736204,MEDTECH COLLEGE - FORT WAYNE            ,IN,46804-2209,Proprietary  ,11,129,140,47,360,407
00793800,LINCOLN COLLEGE OF TECHNOLOGY           ,IN,46202-0000,Proprietary  ,565,441,1006,1922,1068,2990
00832900,ITT TECHNICAL INSTITUTE                 ,IN,46825-2393,Proprietary  ,473,1565,2038,884,2231,3115
00842300,IVY TECH COMMUNITY COLLEGE OF INDIANA - ,IN,46601-3892,Public       ,263,1658,1921,2119,6749,8868
00854600,NOT FOR STUDENT USE                     ,IN,46208-4700,Public       ,4,10,14,47,106,153
00854700,IVY TECH COMMUNITY COLLEGE OF INDIANA - ,IN,47802-4898,Public       ,213,831,1044,1773,4040,5813
00951500,J MICHAEL HARROLD BEAUTY ACADEMY        ,IN,47807-3390,Proprietary  ,0,7,7,15,17,32
00961200,"APEX SCHOOL OF BEAUTY CULTURE, INC      ",IN,46016-0000,Proprietary  ,1,11,12,6,25,31
00961300,MERRILLVILLE BEAUTY COLLEGE             ,IN,46410-3401,Proprietary  ,4,13,17,12,37,49
00967300,RUDAE'S SCHOOL OF BEAUTY CULTURE        ,IN,46825-5444,Proprietary  ,20,49,69,70,92,162
00967301,RUDAE'S SCHOOL OF BEAUTY CULTURE - FORT ,IN,46825-5444,Proprietary  ,0,0,0,0,1,1
00977700,KAPLAN COLLEGE                          ,IN,46278-1736,Proprietary  ,105,495,600,328,1281,1609
00977702,KAPLAN COLLEGE - TEMPORARY FACILITY EXPA,IN,46268-4111,Proprietary  ,3,11,14,16,46,62
00977703,KAPLAN COLLEGE -  SE INDY               ,IN,46227-0000,Proprietary  ,38,213,251,84,308,392
00991700,IVY TECH COMMUNITY COLLEGE OF INDIANA - ,IN,46208-1763,Public       ,853,3294,4147,7420,14328,21748
00992300,IVY TECH COMMUNITY COLLEGE OF INDIANA - ,IN,47250-1881,Public       ,92,452,544,733,1681,2414
00992400,IVY TECH COMMUNITY COLLEGE OF INDIANA - ,IN,47302-9448,Public       ,246,1086,1332,3049,5963,9012
00992500,IVY TECH COMMUNITY COLLEGE OF INDIANA - ,IN,47710-3398,Public       ,215,926,1141,1760,3584,5344
00992600,IVY TECH COMMUNITY COLLEGE OF INDIANA- R,IN,46805-1489,Public       ,385,1808,2193,3576,8047,11623
01003700,IVY TECH STATE COLLEGE - REGION 9       ,IN,47374-1220,Public       ,99,788,887,847,2901,3748
01003800,IVY TECH COMMUNITY COLLEGE OF INDIANA - ,IN,47203-1868,Public       ,147,655,802,1384,3040,4424
01003900,IVY TECH COMMUNITY COLLEGE OF INDIANA - ,IN,47903-6299,Public       ,292,1103,1395,2667,4263,6930
01004000,IVY TECH COMMUNITY COLLEGE OF INDIANA - ,IN,46409-1303,Public       ,271,1280,1551,1958,5261,7219
01004100,IVY TECH STATE COLLEGE - REGION 5       ,IN,46903-1373,Public       ,143,908,1051,1275,3939,5214
01010900,IVY TECH COMMUNITY COLLEGE OF INDIANA - ,IN,47172-1897,Public       ,174,661,835,1081,2487,3568
01015100,VINCENNES BEAUTY COLLEGE                ,IN,47591-1297,Proprietary  ,1,12,13,17,31,48
01040900,LAFAYETTE BEAUTY ACADEMY                ,IN,47901-1149,Proprietary  ,5,31,36,26,68,94
01061800,MID-AMERICA CLG FUNERAL SERVICE         ,IN,47130-9990,Private      ,9,30,39,32,70,102
01150500,CREATIVE HAIR STYLING ACADEMY           ,IN,46322-1554,Proprietary  ,9,24,33,25,46,71
02084800,RAVENSCROFT BEAUTY COLLEGE              ,IN,46815-0000,Proprietary  ,12,44,56,43,83,126
02087600,CONCORDIA THEOLOGICAL SEMINARY          ,IN,46825-0000,Private      ,2,125,127,2,234,236
02100402,EVEREST INSTITUTE - EVEREST COLLEGE     ,IN,46410-5683,Proprietary  ,66,448,514,130,596,726
02140800,MARTIN UNIVERSITY                       ,IN,46218-0000,Private      ,20,170,190,134,922,1056
02158400,HARRISON COLLEGE                        ,IN,46204-2611,Proprietary  ,136,983,1119,558,2500,3058
02158401,HARRISON COLLEGE - COLUMBUS             ,IN,47203-1843,Proprietary  ,11,84,95,70,314,384
02158402,HARRISON COLLEGE - LAFAYETTE            ,IN,47905-4859,Proprietary  ,21,108,129,81,334,415
02158404,HARRISON COLLEGE - MARION               ,IN,46952-0000,Proprietary  ,5,39,44,29,102,131
02158405,HARRISON COLLEGE - TERRE HAUTE          ,IN,47802-0000,Proprietary  ,15,95,110,73,380,453
02158407,HARRISON COLLEGE - ANDERSON             ,IN,46013-0000,Proprietary  ,11,80,91,84,323,407
02158409,HARRISON COLLEGE - EVANSVILLE           ,IN,47715-3901,Proprietary  ,15,122,137,85,332,417
02158410,HARRISON COLLEGE - EAST                 ,IN,46239-8903,Proprietary  ,28,172,200,187,774,961
02158412,HARRISON COLLEGE - FORT WAYNE           ,IN,46825-0000,Proprietary  ,47,149,196,203,675,878
02158413,HARRISON COLLEGE - NORTHWEST            ,IN,46278-0000,Proprietary  ,38,95,133,160,355,515
02158800,DON ROBERTS BEAUTY SCHOOLS              ,IN,46383-0000,Proprietary  ,4,6,10,17,14,31
02164300,DON ROBERTS SCHOOL OF HAIR DESIGN       ,IN,46375-9999,Proprietary  ,4,24,28,13,37,50
02201800,KAPLAN COLLEGE                          ,IN,46410-0000,Proprietary  ,22,147,169,116,497,613
02201802,KAPLAN COLLEGE - HAMMOND                ,IN,46324-3347,Proprietary  ,45,222,267,149,710,859
02241700,PJ'S COLLEGE OF COSMETOLOGY             ,IN,47129-0000,Proprietary  ,12,55,67,23,82,105
02302700,J EVERETT LIGHT CAREER CENTER           ,IN,46240-0000,Public       ,7,41,48,47,166,213
02304800,PJ'S COLLEGE OF COSMETOLOGY             ,IN,47374-0000,Proprietary  ,4,25,29,12,45,57
02308900,MASTER'S OF COSMETOLOGY COLLEGE         ,IN,46809-0000,Proprietary  ,9,23,32,58,53,111
02339600,ROGER'S ACADEMY OF HAIR DESIGN          ,IN,47712-0000,Proprietary  ,25,49,74,58,86,144
02345200,EMPIRE BEAUTY SCHOOL                    ,IN,46237-0000,Proprietary  ,31,95,126,68,234,302
02351300,KNOX BEAUTY COLLEGE                     ,IN,46534-0000,Proprietary  ,0,12,12,6,20,26
02490500,HAIR FASHIONS BY KAYE BEAUTY CLG        ,IN,46250-0000,Proprietary  ,1,24,25,25,81,106
02490800,HAIR FASHIONS BY KAYE BEAUTY CLG        ,IN,46060-0000,Proprietary  ,11,76,87,28,97,125
02607000,HAIR ARTS ACADEMY                       ,IN,47404-3581,Proprietary  ,5,17,22,12,33,45
02615800,COLLEGE OF COURT REPORTING              ,IN,46342-5969,Proprietary  ,9,150,159,20,240,260
02616203,BROWN MACKIE COLLEGE-FINDLAY - INDIANAPO,IN,46204-1017,Proprietary  ,68,410,478,203,1218,1421
03009700,HARRISON COLLEGE                        ,IN,47303-6413,Proprietary  ,20,95,115,66,322,388
03009701,HARRISON COLLEGE - MUNCIE - ELKHART     ,IN,46516-9795,Proprietary  ,13,107,120,73,392,465
03084601,THE ART INSTITUTE OF INDIANAPOLIS       ,IN,46268-1170,Proprietary  ,141,218,359,1007,854,1861
03100600,MARION COMM TUCKER AREA VOC SCHOOL      ,IN,46952-3831,Public       ,4,22,26,42,93,135
03176300,AMERICAN TRANS AIR AVIATION ACADEMY     ,IN,46241-1445,Proprietary  ,16,73,89,44,213,257
03262300,DAVID DEMUTH INSTITUTE OF COSM          ,IN,47374-4101,Proprietary  ,2,22,24,8,40,48
03456700,CROSSROADS BIBLE COLLEGE                ,IN,46219-4912,Private      ,13,26,39,58,155,213
03521300,IVY TECH COMMUNITY COLLEGE OF INDIANA - ,IN,47404-9772,Public       ,261,747,1008,2548,3461,6009
03538300,ALEXANDRIA SCH OF SCIENTIFIC THERAP     ,IN,46001-0287,Proprietary  ,6,24,30,26,51,77
04038700,IDEAL BEAUTY ACADEMY                    ,IN,47130-4215,Proprietary  ,7,18,25,13,35,48
04100300,SUCCESS SCHOOLS                         ,IN,46410-5310,Proprietary  ,7,50,57,14,69,83
04121000,TECHSKILLS - INDIANAPOLIS               ,IN,46240-4302,Proprietary  ,3,50,53,16,90,106
04130900,HONORS BEAUTY COLLEGE                   ,IN,46256-3317,Proprietary  ,14,66,80,48,117,165
00190100,ALLEN COUNTY COMMUNITY COLLEGE          ,KS,66749-1607,Public       ,256,408,664,632,700,1332
00190200,COWLEY COUNTY COMMUNITY COLLEGE & AREA V,KS,67005-2662,Public       ,395,748,1143,888,1230,2118
00190300,BAKER UNIVERSITY                        ,KS,66006-0065,Private      ,225,826,1051,1494,1582,3076
00190400,BETHANY COLLEGE                         ,KS,67456-1897,Private      ,150,39,189,683,87,770
00190500,BETHEL COLLEGE                          ,KS,67117-0531,Private      ,106,26,132,436,86,522
00190600,BUTLER COUNTY COMMUNITY COLLEGE         ,KS,67042-3280,Public       ,1131,1544,2675,2528,2617,5145
00190700,CENTRAL BAPTIST THEOLOGY SEMINARY       ,KS,66226-3513,Private      ,0,12,12,0,16,16
00190800,CENTRAL CHRISTIAN COLLEGE OF KANSAS     ,KS,67460-5799,Private      ,116,19,135,430,49,479
00190900,CLOUD COUNTY COMMUNITY COLLEGE          ,KS,66901-1002,Public       ,228,285,513,599,538,1137
00191000,COFFEYVILLE COMMUNITY COLLEGE           ,KS,67337-5064,Public       ,341,183,524,736,289,1025
00191100,COLBY COMMUNITY COLLEGE                 ,KS,67701-4099,Public       ,166,107,273,431,205,636
00191300,DODGE CITY COMMUNITY COLLEGE            ,KS,67801-2399,Public       ,184,136,320,437,240,677
00191400,DONNELLY COLLEGE                        ,KS,66102-4298,Private      ,46,150,196,95,230,325
00191500,FORT HAYS STATE UNIVERSITY              ,KS,67601-4099,Public       ,821,1113,1934,3006,2736,5742
00191600,FORT SCOTT COMMUNITY COLLEGE            ,KS,66701-3199,Public       ,378,328,706,867,531,1398
00191700,BARCLAY COLLEGE                         ,KS,67059-0288,Private      ,28,28,56,85,53,138
00191800,FRIENDS UNIVERSITY                      ,KS,67213-3397,Private      ,264,977,1241,1060,1870,2930
00191900,GARDEN CITY COMMUNITY COLLEGE           ,KS,67846-6398,Public       ,256,211,467,632,348,980
00192000,HESSTON COLLEGE                         ,KS,67062-2093,Private      ,100,39,139,419,138,557
00192100,HIGHLAND COMMUNITY COLLEGE              ,KS,66035-4062,Public       ,325,320,645,828,615,1443
00192114,HIGHLAND COMMUNITY COLLEGE - NOTHEAST KA,KS,66002-1513,Public       ,19,40,59,51,72,123
00192300,HUTCHINSON COMMUNITY COLLEGE            ,KS,67501-5894,Public       ,535,637,1172,1454,1151,2605
00192400,INDEPENDENCE COMMUNITY COLLEGE          ,KS,67301-0000,Public       ,164,104,268,335,165,500
00192500,KANSAS CITY KANSAS COMMUNITY CLG        ,KS,66112-9978,Public       ,480,1162,1642,979,2089,3068
00192502,"KANSAS CITY KS AREA TECH SCHOOL, KS     ",KS,66104-0000,Public       ,21,77,98,52,136,188
00192600,PITTSBURG STATE UNIVERSITY              ,KS,66762-7500,Public       ,1157,851,2008,3784,1745,5529
00192700,EMPORIA STATE UNIVERSITY                ,KS,66801-5087,Public       ,834,884,1718,2710,2028,4738
00192800,KANSAS STATE UNIVERSITY                 ,KS,66506-1104,Public       ,2705,1597,4302,12761,4425,17186
00192900,KANSAS WESLEYAN UNIVERSITY              ,KS,67401-6196,Private      ,138,87,225,853,313,1166
00193000,LABETTE COMMUNITY COLLEGE               ,KS,67357-4299,Public       ,173,251,424,401,416,817
00193100,MANHATTAN CHRISTIAN COLLEGE             ,KS,66502-4081,Private      ,84,44,128,245,80,325
00193300,MCPHERSON COLLEGE                       ,KS,67460-3899,Private      ,93,42,135,615,132,747
00193600,NEOSHO COUNTY COMMUNITY COLLEGE         ,KS,66720-2699,Public       ,191,332,523,398,569,967
00193700,OTTAWA UNIVERSITY                       ,KS,66067-3399,Private      ,175,823,998,850,1343,2193
00193800,PRATT COMMUNITY COLLEGE                 ,KS,67124-8432,Public       ,173,199,372,406,360,766
00193900,NEWMAN UNIVERSITY                       ,KS,67213-2084,Private      ,225,401,626,938,995,1933
00194000,SOUTHWESTERN COLLEGE                    ,KS,67156-2499,Private      ,176,450,626,656,810,1466
00194300,UNIVERSITY OF ST MARY                   ,KS,66048-5023,Private      ,148,190,338,494,405,899
00194500,STERLING COLLEGE                        ,KS,67579-1533,Private      ,199,60,259,749,130,879
00194600,TABOR COLLEGE                           ,KS,67063-1799,Private      ,131,66,197,617,121,738
00194800,UNIVERSITY OF KANSAS                    ,KS,66045-7535,Public       ,2903,2263,5166,14031,8073,22104
00194900,WASHBURN UNIVERSITY                     ,KS,66621-1110,Public       ,529,1051,1580,2618,3336,5954
00195000,WICHITA STATE UNIVERSITY                ,KS,67208-0001,Public       ,1521,2210,3731,5226,5325,10551
00460800,BARTON COUNTY COMMUNITY COLLEGE         ,KS,67530-9283,Public       ,238,398,636,598,723,1321
00526400,FLINT HILLS TECHNICAL COLLEGE           ,KS,66801-5999,Public       ,89,144,233,157,216,373
00526500,NORTH CENTRAL KANSAS TECH COLG          ,KS,67420-0000,Public       ,130,111,241,292,195,487
00526700,NORTHWEST KANSAS TECHNICAL SCHOOL       ,KS,67735-3441,Public       ,96,46,142,172,65,237
00549800,WICHITA AREA TECHNICAL COLLEGE          ,KS,67211-2099,Public       ,136,603,739,229,958,1187
00549900,SALINA AREA TECHNICAL COLLEGE           ,KS,67401-8195,Public       ,57,57,114,118,95,213
00550000,MANHATTAN AREA TECHNICAL COLLEGE        ,KS,66503-2499,Public       ,85,170,255,214,292,506
00675500,BROWN MACKIE COLLEGE (THE)              ,KS,67401-7307,Proprietary  ,94,496,590,145,776,921
00703200,MID AMERICA NAZARENE UNIVERSITY         ,KS,66062-1899,Private      ,149,321,470,898,625,1523
00822800,SEWARD CO COMM CO/AREA TECHNICAL SCHOOL ,KS,67905-0000,Public       ,152,139,291,273,227,500
00824400,JOHNSON COUNTY COMMUNITY COLLEGE        ,KS,66210-1299,Public       ,1570,2299,3869,3979,4251,8230
00833200,B-STREET DESIGN SCHOOL OF INTERNATIONAL ,KS,66502-6082,Proprietary  ,8,42,50,18,54,72
00868200,ACADEMY OF HAIR DESIGN                  ,KS,67401-2803,Proprietary  ,8,27,35,18,34,52
01025600,BENEDICTINE COLLEGE                     ,KS,66002-1499,Private      ,267,31,298,1750,87,1837
01043800,HASKELL INDIAN NATIONS UNIVERSITY       ,KS,66046-4800,Public       ,379,281,660,667,458,1125
01050300,WICHITA TECHNICAL INSTITUTE             ,KS,67213-1927,Proprietary  ,122,735,857,175,1216,1391
01050302,WICHITA TECHNICAL INSTITUTE - WTI TOPEKA,KS,66609-1217,Proprietary  ,2,11,13,2,11,13
01050305,WICHITA TECHNICAL INSTITUTE - EAST CAMPU,KS,67208-4243,Proprietary  ,6,37,43,6,37,43
01068900,KAW AREA TECHNICAL SCHOOL               ,KS,66604-2199,Public       ,78,205,283,139,300,439
02090700,CLEVELAND CHIROPRACTIC COLLEGE          ,KS,66210-1613,Private      ,12,164,176,32,422,454
02134800,OLD TOWN BARBER AND BEAUTY COLLEGE      ,KS,67211-0000,Proprietary  ,15,38,53,21,48,69
02196400,CAPITOL CITY HAIR DESIGN COLLEGE        ,KS,66102-0000,Proprietary  ,4,22,26,4,24,28
02257700,HAYS ACADEMY OF HAIR DESIGN             ,KS,67601-0000,Proprietary  ,10,23,33,27,35,62
02303500,AMERICAN INSTITUTE OF BAKING            ,KS,66502-0000,Private      ,3,3,6,5,5,10
02340700,LABARON HAIRDRESSING ACADEMY            ,KS,66204-0000,Proprietary  ,3,8,11,6,11,17
02590900,WRIGHT CAREER COLLEGE                   ,KS,66212-0000,Private      ,82,687,769,104,895,999
02599709,VATTEROTT COLLEGE - WICHITA             ,KS,67226-1304,Proprietary  ,37,247,284,48,304,352
02603100,XENON INTERNATIONAL ACADEMY             ,KS,67203-5428,Proprietary  ,49,99,148,79,130,209
02606300,PAUL MITCHELL THE SCHOOL WICHITA        ,KS,67226-2803,Proprietary  ,19,24,43,29,41,70
02611005,HERITAGE COLLEGE - WICHITA              ,KS,67210-1879,Proprietary  ,78,394,472,121,562,683
02613000,PINNACLE CAREER INSTITUTE               ,KS,66046-2703,Proprietary  ,27,107,134,33,152,185
03031300,XENON INTERNATIONAL ACADEMY IV          ,KS,66061-3765,Proprietary  ,11,29,40,17,37,54
03066200,BRYAN COLLEGE                           ,KS,66604-2496,Proprietary  ,19,126,145,23,162,185
03450300,B-STREET DESIGN SCHOOL OF INTERNATIONAL ,KS,66611-2373,Proprietary  ,19,35,54,24,41,65
03450301,B-STREET DESIGN SCHOOL OF INTERNATIONAL ,KS,67207-5148,Proprietary  ,13,24,37,19,31,50
03450302,B-STREET DESIGN SCHOOL OF INTERNATIONAL ,KS,66212-5451,Proprietary  ,16,37,53,23,44,67
03529300,SIDNEY'S HAIRDRESSING COLLEGE           ,KS,67501-7094,Proprietary  ,17,25,42,26,40,66
03862300,BMSI INSTITUTE                          ,KS,66212-3388,Proprietary  ,0,6,6,3,10,13
04132900,Z HAIR ACADEMY                          ,KS,66046-4040,Proprietary  ,11,17,28,20,46,66
00203300,UNIVERSITY OF MAINE-PRESQUE ISLE        ,ME,04769-2888,Public       ,165,150,315,670,362,1032
00203500,BANGOR THEOLOGICAL SEMINARY             ,ME,04402-0411,Private      ,0,39,39,2,73,75
00203600,BATES COLLEGE                           ,ME,04240-6028,Private      ,287,15,302,2674,44,2718
00203800,BOWDOIN COLLEGE                         ,ME,04011-8451,Private      ,301,9,310,3575,53,3628
00203900,COLBY COLLEGE                           ,ME,04901-8841,Private      ,138,5,143,2805,44,2849
00204000,UNIVERSITY OF MAINE-FARMINGTON          ,ME,04938-1990,Public       ,253,86,339,2432,363,2795
00204100,UNIVERSITY OF MAINE-FORT KENT           ,ME,04743-1292,Public       ,78,72,150,441,222,663
00204300,HUSSON UNIVERSITY                       ,ME,04401-2999,Private      ,485,339,824,2213,895,3108
00204400,MAINE MARITIME ACADEMY                  ,ME,04420-0001,Public       ,204,46,250,938,113,1051
00205000,UNIVERSITY OF NEW ENGLAND               ,ME,04005-9599,Private      ,451,850,1301,3761,2203,5964
00205100,SAINT JOSEPH'S COLLEGE                  ,ME,04084-5263,Private      ,185,173,358,1527,353,1880
00205200,THOMAS COLLEGE                          ,ME,04901-5097,Private      ,162,58,220,835,163,998
00205300,UNIVERSITY OF MAINE                     ,ME,04469-0001,Public       ,1054,611,1665,10152,2567,12719
00205400,UNIVERSITY OF SOUTHERN MAINE            ,ME,04104-0000,Public       ,915,1034,1949,5934,4027,9961
00205500,UNIVERSITY OF MAINE-MACHIAS             ,ME,04654-1397,Public       ,121,80,201,466,218,684
00520400,BEAL COLLEGE                            ,ME,04401-6896,Proprietary  ,85,190,275,166,373,539
00527600,CENTRAL MAINE COMMUNITY COLLEGE         ,ME,04210-6498,Public       ,452,586,1038,1227,1193,2420
00527700,EASTERN MAINE COMMUNITY COLLEGE         ,ME,04401-4280,Public       ,452,452,904,1241,1007,2248
00552500,SOUTHERN MAINE COMMUNITY  COLLEGE       ,ME,04106-1698,Public       ,863,858,1721,2622,2033,4655
00576000,NORTHERN MAINE COMMUNITY COLLEGE        ,ME,04769-2016,Public       ,177,282,459,383,542,925
00577600,MERCY HOSP SCH OF RADIOLOGIC TECH       ,ME,04101-3795,Private      ,5,17,22,19,31,50
00630501,CENTRAL MAINE MEDICAL CENTER - COLLEGE O,ME,04240-4500,Private      ,10,86,96,47,183,230
00676000,UNIVERSITY OF MAINE-AUGUSTA             ,ME,04330-9410,Public       ,421,1424,1845,1324,3759,5083
00685800,UNITY COLLEGE                           ,ME,04988-9502,Private      ,146,18,164,891,66,957
00903800,MR BERNARD'S SCH HAIR FASHION INC       ,ME,04243-1163,Proprietary  ,20,100,120,26,108,134
00923100,WASHINGTON COUNTY COMMUNITY COLLEGE     ,ME,04619-9704,Public       ,71,106,177,233,230,463
00929200,ANDOVER COLLEGE                         ,ME,04106-2415,Proprietary  ,91,337,428,154,580,734
00929201,ANDOVER COLLEGE -                       ,ME,04240-0000,Proprietary  ,88,406,494,132,694,826
00945900,EMPIRE BEAUTY SCHOOL                    ,ME,04101-3348,Proprietary  ,68,122,190,107,204,311
00945902,PIERRE'S SCHOOL OF COSMETOLOGY - CARIBOU,ME,04736-2020,Proprietary  ,2,0,2,5,3,8
00945903,EMPIRE BEAUTY SCHOOL - BANGOR           ,ME,04401-6534,Proprietary  ,4,8,12,18,16,34
00982600,KENNEBEC VALLEY  COMMUNITY  COLLEGE     ,ME,04937-1367,Public       ,240,538,778,605,1137,1742
01138500,COLLEGE OF THE ATLANTIC                 ,ME,04609-1105,Private      ,14,8,22,405,52,457
01167300,MAINE COLLEGE OF ART                    ,ME,04101-3987,Private      ,103,59,162,513,192,705
02104400,SPA TECH INSTITUTE                      ,ME,04102-0000,Proprietary  ,61,161,222,85,221,306
02347100,NEW ENGLAND SCHOOL OF COMMUNICATIONS    ,ME,04401-0000,Private      ,166,30,196,546,81,627
02361300,LANDING SCHOOL OF BOATBUILDING & DESIGN ,ME,04046-1490,Private      ,7,21,28,21,38,59
03122900,YORK COUNTY COMMUNITY COLLEGE           ,ME,04090-0529,Public       ,141,211,352,358,425,783
03429300,SEACOAST CAREER SCHOOLS                 ,ME,04073-0000,Proprietary  ,46,250,296,54,276,330
03612300,BIRTHWISE MIDWIFERY SCHOOL              ,ME,04009-1110,Proprietary  ,3,19,22,9,39,48
00209300,ST JOHN'S COLLEGE                       ,NM,87505-4599,Private      ,39,45,84,433,158,591
00264900,COLLEGE OF SANTA FE                     ,NM,87505-7634,Private      ,41,52,93,418,175,593
00265000,UNIVERSITY OF THE SOUTHWEST             ,NM,88240-9129,Private      ,160,143,303,276,232,508
00265100,EASTERN NEW MEXICO UNIV PORTALES        ,NM,88130-6000,Public       ,784,814,1598,2000,1398,3398
00265101,EASTERN NEW MEXICO UNIV-ROSWELL CAM     ,NM,88202-0000,Public       ,346,530,876,691,821,1512
00265300,NEW MEXICO HIGHLANDS UNIVERSITY         ,NM,87701-4436,Public       ,439,821,1260,1332,1543,2875
00265400,NEW MEXICO INST OF MINING & TECH        ,NM,87801-4796,Public       ,259,122,381,784,257,1041
00265500,NEW MEXICO JUNIOR COLLEGE               ,NM,88240-9123,Public       ,262,329,591,446,470,916
00265600,NEW MEXICO MILITARY INSTITUTE           ,NM,88201-5173,Public       ,106,13,119,239,23,262
00265700,NEW MEXICO STATE UNIVERSITY             ,NM,88003-8001,Public       ,2585,3040,5625,8872,6308,15180
00265701,NEW MEXICO STATE UNIV-ALAMOGORDO        ,NM,88311-0000,Public       ,108,373,481,256,626,882
00265702,NEW MEXICO STATE UNIV.-DONA ANA CLG     ,NM,88003-0000,Public       ,682,1141,1823,1437,2007,3444
00265703,NEW MEXICO STATE UNIV-CARLSBAD          ,NM,88220-0000,Public       ,101,217,318,178,336,514
00265704,NEW MEXICO STATE UNIV-GRANTS            ,NM,87020-0000,Public       ,54,144,198,101,234,335
00266000,SAN JUAN COLLEGE                        ,NM,87402-4699,Public       ,578,1205,1783,949,1807,2756
00266300,THE UNIVERSITY OF NEW MEXICO            ,NM,87131-0001,Public       ,3184,4348,7532,10688,10758,21446
00266301,UNIV OF NEW MEXICO - GALLUP BRANCH      ,NM,87301-5697,Public       ,139,219,358,307,420,727
00266302,UNIV OF NEW MEXICO - VALENCIA BRANCH    ,NM,87031-0000,Public       ,88,142,230,234,305,539
00266303,UNIV OF NEW MEXICO - LOS ALAMOS         ,NM,87544-0000,Public       ,25,31,56,103,68,171
00266304,UNIVERSITY OF NEW MEXICO                ,NM,87571-6401,Public       ,29,63,92,125,213,338
00266400,WESTERN NEW MEXICO UNIVERSITY           ,NM,88061-5417,Public       ,328,719,1047,717,1135,1852
00369109,MIDDLEBURY COLLEGE - INSTITUTE OF AMERIC,NM,87505-0000,Private      ,1,0,1,3,1,4
00405701,NATIONAL AMERICAN UNIVERSITY            ,NM,87110-0000,Proprietary  ,4,112,116,13,199,212
00474200,CENTRAL NEW MEXICO COMMUNITY COLLEGE    ,NM,87106-4096,Public       ,2034,4520,6554,3608,7643,11251
00474300,CLOVIS COMMUNITY COLLEGE                ,NM,88101-8381,Public       ,171,398,569,292,630,922
00996200,LUNA COMMUNITY COLLEGE                  ,NM,87701-0000,Public       ,155,205,360,263,306,569
01063200,DEWOLFF CLG HAIRSTYLING/COSMETOLOGY     ,NM,87112-4113,Proprietary  ,9,57,66,17,65,82
01300500,OLYMPIAN UNIVERSITY OF COSMETOLOGY      ,NM,88310-5051,Proprietary  ,177,457,634,233,629,862
02083900,NORTHERN NEW MEXICO COLLEGE             ,NM,87530-0000,Public       ,176,329,505,379,554,933
02146400,INSTITUTE OF AMERICAN INDIAN ARTS       ,NM,87508-0000,Public       ,64,90,154,115,160,275
02218808,BROOKLINE COLLEGE - ALBUQUERQUE         ,NM,87105-1649,Proprietary  ,24,120,144,28,131,159
02278100,SANTA FE COMMUNITY COLLEGE              ,NM,87507-0000,Public       ,269,653,922,428,935,1363
02293203,ATI CAREER TRAINING CENTER - ALBUQUERQUE,NM,87109-2016,Proprietary  ,2,16,18,11,37,48
02357600,CROWNPOINT INSTITUTE OF TECHNOLOGY      ,NM,87313-0000,Public       ,100,185,285,126,239,365
02511000,SOUTHWESTERN INDIAN POLYTECH INST       ,NM,87184-0000,Public       ,87,120,207,133,199,332
02572003,COMPUTER CAREER CENTER - LAS CRUCES CAMP,NM,88011-8220,Proprietary  ,14,102,116,19,177,196
02622000,SOUTHWEST ACUPUNCTURE COLLEGE           ,NM,87505-0000,Proprietary  ,0,158,158,2,220,222
03076100,SOUTHWESTERN COLLEGE                    ,NM,87507-0000,Private      ,4,69,73,7,128,135
03206300,MESALANDS COMMUNITY COLLEGE             ,NM,88401-3352,Public       ,40,92,132,87,151,238
03430300,UNIVERSAL THERAPEUTIC MASSAGE INSTITUTE ,NM,87107-4403,Proprietary  ,5,23,28,14,42,56
03678300,PIMA MEDICAL INSTITUTE                  ,NM,87110-4127,Proprietary  ,14,41,55,30,76,106
03944300,MASSAGE THERAPY TRAINING INSTITUTE      ,NM,88007-0000,Proprietary  ,4,15,19,8,21,29
00223400,ADRIAN COLLEGE                          ,MI,49221-2575,Private      ,317,60,377,2573,180,2753
00223500,ALBION COLLEGE                          ,MI,49224-1831,Private      ,141,22,163,2163,71,2234
00223600,ALMA COLLEGE                            ,MI,48801-1599,Private      ,136,21,157,2079,86,2165
00223700,ALPENA COMMUNITY COLLEGE                ,MI,49707-1495,Public       ,223,387,610,744,717,1461
00223800,ANDREWS UNIVERSITY                      ,MI,49104-0750,Private      ,428,361,789,1432,919,2351
00223900,AQUINAS COLLEGE                         ,MI,49506-1799,Private      ,283,172,455,2273,542,2815
00224000,BAY DE NOC COMMUNITY COLLEGE            ,MI,49829-2524,Public       ,262,409,671,1013,890,1903
00224100,CALVIN COLLEGE                          ,MI,49546-4388,Private      ,395,94,489,4066,276,4342
00224200,CALVIN THEOLOGICAL SEMINARY             ,MI,49546-4387,Private      ,1,11,12,11,132,143
00224300,CENTRAL MICHIGAN UNIVERSITY             ,MI,48859-0001,Public       ,2937,2998,5935,19560,7255,26815
00224600,CLEARY UNIVERSITY                       ,MI,48105-2659,Private      ,39,207,246,123,549,672
00224700,CONCORDIA UNIVERSITY-ANN ARBOR          ,MI,48105-2797,Private      ,110,98,208,488,213,701
00224800,CRANBROOK ACADEMY OF ART                ,MI,48303-0000,Private      ,3,27,30,16,303,319
00224900,DAVENPORT UNIVERSITY                    ,MI,49503-0000,Private      ,504,2821,3325,2913,9920,12833
00225100,DELTA COLLEGE                           ,MI,48710-0001,Public       ,1385,2532,3917,4956,5449,10405
00225400,MICHIGAN STATE UNIVERSITY COLLEGE OF LAW,MI,48824-1300,Private      ,44,400,444,307,1736,2043
00225900,EASTERN MICHIGAN UNIVERSITY             ,MI,48197-2214,Public       ,2640,3639,6279,12973,8943,21916
00226000,FERRIS STATE UNIVERSITY                 ,MI,49307-2251,Public       ,1599,1561,3160,11407,5143,16550
00226100,CHARLES STEWART MOTT COMMUNITY CLG      ,MI,48503-2089,Public       ,1320,3444,4764,3724,6440,10164
00226200,KETTERING UNIVERSITY                    ,MI,48504-4898,Private      ,282,125,407,2363,297,2660
00226300,GLEN OAKS COMMUNITY COLLEGE             ,MI,49032-9784,Public       ,110,342,452,455,714,1169
00226400,GOGEBIC COMMUNITY COLLEGE               ,MI,49938-1365,Public       ,150,194,344,518,417,935
00226500,GRACE BIBLE COLLEGE                     ,MI,49509-1998,Private      ,27,14,41,219,54,273
00226600,CORNERSTONE UNIVERSITY                  ,MI,49525-5897,Private      ,198,534,732,1460,1243,2703
00226700,GRAND RAPIDS COMMUNITY COLLEGE          ,MI,49503-3295,Public       ,2057,3222,5279,8266,7351,15617
00226800,GRAND VALLEY STATE UNIVERSITY           ,MI,49401-9403,Public       ,1761,1606,3367,20107,6051,26158
00226900,GREAT LAKES CHRISTIAN COLLEGE           ,MI,48917-1299,Private      ,54,68,122,169,123,292
00227000,HENRY FORD COMMUNITY COLLEGE            ,MI,48128-1495,Public       ,2657,4635,7292,6471,9643,16114
00227300,HOPE COLLEGE                            ,MI,49423-3607,Private      ,235,38,273,3868,139,4007
00227400,JACKSON COMMUNITY COLLEGE               ,MI,49201-8399,Public       ,637,1731,2368,2843,3800,6643
00227500,KALAMAZOO COLLEGE                       ,MI,49006-3295,Private      ,107,35,142,1792,93,1885
00227600,KELLOGG COMMUNITY COLLEGE               ,MI,49017-3397,Public       ,531,1749,2280,1818,3375,5193
00227700,LAKE MICHIGAN COLLEGE                   ,MI,49022-1899,Public       ,377,892,1269,1337,1950,3287
00227800,LANSING COMMUNITY COLLEGE               ,MI,48933-1293,Public       ,2335,4581,6916,6316,7960,14276
00227900,LAWRENCE TECHNOLOGICAL UNIVERSITY       ,MI,48075-1058,Private      ,285,521,806,1631,1205,2836
00228200,MADONNA UNIVERSITY                      ,MI,48150-1173,Private      ,383,1032,1415,1286,2219,3505
00228400,MARYGROVE COLLEGE                       ,MI,48221-2599,Private      ,175,863,1038,586,1747,2333
00228800,ROCHESTER COLLEGE                       ,MI,48307-2764,Private      ,153,181,334,494,453,947
00228801,ROCHESTER COLLEGE - MACOMB COMMUNITY COL,MI,48038-1139,Private      ,154,235,389,429,436,865
00228802,ROCHESTER COLLEGE - MOTT COMMUNITY COLLE,MI,48503-2089,Private      ,54,107,161,164,189,353
00228803,ROCHESTER COLLEGE  - SPECS HOWARD       ,MI,48075-3953,Private      ,8,11,19,23,27,50
00229000,MICHIGAN STATE UNIVERSITY               ,MI,48824-1113,Public       ,4701,3256,7957,32156,10473,42629
00229200,MICHIGAN TECHNOLOGICAL UNIV             ,MI,49931-1295,Public       ,515,214,729,5695,855,6550
00229300,LAKE SUPERIOR STATE UNIVERSITY          ,MI,49783-1691,Public       ,260,235,495,2164,673,2837
00229400,MONROE COUNTY COMMUNITY CLG             ,MI,48161-9746,Public       ,423,746,1169,1150,1442,2592
00229500,MONTCALM COMMUNITY COLLEGE              ,MI,48885-9723,Public       ,212,583,795,747,1190,1937
00229700,MUSKEGON COMMUNITY COLLEGE              ,MI,49442-1432,Public       ,627,1309,1936,2406,2767,5173
00229900,NORTH CENTRAL MICHIGAN COLLEGE          ,MI,49770-8740,Public       ,247,688,935,777,1336,2113
00230100,NORTHERN MICHIGAN UNIVERSITY            ,MI,49855-5316,Public       ,1089,727,1816,6796,2139,8935
00230200,NORTHWESTERN MICHIGAN COLLEGE           ,MI,49686-3061,Public       ,441,938,1379,2055,2132,4187
00230300,OAKLAND COMMUNITY COLLEGE               ,MI,48304-2266,Public       ,0,0,0,75,63,138
00230301,OAKLAND COMMUNITY COLLEGE - ORCHARD RIDG,MI,48334-4579,Public       ,559,962,1521,1555,1979,3534
00230302,OAKLAND COMMUNITY COLLEGE - ROYAL OAK CA,MI,48067-3898,Public       ,681,1381,2062,1724,2843,4567
00230303,OAKLAND COMMUNITY COLLEGE - SOUTHFIELD C,MI,48075-4793,Public       ,440,1266,1706,1372,2852,4224
00230304,OAKLAND COMMUNITY COLLEGE - AUBURN HILLS,MI,48323-2845,Public       ,750,1557,2307,2301,3159,5460
00230305,OAKLAND COMMUNITY COLLEGE - HIGHLAND LAK,MI,48327-4187,Public       ,384,830,1214,1124,1775,2899
00230700,OAKLAND UNIVERSITY                      ,MI,48309-4401,Public       ,2061,2357,4418,11360,6427,17787
00230800,OLIVET COLLEGE                          ,MI,49076-9902,Private      ,205,90,295,1428,285,1713
00231000,ST. CLAIR COUNTY COMMUNITY COLLEGE      ,MI,48061-0000,Public       ,486,1218,1704,1693,2451,4144
00231100,KUYPER COLLEGE                          ,MI,49525-9749,Private      ,38,28,66,339,113,452
00231300,SACRED HEART MAJOR SEMINARY             ,MI,48206-1799,Private      ,11,40,51,33,110,143
00231400,SAGINAW VALLEY STATE UNIV               ,MI,48710-0001,Public       ,1235,1138,2373,8341,3059,11400
00231500,SCHOOLCRAFT COLLEGE                     ,MI,48152-2696,Public       ,1532,2495,4027,4158,5221,9379
00231600,SIENA HEIGHTS UNIVERSITY                ,MI,49221-1796,Private      ,179,434,613,1005,1278,2283
00231700,SOUTHWESTERN MICHIGAN COLLEGE           ,MI,49047-9793,Public       ,262,595,857,1155,1343,2498
00231800,SPRING ARBOR UNIVERSITY                 ,MI,49283-9984,Private      ,281,1168,1449,2083,2405,4488
00232200,FINLANDIA UNIVERSITY                    ,MI,49930-1882,Private      ,88,78,166,484,219,703
00232300,UNIVERSITY OF DETROIT MERCY             ,MI,48221-3038,Private      ,492,996,1488,2772,2765,5537
00232303,UNIV OF DETROIT MERCY - LAW SCHOOL      ,MI,48226-0000,Private      ,3,230,233,13,817,830
00232330,UNIV OF DETROIT MERCY - DENTAL SCHOOL   ,MI,48208-2576,Private      ,7,90,97,46,367,413
00232500,UNIVERSITY OF MICHIGAN - ANN ARBOR      ,MI,48109-1316,Public       ,2375,2266,4641,25467,10305,35772
00232501,UNIVERSITY OF MICHIGAN-MEDICAL SCH      ,MI,48109-0000,Public       ,22,142,164,132,1082,1214
00232503,UNIVERSITY OF MICHIGAN LAW SCHOOL       ,MI,48109-0000,Public       ,4,400,404,39,2747,2786
00232600,UNIVERSITY OF MICHIGAN-DEARBORN         ,MI,48128-2406,Public       ,876,1363,2239,4370,3365,7735
00232700,UNIVERSITY OF MICHIGAN-FLINT            ,MI,48502-1950,Public       ,564,1258,1822,3795,4142,7937
00232800,WASHTENAW COMMUNITY COLLEGE             ,MI,48106-0000,Public       ,1060,2150,3210,2989,4256,7245
00232900,WAYNE STATE UNIVERSITY                  ,MI,48202-0000,Public       ,3249,5620,8869,14477,14810,29287
00232901,WAYNE STATE UNIV SCH OF MEDICINE        ,MI,48201-3359,Public       ,51,411,462,222,1541,1763
00232902,WAYNE STATE UNIVERSITY - LAW SCHOOL     ,MI,48202-3424,Public       ,33,287,320,120,1177,1297
00233000,WESTERN MICHIGAN UNIVERSITY             ,MI,49008-3899,Public       ,3000,2512,5512,16662,6977,23639
00233100,WESTERN THEOLOGICAL SEMINARY            ,MI,49423-0000,Private      ,0,41,41,0,108,108
00407100,WALSH COLLEGE OF ACCT & BUS ADMN        ,MI,48007-7006,Private      ,63,622,685,209,1496,1705
00407200,NORTHWOOD UNIVERSITY                    ,MI,48640-2398,Private      ,379,568,947,2128,1361,3489
00467300,BAKER COLLEGE - FLINT                   ,MI,48507-5508,Private      ,546,2285,2831,1969,5657,7626
00467301,BAKER COLLEGE OF CADILLAC               ,MI,49601-0000,Private      ,122,491,613,404,1404,1808
00467302,BAKER COLLEGE OF CLINTON TOWNSHIP       ,MI,48035-0000,Private      ,538,1643,2181,1714,4488,6202
00467303,BAKER COLLEGE OF MUSKEGON               ,MI,49442-0000,Private      ,572,1366,1938,2408,3867,6275
00467304,BAKER COLLEGE OF OWOSSO                 ,MI,48867-0000,Private      ,349,654,1003,1565,1920,3485
00467305,BAKER COLLEGE OF AUBURN HILLS           ,MI,48326-0000,Private      ,360,1230,1590,924,3031,3955
00467306,BAKER COLLEGE OF PORT HURON             ,MI,48060-0000,Private      ,155,480,635,491,1384,1875
00467309,BAKER COLLEGE OF JACKSON                ,MI,49202-0000,Private      ,189,673,862,561,1768,2329
00467311,BAKER COLLEGE-CASS CITY                 ,MI,48726-0000,Private      ,65,132,197,207,397,604
00467313,BAKER COLLEGE - GRADUATE ON-LINE        ,MI,48507-0000,Private      ,84,1279,1363,250,4174,4424
00467317,BAKER COLLEGE-ALLEN PARK                ,MI,48101-0000,Private      ,222,953,1175,723,2486,3209
00469200,DORSEY SCHOOL OF BUSINESS               ,MI,48195-2334,Proprietary  ,17,134,151,29,213,242
00469201,DORSEY SCHOOL OF BUSINESS               ,MI,48184-0000,Proprietary  ,20,84,104,29,123,152
00469202,DORSEY SCHOOL OF BUSINESS               ,MI,48071-0000,Proprietary  ,16,113,129,18,159,177
00469204,DORSEY SCHOOL OF BUSINESS               ,MI,48066-0000,Proprietary  ,34,218,252,47,288,335
00469205,DORSEY BUSINESS SCHOOL - FARMINGTON HILL,MI,48334-3385,Proprietary  ,9,68,77,12,88,100
00469206,DORSEY BUSINESS SCHOOL - ROSEVILLE CULIN,MI,48066-4555,Proprietary  ,21,118,139,42,161,203
00491003,KAPLAN CAREER INSTITUTE - DEARBORN      ,MI,48228-0000,Proprietary  ,50,275,325,64,329,393
00676800,MID MICHIGAN COMMUNITY COLLEGE          ,MI,48625-9447,Public       ,666,1104,1770,1894,2263,4157
00677100,COLLEGE FOR CREATIVE STUDIES            ,MI,48202-4034,Private      ,287,166,453,1361,410,1771
00694900,KALAMAZOO VALLEY COMMUNITY COLLEGE      ,MI,49003-4070,Public       ,1284,2111,3395,4013,4206,8219
00717100,KIRTLAND COMMUNITY COLLEGE              ,MI,48653-0000,Public       ,257,640,897,759,1315,2074
00761700,CARNEGIE INSTITUTE                      ,MI,48083-1159,Proprietary  ,25,189,214,47,333,380
00795000,WEST SHORE COMMUNITY COLLEGE            ,MI,49454-0000,Public       ,133,253,386,495,611,1106
00817800,EMPIRE BEAUTY SCHOOL                    ,MI,49525-2440,Proprietary  ,116,280,396,177,385,562
00817801,EMPIRE BEAUTY SCHOOL - KALAMAZOO CAMPUS ,MI,49024-2694,Proprietary  ,7,15,22,13,27,40
00890600,MACOMB COMMUNITY COLLEGE                ,MI,48088-3896,Public       ,2400,4206,6606,6765,8121,14886
00894600,PORT HURON COSMETOLOGY COLLEGE          ,MI,48329-1618,Proprietary  ,5,18,23,13,26,39
00923000,WAYNE COUNTY COMMUNITY CLG-DISTRICT     ,MI,48226-3095,Public       ,2512,7808,10320,5540,15744,21284
00973200,VIRGINIA FARRELL BEAUTY SCHOOL          ,MI,48080-1448,Proprietary  ,8,24,32,12,35,47
00973400,VIRGINIA FARRELL BEAUTY SCHOOL          ,MI,48220-1739,Proprietary  ,21,58,79,33,79,112
00982800,EVEREST INSTITUTE                       ,MI,48033-4400,Proprietary  ,170,761,931,218,950,1168
00982801,EVEREST INSTITUTE- DEARBORN             ,MI,48124-1927,Proprietary  ,131,574,705,178,710,888
00982803,EVEREST INSTITUTE - DETROIT             ,MI,48207-4291,Proprietary  ,83,323,406,125,412,537
01047000,KALAMAZOO BEAUTY ACADEMY                ,MI,49002-5220,Proprietary  ,6,11,17,11,16,27
01062700,ITT TECHNICAL INSTITUTE                 ,MI,49519-0000,Proprietary  ,376,1049,1425,606,1337,1943
01082700,DAVID PRESSLEY PROF SCH OF COSMTLGY     ,MI,48067-3219,Proprietary  ,22,26,48,40,47,87
01109800,FLINT INSTITUTE OF BARBERING            ,MI,48504-4395,Proprietary  ,9,37,46,16,64,80
01164600,VIRGINIA FARRELL BEAUTY SCHOOL          ,MI,48185-3091,Proprietary  ,14,51,65,18,75,93
01229100,WRIGHT BEAUTY ACADEMY                   ,MI,49015-2696,Proprietary  ,11,40,51,21,51,72
01262700,THOMAS M. COOLEY LAW SCHOOL             ,MI,48901-1586,Private      ,5,1194,1199,13,3731,3744
01321800,M J MURPHY BTY CLG MT PLEASANT          ,MI,48858-2502,Proprietary  ,15,21,36,30,38,68
02060300,MICHIGAN INSTITUTE OF AERONAUTICS       ,MI,48111-0000,Proprietary  ,188,485,673,311,633,944
02068700,ADRIAN BEAUTY ACADEMY                   ,MI,49221-0000,Proprietary  ,5,15,20,12,25,37
02099700,ROSS MEDICAL EDUCATION CENTER           ,MI,48532-0000,Proprietary  ,73,576,649,96,724,820
02099701,ROSS MEDICAL EDUCATION CENTER-SAGINAW   ,MI,48603-5227,Proprietary  ,6,25,31,21,63,84
02099702,ROSS MEDICAL EDUCATION CENTER-PORT HURON,MI,48060-1958,Proprietary  ,4,24,28,7,35,42
02099703,ROSS MEDICAL EDUCATION CENTER-ROOSEVELT ,MI,49441-4156,Proprietary  ,0,6,6,8,19,27
02100400,EVEREST INSTITUTE                       ,MI,49525-2301,Proprietary  ,85,473,558,130,603,733
02100401,EVEREST INSTITUTE - KALAMAZOO           ,MI,49009-3307,Proprietary  ,44,244,288,58,309,367
02125600,MICHIGAN COLLEGE OF BEAUTY              ,MI,48083-0000,Proprietary  ,50,110,160,75,143,218
02152103,ACADEMY OF COURT REPORTING & TECHNOLOGY ,MI,48017-1495,Proprietary  ,18,161,179,26,257,283
02158600,MR BELA'S SCHOOL OF COSMETOLOGY         ,MI,48092-4637,Proprietary  ,5,8,13,11,16,27
02160303,INTERNATIONAL ACADEMY OF DESIGN AND TECH,MI,48083-2160,Proprietary  ,235,316,551,532,601,1133
02180100,ROSS MEDICAL EDUCATION CENTER           ,MI,48092-0000,Proprietary  ,45,226,271,55,275,330
02180105,ROSS MEDICAL EDUCATION CENTER-REDFORD   ,MI,48239-1260,Proprietary  ,1,26,27,4,47,51
02198900,MICHIGAN SCHOOL OF PROFESSIONAL PSYCHOLO,MI,48334-4512,Private      ,0,40,40,5,124,129
02209200,TAYLORTOWN SCHOOL OF BEAUTY             ,MI,48180-0000,Proprietary  ,5,29,34,13,35,48
02237800,SPECS HOWARD SCHOOL OF MEDIA ARTS       ,MI,48075-0000,Proprietary  ,156,244,400,306,381,687
02285700,BAYSHIRE BEAUTY ACADEMY                 ,MI,48708-5614,Proprietary  ,6,27,33,18,51,69
02289801,KAPLAN INSTITUTE - DETROIT CAMPUS       ,MI,48202-0000,Proprietary  ,71,352,423,139,667,806
02324500,MICHIGAN COLLEGE OF BEAUTY              ,MI,48161-0000,Proprietary  ,16,25,41,30,36,66
02339700,ROSS MEDICAL EDUCATION CENTER           ,MI,48116-0000,Proprietary  ,49,376,425,57,417,474
02339701,ROSS MEDICAL EDUCATION CENTER-ANN ARBOR ,MI,48108-1411,Proprietary  ,9,22,31,18,37,55
02361500,MICHIGAN BARBER COLLEGE                 ,MI,48204-2244,Private      ,38,102,140,56,149,205
02363800,YESHIVA GEDOLAH OF GREATER DETROIT      ,MI,48237-0000,Private      ,3,3,6,5,3,8
02491000,WEST MI COLG OF BARBERING & BEAUTY      ,MI,49008-0000,Proprietary  ,6,32,38,16,39,55
02498300,VIRGINIA FARRELL BEAUTY SCHOOL          ,MI,48154-0000,Proprietary  ,14,38,52,29,54,83
02533600,ROSS MEDICAL EDUCATION CENTER           ,MI,48917-2108,Proprietary  ,50,292,342,62,357,419
02533601,ROSS MEDICAL EDUCATION CENTER - GRAND RA,MI,49546-2430,Proprietary  ,6,34,40,20,77,97
02588200,DOUGLAS J AVEDA INSTITUTE               ,MI,48823-4351,Proprietary  ,153,171,324,329,331,660
02588201,DOUGLAS J AVEDA INSTITUTE - ANN ARBOR   ,MI,48104-2211,Proprietary  ,27,28,55,52,53,105
02595700,HILLSDALE BEAUTY COLLEGE                ,MI,49242-0000,Proprietary  ,12,13,25,40,15,55
02618400,MICHIGAN CAREER & TECHNICAL INST        ,MI,49080-9254,Public       ,23,18,41,98,41,139
03005700,DETROIT BUSINESS INST. DOWNRIVER        ,MI,48193-6761,Proprietary  ,2,24,26,10,42,52
03028500,LAWTON SCHOOL                           ,MI,48075-5406,Proprietary  ,24,101,125,27,116,143
03066600,BAY MILLS COMMUNITY COLLEGE             ,MI,49715-9750,Public       ,46,116,162,104,212,316
03075200,TWIN CITY BEAUTY COLLEGE                ,MI,49085-3305,Proprietary  ,9,31,40,12,45,57
03075201,TWIN CITY BEAUTY COLLEGE - TRAVERSE CITY,MI,49686-5119,Proprietary  ,3,4,7,13,17,30
03090000,SHARP'S ACADEMY OF HAIRSTYLING INC.     ,MI,48433-0000,Proprietary  ,10,23,33,12,32,44
03109700,HOUGHTON LAKE INST OF COSMETOLOGY       ,MI,48629-0669,Proprietary  ,2,3,5,6,4,10
03110300,THE SCHOOL OF CREATIVE HAIR DESIGN      ,MI,49036-1139,Proprietary  ,5,12,17,8,20,28
03124000,NORTHWESTERN TECHNOLOGICAL INST         ,MI,48075-2412,Proprietary  ,36,176,212,50,210,260
03135300,MICHIGAN THEOLOGICAL SEMINARY           ,MI,48170-4399,Private      ,0,39,39,3,72,75
03284300,MICHIGAN JEWISH INSTITUTE               ,MI,48237-0000,Private      ,139,7,146,219,18,237
03490300,PAUL MITCHELL THE SCHOOL ESCANABA       ,MI,49829-0000,Proprietary  ,30,39,69,32,41,73
03588300,IRENE'S MYOMASSOLOGY INSTITUTE          ,MI,48033-2404,Proprietary  ,24,112,136,45,211,256
03704300,BLUE WATER COLLEGE OF COSMETOLOGY       ,MI,48040-0000,Proprietary  ,5,19,24,10,23,33
03772300,SAGINAW CHIPPEWA TRIBAL COLLEGE         ,MI,48858-0000,Public       ,2,14,16,3,24,27
03815300,IN SESSION-ARTS OF COSMETOLOGY BEAU     ,MI,48609-0000,Proprietary  ,12,24,36,27,54,81
03907300,PAUL MITCHELL THE SCHOOL GREAT LAKES    ,MI,48060-0000,Proprietary  ,13,27,40,29,39,68
03915300,CAREER QUEST LEARNING CENTER            ,MI,48910-4732,Proprietary  ,29,337,366,43,398,441
03968300,LAKEWOOD SCHOOL OF THERAPEUTIC MASSAGE  ,MI,48060-0000,Proprietary  ,1,13,14,2,23,25
03976500,ANN ARBOR INSTITUTE OF MASSAGE THERAPY  ,MI,48103-0000,Proprietary  ,7,19,26,12,34,46
04002400,ECUMENICAL THEOLOGICAL SEMINARY         ,MI,48201-3035,Private      ,1,33,34,1,60,61
04006300,NUVO COLLEGE OF COSMETOLOGY             ,MI,49441-3822,Proprietary  ,4,27,31,10,36,46
04014300,P&A SCHOLARS BEAUTY SCHOOL              ,MI,48204-0000,Proprietary  ,21,45,66,45,70,115
04094300,ROBERT B. MILLER COLLEGE (THE)          ,MI,49017-3306,Private      ,15,103,118,41,216,257
04121100,GALLERY COLLEGE OF BEAUTY (THE)         ,MI,48036-3591,Proprietary  ,23,73,96,38,91,129
04136300,FOCUS:  HOPE INFORMATION TECHNOLOGIES CE,MI,48238-2949,Private      ,13,31,44,37,104,141
04138400,SCHOOL OF DESIGNING ARTS                ,MI,49037-7995,Proprietary  ,7,20,27,16,29,45
04139600,REGAL BEAUTY SCHOOL                     ,MI,48150-4013,Proprietary  ,3,20,23,8,35,43
04140900,INTERNATIONAL COSMETOLOGY ACADEMY       ,MI,49508-1308,Proprietary  ,12,57,69,19,76,95
04141100,FRENCH ACADEMY OF COSMETOLOGY           ,MI,49456-3207,Proprietary  ,8,19,27,20,30,50
00233200,ANOKA-RAMSEY CC-CAMBRIDGE/COONRAPID     ,MN,55433-3499,Public       ,1111,1267,2378,1803,1944,3747
00233400,AUGSBURG COLLEGE                        ,MN,55454-1351,Private      ,628,766,1394,2484,1420,3904
00233500,RIVERLAND COMMUNITY COLLEGE             ,MN,55912-1473,Public       ,379,575,954,607,918,1525
00233600,BEMIDJI STATE UNIVERSITY                ,MN,56601-2699,Public       ,1191,645,1836,2671,1100,3771
00233700,BETHANY LUTHERAN COLLEGE INC            ,MN,56001-6163,Private      ,223,16,239,652,29,681
00233900,CENTRAL LAKES COLG-BRAINERD/STAPLES     ,MN,56401-3900,Public       ,613,701,1314,916,1019,1935
00234000,CARLETON COLLEGE                        ,MN,55057-4001,Private      ,135,4,139,2933,38,2971
00234100,COLLEGE OF ST BENEDICT                  ,MN,56374-2099,Private      ,587,23,610,1892,39,1931
00234200,ST. CATHERINE UNIVERSITY                ,MN,55105-1789,Private      ,770,1284,2054,2097,2323,4420
00234300,COLLEGE OF ST SCHOLASTICA               ,MN,55811-4199,Private      ,459,535,994,2111,959,3070
00234500,UNIVERSITY OF ST THOMAS                 ,MN,55105-1096,Private      ,1166,1349,2515,5748,2718,8466
00234600,CONCORDIA COLLEGE-MOORHEAD              ,MN,56562-0001,Private      ,881,54,935,2949,109,3058
00234700,"CONCORDIA UNIVERSITY, ST PAUL, MN       ",MN,55104-5494,Private      ,375,473,848,1086,851,1937
00235000,VERMILION COMMUNITY COLLEGE             ,MN,55731-1996,Public       ,195,63,258,376,106,482
00235300,GUSTAVUS ADOLPHUS COLLEGE               ,MN,56082-1498,Private      ,608,10,618,2908,45,2953
00235400,HAMLINE UNIVERSITY                      ,MN,55104-1284,Private      ,686,1221,1907,2217,2476,4693
00235500,HIBBING COMMUNITY COLLEGE               ,MN,55746-3300,Public       ,202,373,575,395,557,952
00235600,ITASCA COMMUNITY COLLEGE                ,MN,55744-3397,Public       ,259,226,485,541,358,899
00235700,LUTHER SEMINARY                         ,MN,55108-0000,Private      ,0,158,158,2,371,373
00235800,MACALESTER COLLEGE                      ,MN,55105-1899,Private      ,567,19,586,3192,52,3244
00236000,"MINNESOTA STATE UNIVERSITY, MANKATO     ",MN,56002-0000,Public       ,3143,1192,4335,9137,2782,11919
00236100,MARTIN LUTHER COLLEGE                   ,MN,56073-3965,Private      ,280,25,305,643,36,679
00236200,MINNEAPOLIS COMM AND TECH COLLEGE       ,MN,55403-1779,Public       ,1674,3312,4986,2656,5092,7748
00236500,MINNEAPOLIS COLLEGE OF ART & DESIGN     ,MN,55404-4343,Private      ,87,67,154,861,299,1160
00236600,CROSSROADS COLLEGE                      ,MN,55902-2382,Private      ,48,28,76,85,49,134
00236700,MINNESOTA STATE UNIVERSITY MOORHEAD     ,MN,56563-0001,Public       ,1325,674,1999,4162,1443,5605
00236900,NORTH CENTRAL UNIVERSITY                ,MN,55404-1391,Private      ,450,130,580,1032,239,1271
00237000,NORTH HENNEPIN COMMUNITY COLLEGE        ,MN,55445-2299,Public       ,931,1581,2512,1475,2313,3788
00237100,NORTHWESTERN COLLEGE                    ,MN,55113-1598,Private      ,707,244,951,2080,431,2511
00237300,ROCHESTER COMMUNITY/TECH COLLEGE        ,MN,55904-4999,Public       ,1163,1167,2330,1977,1882,3859
00237500,SOUTHWEST MINNESOTA STATE UNIVERSITY    ,MN,56258-1598,Public       ,442,333,775,1750,635,2385
00237700,ST CLOUD STATE UNIVERSITY               ,MN,56301-4498,Public       ,3687,1756,5443,7992,2963,10955
00237900,SAINT JOHNS UNIVERSITY                  ,MN,56321-0000,Private      ,508,29,537,1706,61,1767
00238000,SAINT MARY'S UNIVERSITY                 ,MN,55987-1399,Private      ,321,917,1238,1430,1593,3023
00238200,ST OLAF COLLEGE                         ,MN,55057-1098,Private      ,710,12,722,3733,46,3779
00238300,CROWN COLLEGE                           ,MN,55375-9001,Private      ,248,233,481,644,353,997
00238500,NORTHLAND COMMUNITY & TECHNICAL CLG     ,MN,56701-2598,Public       ,526,712,1238,939,1093,2032
00238600,UNITED THEOLGCL SEMINRY TWIN CITIES     ,MN,55112-0000,Private      ,1,59,60,1,77,78
00238800,"UNIVERSITY OF MINNESOTA, DULUTH         ",MN,55812-2496,Public       ,2791,730,3521,7952,1357,9309
00238900,"UNIVERSITY OF MINNESOTA, MORRIS         ",MN,56267-2113,Public       ,280,76,356,1611,190,1801
00239100,WILLIAM MITCHELL COLLEGE OF LAW         ,MN,55105-0000,Private      ,0,435,435,0,1165,1165
00239300,MINNESOTA STATE COLLEGE-SE TECH         ,MN,55987-0409,Public       ,310,580,890,476,777,1253
00239400,WINONA STATE UNIVERSITY                 ,MN,55987-5838,Public       ,2128,482,2610,5827,849,6676
00396900,UNIVERSITY OF MINNESOTA-TWIN CITIES     ,MN,55455-0422,Public       ,6785,5579,12364,24948,13463,38411
00400900,MESABI RANGE CMNTY & TECH COLLEGE       ,MN,55792-0000,Public       ,205,212,417,326,322,648
00405708,NATIONAL AMERICAN UNIVERSITY            ,MN,55113-0000,Proprietary  ,16,118,134,25,186,211
00405715,NATIONAL AMERICAN UNIVERSITY - BLOOMINGT,MN,55425-5550,Proprietary  ,16,129,145,21,179,200
00406900,UNIVERSITY OF MINNESOTA-CROOKSTON       ,MN,56716-5001,Public       ,279,131,410,802,259,1061
00438600,VETERAN'S MEDICAL CTR- SCH RAD TECH     ,MN,55417-2399,Public       ,0,7,7,1,11,12
00464100,DUNWOODY COLLEGE OF TECHNOLOGY          ,MN,55403-1192,Private      ,532,721,1253,784,998,1782
00464200,GLOBE UNIVERSITY                        ,MN,55125-5408,Proprietary  ,452,1235,1687,639,1638,2277
00464500,MINNEAPOLIS BUSINESS COLLEGE            ,MN,55113-4036,Proprietary  ,175,50,225,380,105,485
00464600,MINNESOTA SCHOOL OF BUSINESS            ,MN,55423-0000,Proprietary  ,1220,3191,4411,1569,4263,5832
00464800,RASMUSSEN COLLEGE - EAGAN               ,MN,55122-1346,Proprietary  ,115,416,531,195,784,979
00525200,RIDGEWATER COLLEGE                      ,MN,56201-2098,Public       ,731,712,1443,1318,1078,2396
00526300,MINNESOTA WEST CMNTY & TECH COLG        ,MN,56241-1096,Public       ,334,482,816,634,762,1396
00553300,"SAINT PAUL COLLEGE, COMMUNITY/TECHNICAL ",MN,55102-1800,Public       ,1006,1964,2970,1562,2837,4399
00553400,ST CLOUD TECHNICAL COLLEGE              ,MN,56303-1240,Public       ,950,822,1772,1534,1239,2773
00553500,PINE TECHNICAL COLLEGE                  ,MN,55063-2198,Public       ,78,270,348,119,415,534
00553700,SOUTH CENTRAL COLLEGE                   ,MN,56003-0000,Public       ,579,690,1269,995,1067,2062
00554100,MINNESOTA STATE COMMUNITY AND TECHNICAL ,MN,56573-1405,Public       ,834,1246,2080,1445,1867,3312
00554400,ALEXANDRIA TECHNICAL COLLEGE            ,MN,56308-3799,Public       ,519,353,872,936,544,1480
00575700,LAKE SUPERIOR COLLEGE                   ,MN,55811-3399,Public       ,695,872,1567,1185,1359,2544
00575900,NORTHWEST TECHNICAL COLLEGE - BEMIDJI   ,MN,56601-4907,Public       ,191,344,535,276,534,810
00677500,RAINY RIVER COMMUNITY COLLEGE           ,MN,56649-2187,Public       ,41,41,82,71,73,144
00735000,ANOKA-HENNEPIN TECHNICAL COLLEGE        ,MN,55303-1590,Public       ,287,710,997,437,1058,1495
00735100,BROWN COLLEGE                           ,MN,55120-1004,Proprietary  ,355,369,724,735,681,1416
00746200,COLLEGE OF VISUAL ARTS                  ,MN,55102-2199,Private      ,67,21,88,161,39,200
00795400,NORMANDALE COMMUNITY COLLEGE            ,MN,55431-4399,Public       ,1482,1538,3020,2636,2556,5192
00826700,NORTHWEST TECHNICAL INSTITUTE           ,MN,55121-5001,Proprietary  ,48,15,63,85,26,111
00869400,RASMUSSEN COLLEGE                       ,MN,56301-3713,Proprietary  ,143,576,719,194,813,1007
00869401,RASMUSSEN COLLEGE - BROOKLYN PARK       ,MN,55445-1512,Proprietary  ,128,587,715,197,952,1149
00905800,BETHEL UNIVERSITY                       ,MN,55112-6999,Private      ,970,694,1664,2724,1151,3875
00960000,COSMETOLOGY CAREERS UNLTD-DULUTH        ,MN,55802-2031,Proprietary  ,11,18,29,17,24,41
00972200,EMPIRE BEAUTY SCHOOL                    ,MN,55119-7003,Proprietary  ,41,118,159,55,182,237
00974000,INVER HILLS COMMUNITY COLLEGE           ,MN,55076-3224,Public       ,689,981,1670,1100,1522,2622
00983100,MODEL COLLEGE OF HAIR DESIGN            ,MN,56301-4280,Proprietary  ,49,20,69,79,33,112
00987000,EMPIRE BEAUTY SCHOOL                    ,MN,55420-2919,Proprietary  ,39,79,118,54,150,204
00989200,"DULUTH BUSINESS UNIV, INC.              ",MN,55807-0000,Proprietary  ,48,184,232,80,239,319
00999200,OAK HILLS CHRISTIAN COLLEGE             ,MN,56601-0000,Private      ,36,25,61,89,34,123
01024800,ART INSTITUTES INTL MINNESOTA           ,MN,55402-3137,Proprietary  ,688,467,1155,1378,827,2205
01035602,EVEREST INSTITUTE - EAGAN               ,MN,55121-1696,Proprietary  ,39,264,303,43,298,341
01037400,METROPOLITAN STATE UNIVERSITY           ,MN,55106-5000,Public       ,589,2283,2872,1112,3775,4887
01040200,DAKOTA COUNTY TECHNICAL COLLEGE         ,MN,55068-2999,Public       ,410,606,1016,629,919,1548
01049000,REGENCY BEAUTY INSTITUTE                ,MN,55428-0000,Proprietary  ,1035,1780,2815,1610,2783,4393
01049100,HENNEPIN TECHNICAL COLLEGE              ,MN,55445-2399,Public       ,625,1509,2134,961,2186,3147
01054600,CENTURY COMMUNITY AND TECHNICAL CLG     ,MN,55110-1894,Public       ,1549,1907,3456,2496,3059,5555
01101700,HERZING COLLEGE                         ,MN,55428-3548,Proprietary  ,52,148,200,106,271,377
01168600,RASMUSSEN COLLEGE - EDEN PRAIRIE        ,MN,55344-7220,Proprietary  ,104,894,998,164,1584,1748
01173200,"MAYO CLINIC, COLLEGE OF MEDICINE        ",MN,55905-0000,Private      ,10,141,151,25,349,374
01173201,MAYO SCHOOL OF HEALTH-RELATED SCIEN     ,MN,55905-0000,Private      ,16,28,44,45,95,140
01173206,MAYO GRAD SCHOOL                        ,MN,55901-0000,Private      ,1,12,13,3,30,33
01173207,MAYO MEDICAL SCHOOL                     ,MN,55901-0000,Private      ,0,15,15,1,128,129
01232800,NORTHWESTERN HEALTH SCIENCES UNIV       ,MN,55431-1599,Private      ,16,379,395,39,645,684
02050300,ACADEMY COLLEGE                         ,MN,55420-1554,Proprietary  ,17,112,129,22,135,157
02123200,AVEDA INSTITUTE                         ,MN,55414-0000,Proprietary  ,119,113,232,210,194,404
02159800,COSMETOLOGY CAREERS UNLTD - HIBBING     ,MN,55746-0000,Proprietary  ,10,9,19,13,10,23
02160901,"SALON PROFESSIONAL ACADEMY, THE - THE SA",MN,55428-4928,Proprietary  ,12,18,30,23,26,49
02238100,MINNESOTA SCHOOL OF COSMETOLOGY         ,MN,55125-0000,Proprietary  ,32,59,91,43,77,120
02260500,SUMMIT ACAD OPPORTUNITIES IND CTR       ,MN,55405-0000,Private      ,7,59,66,11,70,81
02263102,HIGH-TECH INSTITUTE - MINNEAPOLIS       ,MN,55416-2467,Proprietary  ,5,18,23,9,29,38
02503300,RASMUSSEN COLLEGE - MANKATO             ,MN,56001-8658,Proprietary  ,119,372,491,226,740,966
02503302,RASMUSSEN COLLEGE - MANKATO -  LAKE ELMO,MN,55042-8624,Proprietary  ,83,239,322,127,515,642
02504200,WALDEN UNIVERSITY                       ,MN,55401-2511,Proprietary  ,30,11289,11319,56,19391,19447
02514100,AMERICAN INDIAN OPPORTUNITIES CTR       ,MN,55404-0000,Private      ,7,40,47,9,46,55
02543600,INGENUE                                 ,MN,56560-0000,Proprietary  ,2,4,6,7,7,14
02551200,EAST METRO OIC                          ,MN,55104-3435,Private      ,6,23,29,16,37,53
03001200,MCNALLY SMITH COLLEGE OF MUSIC          ,MN,55101-2220,Proprietary  ,232,72,304,580,144,724
03051900,ALFRED ADLER GRADUATE SCHOOL            ,MN,55305-0000,Private      ,0,73,73,0,122,122
03096400,LEECH LAKE TRIBAL COLLEGE               ,MN,56633-0000,Public       ,5,53,58,8,98,106
03129100,FOND DU LAC TRIBAL & COMMUNITY CLG      ,MN,55720-2984,Public       ,140,311,451,226,440,666
03267300,CAPELLA UNIVERSITY                      ,MN,55402-3389,Proprietary  ,32,18793,18825,62,28663,28725
03833300,AMERICAN ACADEMY OF ACUPUNCTURE AND ORIE,MN,55113-0000,Proprietary  ,0,22,22,0,42,42
03921400,WHITE EARTH TRIBAL AND COMMUNITY COLLEGE,MN,56557-0478,Private      ,7,42,49,10,63,73
04044300,HAZELDEN GRADUATE SCHOOL OF ADDICTION ST,MN,55012-0000,Private      ,0,43,43,0,78,78
04130200,INST. OF PRODUCTION AND RECORDING       ,MN,55401-1315,Proprietary  ,162,71,233,285,121,406
00239600,ALCORN STATE UNIVERSITY                 ,MS,39096-7500,Public       ,1135,1071,2206,2693,1900,4593
00239700,BELHAVEN COLLEGE                        ,MS,39202-1789,Private      ,349,1176,1525,1133,2153,3286
00239800,BLUE MOUNTAIN COLLEGE                   ,MS,38610-9370,Private      ,108,88,196,293,194,487
00240100,COAHOMA COMMUNITY COLLEGE               ,MS,38614-9799,Public       ,473,611,1084,850,1067,1917
00240200,COPIAH-LINCOLN COMMUNITY COLLEGE        ,MS,39191-0649,Public       ,767,897,1664,1328,1342,2670
00240300,DELTA STATE UNIVERSITY                  ,MS,38733-0000,Public       ,945,1210,2155,2275,2117,4392
00240400,EAST CENTRAL COMMUNITY COLLEGE          ,MS,39327-0129,Public       ,593,721,1314,1112,1119,2231
00240500,EAST MISSISSIPPI COMM COLLEGE           ,MS,39358-0000,Public       ,900,1304,2204,1502,1858,3360
00240700,HINDS COMMUNITY COLLEGE                 ,MS,39154-9799,Public       ,2474,3647,6121,4246,5665,9911
00240800,HOLMES COMMUNITY COLLEGE                ,MS,39079-0000,Public       ,1256,1997,3253,2139,3113,5252
00240900,ITAWAMBA COMMUNITY COLLEGE              ,MS,38843-1099,Public       ,1386,2056,3442,2518,3320,5838
00241000,JACKSON STATE UNIVERSITY                ,MS,39217-0001,Public       ,2845,3515,6360,6719,6047,12766
00241100,JONES COUNTY JUNIOR COLLEGE             ,MS,39437-3999,Public       ,1455,1110,2565,2464,1702,4166
00241300,MERIDIAN COMMUNITY COLLEGE              ,MS,39307-5890,Public       ,827,940,1767,1342,1413,2755
00241400,MILLSAPS COLLEGE                        ,MS,39201-0000,Private      ,362,152,514,1258,280,1538
00241500,MISSISSIPPI COLLEGE                     ,MS,39058-0001,Private      ,917,1188,2105,2001,2121,4122
00241501,MISSISSIPPI COLLEGE - SCHOOL OF LAW     ,MS,39201-1391,Private      ,8,341,349,19,750,769
00241502,MISSISSIPPI COLLEGE - RANKIN CAMPUS     ,MS,39042-0000,Private      ,9,25,34,16,37,53
00241600,MISSISSIPPI DELTA CMTY COLLEGE          ,MS,38761-0000,Public       ,701,891,1592,1272,1378,2650
00241700,MISSISSIPPI GULF CST CLG-PERKINSTON     ,MS,39573-0000,Public       ,615,339,954,1034,503,1537
00241701,MISSISSIPPI GULF CST CLG-JEFF DAVIS     ,MS,39507-0000,Public       ,529,1164,1693,886,1706,2592
00241702,MISSISSIPPI GULF CST CLG-JACKSON CN     ,MS,39553-0000,Public       ,544,938,1482,880,1309,2189
00242200,MISSISSIPPI UNIV FOR WOMEN              ,MS,39701-5818,Public       ,499,707,1206,1184,1249,2433
00242300,MISSISSIPPI STATE UNIVERSITY            ,MS,39762-9698,Public       ,3798,2526,6324,9716,4505,14221
00242400,MISSISSIPPI VALLEY STATE UNIVERSITY     ,MS,38941-1400,Public       ,1028,1272,2300,2232,2128,4360
00242600,NORTHEAST MS CMNTY COLLEGE              ,MS,38829-1731,Public       ,914,820,1734,1729,1471,3200
00242700,NORTHWEST MISSISSIPPI COMMUNITY CLG     ,MS,38668-1703,Public       ,1870,1846,3716,3457,3130,6587
00243000,PEARL RIVER COMMUNITY COLLEGE           ,MS,39470-2201,Public       ,1092,1261,2353,1905,1935,3840
00243300,RUST COLLEGE                            ,MS,38635-2328,Private      ,475,201,676,1153,386,1539
00243500,SOUTHEASTERN BAPTIST COLLEGE            ,MS,39440-0000,Private      ,16,31,47,22,34,56
00243600,SOUTHWEST MISSISSIPPI CMNTY CLG         ,MS,39666-8099,Public       ,608,608,1216,980,861,1841
00243900,TOUGALOO COLLEGE                        ,MS,39174-9799,Private      ,534,213,747,1298,386,1684
00244000,UNIVERSITY OF MISSISSIPPI               ,MS,38677-1848,Public       ,2765,2171,4936,7820,4373,12193
00244001,UNIVERSITY OF MISSISSIPPI - MED CTR     ,MS,39216-0000,Public       ,111,286,397,314,1429,1743
00244100,UNIVERSITY OF SOUTHERN MISSISSIPPI      ,MS,39406-0001,Public       ,3227,3066,6293,7969,5923,13892
00244700,WILLIAM CAREY UNIVERSITY                ,MS,39401-5499,Private      ,444,1212,1656,847,1949,2796
01146100,WESLEY COLLEGE                          ,MS,39073-1070,Private      ,16,36,52,28,51,79
01289101,ANTONELLI COLLEGE - JACKSON             ,MS,39208-4526,Proprietary  ,40,324,364,52,401,453
01289102,ANTONELLI COLLEGE - HATTIESBURG         ,MS,39401-3056,Proprietary  ,58,300,358,83,410,493
02074900,CHRIS' BEAUTY COLLEGE                   ,MS,39501-0000,Proprietary  ,12,52,64,17,61,78
02160500,NORTH MISSISSIPPI MED CTR MED TECH      ,MS,38801-0000,Private      ,6,13,19,9,28,37
02235900,ACADEMY OF HAIR DESIGN #4               ,MS,39208-0000,Proprietary  ,26,50,76,31,69,100
02244300,ACADEMY OF HAIR DESIGN #1               ,MS,38901-0000,Proprietary  ,45,127,172,48,141,189
02249900,DELTA BEAUTY COLLEGE                    ,MS,38701-0000,Proprietary  ,12,24,36,22,42,64
02251600,ACADEMY OF HAIR DESIGN #6               ,MS,39401-7581,Proprietary  ,32,83,115,38,93,131
02251700,FOSTER'S COSMETOLOGY COLLEGE            ,MS,38663-0000,Proprietary  ,2,7,9,3,7,10
02302800,MISSISSIPPI COLLEGE OF BEAUTY CULT      ,MS,39440-0000,Proprietary  ,9,10,19,9,13,22
02320800,MAGNOLIA COLLEGE OF COSMETOLOGY         ,MS,39206-0000,Proprietary  ,18,42,60,22,62,84
02361200,MAGNOLIA BIBLE COLLEGE                  ,MS,39090-0000,Private      ,3,11,14,8,14,22
02502100,CREATIONS COLLEGE OF COSMETOLOGY        ,MS,38803-0000,Proprietary  ,7,40,47,10,53,63
02516200,WESLEY BIBLICAL SEMINARY                ,MS,39206-0000,Private      ,2,38,40,4,59,63
02554600,GIBSON'S BARBER AND BEAUTY COLLEGE      ,MS,39773-0000,Proprietary  ,6,18,24,12,25,37
02586000,J & J HAIR DESIGN COLLEGE               ,MS,39051-3716,Proprietary  ,7,46,53,12,52,64
03004000,FINAL TOUCH BEAUTY SCHOOL               ,MS,39307-2934,Proprietary  ,6,16,22,7,20,27
03010401,CRESCENT CITY BARTENDING SCHOOL         ,MS,39501-0000,Proprietary  ,1,20,21,3,24,27
03010404,CRESCENT CITY SCHOOL OF GAMING & BARTEND,MS,38664-1903,Proprietary  ,2,1,3,3,5,8
03010603,VIRGINIA COLLEGE - JACKSON              ,MS,39206-5602,Proprietary  ,68,572,640,88,712,800
03010610,VIRGINIA COLLEGE - BILOXI               ,MS,39532-2124,Proprietary  ,31,182,213,65,520,585
03263300,TRAXLER'S SCHOOL OF HAIR                ,MS,39212-2529,Proprietary  ,4,15,19,8,19,27
03464300,ACADEMY OF HAIR DESIGN                  ,MS,39562-0000,Proprietary  ,3,11,14,5,20,25
03525300,BLUE CLIFF COLLEGE                      ,MS,39507-0000,Proprietary  ,49,134,183,80,236,316
03848300,DAY SPA CAREER COLLEGE                  ,MS,39564-0000,Proprietary  ,8,26,34,10,28,38
03963300,HEALING TOUCH SCHOOL OF MASSAGE THERAPY ,MS,39402-1300,Proprietary  ,6,14,20,7,17,24
04131300,CORINTH ACADEMY OF COSMETOLOGY          ,MS,38834-4813,Proprietary  ,6,19,25,10,22,32
04140200,"MISSISSIPPI INSTITUTE OF AESTHETICS, NAI",MS,39056-5628,Proprietary  ,7,29,36,9,37,46
00252600,CARROLL COLLEGE                         ,MT,59625-0002,Private      ,250,73,323,1485,180,1665
00252700,UNIVERSITY OF GREAT FALLS               ,MT,59405-4996,Private      ,145,164,309,452,399,851
00252800,MILES COMMUNITY COLLEGE                 ,MT,59301-4799,Public       ,81,60,141,256,152,408
00252900,DAWSON COMMUNITY COLLEGE                ,MT,59330-1405,Public       ,43,32,75,216,74,290
00253000,MONTANA STATE UNIVERSITY - BILLINGS     ,MT,59101-0298,Public       ,519,985,1504,1942,2258,4200
00253100,MONTANA TECH OF THE UNIV OF MONTANA     ,MT,59701-8997,Public       ,227,342,569,1260,841,2101
00253200,MONTANA STATE UNIVERSITY - BOZEMAN      ,MT,59717-0001,Public       ,1246,1048,2294,7811,2915,10726
00253300,MONTANA STATE UNIVERSITY-NORTHERN       ,MT,59501-3148,Public       ,166,234,400,628,488,1116
00253400,ROCKY MOUNTAIN COLLEGE                  ,MT,59102-1796,Private      ,211,100,311,841,254,1095
00253600,UNIVERSITY OF MONTANA (THE)             ,MT,59812-0001,Public       ,1443,1803,3246,7195,5626,12821
00253700,UNIVERSITY OF MONTANA WESTERN (THE)     ,MT,59725-3598,Public       ,220,142,362,945,390,1335
00677700,FLATHEAD VALLEY COMMUNITY COLLEGE       ,MT,59901-2699,Public       ,164,365,529,563,887,1450
00757000,HELENA COLLEGE OF TECHNOLOGY            ,MT,59601-3098,Public       ,123,277,400,317,550,867
00790000,BUTTE ACADEMY OF BEAUTY CULTURE         ,MT,59701-9197,Proprietary  ,5,13,18,12,24,36
00894700,"DAHL'S COLLEGE OF BEAUTY,INC            ",MT,59401-3731,Proprietary  ,6,18,24,15,27,42
00931400,MSU COLLEGE OF TECH-GREAT FALLS         ,MT,59405-4907,Public       ,146,400,546,442,910,1352
02143400,SALISH KOOTENAI COLLEGE                 ,MT,59855-0000,Public       ,56,209,265,178,483,661
02286600,LITTLE BIG HORN COLLEGE                 ,MT,59022-0000,Public       ,17,23,40,40,62,102
02343000,FT PECK COMMUNITY COLLEGE               ,MT,59255-0000,Public       ,8,28,36,14,72,86
02510600,BLACKFEET COMMUNITY COLLEGE             ,MT,59417-0000,Private      ,22,44,66,82,174,256
02517500,FORT BELKNAP COLLEGE                    ,MT,59526-0000,Public       ,13,38,51,22,59,81
02545200,CHIEF DULL KNIFE COLLEGE                ,MT,59043-0098,Public       ,1,13,14,31,55,86
02610900,STONE CHILD COLLEGE                     ,MT,59521-9796,Public       ,4,21,25,38,53,91
02621300,ACADEMY OF COSMETOLOGY                  ,MT,59715-3544,Proprietary  ,3,9,12,16,19,35
03205300,MODERN BEAUTY SCHOOL                    ,MT,59801-8386,Proprietary  ,11,19,30,17,30,47
03763400,"ACADEMY OF NAIL, SKIN & HAIR            ",MT,59101-0000,Proprietary  ,22,40,62,54,68,122
03778300,HEALTH WORKS INSTITUTE                  ,MT,59715-0000,Proprietary  ,2,13,15,9,25,34
00253900,CHADRON STATE COLLEGE                   ,NE,69337-2690,Public       ,463,366,829,1396,685,2081
00254000,COLLEGE OF ST MARY                      ,NE,68106-2606,Private      ,126,439,565,345,819,1164
00254100,CONCORDIA UNIVERSITY                    ,NE,68434-1594,Private      ,444,168,612,1296,235,1531
00254200,CREIGHTON UNIVERSITY                    ,NE,68178-0001,Private      ,752,1368,2120,4441,4075,8516
00254300,DANA COLLEGE                            ,NE,68008-9905,Private      ,236,40,276,813,82,895
00254400,DOANE COLLEGE                           ,NE,68333-2421,Private      ,302,303,605,1392,557,1949
00254700,GRACE UNIVERSITY                        ,NE,68108-3629,Private      ,79,93,172,272,188,460
00254800,HASTINGS COLLEGE                        ,NE,68901-7621,Private      ,345,51,396,1349,115,1464
00255100,UNIVERSITY OF NEBRASKA AT KEARNEY       ,NE,68849-0001,Public       ,1004,577,1581,3518,1098,4616
00255300,MIDLAND LUTHERAN COLLEGE                ,NE,68025-4254,Private      ,245,98,343,704,169,873
00255400,UNIVERSITY OF NEBRASKA-OMAHA            ,NE,68182-0001,Public       ,1776,1610,3386,6753,4265,11018
00255500,NEBRASKA WESLEYAN UNIVERSITY            ,NE,68504-2796,Private      ,493,185,678,1641,326,1967
00255700,MID-PLAINS COMM COLLEGE - NORTH PLATTE  ,NE,69101-9420,Public       ,137,183,320,334,330,664
00255701,MID-PLAINS COMMUNITY COLLEGE - MCCOOK   ,NE,69001-2631,Public       ,70,49,119,171,92,263
00255900,PERU STATE COLLEGE                      ,NE,68421-0010,Public       ,273,322,595,809,668,1477
00256000,WESTERN NEBRASKA COMMUNITY COLLEGE      ,NE,69361-1815,Public       ,136,282,418,493,602,1095
00256300,UNION COLLEGE                           ,NE,68506-4387,Private      ,262,113,375,574,232,806
00256500,UNIVERSITY OF NEBRASKA-LINCOLN          ,NE,68588-0419,Public       ,3432,1444,4876,13332,3963,17295
00256596,UNIVERSITY OF NEBRASKA - CURTIS         ,NE,69025-9522,Public       ,64,15,79,195,24,219
00256600,WAYNE STATE COLLEGE                     ,NE,68787-1172,Public       ,685,305,990,2445,560,3005
00256700,YORK COLLEGE                            ,NE,68467-2699,Private      ,213,61,274,484,92,576
00443100,MARY LANNING MEM HOSP SCH RAD TECH      ,NE,68901-4497,Private      ,0,2,2,7,4,11
00443600,REGNL WST MEDCL CTR SCHL RAD            ,NE,69361-0000,Private      ,2,2,4,5,4,9
00458608,KAPLAN UNIVERSITY - OMAHA               ,NE,68134-1002,Proprietary  ,103,645,748,157,1095,1252
00458609,KAPLAN UNIVERSITY - LINCOLN             ,NE,68508-2668,Proprietary  ,70,459,529,109,774,883
00639900,BRYANLGH COLLEGE OF HEALTH SCIENCES     ,NE,68506-1398,Private      ,96,100,196,268,206,474
00640400,NEBR METHODIST CLG OF NURS ALLD HLTH    ,NE,68114-2852,Private      ,121,191,312,306,395,701
00689500,UNIVERSITY OF NEBRASKA-MED CTR          ,NE,68198-4265,Public       ,199,602,801,505,1920,2425
00750100,VATTEROTT COLLEGE                       ,NE,68137-1237,Proprietary  ,62,367,429,96,561,657
00849200,ALEGENT HEALTH SCHOOLS                  ,NE,68114-2767,Private      ,6,25,31,20,54,74
00952300,BAHNER COLLEGE OF HAIRSTYLING           ,NE,68025-3297,Proprietary  ,13,5,18,18,12,30
00961700,CAPITOL BEAUTY SCHOOL                   ,NE,68144-3873,Proprietary  ,59,34,93,80,65,145
00974300,BELLEVUE UNIVERSITY                     ,NE,68005-0000,Private      ,203,1840,2043,451,3477,3928
00986200,CLARKSON COLLEGE                        ,NE,68131-2739,Private      ,85,208,293,380,609,989
01151900,JOSEPH'S COLLEGE OF BEAUTY/ALL CAMPUSES ,NE,68510-2226,Proprietary  ,72,161,233,98,173,271
01151909,JOSEPH'S COLLEGE OF BEAUTY - OMAHA      ,NE,68131-0000,Proprietary  ,1,6,7,3,13,16
01166700,NORTHEAST COMMUNITY COLLEGE             ,NE,68702-0000,Public       ,530,436,966,1284,738,2022
01258600,METROPOLITAN COMMUNITY COLLEGE          ,NE,68103-0000,Public       ,1262,2981,4243,2629,5813,8442
01297600,NEBRASKA CHRISTIAN COLLEGE              ,NE,68046-4256,Private      ,47,18,65,91,27,118
02079700,COLLEGE OF HAIR DESIGN                  ,NE,68508-0000,Proprietary  ,97,64,161,133,76,209
02099500,CENTRAL COMMUNITY COLLEGE- GI           ,NE,68801-0000,Public       ,169,377,546,393,675,1068
02099501,CENTRAL COMMUNITY COLLEGE - HASTINGS    ,NE,68902-0000,Public       ,272,224,496,728,405,1133
02099502,CENTRAL COMMUNITY COLLEGE - COLUMBUS    ,NE,68602-0000,Public       ,95,141,236,312,236,548
02508300,SOUTHEAST COMM. COLLEGE-ALL CAMPUSES    ,NE,68520-0000,Public       ,1618,1895,3513,3628,3677,7305
02550800,NEBRASKA INDIAN COMMUNITY COLLEGE       ,NE,68039-0000,Private      ,1,14,15,3,22,25
02610500,XENON INTERNATIONAL ACADEMY II          ,NE,68127-3522,Proprietary  ,90,76,166,145,102,247
03127300,OMAHA SCHOOL OF MASSAGE THERAPY         ,NE,68127-5002,Proprietary  ,18,34,52,34,50,84
03164300,THE CREATIVE CENTER                     ,NE,68164-2911,Proprietary  ,83,9,92,146,20,166
03279300,MYOTHERAPY INSTITUTE                    ,NE,68516-3641,Proprietary  ,9,10,19,18,16,34
03323300,LITTLE PRIEST TRIBAL COLLEGE            ,NE,68071-0000,Private      ,2,12,14,6,21,27
03821400,UNIVERSAL COLLEGE OF HEALING ARTS       ,NE,68112-1810,Proprietary  ,3,18,21,4,30,34
00256800,UNIVERSITY OF NEVADA RENO               ,NV,89557-0002,Public       ,1520,1439,2959,6604,3846,10450
00256900,UNIVERSITY OF NEVADA-LAS VEGAS          ,NV,89154-1001,Public       ,2778,4240,7018,10081,10476,20557
00697700,GREAT BASIN COLLEGE                     ,NV,89801-3348,Public       ,137,334,471,357,589,946
00736700,MARINELLO SCHOOLS OF BEAUTY             ,NV,89110-3563,Proprietary  ,52,144,196,71,181,252
00737100,MARINELLO SCHOOL OF BEAUTY              ,NV,89502-5982,Proprietary  ,13,39,52,23,71,94
00844103,ANTHEM INSTITUTE - MORRISON UNIVERSITY  ,NV,89521-4826,Proprietary  ,4,25,29,7,32,39
00919200,SIERRA NEVADA COLLEGE                   ,NV,89451-0000,Private      ,87,134,221,253,256,509
01036200,COLLEGE OF SOUTHERN NEVADA              ,NV,89146-1139,Public       ,3136,6466,9602,6021,11429,17450
01036300,WESTERN NEVADA COLLEGE                  ,NV,89703-0000,Public       ,330,717,1047,681,1341,2022
01323200,ACADEMY OF HAIR DESIGN                  ,NV,89102-0000,Proprietary  ,31,53,84,49,80,129
02107700,TRUCKEE MEADOWS COMMUNITY CLG           ,NV,89512-0000,Public       ,983,2044,3027,1947,3663,5610
02237500,EVEREST COLLEGE                         ,NV,89103-0000,Proprietary  ,138,439,577,232,594,826
02338509,NEVADA CAREER INSTITUTE                 ,NV,89121-0000,Proprietary  ,12,111,123,26,158,184
02361001,ITT TECHNICAL INSTITUTE                 ,NV,89014-0000,Proprietary  ,156,405,561,198,488,686
02616703,SCOTTSDALE CULINARY INSTITUTE - LE CORDO,NV,89144-7047,Proprietary  ,34,67,101,82,116,198
02621500,CAREER COLLEGE OF NORTHERN NEVADA       ,NV,89434-7905,Proprietary  ,82,321,403,110,455,565
03030603,UTAH CLG OF MASSAGE THERAPY-NSMT        ,NV,89123-0000,Proprietary  ,35,148,183,47,182,229
03031405,INTERNATIONAL ACADEMY OF DESIGN AND TECH,NV,89074-7750,Proprietary  ,111,149,260,202,282,484
03043200,KAPLAN COLLEGE                          ,NV,89102-8618,Proprietary  ,61,323,384,111,620,731
03076404,HIGH-TECH INSTITUTE - LAS VEGAS         ,NV,89102-4514,Proprietary  ,14,53,67,34,101,135
03084600,THE ART INSTITUTE OF LAS VEGAS          ,NV,89074-7737,Proprietary  ,363,438,801,873,1072,1945
03088200,CARSON CITY BEAUTY ACADEMY              ,NV,89706-0000,Proprietary  ,13,38,51,23,60,83
03110000,ACADEMY OF HEALING ARTS                 ,NV,89106-4031,Proprietary  ,70,244,314,96,398,494
03232306,EUPHORIA INSTITUTE - SUMMERLIN          ,NV,89117-8803,Proprietary  ,33,79,112,49,105,154
03232307,EUPHORIA INSTITUTE - GREEN VALLEY       ,NV,89052-4964,Proprietary  ,43,76,119,79,141,220
03232308,EUPHORIA INSTITUTE - ALIANTE            ,NV,89131-1036,Proprietary  ,65,116,181,82,159,241
03787300,EXPERTISE SCHOOL OF BEAUTY              ,NV,89106-2516,Private      ,10,89,99,13,99,112
03838500,NORTHWEST HEALTH CAREERS                ,NV,89128-0000,Proprietary  ,9,34,43,21,70,91
03975300,INSTITUTE OF PROFESSIONAL CAREERS       ,NV,89119-7825,Proprietary  ,9,28,37,15,49,64
04065300,UNIVERSITY OF SOUTHERN NEVADA           ,NV,89014-2333,Private      ,35,254,289,132,1232,1364
04114300,NEVADA STATE COLLEGE                    ,NV,89002-9455,Public       ,232,578,810,640,1063,1703
04147600,AVEDA INSTITUTE LAS VEGAS               ,NV,89119-6103,Proprietary  ,27,60,87,30,71,101
00257200,COLBY-SAWYER COLLEGE                    ,NH,03257-4648,Private      ,58,6,64,2486,73,2559
00257300,DARTMOUTH COLLEGE                       ,NH,03755-3529,Private      ,382,495,877,10305,1728,12033
00257500,FRANKLIN PIERCE UNIVERSITY              ,NH,03461-0060,Private      ,303,444,747,2524,833,3357
00257900,NEW ENGLAND COLLEGE                     ,NH,03242-3293,Private      ,215,368,583,1274,645,1919
00258000,SOUTHERN NEW HAMPSHIRE UNIVERSITY       ,NH,03106-1045,Private      ,430,1025,1455,3728,2725,6453
00258100,NHTI  - CONCORD'S COMMUNITY COLLEGE     ,NH,03301-7412,Public       ,781,627,1408,1928,1121,3049
00258200,MANCHESTER COMMUNITY COLLEGE            ,NH,03102-8518,Public       ,376,443,819,730,760,1490
00258202,NEW HAMPSHIRE COMMUNITY TECHNICAL COLLEG,NH,03038-0000,Public       ,6,4,10,17,4,21
00258300,GREAT BAY COMMUNITY COLLEGE             ,NH,03885-0000,Public       ,243,275,518,565,583,1148
00258600,RIVIER COLLEGE                          ,NH,03060-5086,Private      ,204,267,471,1352,649,2001
00258700,SAINT ANSELM COLLEGE                    ,NH,03102-1310,Private      ,357,22,379,3831,71,3902
00258900,UNIVERSITY OF NEW HAMPSHIRE             ,NH,03824-2511,Public       ,768,492,1260,18592,2814,21406
00259000,KEENE STATE COLLEGE                     ,NH,03431-0000,Public       ,745,105,850,6911,496,7407
00259100,PLYMOUTH STATE UNIVERSITY               ,NH,03264-1595,Public       ,475,244,719,5792,830,6622
00301004,ANTIOCH UNIVERSITY                      ,NH,03431-0000,Private      ,1,218,219,2,725,727
00472900,HESSER COLLEGE                          ,NH,03103-7230,Proprietary  ,285,484,769,564,833,1397
00472901,HESSER COLLEGE - NASHUA CAMPUS          ,NH,03063-1286,Proprietary  ,64,226,290,132,481,613
00472904,HESSER COLLEGE - PORTSMOUTH CAMPUS      ,NH,03801-3245,Proprietary  ,51,186,237,98,342,440
00472905,HESSER COLLEGE - SALEM CAMPUS           ,NH,03079-2842,Proprietary  ,96,221,317,146,368,514
00472906,HESSER COLLEGE - CONCORD CAMPUS         ,NH,03301-3415,Proprietary  ,42,181,223,89,388,477
00473000,MCINTOSH COLLEGE INC                    ,NH,03820-3990,Proprietary  ,2,10,12,4,14,18
00473100,DANIEL WEBSTER COLLEGE                  ,NH,03063-1300,Proprietary  ,137,72,209,998,165,1163
00473300,CHESTER COLLEGE OF NEW ENGLAND          ,NH,03036-4331,Private      ,38,6,44,243,28,271
00529100,WHITE MOUNTAINS COMMUNITY COLLEGE       ,NH,03570-3799,Public       ,115,211,326,270,403,673
00702500,LEBANON COLLEGE                         ,NH,03766-0000,Private      ,11,18,29,31,44,75
00755500,LAKES REGION COMMUNITY COLLEGE          ,NH,03246-1326,Public       ,199,183,382,449,347,796
00756000,RIVER VALLEY COMMUNITY COLLEGE          ,NH,03743-9707,Public       ,100,216,316,215,418,633
00849300,CONTINENTAL ACADEMIE OF HAIR DESIGN     ,NH,03103-4901,Proprietary  ,8,5,13,15,7,22
00864500,EMPIRE BEAUTY SCHOOL                    ,NH,03220-0000,Proprietary  ,44,29,73,65,49,114
00923600,NASHUA COMMUNITY COLLEGE                ,NH,03063-2052,Public       ,279,315,594,561,561,1122
01318900,CONTINENTAL ACADEMIE OF HAIR DESIGN     ,NH,03051-3754,Proprietary  ,23,20,43,26,28,54
02097900,FRANKLIN PIERCE LAW CENTER              ,NH,03301-0000,Private      ,0,179,179,5,738,743
02140400,ST JOSEPH SCH OF PRAC NRSG              ,NH,03060-0000,Private      ,12,42,54,28,91,119
02174800,MICHAEL'S SCHOOL OF HAIR DESIGN & ESTHET,NH,03110-0000,Proprietary  ,29,23,52,42,27,69
02179600,EMPIRE BEAUTY SCHOOL                    ,NH,03878-0000,Proprietary  ,38,36,74,56,57,113
02211600,PORTSMOUTH BTY SCH OF HAIR DESIGN       ,NH,03801-4084,Proprietary  ,6,12,18,12,12,24
02223300,MAGDALEN COLLEGE                        ,NH,03278-4012,Private      ,16,1,17,42,3,45
02245400,KEENE BEAUTY ACADEMY                    ,NH,03431-0000,Proprietary  ,21,17,38,30,22,52
02247000,NEW ENGLAND SCHOOL OF HAIR DESIGN       ,NH,03784-0000,Proprietary  ,16,28,44,24,36,60
02300200,CONCORD ACADEMY OF HAIR DESIGN          ,NH,03301-0000,Proprietary  ,0,0,0,1,1,2
03043100,THOMAS MORE COLLEGE OF LIBERAL ARTS     ,NH,03054-4818,Private      ,32,4,36,74,5,79
03101300,GRANITE STATE COLLEGE                   ,NH,03301-6400,Public       ,82,545,627,187,971,1158
03182300,NEW HAMPSHIRE INSTITUTE OF ART          ,NH,03104-4858,Private      ,174,45,219,560,87,647
03437300,UPPER VALLEY TEACHER TRANING PROGRAM    ,NH,03766-1358,Private      ,0,22,22,1,37,38
03729300,NH INSTITUTE FOR THERAPEUTIC ARTS       ,NH,03051-4906,Proprietary  ,11,19,30,12,25,37
00267000,BAPTIST BIBLE COLG OF PENNSYLVANIA      ,PA,18411-1297,Private      ,261,78,339,580,132,712
00322800,BRYN ATHYN COLLEGE OF THE NEW CHURCH    ,PA,19009-0717,Private      ,47,12,59,144,17,161
00322900,ALBRIGHT COLLEGE                        ,PA,19612-5234,Private      ,590,342,932,3455,753,4208
00323000,ALLEGHENY COLLEGE                       ,PA,16335-3902,Private      ,287,32,319,3385,77,3462
00323100,COMM CLG OF ALLEGHENY-ALLEGHENY CMP     ,PA,15212-0000,Public       ,1230,2009,3239,1918,3167,5085
00323101,"COMM CLG OF ALLEGHENY, BOYCE CAMPUS     ",PA,15146-0000,Public       ,708,985,1693,1042,1530,2572
00323102,"COMM CLG OF ALLEGHENY, NORTH CAMPUS     ",PA,15237-0000,Public       ,488,558,1046,838,876,1714
00323103,"COMM CLG OF ALLEGHENY, SOUTH CAMPUS     ",PA,15122-0000,Public       ,815,904,1719,1282,1465,2747
00323300,ALVERNIA UNIVERSITY                     ,PA,19607-1799,Private      ,548,574,1122,1941,1135,3076
00323500,ARCADIA UNIVERSITY                      ,PA,19038-3295,Private      ,654,473,1127,3838,1611,5449
00323700,BRYN MAWR COLLEGE                       ,PA,19010-2899,Private      ,298,155,453,1672,467,2139
00323800,BUCKNELL UNIVERSITY                     ,PA,17837-2122,Private      ,671,35,706,5151,153,5304
00323900,BUCKS COUNTY COMMUNITY COLLEGE          ,PA,18940-1320,Public       ,1523,1246,2769,2823,2113,4936
00324000,BUTLER COUNTY COMMUNITY COLLEGE         ,PA,16001-0000,Public       ,867,815,1682,1432,1365,2797
00324100,CABRINI COLLEGE                         ,PA,19087-3698,Private      ,549,434,983,2132,724,2856
00324200,CARNEGIE MELLON UNIVERSITY              ,PA,15213-3890,Private      ,1114,384,1498,10124,1298,11422
00324201,CARNEGIE MELLON UNIV- THE HEINZ SCH     ,PA,15213-0000,Private      ,23,127,150,266,507,773
00324202,CARNEGIE MELLON- TEPPER SCHOOL OF BUSINE,PA,15213-0000,Private      ,14,224,238,239,471,710
00324300,CEDAR CREST COLLEGE                     ,PA,18104-6196,Private      ,440,544,984,1296,965,2261
00324400,CHATHAM UNIVERSITY                      ,PA,15232-2826,Private      ,104,490,594,733,1168,1901
00324500,CHESTNUT HILL COLLEGE                   ,PA,19118-2693,Private      ,397,591,988,1763,1180,2943
00324700,MISERICORDIA  UNIVERSITY                ,PA,18612-1008,Private      ,536,427,963,1967,828,2795
00324900,COMMUNITY COLLEGE OF PHILADELPHIA       ,PA,19130-3991,Public       ,3867,5867,9734,7728,11364,19092
00325100,CURTIS INSTITUTE OF MUSIC               ,PA,19103-6187,Private      ,26,16,42,210,91,301
00325200,DELAWARE VALLEY COLLEGE                 ,PA,18901-2697,Private      ,547,108,655,2190,234,2424
00325300,DICKINSON COLLEGE                       ,PA,17013-2896,Private      ,388,24,412,3115,159,3274
00325400,DICKINSON SCHOOL OF LAW                 ,PA,17013-2899,Private      ,0,0,0,4,35,39
00325600,DREXEL UNIVERSITY                       ,PA,19104-2875,Private      ,3547,4684,8231,23675,11497,35172
00325800,DUQUESNE UNIVERSITY                     ,PA,15282-0001,Private      ,1945,1642,3587,7668,3597,11265
00325900,EASTERN UNIVERSITY                      ,PA,19087-3696,Private      ,592,858,1450,2057,1717,3774
00325908,EASTERN BAPTIST THEOLGCL SEMINARY       ,PA,19096-0000,Private      ,1,37,38,1,69,70
00326200,ELIZABETHTOWN COLLEGE                   ,PA,17022-2298,Private      ,311,171,482,3007,370,3377
00326300,EVANGELICAL SCHOOL OF THEOLOGY          ,PA,17067-0000,Private      ,1,49,50,1,83,84
00326500,FRANKLIN & MARSHALL COLLEGE             ,PA,17604-0000,Private      ,346,25,371,2976,91,3067
00326600,GANNON UNIVERSITY                       ,PA,16541-0001,Private      ,505,408,913,3404,1200,4604
00326700,GENEVA COLLEGE                          ,PA,15010-3599,Private      ,270,340,610,1713,707,2420
00326800,GETTYSBURG COLLEGE                      ,PA,17325-1486,Private      ,550,22,572,4044,78,4122
00326900,GROVE CITY COLLEGE                      ,PA,16127-0000,Private      ,356,19,375,1860,37,1897
00327000,GWYNEDD-MERCY COLLEGE                   ,PA,19437-0901,Private      ,362,430,792,1705,859,2564
00327200,HARCUM COLLEGE                          ,PA,19010-3476,Private      ,251,494,745,487,877,1364
00327300,HARRISBURG AREA COMMUNITY COLLEGE       ,PA,17110-2999,Public       ,2845,3955,6800,6343,8976,15319
00327400,HAVERFORD COLLEGE                       ,PA,19041-1392,Private      ,271,5,276,2146,25,2171
00327500,HOLY FAMILY UNIVERSITY                  ,PA,19114-2094,Private      ,454,544,998,1920,1422,3342
00327600,IMMACULATA UNIVERSITY                   ,PA,19345-0647,Private      ,418,572,990,1337,998,2335
00327700,INDIANA UNIVERSITY OF PENNSYLVANIA      ,PA,15705-1097,Public       ,4323,1611,5934,12856,3138,15994
00327900,JUNIATA COLLEGE                         ,PA,16652-2196,Private      ,196,21,217,2179,71,2250
00328000,KEYSTONE COLLEGE                        ,PA,18440-0200,Private      ,586,346,932,1449,639,2088
00328200,KINGS COLLEGE                           ,PA,18711-0801,Private      ,446,163,609,2742,389,3131
00328300,LACKAWANNA COLLEGE                      ,PA,18509-9961,Private      ,626,388,1014,1173,675,1848
00328400,LAFAYETTE COLLEGE                       ,PA,18042-1768,Private      ,281,11,292,3712,71,3783
00328500,LANCASTER BIBLE COLLEGE                 ,PA,17601-5036,Private      ,240,121,361,540,233,773
00328600,LANCASTER THEOLOGICAL SEMINARY          ,PA,17603-0000,Private      ,0,55,55,1,91,92
00328700,LASALLE UNIVERSITY                      ,PA,19141-1199,Private      ,1166,1164,2330,5063,2439,7502
00328800,LEBANON VALLEY COLLEGE                  ,PA,17003-1400,Private      ,296,60,356,2277,203,2480
00328900,LEHIGH UNIVERSITY                       ,PA,18015-1588,Private      ,854,245,1099,8046,619,8665
00329000,LINCOLN UNIVERSITY                      ,PA,19352-0999,Public       ,1010,342,1352,3793,928,4721
00329100,LUTHERAN THEOLOG SEMINARY-GETTYSBRG     ,PA,17325-0000,Private      ,0,68,68,0,131,131
00329200,LUTHERAN THEOLOGICAL SEMINARY           ,PA,19119-0000,Private      ,0,95,95,0,170,170
00329300,LYCOMING COLLEGE                        ,PA,17701-5192,Private      ,272,30,302,1966,87,2053
00329400,MANOR COLLEGE                           ,PA,19046-3399,Private      ,160,163,323,454,396,850
00329600,MARYWOOD UNIVERSITY                     ,PA,18509-1598,Private      ,642,591,1233,2589,1318,3907
00329700,MERCYHURST COLLEGE                      ,PA,16546-0001,Private      ,955,616,1571,3716,1340,5056
00329800,MESSIAH COLLEGE                         ,PA,17027-0800,Private      ,381,49,430,3310,137,3447
00330000,MOORE COLLEGE OF ART & DESIGN           ,PA,19103-1179,Private      ,89,57,146,713,209,922
00330100,MORAVIAN COLLEGE                        ,PA,18018-6650,Private      ,369,98,467,2150,202,2352
00330101,MORAVIAN THEOLOGICAL SEMINARY           ,PA,18018-0000,Private      ,2,42,44,11,58,69
00330200,MOUNT ALOYSIUS COLLEGE                  ,PA,16630-1999,Private      ,292,283,575,1205,688,1893
00330300,CARLOW COLLEGE                          ,PA,15213-3165,Private      ,357,629,986,1167,1278,2445
00330400,MUHLENBERG COLLEGE                      ,PA,18104-5586,Private      ,382,127,509,3326,220,3546
00330600,VALLEY FORGE CHRISTIAN COLLEGE          ,PA,19460-2399,Private      ,350,94,444,821,187,1008
00330900,PEIRCE COLLEGE                          ,PA,19102-4699,Private      ,115,1019,1134,208,1676,1884
00331100,PENNSYLVANIA COLLEGE OF OPTOMETRY       ,PA,19027-1598,Private      ,0,394,394,6,886,892
00331300,WIDENER UNIVERSITY                      ,PA,19013-5792,Private      ,753,675,1428,4033,1770,5803
00331302,WIDENER UNIV SCH OF LAW- HARRISBURG     ,PA,17106-9381,Private      ,0,222,222,6,794,800
00331500,BLOOMSBURG UNIVERSITY OF PA             ,PA,17815-1301,Public       ,2568,693,3261,10601,1565,12166
00331600,CALIFORNIA UNIV OF PENNSYLVANIA         ,PA,15419-1394,Public       ,2760,1862,4622,6439,3181,9620
00331700,CHEYNEY UNIVERSITY OF PENNSYLVANIA      ,PA,19319-0200,Public       ,712,327,1039,1938,724,2662
00331800,CLARION UNIVERSITY OF PENNSYLVANIA      ,PA,16214-1232,Public       ,2148,967,3115,5210,1774,6984
00332000,EAST STROUDSBURG UNIVERSITY             ,PA,18301-2999,Public       ,2005,597,2602,7469,1306,8775
00332100,EDINBORO UNIVERSITY OF PENNSYLVANIA     ,PA,16444-0001,Public       ,1339,945,2284,5741,2669,8410
00332200,KUTZTOWN UNIVERSITY OF PENNSYLVANIA     ,PA,19530-9339,Public       ,2104,679,2783,10033,1686,11719
00332300,LOCK HAVEN UNIV OF PENNSYLVANIA         ,PA,17745-2439,Public       ,1142,391,1533,5156,1069,6225
00332400,MANSFIELD UNIVERSITY                    ,PA,16933-1123,Public       ,835,455,1290,2853,892,3745
00332500,MILLERSVILLE UNIVERSITY OF PA           ,PA,17551-1800,Public       ,1564,667,2231,8028,1762,9790
00332600,SHIPPENSBURG UNIVERSITY                 ,PA,17257-2299,Public       ,1912,551,2463,7530,1290,8820
00332700,SLIPPERY ROCK UNIVERSITY                ,PA,16057-1326,Public       ,2750,905,3655,7988,1744,9732
00332800,WEST CHESTER UNIVERSITY                 ,PA,19383-0001,Public       ,2593,1102,3695,13816,2980,16796
00332900,PENN STATE UNIVERSITY                   ,PA,16802-1503,Public       ,15999,6701,22700,66207,17696,83903
00332901,PENN STATE UNIV-HERSHEY MEDCL CTR       ,PA,17033-0000,Public       ,0,0,0,2,10,12
00335000,UNIVERSITY OF THE ARTS (THE)            ,PA,19102-9493,Private      ,580,182,762,3120,538,3658
00335100,PHILADELPHIA BIBLICAL UNIVERSITY        ,PA,19047-2942,Private      ,352,228,580,826,368,1194
00335200,PHILADELPHIA CLG OSTEOPATHIC MED        ,PA,19131-0000,Private      ,5,926,931,15,2552,2567
00335300,UNIVERSITY OF THE SCIENCES IN PHILADELPH,PA,19104-4495,Private      ,359,241,600,3342,829,4171
00335400,PHILADELPHIA UNIVERSITY                 ,PA,19144-5497,Private      ,856,430,1286,3864,942,4806
00335600,PITTSBURGH THEOLOGICAL SEMINARY         ,PA,15206-0000,Private      ,1,53,54,3,186,189
00335700,POINT PARK UNIVERSITY                   ,PA,15222-1912,Private      ,1047,994,2041,3075,1761,4836
00335800,REFORMED PRESBYTERIAN THEOL SEMINAR     ,PA,15208-0000,Private      ,0,13,13,0,19,19
00335900,ROBERT MORRIS UNIVERSITY                ,PA,15108-1189,Private      ,1310,977,2287,3912,1620,5532
00336000,ROSEMONT COLLEGE                        ,PA,19010-1699,Private      ,154,191,345,689,371,1060
00336200,SETON HILL UNIVERSITY                   ,PA,15601-1599,Private      ,566,432,998,1770,752,2522
00336400,ST. CHARLES BORROMEO SEMINARY           ,PA,19096-0000,Private      ,9,8,17,24,16,40
00336600,SAINT FRANCIS UNIVERSITY                ,PA,15940-0600,Private      ,535,224,759,1893,489,2382
00336700,SAINT JOSEPH'S UNIVERSITY               ,PA,19131-1395,Private      ,1021,873,1894,5773,1540,7313
00336800,ST VINCENT COLLEGE                      ,PA,15650-2690,Private      ,621,136,757,2080,277,2357
00336900,SUSQUEHANNA UNIVERSITY                  ,PA,17870-1001,Private      ,260,25,285,2965,92,3057
00337000,SWARTHMORE COLLEGE                      ,PA,19081-1397,Private      ,338,19,357,3452,56,3508
00337100,TEMPLE UNIV - MAIN CAMPUS               ,PA,19122-6003,Private      ,4643,2258,6901,26467,6695,33162
00337101,TEMPLE UNIV - SCHOOL OF LAW             ,PA,19122-0000,Private      ,8,285,293,47,2646,2693
00337102,TEMPLE UNIV - SCHOOL OF MEDICINE        ,PA,19140-0000,Private      ,25,288,313,129,1365,1494
00337103,TEMPLE UNIV - SCHOOL OF DENTISTRY       ,PA,19140-0000,Private      ,8,79,87,22,566,588
00337104,TEMPLE UNIV - AMBLER CAMPUS             ,PA,19002-0000,Private      ,171,194,365,684,477,1161
00337105,TEMPLE UNIV - SCH OF ALLIED HEALTH      ,PA,19140-0000,Private      ,60,122,182,360,382,742
00337106,TEMPLE UNIV - SCHOOL OF PHARMACY        ,PA,19140-0000,Private      ,23,193,216,185,660,845
00337107,TEMPLE UNIV - TYLER SCHOOL OF ART       ,PA,19122-0000,Private      ,201,103,304,647,325,972
00337108,TEMPLE UNIV - GRAD DIV HEALTH SCI       ,PA,19140-0000,Private      ,9,149,158,57,483,540
00337109,TEMPLE UNIV - GRADUATE DIVISION         ,PA,19122-0000,Private      ,21,897,918,152,2672,2824
00337111,TEMPLE UNIV-SCH OF PODIATRIC MED        ,PA,19107-0000,Private      ,1,150,151,6,382,388
00337600,THIEL COLLEGE                           ,PA,16125-2181,Private      ,403,68,471,1319,137,1456
00337800,UNIVERSITY OF PENNSYLVANIA              ,PA,19104-6216,Private      ,2055,3059,5114,15849,11687,27536
00337900,UNIVERSITY OF PITTSBURGH                ,PA,15260-0000,Public       ,5149,3408,8557,25887,8889,34776
00337906,UNIVERSITY OF PITTSBURGH - SCHOOL OF MED,PA,15261-0001,Public       ,10,258,268,61,972,1033
00337907,UNIVERSITY OF PITTSBURGH - SCHOOL OF DEN,PA,15261-2523,Public       ,10,165,175,39,369,408
00338400,UNIVERSITY OF SCRANTON                  ,PA,18510-4622,Private      ,1152,570,1722,6841,1096,7937
00338500,URSINUS COLLEGE                         ,PA,19426-2562,Private      ,438,47,485,3612,112,3724
00338600,VALLEY FORGE MILITARY COLLEGE           ,PA,19087-3695,Private      ,142,18,160,315,27,342
00338800,VILLANOVA UNIVERSITY                    ,PA,19085-1699,Private      ,1436,838,2274,10696,1763,12459
00338801,VILLANOVA UNIV SCH OF LAW               ,PA,19085-0000,Private      ,2,286,288,21,1709,1730
00338900,WASHINGTON & JEFFERSON COLLEGE          ,PA,15301-4801,Private      ,385,8,393,2675,45,2720
00339100,WAYNESBURG UNIVERSITY                   ,PA,15370-1222,Private      ,643,375,1018,1925,671,2596
00339200,WESTMINSTER COLLEGE                     ,PA,16172-0002,Private      ,617,53,670,2469,120,2589
00339300,WESTMINSTER THEOLOGICAL SEMINARY        ,PA,19038-0000,Private      ,0,78,78,2,223,225
00339400,WILKES UNIVERSITY                       ,PA,18766-0998,Private      ,800,420,1220,2912,781,3693
00339500,PENNSYLVANIA COLLEGE OF TECHNOLOGY      ,PA,17701-5779,Public       ,1661,773,2434,5173,1936,7109
00339600,WILSON COLLEGE                          ,PA,17201-1285,Private      ,99,172,271,431,361,792
00339900,YORK COLLEGE OF PENNSYLVANIA            ,PA,17405-7199,Private      ,1337,395,1732,6970,930,7900
00398600,DESALES UNIVERSITY                      ,PA,18034-9568,Private      ,452,462,914,2147,877,3024
00398700,LA ROCHE COLLEGE                        ,PA,15237-5898,Private      ,436,232,668,911,392,1303
00398800,NEUMANN COLLEGE                         ,PA,19014-1298,Private      ,766,379,1145,2699,816,3515
00405800,GRATZ COLLEGE                           ,PA,19027-3097,Private      ,1,43,44,2,76,78
00445200,MONTGOMERY COUNTY COMMUNITY COLLEGE     ,PA,19422-6300,Public       ,1792,1801,3593,3187,3103,6290
00488700,BRANDYWINE SCHOOL OF NURSING            ,PA,19320-1536,Proprietary  ,15,29,44,22,50,72
00488900,CAMBRIA-ROWE BUSINESS COLLEGE           ,PA,15902-2494,Proprietary  ,70,97,167,134,212,346
00489000,CENTRAL PENNSYLVANIA COLLEGE            ,PA,17093-0309,Proprietary  ,283,250,533,1000,795,1795
00489300,DU BOIS BUSINESS COLLEGE                ,PA,15801-2401,Proprietary  ,79,149,228,164,268,432
00489400,ERIE BUSINESS CENTER                    ,PA,16501-1305,Proprietary  ,31,185,216,50,303,353
00489401,ERIE BUSINESS CENTER SOUTH              ,PA,16101-0000,Proprietary  ,9,50,59,15,65,80
00489800,MCCANN SCHOOL OF BUSINESS & TECHNOL     ,PA,17901-1335,Proprietary  ,507,1071,1578,685,1636,2321
00489900,MERCY HOSP SCH OF NURSING               ,PA,15219-5166,Private      ,40,71,111,83,112,195
00490100,NEWPORT BUSINESS INSTITUTE              ,PA,15068-3929,Proprietary  ,24,34,58,33,55,88
00490200,PENN COMMERCIAL BUSINESS/TECHNICAL SCHL ,PA,15301-2871,Proprietary  ,123,200,323,182,280,462
00491000,KAPLAN CAREER INSTITUTE                 ,PA,17111-3571,Proprietary  ,119,266,385,222,463,685
00491001,THOMPSON INSTITUTE-PHILADEPHIA CAMPUS   ,PA,19104-3386,Proprietary  ,106,394,500,188,656,844
00491400,NEWPORT BUSINESS INSTITUTE              ,PA,17701-5855,Proprietary  ,8,86,94,17,137,154
00500701,WEST VIRGINIA CAREER INSTITUTE          ,PA,15456-0000,Proprietary  ,33,54,87,51,112,163
00531000,PITTSBURGH INST OF AERONAUTICS          ,PA,15236-0000,Private      ,111,60,171,195,95,290
00533000,FAYETTE CNTY AREA VOC TECH PRC NRSG     ,PA,15401-0000,Public       ,17,38,55,26,81,107
00533500,CENTRAL PENN INST OF SCI & TECH PNP     ,PA,16823-0000,Public       ,29,65,94,55,103,158
00536500,YORK CO AREA VOC-TECH SCH-PRAC NSG      ,PA,17402-0000,Public       ,7,61,68,17,90,107
00594200,UPMC PRESBYTERIAN SCH OF RADIOLOGIC     ,PA,15213-2582,Private      ,3,6,9,15,15,30
00594600,SCHOOL OF RADIOLOGIC TECHNOLOGY AT ST. C,PA,19134-1995,Proprietary  ,5,20,25,15,38,53
00653400,CITIZENS SCHOOL OF NURSING              ,PA,15068-6591,Private      ,54,57,111,96,117,213
00653700,CONEMAUGH VLY MEM HOSP SCH NRSNG        ,PA,15905-4398,Private      ,31,55,86,82,96,178
00653702,CONEMAUGH HOSP- SCH HISTOTECHNOLOGY     ,PA,15905-0000,Private      ,1,4,5,2,8,10
00653704,CONEMAUGH VLY MEM HOSP SCH RAD TECH     ,PA,15905-0000,Private      ,16,6,22,35,10,45
00653706,CONEMAUGH VLY MEM HOSP SCH  MED TECH    ,PA,15905-4398,Private      ,2,3,5,4,7,11
00653900,EPISCOPAL HOSPITAL SCHL OF NURSING      ,PA,19125-1000,Private      ,3,36,39,10,53,63
00655100,ST MARGARET SCHL OF NURSING             ,PA,15238-3205,Private      ,28,64,92,58,144,202
00656000,OHIO VALLEY HOSP SCH OF NURSING         ,PA,15136-1694,Private      ,18,29,47,33,43,76
00656500,READING HOSPITAL SCHOOL OF HEALTH SCIENC,PA,19611-1744,Private      ,90,142,232,202,292,494
00657400,"ST LUKE'S HOSPITAL OF BETHLEHEM, PA     ",PA,18015-1065,Private      ,33,86,119,54,124,178
00657600,SEWICKLEY VALLEY HOSP SCH NRSNG         ,PA,15143-1498,Private      ,24,32,56,40,63,103
00657700,UPMC SHADYSIDE SCHOOL OF NURSING        ,PA,15232-1381,Private      ,75,151,226,128,235,363
00657800,SHARON REGIONAL SCHOOL OF NURSING       ,PA,16146-3395,Private      ,2,20,22,10,37,47
00658200,WASHINGTON HOSP SCH OF NURSING          ,PA,15301-3398,Private      ,29,75,104,45,129,174
00658202,WASHINGTON HOSP SCH OF RAD TECH         ,PA,15301-3398,Private      ,12,7,19,18,13,31
00658300,WESTERN PENN HOSP-SCH OF NURSING        ,PA,15224-1790,Private      ,61,69,130,122,122,244
00680700,COMMUNITY COLLEGE OF BEAVER COUNTY      ,PA,15061-2588,Public       ,579,599,1178,1002,1002,2004
00681000,LEHIGH CARBON COMMUNITY COLLEGE         ,PA,18078-2598,Public       ,1357,1346,2703,2432,2393,4825
00681100,LUZERNE COUNTY COMMUNITY COLLEGE        ,PA,18634-3899,Public       ,1586,1365,2951,2748,2372,5120
00708700,ABINGTON MEM HOSP SCHL OF NURSING       ,PA,19090-1284,Private      ,20,81,101,83,285,368
00709100,EVEREST INSTITUTE                       ,PA,15222-1320,Proprietary  ,98,433,531,123,541,664
00711000,DELAWARE COUNTY COMMUNITY COLLEGE       ,PA,19063-1094,Public       ,1927,2062,3989,3398,3675,7073
00719100,NORTHAMPTON COMMUNITY COLLEGE           ,PA,18020-7599,Public       ,1583,1408,2991,4402,3686,8088
00739802,KATHERINE GIBBS-PHILADELPHIA            ,PA,19403-2422,Proprietary  ,13,22,35,13,30,43
00743000,ANTONELLI INST OF ART & PHOTOGRAPHY     ,PA,19038-8242,Proprietary  ,91,8,99,229,16,245
00743600,KAPLAN CAREER INSTITUTE - ICM CAMPUS    ,PA,15222-1977,Proprietary  ,254,463,717,402,829,1231
00743700,PITTSBURGH TECHNICAL INSTITUTE          ,PA,15071-3205,Proprietary  ,719,289,1008,2127,770,2897
00746900,"HUSSIAN SCHOOL OF ART, INC.             ",PA,19106-0000,Proprietary  ,62,15,77,108,27,135
00747000,"ART INSTITUTE OF PITTSBURGH, THE        ",PA,15219-1328,Proprietary  ,1998,7632,9630,4427,12204,16631
00752900,CTR ART TCH BRDYWN CMPS PRC NRS PRG     ,PA,19320-2459,Public       ,13,64,77,15,100,115
00775900,LINCOLN TECHNICAL INSTITUTE             ,PA,18104-3298,Proprietary  ,159,273,432,267,405,672
00777900,LANSDALE SCHOOL OF BUSINESS             ,PA,19454-4148,Proprietary  ,56,265,321,72,317,389
00778000,NEW CASTLE SCHOOL OF TRADES             ,PA,16143-9721,Proprietary  ,119,315,434,160,386,546
00778100,CHI INSTITUTE/RETS CAMPUS               ,PA,19008-3516,Proprietary  ,71,210,281,111,371,482
00783200,LINCOLN TECH INSTITUTE                  ,PA,19136-1595,Proprietary  ,130,163,293,261,328,589
00783900,TRIANGLE TECH                           ,PA,15214-3897,Proprietary  ,132,161,293,162,177,339
00791200,THADDEUS STEVENS CLG OF TECHNOLOGY      ,PA,17602-0000,Public       ,470,183,653,923,332,1255
00791600,FRANKLIN CNTY CAREER & TECH CTR-PNP     ,PA,17201-0000,Public       ,12,20,32,16,31,47
00820000,JAMESON MEMORIAL HOSP SCH NURSING       ,PA,16105-2595,Private      ,16,36,52,26,71,97
00826301,AWARD BEAUTY SCHOOL - CHAMBERSBURG BEAUT,PA,17201-2435,Proprietary  ,1,3,4,3,6,9
00835000,ART INSTITUTE OF PHILADELPHIA           ,PA,19103-5198,Proprietary  ,1181,704,1885,3392,1794,5186
00844100,ANTHEM INSTITUTE                        ,PA,19064-1243,Proprietary  ,108,253,361,147,379,526
00856800,VET TECH INSTITUTE                      ,PA,15222-3400,Proprietary  ,140,53,193,253,108,361
00865300,JEFFERSON CO DUBOIS VOC TECH-PR NSG     ,PA,15851-0000,Public       ,19,39,58,31,61,92
00888900,LEHIGH VALLEY COLLEGE                   ,PA,18034-8447,Proprietary  ,7,12,19,30,39,69
00895500,PRUONTOS HAIR DESIGN INSTITUTE & BEAUTY ,PA,16602-0000,Proprietary  ,6,13,19,13,18,31
00915705,WYOMING TECHNICAL INSTITUTE - BLAIRSVILL,PA,15717-8060,Proprietary  ,659,227,886,1198,351,1549
00918600,DEAN INSTITUTE OF TECHNOLOGY            ,PA,15226-1197,Proprietary  ,19,49,68,32,64,96
00944900,PENNCO TECH                             ,PA,19007-0000,Proprietary  ,152,244,396,195,333,528
00966400,EMPIRE BEAUTY SCHOOL                    ,PA,18052-5730,Proprietary  ,88,138,226,113,188,301
00966500,EMPIRE BEAUTY SCHOOL                    ,PA,17109-2210,Proprietary  ,33,100,133,48,174,222
00966600,EMPIRE BEAUTY SCHOOL                    ,PA,19605-2803,Proprietary  ,34,99,133,47,172,219
00972100,BRADFORD SCHOOL                         ,PA,15219-2602,Proprietary  ,344,57,401,585,101,686
00972300,FRANKFORD HOSP SCH OF NURSING           ,PA,19124-2696,Private      ,84,135,219,175,256,431
00978300,GORDON PHILLIPS SCH OF BEAUTY CULT      ,PA,19135-0000,Proprietary  ,102,127,229,147,235,382
00986300,LANCASTER GENERAL COLLEGE OF NURSING AND,PA,17602-4955,Private      ,147,244,391,363,533,896
01000600,GREATER JOHNSTOWN AREA VOC TECH SCH     ,PA,15904-0000,Public       ,35,110,145,54,188,242
01005500,CRAWFORD CNTY AREA VO-TECH PRAC NUR     ,PA,16335-0000,Public       ,1,12,13,7,44,51
01017600,WESTMORELAND COUNTY COMMUNITY CLG       ,PA,15697-1895,Public       ,1256,1224,2480,2036,2224,4260
01038800,READING AREA COMMUNITY COLLEGE          ,PA,19603-1706,Public       ,932,1483,2415,1550,2452,4002
01054100,EMPIRE BEAUTY SCHOOL                    ,PA,15146-2229,Proprietary  ,74,120,194,95,188,283
01054200,EMPIRE BEAUTY SCHOOL                    ,PA,18701-0000,Proprietary  ,74,85,159,112,149,261
01054300,EMPIRE BEAUTY SCHOOL                    ,PA,17701-3914,Proprietary  ,32,72,104,50,117,167
01081400,PITTSBURGH INST MORTUARY SCIENCE        ,PA,15206-3706,Private      ,33,75,108,70,144,214
01086000,GREATER ALTOONA CAREER/TECH CENTER      ,PA,16602-0000,Public       ,31,114,145,46,178,224
01096300,GREENE COUNTY VOC-TECH SCHOOL           ,PA,15370-0000,Public       ,6,27,33,7,40,47
01097000,EMPIRE BEAUTY SCHOOL                    ,PA,17042-5209,Proprietary  ,9,28,37,14,34,48
01099800,PENNSYLVANIA INSTITUTE OF TECH          ,PA,19063-4098,Private      ,254,411,665,421,686,1107
01102000,EMPIRE BEAUTY SCHOOL                    ,PA,17604-4335,Proprietary  ,47,74,121,56,119,175
01102100,EMPIRE BEAUTY SCHOOL                    ,PA,17402-2862,Proprietary  ,61,203,264,94,309,403
01162100,AUTOMOTIVE TRAINING CENTER              ,PA,19341-1310,Proprietary  ,262,83,345,411,138,549
01162200,WELDER TRAINING & TESTING INST          ,PA,18109-3253,Proprietary  ,16,33,49,24,46,70
01163800,EMPIRE BEAUTY SCHOOL                    ,PA,17876-0000,Proprietary  ,18,22,40,25,43,68
01171500,POTTSVILLE HOSPITAL SCHOOL OF NURSING   ,PA,17901-3692,Private      ,22,21,43,56,42,98
01191900,BEAVER FALLS BEAUTY ACADEMY             ,PA,15010-4208,Proprietary  ,9,26,35,10,28,38
01205000,ROSEDALE TECHNICAL INSTITUTE            ,PA,15205-9791,Private      ,87,89,176,145,138,283
01239300,THOMAS JEFF UNIV-CLG ALLIED HEALTH      ,PA,19107-0000,Private      ,71,262,333,294,951,1245
01239301,JEFFERSON MED CLG-T. JEFFERSON UNIV     ,PA,19107-5587,Private      ,47,345,392,162,1436,1598
01239303,THOMAS JEFFERSON UNIV-GRADUATE COLG     ,PA,19107-0000,Private      ,56,299,355,170,905,1075
01246104,LINCOLN TECHNICAL INSTITUTE             ,PA,19104-0202,Proprietary  ,88,215,303,155,275,430
01246105,LINCOLN TECHNICAL INSTITUTE             ,PA,19116-4202,Proprietary  ,110,196,306,158,273,431
01252300,TALMUDICAL YESHIVA OF PHILA             ,PA,19131-1296,Private      ,2,0,2,3,0,3
01260500,EMPIRE BEAUTY SCHOOL                    ,PA,17331-2405,Proprietary  ,19,37,56,26,49,75
01260600,EMPIRE BEAUTY SCHOOL                    ,PA,17901-2505,Proprietary  ,72,181,253,98,283,381
01260700,EMPIRE BEAUTY SCHOOL                    ,PA,16801-5218,Proprietary  ,6,6,12,8,11,19
01292900,SOUTH HILLS BEAUTY ACADEMY              ,PA,15216-2335,Proprietary  ,2,9,11,5,16,21
01301500,GORDON PHILLIPS SCH BEAUTY CULTURE      ,PA,19102-2701,Proprietary  ,116,206,322,156,344,500
01313400,YESHIVATH BETH MOSHE                    ,PA,18505-2196,Private      ,1,0,1,4,0,4
01321400,ROXBOROUGH MEM HOSP SCH OF NURSING      ,PA,19128-0000,Proprietary  ,19,86,105,67,160,227
01326300,SOUTH HILLS SCH OF BUS & TECHNOLOGY     ,PA,16801-4516,Proprietary  ,228,190,418,392,363,755
01326304,SOUTH HILLS SCHOOL OF BUSINESS & TECHNOL,PA,16602-1188,Proprietary  ,19,9,28,41,22,63
02061000,VENUS BEAUTY ACADEMY                    ,PA,19079-0000,Proprietary  ,17,10,27,24,17,41
02068300,DOUGLAS SCHOOL OF BUSINESS              ,PA,15062-0000,Proprietary  ,124,91,215,217,155,372
02090200,TRIANGLE TECH                           ,PA,16502-0000,Proprietary  ,64,89,153,94,116,210
02092500,LAUREL TECHNICAL INSTITUTE              ,PA,16146-0000,Proprietary  ,38,151,189,52,215,267
02092502,BUSINESS INSTITUTE OF PENNSYLVANIA      ,PA,16335-0000,Proprietary  ,1,12,13,3,16,19
02107300,PENNSYLVANIA ACADEMY OF FINE ARTS       ,PA,19102-1424,Private      ,52,50,102,206,235,441
02112200,GREAT LAKES INSTITUTE OF TECHNOLOGY     ,PA,16509-0000,Proprietary  ,104,199,303,167,332,499
02114200,JOHNSON COLLEGE                         ,PA,18508-0000,Private      ,219,122,341,396,187,583
02116001,SANFORD-BROWN INSTITUTE - TREVOSE       ,PA,19053-4700,Proprietary  ,120,357,477,228,827,1055
02118000,LEVITTOWN BEAUTY ACADEMY LLC            ,PA,19054-1713,Proprietary  ,7,9,16,7,10,17
02119300,PA ACAD OF COSMETOLOGY ARTS & SCI       ,PA,15904-0000,Proprietary  ,24,22,46,38,38,76
02119301,PA ACAD OF COSMTLGY ARTS & SCI          ,PA,15801-0000,Proprietary  ,0,0,0,5,0,5
02120800,"YORKTOWNE BUSINESS INSTITUTE, INC.      ",PA,17404-0000,Proprietary  ,64,124,188,93,183,276
02127400,YORK TECHNICAL INSTITUTE                ,PA,17402-0000,Proprietary  ,513,519,1032,917,1054,1971
02129000,TRIANGLE TECH                           ,PA,15601-0000,Proprietary  ,155,134,289,210,166,376
02129001,TRIANGLE TECH - BUSINESS CAREERS INSTITU,PA,15601-3304,Proprietary  ,1,6,7,4,8,12
02144000,"VISION ACADEMY, THE                     ",PA,18103-0000,Proprietary  ,14,18,32,14,19,33
02149000,EMPIRE BEAUTY SCHOOL                    ,PA,19341-2804,Proprietary  ,29,49,78,46,64,110
02151500,CENTRAL SUSQUEHANNA LPN CENTER          ,PA,17847-0000,Public       ,12,52,64,28,135,163
02152105,ACADEMY OF COURT REPORTING AND TECHNOLOG,PA,15222-1710,Proprietary  ,15,131,146,21,180,201
02153500,OAKBRIDGE ACADEMY OF ARTS               ,PA,15068-0000,Proprietary  ,36,8,44,58,16,74
02158300,JUNIATA-MIFFLIN CO AREA VOC TECH        ,PA,17044-0000,Public       ,8,19,27,13,47,60
02161400,NORTHEASTERN HOSP SCH OF NRSG           ,PA,19134-0000,Private      ,22,52,74,41,111,152
02169600,CLEARFIELD CTY CAREER AND TECH CNTR     ,PA,16830-0000,Public       ,10,41,51,20,91,111
02174400,TRIANGLE TECH                           ,PA,15801-0000,Proprietary  ,184,211,395,240,271,511
02178900,ACADEMY OF HAIR DESIGN                  ,PA,18202-1465,Proprietary  ,0,4,4,4,4,8
02183000,ORLEANS TECHNICAL INSTITUTE             ,PA,19111-0000,Private      ,63,223,286,81,267,348
02192800,WALNUT HILL COLLEGE                     ,PA,19104-0000,Proprietary  ,162,107,269,379,179,558
02202300,SANFORD-BROWN INSTITUTE                 ,PA,15219-1907,Proprietary  ,167,366,533,287,767,1054
02202301,SANFORD-BROWN INSTITUTE                 ,PA,15146-2141,Proprietary  ,81,215,296,130,409,539
02203900,ERIE INSTITUTE OF TECHNOLOGY            ,PA,16565-1002,Proprietary  ,44,105,149,92,180,272
02206200,AMBLER BEAUTY ACADEMY                   ,PA,19002-0000,Proprietary  ,17,17,34,20,20,40
02206300,STROUDSBURG SCHOOL OF COSMETOLOGY       ,PA,18360-0000,Proprietary  ,5,8,13,10,11,21
02212700,LANCASTER SCHOOL OF COSMETOLOGY         ,PA,17602-0000,Proprietary  ,14,38,52,20,59,79
02234200,ACADEMY OF MEDICAL ARTS & BUSINESS      ,PA,17112-0000,Proprietary  ,85,155,240,90,166,256
02251200,SCHUYLKILL COUNTY AREA VOC TECH SCH     ,PA,17931-0000,Public       ,7,38,45,16,57,73
02251202,SCHUYLKILL COUNTY AREA VOC TECH SCH     ,PA,17931-0000,Public       ,6,21,27,8,30,38
02253900,BERKS TECHNICAL INSTITUTE               ,PA,19610-0000,Proprietary  ,216,300,516,399,532,931
02255200,PENNSYLVANIA SCHOOL OF BUSINESS         ,PA,18101-1604,Proprietary  ,81,315,396,98,413,511
02269900,PENNSYLVANIA COLLEGE OF ART & DESIGN    ,PA,17603-3528,Private      ,143,23,166,368,44,412
02270500,BUCKS COUNTY SCHOOL OF BEAUTY CULT      ,PA,19053-0000,Proprietary  ,20,10,30,21,14,35
02273400,RECONSTRUCTIONIST RABBINICAL COLLEG     ,PA,19095-0000,Private      ,0,9,9,0,14,14
02276600,HANOVER PUBLIC SCH DIST PRAC NURSG      ,PA,17331-0000,Public       ,1,15,16,3,27,30
02282500,LENAPE SCHOOL OF PRACTICAL NURSING      ,PA,16226-0000,Public       ,18,38,56,26,129,155
02288800,EMPIRE BEAUTY SCHOOL                    ,PA,18974-4508,Proprietary  ,19,33,52,27,56,83
02289500,PACE INSTITUTE                          ,PA,19601-0000,Proprietary  ,57,191,248,70,216,286
02289600,CONSOLIDATED SCHOOL OF BUSINESS         ,PA,17404-0000,Proprietary  ,23,76,99,30,106,136
02289700,ACADEMY OF CREATIVE HAIR DESIGN         ,PA,18702-0000,Proprietary  ,7,22,29,11,25,36
02289800,CHI INSTITUTE - FRANKLIN MILLS          ,PA,19154-0000,Proprietary  ,168,378,546,265,665,930
02290400,"ALTOONA BEAUTY SCHOOL, INC              ",PA,16602-0000,Proprietary  ,13,27,40,17,32,49
02292700,LANSDALE SCHOOL OF COSMETOLOGY          ,PA,19446-0000,Proprietary  ,8,8,16,11,14,25
02299300,TRINITY EPISCOPAL SCHOOL MINISTRY       ,PA,15003-0000,Private      ,0,41,41,1,57,58
02301300,PJA SCHOOL (THE)                        ,PA,19082-1917,Proprietary  ,39,173,212,49,225,274
02304400,YTI CAREER INSTITUTE - MECHANICSBURG    ,PA,17055-0000,Proprietary  ,76,113,189,111,197,308
02306200,VENANGO COUNTY AREA VOC TECH SCHOOL     ,PA,16301-0000,Public       ,13,44,57,18,53,71
02310800,LANCASTER COUNTY CAREER & TECH CTR      ,PA,17584-0000,Public       ,65,215,280,104,384,488
02330300,LEBANON CO CAREER & TECHNOLOGY CTR      ,PA,17042-0000,Public       ,6,65,71,16,99,115
02330600,PENNSYLVANIA GUNSMITH SCHOOL            ,PA,15202-0000,Proprietary  ,10,23,33,24,40,64
02350100,WESTERN AREA CAREER & TECHNOLOGY CT     ,PA,15317-0000,Public       ,7,31,38,14,64,78
02350200,INDIANA COUNTY TECH CTR SCH PR NSG      ,PA,15701-1465,Public       ,15,36,51,26,66,92
02353100,NORTHERN TIER CAREER CENTER             ,PA,18848-0000,Public       ,8,25,33,17,48,65
02361002,ITT TECHNICAL INSTITUTE                 ,PA,19406-0000,Proprietary  ,132,227,359,202,283,485
02362300,MERCER COUNTY AREA VOC TECH SCHOOL      ,PA,16137-0000,Public       ,5,37,42,12,71,83
02492500,DELAWARE VLY ACAD MED DNTL ASSTS        ,PA,19114-0000,Proprietary  ,19,28,47,27,47,74
02492600,EASTERN CTR ARTS AND TECH PR NSG        ,PA,19090-0000,Public       ,7,60,67,13,98,111
02495500,ALL-STATE CAREER SCHOOL                 ,PA,19029-0000,Proprietary  ,115,344,459,128,374,502
02529800,WILKES BARRE AREA CAREER AND TECHNICAL C,PA,18705-0000,Public       ,23,57,80,40,120,160
02536600,COMMONWEALTH TECH INSTIT @ HIRAM G      ,PA,15905-0000,Public       ,118,63,181,168,82,250
02539900,STAR TECHNICAL INSTITUTE                ,PA,19082-0000,Proprietary  ,0,0,0,0,3,3
02544300,BUTLER BEAUTY SCHOOL                    ,PA,16001-0000,Proprietary  ,23,48,71,30,64,94
02545000,LAWRENCE COUNTY CAREER AND TECHNICAL CEN,PA,16101-0000,Public       ,8,34,42,14,50,64
02546200,LAUREL BUSINESS INSTITUTE               ,PA,15401-0877,Proprietary  ,104,117,221,144,180,324
02550000,CLARION CO AREA VOC-TECH PRAC NRSG      ,PA,16254-0000,Public       ,5,36,41,14,58,72
02554500,HAZLETON AREA CAREER CENTER PRACTICAL NU,PA,18201-0000,Public       ,11,22,33,16,35,51
02557800,ART INSTITUTE OF YORK (THE) - PENNSYLVAN,PA,17402-9012,Proprietary  ,303,113,416,627,197,824
02566400,ALBERT EINSTEIN MED CTR DEPT DNTL       ,PA,19141-3098,Private      ,3,5,8,9,14,23
02574800,PENNSYLVANIA INSTITUTE OF TAXIDERMY     ,PA,15931-0000,Proprietary  ,2,5,7,9,13,22
02609500,CAREER TRAINING ACADEMY                 ,PA,15068-6308,Proprietary  ,26,74,100,47,137,184
02609501,CAREER TRAINING ACADEMY                 ,PA,15146-0000,Proprietary  ,0,3,3,2,10,12
02615400,STAR TECHNICAL INSTITUTE                ,PA,19114-2204,Proprietary  ,0,0,0,3,9,12
02616100,JEAN MADELINE ED CTR FOR COSM           ,PA,19147-1542,Proprietary  ,137,86,223,220,161,381
03006800,PENNSYLVANIA CULINARY INSTITUTE         ,PA,15222-3511,Proprietary  ,195,176,371,437,309,746
03010800,TRI-STATE BUSINESS INSTITUTE            ,PA,16506-1013,Proprietary  ,349,841,1190,615,1614,2229
03011500,ALLIED MEDICAL AND TECHNICAL INSTITUTE  ,PA,18702-0000,Proprietary  ,102,153,255,136,185,321
03011600,ALLIED MEDICAL AND TECHNICAL INSTITUTE  ,PA,18509-2903,Proprietary  ,102,157,259,137,202,339
03029900,CONSOLIDATED SCHOOL OF BUSINESS         ,PA,17603-2389,Proprietary  ,17,81,98,25,123,148
03031600,DPT BUSINESS SCHOOL                     ,PA,19116-3961,Proprietary  ,24,186,210,25,193,218
03031601,DPT BUSINESS SCHOOL                     ,PA,19106-0000,Proprietary  ,12,79,91,12,88,100
03067000,ANTONELLI MEDICAL & PROF INST           ,PA,19464-9244,Proprietary  ,3,15,18,3,18,21
03072400,ALL-STATE CAREER SCHOOL                 ,PA,15122-1000,Proprietary  ,2,67,69,2,73,75
03072600,DCI CAREER INSTITUTE                    ,PA,15061-2307,Proprietary  ,14,54,68,21,86,107
03081900,YTI CAREER INSTITUTE - ALTOONA          ,PA,16602-4457,Proprietary  ,67,127,194,104,221,325
03090800,LAKE ERIE COLL OF OSTEOPATHIC MED       ,PA,16509-0000,Private      ,15,929,944,91,2777,2868
03098600,CAREER TECH CTR OF LACKAWANNA CNTY      ,PA,18508-0000,Public       ,13,56,69,20,77,97
03101500,BIDWELL TRAINING CENTER                 ,PA,15233-2233,Private      ,5,14,19,7,26,33
03103300,JNA INSTITUTE OF CULINARY ARTS          ,PA,19146-3119,Proprietary  ,22,59,81,39,79,118
03109100,METROPOLITAN CAREER CENTER              ,PA,19144-0000,Private      ,19,71,90,28,118,146
03110700,AVIATION INSTITUTE OF MAINTENANCE       ,PA,19114-1017,Proprietary  ,30,92,122,82,227,309
03120400,REGIONAL CAREER & TECHNICAL CENTER      ,PA,16509-4699,Public       ,0,4,4,1,7,8
03128400,DELAWARE COUNTY TECHNICAL SCHOOL        ,PA,19032-1998,Public       ,10,53,63,16,97,113
03180400,PENNSYLVANIA HIGHLANDS COMMUNITY COLLEGE,PA,15904-2927,Public       ,310,286,596,605,569,1174
03236400,LT INTERNATIONAL BEAUTY SCHOOL          ,PA,19130-2235,Proprietary  ,0,4,4,3,8,11
03353300,ACADEMY OF VOCAL ARTS                   ,PA,19103-6685,Private      ,2,8,10,8,28,36
03380301,CULINARY ACADEMY OF LONG ISLAND - STAR P,PA,19114-2204,Proprietary  ,25,162,187,42,215,257
03439400,NAWCC SCHOOL OF HOROLOGY                ,PA,17512-2130,Private      ,2,4,6,2,7,9
03535300,HUNTINGDON COUNTY CAREER AND TECHNO     ,PA,17060-0905,Public       ,3,5,8,4,24,28
03561400,SUSQUEHANNA COUNTY CAREER & TECHNOL     ,PA,18816-0100,Public       ,3,0,3,5,5,10
03766300,PENNSYLVANIA SCHOOL OF MUSCLE THERAPY   ,PA,19406-3101,Proprietary  ,20,39,59,26,59,85
03923300,PRECISION MANUFACTURING INSTITUTE       ,PA,16335-8380,Private      ,7,28,35,12,36,48
03948300,HARRISBURG UNIVERSITY OF SCIENCE AND TEC,PA,17101-2116,Private      ,67,60,127,157,134,291
03949300,WON INSTITUTE OF GRADUATE STUDIES       ,PA,19038-4535,Private      ,1,19,20,1,26,27
03950500,NORTHWEST REGIONAL TECHNOLOGY INSTITUTE ,PA,16508-2820,Proprietary  ,1,5,6,3,7,10
03952300,NATIONAL MASSAGE THERAPY INSTITUTE      ,PA,19116-3965,Proprietary  ,30,147,177,47,185,232
04119900,PENNSYLVANIA MYOTHERAPY INSTITUTE       ,PA,17350-8426,Proprietary  ,0,0,0,1,7,8
04127500,CAREER DEVELOPMENT & EMPLOYMENT         ,PA,18702-5253,Proprietary  ,2,7,9,3,10,13
04137100,KIMBERLY'S BEAUTY SCHOOL                ,PA,19134-0000,Proprietary  ,1,3,4,1,17,18
04138300,INTERNATIONAL BEAUTY ACADEMY            ,PA,19149-2710,Proprietary  ,5,23,28,6,25,31
00267813,BRYANT & STRATTON COLLEGE - MIL DOWNTOWN,WI,53203-2608,Proprietary  ,222,715,937,422,1635,2057
00383200,ALVERNO COLLEGE                         ,WI,53234-3922,Private      ,349,658,1007,1210,1721,2931
00383500,BELOIT COLLEGE                          ,WI,53511-5595,Private      ,189,26,215,1827,83,1910
00383700,CARDINAL STRITCH UNIVERSITY             ,WI,53217-9884,Private      ,283,1310,1593,890,2384,3274
00383800,CARROLL UNIVERSITY                      ,WI,53186-5593,Private      ,586,223,809,3055,550,3605
00383900,CARTHAGE COLLEGE                        ,WI,53141-0000,Private      ,694,256,950,4124,504,4628
00384000,WESTERN TECHNICAL COLLEGE               ,WI,54601-0908,Public       ,726,937,1663,1319,1467,2786
00384200,CONCORDIA UNIVERSITY WISCONSIN          ,WI,53097-2402,Private      ,540,1181,1721,2138,2113,4251
00384800,EDGEWOOD COLLEGE                        ,WI,53711-1958,Private      ,338,352,690,1374,727,2101
00385000,SILVER LAKE COLLEGE                     ,WI,54220-9319,Private      ,56,115,171,177,264,441
00385400,LAKELAND COLLEGE                        ,WI,53082-0000,Private      ,248,632,880,1032,1162,2194
00385600,LAWRENCE UNIVERSITY                     ,WI,54912-0599,Private      ,244,20,264,2265,76,2341
00386100,MARIAN UNIVERSITY                       ,WI,54935-4699,Private      ,276,351,627,1262,844,2106
00386300,MARQUETTE UNIVERSITY                    ,WI,53201-0000,Private      ,488,726,1214,12082,3639,15721
00386600,MILWAUKEE AREA TECH COLLEGE             ,WI,53233-1443,Public       ,1943,5405,7348,3437,8891,12328
00386800,MILWAUKEE SCHOOL OF ENGINEERING         ,WI,53202-3109,Private      ,250,156,406,2510,504,3014
00386900,MOUNT MARY COLLEGE                      ,WI,53222-4597,Private      ,182,415,597,805,1149,1954
00387400,NASHOTAH HOUSE                          ,WI,53058-0000,Private      ,0,12,12,1,29,30
00387500,NORTHLAND COLLEGE                       ,WI,54806-3999,Private      ,125,29,154,661,84,745
00388400,RIPON COLLEGE                           ,WI,54971-0248,Private      ,197,13,210,1241,45,1286
00389200,ST. NORBERT COLLEGE                     ,WI,54115-2002,Private      ,372,37,409,2183,82,2265
00389500,UNIVERSITY OF WISCONSIN-MADISON         ,WI,53715-1382,Public       ,4535,2967,7502,20612,9254,29866
00389600,UNIVERSITY OF WISCONSIN-MILWAUKEE       ,WI,53201-3165,Public       ,4674,3603,8277,14549,8297,22846
00389700,UNIVERSITY OF WISCONSIN COLLEGES        ,WI,53708-8680,Public       ,496,476,972,1356,901,2257
00389701,UNIVERSITY OF WISCONSIN-BARABOO         ,WI,53913-1098,Public       ,103,54,157,229,88,317
00389702,UNIVERSITY OF WISCONSIN-BARRON          ,WI,54868-2497,Public       ,100,59,159,194,102,296
00389703,UNIVERSITY OF WISCONSIN-FOND DU LAC     ,WI,54935-2998,Public       ,158,73,231,356,142,498
00389704,UNIVERSITY OF WISCONSIN-FOX VALLEY      ,WI,54952-1297,Public       ,254,148,402,649,320,969
00389705,UNIVERSITY OF WISCONSIN-MANITOWOC       ,WI,54220-6699,Public       ,67,48,115,179,85,264
00389706,UNIVERSITY OF WISCONSIN-MARATHON        ,WI,54401-5396,Public       ,274,120,394,604,208,812
00389707,UNIVERSITY OF WISCONSIN-MARINETTE       ,WI,54143-4299,Public       ,77,49,126,210,72,282
00389708,UNIVERSITY OF WISCONSIN-MARSHFIELD      ,WI,54449-3310,Public       ,96,66,162,225,107,332
00389709,UNIVERSITY OF WISCONSIN-RICHLAND        ,WI,53581-1399,Public       ,113,30,143,210,55,265
00389710,UNIVERSITY OF WISCONSIN COLLEGES - ROCK ,WI,53546-5699,Public       ,230,124,354,494,264,758
00389711,UNIVERSITY OF WISCONSIN-SHEBOYGAN       ,WI,53081-4789,Public       ,110,82,192,321,146,467
00389712,UNIVERSITY OF WISCONSIN-WASHINGTON      ,WI,53095-3699,Public       ,149,79,228,370,139,509
00389713,UNIVERSITY OF WISCONSIN-WAUKESHA        ,WI,53188-2799,Public       ,299,156,455,715,272,987
00389900,UNIVERSITY OF WISCONSIN-GREEN BAY       ,WI,54311-7001,Public       ,1232,689,1921,3893,1396,5289
00391100,VITERBO UNIVERSITY                      ,WI,54601-4777,Private      ,185,304,489,1573,790,2363
00391500,UNIVERSITY OF WISCONSIN-STOUT           ,WI,54751-0790,Public       ,1646,674,2320,5011,1293,6304
00391700,UNIVERSITY OF WISCONSIN-EAU CLAIRE      ,WI,54702-4004,Public       ,2289,624,2913,7287,1284,8571
00391900,UNIVERSITY OF WISCONSIN-LA CROSSE       ,WI,54601-3742,Public       ,1388,524,1912,6595,1212,7807
00392000,UNIVERSITY OF WISCONSIN-OSHKOSH         ,WI,54901-8604,Public       ,1914,1013,2927,6407,2213,8620
00392100,UNIVERSITY OF WISCONSIN-PLATTEVILLE     ,WI,53818-3099,Public       ,1480,516,1996,4914,1043,5957
00392300,UNIVERSITY OF WISCONSIN-RIVER FALLS     ,WI,54022-5013,Public       ,1475,425,1900,4129,793,4922
00392400,UNIVERSITY OF WISCONSIN-STEVENS POINT   ,WI,54481-3871,Public       ,2093,727,2820,6263,1413,7676
00392500,UNIVERSITY OF WISCONSIN-SUPERIOR        ,WI,54880-2898,Public       ,471,433,904,1289,867,2156
00392600,UNIVERSITY OF WISCONSIN-WHITEWATER      ,WI,53190-1792,Public       ,1691,677,2368,7200,1747,8947
00400700,MADISON AREA TECHNICAL COLLEGE          ,WI,53704-2599,Public       ,1599,2525,4124,2920,4064,6984
00501500,UNIVERSITY OF WISCONSIN-PARKSIDE        ,WI,53141-2000,Public       ,1102,738,1840,2684,1428,4112
00529400,WAUKESHA COUNTY TECHNICAL COLLEGE       ,WI,53072-4696,Public       ,575,1029,1604,1031,1733,2764
00530100,NORTHEAST WISCONSIN TECHNICAL COLLEGE   ,WI,54307-9042,Public       ,926,1624,2550,1745,2868,4613
00530400,CHIPPEWA VALLEY TECHNICAL COLLEGE       ,WI,54701-6162,Public       ,894,1218,2112,1616,2092,3708
00538000,MID-STATE TECHNICAL COLLEGE             ,WI,54494-5512,Public       ,332,844,1176,523,1261,1784
00538400,NICOLET AREA TECHNICAL COLLEGE          ,WI,54501-0000,Public       ,179,300,479,320,497,817
00538700,NORTHCENTRAL TECHNICAL COLLEGE          ,WI,54401-1899,Public       ,372,931,1303,676,1505,2181
00538900,GATEWAY TECHNICAL COLLEGE               ,WI,53144-1690,Public       ,729,2133,2862,1237,4039,5276
00539000,BLACKHAWK TECHNICAL COLLEGE             ,WI,53547-5009,Public       ,396,1063,1459,674,1847,2521
00610800,BELLIN HOSP SCH OF RAD TECH             ,WI,54305-3505,Private      ,5,7,12,17,9,26
00611500,MERCY MED CTR SCH OF RAD TECH           ,WI,54904-3370,Private      ,1,5,6,5,9,14
00612601,ST LUKE'S MEDCL CTR SCHL RAD TECH       ,WI,53215-4330,Private      ,3,13,16,7,23,30
00612603,ST LUKE'S MED CTR SCH OF SONOGRAPHY     ,WI,53215-0000,Private      ,3,10,13,5,18,23
00613100,THEDA CLARK REG MED CTR SCH RAD TEC     ,WI,54957-0000,Private      ,2,4,6,5,9,14
00663900,BELLIN COLLEGE                          ,WI,54305-0000,Private      ,64,77,141,193,131,324
00766900,SOUTHWEST WISCONSIN TECH COLLEGE        ,WI,53809-0000,Public       ,269,349,618,504,547,1051
00821700,WISCONSIN COLLEGE OF COSMETOLOGY        ,WI,54304-0000,Proprietary  ,17,17,34,32,33,65
00919400,LAKESHORE TECHNICAL COLLEGE             ,WI,53015-1412,Public       ,269,810,1079,487,1314,1801
00925600,MORAINE PARK TECHNICAL COLLEGE          ,WI,54936-0000,Public       ,385,967,1352,692,1711,2403
00941900,STATE CLG OF BEAUTY CULT-WAUSAU         ,WI,54403-4667,Proprietary  ,26,24,50,43,35,78
00962100,HERZING COLLEGE                         ,WI,53718-4236,Proprietary  ,278,1697,1975,497,3042,3539
00974400,FOX VALLEY TECHNICAL COLLEGE            ,WI,54913-0000,Public       ,952,1593,2545,1852,2825,4677
01091300,MADISON MEDIA INSTITUTE                 ,WI,53718-6787,Proprietary  ,168,116,284,261,186,447
01148400,ADVANCED INSTITUTE OF HAIR DESIGN       ,WI,53225-0000,Proprietary  ,67,75,142,107,118,225
01182400,WISCONSIN INDIANHEAD TECH CLG WITC      ,WI,54871-9300,Public       ,449,802,1251,732,1320,2052
02077100,MILWAUKEE INST OF ART & DESIGN          ,WI,53202-0000,Private      ,136,52,188,759,135,894
02078000,SACRED HEART SCHOOL OF THEOLOGY         ,WI,53130-0000,Private      ,0,3,3,0,3,3
02136600,WISCONSIN LUTHERAN COLLEGE              ,WI,53226-0000,Private      ,181,22,203,839,62,901
02201803,KAPLAN COLLEGE - MILWAUKEE              ,WI,53212-3939,Proprietary  ,74,370,444,112,559,671
02239204,HIGH-TECH INSTITUTE - MILWAUKEE         ,WI,53005-4207,Proprietary  ,7,4,11,15,13,28
02271300,WI SCH OF PROFESSIONAL PSYCHOLOGY       ,WI,53225-0000,Private      ,0,33,33,2,67,69
02317200,MARANATHA BAPTIST BIBLE COLLEGE         ,WI,53094-0000,Private      ,262,35,297,567,65,632
02324700,EMPIRE BEAUTY SCHOOL                    ,WI,53717-0000,Proprietary  ,26,70,96,42,106,148
02332100,EMPIRE BEAUTY SCHOOL                    ,WI,54220-0000,Proprietary  ,29,74,103,46,111,157
02332101,EMPIRE BEAUTY SCHOOL - APPLETON         ,WI,54914-4644,Proprietary  ,6,3,9,9,9,18
02453500,MEDICAL COLLEGE OF WISCONSIN            ,WI,53226-0000,Private      ,6,146,152,11,1113,1124
02494300,GILL-TECH ACADEMY OF HAIR DESIGN        ,WI,54911-0000,Proprietary  ,37,34,71,46,39,85
02503303,RASMUSSEN COLLEGE - MANKATO - GREEN BAY ,WI,54303-2349,Proprietary  ,60,301,361,97,576,673
02532200,LAC COURTE OREILLES OJIBWA CMTY CLG     ,WI,54843-0000,Public       ,12,84,96,16,131,147
03007400,LAKESIDE SCHOOL OF MASSAGE THERAPY      ,WI,53719-1103,Private      ,8,28,36,14,45,59
03061200,MIDWEST COLLEGE OF ORIENTAL MEDICINE    ,WI,53403-9747,Proprietary  ,0,67,67,1,81,82
03077600,EMPIRE BEAUTY SCHOOL                    ,WI,54304-4838,Proprietary  ,89,138,227,112,238,350
03087500,ITT TECHNICAL INSTITUTE                 ,WI,53220-4612,Proprietary  ,406,1107,1513,491,1272,1763
03125100,COLLEGE OF MENOMINEE NATION             ,WI,54135-0000,Private      ,44,176,220,71,306,377
03125102,COLLEGE OF  THE MENOMINEE NATION - GREEN,WI,54304-4964,Private      ,7,30,37,10,65,75
03220300,"SALON PROFESSIONAL ACADEMY, THE         ",WI,54701-7633,Proprietary  ,22,30,52,43,43,86
03309300,MONTESSORI INSTITUTE OF MILWAUKEE       ,WI,53207-0000,Private      ,1,15,16,3,19,22
03808300,INSTITUTE OF BEAUTY AND WELLNESS (THE)  ,WI,53202-5715,Proprietary  ,31,43,74,47,63,110
03822300,FOUR SEASONS SALON AND COSMETOLOGY SCHOO,WI,53566-0000,Proprietary  ,4,5,9,6,8,14
03872500,NORTHLAND INTERNATIONAL UNIVERSITY      ,WI,54119-9285,Private      ,150,15,165,305,29,334
03925300,BLUE SKY SCHOOL OF PROFESSIONAL MASSAGE ,WI,53024-9699,Private      ,8,36,44,20,63,83
04117400,MILWAUKEE CAREER COLLEGE                ,WI,53222-4305,Proprietary  ,60,202,262,83,316,399
04118600,ACADEMY OF COSMETOLOGY                  ,WI,53548-3307,Proprietary  ,12,17,29,15,26,41
04124800,VISIONS IN HAIR DESIGN INSTITUTE OF COSM,WI,53210-1120,Proprietary  ,3,8,11,8,13,21
04132600,WISCONSIN ACADEMY (THE)                 ,WI,54157-1726,Proprietary  ,6,13,19,9,25,34
04137900,PC PROSCHOOLS                           ,WI,53005-6003,Proprietary  ,7,8,15,7,8,15
04138200,SALON PROFESSIONAL ACADEMY (THE)        ,WI,54914-3921,Proprietary  ,30,19,49,50,37,87
00290500,NORTH CAROLINA A&T STATE UNIV           ,NC,27411-0001,Public       ,2582,1567,4149,11525,3943,15468
00290600,APPALACHIAN STATE UNIVERSITY            ,NC,28608-2059,Public       ,1768,950,2718,13808,3136,16944
00290700,UNIVERSITY OF NC AT ASHEVILLE           ,NC,28804-3299,Public       ,496,364,860,3185,1100,4285
00290800,BARTON COLLEGE                          ,NC,27893-3104,Private      ,335,226,561,1373,509,1882
00291000,BELMONT ABBEY COLLEGE                   ,NC,28012-1802,Private      ,260,432,692,1091,806,1897
00291100,BENNETT COLLEGE                         ,NC,27401-3239,Private      ,189,66,255,1072,246,1318
00291200,BREVARD COLLEGE                         ,NC,28712-3306,Private      ,249,44,293,831,112,943
00291300,CAMPBELL UNIVERSITY                     ,NC,27506-0036,Private      ,868,1001,1869,3600,2539,6139
00291400,CATAWBA COLLEGE                         ,NC,28144-2488,Private      ,251,182,433,1374,455,1829
00291500,CENTRAL PIEDMONT COMMUNITY COLLEGE      ,NC,28204-2297,Public       ,2335,5027,7362,4804,9072,13876
00291600,CHOWAN UNIVERSITY                       ,NC,27855-1850,Private      ,395,114,509,1369,257,1626
00291700,COLLEGE OF THE ALBEMARLE                ,NC,27909-2327,Public       ,211,512,723,510,1051,1561
00291800,DAVIDSON COLLEGE                        ,NC,28035-7157,Private      ,361,22,383,2955,76,3031
00291900,DAVIDSON COUNTY COMMUNITY COLLEGE       ,NC,27293-0000,Public       ,394,1086,1480,996,2465,3461
00292000,DUKE UNIVERSITY                         ,NC,27708-0397,Private      ,1370,333,1703,14512,1352,15864
00292001,DUKE UNIV - SCHOOL OF MEDICINE          ,NC,27710-0000,Private      ,14,328,342,82,1215,1297
00292002,DUKE UNIV - SCHOOL OF LAW               ,NC,27708-0000,Private      ,7,160,167,30,2849,2879
00292003,DUKE UNIV - GRAD SCH ARTS & SCIENCE     ,NC,27708-0000,Private      ,7,184,191,74,772,846
00292004,DUKE UNIV - FUQUA SCH OF BUSINESS       ,NC,27708-0000,Private      ,5,463,468,43,1099,1142
00292005,DUKE UNIV/NICHOLAS SCH OF ENVIRON.      ,NC,27708-0000,Private      ,0,75,75,10,285,295
00292006,DUKE UNIV - DIVINITY SCHOOL             ,NC,27708-0000,Private      ,19,248,267,75,600,675
00292007,DUKE UNIV - SCHOOL OF NURSING           ,NC,27710-0000,Private      ,12,177,189,68,476,544
00292010,DUKE UNIVERSITY - SCHOOL OF PUBLIC POLIC,NC,27708-0239,Private      ,2,17,19,2,17,19
00292300,EAST CAROLINA UNIVERSITY                ,NC,27858-1818,Public       ,3644,3432,7076,18743,8743,27486
00292600,ELIZABETH CITY STATE UNIVERSITY         ,NC,27909-7806,Public       ,754,418,1172,3545,1141,4686
00292700,ELON UNIVERSITY                         ,NC,27244-2010,Private      ,497,259,756,5976,918,6894
00292800,FAYETTEVILLE STATE UNIVERSITY           ,NC,28301-4298,Public       ,1283,2069,3352,4728,4578,9306
00292900,GARDNER-WEBB UNIVERSITY                 ,NC,28017-0000,Private      ,453,686,1139,2208,1584,3792
00293000,GREENSBORO COLLEGE                      ,NC,27401-1875,Private      ,320,266,586,1239,628,1867
00293100,GUILFORD COLLEGE                        ,NC,27410-4171,Private      ,517,731,1248,2598,1642,4240
00293300,HIGH POINT UNIVERSITY                   ,NC,27262-4221,Private      ,529,400,929,3677,994,4671
00293400,ISOTHERMAL COMMUNITY COLLEGE            ,NC,28160-0804,Public       ,316,643,959,644,1203,1847
00293500,JOHN WESLEY COLLEGE                     ,NC,27265-0000,Private      ,10,56,66,28,101,129
00293600,JOHNSON C SMITH UNIVERSITY              ,NC,28216-5398,Private      ,723,242,965,3132,671,3803
00293700,KING'S COLLEGE-CHARLOTTE                ,NC,28204-2435,Proprietary  ,299,170,469,615,336,951
00293900,LEES MCRAE COLLEGE                      ,NC,28604-0000,Private      ,227,92,319,908,227,1135
00294000,LENOIR COMMUNITY COLLEGE                ,NC,28502-0188,Public       ,300,844,1144,617,1475,2092
00294100,LENOIR-RHYNE UNIVERSITY                 ,NC,28603-0000,Private      ,341,196,537,1926,469,2395
00294200,LIVINGSTONE COLLEGE                     ,NC,28144-5298,Private      ,456,149,605,1232,298,1530
00294300,LOUISBURG COLLEGE                       ,NC,27549-2398,Private      ,275,46,321,804,98,902
00294400,MARS HILL COLLEGE                       ,NC,28754-0000,Private      ,278,124,402,1380,324,1704
00294500,MEREDITH COLLEGE                        ,NC,27607-5298,Private      ,220,250,470,1809,716,2525
00294600,METHODIST UNIVERSITY                    ,NC,28311-1420,Private      ,558,393,951,2137,839,2976
00294700,MITCHELL COMMUNITY COLLEGE              ,NC,28677-5264,Public       ,345,844,1189,673,1544,2217
00294800,MONTREAT COLLEGE                        ,NC,28757-1267,Private      ,156,327,483,562,610,1172
00294900,MOUNT OLIVE COLLEGE                     ,NC,28365-1299,Private      ,370,1087,1457,1025,2498,3523
00295000,NORTH CAROLINA CENTRAL UNIVERSITY       ,NC,27707-3198,Public       ,1590,1986,3576,7086,5834,12920
00295100,NORTH CAROLINA WESLEYAN COLLEGE         ,NC,27804-8699,Private      ,293,391,684,1035,719,1754
00295300,PEACE COLLEGE                           ,NC,27604-1194,Private      ,194,112,306,802,240,1042
00295400,UNIV OF NORTH CAROLINA AT PEMBROKE      ,NC,28372-1510,Public       ,1233,1114,2347,4805,2785,7590
00295500,PFEIFFER UNIVERSITY                     ,NC,28109-0000,Private      ,272,369,641,913,720,1633
00295600,PIEDMONT BAPTIST COLLEGE AND GRADUATE SC,NC,27101-5025,Private      ,87,68,155,177,124,301
00295700,QUEENS UNIVERSITY OF CHARLOTTE          ,NC,28274-0001,Private      ,373,647,1020,1718,1360,3078
00295800,ROCKINGHAM COMMUNITY COLLEGE            ,NC,27375-0000,Public       ,190,443,633,567,961,1528
00296000,SALEM COLLEGE                           ,NC,27108-0000,Private      ,88,168,256,513,409,922
00296100,SANDHILLS COMMUNITY COLLEGE             ,NC,28374-8283,Public       ,403,917,1320,904,1822,2726
00296200,SHAW UNIVERSITY                         ,NC,27601-2393,Private      ,731,660,1391,2251,1608,3859
00296300,SOUTHEASTERN BAPTIST THEOL SEMINARY     ,NC,27588-0000,Private      ,15,55,70,52,115,167
00296400,SOUTHEASTERN COMMUNITY COLLEGE          ,NC,28472-5422,Public       ,217,477,694,435,863,1298
00296700,ST ANDREWS PRESBYTERIAN COLLEGE         ,NC,28352-9979,Private      ,209,49,258,671,101,772
00296800,ST AUGUSTINES COLLEGE                   ,NC,27610-2298,Private      ,467,208,675,1774,518,2292
00297000,SURRY COMMUNITY COLLEGE                 ,NC,27017-0304,Public       ,416,583,999,959,1114,2073
00297200,NORTH CAROLINA STATE UNIV-RALEIGH       ,NC,27695-1751,Public       ,2293,2020,4313,20794,7032,27826
00297300,GASTON COLLEGE                          ,NC,28034-1499,Public       ,623,1847,2470,1418,3297,4715
00297400,UNIVERSITY OF N C-CHAPEL HILL           ,NC,27514-0000,Public       ,1170,1923,3093,18446,10861,29307
00297500,UNIVERSITY OF NC AT CHARLOTTE           ,NC,28223-0001,Public       ,3370,3491,6861,14895,8640,23535
00297600,UNIVERSITY OF N C - GREENSBORO          ,NC,27412-0001,Public       ,2268,2315,4583,13216,7078,20294
00297800,WAKE FOREST UNIV - UNDERGRADUATE        ,NC,27109-7246,Private      ,363,91,454,6590,286,6876
00297801,WAKE FOREST UNIV - SCH OF MEDICINE      ,NC,27157-1090,Private      ,9,252,261,44,901,945
00297803,WAKE FOREST UNIVERSITY - SCHOOLS OF BUSI,NC,27109-7659,Private      ,3,271,274,25,503,528
00297805,WAKE FOREST UNIV - SCH OF LAW           ,NC,27109-7206,Private      ,3,233,236,19,1403,1422
00297806,WAKE FOREST UNIV - GRAD A&S/DIVINITY    ,NC,27109-7246,Private      ,8,141,149,55,433,488
00297900,WARREN WILSON COLLEGE                   ,NC,28815-0000,Private      ,165,54,219,1194,267,1461
00298000,WAYNE COMMUNITY COLLEGE                 ,NC,27533-0000,Public       ,321,755,1076,717,1396,2113
00298100,WESTERN CAROLINA UNIVERSITY             ,NC,28723-9731,Public       ,1163,936,2099,7174,2578,9752
00298200,WESTERN PIEDMONT COMMUNITY COLLEGE      ,NC,28655-4504,Public       ,272,604,876,771,1460,2231
00298300,WILKES COMMUNITY COLLEGE                ,NC,28697-2100,Public       ,268,478,746,626,933,1559
00298400,UNIVERSITY OF N C-WILMINGTON            ,NC,28403-3297,Public       ,1895,1139,3034,10061,3199,13260
00298500,WINGATE UNIVERSITY                      ,NC,28174-0159,Private      ,392,268,660,2096,705,2801
00298600,WINSTON-SALEM STATE UNIVERSITY          ,NC,27102-0000,Public       ,877,1050,1927,6621,3383,10004
00398100,UNC SCHOOL OF THE ARTS                  ,NC,27127-2188,Public       ,168,81,249,1098,292,1390
00403300,ASHEVILLE BUNCOMBE TECH CMTY CLG        ,NC,28801-4897,Public       ,497,1219,1716,1144,2274,3418
00406200,PITT COMMUNITY COLLEGE                  ,NC,28590-0000,Public       ,1153,1882,3035,2350,3381,5731
00483500,CALDWELL COMMUNITY CLG & TECH INST      ,NC,28638-2626,Public       ,438,967,1405,1015,1726,2741
00483800,GUILFORD TECHNICAL COMMUNITY CLG        ,NC,27282-0309,Public       ,1773,3199,4972,4067,7103,11170
00484400,WAKE TECHNICAL COMMUNITY COLLEGE        ,NC,27603-5696,Public       ,1802,3362,5164,4010,6550,10560
00484500,WILSON COMMUNITY COLLEGE                ,NC,27893-3310,Public       ,149,534,683,297,920,1217
00499201,MILLER-MOTTE TECHNICAL COLLEGE - MILLER-,NC,27511-9209,Proprietary  ,46,256,302,65,341,406
00499202,MILLER-MOTTE TECHNICAL COLLEGE - MILLER-,NC,27604-6072,Proprietary  ,46,257,303,67,374,441
00531600,COASTAL CAROLINA COMMUNITY COLLEGE      ,NC,28546-6816,Public       ,331,1093,1424,833,2149,2982
00531700,FORSYTH TECHNICAL COMMUNITY COLLEGE     ,NC,27103-5197,Public       ,801,2083,2884,1869,4497,6366
00531800,CATAWBA VALLEY COMMUNITY COLLEGE        ,NC,28602-8302,Public       ,655,1414,2069,1535,2632,4167
00532000,CAPE FEAR COMMUNITY COLLEGE             ,NC,28401-3910,Public       ,1023,1552,2575,2157,2828,4985
00544700,RANDOLPH COMMUNITY COLLEGE              ,NC,27204-1009,Public       ,232,534,766,601,1210,1811
00544800,DURHAM TECHNICAL CMNTY COLLEGE          ,NC,27703-5023,Public       ,403,1496,1899,813,2771,3584
00544900,CENTRAL CAROLINA COMMUNITY COLLEGE      ,NC,27330-9000,Public       ,391,1114,1505,793,2140,2933
00546300,ALAMANCE COMMUNITY COLLEGE              ,NC,27253-0000,Public       ,443,1218,1661,910,2197,3107
00546400,RICHMOND COMMUNITY COLLEGE              ,NC,28345-4522,Public       ,209,577,786,345,1074,1419
00575400,ROWAN-CABARRUS COMMUNITY COLLEGE        ,NC,28145-1595,Public       ,580,1616,2196,1083,2617,3700
00647700,CABARRUS COLLEGE OF HEALTH SCIENCES     ,NC,28025-0000,Private      ,70,184,254,211,460,671
00647800,MERCY HOSP SCH OF NURSING               ,NC,28207-0000,Public       ,23,172,195,94,371,465
00648300,WATTS SCHOOL OF NURSING                 ,NC,27704-0000,Private      ,23,61,84,52,156,208
00679900,CRAVEN COMMUNITY COLLEGE                ,NC,28562-0000,Public       ,220,820,1040,508,1650,2158
00703100,PAMLICO COMMUNITY COLLEGE               ,NC,28529-0000,Public       ,14,77,91,39,155,194
00764000,FAYETTEVILLE TECHNICAL CMTY COLLEGE     ,NC,28303-0236,Public       ,1059,3690,4749,2098,7755,9853
00768700,JAMES SPRUNT COMMUNITY COLLEGE          ,NC,28349-0398,Public       ,132,410,542,265,710,975
00781400,BROOKSTONE COLLEGE OF BUSINESS          ,NC,28262-0000,Proprietary  ,21,153,174,30,212,242
00781401,BROOKSTONE COLLEGE OF BUSINESS          ,NC,27409-0000,Proprietary  ,16,105,121,27,146,173
00789200,SAMPSON COMMUNITY COLLEGE               ,NC,28328-0000,Public       ,152,396,548,364,927,1291
00798500,SOUTH PIEDMONT COMMUNITY COLLEGE        ,NC,28135-9703,Public       ,259,763,1022,470,1341,1811
00798600,HALIFAX COMMUNITY COLLEGE               ,NC,27890-0089,Public       ,180,439,619,358,759,1117
00798700,BLADEN COMMUNITY COLLEGE                ,NC,28332-0266,Public       ,142,425,567,286,835,1121
00798800,MARTIN COMMUNITY COLLEGE                ,NC,27892-8307,Public       ,81,272,353,164,438,602
00808100,CARTERET COMMUNITY COLLEGE              ,NC,28557-2989,Public       ,132,391,523,291,722,1013
00808200,CLEVELAND COMMUNITY COLLEGE             ,NC,28150-0000,Public       ,249,858,1107,530,1479,2009
00808300,HAYWOOD COMMUNITY COLLEGE               ,NC,28721-0000,Public       ,172,367,539,367,658,1025
00808500,MCDOWELL TECHNICAL COMMUNITY CLG        ,NC,28752-8728,Public       ,86,276,362,205,524,729
00808700,MONTGOMERY COMMUNITY COLLEGE            ,NC,27371-0787,Public       ,77,218,295,161,416,577
00846600,SOUTHWESTERN COMMUNITY COLLEGE          ,NC,28779-8581,Public       ,242,538,780,546,1025,1571
00855700,NASH COMMUNITY COLLEGE                  ,NC,27804-0488,Public       ,282,675,957,571,1167,1738
00855800,BEAUFORT COUNTY COMMUNITY COLLEGE       ,NC,27889-7889,Public       ,168,572,740,345,990,1335
00861200,ROBESON COMMUNITY COLLEGE               ,NC,28359-2151,Public       ,325,943,1268,598,1724,2322
00861300,ROANOKE-CHOWAN COMMUNITY COLLEGE        ,NC,27910-9522,Public       ,90,222,312,187,409,596
00885500,EDGECOMBE COMMUNITY COLLEGE             ,NC,27886-9399,Public       ,224,1065,1289,371,1651,2022
00902500,SOUTH EASTERN CLG OF BEAUTY CULTURE     ,NC,28204-0000,Proprietary  ,53,199,252,65,271,336
00933600,JOHNSTON COMMUNITY COLLEGE              ,NC,27577-0000,Public       ,322,849,1171,794,1672,2466
00943000,TRI-COUNTY COMMUNITY COLLEGE            ,NC,28906-7919,Public       ,83,241,324,193,430,623
00964600,PIEDMONT COMMUNITY COLLEGE              ,NC,27573-1197,Public       ,136,415,551,273,709,982
00968400,BLUE RIDGE COMMUNITY COLLEGE            ,NC,28731-9624,Public       ,134,399,533,339,688,1027
00974701,GORDON-CONWELL THEO SEM - CHARLOTTE     ,NC,28273-0000,Private      ,2,61,63,3,119,122
00990300,VANCE-GRANVILLE CMTY COLLEGE            ,NC,27536-0917,Public       ,251,785,1036,680,1583,2263
01026400,SOUTH COLLEGE                           ,NC,28803-3152,Proprietary  ,28,194,222,41,250,291
01119400,STANLY COMMUNITY COLLEGE                ,NC,28001-7458,Public       ,224,593,817,443,1125,1568
01119700,MAYLAND COMMUNITY COLLEGE               ,NC,28777-2777,Public       ,109,191,300,236,368,604
01179900,PAUL MITCHELL THE SCHOOL FAYETTEVILLE   ,NC,28303-5364,Proprietary  ,12,61,73,22,90,112
01192600,LEON'S BEAUTY SCHOOL                    ,NC,27403-2812,Proprietary  ,36,70,106,62,135,197
02056500,MITCHELL'S HAIR STYLING ACADEMY         ,NC,27893-0000,Proprietary  ,24,41,65,31,67,98
02056501,MITCHELL'S HAIR STYLING ACADEMY - MITCHE,NC,27606-3326,Proprietary  ,2,19,21,19,36,55
02110500,ART INSTITUTE OF CHARLOTTE (THE)        ,NC,28217-0000,Proprietary  ,579,818,1397,1435,1404,2839
02170700,BRUNSWICK COMMUNITY COLLEGE             ,NC,28422-0000,Public       ,209,319,528,370,610,980
02205000,COLLEGE OF WILMINGTON                   ,NC,28403-0000,Proprietary  ,15,52,67,40,92,132
02210400,FAYETTEVILLE BEAUTY COLLEGE             ,NC,28303-0000,Proprietary  ,12,49,61,24,84,108
02227800,MITCHELL'S HAIR STYLING ACADEMY         ,NC,27534-0000,Proprietary  ,0,5,5,3,10,13
02227900,MITCHELL'S HAIR STYLING ACADEMY         ,NC,27858-0000,Proprietary  ,8,12,20,10,19,29
02238700,HAIRSTYLING INSTITUTE OF CHARLOTTE      ,NC,28204-0000,Proprietary  ,21,65,86,35,123,158
02280900,ROANOKE BIBLE COLLEGE                   ,NC,27909-0000,Private      ,39,35,74,104,64,168
02286300,CAROLINA BEAUTY COLLEGE                 ,NC,27262-0000,Proprietary  ,30,199,229,43,225,268
02560600,PINNACLE INSTITUTE OF COSMETOLOGY       ,NC,28115-8020,Proprietary  ,13,29,42,17,42,59
02614201,MILLER-MOTTE BUSINESS COLLEGE           ,NC,28403-0000,Proprietary  ,102,571,673,123,702,825
02614205,MILLER - MOTTE TECHNICAL COLLEGE - MILLE,NC,27834-5052,Proprietary  ,39,223,262,39,223,262
03009500,WINSTON-SALEM BARBER SCHOOL             ,NC,27107-0000,Proprietary  ,9,32,41,27,71,98
03064400,REGENCY BEAUTY INSTITUTE                ,NC,27127-0000,Proprietary  ,1,16,17,2,24,26
03089300,HERITAGE BIBLE COLLEGE                  ,NC,28335-0000,Private      ,12,30,42,19,59,78
03104200,CAROLINAS COLLEGE OF HEALTH SCIENCE     ,NC,28232-2861,Public       ,89,294,383,229,588,817
03109000,SCHOOL OF COMMUNICATION ARTS OF NORTH CA,NC,27614-7076,Proprietary  ,149,193,342,283,266,549
03361300,MEDICAL ARTS MASSAGE SCHOOL             ,NC,27616-6453,Proprietary  ,9,52,61,14,74,88
03513400,APEX SCHOOL OF THEOLOGY                 ,NC,27703-8024,Private      ,1,109,110,2,156,158
03555300,SOUTHEASTERN INSTITUTE                  ,NC,28217-0000,Proprietary  ,34,130,164,40,154,194
03555400,SOUTHEASTERN SCHOOL OF NEUROMUSCULAR  MA,NC,29406-0000,Proprietary  ,17,84,101,20,118,138
03570300,CAROLINA CHRISTIAN COLLEGE              ,NC,27105-3241,Private      ,1,14,15,3,24,27
03663300,HOOD THEOLOGICAL SEMINARY               ,NC,28144-5768,Private      ,0,60,60,0,118,118
03748500,LA SHE'S BEAUTY ACADEMY                 ,NC,27707-3569,Proprietary  ,5,14,19,10,30,40
03777300,CAROLINA ACAD OF COSMETIC ART & SCI     ,NC,28054-0460,Proprietary  ,21,53,74,33,85,118
03827300,NEW LIFE THEOLOGICAL SEMINARY           ,NC,28205-1648,Private      ,0,43,43,0,65,65
04098300,TECHSKILLS - CHARLOTTE                  ,NC,28217-0000,Proprietary  ,11,88,99,24,135,159
04101300,CAROLINA SCHOOL OF BROADCASTING         ,NC,28214-8085,Proprietary  ,16,43,59,37,88,125
04115700,REGINA'S COLLEGE OF BEAUTY              ,NC,28110-2831,Proprietary  ,2,19,21,4,25,29
04120300,"FILA ACADEMY, THE                       ",NC,27265-3114,Proprietary  ,5,16,21,7,30,37
04140700,AVEDA INSTITUTE CHAPEL HILL             ,NC,27516-2559,Proprietary  ,53,71,124,88,106,194
04143500,CHARLOTTE SCHOOL OF LAW                 ,NC,28208-2816,Proprietary  ,7,351,358,22,668,690
04146400,DAOIST TRADITIONS COLLEGE OF CHINESE MED,NC,28801-1060,Proprietary  ,3,28,31,3,28,31
00298800,BISMARCK STATE COLLEGE                  ,ND,58501-1299,Public       ,344,355,699,1598,938,2536
00298900,DICKINSON STATE UNIVERSITY              ,ND,58601-4896,Public       ,226,170,396,1020,494,1514
00299000,JAMESTOWN COLLEGE                       ,ND,58405-3401,Private      ,217,40,257,876,94,970
00299100,LAKE REGION STATE COLLEGE               ,ND,58301-1598,Public       ,57,110,167,221,227,448
00299200,UNIVERSITY OF MARY                      ,ND,58504-9652,Private      ,242,439,681,1339,1023,2362
00299300,MAYVILLE STATE UNIVERSITY               ,ND,58257-1299,Public       ,116,65,181,387,146,533
00299400,MINOT STATE UNIVERSITY                  ,ND,58707-0002,Public       ,275,393,668,1209,970,2179
00299500,MINOT STATE UNIV-BOTTINEAU CAMPUS       ,ND,58318-1159,Public       ,62,82,144,204,158,362
00299600,NORTH DAKOTA STATE CLG OF SCIENCE       ,ND,58076-0002,Public       ,337,208,545,1030,418,1448
00299700,NORTH DAKOTA STATE UNIVERSITY           ,ND,58108-6050,Public       ,2101,800,2901,7754,1843,9597
00300500,UNIVERSITY OF NORTH DAKOTA              ,ND,58202-8193,Public       ,1530,1221,2751,6412,3215,9627
00300700,WILLISTON STATE COLLEGE                 ,ND,58802-1326,Public       ,57,108,165,186,207,393
00300800,VALLEY CITY STATE UNIVERSITY            ,ND,58072-0000,Public       ,137,75,212,554,181,735
00484600,RASMUSSEN COLLEGE                       ,ND,58103-7196,Proprietary  ,151,529,680,243,973,1216
00484601,RASMUSSEN COLLEGE - BISMARCK            ,ND,58503-0000,Proprietary  ,54,196,250,105,414,519
00775600,JOSEF'S SCHOOL OF HAIR DESIGN INC       ,ND,58102-4977,Proprietary  ,30,30,60,60,51,111
00935400,MEDCENTER ONE COLLEGE OF NURSING        ,ND,58501-4494,Private      ,13,12,25,46,45,91
01040600,JOSEF'S SCHOOL OF HAIR DESIGN           ,ND,58201-6394,Proprietary  ,21,19,40,37,39,76
01205900,TRINITY BIBLE COLLEGE                   ,ND,58436-7150,Private      ,62,27,89,156,50,206
01229500,R D HAIRSTYLING COLLEGE                 ,ND,58501-4001,Proprietary  ,9,11,20,28,23,51
02188200,SITTING BULL COLLEGE                    ,ND,58538-9721,Public       ,20,119,139,34,161,195
02236500,LITTLE HOOP COMMUNITY COLLEGE           ,ND,58335-0000,Public       ,3,13,16,6,42,48
02242900,UNITED TRIBES TECHNICAL COLLEGE         ,ND,58504-0000,Private      ,59,278,337,105,411,516
02298200,HEADQUARTERS ACADEMY OF HAIR DESIGN     ,ND,58701-0000,Proprietary  ,5,15,20,11,28,39
02301100,TURTLE MTN CMNTY COLG-FIN AID OFC       ,ND,58316-0000,Private      ,33,108,141,102,226,328
02553700,FORT BERTHOLD COMMUNITY COLLEGE         ,ND,58763-0000,Public       ,2,12,14,12,38,50
03087200,MOLER BARBER CLG OF HAIRSTYLING         ,ND,58103-0000,Proprietary  ,0,4,4,1,7,8
04031300,SALON PROFESSIONAL ACADEMY (THE)        ,ND,58103-3337,Proprietary  ,26,20,46,46,38,84
04139400,HAIR ACADEMY (THE)                      ,ND,58501-4929,Proprietary  ,18,13,31,43,27,70
00301005,ANTIOCH UNIV/SEATTLE                    ,WA,98121-0000,Private      ,9,421,430,42,928,970
00376900,BELLEVUE COMMUNITY COLLEGE              ,WA,98007-6484,Public       ,987,1884,2871,2689,3839,6528
00377000,BIG BEND COMMUNITY COLLEGE              ,WA,98837-3299,Public       ,227,378,605,675,872,1547
00377100,"CENTRAL WASHINGTON UNIV., FIN AID       ",WA,98926-7495,Public       ,1626,1154,2780,7922,3336,11258
00377200,CENTRALIA COLLEGE                       ,WA,98531-4099,Public       ,273,510,783,738,1076,1814
00377300,CLARK COLLEGE                           ,WA,98663-3598,Public       ,1426,2628,4054,3189,5614,8803
00377400,COLUMBIA BASIN COLLEGE                  ,WA,99301-3379,Public       ,559,1103,1662,1727,2485,4212
00377500,EASTERN WASHINGTON UNIVERSITY           ,WA,99004-2447,Public       ,1136,1309,2445,7425,4847,12272
00377600,EVERETT COMMUNITY COLLEGE               ,WA,98201-1352,Public       ,679,1619,2298,1600,3304,4904
00377700,HERITAGE UNIVERSITY                     ,WA,98948-9562,Private      ,91,435,526,319,1114,1433
00377800,GONZAGA UNIVERSITY                      ,WA,99258-0083,Private      ,283,750,1033,6326,3080,9406
00377900,GRAYS HARBOR COLLEGE                    ,WA,98520-7599,Public       ,187,411,598,516,947,1463
00378000,GREEN RIVER COMMUNITY COLLEGE           ,WA,98092-3622,Public       ,780,1438,2218,1792,2797,4589
00378100,HIGHLINE COMMUNITY COLLEGE              ,WA,98198-9800,Public       ,868,1710,2578,1876,3221,5097
00378200,LOWER COLUMBIA COLLEGE                  ,WA,98632-0310,Public       ,359,1131,1490,732,1903,2635
00378300,NORTHWEST UNIVERSITY                    ,WA,98083-0000,Private      ,194,210,404,1002,528,1530
00378400,OLYMPIC COLLEGE                         ,WA,98337-1600,Public       ,428,1172,1600,1153,2714,3867
00378500,PACIFIC LUTHERAN UNIVERSITY             ,WA,98447-0003,Private      ,560,315,875,3977,1323,5300
00378600,PENINSULA COLLEGE                       ,WA,98362-6660,Public       ,123,439,562,320,849,1169
00378700,SEATTLE CENTRAL COMMUNITY COLLEGE       ,WA,98122-2413,Public       ,733,1857,2590,1962,3993,5955
00378703,SEATTLE VOCATIONAL INSTITUTE            ,WA,98144-0000,Public       ,28,67,95,47,126,173
00378800,SEATTLE PACIFIC UNIVERSITY              ,WA,98119-1997,Private      ,606,599,1205,4059,1634,5693
00379000,SEATTLE UNIVERSITY                      ,WA,98122-1090,Private      ,717,1268,1985,6477,5635,12112
00379100,SHORELINE COMMUNITY COLLEGE             ,WA,98133-5696,Public       ,510,1224,1734,1319,2580,3899
00379200,SKAGIT VALLEY COLLEGE                   ,WA,98273-5899,Public       ,336,887,1223,844,1890,2734
00379300,SPOKANE COMMUNITY COLLEGE               ,WA,99207-5399,Public       ,1102,3372,4474,2682,6561,9243
00379400,ST MARTIN'S UNIVERSITY                  ,WA,98503-7500,Private      ,99,190,289,1246,846,2092
00379600,TACOMA COMMUNITY COLLEGE                ,WA,98466-6100,Public       ,726,2040,2766,2183,5057,7240
00379700,UNIVERSITY OF PUGET SOUND               ,WA,98416-1039,Private      ,378,228,606,4317,944,5261
00379800,UNIVERSITY OF WASHINGTON                ,WA,98195-5880,Public       ,2455,3916,6371,26164,21579,47743
00379900,WALLA WALLA UNIVERSITY                  ,WA,99324-1198,Private      ,497,202,699,1225,484,1709
00380000,WASHINGTON STATE UNIVERSITY             ,WA,99164-1035,Public       ,2193,2322,4515,17632,9232,26864
00380100,WENATCHEE VALLEY COLLEGE                ,WA,98801-1799,Public       ,236,556,792,1005,1657,2662
00380200,WESTERN WASHINGTON UNIVERSITY           ,WA,98225-5946,Public       ,1419,766,2185,13543,3485,17028
00380300,WHITMAN COLLEGE                         ,WA,99362-2067,Private      ,312,21,333,2766,82,2848
00380400,WHITWORTH UNIVERSITY                    ,WA,99251-0001,Private      ,505,332,837,3448,822,4270
00380500,YAKIMA VALLEY COMMUNITY COLLEGE         ,WA,98907-2520,Public       ,650,1283,1933,1931,3251,5182
00499900,BELLINGHAM TECHNICAL COLLEGE            ,WA,98225-0000,Public       ,226,753,979,466,1367,1833
00500000,PIERCE COLLEGE                          ,WA,98498-1919,Public       ,759,1879,2638,1983,4127,6110
00500100,EDMONDS COMMUNITY COLLEGE               ,WA,98036-5999,Public       ,550,1386,1936,1333,2765,4098
00500600,WALLA WALLA COMMUNITY COLLEGE           ,WA,99362-9267,Public       ,277,590,867,1250,1784,3034
00530600,BATES TECHNICAL COLLEGE                 ,WA,98405-0000,Public       ,179,802,981,423,1452,1875
00530601,BATES TECHNICAL COLLEGE - SOUTH CAMPUS  ,WA,98409-5847,Public       ,55,174,229,61,194,255
00537200,SOUTH PUGET SOUND COMMUNITY COLLEGE     ,WA,98512-6292,Public       ,684,1400,2084,1495,2780,4275
00537300,LAKE WASHINGTON TECHNICAL COLLEGE       ,WA,98034-8505,Public       ,208,825,1033,422,1440,1862
00575200,CLOVER PARK TECHNICAL COLLEGE           ,WA,98499-0000,Public       ,371,1544,1915,781,2968,3749
00815500,EVERGREEN STATE COLLEGE (THE)           ,WA,98505-0002,Public       ,538,785,1323,3202,2908,6110
00844300,ITT TECHNICAL INSTITUTE                 ,WA,98168-3334,Proprietary  ,166,540,706,278,708,986
00907901,EVEREST COLLEGE                         ,WA,98684-6950,Proprietary  ,36,199,235,68,309,377
00938700,PERRY TECHNICAL INSTITUTE               ,WA,98903-1239,Private      ,163,243,406,377,551,928
00954400,SPOKANE FALLS COMMUNITY COLLEGE         ,WA,99224-5204,Public       ,1009,1863,2872,2635,3963,6598
00970400,NORTH SEATTLE COMMUNITY COLLEGE         ,WA,98103-3599,Public       ,359,1283,1642,952,2654,3606
00970600,SOUTH SEATTLE COMMUNITY COLLEGE         ,WA,98106-1499,Public       ,412,1059,1471,1084,2100,3184
00973900,GLEN DOW ACAD OF HAIR DESIGN            ,WA,99201-0209,Proprietary  ,26,61,87,51,89,140
01036400,WHATCOM COMMUNITY COLLEGE               ,WA,98226-8003,Public       ,424,642,1066,1330,1572,2902
01043400,RENTON TECHNICAL COLLEGE                ,WA,98056-0000,Public       ,236,898,1134,511,1525,2036
01148100,DIVERS INSTITUTE OF TECHNOLOGY          ,WA,98107-0667,Proprietary  ,39,151,190,61,245,306
01231500,CORNISH COLLEGE OF THE ARTS             ,WA,98121-4604,Private      ,129,85,214,1193,316,1509
01249600,GREENWOOD BEAUTY SCHOOL                 ,WA,98103-0000,Proprietary  ,8,35,43,20,60,80
01302200,CITY UNIVERSITY OF SEATTLE              ,WA,98005-3030,Private      ,47,861,908,99,1741,1840
01309400,BELLINGHAM BEAUTY SCHOOL                ,WA,98225-0000,Proprietary  ,6,15,21,14,26,40
02091701,KAPLAN COLLEGE - SEATTLE                ,WA,98055-4910,Proprietary  ,36,157,193,64,294,358
02105300,BELLEVUE BEAUTY SCHOOL                  ,WA,98007-0000,Proprietary  ,11,26,37,22,39,61
02106700,TRINITY LUTHERAN COLLEGE                ,WA,98201-3569,Private      ,24,19,43,78,35,113
02180000,NORTHWEST INDIAN COLLEGE                ,WA,98226-9278,Public       ,27,139,166,56,264,320
02184200,PAROBA COLLEGE OF COSMETOLOGY           ,WA,98208-0000,Proprietary  ,4,28,32,8,33,41
02202200,STYLEMASTERS COLLEGE OF HAIR DESIGN     ,WA,98632-0000,Proprietary  ,4,27,31,7,36,43
02203300,GENE JUAREZ ACADEMY OF BEAUTY           ,WA,98125-0000,Proprietary  ,167,243,410,215,289,504
02203301,GENE JUAREZ ACADEMY OF BEAUTY           ,WA,98003-0000,Proprietary  ,24,37,61,54,69,123
02222900,INTERNATIONAL AIR & HOSPITALITY ACADEMY ,WA,98661-4835,Proprietary  ,69,117,186,118,154,272
02222906,INTERNATIONAL AIR & HOSPITALITY ACADEMY ,WA,98661-3805,Proprietary  ,2,6,8,3,6,9
02236800,PROFESSIONAL BEAUTY SCHOOL              ,WA,98902-0000,Proprietary  ,26,41,67,37,52,89
02242500,BASTYR UNIVERSITY                       ,WA,98028-0000,Private      ,19,417,436,75,912,987
02263107,CAMBRIDGE COLLEGE-BELLEVUE              ,WA,98007-0000,Proprietary  ,1,4,5,3,15,18
02291300,ART INSTITUTE OF SEATTLE                ,WA,98121-1622,Proprietary  ,547,523,1070,1872,1394,3266
02300100,EVEREST COLLEGE                         ,WA,98367-1835,Proprietary  ,47,185,232,59,218,277
02300103,EVEREST COLLEGE - EVERETT               ,WA,98208-2610,Proprietary  ,41,269,310,68,319,387
02300104,EVEREST COLLEGE - TACOMA                ,WA,98402-3004,Proprietary  ,36,178,214,61,268,329
02326500,INTERFACE COLLEGE                       ,WA,99201-3209,Proprietary  ,9,73,82,13,126,139
02331400,NORTHWEST HAIR ACADEMY                  ,WA,98273-0000,Proprietary  ,23,37,60,30,41,71
02331402,NORTHWEST HAIR ACADEMY - EVERETT        ,WA,98204-0000,Proprietary  ,13,9,22,23,13,36
02504900,ACADEMY OF HAIR DESIGN (THE)            ,WA,98801-0000,Proprietary  ,10,28,38,21,46,67
02541900,BJ'S BEAUTY AND BARBER COLLEGE          ,WA,98409-0000,Proprietary  ,13,38,51,25,60,85
02602100,NORTHWEST COLLEGE OF ART                ,WA,98370-8625,Proprietary  ,53,12,65,155,36,191
02606200,EVEREST COLLEGE                         ,WA,98055-2990,Proprietary  ,27,156,183,49,228,277
02617500,EVEREST COLLEGE                         ,WA,98133-9018,Proprietary  ,20,54,74,34,99,133
02617501,EVEREST COLLEGE - FIFE                  ,WA,98424-2647,Proprietary  ,46,138,184,66,164,230
02617503,EVEREST COLLEGE - VANCOUVER             ,WA,98684-6951,Proprietary  ,30,116,146,45,175,220
03031406,INTERNATIONAL ACADEMY OF DESIGN AND TECH,WA,98188-3319,Proprietary  ,79,114,193,154,205,359
03065000,CLARE'S BEAUTY COLLEGE                  ,WA,99301-5505,Proprietary  ,9,24,33,16,37,53
03071800,ITT TECHNICAL INSTITUTE                 ,WA,99216-1589,Proprietary  ,166,684,850,224,795,1019
03099000,CORTIVA INSTITUTE - SEATTLE             ,WA,98109-5474,Proprietary  ,45,110,155,79,204,283
03110800,BAKKE GRADUATE UNIVERSITY               ,WA,98104-1222,Private      ,0,9,9,0,9,9
03139500,MONTESSORI SCHOOLS OF WASHINGTON        ,WA,98203-6600,Private      ,0,3,3,0,6,6
03280300,SEATTLE INST OF ORIENTAL MEDICINE       ,WA,98115-0000,Proprietary  ,1,28,29,6,49,55
03283300,NORTHWEST HVAC/R ASSOCIATION & TRAINING ,WA,99202-2125,Private      ,0,36,36,5,64,69
03361600,SEATTLE MIDWIFERY SCHOOL                ,WA,98144-0000,Private      ,1,20,21,3,69,72
03466400,MARS HILL GRADUATE SCHOOL               ,WA,98121-0000,Private      ,0,190,190,1,272,273
03483500,CASCADIA COMMUNITY COLLEGE              ,WA,98011-9510,Public       ,217,374,591,576,744,1320
03490400,EMIL FRIES PIANO HOSPITAL & TRAININ     ,WA,98661-4323,Private      ,0,4,4,1,5,6
03689400,FAITH EVANGELICAL SEMINARY              ,WA,98407-2607,Private      ,0,48,48,3,95,98
03707500,CHETTA'S ACADEMY OF HAIR AND NAILS      ,WA,98362-4310,Proprietary  ,4,7,11,4,10,14
03724300,DIGIPEN INSTITUTE OF TECHNOLOGY         ,WA,98052-5170,Proprietary  ,198,93,291,628,245,873
03917300,EVERGREEN BEAUTY AND BARBER COLLEGE     ,WA,98208-3759,Proprietary  ,15,65,80,25,93,118
03932500,TOTAL COSMETOLOGY TRAINING CENTER       ,WA,99217-6231,Proprietary  ,9,36,45,19,65,84
03953300,YAKIMA BEAUTY SCHOOL;BEAUTYWORKS        ,WA,98901-2202,Proprietary  ,8,13,21,19,26,45
04043400,ALPINE COLLEGE                          ,WA,99206-5097,Proprietary  ,10,71,81,24,159,183
04120000,SUNNYSIDE BEAUTY ACADEMY                ,WA,98944-8711,Proprietary  ,1,5,6,2,10,12
04127200,VICTORIA'S ACADEMY OF COSMETOLOGY       ,WA,99336-3826,Proprietary  ,22,37,59,40,59,99
04130500,PACIFIC NORTHWEST UNIV OF HEALTH SCIENCE,WA,98901-1471,Private      ,3,76,79,10,213,223
04130800,CASCADE BEAUTY COLLEGE                  ,WA,98002-5504,Proprietary  ,3,18,21,8,26,34
04132800,INLAND MASSAGE INSTITUTE                ,WA,99208-5923,Proprietary  ,6,17,23,8,35,43
00340100,BROWN UNIVERSITY                        ,RI,02912-9127,Private      ,666,42,708,16889,436,17325
00340101,BROWN UNIVERSITY - GRADUATE SCHOOL      ,RI,02912-1827,Private      ,3,101,104,31,1464,1495
00340102,BROWN MEDICAL SCHOOL                    ,RI,02912-0000,Private      ,2,100,102,15,418,433
00340200,BRYANT UNIVERSITY                       ,RI,02917-1284,Private      ,265,82,347,5314,347,5661
00340400,JOHNSON & WALES UNIVERSITY              ,RI,02903-3703,Private      ,3259,966,4225,17420,3234,20654
00340600,PROVIDENCE COLLEGE                      ,RI,02918-0001,Private      ,578,143,721,7213,499,7712
00340700,RHODE ISLAND COLLEGE                    ,RI,02908-1991,Public       ,580,586,1166,6721,2850,9571
00340800,COMMUNITY COLLEGE OF RI - WARWICK       ,RI,02906-0000,Public       ,867,1357,2224,3719,4039,7758
00340801,COMMUNITY COLLEGE OF RI - LINCOLN       ,RI,02865-4585,Public       ,302,486,788,1505,1526,3031
00340802,COMMUNITY COLLEGE OF RI- PROVIDENCE     ,RI,02905-2313,Public       ,258,461,719,1308,1747,3055
00340900,RHODE ISLAND SCHOOL OF DESIGN           ,RI,02903-2784,Private      ,185,117,302,2516,1366,3882
00341000,ROGER WILLIAMS UNIVERSITY               ,RI,02809-2921,Private      ,218,226,444,7350,1482,8832
00341100,SALVE REGINA UNIVERSITY                 ,RI,02840-4192,Private      ,169,72,241,4443,284,4727
00341400,UNIVERSITY OF RHODE ISLAND              ,RI,02881-0000,Public       ,1416,684,2100,18007,2993,21000
00659100,ST. JOSEPH HOSP SCH OF NURSING          ,RI,02904-5199,Private      ,5,26,31,49,127,176
00784400,GIBBS COLLEGE                           ,RI,02920-7807,Proprietary  ,4,11,15,31,86,117
00784500,NEW ENGLAND INSTITUTE OF TECHNOLOGY     ,RI,02886-2266,Private      ,695,494,1189,2364,1570,3934
01115900,"SAWYER SCHOOL,THE                       ",RI,02860-4117,Proprietary  ,89,376,465,188,850,1038
02071900,ARTHUR ANGELO SCH COSMET&HAIR DSGN      ,RI,02903-0000,Proprietary  ,26,52,78,79,149,228
02176900,WARWICK ACADEMY OF BEAUTY CULTURE       ,RI,02886-1534,Proprietary  ,23,29,52,56,105,161
02584400,NEW ENGLAND TRACTOR TRAILER TRAINING SCH,RI,02860-1752,Proprietary  ,21,192,213,23,205,228
03080000,NEWPORT SCHOOL OF HAIRDRESSING          ,RI,02860-4038,Proprietary  ,1,8,9,5,44,49
03232300,LINCOLN TECHNICAL INSTITUTE             ,RI,02865-4211,Proprietary  ,132,293,425,319,539,858
03570500,ZION BIBLE COLLEGE                      ,RI,02806-1246,Private      ,73,43,116,128,77,205
03732300,INTERNATIONAL YACHT RESTORATION SCH     ,RI,02840-6720,Private      ,4,12,16,12,22,34
04141200,TONI & GUY HAIRDRESSING ACADEMY         ,RI,02920-0000,Proprietary  ,27,9,36,27,9,36
00341700,ALLEN UNIVERSITY                        ,SC,29204-1085,Private      ,526,231,757,978,421,1399
00341800,ANDERSON UNIVERSITY                     ,SC,29621-4035,Private      ,712,364,1076,1923,620,2543
00341900,CHARLESTON SOUTHERN UNIVERSITY          ,SC,29406-2160,Private      ,1332,853,2185,3567,1504,5071
00342000,BENEDICT COLLEGE                        ,SC,29204-1086,Private      ,1452,598,2050,3487,1147,4634
00342100,BOB JONES UNIVERSITY                    ,SC,29614-1000,Proprietary  ,1331,145,1476,2511,258,2769
00342200,SOUTHERN WESLEYAN UNIVERSITY            ,SC,29630-1020,Private      ,277,986,1263,851,1536,2387
00342300,THE CITADEL                             ,SC,29409-0002,Public       ,564,359,923,2133,703,2836
00342400,CLAFLIN UNIVERSITY                      ,SC,29115-4498,Private      ,988,428,1416,2275,744,3019
00342500,CLEMSON UNIVERSITY                      ,SC,29634-0001,Public       ,2708,1104,3812,15186,2791,17977
00342600,UNIV OF SC AT SUMTER                    ,SC,29150-2498,Public       ,298,197,495,592,385,977
00342700,COKER COLLEGE                           ,SC,29550-3797,Private      ,343,398,741,894,731,1625
00342800,COLLEGE OF CHARLESTON                   ,SC,29424-0100,Public       ,2139,894,3033,8772,1926,10698
00342900,COLUMBIA INTERNATIONAL UNIVERSITY       ,SC,29203-1599,Private      ,155,233,388,440,529,969
00343000,COLUMBIA COLLEGE                        ,SC,29203-5998,Private      ,471,523,994,1190,892,2082
00343100,CONVERSE COLLEGE                        ,SC,29302-0006,Private      ,232,297,529,664,543,1207
00343200,ERSKINE COLLEGE                         ,SC,29639-0000,Private      ,248,10,258,720,25,745
00343201,ERSKINE THEOLOGICAL SEMINARY            ,SC,29639-0000,Private      ,2,67,69,6,102,108
00343400,FURMAN UNIVERSITY                       ,SC,29613-5253,Private      ,453,136,589,3162,266,3428
00343500,LANDER UNIVERSITY                       ,SC,29649-2099,Public       ,805,281,1086,2979,687,3666
00343600,LIMESTONE COLLEGE                       ,SC,29340-3799,Private      ,490,1244,1734,1152,2288,3440
00343700,LUTHERAN THEOLOGICAL SOUTHERN SEM       ,SC,29203-5898,Private      ,0,73,73,1,117,118
00343800,MEDICAL UNIV OF SOUTH CAROLINA - FA     ,SC,29425-1760,Public       ,67,576,643,189,2528,2717
00343900,MORRIS COLLEGE                          ,SC,29150-3599,Private      ,520,187,707,1173,382,1555
00344000,NEWBERRY COLLEGE                        ,SC,29108-2197,Private      ,400,96,496,1553,229,1782
00344100,NORTH GREENVILLE COLLEGE                ,SC,29688-1892,Private      ,916,162,1078,2054,270,2324
00344500,PRESBYTERIAN COLLEGE                    ,SC,29325-2503,Private      ,370,25,395,1423,49,1472
00344600,SOUTH CAROLINA STATE UNIVERSITY         ,SC,29117-4427,Public       ,2452,1240,3692,5636,2156,7792
00344700,SPARTANBURG METHODIST COLLEGE           ,SC,29301-5899,Private      ,559,83,642,1154,151,1305
00344800,UNIVERSITY OF SOUTH CAROLINA            ,SC,29208-3999,Public       ,5228,3845,9073,18173,8773,26946
00344900,UNIVERSITY OF SOUTH CAROLINA AIKEN      ,SC,29801-6399,Public       ,1043,528,1571,2771,1025,3796
00345000,UNIV OF SC AT BEAUFORT                  ,SC,29902-4602,Public       ,436,350,786,986,680,1666
00345100,COASTAL CAROLINA UNIVERSITY             ,SC,29528-0000,Public       ,2548,808,3356,9326,1667,10993
00345300,UNIV OF SC AT LANCASTER                 ,SC,29721-0889,Public       ,339,275,614,705,462,1167
00345400,UNIV OF SC SYSTEM SALKEHATCHIE          ,SC,29810-0617,Public       ,209,201,410,351,360,711
00345500,VOORHEES COLLEGE                        ,SC,29042-0000,Private      ,399,174,573,708,282,990
00345600,WINTHROP UNIVERSITY                     ,SC,29733-0001,Public       ,1558,887,2445,5448,1706,7154
00345700,WOFFORD COLLEGE                         ,SC,29303-3663,Private      ,156,33,189,1797,93,1890
00399000,FLORENCE-DARLINGTON TECH COLLEGE        ,SC,29501-0548,Public       ,1032,1865,2897,1829,3262,5091
00399100,GREENVILLE TECHNICAL COLLEGE            ,SC,29607-2439,Public       ,2880,4885,7765,4935,8286,13221
00399200,PIEDMONT TECHNICAL COLLEGE              ,SC,29648-1467,Public       ,847,1875,2722,1389,2818,4207
00399300,MIDLANDS TECHNICAL COLLEGE              ,SC,29202-0000,Public       ,2908,4164,7072,4690,7385,12075
00399400,SPARTANBURG COMMUNITY COLLEGE           ,SC,29305-4386,Public       ,1327,2085,3412,2230,3609,5839
00399500,CENTRAL CAROLINA TECHNICAL COLLEGE      ,SC,29150-2499,Public       ,507,1258,1765,799,2156,2955
00399600,YORK TECHNICAL COLLEGE                  ,SC,29730-3395,Public       ,1051,2226,3277,1717,3591,5308
00492000,TRIDENT TECHNICAL COLLEGE               ,SC,29423-8067,Public       ,2409,3933,6342,3838,6771,10609
00492300,CLINTON JR COLLEGE                      ,SC,29730-5152,Private      ,43,17,60,73,31,104
00492400,FORREST JUNIOR COLLEGE                  ,SC,29624-2405,Proprietary  ,8,77,85,10,92,102
00492500,HORRY-GEORGETOWN TECH COLLEGE           ,SC,29526-9521,Public       ,1108,1998,3106,2053,4003,6056
00492600,TRI-COUNTY TECHNICAL COLLEGE            ,SC,29670-9133,Public       ,1309,1601,2910,2457,2694,5151
00492700,UNIV OF SC AT UNION                     ,SC,29379-0729,Public       ,87,90,177,185,167,352
00536300,DENMARK TECHNICAL COLLEGE               ,SC,29042-0000,Public       ,348,281,629,509,442,951
00681500,ORANGEBURG-CALHOUN TECHNICAL COLG       ,SC,29118-8299,Public       ,500,910,1410,796,1480,2276
00695100,UNIVERSITY OF SOUTH CAROLINA UPSTATE    ,SC,29303-9972,Public       ,1688,1077,2765,4345,2012,6357
00760200,NORTHEASTERN TECHNICAL COLLEGE          ,SC,29520-7015,Public       ,205,419,624,321,686,1007
00922600,FRANCIS MARION UNIVERSITY               ,SC,29501-0000,Public       ,1449,635,2084,4176,1272,5448
00932200,WILLIAMSBURG TECHNICAL COLLEGE          ,SC,29556-4197,Public       ,108,232,340,201,406,607
00991000,TECHNICAL COLLEGE OF THE LOWCOUNTRY     ,SC,29902-5441,Public       ,318,883,1201,485,1440,1925
00991100,UNIV OF SC-REGIONAL CAMPUSES ADMIN      ,SC,29208-0001,Public       ,44,36,80,132,65,197
01005600,AIKEN TECHNICAL COLLEGE                 ,SC,29802-0696,Public       ,778,1415,2193,1296,2394,3690
01209200,KENNETH SHULER SCHOOL OF COSMETOLOGY    ,SC,29732-2169,Proprietary  ,11,39,50,18,48,66
01303907,SOUTH UNIVERSITY                        ,SC,29203-6400,Proprietary  ,139,868,1007,271,1462,1733
02063700,SHERMAN CLG STRAIGHT CHIROPRACTIC       ,SC,29316-0000,Private      ,1,121,122,5,220,225
02189800,NO AMER INST OF AVIATION OF SO CAR      ,SC,29527-0000,Proprietary  ,4,3,7,5,4,9
02338600,CHARZANNE BEAUTY COLLEGE                ,SC,29649-0000,Proprietary  ,8,16,24,8,21,29
02341100,KENNETH SHULER SCHOOL OF COSMETOLOGY & N,SC,29210-0000,Proprietary  ,33,181,214,44,223,267
02356600,CHARLESTON COSMETOLOGY INSTITUTE        ,SC,29420-0000,Proprietary  ,19,50,69,25,65,90
02552400,ACADEMY OF HAIR TECHNOLOGY              ,SC,29615-2363,Proprietary  ,16,35,51,21,44,65
02567600,SUMTER BEAUTY COLLEGE                   ,SC,29150-0000,Proprietary  ,6,39,45,11,64,75
02614202,MILLER - MOTTE TECHNICAL COLLEGE - NORTH,SC,29406-9239,Proprietary  ,120,389,509,192,720,912
03010614,VIRGINIA COLLEGE - GOLF ACADEMY OF AMERI,SC,29579-0000,Proprietary  ,83,122,205,147,193,340
03052300,KENNETH SHULER SCH COSM & HAIR DESG     ,SC,29841-2013,Proprietary  ,11,41,52,20,54,74
03088300,ACADEMY OF COSMETOLOGY                  ,SC,29418-5667,Proprietary  ,6,46,52,12,56,68
03293300,STRAND COLLEGE OF HAIR DESIGN           ,SC,29572-4310,Proprietary  ,10,29,39,15,45,60
03304300,CENTURA COLLEGE                         ,SC,29406-9235,Proprietary  ,33,212,245,51,311,362
03513300,LACY COSMETOLOGY SCHOOL                 ,SC,29803-9084,Proprietary  ,5,18,23,8,30,38
03513301,LACY COSMETOLOGY SCHOOL -               ,SC,29072-0000,Proprietary  ,3,13,16,6,21,27
03513302,LACY COSMETOLOGY SCHOOL -               ,SC,29445-0000,Proprietary  ,6,24,30,8,31,39
03595300,CHARLESTON SCHOOL OF MASSAGE            ,SC,29412-8270,Proprietary  ,2,14,16,5,25,30
03746300,LEGRAND INSTITUTE OF COSMETOLOGY        ,SC,29020-0000,Proprietary  ,8,22,30,15,31,46
03746400,SOUTHEASTERN INSTITUTE                  ,SC,29210-0000,Proprietary  ,32,94,126,53,138,191
03768400,STYLETRENDS BARBER AND HAIRSTYLING ACADE,SC,29730-4511,Proprietary  ,6,29,35,11,39,50
03856400,W. L. BONNER COLLEGE                    ,SC,29203-0000,Private      ,4,29,33,7,45,52
03892300,HARLEY'S BEAUTY & BARBER CAREER INST.   ,SC,29204-1919,Proprietary  ,5,15,20,8,35,43
04096300,CHARLESTON SCHOOL OF LAW                ,SC,29402-0535,Proprietary  ,0,295,295,5,979,984
00345800,AUGUSTANA COLLEGE                       ,SD,57197-0001,Private      ,457,77,534,1677,153,1830
00345900,BLACK HILLS STATE UNIVERSITY            ,SD,57799-9670,Public       ,612,523,1135,1861,1118,2979
00346100,DAKOTA WESLEYAN UNIVERSITY              ,SD,57301-4398,Private      ,142,93,235,585,236,821
00346300,DAKOTA STATE UNIVERSITY                 ,SD,57042-1799,Public       ,352,222,574,1042,419,1461
00346500,MOUNT MARTY COLLEGE                     ,SD,57078-3724,Private      ,131,190,321,467,364,831
00346600,NORTHERN STATE UNIVERSITY               ,SD,57401-7198,Public       ,273,157,430,1393,467,1860
00346700,PRESENTATION COLLEGE                    ,SD,57401-1299,Private      ,88,132,220,290,347,637
00346900,UNIVERSITY OF SIOUX FALLS               ,SD,57105-1699,Private      ,174,143,317,1229,341,1570
00347000,SOUTH DAKOTA SCH OF MINES & TECH        ,SD,57701-3995,Public       ,293,165,458,1223,374,1597
00347100,SOUTH DAKOTA STATE UNIVERSITY           ,SD,57007-2298,Public       ,2159,1082,3241,6580,2140,8720
00347400,UNIVERSITY OF SOUTH DAKOTA              ,SD,57069-2390,Public       ,1351,1547,2898,3807,3193,7000
00405600,SIOUX FALLS SEMINARY                    ,SD,57105-2729,Private      ,0,36,36,1,57,58
00405700,NATIONAL AMERICAN UNIVERSITY            ,SD,57701-3692,Proprietary  ,208,2547,2755,278,3467,3745
00405707,NATIONAL AMERICAN UNIVERSITY            ,SD,57105-0000,Proprietary  ,18,109,127,30,219,249
00492900,MCKENNAN HOSP-RADOLOGICAL TECH          ,SD,57101-0000,Private      ,5,4,9,15,12,27
00530900,LAKE AREA TECHNICAL INSTITUTE           ,SD,57201-2869,Public       ,274,176,450,666,321,987
00598700,AVERA SACRED HEART HOSPITAL SCHOOL OF RA,SD,57078-3899,Private      ,0,1,1,4,4,8
00776400,SOUTHEAST TECHNICAL INST                ,SD,57107-0000,Public       ,449,444,893,966,794,1760
00828400,MITCHELL TECHNICAL INSTITUTE            ,SD,57301-2002,Public       ,216,144,360,498,279,777
01013800,STEWART SCHOOL                          ,SD,57104-0000,Proprietary  ,36,32,68,64,49,113
01014804,COLORADO TECHNICAL UNIVERSITY           ,SD,57108-2272,Proprietary  ,98,371,469,233,851,1084
01017000,WESTERN DAKOTA TECHNICAL INSTITUTE      ,SD,57701-4018,Public       ,182,432,614,349,686,1035
01147701,SIOUX VALLEY HOSP-MEDICAL TECH          ,SD,57117-5039,Private      ,2,2,4,12,8,20
01465900,OGLALA LAKOTA COLLEGE                   ,SD,57752-0490,Public       ,76,433,509,119,619,738
02137100,BLACK HILLS BEAUTY COLLEGE              ,SD,57701-0000,Proprietary  ,26,27,53,47,39,86
02143700,SINTE GLESKA UNIVERSITY                 ,SD,57570-0000,Public       ,19,116,135,40,228,268
02144600,KILIAN COMMUNITY COLLEGE                ,SD,57103-7020,Private      ,27,156,183,47,219,266
02277300,SISSETON WAHPETON COLLEGE               ,SD,57262-0000,Public       ,8,23,31,9,35,44
02297800,HEADLINES ACADEMY                       ,SD,57701-0000,Proprietary  ,20,34,54,28,61,89
00347700,AQUINAS COLLEGE                         ,TN,37205-2086,Private      ,57,205,262,218,569,787
00347701,AQUINAS COLLEGE -  PRIMETIME PROGRAM    ,TN,37214-3644,Private      ,4,69,73,12,157,169
00347800,AUSTIN PEAY STATE UNIVERSITY            ,TN,37044-0002,Public       ,1631,2258,3889,5627,5094,10721
00347900,BELMONT UNIVERSITY                      ,TN,37212-3757,Private      ,759,835,1594,5058,2251,7309
00348000,BETHEL UNIVERSITY                       ,TN,38201-1705,Private      ,229,901,1130,1117,2085,3202
00348100,CARSON-NEWMAN COLLEGE                   ,TN,37760-2204,Private      ,397,171,568,2815,509,3324
00348200,CHRISTIAN BROTHERS UNIVERSITY           ,TN,38104-5581,Private      ,254,428,682,1929,1120,3049
00348300,COLUMBIA STATE COMMUNITY COLLEGE        ,TN,38401-5653,Public       ,808,1017,1825,2233,2072,4305
00348500,CUMBERLAND UNIVERSITY                   ,TN,37087-3554,Private      ,259,224,483,1245,564,1809
00348600,LIPSCOMB UNIVERSITY                     ,TN,37204-3951,Private      ,584,476,1060,2699,1086,3785
00348700,EAST TENNESSEE STATE UNIV - MAIN CAMPUS ,TN,37614-2857,Public       ,2378,2094,4472,9072,5430,14502
00348701,EAST TENNESSEE STATE UNIV - MEDICINE    ,TN,37614-1708,Public       ,39,136,175,183,388,571
00348709,EAST TENNESSEE STATE UNIV - PHARMACY    ,TN,37614-1704,Public       ,23,155,178,68,367,435
00349000,FISK UNIVERSITY                         ,TN,37208-3045,Private      ,205,114,319,1067,314,1381
00349200,FREED-HARDEMAN UNIVERSITY               ,TN,38340-2399,Private      ,284,318,602,1587,683,2270
00349500,JOHNSON BIBLE COLLEGE                   ,TN,37998-9775,Private      ,94,70,164,522,231,753
00349600,KING COLLEGE                            ,TN,37620-2699,Private      ,233,405,638,1137,832,1969
00349800,LAMBUTH UNIVERSITY                      ,TN,38301-5296,Private      ,161,74,235,1053,297,1350
00349900,LANE COLLEGE                            ,TN,38301-4598,Private      ,591,253,844,2718,933,3651
00350000,LEE UNIVERSITY                          ,TN,37320-0000,Private      ,649,397,1046,3078,972,4050
00350100,LEMOYNE-OWEN COLLEGE                    ,TN,38126-6510,Private      ,187,360,547,816,944,1760
00350200,LINCOLN MEMORIAL UNIVERSITY             ,TN,37752-7920,Private      ,296,1352,1648,1430,2805,4235
00350400,MARTIN METHODIST COLLEGE                ,TN,38478-2799,Private      ,150,112,262,765,397,1162
00350500,MARYVILLE COLLEGE                       ,TN,37804-5907,Private      ,246,51,297,1813,183,1996
00350600,MEHARRY MEDICAL COLLEGE                 ,TN,37208-0000,Private      ,8,367,375,34,1211,1245
00350700,MEMPHIS COLLEGE OF ART                  ,TN,38104-2764,Private      ,161,80,241,542,173,715
00350900,UNIVERSITY OF MEMPHIS (THE)             ,TN,38152-4611,Public       ,2806,4051,6857,13335,12408,25743
00351000,MIDDLE TENNESSEE STATE UNIV             ,TN,37130-0000,Public       ,5718,3990,9708,18373,8610,26983
00351100,MILLIGAN COLLEGE                        ,TN,37682-4001,Private      ,129,166,295,1000,460,1460
00351700,SOUTHERN COLLEGE OF OPTOMETRY           ,TN,38104-2222,Private      ,3,62,65,9,547,556
00351800,SOUTHERN ADVENTIST UNIVERSITY           ,TN,37315-0370,Private      ,570,197,767,2020,513,2533
00351900,RHODES COLLEGE                          ,TN,38112-1690,Private      ,322,78,400,2446,234,2680
00352200,TENNESSEE STATE UNIVERSITY              ,TN,37209-1561,Public       ,2206,2519,4725,9254,5964,15218
00352201,TENNESSEE STATE UNIVERSITY - AVON WILLIA,TN,37203-3401,Public       ,0,0,0,205,106,311
00352300,TENNESSEE TECHNOLOGICAL UNIV            ,TN,38505-0001,Public       ,1850,1183,3033,7889,2806,10695
00352400,TENNESSEE TEMPLE UNIVERSITY             ,TN,37404-3587,Private      ,125,151,276,409,304,713
00352500,TENNESSEE WESLEYAN COLLEGE              ,TN,37371-0040,Private      ,170,116,286,1092,427,1519
00352600,TREVECCA NAZARENE UNIVERSITY            ,TN,37210-2877,Private      ,295,755,1050,1139,1559,2698
00352700,TUSCULUM COLLEGE                        ,TN,37743-0001,Private      ,270,440,710,2008,1496,3504
00352800,UNION UNIVERSITY                        ,TN,38305-3697,Private      ,508,757,1265,2385,1714,4099
00352900,UNIVERSITY OF TENNESSEE-CHATTANOOGA     ,TN,37403-2598,Public       ,2428,1373,3801,10267,3237,13504
00353000,UNIVERSITY OF TENNESSEE-KNOXVILLE       ,TN,37996-0150,Public       ,4483,2686,7169,21295,7688,28983
00353006,UNIVERSITY OF TENNESSEE-HEALTH SCI CTR  ,TN,38103-0000,Public       ,62,963,1025,259,2760,3019
00353100,UNIVERSITY OF TENNESSEE-MARTIN          ,TN,38238-0002,Public       ,1280,857,2137,6454,2391,8845
00353400,UNIVERSITY OF THE SOUTH                 ,TN,37383-1000,Private      ,178,19,197,1661,73,1734
00353500,VANDERBILT UNIVERSITY                   ,TN,37240-0001,Private      ,1203,1380,2583,12181,5724,17905
00353501,VANDERBILT UNIV MED CTR ALLIEDHEAL      ,TN,37232-5510,Private      ,8,52,60,37,176,213
00353502,VANDERBILT UNIV - SCH OF MED            ,TN,37232-0000,Private      ,16,187,203,90,986,1076
00353600,BRYAN COLLEGE                           ,TN,37321-7000,Private      ,147,167,314,901,391,1292
00399800,CHATTANOOGA STATE COMMUNITY COLLEGE     ,TN,37406-1097,Public       ,1371,2554,3925,3403,4964,8367
00399900,CLEVELAND STATE COMMUNITY COLLEGE       ,TN,37312-2858,Public       ,397,753,1150,1431,1774,3205
00402500,TN TECHNOLOGY CTR AT KNOXVILLE          ,TN,37919-2327,Public       ,131,408,539,275,876,1151
00402600,TENNESSEE TECH. CNTR AT CROSSVILLE      ,TN,38555-4142,Public       ,81,157,238,234,403,637
00461700,NATIONAL COLLEGE OF BUSINESS & TECH     ,TN,37211-6605,Proprietary  ,140,953,1093,227,1834,2061
00493400,DRAUGHONS JR CLG OF BUSINESS            ,TN,37217-1056,Proprietary  ,170,929,1099,246,1597,1843
00493700,JACKSON STATE COMMUNITY COLLEGE         ,TN,38301-3797,Public       ,671,1157,1828,2300,2918,5218
00493800,SOUTH COLLEGE                           ,TN,37909-3323,Proprietary  ,122,567,689,305,1142,1447
00494700,WEST TENNESSEE BUSINESS COLLEGE         ,TN,38301-3256,Proprietary  ,30,144,174,68,368,436
00528000,TN TECHNOLOGY CTR AT COVINGTON          ,TN,38019-0249,Public       ,45,102,147,97,196,293
00528100,TN TECHNOLOGY CTR AT ELIZABETHTON       ,TN,37643-0789,Public       ,80,287,367,205,639,844
00528200,TN TECHNOLOGY CTR AT HARTSVILLE         ,TN,37074-0000,Public       ,75,139,214,179,295,474
00528300,TN TECHNOLOGY CTR AT NEWBERN            ,TN,38059-1198,Public       ,68,184,252,141,385,526
00530700,TN TECHNOLOGY CTR AT MCMINNVILLE        ,TN,37110-1322,Public       ,51,197,248,138,421,559
00535100,TENNESSEE TECHNOLOGY CENTER AT MORRISTOW,TN,37813-2094,Public       ,130,445,575,366,893,1259
00535200,TN TECHNOLOGY CENTER AT MCKENZIE        ,TN,38201-1620,Public       ,58,167,225,145,392,537
00535300,TN TECHNOLOGY CENTER AT LIVINGSTON      ,TN,38570-0219,Public       ,69,143,212,195,326,521
00535400,TN TECHNOLOGY CTR AT JACKSON            ,TN,38301-0000,Public       ,97,344,441,339,984,1323
00535600,TENNESSEE TECHNOLOGY CENTER AT HOHENWALD,TN,38462-0000,Public       ,70,191,261,192,362,554
00535700,TENNESSEE TECHNOLOGY CENTER AT CRUMP    ,TN,38327-3402,Public       ,75,127,202,217,389,606
00535800,TN TECHNOLOGY CENTER AT ATHENS          ,TN,37371-0848,Public       ,90,192,282,231,418,649
00535900,TENNESSEE TECHNOLOGY CENTER AT NASHVILLE,TN,37209-0000,Public       ,127,398,525,283,770,1053
00536000,TENNESSEE TECHNOLOGY CENTER AT MEMPHIS  ,TN,38105-3604,Public       ,239,628,867,534,1339,1873
00537800,NORTHEAST STATE TECH CMNTY COLG         ,TN,37617-0246,Public       ,704,1289,1993,2272,3019,5291
00537900,TN TECHNOLOGY CTR AT SHELBYVILLE        ,TN,37160-3697,Public       ,138,356,494,286,728,1014
00683500,DYERSBURG STATE COMMUNITY COLLEGE       ,TN,38024-0000,Public       ,328,687,1015,1337,1912,3249
00683600,MOTLOW STATE COMMUNITY COLLEGE          ,TN,37388-7972,Public       ,778,1047,1825,1995,2005,4000
00743900,FOUNTAINHEAD COLLEGE OF TECHNOLOGY      ,TN,37918-2583,Proprietary  ,37,96,133,79,211,290
00744000,NASHVILLE AUTO DIESEL COLLEGE           ,TN,37206-3298,Proprietary  ,747,332,1079,1994,659,2653
00778200,TENNESSEE TECHNOLOGY CENTER AT DICKSON  ,TN,37055-0000,Public       ,91,248,339,235,506,741
00778300,MIDDLE TENNESSEE SCH OF ANESTHESIA      ,TN,37116-0417,Private      ,2,50,52,16,147,163
00814500,NASHVILLE STATE TECH CMNTY COLLEGE      ,TN,37209-0000,Public       ,891,2108,2999,2009,4039,6048
00865500,GENESIS CAREER COLLEGE OF COOKEVILLE    ,TN,38501-1959,Proprietary  ,16,31,47,19,42,61
00885900,JOHN A GUPTON COLLEGE                   ,TN,37203-2934,Private      ,27,38,65,81,98,179
00886300,WALTERS STATE COMMUNITY COLLEGE         ,TN,37813-6899,Public       ,1011,1544,2555,3236,3222,6458
00946400,TN TECHNOLOGY CTR AT PULASKI            ,TN,38478-4541,Public       ,39,164,203,77,262,339
00956700,TENNESSEE SCHOOL OF BEAUTY              ,TN,37921-3303,Proprietary  ,63,101,164,111,184,295
00971000,TENNESSEE TECHNOLOGY CENTER AT ONEIDA/HU,TN,37756-4149,Public       ,30,73,103,71,168,239
00991200,VOLUNTEER STATE COMMUNITY COLLEGE       ,TN,37066-3188,Public       ,1010,1603,2613,2780,3210,5990
00991400,ROANE STATE COMMUNITY COLLEGE           ,TN,37748-8664,Public       ,949,1384,2333,2843,2852,5695
00998200,CRICHTON COLLEGE                        ,TN,38111-4745,Private      ,52,313,365,198,845,1043
01021700,INTERNATIONAL ACADEMY OF DESIGN & TECH  ,TN,37212-0000,Proprietary  ,150,203,353,355,405,760
01032600,TN TECHNOLOGY CTR AT HARRIMAN           ,TN,37748-1109,Public       ,68,125,193,132,251,383
01043900,SOUTHWEST TENNESSEE COMMUNITY COLLG     ,TN,38104-3322,Public       ,1774,4061,5835,4752,8846,13598
01044700,"PLAZA BEAUTY SCHOOL, INC.               ",TN,38117-4822,Proprietary  ,12,47,59,25,74,99
01046000,AMERICAN BAPTIST THEOLOGICAL SEMINA     ,TN,37207-4994,Private      ,7,28,35,13,79,92
01052900,MEMPHIS THEOLOGICAL SEMINARY            ,TN,38104-0000,Private      ,0,80,80,1,147,148
01070000,TN TECHNOLOGY CENTER AT JACKSBORO       ,TN,37757-2461,Public       ,38,111,149,108,242,350
01155300,WM R MOORE COLLEGE OF TECHNOLOGY        ,TN,38104-0000,Private      ,22,58,80,44,101,145
01216400,TENNESSEE TECHNICAL CNTR AT RIPLEY      ,TN,38063-7359,Public       ,22,105,127,53,262,315
01254700,EMMANUEL SCHOOL OF RELIGION             ,TN,37601-0000,Private      ,0,18,18,1,38,39
01269300,PELLISSIPPI STATE COMMUNITY COLLEGE     ,TN,37933-0990,Public       ,1406,1558,2964,3813,3185,6998
02069303,VATTEROTT COLLEGE -                     ,TN,38016-5877,Proprietary  ,32,147,179,32,147,179
02092800,TENNESSEE TECHNOLOGY CENTER AT WHITEVILL,TN,38075-0000,Public       ,43,104,147,116,237,353
02103500,TN TECHNOLOGY CTR AT MURFREESBORO       ,TN,37129-0000,Public       ,77,214,291,172,387,559
02106400,O'MORE COLLEGE OF DESIGN                ,TN,37064-0000,Private      ,50,21,71,143,41,184
02125300,NASHVILLE CLG OF MEDICAL CAREERS        ,TN,37115-0000,Proprietary  ,13,72,85,25,130,155
02153100,JON NAVE UNIVERSITY OF COSMETOLOGY      ,TN,37013-3347,Proprietary  ,49,64,113,72,95,167
02157100,CONCORDE CAREER COLLEGE                 ,TN,38137-0000,Proprietary  ,120,589,709,214,998,1212
02188300,PENTECOSTAL THEOLOGICAL SEMINARY        ,TN,37320-0000,Private      ,2,105,107,3,148,151
02204200,"CHATTANOOGA COLLEGE - MEDICAL, DENTAL AN",TN,37411-0000,Proprietary  ,23,170,193,47,271,318
02237900,TN TECHNOLOGY CENTER AT PARIS           ,TN,38242-0000,Public       ,55,171,226,112,455,567
02257400,ARNOLD'S BEAUTY SCHOOL                  ,TN,38358-0000,Proprietary  ,10,16,26,20,26,46
02263104,HIGH-TECH INSTITUTE - NASHVILLE         ,TN,37214-2531,Proprietary  ,15,43,58,38,87,125
02275500,REUBEN-ALLEN COLLEGE                    ,TN,37922-0000,Proprietary  ,13,22,35,28,39,67
02278700,MR WAYNES SCH OF UNISEX HAIR DESIGN     ,TN,38501-0000,Proprietary  ,3,12,15,7,19,26
02293900,VOLUNTEER BEAUTY ACADEMY-NASHVILLE      ,TN,37115-2112,Proprietary  ,8,31,39,12,43,55
02294000,VOLUNTEER BEAUTY ACADEMY-DYERSBURG      ,TN,38024-1622,Proprietary  ,4,23,27,7,32,39
02326200,KAPLAN CAREER INSTITUTE                 ,TN,37217-1342,Proprietary  ,68,369,437,127,710,837
02326202,KAPLAN CAREER INSTITUTE - THOMPSON LANE ,TN,37204-3692,Proprietary  ,7,35,42,15,79,94
02326300,MEDVANCE INSTITUTE                      ,TN,38501-4305,Proprietary  ,47,224,271,79,285,364
02335900,VOLUNTEER BEAUTY ACADEMY-NASHVILLE      ,TN,37209-3033,Proprietary  ,7,24,31,12,42,54
02359800,ITT TECHNICAL INSTITUTE                 ,TN,37214-3717,Proprietary  ,344,957,1301,531,1246,1777
02498000,NEW WAVE HAIR ACADEMY                   ,TN,38128-0000,Proprietary  ,10,42,52,23,60,83
02539800,QUEEN CITY COLLEGE                      ,TN,37042-0000,Proprietary  ,16,82,98,26,127,153
02540000,TENNESSEE ACADEMY OF COSMETOLOGY        ,TN,38133-0000,Proprietary  ,12,36,48,28,66,94
02578200,NOSSI COLLEGE OF ART                    ,TN,37072-0000,Proprietary  ,126,111,237,255,266,521
02595000,FAYETTEVILLE BEAUTY SCHOOL              ,TN,37334-2909,Proprietary  ,0,12,12,5,16,21
02597600,NEW WAVE HAIR ACADEMY                   ,TN,38301-3812,Proprietary  ,8,58,66,18,65,83
02599710,VATTEROTT COLLEGE - MEMPHIS             ,TN,38132-1714,Proprietary  ,48,382,430,84,544,628
02605501,REMINGTON COLLEGE - MEMPHIS CAMPUS      ,TN,38132-0000,Proprietary  ,117,444,561,260,955,1215
02609204,VATTEROTT COLLEGE - VATTEROTT CAREER COL,TN,38133-4727,Proprietary  ,44,162,206,64,228,292
02614200,MILLER MOTTE BUSINESS COLLEGE           ,TN,37040-6023,Proprietary  ,83,350,433,118,543,661
02614203,MILLER - MOTTE TECHNICAL COLLEGE - CHATT,TN,37421-7220,Proprietary  ,57,249,306,142,598,740
02614204,MILLER - MOTTE TECHNICAL COLLEGE - GOODL,TN,37072-1870,Proprietary  ,27,107,134,52,224,276
03001800,FREE WILL BAPTIST BIBLE COLLEGE         ,TN,37205-2498,Private      ,66,47,113,178,91,269
03008800,FRANKLIN ACADEMY                        ,TN,37312-3939,Private      ,9,38,47,14,41,55
03010606,VIRGINIA COLLEGE - SCH OF BUSNSS & HLTH ,TN,37411-5600,Proprietary  ,17,75,92,31,190,221
03012500,NEW WAVE HAIR ACADEMY                   ,TN,38111-4253,Proprietary  ,18,72,90,35,100,135
03024900,TENNESSEE ACADEMY OF COSMETOLOGY        ,TN,38125-3442,Proprietary  ,14,38,52,29,53,82
03061100,GENESIS CAREER COLLEGE OF LEBANON       ,TN,37087-2718,Proprietary  ,27,89,116,32,97,129
03073400,ITT TECHNICAL INSTITUTE                 ,TN,37932-3343,Proprietary  ,511,1427,1938,694,1828,2522
03076405,HIGH-TECH INSTITUTE - MEMPHIS           ,TN,38134-7345,Proprietary  ,20,80,100,47,157,204
03079100,NORTH CENTRAL INSTITUTE                 ,TN,37042-3116,Proprietary  ,1,36,37,8,46,54
03088800,WATKINS INSTITUTE COLLEGE OF ART & DESIG,TN,37228-1306,Private      ,106,95,201,405,222,627
03126900,STYLES & PROFILES BEAUTY COLLEGE        ,TN,38375-2109,Proprietary  ,1,5,6,1,6,7
03149300,NEW DIRECTIONS HAIR ACADEMY             ,TN,37209-0000,Proprietary  ,19,57,76,28,71,99
03355400,RICHMONT GRADUATE UNIVERSITY            ,TN,37404-0000,Private      ,1,103,104,4,147,151
03440300,BAPTIST MEMORIAL COLLEGE OF HEALTH      ,TN,38104-3104,Private      ,157,388,545,666,1241,1907
03480303,MEDVANCE INSTITUTE - NASHVILLE          ,TN,37203-1536,Proprietary  ,43,206,249,70,273,343
03513500,WILLIAMSON CHRISTIAN COLLEGE            ,TN,37067-8237,Private      ,0,20,20,2,29,31
03647300,NEW CONCEPTS SCHOOL OF COSMETOLOGY      ,TN,37311-7373,Proprietary  ,3,15,18,7,20,27
03683300,INTERNATIONAL BARBER & STYLE COLLEGE    ,TN,37209-0000,Proprietary  ,8,15,23,17,43,60
03701300,MEMPHIS INSTITUTE OF BARBERING          ,TN,38107-4334,Proprietary  ,26,59,85,35,105,140
03774400,SHEAR ACADEMY                           ,TN,38555-4177,Proprietary  ,2,4,6,5,12,17
03830300,SAE INSTITUTE OF TECHNOLOGY             ,TN,37203-4310,Proprietary  ,51,84,135,118,147,265
03841300,CAREER BEAUTY COLLEGE                   ,TN,38464-3634,Proprietary  ,5,11,16,7,14,21
03920300,INSTITUTE OF HAIR DESIGN                ,TN,38310-1801,Proprietary  ,7,12,19,14,19,33
03930300,BUCHANAN BEAUTY COLLEGE                 ,TN,37160-2741,Proprietary  ,4,17,21,4,37,41
03982300,VISIBLE SCHOOL - MUSIC AND WORSHIPS ARTS,TN,38104-5814,Private      ,37,16,53,73,27,100
04025300,LAST MINUTE CUTS SCHOOL OF BARBERING AND,TN,38109-7709,Proprietary  ,4,4,8,9,18,27
04035300,NAVE COSMETOLOGY ACADEMY                ,TN,38401-6335,Proprietary  ,9,49,58,19,67,86
04124100,ELITE COLLEGE OF COSMETOLOGY            ,TN,38351-1431,Proprietary  ,12,22,34,17,34,51
00353700,ABILENE CHRISTIAN UNIVERSITY            ,TX,79699-3701,Private      ,1146,534,1680,3502,979,4481
00353900,ALVIN COMMUNITY COLLEGE                 ,TX,77511-4807,Public       ,382,701,1083,625,1173,1798
00354000,AMARILLO COLLEGE                        ,TX,79109-2446,Public       ,1157,2282,3439,2024,3785,5809
00354100,ANGELO STATE UNIVERSITY                 ,TX,76909-5069,Public       ,1584,838,2422,5150,1750,6900
00354300,AUSTIN COLLEGE                          ,TX,75090-4440,Private      ,494,62,556,1810,132,1942
00354400,AUSTIN PRESBYTERIAN THEOLOGICAL SEM     ,TX,78705-5797,Private      ,0,79,79,0,119,119
00354500,BAYLOR UNIVERSITY                       ,TX,76798-1458,Private      ,2834,1030,3864,16634,3550,20184
00354600,COASTAL BEND COLLEGE                    ,TX,78102-2197,Public       ,574,781,1355,1091,1337,2428
00354900,BLINN COLLEGE                           ,TX,77833-4098,Public       ,3490,1586,5076,6963,2623,9586
00355300,CISCO JUNIOR COLLEGE                    ,TX,76437-9803,Public       ,699,869,1568,1287,1370,2657
00355400,CLARENDON COLLEGE                       ,TX,79226-0000,Public       ,170,137,307,332,213,545
00355600,COMMONWEALTH INST OF FUNERAL SVC        ,TX,77090-5918,Private      ,13,80,93,30,108,138
00355700,CONCORDIA UNIVERSITY TEXAS              ,TX,78726-4141,Private      ,383,765,1148,1020,1241,2261
00355800,NORTH CENTRAL TEXAS COLLEGE             ,TX,76240-4699,Public       ,1015,1341,2356,1709,2231,3940
00356000,DALLAS BAPTIST UNIVERSITY               ,TX,75211-9299,Private      ,770,1408,2178,1981,2524,4505
00356100,CEDAR VALLEY COLLEGE                    ,TX,75134-0000,Public       ,618,1195,1813,1131,2044,3175
00356200,DALLAS THEOLOGICAL SEM                  ,TX,75204-0000,Private      ,3,242,245,14,433,447
00356300,DEL MAR COLLEGE                         ,TX,78404-3897,Public       ,1929,2696,4625,3353,4482,7835
00356400,EAST TEXAS BAPTIST UNIVERSITY           ,TX,75670-1423,Private      ,550,142,692,1215,245,1460
00356500,TEXAS A&M UNIVERSITY - COMMERCE         ,TX,75429-3011,Public       ,1274,2127,3401,3410,4097,7507
00356600,EPISCOPAL THEOL SEM OF THE STHWST       ,TX,78768-0000,Private      ,1,8,9,1,13,14
00356800,FRANK PHILLIPS COLLEGE                  ,TX,79008-0000,Public       ,160,162,322,263,271,534
00357000,GRAYSON COUNTY COLLEGE                  ,TX,75020-8299,Public       ,597,1233,1830,1005,1931,2936
00357100,HARDIN-SIMMONS UNIVERSITY               ,TX,79698-6050,Private      ,699,372,1071,2000,729,2729
00357200,TRINITY VALLEY COMMUNITY COLLEGE        ,TX,75751-2734,Public       ,729,1327,2056,1317,2209,3526
00357300,HILL COLLEGE                            ,TX,76645-2711,Public       ,289,350,639,530,592,1122
00357301,HILL COLLEGE                            ,TX,76031-0000,Public       ,231,577,808,386,933,1319
00357400,HOWARD COLLEGE                          ,TX,79720-0213,Public       ,420,754,1174,840,1300,2140
00357500,HOWARD PAYNE UNIVERSITY                 ,TX,76801-2715,Private      ,337,136,473,1103,272,1375
00357600,HOUSTON BAPTIST UNIVERSITY              ,TX,77074-3298,Private      ,905,760,1665,3471,1551,5022
00357700,HUSTON - TILLOTSON UNIVERSITY           ,TX,78702-2795,Private      ,363,234,597,771,417,1188
00357800,UNIVERSITY OF THE INCARNATE WORD        ,TX,78209-6398,Private      ,1258,1681,2939,3779,3375,7154
00357900,JACKSONVILLE COLLEGE                    ,TX,75766-4759,Private      ,82,47,129,141,76,217
00358000,KILGORE COLLEGE                         ,TX,75662-3299,Public       ,1010,1497,2507,1917,2383,4300
00358100,LAMAR UNIVERSITY-BEAUMONT               ,TX,77710-0042,Public       ,2462,2166,4628,5903,3844,9747
00358200,LAREDO COMMUNITY COLLEGE                ,TX,78040-4395,Public       ,1782,1678,3460,3638,2789,6427
00358300,LEE COLLEGE                             ,TX,77520-4796,Public       ,591,1291,1882,936,2040,2976
00358400,LETOURNEAU UNIVERSITY                   ,TX,75607-0000,Private      ,344,1306,1650,1408,2196,3604
00358500,LON MORRIS COLLEGE                      ,TX,75766-2900,Private      ,288,67,355,582,111,693
00358600,LUBBOCK CHRISTIAN UNIVERSITY            ,TX,79407-2099,Private      ,471,461,932,1047,815,1862
00358800,UNIVERSITY OF MARY HARDIN-BAYLOR        ,TX,76513-2599,Private      ,660,473,1133,2839,972,3811
00359000,MCLENNAN COMMUNITY COLLEGE              ,TX,76708-1498,Public       ,1445,2634,4079,2660,4215,6875
00359100,MCMURRY UNIVERSITY                      ,TX,79697-0001,Private      ,566,273,839,1527,488,2015
00359200,MIDWESTERN STATE UNIVERSITY             ,TX,76308-2099,Public       ,1310,1043,2353,3224,1970,5194
00359300,NAVARRO COLLEGE                         ,TX,75110-4818,Public       ,1291,1706,2997,2375,2681,5056
00359400,UNIVERSITY OF NORTH TEXAS               ,TX,76203-1370,Public       ,8034,6708,14742,20783,13434,34217
00359500,OBLATE SCHOOL OF THEOLOGY               ,TX,78216-0000,Private      ,2,6,8,4,15,19
00359600,ODESSA COLLEGE                          ,TX,79764-7127,Public       ,551,963,1514,966,1588,2554
00359800,OUR LADY OF THE LAKE UNIVERSITY         ,TX,78207-4689,Private      ,581,1011,1592,1702,1912,3614
00359900,UNIVERSITY OF TEXAS - PAN AMERICAN      ,TX,78541-2999,Public       ,3768,3156,6924,12702,7019,19721
00360000,PANOLA COLLEGE                          ,TX,75633-2397,Public       ,284,505,789,530,782,1312
00360100,PARIS JR COLLEGE                        ,TX,75460-6298,Public       ,572,1023,1595,1111,1670,2781
00360200,PAUL QUINN COLLEGE                      ,TX,75241-4398,Private      ,175,300,475,321,515,836
00360300,RANGER COLLEGE                          ,TX,76470-3298,Public       ,167,162,329,298,249,547
00360400,RICE UNIVERSITY                         ,TX,77251-1892,Private      ,796,577,1373,7606,1689,9295
00360600,SAM HOUSTON STATE UNIVERSITY            ,TX,77340-0000,Public       ,4181,2281,6462,11591,4689,16280
00360700,ALAMO CMTY CLG DISTRICT PROGRAM         ,TX,78207-0000,Public       ,172,234,406,338,425,763
00360800,ST PHILLIPS COLLEGE                     ,TX,78203-2098,Public       ,1790,3400,5190,3048,5471,8519
00360900,SAN JACINTO CLG-CENTRAL-NORTH-SOUTH     ,TX,77501-0000,Public       ,2561,3656,6217,4263,5741,10004
00361000,SCHREINER UNIVERSITY                    ,TX,78028-5697,Private      ,392,139,531,1206,312,1518
00361100,SOUTH PLAINS COLLEGE                    ,TX,79336-6504,Public       ,1717,1934,3651,3236,3183,6419
00361200,UNIV OF HOUSTON-DOWNTOWN                ,TX,77002-1001,Public       ,2119,3493,5612,4824,6756,11580
00361300,SOUTHERN METHODIST UNIVERSITY           ,TX,75275-0181,Private      ,1075,1703,2778,5406,4221,9627
00361400,SOUTHWEST TEXAS JR COLLEGE              ,TX,78801-6221,Public       ,846,1023,1869,1650,1727,3377
00361500,TEXAS STATE UNIVERSITY--SAN MARCOS      ,TX,78666-4602,Public       ,6593,4362,10955,21090,10351,31441
00361600,SOUTHWESTERN ASSEMBLIES OF GOD UNIV     ,TX,75165-2397,Private      ,529,391,920,1126,705,1831
00361700,SOUTHWESTERN BAPTIST THEOL SEMINARY     ,TX,76122-0000,Private      ,18,61,79,33,120,153
00361800,SOUTHWESTERN CHRISTIAN COLLEGE          ,TX,75160-3400,Private      ,79,42,121,129,60,189
00361900,SOUTHWESTERN ADVENTIST UNIVERSITY       ,TX,76059-1922,Private      ,209,149,358,458,264,722
00362000,SOUTHWESTERN UNIVERSITY                 ,TX,78626-6111,Private      ,200,42,242,2073,156,2229
00362100,ST EDWARDS UNIVERSITY                   ,TX,78704-0000,Private      ,1074,857,1931,4329,2032,6361
00362300,ST MARY'S UNIV OF SAN ANTONIO           ,TX,78228-8500,Private      ,584,811,1395,3319,2331,5650
00362400,STEPHEN F AUSTIN STATE UNIVERSITY       ,TX,75962-0001,Public       ,3675,1727,5402,10422,3125,13547
00362500,SUL ROSS STATE UNIVERSITY               ,TX,79832-0113,Public       ,500,707,1207,1202,1194,2396
00362600,TARRANT COUNTY COLLEGE                  ,TX,76102-6599,Public       ,4862,7540,12402,8834,13226,22060
00362700,TEMPLE COLLEGE                          ,TX,76504-7435,Public       ,739,1404,2143,1451,2596,4047
00362800,TEXARKANA COLLEGE                       ,TX,75599-0001,Public       ,615,1022,1637,1177,1648,2825
00363000,PRAIRIE VIEW A&M UNIVERSITY             ,TX,77446-2967,Public       ,3196,2297,5493,8442,4031,12473
00363100,TARLETON STATE UNIVERSITY               ,TX,76402-0000,Public       ,2038,1930,3968,4996,3763,8759
00363200,TEXAS A&M UNIVERSITY                    ,TX,77842-0000,Public       ,8042,2597,10639,30687,6451,37138
00363204,TEXAS A&M UNIVERSITY - GALVESTON        ,TX,77553-1675,Public       ,282,111,393,417,146,563
00363400,TEXAS STATE TECHNICAL CLG AT WACO       ,TX,76705-1695,Public       ,1103,1306,2409,1949,1967,3916
00363500,TEXAS CHIROPRACTIC COLLEGE              ,TX,77505-1699,Private      ,2,196,198,9,351,360
00363600,TEXAS CHRISTIAN UNIVERSITY              ,TX,76129-0001,Private      ,1786,943,2729,8099,2358,10457
00363700,JARVIS CHRISTIAN COLLEGE                ,TX,75765-1470,Private      ,295,90,385,475,165,640
00363800,TEXAS COLLEGE                           ,TX,75702-4500,Private      ,322,250,572,615,423,1038
00363900,TEXAS A&M UNIVERSITY-KINGSVILLE         ,TX,78363-8203,Public       ,1937,2083,4020,5227,3718,8945
00364100,TEXAS LUTHERAN UNIVERSITY               ,TX,78155-5999,Private      ,562,100,662,1643,204,1847
00364200,TEXAS SOUTHERN UNIVERSITY               ,TX,77004-4598,Public       ,3231,4155,7386,7450,8014,15464
00364300,TEXAS SOUTHMOST COLLEGE                 ,TX,78520-4992,Public       ,52,116,168,154,231,385
00364400,TEXAS TECH UNIVERSITY                   ,TX,79409-0000,Public       ,6005,3300,9305,18361,7086,25447
00364500,TEXAS WESLEYAN UNIVERSITY               ,TX,76105-1536,Private      ,400,1286,1686,986,3093,4079
00364600,TEXAS WOMAN'S UNIVERSITY                ,TX,76204-5587,Public       ,1548,3272,4820,4770,7823,12593
00364700,TRINITY UNIVERSITY                      ,TX,78212-7200,Private      ,477,178,655,3148,402,3550
00364800,TYLER JUNIOR COLLEGE                    ,TX,75701-3436,Public       ,2679,2482,5161,4844,4058,8902
00365100,UNIVERSITY OF DALLAS                    ,TX,75062-4799,Private      ,343,462,805,1710,883,2593
00365200,UNIVERSITY OF HOUSTON                   ,TX,77204-2010,Public       ,7625,7717,15342,22550,17386,39936
00365400,UNIVERSITY OF ST THOMAS                 ,TX,77006-4626,Private      ,425,471,896,1373,871,2244
00365600,UNIVERSITY OF TEXAS-ARLINGTON           ,TX,76019-0000,Public       ,4935,6450,11385,15065,14804,29869
00365800,UNIVERSITY OF TEXAS-AUSTIN              ,TX,78713-7758,Public       ,6497,4433,10930,36635,16790,53425
00365900,UT HEALTH CENTER-SAN ANTONIO            ,TX,78229-3900,Public       ,185,1078,1263,506,2628,3134
00366100,UNIVERSITY OF TEXAS-EL PASO             ,TX,79968-0629,Public       ,3275,3611,6886,10274,7968,18242
00366200,VICTORIA COLLEGE (THE)                  ,TX,77901-4494,Public       ,491,863,1354,887,1516,2403
00366300,WAYLAND BAPTIST UNIVERSITY              ,TX,79072-6998,Private      ,362,1140,1502,785,1941,2726
00366400,WEATHERFORD COLLEGE                     ,TX,76086-5699,Public       ,864,1006,1870,1488,1645,3133
00366500,WEST TEXAS A&M UNIVERSITY               ,TX,79016-0000,Public       ,1752,1355,3107,4159,2448,6607
00366800,WHARTON COUNTY JR COLLEGE               ,TX,77488-3298,Public       ,860,902,1762,1472,1440,2912
00366900,WILEY COLLEGE                           ,TX,75670-5199,Private      ,383,305,688,691,476,1167
00400300,CENTRAL TEXAS COLLEGE                   ,TX,76540-4199,Public       ,824,3388,4212,1495,6090,7585
00407221,NORTHWOOD UNIVERSITY                    ,TX,75104-0000,Private      ,226,258,484,500,508,1008
00445300,EL CENTRO COLLEGE                       ,TX,75202-0000,Public       ,1096,2564,3660,1971,4343,6314
00481102,EVEREST INSTITUTE - EVEREST COLLEGE     ,TX,76011-6750,Proprietary  ,81,395,476,99,448,547
00494800,TEXAS A&M UNIV SYSTEM HEALTH SCI CT     ,TX,77840-7896,Public       ,133,676,809,466,1465,1931
00494900,BAYLOR COLLEGE OF MEDICINE              ,TX,77030-0000,Private      ,54,399,453,201,1221,1422
00495100,UNIV OF TEXAS HEALTH SCIENCE CENTER     ,TX,77225-0000,Public       ,125,966,1091,323,2430,2753
00495200,UNIV OF TEXAS MEDICAL BRANCH            ,TX,77550-0000,Public       ,70,802,872,155,1772,1927
00497200,GALVESTON COLLEGE                       ,TX,77550-7447,Public       ,236,423,659,400,722,1122
00497700,SOUTH TEXAS COLLEGE OF LAW              ,TX,77002-0000,Private      ,12,820,832,28,1956,1984
00520307,REMINGTON COLLEGE - DALLAS CAMPUS       ,TX,75041-9935,Proprietary  ,24,76,100,64,133,197
00660600,BAPTIST HS SCHOOL OF HEALTH PROFESSIONS ,TX,78229-3234,Proprietary  ,66,294,360,109,578,687
00661200,COVENANT SCH OF NSG & ALLIED HEALTH     ,TX,79410-0000,Private      ,73,173,246,105,265,370
00666100,ANGELINA COLLEGE                        ,TX,75902-0000,Public       ,739,1159,1898,1351,1816,3167
00694100,DALLAS CHRISTIAN COLLEGE                ,TX,75234-7229,Private      ,89,125,214,174,206,380
00709600,COLLEGE OF THE MAINLAND                 ,TX,77591-2499,Public       ,323,802,1125,530,1252,1782
00728700,BRAZOSPORT COLLEGE                      ,TX,77566-3199,Public       ,399,534,933,637,837,1474
00732907,ITT TECHNICAL INSTITUTE                 ,TX,77063-3751,Proprietary  ,55,129,184,104,224,328
00754805,WESTWOOD COLLEGE OF TECHNOLOGY          ,TX,77074-0000,Proprietary  ,160,242,402,289,391,680
00758602,REMINGTON COLLEGE - FORT WORTH CAMPUS   ,TX,76112-1280,Proprietary  ,125,367,492,172,509,681
00835300,LINCOLN COLLEGE OF TECHNOLOGY           ,TX,75052-0000,Proprietary  ,454,558,1012,584,709,1293
00849800,MIMS CLASSIC BEAUTY COLLEGE             ,TX,78216-0000,Proprietary  ,12,23,35,16,32,48
00850300,MOUNTAIN VIEW COLLEGE                   ,TX,75211-6599,Public       ,967,1635,2602,1759,2854,4613
00850400,RICHLAND COLLEGE                        ,TX,75243-2199,Public       ,1395,2012,3407,2489,3453,5942
00851000,EASTFIELD COLLEGE                       ,TX,75150-2099,Public       ,1173,1953,3126,2022,3304,5326
00907905,EVEREST COLLEGE                         ,TX,75206-5209,Proprietary  ,155,603,758,204,843,1047
00908200,INTERNATIONAL BUSINESS COLLEGE          ,TX,79903-0000,Proprietary  ,33,122,155,63,166,229
00916300,SAN ANTONIO COLLEGE                     ,TX,78212-4299,Public       ,4346,6345,10691,7679,10635,18314
00922500,TEXAS STATE TECHNICAL COLLEGE  HARLINGEN,TX,78550-3697,Public       ,1047,1177,2224,2220,1960,4180
00946600,KAPLAN CAREER INSTITUTE                 ,TX,78216-1899,Proprietary  ,121,453,574,188,848,1036
00946607,SAN ANT COL OF MED & DENTAL - MCALLEN   ,TX,78503-1622,Proprietary  ,141,321,462,243,612,855
00946609,CAREER CENTERS OF TX - CORPUS CHRISTI   ,TX,78416-9900,Proprietary  ,55,325,380,96,618,714
00946610,KAPLAN CAREER INSTITUTE - CAREER CENTERS,TX,76103-2310,Proprietary  ,48,261,309,68,406,474
00954900,WESTERN TEXAS COLLEGE                   ,TX,79549-9501,Public       ,245,150,395,461,238,699
00965100,TEXAS A&M INTERNATIONAL UNIVERSITY      ,TX,78041-1900,Public       ,1081,1125,2206,3649,2185,5834
00974100,UNIVERSITY OF TEXAS AT DALLAS           ,TX,75083-0000,Public       ,2017,2951,4968,6311,5944,12255
00976800,UNIVERSITY OF NORTH TEXAS HEALTH SCIENCE,TX,76107-2699,Public       ,36,513,549,104,1372,1476
00979700,MIDLAND COLLEGE                         ,TX,79705-6397,Public       ,600,876,1476,1085,1483,2568
00982802,EVEREST INSTITUTE- AUSTIN               ,TX,78754-0000,Proprietary  ,99,563,662,126,634,760
00993000,UNIVERSITY OF TEXAS-PERMIAN BASIN       ,TX,79762-0001,Public       ,587,785,1372,1231,1327,2558
00993200,TEXAS STATE TECH CLG-WEST TEXAS         ,TX,79556-4108,Public       ,223,337,560,431,518,949
00993201,TEXAS STATE TECH COLLEGE-ABILENE        ,TX,79601-0000,Public       ,67,153,220,120,248,368
00993204,TEXAS STATE TECH CLG-BRECKENRIDGE       ,TX,76424-0000,Public       ,14,70,84,25,104,129
00993205,TEXAS STATE TECH COLLEGE-BROWNWOOD      ,TX,76801-0000,Public       ,36,126,162,65,196,261
01001900,UNIV OF TEXAS SOUTHWESTERN MED CTR      ,TX,75390-9096,Public       ,52,562,614,143,1547,1690
01005700,AMERICAN COMMERCIAL COLLEGE             ,TX,79602-1399,Proprietary  ,11,97,108,16,124,140
01005900,AMERICAN COMMERCIAL COLLEGE             ,TX,79761-0000,Proprietary  ,10,81,91,12,102,114
01005901,AMERICAN COMMERCIAL COLLEGE - AMERICAN C,TX,76310-2303,Proprietary  ,15,107,122,17,140,157
01006000,VERNON COLLEGE                          ,TX,76384-4092,Public       ,416,853,1269,748,1497,2245
01011500,UNIVERSITY OF TEXAS-SAN ANTONIO         ,TX,78249-0600,Public       ,6739,5365,12104,21714,11893,33607
01013000,WADE COLLEGE                            ,TX,75207-3199,Proprietary  ,91,71,162,133,133,266
01038700,EL PASO COMMUNITY COLLEGE               ,TX,79998-0000,Public       ,3875,4248,8123,9238,9008,18246
01050900,HALLMARK COLLEGE OF AERONAUTICS         ,TX,78214-0000,Proprietary  ,101,377,478,128,534,662
01062400,CENTRAL TEXAS COMMERCIAL COLLEGE        ,TX,75231-5033,Proprietary  ,8,21,29,13,37,50
01063300,HOUSTON COMMUNITY COLLEGE               ,TX,77002-0000,Public       ,5762,11455,17217,10634,20033,30667
01067400,TEXAS TECH U HEALTH SCIENCES CENTER     ,TX,79430-0000,Public       ,233,1176,1409,577,2466,3043
01076100,DALLAS INSTITUTE OF FUNERAL SERVICE     ,TX,75227-4314,Private      ,21,68,89,36,117,153
01114500,LONE STAR COLLEGE SYSTEM                ,TX,77073-3499,Public       ,2011,3498,5509,3628,5903,9531
01114501,LONE STAR COLLEGE-KINGWOOD              ,TX,77339-0000,Public       ,560,1105,1665,945,1794,2739
01114502,LONE STAR COLLEGE-TOMBALL               ,TX,77375-0000,Public       ,438,776,1214,770,1302,2072
01114503,LONE STAR COLLEGE-MONTGOMERY            ,TX,77384-0000,Public       ,668,1300,1968,1179,2178,3357
01114504,LONE STAR COLLEGE-CY-FAIR               ,TX,77433-1383,Public       ,955,1298,2253,1668,2230,3898
01116100,TEXAS A&M UNIV CORPUS CHRISTI           ,TX,78412-5599,Public       ,2239,1621,3860,6710,3307,10017
01116300,UNIVERSITY OF TEXAS AT TYLER            ,TX,75799-6699,Public       ,1285,1435,2720,3219,2694,5913
01171100,UNIVERSITY OF HOUSTON-CLEAR LAKE        ,TX,77058-1002,Public       ,562,2240,2802,1247,4256,5503
01201500,AUSTIN COMMUNITY COLLEGE                ,TX,78752-4390,Public       ,4374,7300,11674,9134,13544,22678
01202000,VICTORIA BEAUTY COLLEGE                 ,TX,77901-6233,Proprietary  ,14,26,40,21,34,55
01226800,BALDWIN BEAUTY SCHOOL #5                ,TX,78704-4785,Proprietary  ,37,67,104,55,116,171
01229700,LAREDO BEAUTY COLLEGE                   ,TX,78040-1051,Proprietary  ,33,91,124,46,117,163
01248200,ATI TECHNICAL TRAINING CENTER           ,TX,75235-4622,Proprietary  ,242,1005,1247,303,1486,1789
01248209,ATI CAREER TRAINING CENTER - GARLAND    ,TX,75041-2497,Proprietary  ,4,26,30,10,37,47
01248210,ATI CAREER TRAINING CENTER - WACO       ,TX,76711-1682,Proprietary  ,3,5,8,3,5,8
01248300,COSMETOLOGY CAREER CENTER               ,TX,75006-2566,Proprietary  ,64,79,143,87,114,201
01248800,INTERNATIONAL BEAUTY COLLEGE NO 3       ,TX,75040-0000,Proprietary  ,9,23,32,14,39,53
01276400,METROPLEX BEAUTY SCHOOL                 ,TX,75149-0000,Proprietary  ,11,40,51,14,50,64
01293000,CHARLES & SUE'S SCH OF HAIR DESIGN      ,TX,77801-0000,Proprietary  ,16,19,35,23,29,52
01293200,TINT SCHOOL OF MAKEUP & COSMETOLOGY     ,TX,75061-4235,Proprietary  ,6,28,34,8,33,41
01300300,NEILSON BEAUTY COLLEGE                  ,TX,75208-4637,Proprietary  ,8,26,34,13,51,64
01301600,OGLE SCHOOL HAIR SKIN NAILS             ,TX,76013-7400,Proprietary  ,42,89,131,59,121,180
01323100,UNIVERSITY OF HOUSTON-VICTORIA          ,TX,77901-5731,Public       ,164,973,1137,313,1730,2043
02058600,CONLEE'S COLLEGE OF COSMETOLOGY         ,TX,78028-0000,Proprietary  ,4,18,22,7,22,29
02069302,VATTEROTT COLLEGE - VATTEROTT EDUCATION ,TX,75220-5441,Proprietary  ,40,201,241,45,223,268
02074100,CAPITOL CITY TRADE & TECHNICAL SCH      ,TX,78704-0000,Proprietary  ,109,251,360,145,288,433
02077400,NORTH LAKE COLLEGE                      ,TX,75038-0000,Public       ,745,1232,1977,1400,2126,3526
02078100,STEPHENVILLE BEAUTY COLLEGE             ,TX,76401-0000,Proprietary  ,5,14,19,6,17,23
02081400,ARLINGTON BAPTIST COLLEGE               ,TX,76012-0000,Private      ,33,53,86,59,94,153
02093600,SOUTHWEST SCHOOL OF ELECTRONIC          ,TX,78735-0000,Proprietary  ,11,13,24,19,23,42
02098300,WESTERN TECHNICAL COLLEGE               ,TX,79927-2105,Proprietary  ,275,395,670,384,451,835
02100200,BROOKHAVEN COLLEGE                      ,TX,75244-0000,Public       ,750,1488,2238,1313,2613,3926
02113610,AMERICAN INTERCONTINENTAL UNIV - HOUSTON,TX,77042-4516,Proprietary  ,60,244,304,103,443,546
02116008,SANFORD-BROWN COLLEGE - HOUSTON         ,TX,77036-8507,Proprietary  ,157,482,639,202,694,896
02116012,SANFORD-BROWN INSTITUTE - HOUSTON NORTH ,TX,77008-1058,Proprietary  ,36,178,214,69,305,374
02117100,ART INSTITUTE OF HOUSTON                ,TX,77056-0000,Proprietary  ,928,786,1714,2096,1683,3779
02119200,COURT REPORTING INSTITUTE OF DALLAS     ,TX,75247-6913,Proprietary  ,42,338,380,56,521,577
02119202,COURT REPORTING INSTIUTE OF HOUSTON     ,TX,77040-6315,Proprietary  ,25,193,218,35,359,394
02128302,INSTITUTE FOR BUSINESS & TECHNOLOGY - LA,TX,78230-2520,Proprietary  ,35,119,154,51,159,210
02136800,AMERICAN COMMERCIAL COLLEGE             ,TX,76904-0000,Proprietary  ,14,87,101,27,108,135
02144800,VET TECH INSTITUTE OF HOUSTON           ,TX,77027-9881,Proprietary  ,62,80,142,92,116,208
02176100,PIPO ACADEMY OF HAIR DESIGN             ,TX,79903-0000,Proprietary  ,13,26,39,16,31,47
02200800,AMERICAN COMMERCIAL COLLEGE             ,TX,79411-0000,Proprietary  ,8,87,95,16,113,129
02218300,SOUTHWEST SCHOOL OF BUSINESS & TECHNICAL,TX,78221-0000,Proprietary  ,32,172,204,37,201,238
02218305,SOUTHWEST SCHOOL OF BUSINESS AND TECHNIC,TX,78501-6053,Proprietary  ,13,77,90,20,86,106
02218306,SOUTHWEST SCHOOL OF BUSINESS AND TECHNIC,TX,78413-2045,Proprietary  ,7,41,48,14,56,70
02224600,TRI-STATE BEAUTY SCHOOL #1              ,TX,79915-0000,Proprietary  ,52,153,205,59,161,220
02230500,OGLE SCHOOL HAIR SKIN NAILS             ,TX,76132-3638,Proprietary  ,91,188,279,102,226,328
02230600,OGLE SCHOOL HAIR SKIN NAILS             ,TX,76053-4650,Proprietary  ,20,62,82,24,76,100
02239100,CENTRAL TEXAS BEAUTY COLLEGE #2         ,TX,78664-4204,Proprietary  ,9,48,57,11,58,69
02248200,MILAN INSTITUTE OF COSMETOLOGY          ,TX,79103-0000,Proprietary  ,211,507,718,288,746,1034
02254800,TEXAS VOCATIONAL SCHOOLS                ,TX,77901-0000,Proprietary  ,16,50,66,20,58,78
02259400,AMBERTON UNIVERSITY                     ,TX,75041-0000,Private      ,9,75,84,17,145,162
02261300,EVEREST INSTITUTE                       ,TX,78213-3841,Proprietary  ,100,597,697,109,638,747
02261302,EVEREST INSTITUTE - HOUSTON GREENSPOINT ,TX,77060-3249,Proprietary  ,86,487,573,105,530,635
02261303,EVEREST INSTITUTE - HOUSTON HOBBY       ,TX,77087-2737,Proprietary  ,91,446,537,102,475,577
02267100,EXPOSITO SCHOOL OF HAIR DESIGN          ,TX,79109-0000,Proprietary  ,12,33,45,15,47,62
02276000,FRANKLIN BEAUTY SCHOOL #2               ,TX,77021-0000,Proprietary  ,11,29,40,18,47,65
02285900,UNIVERSITY OF COSMETOLOGY ARTS&SCI      ,TX,78504-0000,Proprietary  ,62,149,211,81,203,284
02294800,CAPITOL CITY CAREERS                    ,TX,78745-0000,Proprietary  ,16,38,54,22,59,81
02298501,EVEREST COLLEGE- FORT WORTH             ,TX,76137-2472,Proprietary  ,70,273,343,80,338,418
02305300,PARKER COLLEGE OF CHIROPRACTIC          ,TX,75229-0000,Private      ,24,444,468,47,1055,1102
02306700,FORT WORTH BEAUTY SCHOOL                ,TX,76116-3299,Proprietary  ,12,67,79,19,80,99
02312200,TEXAS SCHOOL OF BUSINESS                ,TX,77073-6032,Proprietary  ,79,259,338,122,426,548
02312201,TEXAS SCHOOL OF BUSINESS - SOUTHWEST CAM,TX,77057-0000,Proprietary  ,60,184,244,99,321,420
02312202,TEXAS SCHOOL OF BUSINESS - FRIENDSWOOD C,TX,77546-8938,Proprietary  ,26,199,225,38,300,338
02312203,TEXAS SCHOOL OF BUSINESS - EAST CAMPUS  ,TX,77029-1916,Proprietary  ,48,191,239,96,359,455
02313901,WESTWOOD COLLEGE - DALLAS               ,TX,75243-0000,Proprietary  ,182,345,527,384,719,1103
02315400,NORTHEAST TEXAS COMMUNITY COLLEGE       ,TX,75456-0000,Public       ,435,588,1023,765,905,1670
02318200,"KD STUDIO, ACTOR'S CONSERVATORY         ",TX,75207-2111,Proprietary  ,69,74,143,98,109,207
02320200,HOUSTON GRADUATE SCHOOL OF THEOLOGY     ,TX,77004-0000,Private      ,1,78,79,2,116,118
02326000,SAN ANTONIO BEAUTY COLLEGE NO 3         ,TX,78217-0000,Proprietary  ,9,37,46,17,49,66
02328600,ITT TECHNICAL INSTITUTE                 ,TX,76011-0000,Proprietary  ,160,437,597,214,536,750
02331200,BAPTIST MISSIONARY ASSN THEOL SEM       ,TX,75766-0000,Private      ,2,10,12,4,14,18
02331300,INTERACTIVE LEARNING SYSTEMS            ,TX,77502-1201,Proprietary  ,1,5,6,1,10,11
02331301,INTERACTIVE LEARNING SYSTEMS            ,TX,77081-0000,Proprietary  ,22,160,182,24,169,193
02331303,INTERACTIVE LEARNING SYSTEMS            ,TX,77502-0000,Proprietary  ,7,52,59,8,56,64
02331304,INTERACTIVE LEARNING SYSTEMS            ,TX,77060-0000,Proprietary  ,6,69,75,8,78,86
02341300,PALO ALTO COLLEGE                       ,TX,78224-0000,Public       ,1748,2266,4014,3112,3697,6809
02348500,LAMAR STATE COLLEGE-PORT ARTHUR         ,TX,77640-0000,Public       ,308,461,769,525,782,1307
02357700,ACADEMY OF HAIR DESIGN                  ,TX,77090-0000,Proprietary  ,38,54,92,51,75,126
02358200,LAMAR STATE COLLEGE-ORANGE              ,TX,77630-0000,Public       ,213,587,800,370,895,1265
02361400,COLLIN COUNTY COMMUNITY COLLEGE         ,TX,75071-0000,Public       ,1923,2682,4605,3425,4482,7907
02362000,UNIVERSAL TECHNICAL INSTITUTE           ,TX,77073-0000,Proprietary  ,2131,1075,3206,3900,1861,5761
02362800,AUSTIN GRADUATE SCHOOL OF THEOLOGY      ,TX,78752-1333,Private      ,3,17,20,6,35,41
02521200,ARLINGTON CAREER INSTITUTE              ,TX,75050-0000,Proprietary  ,18,215,233,27,250,277
02521800,SEGUIN BEAUTY SCHOOL                    ,TX,78155-0000,Proprietary  ,17,45,62,19,52,71
02521801,SEGUIN BEAUTY SCHOOL-NEW BRAUNFELS      ,TX,78130-7937,Proprietary  ,2,2,4,2,2,4
02527500,HOUSTON TRAINING SCHOOLS                ,TX,77020-0000,Proprietary  ,11,79,90,16,97,113
02530700,SEBRING CAREER SCHOOLS                  ,TX,77083-1510,Proprietary  ,0,12,12,3,16,19
02539600,ART INSTITUTE OF DALLAS                 ,TX,75231-5993,Proprietary  ,813,684,1497,1688,1297,2985
02548800,SOUTH TEXAS VO-TECH INSTITUTE           ,TX,78596-0000,Proprietary  ,236,645,881,274,750,1024
02548802,SOUTH TEXAS VOCATIONAL TECHNICAL INSTITU,TX,78520-8710,Proprietary  ,13,15,28,24,23,47
02549400,SOUTH TEXAS VO-TECH INSTITUTE           ,TX,78501-0000,Proprietary  ,336,832,1168,400,964,1364
02549402,SOUTH TEXAS VOCATIONAL TECHNICAL INSTITU,TX,78416-1141,Proprietary  ,6,18,24,20,24,44
02555400,UNIV OF TX MD ANDERSON CANCER CTR       ,TX,77030-0000,Public       ,29,95,124,63,178,241
02567200,OFFICE CAREER CENTER                    ,TX,76180-0000,Proprietary  ,0,2,2,0,2,2
02568100,TEXAS BARBER COLLEGES & HAIRSTYLING     ,TX,75208-0000,Proprietary  ,104,418,522,140,594,734
02569300,TEXAS CULINARY ACADEMY                  ,TX,78758-3403,Proprietary  ,655,1835,2490,1096,2940,4036
02572000,COMPUTER CAREER CENTER                  ,TX,79925-2021,Proprietary  ,47,198,245,62,232,294
02572004,COMPUTER CAREER CENTER - AMARILLO CAMPUS,TX,79101-2404,Proprietary  ,13,94,107,17,115,132
02572005,COMPUTER CAREER CENTER - LUBBOCK CAMPUS ,TX,79414-3517,Proprietary  ,2,55,57,5,59,64
02572100,"CAREER ACADEMY, INC.                    ",TX,75501-0000,Proprietary  ,0,0,0,0,2,2
02580100,IVERSON BUSINESS SCH & COURT REPORT     ,TX,76011-1344,Proprietary  ,32,133,165,46,235,281
02591100,CAREER POINT INSTITUTE                  ,TX,78201-2027,Proprietary  ,120,734,854,177,1098,1275
02591900,CAREER CENTERS OF TEXAS - EL PASO       ,TX,79907-1525,Proprietary  ,188,520,708,288,753,1041
02591905,CAREER CENTERS OF TEXAS-BROWNSVILLE     ,TX,78521-9905,Proprietary  ,96,224,320,159,359,518
02596400,REDSTONE COLLEGE - LOS ANGELES          ,TX,77061-0000,Proprietary  ,36,61,97,149,205,354
02596500,ATI CAREER TRAINING CENTER              ,TX,76180-1599,Proprietary  ,277,859,1136,416,1417,1833
02596600,ATI-CAREER TRAINING CENTER              ,TX,75220-4443,Proprietary  ,273,1064,1337,343,1425,1768
02596601,ATI CAREER TRAINING CENTER - RICHARDSON ,TX,75081-6745,Proprietary  ,9,34,43,15,64,79
02596602,ATI CAREER TRAINING CENTER - DALLAS (STE,TX,75247-6103,Proprietary  ,27,86,113,45,137,182
02600200,OCEAN CORPORATION (THE)                 ,TX,77099-3479,Proprietary  ,36,217,253,70,322,392
02604700,CENTER FOR ADVANCED LEGAL STUDIES       ,TX,77098-4151,Proprietary  ,5,65,70,9,112,121
02606202,EVEREST COLLEGE - EVEREST INSTITUTE - BI,TX,77036-8014,Proprietary  ,113,445,558,136,498,634
02615000,SANFORD-BROWN INSTITUTE                 ,TX,75247-6931,Proprietary  ,206,837,1043,301,1332,1633
03009400,SW SCH BUS & TECH CAREERS               ,TX,78212-2840,Proprietary  ,5,12,17,9,16,25
03010604,VIRGINIA COLLEGE - VIRGINIA COLLEGE AT A,TX,78723-0000,Proprietary  ,111,565,676,159,803,962
03011800,UNIVERSITY OF COSMETOLOGY ARTS & SCIENCE,TX,78226-1160,Proprietary  ,10,29,39,18,53,71
03019800,PCI HEALTH TRAINING CENTER              ,TX,75247-4720,Proprietary  ,120,298,418,151,402,553
03021500,SW SCH BUS & TECH CAREERS               ,TX,78852-4859,Proprietary  ,14,21,35,37,49,86
03025000,TEXAS COLLEGE OF COSMETOLOGY            ,TX,79605-2001,Proprietary  ,29,94,123,39,111,150
03026500,REMINGTON COLLEGE - HOUSTON CAMPUS      ,TX,77082-1849,Proprietary  ,264,699,963,346,967,1313
03026501,REMINGTON COLLEGE - NORTH HOUSTON CAMPUS,TX,77067-1849,Proprietary  ,21,69,90,48,136,184
03028800,CIRCLE J BEAUTY SCHOOL                  ,TX,77587-3714,Proprietary  ,23,89,112,25,90,115
03031408,INTERNATIONAL ACADEMY OF DESIGN AND TECH,TX,78229-2263,Proprietary  ,103,172,275,167,294,461
03032300,SCHOOL OF AUTOMOTIVE MACHINISTS         ,TX,77055-1803,Proprietary  ,24,45,69,51,75,126
03035200,TINT SCHOOL OF MAKEUP & COSMETOLOGY     ,TX,75229-3734,Proprietary  ,17,85,102,23,90,113
03035300,SOUTHERN CAREERS INSTITUTE              ,TX,78704-5252,Proprietary  ,177,655,832,213,893,1106
03035301,SOUTHERN CAREERS INSTITUTE              ,TX,78577-0000,Proprietary  ,91,245,336,112,353,465
03035302,SOUTHERN CAREERS INSTITUTE - CORPUS CHRI,TX,78414-2904,Proprietary  ,35,139,174,53,217,270
03035303,SOUTHERN CAREERS INSTITUTE - #1         ,TX,78221-4351,Proprietary  ,84,379,463,99,439,538
03035305,SOUTHERN CAREERS INSTITUTE - BROWNSVILLE,TX,78520-8680,Proprietary  ,2,5,7,2,5,7
03035306,SOUTHERN CAREERS INSTITUTE - HARLINGEN  ,TX,78550-7911,Proprietary  ,7,19,26,7,19,26
03035307,SOUTHERN CAREERS INSTITUTE - CORPUS CHRI,TX,78410-1609,Proprietary  ,5,4,9,5,4,9
03061800,STAR COLLEGE OF COSMETOLOGY             ,TX,75702-8214,Proprietary  ,19,39,58,30,70,100
03064600,UNIVERSITY OF TEXAS AT BROWNSVILLE      ,TX,78520-4993,Public       ,2159,2802,4961,6049,5531,11580
03071400,ITT TECHNICAL INSTITUTE                 ,TX,78249-3303,Proprietary  ,120,336,456,187,414,601
03075400,ICC TECHNICAL INSTITUTE                 ,TX,77004-2930,Private      ,7,11,18,18,32,50
03076403,HIGH-TECH INSTITUTE - DALLAS            ,TX,75038-4201,Proprietary  ,8,44,52,24,75,99
03079201,WESTWOOD COLLEGE OF TECHNOLOGY          ,TX,76180-0000,Proprietary  ,99,194,293,153,375,528
03103400,SOUTH TEXAS COLLEGE                     ,TX,78501-6699,Public       ,3590,4242,7832,8019,7297,15316
03104700,TEXAS COLLEGE OF COSMETOLOGY            ,TX,76903-4708,Proprietary  ,19,83,102,21,92,113
03108700,ROYAL BEAUTY CAREERS                    ,TX,77069-4611,Proprietary  ,60,191,251,66,211,277
03111000,MID-CITIES BARBER COLLEGE               ,TX,75051-4810,Proprietary  ,7,36,43,12,44,56
03115800,TEXAS CAREERS                           ,TX,78238-4203,Proprietary  ,88,524,612,123,885,1008
03115802,TEXAS CAREERS - LAREDO                  ,TX,78041-6181,Proprietary  ,50,151,201,83,251,334
03115803,TEXAS CAREERS - BEAUMONT                ,TX,77701-3706,Proprietary  ,63,197,260,91,329,420
03115804,TEXAS CAREERS - LUBBOCK                 ,TX,79401-2601,Proprietary  ,63,270,333,84,390,474
03128100,ACADEMY OF HEALTH CARE PROFESSIONS      ,TX,77092-8108,Proprietary  ,68,292,360,89,353,442
03144300,NATIONAL BEAUTY COLLEGE                 ,TX,75043-4046,Proprietary  ,7,10,17,8,11,19
03153300,AMER COLL OF ACUPUNCTURE & O.M.         ,TX,77063-4104,Proprietary  ,0,34,34,0,55,55
03156400,ACADEMY OF ORIENTAL MEDICINE AT AUSTIN  ,TX,78757-1132,Proprietary  ,0,120,120,3,171,174
03159300,ARLINGTON MEDICAL INSTITUTE             ,TX,76011-2645,Proprietary  ,16,74,90,34,120,154
03170300,TEXAS A&M UNIVERSITY-TEXARKANA          ,TX,75501-0000,Public       ,124,439,563,266,795,1061
03179500,TEXAS COLG TRADITIONAL CHINESE MED      ,TX,78704-6748,Proprietary  ,2,30,32,2,76,78
03189400,COLLEGE OF SAINT THOMAS MORE            ,TX,76109-2323,Private      ,5,7,12,18,15,33
03237400,FARIS COMPUTER SCHOOL                   ,TX,77627-3829,Proprietary  ,0,7,7,1,7,8
03272300,KAPLAN COLLEGE                          ,TX,75234-7288,Proprietary  ,24,136,160,38,249,287
03272301,KAPLAN COLLEGE - MIDLAND                ,TX,79703-5531,Proprietary  ,38,217,255,63,374,437
03275300,TOUCH OF CLASS SCHOOL OF COSM           ,TX,75402-6314,Proprietary  ,12,36,48,14,45,59
03276300,ACADEMY OF HAIR DESIGN                  ,TX,75901-4900,Proprietary  ,7,38,45,8,50,58
03277300,ACADEMY OF HAIR DESIGN                  ,TX,77701-4650,Proprietary  ,5,14,19,9,19,28
03303300,NORTHWEST EDUCATIONAL CENTER            ,TX,77092-7055,Proprietary  ,16,113,129,19,124,143
03371300,TONI&GUY HAIRDRESSING ACADEMY           ,TX,75006-2351,Proprietary  ,34,61,95,62,89,151
03372300,NORTHWEST VISTA COLLEGE                 ,TX,78251-4217,Public       ,2689,2603,5292,4823,4543,9366
03396500,TEXAS STATE TECHNICAL COLG/MARSHALL     ,TX,75672-7402,Public       ,150,189,339,260,281,541
03400300,CAREER QUEST                            ,TX,78229-3539,Proprietary  ,22,220,242,26,277,303
03412300,ADVANCED BARBER COLLEGE & HAIR DESI     ,TX,78596-0000,Proprietary  ,10,22,32,11,25,36
03416500,DALLAS NURSING INSTITUTE                ,TX,75243-5502,Proprietary  ,63,589,652,105,899,1004
03422300,MILAN INSTITUTE                         ,TX,78238-3327,Proprietary  ,150,281,431,234,439,673
03422400,COLLEGE OF BIBLICAL STUDIES-HOUSTON     ,TX,77036-3211,Private      ,21,203,224,38,333,371
03424400,MEDVANCE INSTITUTE                      ,TX,77057-7386,Proprietary  ,84,453,537,89,473,562
03424401,MEDVANCE INSTITUTE -                    ,TX,77060-3551,Proprietary  ,8,40,48,10,54,64
03426300,CAREER ADVANCEMENT CENTER               ,TX,78752-1470,Proprietary  ,10,72,82,14,114,128
03480304,MEDVANCE INSTITUTE OF BATON ROUGE - GRAN,TX,75050-2342,Proprietary  ,39,207,246,47,228,275
03509400,CORYELL COSMETOLOGY COLLEGE             ,TX,76528-2036,Proprietary  ,0,6,6,1,7,8
03520300,LUBBOCK HAIR ACADEMY                    ,TX,79410-3524,Proprietary  ,6,23,29,14,34,48
03542300,CONCORDE CAREER INSTITUTE               ,TX,76011-4016,Proprietary  ,87,382,469,137,726,863
03551400,STATE BEAUTY ACADEMY                    ,TX,75116-3501,Proprietary  ,3,21,24,3,23,26
03556400,KUSSAD INSTITUTE OF COURT REPORTING     ,TX,78704-5712,Proprietary  ,1,13,14,1,22,23
03563300,ACADEMY OF COSEMTOLOGY                  ,TX,78745-2858,Proprietary  ,0,0,0,9,10,19
03573300,AVIATION INSTITUTE OF MAINTENANCE       ,TX,75209-3017,Proprietary  ,60,309,369,104,506,610
03610300,MJ'S BEAUTY ACADEMY INC                 ,TX,75224-4409,Proprietary  ,1,6,7,7,11,18
03612400,VALLEY GRANDE INSTITUTE FOR ACADEMI     ,TX,78596-0000,Private      ,46,205,251,57,245,302
03627300,LAMAR INSTITUTE OF TECHNOLOGY           ,TX,77705-4142,Public       ,545,737,1282,948,1305,2253
03676400,HEALTHY HAIR ACADEMY                    ,TX,75227-0000,Proprietary  ,16,51,67,19,57,76
03680300,JAY'S TECHNICAL INSTITUTE               ,TX,77031-3509,Proprietary  ,11,76,87,15,112,127
03682400,DALLAS BARBER & STYLIST COLLEGE         ,TX,75231-0000,Proprietary  ,16,72,88,32,105,137
03714300,TREND BARBER COLLEGE                    ,TX,77071-2104,Proprietary  ,18,107,125,31,154,185
03723300,CULINARY INST ALAIN & MARIE LENOTRE     ,TX,77022-4322,Proprietary  ,41,77,118,63,115,178
03727600,CULINARY ACADEMY OF AUSTIN              ,TX,78752-0000,Proprietary  ,39,37,76,83,79,162
03733300,BAPTIST UNIVERSITY OF THE AMERICAS      ,TX,78224-1336,Private      ,19,83,102,35,121,156
03756300,ANAMARC EDUCATIONAL INSTITUTE           ,TX,79930-6230,Proprietary  ,24,242,266,44,302,346
03885400,COMPUTER LABS                           ,TX,79906-5924,Proprietary  ,0,0,0,2,1,3
03885700,HOUSTON'S TRAINING AND EDUCATION CENTER ,TX,77036-2021,Proprietary  ,3,20,23,6,31,37
03922300,SOUTH TEXAS BARBER COLLEGE              ,TX,78415-3463,Proprietary  ,6,12,18,10,18,28
03944400,PROFESSIONAL CAREERS INSTITUTE          ,TX,77036-2252,Proprietary  ,2,24,26,4,33,37
03970300,HANDS ON THERAPY                        ,TX,75149-2294,Proprietary  ,10,63,73,17,83,100
03987300,TEXAS HEALTH SCHOOL                     ,TX,77079-2106,Proprietary  ,15,50,65,28,78,106
04036300,SOUTHEAST TEXAS CAREER INSTITUTE        ,TX,77656-8601,Proprietary  ,7,23,30,10,31,41
04045300,NORTHWEST BEAUTY SCHOOL                 ,TX,77091-1208,Proprietary  ,8,25,33,9,34,43
04045400,MAI-TRIX BEAUTY COLLEGE                 ,TX,77040-0000,Proprietary  ,10,34,44,15,39,54
04089400,CCI TRAINING CENTER                     ,TX,76011-4857,Proprietary  ,6,88,94,12,116,128
04117900,CHAMPION BEAUTY COLLEGE                 ,TX,77069-4611,Proprietary  ,10,41,51,18,64,82
04125400,ACADEMY AT AUSTIN (THE)                 ,TX,78660-3287,Proprietary  ,29,58,87,37,77,114
04125500,MANUEL AND THERESA'S SCHOOL OF HAIR DESI,TX,77803-3236,Proprietary  ,2,5,7,3,10,13
04129800,MEDIATECH INSTITUTE DALLAS              ,TX,75039-3105,Proprietary  ,62,78,140,87,128,215
04129801,MEDIATECH INSTITUTE AUSTIN              ,TX,78704-8933,Proprietary  ,37,41,78,62,63,125
04129802,MEDIATECH INSTITUTE HOUSTON             ,TX,77042-4712,Proprietary  ,36,53,89,59,93,152
04131700,SOUTHWEST CAREER COLLEGE                ,TX,79925-6230,Proprietary  ,71,373,444,76,382,458
04136500,PCCENTER                                ,TX,75115-4214,Proprietary  ,3,23,26,3,26,29
04142300,AVEDA INSTITUTE SAN ANTONIO             ,TX,78215-1260,Proprietary  ,41,74,115,66,114,180
04146600,360 DEGREES BEAUTY ACADEMY              ,TX,77084-2714,Proprietary  ,11,31,42,16,37,53
04146800,SOUTH TEXAS TRAINING CENTER             ,TX,78586-7721,Proprietary  ,0,7,7,0,7,7
00367000,BRIGHAM YOUNG UNIVERSITY                ,UT,84602-8406,Private      ,3579,5144,8723,8823,8624,17447
00367100,DIXIE STATE COLLEGE OF UTAH             ,UT,84770-3876,Public       ,888,1250,2138,1744,2004,3748
00367200,LDS BUSINESS COLLEGE                    ,UT,84101-3500,Private      ,153,188,341,341,297,638
00367400,STEVENS HENAGER COLLEGE                 ,UT,84401-1420,Proprietary  ,420,2997,3417,447,3160,3607
00367500,UNIVERSITY OF UTAH                      ,UT,84112-9055,Public       ,2161,4443,6604,7189,10822,18011
00367600,COLLEGE OF EASTERN UTAH                 ,UT,84501-2699,Public       ,262,278,540,525,440,965
00367700,UTAH STATE UNIVERSITY                   ,UT,84322-1400,Public       ,2114,3270,5384,5363,6233,11596
00367800,SOUTHERN UTAH UNIVERSITY                ,UT,84720-2470,Public       ,1140,1091,2231,2666,1818,4484
00367900,SNOW COLLEGE                            ,UT,84627-1299,Public       ,694,275,969,1338,445,1783
00368000,WEBER STATE UNIVERSITY                  ,UT,84408-1136,Public       ,1427,3325,4752,3291,6662,9953
00368100,WESTMINSTER COLLEGE                     ,UT,84105-3697,Private      ,597,701,1298,1750,1182,2932
00402700,UTAH VALLEY UNIVERSITY                  ,UT,84058-5999,Public       ,2310,4941,7251,4360,8330,12690
00522000,SALT LAKE COMMUNITY COLLEGE             ,UT,84123-0000,Public       ,1931,4637,6568,3367,7461,10828
00943300,SHERMAN KENDALL'S ACADEMY OF BEAUTY     ,UT,84106-1836,Proprietary  ,10,18,28,14,26,40
01009800,NEUMONT UNIVERSITY                      ,UT,84095-0000,Proprietary  ,97,44,141,310,85,395
01116500,UINTAH BASIN APPLIED TECHNOLOGY CLG     ,UT,84066-0000,Public       ,1,25,26,3,40,43
01116600,UTAH CAREER COLLEGE                     ,UT,84088-4021,Proprietary  ,205,765,970,238,972,1210
02078800,SHERMAN KENDALL'S ACADEMY OF BEAUTY     ,UT,84047-0000,Proprietary  ,9,20,29,13,23,36
02115400,BRIDGERLAND APPLIED TECHNOLOGY COLLEGE  ,UT,84321-0000,Public       ,73,213,286,117,358,475
02156600,DAVIS APPLIED TECHNOLOGY COLLEGE        ,UT,84037-0000,Public       ,71,446,517,122,725,847
02178500,EAGLE GATE COLLEGE                      ,UT,84123-0000,Proprietary  ,89,566,655,111,706,817
02270800,AMERITECH COLLEGE                       ,UT,84604-6927,Proprietary  ,16,77,93,26,101,127
02270802,AMERITECH COLLEGE - DRAPER              ,UT,84020-6545,Proprietary  ,7,52,59,8,83,91
02298500,EVEREST COLLEGE                         ,UT,84119-2668,Proprietary  ,41,342,383,57,448,505
02346500,OGDEN-WEBER APPLIED TECHNOLOGY COLG     ,UT,84404-0000,Public       ,85,479,564,132,742,874
02360800,PROVO COLLEGE                           ,UT,84601-0000,Proprietary  ,103,348,451,132,451,583
02361000,ITT TECHNICAL INSTITUTE                 ,UT,84123-0000,Proprietary  ,51,309,360,66,355,421
02504000,MARINELLO SCHOOL OF BEAUTY              ,UT,84041-0000,Proprietary  ,27,56,83,30,67,97
02516100,MARINELLO SCHOOL OF BEAUTY              ,UT,84405-1501,Proprietary  ,11,36,47,13,46,59
02531800,VON CURTIS ACADEMY OF HAIR DESIGN       ,UT,84606-0000,Proprietary  ,188,199,387,284,269,553
02556800,HAIRITAGE COLLEGE OF BEAUTY             ,UT,84117-7204,Proprietary  ,24,41,65,28,43,71
02557700,PREMIER HAIR ACADEMY                    ,UT,84120-3603,Proprietary  ,4,17,21,5,32,37
02572700,EVANS HAIRSTYLING COLLEGE               ,UT,84770-0000,Proprietary  ,4,11,15,9,19,28
02572800,VISTA COLLEGE                           ,UT,84015-0000,Proprietary  ,11,49,60,16,75,91
02572801,CERTIFIED CAREERS INSTITUTE             ,UT,84015-0000,Proprietary  ,0,0,0,1,3,4
02572802,VISTA COLLEGE - SALT LAKE CITY          ,UT,84119-1458,Proprietary  ,1,10,11,2,15,17
02573100,EVANS HAIRSTYLING COLLEGE               ,UT,84720-0000,Proprietary  ,6,21,27,13,28,41
02612200,MARINELLO SCHOOL OF BEAUTY              ,UT,84604-1585,Proprietary  ,15,25,40,27,36,63
03030600,UTAH COLLEGE OF MASSAGE THERAPY         ,UT,84111-1606,Proprietary  ,177,286,463,214,370,584
03030601,UTAH CLG OF MASSAGE THER-PROVO CMPS     ,UT,84042-0000,Proprietary  ,23,78,101,29,95,124
03082100,MYOTHERAPY COLLEGE OF UTAH              ,UT,84115-2522,Proprietary  ,7,23,30,13,35,48
03108200,ECHELON EDGE ACADEMY OF HAIR SKIN & NAIL,UT,84070-2004,Proprietary  ,1,5,6,3,9,12
03110400,HAIRITAGE HAIR ACADEMY                  ,UT,84770-5233,Proprietary  ,10,20,30,14,36,50
03339400,WESTERN GOVERNORS UNIVERSITY            ,UT,84107-2533,Private      ,130,5414,5544,226,9149,9375
03413300,MOUNTAINLAND APPLIED TECHNOLOGY COLLEGE ,UT,84058-5857,Public       ,36,87,123,50,140,190
03463300,CAREERS UNLIMITED                       ,UT,84058-0000,Proprietary  ,25,35,60,40,87,127
03617300,HEALING MOUNTAIN MASSAGE SCHOOL         ,UT,84111-3232,Proprietary  ,4,25,29,8,35,43
03829500,SKINWORKS SCHOOL OF ADVANCED SKINCARE   ,UT,84115-0000,Proprietary  ,1,27,28,2,33,35
03838300,OGDEN INSTITUTE OF MASSAGE THERAPY      ,UT,84403-0000,Proprietary  ,0,6,6,1,13,14
03902300,RENAISSANCE SCHOOL OF THERAPEUTIC MASSAG,UT,84010-2835,Proprietary  ,2,6,8,3,7,10
03909300,MAXIMUM STYLE TEC SCHOOL OF COSMETOLOGY ,UT,84323-4679,Proprietary  ,12,15,27,18,29,47
03921300,CAMEO COLLEGE OF ESSENTIAL BEAUTY       ,UT,84115-0000,Proprietary  ,17,61,78,24,84,108
04054300,SOUTHWEST APPLIED TECHNOLOGY COLLEGE    ,UT,84720-6608,Public       ,9,45,54,11,66,77
04072300,DALLAS ROBERTS ACADEMY OF HAIR DESIGN & ,UT,84604-1008,Proprietary  ,14,21,35,21,33,54
04118100,IMAGEWORKS ACADEMY OF HAIR DESIGN       ,UT,84660-1210,Proprietary  ,2,13,15,3,13,16
04121700,DIXIE APPLIED TECHNOLOGY COLLEGE        ,UT,84770-3025,Public       ,55,60,115,123,103,226
04142100,SKIN INSTITUTE (THE)                    ,UT,84770-6452,Proprietary  ,6,13,19,6,13,19
04145500,SKIN SCIENCE INSTITUTE (THE)            ,UT,84115-0000,Proprietary  ,14,29,43,20,50,70
00368200,BENNINGTON COLLEGE                      ,VT,05201-6001,Private      ,177,52,229,1024,245,1269
00368300,CASTLETON STATE COLLEGE                 ,VT,05735-0000,Public       ,456,140,596,2714,365,3079
00368400,CHAMPLAIN COLLEGE                       ,VT,05401-3950,Private      ,350,287,637,3126,718,3844
00368402,WOODBURY COLLEGE                        ,VT,05602-0000,Private      ,0,15,15,0,31,31
00368500,COLLEGE OF ST JOSEPH                    ,VT,05701-3899,Private      ,28,96,124,147,209,356
00368600,GODDARD COLLEGE                         ,VT,05667-0000,Private      ,17,367,384,48,712,760
00368700,GREEN MOUNTAIN COLLEGE                  ,VT,05764-1199,Private      ,238,66,304,1107,158,1265
00368800,JOHNSON STATE COLLEGE                   ,VT,05656-9898,Public       ,286,326,612,1365,710,2075
00368900,LYNDON STATE COLLEGE                    ,VT,05851-0919,Public       ,227,73,300,1541,277,1818
00369000,MARLBORO COLLEGE                        ,VT,05344-0300,Private      ,71,21,92,487,58,545
00369100,MIDDLEBURY COLLEGE                      ,VT,05753-0000,Private      ,506,138,644,3575,411,3986
00369106,MIDDLEBURY COLLEGE - BREAD LOAF SCHOOL O,VT,05753-0000,Private      ,0,15,15,11,101,112
00369200,NORWICH UNIVERSITY                      ,VT,05663-1035,Private      ,355,583,938,2510,1184,3694
00369300,SOUTHERN VERMONT COLLEGE                ,VT,05201-6002,Private      ,79,52,131,518,135,653
00369400,ST MICHAELS COLLEGE                     ,VT,05439-0001,Private      ,393,39,432,3122,137,3259
00369600,UNIVERSITY OF VERMONT                   ,VT,05405-0160,Public       ,706,425,1131,17369,2729,20098
00369700,VERMONT COLLEGE OF FINE ARTS            ,VT,05602-3128,Private      ,1,7,8,1,7,8
00369800,VERMONT TECHNICAL COLLEGE               ,VT,05061-0000,Public       ,226,210,436,1045,654,1699
00857500,SALON PROFESSIONAL ACADEMY (THE)        ,VT,05495-4001,Proprietary  ,19,23,42,47,43,90
00865800,O'BRIENS AVEDA INSTITUTE                ,VT,05403-7747,Proprietary  ,10,11,21,17,23,40
00886000,SIT                                     ,VT,05301-4801,Private      ,8,149,157,14,431,445
01116700,COMMUNITY COLLEGE OF VERMONT            ,VT,05676-1552,Public       ,498,1354,1852,1000,2286,3286
01193400,VERMONT LAW SCHOOL                      ,VT,05068-0000,Private      ,1,160,161,3,1012,1015
01218300,BURLINGTON COLLEGE                      ,VT,05401-8477,Private      ,35,36,71,149,92,241
02143500,STERLING COLLEGE                        ,VT,05827-0000,Private      ,38,4,42,152,21,173
02254000,NEW ENGLAND CULINARY INSTITUTE          ,VT,05602-0000,Proprietary  ,133,129,262,374,265,639
02532600,LANDMARK COLLEGE                        ,VT,05346-0000,Private      ,126,17,143,343,45,388
03708300,BURLINGTON TECHNICAL CENTER             ,VT,05401-2721,Public       ,0,4,4,14,9,23
04146900,ADVANCED WELDING INSTITUTE              ,VT,05403-0000,Proprietary  ,3,1,4,3,1,4
00392800,CASPER COLLEGE                          ,WY,82601-4612,Public       ,372,505,877,895,843,1738
00392900,EASTERN WYOMING COLLEGE                 ,WY,82240-1603,Public       ,114,94,208,309,169,478
00393000,SHERIDAN COLLEGE                        ,WY,82801-9133,Public       ,222,340,562,616,593,1209
00393100,NORTHWEST COLLEGE                       ,WY,82435-1895,Public       ,251,206,457,686,341,1027
00393200,UNIVERSITY OF WYOMING                   ,WY,82071-3663,Public       ,1338,1314,2652,5216,3244,8460
00393300,WESTERN WYOMING COMMUNITY COLLEGE       ,WY,82902-0000,Public       ,236,332,568,587,602,1189
00728900,CENTRAL WYOMING COLLEGE                 ,WY,82501-0000,Public       ,130,246,376,339,459,798
00915700,WYOMING TECHNICAL INSTITUTE             ,WY,82072-9519,Proprietary  ,1014,491,1505,1780,701,2481
00925900,LARAMIE COUNTY COMMUNITY CLG            ,WY,82007-3299,Public       ,348,554,902,948,1238,2186
02211900,CHEEKS INTERNATIONAL ACDMY              ,WY,82001-0000,Proprietary  ,17,49,66,21,67,88
00393500,UNIV OF GUAM                            ,GU,96923-0000,Public       ,816,559,1375,1272,941,2213
01536100,GUAM COMMUNITY COLLEGE                  ,GU,96921-0000,Public       ,352,448,800,480,706,1186
03438300,PACIFIC ISLANDS BIBLE COLLEGE           ,GU,96913-2619,Private      ,12,21,33,16,24,40
00393600,PONTIFICAL CATHOLIC UNIV OF PR          ,PR,00717-0777,Private      ,2895,1912,4807,4187,2810,6997
00393700,UNIVERSITY OF THE SACRED HEART          ,PR,00914-0383,Private      ,2022,1055,3077,2453,1259,3712
00393800,INTER-AMER UNIV PR-CNTRL ADMN           ,PR,00936-0000,Private      ,1516,3108,4624,1686,3534,5220
00393801,INTER-AMER UNIV PR SCHL LAW             ,PR,00936-8351,Private      ,11,192,203,16,280,296
00393802,INTER AMERICAN UNIVERSITY OF PUERTO RICO,PR,00926-0000,Private      ,396,476,872,561,645,1206
00393803,INTER AMERICAN UNIVERSITY OF PR         ,PR,00683-0000,Private      ,2254,1015,3269,2614,1233,3847
00393804,INTER-AMER UNIV PR-RECINTO AGUADILA     ,PR,00605-2000,Private      ,1161,1310,2471,1351,1551,2902
00393805,INTER-AMER UNIV PR-ARECIBO CAMPUS       ,PR,00614-4050,Private      ,1447,1641,3088,1695,2005,3700
00393806,INTER-AMER UNIV PR-BARRANQUITAS REG     ,PR,00794-0517,Private      ,811,654,1465,1011,766,1777
00393807,INTER-AMER UNIV PR-FAJARDO REGIONAL     ,PR,00738-0000,Private      ,808,632,1440,922,752,1674
00393808,INTER-AMER UNIV PR - GUAYAMA CAMPUS     ,PR,00785-4004,Private      ,599,741,1340,738,903,1641
00393809,INTER-AMER UNIV PR-PONCE REGIONAL       ,PR,00715-0000,Private      ,2014,2104,4118,2445,2576,5021
00393811,INTER-AMER UNIV PR-BAYAMON REG CLG      ,PR,00959-0000,Private      ,2131,1224,3355,2417,1406,3823
00394100,COLEGIO UNIVERSITARIO DEL ESTE          ,PR,00983-0000,Private      ,3434,3336,6770,3871,4049,7920
00394200,UNIVERSITY OF PR-CENTRAL ADMINISTRATION ,PR,00936-4984,Public       ,223,62,285,324,91,415
00394201,UNIVERSITY OF PR-RIO PIEDRAS CAMPUS     ,PR,00931-3300,Public       ,7611,2135,9746,9053,2661,11714
00394202,UNIV OF PUERTO RICO-MAYAGUEZ CAMPUS     ,PR,00681-5000,Public       ,6611,976,7587,8973,1531,10504
00394203,"UNIVERSITY OF PR, MED. SCIENCES CAMPUS  ",PR,00936-5067,Public       ,297,953,1250,349,1058,1407
00394204,"UNIVERSITY OF PUERTO RICO, CAYEY CAMPUS ",PR,00736-0000,Public       ,2413,350,2763,3188,563,3751
00394205,"UNIVERSITY OF PR, HUMACAO CAMPUS        ",PR,00791-4057,Public       ,2998,484,3482,3554,589,4143
00394206,UNIVERSITY OF PR-AGUADILLA CAMPUS       ,PR,00604-6150,Public       ,2053,351,2404,2400,455,2855
00394207,UNIVERSITY OF PUERTO RICO-ARECIBO CAMPUS,PR,00614-0000,Public       ,2439,292,2731,3850,542,4392
00394208,UNIVERSITY OF PUERTO RICO-BAYAMON CAMPUS,PR,00959-0000,Public       ,3378,451,3829,4021,561,4582
00394209,UNIVERSITY OF PUERTO RICO-CAROLINA      ,PR,00984-4800,Public       ,2765,373,3138,3270,497,3767
00394210,UNIVERSITY OF PUERTO RICO-PONCE         ,PR,00732-0000,Public       ,2514,300,2814,3298,422,3720
00394211,"UNIVERSITY OF PR, UTUADO CAMPUS         ",PR,00641-0000,Public       ,1152,180,1332,1305,215,1520
00501900,UNIV ADVENTISTA DE LAS ANTILLAS         ,PR,00681-0118,Private      ,371,204,575,434,261,695
00502200,BAYAMON CENTRAL UNIVERSITY              ,PR,00960-0000,Private      ,623,571,1194,672,623,1295
00890200,COLUMBIA CENTRO UNIVERSITARIO           ,PR,00726-0000,Proprietary  ,401,527,928,437,606,1043
01056700,COLEGIO TECNOLOGICO DE SAN JUAN         ,PR,00918-2973,Public       ,348,485,833,382,546,928
01072400,CARLOS ALBIZU UNIVERSITY                ,PR,00902-3711,Private      ,36,216,252,71,600,671
01081900,CONSERVATORIO DE MUSICA DE PUERTO RICO  ,PR,00907-3373,Public       ,148,37,185,175,46,221
01120300,RYDER MEMORIAL HOSP SCH OF NURSING      ,PR,00792-0000,Private      ,2,2,4,4,3,7
01171900,UNIVERSIDAD DEL TURABO                  ,PR,00778-0000,Private      ,4026,3981,8007,5015,5396,10411
01194000,ICPR JUNIOR COLLEGE                     ,PR,00919-0000,Proprietary  ,339,389,728,346,409,755
01194002,INSTITUTO COMERCIAL DE PUERTO RICO JUNIO,PR,00681-1108,Proprietary  ,0,0,0,1,0,1
01194100,AMERICAN UNIVERSITY OF PUERTO RICO      ,PR,00960-2037,Private      ,532,352,884,582,405,987
01194101,AMERICAN UNIVERSITY OF PUERTO RICO      ,PR,00674-0000,Private      ,411,266,677,458,316,774
01252500,CARIBBEAN UNIVERSITY                    ,PR,00960-0493,Private      ,1537,1643,3180,1642,1846,3488
01314800,RAMIREZ COLLEGE OF BUS & TECH           ,PR,00918-0000,Proprietary  ,95,192,287,110,259,369
02063100,MBTI BUSINESS TRNG INSTITUTE            ,PR,00907-3917,Proprietary  ,144,239,383,176,319,495
02100000,POLYTECHNIC UNIVERSITY OF PR            ,PR,00917-0000,Private      ,1850,1086,2936,2206,1418,3624
02163300,UNIVERSIDAD CENTRAL DEL CARIBE          ,PR,00960-0000,Private      ,118,290,408,131,356,487
02165100,EDP COLLEGE OF PUERTO RICO              ,PR,00919-0000,Private      ,257,382,639,283,461,744
02166400,INSTITUTO DE BANCA Y COMERCIO           ,PR,00925-0000,Proprietary  ,3451,3846,7297,4093,4990,9083
02170300,INST EDUC TECNIA OCUP LA REINA          ,PR,00674-0000,Proprietary  ,145,169,314,150,169,319
02170301,INST EDUC TECNICA OCUPLA LA REINA       ,PR,00603-0000,Proprietary  ,0,4,4,2,4,6
02189100,CENTRO DE ESTUDIOS MULTIDISCIPLIN       ,PR,00926-0000,Private      ,171,232,403,174,239,413
02189300,EMMA'S BEAUTY ACADEMY                   ,PR,00680-0000,Proprietary  ,122,97,219,122,98,220
02195400,MODERN HAIRSTYLING INSTITUTE            ,PR,00960-0000,Proprietary  ,91,84,175,93,86,179
02195500,MODERN HAIRSTYLING INSTITUTE            ,PR,00612-0000,Proprietary  ,2,0,2,2,1,3
02195800,LICEO E ARTE Y TECNOLGIA                ,PR,00919-0000,Private      ,401,310,711,442,369,811
02195900,MODERN HAIRSTYLING INSTITUTE            ,PR,00980-0000,Proprietary  ,4,4,8,5,5,10
02234900,ANTILLES SCHOOL OF TECH CAREERS         ,PR,00909-0000,Proprietary  ,50,46,96,52,46,98
02241901,COMMONWEALTH OF PR DEPT OF EDUC - CARLOS,PR,00986-0000,Public       ,2,1,3,2,1,3
02241902,COMMONWEALTH OF PR DEPT OF EDUC - TOMAS ,PR,00613-0000,Public       ,6,11,17,7,11,18
02241904,COMMONWEALTH OF PR DEPT OF EDUC - ITPR R,PR,00655-0000,Public       ,312,151,463,337,178,515
02241905,COMMONWEALTH OF PR DEPT OF EDUC - JOSE A,PR,00674-0000,Public       ,47,7,54,63,9,72
02241907,COMMONWEALTH OF PR DEPT OF EDUC - ITPR R,PR,00928-0000,Public       ,301,125,426,314,138,452
02241908,COMMONWEALTH OF PR DEPT OF EDUC - ITPR R,PR,00732-0000,Public       ,429,170,599,463,195,658
02241909,COMMONWEALTH OF PR DEPT OF EDUC - TROQUE,PR,00959-0000,Public       ,37,6,43,39,8,47
02241910,COMMONWEALTH OF PR DEPT OF EDUC - ITPR R,PR,00701-1091,Public       ,573,161,734,603,175,778
02260600,NATIONAL COLLEGE OF BUSINESS & TECH     ,PR,00960-2036,Proprietary  ,1882,1901,3783,2536,2844,5380
02260601,NATIONAL COLLEGE OF BUSINESS & TECHNOLOG,PR,00612-0000,Proprietary  ,26,7,33,34,14,48
02260602,NATIONAL COLLEGE OF BUSINESS & TECHNOLOG,PR,00745-9903,Proprietary  ,9,11,20,15,13,28
02260800,HUERTAS JUNIOR COLLEGE                  ,PR,00726-0000,Proprietary  ,596,598,1194,628,654,1282
02297700,AUTOMECA TECHNICAL COLLEGE              ,PR,00957-0000,Proprietary  ,645,283,928,669,297,966
02303800,AMERICAN EDUCATIONAL COLLEGE            ,PR,00961-0000,Proprietary  ,119,177,296,119,177,296
02335500,COLEGIO BIBLICO PENTECOSTAL DE PR       ,PR,00978-0000,Private      ,5,57,62,6,62,68
02340600,HUMACAO COMMUNITY COLLEGE               ,PR,00792-0000,Private      ,57,49,106,59,53,112
02343600,INSTITUTE OF BEAUTY CAREERS             ,PR,00613-0000,Proprietary  ,188,251,439,190,269,459
02482400,PONCE SCHOOL OF MEDICINE                ,PR,00716-2347,Private      ,10,420,430,13,567,580
02502400,SERBIA'S SCHOOL OF BEAUTY CULTURE       ,PR,00785-0000,Proprietary  ,44,33,77,66,54,120
02504500,INSTITUCION CHAVIANO DE MAYAGUEZ        ,PR,00708-0000,Proprietary  ,1,15,16,1,15,16
02505400,ATLANTIC COLLEGE                        ,PR,00970-0000,Private      ,312,248,560,332,253,585
02534900,PONCE PARAMEDICAL COLLEGE (POPAC)       ,PR,00731-0000,Proprietary  ,981,624,1605,1103,731,1834
02549700,ACADEMIA MAISON D'ESTHETIQUE            ,PR,00907-0000,Proprietary  ,34,106,140,35,106,141
02552300,COLEGIO MAYOR DE TECHNOLOGIA            ,PR,00714-0000,Proprietary  ,65,86,151,91,138,229
02562500,INTERNATIONAL TECHNICAL COLLEGE         ,PR,00918-0000,Proprietary  ,24,55,79,30,75,105
02563500,ROGIES SCHOOL OF BEAUTY CULTURE         ,PR,00910-0000,Proprietary  ,36,67,103,37,68,105
02569400,ESCUELA DE ARTES PLASTICAS              ,PR,00902-1112,Public       ,236,75,311,293,117,410
02570400,EDUCATIONAL TECHNICAL COLLEGE           ,PR,00925-3404,Proprietary  ,184,329,513,194,352,546
02576100,ESCUELA TECNICA DE ELECTRICIDAD         ,PR,00731-0000,Proprietary  ,143,113,256,190,150,340
02587500,UNIVERSIDAD METROPOLITANA               ,PR,00928-0000,Private      ,2377,2719,5096,2822,3328,6150
02588600,SEMINARIO EVANGELICO DE PUERTO RICO     ,PR,00925-0000,Private      ,1,16,17,1,18,19
02593700,HISPANIC AMERICAN COLLEGE               ,PR,00725-0000,Proprietary  ,67,65,132,67,65,132
02611100,INSTITUTO MERLIX                        ,PR,00961-0000,Proprietary  ,2,0,2,2,1,3
03021900,EDIC COLLEGE                            ,PR,00726-0000,Proprietary  ,481,473,954,502,496,998
03025500,MECH TECH COLLEGE                       ,PR,00725-6118,Proprietary  ,1163,451,1614,1561,591,2152
03025900,"LICEO DE ARTE, DISENOS Y COMERCIO       ",PR,00726-0000,Proprietary  ,208,231,439,216,236,452
03029700,"UNIVERSAL TECHNOLOGY CLG OF PR, INC     ",PR,00605-1955,Private      ,352,550,902,411,667,1078
03061900,COLEGIO TECHNOLOGICO Y COMERCIAL        ,PR,00602-0000,Proprietary  ,0,1,1,0,1,1
03068400,STAR BEAUTY ACADEMY                     ,PR,00961-6312,Proprietary  ,5,0,5,6,1,7
03070500,D'MART INSTITUTE                        ,PR,00794-3517,Proprietary  ,374,407,781,441,500,941
03075600,EMMA'S BEAUTY ACADEMY                   ,PR,00795-0000,Proprietary  ,150,95,245,152,96,248
03076000,PUERTO RICO BARBER COLLEGE              ,PR,00738-4632,Proprietary  ,0,0,0,1,0,1
03085700,PROFESSIONAL TECHNICAL INSTITUTION      ,PR,00960-7061,Proprietary  ,26,26,52,27,26,53
03104400,PROFESSIONAL ELECTRIC SCHOOL            ,PR,00674-1797,Proprietary  ,16,16,32,19,21,40
03106900,ESCUELA DE PERITOS ELECTRICITAS         ,PR,00662-0457,Proprietary  ,21,25,46,21,29,50
03112100,JOHN DEWEY COLLEGE                      ,PR,00915-9538,Private      ,498,972,1470,500,987,1487
03112101,JOHN DEWEY COLLEGE                      ,PR,00986-0000,Private      ,148,165,313,150,170,320
03112102,JOHN DEWEY COLLEGE-BAYAMON CAMPUS       ,PR,00959-0000,Private      ,73,78,151,74,81,155
03112104,JOHN DEWEY COLLEGE - YABUCOA LRNING SITE,PR,00767-0767,Private      ,19,48,67,19,48,67
03112105,JOHN DEWEY COLLEGE - FAJARDO BRANCH     ,PR,00738-0738,Private      ,88,140,228,90,153,243
03112106,JOHN DEWEY COLLEGE - ARROYO BRANCH      ,PR,00714-0714,Private      ,48,71,119,48,71,119
03112107,JOHN DEWEY COLLEGE - JUANA DIAZ BRANCH  ,PR,00795-0000,Private      ,31,58,89,31,59,90
03115900,TRINITY COLLEGE OF PUERTO RICO          ,PR,00734-0000,Private      ,15,25,40,16,28,44
03122500,ACADEMIA SERRANT INC.                   ,PR,00717-1568,Proprietary  ,21,43,64,23,44,67
03123100,GLOBELLE TECHNICAL INSTITUTE            ,PR,00693-4218,Proprietary  ,0,0,0,0,1,1
03124200,NOVA COLLEGE DE PUERTO RICO             ,PR,00960-4016,Proprietary  ,33,94,127,33,96,129
03157600,"COLEGIO DE CINEMATOGRAFIA, ARTES Y TELEV",PR,00961-6345,Proprietary  ,105,38,143,107,40,147
03177300,SAN JUAN BAUTISTA SCH OF MEDICINE       ,PR,00726-0000,Private      ,2,179,181,3,262,265
03326300,UNIVERSAL CAREER COMMUNITY COLLEGE      ,PR,00907-0000,Proprietary  ,139,210,349,150,226,376
03336300,CENTURY COLLEGE                         ,PR,00603-4802,Proprietary  ,49,55,104,52,57,109
03414300,MONTECLARO                              ,PR,00745-9612,Private      ,1,0,1,3,0,3
03452300,INSTITUTO PRE-VOCACIONAL E INDUSTRI     ,PR,00613-1800,Private      ,15,17,32,15,17,32
03469300,IVAEM COLLEGE                           ,PR,00725-0000,Proprietary  ,73,19,92,98,38,136
03531300,COLEGIO PENTECOSTAL MIZPA               ,PR,00928-0966,Private      ,8,125,133,8,125,133
03544300,ATENAS COLLEGE                          ,PR,00674-0000,Private      ,475,629,1104,481,643,1124
03552300,LESTON COLLEGE                          ,PR,00961-6309,Proprietary  ,14,37,51,14,38,52
03608300,CARIBBEAN FORENSIC & TECHNICAL COLL     ,PR,00926-0000,Proprietary  ,16,20,36,17,21,38
03638300,ROSSLYN TRAINING ACADEMY OF COSMETOLOGY ,PR,00602-3225,Proprietary  ,5,4,9,5,13,18
03735400,"CHARLIES GUARD,DETECTIVE BUREAU&ACA     ",PR,00605-0000,Proprietary  ,10,41,51,10,41,51
03751300,ESCUELA HOTELERA DE SAN JUAN            ,PR,00917-0091,Proprietary  ,235,119,354,246,125,371
03758300,BAYAMON COMMUNITY COLLEGE               ,PR,00960-0000,Proprietary  ,7,9,16,8,10,18
03781400,INDUSTRIAL TECHNICAL COLLEGE            ,PR,00792-0000,Proprietary  ,31,33,64,31,33,64
03785300,J.G. GUAYNABO TECHNICAL COLLEGE         ,PR,00960-0000,Proprietary  ,11,14,25,11,15,26
03800300,COLEGIO TECNICO DE ELECTRICIDAD GALLOSA ,PR,00602-0000,Proprietary  ,1,0,1,1,0,1
03800400,INSTITUTE OF BEAUTY OCCUPATIONS AND TECH,PR,00676-5071,Proprietary  ,0,0,0,0,1,1
03843300,ADVANCED TECH COLLEGE                   ,PR,00961-6321,Proprietary  ,8,29,37,9,30,39
03849300,AGUADILLA TECHNICAL COLLEGE             ,PR,00603-0000,Proprietary  ,1,1,2,2,2,4
03965400,MYRANGEL BEAUTY INSTITUTE               ,PR,00754-3917,Proprietary  ,1,1,2,1,1,2
04030300,ASPIRA  DE PUERTO RICO                  ,PR,00987-0000,Private      ,1,0,1,1,1,2
04107300,CARIB TECHNOLOGICAL INSTITUTE           ,PR,00960-0000,Proprietary  ,0,2,2,1,2,3
04117200,INSTITUTO EDUCATIVO PREMIER             ,PR,00731-0000,Proprietary  ,15,17,32,26,52,78
04131600,LIBERTY TECHNICAL COLLEGE               ,PR,00737-1298,Proprietary  ,0,3,3,0,3,3
00394600,UNIVERSITY OF THE VIRGIN ISLANDS        ,VI,00802-6000,Public       ,283,238,521,848,575,1423
00394601,UNIV OF THE VIRGIN ISLANDS-ST CROIX     ,VI,00850-0000,Public       ,132,195,327,347,379,726
00667400,CANADIAN THEOLOGICAL SEMINARY           ,CN,00000-0000,Private      ,0,0,0,2,1,3
00667700,MCGILL UNIVERSITY                       ,CN,00000-0000,Public       ,206,101,307,1609,348,1957
00667900,QUEEN'S UNIVERSITY AT KINGSTON          ,CN,00000-0000,Public       ,15,9,24,95,31,126
00668100,ST FRANCIS XAVIER UNIVERSITY            ,CN,00000-0000,Public       ,7,6,13,25,6,31
00668200,ST THOMAS UNIVERSITY                    ,CN,00000-0000,Public       ,1,1,2,7,2,9
00668300,UNIVERSITY OF GUELPH                    ,CN,00000-0000,Public       ,5,15,20,30,43,73
00668400,UNIVERSITY OF MANITOBA                  ,CN,00000-0000,Public       ,8,11,19,24,29,53
00668500,UNIVERSITY OF NEW BRUNSWICK (THE)       ,CN,00000-0000,Public       ,3,4,7,12,8,20
00668600,UNIVERSITY OF OTTAWA                    ,CN,00000-0000,Public       ,2,10,12,30,23,53
00668800,UNIVERSITY OF TORONTO                   ,CN,00000-0000,Public       ,55,110,165,263,387,650
00668900,UNIVERSITY OF WINDSOR                   ,CN,00000-0000,Public       ,8,12,20,16,36,52
00683700,UNIVERSITE LAVAL                        ,CN,00000-0000,Public       ,0,4,4,7,10,17
00683800,DALHOUSIE UNIVERSITY                    ,CN,00000-0000,Public       ,16,18,34,128,48,176
00685200,BISHOP'S UNIVERSITY                     ,CN,00000-0000,Private      ,7,0,7,36,1,37
00685300,MCMASTER UNIVERSITY                     ,CN,00000-0000,Public       ,5,7,12,23,18,41
00767900,YORK UNIVERSITY                         ,CN,00000-0000,Public       ,26,28,54,92,76,168
00787400,UNIVERSITY AT CALGARY (THE)             ,CN,00000-0000,Public       ,10,14,24,24,41,65
00814800,UNIVERSITY OF WINNIPEG                  ,CN,00000-0000,Public       ,3,3,6,5,4,9
00836200,UNIVERSITY OF ALBERTA (THE)             ,CN,00000-0000,Public       ,0,12,12,20,45,65
00836300,MOUNT SAINT VINCENT UNIVERSITY          ,CN,00000-0000,Private      ,0,0,0,0,1,1
00836400,SAINT MARY'S UNIVERSITY                 ,CN,00000-0000,Public       ,6,3,9,19,11,30
00836500,CONCORDIA UNIVERSITY - SIR GEORGE W     ,CN,00000-0000,Public       ,50,56,106,201,130,331
00836600,UNIVERSITE DE MONTREAL                  ,CN,00000-0000,Public       ,3,16,19,15,29,44
00836800,CARLETON UNIVERSITY                     ,CN,00000-0000,Public       ,11,11,22,41,25,66
00836900,UNIVERSITY OF BRITISH COLUMBIA          ,CN,00000-0000,Public       ,102,103,205,654,431,1085
00837000,"SAFA, UNIVERSITY OF VICTORIA            ",CN,00000-0000,Public       ,20,13,33,68,46,114
00844400,SIMON FRASER UNIVERSITY                 ,CN,00000-0000,Public       ,13,18,31,61,65,126
00844600,UNIVERSITY OF WESTERN ONTARIO (THE)     ,CN,00000-0000,Public       ,9,13,22,39,40,79
00844800,UNIVERSITY OF REGINA                    ,CN,00000-0000,Public       ,4,1,5,7,7,14
00844900,ACADIA UNIVERSITY                       ,CN,00000-0000,Public       ,10,6,16,37,13,50
00852600,UNIVERSITY OF WATERLOO                  ,CN,00000-0000,Public       ,8,5,13,34,16,50
00858200,WILFRID LAURIER UNIVERSITY              ,CN,00000-0000,Public       ,2,1,3,7,5,12
00891300,LAKEHEAD UNIVERSITY                     ,CN,00000-0000,Public       ,0,1,1,5,5,10
00911900,UNIVERSITE DE MONCTON                   ,CN,00000-0000,Public       ,0,1,1,0,2,2
00925200,BROCK UNIVERSITY                        ,CN,00000-0000,Public       ,1,5,6,6,10,16
00936700,UNIVERSITY OF PRINCE EDWARD ISLAND      ,CN,00000-0000,Public       ,1,34,35,8,90,98
00942100,BRANDON UNIVERSITY                      ,CN,00000-0000,Public       ,1,1,2,4,2,6
00948600,TRINITY WESTERN UNIVERSITY              ,CN,00000-0000,Private      ,40,15,55,282,39,321
00950100,UNIVERSITY OF KING'S COLLEGE            ,CN,00000-0000,Public       ,4,1,5,19,3,22
00950300,MOUNT ALLISON UNIVERSITY                ,CN,00000-0000,Public       ,7,2,9,34,4,38
00950400,NOVA SCOTIA AGRICULTURAL COLLEGE        ,CN,00000-0000,Public       ,1,2,3,2,5,7
00950500,TRENT UNIVERSITY                        ,CN,00000-0000,Public       ,2,1,3,8,2,10
00969700,LETHBRIDGE COLLEGE                      ,CN,00000-0000,Public       ,1,3,4,2,5,7
00969800,MEDICINE HAT COLLEGE                    ,CN,00000-0000,Public       ,1,0,1,5,0,5
00970100,SENECA COLG OF APPLIED ARTS & TECH      ,CN,00000-0000,Public       ,5,6,11,11,14,25
01012300,NOVA SCOTIA COLLEGE OF ART & DESIGN     ,CN,00000-0000,Public       ,4,1,5,10,8,18
01022100,SAINT PAUL UNIVERSITY                   ,CN,00000-0000,Public       ,1,1,2,1,4,5
01045800,SHERIDAN COLLEGE OF APPLIED ARTS AN     ,CN,00000-0000,Public       ,5,6,11,14,10,24
01067500,REGENT COLLEGE                          ,CN,00000-0000,Private      ,0,26,26,1,68,69
01070300,UNIVERSITY OF LETHBRIDGE                ,CN,00000-0000,Public       ,0,2,2,5,6,11
01072000,RYERSON UNIVERSITY                      ,CN,00000-0000,Public       ,13,14,27,43,45,88
01172200,BRIERCREST BIBLE COLLEGE                ,CN,00000-0000,Private      ,4,3,7,6,4,10
01221100,ALGONQUIN CLG OF APPLIED ARTS &TECH     ,CN,00000-0000,Public       ,2,5,7,5,7,12
01222800,HUMBER COLLEGE                          ,CN,00000-0000,Public       ,4,4,8,10,11,21
01227400,PROVIDENCE COLLEGE                      ,CN,00000-0000,Private      ,4,2,6,8,2,10
02102100,BETHANY BIBLE COLLEGE                   ,CN,00000-0000,Private      ,19,6,25,38,12,50
02116600,CANADIAN MEMORIAL CHIROPRACTIC COLL     ,CN,00000-0000,Private      ,0,0,0,0,1,1
02167000,PRAIRIE BIBLE INST                      ,CN,00000-0000,Private      ,8,8,16,26,11,37
02184600,INSTITUTE FOR CHRISTIAN STUDIES         ,CN,00000-0000,Private      ,0,1,1,1,3,4
02195600,LASALLE COLLEGE                         ,CN,00000-0000,Private      ,5,1,6,12,3,15
02195700,TAYLOR UNIVERSITY COLLEGE AND SEMINARY  ,CN,00000-0000,Private      ,0,1,1,0,2,2
02201100,COLUMBIA BIBLE COLLEGE                  ,CN,00000-0000,Private      ,8,0,8,16,6,22
02216400,TYNDALE COLLEGE & SEMINARY              ,CN,00000-0000,Private      ,0,0,0,1,2,3
02219000,ST. LAWRENCE COLLEGE                    ,CN,00000-0000,Public       ,1,3,4,4,5,9
02219200,UNIVERSITY OF SASKATCHEWAN              ,CN,00000-0000,Public       ,2,6,8,9,18,27
02338800,EMILY CARR UNIVERSITY OF ART AND DESIGN ,CN,00000-0000,Public       ,9,13,22,38,37,75
02354700,RED DEER COLLEGE                        ,CN,00000-0000,Public       ,1,1,2,1,3,4
02577200,SALVATION ARMY WM & CATHERINE BOOTH     ,CN,00000-0000,Private      ,1,0,1,1,0,1
02593800,CONCORDIA UNIVERSITY COLLEGE            ,CN,00000-0000,Private      ,1,1,2,5,5,10
02611900,THE KING'S UNIVERSITY COLLEGE           ,CN,00000-0000,Private      ,1,1,2,1,4,5
03018300,ROCKY MOUNTAIN COLLEGE: CENTRE FOR      ,CN,00000-0000,Private      ,1,1,2,1,4,5
03033800,UNIVERSITY COLLEGE OF CAPE BRETON       ,CN,00000-0000,Public       ,1,0,1,2,0,2
03078300,VANCOUVER SCHOOL OF THEOLOGY            ,CN,00000-0000,Private      ,0,2,2,0,6,6
03273300,CANADIAN COLLEGE OF NATUROPATHIC ME     ,CN,00000-0000,Private      ,0,13,13,0,24,24
03298300,ALBERTA COLLEGE OF ART & DESIGN         ,CN,00000-0000,Public       ,6,3,9,15,7,22
03332500,KWANTLEN UNIVERSITY COLLEGE             ,CN,00000-0000,Public       ,4,5,9,7,8,15
03335400,CANADIAN UNIVERSITY COLLEGE             ,CN,00000-0000,Private      ,3,6,9,11,9,20
03339300,ST. STEPHENS UNIVERSITY                 ,CN,00000-0000,Private      ,3,2,5,4,3,7
03348500,REDEEMER UNIVERSITY COLLEGE             ,CN,00000-0000,Private      ,3,0,3,11,1,12
03408300,CANDIAN NAZARENE UNIVERSITY COLLEGE     ,CN,00000-0000,Private      ,0,0,0,1,2,3
03420300,HOLLAND COLLEGE                         ,CN,00000-0000,Public       ,0,1,1,0,2,2
03421300,LOYALIST COLLEGE OF APPLIED ARTS &      ,CN,00000-0000,Public       ,0,0,0,3,1,4
03465300,NIPISSING UNIVERSITY                    ,CN,00000-0000,Public       ,0,0,0,2,0,2
03511300,CN CLG ACUPUNCTURE & ORIENTAL MED       ,CN,00000-0000,Private      ,0,0,0,0,5,5
03560400,NIAGARA COLLEGE-WELLAND CAMPUS          ,CN,00000-0000,Public       ,0,2,2,0,4,4
03613300,UNIV OF NORTHERN BRITISH COLUMBIA       ,CN,00000-0000,Public       ,2,4,6,6,9,15
03644400,CANADIAN MENNONITE UNIVERSITY           ,CN,00000-0000,Private      ,3,1,4,10,1,11
03674400,CANADIAN SOUTHERN BAPTIST SEMINARY      ,CN,00000-0000,Private      ,0,1,1,0,1,1
03711300,CAPILANO UNIVERSITY                     ,CN,00000-0000,Public       ,5,4,9,9,12,21
03745300,BRITISH COLUMBIA INSTITUTE OF TECHNOLOGY,CN,00000-0000,Public       ,2,5,7,2,11,13
03846300,PACIFIC LIFE BIBLE COLLEGE              ,CN,00000-0000,Private      ,1,0,1,2,1,3
03847300,ATLANTIC BAPTIST UNIVERSITY             ,CN,00000-0000,Private      ,2,0,2,10,0,10
04122700,MCMASTER DIVINITY COLLEGE               ,CN,00000-0000,Private      ,0,1,1,0,2,2
00814700,UNIVERSIDAD AUTONOMA DE GUADALAJARA     ,MX,00000-0000,Private      ,10,281,291,53,764,817
01041800,INST TEC Y DE ESTSUPER DE MONTERRE      ,MX,00000-0000,Private      ,27,21,48,71,56,127
01067600,UNIVERSIDAD DE MONTERREY                ,MX,00000-0000,Private      ,8,8,16,27,36,63
01093800,UNIVERSIDAD DE GUANAJUATO               ,MX,00000-0000,Public       ,1,5,6,6,21,27
01097600,INSTITUTO ALLENDE                       ,MX,00000-0000,Private      ,0,4,4,1,11,12
02053300,CENTRO DE ESTUDIOS UNIVERSITARIOS D     ,MX,00000-0000,Private      ,39,66,105,60,104,164
01001000,AMERICAN SAMOA CMNTY COLLEGE            ,AS,96799-2609,Public       ,409,84,493,561,131,692
01034300,COLLEGE OF MICRONESIA - FSM             ,FM,96941-0159,Public       ,1317,624,1941,1473,655,2128
01100900,PALAU COMMUNITY COLLEGE                 ,PW,96940-0009,Public       ,262,189,451,636,258,894
03022400,COLLEGE OF THE MARSHALL ISLANDS         ,MH,96960-1258,Public       ,63,24,87,71,37,108
03033000,NORTHERN MARIANAS COLLEGE               ,MP,96950-0000,Public       ,93,86,179,109,106,215
