OPE ID,School,State,Zip Code,School Type,20102011Qtr4_Dependent Students,20102011Qtr4_Independent Students,Quarterly Total,YTD_20102011Qtr4_Dependent Students,YTD_20102011Qtr4_Independent Students,Award Year To Date Total
00100200,ALABAMA AGRCLTL & MECHL UNIV            ,AL,35762-1357,Public       ,126,216,342,5969,3345,9314
00100300,FAULKNER UNIVERSITY                     ,AL,36109-3398,Private      ,67,300,367,1566,3896,5462
00100400,UNIVERSITY OF MONTEVALLO                ,AL,35115-6000,Public       ,62,119,181,2067,1507,3574
00100500,ALABAMA STATE UNIVERSITY                ,AL,36101-0000,Public       ,286,316,602,8219,5019,13238
00100700,CENTRAL ALABAMA COMMUNITY COLLEGE       ,AL,35011-0000,Public       ,105,299,404,1426,2247,3673
00100800,ATHENS STATE UNIVERSITY                 ,AL,35611-1999,Public       ,47,250,297,794,3326,4120
00100900,AUBURN UNIVERSITY                       ,AL,36849-5113,Public       ,577,417,994,16153,6012,22165
00101200,BIRMINGHAM SOUTHERN COLLEGE             ,AL,35254-0002,Private      ,45,62,107,2089,587,2676
00101300,CALHOUN COMMUNITY COLLEGE               ,AL,35609-2216,Public       ,414,1082,1496,4917,8356,13273
00101500,ENTERPRISE STATE COMMUNITY COLLEGE      ,AL,36331-1300,Public       ,97,334,431,1293,2242,3535
00101600,UNIVERSITY OF NORTH ALABAMA             ,AL,35632-0001,Public       ,173,253,426,4685,2854,7539
00101700,GADSDEN STATE COMMUNITY COLLEGE         ,AL,35903-2269,Public       ,249,804,1053,3383,6528,9911
00101800,GEORGE C WALLACE COMMUNITY COLLEGE      ,AL,36303-0943,Public       ,171,569,740,2112,4498,6610
00101900,HUNTINGDON COLLEGE                      ,AL,36106-2148,Private      ,48,47,95,1276,563,1839
00102000,JACKSONVILLE STATE UNIVERSITY           ,AL,36265-1602,Public       ,224,439,663,6405,5645,12050
00102100,JEFFERSON DAVIS COMMUNITY COLLEGE       ,AL,36427-2790,Public       ,44,128,172,664,1113,1777
00102200,JEFFERSON STATE COMMUNITY COLLEGE       ,AL,35215-3098,Public       ,357,1048,1405,4432,8301,12733
00102300,JUDSON COLLEGE                          ,AL,36756-2504,Private      ,9,8,17,350,115,465
00102400,UNIVERSITY OF WEST ALABAMA              ,AL,35470-0000,Public       ,56,390,446,1998,4958,6956
00102600,MARION MILITARY INSTITUTE               ,AL,36756-3214,Public       ,27,8,35,580,76,656
00102800,MILES COLLEGE                           ,AL,35064-2697,Private      ,65,102,167,2210,1394,3604
00102900,UNIVERSITY OF MOBILE                    ,AL,36613-0000,Private      ,73,161,234,1433,1858,3291
00103000,BISHOP STATE COMMUNITY COLLEGE          ,AL,36603-5898,Public       ,208,638,846,2063,4817,6880
00103001,BISHOP STATE COMM COLG-CARVER CMPS      ,AL,36617-0000,Public       ,0,0,0,179,480,659
00103002,BISHOP STAT COMM CLG-SW CMPS            ,AL,36605-0000,Public       ,0,0,0,128,292,420
00103100,NORTHEAST ALABAMA STATE CMNTY COLG      ,AL,35986-0159,Public       ,92,316,408,1297,2498,3795
00103300,OAKWOOD COLLEGE                         ,AL,35896-0001,Private      ,50,76,126,1921,884,2805
00103400,ALABAMA SOUTHERN COMMUNITY COLLEGE      ,AL,36460-5698,Public       ,71,243,314,1139,1374,2513
00103600,SAMFORD UNIVERSITY                      ,AL,35229-7000,Private      ,93,188,281,3121,3047,6168
00103700,SELMA UNIVERSITY                        ,AL,36701-0000,Private      ,0,1,1,0,3,3
00103800,SNEAD STATE COMMUNITY COLLEGE           ,AL,35957-0734,Public       ,73,214,287,1245,2098,3343
00104000,SOUTHERN UNION STATE COMMUNITY CLG      ,AL,36276-0000,Public       ,230,428,658,3130,3310,6440
00104100,SPRING HILL COLLEGE                     ,AL,36608-1791,Private      ,51,78,129,2000,720,2720
00104400,STILLMAN COLLEGE                        ,AL,35403-1430,Private      ,48,48,96,2182,623,2805
00104600,TALLADEGA COLLEGE                       ,AL,35160-2354,Private      ,46,50,96,669,404,1073
00104700,TROY STATE UNIVERSITY                   ,AL,36082-0001,Public       ,400,2030,2430,8296,25239,33535
00105000,TUSKEGEE UNIVERSITY                     ,AL,36088-1645,Private      ,114,53,167,4825,1262,6087
00105100,UNIVERSITY OF ALABAMA (THE)             ,AL,35487-0120,Public       ,642,635,1277,19794,10333,30127
00105200,UNIVERSITY OF ALABAMA AT BIRMINGHAM     ,AL,35294-1150,Public       ,343,859,1202,8784,11465,20249
00105500,UNIVERSITY OF ALABAMA IN HUNTSVILLE     ,AL,35899-0001,Public       ,189,364,553,4232,4214,8446
00105700,UNIVERSITY OF SOUTH ALABAMA             ,AL,36688-0002,Public       ,367,777,1144,8247,9667,17914
00105900,LAWSON STATE COMMUNITY COLLEGE          ,AL,35221-1798,Public       ,157,578,735,2632,4710,7342
00105901,LAWSON STATE COMMUNITY COLLEGE - BESSEME,AL,35021-0308,Public       ,38,149,187,596,1493,2089
00106000,FAULKNER STATE COMMUNITY COLLEGE        ,AL,36507-2698,Public       ,230,416,646,3040,3637,6677
00526000,J.F. DRAKE STATE TECH COLLEGE           ,AL,35811-1584,Public       ,52,251,303,554,1973,2527
00569100,SHELTON STATE COMMUNITY CLG             ,AL,35405-4017,Public       ,309,559,868,4398,4464,8862
00569200,REID STATE TECHNICAL COLLEGE            ,AL,36401-0000,Public       ,35,139,174,303,896,1199
00569700,NORTHWEST- SHOALS COMMUNITY COLLEGE     ,AL,35661-0000,Public       ,181,362,543,2082,2829,4911
00569702,NORTHWEST-SHOALS C.C.-PHIL CAMPBELL     ,AL,35581-0000,Public       ,0,0,0,334,351,685
00569900,GEORGE C WALLACE STATE CMTY COLLEGE     ,AL,36703-0000,Public       ,82,241,323,1187,2094,3281
00573300,BEVILL STATE CMTY COLLEGE-WALKER        ,AL,35148-0000,Public       ,147,518,665,1473,2976,4449
00573301,BEVILL STATE COMMUNITY COLLEGE - FAYETTE,AL,35555-0000,Public       ,0,0,0,468,805,1273
00573302,BEVILL STATE CMTY CLG-HAMILTON CAMP     ,AL,35570-0000,Public       ,0,0,0,210,417,627
00573305,BEVILL STATE CMTY CLG-WALKER CLG        ,AL,35501-0000,Public       ,0,0,0,403,575,978
00573400,H. COUNCILL TRENHOLM STATE TECH COLLEGE ,AL,36108-0020,Public       ,114,322,436,895,2283,3178
00573401,H. C. TRENHOLM ST TECH COL-PATTERSON CAM,AL,36116-2612,Public       ,42,117,159,415,920,1335
00787100,GEORGE C WALLACE STATE CMTY CLG         ,AL,35077-2000,Public       ,237,562,799,3315,5081,8396
00831000,AUBURN UNIVERSITY-MONTGOMERY            ,AL,36124-0000,Public       ,154,375,529,3668,4818,8486
00898800,LURLEEN B WALLACE COMMUNITY COLLEGE     ,AL,36420-0418,Public       ,64,196,260,1037,1501,2538
00962107,HERZING UNIVERSITY - BIRMINGHAM         ,AL,35209-4816,Proprietary  ,14,160,174,144,1312,1456
01055400,CONCORDIA COLLEGE                       ,AL,36701-3323,Private      ,21,40,61,670,480,1150
01218200,CHATTAHOOCHEE VALLEY CMTY CLG           ,AL,36869-7917,Public       ,63,170,233,883,1607,2490
01303906,SOUTH UNIVERSITY - MONTGOMERY           ,AL,36116-1120,Proprietary  ,43,172,215,406,1646,2052
02170600,UNITED STATES SPORTS ACADEMY            ,AL,36526-7055,Private      ,1,89,90,33,715,748
02199700,HERITAGE CHRISTIAN UNIVERSITY           ,AL,35630-0000,Private      ,2,12,14,20,93,113
02270400,SOUTHEASTERN BIBLE COLLEGE              ,AL,35244-2083,Private      ,5,13,18,92,209,301
02285000,PAUL MITCHELL THE SCHOOL HUNTSVILLE     ,AL,35758-0000,Proprietary  ,3,20,23,61,104,165
02296000,PRINCE INSTITUTE OF PROFESSIONAL STUDIES,AL,36117-0000,Proprietary  ,6,32,38,31,205,236
02341000,FORTIS COLLEGE                          ,AL,36609-0000,Proprietary  ,70,268,338,597,1432,2029
02341002,CAPPS COLLEGE - MONTGOMERY              ,AL,36109-3624,Proprietary  ,0,0,0,60,190,250
02341004,FORTIS COLLEGE - SCHOOL OF COSMETOLOGY  ,AL,36609-1981,Proprietary  ,0,0,0,19,76,95
02503400,AMRIDGE UNIVERSITY                      ,AL,36124-0000,Private      ,8,101,109,62,1000,1062
02605500,REMINGTON COLLEGE - MOBILE CAMPUS       ,AL,36609-5593,Proprietary  ,152,441,593,720,2314,3034
03010600,VIRGINIA COLLEGE                        ,AL,35209-5154,Proprietary  ,311,2824,3135,1702,18495,20197
03010602,VIRGINIA COLLEGE - HUNTSVILLE           ,AL,35805-0000,Proprietary  ,56,238,294,294,1604,1898
03010607,VIRGINIA COLLEGE - MOBILE               ,AL,36608-1626,Proprietary  ,46,268,314,239,1398,1637
03010616,VIRGINIA COLLEGE - MONTGOMERY           ,AL,36117-2802,Proprietary  ,92,309,401,468,1942,2410
03010803,TRI-STATE BUSINESS INSTITUTE - TRI-STATE,AL,35211-0000,Proprietary  ,0,0,0,16,75,91
03032500,ALABAMA STATE CLG BARBER STYLING        ,AL,35215-8308,Proprietary  ,6,33,39,78,149,227
03361400,FORTIS COLLEGE                          ,AL,36535-3547,Proprietary  ,10,79,89,83,368,451
03459300,SOUTHEASTERN SCHOOL OF COSMETOLOGY      ,AL,35228-0000,Private      ,12,43,55,38,192,230
03783300,BLUE CLIFF CAREER COLLEGE               ,AL,63306-4749,Proprietary  ,14,32,46,73,273,346
03894300,HUNTSVILLE BIBLE COLLEGE                ,AL,35811-0000,Private      ,1,8,9,17,90,107
04066300,CARDIAC AND VASCULAR INSTITUTE OF ULTRAS,AL,36604-1411,Proprietary  ,1,23,24,23,142,165
04067300,SELMA UNIVERSITY                        ,AL,36701-0000,Private      ,6,45,51,171,521,692
04121500,COLUMBIA SOUTHERN UNIVERSITY            ,AL,36561-3815,Proprietary  ,45,1173,1218,317,8557,8874
04149200,XCELL ACADEMY-A PAUL MITCHELL PARTNER SC,AL,35216-4990,Proprietary  ,16,20,36,86,201,287
00111100,ALLAN HANCOCK COLLEGE                   ,CA,93454-6399,Public       ,283,587,870,3860,4747,8607
00111300,ANTELOPE VALLEY COLLEGE                 ,CA,93536-5426,Public       ,508,1418,1926,6048,9826,15874
00111600,ART CENTER COLLEGE OF DESIGN            ,CA,91103-1999,Private      ,72,91,163,1560,1498,3058
00111700,AZUSA PACIFIC UNIVERSITY                ,CA,91702-7000,Private      ,217,618,835,8349,6924,15273
00111800,BAKERSFIELD COLLEGE                     ,CA,93305-1299,Public       ,595,1456,2051,9856,11913,21769
00111900,BARSTOW COMMUNITY COLLEGE               ,CA,92311-6608,Public       ,140,692,832,1091,4152,5243
00112000,AMER BAPT SEM OF THE WEST-BERKELEY      ,CA,94704-0000,Private      ,3,5,8,12,68,80
00112100,BETHANY UNIVERSITY /  ASSEMBLIES OF GOD ,CA,95066-2896,Private      ,12,27,39,447,348,795
00112200,BIOLA UNIVERSITY                        ,CA,90639-0001,Private      ,116,125,241,5593,2259,7852
00112300,BROOKS INSTITUTE                        ,CA,93103-1809,Proprietary  ,62,67,129,971,774,1745
00112400,CABRILLO COLLEGE                        ,CA,95003-3194,Public       ,298,642,940,4306,5298,9604
00112500,CALIFORNIA BAPTIST UNIVERSITY           ,CA,92504-3297,Private      ,109,235,344,4612,3156,7768
00112700,CALIFORNIA COLLEGE OF THE ARTS          ,CA,94107-2206,Private      ,68,82,150,2029,1973,4002
00113100,CALIFORNIA INSTITUTE OF TECHNOLOGY      ,CA,91125-0001,Private      ,81,35,116,3319,597,3916
00113200,CALIFORNIA INSTITUTE OF THE ARTS        ,CA,91355-2397,Private      ,69,43,112,1920,1560,3480
00113300,CALIFORNIA LUTHERAN UNIVERSITY          ,CA,91360-2787,Private      ,87,145,232,4159,1845,6004
00113400,CALIFORNIA MARITIME ACADEMY             ,CA,94590-8181,Public       ,15,11,26,740,323,1063
00113700,CALIF STATE UNIV-FULLERTON              ,CA,92831-3599,Public       ,989,1082,2071,38089,19730,57819
00113800,"CALIFORNIA STATE UNIVERSITY, EAST BAY   ",CA,94542-3000,Public       ,282,647,929,11498,10836,22334
00113900,CALIF STATE UNIV-LONG BEACH             ,CA,90840-0006,Public       ,1186,1159,2345,45977,21443,67420
00114000,CALIF STATE UNIV-LOS ANGELES            ,CA,90032-4226,Public       ,625,1063,1688,25256,18464,43720
00114100,"CALIF STATE UNIV, DOMINGUEZ HILLS       ",CA,90747-0001,Public       ,357,816,1173,13481,13691,27172
00114200,CALIF STATE UNIV SAN BERNARDINO         ,CA,92407-2397,Public       ,461,707,1168,15918,12451,28369
00114300,CAL POLY STATE UNIVERSITY               ,CA,93407-0001,Public       ,576,238,814,30869,4472,35341
00114400,CALIF STATE POLYTECHNIC UNIV POMONA     ,CA,91768-2500,Public       ,501,440,941,25489,9930,35419
00114600,CALIF STATE UNIV - CHICO                ,CA,95929-0001,Public       ,403,303,706,16011,6177,22188
00114700,CALIF STATE UNIV - FRESNO               ,CA,93740-8026,Public       ,488,553,1041,19585,10962,30547
00114900,HUMBOLDT STATE UNIVERSITY               ,CA,95521-8299,Public       ,220,146,366,9883,3833,13716
00115000,CALIF STATE UNIV-SACRAMENTO             ,CA,95819-6044,Public       ,725,1031,1756,25100,17438,42538
00115100,SAN DIEGO STATE UNIVERSITY              ,CA,92182-1690,Public       ,1287,1192,2479,43352,18262,61614
00115300,CALIF STATE UNIV-NORTHRIDGE             ,CA,91330-8307,Public       ,725,953,1678,31803,18610,50413
00115400,SAN FRANCISCO STATE UNIVERSITY          ,CA,94132-1740,Public       ,830,936,1766,31607,19629,51236
00115500,SAN JOSE STATE UNIVERSITY               ,CA,95192-0036,Public       ,625,745,1370,25125,15787,40912
00115600,SONOMA STATE UNIVERSITY                 ,CA,94928-3609,Public       ,213,209,422,9968,3383,13351
00115700,CALIF STATE UNIV-STANISLAUS             ,CA,95382-0299,Public       ,167,281,448,7957,5632,13589
00116100,CERRITOS COLLEGE                        ,CA,90650-6296,Public       ,970,1452,2422,14524,11906,26430
00116200,CHABOT COLLEGE                          ,CA,94545-2400,Public       ,381,957,1338,5486,7139,12625
00116300,CHAFFEY COLLEGE                         ,CA,91737-9400,Public       ,868,1568,2436,11773,13370,25143
00116400,CHAPMAN UNIVERSITY                      ,CA,92866-1099,Private      ,178,227,405,8609,5400,14009
00116415,CHAPMAN UNIVERSITY - IRVINE CAMPUS      ,CA,92618-3801,Private      ,0,0,0,409,3960,4369
00116453,CHAPMAN UNIVERSITY SCHOOL OF LAW        ,CA,92866-0000,Private      ,4,30,34,75,2043,2118
00116500,CHURCH DIV SCH OF THE PACIFIC           ,CA,94709-0000,Private      ,0,3,3,2,58,60
00116600,CITRUS COLLEGE                          ,CA,91741-1899,Public       ,443,652,1095,7764,6126,13890
00116900,CLAREMONT GRADUATE UNIVERSITY           ,CA,91711-0000,Private      ,1,82,83,16,1989,2005
00117000,CLAREMONT MCKENNA COLLEGE               ,CA,91711-6400,Private      ,49,5,54,3118,176,3294
00117100,HARVEY MUDD COLLEGE                     ,CA,91711-5990,Private      ,25,3,28,2082,63,2145
00117200,PITZER COLLEGE                          ,CA,91711-6101,Private      ,45,6,51,2811,195,3006
00117300,POMONA COLLEGE                          ,CA,91711-6301,Private      ,55,12,67,4663,178,4841
00117400,SCRIPPS COLLEGE                         ,CA,91711-3948,Private      ,19,4,23,1606,98,1704
00117600,WEST HILLS COMMUNITY COLLEGE            ,CA,93210-1399,Public       ,79,200,279,1221,1424,2645
00117700,COGSWELL POLYTECHNICAL COLLEGE          ,CA,94089-1210,Private      ,6,8,14,146,109,255
00117800,COLLEGE OF MARIN                        ,CA,94904-2590,Public       ,82,278,360,982,2388,3370
00117801,COLG OF MARIN-INDIAN VALLEY CMPS        ,CA,94949-0000,Public       ,5,17,22,54,175,229
00117900,NOTRE DAME DE NAMUR UNIVERSITY          ,CA,94002-1997,Private      ,34,110,144,1069,1147,2216
00118100,COLLEGE OF SAN MATEO                    ,CA,94402-3784,Public       ,159,290,449,2455,2607,5062
00118200,COLLEGE OF THE DESERT                   ,CA,92260-9305,Public       ,300,630,930,4525,4855,9380
00118300,HOLY NAMES UNIVERSITY                   ,CA,94619-1699,Private      ,19,92,111,798,924,1722
00118500,COLLEGE OF THE REDWOODS                 ,CA,95501-9300,Public       ,178,542,720,2770,4663,7433
00118600,COLLEGE OF THE SEQUOIAS                 ,CA,93277-2234,Public       ,451,1150,1601,6481,8007,14488
00118700,COLLEGE OF THE SISKIYOUS                ,CA,96094-2899,Public       ,48,187,235,996,1437,2433
00118701,COLLEGE OF THE SISKIYOUS - YREKA CENTER ,CA,96097-9538,Public       ,8,46,54,72,227,299
00119000,CONTRA COSTA COLLEGE                    ,CA,94806-3195,Public       ,179,561,740,2174,4066,6240
00119100,DIABLO VALLEY COLLEGE                   ,CA,94523-1544,Public       ,291,610,901,4569,4872,9441
00119200,CUESTA COLLEGE                          ,CA,93403-8106,Public       ,253,542,795,3995,3817,7812
00119300,CYPRESS COLLEGE                         ,CA,90630-5897,Public       ,468,906,1374,7978,7867,15845
00119600,DOMINICAN UNIVERSITY OF CALIFORNIA      ,CA,94901-2298,Private      ,46,80,126,2529,1430,3959
00119700,EL CAMINO COLLEGE                       ,CA,90506-0002,Public       ,621,1103,1724,10932,10595,21527
00119701,COMPTON COMMUNITY COLLEGE               ,CA,90221-5393,Public       ,138,455,593,2310,4357,6667
00119900,FOOTHILL COLLEGE                        ,CA,94022-4597,Public       ,170,333,503,2602,3649,6251
00120000,FULLER THEOLOGICAL SEMINARY             ,CA,91182-0000,Private      ,1,93,94,17,2339,2356
00120100,FULLERTON COLLEGE                       ,CA,92832-2095,Public       ,699,981,1680,11086,7782,18868
00120200,GAVILAN COLLEGE                         ,CA,95020-9599,Public       ,101,223,324,1649,2097,3746
00120300,GLENDALE COMMUNITY COLLEGE              ,CA,91208-2894,Public       ,346,682,1028,7730,8132,15862
00120400,GOLDEN GATE BAPT THEOL SEMINARY         ,CA,94941-0000,Private      ,0,0,0,3,68,71
00120500,GOLDEN GATE UNIVERSITY                  ,CA,94105-2967,Private      ,18,262,280,162,4128,4290
00120600,GOLDEN WEST COLLEGE                     ,CA,92647-2748,Public       ,362,682,1044,6716,6565,13281
00120700,GRADUATE THEOLOGICAL UNION              ,CA,94709-0000,Private      ,0,8,8,5,323,328
00120800,GROSSMONT COLLEGE                       ,CA,92020-1798,Public       ,521,1189,1710,7382,9551,16933
00120900,HARTNELL COMMUNITY COLLEGE              ,CA,93901-1697,Public       ,167,370,537,3199,2942,6141
00121200,HUMPHREYS COLLEGE                       ,CA,95207-3896,Private      ,17,90,107,315,1328,1643
00121400,IMPERIAL VALLEY COLLEGE                 ,CA,92251-9787,Public       ,184,318,502,4645,3702,8347
00121500,LA SIERRA UNIVERSITY                    ,CA,92515-3332,Private      ,62,86,148,2259,997,3256
00121600,UNIVERSITY OF LA VERNE                  ,CA,91750-4443,Private      ,75,448,523,3748,6992,10740
00121700,LASSEN COLLEGE                          ,CA,96130-3000,Public       ,37,109,146,456,762,1218
00121800,LOMA LINDA UNIVERSITY                   ,CA,92350-0001,Private      ,30,183,213,914,5407,6321
00121900,LONG BEACH CITY COLLEGE                 ,CA,90808-1780,Public       ,845,1851,2696,13785,15599,29384
00122000,MASTER'S COLLEGE & SEMINARY (THE)       ,CA,91321-1200,Private      ,25,44,69,1242,421,1663
00122300,LOS ANGELES CITY COLLEGE                ,CA,90029-3588,Public       ,390,1165,1555,6420,10772,17192
00122400,LOS ANGELES HARBOR COLLEGE              ,CA,90744-2397,Public       ,201,427,628,3450,4486,7936
00122600,LOS ANGELES PIERCE COLLEGE              ,CA,91371-0001,Public       ,549,930,1479,9082,8083,17165
00122700,LOS ANGELES TRADE TECH COLLEGE          ,CA,90015-4181,Public       ,337,1154,1491,4528,9146,13674
00122800,LOS ANGELES VALLEY COLLEGE              ,CA,91401-4096,Public       ,388,824,1212,6831,8372,15203
00122900,SO CA UNIV  HEALTH SCIENCES             ,CA,90604-4051,Private      ,3,71,74,42,690,732
00123000,SOUTHERN CA COLLEGE OF OPTOMETRY        ,CA,92831-1699,Private      ,1,5,6,8,495,503
00123200,AMERICAN RIVER COLLEGE                  ,CA,95841-4286,Public       ,882,2673,3555,11504,21230,32734
00123300,SACRAMENTO CITY COLLEGE                 ,CA,95822-1386,Public       ,830,2066,2896,11788,16825,28613
00123600,MENLO COLLEGE                           ,CA,94027-4301,Private      ,43,16,59,1303,161,1464
00123700,MERCED COMMUNITY COLLEGE                ,CA,95348-2898,Public       ,403,883,1286,5969,6173,12142
00123800,MILLS COLLEGE                           ,CA,94613-1301,Private      ,30,86,116,1835,1871,3706
00123900,MIRACOSTA COLLEGE                       ,CA,92056-3899,Public       ,234,683,917,3326,5044,8370
00124000,MODESTO JUNIOR COLLEGE                  ,CA,95350-5800,Public       ,575,1329,1904,9243,11242,20485
00124200,MONTEREY PENINSULA COLLEGE              ,CA,93940-4799,Public       ,129,302,431,2416,2497,4913
00124300,MOUNT ST MARYS COLLEGE                  ,CA,90049-1599,Private      ,41,163,204,2682,2155,4837
00124500,MT. SAN ANTONIO COLLEGE                 ,CA,91789-1399,Public       ,656,1150,1806,15163,12201,27364
00124600,MT SAN JACINTO COLLEGE                  ,CA,92583-2399,Public       ,617,1487,2104,7376,11565,18941
00124700,NAPA VALLEY COLLEGE                     ,CA,94558-6236,Public       ,152,294,446,2173,2595,4768
00124900,OCCIDENTAL COLLEGE                      ,CA,90041-3314,Private      ,67,19,86,5040,312,5352
00125000,ORANGE COAST COLLEGE - FIN AID OFF      ,CA,92628-5005,Public       ,484,945,1429,11284,8560,19844
00125100,OTIS COLLEGE OF ART AND DESIGN          ,CA,90045-3505,Private      ,51,45,96,1618,719,2337
00125200,HOPE INTERNATIONAL UNIVERSITY           ,CA,92631-0000,Private      ,25,103,128,653,886,1539
00125300,FRESNO PACIFIC UNIVERSITY               ,CA,93702-4798,Private      ,86,300,386,2147,3505,5652
00125400,PACIFIC LUTHERAN THEOLOGICAL SEM        ,CA,94708-0000,Private      ,0,3,3,2,81,83
00125500,PACIFIC OAKS COLLEGE                    ,CA,91103-3592,Private      ,0,49,49,26,568,594
00125600,PACIFIC SCHOOL OF RELIGION              ,CA,94709-0000,Private      ,0,4,4,1,176,177
00125800,PACIFIC UNION COLLEGE                   ,CA,94508-9797,Private      ,41,43,84,1696,502,2198
00125900,PALO VERDE COLLEGE                      ,CA,92225-0000,Public       ,16,70,86,254,545,799
00126000,PALOMAR COLLEGE                         ,CA,92069-1486,Public       ,530,1063,1593,7666,7558,15224
00126100,PASADENA CITY COLLEGE                   ,CA,91106-2003,Public       ,751,1098,1849,15816,10728,26544
00126200,POINT LOMA NAZARENE UNIVERSITY          ,CA,92106-2899,Private      ,104,158,262,4244,1563,5807
00126600,LANEY COLLEGE                           ,CA,94607-4893,Public       ,213,905,1118,3723,7462,11185
00126700,MERRITT COLLEGE                         ,CA,94619-3196,Public       ,100,489,589,1824,4240,6064
00126800,PORTERVILLE COLLEGE                     ,CA,93257-6059,Public       ,139,305,444,1935,2559,4494
00126900,RIO HONDO COLLEGE                       ,CA,90601-1699,Public       ,487,811,1298,9254,7458,16712
00127000,RIVERSIDE COMMUNITY COLLEGE             ,CA,92506-1299,Public       ,1191,2422,3613,21517,24204,45721
00127200,SAN BERNARDINO VALLEY COLLEGE           ,CA,92410-2798,Public       ,544,1532,2076,7226,12124,19350
00127300,SAN DIEGO CITY COLLEGE                  ,CA,92101-4787,Public       ,611,1806,2417,8205,13464,21669
00127500,SAN DIEGO MESA COLLEGE                  ,CA,92111-4996,Public       ,585,1213,1798,8319,9934,18253
00127800,SAN FRANCISCO CONSERVATORY OF MUSIC     ,CA,94122-4498,Private      ,11,16,27,329,397,726
00127900,SAN FRANCISCO THEOLOGICAL SEMINARY      ,CA,94960-0000,Private      ,1,2,3,1,115,116
00128000,SAN JOAQUIN DELTA COLLEGE               ,CA,95207-6370,Public       ,699,1781,2480,8929,11538,20467
00128100,WILLIAM JESSUP UNIVERSITY               ,CA,95765-3707,Private      ,25,58,83,753,519,1272
00128200,SAN JOSE CITY COLLEGE                   ,CA,95128-2797,Public       ,253,644,897,3827,5835,9662
00128400,SANTA ANA COLLEGE                       ,CA,92706-3398,Public       ,332,699,1031,6247,6517,12764
00128500,SANTA BARBARA CITY COLLEGE              ,CA,93109-2394,Public       ,369,642,1011,6415,5073,11488
00128600,SANTA MONICA COLLEGE                    ,CA,90405-1644,Public       ,756,1027,1783,14958,9391,24349
00128700,SANTA ROSA JUNIOR COLLEGE               ,CA,95401-4395,Public       ,376,913,1289,5448,7190,12638
00128800,CLAREMONT SCHOOL OF THEOLOGY            ,CA,91711-0000,Private      ,0,7,7,3,220,223
00128900,SHASTA COLLEGE                          ,CA,96049-7692,Public       ,237,706,943,3864,5793,9657
00129000,SIERRA COLLEGE                          ,CA,95677-3397,Public       ,561,1198,1759,6987,8874,15861
00129100,SIMPSON UNIVERSITY                      ,CA,96003-8606,Private      ,24,90,114,1152,945,2097
00129200,SOLANO COMMUNITY COLLEGE                ,CA,94534-3197,Public       ,271,710,981,3405,5746,9151
00129300,VANGUARD UNIVERSITY OF SOUTHERN CA      ,CA,92626-6597,Private      ,63,108,171,1908,1035,2943
00129400,SOUTHWESTERN COLLEGE                    ,CA,91910-7299,Public       ,491,827,1318,7938,6851,14789
00129500,SOUTHWESTERN LAW SCHOOL                 ,CA,90010-1106,Private      ,1,34,35,34,2946,2980
00129600,DOMINICAN SCH PHILOSOPHY & THEOLOGY     ,CA,94709-0000,Private      ,1,5,6,13,58,71
00129900,ST JOHN'S SEMINARY COLLEGE              ,CA,93010-0000,Private      ,2,0,2,6,2,8
00130200,SAINT MARY'S COLLEGE OF CALIFORNIA      ,CA,94556-2744,Private      ,85,144,229,4300,1624,5924
00130500,STANFORD UNIVERSITY                     ,CA,94305-6106,Private      ,436,158,594,21370,3604,24974
00130501,STANFORD UNIVERSITY - GRADUATE SCHOOL OF,CA,94305-5301,Private      ,7,45,52,82,1529,1611
00130502,STANFORD UNIVERSITY - GRADUATE SCHOOL OF,CA,94305-5015,Private      ,7,35,42,67,1518,1585
00130503,STANFORD UNIVERSITY - STANFORD LAW SCHOO,CA,94305-3096,Private      ,5,24,29,66,2282,2348
00130700,FRESNO CITY COLLEGE                     ,CA,93741-0002,Public       ,882,2277,3159,15467,17429,32896
00130800,REEDLEY COLLEGE                         ,CA,93654-2099,Public       ,464,652,1116,6155,5456,11611
00130900,TAFT COLLEGE                            ,CA,93268-2317,Public       ,88,174,262,1377,1516,2893
00131200,UNIVERSITY OF CALIFORNIA-BERKELEY       ,CA,94720-1520,Public       ,656,585,1241,48996,19602,68598
00131300,UNIVERSITY OF CALIFORNIA-DAVIS          ,CA,95616-8558,Public       ,574,352,926,46940,15040,61980
00131400,UNIVERSITY OF CALIFORNIA-IRVINE         ,CA,92697-2825,Public       ,583,369,952,49814,12050,61864
00131500,UNIVERSITY OF CALIFORNIA (UCLA)         ,CA,90095-9000,Public       ,1004,1006,2010,61140,28409,89549
00131502,UNIV OF CALIFORNIA LOS ANG SCH MED      ,CA,90095-0000,Public       ,6,10,16,142,958,1100
00131503,UNIV OF CALIFORNIA LOS ANG DENTAL       ,CA,90095-0000,Public       ,4,2,6,42,146,188
00131600,UNIVERSITY OF CALIFORNIA-RIVERSIDE      ,CA,92521-0209,Public       ,410,299,709,31708,7665,39373
00131700,UNIVERSITY OF CALIFORNIA-SAN DIEGO      ,CA,92093-0013,Public       ,551,296,847,45669,10057,55726
00131900,UNIVERSITY OF CALIFORNIA-SFRANCISCO     ,CA,94143-0246,Public       ,69,112,181,1048,4069,5117
00132000,UNIVERSITY OF CALIFORNIA-SANTA BARB     ,CA,93106-3180,Public       ,578,203,781,45317,7265,52582
00132100,UNIVERSITY OF CALIFORNIA-SANTA CRUZ     ,CA,95064-0001,Public       ,351,158,509,29183,4492,33675
00132200,UNIVERSITY OF REDLANDS                  ,CA,92373-0999,Private      ,93,307,400,4296,2683,6979
00132500,UNIVERSITY OF SAN FRANCISCO             ,CA,94117-1080,Private      ,222,379,601,9102,8450,17552
00132600,SANTA CLARA UNIVERSITY                  ,CA,95053-4956,Private      ,170,104,274,9703,5043,14746
00132604,JESUIT SCHOOL OF THEOLOGY - BERKELEY    ,CA,94709-1193,Private      ,0,0,0,0,44,44
00132800,UNIVERSITY OF SOUTHERN CALIFORNIA       ,CA,90089-0914,Private      ,576,1204,1780,31568,25925,57493
00132900,UNIVERSITY OF THE PACIFIC               ,CA,95211-0197,Private      ,183,108,291,11449,3307,14756
00132901,UNIVERSITY OF THE PACIFIC - MCGEORGE SCH,CA,95817-2799,Private      ,7,26,33,119,2316,2435
00132902,UNIV OF THE PACIFIC SCH OF DENT         ,CA,94115-0000,Private      ,1,27,28,39,586,625
00133400,VENTURA COLLEGE                         ,CA,93003-3899,Public       ,351,659,1010,4979,4785,9764
00133500,VICTOR VALLEY COLLEGE                   ,CA,92395-5849,Public       ,432,1138,1570,5968,10806,16774
00133800,WEST VALLEY COLLEGE                     ,CA,95070-5697,Public       ,170,279,449,2445,2825,5270
00134100,WESTMONT COLLEGE                        ,CA,93108-1099,Private      ,46,8,54,2291,103,2394
00134200,WHITTIER COLLEGE                        ,CA,90601-4413,Private      ,46,35,81,2981,462,3443
00134201,WHITTIER COLLEGE - COLLEGE OF LAW       ,CA,92626-1501,Private      ,1,17,18,21,1501,1522
00134300,WOODBURY UNIVERSITY                     ,CA,91510-7846,Private      ,35,57,92,1069,956,2025
00134400,YUBA COLLEGE                            ,CA,95901-7699,Public       ,253,695,948,3105,4908,8013
00134401,YUBA COLLEGE - WOODLAND COLLEGE - YOLO C,CA,95776-9327,Public       ,0,0,0,715,780,1495
00177212,TRINITY INTERNATIONAL UNIV-CA           ,CA,92705-0000,Private      ,0,16,16,5,241,246
00274100,AMERICAN JEWISH UNIVERSITY              ,CA,90077-1599,Private      ,2,7,9,103,164,267
00301002,ANTIOCH UNIV/LOS ANGELES                ,CA,90230-7615,Private      ,2,85,87,72,1098,1170
00301003,ANTIOCH  UNIV/SANTA BARBARA             ,CA,93101-0000,Private      ,22,43,65,486,580,1066
00369110,MIDDLEBURY COLLEGE - MONTEREY INSTITUTE ,CA,93940-2691,Private      ,1,34,35,25,904,929
00394700,UC-HASTINGS COLLEGE OF THE LAW          ,CA,94102-0000,Public       ,3,25,28,22,3983,4005
00394800,SAN FRANCISCO ART INSTITUTE             ,CA,94133-2299,Private      ,84,87,171,1544,1040,2584
00405500,HEBREW UNION COLLEGE - JEWISH INSTITUTE ,CA,90007-3796,Private      ,1,3,4,2,89,91
00408000,STARR KING SCHOOL FOR THE MINISTRY      ,CA,94709-1299,Private      ,0,1,1,0,74,74
00448000,DE ANZA COLLEGE                         ,CA,95014-5793,Public       ,382,619,1001,7017,5885,12902
00448100,OHLONE COLLEGE                          ,CA,94539-5847,Public       ,163,294,457,2730,2593,5323
00448101,OHLONE COLLEGE - NEWARK CENTER FOR HEALT,CA,94560-4902,Public       ,0,0,0,181,184,365
00448400,JOHN F. KENNEDY UNIVERSITY              ,CA,94523-4817,Private      ,3,115,118,41,1674,1715
00449000,PATTEN UNIVERSITY                       ,CA,94601-2699,Private      ,21,48,69,267,483,750
00449400,EVEREST COLLEGE                         ,CA,92408-3752,Proprietary  ,48,133,181,491,1141,1632
00450200,CITY COLLEGE OF SAN FRANCISCO           ,CA,94112-0000,Public       ,641,2017,2658,9066,14134,23200
00450302,EVEREST COLLEGE - SANTA ANA             ,CA,92701-4559,Proprietary  ,37,101,138,85,213,298
00563800,DOWNEY ADULT SCHOOL                     ,CA,90241-5610,Public       ,16,64,80,95,376,471
00565500,HACIENDA LA PUENTE ADULT EDUC CTR       ,CA,91746-0000,Public       ,12,60,72,140,504,644
00616500,LA CNTY CLG OF NURSING & ALLD HLTH      ,CA,90033-1018,Public       ,4,31,35,93,457,550
00672000,COLLEGE OF ALAMEDA                      ,CA,94501-2109,Public       ,118,290,408,2019,2982,5001
00673100,CASA LOMA COLLEGE                       ,CA,91405-4523,Private      ,36,79,115,229,630,859
00686300,VENTURA COUNTY CMTY CLG DISTRICT        ,CA,93010-8552,Public       ,0,0,0,34,34,68
00697300,CANADA COLLEGE                          ,CA,94061-1099,Public       ,88,207,295,1006,1683,2689
00697500,LINCOLN UNIVERSITY                      ,CA,94612-2801,Private      ,0,11,11,25,120,145
00701200,SAMUEL MERRITT COLLEGE                  ,CA,94609-3108,Private      ,14,160,174,380,2415,2795
00704700,LOS ANGELES SOUTHWEST COLLEGE           ,CA,90047-4810,Public       ,185,645,830,2739,6262,9001
00705000,BAY VISTA COLLEGE OF BEAUTY             ,CA,91950-3616,Proprietary  ,19,44,63,87,183,270
00711500,MOORPARK COLLEGE                        ,CA,93021-1695,Public       ,267,404,671,3889,3164,7053
00713000,NEWBERRY SCHOOLS OF BEAUTY              ,CA,91344-7404,Proprietary  ,12,31,43,52,93,145
00714200,LYLE'S COLLEGE OF BEAUTY                ,CA,93710-3948,Proprietary  ,14,18,32,114,187,301
00714201,LYLE'S CLG OF BTY BAKERSFIELD           ,CA,93301-0000,Proprietary  ,0,0,0,61,77,138
00716400,BRYAN COLLEGE                           ,CA,90057-0000,Proprietary  ,37,238,275,205,1417,1622
00717801,WESTERN SEMINARY - BAY AREA CENTER      ,CA,95032-0000,Private      ,0,0,0,2,20,22
00717804,WESTERN SEMINARY - SACRAMENTO           ,CA,95821-3939,Private      ,0,0,0,15,51,66
00718700,NORTH ADRIAN'S COLLEGE OF BEAUTY        ,CA,95350-2381,Proprietary  ,22,44,66,167,249,416
00719000,WYOTECH                                 ,CA,94539-7663,Proprietary  ,127,321,448,918,1805,2723
00720300,SALON SUCCESS ACADEMY                   ,CA,91786-4060,Proprietary  ,14,21,35,102,119,221
00720400,MODERN BEAUTY ACADEMY                   ,CA,93030-7016,Proprietary  ,16,6,22,57,46,103
00722900,WESTERN BEAUTY INSTITUTE                ,CA,91402-3104,Proprietary  ,34,81,115,255,510,765
00723400,HEALD COLLEGE                           ,CA,94105-2206,Proprietary  ,93,282,375,770,2075,2845
00723600,ART INST OF CALIFORNIA-LOS ANGELES      ,CA,90405-3035,Proprietary  ,672,520,1192,6763,5385,12148
00725300,FEDERICO BEAUTY INSTITUTE               ,CA,95834-1905,Proprietary  ,27,63,90,242,342,584
00729600,COLEMAN COLLEGE                         ,CA,92123-0000,Private      ,19,125,144,235,849,1084
00732909,ITT TECHNICAL INSTITUTE                 ,CA,92868-3506,Proprietary  ,127,394,521,830,2162,2992
00732971,ITT TECHNICAL INSTITUTE                 ,CA,95670-6047,Proprietary  ,120,367,487,760,2126,2886
00732976,ITT TECHNICAL INSTITUTE                 ,CA,92408-3519,Proprietary  ,152,362,514,1196,2417,3613
00732981,ITT TECHNICAL INSTITUTE                 ,CA,92123-2662,Proprietary  ,117,460,577,951,2595,3546
00732985,ITT TECHNICAL INSTITUTE                 ,CA,91773-2933,Proprietary  ,137,291,428,881,1826,2707
00732989,ITT TECHNICAL INSTITUTE                 ,CA,90502-1356,Proprietary  ,141,390,531,828,2466,3294
00732994,ITT TECHNICAL INSTITUTE                 ,CA,91342-3664,Proprietary  ,172,358,530,856,1886,2742
00746501,AMERICAN ACADEMY OF DRAMATIC ARTS - HOLL,CA,90028-7504,Private      ,14,22,36,326,164,490
00747600,MARINELLO SCHOOLS OF BEAUTY             ,CA,90023-2666,Proprietary  ,169,364,533,997,1886,2883
00747602,MARINELLO SCHOOLS OF BEAUTY - SPA ACADEM,CA,90048-5101,Proprietary  ,5,13,18,64,74,138
00747603,MARINELLO SCHOOLS OF BEAUTY - INGLEWOOD ,CA,90301-2306,Proprietary  ,1,5,6,13,18,31
00747604,MARINELLO SCHOOLS OF BEAUTY - RESEDA    ,CA,91335-4218,Proprietary  ,1,5,6,18,22,40
00747605,MARINELLO SCHOOLS OF BEAUTY - NORTH HOLL,CA,91606-3210,Proprietary  ,4,7,11,36,42,78
00747606,MARINELLO SCHOOLS OF BEAUTY - WEST COVIN,CA,91790-2805,Proprietary  ,1,6,7,24,36,60
00747607,MARINELLO SCHOOLS OF BEAUTY - SAN BERNAR,CA,92410-3261,Proprietary  ,3,6,9,95,71,166
00747608,MARINELLO SCHOOLS OF BEAUTY - ONTARIO   ,CA,91762-2113,Proprietary  ,4,13,17,93,91,184
00747609,MARINELLO SCHOOLS OF BEAUTY - WHITTIER  ,CA,90601-4107,Proprietary  ,2,6,8,46,27,73
00747611,MARINELLO SCHOOLS OF BEAUTY - SAN DIEGO ,CA,92126-4217,Proprietary  ,6,21,27,111,141,252
00747700,"HEALD COLLEGE,SCHOOLS OF BUS & TECH     ",CA,95670-6005,Proprietary  ,74,266,340,562,1874,2436
00753100,ACADEMY OF ART UNIVERSITY               ,CA,94105-3410,Proprietary  ,540,1132,1672,7994,13061,21055
00753600,COSUMNES RIVER COLLEGE                  ,CA,95823-5799,Public       ,452,1065,1517,6846,8555,15401
00754802,WESTWOOD COLLEGE OF TECHNOLOGY          ,CA,92801-0000,Proprietary  ,37,50,87,1256,832,2088
00754803,WESTWOOD COLLEGE OF TECHNOLOGY          ,CA,91786-0000,Proprietary  ,46,52,98,1188,969,2157
00760600,EVEREST COLLEGE                         ,CA,90010-2221,Proprietary  ,26,89,115,379,654,1033
00760700,CONCORDE CAREER INSTITUTE               ,CA,91606-3134,Proprietary  ,70,138,208,355,817,1172
00770700,COLUMBIA COLLEGE                        ,CA,95370-8580,Public       ,60,184,244,1006,1401,2407
00771300,SKYLINE COLLEGE                         ,CA,94066-1698,Public       ,185,333,518,2822,2955,5777
00793000,CONCORDE CAREER INSTITUTE               ,CA,92108-0000,Proprietary  ,41,169,210,301,1008,1309
00799300,CALIF STATE UNIV BAKERSFIELD            ,CA,93311-1022,Public       ,199,349,548,7348,6338,13686
00807100,CONCORDE CAREER INSTITUTE               ,CA,92840-9201,Proprietary  ,45,128,173,401,860,1261
00807300,BUTTE COMMUNITY COLLEGE                 ,CA,95965-0000,Public       ,366,945,1311,6445,8321,14766
00809000,EVEREST COLLEGE                         ,CA,91803-1310,Proprietary  ,40,120,160,372,660,1032
00809300,HEALD COLLEGE                           ,CA,93704-1706,Proprietary  ,154,404,558,1256,2712,3968
00853200,HEALD COLLEGE                           ,CA,94545-2352,Proprietary  ,102,251,353,1070,2425,3495
00853202,HEALD COLLEGE - MODESTO                 ,CA,95368-9095,Proprietary  ,33,129,162,161,442,603
00853700,CONCORDE CAREER INSTITUTE               ,CA,92401-0000,Proprietary  ,56,172,228,490,1319,1809
00859600,WEST LOS ANGELES COLLEGE                ,CA,90230-3500,Public       ,186,591,777,3099,5925,9024
00859700,FEATHER RIVER COLLEGE                   ,CA,95971-9124,Public       ,35,63,98,748,604,1352
00884400,CALIFORNIA CHRISTIAN COLLEGE            ,CA,93703-3599,Private      ,4,15,19,76,100,176
00884600,WRIGHT INSTITUTE                        ,CA,94704-0000,Private      ,0,12,12,1,499,500
00890300,COLLEGE OF THE CANYONS                  ,CA,91355-1899,Public       ,221,377,598,5037,4060,9097
00891800,SADDLEBACK COLLEGE                      ,CA,92692-3699,Public       ,347,718,1065,4029,5201,9230
00902200,ASSOCIATED TECHNICAL COLLEGE            ,CA,90017-0000,Proprietary  ,34,185,219,244,841,1085
00903200,EMPIRE COLLEGE                          ,CA,95403-2122,Proprietary  ,30,88,118,172,519,691
00915706,WYOMING TECHNICAL INSTITUTE - WEST SACRA,CA,95605-1507,Proprietary  ,109,223,332,1073,1555,2628
00927200,CRAFTON HILLS COLLEGE                   ,CA,92399-1799,Public       ,219,403,622,3040,3415,6455
00932500,ABRAM FRIEDMAN OCCUP CTR                ,CA,90015-3507,Public       ,13,51,64,109,277,386
00950900,SKILLS & BUSINESS EDUCATION CENTER      ,CA,95824-1529,Public       ,42,210,252,291,1203,1494
00974800,WESTERN CAREER COLLEGE                  ,CA,95826-3203,Proprietary  ,108,340,448,970,2698,3668
00974801,CARRINGTON COLLEGE CALIFORNIA - SAN LEAN,CA,94578-3711,Proprietary  ,52,107,159,437,1015,1452
00974802,CARRINGTON COLLEGE CALIFORNIA - PLEASANT,CA,94523-1984,Proprietary  ,39,84,123,265,566,831
00974803,CARRINGTON COLLEGE CALIFORNIA - STOCKTON,CA,95207-5509,Proprietary  ,46,89,135,438,705,1143
00974804,WESTERN CAREER COLLEGE - CITRUS HEIGHTS ,CA,95621-5577,Proprietary  ,45,102,147,360,893,1253
00974806,WESTERN CAREER COLLEGE -  ANTIOCH/WALNUT,CA,94531-1604,Proprietary  ,18,64,82,220,611,831
00974807,WESTERN CAREER COLLEGE - SAN JOSE       ,CA,95119-1325,Proprietary  ,57,119,176,577,1233,1810
00974808,WESTERN CAREER COLLEGE - EMERYVILLE     ,CA,94608-3006,Proprietary  ,11,44,55,116,367,483
00974809,WESTERN CAREER COLLEGE -  EMERYVILLE SHE,CA,94608-3006,Proprietary  ,1,4,5,4,7,11
00974810,CARRINGTON COLLEGE CALIFORNIA - CONCORD ,CA,94520-5671,Proprietary  ,0,0,0,21,37,58
00998900,SANTA BARBARA BUSINESS COLLEGE          ,CA,93111-0000,Proprietary  ,18,62,80,255,606,861
01011100,CERRO-COSO COMMUNITY COLLEGE            ,CA,93555-9571,Public       ,75,295,370,731,2019,2750
01014225,TOURO CLG OSEOPATHIC MEDICINE           ,CA,94592-1115,Private      ,0,0,0,11,593,604
01014900,PEPPERDINE UNIVERSITY                   ,CA,90263-0000,Private      ,192,348,540,7626,7292,14918
01034000,LOS MEDANOS COLLEGE                     ,CA,94565-5197,Public       ,262,599,861,2990,4348,7338
01036500,CHARLES R DREW UNIV OF MED & SCI        ,CA,90059-0000,Private      ,8,50,58,122,571,693
01036800,MENNONITE BRETHREN BIBLICAL SEM         ,CA,93727-0000,Private      ,0,2,2,1,39,40
01039500,UNIVERSITY OF SAN DIEGO                 ,CA,92110-2492,Private      ,413,338,751,14164,5212,19376
01039501,UNIVERSITY OF SAN DIEGO - SCHOOL OF LAW ,CA,92110-2492,Private      ,30,77,107,610,3899,4509
01044100,PARDEE RAND GRADUATE SCHOOL             ,CA,90407-2138,Private      ,0,3,3,5,37,42
01047400,MARYMOUNT COLLEGE OF PALOS VERDES       ,CA,90275-0000,Private      ,28,8,36,1200,94,1294
01072706,DEVRY INST. TECH.                       ,CA,91768-0000,Proprietary  ,0,0,0,301,377,678
01083200,WESTERN STATE UNIV COLLEGE OF LAW       ,CA,92831-3014,Proprietary  ,0,26,26,11,1155,1166
01085400,THOMAS JEFFERSON SCHOOL OF LAW          ,CA,92110-0000,Private      ,0,111,111,25,2314,2339
01102400,EVEREST COLLEGE                         ,CA,94103-2091,Proprietary  ,28,122,150,218,593,811
01110700,EVEREST  COLLEGE                        ,CA,92801-5231,Proprietary  ,61,117,178,545,1015,1560
01110900,EVEREST COLLEGE                         ,CA,91335-4631,Proprietary  ,95,310,405,457,947,1404
01111200,FIDM-FASHION INSTITUTE OF DESIGN        ,CA,90015-1421,Proprietary  ,340,232,572,6642,2517,9159
01111700,ALLIANT INTERNATIONAL UNIVERSITY        ,CA,92131-1799,Private      ,11,130,141,146,2859,3005
01111705,ALLIANT INTERNATIONAL UNIVERSITY - LOS A,CA,91803-1360,Private      ,4,18,22,13,606,619
01111706,ALLIANT INTERNATIONAL UNIVERSITY - SAN F,CA,94133-1221,Private      ,3,21,24,39,803,842
01111707,ALLIANT INTERNATIONAL UNIVERSITY - FRESN,CA,93727-2014,Private      ,4,30,34,57,538,595
01112100,EVEREST COLLEGE                         ,CA,94541-4007,Proprietary  ,23,85,108,182,633,815
01112300,EVEREST COLLEGE                         ,CA,90247-4163,Proprietary  ,42,105,147,391,989,1380
01146000,NATIONAL UNIVERSITY                     ,CA,92037-1011,Private      ,90,2338,2428,640,15146,15786
01162600,PRACTICAL SCHOOLS                       ,CA,92805-0000,Proprietary  ,18,53,71,460,884,1344
01164900,LOYOLA MARYMOUNT UNIVERSITY             ,CA,90045-0000,Private      ,215,154,369,10788,3575,14363
01164901,LMU  - LOYOLA LAW SCHOOL                ,CA,90015-0019,Private      ,5,36,41,473,3912,4385
01167200,MENDOCINO COLLEGE                       ,CA,95482-3000,Public       ,71,234,305,1117,1853,2970
01169600,NATIONAL POLYTECHNIC COLLEGE OF SCIENCE ,CA,90744-6399,Private      ,0,0,0,30,143,173
01170700,NORTH-WEST COLLEGE                      ,CA,91790-2097,Proprietary  ,47,47,94,235,414,649
01179200,FRANCISCAN SCHOOL OF THEOLOGY           ,CA,94709-0000,Private      ,0,3,3,4,38,42
01182000,SAN DIEGO MIRAMAR COLLEGE               ,CA,92126-0000,Public       ,207,593,800,3361,4974,8335
01186500,CALIFORNIA HAIR DESIGN ACADEMY          ,CA,92115-0000,Proprietary  ,25,39,64,155,210,365
01186600,LU ROSS ACADEMY                         ,CA,93001-2927,Proprietary  ,35,39,74,104,160,264
01202600,JE BOUTIQUE COLLEGE OF BEAUTY           ,CA,92021-6247,Proprietary  ,5,30,35,55,127,182
01202700,GALEN COLLEGE OF CALIFORNIA             ,CA,93728-2381,Proprietary  ,10,26,36,81,137,218
01203100,SAN DIEGO CHRISTIAN COLLEGE             ,CA,92019-1157,Private      ,37,39,76,640,289,929
01206100,EVEREST COLLEGE                         ,CA,95128-3908,Proprietary  ,35,97,132,275,645,920
01215400,CALIFORNIA INSTITUTE OF INTEGRAL STUDIES,CA,94103-2557,Private      ,1,79,80,35,1662,1697
01231600,MANCHESTER BEAUTY COLLEGE               ,CA,93726-5306,Proprietary  ,13,32,45,149,289,438
01231700,TULARE BEAUTY COLLEGE                   ,CA,93274-3432,Proprietary  ,3,7,10,32,78,110
01244600,UNIVERSAL COLLEGE OF BEAUTY             ,CA,90044-0044,Proprietary  ,5,19,24,69,108,177
01245200,EVERGREEN VALLEY COLLEGE                ,CA,95135-1598,Public       ,234,451,685,4357,4433,8790
01255000,LOS ANGELES MISSION COLLEGE             ,CA,91342-3200,Public       ,217,459,676,3759,4291,8050
01265000,MARINELLO SCHOOL OF BEAUTY              ,CA,91502-2828,Proprietary  ,25,60,85,162,376,538
01265100,MARINELLO SCHOOL OF BEAUTY              ,CA,91748-1674,Proprietary  ,6,33,39,49,126,175
01284200,OXNARD COLLEGE                          ,CA,93030-0000,Public       ,220,505,725,2856,3591,6447
01287200,NORTH-WEST COLLEGE                      ,CA,91768-3199,Proprietary  ,21,72,93,193,446,639
01287300,WYOTECH                                 ,CA,90810-3800,Proprietary  ,148,288,436,980,1733,2713
01287301,WYOTECH - EVEREST  COLLEGE              ,CA,90034-3158,Proprietary  ,21,90,111,199,675,874
01287302,WYOTECH - EVEREST  COLLEGE              ,CA,91746-3412,Proprietary  ,65,123,188,550,962,1512
01290700,LAKE TAHOE COMMUNITY COLLEGE            ,CA,96150-4524,Public       ,59,139,198,654,928,1582
01291100,MARINELLO SCHOOL OF BEAUTY              ,CA,92646-2552,Proprietary  ,5,18,23,73,130,203
01291200,MTI COLLEGE                             ,CA,95841-0000,Proprietary  ,51,184,235,509,1564,2073
01294200,ROSEMEAD BEAUTY SCHOOL                  ,CA,91770-1639,Proprietary  ,6,49,55,42,279,321
01298400,PROFESSIONAL INSTITUTE OF BEAUTY        ,CA,91731-2613,Proprietary  ,7,25,32,40,118,158
01298500,HAIR CALIFORNIA BEAUTY ACADEMY          ,CA,92867-7127,Proprietary  ,4,10,14,42,70,112
01298900,OCEANSIDE COLLEGE OF BEAUTY             ,CA,92054-5393,Proprietary  ,12,22,34,88,128,216
01301000,LANCASTER BEAUTY SCHOOL                 ,CA,93534-3098,Proprietary  ,16,40,56,102,225,327
01307400,AMERICAN BEAUTY COLLEGE                 ,CA,91790-2906,Proprietary  ,2,13,15,67,73,140
01309500,SALON SUCCESS ACADEMY                   ,CA,92879-6561,Proprietary  ,21,32,53,151,186,337
01310300,CALIFORNIA WESTERN SCHOOL OF LAW        ,CA,92101-0000,Private      ,12,78,90,107,2338,2445
01324000,LYTLE'S REDWOOD EMPIRE BEAUTY CLG       ,CA,95403-0000,Proprietary  ,17,28,45,134,194,328
02054900,MARINELLO SCHOOL OF BEAUTY              ,CA,92630-0000,Proprietary  ,11,21,32,61,114,175
02059800,PARIS BEAUTY COLLEGE                    ,CA,94520-2611,Proprietary  ,5,31,36,66,181,247
02063500,COASTLINE COMMUNITY COLLEGE             ,CA,92708-0000,Public       ,57,588,645,1267,4938,6205
02064300,SIERRA COLLEGE OF BEAUTY                ,CA,95340-0000,Proprietary  ,9,19,28,80,130,210
02065700,CALIFORNIA BEAUTY COLLEGE               ,CA,95354-0000,Proprietary  ,8,32,40,138,169,307
02070500,CONCORDIA UNIVERSITY                    ,CA,92612-0000,Private      ,49,177,226,2216,1839,4055
02075800,SOUTHERN CA INST OF ARCHITECTURE        ,CA,90013-0000,Private      ,4,22,26,171,609,780
02086400,MARINELLO SCHOOL OF BEAUTY              ,CA,95050-0000,Proprietary  ,48,89,137,285,600,885
02091200,ELEGANCE INTERNATIONAL                  ,CA,90028-0000,Proprietary  ,18,29,47,138,172,310
02091700,KAPLAN COLLEGE                          ,CA,92123-1509,Proprietary  ,59,251,310,686,2147,2833
02091702,KAPLAN COLLEGE - CHULA VISTA            ,CA,91910-5342,Proprietary  ,30,58,88,177,269,446
02096100,FIELDING INSTITUTE                      ,CA,93105-0000,Private      ,1,284,285,10,1414,1424
02099200,AMERICAN CONSERVATORY THEATER           ,CA,94108-0000,Private      ,4,12,16,53,203,256
02110200,COLUMBIA COLLEGE                        ,CA,91356-0000,Private      ,18,12,30,351,181,532
02110800,CALIFORNIA COLLEGE SAN DIEGO            ,CA,92108-3821,Proprietary  ,77,230,307,1224,2263,3487
02111300,CUYAMACA COLLEGE                        ,CA,92019-0000,Public       ,253,729,982,3397,5517,8914
02113601,AMERICAN INTERCONTINENTAL UNIV - LOS ANG,CA,90066-7008,Proprietary  ,5,24,29,45,194,239
02119100,MISSION COLLEGE                         ,CA,95054-1897,Public       ,171,403,574,2576,4323,6899
02120600,SAYBROOK GRADUATE SCHOOL                ,CA,94111-1920,Private      ,0,63,63,2,699,701
02120700,SAN JOAQUIN VALLEY COLLEGE              ,CA,93291-0000,Proprietary  ,352,935,1287,2927,6701,9628
02125000,CAREER ACADEMY OF BEAUTY                ,CA,92845-0000,Proprietary  ,15,20,35,72,134,206
02128200,"VICTOR VALLEY BEAUTY COLLEGE, INC       ",CA,92392-0000,Proprietary  ,14,23,37,124,216,340
02128300,INSTITUTE FOR BUSINESS & TECHNOLOGY     ,CA,95050-0000,Proprietary  ,26,201,227,113,778,891
02128301,INSTITUTE FOR BUSINESS & TECHNOLOGY - NA,CA,95670-6351,Proprietary  ,19,128,147,67,533,600
02138300,PALO ALTO UNIVERSITY                    ,CA,94304-1337,Private      ,2,16,18,41,697,738
02147400,CLEVELAND CHIROPRACTIC COLLEGE          ,CA,90004-0000,Private      ,3,58,61,46,346,392
02161800,MUSICIANS INSTITUTE                     ,CA,90028-6157,Proprietary  ,123,130,253,1597,1268,2865
02167800,ESTES INSTITUTE OF COSMETOLOGY          ,CA,93291-0000,Proprietary  ,15,27,42,121,138,259
02174600,MARINELLO SCHOOL OF BEAUTY              ,CA,90201-0000,Proprietary  ,11,17,28,94,132,226
02180600,BRIDGES  ACADEMY OF BEAUTY              ,CA,92311-2327,Proprietary  ,2,9,11,19,37,56
02184900,PALMER COLLEGE OF CHIROPRACTIC WEST     ,CA,95134-0000,Private      ,2,23,25,19,380,399
02185800,MOLER BARBER COLLEGE                    ,CA,94611-0000,Proprietary  ,7,12,19,42,90,132
02187500,"HEALD COLLEGE, SCH OF BUS & TECH        ",CA,94520-0000,Proprietary  ,111,284,395,937,2193,3130
02188400,SIERRA VALLEY COLLEGE OF COURT REPORTING,CA,93726-0000,Proprietary  ,6,20,26,78,201,279
02208600,MADERA BEAUTY COLLEGE                   ,CA,93637-3519,Proprietary  ,3,15,18,68,102,170
02211000,HAIRMASTERS UNIVERSITY OF BEAUTY        ,CA,92405-0000,Proprietary  ,7,9,16,59,70,129
02220000,COLLEEN O'HARA BEAUTY ACADEMY           ,CA,92701-0000,Proprietary  ,28,32,60,124,217,341
02220200,CALIFORNIA CULINARY ACADEMY             ,CA,94102-3336,Proprietary  ,61,104,165,764,1035,1799
02221300,MARINELLO SCHOOL OF BEAUTY              ,CA,92553-0000,Proprietary  ,25,69,94,194,379,573
02222000,AMERICAN FILM INSTITUTE                 ,CA,90027-0000,Private      ,18,42,60,253,732,985
02226000,EAST LOS ANGELES COLLEGE                ,CA,91754-0000,Public       ,677,975,1652,11968,10414,22382
02228500,LIFE CHIROPRACTIC COLLEGE-WEST          ,CA,94545-0000,Private      ,3,29,32,12,401,413
02230900,FREDRICK & CHARLES BEAUTY COLLEGE       ,CA,95501-0000,Proprietary  ,7,6,13,57,79,136
02231900,GEMOLOGICAL INSTITUTE OF AMERICA        ,CA,92008-4698,Private      ,7,42,49,60,299,359
02234300,FASHION CAREERS OF CALIFORNIA           ,CA,92110-0000,Proprietary  ,15,23,38,197,162,359
02236400,"THANH LE COLG, SCH OF COSMETOLOGY       ",CA,92840-0000,Proprietary  ,2,17,19,7,52,59
02237200,PHILLIPS GRADUATE INSTITUTE             ,CA,91316-0000,Private      ,0,23,23,1,281,282
02241600,SAN DIEGO CONTINUING EDUCATION          ,CA,92113-0000,Public       ,18,84,102,141,605,746
02241800,AMERICAN CAREER COLLEGE                 ,CA,90004-0000,Proprietary  ,264,546,810,1823,3580,5403
02242700,BERKELEY CITY COLLEGE                   ,CA,94704-0000,Public       ,170,343,513,2317,3238,5555
02250602,EVEREST COLLEGE                         ,CA,91761-8525,Proprietary  ,41,177,218,452,1472,1924
02255400,INTERNATIONAL SCHOOL OF COSMETOLOGY     ,CA,90250-0000,Proprietary  ,41,57,98,90,140,230
02255600,MARINELLO SCHOOL OF BEAUTY              ,CA,90723-0000,Proprietary  ,12,20,32,105,178,283
02258600,ALAMEDA BEAUTY COLLEGE                  ,CA,94501-0000,Proprietary  ,17,40,57,170,276,446
02262400,YESHIVA OHR ELCHONON CHABAD             ,CA,90046-0000,Private      ,2,0,2,47,2,49
02263101,ANTHEM COLLEGE - SACRAMENTO             ,CA,95827-3378,Proprietary  ,8,17,25,35,108,143
02267600,INSTITUTE OF TRANSPERSONAL PSYCHLGY     ,CA,94303-4624,Private      ,0,30,30,4,506,510
02270600,LIFE PACIFIC COLLEGE                    ,CA,91773-0000,Private      ,22,38,60,331,229,560
02276800,WESTMINSTER SEMINARY CALIFORNIA         ,CA,92027-0000,Private      ,0,6,6,3,165,168
02277400,SOUTH COAST COLLEGE                     ,CA,92868-2616,Proprietary  ,7,46,53,148,460,608
02282300,ALHAMBRA BEAUTY COLLEGE                 ,CA,91802-0000,Proprietary  ,14,36,50,51,168,219
02285100,HILLTOP BEAUTY SCHOOL                   ,CA,94014-0000,Proprietary  ,4,27,31,43,173,216
02298000,DESIGN INSTITUTE OF SAN DIEGO           ,CA,92121-0000,Proprietary  ,11,17,28,198,287,485
02304300,"PLATT COLLEGE, SAN DIEGO                ",CA,92115-0000,Proprietary  ,21,55,76,232,420,652
02306300,KAPLAN COLLEGE                          ,CA,95368-0000,Proprietary  ,53,96,149,555,958,1513
02306302,KAPLAN COLLEGE - FRESNO                 ,CA,93612-3802,Proprietary  ,22,52,74,322,672,994
02309500,CLOVIS ADULT EDUC                       ,CA,93611-0000,Public       ,7,55,62,47,366,413
02312400,LA COLLEGE INTERNATIONAL                ,CA,90010-0000,Proprietary  ,21,232,253,153,2011,2164
02327600,ART INST OF CALIFORNIA-SAN DIEGO        ,CA,92108-4401,Proprietary  ,313,358,671,3855,3606,7461
02330500,LAGUNA COLLEGE OF ART AND DESIGN        ,CA,92651-0000,Private      ,11,17,28,452,207,659
02332800,CENTER FOR EMPLOYMENT TRAINING          ,CA,95110-0000,Private      ,162,642,804,518,2200,2718
02338500,GLENDALE CAREER COLLEGE                 ,CA,91201-0000,Proprietary  ,60,97,157,189,427,616
02338700,MARINELLO SCHOOL OF BEAUTY              ,CA,94103-0000,Proprietary  ,24,65,89,189,402,591
02342400,ACADEMY OF RADIO BROADCASTING           ,CA,92647-3809,Proprietary  ,14,73,87,99,326,425
02343400,"BELLUS ACADEMY, THE ACADEMY OF BEAUTY AN",CA,92064-4633,Proprietary  ,31,79,110,152,384,536
02345800,MONTEBELLO BEAUTY COLLEGE               ,CA,90640-0000,Proprietary  ,4,8,12,47,67,114
02351900,KAPLAN COLLEGE                          ,CA,95660-5512,Proprietary  ,49,154,203,440,1241,1681
02351901,KAPLAN COLLEGE - BAKERSFIELD            ,CA,93304-0000,Proprietary  ,41,117,158,584,1098,1682
02358000,THOMAS AQUINAS COLLEGE                  ,CA,93060-9622,Private      ,3,1,4,342,23,365
02359300,SHASTA BIBLE COLLEGE                    ,CA,96002-0000,Private      ,0,11,11,50,75,125
02482700,WESTERN UNIVERSITY OF HEALTH S          ,CA,91766-1854,Private      ,12,48,60,103,4462,4565
02494800,LOLA BEAUTY COLLEGE                     ,CA,92641-0000,Proprietary  ,2,6,8,17,30,47
02497300,TRINITY COLLEGE                         ,CA,93277-8109,Proprietary  ,35,152,187,226,810,1036
02500000,SAN JOAQUIN COLLEGE OF LAW              ,CA,93612-0000,Private      ,1,7,8,20,324,344
02518400,THE NATIONAL HISPANIC UNIVERSITY        ,CA,95127-0000,Proprietary  ,10,51,61,362,509,871
02519800,AVANCE BEAUTY COLLEGE                   ,CA,92154-0000,Proprietary  ,6,30,36,95,159,254
02520200,CALIFORNIA CAREER SCHOOLS               ,CA,92805-0000,Proprietary  ,5,30,35,50,166,216
02520300,INTERIOR DESIGNERS INSTITUTE            ,CA,92660-0000,Proprietary  ,13,47,60,35,145,180
02520400,ADRIAN'S BEAUTY COLLEGE OF TURLOCK      ,CA,95382-0000,Proprietary  ,11,33,44,132,175,307
02537200,PALOMAR INSTITUTE OF COSMETOLOGY        ,CA,92069-0000,Proprietary  ,18,49,67,140,219,359
02539100,KAPLAN COLLEGE                          ,CA,91606-3231,Proprietary  ,40,104,144,558,1366,1924
02539102,KAPLAN COLLEGE -  RIVERSIDE             ,CA,92507-4223,Proprietary  ,9,52,61,488,1042,1530
02539500,IRVINE VALLEY COLLEGE                   ,CA,92620-0000,Public       ,229,463,692,3699,3403,7102
02542300,NATIONAL HOLISTIC INSTITUTE             ,CA,94608-0000,Proprietary  ,33,133,166,200,692,892
02543400,BROWNSON TECHNICAL SCHOOL               ,CA,92805-0000,Proprietary  ,12,47,59,55,174,229
02545900,HYPNOSIS MOTIVATION INSTITUTE           ,CA,91356-0000,Private      ,2,30,32,4,133,137
02546400,MTI BUSINESS COLLEGE INC                ,CA,95207-0000,Proprietary  ,7,47,54,47,187,234
02549000,KAPLAN COLLEGE                          ,CA,92083-7736,Proprietary  ,69,186,255,566,1327,1893
02549005,KAPLAN COLLEGE -  PALM SPRINGS          ,CA,92262-7011,Proprietary  ,42,60,102,398,733,1131
02553500,ASSOCIATED TECHNICAL COLLEGE            ,CA,92101-0000,Proprietary  ,20,61,81,117,323,440
02553600,DIVERSIFIED LANGUAGE INSTITUTE          ,CA,90017-0000,Proprietary  ,10,180,190,58,685,743
02559300,UNITED EDUCATION INSTITUTE              ,CA,90020-0000,Proprietary  ,870,1939,2809,3901,8270,12171
02559301,UNITED EDUCATION INSTITUTE - SAN BERNARD,CA,92408-3740,Proprietary  ,0,0,0,35,67,102
02559303,UNITED EDUCATION INSTITUTE - SAN DIEGO  ,CA,92123-1949,Proprietary  ,0,0,0,59,134,193
02559304,UNITED EDUCATION INSTITUTE - ONTARIO    ,CA,91764-5574,Proprietary  ,0,0,0,32,54,86
02559305,UNITED EDUCATION INSTITUTE  - VAN NUYS  ,CA,91405-1951,Proprietary  ,0,0,0,20,22,42
02559400,INTERCOAST COLLEGES                     ,CA,92868-1656,Proprietary  ,91,538,629,331,2793,3124
02565400,KAPLAN COLLEGE                          ,CA,95207-6216,Proprietary  ,24,92,116,395,784,1179
02570300,LOS ANGELES ORT COLLEGE                 ,CA,90048-0000,Private      ,32,150,182,152,783,935
02577900,SANTA BARBARA BUSINESS COLLEGE          ,CA,93309-1664,Proprietary  ,52,160,212,585,1282,1867
02578000,SANTA BARBARA BUSINESS COLLEGE          ,CA,93454-6943,Proprietary  ,23,57,80,220,486,706
02584200,NEWBRIDGE COLLEGE                       ,CA,92701-0000,Proprietary  ,32,101,133,201,571,772
02591600,NORTH-WEST COLLEGE                      ,CA,91101-1744,Proprietary  ,9,27,36,71,196,267
02593100,HEALD COLLEGE                           ,CA,95678-5303,Proprietary  ,68,258,326,665,2105,2770
02593200,HEALD COLLEGE                           ,CA,95035-8008,Proprietary  ,117,295,412,782,2030,2812
02593300,HEALD COLLEGE                           ,CA,95210-5667,Proprietary  ,129,364,493,1190,2971,4161
02595600,ASIAN AMERICAN INTERNATIONAL BTY CG     ,CA,92683-4043,Proprietary  ,2,20,22,22,69,91
02597300,SOUTH BAYLO UNIVERSITY                  ,CA,92801-1701,Private      ,0,49,49,4,241,245
02602300,CENTRAL COAST COLLEGE                   ,CA,93901-3301,Proprietary  ,20,43,63,225,443,668
02608900,PINNACLE COLLEGE                        ,CA,91803-8842,Proprietary  ,18,19,37,80,95,175
02608901,PINNACLE COLLEGE - SACRAMENTO           ,CA,95670-6386,Proprietary  ,9,26,35,66,157,223
02609000,EMPERORS COLG OF TRAD ORIENTAL MED      ,CA,90403-5609,Proprietary  ,1,30,31,18,200,218
02612800,LOS ANGELES RECORDING SCHOOL            ,CA,90028-3112,Proprietary  ,42,65,107,425,402,827
02619300,SAMRA UNIV OF ORIENTAL MEDICINE         ,CA,90015-1019,Private      ,0,0,0,5,43,48
03010611,VIRGINIA COLLEGE - GOLF ACADEMY OF AMERI,CA,92008-6512,Proprietary  ,12,25,37,94,283,377
03011300,"CALIF STATE UNIV, SAN MARCOS            ",CA,92096-0001,Public       ,282,419,701,11013,6091,17104
03019900,ADELANTE CAREER INSTITUTE               ,CA,91402-4924,Proprietary  ,7,22,29,37,92,129
03025600,DELL'ARTE SCH OF PHYSICAL THEATRE       ,CA,95525-0816,Private      ,1,1,2,6,47,53
03027700,PACIFIC COLLEGE OF ORIENTAL MED         ,CA,92108-4408,Proprietary  ,4,122,126,47,643,690
03029600,POMONA ADULT SCHOOL                     ,CA,91766-0000,Public       ,20,46,66,87,242,329
03031409,INTERNATIONAL ACADEMY OF DESIGN AND TECH,CA,95834-9664,Proprietary  ,37,83,120,393,698,1091
03034000,HEALD COLLEGE                           ,CA,93906-5100,Proprietary  ,94,199,293,927,1650,2577
03035700,LAS POSITAS COLLEGE                     ,CA,94551-6750,Public       ,151,324,475,2251,2425,4676
03039900,FREMONT COLLEGE                         ,CA,90703-5342,Proprietary  ,19,63,82,243,464,707
03043900,NEWSCHOOL OF ARCHITECTURE & DESIGN      ,CA,92101-6634,Proprietary  ,19,60,79,333,668,1001
03044500,KAPLAN COLLEGE                          ,CA,91402-4222,Proprietary  ,14,34,48,131,309,440
03054100,ROYALE COLLEGE OF BEAUTY                ,CA,92590-2525,Proprietary  ,9,15,24,67,78,145
03062300,WESTECH COLLEGE                         ,CA,91764-4988,Proprietary  ,19,145,164,164,649,813
03062400,MT DIABLO ADULT EDUC LOMA VISTA CTR     ,CA,94518-1122,Public       ,7,20,27,78,188,266
03062700,PLATT COLLEGE                           ,CA,90041-0000,Proprietary  ,20,28,48,188,229,417
03062701,PLATT COLLEGE                           ,CA,91764-0000,Proprietary  ,32,67,99,305,472,777
03063400,MODERN TECHNOLOGY SCHOOL                ,CA,92708-9821,Proprietary  ,9,29,38,71,193,264
03067400,BALDWIN PARK ADULT SCHOOL               ,CA,91706-4897,Public       ,24,68,92,132,329,461
03067500,INSTITUTE OF TECHNOLOGY                 ,CA,93612-3217,Proprietary  ,179,691,870,1083,3367,4450
03067505,INSTITUTE OF TECHNOLOGY - REDDING       ,CA,96002-0926,Proprietary  ,0,0,0,62,181,243
03069500,SAGE COLLEGE                            ,CA,92557-6720,Proprietary  ,33,110,143,157,692,849
03072300,EVEREST COLLEGE                         ,CA,91761-3222,Proprietary  ,60,152,212,470,1007,1477
03072700,WESTWOOD COLLEGE - LOS ANGELES          ,CA,90010-1577,Proprietary  ,147,629,776,2128,7206,9334
03074900,MARTINEZ ADULT CENTER                   ,CA,94553-3298,Public       ,0,18,18,6,82,88
03078200,AMERICAN CLG TRADITIONAL CHINESE MD     ,CA,94107-2813,Private      ,0,21,21,8,308,316
03084700,VENTURA ADULT\CONTINUING EDUCATION      ,CA,93003-7313,Public       ,11,47,58,46,191,237
03094400,ELITE PROGRESSIVE SCHOOL OF COSM        ,CA,95841-2909,Proprietary  ,29,75,104,295,552,847
03097700,CENTRAL CALIF SCH CONTINUING EDUC       ,CA,93401-6739,Proprietary  ,9,44,53,53,259,312
03098200,YO SAN UNIV TRADITIONAL CHINESE MED     ,CA,90066-1103,Private      ,0,41,41,5,175,180
03108100,SUMMIT CAREER COLLEGE                   ,CA,92324-3956,Proprietary  ,95,361,456,410,1335,1745
03109500,DONGGUK ROYAL UNIVERSITY                ,CA,90020-1765,Private      ,1,31,32,7,108,115
03113300,MCED CAREER COLLEGE                     ,CA,93727-1620,Proprietary  ,42,124,166,134,377,511
03113600,SOUTHERN CALIFORNIA INST OF TECHNOL     ,CA,92805-3758,Proprietary  ,19,152,171,110,941,1051
03116600,EAST SAN GABRIEL VLY REG OCCUP PROG     ,CA,91790-2105,Public       ,16,165,181,106,532,638
03125300,JOHN WESLEY INTER. BARBER & BTY CLG     ,CA,90813-4321,Proprietary  ,8,10,18,58,97,155
03125400,ART INSTITUTE OF CALIFORNIA-HOLLYWOOD (T,CA,91601-3112,Proprietary  ,285,198,483,2967,2317,5284
03125800,PREMIERE CAREER COLLEGE                 ,CA,91706-3746,Proprietary  ,19,71,90,169,378,547
03126800,PACIFICA GRADUATE INSTITUTE             ,CA,93013-0000,Proprietary  ,1,67,68,3,990,993
03128700,MT SIERRA COLLEGE                       ,CA,91016-3414,Proprietary  ,27,46,73,283,484,767
03131300,FIVE BRANCHES UNIVERSITY                ,CA,95062-4669,Private      ,1,28,29,43,402,445
03144400,AMERICAN CLG OF HEALTH PROFESSIONS      ,CA,92374-0000,Proprietary  ,40,131,171,149,418,567
03150500,VIRGINIA SEWING MACHINES & SCH CTR      ,CA,90015-3535,Proprietary  ,1,20,21,6,89,95
03162300,FOUR-D SUCCESS ACADEMY                  ,CA,92324-4218,Proprietary  ,37,167,204,219,907,1126
03163300,PACIFIC STATES UNIVERSITY               ,CA,90006-4298,Private      ,3,5,8,28,42,70
03195400,EVEREST COLLEGE                         ,CA,90501-2867,Proprietary  ,20,44,64,155,299,454
03210300,LE CORDON BLEU COLLEGE OF CULINARY ARTS ,CA,91101-5221,Proprietary  ,347,1156,1503,2504,5883,8387
03225300,AMERICAN UNIVERSITY OF HEALTH SCIENCES  ,CA,90755-3612,Proprietary  ,14,30,44,77,193,270
03242300,CAREER NETWORK INSTITUTE                ,CA,92868-4710,Proprietary  ,34,145,179,147,622,769
03250300,COMMUNITY BASED EDUCATION AND DEVEL     ,CA,90036-1137,Private      ,10,37,47,62,201,263
03260300,CALIFORNIA STATE U-MONTEREY BAY         ,CA,93955-8001,Public       ,209,146,355,8064,2779,10843
03266300,BETHESDA UNIVERSITY OF CALIFORNIA       ,CA,92801-4132,Private      ,3,7,10,23,83,106
03278300,CLARITA CAREER COLLEGE                  ,CA,91351-5432,Proprietary  ,177,335,512,718,1548,2266
03282300,KIM ANH ACADEMY OF BEAUTY               ,CA,92683-4605,Proprietary  ,0,0,0,10,110,120
03288300,ACAD CHINESE CULTURE & HEALTH SCIS      ,CA,94512-0000,Private      ,7,16,23,27,184,211
03299300,PACIFIC COLLEGE                         ,CA,92626-3160,Proprietary  ,13,60,73,81,515,596
03308300,KENSINGTON COLLEGE                      ,CA,92705-8708,Proprietary  ,0,12,12,5,57,62
03321300,SCRIPPS RESEARCH INSTITUTE (THE)        ,CA,92037-0000,Private      ,0,0,0,12,41,53
03327400,ACUPUNCTURE AND INTEGRATIVE MEDICINE COL,CA,94704-2724,Private      ,4,40,44,56,262,318
03332300,SOUTHERN CA BIBLE CLG & SEMINARY        ,CA,92019-1109,Private      ,1,24,25,13,175,188
03359300,ST. FRANCIS CAREER COLLEGE              ,CA,90262-2659,Private      ,10,28,38,78,251,329
03367300,PROFESSIONAL GOLFERS CAREER COLLEGE     ,CA,92591-6013,Proprietary  ,19,45,64,252,401,653
03394300,REMINGTON COLLEGE - SAN DIEGO CAMPUS    ,CA,92108-3002,Proprietary  ,0,2,2,192,360,552
03395300,INTERNATIONAL CAREER DEVELOPMENT        ,CA,90027-5794,Proprietary  ,206,997,1203,842,4292,5134
03399300,NORTHWESTERN TECHNICAL COLLEGE          ,CA,95670-4443,Proprietary  ,22,84,106,161,624,785
03403300,TRINITY LIFE BIBLE COLLEGE              ,CA,95842-3546,Private      ,8,31,39,96,402,498
03413400,ENGLISH CENTER  (THE)                   ,CA,94607-3734,Private      ,5,47,52,31,250,281
03427400,CAREER COLLEGES OF AMERICA              ,CA,90280-7420,Proprietary  ,70,324,394,492,1880,2372
03427500,ANTELOPE VALLEY MEDICAL COLLEGE         ,CA,93534-3324,Proprietary  ,88,194,282,492,910,1402
03440400,MARIAN HEALTH CAREERS CENTER            ,CA,90010-1728,Proprietary  ,27,32,59,83,169,252
03441400,VALLEY CAREER COLLEGE                   ,CA,92020-3057,Proprietary  ,22,91,113,120,468,588
03458300,MY LE'S BEAUTY COLLEGE                  ,CA,95824-3039,Proprietary  ,8,35,43,98,215,313
03467300,MARINELLO SCHOOL OF BEAUTY              ,CA,92545-3661,Proprietary  ,22,42,64,185,421,606
03467301,CALIFORNIA BEAUTY COLLEGE - DESERT HOT S,CA,92240-1307,Proprietary  ,1,0,1,12,14,26
03479300,PROFESSIONAL CAREER INSTITUTE           ,CA,90703-2522,Proprietary  ,7,17,24,81,144,225
03485400,JAMES ALBERT SCHOOL OF COSMETOLOGY      ,CA,92627-3831,Proprietary  ,30,42,72,125,156,281
03485401,JAMES ALBERT SCHOOL OF COSMETOLOGY - ANA,CA,92804-5384,Proprietary  ,0,0,0,15,16,31
03516300,KING'S UNIVERSITY (THE)                 ,CA,91405-2233,Private      ,4,51,55,84,347,431
03532400,ADVANCED TRAINING ASSOCIATES            ,CA,92020-1236,Proprietary  ,4,22,26,17,105,122
03542400,COPPER MOUNTAIN COLLEGE                 ,CA,92252-6102,Public       ,77,291,368,735,2038,2773
03577300,COBA ACADEMY                            ,CA,92866-1407,Proprietary  ,15,12,27,65,77,142
03590400,NTMA TRAINING CENTERS OF SOUTHERN C     ,CA,90650-6099,Private      ,39,117,156,103,419,522
03592400,IRELL & MANELLA GRADUATE SCHOOL OF BIOLO,CA,91010-0000,Private      ,0,0,0,0,8,8
03598300,AVALON BEAUTY COLLEGE                   ,CA,93103-3137,Proprietary  ,17,28,45,96,110,206
03614300,UNITED BEAUTY COLLEGE                   ,CA,91733-0000,Proprietary  ,3,13,16,9,86,95
03621300,LIBERTY TRAINING INSTITUTE              ,CA,90057-3202,Proprietary  ,0,0,0,1,0,1
03639300,WEST COAST ULTRASOUND INSTITUTE         ,CA,90211-3312,Proprietary  ,44,189,233,328,1429,1757
03646300,DESIGN'S SCHOOL OF COSMETOLOGY          ,CA,93446-1471,Proprietary  ,20,30,50,78,155,233
03681300,CALIFORNIA HEALING ARTS COLLEGE         ,CA,90025-2589,Proprietary  ,5,37,42,58,184,242
03695300,COMMUNITY ENHANCEMENT SERVICES          ,CA,91502-2750,Private      ,2,31,33,16,130,146
03695700,SANTIAGO CANYON COLLEGE                 ,CA,92869-4512,Public       ,134,187,321,2407,1705,4112
03696300,UNIVERSITY OF THE WEST                  ,CA,91770-3709,Private      ,0,4,4,11,59,70
03698300,WEST COAST UNIVERSITY                   ,CA,91606-3206,Proprietary  ,232,424,656,1309,2581,3890
03698400,CA COLLEGE OF VOCATIONAL CAREER         ,CA,93301-1800,Proprietary  ,11,47,58,118,393,511
03736300,ADVANCE BEAUTY COLLEGE                  ,CA,92843-4752,Proprietary  ,11,114,125,67,448,515
03740400,ATI COLLEGE                             ,CA,90650-0000,Proprietary  ,11,49,60,99,264,363
03759300,COMPUTER TUTOR BUSINESS & TECH INST     ,CA,95356-0000,Proprietary  ,12,39,51,73,214,287
03786300,ADVANCED COLLEGE                        ,CA,90280-5255,Proprietary  ,15,61,76,101,407,508
03797400,CAREER CARE INSTITUTE                   ,CA,93534-4766,Proprietary  ,53,166,219,351,769,1120
03797401,CAREER CARE INSTITUTE - VENTURA         ,CA,93003-0000,Proprietary  ,2,11,13,24,94,118
03797402,CAREER CARE INSTITUTE - MORENO VALLEY   ,CA,92553-7519,Proprietary  ,3,26,29,5,28,33
03814400,SOKA UNIVERSITY OF AMERICA              ,CA,92656-8081,Private      ,8,6,14,510,34,544
03838400,WALTER JAY M.D. INSTITUTE AN EDUCATIONAL,CA,90057-0000,Proprietary  ,0,0,0,2,11,13
03852500,CIT COLLEGE OF INFOMEDICAL TECHNOLOGY   ,CA,92831-3703,Proprietary  ,19,83,102,156,676,832
03852501,CIT COLLEGE OF INFOMEDICAL TECHNOLOGY - ,CA,90010-1308,Proprietary  ,0,0,0,22,29,51
03853300,KECK GRADUATE INSTITUTE OF APPLIED LIFE ,CA,91711-4817,Private      ,0,3,3,1,103,104
03853400,LADERA CAREER PATHS TRAINING CENTERS    ,CA,90045-1931,Proprietary  ,1,7,8,6,36,42
03868300,WORLD MISSION UNIVERSITY                ,CA,90020-1789,Private      ,1,12,13,10,74,84
03868400,LOS ANGELES MUSIC ACADEMY               ,CA,91105-2540,Proprietary  ,14,20,34,102,90,192
03871300,FOLSOM LAKE COLLEGE                     ,CA,95630-6798,Public       ,198,454,652,2540,3453,5993
03874300,CAMBRIDGE JUNIOR COLLEGE                ,CA,95993-0000,Proprietary  ,31,74,105,148,299,447
03874400,COMMMUNITY CHRISTIAN COLLEGE            ,CA,92373-4465,Private      ,10,8,18,145,145,290
03889300,STANBRIDGE COLLEGE                      ,CA,92612-0000,Proprietary  ,21,100,121,177,664,841
03901300,PACIFIC COAST TRADE SCHOOL              ,CA,93033-2441,Proprietary  ,16,57,73,65,201,266
03910400,NATIONAL POLYTECHNIC COLLEGE            ,CA,90040-3066,Proprietary  ,16,50,66,88,222,310
03933300,MUELLER COLLEGE OF HOLISTIC STUDIES     ,CA,92116-2630,Proprietary  ,14,64,78,45,343,388
03933301,MUELLER COLLEGE OF HOLISTIC STUDIES -   ,CA,92120-3449,Proprietary  ,0,0,0,3,35,38
03935300,CALIFORNIA NURSES EDUCATIONAL INSTITUTE ,CA,92234-7248,Proprietary  ,6,22,28,70,172,242
03962300,AMERICAN INSTITUTE OF MASSAGE THERAPY   ,CA,92705-5463,Proprietary  ,4,11,15,42,76,118
03964400,INTERNATIONAL SCHOOL OF BEAUTY          ,CA,92260-2740,Proprietary  ,26,63,89,112,245,357
03969600,AMERICAN AUTO INSTITUTE                 ,CA,90703-2637,Proprietary  ,36,95,131,178,267,445
03971300,AMERICAN CAREER COLLEGE                 ,CA,91764-4906,Proprietary  ,117,234,351,928,1821,2749
03973300,EX'PRESSION COLLEGE FOR DIGITAL ARTS    ,CA,94608-1021,Proprietary  ,76,74,150,764,710,1474
03974500,CALIFORNIA CAREER COLLEGE               ,CA,91303-2006,Proprietary  ,7,13,20,55,156,211
03980300,CALIFORNIA STATE UNIVERSITY CHANNEL ISLA,CA,93012-8599,Public       ,128,135,263,4571,2175,6746
03995300,UNIVERSITY OF EAST-WEST MEDICINE        ,CA,94087-6106,Proprietary  ,2,11,13,9,67,76
03999300,BEAUMONT ADULT SCHOOL                   ,CA,92223-1927,Public       ,1,13,14,39,175,214
04001300,PALACE BEAUTY COLLEGE                   ,CA,90006-4233,Proprietary  ,11,35,46,51,131,182
04001400,MOJAVE BARBER COLLEGE                   ,CA,92395-3201,Proprietary  ,7,23,30,25,96,121
04003300,CSI CAREER COLLEGE                      ,CA,95687-3100,Proprietary  ,22,66,88,150,513,663
04004300,THUY PRINCESS BEAUTY COLLEGE            ,CA,91766-0000,Proprietary  ,3,17,20,24,99,123
04005300,INTERAMERICAN COLLEGE                   ,CA,91950-4437,Proprietary  ,6,64,70,25,321,346
04014400,PALLADIUM TECHNICAL ACADEMY             ,CA,91731-2429,Proprietary  ,17,31,48,26,61,87
04023400,PROTEUS                                 ,CA,93291-3014,Private      ,1,9,10,22,37,59
04037300,LOS ANGELES FILM SCHOOL (THE)           ,CA,90028-7300,Proprietary  ,183,279,462,1348,1546,2894
04049300,MAXINE WATERS EMPLOYMENT PREPARATION CEN,CA,90059-1023,Public       ,8,13,21,34,121,155
04056300,CAREER COLLEGE OF CALIFORNIA            ,CA,92705-5805,Proprietary  ,14,45,59,53,190,243
04057300,TECHSKILLS OF SACRAMENTO                ,CA,95815-4025,Proprietary  ,9,115,124,98,636,734
04076400,GNOMON SCHOOL OF VISUAL EFFECTS         ,CA,90038-2616,Proprietary  ,7,38,45,78,225,303
04092300,COASTLINE BEAUTY COLLEGE                ,CA,92708-3847,Proprietary  ,3,43,46,23,211,234
04092400,MAKE-UP DESIGNORY                       ,CA,91502-1322,Proprietary  ,38,51,89,328,355,683
04100400,TAFT UNIVERSITY SYSTEM (THE)            ,CA,92704-6954,Proprietary  ,1,68,69,2,428,430
04109300,ACADEMY OF BARBERING ARTS (THE)         ,CA,91324-3406,Proprietary  ,35,78,113,101,198,299
04111300,WEST HILLS COLLEGE LEMOORE              ,CA,93245-9248,Public       ,89,312,401,1581,2511,4092
04114500,VALLEY COLLEGE OF MEDICAL CAREERS       ,CA,91304-2354,Proprietary  ,15,40,55,77,257,334
04115300,COACHELLA VALLEY BEAUTY COLLEGE         ,CA,92253-2051,Proprietary  ,2,12,14,45,89,134
04115600,MAYFIELD COLLEGE                        ,CA,92234-7014,Proprietary  ,16,83,99,105,393,498
04116000,VIDEO SYMPHONY ENTERTRAINING            ,CA,91502-3253,Proprietary  ,11,57,68,71,351,422
04118800,NEW YORK FILM ACADEMY                   ,CA,91608-1002,Proprietary  ,148,259,407,148,259,407
04119200,CAREER COLLEGE CONSULTANTS              ,CA,90041-2088,Proprietary  ,5,30,35,37,122,159
04126400,CHAMPION INSTITUTE OF COSMETOLOGY       ,CA,92264-7458,Proprietary  ,5,6,11,33,69,102
04126500,COAST CAREER INSTITUTE                  ,CA,90015-3040,Proprietary  ,45,200,245,161,614,775
04127100,"UNIVERSITY OF CALIFORNIA, MERCED        ",CA,95343-5001,Public       ,112,53,165,10067,1423,11490
04127800,HEALTHY HAIR ACADEMY                    ,CA,90303-3137,Proprietary  ,3,14,17,39,134,173
04127900,TUI UNIVERSITY                          ,CA,90630-5023,Proprietary  ,9,414,423,32,2271,2303
04129700,INTERNATIONAL POLYTECHNIC INSTITUTE     ,CA,92231-1737,Private      ,5,26,31,17,85,102
04132300,INSTITUTE OF MEDICAL EDUCATION          ,CA,95113-2207,Proprietary  ,20,126,146,176,863,1039
04132400,ACADEMY OF ESTHETICS AND COSMETOLOGY    ,CA,91342-3373,Proprietary  ,11,20,31,61,95,156
04132700,INFOTECH CAREER COLLEGE                 ,CA,90706-5579,Proprietary  ,17,88,105,76,307,383
04133000,BIOHEALTH COLLEGE                       ,CA,95134-2033,Proprietary  ,8,43,51,60,233,293
04134500,CAREER COLLEGE OF SAN DIEGO             ,CA,92102-3348,Proprietary  ,15,64,79,155,397,552
04134700,INTERNATL PROFESSIONAL SCHL OF BODYWORK ,CA,92123-1520,Proprietary  ,3,46,49,32,246,278
04137200,BORNER'S BARBER COLLEGE                 ,CA,90047-3856,Proprietary  ,3,6,9,32,54,86
04138700,CAO INSTITUTE OF AESTHETICS (THE)       ,CA,91801-3903,Proprietary  ,9,18,27,56,94,150
04140500,HORIZON COLLEGE SAN DIEGO               ,CA,92131-9906,Private      ,2,12,14,28,77,105
04140600,MODERN INSTITUTE OF TECHNOLOGY          ,CA,93036-1387,Proprietary  ,1,11,12,9,32,41
04141300,SAN FRANCISCO INSTITUTE OF ESTHETICS    ,CA,94103-4083,Proprietary  ,19,46,65,129,234,363
04141400,LAURUS COLLEGE                          ,CA,93401-5405,Proprietary  ,11,76,87,77,343,420
04141700,HEALING HANDS SCHOOL OF HOLISTIC HEALTH ,CA,92025-1722,Proprietary  ,3,32,35,21,137,158
04142500,TOURO COLLEGE LOS ANGELES               ,CA,90046-4506,Private      ,2,2,4,26,17,43
04142600,TOURO UNIVERSITY                        ,CA,94592-1118,Private      ,1,42,43,13,1674,1687
04143800,WOODLAND COMMUNITY COLLEGE              ,CA,95776-5156,Public       ,89,173,262,228,453,681
04144200,CAREER DEVELOPMENT INSTITUTE            ,CA,90035-4364,Proprietary  ,6,32,38,34,93,127
04145000,SAN DIEGO CULINARY INSTITUTE            ,CA,91941-6435,Proprietary  ,20,45,65,188,306,494
04145600,INTERNATIONAL COLLEGE OF COSMETOLOGY    ,CA,94601-3525,Proprietary  ,4,25,29,4,25,29
04146000,NATIONAL CAREER COLLEGE                 ,CA,91605-1400,Proprietary  ,3,11,14,23,46,69
04148200,BEYOND 21ST CENTURY BEAUTY ACADEMY      ,CA,90670-6316,Proprietary  ,3,6,9,21,36,57
04148900,N CALIF INSTITUTE OF COSMETOLOGY        ,CA,94577-2820,Proprietary  ,1,10,11,5,50,55
04149700,HOMESTEAD SCHOOLS                       ,CA,90505-5945,Private      ,13,50,63,55,174,229
04150000,CENTRAL NURSING COLLEGE                 ,CA,90010-2444,Proprietary  ,16,46,62,183,290,473
04150100,GOLDEN STATE COLLEGE OF COURT REPORTING ,CA,94568-2948,Proprietary  ,1,14,15,6,38,44
04150300,RWM FIBER OPTICS                        ,CA,90746-1051,Proprietary  ,1,15,16,5,46,51
04150500,"PREFERRED COLLEGE OF NURSING, LOS ANGELE",CA,90010-2202,Proprietary  ,16,43,59,36,144,180
04152800,CALIFORNIA ACADEMY (THE) - A PAUL MITCHE,CA,95825-2276,Proprietary  ,37,67,104,283,425,708
04153900,PROVIDENCE CHRISTIAN COLLEGE            ,CA,91761-5626,Private      ,1,1,2,49,15,64
04154300,AMERICANA COLLEGE                       ,CA,90029-3765,Proprietary  ,4,12,16,5,15,20
04154400,FRANKLIN CAREER COLLEGE                 ,CA,91761-1522,Proprietary  ,6,40,46,46,168,214
04155500,"ACADEMY FOR JEWISH RELIGION, CALIFORNIA ",CA,90024-3234,Private      ,4,12,16,17,76,93
04156100,DIOR SCHOOL OF COSMETOLOGY              ,CA,95355-9695,Proprietary  ,6,18,24,6,18,24
04158200,PAUL MITCHELL THE SCHOOL SHERMAN OAKS   ,CA,91403-5882,Proprietary  ,28,41,69,205,201,406
04158700,HOLLYWOOD BEAUTY COLLEGE                ,CA,95210-3514,Proprietary  ,29,80,109,107,271,378
04159700,AMERICAN MEDICAL SCIENCES CENTER        ,CA,91204-5108,Proprietary  ,5,33,38,17,47,64
04160100,TRINITY VOCATIONAL CENTER               ,CA,90248-4334,Proprietary  ,13,63,76,30,115,145
04160400,ANGELES COLLEGE OF NURSING              ,CA,90010-2100,Proprietary  ,14,75,89,177,291,468
04161700,SHASTA SCHOOL OF COSMETOLOGY            ,CA,96003-0000,Proprietary  ,1,13,14,40,94,134
04161800,BRANDMAN UNIVERSITY                     ,CA,92618-3801,Private      ,31,668,699,48,965,1013
04162800,S.I.C.E PAUL MITCHELL PARTNER SCHOOL    ,CA,95350-1440,Proprietary  ,36,34,70,71,90,161
04163400,COSMO BEAUTY ACADEMY                    ,CA,95605-1904,Proprietary  ,11,45,56,39,132,171
04163900,L.A. BARBER COLLEGE                     ,CA,90013-1121,Proprietary  ,1,11,12,28,62,90
04164400,ANGELES INSTITUTE                       ,CA,90712-2903,Proprietary  ,7,15,22,43,118,161
04165900,PAUL MITCHELL THE SCHOOL FRESNO         ,CA,93710-7617,Proprietary  ,26,29,55,68,58,126
04167000,ESTHETIQUES COSMETOLOGY INSTITUTE       ,CA,92591-4663,Proprietary  ,31,42,73,162,188,350
04169200,TRAMY BEAUTY SCHOOL                     ,CA,92115-6347,Proprietary  ,6,27,33,6,27,33
04169700,UNITEK COLLEGE                          ,CA,94538-3185,Proprietary  ,26,134,160,129,516,645
04169800,GURNICK ACADEMY OF MEDICAL ARTS         ,CA,94403-1849,Proprietary  ,22,98,120,109,623,732
04172000,SOUTHERN CALIFORNIA UNIVERSITY SOMA     ,CA,90017-2211,Proprietary  ,6,19,25,12,30,42
04173400,SANTA ANA BEAUTY ACADEMY                ,CA,92705-7820,Proprietary  ,2,15,17,2,15,17
04175200,PAUL MITCHELL THE SCHOOL EAST BAY       ,CA,94523-5515,Proprietary  ,26,23,49,79,82,161
04175400,ELITE COSMETOLOGY SCHOOL                ,CA,92284-2860,Proprietary  ,6,21,27,6,21,27
04176300,BERGIN UNIVERSITY OF CANINE STUDIES     ,CA,95407-6834,Private      ,3,13,16,3,13,16
04177200,REAL BARBERS COLLEGE (THE)              ,CA,92805-2533,Proprietary  ,5,9,14,5,9,14
04180000,CINTA AVEDA INSTITUTE                   ,CA,94108-3204,Proprietary  ,33,72,105,33,72,105
00184600,BRIAR CLIFF UNIVERSITY                  ,IA,51104-2100,Private      ,21,37,58,1211,503,1714
00184700,BUENA VISTA UNIVERSITY                  ,IA,50588-9987,Private      ,20,135,155,1826,1954,3780
00184800,SOUTHEASTERN COMMUNITY COLLEGE          ,IA,52655-0000,Public       ,87,265,352,1240,2361,3601
00185000,CENTRAL COLLEGE                         ,IA,50219-1999,Private      ,28,6,34,2470,142,2612
00185200,CLARKE COLLEGE                          ,IA,52001-3198,Private      ,14,30,44,1022,561,1583
00185400,COE COLLEGE                             ,IA,52402-5092,Private      ,14,12,26,2016,239,2255
00185500,DES MOINES UNIV-OSTEOPATHIC MED CTR     ,IA,50312-0000,Private      ,1,45,46,34,1811,1845
00185600,CORNELL COLLEGE                         ,IA,52314-1098,Private      ,19,1,20,1992,92,2084
00185700,SOUTHWESTERN COMMUNITY COLLEGE          ,IA,50801-1098,Public       ,22,67,89,685,857,1542
00185800,DIVINE WORD COLLEGE                     ,IA,52045-0380,Private      ,4,1,5,16,17,33
00185900,DORDT COLLEGE                           ,IA,51250-1697,Private      ,9,2,11,1491,95,1586
00186000,DRAKE UNIVERSITY                        ,IA,50311-4505,Private      ,59,111,170,4694,2458,7152
00186200,ELLSWORTH COMMUNITY COLLEGE             ,IA,50126-1199,Public       ,36,50,86,815,395,1210
00186400,IOWA LAKES COMMUNITY COLLEGE            ,IA,51334-2234,Public       ,28,134,162,1358,1545,2903
00186500,IOWA CENTRAL COMMUNITY COLLEGE          ,IA,50501-0000,Public       ,89,322,411,2602,2936,5538
00186600,GRACELAND UNIVERSITY                    ,IA,50140-1699,Private      ,23,92,115,1061,1343,2404
00186700,GRAND VIEW UNIVERSITY                   ,IA,50316-1599,Private      ,33,98,131,1795,1357,3152
00186800,GRINNELL COLLEGE                        ,IA,50112-1690,Private      ,27,2,29,2264,58,2322
00186900,IOWA STATE UNIV SCIENCE & TECHNOLOG     ,IA,50011-2028,Public       ,251,243,494,21705,5951,27656
00187100,IOWA WESLEYAN COLLEGE                   ,IA,52641-1398,Private      ,12,23,35,761,441,1202
00187300,LORAS COLLEGE                           ,IA,52004-0178,Private      ,18,17,35,2248,191,2439
00187400,LUTHER COLLEGE                          ,IA,52101-1045,Private      ,16,5,21,3319,87,3406
00187500,MARSHALLTOWN COMMUNITY COLLEGE          ,IA,50158-4760,Public       ,32,142,174,706,1106,1812
00187700,NORTH IOWA AREA COMMUNITY COLLEGE       ,IA,50401-7299,Public       ,61,136,197,1527,1472,2999
00187900,MORNINGSIDE COLLEGE                     ,IA,51106-1751,Private      ,17,54,71,1727,586,2313
00188000,MOUNT MERCY UNIVERSITY                  ,IA,52402-4797,Private      ,10,79,89,999,954,1953
00188100,ASHFORD UNIVERSITY                      ,IA,52732-3910,Proprietary  ,475,16504,16979,3239,95910,99149
00188300,NORTHWESTERN COLLEGE                    ,IA,51041-1996,Private      ,10,5,15,1586,113,1699
00188700,SIMPSON COLLEGE                         ,IA,50125-1297,Private      ,12,35,47,2166,610,2776
00188900,ST AMBROSE UNIVERSITY                   ,IA,52803-2898,Private      ,47,81,128,2862,1370,4232
00189000,UNIVERSITY OF NORTHERN IOWA             ,IA,50614-0705,Public       ,130,211,341,10766,3198,13964
00189100,UNIVERSITY OF DUBUQUE                   ,IA,52001-5099,Private      ,39,49,88,1880,711,2591
00189200,UNIVERSITY OF IOWA                      ,IA,52242-1316,Public       ,290,370,660,19364,10343,29707
00189300,UPPER IOWA UNIVERSITY                   ,IA,52142-9206,Private      ,40,521,561,1463,5269,6732
00189500,WALDORF COLLEGE                         ,IA,50436-1700,Proprietary  ,9,22,31,797,191,988
00189600,WARTBURG COLLEGE                        ,IA,50677-2200,Private      ,11,5,16,2487,97,2584
00189700,WARTBURG THEOLOGICAL SEMINARY           ,IA,52004-5004,Private      ,0,4,4,8,131,139
00190000,WILLIAM PENN UNIVERSITY                 ,IA,52577-1799,Private      ,22,104,126,1205,1300,2505
00396300,AIB COLLEGE OF BUSINESS                 ,IA,50321-1799,Private      ,20,64,84,608,755,1363
00407500,ESTRN IOWA COMMUNITY COLLEGE DIST       ,IA,52801-1221,Public       ,8,31,39,107,284,391
00407501,CLINTON COMMUNITY COLLEGE               ,IA,52732-0000,Public       ,20,109,129,447,943,1390
00407502,MUSCATINE COMMUNITY COLLEGE             ,IA,52761-0000,Public       ,23,87,110,529,756,1285
00407503,SCOTT COMMUNITY COLLEGE                 ,IA,52722-0000,Public       ,113,436,549,1521,3538,5059
00407600,KIRKWOOD COMMUNITY COLLEGE              ,IA,52406-2068,Public       ,349,1118,1467,7968,9719,17687
00423300,MERCY/ST. LUKE'S SCH RAD TECH           ,IA,52402-0000,Private      ,0,2,2,19,37,56
00458600,KAPLAN UNIVERSITY                       ,IA,52807-2095,Proprietary  ,540,7693,8233,5663,107529,113192
00458604,KAPLAN UNIVERSITY - CEDAR RAPIDS        ,IA,52404-2998,Proprietary  ,20,149,169,214,2006,2220
00458605,KAPLAN UNIVERSITY - DES MOINES          ,IA,50323-5702,Proprietary  ,28,190,218,329,2438,2767
00458606,KAPLAN UNIVERSITY - MASON CITY          ,IA,50401-4665,Proprietary  ,12,75,87,99,987,1086
00458607,KAPLAN UNIVERSITY - CEDAR FALLS         ,IA,50613-6309,Proprietary  ,15,114,129,224,1755,1979
00458610,KAPLAN UNIVERSITY - COUNCIL BLUFFS      ,IA,51503-5289,Proprietary  ,6,75,81,88,936,1024
00458700,NORTHEAST IOWA COMMUNITY COLLEGE        ,IA,52132-0400,Public       ,27,90,117,717,940,1657
00458701,NORTHEAST IOWA COMMUNITY COLLEGE        ,IA,52068-0000,Public       ,61,185,246,1192,1653,2845
00459500,HAWKEYE COMMUNITY COLLEGE               ,IA,50701-0000,Public       ,138,377,515,3457,3320,6777
00459800,IOWA WESTERN CMTY CLG-COUNCIL BLUFF     ,IA,51502-0000,Public       ,195,364,559,3250,3294,6544
00460000,NORTHWEST IOWA COMMUNITY COLLEGE        ,IA,51201-1046,Public       ,22,38,60,565,530,1095
00626700,IOWA METHODIST MEDICAL CENTER SCHOOLS   ,IA,50309-1499,Private      ,0,17,17,29,94,123
00627300,MERCY COLLEGE OF HEALTH SCIENCES        ,IA,50309-1239,Private      ,22,89,111,475,1026,1501
00712000,DES MOINES AREA CMTY COLLEGE            ,IA,50021-0000,Public       ,428,1489,1917,7068,12019,19087
00712100,FAITH BAPTIST BIBLE CLG & THEOL SEM     ,IA,50021-0000,Private      ,5,6,11,326,71,397
00729100,ST LUKE'S COLLEGE                       ,IA,51104-0263,Private      ,2,8,10,98,162,260
00731600,WESTERN IOWA TECH COMMUNITY COLLEGE     ,IA,51106-0000,Public       ,99,430,529,1922,3550,5472
00758800,CAPRI COLLEGE                           ,IA,52004-0873,Proprietary  ,5,14,19,101,145,246
00761100,EQ SCHOOL OF HAIR DESIGN                ,IA,51503-0813,Proprietary  ,5,9,14,41,47,88
00765600,AMERICAN COLLEGE OF HARISTYLING -CR     ,IA,52402-0000,Proprietary  ,1,7,8,7,35,42
00765800,AMER COLL OF HAIRSTYLING-DES MOINES     ,IA,50309-5446,Proprietary  ,2,20,22,10,72,82
00765900,LA JAMES COLLEGE OF HAIRSTYLING         ,IA,50401-3308,Proprietary  ,7,12,19,81,106,187
00771700,CAPRI COLLEGE                           ,IA,52807-2622,Proprietary  ,9,22,31,104,184,288
00794100,COLLEGE OF HAIR DESIGN                  ,IA,50703-1834,Proprietary  ,2,11,13,33,58,91
00826000,IOWA SCHOOL OF BEAUTY INC               ,IA,50322-0000,Proprietary  ,12,46,58,80,222,302
00840300,INDIAN HILLS COMMUNITY COLLEGE          ,IA,52501-1398,Public       ,115,347,462,1938,3008,4946
00840301,INDIAN HILLS COMMUNITY COLLEGE          ,IA,52544-0000,Public       ,13,61,74,270,394,664
00842400,LA JAMES INTERNATIONAL COLLEGE          ,IA,50501-5577,Proprietary  ,12,12,24,93,107,200
00959300,LA'JAMES COLLEGE OF HAIRSTYLING         ,IA,52240-0000,Proprietary  ,15,22,37,94,92,186
01111300,MAHARISHI UNIV OF MANAGEMENT            ,IA,52557-0001,Private      ,19,45,64,228,379,607
01206400,HAMILTON TECHNICAL COLLEGE              ,IA,52807-2653,Proprietary  ,26,53,79,132,372,504
01230000,PALMER COLLEGE OF CHIROPRACTIC          ,IA,52803-5287,Private      ,6,48,54,75,2303,2378
01300600,LA' JAMES INTERNATIONAL COLLEGE-CF      ,IA,50613-5242,Proprietary  ,15,14,29,79,96,175
02090300,CAPRI COLLEGE                           ,IA,52404-0000,Proprietary  ,15,28,43,121,184,305
02134500,LA JAMES INTERNATIONAL COLLEGE - DAV    ,IA,52806-3952,Proprietary  ,3,23,26,39,129,168
02160900,"SALON PROFESSIONAL ACADEMY, THE         ",IA,50010-0000,Proprietary  ,8,9,17,104,87,191
02262500,FAUST INSTITUTE OF COSMETOLOGY          ,IA,50588-0000,Proprietary  ,2,1,3,33,47,80
02274100,LA' JAMES INTERNATIONAL COLLEGE - DM    ,IA,50131-0000,Proprietary  ,11,35,46,129,205,334
02289000,AMERICAN HAIR ACADEMY                   ,IA,52627-4530,Proprietary  ,0,5,5,18,46,64
02306900,IOWA SCHOOL OF BEAUTY                   ,IA,52501-0000,Proprietary  ,10,10,20,36,63,99
02328900,EMMAUS BIBLE COLLEGE                    ,IA,52001-0000,Private      ,3,4,7,227,42,269
02330900,IOWA SCHOOL OF BEAUTY                   ,IA,50158-0000,Proprietary  ,3,10,13,12,37,49
02609200,VATTEROTT COLLEGE                       ,IA,50321-4704,Proprietary  ,13,127,140,146,957,1103
03069100,ALLEN COLLEGE                           ,IA,50703-1916,Private      ,1,29,30,318,410,728
03441300,IOWA SCHOOL OF BEAUTY                   ,IA,51106-5111,Proprietary  ,3,15,18,37,84,121
03607400,TOTAL LOOK SCHOOL OF COSMETOLOGY AND MAS,IA,52136-1053,Proprietary  ,0,3,3,4,16,20
03720300,CARLSON COLLEGE OF MASSAGE THERAPY      ,IA,52205-7519,Proprietary  ,0,4,4,13,36,49
04089300,BIO-CHI INSTITUTE OF MASSAGE THERAPY    ,IA,51103-2138,Proprietary  ,1,2,3,8,42,50
00259600,ATLANTIC COMMUNITY COLLEGE              ,NJ,08330-2699,Public       ,329,658,987,4101,4850,8951
00259700,BLOOMFIELD COLLEGE                      ,NJ,07003-3425,Private      ,87,131,218,2900,1597,4497
00259800,CALDWELL COLLEGE                        ,NJ,07006-6195,Private      ,31,104,135,1563,1204,2767
00259900,CENTENARY COLLEGE                       ,NJ,07840-2184,Private      ,32,128,160,1584,940,2524
00260000,COLLEGE OF SAINT ELIZABETH              ,NJ,07960-6989,Private      ,17,67,84,719,766,1485
00260100,CUMBERLAND COUNTY COLLEGE               ,NJ,08362-0517,Public       ,181,366,547,2351,3284,5635
00260300,DREW UNIVERSITY                         ,NJ,07940-4063,Private      ,67,26,93,4201,780,4981
00260700,FAIRLEIGH DICKINSON UNIV-TEANECK        ,NJ,07666-1996,Private      ,115,200,315,4067,2519,6586
00260701,FAIRLEIGH DICKINSON UNIV-FLORHAM        ,NJ,07940-0000,Private      ,41,42,83,2775,659,3434
00260702,FAIRLEIGH DICKINSON UNIV-ED WMS CLG     ,NJ,07601-0000,Private      ,12,25,37,266,239,505
00260703,FAIRLEIGH DICKINSON UNIVERSITY          ,NJ,07940-0000,Private      ,53,81,134,2176,1076,3252
00260800,GEORGIAN COURT UNIVERSITY               ,NJ,08701-2697,Private      ,38,113,151,1530,1642,3172
00260900,ROWAN UNIVERSITY                        ,NJ,08028-1702,Public       ,298,327,625,13238,4402,17640
00261000,FELICIAN COLLEGE                        ,NJ,07644-2198,Private      ,52,127,179,1827,1447,3274
00261300,NEW JERSEY CITY UNIVERSITY              ,NJ,07305-1597,Public       ,127,430,557,4866,5958,10824
00261500,MIDDLESEX COUNTY COLLEGE                ,NJ,08818-3050,Public       ,379,550,929,6472,5062,11534
00261600,MONMOUTH UNIVERSITY                     ,NJ,07764-1898,Private      ,150,168,318,7375,2479,9854
00261700,MONTCLAIR STATE UNIVERSITY              ,NJ,07043-9987,Public       ,352,501,853,16663,7513,24176
00261900,NEW BRUNSWICK THEOLOGICAL SEMINARY      ,NJ,08901-0000,Private      ,0,10,10,28,160,188
00262100,NEW JERSEY INST OF TECHNOLOGY           ,NJ,07102-1982,Public       ,127,246,373,5810,2902,8712
00262200,KEAN UNIVERSITY                         ,NJ,07083-7131,Public       ,304,616,920,12235,8733,20968
00262400,OCEAN COUNTY COLLEGE                    ,NJ,08754-2001,Public       ,275,491,766,5444,4095,9539
00262500,WILLIAM PATERSON UNIVERSITY             ,NJ,07470-2152,Public       ,251,361,612,11308,4859,16167
00262600,PRINCETON THEOLOGICAL SEMINARY          ,NJ,08542-0000,Private      ,0,10,10,17,675,692
00262700,PRINCETON UNIVERSITY                    ,NJ,08544-0001,Private      ,300,70,370,16649,1709,18358
00262800,RIDER UNIVERSITY                        ,NJ,08648-3099,Private      ,115,125,240,7586,1746,9332
00262900,"RUTGERS, THE STATE UNIVERSITY OF NJ     ",NJ,08901-1281,Public       ,924,1170,2094,45156,23059,68215
00263200,SETON HALL UNIVERSITY                   ,NJ,07079-2697,Private      ,139,240,379,10724,4111,14835
00263201,SETON HALL UNIVERSITY - SCHOOL OF LAW   ,NJ,07079-5210,Private      ,10,31,41,330,2479,2809
00263800,ST PETER'S COLLEGE                      ,NJ,07306-5997,Private      ,56,132,188,3930,1287,5217
00263900,STEVENS INSTITUTE OF TECHNOLOGY         ,NJ,07030-5370,Private      ,54,68,122,3636,736,4372
00264200,COLLEGE OF NEW JERSEY (THE)             ,NJ,08628-0718,Public       ,168,108,276,11048,1264,12312
00264300,UNION COUNTY COLLEGE                    ,NJ,07016-1598,Public       ,383,909,1292,5219,7921,13140
00473600,BERGEN COMMUNITY COLLEGE                ,NJ,07652-1595,Public       ,475,657,1132,8088,5785,13873
00474000,MERCER COUNTY COMMUNITY COLLEGE         ,NJ,08690-0000,Public       ,253,562,815,3385,4620,8005
00539900,MONMOUTH COUNTY VOCATIONAL SCH DIST     ,NJ,07728-5033,Public       ,3,16,19,59,119,178
00545200,TETERBORO SCH OF AERONAUTICS            ,NJ,07608-1083,Proprietary  ,12,31,43,96,106,202
00546000,SOMERSET COUNTY TECHNICAL INSTITUTE     ,NJ,08807-0350,Public       ,0,3,3,14,63,77
00546100,SALEM COMMUNITY COLLEGE                 ,NJ,08069-2799,Public       ,34,80,114,692,838,1530
00641700,HOLY NAME HOSPITAL SCH OF NURSING       ,NJ,07666-4254,Private      ,3,20,23,78,186,264
00642000,MOUNTAINSIDE HOSP SCH NRSG              ,NJ,07042-4898,Proprietary  ,0,5,5,18,87,105
00642100,MUHLENBERG SNYDER SCHOOLS               ,NJ,07061-3399,Private      ,6,52,58,142,571,713
00642900,ST FRANCIS MEDICAL CTR SCH NURSING      ,NJ,08629-1986,Private      ,3,8,11,24,96,120
00642902,ST FRANCIS MED CTR RAD TECH             ,NJ,08629-0000,Private      ,1,5,6,10,36,46
00686500,CAMDEN COUNTY COLLEGE                   ,NJ,08012-3240,Public       ,395,985,1380,6758,8925,15683
00690100,GLOUCESTER COUNTY COLLEGE               ,NJ,08080-4249,Public       ,166,327,493,3201,3012,6213
00710700,ESSEX COUNTY COLLEGE                    ,NJ,07102-1798,Public       ,433,1123,1556,5865,9449,15314
00750200,BERKELEY COLLEGE                        ,NJ,07424-3367,Proprietary  ,69,166,235,1764,1841,3605
00750201,BERKELEY COLLEGE                        ,NJ,07095-0000,Proprietary  ,41,70,111,851,906,1757
00750202,BERKELEY COLLEGE - PARAMUS              ,NJ,07652-2931,Proprietary  ,18,66,84,597,659,1256
00750600,LINCOLN TECHNICAL INSTITUTE             ,NJ,07083-5032,Proprietary  ,156,206,362,901,1222,2123
00750601,LINCOLN TECHNICAL INSTITUTE             ,NJ,07430-0000,Proprietary  ,69,63,132,548,532,1080
00750700,GIBBS COLLEGE                           ,NJ,07039-1611,Proprietary  ,0,0,0,1,4,5
00759300,PARISIAN BEAUTY ACADEMY                 ,NJ,07601-5509,Proprietary  ,30,38,68,136,161,297
00772900,COUNTY COLLEGE OF MORRIS                ,NJ,07869-0000,Public       ,208,222,430,3630,1977,5607
00773000,BURLINGTON COUNTY COLLEGE               ,NJ,08068-1599,Public       ,270,579,849,4260,4604,8864
00773100,RARITAN VALLEY COMMUNITY COLLEGE        ,NJ,08876-1265,Public       ,132,249,381,2617,2167,4784
00780401,STAR CAREER ACADEMY - STAR LAKEWOOD     ,NJ,08701-5900,Proprietary  ,25,109,134,131,490,621
00780402,STAR CAREER ACADEMY - STAR EGG HARBOR   ,NJ,08234-4863,Proprietary  ,12,105,117,71,469,540
00794700,BETH MEDRASH GOVOHA OF AMERICA          ,NJ,08701-0000,Private      ,117,292,409,256,1772,2028
00840400,BROOKDALE COMMUNITY COLLEGE             ,NJ,07738-1597,Public       ,315,517,832,6384,4658,11042
00844101,ANTHEM INSTITUTE                        ,NJ,08002-0000,Proprietary  ,5,27,32,43,147,190
00849400,HO HO KUS SCHL OF TRADE & TECH SCIENCES ,NJ,07513-1402,Proprietary  ,13,45,58,101,216,317
00860900,RABBINICAL COLLEGE OF AMERICA           ,NJ,07960-3600,Private      ,17,3,20,88,6,94
00907800,CAPRI INSTITUTE OF HAIR DESIGN          ,NJ,07011-2111,Proprietary  ,20,41,61,90,179,269
00922800,DEVRY INSTITUTE                         ,NJ,08902-3362,Proprietary  ,0,0,0,126,183,309
00934400,RAMAPO COLLEGE OF NEW JERSEY            ,NJ,07430-1680,Public       ,139,81,220,6881,1174,8055
00934500,RICHARD STOCKTON COLLEGE OF NJ          ,NJ,08240-0195,Public       ,184,205,389,7880,3090,10970
00982804,EVEREST INSTITUTE - SOUTH PLAINFIELD    ,NJ,07080-1125,Proprietary  ,46,129,175,213,771,984
00999400,PASSAIC COUNTY COMMUNITY COLLEGE        ,NJ,07505-1179,Public       ,303,626,929,3929,5648,9577
01039400,UNIV OF MEDICINE & DENTISTRY OF NJ      ,NJ,07107-0000,Public       ,20,268,288,314,5260,5574
01062900,P B COSMETOLOGY EDUCATION CENTRE        ,NJ,08030-1750,Proprietary  ,11,30,41,95,131,226
01085100,ANTHEM INSTITUTE                        ,NJ,07054-3409,Proprietary  ,86,194,280,480,1006,1486
01085101,ANTHEM INSTITUTE                        ,NJ,07306-0000,Proprietary  ,8,18,26,55,158,213
01085102,ANTHEM INSTITUTE                        ,NJ,08902-0000,Proprietary  ,5,17,22,40,76,116
01090300,RIZZIERI INSTITUTE                      ,NJ,08043-4600,Proprietary  ,19,29,48,111,172,283
01152300,MORRIS COUNTY SCHOOL OF TECHNOLOGY      ,NJ,07834-0000,Public       ,3,3,6,61,65,126
01170800,NATURAL MOTION INST OF HAIR DESIGN      ,NJ,07306-5496,Proprietary  ,7,14,21,46,116,162
01198900,TALMUDICAL ACADEMY                      ,NJ,07710-0000,Private      ,6,0,6,54,3,57
01209000,REIGNBOW BEAUTY ACADEMY                 ,NJ,08861-4118,Proprietary  ,17,35,52,47,125,172
01234600,DOVER BUSINESS COLLEGE                  ,NJ,07011-2161,Proprietary  ,39,151,190,443,1072,1515
01234602,DOVER BUSINESS COLLEGE                  ,NJ,07801-4643,Proprietary  ,17,59,76,165,493,658
01246100,LINCOLN TECHNICAL INSTITUTE             ,NJ,08820-2896,Proprietary  ,45,146,191,432,1110,1542
01246102,LINCOLN TECHNICAL INSTITUTE             ,NJ,08057-3212,Proprietary  ,47,174,221,314,1308,1622
01246103,LINCOLN TECHNICAL INSTITUTE             ,NJ,07652-2106,Proprietary  ,40,147,187,502,1088,1590
01246200,HOHOKUS - HACKENSACK SCHOOL OF BUSINESS ,NJ,07601-7197,Proprietary  ,27,98,125,135,561,696
01295400,HUDSON COUNTY COMMUNITY COLLEGE         ,NJ,07306-4012,Public       ,363,796,1159,4624,6914,11538
02053700,EASTWICK COLLEGE                        ,NJ,07446-0000,Proprietary  ,32,121,153,331,1154,1485
02061800,ROMAN ACADEMY OF BEAUTY CULTURE         ,NJ,07506-0000,Proprietary  ,11,22,33,37,47,84
02092300,HOHOKUS SCHOOL - RETS/NUTLEY            ,NJ,07110-0000,Proprietary  ,52,148,200,219,566,785
02103700,CAPRI INSTITUTE OF HAIR DESIGN          ,NJ,07652-0000,Proprietary  ,9,28,37,66,107,173
02104000,HARRIS SCHOOL OF BUSINESS               ,NJ,08002-2983,Proprietary  ,55,207,262,277,1175,1452
02106601,FOX INSTITUTE OF BUSINESS - CLIFTON     ,NJ,07011-2345,Proprietary  ,29,121,150,135,581,716
02131100,DU CRET SCHOOL OF THE ARTS              ,NJ,07060-0000,Private      ,1,7,8,39,30,69
02131600,PENNCO TECH                             ,NJ,08012-0000,Proprietary  ,76,225,301,422,821,1243
02132300,BERDAN INSTITUTE                        ,NJ,07512-0000,Proprietary  ,35,76,111,257,483,740
02146800,JOE KUBERT SCH OF CARTOON & GRAPHIC     ,NJ,07801-0000,Proprietary  ,1,1,2,60,64,124
02149800,EMPIRE BEAUTY SCHOOL                    ,NJ,08021-0000,Proprietary  ,14,43,57,89,297,386
02149801,EMPIRE BEAUTY SCHOOL - BORDENTOWN       ,NJ,08505-1513,Proprietary  ,0,5,5,27,52,79
02154000,DIVERS ACAD OF EASTERN SEABOARD         ,NJ,08081-1139,Proprietary  ,22,46,68,104,197,301
02183600,CAPRI INSTITUTE OF HAIR DESIGN          ,NJ,07033-0000,Proprietary  ,15,28,43,74,144,218
02192200,THOMAS EDISON STATE COLLEGE             ,NJ,08608-0000,Public       ,47,777,824,362,5577,5939
02219600,OMEGA INSTITUTE                         ,NJ,08109-0000,Proprietary  ,10,44,54,43,205,248
02223700,NEW HORIZON INST OF COSMETOLOGY         ,NJ,07093-0000,Proprietary  ,7,46,53,26,203,229
02223900,DRAKE COLLEGE OF BUSINESS               ,NJ,07201-0000,Proprietary  ,47,295,342,188,1307,1495
02223902,DRAKE COLLEGE OF BUSINESS - NEWARK CAMPU,NJ,07112-2760,Proprietary  ,78,372,450,306,1413,1719
02232500,UNION COUNTY VOCATIONAL TECH INST       ,NJ,07076-0000,Public       ,11,14,25,81,104,185
02234600,SHORE BEAUTY SCHOOL                     ,NJ,08232-0000,Proprietary  ,16,35,51,63,124,187
02246000,ROSS UNIVERSITY - MEDICAL SCHOOL        ,NJ,08837-0000,Proprietary  ,3,173,176,29,4429,4458
02248600,COOPER HEALTH SYS-CTR ALLIED HEALTH     ,NJ,08103-0000,Private      ,3,24,27,30,190,220
02252700,CONCORDE SCHOOL OF HAIR DESIGN          ,NJ,07712-0000,Proprietary  ,32,48,80,125,302,427
02252701,CONCORDE SCHOOL OF HAIR DESIGN - BLOOMFI,NJ,07003-2517,Proprietary  ,2,6,8,26,42,68
02261800,EUROPEAN ACADEMY OF COSMETOLOGY         ,NJ,07083-0000,Proprietary  ,14,28,42,74,171,245
02265500,CAPRI INSTITUTE OF HAIR DESIGN          ,NJ,08724-0000,Proprietary  ,9,31,40,48,119,167
02277900,ROSS UNIV - SCH OF VETERINARY MED       ,NJ,08837-0000,Proprietary  ,1,48,49,8,1250,1258
02291000,LINCOLN TECHNICAL INSTITUTE             ,NJ,07080-2424,Proprietary  ,47,59,106,162,230,392
02312000,BERGEN COUNTY TECHNICAL SCHOOLS         ,NJ,07601-6110,Public       ,10,33,43,63,160,223
02344200,EMPIRE BEAUTY SCHOOL                    ,NJ,08002-0000,Proprietary  ,24,44,68,140,341,481
02503900,WARREN COUNTY COMMUNITY COLLEGE         ,NJ,07882-0000,Public       ,51,71,122,754,703,1457
02523700,OCEAN COUNTY VOCATIONAL-TECH SCHOOL     ,NJ,08753-0000,Public       ,10,23,33,187,319,506
02525900,ARTISTIC ACADEMY OF HAIR DESIGN         ,NJ,07950-1409,Proprietary  ,13,20,33,104,106,210
02528200,REIGNBOW BEAUTY ACADEMY                 ,NJ,07060-0000,Proprietary  ,3,29,32,23,103,126
02558700,PRISM CAREER INSTITUTE                  ,NJ,08037-0000,Proprietary  ,71,305,376,225,1317,1542
02568800,SUSSEX COUNTY COMMUNITY COLLEGE         ,NJ,07860-1149,Public       ,74,122,196,1665,1136,2801
02586900,HARRIS SCHOOL OF BUSINESS               ,NJ,08084-0000,Proprietary  ,40,158,198,144,776,920
02616402,SANFORD-BROWN INSTITUTE - ISELIN        ,NJ,08830-0000,Proprietary  ,81,193,274,478,1098,1576
03077500,RABBI JACOB JOSEPH SCHOOL               ,NJ,08817-4494,Private      ,3,2,5,18,3,21
03122600,EASTERN INTERNATIONAL COLLEGE           ,NJ,07306-3906,Proprietary  ,11,60,71,94,329,423
03187300,STENOTECH CAREER INSTITUTE              ,NJ,07004-3490,Proprietary  ,9,17,26,53,108,161
03197300,INSTITUTE FOR HEALTH EDUCATION(THE)     ,NJ,07306-2929,Proprietary  ,7,59,66,52,278,330
03324300,CENTRAL CAREER SCHOOL                   ,NJ,07080-2408,Proprietary  ,13,34,47,39,155,194
03380302,STAR CAREER ACADEMY - STAR NEWARK       ,NJ,07102-4510,Proprietary  ,21,134,155,105,618,723
03380303,STAR CAREER ACADEMY - STAR CLIFTON      ,NJ,07011-2248,Proprietary  ,9,71,80,54,371,425
03389300,ACADEMY OF MASSAGE THERAPY              ,NJ,07631-0000,Proprietary  ,2,29,31,39,168,207
03424500,NEW COMMUNITY WORKFORCE DEVELOPMENT     ,NJ,07103-2402,Private      ,14,103,117,44,500,544
03530300,"KEY SKILLS LEARNING, INC.               ",NJ,07013-1900,Proprietary  ,0,8,8,5,57,62
03536300,INSTITUTE FOR THERAPEUTIC MASSAGE       ,NJ,07420-1452,Proprietary  ,4,32,36,21,142,163
03574400,CORTIVA INSTITUTE - SOMERSET SCHOOL OF M,NJ,08854-3908,Proprietary  ,0,0,0,6,26,32
03625300,PERFORMANCE TRAINING INSTITUTE          ,NJ,08753-0000,Proprietary  ,17,166,183,48,710,758
03637300,METRO AUTO ELECTRONICS TRAINING INSTITUT,NJ,07033-1798,Proprietary  ,4,69,73,15,117,132
03650600,PC AGE                                  ,NJ,07306-3936,Proprietary  ,5,43,48,36,224,260
03650603,PC AGE                                  ,NJ,08817-2842,Proprietary  ,2,5,7,7,28,35
03666300,SOMERSET CHRISTIAN COLLEGE              ,NJ,08890-9035,Private      ,10,42,52,81,403,484
03769300,PC TECH LEARNING CENTER                 ,NJ,07306-9900,Proprietary  ,0,0,0,3,17,20
03803300,HEALTHCARE TRAINING INSTITUTE           ,NJ,07083-3504,Proprietary  ,7,36,43,82,338,420
03811300,EASTERN SCHOOL OF ACUPUNCTURE AND TRADIT,NJ,07042-3562,Proprietary  ,0,20,20,8,71,79
04081300,BAIS MEDRASH TORAS CHESED               ,NJ,08701-0000,Private      ,9,3,12,31,17,48
04123400,YESHIVAS BE'ER YITZCHOK                 ,NJ,07208-2380,Private      ,4,10,14,5,38,43
04125000,GENTLE HEALING SCHOOL OF MASSAGE        ,NJ,08512-3600,Proprietary  ,2,6,8,8,49,57
04131100,YESHIVA TORAS CHAIM                     ,NJ,08701-2120,Private      ,3,0,3,118,2,120
04131200,TOTAL IMAGE BEAUTY ACADEMY              ,NJ,07307-2943,Proprietary  ,2,13,15,12,43,55
04134100,CENTER FOR ALLIED HEALTH & NURSING EDUCA,NJ,07601-5801,Proprietary  ,14,181,195,111,1076,1187
04136400,AMERICAN INSTITUTE OF MEDICAL SCIENCES &,NJ,07080-1183,Proprietary  ,11,35,46,43,199,242
04154500,STARTING POINTS FOR CHILDREN            ,NJ,07306-0001,Private      ,0,43,43,0,78,78
04154900,NATIONAL CAREER INSTITUTE               ,NJ,07018-2011,Proprietary  ,9,69,78,37,214,251
04173100,LAB PAUL MITCHELL PARTNER SCHOOL (THE)  ,NJ,08628-2500,Proprietary  ,7,7,14,30,23,53
00266500,VAUGHN COLLEGE OF AERONAUTICS AND TECHNO,NY,11369-9997,Private      ,58,93,151,1087,824,1911
00266600,ADELPHI UNIVERSITY                      ,NY,11530-4299,Private      ,170,307,477,8166,4957,13123
00266700,DOWLING COLLEGE                         ,NY,11769-1999,Private      ,77,181,258,2810,2187,4997
00266800,ALFRED UNIVERSITY                       ,NY,14802-1205,Private      ,43,45,88,3444,721,4165
00266900,BANK STREET COLLEGE OF EDUCATION        ,NY,10025-0000,Private      ,1,57,58,12,970,982
00267100,BARD COLLEGE                            ,NY,12504-5000,Private      ,37,16,53,2712,699,3411
00267400,NEW YORK THEOLOGICAL SEMINARY           ,NY,10115-0002,Private      ,0,22,22,3,209,212
00267700,BROOKLYN LAW SCHOOL                     ,NY,11201-0000,Private      ,6,45,51,76,3862,3938
00267800,BRYANT & STRATTON COLLEGE               ,NY,14203-1713,Proprietary  ,288,1514,1802,2705,11961,14666
00267803,BRYANT & STRATTON COLLEGE - GREECE      ,NY,14606-4227,Proprietary  ,32,131,163,323,1269,1592
00267805,BRYANT & STRATTON COLLEGE - SYRACUSE    ,NY,13203-2502,Proprietary  ,59,214,273,728,1728,2456
00267807,BRYANT & STRATTON COLLEGE - ALBANY      ,NY,12205-5230,Proprietary  ,15,107,122,341,1018,1359
00268100,CANISIUS COLLEGE                        ,NY,14208-1098,Private      ,60,139,199,4402,1949,6351
00268300,SEMINARY OF THE IMMACULATE CONCEPT      ,NY,11743-0000,Private      ,0,0,0,2,1,3
00268500,CAZENOVIA COLLEGE                       ,NY,13035-1085,Private      ,21,12,33,1867,188,2055
00268700,CUNY-BROOKLYN COLLEGE                   ,NY,11210-2814,Public       ,684,896,1580,16417,11506,27923
00268800,CITY COLLEGE-CUNY                       ,NY,10031-9198,Public       ,666,916,1582,19125,10105,29230
00268900,CUNY-HUNTER COLLEGE                     ,NY,10021-0000,Public       ,877,1315,2192,26276,16138,42414
00269000,QUEENS COLLEGE-CUNY                     ,NY,11367-1597,Public       ,576,690,1266,16327,8885,25212
00269100,CUNY- BOROUGH OF MANHATTAN CMTY CLG     ,NY,10007-1047,Public       ,1779,1668,3447,22290,14700,36990
00269200,CUNY BRONX COMMUNITY COLLEGE            ,NY,10453-3102,Public       ,899,1100,1999,10847,9107,19954
00269300,CUNY-JOHN JAY CLG CRIMINAL JUSTICE      ,NY,10019-1093,Public       ,607,704,1311,15371,7527,22898
00269400,KINGSBOROUGH COMMUNITY COLLEGE          ,NY,11235-2398,Public       ,912,713,1625,12855,7532,20387
00269600,NY CITY COLLEGE OF TECHNOLOGY-CUNY      ,NY,11201-2983,Public       ,751,861,1612,14455,7946,22401
00269700,QUEENSBOROUGH COMMUNITY COLLEGE         ,NY,11364-1497,Public       ,745,584,1329,11876,5615,17491
00269800,CUNY THE COLLEGE OF STATEN ISLAND       ,NY,10314-6600,Public       ,545,467,1012,10691,4809,15500
00269900,CLARKSON UNIVERSITY                     ,NY,13699-5615,Private      ,44,14,58,4590,397,4987
00270000,COLGATE ROCHESTER CROZER DIVINITY S     ,NY,14620-0000,Private      ,0,7,7,10,93,103
00270100,COLGATE UNIVERSITY                      ,NY,13346-1386,Private      ,49,2,51,4159,81,4240
00270300,COLLEGE OF MOUNT SAINT VINCENT          ,NY,10471-1093,Private      ,49,30,79,2152,501,2653
00270400,COLLEGE OF NEW ROCHELLE                 ,NY,10805-2339,Private      ,36,339,375,1152,4916,6068
00270500,COLLEGE OF SAINT ROSE                   ,NY,12203-1490,Private      ,63,161,224,4853,2353,7206
00270700,COLUMBIA UNIVERSITY                     ,NY,10027-0000,Private      ,504,832,1336,6918,6264,13182
00270701,COLUMBIA UNIV ARCHITECTURE              ,NY,10027-0000,Private      ,0,0,0,70,889,959
00270702,COLUMBIA UNIV SCHOOL OF THE ARTS        ,NY,10027-0000,Private      ,0,0,0,121,1387,1508
00270703,COLUMBIA UNIV BUSINESS GRAD             ,NY,10027-0000,Private      ,0,0,0,34,1561,1595
00270704,COLUMBIA UNIV SCHOOL ENGIN-UNDERGRA     ,NY,10027-0000,Private      ,0,0,0,1888,79,1967
00270705,COLUMBIA UNIV SCHOOL GENERAL STUDIE     ,NY,10027-0000,Private      ,0,0,0,377,1280,1657
00270706,COLUMBIA UNIV GRAD SCHL ARTS & SCI      ,NY,10027-0000,Private      ,0,0,0,63,1816,1879
00270707,COLUMBIA UNIV SCH INTL PUB AFFAIRS      ,NY,10027-0000,Private      ,0,0,0,13,1357,1370
00270708,COLUMBIA UNIV JOURNALISM GRAD           ,NY,10027-0000,Private      ,0,0,0,22,590,612
00270710,COLUMBIA UNIV COLUMBIA COLLEGE          ,NY,10027-0000,Private      ,0,0,0,8623,619,9242
00270711,COLUMBIA UNIV SCHOOL OF LAW             ,NY,10027-0000,Private      ,0,0,0,54,4500,4554
00270712,COLUMBIA UNIV SOCIAL WORK               ,NY,10025-0000,Private      ,0,0,0,19,1151,1170
00270713,COLUMBIA UNIV SCHL DENT & ORAL SURG     ,NY,10032-0000,Private      ,0,0,0,5,391,396
00270714,COLUMBIA UNIV INST HUMAN NUTRITION      ,NY,10032-0000,Private      ,0,0,0,10,130,140
00270715,COLUMBIA UNIV NURSING                   ,NY,10032-0000,Private      ,0,0,0,99,804,903
00270716,COLUMBIA UNIV COLL PHYS & SURGEONS      ,NY,10032-0000,Private      ,0,0,0,49,1155,1204
00270717,COLUMBIA UNIV PHYSICAL THERAPY          ,NY,10032-0000,Private      ,0,0,0,20,150,170
00270718,COLUMBIA UNIV OCCUPATIONAL THERAPY      ,NY,10032-0000,Private      ,0,0,0,7,127,134
00270719,COLUMBIA UNIV PUBLIC HEALTH             ,NY,10032-0000,Private      ,0,0,0,17,1179,1196
00270720,COLUMBIA UNIV - ENGINEERING (GRAD)      ,NY,10027-0000,Private      ,0,0,0,96,379,475
00270721,COLUMBIA UNIV-CONT ED & SP PROGMS       ,NY,10027-0000,Private      ,0,0,0,7,421,428
00270800,BARNARD COLLEGE-COLUMBIA UNIV           ,NY,10027-6598,Private      ,62,28,90,4042,240,4282
00270900,CONCORDIA COLLEGE                       ,NY,10708-1998,Private      ,12,35,47,837,406,1243
00271000,COOPER UNION                            ,NY,10003-7120,Private      ,51,20,71,1690,275,1965
00271100,CORNELL UNIVERSITY                      ,NY,14853-2801,Private      ,408,181,589,26234,7306,33540
00271101,WEILL CORNELL MEDICAL COLLEGE AND GRADUA,NY,10021-0000,Private      ,6,16,22,44,807,851
00271200,D'YOUVILLE COLLEGE                      ,NY,14201-1084,Private      ,27,111,138,1835,2080,3915
00271300,DOMINICAN COLLEGE                       ,NY,10962-1299,Private      ,33,88,121,1709,968,2677
00271800,ELMIRA COLLEGE                          ,NY,14901-2099,Private      ,34,32,66,2406,606,3012
00272200,FORDHAM UNIVERSITY                      ,NY,10458-5157,Private      ,420,583,1003,21081,10863,31944
00272600,GENERAL THEOLOGICAL SEMINARY            ,NY,10011-0000,Private      ,0,6,6,1,116,117
00272800,HAMILTON COLLEGE                        ,NY,13323-1218,Private      ,51,3,54,2900,56,2956
00272900,HARTWICK COLLEGE                        ,NY,13820-4020,Private      ,35,8,43,3138,130,3268
00273100,HOBART & WILLIAM SMITH COLLEGES         ,NY,14456-3397,Private      ,46,6,52,3375,80,3455
00273200,HOFSTRA UNIVERSITY                      ,NY,11549-1010,Private      ,258,253,511,14740,6473,21213
00273400,HOUGHTON COLLEGE                        ,NY,14744-0128,Private      ,17,16,33,1487,174,1661
00273500,HILBERT COLLEGE                         ,NY,14075-1597,Private      ,26,15,41,1065,312,1377
00273700,IONA COLLEGE                            ,NY,10801-1890,Private      ,82,76,158,7257,1294,8551
00273900,ITHACA COLLEGE                          ,NY,14850-7130,Private      ,149,18,167,13179,910,14089
00274000,JEWISH THEOLOGICAL SEMINARY OF AMER     ,NY,10027-4649,Private      ,4,3,7,144,198,342
00274200,THE JUILLIARD SCHOOL                    ,NY,10023-6588,Private      ,46,15,61,1290,691,1981
00274400,KEUKA COLLEGE                           ,NY,14478-0000,Private      ,12,102,114,1287,1238,2525
00274800,LEMOYNE COLLEGE                         ,NY,13214-1399,Private      ,80,53,133,4536,1018,5554
00274900,NEW YORK COLLEGE OF PODIATRIC MED       ,NY,10035-1940,Private      ,2,21,23,46,390,436
00275100,LONG ISLAND UNIVERSITY                  ,NY,11548-1326,Private      ,420,954,1374,12416,11013,23429
00275800,MANHATTAN COLLEGE                       ,NY,10471-4098,Private      ,118,46,164,5843,646,6489
00275900,MANHATTAN SCHOOL OF MUSIC               ,NY,10027-4689,Private      ,28,21,49,692,806,1498
00276000,MANHATTANVILLE COLLEGE                  ,NY,10577-2132,Private      ,56,87,143,3042,1029,4071
00276300,MARIA COLLEGE                           ,NY,12208-1798,Private      ,12,95,107,222,939,1161
00276500,MARIST COLLEGE                          ,NY,12601-1387,Private      ,245,111,356,9336,1384,10720
00276900,MARYMOUNT MANHATTAN COLLEGE             ,NY,10021-4597,Private      ,75,24,99,3762,402,4164
00277200,MERCY COLLEGE                           ,NY,10522-1189,Private      ,217,811,1028,4315,7695,12010
00277500,MOLLOY COLLEGE                          ,NY,11570-1100,Private      ,93,182,275,3140,1974,5114
00277700,MEDAILLE COLLEGE                        ,NY,14214-2695,Private      ,41,150,191,1735,1496,3231
00277800,MOUNT SAINT MARY COLLEGE                ,NY,12550-3494,Private      ,52,101,153,2807,1150,3957
00277900,NAZARETH COLLEGE OF ROCHESTER           ,NY,14618-3790,Private      ,33,86,119,3274,1686,4960
00278200,NEW YORK INSTITUTE OF TECHNOLOGY        ,NY,11568-8000,Private      ,109,176,285,5214,2961,8175
00278202,NY INSTITUTE OF TECHNOLOGY-OSTEOPATHIC M,NY,11568-0000,Private      ,2,5,7,72,1192,1264
00278300,NEW YORK LAW SCHOOL                     ,NY,10013-0000,Private      ,4,44,48,35,3519,3554
00278400,NEW YORK MEDICAL COLLEGE                ,NY,10595-0000,Private      ,2,51,53,30,2139,2169
00278500,NEW YORK UNIVERSITY                     ,NY,10012-1091,Private      ,917,1488,2405,36025,31954,67979
00278800,NIAGARA UNIVERSITY                      ,NY,14109-2010,Private      ,52,50,102,3824,923,4747
00279000,NYACK COLLEGE                           ,NY,10960-3698,Private      ,39,262,301,1366,2155,3521
00279100,PACE UNIVERSITY - NEW YORK              ,NY,10038-1598,Private      ,192,219,411,8414,3521,11935
00279101,PACE UNIVERSITY-PLEASANTVILLE           ,NY,10570-0000,Private      ,51,78,129,3566,1217,4783
00279102,PACE UNIVERSITY - WHITE PLAINS          ,NY,10603-0000,Private      ,10,91,101,360,2265,2625
00279500,PAUL SMITHS CLG OF ARTS & SCIENCES      ,NY,12970-0000,Private      ,17,14,31,1266,157,1423
00279600,POLYTECHNIC INTSTITUTE OF NEW YORK UNIV ,NY,11201-3840,Private      ,38,73,111,2579,1093,3672
00279800,PRATT INSTITUTE                         ,NY,11205-3899,Private      ,126,151,277,4783,2870,7653
00280300,RENSSELAER POLYTECHNIC INSTITUTE        ,NY,12180-3590,Private      ,182,38,220,10439,842,11281
00280500,ROBERTS WESLEYAN COLLEGE                ,NY,14624-1997,Private      ,25,117,142,1477,1294,2771
00280600,ROCHESTER INSTITUTE OF TECHNOLOGY       ,NY,14623-5608,Private      ,230,194,424,15154,3267,18421
00280700,ROCKEFELLER UNIVERSITY                  ,NY,10021-0000,Private      ,5,4,9,15,30,45
00280800,DAEMEN COLLEGE                          ,NY,14226-3592,Private      ,25,107,132,2402,1100,3502
00281000,THE SAGE COLLEGES                       ,NY,12180-4199,Private      ,33,108,141,1615,1931,3546
00281200,TROCAIRE COLLEGE                        ,NY,14220-2094,Private      ,34,175,209,654,1668,2322
00281300,SARAH LAWRENCE COLLEGE                  ,NY,10708-5999,Private      ,21,17,38,1745,713,2458
00281400,SKIDMORE COLLEGE                        ,NY,12866-1632,Private      ,44,10,54,3793,108,3901
00281401,SKIDMORE COLL-UNIV WITHOUT WALLS        ,NY,12866-0000,Private      ,0,1,1,32,6,38
00281500,ST BERNARDS SCH THEOLOGY & MINISTRY     ,NY,14618-3822,Private      ,0,1,1,2,42,44
00281600,SIENA COLLEGE                           ,NY,12211-1462,Private      ,65,15,80,6511,307,6818
00281700,ST BONAVENTURE UNIVERSITY               ,NY,14778-2284,Private      ,28,24,52,2676,597,3273
00282000,ST FRANCIS COLLEGE                      ,NY,11201-4398,Private      ,106,66,172,2474,636,3110
00282100,ST JOHN FISHER COLLEGE                  ,NY,14618-3597,Private      ,76,72,148,4615,1919,6534
00282200,CHRIST THE KING SEMINARY                ,NY,14052-0607,Private      ,0,2,2,1,10,11
00282300,ST JOHN'S UNIVERSITY                    ,NY,11439-1343,Private      ,234,266,500,23816,7148,30964
00282500,ST JOSEPH'S COLLEGE                     ,NY,11205-3688,Private      ,45,81,126,1229,743,1972
00282501,ST JOSEPH'S COLLEGE-SUFFOLK CAMPUS      ,NY,11772-0000,Private      ,98,135,233,3108,1438,4546
00282600,ST JOSEPH'S SEMINARY                    ,NY,10704-0000,Private      ,0,0,0,1,3,4
00282900,ST LAWRENCE UNIVERSITY                  ,NY,13617-1455,Private      ,32,3,35,2959,135,3094
00283200,ST THOMAS AQUINAS COLLEGE               ,NY,10976-1050,Private      ,32,25,57,1907,357,2264
00283300,ST VLADIMIR ORTHODOX THEOL SEM          ,NY,10707-0000,Private      ,0,0,0,1,46,47
00283400,EXCELSIOR COLLEGE                       ,NY,12203-5159,Private      ,57,1074,1131,259,6819,7078
00283500,SUNY AT ALBANY                          ,NY,12222-0001,Public       ,369,250,619,21222,5506,26728
00283600,BINGHAMTON UNIVERSITY (SUNY)            ,NY,13902-6000,Public       ,376,175,551,23564,3233,26797
00283700,SUNY AT BUFFALO                         ,NY,14260-0001,Public       ,358,325,683,23413,10329,33742
00283800,SUNY AT STONY BROOK                     ,NY,11794-0001,Public       ,484,403,887,25367,7885,33252
00283900,SUNY-DOWNSTATE MEDICAL CENTER           ,NY,11203-2098,Public       ,8,64,72,152,2155,2307
00284000,SUNY UPSTATE MEDICAL UNIVERSITY         ,NY,13210-2375,Public       ,11,30,41,216,1428,1644
00284100,SUNY BROCKPORT - FIN AID OFF            ,NY,14420-2914,Public       ,188,195,383,9894,3232,13126
00284200,BUFFALO STATE COLLEGE - SUNY            ,NY,14222-1095,Public       ,339,343,682,12997,5692,18689
00284300,SUNY COLLEGE-CORTLAND                   ,NY,13045-0900,Public       ,161,98,259,11843,1766,13609
00284400,SUNY AT FREDONIA                        ,NY,14063-1145,Public       ,96,55,151,7620,1083,8703
00284500,SUNY GENESEO                            ,NY,14454-1401,Public       ,116,32,148,9222,638,9860
00284600,SUNY COLLEGE-NEW PALTZ                  ,NY,12561-2499,Public       ,215,125,340,12230,2327,14557
00284700,SUNY COLLEGE-ONEONTA                    ,NY,13820-4015,Public       ,154,32,186,10902,867,11769
00284800,SUNY OSWEGO                             ,NY,13126-3599,Public       ,141,135,276,10747,2303,13050
00284900,SUNY COLLEGE AT PLATTSBURGH             ,NY,12901-2681,Public       ,117,92,209,7262,1551,8813
00285000,SUNY COLLEGE-POTSDAM                    ,NY,13676-2294,Public       ,92,60,152,5266,1110,6376
00285100,SUNY COLLEGE OF ENVIRONMENT SCIENCE AND ,NY,13210-2778,Public       ,34,35,69,2191,637,2828
00285300,SUNY MARITIME COLLEGE                   ,NY,10465-4198,Public       ,31,23,54,1600,353,1953
00285400,SUNY COLLEGE OF TECHNOLOGY-ALFRED       ,NY,14802-9951,Public       ,75,82,157,4090,987,5077
00285500,SUNY CANTON COLG OF TECHNOLOGY          ,NY,13617-1098,Public       ,73,137,210,3160,1635,4795
00285600,SUNY AG & TECH COLLEGE-COBLESKILL       ,NY,12043-9986,Public       ,63,47,110,3080,543,3623
00285700,SUNY DELHI                              ,NY,13753-1190,Public       ,99,81,180,3678,920,4598
00285800,SUNY FARMINGDALE                        ,NY,11735-1021,Public       ,181,240,421,5885,2249,8134
00285900,SUNY COLLEGE OF AG & TECH AT MORRISVILLE,NY,13408-0901,Public       ,76,74,150,3667,1197,4864
00286000,ADIRONDACK COMMUNITY COLLEGE            ,NY,12804-2004,Public       ,100,227,327,2000,1844,3844
00286100,CAYUGA COMMUNITY COLLEGE                ,NY,13021-3099,Public       ,125,280,405,1988,2428,4416
00286200,BROOME COMMUNITY COLLEGE                ,NY,13902-0000,Public       ,188,312,500,3573,2810,6383
00286300,CORNING COMMUNITY COLLEGE               ,NY,14830-3297,Public       ,124,299,423,2095,2335,4430
00286400,DUTCHESS COMMUNITY COLLEGE              ,NY,12601-1595,Public       ,224,316,540,3474,2545,6019
00286600,FASHION INSTITUTE OF TECHNOLOGY         ,NY,10001-5992,Public       ,279,300,579,8125,3551,11676
00286700,SUNY FULTON MONTGOMERY COMM CLG         ,NY,12095-3790,Public       ,85,130,215,1432,1250,2682
00286800,HUDSON VALLEY COMMUNITY COLLEGE         ,NY,12180-6096,Public       ,416,617,1033,7292,5119,12411
00286900,JAMESTOWN COMMUNITY COLLEGE             ,NY,14702-0020,Public       ,149,310,459,2928,2392,5320
00287000,JEFFERSON COMMUNITY COLLEGE             ,NY,13601-1897,Public       ,83,350,433,1557,2236,3793
00287100,"SUNY, MOHAWK VALLEY COMMUNITY CLG       ",NY,13501-5394,Public       ,279,453,732,4554,3586,8140
00287200,MONROE COMMUNITY COLLEGE                ,NY,14623-5780,Public       ,590,1127,1717,10415,9940,20355
00287300,NASSAU COMMUNITY COLLEGE                ,NY,11530-6793,Public       ,914,867,1781,12249,6706,18955
00287400,NIAGARA COUNTY COMMUNITY COLLEGE        ,NY,14132-9460,Public       ,246,377,623,4320,3270,7590
00287500,ONONDAGA COMMUNITY COLLEGE              ,NY,13215-4585,Public       ,386,576,962,6537,4506,11043
00287600,ORANGE COUNTY COMMUNITY COLLEGE         ,NY,10940-6441,Public       ,245,366,611,3177,2525,5702
00287700,ROCKLAND COMMUNITY COLLEGE              ,NY,10901-3611,Public       ,204,245,449,2718,2049,4767
00287800,SUFFOLK COMMUNITY COLLEGE               ,NY,11784-2899,Public       ,558,569,1127,8094,4274,12368
00287801,SUFFOLK COMMUNITY CLG-W. CAMPUS         ,NY,11717-0000,Public       ,304,351,655,3467,2506,5973
00287803,SUFFOLK COMMUNITY CLG-EASTRN CAMPUS     ,NY,11901-0000,Public       ,102,121,223,1129,907,2036
00287900,SULLIVAN COUNTY COMMUNITY COLLEGE       ,NY,12759-5151,Public       ,93,90,183,1460,893,2353
00288000,ULSTER COUNTY COMMUNITY COLLEGE         ,NY,12484-0557,Public       ,99,140,239,1310,1084,2394
00288100,SUNY WESTCHESTER COMMUNITY COLLEGE      ,NY,10595-1698,Public       ,502,576,1078,5841,4829,10670
00288200,SYRACUSE UNIVERSITY                     ,NY,13244-2130,Private      ,339,212,551,21971,6415,28386
00288300,UTICA COLLEGE- UTICA                    ,NY,13502-4892,Private      ,53,150,203,3582,1864,5446
00288500,ALBANY COLLEGE OF PHARMACY AND HEALTH SC,NY,12208-3492,Private      ,19,11,30,1553,819,2372
00288600,ALBANY LAW SCHOOL                       ,NY,12208-0000,Private      ,7,18,25,72,1657,1729
00288700,ALBANY MEDICAL COLLEGE                  ,NY,12208-0000,Private      ,9,20,29,102,1081,1183
00288900,UNION COLLEGE                           ,NY,12308-2311,Private      ,44,3,47,3405,138,3543
00289000,UNION THEOLOGICAL SEMINARY              ,NY,10027-0000,Private      ,0,8,8,0,341,341
00289200,UNITED STATES MERCHANT MARINE ACADEMY   ,NY,11024-1699,Public       ,6,2,8,371,17,388
00289400,UNIVERSITY OF ROCHESTER                 ,NY,14627-9000,Private      ,113,112,225,8182,2015,10197
00289401,EASTMAN SCH OF MUSIC/UNIV ROCHESTER     ,NY,14604-0000,Private      ,19,9,28,779,420,1199
00289402,UNIV OF ROCHESTER SCHL OF MEDICINE      ,NY,14642-0000,Private      ,1,11,12,61,723,784
00289500,VASSAR COLLEGE                          ,NY,12604-0008,Private      ,71,5,76,5062,119,5181
00289600,VILLA MARIA COLLEGE-BUFFALO             ,NY,14225-3999,Private      ,16,20,36,479,296,775
00289900,WAGNER COLLEGE                          ,NY,10301-4495,Private      ,61,25,86,2687,454,3141
00290000,WEBB INSTITUTE                          ,NY,11542-1398,Private      ,0,0,0,52,8,60
00290100,WELLS COLLEGE                           ,NY,13026-0500,Private      ,16,6,22,1420,102,1522
00290300,YESHIVA UNIVERSITY                      ,NY,10033-3201,Private      ,64,84,148,2156,3546,5702
00290302,YESHIVA UNIVERSITY - BRONX CAMPUS       ,NY,10461-1975,Private      ,6,22,28,32,1225,1257
00397400,MESIVTHA TIFERETH JERUSALEM OF AMER     ,NY,10002-6382,Private      ,11,1,12,32,2,34
00397600,RABBINICAL ACAD MESIVTA RABBI CHAIM     ,NY,11230-4715,Private      ,14,1,15,17,4,21
00397700,RABBINICAL COLLEGE CH'SAN SOFER         ,NY,11204-1252,Private      ,19,21,40,19,22,41
00397800,RABBINICAL SEMINARY OF AMERICA          ,NY,11375-0000,Private      ,1,11,12,26,35,61
00397900,COLUMBIA UNIV TEACHERS COLLEGE          ,NY,10027-0000,Private      ,6,266,272,55,4945,5000
00405400,HEBREW UNION COL-JEWISH INST OF REL     ,NY,10012-0000,Private      ,0,3,3,3,79,82
00475900,"CUNY, YORK COLLEGE                      ",NY,11451-0001,Public       ,371,495,866,9729,5221,14950
00476500,CUNY GRADUATE SCH & UNIV CTR            ,NY,10016-4309,Public       ,9,236,245,108,3280,3388
00477600,CENTRAL YESHIVA TOMCHEI TMIMIM LUBA     ,NY,11230-2798,Private      ,136,27,163,168,35,203
00478800,HERKIMER COUNTY COMMUNITY COLLEGE       ,NY,13350-1598,Public       ,95,157,252,2994,1472,4466
00479800,MIRRER YESHIVA CENTRAL INST             ,NY,11223-2010,Private      ,39,15,54,91,57,148
00479900,MONROE COLLEGE                          ,NY,10468-4305,Proprietary  ,198,522,720,3414,5530,8944
00481100,EVEREST INSTITUTE                       ,NY,14621-3007,Proprietary  ,44,185,229,357,1934,2291
00506400,SAINT JAMES MERCY HOSPITAL SCHOOL OF RAD,NY,14843-2197,Private      ,0,0,0,12,14,26
00506600,FAXTON ST. LUKE'S SCHOOL OF RADIOGRAPHY ,NY,13502-4856,Private      ,0,1,1,22,54,76
00520800,THE COLLEGE OF WESTCHESTER              ,NY,10602-0000,Proprietary  ,46,134,180,837,891,1728
00587700,ROBERT J HOCHSTIM SCHOOL OF RADIOG      ,NY,11572-1151,Private      ,0,0,0,2,13,15
00643501,ARNOT OGDEN MEDICAL CENTER              ,NY,14905-1676,Private      ,1,3,4,41,61,102
00643800,PHILLIPS BETH ISRAEL SCH OF NURSING     ,NY,10001-6354,Private      ,7,19,26,114,351,465
00644300,COCHRAN SCH NSG-ST JOHN RVSDE HOSP      ,NY,10701-1399,Private      ,0,21,21,39,321,360
00644500,CROUSE HOSP SCH OF NURSING              ,NY,13210-1690,Private      ,12,18,30,145,295,440
00644800,ELLIS HOSPITAL SCHOOL OF NURSING        ,NY,12308-0000,Private      ,1,11,12,53,171,224
00646101,ST ELIZABETH COLLEGE OF NURSING         ,NY,13501-2998,Private      ,2,4,6,123,237,360
00646102,ST ELIZABETH SCH OF RADIOGRAPHY         ,NY,13501-0000,Private      ,0,1,1,18,43,61
00646700,SAINT JOSEPH'S COLLEGE OF NURSING       ,NY,13203-1806,Private      ,2,12,14,181,305,486
00678200,GENESEE COMMUNITY COLLEGE               ,NY,14020-9704,Public       ,144,348,492,2987,2860,5847
00678500,SCHENECTADY COUNTY COMMUNITY CLG        ,NY,12305-2294,Public       ,107,275,382,2122,2383,4505
00678700,CLINTON COMMUNITY COLLEGE               ,NY,12901-5690,Public       ,56,101,157,1389,884,2273
00678800,TOMPKINS CORTLAND COMMUNITY COLLEGE     ,NY,13053-8504,Public       ,141,192,333,2906,1754,4660
00678900,COLUMBIA-GREENE COMMUNITY COLLEGE       ,NY,12534-9543,Public       ,57,100,157,996,891,1887
00679100,SUNY AT PURCHASE                        ,NY,10577-1400,Public       ,151,55,206,7466,1003,8469
00702200,CUNY-LEHMAN COLLEGE                     ,NY,10468-1589,Public       ,478,1001,1479,12300,10014,22314
00702600,"MT SINAI SCH OF MEDICINE, NY UNIV       ",NY,10029-0000,Private      ,4,16,20,16,1057,1073
00710900,SUNY COLLEGE-OLD WESTBURY               ,NY,11568-0210,Public       ,146,176,322,5728,2121,7849
00711100,NORTH COUNTRY COMMUNITY COLLEGE         ,NY,12983-2046,Public       ,42,104,146,777,793,1570
00726400,MESIFTA TORAH VODAATH RABBINCAL SEM     ,NY,11218-5209,Private      ,15,3,18,24,25,49
00727300,CUNY-BERNARD BARUCH COLLEGE             ,NY,10010-5518,Public       ,600,802,1402,16582,8936,25518
00730400,CULINARY INSTITUTE OF AMERICA           ,NY,12538-1499,Private      ,233,222,455,3296,1646,4942
00732916,ITT TECHNICAL INSTITUTE                 ,NY,12205-1003,Proprietary  ,29,105,134,235,645,880
00737200,AUSTIN'S SCHOOL OF SPA TECHNOLOGY       ,NY,12206-1513,Proprietary  ,29,65,94,179,382,561
00737500,ISLAND DRAFTING & TECHNICAL INST        ,NY,11701-2704,Proprietary  ,1,5,6,72,90,162
00738700,LONG ISLAND BEAUTY SCHOOL               ,NY,11788-4346,Proprietary  ,42,71,113,129,229,358
00738800,LONG ISLAND BEAUTY SCHOOL               ,NY,11550-3704,Proprietary  ,10,34,44,42,156,198
00739100,BEAUTY SCHOOL OF MIDDLETOWN             ,NY,10940-6574,Proprietary  ,6,14,20,27,70,97
00739400,BERKELEY COLLEGE                        ,NY,10017-0000,Proprietary  ,237,512,749,3116,3706,6822
00739402,BERKELEY COLLEGE-WESTCHESTER CAMPUS     ,NY,10601-1533,Proprietary  ,54,62,116,868,563,1431
00739800,KATHARINE GIBBS SCHOOL                  ,NY,10018-2602,Proprietary  ,0,0,0,4,2,6
00740100,MANDL SCHOOL                            ,NY,10019-5516,Proprietary  ,32,136,168,210,853,1063
00740500,WOOD TOBE-COBURN SCHOOL                 ,NY,10016-0102,Proprietary  ,4,2,6,622,158,780
00746500,AMERICAN ACADEMY OF DRAMATIC ARTS       ,NY,10016-7089,Private      ,37,24,61,561,286,847
00746600,LIM COLLEGE                             ,NY,10022-5268,Proprietary  ,65,22,87,1978,287,2265
00746800,SCHOOL OF VISUAL ARTS                   ,NY,10010-3994,Proprietary  ,107,79,186,4165,1746,5911
00750602,LINCOLN TECHNICAL INSTITUTE             ,NY,11357-6092,Proprietary  ,90,71,161,634,422,1056
00751800,APEX TECHNICAL SCHOOL                   ,NY,10011-2008,Proprietary  ,212,490,702,853,2160,3013
00752200,CONTINENTAL SCH OF BEAUTY CULTURE       ,NY,14623-3231,Proprietary  ,39,103,142,204,545,749
00752205,CONTINENTAL SCHOOL OF BEAUTY CULTURE - M,NY,13211-1003,Proprietary  ,1,3,4,2,7,9
00753200,FINGER LAKES COMMUNITY COLLEGE          ,NY,14424-8395,Public       ,129,280,409,3677,2644,6321
00757200,AMERICAN MUSICAL AND DRAMATIC ACAD      ,NY,10023-2106,Private      ,97,31,128,1903,393,2296
00757300,EMPIRE BEAUTY SCHOOL                    ,NY,11103-4028,Proprietary  ,23,61,84,130,327,457
00780400,STAR CAREER ACADEMY                     ,NY,10011-7307,Proprietary  ,50,169,219,204,776,980
00818900,CONTINENTAL SCHOOL OF BEAUTY CULTURE - B,NY,14224-3402,Proprietary  ,22,35,57,77,159,236
00818903,CONTINENTAL SCHOOL OF BEAUTY CULTURE - B,NY,14223-2911,Proprietary  ,1,5,6,6,15,21
00843700,CHAMPLAIN VALLEY - TEC/PRN              ,NY,12901-0000,Public       ,0,2,2,18,58,76
00849500,JAMESTOWN BUSINESS COLLEGE              ,NY,14702-0429,Proprietary  ,22,39,61,208,367,575
00861100,"CUNY, HOSTOS CMTY COLLEGE               ",NY,10451-1499,Public       ,694,917,1611,6485,6212,12697
00861400,RABBINICAL CLG BOBOVER YESHIVA BNEI     ,NY,11219-3293,Private      ,84,23,107,93,25,118
00861700,RABBINICAL SEM MKOR CHAIM-YESHIVA       ,NY,11219-4300,Private      ,7,0,7,7,0,7
00878800,STATE UNIVERSITY OF NEW YORK STUDENT LOA,NY,12246-0000,Public       ,22,30,52,38,46,84
00900300,OLEAN BUSINESS INSTITUTE INC            ,NY,14760-2691,Proprietary  ,1,7,8,15,102,117
00902900,NEIGHBORHOOD PLAYHOUSE                  ,NY,10022-5017,Private      ,1,2,3,31,62,93
00904300,ELMIRA BUSINESS INSTITUTE               ,NY,14901-2731,Proprietary  ,16,111,127,122,900,1022
00907700,UTICA SCHOOL OF COMMERCE                ,NY,13501-2280,Proprietary  ,11,60,71,158,530,688
00924800,SAMARITAN HOSPITAL SCH NURSING          ,NY,12180-2475,Private      ,4,16,20,49,185,234
00928300,MIDWAY-PARIS BEAUTY SCHOOL              ,NY,11385-3453,Proprietary  ,10,49,59,24,123,147
00928400,LEARNING INST FOR BEAUTY SCIENCES       ,NY,11756-1345,Proprietary  ,26,80,106,95,221,316
00933500,MESIVTA EASTERN PKWY RABBINICAL CLG     ,NY,11218-5559,Private      ,12,4,16,22,7,29
00947900,SAINT VINCENTS CMC SI NURSING SCHOOL    ,NY,10304-3850,Proprietary  ,29,74,103,119,304,423
00976900,METROPOLITAN COLLEGE OF NEW YORK        ,NY,10013-1919,Private      ,33,162,195,248,1732,1980
00992900,SUNY COLLEGE OF OPTOMETRY               ,NY,10036-8003,Public       ,0,1,1,22,329,351
01005100,LA GUARDIA CMTY COLLEGE - CUNY          ,NY,11101-3083,Public       ,962,1092,2054,12790,9810,22600
01005200,JEFFERSON-LEWIS BOCES PRAC NRSGPRG      ,NY,13601-9509,Public       ,3,19,22,18,134,152
01009700,CUNY-MEDGAR W EVERS COLLEGE             ,NY,11225-2010,Public       ,334,546,880,5659,5888,11547
01014200,TOURO COLLEGE                           ,NY,10010-4202,Private      ,342,837,1179,3657,10862,14519
01014700,WESTERN SUFFOLK BOCES                   ,NY,11768-3499,Public       ,10,52,62,110,365,475
01015300,HELENE FULD COL OF NRSNG/N GEN HOSP     ,NY,10035-0000,Private      ,7,116,123,37,654,691
01028600,EMPIRE STATE COLLEGE                    ,NY,12866-4391,Public       ,100,1251,1351,870,12070,12940
01037800,RABBINICAL COLLEGE OF LONG ISLAND       ,NY,11561-3244,Private      ,27,0,27,29,1,30
01054900,KEHILATH YAKOV RABBINICAL SEMINARY      ,NY,10562-1001,Private      ,18,19,37,18,20,38
01055100,NEW YORK SCH MED & DENTAL ASSISTANT     ,NY,11101-2327,Proprietary  ,24,50,74,124,335,459
01064100,SOUTHERN WESTCHESTER BOCES              ,NY,10543-0000,Public       ,1,11,12,12,157,169
01068400,ERIE COMMUNITY COLLEGE-ALL CAMPUSES     ,NY,14203-2698,Public       ,609,1123,1732,8695,8477,17172
01081300,AMERICAN ACAD MCALLISTER INST           ,NY,10019-3604,Private      ,9,64,73,110,439,549
01083700,SIMMONS INST OF FUNERAL SERVICE         ,NY,13207-2098,Proprietary  ,2,6,8,29,43,72
01093000,SUBURBAN TECHNICAL SCHOOL               ,NY,11550-3771,Proprietary  ,71,192,263,261,1027,1288
01094300,RABBINICAL COLLEGE BETH SHRAGA          ,NY,10952-3033,Private      ,10,0,10,13,0,13
01095200,PNW BOCES LPN PROGRAM                   ,NY,10598-0000,Public       ,2,4,6,10,84,94
01103100,TECHNICAL CAREER INSTITUTE              ,NY,10001-2789,Proprietary  ,225,470,695,2014,4884,6898
01118900,UNITED TALMUDICAL SEMINARY              ,NY,11211-7984,Private      ,450,186,636,450,186,636
01119200,BETH HAMEDRASH SHAAREI YOSHER INST      ,NY,11204-1052,Private      ,0,0,0,1,2,3
01161400,CHAMPLAIN VALLEY HOSP SCH RAD TECH      ,NY,12901-1490,Private      ,0,1,1,26,19,45
01161700,NEW YORK METHODIST HOSPITAL             ,NY,11229-9023,Private      ,5,17,22,74,239,313
01164700,SBI CAMPUS - AN AFFILIATE OF SANFORD-BRO,NY,11747-3785,Proprietary  ,61,91,152,295,548,843
01167000,YESHIVA OF NITRA RABBINICAL COLLEGE     ,NY,11211-7108,Private      ,40,0,40,41,0,41
01167700,MEMORIAL SLOAN KETTERING CANCER CTR     ,NY,10021-6094,Private      ,0,3,3,4,26,30
01167800,SUNY INST OF TECHNOLOGY UTICA ROME      ,NY,13504-3050,Public       ,33,98,131,1766,1232,2998
01182100,YESHIVATH ZICHRON MOSHE                 ,NY,12779-0580,Private      ,40,2,42,75,3,78
01183000,BERK TRADE AND BUSINESS SCHOOL          ,NY,11101-0000,Proprietary  ,10,29,39,44,126,170
01185900,WORD OF LIFE BIBLE INSTITUTE            ,NY,12860-0129,Private      ,17,3,20,555,87,642
01186000,MERCY MED CNTR SCHL OF RADIOGRAPHY      ,NY,11570-1098,Private      ,1,4,5,7,27,34
01192100,WESTCHESTER SCH OF BEAUTY CULTURE       ,NY,10550-2295,Proprietary  ,3,20,23,13,90,103
01192200,BETH HATALMUD RABBINICAL CLG            ,NY,11214-2594,Private      ,0,0,0,1,1,2
01198400,OHR HAMEIR THEOLOGICAL SEMINARY         ,NY,10566-0990,Private      ,6,0,6,42,0,42
01201100,TALMUDICAL SEM OHOLEI TORAH             ,NY,11213-3310,Private      ,113,0,113,146,1,147
01207200,PHILLIPS HAIRSTYLING INSTITUTE          ,NY,13210-1509,Proprietary  ,6,29,35,35,106,141
01210700,INSTITUTE OF DESIGN & CONSTRUCTION      ,NY,11201-5380,Private      ,7,12,19,47,151,198
01220300,MEMORIAL HOSPITAL SCH OF NURSING        ,NY,12204-1083,Private      ,5,21,26,55,180,235
01227700,NEW YORK CHIROPRACTIC COLLEGE           ,NY,13148-0800,Private      ,4,52,56,22,764,786
01229300,VEEB NASSAU CNTY SCHL OF PRACT NURS     ,NY,11553-3037,Public       ,1,8,9,55,226,281
01235800,PLAZA COLLEGE                           ,NY,11372-6300,Proprietary  ,65,137,202,349,956,1305
01236400,SAINT VINCENTS CATHOLIC MEDICAL CENTERS ,NY,11354-0000,Proprietary  ,10,84,94,53,323,376
01240700,SCHUYLER-CHEMUNG-TIOGA BOCES            ,NY,14903-1089,Public       ,1,7,8,17,158,175
01240701,STEUBEN SCHUYLER CHEMUNG TIOGA ALLEGANY ,NY,14870-9518,Public       ,0,1,1,0,4,4
01256100,FIVE TOWNS COLLEGE                      ,NY,11746-5871,Proprietary  ,64,48,112,1438,356,1794
01258900,ERIE 1 BOCES                            ,NY,14224-0000,Public       ,6,51,57,55,273,328
01265200,ONONDAGA CORTLAND MADISON BOCES         ,NY,13090-4500,Public       ,15,95,110,192,841,1033
01278300,OSWEGO COUNTY BOCES ADULT CAREERS       ,NY,13114-4498,Public       ,2,7,9,39,85,124
01292700,CENTRAL TECH NURSING PROGRAM            ,NY,13202-3092,Public       ,5,25,30,27,111,138
01302600,MACHZIKEI HADATH RABBINICAL COLLEGE     ,NY,11204-1805,Private      ,3,0,3,4,1,5
01302900,BORICUA COLLEGE                         ,NY,10032-1599,Private      ,63,121,184,483,1231,1714
02056400,CAPRI COSMETOLOGY LEARNING CENTER       ,NY,10954-0000,Proprietary  ,21,49,70,115,215,330
02056401,CAPRI COSMETOLOGY LEARNING CENTER       ,NY,12550-2118,Proprietary  ,0,0,0,7,11,18
02066200,THE NEW SCHOOL                          ,NY,10011-0000,Private      ,170,364,534,5357,6312,11669
02069000,NEW YORK SCHOOL OF INTERIOR DESIGN      ,NY,10021-0000,Private      ,9,31,40,177,414,591
02075700,BRIARCLIFFE COLLEGE                     ,NY,11714-0000,Proprietary  ,42,95,137,943,893,1836
02075702,BRIARCLIFFE COLLEGE - PATCHOGUE         ,NY,11772-3019,Proprietary  ,42,73,115,666,761,1427
02092400,RIDLEY-LOWELL SCHOOL OF BUSINESS        ,NY,13905-0000,Proprietary  ,7,43,50,28,262,290
02093700,LONG ISLAND BUSINESS INSTITUTE          ,NY,11725-0000,Proprietary  ,100,175,275,470,1069,1539
02093701,LONG ISLAND BUSINESS INSTITUTE - FLUSHIN,NY,11354-4429,Proprietary  ,1,4,5,11,27,38
02098400,HERKIMER COUNTY BOCES                   ,NY,13350-0000,Public       ,1,2,3,49,145,194
02104300,OTSEGO AREA SCHOOL OF PRAC NURSING      ,NY,12167-0000,Public       ,1,0,1,18,33,51
02105900,HAIR DESIGN INSTITUTE AT FIFTH AVE      ,NY,11220-0000,Proprietary  ,21,62,83,93,283,376
02106800,BRAMSON ORT COLLEGE                     ,NY,11375-0000,Private      ,150,165,315,399,694,1093
02110900,CATTARAUGUS/ALLEGANY BOCES              ,NY,14760-0000,Public       ,0,0,0,29,136,165
02112301,RIDLEY - LOWELL BUSINESS & TECHNICAL INS,NY,12601-3328,Proprietary  ,32,141,173,72,423,495
02116011,SANFORD-BROWN INSTITUTE - NEW YORK      ,NY,10003-2103,Proprietary  ,122,318,440,777,1996,2773
02118700,LONG ISLAND COLLEGE HOSPITAL - SCHOOL OF,NY,11201-6001,Private      ,10,17,27,129,366,495
02118702,LONG ISLAND COLLEGE HOSPITAL - SCHOOL OF,NY,11201-6001,Private      ,13,26,39,138,270,408
02124000,ORANGE ULSTER BOCES SCH OF PRAC NRS     ,NY,10924-9401,Public       ,1,8,9,31,139,170
02125500,CIRCLE IN THE SQUARE THEATRE SCHOOL     ,NY,10019-0000,Private      ,4,5,9,56,52,108
02126300,MADISON-ONEIDA BOCES PRAC NRS           ,NY,13478-0000,Public       ,3,22,25,26,143,169
02138500,BOCES RENSSELAER SCHOOL OF PN           ,NY,12033-3221,Public       ,0,1,1,27,95,122
02145800,CAYUGA ONONDAGA BOCES                   ,NY,13021-9430,Public       ,1,5,6,20,83,103
02146000,WAYNE-FINGER LAKES BOCES                ,NY,14513-0000,Public       ,0,5,5,32,169,201
02152000,YESHIVA SHAAR HATORAH ITRI TORAH        ,NY,11418-0000,Private      ,0,0,0,4,0,4
02153600,BROOME-TIOGA BOCES PN PROG              ,NY,13905-0000,Public       ,0,11,11,27,161,188
02157900,ROCHESTER GENERAL HOSPITAL              ,NY,14621-3001,Private      ,3,3,6,33,118,151
02158200,WSHNGTN-SARTGA-WARN-HMLTN-ESX BOCES     ,NY,12839-1051,Public       ,0,1,1,28,101,129
02160100,GENEVA GENERAL HOSPITAL                 ,NY,14456-0000,Private      ,4,16,20,32,141,173
02163400,NEW YORK CAREER INSTITUTE               ,NY,10007-2801,Proprietary  ,37,115,152,260,792,1052
02169100,DAVIS COLLEGE                           ,NY,13790-0000,Private      ,3,8,11,167,103,270
02170000,SWEDISH INSTITUTE                       ,NY,10001-0000,Proprietary  ,20,82,102,131,658,789
02170200,ALBANY SCHOHARIE SCHENECTADY            ,NY,12205-0000,Public       ,6,28,34,64,176,240
02171900,AILEY SCHOOL (THE)                      ,NY,10019-4402,Private      ,6,11,17,127,75,202
02172100,HAMILTON-FULTON-MONTGOMERY BOCES        ,NY,12095-0665,Public       ,4,7,11,61,93,154
02172800,DUTCHESS COUNTY BOCES SCH PRAC NURS     ,NY,12601-0000,Public       ,7,24,31,59,188,247
02173200,EMPIRE BEAUTY SCHOOL                    ,NY,10001-0000,Proprietary  ,65,142,207,481,992,1473
02173201,LEARNING INSTITUTES FOR BEAUTY SCIENCES-,NY,11214-4347,Proprietary  ,0,0,0,6,21,27
02173900,ULSTER COUNTY BOCES PRACTICAL NRSG      ,NY,12466-0000,Public       ,8,37,45,39,185,224
02176000,CHERYL FELL'S SCHOOL OF BUSINESS        ,NY,14304-0000,Proprietary  ,0,9,9,9,74,83
02179400,EASTERN SUFFOLK BOCES                   ,NY,11713-0000,Public       ,3,42,45,197,478,675
02182200,NEW SCHOOL OF RADIO & TELEVISION        ,NY,12206-1106,Proprietary  ,8,15,23,49,85,134
02187300,DARKEI NOAM RABBINICAL COLLEGE          ,NY,11210-0000,Private      ,0,2,2,1,5,6
02191600,TORAH TEMIMAH TALMUDICAL SEMINARY       ,NY,11218-0000,Private      ,27,0,27,57,1,58
02192500,BELLEVUE HOSP CTR SCH RAD TECH          ,NY,10016-0000,Public       ,2,7,9,19,59,78
02193700,SAINT LAWRENCE LEWIS COUNTY BOCES       ,NY,13617-0000,Public       ,0,0,0,21,2,23
02199300,ORLEANS-NIAGARA BOCES                   ,NY,14132-0000,Public       ,4,5,9,16,74,90
02206000,HUNTER BUSINESS SCHOOL                  ,NY,11756-0000,Proprietary  ,44,166,210,272,715,987
02217800,D.HOPFER SCH NURSING AT MT.VRN HOSP     ,NY,10550-0000,Private      ,3,16,19,44,267,311
02219500,MILDRED ELLEY                           ,NY,12206-1513,Proprietary  ,51,275,326,446,2160,2606
02235600,ERIE 2-CHAUTAUQUA-CATTARAUGUS BOCES     ,NY,14006-0000,Public       ,11,20,31,18,142,160
02256700,KOL YAAKOV TORAH CENTER                 ,NY,10952-0000,Private      ,2,2,4,3,3,6
02265100,YESHIVA DERECH CHAIM                    ,NY,11218-0000,Private      ,15,5,20,32,11,43
02265200,GLOBAL BUSINESS INSTITUTE               ,NY,11691-0000,Private      ,58,183,241,314,1123,1437
02272900,ROCKLAND COUNTY BOCES PRAC NRSG SCH     ,NY,10994-0000,Public       ,1,3,4,21,113,134
02275900,"MODERN WELDING SCHOOL, INC.             ",NY,12304-0000,Proprietary  ,11,30,41,41,112,153
02287800,NATIONAL TRACTOR TRAILER SCHOOL         ,NY,13088-2505,Proprietary  ,11,146,157,34,504,538
02294900,INSTITUTE OF AUDIO RESEARCH             ,NY,10003-0000,Proprietary  ,75,88,163,410,430,840
02306500,PROFESSIONAL BUSINESS INSTITUTE         ,NY,10002-0000,Private      ,90,102,192,486,749,1235
02314200,NORTHERN WESTCHESTER SCH COSMETOL       ,NY,10566-0000,Proprietary  ,6,15,21,26,43,69
02320100,OHR SOMAYACH TANENBAUM EDUCATIONAL CENTE,NY,10952-0000,Private      ,0,0,0,1,0,1
02325600,NEW YORK INSTITUTE OF ENGLISH & BUS     ,NY,10001-0000,Private      ,38,62,100,142,299,441
02350600,YESHIVA AND KOLLEL HARBOTZAS TORAH      ,NY,11230-0000,Private      ,0,7,7,0,9,9
02491400,SPANISH AMERICAN INSTITUTE              ,NY,10036-0000,Private      ,1,7,8,2,18,20
02505800,YESHIVA KARLIN STOLIN RAB INSTITUTE     ,NY,11204-0000,Private      ,16,11,27,16,12,28
02505900,SH-OR YOSHUV RABBINICAL COLLEGE         ,NY,11691-0000,Private      ,13,8,21,39,17,56
02506000,ASSOCIATED BETH RIVKAH SCHOOLS          ,NY,11225-0000,Private      ,36,14,50,69,19,88
02506100,CITY UNIV OF NEW YORK-CENTRAL           ,NY,10021-0000,Public       ,35,58,93,1006,598,1604
02506200,MERCE CUNNINGHAM STUDIO                 ,NY,10014-0000,Private      ,1,0,1,4,3,7
02506800,YESHIVAT MIKDASH MELECH                 ,NY,11230-0000,Private      ,5,2,7,36,4,40
02511500,JOFFREY BALLET SCHOOL                   ,NY,10011-0000,Proprietary  ,2,1,3,72,9,81
02513500,MAR JON SCHOOL OF BEAUTY CULTURE        ,NY,14150-0000,Proprietary  ,1,8,9,21,58,79
02525600,ART INSTITUTE OF NEW YORK CITY (THE)    ,NY,10013-2429,Proprietary  ,218,163,381,2213,1340,3553
02540800,"GLOBE INSTITUTE OF TECHNOLOGY, INC.     ",NY,10007-0000,Proprietary  ,37,62,99,385,399,784
02546000,TRI-STATE COLLEGE OF ACUPUNCTURE        ,NY,10011-0000,Proprietary  ,0,9,9,1,153,154
02546300,YESHIVA OF THE TELSHE ALUMNI            ,NY,10471-0000,Private      ,0,1,1,1,2,3
02550600,TALMUDICAL INST OF UPSTATE NY           ,NY,14607-0000,Private      ,0,3,3,2,6,8
02556700,SEMINAR L'MOROS BAIS YAAKOV             ,NY,11219-0000,Private      ,15,0,15,275,0,275
02572900,BUSINESS INFORMATICS CENTER             ,NY,11580-0000,Proprietary  ,7,32,39,25,109,134
02575400,FRENCH CULINARY INSTITUTE               ,NY,10013-2618,Proprietary  ,60,188,248,393,1064,1457
02587600,ORLO SCH HAIR DESIGN & COSMETOLOGY      ,NY,12206-1723,Proprietary  ,13,16,29,67,91,158
02599400,NEW YORK COLLEGE OF HEALTH PROFESSIONS  ,NY,11791-4413,Private      ,22,66,88,206,720,926
02600100,NEW YORK ACADEMY OF ART (THE)           ,NY,10013-2911,Private      ,21,22,43,104,238,342
02614900,SANFORD-BROWN INSTITUTE                 ,NY,10604-2910,Proprietary  ,52,108,160,245,714,959
02615001,SANFORD-BROWN COLLEGE - SANFORD-BROWN IN,NY,11530-4734,Proprietary  ,10,22,32,55,139,194
02616600,SHEAR EGO INTL SCH OF HAIR DESIGN       ,NY,14617-3501,Proprietary  ,11,29,40,69,139,208
02617000,CONTINENTAL SCH OF BEAUTY CULTURE       ,NY,14020-1908,Proprietary  ,15,33,48,63,134,197
02617001,CONTINENTAL SCHOOL OF BEAUTY CULTURE - O,NY,14760-2618,Proprietary  ,0,1,1,7,10,17
02622900,BAIS MEDRASH ELYON                      ,NY,10952-3013,Private      ,0,0,0,0,1,1
03000100,YESHIVA GEDOLAH IMREI YOSEF DSPINKA     ,NY,11219-4696,Private      ,0,39,39,1,39,40
03007200,DANCE THEATRE OF HARLEM                 ,NY,10031-0000,Private      ,8,3,11,36,21,57
03027701,PACIFIC COLLEGE OF ORIENTAL MEDICINE - N,NY,10010-7108,Proprietary  ,3,104,107,29,563,592
03081600,DELAWARE CHENANGO MADISON OT. BOCES     ,NY,13815-9554,Public       ,0,11,11,22,94,116
03089700,COMPUTER CAREER CENTER                  ,NY,11530-3334,Proprietary  ,71,298,369,263,1008,1271
03095500,ASA INST BUSINESS & COMPUTER TECH       ,NY,11201-5208,Proprietary  ,552,1023,1575,2578,5467,8045
03096200,CHARLES STUART SCHOOL                   ,NY,11229-2004,Proprietary  ,1,7,8,7,42,49
03097801,CARSTEN INSTITUTE                       ,NY,10003-1901,Proprietary  ,0,0,0,10,24,34
03099100,SUNBRIDGE COLLEGE                       ,NY,10977-0000,Private      ,0,0,0,1,1,2
03103700,ADIRONDACK BEAUTY SCHOOL                ,NY,12801-3158,Proprietary  ,3,10,13,27,43,70
03104900,SULLIVAN COUNTY BOCES                   ,NY,12754-2116,Public       ,1,3,4,24,69,93
03115300,GENESEE VALLEY BOCES                    ,NY,14020-1099,Public       ,6,31,37,47,199,246
03120700,NEW YORK CONSERVATORY FOR DRAMATIC ARTS ,NY,10011-4225,Proprietary  ,23,9,32,480,138,618
03127100,YESHIVAS NOVOMINSK                      ,NY,11219-0000,Private      ,22,0,22,22,0,22
03129200,RABBINICAL CLG OHR SHIMAR YISROEL       ,NY,11211-8102,Private      ,27,82,109,27,83,110
03169300,STUDIO JEWELERS                         ,NY,10016-4112,Proprietary  ,0,3,3,2,24,26
03181400,MERKAZ BNOS                             ,NY,11214-4911,Private      ,2,98,100,24,294,318
03191300,CUNY SCHOOL OF LAW @ QUEENS COLLEGE     ,NY,11367-0000,Public       ,30,51,81,486,1563,2049
03193300,MANHATTAN SCHOOL OF COMPUTER TECH       ,NY,11230-1617,Private      ,37,136,173,136,622,758
03203300,NEW YORK INSTITUTE OF MASSAGE           ,NY,14221-6021,Proprietary  ,16,27,43,58,150,208
03216300,UNIFICATION THEOLOGICAL SEMINARY        ,NY,12507-5021,Private      ,0,2,2,0,17,17
03315300,HARLEM SCHOOL OF TECHNOLOGY             ,NY,10027-4426,Proprietary  ,0,0,0,15,38,53
03328300,FRANKLIN CAREER INSTITUTE               ,NY,11550-3003,Private      ,16,42,58,96,281,377
03328301,FRANKLIN CAREER INSTITUTE - BROOKLYN    ,NY,11220-3110,Private      ,21,71,92,161,383,544
03342400,AMERICAN BARBER INSTITUTE               ,NY,10001-5271,Proprietary  ,5,24,29,48,112,160
03358300,ALLEN SCHOOL                            ,NY,11432-4901,Proprietary  ,41,253,294,186,1008,1194
03358301,ALLEN SCHOOL - BROOKLYN                 ,NY,11201-0000,Proprietary  ,44,173,217,207,766,973
03380300,STAR CAREER ACADEMY                     ,NY,11791-5311,Proprietary  ,21,55,76,135,285,420
03419400,NORTHEASTERN SEMINARY                   ,NY,14624-1997,Private      ,1,11,12,10,117,127
03426400,ANTHEM INSTITUTE                        ,NY,10018-0000,Proprietary  ,61,122,183,347,625,972
03433500,LIA SCHORR INSTITUTE OF COSMETIC SK     ,NY,10022-2614,Proprietary  ,3,18,21,13,66,79
03443300,NEW YORK COLLEGE OF TRADITIONAL CHINESE ,NY,11501-0000,Private      ,0,10,10,5,113,118
03496300,YESHIVA SHAAREI TORAH OF ROCKLAND       ,NY,10901-4003,Private      ,0,6,6,1,6,7
03537300,NEW YORK AUTOMOTIVE & DIESEL INSTIT     ,NY,11101-0000,Proprietary  ,42,96,138,167,393,560
03568300,LEON STUDIO ONE SCHOOL OF HAIR DESI     ,NY,14221-5323,Proprietary  ,8,19,27,44,78,122
03651300,SAINT JOSEPH'S MEDICAL CENTER SCHOO     ,NY,10701-4080,Private      ,1,5,6,7,21,28
03652300,METROPOLITAN LEARNING INSTITUTE         ,NY,11374-2101,Private      ,24,223,247,81,1034,1115
03691300,USA BEAUTY SCHOOL INTERNATIONAL         ,NY,10013-3530,Proprietary  ,3,20,23,31,92,123
03713300,BEIS MEDRASH HEICHAL DOVID              ,NY,11691-4433,Private      ,23,3,26,30,4,34
03773300,CENTER FOR NATURAL WELLNESS SCHOOL OF MA,NY,12205-1601,Proprietary  ,5,42,47,31,174,205
03802300,UTA MESIVTA OF KIRYAS JOEL              ,NY,10950-2169,Private      ,243,309,552,243,309,552
03809400,MICROPOWER CAREER INSTITUTE             ,NY,10001-2812,Proprietary  ,15,145,160,42,531,573
03819400,HUDSON VALLEY SCHOOL OF ADVANCED AESTHET,NY,12493-0000,Proprietary  ,2,3,5,15,32,47
03839300,AVEDA INSTITUTE NEW YORK                ,NY,10013-1522,Proprietary  ,28,52,80,112,307,419
03881300,UNION GRADUATE COLLEGE                  ,NY,12308-3131,Private      ,2,12,14,19,241,260
03903400,AMERICAN BEAUTY SCHOOL                  ,NY,10462-8003,Proprietary  ,25,92,117,119,420,539
03941400,ELITE ACADEMY OF BEAUTY ARTS            ,NY,11223-1630,Proprietary  ,3,18,21,25,77,102
03983300,"SCHOOL OF PROFESSIONAL HORTICULTURE, AT ",NY,10458-5126,Private      ,1,10,11,4,23,27
03988300,"SAE INSTITUTE OF TECHNOLOGY, NEW YORK   ",NY,10001-2915,Proprietary  ,44,61,105,163,190,353
04043300,ACE COMPUTER TRAINING CENTER            ,NY,11375-5337,Proprietary  ,2,21,23,22,111,133
04092401,MAKE-UP DESIGNORY -                     ,NY,10012-0041,Proprietary  ,41,69,110,242,313,555
04095300,KING'S COLLEGE (THE)                    ,NY,10018-0110,Private      ,20,12,32,629,70,699
04102300,NEW AGE TRAINING                        ,NY,10001-4006,Proprietary  ,5,39,44,8,69,77
04115500,TALMUDICAL SEMINARY OF BOBOV            ,NY,11219-3826,Private      ,33,49,82,33,54,87
04117100,EDP SCHOOL OF COMPUTER PROGRAMMING      ,NY,11235-0000,Private      ,6,77,83,13,176,189
04117700,"MONROE 2-ORLEANS BOCES, CENTER FOR WORK ",NY,14624-1119,Public       ,5,20,25,36,125,161
04123200,INSTITUTE OF ALLIED MEDICAL PROFESSIONS ,NY,11373-5541,Private      ,9,31,40,81,389,470
04123300,HUDSON VALLEY SCHOOL OF MASSAGE THERAPY ,NY,12493-0000,Proprietary  ,3,18,21,19,81,100
04125600,CAREER SCHOOL OF NY                     ,NY,10301-2416,Private      ,7,26,33,66,94,160
04133700,NEW YORK MEDICAL CAREER TRAINING CENTER ,NY,11354-6504,Proprietary  ,11,59,70,34,130,164
04134000,"JOHN PAOLO'S XTREME BEAUTY INSTITUTE, GO",NY,12020-1245,Proprietary  ,6,23,29,15,61,76
04137700,ANN MARIE'S WORLD OF BEAUTY SCHOOL      ,NY,13901-2308,Proprietary  ,2,4,6,11,26,37
04138100,YESHIVA OF MACHZIKAI HADAS              ,NY,11219-1408,Private      ,1,99,100,1,99,100
04144300,INSTITUTE OF CULINARY EDUCATION         ,NY,10010-5205,Proprietary  ,61,167,228,434,965,1399
04148000,NEW LIFE BUSINESS INSTITUTE             ,NY,11432-6149,Proprietary  ,10,56,66,28,148,176
04151200,SALON PROFESSIONAL ACADEMY (THE)        ,NY,14150-9200,Proprietary  ,9,10,19,45,67,112
04155300,ONONDAGA SCHOOL OF THERAPEUTIC MASSAGE  ,NY,13210-1533,Proprietary  ,12,64,76,69,256,325
04156000,ACADEMY OF COSMETOLOGY & ESTHETICS NYC (,NY,10306-3003,Proprietary  ,12,24,36,89,107,196
04165700,"JOHN PAOLO'S XTREME BEAUTY INSTITUTE, GO",NY,12110-3053,Proprietary  ,4,6,10,5,22,27
04167600,FINGER LAKES SCHOOL OF MASSAGE (THE)    ,NY,14850-1384,Proprietary  ,6,34,40,34,122,156
04167601,FINGER LAKES SCHOOL OF MASSAGE (THE) -  ,NY,10549-1103,Proprietary  ,3,15,18,9,41,50
04178700,ATELIER ESTHETIQUE INSTITUTE OF ESTHETIC,NY,10016-8804,Proprietary  ,0,16,16,0,16,16
00267808,BRYANT & STRATTON COLLEGE - PARMA       ,OH,44130-0000,Proprietary  ,69,360,429,778,3790,4568
00301000,ANTIOCH UNIVERSITY                      ,OH,45387-1608,Private      ,3,74,77,39,1101,1140
00301100,ART ACADEMY OF CINCINNATI               ,OH,45202-7106,Private      ,11,8,19,376,138,514
00301200,ASHLAND UNIVERSITY                      ,OH,44805-3799,Private      ,51,358,409,3908,3437,7345
00301221,ASHLAND UNIVERSITY - MANSFIELD          ,OH,44903-2269,Private      ,0,1,1,328,289,617
00301300,ATHENAEUM OF OHIO                       ,OH,45230-2000,Private      ,0,1,1,5,16,21
00301400,BALDWIN-WALLACE COLLEGE                 ,OH,44017-2088,Private      ,60,114,174,4657,1699,6356
00301600,BLUFFTON UNIVERSITY                     ,OH,45817-2104,Private      ,20,28,48,1573,395,1968
00301800,BOWLING GREEN STATE UNIVERSITY          ,OH,43403-0001,Public       ,313,483,796,18764,7074,25838
00302300,CAPITAL UNIVERSITY                      ,OH,43209-2394,Private      ,73,174,247,4109,3055,7164
00302400,CASE WESTERN RESERVE UNIV               ,OH,44106-0000,Private      ,59,57,116,6667,1305,7972
00302401,CASE WESTERN RESERVE UNIV - MED         ,OH,44106-0000,Private      ,3,13,16,59,1123,1182
00302402,CASE WESTERN RESERVE UNIV - DENTAL      ,OH,44106-0000,Private      ,2,3,5,25,302,327
00302403,CASE WESTERN RESERVE UNIV - LAW         ,OH,44106-0000,Private      ,5,9,14,26,1281,1307
00302404,CASE WESTERN RESERVE UNIV - UG          ,OH,44106-0000,Private      ,6,2,8,379,63,442
00302405,CASE WESTERN RESERVE UNIV - MSASS       ,OH,44106-0000,Private      ,1,4,5,48,515,563
00302406,CASE WESTERN RESERVE UNIV - NURS UG     ,OH,44106-0000,Private      ,5,10,15,222,199,421
00302407,CASE WESTERN RESERVE UNIV - WSOM        ,OH,44106-0000,Private      ,0,18,18,20,282,302
00302408,CASE WESTERN RESERVE UNIV -A&S GRAD     ,OH,44106-0000,Private      ,1,12,13,19,374,393
00302409,CASE WESTERN RESERVE UNIV -ENG GRAD     ,OH,44106-0000,Private      ,0,11,11,30,110,140
00302410,CASE WESTERN RESERVE UNIV -NURS GRD     ,OH,44106-0000,Private      ,1,22,23,14,405,419
00302500,CEDARVILLE UNIVERSITY                   ,OH,45314-8564,Private      ,48,14,62,3967,277,4244
00302600,CENTRAL STATE UNIVERSITY                ,OH,45384-1004,Public       ,100,86,186,3471,1605,5076
00302900,CINCINNATI CHRISTIAN UNIVERSITY         ,OH,45204-3200,Private      ,23,85,108,595,693,1288
00303000,OHIO CHRISTIAN UNIVERSITY               ,OH,43113-9487,Private      ,28,220,248,533,1839,2372
00303100,CLEVELAND INSTITUTE OF MUSIC            ,OH,44106-1776,Private      ,16,7,23,485,451,936
00303200,CLEVELAND STATE UNIVERSITY              ,OH,44115-2214,Public       ,251,1029,1280,8697,14964,23661
00303300,COLLEGE OF MT ST JOSEPH                 ,OH,45233-1670,Private      ,18,104,122,1823,1384,3207
00303500,OHIO DOMINICAN UNIVERSITY               ,OH,43219-2099,Private      ,48,241,289,2229,2750,4979
00303600,FRANCISCAN UNIV OF STEUBENVILLE         ,OH,43952-1763,Private      ,48,44,92,2256,692,2948
00303700,COLLEGE OF WOOSTER                      ,OH,44691-2363,Private      ,20,12,32,3096,113,3209
00303900,COLUMBUS COLLEGE OF ART AND DESIGN      ,OH,43215-1758,Private      ,36,57,93,1769,591,2360
00304000,CUYAHOGA COMMUNITY COLLEGE              ,OH,44115-2878,Public       ,861,3330,4191,11290,28244,39534
00304100,"DEFIANCE COLLEGE, THE                   ",OH,43512-1695,Private      ,13,46,59,1438,557,1995
00304200,DENISON UNIVERSITY                      ,OH,43023-1329,Private      ,36,3,39,2908,90,2998
00304300,CHANCELLOR UNIVERSITY                   ,OH,44114-1096,Proprietary  ,6,145,151,50,951,1001
00304400,TRINITY LUTHERAN SEMINARY               ,OH,43209-0000,Private      ,0,3,3,2,158,160
00304500,UNIVERSITY OF FINDLAY                   ,OH,45840-3695,Private      ,36,103,139,3308,1699,5007
00304600,FRANKLIN UNIVERSITY                     ,OH,43215-5399,Private      ,86,922,1008,1029,10762,11791
00304700,HEBREW UNION COLLEGE MAIN CAMPUS        ,OH,45220-0000,Private      ,0,1,1,4,115,119
00304800,HEIDELBERG UNIVERSITY                   ,OH,44883-2462,Private      ,13,22,35,2047,437,2484
00304900,HIRAM COLLEGE                           ,OH,44234-1808,Private      ,18,22,40,1759,386,2145
00305000,JOHN CARROLL UNIVERSITY                 ,OH,44118-4581,Private      ,48,71,119,4243,1147,5390
00305100,KENT STATE UNIV - KENT CAMPUS           ,OH,44242-0001,Public       ,388,706,1094,21852,11861,33713
00305101,KENT STATE UNIV - GEAUGA CAMPUS         ,OH,44021-0000,Public       ,20,65,85,453,779,1232
00305102,KENT STATE UNIV - STARK CAMPUS          ,OH,44720-0000,Public       ,93,258,351,2578,3114,5692
00305103,KENT STATE UNIV - TUSCARAWAS CAMPUS     ,OH,44663-0000,Public       ,40,151,191,1068,1897,2965
00305104,KENT STATE UNIV - TRUMBULL CAMPUS       ,OH,44483-0000,Public       ,46,211,257,989,2232,3221
00305105,KENT STATE UNIV - ASHTABULA CAMPUS      ,OH,44004-0000,Public       ,51,171,222,981,2076,3057
00305106,KENT STATE UNIV -E.LIVERPOOL CAMPUS     ,OH,43920-0000,Public       ,19,77,96,403,871,1274
00305107,KENT STATE UNIV - SALEM CAMPUS          ,OH,44460-0000,Public       ,25,100,125,875,1369,2244
00306500,KENYON COLLEGE                          ,OH,43022-9623,Private      ,45,5,50,2510,38,2548
00306600,LAKE ERIE COLLEGE                       ,OH,44077-3389,Private      ,29,43,72,1626,518,2144
00306800,LORAIN COUNTY COMMUNITY COLLEGE         ,OH,44035-1691,Public       ,245,981,1226,3987,9308,13295
00306900,LOURDES COLLEGE                         ,OH,43560-2898,Private      ,37,156,193,894,2434,3328
00307200,MALONE UNIVERSITY                       ,OH,44709-3897,Private      ,38,128,166,2234,1516,3750
00307300,MARIETTA COLLEGE                        ,OH,45750-4033,Private      ,28,12,40,2594,326,2920
00307500,METHODIST THEOLOGICAL SCH IN OHIO       ,OH,43015-0000,Private      ,0,14,14,1,217,218
00307600,MIAMI-JACOBS COLLEGE                    ,OH,45401-0000,Proprietary  ,14,138,152,214,1338,1552
00307602,MIAMI - JACOBS CAREER COLLEGE - SPRINGBO,OH,45066-1115,Proprietary  ,10,59,69,123,578,701
00307603,MIAMI - JACOBS CAREER COLLEGE - TROY    ,OH,45373-3837,Proprietary  ,14,108,122,207,899,1106
00307700,MIAMI UNIVERSITY                        ,OH,45056-1831,Public       ,334,495,829,19730,6148,25878
00307800,WRIGHT STATE UNIVERSITY                 ,OH,45435-0002,Public       ,241,712,953,14128,11497,25625
00308300,MOUNT UNION COLLEGE                     ,OH,44601-3993,Private      ,52,15,67,3646,308,3954
00308400,MUSKINGUM UNIVERSITY                    ,OH,43762-1199,Private      ,26,64,90,2380,757,3137
00308500,NOTRE DAME COLLEGE OF OHIO              ,OH,44121-4293,Private      ,47,117,164,1928,1515,3443
00308600,OBERLIN COLLEGE                         ,OH,44074-1090,Private      ,74,9,83,5064,178,5242
00308800,OHIO COLLEGE OF PODIATRIC MEDICINE      ,OH,44131-7304,Private      ,0,1,1,2,488,490
00308900,OHIO NORTHERN UNIVERSITY                ,OH,45810-1555,Private      ,51,18,69,3981,1208,5189
00309000,OHIO STATE UNIVERSITY-ALL CAMPUSES      ,OH,43210-1358,Public       ,871,1261,2132,48512,26192,74704
00310000,OHIO UNIVERSITY                         ,OH,45701-2979,Public       ,297,794,1091,20812,8737,29549
00310002,"OHIO UNIVERSITY, ZANESVILLE CAMPUS      ",OH,43701-0000,Public       ,33,111,144,1171,1479,2650
00310003,"OHIO UNIVERSITY, LANCASTER CAMPUS       ",OH,43130-0000,Public       ,49,162,211,1242,1908,3150
00310004,"OHIO UNIVERSITY, SOUTHERN CAMPUS        ",OH,45638-0000,Public       ,35,154,189,966,1972,2938
00310005,"OHIO UNIVERSITY, CHILLICOTHE CAMPUS     ",OH,45601-0000,Public       ,68,253,321,1124,2558,3682
00310006,"OHIO UNIVERSITY, EASTERN CAMPUS         ",OH,43950-0000,Public       ,7,27,34,542,340,882
00310008,OHIO UNIV COLL OF OSTEOPATHIC MED       ,OH,45701-0000,Public       ,1,3,4,8,480,488
00310900,OHIO WESLEYAN UNIVERSITY                ,OH,43015-2398,Private      ,37,17,54,2936,184,3120
00311000,OTTERBEIN UNIVERSITY                    ,OH,43081-2006,Private      ,61,78,139,3996,1153,5149
00311300,PONTIFICAL COLLEGE JOSEPHINUM           ,OH,43235-1498,Private      ,2,5,7,26,30,56
00311400,FIRELANDS REGIONAL MEDICAL CENTER - SOUT,OH,44870-4788,Private      ,2,8,10,60,172,232
00311500,RABBINICAL COLLEGE OF TELSHE            ,OH,44092-2584,Private      ,3,8,11,5,12,17
00311600,UNIV OF RIO GRANDE                      ,OH,45674-3131,Private      ,48,176,224,1589,1977,3566
00311900,SINCLAIR COMMUNITY COLLEGE              ,OH,45402-1460,Public       ,703,2620,3323,8955,21167,30122
00312100,TIFFIN UNIVERSITY                       ,OH,44883-2161,Private      ,120,1380,1500,2641,5524,8165
00312200,UNITED THEOLOGICAL SEMINARY             ,OH,45406-0000,Private      ,0,37,37,2,368,370
00312300,UNIVERSITY OF AKRON                     ,OH,44325-6211,Public       ,466,1088,1554,20438,15706,36144
00312500,UNIVERSITY OF CINCINNATI                ,OH,45221-0125,Public       ,649,1564,2213,25887,22677,48564
00312504,UNIVERSITY OF CINCINNATI - MEDICINE     ,OH,45267-0553,Public       ,10,54,64,704,1669,2373
00312700,UNIVERSITY OF DAYTON                    ,OH,45469-0002,Private      ,119,215,334,10655,4095,14750
00313100,UNIVERSITY OF TOLEDO                    ,OH,43606-3390,Public       ,377,627,1004,18155,10726,28881
00313101,UNIVERSITY OF TOLEDO - HEALTH SCIENCE CA,OH,43614-2598,Public       ,26,71,97,880,1639,2519
00313300,URBANA UNIVERSITY                       ,OH,43078-2091,Private      ,13,60,73,1000,721,1721
00313400,URSULINE COLLEGE                        ,OH,44124-4398,Private      ,12,110,122,644,1345,1989
00313500,WALSH UNIVERSITY                        ,OH,44720-3396,Private      ,31,85,116,2432,1225,3657
00314100,WILBERFORCE UNIVERSITY                  ,OH,45384-1001,Private      ,15,26,41,917,495,1412
00314200,WILMINGTON COLLEGE                      ,OH,45177-2499,Private      ,22,28,50,1742,550,2292
00314300,WITTENBERG UNIVERSITY                   ,OH,45501-2199,Private      ,25,12,37,2810,283,3093
00314400,XAVIER UNIVERSITY                       ,OH,45207-1035,Private      ,87,219,306,6853,3413,10266
00314500,YOUNGSTOWN STATE UNIVERSITY             ,OH,44555-0001,Public       ,272,640,912,9863,8615,18478
00398200,CLEVELAND INSTITUTE OF ART              ,OH,44106-1700,Private      ,18,26,44,956,261,1217
00406000,WINEBRENNER THEOLOGICAL SEMINARY        ,OH,45840-0000,Private      ,0,3,3,2,59,61
00485200,CLARK STATE COMMUNITY COLLEGE           ,OH,45505-4795,Public       ,150,710,860,1775,5649,7424
00485300,BRADFORD SCHOOL                         ,OH,43219-0000,Proprietary  ,32,69,101,749,700,1449
00485500,DAVIS COLLEGE                           ,OH,43623-4307,Proprietary  ,14,88,102,171,874,1045
00486100,UNIVERSITY OF NORTHWESTERN OHIO         ,OH,45805-1498,Private      ,154,175,329,4477,2021,6498
00486600,STAUTZENBERGER COLLEGE                  ,OH,43537-4007,Proprietary  ,44,174,218,439,1789,2228
00510200,SCH OF DIAGNOSTIC IMAGING-CLEVELAND     ,OH,44119-0000,Private      ,0,3,3,7,45,52
00512700,BROWN MACKIE COLLEGE-CINCINNATI         ,OH,45215-1107,Proprietary  ,201,909,1110,1568,6712,8280
00512728,BROWN MACKIE COLLEGE-CINCINNATI - LANDMA,OH,45215-1231,Proprietary  ,0,0,0,1,12,13
00521000,CLEVELAND INSTITUTE OF ELECTRONICS      ,OH,44114-0000,Proprietary  ,0,0,0,12,184,196
00531300,NORTH CENTRAL STATE COLLEGE             ,OH,44901-0000,Public       ,100,392,492,1457,3541,4998
00575300,OWENS STATE COMMUNITY COLLEGE           ,OH,43699-0000,Public       ,471,1498,1969,6538,15002,21540
00648700,AULTMAN COLLEGE OF NURSING AND HEALTH SC,OH,44710-1799,Private      ,5,22,27,154,444,598
00648900,CHRIST HOSP SCH OF NURSING              ,OH,45219-2906,Private      ,2,37,39,94,293,387
00649400,GOOD SAMARITAN COLG-NURSING/HEALTH      ,OH,45220-2489,Private      ,12,31,43,242,477,719
00649800,MERIDIA HURON SCHOOL OF NURSING         ,OH,44112-4308,Private      ,2,24,26,73,696,769
00650700,TRINIT HEALTH SYSTEM SCH OF NURSING     ,OH,43952-2667,Private      ,0,6,6,53,108,161
00680400,LAKELAND COMMUNITY COLLEGE              ,OH,44094-5198,Public       ,199,753,952,3272,6955,10227
00686700,COLUMBUS STATE COMMUNITY COLLEGE        ,OH,43215-1786,Public       ,1056,3325,4381,13625,29857,43482
00703500,KETTERING COLLEGE OF MEDICAL ARTS       ,OH,45429-1299,Private      ,20,87,107,565,1055,1620
00708500,MOUNT VERNON NAZARENE UNIVERSITY        ,OH,43050-9500,Private      ,14,35,49,1602,679,2281
00708501,MOUNT VERNON NAZARENE UNIV - AGS        ,OH,43050-0000,Private      ,3,81,84,98,1018,1116
00727500,EASTERN GATEWAY COMMUNITY COLLEGE       ,OH,43952-3598,Public       ,48,157,205,942,1682,2624
00732920,ITT TECHNICAL INSTITUTE                 ,OH,45414-3456,Proprietary  ,51,248,299,603,2376,2979
00732992,ITT TECHNICAL INSTITUTE                 ,OH,44509-4098,Proprietary  ,58,183,241,682,1811,2493
00747300,CHOFFIN CAREER & TECHNICAL CENTER       ,OH,44503-1628,Public       ,2,17,19,62,359,421
00759800,HOCKING TECHNICAL COLLEGE               ,OH,45764-9582,Public       ,200,476,676,4162,4831,8993
00777700,REMINGTON COLLEGE - CLEVELAND CAMPUS    ,OH,44125-1957,Proprietary  ,40,248,288,292,1524,1816
00777704,REMINGTON COLLEGE-CLEVELAND WEST CAMPUS ,OH,44070-3129,Proprietary  ,16,71,87,135,566,701
00812900,ADULT AND COMMUNITY EDUCATION @ HUDSON  ,OH,43211-2017,Public       ,5,56,61,52,489,541
00813200,TOLEDO SCHOOL OF PRACTICAL NURSING      ,OH,43613-5110,Public       ,7,35,42,87,405,492
00813300,ZANE STATE COLLEGE                      ,OH,43701-2626,Public       ,62,276,338,1179,2860,4039
00819400,AKRON SCHOOL OF PRACTICAL NRSG          ,OH,44311-0000,Public       ,6,22,28,82,230,312
00827800,TERRA COMMUNITY COLLEGE                 ,OH,43420-9670,Public       ,89,356,445,1021,2669,3690
00867700,NORTHWEST STATE COMMUNITY COLLEGE       ,OH,43502-9542,Public       ,56,322,378,1151,3267,4418
00888600,PORTAGE LAKES CAREER CENTER             ,OH,44232-0000,Public       ,0,10,10,24,180,204
00915600,WAYNE COUNTY SCHOOLS CAREER CENTER      ,OH,44677-9672,Public       ,1,13,14,51,266,317
00917200,SPRINGFIELD REGIONAL SCHOOL OF NURSING  ,OH,45501-0000,Private      ,2,3,5,52,135,187
00941200,FORTIS COLLEGE                          ,OH,44221-2998,Proprietary  ,30,186,216,355,1244,1599
00945101,BROWN MACKIE COLLEGE-NORTH CANTON       ,OH,44720-0000,Proprietary  ,30,186,216,250,1595,1845
00953000,GERBER AKRON BEAUTY SCHOOL              ,OH,44313-6995,Proprietary  ,3,20,23,19,118,137
00953100,SPA SCHOOL (THE)                        ,OH,43214-1524,Proprietary  ,5,28,33,69,214,283
00962105,HERZING UNIVERSITY - AKRON INSTITUTE    ,OH,44306-3958,Proprietary  ,39,148,187,386,1538,1924
00966000,TIFFIN ACADEMY OF HAIR DESIGN           ,OH,44883-2833,Proprietary  ,0,13,13,41,80,121
00994100,BELMONT TECHNICAL COLLEGE               ,OH,43950-9766,Public       ,38,153,191,1079,2092,3171
00994200,SHAWNEE STATE UNIVERSITY                ,OH,45662-4344,Public       ,98,213,311,4240,2568,6808
01001700,PAYNE THEOLOGICAL SEMINARY              ,OH,45384-0474,Private      ,0,5,5,2,153,155
01002700,JAMES A. RHODES STATE COLLEGE           ,OH,45804-3597,Public       ,82,350,432,1863,4006,5869
01016800,NATIONWIDE BEAUTY ACADEMY               ,OH,43228-1000,Proprietary  ,14,29,43,145,285,430
01028000,OHIO STATE BEAUTY ACADEMY               ,OH,45801-4950,Proprietary  ,7,18,25,91,207,298
01032300,HANNAH E MULLINS SCH-PRAC NRSG          ,OH,44460-2906,Public       ,1,12,13,30,129,159
01034500,CINCINNATI STATE TECH & COMM CLG        ,OH,45223-2690,Public       ,460,1376,1836,5575,13175,18750
01045300,WASHINGTON STATE CMTY COLLEGE           ,OH,45750-9225,Public       ,50,211,261,1016,1787,2803
01063000,NORTHERN INSTITUTE OF COSMETOLOGY       ,OH,44052-1803,Proprietary  ,1,14,15,20,65,85
01073600,MARION TECHNICAL COLLEGE                ,OH,43302-5694,Public       ,66,264,330,901,2454,3355
01088000,CHATFIELD COLLEGE                       ,OH,45118-9705,Private      ,6,47,53,74,338,412
01088100,STARK STATE COLLEGE OF TECHNOLOGY       ,OH,44720-7299,Public       ,345,1489,1834,4158,12921,17079
01090600,CINCINNATI CLG OF MORTUARY SCIENCE      ,OH,45224-1428,Private      ,6,14,20,87,186,273
01092300,UNION INSTITUTE & UNIVERSITY            ,OH,45206-1925,Private      ,7,290,297,48,1893,1941
01099300,HOBART INSTITUTE OF WELDING TECHNOLOGY  ,OH,45373-2400,Private      ,15,56,71,266,290,556
01100500,KAPLAN COLLEGE                          ,OH,43232-4827,Proprietary  ,21,175,196,238,1570,1808
01104600,CENTRAL OHIO TECHNICAL COLLEGE          ,OH,43055-1767,Public       ,101,473,574,1651,5281,6932
01170300,PENTA COUNTY JOINT VOCATIONAL SCH       ,OH,43551-0000,Public       ,3,3,6,28,136,164
01174400,NATIONAL BEAUTY COLLEGE                 ,OH,44720-0000,Proprietary  ,4,14,18,38,145,183
01174500,OHIO TECHNICAL COLLEGE                  ,OH,44103-1228,Proprietary  ,65,133,198,1494,985,2479
01182500,OHIO STATE SCHOOL OF COSMETOLOGY        ,OH,43224-1107,Proprietary  ,4,22,26,77,224,301
01212800,SOUTHWESTERN COLLEGE                    ,OH,45402-3003,Proprietary  ,33,175,208,223,1815,2038
01212802,SOUTHWESTERN COLLEGE                    ,OH,45005-2267,Proprietary  ,16,69,85,71,623,694
01212803,SOUTHWESTERN COLLEGE                    ,OH,45202-4304,Proprietary  ,42,180,222,214,1609,1823
01212804,SOUTHWESTERN COLLEGE                    ,OH,45246-3121,Proprietary  ,34,201,235,301,1844,2145
01212806,SOUTHWESTERN COLLEGE - TOLEDO           ,OH,43615-6800,Proprietary  ,28,115,143,193,1298,1491
01216600,CAROUSEL BEAUTY COLLEGE                 ,OH,45402-8935,Proprietary  ,6,24,30,72,197,269
01224800,CENTRAL SCHOOL OF PRACTICAL NURSING     ,OH,44103-4371,Private      ,11,40,51,89,460,549
01267200,CAROUSEL BEAUTY COLLEGE                 ,OH,45044-5113,Proprietary  ,1,2,3,15,36,51
01267400,CAROUSEL OF MIAMI VALLEY BEAUTY CLG     ,OH,45424-2063,Proprietary  ,0,5,5,3,16,19
01275000,EDISON COMMUNITY COLLEGE                ,OH,45356-9239,Public       ,60,322,382,1156,2899,4055
01283800,LAURA AND ALVIN SIEGAL COLLEGE OF JUDAIC,OH,44122-7197,Private      ,0,0,0,0,9,9
01284800,MOLER-HOLLYWOOD BEAUTY COLLEGE          ,OH,45202-2577,Proprietary  ,7,26,33,33,103,136
01287000,SOUTHERN STATE COMMUNITY COLLEGE        ,OH,45133-9406,Public       ,77,321,398,1218,3332,4550
01289100,ANTONELLI COLLEGE                       ,OH,45202-2592,Proprietary  ,24,83,107,230,593,823
01289600,VIRGINIA MARTI COLLEGE OF ART AND DESIGN,OH,44107-0778,Proprietary  ,7,20,27,219,214,433
01313200,INTERNATIONAL CLG OF BROADCASTING       ,OH,45431-1898,Proprietary  ,8,17,25,59,152,211
02052000,KAPLAN COLLEGE                          ,OH,45439-1984,Proprietary  ,27,165,192,272,1158,1430
02054300,TRUMBULL BUSINESS COLLEGE               ,OH,44484-0000,Proprietary  ,7,31,38,76,580,656
02056800,DAYMAR COLLEGE                          ,OH,45601-1038,Proprietary  ,10,55,65,84,807,891
02056802,DAYMAR COLLEGE - LANCASTER              ,OH,43130-0000,Proprietary  ,7,37,44,30,283,313
02056803,DAYMAR COLLEGE - NEW BOSTON             ,OH,45662-4900,Proprietary  ,10,75,85,48,326,374
02056804,DAYMAR COLLEGE - JACKSON                ,OH,45640-1728,Proprietary  ,4,69,73,25,212,237
02066100,OHIO STATE COLLEGE/BARBER STYLING       ,OH,43213-0000,Proprietary  ,3,33,36,84,227,311
02073300,GALLIA-JACKSON-VINTON SCH ADULT ED      ,OH,45674-0000,Public       ,2,6,8,73,240,313
02110700,CLEVELAND INST OF DENTAL-MED ASST       ,OH,44115-2285,Proprietary  ,21,135,156,156,709,865
02116009,SANFORD-BROWN COLLEGE - MIDDLEBURG HEIGH,OH,44130-8362,Proprietary  ,47,183,230,346,1727,2073
02116900,UPPER VALLEY JVS                        ,OH,45356-0000,Public       ,1,30,31,19,348,367
02117300,GREAT OAKS INSTITUTE OF TECHNOLOGY      ,OH,45241-1581,Public       ,14,86,100,207,806,1013
02128600,THE ART INSTITUTE OF CINCINNATI         ,OH,45246-0000,Proprietary  ,14,17,31,333,210,543
02140700,COMMUNITY EDUCATIONAL SERVICES          ,OH,44702-1710,Public       ,1,12,13,32,251,283
02152100,ACADEMY OF COURT REPORTING AND TECHNOLOG,OH,44115-0000,Proprietary  ,8,58,66,79,568,647
02152101,ACADEMY OF COURT REPORTING & TECHNOLOGY ,OH,43215-3902,Proprietary  ,8,85,93,115,744,859
02152102,ACADEMY OF COURT REPORTING - MIAMI-JACOB,OH,44313-3607,Proprietary  ,0,2,2,13,88,101
02152104,ACADEMY OF COURT REPORTING AND TECHNOLOG,OH,45202-2123,Proprietary  ,2,4,6,13,81,94
02152106,ACADEMY OF COURT REPORTING AND TECHNOLOG,OH,45241-5428,Proprietary  ,5,35,40,44,282,326
02158500,OHIO BUSINESS COLLEGE                   ,OH,44055-3344,Proprietary  ,13,91,104,113,871,984
02158501,OHIO BUSINESS COLLEGE                   ,OH,44870-9953,Proprietary  ,12,85,97,87,701,788
02168100,TRI-COUNTY JOINT VOCATIONAL SCHOOL      ,OH,45764-0000,Public       ,1,12,13,45,140,185
02187900,ASHTABULA CO JOINT VOC SCH ADULT ED     ,OH,44047-0000,Public       ,0,17,17,30,251,281
02189000,ADULT CENTER FOR EDUCATION              ,OH,43701-0000,Public       ,9,46,55,95,432,527
02190700,FORTIS COLLEGE                          ,OH,45459-0000,Proprietary  ,52,461,513,488,3234,3722
02192100,BUTLER TECHNOLOGY AND CAREER DEVELOPMENT,OH,45011-0000,Public       ,20,112,132,193,798,991
02196300,COLLINS CAREER CENTER                   ,OH,45619-0000,Public       ,15,63,78,245,636,881
02210800,MEDINA COUNTY CAREER CENTER             ,OH,44256-0000,Public       ,2,12,14,47,205,252
02215400,OHIO STATE SCHOOL OF COSMETOLOGY        ,OH,43207-0000,Proprietary  ,5,25,30,91,201,292
02220500,GOD'S BIBLE SCHOOL & COLLEGE            ,OH,45210-0000,Private      ,6,8,14,186,80,266
02220800,CAREER & TECHNOLOGY EDUCATION CENTERS OF,OH,43055-0000,Public       ,7,41,48,56,296,352
02239800,PIONEER CAREER & TECHNOLOGY CENTER      ,OH,44875-0000,Public       ,1,9,10,7,69,76
02245600,WARREN COUNTY CAREER CENTER             ,OH,45036-0000,Public       ,2,53,55,43,336,379
02246300,INSTITUTE OF MEDICAL-DENTAL TECH        ,OH,45246-3317,Proprietary  ,7,40,47,55,242,297
02263700,MIAMI VALLEY CAREER TECHNOLOGY CTR      ,OH,45315-0000,Public       ,20,72,92,107,542,649
02269400,EASTERN HILLS ACAD OF HAIR DESIGN       ,OH,45255-0000,Proprietary  ,4,25,29,29,103,132
02269500,WESTERN HILLS SCHOOL OF BEAUTY & HAIR DE,OH,45211-0000,Proprietary  ,12,50,62,57,281,338
02270100,OHIO HI-POINT CAREER CENTER             ,OH,43311-0000,Public       ,2,43,45,44,374,418
02272700,COLUMBIANA COUNTY CAREER CENTER         ,OH,44432-0000,Public       ,8,23,31,37,229,266
02287900,RAPHAEL'S SCHOOL OF BEAUTY CULTURE      ,OH,44446-0000,Proprietary  ,13,35,48,55,216,271
02289802,KAPLAN COLLEGE                          ,OH,45203-0000,Proprietary  ,12,131,143,167,1147,1314
02301400,OHIO VALLEY COLLEGE OF TECHNOLOGY       ,OH,43920-0000,Proprietary  ,6,29,35,102,267,369
02303600,BOHECKER'S BUSINESS COLLEGE             ,OH,44266-0000,Proprietary  ,9,70,79,127,748,875
02304700,TRI-RIVERS CAREER CENTER                ,OH,43302-0000,Public       ,5,12,17,55,275,330
02311200,AMERICAN SCHOOL OF TECHNOLOGY           ,OH,43229-0000,Proprietary  ,10,94,104,74,659,733
02315500,TOLEDO ACADEMY OF BEAUTY CULTURE - EAST ,OH,43616-0000,Proprietary  ,2,12,14,18,119,137
02324400,ALLSTATE HAIRSTYLING & BARBER CLG       ,OH,44113-0000,Proprietary  ,2,37,39,2,37,39
02328500,MOLER-PICKENS BEAUTY COLLEGE            ,OH,45014-0000,Proprietary  ,2,16,18,9,74,83
02334300,INTERNATIONAL ACAD OF HAIR DESIGN       ,OH,45239-0000,Proprietary  ,9,35,44,56,116,172
02336300,KNOX COUNTY CAREER CENTER               ,OH,43050-4298,Public       ,3,20,23,31,300,331
02336700,CUYAHOGA VALLEY CAREER CENTER           ,OH,44141-1296,Public       ,5,18,23,94,295,389
02337700,PROFESSIONAL SKILLS INSTITUTE           ,OH,43607-0000,Proprietary  ,7,53,60,128,836,964
02351500,WILLOUGHBY EASTLAKE SCH OF PRAC NSG     ,OH,44094-0000,Public       ,2,21,23,16,128,144
02352800,POLARIS CAREER CENTER-ADULT ED DEPT     ,OH,44130-0000,Public       ,7,40,47,81,397,478
02354200,SCIOTO COUNTY JOINT VOCATIONAL SCH      ,OH,45648-0000,Public       ,14,55,69,87,328,415
02454400,NORTHEASTERN OHIO UNIVS COL OF MED      ,OH,44272-0000,Public       ,3,2,5,118,830,948
02497800,GREENE COUNTY CAREER CENTER             ,OH,45385-0000,Public       ,2,35,37,38,241,279
02512600,ADULT VOCATIONAL SERVICES               ,OH,44308-0000,Public       ,0,8,8,3,63,66
02519300,OHIO STATE SCH COSMETOLOGY              ,OH,43110-2754,Proprietary  ,7,25,32,66,144,210
02522700,EASTLAND-FAIRFIELD CAREER AND TECHNICAL ,OH,43125-0000,Public       ,6,45,51,64,357,421
02528300,TDDS TECHNICAL INSTITUTE                ,OH,44429-0000,Proprietary  ,14,158,172,78,623,701
02529500,HAMRICK SCHOOL                          ,OH,44256-0000,Proprietary  ,6,100,106,28,295,323
02541400,TOLEDO ACADEMY OF BEAUTY CULTURE-SO     ,OH,43614-0000,Proprietary  ,6,25,31,57,201,258
02545800,INNER STATE BEAUTY SCHOOLS              ,OH,44124-0000,Proprietary  ,3,26,29,48,224,272
02553000,SCHOOL OF ADVERTISING ART               ,OH,45440-0000,Proprietary  ,2,3,5,180,33,213
02560000,CASAL AVEDA INSTITUTE                   ,OH,44515-0000,Proprietary  ,17,14,31,97,111,208
02560700,PICKAWAY ROSS CO JOINT VOC TECH SCH     ,OH,45601-0000,Public       ,8,30,38,65,426,491
02560701,PICKAWAY ROSS COUNTY JOINT VOCATIONAL SC,OH,45601-9010,Public       ,2,11,13,23,154,177
02562300,APOLLO CAREER CENTER-ADULT EDUC         ,OH,45806-0000,Public       ,8,83,91,102,715,817
02563000,RAPHAELS SCHOOL OF BEAUTY CULTURE       ,OH,44601-2847,Proprietary  ,3,22,25,25,99,124
02568600,MAHONING COUNTY CAREER & TECH CENTR     ,OH,44406-0000,Public       ,2,8,10,15,106,121
02582900,KAPLAN CAREER INSTITUTE                 ,OH,44129-6810,Proprietary  ,27,114,141,201,1027,1228
02586400,TRUMBULL CAREER & TECH CENTER-ADULT     ,OH,44483-1997,Public       ,5,49,54,68,400,468
02588500,OHIO STATE SCHOOL OF COSMETOLOGY        ,OH,43081-0000,Proprietary  ,7,26,33,107,186,293
02599711,VATTEROTT COLLEGE - CLEVELAND           ,OH,44147-3502,Proprietary  ,7,60,67,50,609,659
02603800,LORAIN COUNTY JVS ADULT CAREER CTR      ,OH,44074-9799,Public       ,5,25,30,71,347,418
02616200,BROWN MACKIE COLLEGE-FINDLAY            ,OH,45840-6848,Proprietary  ,131,563,694,769,3979,4748
02620000,SANDUSKY CAREER CENTER                  ,OH,44870-4786,Public       ,3,21,24,29,229,258
03007900,GALLIPOLIS CAREER COLLEGE               ,OH,45631-2600,Proprietary  ,1,25,26,23,241,264
03009702,"HARRISON COLLEGE - MUNCIE - COLUMBUS, OH",OH,43123-0000,Proprietary  ,7,41,48,44,196,240
03015100,ALLIANCE HIGH SCH-CMTY SERVICES DIV     ,OH,44601-2899,Public       ,2,34,36,31,167,198
03015300,EHOVE CAREER CENTER                     ,OH,44846-9500,Public       ,2,57,59,76,503,579
03023700,MADISON ADULT CAREER CENTER             ,OH,44905-2718,Public       ,5,24,29,39,245,284
03024300,VALLEY BEAUTY SCHOOL                    ,OH,43725-2332,Proprietary  ,5,17,22,43,115,158
03027100,FAIRVIEW ACADEMY                        ,OH,44126-2214,Proprietary  ,2,10,12,18,50,68
03034200,WASHINGTON COUNTY CAREER CENTER ADULT TE,OH,45750-9290,Public       ,12,47,59,71,445,516
03051400,AUBURN CAREER CENTER                    ,OH,44077-9723,Public       ,3,15,18,69,241,310
03051500,US GRANT JOINT VOCATIONAL SCHOOL        ,OH,45106-9502,Public       ,0,3,3,3,31,34
03065800,OHIO INSTITUTE OF HEALTH CAREERS        ,OH,44035-2394,Proprietary  ,0,0,0,52,204,256
03065900,BUCKEYE CAREER CENTER                   ,OH,44663-9437,Public       ,1,9,10,80,266,346
03067600,RAPHAEL'S SCHOOL OF BEAUTY CULTURE      ,OH,44512-2222,Proprietary  ,4,13,17,25,76,101
03068200,OHIO CENTER FOR BROADCASTING            ,OH,44125-6273,Proprietary  ,4,52,56,92,336,428
03068202,OHIO CENTER FOR BROADCASTING - COLUMBUS ,OH,43213-2571,Proprietary  ,6,32,38,66,245,311
03071900,MOUNT CARMEL COLLEGE OF NURSING         ,OH,43222-1598,Private      ,14,95,109,684,949,1633
03072303,EVEREST INSTITUTE - COLUMBUS            ,OH,43230-6653,Proprietary  ,37,249,286,177,1162,1339
03078000,OHIO CENTER FOR BROADCASTING            ,OH,45227-1509,Proprietary  ,5,13,18,40,121,161
03079000,ETI TECHNICAL COLLEGE                   ,OH,44446-4398,Proprietary  ,8,44,52,110,442,552
03084800,DELAWARE AREA CAREER CENTER             ,OH,43015-8969,Public       ,0,15,15,9,54,63
03084801,DELAWARE AREA CAREER CENTER -           ,OH,43015-9001,Public       ,0,6,6,1,26,27
03095600,VANTAGE CAREER CENTER                   ,OH,45891-1378,Public       ,2,9,11,15,162,177
03097000,MERCY COLLEGE OF NORTHWEST OHIO         ,OH,43604-1132,Private      ,15,94,109,630,1351,1981
03100100,PARAMOUNT BEAUTY ACADEMY                ,OH,45662-4136,Proprietary  ,3,32,35,45,105,150
03105400,CLEVELAND EXTENSION HIGH SCH-WEST       ,OH,44102-2298,Public       ,0,0,0,6,32,38
03116200,DAYTON BARBER COLLEGE                   ,OH,45402-2310,Proprietary  ,4,24,28,38,142,180
03116300,OHIO COLLEGE OF MASSOTHERAPY            ,OH,44321-1363,Private      ,4,25,29,45,199,244
03116400,VANGUARD-SENTINELL VOC SCH DISTRICT     ,OH,43420-1197,Public       ,0,4,4,7,62,69
03117000,ASHLAND COUNTY-W HOLMES CAREER CTR      ,OH,44805-0000,Public       ,4,17,21,27,210,237
03319300,CREATIVE IMAGES-A CERTIFIED MATRIX      ,OH,45414-2557,Proprietary  ,5,29,34,72,237,309
03319301,CREATIVE IMAGES-A CERTIFIED MATRIX      ,OH,45459-0000,Proprietary  ,7,33,40,47,215,262
03416400,VALLEY BEAUTY SCHOOL                    ,OH,43701-3624,Proprietary  ,1,10,11,12,77,89
03425300,ROSEDALE BIBLE COLLEGE                  ,OH,43029-9517,Private      ,2,3,5,84,18,102
03457300,ALLEGHENY WESLEYAN COLLEGE              ,OH,44460-9598,Private      ,3,8,11,42,30,72
03468400,NATIONAL INSTITUTE OF MASSOTHERAPY      ,OH,44319-2100,Proprietary  ,3,12,15,22,134,156
03468500,ATS INSTITUTE OF TECHNOLOGY             ,OH,44143-2216,Proprietary  ,11,129,140,45,742,787
03475400,TRI-STATE BIBLE COLLEGE                 ,OH,45680-8402,Private      ,0,3,3,3,45,48
03534400,AMERICAN INST OF ALTERNATIVE MEDICI     ,OH,43229-1113,Proprietary  ,4,55,59,43,348,391
03626300,BROWN AVEDA INSTITUTE                   ,OH,44060-6212,Proprietary  ,27,60,87,193,335,528
03693300,CARNEGIE CAREER COLLEGE                 ,OH,44260-9608,Private      ,2,48,50,19,293,312
03700300,REGENCY BEAUTY INSTITUTE - CLEVELAND    ,OH,44094-0000,Proprietary  ,11,47,58,142,352,494
03726300,TEMPLE BAPTIST COLLEGE                  ,OH,45240-0000,Private      ,3,10,13,14,40,54
03747300,BEXLEY HALL SEMINARY                    ,OH,43209-2325,Private      ,0,2,2,2,21,23
03776400,HEALING ARTS INSTITUTE                  ,OH,43551-3138,Proprietary  ,1,3,4,18,68,86
03837300,AVEDA FREDRIC'S INSTITUTE               ,OH,45208-1304,Proprietary  ,32,77,109,137,203,340
03882300,OREGON CAREER CENTER                    ,OH,43616-2631,Public       ,3,22,25,9,92,101
04050400,DESIGNER'S BEAUTY ACADEMY               ,OH,43920-0000,Proprietary  ,0,3,3,15,33,48
04068300,FOUR COUNTY CAREER CENTER               ,OH,43512-9541,Public       ,0,6,6,8,57,65
04074300,HONDROS COLLEGE                         ,OH,43081-3855,Proprietary  ,18,182,200,290,1772,2062
04116700,NEWLIFE TECHNICAL INSTITUTE             ,OH,43920-2920,Private      ,2,8,10,12,42,54
04117300,DAYTON SCHOOL OF MEDICAL MASSAGE        ,OH,45429-1111,Proprietary  ,31,95,126,204,620,824
04118300,NORTHCOAST MEDICAL TRAINING ACADEMY     ,OH,44240-4174,Proprietary  ,7,49,56,116,380,496
04124500,TECHSKILLS                              ,OH,43231-0000,Proprietary  ,4,45,49,22,253,275
04125700,CUT BEAUTY SCHOOL (THE)                 ,OH,44118-2918,Proprietary  ,11,37,48,63,262,325
04126000,OHIO ACADEMY PAUL MITCHELL PARTNER SCHOO,OH,44087-3107,Proprietary  ,14,31,45,96,142,238
04137800,AVEDA INSTITUTE COLUMBUS                ,OH,43201-2333,Proprietary  ,19,53,72,142,248,390
04138000,INSTITUTE OF THERAPEUTIC MASSAGE        ,OH,45875-0350,Proprietary  ,7,16,23,21,90,111
04140100,CISORIA ACADEMY OF COSMETOLOGY          ,OH,44137-2915,Proprietary  ,3,7,10,21,88,109
04149100,CINCINNATI ACADEMY A PAUL MITCHELL PARTN,OH,45241-1702,Proprietary  ,30,35,65,134,165,299
04151400,VANITY SCHOOL OF COSMETOLOGY            ,OH,44035-0000,Proprietary  ,5,7,12,16,59,75
04152100,TOLEDO RESTAURANT TRAINING CENTER       ,OH,43604-6508,Private      ,2,15,17,3,59,62
04152600,PIKE COUNTY CAREER TECHNOLOGY CENTER    ,OH,45661-9114,Public       ,2,25,27,22,123,145
04153300,OHIO ACADEMY COLUMBUS (THE)             ,OH,43231-6038,Proprietary  ,14,23,37,97,140,237
04154000,TOLLES CAREER & TECHNICAL CENTER        ,OH,43064-8854,Public       ,0,2,2,7,23,30
04166800,SALON PROFESSIONAL ACADEMY (THE)        ,OH,45551-0000,Proprietary  ,3,12,15,58,135,193
04167700,ARTISAN COLLEGE OF COSMETOLOGY (THE)    ,OH,45840-6848,Proprietary  ,5,8,13,14,33,47
        ,INVALID SCHOOL CODE                     ,  ,00000-0000,,210,1412,1622,2255,7271,9526
00134500,ADAMS STATE COLLEGE                     ,CO,81102-2373,Public       ,87,231,318,2538,2186,4724
00134600,ARAPAHOE COMMUNITY COLLEGE              ,CO,80160-9002,Public       ,254,931,1185,2586,6256,8842
00134700,COLORADO COLLEGE                        ,CO,80903-3294,Private      ,70,57,127,2677,577,3254
00134800,COLORADO SCHOOL OF MINES                ,CO,80401-1887,Public       ,103,75,178,5267,1221,6488
00134900,UNIVERSITY OF NORTHERN COLORADO         ,CO,80639-0001,Public       ,259,302,561,10331,4628,14959
00135000,COLORADO STATE UNIVERSITY               ,CO,80523-0100,Public       ,607,767,1374,21588,10608,32196
00135200,DENVER  SEMINARY                        ,CO,80120-2192,Private      ,1,58,59,4,718,722
00135300,FORT LEWIS COLLEGE                      ,CO,81301-3999,Public       ,137,144,281,3954,1508,5462
00135400,ILIFF SCHOOL OF THEOLOGY                ,CO,80210-0000,Private      ,0,22,22,2,288,290
00135500,LAMAR COMMUNITY COLLEGE                 ,CO,81052-3999,Public       ,18,48,66,382,409,791
00135800,MESA STATE COLLEGE                      ,CO,81501-7682,Public       ,247,406,653,5684,3985,9669
00135900,COLORADO NORTHWESTERN COMMUNITY COLLEGE ,CO,81648-3598,Public       ,21,66,87,449,617,1066
00136000,METROPOLITAN STATE CLG OF DENVER        ,CO,80204-0000,Public       ,683,1719,2402,11482,17158,28640
00136100,NORTHEASTERN JUNIOR COLLEGE             ,CO,80751-2399,Public       ,54,73,127,1245,615,1860
00136200,OTERO JUNIOR COLLEGE                    ,CO,81050-3346,Public       ,29,97,126,634,863,1497
00136300,REGIS UNIVERSITY                        ,CO,80221-1099,Private      ,69,846,915,2658,9668,12326
00136500,COLORADO STATE UNIVERSITY-PUEBLO        ,CO,81001-4901,Public       ,137,390,527,4843,4131,8974
00136800,TRINIDAD STATE JR COLLEGE               ,CO,81082-2396,Public       ,46,182,228,671,1311,1982
00137000,UNIVERSITY OF COLORADO-BOULDER          ,CO,80309-0077,Public       ,604,493,1097,23019,9958,32977
00137100,UNIVERSITY OF DENVER                    ,CO,80208-2000,Private      ,172,497,669,7159,10329,17488
00137200,WESTERN STATE COLLEGE                   ,CO,81231-0000,Public       ,55,42,97,2308,629,2937
00163202,AQUINAS INSTITUTE OF THEOLOGY - AQUINAS ,CO,80903-1498,Private      ,0,0,0,5,36,41
00405702,NATIONAL AMERICAN UNIVERSITY            ,CO,80918-0000,Proprietary  ,3,38,41,33,269,302
00405703,NATIONAL AMERICAN UNIVERSITY            ,CO,80222-0000,Proprietary  ,1,33,34,34,318,352
00450300,EVEREST COLLEGE                         ,CO,80916-3548,Proprietary  ,27,159,186,203,1208,1411
00450600,COLORADO MOUNTAIN COLLEGE               ,CO,81602-0000,Public       ,101,213,314,1489,1635,3124
00450700,EVEREST COLLEGE                         ,CO,80229-4339,Proprietary  ,28,146,174,198,1199,1397
00450701,"EVEREST COLLEGE- EVEREST COLLEGE, AURORA",CO,80012-5692,Proprietary  ,34,210,244,186,989,1175
00450800,UNIVERSITY OF COLORADO DENVER           ,CO,80204-2029,Public       ,267,1066,1333,7565,15321,22886
00450900,UNIV OF COLORADO AT COLO SPRINGS        ,CO,80918-3735,Public       ,190,393,583,5865,5104,10969
00559600,EMILY GRIFFITH OPPORTUNITY SCH          ,CO,80204-2197,Public       ,71,338,409,564,2188,2752
00729700,REDSTONE COLLEGE                        ,CO,80020-9988,Proprietary  ,47,166,213,312,1062,1374
00732912,ITT TECHNICAL INSTITUTE                 ,CO,80229-5338,Proprietary  ,90,402,492,400,1687,2087
00754700,LINCOLN COLLEGE OF TECHNOLOGY           ,CO,80223-2013,Proprietary  ,78,132,210,863,943,1806
00754800,WESTWOOD COLLEGE - DENVER NORTH         ,CO,80221-3653,Proprietary  ,61,273,334,699,2914,3613
00754801,WESTWOOD COLLEGE - DENVER SOUTH         ,CO,80227-3653,Proprietary  ,26,153,179,265,1310,1575
00758200,AIMS COMMUNITY COLLEGE                  ,CO,80632-0000,Public       ,203,549,752,2228,4022,6250
00764900,ROCKY MOUNTAIN COLG OF ART & DESIGN     ,CO,80214-0000,Proprietary  ,47,51,98,947,448,1395
00793300,FRONT RANGE COMMUNITY COLLEGE           ,CO,80031-2199,Public       ,748,1899,2647,7142,13387,20529
00863500,INTELLITEC MEDICAL INSTITUTE            ,CO,80909-1570,Proprietary  ,16,125,141,105,712,817
00887100,CONCORDE CAREER INSTITUTE               ,CO,80203-0000,Proprietary  ,44,192,236,270,1258,1528
00889600,PIKES PEAK COMMUNITY COLLEGE            ,CO,80906-5498,Public       ,457,1593,2050,4685,11963,16648
00940100,COLORADO CHRISTIAN UNIVERSITY           ,CO,80226-7449,Private      ,48,306,354,1664,2588,4252
00954200,COMMUNITY COLLEGE OF DENVER             ,CO,80217-2026,Public       ,463,1601,2064,4831,11278,16109
00954300,RED ROCKS COMMUNITY COLLEGE             ,CO,80228-1255,Public       ,292,889,1181,2955,6503,9458
00998100,MORGAN COMMUNITY COLLEGE                ,CO,80701-4399,Public       ,23,112,135,314,1113,1427
01014800,COLORADO TECHNICAL UNIVERSITY           ,CO,80907-3896,Proprietary  ,80,1211,1291,494,8453,8947
01014802,COLORADO TECHNICAL UNIV - DENVER        ,CO,80111-3201,Proprietary  ,18,163,181,157,1137,1294
01014805,COLORADO TECH UNIV - ON LINE            ,CO,80907-0000,Proprietary  ,354,7909,8263,1596,42454,44050
01014806,COLORADO TECH UNIV - FED EXPRESS        ,CO,80921-3800,Proprietary  ,1,28,29,14,159,173
01014808,COLORADO TECH UNIV - USAA               ,CO,80920-1005,Proprietary  ,1,20,21,16,109,125
01014809,COLORADO TECH UNIV - SCHRIEVER AFB      ,CO,80912-7298,Proprietary  ,0,0,0,1,10,11
01014810,COLORADO TECH UNIV - PETERSON AFB       ,CO,80914-1586,Proprietary  ,0,0,0,5,25,30
01014811,COLORADO TECH UNIV-HEWLETT PACKARD      ,CO,80919-2303,Proprietary  ,1,10,11,10,66,76
01014812,COLORADO TECHNICAL UNIVERSITY - WESTMINS,CO,80021-3498,Proprietary  ,25,236,261,181,1669,1850
01014813,COLORADO TECH UNIV - ORACLE             ,CO,80921-3660,Proprietary  ,1,15,16,13,120,133
01014815,COLORADO TECHNCL UNIV PUEBLO            ,CO,81003-2315,Proprietary  ,5,63,68,89,563,652
01070900,EMPIRE BEAUTY SCHOOL-LAKEWOOD           ,CO,80215-0000,Proprietary  ,6,18,24,55,158,213
01129100,PENROSE HOSPITAL SCHOOL OF MEDICAL TECHN,CO,80933-0000,Private      ,0,0,0,0,1,1
01157200,COLORADO SCHOOL OF TRADES               ,CO,80215-2996,Proprietary  ,7,27,34,84,300,384
01267000,BEL-REA INST OF ANIMAL TECH             ,CO,80247-3048,Proprietary  ,44,75,119,535,894,1429
01285000,INTERNATIONAL SALON AND SPA ACADEMY     ,CO,80918-3684,Proprietary  ,11,45,56,93,238,331
01287500,PICKENS TECHNICAL COLLEGE               ,CO,80011-9307,Public       ,41,143,184,283,942,1225
01300700,NAZARENE BIBLE COLLEGE                  ,CO,80910-3717,Private      ,3,56,59,70,708,778
02072200,EMPIRE BEAUTY SCHOOL -ARVADA            ,CO,80212-0000,Proprietary  ,4,17,21,60,165,225
02078900,ART INSTITUTE OF COLORADO (THE)         ,CO,80203-2983,Proprietary  ,150,288,438,1846,2300,4146
02116300,PUEBLO COMMUNITY COLLEGE                ,CO,81004-0000,Public       ,202,838,1040,2098,6397,8495
02116313,SAN JUAN BASINTECHNICAL COLLEGE         ,CO,81328-9196,Public       ,10,7,17,34,60,94
02117500,NAROPA UNIVERSITY                       ,CO,80302-0000,Private      ,22,52,74,380,1314,1694
02133100,COLORADO CENTER FOR MEDICAL LABORATORY S,CO,80218-0000,Private      ,2,15,17,31,133,164
02141100,EMPIRE BEAUTY SCHOOL-LITTLETON          ,CO,80030-0000,Proprietary  ,18,44,62,71,250,321
02141103,ARTISTIC BEAUTY COLLEGES-AURORA         ,CO,80017-3194,Proprietary  ,0,0,0,26,72,98
02156200,DELTA - MONTROSE TECHNICAL COLLEGE      ,CO,81416-0000,Public       ,12,47,59,106,266,372
02160600,EMPIRE BEAUTY SCHOOL -THORNTON          ,CO,80241-1659,Proprietary  ,11,31,42,85,188,273
02165200,SALON PROFESSIONAL ACADEMY (THE)        ,CO,81504-5309,Proprietary  ,6,12,18,40,81,121
02167600,KAPLAN COLLEGE                          ,CO,80229-5309,Proprietary  ,10,104,114,103,759,862
02171300,TRINIDAD STATE JUNIOR COLLEGE           ,CO,81101-0000,Proprietary  ,0,0,0,0,1,1
02188700,DENVER ACAD OF COURT REPORTING          ,CO,80030-0000,Proprietary  ,4,21,25,31,242,273
02211901,CHEEKS INTERNATIONAL ACADEMY OF BEAUTY C,CO,80525-3053,Proprietary  ,2,11,13,15,42,57
02211902,CHEEKS INTERNATIONAL ACDMY BTY CULT     ,CO,80631-0000,Proprietary  ,1,3,4,13,25,38
02253700,INTELLITEC COLLEGE                      ,CO,80909-0000,Proprietary  ,47,217,264,147,721,868
02267500,GLENWOOD BEAUTY ACADEMY                 ,CO,81601-0000,Proprietary  ,2,13,15,14,53,67
02276900,COMMUNITY COLLEGE OF AURORA             ,CO,80011-9036,Public       ,260,1037,1297,2208,6437,8645
02518500,HAIR DYNAMICS EDUCATION CENTER          ,CO,80525-0000,Proprietary  ,25,31,56,129,183,312
02594300,COLLEGE AMERICA - DENVER                ,CO,80222-3380,Proprietary  ,78,412,490,591,3372,3963
02611000,HERITAGE COLLEGE                        ,CO,80212-7413,Proprietary  ,49,153,202,246,905,1151
03006300,INST OF BUSINESS & MEDICAL CAREERS      ,CO,80525-3044,Proprietary  ,36,172,208,278,1255,1533
03010622,VIRGINIA COLLEGE - ECOTECH INSTITUTE - A,CO,80014-1405,Proprietary  ,12,60,72,13,84,97
03012100,REMINGTON COLLEGE - COLORADO SPRINGS CAM,CO,80215-0000,Proprietary  ,7,34,41,53,252,305
03013100,BOULDER COLLEGE OF MASSAGE THERAPY      ,CO,80301-3295,Private      ,7,23,30,97,241,338
03014900,PLATT COLLEGE                           ,CO,80014-3141,Proprietary  ,6,35,41,51,282,333
03027400,XENON INTERNATIONAL ACADEMY III         ,CO,80014-1193,Proprietary  ,10,19,29,75,149,224
03030606,UTAH COLLEGE OF MASSAGE THERAPY - DENVER,CO,80031-2921,Proprietary  ,26,53,79,122,265,387
03030607,UTAH COLLEGE OF MASSAGE THERAPY - DENVER,CO,80012-2523,Proprietary  ,18,49,67,104,256,360
03066900,INTELLITEC COLLEGE                      ,CO,81506-3994,Proprietary  ,49,239,288,207,902,1109
03068201,OHIO CENTER FOR BROADCASTING - COLORADO ,CO,80214-4129,Proprietary  ,8,33,41,51,205,256
03076401,BRYMAN SCHOOL OF ARIZONA (THE) - ANTHEM ,CO,80014-2622,Proprietary  ,2,10,12,7,45,52
03289300,COLORADO HEIGHTS UNIVERSITY             ,CO,80236-2711,Private      ,6,59,65,49,225,274
03306300,MONTESSORI EDUC CRT OF THE ROCKIES      ,CO,80301-2587,Private      ,0,3,3,4,47,51
03534300,JONES INTERNATIONAL UNIVERSITY          ,CO,80112-3446,Proprietary  ,110,1844,1954,541,8494,9035
03545300,UNIVERSITY OF THE ROCKIES               ,CO,80903-3612,Proprietary  ,4,424,428,38,2187,2225
03584400,COLORADO SCHOOL OF HEALING ARTS         ,CO,80226-4332,Proprietary  ,14,52,66,88,280,368
03670300,TONI & GUY HAIRDRESSING ACADEMY         ,CO,80911-1713,Proprietary  ,18,30,48,114,196,310
03686300,COLORADO SCHOOL OF TRADITIONAL CHINESE M,CO,80206-2127,Proprietary  ,1,26,27,9,192,201
03776300,CULINARY SCHOOL OF THE ROCKIES          ,CO,80305-5961,Proprietary  ,23,42,65,100,180,280
03972300,CUTTIN' UP BEAUTY ACADEMY               ,CO,80220-0000,Proprietary  ,2,14,16,30,86,116
03976300,MASSAGE THERAPY INSTITUTE OF COLORADO   ,CO,80206-2127,Proprietary  ,4,36,40,59,159,218
04080300,ASPEN UNIVERSITY                        ,CO,80246-1930,Proprietary  ,3,54,57,57,300,357
04093300,ACADEMY OF NATURAL THERAPY              ,CO,80631-3425,Proprietary  ,5,13,18,33,118,151
04121200,INSTITUTE OF TAOIST EDUCATION AND ACUPUN,CO,80027-1028,Private      ,0,6,6,4,58,62
04125100,MONTESSORI CENTRE INTERNATIONAL DENVER  ,CO,80111-5263,Private      ,0,2,2,3,15,18
04127700,AMERICAN SENTINEL UNIVERSITY            ,CO,80014-6510,Proprietary  ,2,170,172,2,170,172
04139300,NATIONAL BEAUTY COLLEGE                 ,CO,80221-0000,Proprietary  ,6,31,37,36,138,174
04140400,ACADEMY OF MEDICAL & HEALTH SCIENCE     ,CO,81005-2195,Proprietary  ,4,26,30,9,59,68
04148300,DENVER SCHOOL OF NURSING                ,CO,80202-1213,Proprietary  ,22,117,139,204,1062,1266
04151100,SUMMIT SALON & BEAUTY SCHOOL            ,CO,80866-4569,Proprietary  ,0,2,2,2,13,15
04167100,AVEDA INSTITUTE DENVER                  ,CO,80202-0000,Proprietary  ,35,48,83,139,208,347
04170200,PAUL MITCHELL THE SCHOOL COLORADO SPRING,CO,80903-0000,Proprietary  ,21,46,67,96,172,268
04172500,ROLF INSTITUTE OF STRUCTURAL INTEGRATION,CO,80301-0000,Private      ,1,28,29,3,34,37
04173800,SALON PROFESSIONAL ACADEMY (THE)        ,CO,80918-2932,Proprietary  ,12,23,35,44,90,134
04177100,PIMA MEDICAL INSTITUTE-SOUTH DENVER     ,CO,80231-0000,Proprietary  ,9,69,78,9,69,78
00267811,BRYANT & STRATTON COLLEGE - VIRGINIA BEA,VA,23462-4417,Proprietary  ,64,334,398,539,2612,3151
00370200,AVERETT UNIVERSITY                      ,VA,24541-3692,Private      ,45,278,323,1439,1841,3280
00370300,BLUEFIELD COLLEGE                       ,VA,24605-1799,Private      ,11,47,58,665,536,1201
00370400,BRIDGEWATER COLLEGE                     ,VA,22812-1599,Private      ,46,9,55,3364,166,3530
00370500,COLLEGE OF WILLIAM & MARY               ,VA,23187-8795,Public       ,139,114,253,10383,4768,15151
00370600,CHRISTOPHER NEWPORT UNIVERSITY          ,VA,23606-2998,Public       ,110,104,214,7142,1204,8346
00370700,RICHARD BLAND COLLEGE                   ,VA,23805-7100,Public       ,71,74,145,1317,607,1924
00370800,EASTERN MENNONITE UNIVERSITY            ,VA,22802-2462,Private      ,18,50,68,1112,568,1680
00370900,EMORY & HENRY COLLEGE                   ,VA,24327-0010,Private      ,14,9,23,1361,143,1504
00371100,FERRUM COLLEGE                          ,VA,24088-2612,Private      ,49,14,63,3022,272,3294
00371200,TIDEWATER COMMUNITY COLLEGE             ,VA,23510-1910,Public       ,969,3140,4109,11152,23381,34533
00371300,HAMPDEN-SYDNEY COLLEGE                  ,VA,23943-0128,Private      ,20,2,22,1318,52,1370
00371400,HAMPTON UNIVERSITY                      ,VA,23668-0099,Private      ,240,343,583,9167,3438,12605
00371500,HOLLINS UNIVERSITY                      ,VA,24020-0000,Private      ,14,35,49,961,665,1626
00371900,LONGWOOD UNIVERSITY                     ,VA,23909-1899,Public       ,95,61,156,5293,833,6126
00372000,LYNCHBURG COLLEGE                       ,VA,24501-3199,Private      ,53,72,125,3452,827,4279
00372100,JAMES MADISON UNIVERSITY                ,VA,22807-3780,Public       ,331,128,459,22008,2586,24594
00372300,MARY BALDWIN COLLEGE                    ,VA,24401-3610,Private      ,21,86,107,1443,1108,2551
00372400,MARYMOUNT UNIVERSITY                    ,VA,22207-4224,Private      ,68,198,266,2485,2295,4780
00372600,NATIONAL COLLEGE                        ,VA,24153-4524,Proprietary  ,96,638,734,828,7660,8488
00372700,NORTHERN VA CMTY CLG                    ,VA,22003-3743,Public       ,1009,2325,3334,12940,17026,29966
00372800,OLD DOMINION UNIVERSITY                 ,VA,23529-0052,Public       ,450,978,1428,18289,13559,31848
00373200,RADFORD UNIVERSITY                      ,VA,24142-6905,Public       ,141,113,254,8977,2370,11347
00373300,RANDOLPH-MACON COLLEGE                  ,VA,23005-5505,Private      ,32,16,48,2559,159,2718
00373400,RANDOLPH COLLEGE                        ,VA,24503-1526,Private      ,12,9,21,812,150,962
00373500,VIRGINIA COMMONWEALTH UNIVERSITY        ,VA,23284-9004,Public       ,583,678,1261,22319,14082,36401
00373600,ROANOKE COLLEGE                         ,VA,24153-3794,Private      ,33,14,47,3234,255,3489
00373700,SHENANDOAH UNIVERSITY                   ,VA,22601-5195,Private      ,31,115,146,2672,2072,4744
00373800,SOUTHERN VIRGINIA UNIVERSITY            ,VA,24416-3038,Private      ,47,16,63,1051,243,1294
00373900,ST PAULS COLLEGE                        ,VA,23868-1299,Private      ,13,29,42,623,438,1061
00374200,SWEET BRIAR COLLEGE                     ,VA,24595-9998,Private      ,18,8,26,765,61,826
00374300,UNION THEO SEMINARY & PRESBYTRN SCH     ,VA,23227-0000,Private      ,0,14,14,2,119,121
00374400,UNIVERSITY OF RICHMOND                  ,VA,23173-0001,Private      ,116,143,259,6281,2714,8995
00374500,UNIVERSITY OF VIRGINIA - SFS            ,VA,22903-0000,Public       ,404,247,651,19234,9675,28909
00374600,UNIVERSITY OF MARY WASHINGTON           ,VA,22401-5358,Public       ,103,132,235,4981,1300,6281
00374700,UNIV OF VIRGINIA'S COLLEGE AT WISE      ,VA,24293-4412,Public       ,21,28,49,1925,466,2391
00374800,EASTERN SHORE COMMUNITY COLLEGE         ,VA,23410-3000,Public       ,39,129,168,415,733,1148
00374900,GEORGE MASON UNIVERSITY                 ,VA,22030-4444,Public       ,460,946,1406,18039,15520,33559
00375100,PATRICK HENRY COMMUNITY COLLEGE         ,VA,24112-5311,Public       ,73,312,385,1097,2687,3784
00375200,VIRGINIA INTERMONT COLLEGE              ,VA,24201-4298,Private      ,13,26,39,844,374,1218
00375300,VIRGINIA MILITARY INSTITUTE             ,VA,24450-2138,Public       ,46,15,61,1907,83,1990
00375400,VIRGINIA POLYTECH INST & STATE UNIV     ,VA,24061-2000,Public       ,320,245,565,25214,5354,30568
00375800,DANVILLE COMMUNITY COLLEGE              ,VA,24541-4004,Public       ,143,418,561,1440,3069,4509
00375900,J. SARGEANT REYNOLDS COMMUNITY CLG      ,VA,23285-0000,Public       ,410,1172,1582,4996,10322,15318
00376000,VIRGINIA WESTERN CMTY COLLEGE           ,VA,24038-0000,Public       ,192,575,767,2773,4576,7349
00376100,WYTHEVILLE COMMUNITY COLLEGE            ,VA,24382-3308,Public       ,52,252,304,1341,2218,3559
00376200,VIRGINIA UNIVERSITY OF LYNCHBURG        ,VA,24501-6400,Private      ,10,82,92,154,568,722
00376400,VIRGINIA STATE UNIVERSITY               ,VA,23806-0001,Public       ,207,207,414,9741,3168,12909
00376500,NORFOLK STATE UNIVERSITY                ,VA,23504-8000,Public       ,193,485,678,8643,6807,15450
00376600,VIRGINIA UNION UNIVERSITY               ,VA,23220-1711,Private      ,109,119,228,4440,1399,5839
00376700,VIRGINIA WESLEYAN COLLEGE               ,VA,23502-5599,Private      ,43,50,93,1940,699,2639
00376800,WASHINGTON & LEE UNIVERSITY             ,VA,24450-0303,Private      ,38,8,46,2551,1797,4348
00400400,JOHN TYLER COMMUNITY COLLEGE            ,VA,23831-5316,Public       ,285,747,1032,3514,5946,9460
00450301,"EVEREST COLLEGE- EVEREST COLLEGE, MCLEAN",VA,22102-3000,Proprietary  ,32,102,134,176,596,772
00450702,"EVEREST COLLEGE- EVEREST COLLEGE, ARLING",VA,22203-1905,Proprietary  ,46,168,214,258,987,1245
00498800,CENTRAL VIRGINIA COMMUNITY COLLEGE      ,VA,24502-2498,Public       ,114,329,443,1620,2559,4179
00499200,MILLER-MOTTE TECHNICAL COLLEGE          ,VA,24505-0000,Proprietary  ,37,126,163,182,600,782
00499600,DABNEY S LANCASTER COMMUNITY CLG        ,VA,24422-1000,Public       ,22,87,109,540,703,1243
00522300,NEW RIVER COMMUNITY COLLEGE             ,VA,24084-1127,Public       ,116,268,384,1626,2570,4196
00607500,ROANOKE MEM HOSP SCH RAD ONCOLOGY       ,VA,24033-0000,Private      ,0,0,0,12,21,33
00607501,ROANOKE MEM HOSP SCH RAD TECH           ,VA,24014-1850,Private      ,0,0,0,11,32,43
00662200,COLLEGE OF HEALTH SCIENCES - CHRV       ,VA,24031-0000,Private      ,20,63,83,556,1036,1592
00681900,BLUE RIDGE COMMUNITY COLLEGE            ,VA,24486-0080,Public       ,104,262,366,1968,2380,4348
00687100,THOMAS NELSON COMMUNITY COLLEGE         ,VA,23670-0000,Public       ,388,1191,1579,3905,8354,12259
00709900,VIRGINIA HIGHLANDS COMMUNITY CLG        ,VA,24210-4210,Public       ,33,168,201,1189,1836,3025
00726000,SOUTHWEST VIRGINIA COMMUNITY CLG        ,VA,24641-1510,Public       ,38,187,225,1138,1972,3110
00859200,LOUISE OBICI SCHOOL OF NURSING          ,VA,23434-8038,Private      ,3,6,9,23,94,117
00865900,LORD FAIRFAX COMMUNITY COLLEGE          ,VA,22645-0047,Public       ,173,366,539,1927,2823,4750
00866000,GERMANNA COMMUNITY COLLEGE              ,VA,22508-0339,Public       ,214,506,720,2153,3328,5481
00866100,SOUTHSIDE VIRGINIA CMTY CLG             ,VA,23821-2930,Public       ,148,497,645,1663,3558,5221
00915900,PAUL D CAMP COMMUNITY COLLEGE           ,VA,23851-0737,Public       ,54,192,246,517,1399,1916
00916000,RAPPAHANNOCK COMMUNITY COLLEGE          ,VA,23149-2616,Public       ,65,195,260,882,1339,2221
00926700,EVEREST COLLEGE                         ,VA,23606-4203,Proprietary  ,27,146,173,137,987,1124
00926701,EVEREST COLLEGE - CHESAPEAKE            ,VA,23320-2637,Proprietary  ,38,264,302,175,1141,1316
00942000,SANFORD-BROWN COLLEGE                   ,VA,22182-3913,Proprietary  ,67,153,220,346,1034,1380
00953500,STAUNTON SCHOOL OF COSMETOLOGY          ,VA,24401-4323,Proprietary  ,4,7,11,18,39,57
00953700,VIRGINIA SCH OF HAIR DESIGN             ,VA,23669-0000,Proprietary  ,6,20,26,48,198,246
00962900,MOUNTAIN EMPIRE COMMUNITY COLLEGE       ,VA,24219-0700,Public       ,73,249,322,1253,2062,3315
00992800,PIEDMONT VIRGINIA COMMUNITY COLLEGE     ,VA,22902-7589,Public       ,101,327,428,1472,2634,4106
01004300,BON SECOURS MEMORIAL COLLEGE OF NURSING ,VA,23227-4612,Private      ,13,46,59,223,575,798
01019800,ECPI COLLEGE OF TECHNOLOGY              ,VA,23462-6542,Proprietary  ,426,1650,2076,3366,12591,15957
01033800,EASTERN VIRGINIA MEDICAL SCHOOL         ,VA,23501-1980,Private      ,5,47,52,61,1421,1482
01159600,RALPH'S VIRGINIA SCH OF COSMETOLOGY     ,VA,24501-2652,Proprietary  ,5,18,23,21,76,97
01162601,WESTWOOD COLLEGE - SOUTH BAY - ARLINGTON,VA,22203-4167,Proprietary  ,24,75,99,446,702,1148
01162602,WESTWOOD COLLEGE - SOUTH BAY - ANNANDALE,VA,22003-2602,Proprietary  ,14,45,59,290,625,915
01274400,SOUTHSIDE REGIONAL MED CTR PROF SCHOOLS ,VA,23803-5133,Proprietary  ,8,31,39,59,249,308
01274402,SOUTHSIDE REG MED CTR SCH RAD TECH      ,VA,23803-0000,Proprietary  ,0,0,0,12,61,73
02053000,LIBERTY UNIVERSITY                      ,VA,24502-0000,Private      ,548,5471,6019,18047,45089,63136
02108800,WARDS CORNER BEAUTY ACADEMY             ,VA,23505-0000,Proprietary  ,9,55,64,79,385,464
02111600,DANVILLE REGIONAL MEDICAL CENTER SCHOOL ,VA,24541-0000,Proprietary  ,1,3,4,53,131,184
02128700,CENTRAL SCHOOL OF PRACTICAL NURSING     ,VA,23502-2230,Public       ,4,22,26,73,206,279
02140000,RIVERSIDE SCHOOL OF HEALTH CAREERS      ,VA,23608-3802,Private      ,14,65,79,152,661,813
02175800,LYNCHBURG GENERAL HOSP SCH OF NURSG     ,VA,24501-0000,Private      ,11,25,36,105,261,366
02197600,WOODROW WILSON REHABILITATION CTR       ,VA,22939-0000,Public       ,12,4,16,38,31,69
02242400,HENRICO CTY ST MARYS HOSP PRAC NRSG     ,VA,23075-0000,Public       ,0,6,6,17,64,81
02247200,MEDSPA CAREERS INSTITUTE                ,VA,23606-0000,Proprietary  ,4,25,29,79,305,384
02304500,HERITAGE INSTITUTE                      ,VA,20111-0000,Proprietary  ,18,45,63,98,442,540
02320900,TIDEWATER TECH                          ,VA,23517-0000,Proprietary  ,16,160,176,175,853,1028
02334400,CENTURA COLLEGE                         ,VA,23452-0000,Proprietary  ,79,831,910,597,5550,6147
02342700,FORTIS COLLEGE                          ,VA,23502-4101,Proprietary  ,18,83,101,118,642,760
02342701,FORTIS COLLEGE - RICHMOND CAMPUS        ,VA,23236-3472,Proprietary  ,15,77,92,232,642,874
02358500,BON SECOURS SAINT MARY'S HOSPITAL SCHOOL,VA,23227-4612,Private      ,3,23,26,55,212,267
02535400,SKYLINE COLLEGE - RICHMOND              ,VA,23236-0000,Proprietary  ,4,17,21,198,541,739
02538800,SUFFOLK BEAUTY ACADEMY                  ,VA,23434-0000,Proprietary  ,3,23,26,21,93,114
02541200,STRATFORD UNIVERSITY                    ,VA,22043-0000,Proprietary  ,51,210,261,225,1217,1442
02541201,STRATFORD UNIVERSITY-WOODBRIDGE         ,VA,22192-0000,Proprietary  ,12,63,75,105,463,568
02610100,WASHINGTON COUNTY ADULT SKILL CTR       ,VA,24210-2346,Public       ,2,21,23,23,130,153
03002400,GRAHAM WEBB INTERNATIONAL ACAD HAIR     ,VA,22209-2129,Proprietary  ,19,34,53,60,149,209
03010700,BAR PALMA BEAUTY CAREERS  ACADEMY       ,VA,24014-2255,Proprietary  ,6,18,24,32,108,140
03042800,"VIRGINIA BEACH CITY SCHOOLS, SCH.-PR.NSG",VA,23456-0038,Public       ,3,13,16,37,112,149
03091100,ACT COLLEGE                             ,VA,22209-2297,Proprietary  ,18,100,118,96,447,543
03091300,REGENT UNIVERSITY                       ,VA,23464-9800,Private      ,59,527,586,1220,6553,7773
03092700,SKYLINE COLLEGE                         ,VA,24012-1603,Proprietary  ,14,62,76,152,475,627
03096500,SPRINGFIELD BEAUTY ACADEMY              ,VA,22003-3016,Proprietary  ,2,20,22,6,87,93
03106500,SENTARA NORFOLK GENERAL HOSPITAL        ,VA,23320-2843,Private      ,17,65,82,132,609,741
03116900,BAPTIST THEOLOGICAL SEM.-RICHMOND       ,VA,23227-0000,Private      ,0,14,14,5,102,107
03126300,AVIATION INSTITUTE OF MAINTENANCE       ,VA,23320-5987,Proprietary  ,15,114,129,149,651,800
03126400,CENTURA COLLEGE                         ,VA,23235-5230,Proprietary  ,29,176,205,208,1065,1273
03126401,CENTURA COLLEGE - WEST                  ,VA,23294-0000,Proprietary  ,0,0,0,33,166,199
03127500,ADVANCED TECHNOLOGY INSTITUTE           ,VA,23462-2409,Proprietary  ,68,152,220,670,935,1605
03280400,VIRGINIA SCHOOL OF MASSAGE              ,VA,22903-0000,Proprietary  ,13,40,53,73,192,265
03409500,RICHMOND SCHOOL OF HEALTH AND TECH      ,VA,23227-0000,Proprietary  ,24,115,139,189,832,1021
03455300,CRESCENT COSMETOLOGY UNIVERSITY         ,VA,23666-3115,Proprietary  ,1,6,7,17,41,58
03559300,APPALACHIAN SCHOOL OF LAW               ,VA,24614-0000,Private      ,0,5,5,11,705,716
03638400,TAP THIS VALLEY WORKS CTR FOR EMPLO     ,VA,24016-1901,Private      ,1,2,3,3,26,29
03645400,RUDY & KELLY ACADEMY OF HAIR AND NA     ,VA,23464-6857,Proprietary  ,27,48,75,123,283,406
03654300,CAREER TRAINING SOLUTIONS               ,VA,22406-1014,Proprietary  ,13,80,93,92,530,622
03709300,EDWARD VIA VIRGINIA CLG OSTEOPATHIC MED ,VA,24060-6360,Private      ,0,5,5,10,801,811
03872400,INSTITUTE FOR THE PSYCHOLOGICAL SCIENCES,VA,22202-3609,Private      ,0,11,11,11,126,137
03876300,CULPEPER COSMETOLOGY TRAINING CENTER    ,VA,22701-3155,Public       ,2,17,19,20,67,87
03883400,AVIATION INSTITUTE OF MAINTENANCE       ,VA,20110-4156,Proprietary  ,11,80,91,176,665,841
04038400,AVI CAREER INSTITUTE                    ,VA,22066-1839,Proprietary  ,1,26,27,9,98,107
04110300,UNIVERSITY OF MANAGEMENT AND TECHNOLOGY ,VA,22209-1609,Proprietary  ,0,29,29,0,29,29
04124000,DOMINION SCHOOL OF HAIR DESIGN          ,VA,23062-2221,Proprietary  ,3,9,12,15,43,58
04127300,COLUMBIA COLLEGE                        ,VA,22031-4413,Proprietary  ,10,68,78,38,290,328
04133400,CENTURA COLLEGE                         ,VA,22312-2670,Proprietary  ,5,48,53,44,277,321
04133800,SOUTHEAST CULINARY & HOSPITALITY COLLEGE,VA,24201-4159,Proprietary  ,8,22,30,72,126,198
04137300,CAYCE/REILLY SCHOOL OF MASSOTHERAPY     ,VA,23451-2061,Private      ,6,8,14,18,71,89
04140000,GLOBAL HEALTH NURSE TRAINING SERVICES   ,VA,22314-4585,Proprietary  ,7,61,68,46,362,408
04153800,BETHEL COLLEGE                          ,VA,23666-3122,Private      ,4,15,19,24,67,91
04156200,INSTITUTE OF ADVANCED MEDICAL ESTHETICS ,VA,23294-4701,Proprietary  ,2,33,35,13,147,160
04171500,COSMOPOLITAN BEAUTY & TECH SCHOOL       ,VA,22003-3204,Proprietary  ,1,16,17,1,16,17
00107000,THUNDERBIRD SCHOOL OF GLOBAL MANAGEMENT ,AZ,85306-6000,Private      ,1,64,65,12,876,888
00107100,ARIZONA WESTERN COLLEGE                 ,AZ,85366-0000,Public       ,340,600,940,4537,5230,9767
00107200,COCHISE COLLEGE                         ,AZ,85607-6190,Public       ,121,371,492,1579,2827,4406
00107300,EASTERN ARIZONA COLLEGE                 ,AZ,85552-0769,Public       ,128,258,386,1776,2029,3805
00107400,GRAND CANYON UNIVERSITY                 ,AZ,85017-3030,Proprietary  ,358,6430,6788,4880,54168,59048
00107600,GLENDALE COMMUNITY COLLEGE              ,AZ,85302-3090,Public       ,853,1777,2630,9966,13257,23223
00107700,MESA COMMUNITY COLLEGE                  ,AZ,85202-4866,Public       ,935,2087,3022,10947,17459,28406
00107800,PHOENIX COLLEGE                         ,AZ,85013-4234,Public       ,513,1723,2236,5652,12451,18103
00107900,YAVAPAI COLLEGE                         ,AZ,86301-3297,Public       ,189,609,798,2296,4299,6595
00108100,ARIZONA STATE UNIV (ALL CAMPUSES)       ,AZ,85287-0412,Public       ,1342,2080,3422,48570,35157,83727
00108200,NORTHERN ARIZONA UNIVERSITY             ,AZ,86011-0001,Public       ,639,895,1534,23900,13224,37124
00108300,UNIVERSITY OF ARIZONA                   ,AZ,85721-0066,Public       ,680,806,1486,28608,15784,44392
00165701,MIDWESTERN UNIVERSITY                   ,AZ,85308-0000,Private      ,7,59,66,119,3246,3365
00446700,TUCSON COLLEGE                          ,AZ,85711-3781,Proprietary  ,29,153,182,206,826,1032
00711300,SOUTHWESTERN COLLEGE                    ,AZ,85032-7097,Private      ,18,28,46,523,314,837
00726600,PIMA COUNTY COMMUNITY COLLEGE           ,AZ,85709-1110,Public       ,763,2340,3103,11043,19367,30410
00728300,CENTRAL ARIZONA COLLEGE                 ,AZ,85228-9779,Public       ,236,611,847,2637,4844,7481
00732911,ITT TECHNICAL INSTITUTE                 ,AZ,85282-9272,Proprietary  ,149,595,744,742,3246,3988
00732990,ITT TECHNICAL INSTITUTE                 ,AZ,85704-5829,Proprietary  ,170,570,740,861,2481,3342
00822100,UNIVERSAL TECHNICAL INSTITUTE           ,AZ,85323-7946,Proprietary  ,840,976,1816,9781,8725,18506
00824600,DINè COLLEGE                            ,AZ,86556-0126,Public       ,82,175,257,952,1523,2475
00830300,GATEWAY COMMUNITY COLLEGE               ,AZ,85034-1795,Public       ,198,932,1130,2286,7112,9398
00830302,MARICOPA SKILL CENTER                   ,AZ,85034-0000,Public       ,37,258,295,422,1873,2295
00830400,SCOTTSDALE COMMUNITY COLLEGE            ,AZ,85250-0000,Public       ,311,605,916,3997,4883,8880
00832200,DEVRY INSTITUTE OF TECHNOLOGY           ,AZ,85021-2995,Proprietary  ,0,0,0,151,300,451
00886400,ARIZONA ACADEMY OF BEAUTY               ,AZ,85712-5021,Proprietary  ,8,26,34,66,142,208
00886500,ARTISTIC BEAUTY COLLEGES-TUCSON         ,AZ,85716-3999,Proprietary  ,19,62,81,150,372,522
00886501,ARTISTIC BEAUTY COLLEGES - TUCSON  - NOR,AZ,85705-1665,Proprietary  ,0,0,0,12,32,44
00945100,BROWN MACKIE COLLEGE                    ,AZ,85712-5300,Proprietary  ,185,741,926,1134,4872,6006
01084700,ARIZONA AUTOMOTIVE INSTITUTE            ,AZ,85301-3503,Proprietary  ,102,310,412,638,1950,2588
01085800,AVALON SCHOOL OF COSMETOLOGY            ,AZ,85210-4010,Proprietary  ,51,79,130,236,514,750
01168900,REFRIGERATION SCHOOL                    ,AZ,85034-0000,Proprietary  ,28,183,211,150,986,1136
01180200,ARIZONA ACADEMY OF BEAUTY-NORTH         ,AZ,85705-2720,Proprietary  ,6,17,23,43,91,134
01180800,ARTISTIC BEAUTY COLLEGES-FLAGSTAFF      ,AZ,86004-5119,Proprietary  ,18,34,52,157,336,493
01180801,CLG OF BEAUTY ARTS & SCI/CHANDLER       ,AZ,85224-0000,Proprietary  ,0,0,0,8,28,36
01180802,CLG OF BEAUTY ARTS & SCI/PRESCOTT       ,AZ,86303-0000,Proprietary  ,0,0,0,15,23,38
01186200,NORTHLAND PIONEER COLLEGE               ,AZ,86025-2996,Public       ,76,389,465,700,1991,2691
01186400,MOHAVE COMMUNITY COLLEGE                ,AZ,86409-1238,Public       ,218,758,976,1700,5696,7396
01218400,INTERNATIONAL ACAD OF HAIR DESIGN       ,AZ,85225-7198,Proprietary  ,16,46,62,125,255,380
01234300,ARTISTIC BEAUTY COLLEGES-PHOENIX        ,AZ,85304-0000,Proprietary  ,19,44,63,158,312,470
01293700,ARTISTIC BEAUTY COLLEGES - PARADISE VALL,AZ,85257-0000,Proprietary  ,5,12,17,46,128,174
02065300,PRESCOTT COLLEGE                        ,AZ,86301-0000,Private      ,15,104,119,594,1208,1802
02071200,KAPLAN COLLEGE                          ,AZ,85029-4349,Proprietary  ,32,247,279,398,2117,2515
02098800,UNIVERSITY OF PHOENIX                   ,AZ,85040-0000,Proprietary  ,4672,84593,89265,24219,456113,480332
02100500,UNIVERSAL TECHNICAL INSTITUTE           ,AZ,85027-0000,Proprietary  ,653,1242,1895,7489,10457,17946
02100600,CARRINGTON COLLEGE                      ,AZ,85015-4096,Proprietary  ,229,831,1060,1838,6844,8682
02113800,ROBERTO-VENN SCH OF LUTHIERY            ,AZ,85040-0000,Proprietary  ,7,9,16,42,71,113
02146600,SOUTH MOUNTAIN COMMUNITY COLLEGE        ,AZ,85040-0000,Public       ,147,458,605,2158,3752,5910
02160305,COLLINS COLLEGE                         ,AZ,85040-4000,Proprietary  ,75,156,231,1014,1169,2183
02160306,INTERNATIONAL ACADEMY OF DESIGN AND TECH,AZ,85281-6705,Proprietary  ,5,9,14,12,26,38
02171500,WESTERN INTERNATIONAL UNIVERSITY        ,AZ,85021-0000,Proprietary  ,11,634,645,74,2892,2966
02177500,RIO SALADO COMMUNITY COLLEGE            ,AZ,85281-0000,Public       ,324,3229,3553,2365,18621,20986
02179907,ARGOSY UNIVERSITY  -  PHOENIX           ,AZ,85021-0000,Proprietary  ,0,0,0,0,1,1
02190702,FORTIS COLLEGE - PHOENIX CAMPUS         ,AZ,85006-3759,Proprietary  ,0,0,0,14,68,82
02192300,MARICOPA BEAUTY COLLEGE                 ,AZ,85323-0000,Proprietary  ,9,21,30,77,165,242
02199900,AMERICAN INDIAN CLG-ASSEMBLIES GOD      ,AZ,85021-0000,Private      ,5,24,29,71,109,180
02217100,PIMA MEDICAL INSTITUTE                  ,AZ,85716-0000,Proprietary  ,463,1497,1960,2748,8433,11181
02218800,BROOKLINE COLLEGE                       ,AZ,85019-1600,Proprietary  ,83,551,634,374,2601,2975
02218804,BROOKLINE COLLEGE - MESA                ,AZ,85204-4448,Proprietary  ,36,156,192,169,779,948
02218805,BROOKLINE COLLEGE - TUCSON              ,AZ,85711-5444,Proprietary  ,54,245,299,287,1119,1406
02220300,ARTISTIC BEAUTY COLLEGES-GLENDALE       ,AZ,85051-0000,Proprietary  ,11,62,73,135,408,543
02263100,ANTHEM COLLEGE                          ,AZ,85014-0000,Proprietary  ,138,770,908,748,4129,4877
02280500,CHARLES OF ITALY BEAUTY COLLEGE         ,AZ,86403-0000,Proprietary  ,8,16,24,46,78,124
02295000,EVEREST COLLEGE                         ,AZ,85021-1610,Proprietary  ,73,338,411,1140,10208,11348
02295002,EVEREST COLLEGE - MESA                  ,AZ,85206-4704,Proprietary  ,25,156,181,244,1199,1443
02317800,AMERICAN INSTITUTE OF TECHNOLOGY        ,AZ,85043-0000,Proprietary  ,22,402,424,111,1726,1837
02491500,THE ART CENTER DESIGN COLLEGE           ,AZ,85716-0000,Proprietary  ,35,92,127,258,511,769
02521500,LAMSON COLLEGE                          ,AZ,85284-1141,Proprietary  ,11,92,103,83,433,516
02533200,FRANK LLOYD WRIGHT SCHOOL OF ARCHITECTUR,AZ,85261-4430,Private      ,1,7,8,18,60,78
02559000,UNIVERSITY OF ADVANCING TECHNOLOGY      ,AZ,85283-0000,Proprietary  ,85,103,188,1095,836,1931
02561900,BRILLARE HAIRDRESSING ACADEMY           ,AZ,85251-3301,Proprietary  ,23,18,41,155,180,335
02582700,CORTIVA INSTITUTE - TUCSON              ,AZ,85710-3503,Proprietary  ,9,54,63,58,270,328
02616700,LE CORDON BLEU COLLEGE OF CULINARY ARTS ,AZ,85251-2729,Proprietary  ,119,343,462,1053,2570,3623
02623600,PARADISE VALLEY COMMUNITY COLLEGE       ,AZ,85032-1210,Public       ,268,617,885,3200,4768,7968
02623800,CORTIVA INSTITUTE - SCOTTSDALE          ,AZ,85257-4218,Proprietary  ,4,24,28,48,193,241
03005000,SAFFORD COLLEGE OF BEAUTY CULTURE       ,AZ,85546-3309,Proprietary  ,6,11,17,15,74,89
03010613,VIRGINIA COLLEGE - GOLF ACADEMY OF ARIZO,AZ,85225-6742,Proprietary  ,10,30,40,113,271,384
03030604,UTAH COLLEGE OF MASSAGE THERAPY - ARIZON,AZ,85282-0000,Proprietary  ,35,92,127,193,428,621
03030605,UTAH COLLEGE OF MASSAGE THERAPY - ARIZON,AZ,85051-3470,Proprietary  ,28,83,111,235,456,691
03034400,CONSERVATORY RECORDING ARTS & SCIS      ,AZ,85282-1707,Proprietary  ,59,103,162,667,816,1483
03072200,CHANDLER-GILBERT COMMUNITY COLLEGE      ,AZ,85225-2499,Public       ,405,767,1172,4785,5891,10676
03076400,BRYMAN SCHOOL OF ARIZONA                ,AZ,85029-4919,Proprietary  ,193,640,833,1127,3546,4673
03097800,CARSTEN INSTITUTE OF HAIR & BEAUTY      ,AZ,85282-5404,Proprietary  ,17,45,62,122,259,381
03100400,COCONINO COUNTY COMMUNITY COLLEGE       ,AZ,86001-2701,Public       ,107,289,396,1411,2314,3725
03107000,SOUTHWEST CLG OF NATUROPATHIC MED       ,AZ,85282-0000,Private      ,3,22,25,17,502,519
03115000,ARIZONA COLLEGE OF ALLIED HEALTH        ,AZ,85302-3843,Proprietary  ,37,203,240,291,1178,1469
03120300,COLLEGE AMERICA                         ,AZ,86004-3936,Proprietary  ,21,138,159,233,1030,1263
03156300,ESTRELLA MOUNTAIN COMMUNITY COLLEGE     ,AZ,85392-1010,Public       ,331,700,1031,3509,5600,9109
03156301,ESTRELLA MOUNTAIN COMMUNITY COLLEGE - SO,AZ,85392-1010,Public       ,82,188,270,1131,1782,2913
03347300,INTERNATIONAL BAPTIST COLLEGE           ,AZ,85282-6799,Private      ,3,0,3,57,30,87
03445300,HDS TRUCK DRIVING INSTITUTE             ,AZ,85731-0000,Proprietary  ,0,43,43,5,142,147
03478400,PHOENIX SEMINARY                        ,AZ,85018-7611,Private      ,0,13,13,4,123,127
03572300,EAST VALLEY INSTITUTE OF TECHNOLOGY     ,AZ,85201-6910,Public       ,20,44,64,177,296,473
03593300,SOUTHWEST INSTITUTE OF HEALING ARTS     ,AZ,85281-3658,Proprietary  ,28,209,237,158,1024,1182
03617500,PHOENIX INSTITUTE OF HERBAL MEDICINE & A,AZ,85012-0000,Proprietary  ,3,24,27,35,238,273
03695500,ARIZONA SCHOOL OF ACUPUNCTURE AND ORIENT,AZ,85712-1100,Proprietary  ,2,20,22,12,139,151
03740500,ART INSTITUTE OF TUCSON (THE)           ,AZ,85712-2732,Proprietary  ,27,67,94,439,615,1054
03784400,TOHONO O'ODHAM COMMUNITY COLLEGE        ,AZ,85634-3129,Public       ,5,12,17,27,81,108
03813300,NORTHCENTRAL UNIVERSITY                 ,AZ,86314-2336,Proprietary  ,3,681,684,55,4140,4195
03814300,TURNING POINT BEAUTY COLLEGE            ,AZ,85222-4229,Proprietary  ,7,17,24,26,76,102
04051300,ART INSTITUTE OF PHOENIX (THE)          ,AZ,85021-2859,Proprietary  ,1003,3764,4767,7511,26773,34284
04059300,TUCSON COLLEGE OF BEAUTY                ,AZ,85705-2451,Proprietary  ,9,28,37,54,132,186
04120900,ARIZONA CULINARY INSTITUTE              ,AZ,85259-4939,Proprietary  ,31,75,106,271,468,739
04131400,PHOENIX SCHOOL OF LAW                   ,AZ,85012-3330,Proprietary  ,6,81,87,66,1487,1553
04138800,MODERN TECHNIQUES BEAUTY COLLEGE        ,AZ,86403-2974,Proprietary  ,0,0,0,13,26,39
04139200,UNIVERSAL BARBER COLLEGE                ,AZ,85007-3914,Proprietary  ,5,43,48,58,201,259
04148700,AMERICAN INSTITUTE OF INTERIOR DESIGN   ,AZ,85268-3827,Proprietary  ,3,7,10,4,22,26
04152900,STUDIO ACADEMY OF BEAUTY (THE)          ,AZ,85224-3600,Proprietary  ,15,40,55,65,143,208
04157400,NATIONAL PARALEGAL COLLEGE              ,AZ,85014-1262,Proprietary  ,7,189,196,7,211,218
04172100,CCIC BEAUTY COLLEGE                     ,AZ,85345-2410,Proprietary  ,1,1,2,1,1,2
04174100,PAUL MITCHELL THE SCHOOL PHOENIX        ,AZ,85017-1919,Proprietary  ,33,49,82,77,121,198
04174200,ALL BEAUTY COLLEGE                      ,AZ,86426-8326,Proprietary  ,3,20,23,12,57,69
04175300,KOHLER ACADEMY                          ,AZ,85254-4065,Proprietary  ,20,33,53,39,71,110
00142800,DELAWARE STATE UNIVERSITY               ,DE,19901-2277,Public       ,195,145,340,7530,2148,9678
00142900,GOLDEY BEACOM COLLEGE                   ,DE,19808-1993,Private      ,19,50,69,543,495,1038
00143100,UNIVERSITY OF DELAWARE                  ,DE,19716-0099,Public       ,333,191,524,23092,3193,26285
00143300,WESLEY COLLEGE                          ,DE,19901-3875,Private      ,52,72,124,2649,667,3316
00143301,WESLEY COLLEGE-CTR FOR ADULT STUDIE     ,DE,19720-0000,Private      ,7,30,37,35,348,383
00331301,WIDENER UNIV SCHOOL OF LAW - DE         ,DE,19803-0000,Private      ,1,36,37,46,1729,1775
00705300,DELAWARE TECH & CMTY COLLEGE-OWENS      ,DE,19947-0000,Public       ,125,411,536,2234,3338,5572
00794800,WILMINGTON UNIVERSITY                   ,DE,19720-6491,Private      ,159,779,938,2385,7567,9952
01172700,DELAWARE TECH & CMTY CLG-TERRY          ,DE,19901-8736,Public       ,117,310,427,1779,2500,4279
02125200,BEEBE SCHOOL OF NURSING                 ,DE,19958-1462,Private      ,3,11,14,57,125,182
02144900,DELAWARE TECH & CMTY CLG-STANTN/WLM     ,DE,19801-0000,Public       ,222,581,803,3470,4201,7671
02190400,SCHILLING DOUGLAS SCH OF HAIR DSGN      ,DE,19711-0000,Proprietary  ,6,23,29,69,156,225
02586902,STAR TECHNICAL INSTITUTE -              ,DE,19901-4615,Proprietary  ,2,6,8,16,70,86
03025800,DAWN TRAINING CENTRE                    ,DE,19805-1511,Proprietary  ,18,202,220,132,1045,1177
03543300,HARRIS SCHOOL OF BUSINESS               ,DE,19803-5341,Proprietary  ,26,147,173,143,724,867
03702300,DELAWARE LEARNING INSTITUTE OF COSMETOLO,DE,19939-9759,Proprietary  ,5,24,29,39,146,185
04130700,ACADEMY OF MASSAGE AND BODYWORK         ,DE,19701-1321,Proprietary  ,2,9,11,16,66,82
04139800,DELAWARE COLLEGE OF ART & DESIGN        ,DE,19801-3007,Private      ,15,14,29,411,108,519
04171100,DELAWARE ACADEMY PAUL MITCHELL PARTNER S,DE,19702-5108,Proprietary  ,9,20,29,50,98,148
        ,FEDERAL STUDENT AID USE ONLY            ,DC,20202-0000,,0,0,0,0,1,1
00143400,AMERICAN UNIVERSITY                     ,DC,20016-8020,Private      ,210,307,517,12925,11389,24314
00143700,CATHOLIC UNIVERSITY OF AMERICA          ,DC,20064-0002,Private      ,82,137,219,5679,3004,8683
00143711,"CATHOLIC UNIV AMERICA, LAW SCHOOL       ",DC,20064-0000,Private      ,3,16,19,38,1585,1623
00144100,UNIV OF THE DISTRICT OF COLUMBIA        ,DC,20008-0000,Public       ,165,588,753,2229,5518,7747
00144102,UNIV OF THE DIST OF COLU -SCHOOL OF LAW ,DC,20008-1173,Public       ,19,99,118,628,2117,2745
00144300,GALLAUDET UNIVERSITY                    ,DC,20002-3695,Private      ,20,41,61,908,975,1883
00144400,GEORGE WASHINGTON UNIVERSITY            ,DC,20052-2353,Private      ,250,759,1009,13347,12313,25660
00144402,GEORGE WASHINGTON UNIV LAW SCHL         ,DC,20052-0000,Private      ,2,34,36,61,4548,4609
00144403,GEORGE WASHINGTON UNIV SCH MED          ,DC,20052-0000,Private      ,8,25,33,51,1423,1474
00144500,GEORGETOWN UNIVERSITY                   ,DC,20057-1252,Private      ,219,244,463,12166,4692,16858
00144501,"GEORGETOWN UNIV, SCH OF MEDICINE        ",DC,20007-0000,Private      ,7,15,22,68,1326,1394
00144502,GEORGETOWN UNIVERSITY - GRADUATE SCHOOL ,DC,20057-0004,Private      ,2,139,141,62,3594,3656
00144503,GEORGETOWN UNIV LAW CENTER              ,DC,20001-0000,Private      ,3,42,45,42,6413,6455
00144800,HOWARD UNIVERSITY                       ,DC,20059-0001,Private      ,318,367,685,14485,9415,23900
00145900,STRAYER UNIVERSITY                      ,DC,20005-2603,Proprietary  ,473,9495,9968,2660,61100,63760
00146000,TRINITY UNIVERSITY                      ,DC,20017-1004,Private      ,28,174,202,1217,2464,3681
00146400,WESLEY THEOLOGICAL SEMINARY             ,DC,20016-0000,Private      ,0,33,33,0,350,350
00207701,JOHNS HOPKINS UNIV SCH ADV INTL STU     ,DC,20036-0000,Private      ,3,49,52,52,1550,1602
01006500,WASHINGTON THEOLOGICAL UNION            ,DC,20012-0000,Private      ,0,7,7,4,48,52
01195000,THE CORCORAN COLLEGE OF ART & DESIG     ,DC,20006-4804,Private      ,13,27,40,548,476,1024
01280300,DOMINICAN HOUSE OF STUDIES              ,DC,20017-1584,Private      ,0,3,3,3,25,28
02132800,NAT'L CONSERVATORY DRAMATIC ARTS        ,DC,20007-2758,Private      ,1,14,15,13,38,51
02279200,DUDLEY BEAUTY COLG-WASHINGTON           ,DC,20018-0000,Proprietary  ,8,35,43,63,171,234
02588900,SANZ SCHOOL                             ,DC,20006-0000,Proprietary  ,69,350,419,282,1392,1674
03104300,CAREER BLAZERS LEARNING CENTER OF WASHIN,DC,20037-1881,Proprietary  ,26,216,242,94,688,782
03218300,POTOMAC COLLEGE                         ,DC,20016-1860,Proprietary  ,1,92,93,55,549,604
03409600,BENNETT CAREER INSTITUTE                ,DC,20017-1754,Proprietary  ,21,56,77,112,359,471
03750300,TECHNICAL LEARNING CENTERS              ,DC,20005-3415,Proprietary  ,15,62,77,68,464,532
04114400,INSTITUTE OF WORLD POLITICS (THE)       ,DC,20036-1464,Private      ,0,17,17,4,207,211
04142700,PONTIFICAL JOHN PAUL II INSTITUTE FOR ST,DC,20064-0001,Private      ,0,4,4,0,31,31
00154100,ABRAHAM BALDWIN AGRICULTURAL CLG        ,GA,31794-0000,Public       ,113,154,267,3142,1905,5047
00154200,AGNES SCOTT COLLEGE                     ,GA,30030-3797,Private      ,35,29,64,1467,508,1975
00154300,DARTON COLLEGE                          ,GA,31707-3098,Public       ,191,535,726,3481,6296,9777
00154400,ALBANY STATE UNIVERSITY                 ,GA,31705-2796,Public       ,228,264,492,7143,4902,12045
00154500,ANDREW COLLEGE                          ,GA,39840-1313,Private      ,9,10,19,428,81,509
00154600,ARMSTRONG ATLANTIC STATE UNIVERSITY     ,GA,31419-1997,Public       ,224,464,688,5776,6254,12030
00154700,ATLANTA CHRISTIAN COLLEGE               ,GA,30344-1999,Private      ,15,180,195,496,1347,1843
00155200,AUGUSTA STATE UNIVERSITY                ,GA,30904-2200,Public       ,181,339,520,5449,5410,10859
00155400,BERRY COLLEGE                           ,GA,30149-5007,Private      ,79,28,107,3133,346,3479
00155500,THOMAS UNIVERSITY                       ,GA,31792-7499,Private      ,23,140,163,335,1331,1666
00155600,BRENAU UNIVERSITY                       ,GA,30501-3668,Private      ,37,247,284,1368,3204,4572
00155700,BREWTON PARKER COLLEGE                  ,GA,30445-0000,Private      ,17,25,42,596,390,986
00155800,COASTAL GEORGIA COMMUNITY COLLEGE       ,GA,31520-3644,Public       ,154,346,500,1979,3488,5467
00155900,CLARK ATLANTA UNIVERSITY                ,GA,30314-4385,Private      ,443,371,814,13169,5479,18648
00156000,COLUMBIA THEOLOGICAL SEMINARY           ,GA,30031-0000,Private      ,0,11,11,6,250,256
00156100,COLUMBUS STATE UNIVERSITY               ,GA,31907-5645,Public       ,291,537,828,6518,6186,12704
00156200,GEORGIA PERIMETER COLLEGE               ,GA,30021-0000,Public       ,1310,2695,4005,16838,24313,41151
00156300,EMMANUEL COLLEGE                        ,GA,30639-0000,Private      ,32,18,50,816,245,1061
00156400,EMORY UNIVERSITY                        ,GA,30322-1960,Private      ,277,371,648,11706,10609,22315
00156600,FORT VALLEY STATE UNIVERSITY            ,GA,31030-3298,Public       ,194,196,390,6423,2695,9118
00156700,GAINESVILLE STATE COLLEGE               ,GA,30503-0000,Public       ,392,432,824,6716,3926,10642
00156800,INTERDENOMINATIONAL THEOLOGY CENTER     ,GA,30314-0000,Private      ,0,38,38,4,591,595
00156900,GEORGIA INSTITUTE OF TECHNOLOGY         ,GA,30332-0002,Public       ,366,311,677,16498,5723,22221
00157000,SOUTHERN POLYTECHNIC STATE UNIV         ,GA,30060-2896,Public       ,122,307,429,3655,3696,7351
00157100,GEORGIA MILITARY COLLEGE                ,GA,31061-3398,Public       ,328,530,858,4029,5226,9255
00157200,GEORGIA SOUTHERN UNIVERSITY             ,GA,30460-8065,Public       ,599,536,1135,21070,7376,28446
00157300,GEORGIA SOUTHWESTERN STATE UNIV         ,GA,31709-4693,Public       ,71,126,197,2653,2216,4869
00157400,GEORGIA STATE UNIVERSITY                ,GA,30303-3010,Public       ,1027,2074,3101,28523,28936,57459
00157500,GORDON COLLEGE                          ,GA,30204-1762,Public       ,288,316,604,5936,3431,9367
00157700,KENNESAW STATE UNIVERSITY               ,GA,30144-5591,Public       ,696,1245,1941,17996,15624,33620
00157800,LAGRANGE COLLEGE                        ,GA,30240-2999,Private      ,48,39,87,1314,725,2039
00157900,MEDICAL COLLEGE OF GEORGIA              ,GA,30912-0004,Public       ,32,88,120,717,2889,3606
00158000,MERCER UNIVERSITY                       ,GA,31207-0003,Private      ,124,512,636,4519,9262,13781
00158100,MIDDLE GEORGIA COLLEGE                  ,GA,31014-1599,Public       ,147,226,373,3583,2403,5986
00158200,MOREHOUSE COLLEGE                       ,GA,30314-3773,Private      ,143,85,228,4976,1321,6297
00158500,NORTH GEORGIA COLLEGE & STATE UNIV      ,GA,30597-0001,Public       ,208,184,392,5262,2559,7821
00158600,OGLETHORPE UNIVERSITY                   ,GA,30319-2737,Private      ,62,69,131,2060,802,2862
00158700,PAINE COLLEGE                           ,GA,30901-3182,Private      ,53,57,110,1677,692,2369
00158800,PIEDMONT COLLEGE                        ,GA,30535-5644,Private      ,22,275,297,973,2511,3484
00158900,REINHARDT COLLEGE                       ,GA,30183-2981,Private      ,40,53,93,1124,646,1770
00159000,SAVANNAH STATE UNIVERSITY               ,GA,31404-5298,Public       ,251,242,493,7417,3356,10773
00159100,SHORTER UNIVERSITY                      ,GA,30165-4298,Private      ,81,446,527,2118,3709,5827
00159200,SOUTH GEORGIA COLLEGE                   ,GA,31533-8104,Public       ,115,138,253,1883,1498,3381
00159400,SPELMAN COLLEGE                         ,GA,30314-4399,Private      ,239,131,370,6746,1643,8389
00159600,TOCCOA FALLS COLLEGE                    ,GA,30598-0001,Private      ,17,15,32,860,252,1112
00159700,TRUETT MCCONNELL COLLEGE                ,GA,30528-1264,Private      ,10,22,32,543,180,723
00159800,UNIVERSITY OF GEORGIA                   ,GA,30602-6114,Public       ,672,611,1283,25515,13315,38830
00159900,VALDOSTA STATE UNIVERSITY               ,GA,31698-0001,Public       ,426,495,921,14265,6455,20720
00160000,WESLEYAN COLLEGE                        ,GA,31210-4407,Private      ,13,48,61,497,558,1055
00160100,UNIV OF WEST GEORGIA                    ,GA,30118-0002,Public       ,331,409,740,11039,5911,16950
00160200,GEORGIA COLLEGE & STATE UNIVERSITY      ,GA,31061-0490,Public       ,207,189,396,6513,2551,9064
00160400,YOUNG HARRIS COLLEGE                    ,GA,30582-4137,Private      ,31,13,44,1141,125,1266
00348400,COVENANT COLLEGE                        ,GA,30750-4164,Private      ,45,7,52,1208,340,1548
00395600,DALTON STATE COLLEGE                    ,GA,30720-3797,Public       ,219,436,655,4172,4441,8613
00402300,APPALACHIAN TECHNICAL COLLEGE           ,GA,30143-0000,Public       ,0,0,0,3,25,28
00402400,GEORGIA NORTHWESTERN TECHNICAL COLLEGE  ,GA,30161-6757,Public       ,254,1029,1283,2580,8514,11094
00411700,GRADY HEALTH SYSTEM                     ,GA,30303-3050,Public       ,12,74,86,129,654,783
00525400,LANIER TECHNICAL COLLEGE                ,GA,30566-3499,Public       ,155,620,775,1323,4650,5973
00525500,MOULTRIE TECHNICAL COLLEGE              ,GA,31768-0000,Public       ,89,322,411,790,2856,3646
00525600,WIREGRASS GEORGIA TECHNICAL COLLEGE     ,GA,31602-0929,Public       ,186,749,935,1847,6016,7863
00525602,WIREGRASS GEORGIA TECHNICAL COLLEGE - BE,GA,31750-8806,Public       ,0,0,0,321,1286,1607
00551100,OKEFENOKEE TECHNICAL COLLEGE            ,GA,31501-4016,Public       ,39,225,264,524,1969,2493
00559900,AUGUSTA TECHNICAL COLLEGE               ,GA,30906-3399,Public       ,228,704,932,2423,7198,9621
00560000,ATHENS TECHNICAL COLLEGE                ,GA,30601-1579,Public       ,239,697,936,2716,6776,9492
00560100,ALBANY TECHNICAL COLLEGE                ,GA,31701-2648,Public       ,194,745,939,1788,7049,8837
00561400,WEST GEORGIA TECHNICAL COLLEGE          ,GA,30240-5957,Public       ,0,0,0,42,91,133
00561500,SOUTHWEST GEORGIA TECHNICAL COLLEGE     ,GA,31792-2622,Public       ,54,276,330,798,2784,3582
00561700,SOUTH GEORGIA TECHNICAL COLLEGE         ,GA,31709-8167,Public       ,79,229,308,1086,2661,3747
00561800,SAVANNAH TECHNICAL COLLEGE              ,GA,31405-5594,Public       ,287,1170,1457,2760,9707,12467
00561900,NORTH GEORGIA TECHNICAL COLLEGE         ,GA,30523-0000,Public       ,135,412,547,1449,3345,4794
00562000,CHATTAHOOCHEE TECHNICAL COLLEGE         ,GA,30060-3398,Public       ,635,1734,2369,6033,14671,20704
00562004,NORTH METRO TECHNICAL COLLEGE           ,GA,30102-3129,Public       ,0,0,0,17,46,63
00562100,GRIFFIN TECHNICAL COLLEGE               ,GA,30223-2097,Public       ,235,737,972,2054,6666,8720
00562101,FLINT RIVER TECHNICAL INSTITUTE         ,GA,30286-0014,Public       ,18,68,86,247,992,1239
00562200,DEKALB TECHNICAL COLLEGE                ,GA,30021-0000,Public       ,263,1228,1491,2397,10050,12447
00562400,COLUMBUS TECHNICAL COLLEGE              ,GA,31904-6572,Public       ,190,610,800,2011,5401,7412
00576300,CENTRAL GEORGIA TECHNICAL COLLEGE       ,GA,31206-3628,Public       ,276,1148,1424,2618,10855,13473
00772800,MACON STATE COLLEGE                     ,GA,31206-5145,Public       ,191,553,744,3830,6273,10103
00854300,ATLANTA TECHNICAL COLLEGE               ,GA,30310-4499,Public       ,295,1127,1422,2693,10313,13006
00897600,CLAYTON STATE UNIVERSITY                ,GA,30260-0285,Public       ,286,926,1212,5832,10451,16283
00927000,ART INSTITUTE OF ATLANTA (THE)          ,GA,30328-1649,Proprietary  ,672,972,1644,9147,7841,16988
00950700,GEORGIA HIGHLANDS COLLEGE               ,GA,30162-0000,Public       ,296,427,723,3770,3731,7501
00962106,HERZING UNIVERSITY - ATLANTA            ,GA,30326-1162,Proprietary  ,29,210,239,276,1697,1973
01031903,MEDIX SCHOOL                            ,GA,30080-7630,Proprietary  ,36,176,212,271,1132,1403
01035601,EVEREST INSTITUTE - DEKALB              ,GA,30035-3420,Proprietary  ,48,328,376,270,1359,1629
01048700,WEST GEORGIA TECHNICAL COLLEGE          ,GA,30182-6476,Public       ,290,902,1192,3322,8747,12069
01077100,GUPTON JONES COLLEGE                    ,GA,30035-4022,Private      ,6,31,37,170,463,633
01099700,EAST GEORGIA COLLEGE                    ,GA,30401-2699,Public       ,148,152,300,2862,1559,4421
01107400,BAINBRIDGE COLLEGE                      ,GA,39819-8400,Public       ,130,534,664,1415,4404,5819
01110901,EVEREST COLLEGE - EVEREST INSTITUTE     ,GA,30067-8340,Proprietary  ,25,183,208,172,1066,1238
01110902,EVEREST COLLEGE - ATLANTA               ,GA,30331-2620,Proprietary  ,5,40,45,5,40,45
01112301,EVEREST COLLEGE - EVEREST INSTITUTE- NOR,GA,30093-2813,Proprietary  ,37,157,194,231,1155,1386
01157400,BAUDER COLLEGE                          ,GA,30313-2439,Proprietary  ,41,94,135,766,1467,2233
01205100,PRO WAY HAIR SCHOOL                     ,GA,30083-2884,Proprietary  ,6,40,46,100,482,582
01216500,ATLANTA METROPOLITAN COLLEGE            ,GA,30310-4498,Public       ,279,643,922,3280,5967,9247
01303900,SOUTH UNIVERSITY                        ,GA,31406-4881,Proprietary  ,702,8836,9538,3473,40434,43907
02055000,WAYCROSS COLLEGE                        ,GA,31503-0000,Public       ,45,89,134,699,953,1652
02060900,BROWN CLG OF COURT REPORTING & M.T.     ,GA,30318-2570,Proprietary  ,6,59,65,44,492,536
02074800,LIFE UNIVERSITY                         ,GA,30060-0000,Private      ,27,130,157,424,2786,3210
02110501,ART INSTITUTE OF CHARLOTTE (THE) - BROWN,GA,30319-3054,Proprietary  ,59,207,266,408,1226,1634
02113613,AMERICAN INTERCONTINENTAL UNIVERSITY    ,GA,30328-1649,Proprietary  ,127,479,606,1491,4180,5671
02116000,SANFORD-BROWN COLLEGE                   ,GA,30328-4803,Proprietary  ,57,331,388,437,2341,2778
02141500,SAVANNAH COLLEGE OF ART & DESIGN        ,GA,31402-3146,Private      ,298,302,600,10130,4984,15114
02202800,AUGUSTA AREA DIET INTERN UNIV HOSP      ,GA,30901-0000,Private      ,0,6,6,7,44,51
02217200,PORTFOLIO CENTER                        ,GA,30309-0000,Proprietary  ,7,23,30,25,137,162
02266200,AMERICAN PROFESSIONAL INSTITUTE         ,GA,31201-3185,Proprietary  ,71,248,319,419,2076,2495
02279500,HEART OF GEORGIA TECHNICAL COLLEGE      ,GA,31021-0000,Public       ,57,261,318,585,2044,2629
02284300,INTERACTIVE COLLEGE OF TECHNOLOGY       ,GA,30341-0000,Proprietary  ,61,340,401,275,1974,2249
02284308,INTERACTIVE LEARNING SYSTEMS            ,GA,30260-0000,Proprietary  ,13,45,58,53,332,385
02284309,INTERACTIVE COLLEGE OF TECHNOLOGY       ,GA,30501-0000,Proprietary  ,3,47,50,38,280,318
02285500,"CREATIVE CIRCUS, THE                    ",GA,30324-0000,Proprietary  ,11,41,52,80,328,408
02288400,GWINNETT TECHNICAL INSTITUTE            ,GA,30043-5702,Public       ,334,1002,1336,3572,10506,14078
02313902,WESTWOOD COLLEGE - O'HARE AIRPORT - ATLA,GA,30345-2807,Proprietary  ,25,72,97,374,893,1267
02321400,ROFFLER-MOLER HAIRSTYLING COLLEGE       ,GA,30062-0000,Proprietary  ,12,21,33,55,197,252
02354500,SOUTHEASTERN BEAUTY SCHOOLS             ,GA,31906-0000,Proprietary  ,12,26,38,62,170,232
02482100,MOREHOUSE SCHOOL OF MEDICINE            ,GA,30310-0000,Private      ,14,24,38,160,729,889
02502700,ADVANCED CAREER TRAINING                ,GA,30329-0000,Proprietary  ,94,379,473,574,1977,2551
02502701,ADVANCED CAREER TRAINING-RIVERDALE      ,GA,30274-0000,Proprietary  ,44,198,242,202,916,1118
02508600,MIDDLE GEORGIA TECHNICAL COLLEGE        ,GA,31088-0000,Public       ,139,487,626,1416,4505,5921
02520000,INTERNATIONAL SCH SKIN & NAILCARE       ,GA,30342-1119,Proprietary  ,17,106,123,51,396,447
02577000,ESANI INSTITUTE                         ,GA,30297-0000,Proprietary  ,25,48,73,103,287,390
02577700,BEAUTY COLLEGE OF AMERICA               ,GA,30297-0000,Proprietary  ,3,31,34,52,144,196
02578300,INTERNATIONAL CITY BEAUTY COLLEGE       ,GA,31093-3631,Proprietary  ,0,0,0,10,22,32
02580200,ATLANTA SCHOOL OF MASSAGE               ,GA,30338-0000,Proprietary  ,15,68,83,93,464,557
02583000,GWINNETT COLLEGE OF BUSINESS            ,GA,30047-3447,Proprietary  ,8,91,99,187,847,1034
02607600,CAPELLI LEARNING CTR FOR COSM           ,GA,30324-0000,Proprietary  ,16,59,75,121,363,484
02614206,MILLER - MOTTE TECHNICAL COLLEGE - COLUM,GA,31907-3222,Proprietary  ,19,116,135,101,666,767
02614207,MILLER - MOTTE TECHNICAL COLLEGE - AUGUS,GA,30907-0921,Proprietary  ,12,61,73,12,61,73
03005400,ARTISTIC BEAUTY COLLEGE                 ,GA,30013-2076,Proprietary  ,53,128,181,277,775,1052
03010619,VIRGINIA COLLEGE - AUGUSTA              ,GA,30909-5515,Proprietary  ,26,183,209,253,1570,1823
03022601,WESTERN CULINARY INSTITUTE - LE CORDON B,GA,30084-5893,Proprietary  ,11,37,48,238,369,607
03030000,OGEECHEE TECHNICAL COLLEGE              ,GA,30458-8049,Public       ,133,372,505,1545,3566,5111
03032100,ALTAMAHA TECHNICAL COLLEGE              ,GA,31545-4465,Public       ,69,228,297,565,2133,2698
03042700,LAURUSTECHNICAL INSTITUTE               ,GA,30030-1506,Proprietary  ,23,99,122,112,583,695
03066500,SOUTHEASTERN TECHNICAL COLLEGE          ,GA,30474-8817,Public       ,52,249,301,577,2251,2828
03066502,SWAINSBORO TECHNICAL COLLEGE            ,GA,30401-5700,Public       ,4,29,33,75,258,333
03072304,EVEREST COLLEGE - EVEREST INSTITUTE     ,GA,30236-0000,Proprietary  ,32,165,197,259,1258,1517
03076300,BEULAH HEIGHTS BIBLE COLLEGE            ,GA,30316-1873,Private      ,4,59,63,58,874,932
03079202,WESTWOOD COLLEGE - ATLANTA MIDTOWN      ,GA,30309-2848,Proprietary  ,55,201,256,846,1807,2653
03081500,SOUTHEASTERN BEAUTY SCHOOL              ,GA,31917-0000,Proprietary  ,9,26,35,52,143,195
03089100,GEORGIA INSTITUTE OF COSMETOLOGY        ,GA,30606-3152,Proprietary  ,28,73,101,183,430,613
03090600,COBB BEAUTY COLLEGE                     ,GA,30144-2828,Proprietary  ,3,19,22,49,128,177
03100900,LUTHER RICE UNIVERSITY                  ,GA,30038-2454,Private      ,2,91,93,35,934,969
03102000,RIVERTOWN SCHOOL OF BEAUTY              ,GA,31904-4747,Proprietary  ,18,43,61,79,230,309
03104500,ATLANTA INSTITUTE OF MUSIC              ,GA,30096-4988,Proprietary  ,61,45,106,353,375,728
03116100,VOGUE BEAUTY SCHOOL                     ,GA,30141-2226,Proprietary  ,7,24,31,46,160,206
03155500,SANDERSVILLE REGIONAL TECH INST         ,GA,31082-6179,Public       ,31,83,114,285,925,1210
03173300,ATLANTA'S JOHN MARSHALL LAW SCHOOL      ,GA,30309-0000,Proprietary  ,6,40,46,44,1500,1544
03232304,LINCOLN COLLEGE OF TECHNOLOGY           ,GA,30067-8638,Proprietary  ,38,121,159,234,807,1041
03418300,GWINNETT COLLEGE-SANDY SPRINGS          ,GA,30328-3161,Proprietary  ,9,47,56,80,375,455
03445500,FAYETTE BEAUTY ACADEMY                  ,GA,30214-1191,Proprietary  ,2,7,9,24,116,140
03523300,AVIATION INSTITUTE OF MAINTENANCE       ,GA,30045-6716,Proprietary  ,39,160,199,237,849,1086
03635300,CARVER BIBLE COLLEGE                    ,GA,30331-1300,Private      ,1,21,22,28,150,178
03748300,KEVOSNIK SCHOOL OF HAIR DESIGN          ,GA,31021-0000,Proprietary  ,4,6,10,7,33,40
03753400,MICHAEL'S SCHOOL OF BEAUTY              ,GA,31211-1493,Proprietary  ,3,20,23,24,139,163
03804400,JAVELIN TECHNICAL TRAINING CENTER       ,GA,30339-6040,Proprietary  ,51,303,354,327,1569,1896
03804401,JAVELIN TECHNICAL TRAINING CENTER -     ,GA,30260-1756,Proprietary  ,0,0,0,26,174,200
03804402,JAVELIN TECHNICAL TRAINING CENTER -     ,GA,30084-5252,Proprietary  ,0,0,0,12,139,151
03812300,OMNITECH INSTITUTE                      ,GA,30035-1206,Proprietary  ,40,72,112,179,557,736
04021300,AUGUSTA SCHOOL OF MASSAGE               ,GA,30809-0000,Proprietary  ,6,16,22,21,76,97
04091300,SAVANNAH SCHOOL OF MASSAGE THERAPY      ,GA,31406-2711,Private      ,4,23,27,46,179,225
04126800,ACADEMY OF SOMATIC HEALING ARTS (ASHA)  ,GA,30071-1024,Proprietary  ,2,34,36,45,259,304
04128500,SOUTHERN CATHOLIC COLLEGE               ,GA,30534-3111,Private      ,0,0,0,79,19,98
04142900,GEORGIA GWINNETT COLLEGE                ,GA,30043-7409,Public       ,365,421,786,4537,3690,8227
04147000,PAUL MITCHELL THE SCHOOL ATLANTA        ,GA,30318-5241,Proprietary  ,30,68,98,211,421,632
04147700,LAKE LANIER SCHOOL OF MASSAGE           ,GA,30501-4546,Proprietary  ,13,64,77,41,207,248
04149900,PROFILE INSTITUTE OF BARBER-STYLING     ,GA,30315-8459,Proprietary  ,7,42,49,55,199,254
04150900,PROCESS INSTITUTE OF COSMETOLOGY (THE)  ,GA,30043-7344,Proprietary  ,12,19,31,78,149,227
04152300,GEORGIA BEAUTY ACADEMY                  ,GA,30721-3952,Proprietary  ,1,30,31,48,143,191
04160200,ATLANTA BEAUTY ACADEMY                  ,GA,30340-1334,Proprietary  ,10,62,72,50,251,301
00162800,AMERICAN ACADEMY OF ART                 ,IL,60604-4302,Proprietary  ,29,23,52,873,260,1133
00163300,AUGUSTANA COLLEGE                       ,IL,61201-2296,Private      ,43,12,55,4001,196,4197
00163400,AURORA UNIVERSITY                       ,IL,60506-4892,Private      ,51,176,227,3009,2930,5939
00163600,SOUTHWESTERN ILLINOIS COLLEGE           ,IL,62221-5899,Public       ,363,968,1331,4232,7538,11770
00163800,BLACK HAWK COLLEGE                      ,IL,61265-5899,Public       ,156,458,614,2303,3518,5821
00163900,BLACKBURN COLLEGE                       ,IL,62626-1498,Private      ,13,8,21,825,153,978
00164000,PRAIRIE STATE COLLEGE                   ,IL,60411-8226,Public       ,185,556,741,2771,5265,8036
00164100,BRADLEY UNIVERSITY                      ,IL,61625-0002,Private      ,62,69,131,7131,1294,8425
00164300,SPOON RIVER COLLEGE                     ,IL,61520-8907,Public       ,35,103,138,786,969,1755
00164700,CITY COLLEGES OF CHICAGO                ,IL,60606-6998,Public       ,33,117,150,858,1522,2380
00164800,TRUMAN COLLEGE                          ,IL,60640-5691,Public       ,215,745,960,4063,6455,10518
00164900,RICHARD J DALEY COLLEGE                 ,IL,60652-1299,Public       ,185,476,661,3279,5352,8631
00165000,CITY COLLEGES OF CHICAGO-MALCOLM X      ,IL,60612-3197,Public       ,179,775,954,3552,7951,11503
00165200,HAROLD WASHINGTON COLLEGE               ,IL,60601-2403,Public       ,365,883,1248,6839,8537,15376
00165400,KENNEDY KING COLLEGE                    ,IL,60621-3798,Public       ,205,1059,1264,3973,10096,14069
00165500,WRIGHT COLLEGE                          ,IL,60634-1591,Public       ,308,674,982,5835,6618,12453
00165700,MIDWESTERN UNIVERSITY                   ,IL,60515-1200,Private      ,3,40,43,152,2940,3092
00165900,ROSALIND FRANKLIN UNIVERSITY OF MEDICINE,IL,60064-3095,Private      ,2,49,51,37,2388,2425
00166100,CHICAGO THEOLOGICAL SEMINARY            ,IL,60637-0000,Private      ,2,7,9,26,207,233
00166300,SPERTUS COLLEGE                         ,IL,60605-1995,Private      ,0,14,14,8,80,88
00166400,UNIVERSITY OF ST FRANCIS                ,IL,60435-6188,Private      ,35,163,198,1573,1902,3475
00166500,COLUMBIA COLLEGE                        ,IL,60605-1996,Private      ,393,349,742,14003,5652,19655
00166600,CONCORDIA UNIVERSITY                    ,IL,60305-1499,Private      ,33,401,434,2375,3681,6056
00166900,DANVILLE AREA COMMUNITY COLLEGE         ,IL,61832-5199,Public       ,58,232,290,1067,2133,3200
00167100,DEPAUL UNIVERSITY                       ,IL,60604-2287,Private      ,357,1023,1380,18396,17868,36264
00167400,EASTERN ILLINOIS UNIVERSITY             ,IL,61920-3099,Public       ,239,225,464,11556,3871,15427
00167500,ELGIN COMMUNITY COLLEGE                 ,IL,60123-7193,Public       ,307,690,997,3805,5054,8859
00167600,ELMHURST COLLEGE                        ,IL,60126-3296,Private      ,80,74,154,3797,1322,5119
00167800,EUREKA COLLEGE                          ,IL,61530-9976,Private      ,17,7,24,1099,259,1358
00168100,HIGHLAND COMMUNITY COLLEGE              ,IL,61032-9341,Public       ,58,186,244,997,1509,2506
00168200,GARRETT-EVANGELICAL THEOLOGICAL SEM     ,IL,60201-0000,Private      ,1,6,7,3,225,228
00168400,GREENVILLE COLLEGE                      ,IL,62246-1199,Private      ,19,56,75,1610,840,2450
00168500,HEBREW THEOLOGICAL COLLEGE              ,IL,60077-3263,Private      ,6,0,6,440,26,466
00168800,ILLINOIS COLLEGE                        ,IL,62650-2299,Private      ,19,8,27,1416,155,1571
00168900,ILLINOIS COLLEGE OF OPTOMETRY           ,IL,60616-3878,Private      ,0,4,4,24,710,734
00169100,ILLINOIS INSTITUTE OF TECHNOLOGY        ,IL,60616-0000,Private      ,63,166,229,2600,2336,4936
00169101,ILLINOIS INSTITUTE OF TECHNOLOGY - IIT D,IL,60661-3691,Private      ,0,0,0,468,646,1114
00169103,CHICAGO KENT COLLEGE OF LAW             ,IL,60661-0000,Private      ,1,24,25,40,2262,2302
00169200,ILLINOIS STATE UNIVERSITY               ,IL,61790-1000,Public       ,373,251,624,21083,5194,26277
00169300,NORTHEASTERN ILLINOIS UNIV              ,IL,60625-4699,Public       ,229,510,739,7401,8305,15706
00169400,CHICAGO STATE UNIVERSITY                ,IL,60628-1598,Public       ,166,818,984,6310,12218,18528
00169600,ILLINOIS WESLEYAN UNIVERSITY            ,IL,61701-0000,Private      ,30,20,50,3259,195,3454
00169800,JOHN MARSHALL LAW SCHOOL                ,IL,60604-0000,Private      ,6,105,111,53,2830,2883
00169900,JOLIET JUNIOR COLLEGE                   ,IL,60431-8938,Public       ,432,907,1339,7151,7704,14855
00170000,JUDSON UNIVERSITY                       ,IL,60123-1498,Private      ,20,74,94,1007,850,1857
00170100,KASKASKIA COLLEGE                       ,IL,62801-7878,Public       ,118,287,405,1600,2641,4241
00170300,KENDALL COLLEGE                         ,IL,60622-4278,Proprietary  ,60,243,303,1324,2654,3978
00170400,KNOX COLLEGE                            ,IL,61401-4999,Private      ,34,5,39,2241,116,2357
00170500,ILLINOIS VALLEY COMMUNITY COLLEGE       ,IL,61348-9692,Public       ,106,237,343,1581,2160,3741
00170600,LAKE FOREST COLLEGE                     ,IL,60045-2399,Private      ,23,16,39,1841,199,2040
00170700,LEWIS UNIVERSITY                        ,IL,60446-2200,Private      ,102,349,451,4601,3770,8371
00170800,LINCOLN CHRISTIAN UNIVERSITY            ,IL,62656-2167,Private      ,18,39,57,497,651,1148
00170900,LINCOLN COLLEGE                         ,IL,62656-1699,Private      ,39,42,81,1416,707,2123
00171000,LOYOLA UNIVERSITY CHICAGO               ,IL,60626-0000,Private      ,271,536,807,16012,12272,28284
00171002,LOYOLA STRITCH SCHOOL OF MEDICINE       ,IL,60153-0000,Private      ,0,0,0,32,460,492
00171200,LUTHERAN SCHOOL OF THEOL AT CHICAGO     ,IL,60615-0000,Private      ,0,3,3,5,144,149
00171600,MACCORMAC COLLEGE                       ,IL,60602-4405,Private      ,3,16,19,55,225,280
00171700,MACMURRAY COLLEGE                       ,IL,62650-2590,Private      ,13,14,27,609,300,909
00172100,MCCORMICK THEOLOGICAL SEMINARY          ,IL,60615-5108,Private      ,1,8,9,8,156,164
00172200,MCKENDREE UNIVERSITY                    ,IL,62254-1299,Private      ,28,129,157,1833,1629,3462
00172300,MEADVILLE LOMBARD THEOLOGICAL SCHOOL    ,IL,60637-1602,Private      ,0,6,6,1,91,92
00172400,MILLIKIN UNIVERSITY                     ,IL,62522-2084,Private      ,39,56,95,2906,930,3836
00172500,MONMOUTH COLLEGE                        ,IL,61462-1963,Private      ,26,6,32,2065,135,2200
00172700,MOODY BIBLE INSTITUTE                   ,IL,60610-3214,Private      ,79,129,208,1119,776,1895
00172800,MORTON COLLEGE                          ,IL,60804-4398,Public       ,136,269,405,2270,2362,4632
00173200,NATIONAL UNIV OF HEALTH SCIENCES        ,IL,60148-4583,Private      ,6,54,60,77,1062,1139
00173300,NATIONAL-LOUIS UNIVERSITY               ,IL,60603-3032,Private      ,16,635,651,368,7242,7610
00173400,NORTH CENTRAL COLLEGE                   ,IL,60540-4690,Private      ,48,73,121,3453,997,4450
00173500,NORTH PARK UNIVERSITY                   ,IL,60625-4895,Private      ,58,167,225,2719,1869,4588
00173600,NORTHERN BAPTIST THEOL SEMINARY         ,IL,60148-0000,Private      ,0,6,6,3,59,62
00173700,NORTHERN ILLINOIS UNIVERSITY            ,IL,60115-2854,Public       ,434,557,991,23345,11125,34470
00173900,NORTHWESTERN UNIV                       ,IL,60208-0001,Private      ,280,471,751,18155,11406,29561
00174100,OLIVET NAZARENE UNIVERSITY              ,IL,60914-2271,Private      ,34,269,303,3362,2141,5503
00174200,IL EASTERN COMM COLGS-OLNEY CENTRAL     ,IL,62450-1099,Public       ,28,93,121,644,895,1539
00174500,QUINCY UNIVERSITY                       ,IL,62301-2699,Private      ,19,64,83,1578,1220,2798
00174600,ROBERT MORRIS UNIVERSITY ILLINOIS       ,IL,60605-1225,Private      ,143,403,546,5513,6448,11961
00174700,ROCK VALLEY COLLEGE                     ,IL,61114-5699,Public       ,275,780,1055,3555,6562,10117
00174800,ROCKFORD COLLEGE                        ,IL,61108-2393,Private      ,26,131,157,1087,1505,2592
00174900,ROOSEVELT UNIVERSITY                    ,IL,60605-1394,Private      ,121,541,662,4925,8024,12949
00175000,DOMINICAN UNIVERSITY                    ,IL,60305-1066,Private      ,38,129,167,2847,2178,5025
00175200,SAUK VALLEY COMMUNITY COLLEGE           ,IL,61021-9112,Public       ,68,205,273,1161,1455,2616
00175300,SCHOOL OF ART INSTITUTE OF CHICAGO      ,IL,60603-3013,Private      ,103,102,205,3884,2749,6633
00175400,SEABURY-WESTERN THEO SEMINARY           ,IL,60201-0000,Private      ,0,0,0,2,1,3
00175600,SHIMER COLLEGE                          ,IL,60616-3893,Private      ,3,3,6,179,70,249
00175700,SOUTHEASTERN ILLINOIS COLLEGE           ,IL,62946-4925,Public       ,43,112,155,775,1017,1792
00175800,SOUTHERN ILL UNIV-CARBONDALE            ,IL,62901-0000,Public       ,351,507,858,16228,9187,25415
00175900,SOUTHERN ILL UNIV-EDWARDSVILLE          ,IL,62026-1060,Public       ,267,346,613,11663,6400,18063
00175924,SO IL UNIV-SCHL OF DENTAL MEDICINE      ,IL,62002-0000,Public       ,2,1,3,14,200,214
00176100,SPRINGFIELD COLLEGE IN ILLINOIS         ,IL,62702-2694,Private      ,10,31,41,381,528,909
00176500,UNIVERSITY OF ST MARY OF THE LAKE       ,IL,60060-0000,Private      ,1,5,6,2,16,18
00176700,BENEDICTINE UNIVERSITY                  ,IL,60532-0900,Private      ,54,414,468,2903,4416,7319
00176800,ST XAVIER UNIVERSITY                    ,IL,60655-3199,Private      ,82,266,348,4768,3816,8584
00176900,SOUTH SUBURBAN COLLEGE                  ,IL,60473-9978,Public       ,236,855,1091,3131,8091,11222
00177100,TRINITY CHRISTIAN COLLEGE               ,IL,60463-0929,Private      ,27,53,80,1310,999,2309
00177200,TRINITY INTERNATIONAL UNIVERSITY        ,IL,60015-1283,Private      ,17,71,88,911,1264,2175
00177300,TRITON COLLEGE                          ,IL,60171-1995,Public       ,231,563,794,4147,5833,9980
00177400,UNIVERSITY OF CHICAGO                   ,IL,60637-1476,Private      ,303,159,462,14441,3420,17861
00177401,UNIV OF CHICAGO PRITZKER SCH OF MED     ,IL,60637-0000,Private      ,5,2,7,60,644,704
00177403,"UNIV OF CHICAGO, GRAD SCH OF BUS        ",IL,60637-0000,Private      ,7,111,118,55,1421,1476
00177405,UNIVERSITY OF CHICAGO GRADUATE          ,IL,60637-0000,Private      ,10,141,151,152,5938,6090
00177500,UNIV OF ILLINOIS @ URBANA-CHAMPAIGN     ,IL,61820-5796,Public       ,344,317,661,28777,9954,38731
00177600,UNIV OF ILLINOIS AT CHICAGO             ,IL,60607-0000,Public       ,441,801,1242,22604,18054,40658
00177800,VANDERCOOK COLLEGE OF MUSIC             ,IL,60616-3731,Private      ,2,2,4,193,99,292
00177900,IL EASTERN COMM COLGS-WABASH VALLEY     ,IL,62863-2699,Public       ,10,52,62,475,592,1067
00178000,WESTERN ILLINOIS UNIVERSITY             ,IL,61455-1390,Public       ,243,236,479,11266,4278,15544
00178100,WHEATON COLLEGE                         ,IL,60187-5535,Private      ,32,26,58,2830,684,3514
00178300,WORSHAM COLLEGE OF MORTUARY SCIENCE     ,IL,60090-2646,Proprietary  ,1,12,13,72,158,230
00396100,HARPER COLLEGE                          ,IL,60067-7398,Public       ,310,728,1038,5584,5862,11446
00418100,ADVOCATE TRINITY HOSPITAL SCHOOL OF RADI,IL,60617-3982,Private      ,0,22,22,62,249,311
00456000,GEM CITY COLLEGE                        ,IL,62301-4949,Proprietary  ,5,9,14,26,71,97
00456800,MIDSTATE COLLEGE                        ,IL,61614-3558,Proprietary  ,8,118,126,121,1084,1205
00512732,BROWN MACKIE COLLEGE-CINCINNATI - BROWN ,IL,61265-7062,Proprietary  ,33,95,128,129,572,701
00621400,BLESSING RIEMAN COLLEGE OF NURSING      ,IL,62301-0000,Private      ,3,8,11,82,116,198
00621401,BLESSING HOSPITAL - SCHOOL OF MEDICAL LA,IL,62305-7005,Private      ,1,2,3,5,20,25
00621402,BLESSING HOSPITAL - SCHOOL OF RADIOLOGIC,IL,62305-7005,Private      ,1,4,5,16,23,39
00621403,BLESSING HOSPITAL - COLLEGE OF NURSING  ,IL,62305-7005,Private      ,0,0,0,22,27,49
00622500,TRINITY COLLEGE OF NURSING AND HEALTH SC,IL,61201-5317,Private      ,3,9,12,113,258,371
00622800,METHODIST MED CTR OF ILL SCH NRSNG      ,IL,61636-0000,Private      ,15,34,49,257,525,782
00624000,ST FRANCIS MED CLG OF NRSG              ,IL,61603-3783,Private      ,2,20,22,216,400,616
00665600,COLLEGE OF DUPAGE                       ,IL,60137-6599,Public       ,546,1023,1569,8764,9432,18196
00675300,ILLINOIS CENTRAL COLLEGE                ,IL,61635-0001,Public       ,237,682,919,4392,6670,11062
00693100,WAUBONSEE COMMUNITY COLLEGE             ,IL,60554-0000,Public       ,189,457,646,2709,3815,6524
00711800,PARKLAND COLLEGE                        ,IL,61821-1899,Public       ,258,564,822,4526,4586,9112
00711900,REND LAKE COLLEGE                       ,IL,62846-9801,Public       ,63,218,281,1403,1785,3188
00717000,LINCOLN LAND COMMUNITY COLLEGE          ,IL,62794-9256,Public       ,202,603,805,2674,4601,7275
00726500,CARL SANDBURG COLLEGE                   ,IL,61401-9576,Public       ,73,209,282,1043,1850,2893
00754900,COYNE AMERICAN INSTITUTE                ,IL,60607-1300,Proprietary  ,43,188,231,419,1443,1862
00764400,LAKE LAND COLLEGE                       ,IL,61938-9366,Public       ,91,312,403,2390,2883,5273
00768400,KISHWAUKEE COLLEGE                      ,IL,60150-9699,Public       ,113,240,353,2191,2411,4602
00769000,KANKAKEE COMMUNITY COLLEGE              ,IL,60901-6505,Public       ,100,332,432,1592,3045,4637
00769100,MCHENRY COUNTY COLLEGE                  ,IL,60012-2761,Public       ,164,310,474,2741,2329,5070
00769200,MORAINE VALLEY COMMUNITY COLLEGE        ,IL,60465-0937,Public       ,330,609,939,6064,5790,11854
00769300,SHAWNEE COMMUNITY COLLEGE               ,IL,62992-9725,Public       ,28,167,195,856,1478,2334
00769400,COLLEGE OF LAKE COUNTY                  ,IL,60030-1198,Public       ,349,747,1096,4247,5842,10089
00793700,MS ROBERTS ACADEMY OF BEAUTY CULT       ,IL,60181-2930,Proprietary  ,2,13,15,31,69,100
00807600,JOHN A LOGAN COLLEGE                    ,IL,62918-2500,Public       ,121,372,493,2245,3032,5277
00814604,EVEREST UNIVERSITY - EVEREST  COLLEGE   ,IL,60803-4517,Proprietary  ,30,167,197,203,1087,1290
00825900,EDUCATORS OF BEAUTY                     ,IL,61081-3611,Proprietary  ,9,45,54,61,161,222
00825901,EDUCATORS OF BEAUTY                     ,IL,61104-0000,Proprietary  ,1,12,13,25,119,144
00832800,ALVAREITA'S COLLEGE OF COSMETOLOGY      ,IL,62025-2041,Proprietary  ,6,21,27,42,130,172
00854500,ROCKFORD BUSINESS COLLEGE               ,IL,61103-0000,Proprietary  ,33,169,202,233,1198,1431
00869402,RASMUSSEN COLLEGE - ROCKFORD            ,IL,61108-2513,Proprietary  ,28,196,224,416,2056,2472
00869403,RASMUSSEN COLLEGE - AURORA              ,IL,60506-6219,Proprietary  ,22,80,102,226,787,1013
00869404,RASMUSSEN COLLEGE - ROMEOVILLE          ,IL,60446-0000,Proprietary  ,21,82,103,182,628,810
00869418,RASMUSSEN COLLEGE -  MOKENA             ,IL,60448-0000,Proprietary  ,15,44,59,23,102,125
00888000,MORRISON INSTITUTE OF TECHNOLOGY        ,IL,61270-2959,Private      ,4,3,7,123,40,163
00893800,GRAHAM HOSPITAL SCH OF NURSING          ,IL,61520-2497,Private      ,0,0,0,28,91,119
00893900,CANNELLA SCHOOL OF HAIR DESIGN          ,IL,60406-2130,Proprietary  ,3,9,12,41,154,195
00914500,GOVERNORS STATE UNIVERSITY              ,IL,60466-0975,Public       ,35,442,477,1049,6836,7885
00923200,CATHOLIC THEOLOGICAL UNION              ,IL,60615-0000,Private      ,0,5,5,5,80,85
00933300,UNIV OF ILLINOIS AT SPRINGFIELD         ,IL,62703-5407,Public       ,46,170,216,2345,3245,5590
00947500,EDUCATORS OF BEAUTY                     ,IL,61301-2404,Proprietary  ,2,8,10,27,70,97
00959500,CANNELLA SCHOOL OF HAIR DESIGN          ,IL,60617-4303,Proprietary  ,11,24,35,71,172,243
00976700,OLIVE-HARVEY COLLEGE                    ,IL,60628-1696,Public       ,90,444,534,1939,5268,7207
00978600,IL EASTERN COMM COLGS-LINCOLN TRAIL     ,IL,62454-5708,Public       ,15,35,50,420,447,867
00980000,RUSH UNIVERSITY                         ,IL,60612-3806,Private      ,18,112,130,274,2887,3161
00989600,OAKTON COMMUNITY COLLEGE                ,IL,60016-1268,Public       ,202,410,612,3511,3540,7051
00998700,SAINT ANTHONY COLLEGE OF NURSING        ,IL,61108-2468,Private      ,7,33,40,157,367,524
01002000,LEWIS AND CLARK COMMUNITY COLLEGE       ,IL,62035-2466,Public       ,175,387,562,2171,3111,5282
01031600,LINCOLN COLLEGE OF TECHNOLOGY           ,IL,60160-1605,Proprietary  ,80,163,243,1142,1305,2447
01050100,LAKEVIEW  COLLEGE OF NURSING            ,IL,61832-3781,Private      ,7,20,27,163,262,425
01069500,TRI-COUNTY BEAUTY ACADEMY               ,IL,62056-2036,Proprietary  ,0,8,8,10,46,56
01071000,CAPITAL AREA SCH OF PRAC NRSG           ,IL,62707-0000,Public       ,10,55,65,82,543,625
01072700,DEVRY UNIVERSITY                        ,IL,60618-5994,Proprietary  ,1691,9465,11156,23162,91335,114497
01083600,PIVOT POINT INTNL CSMTLGY RSRCH CTR     ,IL,60626-0000,Proprietary  ,54,84,138,412,575,987
01087900,RICHLAND COMMUNITY COLLEGE              ,IL,62521-8513,Public       ,77,294,371,995,2387,3382
01102401,EVEREST COLLEGE - CHICAGO               ,IL,60604-2052,Proprietary  ,69,261,330,637,2098,2735
01151002,EVEREST INSTITUTE - EVEREST COLLEGE     ,IL,60542-1610,Proprietary  ,19,111,130,185,692,877
01181000,TAYLOR BUSINESS INSTITUTE               ,IL,60606-5111,Proprietary  ,8,32,40,47,263,310
01185800,EVEREST COLLEGE                         ,IL,60077-1074,Proprietary  ,36,170,206,379,1129,1508
01185802,EVEREST COLLEGE - BURR RIDGE            ,IL,60527-7826,Proprietary  ,25,122,147,135,544,679
01236200,NORTHWESTERN COLLEGE                    ,IL,60630-2298,Proprietary  ,109,413,522,1828,4042,5870
01238500,BLOOMINGTON-NORMAL SCH RADIOGRAPHY      ,IL,61761-4604,Private      ,2,3,5,22,36,58
01258400,ILLINOIS INSTITUTE OF ART (THE)         ,IL,60654-1593,Proprietary  ,390,454,844,5694,4576,10270
01281300,JOHN WOOD COMMUNITY COLLEGE             ,IL,62305-0401,Public       ,63,188,251,1256,1655,2911
01308700,CAPRI GARFIELD RIDGE SCH OF BTY CLR     ,IL,60629-1613,Proprietary  ,6,29,35,73,217,290
01308800,CAPRI OAK FOREST COLLEGE OF BEAUTY      ,IL,60452-2798,Proprietary  ,7,23,30,124,199,323
02055200,HARRINGTON COLLEGE OF DESIGN            ,IL,60606-3433,Proprietary  ,40,95,135,657,939,1596
02068100,ADLER SCH OF PROFESSIONAL PSYCHLGY      ,IL,60601-0000,Private      ,3,46,49,57,1272,1329
02069300,VATTEROTT COLLEGE                       ,IL,62305-5938,Proprietary  ,11,64,75,165,663,828
02073200,TELSHE YESHIVA-CHICAGO                  ,IL,60625-0000,Private      ,2,1,3,32,9,41
02074400,IL EASTERN COMM COLGS-FRONTIER          ,IL,62837-0000,Public       ,13,45,58,195,468,663
02075400,KELLER GRADUATE SCHOOL OF MGMT.         ,IL,60515-5683,Proprietary  ,3,2002,2005,59,19981,20040
02113600,AMERICAN INTERCONTINENTAL UNIVERSITY    ,IL,60192-3713,Proprietary  ,390,5292,5682,2486,40750,43236
02117400,BECK AREA CAREER CENTER                 ,IL,62278-0000,Public       ,8,27,35,31,182,213
02124400,UNIVERSITY OF SPA & COSMETOLOGY ART     ,IL,62704-0000,Proprietary  ,14,24,38,106,180,286
02150600,COSMETOLOGY AND SPA INSTITUTE (THE)     ,IL,60014-4003,Proprietary  ,9,29,38,97,187,284
02155300,THE CHICAGO SCHOOL OF PROF PSYCHOLOGY   ,IL,60610-4705,Private      ,6,350,356,58,4679,4737
02160300,INTERNATIONAL ACAD OF DESIGN & TECH     ,IL,60602-3319,Proprietary  ,76,126,202,1052,1460,2512
02160304,INTERNATIONAL ACADEMY OF DESIGN AND TECH,IL,60173-5160,Proprietary  ,14,15,29,222,313,535
02168600,EAST WEST UNIVERSITY                    ,IL,60605-0000,Private      ,32,77,109,1172,1718,2890
02179900,ARGOSY UNIVERSITY                       ,IL,60601-7757,Proprietary  ,1326,6520,7846,8913,49408,58321
02185400,ST AUGUSTINE COLLEGE                    ,IL,60640-0000,Private      ,34,168,202,526,2066,2592
02192400,MR JOHNS SCHOOL OF COSMETOLOGY          ,IL,62521-0000,Proprietary  ,2,14,16,26,96,122
02202600,CANNELLA SCHOOL OF HAIR DESIGN          ,IL,60181-1321,Proprietary  ,2,8,10,20,103,123
02214100,WEST SUBURBAN COLLEGE OF NURSING        ,IL,60302-2519,Private      ,6,25,31,121,465,586
02228100,MAC DANIEL'S BEAUTY SCHOOL              ,IL,60640-0000,Proprietary  ,4,8,12,38,98,136
02261200,HAIR PROFESSIONALS ACAD COSMETOLOGY     ,IL,60118-0000,Proprietary  ,16,36,52,75,243,318
02261201,HAIR PROFESSIONALS ACADEMY OF COSMETOLOG,IL,60118-9333,Proprietary  ,1,1,2,3,13,16
02262100,HAIR PROFESSIONALS SCH COSMETOLOGY      ,IL,60543-0000,Proprietary  ,1,14,15,40,93,133
02291200,CANNELLA SCHOOL OF HAIR DESIGN          ,IL,60639-0000,Proprietary  ,6,22,28,68,210,278
02295500,CANNELLA SCHOOL OF HAIR DESIGN          ,IL,60120-0000,Proprietary  ,3,6,9,24,93,117
02297500,OEHRLEIN SCHOOL OF COSMETOLOGY          ,IL,61611-0000,Proprietary  ,4,15,19,42,106,148
02312300,LA' JAMES COLLEGE HAIRSTYLING           ,IL,61244-0000,Proprietary  ,4,11,15,28,53,81
02313900,WESTWOOD COLLEGE - O'HARE AIRPORT       ,IL,60631-2801,Proprietary  ,30,94,124,610,1135,1745
02317300,CONCEPT COLLEGE OF COSMETOLOGY          ,IL,61832-0000,Proprietary  ,10,16,26,58,106,164
02319200,LAKE FOREST GRAD SCHL OF MGMT           ,IL,60045-4824,Private      ,1,50,51,9,336,345
02323300,PROFESSIONAL'S CHOICE HAIR DSN ACAD     ,IL,60435-0000,Proprietary  ,5,21,26,28,82,110
02332200,HAIR PROFESSIONALS CAREER COLLEGE       ,IL,60178-0000,Proprietary  ,1,8,9,15,76,91
02337800,THE COLLEGE OF OFFICE TECHNOLOGY        ,IL,60622-0000,Proprietary  ,35,145,180,202,600,802
02349400,ALVAREITA'S COLLEGE OF COSMETOLOGY      ,IL,62035-0000,Proprietary  ,4,15,19,27,74,101
02349500,CANNELLA SCHOOL OF HAIR DESIGN          ,IL,60632-0000,Proprietary  ,6,17,23,63,154,217
02352200,LE CORDON BLEU COLLEGE OF CULINARY ARTS ,IL,60610-3050,Proprietary  ,73,250,323,881,1738,2619
02498200,G SKIN & BEAUTY INSTITUTE               ,IL,60523-1805,Proprietary  ,12,53,65,68,223,291
02498201,HAIR PROFESSIONALS ACADEMY OF COSMETOLOG,IL,60563-0000,Proprietary  ,0,6,6,21,53,74
02522800,FOX COLLEGE                             ,IL,60453-0000,Proprietary  ,19,44,63,540,459,999
02527600,LEXINGTON COLLEGE                       ,IL,60607-0000,Private      ,5,7,12,89,80,169
02536700,BELL MAR BEAUTY COLLEGE                 ,IL,60650-0000,Proprietary  ,3,15,18,18,67,85
02556100,ENVIRONMENTAL TECHNICAL INSTITUTE       ,IL,60143-0000,Proprietary  ,16,71,87,85,351,436
02556600,NILES SCHOOL OF COSMETOLOGY             ,IL,60714-0000,Proprietary  ,6,11,17,31,87,118
02570305,LOS ANGELES ORT TECHNICAL INSTITUTE -D/B,IL,60077-0000,Private      ,0,0,0,0,3,3
02573700,INSTITUTE FOR CLINICAL SOCIAL WORK      ,IL,60601-0000,Private      ,1,16,17,9,175,184
02579200,INGALLS MEMORIAL HOSPITAL               ,IL,60426-0000,Private      ,0,3,3,7,65,72
02584900,"FIRST INSTITUTE, INC.                   ",IL,60014-7489,Proprietary  ,8,68,76,69,351,420
02587700,HAIR PROFESSIONALS CAREER COLLEGE       ,IL,60465-1929,Proprietary  ,6,18,24,52,116,168
02599500,HANOVER PARK COLLEGE OF BEAUTY CULT     ,IL,60133-5421,Proprietary  ,13,14,27,67,112,179
02622700,KNOWLEDGE SYSTEMS INSTITUTE             ,IL,60076-0000,Private      ,0,0,0,1,8,9
03002000,HAIRMASTERS INST OF COSMETOLOGY         ,IL,61701-5547,Proprietary  ,1,17,18,32,81,113
03027702,PACIFIC COLLEGE OF ORIENTAL MEDICINE - C,IL,60613-4418,Proprietary  ,4,73,77,24,323,347
03065300,TREND SETTERS COLL OF COSMETOLOGY       ,IL,60915-2101,Proprietary  ,30,50,80,161,208,369
03072701,WESTWOOD COLLEGE OF TECHNOLOGY          ,IL,60409-0000,Proprietary  ,20,113,133,336,1114,1450
03072702,WESTWOOD COLLEGE OF TECHNOLOGY          ,IL,60602-0000,Proprietary  ,29,133,162,678,1669,2347
03078400,CAMEO BEAUTY ACADEMY                    ,IL,60453-3196,Proprietary  ,5,15,20,59,117,176
03079200,WESTWOOD COLLEGE - DUPAGE               ,IL,60517-2321,Proprietary  ,28,60,88,501,691,1192
03082900,ROSEL SCHOOL OF COSMETOLOGY             ,IL,60659-1913,Proprietary  ,7,18,25,48,114,162
03083800,HEARTLAND COMMUNITY COLLEGE             ,IL,61761-9446,Public       ,121,328,449,2216,2686,4902
03098000,ST JOHN'S COLLEGE OF NURSING            ,IL,62702-5321,Private      ,1,11,12,125,141,266
03098002,ST JOHN'S HOSP SCH MED TECH             ,IL,62769-5324,Private      ,1,5,6,19,44,63
03099700,CAIN'S BARBER COLLEGE                   ,IL,60615-3510,Proprietary  ,11,59,70,124,384,508
03099800,ILLINOIS SCHOOL OF HEALTH CAREERS       ,IL,60604-0000,Proprietary  ,47,160,207,370,1001,1371
03101800,ILLINOIS CENTER FOR BROADCASTING        ,IL,60148-7015,Proprietary  ,25,92,117,134,421,555
03128300,PYRAMID CAREER INSTITUTE                ,IL,60657-4207,Proprietary  ,1,3,4,4,16,20
03128500,NATIONAL LATINO EDUCATION INSTITUTE     ,IL,60609-2205,Private      ,8,21,29,44,113,157
03199300,CHRISTIAN LIFE COLLEGE                  ,IL,60056-2522,Private      ,0,4,4,26,22,48
03368300,MIDWEST TECHNICAL INSTITUTE             ,IL,62707-8805,Proprietary  ,70,290,360,482,1927,2409
03416300,COMPUTER SYSTEMS INSTITUTE              ,IL,60077-0000,Proprietary  ,40,229,269,265,1152,1417
03448300,BUSINESS INDUSTRIAL RESOURCES           ,IL,60659-1298,Proprietary  ,17,235,252,80,941,1021
03455700,CORTIVA INSTITUTE - CHICAGO             ,IL,60602-3315,Proprietary  ,28,101,129,209,619,828
03455701,CORTIVA INSTITUTE - CHICAGO             ,IL,60014-6285,Proprietary  ,1,6,7,16,45,61
03510300,ERIKSON INSTITUTE                       ,IL,60654-4510,Private      ,0,13,13,6,343,349
03623300,VEE'S SCHOOL OF BEAUTY CULTURE          ,IL,62205-2326,Proprietary  ,3,7,10,6,25,31
03643300,"MR. JOHN'S SCHOOL OF JACKSONVILLE,  INC,",IL,62650-3488,Proprietary  ,3,8,11,14,45,59
03684300,NORTHSHORE UNIVERSITY HEALTHSYSTEM SCHOO,IL,60201-9872,Private      ,1,6,7,25,72,97
03721400,AMERICAN CAREER COLLEGE                 ,IL,60402-0000,Proprietary  ,5,22,27,39,160,199
03881400,EUROPEAN MASSAGE THERAPY SCHOOL         ,IL,60077-2269,Proprietary  ,3,22,25,21,144,165
03891300,SOMA INSTITUTE - THE NATIONAL SCHOOL OF ,IL,60604-4466,Proprietary  ,8,59,67,78,278,356
03914300,"CALC, INSTITUTE OF TECHNOLOGY           ",IL,62002-5931,Proprietary  ,2,22,24,32,226,258
04117500,SOLEX MEDICAL ACADEMY                   ,IL,60090-3104,Proprietary  ,0,5,5,8,73,81
04118400,ZAREM /GOLDE ORT TECHNICAL INSTITUTE    ,IL,60077-3210,Private      ,22,122,144,60,439,499
04124700,AMERICARE INSTITUTE                     ,IL,60133-5456,Proprietary  ,19,69,88,114,597,711
04136900,UNIVERSITY OF AESTHETICS (THE)          ,IL,60622-2151,Proprietary  ,0,6,6,13,44,57
04137000,UNIVERSITY OF AESTHETICS (THE)          ,IL,60515-5602,Proprietary  ,0,2,2,5,23,28
04137500,TRICOCI UNIVERSITY OF BEAUTY CULTURE    ,IL,60656-1805,Proprietary  ,18,35,53,175,295,470
04139000,CITI COLLEGE OF ALLIED HEALTH           ,IL,60602-1032,Proprietary  ,1,38,39,77,492,569
04141000,AVEDA INSTITUTE CHICAGO                 ,IL,60647-0000,Proprietary  ,9,26,35,141,272,413
04147100,TRICOCI UNIVERSITY OF BEAUTY CULTURE    ,IL,60048-2906,Proprietary  ,9,21,30,66,157,223
04147200,TRICOCI UNIVERSITY OF BEAUTY CULTURE    ,IL,60455-1824,Proprietary  ,7,35,42,70,199,269
04147300,TRICOCI UNIVERSITY OF BEAUTY CULTURE    ,IL,60139-3119,Proprietary  ,4,16,20,57,72,129
04147400,TRICOCI UNIVERSITY OF BEAUTY CULTURE    ,IL,61614-4831,Proprietary  ,5,21,26,40,100,140
04147500,TRICOCI UNIVERSITY OF BEAUTY CULTURE    ,IL,61108-2337,Proprietary  ,14,39,53,76,235,311
04160600,PAUL MITCHELL THE SCHOOL NORMAL         ,IL,61761-0000,Proprietary  ,12,35,47,100,144,244
04167800,INNOVATIONS DESIGN ACADEMY              ,IL,61520-2625,Proprietary  ,1,6,7,10,47,57
04168500,SOLEX COLLEGE                           ,IL,60090-3192,Proprietary  ,2,34,36,3,56,59
04170800,UNITY COSMETOLOGY COLLEGE               ,IL,61764-9652,Proprietary  ,0,13,13,10,42,52
04171600,SALON PROFESSIONAL ACADEMY OF ELGIN (THE,IL,60123-2319,Proprietary  ,8,17,25,8,17,25
04174900,SKIN CARE AND SPA INSTITUTE             ,IL,60077-2200,Proprietary  ,2,29,31,8,55,63
04175000,UNIVERSAL SPA TRAINING ACADEMY          ,IL,60515-0000,Proprietary  ,3,12,15,5,46,51
00195100,ALICE LLOYD COLLEGE                     ,KY,41844-9703,Private      ,23,14,37,907,172,1079
00195200,ASBURY COLLEGE                          ,KY,40390-1198,Private      ,32,52,84,1640,564,2204
00195300,ASBURY THEOLOGICAL SEMINARY             ,KY,40390-0000,Private      ,0,82,82,21,1415,1436
00195400,BELLARMINE UNIVERSITY                   ,KY,40205-1877,Private      ,73,138,211,3862,1755,5617
00195500,BEREA COLLEGE                           ,KY,40403-0000,Private      ,46,41,87,2815,751,3566
00195800,BRESCIA UNIVERSITY                      ,KY,42301-3023,Private      ,12,52,64,832,616,1448
00195900,CAMPBELLSVILLE UNIVERSITY               ,KY,42718-2799,Private      ,64,146,210,2493,1750,4243
00196000,SPALDING UNIVERSITY                     ,KY,40203-2188,Private      ,41,183,224,864,2810,3674
00196100,CENTRE COLLEGE                          ,KY,40422-1394,Private      ,43,9,52,2252,136,2388
00196200,UNIVERSITY OF THE CUMBERLANDS           ,KY,40769-1372,Private      ,46,172,218,2561,1903,4464
00196300,EASTERN KENTUCKY UNIVERSITY             ,KY,40475-3102,Public       ,305,676,981,12612,9470,22082
00196400,GEORGETOWN COLLEGE                      ,KY,40324-1628,Private      ,48,64,112,2249,879,3128
00196500,KENTUCKY CHRISTIAN UNIVERSITY           ,KY,41143-2205,Private      ,14,7,21,744,186,930
00196800,KENTUCKY STATE UNIVERSITY               ,KY,40601-2355,Public       ,88,142,230,3813,2081,5894
00196900,KENTUCKY WESLEYAN COLLEGE               ,KY,42302-0000,Private      ,24,29,53,1182,357,1539
00197100,LEXINGTON THEOLOGICAL SEMINARY          ,KY,40508-0000,Private      ,0,7,7,2,83,85
00197200,LINDSEY WILSON COLLEGE                  ,KY,42728-1223,Private      ,49,127,176,2724,1824,4548
00197400,LOUISVILLE PRESBYTERIAN THEOL SEM       ,KY,40205-0000,Private      ,0,7,7,4,165,169
00197500,MIDWAY COLLEGE                          ,KY,40347-1120,Private      ,15,171,186,680,2054,2734
00197600,MOREHEAD STATE UNIVERSITY               ,KY,40351-1689,Public       ,177,417,594,6270,5470,11740
00197700,MURRAY STATE UNIVERSITY                 ,KY,42071-0009,Public       ,165,332,497,6532,4247,10779
00197900,WEST KENTUCKY CMNTY & TECHNICAL COLG    ,KY,42002-7380,Public       ,134,518,652,1916,4114,6030
00198000,PIKEVILLE COLLEGE                       ,KY,41501-1194,Private      ,39,17,56,1654,483,2137
00198001,PIKEVILLE CLG-SCH OSTEOPATHIC MEDIC     ,KY,41501-0000,Private      ,4,2,6,22,347,369
00198200,SOUTHERN BAPTIST THEOL SEMINARY         ,KY,40280-0000,Private      ,0,0,0,59,214,273
00198300,ST. CATHARINE COLLEGE                   ,KY,40061-9499,Private      ,23,40,63,757,525,1282
00198700,TRANSYLVANIA UNIVERSITY                 ,KY,40508-1797,Private      ,28,16,44,1771,220,1991
00198800,UNION COLLEGE                           ,KY,40906-1499,Private      ,27,107,134,1288,1056,2344
00198900,UNIVERSITY OF KENTUCKY                  ,KY,40506-0054,Public       ,441,571,1012,19207,10002,29209
00198901,UNIV OF KY-COLLEGE OF DENTISTRY         ,KY,40536-0000,Public       ,0,9,9,23,243,266
00198902,UNIV OF KY-COLLEGE OF MEDICINE          ,KY,40536-0000,Public       ,2,17,19,80,562,642
00199000,ASHLAND COMMUNITY AND TECHNICAL COLLEGE ,KY,41101-3683,Public       ,80,344,424,1650,3126,4776
00199100,ELIZABETHTOWN COMMUNITY  AND TECHNICAL C,KY,42701-3081,Public       ,128,617,745,2517,5930,8447
00199300,HENDERSON COMMUNITY COLLEGE             ,KY,42420-4699,Public       ,41,181,222,602,1678,2280
00199400,HOPKINSVILLE COMMUNITY COLLEGE          ,KY,42241-2621,Public       ,83,412,495,1171,4193,5364
00199600,BIG SANDY COMMUNITY AND TECHNICAL COLG  ,KY,41653-1815,Public       ,88,278,366,1996,2930,4926
00199700,SOMERSET COMMUNITY COLLEGE              ,KY,42501-2973,Public       ,164,855,1019,3220,7646,10866
00199800,SOUTHEAST KENTUCKY COMMUNITY AND TECHNIC,KY,40823-1099,Public       ,45,174,219,1217,1932,3149
00199802,CUMBERLAND VLY TEC CLG MIDDLESBORO      ,KY,40965-2265,Public       ,0,0,0,55,53,108
00199804,SOUTHEAST COMMUNITY COLLEGE             ,KY,40831-1796,Public       ,0,0,0,159,209,368
00199900,UNIVERSITY OF LOUISVILLE                ,KY,40292-0000,Public       ,321,750,1071,13840,13198,27038
00200100,THOMAS MORE COLLEGE                     ,KY,41017-3495,Private      ,21,104,125,1512,934,2446
00200200,WESTERN KENTUCKY UNIVERSITY             ,KY,42101-3576,Public       ,396,758,1154,14845,10297,25142
00461800,SPENCERIAN COLLEGE                      ,KY,40216-2605,Proprietary  ,47,259,306,787,2644,3431
00461900,SULLIVAN UNIVERSITY                     ,KY,40205-3000,Proprietary  ,200,633,833,2542,6770,9312
00493402,DAYMAR COLLEGE - BOWLING GREEN          ,KY,42101-4063,Proprietary  ,0,0,0,10,49,59
00493406,DAYMAR COLLEGE - RUSSELLVILLE           ,KY,42276-1622,Proprietary  ,0,0,0,1,0,1
00512729,BROWN MACKIE COLLEGE-CINCINNATI - 279 BU,KY,41017-2136,Proprietary  ,3,17,20,52,224,276
00524400,BLUEGRASS COMMUNITY & TECHNICAL COLLEGE ,KY,40506-0235,Public       ,317,1217,1534,5321,11418,16739
00527100,BOWLING GREEN TECHNICAL COLLEGE         ,KY,42101-3601,Public       ,105,473,578,1308,3577,4885
00527300,GATEWAY COMMUNITY & TECHNOLOGY COLL     ,KY,41011-0000,Public       ,111,472,583,1452,4319,5771
00696000,MAYSVILLE CMNTY & TECHNCL COLG          ,KY,41056-8910,Public       ,70,356,426,1078,3203,4281
00696100,JEFFERSON COMMUNITY AND TECHNICAL COLLEG,KY,40202-2005,Public       ,459,1539,1998,6667,13908,20575
00696200,HAZARD COMMUNITY COLLEGE                ,KY,41701-2402,Public       ,69,238,307,1516,2568,4084
00696203,KY TECH-KNOTT CO. TECHNOLOGY CTR        ,KY,41822-0000,Public       ,1,3,4,8,16,24
00696204,KY TECH-LESLIE COUNTY AREA TECH CTR     ,KY,41749-0000,Public       ,0,0,0,3,10,13
00696205,KY TECH-LEE COUNTY AREA TECH CTR        ,KY,41311-0000,Public       ,1,0,1,2,7,9
00696206,KY TECH-LETCHER CNTY AREA TECH CTR      ,KY,41858-0000,Public       ,0,1,1,17,33,50
00696207,KY TECH-BREATHITT COUNTY VOC ED CTR     ,KY,41339-0000,Public       ,0,3,3,7,30,37
00736205,MEDTECH COLLEGE - LEXINGTON             ,KY,40511-1200,Proprietary  ,6,85,91,62,503,565
00842500,DAYMAR COLLEGE                          ,KY,42001-0000,Proprietary  ,12,93,105,98,683,781
00901000,MADISONVILLE COMMUNITY COLLEGE          ,KY,42431-9199,Public       ,81,333,414,1292,3023,4315
00927500,NORTHERN KENTUCKY UNIVERSITY            ,KY,41099-0001,Public       ,249,521,770,9832,8262,18094
00931300,DAYMAR COLLEGE                          ,KY,42301-5830,Proprietary  ,71,530,601,348,3046,3394
00931302,DAYMAR COLLEGE - LOUISVILLE CAMPUS      ,KY,40219-1973,Proprietary  ,0,0,0,94,585,679
00931304,DAYMAR COLLEGE - ALBANY                 ,KY,42602-1235,Proprietary  ,0,0,0,0,3,3
00931305,DAYMAR COLLEGE - BELLEVUE               ,KY,41073-2416,Proprietary  ,0,0,0,0,1,1
00931307,DAYMAR COLLEGE - PADUCAH                ,KY,42001-4181,Proprietary  ,0,0,0,0,1,1
00931308,DAYMAR COLLEGE -  SCOTTSVILLE           ,KY,42164-1505,Proprietary  ,0,0,0,0,1,1
00931309,DAYMAR COLLEGE - LOUISVILLE EAST        ,KY,40245-1629,Proprietary  ,0,0,0,0,2,2
01042400,SALON PROFESSIONAL ACADEMY THE          ,KY,40502-1776,Proprietary  ,8,31,39,71,193,264
01048901,NATIONAL COLLEGE - FLORENCE CAMPUS      ,KY,41042-1812,Proprietary  ,2,17,19,2,23,25
01048902,NATIONAL COLLEGE - PIKEVILLE CAMPUS     ,KY,41501-1518,Proprietary  ,2,24,26,2,27,29
01048903,NATIONAL COLLEGE - DANVILLE CAMPUS      ,KY,40422-1517,Proprietary  ,2,22,24,2,30,32
01048904,NATIONAL COLLEGE - RICHMOND CAMPUS      ,KY,40475-2309,Proprietary  ,3,30,33,4,41,45
01048906,NATIONAL COLLEGE - LOUISVILLE CAMPUS    ,KY,40216-4147,Proprietary  ,9,67,76,11,76,87
01048907,NATIONAL COLLEGE - LEXINGTON CAMPUS     ,KY,40509-2256,Proprietary  ,4,60,64,5,72,77
01172500,COLLINS SCHOOL OF COSMETOLOGY           ,KY,40965-2809,Proprietary  ,2,16,18,28,93,121
01208800,SULLIVAN COLLEGE OF TECHNOLOGY AND DESIG,KY,40218-4528,Proprietary  ,32,124,156,539,1090,1629
01212801,SOUTHWESTERN COLLEGE                    ,KY,41042-1466,Proprietary  ,21,99,120,167,984,1151
01272300,KY TECH-WAYNE COUNTY AREA TECH CTR      ,KY,42633-1088,Public       ,0,1,1,4,11,15
01291400,EMPIRE BEAUTY SCHOOL                    ,KY,40218-0000,Proprietary  ,11,58,69,135,441,576
01291500,EMPIRE BEAUTY SCHOOL                    ,KY,41042-5113,Proprietary  ,5,26,31,108,194,302
01291600,EMPIRE BEAUTY SCHOOL                    ,KY,40216-4212,Proprietary  ,4,23,27,38,223,261
01291700,EMPIRE BEAUTY SCHOOL                    ,KY,40160-0000,Proprietary  ,7,42,49,97,255,352
01296800,EMPIRE BEAUTY SCHOOL                    ,KY,40207-2695,Proprietary  ,5,20,25,53,181,234
02159100,"APPALACHIAN BEAUTY SCHOOL, INC.         ",KY,41503-0000,Proprietary  ,1,4,5,27,42,69
02177100,EMPIRE BEAUTY SCHOOL                    ,KY,40204-0000,Proprietary  ,2,39,41,80,243,323
02251500,TREND SETTERS ACAD OF BEAUTY CULT       ,KY,40258-0000,Proprietary  ,11,55,66,51,247,298
02275000,JENNY LEA ACADEMY OF COSMETOLOGY        ,KY,40831-0000,Proprietary  ,7,60,67,69,288,357
02284306,INTERACTIVE LEARNING SYSTEMS            ,KY,41042-0000,Proprietary  ,0,24,24,9,95,104
02323700,PAT WILSON'S BEAUTY COLLEGE             ,KY,42420-0000,Proprietary  ,0,15,15,9,76,85
02337200,PJ'S COLLEGE OF COSMETOLOGY             ,KY,42101-0000,Proprietary  ,12,102,114,138,658,796
02340800,PAUL MITCHELL THE SCHOOL LEXINGTON      ,KY,40601-0000,Proprietary  ,19,37,56,120,189,309
02351700,PAUL MITCHELL THE SCHOOL - LOUISVILLE   ,KY,40222-0000,Proprietary  ,31,39,70,145,232,377
02491100,BECKFIELD COLLEGE                       ,KY,41042-0000,Proprietary  ,31,239,270,338,2070,2408
02518900,BARRETT & COMPANY SCH HAIR DESIGN       ,KY,40356-0000,Proprietary  ,7,19,26,42,131,173
02526100,JENNY LEA ACADEMY OF COSMETOLOGY        ,KY,41858-0000,Proprietary  ,0,6,6,14,36,50
02535600,CLEAR CREEK BAPTIST BIBLE COLLEGE       ,KY,40977-0000,Private      ,0,14,14,32,183,215
02551100,PJ'S COLLEGE OF COSMETOLOGY             ,KY,42121-0000,Proprietary  ,14,23,37,37,135,172
02560800,SOUTHEAST SCHOOL OF COSMETOLOGY         ,KY,40962-0000,Proprietary  ,1,8,9,19,56,75
02576200,MID-CONTINENT UNIVERSITY                ,KY,42066-9007,Private      ,14,221,235,399,3174,3573
02616204,BROWN MACKIE COLLEGE-FINDLAY - BROWN MAC,KY,40219-1916,Proprietary  ,20,75,95,255,874,1129
02616205,BROWN MACKIE COLLEGE-LOUISVILLE - BROWN ,KY,42240-3579,Proprietary  ,10,63,73,97,651,748
03002100,KENTUCKY MOUNTAIN BIBLE COLLEGE         ,KY,41385-0010,Private      ,1,2,3,51,39,90
03007000,FRONTIER SCH OF MIDWIFERY&FAMILY NU     ,KY,41749-0000,Private      ,0,181,181,3,1310,1313
03026200,HEAD'S WEST KENTUCKY BEAUTY COLLEGE     ,KY,42431-0000,Proprietary  ,0,12,12,11,54,65
03029200,NU-TEK ACADEMY OF BEAUTY                ,KY,40353-9767,Proprietary  ,1,4,5,12,48,60
03034500,OWENSBORO COMMUNITY & TECHNICAL COLLEGE ,KY,42303-1899,Public       ,97,400,497,1649,3632,5281
03083700,GALEN HEALTH INSTITUTES                 ,KY,40207-1047,Proprietary  ,96,537,633,715,4136,4851
03103500,MR JIM'S BEAUTY COLLEGE                 ,KY,42301-2646,Proprietary  ,4,8,12,18,59,77
03516500,EZELL'S COSMETOLOGY SCHOOL              ,KY,42071-2530,Proprietary  ,3,14,17,28,88,116
03611300,BRIGHTON CENTER'S CENTER FOR EMPLOY     ,KY,41071-1968,Private      ,2,43,45,6,113,119
03804300,BELLEFONTE ACADEMY OF BEAUTY            ,KY,41169-2015,Proprietary  ,4,36,40,34,131,165
03885300,EMPLOYMENT SOLUTIONS                    ,KY,40517-3260,Private      ,4,46,50,30,256,286
03886300,REGENCY SCHOOL OF HAIR DESIGN           ,KY,41653-1278,Proprietary  ,1,12,13,14,54,68
04038300,ATA CAREER EDUCATION                    ,KY,40223-3832,Proprietary  ,24,178,202,244,1421,1665
04123900,LEXINGTON HEALING ARTS ACADEMY          ,KY,40503-1932,Proprietary  ,4,22,26,33,148,181
04177600,LINDSEY INSTITUTE OF COSMETOLOGY        ,KY,42103-8036,Proprietary  ,11,21,32,11,21,32
00200300,CENTENARY COLLEGE OF LOUISIANA          ,LA,71104-3396,Private      ,26,28,54,1171,339,1510
00200400,DILLARD UNIVERSITY                      ,LA,70122-3097,Private      ,63,82,145,2480,1057,3537
00200500,NICHOLLS STATE UNIVERSITY               ,LA,70310-0001,Public       ,139,242,381,5668,2960,8628
00200600,GRAMBLING STATE UNIVERSITY              ,LA,71245-2215,Public       ,171,228,399,6377,3257,9634
00200700,LOUISIANA COLLEGE                       ,LA,71359-0000,Private      ,35,48,83,1177,824,2001
00200800,LOUISIANA TECH UNIVERSITY               ,LA,71272-0001,Public       ,131,257,388,6779,3167,9946
00201000,LOUISIANA STATE UNIV & A&M COLG         ,LA,70803-5710,Public       ,450,419,869,22373,8149,30522
00201100,LOUISIANA STATE UNIV-ALEXANDRIA         ,LA,71302-9121,Public       ,68,223,291,1605,2302,3907
00201200,LOUISIANA STATE UNIV-EUNICE             ,LA,70535-6726,Public       ,109,215,324,2186,2046,4232
00201300,LOUISIANA STATE UNIV-SHREVEPORT         ,LA,71115-2399,Public       ,95,311,406,2658,3426,6084
00201400,LA STATE UNIV HEALTH SCIENCES CTR       ,LA,70112-2223,Public       ,19,77,96,507,2222,2729
00201409,LOUISIANA STATE UNIVERSITY HEALTH SCIENC,LA,70119-2799,Public       ,0,0,0,75,133,208
00201500,(THE) UNIVERSITY OF NEW ORLEANS         ,LA,70148-0001,Public       ,238,654,892,6695,7596,14291
00201600,LOYOLA UNIVERSITY NEW ORLEANS           ,LA,70118-6195,Private      ,114,190,304,3854,3041,6895
00201700,MCNEESE STATE UNIVERSITY                ,LA,70609-4510,Public       ,183,365,548,5425,4227,9652
00201900,NEW ORLEANS BAPTIST THEOL SEMINARY      ,LA,70126-0000,Private      ,3,15,18,45,186,231
00202000,UNIVERSITY OF LOUISIANA AT MONROE       ,LA,71209-9001,Public       ,159,374,533,6115,4845,10960
00202100,NORTHWESTERN STATE UNIVERSITY           ,LA,71497-0001,Public       ,166,464,630,6163,5765,11928
00202200,NOTRE DAME SEMINARY                     ,LA,70118-0000,Private      ,1,4,5,7,28,35
00202300,OUR LADY OF HOLY CROSS COLLEGE          ,LA,70131-7399,Private      ,29,105,134,669,1365,2034
00202400,SOUTHEASTERN LOUISIANA UNIV             ,LA,70402-0001,Public       ,302,547,849,11350,6365,17715
00202500,SOUTHERN UNIVERSITY A & M COLLEGE       ,LA,70813-9374,Public       ,197,430,627,7844,7371,15215
00202600,SOUTHERN UNIV NEW ORLEANS               ,LA,70126-0002,Public       ,102,302,404,2364,4419,6783
00202700,ST JOSEPH SEMINARY COLLEGE              ,LA,70457-9990,Private      ,2,0,2,30,20,50
00202900,TULANE UNIVERSITY                       ,LA,70118-5698,Private      ,296,361,657,13181,7613,20794
00203100,UNIV OF LOUISIANA AT LAFAYETTE          ,LA,70504-0001,Public       ,331,410,741,12923,5647,18570
00203200,XAVIER UNIVERSITY OF LOUISIANA          ,LA,70125-1098,Private      ,118,110,228,4995,2036,7031
00462100,AYERS CAREER COLLEGE                    ,LA,71108-5845,Proprietary  ,6,79,85,60,439,499
00462500,DELGADO COMMUNITY COLLEGE               ,LA,70119-0000,Public       ,711,1952,2663,8608,16997,25605
00520300,REMINGTON COLLEGE - LAFAYETTE CAMPUS    ,LA,70508-5760,Proprietary  ,61,224,285,584,1458,2042
00520306,REMINGTON COLLEGE - BATON ROUGE CAMPUS  ,LA,70816-4040,Proprietary  ,22,96,118,247,693,940
00546700,SOWELA TECHNICAL COMMUNITY COLLEGE      ,LA,70616-6950,Public       ,110,221,331,1070,1567,2637
00548800,LOUISIANA TECH COLG-BATON ROUGE         ,LA,70807-0000,Public       ,70,233,303,591,1437,2028
00548802,LOUISIANA TECH COLG-ACADIAN CMPS        ,LA,70526-0000,Public       ,19,42,61,133,290,423
00548803,LOUISIANA TECH COLG-ALEXANDRIA CMPS     ,LA,71302-3137,Public       ,31,116,147,247,770,1017
00548804,LOUISIANA TECH COLG-ASCENSION CMPS      ,LA,70778-3007,Public       ,17,25,42,120,246,366
00548805,LA TECH COLLEGE-AVOYELLES CAMPUS        ,LA,71327-0000,Public       ,11,28,39,95,169,264
00548806,LA TECHNICAL COLG-BASTROP CMPS          ,LA,71221-0000,Public       ,5,27,32,68,238,306
00548808,LA TECH COLG CHARLES B COREILCMPS       ,LA,70586-0000,Public       ,16,37,53,123,265,388
00548809,LA TECHNICAL COLG-DELTA-OUACHITA        ,LA,71292-9064,Public       ,14,84,98,208,723,931
00548810,EVANGELINE TECHNICAL INST               ,LA,70582-3104,Public       ,7,32,39,83,248,331
00548811,LA TECHN COLLEGE - FLORIDA PARISHES     ,LA,70441-0000,Public       ,9,28,37,131,300,431
00548812,LOUISIANA TECH COLG-FOLKES CAMPUS       ,LA,70748-0000,Public       ,0,8,8,18,86,104
00548813,LA TECHNICAL INST-GULF AREA CMPS        ,LA,70510-0878,Public       ,13,50,63,183,360,543
00548814,LOUISIANA TECH COLG-HAMMOND CMPS        ,LA,70404-0000,Public       ,29,98,127,285,632,917
00548815,LA TECH COLG-HUEY P. LONG CAMPUS        ,LA,71483-0000,Public       ,8,17,25,81,181,262
00548816,LA TECH COLLEGE-JEFFERSON CAMPUS        ,LA,70001-5605,Public       ,0,0,0,91,338,429
00548817,LOUISIANA TEC CLG-JUMONVILLE MEM CP     ,LA,70760-0000,Public       ,1,23,24,64,194,258
00548818,LA TECH COLLEGE-LAFAYETTE CAMPUS        ,LA,70506-0000,Public       ,76,175,251,727,1335,2062
00548819,LOUISIANA TECHNICAL COLLEGE-LAFOURC     ,LA,70301-4336,Public       ,20,55,75,153,296,449
00548820,LOUISIANA TEC CLG-LAMAR SALTER CMPS     ,LA,71446-0000,Public       ,5,31,36,98,332,430
00548822,LOUISIANA TECHNICAL CLG-MANSFIELD       ,LA,71052-1236,Public       ,8,28,36,72,157,229
00548823,LA. TECH COLG.-MORGAN SMITH CAMPUS      ,LA,70546-0000,Public       ,4,13,17,64,156,220
00548824,LOUISIANA TEC CLG-NATCHITOCHES CMPS     ,LA,71458-0000,Public       ,5,30,35,115,303,418
00548825,LOUISIANA TECH COLG-NORTH CTRL CMPS     ,LA,71241-0000,Public       ,5,12,17,45,135,180
00548826,LOUISIANA TECH CLG-NORTHEAST LA CMP     ,LA,71295-2999,Public       ,4,19,23,70,203,273
00548827,LOUISIANA TEC CLG-NW LOUISIANA CMPS     ,LA,71058-0000,Public       ,14,59,73,211,548,759
00548828,LA TECHNICAL COLG-OAKDALE CMPS          ,LA,71463-0000,Public       ,6,17,23,68,154,222
00548829,LTC-RIVER PARISHES CAMPUS               ,LA,70084-0000,Public       ,11,72,83,236,443,679
00548830,LOUISIANA TECHNICAL COLLEGE-RUSTON      ,LA,71273-0000,Public       ,12,41,53,360,402,762
00548831,LTC - SABINE VALLEY CAMPUS              ,LA,71449-3839,Public       ,2,24,26,42,129,171
00548832,LOUISIANA TECH COLG-SHELBY JACKSON      ,LA,71334-0000,Public       ,3,11,14,60,266,326
00548833,LA TECH COLG SHREVEPORT-BOSSIER         ,LA,71137-0000,Public       ,24,153,177,333,1421,1754
00548837,LOUISIANA TECH COLG-SULLIVAN CAMPUS     ,LA,70427-5866,Public       ,20,73,93,246,696,942
00548839,LA TECH COLG-TECHE AREA CAMPUS          ,LA,70562-0000,Public       ,33,50,83,242,408,650
00548840,LOUISIANA TECH COLG-T.H.HARRIS CMPS     ,LA,70570-6113,Public       ,37,84,121,399,656,1055
00548841,LOUISIANA TECH COLG W JEFFERSON CMP     ,LA,70058-0000,Public       ,0,0,0,54,232,286
00548842,LOUISIANA TECHNICAL COLLEGE - WESTSIDE C,LA,70765-0733,Public       ,4,8,12,29,83,112
00548843,LTC-YOUNG MEMORIAL CAMPUS               ,LA,70381-0000,Public       ,14,54,68,130,439,569
00576100,L. E. FLETCHER TECHNICAL COMMUNITY COLLE,LA,70360-2863,Public       ,65,171,236,863,1296,2159
00768600,SOUTHERN UNIV AT SHREVEPORT/BOSSIER     ,LA,71107-4795,Public       ,64,246,310,1585,3157,4742
00806700,LSU HEALTH SCIENCES CENTR-SHREVEPOR     ,LA,71130-3932,Public       ,26,55,81,367,1086,1453
00962110,HERZING UNIVERSITY - NEW ORLEANS        ,LA,70062-5538,Proprietary  ,2,56,58,88,553,641
00989800,DEMMON SCHOOL OF BEAUTY                 ,LA,70607-2128,Proprietary  ,4,15,19,23,79,102
01005701,AMERICAN COMMERCIAL COLLEGE             ,LA,71105-2502,Proprietary  ,2,29,31,28,276,304
01109700,CLOYD'S BEAUTY SCHOOL #1                ,LA,71291-3131,Proprietary  ,7,31,38,52,180,232
01163100,"D-JAY'S SCHL OF BEAUTY, ARTS & SCI      ",LA,70806-0000,Proprietary  ,3,24,27,51,122,173
01184100,JOHN JAY BEAUTY COLLEGE                 ,LA,70124-2592,Proprietary  ,5,18,23,70,115,185
01261100,RONNIE & DORMANS SCHOOL HAIR DESIGN     ,LA,70501-0000,Proprietary  ,0,0,0,7,8,15
01282300,PAT GOINS RUSTON BEAUTY SCHOOL          ,LA,71270-4301,Proprietary  ,7,12,19,28,58,86
01287900,PAT GOINS BENTON ROAD BEAUTY SCHOOL     ,LA,71111-4838,Proprietary  ,3,12,15,16,79,95
01288000,PAT GOINS BEAUTY SCHOOL                 ,LA,71201-5167,Proprietary  ,1,1,2,17,34,51
02055400,BOSSIER PARISH COMMUNITY COLLEGE        ,LA,71111-0000,Public       ,192,567,759,2781,4699,7480
02055500,DELTA SCH OF BUSINESS & TECHNOLOGY      ,LA,70601-0000,Proprietary  ,13,76,89,124,637,761
02117800,AVEDA INSTITUTE LAFAYETTE               ,LA,70503-3246,Proprietary  ,19,26,45,148,174,322
02166100,NUNEZ COMMUNITY COLLEGE                 ,LA,70043-0000,Public       ,41,182,223,615,1568,2183
02166200,ITI TECHNICAL COLLEGE                   ,LA,70817-0000,Proprietary  ,38,106,144,359,668,1027
02197500,BATON ROUGE SCHOOL OF COMPUTERS         ,LA,70809-8188,Proprietary  ,3,15,18,46,107,153
02234000,CAMERON COLLEGE                         ,LA,70119-0000,Proprietary  ,13,54,67,63,230,293
02258400,AVEDA INSTITUTE BATON ROUGE             ,LA,70816-2246,Proprietary  ,18,41,59,156,251,407
02260200,DIESEL DRIVING ACADEMY                  ,LA,71109-5617,Proprietary  ,19,109,128,50,376,426
02265600,JOHN JAY KENNER ACADEMY                 ,LA,70062-0000,Proprietary  ,4,16,20,50,100,150
02269300,STEVENSON'S ACADEMY OF HAIR DESIGN      ,LA,70116-0000,Proprietary  ,14,22,36,84,163,247
02327800,PINEVILLE BEAUTY SCHOOL                 ,LA,71360-0000,Proprietary  ,0,17,17,36,113,149
02335700,BATON ROUGE GENERAL MEDICAL CENTER      ,LA,70806-3889,Private      ,5,22,27,13,41,54
02335701,BATON ROUGE GEN MED CTR SCH NSG         ,LA,70821-0000,Private      ,5,25,30,92,255,347
02335702,BATON ROUGE GEN MED CTR-RAD TECH        ,LA,70806-0000,Private      ,1,12,13,36,103,139
02338000,"CLOYD'S BEAUTY SCHOOL #2, INC           ",LA,71202-3539,Proprietary  ,7,27,34,45,159,204
02352500,"CLOYD'S BEAUTY SCHOOL #3, INC           ",LA,71201-3211,Proprietary  ,7,33,40,53,182,235
02358600,"STAGE ONE THE HAIR SCHOOL, INC.         ",LA,70605-0000,Proprietary  ,10,16,26,67,104,171
02518300,SOUTH LOUISIANA BEAUTY COLLEGE          ,LA,70363-0000,Proprietary  ,5,19,24,26,57,83
02536400,LOUISIANA ACADEMY OF BEAUTY             ,LA,70535-0000,Proprietary  ,5,9,14,38,54,92
02538300,DELTA COLLEGE OF ARTS & TECH INC        ,LA,70806-1529,Proprietary  ,27,118,145,145,652,797
02538301,DELTA COLLEGE OF ARTS & TECHNOLOGY - LAF,LA,70508-6831,Proprietary  ,12,34,46,59,240,299
02548500,COSMETOLOGY TRAINING CENTER             ,LA,70503-0000,Proprietary  ,17,18,35,79,85,164
02554800,VANGUARD COLLEGE OF COSMETOLOGY         ,LA,70458-8823,Proprietary  ,29,40,69,130,168,298
02582200,"GUY'S ACADEMY HAIR, SKIN & NAILS        ",LA,71105-2404,Proprietary  ,7,34,41,80,209,289
02600900,AVEDA INSTITUTE                         ,LA,70433-2922,Proprietary  ,101,242,343,750,1446,2196
02601000,AMERICAN SCHOOL OF BUSINESS             ,LA,71105-5646,Proprietary  ,2,23,25,21,172,193
02601100,OPELOUSAS SCHOOL OF COSMETOLOGY         ,LA,70570-6156,Proprietary  ,3,6,9,19,47,66
02606800,CAREER TRAINING SPECIALISTS             ,LA,71201-6046,Proprietary  ,46,143,189,391,996,1387
02606801,CAREER TECHNICAL COLLEGE - SHREVEPORT   ,LA,71105-2405,Proprietary  ,27,99,126,172,624,796
02617100,BATON ROUGE COLLEGE                     ,LA,70816-0000,Proprietary  ,15,43,58,101,207,308
02619200,DENHAM SPRINGS BEAUTY COLLEGE           ,LA,70726-3829,Proprietary  ,4,20,24,40,109,149
03010400,CRESCENT CITY SCH GAMING & BARTENDG     ,LA,70119-5507,Proprietary  ,15,192,207,78,633,711
03010624,VIRGINIA COLLEGE - BATON ROUGE          ,LA,70815-8604,Proprietary  ,1,11,12,1,11,12
03023500,CAMELOT CAREER COLLEGE                  ,LA,70805-7539,Proprietary  ,14,51,65,130,327,457
03030900,DIESEL DRIVING ACADEMY                  ,LA,70815-8109,Proprietary  ,10,112,122,49,448,497
03061400,ASCENSION COLLEGE                       ,LA,70737-2912,Proprietary  ,0,0,0,36,66,102
03095100,GRETNA CAREER COLLEGE                   ,LA,70053-2436,Proprietary  ,6,44,50,70,383,453
03106200,OUR LADY OF THE LAKE COLLEGE            ,LA,70808-4345,Private      ,38,245,283,951,2227,3178
03253300,JONESVILLE BEAUTY SCHOOL                ,LA,71343-0000,Proprietary  ,15,20,35,68,117,185
03294300,BLUE CLIFF SCH THERAPEUTIC MASSAGE      ,LA,70002-3458,Proprietary  ,43,181,224,340,1161,1501
03332600,DELTA COLLEGE                           ,LA,70433-9042,Proprietary  ,10,69,79,99,379,478
03332601,DELTA COLLEGE - SLIDELL                 ,LA,70460-2624,Proprietary  ,5,40,45,64,288,352
03356300,MEDICAL TRAINING COLLEGE                ,LA,70816-5820,Proprietary  ,15,72,87,174,460,634
03422500,BLUE CLIFF COLLEGE                      ,LA,71107-6520,Proprietary  ,41,176,217,211,1012,1223
03422600,BLUE CLIFF COLLEGE                      ,LA,70508-3858,Proprietary  ,38,156,194,215,878,1093
03480300,MEDVANCE INSTITUTE                      ,LA,70809-1908,Proprietary  ,39,135,174,236,802,1038
03498400,OMEGA INSTITUTE OF COSMETOLOGY          ,LA,70360-0000,Proprietary  ,6,7,13,50,65,115
03727500,MOORE CAREER COLLEGE                    ,LA,70808-4191,Proprietary  ,1,5,6,22,63,85
03730300,BATON ROUGE COMMUNITY COLLEGE           ,LA,78806-4129,Public       ,351,791,1142,5376,6646,12022
03752400,SCHOOL OF URBAN MISSIONS                ,LA,70053-0000,Private      ,5,19,24,127,178,305
03789300,UNITECH TRAINING ACADEMY                ,LA,70503-5132,Proprietary  ,24,53,77,106,296,402
03789301,UNITECH TRAINING ACADEMY - WEST MONROE  ,LA,71291-2913,Proprietary  ,11,66,77,57,287,344
03789302,UNITECH TRAINING ACADEMY - HOUMA        ,LA,70363-5556,Proprietary  ,9,36,45,63,179,242
03789303,UNITECH TRAINING ACADEMY -  ALEXANDRIA  ,LA,71303-3625,Proprietary  ,8,75,83,49,302,351
03789304,UNITECH TRAINING ACADEMY - LAKE CHARLES ,LA,70601-7887,Proprietary  ,21,63,84,66,211,277
03789400,RIVER PARISHES COMMUNITY COLLEGE        ,LA,70778-0310,Public       ,46,105,151,615,918,1533
03810500,COURT REPORTING INSTITUTE OF LOUISI     ,LA,70816-0000,Proprietary  ,1,10,11,12,100,112
03956300,SOUTH LOUISIANA COMMUNITY COLLEGE       ,LA,70506-0000,Public       ,198,314,512,1831,1982,3813
04040300,COMPASS CAREER COLLEGE                  ,LA,70403-0653,Proprietary  ,15,58,73,100,279,379
04112300,LOUISIANA CULINARY INSTITUTE            ,LA,70816-4109,Proprietary  ,15,22,37,168,248,416
04120700,ALDEN'S SCHOOL OF COSMETOLOGY           ,LA,70714-1502,Proprietary  ,4,11,15,23,105,128
04130100,LOUISIANA DELTA COMMUNITY COLLEGE       ,LA,71203-3618,Public       ,114,329,443,1290,2105,3395
04130101,LOUISIANA TECHNICAL COLG - TALLULAH     ,LA,71284-0000,Public       ,12,30,42,107,313,420
04149500,A & W HEALTHCARE EDUCATORS              ,LA,70122-3146,Proprietary  ,2,20,22,25,175,200
04151600,MY-LE'S BEAUTY COLLEGE                  ,LA,70056-3150,Proprietary  ,10,30,40,38,163,201
00143600,CAPITOL COLLEGE                         ,MD,20708-9759,Private      ,14,41,55,412,409,821
00146200,WASHINGTON BIBLE COLLEGE                ,MD,20706-3599,Private      ,5,43,48,95,418,513
00205700,ALLEGANY COLLEGE OF MARYLAND            ,MD,21502-2596,Public       ,94,188,282,2350,2025,4375
00205800,ANNE ARUNDEL COMMUNITY COLLEGE          ,MD,21012-1895,Public       ,291,900,1191,4631,7725,12356
00206100,BALTIMORE CITY COMMUNITY COLLEGE        ,MD,21215-7893,Public       ,179,912,1091,3584,9541,13125
00206200,BOWIE STATE UNIVERSITY                  ,MD,20715-9465,Public       ,212,312,524,7655,5257,12912
00206300,COMMUNITY COLLEGE OF BALTIMORE COUNTY   ,MD,21228-5381,Public       ,391,1374,1765,8774,15606,24380
00206400,COLLEGE OF SOUTHERN MARYLAND            ,MD,20646-0910,Public       ,194,534,728,3164,4498,7662
00206500,CLG NOTRE DAME OF MARYLAND              ,MD,21210-2476,Private      ,12,96,108,825,1726,2551
00206700,COLUMBIA UNION COLLEGE                  ,MD,20912-7796,Private      ,17,80,97,737,1106,1843
00206800,COPPIN STATE UNIVERSITY                 ,MD,21216-3698,Public       ,105,298,403,4101,4825,8926
00207100,FREDERICK COMMUNITY COLLEGE             ,MD,21702-9745,Public       ,136,340,476,1949,2602,4551
00207200,FROSTBURG STATE UNIVERSITY              ,MD,21532-1099,Public       ,116,66,182,6798,1445,8243
00207300,GOUCHER COLLEGE                         ,MD,21204-2794,Private      ,39,62,101,2964,843,3807
00207400,HAGERSTOWN COMMUNITY COLLEGE            ,MD,21742-6590,Public       ,108,406,514,1798,3071,4869
00207500,HARFORD COMMUNITY COLLEGE               ,MD,21015-1696,Public       ,137,307,444,2096,2801,4897
00207600,HOOD COLLEGE                            ,MD,21701-8575,Private      ,30,76,106,2055,888,2943
00207700,JOHNS HOPKINS UNIVERSITY                ,MD,21218-2693,Private      ,137,165,302,8232,2608,10840
00207702,JOHNS HOPKINS UNIV SCH ARTS/SCI/ENG     ,MD,21218-0000,Private      ,44,157,201,4204,2255,6459
00207703,JOHNS HOPKINS UNIV SCH OF BUS/ED        ,MD,21046-0000,Private      ,7,117,124,85,1746,1831
00207705,JOHNS HOPKINS BLOOMBERG SCH OF PH       ,MD,21205-0000,Private      ,1,62,63,26,1515,1541
00207706,JOHNS HOPKINS UNIV SCH OF MEDICINE      ,MD,21205-0000,Private      ,14,30,44,182,1095,1277
00207707,JOHNS HOPKINS UNIV SCH OF NURSING       ,MD,21205-0000,Private      ,16,64,80,280,1130,1410
00207708,JOHNS HOPKINS UNIV PEABODY CONSERV      ,MD,21202-2397,Private      ,12,8,20,675,505,1180
00207800,LOYOLA UNIVERSITY MARYLAND              ,MD,21210-2699,Private      ,92,160,252,7770,2466,10236
00208000,MARYLAND INST COLLEGE OF ART            ,MD,21217-4191,Private      ,54,42,96,2900,821,3721
00208300,MORGAN STATE UNIVERSITY                 ,MD,21251-0002,Public       ,241,330,571,11782,6045,17827
00208600,MOUNT SAINT MARY'S UNIVERSITY           ,MD,21727-7799,Private      ,27,38,65,2954,442,3396
00208700,NER ISRAEL RABBINICAL COLLEGE           ,MD,21208-1198,Private      ,7,5,12,93,53,146
00208900,PRINCE GEORGES COMMUNITY COLLEGE        ,MD,20774-2199,Public       ,397,1074,1471,6295,10421,16716
00209100,SALISBURY UNIVERSITY                    ,MD,21801-6862,Public       ,217,116,333,10748,2130,12878
00209200,ST JOHN'S COLLEGE                       ,MD,21404-0000,Private      ,9,14,23,605,205,810
00209500,ST. MARY'S COLLEGE OF MARYLAND          ,MD,20686-3001,Public       ,40,24,64,2554,245,2799
00209600,ST MARY'S SEMINARY & UNIV               ,MD,21210-1994,Private      ,0,6,6,22,42,64
00209900,TOWSON UNIVERSITY                       ,MD,21252-0002,Public       ,441,463,904,22170,7933,30103
00210200,UNIVERSITY OF BALTIMORE                 ,MD,21201-5779,Public       ,59,321,380,1770,7113,8883
00210300,"UNIVERSITY OF MARYLAND, COLLEGE PARK    ",MD,20742-5145,Public       ,646,886,1532,31148,14526,45674
00210400,"UNIVERSITY OF MARYLAND, BALTIMORE       ",MD,21201-1691,Public       ,101,369,470,2532,9969,12501
00210500,UMBC                                    ,MD,21250-0002,Public       ,219,291,510,9899,5024,14923
00210600,UNIVERSITY MARYLAND EASTERN SHORE       ,MD,21853-4053,Public       ,123,94,217,5828,2053,7881
00210700,STEVENSON UNIVERSITY                    ,MD,21153-0641,Private      ,95,129,224,4944,1616,6560
00210800,WASHINGTON COLLEGE                      ,MD,21620-1197,Private      ,33,4,37,2706,106,2812
00210900,MCDANIEL COLLEGE                        ,MD,21157-4390,Private      ,44,53,97,2993,742,3735
00458612,KAPLAN COLLEGE                          ,MD,21742-2797,Proprietary  ,31,192,223,442,1633,2075
00458614,KAPLAN COLLEGE - FREDERICK              ,MD,21704-8307,Proprietary  ,2,28,30,46,295,341
00465000,CHESAPEAKE COLLEGE                      ,MD,21679-0008,Public       ,64,202,266,1233,1786,3019
00691100,MONTGOMERY COLLEGE                      ,MD,20850-1195,Public       ,557,1070,1627,10217,10576,20793
00734100,INTERNATIONAL BEAUTY SCHOOL             ,MD,21502-2370,Proprietary  ,17,114,131,92,664,756
00744700,DEL-MAR-VA BEAUTY ACADEMY               ,MD,21804-0000,Proprietary  ,7,16,23,57,110,167
00749100,TESST COLLEGE OF TECHNOLOGY             ,MD,21227-1063,Proprietary  ,54,194,248,404,1546,1950
00793600,LINCOLN TECHNICAL INSTITUTE             ,MD,21046-1544,Proprietary  ,104,167,271,857,1150,2007
00817500,HOWARD COMMUNITY COLLEGE                ,MD,21044-3197,Public       ,173,417,590,3136,4018,7154
00826300,AWARD BEAUTY SCHOOL                     ,MD,21740-5624,Proprietary  ,18,78,96,67,303,370
00830800,CECIL COLLEGE                           ,MD,21901-1999,Public       ,77,145,222,971,1251,2222
00907906,EVEREST COLLEGE- EVEREST INSTITUTE      ,MD,20910-3737,Proprietary  ,55,187,242,285,916,1201
01001400,GARRETT COMMUNITY COLLEGE               ,MD,21541-1265,Public       ,29,41,70,766,363,1129
01031900,MEDIX SCHOOL                            ,MD,21204-2538,Proprietary  ,76,388,464,650,2404,3054
01041000,TESST COLLEGE OF TECHNOLOGY             ,MD,21286-2201,Proprietary  ,25,83,108,199,690,889
01164400,UNIV OF MARYLAND UNIVERSITY COLLEGE     ,MD,20783-8078,Public       ,189,3119,3308,2817,28826,31643
01164402,U OF MD UNIVERSITY COLLEGE - EUROPE     ,MD,20832-0000,Public       ,11,134,145,304,1039,1343
01164404,U OF MD UNIVERSITY COLLEGE - ASIA       ,MD,31207-0000,Public       ,11,106,117,113,732,845
02073900,WOR-WIC COMMUNITY COLLEGE               ,MD,21804-0000,Public       ,127,311,438,1571,3030,4601
02083600,TESST COLLEGE OF TECHNOLOGY             ,MD,20705-2698,Proprietary  ,35,121,156,313,888,1201
02116005,SANFORD-BROWN INSTITUTE - LANDOVER      ,MD,20785-2287,Proprietary  ,46,189,235,261,1141,1402
02127900,SOJOURNER DOUGLASS COLLEGE              ,MD,21205-0000,Private      ,18,265,283,250,2899,3149
02155100,MARYLAND COLLEGE OF ART AND DESIGN      ,MD,20902-0000,Private      ,6,14,20,123,116,239
02269700,INTERNATIONAL BEAUTY SCHOOL             ,MD,21014-0000,Proprietary  ,9,9,18,44,65,109
02314800,BALTIMORE INTERNATIONAL COLLEGE         ,MD,21202-0000,Private      ,51,109,160,608,714,1322
02331000,MARYLAND BEAUTY ACADEMY OF ESSEX        ,MD,21221-0000,Proprietary  ,8,53,61,57,186,243
02333000,HAIR ACADEMY                            ,MD,20784-0000,Proprietary  ,74,158,232,193,411,604
02343800,MONTGOMERY BEAUTY SCHOOL                ,MD,20901-0000,Proprietary  ,22,41,63,73,172,245
02494700,BALTIMORE STUDIO OF HAIR DESIGN         ,MD,21201-0000,Proprietary  ,14,71,85,81,259,340
02495000,ROBERT PAUL ACAD COSMTGY ARTS & SCI     ,MD,21093-0000,Proprietary  ,5,3,8,59,88,147
02495100,MARYLAND BEAUTY ACADEMY                 ,MD,21136-0000,Proprietary  ,4,13,17,39,55,94
02545400,NORTH AMERICAN TRADE SCHOOLS            ,MD,21244-0069,Proprietary  ,31,168,199,207,960,1167
02573800,"L' ACADEMIE DE CUISINE, INC.            ",MD,20877-0000,Proprietary  ,6,35,41,57,197,254
02578400,TAI SOPHIA INSTITUTE                    ,MD,20723-6010,Private      ,0,81,81,0,324,324
03010802,TRI-STATE BUSINESS INSTITUTE -  FORTIS C,MD,20785-2223,Proprietary  ,0,0,0,3,11,14
03027200,BLADES SCHOOL OF HAIR DESIGN            ,MD,20619-0226,Proprietary  ,5,18,23,34,101,135
03064900,AARON'S ACADEMY OF BEAUTY               ,MD,20602-2715,Proprietary  ,3,8,11,38,93,131
03097200,AESTHETICS INSTITUTE OF COSMETOLOGY     ,MD,20877-1305,Proprietary  ,7,19,26,20,66,86
03100700,CARROLL COMMUNITY COLLEGE               ,MD,21157-6913,Public       ,52,130,182,1090,1181,2271
03148300,AMERICAN BEAUTY ACADEMY                 ,MD,20902-1911,Proprietary  ,48,131,179,256,674,930
03296300,BALTIMORE SCHOOL OF MASSAGE             ,MD,21090-2261,Proprietary  ,46,168,214,248,669,917
03327300,NEW CREATIONS ACADEMY OF HAIR DSN       ,MD,20746-2960,Proprietary  ,11,33,44,31,92,123
03455500,NATIONAL LABOR COLLEGE                  ,MD,20903-1790,Private      ,1,22,23,11,128,139
03493300,ALL-STATE CAREER SCHOOL                 ,MD,21224-6658,Proprietary  ,78,481,559,536,2297,2833
03771300,AMERICAN CAREER INSTITUTE               ,MD,20902-4637,Proprietary  ,150,643,793,485,2428,2913
03822400,MAPLE SPRINGS BAPTIST BIBLE COLLEGE & SE,MD,20743-5711,Private      ,0,9,9,3,58,61
03937300,YESHIVA COLLEGE OF THE NATION'S CAPITAL ,MD,20902-1700,Private      ,0,2,2,8,18,26
03965500,HAIR EXPRESSIONS ACADEMY                ,MD,20852-1729,Proprietary  ,11,22,33,50,129,179
04121600,FILA ACADEMY (THE)                      ,MD,21061-1634,Proprietary  ,6,18,24,60,187,247
04139700,FREDERICK SCHOOL OF COSMETOLOGY         ,MD,21701-0000,Proprietary  ,2,9,11,23,55,78
04141600,OMEGA STUDIOS' SCHOOL OF APPLIED RECORDI,MD,20852-1731,Proprietary  ,6,13,19,54,108,162
04151800,TEMPLE (THE): A PAUL MITCHELL PARTNER SC,MD,21701-5409,Proprietary  ,17,21,38,99,123,222
00211400,AMERICAN INTERNATIONAL COLLEGE          ,MA,01109-3189,Private      ,22,307,329,2282,2656,4938
00211500,AMHERST COLLEGE                         ,MA,01002-5000,Private      ,94,15,109,4858,264,5122
00211600,ANDOVER NEWTON THEOLOGICAL SCHOOL       ,MA,02459-0000,Private      ,0,8,8,2,209,211
00211700,ANNA MARIA COLLEGE                      ,MA,01612-1198,Private      ,25,53,78,2058,575,2633
00211800,ASSUMPTION COLLEGE                      ,MA,01615-1294,Private      ,48,44,92,4588,735,5323
00211900,ATLANTIC UNION COLLEGE                  ,MA,01561-1000,Private      ,5,20,25,357,394,751
00212000,MERRIMACK COLLEGE                       ,MA,01845-5800,Private      ,36,29,65,3956,293,4249
00212100,BABSON COLLEGE                          ,MA,02457-0310,Private      ,51,71,122,2343,870,3213
00212200,BAY PATH COLLEGE                        ,MA,01106-2212,Private      ,25,123,148,894,1972,2866
00212300,BECKER COLLEGE-WORCESTER                ,MA,01615-0071,Private      ,54,75,129,2361,1018,3379
00212400,BENTLEY UNIVERSITY                      ,MA,02452-4705,Private      ,84,47,131,5409,912,6321
00212600,BERKLEE COLLEGE OF MUSIC                ,MA,02215-3693,Private      ,147,107,254,4625,1295,5920
00212800,BOSTON COLLEGE                          ,MA,02467-3800,Private      ,276,164,440,19452,7425,26877
00212900,BOSTON CONSERVATORY OF MUSIC            ,MA,02215-9830,Private      ,15,6,21,1146,344,1490
00213000,BOSTON UNIVERSITY                       ,MA,02215-1789,Private      ,565,802,1367,31564,19595,51159
00213300,BRANDEIS UNIVERSITY                     ,MA,02453-2700,Private      ,67,55,122,5008,1414,6422
00213900,CLARK UNIVERSITY                        ,MA,01610-1473,Private      ,52,41,93,3666,748,4414
00214000,ELMS COLLEGE                            ,MA,01013-2839,Private      ,9,30,39,1112,748,1860
00214100,COLLEGE OF THE HOLY CROSS               ,MA,01610-2395,Private      ,74,11,85,5636,134,5770
00214300,CURRY COLLEGE                           ,MA,02186-2395,Private      ,57,107,164,4402,1267,5669
00214400,DEAN COLLEGE                            ,MA,02038-1994,Private      ,26,19,45,1771,252,2023
00214500,EASTERN NAZARENE COLLEGE                ,MA,02170-2999,Private      ,15,55,70,828,520,1348
00214507,EASTERN NAZARENE CLG - LEAD PROGRAM     ,MA,02170-0000,Private      ,0,9,9,21,79,100
00214600,EMERSON COLLEGE                         ,MA,02116-4624,Private      ,100,35,135,6780,1668,8448
00214700,EMMANUEL COLLEGE                        ,MA,02115-5798,Private      ,57,55,112,4679,520,5199
00214800,ENDICOTT COLLEGE                        ,MA,01915-2098,Private      ,56,42,98,4050,457,4507
00214900,EPISCOPAL DIVINITY SCHOOL               ,MA,02138-0000,Private      ,0,6,6,0,79,79
00215000,FISHER COLLEGE                          ,MA,02116-1500,Private      ,32,128,160,1385,1050,2435
00215100,BENJAMIN FRANKLIN INSTITUTE OF TECH     ,MA,02116-6296,Public       ,32,41,73,735,361,1096
00215300,GORDON COLLEGE                          ,MA,01984-1899,Private      ,36,15,51,1994,138,2132
00215400,HELLENIC COLLEGE                        ,MA,02445-7496,Private      ,0,3,3,74,151,225
00215500,HARVARD UNIVERSITY                      ,MA,02138-3800,Private      ,231,108,339,7149,1478,8627
00215501,AMRCN REPERTORY THTR INST ADV THTR      ,MA,02138-0000,Private      ,0,4,4,4,140,144
00215502,HARVARD BUSINESS SCHOOL                 ,MA,02163-0000,Private      ,25,49,74,187,1708,1895
00215503,HARVARD EXTENSION SCHOOL                ,MA,02138-0000,Private      ,11,142,153,174,1400,1574
00215504,HARVARD SCH OF DENTAL MEDICINE          ,MA,02115-0000,Private      ,5,8,13,30,210,240
00215505,HARVARD UNIV GRAD SCH DESIGN            ,MA,02138-0000,Private      ,1,14,15,16,1364,1380
00215506,HARVARD DIVINITY SCHOOL                 ,MA,02138-0000,Private      ,2,3,5,18,566,584
00215507,HARVARD UNIV GRAD SCH ED                ,MA,02138-0000,Private      ,0,23,23,5,1591,1596
00215508,HARVARD UNIV GRAD S OF ARTS & SCIEN     ,MA,02138-0000,Private      ,8,43,51,113,922,1035
00215509,HARVARD KENNEDY SCHOOL                  ,MA,02138-0000,Private      ,1,23,24,15,1486,1501
00215510,HARVARD LAW SCHOOL                      ,MA,02138-0000,Private      ,12,41,53,117,3882,3999
00215511,HARVARD UNIV MEDICAL SCHOOL             ,MA,02115-0000,Private      ,19,14,33,131,1105,1236
00215512,HARVARD UNIV SCH PUBLIC HEALTH          ,MA,02115-0000,Private      ,3,17,20,37,823,860
00215513,HARVARD UNIVERSITY-HARVARD COLLEGE      ,MA,02138-0000,Private      ,154,18,172,14727,427,15154
00215700,HEBREW COLLEGE                          ,MA,02459-2237,Private      ,0,5,5,1,100,101
00215800,LASELL COLLEGE                          ,MA,02466-2716,Private      ,27,24,51,3113,276,3389
00216000,LESLEY UNIVERSITY                       ,MA,02138-2790,Private      ,53,390,443,2799,4735,7534
00216100,UMASS LOWELL                            ,MA,01854-3089,Public       ,249,416,665,11743,5461,17204
00216400,NEW ENGLAND COLLEGE OF OPTOMETRY        ,MA,02115-1129,Private      ,0,7,7,11,410,421
00216500,MASS. COLLEGE OF PHARMACY  & HEALTH SCIE,MA,02115-5804,Private      ,54,120,174,4511,2898,7409
00216700,BERKSHIRE COMMUNITY COLLEGE             ,MA,01201-5786,Public       ,46,143,189,982,1524,2506
00216800,CAPE COD COMMUNITY COLLEGE              ,MA,02668-1599,Public       ,107,307,414,1787,2316,4103
00216900,GREENFIELD COMMUNITY COLLEGE            ,MA,01301-9739,Public       ,74,148,222,928,1552,2480
00217000,HOLYOKE COMMUNITY COLLEGE               ,MA,01040-1099,Public       ,200,500,700,3862,4754,8616
00217100,MASSACHUSETTS BAY COMMUNITY COLLEGE     ,MA,02181-0000,Public       ,116,244,360,2317,2488,4805
00217200,MOUNT WACHUSETT COMMUNITY COLLEGE       ,MA,01440-1000,Public       ,138,350,488,1975,3179,5154
00217300,NORTH SHORE COMMUNITY COLLEGE           ,MA,01923-4093,Public       ,238,490,728,3464,4360,7824
00217400,NORTHERN ESSEX COMMUNITY COLLEGE        ,MA,01830-2399,Public       ,221,427,648,2949,4071,7020
00217500,QUINSIGAMOND COMMUNITY COLLEGE          ,MA,01606-2092,Public       ,228,582,810,4197,5244,9441
00217600,BRISTOL COMMUNITY COLLEGE               ,MA,02720-7399,Public       ,241,537,778,4267,4834,9101
00217700,MASSASOIT COMMUNITY COLLEGE             ,MA,02302-3996,Public       ,237,463,700,3511,4109,7620
00217800,MASSACHUSETTS INST OF TECHNOLOGY        ,MA,02139-4307,Private      ,181,223,404,11069,3230,14299
00218000,MASSACHUSETTS COLLEGE OF ART AND DESIGN ,MA,02115-5803,Public       ,42,46,88,2429,859,3288
00218100,MASSACHUSETTS MARITIME ACADEMY          ,MA,02532-3400,Public       ,13,12,25,1309,124,1433
00218300,BRIDGEWATER STATE COLLEGE               ,MA,02325-0001,Public       ,211,245,456,11686,3491,15177
00218400,FITCHBURG STATE COLLEGE                 ,MA,01420-2697,Public       ,83,111,194,5642,1574,7216
00218500,FRAMINGHAM STATE COLLEGE                ,MA,01702-2471,Public       ,101,115,216,5276,1361,6637
00218700,MASSACHUSETTS CLG OF LIBERAL ARTS       ,MA,01247-4100,Public       ,25,28,53,2233,588,2821
00218800,SALEM STATE COLLEGE                     ,MA,01970-5353,Public       ,213,284,497,8380,3962,12342
00218900,WESTFIELD STATE COLLEGE                 ,MA,01086-1630,Public       ,108,94,202,7717,1611,9328
00219000,WORCESTER STATE COLLEGE                 ,MA,01602-2597,Public       ,81,170,251,6245,2288,8533
00219200,MOUNT HOLYOKE COLLEGE                   ,MA,01075-1492,Private      ,27,10,37,2633,331,2964
00219300,MOUNT IDA COLLEGE                       ,MA,02459-3323,Private      ,25,25,50,2229,401,2630
00219400,NEW ENGLAND CONSERVATORY OF MUSIC       ,MA,02115-5018,Private      ,25,10,35,788,641,1429
00219700,NICHOLS COLLEGE                         ,MA,01571-6346,Private      ,30,45,75,2017,429,2446
00219900,NORTHEASTERN UNIVERSITY                 ,MA,02115-5000,Private      ,508,774,1282,32258,12307,44565
00220100,PINE MANOR COLLEGE                      ,MA,02167-0000,Private      ,10,9,19,559,185,744
00220200,BLESSED JOHN XXIII NATIONAL SEMINARY    ,MA,02493-0000,Private      ,0,0,0,0,5,5
00220500,QUINCY COLLEGE                          ,MA,02169-4501,Public       ,127,350,477,1562,3173,4735
00220600,REGIS COLLEGE                           ,MA,02193-0000,Private      ,22,51,73,2048,766,2814
00220800,SIMMONS COLLEGE                         ,MA,02115-5898,Private      ,37,196,233,2898,3912,6810
00220900,SMITH COLLEGE                           ,MA,01063-2936,Private      ,40,11,51,3403,993,4396
00220901,"SMITH COLLEGE, SCH FOR SOCIAL WORK      ",MA,01063-0000,Private      ,2,6,8,3,32,35
00221000,UNIV OF MASSACHUSETTS-DARTMOUTH         ,MA,02747-2300,Public       ,141,156,297,11654,2798,14452
00221007,UNIVERSITY OF MASSACHUSETTS - DARTMOUTH ,MA,02747-1252,Public       ,0,0,0,2,345,347
00221100,SPRINGFIELD COLLEGE                     ,MA,01109-3797,Private      ,53,378,431,4099,4439,8538
00221400,ST JOHN'S SEMINARY                      ,MA,02135-8839,Private      ,2,12,14,17,53,70
00221700,STONEHILL COLLEGE                       ,MA,02357-6110,Private      ,60,7,67,6531,157,6688
00221800,SUFFOLK UNIVERSITY                      ,MA,02108-2770,Private      ,129,172,301,9703,5102,14805
00221810,SUFFOLK UNIVERSITY - LAW SCHOOL         ,MA,02108-4977,Private      ,0,0,0,17,357,374
00221900,TUFTS UNIVERSITY                        ,MA,02155-5808,Private      ,139,81,220,10024,2821,12845
00221901,TUFTS UNIV SCH OF DENTAL MEDICINE       ,MA,02111-0000,Private      ,2,15,17,21,823,844
00221902,TUFTS UNIVERSITY - CUMMINGS SCHOOL OF VE,MA,01536-0000,Private      ,1,5,6,27,480,507
00221904,TUFTS UNIV SCHOOL OF MEDICINE           ,MA,02111-0000,Private      ,4,19,23,63,1935,1998
00222100,UNIV OF MASSACHUSETTS-AMHERST           ,MA,01003-0000,Public       ,480,373,853,34818,7320,42138
00222200,UNIV OF MASSACHUSETTS-BOSTON            ,MA,02125-3393,Public       ,306,657,963,11200,10182,21382
00222400,WELLESLEY COLLEGE                       ,MA,02481-8203,Private      ,27,7,34,3487,205,3692
00222500,WENTWORTH INSTITUTE OF TECHNOLOGY       ,MA,02115-5998,Private      ,71,69,140,4814,831,5645
00222600,WESTERN NEW ENGLAND COLLEGE             ,MA,01119-2654,Private      ,65,66,131,5239,1733,6972
00222700,WHEATON COLLEGE                         ,MA,02766-2322,Private      ,31,2,33,2573,87,2660
00222800,WHEELOCK COLLEGE                        ,MA,02215-4176,Private      ,24,30,54,1557,667,2224
00222900,WILLIAMS COLLEGE                        ,MA,01267-2600,Private      ,57,2,59,3874,115,3989
00223300,WORCESTER POLYTECHNIC INSTITUTE         ,MA,01609-2280,Private      ,63,39,102,6299,568,6867
00396500,BAY STATE COLLEGE                       ,MA,02116-2901,Proprietary  ,59,86,145,1465,889,2354
00396600,BOSTON ARCHITECTURAL COLLEGE            ,MA,02115-2795,Private      ,14,42,56,508,1042,1550
00466100,HAMPSHIRE COLLEGE                       ,MA,01002-3359,Private      ,43,12,55,2473,156,2629
00466600,SALTER COLLEGE                          ,MA,01583-1700,Proprietary  ,87,491,578,612,3003,3615
00466700,SCHOOL OF MUSEUM OF FINE ARTS           ,MA,02115-5534,Private      ,16,8,24,868,310,1178
00466900,UPPER CAPE COD REGIONAL VOC TECH        ,MA,02532-3310,Public       ,0,3,3,21,114,135
00527900,GREATER LOWELL REGNL VOC TECH SCH       ,MA,01879-0000,Public       ,1,0,1,23,99,122
00551900,DIMAN REGIONAL VOC TECH INST            ,MA,02723-3519,Public       ,3,9,12,23,92,115
00552300,BLUE HILLS REGIONAL VOC TECH            ,MA,02021-1398,Public       ,2,14,16,31,141,172
00555700,MCCANN TECHNICAL SCHOOL                 ,MA,01247-0000,Public       ,2,14,16,26,96,122
00613600,NATIONAL AVIATION ACADEMY - NEW ENGLAND ,MA,01730-2620,Proprietary  ,8,29,37,110,196,306
00632200,BROCKTON HOSPITAL SCH OF NURSING        ,MA,02302-0000,Private      ,4,24,28,123,487,610
00632400,LABOURE COLLEGE                         ,MA,02124-5698,Private      ,14,63,77,212,858,1070
00633100,LAWRENCE MEM HOSPITAL SCH OF NRSNG      ,MA,02155-1643,Private      ,0,23,23,66,391,457
00635200,BAYSTATE MEDICAL CENTER                 ,MA,01199-0001,Private      ,3,5,8,21,61,82
00687300,MARIAN COURT COLLEGE                    ,MA,01907-2896,Private      ,7,11,18,192,118,310
00748100,GIBBS COLLEGE                           ,MA,02116-2904,Proprietary  ,24,59,83,150,422,572
00748400,NEWBURY COLLEGE                         ,MA,02445-5796,Private      ,23,11,34,2252,299,2551
00748600,THE NEW ENGLAND INSTITUTE OF ART        ,MA,02445-7295,Proprietary  ,170,79,249,1963,764,2727
00748800,KAPLAN CAREER INSTITUTE                 ,MA,02129-1644,Proprietary  ,32,87,119,160,670,830
00748801,KAPLAN CAREER INSTITUTE -               ,MA,02215-2606,Proprietary  ,11,48,59,97,476,573
00807800,SPRINGFIELD TECHNICAL COMMUNITY CLG     ,MA,01105-0000,Public       ,189,582,771,3130,5426,8556
00809002,EVEREST COLLEGE - EVEREST INSTITUTE     ,MA,02150-2333,Proprietary  ,31,106,137,142,498,640
00891600,NEW ENGLAND SCHOOL OF LAW               ,MA,02116-0000,Private      ,0,14,14,10,2309,2319
00964500,BARD COLLEGE AT SIMON'S ROCK            ,MA,01230-9702,Private      ,15,2,17,514,23,537
00974700,GORDON-CONWELL THEOLOGICAL SEMINARY     ,MA,01982-0000,Private      ,0,35,35,11,533,544
00975600,UNIVERSITY OF MASS MEDICAL CENTER       ,MA,01655-0000,Public       ,4,26,30,43,853,896
00987700,HENRI'S SCHOOL OF HAIR DESIGN           ,MA,01420-5675,Proprietary  ,4,4,8,27,21,48
00989900,LOWELL ACADEMY HAIRSTYLING INST         ,MA,01852-1909,Proprietary  ,9,9,18,25,41,66
00993600,MIDDLESEX COMMUNITY COLLEGE             ,MA,01730-1197,Public       ,71,151,222,1776,1447,3223
00993602,"MIDDLESEX COMMUNITY COLLEGE, LOWELL     ",MA,01852-0000,Public       ,134,244,378,2637,2561,5198
01121000,BUNKER HILL COMMUNITY COLLEGE           ,MA,02129-2991,Public       ,485,1081,1566,5676,8889,14565
01151000,EVEREST INSTITUTE                       ,MA,02135-7638,Proprietary  ,16,103,119,167,580,747
01193000,ROXBURY COMMUNITY COLLEGE               ,MA,02120-3400,Public       ,104,302,406,1172,2982,4154
01204200,MANSFIELD BEAUTY SCHOOLS                ,MA,02169-5061,Proprietary  ,2,9,11,33,85,118
01206800,MANSFIELD BEAUTY SCHOOL                 ,MA,01103-1410,Proprietary  ,0,8,8,18,58,76
01218700,BLACKSTONE VALLEY VOCATIONAL REGIONAL SC,MA,01568-1499,Public       ,0,9,9,2,55,57
01238600,SOUTHEASTERN TECHNICAL INSTITUTE        ,MA,02375-1780,Public       ,2,11,13,49,186,235
01288100,MONTACHUSETT REG VOC TECH SCH           ,MA,01420-4649,Public       ,2,4,6,15,80,95
01292100,EMPIRE BEAUTY SCHOOL                    ,MA,02215-0000,Proprietary  ,29,51,80,159,343,502
01292101,EMPIRE BEAUTY SCHOOL - HYANNIS          ,MA,02601-2022,Proprietary  ,0,0,0,14,29,43
01294800,ROB ROY ACADEMY                         ,MA,02721-5330,Proprietary  ,13,28,41,71,105,176
02063000,MONTSERRAT COLLEGE OF ART               ,MA,01915-0000,Private      ,6,3,9,656,76,732
02063800,BUTERA SCHOOL OF ART                    ,MA,02116-0000,Proprietary  ,0,3,3,38,16,54
02076700,EMPIRE BEAUTY SCHOOL                    ,MA,02148-0000,Proprietary  ,10,24,34,71,189,260
02079400,EMPIRE BEAUTY SCHOOL                    ,MA,02453-0000,Proprietary  ,7,31,38,73,237,310
02092100,MASSACHUSETTS SCHOOL OF BARBERING       ,MA,02169-5058,Proprietary  ,6,26,32,28,115,143
02092200,EMPIRE BEAUTY SCHOOL                    ,MA,01852-0000,Proprietary  ,13,22,35,59,159,218
02122000,NEW ENGLAND HAIR ACADEMY                ,MA,02148-0000,Proprietary  ,19,29,48,79,147,226
02137000,ROB ROY ACADEMY                         ,MA,02780-0000,Proprietary  ,8,12,20,38,52,90
02137200,MASS GEN HOSP DIETETIC INTERNSHIP       ,MA,02114-0000,Private      ,1,1,2,2,19,21
02143000,LONGY SCHOOL OF MUSIC                   ,MA,02138-3599,Private      ,1,2,3,61,168,229
02163500,NEW ENGLAND SCHOOL OF PHOTOGRAPHY       ,MA,02215-0000,Proprietary  ,10,25,35,153,160,313
02163600,MASS SCH OF PROFESSIONAL PSYCHOLOGY     ,MA,02132-0000,Private      ,3,24,27,13,640,653
02169900,ASSABET VALLEY REGIONAL VOC SCHOOL      ,MA,01752-0000,Public       ,0,5,5,18,99,117
02181600,ROB ROY ACADEMY                         ,MA,01609-0000,Proprietary  ,24,33,57,131,208,339
02182900,CAMBRIDGE COLLEGE                       ,MA,02138-5304,Private      ,26,543,569,347,4381,4728
02197900,NORTH BENNET STREET SCHOOL              ,MA,02113-0000,Private      ,3,13,16,49,128,177
02215100,HALLMARK INSTITUTE OF PHOTOGRAPHY       ,MA,01376-0000,Proprietary  ,15,16,31,258,192,450
02219501,MILDRED ELLEY - PITTSFIELD              ,MA,01201-5300,Proprietary  ,2,1,3,14,36,50
02220400,CATHERINE HINDS INST OF ESTHETICS       ,MA,01801-0000,Proprietary  ,9,37,46,56,166,222
02231600,MGH INSTITUTE OF HEALTH PROFESSION      ,MA,02129-0000,Private      ,5,72,77,53,1338,1391
02274300,CONWAY SCHOOL OF LANDSCAPE DESIGN       ,MA,01341-0179,Private      ,0,0,0,2,18,20
02325700,LABARON HAIRDRESSING ACADEMY            ,MA,02740-0000,Proprietary  ,2,8,10,19,61,80
02325800,LABARON HAIRDRESSING ACAD-BROCKTON      ,MA,02301-0000,Proprietary  ,5,15,20,22,49,71
02337400,BANCROFT SCHOOL OF MASSAGE THERAPY      ,MA,01604-4614,Proprietary  ,0,9,9,15,73,88
02338200,BAY STATE SCHOOL OF TECHNOLOGY          ,MA,02021-0000,Proprietary  ,10,72,82,57,314,371
02339400,ROB ROY ACADEMY                         ,MA,02746-0000,Proprietary  ,1,6,7,10,24,34
02491700,CORTIVA INSTITUTE -  BOSTON             ,MA,02472-2577,Proprietary  ,8,44,52,34,225,259
02523900,ELIZABETH GRADY SCHOOL OF ESTHETICS     ,MA,02155-0000,Proprietary  ,8,36,44,42,150,192
02579800,NEW ENGLAND SCHOOL OF ACUPUNCTURE       ,MA,02458-0000,Private      ,0,6,6,4,163,167
03006802,PENNSYLVANIA CULINARY INSTITUTE - LE COR,MA,02142-1221,Proprietary  ,43,150,193,342,749,1091
03066700,AILANO SCHOOL OF COSMETOLOGY            ,MA,02303-4740,Proprietary  ,1,15,16,21,53,74
03104000,SHAWSHEEN ADULT TECHNICAL INSTITUTE     ,MA,01821-5499,Public       ,0,2,2,12,65,77
03115200,MOTORING TECHNICAL TRAINING INST        ,MA,02771-5933,Proprietary  ,18,37,55,110,202,312
03120800,KAY HARVEY HAIRDRESSING ACADEMY         ,MA,01089-2701,Proprietary  ,3,10,13,17,58,75
03130500,URBAN COLLEGE OF BOSTON                 ,MA,02111-1093,Private      ,4,60,64,37,654,691
03194300,BOSTON GRAD SCH OF PSYCHOANALYSIS       ,MA,02446-4602,Private      ,0,3,3,0,84,84
03196300,LINCOLN TECHNICAL INSTITUTE             ,MA,02145-1102,Proprietary  ,39,138,177,276,769,1045
03196302,LINCOLN TECHNICAL INSTITUTE             ,MA,01852-5119,Proprietary  ,29,65,94,249,631,880
03205400,JOLIE HAIR & BEAUTY ACADEMY             ,MA,01056-2769,Proprietary  ,16,47,63,49,143,192
03232302,LINCOLN TECHNICAL INSTITUTE             ,MA,02401-1818,Proprietary  ,1,16,17,116,409,525
03235300,MASSACHUSETTS SCHOOL OF LAW             ,MA,01810-1094,Private      ,1,46,47,9,700,709
03240300,HAIR IN MOTION BEAUTY ACADEMY           ,MA,01604-0000,Proprietary  ,6,8,14,31,41,72
03248300,BOSTON BAPTIST COLLEGE                  ,MA,02136-4000,Private      ,2,5,7,137,73,210
03316400,FUNERAL INSTITUTE OF THE NORTHEAST      ,MA,02062-4766,Proprietary  ,0,7,7,23,81,104
03504300,NATL GRAD SCH OF QUALITY SYSTM MGMT     ,MA,02540-0000,Private      ,0,8,8,2,34,36
03570500,ZION BIBLE COLLEGE                      ,MA,01835-0000,Private      ,8,5,13,188,106,294
03763300,MEDICAL PROFESSIONAL INSTITUTE          ,MA,02148-8143,Proprietary  ,4,30,34,21,175,196
03859300,E.I.N.E.                                ,MA,01876-4709,Proprietary  ,0,10,10,2,66,68
03946300,FRANKLIN W. OLIN COLLEGE OF ENGINEERING ,MA,02492-1200,Private      ,7,0,7,400,9,409
03965300,NEW ENGLAND COLLEGE OF FINANCE          ,MA,02110-1605,Proprietary  ,7,108,115,47,528,575
04039300,SULLIVAN AND COGLIANO TRAINING CENTER   ,MA,02301-4921,Proprietary  ,18,403,421,74,1539,1613
04116900,DIGRIGOLI SCHOOL OF COSMETOLOGY         ,MA,01089-4623,Proprietary  ,3,16,19,33,69,102
04122000,TRI COUNTY REGIONAL VOCATIONAL TECHNICAL,MA,02038-0000,Public       ,2,4,6,6,37,43
04128000,MILLENNIUM TRAINING INSTITUTE           ,MA,01801-6386,Proprietary  ,4,41,45,11,140,151
04128900,CENTRAL MASS SCHOOL OF MASSAGE AND THERA,MA,01562-1712,Proprietary  ,1,14,15,3,35,38
04153200,SOUTHERN WORCESTER COUNTY REGIONAL VOC S,MA,01507-1331,Public       ,0,0,0,4,34,38
00324204,CARNEGIE MELLON UNIVERSITY - QATAR      ,FC,00000-0000,Private      ,1,1,2,2,3,5
00324206,CARNEGIE MELLON UNIVERSITY THE HEINZ COL,FC,00000-0000,Private      ,0,0,0,0,1,1
00337112,TEMPLE UNIVERSITY - JAPAN               ,FC,00000-0000,Private      ,0,0,0,63,48,111
00369101,MIDDLEBURY COLLEGE - FRANCE             ,FC,00000-0000,Private      ,0,0,0,5,8,13
00369102,MIDDLEBURY COLLEGE - GERMANY            ,FC,00000-0000,Private      ,0,0,0,3,5,8
00369103,MIDDLEBURY COLLEGE - ITALY              ,FC,00000-0000,Private      ,0,0,0,5,4,9
00369104,MIDDLEBURY COLLEGE - SPAIN              ,FC,00000-0000,Private      ,0,0,0,11,20,31
00369105,MIDDLEBURY COLLEGE - RUSSIA             ,FC,00000-0000,Private      ,0,0,0,1,5,6
00369107,MIDDLEBURY COLLEGE - BREAD LOAF SCHOOL/E,FC,00000-0000,Private      ,0,0,0,0,1,1
00401000,INSTITUT INTERNAT'L D'ETUDES FRANCA     ,FC,00000-0000,Public       ,1,0,1,1,4,5
00401200,HEBREW UNIVERSITY OF JERUSALEM (THE)    ,FC,00000-0000,Public       ,3,10,13,41,120,161
00403000,UNIVERSITY OF CAMBRIDGE                 ,FC,00000-0000,Public       ,0,1,1,2,98,100
00503400,AMERICAN UNIVERSITY OF CAIRO            ,FC,00000-0000,Private      ,5,13,18,79,251,330
00667100,KATHOLIEKE UNIVERSITEIT LEUVEN          ,FC,00000-0000,Private      ,0,1,1,0,44,44
00669100,UNIVERSITY OF CAMBRIDGE - PEMBROKE      ,FC,00000-0000,Public       ,0,1,1,2,13,15
00669200,UNIVERSITY OF LEEDS                     ,FC,00000-0000,Public       ,0,4,4,8,116,124
00669300,UNIV OF LONDON-LONDON SCHOOL ECON       ,FC,00000-0000,Public       ,0,6,6,16,490,506
00669400,SCH OF ORIENTAL & AFRICAN STUDIES       ,FC,00000-0000,Public       ,1,3,4,11,180,191
00669500,UNIV OF LONDON-UNIVERSITY COLLEGE       ,FC,00000-0000,Public       ,0,8,8,30,453,483
00669600,UNIV OF LONDON-SCH ADVANCED STUDY       ,FC,00000-0000,Public       ,0,3,3,0,23,23
00669700,"QUEEN MARY, UNIVERSITY OF LONDON        ",FC,00000-0000,Public       ,1,7,8,28,156,184
00669900,UNIVERSITY OF SUSSEX                    ,FC,00000-0000,Public       ,0,3,3,14,97,111
00670000,"UNIVERSITY OF YORK, THE                 ",FC,00000-0000,Public       ,1,5,6,11,128,139
00670400,UNIVERSITY COLLEGE CORK                 ,FC,00000-0000,Public       ,0,2,2,10,68,78
00671300,UPPSALA UNIVERSITY                      ,FC,00000-0000,Public       ,0,0,0,2,47,49
00671500,UNIVERSITY OF GENEVA                    ,FC,00000-0000,Public       ,0,3,3,3,84,87
00683900,UNIVERSITY OF EDINBURGH                 ,FC,00000-0000,Public       ,3,16,19,138,665,803
00684200,UNIVERSITY OF DUBLIN TRINITY COLLEG     ,FC,00000-0000,Public       ,0,8,8,42,191,233
00685000,UNIVERSITY OF CAMBRIDGE - DOWNING C     ,FC,00000-0000,Public       ,0,0,0,0,8,8
00763200,UNIVERSITY OF BRISTOL                   ,FC,00000-0000,Public       ,0,3,3,16,98,114
00768100,COLLEGE OF EUROPE                       ,FC,00000-0000,Private      ,0,1,1,0,9,9
00770500,ROYAL COLLEGE OF SURGEONS IN IRELAN     ,FC,00000-0000,Private      ,0,0,0,9,64,73
00788100,AMERICAN UNIVERSITY OF PARIS            ,FC,00000-0000,Private      ,13,20,33,243,278,521
00837100,AMERICAN UNIVERSITY OF BEIRUT           ,FC,00000-0000,Private      ,3,6,9,94,109,203
00837300,TEL-AVIV UNIVERSITY                     ,FC,00000-0000,Public       ,0,6,6,10,69,79
00837600,VRIJE UNIVERSITEIT AMSTERDAM            ,FC,00000-0000,Public       ,0,1,1,3,37,40
00837700,UNIVERSITEIT VAN AMSTERDAM(UNIVERSI     ,FC,00000-0000,Public       ,0,6,6,12,141,153
00838000,UNIVERSITY OF WARWICK                   ,FC,00000-0000,Public       ,0,5,5,9,76,85
00838300,UNIVERSITY OF GLASGOW                   ,FC,00000-0000,Public       ,0,8,8,39,389,428
00839300,UNIVERSITY OF OSLO                      ,FC,00000-0000,Public       ,0,1,1,3,19,22
00839400,UNIVERSITY OF OXFORD                    ,FC,00000-0000,Public       ,3,7,10,19,365,384
00839800,UNIVERSITY OF SHEFFIELD (THE)           ,FC,00000-0000,Public       ,0,0,0,8,102,110
00839900,UNIVERSITY OF SOUTHAMPTON               ,FC,00000-0000,Public       ,0,1,1,9,46,55
00845200,ABERYSTWYTH UNIVERSITY                  ,FC,00000-0000,Public       ,0,1,1,10,32,42
00845800,LOUGHBOROUGH UNIVERSITY                 ,FC,00000-0000,Public       ,0,0,0,2,11,13
00846000,UNIVERSITY OF NEWCASTLE UPON TYNE       ,FC,00000-0000,Public       ,0,2,2,14,93,107
00846100,UNIVERSITY OF SAINT ANDREWS             ,FC,00000-0000,Public       ,6,7,13,213,203,416
00850500,UNIVERSITY OF MELBOURNE                 ,FC,00000-0000,Public       ,1,32,33,18,167,185
00858600,SWANSEA UNIVERSITY                      ,FC,00000-0000,Public       ,0,0,0,13,30,43
00858700,UNIVERSITY OF DURHAM                    ,FC,00000-0000,Public       ,0,9,9,12,201,213
00866500,UNIVERSITY OF KENT AT CANTERBURY (THE)  ,FC,00000-0000,Public       ,1,7,8,19,144,163
00867000,UNIVERSITY OF NEW SOUTH WALES           ,FC,00000-0000,Public       ,3,16,19,10,121,131
00868700,UNIVERSITY OF ESSEX                     ,FC,00000-0000,Public       ,0,2,2,15,84,99
00869300,CITY UNIVERSITY                         ,FC,00000-0000,Public       ,0,5,5,15,189,204
00890800,THE UNIVERSITY OF BIRMINGHAM            ,FC,00000-0000,Public       ,0,6,6,10,105,115
00891000,UNIVERSITY OF HULL                      ,FC,00000-0000,Public       ,0,2,2,6,17,23
00892000,UNIVERSITY OF NOTTINGHAM                ,FC,00000-0000,Public       ,1,1,2,6,122,128
00900600,UNIVERSITY OF SALFORD (THE)             ,FC,00000-0000,Public       ,0,0,0,1,22,23
00908400,"UNIV OF LONDON, BIRKBECK                ",FC,00000-0000,Public       ,0,8,8,2,104,106
00908500,UNIV OF LONDON KING'S COLLEGE           ,FC,00000-0000,Public       ,2,18,20,36,348,384
00908600,UNIVERSITY OF LONDON - ROYAL HOLLOWAY   ,FC,00000-0000,Public       ,0,3,3,25,82,107
00914300,BAR-ILAN UNIVERSITY                     ,FC,00000-0000,Private      ,2,3,5,11,19,30
00924700,ARCHITECTURAL ASSOC SCH OF ARCHITEC     ,FC,00000-0000,Private      ,0,0,0,0,27,27
00924900,UNIVERSITY OF LIVERPOOL                 ,FC,00000-0000,Public       ,1,2,3,16,72,88
00936800,UNIVERSITY OF ABERDEEN                  ,FC,00000-0000,Public       ,1,7,8,51,121,172
00942300,ROYAL COLLEGE OF ART                    ,FC,00000-0000,Public       ,1,2,3,6,48,54
00942800,TECHNION-ISRAEL INST OF TECHLGY         ,FC,00000-0000,Public       ,0,8,8,1,88,89
00944200,UNIVERSITY OF EXETER                    ,FC,00000-0000,Public       ,0,3,3,8,83,91
00944400,UNIVERSITY OF LANCASTER                 ,FC,00000-0000,Public       ,0,2,2,5,35,40
00963400,UNIVERSITY OF OXFORD ST CATHERINE'S     ,FC,00000-0000,Public       ,0,0,0,0,6,6
00980800,UNIVERSITY OF STRATHCLYDE               ,FC,00000-0000,Public       ,0,0,0,1,38,39
00986000,UNIVERSITY OF SURREY                    ,FC,00000-0000,Public       ,0,0,0,5,24,29
00990600,PONTIFICAL NORTH AMERICAN COLLEGE       ,FC,00000-0000,Private      ,0,0,0,1,10,11
00992700,UNIVERSITY OF CAMBRIDGE - FITZWILLI     ,FC,00000-0000,Public       ,0,0,0,0,4,4
01006700,LUND UNIVERSITY                         ,FC,00000-0000,Public       ,0,3,3,1,98,99
01008400,UNIVERSITY OF CAPE TOWN                 ,FC,00000-0000,Private      ,1,21,22,10,76,86
01008700,UNIVERSITY OF OXFORD ST PETER'S COL     ,FC,00000-0000,Public       ,0,0,0,1,4,5
01008800,UNIVERSITY OF OXFORD - CORPUS CHRIS     ,FC,00000-0000,Public       ,0,0,0,0,6,6
01008900,CENTRAL SCHOOL OF SPEECH AND DRAMA      ,FC,00000-0000,Private      ,1,2,3,9,54,63
01009000,UNIVERSITY OF OXFORD - BALLIOL COLL     ,FC,00000-0000,Public       ,0,0,0,1,19,20
01014300,UNIVERSITY OF READING                   ,FC,00000-0000,Public       ,0,1,1,6,39,45
01015700,CARDIFF UNIVERSITY                      ,FC,00000-0000,Public       ,1,2,3,15,63,78
01015900,PONTIFICIA UNIVERSITA GREGORIANA        ,FC,00000-0000,Private      ,0,0,0,0,4,4
01016000,CG JUNG INST                            ,FC,00000-0000,Private      ,0,0,0,0,3,3
01018800,UNIVERSITY COLLEGE DUBLIN               ,FC,00000-0000,Public       ,0,2,2,10,197,207
01019000,UNIVERSITY OF CAMBRIDGE CHURCHILL C     ,FC,00000-0000,Public       ,0,0,0,0,10,10
01022800,UNIVERSITY OF STIRLING                  ,FC,00000-0000,Public       ,0,3,3,11,44,55
01033200,UNIVERSITY OF CAMBRIDGE - CLARE COL     ,FC,00000-0000,Public       ,0,0,0,1,8,9
01045600,UNIVERSITY OF HAIFA                     ,FC,00000-0000,Public       ,2,1,3,6,13,19
01047200,INST EUROPEEN OPEEN D'ADMINISTRATIO     ,FC,00000-0000,Private      ,0,9,9,0,73,73
01049300,CRANFIELD UNIVERSITY                    ,FC,00000-0000,Public       ,0,0,0,0,23,23
01052000,TRINITY LABAN                           ,FC,00000-0000,Public       ,0,0,0,4,8,12
01052001,LABAN CENTER FOR MOVEMENT & DANCE       ,FC,00000-0000,Public       ,0,0,0,3,12,15
01052500,UNIVERSITY OF HERTFORDSHIRE             ,FC,00000-0000,Public       ,0,2,2,17,20,37
01057400,LONDON INTRNTL FILM SCHOOL              ,FC,00000-0000,Private      ,0,4,4,4,35,39
01058600,INSTITUTE OF SOCIAL STUDIES             ,FC,00000-0000,Private      ,0,0,0,0,3,3
01058800,AUSTRALIAN NATIONAL UNIVERSITY          ,FC,00000-0000,Public       ,1,5,6,9,50,59
01058900,BANGOR UNIVERSITY                       ,FC,00000-0000,Public       ,0,2,2,6,24,30
01059400,"RICHMOND, THE AMERICAN INT UNI IN LONDON",FC,00000-0000,Private      ,9,4,13,314,71,385
01059900,INST D'ETUDES POLITIQUES DE PARIS       ,FC,00000-0000,Public       ,0,4,4,4,67,71
01068100,MACQUARIE UNIVERSITY                    ,FC,00000-0000,Public       ,3,14,17,11,84,95
01069200,UNIVERSITY OF QUEENSLAND (THE)          ,FC,00000-0000,Public       ,2,57,59,22,182,204
01078900,UNIVERSITY OF OXFORD - WORCESTER CO     ,FC,00000-0000,Public       ,0,0,0,0,8,8
01079200,CITY AND GUILDS OF LONDON INSTITUTE     ,FC,00000-0000,Private      ,0,0,0,0,5,5
01079700,"NATIONAL UNIVERSITY OF IRELAND, MAY     ",FC,00000-0000,Public       ,0,1,1,7,13,20
01080300,SEMMELWEIS UNIVERSITY OF BUDAPEST       ,FC,00000-0000,Public       ,0,0,0,4,24,28
01081600,KINGSTON UNIVERSITY                     ,FC,00000-0000,Public       ,0,4,4,32,136,168
01083800,UNIVERSITITY OF BERGEN (UOB)            ,FC,00000-0000,Public       ,0,0,0,0,8,8
01086400,UNIV OF DUNDEE                          ,FC,00000-0000,Public       ,0,1,1,10,48,58
01086600,UNIVERSITY OF OXFORD - MAGDALEN COLLEGE ,FC,00000-0000,Public       ,0,1,1,2,17,19
01086700,UNIVERSITY OF OXFORD ST JOHN'S COLL     ,FC,00000-0000,Public       ,1,1,2,2,10,12
01091400,MONASH UNIVERSITY                       ,FC,00000-0000,Public       ,3,4,7,9,50,59
01091500,UNIV OF EAST ANGLIA                     ,FC,00000-0000,Public       ,0,2,2,17,64,81
01094200,UNIVERSITY OF OXFORD - ST HUGH'S CO     ,FC,00000-0000,Public       ,0,0,0,1,4,5
01097700,UNIVERSIDAD CENTRAL DEL ESTE            ,FC,00000-0000,Private      ,18,84,102,152,987,1139
01098000,SOMERVILLE COLLEGE                      ,FC,00000-0000,Public       ,1,0,1,1,2,3
01099900,UNIV OF OXFORD - WADHAM COLLEGE         ,FC,00000-0000,Public       ,1,0,1,1,4,5
01104400,PONTIFICIA UNIVERSITA SAN TOMMASO       ,FC,00000-0000,Private      ,0,4,4,5,20,25
01105300,UNIVERSITY OF OXFORD - ST HILDA'S C     ,FC,00000-0000,Public       ,0,0,0,0,5,5
01105400,UNIVERSITY OF OXFORD - ST ANNE'S CO     ,FC,00000-0000,Public       ,0,0,0,0,7,7
01105500,UNIV OF OXFORD - LADY MARGARET HALL     ,FC,00000-0000,Public       ,0,0,0,0,7,7
01105600,UNIVERSITY OF OXFORD - UNIVERSITY C     ,FC,00000-0000,Public       ,0,0,0,1,12,13
01105700,UNIVERSITY OF OXFORD - TRINITY COLL     ,FC,00000-0000,Public       ,0,0,0,1,11,12
01105800,UNIVERSITY OF OXFORD-ST EDMUND HALL     ,FC,00000-0000,Public       ,0,0,0,1,9,10
01105900,UNIVERSITY OF OXFORD ST ANTONY'S CO     ,FC,00000-0000,Public       ,0,0,0,0,33,33
01106000,UNIVERSITY OF OXFORD - QUEEN'S COLL     ,FC,00000-0000,Public       ,0,0,0,1,12,13
01106100,UNIVERSITY OF OXFORD - PEMBROKE COL     ,FC,00000-0000,Public       ,0,0,0,0,6,6
01106200,UNIVERSITY OF OXFORD - ORIEL COLLEG     ,FC,00000-0000,Public       ,0,0,0,1,9,10
01106300,UNIVERSITY OF OXFORD - NUFFIELD COL     ,FC,00000-0000,Public       ,0,0,0,0,2,2
01106400,UNIVERSITY OF OXFORD - NEW COLLEGE      ,FC,00000-0000,Public       ,0,1,1,0,10,10
01106500,UNIVERSITY OF OXFORD MERTON COLLEGE     ,FC,00000-0000,Public       ,0,0,0,0,16,16
01106600,UNIVERSITY OF OXFORD - LINCOLN COLL     ,FC,00000-0000,Public       ,0,0,0,0,15,15
01106700,UNIVERSITY OF OXFORD - KEBLE COLLEG     ,FC,00000-0000,Public       ,0,0,0,0,7,7
01106800,UNIVERSITY OF OXFORD - JESUS COLLEG     ,FC,00000-0000,Public       ,0,0,0,0,11,11
01106900,UNIVERSITY OF OXFORD - HERTFORD COL     ,FC,00000-0000,Public       ,0,0,0,0,10,10
01107000,UNIVERSITY OF OXFORD EXETER COLLEGE     ,FC,00000-0000,Public       ,0,1,1,2,17,19
01107100,UNIV OF OXFORD - CHRIST CHURCH          ,FC,00000-0000,Public       ,0,1,1,0,17,17
01107200,UNIVERSITY OF OXFORD - BRASENOSE CO     ,FC,00000-0000,Public       ,0,0,0,1,10,11
01109100,FLINDERS UNIVERSITY OF S AUSTRALIA      ,FC,00000-0000,Public       ,1,3,4,3,19,22
01109400,UNIVERSITY OF WESTERN AUSTRALIA (THE)   ,FC,00000-0000,Public       ,0,6,6,4,22,26
01122600,AARHUS UNIVERSITY                       ,FC,00000-0000,Public       ,0,1,1,0,6,6
01156700,"IMPERIAL COLLEGE OF SCIENCE, TECHNOLOGY ",FC,00000-0000,Public       ,0,3,3,9,85,94
01167900,UNIVERSITY OF BATH                      ,FC,00000-0000,Public       ,0,0,0,5,31,36
01168300,FRANKLIN COLLEGE  SWITZERLAND           ,FC,00000-0000,Private      ,8,1,9,341,11,352
01175800,UNIV OF CAMBRIDGE - PETERHOUSE          ,FC,00000-0000,Public       ,0,0,0,1,8,9
01176400,ROYAL ACADEMY OF MUSIC                  ,FC,00000-0000,Public       ,0,0,0,10,19,29
01176500,GOLDSMITHS' COLLEGE-UNIV OF LONDON      ,FC,00000-0000,Public       ,2,7,9,32,175,207
01176600,UNIV OF LONDON - INST OF EDUC           ,FC,00000-0000,Public       ,0,2,2,2,39,41
01178000,BRUNEL UNIVERSITY                       ,FC,00000-0000,Public       ,0,0,0,4,40,44
01183800,UNIVERSITY OF OXFORD - MANSFIELD CO     ,FC,00000-0000,Public       ,0,0,0,0,2,2
01207500,UNIVERSITY CAMBRIDGE - TRINITY COLL     ,FC,00000-0000,Public       ,0,0,0,3,11,14
01207800,VICTORIA UNIV OF WELLINGTON             ,FC,00000-0000,Public       ,3,8,11,12,50,62
01209600,ECOLE HåTELIERE DE LAUSANNE             ,FC,00000-0000,Private      ,0,0,0,0,9,9
01210100,UNIVERSITY OF CAMBRIDGE - GIRTON CO     ,FC,00000-0000,Public       ,0,0,0,2,6,8
01213600,VICTORIA UNIV OF MANCHESTER (THE)       ,FC,00000-0000,Public       ,0,7,7,22,168,190
01219800,UNIVERSITY OF BRADFORD                  ,FC,00000-0000,Public       ,0,0,0,1,30,31
01220100,UNIVERSITY OF OXFORD - REGENT'S PAR     ,FC,00000-0000,Public       ,0,0,0,0,6,6
01220600,JAMES COOK UNIVERSITY                   ,FC,00000-0000,Public       ,8,19,27,35,83,118
01221500,BIRMINGHAM CITY UNIVERSITY              ,FC,00000-0000,Public       ,0,0,0,4,12,16
01222300,JAGIELLONIAN UNIVERSITY COLLEGIUM M     ,FC,00000-0000,Public       ,0,4,4,2,50,52
01222500,UNIVERSITY OF SZEGED FACULTY OF MEDICINE,FC,00000-0000,Public       ,0,0,0,1,8,9
01225800,ASTON UNIVERSITY                        ,FC,00000-0000,Public       ,0,1,1,3,14,17
01227500,UNIVERSITY OF OXFORD - WOLFSON COLL     ,FC,00000-0000,Public       ,0,0,0,0,27,27
01230200,GONVILLE & CAIUS COLLEGE                ,FC,00000-0000,Public       ,0,0,0,1,4,5
01233300,UNIV OF THE ARTS LONDON- CAMBERWELL COLL,FC,00000-0000,Public       ,0,2,2,10,15,25
01233500,ROYAL COLLEGE OF MUSIC                  ,FC,00000-0000,Public       ,0,0,0,6,23,29
01234100,UNIVERSITY OF WALES - ST DAVID'S UN     ,FC,00000-0000,Public       ,0,0,0,4,20,24
01236000,EDINBURGH COLLEGE OF ART                ,FC,00000-0000,Public       ,0,1,1,10,50,60
01242100,UNIV OF AUCKLAND                        ,FC,00000-0000,Public       ,1,15,16,20,89,109
01253900,UNIVERSITY OF THE ARTS LONDON IDO - CENT,FC,00000-0000,Public       ,4,2,6,44,81,125
01254000,UNIVERSIDAD DE NAVARRA                  ,FC,00000-0000,Private      ,0,2,2,5,16,21
01276500,UNIVERSITY OF OXFORD - LINACRE COLL     ,FC,00000-0000,Public       ,0,1,1,0,17,17
01276600,"NATIONAL UNIVERSITY IRELAND, GALWAY     ",FC,00000-0000,Public       ,0,1,1,27,77,104
01280200,PONTIFICIA UNIV CATOLICA MAD Y MAES     ,FC,00000-0000,Private      ,27,17,44,136,191,327
01281100,INST TECNOLOGICO DE SANTO DOMINGO       ,FC,00000-0000,Private      ,4,17,21,34,164,198
01283900,UNIVERSITY OF CAMBRIDGE - SAINT JOH     ,FC,00000-0000,Public       ,0,0,0,0,16,16
01286200,MOUNTVIEW ACADEMY OF THEATRE ARTS       ,FC,00000-0000,Private      ,0,0,0,1,5,6
01297800,UNIVERSITY OF HUDDERSFIELD (THE)        ,FC,00000-0000,Public       ,0,0,0,3,9,12
01315300,MASSEY UNIVERSITY                       ,FC,00000-0000,Public       ,1,37,38,8,102,110
01322500,COLLEGE OF LAW                          ,FC,00000-0000,Private      ,0,1,1,1,31,32
02052400,DARWIN COLLEGE                          ,FC,00000-0000,Public       ,0,1,1,0,15,15
02082400,UNIVERSITY OF CAMBRIDGE - QUEEN'S C     ,FC,00000-0000,Public       ,0,0,0,1,14,15
02083400,UNIVERSITY OF CAMBRIDGE - WOLFSON C     ,FC,00000-0000,Public       ,0,0,0,0,13,13
02087400,UNIVERSITY OF CAMBRIDGE - NEWNHAM C     ,FC,00000-0000,Public       ,0,0,0,1,10,11
02087900,OXFORD BROOKES UNIVERSITY               ,FC,00000-0000,Public       ,0,0,0,20,63,83
02094100,BEN-GURION UNIV                         ,FC,00000-0000,Public       ,1,1,2,3,153,156
02094400,UNIV OF CAMBRIDGE - ST EDMUND'S HOU     ,FC,00000-0000,Public       ,0,0,0,0,9,9
02095500,LONDON BUS SCHOOL                       ,FC,00000-0000,Private      ,0,8,8,1,156,157
02098700,FATIMA COLLEGE OF MEDICINE              ,FC,00000-0000,Private      ,1,6,7,8,85,93
02101900,ROEHAMPTON UNIVERSITY                   ,FC,00000-0000,Public       ,0,3,3,10,70,80
02108600,LONDON ACADEMY OF MUSIC & DRAMATIC      ,FC,00000-0000,Private      ,1,0,1,9,20,29
02115900,UNIVERSITY OF PORTSMOUTH                ,FC,00000-0000,Public       ,1,0,1,4,20,24
02116700,UNIVERSITY OF CAMBRIDGE - LUCY CAVE     ,FC,00000-0000,Public       ,0,1,1,0,10,10
02120000,UNIV OF LONDON - COURTALD INST OF A     ,FC,00000-0000,Public       ,0,0,0,0,38,38
02133400,UNIVERSITY OF CAMBRIDGE - SIDNEY SU     ,FC,00000-0000,Public       ,0,0,0,2,8,10
02142000,UNIVERSITY OF CAMBRIDGE - HOMERTON      ,FC,00000-0000,Public       ,0,0,0,0,7,7
02149700,UNIVERSITY OF WINCHESTER (THE)          ,FC,00000-0000,Public       ,0,2,2,6,9,15
02156800,UNIV OF OTAGO                           ,FC,00000-0000,Public       ,1,10,11,8,43,51
02162300,"IESE BUSINESS SCH, UNIV OF NAVARRA      ",FC,00000-0000,Private      ,0,8,8,5,79,84
02167400,UNIVERSITY OF CAMBRIDGE - CORPUS CH     ,FC,00000-0000,Public       ,0,1,1,0,7,7
02175700,OHR SOMAYACH INSTITUTIONS               ,FC,00000-0000,Private      ,0,0,0,0,4,4
02177700,KING'S COLLEGE- UNIV OF CAMBRIDGE       ,FC,00000-0000,Public       ,0,1,1,6,30,36
02180500,MIDDLESEX UNIVERSITY                    ,FC,00000-0000,Public       ,1,3,4,21,79,100
02181000,UNIVERSITY OF SOUTH AUSTRALIA           ,FC,00000-0000,Public       ,1,1,2,2,14,16
02183500,UNIV OF OXFORD - WYCLIFFE HALL          ,FC,00000-0000,Public       ,0,0,0,0,1,1
02186000,UNIVERSITY OF CAMBRIDGE - MAGDALENE     ,FC,00000-0000,Public       ,0,0,0,1,3,4
02186100,UNIVERSITY OF CAMBRIDGE - EMMANUEL      ,FC,00000-0000,Public       ,0,0,0,0,7,7
02189600,UNIVERSITY OF GRONINGEN                 ,FC,00000-0000,Public       ,0,2,2,3,24,27
02194800,UNIVERSITY OF THE WEST OF ENGLAND -     ,FC,00000-0000,Public       ,0,1,1,6,19,25
02195100,UNIV OF WESTMINSTER                     ,FC,00000-0000,Public       ,0,5,5,27,120,147
02196700,GUILDHALL SCHOOL OF MUSIC & DRAMA       ,FC,00000-0000,Public       ,0,0,0,8,14,22
02207300,UNIVERSITY OF CAMBRIDGE - CHRIST'S      ,FC,00000-0000,Public       ,0,0,0,1,4,5
02207400,CHINESE UNIVERSITY OF HONG KONG (THE)   ,FC,00000-0000,Public       ,1,2,3,10,42,52
02209500,UNIVERSITEIT UTRECHT                    ,FC,00000-0000,Public       ,1,4,5,7,70,77
02210000,UNIV OF LONDON - LONDON SCHOOL OF H     ,FC,00000-0000,Public       ,0,0,0,2,43,45
02212300,UNIVERSITY OF CAMBRIDGE - ROBINSON      ,FC,00000-0000,Public       ,0,0,0,0,3,3
02225300,UNIV OF CANTERBURY                      ,FC,00000-0000,Public       ,2,10,12,11,44,55
02229100,UNIVERSITY OF LEICESTER                 ,FC,00000-0000,Public       ,0,2,2,8,88,96
02229600,SACKLER SCHOOL OF MEDICINE              ,FC,00000-0000,Public       ,0,3,3,0,181,181
02232100,UNIVERSITY OF CAMBRIDGE                 ,FC,00000-0000,Public       ,0,2,2,3,26,29
02233300,SAINT GEORGES UNIVERSITY SCHOOL OF MEDIC,FC,00000-0000,Proprietary  ,0,255,255,9,3091,3100
02235300,LONDON METROPOLITAN UNIVERSITY          ,FC,00000-0000,Public       ,0,13,13,26,175,201
02244400,AMERICAN UNIV OF THE CARIBBEAN          ,FC,00000-0000,Proprietary  ,0,175,175,10,1332,1342
02257100,COVENTRY UNIVERSITY                     ,FC,00000-0000,Public       ,0,0,0,1,3,4
02266600,UNIVERSITY OF LONDON - SAINT GEORGE     ,FC,00000-0000,Public       ,0,3,3,1,18,19
02271700,UNIVERSITY OF CAMBRIDGE - CLARE HAL     ,FC,00000-0000,Public       ,0,0,0,0,12,12
02271800,UNIV OF OXFORD - CAMPION HALL           ,FC,00000-0000,Public       ,0,0,0,0,3,3
02271900,UNIVERSITY OF OXFORD - BLACKFRIARS      ,FC,00000-0000,Public       ,0,0,0,0,3,3
02272100,UNIV OF OXFORD - GREYFRIARS             ,FC,00000-0000,Public       ,0,0,0,0,1,1
02272200,UNIV OF CAMBRIDGE - NEW HALL            ,FC,00000-0000,Public       ,0,0,0,0,3,3
02273600,QUEEN'S UNIV OF BELFAST (THE)           ,FC,00000-0000,Public       ,0,4,4,16,81,97
02273900,HERIOT WATT UNIVERSITY                  ,FC,00000-0000,Public       ,0,2,2,6,37,43
02276700,NYENRODE BUSINESS UNIVERSITEIT          ,FC,00000-0000,Private      ,0,0,0,0,4,4
02293400,ECOLE DES HAUTES ETUDES COMERCIALS      ,FC,00000-0000,Public       ,0,2,2,0,53,53
02296300,UNIVERSITY OF CAMBRIDGE - JESUS COL     ,FC,00000-0000,Public       ,0,0,0,0,10,10
02310500,DE MONTFORT UNIVERSITY                  ,FC,00000-0000,Public       ,0,3,3,1,13,14
02320500,ROYAL NORTHERN COLLEGE OF MUSIC         ,FC,00000-0000,Public       ,1,0,1,2,6,8
02335100,UNIV OF CAMBRIDGE - TRINITY HALL        ,FC,00000-0000,Public       ,0,0,0,1,12,13
02338900,UNIVERSITY  FOR THE CREATIVE ARTS       ,FC,00000-0000,Public       ,0,0,0,1,2,3
02338903,KENT INSTITUTE OF ART & DESIGN          ,FC,00000-0000,Public       ,0,0,0,2,4,6
02351800,UNIVERSIDAD IBEROAMERICANA (UNIBE       ,FC,00000-0000,Private      ,11,93,104,138,1125,1263
02355200,ECOLE SUPERIEURE DE CUISINE FRANCAISE-FE,FC,00000-0000,Public       ,0,9,9,2,34,36
02363000,GSA CONSERVATOIRE                       ,FC,00000-0000,Private      ,0,0,0,1,3,4
02496700,NATIONAL FILM & TV SCHOOL               ,FC,00000-0000,Public       ,0,1,1,0,1,1
02502600,PECSI ORVOSTUDOMANYI EGYETEM (PECS      ,FC,00000-0000,Public       ,0,0,0,2,19,21
02545700,GLASGOW SCHOOL OF ART                   ,FC,00000-0000,Public       ,1,1,2,14,32,46
02561600,SOUTHAMPTON SOLENT UNIVERSITY           ,FC,00000-0000,Public       ,0,0,0,0,4,4
02579600,MURDOCH UNIVERSITY                      ,FC,00000-0000,Public       ,0,7,7,6,56,62
02588000,UNIVERSITY OF ULSTER                    ,FC,00000-0000,Public       ,1,1,2,4,17,21
02591800,CURTIN UNIVERSITY OF TECHNOLOGY         ,FC,00000-0000,Public       ,0,1,1,4,14,18
02592300,MILLTOWN INST OF THEOLOGY & PHILOSO     ,FC,00000-0000,Private      ,0,0,0,1,1,2
02604300,AALBORG UNIVERSITY                      ,FC,00000-0000,Public       ,0,2,2,2,13,15
02611500,HELSINKI SCH OF ECONOMICS & BUS ADM     ,FC,00000-0000,Public       ,0,0,0,1,6,7
02611600,ECOL NATIONAL DES PONTS ET CHAUSSEE     ,FC,00000-0000,Public       ,0,1,1,4,7,11
02611700,DUBLIN CITY UNIVERSITY                  ,FC,00000-0000,Public       ,0,2,2,6,35,41
02622500,DENMARKS TEKNISKE UNIVERSITET           ,FC,00000-0000,Public       ,0,0,0,0,7,7
02623200,UNIVERSITY OF NEWCASTLE (THE)           ,FC,00000-0000,Public       ,2,5,7,11,29,40
03012700,UNIVERSITY OF BUCKINGHAM                ,FC,00000-0000,Private      ,2,1,3,8,14,22
03029400,KEELE UNIVERSITY                        ,FC,00000-0000,Public       ,0,0,0,4,12,16
03029500,NORTHUMBRIA UNIVERSITY                  ,FC,00000-0000,Public       ,0,0,0,4,31,35
03029800,NORGES HANDELSHOYSKOLE                  ,FC,00000-0000,Public       ,0,2,2,1,15,16
03033300,MANCHESTER METROPOLITAN UNIV            ,FC,00000-0000,Public       ,0,2,2,14,43,57
03045000,UNIVERSITY OF EAST LONDON               ,FC,00000-0000,Public       ,1,4,5,6,48,54
03050100,STUDIO ART CENTERS INTERNATIONAL        ,FC,00000-0000,Private      ,1,1,2,20,37,57
03061000,CHALMERS TEKNISKA HOGSKOLA AB           ,FC,00000-0000,Private      ,0,0,0,1,6,7
03066800,PONTIFICIO ATENEO DELLA SANTA CROCE     ,FC,00000-0000,Private      ,0,3,3,0,12,12
03067200,UNIVERSITY OF SYDNEY                    ,FC,00000-0000,Public       ,3,50,53,24,252,276
03073800,UNIV OF DEBRECEN MED & HEALTH SCI       ,FC,00000-0000,Public       ,0,0,0,4,26,30
03080300,SHEFFIELD HALLAM UNIVERSITY             ,FC,00000-0000,Public       ,0,0,0,1,11,12
03084300,UNIVERSITY OF LIMERICK                  ,FC,00000-0000,Public       ,0,2,2,10,37,47
03088700,ROYAL SCOTTISH ACAD MUSIC & DRAMA       ,FC,00000-0000,Public       ,0,0,0,16,19,35
03091400,UNIVERSITY OF WOLLONGONG                ,FC,00000-0000,Public       ,0,1,1,6,28,34
03091500,UNIVERSITY OF CANBERRA                  ,FC,00000-0000,Public       ,1,2,3,5,14,19
03091700,KAROL MARCINKOWSKI UNIV OF MED SCI      ,FC,00000-0000,Public       ,1,2,3,12,222,234
03092500,NOTTINGHAM TRENT UNIVERSITY             ,FC,00000-0000,Public       ,0,1,1,7,24,31
03095000,RMIT UNIVERSITY                         ,FC,00000-0000,Public       ,0,6,6,6,36,42
03095400,BOND UNIVERSITY                         ,FC,00000-0000,Private      ,3,10,13,40,97,137
03095900,ESSEC BUSINESS SCHOOL                   ,FC,00000-0000,Private      ,0,0,0,0,20,20
03096100,LA TROBE UNIVERSITY                     ,FC,00000-0000,Public       ,2,5,7,10,28,38
03096900,DEAKIN UNIVERSITY                       ,FC,00000-0000,Public       ,0,2,2,4,16,20
03097100,UNIVERSITY OF WESTERN SYDNEY            ,FC,00000-0000,Public       ,0,3,3,4,12,16
03097300,VICTORIA UNIVERSITY OF TECHNOLOGY       ,FC,00000-0000,Public       ,0,3,3,3,15,18
03097500,CENTRAL QUEENSLAND UNIVERSITY           ,FC,00000-0000,Public       ,1,1,2,3,6,9
03100000,UNIVERSITY OF ADELAIDE (THE)            ,FC,00000-0000,Public       ,1,2,3,5,28,33
03100200,INST DE MANAGEMENT HOTELIER INTERNA     ,FC,00000-0000,Private      ,0,0,0,0,1,1
03101600,ASIAN INSTITUTE OF MANAGEMENT           ,FC,00000-0000,Private      ,1,4,5,5,9,14
03102500,AMERICAN UNIVERSITY OF ROME             ,FC,00000-0000,Private      ,8,8,16,96,62,158
03102800,ROBERT GORDON UNIVERSITY (THE)          ,FC,00000-0000,Public       ,0,4,4,0,23,23
03104800,GRIFFITH UNIVERSITY                     ,FC,00000-0000,Public       ,4,11,15,16,51,67
03104801,GRIFFITH UNIVERSITY - MOUNT GRAVATT CAMP,FC,00000-0000,Public       ,0,0,0,3,7,10
03104802,GRIFFITH UNIVERSITY - GOLD COAST CAMPUS ,FC,00000-0000,Public       ,0,0,0,3,10,13
03104803,GRIFFITH UNIVERSITY - QUEENSLAND CONSERV,FC,00000-0000,Public       ,0,0,0,1,8,9
03104804,GRIFFITH UNIVERSITY - QUEENSLAND COLLEGE,FC,00000-0000,Public       ,0,0,0,6,8,14
03104805,GRIFFITH UNIVERSITY - LOGAN CAMPUS      ,FC,00000-0000,Public       ,0,0,0,1,1,2
03136300,AUSTRALIAN CATHOLIC UNIVERSITY          ,FC,00000-0000,Public       ,0,0,0,5,16,21
03140300,EDITH COWAN UNIVERSITY                  ,FC,00000-0000,Public       ,0,1,1,3,18,21
03140400,NORTHERN TERRITORY UNIVERSITY           ,FC,00000-0000,Public       ,0,1,1,0,2,2
03140500,QUEENSLAND UNIVERSITY OF TECHNOLOGY     ,FC,00000-0000,Public       ,1,7,8,4,35,39
03140600,SOUTHERN CROSS UNIVERSITY               ,FC,00000-0000,Public       ,0,2,2,3,17,20
03140700,SWINBURNE UNIVERSITY OF TECHNOLOGY      ,FC,00000-0000,Public       ,2,0,2,6,18,24
03140900,UNIVERSITY OF BALLARAT                  ,FC,00000-0000,Public       ,0,0,0,0,1,1
03150300,UNIVERSITY OF TASMANIA                  ,FC,00000-0000,Public       ,1,0,1,7,10,17
03150400,"UNIVERSITY OF TECHNOLOGY, SYDNEY        ",FC,00000-0000,Public       ,2,8,10,8,41,49
03274300,"KUNGLIGA TEKNISKA HOGSKOLAN, KTH        ",FC,00000-0000,Public       ,0,1,1,3,24,27
03287300,LIVERPOOL INSTITUTE FOR PERFORMING ARTS ,FC,00000-0000,Public       ,1,0,1,23,4,27
03300300,"2ND SCHOOL OF MEDICINE, CHARLES UNI     ",FC,00000-0000,Public       ,0,0,0,0,2,2
03300400,"FIRST FACULTY OF MEDICINE, CHARLES UNIV.",FC,00000-0000,Public       ,0,3,3,1,27,28
03329300,JOHN CABOT UNIVERSITY                   ,FC,00000-0000,Private      ,5,2,7,153,26,179
03332400,AGRICULTURE UNIVERSITY OF WROCLAW       ,FC,00000-0000,Public       ,0,0,0,1,1,2
03333300,MEDICAL UNIVERSITY SCHOOL OF LUBLIN     ,FC,00000-0000,Public       ,2,28,30,11,234,245
03334300,UNIVERSIDAD NORDESTANA                  ,FC,00000-0000,Private      ,1,16,17,7,72,79
03335300,MEDICAL UNIVERSITY OF SILESIA           ,FC,00000-0000,Public       ,0,7,7,7,97,104
03349400,"QUEEN MARGARET UNIVERSITY COLLEGE, EDINB",FC,00000-0000,Public       ,0,0,0,3,19,22
03350300,BOURNEMOUTH UNIVERSITY                  ,FC,00000-0000,Public       ,0,0,0,8,24,32
03352300,LONDON SOUTH BANK UNIVERSITY            ,FC,00000-0000,Private      ,0,1,1,12,38,50
03364300,"FACULTY OF MEDICINE, PALACKY UNIVER     ",FC,00000-0000,Public       ,0,0,0,1,6,7
03365400,AUCKLAND INSTITUTE OF TECHNOLOGY        ,FC,00000-0000,Public       ,0,1,1,5,17,22
03377300,"UNIVERSITY OF WALES INSTITUTE, CARD     ",FC,00000-0000,Public       ,0,2,2,2,13,15
03378300,"THE 3RD FACULTY OF MEDICINE, CHARLE     ",FC,00000-0000,Public       ,0,0,0,0,3,3
03386300,CHARLES UNIVERSITY-MEDICAL FACULTY      ,FC,00000-0000,Public       ,0,0,0,1,8,9
03406300,"THE SCHOOL OF PHARMACY, UNIVERSITY      ",FC,00000-0000,Public       ,0,0,0,0,5,5
03418400,NAPIER UNIVERSITY                       ,FC,00000-0000,Public       ,0,0,0,4,25,29
03435300,ANGLIA POLYTECHNIC UNIVERSITY HIGHE     ,FC,00000-0000,Public       ,1,0,1,6,11,17
03460300,INTERNATIONALES THEOLOGISCHES INSTI     ,FC,00000-0000,Private      ,1,2,3,2,16,18
03462400,UNIV OF ARTS LONDON - LON COLL OF COMMUN,FC,00000-0000,Public       ,0,5,5,20,47,67
03466300,INSTITUTO CENTROAMERICANO DE ADMINI     ,FC,00000-0000,Private      ,0,2,2,0,10,10
03473300,UNIV OF ARTS LONDON - LON COLL FASHION  ,FC,00000-0000,Public       ,0,3,3,44,73,117
03475300,UNIV OF THE ARTS  LONDON - CHELSEA COLL ,FC,00000-0000,Public       ,1,1,2,12,23,35
03478300,ROYAL WELSH COLLEGE OF MUSIC AND DRAMA  ,FC,00000-0000,Public       ,0,1,1,6,8,14
03492300,UNIVERSITY OF OXFORD - GREEN TEMPLETON C,FC,00000-0000,Public       ,0,0,0,0,4,4
03492400,UNIV OF CAMBRIDGE-ST CATHERINE'S CG     ,FC,00000-0000,Public       ,0,0,0,0,4,4
03494400,UNIV OF CAMBRIDGE-SELWYN COLLEGE        ,FC,00000-0000,Public       ,0,0,0,0,6,6
03494500,UNIV OF OXFORD-SAINT BENET'S HALL       ,FC,00000-0000,Public       ,0,0,0,0,1,1
03494600,UNIV OF OXFORD-HARRIS MANCHESTER        ,FC,00000-0000,Public       ,0,0,0,2,6,8
03500300,WIMBLEDON COLLEGE OF ART                ,FC,00000-0000,Public       ,0,0,0,9,6,15
03501400,LEEDS METROPOLITAN UNIVERSITY           ,FC,00000-0000,Public       ,1,2,3,6,23,29
03507300,UNIVERSITY OF SUNDERLAND                ,FC,00000-0000,Public       ,0,0,0,3,7,10
03515300,UNIVERSITY OF CENTRAL LANCASHIRE        ,FC,00000-0000,Public       ,0,0,0,7,19,26
03517300,UNIVERSITY OF BRIGHTON                  ,FC,00000-0000,Public       ,0,3,3,9,25,34
03518300,EUROPEAN GRADUATE SCHOOL                ,FC,00000-0000,Private      ,0,3,3,0,72,72
03526300,INST CENTROAMERICANO DE ADM DE EMP      ,FC,00000-0000,Private      ,0,2,2,3,5,8
03527300,SOFIA UNIVERSITY ST. KLIMENT OHRIDSKI   ,FC,00000-0000,Public       ,0,1,1,0,4,4
03533300,BATH SPA UNIVERSITY                     ,FC,00000-0000,Public       ,0,0,0,7,22,29
03547300,UNIVERSITY OF GLAMORGAN                 ,FC,00000-0000,Public       ,0,0,0,4,9,13
03580300,LIVERPOOL JOHN MOORES UNIVERSITY        ,FC,00000-0000,Public       ,0,0,0,7,12,19
03589400,ARTS INSTITUTE AT BOURNEMOUTH (THE)     ,FC,00000-0000,Public       ,0,1,1,6,8,14
03590300,AVONDALE COLLEGE LIMITED                ,FC,00000-0000,Private      ,2,0,2,10,4,14
03594300,GROUP ESC GRENOBLE GRAD SCH OF BUS.     ,FC,00000-0000,Private      ,0,2,2,1,45,46
03597300,JAGIELLONIAN UNIVERSITY                 ,FC,00000-0000,Public       ,0,1,1,0,33,33
03601300,UNIVERSITAT JAUME I DE CASTELLO/UJI     ,FC,00000-0000,Public       ,0,0,0,1,5,6
03603300,LEEDS COLLEGE OF MUSIC                  ,FC,00000-0000,Public       ,0,0,0,2,1,3
03619300,UNIVERSITY OF GREENWICH                 ,FC,00000-0000,Public       ,0,2,2,6,44,50
03653400,UNIVERSIDAD DE IBEROAMERICA - UNIBE     ,FC,00000-0000,Private      ,0,1,1,2,22,24
03674300,UNIVERSITY OF ABERTAY DUNDEE            ,FC,00000-0000,Public       ,0,1,1,1,7,8
03684400,UNIVERSITY OF LINCOLN                   ,FC,00000-0000,Public       ,0,1,1,2,13,15
03684500,MEDICAL UNIVERSITY OF GDANSK            ,FC,00000-0000,Public       ,0,3,3,3,24,27
03685300,UNIVERSITAT POMPEU FABRA                ,FC,00000-0000,Public       ,0,1,1,4,52,56
03716300,"UNIVERSITY OF WALES, NEWPORT            ",FC,00000-0000,Public       ,0,0,0,2,9,11
03721300,WRITTLE COLLEGE                         ,FC,00000-0000,Public       ,0,0,0,2,1,3
03727400,UNIVERSITY OF WAIKATO (THE)             ,FC,00000-0000,Public       ,0,1,1,9,7,16
03738300,LONDON SCHOOL OF THEOLOGY               ,FC,00000-0000,Private      ,0,1,1,0,5,5
03741300,ALRA (ACADEMY OF LIVE AND RECORDED ARTS),FC,00000-0000,Private      ,0,0,0,1,6,7
03770300,NAZARENE THEOLOGICAL COLLEGE            ,FC,00000-0000,Private      ,0,1,1,0,11,11
03794400,ANGLO EUROPEAN COLLEGE OF CHIROPRACTIC  ,FC,00000-0000,Private      ,0,0,0,0,3,3
03807300,ROSE BRUFORD COLLEGE                    ,FC,00000-0000,Public       ,0,0,0,1,0,1
03816400,AMERICAN GRAD SCH OF INTERNTL REL & DIPL,FC,00000-0000,Private      ,1,8,9,6,85,91
03818300,LEIPZIG GRADUATE SCHOOL OF MANAGEMENT   ,FC,00000-0000,Private      ,0,0,0,0,18,18
03824300,"ROYAL VETERINARY COLLEGE (THE), UNIVERSI",FC,00000-0000,Public       ,0,1,1,4,118,122
03850400,UNIVERSITY OF NOTRE DAME AUSTRALIA (THE),FC,00000-0000,Private      ,0,0,0,1,1,2
03850500,MEDICAL UNIVERSITY OF LODZ              ,FC,00000-0000,Public       ,1,8,9,5,73,78
03859400,UNIVERSITY COLLEGE FALMOUTH             ,FC,00000-0000,Public       ,0,1,1,5,7,12
03867300,UNIVERSITAT AUTONOMA DE BARCELONA       ,FC,00000-0000,Public       ,0,0,0,1,24,25
03880300,UNIVERSITY OF GLOUCESTERSHIRE (THE)     ,FC,00000-0000,Public       ,0,1,1,2,11,13
03897400,INTERNATIONAL SPACE UNIVERSITY          ,FC,00000-0000,Private      ,0,0,0,1,9,10
03926400,NATIONAL COLLEGE OF ART AND DESIGN      ,FC,00000-0000,Public       ,0,0,0,3,5,8
03941301,AVE MARIA UNIVERSITY - LATIN AMERICA    ,FC,00000-0000,Private      ,18,1,19,192,31,223
03978300,SPURGEON'S COLLEGE                      ,FC,00000-0000,Private      ,0,0,0,1,0,1
03993400,TRINITY COLLEGE CARMARTHEN              ,FC,00000-0000,Public       ,0,0,0,0,2,2
04021400,"AMERICAN COLLEGE, DUBLIN LIMITED (THE)  ",FC,00000-0000,Private      ,0,2,2,8,13,21
04021500,CENTRAL EUROPEAN UNIVERSITY             ,FC,00000-0000,Private      ,0,4,4,5,81,86
04032300,YORK ST JOHN UNIVERSITY                 ,FC,00000-0000,Public       ,0,0,0,2,2,4
04046300,HK UNIVERSITY OF SCI & TECH (HKUST)     ,FC,00000-0000,Public       ,0,2,2,1,22,23
04070300,"RAPHAEL RECANATI INTERNATIONAL SCHOOL, T",FC,00000-0000,Private      ,4,9,13,60,71,131
04085400,NEW ZEALAND COLLEGE OF CHIROPRACTIC     ,FC,00000-0000,Private      ,0,0,0,0,2,2
04113300,LEBANESE AMERICAN UNIVERSITY            ,FC,00000-0000,Private      ,1,1,2,16,11,27
04115900,LIVERPOOL HOPE UNIVERSITY               ,FC,00000-0000,Public       ,0,0,0,4,14,18
04116300,EDHEC BUSINESS SCHOOL                   ,FC,00000-0000,Private      ,0,2,2,1,19,20
04121400,ISAPZURICH (INTERNATIONAL SCHOOL OF ANAL,FC,00000-0000,Private      ,0,1,1,1,6,7
04128600,UNIVERSITY OF WORCESTER                 ,FC,00000-0000,Public       ,0,0,0,2,2,4
04139100,UNIVERSITA DEGLI STUDI DI SCIENZE GASTRO,FC,00000-0000,Private      ,0,7,7,2,32,34
04143700,ST MARY'S UNIVERSITY COLLEGE TWICKENHAM ,FC,00000-0000,Public       ,1,4,5,3,87,90
00380600,ALDERSON-BROADDUS COLLEGE               ,WV,26416-1051,Private      ,7,13,20,826,273,1099
00380700,MOUNTAIN STATE UNIVERSITY               ,WV,25801-5624,Private      ,104,751,855,1419,7308,8727
00380800,BETHANY COLLEGE                         ,WV,26032-0417,Private      ,10,3,13,1345,156,1501
00380900,BLUEFIELD STATE COLLEGE                 ,WV,24701-2198,Public       ,35,152,187,1229,1744,2973
00381000,CONCORD UNIVERSITY                      ,WV,24712-0000,Public       ,48,77,125,3004,1234,4238
00381100,DAVIS & ELKINS COLLEGE                  ,WV,26241-3996,Private      ,9,15,24,895,344,1239
00381200,FAIRMONT STATE UNIVERSITY               ,WV,26554-2470,Public       ,107,286,393,5024,3972,8996
00381300,GLENVILLE STATE COLLEGE                 ,WV,26351-1292,Public       ,23,37,60,1358,618,1976
00381500,MARSHALL UNIVERSITY                     ,WV,25755-3300,Public       ,175,469,644,9426,7210,16636
00381600,SOUTHERN WV COMMUNITY COLLEGE           ,WV,25637-2900,Public       ,40,109,149,1115,1295,2410
00381800,UNIVERSITY OF CHARLESTON                ,WV,25304-1099,Private      ,21,43,64,1564,898,2462
00381900,OHIO VALLEY COLLEGE                     ,WV,26105-8000,Private      ,5,19,24,480,213,693
00382000,SALEM INTERNATIONAL UNIVERSITY          ,WV,26426-0500,Proprietary  ,21,150,171,335,1042,1377
00382200,SHEPHERD UNIVERSITY                     ,WV,25443-3210,Public       ,70,96,166,3810,1533,5343
00382300,WEST LIBERTY STATE COLLEGE              ,WV,26074-0295,Public       ,38,36,74,2877,861,3738
00382600,WEST VIRGINIA STATE UNIVERSITY          ,WV,25112-0000,Public       ,69,197,266,2649,2730,5379
00382700,WEST VIRGINIA UNIVERSITY                ,WV,26506-6201,Public       ,317,424,741,24618,9652,34270
00382711,WEST VIRGINIA UNIVERSITY - POTOMAC STATE,WV,26726-3000,Public       ,47,59,106,1718,559,2277
00382721,WEST VIRGINIA UNIV INST OF TECH         ,WV,25136-2436,Public       ,18,42,60,1062,432,1494
00382800,WEST VIRGINIA UNIV AT PARKERSBURG       ,WV,26101-9577,Public       ,82,348,430,1691,3501,5192
00383000,WEST VIRGINIA WESLEYAN COLLEGE          ,WV,26201-2600,Private      ,12,26,38,1886,281,2167
00383100,WHEELING JESUIT UNIVERSITY              ,WV,26003-6243,Private      ,18,36,54,1245,679,1924
00500700,WEST VIRGINIA JUNIOR COLLEGE            ,WV,26505-5596,Proprietary  ,9,23,32,150,265,415
00500800,MOUNTAIN STATE COLLEGE                  ,WV,26101-3993,Proprietary  ,3,50,53,90,358,448
00754400,APPALACHIAN BIBLE COLLEGE               ,WV,25818-1353,Private      ,8,5,13,265,74,339
00757800,HUNTINGTON SCHOOL OF BEAUTY CULTURE     ,WV,25705-2030,Proprietary  ,2,19,21,47,143,190
00760000,INTERNATIONAL BEAUTY SCHOOL             ,WV,25401-3231,Proprietary  ,8,21,29,39,127,166
00835500,JAMES RUMSEY TECHNICAL INSTITUTE        ,WV,25403-0259,Public       ,10,34,44,90,304,394
00895900,CLARKSBURG BEAUTY ACADEMY               ,WV,26301-2903,Proprietary  ,11,28,39,53,76,129
00904700,HUNTINGTON JUNIOR COLLEGE               ,WV,25701-2004,Proprietary  ,14,132,146,235,1454,1689
00905400,WEST VIRGINIA NORTHERN CMTY COLLEGE     ,WV,26003-0000,Public       ,64,289,353,1219,2802,4021
01014000,MINERAL COUNTY VOCATIONAL TECH CTR      ,WV,26726-0000,Public       ,3,9,12,13,55,68
01035600,EVEREST INSTITUTE                       ,WV,25313-1304,Proprietary  ,24,106,130,201,1122,1323
01057300,WEST VIRGINIA JUNIOR COLLEGE            ,WV,25322-0000,Proprietary  ,22,40,62,180,404,584
01057302,WEST VIRGINIA JUNIOR COLLEGE            ,WV,26330-0000,Proprietary  ,21,47,68,193,384,577
01086100,WEST VIRGINIA BUSINESS COLLEGE          ,WV,26301-0000,Proprietary  ,10,22,32,42,222,264
01124500,WEST VIRGINIA SCH OSTEOPATHIC MED       ,WV,24901-1128,Public       ,1,5,6,7,864,871
01174900,WOOD COUNTY SCH OF PRAC NURSING         ,WV,26101-6424,Public       ,0,8,8,31,103,134
01235900,B M SPURR SCHOOL OF PRAC NURSING        ,WV,26038-1660,Private      ,0,0,0,14,27,41
01257300,WEST VIRGINIA UNIV-HOSP-RAD TECH        ,WV,26506-8062,Private      ,1,8,9,73,85,158
01274300,BENJAMIN FRANKLIN CAREER&TECH           ,WV,25064-0000,Public       ,5,22,27,66,188,254
01290400,MONONGALIA CNTY TECH ED CTR             ,WV,26501-6841,Public       ,3,6,9,65,161,226
01290500,ACADEMY OF CAREERS AND TECHNOLOGY       ,WV,25801-0000,Public       ,1,40,41,79,347,426
02057400,ROANE-JACKSON TECHNICAL CENTER          ,WV,25252-0000,Public       ,1,1,2,25,82,107
02068000,UNITED TECHNICAL CENTER                 ,WV,26301-0000,Public       ,0,9,9,36,117,153
02070100,BECKLEY BEAUTY ACADEMY                  ,WV,25801-0000,Proprietary  ,3,7,10,30,84,114
02073400,CARVER CAREER TECH ED CTR               ,WV,25306-6397,Public       ,6,30,36,179,320,499
02145100,SCOTT COLLEGE OF COSMETOLOGY            ,WV,26003-0000,Proprietary  ,9,9,18,66,54,120
02178200,CHARLESTON SCHOOL OF BEAUTY CULTURE     ,WV,25301-0000,Proprietary  ,3,28,31,42,126,168
02218200,GARNET CAREER CENTER                    ,WV,25301-0000,Public       ,6,44,50,98,378,476
02275300,CABELL COUNTY CAREER TECHNOLOGY CTR     ,WV,25705-0000,Public       ,2,25,27,101,227,328
02524500,RALPH R WILLIS VOCATIONAL CENTER        ,WV,25601-0000,Public       ,1,6,7,23,57,80
02534800,FRED W EBERLE TECHNICAL CENTER          ,WV,26201-0000,Public       ,11,32,43,64,163,227
02535500,MERCER COUNTY TECH EDUC CNTR            ,WV,24740-0000,Public       ,4,12,16,72,188,260
02579900,NORTH CENTRAL OPPORTUNITIES IND CTR     ,WV,26554-2936,Private      ,6,13,19,34,132,166
02609400,VALLEY COLLEGE                          ,WV,25404-5711,Proprietary  ,5,20,25,30,163,193
03052000,MEREDITH MANOR EQUESTRIAN CENTRE        ,WV,26184-9707,Proprietary  ,20,12,32,220,130,350
03076500,FAYETTE INSTITUTE OF TECHNOLOGY         ,WV,25901-2174,Public       ,2,13,15,28,97,125
03084200,VALLEY COLLEGE                          ,WV,24740-3141,Proprietary  ,2,13,15,16,71,87
03084400,VALLEY COLLEGE                          ,WV,25801-2643,Proprietary  ,5,17,22,26,128,154
03098300,PUTNAM CAREER & TECHNICAL CENTER        ,WV,25070-0000,Public       ,5,11,16,31,104,135
03099200,"MOUNTAINEER BEAUTY COLLEGE, INC         ",WV,25177-2917,Proprietary  ,3,20,23,40,70,110
03102100,MORGANTOWN BEAUTY COLLEGE               ,WV,26505-5430,Proprietary  ,6,16,22,58,110,168
03123200,STANLEY TECHNICAL INSTITUTE             ,WV,26505-3751,Private      ,0,9,9,12,65,77
03327500,SOUTH BRANCH VOCATIONAL TECH CENTER     ,WV,26847-1698,Public       ,3,2,5,12,35,47
03734300,JOHN D. ROCKEFELLER IV CAREER CENTER    ,WV,26047-9424,Public       ,0,2,2,6,35,41
03819300,AMERICAN PUBLIC UNIVERSITY SYSTEM       ,WV,25414-1621,Proprietary  ,145,3772,3917,679,19352,20031
03957300,BLUE RIDGE COMMUNITY AND TECHNICAL COLLE,WV,25401-3244,Public       ,73,235,308,765,1863,2628
03960300,NEW RIVER COMMUNITY AND TECHNICAL COLLEG,WV,25801-2636,Public       ,56,298,354,1031,2679,3710
04028300,MOUNTAIN STATE SCHOOL OF MASSAGE        ,WV,25304-2025,Proprietary  ,3,9,12,23,61,84
04038500,PIERPONT COMMUNITY & TECHNICAL COLLEGE  ,WV,26554-2451,Public       ,55,169,224,1304,1509,2813
04038600,KANAWHA VALLEY COMMUNITY & TECH COLLEGE ,WV,25112-1000,Public       ,40,147,187,615,1559,2174
04041400,MOUNTWEST COMMUNITY AND TECHNICAL COLLEG,WV,25755-3300,Public       ,49,245,294,1065,2097,3162
04047300,BRIDGEMONT COMMUNITY & TECHNICAL COLLEGE,WV,25136-2435,Public       ,23,31,54,427,357,784
04119000,EASTERN WEST VIRGINIA COMMUNITY & TECHNI,WV,26836-0000,Public       ,8,54,62,129,433,562
00106100,ALASKA PACIFIC UNIVERSITY               ,AK,99508-4672,Private      ,20,79,99,432,789,1221
00106300,UNIVERSITY OF ALASKA FAIRBANKS          ,AK,99775-7500,Public       ,123,380,503,2741,3713,6454
00106500,UNIVERSITY OF ALASKA SOUTHEAST          ,AK,99801-8680,Public       ,38,146,184,740,1432,2172
00884300,ALASKA BIBLE COLLEGE                    ,AK,99588-0000,Private      ,3,8,11,19,33,52
01146200,UNIVERSITY OF ALASKA ANCHORAGE          ,AK,99514-1608,Public       ,354,920,1274,5725,8933,14658
02541000,CAREER ACADEMY                          ,AK,99507-0000,Proprietary  ,20,142,162,134,729,863
02576900,CHARTER COLLEGE                         ,AK,99508-0000,Proprietary  ,114,602,716,624,3198,3822
03160300,AVTEC                                   ,AK,99664-0889,Public       ,29,58,87,195,413,608
03461300,ILISAGVIK COLLEGE                       ,AK,99723-0749,Public       ,0,13,13,19,80,99
04138600,ALASKA CHRISTIAN COLLEGE                ,AK,99669-9755,Private      ,1,3,4,31,37,68
00108500,UNIV ARKANSAS MONTICELLO                ,AR,71656-0000,Public       ,129,268,397,2340,2474,4814
00108600,UNIV OF ARKANSAS AT PINE BLUFF          ,AR,71601-2790,Public       ,85,146,231,4235,2170,6405
00108700,ARKANSAS BAPTIST COLLEGE                ,AR,72202-6099,Private      ,41,106,147,1039,1213,2252
00108800,LYON COLLEGE                            ,AR,72501-3699,Private      ,30,11,41,894,177,1071
00108900,ARKANSAS TECH UNIVERSITY                ,AR,72801-2222,Public       ,234,440,674,6624,4603,11227
00109000,ARKANSAS STATE UNIVERSITY               ,AR,72467-0000,Public       ,368,1007,1375,8871,11240,20111
00109002,ARKANSAS STATE UNIVERSITY - NEWPORT     ,AR,72112-1120,Public       ,0,0,0,26,84,110
00109003,ARKANSAS STATE UNIVERSITY - MOUNTAIN HOM,AR,72653-4405,Public       ,0,0,0,61,104,165
00109006,DELTA TECHNICAL INSTITUTE               ,AR,72365-9558,Public       ,10,19,29,75,161,236
00109100,ARKANSAS STATE UNIVERSITY - BEEBE       ,AR,72012-1000,Public       ,132,438,570,2162,3446,5608
00109200,UNIVERSITY OF CENTRAL ARKANSAS          ,AR,72035-0001,Public       ,315,352,667,9164,4954,14118
00109300,CENTRAL BAPTIST COLLEGE                 ,AR,72034-6470,Private      ,19,34,53,537,461,998
00109400,UNIVERSITY OF THE OZARKS                ,AR,72830-2880,Private      ,30,20,50,797,193,990
00109500,CROWLEYS RIDGE COLLEGE                  ,AR,72450-9775,Private      ,7,23,30,206,141,347
00109700,HARDING UNIVERSITY                      ,AR,72149-0001,Private      ,108,106,214,3753,1819,5572
00109800,HENDERSON STATE UNIVERSITY              ,AR,71999-0001,Public       ,120,141,261,3659,1910,5569
00109900,HENDRIX COLLEGE                         ,AR,72032-3080,Private      ,60,20,80,2214,246,2460
00110000,JOHN BROWN UNIVERSITY                   ,AR,72761-2747,Private      ,38,93,131,1390,1198,2588
00110100,UNIV ARKANSAS LITTLE ROCK               ,AR,72204-1099,Public       ,226,798,1024,5297,10971,16268
00110200,OUACHITA BAPTIST UNIVERSITY             ,AR,71998-0001,Private      ,48,12,60,1847,186,2033
00110300,PHILANDER SMITH COLLEGE                 ,AR,72202-3718,Private      ,25,66,91,1032,898,1930
00110400,PHILLIPS COUNTY COMMUNITY COLLEGE       ,AR,72342-0000,Public       ,26,88,114,548,1102,1650
00110401,RICE BELT TECH INST                     ,AR,72042-0000,Public       ,0,0,0,5,14,19
00110600,WILLIAMS BAPTIST COLLEGE                ,AR,72476-4661,Private      ,12,14,26,595,240,835
00110700,SOUTHERN ARKANSAS UNIVERSITY            ,AR,71754-0000,Public       ,68,154,222,2645,1927,4572
00110800,UNIV ARKANSAS FAYETTEVILLE              ,AR,72701-0000,Public       ,544,486,1030,14382,6903,21285
00110900,UNIV OF ARKANSAS FOR MEDCL SCIENCES     ,AR,72205-7102,Public       ,25,124,149,642,2223,2865
00110901,UNIV OF ARKANSAS COLG OF MEDICINE       ,AR,72205-0000,Public       ,8,21,29,110,863,973
00111000,UNIVERSITY OF ARKANSAS-FORT SMITH       ,AR,72904-7397,Public       ,217,519,736,4364,5072,9436
00524500,U OF A COMM COLLEGE AT MORRILTON        ,AR,72110-9601,Public       ,94,281,375,1371,2152,3523
00570700,SEARK COLLEGE                           ,AR,71603-0000,Public       ,45,279,324,823,2364,3187
00573200,UNIV AR COMMUNITY COLLEGE AT HOPE       ,AR,71801-0000,Public       ,38,192,230,570,1410,1980
00704400,CROWLEYS RIDGE TECHNICAL INSTITUTE      ,AR,72336-0000,Public       ,7,44,51,127,344,471
00732967,ITT TECHNICAL INSTITUTE                 ,AR,72204-7739,Proprietary  ,37,129,166,364,1043,1407
00773800,SOUTHERN ARKANSAS UNIVERSITY TECH       ,AR,71701-1900,Public       ,42,120,162,548,1021,1569
00792100,FAYETTEVILLE BEAUTY COLLEGE             ,AR,72701-0000,Proprietary  ,7,22,29,74,130,204
00997600,OUACHITA TECHNICAL COLLEGE              ,AR,72104-0816,Public       ,30,152,182,410,1190,1600
01074100,MELLIE'S BEAUTY COLLEGE                 ,AR,72901-3886,Proprietary  ,6,35,41,48,174,222
01210500,NATIONAL PARK COMMUNITY COLLEGE         ,AR,71913-9174,Public       ,110,467,577,1319,3240,4559
01226000,EAST ARKANSAS COMMUNITY COLLEGE         ,AR,72335-2204,Public       ,30,137,167,574,1070,1644
01226100,NORTH ARKANSAS COLLEGE                  ,AR,72601-5508,Public       ,87,288,375,1096,2109,3205
01286000,ARKANSAS NORTHEASTERN COLLEGE           ,AR,72316-1109,Public       ,29,177,206,837,1786,2623
02052200,BLACK RIVER TECHNICAL COLLEGE           ,AR,72455-0000,Public       ,78,287,365,843,2365,3208
02073500,UNIVERSITY OF ARKANSAS COMMUNITY COLLEGE,AR,72503-0000,Public       ,44,150,194,690,1539,2229
02073700,NORTHWEST TECHNICAL INSTITUTE           ,AR,72765-0000,Public       ,20,100,120,224,658,882
02074600,SOUTH ARKANSAS COMMUNITY COLLEGE        ,AR,71731-0000,Public       ,55,232,287,616,1843,2459
02075300,PULASKI TECHNICAL COLLEGE               ,AR,72118-0000,Public       ,411,1620,2031,4018,13979,17997
02087000,OZARKA COLLEGE                          ,AR,72556-0000,Public       ,41,195,236,387,1419,1806
02111100,RICH MOUNTAIN COMMUNITY COLLEGE         ,AR,71953-0000,Public       ,20,86,106,369,731,1100
02202400,PROFESSIONAL COSMETOLOGY EDUC CTR       ,AR,71730-5828,Proprietary  ,4,10,14,14,99,113
02220900,COSSATOT COMMUNITY COLLEGE              ,AR,71832-0000,Public       ,33,152,185,476,1155,1631
02260400,BEE JAY'S HAIRSTYLING ACADEMY           ,AR,72212-0000,Proprietary  ,4,21,25,15,75,90
02260401,BEE JAY'S HAIRSTYLING ACADEMY - BATESVIL,AR,72501-6709,Proprietary  ,3,5,8,14,45,59
02272400,EASTERN COLLEGE OF HEALTH VOCATIONS     ,AR,72209-0000,Proprietary  ,29,137,166,168,752,920
02284200,NEW TYLER BARBER COLLEGE INC            ,AR,72114-0000,Proprietary  ,6,32,38,61,199,260
02287400,MARSHA KAY BEAUTY COLLEGE               ,AR,72653-0000,Proprietary  ,2,8,10,9,29,38
02330800,JEFFERSON SCHOOL OF NURSING             ,AR,71603-0000,Private      ,4,14,18,73,168,241
02339800,SOUTHERN INSTITUTE OF COSMETOLOGY       ,AR,72301-0000,Proprietary  ,1,11,12,38,82,120
02341700,CAREER ACADEMY OF HAIR DESIGN           ,AR,72764-4304,Proprietary  ,9,22,31,50,142,192
02341701,CAREER ACADEMY OF HAIR DESIGN - ROGERS  ,AR,72756-2102,Proprietary  ,13,30,43,48,146,194
02341702,CAREER ACADEMY OF HAIR DESIGN - SILOAM  ,AR,72761-4217,Proprietary  ,2,9,11,13,56,69
02348200,MID-SOUTH COMMUNITY COLLEGE             ,AR,72301-0000,Public       ,38,213,251,901,2203,3104
02363500,ARTHUR'S BEAUTY COLLEGE                 ,AR,72901-0000,Proprietary  ,4,17,21,33,116,149
02525800,LEE'S SCHOOL OF COSMETOLOGY             ,AR,72114-0000,Proprietary  ,4,16,20,31,109,140
02538500,ARTHUR'S BEAUTY COLLEGE                 ,AR,72076-0000,Proprietary  ,8,42,50,44,195,239
02569600,SEARCY BEAUTY COLLEGE                   ,AR,72143-0000,Proprietary  ,2,17,19,20,85,105
03005100,ARKANSAS BEAUTY SCHOOL                  ,AR,72209-5116,Proprietary  ,2,25,27,42,157,199
03007100,HOT SPRINGS BEAUTY COLLEGE              ,AR,71901-5432,Proprietary  ,4,12,16,39,85,124
03007600,ARKANSAS BEAUTY SCHOOL-CONWAY           ,AR,72032-4354,Proprietary  ,5,16,21,44,99,143
03023400,ARKANSAS COLLEGE OF BARBERING           ,AR,72114-5615,Proprietary  ,6,28,34,57,184,241
03063300,NORTHWEST ARKANSAS COMMUNITY COLLEG     ,AR,72712-5190,Public       ,274,635,909,3160,5681,8841
03065100,ABC BEAUTY COLLEGE                      ,AR,71923-4206,Proprietary  ,6,17,23,33,77,110
03066302,BRYAN COLLEGE -                         ,AR,72756-1825,Proprietary  ,7,51,58,86,401,487
03105200,BAPTIST HEALTH SCHOOLS LITTLE ROCK      ,AR,72210-0000,Private      ,30,139,169,463,1648,2111
03115102,HERITAGE COLLEGE - LITTLE ROCK          ,AR,72227-5544,Proprietary  ,33,183,216,164,881,1045
03116800,"DELUXE BEAUTY SCHOOL, L.L.C.            ",AR,71603-0000,Proprietary  ,0,0,0,7,6,13
03124900,IMAGINE -  PAUL MITCHELL PARTNER SCHOOL ,AR,72117-2516,Proprietary  ,17,51,68,185,323,508
03127200,ASKINS VO-TECH                          ,AR,72908-8028,Proprietary  ,0,8,8,11,62,73
03214300,VELVATEX COLLEGE OF BEAUTY CULTURE      ,AR,72202-5452,Proprietary  ,0,8,8,19,44,63
03254300,MARGARET'S HAIR ACADEMY                 ,AR,71655-4905,Proprietary  ,5,13,18,26,69,95
03519400,LYNNDALE FUNDAMENTALS OF BEAUTY SCH     ,AR,71730-4804,Proprietary  ,0,6,6,10,48,58
03855300,ECCLESIA COLLEGE                        ,AR,72762-8159,Private      ,9,8,17,94,87,181
03912300,CROSSETT SCHOOL OF COSMETOLOGY          ,AR,71635-0000,Proprietary  ,1,9,10,4,41,45
03997300,ARKANSAS BEAUTY COLLEGE                 ,AR,72801-3741,Proprietary  ,7,18,25,30,69,99
00133900,CORBAN UNIVERSITY                       ,OR,97301-9392,Private      ,38,55,93,1526,664,2190
00316505,CASCADE COLLEGE                         ,OR,97216-0000,Private      ,0,0,0,37,85,122
00318600,BLUE MOUNTAIN COMMUNITY COLLEGE         ,OR,97801-0000,Public       ,59,264,323,1064,2190,3254
00318800,CENTRAL OREGON COMMUNITY COLLEGE        ,OR,97701-5998,Public       ,260,791,1051,2884,6866,9750
00318900,CLATSOP COMMUNITY COLLEGE               ,OR,97103-3698,Public       ,39,154,193,428,1133,1561
00319100,CONCORDIA UNIVERSITY                    ,OR,97211-6099,Private      ,41,251,292,1608,2522,4130
00319300,EASTERN OREGON UNIVERSITY               ,OR,97850-2899,Public       ,72,217,289,2497,3129,5626
00319400,GEORGE FOX UNIVERSITY                   ,OR,97132-2697,Private      ,66,185,251,3097,2253,5350
00319600,LANE COMMUNITY COLLEGE                  ,OR,97405-0640,Public       ,524,1378,1902,6892,14326,21218
00319700,LEWIS & CLARK COLLEGE                   ,OR,97219-7899,Private      ,84,125,209,4661,4014,8675
00319800,LINFIELD COLLEGE                        ,OR,97128-6894,Private      ,55,76,131,3165,1166,4331
00319801,LINFIELD COLLEGE - PORTLAND CAMPUS      ,OR,97210-0000,Private      ,4,54,58,426,972,1398
00319900,MARYLHURST UNIVERSITY                   ,OR,97036-7036,Private      ,10,217,227,179,2214,2393
00320300,MOUNT ANGEL SEMINARY                    ,OR,97373-0505,Private      ,4,4,8,14,32,46
00320400,MOUNT HOOD COMMUNITY COLLEGE            ,OR,97030-3300,Public       ,323,938,1261,4750,8999,13749
00320600,MULTNOMAH BIBLE COLLEGE/SEMINARY        ,OR,97220-5898,Private      ,15,71,86,555,815,1370
00320700,PACIFIC NORTHWEST COLLEGE OF ART        ,OR,97209-3023,Private      ,23,68,91,760,743,1503
00320800,NORTHWEST CHRISTIAN UNIVERSITY          ,OR,97401-3727,Private      ,12,45,57,791,684,1475
00320900,WESTERN OREGON UNIVERSITY               ,OR,97361-1394,Public       ,141,174,315,6473,2904,9377
00321000,OREGON STATE UNIVERSITY                 ,OR,97331-8507,Public       ,575,628,1203,20962,11113,32075
00321100,OREGON INSTITUTE OF TECHNOLOGY          ,OR,97601-8801,Public       ,69,139,208,2453,2339,4792
00321200,PACIFIC UNIVERSITY                      ,OR,97116-1797,Private      ,59,114,173,3374,3128,6502
00321300,PORTLAND COMMUNITY COLLEGE              ,OR,97219-7198,Public       ,998,3422,4420,12414,31763,44177
00321312,PORTLAND COMMUNITY COLLEGE - COLUMBIA GO,OR,97058-3447,Public       ,30,106,136,351,880,1231
00321600,PORTLAND STATE UNIVERSITY               ,OR,97207-0000,Public       ,571,1487,2058,14113,23661,37774
00321700,REED COLLEGE                            ,OR,97202-8199,Private      ,63,57,120,2789,631,3420
00321800,CHEMEKETA COMMUNITY COLLEGE             ,OR,97309-1500,Public       ,475,1455,1930,5948,13798,19746
00321900,SOUTHERN OREGON UNIVERSITY              ,OR,97520-5010,Public       ,168,219,387,5061,3515,8576
00322000,SOUTHWESTERN OREGON COMMUNITY CLG       ,OR,97420-2956,Public       ,65,212,277,1689,1940,3629
00322100,TREASURE VALLEY COMMUNITY COLLEGE       ,OR,97914-3423,Public       ,130,392,522,1572,2917,4489
00322200,UMPQUA COMMUNITY COLLEGE                ,OR,97470-0226,Public       ,105,487,592,1511,4262,5773
00322300,UNIVERSITY OF OREGON                    ,OR,97403-1226,Public       ,758,981,1739,24412,14432,38844
00322400,UNIVERSITY OF PORTLAND                  ,OR,97203-5798,Private      ,195,201,396,8825,2776,11601
00322500,WARNER PACIFIC COLLEGE                  ,OR,97215-4099,Private      ,28,169,197,819,1854,2673
00322700,WILLAMETTE UNIVERSITY                   ,OR,97301-3930,Private      ,79,82,161,4661,2065,6726
00487800,CLACKAMAS COMMUNITY COLLEGE             ,OR,97045-7998,Public       ,279,696,975,3596,6033,9629
00488200,OREGON HEALTH & SCIENCE UNIVERSITY      ,OR,97239-0000,Public       ,25,141,166,565,3741,4306
00693800,LINN BENTON COMMUNITY COLLEGE           ,OR,97321-3774,Public       ,251,649,900,3960,6254,10214
00717800,WESTERN SEMINARY                        ,OR,97215-0000,Private      ,1,56,57,6,373,379
00723402,HEALD COLLEGE - PORTLAND                ,OR,97205-3432,Proprietary  ,67,263,330,378,1786,2164
00732969,ITT TECHNICAL INSTITUTE                 ,OR,97220-6819,Proprietary  ,82,317,399,699,2049,2748
00781900,ART INSTITUTE OF PORTLAND (THE)         ,OR,97209-2911,Proprietary  ,120,181,301,1954,2221,4175
00888700,CONCORDE CAREER INSTITUTE               ,OR,97232-2242,Proprietary  ,41,167,208,335,1397,1732
00907900,EVEREST COLLEGE                         ,OR,97204-2296,Proprietary  ,48,201,249,356,1524,1880
00958100,SPRINGFIELD COLLEGE OF BEAUTY           ,OR,97477-5474,Proprietary  ,7,22,29,75,207,282
01012200,PHAGANS' MEDFORD BEAUTY SCHOOL          ,OR,97504-5297,Proprietary  ,4,22,26,57,163,220
01018200,ROGUE COMMUNITY COLLEGE                 ,OR,97527-0000,Public       ,243,780,1023,2733,6871,9604
01050700,ACADEMY OF HAIR DESIGN                  ,OR,97301-3526,Proprietary  ,8,22,30,57,152,209
01230900,UNIVERSITY OF WESTERN STATES            ,OR,97230-3099,Private      ,2,24,26,49,605,654
01234700,PHAGANS CENTRAL OREGON BEAUTY CLG       ,OR,97701-5175,Proprietary  ,14,47,61,108,302,410
01234800,PHAGANS BEAUTY COLLEGE                  ,OR,97333-4716,Proprietary  ,3,16,19,47,117,164
01235000,PHAGANS SCHOOL OF HAIR DESIGN           ,OR,97267-4808,Proprietary  ,5,23,28,40,125,165
01235100,PHAGANS SCHOOL OF BEAUTY                ,OR,97301-4732,Proprietary  ,7,27,34,67,176,243
01300800,PHAGANS TIGARD BEAUTY SCHOOL            ,OR,97223-0000,Proprietary  ,1,14,15,22,83,105
02101000,NORTHWEST COLLEGE OF HAIR DESIGN        ,OR,97086-7702,Proprietary  ,25,67,92,173,461,634
02101002,NORTHWEST COLLEGE                       ,OR,97007-3954,Proprietary  ,3,11,14,26,83,109
02104900,COLLEGE OF LEGAL ARTS                   ,OR,97219-9998,Proprietary  ,17,55,72,69,380,449
02106100,COLLEGE OF COSMETOLOGY                  ,OR,97601-0000,Proprietary  ,4,22,26,39,92,131
02154400,BEAU MONDE CLG OF HAIR DESIGN           ,OR,97205-0000,Proprietary  ,13,57,70,127,342,469
02159700,EUGENE BIBLE COLLEGE                    ,OR,97405-0000,Private      ,6,11,17,141,152,293
02201900,PHAGANS' SCHOOL OF HAIR DESIGN          ,OR,97232-0000,Proprietary  ,11,55,66,128,362,490
02239203,ANTHEM COLLEGE - BEAVERTON              ,OR,97005-0000,Proprietary  ,8,31,39,61,171,232
02330100,PIONEER PACIFIC COLLEGE                 ,OR,97070-0000,Proprietary  ,56,205,261,418,1684,2102
02330102,PIONEER PACIFIC COLLEGE                 ,OR,97403-0000,Proprietary  ,23,135,158,203,1142,1345
02337900,COLLEGE OF HAIR DESIGN CAREERS          ,OR,97301-0000,Proprietary  ,8,17,25,72,117,189
02344100,ROSEBURG BEAUTY COLLEGE                 ,OR,97470-0000,Proprietary  ,2,12,14,30,97,127
02534000,NATIONAL COLLEGE OF NATURAL MEDICINE    ,OR,97201-0000,Private      ,6,32,38,45,823,868
02578800,NORTHWEST NANNIES INSTITUTE             ,OR,97035-0000,Proprietary  ,2,13,15,21,31,52
02603700,OREGON COL OF ORIENTAL MEDICINE         ,OR,97216-0000,Private      ,1,13,14,28,446,474
02617506,EVEREST COLLEGE - EVEREST INSTITUTE     ,OR,97223-6581,Proprietary  ,27,99,126,133,468,601
03007300,OREGON COLLEGE OF ART & CRAFT           ,OR,97225-6399,Private      ,10,32,42,200,376,576
03022600,LE CORDON BLEU COLLEGE OF CULINARY ARTS ,OR,97205-2793,Proprietary  ,153,398,551,1494,2827,4321
03042500,CARRINGTON COLLEGE                      ,OR,97232-1302,Proprietary  ,82,294,376,475,1931,2406
03074400,PHAGANS NEWPORT ACAD CSMTLGY CAREER     ,OR,97365-4963,Proprietary  ,2,14,16,16,67,83
03074500,EAST-WEST COLLEGE OF THE HEALING ARTS   ,OR,97232-2765,Proprietary  ,17,52,69,122,446,568
03185300,PHAGANS GRANTS PASS COLLEGE OF BTY      ,OR,97527-3039,Proprietary  ,9,20,29,41,103,144
03428300,KLAMATH COMMUNITY COLLEGE               ,OR,97603-7121,Public       ,75,249,324,596,1743,2339
03642300,VALLEY MEDICAL COLLEGE                  ,OR,97305-1373,Proprietary  ,16,93,109,128,596,724
03668300,BIRTHINGWAY COLLEGE OF MIDWIFERY        ,OR,97266-4042,Private      ,4,24,28,29,225,254
03783400,ABDILL CAREER COLLEGE                   ,OR,97504-7137,Proprietary  ,15,47,62,62,325,387
04146500,PORTLAND ACTORS CONSERVATORY            ,OR,97201-2557,Private      ,4,5,9,31,84,115
04167400,SAGE SCHOOL OF MASSAGE & HEALING ARTS   ,OR,97701-4082,Proprietary  ,6,11,17,13,55,68
04171400,AVEDA INSTITUTE PORTLAND                ,OR,97209-3144,Proprietary  ,67,96,163,95,132,227
00137400,ALBERTUS MAGNUS COLLEGE                 ,CT,06511-1189,Private      ,28,130,158,866,1180,2046
00137403,ALBERTUS MAGNUS CLG-NEW DIMENSIONS      ,CT,06511-0000,Private      ,2,101,103,60,767,827
00137800,CENTRAL CONNECTICUT STATE UNIV          ,CT,06050-2490,Public       ,230,336,566,10008,4829,14837
00137900,CONNECTICUT COLLEGE                     ,CT,06320-4196,Private      ,43,15,58,3308,161,3469
00138000,WESTERN CONNECTICUT STATE UNIV          ,CT,06810-6826,Public       ,128,122,250,6175,1755,7930
00138500,FAIRFIELD UNIVERSITY                    ,CT,06430-0000,Private      ,89,85,174,6471,1182,7653
00138700,HARTFORD SEMINARY                       ,CT,06105-0000,Private      ,0,5,5,9,70,79
00138900,HOLY APOSTLES COLLEGE & SEMINARY        ,CT,06416-2005,Private      ,0,11,11,12,72,84
00139200,MANCHESTER COMMUNITY COLLEGE            ,CT,06045-1046,Public       ,264,474,738,3710,3752,7462
00139300,MITCHELL COLLEGE                        ,CT,06320-4498,Private      ,20,14,34,1186,259,1445
00139700,UNIVERSITY OF NEW HAVEN                 ,CT,06516-1999,Private      ,139,158,297,7580,2115,9695
00139800,NORTHWESTERN CT COMMUNITY COLLEGE       ,CT,06098-1747,Public       ,40,113,153,651,799,1450
00139900,NORWALK COMMUNITY TECHNICAL COLLEGE     ,CT,06854-1655,Public       ,156,358,514,2232,2759,4991
00140100,POST UNIVERSITY                         ,CT,06723-3240,Proprietary  ,128,831,959,1665,4087,5752
00140200,QUINNIPIAC UNIVERSITY                   ,CT,06518-1908,Private      ,160,117,277,12143,1915,14058
00140201,QUINNIPIAC UNIVERSITY SCHOOL OF LAW     ,CT,06518-0000,Private      ,2,14,16,141,1322,1463
00140300,SACRED HEART UNIVERSITY                 ,CT,06825-1000,Private      ,135,212,347,7866,2026,9892
00140600,SOUTHERN CONNECTICUT STATE UNIV         ,CT,06515-1355,Public       ,169,368,537,9730,5406,15136
00140900,SAINT JOSEPH COLLEGE                    ,CT,06117-2791,Private      ,22,135,157,1321,1580,2901
00141400,TRINITY COLLEGE                         ,CT,06106-3100,Private      ,56,22,78,2884,282,3166
00141600,UNIVERSITY OF BRIDGEPORT                ,CT,06601-5650,Private      ,83,227,310,3309,3080,6389
00141700,UNIVERSITY OF CONNECTICUT-STORRS        ,CT,06269-2151,Public       ,356,285,641,26527,5958,32485
00141702,UNIV CONN STAMFORD                      ,CT,06901-0000,Public       ,18,36,54,566,383,949
00141703,UNIV OF CONNECTICUT - TORINGTON         ,CT,06790-0000,Public       ,5,4,9,172,82,254
00141706,UNIV OF CONNECTICUT SCH LAW             ,CT,06105-0000,Public       ,2,11,13,29,1341,1370
00141707,UNIV OF CT - SCH OF SOCIAL WORK         ,CT,06117-0000,Public       ,0,16,16,105,560,665
00141708,UNIVERSITY OF CONNECTICUT - SCHOOL OF ME,CT,06030-1920,Public       ,12,21,33,249,744,993
00141709,UNIVERSITY OF CONNECTICUT - SCHOOL OF DE,CT,06030-1920,Public       ,20,22,42,489,670,1159
00142200,UNIVERSITY OF HARTFORD                  ,CT,06117-1599,Private      ,135,116,251,9573,2084,11657
00142400,WESLEYAN UNIVERSITY                     ,CT,06459-3208,Private      ,73,12,85,5500,207,5707
00142500,EASTERN CONNECTICUT STATE UNIV          ,CT,06226-2295,Public       ,128,102,230,5740,1385,7125
00142600,YALE UNIVERSITY                         ,CT,06520-8288,Private      ,279,188,467,15911,9009,24920
00280301,RENSSELAER POLYTECHNIC INSTITUTE-RENSSEL,CT,06120-2991,Private      ,1,15,16,15,65,80
00451300,HOUSATONIC COMMUNITY COLLEGE            ,CT,06604-4704,Public       ,245,609,854,2940,4329,7269
00618100,BRIDGEPORT HOSP SCHL OF NURSING         ,CT,06610-2896,Private      ,8,28,36,164,467,631
00619100,ST. VINCENT'S COLLEGE                   ,CT,06606-9966,Private      ,15,94,109,307,757,1064
00698200,NAUGATUCK VALLEY COMM-TECH COLG         ,CT,06708-3089,Public       ,222,505,727,3081,3662,6743
00730000,ELI WHITNEY TECHNICAL HIGH SCHOOL       ,CT,06514-0000,Public       ,2,17,19,12,73,85
00730300,LINCOLN TECHNICAL INSTITUTE             ,CT,06051-0000,Proprietary  ,126,312,438,959,2373,3332
00730500,PORTER AND CHESTER INSTITUTE OF BRANFORD,CT,06405-4022,Proprietary  ,38,130,168,280,540,820
00731100,WINDHAM TECHNICAL HIGH SCHOOL           ,CT,06226-2100,Public       ,0,1,1,3,21,24
00745900,PAIER COLLEGE OF ART                    ,CT,06514-3902,Proprietary  ,5,7,12,190,73,263
00763500,CAPITAL COMMUNITY COLLEGE               ,CT,06103-1207,Public       ,168,546,714,1825,4432,6257
00803700,GATEWAY COMMUNITY-TECHNICAL COLLEGE     ,CT,06511-0000,Public       ,208,628,836,2944,4870,7814
00803800,MIDDLESEX COMMUNITY CLG                 ,CT,06457-4889,Public       ,96,178,274,1207,1516,2723
00887300,PAUL MITCHELL THE SCHOOL                ,CT,06810-6716,Proprietary  ,17,26,43,82,101,183
00887400,BRIO ACADEMY OF COSMETOLOGY             ,CT,06450-4836,Proprietary  ,38,88,126,166,413,579
00887403,BRIO ACADEMY OF COSMETOLOGY - WILLIMANTI,CT,06226-1940,Proprietary  ,0,0,0,8,23,31
00906500,THE HARTFORD CONSERVATORY               ,CT,06105-2891,Private      ,1,1,2,24,17,41
00927700,E C GOODWIN TECHNICAL HIGH SCHOOL       ,CT,06053-0000,Public       ,3,5,8,28,32,60
00929100,J M WRIGHT TECHNICAL HIGH SCHOOL        ,CT,06904-0000,Public       ,0,0,0,1,8,9
00940700,LINCOLN COLLEGE OF NEW ENGLAND          ,CT,06489-1057,Proprietary  ,28,91,119,879,787,1666
00940701,CLEMENS COLLEGE                         ,CT,06078-0000,Proprietary  ,1,0,1,142,51,193
00976400,TUNXIS COMMUNITY COLLEGE                ,CT,06032-3187,Public       ,138,280,418,1896,2233,4129
00976500,THREE RIVERS COMMUNITY TECH COLLEGE     ,CT,06360-0000,Public       ,130,334,464,1773,2879,4652
00982200,ALBERT I PRINCE TECHNICAL HIGH SCHOOL   ,CT,06106-3799,Public       ,1,17,18,12,73,85
01041700,BRIO ACADEMY OF EAST HARTFORD           ,CT,06108-2220,Proprietary  ,10,26,36,59,168,227
01053000,QUINEBAUG VALLEY COMMUNITY COLLEGE      ,CT,06239-1440,Public       ,56,172,228,853,1394,2247
01077900,PORTER AND CHESTER INSTITUTE-ALLCAMPUSES,CT,06615-7158,Proprietary  ,305,747,1052,1470,3511,4981
01115000,ASNUNTUCK COMMUNITY COLLEGE             ,CT,06082-3800,Public       ,53,109,162,546,836,1382
01149600,BULLARD HAVENS VOC TECH SCHOOL          ,CT,06610-3499,Public       ,7,17,24,22,64,86
01169700,VINAL REGIONAL VOC TECH SCHOOL          ,CT,06457-4918,Public       ,1,9,10,4,31,35
01184300,NORWICH TECHNICAL HIGH SCHOOL           ,CT,06360-7097,Public       ,1,17,18,13,47,60
01218500,H C WILCOX TECHNICAL HIGH SCHOOL        ,CT,06450-0000,Public       ,0,0,0,3,4,7
01242500,STONE ACADEMY                           ,CT,06514-4125,Proprietary  ,33,173,206,208,952,1160
01242503,STONE ACADEMY -WATERBURY                ,CT,06705-3823,Proprietary  ,2,18,20,27,87,114
01242504,STONE ACADEMY -  EAST HARTFORD          ,CT,06118-0000,Proprietary  ,2,17,19,19,124,143
01287700,SANFORD-BROWN COLLEGE                   ,CT,06855-1436,Proprietary  ,12,91,103,91,303,394
01291300,LEON INSTITUTE OF HAIR DESIGN           ,CT,06604-4226,Proprietary  ,1,6,7,12,61,73
01326400,HENRY ABBOTT TECHNICAL HIGH SCHOOL      ,CT,06811-4881,Public       ,0,2,2,5,27,32
02058900,HARVARD H ELLIS TECHNICAL HIGH SCHOOL   ,CT,06239-0000,Public       ,0,0,0,3,9,12
02074000,BRANFORD HALL CAREER INSTITUTE          ,CT,06405-0000,Proprietary  ,182,797,979,980,4203,5183
02106600,FOX INSTITUTE OF BUSINESS               ,CT,06110-0000,Proprietary  ,17,105,122,105,636,741
02112300,RIDLEY LOWELL BUSINESS & TECH INST      ,CT,06320-0000,Proprietary  ,25,134,159,96,578,674
02112700,NORTH HAVEN ACADEMY                     ,CT,06473-3108,Proprietary  ,23,29,52,185,180,365
02115100,BUTLER BUSINESS SCHOOL                  ,CT,06604-0000,Proprietary  ,15,84,99,87,400,487
02148700,CONNECTICUT INST OF HAIR DESIGN         ,CT,06716-0000,Proprietary  ,2,6,8,26,53,79
02202500,NEW ENGLAND TRACTOR TRAILER SCH         ,CT,06071-2036,Proprietary  ,23,389,412,77,1165,1242
02213000,ELLA T GRASSO SOUTHEASTERN TECHNICAL HIG,CT,06340-0000,Public       ,0,0,0,3,12,15
02228800,LINCOLN TECHNICAL INSTITUTE - EAST WINDS,CT,06088-9631,Proprietary  ,148,135,283,1083,722,1805
02244900,GOODWIN COLLEGE                         ,CT,06118-9980,Private      ,89,488,577,1054,4207,5261
02245300,HOWELL CHENEY TECHNICAL HIGH SCHOOL     ,CT,06040-0000,Public       ,0,0,0,8,12,20
02265900,WINDHAM COMMUNITY MEM HOSP-RAD TECH     ,CT,06226-0000,Private      ,0,3,3,12,30,42
02296100,YALE-NEW HAVEN HOSP DIETETIC INTERN     ,CT,06510-8900,Private      ,1,3,4,18,27,45
02300000,W F KAYNOR TECHNICAL HIGH SCHOOL        ,CT,06708-0000,Public       ,3,15,18,14,43,57
02316600,CONNECTICUT CTR FOR MASSAGE THERAPY     ,CT,06111-3975,Proprietary  ,13,48,61,70,353,423
02316601,CONNECTICUT CENTER FOR MASSAGE THERAPY -,CT,06880-4619,Proprietary  ,4,41,45,34,190,224
02316603,CONNECTICUT CENTER FOR MASSAGE THERAPY -,CT,06340-4619,Proprietary  ,0,36,36,33,177,210
02562400,EMMETT O BRIEN REG VOC TECH SCHOOL      ,CT,06401-2500,Public       ,0,0,0,1,3,4
02565000,PLATT TECHNICAL HIGH SCHOOL             ,CT,06460-2105,Public       ,2,1,3,11,40,51
03079400,LYME ACADEMY COLLEGE OF FINE ARTS       ,CT,06371-2333,Private      ,3,3,6,80,45,125
03094800,INDUSTRIAL MANAGEMENT & TRAINING        ,CT,06706-1211,Proprietary  ,5,23,28,41,154,195
03231400,OLIVER WOLCOTT TECHNICAL HIGH SCHOOL    ,CT,06790-3859,Public       ,0,0,0,1,7,8
03234300,CHARTER OAK STATE COLLEGE               ,CT,06053-2150,Public       ,12,159,171,100,1459,1559
03316300,LINCOLN TECHNICAL INSTITUTE - HARTFORD  ,CT,06105-3630,Proprietary  ,38,103,141,585,677,1262
03381300,CONNECTICUT TRAINING CENTER             ,CT,06108-2705,Private      ,11,41,52,31,189,220
03927300,ALBERT SCHOOL (THE)                     ,CT,06357-2447,Proprietary  ,21,56,77,106,202,308
04104300,ACADEMY DI CAPELLI - SCHOOL OF COSMETOLO,CT,06492-0000,Proprietary  ,9,13,22,27,41,68
04128800,BRANFORD ACADEMY OF HAIR & COSMETOLOGY  ,CT,06405-0000,Proprietary  ,7,5,12,32,55,87
04145400,OXFORD ACADEMY OF HAIR DESIGN           ,CT,06483-2603,Proprietary  ,6,8,14,30,44,74
04148400,EUROPEAN ACADEMY OF COSMETOLOGY AND HAIR,CT,06437-0000,Proprietary  ,1,3,4,11,16,27
04152400,INTERNATIONAL INSTITUTE OF COSMETOLOGY  ,CT,06109-0000,Proprietary  ,2,10,12,64,73,137
04162900,TONSORIAL ACADEMY OF COSMETOLOGY AND BAR,CT,06516-0000,Proprietary  ,1,8,9,7,34,41
00146600,BARRY UNIVERSITY                        ,FL,33161-6695,Private      ,187,637,824,5085,8866,13951
00146601,BARRY UNIVERSITY - ORLANDO              ,FL,32807-3673,Private      ,22,64,86,210,1844,2054
00146700,BETHUNE COOKMAN UNIVERSITY              ,FL,32114-3099,Private      ,286,114,400,7704,1729,9433
00146800,ST THOMAS UNIVERSITY                    ,FL,33054-0000,Private      ,54,142,196,1414,2791,4205
00146900,FLORIDA INSTITUTE OF TECHNOLOGY         ,FL,32901-6988,Private      ,126,1110,1236,3669,8992,12661
00147000,BREVARD COMMUNITY COLLEGE               ,FL,32922-6503,Public       ,502,1257,1759,5786,10139,15925
00147100,CENTRAL FLORIDA COMMUNITY COLLEGE       ,FL,34478-1388,Public       ,365,1016,1381,4831,8537,13368
00147200,CHIPOLA  COLLEGE                        ,FL,32446-2053,Public       ,57,168,225,996,1393,2389
00147300,CLEARWATER CHRISTIAN COLLEGE            ,FL,33759-0000,Private      ,19,13,32,837,200,1037
00147500,DAYTONA STATE COLLEGE                   ,FL,32114-2800,Public       ,665,1722,2387,8157,15213,23370
00147700,EDISON STATE COLLEGE                    ,FL,33906-6210,Public       ,574,1213,1787,7792,11412,19204
00147800,EDWARD WATERS COLLEGE                   ,FL,32209-6199,Private      ,66,85,151,1457,873,2330
00147900,EMBRY-RIDDLE AERONAUTICAL UNIV          ,FL,32114-3900,Private      ,191,805,996,7271,6304,13575
00148000,FLORIDA A & M UNIVERSITY                ,FL,32307-3100,Public       ,708,418,1126,18873,8792,27665
00148100,FLORIDA ATLANTIC UNIVERSITY             ,FL,33431-6498,Public       ,830,1089,1919,18218,14988,33206
00148101,FLORIDA ATLANTIC UNIVERSITY/DAVIE       ,FL,33314-0000,Public       ,98,253,351,1641,3367,5008
00148103,FLORIDA ATLANTIC UNIV-JUPITER/PSL       ,FL,33458-0000,Public       ,30,64,94,582,718,1300
00148200,FLORIDA COLLEGE                         ,FL,33617-5578,Private      ,10,14,24,466,118,584
00148400,FLORIDA STATE COLLEGE AT JACKSONVILLE   ,FL,32202-4030,Public       ,1091,3320,4411,12914,27457,40371
00148500,FLORIDA KEYS COMMUNITY COLLEGE          ,FL,33040-4397,Public       ,51,138,189,553,1003,1556
00148600,FLORIDA MEMORIAL UNIVERSITY             ,FL,33054-6199,Private      ,125,122,247,2982,1571,4553
00148700,ECKERD COLLEGE                          ,FL,33711-4744,Private      ,55,105,160,2819,1198,4017
00148800,FLORIDA SOUTHERN COLLEGE                ,FL,33801-5698,Private      ,106,100,206,3269,1078,4347
00148900,FLORIDA STATE UNIVERSITY                ,FL,32306-2430,Public       ,1939,977,2916,37571,18471,56042
00149000,GULF COAST COMMUNITY COLLEGE            ,FL,32401-1058,Public       ,222,718,940,2334,5225,7559
00149300,INDIAN RIVER STATE COLLEGE              ,FL,34981-5596,Public       ,551,1411,1962,6190,10932,17122
00149500,JACKSONVILLE UNIVERSITY                 ,FL,32211-3394,Private      ,208,401,609,5057,4024,9081
00149700,JONES COLLEGE                           ,FL,32211-5588,Private      ,9,88,97,124,1139,1263
00149900,EVEREST UNIVERSITY                      ,FL,32810-5601,Proprietary  ,71,365,436,557,3013,3570
00149901,EVEREST UNIVERSITY - ORLANDO SOUTH      ,FL,32819-7666,Proprietary  ,557,5840,6397,2095,22587,24682
00149902,EVEREST UNIVERSITY - MELBOURNE          ,FL,32905-6609,Proprietary  ,16,181,197,204,1615,1819
00150000,BROWARD COLLEGE- DOWNTOWN CTR           ,FL,33301-2298,Public       ,666,1612,2278,7131,11975,19106
00150001,BROWARD COLLEGE - DAVIE CAMPUS          ,FL,33314-0000,Public       ,525,911,1436,7938,8474,16412
00150002,BROWARD COLLEGE- NORTH CAMPUS           ,FL,33066-0000,Public       ,372,740,1112,4991,7002,11993
00150003,BROWARD COLLEGE- SOUTH CAMPUS           ,FL,33024-0000,Public       ,373,732,1105,5518,6837,12355
00150100,LAKE CITY COMMUNITY COLLEGE             ,FL,32025-2007,Public       ,133,431,564,1195,3071,4266
00150200,LAKE SUMTER COMMUNITY COLLEGE           ,FL,34788-8751,Public       ,188,395,583,2297,3215,5512
00150400,MANATEE COMMUNITY COLLEGE               ,FL,34207-3596,Public       ,408,973,1381,5360,9029,14389
00150500,LYNN UNIVERSITY                         ,FL,33431-5598,Private      ,74,80,154,1933,937,2870
00150600,MIAMI DADE COLLEGE ADMINISTRATION ONLY  ,FL,33176-3393,Public       ,136,230,366,1844,1828,3672
00150601,MIAMI DADE COLLEGE - NORTH CAMPUS       ,FL,33167-3495,Public       ,752,1688,2440,11126,14777,25903
00150602,MIAMI DADE COLLEGE - KENDALL CAMPUS     ,FL,33176-3393,Public       ,1251,1748,2999,16017,14304,30321
00150603,MIAMI DADE COLLEGE - WOLFSON CAMPUS     ,FL,33132-2297,Public       ,582,1136,1718,7830,9084,16914
00150604,MIAMI DADE COLLEGE - MEDICAL CAMPUS     ,FL,33127-4693,Public       ,188,641,829,2366,5475,7841
00150605,MIAMI DADE COLLEGE - HOMESTEAD CAMPUS   ,FL,33030-6009,Public       ,193,393,586,2062,2707,4769
00150606,MIAMI DADE COLLEGE -INTERAMERICAN CAMPUS,FL,33135-0000,Public       ,306,852,1158,3608,6551,10159
00150607,MIAMI DADE COLLEGE - HIALEAH CAMPUS     ,FL,33012-2918,Public       ,236,433,669,2531,3197,5728
00150800,NORTH FLORIDA COMMUNITY COLLEGE         ,FL,32340-1699,Public       ,21,107,128,540,1051,1591
00150900,NOVA SOUTHEASTERN UNIVERSITY            ,FL,33314-7796,Private      ,300,2127,2427,6441,33111,39552
00151000,NORTHWEST FLORIDA STATE COLLEGE         ,FL,32578-1295,Public       ,184,650,834,2263,5106,7369
00151200,PALM BEACH COMMUNITY COLLEGE            ,FL,33461-4796,Public       ,1064,1962,3026,13143,16497,29640
00151300,PENSACOLA JR COLLEGE                    ,FL,32504-8998,Public       ,397,1301,1698,4503,9402,13905
00151400,POLK STATE COLLEGE                      ,FL,33881-4299,Public       ,308,782,1090,4415,7212,11627
00151500,ROLLINS COLLEGE                         ,FL,32789-4499,Private      ,85,124,209,2551,1450,4001
00151900,SANTA FE COLLEGE                        ,FL,32606-6200,Public       ,498,981,1479,8603,9002,17605
00152000,SEMINOLE STATE COLLEGE OF FLORIDA       ,FL,32773-6199,Public       ,647,1712,2359,8255,14023,22278
00152100,SOUTHEASTERN UNIVERSITY                 ,FL,33801-6099,Private      ,82,108,190,2845,1362,4207
00152200,SOUTH FLORIDA COMMUNITY COLLEGE         ,FL,33825-9399,Public       ,114,282,396,1457,2226,3683
00152300,ST JOHNS RIVER COMMUNITY COLLEGE        ,FL,32177-3897,Public       ,213,525,738,2319,4326,6645
00152600,SAINT LEO UNIVERSITY                    ,FL,33574-6665,Private      ,136,1339,1475,3429,14367,17796
00152800,ST. PETERSBURG COLLEGE                  ,FL,33760-3768,Public       ,812,2673,3485,9065,21689,30754
00153100,STETSON UNIVERSITY                      ,FL,32723-3761,Private      ,77,80,157,2832,961,3793
00153101,STETSON UNIVERSITY - COLLEGE OF LAW     ,FL,33707-3299,Private      ,3,34,37,42,2007,2049
00153300,TALLAHASSEE COMMUNITY COLLEGE           ,FL,32304-2895,Public       ,621,1030,1651,9333,9588,18921
00153400,EVEREST UNIVERSITY                      ,FL,33614-5801,Proprietary  ,131,709,840,725,5512,6237
00153408,EVEREST UNIVERSITY - TAMPA BRANDON CAMPU,FL,33619-1354,Proprietary  ,227,2436,2663,1513,20552,22065
00153409,EVEREST UNIVERSITY - ORANGE PARK        ,FL,32073-1111,Proprietary  ,30,172,202,282,1773,2055
00153500,UNIVERSITY OF FLORIDA                   ,FL,32611-3150,Public       ,1232,906,2138,34649,19820,54469
00153600,UNIVERSITY OF MIAMI                     ,FL,33146-6531,Private      ,630,352,982,17899,6755,24654
00153601,UNIV OF MIAMI SCHOOL OF LAW             ,FL,33124-0000,Private      ,4,16,20,89,1967,2056
00153602,UNIV OF MIAMI-SCH OF MEDICINE           ,FL,33136-0000,Private      ,52,46,98,686,1352,2038
00153700,UNIVERSITY OF SOUTH FLORIDA             ,FL,33620-6960,Public       ,1438,1663,3101,34253,25510,59763
00153701,UNIV OF SOUTH FLORIDA-ST PETERSBURG     ,FL,33701-0000,Public       ,30,77,107,623,805,1428
00153702,UNIV OF SOUTH FLORIDA-SARASOTA          ,FL,34243-2025,Public       ,19,63,82,306,792,1098
00153705,UNIV OF SOUTH FLORIDA                   ,FL,33803-0000,Public       ,53,74,127,955,793,1748
00153706,UNIV OF SOUTH FLORIDA- MEDICINE         ,FL,33612-0000,Public       ,37,43,80,672,1217,1889
00153800,UNIVERSITY OF TAMPA                     ,FL,33606-1490,Private      ,273,231,504,9026,2972,11998
00154000,WEBBER INTERNATIONAL UNIVERSITY         ,FL,33827-0096,Private      ,29,22,51,823,285,1108
00173308,NATIONAL-LOUIS UNIVERSITY               ,FL,33609-0000,Private      ,1,10,11,16,99,115
00177201,TRINITY INTERNATIONAL UNIVERSITY - SOUTH,FL,33324-4611,Private      ,5,31,36,37,451,488
00395400,UNIV OF CENTRAL FLORIDA                 ,FL,32816-0001,Public       ,1858,1622,3480,47686,24778,72464
00395500,UNIVERSITY OF WEST FLORIDA              ,FL,32514-5750,Public       ,245,531,776,6792,6524,13316
00407215,NORTHWOOD UNIVERSITY                    ,FL,33409-0000,Private      ,11,45,56,584,389,973
00491004,KAPLAN CAREER INSTITUTE - KAPLAN COLLEGE,FL,33026-3978,Proprietary  ,17,195,212,224,3512,3736
00491005,KAPLAN COLLEGE JACKSONVILLE             ,FL,32216-3216,Proprietary  ,10,239,249,14,305,319
00558500,LIVELY TECHNICAL CENTER                 ,FL,32304-0000,Public       ,76,339,415,491,2072,2563
00558501,LIVELY TECHNICAL CENTER - AVIATION SCHOO,FL,32304-8723,Public       ,0,0,0,55,135,190
00558600,LINDSEY HOPKINS TECHNICAL ED CENTER     ,FL,33127-4692,Public       ,28,172,200,256,1061,1317
00559400,D G ERWIN TECHNICAL CENTER              ,FL,33610-8255,Public       ,64,268,332,617,2330,2947
00560500,PINELLAS TECH ED CTR-CLEARWATER         ,FL,33760-2194,Public       ,56,275,331,382,1765,2147
00560700,SARASOTA COUNTY TECHNICAL INSTITUTE     ,FL,34233-0000,Public       ,26,139,165,268,976,1244
00560800,TRAVISS TECHNICAL CENTER                ,FL,33803-0000,Public       ,47,186,233,344,1325,1669
00561200,MANATEE TECHNICAL INSTITUTE             ,FL,34210-0000,Public       ,43,205,248,448,1505,1953
00561201,MANATEE TECHNICAL INSTITUTE-EAST        ,FL,34211-0000,Public       ,25,109,134,248,958,1206
00675000,VALENCIA COMMUNITY COLLEGE              ,FL,32802-3028,Public       ,2078,3526,5604,25889,27526,53415
00732910,ITT TECHNICAL INSTITUTE                 ,FL,33634-7515,Proprietary  ,245,732,977,1291,3873,5164
00732947,ITT TECHNICAL INSTITUTE                 ,FL,32746-1607,Proprietary  ,298,849,1147,1197,3543,4740
00752500,SUWANNEE-HAMILTON AREA VOC TECH CTR     ,FL,32060-0000,Public       ,4,47,51,80,331,411
00752600,WASHINGTON HOLMES TECHNICAL CENTER      ,FL,32428-1699,Public       ,11,79,90,143,565,708
00755800,LEE COUNTY HIGH TECH CENTER CENTRAL     ,FL,33916-2299,Public       ,40,162,202,407,1319,1726
00758600,REMINGTON COLLEGE - TAMPA CAMPUS        ,FL,33612-8410,Proprietary  ,25,127,152,192,849,1041
00758604,REMINGTON COLLEGE-LARGO CAMPUS          ,FL,33771-0000,Proprietary  ,0,0,0,0,1,1
00787000,HILLSBOROUGH COMMUNITY COLLEGE          ,FL,33606-3572,Public       ,1270,2688,3958,14551,22197,36748
00789300,FLAGLER COLLEGE                         ,FL,32085-1027,Private      ,124,52,176,3465,664,4129
00789301,FLAGLER COLLEGE - TALLAHASSEE COMMUNITY ,FL,32304-2895,Private      ,23,61,84,426,780,1206
00807500,ST JOHN VIANNEY COLLEGE SEMINARY        ,FL,33165-3244,Private      ,0,1,1,23,11,34
00814600,EVEREST UNIVERSITY - POMPANO BEACH      ,FL,33062-2522,Proprietary  ,49,401,450,440,3321,3761
00822300,ST VINCENT DE PAUL REGIONL SEMINARY     ,FL,33436-0000,Private      ,0,0,0,2,7,9
00841700,STENOTYPE INST OF JACKSONVILLE          ,FL,32207-0000,Proprietary  ,10,113,123,42,474,516
00869410,RASMUSSEN COLLEGE - OCALA               ,FL,34471-7051,Proprietary  ,118,795,913,787,6150,6937
00869411,RASMUSSEN COLLEGE - PASCO COUNTY        ,FL,34690-4554,Proprietary  ,41,171,212,294,1386,1680
00869413,RASMUSSEN COLLEGE - FORT MYERS          ,FL,33905-7805,Proprietary  ,28,141,169,300,1118,1418
00869420,RASMUSSEN COLLEGE - TAMPA               ,FL,33610-9558,Proprietary  ,8,55,63,18,103,121
00884800,WARNER UNIVERSITY                       ,FL,33859-8725,Private      ,29,62,91,624,741,1365
00884900,PALM BEACH ATLANTIC UNIVERSITY          ,FL,33401-6505,Private      ,95,213,308,2895,2633,5528
00887800,MIAMI INTERNATIONAL UNIV ART&DESIGN     ,FL,33132-1418,Proprietary  ,247,353,600,3589,3221,6810
00910400,RIVERSIDE HAIRSTYLING ACADEMY           ,FL,32207-3810,Proprietary  ,4,16,20,38,113,151
00962111,HERZING UNIVERSITY - ORLANDO            ,FL,32792-5544,Proprietary  ,2,30,32,59,321,380
00963500,FLORIDA INTERNATIONAL UNIVERSITY        ,FL,33199-0001,Public       ,1267,1881,3148,28627,28627,57254
00984100,UNIVERSITY OF NORTH FLORIDA             ,FL,32224-2645,Public       ,638,581,1219,13139,8891,22030
00990200,SHERIDAN TECHNICAL CENTER               ,FL,33021-3399,Public       ,85,339,424,551,2047,2598
01016100,"LORAINE'S ACADEMY, INC                  ",FL,33710-0000,Proprietary  ,11,52,63,48,272,320
01019500,ART INSTITUTE OF FT LAUDERDALE          ,FL,33316-3000,Proprietary  ,162,227,389,2518,2672,5190
01065200,PASCO-HERNANDO COMMUNITY CLG            ,FL,34654-5199,Public       ,408,1063,1471,4719,8275,12994
01072401,CARLOS ALBIZU UNIVERSITY                ,FL,33172-0000,Private      ,15,117,132,140,1263,1403
01082600,TOM P. HANEY TECHNICAL CENTER           ,FL,32405-5099,Public       ,35,254,289,218,1167,1385
01112700,GOODING INST OF NUR ANES BAY MED CT     ,FL,32401-0000,Public       ,1,6,7,11,115,126
01226300,ATLANTIC TECHNICAL CENTER               ,FL,33063-3902,Public       ,68,279,347,491,1763,2254
01254400,FIRST COAST TECHNICAL COLLEGE           ,FL,32084-1921,Public       ,39,110,149,289,1037,1326
01257400,RINGLING SCHOOL OF ART AND DESIGN       ,FL,34234-5895,Private      ,32,23,55,1953,414,2367
01303904,SOUTH UNIVERSITY - WEST PALM BEACH CAMPU,FL,33409-5149,Proprietary  ,46,192,238,479,1929,2408
01323400,LORENZO WALKER INST OF TECHNOLOGY       ,FL,34104-4405,Public       ,28,100,128,248,814,1062
02052002,FLORIDA EDUCATION CENTER - LAUDERHILL   ,FL,33313-5857,Proprietary  ,0,0,0,10,32,42
02089600,CONCORDE CAREER INSTITUTE               ,FL,32211-0000,Proprietary  ,30,195,225,254,1601,1855
02113609,AMERICAN INTERCONTINENTAL UNIV - WESTON ,FL,33326-3233,Proprietary  ,39,120,159,425,1086,1511
02115300,PINELLAS TECHNICAL EDUCATION CENTERS - S,FL,33711-0000,Public       ,47,289,336,379,1931,2310
02116006,SANFORD-BROWN INSTITUTE - FT. LAUDERDALE,FL,33309-1906,Proprietary  ,38,120,158,227,1035,1262
02121800,EVEREST INSTITUTE                       ,FL,33169-4759,Proprietary  ,48,248,296,424,1654,2078
02121801,EVEREST INSTITUTE  - HIALEAH            ,FL,33012-7193,Proprietary  ,26,74,100,312,643,955
02148200,FASHION FOCUS HAIR ACADEMY              ,FL,34231-0000,Proprietary  ,3,22,25,25,104,129
02148300,MANHATTAN BEAUTY SCHOOL                 ,FL,33611-0000,Proprietary  ,22,141,163,136,580,716
02149900,PAUL MITCHELL THE SCHOOL-JACKSONVILLE   ,FL,32205-0000,Proprietary  ,28,99,127,210,439,649
02151900,KEISER  UNIVERSITY                      ,FL,33309-0000,Proprietary  ,508,2316,2824,4797,18446,23243
02156300,MARGATE SCHOOL OF BEAUTY                ,FL,33063-0000,Proprietary  ,14,87,101,125,498,623
02156700,FLORIDA CHRISTIAN COLLEGE               ,FL,34744-0000,Private      ,26,19,45,296,269,565
02159600,BAPTIST COLLEGE OF FLORIDA (THE)        ,FL,32440-0000,Private      ,12,27,39,340,340,680
02172700,CONCORDE CAREER INSTITUTE               ,FL,33607-0000,Proprietary  ,20,118,138,170,873,1043
02188900,HOBE SOUND BIBLE COLLEGE                ,FL,33475-0000,Private      ,1,8,9,88,97,185
02200100,BRADENTON BEAUTY & BARBER ACADEMY       ,FL,34209-0000,Proprietary  ,9,39,48,63,214,277
02215900,ATI CAREER TRAINING CENTER              ,FL,33309-1785,Proprietary  ,60,183,243,323,1155,1478
02218700,FLORIDA TECHNICAL COLLEGE               ,FL,32826-2707,Proprietary  ,74,404,478,495,2539,3034
02218707,FLORIDA TECHNICAL COLLEGE - LAKELAND    ,FL,33813-2101,Proprietary  ,8,61,69,89,562,651
02218709,FLORIDA TECHNICAL COLLEGE - DELAND      ,FL,32720-7415,Proprietary  ,13,69,82,69,346,415
02228300,LAKE TECHNICAL CENTER                   ,FL,32726-0000,Public       ,59,133,192,325,1140,1465
02245500,FORTIS COLLEGE                          ,FL,32789-4679,Proprietary  ,24,167,191,522,906,1428
02257900,INTERNATIONAL ACADEMY                   ,FL,32119-3541,Proprietary  ,20,58,78,79,236,315
02275100,CONCORDE CAREER INSTITUTE               ,FL,33025-0000,Proprietary  ,23,94,117,152,715,867
02278800,SOUTHWEST FLORIDA COLLEGE               ,FL,33907-0000,Proprietary  ,71,289,360,506,2208,2714
02278801,SOUTHWEST FLORIDA COLLEGE - TAMPA       ,FL,33619-1344,Proprietary  ,26,112,138,335,808,1143
02278802,SOUTHWEST FLORIDA COLLEGE - INSTITUTUE O,FL,33928-9469,Proprietary  ,1,1,2,14,23,37
02278803,SOUTHWEST FLORIDA COLLEGE - PORT CHARLOT,FL,33953-3100,Proprietary  ,25,106,131,111,603,714
02279600,CORTIVA INSTITUTE - FLORIDA             ,FL,33781-0000,Proprietary  ,17,44,61,62,275,337
02280800,NEW ENGLAND INST TECH-PALM BEACH        ,FL,33407-0000,Proprietary  ,105,405,510,973,3323,4296
02283800,BEAUTY SCHOOLS OF AMERICA               ,FL,33012-3322,Proprietary  ,150,695,845,614,2671,3285
02287100,LA BELLE BEAUTY SCHOOL                  ,FL,33012-3224,Proprietary  ,10,118,128,33,265,298
02293200,ATI CAREER TRAINING CENTER              ,FL,33309-5916,Proprietary  ,251,885,1136,1315,5118,6433
02293201,ATI CAREER TRAINING CENTER - MIAMI      ,FL,33122-1707,Proprietary  ,9,25,34,61,202,263
02293202,ATI CAREER TAINING CENTER - ATI COLLEGE ,FL,87109-2016,Proprietary  ,6,33,39,56,249,305
02293600,ADVANCED TECHNICAL CENTERS              ,FL,33266-1597,Private      ,4,14,18,24,91,115
02297000,CHARLOTTE TECHNICAL CENTER              ,FL,33948-0000,Public       ,22,86,108,203,680,883
02300900,WITHLACOOCHEE TECHNICAL INSTITUTE       ,FL,34450-0000,Public       ,23,118,141,218,796,1014
02305700,FORTIS COLLEGE                          ,FL,33619-1283,Proprietary  ,7,91,98,167,698,865
02305800,FLORIDA CAREER COLLEGE                  ,FL,33012-7028,Proprietary  ,284,1012,1296,1984,6625,8609
02307400,GEORGE STONE AREA VOCATIONAL TECHNICAL  ,FL,32526-0000,Public       ,33,189,222,275,1153,1428
02314100,SCHILLER INTERNATIONAL UNIVERSITY       ,FL,33770-0000,Proprietary  ,8,31,39,65,200,265
02316200,MIAMI LAKES TECHNICAL EDUCATION CTR     ,FL,33014-0000,Public       ,37,184,221,377,1194,1571
02321200,ORANGE TECH EDUC CTR- WESTSIDE TECH     ,FL,34787-0000,Public       ,35,149,184,254,845,1099
02325100,KEY COLLEGE                             ,FL,33004-3046,Proprietary  ,4,11,15,28,118,146
02326303,MEDVANCE INSTITUTE - WEST PALM          ,FL,33461-2171,Proprietary  ,48,170,218,270,999,1269
02326306,MEDVANCE INSTITUTE - MIAMI              ,FL,33173-3431,Proprietary  ,23,74,97,98,400,498
02326800,MERIDIAN COLLEGE                        ,FL,34240-8478,Proprietary  ,12,69,81,69,392,461
02326801,MERIDIAN CAREER INSTITUTE -             ,FL,33619-1378,Proprietary  ,8,38,46,36,183,219
02326900,SUNSTATE ACADEMY OF HAIR DESIGN         ,FL,33907-1415,Proprietary  ,45,71,116,163,314,477
02329900,FLORIDA INSTITUTE OF ULTRASOUND         ,FL,32514-0000,Proprietary  ,8,44,52,82,322,404
02338400,FT PIERCE BEAUTY ACADEMY                ,FL,34982-0000,Proprietary  ,19,78,97,87,371,458
02341001,FORTIS COLLEGE - DBA FORTIS INSTITUTE   ,FL,32504-7322,Proprietary  ,0,0,0,56,233,289
02346200,WYOTECH                                 ,FL,32174-1010,Proprietary  ,106,218,324,669,1111,1780
02362100,FULL SAIL UNIVERSITY                    ,FL,32792-0000,Proprietary  ,1298,2942,4240,10910,16539,27449
02499000,ACADEMY OF COSMETOLOGY                  ,FL,32953-3311,Proprietary  ,10,34,44,62,172,234
02501500,"O*TEC, MID-FLORIDA TECH                 ",FL,32809-0000,Public       ,73,258,331,463,1418,1881
02504600,WINTER PARK TECH                        ,FL,32789-0000,Public       ,20,114,134,145,702,847
02508900,TALMUDIC COLLEGE OF FLORIDA             ,FL,33139-0000,Private      ,4,3,7,37,13,50
02511700,RIDGE TECHNICAL CENTER                  ,FL,33881-0000,Public       ,24,159,183,265,1125,1390
02513200,ORLANDO TECHNICAL CENTER                ,FL,32801-0000,Public       ,45,200,245,435,1628,2063
02515400,CITY COLLEGE                            ,FL,33309-3073,Private      ,64,247,311,510,2263,2773
02517100,SARASOTA SCHOOL OF MASSAGE THERAPY      ,FL,34243-6130,Proprietary  ,7,19,26,37,141,178
02524000,SUNSTATE ACADEMY OF HAIR DESIGN         ,FL,34624-0000,Proprietary  ,19,39,58,100,164,264
02524200,ROBERT MORGAN EDUCATIONAL CENTER        ,FL,33177-0000,Public       ,85,206,291,463,1150,1613
02547600,FLORIDA NATIONAL COLLEGE                ,FL,33012-0000,Proprietary  ,126,423,549,973,2916,3889
02554200,RADFORD LOCKLIN TECH CENTER             ,FL,32570-0000,Public       ,10,28,38,60,228,288
02573200,LA BELLE BEAUTY ACADEMY                 ,FL,33135-0000,Proprietary  ,13,67,80,68,348,416
02586200,FLORIDA CAREER COLLEGE                  ,FL,33759-3924,Proprietary  ,19,133,152,146,791,937
02586201,FLORIDA CAREER COLLEGE -                ,FL,33569-2553,Proprietary  ,0,0,0,17,42,59
02597100,HERITAGE INSTITUTE                      ,FL,33912-7132,Proprietary  ,48,184,232,364,1429,1793
02598200,SOUTHERN CAREER COLLEGE                 ,FL,32211-5123,Proprietary  ,7,57,64,127,512,639
02599800,EVEREST UNIVERSITY                      ,FL,33770-2556,Proprietary  ,27,181,208,226,1412,1638
02599801,EVEREST UNIVERSITY - TAMPA LAKELAND CAMP,FL,33801-3801,Proprietary  ,24,232,256,277,1715,1992
02599805,EVEREST UNIVERSITY - JACKSONVILLE       ,FL,32256-0000,Proprietary  ,38,231,269,387,2183,2570
02601600,HENRY W BREWSTER TECHNICAL CENTER       ,FL,33602-0000,Public       ,23,116,139,191,856,1047
02612700,ACADEMY OF COSMETOLOGY                  ,FL,32905-2805,Proprietary  ,6,41,47,22,140,162
02616400,SANFORD-BROWN INSTITUTE                 ,FL,32256-3520,Proprietary  ,81,439,520,597,3209,3806
02616401,SANFORD-BROWN INSTITUTE - TAMPA         ,FL,33610-8304,Proprietary  ,58,257,315,348,1698,2046
03003200,EVEREST INSTITUTE                       ,FL,33186-1410,Proprietary  ,34,159,193,424,1055,1479
03003201,EVEREST INSTITUTE - FT. LAUDERDALE      ,FL,33304-2522,Proprietary  ,13,57,70,167,746,913
03003600,MCFATTER TECHNICAL CENTER               ,FL,33317-7499,Public       ,70,174,244,453,1393,1846
03006801,PENNSYLVANIA CULINARY INSTITUTE - LE COR,FL,33025-3929,Proprietary  ,52,191,243,486,1602,2088
03008600,FLORIDA COLLEGE OF NATURAL HEALTH       ,FL,33064-1342,Proprietary  ,58,232,290,355,1432,1787
03010608,VIRGINIA COLLEGE - PENSACOLA            ,FL,32501-5650,Proprietary  ,15,141,156,167,1293,1460
03010612,VIRGINIA COLLEGE - GOLF ACADEMY OF AMERI,FL,32701-0000,Proprietary  ,9,38,47,124,293,417
03010618,VIRGINIA COLLEGE - JACKSONVILLE         ,FL,32207-5167,Proprietary  ,10,82,92,70,515,585
03012300,ASM BEAUTY WORLD ACADEMY                ,FL,33021-0000,Proprietary  ,2,25,27,21,139,160
03018500,BENE'S INTERNATIONAL SCHOOL OF BEAUTY   ,FL,34652-1637,Proprietary  ,22,56,78,91,357,448
03028200,TRINITY COLLEGE OF FLORIDA              ,FL,34655-4401,Private      ,10,17,27,154,134,288
03031400,INTERNATIONAL ACAD OF DESIGN & TECH     ,FL,33634-6313,Proprietary  ,250,810,1060,2303,5741,8044
03031402,INTERNATIONAL ACADEMY OF DESIGN AND TECH,FL,32809-4613,Proprietary  ,72,100,172,879,1130,2009
03031403,IADT - ORLANDO CULINARY ACADEMY         ,FL,32819-0000,Proprietary  ,17,42,59,295,464,759
03035800,HERITAGE INSTITUTE                      ,FL,32216-0948,Proprietary  ,21,137,158,114,630,744
03035900,NATIONAL AVIATION ACADEMY               ,FL,33760-3931,Proprietary  ,41,95,136,270,655,925
03037500,HODGES UNIVERSITY                       ,FL,34119-7932,Private      ,53,438,491,663,3916,4579
03054200,FORTIS COLLEGE                          ,FL,33144-2373,Proprietary  ,35,85,120,489,497,986
03071600,COLLEGE OF BUSINESS & TECHNOLOGY        ,FL,33176-0000,Proprietary  ,29,239,268,217,1384,1601
03071601,COLLEGE OF BUSINESS & TECHNOLOGY -      ,FL,33144-2072,Proprietary  ,0,0,0,55,87,142
03071602,COLLEGE OF BUSINESS & TECHNOLOGY -      ,FL,33012-3436,Proprietary  ,0,0,0,10,35,45
03076402,BRYMAN SCHOOL OF ARIZONA (THE) - ANTHEM ,FL,32803-3509,Proprietary  ,4,22,26,94,281,375
03079800,GEORGE T BAKER AVIATION                 ,FL,33142-5687,Public       ,27,49,76,301,428,729
03079900,CITY COLLEGE                            ,FL,32707-5342,Private      ,9,62,71,73,537,610
03083702,GALEN HEALTH INSTITUTES - FLORIDA CAMPUS,FL,33702-2455,Proprietary  ,0,0,0,23,112,135
03089200,NOUVELLE INSTITUTE                      ,FL,33125-4141,Proprietary  ,0,71,71,42,466,508
03096300,FORTIS INSTITUTE                        ,FL,33860-0000,Proprietary  ,12,31,43,54,232,286
03099600,MERCY HOSPITAL SCHOOL OF PRACTICAL NSG  ,FL,33133-4237,Private      ,7,25,32,84,252,336
03100800,TAYLOR TECHNICAL INSTITUTE              ,FL,32348-0894,Public       ,5,25,30,69,283,352
03101900,TRINITY BAPTIST COLLEGE                 ,FL,32221-1398,Private      ,7,24,31,208,161,369
03103900,MARION COUNTY COMMUNITY TECH & ADUL     ,FL,34474-3172,Public       ,62,242,304,379,1371,1750
03108500,EVERGLADES UNIVERSITY                   ,FL,33431-0000,Private      ,23,239,262,204,1606,1810
03108600,COM-PU-MED VOCATIONAL CAREERS           ,FL,33012-4861,Proprietary  ,17,103,120,58,409,467
03113400,ACADEMY OF HEALING ARTS                 ,FL,33463-2113,Proprietary  ,3,43,46,27,158,185
03114700,PRAXIS INSTITUTE                        ,FL,33135-2657,Proprietary  ,32,177,209,113,845,958
03115500,FLORIDA HOSPITAL COLG OF HEALTH SCI     ,FL,32803-1237,Private      ,79,367,446,1293,3170,4463
03123900,KEISER CAREER INSTITUTE                 ,FL,33413-0000,Proprietary  ,75,279,354,548,1983,2531
03125600,MIAMI AD SCHOOL                         ,FL,33139-5203,Proprietary  ,14,51,65,74,419,493
03127900,TECHNICAL EDUCATION CTR OSCEOLA         ,FL,34744-4459,Public       ,59,148,207,313,961,1274
03158300,LEE COUNTY HIGH TECH CENTER NORTH       ,FL,33993-2479,Public       ,15,82,97,165,599,764
03171300,UNIVERSITY OF ST. AUGUSTINE FOR HEALTH S,FL,32084-4215,Proprietary  ,4,248,252,37,1273,1310
03178400,CORAL RIDGE NURSES ASST TRAINING        ,FL,33306-0000,Proprietary  ,3,21,24,24,146,170
03224300,NEW PROFESSIONS TECHNICAL INSTITUTE     ,FL,33134-1640,Proprietary  ,6,167,173,53,643,696
03230300,OKALOOSA APPLIED TECHNOLOGY CENTER      ,FL,32547-1299,Public       ,17,86,103,112,680,792
03238300,FLORIDA COLLEGE OF INTEGRATIVE MED      ,FL,32809-5721,Proprietary  ,3,58,61,55,343,398
03255300,FLORIDA GULF COAST UNIVERSITY           ,FL,33965-6565,Public       ,452,334,786,10518,4844,15362
03256300,YESHIVA GEDOLAH RABBINICAL COLLEGE      ,FL,33139-4708,Private      ,13,2,15,18,7,25
03264300,SOUTH FLORIDA BIBLE COLLEGE AND THEOLOGI,FL,33441-5768,Private      ,1,13,14,10,83,93
03346300,ACAD FOR PRAC NURSING & HEALTH OCCP     ,FL,33417-4574,Private      ,15,115,130,202,809,1011
03348400,PROFESSIONAL TRAINING CENTERS           ,FL,33184-0000,Proprietary  ,23,113,136,139,684,823
03373300,BEACON COLLEGE                          ,FL,34748-5224,Private      ,18,16,34,142,85,227
03374300,FLORIDA COASTAL SCHOOL OF LAW           ,FL,32256-0000,Proprietary  ,4,78,82,51,3191,3242
03382300,BRADFORD-UNION AREA CAREERTECHNICAL CENT,FL,32091-2434,Public       ,2,41,43,43,272,315
03390300,LINCOLN TECHNICAL INSTITUTE             ,FL,32730-2351,Proprietary  ,20,108,128,168,909,1077
03411400,INTERNATIONAL TRAINING CAREERS          ,FL,33155-1462,Private      ,12,102,114,44,365,409
03414500,ACUPUNCTURE AND MASSAGE COLLEGE         ,FL,33176-1509,Proprietary  ,7,39,46,47,305,352
03425400,CENTRAL FLORIDA INSTITUTE               ,FL,34684-4436,Proprietary  ,32,108,140,234,867,1101
03429600,ATLANTIC INST OF ORIENTAL MEDICINE      ,FL,33316-0000,Private      ,3,38,41,16,176,192
03429700,EAST WEST COLLG OF NATURAL MEDICINE     ,FL,34236-4959,Proprietary  ,1,26,27,24,212,236
03433400,NEW CONCEPT MASSAGE AND BEAUTY SCHO     ,FL,33135-0000,Proprietary  ,2,31,33,19,114,133
03434300,FORTIS COLLEGE                          ,FL,32073-2999,Proprietary  ,46,140,186,215,843,1058
03459400,SAINT PETERSBURG THEOLOGICAL SEMINA     ,FL,33708-3116,Private      ,0,0,0,5,29,34
03480301,MEDVANCE INSTITUTE - FORT LAUDERDALE    ,FL,33313-7261,Proprietary  ,15,57,72,132,630,762
03480302,MEDVANCE INSTITUTE - STUART             ,FL,34994-3000,Proprietary  ,7,81,88,87,661,748
03491400,AMERICAN ADVANCED TECHNICIANS INST      ,FL,33014-4430,Proprietary  ,6,50,56,34,148,182
03549300,ULTIMATE MEDICAL ACADEMY                ,FL,33756-5802,Proprietary  ,142,2243,2385,638,7464,8102
03553300,KEISER CAREER COLLEGE                   ,FL,32216-0000,Proprietary  ,16,127,143,222,1067,1289
03557300,NORTH FLORIDA COSMETOLOGY INSTITUTE     ,FL,32312-0000,Proprietary  ,17,50,67,98,345,443
03564300,SUPERIOR CAREER INSTITUTE               ,FL,33311-1141,Proprietary  ,15,92,107,73,417,490
03570400,ENGLISH CENTER (THE)                    ,FL,33133-2703,Public       ,4,50,54,27,250,277
03595400,ANGLEY COLLEGE                          ,FL,32720-4257,Proprietary  ,7,49,56,60,397,457
03611400,FLORIDA BARBER ACADEMY                  ,FL,33441-0000,Proprietary  ,15,144,159,55,419,474
03618300,FLORIDA INSTITUTE OF ANIMAL ARTS        ,FL,32792-1740,Proprietary  ,19,44,63,115,243,358
03627400,JACKSONVILLE BEAUTY INSTITUTE           ,FL,32208-1885,Proprietary  ,16,66,82,84,264,348
03627600,FLORIDA EDUCATION INSTITUTE             ,FL,33144-5036,Proprietary  ,16,87,103,88,444,532
03661400,SOUTH FLORIDA INSTITUTE OF TECHNOLO     ,FL,33135-0000,Proprietary  ,13,155,168,90,739,829
03691400,AVE MARIA SCHOOL OF LAW                 ,FL,34119-1376,Private      ,4,17,21,50,1012,1062
03696400,SABER                                   ,FL,33134-1604,Private      ,3,64,67,33,393,426
03706300,AMERICAN INSTITUTE                      ,FL,33319-5613,Proprietary  ,27,86,113,190,690,880
03757300,ADVANCE SCIENCE INSTITUTE               ,FL,33012-0000,Proprietary  ,7,28,35,28,133,161
03801400,BEAUTY INSTITUTE (THE)                  ,FL,33409-2972,Proprietary  ,6,35,41,34,178,212
03801401,BEAUTY INSTITUTE (THE) - MARGATE        ,FL,33068-5704,Proprietary  ,0,1,1,6,29,35
03816300,ARTISTIC NAILS & BEAUTY ACADEMY         ,FL,33605-5919,Proprietary  ,36,127,163,121,351,472
03823300,FLORIDA ACADEMY OF HEALTH & BEAUTY      ,FL,33311-0000,Proprietary  ,1,9,10,28,86,114
03832300,DADE MEDICAL COLLEGE                    ,FL,33126-5534,Proprietary  ,72,301,373,523,1717,2240
03842500,CAMBRIDGE INSTITUTE OF ALLIED HEALTH    ,FL,32750-0000,Proprietary  ,7,35,42,46,249,295
03856300,UNIVERSAL BEAUTY SCHOOL                 ,FL,33174-4406,Proprietary  ,9,32,41,14,78,92
03856500,FLORIDA SCHOOL OF TRADITIONAL MIDWIFERY ,FL,32601-5507,Private      ,2,15,17,12,128,140
03866300,GALIANO CAREER ACADEMY                  ,FL,32701-5039,Proprietary  ,0,0,0,12,66,78
03875300,MCI INSTITUTE OF TECHNOLOGY             ,FL,33409-4937,Proprietary  ,26,151,177,109,464,573
03888300,DRAGON RISES COLLEGE OF ORIENTAL MEDICIN,FL,32601-5089,Proprietary  ,0,9,9,7,78,85
03903500,SOUTHERN TECHNICAL COLLEGE              ,FL,32809-0000,Proprietary  ,35,250,285,249,1645,1894
03906300,CAREER INSTITUTE OF FLORIDA             ,FL,33773-3434,Proprietary  ,5,58,63,46,421,467
03911300,TOTAL INTERNATIONAL CAREER INSTITUTE    ,FL,33012-0000,Proprietary  ,7,153,160,18,401,419
03939300,WOLFORD COLLEGE                         ,FL,34108-1931,Proprietary  ,1,44,45,19,352,371
03939400,CENTURA INSTITUTE                       ,FL,32807-3566,Proprietary  ,4,102,106,85,662,747
03939600,DAYTONA COLLEGE                         ,FL,32174-8445,Proprietary  ,12,59,71,124,350,474
03941300,AVE MARIA UNIVERSITY                    ,FL,34142-9505,Private      ,20,8,28,796,203,999
03957400,NEW COLLEGE OF FLORIDA                  ,FL,34243-2109,Public       ,40,32,72,1589,402,1991
03985300,COMMERCIAL DIVING ACADEMY               ,FL,32208-0000,Proprietary  ,40,134,174,264,775,1039
03986300,AVIATOR COLLEGE OF AERONAUTICAL SCIENCE ,FL,34946-9022,Proprietary  ,4,15,19,70,143,213
04016500,AMERICAN INSTITUTE OF BEAUTY            ,FL,33773-0000,Proprietary  ,16,42,58,82,242,324
04029300,TRENDSETTERS OF FLORIDA SCHOOL OF BEAUTY,FL,32205-4737,Proprietary  ,2,15,17,24,95,119
04058300,HEALTH OPPORTUNITY TECHNICAL CENTER     ,FL,33169-4517,Proprietary  ,7,56,63,41,359,400
04083400,INSTITUTE OF ALLIED MEDICAL PROFESSIONS ,FL,33484-6543,Proprietary  ,9,56,65,58,430,488
04105400,PENSACOLA SCHOOL OF MASSAGE THERAPY & HE,FL,32504-7337,Proprietary  ,9,41,50,55,297,352
04106300,PALM BEACH ACADEMY OF HEALTH & BEAUTY   ,FL,33403-2130,Proprietary  ,4,29,33,42,167,209
04116400,FUTURE-TECH INSTITUTE                   ,FL,33135-4142,Proprietary  ,1,9,10,9,27,36
04116600,TAYLOR COLLEGE                          ,FL,34420-8714,Proprietary  ,9,67,76,48,381,429
04119400,AVEDA INSTITUTE - SAINT PETERSBURG      ,FL,33701-4242,Proprietary  ,66,123,189,449,781,1230
04120400,HI-TECH SCHOOL OF COSMETOLOGY           ,FL,33174-0000,Proprietary  ,12,28,40,86,132,218
04126900,ACADEMY OF CAREER TRAINING              ,FL,34741-4644,Proprietary  ,23,72,95,149,440,589
04127400,DIGITAL MEDIA ARTS COLLEGE              ,FL,33431-5919,Proprietary  ,13,27,40,273,259,532
04128400,MANAGEMENT RESOURCES INSTITUTE          ,FL,33126-5473,Proprietary  ,5,189,194,25,708,733
04129300,INTERNATIONAL B NATURALE BEAUTY SCHOOL  ,FL,33311-1152,Proprietary  ,0,5,5,6,32,38
04129900,FLORIDA SCHOOL OF MASSAGE               ,FL,32608-5419,Proprietary  ,13,41,54,92,260,352
04130400,SHEAR EXCELLENCE INTERNATIONAL HAIR ACAD,FL,33614-2783,Private      ,13,18,31,51,126,177
04131900,FASTTRAIN OF MIAMI                      ,FL,33134-1065,Proprietary  ,6,55,61,37,273,310
04132000,FASTTRAIN OF FORT LAUDERDALE            ,FL,33311-1506,Proprietary  ,22,128,150,66,402,468
04132100,FASTTRAIN OF TAMPA                      ,FL,33607-4153,Proprietary  ,6,32,38,34,175,209
04132200,FASTTRAIN OF JACKSONVILLE               ,FL,32256-4849,Proprietary  ,5,57,62,32,288,320
04133500,ACADEMY FOR FIVE ELEMENT ACUPUNCTURE    ,FL,32601-6811,Private      ,3,20,23,10,136,146
04134800,AVEDA INSTITUTE - TALLAHASSEE           ,FL,32304-3186,Proprietary  ,22,42,64,143,277,420
04134900,ORANGE PARK BEAUTY ACADEMY              ,FL,32073-5524,Proprietary  ,9,17,26,16,82,98
04135000,COZMO THE SCHOOL                        ,FL,34135-4810,Proprietary  ,12,28,40,37,80,117
04135900,ALLIED HEALTH INSTITUTE                 ,FL,33068-0000,Proprietary  ,6,131,137,63,901,964
04140800,NORTH FLORIDA ACADEMY                   ,FL,32065-7758,Proprietary  ,6,12,18,28,81,109
04143100,PROFESSIONAL HANDS INSTITUTE            ,FL,33135-1939,Proprietary  ,10,161,171,36,496,532
04145900,CELEBRITY SCHOOL OF BEAUTY              ,FL,33144-4153,Proprietary  ,18,112,130,73,235,308
04146200,WALTON CAREER DEVELOPMENT CENTER        ,FL,32433-1557,Public       ,6,32,38,26,153,179
04146300,MARCHMAN TECHNICAL EDUCATION CENTER     ,FL,34653-1211,Public       ,13,42,55,34,130,164
04147800,ROSE TRAINING INSTITUTE                 ,FL,33881-4094,Proprietary  ,0,13,13,12,168,180
04148500,MEDICAL INSTITUTE OF PALM BEACH         ,FL,33460-5042,Proprietary  ,17,64,81,59,214,273
04150800,IMMOKALEE TECHNICAL CENTER              ,FL,34142-3146,Public       ,11,30,41,99,183,282
04151500,AMERICAN ACADEMY OF COSMETOLOGY         ,FL,32065-8026,Proprietary  ,10,19,29,35,127,162
04156300,UNIVERSITY OF FORT LAUDERDALE           ,FL,33313-5809,Private      ,1,9,10,17,80,97
04156400,AVIATION INSTITUTE OF MAINTENANCE       ,FL,32803-6487,Proprietary  ,25,47,72,91,293,384
04157100,DELTA CONNECTION ACADEMY                ,FL,32725-9683,Proprietary  ,9,29,38,31,68,99
04162500,HOLLYWOOD INSTITUTE OF BEAUTY CAREERS   ,FL,33020-4807,Proprietary  ,15,80,95,48,264,312
04163000,SALON PROFESSIONAL ACADEMY (THE)        ,FL,33624-6321,Proprietary  ,12,27,39,64,125,189
04163100,SALON PROFESSIONAL ACADEMY (THE)        ,FL,32607-1672,Proprietary  ,13,28,41,54,121,175
04163200,SALON PROFESSIONAL ACADEMY (THE)        ,FL,32162-9311,Proprietary  ,14,30,44,61,150,211
04164500,EUREKA INSTITUTE OF HEALTH AND BEAUTY   ,FL,33174-4205,Proprietary  ,1,14,15,4,35,39
04167300,SALON PROFESSIONAL ACADEMY (THE)        ,FL,33904-4824,Proprietary  ,8,24,32,29,62,91
04170300,BEAUTY ACADEMY OF SOUTH FLORIDA         ,FL,33012-3221,Proprietary  ,10,25,35,10,25,35
04173600,NOTTER SCHOOL OF PASTRY ARTS            ,FL,32809-7755,Proprietary  ,12,43,55,15,46,61
04176900,AMERICAN HEALTH INSTITUTE               ,FL,34654-3743,Proprietary  ,5,19,24,5,19,24
00160500,CHAMINADE UNIV OF HONOLULU              ,HI,96816-1578,Private      ,41,135,176,1755,1889,3644
00160600,BRIGHAM YOUNG UNIV-HAWAII CAMPUS        ,HI,96762-1294,Private      ,113,74,187,1546,890,2436
00161000,UNIVERSITY OF HAWAII AT MANOA           ,HI,96822-2399,Public       ,360,422,782,12039,9333,21372
00161100,UNIVERSITY OF HAWAII AT HILO            ,HI,96720-4091,Public       ,98,134,232,3415,2737,6152
00161200,HONOLULU COMMUNITY COLLEGE              ,HI,96817-4598,Public       ,143,279,422,1899,2319,4218
00161300,KAPIOLANI COMMUNITY COLLEGE             ,HI,96816-4421,Public       ,186,375,561,3155,3568,6723
00161400,KAUAI COMMUNITY COLLEGE                 ,HI,96766-9591,Public       ,40,96,136,466,728,1194
00161500,UNIVERSITY OF HAWAII MAUI COLLEGE       ,HI,96732-1644,Public       ,149,415,564,1517,3172,4689
00454900,LEEWARD COMMUNITY COLLEGE               ,HI,96782-3393,Public       ,201,420,621,2447,3028,5475
00525800,HAWAII COMMUNITY COLLEGE                ,HI,96720-4075,Public       ,123,282,405,1752,2662,4414
00723401,HEALD COLLEGE - HONOLULU                ,HI,96814-0000,Proprietary  ,161,335,496,1172,2147,3319
00727900,HAWAII PACIFIC UNIVERSITY               ,HI,96813-2882,Private      ,142,301,443,4666,3863,8529
01122000,WINDWARD COMMUNITY COLLEGE              ,HI,96744-0000,Public       ,83,164,247,969,1460,2429
02100300,MED-ASSIST SCHOOL OF HAWAII             ,HI,96813-0000,Proprietary  ,6,41,47,82,284,366
02107800,UNIVERSITY OF HAWAII - WEST OAHU        ,HI,96782-0000,Public       ,39,130,169,947,1414,2361
02139500,HAWAII INSTITUTE OF HAIR DESIGN         ,HI,96817-5195,Proprietary  ,12,37,49,55,175,230
03017800,TRAVEL INSTITUTE OF THE PACIFIC         ,HI,96814-1946,Proprietary  ,9,32,41,54,142,196
03072500,WORLD MEDICINE INSTITUTE                ,HI,96826-0000,Private      ,0,10,10,28,106,134
03649300,HAWAII TECHNOLOGY INSTITUTE             ,HI,96813-3036,Private      ,2,25,27,43,147,190
03735300,INST OF CLINICAL ACUPUNCTURE & ORIENT MD,HI,96813-2307,Proprietary  ,1,4,5,5,49,54
03999400,TRADITIONAL CHINESE MEDICAL COLLEGE OF H,HI,96743-8324,Private      ,1,4,5,6,61,67
04154100,PACIFIC RIM CHRISTIAN COLLEGE           ,HI,96819-2228,Private      ,7,8,15,55,88,143
04169600,HEISEI INTERNATIONAL INSTITUTE OF MASSAG,HI,96814-2254,Proprietary  ,1,8,9,3,18,21
04175100,PAUL MITCHELL THE SCHOOL HONOLULU       ,HI,96816-2433,Proprietary  ,4,20,24,4,20,24
00161600,BOISE STATE UNIVERSITY                  ,ID,83725-1000,Public       ,453,1080,1533,12371,13222,25593
00161700,"COLLEGE OF IDAHO, THE                   ",ID,83605-4432,Private      ,25,58,83,1524,393,1917
00161900,COLLEGE OF SOUTHERN IDAHO               ,ID,83301-0000,Public       ,246,591,837,3399,4803,8202
00161908,COLLEGE OF WESTERN IDAHO                ,ID,83687-1515,Public       ,370,978,1348,3209,6405,9614
00162000,IDAHO STATE UNIVERSITY                  ,ID,83209-5377,Public       ,334,810,1144,5581,10226,15807
00162100,LEWIS-CLARK STATE COLLEGE               ,ID,83501-2698,Public       ,75,245,320,2466,2624,5090
00162300,NORTH IDAHO COLLEGE                     ,ID,83814-2199,Public       ,234,667,901,3125,4863,7988
00162400,NORTHWEST NAZARENE UNIVERSITY           ,ID,83686-5897,Private      ,27,118,145,1520,1376,2896
00162500,BRIGHAM YOUNG UNIVERSITY-IDAHO          ,ID,83460-1650,Private      ,1088,910,1998,10376,7861,18237
00162600,UNIVERSITY OF IDAHO                     ,ID,83844-4291,Public       ,218,252,470,9431,5073,14504
00458304,BROWN MACKIE COLLEGE-SOUTH BEND - BROWN ,ID,83709-2746,Proprietary  ,32,118,150,227,1103,1330
00732915,ITT TECHNICAL INSTITUTE                 ,ID,83713-1529,Proprietary  ,167,499,666,834,2543,3377
00987300,MR JUAN'S CLG OF HAIR DESIGN            ,ID,83301-4154,Proprietary  ,4,9,13,29,58,87
01113300,EASTERN IDAHO TECHNICAL COLLEGE         ,ID,83404-5788,Public       ,46,195,241,418,1509,1927
02218000,APOLLO COLLEGE                          ,ID,83704-0000,Proprietary  ,59,223,282,355,1413,1768
02234500,BOISE BIBLE COLLEGE                     ,ID,83714-1220,Private      ,6,6,12,184,116,300
02275800,MR LEONS SCHOOL OF HAIR DESIGN          ,ID,83843-8384,Proprietary  ,5,4,9,29,54,83
02275801,MR. LEON'S SCHOOL OF HAIR DESIGN        ,ID,83501-1910,Proprietary  ,1,1,2,6,25,31
02314000,SCHOOL OF HAIRSTYLING (THE)             ,ID,83202-0000,Proprietary  ,5,14,19,44,98,142
02319800,HEADMASTERS SCHOOL OF HAIR DESIGN       ,ID,83814-0000,Proprietary  ,18,46,64,125,250,375
02349200,HEADMASTERS SCHOOL OF HAIR DESIGN       ,ID,83501-0000,Proprietary  ,4,10,14,36,62,98
02559500,RAZZLE DAZZLE CLG OF HAIR DESIGN        ,ID,83686-5104,Proprietary  ,8,25,33,55,166,221
02607100,SCOT LEWIS SCHOOLS                      ,ID,83709-1662,Proprietary  ,10,30,40,133,248,381
03098700,ACADEMY OF COURT REPORTING              ,ID,83704-8320,Proprietary  ,33,169,202,223,950,1173
03832400,COSMETOLOGY SCHOOL OF ARTS & SCIENCES   ,ID,83318-1327,Proprietary  ,0,13,13,17,85,102
04134300,EVANS HAIRSTYLING COLLEGE               ,ID,83440-5277,Proprietary  ,4,10,14,46,58,104
04144500,HAIR ACDMY PAUL MITCHELL PARTNER SCHOOL ,ID,83440-2600,Proprietary  ,18,23,41,114,168,282
04150600,D & L ACADEMY OF HAIR DESIGN            ,ID,83301-6229,Proprietary  ,1,3,4,19,34,53
04155200,OLIVER FINLEY ACADEMY OF COSMETOLOGY    ,ID,83704-8011,Proprietary  ,15,17,32,91,184,275
04163800,MASTER EDUCATORS BEAUTY SCHOOL          ,ID,83301-4118,Proprietary  ,3,8,11,21,59,80
04168600,COLLEGE OF MASSAGE THERAPY              ,ID,83221-1758,Proprietary  ,6,9,15,10,19,29
04176700,D'SHAW INSTITUTE OF COSMETOLOGY         ,ID,83704-4406,Proprietary  ,14,18,32,14,18,32
00163200,AQUINAS INSTITUTE OF THEOLOGY           ,MO,63108-3323,Private      ,1,9,10,7,84,91
00244900,AVILA COLLEGE                           ,MO,64145-1698,Private      ,41,141,182,1166,1631,2797
00245000,CALVARY BIBLE COLLEGE                   ,MO,64147-1341,Private      ,9,24,33,160,232,392
00245200,CENTRAL BIBLE COLLEGE                   ,MO,65803-1096,Private      ,19,30,49,622,391,1013
00245300,CENTRAL METHODIST UNIVERSITY            ,MO,65248-1198,Private      ,46,113,159,1576,1200,2776
00245301,CENTRAL METHODIST UNIVERSITY            ,MO,63601-0000,Private      ,0,0,0,82,229,311
00245302,CENTRAL METHODIST UNIVERSITY- UNION     ,MO,63084-0000,Private      ,0,0,0,45,96,141
00245400,UNIVERSITY OF CENTRAL MISSOURI          ,MO,64093-5178,Public       ,236,408,644,8062,4899,12961
00245500,DEVRY INSTITUTE OF TECHNOLOGY           ,MO,64131-3626,Proprietary  ,0,0,0,181,278,459
00245600,COLUMBIA COLLEGE                        ,MO,65216-4581,Private      ,167,1565,1732,2961,18047,21008
00245700,CONCORDIA SEMINARY                      ,MO,63105-3199,Private      ,0,8,8,5,470,475
00245800,COTTEY COLLEGE                          ,MO,64772-2790,Private      ,10,7,17,341,49,390
00245900,CROWDER COLLEGE                         ,MO,64850-9165,Public       ,138,402,540,2407,3392,5799
00246000,CULVER STOCKTON COLLEGE                 ,MO,63435-1299,Private      ,28,9,37,1081,167,1248
00246100,DRURY UNIVERSITY                        ,MO,65802-3791,Private      ,107,342,449,2700,4357,7057
00246200,EDEN THEOLOGICAL SEMINARY               ,MO,63119-0000,Private      ,2,6,8,5,123,128
00246300,EVANGEL UNIVERSITY                      ,MO,65802-2125,Private      ,56,61,117,2250,928,3178
00246400,FONTBONNE UNIVERSITY                    ,MO,63105-3098,Private      ,30,235,265,1237,2818,4055
00246600,HARRIS-STOWE STATE COLLEGE              ,MO,63103-2199,Public       ,42,154,196,1622,2036,3658
00246700,CONCEPTION SEMINARY COLLEGE             ,MO,64433-0502,Private      ,4,1,5,67,17,84
00246800,JEFFERSON COLLEGE                       ,MO,63050-2441,Public       ,156,410,566,2919,3571,6490
00247100,ST LOUIS COMMUNITY COLLEGE              ,MO,63102-0000,Public       ,853,2470,3323,11201,19095,30296
00247300,KANSAS CITY ART INSTITUTE               ,MO,64111-1874,Private      ,40,40,80,1305,359,1664
00247400,KANSAS CITY UNIV OF MED AND BIOSCIENCES ,MO,64106-0000,Private      ,2,12,14,57,1125,1182
00247600,KENRICK-GLENNON SEMINARY                ,MO,63119-0000,Private      ,0,0,0,1,2,3
00247600,KENRICK-GLENNON SEMINARY                ,MO,63119-4330,Private      ,0,0,0,5,7,12
00247700,A.T. STILL UNIV OF HEALTH SCIENCES      ,MO,63501-0000,Private      ,3,100,103,16,2978,2994
00247900,LINCOLN UNIVERSITY                      ,MO,65101-3500,Public       ,65,191,256,2888,2043,4931
00248000,LINDENWOOD UNIVERSITY                   ,MO,63301-1695,Private      ,215,657,872,5922,7747,13669
00248200,MARYVILLE UNIVERSITY                    ,MO,63141-7299,Private      ,44,245,289,2280,2685,4965
00248400,METROPOLITAN COMMUNITY COLLEGE          ,MO,64111-2408,Public       ,782,2387,3169,10127,17073,27200
00248500,MIDWESTERN BAPTIST THEOL SEMINARY       ,MO,64118-4697,Private      ,3,22,25,72,310,382
00248600,MINERAL AREA COLLEGE                    ,MO,63601-1000,Public       ,141,375,516,2122,2927,5049
00248800,MISSOURI SOUTHERN STATE UNIVERSITY      ,MO,64801-1595,Public       ,137,344,481,4039,3990,8029
00248900,MISSOURI VALLEY COLLEGE                 ,MO,65340-3197,Private      ,32,34,66,1629,478,2107
00249000,MISSOURI WESTERN STATE UNIVERSITY       ,MO,64507-2294,Public       ,120,224,344,4726,2946,7672
00249100,MOBERLY AREA COMMUNITY COLLEGE          ,MO,65270-1304,Public       ,177,408,585,2975,3688,6663
00249400,NAZARENE THEOLOGICAL SEMINARY           ,MO,64131-1246,Private      ,0,15,15,5,211,216
00249500,TRUMAN STATE UNIVERSITY                 ,MO,63501-4221,Public       ,109,24,133,5890,638,6528
00249600,NORTHWEST MISSOURI STATE UNIV           ,MO,64468-6001,Public       ,150,95,245,7011,1498,8509
00249800,PARK UNIVERSITY                         ,MO,64152-3795,Private      ,68,832,900,1386,8066,9452
00249900,ROCKHURST UNIVERSITY                    ,MO,64110-2561,Private      ,47,98,145,1987,1448,3435
00250000,COLLEGE OF THE OZARKS                   ,MO,65726-2502,Private      ,86,32,118,3219,395,3614
00250100,SOUTHEAST MISSOURI STATE UNIV           ,MO,63701-4799,Public       ,210,348,558,8310,4460,12770
00250200,SOUTHWEST BAPTIST UNIVERSITY            ,MO,65613-2597,Private      ,79,132,211,2247,1723,3970
00250300,MISSOURI STATE UNIVERSITY               ,MO,65897-0094,Public       ,415,569,984,14467,7848,22315
00250400,ST LOUIS COLLEGE OF PHARMACY            ,MO,63110-1088,Private      ,6,16,22,819,630,1449
00250600,SAINT LOUIS UNIVERSITY                  ,MO,63103-2097,Private      ,138,330,468,9295,8357,17652
00250900,SAINT PAUL SCHOOL OF THEOLOGY           ,MO,64127-2499,Private      ,0,11,11,4,185,189
00251200,STEPHENS COLLEGE                        ,MO,65215-0001,Private      ,34,55,89,1024,677,1701
00251400,NORTH CENTRAL MISSOURI COLLEGE          ,MO,64683-1824,Public       ,32,122,154,860,1171,2031
00251600,UNIVERSITY OF MISSOURI-COLUMBIA         ,MO,65211-1600,Public       ,581,466,1047,24125,8973,33098
00251700,MISSOURI UNIVERSITY OF SCIENCE & TECHNOL,MO,65409-0250,Public       ,109,76,185,5216,1320,6536
00251800,UNIVERSITY OF MISSOURI-KANSAS CITY      ,MO,64110-2497,Public       ,240,617,857,7288,10021,17309
00251900,UNIVERSITY OF MISSOURI-ST LOUIS         ,MO,63121-4499,Public       ,202,651,853,6039,10390,16429
00252000,WASHINGTON UNIVERSITY                   ,MO,63130-4899,Private      ,215,203,418,13422,6499,19921
00252001,WASHINGTON UNIV-SCHOOL OF MEDICINE      ,MO,63110-0000,Private      ,6,15,21,89,1350,1439
00252100,WEBSTER UNIVERSITY                      ,MO,63119-3194,Private      ,72,1026,1098,3305,13632,16937
00252200,WENTWORTH MILITARY ACADEMY              ,MO,64067-1799,Private      ,11,21,32,205,242,447
00252300,WESTMINSTER COLLEGE                     ,MO,65251-1299,Private      ,25,6,31,1397,132,1529
00252400,WILLIAM JEWELL COLLEGE                  ,MO,64068-1896,Private      ,53,43,96,1637,343,1980
00252500,WILLIAM WOODS UNIVERSITY                ,MO,65251-2388,Private      ,29,264,293,1145,1822,2967
00405704,NATIONAL AMERICAN UNIVERSITY            ,MO,64057-1791,Proprietary  ,5,60,65,76,657,733
00441300,ST JOHNS HOSP SCH RAD TECH              ,MO,65802-0000,Private      ,0,12,12,71,126,197
00470300,LOGAN COLLEGE OF CHIROPRACTIC           ,MO,63006-1065,Private      ,4,45,49,79,1165,1244
00470700,COVENANT THEOLOGICAL SEMINARY           ,MO,63141-8697,Private      ,0,18,18,7,559,566
00471100,LINN STATE TECHNICAL COLLEGE            ,MO,65051-9607,Public       ,23,39,62,1264,501,1765
00471300,THREE RIVERS COMMUNITY COLLEGE          ,MO,63901-2393,Public       ,130,371,501,1910,3113,5023
00528800,KIRKSVILLE AREA TECHNICAL CENTER        ,MO,63501-0000,Public       ,1,3,4,39,83,122
00528900,WAYNESVILLE CAREER CENTER               ,MO,65583-2131,Public       ,3,8,11,73,137,210
00542400,SOUTH CENTRAL CAREER CENTER             ,MO,65775-3334,Public       ,8,20,28,59,179,238
00542600,SIKESTON CAREER AND TECHNOLOGY CTR      ,MO,63801-0000,Public       ,4,9,13,63,164,227
00542900,ROLLA TECHNICAL INSTITUTE               ,MO,65401-3601,Public       ,13,39,52,295,345,640
00543000,POPLAR BLUFF TECHNICAL CAREER CNTR      ,MO,63901-0000,Public       ,1,11,12,54,156,210
00543800,SALINE COUNTY CAREER CENTER             ,MO,65340-0000,Public       ,0,3,3,15,76,91
00544500,TRUMAN MEDICAL CENTER SCHOOL OF NURSE AN,MO,64108-2677,Private      ,6,16,22,70,209,279
00553100,GRAND RIVER TECHNICAL SCHOOL            ,MO,64601-1299,Public       ,1,3,4,97,63,160
00553200,CAPE GIRARDEAU CAREER & TECHNOLOGY CENTE,MO,63703-7511,Public       ,11,50,61,166,485,651
00638500,CHAMBERLAIN COLLEGE OF NURSING          ,MO,63146-0000,Proprietary  ,85,1644,1729,1317,10704,12021
00638900,BARNES JEWISH COLLEGE OF NURSING AND ALL,MO,63110-1091,Private      ,10,75,85,357,941,1298
00639200,RESEARCH COLLEGE OF NURSING             ,MO,64132-1199,Proprietary  ,4,34,38,133,372,505
00639201,RESEARCH MEDICAL CENTER - COLLEGE OF NUR,MO,64132-1199,Proprietary  ,2,5,7,23,81,104
00639202,RESEARCH MED CTR SCHL OF RAD TECH       ,MO,64132-0000,Proprietary  ,4,10,14,22,73,95
00666600,LUTHERAN  SCHOOL OF NURSING             ,MO,63118-3909,Proprietary  ,3,32,35,107,441,548
00732923,ITT TECHNICAL INSTITUTE                 ,MO,63045-1122,Proprietary  ,215,803,1018,1394,4387,5781
00754000,MISSOURI BAPTIST UNIVERSITY             ,MO,63141-8698,Private      ,30,206,236,1596,2391,3987
00808000,STATE FAIR COMMUNITY COLLEGE            ,MO,65301-0000,Public       ,133,421,554,2369,3438,5807
00826900,HILLYARD TECHNICAL CENTER               ,MO,64506-0000,Public       ,0,17,17,119,277,396
00855200,STEVENS INSTITUTE OF BUSINESS & ARTS    ,MO,63103-0000,Proprietary  ,8,28,36,98,185,283
00860600,TRI-COUNTY TECHNICAL SCHOOL             ,MO,65026-0000,Public       ,2,19,21,17,94,111
00886200,EAST CENTRAL COLLEGE                    ,MO,63084-0529,Public       ,124,330,454,2172,2728,4900
00908900,HANNIBAL-LAGRANGE COLLEGE               ,MO,63401-1999,Private      ,20,32,52,828,566,1394
00952000,NATIONAL ACADEMY OF BEAUTY ARTS         ,MO,63128-1307,Proprietary  ,19,48,67,170,414,584
00959000,INDEPENDENCE COLLEGE OF COSMETOLOGY     ,MO,64055-1105,Proprietary  ,10,24,34,56,121,177
00960700,HOUSE OF HEAVILIN BEAUTY COLLEGE        ,MO,64110-2826,Proprietary  ,3,14,17,34,140,174
00978200,SAINT LUKE'S COLLEGE                    ,MO,64114-3237,Private      ,3,12,15,87,264,351
00979500,MISSOURI COLLEGE                        ,MO,63144-2901,Proprietary  ,68,186,254,474,1376,1850
01014814,COLORADO TECHNL UNIV NORTH KANSAS CITY  ,MO,64116-3614,Proprietary  ,22,135,157,255,1520,1775
01027900,HICKEY COLLEGE                          ,MO,63146-0000,Proprietary  ,29,41,70,488,343,831
01040500,PINNACLE CAREER INSTITUTE               ,MO,64131-3367,Proprietary  ,53,501,554,294,2580,2874
01040501,PINNACLE CAREER INSTITUTE - NORTH KANSAS,MO,64153-1151,Proprietary  ,9,57,66,66,465,531
01050303,WICHITA TECHNICAL INSTITUTE - WTI JOPLIN,MO,64801-2970,Proprietary  ,6,50,56,49,346,395
01102600,WARRENSBURG AREA VOC TECH SCH           ,MO,64093-0000,Public       ,0,6,6,32,79,111
01173500,PIKE/LINCOLN TECHNICAL CENTER           ,MO,63344-0000,Public       ,2,10,12,49,121,170
01212000,ASSEMBLIES OF GOD THEO. SEMINARY        ,MO,65802-0000,Private      ,1,25,26,18,274,292
01250000,RANKEN TECHNICAL COLLEGE                ,MO,63113-2811,Private      ,105,269,374,1591,1837,3428
01258000,ST LOUIS CHRISTIAN COLLEGE              ,MO,63033-6499,Private      ,11,17,28,211,260,471
01320800,BAPTIST BIBLE COLLEGE                   ,MO,65803-3498,Private      ,27,26,53,362,252,614
02056100,FOUR RIVERS CAREER CENTER               ,MO,63090-0000,Public       ,0,5,5,19,70,89
02066900,NICHOLS CAREER CENTER                   ,MO,65101-2814,Public       ,8,12,20,96,163,259
02068200,COX HEALTH - COX COLLEGE                ,MO,65802-0000,Private      ,13,104,117,257,932,1189
02068202,COX HEALTH - RADIOLOGIC TECHNOLOGY      ,MO,65802-0000,Private      ,1,14,15,55,156,211
02068204,COX HEALTH - MEDICAL TECHNOLOGY         ,MO,65807-0000,Private      ,3,17,20,54,124,178
02073600,KENNETT CAREER & TECHNOLOGY CENTER      ,MO,63857-0000,Public       ,1,4,5,15,87,102
02090400,BOONSLICK TECHNICAL EDUCATION CTR       ,MO,65233-0000,Public       ,1,3,4,19,74,93
02121100,MIDWEST INSTITUTE                       ,MO,63122-0000,Proprietary  ,24,116,140,105,390,495
02124500,FRANKLIN TECHNOLOGY CENTER              ,MO,64801-0000,Public       ,6,35,41,106,449,555
02142200,LEX LA RAY TECHNICAL CENTER             ,MO,64067-0000,Public       ,0,5,5,25,92,117
02151000,HANNIBAL CAREER AND TECHNICAL CENTE     ,MO,63401-2285,Public       ,1,9,10,35,113,148
02154900,MISSOURI SCH OF BARB & HAIR             ,MO,63031-0000,Proprietary  ,1,10,11,1,10,11
02164200,FOREST INST PROFESSIONAL PSYCHOLOGY     ,MO,65807-0000,Private      ,0,11,11,19,402,421
02165900,CHILLICOTHE BEAUTY ACADEMY              ,MO,64601-0000,Proprietary  ,2,7,9,14,46,60
02180200,METRO BUSINESS COLLEGE                  ,MO,63701-0000,Proprietary  ,19,130,149,161,1073,1234
02188000,NORTHWEST TECHNICAL SCHOOL              ,MO,64468-0000,Public       ,4,1,5,4,1,5
02188100,NORTHLAND CAREER CENTER                 ,MO,64079-8333,Public       ,0,4,4,23,106,129
02202700,OZARK CHRISTIAN COLLEGE                 ,MO,64801-0000,Private      ,21,16,37,585,207,792
02203400,NEVADA REGIONAL TECHNICAL CENTER        ,MO,64772-0000,Public       ,5,4,9,35,66,101
02205200,SANFORD-BROWN COLLEGE                   ,MO,63026-7305,Proprietary  ,40,221,261,335,1736,2071
02205203,SANFORD BROWN COLLEGE-ST. PETERS        ,MO,63301-4042,Proprietary  ,31,157,188,247,1301,1548
02214500,SALEM COLLEGE OF HAIRSTYLING            ,MO,65401-0000,Proprietary  ,2,7,9,13,42,55
02239200,ANTHEM COLLEGE                          ,MO,63043-0000,Proprietary  ,90,201,291,549,1404,1953
02239202,ANTHEM COLLEGE - METRO SOUTH            ,MO,63026-0000,Proprietary  ,0,17,17,44,132,176
02250600,EVEREST COLLEGE                         ,MO,65807-2446,Proprietary  ,19,129,148,141,876,1017
02263106,ANTHEM COLLEGE - ANTHEM COLLEGE - KANSAS,MO,64114-3232,Proprietary  ,4,5,9,28,104,132
02263400,LAKE CAREER AND TECHNICAL CENTER        ,MO,65020-0000,Public       ,1,6,7,10,57,67
02266400,CENTRAL CHRISTIAN CLG OF THE BIBLE      ,MO,65270-0000,Private      ,2,14,16,235,164,399
02277500,HOUSE OF HEAVILIN OF BLUE SPRINGS       ,MO,64014-3953,Proprietary  ,7,22,29,69,130,199
02289200,COLUMBIA AREA CAREER CENTER             ,MO,65203-0000,Public       ,9,37,46,84,307,391
02295700,MISSOURI BEAUTY ACADEMY                 ,MO,63640-1827,Proprietary  ,11,12,23,60,165,225
02300105,EVEREST COLLEGE - EARTH CITY            ,MO,63045-1100,Proprietary  ,34,160,194,249,1280,1529
02304000,MISSOURI TECH                           ,MO,63303-3887,Proprietary  ,4,26,30,80,216,296
02309100,AMERICAN COLLEGE OF HAIR DESIGN         ,MO,65301-2144,Proprietary  ,2,10,12,37,67,104
02313000,CASS CAREER CENTER                      ,MO,64701-0000,Public       ,0,1,1,25,82,107
02340500,ST LOUIS COLLEGE OF HEALTH CAREERS      ,MO,63110-0000,Proprietary  ,25,136,161,210,942,1152
02340501,ST LOUIS COLLEGE OF HEALTH              ,MO,63129-0000,Proprietary  ,0,0,0,39,121,160
02342100,CAREER & TECHNOLOGY CTR AT FT OSAGE     ,MO,64058-0000,Public       ,2,9,11,14,65,79
02361600,CONCORDE CAREER COLLEGE                 ,MO,64111-0000,Proprietary  ,38,248,286,264,1352,1616
02497500,CLINTON TECHNICAL SCHOOL                ,MO,64735-2966,Public       ,3,14,17,21,72,93
02520800,MERRELL UNIV OF BTY ARTS & SCIENCES     ,MO,65109-0000,Proprietary  ,9,45,54,77,181,258
02530600,SAINT CHARLES COMMUNITY COLLEGE         ,MO,63376-0975,Public       ,276,524,800,4062,3751,7813
02543800,PARIS II EDUCATIONAL CENTER (THE)       ,MO,64118-0000,Proprietary  ,4,42,46,73,194,267
02555300,PATSY AND ROB'S ACADEMY OF BEAUTY       ,MO,63074-0000,Proprietary  ,3,18,21,57,106,163
02564700,ELAINE STEVEN BEAUTY COLLEGE            ,MO,63136-0000,Proprietary  ,11,43,54,62,214,276
02564701,ELAINE STEVEN BEAUTY COLLEGE - ADVANCE B,MO,63383-2006,Proprietary  ,0,3,3,1,12,13
02564702,ELAINE STEVEN BEAUTY COLLEGE - ADVANCE B,MO,63401-2269,Proprietary  ,1,0,1,8,11,19
02568500,GRABBER SCHOOL OF HAIR DESIGN           ,MO,63011-0000,Proprietary  ,2,19,21,55,128,183
02599700,VATTEROTT COLLEGE                       ,MO,63134-2900,Proprietary  ,73,296,369,472,2170,2642
02599701,VATTEROTT COLLEGE - KANSAS CITY         ,MO,64129-1692,Proprietary  ,17,174,191,211,1397,1608
02599702,VATTEROTT COLLEGE - SPRINGFIELD LOCATION,MO,65807-5340,Proprietary  ,15,131,146,150,946,1096
02599703,VATTEROTT COLLEGE - JOPLIN              ,MO,64801-5033,Proprietary  ,12,77,89,121,783,904
02599705,VATTEROTT COLLEGE - SUNSET HILLS        ,MO,63127-1516,Proprietary  ,23,118,141,146,1004,1150
02599712,VATTEROTT COLLEGE - O'FALLON            ,MO,63366-2748,Proprietary  ,17,94,111,107,542,649
02608000,NEOSHO BEAUTY COLLEGE                   ,MO,64850-1525,Proprietary  ,0,14,14,21,66,87
02609202,VATTEROTT COLLEGE-ST JOSEPH             ,MO,64501-2911,Proprietary  ,17,60,77,143,526,669
02609203,VATTEROTT COLLEGE - L'ECOLE CULINAIRE   ,MO,63124-1103,Proprietary  ,16,87,103,202,827,1029
02611004,HERITAGE COLLEGE-KANSAS CITY            ,MO,64131-4203,Proprietary  ,45,169,214,233,1105,1338
03042400,LEBANON TECHNOLOGY & CAREER CENTER      ,MO,65536-3296,Public       ,2,14,16,43,163,206
03066300,BRYAN CAREER COLLEGE                    ,MO,65806-2507,Proprietary  ,17,137,154,80,671,751
03068600,SPECIAL SCHOOL DISTRICT OF ST. LOUIS CO.,MO,63127-0000,Public       ,4,54,58,46,569,615
03070200,CENTRAL COLLEGE OF COSMETOLOGY          ,MO,65583-0000,Proprietary  ,6,25,31,29,120,149
03070900,SE MO HOSP CLG NURSING & HEALTH SCI     ,MO,63703-4507,Private      ,7,23,30,149,340,489
03077200,COSMETOLOGY CONCEPTS INSTITUTE          ,MO,65202-1972,Proprietary  ,4,14,18,34,115,149
03083000,OZARKS TECHNICAL COMMUNITY COLLEGE      ,MO,65802-3601,Public       ,543,1452,1995,7281,11538,18819
03092600,MESSENGER COLLEGE                       ,MO,64804-4909,Private      ,0,7,7,38,78,116
03097600,ST LOUIS HAIR ACADEMY                   ,MO,63107-1737,Proprietary  ,1,16,17,23,80,103
03101000,NEW DIMENSION SCHOOL OF HAIR DESIGN     ,MO,64801-5017,Proprietary  ,6,10,16,21,62,83
03106000,MISSOURI STATE UNIVERSITY - WEST PLAINS ,MO,65775-2715,Public       ,54,191,245,1199,1502,2701
03110900,HOUSE OF HEAVILIN BEAUTY COLLEGE        ,MO,64030-0000,Proprietary  ,4,8,12,24,52,76
03166300,MOBERLY AREA TECHNICAL CENTER           ,MO,65270-1904,Public       ,2,8,10,52,73,125
03174300,HERNDON CAREER CENTER                   ,MO,64138-2695,Public       ,2,1,3,2,2,4
03519300,MISSOURI COLLEGE OF COSMETOLOGY NORTH   ,MO,65803-1235,Proprietary  ,4,34,38,86,247,333
03528300,MIDWEST UNIVERSITY                      ,MO,63385-2905,Private      ,2,9,11,14,74,88
03579300,TEXAS COUNTY TECHNICAL INSTITUTE        ,MO,65483-2700,Private      ,4,34,38,41,305,346
03616300,AVIATION INSTITUTE OF MAINTENANCE       ,MO,64129-1811,Proprietary  ,7,69,76,76,476,552
03663400,UNIVERSITY OF COSMETOLOGY               ,MO,63080-1910,Proprietary  ,0,4,4,8,32,40
03878300,PROFESSIONAL MASSAGE TRAINING CENTER    ,MO,65803-2939,Proprietary  ,8,30,38,52,166,218
03916300,ECLIPS SCHOOL OF COSMETOLOGY AND BARBERI,MO,63703-5809,Proprietary  ,5,33,38,31,137,168
03924300,HAIR ACADEMY 110 (THE)                  ,MO,63501-2915,Proprietary  ,1,3,4,18,33,51
03970400,MTTI-WELLSPRING CENTER FOR NATURAL HEALT,MO,64114-3313,Proprietary  ,13,51,64,36,155,191
04037500,ACADEMY OF HAIR DESIGN                  ,MO,65804-2303,Proprietary  ,5,31,36,63,214,277
04118700,AMERICAN COLLEGE OF TECHNOLOGY          ,MO,64506-2006,Proprietary  ,4,25,29,30,168,198
04119100,CITY VISION COLLEGE                     ,MO,64141-3188,Private      ,2,20,22,15,104,119
04122300,GRANTHAM UNIVERSITY                     ,MO,64153-2262,Proprietary  ,0,73,73,0,73,73
04127000,PEMISCOT COUNTY SPECIAL SCHOOL DISTRICT ,MO,63851-1666,Public       ,1,0,1,8,63,71
04130300,VICTORY TRADE SCHOOL                    ,MO,65803-2754,Private      ,2,19,21,3,44,47
04130600,HEALING ARTS CENTER                     ,MO,63143-2103,Proprietary  ,3,20,23,31,133,164
04133300,TREND SETTERS SCHOOL OF COSMETOLOGY     ,MO,63702-7607,Proprietary  ,3,13,16,41,103,144
04145200,TRANSFORMED BARBER AND COSMETOLOGY ACADE,MO,64137-1207,Proprietary  ,5,41,46,67,262,329
04145700,THE SYSTEM A PAUL MITCHELL PARTNER SCHL ,MO,65807-5969,Proprietary  ,9,33,42,139,202,341
04146100,URSHAN GRADUATE SCHOOL OF THEOLOGY      ,MO,63031-7526,Private      ,0,5,5,7,42,49
04170600,SALON PROFESSIONAL ACADEMY (THE)        ,MO,63301-1021,Proprietary  ,9,16,25,15,34,49
04170700,PAUL MITCHELL THE SCHOOL ST LOUIS       ,MO,63108-1554,Proprietary  ,18,22,40,45,55,100
04174000,SKIN INSTITUTE                          ,MO,63128-1307,Proprietary  ,1,12,13,4,27,31
04174800,AMERICAN TRADE SCHOOL                   ,MO,63074-1807,Proprietary  ,11,43,54,11,43,54
00163201,AQUINAS INSTITUTE OF THEOLOGY - MINISTRY,OK,73123-0380,Private      ,0,0,0,0,23,23
00314600,WESTERN OKLAHOMA STATE COLLEGE          ,OK,73521-1397,Public       ,45,105,150,680,1157,1837
00314700,BACONE COLLEGE                          ,OK,74403-1597,Private      ,34,78,112,1048,883,1931
00314900,SOUTHERN NAZARENE UNIVERSITY            ,OK,73008-2694,Private      ,29,291,320,1277,1824,3101
00315000,CAMERON UNIVERSITY                      ,OK,73505-6377,Public       ,116,400,516,2294,3949,6243
00315100,OKLAHOMA WESLEYAN UNIVERSITY            ,OK,74006-6299,Private      ,15,80,95,790,1017,1807
00315200,UNIV OF CENTRAL OKLAHOMA                ,OK,73034-5209,Public       ,311,582,893,8905,7835,16740
00315300,CONNORS STATE COLLEGE                   ,OK,74469-9700,Public       ,62,195,257,1162,1742,2904
00315400,EAST CENTRAL UNIVERSITY                 ,OK,74820-6999,Public       ,107,258,365,2636,3264,5900
00315500,EASTERN OKLAHOMA STATE COLLEGE          ,OK,74578-4999,Public       ,53,160,213,900,1347,2247
00315600,REDLANDS COMMUNITY COLLEGE              ,OK,73036-5304,Public       ,43,144,187,826,1394,2220
00315700,LANGSTON UNIVERSITY                     ,OK,73050-0000,Public       ,92,144,236,2017,2071,4088
00315800,MURRAY STATE COLLEGE                    ,OK,73460-3137,Public       ,61,264,325,1261,2169,3430
00316000,NORTHEASTERN OKLAHOMA A & M COLLEGE     ,OK,74354-6497,Public       ,65,131,196,1682,1351,3033
00316100,NORTHEASTERN STATE UNIVERSITY           ,OK,74464-2399,Public       ,199,448,647,5242,6690,11932
00316200,NORTHERN OKLAHOMA COLLEGE               ,OK,74653-0310,Public       ,125,289,414,1951,2486,4437
00316300,NORTHWESTERN OKLAHOMA STATE UNIV        ,OK,73717-2799,Public       ,54,71,125,1408,1023,2431
00316400,OKLAHOMA BAPTIST UNIVERSITY             ,OK,74801-2590,Private      ,67,26,93,1994,413,2407
00316500,OKLAHOMA CHRISTIAN UNIVERSITY           ,OK,73131-0000,Private      ,60,73,133,2127,815,2942
00316600,OKLAHOMA CITY UNIVERSITY                ,OK,73106-1493,Private      ,90,178,268,2564,2840,5404
00316700,UNIV OF SCIENCE & ARTS OF OKLAHOMA      ,OK,73018-5322,Public       ,22,48,70,792,523,1315
00316800,ROGERS STATE UNIVERSITY                 ,OK,74017-3252,Public       ,109,252,361,2590,3176,5766
00317000,OKLAHOMA STATE UNIVERSITY               ,OK,74078-1026,Public       ,544,514,1058,15306,8129,23435
00317200,OKLAHOMA STATE UNIVERSITY-OKMULGEE      ,OK,74447-3901,Public       ,110,209,319,1880,2000,3880
00317400,OKLAHOMA PANHANDLE STATE UNIVERSITY     ,OK,73939-0000,Public       ,51,35,86,892,470,1362
00317600,CARL ALBERT STATE COLLEGE               ,OK,74953-5208,Public       ,44,229,273,1324,2188,3512
00317800,SEMINOLE STATE COLLEGE                  ,OK,74818-1902,Public       ,67,178,245,941,1504,2445
00317900,SOUTHEASTERN OKLAHOMA STATE UNIV        ,OK,74701-0609,Public       ,110,227,337,2509,2536,5045
00318000,SOUTHWESTERN CHRISTIAN UNIVERSITY       ,OK,73008-2335,Private      ,12,26,38,335,356,691
00318100,SOUTHWESTERN OKLAHOMA STATE UNIV        ,OK,73096-3098,Public       ,86,190,276,3030,2121,5151
00318101,SOUTHWESTERN OK STATE UNIV AT SAYRE     ,OK,73662-0000,Public       ,12,25,37,176,293,469
00318300,ST GREGORY'S UNIVERSITY                 ,OK,74804-2499,Private      ,6,70,76,347,477,824
00318308,SAINT GREGORY'S UNIVERSITY - IPD TULSA  ,OK,74135-2499,Private      ,4,26,30,39,250,289
00318400,UNIVERSITY OF OKLAHOMA                  ,OK,73019-4078,Public       ,488,662,1150,16404,10445,26849
00318401,UNIVERSITY OF OKLAHOMA-HLTH SCI CTR     ,OK,73190-0000,Public       ,18,117,135,566,3653,4219
00318500,UNIVERSITY OF TULSA                     ,OK,74104-3189,Private      ,91,121,212,3065,2132,5197
00398500,ORAL ROBERTS UNIVERSITY                 ,OK,74171-0001,Private      ,60,121,181,3122,1744,4866
00458305,BROWN MACKIE COLLEGE-SOUTH BEND - BROWN ,OK,74146-5234,Proprietary  ,19,109,128,115,683,798
00531100,TULSA COUNTY AREA VOC TECH SCHOOL       ,OK,74145-0000,Public       ,26,212,238,326,1748,2074
00531200,RED RIVER TECHNOLOGY CENTER             ,OK,73533-2700,Public       ,6,29,35,39,199,238
00533900,METRO TECHNOLOGY CENTERS SCH DIST22     ,OK,73111-0000,Public       ,21,193,214,242,1643,1885
00533903,METRO TECHNOLOGY CENTERS SCH DIST22     ,OK,73129-0000,Public       ,11,78,89,105,566,671
00694200,MID-AMERICA CHRISTIAN UNIVERSITY        ,OK,73170-4504,Private      ,21,276,297,437,1870,2307
00767800,SPARTAN COLLEGE OF AERONAUTICS AND TECHN,OK,74115-5800,Proprietary  ,90,139,229,1112,1136,2248
00791100,VIRGILS BEAUTY COLLEGE                  ,OK,74401-6802,Proprietary  ,5,9,14,29,57,86
00834300,AUTRY TECHNOLOGY CENTER                 ,OK,73703-2598,Public       ,5,35,40,94,362,456
00861900,TRI COUNTY TECHNOLOGY CENTER            ,OK,74006-6029,Public       ,4,24,28,107,262,369
00918500,ROSE STATE COLLEGE                      ,OK,73110-2799,Public       ,177,674,851,2755,6190,8945
00920400,KIAMICHI AREA VOC TECH SCHOOL           ,OK,74578-0548,Public       ,20,122,142,322,1083,1405
00920408,KIAMICHI AREA VOC TECH SCHOOL           ,OK,74953-0000,Public       ,2,16,18,55,188,243
00961800,TULSA WELDING SCHOOL                    ,OK,74104-0000,Proprietary  ,157,405,562,1144,1666,2810
00964700,"OKLAHOMA STATE UNIV, OKLA CITY          ",OK,73107-6159,Public       ,187,649,836,2478,6338,8816
00970800,EVES COLLEGE OF HAIRSTYLING             ,OK,73501-4359,Proprietary  ,6,24,30,29,128,157
00976300,TULSA COMMUNITY COLLEGE                 ,OK,74135-6198,Public       ,417,1718,2135,8130,13561,21691
00996300,CADDO KIOWA VOC TECH CENTER             ,OK,73038-0000,Public       ,3,59,62,93,409,502
00996400,CENTRAL OKLAHOMA AREA VOC TECH SCH      ,OK,74030-9613,Public       ,9,43,52,96,340,436
00996500,CANADIAN VALLEY TECHNOLOGY CENTER       ,OK,73036-9117,Public       ,16,76,92,98,504,602
00996800,GORDON COOPER TECHNOLOGY CENTER         ,OK,74804-9913,Public       ,10,47,57,119,502,621
01005300,INDIAN CAPITAL TECHNOLGY CENTER #4      ,OK,74403-9907,Public       ,21,73,94,181,769,950
01026600,HILLSDALE FREE WILL BAPTIST COLLEGE     ,OK,73153-0000,Private      ,14,6,20,212,83,295
01034200,SOUTHERN OKLAHOMA TECHNOLOGY CENTER     ,OK,73401-2100,Public       ,3,44,47,80,302,382
01039100,OKLAHOMA CITY COMMUNITY COLLEGE         ,OK,73159-4444,Public       ,318,1078,1396,4690,9978,14668
01050304,WTI TULSA CAMPUS                        ,OK,74112-3140,Proprietary  ,2,39,41,21,239,260
01071700,GREAT PLAINS TECHNOLOGY CENTER SCHOOL DI,OK,73505-8399,Public       ,8,99,107,138,595,733
01076200,WESTERN OK AREA VOC TECH SCH DIST12     ,OK,73624-1469,Public       ,5,9,14,62,160,222
01120600,PIONEER TECHNOLOGY CENTER               ,OK,74601-1106,Public       ,1,30,31,44,256,300
01128200,OKLAHOMA STATE UNV CLG OSTEOPTHC MD     ,OK,74107-0000,Public       ,5,26,31,79,685,764
01153700,MID-AMERICA TECHNOLOGY CENTER           ,OK,73095-0210,Public       ,10,12,22,47,112,159
01227200,MOORE-NORMAN TECHNOLOGY CENTER          ,OK,73069-8399,Public       ,12,99,111,204,897,1101
02052700,NORTHEAST TECHNOLOGY CENTER             ,OK,74361-0487,Public       ,19,86,105,138,628,766
02060800,MERIDIAN TECHNOLOGY CENTER              ,OK,74074-0000,Public       ,10,52,62,120,420,540
02126500,ENID BEAUTY COLLEGE                     ,OK,73701-0000,Proprietary  ,0,9,9,24,63,87
02184400,SAND SPRINGS BEAUTY COLLEGE             ,OK,74063-0000,Proprietary  ,5,18,23,37,152,189
02197300,HOLLYWOOD COSMETOLOGY CENTER            ,OK,73189-0000,Proprietary  ,2,10,12,13,54,67
02222700,FRANCIS TUTTLE TECHNOLOGY CENTER        ,OK,73142-0000,Public       ,28,224,252,325,1587,1912
02238500,CENTRAL STATE BEAUTY ACADEMY            ,OK,73162-6007,Proprietary  ,6,32,38,63,255,318
02250900,E OK COUNTY AREA VO-TECH                ,OK,73020-0000,Public       ,9,22,31,46,117,163
02256200,"BROKEN ARROW BEAUTY COLLEGE, INC        ",OK,74012-0000,Proprietary  ,19,39,58,96,258,354
02282100,HIGH PLAINS AREA VOC-TECH               ,OK,73801-0000,Public       ,1,20,21,40,127,167
02306800,PLATT COLLEGE                           ,OK,74145-0000,Proprietary  ,63,411,474,372,2312,2684
02510300,BEAUTY TECHNICAL COLLEGE                ,OK,74465-0000,Proprietary  ,0,10,10,12,50,62
02531200,WOODWARD BEAUTY COLLEGE                 ,OK,73801-0000,Proprietary  ,0,6,6,6,48,54
02554300,AMERICAN BEAUTY INSTITUTE               ,OK,74501-0000,Proprietary  ,1,9,10,18,67,85
02556500,YUKON BEAUTY COLLEGE                    ,OK,73099-4108,Proprietary  ,1,12,13,11,40,51
02560200,PHILLIPS THEOLOGICAL SEMINARY -         ,OK,74116-5612,Private      ,0,8,8,1,99,100
02581100,CLAREMORE BEAUTY COLLEGE                ,OK,74017-7034,Proprietary  ,0,6,6,6,36,42
02581200,CC'S COSMETOLOGY COLLEGE                ,OK,74129-0000,Proprietary  ,9,57,66,49,288,337
02591101,CAREER POINT INSTITUTE                  ,OK,74146-0000,Proprietary  ,3,31,34,41,208,249
02596501,ATI-CAREER TRAINING CENTER - OKLAHOMA CI,OK,73107-2442,Proprietary  ,3,30,33,25,155,180
02596502,ATI- CAREER TRAINING CENTER - OKLAHOMA C,OK,76101-2740,Proprietary  ,1,18,19,19,152,171
02597400,PONTOTOC TECHNOLOGY CENTER SCHOOL       ,OK,74820-8621,Public       ,4,31,35,83,245,328
02599706,VATTEROTT COLLEGE - TULSA               ,OK,74146-2205,Proprietary  ,10,75,85,74,590,664
02600000,NORTHWEST TECHNOLOG CTR SCH DIST 10     ,OK,73717-9600,Public       ,2,9,11,36,72,108
02600500,WES WATKINS TECHNOLOGY CENTER           ,OK,74883-9660,Public       ,4,22,26,37,218,255
02609205,VATTEROTT COLLEGE - OKLAHOMA CITY       ,OK,73127-2103,Proprietary  ,10,89,99,71,802,873
03008700,SOUTHWEST TECHNOLOGY CENTER             ,OK,73521-1527,Public       ,5,17,22,39,113,152
03024700,STILLWATER BEAUTY ACADEMY               ,OK,74075-3467,Proprietary  ,2,9,11,15,46,61
03030700,OKLAHOMA SCHOOL OF PHOTOGRAPHY          ,OK,73160-3320,Proprietary  ,2,21,23,39,141,180
03030800,AMERICAN BROADCASTING SCHOOL            ,OK,73115-3334,Proprietary  ,10,44,54,62,330,392
03051100,CHISHOLM TRAIL TECHNOLOGY CENTER        ,OK,73764-9720,Public       ,2,11,13,19,78,97
03078500,TECH INST OF COSMETOLOGY ARTS & SCI     ,OK,74120-3610,Proprietary  ,3,20,23,22,89,111
03103800,SOUTHERN SCHOOL OF BEAUTY               ,OK,74701-5008,Proprietary  ,4,15,19,20,63,83
03109800,PONCA CITY BEAUTY COLLEGE               ,OK,74601-4201,Proprietary  ,2,5,7,3,25,28
03109801,BARTLESVILLE BEAUTY COLLEGE             ,OK,74003-2835,Proprietary  ,1,11,12,3,40,43
03115100,HERITAGE COLLEGE                        ,OK,73119-0000,Proprietary  ,54,262,316,276,1350,1626
03124800,PLATT COLLEGE                           ,OK,73501-3808,Proprietary  ,14,90,104,68,395,463
03124901,IMAGINE -  PAUL MITCHELL PARTNER SCHOOL ,OK,73072-4831,Proprietary  ,30,38,68,32,56,88
03126200,GREEN COUNTRY AREA VOC TECH SCHOOL      ,OK,74447-1217,Public       ,3,20,23,34,140,174
03198400,MID-DEL AREA VOCATIONAL & TECH SCH      ,OK,73110-4825,Public       ,4,22,26,29,158,187
03329400,PRYOR BEAUTY COLLEGE                    ,OK,74361-0000,Proprietary  ,2,9,11,6,39,45
03329401,PRYOR BEAUTY COLLEGE - GROVE BEAUTY COLL,OK,74345-0009,Proprietary  ,0,2,2,8,21,29
03329402,PRYOR BEAUTY COLLEGE - NORTH EAST OKLAHO,OK,74338-0000,Proprietary  ,1,2,3,3,10,13
03367400,COMMUNITY CARE COLLEGE                  ,OK,74145-6420,Proprietary  ,52,247,299,450,1813,2263
03396300,OKLAHOMA HEALTH ACADEMY                 ,OK,74105-6220,Proprietary  ,9,54,63,68,320,388
03396400,OKLAHOMA HEALTH ACADEMY                 ,OK,73160-3667,Proprietary  ,10,60,70,56,206,262
03453400,SHAWNEE BEAUTY COLLEGE                  ,OK,74801-7014,Proprietary  ,0,11,11,12,44,56
03676300,FAMILY OF FAITH COLLEGE                 ,OK,74802-1805,Private      ,3,0,3,21,21,42
03831300,INSTITUTE OF HAIR DESIGN                ,OK,74804-0000,Proprietary  ,0,5,5,10,36,46
03928300,CENTRAL STATE MASSAGE ACADEMY           ,OK,73162-6007,Proprietary  ,6,22,28,31,109,140
04027300,4-STATES ACADEMY OF COSMETOLOGY         ,OK,74354-0000,Proprietary  ,1,4,5,11,42,53
04060300,AMERICAN INSTITUTE OF MEDICAL TECHNOLOGY,OK,74146-5201,Proprietary  ,4,23,27,48,232,280
04062300,BROOKLINE COLLEGE                       ,OK,73114-6318,Proprietary  ,5,40,45,56,209,265
04121300,4-STATES OKMULGEE ACADEMY OF COSMETOLOGY,OK,74447-0000,Proprietary  ,1,8,9,8,40,48
04133600,CUTTER'S EDGE SCHOOL OF COSMETOLOGY     ,OK,74023-2905,Proprietary  ,3,2,5,8,23,31
04144400,ACADEMY OF HAIR DESIGN (THE)            ,OK,73120-6808,Proprietary  ,4,19,23,65,163,228
00163700,BETHANY THEOLOGICAL SEMINARY            ,IN,47374-0000,Private      ,0,2,2,4,62,66
00178400,ANCILLA COLLEGE-FINANCIAL AID OFFC      ,IN,46513-0001,Private      ,8,41,49,529,647,1176
00178500,ANDERSON UNIVERSITY                     ,IN,46012-3495,Private      ,30,83,113,2728,1219,3947
00178600,BALL STATE UNIVERSITY                   ,IN,47306-0880,Public       ,273,450,723,22020,10087,32107
00178700,BETHEL COLLEGE INC                      ,IN,46545-5591,Private      ,17,87,104,1692,1528,3220
00178800,BUTLER UNIVERSITY                       ,IN,46208-3487,Private      ,91,94,185,6658,1973,8631
00178900,CHRISTIAN THEOLOGICAL SEMINARY          ,IN,46208-0000,Private      ,0,10,10,5,283,288
00179200,DEPAUW UNIVERSITY                       ,IN,46135-0037,Private      ,34,7,41,3304,165,3469
00179300,EARLHAM COLLEGE                         ,IN,47374-4095,Private      ,14,6,20,1582,186,1768
00179301,EARLHAM SCHOOL OF RELIGION              ,IN,47374-0000,Private      ,0,3,3,18,60,78
00179500,UNIVERSITY OF EVANSVILLE                ,IN,47722-0002,Private      ,44,40,84,4043,955,4998
00179800,FRANKLIN COLLEGE OF INDIANA             ,IN,46131-2623,Private      ,15,15,30,1917,253,2170
00179900,GOSHEN COLLEGE                          ,IN,46526-4794,Private      ,9,44,53,1057,494,1551
00180000,GRACE COLLEGE & THEO SEMINARY           ,IN,46590-1224,Private      ,15,25,40,1600,863,2463
00180100,HANOVER COLLEGE                         ,IN,47243-0108,Private      ,37,9,46,2120,106,2226
00180300,HUNTINGTON UNIVERSITY                   ,IN,46750-1299,Private      ,13,34,47,1457,459,1916
00180400,UNIVERSITY OF INDIANAPOLIS              ,IN,46227-3697,Private      ,76,266,342,5987,4780,10767
00180500,INDIANA INSTITUTE OF TECHNOLOGY         ,IN,46803-1297,Private      ,29,269,298,2001,3922,5923
00180700,INDIANA STATE UNIVERSITY                ,IN,47809-2501,Public       ,152,377,529,11270,7577,18847
00180800,UNIVERSITY OF SOUTHERN INDIANA          ,IN,47712-3596,Public       ,143,220,363,9372,4095,13467
00180900,INDIANA UNIVERSITY-BLOOMINGTON          ,IN,47405-1223,Public       ,385,446,831,32488,13010,45498
00181100,INDIANA UNIV-EAST                       ,IN,47374-1289,Public       ,22,126,148,1551,2424,3975
00181300,INDIANA UNIV-PURDUE UNIV INDPLS         ,IN,46202-5145,Public       ,281,1075,1356,17795,22891,40686
00181301,INDIANA UNIVERSITY - PURDUE UNIVERSITY I,IN,47203-1769,Public       ,47,137,184,1716,2130,3846
00181400,INDIANA UNIV KOKOMO                     ,IN,46902-3557,Public       ,23,156,179,1780,2533,4313
00181500,INDIANA UNIV-NORTHWEST                  ,IN,46408-1197,Public       ,99,346,445,3299,5314,8613
00181600,INDIANA UNIVERSITY - SOUTH BEND         ,IN,46615-0000,Public       ,112,391,503,5085,6487,11572
00181700,INDIANA UNIVERSITY-SOUTHEAST            ,IN,47150-6405,Public       ,91,326,417,4316,4536,8852
00182000,MANCHESTER COLLEGE                      ,IN,46962-1276,Private      ,12,6,18,2379,198,2577
00182100,MARIAN UNIVERSITY                       ,IN,46222-1997,Private      ,37,133,170,2126,2292,4418
00182200,INDIANA WESLEYAN UNIVERSITY             ,IN,46953-4974,Private      ,64,1586,1650,4342,14387,18729
00182300,ASSOCIATED MENNONITE BIBLICAL SEM       ,IN,46517-1999,Private      ,0,8,8,5,119,124
00182400,OAKLAND CITY UNIVERSITY                 ,IN,47660-1099,Private      ,7,51,58,593,2115,2708
00182500,PURDUE UNIVERSITY                       ,IN,47907-2050,Public       ,347,340,687,32255,8847,41102
00182600,PURDUE UNIV NORTH CENTRAL CAMPUS        ,IN,46391-9542,Public       ,49,192,241,2899,3265,6164
00182700,PURDUE UNIV CALUMET                     ,IN,46323-2094,Public       ,157,385,542,5607,6379,11986
00182800,INDIANA UNIV-PURDUE UNIV FORT WAYNE     ,IN,46805-1499,Public       ,141,521,662,9722,9030,18752
00183000,ROSE HULMAN INSTITUTE OF TECHNOLOGY     ,IN,47803-3999,Private      ,22,7,29,3018,153,3171
00183200,UNIVERSITY OF SAINT FRANCIS             ,IN,46808-3994,Private      ,27,113,140,2192,2068,4260
00183300,ST JOSEPH'S COLLEGE                     ,IN,47978-0000,Private      ,11,13,24,1311,192,1503
00183400,CALUMET COLLEGE OF SAINT JOSEPH         ,IN,46394-2195,Private      ,21,67,88,575,970,1545
00183500,SAINT MARY-OF-THE-WOODS COLLEGE         ,IN,47876-0067,Private      ,2,76,78,498,1392,1890
00183600,ST MARY'S COLLEGE                       ,IN,46556-5007,Private      ,16,14,30,1797,102,1899
00183800,TAYLOR UNIVERSITY                       ,IN,46989-1001,Private      ,20,26,46,2524,336,2860
00183900,TRINE UNIVERSITY                        ,IN,46703-1764,Private      ,18,63,81,2621,913,3534
00184000,UNIVERSITY OF NOTRE DAME                ,IN,46556-5602,Private      ,142,110,252,12400,3835,16235
00184200,VALPARAISO UNIVERSITY                   ,IN,46383-6493,Private      ,69,76,145,4409,2207,6616
00184300,VINCENNES UNIVERSITY                    ,IN,47591-1523,Public       ,143,368,511,6961,5038,11999
00184400,WABASH COLLEGE                          ,IN,47933-0352,Private      ,19,2,21,1351,73,1424
00420300,GOOD SAMARITAN HOSP RADIOGRAPHY PRG     ,IN,47591-0000,Public       ,0,0,0,17,28,45
00457900,INTERNATIONAL BUSINESS COLLEGE          ,IN,46804-0000,Proprietary  ,9,29,38,801,495,1296
00457901,INTERNATIONAL BUSINESS COLLEGE          ,IN,46256-0000,Proprietary  ,10,29,39,653,535,1188
00458300,BROWN MACKIE COLLEGE-SOUTH BEND         ,IN,46635-1776,Proprietary  ,56,322,378,576,2585,3161
00458301,BROWN MACKIE COLLEGE-SOUTH BEND - BROWN ,IN,46805-0000,Proprietary  ,31,266,297,496,2986,3482
00512730,BROWN MACKIE COLLEGE-MERRILLVILLE       ,IN,46410-0000,Proprietary  ,14,139,153,285,1528,1813
00512731,BROWN MACKIE COLLEGE-CINCINNATI - BROWN ,IN,46360-4362,Proprietary  ,10,88,98,151,856,1007
00625700,SAINT ELIZABETH SCHOOL OF NURSING       ,IN,47904-2198,Private      ,1,14,15,141,362,503
00726300,HOLY CROSS COLLEGE                      ,IN,46556-0308,Private      ,9,9,18,645,124,769
00727600,SAINT MEINRAD SCHOOL OF THEOLOGY        ,IN,47577-1002,Private      ,0,15,15,1,131,132
00732900,ITT TECHNICAL INSTITUTE                 ,IN,46268-1119,Proprietary  ,503,3245,3748,2900,15252,18152
00732908,ITT TECHNICAL INSTITUTE                 ,IN,46143-1067,Proprietary  ,0,10,10,0,10,10
00732933,ITT TECHNICAL INSTITUTE                 ,IN,46635-1512,Proprietary  ,5,22,27,5,22,27
00732962,ITT TECHNICAL INSTITUTE                 ,IN,47630-7430,Proprietary  ,306,1023,1329,1733,5381,7114
00732968,ITT TECHNICAL INSTITUTE                 ,IN,46410-0000,Proprietary  ,4,15,19,4,15,19
00732993,ITT TECHNICAL INSTITUTE                 ,IN,46825-2393,Proprietary  ,253,864,1117,1734,5185,6919
00736200,MEDTECH COLLEGE                         ,IN,46250-3970,Proprietary  ,23,172,195,300,2098,2398
00736202,MEDTECH COLLEGE - GREENWOOD             ,IN,46143-6478,Proprietary  ,15,102,117,159,1062,1221
00736204,MEDTECH COLLEGE - FORT WAYNE            ,IN,46804-2209,Proprietary  ,6,80,86,165,943,1108
00793800,LINCOLN COLLEGE OF TECHNOLOGY           ,IN,46202-0000,Proprietary  ,103,221,324,2334,1821,4155
00842300,IVY TECH COMMUNITY COLLEGE OF INDIANA - ,IN,46601-3892,Public       ,261,1336,1597,3201,11392,14593
00854600,NOT FOR STUDENT USE                     ,IN,46208-4700,Public       ,2,6,8,37,69,106
00854700,IVY TECH COMMUNITY COLLEGE OF INDIANA - ,IN,47802-4898,Public       ,129,580,709,2347,6324,8671
00931306,DAYMAR COLLEGE - ROCKPORT               ,IN,47635-1506,Proprietary  ,0,0,0,0,1,1
00951500,J MICHAEL HARROLD BEAUTY ACADEMY        ,IN,47807-3390,Proprietary  ,4,20,24,35,90,125
00961200,"APEX SCHOOL OF BEAUTY CULTURE, INC      ",IN,46016-0000,Proprietary  ,0,5,5,23,58,81
00961300,MERRILLVILLE BEAUTY COLLEGE             ,IN,46410-3401,Proprietary  ,11,38,49,53,158,211
00967300,RUDAE'S SCHOOL OF BEAUTY CULTURE        ,IN,46825-5444,Proprietary  ,10,33,43,123,285,408
00977700,KAPLAN COLLEGE                          ,IN,46278-1736,Proprietary  ,34,182,216,352,1793,2145
00977702,KAPLAN COLLEGE - TEMPORARY FACILITY EXPA,IN,46268-4111,Proprietary  ,4,19,23,32,157,189
00977703,KAPLAN COLLEGE -  SE INDY               ,IN,46227-0000,Proprietary  ,23,165,188,247,1284,1531
00991700,IVY TECH COMMUNITY COLLEGE OF INDIANA   ,IN,46208-1763,Public       ,647,3112,3759,11004,27030,38034
00992300,IVY TECH COMMUNITY COLLEGE OF INDIANA - ,IN,47250-1881,Public       ,75,295,370,1201,3089,4290
00992400,IVY TECH COMMUNITY COLLEGE OF INDIANA - ,IN,47302-9448,Public       ,234,1189,1423,4197,10796,14993
00992500,IVY TECH COMMUNITY COLLEGE OF INDIANA - ,IN,47710-3398,Public       ,137,756,893,2324,6401,8725
00992600,IVY TECH COMMUNITY COLLEGE OF INDIANA- R,IN,46805-1489,Public       ,280,1511,1791,5398,14446,19844
01003700,IVY TECH STATE COLLEGE - REGION 9       ,IN,47374-1220,Public       ,119,552,671,1273,5159,6432
01003800,IVY TECH COMMUNITY COLLEGE OF INDIANA - ,IN,47203-1868,Public       ,99,457,556,2025,5298,7323
01003900,IVY TECH COMMUNITY COLLEGE OF INDIANA - ,IN,47903-6299,Public       ,223,820,1043,3705,7553,11258
01004000,IVY TECH COMMUNITY COLLEGE OF INDIANA - ,IN,46409-1303,Public       ,304,1340,1644,3676,11208,14884
01004100,IVY TECH STATE COLLEGE - REGION 5       ,IN,46903-1373,Public       ,135,808,943,1908,6992,8900
01010900,IVY TECH COMMUNITY COLLEGE OF INDIANA - ,IN,47172-1897,Public       ,105,564,669,1688,4874,6562
01015100,VINCENNES BEAUTY COLLEGE                ,IN,47591-1297,Proprietary  ,4,15,19,63,72,135
01040900,LAFAYETTE BEAUTY ACADEMY                ,IN,47901-1149,Proprietary  ,5,21,26,56,186,242
01048900,NATIONAL COLLEGE                        ,IN,46250-1930,Proprietary  ,31,273,304,514,4708,5222
01048910,NATIONAL COLLEGE - SOUTH BEND           ,IN,46617-3123,Proprietary  ,3,23,26,3,47,50
01048911,NATIONAL COLLEGE - FORT WAYNE           ,IN,46826-4905,Proprietary  ,2,4,6,2,4,6
01061800,MID-AMERICA CLG FUNERAL SERVICE         ,IN,47130-9990,Private      ,1,7,8,60,153,213
01150500,CREATIVE HAIR STYLING ACADEMY           ,IN,46322-1554,Proprietary  ,5,10,15,77,96,173
02084800,RAVENSCROFT BEAUTY COLLEGE              ,IN,46815-0000,Proprietary  ,4,59,63,82,267,349
02087600,CONCORDIA THEOLOGICAL SEMINARY          ,IN,46825-0000,Private      ,0,16,16,5,289,294
02100402,EVEREST INSTITUTE - EVEREST COLLEGE     ,IN,46410-5683,Proprietary  ,37,199,236,302,1457,1759
02140800,MARTIN UNIVERSITY                       ,IN,46218-0000,Private      ,18,129,147,245,1687,1932
02158400,HARRISON COLLEGE                        ,IN,46204-2611,Proprietary  ,50,458,508,757,4340,5097
02158401,HARRISON COLLEGE - COLUMBUS             ,IN,47203-1843,Proprietary  ,5,53,58,111,510,621
02158402,HARRISON COLLEGE - LAFAYETTE            ,IN,47905-4859,Proprietary  ,6,58,64,132,536,668
02158404,HARRISON COLLEGE - MARION               ,IN,46952-0000,Proprietary  ,0,8,8,28,99,127
02158405,HARRISON COLLEGE - TERRE HAUTE          ,IN,47802-0000,Proprietary  ,2,39,41,90,591,681
02158407,HARRISON COLLEGE - ANDERSON             ,IN,46013-0000,Proprietary  ,9,66,75,130,573,703
02158409,HARRISON COLLEGE - EVANSVILLE           ,IN,47715-3901,Proprietary  ,6,68,74,111,479,590
02158410,HARRISON COLLEGE - EAST                 ,IN,46239-8903,Proprietary  ,14,96,110,218,991,1209
02158412,HARRISON COLLEGE - FORT WAYNE           ,IN,46825-0000,Proprietary  ,15,121,136,200,1010,1210
02158413,HARRISON COLLEGE - NORTHWEST            ,IN,46278-0000,Proprietary  ,13,33,46,249,512,761
02158800,DON ROBERTS BEAUTY SCHOOLS              ,IN,46383-0000,Proprietary  ,3,8,11,33,62,95
02164300,DON ROBERTS SCHOOL OF HAIR DESIGN       ,IN,46375-9999,Proprietary  ,2,7,9,36,97,133
02180108,ROSS MEDICAL EDUCATION CENTER -         ,IN,46530-4479,Proprietary  ,0,8,8,14,84,98
02201800,KAPLAN COLLEGE                          ,IN,46410-0000,Proprietary  ,11,84,95,162,950,1112
02201802,KAPLAN COLLEGE - HAMMOND                ,IN,46324-3347,Proprietary  ,12,112,124,204,1152,1356
02241700,PJ'S COLLEGE OF COSMETOLOGY             ,IN,47129-0000,Proprietary  ,8,31,39,75,247,322
02245505,FORTIS COLLEGE - INDIANAPOLIS CAMPUS    ,IN,46268-0000,Proprietary  ,6,44,50,27,231,258
02302700,J EVERETT LIGHT CAREER CENTER           ,IN,46240-0000,Public       ,1,30,31,73,420,493
02304800,PJ'S COLLEGE OF COSMETOLOGY             ,IN,47374-0000,Proprietary  ,1,10,11,25,113,138
02308900,MASTER'S OF COSMETOLOGY COLLEGE         ,IN,46809-0000,Proprietary  ,15,18,33,107,165,272
02339600,ROGER'S ACADEMY OF HAIR DESIGN          ,IN,47712-0000,Proprietary  ,7,39,46,93,201,294
02345200,EMPIRE BEAUTY SCHOOL                    ,IN,46237-0000,Proprietary  ,12,79,91,134,577,711
02351300,KNOX BEAUTY COLLEGE                     ,IN,46534-0000,Proprietary  ,0,8,8,8,33,41
02490500,HAIR FASHIONS BY KAYE BEAUTY CLG        ,IN,46250-0000,Proprietary  ,2,32,34,54,205,259
02490800,HAIR FASHIONS BY KAYE BEAUTY CLG        ,IN,46060-0000,Proprietary  ,4,16,20,44,190,234
02607000,HAIR ARTS ACADEMY                       ,IN,47404-3581,Proprietary  ,2,12,14,35,108,143
02615800,COLLEGE OF COURT REPORTING              ,IN,46342-5969,Proprietary  ,3,34,37,43,365,408
02616203,BROWN MACKIE COLLEGE-FINDLAY - INDIANAPO,IN,46204-1017,Proprietary  ,51,292,343,490,2904,3394
03009700,HARRISON COLLEGE                        ,IN,47303-6413,Proprietary  ,2,52,54,104,457,561
03009701,HARRISON COLLEGE - MUNCIE - ELKHART     ,IN,46516-9795,Proprietary  ,8,72,80,107,640,747
03084601,THE ART INSTITUTE OF INDIANAPOLIS       ,IN,46268-1170,Proprietary  ,63,122,185,1423,1451,2874
03100600,MARION COMM TUCKER AREA VOC SCHOOL      ,IN,46952-3831,Public       ,2,15,17,46,142,188
03176300,AVIATION INSTITUTE OF MAINTENANCE       ,IN,46241-1445,Proprietary  ,19,60,79,141,497,638
03262300,DAVID DEMUTH INSTITUTE OF COSM          ,IN,47374-4101,Proprietary  ,0,5,5,14,53,67
03456700,CROSSROADS BIBLE COLLEGE                ,IN,46219-4912,Private      ,3,35,38,81,326,407
03521300,IVY TECH COMMUNITY COLLEGE OF INDIANA - ,IN,47404-9772,Public       ,154,608,762,3368,6055,9423
03538300,ALEXANDRIA SCH OF SCIENTIFIC THERAP     ,IN,46001-0287,Proprietary  ,0,3,3,40,88,128
04038700,IDEAL BEAUTY ACADEMY                    ,IN,47130-4215,Proprietary  ,6,17,23,29,74,103
04100300,SUCCESS SCHOOLS                         ,IN,46410-5310,Proprietary  ,9,46,55,60,213,273
04121000,TECHSKILLS - INDIANAPOLIS               ,IN,46240-4302,Proprietary  ,1,52,53,32,281,313
04130900,HONORS BEAUTY COLLEGE                   ,IN,46256-3317,Proprietary  ,11,45,56,95,278,373
04155900,AVEDA FREDRIC'S INSTITUTE               ,IN,46250-4746,Proprietary  ,7,21,28,138,189,327
04166700,REM SPA INC                             ,IN,46013-3136,Proprietary  ,4,20,24,42,99,141
04171700,AVANT GARD THE SCHOOL                   ,IN,46214-6500,Proprietary  ,2,13,15,8,32,40
04172700,SALON PROFESSIONAL ACADEMY (THE)        ,IN,47715-7822,Proprietary  ,7,16,23,26,62,88
00163203,AQUINAS INSTITUTE OF THEOLOGY - MINISTRY,KS,66109-3718,Private      ,0,0,0,5,7,12
00190100,ALLEN COUNTY COMMUNITY COLLEGE          ,KS,66749-1607,Public       ,46,171,217,1036,1452,2488
00190200,COWLEY COUNTY COMMUNITY COLLEGE & AREA V,KS,67005-2662,Public       ,85,330,415,1575,2798,4373
00190300,BAKER UNIVERSITY                        ,KS,66006-0065,Private      ,28,388,416,1469,2529,3998
00190400,BETHANY COLLEGE                         ,KS,67456-1897,Private      ,10,3,13,836,104,940
00190500,BETHEL COLLEGE                          ,KS,67117-0531,Private      ,8,11,19,541,140,681
00190600,BUTLER COUNTY COMMUNITY COLLEGE         ,KS,67042-3280,Public       ,238,652,890,4262,5529,9791
00190700,CENTRAL BAPTIST THEOLOGY SEMINARY       ,KS,66226-3513,Private      ,0,6,6,0,41,41
00190800,CENTRAL CHRISTIAN COLLEGE OF KANSAS     ,KS,67460-5799,Private      ,6,12,18,448,83,531
00190900,CLOUD COUNTY COMMUNITY COLLEGE          ,KS,66901-1002,Public       ,29,137,166,873,1104,1977
00191000,COFFEYVILLE COMMUNITY COLLEGE           ,KS,67337-5064,Public       ,42,78,120,1058,592,1650
00191100,COLBY COMMUNITY COLLEGE                 ,KS,67701-4099,Public       ,19,31,50,598,387,985
00191300,DODGE CITY COMMUNITY COLLEGE            ,KS,67801-2399,Public       ,40,86,126,726,660,1386
00191400,DONNELLY COLLEGE                        ,KS,66102-4298,Private      ,25,111,136,201,786,987
00191500,FORT HAYS STATE UNIVERSITY              ,KS,67601-4099,Public       ,91,393,484,3695,4509,8204
00191600,FORT SCOTT COMMUNITY COLLEGE            ,KS,66701-3199,Public       ,62,170,232,1343,1183,2526
00191700,BARCLAY COLLEGE                         ,KS,67059-0288,Private      ,3,3,6,157,120,277
00191800,FRIENDS UNIVERSITY                      ,KS,67213-3397,Private      ,33,255,288,1325,2956,4281
00191900,GARDEN CITY COMMUNITY COLLEGE           ,KS,67846-6398,Public       ,43,67,110,966,674,1640
00192000,HESSTON COLLEGE                         ,KS,67062-2093,Private      ,6,18,24,451,207,658
00192100,HIGHLAND COMMUNITY COLLEGE              ,KS,66035-4062,Public       ,69,204,273,1280,1671,2951
00192114,HIGHLAND COMMUNITY COLLEGE - NOTHEAST KA,KS,66002-1513,Public       ,0,0,0,13,30,43
00192300,HUTCHINSON COMMUNITY COLLEGE            ,KS,67501-5894,Public       ,88,280,368,2240,2615,4855
00192400,INDEPENDENCE COMMUNITY COLLEGE          ,KS,67301-0000,Public       ,32,87,119,522,525,1047
00192500,KANSAS CITY KANSAS COMMUNITY CLG        ,KS,66112-9978,Public       ,115,591,706,1956,4946,6902
00192502,"KANSAS CITY KS AREA TECH SCHOOL, KS     ",KS,66104-0000,Public       ,8,42,50,112,357,469
00192600,PITTSBURG STATE UNIVERSITY              ,KS,66762-7500,Public       ,123,197,320,4712,2914,7626
00192700,EMPORIA STATE UNIVERSITY                ,KS,66801-5087,Public       ,55,200,255,3322,2883,6205
00192800,KANSAS STATE UNIVERSITY                 ,KS,66506-1104,Public       ,300,422,722,14918,6546,21464
00192900,KANSAS WESLEYAN UNIVERSITY              ,KS,67401-6196,Private      ,22,34,56,1040,397,1437
00193000,LABETTE COMMUNITY COLLEGE               ,KS,67357-4299,Public       ,32,107,139,600,983,1583
00193100,MANHATTAN CHRISTIAN COLLEGE             ,KS,66502-4081,Private      ,9,9,18,338,127,465
00193300,MCPHERSON COLLEGE                       ,KS,67460-3899,Private      ,9,5,14,811,184,995
00193600,NEOSHO COUNTY COMMUNITY COLLEGE         ,KS,66720-2699,Public       ,25,127,152,673,1119,1792
00193700,OTTAWA UNIVERSITY                       ,KS,66067-3399,Private      ,28,390,418,916,2858,3774
00193800,PRATT COMMUNITY COLLEGE                 ,KS,67124-8432,Public       ,15,55,70,599,659,1258
00193900,NEWMAN UNIVERSITY                       ,KS,67213-2084,Private      ,30,127,157,1275,1646,2921
00194000,SOUTHWESTERN COLLEGE                    ,KS,67156-2499,Private      ,16,100,116,788,1289,2077
00194300,UNIVERSITY OF ST MARY                   ,KS,66048-5023,Private      ,9,55,64,683,606,1289
00194500,STERLING COLLEGE                        ,KS,67579-1533,Private      ,12,7,19,908,190,1098
00194600,TABOR COLLEGE                           ,KS,67063-1799,Private      ,13,21,34,751,218,969
00194800,UNIVERSITY OF KANSAS                    ,KS,66045-7535,Public       ,338,512,850,15841,10608,26449
00194900,WASHBURN UNIVERSITY                     ,KS,66621-1110,Public       ,89,303,392,3402,4701,8103
00194901,WAHBURN UNIVERSITY - TOPEKA - WASHBURN I,KS,66604-2199,Public       ,30,106,136,274,718,992
00195000,WICHITA STATE UNIVERSITY                ,KS,67208-0001,Public       ,190,633,823,6867,8677,15544
00460800,BARTON COUNTY COMMUNITY COLLEGE         ,KS,67530-9283,Public       ,54,212,266,879,1757,2636
00526400,FLINT HILLS TECHNICAL COLLEGE           ,KS,66801-5999,Public       ,13,51,64,258,458,716
00526500,NORTH CENTRAL KANSAS TECH COLG          ,KS,67420-0000,Public       ,10,30,40,410,325,735
00526700,NORTHWEST KANSAS TECHNICAL SCHOOL       ,KS,67735-3441,Public       ,5,16,21,243,164,407
00549800,WICHITA AREA TECHNICAL COLLEGE          ,KS,67211-2099,Public       ,70,370,440,545,2790,3335
00549900,SALINA AREA TECHNICAL COLLEGE           ,KS,67401-8195,Public       ,4,24,28,185,276,461
00550000,MANHATTAN AREA TECHNICAL COLLEGE        ,KS,66503-2499,Public       ,40,66,106,409,664,1073
00675500,BROWN MACKIE COLLEGE (THE)              ,KS,67401-7307,Proprietary  ,51,217,268,388,1721,2109
00703200,MID AMERICA NAZARENE UNIVERSITY         ,KS,66062-1899,Private      ,17,111,128,1035,1162,2197
00822800,SEWARD CO COMM CO/AREA TECHNICAL SCHOOL ,KS,67905-0000,Public       ,24,59,83,501,527,1028
00824400,JOHNSON COUNTY COMMUNITY COLLEGE        ,KS,66210-1299,Public       ,427,1107,1534,6001,8334,14335
00833200,B-STREET DESIGN SCHOOL OF INTERNATIONAL ,KS,66502-6082,Proprietary  ,7,25,32,45,143,188
00868200,ACADEMY OF HAIR DESIGN                  ,KS,67401-2803,Proprietary  ,1,12,13,13,95,108
01025600,BENEDICTINE COLLEGE                     ,KS,66002-1499,Private      ,29,12,41,2050,182,2232
01043800,HASKELL INDIAN NATIONS UNIVERSITY       ,KS,66046-4800,Public       ,55,73,128,1016,761,1777
01050300,WICHITA TECHNICAL INSTITUTE             ,KS,67213-1927,Proprietary  ,37,222,259,211,1424,1635
01050302,WICHITA TECHNICAL INSTITUTE - WTI TOPEKA,KS,66609-1217,Proprietary  ,9,63,72,70,451,521
01050305,WICHITA TECHNICAL INSTITUTE - EAST CAMPU,KS,67208-4243,Proprietary  ,9,67,76,67,514,581
02090700,CLEVELAND CHIROPRACTIC COLLEGE          ,KS,66210-1613,Private      ,5,96,101,65,609,674
02134800,OLD TOWN BARBER AND BEAUTY COLLEGE      ,KS,67211-0000,Proprietary  ,5,15,20,39,101,140
02196400,CAPITOL CITY HAIR DESIGN COLLEGE        ,KS,66102-0000,Proprietary  ,7,18,25,42,178,220
02257700,HAYS ACADEMY OF HAIR DESIGN             ,KS,67601-0000,Proprietary  ,3,8,11,37,72,109
02303500,AMERICAN INSTITUTE OF BAKING            ,KS,66502-0000,Private      ,2,7,9,13,24,37
02340700,LABARON HAIRDRESSING ACADEMY            ,KS,66204-0000,Proprietary  ,2,14,16,14,75,89
02590900,WRIGHT CAREER COLLEGE                   ,KS,66212-0000,Private      ,84,402,486,397,2591,2988
02599709,VATTEROTT COLLEGE - WICHITA             ,KS,67226-1304,Proprietary  ,12,100,112,92,804,896
02603100,XENON INTERNATIONAL ACADEMY             ,KS,67203-5428,Proprietary  ,11,47,58,131,256,387
02606300,PAUL MITCHELL THE SCHOOL WICHITA        ,KS,67226-2803,Proprietary  ,15,31,46,89,138,227
02611005,HERITAGE COLLEGE - WICHITA              ,KS,67210-1879,Proprietary  ,34,210,244,256,1175,1431
02613000,PINNACLE CAREER INSTITUTE               ,KS,66046-2703,Proprietary  ,11,69,80,83,410,493
03031300,XENON INTERNATIONAL ACADEMY IV          ,KS,66061-3765,Proprietary  ,12,20,32,51,95,146
03066200,BRYAN COLLEGE                           ,KS,66604-2496,Proprietary  ,10,48,58,44,348,392
03450300,B-STREET DESIGN SCHOOL OF INTERNATIONAL ,KS,66611-2373,Proprietary  ,12,36,48,59,176,235
03450301,B-STREET DESIGN SCHOOL OF INTERNATIONAL ,KS,67207-5148,Proprietary  ,7,17,24,31,128,159
03450302,B-STREET DESIGN SCHOOL OF INTERNATIONAL ,KS,66212-5451,Proprietary  ,14,26,40,69,177,246
03529300,SIDNEY'S HAIRDRESSING COLLEGE           ,KS,67501-7094,Proprietary  ,4,11,15,46,65,111
04132900,Z HAIR ACADEMY                          ,KS,66046-4040,Proprietary  ,4,13,17,35,52,87
04162700,ERIC FISHER ACADEMY                     ,KS,67212-3376,Proprietary  ,12,29,41,116,175,291
00203300,UNIVERSITY OF MAINE-PRESQUE ISLE        ,ME,04769-2888,Public       ,13,50,63,800,575,1375
00203500,BANGOR THEOLOGICAL SEMINARY             ,ME,04402-0411,Private      ,0,3,3,1,82,83
00203600,BATES COLLEGE                           ,ME,04240-6028,Private      ,50,9,59,2675,106,2781
00203800,BOWDOIN COLLEGE                         ,ME,04011-8451,Private      ,65,6,71,3563,75,3638
00203900,COLBY COLLEGE                           ,ME,04901-8841,Private      ,44,9,53,2649,83,2732
00204000,UNIVERSITY OF MAINE-FARMINGTON          ,ME,04938-1990,Public       ,25,31,56,2733,528,3261
00204100,UNIVERSITY OF MAINE-FORT KENT           ,ME,04743-1292,Public       ,15,34,49,625,379,1004
00204300,HUSSON UNIVERSITY                       ,ME,04401-2999,Private      ,38,63,101,2512,1406,3918
00204400,MAINE MARITIME ACADEMY                  ,ME,04420-0001,Public       ,12,7,19,1059,178,1237
00205000,UNIVERSITY OF NEW ENGLAND               ,ME,04005-9599,Private      ,30,286,316,3818,3475,7293
00205100,SAINT JOSEPH'S COLLEGE                  ,ME,04084-5263,Private      ,23,123,146,1715,839,2554
00205200,THOMAS COLLEGE                          ,ME,04901-5097,Private      ,18,19,37,1034,255,1289
00205300,UNIVERSITY OF MAINE                     ,ME,04469-0001,Public       ,144,173,317,10757,3450,14207
00205400,UNIVERSITY OF SOUTHERN MAINE            ,ME,04104-0000,Public       ,126,336,462,6730,5538,12268
00205500,UNIVERSITY OF MAINE-MACHIAS             ,ME,04654-1397,Public       ,9,25,34,519,363,882
00520400,BEAL COLLEGE                            ,ME,04401-6896,Proprietary  ,15,59,74,228,683,911
00527600,CENTRAL MAINE COMMUNITY COLLEGE         ,ME,04210-6498,Public       ,53,256,309,1559,2163,3722
00527700,EASTERN MAINE COMMUNITY COLLEGE         ,ME,04401-4280,Public       ,62,186,248,1596,1768,3364
00552500,SOUTHERN MAINE COMMUNITY  COLLEGE       ,ME,04106-1698,Public       ,200,469,669,3749,3918,7667
00576000,NORTHERN MAINE COMMUNITY COLLEGE        ,ME,04769-2016,Public       ,32,83,115,534,853,1387
00577600,MERCY HOSP SCH OF RADIOLOGIC TECH       ,ME,04101-3795,Private      ,0,0,0,29,52,81
00630501,CENTRAL MAINE MEDICAL CENTER - COLLEGE O,ME,04240-4500,Private      ,3,19,22,79,294,373
00676000,UNIVERSITY OF MAINE-AUGUSTA             ,ME,04330-9410,Public       ,79,481,560,1693,5579,7272
00685800,UNITY COLLEGE                           ,ME,04988-9502,Private      ,11,5,16,937,119,1056
00903800,MR BERNARD'S SCH HAIR FASHION INC       ,ME,04243-1163,Proprietary  ,5,26,31,47,171,218
00923100,WASHINGTON COUNTY COMMUNITY COLLEGE     ,ME,04619-9704,Public       ,17,35,52,283,336,619
00929200,ANDOVER COLLEGE                         ,ME,04106-2415,Proprietary  ,18,81,99,208,895,1103
00929201,ANDOVER COLLEGE -                       ,ME,04240-0000,Proprietary  ,18,104,122,149,986,1135
00945900,EMPIRE BEAUTY SCHOOL                    ,ME,04101-3348,Proprietary  ,21,61,82,162,420,582
00945902,PIERRE'S SCHOOL OF COSMETOLOGY - CARIBOU,ME,04736-2020,Proprietary  ,0,0,0,11,13,24
00945903,EMPIRE BEAUTY SCHOOL - BANGOR           ,ME,04401-6534,Proprietary  ,0,0,0,28,34,62
00982600,KENNEBEC VALLEY  COMMUNITY  COLLEGE     ,ME,04937-1367,Public       ,35,219,254,834,1882,2716
01138500,COLLEGE OF THE ATLANTIC                 ,ME,04609-1105,Private      ,10,3,13,516,79,595
01167300,MAINE COLLEGE OF ART                    ,ME,04101-3987,Private      ,14,9,23,599,212,811
02104400,SPA TECH INSTITUTE                      ,ME,04102-0000,Proprietary  ,28,109,137,170,623,793
02347100,NEW ENGLAND SCHOOL OF COMMUNICATIONS    ,ME,04401-0000,Private      ,14,9,23,587,119,706
02361300,LANDING SCHOOL OF BOATBUILDING & DESIGN ,ME,04046-1490,Private      ,0,2,2,19,54,73
03122900,YORK COUNTY COMMUNITY COLLEGE           ,ME,04090-0529,Public       ,42,123,165,611,964,1575
03429300,SEACOAST CAREER SCHOOLS                 ,ME,04073-0000,Proprietary  ,44,213,257,205,979,1184
03612300,BIRTHWISE MIDWIFERY SCHOOL              ,ME,04009-1110,Proprietary  ,0,2,2,9,65,74
04177400,CAPILO SCHOOL OF HAIR DESIGN            ,ME,04330-0000,Proprietary  ,9,25,34,9,25,34
00209300,ST JOHN'S COLLEGE                       ,NM,87505-4599,Private      ,11,14,25,470,213,683
00264900,COLLEGE OF SANTA FE                     ,NM,87505-7634,Proprietary  ,32,24,56,502,237,739
00265000,UNIVERSITY OF THE SOUTHWEST             ,NM,88240-9129,Private      ,3,25,28,303,440,743
00265100,EASTERN NEW MEXICO UNIV PORTALES        ,NM,88130-6000,Public       ,72,251,323,2736,2789,5525
00265101,EASTERN NEW MEXICO UNIV-ROSWELL CAM     ,NM,88202-0000,Public       ,68,229,297,1143,1920,3063
00265102,EASTERN NEW MEXICO UNIVERSITY - RUIDOSO ,NM,88345-0001,Public       ,8,41,49,9,45,54
00265300,NEW MEXICO HIGHLANDS UNIVERSITY         ,NM,87701-4436,Public       ,57,137,194,1722,2391,4113
00265400,NEW MEXICO INST OF MINING & TECH        ,NM,87801-4796,Public       ,22,23,45,1061,429,1490
00265500,NEW MEXICO JUNIOR COLLEGE               ,NM,88240-9123,Public       ,36,137,173,827,1267,2094
00265600,NEW MEXICO MILITARY INSTITUTE           ,NM,88201-5173,Public       ,14,5,19,487,48,535
00265700,NEW MEXICO STATE UNIVERSITY             ,NM,88003-8001,Public       ,350,601,951,11778,9071,20849
00265701,NEW MEXICO STATE UNIV-ALAMOGORDO        ,NM,88311-0000,Public       ,36,177,213,494,1383,1877
00265702,NEW MEXICO STATE UNIV.-DONA ANA CLG     ,NM,88003-0000,Public       ,146,447,593,2703,4431,7134
00265703,NEW MEXICO STATE UNIV-CARLSBAD          ,NM,88220-0000,Public       ,26,87,113,369,772,1141
00265704,NEW MEXICO STATE UNIV-GRANTS            ,NM,87020-0000,Public       ,16,65,81,255,563,818
00266000,SAN JUAN COLLEGE                        ,NM,87402-4699,Public       ,227,660,887,1919,4401,6320
00266300,THE UNIVERSITY OF NEW MEXICO            ,NM,87131-0001,Public       ,545,1164,1709,15599,17571,33170
00266301,UNIV OF NEW MEXICO - GALLUP BRANCH      ,NM,87301-5697,Public       ,25,70,95,669,953,1622
00266302,UNIV OF NEW MEXICO - VALENCIA BRANCH    ,NM,87031-0000,Public       ,17,66,83,378,638,1016
00266303,UNIV OF NEW MEXICO - LOS ALAMOS         ,NM,87544-0000,Public       ,10,15,25,149,147,296
00266304,UNIVERSITY OF NEW MEXICO                ,NM,87571-6401,Public       ,12,41,53,359,491,850
00266400,WESTERN NEW MEXICO UNIVERSITY           ,NM,88061-5417,Public       ,51,171,222,1172,2184,3356
00369109,MIDDLEBURY COLLEGE - INSTITUTE OF AMERIC,NM,87505-0000,Private      ,0,0,0,6,2,8
00405701,NATIONAL AMERICAN UNIVERSITY            ,NM,87110-0000,Proprietary  ,4,50,54,60,446,506
00474200,CENTRAL NEW MEXICO COMMUNITY COLLEGE    ,NM,87106-4096,Public       ,758,2600,3358,8041,19222,27263
00474300,CLOVIS COMMUNITY COLLEGE                ,NM,88101-8381,Public       ,52,251,303,736,1951,2687
00996200,LUNA COMMUNITY COLLEGE                  ,NM,87701-0000,Public       ,29,45,74,449,666,1115
01063200,DEWOLFF CLG HAIRSTYLING/COSMETOLOGY     ,NM,87112-4113,Proprietary  ,8,42,50,60,196,256
01300500,OLYMPIAN UNIVERSITY OF COSMETOLOGY      ,NM,88310-5051,Proprietary  ,61,246,307,420,1354,1774
02083900,NORTHERN NEW MEXICO COLLEGE             ,NM,87530-0000,Public       ,48,137,185,703,1127,1830
02146400,INSTITUTE OF AMERICAN INDIAN ARTS       ,NM,87508-0000,Public       ,7,24,31,180,297,477
02218808,BROOKLINE COLLEGE - ALBUQUERQUE         ,NM,87105-1649,Proprietary  ,35,156,191,215,815,1030
02278100,SANTA FE COMMUNITY COLLEGE              ,NM,87507-0000,Public       ,82,321,403,962,2450,3412
02293203,ATI CAREER TRAINING CENTER - ALBUQUERQUE,NM,87109-2016,Proprietary  ,7,37,44,61,225,286
02357600,NAVAJO TECHNICAL COLLEGE                ,NM,87313-0000,Public       ,44,92,136,375,862,1237
02511000,SOUTHWESTERN INDIAN POLYTECH INST       ,NM,87184-0000,Public       ,39,50,89,399,450,849
02572003,COMPUTER CAREER CENTER - LAS CRUCES CAMP,NM,88011-8220,Proprietary  ,14,72,86,123,568,691
02622000,SOUTHWEST ACUPUNCTURE COLLEGE           ,NM,87505-0000,Proprietary  ,0,20,20,4,285,289
03076100,SOUTHWESTERN COLLEGE                    ,NM,87507-0000,Private      ,2,15,17,10,193,203
03206300,MESALANDS COMMUNITY COLLEGE             ,NM,88401-3352,Public       ,10,27,37,179,275,454
03430300,UNIVERSAL THERAPEUTIC MASSAGE INSTITUTE ,NM,87107-4403,Proprietary  ,3,17,20,43,153,196
03678300,PIMA MEDICAL INSTITUTE                  ,NM,87110-4127,Proprietary  ,9,34,43,116,241,357
03944300,MASSAGE THERAPY TRAINING INSTITUTE      ,NM,88007-0000,Proprietary  ,4,8,12,35,78,113
04162400,URBAN ACADEMY                           ,NM,87106-4404,Proprietary  ,5,16,21,70,144,214
00223400,ADRIAN COLLEGE                          ,MI,49221-2575,Private      ,36,33,69,2764,342,3106
00223500,ALBION COLLEGE                          ,MI,49224-1831,Private      ,23,7,30,2428,142,2570
00223600,ALMA COLLEGE                            ,MI,48801-1599,Private      ,22,9,31,2319,150,2469
00223700,ALPENA COMMUNITY COLLEGE                ,MI,49707-1495,Public       ,64,168,232,1084,1421,2505
00223800,ANDREWS UNIVERSITY                      ,MI,49104-0750,Private      ,44,89,133,1886,1434,3320
00223900,AQUINAS COLLEGE                         ,MI,49506-1799,Private      ,31,77,108,2603,914,3517
00224000,BAY DE NOC COMMUNITY COLLEGE            ,MI,49829-2524,Public       ,65,215,280,1405,1949,3354
00224100,CALVIN COLLEGE                          ,MI,49546-4388,Private      ,43,52,95,4295,507,4802
00224200,CALVIN THEOLOGICAL SEMINARY             ,MI,49546-4387,Private      ,1,5,6,25,202,227
00224300,CENTRAL MICHIGAN UNIVERSITY             ,MI,48859-0001,Public       ,371,797,1168,24059,10991,35050
00224600,CLEARY UNIVERSITY                       ,MI,48105-2659,Private      ,13,87,100,168,945,1113
00224700,CONCORDIA UNIVERSITY-ANN ARBOR          ,MI,48105-2797,Private      ,11,50,61,622,374,996
00224800,CRANBROOK ACADEMY OF ART                ,MI,48303-0000,Private      ,2,8,10,45,358,403
00224900,DAVENPORT UNIVERSITY                    ,MI,49503-0000,Private      ,162,1475,1637,3565,15481,19046
00225100,DELTA COLLEGE                           ,MI,48710-0001,Public       ,441,1235,1676,6914,9963,16877
00225400,MICHIGAN STATE UNIVERSITY COLLEGE OF LAW,MI,48824-1300,Private      ,28,40,68,601,2174,2775
00225900,EASTERN MICHIGAN UNIVERSITY             ,MI,48197-2214,Public       ,494,1082,1576,16754,15214,31968
00226000,FERRIS STATE UNIVERSITY                 ,MI,49307-2251,Public       ,235,473,708,13730,7800,21530
00226100,CHARLES STEWART MOTT COMMUNITY CLG      ,MI,48503-2089,Public       ,534,1546,2080,6234,13305,19539
00226200,KETTERING UNIVERSITY                    ,MI,48504-4898,Private      ,59,57,116,2259,518,2777
00226300,GLEN OAKS COMMUNITY COLLEGE             ,MI,49032-9784,Public       ,43,185,228,660,1228,1888
00226400,GOGEBIC COMMUNITY COLLEGE               ,MI,49938-1365,Public       ,23,61,84,739,790,1529
00226500,GRACE BIBLE COLLEGE                     ,MI,49509-1998,Private      ,4,25,29,300,135,435
00226600,CORNERSTONE UNIVERSITY                  ,MI,49525-5897,Private      ,43,259,302,1879,2047,3926
00226700,GRAND RAPIDS COMMUNITY COLLEGE          ,MI,49503-3295,Public       ,731,1934,2665,11951,14423,26374
00226800,GRAND VALLEY STATE UNIVERSITY           ,MI,49401-9403,Public       ,322,552,874,22938,8865,31803
00226900,GREAT LAKES CHRISTIAN COLLEGE           ,MI,48917-1299,Private      ,6,15,21,220,160,380
00227000,HENRY FORD COMMUNITY COLLEGE            ,MI,48128-1495,Public       ,890,2100,2990,11251,18412,29663
00227300,HOPE COLLEGE                            ,MI,49423-3607,Private      ,40,14,54,4222,241,4463
00227400,JACKSON COMMUNITY COLLEGE               ,MI,49201-8399,Public       ,240,763,1003,4205,7636,11841
00227500,KALAMAZOO COLLEGE                       ,MI,49006-3295,Private      ,30,31,61,1926,249,2175
00227600,KELLOGG COMMUNITY COLLEGE               ,MI,49017-3397,Public       ,156,731,887,2770,6333,9103
00227700,LAKE MICHIGAN COLLEGE                   ,MI,49022-1899,Public       ,120,583,703,1973,3945,5918
00227800,LANSING COMMUNITY COLLEGE               ,MI,48933-1293,Public       ,716,2454,3170,10302,17460,27762
00227900,LAWRENCE TECHNOLOGICAL UNIVERSITY       ,MI,48075-1058,Private      ,66,175,241,1937,1974,3911
00228200,MADONNA UNIVERSITY                      ,MI,48150-1173,Private      ,52,245,297,1794,3773,5567
00228400,MARYGROVE COLLEGE                       ,MI,48221-2599,Private      ,44,463,507,1007,3805,4812
00228800,ROCHESTER COLLEGE                       ,MI,48307-2764,Private      ,23,94,117,787,898,1685
00228801,ROCHESTER COLLEGE - MACOMB COMMUNITY COL,MI,48038-1139,Private      ,0,0,0,428,560,988
00228802,ROCHESTER COLLEGE - MOTT COMMUNITY COLLE,MI,48503-2089,Private      ,0,0,0,230,361,591
00228803,ROCHESTER COLLEGE  - SPECS HOWARD       ,MI,48075-3953,Private      ,0,0,0,43,78,121
00229000,MICHIGAN STATE UNIVERSITY               ,MI,48824-1113,Public       ,600,690,1290,36836,14283,51119
00229200,MICHIGAN TECHNOLOGICAL UNIV             ,MI,49931-1295,Public       ,58,53,111,5928,1208,7136
00229300,LAKE SUPERIOR STATE UNIVERSITY          ,MI,49783-1691,Public       ,36,101,137,2710,1087,3797
00229400,MONROE COUNTY COMMUNITY CLG             ,MI,48161-9746,Public       ,158,411,569,1924,3064,4988
00229500,MONTCALM COMMUNITY COLLEGE              ,MI,48885-9723,Public       ,69,190,259,1059,2009,3068
00229700,MUSKEGON COMMUNITY COLLEGE              ,MI,49442-1432,Public       ,187,499,686,3368,4390,7758
00229900,NORTH CENTRAL MICHIGAN COLLEGE          ,MI,49770-8740,Public       ,58,219,277,1168,2157,3325
00230100,NORTHERN MICHIGAN UNIVERSITY            ,MI,49855-5316,Public       ,182,209,391,8161,3246,11407
00230200,NORTHWESTERN MICHIGAN COLLEGE           ,MI,49686-3061,Public       ,184,408,592,2872,3876,6748
00230301,OAKLAND COMMUNITY COLLEGE - ORCHARD RIDG,MI,48334-4579,Public       ,232,586,818,3367,5323,8690
00230302,OAKLAND COMMUNITY COLLEGE - ROYAL OAK CA,MI,48067-3898,Public       ,261,836,1097,3773,6955,10728
00230303,OAKLAND COMMUNITY COLLEGE - SOUTHFIELD C,MI,48075-4793,Public       ,269,884,1153,2971,7049,10020
00230304,OAKLAND COMMUNITY COLLEGE - AUBURN HILLS,MI,48323-2845,Public       ,311,809,1120,4312,7101,11413
00230305,OAKLAND COMMUNITY COLLEGE - HIGHLAND LAK,MI,48327-4187,Public       ,175,466,641,2470,4194,6664
00230700,OAKLAND UNIVERSITY                      ,MI,48309-4401,Public       ,359,719,1078,14509,10304,24813
00230800,OLIVET COLLEGE                          ,MI,49076-9902,Private      ,24,19,43,1549,368,1917
00231000,ST. CLAIR COUNTY COMMUNITY COLLEGE      ,MI,48061-0000,Public       ,150,405,555,2452,3896,6348
00231100,KUYPER COLLEGE                          ,MI,49525-9749,Private      ,9,17,26,414,183,597
00231300,SACRED HEART MAJOR SEMINARY             ,MI,48206-1799,Private      ,2,8,10,40,177,217
00231400,SAGINAW VALLEY STATE UNIV               ,MI,48710-0001,Public       ,174,330,504,9925,4616,14541
00231500,SCHOOLCRAFT COLLEGE                     ,MI,48152-2696,Public       ,441,1056,1497,6722,10138,16860
00231600,SIENA HEIGHTS UNIVERSITY                ,MI,49221-1796,Private      ,39,201,240,1308,2062,3370
00231700,SOUTHWESTERN MICHIGAN COLLEGE           ,MI,49047-9793,Public       ,107,362,469,1914,2751,4665
00231800,SPRING ARBOR UNIVERSITY                 ,MI,49283-9984,Private      ,43,259,302,2427,3658,6085
00232200,FINLANDIA UNIVERSITY                    ,MI,49930-1882,Private      ,18,12,30,684,333,1017
00232300,UNIVERSITY OF DETROIT MERCY             ,MI,48221-3038,Private      ,85,354,439,3464,4563,8027
00232303,UNIV OF DETROIT MERCY - LAW SCHOOL      ,MI,48226-0000,Private      ,1,22,23,33,943,976
00232330,UNIV OF DETROIT MERCY - DENTAL SCHOOL   ,MI,48208-2576,Private      ,6,23,29,87,461,548
00232500,UNIVERSITY OF MICHIGAN - ANN ARBOR      ,MI,48109-1316,Public       ,436,521,957,28729,13257,41986
00232501,UNIVERSITY OF MICHIGAN-MEDICAL SCH      ,MI,48109-0000,Public       ,26,27,53,276,1142,1418
00232503,UNIVERSITY OF MICHIGAN LAW SCHOOL       ,MI,48109-0000,Public       ,7,35,42,100,3082,3182
00232600,UNIVERSITY OF MICHIGAN-DEARBORN         ,MI,48128-2406,Public       ,172,448,620,6016,5845,11861
00232700,UNIVERSITY OF MICHIGAN-FLINT            ,MI,48502-1950,Public       ,139,462,601,4872,6631,11503
00232800,WASHTENAW COMMUNITY COLLEGE             ,MI,48106-0000,Public       ,446,1105,1551,5729,9547,15276
00232900,WAYNE STATE UNIVERSITY                  ,MI,48202-0000,Public       ,603,1596,2199,19531,24211,43742
00232901,WAYNE STATE UNIV SCH OF MEDICINE        ,MI,48201-3359,Public       ,20,54,74,456,1902,2358
00232902,WAYNE STATE UNIVERSITY - LAW SCHOOL     ,MI,48202-3424,Public       ,16,51,67,224,1539,1763
00233000,WESTERN MICHIGAN UNIVERSITY             ,MI,49008-3899,Public       ,448,616,1064,21311,10303,31614
00233100,WESTERN THEOLOGICAL SEMINARY            ,MI,49423-0000,Private      ,0,4,4,8,156,164
00407100,WALSH COLLEGE OF ACCT & BUS ADMN        ,MI,48007-7006,Private      ,18,334,352,327,3010,3337
00407200,NORTHWOOD UNIVERSITY                    ,MI,48640-2398,Private      ,27,169,196,2302,2027,4329
00467300,BAKER COLLEGE - FLINT                   ,MI,48507-5508,Private      ,178,832,1010,3037,9237,12274
00467301,BAKER COLLEGE OF CADILLAC               ,MI,49601-0000,Private      ,51,213,264,570,2229,2799
00467302,BAKER COLLEGE OF CLINTON TOWNSHIP       ,MI,48035-0000,Private      ,167,582,749,2358,6732,9090
00467303,BAKER COLLEGE OF MUSKEGON               ,MI,49442-0000,Private      ,139,511,650,3035,5985,9020
00467304,BAKER COLLEGE OF OWOSSO                 ,MI,48867-0000,Private      ,71,248,319,1939,2929,4868
00467305,BAKER COLLEGE OF AUBURN HILLS           ,MI,48326-0000,Private      ,88,429,517,1383,4973,6356
00467306,BAKER COLLEGE OF PORT HURON             ,MI,48060-0000,Private      ,47,155,202,681,2027,2708
00467309,BAKER COLLEGE OF JACKSON                ,MI,49202-0000,Private      ,68,358,426,990,3535,4525
00467311,BAKER COLLEGE-CASS CITY                 ,MI,48726-0000,Private      ,13,50,63,253,649,902
00467313,BAKER COLLEGE - GRADUATE ON-LINE        ,MI,48507-0000,Private      ,36,559,595,473,6826,7299
00467317,BAKER COLLEGE-ALLEN PARK                ,MI,48101-0000,Private      ,113,423,536,1388,4598,5986
00469200,DORSEY SCHOOL OF BUSINESS               ,MI,48195-2334,Proprietary  ,16,83,99,117,582,699
00469201,DORSEY SCHOOL OF BUSINESS               ,MI,48184-0000,Proprietary  ,13,94,107,92,479,571
00469202,DORSEY SCHOOL OF BUSINESS               ,MI,48071-0000,Proprietary  ,20,81,101,72,398,470
00469204,DORSEY SCHOOL OF BUSINESS               ,MI,48066-0000,Proprietary  ,31,178,209,131,677,808
00469205,DORSEY BUSINESS SCHOOL - FARMINGTON HILL,MI,48334-3385,Proprietary  ,15,54,69,50,325,375
00469206,DORSEY BUSINESS SCHOOL - ROSEVILLE CULIN,MI,48066-4555,Proprietary  ,13,83,96,98,469,567
00469207,DORSEY BUSINESS SCHOOL - WATERFORD/PONTI,MI,48341-1037,Proprietary  ,25,116,141,82,456,538
00469208,DORSEY BUSINESS SCHOOL - SAGINAW CAMPUS ,MI,48603-5201,Proprietary  ,38,129,167,38,164,202
00491003,KAPLAN CAREER INSTITUTE - DEARBORN      ,MI,48228-0000,Proprietary  ,18,142,160,187,1063,1250
00676800,MID MICHIGAN COMMUNITY COLLEGE          ,MI,48625-9447,Public       ,196,434,630,2880,4024,6904
00677100,COLLEGE FOR CREATIVE STUDIES            ,MI,48202-4034,Private      ,42,62,104,1584,762,2346
00694900,KALAMAZOO VALLEY COMMUNITY COLLEGE      ,MI,49003-4070,Public       ,443,1220,1663,6166,8989,15155
00717100,KIRTLAND COMMUNITY COLLEGE              ,MI,48653-0000,Public       ,74,227,301,1086,2050,3136
00732991,ITT TECHNICAL INSTITUTE                 ,MI,49519-1851,Proprietary  ,215,731,946,1213,3853,5066
00761700,CARNEGIE INSTITUTE                      ,MI,48083-1159,Proprietary  ,5,32,37,73,543,616
00795000,WEST SHORE COMMUNITY COLLEGE            ,MI,49454-0000,Public       ,35,120,155,688,1077,1765
00817800,EMPIRE BEAUTY SCHOOL                    ,MI,49525-2440,Proprietary  ,19,92,111,194,598,792
00817801,EMPIRE BEAUTY SCHOOL - KALAMAZOO CAMPUS ,MI,49024-2694,Proprietary  ,0,0,0,29,48,77
00832903,ITT TECHNICAL INSTITUTE                 ,MI,48083-2008,Proprietary  ,0,1,1,0,1,1
00890600,MACOMB COMMUNITY COLLEGE                ,MI,48088-3896,Public       ,993,1872,2865,12090,16284,28374
00894600,PORT HURON COSMETOLOGY COLLEGE          ,MI,48329-1618,Proprietary  ,7,12,19,23,51,74
00923000,WAYNE COUNTY COMMUNITY CLG-DISTRICT     ,MI,48226-3095,Public       ,1199,4635,5834,10582,32104,42686
00973200,VIRGINIA FARRELL BEAUTY SCHOOL          ,MI,48080-1448,Proprietary  ,4,15,19,41,85,126
00973400,VIRGINIA FARRELL BEAUTY SCHOOL          ,MI,48220-1739,Proprietary  ,10,34,44,82,211,293
00982800,EVEREST INSTITUTE                       ,MI,48033-4400,Proprietary  ,43,310,353,387,1983,2370
00982801,EVEREST INSTITUTE- DEARBORN             ,MI,48124-1927,Proprietary  ,44,200,244,356,1375,1731
00982803,EVEREST INSTITUTE - DETROIT             ,MI,48207-4291,Proprietary  ,45,187,232,313,1102,1415
01047000,KALAMAZOO BEAUTY ACADEMY                ,MI,49002-5220,Proprietary  ,5,13,18,30,74,104
01082700,DAVID PRESSLEY PROF SCH OF COSMTLGY     ,MI,48067-3219,Proprietary  ,25,37,62,119,206,325
01109800,FLINT INSTITUTE OF BARBERING            ,MI,48504-4395,Proprietary  ,7,26,33,45,142,187
01164600,VIRGINIA FARRELL BEAUTY SCHOOL          ,MI,48185-3091,Proprietary  ,3,22,25,42,150,192
01229100,WRIGHT BEAUTY ACADEMY                   ,MI,49015-2696,Proprietary  ,5,16,21,30,115,145
01262700,THOMAS M. COOLEY LAW SCHOOL             ,MI,48901-1586,Private      ,2,177,179,24,5292,5316
01321800,M J MURPHY BTY CLG MT PLEASANT          ,MI,48858-2502,Proprietary  ,5,21,26,40,101,141
02060300,MICHIGAN INSTITUTE OF AERONAUTICS       ,MI,48188-2533,Proprietary  ,52,152,204,460,950,1410
02068700,ADRIAN BEAUTY ACADEMY                   ,MI,49221-0000,Proprietary  ,4,7,11,29,67,96
02099700,ROSS MEDICAL EDUCATION CENTER           ,MI,48532-0000,Proprietary  ,58,322,380,278,1522,1800
02099701,ROSS MEDICAL EDUCATION CENTER-SAGINAW   ,MI,48603-5227,Proprietary  ,6,16,22,35,162,197
02099702,ROSS MEDICAL EDUCATION CENTER-PORT HURON,MI,48060-1958,Proprietary  ,0,15,15,19,89,108
02099703,ROSS MEDICAL EDUCATION CENTER-ROOSEVELT ,MI,49441-4156,Proprietary  ,0,2,2,3,30,33
02100400,EVEREST INSTITUTE                       ,MI,49525-2301,Proprietary  ,28,173,201,242,1208,1450
02100401,EVEREST INSTITUTE - KALAMAZOO           ,MI,49009-3307,Proprietary  ,30,161,191,212,956,1168
02125600,MICHIGAN COLLEGE OF BEAUTY              ,MI,48083-0000,Proprietary  ,18,64,82,155,398,553
02152103,ACADEMY OF COURT REPORTING & TECHNOLOGY ,MI,48017-1495,Proprietary  ,5,35,40,50,379,429
02158600,MR BELA'S SCHOOL OF COSMETOLOGY         ,MI,48092-4637,Proprietary  ,8,30,38,44,120,164
02160303,INTERNATIONAL ACADEMY OF DESIGN AND TECH,MI,48083-2160,Proprietary  ,70,122,192,782,1064,1846
02180100,ROSS MEDICAL EDUCATION CENTER           ,MI,48092-0000,Proprietary  ,38,161,199,210,882,1092
02180105,ROSS MEDICAL EDUCATION CENTER-REDFORD   ,MI,48239-1260,Proprietary  ,2,20,22,20,125,145
02198900,MICHIGAN SCHOOL OF PROFESSIONAL PSYCHOLO,MI,48334-4512,Private      ,1,9,10,15,219,234
02209200,TAYLORTOWN SCHOOL OF BEAUTY             ,MI,48180-0000,Proprietary  ,4,22,26,22,109,131
02237800,SPECS HOWARD SCHOOL OF MEDIA ARTS       ,MI,48075-0000,Proprietary  ,65,127,192,609,934,1543
02285700,BAYSHIRE BEAUTY ACADEMY                 ,MI,48708-5614,Proprietary  ,3,23,26,35,150,185
02289801,KAPLAN INSTITUTE - DETROIT CAMPUS       ,MI,48202-0000,Proprietary  ,21,143,164,272,1234,1506
02324500,MICHIGAN COLLEGE OF BEAUTY              ,MI,48161-0000,Proprietary  ,16,55,71,74,197,271
02339700,ROSS MEDICAL EDUCATION CENTER           ,MI,48116-0000,Proprietary  ,48,221,269,237,1122,1359
02339701,ROSS MEDICAL EDUCATION CENTER-ANN ARBOR ,MI,48108-1411,Proprietary  ,4,21,25,25,147,172
02339703,ROSS MEDICAL EDUCATION CENTER - DAVISON ,MI,48423-1751,Proprietary  ,0,12,12,17,77,94
02361500,MICHIGAN BARBER COLLEGE                 ,MI,48204-2244,Private      ,29,89,118,144,450,594
02363800,YESHIVA GEDOLAH OF GREATER DETROIT      ,MI,48237-0000,Private      ,7,1,8,26,7,33
02491000,WEST MI COLG OF BARBERING & BEAUTY      ,MI,49008-0000,Proprietary  ,0,22,22,31,118,149
02498300,VIRGINIA FARRELL BEAUTY SCHOOL          ,MI,48154-0000,Proprietary  ,7,17,24,38,130,168
02533600,ROSS MEDICAL EDUCATION CENTER           ,MI,48917-2108,Proprietary  ,53,235,288,236,1147,1383
02533601,ROSS MEDICAL EDUCATION CENTER - GRAND RA,MI,49546-2430,Proprietary  ,5,32,37,43,228,271
02588200,DOUGLAS J AVEDA INSTITUTE               ,MI,48823-4351,Proprietary  ,73,116,189,520,692,1212
02588201,DOUGLAS J AVEDA INSTITUTE - ANN ARBOR   ,MI,48104-2211,Proprietary  ,9,10,19,80,151,231
02595700,HILLSDALE BEAUTY COLLEGE                ,MI,49242-0000,Proprietary  ,7,9,16,67,47,114
02618400,MICHIGAN CAREER & TECHNICAL INST        ,MI,49080-9254,Public       ,53,31,84,303,163,466
03005700,DETROIT BUSINESS INST. DOWNRIVER        ,MI,48193-6761,Proprietary  ,12,44,56,56,199,255
03028500,LAWTON SCHOOL                           ,MI,48075-0000,Proprietary  ,21,97,118,56,263,319
03066600,BAY MILLS COMMUNITY COLLEGE             ,MI,49715-9750,Public       ,15,70,85,203,532,735
03075200,TWIN CITY BEAUTY COLLEGE                ,MI,49085-3305,Proprietary  ,15,45,60,78,254,332
03075201,TWIN CITY BEAUTY COLLEGE - TRAVERSE CITY,MI,49686-5119,Proprietary  ,2,0,2,19,23,42
03090000,SHARP'S ACADEMY OF HAIRSTYLING INC.     ,MI,48433-0000,Proprietary  ,1,14,15,16,55,71
03109700,HOUGHTON LAKE INST OF COSMETOLOGY       ,MI,48629-0669,Proprietary  ,3,3,6,12,28,40
03110300,THE SCHOOL OF CREATIVE HAIR DESIGN      ,MI,49036-1139,Proprietary  ,4,12,16,19,58,77
03124000,NORTHWESTERN TECHNOLOGICAL INST         ,MI,48075-2412,Proprietary  ,13,113,126,118,569,687
03135300,MICHIGAN THEOLOGICAL SEMINARY           ,MI,48170-4399,Private      ,0,0,0,2,34,36
03284300,MICHIGAN JEWISH INSTITUTE               ,MI,48237-0000,Private      ,274,156,430,1209,395,1604
03490300,PAUL MITCHELL THE SCHOOL ESCANABA       ,MI,49829-0000,Proprietary  ,30,50,80,258,306,564
03588300,IRENE'S MYOMASSOLOGY INSTITUTE          ,MI,48033-2404,Proprietary  ,18,56,74,92,464,556
03704300,BLUE WATER COLLEGE OF COSMETOLOGY       ,MI,48040-0000,Proprietary  ,4,15,19,31,57,88
03772300,SAGINAW CHIPPEWA TRIBAL COLLEGE         ,MI,48858-0000,Public       ,5,5,10,26,64,90
03815300,IN SESSION-ARTS OF COSMETOLOGY BEAU     ,MI,48609-0000,Proprietary  ,4,26,30,35,131,166
03907300,PAUL MITCHELL THE SCHOOL GREAT LAKES    ,MI,48060-0000,Proprietary  ,13,21,34,81,108,189
03915300,CAREER QUEST LEARNING CENTER            ,MI,48910-4732,Proprietary  ,25,192,217,141,1090,1231
03968300,LAKEWOOD SCHOOL OF THERAPEUTIC MASSAGE  ,MI,48060-0000,Proprietary  ,2,4,6,14,62,76
03976500,ANN ARBOR INSTITUTE OF MASSAGE THERAPY  ,MI,48103-0000,Proprietary  ,9,28,37,54,158,212
04002400,ECUMENICAL THEOLOGICAL SEMINARY         ,MI,48201-3035,Private      ,0,22,22,6,147,153
04006300,NUVO COLLEGE OF COSMETOLOGY             ,MI,49441-3822,Proprietary  ,6,22,28,23,95,118
04014300,P&A SCHOLARS BEAUTY SCHOOL              ,MI,48204-0000,Proprietary  ,24,82,106,160,378,538
04094300,ROBERT B. MILLER COLLEGE (THE)          ,MI,49017-3306,Private      ,4,30,34,75,486,561
04121100,GALLERY COLLEGE OF BEAUTY (THE)         ,MI,48036-3591,Proprietary  ,12,46,58,101,311,412
04136300,FOCUS:  HOPE INFORMATION TECHNOLOGIES CE,MI,48238-2949,Private      ,10,34,44,84,326,410
04138400,SCHOOL OF DESIGNING ARTS                ,MI,49037-7995,Proprietary  ,6,6,12,54,78,132
04139600,REGAL BEAUTY SCHOOL                     ,MI,48150-4013,Proprietary  ,0,0,0,3,6,9
04140900,INTERNATIONAL COSMETOLOGY ACADEMY       ,MI,49508-1308,Proprietary  ,9,41,50,40,205,245
04141100,FRENCH ACADEMY OF COSMETOLOGY           ,MI,49456-3207,Proprietary  ,4,20,24,30,93,123
04158400,L'ESPRIT ACADEMY                        ,MI,48150-0000,Proprietary  ,7,15,22,65,104,169
04159300,MARKETTI ACADEMY OF COSMETOLOGY         ,MI,48329-3506,Proprietary  ,7,17,24,40,126,166
04163300,COMPASS FILM ACADEMY                    ,MI,49504-5296,Private      ,1,9,10,13,34,47
04164700,KEWEENAW BAY OJIBWA COMMUNITY COLLEGE   ,MI,49908-0000,Public       ,0,1,1,0,1,1
04184700,PROTEGE ACADEMY                         ,MI,48823-8660,Proprietary  ,3,9,12,3,9,12
00233200,ANOKA-RAMSEY CC-CAMBRIDGE/COONRAPID     ,MN,55433-3499,Public       ,313,656,969,3749,5157,8906
00233400,AUGSBURG COLLEGE                        ,MN,55454-1351,Private      ,57,182,239,2914,2456,5370
00233500,RIVERLAND COMMUNITY COLLEGE             ,MN,55912-1473,Public       ,61,271,332,1131,2024,3155
00233600,BEMIDJI STATE UNIVERSITY                ,MN,56601-2699,Public       ,62,210,272,3581,2145,5726
00233700,BETHANY LUTHERAN COLLEGE INC            ,MN,56001-6163,Private      ,6,12,18,717,87,804
00233900,CENTRAL LAKES COLG-BRAINERD/STAPLES     ,MN,56401-3900,Public       ,101,271,372,1605,2371,3976
00234000,CARLETON COLLEGE                        ,MN,55057-4001,Private      ,37,6,43,2983,63,3046
00234100,COLLEGE OF ST BENEDICT                  ,MN,56374-2099,Private      ,11,3,14,2095,68,2163
00234200,ST. CATHERINE UNIVERSITY                ,MN,55105-1789,Private      ,52,235,287,2635,3514,6149
00234300,COLLEGE OF ST SCHOLASTICA               ,MN,55811-4199,Private      ,41,164,205,2493,1921,4414
00234500,UNIVERSITY OF ST THOMAS                 ,MN,55105-1096,Private      ,111,253,364,6588,4150,10738
00234600,CONCORDIA COLLEGE-MOORHEAD              ,MN,56562-0001,Private      ,41,13,54,3227,202,3429
00234700,"CONCORDIA UNIVERSITY, ST PAUL, MN       ",MN,55104-5494,Private      ,27,203,230,1319,2259,3578
00235000,VERMILION COMMUNITY COLLEGE             ,MN,55731-1996,Public       ,14,18,32,543,217,760
00235300,GUSTAVUS ADOLPHUS COLLEGE               ,MN,56082-1498,Private      ,26,4,30,2943,61,3004
00235400,HAMLINE UNIVERSITY                      ,MN,55104-1284,Private      ,44,245,289,2600,3434,6034
00235500,HIBBING COMMUNITY COLLEGE               ,MN,55746-3300,Public       ,32,108,140,715,1130,1845
00235600,ITASCA COMMUNITY COLLEGE                ,MN,55744-3397,Public       ,19,90,109,806,698,1504
00235700,LUTHER SEMINARY                         ,MN,55108-0000,Private      ,0,12,12,2,456,458
00235800,MACALESTER COLLEGE                      ,MN,55105-1899,Private      ,49,15,64,3344,156,3500
00236000,"MINNESOTA STATE UNIVERSITY, MANKATO     ",MN,56002-0000,Public       ,192,339,531,11318,4534,15852
00236100,MARTIN LUTHER COLLEGE                   ,MN,56073-3965,Private      ,6,6,12,675,83,758
00236200,MINNEAPOLIS COMM AND TECH COLLEGE       ,MN,55403-1779,Public       ,451,1588,2039,4521,11068,15589
00236500,MINNEAPOLIS COLLEGE OF ART & DESIGN     ,MN,55404-4343,Private      ,33,38,71,988,455,1443
00236600,CROSSROADS COLLEGE                      ,MN,55902-2382,Private      ,4,11,15,122,98,220
00236700,MINNESOTA STATE UNIVERSITY MOORHEAD     ,MN,56563-0001,Public       ,102,207,309,5313,2495,7808
00236900,NORTH CENTRAL UNIVERSITY                ,MN,55404-1391,Private      ,25,46,71,1299,477,1776
00237000,NORTH HENNEPIN COMMUNITY COLLEGE        ,MN,55445-2299,Public       ,248,688,936,3004,5357,8361
00237100,NORTHWESTERN COLLEGE                    ,MN,55113-1598,Private      ,42,93,135,2323,957,3280
00237300,ROCHESTER COMMUNITY/TECH COLLEGE        ,MN,55904-4999,Public       ,161,483,644,2878,3682,6560
00237500,SOUTHWEST MINNESOTA STATE UNIVERSITY    ,MN,56258-1598,Public       ,32,86,118,2138,1104,3242
00237700,ST CLOUD STATE UNIVERSITY               ,MN,56301-4498,Public       ,258,444,702,10955,5502,16457
00237900,SAINT JOHNS UNIVERSITY                  ,MN,56321-0000,Private      ,16,2,18,1942,104,2046
00238000,SAINT MARY'S UNIVERSITY                 ,MN,55987-1399,Private      ,24,357,381,1694,3238,4932
00238200,ST OLAF COLLEGE                         ,MN,55057-1098,Private      ,38,4,42,3831,94,3925
00238300,CROWN COLLEGE                           ,MN,55375-9001,Private      ,18,71,89,770,681,1451
00238500,NORTHLAND COMMUNITY & TECHNICAL CLG     ,MN,56701-2598,Public       ,96,238,334,1569,2240,3809
00238600,UNITED THEOLGCL SEMINRY TWIN CITIES     ,MN,55112-0000,Private      ,0,9,9,2,119,121
00238800,"UNIVERSITY OF MINNESOTA, DULUTH         ",MN,55812-2496,Public       ,197,121,318,10247,2143,12390
00238900,"UNIVERSITY OF MINNESOTA, MORRIS         ",MN,56267-2113,Public       ,28,9,37,2071,262,2333
00239100,WILLIAM MITCHELL COLLEGE OF LAW         ,MN,55105-0000,Private      ,1,15,16,5,1368,1373
00239300,MINNESOTA STATE COLLEGE-SE TECH         ,MN,55987-0409,Public       ,45,192,237,946,1751,2697
00239400,WINONA STATE UNIVERSITY                 ,MN,55987-5838,Public       ,107,115,222,7174,1565,8739
00396900,UNIVERSITY OF MINNESOTA-TWIN CITIES     ,MN,55455-0422,Public       ,608,986,1594,32190,20664,52854
00400900,MESABI RANGE CMNTY & TECH COLLEGE       ,MN,55792-0000,Public       ,31,72,103,606,779,1385
00405708,NATIONAL AMERICAN UNIVERSITY            ,MN,55113-0000,Proprietary  ,2,38,40,46,324,370
00405715,NATIONAL AMERICAN UNIVERSITY - BLOOMINGT,MN,55425-5550,Proprietary  ,2,34,36,47,362,409
00406900,UNIVERSITY OF MINNESOTA-CROOKSTON       ,MN,56716-5001,Public       ,35,60,95,1115,583,1698
00438600,VETERAN'S MEDICAL CTR- SCH RAD TECH     ,MN,55417-2399,Public       ,0,3,3,3,25,28
00464100,DUNWOODY COLLEGE OF TECHNOLOGY          ,MN,55403-1192,Private      ,45,181,226,902,1686,2588
00464200,GLOBE UNIVERSITY                        ,MN,55125-5408,Proprietary  ,165,670,835,1719,5603,7322
00464500,MINNEAPOLIS BUSINESS COLLEGE            ,MN,55113-4036,Proprietary  ,6,11,17,490,233,723
00464600,MINNESOTA SCHOOL OF BUSINESS            ,MN,55423-0000,Proprietary  ,194,638,832,2263,7442,9705
00525200,RIDGEWATER COLLEGE                      ,MN,56201-2098,Public       ,96,259,355,2097,2274,4371
00526300,MINNESOTA WEST CMNTY & TECH COLG        ,MN,56241-1096,Public       ,43,227,270,965,1783,2748
00553300,"SAINT PAUL COLLEGE, COMMUNITY/TECHNICAL ",MN,55102-1800,Public       ,266,1217,1483,2620,7223,9843
00553400,SAINT CLOUD TECHNICAL COLLEGE AND COMMUN,MN,56303-1240,Public       ,181,400,581,2720,3088,5808
00553500,PINE TECHNICAL COLLEGE                  ,MN,55063-2198,Public       ,18,120,138,299,908,1207
00553700,SOUTH CENTRAL COLLEGE                   ,MN,56003-0000,Public       ,93,261,354,1796,2240,4036
00554100,MINNESOTA STATE COMMUNITY AND TECHNICAL ,MN,56573-1405,Public       ,188,460,648,2512,3900,6412
00554400,ALEXANDRIA TECHNICAL COLLEGE            ,MN,56308-3799,Public       ,40,137,177,1325,1056,2381
00575700,LAKE SUPERIOR COLLEGE                   ,MN,55811-3399,Public       ,142,405,547,2049,3034,5083
00575900,NORTHWEST TECHNICAL COLLEGE - BEMIDJI   ,MN,56601-4907,Public       ,28,140,168,436,1072,1508
00677500,RAINY RIVER COMMUNITY COLLEGE           ,MN,56649-2187,Public       ,4,13,17,139,136,275
00735000,ANOKA-HENNEPIN TECHNICAL COLLEGE        ,MN,55303-1590,Public       ,75,335,410,903,2702,3605
00735100,BROWN COLLEGE                           ,MN,55120-1004,Proprietary  ,57,141,198,817,1255,2072
00746200,COLLEGE OF VISUAL ARTS                  ,MN,55102-2199,Private      ,5,11,16,278,84,362
00795400,NORMANDALE COMMUNITY COLLEGE            ,MN,55431-4399,Public       ,373,671,1044,4688,5599,10287
00826700,NORTHWEST TECHNICAL INSTITUTE           ,MN,55121-5001,Proprietary  ,11,14,25,114,81,195
00869400,RASMUSSEN COLLEGE - ST. CLOUD           ,MN,56301-3713,Proprietary  ,34,210,244,349,1825,2174
00869401,RASMUSSEN COLLEGE - BROOKLYN PARK       ,MN,55445-1512,Proprietary  ,44,189,233,377,1783,2160
00869406,RASMUSSEN COLLEGE - EAGAN               ,MN,55122-1346,Proprietary  ,34,167,201,324,1535,1859
00869407,RASMUSSEN COLLEGE - EDEN PRAIRIE        ,MN,55344-7220,Proprietary  ,88,639,727,524,4501,5025
00869409,RASMUSSEN COLLEGE - MANKATO             ,MN,56001-8658,Proprietary  ,13,123,136,353,1226,1579
00869412,RASMUSSEN COLLEGE - LAKE ELMO           ,MN,55042-8624,Proprietary  ,21,132,153,231,1134,1365
00869416,RASMUSSEN COLLEGE - MOORHEAD            ,MN,56560-4513,Proprietary  ,29,130,159,169,681,850
00869417,RASMUSSEN COLLEGE - BLAINE              ,MN,55014-0000,Proprietary  ,27,109,136,95,369,464
00905800,BETHEL UNIVERSITY                       ,MN,55112-6999,Private      ,55,234,289,3173,2327,5500
00960000,COSMETOLOGY CAREERS UNLTD-DULUTH        ,MN,55802-2031,Proprietary  ,3,17,20,24,52,76
00962108,HERZING UNIVERSITY - MINNEAPOLIS        ,MN,55428-3568,Proprietary  ,16,45,61,190,591,781
00972200,EMPIRE BEAUTY SCHOOL                    ,MN,55119-7003,Proprietary  ,13,50,63,99,328,427
00974000,INVER HILLS COMMUNITY COLLEGE           ,MN,55076-3224,Public       ,193,468,661,2420,3845,6265
00983100,MODEL COLLEGE OF HAIR DESIGN            ,MN,56301-4280,Proprietary  ,5,14,19,113,91,204
00987000,EMPIRE BEAUTY SCHOOL                    ,MN,55420-2919,Proprietary  ,12,49,61,109,359,468
00989200,"DULUTH BUSINESS UNIV, INC.              ",MN,55807-0000,Proprietary  ,15,64,79,158,553,711
00999200,OAK HILLS CHRISTIAN COLLEGE             ,MN,56601-0000,Private      ,1,1,2,125,62,187
01024800,ART INSTITUTES INTL MINNESOTA           ,MN,55402-3137,Proprietary  ,107,172,279,1787,1511,3298
01035602,EVEREST INSTITUTE - EAGAN               ,MN,55121-1696,Proprietary  ,33,182,215,215,1049,1264
01037400,METROPOLITAN STATE UNIVERSITY           ,MN,55106-5000,Public       ,118,800,918,1735,7640,9375
01040200,DAKOTA COUNTY TECHNICAL COLLEGE         ,MN,55068-2999,Public       ,114,282,396,1211,2311,3522
01049000,REGENCY BEAUTY INSTITUTE                ,MN,55428-0000,Proprietary  ,480,1074,1554,3626,8024,11650
01049100,HENNEPIN TECHNICAL COLLEGE              ,MN,55445-2399,Public       ,217,823,1040,2125,5756,7881
01054600,CENTURY COMMUNITY AND TECHNICAL CLG     ,MN,55110-1894,Public       ,432,965,1397,5067,7493,12560
01173200,"MAYO CLINIC, COLLEGE OF MEDICINE        ",MN,55905-0000,Private      ,1,5,6,44,376,420
01173201,MAYO SCHOOL OF HEALTH-RELATED SCIEN     ,MN,55905-0000,Private      ,0,5,5,48,151,199
01173206,MAYO GRAD SCHOOL                        ,MN,55901-0000,Private      ,0,1,1,4,38,42
01173207,MAYO MEDICAL SCHOOL                     ,MN,55901-0000,Private      ,1,5,6,13,165,178
01232800,NORTHWESTERN HEALTH SCIENCES UNIV       ,MN,55431-1599,Private      ,4,52,56,68,877,945
02050300,ACADEMY COLLEGE                         ,MN,55420-1554,Proprietary  ,7,38,45,46,268,314
02097300,HASTINGS BEAUTY SCHOOL                  ,MN,55033-1205,Proprietary  ,2,8,10,21,37,58
02123200,AVEDA INSTITUTE                         ,MN,55414-0000,Proprietary  ,47,77,124,409,459,868
02159800,COSMETOLOGY CAREERS UNLTD - HIBBING     ,MN,55746-0000,Proprietary  ,1,8,9,11,48,59
02160901,"SALON PROFESSIONAL ACADEMY, THE - THE SA",MN,55428-4928,Proprietary  ,3,7,10,36,72,108
02238100,MINNESOTA SCHOOL OF COSMETOLOGY         ,MN,55125-0000,Proprietary  ,10,23,33,142,217,359
02260500,SUMMIT ACAD OPPORTUNITIES IND CTR       ,MN,55405-0000,Private      ,12,129,141,52,388,440
02263102,ANTHEM COLLEGE - ST. LOUIS PARK         ,MN,55416-2467,Proprietary  ,2,8,10,21,89,110
02504200,WALDEN UNIVERSITY                       ,MN,55401-2511,Proprietary  ,35,8043,8078,170,46154,46324
02514100,AMERICAN INDIAN OPPORTUNITIES CTR       ,MN,55404-0000,Private      ,3,38,41,10,184,194
02543600,INGENUE                                 ,MN,56560-0000,Proprietary  ,0,0,0,6,5,11
02551200,EAST METRO OIC                          ,MN,55104-3435,Private      ,0,0,0,2,3,5
03001200,MCNALLY SMITH COLLEGE OF MUSIC          ,MN,55101-2220,Proprietary  ,41,28,69,795,275,1070
03051900,ALFRED ADLER GRADUATE SCHOOL            ,MN,55305-0000,Private      ,0,43,43,4,280,284
03096400,LEECH LAKE TRIBAL COLLEGE               ,MN,56633-0000,Public       ,5,29,34,44,287,331
03129100,FOND DU LAC TRIBAL & COMMUNITY CLG      ,MN,55720-2984,Public       ,45,115,160,532,1022,1554
03267300,CAPELLA UNIVERSITY                      ,MN,55402-3389,Proprietary  ,31,4490,4521,158,53234,53392
03833300,AMERICAN ACADEMY OF ACUPUNCTURE AND ORIE,MN,55113-0000,Proprietary  ,0,16,16,1,113,114
03921400,WHITE EARTH TRIBAL AND COMMUNITY COLLEGE,MN,56557-0478,Private      ,3,15,18,24,128,152
04044300,HAZELDEN GRADUATE SCHOOL OF ADDICTION ST,MN,55012-0000,Private      ,0,24,24,4,149,153
04130200,INST. OF PRODUCTION AND RECORDING       ,MN,55401-1315,Proprietary  ,64,64,128,570,401,971
04148800,CENTERPOINT MASSAGE & SHIATSU THERAPY SC,MN,55414-4525,Proprietary  ,6,22,28,29,144,173
04157600,NOVA ACADEMY OF COSMETOLOGY             ,MN,55906-4103,Proprietary  ,6,16,22,14,40,54
04160000,ALLURE SCHOOL OF COSMETOLOGY            ,MN,55066-2086,Proprietary  ,7,9,16,22,50,72
04160500,AVALON SCHOOL OF COSMETOLOGY            ,MN,56187-1930,Proprietary  ,1,3,4,19,30,49
04175600,PARK AVENUE SCHOOL OF COSMETOLOGY       ,MN,56470-3361,Proprietary  ,1,6,7,1,8,9
00239600,ALCORN STATE UNIVERSITY                 ,MS,39096-7500,Public       ,88,255,343,3680,3622,7302
00239700,BELHAVEN UNIVERSITY                     ,MS,39202-1789,Private      ,50,397,447,1567,3954,5521
00239800,BLUE MOUNTAIN COLLEGE                   ,MS,38610-9370,Private      ,20,36,56,509,394,903
00240100,COAHOMA COMMUNITY COLLEGE               ,MS,38614-9799,Public       ,54,196,250,1711,2824,4535
00240200,COPIAH-LINCOLN COMMUNITY COLLEGE        ,MS,39191-0649,Public       ,87,298,385,2326,2916,5242
00240300,DELTA STATE UNIVERSITY                  ,MS,38733-0000,Public       ,79,198,277,3114,3261,6375
00240400,EAST CENTRAL COMMUNITY COLLEGE          ,MS,39327-0129,Public       ,85,223,308,1803,2461,4264
00240500,EAST MISSISSIPPI COMM COLLEGE           ,MS,39358-0000,Public       ,143,399,542,3062,4520,7582
00240700,HINDS COMMUNITY COLLEGE                 ,MS,39154-9799,Public       ,512,1473,1985,7744,12830,20574
00240800,HOLMES COMMUNITY COLLEGE                ,MS,39079-0000,Public       ,213,655,868,4028,6562,10590
00240900,ITAWAMBA COMMUNITY COLLEGE              ,MS,38843-1099,Public       ,182,649,831,4260,6902,11162
00241000,JACKSON STATE UNIVERSITY                ,MS,39217-0001,Public       ,236,692,928,8377,9989,18366
00241100,JONES COUNTY JUNIOR COLLEGE             ,MS,39437-3999,Public       ,149,323,472,3882,3339,7221
00241300,MERIDIAN COMMUNITY COLLEGE              ,MS,39307-5890,Public       ,99,337,436,2377,3285,5662
00241400,MILLSAPS COLLEGE                        ,MS,39201-0000,Private      ,32,64,96,1456,622,2078
00241500,MISSISSIPPI COLLEGE                     ,MS,39058-0001,Private      ,72,232,304,2776,3413,6189
00241501,MISSISSIPPI COLLEGE - SCHOOL OF LAW     ,MS,39201-1391,Private      ,7,24,31,74,923,997
00241502,MISSISSIPPI COLLEGE - RANKIN CAMPUS     ,MS,39042-0000,Private      ,0,0,0,65,184,249
00241600,MISSISSIPPI DELTA CMTY COLLEGE          ,MS,38761-0000,Public       ,101,229,330,2240,2642,4882
00241700,MISSISSIPPI GULF CST CLG-PERKINSTON     ,MS,39573-0000,Public       ,100,166,266,2051,1278,3329
00241701,MISSISSIPPI GULF CST CLG-JEFF DAVIS     ,MS,39507-0000,Public       ,154,531,685,1956,3984,5940
00241702,MISSISSIPPI GULF CST CLG-JACKSON CN     ,MS,39553-0000,Public       ,119,420,539,1788,2887,4675
00242200,MISSISSIPPI UNIV FOR WOMEN              ,MS,39701-5818,Public       ,50,180,230,1708,2482,4190
00242300,MISSISSIPPI STATE UNIVERSITY            ,MS,39762-9698,Public       ,420,507,927,14361,7783,22144
00242400,MISSISSIPPI VALLEY STATE UNIVERSITY     ,MS,38941-1400,Public       ,79,198,277,3144,3429,6573
00242600,NORTHEAST MS CMNTY COLLEGE              ,MS,38829-1731,Public       ,105,330,435,2866,2724,5590
00242700,NORTHWEST MISSISSIPPI COMMUNITY CLG     ,MS,38668-1703,Public       ,247,564,811,5635,5986,11621
00243000,PEARL RIVER COMMUNITY COLLEGE           ,MS,39470-2201,Public       ,191,448,639,3310,4343,7653
00243300,RUST COLLEGE                            ,MS,38635-2328,Private      ,44,58,102,1328,646,1974
00243500,SOUTHEASTERN BAPTIST COLLEGE            ,MS,39440-0000,Private      ,0,9,9,22,100,122
00243600,SOUTHWEST MISSISSIPPI CMNTY CLG         ,MS,39666-8099,Public       ,98,166,264,1518,1630,3148
00243900,TOUGALOO COLLEGE                        ,MS,39174-9799,Private      ,42,55,97,1660,718,2378
00244000,UNIVERSITY OF MISSISSIPPI               ,MS,38677-1848,Public       ,377,403,780,12242,7221,19463
00244001,UNIVERSITY OF MISSISSIPPI - MED CTR     ,MS,39216-0000,Public       ,15,84,99,590,2059,2649
00244100,UNIVERSITY OF SOUTHERN MISSISSIPPI      ,MS,39406-0001,Public       ,309,724,1033,11603,10345,21948
00244700,WILLIAM CAREY UNIVERSITY                ,MS,39401-5499,Private      ,43,288,331,1526,3989,5515
01146100,WESLEY COLLEGE                          ,MS,39073-1070,Private      ,0,0,0,31,62,93
01289101,ANTONELLI COLLEGE - JACKSON             ,MS,39232-9514,Proprietary  ,23,190,213,194,1476,1670
01289102,ANTONELLI COLLEGE - HATTIESBURG         ,MS,39401-3056,Proprietary  ,20,93,113,182,840,1022
02074900,CHRIS' BEAUTY COLLEGE                   ,MS,39501-0000,Proprietary  ,7,22,29,41,145,186
02160500,NORTH MISSISSIPPI MED CTR MED TECH      ,MS,38801-0000,Private      ,1,21,22,31,146,177
02235900,ACADEMY OF HAIR DESIGN #4               ,MS,39208-0000,Proprietary  ,5,18,23,49,152,201
02244300,ACADEMY OF HAIR DESIGN #1               ,MS,38901-0000,Proprietary  ,11,37,48,105,255,360
02249900,DELTA BEAUTY COLLEGE                    ,MS,38701-0000,Proprietary  ,1,18,19,29,111,140
02251600,ACADEMY OF HAIR DESIGN #6               ,MS,39401-7581,Proprietary  ,8,49,57,88,280,368
02251700,FOSTER'S COSMETOLOGY COLLEGE            ,MS,38663-0000,Proprietary  ,4,6,10,16,33,49
02302800,MISSISSIPPI COLLEGE OF BEAUTY CULT      ,MS,39440-0000,Proprietary  ,5,22,27,29,110,139
02320800,MAGNOLIA COLLEGE OF COSMETOLOGY         ,MS,39206-0000,Proprietary  ,8,43,51,96,277,373
02361200,MAGNOLIA BIBLE COLLEGE                  ,MS,39090-0000,Private      ,0,0,0,2,6,8
02502100,CREATIONS COLLEGE OF COSMETOLOGY        ,MS,38803-0000,Proprietary  ,2,19,21,36,144,180
02516200,WESLEY BIBLICAL SEMINARY                ,MS,39206-0000,Private      ,1,7,8,7,130,137
02586000,J & J HAIR DESIGN COLLEGE               ,MS,39051-3716,Proprietary  ,5,29,34,32,164,196
03004000,FINAL TOUCH BEAUTY SCHOOL               ,MS,39307-2934,Proprietary  ,2,17,19,22,91,113
03010401,CRESCENT CITY BARTENDING SCHOOL         ,MS,39501-0000,Proprietary  ,0,0,0,10,57,67
03010404,CRESCENT CITY SCHOOL OF GAMING & BARTEND,MS,38664-1903,Proprietary  ,0,0,0,6,35,41
03010603,VIRGINIA COLLEGE - JACKSON              ,MS,39206-5602,Proprietary  ,40,215,255,255,1600,1855
03010610,VIRGINIA COLLEGE - BILOXI               ,MS,39532-2124,Proprietary  ,14,102,116,122,903,1025
03263300,TRAXLER'S SCHOOL OF HAIR                ,MS,39212-2529,Proprietary  ,3,27,30,20,106,126
03464300,ACADEMY OF HAIR DESIGN                  ,MS,39562-0000,Proprietary  ,7,29,36,18,93,111
03525300,BLUE CLIFF COLLEGE                      ,MS,39507-0000,Proprietary  ,22,89,111,182,644,826
03848300,DAY SPA CAREER COLLEGE                  ,MS,39564-0000,Proprietary  ,5,17,22,35,116,151
03963300,HEALING TOUCH SCHOOL OF MASSAGE THERAPY ,MS,39402-1300,Proprietary  ,4,16,20,24,91,115
04131300,CORINTH ACADEMY OF COSMETOLOGY          ,MS,38834-4813,Proprietary  ,4,9,13,30,76,106
04137400,MISSISSIPPI SCHOOL OF THERAPEUTIC MASSAG,MS,39216-5023,Proprietary  ,1,14,15,30,100,130
04140200,"MISSISSIPPI INSTITUTE OF AESTHETICS, NAI",MS,39056-5628,Proprietary  ,4,16,20,37,102,139
00252600,CARROLL COLLEGE                         ,MT,59625-0002,Private      ,22,18,40,1808,286,2094
00252700,UNIVERSITY OF GREAT FALLS               ,MT,59405-4996,Private      ,23,69,92,664,694,1358
00252800,MILES COMMUNITY COLLEGE                 ,MT,59301-4799,Public       ,13,28,41,353,271,624
00252900,DAWSON COMMUNITY COLLEGE                ,MT,59330-1405,Public       ,14,15,29,323,168,491
00253000,MONTANA STATE UNIVERSITY - BILLINGS     ,MT,59101-0298,Public       ,112,385,497,2808,3981,6789
00253100,MONTANA TECH OF THE UNIV OF MONTANA     ,MT,59701-8997,Public       ,41,159,200,1554,1500,3054
00253200,MONTANA STATE UNIVERSITY - BOZEMAN      ,MT,59717-0001,Public       ,232,329,561,10097,4826,14923
00253300,MONTANA STATE UNIVERSITY-NORTHERN       ,MT,59501-3148,Public       ,34,60,94,869,893,1762
00253400,ROCKY MOUNTAIN COLLEGE                  ,MT,59102-1796,Private      ,22,33,55,1274,412,1686
00253600,UNIVERSITY OF MONTANA (THE)             ,MT,59812-0001,Public       ,283,593,876,9277,8672,17949
00253700,UNIVERSITY OF MONTANA WESTERN (THE)     ,MT,59725-3598,Public       ,27,58,85,1250,659,1909
00677700,FLATHEAD VALLEY COMMUNITY COLLEGE       ,MT,59901-2699,Public       ,93,274,367,1008,1937,2945
00757000,HELENA COLLEGE OF TECHNOLOGY            ,MT,59601-3098,Public       ,37,142,179,518,1226,1744
00790000,BUTTE ACADEMY OF BEAUTY CULTURE         ,MT,59701-9197,Proprietary  ,1,8,9,31,48,79
00894700,"DAHL'S COLLEGE OF BEAUTY,INC            ",MT,59401-3731,Proprietary  ,1,9,10,10,57,67
00931400,MSU COLLEGE OF TECH-GREAT FALLS         ,MT,59405-4907,Public       ,63,220,283,704,1798,2502
02143400,SALISH KOOTENAI COLLEGE                 ,MT,59855-0000,Public       ,30,119,149,365,1102,1467
02286600,LITTLE BIG HORN COLLEGE                 ,MT,59022-0000,Public       ,8,24,32,125,300,425
02343000,FT PECK COMMUNITY COLLEGE               ,MT,59255-0000,Public       ,12,41,53,89,286,375
02510600,BLACKFEET COMMUNITY COLLEGE             ,MT,59417-0000,Private      ,14,32,46,169,410,579
02517500,FORT BELKNAP COLLEGE                    ,MT,59526-0000,Public       ,9,13,22,62,154,216
02545200,CHIEF DULL KNIFE COLLEGE                ,MT,59043-0098,Public       ,5,12,17,58,169,227
02610900,STONE CHILD COLLEGE                     ,MT,59521-9796,Public       ,4,14,18,54,195,249
02621300,ACADEMY OF COSMETOLOGY                  ,MT,59715-3544,Proprietary  ,5,7,12,35,54,89
03205300,MODERN BEAUTY SCHOOL                    ,MT,59801-8386,Proprietary  ,7,28,35,47,115,162
03763400,"ACADEMY OF NAIL, SKIN & HAIR            ",MT,59101-0000,Proprietary  ,6,34,40,54,145,199
03778300,HEALTH WORKS INSTITUTE                  ,MT,59715-0000,Proprietary  ,1,10,11,18,68,86
04163700,BITTERROOT SCHOOL OF COSMETOLOGY        ,MT,59840-3118,Proprietary  ,1,5,6,8,37,45
04164100,SALON PROFESSIONAL ACADEMY (THE)        ,MT,59405-0000,Proprietary  ,6,17,23,56,132,188
00253900,CHADRON STATE COLLEGE                   ,NE,69337-2690,Public       ,36,102,138,1621,1141,2762
00254000,COLLEGE OF ST MARY                      ,NE,68106-2606,Private      ,12,81,93,494,1200,1694
00254100,CONCORDIA UNIVERSITY                    ,NE,68434-1594,Private      ,16,62,78,1337,600,1937
00254200,CREIGHTON UNIVERSITY                    ,NE,68178-0001,Private      ,84,203,287,5075,5210,10285
00254300,DANA COLLEGE                            ,NE,68008-9905,Proprietary  ,0,0,0,965,117,1082
00254400,DOANE COLLEGE                           ,NE,68333-2421,Private      ,19,120,139,1627,1101,2728
00254700,GRACE UNIVERSITY                        ,NE,68108-3629,Private      ,6,18,24,348,324,672
00254800,HASTINGS COLLEGE                        ,NE,68901-7621,Private      ,18,13,31,1477,186,1663
00255100,UNIVERSITY OF NEBRASKA AT KEARNEY       ,NE,68849-0001,Public       ,71,145,216,4217,2014,6231
00255300,MIDLAND LUTHERAN COLLEGE                ,NE,68025-4254,Private      ,25,16,41,740,300,1040
00255400,UNIVERSITY OF NEBRASKA-OMAHA            ,NE,68182-0001,Public       ,235,475,710,8709,6726,15435
00255500,NEBRASKA WESLEYAN UNIVERSITY            ,NE,68504-2796,Private      ,26,52,78,1947,585,2532
00255700,MID-PLAINS COMM COLLEGE - NORTH PLATTE  ,NE,69101-9420,Public       ,18,92,110,513,725,1238
00255701,MID-PLAINS COMMUNITY COLLEGE - MCCOOK   ,NE,69001-2631,Public       ,14,25,39,260,236,496
00255900,PERU STATE COLLEGE                      ,NE,68421-0010,Public       ,23,87,110,1052,1065,2117
00256000,WESTERN NEBRASKA COMMUNITY COLLEGE      ,NE,69361-1815,Public       ,53,141,194,821,1246,2067
00256300,UNION COLLEGE                           ,NE,68506-4387,Private      ,19,24,43,771,371,1142
00256500,UNIVERSITY OF NEBRASKA-LINCOLN          ,NE,68588-0419,Public       ,287,321,608,15633,5730,21363
00256596,UNIVERSITY OF NEBRASKA - CURTIS         ,NE,69025-9522,Public       ,9,4,13,236,49,285
00256600,WAYNE STATE COLLEGE                     ,NE,68787-1172,Public       ,51,65,116,2969,919,3888
00256700,YORK COLLEGE                            ,NE,68467-2699,Private      ,11,10,21,556,143,699
00443100,MARY LANNING MEM HOSP SCH RAD TECH      ,NE,68901-4497,Private      ,0,0,0,7,10,17
00443600,REGNL WST MEDCL CTR SCHL RAD            ,NE,69361-0000,Private      ,1,2,3,17,11,28
00458608,KAPLAN UNIVERSITY - OMAHA               ,NE,68134-1002,Proprietary  ,27,153,180,243,1769,2012
00458609,KAPLAN UNIVERSITY - LINCOLN             ,NE,68508-2668,Proprietary  ,15,102,117,177,1167,1344
00639900,BRYANLGH COLLEGE OF HEALTH SCIENCES     ,NE,68506-1398,Private      ,4,20,24,348,327,675
00640400,NEBR METHODIST CLG OF NURS ALLD HLTH    ,NE,68114-2852,Private      ,13,50,63,447,796,1243
00689500,UNIVERSITY OF NEBRASKA-MED CTR          ,NE,68198-4265,Public       ,10,67,77,577,2375,2952
00750100,VATTEROTT COLLEGE                       ,NE,68137-1237,Proprietary  ,15,120,135,202,1079,1281
00849200,ALEGENT HEALTH SCHOOLS                  ,NE,68114-2767,Private      ,4,13,17,40,196,236
00952300,BAHNER COLLEGE OF HAIRSTYLING           ,NE,68025-3297,Proprietary  ,10,9,19,37,26,63
00961700,CAPITOL BEAUTY SCHOOL                   ,NE,68144-0000,Proprietary  ,13,12,25,126,151,277
00962109,HERZING UNIVERSITY - OMAHA SCHOOL OF MAS,NE,68127-5002,Proprietary  ,18,69,87,114,297,411
00974300,BELLEVUE UNIVERSITY                     ,NE,68005-0000,Private      ,67,961,1028,802,7655,8457
00986200,CLARKSON COLLEGE                        ,NE,68131-2739,Private      ,16,91,107,518,1074,1592
01151900,JOSEPH'S COLLEGE OF BEAUTY/ALL CAMPUSES ,NE,68510-2226,Proprietary  ,14,39,53,161,307,468
01151909,JOSEPH'S COLLEGE OF BEAUTY - OMAHA      ,NE,68131-0000,Proprietary  ,0,0,0,15,30,45
01166700,NORTHEAST COMMUNITY COLLEGE             ,NE,68702-0000,Public       ,65,161,226,1764,1431,3195
01258600,METROPOLITAN COMMUNITY COLLEGE          ,NE,68103-0000,Public       ,397,1387,1784,4984,12896,17880
01297600,NEBRASKA CHRISTIAN COLLEGE              ,NE,68046-4256,Private      ,1,9,10,144,63,207
02079700,COLLEGE OF HAIR DESIGN                  ,NE,68508-0000,Proprietary  ,32,28,60,203,221,424
02099500,CENTRAL COMMUNITY COLLEGE- GI           ,NE,68801-0000,Public       ,54,180,234,695,1501,2196
02099501,CENTRAL COMMUNITY COLLEGE - HASTINGS    ,NE,68902-0000,Public       ,48,119,167,1044,930,1974
02099502,CENTRAL COMMUNITY COLLEGE - COLUMBUS    ,NE,68602-0000,Public       ,30,75,105,539,550,1089
02508300,SOUTHEAST COMM. COLLEGE-ALL CAMPUSES    ,NE,68520-0000,Public       ,417,695,1112,5370,6744,12114
02550800,NEBRASKA INDIAN COMMUNITY COLLEGE       ,NE,68039-0000,Public       ,8,16,24,23,84,107
02610500,XENON INTERNATIONAL ACADEMY II          ,NE,68127-3522,Proprietary  ,23,27,50,250,255,505
03164300,THE CREATIVE CENTER                     ,NE,68164-2911,Proprietary  ,6,5,11,175,54,229
03279300,MYOTHERAPY INSTITUTE                    ,NE,68516-3641,Proprietary  ,3,8,11,33,60,93
03323300,LITTLE PRIEST TRIBAL COLLEGE            ,NE,68071-0000,Private      ,0,9,9,35,91,126
03821400,UNIVERSAL COLLEGE OF HEALING ARTS       ,NE,68112-1810,Proprietary  ,0,5,5,15,67,82
00256800,UNIVERSITY OF NEVADA RENO               ,NV,89557-0002,Public       ,379,421,800,9594,5988,15582
00256900,UNIVERSITY OF NEVADA-LAS VEGAS          ,NV,89154-1001,Public       ,588,1185,1773,14817,16298,31115
00697700,GREAT BASIN COLLEGE                     ,NV,89801-3348,Public       ,57,162,219,627,1371,1998
00732954,ITT TECHNICAL INSTITUTE                 ,NV,89014-6712,Proprietary  ,83,194,277,381,1087,1468
00736700,MARINELLO SCHOOLS OF BEAUTY             ,NV,89110-3563,Proprietary  ,28,65,93,174,409,583
00737100,MARINELLO SCHOOL OF BEAUTY              ,NV,89502-5982,Proprietary  ,15,24,39,109,236,345
00844103,ANTHEM INSTITUTE - MORRISON UNIVERSITY  ,NV,89521-4826,Proprietary  ,3,27,30,21,167,188
00919200,SIERRA NEVADA COLLEGE                   ,NV,89451-0000,Private      ,23,59,82,461,559,1020
01036200,COLLEGE OF SOUTHERN NEVADA              ,NV,89146-1139,Public       ,1369,3497,4866,12623,24931,37554
01036300,WESTERN NEVADA COLLEGE                  ,NV,89703-0000,Public       ,121,461,582,1321,3104,4425
01323200,ACADEMY OF HAIR DESIGN                  ,NV,89146-1617,Proprietary  ,32,58,90,130,268,398
02107700,TRUCKEE MEADOWS COMMUNITY CLG           ,NV,89512-0000,Public       ,414,1132,1546,3891,7855,11746
02237500,EVEREST COLLEGE                         ,NV,89103-0000,Proprietary  ,115,270,385,707,1691,2398
02338509,NEVADA CAREER INSTITUTE                 ,NV,89121-0000,Proprietary  ,0,0,0,12,48,60
02338512,GLENDALE CAREER COLLEGE - NEVADA CAREER ,NV,89131-3268,Proprietary  ,2,22,24,12,117,129
02616703,SCOTTSDALE CULINARY INSTITUTE - LE CORDO,NV,89144-7047,Proprietary  ,11,37,48,167,360,527
02621500,CAREER COLLEGE OF NORTHERN NEVADA       ,NV,89434-7905,Proprietary  ,16,109,125,158,917,1075
03030603,UTAH CLG OF MASSAGE THERAPY-NSMT        ,NV,89123-0000,Proprietary  ,36,72,108,184,408,592
03031405,INTERNATIONAL ACADEMY OF DESIGN AND TECH,NV,89074-7750,Proprietary  ,62,106,168,439,760,1199
03043200,KAPLAN COLLEGE                          ,NV,89102-8618,Proprietary  ,51,240,291,459,1776,2235
03076404,BRYMAN SCHOOL OF ARIZONA (THE) - ANTHEM ,NV,89102-4514,Proprietary  ,3,23,26,72,295,367
03084600,THE ART INSTITUTE OF LAS VEGAS          ,NV,89074-7737,Proprietary  ,190,238,428,1601,1985,3586
03088200,CARSON CITY BEAUTY ACADEMY              ,NV,89706-0000,Proprietary  ,8,23,31,41,133,174
03110000,ACADEMY OF HEALING ARTS                 ,NV,89106-4031,Proprietary  ,65,171,236,339,799,1138
03232306,EUPHORIA INSTITUTE - SUMMERLIN          ,NV,89117-8803,Proprietary  ,16,43,59,167,372,539
03232307,EUPHORIA INSTITUTE - GREEN VALLEY       ,NV,89052-4964,Proprietary  ,10,39,49,150,319,469
03232308,EUPHORIA INSTITUTE - ALIANTE            ,NV,89131-1036,Proprietary  ,13,37,50,175,353,528
03787300,EXPERTISE SCHOOL OF BEAUTY              ,NV,89106-2516,Private      ,9,36,45,58,268,326
03838500,NORTHWEST HEALTH CAREERS                ,NV,89128-0255,Proprietary  ,11,87,98,88,396,484
03975300,INSTITUTE OF PROFESSIONAL CAREERS       ,NV,89119-7825,Proprietary  ,8,46,54,66,293,359
04065300,UNIVERSITY OF SOUTHERN NEVADA           ,NV,89014-2333,Private      ,33,100,133,386,1661,2047
04114300,NEVADA STATE COLLEGE                    ,NV,89002-9455,Public       ,70,225,295,1301,2393,3694
04142601,TOURO UNIVERSITY - NEVADA               ,NV,89014-8800,Private      ,3,40,43,14,201,215
04144800,INTERNATIONAL ACADEMY OF STYLE          ,NV,89509-3450,Proprietary  ,6,14,20,42,107,149
04147600,AVEDA INSTITUTE LAS VEGAS               ,NV,89119-6103,Proprietary  ,11,30,41,123,265,388
04171000,ADVANCED TRAINING INSTITUTE             ,NV,89115-7504,Proprietary  ,22,162,184,22,162,184
00257200,COLBY-SAWYER COLLEGE                    ,NH,03257-4648,Private      ,24,5,29,2550,89,2639
00257300,DARTMOUTH COLLEGE                       ,NH,03755-3529,Private      ,140,34,174,10605,1818,12423
00257500,FRANKLIN PIERCE UNIVERSITY              ,NH,03461-0060,Private      ,30,90,120,2468,1226,3694
00257900,NEW ENGLAND COLLEGE                     ,NH,03242-3293,Private      ,24,94,118,1508,972,2480
00258000,SOUTHERN NEW HAMPSHIRE UNIVERSITY       ,NH,03106-1045,Private      ,100,715,815,4646,5604,10250
00258100,NHTI  - CONCORD'S COMMUNITY COLLEGE     ,NH,03301-7412,Public       ,115,184,299,2882,1996,4878
00258200,MANCHESTER COMMUNITY COLLEGE            ,NH,03102-8518,Public       ,78,157,235,1327,1601,2928
00258202,NEW HAMPSHIRE COMMUNITY TECHNICAL COLLEG,NH,03038-0000,Public       ,0,0,0,31,25,56
00258300,GREAT BAY COMMUNITY COLLEGE             ,NH,03801-0000,Public       ,66,119,185,863,1120,1983
00258600,RIVIER COLLEGE                          ,NH,03060-5086,Private      ,22,91,113,1410,1100,2510
00258700,SAINT ANSELM COLLEGE                    ,NH,03102-1310,Private      ,49,11,60,3846,142,3988
00258900,UNIVERSITY OF NEW HAMPSHIRE             ,NH,03824-2511,Public       ,174,172,346,19569,3632,23201
00259000,KEENE STATE COLLEGE                     ,NH,03431-0000,Public       ,88,38,126,8232,691,8923
00259100,PLYMOUTH STATE UNIVERSITY               ,NH,03264-1595,Public       ,73,97,170,6674,1444,8118
00301004,ANTIOCH UNIVERSITY                      ,NH,03431-0000,Private      ,0,17,17,4,934,938
00472900,HESSER COLLEGE                          ,NH,03103-7230,Proprietary  ,55,135,190,691,1386,2077
00472901,HESSER COLLEGE - NASHUA CAMPUS          ,NH,03063-1286,Proprietary  ,25,62,87,207,735,942
00472904,HESSER COLLEGE - PORTSMOUTH CAMPUS      ,NH,03801-3245,Proprietary  ,29,96,125,207,695,902
00472905,HESSER COLLEGE - SALEM CAMPUS           ,NH,03079-2842,Proprietary  ,34,87,121,299,767,1066
00472906,HESSER COLLEGE - CONCORD CAMPUS         ,NH,03301-3415,Proprietary  ,10,48,58,137,609,746
00473100,DANIEL WEBSTER COLLEGE                  ,NH,03063-1300,Proprietary  ,12,19,31,902,232,1134
00473300,CHESTER COLLEGE OF NEW ENGLAND          ,NH,03036-4331,Private      ,4,1,5,218,47,265
00529100,WHITE MOUNTAINS COMMUNITY COLLEGE       ,NH,03570-3799,Public       ,11,66,77,417,764,1181
00702500,LEBANON COLLEGE                         ,NH,03766-0000,Private      ,0,9,9,41,92,133
00755500,LAKES REGION COMMUNITY COLLEGE          ,NH,03246-1326,Public       ,30,67,97,685,709,1394
00756000,RIVER VALLEY COMMUNITY COLLEGE          ,NH,03743-9707,Public       ,18,73,91,355,786,1141
00849300,CONTINENTAL ACADEMIE OF HAIR DESIGN     ,NH,03103-4901,Proprietary  ,3,3,6,21,30,51
00864500,EMPIRE BEAUTY SCHOOL                    ,NH,03220-0000,Proprietary  ,20,30,50,138,140,278
00923600,NASHUA COMMUNITY COLLEGE                ,NH,03063-2052,Public       ,53,121,174,1025,1087,2112
01318900,CONTINENTAL ACADEMIE OF HAIR DESIGN     ,NH,03051-3754,Proprietary  ,6,11,17,59,48,107
02097900,FRANKLIN PIERCE LAW CENTER              ,NH,03301-0000,Private      ,0,16,16,17,838,855
02140400,ST JOSEPH SCH OF PRAC NRSG              ,NH,03060-0000,Private      ,2,7,9,69,170,239
02174800,MICHAEL'S SCHOOL OF HAIR DESIGN & ESTHET,NH,03110-0000,Proprietary  ,25,13,38,107,78,185
02179600,EMPIRE BEAUTY SCHOOL                    ,NH,03878-0000,Proprietary  ,29,41,70,115,141,256
02211600,PORTSMOUTH BTY SCH OF HAIR DESIGN       ,NH,03801-4084,Proprietary  ,0,6,6,22,25,47
02223300,MAGDALEN COLLEGE                        ,NH,03278-4012,Private      ,0,0,0,55,6,61
02245400,KEENE BEAUTY ACADEMY                    ,NH,03431-0000,Proprietary  ,7,5,12,42,36,78
02247000,NEW ENGLAND SCHOOL OF HAIR DESIGN       ,NH,03784-0000,Proprietary  ,1,8,9,28,54,82
03043100,THOMAS MORE COLLEGE OF LIBERAL ARTS     ,NH,03054-4818,Private      ,2,2,4,100,12,112
03101300,GRANITE STATE COLLEGE                   ,NH,03301-6400,Public       ,19,182,201,303,1554,1857
03182300,NEW HAMPSHIRE INSTITUTE OF ART          ,NH,03104-4858,Private      ,11,12,23,687,132,819
03437300,UPPER VALLEY TEACHER TRANING PROGRAM    ,NH,03766-1358,Private      ,0,1,1,2,46,48
03729300,NH INSTITUTE FOR THERAPEUTIC ARTS       ,NH,03051-4906,Proprietary  ,2,12,14,14,61,75
04162200,LAIRD INSTITUTE OF SPA THERAPY          ,NH,03102-5263,Proprietary  ,2,21,23,2,39,41
00267000,BAPTIST BIBLE COLG OF PENNSYLVANIA      ,PA,18411-1297,Private      ,10,25,35,603,263,866
00322800,BRYN ATHYN COLLEGE OF THE NEW CHURCH    ,PA,19009-0717,Private      ,8,3,11,267,27,294
00322900,ALBRIGHT COLLEGE                        ,PA,19612-5234,Private      ,55,76,131,3733,1111,4844
00323000,ALLEGHENY COLLEGE                       ,PA,16335-3902,Private      ,35,10,45,3563,118,3681
00323100,COMM CLG OF ALLEGHENY-ALLEGHENY CMP     ,PA,15212-0000,Public       ,227,664,891,3177,5659,8836
00323101,"COMM CLG OF ALLEGHENY, BOYCE CAMPUS     ",PA,15146-0000,Public       ,92,317,409,1644,2553,4197
00323102,"COMM CLG OF ALLEGHENY, NORTH CAMPUS     ",PA,15237-0000,Public       ,104,222,326,1404,1772,3176
00323103,"COMM CLG OF ALLEGHENY, SOUTH CAMPUS     ",PA,15122-0000,Public       ,132,288,420,2103,2564,4667
00323300,ALVERNIA UNIVERSITY                     ,PA,19607-1799,Private      ,25,90,115,2145,1638,3783
00323500,ARCADIA UNIVERSITY                      ,PA,19038-3295,Private      ,64,149,213,4519,2251,6770
00323700,BRYN MAWR COLLEGE                       ,PA,19010-2899,Private      ,19,11,30,1782,618,2400
00323800,BUCKNELL UNIVERSITY                     ,PA,17837-2122,Private      ,83,6,89,4955,178,5133
00323900,BUCKS COUNTY COMMUNITY COLLEGE          ,PA,18940-1320,Public       ,220,418,638,4036,3753,7789
00324000,BUTLER COUNTY COMMUNITY COLLEGE         ,PA,16001-0000,Public       ,145,273,418,2067,2198,4265
00324100,CABRINI COLLEGE                         ,PA,19087-3698,Private      ,29,278,307,2119,1705,3824
00324200,CARNEGIE MELLON UNIVERSITY              ,PA,15213-3890,Private      ,153,49,202,11301,1708,13009
00324201,CARNEGIE MELLON UNIV- THE HEINZ COLLEGE ,PA,15213-0000,Private      ,4,15,19,205,583,788
00324202,CARNEGIE MELLON- TEPPER SCHOOL OF BUSINE,PA,15213-0000,Private      ,4,17,21,217,594,811
00324300,CEDAR CREST COLLEGE                     ,PA,18104-6196,Private      ,21,78,99,1027,1197,2224
00324400,CHATHAM UNIVERSITY                      ,PA,15232-2826,Private      ,14,126,140,776,1800,2576
00324500,CHESTNUT HILL COLLEGE                   ,PA,19118-2693,Private      ,32,173,205,2055,2027,4082
00324700,MISERICORDIA  UNIVERSITY                ,PA,18612-1008,Private      ,19,60,79,2111,1211,3322
00324900,COMMUNITY COLLEGE OF PHILADELPHIA       ,PA,19130-3991,Public       ,1041,2741,3782,12050,20195,32245
00325100,CURTIS INSTITUTE OF MUSIC               ,PA,19103-6187,Private      ,9,5,14,293,136,429
00325200,DELAWARE VALLEY COLLEGE                 ,PA,18901-2697,Private      ,26,55,81,2324,472,2796
00325300,DICKINSON COLLEGE                       ,PA,17013-2896,Private      ,49,7,56,3157,164,3321
00325600,DREXEL UNIVERSITY                       ,PA,19104-2875,Private      ,403,914,1317,27077,16975,44052
00325800,DUQUESNE UNIVERSITY                     ,PA,15282-0001,Private      ,78,197,275,7909,4479,12388
00325900,EASTERN UNIVERSITY                      ,PA,19087-3696,Private      ,54,200,254,2291,2735,5026
00326200,ELIZABETHTOWN COLLEGE                   ,PA,17022-2298,Private      ,18,50,68,2990,584,3574
00326300,EVANGELICAL SCHOOL OF THEOLOGY          ,PA,17067-0000,Private      ,0,4,4,0,100,100
00326500,FRANKLIN & MARSHALL COLLEGE             ,PA,17604-0000,Private      ,45,12,57,3177,118,3295
00326600,GANNON UNIVERSITY                       ,PA,16541-0001,Private      ,28,86,114,3489,1469,4958
00326700,GENEVA COLLEGE                          ,PA,15010-3599,Private      ,21,81,102,2004,1007,3011
00326800,GETTYSBURG COLLEGE                      ,PA,17325-1486,Private      ,54,12,66,4103,130,4233
00326900,GROVE CITY COLLEGE                      ,PA,16127-0000,Private      ,0,0,0,1832,51,1883
00327000,GWYNEDD-MERCY COLLEGE                   ,PA,19437-0901,Private      ,20,177,197,1800,1524,3324
00327200,HARCUM COLLEGE                          ,PA,19010-3476,Private      ,33,107,140,657,1438,2095
00327300,HARRISBURG AREA COMMUNITY COLLEGE       ,PA,17110-2999,Public       ,605,1762,2367,9313,15415,24728
00327400,HAVERFORD COLLEGE                       ,PA,19041-1392,Private      ,34,2,36,2136,63,2199
00327500,HOLY FAMILY UNIVERSITY                  ,PA,19114-2094,Private      ,40,194,234,2144,2020,4164
00327600,IMMACULATA UNIVERSITY                   ,PA,19345-0647,Private      ,16,180,196,1578,1972,3550
00327700,INDIANA UNIVERSITY OF PENNSYLVANIA      ,PA,15705-1097,Public       ,205,208,413,14456,4019,18475
00327900,JUNIATA COLLEGE                         ,PA,16652-2196,Private      ,11,3,14,2306,84,2390
00328000,KEYSTONE COLLEGE                        ,PA,18440-0200,Private      ,40,64,104,1640,939,2579
00328200,KINGS COLLEGE                           ,PA,18711-0801,Private      ,23,52,75,2997,638,3635
00328300,LACKAWANNA COLLEGE                      ,PA,18509-9961,Private      ,80,111,191,1630,1200,2830
00328400,LAFAYETTE COLLEGE                       ,PA,18042-1768,Private      ,64,8,72,3832,103,3935
00328500,LANCASTER BIBLE COLLEGE                 ,PA,17601-5036,Private      ,12,50,62,672,521,1193
00328600,LANCASTER THEOLOGICAL SEMINARY          ,PA,17603-0000,Private      ,0,5,5,1,121,122
00328700,LASALLE UNIVERSITY                      ,PA,19141-1199,Private      ,76,269,345,5820,3895,9715
00328800,LEBANON VALLEY COLLEGE                  ,PA,17003-1400,Private      ,16,8,24,2634,286,2920
00328900,LEHIGH UNIVERSITY                       ,PA,18015-1588,Private      ,106,45,151,7730,987,8717
00329000,LINCOLN UNIVERSITY                      ,PA,19352-0999,Public       ,82,96,178,3855,1349,5204
00329100,LUTHERAN THEOLOG SEMINARY-GETTYSBRG     ,PA,17325-0000,Private      ,0,5,5,2,148,150
00329200,LUTHERAN THEOLOGICAL SEMINARY           ,PA,19119-0000,Private      ,0,13,13,2,221,223
00329300,LYCOMING COLLEGE                        ,PA,17701-5192,Private      ,17,10,27,2013,168,2181
00329400,MANOR COLLEGE                           ,PA,19046-3399,Private      ,17,52,69,579,600,1179
00329600,MARYWOOD UNIVERSITY                     ,PA,18509-1598,Private      ,30,79,109,2885,1687,4572
00329700,MERCYHURST COLLEGE                      ,PA,16546-0001,Private      ,93,121,214,4101,1923,6024
00329800,MESSIAH COLLEGE                         ,PA,17027-0800,Private      ,44,24,68,3364,278,3642
00330000,MOORE COLLEGE OF ART & DESIGN           ,PA,19103-1179,Private      ,14,18,32,759,290,1049
00330100,MORAVIAN COLLEGE                        ,PA,18018-6650,Private      ,16,27,43,2304,314,2618
00330101,MORAVIAN THEOLOGICAL SEMINARY           ,PA,18018-0000,Private      ,0,8,8,21,77,98
00330200,MOUNT ALOYSIUS COLLEGE                  ,PA,16630-1999,Private      ,13,60,73,1322,863,2185
00330300,CARLOW COLLEGE                          ,PA,15213-3165,Private      ,19,155,174,1223,1969,3192
00330400,MUHLENBERG COLLEGE                      ,PA,18104-5586,Private      ,24,26,50,3514,355,3869
00330600,VALLEY FORGE CHRISTIAN COLLEGE          ,PA,19460-2399,Private      ,18,13,31,882,268,1150
00330900,PEIRCE COLLEGE                          ,PA,19102-4699,Private      ,28,216,244,333,2435,2768
00331100,PENNSYLVANIA COLLEGE OF OPTOMETRY       ,PA,19027-1598,Private      ,0,9,9,11,956,967
00331300,WIDENER UNIVERSITY                      ,PA,19013-5792,Private      ,41,127,168,4296,2430,6726
00331302,WIDENER UNIV SCH OF LAW- HARRISBURG     ,PA,17106-9381,Private      ,0,8,8,12,793,805
00331500,BLOOMSBURG UNIVERSITY OF PA             ,PA,17815-1301,Public       ,171,122,293,12450,2176,14626
00331600,CALIFORNIA UNIV OF PENNSYLVANIA         ,PA,15419-1394,Public       ,114,374,488,7321,4644,11965
00331700,CHEYNEY UNIVERSITY OF PENNSYLVANIA      ,PA,19319-0200,Public       ,59,56,115,2377,1025,3402
00331800,CLARION UNIVERSITY OF PENNSYLVANIA      ,PA,16214-1232,Public       ,90,178,268,5660,2603,8263
00332000,EAST STROUDSBURG UNIVERSITY             ,PA,18301-2999,Public       ,120,138,258,8110,1915,10025
00332100,EDINBORO UNIVERSITY OF PENNSYLVANIA     ,PA,16444-0001,Public       ,102,222,324,6673,3746,10419
00332200,KUTZTOWN UNIVERSITY OF PENNSYLVANIA     ,PA,19530-9339,Public       ,177,134,311,11863,2347,14210
00332300,LOCK HAVEN UNIV OF PENNSYLVANIA         ,PA,17745-2439,Public       ,97,87,184,5949,1451,7400
00332400,MANSFIELD UNIVERSITY                    ,PA,16933-1123,Public       ,56,81,137,3228,1199,4427
00332500,MILLERSVILLE UNIVERSITY OF PA           ,PA,17551-1800,Public       ,133,135,268,8841,2445,11286
00332600,SHIPPENSBURG UNIVERSITY                 ,PA,17257-2299,Public       ,94,100,194,8455,1681,10136
00332700,SLIPPERY ROCK UNIVERSITY                ,PA,16057-1326,Public       ,102,161,263,8834,2240,11074
00332800,WEST CHESTER UNIVERSITY                 ,PA,19383-0001,Public       ,212,270,482,15968,4214,20182
00332900,PENN STATE UNIVERSITY                   ,PA,16802-1503,Public       ,1063,1619,2682,72888,25529,98417
00335000,UNIVERSITY OF THE ARTS (THE)            ,PA,19102-9493,Private      ,64,32,96,3227,633,3860
00335100,PHILADELPHIA BIBLICAL UNIVERSITY        ,PA,19047-2942,Private      ,15,38,53,951,544,1495
00335200,PHILADELPHIA CLG OSTEOPATHIC MED        ,PA,19131-0000,Private      ,0,27,27,20,2867,2887
00335300,UNIVERSITY OF THE SCIENCES IN PHILADELPH,PA,19104-4495,Private      ,32,32,64,3603,997,4600
00335400,PHILADELPHIA UNIVERSITY                 ,PA,19144-5497,Private      ,55,103,158,4274,1468,5742
00335600,PITTSBURGH THEOLOGICAL SEMINARY         ,PA,15206-0000,Private      ,1,10,11,1,239,240
00335700,POINT PARK UNIVERSITY                   ,PA,15222-1912,Private      ,60,172,232,3431,2393,5824
00335800,REFORMED PRESBYTERIAN THEOL SEMINAR     ,PA,15208-0000,Private      ,0,2,2,0,31,31
00335900,ROBERT MORRIS UNIVERSITY                ,PA,15108-1189,Private      ,66,150,216,4734,2120,6854
00336000,ROSEMONT COLLEGE                        ,PA,19010-1699,Private      ,10,68,78,734,566,1300
00336200,SETON HILL UNIVERSITY                   ,PA,15601-1599,Private      ,24,54,78,2014,1014,3028
00336400,ST. CHARLES BORROMEO SEMINARY           ,PA,19096-0000,Private      ,2,3,5,49,59,108
00336600,SAINT FRANCIS UNIVERSITY                ,PA,15940-0600,Private      ,40,38,78,2014,675,2689
00336700,SAINT JOSEPH'S UNIVERSITY               ,PA,19131-1395,Private      ,90,351,441,6428,3167,9595
00336800,ST VINCENT COLLEGE                      ,PA,15650-2690,Private      ,17,20,37,2082,331,2413
00336900,SUSQUEHANNA UNIVERSITY                  ,PA,17870-1001,Private      ,18,3,21,3163,134,3297
00337000,SWARTHMORE COLLEGE                      ,PA,19081-1397,Private      ,54,6,60,3854,102,3956
00337100,TEMPLE UNIVERSITY                       ,PA,19122-6003,Private      ,421,440,861,28830,9024,37854
00337101,TEMPLE UNIV - SCHOOL OF LAW             ,PA,19122-0000,Private      ,4,27,31,75,2806,2881
00337102,TEMPLE UNIV - SCHOOL OF MEDICINE        ,PA,19140-0000,Private      ,11,21,32,173,1575,1748
00337103,TEMPLE UNIV - SCHOOL OF DENTISTRY       ,PA,19140-0000,Private      ,2,4,6,37,618,655
00337104,TEMPLE UNIV - AMBLER CAMPUS             ,PA,19002-0000,Private      ,15,45,60,791,741,1532
00337105,TEMPLE UNIV - SCH OF ALLIED HEALTH      ,PA,19140-0000,Private      ,9,26,35,487,603,1090
00337106,TEMPLE UNIV - SCHOOL OF PHARMACY        ,PA,19140-0000,Private      ,5,11,16,235,751,986
00337107,TEMPLE UNIV - TYLER SCHOOL OF ART       ,PA,19122-0000,Private      ,19,19,38,1405,578,1983
00337108,TEMPLE UNIV - GRAD DIV HEALTH SCI       ,PA,19140-0000,Private      ,4,26,30,156,762,918
00337109,TEMPLE UNIV - GRADUATE DIVISION         ,PA,19122-0000,Private      ,8,148,156,154,3412,3566
00337111,TEMPLE UNIV-SCH OF PODIATRIC MED        ,PA,19107-0000,Private      ,0,0,0,7,445,452
00337600,THIEL COLLEGE                           ,PA,16125-2181,Private      ,18,11,29,1566,188,1754
00337800,UNIVERSITY OF PENNSYLVANIA              ,PA,19104-6216,Private      ,337,352,689,18487,13388,31875
00337900,UNIVERSITY OF PITTSBURGH                ,PA,15260-0000,Public       ,354,600,954,27404,11543,38947
00337906,UNIVERSITY OF PITTSBURGH - SCHOOL OF MED,PA,15261-0001,Public       ,6,11,17,238,1266,1504
00337907,UNIVERSITY OF PITTSBURGH - SCHOOL OF DEN,PA,15261-2523,Public       ,5,13,18,279,773,1052
00338400,UNIVERSITY OF SCRANTON                  ,PA,18510-4622,Private      ,51,173,224,6834,1874,8708
00338500,URSINUS COLLEGE                         ,PA,19426-2562,Private      ,31,5,36,3563,106,3669
00338600,VALLEY FORGE MILITARY COLLEGE           ,PA,19087-3695,Private      ,11,0,11,436,51,487
00338800,VILLANOVA UNIVERSITY                    ,PA,19085-1699,Private      ,151,237,388,12076,2831,14907
00338801,VILLANOVA UNIV SCH OF LAW               ,PA,19085-0000,Private      ,2,16,18,36,1865,1901
00338900,WASHINGTON & JEFFERSON COLLEGE          ,PA,15301-4801,Private      ,20,3,23,2674,68,2742
00339100,WAYNESBURG UNIVERSITY                   ,PA,15370-1222,Private      ,12,84,96,2073,947,3020
00339200,WESTMINSTER COLLEGE                     ,PA,16172-0002,Private      ,16,8,24,2635,127,2762
00339300,WESTMINSTER THEOLOGICAL SEMINARY        ,PA,19038-0000,Private      ,0,8,8,2,268,270
00339400,WILKES UNIVERSITY                       ,PA,18766-0998,Private      ,38,115,153,3020,1206,4226
00339500,PENNSYLVANIA COLLEGE OF TECHNOLOGY      ,PA,17701-5779,Public       ,107,214,321,5408,2737,8145
00339600,WILSON COLLEGE                          ,PA,17201-1285,Private      ,8,43,51,465,517,982
00339900,YORK COLLEGE OF PENNSYLVANIA            ,PA,17405-7199,Private      ,116,96,212,8421,1326,9747
00398600,DESALES UNIVERSITY                      ,PA,18034-9568,Private      ,30,106,136,2321,1284,3605
00398700,LA ROCHE COLLEGE                        ,PA,15237-5898,Private      ,23,36,59,1100,499,1599
00398800,NEUMANN UNIVERSITY                      ,PA,19014-1298,Private      ,43,76,119,3044,1191,4235
00405800,GRATZ COLLEGE                           ,PA,19027-3097,Private      ,0,14,14,8,140,148
00445200,MONTGOMERY COUNTY COMMUNITY COLLEGE     ,PA,19422-6300,Public       ,278,608,886,4761,5671,10432
00488700,BRANDYWINE SCHOOL OF NURSING            ,PA,19320-1536,Proprietary  ,0,0,0,14,30,44
00488900,CAMBRIA-ROWE BUSINESS COLLEGE           ,PA,15902-2494,Proprietary  ,4,37,41,148,336,484
00489000,CENTRAL PENNSYLVANIA COLLEGE            ,PA,17093-0309,Proprietary  ,50,100,150,1335,1390,2725
00489300,DU BOIS BUSINESS COLLEGE                ,PA,15801-2401,Proprietary  ,8,42,50,193,392,585
00489400,ERIE BUSINESS CENTER                    ,PA,16501-1305,Proprietary  ,12,41,53,83,431,514
00489401,ERIE BUSINESS CENTER - NEW CASTLE CAMPUS,PA,16101-3950,Proprietary  ,5,13,18,26,115,141
00489800,MCCANN SCHOOL OF BUSINESS & TECHNOL     ,PA,17901-1335,Proprietary  ,122,409,531,1345,3606,4951
00489807,MCCANN SCHOOL OF BUSINESS & TECHNOLOGY -,PA,17013-3180,Proprietary  ,1,6,7,19,42,61
00489900,MERCY HOSP SCH OF NURSING               ,PA,15219-5166,Private      ,1,11,12,94,214,308
00490100,NEWPORT BUSINESS INSTITUTE              ,PA,15068-3929,Proprietary  ,2,6,8,29,99,128
00490200,PENN COMMERCIAL BUSINESS/TECHNICAL SCHL ,PA,15301-2871,Proprietary  ,18,61,79,259,535,794
00491000,KAPLAN CAREER INSTITUTE                 ,PA,17111-3571,Proprietary  ,14,110,124,357,1097,1454
00491001,THOMPSON INSTITUTE-PHILADEPHIA CAMPUS   ,PA,19104-3386,Proprietary  ,43,149,192,326,1110,1436
00491400,NEWPORT BUSINESS INSTITUTE              ,PA,17701-5855,Proprietary  ,1,15,16,21,182,203
00500701,WEST VIRGINIA CAREER INSTITUTE          ,PA,15456-0000,Proprietary  ,6,29,35,76,191,267
00531000,PITTSBURGH INST OF AERONAUTICS          ,PA,15236-0000,Private      ,15,26,41,265,195,460
00533000,FAYETTE CNTY AREA VOC TECH PRC NRSG     ,PA,15401-0000,Public       ,5,15,20,24,84,108
00533500,CENTRAL PENN INST OF SCI & TECH PNP     ,PA,16823-0000,Public       ,8,18,26,81,188,269
00536500,YORK CO AREA VOC-TECH SCH-PRAC NSG      ,PA,17402-0000,Public       ,3,36,39,32,191,223
00594600,SCHOOL OF RADIOLOGIC TECHNOLOGY AT ST. C,PA,19134-1995,Proprietary  ,0,7,7,27,61,88
00653400,CITIZENS SCHOOL OF NURSING              ,PA,15068-6591,Private      ,1,6,7,110,172,282
00653700,CONEMAUGH VLY MEM HOSP SCH NRSNG        ,PA,15905-4398,Private      ,0,6,6,85,97,182
00653702,CONEMAUGH HOSP- SCH HISTOTECHNOLOGY     ,PA,15905-0000,Private      ,4,1,5,14,9,23
00653704,CONEMAUGH VLY MEM HOSP SCH RAD TECH     ,PA,15905-0000,Private      ,0,1,1,29,18,47
00653706,CONEMAUGH VLY MEM HOSP SCH  MED TECH    ,PA,15905-4398,Private      ,0,2,2,6,14,20
00653900,EPISCOPAL HOSPITAL SCHL OF NURSING      ,PA,19125-1000,Private      ,0,0,0,12,14,26
00655100,ST MARGARET SCHL OF NURSING             ,PA,15238-3205,Private      ,5,12,17,75,218,293
00656000,OHIO VALLEY HOSP SCH OF NURSING         ,PA,15136-1694,Private      ,2,1,3,34,68,102
00656500,READING HOSPITAL SCHOOL OF HEALTH SCIENC,PA,19611-1744,Private      ,8,22,30,208,355,563
00657400,"ST LUKE'S HOSPITAL OF BETHLEHEM, PA     ",PA,18015-1065,Private      ,3,21,24,51,181,232
00657600,SEWICKLEY VALLEY HOSP SCH NRSNG         ,PA,15143-1498,Private      ,1,1,2,46,61,107
00657700,UPMC SHADYSIDE SCHOOL OF NURSING        ,PA,15232-1381,Private      ,8,43,51,158,450,608
00657800,SHARON REGIONAL SCHOOL OF NURSING       ,PA,16146-3395,Private      ,0,1,1,15,61,76
00658200,WASHINGTON HOSP SCH OF NURSING          ,PA,15301-3398,Private      ,0,6,6,61,138,199
00658202,WASHINGTON HOSP SCH OF RAD TECH         ,PA,15301-3398,Private      ,0,3,3,19,25,44
00658300,WESTERN PENN HOSP-SCH OF NURSING        ,PA,15224-1790,Private      ,2,6,8,108,151,259
00680700,COMMUNITY COLLEGE OF BEAVER COUNTY      ,PA,15061-2588,Public       ,58,179,237,1358,1734,3092
00681000,LEHIGH CARBON COMMUNITY COLLEGE         ,PA,18078-2598,Public       ,174,440,614,3178,4044,7222
00681100,LUZERNE COUNTY COMMUNITY COLLEGE        ,PA,18634-3899,Public       ,160,384,544,3626,4065,7691
00708700,ABINGTON MEM HOSP SCHL OF NURSING       ,PA,19090-1284,Private      ,6,20,26,121,361,482
00709100,EVEREST INSTITUTE                       ,PA,15222-1320,Proprietary  ,30,147,177,246,1124,1370
00711000,DELAWARE COUNTY COMMUNITY COLLEGE       ,PA,19063-1094,Public       ,412,830,1242,5201,6561,11762
00719100,NORTHAMPTON COMMUNITY COLLEGE           ,PA,18020-7599,Public       ,357,685,1042,5994,6115,12109
00732955,ITT TECHNICAL INSTITUTE                 ,PA,19406-1212,Proprietary  ,64,125,189,407,641,1048
00739802,KATHERINE GIBBS-PHILADELPHIA            ,PA,19403-2422,Proprietary  ,0,0,0,0,1,1
00743000,ANTONELLI INST OF ART & PHOTOGRAPHY     ,PA,19038-8242,Proprietary  ,2,2,4,141,20,161
00743600,KAPLAN CAREER INSTITUTE - ICM CAMPUS    ,PA,15222-1977,Proprietary  ,36,144,180,501,1492,1993
00743700,PITTSBURGH TECHNICAL INSTITUTE          ,PA,15071-3205,Proprietary  ,62,77,139,2340,1069,3409
00746900,"HUSSIAN SCHOOL OF ART, INC.             ",PA,19106-0000,Proprietary  ,4,4,8,159,27,186
00747000,"ART INSTITUTE OF PITTSBURGH, THE        ",PA,15219-1328,Proprietary  ,767,5747,6514,6964,31973,38937
00752900,CTR ART TCH BRDYWN CMPS PRC NRS PRG     ,PA,19320-2459,Public       ,5,20,25,38,167,205
00775900,LINCOLN TECHNICAL INSTITUTE             ,PA,18104-3298,Proprietary  ,50,143,193,418,852,1270
00777900,LANSDALE SCHOOL OF BUSINESS             ,PA,19454-4114,Proprietary  ,11,55,66,132,559,691
00778000,NEW CASTLE SCHOOL OF TRADES             ,PA,16143-9721,Proprietary  ,32,136,168,275,809,1084
00778100,CHI INSTITUTE/RETS CAMPUS               ,PA,19008-3516,Proprietary  ,40,105,145,254,697,951
00783200,LINCOLN TECH INSTITUTE                  ,PA,19136-1595,Proprietary  ,46,89,135,500,565,1065
00783900,TRIANGLE TECH                           ,PA,15214-3897,Proprietary  ,10,40,50,214,353,567
00791200,THADDEUS STEVENS CLG OF TECHNOLOGY      ,PA,17602-0000,Public       ,17,18,35,1092,440,1532
00791600,FRANKLIN CNTY CAREER & TECH CTR-PNP     ,PA,17201-0000,Public       ,5,23,28,25,79,104
00820000,JAMESON MEMORIAL HOSP SCH NURSING       ,PA,16105-2595,Private      ,0,5,5,34,103,137
00826301,AWARD BEAUTY SCHOOL - CHAMBERSBURG BEAUT,PA,17201-2435,Proprietary  ,0,0,0,5,4,9
00835000,ART INSTITUTE OF PHILADELPHIA           ,PA,19103-5198,Proprietary  ,236,278,514,4040,2808,6848
00844100,ANTHEM INSTITUTE                        ,PA,19064-1243,Proprietary  ,49,164,213,261,873,1134
00856800,VET TECH INSTITUTE                      ,PA,15222-3400,Proprietary  ,16,21,37,334,184,518
00865300,JEFFERSON CO DUBOIS VOC TECH-PR NSG     ,PA,15851-0000,Public       ,0,1,1,34,52,86
00888900,LEHIGH VALLEY COLLEGE                   ,PA,18034-8447,Proprietary  ,0,0,0,30,10,40
00895500,PRUONTOS HAIR DESIGN INSTITUTE          ,PA,16602-0000,Proprietary  ,4,5,9,17,37,54
00915705,WYOMING TECHNICAL INSTITUTE - BLAIRSVILL,PA,15717-8060,Proprietary  ,147,212,359,1853,1541,3394
00918600,DEAN INSTITUTE OF TECHNOLOGY            ,PA,15226-1197,Proprietary  ,5,12,17,46,166,212
00944900,PENNCO TECH                             ,PA,19007-0000,Proprietary  ,49,135,184,331,722,1053
00966400,EMPIRE BEAUTY SCHOOL                    ,PA,18052-5730,Proprietary  ,10,37,47,148,312,460
00966500,EMPIRE BEAUTY SCHOOL                    ,PA,17109-2210,Proprietary  ,13,32,45,96,221,317
00966600,EMPIRE BEAUTY SCHOOL                    ,PA,19605-2803,Proprietary  ,18,38,56,135,305,440
00972100,BRADFORD SCHOOL                         ,PA,15219-2602,Proprietary  ,10,11,21,755,174,929
00972300,ARIA HEALTH SCHOOL OF NURSING           ,PA,19124-2696,Private      ,16,46,62,202,392,594
00978300,GORDON PHILLIPS SCH OF BEAUTY CULT      ,PA,19135-0000,Proprietary  ,30,82,112,221,533,754
00986300,LANCASTER GENERAL COLLEGE OF NURSING AND,PA,17602-4955,Private      ,9,44,53,520,855,1375
01000600,GREATER JOHNSTOWN AREA VOC TECH SCH     ,PA,15904-0000,Public       ,9,26,35,83,317,400
01005500,CRAWFORD CNTY AREA VO-TECH PRAC NUR     ,PA,16335-0000,Public       ,0,0,0,11,35,46
01017600,WESTMORELAND COUNTY COMMUNITY CLG       ,PA,15697-1895,Public       ,167,406,573,3047,3897,6944
01038800,READING AREA COMMUNITY COLLEGE          ,PA,19603-1706,Public       ,211,555,766,2290,4411,6701
01054100,EMPIRE BEAUTY SCHOOL                    ,PA,15146-2229,Proprietary  ,22,39,61,127,284,411
01054200,EMPIRE BEAUTY SCHOOL                    ,PA,18701-0000,Proprietary  ,24,51,75,162,288,450
01054300,EMPIRE BEAUTY SCHOOL                    ,PA,17701-3914,Proprietary  ,9,36,45,103,214,317
01081400,PITTSBURGH INST MORTUARY SCIENCE        ,PA,15206-3706,Private      ,3,22,25,96,244,340
01086000,GREATER ALTOONA CAREER/TECH CENTER      ,PA,16602-0000,Public       ,5,7,12,60,220,280
01096300,GREENE COUNTY VOC-TECH SCHOOL           ,PA,15370-0000,Public       ,0,0,0,10,32,42
01097000,EMPIRE BEAUTY SCHOOL                    ,PA,17042-5209,Proprietary  ,2,5,7,32,80,112
01099800,PENNSYLVANIA INSTITUTE OF TECH          ,PA,19063-4098,Private      ,55,140,195,603,1082,1685
01102000,EMPIRE BEAUTY SCHOOL                    ,PA,17604-4335,Proprietary  ,20,56,76,128,279,407
01102100,EMPIRE BEAUTY SCHOOL                    ,PA,17402-2862,Proprietary  ,26,72,98,142,462,604
01162100,AUTOMOTIVE TRAINING CENTER              ,PA,19341-1310,Proprietary  ,51,45,96,665,353,1018
01162200,WELDER TRAINING & TESTING INST          ,PA,18109-3253,Proprietary  ,2,22,24,32,94,126
01163800,EMPIRE BEAUTY SCHOOL                    ,PA,17876-0000,Proprietary  ,3,4,7,39,54,93
01171500,SCHUYLKILL HEALTH SCHOOL OF NURSING     ,PA,17901-3692,Private      ,1,2,3,50,40,90
01191900,BEAVER FALLS BEAUTY ACADEMY             ,PA,15010-4208,Proprietary  ,4,10,14,27,52,79
01205000,ROSEDALE TECHNICAL INSTITUTE            ,PA,15205-9791,Private      ,19,31,50,229,318,547
01239300,THOMAS JEFF UNIV-CLG ALLIED HEALTH      ,PA,19107-0000,Private      ,1,29,30,293,1132,1425
01239301,THOMAS JEFFERSON UNIVERSITY - JEFFERSON ,PA,19107-5001,Private      ,3,48,51,231,1832,2063
01239303,THOMAS JEFFERSON UNIVERSITY - COLLEGE OF,PA,19107-6731,Private      ,6,56,62,216,1143,1359
01246104,LINCOLN TECHNICAL INSTITUTE             ,PA,19104-0202,Proprietary  ,99,317,416,499,1285,1784
01246105,LINCOLN TECHNICAL INSTITUTE             ,PA,19116-4202,Proprietary  ,27,68,95,261,538,799
01252300,TALMUDICAL YESHIVA OF PHILA             ,PA,19131-1296,Private      ,7,0,7,38,1,39
01260500,EMPIRE BEAUTY SCHOOL                    ,PA,17331-2405,Proprietary  ,20,47,67,85,187,272
01260600,EMPIRE BEAUTY SCHOOL                    ,PA,17901-2505,Proprietary  ,15,81,96,135,485,620
01260700,EMPIRE BEAUTY SCHOOL                    ,PA,16801-5218,Proprietary  ,1,9,10,19,51,70
01292900,SOUTH HILLS BEAUTY ACADEMY              ,PA,15216-2335,Proprietary  ,9,21,30,42,82,124
01301500,GORDON PHILLIPS SCH BEAUTY CULTURE      ,PA,19102-2701,Proprietary  ,39,115,154,312,757,1069
01313400,YESHIVATH BETH MOSHE                    ,PA,18505-2196,Private      ,29,0,29,44,1,45
01321400,ROXBOROUGH MEM HOSP SCH OF NURSING      ,PA,19128-0000,Proprietary  ,0,8,8,66,200,266
01326300,SOUTH HILLS SCHOOL OF BUSINESS & TECHNOL,PA,16801-4516,Proprietary  ,20,39,59,552,624,1176
01326304,SOUTH HILLS SCHOOL OF BUSINESS & TECHNOL,PA,16602-1188,Proprietary  ,0,0,0,10,16,26
02061000,VENUS BEAUTY ACADEMY                    ,PA,19079-0000,Proprietary  ,6,14,20,51,62,113
02068300,DOUGLAS SCHOOL OF BUSINESS              ,PA,15062-0000,Proprietary  ,6,20,26,279,327,606
02090200,TRIANGLE TECH                           ,PA,16502-0000,Proprietary  ,5,23,28,113,194,307
02092500,LAUREL TECHNICAL INSTITUTE              ,PA,16146-0000,Proprietary  ,5,29,34,112,400,512
02092502,BUSINESS INSTITUTE OF PENNSYLVANIA      ,PA,16335-0000,Proprietary  ,0,1,1,15,28,43
02107300,PENNSYLVANIA ACADEMY OF FINE ARTS       ,PA,19102-1424,Private      ,9,11,20,297,280,577
02112200,GREAT LAKES INSTITUTE OF TECHNOLOGY     ,PA,16509-0000,Proprietary  ,21,73,94,276,589,865
02114200,JOHNSON COLLEGE                         ,PA,18508-0000,Private      ,18,24,42,505,309,814
02116001,SANFORD-BROWN INSTITUTE - TREVOSE       ,PA,19053-4700,Proprietary  ,52,151,203,414,1421,1835
02118000,LEVITTOWN BEAUTY ACADEMY LLC            ,PA,19054-1713,Proprietary  ,2,11,13,26,36,62
02119300,PA ACAD OF COSMETOLOGY ARTS & SCI       ,PA,15904-0000,Proprietary  ,10,18,28,56,72,128
02119301,PA ACAD OF COSMTLGY ARTS & SCI          ,PA,15801-0000,Proprietary  ,0,0,0,4,2,6
02120800,"YORKTOWNE BUSINESS INSTITUTE, INC.      ",PA,17404-0000,Proprietary  ,9,30,39,134,322,456
02127400,YORK TECHNICAL INSTITUTE                ,PA,17402-0000,Proprietary  ,108,246,354,1368,2119,3487
02129000,TRIANGLE TECH                           ,PA,15601-0000,Proprietary  ,23,28,51,286,304,590
02129001,TRIANGLE TECH - BUSINESS CAREERS INSTITU,PA,15601-3304,Proprietary  ,0,1,1,8,11,19
02144000,"VISION ACADEMY, THE                     ",PA,18103-0000,Proprietary  ,10,24,34,44,83,127
02149000,EMPIRE BEAUTY SCHOOL                    ,PA,19341-2804,Proprietary  ,25,66,91,111,237,348
02151500,CENTRAL SUSQUEHANNA LPN CENTER          ,PA,17837-8818,Public       ,2,11,13,36,186,222
02152105,ACADEMY OF COURT REPORTING AND TECHNOLOG,PA,15222-1710,Proprietary  ,0,8,8,27,144,171
02153500,OAKBRIDGE ACADEMY OF ARTS               ,PA,15068-0000,Proprietary  ,2,3,5,79,24,103
02158300,JUNIATA-MIFFLIN CO AREA VOC TECH        ,PA,17044-0000,Public       ,2,2,4,22,58,80
02161400,NORTHEASTERN HOSP SCH OF NRSG           ,PA,19134-0000,Private      ,5,15,20,56,206,262
02169600,CLEARFIELD CTY CAREER AND TECH CNTR     ,PA,16830-0000,Public       ,3,7,10,50,122,172
02174400,TRIANGLE TECH                           ,PA,15801-0000,Proprietary  ,14,29,43,316,416,732
02178900,ACADEMY OF HAIR DESIGN                  ,PA,18202-1465,Proprietary  ,2,8,10,15,50,65
02183000,ORLEANS TECHNICAL INSTITUTE             ,PA,19111-0000,Private      ,39,146,185,204,626,830
02192800,WALNUT HILL COLLEGE                     ,PA,19104-0000,Proprietary  ,21,25,46,439,314,753
02202300,SANFORD-BROWN INSTITUTE                 ,PA,15219-1907,Proprietary  ,36,153,189,349,1186,1535
02202301,SANFORD-BROWN INSTITUTE                 ,PA,15146-2141,Proprietary  ,21,79,100,170,695,865
02203900,ERIE INSTITUTE OF TECHNOLOGY            ,PA,16565-1002,Proprietary  ,7,70,77,125,402,527
02206200,AMBLER BEAUTY ACADEMY                   ,PA,19002-0000,Proprietary  ,15,45,60,67,114,181
02206300,STROUDSBURG SCHOOL OF COSMETOLOGY       ,PA,18360-0000,Proprietary  ,9,10,19,37,45,82
02212700,LANCASTER SCHOOL OF COSMETOLOGY         ,PA,17602-0000,Proprietary  ,12,30,42,48,124,172
02234200,ACADEMY OF MEDICAL ARTS & BUSINESS      ,PA,17112-0000,Proprietary  ,25,62,87,201,480,681
02251200,SCHUYLKILL COUNTY AREA VOC TECH SCH     ,PA,17931-0000,Public       ,2,10,12,25,96,121
02251202,SCHUYLKILL COUNTY AREA VOC TECH SCH     ,PA,17931-0000,Public       ,2,11,13,19,46,65
02253900,BERKS TECHNICAL INSTITUTE               ,PA,19610-0000,Proprietary  ,39,103,142,658,989,1647
02255200,PENNSYLVANIA SCHOOL OF BUSINESS         ,PA,18101-1604,Proprietary  ,25,100,125,180,718,898
02269900,PENNSYLVANIA COLLEGE OF ART & DESIGN    ,PA,17603-3528,Private      ,10,0,10,445,88,533
02270500,BUCKS COUNTY SCHOOL OF BEAUTY CULT      ,PA,19053-0000,Proprietary  ,8,10,18,38,38,76
02273400,RECONSTRUCTIONIST RABBINICAL COLLEG     ,PA,19095-0000,Private      ,0,0,0,0,27,27
02276600,HANOVER PUBLIC SCH DIST PRAC NURSG      ,PA,17331-0000,Public       ,3,13,16,15,55,70
02282500,LENAPE SCHOOL OF PRACTICAL NURSING      ,PA,16226-0000,Public       ,4,18,22,37,198,235
02288800,EMPIRE BEAUTY SCHOOL                    ,PA,18974-4508,Proprietary  ,24,70,94,62,151,213
02289500,PACE INSTITUTE                          ,PA,19601-0000,Proprietary  ,9,38,47,79,325,404
02289600,CONSOLIDATED SCHOOL OF BUSINESS         ,PA,17404-0000,Proprietary  ,5,23,28,38,225,263
02289700,ACADEMY OF CREATIVE HAIR DESIGN         ,PA,18702-0000,Proprietary  ,19,38,57,72,156,228
02289800,CHI INSTITUTE - FRANKLIN MILLS          ,PA,19154-0000,Proprietary  ,45,123,168,475,1145,1620
02290400,"ALTOONA BEAUTY SCHOOL, INC              ",PA,16602-0000,Proprietary  ,7,8,15,35,71,106
02292700,LANSDALE SCHOOL OF COSMETOLOGY          ,PA,19446-0000,Proprietary  ,2,0,2,40,35,75
02299300,TRINITY EPISCOPAL SCHOOL MINISTRY       ,PA,15003-0000,Private      ,0,3,3,1,90,91
02301300,PJA SCHOOL (THE)                        ,PA,19082-1917,Proprietary  ,26,180,206,136,706,842
02304400,YTI CAREER INSTITUTE - MECHANICSBURG    ,PA,17055-0000,Proprietary  ,20,36,56,171,322,493
02306200,VENANGO COUNTY AREA VOC TECH SCHOOL     ,PA,16301-0000,Public       ,1,0,1,18,53,71
02310800,LANCASTER COUNTY CAREER & TECH CTR      ,PA,17584-0000,Public       ,16,50,66,152,507,659
02323000,BIBLICAL THEOLOGICAL SEMINARY           ,PA,19440-2421,Private      ,0,9,9,0,71,71
02330300,LEBANON CO CAREER & TECHNOLOGY CTR      ,PA,17042-0000,Public       ,1,5,6,35,145,180
02330600,PENNSYLVANIA GUNSMITH SCHOOL            ,PA,15202-0000,Proprietary  ,7,12,19,58,82,140
02350100,WESTERN AREA CAREER & TECHNOLOGY CT     ,PA,15317-0000,Public       ,1,2,3,20,94,114
02350200,INDIANA COUNTY TECH CTR SCH PR NSG      ,PA,15701-1465,Public       ,1,9,10,37,134,171
02353100,NORTHERN TIER CAREER CENTER             ,PA,18848-0000,Public       ,0,1,1,18,78,96
02362300,MERCER COUNTY AREA VOC TECH SCHOOL      ,PA,16137-0000,Public       ,0,13,13,13,104,117
02492500,DELAWARE VLY ACAD MED DNTL ASSTS        ,PA,19114-0000,Proprietary  ,7,19,26,31,83,114
02492600,EASTERN CTR ARTS AND TECH PR NSG        ,PA,19090-0000,Public       ,4,25,29,23,151,174
02495500,ALL-STATE CAREER SCHOOL                 ,PA,19029-0000,Proprietary  ,55,274,329,254,981,1235
02529800,WILKES BARRE AREA CAREER AND TECHNICAL C,PA,18705-0000,Public       ,1,26,27,51,217,268
02536600,COMMONWEALTH TECH INSTIT @ HIRAM G      ,PA,15905-0000,Public       ,40,14,54,248,126,374
02544300,BUTLER BEAUTY SCHOOL                    ,PA,16001-0000,Proprietary  ,15,19,34,53,109,162
02545000,LAWRENCE COUNTY CAREER AND TECHNICAL CEN,PA,16101-0000,Public       ,1,25,26,15,98,113
02546200,LAUREL BUSINESS INSTITUTE               ,PA,15401-0877,Proprietary  ,6,20,26,186,310,496
02550000,CLARION CO AREA VOC-TECH PRAC NRSG      ,PA,16254-4637,Public       ,1,3,4,16,86,102
02554500,HAZLETON AREA CAREER CENTER PRACTICAL NU,PA,18201-0000,Public       ,3,5,8,26,80,106
02557800,ART INSTITUTE OF YORK (THE) - PENNSYLVAN,PA,17402-9012,Proprietary  ,38,28,66,819,353,1172
02566400,ALBERT EINSTEIN MED CTR DEPT DNTL       ,PA,19141-3098,Private      ,1,2,3,14,47,61
02574800,PENNSYLVANIA INSTITUTE OF TAXIDERMY     ,PA,15931-0000,Proprietary  ,1,5,6,11,32,43
02609500,CAREER TRAINING ACADEMY                 ,PA,15068-6308,Proprietary  ,7,18,25,74,260,334
02609501,CAREER TRAINING ACADEMY                 ,PA,15146-0000,Proprietary  ,1,2,3,8,25,33
02616100,JEAN MADELINE ED CTR FOR COSM           ,PA,19147-1542,Proprietary  ,25,39,64,339,315,654
03006800,LE CORDON BLEU INSTITUTE OF CULINARY ART,PA,15222-3511,Proprietary  ,64,107,171,639,695,1334
03010800,TRI-STATE BUSINESS INSTITUTE            ,PA,16506-1013,Proprietary  ,97,320,417,1002,2861,3863
03011500,FORTIS INSTITUTE                        ,PA,18702-0000,Proprietary  ,14,51,65,182,357,539
03011600,FORTIS INSTITUTE                        ,PA,18509-2903,Proprietary  ,15,47,62,160,423,583
03029900,CONSOLIDATED SCHOOL OF BUSINESS         ,PA,17603-2389,Proprietary  ,5,25,30,56,205,261
03031600,DPT BUSINESS SCHOOL                     ,PA,19116-3961,Proprietary  ,15,99,114,90,470,560
03031601,DPT BUSINESS SCHOOL                     ,PA,19106-0000,Proprietary  ,15,42,57,85,225,310
03067000,ANTONELLI MEDICAL & PROF INST           ,PA,19464-9244,Proprietary  ,3,17,20,27,87,114
03072400,ALL-STATE CAREER SCHOOL                 ,PA,15122-0000,Proprietary  ,11,69,80,41,274,315
03072600,DCI CAREER INSTITUTE                    ,PA,15061-2307,Proprietary  ,1,25,26,32,168,200
03081900,YTI CAREER INSTITUTE - ALTOONA          ,PA,16602-4457,Proprietary  ,17,47,64,177,363,540
03090800,LAKE ERIE COLL OF OSTEOPATHIC MED       ,PA,16509-0000,Private      ,3,10,13,79,3259,3338
03098600,CAREER TECH CTR OF LACKAWANNA CNTY      ,PA,18508-0000,Public       ,3,24,27,45,164,209
03101400,FORBES ROAD CAREER & TECHNOLOGY CTR     ,PA,15146-1550,Public       ,0,1,1,7,14,21
03101500,BIDWELL TRAINING CENTER                 ,PA,15233-2233,Private      ,0,13,13,21,53,74
03103300,JNA INSTITUTE OF CULINARY ARTS          ,PA,19146-3119,Proprietary  ,8,28,36,87,148,235
03109100,METROPOLITAN CAREER CENTER              ,PA,19144-0000,Private      ,3,17,20,51,205,256
03110700,AVIATION INSTITUTE OF MAINTENANCE       ,PA,19114-1017,Proprietary  ,14,53,67,125,430,555
03120400,REGIONAL CAREER & TECHNICAL CENTER      ,PA,16509-4699,Public       ,0,0,0,6,10,16
03128400,DELAWARE COUNTY TECHNICAL SCHOOL        ,PA,19032-1998,Public       ,4,14,18,44,163,207
03180400,PENNSYLVANIA HIGHLANDS COMMUNITY COLLEGE,PA,15904-2927,Public       ,45,103,148,839,870,1709
03236400,LT INTERNATIONAL BEAUTY SCHOOL          ,PA,19130-2235,Proprietary  ,8,31,39,20,91,111
03353300,ACADEMY OF VOCAL ARTS                   ,PA,19103-6685,Private      ,1,5,6,22,55,77
03380301,STAR CAREER ACADEMY - STAR PHILADELPHIA ,PA,19114-2204,Proprietary  ,40,179,219,189,809,998
03439400,NAWCC SCHOOL OF HOROLOGY                ,PA,17512-2130,Private      ,0,1,1,1,17,18
03535300,HUNTINGDON COUNTY CAREER AND TECHNO     ,PA,17060-0905,Public       ,0,1,1,6,34,40
03561400,SUSQUEHANNA COUNTY CAREER & TECHNOL     ,PA,18816-0100,Public       ,1,0,1,11,14,25
03766300,PENNSYLVANIA SCHOOL OF MUSCLE THERAPY   ,PA,19406-3101,Proprietary  ,5,33,38,49,212,261
03781300,PRINCETON INFORMATION TECHNOLOGY CENTER ,PA,19038-4535,Proprietary  ,4,58,62,4,58,62
03899300,CALVARY BAPTIST THEOLOGICAL SEMINARY    ,PA,19446-4718,Private      ,0,1,1,1,61,62
03923300,PRECISION MANUFACTURING INSTITUTE       ,PA,16335-8380,Private      ,1,8,9,14,59,73
03948300,HARRISBURG UNIVERSITY OF SCIENCE AND TEC,PA,17101-2116,Private      ,7,30,37,304,229,533
03949300,WON INSTITUTE OF GRADUATE STUDIES       ,PA,19038-4535,Private      ,0,1,1,0,38,38
03950500,NORTHWEST REGIONAL TECHNOLOGY INSTITUTE ,PA,16508-2820,Proprietary  ,1,22,23,6,57,63
03952300,NATIONAL MASSAGE THERAPY INSTITUTE      ,PA,19116-3965,Proprietary  ,37,177,214,159,683,842
04024300,EDUCATION AND TECHNOLOGY INSTITUTE      ,PA,15601-9214,Private      ,0,4,4,10,47,57
04118000,BYZANTINE CATHOLIC SEMINARY OF SAINTS CY,PA,15214-2229,Private      ,0,1,1,0,7,7
04119900,PENNSYLVANIA MYOTHERAPY INSTITUTE       ,PA,17350-8426,Proprietary  ,0,1,1,3,20,23
04127500,CAREER DEVELOPMENT & EMPLOYMENT         ,PA,18702-5253,Proprietary  ,0,19,19,6,78,84
04137100,KIMBERLY'S BEAUTY SCHOOL                ,PA,19134-0000,Proprietary  ,0,3,3,12,47,59
04138300,INTERNATIONAL BEAUTY ACADEMY            ,PA,19149-2710,Proprietary  ,3,14,17,16,65,81
04145800,PULSE BEAUTY ACADEMY A PAUL MITCHELL PAR,PA,19335-0000,Proprietary  ,14,13,27,74,72,146
04149800,SOMERSET COUNTY TECHNOLOGY CENTER       ,PA,15501-1444,Public       ,1,4,5,4,25,29
04151700,BELLA CAPELLI ACADEMY                   ,PA,15146-2388,Proprietary  ,10,6,16,28,25,53
04155100,INSTITUTE OF MEDICAL CAREERS            ,PA,15235-3718,Proprietary  ,1,3,4,1,9,10
04158000,METRO BEAUTY ACADEMY                    ,PA,18106-9693,Proprietary  ,14,30,44,68,123,191
04164900,BARONE BEAUTY ACADEMY                   ,PA,17701-5316,Proprietary  ,3,2,5,20,28,48
04167200,COMMONWEALTH MEDICAL COLLEGE (THE)      ,PA,18503-3251,Private      ,1,4,5,2,21,23
00267813,BRYANT & STRATTON COLLEGE - MIL DOWNTOWN,WI,53203-2608,Proprietary  ,71,305,376,870,3170,4040
00383200,ALVERNO COLLEGE                         ,WI,53234-3922,Private      ,38,176,214,1529,2613,4142
00383500,BELOIT COLLEGE                          ,WI,53511-5595,Private      ,19,14,33,1956,137,2093
00383700,CARDINAL STRITCH UNIVERSITY             ,WI,53217-9884,Private      ,40,628,668,1139,4930,6069
00383800,CARROLL UNIVERSITY                      ,WI,53186-5593,Private      ,39,55,94,3397,851,4248
00383900,CARTHAGE COLLEGE                        ,WI,53141-0000,Private      ,57,71,128,4820,896,5716
00384000,WESTERN TECHNICAL COLLEGE               ,WI,54601-0908,Public       ,141,338,479,2171,2998,5169
00384200,CONCORDIA UNIVERSITY WISCONSIN          ,WI,53097-2402,Private      ,43,439,482,2587,4238,6825
00384800,EDGEWOOD COLLEGE                        ,WI,53711-1958,Private      ,34,90,124,1700,1254,2954
00385000,SILVER LAKE COLLEGE                     ,WI,54220-9319,Private      ,6,34,40,180,456,636
00385400,LAKELAND COLLEGE                        ,WI,53082-0000,Private      ,31,213,244,1181,2186,3367
00385600,LAWRENCE UNIVERSITY                     ,WI,54912-0599,Private      ,31,6,37,2475,104,2579
00386100,MARIAN UNIVERSITY                       ,WI,54935-4699,Private      ,23,129,152,1378,1417,2795
00386300,MARQUETTE UNIVERSITY                    ,WI,53201-1881,Private      ,161,173,334,13701,4741,18442
00386600,MILWAUKEE AREA TECH COLLEGE             ,WI,53233-1443,Public       ,743,2625,3368,6958,18822,25780
00386800,MILWAUKEE SCHOOL OF ENGINEERING         ,WI,53202-3109,Private      ,36,56,92,2760,887,3647
00386900,MOUNT MARY COLLEGE                      ,WI,53222-4597,Private      ,24,103,127,871,1665,2536
00387400,NASHOTAH HOUSE                          ,WI,53058-0000,Private      ,0,7,7,0,40,40
00387500,NORTHLAND COLLEGE                       ,WI,54806-3999,Private      ,12,9,21,672,124,796
00388400,RIPON COLLEGE                           ,WI,54971-0248,Private      ,15,3,18,1405,68,1473
00389200,ST. NORBERT COLLEGE                     ,WI,54115-2002,Private      ,24,7,31,2509,133,2642
00389500,UNIVERSITY OF WISCONSIN-MADISON         ,WI,53715-1382,Public       ,337,393,730,23036,11559,34595
00389600,UNIVERSITY OF WISCONSIN-MILWAUKEE       ,WI,53201-3165,Public       ,513,915,1428,18351,13163,31514
00389700,UNIVERSITY OF WISCONSIN COLLEGES        ,WI,53708-8680,Public       ,138,237,375,3298,2438,5736
00389701,UNIVERSITY OF WISCONSIN-BARABOO         ,WI,53913-1098,Public       ,25,21,46,362,196,558
00389702,UNIVERSITY OF WISCONSIN-BARRON          ,WI,54868-2497,Public       ,12,17,29,326,208,534
00389703,UNIVERSITY OF WISCONSIN-FOND DU LAC     ,WI,54935-2998,Public       ,27,33,60,506,278,784
00389704,UNIVERSITY OF WISCONSIN-FOX VALLEY      ,WI,54952-1297,Public       ,23,51,74,882,519,1401
00389705,UNIVERSITY OF WISCONSIN-MANITOWOC       ,WI,54220-6699,Public       ,17,11,28,294,169,463
00389706,UNIVERSITY OF WISCONSIN-MARATHON        ,WI,54401-5396,Public       ,14,41,55,913,411,1324
00389707,UNIVERSITY OF WISCONSIN-MARINETTE       ,WI,54143-4299,Public       ,9,19,28,248,163,411
00389708,UNIVERSITY OF WISCONSIN-MARSHFIELD      ,WI,54449-3310,Public       ,8,13,21,336,196,532
00389709,UNIVERSITY OF WISCONSIN-RICHLAND        ,WI,53581-1399,Public       ,12,14,26,283,112,395
00389710,UNIVERSITY OF WISCONSIN COLLEGES - ROCK ,WI,53546-5699,Public       ,34,61,95,703,530,1233
00389711,UNIVERSITY OF WISCONSIN-SHEBOYGAN       ,WI,53081-4789,Public       ,24,40,64,492,289,781
00389712,UNIVERSITY OF WISCONSIN-WASHINGTON      ,WI,53095-3699,Public       ,25,34,59,544,283,827
00389713,UNIVERSITY OF WISCONSIN-WAUKESHA        ,WI,53188-2799,Public       ,62,54,116,1102,490,1592
00389900,UNIVERSITY OF WISCONSIN-GREEN BAY       ,WI,54311-7001,Public       ,76,142,218,4656,2283,6939
00391100,VITERBO UNIVERSITY                      ,WI,54601-4777,Private      ,28,105,133,1780,1296,3076
00391500,UNIVERSITY OF WISCONSIN-STOUT           ,WI,54751-0790,Public       ,143,181,324,6262,2376,8638
00391700,UNIVERSITY OF WISCONSIN-EAU CLAIRE      ,WI,54702-4004,Public       ,132,158,290,8880,2019,10899
00391900,UNIVERSITY OF WISCONSIN-LA CROSSE       ,WI,54601-3742,Public       ,131,95,226,7656,1724,9380
00392000,UNIVERSITY OF WISCONSIN-OSHKOSH         ,WI,54901-8604,Public       ,124,215,339,8195,3555,11750
00392100,UNIVERSITY OF WISCONSIN-PLATTEVILLE     ,WI,53818-3099,Public       ,104,151,255,6170,1811,7981
00392300,UNIVERSITY OF WISCONSIN-RIVER FALLS     ,WI,54022-5013,Public       ,103,131,234,5264,1538,6802
00392400,UNIVERSITY OF WISCONSIN-STEVENS POINT   ,WI,54481-3871,Public       ,138,116,254,7661,2020,9681
00392500,UNIVERSITY OF WISCONSIN-SUPERIOR        ,WI,54880-2898,Public       ,44,114,158,1767,1449,3216
00392600,UNIVERSITY OF WISCONSIN-WHITEWATER      ,WI,53190-1792,Public       ,168,193,361,8961,2701,11662
00400700,MADISON AREA TECHNICAL COLLEGE          ,WI,53704-2599,Public       ,359,989,1348,4872,8523,13395
00501500,UNIVERSITY OF WISCONSIN-PARKSIDE        ,WI,53141-2000,Public       ,118,178,296,3827,2406,6233
00529400,WAUKESHA COUNTY TECHNICAL COLLEGE       ,WI,53072-4696,Public       ,145,421,566,1921,3611,5532
00530100,NORTHEAST WISCONSIN TECHNICAL COLLEGE   ,WI,54307-9042,Public       ,213,692,905,2898,5827,8725
00530400,CHIPPEWA VALLEY TECHNICAL COLLEGE       ,WI,54701-6162,Public       ,194,462,656,2621,4033,6654
00538000,MID-STATE TECHNICAL COLLEGE             ,WI,54494-5512,Public       ,82,263,345,1012,2295,3307
00538400,NICOLET AREA TECHNICAL COLLEGE          ,WI,54501-0000,Public       ,34,153,187,557,1080,1637
00538700,NORTHCENTRAL TECHNICAL COLLEGE          ,WI,54401-1899,Public       ,83,315,398,1177,3086,4263
00538900,GATEWAY TECHNICAL COLLEGE               ,WI,53144-1690,Public       ,295,1022,1317,2490,8231,10721
00539000,BLACKHAWK TECHNICAL COLLEGE             ,WI,53547-5009,Public       ,112,428,540,1068,3422,4490
00610800,BELLIN HOSP SCH OF RAD TECH             ,WI,54305-3505,Private      ,0,0,0,26,26,52
00611500,MERCY MED CTR SCH OF RAD TECH           ,WI,54904-3370,Private      ,0,0,0,10,24,34
00612601,ST LUKE'S MEDCL CTR SCHL RAD TECH       ,WI,53215-4330,Private      ,3,13,16,19,85,104
00612603,ST LUKE'S MED CTR SCH OF SONOGRAPHY     ,WI,53215-0000,Private      ,1,1,2,11,51,62
00613100,THEDA CLARK REG MED CTR SCH RAD TEC     ,WI,54957-0000,Private      ,1,0,1,13,13,26
00663900,BELLIN COLLEGE                          ,WI,54305-0000,Private      ,7,14,21,241,187,428
00732934,ITT TECHNICAL INSTITUTE                 ,WI,53220-4612,Proprietary  ,255,699,954,1190,3566,4756
00766900,SOUTHWEST WISCONSIN TECH COLLEGE        ,WI,53809-0000,Public       ,19,67,86,715,990,1705
00821700,WISCONSIN COLLEGE OF COSMETOLOGY        ,WI,54304-0000,Proprietary  ,5,13,18,65,62,127
00869405,RASMUSSEN COLLEGE - WAUSAU              ,WI,54401-7804,Proprietary  ,17,136,153,117,522,639
00869414,RASMUSSEN COLLEGE - GREEN BAY           ,WI,54303-2349,Proprietary  ,25,118,143,247,1340,1587
00869419,RASMUSSEN COLLEGE - APPLETON            ,WI,54915-7305,Proprietary  ,9,67,76,24,151,175
00919400,LAKESHORE TECHNICAL COLLEGE             ,WI,53015-1412,Public       ,50,287,337,734,2248,2982
00925600,MORAINE PARK TECHNICAL COLLEGE          ,WI,54936-0000,Public       ,108,376,484,1154,3230,4384
00941900,STATE CLG OF BEAUTY CULT-WAUSAU         ,WI,54403-4667,Proprietary  ,8,13,21,50,96,146
00962100,HERZING UNIVERSITY                      ,WI,53718-4236,Proprietary  ,118,894,1012,1011,7878,8889
00974400,FOX VALLEY TECHNICAL COLLEGE            ,WI,54913-0000,Public       ,222,744,966,3040,5976,9016
01091300,MADISON MEDIA INSTITUTE                 ,WI,53718-6787,Proprietary  ,45,53,98,545,522,1067
01148400,ADVANCED INSTITUTE OF HAIR DESIGN       ,WI,53225-0000,Proprietary  ,31,29,60,240,239,479
01182400,WISCONSIN INDIANHEAD TECH CLG WITC      ,WI,54871-9300,Public       ,88,317,405,1211,2669,3880
02077100,MILWAUKEE INST OF ART & DESIGN          ,WI,53202-0000,Private      ,25,30,55,961,296,1257
02078000,SACRED HEART SCHOOL OF THEOLOGY         ,WI,53130-0000,Private      ,1,0,1,1,8,9
02136600,WISCONSIN LUTHERAN COLLEGE              ,WI,53226-0000,Private      ,18,17,35,1065,186,1251
02201803,KAPLAN COLLEGE - MILWAUKEE              ,WI,53212-3939,Proprietary  ,26,156,182,235,1258,1493
02239204,ANTHEM COLLEGE - BROOKFIELD             ,WI,53005-4207,Proprietary  ,1,6,7,14,53,67
02271300,WI SCH OF PROFESSIONAL PSYCHOLOGY       ,WI,53225-0000,Private      ,2,12,14,22,130,152
02317200,MARANATHA BAPTIST BIBLE COLLEGE         ,WI,53094-0000,Private      ,39,15,54,827,132,959
02324700,EMPIRE BEAUTY SCHOOL                    ,WI,53717-0000,Proprietary  ,1,34,35,50,228,278
02332100,EMPIRE BEAUTY SCHOOL                    ,WI,54220-0000,Proprietary  ,12,39,51,118,331,449
02332101,EMPIRE BEAUTY SCHOOL - APPLETON         ,WI,54914-4644,Proprietary  ,2,4,6,22,29,51
02453500,MEDICAL COLLEGE OF WISCONSIN            ,WI,53226-0000,Private      ,3,20,23,61,1262,1323
02494300,GILL-TECH ACADEMY OF HAIR DESIGN        ,WI,54911-0000,Proprietary  ,12,13,25,80,80,160
02532200,LAC COURTE OREILLES OJIBWA CMTY CLG     ,WI,54843-0000,Public       ,4,42,46,74,408,482
03007400,LAKESIDE SCHOOL OF MASSAGE THERAPY      ,WI,53719-1103,Private      ,4,25,29,42,167,209
03061200,MIDWEST COLLEGE OF ORIENTAL MEDICINE    ,WI,53403-9747,Proprietary  ,2,37,39,5,210,215
03077600,EMPIRE BEAUTY SCHOOL                    ,WI,54304-4838,Proprietary  ,24,72,96,177,519,696
03125100,COLLEGE OF MENOMINEE NATION             ,WI,54135-0000,Private      ,9,89,98,155,648,803
03125102,COLLEGE OF  THE MENOMINEE NATION - GREEN,WI,54304-4964,Private      ,0,27,27,31,117,148
03220300,"SALON PROFESSIONAL ACADEMY, THE         ",WI,54701-7633,Proprietary  ,2,13,15,65,91,156
03309300,MONTESSORI INSTITUTE OF MILWAUKEE       ,WI,53207-0000,Private      ,0,7,7,2,26,28
03808300,INSTITUTE OF BEAUTY AND WELLNESS (THE)  ,WI,53202-5715,Proprietary  ,16,32,48,110,201,311
03822300,FOUR SEASONS SALON AND COSMETOLOGY SCHOO,WI,53566-0000,Proprietary  ,4,6,10,21,45,66
03872500,NORTHLAND INTERNATIONAL UNIVERSITY      ,WI,54119-9285,Private      ,11,4,15,509,73,582
03925300,BLUE SKY SCHOOL OF PROFESSIONAL MASSAGE ,WI,53024-9699,Private      ,3,11,14,40,150,190
04117400,MILWAUKEE CAREER COLLEGE                ,WI,53222-4305,Proprietary  ,30,159,189,207,952,1159
04118600,ACADEMY OF COSMETOLOGY                  ,WI,53548-3307,Proprietary  ,3,14,17,32,99,131
04124800,VISIONS IN HAIR DESIGN INSTITUTE OF COSM,WI,53210-1120,Proprietary  ,5,7,12,21,67,88
04132600,WISCONSIN ACADEMY (THE)                 ,WI,54157-1726,Proprietary  ,0,8,8,14,51,65
04137900,PC PROSCHOOLS                           ,WI,53005-6003,Proprietary  ,23,154,177,70,411,481
04138200,SALON PROFESSIONAL ACADEMY (THE)        ,WI,54914-3921,Proprietary  ,6,9,15,52,71,123
04157700,SALON PROFESSIONAL ACADEMY (THE)        ,WI,54650-8699,Proprietary  ,5,16,21,63,90,153
04165300,ACADEMY WAUKESHA (THE)                  ,WI,53072-5524,Proprietary  ,19,23,42,65,90,155
04179200,ADVANCED COLLEGE OF COSMETOLOGY         ,WI,53963-0000,Proprietary  ,17,21,38,17,21,38
04183600,SALON PROFESSIONAL ACADEMY OF KENOSHA (T,WI,53142-4950,Proprietary  ,13,34,47,13,34,47
00145944,STRAYER UNIVERSITY - GREENSBORO         ,NC,27407-2638,Proprietary  ,0,0,0,0,1,1
00290500,NORTH CAROLINA A&T STATE UNIV           ,NC,27411-0001,Public       ,345,467,812,14229,6553,20782
00290600,APPALACHIAN STATE UNIVERSITY            ,NC,28608-2059,Public       ,365,286,651,15744,4577,20321
00290700,UNIVERSITY OF NC AT ASHEVILLE           ,NC,28804-3299,Public       ,101,138,239,3699,1799,5498
00290800,BARTON COLLEGE                          ,NC,27893-3104,Private      ,35,66,101,1577,875,2452
00291000,BELMONT ABBEY COLLEGE                   ,NC,28012-1802,Private      ,36,124,160,1362,1396,2758
00291100,BENNETT COLLEGE                         ,NC,27401-3239,Private      ,18,30,48,1269,474,1743
00291200,BREVARD COLLEGE                         ,NC,28712-3306,Private      ,25,9,34,1036,169,1205
00291300,CAMPBELL UNIVERSITY                     ,NC,27506-0036,Private      ,132,232,364,4486,3566,8052
00291400,CATAWBA COLLEGE                         ,NC,28144-2488,Private      ,31,54,85,1646,698,2344
00291500,CENTRAL PIEDMONT COMMUNITY COLLEGE      ,NC,28204-2297,Public       ,904,2607,3511,8675,19445,28120
00291600,CHOWAN UNIVERSITY                       ,NC,27855-1850,Private      ,39,35,74,1857,425,2282
00291700,COLLEGE OF THE ALBEMARLE                ,NC,27909-2327,Public       ,91,292,383,905,2090,2995
00291800,DAVIDSON COLLEGE                        ,NC,28035-7157,Private      ,63,19,82,2968,168,3136
00291900,DAVIDSON COUNTY COMMUNITY COLLEGE       ,NC,27293-0000,Public       ,160,583,743,1636,4366,6002
00292000,DUKE UNIVERSITY                         ,NC,27708-0397,Private      ,293,118,411,16254,2115,18369
00292001,DUKE UNIV - SCHOOL OF MEDICINE          ,NC,27710-0000,Private      ,10,23,33,142,1342,1484
00292002,DUKE UNIV - SCHOOL OF LAW               ,NC,27708-0000,Private      ,4,23,27,60,3482,3542
00292003,DUKE UNIV - GRAD SCH ARTS & SCIENCE     ,NC,27708-0000,Private      ,10,39,49,137,720,857
00292004,DUKE UNIV - FUQUA SCH OF BUSINESS       ,NC,27708-0000,Private      ,5,29,34,81,1287,1368
00292005,DUKE UNIV/NICHOLAS SCH OF ENVIRON.      ,NC,27708-0000,Private      ,1,7,8,26,383,409
00292006,DUKE UNIV - DIVINITY SCHOOL             ,NC,27708-0000,Private      ,8,9,17,160,731,891
00292007,DUKE UNIV - SCHOOL OF NURSING           ,NC,27710-0000,Private      ,9,90,99,140,941,1081
00292010,DUKE UNIVERSITY - SCHOOL OF PUBLIC POLIC,NC,27708-0239,Private      ,4,13,17,80,363,443
00292300,EAST CAROLINA UNIVERSITY                ,NC,27858-1818,Public       ,545,780,1325,21599,12611,34210
00292600,ELIZABETH CITY STATE UNIVERSITY         ,NC,27909-7806,Public       ,86,107,193,4022,1693,5715
00292700,ELON UNIVERSITY                         ,NC,27244-2010,Private      ,121,55,176,6911,1273,8184
00292800,FAYETTEVILLE STATE UNIVERSITY           ,NC,28301-4298,Public       ,129,524,653,5151,6787,11938
00292900,GARDNER-WEBB UNIVERSITY                 ,NC,28017-0000,Private      ,109,291,400,2844,3004,5848
00293000,GREENSBORO COLLEGE                      ,NC,27401-1875,Private      ,57,124,181,1757,1214,2971
00293100,GUILFORD COLLEGE                        ,NC,27410-4171,Private      ,71,275,346,3091,2972,6063
00293300,HIGH POINT UNIVERSITY                   ,NC,27262-4221,Private      ,87,99,186,4791,1441,6232
00293400,ISOTHERMAL COMMUNITY COLLEGE            ,NC,28160-0804,Public       ,94,275,369,1022,2225,3247
00293500,JOHN WESLEY COLLEGE                     ,NC,27265-0000,Private      ,1,24,25,47,222,269
00293600,JOHNSON C SMITH UNIVERSITY              ,NC,28216-5398,Private      ,87,130,217,2954,1433,4387
00293700,KING'S COLLEGE-CHARLOTTE                ,NC,28204-2435,Proprietary  ,28,71,99,854,790,1644
00293900,LEES MCRAE COLLEGE                      ,NC,28604-0000,Private      ,22,16,38,1093,320,1413
00294000,LENOIR COMMUNITY COLLEGE                ,NC,28502-0188,Public       ,69,330,399,968,2941,3909
00294100,LENOIR-RHYNE UNIVERSITY                 ,NC,28603-0000,Private      ,63,64,127,2517,816,3333
00294200,LIVINGSTONE COLLEGE                     ,NC,28144-5298,Private      ,34,25,59,1793,531,2324
00294300,LOUISBURG COLLEGE                       ,NC,27549-2398,Private      ,49,18,67,1214,197,1411
00294400,MARS HILL COLLEGE                       ,NC,28754-0000,Private      ,32,40,72,1547,466,2013
00294500,MEREDITH COLLEGE                        ,NC,27607-5298,Private      ,40,69,109,1987,1075,3062
00294600,METHODIST UNIVERSITY                    ,NC,28311-1420,Private      ,60,181,241,2760,1768,4528
00294700,MITCHELL COMMUNITY COLLEGE              ,NC,28677-5264,Public       ,148,429,577,1306,3084,4390
00294800,MONTREAT COLLEGE                        ,NC,28757-1267,Private      ,15,48,63,625,783,1408
00294900,MOUNT OLIVE COLLEGE                     ,NC,28365-1299,Private      ,65,332,397,1371,4061,5432
00295000,NORTH CAROLINA CENTRAL UNIVERSITY       ,NC,27707-3198,Public       ,251,446,697,10327,8045,18372
00295100,NORTH CAROLINA WESLEYAN COLLEGE         ,NC,27804-8699,Private      ,29,90,119,1169,1213,2382
00295300,PEACE COLLEGE                           ,NC,27604-1194,Private      ,29,42,71,1028,541,1569
00295400,UNIV OF NORTH CAROLINA AT PEMBROKE      ,NC,28372-1510,Public       ,145,280,425,5759,4442,10201
00295500,PFEIFFER UNIVERSITY                     ,NC,28109-0000,Private      ,18,169,187,1039,1472,2511
00295600,PIEDMONT BAPTIST COLLEGE AND GRADUATE SC,NC,27101-5025,Private      ,11,33,44,229,250,479
00295700,QUEENS UNIVERSITY OF CHARLOTTE          ,NC,28274-0001,Private      ,57,245,302,2261,2565,4826
00295800,ROCKINGHAM COMMUNITY COLLEGE            ,NC,27375-0000,Public       ,41,215,256,907,2076,2983
00296000,SALEM COLLEGE                           ,NC,27108-0000,Private      ,20,76,96,686,828,1514
00296100,SANDHILLS COMMUNITY COLLEGE             ,NC,28374-8283,Public       ,150,427,577,1643,3670,5313
00296200,SHAW UNIVERSITY                         ,NC,27601-2393,Private      ,98,176,274,3168,2612,5780
00296300,SOUTHEASTERN BAPTIST THEOL SEMINARY     ,NC,27588-0000,Private      ,0,0,0,48,125,173
00296400,SOUTHEASTERN COMMUNITY COLLEGE          ,NC,28472-5422,Public       ,51,184,235,793,1899,2692
00296700,ST ANDREWS PRESBYTERIAN COLLEGE         ,NC,28352-9979,Private      ,10,6,16,578,145,723
00296800,ST AUGUSTINES COLLEGE                   ,NC,27610-2298,Private      ,63,60,123,2315,876,3191
00297000,SURRY COMMUNITY COLLEGE                 ,NC,27017-0304,Public       ,74,223,297,1304,2152,3456
00297200,NORTH CAROLINA STATE UNIV-RALEIGH       ,NC,27695-1751,Public       ,562,730,1292,24368,10534,34902
00297300,GASTON COLLEGE                          ,NC,28034-1499,Public       ,238,684,922,2276,5789,8065
00297400,UNIVERSITY OF N C-CHAPEL HILL           ,NC,27514-0000,Public       ,421,528,949,21529,13650,35179
00297500,UNIVERSITY OF NC AT CHARLOTTE           ,NC,28223-0001,Public       ,496,940,1436,18879,13633,32512
00297600,UNIVERSITY OF N C - GREENSBORO          ,NC,27412-0001,Public       ,381,636,1017,15938,10498,26436
00297800,WAKE FOREST UNIV - UNDERGRADUATE        ,NC,27109-7246,Private      ,119,31,150,6484,478,6962
00297801,WAKE FOREST UNIV - SCH OF MEDICINE      ,NC,27157-1090,Private      ,9,16,25,99,958,1057
00297803,WAKE FOREST GRAD SCHOOLS OF BUSINESS    ,NC,27109-7659,Private      ,2,34,36,639,897,1536
00297805,WAKE FOREST UNIV - SCH OF LAW           ,NC,27109-7206,Private      ,3,15,18,41,1485,1526
00297806,WAKE FOREST UNIV - GRAD A&S/DIVINITY    ,NC,27109-7246,Private      ,4,20,24,79,570,649
00297900,WARREN WILSON COLLEGE                   ,NC,28815-0000,Private      ,35,36,71,1276,449,1725
00298000,WAYNE COMMUNITY COLLEGE                 ,NC,27533-0000,Public       ,136,463,599,1397,3268,4665
00298100,WESTERN CAROLINA UNIVERSITY             ,NC,28723-9731,Public       ,215,264,479,8554,3920,12474
00298200,WESTERN PIEDMONT COMMUNITY COLLEGE      ,NC,28655-4504,Public       ,84,273,357,1165,2649,3814
00298300,WILKES COMMUNITY COLLEGE                ,NC,28697-2100,Public       ,82,234,316,1099,1952,3051
00298400,UNIVERSITY OF N C-WILMINGTON            ,NC,28403-3297,Public       ,300,311,611,12064,4916,16980
00298500,WINGATE UNIVERSITY                      ,NC,28174-0159,Private      ,64,64,128,2901,1066,3967
00298600,WINSTON-SALEM STATE UNIVERSITY          ,NC,27102-0000,Public       ,157,365,522,7039,4994,12033
00398100,UNC SCHOOL OF THE ARTS                  ,NC,27127-2188,Public       ,27,20,47,1218,411,1629
00403300,ASHEVILLE BUNCOMBE TECH CMTY CLG        ,NC,28801-4897,Public       ,200,678,878,2057,5098,7155
00406200,PITT COMMUNITY COLLEGE                  ,NC,28590-0000,Public       ,312,741,1053,4030,6512,10542
00483500,CALDWELL COMMUNITY CLG & TECH INST      ,NC,28638-2626,Public       ,149,395,544,1623,3390,5013
00483800,GUILFORD TECHNICAL COMMUNITY CLG        ,NC,27282-0309,Public       ,523,1775,2298,6660,14698,21358
00484400,WAKE TECHNICAL COMMUNITY COLLEGE        ,NC,27603-5696,Public       ,634,1680,2314,6751,13536,20287
00484500,WILSON COMMUNITY COLLEGE                ,NC,27893-3310,Public       ,70,326,396,665,2411,3076
00499201,MILLER-MOTTE TECHNICAL COLLEGE - MILLER-,NC,27511-9209,Proprietary  ,9,136,145,159,949,1108
00499202,MILLER-MOTTE TECHNICAL COLLEGE - MILLER-,NC,27604-6072,Proprietary  ,26,175,201,247,1245,1492
00499203,MILLER-MOTTE TECHNICAL COLLEGE - FAYETTE,NC,28311-7651,Proprietary  ,39,253,292,239,1247,1486
00499205,MILLER-MOTTE TECHNICAL COLLEGE - MILLER-,NC,28540-5901,Proprietary  ,27,300,327,30,322,352
00531600,COASTAL CAROLINA COMMUNITY COLLEGE      ,NC,28546-6816,Public       ,138,658,796,1393,4679,6072
00531700,FORSYTH TECHNICAL COMMUNITY COLLEGE     ,NC,27103-5197,Public       ,343,1194,1537,3455,9104,12559
00531800,CATAWBA VALLEY COMMUNITY COLLEGE        ,NC,28602-8302,Public       ,162,511,673,2389,4523,6912
00532000,CAPE FEAR COMMUNITY COLLEGE             ,NC,28401-3910,Public       ,376,1080,1456,3925,6788,10713
00544700,RANDOLPH COMMUNITY COLLEGE              ,NC,27204-1009,Public       ,107,318,425,1016,2534,3550
00544800,DURHAM TECHNICAL CMNTY COLLEGE          ,NC,27703-5023,Public       ,190,767,957,1709,6063,7772
00544900,CENTRAL CAROLINA COMMUNITY COLLEGE      ,NC,27330-9000,Public       ,137,525,662,1409,4346,5755
00546300,ALAMANCE COMMUNITY COLLEGE              ,NC,27253-0000,Public       ,168,578,746,1639,4340,5979
00546400,RICHMOND COMMUNITY COLLEGE              ,NC,28345-4522,Public       ,63,289,352,704,2232,2936
00575400,ROWAN-CABARRUS COMMUNITY COLLEGE        ,NC,28145-1595,Public       ,209,722,931,2236,5885,8121
00647700,CABARRUS COLLEGE OF HEALTH SCIENCES     ,NC,28025-0000,Private      ,21,58,79,298,810,1108
00647800,MERCY HOSP SCH OF NURSING               ,NC,28207-0000,Public       ,7,84,91,177,811,988
00648300,WATTS SCHOOL OF NURSING                 ,NC,27704-0000,Private      ,11,22,33,97,360,457
00679900,CRAVEN COMMUNITY COLLEGE                ,NC,28562-0000,Public       ,72,438,510,832,3239,4071
00703100,PAMLICO COMMUNITY COLLEGE               ,NC,28529-0000,Public       ,6,35,41,95,386,481
00764000,FAYETTEVILLE TECHNICAL CMTY COLLEGE     ,NC,28303-0236,Public       ,330,1636,1966,3574,13938,17512
00768700,JAMES SPRUNT COMMUNITY COLLEGE          ,NC,28349-0398,Public       ,39,139,178,446,1344,1790
00781400,BROOKSTONE COLLEGE OF BUSINESS          ,NC,28262-1294,Proprietary  ,20,101,121,104,620,724
00781401,BROOKSTONE COLLEGE OF BUSINESS          ,NC,27409-0000,Proprietary  ,14,77,91,88,554,642
00789200,SAMPSON COMMUNITY COLLEGE               ,NC,28328-0000,Public       ,38,140,178,571,1474,2045
00798500,SOUTH PIEDMONT COMMUNITY COLLEGE        ,NC,28135-9703,Public       ,86,339,425,892,2536,3428
00798600,HALIFAX COMMUNITY COLLEGE               ,NC,27890-0089,Public       ,65,212,277,716,1777,2493
00798700,BLADEN COMMUNITY COLLEGE                ,NC,28332-0266,Public       ,48,200,248,587,2077,2664
00798800,MARTIN COMMUNITY COLLEGE                ,NC,27892-8307,Public       ,25,129,154,288,946,1234
00808100,CARTERET COMMUNITY COLLEGE              ,NC,28557-2989,Public       ,77,278,355,645,1762,2407
00808200,CLEVELAND COMMUNITY COLLEGE             ,NC,28150-0000,Public       ,95,342,437,1080,3101,4181
00808300,HAYWOOD COMMUNITY COLLEGE               ,NC,28721-0000,Public       ,50,162,212,688,1550,2238
00808500,MCDOWELL TECHNICAL COMMUNITY CLG        ,NC,28752-8728,Public       ,29,177,206,345,1224,1569
00808700,MONTGOMERY COMMUNITY COLLEGE            ,NC,27371-0787,Public       ,26,83,109,282,799,1081
00846600,SOUTHWESTERN COMMUNITY COLLEGE          ,NC,28779-8581,Public       ,59,190,249,892,1758,2650
00855700,NASH COMMUNITY COLLEGE                  ,NC,27804-0488,Public       ,116,385,501,1140,2699,3839
00855800,BEAUFORT COUNTY COMMUNITY COLLEGE       ,NC,27889-7889,Public       ,68,222,290,671,1805,2476
00861200,ROBESON COMMUNITY COLLEGE               ,NC,28359-2151,Public       ,125,383,508,1177,3520,4697
00861300,ROANOKE-CHOWAN COMMUNITY COLLEGE        ,NC,27910-9522,Public       ,29,118,147,331,886,1217
00885500,EDGECOMBE COMMUNITY COLLEGE             ,NC,27886-9399,Public       ,63,381,444,853,3603,4456
00902500,EMPIRE BEAUTY SCHOOL                    ,NC,28105-2508,Proprietary  ,31,85,116,194,659,853
00933600,JOHNSTON COMMUNITY COLLEGE              ,NC,27577-0000,Public       ,130,462,592,1471,3604,5075
00943000,TRI-COUNTY COMMUNITY COLLEGE            ,NC,28906-7919,Public       ,36,141,177,365,1029,1394
00964600,PIEDMONT COMMUNITY COLLEGE              ,NC,27573-1197,Public       ,60,192,252,537,1619,2156
00968400,BLUE RIDGE COMMUNITY COLLEGE            ,NC,28731-9624,Public       ,71,216,287,755,1651,2406
00974701,GORDON-CONWELL THEO SEM - CHARLOTTE     ,NC,28273-0000,Private      ,1,22,23,8,237,245
00990300,VANCE-GRANVILLE CMTY COLLEGE            ,NC,27536-0917,Public       ,124,513,637,1322,3419,4741
01026400,SOUTH COLLEGE                           ,NC,28803-3152,Proprietary  ,11,93,104,76,573,649
01119400,STANLY COMMUNITY COLLEGE                ,NC,28001-7458,Public       ,78,324,402,887,2581,3468
01119700,MAYLAND COMMUNITY COLLEGE               ,NC,28777-2777,Public       ,36,90,126,393,719,1112
01179900,PAUL MITCHELL THE SCHOOL FAYETTEVILLE   ,NC,28303-5364,Proprietary  ,11,60,71,80,313,393
01192600,LEON'S BEAUTY SCHOOL                    ,NC,27403-2812,Proprietary  ,11,35,46,114,291,405
02056500,MITCHELL'S HAIR STYLING ACADEMY         ,NC,27893-0000,Proprietary  ,14,28,42,66,147,213
02056501,MITCHELL'S HAIR STYLING ACADEMY - MITCHE,NC,27606-3326,Proprietary  ,3,16,19,55,121,176
02110500,ART INSTITUTE OF CHARLOTTE (THE)        ,NC,28217-0000,Proprietary  ,287,430,717,2501,3225,5726
02170700,BRUNSWICK COMMUNITY COLLEGE             ,NC,28422-0000,Public       ,55,159,214,576,1105,1681
02205000,COLLEGE OF WILMINGTON                   ,NC,28403-0000,Proprietary  ,9,43,52,131,248,379
02210400,FAYETTEVILLE BEAUTY COLLEGE             ,NC,28303-0000,Proprietary  ,7,46,53,69,288,357
02227800,MITCHELL'S HAIR STYLING ACADEMY         ,NC,27534-0000,Proprietary  ,0,7,7,9,33,42
02227900,MITCHELL'S HAIR STYLING ACADEMY         ,NC,27858-0000,Proprietary  ,1,8,9,20,57,77
02238700,HAIRSTYLING INSTITUTE OF CHARLOTTE      ,NC,28204-0000,Proprietary  ,3,44,47,91,293,384
02280900,MID-ATLANTIC CHRISTIAN UNIVERSITY       ,NC,27909-0000,Private      ,5,6,11,126,117,243
02326203,KAPLAN CAREER INSTITUTE - KAPLAN COLLEGE,NC,28212-6830,Proprietary  ,35,224,259,65,381,446
02560600,PINNACLE INSTITUTE OF COSMETOLOGY       ,NC,28115-8020,Proprietary  ,6,13,19,52,100,152
02614201,MILLER-MOTTE BUSINESS COLLEGE           ,NC,28403-0000,Proprietary  ,65,441,506,450,2511,2961
02614205,MILLER - MOTTE TECHNICAL COLLEGE - MILLE,NC,27834-5052,Proprietary  ,19,145,164,203,1068,1271
03009500,WINSTON-SALEM BARBER SCHOOL             ,NC,27107-0000,Proprietary  ,6,21,27,76,159,235
03064400,REGENCY BEAUTY INSTITUTE                ,NC,27127-0000,Proprietary  ,28,62,90,232,459,691
03089300,HERITAGE BIBLE COLLEGE                  ,NC,28335-0000,Private      ,2,2,4,24,96,120
03104200,CAROLINAS COLLEGE OF HEALTH SCIENCE     ,NC,28232-2861,Public       ,20,124,144,323,1240,1563
03109000,LIVING ARTS COLLEGE                     ,NC,27614-7076,Proprietary  ,78,117,195,475,613,1088
03109001,LIVING ARTS INSTITUTE                   ,NC,27107-3217,Proprietary  ,0,0,0,44,102,146
03361300,MEDICAL ARTS MASSAGE SCHOOL             ,NC,27616-6453,Proprietary  ,6,49,55,50,300,350
03513400,APEX SCHOOL OF THEOLOGY                 ,NC,27703-8024,Private      ,5,149,154,29,844,873
03555300,SOUTHEASTERN INSTITUTE                  ,NC,28217-0000,Proprietary  ,24,124,148,133,688,821
03555400,SOUTHEASTERN SCHOOL OF NEUROMUSCULAR  MA,NC,29406-0000,Proprietary  ,11,64,75,66,243,309
03570300,CAROLINA CHRISTIAN COLLEGE              ,NC,27105-3241,Private      ,1,6,7,13,106,119
03663300,HOOD THEOLOGICAL SEMINARY               ,NC,28144-5768,Private      ,0,19,19,3,244,247
03748500,LA SHE'S BEAUTY ACADEMY                 ,NC,27707-3569,Proprietary  ,0,18,18,37,141,178
03777300,CAROLINA ACAD OF COSMETIC ART & SCI     ,NC,28054-0460,Proprietary  ,14,65,79,96,289,385
03827300,NEW LIFE THEOLOGICAL SEMINARY           ,NC,28205-1648,Private      ,0,22,22,9,182,191
04098300,TECHSKILLS - CHARLOTTE                  ,NC,28217-0000,Proprietary  ,7,44,51,65,392,457
04101300,CAROLINA SCHOOL OF BROADCASTING         ,NC,28214-8085,Proprietary  ,6,44,50,84,281,365
04115700,REGINA'S COLLEGE OF BEAUTY              ,NC,28110-2831,Proprietary  ,6,46,52,40,236,276
04120300,"FILA ACADEMY, THE                       ",NC,27265-3114,Proprietary  ,3,10,13,31,108,139
04129400,CENTER FOR MASSAGE & NATURAL HEALTH     ,NC,28787-8331,Proprietary  ,6,13,19,29,120,149
04140700,AVEDA INSTITUTE CHAPEL HILL             ,NC,27516-2559,Proprietary  ,16,44,60,140,286,426
04143500,CHARLOTTE SCHOOL OF LAW                 ,NC,28208-2816,Proprietary  ,3,86,89,61,1954,2015
04146400,DAOIST TRADITIONS COLLEGE OF CHINESE MED,NC,28801-1060,Proprietary  ,1,9,10,1,99,100
04149300,PARK WEST BARBER SCHOOL                 ,NC,27701-4022,Proprietary  ,6,37,43,48,196,244
04154200,CAROLINA BIBLE COLLEGE                  ,NC,29303-5157,Private      ,0,32,32,3,51,54
04172800,BODY THERAPY INSTITUTE                  ,NC,27344-6728,Proprietary  ,2,30,32,2,30,32
04178100,CAROLINA COLLEGE OF HAIR DESIGN         ,NC,28802-1232,Proprietary  ,0,1,1,0,1,1
00298800,BISMARCK STATE COLLEGE                  ,ND,58501-1299,Public       ,62,174,236,2124,1759,3883
00298900,DICKINSON STATE UNIVERSITY              ,ND,58601-4896,Public       ,19,69,88,1204,804,2008
00299000,JAMESTOWN COLLEGE                       ,ND,58405-3401,Private      ,13,13,26,978,152,1130
00299100,LAKE REGION STATE COLLEGE               ,ND,58301-1598,Public       ,20,43,63,384,450,834
00299200,UNIVERSITY OF MARY                      ,ND,58504-9652,Private      ,26,168,194,1536,1606,3142
00299300,MAYVILLE STATE UNIVERSITY               ,ND,58257-1299,Public       ,14,21,35,574,320,894
00299400,MINOT STATE UNIVERSITY                  ,ND,58707-0002,Public       ,34,112,146,1614,1546,3160
00299500,DAKOTA COLLEGE AT BOTTINEAU             ,ND,58318-1159,Public       ,11,39,50,322,316,638
00299600,NORTH DAKOTA STATE CLG OF SCIENCE       ,ND,58076-0002,Public       ,40,76,116,1516,802,2318
00299700,NORTH DAKOTA STATE UNIVERSITY           ,ND,58108-6050,Public       ,155,184,339,9636,3020,12656
00300500,UNIVERSITY OF NORTH DAKOTA              ,ND,58202-8193,Public       ,136,324,460,7969,5135,13104
00300700,WILLISTON STATE COLLEGE                 ,ND,58802-1326,Public       ,7,40,47,279,405,684
00300800,VALLEY CITY STATE UNIVERSITY            ,ND,58072-0000,Public       ,10,26,36,749,357,1106
00775600,JOSEF'S SCHOOL OF HAIR DESIGN INC       ,ND,58102-4977,Proprietary  ,9,11,20,88,103,191
00869408,RASMUSSEN COLLEGE - FARGO               ,ND,58103-7196,Proprietary  ,25,112,137,327,1341,1668
00869415,RASMUSSEN COLLEGE - BISMARCK            ,ND,58503-0000,Proprietary  ,11,56,67,144,648,792
00935400,MEDCENTER ONE COLLEGE OF NURSING        ,ND,58501-4494,Private      ,1,5,6,76,83,159
01040600,JOSEF'S SCHOOL OF HAIR DESIGN           ,ND,58201-6394,Proprietary  ,5,16,21,60,83,143
01205900,TRINITY BIBLE COLLEGE                   ,ND,58436-7150,Private      ,6,10,16,242,138,380
01229500,JZ TREND ACADEMY PAUL MITCHELL PARTNER S,ND,58501-0000,Proprietary  ,4,10,14,51,59,110
02188200,SITTING BULL COLLEGE                    ,ND,58538-9701,Public       ,1,29,30,70,350,420
02236500,LITTLE HOOP COMMUNITY COLLEGE           ,ND,58335-0000,Public       ,6,15,21,31,186,217
02242900,UNITED TRIBES TECHNICAL COLLEGE         ,ND,58504-0000,Private      ,17,96,113,263,820,1083
02298200,HEADQUARTERS ACADEMY OF HAIR DESIGN     ,ND,58701-0000,Proprietary  ,6,10,16,22,72,94
02301100,TURTLE MTN CMNTY COLG-FIN AID OFC       ,ND,58316-0000,Private      ,9,38,47,259,634,893
02553700,FORT BERTHOLD COMMUNITY COLLEGE         ,ND,58763-0000,Public       ,5,9,14,43,176,219
03087200,MOLER BARBER CLG OF HAIRSTYLING         ,ND,58103-0000,Proprietary  ,0,1,1,3,24,27
04031300,SALON PROFESSIONAL ACADEMY (THE)        ,ND,58103-3337,Proprietary  ,7,9,16,69,79,148
04139400,HAIR ACADEMY (THE)                      ,ND,58501-4929,Proprietary  ,9,7,16,59,54,113
00301005,ANTIOCH UNIV/SEATTLE                    ,WA,98121-0000,Private      ,3,72,75,77,1320,1397
00376900,BELLEVUE COLLEGE                        ,WA,98007-6484,Public       ,352,948,1300,4503,7782,12285
00377000,BIG BEND COMMUNITY COLLEGE              ,WA,98837-3299,Public       ,90,244,334,1094,1804,2898
00377100,"CENTRAL WASHINGTON UNIV., FIN AID       ",WA,98926-7495,Public       ,363,298,661,10526,5201,15727
00377200,CENTRALIA COLLEGE                       ,WA,98531-4099,Public       ,85,330,415,1196,2397,3593
00377300,CLARK COLLEGE                           ,WA,98663-3598,Public       ,494,1262,1756,5399,11070,16469
00377400,COLUMBIA BASIN COLLEGE                  ,WA,99301-3379,Public       ,196,520,716,2779,4405,7184
00377500,EASTERN WASHINGTON UNIVERSITY           ,WA,99004-2447,Public       ,290,375,665,9451,6768,16219
00377600,EVERETT COMMUNITY COLLEGE               ,WA,98201-1352,Public       ,275,847,1122,2787,6482,9269
00377700,HERITAGE UNIVERSITY                     ,WA,98948-9562,Private      ,17,90,107,467,1616,2083
00377800,GONZAGA UNIVERSITY                      ,WA,99258-0083,Private      ,162,281,443,7779,4384,12163
00377900,GRAYS HARBOR COLLEGE                    ,WA,98520-7599,Public       ,85,261,346,867,1903,2770
00378000,GREEN RIVER COMMUNITY COLLEGE           ,WA,98092-3622,Public       ,344,804,1148,3160,5862,9022
00378100,HIGHLINE COMMUNITY COLLEGE              ,WA,98198-9800,Public       ,315,789,1104,3232,6250,9482
00378200,LOWER COLUMBIA COLLEGE                  ,WA,98632-0310,Public       ,123,467,590,1286,3727,5013
00378300,NORTHWEST UNIVERSITY                    ,WA,98083-0000,Private      ,62,83,145,1271,1018,2289
00378400,OLYMPIC COLLEGE                         ,WA,98337-1600,Public       ,214,711,925,2126,5614,7740
00378500,PACIFIC LUTHERAN UNIVERSITY             ,WA,98447-0003,Private      ,107,113,220,4555,1846,6401
00378600,PENINSULA COLLEGE                       ,WA,98362-6660,Public       ,79,305,384,640,1901,2541
00378700,SEATTLE CENTRAL COMMUNITY COLLEGE       ,WA,98122-2413,Public       ,294,935,1229,3174,7700,10874
00378703,SEATTLE VOCATIONAL INSTITUTE            ,WA,98144-0000,Public       ,25,130,155,111,663,774
00378800,SEATTLE PACIFIC UNIVERSITY              ,WA,98119-1997,Private      ,161,134,295,5903,2553,8456
00379000,SEATTLE UNIVERSITY                      ,WA,98122-1090,Private      ,229,326,555,8587,7405,15992
00379100,SHORELINE COMMUNITY COLLEGE             ,WA,98133-5696,Public       ,162,432,594,2246,4702,6948
00379200,SKAGIT VALLEY COLLEGE                   ,WA,98273-5899,Public       ,151,501,652,1713,3765,5478
00379300,SPOKANE COMMUNITY COLLEGE               ,WA,99207-5399,Public       ,374,1357,1731,4292,11222,15514
00379400,ST MARTIN'S UNIVERSITY                  ,WA,98503-7500,Private      ,44,68,112,1453,1237,2690
00379600,TACOMA COMMUNITY COLLEGE                ,WA,98466-6100,Public       ,293,1086,1379,3477,9238,12715
00379700,UNIVERSITY OF PUGET SOUND               ,WA,98416-1039,Private      ,101,86,187,4920,1483,6403
00379800,UNIVERSITY OF WASHINGTON                ,WA,98195-5880,Public       ,959,1315,2274,31698,28463,60161
00379900,WALLA WALLA UNIVERSITY                  ,WA,99324-1198,Private      ,37,35,72,1579,763,2342
00380000,WASHINGTON STATE UNIVERSITY             ,WA,99164-1035,Public       ,576,733,1309,21436,12777,34213
00380100,WENATCHEE VALLEY COLLEGE                ,WA,98801-1799,Public       ,139,409,548,1588,3056,4644
00380200,WESTERN WASHINGTON UNIVERSITY           ,WA,98225-5946,Public       ,369,242,611,15874,4815,20689
00380300,WHITMAN COLLEGE                         ,WA,99362-2067,Private      ,52,9,61,2917,105,3022
00380400,WHITWORTH UNIVERSITY                    ,WA,99251-0001,Private      ,73,100,173,4285,1360,5645
00380500,YAKIMA VALLEY COMMUNITY COLLEGE         ,WA,98907-2520,Public       ,159,467,626,2984,5119,8103
00499900,BELLINGHAM TECHNICAL COLLEGE            ,WA,98225-0000,Public       ,90,381,471,966,3126,4092
00500000,PIERCE COLLEGE                          ,WA,98498-1919,Public       ,330,946,1276,3565,8051,11616
00500100,EDMONDS COMMUNITY COLLEGE               ,WA,98036-5999,Public       ,197,600,797,2526,5472,7998
00500600,WALLA WALLA COMMUNITY COLLEGE           ,WA,99362-9267,Public       ,83,318,401,1705,2913,4618
00530600,BATES TECHNICAL COLLEGE                 ,WA,98405-0000,Public       ,108,575,683,844,3603,4447
00537200,SOUTH PUGET SOUND COMMUNITY COLLEGE     ,WA,98512-6292,Public       ,212,757,969,2385,5486,7871
00537300,LAKE WASHINGTON TECHNICAL COLLEGE       ,WA,98034-8505,Public       ,85,338,423,828,3058,3886
00575200,CLOVER PARK TECHNICAL COLLEGE           ,WA,98499-0000,Public       ,161,773,934,1535,6215,7750
00815500,EVERGREEN STATE COLLEGE (THE)           ,WA,98505-0002,Public       ,147,272,419,3980,4211,8191
00844300,ITT TECHNICAL INSTITUTE                 ,WA,98168-3334,Proprietary  ,111,513,624,584,2250,2834
00907901,EVEREST COLLEGE                         ,WA,98684-6950,Proprietary  ,18,86,104,155,675,830
00938700,PERRY TECHNICAL INSTITUTE               ,WA,98903-1239,Private      ,58,138,196,602,1062,1664
00954400,SPOKANE FALLS COMMUNITY COLLEGE         ,WA,99224-5204,Public       ,353,873,1226,4499,7305,11804
00970400,NORTH SEATTLE COMMUNITY COLLEGE         ,WA,98103-3599,Public       ,142,571,713,1687,5077,6764
00970600,SOUTH SEATTLE COMMUNITY COLLEGE         ,WA,98106-1499,Public       ,147,586,733,1852,4547,6399
00973900,GLEN DOW ACAD OF HAIR DESIGN            ,WA,99201-0209,Proprietary  ,18,45,63,120,255,375
01036400,WHATCOM COMMUNITY COLLEGE               ,WA,98226-8003,Public       ,192,383,575,2277,3258,5535
01043400,RENTON TECHNICAL COLLEGE                ,WA,98056-0000,Public       ,107,434,541,971,3514,4485
01148100,DIVERS INSTITUTE OF TECHNOLOGY          ,WA,98107-0667,Proprietary  ,31,92,123,171,562,733
01231500,CORNISH COLLEGE OF THE ARTS             ,WA,98121-4604,Private      ,29,29,58,1573,479,2052
01249600,"BEAUTIWORKS SEATTLE, LLC                ",WA,98133-5615,Proprietary  ,5,12,17,42,120,162
01260100,NORTHWEST BAPTIST SEMINARY              ,WA,98402-6699,Private      ,0,3,3,7,38,45
01302200,CITY UNIVERSITY OF SEATTLE              ,WA,98005-3030,Private      ,5,203,208,193,2721,2914
01309400,BELLINGHAM BEAUTY SCHOOL                ,WA,98225-0000,Proprietary  ,6,19,25,45,103,148
02091701,KAPLAN COLLEGE - SEATTLE                ,WA,98055-4910,Proprietary  ,0,0,0,8,57,65
02105300,BELLEVUE BEAUTY SCHOOL                  ,WA,98007-0000,Proprietary  ,18,26,44,75,175,250
02106700,TRINITY LUTHERAN COLLEGE                ,WA,98201-3569,Private      ,7,9,16,160,112,272
02180000,NORTHWEST INDIAN COLLEGE                ,WA,98226-9278,Public       ,21,103,124,183,708,891
02184200,PAROBA COLLEGE OF COSMETOLOGY           ,WA,98208-0000,Proprietary  ,7,20,27,66,126,192
02202200,STYLEMASTERS COLLEGE OF HAIR DESIGN     ,WA,98632-0000,Proprietary  ,7,26,33,39,111,150
02203300,GENE JUAREZ ACADEMY OF BEAUTY           ,WA,98125-0000,Proprietary  ,47,92,139,358,599,957
02203301,GENE JUAREZ ACADEMY OF BEAUTY           ,WA,98003-0000,Proprietary  ,0,0,0,70,127,197
02222900,INTERNATIONAL AIR & HOSPITALITY ACADEMY ,WA,98661-4835,Proprietary  ,56,142,198,259,556,815
02222906,INTERNATIONAL AIR & HOSPITALITY ACADEMY ,WA,98661-3805,Proprietary  ,0,0,0,19,25,44
02236800,PROFESSIONAL BEAUTY SCHOOL              ,WA,98902-0000,Proprietary  ,5,15,20,39,85,124
02242500,BASTYR UNIVERSITY                       ,WA,98028-0000,Private      ,10,85,95,139,1352,1491
02242504,SEATTLE MIDWIFERY SCHOOL                ,WA,98144-0000,Private      ,0,8,8,9,124,133
02291300,ART INSTITUTE OF SEATTLE                ,WA,98121-1622,Proprietary  ,192,266,458,2650,2445,5095
02300100,EVEREST COLLEGE                         ,WA,98367-1835,Proprietary  ,20,103,123,152,575,727
02300103,EVEREST COLLEGE - EVERETT               ,WA,98208-2610,Proprietary  ,38,172,210,283,1048,1331
02300104,EVEREST COLLEGE - TACOMA                ,WA,98402-3004,Proprietary  ,52,298,350,367,1656,2023
02326500,INTERFACE COLLEGE                       ,WA,99201-4326,Proprietary  ,6,60,66,28,282,310
02331400,NORTHWEST HAIR ACADEMY                  ,WA,98273-0000,Proprietary  ,20,44,64,95,169,264
02331402,NORTHWEST HAIR ACADEMY - EVERETT        ,WA,98204-0000,Proprietary  ,7,5,12,30,53,83
02504900,ACADEMY OF HAIR DESIGN (THE)            ,WA,98801-0000,Proprietary  ,9,19,28,53,93,146
02541900,BJ'S BEAUTY AND BARBER COLLEGE          ,WA,98409-0000,Proprietary  ,5,38,43,47,212,259
02602100,NORTHWEST COLLEGE OF ART                ,WA,98370-8625,Proprietary  ,4,3,7,198,55,253
02606200,EVEREST COLLEGE                         ,WA,98055-2990,Proprietary  ,46,163,209,262,1071,1333
02617500,EVEREST COLLEGE                         ,WA,98133-9018,Proprietary  ,23,91,114,170,587,757
02617501,EVEREST COLLEGE - FIFE                  ,WA,98424-2649,Proprietary  ,2,17,19,52,205,257
02617503,EVEREST COLLEGE - VANCOUVER             ,WA,98684-6951,Proprietary  ,17,58,75,123,386,509
03031406,INTERNATIONAL ACADEMY OF DESIGN AND TECH,WA,98188-3319,Proprietary  ,16,32,48,181,291,472
03065000,CLARE'S BEAUTY COLLEGE                  ,WA,99301-5505,Proprietary  ,11,26,37,59,155,214
03071800,ITT TECHNICAL INSTITUTE                 ,WA,99216-1589,Proprietary  ,121,468,589,621,2402,3023
03099000,CORTIVA INSTITUTE - SEATTLE             ,WA,98109-5474,Proprietary  ,16,49,65,121,401,522
03110800,BAKKE GRADUATE UNIVERSITY               ,WA,98104-1222,Private      ,0,8,8,3,50,53
03139500,MONTESSORI SCHOOLS OF WASHINGTON        ,WA,98203-6600,Private      ,0,1,1,3,17,20
03280300,SEATTLE INST OF ORIENTAL MEDICINE       ,WA,98115-0000,Proprietary  ,1,6,7,24,92,116
03283300,NORTHWEST HVAC/R ASSOCIATION & TRAINING ,WA,99202-2125,Private      ,5,8,13,22,96,118
03466400,MARS HILL GRADUATE SCHOOL               ,WA,98121-0000,Private      ,0,6,6,0,305,305
03483500,CASCADIA COMMUNITY COLLEGE              ,WA,98011-9510,Public       ,115,202,317,1044,1541,2585
03490400,EMIL FRIES PIANO HOSPITAL & TRAININ     ,WA,98661-4323,Private      ,0,1,1,5,24,29
03670301,TONI&GUY HAIRDRESSING ACADEMY -         ,WA,98225-4526,Proprietary  ,0,0,0,0,1,1
03689400,FAITH EVANGELICAL SEMINARY              ,WA,98407-2607,Private      ,0,24,24,23,260,283
03724300,DIGIPEN INSTITUTE OF TECHNOLOGY         ,WA,98052-5170,Proprietary  ,25,20,45,748,397,1145
03917300,EVERGREEN BEAUTY AND BARBER COLLEGE     ,WA,98208-3759,Proprietary  ,16,46,62,102,293,395
03932500,TOTAL COSMETOLOGY TRAINING CENTER       ,WA,99217-6231,Proprietary  ,7,44,51,58,230,288
03953300,YAKIMA BEAUTY SCHOOL;BEAUTYWORKS        ,WA,98901-2202,Proprietary  ,4,11,15,37,86,123
04043400,ALPINE COLLEGE                          ,WA,99206-5097,Proprietary  ,11,63,74,78,407,485
04120000,SUNNYSIDE BEAUTY ACADEMY                ,WA,98944-8711,Proprietary  ,3,8,11,13,53,66
04127200,VICTORIA'S ACADEMY OF COSMETOLOGY       ,WA,99336-3826,Proprietary  ,10,26,36,63,179,242
04130500,PACIFIC NORTHWEST UNIV OF HEALTH SCIENCE,WA,98901-1471,Private      ,1,7,8,28,362,390
04130800,CASCADE BEAUTY COLLEGE                  ,WA,98002-5504,Proprietary  ,5,10,15,26,58,84
04132800,INLAND MASSAGE INSTITUTE                ,WA,99218-5016,Proprietary  ,2,24,26,39,135,174
04135200,NORTHWEST AVIATION COLLEGE              ,WA,98002-1609,Proprietary  ,2,4,6,2,4,6
04149400,GARY MANUEL AVEDA INSTITUTE             ,WA,98122-3807,Proprietary  ,22,48,70,181,372,553
04155000,NORTHWEST SCHOOL OF WOODEN BOAT BUILDING,WA,98339-8706,Private      ,0,2,2,8,67,75
04161200,BAINBRIDGE GRADUATE INSTITUTE           ,WA,98110-2870,Private      ,0,12,12,0,156,156
04170100,SALON PROFESSIONAL ACADEMY (THE)        ,WA,98409-7360,Proprietary  ,16,31,47,50,124,174
04172900,ACADEMY OF COSMETOLOGY                  ,WA,99354-2651,Proprietary  ,2,12,14,3,16,19
00340100,BROWN UNIVERSITY                        ,RI,02912-9127,Private      ,286,43,329,19900,765,20665
00340101,BROWN UNIVERSITY - GRADUATE SCHOOL      ,RI,02912-1827,Private      ,3,135,138,87,1673,1760
00340102,BROWN MEDICAL SCHOOL                    ,RI,02912-0000,Private      ,2,5,7,27,473,500
00340200,BRYANT UNIVERSITY                       ,RI,02917-1284,Private      ,83,39,122,5004,516,5520
00340400,JOHNSON & WALES UNIVERSITY              ,RI,02903-3703,Private      ,380,351,731,19957,5086,25043
00340600,PROVIDENCE COLLEGE                      ,RI,02918-0001,Private      ,117,73,190,7618,841,8459
00340700,RHODE ISLAND COLLEGE                    ,RI,02908-1991,Public       ,108,255,363,7665,4194,11859
00340800,COMMUNITY COLLEGE OF RI - WARWICK       ,RI,02906-0000,Public       ,448,882,1330,6083,7943,14026
00340801,COMMUNITY COLLEGE OF RI - LINCOLN       ,RI,02865-4585,Public       ,83,216,299,2002,2489,4491
00340802,COMMUNITY COLLEGE OF RI- PROVIDENCE     ,RI,02905-2313,Public       ,104,237,341,1658,2415,4073
00340900,RHODE ISLAND SCHOOL OF DESIGN           ,RI,02903-2784,Private      ,55,33,88,2784,1521,4305
00341000,ROGER WILLIAMS UNIVERSITY               ,RI,02809-2921,Private      ,86,48,134,8011,1785,9796
00341100,SALVE REGINA UNIVERSITY                 ,RI,02840-4192,Private      ,55,29,84,4371,490,4861
00341400,UNIVERSITY OF RHODE ISLAND              ,RI,02881-0000,Public       ,290,267,557,21471,4454,25925
00659100,ST. JOSEPH HOSP SCH OF NURSING          ,RI,02904-5199,Private      ,1,14,15,61,185,246
00784400,SANFORD-BROWN INSTITUTE                 ,RI,02920-7807,Proprietary  ,24,128,152,139,562,701
00784500,NEW ENGLAND INSTITUTE OF TECHNOLOGY     ,RI,02886-2266,Private      ,171,290,461,2804,2826,5630
01115900,"SAWYER SCHOOL,THE                       ",RI,02860-4117,Proprietary  ,62,286,348,328,1524,1852
02071900,ARTHUR ANGELO SCH COSMET&HAIR DSGN      ,RI,02903-0000,Proprietary  ,11,27,38,112,228,340
02176900,WARWICK ACADEMY OF BEAUTY CULTURE       ,RI,02886-1534,Proprietary  ,5,21,26,80,158,238
02584400,NEW ENGLAND TRACTOR TRAILER TRAINING SCH,RI,02860-1752,Proprietary  ,17,148,165,54,495,549
03080000,NEWPORT SCHOOL OF HAIRDRESSING          ,RI,02860-4038,Proprietary  ,4,19,23,16,91,107
03232300,LINCOLN TECHNICAL INSTITUTE             ,RI,02865-4211,Proprietary  ,58,211,269,592,1425,2017
03732300,INTERNATIONAL YACHT RESTORATION SCH     ,RI,02840-6720,Private      ,1,1,2,23,37,60
04141200,TONI & GUY HAIRDRESSING ACADEMY         ,RI,02920-0000,Proprietary  ,9,17,26,115,96,211
00341700,ALLEN UNIVERSITY                        ,SC,29204-1085,Private      ,47,41,88,1387,584,1971
00341800,ANDERSON UNIVERSITY                     ,SC,29621-4035,Private      ,51,67,118,2348,1128,3476
00341900,CHARLESTON SOUTHERN UNIVERSITY          ,SC,29406-2160,Private      ,94,208,302,4121,2331,6452
00342000,BENEDICT COLLEGE                        ,SC,29204-1086,Private      ,141,97,238,4446,1569,6015
00342100,BOB JONES UNIVERSITY                    ,SC,29614-1000,Proprietary  ,75,36,111,3005,476,3481
00342200,SOUTHERN WESLEYAN UNIVERSITY            ,SC,29630-1020,Private      ,15,143,158,1004,1857,2861
00342300,THE CITADEL                             ,SC,29409-0002,Public       ,57,107,164,2623,1206,3829
00342400,CLAFLIN UNIVERSITY                      ,SC,29115-4498,Private      ,47,79,126,2804,1065,3869
00342500,CLEMSON UNIVERSITY                      ,SC,29634-0001,Public       ,333,232,565,17299,4043,21342
00342600,UNIV OF SC AT SUMTER                    ,SC,29150-2498,Public       ,20,59,79,820,723,1543
00342700,COKER COLLEGE                           ,SC,29550-3797,Private      ,16,63,79,1091,936,2027
00342800,COLLEGE OF CHARLESTON                   ,SC,29424-0100,Public       ,241,244,485,10680,3078,13758
00342900,COLUMBIA INTERNATIONAL UNIVERSITY       ,SC,29203-1599,Private      ,11,36,47,617,784,1401
00343000,COLUMBIA COLLEGE                        ,SC,29203-5998,Private      ,38,86,124,1473,1393,2866
00343100,CONVERSE COLLEGE                        ,SC,29302-0006,Private      ,18,46,64,880,846,1726
00343200,ERSKINE COLLEGE                         ,SC,29639-0000,Private      ,14,6,20,713,64,777
00343201,ERSKINE THEOLOGICAL SEMINARY            ,SC,29639-0000,Private      ,0,12,12,5,144,149
00343400,FURMAN UNIVERSITY                       ,SC,29613-5253,Private      ,64,48,112,3493,523,4016
00343500,LANDER UNIVERSITY                       ,SC,29649-2099,Public       ,77,63,140,3983,996,4979
00343600,LIMESTONE COLLEGE                       ,SC,29340-3799,Private      ,37,168,205,1425,3210,4635
00343700,LUTHERAN THEOLOGICAL SOUTHERN SEM       ,SC,29203-5898,Private      ,1,4,5,5,145,150
00343800,MEDICAL UNIV OF SOUTH CAROLINA - FA     ,SC,29425-1760,Public       ,12,112,124,281,3129,3410
00343900,MORRIS COLLEGE                          ,SC,29150-3599,Private      ,50,48,98,1565,601,2166
00344000,NEWBERRY COLLEGE                        ,SC,29108-2197,Private      ,33,18,51,1851,353,2204
00344100,NORTH GREENVILLE COLLEGE                ,SC,29688-1892,Private      ,48,30,78,2416,463,2879
00344500,PRESBYTERIAN COLLEGE                    ,SC,29325-2503,Private      ,29,9,38,1542,251,1793
00344600,SOUTH CAROLINA STATE UNIVERSITY         ,SC,29117-4427,Public       ,185,172,357,6608,2978,9586
00344700,SPARTANBURG METHODIST COLLEGE           ,SC,29301-5899,Private      ,26,21,47,1339,238,1577
00344800,UNIVERSITY OF SOUTH CAROLINA            ,SC,29208-3999,Public       ,479,626,1105,22955,12507,35462
00344900,UNIVERSITY OF SOUTH CAROLINA AIKEN      ,SC,29801-6399,Public       ,62,94,156,3406,1456,4862
00345000,UNIV OF SC AT BEAUFORT                  ,SC,29902-4602,Public       ,46,98,144,1528,1162,2690
00345100,COASTAL CAROLINA UNIVERSITY             ,SC,29528-0000,Public       ,269,198,467,11906,2740,14646
00345300,UNIV OF SC AT LANCASTER                 ,SC,29721-0889,Public       ,29,60,89,930,784,1714
00345400,UNIV OF SC SYSTEM SALKEHATCHIE          ,SC,29810-0617,Public       ,40,96,136,637,803,1440
00345500,VOORHEES COLLEGE                        ,SC,29042-0000,Private      ,25,31,56,1141,443,1584
00345600,WINTHROP UNIVERSITY                     ,SC,29733-0001,Public       ,119,152,271,6104,2445,8549
00345700,WOFFORD COLLEGE                         ,SC,29303-3663,Private      ,50,17,67,2125,198,2323
00399000,FLORENCE-DARLINGTON TECH COLLEGE        ,SC,29501-0548,Public       ,248,690,938,3228,6408,9636
00399100,GREENVILLE TECHNICAL COLLEGE            ,SC,29607-2439,Public       ,556,1535,2091,8157,14329,22486
00399200,PIEDMONT TECHNICAL COLLEGE              ,SC,29648-1467,Public       ,151,613,764,2391,5685,8076
00399300,MIDLANDS TECHNICAL COLLEGE              ,SC,29202-0000,Public       ,482,1330,1812,7348,12565,19913
00399400,SPARTANBURG COMMUNITY COLLEGE           ,SC,29305-4386,Public       ,224,614,838,3478,5962,9440
00399500,CENTRAL CAROLINA TECHNICAL COLLEGE      ,SC,29150-2499,Public       ,147,471,618,1705,4636,6341
00399600,YORK TECHNICAL COLLEGE                  ,SC,29730-3395,Public       ,243,734,977,2968,6336,9304
00492000,TRIDENT TECHNICAL COLLEGE               ,SC,29423-8067,Public       ,650,1869,2519,7091,14206,21297
00492300,CLINTON JR COLLEGE                      ,SC,29730-5152,Private      ,9,10,19,158,115,273
00492400,FORREST JUNIOR COLLEGE                  ,SC,29624-2405,Proprietary  ,6,39,45,38,251,289
00492500,HORRY-GEORGETOWN TECH COLLEGE           ,SC,29526-9521,Public       ,331,963,1294,3912,7914,11826
00492600,TRI-COUNTY TECHNICAL COLLEGE            ,SC,29670-9133,Public       ,228,545,773,4223,5168,9391
00492700,UNIV OF SC AT UNION                     ,SC,29379-0729,Public       ,9,31,40,293,327,620
00499204,MILLER-MOTTE TECHNICAL COLLEGE - CONWAY ,SC,29526-9508,Proprietary  ,51,262,313,97,529,626
00536300,DENMARK TECHNICAL COLLEGE               ,SC,29042-0000,Public       ,64,130,194,873,1176,2049
00681500,ORANGEBURG-CALHOUN TECHNICAL COLG       ,SC,29118-8299,Public       ,102,271,373,1539,2795,4334
00695100,UNIVERSITY OF SOUTH CAROLINA UPSTATE    ,SC,29303-9972,Public       ,133,191,324,5923,3188,9111
00760200,NORTHEASTERN TECHNICAL COLLEGE          ,SC,29520-7015,Public       ,46,150,196,614,1370,1984
00922600,FRANCIS MARION UNIVERSITY               ,SC,29501-0000,Public       ,106,136,242,4843,2121,6964
00932200,WILLIAMSBURG TECHNICAL COLLEGE          ,SC,29556-4197,Public       ,15,77,92,365,877,1242
00991000,TECHNICAL COLLEGE OF THE LOWCOUNTRY     ,SC,29902-5441,Public       ,111,393,504,1075,3323,4398
00991100,UNIV OF SC-REGIONAL CAMPUSES ADMIN      ,SC,29208-0001,Public       ,6,13,19,116,125,241
01005600,AIKEN TECHNICAL COLLEGE                 ,SC,29802-0696,Public       ,135,419,554,2017,3960,5977
01031906,MEDIX SCHOOL - FORTIS COLLEGE           ,SC,29210-0000,Proprietary  ,0,0,0,12,44,56
01209200,KENNETH SHULER SCHOOL OF COSMETOLOGY    ,SC,29732-2169,Proprietary  ,26,67,93,114,232,346
01303907,SOUTH UNIVERSITY                        ,SC,29203-6400,Proprietary  ,45,309,354,559,3019,3578
02063700,SHERMAN CLG STRAIGHT CHIROPRACTIC       ,SC,29316-0000,Private      ,3,26,29,18,248,266
02189800,NO AMER INST OF AVIATION OF SO CAR      ,SC,29527-0000,Proprietary  ,0,1,1,8,24,32
02338600,CHARZANNE BEAUTY COLLEGE                ,SC,29649-0000,Proprietary  ,2,15,17,19,83,102
02341100,KENNETH SHULER SCHOOL OF COSMETOLOGY & N,SC,29210-0000,Proprietary  ,22,96,118,181,636,817
02356600,CHARLESTON COSMETOLOGY INSTITUTE        ,SC,29420-0000,Proprietary  ,12,35,47,77,148,225
02552400,ACADEMY OF HAIR TECHNOLOGY              ,SC,29615-2363,Proprietary  ,9,21,30,73,165,238
02567600,SUMTER BEAUTY COLLEGE                   ,SC,29150-0000,Proprietary  ,4,15,19,31,100,131
02614202,MILLER - MOTTE TECHNICAL COLLEGE - NORTH,SC,29406-9239,Proprietary  ,53,221,274,311,1179,1490
03010614,VIRGINIA COLLEGE - GOLF ACADEMY OF AMERI,SC,29579-0000,Proprietary  ,15,37,52,202,360,562
03010617,VIRGINIA COLLEGE - GREENVILLE           ,SC,29607-7200,Proprietary  ,52,227,279,319,1504,1823
03010620,VIRGINIA COLLEGE - CHARLESTON           ,SC,29406-4999,Proprietary  ,30,216,246,234,1137,1371
03010621,VIRGINIA COLLEGE - COLUMBIA             ,SC,29223-7527,Proprietary  ,32,179,211,160,897,1057
03052300,KENNETH SHULER SCH COSM & HAIR DESG     ,SC,29841-2013,Proprietary  ,9,67,76,90,323,413
03088300,ACADEMY OF COSMETOLOGY                  ,SC,29418-5667,Proprietary  ,8,38,46,56,171,227
03293300,STRAND COLLEGE OF HAIR DESIGN           ,SC,29572-4310,Proprietary  ,5,17,22,43,137,180
03304300,CENTURA COLLEGE                         ,SC,29406-9235,Proprietary  ,24,193,217,166,1173,1339
03513300,LACY COSMETOLOGY SCHOOL                 ,SC,29803-9084,Proprietary  ,2,12,14,25,70,95
03513301,LACY COSMETOLOGY SCHOOL -               ,SC,29072-0000,Proprietary  ,3,16,19,11,60,71
03513302,LACY COSMETOLOGY SCHOOL -               ,SC,29445-0000,Proprietary  ,6,24,30,20,70,90
03595300,CHARLESTON SCHOOL OF MASSAGE            ,SC,29412-8270,Proprietary  ,1,9,10,22,68,90
03746300,LEGRAND INSTITUTE OF COSMETOLOGY        ,SC,29020-0000,Proprietary  ,2,5,7,25,61,86
03746400,SOUTHEASTERN INSTITUTE                  ,SC,29210-0000,Proprietary  ,12,60,72,75,395,470
03768400,STYLETRENDS BARBER AND HAIRSTYLING ACADE,SC,29730-4511,Proprietary  ,1,8,9,25,91,116
03856400,W. L. BONNER COLLEGE                    ,SC,29203-0000,Private      ,2,7,9,5,62,67
03892300,HARLEY'S BEAUTY & BARBER CAREER INST.   ,SC,29204-1919,Proprietary  ,4,16,20,34,104,138
04083300,MARION COUNTY TECHNICAL EDUCATION CENTER,SC,29571-0000,Public       ,1,11,12,14,133,147
04096300,CHARLESTON SCHOOL OF LAW                ,SC,29402-0535,Proprietary  ,4,26,30,22,1348,1370
04158100,AIKEN SCHOOL OF COSMETOLOGY             ,SC,29801-4026,Proprietary  ,3,19,22,35,78,113
04172600,SALON 496 BARBER ACADEMY                ,SC,29607-2548,Proprietary  ,4,34,38,4,34,38
00345800,AUGUSTANA COLLEGE                       ,SD,57197-0001,Private      ,19,17,36,1862,259,2121
00345900,BLACK HILLS STATE UNIVERSITY            ,SD,57799-9670,Public       ,64,165,229,2446,1948,4394
00346100,DAKOTA WESLEYAN UNIVERSITY              ,SD,57301-4398,Private      ,13,19,32,645,307,952
00346300,DAKOTA STATE UNIVERSITY                 ,SD,57042-1799,Public       ,19,64,83,1279,820,2099
00346500,MOUNT MARTY COLLEGE                     ,SD,57078-3724,Private      ,14,33,47,553,521,1074
00346600,NORTHERN STATE UNIVERSITY               ,SD,57401-7198,Public       ,35,51,86,1598,786,2384
00346700,PRESENTATION COLLEGE                    ,SD,57401-1299,Private      ,11,31,42,346,477,823
00346900,UNIVERSITY OF SIOUX FALLS               ,SD,57105-1699,Private      ,15,41,56,1304,607,1911
00347000,SOUTH DAKOTA SCH OF MINES & TECH        ,SD,57701-3995,Public       ,25,52,77,1470,694,2164
00347100,SOUTH DAKOTA STATE UNIVERSITY           ,SD,57007-2298,Public       ,132,177,309,8371,3242,11613
00347400,UNIVERSITY OF SOUTH DAKOTA              ,SD,57069-2390,Public       ,106,280,386,4880,4684,9564
00405600,SIOUX FALLS SEMINARY                    ,SD,57105-2729,Private      ,0,4,4,3,85,88
00405700,NATIONAL AMERICAN UNIVERSITY            ,SD,57701-3692,Proprietary  ,157,1530,1687,899,10217,11116
00405707,NATIONAL AMERICAN UNIVERSITY            ,SD,57105-0000,Proprietary  ,10,38,48,73,487,560
00492900,MCKENNAN HOSP-RADOLOGICAL TECH          ,SD,57101-0000,Private      ,1,1,2,23,27,50
00530900,LAKE AREA TECHNICAL INSTITUTE           ,SD,57201-2869,Public       ,17,52,69,948,635,1583
00598700,AVERA SACRED HEART HOSPITAL SCHOOL OF RA,SD,57078-3899,Private      ,0,0,0,6,15,21
00776400,SOUTHEAST TECHNICAL INST                ,SD,57107-0000,Public       ,77,171,248,1492,1633,3125
00828400,MITCHELL TECHNICAL INSTITUTE            ,SD,57301-2002,Public       ,16,34,50,714,469,1183
01013800,STEWART SCHOOL                          ,SD,57104-0000,Proprietary  ,11,17,28,96,101,197
01014804,COLORADO TECHNICAL UNIVERSITY           ,SD,57108-2272,Proprietary  ,20,122,142,304,1398,1702
01017000,WESTERN DAKOTA TECHNICAL INSTITUTE      ,SD,57701-4018,Public       ,52,139,191,582,1174,1756
01147701,SIOUX VALLEY HOSP-MEDICAL TECH          ,SD,57117-5039,Private      ,0,4,4,16,29,45
01465900,OGLALA LAKOTA COLLEGE                   ,SD,57752-0490,Public       ,24,146,170,325,1531,1856
02137100,BLACK HILLS BEAUTY COLLEGE              ,SD,57701-0000,Proprietary  ,6,13,19,74,101,175
02143700,SINTE GLESKA UNIVERSITY                 ,SD,57570-0000,Public       ,7,47,54,123,645,768
02144600,KILIAN COMMUNITY COLLEGE                ,SD,57103-7020,Private      ,6,55,61,110,484,594
02277300,SISSETON WAHPETON COLLEGE               ,SD,57262-0000,Public       ,3,10,13,45,214,259
02297800,HEADLINES ACADEMY                       ,SD,57701-0000,Proprietary  ,4,20,24,46,128,174
00347700,AQUINAS COLLEGE                         ,TN,37205-2086,Private      ,13,100,113,276,967,1243
00347701,AQUINAS COLLEGE -  PRIMETIME PROGRAM    ,TN,37214-3644,Private      ,0,14,14,11,163,174
00347800,AUSTIN PEAY STATE UNIVERSITY            ,TN,37044-0002,Public       ,266,696,962,7863,8298,16161
00347900,BELMONT UNIVERSITY                      ,TN,37212-3757,Private      ,131,218,349,6241,3689,9930
00348000,BETHEL UNIVERSITY                       ,TN,38201-1705,Private      ,48,543,591,1667,4075,5742
00348100,CARSON-NEWMAN COLLEGE                   ,TN,37760-2204,Private      ,63,42,105,3227,809,4036
00348200,CHRISTIAN BROTHERS UNIVERSITY           ,TN,38104-5581,Private      ,46,99,145,2257,1760,4017
00348300,COLUMBIA STATE COMMUNITY COLLEGE        ,TN,38401-5653,Public       ,140,447,587,3201,4073,7274
00348500,CUMBERLAND UNIVERSITY                   ,TN,37087-3554,Private      ,39,78,117,1569,1246,2815
00348600,LIPSCOMB UNIVERSITY                     ,TN,37204-3951,Private      ,77,160,237,3347,2113,5460
00348700,EAST TENNESSEE STATE UNIV - MAIN CAMPUS ,TN,37614-2857,Public       ,235,496,731,11606,8217,19823
00348701,EAST TENNESSEE STATE UNIV - MEDICINE    ,TN,37614-1708,Public       ,16,32,48,309,604,913
00348709,EAST TENNESSEE STATE UNIV - PHARMACY    ,TN,37614-1704,Public       ,5,12,17,132,476,608
00349000,FISK UNIVERSITY                         ,TN,37208-3045,Private      ,33,42,75,1312,599,1911
00349200,FREED-HARDEMAN UNIVERSITY               ,TN,38340-2399,Private      ,39,54,93,1853,954,2807
00349400,HIWASSEE COLLEGE                        ,TN,37354-4001,Private      ,13,12,25,31,24,55
00349500,JOHNSON BIBLE COLLEGE                   ,TN,37998-9775,Private      ,8,28,36,653,410,1063
00349600,KING COLLEGE                            ,TN,37620-2699,Private      ,21,117,138,1314,1411,2725
00349800,LAMBUTH UNIVERSITY                      ,TN,38301-5296,Private      ,24,30,54,964,422,1386
00349900,LANE COLLEGE                            ,TN,38301-4598,Private      ,73,62,135,3426,1323,4749
00350000,LEE UNIVERSITY                          ,TN,37320-0000,Private      ,69,96,165,3804,1502,5306
00350100,LEMOYNE-OWEN COLLEGE                    ,TN,38126-6510,Private      ,55,186,241,1387,2041,3428
00350200,LINCOLN MEMORIAL UNIVERSITY             ,TN,37752-7920,Private      ,45,157,202,1983,4112,6095
00350400,MARTIN METHODIST COLLEGE                ,TN,38478-2799,Private      ,17,51,68,897,586,1483
00350500,MARYVILLE COLLEGE                       ,TN,37804-5907,Private      ,27,24,51,1849,324,2173
00350600,MEHARRY MEDICAL COLLEGE                 ,TN,37208-0000,Private      ,1,26,27,78,1422,1500
00350700,MEMPHIS COLLEGE OF ART                  ,TN,38104-2764,Private      ,22,22,44,722,354,1076
00350900,UNIVERSITY OF MEMPHIS (THE)             ,TN,38152-4611,Public       ,463,1151,1614,16925,18479,35404
00351000,MIDDLE TENNESSEE STATE UNIV             ,TN,37130-0000,Public       ,656,1058,1714,23777,14094,37871
00351100,MILLIGAN COLLEGE                        ,TN,37682-4001,Private      ,13,38,51,1163,619,1782
00351700,SOUTHERN COLLEGE OF OPTOMETRY           ,TN,38104-2222,Private      ,0,8,8,35,592,627
00351800,SOUTHERN ADVENTIST UNIVERSITY           ,TN,37315-0370,Private      ,67,56,123,2515,894,3409
00351900,RHODES COLLEGE                          ,TN,38112-1690,Private      ,84,43,127,2959,509,3468
00352200,TENNESSEE STATE UNIVERSITY              ,TN,37209-1561,Public       ,308,627,935,11593,9739,21332
00352300,TENNESSEE TECHNOLOGICAL UNIV            ,TN,38505-0001,Public       ,252,315,567,10099,4277,14376
00352400,TENNESSEE TEMPLE UNIVERSITY             ,TN,37404-3587,Private      ,21,143,164,428,924,1352
00352500,TENNESSEE WESLEYAN COLLEGE              ,TN,37371-0040,Private      ,27,31,58,1228,582,1810
00352600,TREVECCA NAZARENE UNIVERSITY            ,TN,37210-2877,Private      ,39,202,241,1475,2319,3794
00352700,TUSCULUM COLLEGE                        ,TN,37743-0001,Private      ,46,102,148,2375,1958,4333
00352800,UNION UNIVERSITY                        ,TN,38305-3697,Private      ,69,229,298,2961,2893,5854
00352900,UNIVERSITY OF TENNESSEE-CHATTANOOGA     ,TN,37403-2598,Public       ,284,362,646,12930,5355,18285
00353000,UNIVERSITY OF TENNESSEE-KNOXVILLE       ,TN,37996-0150,Public       ,540,491,1031,26203,11070,37273
00353006,UNIVERSITY OF TENNESSEE-HEALTH SCI CTR  ,TN,38103-0000,Public       ,20,91,111,447,3462,3909
00353100,UNIVERSITY OF TENNESSEE-MARTIN          ,TN,38238-0002,Public       ,164,265,429,7776,3919,11695
00353400,UNIVERSITY OF THE SOUTH                 ,TN,37383-1000,Private      ,30,9,39,1886,120,2006
00353500,VANDERBILT UNIVERSITY                   ,TN,37240-0001,Private      ,285,207,492,14523,7055,21578
00353501,VANDERBILT UNIV MED CTR ALLIEDHEAL      ,TN,37232-5510,Private      ,4,25,29,82,333,415
00353502,VANDERBILT UNIV - SCH OF MED            ,TN,37232-0000,Private      ,9,18,27,180,1076,1256
00353600,BRYAN COLLEGE                           ,TN,37321-7000,Private      ,33,65,98,1197,639,1836
00399800,CHATTANOOGA STATE COMMUNITY COLLEGE     ,TN,37406-1097,Public       ,334,1186,1520,5613,10212,15825
00399900,CLEVELAND STATE COMMUNITY COLLEGE       ,TN,37312-2858,Public       ,88,354,442,1871,3108,4979
00402500,TN TECHNOLOGY CTR AT KNOXVILLE          ,TN,37919-2327,Public       ,56,227,283,629,1707,2336
00402600,TENNESSEE TECH. CNTR AT CROSSVILLE      ,TN,38555-4142,Public       ,20,56,76,368,574,942
00461700,NATIONAL COLLEGE OF BUSINESS & TECH     ,TN,37211-6605,Proprietary  ,47,221,268,496,2918,3414
00493400,DAYMAR INSTITUTE                        ,TN,37217-1056,Proprietary  ,109,586,695,526,3122,3648
00493401,DAYMAR INSTITUTE - CLARKSVILLE          ,TN,37040-6718,Proprietary  ,0,0,0,38,192,230
00493404,DAYMAR INSTITUTE - MURFREESBORO         ,TN,37128-5508,Proprietary  ,0,0,0,0,6,6
00493700,JACKSON STATE COMMUNITY COLLEGE         ,TN,38301-3797,Public       ,126,498,624,3265,5125,8390
00493800,SOUTH COLLEGE                           ,TN,37909-3323,Proprietary  ,37,237,274,489,2240,2729
00494700,WEST TENNESSEE BUSINESS COLLEGE         ,TN,38301-3256,Proprietary  ,8,94,102,139,712,851
00528000,TN TECHNOLOGY CTR AT COVINGTON          ,TN,38019-0249,Public       ,11,49,60,148,466,614
00528100,TN TECHNOLOGY CTR AT ELIZABETHTON       ,TN,37643-0789,Public       ,33,128,161,320,1075,1395
00528200,TN TECHNOLOGY CTR AT HARTSVILLE         ,TN,37074-0000,Public       ,19,63,82,222,496,718
00528300,TN TECHNOLOGY CTR AT NEWBERN            ,TN,38059-1198,Public       ,11,51,62,169,517,686
00530700,TN TECHNOLOGY CTR AT MCMINNVILLE        ,TN,37110-1322,Public       ,16,43,59,188,570,758
00535100,TENNESSEE TECHNOLOGY CENTER AT MORRISTOW,TN,37813-2094,Public       ,46,103,149,476,1238,1714
00535200,TN TECHNOLOGY CENTER AT MCKENZIE        ,TN,38201-1620,Public       ,6,25,31,160,432,592
00535300,TN TECHNOLOGY CENTER AT LIVINGSTON      ,TN,38570-0219,Public       ,12,37,49,283,468,751
00535400,TN TECHNOLOGY CTR AT JACKSON            ,TN,38301-0000,Public       ,17,116,133,408,1409,1817
00535600,TENNESSEE TECHNOLOGY CENTER AT HOHENWALD,TN,38462-0000,Public       ,20,67,87,285,654,939
00535700,TENNESSEE TECHNOLOGY CENTER AT CRUMP    ,TN,38327-3402,Public       ,11,54,65,251,605,856
00535800,TN TECHNOLOGY CENTER AT ATHENS          ,TN,37371-0848,Public       ,10,45,55,263,580,843
00535900,TENNESSEE TECHNOLOGY CENTER AT NASHVILLE,TN,37209-0000,Public       ,47,314,361,590,2118,2708
00536000,TENNESSEE TECHNOLOGY CENTER AT MEMPHIS  ,TN,38105-3604,Public       ,74,344,418,887,2429,3316
00537800,NORTHEAST STATE COMMUNITY COLLEGE       ,TN,37617-0246,Public       ,170,540,710,3512,5714,9226
00537900,TN TECHNOLOGY CTR AT SHELBYVILLE        ,TN,37160-3697,Public       ,20,104,124,337,978,1315
00683500,DYERSBURG STATE COMMUNITY COLLEGE       ,TN,38024-0000,Public       ,88,352,440,1946,3629,5575
00683600,MOTLOW STATE COMMUNITY COLLEGE          ,TN,37388-7972,Public       ,207,436,643,3268,3789,7057
00732941,ITT TECHNICAL INSTITUTE                 ,TN,37932-3343,Proprietary  ,234,685,919,1322,4016,5338
00732958,ITT TECHNICAL INSTITUTE                 ,TN,37214-3717,Proprietary  ,201,666,867,1228,3231,4459
00743900,FOUNTAINHEAD COLLEGE OF TECHNOLOGY      ,TN,37918-2583,Proprietary  ,17,51,68,168,608,776
00744000,NASHVILLE AUTO DIESEL COLLEGE           ,TN,37206-3298,Proprietary  ,183,177,360,2868,1368,4236
00778200,TENNESSEE TECHNOLOGY CENTER AT DICKSON  ,TN,37055-0000,Public       ,24,119,143,343,907,1250
00778300,MIDDLE TENNESSEE SCH OF ANESTHESIA      ,TN,37116-0000,Private      ,0,7,7,41,195,236
00814500,NASHVILLE STATE TECH CMNTY COLLEGE      ,TN,37209-0000,Public       ,285,1184,1469,3922,9526,13448
00865500,GENESIS CAREER COLLEGE OF COOKEVILLE    ,TN,38501-1959,Proprietary  ,23,83,106,114,400,514
00885900,JOHN A GUPTON COLLEGE                   ,TN,37203-2934,Private      ,4,26,30,110,195,305
00886300,WALTERS STATE COMMUNITY COLLEGE         ,TN,37813-6899,Public       ,239,595,834,4434,5566,10000
00946400,TN TECHNOLOGY CTR AT PULASKI            ,TN,38478-4541,Public       ,11,48,59,156,597,753
00956700,TENNESSEE SCHOOL OF BEAUTY              ,TN,37921-3303,Proprietary  ,21,75,96,262,519,781
00971000,TENNESSEE TECHNOLOGY CENTER AT ONEIDA/HU,TN,37756-4149,Public       ,21,64,85,129,447,576
00991200,VOLUNTEER STATE COMMUNITY COLLEGE       ,TN,37066-3188,Public       ,249,656,905,4240,6242,10482
00991400,ROANE STATE COMMUNITY COLLEGE           ,TN,37748-8664,Public       ,195,472,667,3905,5224,9129
00998200,CRICHTON COLLEGE                        ,TN,38111-4745,Proprietary  ,18,106,124,284,1572,1856
01032600,TN TECHNOLOGY CTR AT HARRIMAN           ,TN,37748-1109,Public       ,16,31,47,184,420,604
01043900,SOUTHWEST TENNESSEE COMMUNITY COLLG     ,TN,38104-3322,Public       ,500,1717,2217,8265,16273,24538
01044700,"PLAZA BEAUTY SCHOOL, INC.               ",TN,38117-4822,Proprietary  ,11,33,44,118,293,411
01046000,AMERICAN BAPTIST THEOLOGICAL SEMINA     ,TN,37207-4994,Private      ,1,17,18,19,171,190
01052900,MEMPHIS THEOLOGICAL SEMINARY            ,TN,38104-0000,Private      ,0,18,18,8,292,300
01070000,TN TECHNOLOGY CENTER AT JACKSBORO       ,TN,37757-2461,Public       ,8,27,35,144,322,466
01155300,WM R MOORE COLLEGE OF TECHNOLOGY        ,TN,38104-0000,Private      ,12,44,56,113,309,422
01216400,TENNESSEE TECHNICAL CNTR AT RIPLEY      ,TN,38063-7359,Public       ,10,53,63,103,409,512
01254700,EMMANUEL SCHOOL OF RELIGION             ,TN,37601-0000,Private      ,0,2,2,3,77,80
01269300,PELLISSIPPI STATE COMMUNITY COLLEGE     ,TN,37933-0990,Public       ,342,829,1171,5953,7157,13110
02069303,VATTEROTT COLLEGE -                     ,TN,38016-5877,Proprietary  ,14,77,91,161,646,807
02092800,TENNESSEE TECHNOLOGY CENTER AT WHITEVILL,TN,38075-0000,Public       ,15,34,49,155,367,522
02103500,TN TECHNOLOGY CTR AT MURFREESBORO       ,TN,37129-0000,Public       ,38,112,150,346,928,1274
02106400,O'MORE COLLEGE OF DESIGN                ,TN,37064-0000,Private      ,8,6,14,211,103,314
02125300,NASHVILLE CLG OF MEDICAL CAREERS        ,TN,37115-0000,Proprietary  ,8,48,56,61,330,391
02153100,JON NAVE UNIVERSITY OF COSMETOLOGY      ,TN,37013-3347,Proprietary  ,24,69,93,230,436,666
02157100,CONCORDE CAREER COLLEGE                 ,TN,38137-0000,Proprietary  ,45,253,298,437,2078,2515
02160307,INTERNATIONAL ACADEMY OF DESIGN & TECH  ,TN,37212-0000,Proprietary  ,32,72,104,532,785,1317
02188300,PENTECOSTAL THEOLOGICAL SEMINARY        ,TN,37320-0000,Private      ,0,10,10,3,217,220
02204200,"CHATTANOOGA COLLEGE - MEDICAL, DENTAL AN",TN,37411-0000,Proprietary  ,23,78,101,204,774,978
02237900,TN TECHNOLOGY CENTER AT PARIS           ,TN,38242-0000,Public       ,14,63,77,185,622,807
02255000,KNOXVILLE INSTITUTE OF HAIR DESIGN      ,TN,37917-0000,Proprietary  ,9,49,58,32,144,176
02257400,ARNOLD'S BEAUTY SCHOOL                  ,TN,38358-0000,Proprietary  ,13,24,37,57,79,136
02263104,ANTHEM COLLEGE - ANTHEM CAREER COLLEGE -,TN,37214-2531,Proprietary  ,1,27,28,62,219,281
02275500,REUBEN-ALLEN COLLEGE                    ,TN,37922-0000,Proprietary  ,2,17,19,56,129,185
02278700,MR WAYNES SCH OF UNISEX HAIR DESIGN     ,TN,38501-0000,Proprietary  ,4,14,18,18,59,77
02293900,VOLUNTEER BEAUTY ACADEMY-NASHVILLE      ,TN,37115-2112,Proprietary  ,5,30,35,30,103,133
02294000,VOLUNTEER BEAUTY ACADEMY-DYERSBURG      ,TN,38024-1622,Proprietary  ,1,25,26,23,109,132
02326200,KAPLAN CAREER INSTITUTE                 ,TN,37212-5318,Proprietary  ,36,207,243,353,2048,2401
02326300,MEDVANCE INSTITUTE                      ,TN,38501-4305,Proprietary  ,16,70,86,119,517,636
02335900,VOLUNTEER BEAUTY ACADEMY-NASHVILLE      ,TN,37209-3033,Proprietary  ,5,17,22,38,129,167
02539800,QUEEN CITY COLLEGE                      ,TN,37042-0000,Proprietary  ,8,32,40,54,258,312
02540000,TENNESSEE ACADEMY OF COSMETOLOGY        ,TN,38133-0000,Proprietary  ,10,51,61,99,300,399
02578200,NOSSI COLLEGE OF ART                    ,TN,37072-0000,Proprietary  ,12,16,28,311,316,627
02595000,FAYETTEVILLE BEAUTY SCHOOL              ,TN,37334-2909,Proprietary  ,7,15,22,23,82,105
02599710,VATTEROTT COLLEGE - MEMPHIS             ,TN,38132-1714,Proprietary  ,25,126,151,229,1032,1261
02605501,REMINGTON COLLEGE - MEMPHIS CAMPUS      ,TN,38132-0000,Proprietary  ,45,277,322,461,1790,2251
02609204,VATTEROTT COLLEGE - VATTEROTT CAREER COL,TN,38133-4727,Proprietary  ,14,72,86,135,716,851
02614200,MILLER MOTTE BUSINESS COLLEGE           ,TN,37040-6023,Proprietary  ,35,152,187,296,1237,1533
02614203,MILLER - MOTTE TECHNICAL COLLEGE - CHATT,TN,37421-7220,Proprietary  ,25,122,147,303,1123,1426
02614204,MILLER - MOTTE TECHNICAL COLLEGE - MADIS,TN,37072-1870,Proprietary  ,20,107,127,166,668,834
03001800,FREE WILL BAPTIST BIBLE COLLEGE         ,TN,37205-2498,Private      ,8,11,19,224,152,376
03008800,FRANKLIN ACADEMY                        ,TN,37312-3939,Private      ,5,14,19,36,116,152
03010606,VIRGINIA COLLEGE - SCH OF BUSNSS & HLTH ,TN,37411-5600,Proprietary  ,12,50,62,87,463,550
03024900,TENNESSEE ACADEMY OF COSMETOLOGY        ,TN,38125-3442,Proprietary  ,4,39,43,111,265,376
03061100,GENESIS CAREER COLLEGE OF LEBANON       ,TN,37087-2718,Proprietary  ,24,51,75,122,316,438
03076405,BRYMAN SCHOOL OF ARIZONA (THE) - ANTHEM ,TN,38134-7345,Proprietary  ,1,4,5,113,346,459
03079100,NORTH CENTRAL INSTITUTE                 ,TN,37042-3116,Proprietary  ,4,18,22,39,129,168
03088800,WATKINS INSTITUTE COLLEGE OF ART & DESIG,TN,37228-1306,Private      ,17,26,43,546,362,908
03126900,STYLES & PROFILES BEAUTY COLLEGE        ,TN,38375-2109,Proprietary  ,3,2,5,15,40,55
03355400,RICHMONT GRADUATE UNIVERSITY            ,TN,37404-0000,Private      ,0,22,22,9,271,280
03440300,BAPTIST MEMORIAL COLLEGE OF HEALTH      ,TN,38104-3104,Private      ,25,121,146,825,1998,2823
03480303,MEDVANCE INSTITUTE - NASHVILLE          ,TN,37203-1536,Proprietary  ,27,204,231,187,968,1155
03513500,WILLIAMSON CHRISTIAN COLLEGE            ,TN,37067-8237,Private      ,11,43,54,41,234,275
03647300,NEW CONCEPTS SCHOOL OF COSMETOLOGY      ,TN,37311-7373,Proprietary  ,2,17,19,18,74,92
03683300,INTERNATIONAL BARBER & STYLE COLLEGE    ,TN,37209-0000,Proprietary  ,18,42,60,58,208,266
03701300,MEMPHIS INSTITUTE OF BARBERING          ,TN,38107-4334,Proprietary  ,11,46,57,115,320,435
03774400,SHEAR ACADEMY                           ,TN,38555-4177,Proprietary  ,2,8,10,24,47,71
03830300,SAE INSTITUTE OF TECHNOLOGY             ,TN,37203-4310,Proprietary  ,26,60,86,194,350,544
03840300,OXFORD GRADUATE SCHOOL                  ,TN,37321-6736,Private      ,0,4,4,0,11,11
03841300,CAREER BEAUTY COLLEGE                   ,TN,38464-3634,Proprietary  ,0,8,8,17,55,72
03920300,INSTITUTE OF HAIR DESIGN                ,TN,38310-1801,Proprietary  ,4,6,10,28,44,72
03930300,BUCHANAN BEAUTY COLLEGE                 ,TN,37160-2741,Proprietary  ,4,11,15,18,92,110
03982300,VISIBLE SCHOOL - MUSIC AND WORSHIPS ARTS,TN,38104-5814,Private      ,6,5,11,118,78,196
04035300,NAVE COSMETOLOGY ACADEMY                ,TN,38401-6335,Proprietary  ,10,27,37,59,198,257
04124100,ELITE COLLEGE OF COSMETOLOGY            ,TN,38351-1431,Proprietary  ,4,7,11,32,69,101
04157200,LOVE BEAUTY SCHOOL                      ,TN,37355-2950,Proprietary  ,4,17,21,31,94,125
00353700,ABILENE CHRISTIAN UNIVERSITY            ,TX,79699-3701,Private      ,130,117,247,4585,1749,6334
00353900,ALVIN COMMUNITY COLLEGE                 ,TX,77511-4807,Public       ,106,380,486,1304,2838,4142
00354000,AMARILLO COLLEGE                        ,TX,79109-2446,Public       ,282,968,1250,3423,7558,10981
00354100,ANGELO STATE UNIVERSITY                 ,TX,76909-5069,Public       ,201,233,434,6760,2994,9754
00354300,AUSTIN COLLEGE                          ,TX,75090-4440,Private      ,63,21,84,2068,272,2340
00354400,AUSTIN PRESBYTERIAN THEOLOGICAL SEM     ,TX,78705-5797,Private      ,0,6,6,2,150,152
00354500,BAYLOR UNIVERSITY                       ,TX,76798-1458,Private      ,728,251,979,20730,5083,25813
00354600,COASTAL BEND COLLEGE                    ,TX,78102-2197,Public       ,117,298,415,1733,2738,4471
00354900,BLINN COLLEGE                           ,TX,77833-4098,Public       ,601,532,1133,10249,4949,15198
00355300,CISCO JUNIOR COLLEGE                    ,TX,76437-9803,Public       ,109,411,520,2084,3092,5176
00355400,CLARENDON COLLEGE                       ,TX,79226-0000,Public       ,18,83,101,496,678,1174
00355600,COMMONWEALTH INST OF FUNERAL SVC        ,TX,77090-5918,Private      ,9,33,42,84,253,337
00355700,CONCORDIA UNIVERSITY TEXAS              ,TX,78726-4141,Private      ,41,337,378,1457,2676,4133
00355800,NORTH CENTRAL TEXAS COLLEGE             ,TX,76240-4699,Public       ,257,600,857,3022,4854,7876
00356000,DALLAS BAPTIST UNIVERSITY               ,TX,75211-9299,Private      ,119,396,515,2880,4466,7346
00356100,CEDAR VALLEY COLLEGE                    ,TX,75134-0000,Public       ,145,524,669,2152,4756,6908
00356200,DALLAS THEOLOGICAL SEM                  ,TX,75204-0000,Private      ,2,81,83,15,714,729
00356300,DEL MAR COLLEGE                         ,TX,78404-3897,Public       ,395,1036,1431,5188,8538,13726
00356400,EAST TEXAS BAPTIST UNIVERSITY           ,TX,75670-1423,Private      ,35,33,68,1532,422,1954
00356500,TEXAS A&M UNIVERSITY - COMMERCE         ,TX,75429-3011,Public       ,162,548,710,4699,7089,11788
00356600,EPISCOPAL THEOL SEM OF THE STHWST       ,TX,78768-0000,Private      ,0,0,0,2,19,21
00356800,FRANK PHILLIPS COLLEGE                  ,TX,79008-0000,Public       ,21,67,88,460,611,1071
00357000,GRAYSON COUNTY COLLEGE                  ,TX,75020-8299,Public       ,135,573,708,1803,4153,5956
00357100,HARDIN-SIMMONS UNIVERSITY               ,TX,79698-6050,Private      ,48,59,107,2371,1011,3382
00357200,TRINITY VALLEY COMMUNITY COLLEGE        ,TX,75751-2734,Public       ,196,565,761,2385,4695,7080
00357300,HILL COLLEGE                            ,TX,76645-2711,Public       ,57,190,247,945,1327,2272
00357301,HILL COLLEGE                            ,TX,76031-0000,Public       ,72,256,328,817,2121,2938
00357400,HOWARD COLLEGE                          ,TX,79720-0213,Public       ,124,327,451,1415,2658,4073
00357500,HOWARD PAYNE UNIVERSITY                 ,TX,76801-2715,Private      ,49,27,76,1495,419,1914
00357600,HOUSTON BAPTIST UNIVERSITY              ,TX,77074-3298,Private      ,130,195,325,4404,2500,6904
00357700,HUSTON - TILLOTSON UNIVERSITY           ,TX,78702-2795,Private      ,31,68,99,1190,813,2003
00357800,UNIVERSITY OF THE INCARNATE WORD        ,TX,78209-6398,Private      ,174,355,529,4985,5289,10274
00357900,JACKSONVILLE COLLEGE                    ,TX,75766-4759,Private      ,10,33,43,244,230,474
00358000,KILGORE COLLEGE                         ,TX,75662-3299,Public       ,233,658,891,3295,5009,8304
00358100,LAMAR UNIVERSITY-BEAUMONT               ,TX,77710-0042,Public       ,329,831,1160,8541,7958,16499
00358200,LAREDO COMMUNITY COLLEGE                ,TX,78040-4395,Public       ,463,506,969,6157,4927,11084
00358300,LEE COLLEGE                             ,TX,77520-4796,Public       ,153,549,702,1834,4443,6277
00358400,LETOURNEAU UNIVERSITY                   ,TX,75607-0000,Private      ,40,268,308,1676,3238,4914
00358500,LON MORRIS COLLEGE                      ,TX,75766-2900,Private      ,29,28,57,1051,307,1358
00358600,LUBBOCK CHRISTIAN UNIVERSITY            ,TX,79407-2099,Private      ,64,109,173,1599,1394,2993
00358800,UNIVERSITY OF MARY HARDIN-BAYLOR        ,TX,76513-2599,Private      ,90,97,187,3427,1386,4813
00359000,MCLENNAN COMMUNITY COLLEGE              ,TX,76708-1498,Public       ,308,950,1258,4244,8019,12263
00359100,MCMURRY UNIVERSITY                      ,TX,79697-0001,Private      ,40,62,102,1718,768,2486
00359200,MIDWESTERN STATE UNIVERSITY             ,TX,76308-2099,Public       ,154,259,413,4346,3275,7621
00359300,NAVARRO COLLEGE                         ,TX,75110-4818,Public       ,260,731,991,4583,6447,11030
00359400,UNIVERSITY OF NORTH TEXAS               ,TX,76203-5017,Public       ,954,1371,2325,27104,20603,47707
00359500,OBLATE SCHOOL OF THEOLOGY               ,TX,78216-0000,Private      ,0,9,9,8,45,53
00359600,ODESSA COLLEGE                          ,TX,79764-7127,Public       ,148,407,555,1839,3327,5166
00359800,OUR LADY OF THE LAKE UNIVERSITY         ,TX,78207-4689,Private      ,79,223,302,2422,3032,5454
00359900,UNIVERSITY OF TEXAS - PAN AMERICAN      ,TX,78541-2999,Public       ,472,622,1094,15751,10183,25934
00360000,PANOLA COLLEGE                          ,TX,75633-2397,Public       ,60,238,298,901,1860,2761
00360100,PARIS JR COLLEGE                        ,TX,75460-6298,Public       ,142,476,618,2017,3880,5897
00360200,PAUL QUINN COLLEGE                      ,TX,75241-4398,Private      ,23,64,87,348,632,980
00360300,RANGER COLLEGE                          ,TX,76470-3298,Public       ,38,98,136,597,582,1179
00360305,RANGER COLLEGE-STEPHENVILE BEAUTY COLLEG,TX,76401-5136,Public       ,2,11,13,5,33,38
00360400,RICE UNIVERSITY                         ,TX,77251-1892,Private      ,301,185,486,9073,2862,11935
00360600,SAM HOUSTON STATE UNIVERSITY            ,TX,77340-0000,Public       ,628,599,1227,16289,7912,24201
00360700,ALAMO CMTY CLG DISTRICT PROGRAM         ,TX,78207-0000,Public       ,62,194,256,925,1513,2438
00360800,ST PHILLIPS COLLEGE                     ,TX,78203-2098,Public       ,406,1353,1759,4903,10945,15848
00360900,SAN JACINTO CLG-CENTRAL-NORTH-SOUTH     ,TX,77501-0000,Public       ,757,1779,2536,8895,13869,22764
00361000,SCHREINER UNIVERSITY                    ,TX,78028-5697,Private      ,36,49,85,1424,483,1907
00361100,SOUTH PLAINS COLLEGE                    ,TX,79336-6504,Public       ,315,659,974,4960,5611,10571
00361200,UNIV OF HOUSTON-DOWNTOWN                ,TX,77002-1001,Public       ,313,830,1143,6958,11202,18160
00361300,SOUTHERN METHODIST UNIVERSITY           ,TX,75275-0181,Private      ,250,319,569,6980,5873,12853
00361400,SOUTHWEST TEXAS JR COLLEGE              ,TX,78801-6221,Public       ,160,423,583,2755,3474,6229
00361500,TEXAS STATE UNIVERSITY--SAN MARCOS      ,TX,78666-4602,Public       ,1057,905,1962,27577,15121,42698
00361600,SOUTHWESTERN ASSEMBLIES OF GOD UNIV     ,TX,75165-2397,Private      ,52,110,162,1658,1251,2909
00361700,SOUTHWESTERN BAPTIST THEOL SEMINARY     ,TX,76122-0000,Private      ,0,0,0,31,177,208
00361800,SOUTHWESTERN CHRISTIAN COLLEGE          ,TX,75160-3400,Private      ,7,11,18,219,117,336
00361900,SOUTHWESTERN ADVENTIST UNIVERSITY       ,TX,76059-1922,Private      ,23,28,51,642,412,1054
00362000,SOUTHWESTERN UNIVERSITY                 ,TX,78626-6111,Private      ,49,23,72,2386,247,2633
00362100,ST EDWARDS UNIVERSITY                   ,TX,78704-0000,Private      ,141,215,356,5135,3085,8220
00362300,ST MARY'S UNIV OF SAN ANTONIO           ,TX,78228-8500,Private      ,132,158,290,4196,3335,7531
00362400,STEPHEN F AUSTIN STATE UNIVERSITY       ,TX,75962-0001,Public       ,438,302,740,13500,4951,18451
00362500,SUL ROSS STATE UNIVERSITY               ,TX,79832-0113,Public       ,57,150,207,1667,2062,3729
00362600,TARRANT COUNTY COLLEGE                  ,TX,76102-6599,Public       ,1353,3538,4891,16391,28510,44901
00362700,TEMPLE COLLEGE                          ,TX,76504-7435,Public       ,167,713,880,2199,5515,7714
00362800,TEXARKANA COLLEGE                       ,TX,75599-0001,Public       ,88,307,395,1834,3042,4876
00363000,PRAIRIE VIEW A&M UNIVERSITY             ,TX,77446-2967,Public       ,316,472,788,11176,6437,17613
00363100,TARLETON STATE UNIVERSITY               ,TX,76402-0000,Public       ,278,435,713,6737,6011,12748
00363200,TEXAS A&M UNIVERSITY                    ,TX,77842-0000,Public       ,1420,591,2011,38122,9595,47717
00363400,TEXAS STATE TECHNICAL CLG AT WACO       ,TX,76705-1695,Public       ,237,508,745,3099,4486,7585
00363500,TEXAS CHIROPRACTIC COLLEGE              ,TX,77505-1699,Private      ,2,9,11,14,358,372
00363600,TEXAS CHRISTIAN UNIVERSITY              ,TX,76129-0001,Private      ,465,311,776,11071,3674,14745
00363700,JARVIS CHRISTIAN COLLEGE                ,TX,75765-1470,Private      ,26,21,47,703,268,971
00363800,TEXAS COLLEGE                           ,TX,75702-4500,Private      ,26,62,88,892,757,1649
00363900,TEXAS A&M UNIVERSITY-KINGSVILLE         ,TX,78363-8203,Public       ,260,351,611,7252,5918,13170
00364100,TEXAS LUTHERAN UNIVERSITY               ,TX,78155-5999,Private      ,40,28,68,2013,337,2350
00364200,TEXAS SOUTHERN UNIVERSITY               ,TX,77004-4598,Public       ,375,877,1252,10090,12719,22809
00364300,TEXAS SOUTHMOST COLLEGE                 ,TX,78520-4992,Public       ,0,0,0,379,467,846
00364400,TEXAS TECH UNIVERSITY                   ,TX,79409-0000,Public       ,876,647,1523,24084,10891,34975
00364500,TEXAS WESLEYAN UNIVERSITY               ,TX,76105-1536,Private      ,51,181,232,1412,4050,5462
00364600,TEXAS WOMAN'S UNIVERSITY                ,TX,76204-5587,Public       ,178,765,943,6277,11585,17862
00364700,TRINITY UNIVERSITY                      ,TX,78212-7200,Private      ,86,50,136,3438,706,4144
00364800,TYLER JUNIOR COLLEGE                    ,TX,75701-3436,Public       ,426,906,1332,7508,7632,15140
00365100,UNIVERSITY OF DALLAS                    ,TX,75062-4799,Private      ,36,136,172,1867,1468,3335
00365200,UNIVERSITY OF HOUSTON                   ,TX,77204-2010,Public       ,1200,1894,3094,30858,27033,57891
00365400,UNIVERSITY OF ST THOMAS                 ,TX,77006-4626,Private      ,43,330,373,1549,2233,3782
00365600,UNIVERSITY OF TEXAS-ARLINGTON           ,TX,76019-0000,Public       ,660,2009,2669,19776,24118,43894
00365800,UNIVERSITY OF TEXAS-AUSTIN              ,TX,78713-7758,Public       ,1301,999,2300,41889,21685,63574
00365900,UT HEALTH CENTER-SAN ANTONIO            ,TX,78229-3900,Public       ,60,185,245,939,3640,4579
00366100,UNIVERSITY OF TEXAS-EL PASO             ,TX,79968-0629,Public       ,436,839,1275,13599,12348,25947
00366200,VICTORIA COLLEGE (THE)                  ,TX,77901-4494,Public       ,129,391,520,1698,3042,4740
00366300,WAYLAND BAPTIST UNIVERSITY              ,TX,79072-6998,Private      ,45,407,452,1198,3568,4766
00366400,WEATHERFORD COLLEGE                     ,TX,76086-5699,Public       ,174,400,574,2207,3426,5633
00366500,WEST TEXAS A&M UNIVERSITY               ,TX,79016-0000,Public       ,176,277,453,5393,3784,9177
00366800,WHARTON COUNTY JR COLLEGE               ,TX,77488-3298,Public       ,217,502,719,2604,3384,5988
00366900,WILEY COLLEGE                           ,TX,75670-5199,Private      ,45,53,98,1089,888,1977
00400300,CENTRAL TEXAS COLLEGE                   ,TX,76540-4199,Public       ,270,2348,2618,2815,14470,17285
00407221,NORTHWOOD UNIVERSITY                    ,TX,75104-0000,Private      ,21,75,96,589,918,1507
00445300,EL CENTRO COLLEGE                       ,TX,75202-0000,Public       ,332,1468,1800,4050,11261,15311
00450303,EVEREST COLLEGE - FORT WORTH SOUTH      ,TX,76115-1407,Proprietary  ,25,215,240,139,890,1029
00481102,EVEREST INSTITUTE - EVEREST COLLEGE     ,TX,76011-6630,Proprietary  ,26,196,222,241,1252,1493
00494800,TEXAS A&M UNIV SYSTEM HEALTH SCI CT     ,TX,77840-7896,Public       ,38,52,90,804,1880,2684
00494900,BAYLOR COLLEGE OF MEDICINE              ,TX,77030-0000,Private      ,44,64,108,558,1622,2180
00495100,UNIV OF TEXAS HEALTH SCIENCE CENTER     ,TX,77225-0000,Public       ,28,168,196,522,3541,4063
00495200,UNIV OF TEXAS MEDICAL BRANCH            ,TX,77550-0000,Public       ,18,122,140,327,2403,2730
00497200,GALVESTON COLLEGE                       ,TX,77550-7447,Public       ,84,262,346,1173,2040,3213
00497700,SOUTH TEXAS COLLEGE OF LAW              ,TX,77002-0000,Private      ,0,79,79,61,2248,2309
00660600,BAPTIST HS SCHOOL OF HEALTH PROFESSIONS ,TX,78229-3234,Proprietary  ,15,122,137,213,1267,1480
00661200,COVENANT SCH OF NSG & ALLIED HEALTH     ,TX,79410-0000,Private      ,18,35,53,131,404,535
00666100,ANGELINA COLLEGE                        ,TX,75902-0000,Public       ,160,530,690,2455,4317,6772
00694100,DALLAS CHRISTIAN COLLEGE                ,TX,75234-7229,Private      ,13,42,55,311,476,787
00709600,COLLEGE OF THE MAINLAND                 ,TX,77591-2499,Public       ,94,461,555,1218,3132,4350
00728700,BRAZOSPORT COLLEGE                      ,TX,77566-3199,Public       ,145,301,446,1322,1979,3301
00732907,ITT TECHNICAL INSTITUTE                 ,TX,77063-3751,Proprietary  ,31,117,148,298,793,1091
00732913,ITT TECHNICAL INSTITUTE                 ,TX,76011-3919,Proprietary  ,95,362,457,499,1550,2049
00732975,ITT TECHNICAL INSTITUTE                 ,TX,78249-3303,Proprietary  ,74,232,306,388,1118,1506
00754805,WESTWOOD COLLEGE OF TECHNOLOGY          ,TX,77074-0000,Proprietary  ,22,86,108,450,805,1255
00835300,LINCOLN COLLEGE OF TECHNOLOGY           ,TX,75052-0000,Proprietary  ,113,180,293,1030,1354,2384
00849800,MIMS CLASSIC BEAUTY COLLEGE             ,TX,78216-0000,Proprietary  ,2,17,19,42,102,144
00850300,MOUNTAIN VIEW COLLEGE                   ,TX,75211-6599,Public       ,228,708,936,3500,6341,9841
00850400,RICHLAND COLLEGE                        ,TX,75243-2199,Public       ,324,1054,1378,4724,8599,13323
00851000,EASTFIELD COLLEGE                       ,TX,75150-2099,Public       ,289,1018,1307,3932,8047,11979
00907905,EVEREST COLLEGE                         ,TX,75206-5209,Proprietary  ,83,352,435,577,2298,2875
00908200,INTERNATIONAL BUSINESS COLLEGE          ,TX,79903-0000,Proprietary  ,27,121,148,170,652,822
00916300,SAN ANTONIO COLLEGE                     ,TX,78212-4299,Public       ,967,2356,3323,12572,20405,32977
00922500,TEXAS STATE TECHNICAL COLLEGE  HARLINGEN,TX,78550-3697,Public       ,268,521,789,3389,4272,7661
00946600,KAPLAN COLLEGE                          ,TX,78216-1899,Proprietary  ,27,225,252,341,1643,1984
00946607,KAPLAN COLLEGE - MCALLEN                ,TX,78503-1622,Proprietary  ,42,119,161,423,918,1341
00946609,KAPLAN COLLEGE - CAREER CENTERS OF TEXAS,TX,78416-9900,Proprietary  ,26,130,156,215,978,1193
00946610,KAPLAN COLLEGE - CAREER CENTERS OF TEXAS,TX,76103-2310,Proprietary  ,22,138,160,224,1048,1272
00954900,WESTERN TEXAS COLLEGE                   ,TX,79549-9501,Public       ,25,61,86,648,492,1140
00965100,TEXAS A&M INTERNATIONAL UNIVERSITY      ,TX,78041-1900,Public       ,254,188,442,5224,3402,8626
00974100,UNIVERSITY OF TEXAS AT DALLAS           ,TX,75083-0000,Public       ,332,721,1053,8147,9382,17529
00976800,UNIVERSITY OF NORTH TEXAS HEALTH SCIENCE,TX,76107-2699,Public       ,24,68,92,267,1926,2193
00979700,MIDLAND COLLEGE                         ,TX,79705-6397,Public       ,121,317,438,1802,2963,4765
00982802,EVEREST INSTITUTE- AUSTIN               ,TX,78754-0000,Proprietary  ,70,292,362,351,1548,1899
00993000,UNIVERSITY OF TEXAS-PERMIAN BASIN       ,TX,79762-0001,Public       ,76,195,271,1947,2624,4571
00993200,TEXAS STATE TECH CLG-WEST TEXAS         ,TX,79556-4108,Public       ,45,109,154,491,956,1447
00993201,TEXAS STATE TECH COLLEGE-ABILENE        ,TX,79601-0000,Public       ,26,68,94,163,541,704
00993204,TEXAS STATE TECH CLG-BRECKENRIDGE       ,TX,76424-0000,Public       ,3,16,19,34,168,202
00993205,TEXAS STATE TECH COLLEGE-BROWNWOOD      ,TX,76801-0000,Public       ,9,42,51,93,337,430
01001900,UNIV OF TEXAS SOUTHWESTERN MED CTR      ,TX,75390-9096,Public       ,14,54,68,252,2051,2303
01005700,AMERICAN COMMERCIAL COLLEGE             ,TX,79602-1399,Proprietary  ,11,98,109,54,480,534
01005900,AMERICAN COMMERCIAL COLLEGE             ,TX,79761-0000,Proprietary  ,5,28,33,39,259,298
01005901,AMERICAN COMMERCIAL COLLEGE - AMERICAN C,TX,76310-2303,Proprietary  ,6,66,72,53,355,408
01006000,VERNON COLLEGE                          ,TX,76384-4092,Public       ,74,288,362,1200,2728,3928
01011500,UNIVERSITY OF TEXAS-SAN ANTONIO         ,TX,78249-0600,Public       ,1000,1157,2157,28455,17745,46200
01013000,WADE COLLEGE                            ,TX,75207-3199,Proprietary  ,21,38,59,237,276,513
01038700,EL PASO COMMUNITY COLLEGE               ,TX,79998-0000,Public       ,1034,1982,3016,14512,17092,31604
01050900,HALLMARK COLLEGE OF AERONAUTICS         ,TX,78214-0000,Proprietary  ,38,213,251,222,1086,1308
01050901,HALLMARK COLLEGE OF  TECHNOLOGY-        ,TX,78230-1736,Proprietary  ,0,0,0,0,3,3
01062400,CENTRAL TEXAS COMMERCIAL COLLEGE        ,TX,75231-5033,Proprietary  ,2,15,17,61,240,301
01063300,HOUSTON COMMUNITY COLLEGE               ,TX,77002-0000,Public       ,1712,5656,7368,20909,45206,66115
01067400,TEXAS TECH U HEALTH SCIENCES CENTER     ,TX,79430-0000,Public       ,34,250,284,950,3683,4633
01076100,DALLAS INSTITUTE OF FUNERAL SERVICE     ,TX,75227-4314,Private      ,9,43,52,81,363,444
01114500,LONE STAR COLLEGE SYSTEM                ,TX,77073-3499,Public       ,1385,3689,5074,16017,29457,45474
01114501,LONE STAR COLLEGE-KINGWOOD              ,TX,77339-0000,Public       ,0,0,0,100,293,393
01114502,LONE STAR COLLEGE-TOMBALL               ,TX,77375-0000,Public       ,0,0,0,102,205,307
01114503,LONE STAR COLLEGE-MONTGOMERY            ,TX,77384-0000,Public       ,0,0,0,172,339,511
01114504,LONE STAR COLLEGE-CY-FAIR               ,TX,77433-1383,Public       ,0,0,0,178,305,483
01116100,TEXAS A&M UNIV CORPUS CHRISTI           ,TX,78412-5599,Public       ,315,401,716,8618,5404,14022
01116300,UNIVERSITY OF TEXAS AT TYLER            ,TX,75799-6699,Public       ,161,320,481,4410,4568,8978
01171100,UNIVERSITY OF HOUSTON-CLEAR LAKE        ,TX,77058-1002,Public       ,141,592,733,2197,7661,9858
01201500,AUSTIN COMMUNITY COLLEGE                ,TX,78752-4390,Public       ,1294,3490,4784,14995,26960,41955
01202000,VICTORIA BEAUTY COLLEGE                 ,TX,77901-6233,Proprietary  ,6,16,22,42,141,183
01226800,BALDWIN BEAUTY SCHOOL #5                ,TX,78704-4785,Proprietary  ,20,59,79,123,320,443
01229700,LAREDO BEAUTY COLLEGE                   ,TX,78040-1051,Proprietary  ,10,42,52,105,272,377
01248200,ATI TECHNICAL TRAINING CENTER           ,TX,75235-4622,Proprietary  ,162,611,773,915,3556,4471
01248209,ATI CAREER TRAINING CENTER - GARLAND    ,TX,75041-2497,Proprietary  ,4,19,23,45,165,210
01248210,ATI CAREER TRAINING CENTER - WACO       ,TX,76711-1682,Proprietary  ,15,46,61,93,287,380
01248300,COSMETOLOGY CAREER CENTER-A PAUL MITCHEL,TX,75006-2567,Proprietary  ,78,122,200,294,468,762
01248800,INTERNATIONAL BEAUTY COLLEGE NO 3       ,TX,75040-0000,Proprietary  ,1,15,16,23,101,124
01276400,METROPLEX BEAUTY SCHOOL                 ,TX,75149-0000,Proprietary  ,1,32,33,29,163,192
01293000,CHARLES & SUE'S SCH OF HAIR DESIGN      ,TX,77801-0000,Proprietary  ,8,14,22,49,99,148
01293200,TINT SCHOOL OF MAKEUP & COSMETOLOGY     ,TX,75061-4235,Proprietary  ,3,11,14,24,77,101
01300300,NEILSON BEAUTY COLLEGE                  ,TX,75208-4637,Proprietary  ,6,21,27,29,136,165
01301600,OGLE SCHOOL HAIR SKIN NAILS             ,TX,76013-7400,Proprietary  ,24,61,85,183,389,572
01303912,SOUTH UNIVERSITY - THE ART INSTITUTE OF ,TX,75231-5993,Proprietary  ,143,207,350,2522,2474,4996
01323100,UNIVERSITY OF HOUSTON-VICTORIA          ,TX,77901-5731,Public       ,80,295,375,1119,3339,4458
02058600,CONLEE'S COLLEGE OF COSMETOLOGY         ,TX,78028-0000,Proprietary  ,3,5,8,11,45,56
02069302,VATTEROTT COLLEGE - VATTEROTT EDUCATION ,TX,75220-5441,Proprietary  ,19,58,77,86,408,494
02074100,CAPITOL CITY TRADE & TECHNICAL SCH      ,TX,78704-0000,Proprietary  ,48,88,136,299,591,890
02077400,NORTH LAKE COLLEGE                      ,TX,75038-0000,Public       ,208,632,840,2724,5329,8053
02081400,ARLINGTON BAPTIST COLLEGE               ,TX,76012-0000,Private      ,10,23,33,218,260,478
02093600,SOUTHWEST SCHOOL OF ELECTRONIC          ,TX,78735-0000,Proprietary  ,6,13,19,45,78,123
02098300,WESTERN TECHNICAL COLLEGE               ,TX,79927-2105,Proprietary  ,67,217,284,1008,1439,2447
02100200,BROOKHAVEN COLLEGE                      ,TX,75244-0000,Public       ,188,781,969,2541,6370,8911
02113610,AMERICAN INTERCONTINENTAL UNIV - HOUSTON,TX,77042-4516,Proprietary  ,17,122,139,193,977,1170
02116008,SANFORD-BROWN COLLEGE - HOUSTON         ,TX,77036-8507,Proprietary  ,97,308,405,469,2000,2469
02116012,SANFORD-BROWN INSTITUTE - HOUSTON NORTH ,TX,77008-1058,Proprietary  ,28,117,145,168,822,990
02117100,ART INSTITUTE OF HOUSTON                ,TX,77056-0000,Proprietary  ,343,432,775,3986,3676,7662
02119200,COURT REPORTING INSTITUTE OF DALLAS     ,TX,75247-6913,Proprietary  ,9,90,99,78,808,886
02119202,COURT REPORTING INSTIUTE OF DALLAS - COU,TX,77040-6315,Proprietary  ,1,33,34,29,409,438
02128302,INSTITUTE FOR BUSINESS & TECHNOLOGY - LA,TX,78230-2520,Proprietary  ,27,130,157,139,486,625
02136800,AMERICAN COMMERCIAL COLLEGE             ,TX,76904-0000,Proprietary  ,5,75,80,53,306,359
02144800,VET TECH INSTITUTE OF HOUSTON           ,TX,77027-9881,Proprietary  ,24,32,56,266,263,529
02176100,PIPO ACADEMY OF HAIR DESIGN             ,TX,79903-0000,Proprietary  ,4,9,13,30,84,114
02200800,AMERICAN COMMERCIAL COLLEGE             ,TX,79411-0000,Proprietary  ,8,65,73,33,313,346
02218300,SOUTHWEST SCHOOL OF BUSINESS & TECHNICAL,TX,78221-0000,Proprietary  ,30,163,193,177,796,973
02218305,SOUTHWEST SCHOOL OF BUSINESS AND TECHNIC,TX,78501-6053,Proprietary  ,10,35,45,66,180,246
02218306,SOUTHWEST SCHOOL OF BUSINESS AND TECHNIC,TX,78413-2045,Proprietary  ,3,34,37,32,231,263
02224600,TRI-STATE BEAUTY SCHOOL #1              ,TX,79915-0000,Proprietary  ,14,56,70,115,367,482
02228400,TEXAS AERO TECHNOLOGY                   ,TX,75209-0000,Proprietary  ,0,0,0,0,1,1
02230500,OGLE SCHOOL HAIR SKIN NAILS             ,TX,76132-3638,Proprietary  ,54,161,215,291,777,1068
02230600,OGLE SCHOOL HAIR SKIN NAILS             ,TX,76053-4650,Proprietary  ,16,34,50,76,172,248
02239100,CENTRAL TEXAS BEAUTY COLLEGE #2         ,TX,78664-4204,Proprietary  ,14,61,75,61,272,333
02248200,MILAN INSTITUTE OF COSMETOLOGY          ,TX,79103-0000,Proprietary  ,143,426,569,822,2149,2971
02254800,TEXAS VOCATIONAL SCHOOLS                ,TX,77901-0000,Proprietary  ,6,30,36,51,160,211
02259400,AMBERTON UNIVERSITY                     ,TX,75041-0000,Private      ,2,61,63,37,383,420
02261300,EVEREST INSTITUTE                       ,TX,78213-3841,Proprietary  ,39,196,235,238,1228,1466
02261302,EVEREST INSTITUTE - HOUSTON GREENSPOINT ,TX,77060-3249,Proprietary  ,31,157,188,322,1436,1758
02261303,EVEREST INSTITUTE - HOUSTON HOBBY       ,TX,77087-2737,Proprietary  ,31,128,159,259,1253,1512
02267100,EXPOSITO SCHOOL OF HAIR DESIGN          ,TX,79109-0000,Proprietary  ,7,15,22,36,88,124
02276000,FRANKLIN BEAUTY SCHOOL #2               ,TX,77021-0000,Proprietary  ,5,32,37,65,226,291
02285900,UNIVERSITY OF COSMETOLOGY ARTS&SCI      ,TX,78504-0000,Proprietary  ,28,114,142,188,606,794
02294800,CAPITOL CITY CAREERS                    ,TX,78745-0000,Proprietary  ,6,23,29,39,226,265
02298501,EVEREST COLLEGE- FORT WORTH             ,TX,76137-2472,Proprietary  ,35,177,212,249,1232,1481
02305300,PARKER COLLEGE OF CHIROPRACTIC          ,TX,75229-0000,Private      ,8,68,76,70,1254,1324
02306700,FORT WORTH BEAUTY SCHOOL                ,TX,76116-3299,Proprietary  ,10,46,56,68,291,359
02312200,TEXAS SCHOOL OF BUSINESS                ,TX,77073-6032,Proprietary  ,38,114,152,291,837,1128
02312201,TEXAS SCHOOL OF BUSINESS - SOUTHWEST CAM,TX,77057-0000,Proprietary  ,8,92,100,111,651,762
02312202,TEXAS SCHOOL OF BUSINESS - FRIENDSWOOD C,TX,77546-8938,Proprietary  ,10,60,70,78,519,597
02312203,TEXAS SCHOOL OF BUSINESS - EAST CAMPUS  ,TX,77029-1916,Proprietary  ,10,58,68,102,470,572
02313901,WESTWOOD COLLEGE - DALLAS               ,TX,75243-0000,Proprietary  ,26,135,161,467,1321,1788
02315400,NORTHEAST TEXAS COMMUNITY COLLEGE       ,TX,75456-0000,Public       ,94,269,363,1475,2254,3729
02318200,"KD STUDIO, ACTOR'S CONSERVATORY         ",TX,75207-2111,Proprietary  ,10,24,34,181,255,436
02320200,HOUSTON GRADUATE SCHOOL OF THEOLOGY     ,TX,77092-0000,Private      ,2,28,30,22,244,266
02326000,SAN ANTONIO BEAUTY COLLEGE NO 3         ,TX,78217-0000,Proprietary  ,3,28,31,38,134,172
02331200,BAPTIST MISSIONARY ASSN THEOL SEM       ,TX,75766-0000,Private      ,0,12,12,5,55,60
02331300,INTERACTIVE LEARNING SYSTEMS            ,TX,77502-1201,Proprietary  ,9,58,67,43,272,315
02331301,INTERACTIVE LEARNING SYSTEMS            ,TX,77081-0000,Proprietary  ,16,112,128,78,545,623
02331304,INTERACTIVE LEARNING SYSTEMS            ,TX,77060-0000,Proprietary  ,8,89,97,34,393,427
02341300,PALO ALTO COLLEGE                       ,TX,78224-0000,Public       ,318,787,1105,4835,7088,11923
02348500,LAMAR STATE COLLEGE-PORT ARTHUR         ,TX,77640-0000,Public       ,78,253,331,1091,1970,3061
02357700,ACADEMY OF HAIR DESIGN                  ,TX,77090-0000,Proprietary  ,37,92,129,141,270,411
02358200,LAMAR STATE COLLEGE-ORANGE              ,TX,77630-0000,Public       ,68,260,328,908,2254,3162
02361400,COLLIN COUNTY COMMUNITY COLLEGE         ,TX,75071-0000,Public       ,555,1407,1962,6761,10946,17707
02362000,UNIVERSAL TECHNICAL INSTITUTE           ,TX,77073-0000,Proprietary  ,418,449,867,5259,3470,8729
02362800,AUSTIN GRADUATE SCHOOL OF THEOLOGY      ,TX,78752-1333,Private      ,3,11,14,23,115,138
02521200,ARLINGTON CAREER INSTITUTE              ,TX,75050-0000,Proprietary  ,7,42,49,67,489,556
02521800,SEGUIN BEAUTY SCHOOL                    ,TX,78155-0000,Proprietary  ,11,27,38,51,104,155
02521801,SEGUIN BEAUTY SCHOOL-NEW BRAUNFELS      ,TX,78130-7937,Proprietary  ,0,0,0,6,5,11
02527500,HOUSTON TRAINING SCHOOLS                ,TX,77020-0000,Proprietary  ,39,194,233,186,937,1123
02530700,SEBRING CAREER SCHOOLS                  ,TX,77083-1510,Proprietary  ,3,49,52,19,129,148
02548800,SOUTH TEXAS VO-TECH INSTITUTE           ,TX,78596-0000,Proprietary  ,104,232,336,697,1485,2182
02548802,SOUTH TEXAS VOCATIONAL TECHNICAL INSTITU,TX,78520-8710,Proprietary  ,9,16,25,72,91,163
02549400,SOUTH TEXAS VO-TECH INSTITUTE           ,TX,78501-0000,Proprietary  ,114,384,498,859,2247,3106
02549402,SOUTH TEXAS VOCATIONAL TECHNICAL INSTITU,TX,78416-1141,Proprietary  ,5,18,23,49,124,173
02555400,UNIV OF TX MD ANDERSON CANCER CTR       ,TX,77030-0000,Public       ,7,16,23,122,417,539
02568100,TEXAS BARBER COLLEGES & HAIRSTYLING     ,TX,75208-0000,Proprietary  ,100,266,366,409,1402,1811
02569300,TEXAS CULINARY ACADEMY                  ,TX,78758-3403,Proprietary  ,261,985,1246,1927,6266,8193
02572000,COMPUTER CAREER CENTER                  ,TX,79925-2021,Proprietary  ,50,238,288,313,1212,1525
02572004,COMPUTER CAREER CENTER - AMARILLO CAMPUS,TX,79101-2404,Proprietary  ,12,47,59,91,390,481
02572005,COMPUTER CAREER CENTER - LUBBOCK CAMPUS ,TX,79414-3517,Proprietary  ,7,53,60,53,330,383
02580100,IVERSON BUSINESS SCH & COURT REPORT     ,TX,76011-1344,Proprietary  ,5,79,84,73,465,538
02591100,CAREER POINT INSTITUTE                  ,TX,78201-2027,Proprietary  ,82,491,573,447,2689,3136
02591900,CAREER CENTERS OF TEXAS - EL PASO       ,TX,79907-1525,Proprietary  ,69,197,266,462,1490,1952
02591905,CAREER CENTERS OF TEXAS-BROWNSVILLE     ,TX,78521-9905,Proprietary  ,26,66,92,239,593,832
02596400,REDSTONE COLLEGE - LOS ANGELES          ,TX,77061-0000,Proprietary  ,21,49,70,204,377,581
02596500,ATI CAREER TRAINING CENTER              ,TX,76180-1599,Proprietary  ,222,855,1077,1048,4271,5319
02596503,ATI- CAREER TRAINING CENTER - HOUSTON (#,TX,77029-1978,Proprietary  ,11,54,65,62,213,275
02596600,ATI-CAREER TRAINING CENTER              ,TX,75220-4443,Proprietary  ,103,365,468,841,2884,3725
02596601,ATI CAREER TRAINING CENTER - RICHARDSON ,TX,75081-6745,Proprietary  ,9,32,41,43,181,224
02596602,ATI CAREER TRAINING CENTER - DALLAS (STE,TX,75247-6103,Proprietary  ,17,65,82,122,484,606
02600200,OCEAN CORPORATION (THE)                 ,TX,77099-3479,Proprietary  ,25,151,176,149,854,1003
02604700,CENTER FOR ADVANCED LEGAL STUDIES       ,TX,77098-4151,Proprietary  ,5,75,80,29,420,449
02606202,EVEREST COLLEGE - EVEREST INSTITUTE - BI,TX,77036-8014,Proprietary  ,57,281,338,378,1703,2081
02615000,SANFORD-BROWN COLLEGE                   ,TX,75247-6931,Proprietary  ,126,510,636,799,3194,3993
03009400,SW SCH BUS & TECH CAREERS               ,TX,78212-2840,Proprietary  ,11,41,52,46,164,210
03010604,VIRGINIA COLLEGE - VIRGINIA COLLEGE AT A,TX,78723-0000,Proprietary  ,44,187,231,248,1304,1552
03011800,UNIVERSITY OF COSMETOLOGY ARTS & SCIENCE,TX,78226-1160,Proprietary  ,4,27,31,37,159,196
03019800,PCI HEALTH TRAINING CENTER              ,TX,75247-4720,Proprietary  ,63,167,230,408,1099,1507
03021500,SW SCH BUS & TECH CAREERS               ,TX,78852-4859,Proprietary  ,9,28,37,97,149,246
03025000,TEXAS COLLEGE OF COSMETOLOGY            ,TX,79605-2001,Proprietary  ,6,34,40,54,219,273
03026000,DALFORTH AIRCRAFT TECH                  ,TX,75209-3091,Proprietary  ,0,0,0,0,1,1
03026500,REMINGTON COLLEGE - HOUSTON CAMPUS      ,TX,77082-1849,Proprietary  ,165,536,701,729,2217,2946
03026501,REMINGTON COLLEGE - NORTH HOUSTON CAMPUS,TX,77067-1849,Proprietary  ,18,70,88,132,462,594
03026505,REMINGTON COLLEGE - HOUSTON CAMPUS - DAL,TX,75041-9935,Proprietary  ,4,42,46,121,385,506
03026506,REMINGTON COLLEGE - FT. WORTH CAMPUS    ,TX,76112-1280,Proprietary  ,40,153,193,328,1051,1379
03028800,CIRCLE J BEAUTY SCHOOL                  ,TX,77587-3714,Proprietary  ,8,33,41,53,157,210
03031408,INTERNATIONAL ACADEMY OF DESIGN AND TECH,TX,78229-2263,Proprietary  ,48,102,150,427,778,1205
03032300,SCHOOL OF AUTOMOTIVE MACHINISTS         ,TX,77055-1803,Proprietary  ,18,34,52,147,213,360
03035200,TINT SCHOOL OF MAKEUP & COSMETOLOGY     ,TX,75229-3734,Proprietary  ,6,32,38,64,248,312
03035300,SOUTHERN CAREERS INSTITUTE              ,TX,78704-5252,Proprietary  ,175,847,1022,637,2785,3422
03035301,SOUTHERN CAREERS INSTITUTE              ,TX,78577-0000,Proprietary  ,41,154,195,256,830,1086
03035302,SOUTHERN CAREERS INSTITUTE - CORPUS CHRI,TX,78414-2904,Proprietary  ,13,99,112,101,504,605
03035303,SOUTHERN CAREERS INSTITUTE - #1         ,TX,78221-4351,Proprietary  ,1,14,15,37,236,273
03035305,SOUTHERN CAREERS INSTITUTE - BROWNSVILLE,TX,78520-8680,Proprietary  ,4,5,9,23,46,69
03035306,SOUTHERN CAREERS INSTITUTE - HARLINGEN  ,TX,78550-7911,Proprietary  ,6,6,12,31,59,90
03035307,SOUTHERN CAREERS INSTITUTE - CORPUS CHRI,TX,78410-1609,Proprietary  ,4,3,7,22,61,83
03061800,STAR COLLEGE OF COSMETOLOGY             ,TX,75702-8214,Proprietary  ,12,22,34,83,163,246
03064600,UNIVERSITY OF TEXAS AT BROWNSVILLE      ,TX,78520-4993,Public       ,458,858,1316,8481,8912,17393
03075400,ICC TECHNICAL INSTITUTE                 ,TX,77004-2930,Private      ,8,52,60,53,187,240
03076403,HIGH-TECH INSTITUTE - DALLAS            ,TX,75038-4201,Proprietary  ,3,18,21,53,180,233
03079201,WESTWOOD COLLEGE OF TECHNOLOGY          ,TX,76180-0000,Proprietary  ,11,47,58,216,579,795
03083701,GALEN HEALTH INSTITUTES - TEXAS CAMPUS  ,TX,78229-6041,Proprietary  ,0,0,0,48,188,236
03103400,SOUTH TEXAS COLLEGE                     ,TX,78501-6699,Public       ,863,1439,2302,13201,14356,27557
03104700,TEXAS COLLEGE OF COSMETOLOGY            ,TX,76903-4708,Proprietary  ,4,29,33,50,184,234
03108700,ROYAL BEAUTY CAREERS                    ,TX,77069-4611,Proprietary  ,18,56,74,115,414,529
03111000,MID-CITIES BARBER COLLEGE               ,TX,75051-4810,Proprietary  ,27,62,89,66,167,233
03115800,KAPLAN COLLEGE                          ,TX,78238-4203,Proprietary  ,29,183,212,273,1466,1739
03115802,KAPLAN COLLEGE - LAREDO                 ,TX,78041-6181,Proprietary  ,14,50,64,185,410,595
03115803,KAPLAN COLLEGE-BEAUMONT                 ,TX,77701-3706,Proprietary  ,28,103,131,241,859,1100
03115804,KAPLAN COLLEGE - LUBBOCK                ,TX,79401-2601,Proprietary  ,15,95,110,194,659,853
03128100,ACADEMY OF HEALTH CARE PROFESSIONS      ,TX,77092-8108,Proprietary  ,113,338,451,434,1372,1806
03144300,NATIONAL BEAUTY COLLEGE                 ,TX,75043-4046,Proprietary  ,3,7,10,15,50,65
03153300,AMER COLL OF ACUPUNCTURE & O.M.         ,TX,77063-4104,Proprietary  ,1,20,21,5,131,136
03156400,ACADEMY OF ORIENTAL MEDICINE AT AUSTIN  ,TX,78757-1132,Proprietary  ,9,39,48,39,305,344
03159300,ARLINGTON MEDICAL INSTITUTE             ,TX,76011-0000,Proprietary  ,20,55,75,142,444,586
03170300,TEXAS A&M UNIVERSITY-TEXARKANA          ,TX,75501-0000,Public       ,36,162,198,819,1843,2662
03179500,TEXAS COLG TRADITIONAL CHINESE MED      ,TX,78704-6748,Proprietary  ,1,13,14,3,128,131
03189400,COLLEGE OF SAINT THOMAS MORE            ,TX,76109-2323,Private      ,3,9,12,38,69,107
03237400,FARIS COMPUTER SCHOOL                   ,TX,77627-3829,Proprietary  ,0,12,12,3,45,48
03272300,KAPLAN COLLEGE                          ,TX,75234-7288,Proprietary  ,13,145,158,223,1333,1556
03272301,KAPLAN COLLEGE - MIDLAND                ,TX,79703-5531,Proprietary  ,17,82,99,146,626,772
03272303,KAPLAN COLLEGE - ARLINGTON              ,TX,76010-8121,Proprietary  ,20,140,160,172,849,1021
03275300,TOUCH OF CLASS SCHOOL OF COSM           ,TX,75402-6314,Proprietary  ,4,13,17,37,127,164
03276300,ACADEMY OF HAIR DESIGN                  ,TX,75901-4900,Proprietary  ,5,43,48,64,190,254
03277300,ACADEMY OF HAIR DESIGN                  ,TX,77701-4650,Proprietary  ,6,37,43,45,150,195
03303300,NORTHWEST EDUCATIONAL CENTER            ,TX,77092-7055,Proprietary  ,14,102,116,53,426,479
03371300,TONI&GUY HAIRDRESSING ACADEMY           ,TX,75006-2351,Proprietary  ,19,27,46,92,152,244
03372300,NORTHWEST VISTA COLLEGE                 ,TX,78251-4217,Public       ,563,1056,1619,8155,9408,17563
03396500,TEXAS STATE TECHNICAL COLG/MARSHALL     ,TX,75672-7402,Public       ,28,85,113,466,648,1114
03400300,CAREER QUEST                            ,TX,78229-3539,Proprietary  ,9,108,117,60,597,657
03412300,ADVANCED BARBER COLLEGE & HAIR DESI     ,TX,78596-0000,Proprietary  ,14,66,80,49,212,261
03416500,DALLAS NURSING INSTITUTE                ,TX,75243-5502,Proprietary  ,34,320,354,320,2230,2550
03422300,MILAN INSTITUTE                         ,TX,78238-3327,Proprietary  ,92,306,398,648,1492,2140
03422400,COLLEGE OF BIBLICAL STUDIES-HOUSTON     ,TX,77036-3211,Private      ,6,126,132,78,767,845
03424400,MEDVANCE INSTITUTE                      ,TX,77057-7386,Proprietary  ,93,252,345,351,1371,1722
03424401,MEDVANCE INSTITUTE -                    ,TX,77060-3551,Proprietary  ,0,0,0,47,243,290
03426300,CAREER ADVANCEMENT CENTER               ,TX,78752-1470,Proprietary  ,22,71,93,64,336,400
03480304,MEDVANCE INSTITUTE OF BATON ROUGE - GRAN,TX,75050-2342,Proprietary  ,23,77,100,134,485,619
03509400,CORYELL COSMETOLOGY COLLEGE             ,TX,76528-2036,Proprietary  ,1,2,3,4,13,17
03520300,LUBBOCK HAIR ACADEMY                    ,TX,79410-3524,Proprietary  ,3,20,23,26,142,168
03542300,CONCORDE CAREER INSTITUTE               ,TX,76011-4016,Proprietary  ,37,147,184,275,1364,1639
03551400,STATE BEAUTY ACADEMY                    ,TX,75116-3501,Proprietary  ,1,8,9,9,46,55
03556400,KUSSAD INSTITUTE OF COURT REPORTING     ,TX,78704-5712,Proprietary  ,0,5,5,6,56,62
03573300,AVIATION INSTITUTE OF MAINTENANCE       ,TX,75209-3017,Proprietary  ,22,127,149,201,890,1091
03610300,MJ'S BEAUTY ACADEMY INC                 ,TX,75224-4409,Proprietary  ,6,16,22,36,103,139
03612400,VALLEY GRANDE INSTITUTE FOR ACADEMI     ,TX,78596-0000,Private      ,27,92,119,140,548,688
03627300,LAMAR INSTITUTE OF TECHNOLOGY           ,TX,77705-4142,Public       ,137,353,490,1779,2993,4772
03676400,HEALTHY HAIR ACADEMY                    ,TX,75227-0000,Proprietary  ,19,121,140,56,360,416
03680300,JAY'S TECHNICAL INSTITUTE               ,TX,77031-3509,Proprietary  ,9,34,43,45,181,226
03682400,DALLAS BARBER & STYLIST COLLEGE         ,TX,75231-0000,Proprietary  ,27,104,131,119,444,563
03714300,TREND BARBER COLLEGE                    ,TX,77071-2104,Proprietary  ,30,89,119,131,470,601
03723300,CULINARY INST ALAIN & MARIE LENOTRE     ,TX,77022-4322,Proprietary  ,27,70,97,176,463,639
03727600,CULINARY ACADEMY OF AUSTIN              ,TX,78752-0000,Proprietary  ,23,69,92,205,328,533
03731300,INTERNATIONAL RENOWNED BEAUTY ACADE     ,TX,76103-2504,Proprietary  ,3,24,27,11,60,71
03733300,BAPTIST UNIVERSITY OF THE AMERICAS      ,TX,78224-1336,Private      ,4,18,22,73,229,302
03756300,ANAMARC COLLEGE                         ,TX,79930-6230,Proprietary  ,25,175,200,161,942,1103
03885700,HOUSTON'S TRAINING AND EDUCATION CENTER ,TX,77036-2021,Proprietary  ,7,49,56,32,174,206
03922300,SOUTH TEXAS BARBER COLLEGE              ,TX,78415-3463,Proprietary  ,3,9,12,34,77,111
03944400,PROFESSIONAL CAREERS INSTITUTE          ,TX,77036-2252,Proprietary  ,10,61,71,56,297,353
03970300,HANDS ON THERAPY                        ,TX,75149-2294,Proprietary  ,2,21,23,28,161,189
03987300,TEXAS HEALTH SCHOOL                     ,TX,77079-2106,Proprietary  ,10,64,74,96,304,400
04036300,SOUTHEAST TEXAS CAREER INSTITUTE        ,TX,77656-8601,Proprietary  ,5,16,21,29,91,120
04045300,NORTHWEST BEAUTY SCHOOL                 ,TX,77091-1208,Proprietary  ,6,26,32,34,145,179
04045400,MAI-TRIX BEAUTY COLLEGE                 ,TX,77040-0000,Proprietary  ,6,23,29,31,112,143
04082300,PROFESSIONAL CAREER TRAINING INSTITUTE  ,TX,77090-0000,Proprietary  ,3,32,35,21,210,231
04089400,CCI TRAINING CENTER                     ,TX,76011-4857,Proprietary  ,6,57,63,41,405,446
04117900,CHAMPION BEAUTY COLLEGE                 ,TX,77069-4611,Proprietary  ,6,33,39,40,174,214
04125400,ACADEMY AT AUSTIN (THE)                 ,TX,78660-3287,Proprietary  ,22,35,57,134,271,405
04125500,MANUEL AND THERESA'S SCHOOL OF HAIR DESI,TX,77803-3236,Proprietary  ,9,13,22,30,64,94
04129800,MEDIATECH INSTITUTE DALLAS              ,TX,75039-3105,Proprietary  ,22,51,73,189,344,533
04129801,MEDIATECH INSTITUTE AUSTIN              ,TX,78704-8933,Proprietary  ,17,17,34,109,148,257
04129802,MEDIATECH INSTITUTE HOUSTON             ,TX,77042-4712,Proprietary  ,17,30,47,124,209,333
04131700,SOUTHWEST CAREER COLLEGE                ,TX,79925-6230,Proprietary  ,68,206,274,290,933,1223
04135600,CANNON INSTITUTE OF HIGHER LEARNING     ,TX,75247-9998,Proprietary  ,1,8,9,11,56,67
04136500,PCCENTER                                ,TX,75115-4214,Proprietary  ,0,14,14,13,116,129
04138500,CARDIOTECH ULTRASOUND SCHOOL            ,TX,77099-1440,Proprietary  ,5,56,61,55,334,389
04142300,AVEDA INSTITUTE SAN ANTONIO             ,TX,78215-1260,Proprietary  ,37,61,98,182,369,551
04146600,360 DEGREES BEAUTY ACADEMY              ,TX,77084-2714,Proprietary  ,1,17,18,23,93,116
04146800,SOUTH TEXAS TRAINING CENTER             ,TX,78586-7721,Proprietary  ,4,16,20,21,72,93
04152700,ASTRODOME CAREER CENTERS                ,TX,77054-2678,Proprietary  ,8,21,29,26,111,137
04154800,DUVALL'S SCHOOL OF COSMETOLOGY          ,TX,76021-4159,Proprietary  ,13,17,30,54,80,134
04155800,ADVANCED BEAUTY COLLEGE                 ,TX,75061-1918,Proprietary  ,2,9,11,17,82,99
04158500,TEXAS BEAUTY COLLEGE                    ,TX,76117-3201,Proprietary  ,0,12,12,8,71,79
04160700,AVENUE FIVE INSTITUTE                   ,TX,78757-7000,Proprietary  ,13,53,66,89,295,384
04161100,CORPUS CHRISTI BEAUTY ACADEMY           ,TX,78412-3900,Proprietary  ,3,12,15,26,76,102
04165800,SALON PROFESSIONAL ACADEMY (THE)        ,TX,75067-5390,Proprietary  ,6,17,23,55,141,196
04168700,LAWYER'S ASSISTANT SCHOOL OF DALLAS     ,TX,75201-2829,Proprietary  ,4,33,37,23,125,148
04168800,ABC BEAUTY ACADEMY                      ,TX,75042-8682,Proprietary  ,5,18,23,9,38,47
04169000,SALON & SPA INSTITUTE                   ,TX,78521-1727,Proprietary  ,6,28,34,13,46,59
04169100,DIAMONDS COSMETOLOGY COLLEGE            ,TX,75090-2657,Proprietary  ,4,11,15,7,21,28
04177900,BUCKNER BARBER SCHOOL                   ,TX,75217-1775,Proprietary  ,7,18,25,8,20,28
00367000,BRIGHAM YOUNG UNIVERSITY                ,UT,84602-8406,Private      ,984,964,1948,11853,13417,25270
00367100,DIXIE STATE COLLEGE OF UTAH             ,UT,84770-3876,Public       ,325,551,876,3812,5209,9021
00367200,LDS BUSINESS COLLEGE                    ,UT,84101-3500,Private      ,117,124,241,905,919,1824
00367400,STEVENS HENAGER COLLEGE                 ,UT,84401-1420,Proprietary  ,193,1544,1737,1316,9884,11200
00367500,UNIVERSITY OF UTAH                      ,UT,84112-9055,Public       ,716,1347,2063,11042,17596,28638
00367600,COLLEGE OF EASTERN UTAH                 ,UT,84501-2699,Public       ,82,169,251,993,1149,2142
00367700,UTAH STATE UNIVERSITY                   ,UT,84322-1400,Public       ,755,998,1753,9209,11399,20608
00367800,SOUTHERN UTAH UNIVERSITY                ,UT,84720-2470,Public       ,332,339,671,4831,3620,8451
00367900,SNOW COLLEGE                            ,UT,84627-1299,Public       ,224,148,372,2465,1126,3591
00368000,WEBER STATE UNIVERSITY                  ,UT,84408-1136,Public       ,657,1460,2117,6760,12806,19566
00368100,WESTMINSTER COLLEGE                     ,UT,84105-3697,Private      ,119,180,299,2256,2040,4296
00402700,UTAH VALLEY UNIVERSITY                  ,UT,84058-5999,Public       ,1120,1929,3049,9471,17884,27355
00522000,SALT LAKE COMMUNITY COLLEGE             ,UT,84123-0000,Public       ,1050,2798,3848,8643,19223,27866
00732953,ITT TECHNICAL INSTITUTE                 ,UT,84123-2500,Proprietary  ,110,355,465,475,1882,2357
00943300,SHERMAN KENDALL'S ACADEMY OF BEAUTY     ,UT,84106-1836,Proprietary  ,4,17,21,23,102,125
01009800,NEUMONT UNIVERSITY                      ,UT,84095-0000,Proprietary  ,13,4,17,498,109,607
01116500,UINTAH BASIN APPLIED TECHNOLOGY CLG     ,UT,84066-0000,Public       ,7,43,50,31,208,239
01116600,BROADVIEW UNIVERSITY                    ,UT,84088-4021,Proprietary  ,58,171,229,505,1948,2453
02078800,SHERMAN KENDALL'S ACADEMY OF BEAUTY     ,UT,84047-0000,Proprietary  ,6,10,16,28,62,90
02115400,BRIDGERLAND APPLIED TECHNOLOGY COLLEGE  ,UT,84321-0000,Public       ,37,143,180,291,935,1226
02156600,DAVIS APPLIED TECHNOLOGY COLLEGE        ,UT,84037-0000,Public       ,69,265,334,497,1917,2414
02178500,EAGLE GATE COLLEGE                      ,UT,84123-0000,Proprietary  ,52,268,320,302,1686,1988
02178501,EAGLE GATE COLLEGE - LAYTON CAMPUS      ,UT,84041-2383,Proprietary  ,0,0,0,2,22,24
02178502,EAGLE GATE COLLEGE - SLC DOWNTOWN LEARNI,UT,84111-3407,Proprietary  ,0,0,0,4,19,23
02270800,AMERITECH COLLEGE                       ,UT,84604-6927,Proprietary  ,9,80,89,48,423,471
02270802,AMERITECH COLLEGE - DRAPER              ,UT,84020-6545,Proprietary  ,6,31,37,36,251,287
02298500,EVEREST COLLEGE                         ,UT,84119-2668,Proprietary  ,22,146,168,164,970,1134
02346500,OGDEN-WEBER APPLIED TECHNOLOGY COLG     ,UT,84404-0000,Public       ,52,291,343,338,1762,2100
02360800,PROVO COLLEGE                           ,UT,84601-0000,Proprietary  ,55,151,206,316,1042,1358
02360802,PROVO COLLEGE - AMERICAN FORK CAMPUS    ,UT,84003-3395,Proprietary  ,0,0,0,2,6,8
02504000,MARINELLO SCHOOL OF BEAUTY              ,UT,84041-0000,Proprietary  ,14,36,50,57,147,204
02504001,MARINELLO SCHOOL OF BEAUTY - MAIN STREET,UT,84041-3002,Proprietary  ,0,5,5,8,16,24
02516100,MARINELLO SCHOOL OF BEAUTY              ,UT,84405-1501,Proprietary  ,14,46,60,58,159,217
02531800,VON CURTIS ACADEMY OF HAIR DESIGN       ,UT,84606-0000,Proprietary  ,195,228,423,855,964,1819
02556800,PAUL MITCHELL THE SCHOOL                ,UT,84117-7204,Proprietary  ,30,59,89,205,344,549
02556801,PAUL MITCHELL THE SCHOOL                ,UT,84780-0000,Proprietary  ,4,7,11,8,8,16
02557700,PREMIER HAIR ACADEMY                    ,UT,84120-3603,Proprietary  ,6,10,16,17,64,81
02572700,EVANS HAIRSTYLING COLLEGE               ,UT,84770-0000,Proprietary  ,5,7,12,40,58,98
02572800,VISTA COLLEGE                           ,UT,84015-0000,Proprietary  ,1,16,17,31,156,187
02572802,VISTA COLLEGE - SALT LAKE CITY          ,UT,84119-1458,Proprietary  ,0,0,0,7,22,29
02573100,EVANS HAIRSTYLING COLLEGE               ,UT,84720-0000,Proprietary  ,0,10,10,35,59,94
02612200,MARINELLO SCHOOL OF BEAUTY              ,UT,84604-1585,Proprietary  ,10,21,31,92,134,226
03030600,UTAH COLLEGE OF MASSAGE THERAPY         ,UT,84111-1606,Proprietary  ,49,109,158,341,630,971
03030601,UTAH CLG OF MASSAGE THER-PROVO CMPS     ,UT,84042-0000,Proprietary  ,5,32,37,81,166,247
03082100,MYOTHERAPY COLLEGE OF UTAH              ,UT,84115-2522,Proprietary  ,6,21,27,22,124,146
03108200,ECHELON EDGE ACADEMY OF HAIR SKIN & NAIL,UT,84070-2004,Proprietary  ,11,18,29,34,92,126
03110400,HAIRITAGE HAIR ACADEMY                  ,UT,84770-5233,Proprietary  ,6,12,18,34,63,97
03339400,WESTERN GOVERNORS UNIVERSITY            ,UT,84107-2533,Private      ,115,4222,4337,701,25529,26230
03413300,MOUNTAINLAND APPLIED TECHNOLOGY COLLEGE ,UT,84058-5857,Public       ,21,83,104,173,600,773
03463300,CAREERS UNLIMITED                       ,UT,84058-0000,Proprietary  ,3,8,11,46,147,193
03617300,HEALING MOUNTAIN MASSAGE SCHOOL         ,UT,84111-3232,Proprietary  ,2,18,20,27,101,128
03829500,SKINWORKS SCHOOL OF ADVANCED SKINCARE   ,UT,84115-0000,Proprietary  ,4,10,14,19,87,106
03838300,OGDEN INSTITUTE OF MASSAGE THERAPY      ,UT,84403-0000,Proprietary  ,0,12,12,30,86,116
03902300,RENAISSANCE SCHOOL OF THERAPEUTIC MASSAG,UT,84010-2835,Proprietary  ,2,5,7,7,37,44
03909300,MAXIMUM STYLE TEC SCHOOL OF COSMETOLOGY ,UT,84323-4679,Proprietary  ,7,14,21,49,78,127
03921300,CAMEO COLLEGE OF ESSENTIAL BEAUTY       ,UT,84115-0000,Proprietary  ,23,65,88,108,360,468
04054300,SOUTHWEST APPLIED TECHNOLOGY COLLEGE    ,UT,84720-6608,Public       ,13,35,48,83,246,329
04072300,AVEDA INSTITUTE PROVO                   ,UT,84604-1008,Proprietary  ,9,20,29,40,81,121
04118100,IMAGEWORKS ACADEMY OF HAIR DESIGN       ,UT,84660-1210,Proprietary  ,5,12,17,32,72,104
04121700,DIXIE APPLIED TECHNOLOGY COLLEGE        ,UT,84770-3025,Public       ,23,65,88,265,456,721
04142100,SKIN INSTITUTE (THE)                    ,UT,84770-6452,Proprietary  ,3,11,14,18,46,64
04145500,SKIN SCIENCE INSTITUTE (THE)            ,UT,84115-0000,Proprietary  ,7,26,33,37,146,183
04153000,RENAISSANCE ACADEMIE                    ,UT,84604-0000,Proprietary  ,3,5,8,28,42,70
04161900,MANDALYN ACADEMY                        ,UT,84003-2161,Proprietary  ,4,11,15,8,20,28
04165500,ACAYDIA SCHOOL OF AESTHETICS            ,UT,84601-0000,Proprietary  ,5,16,21,5,17,22
04169900,AMERICAN BEAUTY ACADEMY                 ,UT,84651-0000,Proprietary  ,2,6,8,16,28,44
00368200,BENNINGTON COLLEGE                      ,VT,05201-6001,Private      ,14,10,24,1110,316,1426
00368300,CASTLETON STATE COLLEGE                 ,VT,05735-0000,Public       ,52,26,78,3023,463,3486
00368400,CHAMPLAIN COLLEGE                       ,VT,05401-3950,Private      ,175,116,291,3569,1090,4659
00368402,WOODBURY COLLEGE                        ,VT,05602-0000,Private      ,0,2,2,3,24,27
00368500,COLLEGE OF ST JOSEPH                    ,VT,05701-3899,Private      ,2,13,15,179,301,480
00368600,GODDARD COLLEGE                         ,VT,05667-0000,Private      ,4,49,53,83,1013,1096
00368700,GREEN MOUNTAIN COLLEGE                  ,VT,05764-1199,Private      ,24,19,43,1130,203,1333
00368800,JOHNSON STATE COLLEGE                   ,VT,05656-9898,Public       ,28,54,82,1502,1014,2516
00368900,LYNDON STATE COLLEGE                    ,VT,05851-0919,Public       ,29,18,47,1732,349,2081
00369000,MARLBORO COLLEGE                        ,VT,05344-0300,Private      ,10,20,30,444,118,562
00369100,MIDDLEBURY COLLEGE                      ,VT,05753-0000,Private      ,47,20,67,4030,520,4550
00369200,NORWICH UNIVERSITY                      ,VT,05663-1035,Private      ,42,171,213,2959,1621,4580
00369300,SOUTHERN VERMONT COLLEGE                ,VT,05201-6002,Private      ,15,6,21,609,208,817
00369400,ST MICHAELS COLLEGE                     ,VT,05439-0001,Private      ,34,13,47,3184,213,3397
00369600,UNIVERSITY OF VERMONT                   ,VT,05405-0160,Public       ,184,120,304,18469,3300,21769
00369700,VERMONT COLLEGE OF FINE ARTS            ,VT,05602-3128,Private      ,2,26,28,17,389,406
00369800,VERMONT TECHNICAL COLLEGE               ,VT,05061-0000,Public       ,29,56,85,1294,913,2207
00857500,SALON PROFESSIONAL ACADEMY (THE)        ,VT,05495-4001,Proprietary  ,4,11,15,50,78,128
00865800,O'BRIENS AVEDA INSTITUTE                ,VT,05403-7747,Proprietary  ,1,11,12,38,69,107
00886000,SIT                                     ,VT,05301-4801,Private      ,0,42,42,8,583,591
01116700,COMMUNITY COLLEGE OF VERMONT            ,VT,05676-0000,Public       ,131,592,723,1890,4686,6576
01193400,VERMONT LAW SCHOOL                      ,VT,05068-0000,Private      ,2,9,11,6,1154,1160
01218300,BURLINGTON COLLEGE                      ,VT,05401-8477,Private      ,10,14,24,210,145,355
02143500,STERLING COLLEGE                        ,VT,05827-0000,Private      ,9,1,10,143,34,177
02254000,NEW ENGLAND CULINARY INSTITUTE          ,VT,05602-0000,Proprietary  ,22,38,60,432,367,799
02532600,LANDMARK COLLEGE                        ,VT,05346-0000,Private      ,35,8,43,448,82,530
03708300,BURLINGTON TECHNICAL CENTER             ,VT,05401-2721,Public       ,2,1,3,11,21,32
04146900,ADVANCED WELDING INSTITUTE              ,VT,05403-0000,Proprietary  ,2,8,10,17,31,48
00392800,CASPER COLLEGE                          ,WY,82601-4612,Public       ,59,239,298,1245,2028,3273
00392900,EASTERN WYOMING COLLEGE                 ,WY,82240-1603,Public       ,22,51,73,445,447,892
00393000,SHERIDAN COLLEGE                        ,WY,82801-9133,Public       ,42,141,183,952,1209,2161
00393100,NORTHWEST COLLEGE                       ,WY,82435-1895,Public       ,47,111,158,961,827,1788
00393200,UNIVERSITY OF WYOMING                   ,WY,82071-3663,Public       ,182,277,459,6508,4884,11392
00393300,WESTERN WYOMING COMMUNITY COLLEGE       ,WY,82902-0000,Public       ,57,160,217,959,1298,2257
00728900,CENTRAL WYOMING COLLEGE                 ,WY,82501-0000,Public       ,58,152,210,558,1006,1564
00915700,WYOMING TECHNICAL INSTITUTE             ,WY,82072-9519,Proprietary  ,190,160,350,2450,1417,3867
00925900,LARAMIE COUNTY COMMUNITY CLG            ,WY,82007-3299,Public       ,115,256,371,1391,2246,3637
02211900,CHEEKS INTERNATIONAL ACDMY              ,WY,82001-0000,Proprietary  ,12,26,38,62,183,245
00393500,UNIV OF GUAM                            ,GU,96923-0000,Public       ,127,155,282,2232,1620,3852
01536100,GUAM COMMUNITY COLLEGE                  ,GU,96921-0000,Public       ,120,186,306,1305,1443,2748
03438300,PACIFIC ISLANDS UNIVERSITY              ,GU,96913-2619,Private      ,7,3,10,70,71,141
00393600,PONTIFICAL CATHOLIC UNIV OF PR          ,PR,00717-0777,Private      ,87,259,346,5842,5277,11119
00393700,UNIVERSITY OF THE SACRED HEART          ,PR,00914-0383,Private      ,88,144,232,3717,2517,6234
00393800,INTER-AMER UNIV PR-CNTRL ADMN           ,PR,00936-0000,Private      ,174,541,715,3345,6037,9382
00393801,INTER-AMER UNIV PR SCHL LAW             ,PR,00936-8351,Private      ,0,4,4,26,426,452
00393802,INTER AMERICAN UNIVERSITY OF PUERTO RICO,PR,00926-0000,Private      ,33,117,150,1120,1471,2591
00393803,INTER AMERICAN UNIVERSITY OF PR         ,PR,00683-0000,Private      ,93,103,196,3698,2101,5799
00393804,INTER-AMER UNIV PR-RECINTO AGUADILA     ,PR,00605-2000,Private      ,100,204,304,2695,2493,5188
00393805,INTER-AMER UNIV PR-ARECIBO CAMPUS       ,PR,00614-4050,Private      ,77,167,244,3160,2903,6063
00393806,INTER-AMER UNIV PR-BARRANQUITAS REG     ,PR,00794-0517,Private      ,59,65,124,1646,1058,2704
00393807,INTER-AMER UNIV PR-FAJARDO REGIONAL     ,PR,00738-0000,Private      ,36,73,109,1466,1211,2677
00393808,INTER-AMER UNIV PR - GUAYAMA CAMPUS     ,PR,00785-4004,Private      ,40,123,163,1228,1494,2722
00393809,INTER-AMER UNIV PR-PONCE REGIONAL       ,PR,00715-0000,Private      ,75,248,323,3553,3757,7310
00393811,INTER-AMER UNIV PR-BAYAMON REG CLG      ,PR,00959-0000,Private      ,117,138,255,4090,2061,6151
00394100,COLEGIO UNIVERSITARIO DEL ESTE          ,PR,00983-0000,Private      ,243,566,809,6940,8641,15581
00394200,UNIVERSITY OF PR-CENTRAL ADMINISTRATION ,PR,00936-4984,Public       ,6,12,18,193,109,302
00394300,UNIVERSITY OF PUERTO RICO - HUMACAO UNIV,PR,00791-4300,Public       ,46,27,73,3692,710,4402
00394400,UNIVERSITY OF PUERTO RICO - MAYAGUEZ    ,PR,00680-0000,Public       ,223,165,388,9934,2135,12069
00501900,UNIV ADVENTISTA DE LAS ANTILLAS         ,PR,00681-0118,Private      ,25,25,50,771,443,1214
00502200,BAYAMON CENTRAL UNIVERSITY              ,PR,00960-0000,Private      ,50,137,187,1090,1202,2292
00710800,UNIVERSITY OF PUERTO RICO - RIO PIEDRAS ,PR,00931-3300,Public       ,153,323,476,9941,3626,13567
00720600,UNIVERSITY OF PUERTO RICO - CAYEY UNIVER,PR,00736-5534,Public       ,27,21,48,3393,581,3974
00722800,UNIVERSITY OF PUERTO RICO - ARECIBO     ,PR,00614-4010,Public       ,38,29,67,4022,679,4701
00890200,COLUMBIA CENTRO UNIVERSITARIO           ,PR,00726-0000,Proprietary  ,85,212,297,1034,1560,2594
00965200,"UNIVERSITY OF PUERTO RICO, PONCE TECH UN",PR,00716-0000,Public       ,23,16,39,3495,533,4028
01056700,COLEGIO TECNOLOGICO DE SAN JUAN         ,PR,00918-2973,Public       ,31,51,82,850,1045,1895
01072400,CARLOS ALBIZU UNIVERSITY                ,PR,00902-3711,Private      ,1,36,37,94,815,909
01081900,CONSERVATORIO DE MUSICA DE PUERTO RICO  ,PR,00907-3373,Public       ,3,8,11,301,105,406
01092200,UNIVERSITY OF PUERTO RICO - UTUADO      ,PR,00641-2500,Public       ,14,13,27,1418,281,1699
01097500,UNIVERSITY OF PUERTO RICO BAYAMON TECHNI,PR,00959-1911,Public       ,63,35,98,4495,791,5286
01120300,RYDER MEMORIAL HOSP SCH OF NURSING      ,PR,00792-0000,Private      ,1,0,1,21,11,32
01171900,UNIVERSIDAD DEL TURABO                  ,PR,00778-0000,Private      ,170,664,834,7257,10160,17417
01194000,ICPR JUNIOR COLLEGE                     ,PR,00919-0000,Proprietary  ,76,126,202,1180,1587,2767
01194100,AMERICAN UNIVERSITY OF PUERTO RICO      ,PR,00960-2037,Private      ,54,89,143,921,700,1621
01194101,AMERICAN UNIVERSITY OF PUERTO RICO      ,PR,00674-0000,Private      ,41,76,117,728,619,1347
01212300,"UNIVERSITY OF PUERTO RICO, AGUADILLA REG",PR,00604-0160,Public       ,19,17,36,2620,620,3240
01252500,CARIBBEAN UNIVERSITY                    ,PR,00960-0493,Private      ,105,327,432,2700,3666,6366
01314800,RAMIREZ COLLEGE OF BUS & TECH           ,PR,00918-0000,Proprietary  ,0,0,0,0,3,3
02063100,MBTI BUSINESS TRNG INSTITUTE            ,PR,00907-3917,Proprietary  ,84,252,336,420,1260,1680
02100000,POLYTECHNIC UNIVERSITY OF PR            ,PR,00917-0000,Private      ,91,198,289,2768,2396,5164
02163300,UNIVERSIDAD CENTRAL DEL CARIBE          ,PR,00960-0000,Private      ,5,15,20,208,474,682
02165100,EDP COLLEGE OF PUERTO RICO              ,PR,00919-0000,Private      ,59,153,212,889,1538,2427
02166000,CENTER FOR ADVANCED STUDIES OF PUER     ,PR,00902-0000,Private      ,0,40,40,0,132,132
02166400,INSTITUTO DE BANCA Y COMERCIO           ,PR,00925-0000,Proprietary  ,1159,1670,2829,6098,8350,14448
02170300,INST EDUC TECNIA OCUP LA REINA          ,PR,00674-0000,Proprietary  ,18,42,60,300,414,714
02170301,INST EDUC TECNICA OCUPLA LA REINA       ,PR,00603-0000,Proprietary  ,0,0,0,1,6,7
02189100,CENTRO DE ESTUDIOS MULTIDISCIPLIN       ,PR,00926-0000,Private      ,152,253,405,1668,2177,3845
02189300,EMMA'S BEAUTY ACADEMY                   ,PR,00680-0000,Proprietary  ,16,11,27,240,209,449
02195400,MODERN HAIRSTYLING INSTITUTE            ,PR,00960-0000,Proprietary  ,172,190,362,707,599,1306
02195500,MODERN HAIRSTYLING INSTITUTE            ,PR,00612-0000,Proprietary  ,0,1,1,7,6,13
02195800,LICEO E ARTE Y TECNOLGIA                ,PR,00919-0000,Proprietary  ,46,79,125,612,690,1302
02195900,MODERN HAIRSTYLING INSTITUTE            ,PR,00980-0000,Proprietary  ,2,1,3,11,10,21
02234900,ANTILLES SCHOOL OF TECH CAREERS         ,PR,00909-0000,Proprietary  ,35,57,92,144,186,330
02241901,COMMONWEALTH OF PR DEPT OF EDUC - CARLOS,PR,00986-0000,Public       ,19,44,63,31,56,87
02241902,COMMONWEALTH OF PR DEPT OF EDUC - TOMAS ,PR,00613-0000,Public       ,0,1,1,42,37,79
02241904,COMMONWEALTH OF PR DEPT OF EDUC - ITPR R,PR,00655-0000,Public       ,30,23,53,535,257,792
02241905,COMMONWEALTH OF PR DEPT OF EDUC - JOSE A,PR,00674-0000,Public       ,1,1,2,107,29,136
02241907,COMMONWEALTH OF PR DEPT OF EDUC - ITPR R,PR,00928-0000,Public       ,22,36,58,440,222,662
02241908,COMMONWEALTH OF PR DEPT OF EDUC - ITPR R,PR,00732-0000,Public       ,20,11,31,496,274,770
02241909,COMMONWEALTH OF PR DEPT OF EDUC - TROQUE,PR,00959-0000,Public       ,3,0,3,37,9,46
02241910,COMMONWEALTH OF PR DEPT OF EDUC - ITPR R,PR,00701-1091,Public       ,22,21,43,622,283,905
02260600,NATIONAL COLLEGE OF BUSINESS & TECH     ,PR,00960-2036,Proprietary  ,349,757,1106,3593,5165,8758
02260601,NATIONAL COLLEGE OF BUSINESS & TECHNOLOG,PR,00612-0000,Proprietary  ,0,0,0,60,37,97
02260602,NATIONAL COLLEGE OF BUSINESS & TECHNOLOG,PR,00745-9903,Proprietary  ,0,0,0,35,36,71
02260800,HUERTAS JUNIOR COLLEGE                  ,PR,00726-0000,Proprietary  ,57,91,148,982,1391,2373
02297700,AUTOMECA TECHNICAL COLLEGE              ,PR,00957-0000,Proprietary  ,78,97,175,1099,711,1810
02303800,AMERICAN EDUCATIONAL COLLEGE            ,PR,00961-0000,Proprietary  ,58,102,160,502,794,1296
02335500,COLEGIO BIBLICO PENTECOSTAL DE PR       ,PR,00978-0000,Private      ,0,8,8,21,163,184
02340600,HUMACAO COMMUNITY COLLEGE               ,PR,00792-0000,Private      ,36,46,82,313,391,704
02343600,INSTITUTE OF BEAUTY CAREERS             ,PR,00613-0000,Proprietary  ,36,80,116,333,443,776
02460000,UNIVERSITY OF PUERTO RICO - MEDICAL SCIE,PR,00936-0000,Public       ,17,42,59,630,1424,2054
02482400,PONCE SCHOOL OF MEDICINE                ,PR,00716-2347,Private      ,3,9,12,54,643,697
02502400,SERBIA'S SCHOOL OF BEAUTY CULTURE       ,PR,00785-0000,Proprietary  ,17,50,67,166,218,384
02504500,INSTITUCION CHAVIANO DE MAYAGUEZ        ,PR,00708-0000,Proprietary  ,21,41,62,39,145,184
02505400,ATLANTIC COLLEGE                        ,PR,00970-0000,Private      ,51,38,89,1018,492,1510
02534900,PONCE PARAMEDICAL COLLEGE (POPAC)       ,PR,00731-0000,Proprietary  ,191,184,375,1833,1568,3401
02552300,COLEGIO MAYOR DE TECHNOLOGIA            ,PR,00714-0000,Proprietary  ,10,36,46,176,251,427
02562500,INTERNATIONAL TECHNICAL COLLEGE         ,PR,00918-0000,Proprietary  ,9,29,38,39,126,165
02563500,ROGIES SCHOOL OF BEAUTY CULTURE         ,PR,00910-0000,Proprietary  ,10,8,18,128,214,342
02569400,ESCUELA DE ARTES PLASTICAS              ,PR,00902-1112,Public       ,11,16,27,402,198,600
02570400,EDUCATIONAL TECHNICAL COLLEGE           ,PR,00925-3404,Proprietary  ,65,128,193,471,818,1289
02576100,ESCUELA TECNICA DE ELECTRICIDAD         ,PR,00731-0000,Proprietary  ,7,35,42,213,336,549
02587500,UNIVERSIDAD METROPOLITANA               ,PR,00928-0000,Private      ,173,672,845,5477,8500,13977
02588600,SEMINARIO EVANGELICO DE PUERTO RICO     ,PR,00925-0000,Private      ,0,5,5,0,30,30
02593700,HISPANIC AMERICAN COLLEGE               ,PR,00725-0000,Proprietary  ,40,56,96,168,257,425
03016000,UNIVERSITY OF PUERTO RICO CAROLINA REGIO,PR,00985-0000,Public       ,91,77,168,3635,719,4354
03021900,EDIC COLLEGE                            ,PR,00726-0000,Proprietary  ,42,80,122,901,1149,2050
03025500,MECH TECH COLLEGE                       ,PR,00725-6118,Proprietary  ,214,196,410,3120,1992,5112
03025900,"LICEO DE ARTE, DISENOS Y COMERCIO       ",PR,00726-0000,Proprietary  ,50,99,149,299,388,687
03029700,"UNIVERSAL TECHNOLOGY CLG OF PR, INC     ",PR,00605-1955,Private      ,88,216,304,414,903,1317
03061900,COLEGIO TECHNOLOGICO Y COMERCIAL        ,PR,00602-0960,Proprietary  ,4,14,18,32,67,99
03068400,STAR BEAUTY ACADEMY                     ,PR,00961-6312,Proprietary  ,13,26,39,44,74,118
03070500,D'MART INSTITUTE                        ,PR,00794-3517,Proprietary  ,72,143,215,780,1131,1911
03075600,EMMA'S BEAUTY ACADEMY                   ,PR,00795-0000,Proprietary  ,24,41,65,351,284,635
03085700,PROFESSIONAL TECHNICAL INSTITUTION      ,PR,00960-7061,Proprietary  ,20,26,46,185,212,397
03104400,PROFESSIONAL ELECTRIC SCHOOL            ,PR,00674-1797,Proprietary  ,3,6,9,32,36,68
03106900,ESCUELA DE PERITOS ELECTRICITAS         ,PR,00662-0457,Proprietary  ,2,5,7,42,58,100
03112100,JOHN DEWEY COLLEGE                      ,PR,00915-9538,Private      ,539,1050,1589,2306,4405,6711
03112101,JOHN DEWEY COLLEGE                      ,PR,00986-0000,Private      ,83,99,182,583,732,1315
03112102,JOHN DEWEY COLLEGE-BAYAMON CAMPUS       ,PR,00959-0000,Private      ,131,256,387,461,717,1178
03112104,JOHN DEWEY COLLEGE - YABUCOA LRNING SITE,PR,00767-0767,Private      ,37,99,136,177,427,604
03112105,JOHN DEWEY COLLEGE - FAJARDO BRANCH     ,PR,00738-0738,Private      ,33,56,89,196,292,488
03112106,JOHN DEWEY COLLEGE - ARROYO BRANCH      ,PR,00714-0714,Private      ,18,54,72,56,134,190
03112107,JOHN DEWEY COLLEGE - JUANA DIAZ BRANCH  ,PR,00795-0000,Private      ,45,48,93,180,215,395
03112108,JOHN DEWEY COLLEGE - HATILLO CAMPUS     ,PR,00659-0000,Private      ,52,109,161,88,168,256
03112109,JOHN DEWEY COLLEGE - MANATI             ,PR,00674-0000,Private      ,78,176,254,214,379,593
03115900,TRINITY COLLEGE OF PUERTO RICO          ,PR,00734-0000,Private      ,17,31,48,98,162,260
03122500,ACADEMIA SERRANT INC.                   ,PR,00717-1568,Proprietary  ,27,86,113,126,293,419
03123100,GLOBELLE TECHNICAL INSTITUTE            ,PR,00693-4218,Proprietary  ,65,24,89,207,91,298
03124200,NOVA COLLEGE DE PUERTO RICO             ,PR,00960-4016,Proprietary  ,7,38,45,104,276,380
03157600,"COLEGIO DE CINEMATOGRAFIA, ARTES Y TELEV",PR,00961-6345,Proprietary  ,30,30,60,467,304,771
03177300,SAN JUAN BAUTISTA SCH OF MEDICINE       ,PR,00726-0000,Private      ,1,2,3,8,313,321
03326300,UNIVERSAL CAREER COMMUNITY COLLEGE      ,PR,00907-0000,Proprietary  ,110,159,269,530,701,1231
03336300,CENTURY COLLEGE                         ,PR,00603-0000,Proprietary  ,16,32,48,145,252,397
03414300,MONTECLARO                              ,PR,00745-9612,Private      ,0,0,0,6,3,9
03452300,INSTITUTO PRE-VOCACIONAL E INDUSTRI     ,PR,00613-1800,Private      ,44,103,147,52,110,162
03469300,IVAEM COLLEGE                           ,PR,00725-0000,Proprietary  ,2,3,5,151,74,225
03531300,COLEGIO PENTECOSTAL MIZPA               ,PR,00928-0966,Private      ,1,18,19,21,255,276
03544300,ATENAS COLLEGE                          ,PR,00674-0000,Private      ,72,129,201,800,1202,2002
03552300,LESTON COLLEGE                          ,PR,00961-6309,Proprietary  ,20,26,46,68,76,144
03608300,CARIBBEAN FORENSIC & TECHNICAL COLL     ,PR,00926-0000,Proprietary  ,4,14,18,43,99,142
03638300,ROSSLYN TRAINING ACADEMY OF COSMETOLOGY ,PR,00602-3225,Proprietary  ,0,16,16,24,60,84
03735400,"CHARLIES GUARD,DETECTIVE BUREAU&ACA     ",PR,00605-0000,Proprietary  ,16,28,44,64,153,217
03751300,ESCUELA HOTELERA DE SAN JUAN            ,PR,00917-0091,Proprietary  ,68,95,163,663,483,1146
03758300,BAYAMON COMMUNITY COLLEGE               ,PR,00960-0000,Proprietary  ,7,33,40,57,150,207
03781400,INDUSTRIAL TECHNICAL COLLEGE            ,PR,00792-0000,Proprietary  ,37,115,152,85,208,293
03785300,J.G. GUAYNABO TECHNICAL COLLEGE         ,PR,00960-0000,Proprietary  ,4,13,17,51,121,172
03800300,COLEGIO TECNICO DE ELECTRICIDAD GALLOSA ,PR,00602-0000,Proprietary  ,1,3,4,14,52,66
03800400,INSTITUTE OF BEAUTY OCCUPATIONS AND TECH,PR,00676-5071,Proprietary  ,4,10,14,58,93,151
03843300,ADVANCED TECH COLLEGE                   ,PR,00961-6321,Proprietary  ,27,63,90,120,243,363
03849300,AGUADILLA TECHNICAL COLLEGE             ,PR,00603-0000,Proprietary  ,1,9,10,25,50,75
03965400,MYRANGEL BEAUTY INSTITUTE               ,PR,00754-3917,Proprietary  ,12,36,48,76,176,252
04030300,ASPIRA  DE PUERTO RICO                  ,PR,00987-0000,Private      ,0,0,0,6,9,15
04107300,CARIB TECHNOLOGICAL INSTITUTE           ,PR,00960-0000,Proprietary  ,88,76,164,168,182,350
04117200,INSTITUTO EDUCATIVO PREMIER             ,PR,00731-0000,Proprietary  ,24,57,81,92,183,275
04131600,LIBERTY TECHNICAL COLLEGE               ,PR,00737-1298,Proprietary  ,12,31,43,50,116,166
04158600,SCOTLAND EDUCATIONAL INSTITUTE          ,PR,00961-6312,Proprietary  ,3,5,8,4,21,25
00394600,UNIVERSITY OF THE VIRGIN ISLANDS        ,VI,00802-6000,Public       ,43,64,107,1113,924,2037
00394601,UNIV OF THE VIRGIN ISLANDS-ST CROIX     ,VI,00850-0000,Public       ,26,46,72,530,641,1171
00667700,MCGILL UNIVERSITY                       ,CN,00000-0000,Public       ,35,16,51,1784,450,2234
00667900,QUEEN'S UNIVERSITY AT KINGSTON          ,CN,00000-0000,Public       ,2,5,7,101,48,149
00668100,ST FRANCIS XAVIER UNIVERSITY            ,CN,00000-0000,Public       ,1,0,1,32,8,40
00668200,ST THOMAS UNIVERSITY                    ,CN,00000-0000,Public       ,1,0,1,18,4,22
00668300,UNIVERSITY OF GUELPH                    ,CN,00000-0000,Public       ,1,1,2,38,53,91
00668400,UNIVERSITY OF MANITOBA                  ,CN,00000-0000,Public       ,2,1,3,32,32,64
00668500,UNIVERSITY OF NEW BRUNSWICK (THE)       ,CN,00000-0000,Public       ,0,0,0,13,12,25
00668600,UNIVERSITY OF OTTAWA                    ,CN,00000-0000,Public       ,1,2,3,43,40,83
00668800,UNIVERSITY OF TORONTO                   ,CN,00000-0000,Public       ,9,23,32,324,378,702
00668900,UNIVERSITY OF WINDSOR                   ,CN,00000-0000,Public       ,1,4,5,17,51,68
00683700,UNIVERSITE LAVAL                        ,CN,00000-0000,Public       ,0,1,1,5,17,22
00683800,DALHOUSIE UNIVERSITY                    ,CN,00000-0000,Public       ,2,4,6,110,79,189
00685200,BISHOP'S UNIVERSITY                     ,CN,00000-0000,Private      ,2,1,3,43,5,48
00685300,MCMASTER UNIVERSITY                     ,CN,00000-0000,Public       ,1,1,2,30,34,64
00767900,YORK UNIVERSITY                         ,CN,00000-0000,Public       ,7,7,14,113,112,225
00787400,UNIVERSITY AT CALGARY (THE)             ,CN,00000-0000,Public       ,1,5,6,41,49,90
00814800,UNIVERSITY OF WINNIPEG                  ,CN,00000-0000,Public       ,1,0,1,15,4,19
00836200,UNIVERSITY OF ALBERTA (THE)             ,CN,00000-0000,Public       ,3,4,7,35,51,86
00836300,MOUNT SAINT VINCENT UNIVERSITY          ,CN,00000-0000,Private      ,0,0,0,8,3,11
00836400,SAINT MARY'S UNIVERSITY                 ,CN,00000-0000,Public       ,0,0,0,23,12,35
00836500,CONCORDIA UNIVERSITY - SIR GEORGE W     ,CN,00000-0000,Public       ,10,2,12,232,161,393
00836600,UNIVERSITE DE MONTREAL                  ,CN,00000-0000,Public       ,1,1,2,9,33,42
00836800,CARLETON UNIVERSITY                     ,CN,00000-0000,Public       ,2,2,4,49,35,84
00836900,UNIVERSITY OF BRITISH COLUMBIA          ,CN,00000-0000,Public       ,20,28,48,747,541,1288
00837000,"SAFA, UNIVERSITY OF VICTORIA            ",CN,00000-0000,Public       ,5,9,14,114,81,195
00844400,SIMON FRASER UNIVERSITY                 ,CN,00000-0000,Public       ,4,9,13,111,121,232
00844600,UNIVERSITY OF WESTERN ONTARIO (THE)     ,CN,00000-0000,Public       ,0,1,1,35,53,88
00844800,UNIVERSITY OF REGINA                    ,CN,00000-0000,Public       ,1,0,1,8,8,16
00844900,ACADIA UNIVERSITY                       ,CN,00000-0000,Public       ,1,1,2,58,12,70
00852600,UNIVERSITY OF WATERLOO                  ,CN,00000-0000,Public       ,0,1,1,40,22,62
00858200,WILFRID LAURIER UNIVERSITY              ,CN,00000-0000,Public       ,0,0,0,11,8,19
00891300,LAKEHEAD UNIVERSITY                     ,CN,00000-0000,Public       ,0,0,0,7,4,11
00911900,UNIVERSITE DE MONCTON                   ,CN,00000-0000,Public       ,0,0,0,0,3,3
00925200,BROCK UNIVERSITY                        ,CN,00000-0000,Public       ,0,0,0,15,7,22
00936700,UNIVERSITY OF PRINCE EDWARD ISLAND      ,CN,00000-0000,Public       ,0,1,1,21,109,130
00942100,BRANDON UNIVERSITY                      ,CN,00000-0000,Public       ,0,1,1,6,8,14
00948600,TRINITY WESTERN UNIVERSITY              ,CN,00000-0000,Private      ,5,3,8,171,44,215
00950000,MEMORIAL UNIVERSITY OF NEWFOUNDLAND     ,CN,00000-0000,Public       ,2,0,2,17,23,40
00950100,UNIVERSITY OF KING'S COLLEGE            ,CN,00000-0000,Public       ,1,0,1,25,3,28
00950300,MOUNT ALLISON UNIVERSITY                ,CN,00000-0000,Public       ,1,0,1,44,2,46
00950400,NOVA SCOTIA AGRICULTURAL COLLEGE        ,CN,00000-0000,Public       ,0,0,0,3,2,5
00950500,TRENT UNIVERSITY                        ,CN,00000-0000,Public       ,1,0,1,10,7,17
00969700,LETHBRIDGE COLLEGE                      ,CN,00000-0000,Public       ,0,0,0,1,3,4
00969800,MEDICINE HAT COLLEGE                    ,CN,00000-0000,Public       ,0,0,0,1,1,2
00970100,SENECA COLG OF APPLIED ARTS & TECH      ,CN,00000-0000,Public       ,0,5,5,21,38,59
01012300,NOVA SCOTIA COLLEGE OF ART & DESIGN     ,CN,00000-0000,Public       ,2,1,3,23,16,39
01022100,SAINT PAUL UNIVERSITY                   ,CN,00000-0000,Public       ,0,0,0,0,7,7
01045800,SHERIDAN COLLEGE OF APPLIED ARTS AN     ,CN,00000-0000,Public       ,0,3,3,23,11,34
01067500,REGENT COLLEGE                          ,CN,00000-0000,Private      ,0,2,2,4,86,90
01070300,UNIVERSITY OF LETHBRIDGE                ,CN,00000-0000,Public       ,0,0,0,10,7,17
01072000,RYERSON UNIVERSITY                      ,CN,00000-0000,Public       ,1,6,7,55,57,112
01172200,BRIERCREST BIBLE COLLEGE                ,CN,00000-0000,Private      ,1,0,1,15,4,19
01221100,ALGONQUIN CLG OF APPLIED ARTS &TECH     ,CN,00000-0000,Public       ,4,0,4,14,12,26
01222800,HUMBER COLLEGE                          ,CN,00000-0000,Public       ,0,5,5,27,30,57
01227400,PROVIDENCE COLLEGE                      ,CN,00000-0000,Private      ,0,1,1,9,5,14
02102100,BETHANY BIBLE COLLEGE                   ,CN,00000-0000,Private      ,0,0,0,52,23,75
02116600,CANADIAN MEMORIAL CHIROPRACTIC COLL     ,CN,00000-0000,Private      ,1,0,1,3,3,6
02167000,PRAIRIE BIBLE INST                      ,CN,00000-0000,Private      ,1,0,1,25,6,31
02184600,INSTITUTE FOR CHRISTIAN STUDIES         ,CN,00000-0000,Private      ,0,0,0,0,6,6
02195600,LASALLE COLLEGE                         ,CN,00000-0000,Private      ,0,0,0,13,13,26
02195700,TAYLOR UNIVERSITY COLLEGE AND SEMINARY  ,CN,00000-0000,Private      ,0,0,0,0,1,1
02201100,COLUMBIA BIBLE COLLEGE                  ,CN,00000-0000,Private      ,1,0,1,17,6,23
02216400,TYNDALE COLLEGE & SEMINARY              ,CN,00000-0000,Private      ,0,0,0,4,4,8
02219000,ST. LAWRENCE COLLEGE                    ,CN,00000-0000,Public       ,0,0,0,5,4,9
02219200,UNIVERSITY OF SASKATCHEWAN              ,CN,00000-0000,Public       ,1,0,1,8,19,27
02324900,EMMANUEL BIBLE COLLEGE                  ,CN,00000-0000,Private      ,0,0,0,3,1,4
02338800,EMILY CARR UNIVERSITY OF ART AND DESIGN ,CN,00000-0000,Public       ,0,4,4,68,43,111
02354700,RED DEER COLLEGE                        ,CN,00000-0000,Public       ,0,0,0,2,0,2
02577200,SALVATION ARMY WM & CATHERINE BOOTH     ,CN,00000-0000,Private      ,0,0,0,0,1,1
02593800,CONCORDIA UNIVERSITY COLLEGE            ,CN,00000-0000,Private      ,0,1,1,6,3,9
02611900,THE KING'S UNIVERSITY COLLEGE           ,CN,00000-0000,Private      ,0,0,0,2,1,3
03018300,ROCKY MOUNTAIN COLLEGE: CENTRE FOR      ,CN,00000-0000,Private      ,0,0,0,2,1,3
03033800,UNIVERSITY COLLEGE OF CAPE BRETON       ,CN,00000-0000,Public       ,0,1,1,2,4,6
03078300,VANCOUVER SCHOOL OF THEOLOGY            ,CN,00000-0000,Private      ,0,1,1,4,5,9
03273300,CANADIAN COLLEGE OF NATUROPATHIC ME     ,CN,00000-0000,Private      ,1,1,2,2,21,23
03298300,ALBERTA COLLEGE OF ART & DESIGN         ,CN,00000-0000,Public       ,1,1,2,17,11,28
03332500,KWANTLEN UNIVERSITY COLLEGE             ,CN,00000-0000,Public       ,0,0,0,4,9,13
03335400,CANADIAN UNIVERSITY COLLEGE             ,CN,00000-0000,Private      ,3,0,3,30,14,44
03339300,ST. STEPHENS UNIVERSITY                 ,CN,00000-0000,Private      ,0,1,1,1,5,6
03348500,REDEEMER UNIVERSITY COLLEGE             ,CN,00000-0000,Private      ,0,0,0,11,1,12
03408300,CANDIAN NAZARENE UNIVERSITY COLLEGE     ,CN,00000-0000,Private      ,0,0,0,1,1,2
03420300,HOLLAND COLLEGE                         ,CN,00000-0000,Public       ,1,0,1,5,6,11
03511300,CN CLG ACUPUNCTURE & ORIENTAL MED       ,CN,00000-0000,Private      ,0,1,1,2,9,11
03560400,NIAGARA COLLEGE-WELLAND CAMPUS          ,CN,00000-0000,Public       ,0,0,0,5,4,9
03613300,UNIV OF NORTHERN BRITISH COLUMBIA       ,CN,00000-0000,Public       ,0,0,0,6,8,14
03644400,CANADIAN MENNONITE UNIVERSITY           ,CN,00000-0000,Private      ,0,0,0,6,2,8
03674400,CANADIAN SOUTHERN BAPTIST SEMINARY      ,CN,00000-0000,Private      ,0,0,0,0,4,4
03711300,CAPILANO UNIVERSITY                     ,CN,00000-0000,Public       ,1,3,4,21,13,34
03745300,BRITISH COLUMBIA INSTITUTE OF TECHNOLOGY,CN,00000-0000,Public       ,1,2,3,4,17,21
03846300,PACIFIC LIFE BIBLE COLLEGE              ,CN,00000-0000,Private      ,0,0,0,4,5,9
03847300,ATLANTIC BAPTIST UNIVERSITY             ,CN,00000-0000,Private      ,0,0,0,6,3,9
04122700,MCMASTER DIVINITY COLLEGE               ,CN,00000-0000,Private      ,0,0,0,0,9,9
04123100,ATLANTIC SCHOOL OF THEOLOGY             ,CN,00000-0000,Public       ,0,0,0,1,1,2
04156700,AMBROSE UNIVERSITY COLLEGE              ,CN,00000-0000,Private      ,0,0,0,10,6,16
00814700,UNIVERSIDAD AUTONOMA DE GUADALAJARA     ,MX,00000-0000,Private      ,7,234,241,70,1128,1198
01041800,INST TEC Y DE ESTSUPER DE MONTERRE      ,MX,00000-0000,Private      ,4,5,9,83,72,155
01067600,UNIVERSIDAD DE MONTERREY                ,MX,00000-0000,Private      ,2,3,5,21,37,58
01093800,UNIVERSIDAD DE GUANAJUATO               ,MX,00000-0000,Public       ,0,1,1,16,16,32
01097600,INSTITUTO ALLENDE                       ,MX,00000-0000,Private      ,0,2,2,7,18,25
02053300,CENTRO DE ESTUDIOS UNIVERSITARIOS D     ,MX,00000-0000,Private      ,23,43,66,94,183,277
01001000,AMERICAN SAMOA CMNTY COLLEGE            ,AS,96799-2609,Public       ,61,30,91,1664,432,2096
01034300,COLLEGE OF MICRONESIA - FSM             ,FM,96941-0159,Public       ,210,89,299,2262,1138,3400
01100900,PALAU COMMUNITY COLLEGE                 ,PW,96940-0009,Public       ,17,17,34,809,334,1143
03022400,COLLEGE OF THE MARSHALL ISLANDS         ,MH,96960-1258,Public       ,156,68,224,695,342,1037
03033000,NORTHERN MARIANAS COLLEGE               ,MP,96950-0000,Public       ,29,47,76,617,448,1065
