OPE ID,School,State,Zip Code,School Type,20102011Qtr2_Dependent Students,20102011Qtr2_Independent Students,Quarterly Total,YTD_20102011Qtr2_Dependent Students,YTD_20102011Qtr2_Independent Students,Award Year To Date Total
00100200,ALABAMA AGRCLTL & MECHL UNIV            ,AL,35762-1357,Public       ,1648,1094,2742,4992,2239,7231
00100300,FAULKNER UNIVERSITY                     ,AL,36109-3398,Private      ,550,1440,1990,1190,2515,3705
00100400,UNIVERSITY OF MONTEVALLO                ,AL,35115-6000,Public       ,670,573,1243,1751,1082,2833
00100500,ALABAMA STATE UNIVERSITY                ,AL,36101-0000,Public       ,2379,1651,4030,6765,3299,10064
00100700,CENTRAL ALABAMA COMMUNITY COLLEGE       ,AL,35011-0000,Public       ,357,705,1062,911,1197,2108
00100800,ATHENS STATE UNIVERSITY                 ,AL,35611-1999,Public       ,281,1180,1461,549,2089,2638
00100900,AUBURN UNIVERSITY                       ,AL,36849-5113,Public       ,3292,1948,5240,14086,4495,18581
00101200,BIRMINGHAM SOUTHERN COLLEGE             ,AL,35254-0002,Private      ,464,179,643,1891,388,2279
00101300,CALHOUN COMMUNITY COLLEGE               ,AL,35609-2216,Public       ,1626,2828,4454,3359,5044,8403
00101500,ENTERPRISE STATE COMMUNITY COLLEGE      ,AL,36331-1300,Public       ,380,733,1113,873,1259,2132
00101600,UNIVERSITY OF NORTH ALABAMA             ,AL,35632-0001,Public       ,1566,993,2559,3789,1747,5536
00101700,GADSDEN STATE COMMUNITY COLLEGE         ,AL,35903-2269,Public       ,1008,1954,2962,2204,3630,5834
00101800,GEORGE C WALLACE COMMUNITY COLLEGE      ,AL,36303-0943,Public       ,619,1381,2000,1342,2381,3723
00101900,HUNTINGDON COLLEGE                      ,AL,36106-2148,Private      ,387,170,557,1108,337,1445
00102000,JACKSONVILLE STATE UNIVERSITY           ,AL,36265-1602,Public       ,1978,1842,3820,5294,3702,8996
00102100,JEFFERSON DAVIS COMMUNITY COLLEGE       ,AL,36427-2790,Public       ,221,333,554,439,625,1064
00102200,JEFFERSON STATE COMMUNITY COLLEGE       ,AL,35215-3098,Public       ,1874,3052,4926,3196,5296,8492
00102300,JUDSON COLLEGE                          ,AL,36756-2504,Private      ,132,40,172,296,74,370
00102400,UNIVERSITY OF WEST ALABAMA              ,AL,35470-0000,Public       ,705,1673,2378,1608,2888,4496
00102600,MARION MILITARY INSTITUTE               ,AL,36756-3214,Public       ,200,28,228,433,50,483
00102800,MILES COLLEGE                           ,AL,35064-2697,Private      ,766,452,1218,1654,855,2509
00102900,UNIVERSITY OF MOBILE                    ,AL,36613-0000,Private      ,453,697,1150,1137,1187,2324
00103000,BISHOP STATE COMMUNITY COLLEGE          ,AL,36603-5898,Public       ,815,1758,2573,1320,2820,4140
00103001,BISHOP STATE COMM COLG-CARVER CMPS      ,AL,36617-0000,Public       ,80,205,285,121,335,456
00103002,BISHOP STAT COMM CLG-SW CMPS            ,AL,36605-0000,Public       ,46,116,162,86,199,285
00103100,NORTHEAST ALABAMA STATE CMNTY COLG      ,AL,35986-0159,Public       ,417,750,1167,740,1226,1966
00103300,OAKWOOD COLLEGE                         ,AL,35896-0001,Private      ,514,294,808,1491,575,2066
00103400,ALABAMA SOUTHERN COMMUNITY COLLEGE      ,AL,36460-5698,Public       ,409,455,864,775,709,1484
00103600,SAMFORD UNIVERSITY                      ,AL,35229-7000,Private      ,480,933,1413,2817,2419,5236
00103800,SNEAD STATE COMMUNITY COLLEGE           ,AL,35957-0734,Public       ,373,652,1025,931,1281,2212
00104000,SOUTHERN UNION STATE COMMUNITY CLG      ,AL,36276-0000,Public       ,1032,1197,2229,2286,2099,4385
00104100,SPRING HILL COLLEGE                     ,AL,36608-1791,Private      ,439,234,673,1855,453,2308
00104400,STILLMAN COLLEGE                        ,AL,35403-1430,Private      ,738,217,955,1892,435,2327
00104600,TALLADEGA COLLEGE                       ,AL,35160-2354,Private      ,188,115,303,467,247,714
00104700,TROY STATE UNIVERSITY                   ,AL,36082-0001,Public       ,2715,8992,11707,6529,16087,22616
00105000,TUSKEGEE UNIVERSITY                     ,AL,36088-1645,Private      ,856,313,1169,4404,1030,5434
00105100,UNIVERSITY OF ALABAMA (THE)             ,AL,35487-0120,Public       ,4843,3426,8269,17419,7856,25275
00105200,UNIVERSITY OF ALABAMA AT BIRMINGHAM     ,AL,35294-1150,Public       ,2503,4146,6649,7309,8206,15515
00105500,UNIVERSITY OF ALABAMA IN HUNTSVILLE     ,AL,35899-0001,Public       ,1310,1566,2876,3353,2776,6129
00105700,UNIVERSITY OF SOUTH ALABAMA             ,AL,36688-0002,Public       ,2996,3876,6872,6815,6993,13808
00105900,LAWSON STATE COMMUNITY COLLEGE          ,AL,35221-1798,Public       ,865,1442,2307,1530,2387,3917
00105901,LAWSON STATE COMMUNITY COLLEGE - BESSEME,AL,35021-0308,Public       ,233,475,708,364,861,1225
00106000,FAULKNER STATE COMMUNITY COLLEGE        ,AL,36507-2698,Public       ,1102,1311,2413,2110,2176,4286
00526000,J.F. DRAKE STATE TECH COLLEGE           ,AL,35811-1584,Public       ,172,557,729,287,1010,1297
00569100,SHELTON STATE COMMUNITY CLG             ,AL,35405-4017,Public       ,1458,1455,2913,2966,2495,5461
00569200,REID STATE TECHNICAL COLLEGE            ,AL,36401-0000,Public       ,86,277,363,138,399,537
00569700,NORTHWEST- SHOALS COMMUNITY COLLEGE     ,AL,35661-0000,Public       ,647,813,1460,1257,1405,2662
00569702,NORTHWEST-SHOALS C.C.-PHIL CAMPBELL     ,AL,35581-0000,Public       ,106,133,239,239,229,468
00569900,GEORGE C WALLACE STATE CMTY COLLEGE     ,AL,36703-0000,Public       ,367,596,963,640,993,1633
00573300,BEVILL STATE CMTY COLLEGE-WALKER        ,AL,35148-0000,Public       ,345,788,1133,844,1412,2256
00573301,BEVILL STATE COMMUNITY COLLEGE - FAYETTE,AL,35555-0000,Public       ,163,288,451,378,540,918
00573302,BEVILL STATE CMTY CLG-HAMILTON CAMP     ,AL,35570-0000,Public       ,67,143,210,166,282,448
00573305,BEVILL STATE CMTY CLG-WALKER CLG        ,AL,35501-0000,Public       ,135,210,345,316,386,702
00573400,H. COUNCILL TRENHOLM STATE TECH COLLEGE ,AL,36108-0020,Public       ,275,692,967,440,1138,1578
00573401,H. C. TRENHOLM ST TECH COL-PATTERSON CAM,AL,36116-2612,Public       ,130,284,414,231,503,734
00787100,GEORGE C WALLACE STATE CMTY CLG         ,AL,35077-2000,Public       ,1344,1880,3224,2312,3059,5371
00831000,AUBURN UNIVERSITY-MONTGOMERY            ,AL,36124-0000,Public       ,1248,1666,2914,2884,3123,6007
00898800,LURLEEN B WALLACE COMMUNITY COLLEGE     ,AL,36420-0418,Public       ,272,450,722,699,797,1496
01019300,HERZING COLLEGE                         ,AL,35209-4816,Proprietary  ,51,411,462,94,795,889
01055400,CONCORDIA COLLEGE                       ,AL,36701-3323,Private      ,279,164,443,492,272,764
01218200,CHATTAHOOCHEE VALLEY CMTY CLG           ,AL,36869-7917,Public       ,288,531,819,571,907,1478
01303906,SOUTH UNIVERSITY - MONTGOMERY           ,AL,36116-1120,Proprietary  ,158,578,736,276,1055,1331
02170600,UNITED STATES SPORTS ACADEMY            ,AL,36526-7055,Private      ,15,234,249,26,403,429
02199700,HERITAGE CHRISTIAN UNIVERSITY           ,AL,35630-0000,Private      ,2,23,25,10,39,49
02270400,SOUTHEASTERN BIBLE COLLEGE              ,AL,35244-2083,Private      ,29,88,117,65,134,199
02285000,PAUL MITCHELL THE SCHOOL HUNTSVILLE     ,AL,35758-0000,Proprietary  ,26,32,58,29,45,74
02296000,PRINCE INSTITUTE OF PROFESSIONAL STUDIES,AL,36117-0000,Proprietary  ,16,94,110,22,130,152
02341000,FORTIS COLLEGE                          ,AL,36609-0000,Proprietary  ,257,564,821,291,690,981
02341002,CAPPS COLLEGE - MONTGOMERY              ,AL,36109-3624,Proprietary  ,23,69,92,51,124,175
02341004,FORTIS COLLEGE - SCHOOL OF COSMETOLOGY  ,AL,36609-1981,Proprietary  ,6,34,40,13,53,66
02503400,AMRIDGE UNIVERSITY                      ,AL,36124-0000,Private      ,21,281,302,40,475,515
02605500,REMINGTON COLLEGE - MOBILE CAMPUS       ,AL,36609-5593,Proprietary  ,241,844,1085,304,1136,1440
03010600,VIRGINIA COLLEGE                        ,AL,35209-5154,Proprietary  ,521,5850,6371,830,10675,11505
03010602,VIRGINIA COLLEGE - HUNTSVILLE           ,AL,35805-0000,Proprietary  ,93,520,613,152,863,1015
03010607,VIRGINIA COLLEGE - MOBILE               ,AL,36608-1626,Proprietary  ,65,402,467,100,648,748
03010616,VIRGINIA COLLEGE - MONTGOMERY           ,AL,36117-2802,Proprietary  ,141,671,812,229,1054,1283
03032500,ALABAMA STATE CLG BARBER STYLING        ,AL,35215-8308,Proprietary  ,25,49,74,54,69,123
03361400,FORTIS COLLEGE                          ,AL,36535-3547,Proprietary  ,29,110,139,31,139,170
03459300,SOUTHEASTERN SCHOOL OF COSMETOLOGY      ,AL,35228-0000,Private      ,8,43,51,18,55,73
03783300,BLUE CLIFF CAREER COLLEGE               ,AL,63306-4749,Proprietary  ,23,79,102,36,133,169
03894300,HUNTSVILLE BIBLE COLLEGE                ,AL,35811-0000,Private      ,7,30,37,16,50,66
04066300,CARDIAC AND VASCULAR INSTITUTE OF ULTRAS,AL,36604-1411,Proprietary  ,11,47,58,16,82,98
04067300,SELMA UNIVERSITY                        ,AL,36701-0000,Private      ,49,98,147,81,164,245
04121500,COLUMBIA SOUTHERN UNIVERSITY            ,AL,36561-3815,Proprietary  ,114,2867,2981,188,5314,5502
04149200,XCELL ACADEMY-A PAUL MITCHELL PARTNER SC,AL,35216-4990,Proprietary  ,25,65,90,45,119,164
00111100,ALLAN HANCOCK COLLEGE                   ,CA,93454-6399,Public       ,829,1403,2232,2757,2933,5690
00111300,ANTELOPE VALLEY COLLEGE                 ,CA,93536-5426,Public       ,1211,2587,3798,4272,5763,10035
00111600,ART CENTER COLLEGE OF DESIGN            ,CA,91103-1999,Private      ,137,215,352,1365,1249,2614
00111700,AZUSA PACIFIC UNIVERSITY                ,CA,91702-7000,Private      ,738,1561,2299,7686,4600,12286
00111800,BAKERSFIELD COLLEGE                     ,CA,93305-1299,Public       ,2079,3361,5440,8299,8354,16653
00111900,BARSTOW COMMUNITY COLLEGE               ,CA,92311-6608,Public       ,238,1103,1341,547,1997,2544
00112000,AMER BAPT SEM OF THE WEST-BERKELEY      ,CA,94704-0000,Private      ,2,21,23,9,53,62
00112100,BETHANY UNIVERSITY /  ASSEMBLIES OF GOD ,CA,95066-2896,Private      ,96,104,200,397,264,661
00112200,BIOLA UNIVERSITY                        ,CA,90639-0001,Private      ,677,587,1264,5248,1828,7076
00112300,BROOKS INSTITUTE                        ,CA,93103-1809,Proprietary  ,208,219,427,793,572,1365
00112400,CABRILLO COLLEGE                        ,CA,95003-3194,Public       ,825,1391,2216,3346,3578,6924
00112500,CALIFORNIA BAPTIST UNIVERSITY           ,CA,92504-3297,Private      ,468,708,1176,4244,2180,6424
00112700,CALIFORNIA COLLEGE OF THE ARTS          ,CA,94107-2206,Private      ,258,324,582,1857,1766,3623
00113100,CALIFORNIA INSTITUTE OF TECHNOLOGY      ,CA,91125-0001,Private      ,118,74,192,3179,501,3680
00113200,CALIFORNIA INSTITUTE OF THE ARTS        ,CA,91355-2397,Private      ,96,85,181,1789,1471,3260
00113300,CALIFORNIA LUTHERAN UNIVERSITY          ,CA,91360-2787,Private      ,431,586,1017,3968,1370,5338
00113400,CALIFORNIA MARITIME ACADEMY             ,CA,94590-8181,Public       ,83,46,129,683,277,960
00113700,CALIF STATE UNIV-FULLERTON              ,CA,92831-3599,Public       ,1624,2778,4402,35873,16567,52440
00113800,"CALIFORNIA STATE UNIVERSITY, EAST BAY   ",CA,94542-3000,Public       ,613,1635,2248,10873,9100,19973
00113900,CALIF STATE UNIV-LONG BEACH             ,CA,90840-0006,Public       ,1844,2857,4701,43823,18698,62521
00114000,CALIF STATE UNIV-LOS ANGELES            ,CA,90032-4226,Public       ,1088,2410,3498,23912,15718,39630
00114100,"CALIF STATE UNIV, DOMINGUEZ HILLS       ",CA,90747-0001,Public       ,701,2217,2918,12673,11189,23862
00114200,CALIF STATE UNIV SAN BERNARDINO         ,CA,92407-2397,Public       ,1281,2594,3875,14693,10144,24837
00114300,CAL POLY STATE UNIVERSITY               ,CA,93407-0001,Public       ,991,572,1563,29597,3778,33375
00114400,CALIF STATE POLYTECHNIC UNIV POMONA     ,CA,91768-2500,Public       ,924,1166,2090,24185,8582,32767
00114600,CALIF STATE UNIV - CHICO                ,CA,95929-0001,Public       ,1313,1342,2655,14941,5234,20175
00114700,CALIF STATE UNIV - FRESNO               ,CA,93740-8026,Public       ,1462,2174,3636,18403,9198,27601
00114900,HUMBOLDT STATE UNIVERSITY               ,CA,95521-8299,Public       ,556,631,1187,9353,3334,12687
00115000,CALIF STATE UNIV-SACRAMENTO             ,CA,95819-6044,Public       ,1760,2948,4708,23720,15114,38834
00115100,SAN DIEGO STATE UNIVERSITY              ,CA,92182-1690,Public       ,2484,3466,5950,40625,15133,55758
00115300,CALIF STATE UNIV-NORTHRIDGE             ,CA,91330-8307,Public       ,1959,2992,4951,30086,15658,45744
00115400,SAN FRANCISCO STATE UNIVERSITY          ,CA,94132-1740,Public       ,1702,2954,4656,29984,17093,47077
00115500,SAN JOSE STATE UNIVERSITY               ,CA,95192-0036,Public       ,1572,3012,4584,23749,13561,37310
00115600,SONOMA STATE UNIVERSITY                 ,CA,94928-3609,Public       ,553,609,1162,9520,2784,12304
00115700,CALIF STATE UNIV-STANISLAUS             ,CA,95382-0299,Public       ,368,775,1143,7511,4754,12265
00116100,CERRITOS COLLEGE                        ,CA,90650-6296,Public       ,2286,2697,4983,11203,7503,18706
00116200,CHABOT COLLEGE                          ,CA,94545-2400,Public       ,1150,2111,3261,4253,4726,8979
00116300,CHAFFEY COLLEGE                         ,CA,91737-9400,Public       ,2478,3782,6260,8850,8695,17545
00116400,CHAPMAN UNIVERSITY                      ,CA,92866-1099,Private      ,443,950,1393,8197,4478,12675
00116415,CHAPMAN UNIVERSITY - IRVINE CAMPUS      ,CA,92618-3801,Private      ,68,1079,1147,345,2820,3165
00116453,CHAPMAN UNIVERSITY SCHOOL OF LAW        ,CA,92866-0000,Private      ,7,268,275,67,1898,1965
00116500,CHURCH DIV SCH OF THE PACIFIC           ,CA,94709-0000,Private      ,1,5,6,2,50,52
00116600,CITRUS COLLEGE                          ,CA,91741-1899,Public       ,1138,1377,2515,5856,3749,9605
00116900,CLAREMONT GRADUATE UNIVERSITY           ,CA,91711-0000,Private      ,2,341,343,14,1621,1635
00117000,CLAREMONT MCKENNA COLLEGE               ,CA,91711-6400,Private      ,82,21,103,3035,151,3186
00117100,HARVEY MUDD COLLEGE                     ,CA,91711-5990,Private      ,39,6,45,2042,55,2097
00117200,PITZER COLLEGE                          ,CA,91711-6101,Private      ,26,30,56,2753,179,2932
00117300,POMONA COLLEGE                          ,CA,91711-6301,Private      ,330,22,352,4573,148,4721
00117400,SCRIPPS COLLEGE                         ,CA,91711-3948,Private      ,90,14,104,1572,90,1662
00117600,WEST HILLS COMMUNITY COLLEGE            ,CA,93210-1399,Public       ,285,440,725,993,885,1878
00117700,COGSWELL POLYTECHNICAL COLLEGE          ,CA,94089-1210,Private      ,29,33,62,118,75,193
00117800,COLLEGE OF MARIN                        ,CA,94904-2590,Public       ,158,475,633,670,1433,2103
00117801,COLG OF MARIN-INDIAN VALLEY CMPS        ,CA,94949-0000,Public       ,14,50,64,41,101,142
00117900,NOTRE DAME DE NAMUR UNIVERSITY          ,CA,94002-1997,Private      ,137,349,486,944,825,1769
00118100,COLLEGE OF SAN MATEO                    ,CA,94402-3784,Public       ,419,705,1124,1881,1687,3568
00118200,COLLEGE OF THE DESERT                   ,CA,92260-9305,Public       ,1040,1595,2635,3601,3219,6820
00118300,HOLY NAMES UNIVERSITY                   ,CA,94619-1699,Private      ,69,197,266,724,617,1341
00118500,COLLEGE OF THE REDWOODS                 ,CA,95501-9300,Public       ,571,1295,1866,2151,3064,5215
00118600,COLLEGE OF THE SEQUOIAS                 ,CA,93277-2234,Public       ,1466,2467,3933,5130,5091,10221
00118700,COLLEGE OF THE SISKIYOUS                ,CA,96094-2899,Public       ,197,397,594,790,945,1735
00118701,COLLEGE OF THE SISKIYOUS - YREKA CENTER ,CA,96097-9538,Public       ,12,69,81,54,133,187
00119000,CONTRA COSTA COLLEGE                    ,CA,94806-3195,Public       ,464,1060,1524,1474,2480,3954
00119100,DIABLO VALLEY COLLEGE                   ,CA,94523-1544,Public       ,786,1240,2026,3517,3154,6671
00119200,CUESTA COLLEGE                          ,CA,93403-8106,Public       ,711,956,1667,3185,2295,5480
00119300,CYPRESS COLLEGE                         ,CA,90630-5897,Public       ,1132,1870,3002,6208,5060,11268
00119600,DOMINICAN UNIVERSITY OF CALIFORNIA      ,CA,94901-2298,Private      ,117,326,443,2433,1160,3593
00119700,EL CAMINO COLLEGE                       ,CA,90506-0002,Public       ,1952,2709,4661,8470,6920,15390
00119701,COMPTON COMMUNITY COLLEGE               ,CA,90221-5393,Public       ,378,1019,1397,1455,2325,3780
00119900,FOOTHILL COLLEGE                        ,CA,94022-4597,Public       ,396,843,1239,1988,2405,4393
00120000,FULLER THEOLOGICAL SEMINARY             ,CA,91182-0000,Private      ,3,379,382,16,1992,2008
00120100,FULLERTON COLLEGE                       ,CA,92832-2095,Public       ,1723,1916,3639,8544,4867,13411
00120200,GAVILAN COLLEGE                         ,CA,95020-9599,Public       ,460,760,1220,1219,1356,2575
00120300,GLENDALE COMMUNITY COLLEGE              ,CA,91208-2894,Public       ,1403,2338,3741,6035,5571,11606
00120400,GOLDEN GATE BAPT THEOL SEMINARY         ,CA,94941-0000,Private      ,2,23,25,3,56,59
00120500,GOLDEN GATE UNIVERSITY                  ,CA,94105-2967,Private      ,24,868,892,122,3290,3412
00120600,GOLDEN WEST COLLEGE                     ,CA,92647-2748,Public       ,989,1673,2662,5343,4302,9645
00120700,GRADUATE THEOLOGICAL UNION              ,CA,94709-0000,Private      ,0,28,28,4,295,299
00120800,GROSSMONT COLLEGE                       ,CA,92020-1798,Public       ,1348,2454,3802,5255,5859,11114
00120900,HARTNELL COMMUNITY COLLEGE              ,CA,93901-1697,Public       ,769,922,1691,2440,1905,4345
00121200,HUMPHREYS COLLEGE                       ,CA,95207-3896,Private      ,72,423,495,246,980,1226
00121400,IMPERIAL VALLEY COLLEGE                 ,CA,92251-9787,Public       ,1145,1223,2368,3176,2011,5187
00121500,LA SIERRA UNIVERSITY                    ,CA,92515-3332,Private      ,267,254,521,1950,672,2622
00121600,UNIVERSITY OF LA VERNE                  ,CA,91750-4443,Private      ,239,1456,1695,3493,5206,8699
00121700,LASSEN COLLEGE                          ,CA,96130-3000,Public       ,123,217,340,265,394,659
00121800,LOMA LINDA UNIVERSITY                   ,CA,92350-0001,Private      ,126,1039,1165,801,4745,5546
00121900,LONG BEACH CITY COLLEGE                 ,CA,90808-1780,Public       ,2436,3905,6341,10891,10559,21450
00122000,MASTER'S COLLEGE & SEMINARY (THE)       ,CA,91321-1200,Private      ,101,109,210,1159,309,1468
00122300,LOS ANGELES CITY COLLEGE                ,CA,90029-3588,Public       ,1161,2524,3685,4857,6983,11840
00122400,LOS ANGELES HARBOR COLLEGE              ,CA,90744-2397,Public       ,547,1096,1643,2457,2920,5377
00122600,LOS ANGELES PIERCE COLLEGE              ,CA,91371-0001,Public       ,1518,2032,3550,7103,5325,12428
00122700,LOS ANGELES TRADE TECH COLLEGE          ,CA,90015-4181,Public       ,769,2069,2838,3169,5297,8466
00122800,LOS ANGELES VALLEY COLLEGE              ,CA,91401-4096,Public       ,1048,1965,3013,5178,5480,10658
00122900,SO CA UNIV  HEALTH SCIENCES             ,CA,90604-4051,Private      ,10,175,185,26,474,500
00123000,SOUTHERN CA COLLEGE OF OPTOMETRY        ,CA,92831-1699,Private      ,2,222,224,6,486,492
00123200,AMERICAN RIVER COLLEGE                  ,CA,95841-4286,Public       ,2468,6257,8725,9356,14993,24349
00123300,SACRAMENTO CITY COLLEGE                 ,CA,95822-1386,Public       ,2277,4875,7152,9927,12062,21989
00123600,MENLO COLLEGE                           ,CA,94027-4301,Private      ,147,33,180,1213,117,1330
00123700,MERCED COMMUNITY COLLEGE                ,CA,95348-2898,Public       ,1121,1664,2785,4783,4157,8940
00123800,MILLS COLLEGE                           ,CA,94613-1301,Private      ,76,250,326,1762,1667,3429
00123900,MIRACOSTA COLLEGE                       ,CA,92056-3899,Public       ,690,1450,2140,2465,3161,5626
00124000,MODESTO JUNIOR COLLEGE                  ,CA,95350-5800,Public       ,1497,2525,4022,7485,7870,15355
00124200,MONTEREY PENINSULA COLLEGE              ,CA,93940-4799,Public       ,542,726,1268,1866,1642,3508
00124300,MOUNT ST MARYS COLLEGE                  ,CA,90049-1599,Private      ,153,442,595,2575,1712,4287
00124500,MT. SAN ANTONIO COLLEGE                 ,CA,91789-1399,Public       ,2195,2720,4915,11815,7984,19799
00124600,MT SAN JACINTO COLLEGE                  ,CA,92583-2399,Public       ,1746,3299,5045,5276,7486,12762
00124700,NAPA VALLEY COLLEGE                     ,CA,94558-6236,Public       ,374,673,1047,1626,1654,3280
00124900,OCCIDENTAL COLLEGE                      ,CA,90041-3314,Private      ,80,36,116,4933,268,5201
00125000,ORANGE COAST COLLEGE - FIN AID OFF      ,CA,92628-5005,Public       ,1600,2005,3605,9392,5791,15183
00125100,OTIS COLLEGE OF ART AND DESIGN          ,CA,90045-3505,Private      ,204,133,337,1477,604,2081
00125200,HOPE INTERNATIONAL UNIVERSITY           ,CA,92631-0000,Private      ,121,253,374,554,604,1158
00125300,FRESNO PACIFIC UNIVERSITY               ,CA,93702-4798,Private      ,206,751,957,1897,2479,4376
00125400,PACIFIC LUTHERAN THEOLOGICAL SEM        ,CA,94708-0000,Private      ,1,9,10,2,72,74
00125500,PACIFIC OAKS COLLEGE                    ,CA,91103-3592,Private      ,8,179,187,22,375,397
00125600,PACIFIC SCHOOL OF RELIGION              ,CA,94709-0000,Private      ,0,14,14,0,159,159
00125800,PACIFIC UNION COLLEGE                   ,CA,94508-9797,Private      ,203,114,317,1417,336,1753
00125900,PALO VERDE COLLEGE                      ,CA,92225-0000,Public       ,75,194,269,149,281,430
00126000,PALOMAR COLLEGE                         ,CA,92069-1486,Public       ,1597,2110,3707,5673,4567,10240
00126100,PASADENA CITY COLLEGE                   ,CA,91106-2003,Public       ,2532,2781,5313,12718,6979,19697
00126200,POINT LOMA NAZARENE UNIVERSITY          ,CA,92106-2899,Private      ,299,284,583,4006,864,4870
00126600,LANEY COLLEGE                           ,CA,94607-4893,Public       ,705,1914,2619,2764,4624,7388
00126700,MERRITT COLLEGE                         ,CA,94619-3196,Public       ,349,1207,1556,1336,2621,3957
00126800,PORTERVILLE COLLEGE                     ,CA,93257-6059,Public       ,396,709,1105,1554,1739,3293
00126900,RIO HONDO COLLEGE                       ,CA,90601-1699,Public       ,1308,1731,3039,7246,4826,12072
00127000,RIVERSIDE COMMUNITY COLLEGE             ,CA,92506-1299,Public       ,4093,6451,10544,15916,15629,31545
00127200,SAN BERNARDINO VALLEY COLLEGE           ,CA,92410-2798,Public       ,1464,3212,4676,5468,7569,13037
00127300,SAN DIEGO CITY COLLEGE                  ,CA,92101-4787,Public       ,1463,3441,4904,5962,7829,13791
00127500,SAN DIEGO MESA COLLEGE                  ,CA,92111-4996,Public       ,1369,2397,3766,6117,5899,12016
00127800,SAN FRANCISCO CONSERVATORY OF MUSIC     ,CA,94122-4498,Private      ,29,44,73,298,354,652
00127900,SAN FRANCISCO THEOLOGICAL SEMINARY      ,CA,94960-0000,Private      ,0,59,59,0,102,102
00128000,SAN JOAQUIN DELTA COLLEGE               ,CA,95207-6370,Public       ,1960,3382,5342,7339,7805,15144
00128100,WILLIAM JESSUP UNIVERSITY               ,CA,95765-3707,Private      ,104,115,219,700,391,1091
00128200,SAN JOSE CITY COLLEGE                   ,CA,95128-2797,Public       ,704,1667,2371,2928,3783,6711
00128400,SANTA ANA COLLEGE                       ,CA,92706-3398,Public       ,902,1545,2447,4836,4087,8923
00128500,SANTA BARBARA CITY COLLEGE              ,CA,93109-2394,Public       ,1331,1557,2888,5192,3329,8521
00128600,SANTA MONICA COLLEGE                    ,CA,90405-1644,Public       ,2611,2477,5088,12319,6426,18745
00128700,SANTA ROSA JUNIOR COLLEGE               ,CA,95401-4395,Public       ,969,1960,2929,4091,4621,8712
00128800,CLAREMONT SCHOOL OF THEOLOGY            ,CA,91711-0000,Private      ,2,52,54,3,198,201
00128900,SHASTA COLLEGE                          ,CA,96049-7692,Public       ,754,1773,2527,3166,3869,7035
00129000,SIERRA COLLEGE                          ,CA,95677-3397,Public       ,1528,2427,3955,5568,6068,11636
00129100,SIMPSON UNIVERSITY                      ,CA,96003-8606,Private      ,96,190,286,1079,685,1764
00129200,SOLANO COMMUNITY COLLEGE                ,CA,94534-3197,Public       ,630,1432,2062,2568,3788,6356
00129300,VANGUARD UNIVERSITY OF SOUTHERN CA      ,CA,92626-6597,Private      ,251,259,510,1726,708,2434
00129400,SOUTHWESTERN COLLEGE                    ,CA,91910-7299,Public       ,1316,1610,2926,6163,4250,10413
00129500,SOUTHWESTERN LAW SCHOOL                 ,CA,90010-1106,Private      ,4,383,387,27,2811,2838
00129600,DOMINICAN SCH PHILOSOPHY & THEOLOGY     ,CA,94709-0000,Private      ,1,5,6,12,42,54
00129900,ST JOHN'S SEMINARY COLLEGE              ,CA,93010-0000,Private      ,0,0,0,4,2,6
00130200,SAINT MARY'S COLLEGE OF CALIFORNIA      ,CA,94556-2744,Private      ,175,412,587,4097,1233,5330
00130500,STANFORD UNIVERSITY                     ,CA,94305-6106,Private      ,1384,542,1926,20554,3067,23621
00130501,STANFORD UNIVERSITY - GRADUATE SCHOOL OF,CA,94305-5301,Private      ,4,306,310,69,1379,1448
00130502,STANFORD UNIVERSITY - GRADUATE SCHOOL OF,CA,94305-5015,Private      ,2,275,277,57,1304,1361
00130503,STANFORD UNIVERSITY - STANFORD LAW SCHOO,CA,94305-3096,Private      ,5,278,283,58,2196,2254
00130700,FRESNO CITY COLLEGE                     ,CA,93741-0002,Public       ,2750,5071,7821,13280,12189,25469
00130800,REEDLEY COLLEGE                         ,CA,93654-2099,Public       ,1409,1737,3146,5063,3816,8879
00130900,TAFT COLLEGE                            ,CA,93268-2317,Public       ,289,434,723,1088,947,2035
00131200,UNIVERSITY OF CALIFORNIA-BERKELEY       ,CA,94720-1520,Public       ,1503,2331,3834,47655,17827,65482
00131300,UNIVERSITY OF CALIFORNIA-DAVIS          ,CA,95616-8558,Public       ,1322,1521,2843,45645,13847,59492
00131400,UNIVERSITY OF CALIFORNIA-IRVINE         ,CA,92697-2825,Public       ,808,1279,2087,48700,10866,59566
00131500,UNIVERSITY OF CALIFORNIA (UCLA)         ,CA,90095-9000,Public       ,1737,3277,5014,59104,25111,84215
00131502,UNIV OF CALIFORNIA LOS ANG SCH MED      ,CA,90095-0000,Public       ,11,89,100,129,928,1057
00131503,UNIV OF CALIFORNIA LOS ANG DENTAL       ,CA,90095-0000,Public       ,2,27,29,37,133,170
00131600,UNIVERSITY OF CALIFORNIA-RIVERSIDE      ,CA,92521-0209,Public       ,901,1169,2070,30756,6531,37287
00131700,UNIVERSITY OF CALIFORNIA-SAN DIEGO      ,CA,92093-0013,Public       ,881,1046,1927,44650,9170,53820
00131900,UNIVERSITY OF CALIFORNIA-SFRANCISCO     ,CA,94143-0246,Public       ,97,513,610,927,3736,4663
00132000,UNIVERSITY OF CALIFORNIA-SANTA BARB     ,CA,93106-3180,Public       ,971,545,1516,44202,6712,50914
00132100,UNIVERSITY OF CALIFORNIA-SANTA CRUZ     ,CA,95064-0001,Public       ,678,421,1099,28477,4064,32541
00132200,UNIVERSITY OF REDLANDS                  ,CA,92373-0999,Private      ,266,592,858,4125,1798,5923
00132500,UNIVERSITY OF SAN FRANCISCO             ,CA,94117-1080,Private      ,407,1395,1802,8665,7226,15891
00132600,SANTA CLARA UNIVERSITY                  ,CA,95053-4956,Private      ,421,856,1277,9326,4509,13835
00132604,JESUIT SCHOOL OF THEOLOGY - BERKELEY    ,CA,94709-1193,Private      ,0,5,5,0,42,42
00132800,UNIVERSITY OF SOUTHERN CALIFORNIA       ,CA,90089-0914,Private      ,1113,5497,6610,30348,22660,53008
00132900,UNIVERSITY OF THE PACIFIC               ,CA,95211-0197,Private      ,435,505,940,11078,2976,14054
00132901,UNIVERSITY OF THE PACIFIC - MCGEORGE SCH,CA,95817-2799,Private      ,9,284,293,107,2195,2302
00132902,UNIV OF THE PACIFIC SCH OF DENT         ,CA,94115-0000,Private      ,1,91,92,37,505,542
00133400,VENTURA COLLEGE                         ,CA,93003-3899,Public       ,1375,1380,2755,3801,3039,6840
00133500,VICTOR VALLEY COLLEGE                   ,CA,92395-5849,Public       ,1203,2849,4052,3817,6207,10024
00133800,WEST VALLEY COLLEGE                     ,CA,95070-5697,Public       ,495,790,1285,1825,1790,3615
00134100,WESTMONT COLLEGE                        ,CA,93108-1099,Private      ,184,28,212,2190,83,2273
00134200,WHITTIER COLLEGE                        ,CA,90601-4413,Private      ,206,87,293,2818,346,3164
00134201,WHITTIER COLLEGE - COLLEGE OF LAW       ,CA,92626-1501,Private      ,3,390,393,19,1414,1433
00134300,WOODBURY UNIVERSITY                     ,CA,91510-7846,Private      ,83,167,250,962,770,1732
00134400,YUBA COLLEGE                            ,CA,95901-7699,Public       ,587,1335,1922,2345,3147,5492
00134401,YUBA COLLEGE - WOODLAND COLLEGE - YOLO C,CA,95776-9327,Public       ,160,310,470,715,780,1495
00177212,TRINITY INTERNATIONAL UNIV-CA           ,CA,92705-0000,Private      ,0,54,54,2,144,146
00274100,AMERICAN JEWISH UNIVERSITY              ,CA,90077-1599,Private      ,18,48,66,88,133,221
00301002,ANTIOCH UNIV/LOS ANGELES                ,CA,90230-7615,Private      ,16,353,369,60,844,904
00301003,ANTIOCH  UNIV/SANTA BARBARA             ,CA,93101-0000,Private      ,33,160,193,435,445,880
00369110,MIDDLEBURY COLLEGE - MONTEREY INSTITUTE ,CA,93940-2691,Private      ,4,208,212,24,805,829
00394700,UC-HASTINGS COLLEGE OF THE LAW          ,CA,94102-0000,Public       ,2,123,125,18,3928,3946
00394800,SAN FRANCISCO ART INSTITUTE             ,CA,94133-2299,Private      ,192,204,396,1364,825,2189
00405500,HEBREW UNION COLLEGE - JEWISH INSTITUTE ,CA,90007-3796,Private      ,0,46,46,0,83,83
00408000,STARR KING SCHOOL FOR THE MINISTRY      ,CA,94709-1299,Private      ,0,20,20,0,68,68
00448000,DE ANZA COLLEGE                         ,CA,95014-5793,Public       ,1081,1410,2491,5440,3728,9168
00448100,OHLONE COLLEGE                          ,CA,94539-5847,Public       ,585,704,1289,2201,1741,3942
00448101,OHLONE COLLEGE - NEWARK CENTER FOR HEALT,CA,94560-4902,Public       ,47,58,105,158,149,307
00448400,JOHN F. KENNEDY UNIVERSITY              ,CA,94523-4817,Private      ,13,458,471,26,1232,1258
00449000,PATTEN UNIVERSITY                       ,CA,94601-2699,Private      ,91,123,214,186,282,468
00449400,EVEREST COLLEGE                         ,CA,92408-3752,Proprietary  ,157,495,652,314,670,984
00450200,CITY COLLEGE OF SAN FRANCISCO           ,CA,94112-0000,Public       ,1667,3439,5106,6806,8355,15161
00450302,EVEREST COLLEGE - SANTA ANA             ,CA,92701-4559,Proprietary  ,2,16,18,2,16,18
00563800,DOWNEY ADULT SCHOOL                     ,CA,90241-5610,Public       ,17,52,69,51,157,208
00565500,HACIENDA LA PUENTE ADULT EDUC CTR       ,CA,91746-0000,Public       ,34,123,157,89,250,339
00616500,LA CNTY CLG OF NURSING & ALLD HLTH      ,CA,90033-1018,Public       ,7,98,105,76,333,409
00672000,COLLEGE OF ALAMEDA                      ,CA,94501-2109,Public       ,351,799,1150,1485,1848,3333
00673100,CASA LOMA COLLEGE                       ,CA,91405-4523,Private      ,57,204,261,106,322,428
00686300,VENTURA COUNTY CMTY CLG DISTRICT        ,CA,93010-8552,Public       ,11,12,23,31,25,56
00697300,CANADA COLLEGE                          ,CA,94061-1099,Public       ,178,426,604,695,1001,1696
00697500,LINCOLN UNIVERSITY                      ,CA,94612-2801,Private      ,5,29,34,19,71,90
00701200,SAMUEL MERRITT COLLEGE                  ,CA,94609-3108,Private      ,67,535,602,330,2003,2333
00704700,LOS ANGELES SOUTHWEST COLLEGE           ,CA,90047-4810,Public       ,524,1567,2091,1902,3867,5769
00705000,BAY VISTA COLLEGE OF BEAUTY             ,CA,91950-3616,Proprietary  ,17,43,60,31,64,95
00711500,MOORPARK COLLEGE                        ,CA,93021-1695,Public       ,891,892,1783,3069,2177,5246
00713000,NEWBERRY SCHOOLS OF BEAUTY              ,CA,91344-7404,Proprietary  ,12,21,33,19,33,52
00714200,LYLE'S COLLEGE OF BEAUTY                ,CA,93710-3948,Proprietary  ,25,64,89,74,90,164
00714201,LYLE'S CLG OF BTY BAKERSFIELD           ,CA,93301-0000,Proprietary  ,12,16,28,57,60,117
00716400,BRYAN COLLEGE                           ,CA,90057-0000,Proprietary  ,40,324,364,127,841,968
00717801,WESTERN SEMINARY - BAY AREA CENTER      ,CA,95032-0000,Private      ,0,6,6,2,17,19
00717804,WESTERN SEMINARY - SACRAMENTO           ,CA,95821-3939,Private      ,2,16,18,14,43,57
00718700,NORTH ADRIAN'S COLLEGE OF BEAUTY        ,CA,95350-2381,Proprietary  ,22,41,63,68,67,135
00719000,WYOTECH                                 ,CA,94539-7663,Proprietary  ,267,568,835,546,980,1526
00720300,SALON SUCCESS ACADEMY                   ,CA,91786-4060,Proprietary  ,18,24,42,49,47,96
00720400,MODERN BEAUTY ACADEMY                   ,CA,93030-7016,Proprietary  ,2,18,20,14,24,38
00722900,WESTERN BEAUTY INSTITUTE                ,CA,91402-3104,Proprietary  ,83,193,276,99,212,311
00723400,HEALD COLLEGE                           ,CA,94105-2206,Proprietary  ,181,463,644,499,1376,1875
00723600,ART INST OF CALIFORNIA-LOS ANGELES      ,CA,90405-3035,Proprietary  ,1061,1073,2134,5352,4033,9385
00725300,FEDERICO BEAUTY INSTITUTE               ,CA,95834-1905,Proprietary  ,44,98,142,164,183,347
00729600,COLEMAN COLLEGE                         ,CA,92123-0000,Private      ,40,207,247,160,518,678
00746501,AMERICAN ACADEMY OF DRAMATIC ARTS - HOLL,CA,90028-7504,Private      ,71,38,109,270,102,372
00747600,MARINELLO SCHOOLS OF BEAUTY             ,CA,90023-2666,Proprietary  ,367,768,1135,544,1098,1642
00747602,MARINELLO SCHOOLS OF BEAUTY - SPA ACADEM,CA,90048-5101,Proprietary  ,9,24,33,50,42,92
00747603,MARINELLO SCHOOLS OF BEAUTY - INGLEWOOD ,CA,90301-2306,Proprietary  ,3,1,4,11,8,19
00747604,MARINELLO SCHOOLS OF BEAUTY - RESEDA    ,CA,91335-4218,Proprietary  ,1,4,5,15,12,27
00747605,MARINELLO SCHOOLS OF BEAUTY - NORTH HOLL,CA,91606-3210,Proprietary  ,5,6,11,26,20,46
00747606,MARINELLO SCHOOLS OF BEAUTY - WEST COVIN,CA,91790-2805,Proprietary  ,6,14,20,19,23,42
00747607,MARINELLO SCHOOLS OF BEAUTY - SAN BERNAR,CA,92410-3261,Proprietary  ,18,19,37,81,49,130
00747608,MARINELLO SCHOOLS OF BEAUTY - ONTARIO   ,CA,91762-2113,Proprietary  ,12,26,38,80,65,145
00747609,MARINELLO SCHOOLS OF BEAUTY - WHITTIER  ,CA,90601-4107,Proprietary  ,4,5,9,39,13,52
00747611,MARINELLO SCHOOLS OF BEAUTY - SAN DIEGO ,CA,92126-4217,Proprietary  ,13,40,53,92,81,173
00747700,"HEALD COLLEGE,SCHOOLS OF BUS & TECH     ",CA,95670-6005,Proprietary  ,121,464,585,344,1169,1513
00753100,ACADEMY OF ART UNIVERSITY               ,CA,94105-3410,Proprietary  ,1734,3463,5197,6121,8732,14853
00753600,COSUMNES RIVER COLLEGE                  ,CA,95823-5799,Public       ,1165,2246,3411,5750,6106,11856
00754802,WESTWOOD COLLEGE OF TECHNOLOGY          ,CA,92801-0000,Proprietary  ,201,179,380,1091,632,1723
00754803,WESTWOOD COLLEGE OF TECHNOLOGY          ,CA,91786-0000,Proprietary  ,244,239,483,998,781,1779
00760600,EVEREST COLLEGE                         ,CA,90010-2221,Proprietary  ,80,187,267,273,389,662
00760700,CONCORDE CAREER INSTITUTE               ,CA,91606-3134,Proprietary  ,90,239,329,196,487,683
00770700,COLUMBIA COLLEGE                        ,CA,95370-8580,Public       ,178,330,508,749,796,1545
00771300,SKYLINE COLLEGE                         ,CA,94066-1698,Public       ,543,809,1352,2138,1881,4019
00793000,CONCORDE CAREER INSTITUTE               ,CA,92108-0000,Proprietary  ,74,323,397,187,606,793
00799300,CALIF STATE UNIV BAKERSFIELD            ,CA,93311-1022,Public       ,590,1195,1785,6775,5036,11811
00807100,CONCORDE CAREER INSTITUTE               ,CA,92840-9201,Proprietary  ,112,236,348,240,534,774
00807300,BUTTE COMMUNITY COLLEGE                 ,CA,95965-0000,Public       ,1567,2467,4034,5362,5945,11307
00809000,EVEREST COLLEGE                         ,CA,91803-1310,Proprietary  ,105,189,294,213,350,563
00809300,HEALD COLLEGE                           ,CA,93704-1706,Proprietary  ,198,653,851,818,1677,2495
00853200,HEALD COLLEGE                           ,CA,94545-2352,Proprietary  ,257,536,793,766,1707,2473
00853202,HEALD COLLEGE - MODESTO                 ,CA,95368-9095,Proprietary  ,60,161,221,61,161,222
00853700,CONCORDE CAREER INSTITUTE               ,CA,92401-0000,Proprietary  ,142,390,532,321,851,1172
00859600,WEST LOS ANGELES COLLEGE                ,CA,90230-3500,Public       ,570,1335,1905,2144,3800,5944
00859700,FEATHER RIVER COLLEGE                   ,CA,95971-9124,Public       ,158,130,288,582,385,967
00884400,CALIFORNIA CHRISTIAN COLLEGE            ,CA,93703-3599,Private      ,10,13,23,62,58,120
00884600,WRIGHT INSTITUTE                        ,CA,94704-0000,Private      ,0,188,188,1,443,444
00890300,COLLEGE OF THE CANYONS                  ,CA,91355-1899,Public       ,861,931,1792,3633,2401,6034
00891800,SADDLEBACK COLLEGE                      ,CA,92692-3699,Public       ,768,1227,1995,2755,3009,5764
00902200,ASSOCIATED TECHNICAL COLLEGE            ,CA,90017-0000,Proprietary  ,89,320,409,142,384,526
00903200,EMPIRE COLLEGE                          ,CA,95403-2122,Proprietary  ,40,159,199,93,269,362
00915706,WYOMING TECHNICAL INSTITUTE - WEST SACRA,CA,95605-1507,Proprietary  ,354,541,895,628,876,1504
00927200,CRAFTON HILLS COLLEGE                   ,CA,92399-1799,Public       ,629,948,1577,2300,2140,4440
00932500,ABRAM FRIEDMAN OCCUP CTR                ,CA,90015-3507,Public       ,15,59,74,74,137,211
00950900,SKILLS & BUSINESS EDUCATION CENTER      ,CA,95824-1529,Public       ,71,359,430,191,685,876
00974800,WESTERN CAREER COLLEGE                  ,CA,95826-3203,Proprietary  ,224,721,945,637,1773,2410
00974801,WESTERN CAREER COLLEGE - SAN LEANDRO CAM,CA,94578-3711,Proprietary  ,93,320,413,278,678,956
00974802,WESTERN CAREER COLLEGE - PLEASANT HILL C,CA,94523-1984,Proprietary  ,47,169,216,150,353,503
00974803,WESTERN CAREER COLLEGE - STOCKTON       ,CA,95207-5509,Proprietary  ,116,206,322,293,428,721
00974804,WESTERN CAREER COLLEGE - CITRUS HEIGHTS ,CA,95621-5577,Proprietary  ,100,251,351,198,498,696
00974806,WESTERN CAREER COLLEGE -  ANTIOCH/WALNUT,CA,94531-1604,Proprietary  ,57,174,231,127,380,507
00974807,WESTERN CAREER COLLEGE - SAN JOSE       ,CA,95119-1325,Proprietary  ,144,357,501,396,844,1240
00974808,WESTERN CAREER COLLEGE - EMERYVILLE     ,CA,94608-3006,Proprietary  ,28,127,155,56,206,262
00974810,WESTERN CAREER COLLEGE - CONCORD        ,CA,94520-5671,Proprietary  ,0,0,0,21,37,58
00998900,SANTA BARBARA BUSINESS COLLEGE          ,CA,93111-0000,Proprietary  ,54,224,278,176,407,583
01011100,CERRO-COSO COMMUNITY COLLEGE            ,CA,93555-9571,Public       ,177,592,769,469,1136,1605
01014225,TOURO CLG OSEOPATHIC MEDICINE           ,CA,94592-1115,Private      ,1,96,97,11,593,604
01014900,PEPPERDINE UNIVERSITY                   ,CA,90263-0000,Private      ,509,1770,2279,7182,6100,13282
01034000,LOS MEDANOS COLLEGE                     ,CA,94565-5197,Public       ,619,1176,1795,2054,2699,4753
01036500,CHARLES R DREW UNIV OF MED & SCI        ,CA,90059-0000,Private      ,14,84,98,102,428,530
01036800,MENNONITE BRETHREN BIBLICAL SEM         ,CA,93727-0000,Private      ,1,14,15,1,30,31
01039500,UNIVERSITY OF SAN DIEGO                 ,CA,92110-2492,Private      ,574,869,1443,13406,4383,17789
01039501,UNIVERSITY OF SAN DIEGO - SCHOOL OF LAW ,CA,92110-2492,Private      ,39,429,468,561,3627,4188
01044100,PARDEE RAND GRADUATE SCHOOL             ,CA,90407-2138,Private      ,1,5,6,3,18,21
01047400,MARYMOUNT COLLEGE OF PALOS VERDES       ,CA,90275-0000,Private      ,102,21,123,1129,73,1202
01072706,DEVRY INST. TECH.                       ,CA,91768-0000,Proprietary  ,17,51,68,301,377,678
01083200,WESTERN STATE UNIV COLLEGE OF LAW       ,CA,92831-3014,Proprietary  ,0,195,195,11,1075,1086
01085400,THOMAS JEFFERSON SCHOOL OF LAW          ,CA,92110-0000,Private      ,2,650,652,25,1989,2014
01102400,EVEREST COLLEGE                         ,CA,94103-2091,Proprietary  ,73,195,268,138,320,458
01110700,EVEREST  COLLEGE                        ,CA,92801-5231,Proprietary  ,139,320,459,341,635,976
01110900,EVEREST COLLEGE                         ,CA,91335-4631,Proprietary  ,139,268,407,222,374,596
01111200,FIDM-FASHION INSTITUTE OF DESIGN        ,CA,90015-1421,Proprietary  ,1100,580,1680,5566,1824,7390
01111700,ALLIANT INTERNATIONAL UNIVERSITY        ,CA,92131-1799,Private      ,20,549,569,103,2253,2356
01111705,ALLIANT INTERNATIONAL UNIVERSITY - LOS A,CA,91803-1360,Private      ,1,79,80,8,534,542
01111706,ALLIANT INTERNATIONAL UNIVERSITY - SAN F,CA,94133-1221,Private      ,8,133,141,29,653,682
01111707,ALLIANT INTERNATIONAL UNIVERSITY - FRESN,CA,93727-2014,Private      ,8,106,114,50,437,487
01112100,EVEREST COLLEGE                         ,CA,94541-4007,Proprietary  ,47,211,258,125,378,503
01112300,EVEREST COLLEGE                         ,CA,90247-4163,Proprietary  ,124,360,484,234,610,844
01146000,NATIONAL UNIVERSITY                     ,CA,92037-1011,Private      ,153,3781,3934,403,8780,9183
01162600,PRACTICAL SCHOOLS                       ,CA,92805-0000,Proprietary  ,55,121,176,401,730,1131
01164900,LOYOLA MARYMOUNT UNIVERSITY             ,CA,90045-0000,Private      ,459,874,1333,10254,3033,13287
01164901,LMU  - LOYOLA LAW SCHOOL                ,CA,90015-0019,Private      ,10,411,421,461,3767,4228
01167200,MENDOCINO COLLEGE                       ,CA,95482-3000,Public       ,248,566,814,860,1180,2040
01169600,NATIONAL POLYTECHNIC COLLEGE OF SCIENCE ,CA,90744-6399,Private      ,7,29,36,30,143,173
01170700,NORTH-WEST COLLEGE                      ,CA,91790-2097,Proprietary  ,78,178,256,111,227,338
01179200,FRANCISCAN SCHOOL OF THEOLOGY           ,CA,94709-0000,Private      ,2,10,12,4,29,33
01182000,SAN DIEGO MIRAMAR COLLEGE               ,CA,92126-0000,Public       ,563,1188,1751,2420,2959,5379
01186500,CALIFORNIA HAIR DESIGN ACADEMY          ,CA,92115-0000,Proprietary  ,17,47,64,78,82,160
01186600,LU ROSS ACADEMY                         ,CA,93001-2927,Proprietary  ,14,33,47,38,69,107
01202600,JE BOUTIQUE COLLEGE OF BEAUTY           ,CA,92021-6247,Proprietary  ,13,51,64,29,71,100
01202700,GALEN COLLEGE OF CALIFORNIA             ,CA,93728-2381,Proprietary  ,13,23,36,57,54,111
01203100,SAN DIEGO CHRISTIAN COLLEGE             ,CA,92019-1157,Private      ,107,61,168,563,190,753
01206100,EVEREST COLLEGE                         ,CA,95128-3908,Proprietary  ,54,188,242,180,388,568
01215400,CALIFORNIA INSTITUTE OF INTEGRAL STUDIES,CA,94103-2557,Private      ,9,569,578,30,1413,1443
01231600,MANCHESTER BEAUTY COLLEGE               ,CA,93726-5306,Proprietary  ,43,110,153,108,176,284
01231700,TULARE BEAUTY COLLEGE                   ,CA,93274-3432,Proprietary  ,10,40,50,24,53,77
01244600,UNIVERSAL COLLEGE OF BEAUTY             ,CA,90044-0044,Proprietary  ,8,17,25,51,40,91
01245200,EVERGREEN VALLEY COLLEGE                ,CA,95135-1598,Public       ,793,1298,2091,3419,3009,6428
01255000,LOS ANGELES MISSION COLLEGE             ,CA,91342-3200,Public       ,574,1048,1622,2856,2843,5699
01265000,MARINELLO SCHOOL OF BEAUTY              ,CA,91502-2828,Proprietary  ,63,175,238,95,218,313
01265100,MARINELLO SCHOOL OF BEAUTY              ,CA,91748-1674,Proprietary  ,22,54,76,32,59,91
01284200,OXNARD COLLEGE                          ,CA,93030-0000,Public       ,636,1058,1694,2071,2250,4321
01287200,NORTH-WEST COLLEGE                      ,CA,91768-3199,Proprietary  ,67,179,246,120,276,396
01287300,WYOTECH                                 ,CA,90810-3800,Proprietary  ,268,583,851,572,958,1530
01287301,WYOTECH - EVEREST  COLLEGE              ,CA,90034-3158,Proprietary  ,54,174,228,132,413,545
01287302,WYOTECH - EVEREST  COLLEGE              ,CA,91746-3412,Proprietary  ,275,521,796,340,593,933
01290700,LAKE TAHOE COMMUNITY COLLEGE            ,CA,96150-4524,Public       ,106,201,307,395,451,846
01291100,MARINELLO SCHOOL OF BEAUTY              ,CA,92646-2552,Proprietary  ,14,39,53,43,72,115
01291200,MTI COLLEGE                             ,CA,95841-0000,Proprietary  ,89,340,429,348,1073,1421
01294200,ROSEMEAD BEAUTY SCHOOL                  ,CA,91770-1639,Proprietary  ,17,120,137,24,154,178
01298400,PROFESSIONAL INSTITUTE OF BEAUTY        ,CA,91731-2613,Proprietary  ,9,22,31,10,24,34
01298500,HAIR CALIFORNIA BEAUTY ACADEMY          ,CA,92867-7127,Proprietary  ,8,16,24,30,35,65
01298900,OCEANSIDE COLLEGE OF BEAUTY             ,CA,92054-5393,Proprietary  ,32,39,71,60,70,130
01301000,LANCASTER BEAUTY SCHOOL                 ,CA,93534-3098,Proprietary  ,38,105,143,61,131,192
01307400,AMERICAN BEAUTY COLLEGE                 ,CA,91790-2906,Proprietary  ,9,16,25,48,37,85
01309500,SALON SUCCESS ACADEMY                   ,CA,92879-6561,Proprietary  ,43,62,105,70,81,151
01310300,CALIFORNIA WESTERN SCHOOL OF LAW        ,CA,92101-0000,Private      ,12,407,419,79,2136,2215
01324000,LYTLE'S REDWOOD EMPIRE BEAUTY CLG       ,CA,95403-0000,Proprietary  ,42,58,100,83,113,196
02054900,MARINELLO SCHOOL OF BEAUTY              ,CA,92630-0000,Proprietary  ,15,46,61,24,54,78
02059800,PARIS BEAUTY COLLEGE                    ,CA,94520-2611,Proprietary  ,16,46,62,39,91,130
02063500,COASTLINE COMMUNITY COLLEGE             ,CA,92708-0000,Public       ,205,1366,1571,1010,2926,3936
02064300,SIERRA COLLEGE OF BEAUTY                ,CA,95340-0000,Proprietary  ,11,23,34,50,62,112
02065700,CALIFORNIA BEAUTY COLLEGE               ,CA,95354-0000,Proprietary  ,33,39,72,113,93,206
02070500,CONCORDIA UNIVERSITY                    ,CA,92612-0000,Private      ,233,562,795,2094,1300,3394
02075800,SOUTHERN CA INST OF ARCHITECTURE        ,CA,90013-0000,Private      ,22,119,141,149,544,693
02086400,MARINELLO SCHOOL OF BEAUTY              ,CA,95050-0000,Proprietary  ,106,302,408,132,329,461
02091200,ELEGANCE INTERNATIONAL                  ,CA,90028-0000,Proprietary  ,31,61,92,83,101,184
02091700,KAPLAN COLLEGE                          ,CA,92123-1509,Proprietary  ,140,604,744,499,1505,2004
02091702,KAPLAN COLLEGE - CHULA VISTA            ,CA,91910-5342,Proprietary  ,60,98,158,90,130,220
02096100,FIELDING INSTITUTE                      ,CA,93105-0000,Private      ,1,438,439,8,774,782
02099200,AMERICAN CONSERVATORY THEATER           ,CA,94108-0000,Private      ,13,20,33,45,179,224
02110200,COLUMBIA COLLEGE                        ,CA,91356-0000,Private      ,72,41,113,286,130,416
02110800,CALIFORNIA COLLEGE SAN DIEGO            ,CA,92108-3821,Proprietary  ,290,1017,1307,1002,1653,2655
02111300,CUYAMACA COLLEGE                        ,CA,92019-0000,Public       ,689,1466,2155,2406,3462,5868
02113601,AMERICAN INTERCONTINENTAL UNIV - LOS ANG,CA,90066-7008,Proprietary  ,13,46,59,35,111,146
02119100,MISSION COLLEGE                         ,CA,95054-1897,Public       ,452,1210,1662,1959,3034,4993
02120600,SAYBROOK GRADUATE SCHOOL                ,CA,94111-1920,Private      ,0,265,265,2,503,505
02120700,SAN JOAQUIN VALLEY COLLEGE              ,CA,93291-0000,Proprietary  ,707,2069,2776,1930,4028,5958
02120900,ITT TECHNICAL INSTITUTE                 ,CA,95670-6034,Proprietary  ,212,753,965,417,1139,1556
02125000,CAREER ACADEMY OF BEAUTY                ,CA,92845-0000,Proprietary  ,5,31,36,32,48,80
02128200,"VICTOR VALLEY BEAUTY COLLEGE, INC       ",CA,92392-0000,Proprietary  ,49,104,153,84,140,224
02128300,INSTITUTE FOR BUSINESS & TECHNOLOGY     ,CA,95050-0000,Proprietary  ,27,230,257,46,323,369
02128301,INSTITUTE FOR BUSINESS & TECHNOLOGY - NA,CA,95670-6351,Proprietary  ,23,164,187,33,207,240
02138300,PALO ALTO UNIVERSITY                    ,CA,94304-1337,Private      ,10,238,248,32,619,651
02147400,CLEVELAND CHIROPRACTIC COLLEGE          ,CA,90004-0000,Private      ,7,85,92,32,191,223
02161800,MUSICIANS INSTITUTE                     ,CA,90028-6157,Proprietary  ,414,354,768,1177,855,2032
02167800,ESTES INSTITUTE OF COSMETOLOGY          ,CA,93291-0000,Proprietary  ,21,34,55,81,70,151
02174600,MARINELLO SCHOOL OF BEAUTY              ,CA,90201-0000,Proprietary  ,31,48,79,59,89,148
02180600,BRIDGES  ACADEMY OF BEAUTY              ,CA,92311-2327,Proprietary  ,2,11,13,9,18,27
02184900,PALMER COLLEGE OF CHIROPRACTIC WEST     ,CA,95134-0000,Private      ,2,139,141,15,320,335
02185800,MOLER BARBER COLLEGE                    ,CA,94611-0000,Proprietary  ,9,28,37,27,53,80
02187500,"HEALD COLLEGE, SCH OF BUS & TECH        ",CA,94520-0000,Proprietary  ,242,487,729,600,1429,2029
02188400,SIERRA VALLEY COLLEGE OF COURT REPORTING,CA,93726-0000,Proprietary  ,20,67,87,61,144,205
02208600,MADERA BEAUTY COLLEGE                   ,CA,93637-3519,Proprietary  ,21,41,62,55,67,122
02211000,HAIRMASTERS UNIVERSITY OF BEAUTY        ,CA,92405-0000,Proprietary  ,12,19,31,37,43,80
02220000,COLLEEN O'HARA BEAUTY ACADEMY           ,CA,92701-0000,Proprietary  ,19,67,86,52,96,148
02220200,CALIFORNIA CULINARY ACADEMY             ,CA,94102-3336,Proprietary  ,180,311,491,588,707,1295
02221300,MARINELLO SCHOOL OF BEAUTY              ,CA,92553-0000,Proprietary  ,65,177,242,109,224,333
02222000,AMERICAN FILM INSTITUTE                 ,CA,90027-0000,Private      ,55,213,268,206,588,794
02226000,EAST LOS ANGELES COLLEGE                ,CA,91754-0000,Public       ,1884,2462,4346,9388,7183,16571
02228500,LIFE CHIROPRACTIC COLLEGE-WEST          ,CA,94545-0000,Private      ,2,195,197,7,320,327
02230900,FREDRICK & CHARLES BEAUTY COLLEGE       ,CA,95501-0000,Proprietary  ,18,32,50,42,46,88
02231900,GEMOLOGICAL INSTITUTE OF AMERICA        ,CA,92008-4698,Private      ,23,100,123,42,189,231
02234300,FASHION CAREERS OF CALIFORNIA           ,CA,92110-0000,Proprietary  ,32,32,64,166,96,262
02236400,"THANH LE COLG, SCH OF COSMETOLOGY       ",CA,92840-0000,Proprietary  ,0,2,2,2,3,5
02237200,PHILLIPS GRADUATE INSTITUTE             ,CA,91316-0000,Private      ,0,94,94,1,195,196
02241600,SAN DIEGO CONTINUING EDUCATION          ,CA,92113-0000,Public       ,23,186,209,91,356,447
02241800,AMERICAN CAREER COLLEGE                 ,CA,90004-0000,Proprietary  ,508,1054,1562,1137,2156,3293
02242700,BERKELEY CITY COLLEGE                   ,CA,94704-0000,Public       ,404,812,1216,1717,2018,3735
02250602,EVEREST COLLEGE                         ,CA,91761-8525,Proprietary  ,132,453,585,316,1020,1336
02255400,INTERNATIONAL SCHOOL OF COSMETOLOGY     ,CA,90250-0000,Proprietary  ,21,31,52,32,54,86
02255600,MARINELLO SCHOOL OF BEAUTY              ,CA,90723-0000,Proprietary  ,45,99,144,62,118,180
02258600,ALAMEDA BEAUTY COLLEGE                  ,CA,94501-0000,Proprietary  ,33,80,113,102,153,255
02262400,YESHIVA OHR ELCHONON CHABAD             ,CA,90046-0000,Private      ,4,0,4,45,2,47
02263101,ANTHEM COLLEGE - SACRAMENTO             ,CA,95827-3378,Proprietary  ,7,29,36,24,70,94
02267600,INSTITUTE OF TRANSPERSONAL PSYCHLGY     ,CA,94303-4624,Private      ,1,238,239,4,401,405
02270600,LIFE PACIFIC COLLEGE                    ,CA,91773-0000,Private      ,74,45,119,263,145,408
02276800,WESTMINSTER SEMINARY CALIFORNIA         ,CA,92027-0000,Private      ,1,21,22,2,144,146
02277400,SOUTH COAST COLLEGE                     ,CA,92868-2616,Proprietary  ,31,147,178,107,343,450
02282300,ALHAMBRA BEAUTY COLLEGE                 ,CA,91802-0000,Proprietary  ,15,55,70,24,65,89
02285100,HILLTOP BEAUTY SCHOOL                   ,CA,94014-0000,Proprietary  ,18,83,101,29,99,128
02291500,ITT TECHNICAL INSTITUTE                 ,CA,91773-0000,Proprietary  ,174,366,540,485,980,1465
02291600,ITT TECHNICAL INSTITUTE                 ,CA,92123-0000,Proprietary  ,183,585,768,617,1439,2056
02298000,DESIGN INSTITUTE OF SAN DIEGO           ,CA,92121-0000,Proprietary  ,32,84,116,167,210,377
02304300,"PLATT COLLEGE, SAN DIEGO                ",CA,92115-0000,Proprietary  ,30,130,160,170,280,450
02306300,KAPLAN COLLEGE                          ,CA,95368-0000,Proprietary  ,144,235,379,402,666,1068
02306302,KAPLAN COLLEGE - FRESNO                 ,CA,93612-3802,Proprietary  ,101,194,295,263,525,788
02309500,CLOVIS ADULT EDUC                       ,CA,93611-0000,Public       ,8,113,121,31,209,240
02312400,LA COLLEGE INTERNATIONAL                ,CA,90010-0000,Proprietary  ,36,716,752,90,1363,1453
02321800,ITT TECHNICAL INSTITUTE                 ,CA,91342-3664,Proprietary  ,198,513,711,446,987,1433
02321900,ITT TECHNICAL INSTITUTE                 ,CA,92801-0000,Proprietary  ,208,580,788,428,1057,1485
02327600,ART INST OF CALIFORNIA-SAN DIEGO        ,CA,92108-4401,Proprietary  ,616,713,1329,3081,2656,5737
02330500,LAGUNA COLLEGE OF ART AND DESIGN        ,CA,92651-0000,Private      ,53,43,96,382,146,528
02332800,CENTER FOR EMPLOYMENT TRAINING          ,CA,95110-0000,Private      ,109,582,691,146,702,848
02338500,GLENDALE CAREER COLLEGE                 ,CA,91201-0000,Proprietary  ,45,122,167,87,203,290
02338700,MARINELLO SCHOOL OF BEAUTY              ,CA,94103-0000,Proprietary  ,66,155,221,119,225,344
02342400,ACADEMY OF RADIO BROADCASTING           ,CA,92647-3809,Proprietary  ,14,85,99,57,158,215
02343400,"BELLUS ACADEMY, THE ACADEMY OF BEAUTY AN",CA,92064-4633,Proprietary  ,49,106,155,68,154,222
02345800,MONTEBELLO BEAUTY COLLEGE               ,CA,90640-0000,Proprietary  ,19,28,47,29,33,62
02351900,KAPLAN COLLEGE                          ,CA,95660-5512,Proprietary  ,105,329,434,317,816,1133
02351901,KAPLAN COLLEGE - BAKERSFIELD            ,CA,93304-0000,Proprietary  ,138,269,407,436,769,1205
02358000,THOMAS AQUINAS COLLEGE                  ,CA,93060-9622,Private      ,27,5,32,323,19,342
02359300,SHASTA BIBLE COLLEGE                    ,CA,96002-0000,Private      ,14,18,32,41,50,91
02482700,WESTERN UNIVERSITY OF HEALTH S          ,CA,91766-1854,Private      ,10,490,500,84,4290,4374
02494800,LOLA BEAUTY COLLEGE                     ,CA,92641-0000,Proprietary  ,5,12,17,6,12,18
02497300,TRINITY COLLEGE                         ,CA,93277-8109,Proprietary  ,76,253,329,140,454,594
02500000,SAN JOAQUIN COLLEGE OF LAW              ,CA,93612-0000,Private      ,2,118,120,19,292,311
02518400,THE NATIONAL HISPANIC UNIVERSITY        ,CA,95127-0000,Private      ,37,93,130,309,323,632
02519800,AVANCE BEAUTY COLLEGE                   ,CA,92154-0000,Proprietary  ,19,52,71,78,77,155
02520200,CALIFORNIA CAREER SCHOOLS               ,CA,92805-0000,Proprietary  ,5,44,49,39,86,125
02520300,INTERIOR DESIGNERS INSTITUTE            ,CA,92660-0000,Proprietary  ,3,15,18,13,35,48
02520400,ADRIAN'S BEAUTY COLLEGE OF TURLOCK      ,CA,95382-0000,Proprietary  ,31,33,64,88,80,168
02537200,PALOMAR INSTITUTE OF COSMETOLOGY        ,CA,92069-0000,Proprietary  ,29,57,86,79,99,178
02539100,KAPLAN COLLEGE                          ,CA,91606-3231,Proprietary  ,106,281,387,398,1024,1422
02539102,KAPLAN COLLEGE -  RIVERSIDE             ,CA,92507-4223,Proprietary  ,182,358,540,408,791,1199
02539500,IRVINE VALLEY COLLEGE                   ,CA,92620-0000,Public       ,543,788,1331,2794,2031,4825
02542300,NATIONAL HOLISTIC INSTITUTE             ,CA,94608-0000,Proprietary  ,47,186,233,101,358,459
02543400,BROWNSON TECHNICAL SCHOOL               ,CA,92805-0000,Proprietary  ,6,31,37,28,51,79
02545900,HYPNOSIS MOTIVATION INSTITUTE           ,CA,91356-0000,Private      ,1,22,23,1,44,45
02546400,MTI BUSINESS COLLEGE INC                ,CA,95207-0000,Proprietary  ,6,33,39,26,63,89
02549000,KAPLAN COLLEGE                          ,CA,92083-7736,Proprietary  ,112,355,467,344,839,1183
02549005,KAPLAN COLLEGE -  PALM SPRINGS          ,CA,92262-7011,Proprietary  ,78,181,259,285,545,830
02553500,ASSOCIATED TECHNICAL COLLEGE            ,CA,92101-0000,Proprietary  ,21,117,138,75,175,250
02553600,DIVERSIFIED LANGUAGE INSTITUTE          ,CA,90017-0000,Proprietary  ,18,221,239,29,284,313
02559300,UNITED EDUCATION INSTITUTE              ,CA,90020-0000,Proprietary  ,1291,2947,4238,1446,3204,4650
02559301,UNITED EDUCATION INSTITUTE - SAN BERNARD,CA,92408-3740,Proprietary  ,2,18,20,31,55,86
02559303,UNITED EDUCATION INSTITUTE - SAN DIEGO  ,CA,92123-1949,Proprietary  ,14,33,47,55,103,158
02559304,UNITED EDUCATION INSTITUTE - ONTARIO    ,CA,91764-5574,Proprietary  ,6,16,22,28,41,69
02559305,UNITED EDUCATION INSTITUTE  - VAN NUYS  ,CA,91405-1951,Proprietary  ,5,6,11,19,18,37
02559400,INTERCOAST COLLEGES                     ,CA,92868-1656,Proprietary  ,92,1062,1154,137,1474,1611
02565400,KAPLAN COLLEGE                          ,CA,95207-6216,Proprietary  ,68,184,252,304,550,854
02570300,LOS ANGELES ORT COLLEGE                 ,CA,90048-0000,Private      ,46,314,360,80,419,499
02577900,SANTA BARBARA BUSINESS COLLEGE          ,CA,93309-1664,Proprietary  ,194,454,648,405,818,1223
02578000,SANTA BARBARA BUSINESS COLLEGE          ,CA,93454-6943,Proprietary  ,82,181,263,151,319,470
02584200,NEWBRIDGE COLLEGE                       ,CA,92701-0000,Proprietary  ,43,131,174,114,320,434
02591600,NORTH-WEST COLLEGE                      ,CA,91101-1744,Proprietary  ,18,82,100,29,114,143
02593100,HEALD COLLEGE                           ,CA,95678-5303,Proprietary  ,116,393,509,425,1450,1875
02593200,HEALD COLLEGE                           ,CA,95035-8008,Proprietary  ,162,466,628,453,1255,1708
02593300,HEALD COLLEGE                           ,CA,95210-5667,Proprietary  ,248,733,981,822,2005,2827
02595600,ASIAN AMERICAN INTERNATIONAL BTY CG     ,CA,92683-4043,Proprietary  ,2,6,8,5,8,13
02597300,SOUTH BAYLO UNIVERSITY                  ,CA,92801-1701,Private      ,0,69,69,2,113,115
02602300,CENTRAL COAST COLLEGE                   ,CA,93901-3301,Proprietary  ,58,139,197,161,305,466
02608900,PINNACLE COLLEGE                        ,CA,91803-8842,Proprietary  ,22,40,62,38,53,91
02608901,PINNACLE COLLEGE - SACRAMENTO           ,CA,95670-6386,Proprietary  ,20,35,55,41,90,131
02609000,EMPERORS COLG OF TRAD ORIENTAL MED      ,CA,90403-5609,Proprietary  ,0,52,52,16,96,112
02612800,LOS ANGELES RECORDING SCHOOL            ,CA,90028-3112,Proprietary  ,97,95,192,317,235,552
02619300,SAMRA UNIV OF ORIENTAL MEDICINE         ,CA,90015-1019,Private      ,1,12,13,5,43,48
03010611,VIRGINIA COLLEGE - GOLF ACADEMY OF AMERI,CA,92008-6512,Proprietary  ,27,97,124,51,187,238
03011300,"CALIF STATE UNIV, SAN MARCOS            ",CA,92096-0001,Public       ,774,1082,1856,10378,4976,15354
03019900,ADELANTE CAREER INSTITUTE               ,CA,91402-4924,Proprietary  ,5,16,21,16,37,53
03025600,DELL'ARTE SCH OF PHYSICAL THEATRE       ,CA,95525-0816,Private      ,2,21,23,5,39,44
03027700,PACIFIC COLLEGE OF ORIENTAL MED         ,CA,92108-4408,Proprietary  ,15,219,234,32,360,392
03029600,POMONA ADULT SCHOOL                     ,CA,91766-0000,Public       ,9,44,53,29,80,109
03031409,INTERNATIONAL ACADEMY OF DESIGN AND TECH,CA,95834-9664,Proprietary  ,104,227,331,296,502,798
03034000,HEALD COLLEGE                           ,CA,93906-5100,Proprietary  ,169,335,504,680,1179,1859
03035700,LAS POSITAS COLLEGE                     ,CA,94551-6750,Public       ,594,836,1430,1751,1609,3360
03039900,FREMONT COLLEGE                         ,CA,90703-5342,Proprietary  ,49,126,175,169,279,448
03043900,NEWSCHOOL OF ARCHITECTURE & DESIGN      ,CA,92101-6634,Proprietary  ,67,167,234,263,489,752
03044500,KAPLAN COLLEGE                          ,CA,91402-4222,Proprietary  ,28,83,111,85,220,305
03054100,ROYALE COLLEGE OF BEAUTY                ,CA,92590-2525,Proprietary  ,10,8,18,26,23,49
03062300,WESTECH COLLEGE                         ,CA,91764-4988,Proprietary  ,32,114,146,56,156,212
03062400,MT DIABLO ADULT EDUC LOMA VISTA CTR     ,CA,94518-1122,Public       ,15,62,77,58,108,166
03062700,PLATT COLLEGE                           ,CA,90041-0000,Proprietary  ,46,60,106,134,147,281
03062701,PLATT COLLEGE                           ,CA,91764-0000,Proprietary  ,49,86,135,209,288,497
03063400,MODERN TECHNOLOGY SCHOOL                ,CA,92708-9821,Proprietary  ,21,56,77,43,122,165
03067400,BALDWIN PARK ADULT SCHOOL               ,CA,91706-4897,Public       ,20,74,94,46,126,172
03067500,INSTITUTE OF TECHNOLOGY                 ,CA,93612-3217,Proprietary  ,258,891,1149,550,1658,2208
03067505,INSTITUTE OF TECHNOLOGY - REDDING       ,CA,96002-0926,Proprietary  ,14,50,64,56,145,201
03069500,SAGE COLLEGE                            ,CA,92557-6720,Proprietary  ,32,193,225,75,384,459
03070400,ITT TECHNICAL INSTITUTE                 ,CA,92408-3519,Proprietary  ,233,584,817,778,1499,2277
03072300,EVEREST COLLEGE                         ,CA,91761-3222,Proprietary  ,103,318,421,257,519,776
03072700,WESTWOOD COLLEGE - LOS ANGELES          ,CA,90010-1577,Proprietary  ,505,3066,3571,1666,4653,6319
03074900,MARTINEZ ADULT CENTER                   ,CA,94553-3298,Public       ,3,16,19,6,33,39
03078200,AMERICAN CLG TRADITIONAL CHINESE MD     ,CA,94107-2813,Private      ,1,115,116,7,230,237
03084700,VENTURA ADULT\CONTINUING EDUCATION      ,CA,93003-7313,Public       ,14,55,69,23,79,102
03087400,ITT TECHNICAL INSTITUTE                 ,CA,90502-1356,Proprietary  ,234,934,1168,392,1312,1704
03094400,ELITE PROGRESSIVE SCHOOL OF COSM        ,CA,95841-2909,Proprietary  ,78,200,278,183,359,542
03097700,CENTRAL CALIF SCH CONTINUING EDUC       ,CA,93401-6739,Proprietary  ,9,76,85,27,141,168
03098200,YO SAN UNIV TRADITIONAL CHINESE MED     ,CA,90066-1103,Private      ,2,42,44,5,86,91
03108100,SUMMIT CAREER COLLEGE                   ,CA,92324-3956,Proprietary  ,99,372,471,175,543,718
03109500,DONGGUK ROYAL UNIVERSITY                ,CA,90020-1765,Private      ,1,24,25,6,34,40
03113300,MCED CAREER COLLEGE                     ,CA,93727-1620,Proprietary  ,9,45,54,52,108,160
03113600,SOUTHERN CALIFORNIA INST OF TECHNOL     ,CA,92805-3758,Proprietary  ,22,220,242,74,581,655
03116600,EAST SAN GABRIEL VLY REG OCCUP PROG     ,CA,91790-2105,Public       ,19,79,98,40,100,140
03125300,JOHN WESLEY INTER. BARBER & BTY CLG     ,CA,90813-4321,Proprietary  ,14,21,35,32,47,79
03125400,ART INSTITUTE OF CALIFORNIA-HOLLYWOOD (T,CA,91601-3112,Proprietary  ,467,520,987,2330,1718,4048
03125800,PREMIERE CAREER COLLEGE                 ,CA,91706-3746,Proprietary  ,48,116,164,71,156,227
03126800,PACIFICA GRADUATE INSTITUTE             ,CA,93013-0000,Proprietary  ,0,401,401,1,665,666
03128700,MT SIERRA COLLEGE                       ,CA,91016-3414,Proprietary  ,77,146,223,203,325,528
03131300,FIVE BRANCHES UNIVERSITY                ,CA,95062-4669,Private      ,7,135,142,36,303,339
03144400,AMERICAN CLG OF HEALTH PROFESSIONS      ,CA,92374-0000,Proprietary  ,16,60,76,58,114,172
03150500,VIRGINIA SEWING MACHINES & SCH CTR      ,CA,90015-3535,Proprietary  ,0,28,28,3,31,34
03162300,FOUR-D SUCCESS ACADEMY                  ,CA,92324-4218,Proprietary  ,63,219,282,126,438,564
03163300,PACIFIC STATES UNIVERSITY               ,CA,90006-4298,Private      ,3,10,13,23,31,54
03195400,EVEREST COLLEGE                         ,CA,90501-2867,Proprietary  ,41,105,146,88,160,248
03210300,LE CORDON BLEU COLLEGE OF CULINARY ARTS ,CA,91101-5221,Proprietary  ,619,1804,2423,1551,3209,4760
03225300,AMERICAN UNIVERSITY OF HEALTH SCIENCES  ,CA,90755-3612,Proprietary  ,8,55,63,39,119,158
03242300,CAREER NETWORK INSTITUTE                ,CA,92868-4710,Proprietary  ,44,185,229,56,228,284
03250300,COMMUNITY BASED EDUCATION AND DEVEL     ,CA,90036-1137,Private      ,4,13,17,30,105,135
03260300,CALIFORNIA STATE U-MONTEREY BAY         ,CA,93955-8001,Public       ,390,576,966,7601,2229,9830
03266300,BETHESDA CHRISTIAN UNIVERSITY           ,CA,92801-4132,Private      ,3,16,19,11,34,45
03278300,CLARITA CAREER COLLEGE                  ,CA,91351-5432,Proprietary  ,176,381,557,235,603,838
03282300,KIM ANH ACADEMY OF BEAUTY               ,CA,92683-4605,Proprietary  ,1,1,2,1,3,4
03288300,ACAD CHINESE CULTURE & HEALTH SCIS      ,CA,94512-0000,Private      ,7,45,52,14,96,110
03299300,PACIFIC COLLEGE                         ,CA,92626-3160,Proprietary  ,21,145,166,55,322,377
03308300,KENSINGTON COLLEGE                      ,CA,92705-8708,Proprietary  ,2,17,19,5,35,40
03321300,SCRIPPS RESEARCH INSTITUTE (THE)        ,CA,92037-0000,Private      ,3,6,9,10,41,51
03327400,ACUPUNCTURE AND INTEGRATIVE MEDICINE COL,CA,94704-2724,Private      ,11,74,85,42,156,198
03332300,SOUTHERN CA BIBLE CLG & SEMINARY        ,CA,92019-1109,Private      ,3,42,45,8,103,111
03359300,ST. FRANCIS CAREER COLLEGE              ,CA,90262-2659,Private      ,7,35,42,52,163,215
03367300,PROFESSIONAL GOLFERS CAREER COLLEGE     ,CA,92591-6013,Proprietary  ,84,119,203,172,253,425
03394300,REMINGTON COLLEGE - SAN DIEGO CAMPUS    ,CA,92108-3002,Proprietary  ,169,314,483,188,345,533
03395300,INTERNATIONAL CAREER DEVELOPMENT        ,CA,90027-5794,Proprietary  ,235,1243,1478,332,1940,2272
03399300,NORTHWESTERN TECHNICAL COLLEGE          ,CA,95670-4443,Proprietary  ,18,130,148,73,323,396
03403300,TRINITY LIFE BIBLE COLLEGE              ,CA,95842-3546,Private      ,14,52,66,68,237,305
03413400,ENGLISH CENTER  (THE)                   ,CA,94607-3734,Private      ,7,60,67,20,112,132
03427400,CAREER COLLEGES OF AMERICA              ,CA,90280-7420,Proprietary  ,141,629,770,231,955,1186
03427500,ANTELOPE VALLEY MEDICAL COLLEGE         ,CA,93534-3324,Proprietary  ,122,263,385,263,455,718
03440400,MARIAN HEALTH CAREERS CENTER            ,CA,90010-1728,Proprietary  ,12,38,50,28,65,93
03441400,VALLEY CAREER COLLEGE                   ,CA,92020-3057,Proprietary  ,36,128,164,60,209,269
03458300,MY LE'S BEAUTY COLLEGE                  ,CA,95824-3039,Proprietary  ,24,70,94,71,107,178
03467300,MARINELLO SCHOOL OF BEAUTY              ,CA,92545-3661,Proprietary  ,55,193,248,90,254,344
03467301,CALIFORNIA BEAUTY COLLEGE - DESERT HOT S,CA,92240-1307,Proprietary  ,0,5,5,9,10,19
03479300,PROFESSIONAL CAREER INSTITUTE           ,CA,90703-2522,Proprietary  ,18,42,60,55,83,138
03485400,JAMES ALBERT SCHOOL OF COSMETOLOGY      ,CA,92627-3831,Proprietary  ,13,20,33,35,35,70
03485401,JAMES ALBERT SCHOOL OF COSMETOLOGY - ANA,CA,92804-5384,Proprietary  ,0,4,4,14,14,28
03516300,KING'S UNIVERSITY (THE)                 ,CA,91405-2233,Private      ,18,69,87,47,161,208
03532400,ADVANCED TRAINING ASSOCIATES            ,CA,92020-1236,Proprietary  ,5,31,36,10,53,63
03542400,COPPER MOUNTAIN COLLEGE                 ,CA,92252-6102,Public       ,225,726,951,484,1275,1759
03577300,COBA ACADEMY                            ,CA,92866-1407,Proprietary  ,13,16,29,30,25,55
03590400,NTMA TRAINING CENTERS OF SOUTHERN C     ,CA,90650-6099,Private      ,35,128,163,39,158,197
03592400,IRELL & MANELLA GRADUATE SCHOOL OF BIOLO,CA,91010-0000,Private      ,0,0,0,0,6,6
03598300,AVALON BEAUTY COLLEGE                   ,CA,93103-3137,Proprietary  ,16,23,39,58,44,102
03614300,UNITED BEAUTY COLLEGE                   ,CA,91733-0000,Proprietary  ,0,4,4,2,5,7
03621300,LIBERTY TRAINING INSTITUTE              ,CA,90057-3202,Proprietary  ,0,0,0,1,0,1
03639300,WEST COAST ULTRASOUND INSTITUTE         ,CA,90211-3312,Proprietary  ,137,584,721,216,939,1155
03646300,DESIGN'S SCHOOL OF COSMETOLOGY          ,CA,93446-1471,Proprietary  ,22,40,62,29,59,88
03681300,CALIFORNIA HEALING ARTS COLLEGE         ,CA,90025-2589,Proprietary  ,12,43,55,42,87,129
03695300,COMMUNITY ENHANCEMENT SERVICES          ,CA,91502-2750,Private      ,0,7,7,6,20,26
03695700,SANTIAGO CANYON COLLEGE                 ,CA,92869-4512,Public       ,442,447,889,1768,1065,2833
03696300,UNIVERSITY OF THE WEST                  ,CA,91770-3709,Private      ,3,17,20,10,41,51
03698300,WEST COAST UNIVERSITY                   ,CA,91606-3206,Proprietary  ,314,624,938,729,1452,2181
03698400,CA COLLEGE OF VOCATIONAL CAREER         ,CA,93301-1800,Proprietary  ,24,125,149,79,216,295
03736300,ADVANCE BEAUTY COLLEGE                  ,CA,92843-4752,Proprietary  ,6,86,92,26,99,125
03740400,ATI COLLEGE                             ,CA,90650-0000,Proprietary  ,21,76,97,49,117,166
03759300,COMPUTER TUTOR BUSINESS & TECH INST     ,CA,95356-0000,Proprietary  ,14,45,59,51,115,166
03786300,ADVANCED COLLEGE                        ,CA,90280-5255,Proprietary  ,22,107,129,65,241,306
03797400,CAREER CARE INSTITUTE                   ,CA,93534-4766,Proprietary  ,114,242,356,190,397,587
03797401,CAREER CARE INSTITUTE - VENTURA         ,CA,93003-0000,Proprietary  ,5,27,32,20,60,80
03814400,SOKA UNIVERSITY OF AMERICA              ,CA,92656-8081,Private      ,11,6,17,495,27,522
03838400,WALTER JAY M.D. INSTITUTE AN EDUCATIONAL,CA,90057-0000,Proprietary  ,0,3,3,2,11,13
03852500,CIT COLLEGE OF INFOMEDICAL TECHNOLOGY   ,CA,92831-3703,Proprietary  ,26,194,220,92,416,508
03852501,CIT COLLEGE OF INFOMEDICAL TECHNOLOGY - ,CA,90010-1308,Proprietary  ,1,12,13,21,24,45
03853300,KECK GRADUATE INSTITUTE OF APPLIED LIFE ,CA,91711-4817,Private      ,0,33,33,1,85,86
03853400,LADERA CAREER PATHS TRAINING CENTERS    ,CA,90045-1931,Proprietary  ,1,7,8,4,17,21
03868300,WORLD MISSION UNIVERSITY                ,CA,90020-1789,Private      ,1,25,26,8,41,49
03868400,LOS ANGELES MUSIC ACADEMY               ,CA,91105-2540,Proprietary  ,26,23,49,76,51,127
03871300,FOLSOM LAKE COLLEGE                     ,CA,95630-6798,Public       ,590,1042,1632,2076,2379,4455
03874300,CAMBRIDGE JUNIOR COLLEGE                ,CA,95993-0000,Proprietary  ,23,80,103,74,112,186
03874400,COMMMUNITY CHRISTIAN COLLEGE            ,CA,92373-4465,Private      ,35,45,80,112,106,218
03889300,STANBRIDGE COLLEGE                      ,CA,92612-0000,Proprietary  ,45,178,223,81,316,397
03901300,PACIFIC COAST TRADE SCHOOL              ,CA,93033-2441,Proprietary  ,11,50,61,17,65,82
03910400,NATIONAL POLYTECHNIC COLLEGE            ,CA,90040-3066,Proprietary  ,31,96,127,42,117,159
03933300,MUELLER COLLEGE OF HOLISTIC STUDIES     ,CA,92116-2630,Proprietary  ,14,108,122,21,217,238
03933301,MUELLER COLLEGE OF HOLISTIC STUDIES -   ,CA,92120-3449,Proprietary  ,0,15,15,2,33,35
03935300,CALIFORNIA NURSES EDUCATIONAL INSTITUTE ,CA,92234-7248,Proprietary  ,14,61,75,49,111,160
03962300,AMERICAN INSTITUTE OF MASSAGE THERAPY   ,CA,92705-5463,Proprietary  ,5,24,29,27,45,72
03964400,INTERNATIONAL SCHOOL OF BEAUTY          ,CA,92260-2740,Proprietary  ,21,70,91,50,99,149
03969600,AMERICAN AUTO INSTITUTE                 ,CA,90703-2637,Proprietary  ,15,15,30,67,39,106
03971300,AMERICAN CAREER COLLEGE                 ,CA,91764-4906,Proprietary  ,264,583,847,577,1106,1683
03973300,EX'PRESSION COLLEGE FOR DIGITAL ARTS    ,CA,94608-1021,Proprietary  ,157,198,355,542,493,1035
03974500,CALIFORNIA CAREER COLLEGE               ,CA,91303-2006,Proprietary  ,16,49,65,36,86,122
03980300,CALIFORNIA STATE UNIVERSITY CHANNEL ISLA,CA,93012-8599,Public       ,339,469,808,4306,1792,6098
03995300,UNIVERSITY OF EAST-WEST MEDICINE        ,CA,94087-6106,Proprietary  ,0,20,20,7,35,42
03999300,BEAUMONT ADULT SCHOOL                   ,CA,92223-1927,Public       ,10,55,65,28,129,157
04001300,PALACE BEAUTY COLLEGE                   ,CA,90006-4233,Proprietary  ,7,34,41,26,45,71
04001400,MOJAVE BARBER COLLEGE                   ,CA,92395-3201,Proprietary  ,6,33,39,13,45,58
04003300,CSI CAREER COLLEGE                      ,CA,95687-3100,Proprietary  ,43,182,225,86,311,397
04004300,THUY PRINCESS BEAUTY COLLEGE            ,CA,91766-0000,Proprietary  ,1,6,7,14,11,25
04005300,INTERAMERICAN COLLEGE                   ,CA,91950-4437,Proprietary  ,9,74,83,17,133,150
04014400,PALLADIUM TECHNICAL ACADEMY             ,CA,91731-2429,Proprietary  ,4,9,13,4,12,16
04023400,PROTEUS                                 ,CA,93291-3014,Private      ,1,9,10,17,22,39
04037300,LOS ANGELES FILM SCHOOL (THE)           ,CA,90028-7300,Proprietary  ,366,453,819,841,841,1682
04049300,MAXINE WATERS EMPLOYMENT PREPARATION CEN,CA,90059-1023,Public       ,5,36,41,20,76,96
04056300,CAREER COLLEGE OF CALIFORNIA            ,CA,92705-5805,Proprietary  ,4,40,44,29,72,101
04057300,TECHSKILLS OF SACRAMENTO                ,CA,95815-4025,Proprietary  ,24,217,241,67,311,378
04076400,GNOMON SCHOOL OF VISUAL EFFECTS         ,CA,90038-2616,Proprietary  ,18,58,76,57,132,189
04092300,COASTLINE BEAUTY COLLEGE                ,CA,92708-3847,Proprietary  ,1,34,35,6,51,57
04092400,MAKE-UP DESIGNORY                       ,CA,91502-1322,Proprietary  ,105,111,216,213,211,424
04100400,TAFT UNIVERSITY SYSTEM (THE)            ,CA,92704-6954,Proprietary  ,0,115,115,0,252,252
04109300,ACADEMY OF BARBERING ARTS (THE)         ,CA,91324-3406,Proprietary  ,19,46,65,47,66,113
04111300,WEST HILLS COLLEGE LEMOORE              ,CA,93245-9248,Public       ,320,778,1098,1326,1689,3015
04114500,VALLEY COLLEGE OF MEDICAL CAREERS       ,CA,91304-2354,Proprietary  ,14,96,110,44,142,186
04115300,COACHELLA VALLEY BEAUTY COLLEGE         ,CA,92253-2051,Proprietary  ,11,28,39,29,56,85
04115600,MAYFIELD COLLEGE                        ,CA,92234-7014,Proprietary  ,26,109,135,48,196,244
04116000,VIDEO SYMPHONY ENTERTRAINING            ,CA,91502-3253,Proprietary  ,15,90,105,41,209,250
04119200,CAREER COLLEGE CONSULTANTS              ,CA,90041-2088,Proprietary  ,8,25,33,21,37,58
04126400,CHAMPION INSTITUTE OF COSMETOLOGY       ,CA,92264-7458,Proprietary  ,5,15,20,21,34,55
04126500,COAST CAREER INSTITUTE                  ,CA,90015-3040,Proprietary  ,37,153,190,49,162,211
04127100,"UNIVERSITY OF CALIFORNIA, MERCED        ",CA,95343-5001,Public       ,203,145,348,9853,1273,11126
04127800,HEALTHY HAIR ACADEMY                    ,CA,90303-3137,Proprietary  ,18,67,85,26,90,116
04127900,TUI UNIVERSITY                          ,CA,90630-5023,Proprietary  ,7,666,673,16,1187,1203
04129700,INTERNATIONAL POLYTECHNIC INSTITUTE     ,CA,92231-1737,Private      ,3,11,14,6,14,20
04132300,INSTITUTE OF MEDICAL EDUCATION          ,CA,95113-2207,Proprietary  ,35,290,325,99,523,622
04132400,ACADEMY OF ESTHETICS AND COSMETOLOGY    ,CA,91342-3373,Proprietary  ,10,29,39,34,53,87
04132700,INFOTECH CAREER COLLEGE                 ,CA,90706-5579,Proprietary  ,16,59,75,20,64,84
04133000,BIOHEALTH COLLEGE                       ,CA,95134-2033,Proprietary  ,8,70,78,37,114,151
04134500,CAREER COLLEGE OF SAN DIEGO             ,CA,92102-3348,Proprietary  ,27,126,153,118,245,363
04134700,INTERNATL PROFESSIONAL SCHL OF BODYWORK ,CA,92123-1520,Proprietary  ,8,66,74,13,127,140
04137200,BORNER'S BARBER COLLEGE                 ,CA,90047-3856,Proprietary  ,4,11,15,20,24,44
04138700,CAO INSTITUTE OF AESTHETICS (THE)       ,CA,91801-3903,Proprietary  ,9,23,32,17,35,52
04140500,HORIZON COLLEGE SAN DIEGO               ,CA,92131-9906,Private      ,3,22,25,24,54,78
04140600,MODERN INSTITUTE OF TECHNOLOGY          ,CA,93036-1387,Proprietary  ,1,4,5,7,13,20
04141300,SAN FRANCISCO INSTITUTE OF ESTHETICS    ,CA,94103-4083,Proprietary  ,40,72,112,84,122,206
04141400,LAURUS COLLEGE                          ,CA,93401-5405,Proprietary  ,9,65,74,21,95,116
04141700,HEALING HANDS SCHOOL OF HOLISTIC HEALTH ,CA,92025-1722,Proprietary  ,5,52,57,13,74,87
04142500,TOURO COLLEGE LOS ANGELES               ,CA,90046-4506,Private      ,7,5,12,7,5,12
04142600,TOURO UNIVERSITY                        ,CA,94592-1118,Private      ,10,1444,1454,10,1444,1454
04143800,WOODLAND COMMUNITY COLLEGE              ,CA,95776-5156,Public       ,7,20,27,7,20,27
04144200,CAREER DEVELOPMENT INSTITUTE            ,CA,90035-4364,Proprietary  ,7,18,25,21,44,65
04145000,SAN DIEGO CULINARY INSTITUTE            ,CA,91941-6435,Proprietary  ,29,83,112,140,196,336
04146000,NATIONAL CAREER COLLEGE                 ,CA,91605-1400,Proprietary  ,1,8,9,13,12,25
04148200,BEYOND 21ST CENTURY BEAUTY ACADEMY      ,CA,90670-6316,Proprietary  ,6,12,18,12,15,27
04148900,N CALIF INSTITUTE OF COSMETOLOGY        ,CA,94577-2820,Proprietary  ,2,18,20,2,18,20
04149700,HOMESTEAD SCHOOLS                       ,CA,90505-5945,Private      ,11,59,70,14,74,88
04150000,CENTRAL NURSING COLLEGE                 ,CA,90010-2444,Proprietary  ,21,67,88,148,149,297
04150300,RWM FIBER OPTICS                        ,CA,90746-1051,Proprietary  ,0,13,13,3,16,19
04150500,"PREFERRED COLLEGE OF NURSING, LOS ANGELE",CA,90010-2202,Proprietary  ,3,11,14,3,11,14
04152800,CALIFORNIA ACADEMY (THE) - A PAUL MITCHE,CA,95825-2276,Proprietary  ,49,120,169,172,247,419
04153900,PROVIDENCE CHRISTIAN COLLEGE            ,CA,91761-5626,Private      ,10,6,16,47,10,57
04154400,FRANKLIN CAREER COLLEGE                 ,CA,91761-1522,Proprietary  ,14,41,55,21,60,81
04155500,"ACADEMY FOR JEWISH RELIGION, CALIFORNIA ",CA,90024-3234,Private      ,4,16,20,10,35,45
04158200,PAUL MITCHELL THE SCHOOL SHERMAN OAKS   ,CA,91403-5882,Proprietary  ,40,59,99,130,110,240
04158700,HOLLYWOOD BEAUTY COLLEGE                ,CA,95210-3514,Proprietary  ,23,66,89,54,89,143
04160400,ANGELES COLLEGE OF NURSING              ,CA,90010-2100,Proprietary  ,38,72,110,129,124,253
04161700,SHASTA SCHOOL OF COSMETOLOGY            ,CA,96003-0000,Proprietary  ,7,29,36,24,53,77
04163400,COSMO BEAUTY ACADEMY                    ,CA,95605-1904,Proprietary  ,2,23,25,2,23,25
04163900,L.A. BARBER COLLEGE                     ,CA,90013-1121,Proprietary  ,10,20,30,19,28,47
04164400,ANGELES INSTITUTE                       ,CA,90712-2903,Proprietary  ,19,59,78,19,59,78
04167000,ESTHETIQUES COSMETOLOGY INSTITUTE       ,CA,92591-4663,Proprietary  ,52,77,129,52,77,129
04169700,UNITEK COLLEGE                          ,CA,94538-3185,Proprietary  ,17,85,102,17,85,102
04169800,GURNICK ACADEMY OF MEDICAL ARTS         ,CA,94403-1849,Proprietary  ,40,243,283,40,243,283
00184600,BRIAR CLIFF UNIVERSITY                  ,IA,51104-2100,Private      ,197,147,344,1113,369,1482
00184700,BUENA VISTA UNIVERSITY                  ,IA,50588-9987,Private      ,527,738,1265,1687,1358,3045
00184800,SOUTHEASTERN COMMUNITY COLLEGE          ,IA,52655-0000,Public       ,369,754,1123,870,1418,2288
00185000,CENTRAL COLLEGE                         ,IA,50219-1999,Private      ,429,57,486,2356,115,2471
00185200,CLARKE COLLEGE                          ,IA,52001-3198,Private      ,254,216,470,961,459,1420
00185400,COE COLLEGE                             ,IA,52402-5092,Private      ,269,65,334,1961,193,2154
00185500,DES MOINES UNIV-OSTEOPATHIC MED CTR     ,IA,50312-0000,Private      ,10,859,869,31,1600,1631
00185600,CORNELL COLLEGE                         ,IA,52314-1098,Private      ,151,10,161,1944,80,2024
00185700,SOUTHWESTERN COMMUNITY COLLEGE          ,IA,50801-1098,Public       ,206,301,507,523,522,1045
00185800,DIVINE WORD COLLEGE                     ,IA,52045-0380,Private      ,1,2,3,1,3,4
00185900,DORDT COLLEGE                           ,IA,51250-1697,Private      ,248,34,282,1445,71,1516
00186000,DRAKE UNIVERSITY                        ,IA,50311-4505,Private      ,415,610,1025,4502,2077,6579
00186200,ELLSWORTH COMMUNITY COLLEGE             ,IA,50126-1199,Public       ,242,124,366,634,215,849
00186400,IOWA LAKES COMMUNITY COLLEGE            ,IA,51334-2234,Public       ,406,466,872,1107,915,2022
00186500,IOWA CENTRAL COMMUNITY COLLEGE          ,IA,50501-0000,Public       ,802,970,1772,1984,1665,3649
00186600,GRACELAND UNIVERSITY                    ,IA,50140-1699,Private      ,366,498,864,884,904,1788
00186700,GRAND VIEW UNIVERSITY                   ,IA,50316-1599,Private      ,512,406,918,1629,1022,2651
00186800,GRINNELL COLLEGE                        ,IA,50112-1690,Private      ,119,12,131,2199,48,2247
00186900,IOWA STATE UNIV SCIENCE & TECHNOLOG     ,IA,50011-2028,Public       ,2143,1148,3291,20591,4975,25566
00187100,IOWA WESLEYAN COLLEGE                   ,IA,52641-1398,Private      ,231,163,394,686,350,1036
00187300,LORAS COLLEGE                           ,IA,52004-0178,Private      ,417,66,483,2156,148,2304
00187400,LUTHER COLLEGE                          ,IA,52101-1045,Private      ,353,24,377,3250,69,3319
00187500,MARSHALLTOWN COMMUNITY COLLEGE          ,IA,50158-4760,Public       ,200,351,551,519,659,1178
00187700,NORTH IOWA AREA COMMUNITY COLLEGE       ,IA,50401-7299,Public       ,437,474,911,1212,945,2157
00187900,MORNINGSIDE COLLEGE                     ,IA,51106-1751,Private      ,219,162,381,1654,383,2037
00188000,MOUNT MERCY COLLEGE                     ,IA,52402-4797,Private      ,224,349,573,928,709,1637
00188100,ASHFORD UNIVERSITY                      ,IA,52732-3910,Proprietary  ,923,33231,34154,1856,51544,53400
00188300,NORTHWESTERN COLLEGE                    ,IA,51041-1996,Private      ,396,36,432,1540,71,1611
00188700,SIMPSON COLLEGE                         ,IA,50125-1297,Private      ,546,237,783,2078,464,2542
00188900,ST AMBROSE UNIVERSITY                   ,IA,52803-2898,Private      ,612,442,1054,2597,1029,3626
00189000,UNIVERSITY OF NORTHERN IOWA             ,IA,50614-0705,Public       ,2659,1005,3664,9713,2344,12057
00189100,UNIVERSITY OF DUBUQUE                   ,IA,52001-5099,Private      ,436,256,692,1766,558,2324
00189200,UNIVERSITY OF IOWA                      ,IA,52242-1316,Public       ,3518,2737,6255,17956,8670,26626
00189300,UPPER IOWA UNIVERSITY                   ,IA,52142-9206,Private      ,385,1711,2096,1248,3216,4464
00189500,WALDORF COLLEGE                         ,IA,50436-1700,Private      ,241,71,312,711,113,824
00189600,WARTBURG COLLEGE                        ,IA,50677-2200,Private      ,344,30,374,2409,76,2485
00189700,WARTBURG THEOLOGICAL SEMINARY           ,IA,52004-5004,Private      ,0,58,58,8,114,122
00190000,WILLIAM PENN UNIVERSITY                 ,IA,52577-1799,Private      ,463,539,1002,1069,960,2029
00396300,AIB COLLEGE OF BUSINESS                 ,IA,50321-1799,Private      ,164,217,381,547,553,1100
00407500,ESTRN IOWA COMMUNITY COLLEGE DIST       ,IA,52801-1221,Public       ,44,90,134,85,181,266
00407501,CLINTON COMMUNITY COLLEGE               ,IA,52732-0000,Public       ,167,306,473,319,564,883
00407502,MUSCATINE COMMUNITY COLLEGE             ,IA,52761-0000,Public       ,165,227,392,383,420,803
00407503,SCOTT COMMUNITY COLLEGE                 ,IA,52722-0000,Public       ,530,1245,1775,1010,2095,3105
00407600,KIRKWOOD COMMUNITY COLLEGE              ,IA,52406-2068,Public       ,2665,3312,5977,6061,5749,11810
00423300,MERCY/ST. LUKE'S SCH RAD TECH           ,IA,52402-0000,Private      ,8,15,23,19,30,49
00458600,KAPLAN UNIVERSITY                       ,IA,52807-2095,Proprietary  ,2606,55031,57637,3377,75605,78982
00458604,KAPLAN UNIVERSITY - CEDAR RAPIDS        ,IA,52404-2998,Proprietary  ,84,807,891,149,1476,1625
00458605,KAPLAN UNIVERSITY - DES MOINES          ,IA,50323-5702,Proprietary  ,155,1032,1187,249,1853,2102
00458606,KAPLAN UNIVERSITY - MASON CITY          ,IA,50401-4665,Proprietary  ,49,453,502,69,734,803
00458607,KAPLAN UNIVERSITY - CEDAR FALLS         ,IA,50613-6309,Proprietary  ,117,784,901,174,1355,1529
00458610,KAPLAN UNIVERSITY - COUNCIL BLUFFS      ,IA,51503-5289,Proprietary  ,42,350,392,66,678,744
00458700,NORTHEAST IOWA COMMUNITY COLLEGE        ,IA,52132-0400,Public       ,258,358,616,566,616,1182
00458701,NORTHEAST IOWA COMMUNITY COLLEGE        ,IA,52068-0000,Public       ,376,540,916,833,1026,1859
00459500,HAWKEYE COMMUNITY COLLEGE               ,IA,50701-0000,Public       ,1200,1181,2381,2607,2067,4674
00459800,IOWA WESTERN CMTY CLG-COUNCIL BLUFF     ,IA,51502-0000,Public       ,984,1084,2068,2399,2100,4499
00460000,NORTHWEST IOWA COMMUNITY COLLEGE        ,IA,51201-1046,Public       ,197,201,398,488,367,855
00626700,IOWA METHODIST MEDICAL CENTER SCHOOLS   ,IA,50309-1499,Private      ,12,38,50,27,64,91
00627300,MERCY COLLEGE OF HEALTH SCIENCES        ,IA,50309-1239,Private      ,161,419,580,397,768,1165
00712000,DES MOINES AREA CMTY COLLEGE            ,IA,50021-0000,Public       ,2280,3800,6080,5209,7509,12718
00712100,FAITH BAPTIST BIBLE CLG & THEOL SEM     ,IA,50021-0000,Private      ,116,28,144,282,52,334
00729100,ST LUKE'S COLLEGE                       ,IA,51104-0263,Private      ,35,64,99,89,130,219
00731600,WESTERN IOWA TECH COMMUNITY COLLEGE     ,IA,51106-0000,Public       ,640,1245,1885,1353,2063,3416
00758800,CAPRI COLLEGE                           ,IA,52004-0873,Proprietary  ,33,50,83,72,82,154
00761100,EQ SCHOOL OF HAIR DESIGN                ,IA,51503-0813,Proprietary  ,19,24,43,23,29,52
00765600,AMERICAN COLLEGE OF HARISTYLING -CR     ,IA,52402-0000,Proprietary  ,4,11,15,5,18,23
00765800,AMER COLL OF HAIRSTYLING-DES MOINES     ,IA,50309-5446,Proprietary  ,3,20,23,6,37,43
00765900,LA JAMES COLLEGE OF HAIRSTYLING         ,IA,50401-3308,Proprietary  ,32,42,74,52,70,122
00771700,CAPRI COLLEGE                           ,IA,52807-2622,Proprietary  ,37,60,97,64,105,169
00794100,COLLEGE OF HAIR DESIGN                  ,IA,50703-1834,Proprietary  ,16,23,39,19,32,51
00826000,IOWA SCHOOL OF BEAUTY INC               ,IA,50322-0000,Proprietary  ,26,74,100,40,106,146
00840300,INDIAN HILLS COMMUNITY COLLEGE          ,IA,52501-1398,Public       ,606,900,1506,1416,1734,3150
00840301,INDIAN HILLS COMMUNITY COLLEGE          ,IA,52544-0000,Public       ,71,93,164,191,211,402
00842400,LA JAMES INTERNATIONAL COLLEGE          ,IA,50501-5577,Proprietary  ,36,33,69,64,66,130
00959300,LA'JAMES COLLEGE OF HAIRSTYLING         ,IA,52240-0000,Proprietary  ,29,31,60,64,47,111
01111300,MAHARISHI UNIV OF MANAGEMENT            ,IA,52557-0001,Private      ,96,149,245,175,256,431
01206400,HAMILTON TECHNICAL COLLEGE              ,IA,52807-2653,Proprietary  ,37,142,179,62,212,274
01230000,PALMER COLLEGE OF CHIROPRACTIC          ,IA,52803-5287,Private      ,22,988,1010,59,2079,2138
01300600,LA' JAMES INTERNATIONAL COLLEGE-CF      ,IA,50613-5242,Proprietary  ,19,38,57,42,59,101
02090300,CAPRI COLLEGE                           ,IA,52404-0000,Proprietary  ,51,55,106,75,95,170
02134500,LA JAMES INTERNATIONAL COLLEGE - DAV    ,IA,52806-3952,Proprietary  ,21,35,56,30,63,93
02160900,"SALON PROFESSIONAL ACADEMY, THE         ",IA,50010-0000,Proprietary  ,24,29,53,74,51,125
02262500,FAUST INSTITUTE OF COSMETOLOGY          ,IA,50588-0000,Proprietary  ,18,20,38,26,28,54
02274100,LA' JAMES INTERNATIONAL COLLEGE - DM    ,IA,50131-0000,Proprietary  ,46,66,112,90,107,197
02289000,AMERICAN HAIR ACADEMY                   ,IA,52627-4530,Proprietary  ,6,21,27,11,28,39
02306900,IOWA SCHOOL OF BEAUTY                   ,IA,52501-0000,Proprietary  ,13,24,37,14,35,49
02328900,EMMAUS BIBLE COLLEGE                    ,IA,52001-0000,Private      ,80,16,96,190,29,219
02330900,IOWA SCHOOL OF BEAUTY                   ,IA,50158-0000,Proprietary  ,5,14,19,6,21,27
02609200,VATTEROTT COLLEGE                       ,IA,50321-4704,Proprietary  ,50,313,363,94,647,741
03069100,ALLEN COLLEGE                           ,IA,50703-1916,Private      ,61,141,202,301,321,622
03441300,IOWA SCHOOL OF BEAUTY                   ,IA,51106-5111,Proprietary  ,20,26,46,29,46,75
03607400,TOTAL LOOK SCHOOL OF COSMETOLOGY AND MAS,IA,52136-1053,Proprietary  ,0,9,9,3,12,15
03720300,CARLSON COLLEGE OF MASSAGE THERAPY      ,IA,52205-7519,Proprietary  ,5,12,17,6,19,25
04089300,BIO-CHI INSTITUTE OF MASSAGE THERAPY    ,IA,51103-2138,Proprietary  ,2,12,14,5,26,31
00259600,ATLANTIC COMMUNITY COLLEGE              ,NJ,08330-2699,Public       ,1976,2046,4022,3043,3128,6171
00259700,BLOOMFIELD COLLEGE                      ,NJ,07003-3425,Private      ,921,676,1597,2607,1203,3810
00259800,CALDWELL COLLEGE                        ,NJ,07006-6195,Private      ,410,420,830,1422,830,2252
00259900,CENTENARY COLLEGE                       ,NJ,07840-2184,Private      ,433,329,762,1455,647,2102
00260000,COLLEGE OF SAINT ELIZABETH              ,NJ,07960-6989,Private      ,258,306,564,664,502,1166
00260100,CUMBERLAND COUNTY COLLEGE               ,NJ,08362-0517,Public       ,1246,1499,2745,1824,2300,4124
00260300,DREW UNIVERSITY                         ,NJ,07940-4063,Private      ,395,190,585,4043,644,4687
00260700,FAIRLEIGH DICKINSON UNIV-TEANECK        ,NJ,07666-1996,Private      ,604,839,1443,3747,1708,5455
00260701,FAIRLEIGH DICKINSON UNIV-FLORHAM        ,NJ,07940-0000,Private      ,313,211,524,2661,500,3161
00260702,FAIRLEIGH DICKINSON UNIV-ED WMS CLG     ,NJ,07601-0000,Private      ,68,79,147,237,167,404
00260703,FAIRLEIGH DICKINSON UNIVERSITY          ,NJ,07940-0000,Private      ,323,354,677,2030,783,2813
00260800,GEORGIAN COURT UNIVERSITY               ,NJ,08701-2697,Private      ,597,694,1291,1355,1246,2601
00260900,ROWAN UNIVERSITY                        ,NJ,08028-1702,Public       ,3422,1746,5168,12241,3273,15514
00261000,FELICIAN COLLEGE                        ,NJ,07644-2198,Private      ,617,650,1267,1608,1009,2617
00261300,NEW JERSEY CITY UNIVERSITY              ,NJ,07305-1597,Public       ,1972,2606,4578,4287,4273,8560
00261500,MIDDLESEX COUNTY COLLEGE                ,NJ,08818-3050,Public       ,2929,2045,4974,5028,3396,8424
00261600,MONMOUTH UNIVERSITY                     ,NJ,07764-1898,Private      ,1534,998,2532,6892,1910,8802
00261700,MONTCLAIR STATE UNIVERSITY              ,NJ,07043-9987,Public       ,4500,2966,7466,15339,5842,21181
00261900,NEW BRUNSWICK THEOLOGICAL SEMINARY      ,NJ,08901-0000,Private      ,5,72,77,25,112,137
00262100,NEW JERSEY INST OF TECHNOLOGY           ,NJ,07102-1982,Public       ,1610,1096,2706,5275,2022,7297
00262200,KEAN UNIVERSITY                         ,NJ,07083-7131,Public       ,4043,3400,7443,10950,6509,17459
00262400,OCEAN COUNTY COLLEGE                    ,NJ,08754-2001,Public       ,2738,1756,4494,4388,2700,7088
00262500,WILLIAM PATERSON UNIVERSITY             ,NJ,07470-2152,Public       ,3423,1946,5369,10193,3609,13802
00262600,PRINCETON THEOLOGICAL SEMINARY          ,NJ,08542-0000,Private      ,3,257,260,14,641,655
00262700,PRINCETON UNIVERSITY                    ,NJ,08544-0001,Private      ,1439,213,1652,16146,1509,17655
00262800,RIDER UNIVERSITY                        ,NJ,08648-3099,Private      ,991,498,1489,7198,1308,8506
00262900,"RUTGERS, THE STATE UNIVERSITY OF NJ     ",NJ,08901-1281,Public       ,8546,6655,15201,41685,18997,60682
00263200,SETON HALL UNIVERSITY                   ,NJ,07079-2697,Private      ,1016,1037,2053,10292,3236,13528
00263201,SETON HALL UNIVERSITY - SCHOOL OF LAW   ,NJ,07079-5210,Private      ,57,495,552,304,2329,2633
00263800,ST PETER'S COLLEGE                      ,NJ,07306-5997,Private      ,1193,454,1647,3695,827,4522
00263900,STEVENS INSTITUTE OF TECHNOLOGY         ,NJ,07030-5370,Private      ,746,281,1027,3492,515,4007
00264200,COLLEGE OF NEW JERSEY (THE)             ,NJ,08628-0718,Public       ,1596,412,2008,10492,962,11454
00264300,UNION COUNTY COLLEGE                    ,NJ,07016-1598,Public       ,2290,3262,5552,3550,4907,8457
00473600,BERGEN COMMUNITY COLLEGE                ,NJ,07652-1595,Public       ,3514,2294,5808,6125,3774,9899
00474000,MERCER COUNTY COMMUNITY COLLEGE         ,NJ,08690-0000,Public       ,1437,1785,3222,2321,2833,5154
00539900,MONMOUTH COUNTY VOCATIONAL SCH DIST     ,NJ,07728-5033,Public       ,12,42,54,42,64,106
00545200,TETERBORO SCH OF AERONAUTICS            ,NJ,07608-1083,Proprietary  ,33,33,66,49,41,90
00546000,SOMERSET COUNTY TECHNICAL INSTITUTE     ,NJ,08807-0350,Public       ,9,28,37,13,47,60
00546100,SALEM COMMUNITY COLLEGE                 ,NJ,08069-2799,Public       ,304,359,663,482,541,1023
00641700,HOLY NAME HOSPITAL SCH OF NURSING       ,NJ,07666-4254,Private      ,31,71,102,68,129,197
00642000,MOUNTAINSIDE HOSP SCH NRSG              ,NJ,07042-4898,Proprietary  ,8,43,51,17,67,84
00642100,MUHLENBERG SNYDER SCHOOLS               ,NJ,07061-3399,Private      ,75,295,370,119,445,564
00642900,ST FRANCIS MEDICAL CTR SCH NURSING      ,NJ,08629-1986,Private      ,10,34,44,18,64,82
00642902,ST FRANCIS MED CTR RAD TECH             ,NJ,08629-0000,Private      ,3,17,20,6,24,30
00686500,CAMDEN COUNTY COLLEGE                   ,NJ,08012-3240,Public       ,3065,3530,6595,5125,5870,10995
00690100,GLOUCESTER COUNTY COLLEGE               ,NJ,08080-4249,Public       ,1332,1122,2454,2385,1871,4256
00710700,ESSEX COUNTY COLLEGE                    ,NJ,07102-1798,Public       ,2510,3607,6117,4112,5964,10076
00750200,BERKELEY COLLEGE                        ,NJ,07424-3367,Proprietary  ,768,736,1504,1464,1336,2800
00750201,BERKELEY COLLEGE                        ,NJ,07095-0000,Proprietary  ,388,379,767,682,658,1340
00750202,BERKELEY COLLEGE - PARAMUS              ,NJ,07652-2931,Proprietary  ,248,258,506,491,436,927
00750600,LINCOLN TECHNICAL INSTITUTE             ,NJ,07083-5032,Proprietary  ,335,451,786,470,561,1031
00750601,LINCOLN TECHNICAL INSTITUTE             ,NJ,07430-0000,Proprietary  ,303,275,578,373,345,718
00750700,GIBBS COLLEGE                           ,NJ,07039-1611,Proprietary  ,0,0,0,1,4,5
00759300,PARISIAN BEAUTY ACADEMY                 ,NJ,07601-5509,Proprietary  ,31,33,64,48,49,97
00772900,COUNTY COLLEGE OF MORRIS                ,NJ,07869-0000,Public       ,1474,803,2277,2737,1271,4008
00773000,BURLINGTON COUNTY COLLEGE               ,NJ,08068-1599,Public       ,1791,1697,3488,3205,2784,5989
00773100,RARITAN VALLEY COMMUNITY COLLEGE        ,NJ,08876-1265,Public       ,1087,817,1904,1858,1310,3168
00780401,STAR CAREER ACADEMY - STAR LAKEWOOD     ,NJ,08701-5900,Proprietary  ,53,139,192,57,179,236
00780402,STAR CAREER ACADEMY - STAR EGG HARBOR   ,NJ,08234-4863,Proprietary  ,24,159,183,30,219,249
00794700,BETH MEDRASH GOVOHA OF AMERICA          ,NJ,08701-0000,Private      ,61,798,859,62,801,863
00840400,BROOKDALE COMMUNITY COLLEGE             ,NJ,07738-1597,Public       ,2652,1739,4391,4479,2767,7246
00844101,ANTHEM INSTITUTE                        ,NJ,08002-0000,Proprietary  ,21,44,65,32,79,111
00849400,HO HO KUS SCHL OF TRADE & TECH SCIENCES ,NJ,07513-1402,Proprietary  ,39,91,130,53,114,167
00860900,RABBINICAL COLLEGE OF AMERICA           ,NJ,07960-3600,Private      ,17,1,18,20,1,21
00907800,CAPRI INSTITUTE OF HAIR DESIGN          ,NJ,07011-2111,Proprietary  ,33,53,86,45,70,115
00922800,DEVRY INSTITUTE                         ,NJ,08902-3362,Proprietary  ,36,50,86,126,183,309
00934400,RAMAPO COLLEGE OF NEW JERSEY            ,NJ,07430-1680,Public       ,1524,398,1922,6411,861,7272
00934500,RICHARD STOCKTON COLLEGE OF NJ          ,NJ,08240-0195,Public       ,2303,1143,3446,7170,2320,9490
00982804,EVEREST INSTITUTE - SOUTH PLAINFIELD    ,NJ,07080-1125,Proprietary  ,66,307,373,79,420,499
00999400,PASSAIC COUNTY COMMUNITY COLLEGE        ,NJ,07505-1179,Public       ,1659,2348,4007,2432,3161,5593
01039400,UNIV OF MEDICINE & DENTISTRY OF NJ      ,NJ,07107-0000,Public       ,117,2136,2253,261,4310,4571
01062900,P B COSMETOLOGY EDUCATION CENTRE        ,NJ,08030-1750,Proprietary  ,38,38,76,53,45,98
01085100,ANTHEM INSTITUTE                        ,NJ,07054-3409,Proprietary  ,165,322,487,242,508,750
01085101,ANTHEM INSTITUTE                        ,NJ,07306-0000,Proprietary  ,17,63,80,33,95,128
01085102,ANTHEM INSTITUTE                        ,NJ,08902-0000,Proprietary  ,16,20,36,26,41,67
01090300,RIZZIERI INSTITUTE                      ,NJ,08043-4600,Proprietary  ,42,56,98,68,100,168
01152300,MORRIS COUNTY SCHOOL OF TECHNOLOGY      ,NJ,07834-0000,Public       ,14,24,38,43,42,85
01170800,NATURAL MOTION INST OF HAIR DESIGN      ,NJ,07306-5496,Proprietary  ,15,55,70,23,76,99
01198900,TALMUDICAL ACADEMY                      ,NJ,07710-0000,Private      ,28,3,31,28,3,31
01209000,REIGNBOW BEAUTY ACADEMY                 ,NJ,08861-4118,Proprietary  ,4,22,26,6,24,30
01234600,DOVER BUSINESS COLLEGE                  ,NJ,07011-2161,Proprietary  ,169,468,637,229,626,855
01234602,DOVER BUSINESS COLLEGE                  ,NJ,07801-4643,Proprietary  ,57,195,252,81,257,338
01246100,LINCOLN TECHNICAL INSTITUTE             ,NJ,08820-2896,Proprietary  ,149,356,505,250,595,845
01246102,LINCOLN TECHNICAL INSTITUTE             ,NJ,08054-0000,Proprietary  ,118,476,594,164,752,916
01246103,LINCOLN TECHNICAL INSTITUTE             ,NJ,07652-2106,Proprietary  ,192,408,600,274,586,860
01246200,HOHOKUS - HACKENSACK SCHOOL OF BUSINESS ,NJ,07601-7197,Proprietary  ,48,206,254,55,246,301
01295400,HUDSON COUNTY COMMUNITY COLLEGE         ,NJ,07306-4012,Public       ,2172,3252,5424,3018,4342,7360
02053700,EASTWICK COLLEGE                        ,NJ,07446-0000,Proprietary  ,166,595,761,223,761,984
02061800,ROMAN ACADEMY OF BEAUTY CULTURE         ,NJ,07506-0000,Proprietary  ,7,3,10,10,3,13
02092300,HOHOKUS SCHOOL - RETS/NUTLEY            ,NJ,07110-0000,Proprietary  ,59,158,217,83,236,319
02103700,CAPRI INSTITUTE OF HAIR DESIGN          ,NJ,07652-0000,Proprietary  ,17,28,45,27,39,66
02104000,HARRIS SCHOOL OF BUSINESS               ,NJ,08002-2983,Proprietary  ,86,442,528,97,516,613
02106601,FOX INSTITUTE OF BUSINESS - CLIFTON     ,NJ,07011-2345,Proprietary  ,44,204,248,63,285,348
02131100,DU CRET SCHOOL OF THE ARTS              ,NJ,07060-0000,Private      ,16,7,23,23,12,35
02131600,PENNCO TECH                             ,NJ,08012-0000,Proprietary  ,154,242,396,170,290,460
02132300,BERDAN INSTITUTE                        ,NJ,07512-0000,Proprietary  ,109,210,319,140,270,410
02146800,JOE KUBERT SCH OF CARTOON & GRAPHIC     ,NJ,07801-0000,Proprietary  ,25,28,53,51,56,107
02149800,EMPIRE BEAUTY SCHOOL                    ,NJ,08021-0000,Proprietary  ,30,99,129,41,165,206
02149801,EMPIRE BEAUTY SCHOOL - BORDENTOWN       ,NJ,08505-1513,Proprietary  ,15,25,40,20,36,56
02154000,DIVERS ACAD OF EASTERN SEABOARD         ,NJ,08081-1139,Proprietary  ,36,65,101,63,95,158
02183600,CAPRI INSTITUTE OF HAIR DESIGN          ,NJ,07033-0000,Proprietary  ,17,50,67,24,63,87
02192200,THOMAS EDISON STATE COLLEGE             ,NJ,08608-0000,Public       ,112,1943,2055,237,3370,3607
02219600,OMEGA INSTITUTE                         ,NJ,08109-0000,Proprietary  ,10,66,76,16,95,111
02223700,NEW HORIZON INST OF COSMETOLOGY         ,NJ,07093-0000,Proprietary  ,6,42,48,11,44,55
02223900,DRAKE COLLEGE OF BUSINESS               ,NJ,07201-0000,Proprietary  ,43,423,466,70,616,686
02223902,DRAKE COLLEGE OF BUSINESS - NEWARK CAMPU,NJ,07112-2760,Proprietary  ,79,451,530,124,607,731
02232500,UNION COUNTY VOCATIONAL TECH INST       ,NJ,07076-0000,Public       ,27,44,71,46,62,108
02234600,SHORE BEAUTY SCHOOL                     ,NJ,08232-0000,Proprietary  ,12,23,35,18,32,50
02246000,ROSS UNIVERSITY - MEDICAL SCHOOL        ,NJ,08837-0000,Proprietary  ,3,1143,1146,22,3758,3780
02248600,COOPER HEALTH SYS-CTR ALLIED HEALTH     ,NJ,08103-0000,Private      ,13,65,78,19,119,138
02252700,CONCORDE SCHOOL OF HAIR DESIGN          ,NJ,07712-0000,Proprietary  ,34,115,149,44,145,189
02252701,CONCORDE SCHOOL OF HAIR DESIGN - BLOOMFI,NJ,07003-2517,Proprietary  ,9,17,26,16,24,40
02261800,EUROPEAN ACADEMY OF COSMETOLOGY         ,NJ,07083-0000,Proprietary  ,30,76,106,37,94,131
02265500,CAPRI INSTITUTE OF HAIR DESIGN          ,NJ,08724-0000,Proprietary  ,17,26,43,22,38,60
02277900,ROSS UNIV - SCH OF VETERINARY MED       ,NJ,08837-0000,Proprietary  ,5,315,320,7,1079,1086
02291000,LINCOLN TECHNICAL INSTITUTE             ,NJ,07080-2424,Proprietary  ,48,73,121,64,92,156
02312000,BERGEN COUNTY TECHNICAL SCHOOLS         ,NJ,07601-6110,Public       ,14,50,64,41,85,126
02344200,EMPIRE BEAUTY SCHOOL                    ,NJ,08002-0000,Proprietary  ,56,126,182,72,208,280
02503900,WARREN COUNTY COMMUNITY COLLEGE         ,NJ,07882-0000,Public       ,295,287,582,512,446,958
02523700,OCEAN COUNTY VOCATIONAL-TECH SCHOOL     ,NJ,08753-0000,Public       ,90,132,222,124,211,335
02525900,ARTISTIC ACADEMY OF HAIR DESIGN         ,NJ,07950-1409,Proprietary  ,38,34,72,56,48,104
02528200,REIGNBOW BEAUTY ACADEMY                 ,NJ,07060-0000,Proprietary  ,6,22,28,9,27,36
02558700,PRISM CAREER INSTITUTE                  ,NJ,08037-0000,Proprietary  ,55,425,480,65,467,532
02568800,SUSSEX COUNTY COMMUNITY COLLEGE         ,NJ,07860-1149,Public       ,721,429,1150,1195,658,1853
02586900,HARRIS SCHOOL OF BUSINESS               ,NJ,08084-1520,Proprietary  ,34,229,263,39,291,330
02616402,SANFORD-BROWN INSTITUTE - ISELIN        ,NJ,08830-0000,Proprietary  ,173,339,512,223,539,762
03077500,RABBI JACOB JOSEPH SCHOOL               ,NJ,08817-4494,Private      ,12,0,12,13,1,14
03122600,EASTERN INTERNATIONAL COLLEGE           ,NJ,07306-3906,Proprietary  ,24,123,147,33,152,185
03187300,STENOTECH CAREER INSTITUTE              ,NJ,07004-3490,Proprietary  ,18,32,50,26,42,68
03197300,INSTITUTE FOR HEALTH EDUCATION(THE)     ,NJ,07306-2929,Proprietary  ,5,41,46,13,63,76
03324300,CENTRAL CAREER SCHOOL                   ,NJ,07080-2408,Proprietary  ,13,46,59,16,65,81
03380302,STAR CAREER ACADEMY - STAR NEWARK       ,NJ,07102-4510,Proprietary  ,46,200,246,55,253,308
03380303,STAR CAREER ACADEMY - STAR CLIFTON      ,NJ,07011-2248,Proprietary  ,22,112,134,32,193,225
03389300,ACADEMY OF MASSAGE THERAPY              ,NJ,07631-0000,Proprietary  ,16,66,82,24,77,101
03424500,NEW COMMUNITY WORKFORCE DEVELOPMENT     ,NJ,07103-2402,Private      ,12,182,194,20,218,238
03530300,"KEY SKILLS LEARNING, INC.               ",NJ,07013-1900,Proprietary  ,3,18,21,5,27,32
03536300,INSTITUTE FOR THERAPEUTIC MASSAGE       ,NJ,07420-1452,Proprietary  ,8,55,63,12,69,81
03574400,CORTIVA INSTITUTE - SOMERSET SCHOOL OF M,NJ,08854-3908,Proprietary  ,4,12,16,6,26,32
03625300,PERFORMANCE TRAINING INSTITUTE          ,NJ,08753-0000,Proprietary  ,9,226,235,14,283,297
03637300,METRO AUTO ELECTRONICS TRAINING INSTITUT,NJ,07033-1798,Proprietary  ,6,19,25,9,25,34
03650600,PC AGE                                  ,NJ,07306-3936,Proprietary  ,19,105,124,20,120,140
03650603,PC AGE                                  ,NJ,08817-2842,Proprietary  ,5,11,16,5,19,24
03666300,SOMERSET CHRISTIAN COLLEGE              ,NJ,08890-9035,Private      ,40,165,205,60,238,298
03769300,PC TECH LEARNING CENTER                 ,NJ,07306-9900,Proprietary  ,1,4,5,3,17,20
03803300,HEALTHCARE TRAINING INSTITUTE           ,NJ,07083-3504,Proprietary  ,33,150,183,47,218,265
03811300,EASTERN SCHOOL OF ACUPUNCTURE AND TRADIT,NJ,07042-3562,Proprietary  ,1,22,23,6,32,38
04081300,BAIS MEDRASH TORAS CHESED               ,NJ,08701-0000,Private      ,6,5,11,6,7,13
04123400,YESHIVAS BE'ER YITZCHOK                 ,NJ,07208-2380,Private      ,1,21,22,1,24,25
04125000,GENTLE HEALING SCHOOL OF MASSAGE        ,NJ,08512-3600,Proprietary  ,4,18,22,5,22,27
04131100,YESHIVA TORAS CHAIM                     ,NJ,08701-2120,Private      ,45,1,46,45,1,46
04131200,TOTAL IMAGE BEAUTY ACADEMY              ,NJ,07307-2943,Proprietary  ,4,13,17,8,16,24
04134100,CENTER FOR ALLIED HEALTH & NURSING EDUCA,NJ,07601-5801,Proprietary  ,40,422,462,70,685,755
04136400,AMERICAN INSTITUTE OF MEDICAL SCIENCES &,NJ,07080-1183,Proprietary  ,9,42,51,15,68,83
04154900,NATIONAL CAREER INSTITUTE               ,NJ,07018-2011,Proprietary  ,13,88,101,14,103,117
00266500,VAUGHN COLLEGE OF AERONAUTICS AND TECHNO,NY,11369-9997,Private      ,399,284,683,798,499,1297
00266600,ADELPHI UNIVERSITY                      ,NY,11530-4299,Private      ,1120,1453,2573,7605,3586,11191
00266700,DOWLING COLLEGE                         ,NY,11769-1999,Private      ,796,785,1581,2330,1400,3730
00266800,ALFRED UNIVERSITY                       ,NY,14802-1205,Private      ,395,178,573,3291,529,3820
00266900,BANK STREET COLLEGE OF EDUCATION        ,NY,10025-0000,Private      ,3,441,444,10,824,834
00267100,BARD COLLEGE                            ,NY,12504-5000,Private      ,164,97,261,2645,661,3306
00267400,NEW YORK THEOLOGICAL SEMINARY           ,NY,10115-0002,Private      ,0,93,93,3,119,122
00267700,BROOKLYN LAW SCHOOL                     ,NY,11201-0000,Private      ,22,1052,1074,58,3720,3778
00267800,BRYANT & STRATTON COLLEGE               ,NY,14203-1713,Proprietary  ,920,3818,4738,1609,7563,9172
00267803,BRYANT & STRATTON COLLEGE - GREECE      ,NY,14606-4227,Proprietary  ,102,326,428,196,847,1043
00267805,BRYANT & STRATTON COLLEGE - SYRACUSE    ,NY,13203-2502,Proprietary  ,231,479,710,492,1138,1630
00267807,BRYANT & STRATTON COLLEGE - ALBANY      ,NY,12205-5230,Proprietary  ,132,349,481,223,669,892
00268100,CANISIUS COLLEGE                        ,NY,14208-1098,Private      ,861,735,1596,4149,1413,5562
00268300,SEMINARY OF THE IMMACULATE CONCEPT      ,NY,11743-0000,Private      ,1,0,1,2,0,2
00268500,CAZENOVIA COLLEGE                       ,NY,13035-1085,Private      ,204,43,247,1791,128,1919
00268700,CUNY-BROOKLYN COLLEGE                   ,NY,11210-2814,Public       ,4700,4426,9126,14464,8565,23029
00268800,CITY COLLEGE-CUNY                       ,NY,10031-9198,Public       ,4860,3433,8293,17097,7240,24337
00268900,CUNY-HUNTER COLLEGE                     ,NY,10021-0000,Public       ,6055,5393,11448,23844,12451,36295
00269000,QUEENS COLLEGE-CUNY                     ,NY,11367-1597,Public       ,4508,3542,8050,14352,6427,20779
00269100,CUNY- BOROUGH OF MANHATTAN CMTY CLG     ,NY,10007-1047,Public       ,8427,5549,13976,16941,9948,26889
00269200,CUNY BRONX COMMUNITY COLLEGE            ,NY,10453-3102,Public       ,4486,3721,8207,8192,6112,14304
00269300,CUNY-JOHN JAY CLG CRIMINAL JUSTICE      ,NY,10019-1093,Public       ,4898,2654,7552,13540,5646,19186
00269400,KINGSBOROUGH COMMUNITY COLLEGE          ,NY,11235-2398,Public       ,4233,2613,6846,8296,4429,12725
00269600,NY CITY COLLEGE OF TECHNOLOGY-CUNY      ,NY,11201-2983,Public       ,4814,2949,7763,11590,5271,16861
00269700,QUEENSBOROUGH COMMUNITY COLLEGE         ,NY,11364-1497,Public       ,5832,2721,8553,9835,4100,13935
00269800,CUNY THE COLLEGE OF STATEN ISLAND       ,NY,10314-6600,Public       ,3827,1999,5826,8860,3408,12268
00269900,CLARKSON UNIVERSITY                     ,NY,13699-5615,Private      ,769,132,901,4441,337,4778
00270000,COLGATE ROCHESTER CROZER DIVINITY S     ,NY,14620-0000,Private      ,1,42,43,9,67,76
00270100,COLGATE UNIVERSITY                      ,NY,13346-1386,Private      ,255,13,268,4050,75,4125
00270300,COLLEGE OF MOUNT SAINT VINCENT          ,NY,10471-1093,Private      ,480,173,653,1916,361,2277
00270400,COLLEGE OF NEW ROCHELLE                 ,NY,10805-2339,Private      ,366,2733,3099,975,3162,4137
00270500,COLLEGE OF SAINT ROSE                   ,NY,12203-1490,Private      ,759,806,1565,4460,1733,6193
00270700,COLUMBIA UNIVERSITY                     ,NY,10027-0000,Private      ,587,1169,1756,6132,4411,10543
00270701,COLUMBIA UNIV ARCHITECTURE              ,NY,10027-0000,Private      ,13,95,108,63,862,925
00270702,COLUMBIA UNIV SCHOOL OF THE ARTS        ,NY,10027-0000,Private      ,30,135,165,112,1333,1445
00270703,COLUMBIA UNIV BUSINESS GRAD             ,NY,10027-0000,Private      ,7,537,544,31,1384,1415
00270704,COLUMBIA UNIV SCHOOL ENGIN-UNDERGRA     ,NY,10027-0000,Private      ,294,23,317,1873,71,1944
00270705,COLUMBIA UNIV SCHOOL GENERAL STUDIE     ,NY,10027-0000,Private      ,89,559,648,358,1172,1530
00270706,COLUMBIA UNIV GRAD SCHL ARTS & SCI      ,NY,10027-0000,Private      ,9,315,324,57,1737,1794
00270707,COLUMBIA UNIV SCH INTL PUB AFFAIRS      ,NY,10027-0000,Private      ,2,159,161,10,1321,1331
00270708,COLUMBIA UNIV JOURNALISM GRAD           ,NY,10027-0000,Private      ,10,49,59,22,569,591
00270710,COLUMBIA UNIV COLUMBIA COLLEGE          ,NY,10027-0000,Private      ,987,166,1153,8541,563,9104
00270711,COLUMBIA UNIV SCHOOL OF LAW             ,NY,10027-0000,Private      ,17,560,577,49,4396,4445
00270712,COLUMBIA UNIV SOCIAL WORK               ,NY,10025-0000,Private      ,8,177,185,17,1117,1134
00270713,COLUMBIA UNIV SCHL DENT & ORAL SURG     ,NY,10032-0000,Private      ,1,54,55,5,383,388
00270714,COLUMBIA UNIV INST HUMAN NUTRITION      ,NY,10032-0000,Private      ,5,50,55,10,109,119
00270715,COLUMBIA UNIV NURSING                   ,NY,10032-0000,Private      ,20,224,244,94,764,858
00270716,COLUMBIA UNIV COLL PHYS & SURGEONS      ,NY,10032-0000,Private      ,11,114,125,42,1142,1184
00270717,COLUMBIA UNIV PHYSICAL THERAPY          ,NY,10032-0000,Private      ,3,51,54,18,140,158
00270718,COLUMBIA UNIV OCCUPATIONAL THERAPY      ,NY,10032-0000,Private      ,3,44,47,7,120,127
00270719,COLUMBIA UNIV PUBLIC HEALTH             ,NY,10032-0000,Private      ,3,116,119,14,1152,1166
00270720,COLUMBIA UNIV - ENGINEERING (GRAD)      ,NY,10027-0000,Private      ,12,114,126,90,346,436
00270721,COLUMBIA UNIV-CONT ED & SP PROGMS       ,NY,10027-0000,Private      ,2,195,197,6,328,334
00270800,BARNARD COLLEGE-COLUMBIA UNIV           ,NY,10027-6598,Private      ,581,52,633,3919,172,4091
00270900,CONCORDIA COLLEGE                       ,NY,10708-1998,Private      ,236,137,373,778,267,1045
00271000,COOPER UNION                            ,NY,10003-7120,Private      ,138,50,188,1572,214,1786
00271100,CORNELL UNIVERSITY                      ,NY,14853-2801,Private      ,3082,1269,4351,25345,6738,32083
00271101,WEILL CORNELL MEDICAL COLLEGE AND GRADUA,NY,10021-0000,Private      ,13,210,223,34,703,737
00271200,D'YOUVILLE COLLEGE                      ,NY,14201-1084,Private      ,399,729,1128,1703,1648,3351
00271300,DOMINICAN COLLEGE                       ,NY,10962-1299,Private      ,560,352,912,1573,632,2205
00271800,ELMIRA COLLEGE                          ,NY,14901-2099,Private      ,342,240,582,2277,436,2713
00272200,FORDHAM UNIVERSITY                      ,NY,10458-5157,Private      ,2288,2614,4902,20055,8871,28926
00272600,GENERAL THEOLOGICAL SEMINARY            ,NY,10011-0000,Private      ,0,46,46,1,88,89
00272800,HAMILTON COLLEGE                        ,NY,13323-1218,Private      ,350,12,362,2802,50,2852
00272900,HARTWICK COLLEGE                        ,NY,13820-4020,Private      ,514,39,553,3055,107,3162
00273100,HOBART & WILLIAM SMITH COLLEGES         ,NY,14456-3397,Private      ,563,15,578,3294,67,3361
00273200,HOFSTRA UNIVERSITY                      ,NY,11549-1010,Private      ,1619,1652,3271,13759,5387,19146
00273400,HOUGHTON COLLEGE                        ,NY,14744-0128,Private      ,389,42,431,1407,98,1505
00273500,HILBERT COLLEGE                         ,NY,14075-1597,Private      ,241,105,346,913,216,1129
00273700,IONA COLLEGE                            ,NY,10801-1890,Private      ,1407,532,1939,7062,1053,8115
00273900,ITHACA COLLEGE                          ,NY,14850-7130,Private      ,893,199,1092,12710,819,13529
00274000,JEWISH THEOLOGICAL SEMINARY OF AMER     ,NY,10027-4649,Private      ,19,59,78,136,183,319
00274200,THE JUILLIARD SCHOOL                    ,NY,10023-6588,Private      ,160,105,265,1211,654,1865
00274400,KEUKA COLLEGE                           ,NY,14478-0000,Private      ,250,395,645,1215,878,2093
00274800,LEMOYNE COLLEGE                         ,NY,13214-1399,Private      ,613,388,1001,4153,748,4901
00274900,NEW YORK COLLEGE OF PODIATRIC MED       ,NY,10035-0000,Private      ,8,150,158,39,332,371
00275100,LONG ISLAND UNIVERSITY                  ,NY,11548-1326,Private      ,2464,3556,6020,10658,7274,17932
00275800,MANHATTAN COLLEGE                       ,NY,10471-4098,Private      ,978,210,1188,5540,458,5998
00275900,MANHATTAN SCHOOL OF MUSIC               ,NY,10027-4698,Private      ,99,129,228,631,758,1389
00276000,MANHATTANVILLE COLLEGE                  ,NY,10577-2132,Private      ,319,317,636,2920,701,3621
00276300,MARIA COLLEGE                           ,NY,12208-1798,Private      ,64,364,428,149,636,785
00276500,MARIST COLLEGE                          ,NY,12601-1387,Private      ,1028,445,1473,8692,946,9638
00276900,MARYMOUNT MANHATTAN COLLEGE             ,NY,10021-4597,Private      ,463,116,579,3509,315,3824
00277200,MERCY COLLEGE                           ,NY,10522-1189,Private      ,1068,1990,3058,3243,4381,7624
00277500,MOLLOY COLLEGE                          ,NY,11570-1100,Private      ,1000,747,1747,2860,1394,4254
00277700,MEDAILLE COLLEGE                        ,NY,14214-2695,Private      ,412,464,876,1518,901,2419
00277800,MOUNT SAINT MARY COLLEGE                ,NY,12550-3494,Private      ,630,426,1056,2584,772,3356
00277900,NAZARETH COLLEGE OF ROCHESTER           ,NY,14618-3790,Private      ,500,641,1141,3019,1313,4332
00278200,NEW YORK INSTITUTE OF TECHNOLOGY        ,NY,11568-8000,Private      ,1312,1032,2344,4420,2116,6536
00278202,NY INSTITUTE OF TECHNOLOGY-OSTEOPATHIC M,NY,11568-0000,Private      ,12,448,460,67,1147,1214
00278300,NEW YORK LAW SCHOOL                     ,NY,10013-0000,Private      ,4,1017,1021,26,3251,3277
00278400,NEW YORK MEDICAL COLLEGE                ,NY,10595-0000,Private      ,3,868,871,26,1936,1962
00278500,NEW YORK UNIVERSITY                     ,NY,10012-1091,Private      ,2261,5999,8260,34092,27622,61714
00278800,NIAGARA UNIVERSITY                      ,NY,14109-2010,Private      ,609,293,902,3601,727,4328
00279000,NYACK COLLEGE                           ,NY,10960-3698,Private      ,438,732,1170,1122,1132,2254
00279100,PACE UNIVERSITY - NEW YORK              ,NY,10038-1598,Private      ,842,919,1761,7843,2724,10567
00279101,PACE UNIVERSITY-PLEASANTVILLE           ,NY,10570-0000,Private      ,404,337,741,3306,900,4206
00279102,PACE UNIVERSITY - WHITE PLAINS          ,NY,10603-0000,Private      ,57,489,546,339,1921,2260
00279500,PAUL SMITHS CLG OF ARTS & SCIENCES      ,NY,12970-0000,Private      ,291,51,342,1127,106,1233
00279600,POLYTECHNIC INTSTITUTE OF NEW YORK UNIV ,NY,11201-3840,Private      ,237,305,542,2450,778,3228
00279800,PRATT INSTITUTE                         ,NY,11205-3899,Private      ,517,624,1141,4412,2471,6883
00280300,RENSSELAER POLYTECHNIC INSTITUTE        ,NY,12180-3590,Private      ,1045,208,1253,9828,711,10539
00280500,ROBERTS WESLEYAN COLLEGE                ,NY,14624-1997,Private      ,339,420,759,1318,857,2175
00280600,ROCHESTER INSTITUTE OF TECHNOLOGY       ,NY,14623-5608,Private      ,2584,1062,3646,14043,2509,16552
00280700,ROCKEFELLER UNIVERSITY                  ,NY,10021-0000,Private      ,0,6,6,9,21,30
00280800,DAEMEN COLLEGE                          ,NY,14226-3592,Private      ,452,355,807,2177,679,2856
00281000,THE SAGE COLLEGES                       ,NY,12180-4199,Private      ,319,599,918,1434,1499,2933
00281200,TROCAIRE COLLEGE                        ,NY,14220-2094,Private      ,236,713,949,493,1123,1616
00281300,SARAH LAWRENCE COLLEGE                  ,NY,10708-5999,Private      ,130,99,229,1670,667,2337
00281400,SKIDMORE COLLEGE                        ,NY,12866-1632,Private      ,544,23,567,3715,86,3801
00281401,SKIDMORE COLL-UNIV WITHOUT WALLS        ,NY,12866-0000,Private      ,1,3,4,31,4,35
00281500,ST BERNARDS SCH THEOLOGY & MINISTRY     ,NY,14618-3822,Private      ,1,10,11,2,33,35
00281600,SIENA COLLEGE                           ,NY,12211-1462,Private      ,1046,95,1141,6224,246,6470
00281700,ST BONAVENTURE UNIVERSITY               ,NY,14778-2284,Private      ,367,206,573,2543,463,3006
00282000,ST FRANCIS COLLEGE                      ,NY,11201-4398,Private      ,601,175,776,1937,322,2259
00282100,ST JOHN FISHER COLLEGE                  ,NY,14618-3597,Private      ,589,704,1293,4385,1549,5934
00282200,CHRIST THE KING SEMINARY                ,NY,14052-0607,Private      ,0,3,3,1,7,8
00282300,ST JOHN'S UNIVERSITY                    ,NY,11439-1343,Private      ,3059,1869,4928,22771,6090,28861
00282500,ST JOSEPH'S COLLEGE                     ,NY,11205-3688,Private      ,296,270,566,1043,419,1462
00282501,ST JOSEPH'S COLLEGE-SUFFOLK CAMPUS      ,NY,11772-0000,Private      ,981,527,1508,2533,919,3452
00282600,ST JOSEPH'S SEMINARY                    ,NY,10704-0000,Private      ,1,2,3,1,2,3
00282900,ST LAWRENCE UNIVERSITY                  ,NY,13617-1455,Private      ,517,45,562,2897,112,3009
00283200,ST THOMAS AQUINAS COLLEGE               ,NY,10976-1050,Private      ,486,122,608,1730,239,1969
00283300,ST VLADIMIR ORTHODOX THEOL SEM          ,NY,10707-0000,Private      ,0,20,20,1,43,44
00283400,EXCELSIOR COLLEGE                       ,NY,12203-5159,Private      ,93,2118,2211,135,3749,3884
00283500,SUNY AT ALBANY                          ,NY,12222-0001,Public       ,4027,1928,5955,19573,4382,23955
00283600,BINGHAMTON UNIVERSITY (SUNY)            ,NY,13902-6000,Public       ,2505,944,3449,22340,2572,24912
00283700,SUNY AT BUFFALO                         ,NY,14260-0001,Public       ,2983,2433,5416,21826,8648,30474
00283800,SUNY AT STONY BROOK                     ,NY,11794-0001,Public       ,3661,2434,6095,23426,6258,29684
00283900,SUNY-DOWNSTATE MEDICAL CENTER           ,NY,11203-2098,Public       ,44,655,699,128,1898,2026
00284000,SUNY UPSTATE MEDICAL UNIVERSITY         ,NY,13210-2375,Public       ,45,241,286,194,1270,1464
00284100,SUNY BROCKPORT - FIN AID OFF            ,NY,14420-2914,Public       ,1832,1047,2879,8863,2338,11201
00284200,BUFFALO STATE COLLEGE - SUNY            ,NY,14222-1095,Public       ,3134,2127,5261,11287,4096,15383
00284300,SUNY COLLEGE-CORTLAND                   ,NY,13045-0900,Public       ,1534,543,2077,11197,1381,12578
00284400,SUNY AT FREDONIA                        ,NY,14063-1145,Public       ,1278,316,1594,7059,863,7922
00284500,SUNY GENESEO                            ,NY,14454-1401,Public       ,1155,203,1358,8766,507,9273
00284600,SUNY COLLEGE-NEW PALTZ                  ,NY,12561-2499,Public       ,1734,756,2490,11520,1899,13419
00284700,SUNY COLLEGE-ONEONTA                    ,NY,13820-4015,Public       ,1615,247,1862,10096,703,10799
00284800,SUNY OSWEGO                             ,NY,13126-3599,Public       ,1817,681,2498,9891,1801,11692
00284900,SUNY COLLEGE AT PLATTSBURGH             ,NY,12901-2681,Public       ,1590,535,2125,6686,1183,7869
00285000,SUNY COLLEGE-POTSDAM                    ,NY,13676-2294,Public       ,961,388,1349,4727,826,5553
00285100,SUNY COLLEGE OF ENVIRONMENT SCIENCE AND ,NY,13210-2778,Public       ,284,141,425,2056,502,2558
00285300,SUNY MARITIME COLLEGE                   ,NY,10465-4198,Public       ,378,126,504,1421,251,1672
00285400,SUNY COLLEGE OF TECHNOLOGY-ALFRED       ,NY,14802-9951,Public       ,1199,369,1568,3700,731,4431
00285500,SUNY CANTON COLG OF TECHNOLOGY          ,NY,13617-1098,Public       ,717,449,1166,2768,1187,3955
00285600,SUNY AG & TECH COLLEGE-COBLESKILL       ,NY,12043-9986,Public       ,811,176,987,2614,371,2985
00285700,SUNY DELHI                              ,NY,13753-1190,Public       ,967,305,1272,3196,644,3840
00285800,SUNY FARMINGDALE                        ,NY,11735-1021,Public       ,1609,762,2371,5021,1481,6502
00285900,SUNY COLLEGE OF AG & TECH AT MORRISVILLE,NY,13408-0901,Public       ,1081,463,1544,3184,820,4004
00286000,ADIRONDACK COMMUNITY COLLEGE            ,NY,12804-2004,Public       ,696,633,1329,1409,1132,2541
00286100,CAYUGA COMMUNITY COLLEGE                ,NY,13021-3099,Public       ,679,796,1475,1321,1385,2706
00286200,BROOME COMMUNITY COLLEGE                ,NY,13902-0000,Public       ,1179,960,2139,2635,1824,4459
00286300,CORNING COMMUNITY COLLEGE               ,NY,14830-3297,Public       ,637,693,1330,1337,1329,2666
00286400,DUTCHESS COMMUNITY COLLEGE              ,NY,12601-1595,Public       ,1215,759,1974,2255,1377,3632
00286600,FASHION INSTITUTE OF TECHNOLOGY         ,NY,10001-5992,Public       ,1358,948,2306,7264,2688,9952
00286700,SUNY FULTON MONTGOMERY COMM CLG         ,NY,12095-3790,Public       ,457,424,881,929,717,1646
00286800,HUDSON VALLEY COMMUNITY COLLEGE         ,NY,12180-6096,Public       ,2673,1871,4544,5412,3154,8566
00286900,JAMESTOWN COMMUNITY COLLEGE             ,NY,14702-0020,Public       ,824,673,1497,2241,1504,3745
00287000,JEFFERSON COMMUNITY COLLEGE             ,NY,13601-1897,Public       ,469,700,1169,1015,1174,2189
00287100,"SUNY, MOHAWK VALLEY COMMUNITY CLG       ",NY,13501-5394,Public       ,1532,1184,2716,3285,2260,5545
00287200,MONROE COMMUNITY COLLEGE                ,NY,14623-5780,Public       ,3227,3192,6419,7022,5695,12717
00287300,NASSAU COMMUNITY COLLEGE                ,NY,11530-6793,Public       ,3896,2195,6091,7887,3703,11590
00287400,NIAGARA COUNTY COMMUNITY COLLEGE        ,NY,14132-9460,Public       ,1446,980,2426,3256,2175,5431
00287500,ONONDAGA COMMUNITY COLLEGE              ,NY,13215-4585,Public       ,2020,1608,3628,4882,2767,7649
00287600,ORANGE COUNTY COMMUNITY COLLEGE         ,NY,10940-6441,Public       ,1158,925,2083,2108,1542,3650
00287700,ROCKLAND COMMUNITY COLLEGE              ,NY,10901-3611,Public       ,855,757,1612,1504,1117,2621
00287800,SUFFOLK COMMUNITY COLLEGE               ,NY,11784-2899,Public       ,2841,1548,4389,5608,2576,8184
00287801,SUFFOLK COMMUNITY CLG-W. CAMPUS         ,NY,11717-0000,Public       ,1212,892,2104,2272,1521,3793
00287803,SUFFOLK COMMUNITY CLG-EASTRN CAMPUS     ,NY,11901-0000,Public       ,365,328,693,713,502,1215
00287900,SULLIVAN COUNTY COMMUNITY COLLEGE       ,NY,12759-5151,Public       ,450,322,772,1044,523,1567
00288000,ULSTER COUNTY COMMUNITY COLLEGE         ,NY,12484-0557,Public       ,480,389,869,854,602,1456
00288100,SUNY WESTCHESTER COMMUNITY COLLEGE      ,NY,10595-1698,Public       ,2058,1810,3868,3676,2777,6453
00288200,SYRACUSE UNIVERSITY                     ,NY,13244-2130,Private      ,2812,1436,4248,21172,5638,26810
00288300,UTICA COLLEGE OF SYRACUSE UNIV          ,NY,13502-4892,Private      ,570,563,1133,3362,1373,4735
00288500,ALBANY COLLEGE OF PHARMACY AND HEALTH SC,NY,12208-3492,Private      ,79,125,204,1515,784,2299
00288600,ALBANY LAW SCHOOL                       ,NY,12208-0000,Private      ,17,433,450,53,1580,1633
00288700,ALBANY MEDICAL COLLEGE                  ,NY,12208-0000,Private      ,21,194,215,82,993,1075
00288900,UNION COLLEGE                           ,NY,12308-2311,Private      ,177,30,207,3311,118,3429
00289000,UNION THEOLOGICAL SEMINARY              ,NY,10027-0000,Private      ,0,47,47,0,316,316
00289200,UNITED STATES MERCHANT MARINE ACADEMY   ,NY,11024-1699,Public       ,104,7,111,349,12,361
00289400,UNIVERSITY OF ROCHESTER                 ,NY,14627-9000,Private      ,980,637,1617,7950,1552,9502
00289401,EASTMAN SCH OF MUSIC/UNIV ROCHESTER     ,NY,14604-0000,Private      ,90,98,188,749,383,1132
00289402,UNIV OF ROCHESTER SCHL OF MEDICINE      ,NY,14642-0000,Private      ,9,268,277,54,661,715
00289500,VASSAR COLLEGE                          ,NY,12604-0008,Private      ,595,24,619,4910,101,5011
00289600,VILLA MARIA COLLEGE-BUFFALO             ,NY,14225-3999,Private      ,159,120,279,403,208,611
00289900,WAGNER COLLEGE                          ,NY,10301-4495,Private      ,433,141,574,2510,343,2853
00290000,WEBB INSTITUTE                          ,NY,11542-1398,Private      ,6,1,7,49,7,56
00290100,WELLS COLLEGE                           ,NY,13026-0500,Private      ,136,24,160,1363,87,1450
00290300,YESHIVA UNIVERSITY                      ,NY,10033-3201,Private      ,617,936,1553,1914,3230,5144
00290302,YESHIVA UNIVERSITY - BRONX CAMPUS       ,NY,10461-1975,Private      ,9,445,454,24,1148,1172
00397400,MESIVTHA TIFERETH JERUSALEM OF AMER     ,NY,10002-6382,Private      ,2,1,3,3,1,4
00397600,RABBINICAL ACAD MESIVTA RABBI CHAIM     ,NY,11230-4715,Private      ,2,0,2,3,1,4
00397700,RABBINICAL COLLEGE CH'SAN SOFER         ,NY,11204-1252,Private      ,0,1,1,0,1,1
00397800,RABBINICAL SEMINARY OF AMERICA          ,NY,11375-0000,Private      ,8,1,9,11,1,12
00397900,COLUMBIA UNIV TEACHERS COLLEGE          ,NY,10027-0000,Private      ,12,1007,1019,45,4163,4208
00405400,HEBREW UNION COL-JEWISH INST OF REL     ,NY,10012-0000,Private      ,0,54,54,3,71,74
00455301,ITT TECHNICAL INSTITUTE                 ,NY,12205-0000,Proprietary  ,78,234,312,139,295,434
00475900,"CUNY, YORK COLLEGE                      ",NY,11451-0001,Public       ,3170,2131,5301,8594,3750,12344
00476500,CUNY GRADUATE SCH & UNIV CTR            ,NY,10016-4309,Public       ,38,982,1020,85,2421,2506
00477600,CENTRAL YESHIVA TOMCHEI TMIMIM LUBA     ,NY,11230-2798,Private      ,9,1,10,14,3,17
00478800,HERKIMER COUNTY COMMUNITY COLLEGE       ,NY,13350-1598,Public       ,985,529,1514,2489,981,3470
00479800,MIRRER YESHIVA CENTRAL INST             ,NY,11223-2010,Private      ,2,12,14,4,12,16
00479900,MONROE COLLEGE                          ,NY,10468-4305,Proprietary  ,1104,1959,3063,1949,2590,4539
00481100,EVEREST INSTITUTE                       ,NY,14621-3007,Proprietary  ,128,685,813,200,1306,1506
00506400,SAINT JAMES MERCY HOSPITAL SCHOOL OF RAD,NY,14843-2197,Private      ,5,8,13,12,14,26
00506600,FAXTON ST. LUKE'S SCHOOL OF RADIOGRAPHY ,NY,13502-4856,Private      ,9,25,34,21,38,59
00520800,THE COLLEGE OF WESTCHESTER              ,NY,10602-0000,Proprietary  ,334,292,626,588,439,1027
00587700,ROBERT J HOCHSTIM SCHOOL OF RADIOG      ,NY,11572-1151,Private      ,1,5,6,1,9,10
00643501,ARNOT OGDEN MEDICAL CENTER              ,NY,14905-1676,Private      ,12,23,35,35,41,76
00643800,PHILLIPS BETH ISRAEL SCH OF NURSING     ,NY,10001-6354,Private      ,41,142,183,80,264,344
00644300,COCHRAN SCH NSG-ST JOHN RVSDE HOSP      ,NY,10701-1399,Private      ,10,159,169,29,236,265
00644500,CROUSE HOSP SCH OF NURSING              ,NY,13210-1690,Private      ,38,108,146,105,200,305
00644800,ELLIS HOSPITAL SCHOOL OF NURSING        ,NY,12308-0000,Private      ,15,85,100,40,124,164
00646101,ST ELIZABETH COLLEGE OF NURSING         ,NY,13501-2998,Private      ,43,101,144,113,214,327
00646102,ST ELIZABETH SCH OF RADIOGRAPHY         ,NY,13501-0000,Private      ,6,17,23,15,31,46
00646700,SAINT JOSEPH'S COLLEGE OF NURSING       ,NY,13203-1806,Private      ,47,108,155,175,250,425
00678200,GENESEE COMMUNITY COLLEGE               ,NY,14020-9704,Public       ,971,906,1877,2141,1615,3756
00678500,SCHENECTADY COUNTY COMMUNITY CLG        ,NY,12305-2294,Public       ,692,810,1502,1298,1303,2601
00678700,CLINTON COMMUNITY COLLEGE               ,NY,12901-5690,Public       ,494,326,820,1070,580,1650
00678800,TOMPKINS CORTLAND COMMUNITY COLLEGE     ,NY,13053-8504,Public       ,922,572,1494,2269,1104,3373
00678900,COLUMBIA-GREENE COMMUNITY COLLEGE       ,NY,12534-9543,Public       ,302,272,574,628,504,1132
00679100,SUNY AT PURCHASE                        ,NY,10577-1400,Public       ,1090,291,1381,6896,793,7689
00702200,CUNY-LEHMAN COLLEGE                     ,NY,10468-1589,Public       ,3472,3705,7177,10805,6933,17738
00702600,"MT SINAI SCH OF MEDICINE, NY UNIV       ",NY,10029-0000,Private      ,4,343,347,9,978,987
00710900,SUNY COLLEGE-OLD WESTBURY               ,NY,11568-0210,Public       ,1486,769,2255,5062,1485,6547
00711100,NORTH COUNTRY COMMUNITY COLLEGE         ,NY,12983-2046,Public       ,254,215,469,547,443,990
00726400,MESIFTA TORAH VODAATH RABBINCAL SEM     ,NY,11218-5209,Private      ,1,1,2,2,2,4
00727300,CUNY-BERNARD BARUCH COLLEGE             ,NY,10010-5518,Public       ,3933,3193,7126,14893,6527,21420
00730400,CULINARY INSTITUTE OF AMERICA           ,NY,12538-1499,Private      ,850,452,1302,2729,1142,3871
00737200,AUSTIN'S SCHOOL OF SPA TECHNOLOGY       ,NY,12206-1513,Proprietary  ,61,113,174,90,190,280
00737500,ISLAND DRAFTING & TECHNICAL INST        ,NY,11701-2704,Proprietary  ,40,42,82,53,65,118
00738700,LONG ISLAND BEAUTY SCHOOL               ,NY,11788-4346,Proprietary  ,21,38,59,26,45,71
00738800,LONG ISLAND BEAUTY SCHOOL               ,NY,11550-3704,Proprietary  ,13,47,60,15,63,78
00739100,BEAUTY SCHOOL OF MIDDLETOWN             ,NY,10940-6574,Proprietary  ,8,17,25,12,23,35
00739400,BERKELEY COLLEGE                        ,NY,10017-0000,Proprietary  ,1222,1516,2738,2200,2295,4495
00739402,BERKELEY COLLEGE-WESTCHESTER CAMPUS     ,NY,10601-1533,Proprietary  ,336,241,577,653,370,1023
00739800,KATHARINE GIBBS SCHOOL                  ,NY,10018-2602,Proprietary  ,0,0,0,4,2,6
00740100,MANDL SCHOOL                            ,NY,10019-5516,Proprietary  ,91,409,500,102,444,546
00740500,WOOD TOBE-COBURN SCHOOL                 ,NY,10016-0102,Proprietary  ,339,71,410,526,115,641
00746500,AMERICAN ACADEMY OF DRAMATIC ARTS       ,NY,10016-7089,Private      ,144,90,234,452,204,656
00746600,LIM COLLEGE                             ,NY,10022-5268,Proprietary  ,431,76,507,1693,190,1883
00746800,SCHOOL OF VISUAL ARTS                   ,NY,10010-3994,Proprietary  ,720,390,1110,3819,1512,5331
00750602,LINCOLN TECHNICAL INSTITUTE             ,NY,11357-6092,Proprietary  ,175,124,299,301,225,526
00751800,APEX TECHNICAL SCHOOL                   ,NY,10011-2008,Proprietary  ,240,625,865,356,933,1289
00752200,CONTINENTAL SCH OF BEAUTY CULTURE       ,NY,14623-3231,Proprietary  ,51,112,163,69,140,209
00753200,FINGER LAKES COMMUNITY COLLEGE          ,NY,14424-8395,Public       ,1127,798,1925,2925,1699,4624
00757200,AMERICAN MUSICAL AND DRAMATIC ACAD      ,NY,10023-2106,Private      ,524,115,639,1583,294,1877
00757300,EMPIRE BEAUTY SCHOOL                    ,NY,11103-4028,Proprietary  ,40,129,169,59,155,214
00780400,STAR CAREER ACADEMY                     ,NY,10011-7307,Proprietary  ,42,223,265,84,381,465
00818900,CONTINENTAL SCHOOL OF BEAUTY CULTURE - B,NY,14224-3402,Proprietary  ,5,6,11,14,24,38
00818903,CONTINENTAL SCHOOL OF BEAUTY CULTURE - B,NY,14223-2911,Proprietary  ,2,2,4,2,2,4
00843700,CHAMPLAIN VALLEY - TEC/PRN              ,NY,12901-0000,Public       ,5,15,20,13,31,44
00849500,JAMESTOWN BUSINESS COLLEGE              ,NY,14702-0429,Proprietary  ,60,89,149,150,218,368
00861100,"CUNY, HOSTOS CMTY COLLEGE               ",NY,10451-1499,Public       ,2344,2460,4804,4638,3978,8616
00861400,RABBINICAL CLG BOBOVER YESHIVA BNEI     ,NY,11219-3293,Private      ,0,1,1,0,2,2
00878800,SUNY-STUDENT LOAN SERVICE CENTER        ,NY,12144-3440,Public       ,2,1,3,11,10,21
00900300,OLEAN BUSINESS INSTITUTE INC            ,NY,14760-2691,Proprietary  ,6,28,34,10,69,79
00902900,NEIGHBORHOOD PLAYHOUSE                  ,NY,10022-5017,Private      ,8,30,38,21,50,71
00904300,ELMIRA BUSINESS INSTITUTE               ,NY,14901-2731,Proprietary  ,56,320,376,86,612,698
00907700,UTICA SCHOOL OF COMMERCE                ,NY,13501-2280,Proprietary  ,68,267,335,107,348,455
00924800,SAMARITAN HOSPITAL SCH NURSING          ,NY,12180-2475,Private      ,20,65,85,43,144,187
00928300,MIDWAY-PARIS BEAUTY SCHOOL              ,NY,11385-3453,Proprietary  ,2,12,14,3,14,17
00928400,LEARNING INST FOR BEAUTY SCIENCES       ,NY,11756-1345,Proprietary  ,18,25,43,23,32,55
00933500,MESIVTA EASTERN PKWY RABBINICAL CLG     ,NY,11218-5559,Private      ,0,2,2,1,2,3
00947900,SAINT VINCENTS CMC SI NURSING SCHOOL    ,NY,10304-3850,Proprietary  ,39,119,158,62,158,220
00976900,METROPOLITAN COLLEGE OF NEW YORK        ,NY,10013-1919,Private      ,73,613,686,136,1141,1277
00992900,SUNY COLLEGE OF OPTOMETRY               ,NY,10036-8003,Public       ,4,128,132,18,325,343
01005100,LA GUARDIA CMTY COLLEGE - CUNY          ,NY,11101-3083,Public       ,4616,3683,8299,9484,6340,15824
01005200,JEFFERSON-LEWIS BOCES PRAC NRSGPRG      ,NY,13601-9509,Public       ,9,66,75,11,90,101
01009700,CUNY-MEDGAR W EVERS COLLEGE             ,NY,11225-2010,Public       ,1863,2243,4106,4284,3892,8176
01014200,TOURO COLLEGE                           ,NY,10010-4202,Private      ,1350,4364,5714,2054,7005,9059
01014700,WESTERN SUFFOLK BOCES                   ,NY,11768-3499,Public       ,36,99,135,59,181,240
01015300,HELENE FULD COL OF NRSNG/N GEN HOSP     ,NY,10035-0000,Private      ,9,199,208,23,308,331
01028600,EMPIRE STATE COLLEGE                    ,NY,12866-4391,Public       ,285,3665,3950,561,8212,8773
01037800,RABBINICAL COLLEGE OF LONG ISLAND       ,NY,11561-3244,Private      ,0,1,1,2,1,3
01055100,NEW YORK SCH MED & DENTAL ASSISTANT     ,NY,11101-2327,Proprietary  ,37,95,132,61,182,243
01064100,SOUTHERN WESTCHESTER BOCES              ,NY,10543-0000,Public       ,2,37,39,9,58,67
01068400,ERIE COMMUNITY COLLEGE-ALL CAMPUSES     ,NY,14203-2698,Public       ,3000,3064,6064,5477,4858,10335
01081300,AMERICAN ACAD MCALLISTER INST           ,NY,10019-3604,Private      ,42,150,192,72,283,355
01083700,SIMMONS INST OF FUNERAL SERVICE         ,NY,13207-2098,Proprietary  ,13,10,23,24,30,54
01093000,SUBURBAN TECHNICAL SCHOOL               ,NY,11550-3771,Proprietary  ,23,264,287,28,273,301
01095200,PNW BOCES LPN PROGRAM                   ,NY,10598-0000,Public       ,1,12,13,4,38,42
01103100,TECHNICAL CAREER INSTITUTE              ,NY,10001-2789,Proprietary  ,897,2118,3015,1064,2954,4018
01119200,BETH HAMEDRASH SHAAREI YOSHER INST      ,NY,11204-1052,Private      ,1,0,1,1,0,1
01161400,CHAMPLAIN VALLEY HOSP SCH RAD TECH      ,NY,12901-1490,Private      ,10,8,18,23,16,39
01161700,NEW YORK METHODIST HOSPITAL             ,NY,11229-9023,Private      ,32,78,110,47,139,186
01164700,SBI CAMPUS - AN AFFILIATE OF SANFORD-BRO,NY,11747-3785,Proprietary  ,111,233,344,142,323,465
01167700,MEMORIAL SLOAN KETTERING CANCER CTR     ,NY,10021-6094,Private      ,3,7,10,3,14,17
01167800,SUNY INST OF TECHNOLOGY UTICA ROME      ,NY,13504-3050,Public       ,430,477,907,1567,854,2421
01182100,YESHIVATH ZICHRON MOSHE                 ,NY,12779-0580,Private      ,1,1,2,1,1,2
01183000,BERK TRADE AND BUSINESS SCHOOL          ,NY,11101-0000,Proprietary  ,9,25,34,12,43,55
01185900,WORD OF LIFE BIBLE INSTITUTE            ,NY,12860-0129,Private      ,152,20,172,419,47,466
01186000,MERCY MED CNTR SCHL OF RADIOGRAPHY      ,NY,11570-1098,Private      ,3,10,13,6,19,25
01192100,WESTCHESTER SCH OF BEAUTY CULTURE       ,NY,10550-2295,Proprietary  ,0,28,28,1,31,32
01192200,BETH HATALMUD RABBINICAL CLG            ,NY,11214-2594,Private      ,1,0,1,1,0,1
01198400,OHR HAMEIR THEOLOGICAL SEMINARY         ,NY,10566-0990,Private      ,33,0,33,35,0,35
01201100,TALMUDICAL SEM OHOLEI TORAH             ,NY,11213-3310,Private      ,2,1,3,8,1,9
01207200,PHILLIPS HAIRSTYLING INSTITUTE          ,NY,13210-1509,Proprietary  ,10,24,34,19,43,62
01210700,INSTITUTE OF DESIGN & CONSTRUCTION      ,NY,11201-5380,Private      ,8,44,52,23,77,100
01220300,MEMORIAL HOSPITAL SCH OF NURSING        ,NY,12204-1083,Private      ,18,46,64,46,122,168
01227700,NEW YORK CHIROPRACTIC COLLEGE           ,NY,13148-0800,Private      ,6,252,258,18,626,644
01229300,VEEB NASSAU CNTY SCHL OF PRACT NURS     ,NY,11553-3037,Public       ,27,114,141,36,154,190
01235800,PLAZA COLLEGE                           ,NY,11372-6300,Proprietary  ,107,363,470,114,373,487
01236400,SAINT VINCENTS CATHOLIC MEDICAL CENTERS ,NY,11354-0000,Proprietary  ,12,79,91,25,111,136
01240700,SCHUYLER-CHEMUNG-TIOGA BOCES            ,NY,14903-1089,Public       ,3,54,57,14,140,154
01240701,STEUBEN SCHUYLER CHEMUNG TIOGA ALLEGANY ,NY,14870-9518,Public       ,0,1,1,0,3,3
01256100,FIVE TOWNS COLLEGE                      ,NY,11746-5871,Proprietary  ,492,123,615,1214,227,1441
01258900,ERIE 1 BOCES                            ,NY,14224-0000,Public       ,21,93,114,27,123,150
01265200,ONONDAGA CORTLAND MADISON BOCES         ,NY,13090-4500,Public       ,67,348,415,121,560,681
01278300,OSWEGO COUNTY BOCES ADULT CAREERS       ,NY,13114-4498,Public       ,5,35,40,29,48,77
01292700,CENTRAL TECH NURSING PROGRAM            ,NY,13202-3092,Public       ,9,45,54,15,68,83
01302600,MACHZIKEI HADATH RABBINICAL COLLEGE     ,NY,11204-1805,Private      ,0,1,1,1,1,2
01302900,BORICUA COLLEGE                         ,NY,10032-1599,Private      ,143,402,545,243,677,920
02056400,CAPRI COSMETOLOGY LEARNING CENTER       ,NY,10954-0000,Proprietary  ,36,64,100,47,76,123
02056401,CAPRI COSMETOLOGY LEARNING CENTER       ,NY,12550-2118,Proprietary  ,6,5,11,6,5,11
02066200,THE NEW SCHOOL                          ,NY,10011-0000,Private      ,760,1443,2203,4814,5151,9965
02069000,NEW YORK SCHOOL OF INTERIOR DESIGN      ,NY,10021-0000,Private      ,50,176,226,147,322,469
02075700,BRIARCLIFFE COLLEGE                     ,NY,11714-0000,Proprietary  ,229,180,409,784,641,1425
02075702,BRIARCLIFFE COLLEGE - PATCHOGUE         ,NY,11772-3019,Proprietary  ,107,142,249,554,562,1116
02092400,RIDLEY-LOWELL SCHOOL OF BUSINESS        ,NY,13905-0000,Proprietary  ,5,93,98,7,113,120
02093700,LONG ISLAND BUSINESS INSTITUTE          ,NY,11725-0000,Proprietary  ,221,573,794,273,715,988
02093701,LONG ISLAND BUSINESS INSTITUTE - FLUSHIN,NY,11354-4429,Proprietary  ,6,8,14,9,18,27
02098400,HERKIMER COUNTY BOCES                   ,NY,13350-0000,Public       ,16,57,73,33,86,119
02104300,OTSEGO AREA SCHOOL OF PRAC NURSING      ,NY,12167-0000,Public       ,2,1,3,4,3,7
02105900,HAIR DESIGN INSTITUTE AT FIFTH AVE      ,NY,11220-0000,Proprietary  ,29,104,133,37,120,157
02106800,BRAMSON ORT COLLEGE                     ,NY,11375-0000,Private      ,99,259,358,101,278,379
02110900,CATTARAUGUS/ALLEGANY BOCES              ,NY,14760-0000,Public       ,9,65,74,16,90,106
02112301,RIDLEY - LOWELL BUSINESS & TECHNICAL INS,NY,12601-3328,Proprietary  ,4,80,84,6,90,96
02116011,SANFORD-BROWN INSTITUTE - NEW YORK      ,NY,10003-2103,Proprietary  ,274,668,942,411,1116,1527
02118700,LONG ISLAND COLLEGE HOSPITAL - SCHOOL OF,NY,11201-6001,Private      ,41,143,184,96,271,367
02118702,LONG ISLAND COLLEGE HOSPITAL - SCHOOL OF,NY,11201-6001,Private      ,38,86,124,104,182,286
02124000,ORANGE ULSTER BOCES SCH OF PRAC NRS     ,NY,10924-9401,Public       ,15,78,93,18,105,123
02125500,CIRCLE IN THE SQUARE THEATRE SCHOOL     ,NY,10019-0000,Private      ,21,22,43,41,37,78
02126300,MADISON-ONEIDA BOCES PRAC NRS           ,NY,13478-0000,Public       ,11,59,70,16,77,93
02138500,BOCES RENSSELAER SCH OF PRAC NRSG       ,NY,12033-3221,Public       ,4,27,31,8,38,46
02145800,CAYUGA ONONDAGA BOCES                   ,NY,13021-9430,Public       ,5,36,41,11,58,69
02146000,WAYNE-FINGER LAKES BOCES                ,NY,14513-0000,Public       ,14,94,108,19,109,128
02152000,YESHIVA SHAAR HATORAH ITRI TORAH        ,NY,11418-0000,Private      ,0,0,0,4,0,4
02153600,BROOME-TIOGA BOCES PN PROG              ,NY,13905-0000,Public       ,14,100,114,22,136,158
02157900,ROCHESTER GENERAL HOSPITAL              ,NY,14621-3001,Private      ,15,61,76,23,101,124
02158200,WSHNGTN-SARTGA-WARN-HMLTN-ESX BOCES     ,NY,12839-1051,Public       ,22,73,95,23,83,106
02160100,GENEVA GENERAL HOSPITAL                 ,NY,14456-0000,Private      ,14,70,84,21,112,133
02163400,NEW YORK CAREER INSTITUTE               ,NY,10007-2801,Proprietary  ,120,373,493,149,498,647
02169100,DAVIS COLLEGE                           ,NY,13790-0000,Private      ,82,32,114,148,66,214
02170000,SWEDISH INSTITUTE                       ,NY,10001-0000,Proprietary  ,40,215,255,69,418,487
02170200,ALBANY SCHOHARIE SCHENECTADY            ,NY,12205-0000,Public       ,17,48,65,40,67,107
02171900,AILEY SCHOOL (THE)                      ,NY,10019-4402,Private      ,32,23,55,110,48,158
02172100,HAMILTON-FULTON-MONTGOMERY BOCES        ,NY,12095-0665,Public       ,18,40,58,40,56,96
02172800,DUTCHESS COUNTY BOCES SCH PRAC NURS     ,NY,12601-0000,Public       ,15,55,70,30,90,120
02173200,EMPIRE BEAUTY SCHOOL                    ,NY,10001-0000,Proprietary  ,165,376,541,225,540,765
02173201,LEARNING INSTITUTES FOR BEAUTY SCIENCES-,NY,11214-4347,Proprietary  ,2,4,6,5,14,19
02173900,ULSTER COUNTY BOCES PRACTICAL NRSG      ,NY,12466-0000,Public       ,17,70,87,17,89,106
02176000,CHERYL FELL'S SCHOOL OF BUSINESS        ,NY,14304-0000,Proprietary  ,1,43,44,5,45,50
02179400,EASTERN SUFFOLK BOCES                   ,NY,11713-0000,Public       ,124,252,376,152,325,477
02182200,NEW SCHOOL OF RADIO & TELEVISION        ,NY,12206-1106,Proprietary  ,10,13,23,25,31,56
02187300,DARKEI NOAM RABBINICAL COLLEGE          ,NY,11210-0000,Private      ,0,0,0,1,3,4
02191600,TORAH TEMIMAH TALMUDICAL SEMINARY       ,NY,11218-0000,Private      ,16,0,16,16,1,17
02192500,BELLEVUE HOSP CTR SCH RAD TECH          ,NY,10016-0000,Public       ,11,18,29,14,35,49
02193700,SAINT LAWRENCE LEWIS COUNTY BOCES       ,NY,13617-0000,Public       ,0,0,0,21,2,23
02199300,ORLEANS-NIAGARA BOCES                   ,NY,14132-0000,Public       ,8,28,36,9,56,65
02206000,HUNTER BUSINESS SCHOOL                  ,NY,11756-0000,Proprietary  ,64,243,307,142,361,503
02217800,D.HOPFER SCH NURSING AT MT.VRN HOSP     ,NY,10550-0000,Private      ,18,103,121,32,178,210
02219500,MILDRED ELLEY                           ,NY,12206-1513,Proprietary  ,169,640,809,288,1310,1598
02235600,ERIE 2-CHAUTAUQUA-CATTARAUGUS BOCES     ,NY,14006-0000,Public       ,1,32,33,3,37,40
02256700,KOL YAAKOV TORAH CENTER                 ,NY,10952-0000,Private      ,0,1,1,0,1,1
02265100,YESHIVA DERECH CHAIM                    ,NY,11218-0000,Private      ,1,0,1,1,0,1
02265200,GLOBAL BUSINESS INSTITUTE               ,NY,11691-0000,Private      ,148,591,739,151,593,744
02272900,ROCKLAND COUNTY BOCES PRAC NRSG SCH     ,NY,10994-0000,Public       ,9,69,78,11,76,87
02275900,"MODERN WELDING SCHOOL, INC.             ",NY,12304-0000,Proprietary  ,13,32,45,19,49,68
02287800,NATIONAL TRACTOR TRAILER SCHOOL         ,NY,13088-2505,Proprietary  ,9,133,142,9,147,156
02294900,INSTITUTE OF AUDIO RESEARCH             ,NY,10003-0000,Proprietary  ,131,143,274,215,229,444
02306500,PROFESSIONAL BUSINESS INSTITUTE         ,NY,10002-0000,Private      ,189,362,551,202,387,589
02314200,NORTHERN WESTCHESTER SCH COSMETOL       ,NY,10566-0000,Proprietary  ,1,5,6,1,6,7
02325600,NEW YORK INSTITUTE OF ENGLISH & BUS     ,NY,10001-0000,Private      ,40,90,130,52,132,184
02491400,SPANISH AMERICAN INSTITUTE              ,NY,10036-0000,Private      ,0,1,1,1,6,7
02505800,YESHIVA KARLIN STOLIN RAB INSTITUTE     ,NY,11204-0000,Private      ,0,1,1,0,1,1
02505900,SH-OR YOSHUV RABBINICAL COLLEGE         ,NY,11691-0000,Private      ,3,0,3,4,0,4
02506000,ASSOCIATED BETH RIVKAH SCHOOLS          ,NY,11225-0000,Private      ,11,3,14,16,4,20
02506100,CITY UNIV OF NEW YORK-CENTRAL           ,NY,10021-0000,Public       ,219,162,381,914,464,1378
02506200,MERCE CUNNINGHAM STUDIO                 ,NY,10014-0000,Private      ,2,0,2,3,2,5
02506800,YESHIVAT MIKDASH MELECH                 ,NY,11230-0000,Private      ,9,2,11,11,2,13
02511500,JOFFREY BALLET SCHOOL                   ,NY,10011-0000,Proprietary  ,32,2,34,48,4,52
02513500,MAR JON SCHOOL OF BEAUTY CULTURE        ,NY,14150-0000,Proprietary  ,4,21,25,6,25,31
02525600,ART INSTITUTE OF NEW YORK CITY (THE)    ,NY,10013-2429,Proprietary  ,744,462,1206,1613,859,2472
02540800,"GLOBE INSTITUTE OF TECHNOLOGY, INC.     ",NY,10007-0000,Proprietary  ,170,167,337,217,208,425
02546000,TRI-STATE COLLEGE OF ACUPUNCTURE        ,NY,10011-0000,Proprietary  ,0,85,85,1,111,112
02546300,YESHIVA OF THE TELSHE ALUMNI            ,NY,10471-0000,Private      ,0,0,0,1,1,2
02550600,TALMUDICAL INST OF UPSTATE NY           ,NY,14607-0000,Private      ,0,1,1,1,3,4
02556700,SEMINAR L'MOROS BAIS YAAKOV             ,NY,11219-0000,Private      ,140,0,140,150,0,150
02572900,BUSINESS INFORMATICS CENTER             ,NY,11580-0000,Proprietary  ,1,17,18,4,27,31
02575400,FRENCH CULINARY INSTITUTE               ,NY,10013-2618,Proprietary  ,118,307,425,240,583,823
02587600,ORLO SCH HAIR DESIGN & COSMETOLOGY      ,NY,12206-1723,Proprietary  ,23,24,47,29,34,63
02599400,NEW YORK COLLEGE OF HEALTH PROFESSIONS  ,NY,11791-4413,Private      ,61,166,227,139,533,672
02600100,NEW YORK ACADEMY OF ART (THE)           ,NY,10013-2911,Private      ,21,52,73,66,180,246
02614900,SANFORD-BROWN INSTITUTE                 ,NY,10604-2910,Proprietary  ,77,257,334,113,420,533
02615001,SANFORD-BROWN COLLEGE - SANFORD-BROWN IN,NY,11530-4734,Proprietary  ,22,53,75,34,89,123
02616600,SHEAR EGO INTL SCH OF HAIR DESIGN       ,NY,14617-3501,Proprietary  ,25,42,67,30,62,92
02617000,CONTINENTAL SCH OF BEAUTY CULTURE       ,NY,14020-1908,Proprietary  ,15,12,27,15,13,28
02617001,CONTINENTAL SCHOOL OF BEAUTY CULTURE - O,NY,14760-2618,Proprietary  ,3,4,7,7,8,15
03000100,YESHIVA GEDOLAH IMREI YOSEF DSPINKA     ,NY,11219-4696,Private      ,1,0,1,1,0,1
03007200,DANCE THEATRE OF HARLEM                 ,NY,10031-0000,Private      ,6,5,11,23,15,38
03027701,PACIFIC COLLEGE OF ORIENTAL MEDICINE - N,NY,10010-7108,Proprietary  ,10,192,202,15,303,318
03081600,DELAWARE CHENANGO MADISON OT. BOCES     ,NY,13815-9554,Public       ,6,12,18,12,27,39
03089700,COMPUTER CAREER CENTER                  ,NY,11530-3334,Proprietary  ,69,222,291,82,279,361
03095500,ASA INST BUSINESS & COMPUTER TECH       ,NY,11201-5208,Proprietary  ,827,2198,3025,956,2474,3430
03096200,CHARLES STUART SCHOOL                   ,NY,11229-2004,Proprietary  ,1,9,10,4,13,17
03097801,CARSTEN INSTITUTE                       ,NY,10003-1901,Proprietary  ,4,10,14,9,18,27
03099100,SUNBRIDGE COLLEGE                       ,NY,10977-0000,Private      ,0,0,0,1,1,2
03103700,ADIRONDACK BEAUTY SCHOOL                ,NY,12801-3158,Proprietary  ,7,9,16,12,21,33
03104900,SULLIVAN COUNTY BOCES                   ,NY,12754-2116,Public       ,4,27,31,11,39,50
03115300,GENESEE VALLEY BOCES                    ,NY,14020-1099,Public       ,18,52,70,32,102,134
03120700,NEW YORK CONSERVATORY FOR DRAMATIC ARTS ,NY,10011-4225,Proprietary  ,125,50,175,427,111,538
03169300,STUDIO JEWELERS                         ,NY,10016-4112,Proprietary  ,1,8,9,2,15,17
03181400,MERKAZ BNOS                             ,NY,11204-0000,Private      ,1,29,30,2,31,33
03191300,CUNY SCHOOL OF LAW @ QUEENS COLLEGE     ,NY,11367-0000,Public       ,127,479,606,414,1428,1842
03193300,MANHATTAN SCHOOL OF COMPUTER TECH       ,NY,11230-1617,Private      ,30,198,228,55,288,343
03203300,NEW YORK INSTITUTE OF MASSAGE           ,NY,14221-6021,Proprietary  ,25,45,70,28,77,105
03216300,UNIFICATION THEOLOGICAL SEMINARY        ,NY,12507-5021,Private      ,0,1,1,0,6,6
03315300,HARLEM SCHOOL OF TECHNOLOGY             ,NY,10027-4426,Proprietary  ,7,12,19,15,27,42
03328300,FRANKLIN CAREER INSTITUTE               ,NY,11550-3003,Private      ,44,116,160,58,175,233
03328301,FRANKLIN CAREER INSTITUTE - BROOKLYN    ,NY,11220-3110,Private      ,66,131,197,99,218,317
03342400,AMERICAN BARBER INSTITUTE               ,NY,10001-5271,Proprietary  ,20,37,57,27,59,86
03358300,ALLEN SCHOOL                            ,NY,11432-4901,Proprietary  ,40,289,329,71,472,543
03358301,ALLEN SCHOOL - BROOKLYN                 ,NY,11201-0000,Proprietary  ,54,228,282,87,376,463
03380300,STAR CAREER ACADEMY                     ,NY,11791-5311,Proprietary  ,29,93,122,64,148,212
03419400,NORTHEASTERN SEMINARY                   ,NY,14624-1997,Private      ,1,48,49,9,64,73
03426400,ANTHEM INSTITUTE                        ,NY,10018-0000,Proprietary  ,91,169,260,175,317,492
03433500,LIA SCHORR INSTITUTE OF COSMETIC SK     ,NY,10022-2614,Proprietary  ,2,21,23,7,28,35
03443300,NEW YORK COLLEGE OF TRADITIONAL CHINESE ,NY,11501-0000,Private      ,1,22,23,4,56,60
03496300,YESHIVA SHAAREI TORAH OF ROCKLAND       ,NY,10901-4003,Private      ,1,0,1,1,0,1
03537300,NEW YORK AUTOMOTIVE & DIESEL INSTIT     ,NY,11101-0000,Proprietary  ,53,131,184,71,192,263
03568300,LEON STUDIO ONE SCHOOL OF HAIR DESI     ,NY,14221-5323,Proprietary  ,11,16,27,15,26,41
03651300,SAINT JOSEPH'S MEDICAL CENTER SCHOO     ,NY,10701-4080,Private      ,1,5,6,6,12,18
03652300,METROPOLITAN LEARNING INSTITUTE         ,NY,11374-2101,Private      ,22,438,460,28,564,592
03691300,USA BEAUTY SCHOOL INTERNATIONAL         ,NY,10013-3530,Proprietary  ,16,39,55,18,46,64
03713300,BEIS MEDRASH HEICHAL DOVID              ,NY,11691-4433,Private      ,3,0,3,3,0,3
03773300,CENTER FOR NATURAL WELLNESS SCHOOL OF MA,NY,12205-1601,Proprietary  ,9,43,52,13,68,81
03809400,MICROPOWER CAREER INSTITUTE             ,NY,10001-2812,Proprietary  ,6,86,92,8,91,99
03819400,HUDSON VALLEY SCHOOL OF ADVANCED AESTHET,NY,12493-0000,Proprietary  ,2,13,15,10,16,26
03839300,AVEDA INSTITUTE NEW YORK                ,NY,10013-1522,Proprietary  ,28,102,130,49,181,230
03881300,UNION GRADUATE COLLEGE                  ,NY,12308-3131,Private      ,3,94,97,17,162,179
03903400,AMERICAN BEAUTY SCHOOL                  ,NY,10462-8003,Proprietary  ,27,123,150,45,175,220
03941400,ELITE ACADEMY OF BEAUTY ARTS            ,NY,11223-1630,Proprietary  ,4,20,24,11,24,35
03983300,"SCHOOL OF PROFESSIONAL HORTICULTURE, AT ",NY,10458-5126,Private      ,0,6,6,1,9,10
03988300,"SAE INSTITUTE OF TECHNOLOGY, NEW YORK   ",NY,10001-2915,Proprietary  ,9,16,25,9,16,25
04043300,ACE COMPUTER TRAINING CENTER            ,NY,11375-5337,Proprietary  ,8,27,35,17,57,74
04092401,MAKE-UP DESIGNORY -                     ,NY,10012-0041,Proprietary  ,80,103,183,136,178,314
04095300,KING'S COLLEGE (THE)                    ,NY,10018-0110,Private      ,119,18,137,591,49,640
04115500,TALMUDICAL SEMINARY OF BOBOV            ,NY,11219-3826,Private      ,0,5,5,0,5,5
04117100,EDP SCHOOL OF COMPUTER PROGRAMMING      ,NY,11235-0000,Private      ,2,41,43,4,41,45
04117700,"MONROE 2-ORLEANS BOCES, CENTER FOR WORK ",NY,14624-1119,Public       ,11,38,49,23,60,83
04123200,INSTITUTE OF ALLIED MEDICAL PROFESSIONS ,NY,11373-5541,Private      ,35,152,187,57,247,304
04123300,HUDSON VALLEY SCHOOL OF MASSAGE THERAPY ,NY,12493-0000,Proprietary  ,3,28,31,9,37,46
04125600,CAREER SCHOOL OF NY                     ,NY,10301-2416,Private      ,6,15,21,12,23,35
04133700,NEW YORK MEDICAL CAREER TRAINING CENTER ,NY,11354-6504,Proprietary  ,5,13,18,5,15,20
04134000,"JOHN PAOLO'S XTREME BEAUTY INSTITUTE, GO",NY,12020-1245,Proprietary  ,3,8,11,5,12,17
04137700,ANN MARIE'S WORLD OF BEAUTY SCHOOL      ,NY,13901-2308,Proprietary  ,1,9,10,7,12,19
04144300,INSTITUTE OF CULINARY EDUCATION         ,NY,10010-5205,Proprietary  ,157,298,455,279,506,785
04148000,NEW LIFE BUSINESS INSTITUTE             ,NY,11432-6149,Proprietary  ,1,4,5,2,9,11
04151200,SALON PROFESSIONAL ACADEMY (THE)        ,NY,14150-9200,Proprietary  ,16,29,45,20,31,51
04155300,ONONDAGA SCHOOL OF THERAPEUTIC MASSAGE  ,NY,13210-1533,Proprietary  ,27,98,125,40,121,161
04156000,ACADEMY OF COSMETOLOGY & ESTHETICS NYC (,NY,10306-3003,Proprietary  ,37,48,85,37,48,85
04165700,"JOHN PAOLO'S XTREME BEAUTY INSTITUTE, GO",NY,12110-3053,Proprietary  ,0,3,3,0,3,3
04167600,FINGER LAKES SCHOOL OF MASSAGE (THE)    ,NY,14850-1384,Proprietary  ,16,53,69,16,53,69
04167601,FINGER LAKES SCHOOL OF MASSAGE (THE) -  ,NY,10549-1103,Proprietary  ,2,7,9,2,7,9
00267808,BRYANT & STRATTON COLLEGE - PARMA       ,OH,44130-0000,Proprietary  ,251,1187,1438,537,2647,3184
00301000,ANTIOCH UNIVERSITY                      ,OH,45387-1608,Private      ,13,432,445,30,738,768
00301100,ART ACADEMY OF CINCINNATI               ,OH,45202-7106,Private      ,75,58,133,330,101,431
00301200,ASHLAND UNIVERSITY                      ,OH,44805-3799,Private      ,558,1057,1615,3673,2234,5907
00301300,ATHENAEUM OF OHIO                       ,OH,45230-2000,Private      ,2,4,6,5,11,16
00301400,BALDWIN-WALLACE COLLEGE                 ,OH,44017-2088,Private      ,821,557,1378,4336,1255,5591
00301600,BLUFFTON UNIVERSITY                     ,OH,45817-2104,Private      ,268,128,396,1475,270,1745
00301800,BOWLING GREEN STATE UNIVERSITY          ,OH,43403-0001,Public       ,3500,2014,5514,17000,5353,22353
00302300,CAPITAL UNIVERSITY                      ,OH,43209-2394,Private      ,563,945,1508,3829,2453,6282
00302400,CASE WESTERN RESERVE UNIV               ,OH,44106-0000,Private      ,1080,408,1488,6516,1032,7548
00302401,CASE WESTERN RESERVE UNIV - MED         ,OH,44106-0000,Private      ,10,334,344,55,1067,1122
00302402,CASE WESTERN RESERVE UNIV - DENTAL      ,OH,44106-0000,Private      ,7,114,121,20,279,299
00302403,CASE WESTERN RESERVE UNIV - LAW         ,OH,44106-0000,Private      ,5,306,311,19,1196,1215
00302404,CASE WESTERN RESERVE UNIV - UG          ,OH,44106-0000,Private      ,76,21,97,365,49,414
00302405,CASE WESTERN RESERVE UNIV - MSASS       ,OH,44106-0000,Private      ,7,164,171,45,469,514
00302406,CASE WESTERN RESERVE UNIV - NURS UG     ,OH,44106-0000,Private      ,62,61,123,206,155,361
00302407,CASE WESTERN RESERVE UNIV - WSOM        ,OH,44106-0000,Private      ,5,105,110,20,214,234
00302408,CASE WESTERN RESERVE UNIV -A&S GRAD     ,OH,44106-0000,Private      ,6,119,125,18,290,308
00302409,CASE WESTERN RESERVE UNIV -ENG GRAD     ,OH,44106-0000,Private      ,5,30,35,30,84,114
00302410,CASE WESTERN RESERVE UNIV -NURS GRD     ,OH,44106-0000,Private      ,8,162,170,13,323,336
00302500,CEDARVILLE UNIVERSITY                   ,OH,45314-8564,Private      ,615,83,698,3709,198,3907
00302600,CENTRAL STATE UNIVERSITY                ,OH,45384-1004,Public       ,725,445,1170,3069,1240,4309
00302900,CINCINNATI CHRISTIAN UNIVERSITY         ,OH,45204-3200,Private      ,130,195,325,471,392,863
00303000,OHIO CHRISTIAN UNIVERSITY               ,OH,43113-9487,Private      ,137,582,719,395,1026,1421
00303100,CLEVELAND INSTITUTE OF MUSIC            ,OH,44106-1776,Private      ,20,43,63,461,425,886
00303200,CLEVELAND STATE UNIVERSITY              ,OH,44115-2214,Public       ,1913,4522,6435,7281,10674,17955
00303300,COLLEGE OF MT ST JOSEPH                 ,OH,45233-1670,Private      ,401,408,809,1715,1092,2807
00303500,OHIO DOMINICAN UNIVERSITY               ,OH,43219-2099,Private      ,477,1033,1510,2045,2017,4062
00303600,FRANCISCAN UNIV OF STEUBENVILLE         ,OH,43952-1763,Private      ,646,268,914,2077,513,2590
00303700,COLLEGE OF WOOSTER                      ,OH,44691-2363,Private      ,449,31,480,3007,86,3093
00303900,COLUMBUS COLLEGE OF ART AND DESIGN      ,OH,43215-1758,Private      ,177,144,321,1623,429,2052
00304000,CUYAHOGA COMMUNITY COLLEGE              ,OH,44115-2878,Public       ,3433,8709,12142,7700,18161,25861
00304100,"DEFIANCE COLLEGE, THE                   ",OH,43512-1695,Private      ,255,172,427,1370,427,1797
00304200,DENISON UNIVERSITY                      ,OH,43023-1329,Private      ,299,19,318,2826,78,2904
00304300,CHANCELLOR UNIVERSITY                   ,OH,44114-1096,Proprietary  ,15,292,307,28,512,540
00304400,TRINITY LUTHERAN SEMINARY               ,OH,43209-0000,Private      ,2,52,54,2,133,135
00304500,UNIVERSITY OF FINDLAY                   ,OH,45840-3695,Private      ,704,616,1320,3037,1278,4315
00304600,FRANKLIN UNIVERSITY                     ,OH,43215-5399,Private      ,314,3048,3362,756,7935,8691
00304700,HEBREW UNION COLLEGE MAIN CAMPUS        ,OH,45220-0000,Private      ,3,64,67,4,108,112
00304800,HEIDELBERG UNIVERSITY                   ,OH,44883-2462,Private      ,389,145,534,1962,326,2288
00304900,HIRAM COLLEGE                           ,OH,44234-1808,Private      ,381,132,513,1682,281,1963
00305000,JOHN CARROLL UNIVERSITY                 ,OH,44118-4581,Private      ,650,351,1001,3945,853,4798
00305100,KENT STATE UNIV - KENT CAMPUS           ,OH,44242-0001,Public       ,4427,3662,8089,19531,9097,28628
00305101,KENT STATE UNIV - GEAUGA CAMPUS         ,OH,44021-0000,Public       ,138,232,370,342,563,905
00305102,KENT STATE UNIV - STARK CAMPUS          ,OH,44720-0000,Public       ,687,967,1654,2020,2167,4187
00305103,KENT STATE UNIV - TUSCARAWAS CAMPUS     ,OH,44663-0000,Public       ,316,559,875,831,1302,2133
00305104,KENT STATE UNIV - TRUMBULL CAMPUS       ,OH,44483-0000,Public       ,274,638,912,741,1509,2250
00305105,KENT STATE UNIV - ASHTABULA CAMPUS      ,OH,44004-0000,Public       ,265,587,852,731,1431,2162
00305106,KENT STATE UNIV -E.LIVERPOOL CAMPUS     ,OH,43920-0000,Public       ,105,258,363,303,635,938
00305107,KENT STATE UNIV - SALEM CAMPUS          ,OH,44460-0000,Public       ,239,379,618,730,1046,1776
00306500,KENYON COLLEGE                          ,OH,43022-9623,Private      ,124,5,129,2439,29,2468
00306600,LAKE ERIE COLLEGE                       ,OH,44077-3389,Private      ,336,155,491,1500,362,1862
00306800,LORAIN COUNTY COMMUNITY COLLEGE         ,OH,44035-1691,Public       ,1297,3466,4763,2584,5923,8507
00306900,LOURDES COLLEGE                         ,OH,43560-2898,Private      ,262,784,1046,711,1723,2434
00307200,MALONE UNIVERSITY                       ,OH,44709-3897,Private      ,269,510,779,2116,1117,3233
00307300,MARIETTA COLLEGE                        ,OH,45750-4033,Private      ,243,109,352,2485,278,2763
00307500,METHODIST THEOLOGICAL SCH IN OHIO       ,OH,43015-0000,Private      ,1,66,67,1,163,164
00307600,MIAMI-JACOBS COLLEGE                    ,OH,45401-0000,Proprietary  ,91,482,573,166,946,1112
00307602,MIAMI - JACOBS CAREER COLLEGE - SPRINGBO,OH,45066-1115,Proprietary  ,42,206,248,72,367,439
00307603,MIAMI - JACOBS CAREER COLLEGE - TROY    ,OH,45373-3837,Proprietary  ,85,317,402,135,573,708
00307700,MIAMI UNIVERSITY                        ,OH,45056-1831,Public       ,1792,1328,3120,18251,4369,22620
00307800,WRIGHT STATE UNIVERSITY                 ,OH,45435-0002,Public       ,2312,3224,5536,12581,8918,21499
00308300,MOUNT UNION COLLEGE                     ,OH,44601-3993,Private      ,685,92,777,3414,244,3658
00308400,MUSKINGUM UNIVERSITY                    ,OH,43762-1199,Private      ,479,283,762,2197,506,2703
00308500,NOTRE DAME COLLEGE OF OHIO              ,OH,44121-4293,Private      ,486,533,1019,1720,1040,2760
00308600,OBERLIN COLLEGE                         ,OH,44074-1090,Private      ,707,48,755,4924,146,5070
00308800,OHIO COLLEGE OF PODIATRIC MEDICINE      ,OH,44131-7304,Private      ,0,195,195,2,456,458
00308900,OHIO NORTHERN UNIVERSITY                ,OH,45810-1555,Private      ,647,383,1030,3655,1041,4696
00309000,OHIO STATE UNIVERSITY-ALL CAMPUSES      ,OH,43210-1358,Public       ,5682,5383,11065,44442,21858,66300
00310000,OHIO UNIVERSITY                         ,OH,45701-2979,Public       ,3005,2442,5447,19179,6191,25370
00310002,"OHIO UNIVERSITY, ZANESVILLE CAMPUS      ",OH,43701-0000,Public       ,230,409,639,1002,1092,2094
00310003,"OHIO UNIVERSITY, LANCASTER CAMPUS       ",OH,43130-0000,Public       ,299,599,898,1009,1356,2365
00310004,"OHIO UNIVERSITY, SOUTHERN CAMPUS        ",OH,45638-0000,Public       ,181,504,685,734,1320,2054
00310005,"OHIO UNIVERSITY, CHILLICOTHE CAMPUS     ",OH,45601-0000,Public       ,280,701,981,825,1694,2519
00310006,"OHIO UNIVERSITY, EASTERN CAMPUS         ",OH,43950-0000,Public       ,103,100,203,454,231,685
00310008,OHIO UNIV COLL OF OSTEOPATHIC MED       ,OH,45701-0000,Public       ,0,241,241,6,454,460
00310900,OHIO WESLEYAN UNIVERSITY                ,OH,43015-2398,Private      ,256,32,288,2852,142,2994
00311000,OTTERBEIN COLLEGE                       ,OH,43081-2006,Private      ,594,361,955,3749,882,4631
00311300,PONTIFICAL COLLEGE JOSEPHINUM           ,OH,43235-1498,Private      ,5,10,15,19,16,35
00311401,FIRELANDS REGIONAL MEDICAL CENTER       ,OH,44870-4788,Private      ,12,55,67,54,137,191
00311500,RABBINICAL COLLEGE OF TELSHE            ,OH,44092-2584,Private      ,0,1,1,1,2,3
00311600,UNIV OF RIO GRANDE                      ,OH,45674-3131,Private      ,362,617,979,1328,1343,2671
00311900,SINCLAIR COMMUNITY COLLEGE              ,OH,45402-1460,Public       ,2887,7407,10294,6008,13383,19391
00312100,TIFFIN UNIVERSITY                       ,OH,44883-2161,Private      ,590,1529,2119,2228,2869,5097
00312200,UNITED THEOLOGICAL SEMINARY             ,OH,45406-0000,Private      ,0,153,153,2,224,226
00312300,UNIVERSITY OF AKRON                     ,OH,44325-6211,Public       ,4245,4551,8796,18138,12158,30296
00312500,UNIVERSITY OF CINCINNATI                ,OH,45221-0125,Public       ,5260,6635,11895,21856,16210,38066
00312504,UNIVERSITY OF CINCINNATI - MEDICINE     ,OH,45267-0553,Public       ,63,532,595,646,1514,2160
00312700,UNIVERSITY OF DAYTON                    ,OH,45469-0002,Private      ,1147,1139,2286,10149,3159,13308
00313100,UNIVERSITY OF TOLEDO                    ,OH,43606-3390,Public       ,4120,3324,7444,16115,8200,24315
00313101,UNIVERSITY OF TOLEDO - HEALTH SCIENCE CA,OH,43614-2598,Public       ,193,537,730,792,1333,2125
00313300,URBANA UNIVERSITY                       ,OH,43078-2091,Private      ,251,262,513,938,529,1467
00313400,URSULINE COLLEGE                        ,OH,44124-4398,Private      ,139,444,583,556,946,1502
00313500,WALSH UNIVERSITY                        ,OH,44720-3396,Private      ,244,342,586,2299,955,3254
00314100,WILBERFORCE UNIVERSITY                  ,OH,45384-1001,Private      ,154,131,285,826,387,1213
00314200,WILMINGTON COLLEGE                      ,OH,45177-2499,Private      ,212,132,344,1655,432,2087
00314300,WITTENBERG UNIVERSITY                   ,OH,45501-2199,Private      ,169,92,261,2729,220,2949
00314400,XAVIER UNIVERSITY                       ,OH,45207-1035,Private      ,631,990,1621,6505,2650,9155
00314500,YOUNGSTOWN STATE UNIVERSITY             ,OH,44555-0001,Public       ,2135,2470,4605,8314,6153,14467
00398200,CLEVELAND INSTITUTE OF ART              ,OH,44106-1700,Private      ,123,72,195,906,201,1107
00406000,WINEBRENNER THEOLOGICAL SEMINARY        ,OH,45840-0000,Private      ,0,16,16,1,30,31
00485200,CLARK STATE COMMUNITY COLLEGE           ,OH,45505-4795,Public       ,574,1871,2445,1204,3568,4772
00485300,BRADFORD SCHOOL                         ,OH,43219-0000,Proprietary  ,342,263,605,615,494,1109
00485500,DAVIS COLLEGE                           ,OH,43623-4307,Proprietary  ,51,303,354,103,542,645
00486100,UNIVERSITY OF NORTHWESTERN OHIO         ,OH,45805-1498,Private      ,1182,588,1770,3976,1471,5447
00486600,STAUTZENBERGER COLLEGE                  ,OH,43537-4007,Proprietary  ,175,830,1005,287,1161,1448
00510200,SCH OF DIAGNOSTIC IMAGING-CLEVELAND     ,OH,44119-0000,Private      ,1,16,17,5,33,38
00512700,BROWN MACKIE COLLEGE-CINCINNATI         ,OH,45215-1107,Proprietary  ,655,2541,3196,962,4017,4979
00512728,BROWN MACKIE COLLEGE-CINCINNATI - LANDMA,OH,45215-1231,Proprietary  ,0,0,0,1,12,13
00521000,CLEVELAND INSTITUTE OF ELECTRONICS      ,OH,44114-0000,Proprietary  ,2,60,62,12,184,196
00531300,NORTH CENTRAL STATE COLLEGE             ,OH,44901-0000,Public       ,412,1166,1578,1015,2301,3316
00575300,OWENS STATE COMMUNITY COLLEGE           ,OH,43699-0000,Public       ,2131,5006,7137,4306,9525,13831
00648700,AULTMAN COLLEGE OF NURSING AND HEALTH SC,OH,44710-1799,Private      ,46,142,188,131,354,485
00648900,CHRIST HOSP SCH OF NURSING              ,OH,45219-2906,Private      ,71,199,270,75,205,280
00649400,GOOD SAMARITAN COLG-NURSING/HEALTH      ,OH,45220-2489,Private      ,72,155,227,203,365,568
00649800,MERIDIA HURON SCHOOL OF NURSING         ,OH,44112-4308,Private      ,25,274,299,58,547,605
00650700,TRINIT HEALTH SYSTEM SCH OF NURSING     ,OH,43952-2667,Private      ,26,37,63,49,90,139
00680400,LAKELAND COMMUNITY COLLEGE              ,OH,44094-5198,Public       ,1012,2391,3403,2235,4375,6610
00686700,COLUMBUS STATE COMMUNITY COLLEGE        ,OH,43215-1786,Public       ,4187,10628,14815,9326,19751,29077
00703500,KETTERING COLLEGE OF MEDICAL ARTS       ,OH,45429-1299,Private      ,131,273,404,487,776,1263
00708500,MOUNT VERNON NAZARENE UNIVERSITY        ,OH,43050-9500,Private      ,355,229,584,1482,497,1979
00708501,MOUNT VERNON NAZARENE UNIV - AGS        ,OH,43050-0000,Private      ,20,379,399,86,673,759
00727500,EASTERN GATEWAY COMMUNITY COLLEGE       ,OH,43952-3598,Public       ,322,574,896,637,1083,1720
00747300,CHOFFIN CAREER & TECHNICAL CENTER       ,OH,44503-1628,Public       ,32,133,165,47,272,319
00759800,HOCKING TECHNICAL COLLEGE               ,OH,45764-9582,Public       ,1412,1715,3127,3249,3167,6416
00777700,REMINGTON COLLEGE - CLEVELAND CAMPUS    ,OH,44125-1957,Proprietary  ,114,566,680,154,806,960
00777704,REMINGTON COLLEGE-CLEVELAND WEST CAMPUS ,OH,44070-3129,Proprietary  ,47,168,215,85,338,423
00812900,ADULT AND COMMUNITY EDUCATION @ HUDSON  ,OH,43211-2017,Public       ,16,150,166,32,282,314
00813200,TOLEDO SCHOOL OF PRACTICAL NURSING      ,OH,43613-5110,Public       ,21,112,133,66,264,330
00813300,ZANE STATE COLLEGE                      ,OH,43701-2626,Public       ,325,776,1101,879,2031,2910
00819400,AKRON SCHOOL OF PRACTICAL NRSG          ,OH,44311-0000,Public       ,20,83,103,66,176,242
00827800,TERRA COMMUNITY COLLEGE                 ,OH,43420-9670,Public       ,320,742,1062,648,1466,2114
00867700,NORTHWEST STATE COMMUNITY COLLEGE       ,OH,43502-9542,Public       ,319,978,1297,815,2212,3027
00888600,PORTAGE LAKES CAREER CENTER             ,OH,44232-0000,Public       ,9,79,88,18,126,144
00908800,ITT TECHNICAL INSTITUTE                 ,OH,45414-3456,Proprietary  ,311,1307,1618,404,1621,2025
00915600,WAYNE COUNTY SCHOOLS CAREER CENTER      ,OH,44677-9672,Public       ,17,102,119,31,180,211
00917200,SPRINGFIELD REGIONAL SCHOOL OF NURSING  ,OH,45501-0000,Private      ,16,56,72,38,97,135
00941200,FORTIS COLLEGE                          ,OH,44221-2998,Proprietary  ,162,564,726,233,714,947
00945101,BROWN MACKIE COLLEGE-NORTH CANTON       ,OH,44720-0000,Proprietary  ,86,600,686,141,1067,1208
00953000,GERBER AKRON BEAUTY SCHOOL              ,OH,44313-6995,Proprietary  ,6,34,40,9,55,64
00953100,SPA SCHOOL (THE)                        ,OH,43214-1524,Proprietary  ,27,71,98,52,126,178
00966000,TIFFIN ACADEMY OF HAIR DESIGN           ,OH,44883-2833,Proprietary  ,26,26,52,36,52,88
00983700,ITT TECHNICAL INSTITUTE                 ,OH,44509-4098,Proprietary  ,376,1096,1472,484,1299,1783
00994100,BELMONT TECHNICAL COLLEGE               ,OH,43950-9766,Public       ,325,847,1172,748,1384,2132
00994200,SHAWNEE STATE UNIVERSITY                ,OH,45662-4344,Public       ,968,742,1710,3682,1831,5513
01001700,PAYNE THEOLOGICAL SEMINARY              ,OH,45384-0474,Private      ,1,55,56,2,76,78
01002700,JAMES A. RHODES STATE COLLEGE           ,OH,45804-3597,Public       ,503,1372,1875,1406,2713,4119
01016800,NATIONWIDE BEAUTY ACADEMY               ,OH,43228-1000,Proprietary  ,58,109,167,109,200,309
01028000,OHIO STATE BEAUTY ACADEMY               ,OH,45801-4950,Proprietary  ,33,93,126,55,134,189
01032300,HANNAH E MULLINS SCH-PRAC NRSG          ,OH,44460-2906,Public       ,15,54,69,23,85,108
01034500,CINCINNATI STATE TECH & COMM CLG        ,OH,45223-2690,Public       ,1478,4139,5617,3818,8775,12593
01045300,WASHINGTON STATE CMTY COLLEGE           ,OH,45750-9225,Public       ,260,574,834,758,1048,1806
01063000,NORTHERN INSTITUTE OF COSMETOLOGY       ,OH,44052-1803,Proprietary  ,7,20,27,13,28,41
01073600,MARION TECHNICAL COLLEGE                ,OH,43302-5694,Public       ,265,777,1042,673,1625,2298
01088000,CHATFIELD COLLEGE                       ,OH,45118-9705,Private      ,25,104,129,48,175,223
01088100,STARK STATE COLLEGE OF TECHNOLOGY       ,OH,44720-7299,Public       ,1390,4750,6140,2776,8576,11352
01090600,CINCINNATI CLG OF MORTUARY SCIENCE      ,OH,45224-1428,Private      ,20,64,84,65,132,197
01092300,UNION INSTITUTE & UNIVERSITY            ,OH,45206-1925,Private      ,18,455,473,26,1056,1082
01099300,HOBART INSTITUTE OF WELDING TECHNOLOGY  ,OH,45373-2400,Private      ,67,85,152,212,168,380
01100500,KAPLAN COLLEGE                          ,OH,43232-4827,Proprietary  ,68,465,533,156,1056,1212
01104600,CENTRAL OHIO TECHNICAL COLLEGE          ,OH,43055-1767,Public       ,392,1287,1679,1230,3847,5077
01170300,PENTA COUNTY JOINT VOCATIONAL SCH       ,OH,43551-0000,Public       ,10,45,55,18,69,87
01174400,NATIONAL BEAUTY COLLEGE                 ,OH,44720-0000,Proprietary  ,7,30,37,20,74,94
01174500,OHIO TECHNICAL COLLEGE                  ,OH,44103-1228,Proprietary  ,392,264,656,1188,583,1771
01182500,OHIO STATE SCHOOL OF COSMETOLOGY        ,OH,43224-1107,Proprietary  ,24,76,100,60,156,216
01212800,SOUTHWESTERN COLLEGE                    ,OH,45402-3003,Proprietary  ,83,659,742,126,1270,1396
01212802,SOUTHWESTERN COLLEGE                    ,OH,45005-2267,Proprietary  ,30,240,270,37,412,449
01212803,SOUTHWESTERN COLLEGE                    ,OH,45202-4304,Proprietary  ,62,536,598,103,953,1056
01212804,SOUTHWESTERN COLLEGE                    ,OH,45246-3121,Proprietary  ,112,737,849,172,1229,1401
01212806,SOUTHWESTERN COLLEGE - TOLEDO           ,OH,43615-6800,Proprietary  ,66,546,612,99,882,981
01216600,CAROUSEL BEAUTY COLLEGE                 ,OH,45402-8935,Proprietary  ,24,104,128,39,128,167
01224800,CENTRAL SCHOOL OF PRACTICAL NURSING     ,OH,44103-4371,Private      ,29,137,166,57,296,353
01267200,CAROUSEL BEAUTY COLLEGE                 ,OH,45044-5113,Proprietary  ,4,16,20,7,26,33
01267400,CAROUSEL OF MIAMI VALLEY BEAUTY CLG     ,OH,45424-2063,Proprietary  ,1,3,4,3,6,9
01275000,EDISON COMMUNITY COLLEGE                ,OH,45356-9239,Public       ,353,748,1101,950,2054,3004
01283800,LAURA AND ALVIN SIEGAL COLLEGE OF JUDAIC,OH,44122-7197,Private      ,0,3,3,0,5,5
01284800,MOLER-HOLLYWOOD BEAUTY COLLEGE          ,OH,45202-2577,Proprietary  ,4,13,17,16,23,39
01287000,SOUTHERN STATE COMMUNITY COLLEGE        ,OH,45133-9406,Public       ,335,1133,1468,794,2152,2946
01289100,ANTONELLI COLLEGE                       ,OH,45202-2592,Proprietary  ,86,206,292,170,349,519
01289600,VIRGINIA MARTI COLLEGE OF ART AND DESIGN,OH,44107-0778,Proprietary  ,75,75,150,157,138,295
01313200,INTERNATIONAL CLG OF BROADCASTING       ,OH,45431-1898,Proprietary  ,22,67,89,38,98,136
02052000,KAPLAN COLLEGE                          ,OH,45439-1984,Proprietary  ,105,427,532,176,638,814
02054300,TRUMBULL BUSINESS COLLEGE               ,OH,44484-0000,Proprietary  ,32,243,275,56,457,513
02056800,DAYMAR COLLEGE                          ,OH,45601-1038,Proprietary  ,25,289,314,46,555,601
02056802,DAYMAR COLLEGE - LANCASTER              ,OH,43130-0000,Proprietary  ,6,116,122,11,188,199
02056803,DAYMAR COLLEGE - NEW BOSTON             ,OH,45662-4900,Proprietary  ,15,91,106,18,113,131
02056804,DAYMAR COLLEGE - JACKSON                ,OH,45640-1728,Proprietary  ,9,31,40,12,51,63
02066100,OHIO STATE COLLEGE/BARBER STYLING       ,OH,43213-0000,Proprietary  ,23,64,87,65,120,185
02069500,AKRON INSTITUTE                         ,OH,44306-0000,Proprietary  ,143,620,763,268,1097,1365
02073300,GALLIA-JACKSON-VINTON SCH ADULT ED      ,OH,45674-0000,Public       ,23,72,95,50,168,218
02110700,CLEVELAND INST OF DENTAL-MED ASST       ,OH,44115-2285,Proprietary  ,56,250,306,85,384,469
02116009,SANFORD-BROWN COLLEGE - MIDDLEBURG HEIGH,OH,44130-8362,Proprietary  ,148,601,749,225,1188,1413
02116900,UPPER VALLEY JVS                        ,OH,45356-0000,Public       ,8,108,116,14,265,279
02117300,GREAT OAKS INSTITUTE OF TECHNOLOGY      ,OH,45241-1581,Public       ,59,233,292,126,469,595
02128600,THE ART INSTITUTE OF CINCINNATI         ,OH,45246-0000,Proprietary  ,73,64,137,267,149,416
02140700,COMMUNITY EDUCATIONAL SERVICES          ,OH,44702-1710,Public       ,9,103,112,27,192,219
02152100,ACADEMY OF COURT REPORTING AND TECHNOLOG,OH,44115-0000,Proprietary  ,27,199,226,42,350,392
02152101,ACADEMY OF COURT REPORTING & TECHNOLOGY ,OH,43215-3902,Proprietary  ,56,374,430,80,528,608
02152102,ACADEMY OF COURT REPORTING - MIAMI-JACOB,OH,44313-3607,Proprietary  ,2,45,47,8,62,70
02152104,ACADEMY OF COURT REPORTING AND TECHNOLOG,OH,45202-2123,Proprietary  ,4,28,32,6,52,58
02152106,ACADEMY OF COURT REPORTING AND TECHNOLOG,OH,45241-5428,Proprietary  ,14,108,122,22,164,186
02158500,OHIO BUSINESS COLLEGE                   ,OH,44055-3344,Proprietary  ,38,320,358,59,592,651
02158501,OHIO BUSINESS COLLEGE                   ,OH,44870-9953,Proprietary  ,23,267,290,40,459,499
02168100,TRI-COUNTY JOINT VOCATIONAL SCHOOL      ,OH,45764-0000,Public       ,13,48,61,23,72,95
02187900,ASHTABULA CO JOINT VOC SCH ADULT ED     ,OH,44047-0000,Public       ,8,79,87,18,149,167
02189000,ADULT CENTER FOR EDUCATION              ,OH,43701-0000,Public       ,39,170,209,64,266,330
02190700,FORTIS COLLEGE                          ,OH,45459-0000,Proprietary  ,187,996,1183,317,1929,2246
02192100,BUTLER TECHNOLOGY AND CAREER DEVELOPMENT,OH,45011-0000,Public       ,68,221,289,116,419,535
02196300,COLLINS CAREER CENTER                   ,OH,45619-0000,Public       ,65,170,235,155,383,538
02210800,MEDINA COUNTY CAREER CENTER             ,OH,44256-0000,Public       ,15,75,90,29,118,147
02215400,OHIO STATE SCHOOL OF COSMETOLOGY        ,OH,43207-0000,Proprietary  ,26,62,88,62,130,192
02220500,GOD'S BIBLE SCHOOL & COLLEGE            ,OH,45210-0000,Private      ,86,32,118,147,49,196
02220800,CAREER & TECHNOLOGY EDUCATION CENTERS OF,OH,43055-0000,Public       ,17,76,93,32,174,206
02239800,PIONEER CAREER & TECHNOLOGY CENTER      ,OH,44875-0000,Public       ,4,17,21,5,32,37
02245600,WARREN COUNTY CAREER CENTER             ,OH,45036-0000,Public       ,13,79,92,28,174,202
02246300,INSTITUTE OF MEDICAL-DENTAL TECH        ,OH,45246-3317,Proprietary  ,17,103,120,22,131,153
02263700,MIAMI VALLEY CAREER TECHNOLOGY CTR      ,OH,45315-0000,Public       ,28,164,192,59,306,365
02269400,EASTERN HILLS ACAD OF HAIR DESIGN       ,OH,45255-0000,Proprietary  ,4,34,38,13,45,58
02269500,WESTERN HILLS SCHOOL OF BEAUTY & HAIR DE,OH,45211-0000,Proprietary  ,17,91,108,31,135,166
02270100,OHIO HI-POINT CAREER CENTER             ,OH,43311-0000,Public       ,17,118,135,34,245,279
02272700,COLUMBIANA COUNTY CAREER CENTER         ,OH,44432-0000,Public       ,10,99,109,18,143,161
02287900,RAPHAEL'S SCHOOL OF BEAUTY CULTURE      ,OH,44446-0000,Proprietary  ,10,55,65,13,75,88
02289802,KAPLAN COLLEGE                          ,OH,45203-0000,Proprietary  ,57,428,485,108,717,825
02301400,OHIO VALLEY COLLEGE OF TECHNOLOGY       ,OH,43920-0000,Proprietary  ,55,143,198,75,160,235
02303600,BOHECKER'S BUSINESS COLLEGE             ,OH,44266-0000,Proprietary  ,42,225,267,97,562,659
02304700,TRI-RIVERS CAREER CENTER                ,OH,43302-0000,Public       ,11,106,117,29,203,232
02311200,AMERICAN SCHOOL OF TECHNOLOGY           ,OH,43229-0000,Proprietary  ,24,275,299,37,379,416
02315500,TOLEDO ACADEMY OF BEAUTY CULTURE - EAST ,OH,43616-0000,Proprietary  ,4,47,51,8,60,68
02328500,MOLER-PICKENS BEAUTY COLLEGE            ,OH,45014-0000,Proprietary  ,1,6,7,4,13,17
02334300,INTERNATIONAL ACAD OF HAIR DESIGN       ,OH,45239-0000,Proprietary  ,22,34,56,36,57,93
02336300,KNOX COUNTY CAREER CENTER               ,OH,43050-4298,Public       ,12,108,120,25,226,251
02336700,CUYAHOGA VALLEY CAREER CENTER           ,OH,44141-1296,Public       ,42,112,154,68,220,288
02337700,PROFESSIONAL SKILLS INSTITUTE           ,OH,43607-0000,Proprietary  ,50,357,407,87,637,724
02351500,WILLOUGHBY EASTLAKE SCH OF PRAC NSG     ,OH,44094-0000,Public       ,8,56,64,9,90,99
02352800,POLARIS CAREER CENTER-ADULT ED DEPT     ,OH,44130-0000,Public       ,23,120,143,40,200,240
02354200,SCIOTO COUNTY JOINT VOCATIONAL SCH      ,OH,45648-0000,Public       ,17,84,101,41,155,196
02454400,NORTHEASTERN OHIO UNIVS COL OF MED      ,OH,44272-0000,Public       ,6,89,95,111,788,899
02497800,GREENE COUNTY CAREER CENTER             ,OH,45385-0000,Public       ,11,43,54,20,97,117
02512600,ADULT VOCATIONAL SERVICES               ,OH,44308-0000,Public       ,2,18,20,3,44,47
02519300,OHIO STATE SCH COSMETOLOGY              ,OH,43068-0000,Proprietary  ,14,43,57,35,82,117
02522700,EASTLAND-FAIRFIELD CAREER AND TECHNICAL ,OH,43125-0000,Public       ,20,100,120,31,220,251
02528300,TDDS TECHNICAL INSTITUTE                ,OH,44429-0000,Proprietary  ,25,190,215,42,257,299
02529500,HAMRICK SCHOOL                          ,OH,44256-0000,Proprietary  ,5,69,74,12,90,102
02541400,TOLEDO ACADEMY OF BEAUTY CULTURE-SO     ,OH,43614-0000,Proprietary  ,17,63,80,37,102,139
02545800,INNER STATE BEAUTY SCHOOLS              ,OH,44124-0000,Proprietary  ,14,67,81,23,117,140
02553000,SCHOOL OF ADVERTISING ART               ,OH,45440-0000,Proprietary  ,70,13,83,165,27,192
02560000,CASAL AVEDA INSTITUTE                   ,OH,44515-0000,Proprietary  ,28,38,66,49,60,109
02560700,PICKAWAY ROSS CO JOINT VOC TECH SCH     ,OH,45601-0000,Public       ,23,132,155,39,257,296
02560701,PICKAWAY ROSS COUNTY JOINT VOCATIONAL SC,OH,45601-9010,Public       ,6,50,56,15,106,121
02562300,APOLLO CAREER CENTER-ADULT EDUC         ,OH,45806-0000,Public       ,28,207,235,68,447,515
02563000,RAPHAELS SCHOOL OF BEAUTY CULTURE       ,OH,44601-2847,Proprietary  ,10,20,30,11,32,43
02568600,MAHONING COUNTY CAREER & TECH CENTR     ,OH,44406-0000,Public       ,4,29,33,7,50,57
02582900,KAPLAN CAREER INSTITUTE                 ,OH,44129-6810,Proprietary  ,72,359,431,123,644,767
02586400,TRUMBULL CAREER & TECH CENTER-ADULT     ,OH,44483-1997,Public       ,25,120,145,41,246,287
02588500,OHIO STATE SCHOOL OF COSMETOLOGY        ,OH,43081-0000,Proprietary  ,39,63,102,78,104,182
02599711,VATTEROTT COLLEGE - CLEVELAND           ,OH,44147-3502,Proprietary  ,20,256,276,29,434,463
02603800,LORAIN COUNTY JVS ADULT CAREER CTR      ,OH,44074-9799,Public       ,18,95,113,31,152,183
02616200,BROWN MACKIE COLLEGE-FINDLAY            ,OH,45840-6848,Proprietary  ,217,1140,1357,414,2376,2790
02620000,SANDUSKY CAREER CENTER                  ,OH,44870-4786,Public       ,6,77,83,15,129,144
03007900,GALLIPOLIS CAREER COLLEGE               ,OH,45631-2600,Proprietary  ,10,92,102,20,182,202
03009702,"HARRISON COLLEGE - MUNCIE - COLUMBUS, OH",OH,43123-0000,Proprietary  ,17,77,94,25,111,136
03015100,ALLIANCE HIGH SCH-CMTY SERVICES DIV     ,OH,44601-2899,Public       ,9,34,43,13,53,66
03015300,EHOVE CAREER CENTER                     ,OH,44846-9500,Public       ,33,176,209,58,317,375
03023700,MADISON ADULT CAREER CENTER             ,OH,44905-2718,Public       ,13,75,88,24,148,172
03024300,VALLEY BEAUTY SCHOOL                    ,OH,43725-2332,Proprietary  ,11,33,44,21,60,81
03027100,FAIRVIEW ACADEMY                        ,OH,44126-2214,Proprietary  ,2,13,15,11,28,39
03034200,WASHINGTON COUNTY CAREER CENTER ADULT TE,OH,45750-9290,Public       ,19,147,166,34,261,295
03051400,AUBURN CAREER CENTER                    ,OH,44077-9723,Public       ,18,78,96,45,163,208
03051500,US GRANT JOINT VOCATIONAL SCHOOL        ,OH,45106-9502,Public       ,0,5,5,2,11,13
03065800,OHIO INSTITUTE OF HEALTH CAREERS        ,OH,44035-2394,Proprietary  ,12,78,90,43,173,216
03065900,BUCKEYE CAREER CENTER                   ,OH,44663-9437,Public       ,48,106,154,64,203,267
03067600,RAPHAEL'S SCHOOL OF BEAUTY CULTURE      ,OH,44512-2222,Proprietary  ,6,15,21,10,26,36
03068200,OHIO CENTER FOR BROADCASTING            ,OH,44125-6273,Proprietary  ,40,148,188,66,231,297
03068202,OHIO CENTER FOR BROADCASTING - COLUMBUS ,OH,43213-2571,Proprietary  ,35,113,148,56,161,217
03071900,MOUNT CARMEL COLLEGE OF NURSING         ,OH,43222-1598,Private      ,178,315,493,614,701,1315
03072303,EVEREST INSTITUTE - COLUMBUS            ,OH,43230-6653,Proprietary  ,41,378,419,65,503,568
03078000,OHIO CENTER FOR BROADCASTING            ,OH,45227-1509,Proprietary  ,12,35,47,29,81,110
03079000,ETI TECHNICAL COLLEGE                   ,OH,44446-4398,Proprietary  ,45,212,257,77,313,390
03084800,DELAWARE AREA CAREER CENTER             ,OH,43015-8969,Public       ,5,7,12,8,21,29
03084801,DELAWARE AREA CAREER CENTER -           ,OH,43015-9001,Public       ,1,5,6,1,11,12
03095600,VANTAGE CAREER CENTER                   ,OH,45891-1378,Public       ,2,37,39,7,93,100
03097000,MERCY COLLEGE OF NORTHWEST OHIO         ,OH,43604-1132,Private      ,162,441,603,523,1004,1527
03100100,PARAMOUNT BEAUTY ACADEMY                ,OH,45662-4136,Proprietary  ,14,25,39,22,36,58
03105400,CLEVELAND EXTENSION HIGH SCH-WEST       ,OH,44102-2298,Public       ,2,17,19,5,28,33
03116200,DAYTON BARBER COLLEGE                   ,OH,45402-2310,Proprietary  ,12,60,72,26,81,107
03116300,OHIO COLLEGE OF MASSOTHERAPY            ,OH,44321-1363,Private      ,7,58,65,26,110,136
03116400,VANGUARD-SENTINELL VOC SCH DISTRICT     ,OH,43420-1197,Public       ,6,29,35,6,42,48
03117000,ASHLAND COUNTY-W HOLMES CAREER CTR      ,OH,44805-0000,Public       ,13,60,73,18,118,136
03319300,CREATIVE IMAGES-A CERTIFIED MATRIX      ,OH,45414-2557,Proprietary  ,49,113,162,52,147,199
03319301,CREATIVE IMAGES-A CERTIFIED MATRIX      ,OH,45459-0000,Proprietary  ,18,84,102,30,125,155
03416400,VALLEY BEAUTY SCHOOL                    ,OH,43701-3624,Proprietary  ,4,35,39,9,51,60
03425300,ROSEDALE BIBLE COLLEGE                  ,OH,43029-9517,Private      ,24,6,30,59,13,72
03457300,ALLEGHENY WESLEYAN COLLEGE              ,OH,44460-9598,Private      ,19,8,27,28,14,42
03468400,NATIONAL INSTITUTE OF MASSOTHERAPY      ,OH,44319-2100,Proprietary  ,9,68,77,14,99,113
03468500,ATS INSTITUTE OF TECHNOLOGY             ,OH,44143-2216,Proprietary  ,13,235,248,25,418,443
03475400,TRI-STATE BIBLE COLLEGE                 ,OH,45680-8402,Private      ,2,12,14,3,21,24
03534400,AMERICAN INST OF ALTERNATIVE MEDICI     ,OH,43229-1113,Proprietary  ,14,130,144,20,199,219
03586400,MED CENTRAL COLLEGE OF NURSING          ,OH,44903-2265,Private      ,85,102,187,310,245,555
03626300,BROWN AVEDA INSTITUTE                   ,OH,44060-6212,Proprietary  ,47,105,152,107,192,299
03693300,CARNEGIE CAREER COLLEGE                 ,OH,44260-9608,Private      ,7,100,107,11,168,179
03700300,REGENCY BEAUTY INSTITUTE - CLEVELAND    ,OH,44094-0000,Proprietary  ,49,117,166,80,199,279
03726300,TEMPLE BAPTIST COLLEGE                  ,OH,45240-0000,Private      ,0,8,8,3,13,16
03747300,BEXLEY HALL SEMINARY                    ,OH,43209-2325,Private      ,1,6,7,1,12,13
03776400,HEALING ARTS INSTITUTE                  ,OH,43551-3138,Proprietary  ,4,19,23,13,49,62
03837300,AVEDA FREDRIC'S INSTITUTE               ,OH,45208-1304,Proprietary  ,35,38,73,76,81,157
03882300,OREGON CAREER CENTER                    ,OH,43616-2631,Public       ,2,26,28,3,33,36
04050400,DESIGNER'S BEAUTY ACADEMY               ,OH,43920-0000,Proprietary  ,3,13,16,8,17,25
04068300,FOUR COUNTY CAREER CENTER               ,OH,43512-9541,Public       ,1,16,17,2,28,30
04074300,HONDROS COLLEGE                         ,OH,43081-3855,Proprietary  ,121,773,894,206,1233,1439
04116700,NEWLIFE TECHNICAL INSTITUTE             ,OH,43920-2920,Private      ,3,7,10,5,20,25
04117300,DAYTON SCHOOL OF MEDICAL MASSAGE        ,OH,45429-1111,Proprietary  ,73,177,250,114,326,440
04118300,NORTHCOAST MEDICAL TRAINING ACADEMY     ,OH,44240-4174,Proprietary  ,35,125,160,68,219,287
04124500,TECHSKILLS                              ,OH,43231-0000,Proprietary  ,4,78,82,15,131,146
04125700,CUT BEAUTY SCHOOL (THE)                 ,OH,44118-2918,Proprietary  ,20,78,98,34,149,183
04126000,OHIO ACADEMY PAUL MITCHELL PARTNER SCHOO,OH,44087-3107,Proprietary  ,21,31,52,51,73,124
04137800,AVEDA INSTITUTE COLUMBUS                ,OH,43201-2333,Proprietary  ,51,88,139,84,135,219
04138000,INSTITUTE OF THERAPEUTIC MASSAGE        ,OH,45875-0350,Proprietary  ,6,36,42,11,48,59
04140100,CISORIA ACADEMY OF COSMETOLOGY          ,OH,44137-2915,Proprietary  ,8,25,33,11,41,52
04149100,CINCINNATI ACADEMY A PAUL MITCHELL PARTN,OH,45241-1702,Proprietary  ,39,41,80,64,63,127
04151400,VANITY SCHOOL OF COSMETOLOGY            ,OH,44035-0000,Proprietary  ,5,22,27,6,30,36
04152100,TOLEDO RESTAURANT TRAINING CENTER       ,OH,43604-6508,Private      ,0,8,8,0,8,8
04152600,PIKE COUNTY CAREER TECHNOLOGY CENTER    ,OH,45661-9114,Public       ,12,46,58,17,82,99
04153300,OHIO ACADEMY COLUMBUS (THE)             ,OH,43231-6038,Proprietary  ,27,43,70,52,76,128
04154000,TOLLES CAREER & TECHNICAL CENTER        ,OH,43064-8854,Public       ,1,6,7,4,13,17
04166800,SALON PROFESSIONAL ACADEMY (THE)        ,OH,45551-0000,Proprietary  ,20,53,73,32,72,104
04167700,ARTISAN COLLEGE OF COSMETOLOGY (THE)    ,OH,45840-6848,Proprietary  ,3,11,14,3,11,14
        ,INVALID SCHOOL CODE                     ,  ,00000-0000,,946,2308,3254,1640,3847,5487
00134500,ADAMS STATE COLLEGE                     ,CO,81102-2373,Public       ,574,653,1227,2007,1222,3229
00134600,ARAPAHOE COMMUNITY COLLEGE              ,CO,80160-9002,Public       ,795,2048,2843,1681,3572,5253
00134700,COLORADO COLLEGE                        ,CO,80903-3294,Private      ,164,142,306,2524,402,2926
00134800,COLORADO SCHOOL OF MINES                ,CO,80401-1887,Public       ,378,260,638,5036,998,6034
00134900,UNIVERSITY OF NORTHERN COLORADO         ,CO,80639-0001,Public       ,1573,1211,2784,9224,3525,12749
00135000,COLORADO STATE UNIVERSITY               ,CO,80523-0100,Public       ,3179,2797,5976,19291,8046,27337
00135200,DENVER  SEMINARY                        ,CO,80120-2192,Private      ,0,196,196,3,489,492
00135300,FORT LEWIS COLLEGE                      ,CO,81301-3999,Public       ,844,475,1319,3398,1053,4451
00135400,ILIFF SCHOOL OF THEOLOGY                ,CO,80210-0000,Private      ,1,66,67,1,211,212
00135500,LAMAR COMMUNITY COLLEGE                 ,CO,81052-3999,Public       ,108,100,208,265,167,432
00135800,MESA STATE COLLEGE                      ,CO,81501-7682,Public       ,1307,1213,2520,4579,2461,7040
00135900,COLORADO NORTHWESTERN COMMUNITY COLLEGE ,CO,81648-3598,Public       ,129,151,280,330,272,602
00136000,METROPOLITAN STATE CLG OF DENVER        ,CO,80204-0000,Public       ,3062,5109,8171,8772,11720,20492
00136100,NORTHEASTERN JUNIOR COLLEGE             ,CO,80751-2399,Public       ,302,175,477,988,362,1350
00136200,OTERO JUNIOR COLLEGE                    ,CO,81050-3346,Public       ,156,209,365,420,365,785
00136300,REGIS UNIVERSITY                        ,CO,80221-1099,Private      ,299,2603,2902,2479,7245,9724
00136500,COLORADO STATE UNIVERSITY-PUEBLO        ,CO,81001-4901,Public       ,789,1146,1935,4288,2831,7119
00136800,TRINIDAD STATE JR COLLEGE               ,CO,81082-2396,Public       ,178,383,561,408,607,1015
00137000,UNIVERSITY OF COLORADO-BOULDER          ,CO,80309-0077,Public       ,3380,2321,5701,20495,8013,28508
00137100,UNIVERSITY OF DENVER                    ,CO,80208-2000,Private      ,608,2012,2620,6763,8642,15405
00137200,WESTERN STATE COLLEGE                   ,CO,81231-0000,Public       ,487,191,678,2042,443,2485
00163202,AQUINAS INSTITUTE OF THEOLOGY - AQUINAS ,CO,80903-1498,Private      ,1,10,11,3,27,30
00405702,NATIONAL AMERICAN UNIVERSITY            ,CO,80918-0000,Proprietary  ,8,93,101,24,171,195
00405703,NATIONAL AMERICAN UNIVERSITY            ,CO,80222-0000,Proprietary  ,9,113,122,21,206,227
00450300,EVEREST COLLEGE                         ,CO,80916-3548,Proprietary  ,87,464,551,118,652,770
00450600,COLORADO MOUNTAIN COLLEGE               ,CO,81602-0000,Public       ,379,464,843,1118,972,2090
00450700,EVEREST COLLEGE                         ,CO,80229-4339,Proprietary  ,64,405,469,87,698,785
00450701,"EVEREST COLLEGE- EVEREST COLLEGE, AURORA",CO,80012-5692,Proprietary  ,62,329,391,81,439,520
00450800,UNIVERSITY OF COLORADO DENVER           ,CO,80204-2029,Public       ,1686,4648,6334,6531,11618,18149
00450900,UNIV OF COLORADO AT COLO SPRINGS        ,CO,80918-3735,Public       ,1144,1483,2627,5081,3761,8842
00559600,EMILY GRIFFITH OPPORTUNITY SCH          ,CO,80204-2197,Public       ,167,641,808,377,1198,1575
00729700,REDSTONE COLLEGE                        ,CO,80020-9988,Proprietary  ,123,359,482,200,626,826
00754700,LINCOLN COLLEGE OF TECHNOLOGY           ,CO,80223-2013,Proprietary  ,375,377,752,647,639,1286
00754800,WESTWOOD COLLEGE - DENVER NORTH         ,CO,80221-3653,Proprietary  ,273,1147,1420,484,2053,2537
00754801,WESTWOOD COLLEGE - DENVER SOUTH         ,CO,80227-3653,Proprietary  ,103,528,631,178,909,1087
00758200,AIMS COMMUNITY COLLEGE                  ,CO,80632-0000,Public       ,604,1135,1739,1595,2649,4244
00764900,ROCKY MOUNTAIN COLG OF ART & DESIGN     ,CO,80214-0000,Proprietary  ,177,106,283,793,286,1079
00793300,FRONT RANGE COMMUNITY COLLEGE           ,CO,80031-2199,Public       ,2125,3893,6018,4820,8628,13448
00863500,INTELLITEC MEDICAL INSTITUTE            ,CO,80909-1570,Proprietary  ,36,250,286,54,399,453
00887100,CONCORDE CAREER INSTITUTE               ,CO,80203-0000,Proprietary  ,71,401,472,129,659,788
00889600,PIKES PEAK COMMUNITY COLLEGE            ,CO,80906-5498,Public       ,1343,3688,5031,2903,6717,9620
00940100,COLORADO CHRISTIAN UNIVERSITY           ,CO,80226-7449,Private      ,331,894,1225,1477,1624,3101
00954200,COMMUNITY COLLEGE OF DENVER             ,CO,80217-2026,Public       ,1405,3419,4824,3295,6752,10047
00954300,RED ROCKS COMMUNITY COLLEGE             ,CO,80228-1255,Public       ,814,2022,2836,1937,3886,5823
00998100,MORGAN COMMUNITY COLLEGE                ,CO,80701-4399,Public       ,84,317,401,202,569,771
01014800,COLORADO TECHNICAL UNIVERSITY           ,CO,80907-3896,Proprietary  ,176,2851,3027,302,5006,5308
01014802,COLORADO TECHNICAL UNIV - DENVER        ,CO,80111-3201,Proprietary  ,65,384,449,101,755,856
01014805,COLORADO TECH UNIV - ON LINE            ,CO,80907-0000,Proprietary  ,491,14162,14653,724,21434,22158
01014806,COLORADO TECH UNIV - FED EXPRESS        ,CO,80921-3800,Proprietary  ,3,48,51,8,80,88
01014808,COLORADO TECH UNIV - USAA               ,CO,80920-1005,Proprietary  ,5,24,29,11,53,64
01014809,COLORADO TECH UNIV - SCHRIEVER AFB      ,CO,80912-7298,Proprietary  ,0,5,5,1,6,7
01014810,COLORADO TECH UNIV - PETERSON AFB       ,CO,80914-1586,Proprietary  ,1,10,11,5,19,24
01014811,COLORADO TECH UNIV-HEWLETT PACKARD      ,CO,80919-2303,Proprietary  ,1,12,13,7,34,41
01014812,COLORADO TECHNICAL UNIVERSITY - WESTMINS,CO,80021-3498,Proprietary  ,72,536,608,99,1045,1144
01014813,COLORADO TECH UNIV - ORACLE             ,CO,80921-3660,Proprietary  ,5,34,39,10,71,81
01014815,COLORADO TECHNCL UNIV PUEBLO            ,CO,81003-2315,Proprietary  ,28,160,188,64,393,457
01070900,EMPIRE BEAUTY SCHOOL-LAKEWOOD           ,CO,80215-0000,Proprietary  ,22,79,101,30,103,133
01157200,COLORADO SCHOOL OF TRADES               ,CO,80215-2996,Proprietary  ,22,106,128,62,207,269
01267000,BEL-REA INST OF ANIMAL TECH             ,CO,80247-3048,Proprietary  ,224,364,588,412,689,1101
01285000,INTERNATIONAL SALON AND SPA ACADEMY     ,CO,80918-3684,Proprietary  ,33,83,116,45,118,163
01287500,PICKENS TECHNICAL COLLEGE               ,CO,80011-9307,Public       ,97,350,447,180,548,728
01300700,NAZARENE BIBLE COLLEGE                  ,CO,80910-3717,Private      ,21,254,275,45,484,529
02072200,EMPIRE BEAUTY SCHOOL -ARVADA            ,CO,80212-0000,Proprietary  ,34,86,120,47,111,158
02078900,ART INSTITUTE OF COLORADO (THE)         ,CO,80203-2983,Proprietary  ,663,848,1511,1407,1500,2907
02116300,PUEBLO COMMUNITY COLLEGE                ,CO,81004-0000,Public       ,549,1853,2402,1221,3561,4782
02116313,SAN JUAN BASINTECHNICAL COLLEGE         ,CO,81328-9196,Public       ,5,17,22,17,26,43
02117500,NAROPA UNIVERSITY                       ,CO,80302-0000,Private      ,69,300,369,317,1143,1460
02133100,COLORADO CENTER FOR MEDICAL LABORATORY S,CO,80218-0000,Private      ,10,40,50,27,86,113
02141100,ARTISTIC BEAUTY COLGS-WESTMINSTER       ,CO,80030-0000,Proprietary  ,28,93,121,39,122,161
02141103,ARTISTIC BEAUTY COLLEGES-AURORA         ,CO,80017-3194,Proprietary  ,11,43,54,25,62,87
02156200,DELTA - MONTROSE TECHNICAL COLLEGE      ,CO,81416-0000,Public       ,32,73,105,71,136,207
02160600,EMPIRE BEAUTY SCHOOL -THORNTON          ,CO,80241-1659,Proprietary  ,40,84,124,53,115,168
02165200,SALON PROFESSIONAL ACADEMY (THE)        ,CO,81504-5309,Proprietary  ,12,24,36,20,47,67
02167600,KAPLAN COLLEGE                          ,CO,80229-5309,Proprietary  ,34,245,279,76,470,546
02171300,TRINIDAD STATE JUNIOR COLLEGE           ,CO,81101-0000,Proprietary  ,0,1,1,0,1,1
02188700,DENVER ACAD OF COURT REPORTING          ,CO,80030-0000,Proprietary  ,13,120,133,17,157,174
02211901,CHEEKS INTERNATIONAL ACADEMY OF BEAUTY C,CO,80525-3053,Proprietary  ,5,12,17,11,22,33
02211902,CHEEKS INTERNATIONAL ACDMY BTY CULT     ,CO,80631-0000,Proprietary  ,3,4,7,10,15,25
02253700,INTELLITEC COLLEGE                      ,CO,80909-0000,Proprietary  ,31,141,172,56,213,269
02267500,GLENWOOD BEAUTY ACADEMY                 ,CO,81601-0000,Proprietary  ,3,14,17,5,20,25
02276900,COMMUNITY COLLEGE OF AURORA             ,CO,80011-9036,Public       ,670,2069,2739,1374,3501,4875
02321700,ITT TECHNICAL INSTITUTE                 ,CO,80229-5338,Proprietary  ,145,567,712,185,646,831
02518500,HAIR DYNAMICS EDUCATION CENTER          ,CO,80525-0000,Proprietary  ,39,54,93,59,85,144
02594300,COLLEGE AMERICA - DENVER                ,CO,80222-3380,Proprietary  ,239,1226,1465,390,2241,2631
02611000,HERITAGE COLLEGE                        ,CO,80212-7413,Proprietary  ,84,280,364,127,498,625
03006300,INST OF BUSINESS & MEDICAL CAREERS      ,CO,80525-3044,Proprietary  ,102,562,664,148,821,969
03012100,REMINGTON COLLEGE - COLORADO SPRINGS CAM,CO,80215-0000,Proprietary  ,19,90,109,31,150,181
03013100,BOULDER COLLEGE OF MASSAGE THERAPY      ,CO,80301-3295,Private      ,31,83,114,69,150,219
03014900,PLATT COLLEGE                           ,CO,80014-3141,Proprietary  ,17,98,115,36,165,201
03027400,XENON INTERNATIONAL ACADEMY III         ,CO,80014-1193,Proprietary  ,23,57,80,42,75,117
03030606,UTAH COLLEGE OF MASSAGE THERAPY - DENVER,CO,80031-2921,Proprietary  ,35,90,125,57,123,180
03030607,UTAH COLLEGE OF MASSAGE THERAPY - DENVER,CO,80012-2523,Proprietary  ,29,88,117,49,135,184
03066900,INTELLITEC COLLEGE                      ,CO,81506-3994,Proprietary  ,55,180,235,77,227,304
03068201,OHIO CENTER FOR BROADCASTING - COLORADO ,CO,80214-4129,Proprietary  ,13,54,67,24,90,114
03076401,BRYMAN SCHOOL OF ARIZONA (THE) - ANTHEM ,CO,80014-2622,Proprietary  ,2,15,17,2,24,26
03289300,COLORADO HEIGHTS UNIVERSITY             ,CO,80236-2711,Private      ,14,65,79,37,95,132
03306300,MONTESSORI EDUC CRT OF THE ROCKIES      ,CO,80301-2587,Private      ,2,25,27,4,39,43
03534300,JONES INTERNATIONAL UNIVERSITY          ,CO,80112-3446,Proprietary  ,180,2465,2645,243,4028,4271
03545300,UNIVERSITY OF THE ROCKIES               ,CO,80903-3612,Proprietary  ,9,602,611,28,1041,1069
03584400,COLORADO SCHOOL OF HEALING ARTS         ,CO,80226-4332,Proprietary  ,34,108,142,52,156,208
03670300,TONI & GUY HAIRDRESSING ACADEMY         ,CO,80911-1713,Proprietary  ,30,72,102,61,111,172
03686300,COLORADO SCHOOL OF TRADITIONAL CHINESE M,CO,80206-2127,Proprietary  ,2,43,45,5,92,97
03776300,CULINARY SCHOOL OF THE ROCKIES          ,CO,80305-5961,Proprietary  ,22,58,80,58,110,168
03972300,CUTTIN' UP BEAUTY ACADEMY               ,CO,80220-0000,Proprietary  ,8,20,28,19,41,60
03976300,MASSAGE THERAPY INSTITUTE OF COLORADO   ,CO,80206-2127,Proprietary  ,19,51,70,45,88,133
04080300,ASPEN UNIVERSITY                        ,CO,80246-1930,Proprietary  ,13,81,94,42,142,184
04093300,ACADEMY OF NATURAL THERAPY              ,CO,80631-3425,Proprietary  ,8,48,56,18,80,98
04121200,INSTITUTE OF TAOIST EDUCATION AND ACUPUN,CO,80027-1028,Private      ,1,20,21,4,33,37
04125100,MONTESSORI CENTRE INTERNATIONAL DENVER  ,CO,80111-5263,Private      ,1,5,6,1,11,12
04139300,NATIONAL BEAUTY COLLEGE                 ,CO,80221-0000,Proprietary  ,16,53,69,26,63,89
04148300,DENVER SCHOOL OF NURSING                ,CO,80202-1213,Proprietary  ,62,323,385,145,711,856
04151100,SUMMIT SALON & BEAUTY SCHOOL            ,CO,80866-4569,Proprietary  ,1,0,1,2,0,2
04167100,AVEDA INSTITUTE DENVER                  ,CO,80202-0000,Proprietary  ,62,87,149,62,87,149
04170200,PAUL MITCHELL THE SCHOOL COLORADO SPRING,CO,80903-0000,Proprietary  ,33,49,82,33,49,82
04173800,SALON PROFESSIONAL ACADEMY (THE)        ,CO,80918-2932,Proprietary  ,11,19,30,11,19,30
00267811,BRYANT & STRATTON COLLEGE - VIRGINIA BEA,VA,23462-4417,Proprietary  ,190,798,988,309,1614,1923
00370200,AVERETT UNIVERSITY                      ,VA,24541-3692,Private      ,318,547,865,1319,1078,2397
00370300,BLUEFIELD COLLEGE                       ,VA,24605-1799,Private      ,158,158,316,620,308,928
00370400,BRIDGEWATER COLLEGE                     ,VA,22812-1599,Private      ,237,26,263,3263,138,3401
00370500,COLLEGE OF WILLIAM & MARY               ,VA,23187-8795,Public       ,304,453,757,10090,4456,14546
00370600,CHRISTOPHER NEWPORT UNIVERSITY          ,VA,23606-2998,Public       ,815,301,1116,6734,906,7640
00370700,RICHARD BLAND COLLEGE                   ,VA,23805-7100,Public       ,393,160,553,1053,391,1444
00370800,EASTERN MENNONITE UNIVERSITY            ,VA,22802-2462,Private      ,234,143,377,1025,382,1407
00370900,EMORY & HENRY COLLEGE                   ,VA,24327-0010,Private      ,251,47,298,1289,115,1404
00371100,FERRUM COLLEGE                          ,VA,24088-2612,Private      ,500,67,567,2873,228,3101
00371200,TIDEWATER COMMUNITY COLLEGE             ,VA,23510-1910,Public       ,2952,6451,9403,7007,13923,20930
00371300,HAMPDEN-SYDNEY COLLEGE                  ,VA,23943-0128,Private      ,201,6,207,1229,37,1266
00371400,HAMPTON UNIVERSITY                      ,VA,23668-0099,Private      ,1250,839,2089,8325,2510,10835
00371500,HOLLINS UNIVERSITY                      ,VA,24020-0000,Private      ,155,206,361,893,548,1441
00371900,LONGWOOD UNIVERSITY                     ,VA,23909-1899,Public       ,746,225,971,4941,611,5552
00372000,LYNCHBURG COLLEGE                       ,VA,24501-3199,Private      ,668,295,963,3223,600,3823
00372100,JAMES MADISON UNIVERSITY                ,VA,22807-3780,Public       ,2230,569,2799,20852,2219,23071
00372300,MARY BALDWIN COLLEGE                    ,VA,24401-3610,Private      ,246,316,562,1311,728,2039
00372400,MARYMOUNT UNIVERSITY                    ,VA,22207-4224,Private      ,456,651,1107,2223,1742,3965
00372600,NATIONAL COLLEGE                        ,VA,24153-4524,Proprietary  ,397,3031,3428,621,6171,6792
00372700,NORTHERN VA CMTY CLG                    ,VA,22003-3743,Public       ,4543,5824,10367,9086,10726,19812
00372800,OLD DOMINION UNIVERSITY                 ,VA,23529-0052,Public       ,3030,3744,6774,16443,10264,26707
00373200,RADFORD UNIVERSITY                      ,VA,24142-6905,Public       ,1429,530,1959,8336,1976,10312
00373300,RANDOLPH-MACON COLLEGE                  ,VA,23005-5505,Private      ,378,39,417,2456,122,2578
00373400,RANDOLPH COLLEGE                        ,VA,24503-1526,Private      ,134,51,185,767,115,882
00373500,VIRGINIA COMMONWEALTH UNIVERSITY        ,VA,23284-9004,Public       ,4325,4368,8693,19907,11446,31353
00373600,ROANOKE COLLEGE                         ,VA,24153-3794,Private      ,416,62,478,3077,201,3278
00373700,SHENANDOAH UNIVERSITY                   ,VA,22601-5195,Private      ,493,616,1109,2470,1672,4142
00373800,SOUTHERN VIRGINIA UNIVERSITY            ,VA,24416-3038,Private      ,312,78,390,860,156,1016
00373900,ST PAULS COLLEGE                        ,VA,23868-1299,Private      ,190,124,314,511,301,812
00374200,SWEET BRIAR COLLEGE                     ,VA,24595-9998,Private      ,194,19,213,713,48,761
00374300,UNION THEO SEMINARY & PRESBYTRN SCH     ,VA,23227-0000,Private      ,1,52,53,2,85,87
00374400,UNIVERSITY OF RICHMOND                  ,VA,23173-0001,Private      ,749,645,1394,6074,2251,8325
00374500,UNIVERSITY OF VIRGINIA - SFS            ,VA,22903-0000,Public       ,1548,2054,3602,18178,8824,27002
00374600,UNIVERSITY OF MARY WASHINGTON           ,VA,22401-5358,Public       ,504,320,824,4667,948,5615
00374700,UNIV OF VIRGINIA'S COLLEGE AT WISE      ,VA,24293-4412,Public       ,377,140,517,1792,358,2150
00374800,EASTERN SHORE COMMUNITY COLLEGE         ,VA,23410-3000,Public       ,155,236,391,279,429,708
00374900,GEORGE MASON UNIVERSITY                 ,VA,22030-4444,Public       ,2815,4217,7032,16247,12215,28462
00375100,PATRICK HENRY COMMUNITY COLLEGE         ,VA,24112-5311,Public       ,331,816,1147,728,1579,2307
00375200,VIRGINIA INTERMONT COLLEGE              ,VA,24201-4298,Private      ,148,100,248,781,231,1012
00375300,VIRGINIA MILITARY INSTITUTE             ,VA,24450-2138,Public       ,337,18,355,1760,59,1819
00375400,VIRGINIA POLYTECH INST & STATE UNIV     ,VA,24061-2000,Public       ,1805,935,2740,24159,4457,28616
00375800,DANVILLE COMMUNITY COLLEGE              ,VA,24541-4004,Public       ,481,1019,1500,963,1932,2895
00375900,J. SARGEANT REYNOLDS COMMUNITY CLG      ,VA,23285-0000,Public       ,1609,3279,4888,3574,6788,10362
00376000,VIRGINIA WESTERN CMTY COLLEGE           ,VA,24038-0000,Public       ,897,1486,2383,2032,2854,4886
00376100,WYTHEVILLE COMMUNITY COLLEGE            ,VA,24382-3308,Public       ,469,709,1178,1111,1549,2660
00376200,VIRGINIA UNIVERSITY OF LYNCHBURG        ,VA,24501-6400,Private      ,36,180,216,100,282,382
00376400,VIRGINIA STATE UNIVERSITY               ,VA,23806-0001,Public       ,1808,860,2668,8918,2396,11314
00376500,NORFOLK STATE UNIVERSITY                ,VA,23504-8000,Public       ,2096,2054,4150,7588,4991,12579
00376600,VIRGINIA UNION UNIVERSITY               ,VA,23220-1711,Private      ,774,378,1152,4063,962,5025
00376700,VIRGINIA WESLEYAN COLLEGE               ,VA,23502-5599,Private      ,312,204,516,1752,494,2246
00376800,WASHINGTON & LEE UNIVERSITY             ,VA,24450-0303,Private      ,374,138,512,2427,1739,4166
00400400,JOHN TYLER COMMUNITY COLLEGE            ,VA,23831-5316,Public       ,1161,1918,3079,2343,3567,5910
00450301,"EVEREST COLLEGE- EVEREST COLLEGE, MCLEAN",VA,22102-3000,Proprietary  ,58,210,268,72,316,388
00450702,"EVEREST COLLEGE- EVEREST COLLEGE, ARLING",VA,22203-1905,Proprietary  ,77,304,381,123,463,586
00498800,CENTRAL VIRGINIA COMMUNITY COLLEGE      ,VA,24502-2498,Public       ,577,831,1408,1208,1602,2810
00499200,MILLER-MOTTE TECHNICAL COLLEGE          ,VA,24505-0000,Proprietary  ,54,116,170,70,153,223
00499600,DABNEY S LANCASTER COMMUNITY CLG        ,VA,24422-1000,Public       ,103,184,287,418,422,840
00522300,NEW RIVER COMMUNITY COLLEGE             ,VA,24084-1127,Public       ,555,863,1418,1238,1780,3018
00607500,ROANOKE MEM HOSP SCH RAD ONCOLOGY       ,VA,24033-0000,Private      ,4,8,12,9,17,26
00607501,ROANOKE MEM HOSP SCH RAD TECH           ,VA,24014-1850,Private      ,3,12,15,8,24,32
00662200,COLLEGE OF HEALTH SCIENCES - CHRV       ,VA,24031-0000,Private      ,182,422,604,490,833,1323
00681900,BLUE RIDGE COMMUNITY COLLEGE            ,VA,24486-0080,Public       ,474,604,1078,1497,1640,3137
00687100,THOMAS NELSON COMMUNITY COLLEGE         ,VA,23670-0000,Public       ,1211,2581,3792,2522,5079,7601
00709900,VIRGINIA HIGHLANDS COMMUNITY CLG        ,VA,24210-4210,Public       ,391,607,998,931,1209,2140
00726000,SOUTHWEST VIRGINIA COMMUNITY CLG        ,VA,24641-1510,Public       ,384,675,1059,777,1170,1947
00859200,LOUISE OBICI SCHOOL OF NURSING          ,VA,23434-8038,Private      ,6,19,25,17,56,73
00865900,LORD FAIRFAX COMMUNITY COLLEGE          ,VA,22645-0047,Public       ,644,910,1554,1403,1849,3252
00866000,GERMANNA COMMUNITY COLLEGE              ,VA,22508-0339,Public       ,656,932,1588,1411,2020,3431
00866100,SOUTHSIDE VIRGINIA CMTY CLG             ,VA,23821-2930,Public       ,530,1108,1638,862,1767,2629
00915900,PAUL D CAMP COMMUNITY COLLEGE           ,VA,23851-0737,Public       ,133,376,509,318,821,1139
00916000,RAPPAHANNOCK COMMUNITY COLLEGE          ,VA,23149-2616,Public       ,223,362,585,578,732,1310
00926700,EVEREST COLLEGE                         ,VA,23606-4203,Proprietary  ,44,342,386,80,562,642
00926701,EVEREST COLLEGE - CHESAPEAKE            ,VA,23320-2637,Proprietary  ,51,351,402,73,461,534
00942000,SANFORD-BROWN COLLEGE                   ,VA,22182-3913,Proprietary  ,121,421,542,167,588,755
00953500,STAUNTON SCHOOL OF COSMETOLOGY          ,VA,24401-4323,Proprietary  ,4,6,10,7,12,19
00953700,VIRGINIA SCH OF HAIR DESIGN             ,VA,23669-0000,Proprietary  ,12,75,87,23,128,151
00962900,MOUNTAIN EMPIRE COMMUNITY COLLEGE       ,VA,24219-0700,Public       ,481,810,1291,882,1203,2085
00992800,PIEDMONT VIRGINIA COMMUNITY COLLEGE     ,VA,22902-7589,Public       ,436,762,1198,1030,1630,2660
01004300,BON SECOURS MEMORIAL COLLEGE OF NURSING ,VA,23227-4612,Private      ,77,181,258,186,439,625
01019800,ECPI COLLEGE OF TECHNOLOGY              ,VA,23462-6542,Proprietary  ,1249,4389,5638,1913,7269,9182
01033800,EASTERN VIRGINIA MEDICAL SCHOOL         ,VA,23501-1980,Private      ,19,300,319,44,1243,1287
01159600,RALPH'S VIRGINIA SCH OF COSMETOLOGY     ,VA,24501-2652,Proprietary  ,3,11,14,6,20,26
01162601,WESTWOOD COLLEGE - SOUTH BAY - ARLINGTON,VA,22203-4167,Proprietary  ,162,283,445,321,480,801
01162602,WESTWOOD COLLEGE - SOUTH BAY - ANNANDALE,VA,22003-2602,Proprietary  ,133,250,383,231,494,725
01274400,SOUTHSIDE REGIONAL MED CTR PROF SCHOOLS ,VA,23803-5133,Proprietary  ,22,105,127,43,181,224
01274402,SOUTHSIDE REG MED CTR SCH RAD TECH      ,VA,23803-0000,Proprietary  ,5,20,25,10,47,57
02053000,LIBERTY UNIVERSITY                      ,VA,24502-0000,Private      ,4604,14512,19116,16332,26279,42611
02108800,WARDS CORNER BEAUTY ACADEMY             ,VA,23505-0000,Proprietary  ,27,116,143,37,164,201
02111600,DANVILLE REGIONAL MEDICAL CENTER SCHOOL ,VA,24541-0000,Proprietary  ,20,44,64,42,99,141
02128700,CENTRAL SCHOOL OF PRACTICAL NURSING     ,VA,23502-2230,Public       ,25,66,91,52,139,191
02140000,RIVERSIDE SCHOOL OF HEALTH CAREERS      ,VA,23608-3802,Private      ,46,226,272,105,468,573
02175800,LYNCHBURG GENERAL HOSP SCH OF NURSG     ,VA,24501-0000,Private      ,32,102,134,71,183,254
02197600,WOODROW WILSON REHABILITATION CTR       ,VA,22939-0000,Public       ,4,7,11,13,10,23
02242400,HENRICO CTY ST MARYS HOSP PRAC NRSG     ,VA,23075-0000,Public       ,4,22,26,12,45,57
02247200,MEDSPA CAREERS INSTITUTE                ,VA,23606-0000,Proprietary  ,26,110,136,61,212,273
02304500,HERITAGE INSTITUTE                      ,VA,20111-0000,Proprietary  ,31,147,178,55,255,310
02320900,TIDEWATER TECH                          ,VA,23517-0000,Proprietary  ,65,261,326,110,463,573
02334400,CENTURA COLLEGE                         ,VA,23452-0000,Proprietary  ,200,1945,2145,340,3339,3679
02342700,FORTIS COLLEGE                          ,VA,23502-4101,Proprietary  ,41,205,246,62,333,395
02342701,FORTIS COLLEGE - RICHMOND CAMPUS        ,VA,23236-3472,Proprietary  ,108,272,380,157,417,574
02358500,BON SECOURS SAINT MARY'S HOSPITAL SCHOOL,VA,23227-4612,Private      ,17,59,76,46,145,191
02535400,SKYLINE COLLEGE - RICHMOND              ,VA,23236-0000,Proprietary  ,84,229,313,187,493,680
02538800,SUFFOLK BEAUTY ACADEMY                  ,VA,23434-0000,Proprietary  ,2,10,12,5,19,24
02541200,STRATFORD UNIVERSITY                    ,VA,22043-0000,Proprietary  ,58,414,472,125,627,752
02541201,STRATFORD UNIVERSITY-WOODBRIDGE         ,VA,22192-0000,Proprietary  ,43,156,199,71,273,344
02610100,WASHINGTON COUNTY ADULT SKILL CTR       ,VA,24210-2346,Public       ,11,61,72,14,76,90
03002400,GRAHAM WEBB INTERNATIONAL ACAD HAIR     ,VA,22209-2129,Proprietary  ,15,35,50,22,52,74
03010700,BAR PALMA BEAUTY CAREERS  ACADEMY       ,VA,24014-2255,Proprietary  ,5,19,24,6,35,41
03042800,"VIRGINIA BEACH CITY SCHOOLS, SCH.-PR.NSG",VA,23456-0038,Public       ,10,35,45,24,73,97
03091100,ACT COLLEGE                             ,VA,22209-2297,Proprietary  ,20,133,153,33,193,226
03091300,REGENT UNIVERSITY                       ,VA,23464-9800,Private      ,279,2128,2407,1024,4539,5563
03092700,SKYLINE COLLEGE                         ,VA,24012-1603,Proprietary  ,47,162,209,93,285,378
03096500,SPRINGFIELD BEAUTY ACADEMY              ,VA,22003-3016,Proprietary  ,1,14,15,1,22,23
03106500,SENTARA NORFOLK GENERAL HOSPITAL        ,VA,23320-2843,Private      ,24,169,193,83,407,490
03116900,BAPTIST THEOLOGICAL SEM.-RICHMOND       ,VA,23227-0000,Private      ,3,31,34,5,64,69
03126300,AVIATION INSTITUTE OF MAINTENANCE       ,VA,23320-5987,Proprietary  ,57,244,301,95,355,450
03126400,CENTURA COLLEGE                         ,VA,23235-5230,Proprietary  ,76,352,428,121,630,751
03126401,CENTURA COLLEGE - WEST                  ,VA,23294-0000,Proprietary  ,21,63,84,30,135,165
03127500,ADVANCED TECHNOLOGY INSTITUTE           ,VA,23462-2409,Proprietary  ,246,284,530,444,492,936
03280400,VIRGINIA SCHOOL OF MASSAGE              ,VA,22903-0000,Proprietary  ,20,62,82,32,96,128
03409500,RICHMOND SCHOOL OF HEALTH AND TECH      ,VA,23227-0000,Proprietary  ,64,267,331,115,544,659
03455300,CRESCENT COSMETOLOGY UNIVERSITY         ,VA,23666-3115,Proprietary  ,4,12,16,12,24,36
03559300,APPALACHIAN SCHOOL OF LAW               ,VA,24614-0000,Private      ,2,225,227,10,644,654
03638400,TAP THIS VALLEY WORKS CTR FOR EMPLO     ,VA,24016-1901,Private      ,0,10,10,2,15,17
03645400,RUDY & KELLY ACADEMY OF HAIR AND NA     ,VA,23464-6857,Proprietary  ,37,87,124,52,158,210
03654300,CAREER TRAINING SOLUTIONS               ,VA,22406-1014,Proprietary  ,37,158,195,50,295,345
03709300,EDWARD VIA VIRGINIA CLG OSTEOPATHIC MED ,VA,24060-6360,Private      ,0,299,299,8,766,774
03872400,INSTITUTE FOR THE PSYCHOLOGICAL SCIENCES,VA,22202-3609,Private      ,3,20,23,8,105,113
03876300,CULPEPER COSMETOLOGY TRAINING CENTER    ,VA,22701-3155,Public       ,6,18,24,8,23,31
03883400,AVIATION INSTITUTE OF MAINTENANCE       ,VA,20110-4156,Proprietary  ,43,174,217,117,427,544
04038400,AVI CAREER INSTITUTE                    ,VA,22066-1839,Proprietary  ,3,38,41,7,50,57
04124000,DOMINION SCHOOL OF HAIR DESIGN          ,VA,23062-2221,Proprietary  ,6,10,16,10,16,26
04127300,COLUMBIA COLLEGE                        ,VA,22031-4413,Proprietary  ,13,51,64,23,89,112
04133400,CENTURA COLLEGE                         ,VA,22312-2670,Proprietary  ,14,80,94,24,165,189
04133800,SOUTHEAST CULINARY & HOSPITALITY COLLEGE,VA,24201-4159,Proprietary  ,16,30,46,43,64,107
04137300,CAYCE/REILLY SCHOOL OF MASSOTHERAPY     ,VA,23451-2061,Private      ,3,25,28,7,38,45
04140000,GLOBAL HEALTH NURSE TRAINING SERVICES   ,VA,22314-4585,Proprietary  ,10,106,116,24,211,235
04153800,BETHEL COLLEGE                          ,VA,23666-3122,Private      ,10,23,33,12,30,42
04156200,INSTITUTE OF ADVANCED MEDICAL ESTHETICS ,VA,23294-4701,Proprietary  ,2,33,35,8,67,75
00107000,THUNDERBIRD SCHOOL OF GLOBAL MANAGEMENT ,AZ,85306-6000,Private      ,2,281,283,10,596,606
00107100,ARIZONA WESTERN COLLEGE                 ,AZ,85366-0000,Public       ,2060,2242,4302,3561,3503,7064
00107200,COCHISE COLLEGE                         ,AZ,85607-6190,Public       ,684,995,1679,1088,1617,2705
00107300,EASTERN ARIZONA COLLEGE                 ,AZ,85552-0769,Public       ,570,639,1209,1246,1150,2396
00107400,GRAND CANYON UNIVERSITY                 ,AZ,85017-3030,Proprietary  ,1450,21512,22962,3799,36508,40307
00107600,GLENDALE COMMUNITY COLLEGE              ,AZ,85302-3090,Public       ,3662,4613,8275,7072,8204,15276
00107700,MESA COMMUNITY COLLEGE                  ,AZ,85202-4866,Public       ,3838,6030,9868,7305,10630,17935
00107800,PHOENIX COLLEGE                         ,AZ,85013-4234,Public       ,2006,4148,6154,3930,7406,11336
00107900,YAVAPAI COLLEGE                         ,AZ,86301-3297,Public       ,758,1429,2187,1765,2834,4599
00108100,ARIZONA STATE UNIV (ALL CAMPUSES)       ,AZ,85287-0412,Public       ,9565,10449,20014,43100,27208,70308
00108200,NORTHERN ARIZONA UNIVERSITY             ,AZ,86011-0001,Public       ,4136,4275,8411,21853,9761,31614
00108300,UNIVERSITY OF ARIZONA                   ,AZ,85721-0066,Public       ,5118,3980,9098,25969,12793,38762
00165701,MIDWESTERN UNIVERSITY                   ,AZ,85308-0000,Private      ,30,841,871,100,3028,3128
00446700,TUCSON COLLEGE                          ,AZ,85711-3781,Proprietary  ,59,277,336,121,440,561
00711300,SOUTHWESTERN COLLEGE                    ,AZ,85032-7097,Private      ,149,97,246,428,215,643
00726600,PIMA COUNTY COMMUNITY COLLEGE           ,AZ,85709-1110,Public       ,4234,7150,11384,7947,12378,20325
00728300,CENTRAL ARIZONA COLLEGE                 ,AZ,85228-9779,Public       ,1002,1679,2681,1739,2857,4596
00822100,UNIVERSAL TECHNICAL INSTITUTE           ,AZ,85323-7946,Proprietary  ,3103,2899,6002,7353,6130,13483
00824600,DINè COLLEGE                            ,AZ,86556-0126,Public       ,421,554,975,574,782,1356
00830300,GATEWAY COMMUNITY COLLEGE               ,AZ,85034-1795,Public       ,743,2353,3096,1616,4205,5821
00830302,MARICOPA SKILL CENTER                   ,AZ,85034-0000,Public       ,162,663,825,263,1078,1341
00830400,SCOTTSDALE COMMUNITY COLLEGE            ,AZ,85250-0000,Public       ,1481,1751,3232,2867,3040,5907
00832200,DEVRY INSTITUTE OF TECHNOLOGY           ,AZ,85021-2995,Proprietary  ,33,89,122,151,300,451
00886400,ARIZONA ACADEMY OF BEAUTY               ,AZ,85712-5021,Proprietary  ,17,34,51,48,57,105
00886500,ARTISTIC BEAUTY COLLEGES-TUCSON         ,AZ,85716-3999,Proprietary  ,74,183,257,99,234,333
00886501,ARTISTIC BEAUTY COLLEGES - TUCSON  - NOR,AZ,85705-1665,Proprietary  ,2,16,18,11,28,39
00945100,BROWN MACKIE COLLEGE                    ,AZ,85712-5300,Proprietary  ,449,2035,2484,588,2859,3447
01084700,ARIZONA AUTOMOTIVE INSTITUTE            ,AZ,85301-3503,Proprietary  ,211,782,993,306,997,1303
01085800,AVALON SCHOOL OF COSMETOLOGY            ,AZ,85210-4010,Proprietary  ,67,174,241,98,253,351
01168900,REFRIGERATION SCHOOL                    ,AZ,85034-0000,Proprietary  ,40,333,373,57,457,514
01180200,ARIZONA ACADEMY OF BEAUTY-NORTH         ,AZ,85705-2720,Proprietary  ,11,32,43,26,49,75
01180800,ARTISTIC BEAUTY COLLEGES-FLAGSTAFF      ,AZ,86004-5119,Proprietary  ,67,140,207,106,221,327
01180801,CLG OF BEAUTY ARTS & SCI/CHANDLER       ,AZ,85224-0000,Proprietary  ,7,13,20,8,23,31
01180802,CLG OF BEAUTY ARTS & SCI/PRESCOTT       ,AZ,86303-0000,Proprietary  ,5,12,17,12,20,32
01186200,NORTHLAND PIONEER COLLEGE               ,AZ,86025-2996,Public       ,265,612,877,436,1012,1448
01186400,MOHAVE COMMUNITY COLLEGE                ,AZ,86409-1238,Public       ,515,1813,2328,878,3138,4016
01218400,INTERNATIONAL ACAD OF HAIR DESIGN       ,AZ,85225-7198,Proprietary  ,57,78,135,63,116,179
01234300,ARTISTIC BEAUTY COLLEGES-PHOENIX        ,AZ,85304-0000,Proprietary  ,70,124,194,104,196,300
01293700,ARTISTIC BEAUTY COLLEGES - PARADISE VALL,AZ,85257-0000,Proprietary  ,22,68,90,31,91,122
02065200,ITT TECHNICAL INSTITUTE                 ,AZ,85282-0000,Proprietary  ,259,1232,1491,359,1431,1790
02065300,PRESCOTT COLLEGE                        ,AZ,86301-0000,Private      ,134,399,533,535,858,1393
02071200,KAPLAN COLLEGE                          ,AZ,85029-4349,Proprietary  ,142,729,871,256,1300,1556
02098800,UNIVERSITY OF PHOENIX                   ,AZ,85040-0000,Proprietary  ,5716,119759,125475,9818,193345,203163
02100500,UNIVERSAL TECHNICAL INSTITUTE           ,AZ,85027-0000,Proprietary  ,2375,3408,5783,5557,7214,12771
02100600,APOLLO COLLEGE                          ,AZ,85015-0000,Proprietary  ,677,2535,3212,1078,3993,5071
02113800,ROBERTO-VENN SCH OF LUTHIERY            ,AZ,85040-0000,Proprietary  ,14,24,38,26,41,67
02146600,SOUTH MOUNTAIN COMMUNITY COLLEGE        ,AZ,85040-0000,Public       ,753,1284,2037,1449,2092,3541
02171500,WESTERN INTERNATIONAL UNIVERSITY        ,AZ,85021-0000,Proprietary  ,23,708,731,44,1204,1248
02174900,COLLINS COLLEGE                         ,AZ,85040-4000,Proprietary  ,356,428,784,759,780,1539
02177500,RIO SALADO COMMUNITY COLLEGE            ,AZ,85281-0000,Public       ,685,4881,5566,1279,8633,9912
02179907,ARGOSY UNIVERSITY  -  PHOENIX           ,AZ,85021-0000,Proprietary  ,0,0,0,0,1,1
02190702,FORTIS COLLEGE - PHOENIX CAMPUS         ,AZ,85006-3759,Proprietary  ,4,26,30,12,41,53
02192300,MARICOPA BEAUTY COLLEGE                 ,AZ,85323-0000,Proprietary  ,29,55,84,49,82,131
02199900,AMERICAN INDIAN CLG-ASSEMBLIES GOD      ,AZ,85021-0000,Private      ,23,32,55,41,56,97
02217100,PIMA MEDICAL INSTITUTE                  ,AZ,85716-0000,Proprietary  ,803,2611,3414,1397,4459,5856
02218800,BROOKLINE COLLEGE                       ,AZ,85019-1600,Proprietary  ,112,823,935,181,1313,1494
02218804,BROOKLINE COLLEGE - MESA                ,AZ,85204-4448,Proprietary  ,53,213,266,78,380,458
02218805,BROOKLINE COLLEGE - TUCSON              ,AZ,85711-5444,Proprietary  ,85,340,425,115,482,597
02220300,ARTISTIC BEAUTY COLLEGES-GLENDALE       ,AZ,85051-0000,Proprietary  ,61,148,209,95,267,362
02263100,ANTHEM COLLEGE                          ,AZ,85014-0000,Proprietary  ,222,1294,1516,364,2186,2550
02280500,CHARLES OF ITALY BEAUTY COLLEGE         ,AZ,86403-0000,Proprietary  ,17,25,42,22,28,50
02295000,EVEREST COLLEGE                         ,AZ,85021-1610,Proprietary  ,407,3843,4250,661,6853,7514
02295002,EVEREST COLLEGE - MESA                  ,AZ,85206-4704,Proprietary  ,88,358,446,132,661,793
02317800,AMERICAN INSTITUTE OF TECHNOLOGY        ,AZ,85043-0000,Proprietary  ,28,548,576,60,717,777
02361100,ITT TECHNICAL INSTITUTE                 ,AZ,85704-0000,Proprietary  ,274,855,1129,366,1002,1368
02491500,THE ART CENTER DESIGN COLLEGE           ,AZ,85716-0000,Proprietary  ,66,177,243,146,255,401
02521500,LAMSON COLLEGE                          ,AZ,85284-1141,Proprietary  ,27,120,147,53,216,269
02533200,FRANK LLOYD WRIGHT SCHOOL OF ARCHITECTUR,AZ,85261-4430,Private      ,5,21,26,15,44,59
02559000,UNIVERSITY OF ADVANCING TECHNOLOGY      ,AZ,85283-0000,Proprietary  ,254,240,494,872,546,1418
02561900,TONI AND GUY HAIRDRESSING ACADEMY       ,AZ,85251-3301,Proprietary  ,45,69,114,78,106,184
02582700,CORTIVA INSTITUTE - TUCSON              ,AZ,85710-3503,Proprietary  ,20,95,115,29,134,163
02616700,LE CORDON BLEU COLLEGE OF CULINARY ARTS ,AZ,85251-2729,Proprietary  ,344,809,1153,717,1618,2335
02623600,PARADISE VALLEY COMMUNITY COLLEGE       ,AZ,85032-1210,Public       ,1170,1658,2828,2164,2861,5025
02623800,CORTIVA INSTITUTE - SCOTTSDALE          ,AZ,85257-4218,Proprietary  ,18,54,72,34,113,147
03005000,SAFFORD COLLEGE OF BEAUTY CULTURE       ,AZ,85546-3309,Proprietary  ,1,8,9,5,15,20
03010613,VIRGINIA COLLEGE - GOLF ACADEMY OF ARIZO,AZ,85225-6742,Proprietary  ,44,102,146,81,172,253
03030604,UTAH COLLEGE OF MASSAGE THERAPY - ARIZON,AZ,85282-0000,Proprietary  ,72,167,239,110,224,334
03030605,UTAH COLLEGE OF MASSAGE THERAPY - ARIZON,AZ,85051-3470,Proprietary  ,95,155,250,138,246,384
03034400,CONSERVATORY RECORDING ARTS & SCIS      ,AZ,85282-1707,Proprietary  ,229,268,497,502,580,1082
03072200,CHANDLER-GILBERT COMMUNITY COLLEGE      ,AZ,85225-2499,Public       ,1694,2029,3723,3408,3657,7065
03076400,BRYMAN SCHOOL OF ARIZONA                ,AZ,85029-4919,Proprietary  ,311,996,1307,532,1814,2346
03097800,CARSTEN INSTITUTE OF HAIR & BEAUTY      ,AZ,85282-5404,Proprietary  ,42,77,119,72,113,185
03100400,COCONINO COUNTY COMMUNITY COLLEGE       ,AZ,86001-2701,Public       ,508,732,1240,976,1384,2360
03107000,SOUTHWEST CLG OF NATUROPATHIC MED       ,AZ,85282-0000,Private      ,6,260,266,12,419,431
03115000,ARIZONA COLLEGE OF ALLIED HEALTH        ,AZ,85302-3843,Proprietary  ,98,355,453,178,637,815
03120300,COLLEGE AMERICA                         ,AZ,86004-3936,Proprietary  ,130,502,632,153,665,818
03156300,ESTRELLA MOUNTAIN COMMUNITY COLLEGE     ,AZ,85392-1010,Public       ,1190,1884,3074,2342,3308,5650
03156301,ESTRELLA MOUNTAIN COMMUNITY COLLEGE - SO,AZ,85392-1010,Public       ,403,595,998,768,1081,1849
03347300,INTERNATIONAL BAPTIST COLLEGE           ,AZ,85282-6799,Private      ,26,16,42,36,22,58
03445300,HDS TRUCK DRIVING INSTITUTE             ,AZ,85731-0000,Proprietary  ,2,39,41,3,50,53
03478400,PHOENIX SEMINARY                        ,AZ,85018-7611,Private      ,1,41,42,3,74,77
03572300,EAST VALLEY INSTITUTE OF TECHNOLOGY     ,AZ,85201-6910,Public       ,63,70,133,123,171,294
03593300,SOUTHWEST INSTITUTE OF HEALING ARTS     ,AZ,85281-3658,Proprietary  ,60,280,340,99,499,598
03617500,PHOENIX INSTITUTE OF HERBAL MEDICINE & A,AZ,85012-0000,Proprietary  ,9,85,94,25,154,179
03695500,ARIZONA SCHOOL OF ACUPUNCTURE AND ORIENT,AZ,85712-1100,Proprietary  ,2,51,53,8,79,87
03740500,ART INSTITUTE OF TUCSON (THE)           ,AZ,85712-2732,Proprietary  ,171,245,416,345,426,771
03784400,TOHONO O'ODHAM COMMUNITY COLLEGE        ,AZ,85634-3129,Public       ,9,20,29,14,33,47
03813300,NORTHCENTRAL UNIVERSITY                 ,AZ,86314-2336,Proprietary  ,19,1385,1404,39,2259,2298
03814300,TURNING POINT BEAUTY COLLEGE            ,AZ,85222-4229,Proprietary  ,3,19,22,9,25,34
04051300,ART INSTITUTE OF PHOENIX (THE)          ,AZ,85021-2859,Proprietary  ,2584,9153,11737,4498,16175,20673
04059300,TUCSON COLLEGE OF BEAUTY                ,AZ,85705-2451,Proprietary  ,14,40,54,30,64,94
04120900,ARIZONA CULINARY INSTITUTE              ,AZ,85259-4939,Proprietary  ,86,157,243,188,280,468
04131400,PHOENIX SCHOOL OF LAW                   ,AZ,85012-3330,Proprietary  ,18,480,498,48,1104,1152
04138800,MODERN TECHNIQUES BEAUTY COLLEGE        ,AZ,86403-2974,Proprietary  ,5,17,22,13,24,37
04139200,UNIVERSAL BARBER COLLEGE                ,AZ,85007-3914,Proprietary  ,26,55,81,41,99,140
04152900,STUDIO ACADEMY OF BEAUTY (THE)          ,AZ,85224-3600,Proprietary  ,21,41,62,29,63,92
00142800,DELAWARE STATE UNIVERSITY               ,DE,19901-2277,Public       ,1404,638,2042,6950,1624,8574
00142900,GOLDEY BEACOM COLLEGE                   ,DE,19808-1993,Private      ,163,168,331,442,315,757
00143100,UNIVERSITY OF DELAWARE                  ,DE,19716-0099,Public       ,3316,948,4264,22034,2564,24598
00143300,WESLEY COLLEGE                          ,DE,19901-3875,Private      ,602,202,804,2384,472,2856
00143301,WESLEY COLLEGE-CTR FOR ADULT STUDIE     ,DE,19720-0000,Private      ,13,126,139,25,247,272
00331301,WIDENER UNIV SCHOOL OF LAW - DE         ,DE,19803-0000,Private      ,10,506,516,36,1544,1580
00705300,DELAWARE TECH & CMTY COLLEGE-OWENS      ,DE,19947-0000,Public       ,814,1181,1995,1634,1978,3612
00794800,WILMINGTON UNIVERSITY                   ,DE,19720-6491,Private      ,847,2340,3187,1696,4401,6097
01172700,DELAWARE TECH & CMTY CLG-TERRY          ,DE,19901-8736,Public       ,647,894,1541,1278,1514,2792
02125200,BEEBE SCHOOL OF NURSING                 ,DE,19958-1462,Private      ,18,39,57,49,89,138
02144900,DELAWARE TECH & CMTY CLG-STANTN/WLM     ,DE,19801-0000,Public       ,1289,1549,2838,2580,2588,5168
02190400,SCHILLING DOUGLAS SCH OF HAIR DSGN      ,DE,19711-0000,Proprietary  ,26,72,98,34,89,123
02586902,STAR TECHNICAL INSTITUTE -              ,DE,19901-4615,Proprietary  ,5,27,32,11,50,61
03025800,DAWN TRAINING CENTRE                    ,DE,19805-1511,Proprietary  ,50,341,391,75,524,599
03543300,HARRIS SCHOOL OF BUSINESS               ,DE,19803-5341,Proprietary  ,25,227,252,35,298,333
03702300,DELAWARE LEARNING INSTITUTE OF COSMETOLO,DE,19939-9759,Proprietary  ,16,51,67,22,83,105
04130700,ACADEMY OF MASSAGE AND BODYWORK         ,DE,19701-1321,Proprietary  ,6,21,27,8,29,37
04139800,DELAWARE COLLEGE OF ART & DESIGN        ,DE,19801-3007,Private      ,94,33,127,363,75,438
04171100,DELAWARE ACADEMY PAUL MITCHELL PARTNER S,DE,19702-5108,Proprietary  ,16,37,53,16,37,53
00143400,AMERICAN UNIVERSITY                     ,DC,20016-8020,Private      ,458,1520,1978,12516,10431,22947
00143700,CATHOLIC UNIVERSITY OF AMERICA          ,DC,20064-0002,Private      ,692,872,1564,5379,2390,7769
00143711,"CATHOLIC UNIV AMERICA, LAW SCHOOL       ",DC,20064-0000,Private      ,4,309,313,31,1461,1492
00144100,UNIV OF THE DISTRICT OF COLUMBIA        ,DC,20008-0000,Public       ,839,1905,2744,1658,3705,5363
00144102,UNIV OF THE DIST OF COLU -SCHOOL OF LAW ,DC,20008-1173,Public       ,130,469,599,541,1786,2327
00144300,GALLAUDET UNIVERSITY                    ,DC,20002-3695,Private      ,347,392,739,770,788,1558
00144400,GEORGE WASHINGTON UNIVERSITY            ,DC,20052-2353,Private      ,1755,3118,4873,12696,10057,22753
00144402,GEORGE WASHINGTON UNIV LAW SCHL         ,DC,20052-0000,Private      ,13,713,726,55,4305,4360
00144403,GEORGE WASHINGTON UNIV SCH MED          ,DC,20052-0000,Private      ,6,506,512,38,1351,1389
00144500,GEORGETOWN UNIVERSITY                   ,DC,20057-1252,Private      ,1102,1297,2399,11682,3880,15562
00144501,"GEORGETOWN UNIV, SCH OF MEDICINE        ",DC,20007-0000,Private      ,7,325,332,55,1257,1312
00144502,GEORGETOWN UNIVERSITY - GRADUATE SCHOOL ,DC,20057-0004,Private      ,9,844,853,55,3064,3119
00144503,GEORGETOWN UNIV LAW CENTER              ,DC,20001-0000,Private      ,9,910,919,35,6189,6224
00144800,HOWARD UNIVERSITY                       ,DC,20059-0001,Private      ,1635,2193,3828,13538,8105,21643
00145900,STRAYER UNIVERSITY                      ,DC,20005-2603,Proprietary  ,932,23576,24508,1211,32131,33342
00146000,TRINITY UNIVERSITY                      ,DC,20017-1004,Private      ,267,844,1111,1114,1843,2957
00146400,WESLEY THEOLOGICAL SEMINARY             ,DC,20016-0000,Private      ,0,129,129,0,253,253
00207701,JOHNS HOPKINS UNIV SCH ADV INTL STU     ,DC,20036-0000,Private      ,11,179,190,47,1419,1466
01006500,WASHINGTON THEOLOGICAL UNION            ,DC,20012-0000,Private      ,1,13,14,4,28,32
01195000,THE CORCORAN COLLEGE OF ART & DESIG     ,DC,20006-4804,Private      ,87,137,224,504,382,886
01280300,DOMINICAN HOUSE OF STUDIES              ,DC,20017-1584,Private      ,2,10,12,3,18,21
02132800,NAT'L CONSERVATORY DRAMATIC ARTS        ,DC,20007-2758,Private      ,2,7,9,7,16,23
02279200,DUDLEY BEAUTY COLG-WASHINGTON           ,DC,20018-0000,Proprietary  ,14,57,71,29,77,106
02588900,SANZ SCHOOL                             ,DC,20006-0000,Proprietary  ,101,555,656,117,592,709
03104300,CAREER BLAZERS LEARNING CENTER OF WASHIN,DC,20037-1881,Proprietary  ,18,189,207,23,209,232
03218300,POTOMAC COLLEGE                         ,DC,20016-1860,Proprietary  ,16,166,182,35,292,327
03409600,BENNETT CAREER INSTITUTE                ,DC,20017-1754,Proprietary  ,26,122,148,53,179,232
03750300,TECHNICAL LEARNING CENTERS              ,DC,20005-3415,Proprietary  ,10,139,149,15,161,176
04114400,INSTITUTE OF WORLD POLITICS (THE)       ,DC,20036-1464,Private      ,2,61,63,3,152,155
04142700,PONTIFICAL JOHN PAUL II INSTITUTE FOR ST,DC,20064-0001,Private      ,0,13,13,0,23,23
00154100,ABRAHAM BALDWIN AGRICULTURAL CLG        ,GA,31794-0000,Public       ,1352,675,2027,2472,1220,3692
00154200,AGNES SCOTT COLLEGE                     ,GA,30030-3797,Private      ,320,174,494,1376,400,1776
00154300,DARTON COLLEGE                          ,GA,31707-3098,Public       ,1539,2503,4042,2504,4056,6560
00154400,ALBANY STATE UNIVERSITY                 ,GA,31705-2796,Public       ,2502,2100,4602,6120,3524,9644
00154500,ANDREW COLLEGE                          ,GA,39840-1313,Private      ,173,30,203,372,47,419
00154600,ARMSTRONG ATLANTIC STATE UNIVERSITY     ,GA,31419-1997,Public       ,1766,2002,3768,4832,4520,9352
00154700,ATLANTA CHRISTIAN COLLEGE               ,GA,30344-1999,Private      ,176,468,644,404,841,1245
00155200,AUGUSTA STATE UNIVERSITY                ,GA,30904-2200,Public       ,1267,1346,2613,4691,4133,8824
00155400,BERRY COLLEGE                           ,GA,30149-5007,Private      ,762,132,894,2917,257,3174
00155500,THOMAS UNIVERSITY                       ,GA,31792-7499,Private      ,127,434,561,222,737,959
00155600,BRENAU UNIVERSITY                       ,GA,30501-3668,Private      ,384,1189,1573,1204,2309,3513
00155700,BREWTON PARKER COLLEGE                  ,GA,30445-0000,Private      ,245,130,375,485,248,733
00155800,COASTAL GEORGIA COMMUNITY COLLEGE       ,GA,31520-3644,Public       ,748,1253,2001,1390,2407,3797
00155900,CLARK ATLANTA UNIVERSITY                ,GA,30314-4385,Private      ,2595,1554,4149,11566,4071,15637
00156000,COLUMBIA THEOLOGICAL SEMINARY           ,GA,30031-0000,Private      ,3,124,127,6,211,217
00156100,COLUMBUS STATE UNIVERSITY               ,GA,31907-5645,Public       ,2548,2584,5132,5373,4414,9787
00156200,GEORGIA PERIMETER COLLEGE               ,GA,30021-0000,Public       ,6479,8351,14830,12226,16655,28881
00156300,EMMANUEL COLLEGE                        ,GA,30639-0000,Private      ,375,107,482,670,168,838
00156400,EMORY UNIVERSITY                        ,GA,30322-1960,Private      ,1008,2314,3322,11119,9330,20449
00156600,FORT VALLEY STATE UNIVERSITY            ,GA,31030-3298,Public       ,1841,956,2797,5524,1927,7451
00156700,GAINESVILLE STATE COLLEGE               ,GA,30503-0000,Public       ,3070,1552,4622,5286,2795,8081
00156800,INTERDENOMINATIONAL THEOLOGY CENTER     ,GA,30314-0000,Private      ,1,244,245,3,390,393
00156900,GEORGIA INSTITUTE OF TECHNOLOGY         ,GA,30332-0002,Public       ,4049,1936,5985,15421,4548,19969
00157000,SOUTHERN POLYTECHNIC STATE UNIV         ,GA,30060-2896,Public       ,980,1101,2081,3188,2750,5938
00157100,GEORGIA MILITARY COLLEGE                ,GA,31061-3398,Public       ,1400,1856,3256,2477,3202,5679
00157200,GEORGIA SOUTHERN UNIVERSITY             ,GA,30460-8065,Public       ,7641,2932,10573,18758,5356,24114
00157300,GEORGIA SOUTHWESTERN STATE UNIV         ,GA,31709-4693,Public       ,995,890,1885,2253,1603,3856
00157400,GEORGIA STATE UNIVERSITY                ,GA,30303-3010,Public       ,8602,9781,18383,24559,21967,46526
00157500,GORDON COLLEGE                          ,GA,30204-1762,Public       ,2401,1277,3678,4680,2434,7114
00157700,KENNESAW STATE UNIVERSITY               ,GA,30144-5591,Public       ,6153,5190,11343,15540,11782,27322
00157800,LAGRANGE COLLEGE                        ,GA,30240-2999,Private      ,374,297,671,1199,523,1722
00157900,MEDICAL COLLEGE OF GEORGIA              ,GA,30912-0004,Public       ,267,1211,1478,586,2426,3012
00158000,MERCER UNIVERSITY                       ,GA,31207-0003,Private      ,1204,3343,4547,4007,6984,10991
00158100,MIDDLE GEORGIA COLLEGE                  ,GA,31014-1599,Public       ,1306,863,2169,2944,1680,4624
00158200,MOREHOUSE COLLEGE                       ,GA,30314-3773,Private      ,1073,381,1454,4257,953,5210
00158500,NORTH GEORGIA COLLEGE & STATE UNIV      ,GA,30597-0001,Public       ,1366,827,2193,4597,1937,6534
00158600,OGLETHORPE UNIVERSITY                   ,GA,30319-2737,Private      ,386,277,663,1872,597,2469
00158700,PAINE COLLEGE                           ,GA,30901-3182,Private      ,492,213,705,1449,493,1942
00158800,PIEDMONT COLLEGE                        ,GA,30535-5644,Private      ,343,1017,1360,818,1596,2414
00158900,REINHARDT COLLEGE                       ,GA,30183-2981,Private      ,396,243,639,894,427,1321
00159000,SAVANNAH STATE UNIVERSITY               ,GA,31404-5298,Public       ,2434,1187,3621,6159,2308,8467
00159100,SHORTER UNIVERSITY                      ,GA,30165-4298,Private      ,675,1426,2101,1848,2305,4153
00159200,SOUTH GEORGIA COLLEGE                   ,GA,31533-8104,Public       ,812,543,1355,1354,922,2276
00159400,SPELMAN COLLEGE                         ,GA,30314-4399,Private      ,760,404,1164,6124,1275,7399
00159600,TOCCOA FALLS COLLEGE                    ,GA,30598-0001,Private      ,297,99,396,758,179,937
00159700,TRUETT MCCONNELL COLLEGE                ,GA,30528-1264,Private      ,240,56,296,446,98,544
00159800,UNIVERSITY OF GEORGIA                   ,GA,30602-6114,Public       ,7143,4436,11579,22531,10714,33245
00159900,VALDOSTA STATE UNIVERSITY               ,GA,31698-0001,Public       ,5267,2578,7845,12408,4591,16999
00160000,WESLEYAN COLLEGE                        ,GA,31210-4407,Private      ,151,226,377,422,393,815
00160100,UNIV OF WEST GEORGIA                    ,GA,30118-0002,Public       ,4228,2256,6484,9539,4352,13891
00160200,GEORGIA COLLEGE & STATE UNIVERSITY      ,GA,31061-0490,Public       ,2050,926,2976,5668,1818,7486
00160400,YOUNG HARRIS COLLEGE                    ,GA,30582-4137,Private      ,385,41,426,1033,89,1122
00348400,COVENANT COLLEGE                        ,GA,30750-4164,Private      ,226,128,354,1083,264,1347
00395600,DALTON STATE COLLEGE                    ,GA,30720-3797,Public       ,1827,1804,3631,3237,3109,6346
00402300,APPALACHIAN TECHNICAL COLLEGE           ,GA,30143-0000,Public       ,0,0,0,3,25,28
00402400,GEORGIA NORTHWESTERN TECHNICAL COLLEGE  ,GA,30161-6757,Public       ,1030,3543,4573,1526,5208,6734
00411700,GRADY HEALTH SYSTEM                     ,GA,30303-3050,Public       ,42,228,270,87,433,520
00525400,LANIER TECHNICAL COLLEGE                ,GA,30566-3499,Public       ,556,1839,2395,866,3043,3909
00525500,MOULTRIE TECHNICAL COLLEGE              ,GA,31768-0000,Public       ,331,1284,1615,409,1608,2017
00525600,VALDOSTA TECHNICAL COLLEGE              ,GA,31603-0000,Public       ,665,2354,3019,1055,3556,4611
00551100,OKEFENOKEE TECHNICAL COLLEGE            ,GA,31501-4016,Public       ,231,946,1177,306,1200,1506
00559900,AUGUSTA TECHNICAL COLLEGE               ,GA,30906-3399,Public       ,894,2870,3764,1491,4490,5981
00560000,ATHENS TECHNICAL COLLEGE                ,GA,30601-1579,Public       ,1059,2672,3731,1755,4495,6250
00560100,ALBANY TECHNICAL COLLEGE                ,GA,31701-2648,Public       ,710,3179,3889,1033,4477,5510
00561300,FLINT RIVER TECHNICAL INSTITUTE         ,GA,30286-0014,Public       ,106,426,532,153,688,841
00561400,WEST GEORGIA TECHNICAL COLLEGE          ,GA,30240-5957,Public       ,0,0,0,42,91,133
00561500,SOUTHWEST GEORGIA TECHNICAL COLLEGE     ,GA,31792-2622,Public       ,354,1226,1580,534,1888,2422
00561700,SOUTH GEORGIA TECHNICAL COLLEGE         ,GA,31709-8167,Public       ,387,1099,1486,594,1550,2144
00561800,SAVANNAH TECHNICAL COLLEGE              ,GA,31405-5594,Public       ,1036,3741,4777,1591,5846,7437
00561900,NORTH GEORGIA TECHNICAL COLLEGE         ,GA,30523-0000,Public       ,593,1415,2008,950,2172,3122
00562000,CHATTAHOOCHEE TECHNICAL COLLEGE         ,GA,30060-3398,Public       ,2508,6302,8810,3752,9723,13475
00562004,NORTH METRO TECHNICAL COLLEGE           ,GA,30102-3129,Public       ,0,0,0,17,46,63
00562100,GRIFFIN TECHNICAL COLLEGE               ,GA,30223-2097,Public       ,720,2398,3118,1230,4156,5386
00562200,DEKALB TECHNICAL COLLEGE                ,GA,30021-0000,Public       ,929,3890,4819,1455,6344,7799
00562400,COLUMBUS TECHNICAL COLLEGE              ,GA,31904-6572,Public       ,836,2372,3208,1234,3405,4639
00576300,CENTRAL GEORGIA TECHNICAL COLLEGE       ,GA,31206-3628,Public       ,935,3914,4849,1591,6901,8492
00772800,MACON STATE COLLEGE                     ,GA,31206-5145,Public       ,1586,2403,3989,2935,4411,7346
00854300,ATLANTA TECHNICAL COLLEGE               ,GA,30310-4499,Public       ,916,3848,4764,1620,6457,8077
00897600,CLAYTON STATE UNIVERSITY                ,GA,30260-0285,Public       ,2195,4093,6288,4751,7466,12217
00918300,EAST CENTRAL TECHNICAL COLLEGE          ,GA,31750-0000,Public       ,166,681,847,238,1021,1259
00927000,ART INSTITUTE OF ATLANTA                ,GA,30328-1649,Proprietary  ,3259,2738,5997,6776,5089,11865
00950700,GEORGIA HIGHLANDS COLLEGE               ,GA,30162-0000,Public       ,1601,1404,3005,2715,2507,5222
01031903,MEDIX SCHOOL                            ,GA,30080-7630,Proprietary  ,115,398,513,160,612,772
01035601,EVEREST INSTITUTE - DEKALB              ,GA,30035-3420,Proprietary  ,60,225,285,100,384,484
01048700,WEST GEORGIA TECHNICAL COLLEGE          ,GA,30182-6476,Public       ,1309,3162,4471,2135,5788,7923
01077100,GUPTON JONES COLLEGE                    ,GA,30035-4022,Private      ,73,175,248,126,304,430
01099700,EAST GEORGIA COLLEGE                    ,GA,30401-2699,Public       ,1286,615,1901,2067,995,3062
01107400,BAINBRIDGE COLLEGE                      ,GA,39819-8400,Public       ,485,1333,1818,759,2401,3160
01110901,EVEREST COLLEGE - EVEREST INSTITUTE     ,GA,30067-8340,Proprietary  ,59,331,390,84,470,554
01112301,EVEREST COLLEGE - EVEREST INSTITUTE- NOR,GA,30093-2813,Proprietary  ,75,368,443,132,686,818
01157400,BAUDER COLLEGE                          ,GA,30313-2439,Proprietary  ,257,499,756,549,1031,1580
01205100,PRO WAY HAIR SCHOOL                     ,GA,30083-2884,Proprietary  ,44,185,229,71,331,402
01216500,ATLANTA METROPOLITAN COLLEGE            ,GA,30310-4498,Public       ,1206,2060,3266,2197,3780,5977
01303900,SOUTH UNIVERSITY                        ,GA,31406-4881,Proprietary  ,1056,12412,13468,1685,19390,21075
02055000,WAYCROSS COLLEGE                        ,GA,31503-0000,Public       ,268,329,597,448,546,994
02060900,BROWN CLG OF COURT REPORTING & M.T.     ,GA,30318-2570,Proprietary  ,12,189,201,22,302,324
02074800,LIFE UNIVERSITY                         ,GA,30060-0000,Private      ,102,652,754,320,2313,2633
02089700,HERZING COLLEGE                         ,GA,30326-1332,Proprietary  ,101,597,698,152,941,1093
02110501,ART INSTITUTE OF CHARLOTTE (THE) - BROWN,GA,30319-3054,Proprietary  ,118,438,556,200,585,785
02113613,AMERICAN INTERCONTINENTAL UNIVERSITY    ,GA,30328-1649,Proprietary  ,511,1264,1775,1102,2806,3908
02116000,SANFORD-BROWN COLLEGE                   ,GA,30328-4803,Proprietary  ,162,866,1028,266,1426,1692
02141500,SAVANNAH COLLEGE OF ART & DESIGN        ,GA,31402-3146,Private      ,2497,1685,4182,8926,3982,12908
02202800,AUGUSTA AREA DIET INTERN UNIV HOSP      ,GA,30901-0000,Private      ,1,10,11,4,22,26
02217200,PORTFOLIO CENTER                        ,GA,30309-0000,Proprietary  ,9,43,52,18,82,100
02266200,AMERICAN PROFESSIONAL INSTITUTE         ,GA,31201-3185,Proprietary  ,134,737,871,212,1184,1396
02279500,HEART OF GEORGIA TECHNICAL COLLEGE      ,GA,31021-0000,Public       ,284,1034,1318,370,1297,1667
02284300,INTERACTIVE COLLEGE OF TECHNOLOGY       ,GA,30341-0000,Proprietary  ,88,677,765,118,944,1062
02284308,INTERACTIVE LEARNING SYSTEMS            ,GA,30260-0000,Proprietary  ,14,95,109,16,175,191
02284309,INTERACTIVE COLLEGE OF TECHNOLOGY       ,GA,30501-0000,Proprietary  ,19,96,115,26,133,159
02285500,"CREATIVE CIRCUS, THE                    ",GA,30324-0000,Proprietary  ,38,113,151,55,228,283
02288400,GWINNETT TECHNICAL INSTITUTE            ,GA,30043-5702,Public       ,1481,4103,5584,2407,7300,9707
02313902,WESTWOOD COLLEGE - O'HARE AIRPORT - ATLA,GA,30345-2807,Proprietary  ,147,281,428,276,622,898
02321400,ROFFLER-MOLER HAIRSTYLING COLLEGE       ,GA,30062-0000,Proprietary  ,17,56,73,30,106,136
02354500,SOUTHEASTERN BEAUTY SCHOOLS             ,GA,31906-0000,Proprietary  ,20,55,75,27,61,88
02482100,MOREHOUSE SCHOOL OF MEDICINE            ,GA,30310-0000,Private      ,40,124,164,125,651,776
02502700,ADVANCED CAREER TRAINING                ,GA,30329-0000,Proprietary  ,201,775,976,224,854,1078
02502701,ADVANCED CAREER TRAINING-RIVERDALE      ,GA,30274-0000,Proprietary  ,36,194,230,44,233,277
02508600,MIDDLE GEORGIA TECHNICAL COLLEGE        ,GA,31088-0000,Public       ,602,1961,2563,846,2711,3557
02520000,INTERNATIONAL SCH SKIN & NAILCARE       ,GA,30342-1119,Proprietary  ,20,84,104,23,142,165
02577000,ARNOLD / PADRICKS  UNIV OF COSM         ,GA,30297-0000,Proprietary  ,31,83,114,43,111,154
02577700,BEAUTY COLLEGE OF AMERICA               ,GA,30297-0000,Proprietary  ,12,39,51,30,73,103
02578300,INTERNATIONAL CITY BEAUTY COLLEGE       ,GA,31093-3631,Proprietary  ,7,10,17,10,22,32
02580200,ATLANTA SCHOOL OF MASSAGE               ,GA,30338-0000,Proprietary  ,31,179,210,54,263,317
02583000,GWINNETT COLLEGE OF BUSINESS            ,GA,30047-3447,Proprietary  ,74,303,377,128,424,552
02607600,CAPELLI LEARNING CTR FOR COSM           ,GA,30324-0000,Proprietary  ,61,166,227,79,224,303
02614206,MILLER - MOTTE TECHNICAL COLLEGE - COLUM,GA,31907-3222,Proprietary  ,43,273,316,51,328,379
03005400,ARTISTIC BEAUTY COLLEGE                 ,GA,30013-2076,Proprietary  ,80,227,307,125,378,503
03010619,VIRGINIA COLLEGE - AUGUSTA              ,GA,30909-5515,Proprietary  ,77,653,730,106,810,916
03022601,WESTERN CULINARY INSTITUTE - LE CORDON B,GA,30084-5893,Proprietary  ,82,87,169,192,257,449
03030000,OGEECHEE TECHNICAL COLLEGE              ,GA,30458-8049,Public       ,678,1546,2224,930,2184,3114
03032100,ALTAMAHA TECHNICAL COLLEGE              ,GA,31545-4465,Public       ,241,987,1228,322,1334,1656
03042700,LAURUSTECHNICAL INSTITUTE               ,GA,30030-1506,Proprietary  ,33,195,228,43,297,340
03066500,SOUTHEASTERN TECHNICAL COLLEGE          ,GA,30474-8817,Public       ,269,1077,1346,360,1424,1784
03066502,SWAINSBORO TECHNICAL COLLEGE            ,GA,30401-5700,Public       ,28,115,143,52,176,228
03072304,EVEREST COLLEGE - EVEREST INSTITUTE     ,GA,30236-0000,Proprietary  ,104,407,511,157,682,839
03076300,BEULAH HEIGHTS BIBLE COLLEGE            ,GA,30316-1873,Private      ,20,272,292,34,472,506
03079202,WESTWOOD COLLEGE - ATLANTA MIDTOWN      ,GA,30309-2848,Proprietary  ,258,510,768,606,1184,1790
03081500,SOUTHEASTERN BEAUTY SCHOOL              ,GA,31917-0000,Proprietary  ,17,40,57,19,46,65
03089100,GEORGIA INSTITUTE OF COSMETOLOGY        ,GA,30606-3152,Proprietary  ,33,67,100,70,101,171
03090600,COBB BEAUTY COLLEGE                     ,GA,30144-2828,Proprietary  ,23,49,72,36,77,113
03100900,LUTHER RICE UNIVERSITY                  ,GA,30038-2454,Private      ,12,352,364,28,620,648
03102000,RIVERTOWN SCHOOL OF BEAUTY              ,GA,31904-4747,Proprietary  ,16,58,74,27,83,110
03104500,ATLANTA INSTITUTE OF MUSIC              ,GA,30096-4988,Proprietary  ,123,128,251,230,227,457
03116100,VOGUE BEAUTY SCHOOL                     ,GA,30141-2226,Proprietary  ,14,62,76,21,87,108
03155500,SANDERSVILLE REGIONAL TECH INST         ,GA,31082-6179,Public       ,96,349,445,150,507,657
03173300,ATLANTA'S JOHN MARSHALL LAW SCHOOL      ,GA,30309-0000,Proprietary  ,10,538,548,28,1234,1262
03232304,LINCOLN COLLEGE OF TECHNOLOGY           ,GA,30067-8638,Proprietary  ,93,322,415,132,499,631
03418300,GWINNETT COLLEGE-SANDY SPRINGS          ,GA,30328-3161,Proprietary  ,31,141,172,55,218,273
03445500,FAYETTE BEAUTY ACADEMY                  ,GA,30214-1191,Proprietary  ,12,39,51,14,65,79
03523300,AVIATION INSTITUTE OF MAINTENANCE       ,GA,30045-6716,Proprietary  ,71,244,315,117,476,593
03635300,CARVER BIBLE COLLEGE                    ,GA,30331-1300,Private      ,12,48,60,18,71,89
03748300,KEVOSNIK SCHOOL OF HAIR DESIGN          ,GA,31021-0000,Proprietary  ,3,13,16,3,13,16
03753400,MICHAEL'S SCHOOL OF BEAUTY              ,GA,31211-1493,Proprietary  ,10,58,68,14,82,96
03804400,JAVELIN TECHNICAL TRAINING CENTER       ,GA,30339-6040,Proprietary  ,111,503,614,139,789,928
03804401,JAVELIN TECHNICAL TRAINING CENTER -     ,GA,30260-1756,Proprietary  ,14,61,75,23,125,148
03804402,JAVELIN TECHNICAL TRAINING CENTER -     ,GA,30084-5252,Proprietary  ,6,44,50,10,93,103
03812300,OMNITECH INSTITUTE                      ,GA,30035-1206,Proprietary  ,53,177,230,79,271,350
04021300,AUGUSTA SCHOOL OF MASSAGE               ,GA,30809-0000,Proprietary  ,5,17,22,10,25,35
04091300,SAVANNAH SCHOOL OF MASSAGE THERAPY      ,GA,31406-2711,Private      ,16,55,71,36,109,145
04126800,ACADEMY OF SOMATIC HEALING ARTS (ASHA)  ,GA,30071-1024,Proprietary  ,14,91,105,23,143,166
04128500,SOUTHERN CATHOLIC COLLEGE               ,GA,30534-3111,Private      ,5,0,5,79,19,98
04142900,GEORGIA GWINNETT COLLEGE                ,GA,30043-7409,Public       ,1807,1394,3201,3129,2357,5486
04147000,PAUL MITCHELL THE SCHOOL ATLANTA        ,GA,30318-5241,Proprietary  ,70,134,204,111,243,354
04147700,LAKE LANIER SCHOOL OF MASSAGE           ,GA,30501-4546,Proprietary  ,15,40,55,18,58,76
04149900,PROFILE INSTITUTE OF BARBER-STYLING     ,GA,30315-8459,Proprietary  ,19,61,80,32,99,131
04150900,PROCESS INSTITUTE OF COSMETOLOGY (THE)  ,GA,30043-7344,Proprietary  ,30,44,74,45,79,124
04152300,GEORGIA BEAUTY ACADEMY                  ,GA,30721-3952,Proprietary  ,18,47,65,39,79,118
04160200,ATLANTA BEAUTY ACADEMY                  ,GA,30340-1334,Proprietary  ,9,45,54,23,70,93
00162800,AMERICAN ACADEMY OF ART                 ,IL,60604-4302,Proprietary  ,233,83,316,756,191,947
00163300,AUGUSTANA COLLEGE                       ,IL,61201-2296,Private      ,527,53,580,3890,157,4047
00163400,AURORA UNIVERSITY                       ,IL,60506-4892,Private      ,798,985,1783,2804,2177,4981
00163600,SOUTHWESTERN ILLINOIS COLLEGE           ,IL,62221-5899,Public       ,1395,2508,3903,2809,4442,7251
00163800,BLACK HAWK COLLEGE                      ,IL,61265-5899,Public       ,889,1226,2115,1765,2296,4061
00163900,BLACKBURN COLLEGE                       ,IL,62626-1498,Private      ,228,42,270,770,122,892
00164000,PRAIRIE STATE COLLEGE                   ,IL,60411-8226,Public       ,839,1540,2379,2018,3581,5599
00164100,BRADLEY UNIVERSITY                      ,IL,61625-0002,Private      ,641,346,987,6881,1072,7953
00164300,SPOON RIVER COLLEGE                     ,IL,61520-8907,Public       ,225,332,557,641,679,1320
00164700,CITY COLLEGES OF CHICAGO                ,IL,60606-6998,Public       ,209,484,693,735,1075,1810
00164800,TRUMAN COLLEGE                          ,IL,60640-5691,Public       ,1000,1859,2859,3211,4259,7470
00164900,RICHARD J DALEY COLLEGE                 ,IL,60652-1299,Public       ,969,1674,2643,2476,3601,6077
00165000,CITY COLLEGES OF CHICAGO-MALCOLM X      ,IL,60612-3197,Public       ,898,2281,3179,2671,5240,7911
00165200,HAROLD WASHINGTON COLLEGE               ,IL,60601-2403,Public       ,1903,2490,4393,5245,5679,10924
00165400,KENNEDY KING COLLEGE                    ,IL,60621-3798,Public       ,1048,2996,4044,3022,6624,9646
00165500,WRIGHT COLLEGE                          ,IL,60634-1591,Public       ,1603,1999,3602,4596,4468,9064
00165700,MIDWESTERN UNIVERSITY                   ,IL,60515-1200,Private      ,37,828,865,138,2778,2916
00165900,ROSALIND FRANKLIN UNIVERSITY OF MEDICINE,IL,60064-3095,Private      ,9,408,417,31,2205,2236
00166100,CHICAGO THEOLOGICAL SEMINARY            ,IL,60637-0000,Private      ,2,35,37,22,159,181
00166300,SPERTUS COLLEGE                         ,IL,60605-1995,Private      ,4,26,30,8,58,66
00166400,UNIVERSITY OF ST FRANCIS                ,IL,60435-6188,Private      ,408,592,1000,1481,1383,2864
00166500,COLUMBIA COLLEGE                        ,IL,60605-1996,Private      ,2843,1380,4223,12662,4515,17177
00166600,CONCORDIA UNIVERSITY                    ,IL,60305-1499,Private      ,322,1374,1696,2286,2624,4910
00166900,DANVILLE AREA COMMUNITY COLLEGE         ,IL,61832-5199,Public       ,282,614,896,779,1312,2091
00167100,DEPAUL UNIVERSITY                       ,IL,60604-2287,Private      ,2484,3851,6335,17186,14267,31453
00167400,EASTERN ILLINOIS UNIVERSITY             ,IL,61920-3099,Public       ,2378,1090,3468,10561,3127,13688
00167500,ELGIN COMMUNITY COLLEGE                 ,IL,60123-7193,Public       ,1296,1662,2958,2836,3453,6289
00167600,ELMHURST COLLEGE                        ,IL,60126-3296,Private      ,792,426,1218,3518,1040,4558
00167800,EUREKA COLLEGE                          ,IL,61530-9976,Private      ,193,58,251,1049,225,1274
00168100,HIGHLAND COMMUNITY COLLEGE              ,IL,61032-9341,Public       ,341,509,850,783,964,1747
00168200,GARRETT-EVANGELICAL THEOLOGICAL SEM     ,IL,60201-0000,Private      ,1,90,91,2,162,164
00168400,GREENVILLE COLLEGE                      ,IL,62246-1199,Private      ,437,286,723,1531,592,2123
00168500,HEBREW THEOLOGICAL COLLEGE              ,IL,60077-3263,Private      ,218,10,228,393,18,411
00168800,ILLINOIS COLLEGE                        ,IL,62650-2299,Private      ,190,38,228,1366,124,1490
00168900,ILLINOIS COLLEGE OF OPTOMETRY           ,IL,60616-3878,Private      ,5,124,129,21,682,703
00169100,ILLINOIS INSTITUTE OF TECHNOLOGY        ,IL,60616-0000,Private      ,526,662,1188,2378,1677,4055
00169101,ILLINOIS INSTITUTE OF TECHNOLOGY - IIT D,IL,60661-3691,Private      ,94,227,321,468,646,1114
00169103,CHICAGO KENT COLLEGE OF LAW             ,IL,60661-0000,Private      ,5,415,420,35,2045,2080
00169200,ILLINOIS STATE UNIVERSITY               ,IL,61790-1000,Public       ,3058,1065,4123,19783,4363,24146
00169300,NORTHEASTERN ILLINOIS UNIV              ,IL,60625-4699,Public       ,1621,2413,4034,6601,6426,13027
00169400,CHICAGO STATE UNIVERSITY                ,IL,60628-1598,Public       ,1413,3523,4936,5506,9169,14675
00169600,ILLINOIS WESLEYAN UNIVERSITY            ,IL,61701-0000,Private      ,454,50,504,3191,145,3336
00169800,JOHN MARSHALL LAW SCHOOL                ,IL,60604-0000,Private      ,11,890,901,37,2394,2431
00169900,JOLIET JUNIOR COLLEGE                   ,IL,60431-8938,Public       ,2538,2547,5085,5779,5432,11211
00170000,JUDSON UNIVERSITY                       ,IL,60123-1498,Private      ,169,209,378,926,618,1544
00170100,KASKASKIA COLLEGE                       ,IL,62801-7878,Public       ,476,790,1266,1135,1674,2809
00170300,KENDALL COLLEGE                         ,IL,60622-4278,Proprietary  ,385,812,1197,1093,1894,2987
00170400,KNOX COLLEGE                            ,IL,61401-4999,Private      ,333,27,360,2167,93,2260
00170500,ILLINOIS VALLEY COMMUNITY COLLEGE       ,IL,61348-9692,Public       ,470,645,1115,1275,1538,2813
00170600,LAKE FOREST COLLEGE                     ,IL,60045-2399,Private      ,351,67,418,1781,162,1943
00170700,LEWIS UNIVERSITY                        ,IL,60446-2200,Private      ,983,1160,2143,4161,2658,6819
00170800,LINCOLN CHRISTIAN UNIVERSITY            ,IL,62656-2167,Private      ,150,201,351,435,459,894
00170900,LINCOLN COLLEGE                         ,IL,62656-1699,Private      ,393,224,617,1279,564,1843
00171000,LOYOLA UNIVERSITY CHICAGO               ,IL,60626-0000,Private      ,1703,2675,4378,15167,10334,25501
00171002,LOYOLA STRITCH SCHOOL OF MEDICINE       ,IL,60153-0000,Private      ,0,0,0,32,460,492
00171200,LUTHERAN SCHOOL OF THEOL AT CHICAGO     ,IL,60615-0000,Private      ,1,50,51,5,109,114
00171600,MACCORMAC COLLEGE                       ,IL,60602-4405,Private      ,17,70,87,42,167,209
00171700,MACMURRAY COLLEGE                       ,IL,62650-2590,Private      ,185,95,280,556,246,802
00172100,MCCORMICK THEOLOGICAL SEMINARY          ,IL,60615-5108,Private      ,3,68,71,7,131,138
00172200,MCKENDREE UNIVERSITY                    ,IL,62254-1299,Private      ,476,487,963,1705,1152,2857
00172300,MEADVILLE LOMBARD THEOLOGICAL SCHOOL    ,IL,60637-1602,Private      ,0,13,13,0,78,78
00172400,MILLIKIN UNIVERSITY                     ,IL,62522-2084,Private      ,576,346,922,2762,735,3497
00172500,MONMOUTH COLLEGE                        ,IL,61462-1963,Private      ,480,33,513,1988,113,2101
00172700,MOODY BIBLE INSTITUTE                   ,IL,60610-3214,Private      ,159,97,256,159,97,256
00172800,MORTON COLLEGE                          ,IL,60804-4398,Public       ,729,773,1502,1646,1460,3106
00173200,NATIONAL UNIV OF HEALTH SCIENCES        ,IL,60148-4583,Private      ,27,513,540,52,860,912
00173300,NATIONAL-LOUIS UNIVERSITY               ,IL,60603-3032,Private      ,130,2381,2511,302,5022,5324
00173400,NORTH CENTRAL COLLEGE                   ,IL,60540-4690,Private      ,611,348,959,3290,763,4053
00173500,NORTH PARK UNIVERSITY                   ,IL,60625-4895,Private      ,650,535,1185,2447,1265,3712
00173600,NORTHERN BAPTIST THEOL SEMINARY         ,IL,60148-0000,Private      ,1,27,28,2,30,32
00173700,NORTHERN ILLINOIS UNIVERSITY            ,IL,60115-2854,Public       ,4608,3064,7672,21591,9121,30712
00173900,NORTHWESTERN UNIV                       ,IL,60208-0001,Private      ,1739,2686,4425,17553,9520,27073
00174100,OLIVET NAZARENE UNIVERSITY              ,IL,60914-2271,Private      ,458,601,1059,3168,1452,4620
00174200,IL EASTERN COMM COLGS-OLNEY CENTRAL     ,IL,62450-1099,Public       ,204,259,463,547,623,1170
00174500,QUINCY UNIVERSITY                       ,IL,62301-2699,Private      ,378,454,832,1510,992,2502
00174600,ROBERT MORRIS UNIVERSITY ILLINOIS       ,IL,60605-1225,Private      ,1038,1471,2509,4904,4955,9859
00174700,ROCK VALLEY COLLEGE                     ,IL,61114-5699,Public       ,1214,2176,3390,2783,4593,7376
00174800,ROCKFORD COLLEGE                        ,IL,61108-2393,Private      ,254,419,673,980,1122,2102
00174900,ROOSEVELT UNIVERSITY                    ,IL,60605-1394,Private      ,863,2113,2976,4486,6191,10677
00175000,DOMINICAN UNIVERSITY                    ,IL,60305-1066,Private      ,459,690,1149,2726,1704,4430
00175200,SAUK VALLEY COMMUNITY COLLEGE           ,IL,61021-9112,Public       ,440,459,899,907,974,1881
00175300,SCHOOL OF ART INSTITUTE OF CHICAGO      ,IL,60603-3013,Private      ,614,496,1110,3570,2413,5983
00175400,SEABURY-WESTERN THEO SEMINARY           ,IL,60201-0000,Private      ,1,0,1,2,1,3
00175600,SHIMER COLLEGE                          ,IL,60616-3893,Private      ,44,23,67,160,55,215
00175700,SOUTHEASTERN ILLINOIS COLLEGE           ,IL,62946-4925,Public       ,265,332,597,596,665,1261
00175800,SOUTHERN ILL UNIV-CARBONDALE            ,IL,62901-0000,Public       ,3765,2895,6660,14687,7024,21711
00175900,SOUTHERN ILL UNIV-EDWARDSVILLE          ,IL,62026-1060,Public       ,2457,1777,4234,10628,5058,15686
00175924,SO IL UNIV-SCHL OF DENTAL MEDICINE      ,IL,62002-0000,Public       ,2,54,56,12,182,194
00176100,SPRINGFIELD COLLEGE IN ILLINOIS         ,IL,62702-2694,Private      ,116,133,249,320,406,726
00176500,UNIVERSITY OF ST MARY OF THE LAKE       ,IL,60060-0000,Private      ,0,5,5,1,8,9
00176700,BENEDICTINE UNIVERSITY                  ,IL,60532-0900,Private      ,704,1427,2131,2678,3149,5827
00176800,ST XAVIER UNIVERSITY                    ,IL,60655-3199,Private      ,650,953,1603,4518,2819,7337
00176900,SOUTH SUBURBAN COLLEGE                  ,IL,60473-9978,Public       ,868,2221,3089,2109,5208,7317
00177100,TRINITY CHRISTIAN COLLEGE               ,IL,60463-0929,Private      ,180,257,437,1220,784,2004
00177200,TRINITY INTERNATIONAL UNIVERSITY        ,IL,60015-1283,Private      ,240,412,652,817,896,1713
00177300,TRITON COLLEGE                          ,IL,60171-1995,Public       ,1131,1659,2790,3058,3832,6890
00177400,UNIVERSITY OF CHICAGO                   ,IL,60637-1476,Private      ,1611,828,2439,13890,2875,16765
00177401,UNIV OF CHICAGO PRITZKER SCH OF MED     ,IL,60637-0000,Private      ,11,197,208,52,617,669
00177403,"UNIV OF CHICAGO, GRAD SCH OF BUS        ",IL,60637-0000,Private      ,12,602,614,46,983,1029
00177405,UNIVERSITY OF CHICAGO GRADUATE          ,IL,60637-0000,Private      ,26,1185,1211,134,5416,5550
00177500,UNIV OF ILLINOIS @ URBANA-CHAMPAIGN     ,IL,61820-5796,Public       ,3641,1986,5627,27298,8855,36153
00177600,UNIV OF ILLINOIS AT CHICAGO             ,IL,60607-7163,Public       ,3498,4193,7691,20965,15191,36156
00177800,VANDERCOOK COLLEGE OF MUSIC             ,IL,60616-3731,Private      ,41,39,80,179,87,266
00177900,IL EASTERN COMM COLGS-WABASH VALLEY     ,IL,62863-2699,Public       ,119,226,345,395,412,807
00178000,WESTERN ILLINOIS UNIVERSITY             ,IL,61455-1390,Public       ,2588,1351,3939,10133,3321,13454
00178100,WHEATON COLLEGE                         ,IL,60187-5535,Private      ,378,194,572,2724,589,3313
00178300,WORSHAM COLLEGE OF MORTUARY SCIENCE     ,IL,60090-2646,Proprietary  ,27,35,62,60,113,173
00396100,HARPER COLLEGE                          ,IL,60067-7398,Public       ,1670,1809,3479,4189,3745,7934
00418100,ADVOCATE TRINITY HOSPITAL SCHOOL OF RADI,IL,60617-3982,Private      ,8,76,84,49,167,216
00456000,GEM CITY COLLEGE                        ,IL,62301-4949,Proprietary  ,9,25,34,13,35,48
00456800,MIDSTATE COLLEGE                        ,IL,61614-3558,Proprietary  ,38,513,551,78,788,866
00512732,BROWN MACKIE COLLEGE-CINCINNATI - BROWN ,IL,61265-7062,Proprietary  ,43,198,241,70,306,376
00621400,BLESSING RIEMAN COLLEGE OF NURSING      ,IL,62301-0000,Private      ,42,50,92,77,98,175
00621401,BLESSING HOSPITAL - SCHOOL OF MEDICAL LA,IL,62305-7005,Private      ,1,6,7,3,12,15
00621402,BLESSING HOSPITAL - SCHOOL OF RADIOLOGIC,IL,62305-7005,Private      ,3,7,10,15,13,28
00621403,BLESSING HOSPITAL - COLLEGE OF NURSING  ,IL,62305-7005,Private      ,4,14,18,21,24,45
00622500,TRINITY COLLEGE OF NURSING AND HEALTH SC,IL,61201-5317,Private      ,37,95,132,98,214,312
00622800,METHODIST MED CTR OF ILL SCH NRSNG      ,IL,61636-0000,Private      ,87,171,258,217,432,649
00624000,ST FRANCIS MED CLG OF NRSG              ,IL,61603-3783,Private      ,66,126,192,206,332,538
00665600,COLLEGE OF DUPAGE                       ,IL,60137-6599,Public       ,2835,3066,5901,6491,6232,12723
00675300,ILLINOIS CENTRAL COLLEGE                ,IL,61635-0001,Public       ,1555,2376,3931,3522,4620,8142
00693100,WAUBONSEE COMMUNITY COLLEGE             ,IL,60554-0000,Public       ,874,1132,2006,2009,2576,4585
00711800,PARKLAND COLLEGE                        ,IL,61821-1899,Public       ,1400,1546,2946,3555,3025,6580
00711900,REND LAKE COLLEGE                       ,IL,62846-9801,Public       ,493,562,1055,1090,1132,2222
00717000,LINCOLN LAND COMMUNITY COLLEGE          ,IL,62794-9256,Public       ,931,1619,2550,2057,3099,5156
00726500,CARL SANDBURG COLLEGE                   ,IL,61401-9576,Public       ,350,662,1012,827,1325,2152
00754900,COYNE AMERICAN INSTITUTE                ,IL,60607-1300,Proprietary  ,118,506,624,239,811,1050
00764400,LAKE LAND COLLEGE                       ,IL,61938-9366,Public       ,707,965,1672,1989,2014,4003
00768400,KISHWAUKEE COLLEGE                      ,IL,60150-9699,Public       ,748,787,1535,1755,1719,3474
00769000,KANKAKEE COMMUNITY COLLEGE              ,IL,60901-6505,Public       ,549,970,1519,1245,2091,3336
00769100,MCHENRY COUNTY COLLEGE                  ,IL,60012-2761,Public       ,1167,758,1925,2243,1578,3821
00769200,MORAINE VALLEY COMMUNITY COLLEGE        ,IL,60465-0937,Public       ,1923,1850,3773,4774,3894,8668
00769300,SHAWNEE COMMUNITY COLLEGE               ,IL,62992-9725,Public       ,231,455,686,654,839,1493
00769400,COLLEGE OF LAKE COUNTY                  ,IL,60030-1198,Public       ,1167,1712,2879,2840,3470,6310
00793700,MS ROBERTS ACADEMY OF BEAUTY CULT       ,IL,60181-2930,Proprietary  ,4,11,15,17,23,40
00807600,JOHN A LOGAN COLLEGE                    ,IL,62918-2500,Public       ,799,1046,1845,1683,1958,3641
00814604,EVEREST UNIVERSITY - EVEREST  COLLEGE   ,IL,60803-4517,Proprietary  ,73,429,502,113,566,679
00825900,EDUCATORS OF BEAUTY                     ,IL,61081-3611,Proprietary  ,22,38,60,36,66,102
00825901,EDUCATORS OF BEAUTY                     ,IL,61104-0000,Proprietary  ,4,33,37,20,90,110
00832800,ALVAREITA'S COLLEGE OF COSMETOLOGY      ,IL,62025-2041,Proprietary  ,15,36,51,27,56,83
00854500,ROCKFORD BUSINESS COLLEGE               ,IL,61103-0000,Proprietary  ,83,415,498,142,735,877
00869402,RASMUSSEN COLLEGE - ROCKFORD            ,IL,61108-2513,Proprietary  ,180,768,948,311,1522,1833
00869403,RASMUSSEN COLLEGE - AURORA              ,IL,60506-6219,Proprietary  ,83,279,362,135,481,616
00869404,RASMUSSEN COLLEGE - ROMEOVILLE          ,IL,60446-0000,Proprietary  ,65,249,314,118,381,499
00869418,RASMUSSEN COLLEGE -  MOKENA             ,IL,60448-0000,Proprietary  ,1,6,7,1,6,7
00888000,MORRISON INSTITUTE OF TECHNOLOGY        ,IL,61270-2959,Private      ,26,17,43,115,32,147
00893800,GRAHAM HOSPITAL SCH OF NURSING          ,IL,61520-2497,Private      ,16,30,46,27,86,113
00893900,CANNELLA SCHOOL OF HAIR DESIGN          ,IL,60406-2130,Proprietary  ,11,24,35,18,45,63
00914500,GOVERNORS STATE UNIVERSITY              ,IL,60466-0975,Public       ,344,2047,2391,877,5128,6005
00923200,CATHOLIC THEOLOGICAL UNION              ,IL,60615-0000,Private      ,1,13,14,4,55,59
00933300,UNIV OF ILLINOIS AT SPRINGFIELD         ,IL,62703-5407,Public       ,620,1139,1759,2102,2522,4624
00947500,EDUCATORS OF BEAUTY                     ,IL,61301-2404,Proprietary  ,12,16,28,22,42,64
00959500,CANNELLA SCHOOL OF HAIR DESIGN          ,IL,60617-4303,Proprietary  ,14,23,37,40,57,97
00976700,OLIVE-HARVEY COLLEGE                    ,IL,60628-1696,Public       ,505,1482,1987,1400,3430,4830
00978600,IL EASTERN COMM COLGS-LINCOLN TRAIL     ,IL,62454-5708,Public       ,118,135,253,341,304,645
00980000,RUSH UNIVERSITY                         ,IL,60612-3806,Private      ,63,900,963,236,2445,2681
00989600,OAKTON COMMUNITY COLLEGE                ,IL,60016-1268,Public       ,1012,1131,2143,2764,2377,5141
00998700,SAINT ANTHONY COLLEGE OF NURSING        ,IL,61108-2468,Private      ,47,112,159,142,293,435
01002000,LEWIS AND CLARK COMMUNITY COLLEGE       ,IL,62035-2466,Public       ,702,917,1619,1460,1860,3320
01031600,LINCOLN COLLEGE OF TECHNOLOGY           ,IL,60160-1605,Proprietary  ,455,548,1003,834,857,1691
01050100,LAKEVIEW  COLLEGE OF NURSING            ,IL,61832-3781,Private      ,60,86,146,140,207,347
01069500,TRI-COUNTY BEAUTY ACADEMY               ,IL,62056-2036,Proprietary  ,3,14,17,7,26,33
01071000,CAPITAL AREA SCH OF PRAC NRSG           ,IL,62707-0000,Public       ,35,211,246,56,407,463
01072700,DEVRY UNIVERSITY                        ,IL,60618-5994,Proprietary  ,8139,35335,43474,17858,66731,84589
01083600,PIVOT POINT INTNL CSMTLGY RSRCH CTR     ,IL,60626-0000,Proprietary  ,95,163,258,238,331,569
01087900,RICHLAND COMMUNITY COLLEGE              ,IL,62521-8513,Public       ,349,847,1196,705,1469,2174
01102401,EVEREST COLLEGE - CHICAGO               ,IL,60604-2052,Proprietary  ,202,760,962,426,1157,1583
01151002,EVEREST INSTITUTE - EVEREST COLLEGE     ,IL,60542-1610,Proprietary  ,68,220,288,115,394,509
01181000,TAYLOR BUSINESS INSTITUTE               ,IL,60606-5111,Proprietary  ,8,50,58,21,91,112
01185800,EVEREST COLLEGE                         ,IL,60077-1074,Proprietary  ,110,413,523,212,653,865
01185802,EVEREST COLLEGE - BURR RIDGE            ,IL,60527-7826,Proprietary  ,40,156,196,58,215,273
01236200,NORTHWESTERN COLLEGE                    ,IL,60630-2298,Proprietary  ,379,1008,1387,1485,2707,4192
01238500,BLOOMINGTON-NORMAL SCH RADIOGRAPHY      ,IL,61761-4604,Private      ,2,10,12,16,20,36
01258400,ILLINOIS INSTITUTE OF ART (THE)         ,IL,60654-1593,Proprietary  ,1557,1324,2881,4558,3286,7844
01281300,JOHN WOOD COMMUNITY COLLEGE             ,IL,62305-0401,Public       ,434,569,1003,968,1110,2078
01308700,CAPRI GARFIELD RIDGE SCH OF BTY CLR     ,IL,60629-1613,Proprietary  ,28,73,101,53,125,178
01308800,CAPRI OAK FOREST COLLEGE OF BEAUTY      ,IL,60452-2798,Proprietary  ,43,83,126,78,123,201
02055200,HARRINGTON COLLEGE OF DESIGN            ,IL,60606-3433,Proprietary  ,212,355,567,544,670,1214
02068100,ADLER SCH OF PROFESSIONAL PSYCHLGY      ,IL,60601-0000,Private      ,14,460,474,47,1105,1152
02069300,VATTEROTT COLLEGE                       ,IL,62305-5938,Proprietary  ,84,257,341,128,465,593
02073200,TELSHE YESHIVA-CHICAGO                  ,IL,60625-0000,Private      ,23,1,24,27,1,28
02074400,IL EASTERN COMM COLGS-FRONTIER          ,IL,62837-0000,Public       ,59,156,215,139,328,467
02075400,KELLER GRADUATE SCHOOL OF MGMT.         ,IL,60515-5683,Proprietary  ,22,9550,9572,49,14355,14404
02113600,AMERICAN INTERCONTINENTAL UNIVERSITY    ,IL,60192-3713,Proprietary  ,821,13471,14292,1417,26472,27889
02117400,BECK AREA CAREER CENTER                 ,IL,62278-0000,Public       ,7,61,68,18,120,138
02124400,UNIVERSITY OF SPA & COSMETOLOGY ART     ,IL,62704-0000,Proprietary  ,39,76,115,60,107,167
02150600,COSMETOLOGY AND SPA INSTITUTE (THE)     ,IL,60014-4003,Proprietary  ,32,51,83,52,84,136
02155300,THE CHICAGO SCHOOL OF PROF PSYCHOLOGY   ,IL,60610-4705,Private      ,13,1362,1375,49,3723,3772
02160300,INTERNATIONAL ACAD OF DESIGN & TECH     ,IL,60602-3319,Proprietary  ,310,476,786,789,1063,1852
02160304,INTERNATIONAL ACADEMY OF DESIGN AND TECH,IL,60173-5160,Proprietary  ,70,123,193,179,238,417
02168600,EAST WEST UNIVERSITY                    ,IL,60605-0000,Private      ,190,285,475,1036,1423,2459
02179900,ARGOSY UNIVERSITY                       ,IL,60601-7757,Proprietary  ,1818,12674,14492,5959,32507,38466
02185400,ST AUGUSTINE COLLEGE                    ,IL,60640-0000,Private      ,138,464,602,412,1504,1916
02192400,MR JOHNS SCHOOL OF COSMETOLOGY          ,IL,62521-0000,Proprietary  ,10,32,42,13,41,54
02202600,CANNELLA SCHOOL OF HAIR DESIGN          ,IL,60181-1321,Proprietary  ,8,70,78,13,76,89
02214100,WEST SUBURBAN COLLEGE OF NURSING        ,IL,60302-2519,Private      ,41,147,188,109,380,489
02228100,MAC DANIEL'S BEAUTY SCHOOL              ,IL,60640-0000,Proprietary  ,9,20,29,28,47,75
02261200,HAIR PROFESSIONALS ACAD COSMETOLOGY     ,IL,60118-0000,Proprietary  ,24,72,96,33,102,135
02261201,HAIR PROFESSIONALS ACADEMY OF COSMETOLOG,IL,60118-9333,Proprietary  ,0,1,1,1,6,7
02262100,HAIR PROFESSIONALS SCH COSMETOLOGY      ,IL,60543-0000,Proprietary  ,10,25,35,23,38,61
02291200,CANNELLA SCHOOL OF HAIR DESIGN          ,IL,60639-0000,Proprietary  ,20,85,105,49,120,169
02295500,CANNELLA SCHOOL OF HAIR DESIGN          ,IL,60120-0000,Proprietary  ,2,7,9,9,14,23
02297500,OEHRLEIN SCHOOL OF COSMETOLOGY          ,IL,61611-0000,Proprietary  ,12,35,47,22,56,78
02312300,LA' JAMES COLLEGE HAIRSTYLING           ,IL,61244-0000,Proprietary  ,10,16,26,15,27,42
02313900,WESTWOOD COLLEGE - O'HARE AIRPORT       ,IL,60631-2801,Proprietary  ,236,414,650,497,877,1374
02317300,CONCEPT COLLEGE OF COSMETOLOGY          ,IL,61832-0000,Proprietary  ,21,37,58,31,48,79
02319200,LAKE FOREST GRAD SCHL OF MGMT           ,IL,60045-4824,Private      ,3,70,73,8,126,134
02323300,PROFESSIONAL'S CHOICE HAIR DSN ACAD     ,IL,60435-0000,Proprietary  ,7,20,27,18,39,57
02332200,HAIR PROFESSIONALS CAREER COLLEGE       ,IL,60178-0000,Proprietary  ,4,29,33,7,41,48
02337800,THE COLLEGE OF OFFICE TECHNOLOGY        ,IL,60622-0000,Proprietary  ,59,196,255,91,263,354
02349400,ALVAREITA'S COLLEGE OF COSMETOLOGY      ,IL,62035-0000,Proprietary  ,10,26,36,19,35,54
02349500,CANNELLA SCHOOL OF HAIR DESIGN          ,IL,60632-0000,Proprietary  ,10,38,48,37,65,102
02352200,LE CORDON BLEU COLLEGE OF CULINARY ARTS ,IL,60610-3050,Proprietary  ,277,510,787,676,1091,1767
02498200,G SKIN & BEAUTY INSTITUTE               ,IL,60523-1805,Proprietary  ,14,61,75,30,83,113
02498201,HAIR PROFESSIONALS ACADEMY OF COSMETOLOG,IL,60563-0000,Proprietary  ,5,17,22,18,38,56
02522800,FOX COLLEGE                             ,IL,60453-0000,Proprietary  ,181,195,376,476,350,826
02527600,LEXINGTON COLLEGE                       ,IL,60607-0000,Private      ,25,25,50,79,59,138
02536700,BELL MAR BEAUTY COLLEGE                 ,IL,60650-0000,Proprietary  ,1,6,7,11,14,25
02556100,ENVIRONMENTAL TECHNICAL INSTITUTE       ,IL,60143-0000,Proprietary  ,16,91,107,26,119,145
02556600,NILES SCHOOL OF COSMETOLOGY             ,IL,60714-0000,Proprietary  ,9,30,39,18,51,69
02570305,LOS ANGELES ORT TECHNICAL INSTITUTE -D/B,IL,60077-0000,Private      ,0,0,0,0,3,3
02573700,INSTITUTE FOR CLINICAL SOCIAL WORK      ,IL,60601-0000,Private      ,2,55,57,7,117,124
02579200,INGALLS MEMORIAL HOSPITAL               ,IL,60426-0000,Private      ,2,15,17,6,46,52
02584900,"FIRST INSTITUTE, INC.                   ",IL,60014-7489,Proprietary  ,37,163,200,37,198,235
02587700,HAIR PROFESSIONALS CAREER COLLEGE       ,IL,60465-1929,Proprietary  ,23,43,66,32,64,96
02599500,HANOVER PARK COLLEGE OF BEAUTY CULT     ,IL,60133-5421,Proprietary  ,26,46,72,35,66,101
02622700,KNOWLEDGE SYSTEMS INSTITUTE             ,IL,60076-0000,Private      ,0,3,3,1,5,6
03002000,HAIRMASTERS INST OF COSMETOLOGY         ,IL,61701-5547,Proprietary  ,13,28,41,21,42,63
03027702,PACIFIC COLLEGE OF ORIENTAL MEDICINE - C,IL,60613-4418,Proprietary  ,2,79,81,16,165,181
03065300,TREND SETTERS COLL OF COSMETOLOGY       ,IL,60915-2101,Proprietary  ,32,30,62,56,49,105
03072701,WESTWOOD COLLEGE OF TECHNOLOGY          ,IL,60409-0000,Proprietary  ,107,286,393,277,825,1102
03072702,WESTWOOD COLLEGE OF TECHNOLOGY          ,IL,60602-0000,Proprietary  ,179,393,572,558,1268,1826
03078400,CAMEO BEAUTY ACADEMY                    ,IL,60453-3196,Proprietary  ,20,37,57,37,65,102
03079200,WESTWOOD COLLEGE - DUPAGE               ,IL,60517-2321,Proprietary  ,180,224,404,387,485,872
03082900,ROSEL SCHOOL OF COSMETOLOGY             ,IL,60659-1913,Proprietary  ,12,12,24,27,25,52
03083800,HEARTLAND COMMUNITY COLLEGE             ,IL,61761-9446,Public       ,670,829,1499,1812,1894,3706
03098000,ST JOHN'S COLLEGE OF NURSING            ,IL,62702-5321,Private      ,39,43,82,115,113,228
03098002,ST JOHN'S HOSP SCH MED TECH             ,IL,62769-5324,Private      ,8,13,21,16,28,44
03099700,CAIN'S BARBER COLLEGE                   ,IL,60615-3510,Proprietary  ,33,129,162,84,180,264
03099800,ILLINOIS SCHOOL OF HEALTH CAREERS       ,IL,60604-0000,Proprietary  ,64,222,286,217,460,677
03101800,ILLINOIS CENTER FOR BROADCASTING        ,IL,60148-7015,Proprietary  ,37,116,153,63,185,248
03128300,PYRAMID CAREER INSTITUTE                ,IL,60657-4207,Proprietary  ,0,4,4,2,8,10
03128500,NATIONAL LATINO EDUCATION INSTITUTE     ,IL,60609-2205,Private      ,10,32,42,26,55,81
03199300,CHRISTIAN LIFE COLLEGE                  ,IL,60056-2522,Private      ,8,4,12,17,11,28
03368300,MIDWEST TECHNICAL INSTITUTE             ,IL,62707-8805,Proprietary  ,149,565,714,262,1090,1352
03416300,COMPUTER SYSTEMS INSTITUTE              ,IL,60077-0000,Proprietary  ,83,376,459,137,585,722
03448300,BUSINESS INDUSTRIAL RESOURCES           ,IL,60659-1298,Proprietary  ,19,323,342,37,462,499
03455700,CORTIVA INSTITUTE - CHICAGO             ,IL,60602-3315,Proprietary  ,79,261,340,126,368,494
03455701,CORTIVA INSTITUTE - CHICAGO             ,IL,60014-6285,Proprietary  ,7,17,24,12,29,41
03510300,ERIKSON INSTITUTE                       ,IL,60654-4510,Private      ,1,85,86,6,299,305
03623300,VEE'S SCHOOL OF BEAUTY CULTURE          ,IL,62205-2326,Proprietary  ,1,6,7,3,6,9
03643300,"MR. JOHN'S SCHOOL OF JACKSONVILLE,  INC,",IL,62650-3488,Proprietary  ,6,14,20,9,20,29
03684300,NORTHSHORE UNIVERSITY HEALTHSYSTEM SCHOO,IL,60201-9872,Private      ,7,23,30,24,54,78
03721400,AMERICAN CAREER COLLEGE                 ,IL,60402-0000,Proprietary  ,11,43,54,27,77,104
03881400,EUROPEAN MASSAGE THERAPY SCHOOL         ,IL,60077-2269,Proprietary  ,5,55,60,10,69,79
03891300,SOMA INSTITUTE - THE NATIONAL SCHOOL OF ,IL,60604-4466,Proprietary  ,25,80,105,51,140,191
03914300,"CALC, INSTITUTE OF TECHNOLOGY           ",IL,62002-5931,Proprietary  ,14,85,99,24,130,154
04117500,SOLEX MEDICAL ACADEMY                   ,IL,60090-3104,Proprietary  ,3,38,41,5,48,53
04118400,ZAREM /GOLDE ORT TECHNICAL INSTITUTE    ,IL,60077-3210,Private      ,20,148,168,20,150,170
04124700,AMERICARE INSTITUTE                     ,IL,60133-5456,Proprietary  ,41,188,229,72,397,469
04136900,UNIVERSITY OF AESTHETICS (THE)          ,IL,60622-2151,Proprietary  ,2,14,16,9,26,35
04137000,UNIVERSITY OF AESTHETICS (THE)          ,IL,60515-5602,Proprietary  ,2,9,11,3,16,19
04137500,TRICOCI UNIVERSITY OF BEAUTY CULTURE    ,IL,60656-1805,Proprietary  ,46,74,120,128,183,311
04139000,CITI COLLEGE OF ALLIED HEALTH           ,IL,60602-1032,Proprietary  ,23,191,214,57,333,390
04141000,AVEDA INSTITUTE CHICAGO                 ,IL,60647-0000,Proprietary  ,42,92,134,103,172,275
04147100,TRICOCI UNIVERSITY OF BEAUTY CULTURE    ,IL,60048-2906,Proprietary  ,16,46,62,33,88,121
04147200,TRICOCI UNIVERSITY OF BEAUTY CULTURE    ,IL,60455-1824,Proprietary  ,14,51,65,44,100,144
04147300,TRICOCI UNIVERSITY OF BEAUTY CULTURE    ,IL,60139-3119,Proprietary  ,18,16,34,36,37,73
04147400,TRICOCI UNIVERSITY OF BEAUTY CULTURE    ,IL,61614-4831,Proprietary  ,11,35,46,25,55,80
04147500,TRICOCI UNIVERSITY OF BEAUTY CULTURE    ,IL,61108-2337,Proprietary  ,27,78,105,43,148,191
04160600,PAUL MITCHELL THE SCHOOL NORMAL         ,IL,61761-0000,Proprietary  ,61,60,121,66,63,129
04167800,INNOVATIONS DESIGN ACADEMY              ,IL,61520-2625,Proprietary  ,3,20,23,5,25,30
04168500,SOLEX COLLEGE                           ,IL,60090-3192,Proprietary  ,0,2,2,0,2,2
04170800,UNITY COSMETOLOGY COLLEGE               ,IL,61764-9652,Proprietary  ,7,13,20,7,13,20
00195100,ALICE LLOYD COLLEGE                     ,KY,41844-9703,Private      ,131,30,161,805,133,938
00195200,ASBURY COLLEGE                          ,KY,40390-1198,Private      ,285,164,449,1517,377,1894
00195300,ASBURY THEOLOGICAL SEMINARY             ,KY,40390-0000,Private      ,5,179,184,21,1189,1210
00195400,BELLARMINE UNIVERSITY                   ,KY,40205-1877,Private      ,271,392,663,3649,1299,4948
00195500,BEREA COLLEGE                           ,KY,40403-0000,Private      ,262,123,385,2711,656,3367
00195800,BRESCIA UNIVERSITY                      ,KY,42301-3023,Private      ,98,171,269,773,440,1213
00195900,CAMPBELLSVILLE UNIVERSITY               ,KY,42718-2799,Private      ,276,383,659,2314,1267,3581
00196000,SPALDING UNIVERSITY                     ,KY,40203-2188,Private      ,122,714,836,743,2152,2895
00196100,CENTRE COLLEGE                          ,KY,40422-1394,Private      ,107,22,129,2181,98,2279
00196200,UNIVERSITY OF THE CUMBERLANDS           ,KY,40769-1372,Private      ,280,698,978,2459,1317,3776
00196300,EASTERN KENTUCKY UNIVERSITY             ,KY,40475-3102,Public       ,1975,2317,4292,11220,7065,18285
00196400,GEORGETOWN COLLEGE                      ,KY,40324-1628,Private      ,141,197,338,2152,545,2697
00196500,KENTUCKY CHRISTIAN UNIVERSITY           ,KY,41143-2205,Private      ,126,46,172,686,147,833
00196800,KENTUCKY STATE UNIVERSITY               ,KY,40601-2355,Public       ,715,513,1228,3452,1583,5035
00196900,KENTUCKY WESLEYAN COLLEGE               ,KY,42302-1039,Private      ,120,62,182,1084,283,1367
00197100,LEXINGTON THEOLOGICAL SEMINARY          ,KY,40508-0000,Private      ,1,25,26,2,54,56
00197200,LINDSEY WILSON COLLEGE                  ,KY,42728-1223,Private      ,213,381,594,2597,1429,4026
00197400,LOUISVILLE PRESBYTERIAN THEOL SEM       ,KY,40205-0000,Private      ,1,79,80,3,143,146
00197500,MIDWAY COLLEGE                          ,KY,40347-1120,Private      ,104,450,554,609,1480,2089
00197600,MOREHEAD STATE UNIVERSITY               ,KY,40351-1689,Public       ,945,1392,2337,5552,3932,9484
00197700,MURRAY STATE UNIVERSITY                 ,KY,42071-0009,Public       ,1124,1238,2362,5710,3039,8749
00197900,WEST KENTUCKY CMNTY & TECHNICAL COLG    ,KY,42002-7380,Public       ,457,1213,1670,1440,2724,4164
00198000,PIKEVILLE COLLEGE                       ,KY,41501-1194,Private      ,147,79,226,1546,397,1943
00198001,PIKEVILLE CLG-SCH OSTEOPATHIC MEDIC     ,KY,41501-0000,Private      ,2,73,75,16,336,352
00198200,SOUTHERN BAPTIST THEOL SEMINARY         ,KY,40280-0000,Private      ,15,68,83,53,184,237
00198300,ST. CATHARINE COLLEGE                   ,KY,40061-9499,Private      ,133,114,247,674,390,1064
00198700,TRANSYLVANIA UNIVERSITY                 ,KY,40508-1797,Private      ,143,48,191,1706,160,1866
00198800,UNION COLLEGE                           ,KY,40906-1499,Private      ,194,225,419,1197,651,1848
00198900,UNIVERSITY OF KENTUCKY                  ,KY,40506-0054,Public       ,2345,2195,4540,17356,7999,25355
00198901,UNIV OF KY-COLLEGE OF DENTISTRY         ,KY,40536-0000,Public       ,3,105,108,21,220,241
00198902,UNIV OF KY-COLLEGE OF MEDICINE          ,KY,40536-0000,Public       ,11,138,149,68,519,587
00199000,ASHLAND COMMUNITY AND TECHNICAL COLLEGE ,KY,41101-3683,Public       ,335,773,1108,1218,2024,3242
00199100,ELIZABETHTOWN COMMUNITY  AND TECHNICAL C,KY,42701-3081,Public       ,511,1345,1856,1884,3867,5751
00199300,HENDERSON COMMUNITY COLLEGE             ,KY,42420-4699,Public       ,120,420,540,450,1182,1632
00199400,HOPKINSVILLE COMMUNITY COLLEGE          ,KY,42241-2621,Public       ,292,1049,1341,845,2892,3737
00199600,BIG SANDY COMMUNITY AND TECHNICAL COLG  ,KY,41653-1815,Public       ,337,630,967,1595,1982,3577
00199700,SOMERSET COMMUNITY COLLEGE              ,KY,42501-2973,Public       ,591,1719,2310,2494,5106,7600
00199800,SOUTHEAST KENTUCKY COMMUNITY AND TECHNIC,KY,40823-1099,Public       ,257,534,791,892,1240,2132
00199802,CUMBERLAND VLY TEC CLG MIDDLESBORO      ,KY,40965-2265,Public       ,14,13,27,51,38,89
00199804,SOUTHEAST COMMUNITY COLLEGE             ,KY,40831-1796,Public       ,29,67,96,140,159,299
00199900,UNIVERSITY OF LOUISVILLE                ,KY,40292-0000,Public       ,1733,2922,4655,12628,10766,23394
00200100,THOMAS MORE COLLEGE                     ,KY,41017-3495,Private      ,173,255,428,1426,589,2015
00200200,WESTERN KENTUCKY UNIVERSITY             ,KY,42101-3576,Public       ,2721,2765,5486,12773,7604,20377
00461800,SPENCERIAN COLLEGE                      ,KY,40216-2605,Proprietary  ,155,696,851,600,1766,2366
00461900,SULLIVAN UNIVERSITY                     ,KY,40205-3000,Proprietary  ,462,1514,1976,2058,4862,6920
00493402,DAYMAR COLLEGE - BOWLING GREEN          ,KY,42101-4063,Proprietary  ,8,32,40,8,32,40
00512729,BROWN MACKIE COLLEGE-CINCINNATI - 279 BU,KY,41017-2136,Proprietary  ,12,49,61,46,157,203
00524400,BLUEGRASS COMMUNITY & TECHNICAL COLLEGE ,KY,40506-0235,Public       ,1308,2945,4253,3909,7741,11650
00527100,BOWLING GREEN TECHNICAL COLLEGE         ,KY,42101-3601,Public       ,272,795,1067,944,2386,3330
00527300,GATEWAY COMMUNITY & TECHNOLOGY COLL     ,KY,41011-0000,Public       ,334,1166,1500,975,2758,3733
00696000,MAYSVILLE CMNTY & TECHNCL COLG          ,KY,41056-8910,Public       ,236,807,1043,791,2157,2948
00696100,JEFFERSON COMMUNITY AND TECHNICAL COLLEG,KY,40202-2005,Public       ,1303,2990,4293,5149,9871,15020
00696200,HAZARD COMMUNITY COLLEGE                ,KY,41701-2402,Public       ,194,529,723,1217,1768,2985
00696203,KY TECH-KNOTT CO. TECHNOLOGY CTR        ,KY,41822-0000,Public       ,1,2,3,7,10,17
00696204,KY TECH-LESLIE COUNTY AREA TECH CTR     ,KY,41749-0000,Public       ,0,2,2,2,9,11
00696205,KY TECH-LEE COUNTY AREA TECH CTR        ,KY,41311-0000,Public       ,0,4,4,1,6,7
00696206,KY TECH-LETCHER CNTY AREA TECH CTR      ,KY,41858-0000,Public       ,2,11,13,14,24,38
00696207,KY TECH-BREATHITT COUNTY VOC ED CTR     ,KY,41339-0000,Public       ,2,11,13,7,21,28
00736205,MEDTECH COLLEGE - LEXINGTON             ,KY,40511-1200,Proprietary  ,15,143,158,38,263,301
00842500,DAYMAR COLLEGE                          ,KY,42001-0000,Proprietary  ,18,166,184,50,417,467
00901000,MADISONVILLE COMMUNITY COLLEGE          ,KY,42431-9199,Public       ,268,730,998,969,2057,3026
00927500,NORTHERN KENTUCKY UNIVERSITY            ,KY,41099-0001,Public       ,2012,2563,4575,8452,6198,14650
00931300,DAYMAR COLLEGE                          ,KY,42301-5830,Proprietary  ,86,832,918,160,1546,1706
00931302,DAYMAR COLLEGE - LOUISVILLE CAMPUS      ,KY,40219-1973,Proprietary  ,18,149,167,72,408,480
01042400,SALON PROFESSIONAL ACADEMY THE          ,KY,40502-1776,Proprietary  ,18,47,65,45,96,141
01048900,NATIONAL COLLEGE                        ,KY,40508-0000,Proprietary  ,141,1020,1161,433,4005,4438
01172500,COLLINS SCHOOL OF COSMETOLOGY           ,KY,40965-2809,Proprietary  ,6,38,44,17,51,68
01208800,SULLIVAN COLLEGE OF TECHNOLOGY AND DESIG,KY,40218-4528,Proprietary  ,106,245,351,437,690,1127
01212801,SOUTHWESTERN COLLEGE                    ,KY,41042-1466,Proprietary  ,67,368,435,109,694,803
01272300,KY TECH-WAYNE COUNTY AREA TECH CTR      ,KY,42633-1088,Public       ,0,4,4,3,10,13
01291400,EMPIRE BEAUTY SCHOOL                    ,KY,40218-0000,Proprietary  ,54,173,227,91,297,388
01291500,EMPIRE BEAUTY SCHOOL                    ,KY,41042-5113,Proprietary  ,49,69,118,86,133,219
01291600,EMPIRE BEAUTY SCHOOL                    ,KY,40216-4212,Proprietary  ,14,64,78,27,157,184
01291700,EMPIRE BEAUTY SCHOOL                    ,KY,40160-0000,Proprietary  ,37,85,122,69,154,223
01296800,EMPIRE BEAUTY SCHOOL                    ,KY,40207-2695,Proprietary  ,20,61,81,38,127,165
02159100,"APPALACHIAN BEAUTY SCHOOL, INC.         ",KY,41503-0000,Proprietary  ,6,16,22,20,28,48
02177100,EMPIRE BEAUTY SCHOOL                    ,KY,40204-0000,Proprietary  ,28,75,103,67,161,228
02251500,TREND SETTERS ACAD OF BEAUTY CULT       ,KY,40258-0000,Proprietary  ,4,34,38,13,65,78
02275000,JENNY LEA ACADEMY OF COSMETOLOGY        ,KY,40831-0000,Proprietary  ,16,85,101,32,124,156
02284306,INTERACTIVE LEARNING SYSTEMS            ,KY,41042-0000,Proprietary  ,4,21,25,9,39,48
02323700,PAT WILSON'S BEAUTY COLLEGE             ,KY,42420-0000,Proprietary  ,3,24,27,5,35,40
02337200,PJ'S COLLEGE OF COSMETOLOGY             ,KY,42101-0000,Proprietary  ,46,234,280,90,415,505
02340800,PAUL MITCHELL THE SCHOOL LEXINGTON      ,KY,40601-0000,Proprietary  ,34,52,86,65,79,144
02351700,PAUL MITCHELL THE SCHOOL - LOUISVILLE   ,KY,40203-3093,Proprietary  ,43,73,116,75,120,195
02491100,BECKFIELD COLLEGE                       ,KY,41042-0000,Proprietary  ,119,574,693,232,1395,1627
02518900,BARRETT & COMPANY SCH HAIR DESIGN       ,KY,40356-0000,Proprietary  ,7,41,48,20,71,91
02526100,JENNY LEA ACADEMY OF COSMETOLOGY        ,KY,41858-0000,Proprietary  ,5,13,18,12,20,32
02535600,CLEAR CREEK BAPTIST BIBLE COLLEGE       ,KY,40977-0000,Private      ,6,52,58,24,122,146
02551100,PJ'S COLLEGE OF COSMETOLOGY             ,KY,42121-0000,Proprietary  ,8,40,48,14,72,86
02560800,SOUTHEAST SCHOOL OF COSMETOLOGY         ,KY,40962-0000,Proprietary  ,3,11,14,13,30,43
02576200,MID-CONTINENT UNIVERSITY                ,KY,42066-9007,Private      ,78,560,638,337,2524,2861
02616204,BROWN MACKIE COLLEGE-FINDLAY - BROWN MAC,KY,40219-1916,Proprietary  ,55,161,216,197,618,815
02616205,BROWN MACKIE COLLEGE-LOUISVILLE - BROWN ,KY,42240-3579,Proprietary  ,22,154,176,70,482,552
03002100,KENTUCKY MOUNTAIN BIBLE COLLEGE         ,KY,41385-0010,Private      ,19,17,36,38,24,62
03007000,FRONTIER SCH OF MIDWIFERY&FAMILY NU     ,KY,41749-0000,Private      ,1,381,382,3,888,891
03026200,HEAD'S WEST KENTUCKY BEAUTY COLLEGE     ,KY,42431-0000,Proprietary  ,5,21,26,9,30,39
03029200,NU-TEK ACADEMY OF BEAUTY                ,KY,40353-9767,Proprietary  ,3,21,24,7,33,40
03034500,OWENSBORO COMMUNITY & TECHNICAL COLLEGE ,KY,42303-1899,Public       ,255,776,1031,1271,2500,3771
03083700,GALEN HEALTH INSTITUTES                 ,KY,40207-1047,Proprietary  ,206,1200,1406,472,2713,3185
03103500,MR JIM'S BEAUTY COLLEGE                 ,KY,42301-2646,Proprietary  ,5,15,20,10,28,38
03516500,EZELL'S COSMETOLOGY SCHOOL              ,KY,42071-2530,Proprietary  ,8,16,24,16,48,64
03611300,BRIGHTON CENTER'S CENTER FOR EMPLOY     ,KY,41071-1968,Private      ,2,23,25,2,28,30
03804300,BELLEFONTE ACADEMY OF BEAUTY            ,KY,41169-2015,Proprietary  ,3,22,25,9,32,41
03885300,EMPLOYMENT SOLUTIONS                    ,KY,40517-3260,Private      ,3,64,67,20,123,143
03886300,REGENCY SCHOOL OF HAIR DESIGN           ,KY,41653-1278,Proprietary  ,3,14,17,10,25,35
04038300,ATA CAREER EDUCATION                    ,KY,40223-3832,Proprietary  ,75,419,494,158,906,1064
04123900,LEXINGTON HEALING ARTS ACADEMY          ,KY,40503-1932,Proprietary  ,9,37,46,18,76,94
00200300,CENTENARY COLLEGE OF LOUISIANA          ,LA,71104-3396,Private      ,468,127,595,1054,222,1276
00200400,DILLARD UNIVERSITY                      ,LA,70122-3097,Private      ,765,371,1136,2165,747,2912
00200500,NICHOLLS STATE UNIVERSITY               ,LA,70310-0001,Public       ,2767,1243,4010,5036,2150,7186
00200600,GRAMBLING STATE UNIVERSITY              ,LA,71245-2215,Public       ,2176,1239,3415,5517,2316,7833
00200700,LOUISIANA COLLEGE                       ,LA,71359-0000,Private      ,546,332,878,962,519,1481
00200800,LOUISIANA TECH UNIVERSITY               ,LA,71272-0001,Public       ,3401,1320,4721,5938,2128,8066
00201000,LOUISIANA STATE UNIV & A&M COLG         ,LA,70803-5710,Public       ,9624,3275,12899,19772,6417,26189
00201100,LOUISIANA STATE UNIV-ALEXANDRIA         ,LA,71302-9121,Public       ,799,1006,1805,1308,1585,2893
00201200,LOUISIANA STATE UNIV-EUNICE             ,LA,70535-6726,Public       ,1057,821,1878,1763,1433,3196
00201300,LOUISIANA STATE UNIV-SHREVEPORT         ,LA,71115-2399,Public       ,1296,1419,2715,2181,2327,4508
00201400,LA STATE UNIV HEALTH SCIENCES CTR       ,LA,70112-2223,Public       ,252,1071,1323,391,1881,2272
00201409,LOUISIANA STATE UNIVERSITY HEALTH SCIENC,LA,70119-2799,Public       ,31,51,82,75,133,208
00201500,(THE) UNIVERSITY OF NEW ORLEANS         ,LA,70148-0001,Public       ,3009,2998,6007,5397,5072,10469
00201600,LOYOLA UNIVERSITY NEW ORLEANS           ,LA,70118-6195,Private      ,1049,1042,2091,3397,2206,5603
00201700,MCNEESE STATE UNIVERSITY                ,LA,70609-4510,Public       ,2612,1702,4314,4562,2962,7524
00201900,NEW ORLEANS BAPTIST THEOL SEMINARY      ,LA,70126-0000,Private      ,20,66,86,34,127,161
00202000,UNIVERSITY OF LOUISIANA AT MONROE       ,LA,71209-9001,Public       ,2919,2038,4957,5142,3355,8497
00202100,NORTHWESTERN STATE UNIVERSITY           ,LA,71497-0001,Public       ,2918,2395,5313,5380,3986,9366
00202200,NOTRE DAME SEMINARY                     ,LA,70118-0000,Private      ,4,11,15,6,16,22
00202300,OUR LADY OF HOLY CROSS COLLEGE          ,LA,70131-7399,Private      ,298,574,872,520,922,1442
00202400,SOUTHEASTERN LOUISIANA UNIV             ,LA,70402-0001,Public       ,5464,2631,8095,9299,4338,13637
00202500,SOUTHERN UNIVERSITY A & M COLLEGE       ,LA,70813-9374,Public       ,3039,2842,5881,6772,5511,12283
00202600,SOUTHERN UNIV NEW ORLEANS               ,LA,70126-0002,Public       ,1011,1710,2721,1683,2839,4522
00202700,ST JOSEPH SEMINARY COLLEGE              ,LA,70457-9990,Private      ,16,4,20,21,8,29
00202900,TULANE UNIVERSITY                       ,LA,70118-5698,Private      ,1571,2340,3911,12339,6288,18627
00203100,UNIV OF LOUISIANA AT LAFAYETTE          ,LA,70504-0001,Public       ,6480,2447,8927,11190,4223,15413
00203200,XAVIER UNIVERSITY OF LOUISIANA          ,LA,70125-1098,Private      ,1521,901,2422,4461,1593,6054
00462100,AYERS CAREER COLLEGE                    ,LA,71108-5845,Proprietary  ,22,168,190,27,205,232
00462500,DELGADO COMMUNITY COLLEGE               ,LA,70119-0000,Public       ,3694,6364,10058,5557,10755,16312
00520300,REMINGTON COLLEGE - LAFAYETTE CAMPUS    ,LA,70508-5760,Proprietary  ,286,753,1039,321,808,1129
00520306,REMINGTON COLLEGE - BATON ROUGE CAMPUS  ,LA,70816-4040,Proprietary  ,120,356,476,166,408,574
00546700,SOWELA TECHNICAL COMMUNITY COLLEGE      ,LA,70616-6950,Public       ,441,473,914,642,825,1467
00548800,LOUISIANA TECH COLG-BATON ROUGE         ,LA,70807-0000,Public       ,184,372,556,295,592,887
00548802,LOUISIANA TECH COLG-ACADIAN CMPS        ,LA,70526-0000,Public       ,36,86,122,52,141,193
00548803,LOUISIANA TECH COLG-ALEXANDRIA CMPS     ,LA,71302-3137,Public       ,98,254,352,144,426,570
00548804,LOUISIANA TECH COLG-ASCENSION CMPS      ,LA,70778-3007,Public       ,49,62,111,66,98,164
00548805,LA TECH COLLEGE-AVOYELLES CAMPUS        ,LA,71327-0000,Public       ,31,45,76,41,63,104
00548806,LA TECHNICAL COLG-BASTROP CMPS          ,LA,71221-0000,Public       ,21,90,111,36,145,181
00548808,LA TECH COLG CHARLES B COREILCMPS       ,LA,70586-0000,Public       ,38,76,114,56,125,181
00548809,LA TECHNICAL COLG-DELTA-OUACHITA        ,LA,71292-9064,Public       ,76,230,306,115,365,480
00548810,EVANGELINE TECHNICAL INST               ,LA,70582-3104,Public       ,23,68,91,30,109,139
00548811,LA TECHN COLLEGE - FLORIDA PARISHES     ,LA,70441-0000,Public       ,41,91,132,54,150,204
00548812,LOUISIANA TECH COLG-FOLKES CAMPUS       ,LA,70748-0000,Public       ,3,15,18,4,29,33
00548813,LA TECHNICAL INST-GULF AREA CMPS        ,LA,70510-0878,Public       ,64,111,175,102,191,293
00548814,LOUISIANA TECH COLG-HAMMOND CMPS        ,LA,70404-0000,Public       ,112,207,319,159,323,482
00548815,LA TECH COLG-HUEY P. LONG CAMPUS        ,LA,71483-0000,Public       ,26,55,81,40,85,125
00548816,LA TECH COLLEGE-JEFFERSON CAMPUS        ,LA,70001-5605,Public       ,36,121,157,68,237,305
00548817,LOUISIANA TEC CLG-JUMONVILLE MEM CP     ,LA,70760-0000,Public       ,14,33,47,19,53,72
00548818,LA TECH COLLEGE-LAFAYETTE CAMPUS        ,LA,70506-0000,Public       ,275,411,686,410,704,1114
00548819,LOUISIANA TECHNICAL COLLEGE-LAFOURC     ,LA,70301-4336,Public       ,58,94,152,87,147,234
00548820,LOUISIANA TEC CLG-LAMAR SALTER CMPS     ,LA,71446-0000,Public       ,37,79,116,54,140,194
00548822,LOUISIANA TECHNICAL CLG-MANSFIELD       ,LA,71052-1236,Public       ,28,48,76,40,72,112
00548823,LA. TECH COLG.-MORGAN SMITH CAMPUS      ,LA,70546-0000,Public       ,9,45,54,24,61,85
00548824,LOUISIANA TEC CLG-NATCHITOCHES CMPS     ,LA,71458-0000,Public       ,39,84,123,67,141,208
00548825,LOUISIANA TECH COLG-NORTH CTRL CMPS     ,LA,71241-0000,Public       ,8,43,51,16,73,89
00548826,LOUISIANA TECH CLG-NORTHEAST LA CMP     ,LA,71295-2999,Public       ,26,54,80,39,99,138
00548827,LOUISIANA TEC CLG-NW LOUISIANA CMPS     ,LA,71058-0000,Public       ,55,161,216,90,241,331
00548828,LA TECHNICAL COLG-OAKDALE CMPS          ,LA,71463-0000,Public       ,19,33,52,33,65,98
00548829,LTC-RIVER PARISHES CAMPUS               ,LA,70084-0000,Public       ,85,136,221,134,235,369
00548830,LOUISIANA TECHNICAL COLLEGE-RUSTON      ,LA,71273-0000,Public       ,144,131,275,272,231,503
00548831,LTC - SABINE VALLEY CAMPUS              ,LA,71449-3839,Public       ,13,24,37,20,38,58
00548832,LOUISIANA TECH COLG-SHELBY JACKSON      ,LA,71334-0000,Public       ,17,84,101,27,154,181
00548833,LA TECH COLG SHREVEPORT-BOSSIER         ,LA,71137-0000,Public       ,125,468,593,199,731,930
00548837,LOUISIANA TECH COLG-SULLIVAN CAMPUS     ,LA,70427-5866,Public       ,90,208,298,125,323,448
00548838,LOUISIANA TECHNICAL COLG - TALLULAH     ,LA,71284-0000,Public       ,18,73,91,31,105,136
00548839,LA TECH COLG-TECHE AREA CAMPUS          ,LA,70562-0000,Public       ,80,120,200,116,188,304
00548840,LOUISIANA TECH COLG-T.H.HARRIS CMPS     ,LA,70570-6113,Public       ,162,228,390,231,373,604
00548841,LOUISIANA TECH COLG W JEFFERSON CMP     ,LA,70058-0000,Public       ,22,101,123,34,162,196
00548842,LOUISIANA TECHNICAL COLLEGE - WESTSIDE C,LA,70765-0733,Public       ,4,21,25,7,35,42
00548843,LTC-YOUNG MEMORIAL CAMPUS               ,LA,70381-0000,Public       ,44,123,167,68,206,274
00576100,L. E. FLETCHER TECHNICAL COMMUNITY COLLE,LA,70360-2863,Public       ,416,531,947,630,851,1481
00768600,SOUTHERN UNIV AT SHREVEPORT/BOSSIER     ,LA,71107-4795,Public       ,631,1169,1800,968,1806,2774
00806700,LSU HEALTH SCIENCES CENTR-SHREVEPOR     ,LA,71130-3932,Public       ,119,525,644,290,894,1184
00989800,DEMMON SCHOOL OF BEAUTY                 ,LA,70607-2128,Proprietary  ,11,14,25,16,23,39
01005701,AMERICAN COMMERCIAL COLLEGE             ,LA,71105-2502,Proprietary  ,10,105,115,12,161,173
01109700,CLOYD'S BEAUTY SCHOOL #1                ,LA,71291-3131,Proprietary  ,8,41,49,13,47,60
01163100,"D-JAY'S SCHL OF BEAUTY, ARTS & SCI      ",LA,70806-0000,Proprietary  ,15,39,54,32,59,91
01184100,JOHN JAY BEAUTY COLLEGE                 ,LA,70124-2592,Proprietary  ,22,49,71,45,69,114
01261100,RONNIE & DORMANS SCHOOL HAIR DESIGN     ,LA,70501-0000,Proprietary  ,5,5,10,7,8,15
01282300,PAT GOINS RUSTON BEAUTY SCHOOL          ,LA,71270-4301,Proprietary  ,3,11,14,8,16,24
01287900,PAT GOINS BENTON ROAD BEAUTY SCHOOL     ,LA,71111-4838,Proprietary  ,4,24,28,6,36,42
01288000,PAT GOINS BEAUTY SCHOOL                 ,LA,71201-5167,Proprietary  ,3,8,11,7,18,25
02055400,BOSSIER PARISH COMMUNITY COLLEGE        ,LA,71111-0000,Public       ,1367,1920,3287,1859,2766,4625
02055500,DELTA SCH OF BUSINESS & TECHNOLOGY      ,LA,70601-0000,Proprietary  ,50,229,279,73,363,436
02089711,HERZING COLLEGE                         ,LA,70062-8727,Proprietary  ,24,203,227,48,306,354
02117800,AVEDA INSTITUTE LAFAYETTE               ,LA,70503-3246,Proprietary  ,71,66,137,107,109,216
02166100,NUNEZ COMMUNITY COLLEGE                 ,LA,70043-0000,Public       ,196,428,624,302,711,1013
02166200,ITI TECHNICAL COLLEGE                   ,LA,70817-0000,Proprietary  ,153,220,373,210,321,531
02197500,BATON ROUGE SCHOOL OF COMPUTERS         ,LA,70816-0000,Proprietary  ,19,38,57,30,55,85
02234000,CAMERON COLLEGE                         ,LA,70119-0000,Proprietary  ,17,50,67,29,93,122
02258400,AVEDA INSTITUTE BATON ROUGE             ,LA,70816-2246,Proprietary  ,70,86,156,93,130,223
02260200,DIESEL DRIVING ACADEMY                  ,LA,71109-5617,Proprietary  ,6,78,84,7,94,101
02265600,JOHN JAY KENNER ACADEMY                 ,LA,70062-0000,Proprietary  ,23,51,74,31,60,91
02269300,STEVENSON'S ACADEMY OF HAIR DESIGN      ,LA,70116-0000,Proprietary  ,28,68,96,41,80,121
02327800,PINEVILLE BEAUTY SCHOOL                 ,LA,71360-0000,Proprietary  ,13,35,48,25,63,88
02335701,BATON ROUGE GEN MED CTR SCH NSG         ,LA,70821-0000,Private      ,48,107,155,72,183,255
02335702,BATON ROUGE GEN MED CTR-RAD TECH        ,LA,70806-0000,Private      ,17,38,55,30,70,100
02338000,"CLOYD'S BEAUTY SCHOOL #2, INC           ",LA,71202-3539,Proprietary  ,5,26,31,7,32,39
02352500,"CLOYD'S BEAUTY SCHOOL #3, INC           ",LA,71201-3211,Proprietary  ,11,37,48,13,43,56
02358600,"STAGE ONE THE HAIR SCHOOL, INC.         ",LA,70605-0000,Proprietary  ,23,28,51,29,43,72
02518300,SOUTH LOUISIANA BEAUTY COLLEGE          ,LA,70363-0000,Proprietary  ,6,5,11,9,9,18
02536400,LOUISIANA ACADEMY OF BEAUTY             ,LA,70535-0000,Proprietary  ,11,19,30,17,27,44
02538300,DELTA COLLEGE OF ARTS & TECH INC        ,LA,70806-1529,Proprietary  ,42,214,256,67,341,408
02538301,DELTA COLLEGE OF ARTS & TECHNOLOGY - LAF,LA,70508-6831,Proprietary  ,15,70,85,30,132,162
02548500,COSMETOLOGY TRAINING CENTER             ,LA,70503-0000,Proprietary  ,20,17,37,31,26,57
02554800,VANGUARD COLLEGE OF COSMETOLOGY         ,LA,70458-8823,Proprietary  ,46,54,100,61,72,133
02582200,"GUY'S ACADEMY HAIR, SKIN & NAILS        ",LA,71105-2404,Proprietary  ,39,67,106,51,110,161
02600900,AVEDA INSTITUTE                         ,LA,70433-2922,Proprietary  ,344,616,960,449,864,1313
02601000,AMERICAN SCHOOL OF BUSINESS             ,LA,71105-5646,Proprietary  ,10,51,61,13,79,92
02601100,OPELOUSAS SCHOOL OF COSMETOLOGY         ,LA,70570-6156,Proprietary  ,4,20,24,7,23,30
02606800,CAREER TRAINING SPECIALISTS             ,LA,71201-6046,Proprietary  ,171,324,495,251,599,850
02606801,CAREER TECHNICAL COLLEGE - SHREVEPORT   ,LA,71105-2405,Proprietary  ,63,196,259,85,282,367
02617100,BATON ROUGE COLLEGE                     ,LA,70816-2246,Proprietary  ,37,66,103,63,108,171
02619200,DENHAM SPRINGS BEAUTY COLLEGE           ,LA,70726-3829,Proprietary  ,17,40,57,23,69,92
03010400,CRESCENT CITY SCH GAMING & BARTENDG     ,LA,70119-5507,Proprietary  ,19,164,183,30,200,230
03023500,CAMELOT CAREER COLLEGE                  ,LA,70805-7539,Proprietary  ,41,99,140,62,144,206
03030900,DIESEL DRIVING ACADEMY                  ,LA,70815-8109,Proprietary  ,13,133,146,16,145,161
03061400,ASCENSION COLLEGE                       ,LA,70737-2912,Proprietary  ,23,35,58,32,53,85
03095100,GRETNA CAREER COLLEGE                   ,LA,70053-2436,Proprietary  ,26,137,163,45,244,289
03106200,OUR LADY OF THE LAKE COLLEGE            ,LA,70808-4345,Private      ,432,833,1265,755,1539,2294
03253300,JONESVILLE BEAUTY SCHOOL                ,LA,71343-0000,Proprietary  ,15,41,56,32,56,88
03294300,BLUE CLIFF SCH THERAPEUTIC MASSAGE      ,LA,70002-3458,Proprietary  ,147,411,558,204,681,885
03332600,DELTA COLLEGE                           ,LA,70433-9042,Proprietary  ,42,119,161,67,203,270
03332601,DELTA COLLEGE - SLIDELL                 ,LA,70460-2624,Proprietary  ,25,95,120,42,167,209
03356300,MEDICAL TRAINING COLLEGE                ,LA,70816-5820,Proprietary  ,67,157,224,107,250,357
03422500,BLUE CLIFF COLLEGE                      ,LA,71107-6520,Proprietary  ,76,347,423,102,540,642
03422600,BLUE CLIFF COLLEGE                      ,LA,70508-3858,Proprietary  ,70,335,405,109,470,579
03480300,MEDVANCE INSTITUTE                      ,LA,70809-1908,Proprietary  ,75,257,332,120,377,497
03498400,OMEGA INSTITUTE OF COSMETOLOGY          ,LA,70360-0000,Proprietary  ,25,25,50,32,36,68
03727500,MOORE CAREER COLLEGE                    ,LA,70808-4191,Proprietary  ,12,39,51,18,44,62
03730300,BATON ROUGE COMMUNITY COLLEGE           ,LA,78806-4129,Public       ,2529,2604,5133,3629,4152,7781
03752400,SCHOOL OF URBAN MISSIONS                ,LA,70053-0000,Private      ,58,72,130,77,97,174
03789300,UNITECH TRAINING ACADEMY                ,LA,70503-5132,Proprietary  ,29,77,106,38,111,149
03789301,UNITECH TRAINING ACADEMY - WEST MONROE  ,LA,71291-2913,Proprietary  ,19,72,91,25,105,130
03789302,UNITECH TRAINING ACADEMY - HOUMA        ,LA,70363-5556,Proprietary  ,17,48,65,25,57,82
03789303,UNITECH TRAINING ACADEMY -  ALEXANDRIA  ,LA,71303-3625,Proprietary  ,12,56,68,19,88,107
03789304,UNITECH TRAINING ACADEMY - LAKE CHARLES ,LA,70601-7887,Proprietary  ,18,43,61,20,57,77
03789400,RIVER PARISHES COMMUNITY COLLEGE        ,LA,70778-0310,Public       ,251,283,534,356,419,775
03810500,COURT REPORTING INSTITUTE OF LOUISI     ,LA,70816-0000,Proprietary  ,6,41,47,8,56,64
03956300,SOUTH LOUISIANA COMMUNITY COLLEGE       ,LA,70506-0000,Public       ,902,793,1695,1238,1221,2459
04040300,COMPASS CAREER COLLEGE                  ,LA,70403-0653,Proprietary  ,27,80,107,43,113,156
04112300,LOUISIANA CULINARY INSTITUTE            ,LA,70816-4109,Proprietary  ,76,92,168,117,151,268
04120700,ALDEN'S SCHOOL OF COSMETOLOGY           ,LA,70714-1502,Proprietary  ,7,27,34,9,45,54
04130100,LOUISIANA DELTA COMMUNITY COLLEGE       ,LA,71203-3618,Public       ,571,667,1238,854,1157,2011
04149500,A & W HEALTHCARE EDUCATORS              ,LA,70122-3146,Proprietary  ,10,61,71,16,98,114
04151600,MY-LE'S BEAUTY COLLEGE                  ,LA,70056-3150,Proprietary  ,9,63,72,15,73,88
00143600,CAPITOL COLLEGE                         ,MD,20708-9759,Private      ,52,106,158,354,265,619
00146200,WASHINGTON BIBLE COLLEGE                ,MD,20706-3599,Private      ,15,98,113,73,265,338
00205700,ALLEGANY COLLEGE OF MARYLAND            ,MD,21502-2596,Public       ,554,617,1171,1927,1484,3411
00205800,ANNE ARUNDEL COMMUNITY COLLEGE          ,MD,21012-1895,Public       ,949,1976,2925,3238,4669,7907
00206100,BALTIMORE CITY COMMUNITY COLLEGE        ,MD,21215-7893,Public       ,572,2162,2734,2752,6344,9096
00206200,BOWIE STATE UNIVERSITY                  ,MD,20715-9465,Public       ,1101,1264,2365,6808,4010,10818
00206300,COMMUNITY COLLEGE OF BALTIMORE COUNTY   ,MD,21228-5381,Public       ,1611,3735,5346,6344,10132,16476
00206400,COLLEGE OF SOUTHERN MARYLAND            ,MD,20646-0910,Public       ,617,1036,1653,2326,2894,5220
00206500,CLG NOTRE DAME OF MARYLAND              ,MD,21210-2476,Private      ,42,306,348,792,1386,2178
00206700,COLUMBIA UNION COLLEGE                  ,MD,20912-7796,Private      ,156,243,399,585,781,1366
00206800,COPPIN STATE UNIVERSITY                 ,MD,21216-3698,Public       ,604,1061,1665,3648,3647,7295
00207100,FREDERICK COMMUNITY COLLEGE             ,MD,21702-9745,Public       ,474,729,1203,1507,1735,3242
00207200,FROSTBURG STATE UNIVERSITY              ,MD,21532-1099,Public       ,588,269,857,6373,1211,7584
00207300,GOUCHER COLLEGE                         ,MD,21204-2794,Private      ,135,186,321,2874,639,3513
00207400,HAGERSTOWN COMMUNITY COLLEGE            ,MD,21742-6590,Public       ,375,690,1065,1406,1968,3374
00207500,HARFORD COMMUNITY COLLEGE               ,MD,21015-1696,Public       ,491,761,1252,1549,1809,3358
00207600,HOOD COLLEGE                            ,MD,21701-8575,Private      ,184,222,406,1954,665,2619
00207700,JOHNS HOPKINS UNIVERSITY                ,MD,21218-2693,Private      ,456,565,1021,7996,2132,10128
00207702,JOHNS HOPKINS UNIV SCH ARTS/SCI/ENG     ,MD,21218-0000,Private      ,562,643,1205,4107,1712,5819
00207703,JOHNS HOPKINS UNIV SCH OF BUS/ED        ,MD,21046-0000,Private      ,14,512,526,73,1420,1493
00207705,JOHNS HOPKINS BLOOMBERG SCH OF PH       ,MD,21205-0000,Private      ,2,343,345,25,1363,1388
00207706,JOHNS HOPKINS UNIV SCH OF MEDICINE      ,MD,21205-0000,Private      ,27,153,180,161,1011,1172
00207707,JOHNS HOPKINS UNIV SCH OF NURSING       ,MD,21205-0000,Private      ,35,182,217,244,974,1218
00207708,JOHNS HOPKINS UNIV PEABODY CONSERV      ,MD,21202-2397,Private      ,31,64,95,653,471,1124
00207800,LOYOLA UNIVERSITY MARYLAND              ,MD,21210-2699,Private      ,313,621,934,7569,1952,9521
00208000,MARYLAND INST COLLEGE OF ART            ,MD,21217-4191,Private      ,222,109,331,2772,722,3494
00208300,MORGAN STATE UNIVERSITY                 ,MD,21251-0002,Public       ,1605,1292,2897,10593,4624,15217
00208600,MOUNT SAINT MARY'S UNIVERSITY           ,MD,21727-7799,Private      ,196,102,298,2861,293,3154
00208700,NER ISRAEL RABBINICAL COLLEGE           ,MD,21208-1198,Private      ,15,8,23,68,39,107
00208900,PRINCE GEORGES COMMUNITY COLLEGE        ,MD,20774-2199,Public       ,1400,2761,4161,4601,6891,11492
00209100,SALISBURY UNIVERSITY                    ,MD,21801-6862,Public       ,972,395,1367,10021,1713,11734
00209200,ST JOHN'S COLLEGE                       ,MD,21404-0000,Private      ,18,42,60,583,163,746
00209500,ST. MARY'S COLLEGE OF MARYLAND          ,MD,20686-3001,Public       ,159,35,194,2458,190,2648
00209600,ST MARY'S SEMINARY & UNIV               ,MD,21210-1994,Private      ,2,7,9,22,24,46
00209900,TOWSON UNIVERSITY                       ,MD,21252-0002,Public       ,1975,1504,3479,20762,6424,27186
00210200,UNIVERSITY OF BALTIMORE                 ,MD,21201-5779,Public       ,232,1282,1514,1539,5826,7365
00210300,"UNIVERSITY OF MARYLAND, COLLEGE PARK    ",MD,20742-5145,Public       ,2769,3146,5915,29065,11570,40635
00210400,"UNIVERSITY OF MARYLAND, BALTIMORE       ",MD,21201-1691,Public       ,280,1449,1729,2269,8830,11099
00210500,UMBC                                    ,MD,21250-0002,Public       ,866,998,1864,9132,4035,13167
00210600,UNIVERSITY MARYLAND EASTERN SHORE       ,MD,21853-4053,Public       ,786,399,1185,5271,1679,6950
00210700,STEVENSON UNIVERSITY                    ,MD,21153-0641,Private      ,361,241,602,4682,1255,5937
00210800,WASHINGTON COLLEGE                      ,MD,21620-1197,Private      ,115,17,132,2634,85,2719
00210900,MCDANIEL COLLEGE                        ,MD,21157-4390,Private      ,121,204,325,2909,560,3469
00458612,KAPLAN COLLEGE                          ,MD,21742-2797,Proprietary  ,180,646,826,307,1085,1392
00458614,KAPLAN COLLEGE - FREDERICK              ,MD,21704-8307,Proprietary  ,6,66,72,35,206,241
00465000,CHESAPEAKE COLLEGE                      ,MD,21679-0008,Public       ,272,478,750,977,1241,2218
00691100,MONTGOMERY COLLEGE                      ,MD,20850-1195,Public       ,2050,2751,4801,7946,7392,15338
00734100,INTERNATIONAL BEAUTY SCHOOL             ,MD,21502-2370,Proprietary  ,46,321,367,53,367,420
00744700,DEL-MAR-VA BEAUTY ACADEMY               ,MD,21804-0000,Proprietary  ,11,32,43,31,54,85
00749100,TESST COLLEGE OF TECHNOLOGY             ,MD,21227-1063,Proprietary  ,74,379,453,264,987,1251
00793600,LINCOLN TECHNICAL INSTITUTE             ,MD,21046-1544,Proprietary  ,214,309,523,477,498,975
00817500,HOWARD COMMUNITY COLLEGE                ,MD,21044-3197,Public       ,652,970,1622,2450,2694,5144
00826300,AWARD BEAUTY SCHOOL                     ,MD,21740-5624,Proprietary  ,12,90,102,15,103,118
00830800,CECIL COLLEGE                           ,MD,21901-1999,Public       ,206,369,575,682,792,1474
00907906,EVEREST COLLEGE- EVEREST INSTITUTE      ,MD,20910-3737,Proprietary  ,75,265,340,139,408,547
01001400,GARRETT COMMUNITY COLLEGE               ,MD,21541-1265,Public       ,133,73,206,629,235,864
01031900,MEDIX SCHOOL                            ,MD,21204-2538,Proprietary  ,248,883,1131,391,1319,1710
01041000,TESST COLLEGE OF TECHNOLOGY             ,MD,21286-2201,Proprietary  ,55,220,275,126,425,551
01164400,UNIV OF MARYLAND UNIVERSITY COLLEGE     ,MD,20783-8078,Public       ,607,8686,9293,2098,17903,20001
01164402,U OF MD UNIVERSITY COLLEGE - EUROPE     ,MD,20832-0000,Public       ,56,270,326,255,656,911
01164404,U OF MD UNIVERSITY COLLEGE - ASIA       ,MD,31207-0000,Public       ,22,189,211,79,410,489
02073900,WOR-WIC COMMUNITY COLLEGE               ,MD,21804-0000,Public       ,291,656,947,1126,2011,3137
02083600,TESST COLLEGE OF TECHNOLOGY             ,MD,20705-2698,Proprietary  ,77,230,307,165,516,681
02116005,SANFORD-BROWN INSTITUTE - LANDOVER      ,MD,20785-2287,Proprietary  ,81,332,413,148,644,792
02127900,SOJOURNER DOUGLASS COLLEGE              ,MD,21205-0000,Private      ,31,542,573,172,2080,2252
02155100,MARYLAND COLLEGE OF ART AND DESIGN      ,MD,20902-0000,Private      ,21,23,44,98,85,183
02269700,INTERNATIONAL BEAUTY SCHOOL             ,MD,21014-0000,Proprietary  ,13,17,30,24,34,58
02314800,BALTIMORE INTERNATIONAL COLLEGE         ,MD,21202-0000,Private      ,110,148,258,484,454,938
02331000,MARYLAND BEAUTY ACADEMY OF ESSEX        ,MD,21221-0000,Proprietary  ,10,31,41,32,77,109
02333000,HAIR ACADEMY                            ,MD,20784-0000,Proprietary  ,42,91,133,62,123,185
02343800,MONTGOMERY BEAUTY SCHOOL                ,MD,20901-0000,Proprietary  ,16,34,50,35,55,90
02494700,BALTIMORE STUDIO OF HAIR DESIGN         ,MD,21201-0000,Proprietary  ,13,54,67,48,115,163
02495000,ROBERT PAUL ACAD COSMTGY ARTS & SCI     ,MD,21093-0000,Proprietary  ,28,37,65,40,59,99
02495100,MARYLAND BEAUTY ACADEMY                 ,MD,21136-0000,Proprietary  ,5,12,17,26,29,55
02545400,NORTH AMERICAN TRADE SCHOOLS            ,MD,21244-0069,Proprietary  ,65,350,415,131,562,693
02573800,"L' ACADEMIE DE CUISINE, INC.            ",MD,20877-0000,Proprietary  ,14,60,74,39,119,158
02578400,TAI SOPHIA INSTITUTE                    ,MD,20723-6010,Private      ,0,88,88,0,177,177
03027200,BLADES SCHOOL OF HAIR DESIGN            ,MD,20619-0226,Proprietary  ,9,26,35,18,50,68
03064900,AARON'S ACADEMY OF BEAUTY               ,MD,20602-2715,Proprietary  ,14,26,40,24,47,71
03097200,AESTHETICS INSTITUTE OF COSMETOLOGY     ,MD,20877-1305,Proprietary  ,1,8,9,6,23,29
03100700,CARROLL COMMUNITY COLLEGE               ,MD,21157-6913,Public       ,203,300,503,879,780,1659
03148300,AMERICAN BEAUTY ACADEMY                 ,MD,20902-1911,Proprietary  ,99,268,367,136,352,488
03296300,BALTIMORE SCHOOL OF MASSAGE             ,MD,21090-2261,Proprietary  ,61,180,241,99,277,376
03327300,NEW CREATIONS ACADEMY OF HAIR DSN       ,MD,20746-2960,Proprietary  ,2,6,8,8,24,32
03455500,NATIONAL LABOR COLLEGE                  ,MD,20903-1790,Private      ,3,19,22,8,52,60
03493300,ALL-STATE CAREER SCHOOL                 ,MD,21224-6658,Proprietary  ,184,766,950,283,1145,1428
03771300,AMERICAN CAREER INSTITUTE               ,MD,20902-4637,Proprietary  ,107,745,852,130,822,952
03822400,MAPLE SPRINGS BAPTIST BIBLE COLLEGE & SE,MD,20743-5711,Private      ,1,14,15,2,36,38
03937300,YESHIVA COLLEGE OF THE NATION'S CAPITAL ,MD,20902-1700,Private      ,1,3,4,7,12,19
03965500,HAIR EXPRESSIONS ACADEMY                ,MD,20852-1729,Proprietary  ,9,26,35,23,56,79
04121600,FILA ACADEMY (THE)                      ,MD,21061-1634,Proprietary  ,15,64,79,26,107,133
04139700,FREDERICK SCHOOL OF COSMETOLOGY         ,MD,21701-0000,Proprietary  ,3,11,14,14,31,45
04141600,OMEGA STUDIOS' SCHOOL OF APPLIED RECORDI,MD,20852-1731,Proprietary  ,8,39,47,27,68,95
04151800,TEMPLE (THE): A PAUL MITCHELL PARTNER SC,MD,21701-5409,Proprietary  ,31,35,66,61,70,131
00211400,AMERICAN INTERNATIONAL COLLEGE          ,MA,01109-3189,Private      ,525,840,1365,2122,1695,3817
00211500,AMHERST COLLEGE                         ,MA,01002-5000,Private      ,436,64,500,4675,218,4893
00211600,ANDOVER NEWTON THEOLOGICAL SCHOOL       ,MA,02459-0000,Private      ,1,80,81,1,167,168
00211700,ANNA MARIA COLLEGE                      ,MA,01612-1198,Private      ,369,187,556,1975,397,2372
00211800,ASSUMPTION COLLEGE                      ,MA,01615-1294,Private      ,298,228,526,4475,609,5084
00211900,ATLANTIC UNION COLLEGE                  ,MA,01561-1000,Private      ,166,184,350,295,311,606
00212000,MERRIMACK COLLEGE                       ,MA,01845-5800,Private      ,400,69,469,3857,220,4077
00212100,BABSON COLLEGE                          ,MA,02457-0310,Private      ,318,278,596,2245,642,2887
00212200,BAY PATH COLLEGE                        ,MA,01106-2212,Private      ,165,658,823,831,1345,2176
00212300,BECKER COLLEGE-WORCESTER                ,MA,01615-0071,Private      ,432,328,760,2140,768,2908
00212400,BENTLEY UNIVERSITY                      ,MA,02452-4705,Private      ,647,288,935,5243,726,5969
00212600,BERKLEE COLLEGE OF MUSIC                ,MA,02215-3693,Private      ,842,354,1196,4083,962,5045
00212800,BOSTON COLLEGE                          ,MA,02467-3800,Private      ,1479,1109,2588,18963,6921,25884
00212900,BOSTON CONSERVATORY OF MUSIC            ,MA,02215-9830,Private      ,154,79,233,1110,321,1431
00213000,BOSTON UNIVERSITY                       ,MA,02215-1789,Private      ,3183,4196,7379,30515,17052,47567
00213300,BRANDEIS UNIVERSITY                     ,MA,02453-2700,Private      ,757,360,1117,4858,1216,6074
00213900,CLARK UNIVERSITY                        ,MA,01610-1473,Private      ,470,197,667,3556,594,4150
00214000,ELMS COLLEGE                            ,MA,01013-2839,Private      ,244,248,492,1072,626,1698
00214100,COLLEGE OF THE HOLY CROSS               ,MA,01610-2395,Private      ,561,28,589,5502,117,5619
00214300,CURRY COLLEGE                           ,MA,02186-2395,Private      ,565,362,927,4254,874,5128
00214400,DEAN COLLEGE                            ,MA,02038-1994,Private      ,350,72,422,1651,185,1836
00214500,EASTERN NAZARENE COLLEGE                ,MA,02170-2999,Private      ,201,170,371,747,336,1083
00214507,EASTERN NAZARENE CLG - LEAD PROGRAM     ,MA,02170-0000,Private      ,6,27,33,21,54,75
00214600,EMERSON COLLEGE                         ,MA,02116-4624,Private      ,550,304,854,6604,1562,8166
00214700,EMMANUEL COLLEGE                        ,MA,02115-5798,Private      ,244,136,380,4572,382,4954
00214800,ENDICOTT COLLEGE                        ,MA,01915-2098,Private      ,270,129,399,3934,318,4252
00214900,EPISCOPAL DIVINITY SCHOOL               ,MA,02138-0000,Private      ,0,33,33,0,58,58
00215000,FISHER COLLEGE                          ,MA,02116-1500,Private      ,378,260,638,1239,588,1827
00215100,BENJAMIN FRANKLIN INSTITUTE OF TECH     ,MA,02116-6296,Public       ,181,112,293,628,241,869
00215300,GORDON COLLEGE                          ,MA,01984-1899,Private      ,435,33,468,1874,85,1959
00215400,HELLENIC COLLEGE                        ,MA,02445-7496,Private      ,23,46,69,63,117,180
00215500,HARVARD UNIVERSITY                      ,MA,02138-3800,Private      ,287,289,576,6781,1187,7968
00215501,AMRCN REPERTORY THTR INST ADV THTR      ,MA,02138-0000,Private      ,3,12,15,4,126,130
00215502,HARVARD BUSINESS SCHOOL                 ,MA,02163-0000,Private      ,28,424,452,152,1550,1702
00215503,HARVARD EXTENSION SCHOOL                ,MA,02138-0000,Private      ,57,519,576,134,992,1126
00215504,HARVARD SCH OF DENTAL MEDICINE          ,MA,02115-0000,Private      ,4,69,73,22,196,218
00215505,HARVARD UNIV GRAD SCH DESIGN            ,MA,02138-0000,Private      ,4,184,188,14,1333,1347
00215506,HARVARD DIVINITY SCHOOL                 ,MA,02138-0000,Private      ,2,95,97,16,546,562
00215507,HARVARD UNIV GRAD SCH ED                ,MA,02138-0000,Private      ,3,170,173,5,1522,1527
00215508,HARVARD UNIV GRAD S OF ARTS & SCIEN     ,MA,02138-0000,Private      ,10,86,96,93,798,891
00215509,HARVARD JOHN F KENNEDY SCHL OF GOVT     ,MA,02138-0000,Private      ,1,152,153,12,1413,1425
00215510,HARVARD LAW SCHOOL                      ,MA,02138-0000,Private      ,18,892,910,90,3780,3870
00215511,HARVARD UNIV MEDICAL SCHOOL             ,MA,02115-0000,Private      ,16,386,402,104,1071,1175
00215512,HARVARD UNIV SCH PUBLIC HEALTH          ,MA,02115-0000,Private      ,3,66,69,32,783,815
00215513,HARVARD UNIVERSITY-HARVARD COLLEGE      ,MA,02138-0000,Private      ,1237,72,1309,14417,355,14772
00215700,HEBREW COLLEGE                          ,MA,02459-2237,Private      ,0,48,48,1,82,83
00215800,LASELL COLLEGE                          ,MA,02466-2716,Private      ,477,65,542,3011,203,3214
00216000,LESLEY UNIVERSITY                       ,MA,02138-2790,Private      ,392,1757,2149,2635,3505,6140
00216100,UMASS LOWELL                            ,MA,01854-3089,Public       ,1775,1552,3327,10710,3936,14646
00216400,NEW ENGLAND COLLEGE OF OPTOMETRY        ,MA,02115-1129,Private      ,2,118,120,10,390,400
00216500,MASS. COLLEGE OF PHARMACY  & HEALTH SCIE,MA,02115-5804,Private      ,350,457,807,4371,2573,6944
00216700,BERKSHIRE COMMUNITY COLLEGE             ,MA,01201-5786,Public       ,482,664,1146,797,1092,1889
00216800,CAPE COD COMMUNITY COLLEGE              ,MA,02668-1599,Public       ,591,847,1438,1360,1493,2853
00216900,GREENFIELD COMMUNITY COLLEGE            ,MA,01301-9739,Public       ,295,560,855,620,1008,1628
00217000,HOLYOKE COMMUNITY COLLEGE               ,MA,01040-1099,Public       ,1541,1835,3376,3069,3222,6291
00217100,MASSACHUSETTS BAY COMMUNITY COLLEGE     ,MA,02181-0000,Public       ,822,950,1772,1744,1678,3422
00217200,MOUNT WACHUSETT COMMUNITY COLLEGE       ,MA,01440-1000,Public       ,631,1025,1656,1487,2142,3629
00217300,NORTH SHORE COMMUNITY COLLEGE           ,MA,01923-4093,Public       ,1207,1473,2680,2404,2676,5080
00217400,NORTHERN ESSEX COMMUNITY COLLEGE        ,MA,01830-2399,Public       ,965,1383,2348,1924,2429,4353
00217500,QUINSIGAMOND COMMUNITY COLLEGE          ,MA,01606-2092,Public       ,1426,1783,3209,3160,3511,6671
00217600,BRISTOL COMMUNITY COLLEGE               ,MA,02720-7399,Public       ,1418,1560,2978,3153,3123,6276
00217700,MASSASOIT COMMUNITY COLLEGE             ,MA,02302-3996,Public       ,1222,1547,2769,2713,2862,5575
00217800,MASSACHUSETTS INST OF TECHNOLOGY        ,MA,02139-4307,Private      ,963,525,1488,10746,2738,13484
00218000,MASSACHUSETTS COLLEGE OF ART AND DESIGN ,MA,02115-5803,Public       ,259,184,443,2318,733,3051
00218100,MASSACHUSETTS MARITIME ACADEMY          ,MA,02532-3400,Public       ,306,34,340,1236,92,1328
00218300,BRIDGEWATER STATE COLLEGE               ,MA,02325-0001,Public       ,1585,853,2438,10925,2732,13657
00218400,FITCHBURG STATE COLLEGE                 ,MA,01420-2697,Public       ,639,401,1040,5328,1196,6524
00218500,FRAMINGHAM STATE COLLEGE                ,MA,01702-2471,Public       ,747,417,1164,4953,1031,5984
00218700,MASSACHUSETTS CLG OF LIBERAL ARTS       ,MA,01247-4100,Public       ,268,180,448,2115,461,2576
00218800,SALEM STATE COLLEGE                     ,MA,01970-5353,Public       ,1481,1179,2660,7580,2995,10575
00218900,WESTFIELD STATE COLLEGE                 ,MA,01086-1630,Public       ,830,451,1281,7305,1279,8584
00219000,WORCESTER STATE COLLEGE                 ,MA,01602-2597,Public       ,814,653,1467,5883,1776,7659
00219200,MOUNT HOLYOKE COLLEGE                   ,MA,01075-1492,Private      ,514,111,625,2570,306,2876
00219300,MOUNT IDA COLLEGE                       ,MA,02459-3323,Private      ,453,134,587,2136,334,2470
00219400,NEW ENGLAND CONSERVATORY OF MUSIC       ,MA,02115-5018,Private      ,26,32,58,755,612,1367
00219700,NICHOLS COLLEGE                         ,MA,01571-6346,Private      ,265,111,376,1908,302,2210
00219900,NORTHEASTERN UNIVERSITY                 ,MA,02115-5000,Private      ,1603,2561,4164,31184,9611,40795
00220100,PINE MANOR COLLEGE                      ,MA,02167-0000,Private      ,160,62,222,503,157,660
00220200,BLESSED JOHN XXIII NATIONAL SEMINARY    ,MA,02493-0000,Private      ,0,1,1,0,2,2
00220500,QUINCY COLLEGE                          ,MA,02169-4501,Public       ,509,1092,1601,1109,2065,3174
00220600,REGIS COLLEGE                           ,MA,02193-0000,Private      ,277,235,512,1977,617,2594
00220800,SIMMONS COLLEGE                         ,MA,02115-5898,Private      ,238,597,835,2804,3388,6192
00220900,SMITH COLLEGE                           ,MA,01063-2936,Private      ,300,83,383,3321,954,4275
00220901,"SMITH COLLEGE, SCH FOR SOCIAL WORK      ",MA,01063-0000,Private      ,1,22,23,1,23,24
00221000,UNIV OF MASSACHUSETTS-DARTMOUTH         ,MA,02747-2300,Public       ,1236,603,1839,11042,2289,13331
00221100,SPRINGFIELD COLLEGE                     ,MA,01109-3797,Private      ,505,1377,1882,3896,3051,6947
00221400,ST JOHN'S SEMINARY                      ,MA,02135-8839,Private      ,0,12,12,7,19,26
00221700,STONEHILL COLLEGE                       ,MA,02357-6110,Private      ,300,24,324,6429,135,6564
00221800,SUFFOLK UNIVERSITY                      ,MA,02108-2770,Private      ,603,955,1558,9404,4572,13976
00221810,SUFFOLK UNIVERSITY - LAW SCHOOL         ,MA,02108-4977,Private      ,0,0,0,17,357,374
00221900,TUFTS UNIVERSITY                        ,MA,02155-5808,Private      ,870,518,1388,9811,2548,12359
00221901,TUFTS UNIV SCH OF DENTAL MEDICINE       ,MA,02111-0000,Private      ,3,222,225,16,795,811
00221902,TUFTS UNIVERSITY - CUMMINGS SCHOOL OF VE,MA,01536-0000,Private      ,5,91,96,26,466,492
00221904,TUFTS UNIV SCHOOL OF MEDICINE           ,MA,02111-0000,Private      ,13,271,284,54,1839,1893
00222100,UNIV OF MASSACHUSETTS-AMHERST           ,MA,01003-0000,Public       ,3362,1847,5209,32997,5983,38980
00222200,UNIV OF MASSACHUSETTS-BOSTON            ,MA,02125-3393,Public       ,2370,3404,5774,10253,8102,18355
00222400,WELLESLEY COLLEGE                       ,MA,02481-8203,Private      ,485,48,533,3408,180,3588
00222500,WENTWORTH INSTITUTE OF TECHNOLOGY       ,MA,02115-5998,Private      ,760,265,1025,4599,605,5204
00222600,WESTERN NEW ENGLAND COLLEGE             ,MA,01119-2654,Private      ,638,426,1064,5100,1476,6576
00222700,WHEATON COLLEGE                         ,MA,02766-2322,Private      ,294,16,310,2503,78,2581
00222800,WHEELOCK COLLEGE                        ,MA,02215-4176,Private      ,268,209,477,1495,570,2065
00222900,WILLIAMS COLLEGE                        ,MA,01267-2600,Private      ,566,21,587,3773,109,3882
00223300,WORCESTER POLYTECHNIC INSTITUTE         ,MA,01609-2280,Private      ,668,153,821,6152,443,6595
00396500,BAY STATE COLLEGE                       ,MA,02116-2901,Proprietary  ,325,220,545,1271,600,1871
00396600,BOSTON ARCHITECTURAL COLLEGE            ,MA,02115-2795,Private      ,159,442,601,430,804,1234
00466100,HAMPSHIRE COLLEGE                       ,MA,01002-3359,Private      ,472,43,515,2376,131,2507
00466600,SALTER COLLEGE                          ,MA,01583-1700,Proprietary  ,224,1089,1313,340,1722,2062
00466700,SCHOOL OF MUSEUM OF FINE ARTS           ,MA,02115-5534,Private      ,156,70,226,830,284,1114
00466900,UPPER CAPE COD REGIONAL VOC TECH        ,MA,02532-3310,Public       ,7,35,42,20,94,114
00527900,GREATER LOWELL REGNL VOC TECH SCH       ,MA,01879-0000,Public       ,7,55,62,14,82,96
00551900,DIMAN REGIONAL VOC TECH INST            ,MA,02723-3519,Public       ,7,30,37,14,62,76
00552300,BLUE HILLS REGIONAL VOC TECH            ,MA,02021-1398,Public       ,11,47,58,24,110,134
00555700,MCCANN TECHNICAL SCHOOL                 ,MA,01247-0000,Public       ,8,38,46,22,64,86
00613600,NATIONAL AVIATION ACADEMY - NEW ENGLAND ,MA,01730-2620,Proprietary  ,41,65,106,77,125,202
00632200,BROCKTON HOSPITAL SCH OF NURSING        ,MA,02302-0000,Private      ,25,126,151,105,419,524
00632400,LABOURE COLLEGE                         ,MA,02124-5698,Private      ,64,284,348,173,620,793
00633100,LAWRENCE MEM HOSPITAL SCH OF NRSNG      ,MA,02155-1643,Private      ,18,140,158,56,321,377
00635200,BAYSTATE MEDICAL CENTER                 ,MA,01199-0001,Private      ,7,22,29,14,47,61
00687300,MARIAN COURT COLLEGE                    ,MA,01907-2896,Private      ,65,43,108,153,76,229
00748100,GIBBS COLLEGE                           ,MA,02116-2904,Proprietary  ,58,173,231,88,263,351
00748400,NEWBURY COLLEGE                         ,MA,02445-5796,Private      ,267,58,325,2167,251,2418
00748600,THE NEW ENGLAND INSTITUTE OF ART        ,MA,02445-7295,Proprietary  ,383,187,570,1633,559,2192
00748800,KAPLAN CAREER INSTITUTE                 ,MA,02129-1644,Proprietary  ,47,238,285,76,402,478
00748801,KAPLAN CAREER INSTITUTE -               ,MA,02215-2606,Proprietary  ,28,162,190,53,321,374
00807800,SPRINGFIELD TECHNICAL COMMUNITY CLG     ,MA,01105-0000,Public       ,1209,1978,3187,2425,3777,6202
00809002,EVEREST COLLEGE - EVEREST INSTITUTE     ,MA,02150-2333,Proprietary  ,42,204,246,53,249,302
00891600,NEW ENGLAND SCHOOL OF LAW               ,MA,02116-0000,Private      ,1,427,428,9,2240,2249
00964500,BARD COLLEGE AT SIMON'S ROCK            ,MA,01230-9702,Private      ,188,6,194,477,19,496
00974700,GORDON-CONWELL THEOLOGICAL SEMINARY     ,MA,01982-0000,Private      ,2,199,201,11,390,401
00975600,UNIVERSITY OF MASS MEDICAL CENTER       ,MA,01655-0000,Public       ,10,357,367,35,757,792
00987700,HENRI'S SCHOOL OF HAIR DESIGN           ,MA,01420-5675,Proprietary  ,6,5,11,14,8,22
00989900,LOWELL ACADEMY HAIRSTYLING INST         ,MA,01852-1909,Proprietary  ,2,7,9,4,12,16
00993600,MIDDLESEX COMMUNITY COLLEGE             ,MA,01730-1197,Public       ,661,566,1227,1357,944,2301
00993602,"MIDDLESEX COMMUNITY COLLEGE, LOWELL     ",MA,01852-0000,Public       ,1018,1042,2060,1981,1689,3670
01121000,BUNKER HILL COMMUNITY COLLEGE           ,MA,02129-2991,Public       ,2068,3343,5411,4122,5982,10104
01151000,EVEREST INSTITUTE                       ,MA,02135-7638,Proprietary  ,55,175,230,85,285,370
01193000,ROXBURY COMMUNITY COLLEGE               ,MA,02120-3400,Public       ,409,1080,1489,804,1936,2740
01204200,MANSFIELD BEAUTY SCHOOLS                ,MA,02169-5061,Proprietary  ,12,30,42,22,56,78
01206800,MANSFIELD BEAUTY SCHOOL                 ,MA,01103-1410,Proprietary  ,12,28,40,15,40,55
01218700,BLACKSTONE VALLEY VOCATIONAL REGIONAL SC,MA,01568-1499,Public       ,0,23,23,0,28,28
01238600,SOUTHEASTERN TECHNICAL INSTITUTE        ,MA,02375-1780,Public       ,26,55,81,37,136,173
01288100,MONTACHUSETT REG VOC TECH SCH           ,MA,01420-4649,Public       ,4,43,47,11,69,80
01292100,EMPIRE BEAUTY SCHOOL                    ,MA,02215-0000,Proprietary  ,58,158,216,82,213,295
01292101,EMPIRE BEAUTY SCHOOL - HYANNIS          ,MA,02601-2022,Proprietary  ,6,13,19,11,26,37
01294800,ROB ROY ACADEMY                         ,MA,02721-5330,Proprietary  ,18,29,47,27,39,66
02063000,MONTSERRAT COLLEGE OF ART               ,MA,01915-0000,Private      ,76,20,96,636,67,703
02063800,BUTERA SCHOOL OF ART                    ,MA,02116-0000,Proprietary  ,14,5,19,33,10,43
02076700,EMPIRE BEAUTY SCHOOL                    ,MA,02148-0000,Proprietary  ,29,88,117,36,117,153
02079400,EMPIRE BEAUTY SCHOOL                    ,MA,02453-0000,Proprietary  ,37,105,142,48,150,198
02092100,MASSACHUSETTS SCHOOL OF BARBERING       ,MA,02169-5058,Proprietary  ,4,27,31,13,41,54
02092200,EMPIRE BEAUTY SCHOOL                    ,MA,01852-0000,Proprietary  ,19,51,70,23,87,110
02122000,NEW ENGLAND HAIR ACADEMY                ,MA,02148-0000,Proprietary  ,28,46,74,39,77,116
02137000,ROB ROY ACADEMY                         ,MA,02780-0000,Proprietary  ,15,21,36,20,27,47
02137200,MASS GEN HOSP DIETETIC INTERNSHIP       ,MA,02114-0000,Private      ,1,11,12,1,18,19
02143000,LONGY SCHOOL OF MUSIC                   ,MA,02138-3599,Private      ,11,31,42,57,152,209
02163500,NEW ENGLAND SCHOOL OF PHOTOGRAPHY       ,MA,02215-0000,Proprietary  ,48,53,101,125,97,222
02163600,MASS SCH OF PROFESSIONAL PSYCHOLOGY     ,MA,02132-0000,Private      ,2,91,93,9,580,589
02169900,ASSABET VALLEY REGIONAL VOC SCHOOL      ,MA,01752-0000,Public       ,6,33,39,14,84,98
02181600,ROB ROY ACADEMY                         ,MA,01609-0000,Proprietary  ,44,75,119,59,97,156
02182900,CAMBRIDGE COLLEGE                       ,MA,02138-5304,Private      ,101,1305,1406,232,2234,2466
02197900,NORTH BENNET STREET SCHOOL              ,MA,02113-0000,Private      ,19,47,66,40,97,137
02215100,HALLMARK INSTITUTE OF PHOTOGRAPHY       ,MA,01376-0000,Proprietary  ,88,90,178,209,147,356
02219501,MILDRED ELLEY - PITTSFIELD              ,MA,01201-5300,Proprietary  ,6,13,19,10,27,37
02220400,CATHERINE HINDS INST OF ESTHETICS       ,MA,01801-0000,Proprietary  ,16,37,53,26,59,85
02231600,MGH INSTITUTE OF HEALTH PROFESSION      ,MA,02129-0000,Private      ,7,199,206,42,1185,1227
02274300,CONWAY SCHOOL OF LANDSCAPE DESIGN       ,MA,01341-0179,Private      ,0,8,8,0,16,16
02325700,LABARON HAIRDRESSING ACADEMY            ,MA,02740-0000,Proprietary  ,6,32,38,10,36,46
02325800,LABARON HAIRDRESSING ACAD-BROCKTON      ,MA,02301-0000,Proprietary  ,4,10,14,11,18,29
02337400,BANCROFT SCHOOL OF MASSAGE THERAPY      ,MA,01604-4614,Proprietary  ,6,25,31,8,40,48
02338200,BAY STATE SCHOOL OF TECHNOLOGY          ,MA,02021-0000,Proprietary  ,12,67,79,23,113,136
02339400,ROB ROY ACADEMY                         ,MA,02746-0000,Proprietary  ,3,4,7,4,8,12
02491700,CORTIVA INSTITUTE -  BOSTON             ,MA,02472-2577,Proprietary  ,10,67,77,18,101,119
02523900,ELIZABETH GRADY SCHOOL OF ESTHETICS     ,MA,02155-0000,Proprietary  ,11,44,55,17,60,77
02579800,NEW ENGLAND SCHOOL OF ACUPUNCTURE       ,MA,02458-0000,Private      ,2,81,83,4,126,130
03006802,PENNSYLVANIA CULINARY INSTITUTE - LE COR,MA,02142-1221,Proprietary  ,94,199,293,200,404,604
03066700,AILANO SCHOOL OF COSMETOLOGY            ,MA,02303-4740,Proprietary  ,6,13,19,14,21,35
03104000,SHAWSHEEN ADULT TECHNICAL INSTITUTE     ,MA,01821-5499,Public       ,9,35,44,12,57,69
03115200,MOTORING TECHNICAL TRAINING INST        ,MA,02771-5933,Proprietary  ,25,61,86,58,105,163
03120800,KAY HARVEY HAIRDRESSING ACADEMY         ,MA,01089-2701,Proprietary  ,6,7,13,8,19,27
03127700,SOUTHERN NEW ENGLAND SCHOOL OF LAW      ,MA,02747-1252,Private      ,0,120,120,2,322,324
03130500,URBAN COLLEGE OF BOSTON                 ,MA,02111-1093,Private      ,9,256,265,20,413,433
03194300,BOSTON GRAD SCH OF PSYCHOANALYSIS       ,MA,02446-4602,Private      ,0,29,29,0,48,48
03196300,LINCOLN TECHNICAL INSTITUTE             ,MA,02145-1102,Proprietary  ,105,272,377,153,426,579
03196302,LINCOLN TECHNICAL INSTITUTE             ,MA,01852-5119,Proprietary  ,83,190,273,150,376,526
03205400,JOLIE HAIR & BEAUTY ACADEMY             ,MA,01056-2769,Proprietary  ,14,19,33,19,25,44
03232302,LINCOLN TECHNICAL INSTITUTE             ,MA,02401-1818,Proprietary  ,49,196,245,110,374,484
03235300,MASSACHUSETTS SCHOOL OF LAW             ,MA,01810-1094,Private      ,2,292,294,7,527,534
03240300,HAIR IN MOTION BEAUTY ACADEMY           ,MA,01604-2213,Proprietary  ,10,12,22,13,15,28
03248300,BOSTON BAPTIST COLLEGE                  ,MA,02136-4000,Private      ,30,18,48,102,47,149
03316400,FUNERAL INSTITUTE OF THE NORTHEAST      ,MA,02062-4766,Proprietary  ,11,21,32,20,62,82
03504300,NATL GRAD SCH OF QUALITY SYSTM MGMT     ,MA,02540-0000,Private      ,0,8,8,1,16,17
03763300,MEDICAL PROFESSIONAL INSTITUTE          ,MA,02148-8143,Proprietary  ,9,66,75,14,101,115
03859300,E.I.N.E.                                ,MA,01876-4709,Proprietary  ,0,15,15,1,31,32
03946300,FRANKLIN W. OLIN COLLEGE OF ENGINEERING ,MA,02492-1200,Private      ,39,4,43,384,9,393
03965300,NEW ENGLAND COLLEGE OF FINANCE          ,MA,02110-1605,Proprietary  ,17,184,201,28,295,323
04039300,SULLIVAN AND COGLIANO TRAINING CENTER   ,MA,02301-4921,Proprietary  ,13,438,451,16,478,494
04116900,DIGRIGOLI SCHOOL OF COSMETOLOGY         ,MA,01089-4623,Proprietary  ,11,17,28,18,31,49
04122000,TRI COUNTY REGIONAL VOCATIONAL TECHNICAL,MA,02038-0000,Public       ,0,4,4,0,4,4
04128000,MILLENNIUM TRAINING INSTITUTE           ,MA,01801-6386,Proprietary  ,1,42,43,4,50,54
04128900,CENTRAL MASS SCHOOL OF MASSAGE AND THERA,MA,01562-1712,Proprietary  ,0,8,8,1,13,14
04153200,SOUTHERN WORCESTER COUNTY REGIONAL VOC S,MA,01507-1331,Public       ,3,12,15,4,32,36
00324204,CARNEGIE MELLON UNIVERSITY - QATAR      ,FC,00000-0000,Private      ,0,0,0,1,0,1
00324206,CARNEGIE MELLON UNIVERSITY THE HEINZ COL,FC,00000-0000,Private      ,0,0,0,0,1,1
00337112,TEMPLE UNIVERSITY - JAPAN               ,FC,00000-0000,Private      ,16,19,35,59,42,101
00369101,MIDDLEBURY COLLEGE - FRANCE             ,FC,00000-0000,Private      ,0,2,2,4,8,12
00369102,MIDDLEBURY COLLEGE - GERMANY            ,FC,00000-0000,Private      ,2,1,3,3,1,4
00369103,MIDDLEBURY COLLEGE - ITALY              ,FC,00000-0000,Private      ,3,2,5,5,4,9
00369104,MIDDLEBURY COLLEGE - SPAIN              ,FC,00000-0000,Private      ,5,5,10,10,16,26
00369105,MIDDLEBURY COLLEGE - RUSSIA             ,FC,00000-0000,Private      ,0,2,2,1,5,6
00369107,MIDDLEBURY COLLEGE - BREAD LOAF SCHOOL/E,FC,00000-0000,Private      ,0,1,1,0,1,1
00401000,INSTITUT INTERNAT'L D'ETUDES FRANCA     ,FC,00000-0000,Public       ,0,1,1,0,3,3
00401200,HEBREW UNIVERSITY OF JERUSALEM (THE)    ,FC,00000-0000,Public       ,6,43,49,32,97,129
00403000,UNIVERSITY OF CAMBRIDGE                 ,FC,00000-0000,Public       ,1,38,39,2,75,77
00503400,AMERICAN UNIVERSITY OF CAIRO            ,FC,00000-0000,Private      ,22,105,127,61,194,255
00667100,KATHOLIEKE UNIVERSITEIT LEUVEN          ,FC,00000-0000,Private      ,0,16,16,0,36,36
00669100,UNIVERSITY OF CAMBRIDGE - PEMBROKE      ,FC,00000-0000,Public       ,2,3,5,2,11,13
00669200,UNIVERSITY OF LEEDS                     ,FC,00000-0000,Public       ,2,34,36,8,88,96
00669300,UNIV OF LONDON-LONDON SCHOOL ECON       ,FC,00000-0000,Public       ,3,156,159,13,431,444
00669400,SCH OF ORIENTAL & AFRICAN STUDIES       ,FC,00000-0000,Public       ,2,63,65,7,142,149
00669500,UNIV OF LONDON-UNIVERSITY COLLEGE       ,FC,00000-0000,Public       ,11,140,151,27,390,417
00669600,UNIV OF LONDON-SCH ADVANCED STUDY       ,FC,00000-0000,Public       ,0,7,7,0,16,16
00669700,"QUEEN MARY, UNIVERSITY OF LONDON        ",FC,00000-0000,Public       ,10,50,60,24,123,147
00669900,UNIVERSITY OF SUSSEX                    ,FC,00000-0000,Public       ,2,35,37,7,82,89
00670000,"UNIVERSITY OF YORK, THE                 ",FC,00000-0000,Public       ,4,41,45,10,101,111
00670400,UNIVERSITY COLLEGE CORK                 ,FC,00000-0000,Public       ,2,23,25,8,54,62
00671300,UPPSALA UNIVERSITY                      ,FC,00000-0000,Public       ,2,13,15,2,41,43
00671500,UNIVERSITY OF GENEVA                    ,FC,00000-0000,Public       ,1,21,22,3,68,71
00683900,UNIVERSITY OF EDINBURGH                 ,FC,00000-0000,Public       ,30,226,256,119,566,685
00684200,UNIVERSITY OF DUBLIN TRINITY COLLEG     ,FC,00000-0000,Public       ,8,61,69,36,140,176
00685000,UNIVERSITY OF CAMBRIDGE - DOWNING C     ,FC,00000-0000,Public       ,0,3,3,0,7,7
00763200,UNIVERSITY OF BRISTOL                   ,FC,00000-0000,Public       ,4,29,33,14,77,91
00768100,COLLEGE OF EUROPE                       ,FC,00000-0000,Private      ,0,4,4,0,7,7
00770500,ROYAL COLLEGE OF SURGEONS IN IRELAN     ,FC,00000-0000,Private      ,1,30,31,3,52,55
00788100,AMERICAN UNIVERSITY OF PARIS            ,FC,00000-0000,Private      ,50,78,128,207,214,421
00837100,AMERICAN UNIVERSITY OF BEIRUT           ,FC,00000-0000,Private      ,25,36,61,73,81,154
00837300,TEL-AVIV UNIVERSITY                     ,FC,00000-0000,Public       ,3,29,32,10,44,54
00837600,VRIJE UNIVERSITEIT AMSTERDAM            ,FC,00000-0000,Public       ,1,16,17,3,32,35
00837700,UNIVERSITEIT VAN AMSTERDAM(UNIVERSI     ,FC,00000-0000,Public       ,3,47,50,9,118,127
00838000,UNIVERSITY OF WARWICK                   ,FC,00000-0000,Public       ,1,22,23,9,60,69
00838300,UNIVERSITY OF GLASGOW                   ,FC,00000-0000,Public       ,7,159,166,32,318,350
00839300,UNIVERSITY OF OSLO                      ,FC,00000-0000,Public       ,1,1,2,3,16,19
00839400,UNIVERSITY OF OXFORD                    ,FC,00000-0000,Public       ,5,113,118,14,281,295
00839800,UNIVERSITY OF SHEFFIELD (THE)           ,FC,00000-0000,Public       ,1,32,33,4,87,91
00839900,UNIVERSITY OF SOUTHAMPTON               ,FC,00000-0000,Public       ,1,9,10,8,39,47
00845200,ABERYSTWYTH UNIVERSITY                  ,FC,00000-0000,Public       ,4,8,12,8,28,36
00845800,LOUGHBOROUGH UNIVERSITY                 ,FC,00000-0000,Public       ,0,2,2,2,11,13
00846000,UNIVERSITY OF NEWCASTLE UPON TYNE       ,FC,00000-0000,Public       ,4,35,39,13,78,91
00846100,UNIVERSITY OF SAINT ANDREWS             ,FC,00000-0000,Public       ,45,71,116,171,149,320
00850500,UNIVERSITY OF MELBOURNE                 ,FC,00000-0000,Public       ,5,33,38,17,111,128
00858600,SWANSEA UNIVERSITY                      ,FC,00000-0000,Public       ,1,8,9,11,25,36
00858700,UNIVERSITY OF DURHAM                    ,FC,00000-0000,Public       ,1,67,68,12,151,163
00866500,UNIVERSITY OF KENT AT CANTERBURY (THE)  ,FC,00000-0000,Public       ,5,53,58,16,121,137
00867000,UNIVERSITY OF NEW SOUTH WALES           ,FC,00000-0000,Public       ,2,31,33,7,78,85
00868700,UNIVERSITY OF ESSEX                     ,FC,00000-0000,Public       ,4,32,36,13,74,87
00869300,CITY UNIVERSITY                         ,FC,00000-0000,Public       ,3,59,62,12,151,163
00890800,THE UNIVERSITY OF BIRMINGHAM            ,FC,00000-0000,Public       ,1,30,31,10,84,94
00891000,UNIVERSITY OF HULL                      ,FC,00000-0000,Public       ,0,1,1,5,12,17
00892000,UNIVERSITY OF NOTTINGHAM                ,FC,00000-0000,Public       ,0,42,42,4,96,100
00900600,UNIVERSITY OF SALFORD (THE)             ,FC,00000-0000,Public       ,0,7,7,1,20,21
00908400,"UNIV OF LONDON, BIRKBECK                ",FC,00000-0000,Public       ,1,32,33,2,69,71
00908500,UNIV OF LONDON KING'S COLLEGE           ,FC,00000-0000,Public       ,10,101,111,30,289,319
00908600,UNIVERSITY OF LONDON - ROYAL HOLLOWAY   ,FC,00000-0000,Public       ,6,23,29,22,63,85
00914300,BAR-ILAN UNIVERSITY                     ,FC,00000-0000,Private      ,1,7,8,8,13,21
00924700,ARCHITECTURAL ASSOC SCH OF ARCHITEC     ,FC,00000-0000,Private      ,0,6,6,0,24,24
00924900,UNIVERSITY OF LIVERPOOL                 ,FC,00000-0000,Public       ,3,22,25,11,55,66
00936800,UNIVERSITY OF ABERDEEN                  ,FC,00000-0000,Public       ,15,48,63,45,97,142
00942300,ROYAL COLLEGE OF ART                    ,FC,00000-0000,Public       ,1,9,10,4,38,42
00942800,TECHNION-ISRAEL INST OF TECHLGY         ,FC,00000-0000,Public       ,0,31,31,1,48,49
00944200,UNIVERSITY OF EXETER                    ,FC,00000-0000,Public       ,1,34,35,8,63,71
00944400,UNIVERSITY OF LANCASTER                 ,FC,00000-0000,Public       ,1,9,10,5,25,30
00963400,UNIVERSITY OF OXFORD ST CATHERINE'S     ,FC,00000-0000,Public       ,0,1,1,0,6,6
00980800,UNIVERSITY OF STRATHCLYDE               ,FC,00000-0000,Public       ,1,13,14,1,32,33
00986000,UNIVERSITY OF SURREY                    ,FC,00000-0000,Public       ,1,2,3,4,16,20
00990600,PONTIFICAL NORTH AMERICAN COLLEGE       ,FC,00000-0000,Private      ,1,6,7,1,9,10
00992700,UNIVERSITY OF CAMBRIDGE - FITZWILLI     ,FC,00000-0000,Public       ,0,1,1,0,2,2
01006700,LUND UNIVERSITY                         ,FC,00000-0000,Public       ,1,34,35,1,85,86
01008400,UNIVERSITY OF CAPE TOWN                 ,FC,00000-0000,Private      ,4,14,18,9,46,55
01008700,UNIVERSITY OF OXFORD ST PETER'S COL     ,FC,00000-0000,Public       ,0,2,2,1,3,4
01008800,UNIVERSITY OF OXFORD - CORPUS CHRIS     ,FC,00000-0000,Public       ,0,2,2,0,6,6
01008900,CENTRAL SCHOOL OF SPEECH AND DRAMA      ,FC,00000-0000,Private      ,0,9,9,8,40,48
01009000,UNIVERSITY OF OXFORD - BALLIOL COLL     ,FC,00000-0000,Public       ,0,4,4,1,17,18
01014300,UNIVERSITY OF READING                   ,FC,00000-0000,Public       ,3,12,15,5,32,37
01015700,CARDIFF UNIVERSITY                      ,FC,00000-0000,Public       ,4,28,32,11,52,63
01015900,PONTIFICIA UNIVERSITA GREGORIANA        ,FC,00000-0000,Private      ,0,1,1,0,3,3
01016000,CG JUNG INST                            ,FC,00000-0000,Private      ,0,3,3,0,3,3
01018800,UNIVERSITY COLLEGE DUBLIN               ,FC,00000-0000,Public       ,3,69,72,7,158,165
01019000,UNIVERSITY OF CAMBRIDGE CHURCHILL C     ,FC,00000-0000,Public       ,0,3,3,0,8,8
01022800,UNIVERSITY OF STIRLING                  ,FC,00000-0000,Public       ,7,14,21,10,30,40
01033200,UNIVERSITY OF CAMBRIDGE - CLARE COL     ,FC,00000-0000,Public       ,0,1,1,0,6,6
01045600,UNIVERSITY OF HAIFA                     ,FC,00000-0000,Public       ,0,7,7,3,10,13
01047200,INST EUROPEEN OPEEN D'ADMINISTRATIO     ,FC,00000-0000,Private      ,0,25,25,0,55,55
01049300,CRANFIELD UNIVERSITY                    ,FC,00000-0000,Public       ,0,9,9,0,21,21
01052000,TRINITY LABAN                           ,FC,00000-0000,Public       ,1,4,5,2,6,8
01052001,LABAN CENTER FOR MOVEMENT & DANCE       ,FC,00000-0000,Public       ,2,3,5,3,7,10
01052500,UNIVERSITY OF HERTFORDSHIRE             ,FC,00000-0000,Public       ,3,7,10,14,14,28
01057400,LONDON INTRNTL FILM SCHOOL              ,FC,00000-0000,Private      ,1,10,11,3,24,27
01058600,INSTITUTE OF SOCIAL STUDIES             ,FC,00000-0000,Private      ,0,0,0,0,3,3
01058800,AUSTRALIAN NATIONAL UNIVERSITY          ,FC,00000-0000,Public       ,1,11,12,6,36,42
01058900,BANGOR UNIVERSITY                       ,FC,00000-0000,Public       ,0,7,7,6,19,25
01059400,"RICHMOND, THE AMERICAN INT UNI IN LONDON",FC,00000-0000,Private      ,55,24,79,272,60,332
01059900,INST D'ETUDES POLITIQUES DE PARIS       ,FC,00000-0000,Public       ,0,21,21,3,56,59
01068100,MACQUARIE UNIVERSITY                    ,FC,00000-0000,Public       ,3,20,23,7,58,65
01069200,UNIVERSITY OF QUEENSLAND (THE)          ,FC,00000-0000,Public       ,2,33,35,11,105,116
01078900,UNIVERSITY OF OXFORD - WORCESTER CO     ,FC,00000-0000,Public       ,0,1,1,0,7,7
01079200,CITY AND GUILDS OF LONDON INSTITUTE     ,FC,00000-0000,Private      ,0,2,2,0,4,4
01079700,"NATIONAL UNIVERSITY OF IRELAND, MAY     ",FC,00000-0000,Public       ,3,5,8,5,10,15
01080300,SEMMELWEIS UNIVERSITY OF BUDAPEST       ,FC,00000-0000,Public       ,1,14,15,4,23,27
01081600,KINGSTON UNIVERSITY                     ,FC,00000-0000,Public       ,12,55,67,27,106,133
01083800,UNIVERSITITY OF BERGEN (UOB)            ,FC,00000-0000,Public       ,0,2,2,0,6,6
01086400,UNIV OF DUNDEE                          ,FC,00000-0000,Public       ,3,19,22,9,33,42
01086600,UNIVERSITY OF OXFORD - MAGDALEN COLLEGE ,FC,00000-0000,Public       ,1,5,6,2,15,17
01086700,UNIVERSITY OF OXFORD ST JOHN'S COLL     ,FC,00000-0000,Public       ,1,1,2,1,8,9
01091400,MONASH UNIVERSITY                       ,FC,00000-0000,Public       ,1,16,17,5,37,42
01091500,UNIV OF EAST ANGLIA                     ,FC,00000-0000,Public       ,0,23,23,12,51,63
01094200,UNIVERSITY OF OXFORD - ST HUGH'S CO     ,FC,00000-0000,Public       ,0,1,1,1,3,4
01097700,UNIVERSIDAD CENTRAL DEL ESTE            ,FC,00000-0000,Private      ,38,221,259,75,629,704
01098000,SOMERVILLE COLLEGE                      ,FC,00000-0000,Public       ,0,0,0,0,2,2
01099900,UNIV OF OXFORD - WADHAM COLLEGE         ,FC,00000-0000,Public       ,0,1,1,0,3,3
01104400,PONTIFICIA UNIVERSITA SAN TOMMASO       ,FC,00000-0000,Private      ,2,4,6,2,10,12
01105300,UNIVERSITY OF OXFORD - ST HILDA'S C     ,FC,00000-0000,Public       ,0,4,4,0,5,5
01105400,UNIVERSITY OF OXFORD - ST ANNE'S CO     ,FC,00000-0000,Public       ,0,3,3,0,7,7
01105500,UNIV OF OXFORD - LADY MARGARET HALL     ,FC,00000-0000,Public       ,0,3,3,0,6,6
01105600,UNIVERSITY OF OXFORD - UNIVERSITY C     ,FC,00000-0000,Public       ,0,4,4,1,11,12
01105700,UNIVERSITY OF OXFORD - TRINITY COLL     ,FC,00000-0000,Public       ,0,4,4,1,9,10
01105800,UNIVERSITY OF OXFORD-ST EDMUND HALL     ,FC,00000-0000,Public       ,0,3,3,1,8,9
01105900,UNIVERSITY OF OXFORD ST ANTONY'S CO     ,FC,00000-0000,Public       ,0,12,12,0,25,25
01106000,UNIVERSITY OF OXFORD - QUEEN'S COLL     ,FC,00000-0000,Public       ,0,1,1,1,8,9
01106100,UNIVERSITY OF OXFORD - PEMBROKE COL     ,FC,00000-0000,Public       ,0,3,3,0,5,5
01106200,UNIVERSITY OF OXFORD - ORIEL COLLEG     ,FC,00000-0000,Public       ,0,1,1,0,7,7
01106300,UNIVERSITY OF OXFORD - NUFFIELD COL     ,FC,00000-0000,Public       ,0,2,2,0,2,2
01106400,UNIVERSITY OF OXFORD - NEW COLLEGE      ,FC,00000-0000,Public       ,0,2,2,0,8,8
01106500,UNIVERSITY OF OXFORD MERTON COLLEGE     ,FC,00000-0000,Public       ,0,6,6,0,13,13
01106600,UNIVERSITY OF OXFORD - LINCOLN COLL     ,FC,00000-0000,Public       ,0,5,5,0,14,14
01106700,UNIVERSITY OF OXFORD - KEBLE COLLEG     ,FC,00000-0000,Public       ,0,4,4,0,4,4
01106800,UNIVERSITY OF OXFORD - JESUS COLLEG     ,FC,00000-0000,Public       ,0,6,6,0,10,10
01106900,UNIVERSITY OF OXFORD - HERTFORD COL     ,FC,00000-0000,Public       ,0,5,5,0,9,9
01107000,UNIVERSITY OF OXFORD EXETER COLLEGE     ,FC,00000-0000,Public       ,0,6,6,2,10,12
01107100,UNIV OF OXFORD - CHRIST CHURCH          ,FC,00000-0000,Public       ,0,5,5,0,13,13
01107200,UNIVERSITY OF OXFORD - BRASENOSE CO     ,FC,00000-0000,Public       ,0,3,3,1,8,9
01109100,FLINDERS UNIVERSITY OF S AUSTRALIA      ,FC,00000-0000,Public       ,0,4,4,1,13,14
01109400,UNIVERSITY OF WESTERN AUSTRALIA (THE)   ,FC,00000-0000,Public       ,2,7,9,3,13,16
01122600,AARHUS UNIVERSITY                       ,FC,00000-0000,Public       ,0,3,3,0,5,5
01156700,"IMPERIAL COLLEGE OF SCIENCE, TECHNOLOGY ",FC,00000-0000,Public       ,3,24,27,9,69,78
01167900,UNIVERSITY OF BATH                      ,FC,00000-0000,Public       ,1,13,14,5,28,33
01168300,FRANKLIN COLLEGE  SWITZERLAND           ,FC,00000-0000,Private      ,44,1,45,319,9,328
01175800,UNIV OF CAMBRIDGE - PETERHOUSE          ,FC,00000-0000,Public       ,0,3,3,1,8,9
01176400,ROYAL ACADEMY OF MUSIC                  ,FC,00000-0000,Public       ,3,4,7,9,17,26
01176500,GOLDSMITHS' COLLEGE-UNIV OF LONDON      ,FC,00000-0000,Public       ,11,63,74,26,148,174
01176600,UNIV OF LONDON - INST OF EDUC           ,FC,00000-0000,Public       ,0,12,12,2,27,29
01178000,BRUNEL UNIVERSITY                       ,FC,00000-0000,Public       ,0,17,17,1,34,35
01183800,UNIVERSITY OF OXFORD - MANSFIELD CO     ,FC,00000-0000,Public       ,0,2,2,0,2,2
01207500,UNIVERSITY CAMBRIDGE - TRINITY COLL     ,FC,00000-0000,Public       ,1,4,5,3,10,13
01207800,VICTORIA UNIV OF WELLINGTON             ,FC,00000-0000,Public       ,5,11,16,9,29,38
01209600,ECOLE HåTELIERE DE LAUSANNE             ,FC,00000-0000,Private      ,0,3,3,0,8,8
01210100,UNIVERSITY OF CAMBRIDGE - GIRTON CO     ,FC,00000-0000,Public       ,1,4,5,1,5,6
01213600,VICTORIA UNIV OF MANCHESTER (THE)       ,FC,00000-0000,Public       ,3,70,73,19,144,163
01219800,UNIVERSITY OF BRADFORD                  ,FC,00000-0000,Public       ,0,7,7,1,23,24
01220100,UNIVERSITY OF OXFORD - REGENT'S PAR     ,FC,00000-0000,Public       ,0,1,1,0,3,3
01220600,JAMES COOK UNIVERSITY                   ,FC,00000-0000,Public       ,4,20,24,21,45,66
01221500,BIRMINGHAM CITY UNIVERSITY              ,FC,00000-0000,Public       ,2,6,8,4,11,15
01222300,JAGIELLONIAN UNIVERSITY COLLEGIUM M     ,FC,00000-0000,Public       ,1,15,16,2,33,35
01222500,UNIVERSITY OF SZEGED FACULTY OF MEDICINE,FC,00000-0000,Public       ,0,3,3,1,6,7
01225800,ASTON UNIVERSITY                        ,FC,00000-0000,Public       ,0,9,9,2,12,14
01227500,UNIVERSITY OF OXFORD - WOLFSON COLL     ,FC,00000-0000,Public       ,0,9,9,0,21,21
01230200,GONVILLE & CAIUS COLLEGE                ,FC,00000-0000,Public       ,0,1,1,1,4,5
01233300,UNIV OF THE ARTS LONDON- CAMBERWELL COLL,FC,00000-0000,Public       ,4,2,6,9,8,17
01233500,ROYAL COLLEGE OF MUSIC                  ,FC,00000-0000,Public       ,1,11,12,5,20,25
01234100,UNIVERSITY OF WALES - ST DAVID'S UN     ,FC,00000-0000,Public       ,1,5,6,3,13,16
01236000,EDINBURGH COLLEGE OF ART                ,FC,00000-0000,Public       ,1,14,15,9,45,54
01242100,UNIV OF AUCKLAND                        ,FC,00000-0000,Public       ,5,24,29,17,59,76
01253900,UNIVERSITY OF THE ARTS LONDON IDO - CENT,FC,00000-0000,Public       ,11,27,38,34,61,95
01254000,UNIVERSIDAD DE NAVARRA                  ,FC,00000-0000,Private      ,1,7,8,4,11,15
01276500,UNIVERSITY OF OXFORD - LINACRE COLL     ,FC,00000-0000,Public       ,0,6,6,0,15,15
01276600,"NATIONAL UNIVERSITY IRELAND, GALWAY     ",FC,00000-0000,Public       ,7,32,39,23,68,91
01280200,PONTIFICIA UNIV CATOLICA MAD Y MAES     ,FC,00000-0000,Private      ,37,44,81,54,73,127
01281100,INST TECNOLOGICO DE SANTO DOMINGO       ,FC,00000-0000,Private      ,4,35,39,11,84,95
01283900,UNIVERSITY OF CAMBRIDGE - SAINT JOH     ,FC,00000-0000,Public       ,0,5,5,0,15,15
01286200,MOUNTVIEW ACADEMY OF THEATRE ARTS       ,FC,00000-0000,Private      ,0,0,0,1,3,4
01297800,UNIVERSITY OF HUDDERSFIELD (THE)        ,FC,00000-0000,Public       ,2,3,5,3,8,11
01315300,MASSEY UNIVERSITY                       ,FC,00000-0000,Public       ,2,18,20,5,51,56
01322500,COLLEGE OF LAW                          ,FC,00000-0000,Private      ,1,13,14,1,23,24
02052400,DARWIN COLLEGE                          ,FC,00000-0000,Public       ,0,5,5,0,10,10
02082400,UNIVERSITY OF CAMBRIDGE - QUEEN'S C     ,FC,00000-0000,Public       ,0,3,3,1,10,11
02083400,UNIVERSITY OF CAMBRIDGE - WOLFSON C     ,FC,00000-0000,Public       ,0,7,7,0,12,12
02087400,UNIVERSITY OF CAMBRIDGE - NEWNHAM C     ,FC,00000-0000,Public       ,0,3,3,1,8,9
02087900,OXFORD BROOKES UNIVERSITY               ,FC,00000-0000,Public       ,7,29,36,18,53,71
02094100,BEN-GURION UNIV                         ,FC,00000-0000,Public       ,1,104,105,2,148,150
02094400,UNIV OF CAMBRIDGE - ST EDMUND'S HOU     ,FC,00000-0000,Public       ,0,4,4,0,8,8
02095500,LONDON BUS SCHOOL                       ,FC,00000-0000,Private      ,1,62,63,1,125,126
02098700,FATIMA COLLEGE OF MEDICINE              ,FC,00000-0000,Private      ,2,33,35,5,56,61
02101900,ROEHAMPTON UNIVERSITY                   ,FC,00000-0000,Public       ,5,27,32,8,56,64
02108600,LONDON ACADEMY OF MUSIC & DRAMATIC      ,FC,00000-0000,Private      ,2,5,7,8,16,24
02115900,UNIVERSITY OF PORTSMOUTH                ,FC,00000-0000,Public       ,3,7,10,3,17,20
02116700,UNIVERSITY OF CAMBRIDGE - LUCY CAVE     ,FC,00000-0000,Public       ,0,1,1,0,7,7
02120000,UNIV OF LONDON - COURTALD INST OF A     ,FC,00000-0000,Public       ,0,15,15,0,32,32
02133400,UNIVERSITY OF CAMBRIDGE - SIDNEY SU     ,FC,00000-0000,Public       ,1,3,4,1,4,5
02142000,UNIVERSITY OF CAMBRIDGE - HOMERTON      ,FC,00000-0000,Public       ,0,5,5,0,7,7
02149700,UNIVERSITY OF WINCHESTER (THE)          ,FC,00000-0000,Public       ,2,2,4,5,6,11
02156800,UNIV OF OTAGO                           ,FC,00000-0000,Public       ,4,13,17,7,25,32
02162300,"IESE BUSINESS SCH, UNIV OF NAVARRA      ",FC,00000-0000,Private      ,0,20,20,5,55,60
02167400,UNIVERSITY OF CAMBRIDGE - CORPUS CH     ,FC,00000-0000,Public       ,0,2,2,0,5,5
02175700,OHR SOMAYACH INSTITUTIONS               ,FC,00000-0000,Private      ,0,3,3,0,4,4
02177700,KING'S COLLEGE- UNIV OF CAMBRIDGE       ,FC,00000-0000,Public       ,1,8,9,5,24,29
02180500,MIDDLESEX UNIVERSITY                    ,FC,00000-0000,Public       ,7,29,36,17,64,81
02181000,UNIVERSITY OF SOUTH AUSTRALIA           ,FC,00000-0000,Public       ,0,1,1,0,11,11
02183500,UNIV OF OXFORD - WYCLIFFE HALL          ,FC,00000-0000,Public       ,0,0,0,0,1,1
02186000,UNIVERSITY OF CAMBRIDGE - MAGDALENE     ,FC,00000-0000,Public       ,0,0,0,1,1,2
02186100,UNIVERSITY OF CAMBRIDGE - EMMANUEL      ,FC,00000-0000,Public       ,0,2,2,0,6,6
02189600,UNIVERSITY OF GRONINGEN                 ,FC,00000-0000,Public       ,1,7,8,3,19,22
02194800,UNIVERSITY OF THE WEST OF ENGLAND -     ,FC,00000-0000,Public       ,3,4,7,6,15,21
02195100,UNIV OF WESTMINSTER                     ,FC,00000-0000,Public       ,12,42,54,25,99,124
02196700,GUILDHALL SCHOOL OF MUSIC & DRAMA       ,FC,00000-0000,Public       ,4,2,6,8,11,19
02207300,UNIVERSITY OF CAMBRIDGE - CHRIST'S      ,FC,00000-0000,Public       ,0,1,1,1,2,3
02207400,CHINESE UNIVERSITY OF HONG KONG (THE)   ,FC,00000-0000,Public       ,3,15,18,8,35,43
02209500,UNIVERSITEIT UTRECHT                    ,FC,00000-0000,Public       ,1,18,19,5,52,57
02210000,UNIV OF LONDON - LONDON SCHOOL OF H     ,FC,00000-0000,Public       ,0,13,13,1,37,38
02212300,UNIVERSITY OF CAMBRIDGE - ROBINSON      ,FC,00000-0000,Public       ,0,1,1,0,2,2
02225300,UNIV OF CANTERBURY                      ,FC,00000-0000,Public       ,4,12,16,8,25,33
02229100,UNIVERSITY OF LEICESTER                 ,FC,00000-0000,Public       ,3,25,28,5,73,78
02229600,SACKLER SCHOOL OF MEDICINE              ,FC,00000-0000,Public       ,0,84,84,0,111,111
02232100,UNIVERSITY OF CAMBRIDGE                 ,FC,00000-0000,Public       ,1,5,6,3,16,19
02233300,SAINT GEORGES UNIVERSITY SCHOOL OF MEDIC,FC,00000-0000,Proprietary  ,2,1164,1166,9,2047,2056
02235300,LONDON METROPOLITAN UNIVERSITY          ,FC,00000-0000,Public       ,7,52,59,23,129,152
02244400,AMERICAN UNIV OF THE CARIBBEAN          ,FC,00000-0000,Proprietary  ,1,248,249,9,805,814
02257100,COVENTRY UNIVERSITY                     ,FC,00000-0000,Public       ,0,0,0,1,3,4
02266600,UNIVERSITY OF LONDON - SAINT GEORGE     ,FC,00000-0000,Public       ,0,5,5,1,10,11
02271700,UNIVERSITY OF CAMBRIDGE - CLARE HAL     ,FC,00000-0000,Public       ,0,5,5,0,7,7
02271800,UNIV OF OXFORD - CAMPION HALL           ,FC,00000-0000,Public       ,0,0,0,0,2,2
02271900,UNIVERSITY OF OXFORD - BLACKFRIARS      ,FC,00000-0000,Public       ,0,0,0,0,2,2
02272100,UNIV OF OXFORD - GREYFRIARS             ,FC,00000-0000,Public       ,0,0,0,0,1,1
02272200,UNIV OF CAMBRIDGE - NEW HALL            ,FC,00000-0000,Public       ,0,3,3,0,3,3
02273600,QUEEN'S UNIV OF BELFAST (THE)           ,FC,00000-0000,Public       ,4,26,30,14,59,73
02273900,HERIOT WATT UNIVERSITY                  ,FC,00000-0000,Public       ,2,10,12,4,26,30
02276700,NYENRODE BUSINESS UNIVERSITEIT          ,FC,00000-0000,Private      ,0,2,2,0,3,3
02293400,ECOLE DES HAUTES ETUDES COMERCIALS      ,FC,00000-0000,Public       ,0,19,19,0,45,45
02296300,UNIVERSITY OF CAMBRIDGE - JESUS COL     ,FC,00000-0000,Public       ,0,3,3,0,8,8
02310500,DE MONTFORT UNIVERSITY                  ,FC,00000-0000,Public       ,0,5,5,1,7,8
02320500,ROYAL NORTHERN COLLEGE OF MUSIC         ,FC,00000-0000,Public       ,0,3,3,0,5,5
02335100,UNIV OF CAMBRIDGE - TRINITY HALL        ,FC,00000-0000,Public       ,0,5,5,1,11,12
02338900,UNIVERSITY  FOR THE CREATIVE ARTS       ,FC,00000-0000,Public       ,1,1,2,1,1,2
02338903,KENT INSTITUTE OF ART & DESIGN          ,FC,00000-0000,Public       ,1,1,2,2,3,5
02351800,UNIVERSIDAD IBEROAMERICANA (UNIBE       ,FC,00000-0000,Private      ,37,298,335,89,755,844
02355200,ECOLE SUPERIEURE DE CUISINE FRANCAISE-FE,FC,00000-0000,Public       ,2,9,11,2,20,22
02363000,GSA CONSERVATOIRE                       ,FC,00000-0000,Private      ,0,2,2,1,3,4
02502600,PECSI ORVOSTUDOMANYI EGYETEM (PECS      ,FC,00000-0000,Public       ,0,9,9,1,19,20
02545700,GLASGOW SCHOOL OF ART                   ,FC,00000-0000,Public       ,2,15,17,11,28,39
02561600,SOUTHAMPTON SOLENT UNIVERSITY           ,FC,00000-0000,Public       ,0,1,1,0,3,3
02579600,MURDOCH UNIVERSITY                      ,FC,00000-0000,Public       ,2,15,17,5,40,45
02588000,UNIVERSITY OF ULSTER                    ,FC,00000-0000,Public       ,2,4,6,3,13,16
02591800,CURTIN UNIVERSITY OF TECHNOLOGY         ,FC,00000-0000,Public       ,1,4,5,4,7,11
02592300,MILLTOWN INST OF THEOLOGY & PHILOSO     ,FC,00000-0000,Private      ,0,0,0,1,1,2
02604300,AALBORG UNIVERSITY                      ,FC,00000-0000,Public       ,0,4,4,1,9,10
02611500,HELSINKI SCH OF ECONOMICS & BUS ADM     ,FC,00000-0000,Public       ,0,1,1,1,4,5
02611600,ECOL NATIONAL DES PONTS ET CHAUSSEE     ,FC,00000-0000,Public       ,0,0,0,4,6,10
02611700,DUBLIN CITY UNIVERSITY                  ,FC,00000-0000,Public       ,2,13,15,6,29,35
02622500,DENMARKS TEKNISKE UNIVERSITET           ,FC,00000-0000,Public       ,0,4,4,0,7,7
02623200,UNIVERSITY OF NEWCASTLE (THE)           ,FC,00000-0000,Public       ,3,7,10,7,21,28
03012700,UNIVERSITY OF BUCKINGHAM                ,FC,00000-0000,Private      ,1,6,7,4,10,14
03029400,KEELE UNIVERSITY                        ,FC,00000-0000,Public       ,3,4,7,3,11,14
03029500,NORTHUMBRIA UNIVERSITY                  ,FC,00000-0000,Public       ,2,10,12,2,27,29
03029800,NORGES HANDELSHOYSKOLE                  ,FC,00000-0000,Public       ,0,8,8,0,12,12
03033300,MANCHESTER METROPOLITAN UNIV            ,FC,00000-0000,Public       ,6,10,16,12,34,46
03045000,UNIVERSITY OF EAST LONDON               ,FC,00000-0000,Public       ,1,14,15,4,29,33
03050100,STUDIO ART CENTERS INTERNATIONAL        ,FC,00000-0000,Private      ,0,6,6,19,35,54
03061000,CHALMERS TEKNISKA HOGSKOLA AB           ,FC,00000-0000,Private      ,1,3,4,1,5,6
03066800,PONTIFICIO ATENEO DELLA SANTA CROCE     ,FC,00000-0000,Private      ,0,3,3,0,8,8
03067200,UNIVERSITY OF SYDNEY                    ,FC,00000-0000,Public       ,5,43,48,20,149,169
03073800,UNIV OF DEBRECEN MED & HEALTH SCI       ,FC,00000-0000,Public       ,1,8,9,3,13,16
03080300,SHEFFIELD HALLAM UNIVERSITY             ,FC,00000-0000,Public       ,0,4,4,1,8,9
03084300,UNIVERSITY OF LIMERICK                  ,FC,00000-0000,Public       ,1,14,15,9,30,39
03088700,ROYAL SCOTTISH ACAD MUSIC & DRAMA       ,FC,00000-0000,Public       ,4,6,10,11,18,29
03091400,UNIVERSITY OF WOLLONGONG                ,FC,00000-0000,Public       ,4,4,8,6,19,25
03091500,UNIVERSITY OF CANBERRA                  ,FC,00000-0000,Public       ,0,3,3,4,8,12
03091700,KAROL MARCINKOWSKI UNIV OF MED SCI      ,FC,00000-0000,Public       ,1,79,80,5,140,145
03092500,NOTTINGHAM TRENT UNIVERSITY             ,FC,00000-0000,Public       ,2,11,13,6,18,24
03095000,RMIT UNIVERSITY                         ,FC,00000-0000,Public       ,1,5,6,6,26,32
03095400,BOND UNIVERSITY                         ,FC,00000-0000,Private      ,6,31,37,26,68,94
03095900,ESSEC BUSINESS SCHOOL                   ,FC,00000-0000,Private      ,0,7,7,0,15,15
03096100,LA TROBE UNIVERSITY                     ,FC,00000-0000,Public       ,1,9,10,7,16,23
03096900,DEAKIN UNIVERSITY                       ,FC,00000-0000,Public       ,1,6,7,4,13,17
03097100,UNIVERSITY OF WESTERN SYDNEY            ,FC,00000-0000,Public       ,2,1,3,4,6,10
03097300,VICTORIA UNIVERSITY OF TECHNOLOGY       ,FC,00000-0000,Public       ,0,5,5,3,12,15
03097500,CENTRAL QUEENSLAND UNIVERSITY           ,FC,00000-0000,Public       ,0,1,1,1,4,5
03100000,UNIVERSITY OF ADELAIDE (THE)            ,FC,00000-0000,Public       ,1,10,11,4,24,28
03101600,ASIAN INSTITUTE OF MANAGEMENT           ,FC,00000-0000,Private      ,0,1,1,3,2,5
03102500,AMERICAN UNIVERSITY OF ROME             ,FC,00000-0000,Private      ,18,17,35,75,44,119
03102800,ROBERT GORDON UNIVERSITY (THE)          ,FC,00000-0000,Public       ,0,4,4,0,14,14
03104800,GRIFFITH UNIVERSITY                     ,FC,00000-0000,Public       ,3,17,20,9,31,40
03104801,GRIFFITH UNIVERSITY - MOUNT GRAVATT CAMP,FC,00000-0000,Public       ,1,1,2,1,5,6
03104802,GRIFFITH UNIVERSITY - GOLD COAST CAMPUS ,FC,00000-0000,Public       ,1,5,6,3,9,12
03104803,GRIFFITH UNIVERSITY - QUEENSLAND CONSERV,FC,00000-0000,Public       ,0,2,2,0,5,5
03104804,GRIFFITH UNIVERSITY - QUEENSLAND COLLEGE,FC,00000-0000,Public       ,1,1,2,4,5,9
03104805,GRIFFITH UNIVERSITY - LOGAN CAMPUS      ,FC,00000-0000,Public       ,0,0,0,0,1,1
03136300,AUSTRALIAN CATHOLIC UNIVERSITY          ,FC,00000-0000,Public       ,0,7,7,4,13,17
03140300,EDITH COWAN UNIVERSITY                  ,FC,00000-0000,Public       ,1,5,6,3,12,15
03140400,NORTHERN TERRITORY UNIVERSITY           ,FC,00000-0000,Public       ,0,0,0,0,1,1
03140500,QUEENSLAND UNIVERSITY OF TECHNOLOGY     ,FC,00000-0000,Public       ,1,3,4,1,20,21
03140600,SOUTHERN CROSS UNIVERSITY               ,FC,00000-0000,Public       ,0,5,5,2,12,14
03140700,SWINBURNE UNIVERSITY OF TECHNOLOGY      ,FC,00000-0000,Public       ,0,8,8,4,15,19
03140900,UNIVERSITY OF BALLARAT                  ,FC,00000-0000,Public       ,0,0,0,0,1,1
03150300,UNIVERSITY OF TASMANIA                  ,FC,00000-0000,Public       ,1,4,5,5,10,15
03150400,"UNIVERSITY OF TECHNOLOGY, SYDNEY        ",FC,00000-0000,Public       ,0,8,8,6,26,32
03274300,"KUNGLIGA TEKNISKA HOGSKOLAN, KTH        ",FC,00000-0000,Public       ,1,11,12,2,22,24
03287300,LIVERPOOL INSTITUTE FOR PERFORMING ARTS ,FC,00000-0000,Public       ,6,1,7,17,3,20
03300300,"2ND SCHOOL OF MEDICINE, CHARLES UNI     ",FC,00000-0000,Public       ,0,0,0,0,2,2
03300400,"FIRST FACULTY OF MEDICINE, CHARLES UNIV.",FC,00000-0000,Public       ,0,7,7,1,12,13
03329300,JOHN CABOT UNIVERSITY                   ,FC,00000-0000,Private      ,38,9,47,138,23,161
03332400,AGRICULTURE UNIVERSITY OF WROCLAW       ,FC,00000-0000,Public       ,0,1,1,1,1,2
03333300,MEDICAL UNIVERSITY SCHOOL OF LUBLIN     ,FC,00000-0000,Public       ,1,58,59,5,121,126
03334300,UNIVERSIDAD NORDESTANA                  ,FC,00000-0000,Private      ,2,19,21,2,38,40
03335300,MEDICAL UNIVERSITY OF SILESIA           ,FC,00000-0000,Public       ,0,34,34,4,53,57
03349400,"QUEEN MARGARET UNIVERSITY COLLEGE, EDINB",FC,00000-0000,Public       ,1,8,9,2,15,17
03350300,BOURNEMOUTH UNIVERSITY                  ,FC,00000-0000,Public       ,5,6,11,7,21,28
03352300,LONDON SOUTH BANK UNIVERSITY            ,FC,00000-0000,Private      ,6,18,24,11,30,41
03364300,"FACULTY OF MEDICINE, PALACKY UNIVER     ",FC,00000-0000,Public       ,0,2,2,1,5,6
03365400,AUCKLAND INSTITUTE OF TECHNOLOGY        ,FC,00000-0000,Public       ,1,6,7,2,14,16
03377300,"UNIVERSITY OF WALES INSTITUTE, CARD     ",FC,00000-0000,Public       ,2,4,6,2,7,9
03386300,CHARLES UNIVERSITY-MEDICAL FACULTY      ,FC,00000-0000,Public       ,0,2,2,1,5,6
03406300,"THE SCHOOL OF PHARMACY, UNIVERSITY      ",FC,00000-0000,Public       ,0,1,1,0,5,5
03418400,NAPIER UNIVERSITY                       ,FC,00000-0000,Public       ,0,9,9,3,22,25
03435300,ANGLIA POLYTECHNIC UNIVERSITY HIGHE     ,FC,00000-0000,Public       ,0,6,6,3,11,14
03460300,INTERNATIONALES THEOLOGISCHES INSTI     ,FC,00000-0000,Private      ,0,4,4,1,10,11
03462400,UNIV OF ARTS LONDON - LON COLL OF COMMUN,FC,00000-0000,Public       ,12,10,22,18,33,51
03466300,INSTITUTO CENTROAMERICANO DE ADMINI     ,FC,00000-0000,Private      ,0,2,2,0,6,6
03473300,UNIV OF ARTS LONDON - LON COLL FASHION  ,FC,00000-0000,Public       ,11,22,33,33,52,85
03475300,UNIV OF THE ARTS  LONDON - CHELSEA COLL ,FC,00000-0000,Public       ,2,3,5,8,20,28
03478300,ROYAL WELSH COLLEGE OF MUSIC AND DRAMA  ,FC,00000-0000,Public       ,2,0,2,6,7,13
03492300,UNIVERSITY OF OXFORD - GREEN TEMPLETON C,FC,00000-0000,Public       ,0,1,1,0,1,1
03492400,UNIV OF CAMBRIDGE-ST CATHERINE'S CG     ,FC,00000-0000,Public       ,0,1,1,0,3,3
03494400,UNIV OF CAMBRIDGE-SELWYN COLLEGE        ,FC,00000-0000,Public       ,0,1,1,0,5,5
03494500,UNIV OF OXFORD-SAINT BENET'S HALL       ,FC,00000-0000,Public       ,0,1,1,0,1,1
03494600,UNIV OF OXFORD-HARRIS MANCHESTER        ,FC,00000-0000,Public       ,0,2,2,1,5,6
03500300,WIMBLEDON COLLEGE OF ART                ,FC,00000-0000,Public       ,3,0,3,6,4,10
03501400,LEEDS METROPOLITAN UNIVERSITY           ,FC,00000-0000,Public       ,2,9,11,5,17,22
03507300,UNIVERSITY OF SUNDERLAND                ,FC,00000-0000,Public       ,1,3,4,3,6,9
03515300,UNIVERSITY OF CENTRAL LANCASHIRE        ,FC,00000-0000,Public       ,0,3,3,6,15,21
03517300,UNIVERSITY OF BRIGHTON                  ,FC,00000-0000,Public       ,3,6,9,8,18,26
03518300,EUROPEAN GRADUATE SCHOOL                ,FC,00000-0000,Private      ,0,17,17,0,53,53
03526300,INST CENTROAMERICANO DE ADM DE EMP      ,FC,00000-0000,Private      ,1,2,3,3,3,6
03527300,SOFIA UNIVERSITY ST. KLIMENT OHRIDSKI   ,FC,00000-0000,Public       ,0,1,1,0,1,1
03533300,BATH SPA UNIVERSITY                     ,FC,00000-0000,Public       ,0,6,6,4,20,24
03547300,UNIVERSITY OF GLAMORGAN                 ,FC,00000-0000,Public       ,2,2,4,2,5,7
03580300,LIVERPOOL JOHN MOORES UNIVERSITY        ,FC,00000-0000,Public       ,1,4,5,7,9,16
03589400,ARTS INSTITUTE AT BOURNEMOUTH (THE)     ,FC,00000-0000,Public       ,3,2,5,6,6,12
03590300,AVONDALE COLLEGE LIMITED                ,FC,00000-0000,Private      ,2,2,4,8,2,10
03594300,GROUP ESC GRENOBLE GRAD SCH OF BUS.     ,FC,00000-0000,Private      ,0,18,18,0,36,36
03597300,JAGIELLONIAN UNIVERSITY                 ,FC,00000-0000,Public       ,0,10,10,0,22,22
03601300,UNIVERSITAT JAUME I DE CASTELLO/UJI     ,FC,00000-0000,Public       ,0,1,1,1,5,6
03603300,LEEDS COLLEGE OF MUSIC                  ,FC,00000-0000,Public       ,0,0,0,2,0,2
03619300,UNIVERSITY OF GREENWICH                 ,FC,00000-0000,Public       ,3,15,18,5,34,39
03653400,UNIVERSIDAD DE IBEROAMERICA - UNIBE     ,FC,00000-0000,Private      ,0,4,4,2,15,17
03674300,UNIVERSITY OF ABERTAY DUNDEE            ,FC,00000-0000,Public       ,1,1,2,1,4,5
03684400,UNIVERSITY OF LINCOLN                   ,FC,00000-0000,Public       ,0,8,8,2,11,13
03684500,MEDICAL UNIVERSITY OF GDANSK            ,FC,00000-0000,Public       ,0,2,2,2,15,17
03685300,UNIVERSITAT POMPEU FABRA                ,FC,00000-0000,Public       ,1,14,15,4,39,43
03716300,"UNIVERSITY OF WALES, NEWPORT            ",FC,00000-0000,Public       ,1,3,4,2,8,10
03721300,WRITTLE COLLEGE                         ,FC,00000-0000,Public       ,0,0,0,2,0,2
03727400,UNIVERSITY OF WAIKATO (THE)             ,FC,00000-0000,Public       ,2,1,3,9,5,14
03738300,LONDON SCHOOL OF THEOLOGY               ,FC,00000-0000,Private      ,0,2,2,0,3,3
03741300,ALRA (ACADEMY OF LIVE AND RECORDED ARTS),FC,00000-0000,Private      ,0,3,3,0,5,5
03770300,NAZARENE THEOLOGICAL COLLEGE            ,FC,00000-0000,Private      ,0,5,5,0,8,8
03794400,ANGLO EUROPEAN COLLEGE OF CHIROPRACTIC  ,FC,00000-0000,Private      ,0,1,1,0,2,2
03807300,ROSE BRUFORD COLLEGE                    ,FC,00000-0000,Public       ,1,0,1,1,0,1
03816400,AMERICAN GRAD SCH OF INTERNTL REL & DIPL,FC,00000-0000,Private      ,2,18,20,4,57,61
03818300,LEIPZIG GRADUATE SCHOOL OF MANAGEMENT   ,FC,00000-0000,Private      ,0,6,6,0,14,14
03824300,"ROYAL VETERINARY COLLEGE (THE), UNIVERSI",FC,00000-0000,Public       ,0,41,41,4,106,110
03850400,UNIVERSITY OF NOTRE DAME AUSTRALIA (THE),FC,00000-0000,Private      ,0,0,0,1,0,1
03850500,MEDICAL UNIVERSITY OF LODZ              ,FC,00000-0000,Public       ,1,17,18,2,39,41
03859400,UNIVERSITY COLLEGE FALMOUTH             ,FC,00000-0000,Public       ,1,0,1,4,4,8
03867300,UNIVERSITAT AUTONOMA DE BARCELONA       ,FC,00000-0000,Public       ,1,7,8,1,18,19
03880300,UNIVERSITY OF GLOUCESTERSHIRE (THE)     ,FC,00000-0000,Public       ,1,1,2,2,4,6
03897400,INTERNATIONAL SPACE UNIVERSITY          ,FC,00000-0000,Private      ,0,6,6,0,8,8
03926400,NATIONAL COLLEGE OF ART AND DESIGN      ,FC,00000-0000,Public       ,1,0,1,3,4,7
03941301,AVE MARIA UNIVERSITY - LATIN AMERICA    ,FC,00000-0000,Private      ,85,12,97,131,22,153
03978300,SPURGEON'S COLLEGE                      ,FC,00000-0000,Private      ,0,0,0,1,0,1
03993400,TRINITY COLLEGE CARMARTHEN              ,FC,00000-0000,Public       ,0,0,0,0,2,2
04021400,"AMERICAN COLLEGE, DUBLIN LIMITED (THE)  ",FC,00000-0000,Private      ,2,3,5,7,10,17
04021500,CENTRAL EUROPEAN UNIVERSITY             ,FC,00000-0000,Private      ,0,32,32,5,66,71
04032300,YORK ST JOHN UNIVERSITY                 ,FC,00000-0000,Public       ,0,1,1,1,2,3
04046300,HK UNIVERSITY OF SCI & TECH (HKUST)     ,FC,00000-0000,Public       ,1,11,12,1,20,21
04070300,"RAPHAEL RECANATI INTERNATIONAL SCHOOL, T",FC,00000-0000,Private      ,21,22,43,36,37,73
04085400,NEW ZEALAND COLLEGE OF CHIROPRACTIC     ,FC,00000-0000,Private      ,0,1,1,0,1,1
04113300,LEBANESE AMERICAN UNIVERSITY            ,FC,00000-0000,Private      ,4,4,8,11,8,19
04115900,LIVERPOOL HOPE UNIVERSITY               ,FC,00000-0000,Public       ,0,5,5,3,11,14
04116300,EDHEC BUSINESS SCHOOL                   ,FC,00000-0000,Private      ,0,4,4,0,14,14
04121400,ISAPZURICH (INTERNATIONAL SCHOOL OF ANAL,FC,00000-0000,Private      ,0,2,2,1,4,5
04128600,UNIVERSITY OF WORCESTER                 ,FC,00000-0000,Public       ,0,0,0,2,2,4
04139100,UNIVERSITA DEGLI STUDI DI SCIENZE GASTRO,FC,00000-0000,Private      ,0,7,7,2,16,18
04143700,ST MARY'S UNIVERSITY COLLEGE TWICKENHAM ,FC,00000-0000,Public       ,1,42,43,1,52,53
00380600,ALDERSON-BROADDUS COLLEGE               ,WV,26416-1051,Private      ,64,45,109,802,241,1043
00380700,MOUNTAIN STATE UNIVERSITY               ,WV,25801-5624,Private      ,264,2146,2410,1114,4720,5834
00380800,BETHANY COLLEGE                         ,WV,26032-0417,Private      ,270,41,311,1252,121,1373
00380900,BLUEFIELD STATE COLLEGE                 ,WV,24701-2198,Public       ,204,430,634,1047,1250,2297
00381000,CONCORD UNIVERSITY                      ,WV,24712-0000,Public       ,286,226,512,2814,946,3760
00381100,DAVIS & ELKINS COLLEGE                  ,WV,26241-3996,Private      ,124,93,217,820,270,1090
00381200,FAIRMONT STATE UNIVERSITY               ,WV,26554-2470,Public       ,620,934,1554,4552,2945,7497
00381300,GLENVILLE STATE COLLEGE                 ,WV,26351-1292,Public       ,145,120,265,1243,461,1704
00381500,MARSHALL UNIVERSITY                     ,WV,25755-3300,Public       ,1032,1640,2672,8692,5466,14158
00381600,SOUTHERN WV COMMUNITY COLLEGE           ,WV,25637-2900,Public       ,199,330,529,889,791,1680
00381800,UNIVERSITY OF CHARLESTON                ,WV,25304-1099,Private      ,160,209,369,1473,755,2228
00381900,OHIO VALLEY COLLEGE                     ,WV,26105-8000,Private      ,112,29,141,419,126,545
00382000,SALEM INTERNATIONAL UNIVERSITY          ,WV,26426-0500,Proprietary  ,84,318,402,234,572,806
00382200,SHEPHERD UNIVERSITY                     ,WV,25443-3210,Public       ,418,289,707,3528,1202,4730
00382300,WEST LIBERTY STATE COLLEGE              ,WV,26074-0295,Public       ,350,189,539,2656,634,3290
00382600,WEST VIRGINIA STATE UNIVERSITY          ,WV,25112-0000,Public       ,507,791,1298,2359,2075,4434
00382700,WEST VIRGINIA UNIVERSITY                ,WV,26506-6201,Public       ,2037,1646,3683,23469,8138,31607
00382711,WEST VIRGINIA UNIVERSITY - POTOMAC STATE,WV,26726-3000,Public       ,242,112,354,1551,398,1949
00382721,WEST VIRGINIA UNIV INST OF TECH         ,WV,25136-2436,Public       ,124,92,216,971,324,1295
00382800,WEST VIRGINIA UNIV AT PARKERSBURG       ,WV,26101-9577,Public       ,281,978,1259,1362,2341,3703
00383000,WEST VIRGINIA WESLEYAN COLLEGE          ,WV,26201-2600,Private      ,198,52,250,1816,226,2042
00383100,WHEELING JESUIT UNIVERSITY              ,WV,26003-6243,Private      ,232,215,447,1140,486,1626
00500700,WEST VIRGINIA JUNIOR COLLEGE            ,WV,26505-5596,Proprietary  ,31,59,90,111,191,302
00500800,MOUNTAIN STATE COLLEGE                  ,WV,26101-3993,Proprietary  ,21,87,108,73,223,296
00754400,APPALACHIAN BIBLE COLLEGE               ,WV,25818-1353,Private      ,78,14,92,246,58,304
00757800,HUNTINGTON SCHOOL OF BEAUTY CULTURE     ,WV,25705-2030,Proprietary  ,13,36,49,31,63,94
00760000,INTERNATIONAL BEAUTY SCHOOL             ,WV,25401-3231,Proprietary  ,12,36,48,15,50,65
00835500,JAMES RUMSEY TECHNICAL INSTITUTE        ,WV,25403-0259,Public       ,23,94,117,66,206,272
00895900,CLARKSBURG BEAUTY ACADEMY               ,WV,26301-2903,Proprietary  ,3,6,9,16,20,36
00904700,HUNTINGTON JUNIOR COLLEGE               ,WV,25701-2004,Proprietary  ,52,433,485,170,1013,1183
00905400,WEST VIRGINIA NORTHERN CMTY COLLEGE     ,WV,26003-0000,Public       ,286,827,1113,891,1722,2613
01014000,MINERAL COUNTY VOCATIONAL TECH CTR      ,WV,26726-0000,Public       ,3,15,18,8,32,40
01035600,EVEREST INSTITUTE                       ,WV,25313-1304,Proprietary  ,93,625,718,144,811,955
01057300,WEST VIRGINIA JUNIOR COLLEGE            ,WV,25322-0000,Proprietary  ,45,105,150,134,269,403
01057302,WEST VIRGINIA JUNIOR COLLEGE            ,WV,26330-0000,Proprietary  ,32,86,118,152,255,407
01086100,WEST VIRGINIA BUSINESS COLLEGE          ,WV,26301-0000,Proprietary  ,8,64,72,26,149,175
01124500,WEST VIRGINIA SCH OSTEOPATHIC MED       ,WV,24901-1128,Public       ,1,166,167,6,842,848
01174900,WOOD COUNTY SCH OF PRAC NURSING         ,WV,26101-6424,Public       ,7,24,31,30,82,112
01235900,B M SPURR SCHOOL OF PRAC NURSING        ,WV,26038-1660,Private      ,5,13,18,14,24,38
01257300,WEST VIRGINIA UNIV-HOSP-RAD TECH        ,WV,26506-8062,Private      ,12,20,32,72,69,141
01274300,BENJAMIN FRANKLIN CAREER&TECH           ,WV,25064-0000,Public       ,23,78,101,47,123,170
01290400,MONONGALIA CNTY TECH ED CTR             ,WV,26501-6841,Public       ,14,51,65,52,120,172
01290500,ACADEMY OF CAREERS AND TECHNOLOGY       ,WV,25801-0000,Public       ,18,87,105,49,186,235
02057400,ROANE-JACKSON TECHNICAL CENTER          ,WV,25252-0000,Public       ,9,29,38,22,59,81
02068000,UNITED TECHNICAL CENTER                 ,WV,26301-0000,Public       ,8,38,46,31,86,117
02070100,BECKLEY BEAUTY ACADEMY                  ,WV,25801-0000,Proprietary  ,6,27,33,22,50,72
02073400,CARVER CAREER TECH ED CTR               ,WV,25306-6397,Public       ,50,103,153,137,209,346
02145100,SCOTT COLLEGE OF COSMETOLOGY            ,WV,26003-0000,Proprietary  ,15,14,29,40,25,65
02178200,CHARLESTON SCHOOL OF BEAUTY CULTURE     ,WV,25301-0000,Proprietary  ,10,22,32,23,39,62
02218200,GARNET CAREER CENTER                    ,WV,25301-0000,Public       ,34,128,162,71,244,315
02275300,CABELL COUNTY CAREER TECHNOLOGY CTR     ,WV,25705-0000,Public       ,20,68,88,72,147,219
02524500,RALPH R WILLIS VOCATIONAL CENTER        ,WV,25601-0000,Public       ,10,21,31,20,41,61
02534800,FRED W EBERLE TECHNICAL CENTER          ,WV,26201-0000,Public       ,10,39,49,36,78,114
02535500,MERCER COUNTY TECH EDUC CNTR            ,WV,24740-0000,Public       ,20,70,90,54,118,172
02579900,NORTH CENTRAL OPPORTUNITIES IND CTR     ,WV,26554-2936,Private      ,9,38,47,14,66,80
02609400,VALLEY COLLEGE                          ,WV,25404-5711,Proprietary  ,6,67,73,14,113,127
03052000,MEREDITH MANOR EQUESTRIAN CENTRE        ,WV,26184-9707,Proprietary  ,72,41,113,174,95,269
03076500,FAYETTE INSTITUTE OF TECHNOLOGY         ,WV,25901-2174,Public       ,7,19,26,22,52,74
03084200,VALLEY COLLEGE                          ,WV,24740-3141,Proprietary  ,4,18,22,9,33,42
03084400,VALLEY COLLEGE                          ,WV,25801-2643,Proprietary  ,4,36,40,17,83,100
03098300,PUTNAM CAREER & TECHNICAL CENTER        ,WV,25070-0000,Public       ,5,21,26,22,64,86
03099200,"MOUNTAINEER BEAUTY COLLEGE, INC         ",WV,25177-2917,Proprietary  ,17,17,34,27,33,60
03102100,MORGANTOWN BEAUTY COLLEGE               ,WV,26505-5430,Proprietary  ,15,37,52,39,63,102
03123200,STANLEY TECHNICAL INSTITUTE             ,WV,26505-3751,Private      ,5,24,29,11,42,53
03327500,SOUTH BRANCH VOCATIONAL TECH CENTER     ,WV,26847-1698,Public       ,1,7,8,4,13,17
03734300,JOHN D. ROCKEFELLER IV CAREER CENTER    ,WV,26047-9424,Public       ,2,13,15,4,22,26
03819300,AMERICAN PUBLIC UNIVERSITY SYSTEM       ,WV,25414-1621,Proprietary  ,182,5385,5567,335,10168,10503
03957300,BLUE RIDGE COMMUNITY AND TECHNICAL COLLE,WV,25401-3244,Public       ,199,516,715,558,1161,1719
03960300,NEW RIVER COMMUNITY AND TECHNICAL COLLEG,WV,25801-2636,Public       ,165,683,848,784,1748,2532
04028300,MOUNTAIN STATE SCHOOL OF MASSAGE        ,WV,25304-2025,Proprietary  ,4,14,18,18,34,52
04038500,PIERPONT COMMUNITY & TECHNICAL COLLEGE  ,WV,26554-2451,Public       ,195,343,538,1109,1023,2132
04038600,KANAWHA VALLEY COMMUNITY & TECH COLLEGE ,WV,25112-1000,Public       ,135,456,591,499,1135,1634
04041400,MARSHALL COMMUNITY AND TECHNICAL COLLEGE,WV,25755-3300,Public       ,241,565,806,830,1261,2091
04047300,BRIDGEMONT COMMUNITY & TECHNICAL COLLEGE,WV,25136-2435,Public       ,57,90,147,343,244,587
04119000,EASTERN WEST VIRGINIA COMMUNITY & TECHNI,WV,26836-0000,Public       ,23,122,145,81,228,309
00106100,ALASKA PACIFIC UNIVERSITY               ,AK,99508-4672,Private      ,81,257,338,359,532,891
00106300,UNIVERSITY OF ALASKA FAIRBANKS          ,AK,99775-7500,Public       ,627,998,1625,2169,2352,4521
00106500,UNIVERSITY OF ALASKA SOUTHEAST          ,AK,99801-8680,Public       ,121,371,492,575,945,1520
00884300,ALASKA BIBLE COLLEGE                    ,AK,99588-0000,Private      ,9,12,21,13,18,31
01146200,UNIVERSITY OF ALASKA ANCHORAGE          ,AK,99514-1608,Public       ,1539,2623,4162,4417,6187,10604
02541000,CAREER ACADEMY                          ,AK,99507-0000,Proprietary  ,40,220,260,64,382,446
02576900,CHARTER COLLEGE                         ,AK,99508-0000,Proprietary  ,211,1144,1355,268,1574,1842
03160300,AVTEC                                   ,AK,99664-0889,Public       ,68,138,206,138,275,413
03461300,ILISAGVIK COLLEGE                       ,AK,99723-0749,Public       ,3,14,17,5,19,24
04138600,ALASKA CHRISTIAN COLLEGE                ,AK,99669-9755,Private      ,9,8,17,18,18,36
00108500,UNIV ARKANSAS MONTICELLO                ,AR,71656-0000,Public       ,900,924,1824,1793,1461,3254
00108600,UNIV OF ARKANSAS AT PINE BLUFF          ,AR,71601-2790,Public       ,1449,791,2240,3605,1486,5091
00108700,ARKANSAS BAPTIST COLLEGE                ,AR,72202-6099,Private      ,457,523,980,711,802,1513
00108800,LYON COLLEGE                            ,AR,72501-3699,Private      ,261,62,323,789,139,928
00108900,ARKANSAS TECH UNIVERSITY                ,AR,72801-2222,Public       ,2525,1879,4404,5629,3279,8908
00109000,ARKANSAS STATE UNIVERSITY               ,AR,72467-0000,Public       ,3257,4259,7516,7198,7216,14414
00109002,ARKANSAS STATE UNIVERSITY - NEWPORT     ,AR,72112-1120,Public       ,26,84,110,26,84,110
00109003,ARKANSAS STATE UNIVERSITY - MOUNTAIN HOM,AR,72653-4405,Public       ,61,104,165,61,104,165
00109006,DELTA TECHNICAL INSTITUTE               ,AR,72365-9558,Public       ,28,50,78,51,86,137
00109100,ARKANSAS STATE UNIVERSITY - BEEBE       ,AR,72012-1000,Public       ,925,1289,2214,1711,2250,3961
00109200,UNIVERSITY OF CENTRAL ARKANSAS          ,AR,72035-0001,Public       ,3671,2112,5783,7819,3476,11295
00109300,CENTRAL BAPTIST COLLEGE                 ,AR,72034-6470,Private      ,211,204,415,428,308,736
00109400,UNIVERSITY OF THE OZARKS                ,AR,72830-2880,Private      ,221,66,287,689,141,830
00109500,CROWLEYS RIDGE COLLEGE                  ,AR,72450-9775,Private      ,94,45,139,161,73,234
00109700,HARDING UNIVERSITY                      ,AR,72149-0001,Private      ,1343,700,2043,3275,1274,4549
00109800,HENDERSON STATE UNIVERSITY              ,AR,71999-0001,Public       ,1487,814,2301,3178,1347,4525
00109900,HENDRIX COLLEGE                         ,AR,72032-3080,Private      ,166,75,241,2086,190,2276
00110000,JOHN BROWN UNIVERSITY                   ,AR,72761-2747,Private      ,270,447,717,1289,835,2124
00110100,UNIV ARKANSAS LITTLE ROCK               ,AR,72204-1099,Public       ,2160,4346,6506,4411,8069,12480
00110200,OUACHITA BAPTIST UNIVERSITY             ,AR,71998-0001,Private      ,621,70,691,1668,138,1806
00110300,PHILANDER SMITH COLLEGE                 ,AR,72202-3718,Private      ,280,346,626,887,617,1504
00110400,PHILLIPS COUNTY COMMUNITY COLLEGE       ,AR,72342-0000,Public       ,200,371,571,325,546,871
00110401,RICE BELT TECH INST                     ,AR,72042-0000,Public       ,2,7,9,5,8,13
00110600,WILLIAMS BAPTIST COLLEGE                ,AR,72476-4661,Private      ,207,102,309,541,178,719
00110700,SOUTHERN ARKANSAS UNIVERSITY            ,AR,71754-0000,Public       ,1071,828,1899,2227,1327,3554
00110800,UNIV ARKANSAS FAYETTEVILLE              ,AR,72701-0000,Public       ,5015,2594,7609,12474,5062,17536
00110900,UNIV OF ARKANSAS FOR MEDCL SCIENCES     ,AR,72205-7102,Public       ,296,959,1255,573,1810,2383
00110901,UNIV OF ARKANSAS COLG OF MEDICINE       ,AR,72205-0000,Public       ,38,493,531,93,783,876
00111000,UNIVERSITY OF ARKANSAS-FORT SMITH       ,AR,72904-7397,Public       ,1781,1891,3672,3519,3415,6934
00524500,U OF A COMM COLLEGE AT MORRILTON        ,AR,72110-9601,Public       ,610,899,1509,1060,1451,2511
00570700,SEARK COLLEGE                           ,AR,71603-0000,Public       ,353,858,1211,574,1428,2002
00573200,UNIV AR COMMUNITY COLLEGE AT HOPE       ,AR,71801-0000,Public       ,215,502,717,373,765,1138
00704400,CROWLEYS RIDGE TECHNICAL INSTITUTE      ,AR,72336-0000,Public       ,37,101,138,62,179,241
00773800,SOUTHERN ARKANSAS UNIVERSITY TECH       ,AR,71701-1900,Public       ,228,405,633,398,629,1027
00792100,FAYETTEVILLE BEAUTY COLLEGE             ,AR,72701-0000,Proprietary  ,28,40,68,48,59,107
00997600,OUACHITA TECHNICAL COLLEGE              ,AR,72104-0816,Public       ,186,477,663,307,763,1070
01074100,MELLIE'S BEAUTY COLLEGE                 ,AR,72901-3886,Proprietary  ,27,62,89,34,91,125
01210500,NATIONAL PARK COMMUNITY COLLEGE         ,AR,71913-9174,Public       ,552,1157,1709,843,1845,2688
01226000,EAST ARKANSAS COMMUNITY COLLEGE         ,AR,72335-2204,Public       ,202,348,550,341,554,895
01226100,NORTH ARKANSAS COLLEGE                  ,AR,72601-5508,Public       ,454,735,1189,840,1368,2208
01286000,ARKANSAS NORTHEASTERN COLLEGE           ,AR,72316-1109,Public       ,312,577,889,575,1005,1580
02052200,BLACK RIVER TECHNICAL COLLEGE           ,AR,72455-0000,Public       ,334,832,1166,520,1285,1805
02073500,UNIVERSITY OF ARKANSAS COMMUNITY COLLEGE,AR,72503-0000,Public       ,247,554,801,510,937,1447
02073700,NORTHWEST TECHNICAL INSTITUTE           ,AR,72765-0000,Public       ,85,222,307,156,386,542
02074600,SOUTH ARKANSAS COMMUNITY COLLEGE        ,AR,71731-0000,Public       ,237,705,942,423,1123,1546
02075300,PULASKI TECHNICAL COLLEGE               ,AR,72118-0000,Public       ,1782,5707,7489,2761,9438,12199
02087000,OZARKA COLLEGE                          ,AR,72556-0000,Public       ,141,579,720,243,822,1065
02111100,RICH MOUNTAIN COMMUNITY COLLEGE         ,AR,71953-0000,Public       ,132,206,338,282,415,697
02202400,PROFESSIONAL COSMETOLOGY EDUC CTR       ,AR,71730-5828,Proprietary  ,5,32,37,8,55,63
02220900,COSSATOT COMMUNITY COLLEGE              ,AR,71832-0000,Public       ,194,424,618,357,764,1121
02260400,BEE JAY'S HAIRSTYLING ACADEMY           ,AR,72212-0000,Proprietary  ,6,24,30,8,29,37
02260401,BEE JAY'S HAIRSTYLING ACADEMY - BATESVIL,AR,72501-6709,Proprietary  ,4,17,21,7,23,30
02272400,EASTERN COLLEGE OF HEALTH VOCATIONS     ,AR,72209-0000,Proprietary  ,53,225,278,76,374,450
02284200,NEW TYLER BARBER COLLEGE INC            ,AR,72114-0000,Proprietary  ,26,60,86,33,102,135
02287400,MARSHA KAY BEAUTY COLLEGE               ,AR,72653-0000,Proprietary  ,0,7,7,2,12,14
02321701,ITT TECHNICAL INSTITUTE                 ,AR,72204-9925,Proprietary  ,153,450,603,224,585,809
02330800,JEFFERSON SCHOOL OF NURSING             ,AR,71603-0000,Private      ,20,69,89,57,120,177
02339800,SOUTHERN INSTITUTE OF COSMETOLOGY       ,AR,72301-0000,Proprietary  ,5,7,12,11,12,23
02341700,CAREER ACADEMY OF HAIR DESIGN           ,AR,72764-4304,Proprietary  ,23,46,69,34,77,111
02341701,CAREER ACADEMY OF HAIR DESIGN - ROGERS  ,AR,72756-2102,Proprietary  ,16,46,62,24,67,91
02341702,CAREER ACADEMY OF HAIR DESIGN - SILOAM  ,AR,72761-4217,Proprietary  ,4,23,27,8,33,41
02348200,MID-SOUTH COMMUNITY COLLEGE             ,AR,72301-0000,Public       ,299,671,970,541,1215,1756
02363500,ARTHUR'S BEAUTY COLLEGE                 ,AR,72901-0000,Proprietary  ,14,43,57,20,58,78
02525800,LEE'S SCHOOL OF COSMETOLOGY             ,AR,72114-0000,Proprietary  ,7,41,48,16,63,79
02538500,ARTHUR'S BEAUTY COLLEGE                 ,AR,72076-0000,Proprietary  ,15,53,68,19,67,86
02569600,SEARCY BEAUTY COLLEGE                   ,AR,72143-0000,Proprietary  ,7,23,30,13,45,58
03005100,ARKANSAS BEAUTY SCHOOL                  ,AR,72209-5116,Proprietary  ,9,62,71,20,94,114
03007100,HOT SPRINGS BEAUTY COLLEGE              ,AR,71901-5432,Proprietary  ,16,36,52,21,48,69
03007600,ARKANSAS BEAUTY SCHOOL-CONWAY           ,AR,72032-4354,Proprietary  ,14,35,49,27,53,80
03023400,ARKANSAS COLLEGE OF BARBERING           ,AR,72114-5615,Proprietary  ,22,67,89,30,82,112
03063300,NORTHWEST ARKANSAS COMMUNITY COLLEG     ,AR,72712-5190,Public       ,1372,2179,3551,2343,3872,6215
03065100,ABC BEAUTY COLLEGE                      ,AR,71923-4206,Proprietary  ,10,17,27,15,26,41
03066302,BRYAN COLLEGE -                         ,AR,72756-1825,Proprietary  ,38,158,196,52,257,309
03105200,BAPTIST HEALTH SCHOOLS LITTLE ROCK      ,AR,72210-0000,Private      ,232,724,956,382,1318,1700
03115102,HERITAGE COLLEGE - LITTLE ROCK          ,AR,72227-5544,Proprietary  ,63,263,326,92,433,525
03116800,"DELUXE BEAUTY SCHOOL, L.L.C.            ",AR,71603-0000,Proprietary  ,0,3,3,7,6,13
03124900,IMAGINE -  PAUL MITCHELL PARTNER SCHOOL ,AR,72117-2516,Proprietary  ,62,99,161,103,142,245
03127200,ASKINS VO-TECH                          ,AR,72908-8028,Proprietary  ,6,18,24,9,31,40
03214300,VELVATEX COLLEGE OF BEAUTY CULTURE      ,AR,72202-5452,Proprietary  ,6,15,21,15,20,35
03254300,MARGARET'S HAIR ACADEMY                 ,AR,71655-4905,Proprietary  ,7,20,27,10,24,34
03519400,LYNNDALE FUNDAMENTALS OF BEAUTY SCH     ,AR,71730-4804,Proprietary  ,6,19,25,6,27,33
03855300,ECCLESIA COLLEGE                        ,AR,72762-8159,Private      ,49,30,79,70,49,119
03912300,CROSSETT SCHOOL OF COSMETOLOGY          ,AR,71635-0000,Proprietary  ,1,7,8,1,12,13
03997300,ARKANSAS BEAUTY COLLEGE                 ,AR,72801-3741,Proprietary  ,10,18,28,16,28,44
00133900,CORBAN COLLEGE                          ,OR,97301-9392,Private      ,131,200,331,1434,505,1939
00316505,CASCADE COLLEGE                         ,OR,97216-0000,Private      ,0,0,0,37,85,122
00318600,BLUE MOUNTAIN COMMUNITY COLLEGE         ,OR,97801-0000,Public       ,207,584,791,855,1555,2410
00318800,CENTRAL OREGON COMMUNITY COLLEGE        ,OR,97701-5998,Public       ,714,1821,2535,2153,4851,7004
00318900,CLATSOP COMMUNITY COLLEGE               ,OR,97103-3698,Public       ,106,346,452,313,746,1059
00319100,CONCORDIA UNIVERSITY                    ,OR,97211-6099,Private      ,248,772,1020,1450,1817,3267
00319300,EASTERN OREGON UNIVERSITY               ,OR,97850-2899,Public       ,357,792,1149,2236,2460,4696
00319400,GEORGE FOX UNIVERSITY                   ,OR,97132-2697,Private      ,300,502,802,2916,1686,4602
00319600,LANE COMMUNITY COLLEGE                  ,OR,97405-0640,Public       ,1416,3284,4700,5389,10777,16166
00319700,LEWIS & CLARK COLLEGE                   ,OR,97219-7899,Private      ,136,520,656,4520,3684,8204
00319800,LINFIELD COLLEGE                        ,OR,97128-6894,Private      ,203,247,450,3047,919,3966
00319801,LINFIELD COLLEGE - PORTLAND CAMPUS      ,OR,97210-0000,Private      ,54,160,214,407,835,1242
00319900,MARYLHURST UNIVERSITY                   ,OR,97036-7036,Private      ,31,513,544,151,1510,1661
00320300,MOUNT ANGEL SEMINARY                    ,OR,97373-0505,Private      ,3,13,16,7,16,23
00320400,MOUNT HOOD COMMUNITY COLLEGE            ,OR,97030-3300,Public       ,1191,2426,3617,3638,6459,10097
00320600,MULTNOMAH BIBLE COLLEGE/SEMINARY        ,OR,97220-5898,Private      ,124,210,334,467,584,1051
00320700,PACIFIC NORTHWEST COLLEGE OF ART        ,OR,97209-3023,Private      ,112,139,251,672,583,1255
00320800,NORTHWEST CHRISTIAN UNIVERSITY          ,OR,97401-3727,Private      ,82,168,250,742,536,1278
00320900,WESTERN OREGON UNIVERSITY               ,OR,97361-1394,Public       ,670,557,1227,6001,2352,8353
00321000,OREGON STATE UNIVERSITY                 ,OR,97331-8507,Public       ,2279,2427,4706,19345,9072,28417
00321100,OREGON INSTITUTE OF TECHNOLOGY          ,OR,97601-8801,Public       ,259,504,763,2233,1886,4119
00321200,PACIFIC UNIVERSITY                      ,OR,97116-1797,Private      ,196,513,709,3238,2783,6021
00321300,PORTLAND COMMUNITY COLLEGE              ,OR,97219-7198,Public       ,2852,7906,10758,9185,22026,31211
00321312,PORTLAND COMMUNITY COLLEGE - COLUMBIA GO,OR,97058-3447,Public       ,98,248,346,258,574,832
00321600,PORTLAND STATE UNIVERSITY               ,OR,97207-0000,Public       ,2162,5400,7562,12200,18484,30684
00321700,REED COLLEGE                            ,OR,97202-8199,Private      ,208,148,356,2680,487,3167
00321800,CHEMEKETA COMMUNITY COLLEGE             ,OR,97309-1500,Public       ,1347,3512,4859,4651,10066,14717
00321900,SOUTHERN OREGON UNIVERSITY              ,OR,97520-5010,Public       ,579,761,1340,4553,2764,7317
00322000,SOUTHWESTERN OREGON COMMUNITY CLG       ,OR,97420-2956,Public       ,375,525,900,1484,1446,2930
00322100,TREASURE VALLEY COMMUNITY COLLEGE       ,OR,97914-3423,Public       ,356,780,1136,1175,1768,2943
00322200,UMPQUA COMMUNITY COLLEGE                ,OR,97470-0226,Public       ,323,1027,1350,1211,3094,4305
00322300,UNIVERSITY OF OREGON                    ,OR,97403-1226,Public       ,2437,2726,5163,22348,11586,33934
00322400,UNIVERSITY OF PORTLAND                  ,OR,97203-5798,Private      ,488,592,1080,8461,2256,10717
00322500,WARNER PACIFIC COLLEGE                  ,OR,97215-4099,Private      ,176,541,717,740,1216,1956
00322700,WILLAMETTE UNIVERSITY                   ,OR,97301-3930,Private      ,161,409,570,4532,1801,6333
00487800,CLACKAMAS COMMUNITY COLLEGE             ,OR,97045-7998,Public       ,842,1642,2484,2755,4192,6947
00488200,OREGON HEALTH & SCIENCE UNIVERSITY      ,OR,97239-0000,Public       ,77,613,690,502,3330,3832
00693800,LINN BENTON COMMUNITY COLLEGE           ,OR,97321-3774,Public       ,897,1679,2576,3124,4499,7623
00717800,WESTERN SEMINARY                        ,OR,97215-0000,Private      ,0,97,97,4,223,227
00723402,HEALD COLLEGE - PORTLAND                ,OR,97205-3432,Proprietary  ,104,521,625,191,1030,1221
00781900,ART INSTITUTE OF PORTLAND (THE)         ,OR,97209-2911,Proprietary  ,501,659,1160,1646,1703,3349
00888700,CONCORDE CAREER INSTITUTE               ,OR,97232-2242,Proprietary  ,83,423,506,210,927,1137
00907900,EVEREST COLLEGE                         ,OR,97204-2296,Proprietary  ,120,481,601,226,923,1149
00958100,SPRINGFIELD COLLEGE OF BEAUTY           ,OR,97477-5474,Proprietary  ,16,62,78,57,143,200
01012200,PHAGANS' MEDFORD BEAUTY SCHOOL          ,OR,97504-5297,Proprietary  ,19,46,65,37,77,114
01018200,ROGUE COMMUNITY COLLEGE                 ,OR,97527-0000,Public       ,653,1899,2552,2092,4906,6998
01050700,ACADEMY OF HAIR DESIGN                  ,OR,97301-3526,Proprietary  ,10,37,47,31,81,112
01185200,ITT TECHNICAL INSTITUTE                 ,OR,97220-0000,Proprietary  ,218,846,1064,433,1180,1613
01230900,UNIVERSITY OF WESTERN STATES            ,OR,97230-3099,Private      ,10,133,143,39,514,553
01234700,PHAGANS CENTRAL OREGON BEAUTY CLG       ,OR,97701-5175,Proprietary  ,28,93,121,60,158,218
01234800,PHAGANS BEAUTY COLLEGE                  ,OR,97333-4716,Proprietary  ,21,43,64,37,68,105
01235000,PHAGANS SCHOOL OF HAIR DESIGN           ,OR,97267-4808,Proprietary  ,11,30,41,21,62,83
01235100,PHAGANS SCHOOL OF BEAUTY                ,OR,97301-4732,Proprietary  ,18,47,65,41,97,138
01300800,PHAGANS TIGARD BEAUTY SCHOOL            ,OR,97223-0000,Proprietary  ,5,21,26,14,57,71
02101000,NORTHWEST COLLEGE OF HAIR DESIGN        ,OR,97086-7702,Proprietary  ,45,154,199,91,293,384
02101002,NORTHWEST COLLEGE                       ,OR,97007-3954,Proprietary  ,9,25,34,19,58,77
02104900,COLLEGE OF LEGAL ARTS                   ,OR,97219-9998,Proprietary  ,14,123,137,32,222,254
02106100,COLLEGE OF COSMETOLOGY                  ,OR,97601-0000,Proprietary  ,10,15,25,30,29,59
02154400,BEAU MONDE CLG OF HAIR DESIGN           ,OR,97205-0000,Proprietary  ,43,121,164,88,202,290
02159700,EUGENE BIBLE COLLEGE                    ,OR,97405-0000,Private      ,31,45,76,113,107,220
02201900,PHAGANS' SCHOOL OF HAIR DESIGN          ,OR,97232-0000,Proprietary  ,39,115,154,88,216,304
02239203,ANTHEM COLLEGE - BEAVERTON              ,OR,97005-0000,Proprietary  ,16,42,58,38,105,143
02330100,PIONEER PACIFIC COLLEGE                 ,OR,97070-0000,Proprietary  ,134,549,683,264,1118,1382
02330102,PIONEER PACIFIC COLLEGE                 ,OR,97403-0000,Proprietary  ,63,326,389,149,794,943
02337900,COLLEGE OF HAIR DESIGN CAREERS          ,OR,97301-0000,Proprietary  ,18,37,55,45,68,113
02344100,ROSEBURG BEAUTY COLLEGE                 ,OR,97470-0000,Proprietary  ,5,24,29,24,64,88
02534000,NATIONAL COLLEGE OF NATURAL MEDICINE    ,OR,97201-0000,Private      ,8,308,316,29,710,739
02578800,NORTHWEST NANNIES INSTITUTE             ,OR,97035-0000,Proprietary  ,6,4,10,10,14,24
02603700,OREGON COL OF ORIENTAL MEDICINE         ,OR,97216-0000,Private      ,6,137,143,23,378,401
02617506,EVEREST COLLEGE - EVEREST INSTITUTE     ,OR,97223-6581,Proprietary  ,38,134,172,61,205,266
03007300,OREGON COLLEGE OF ART & CRAFT           ,OR,97225-6399,Private      ,28,80,108,176,302,478
03022600,LE CORDON BLEU COLLEGE OF CULINARY ARTS ,OR,97205-2793,Proprietary  ,489,807,1296,1055,1748,2803
03042500,APOLLO COLLEGE                          ,OR,97232-1302,Proprietary  ,132,611,743,273,1103,1376
03074400,PHAGANS NEWPORT ACAD CSMTLGY CAREER     ,OR,97365-4963,Proprietary  ,8,28,36,14,43,57
03074500,EAST-WEST COLLEGE OF THE HEALING ARTS   ,OR,97232-2765,Proprietary  ,36,143,179,75,313,388
03185300,PHAGANS GRANTS PASS COLLEGE OF BTY      ,OR,97527-3039,Proprietary  ,6,24,30,20,40,60
03428300,KLAMATH COMMUNITY COLLEGE               ,OR,97603-7121,Public       ,136,505,641,396,1107,1503
03642300,VALLEY MEDICAL COLLEGE                  ,OR,97305-1373,Proprietary  ,33,188,221,72,329,401
03668300,BIRTHINGWAY COLLEGE OF MIDWIFERY        ,OR,97266-4042,Private      ,6,73,79,22,171,193
03783400,ABDILL CAREER COLLEGE                   ,OR,97504-7137,Proprietary  ,15,101,116,34,190,224
04146500,PORTLAND ACTORS CONSERVATORY            ,OR,97201-2557,Private      ,11,25,36,18,62,80
04167400,SAGE SCHOOL OF MASSAGE & HEALING ARTS   ,OR,97701-4082,Proprietary  ,1,9,10,1,9,10
00137400,ALBERTUS MAGNUS COLLEGE                 ,CT,06511-1189,Private      ,93,361,454,814,826,1640
00137403,ALBERTUS MAGNUS CLG-NEW DIMENSIONS      ,CT,06511-0000,Private      ,10,244,254,52,465,517
00137800,CENTRAL CONNECTICUT STATE UNIV          ,CT,06050-2490,Public       ,1700,1576,3276,9238,3812,13050
00137900,CONNECTICUT COLLEGE                     ,CT,06320-4196,Private      ,351,40,391,3235,123,3358
00138000,WESTERN CONNECTICUT STATE UNIV          ,CT,06810-6826,Public       ,516,332,848,5761,1392,7153
00138500,FAIRFIELD UNIVERSITY                    ,CT,06430-0000,Private      ,194,276,470,6321,900,7221
00138700,HARTFORD SEMINARY                       ,CT,06105-0000,Private      ,1,31,32,9,48,57
00138900,HOLY APOSTLES COLLEGE & SEMINARY        ,CT,06416-2005,Private      ,3,18,21,9,40,49
00139200,MANCHESTER COMMUNITY COLLEGE            ,CT,06045-1046,Public       ,1187,1274,2461,2766,2471,5237
00139300,MITCHELL COLLEGE                        ,CT,06320-4498,Private      ,212,93,305,1094,208,1302
00139700,UNIVERSITY OF NEW HAVEN                 ,CT,06516-1999,Private      ,592,471,1063,7247,1558,8805
00139800,NORTHWESTERN CT COMMUNITY COLLEGE       ,CT,06098-1747,Public       ,218,260,478,497,507,1004
00139900,NORWALK COMMUNITY TECHNICAL COLLEGE     ,CT,06854-1655,Public       ,791,978,1769,1491,1692,3183
00140100,POST UNIVERSITY                         ,CT,06723-3240,Proprietary  ,383,1259,1642,1321,2116,3437
00140200,QUINNIPIAC UNIVERSITY                   ,CT,06518-1908,Private      ,700,476,1176,11849,1533,13382
00140201,QUINNIPIAC UNIVERSITY SCHOOL OF LAW     ,CT,06518-0000,Private      ,7,219,226,135,1257,1392
00140300,SACRED HEART UNIVERSITY                 ,CT,06825-1000,Private      ,807,564,1371,7554,1350,8904
00140600,SOUTHERN CONNECTICUT STATE UNIV         ,CT,06515-1355,Public       ,1190,1275,2465,9128,4311,13439
00140900,SAINT JOSEPH COLLEGE                    ,CT,06117-2791,Private      ,129,473,602,1263,1093,2356
00141400,TRINITY COLLEGE                         ,CT,06106-3100,Private      ,117,69,186,2747,205,2952
00141600,UNIVERSITY OF BRIDGEPORT                ,CT,06601-5650,Private      ,547,853,1400,3077,2346,5423
00141700,UNIVERSITY OF CONNECTICUT-STORRS        ,CT,06269-2151,Public       ,1474,1036,2510,25599,5011,30610
00141702,UNIV CONN STAMFORD                      ,CT,06901-0000,Public       ,85,101,186,510,274,784
00141703,UNIV OF CONNECTICUT - TORINGTON         ,CT,06790-0000,Public       ,30,32,62,159,68,227
00141706,UNIV OF CONNECTICUT SCH LAW             ,CT,06105-0000,Public       ,10,187,197,24,1296,1320
00141707,UNIV OF CT - SCH OF SOCIAL WORK         ,CT,06117-0000,Public       ,17,102,119,100,501,601
00141708,UNIVERSITY OF CONNECTICUT - SCHOOL OF ME,CT,06030-1920,Public       ,38,237,275,223,678,901
00141709,UNIVERSITY OF CONNECTICUT - SCHOOL OF DE,CT,06030-1920,Public       ,61,205,266,452,587,1039
00142200,UNIVERSITY OF HARTFORD                  ,CT,06117-1599,Private      ,799,563,1362,9151,1698,10849
00142400,WESLEYAN UNIVERSITY                     ,CT,06459-3208,Private      ,611,46,657,5348,168,5516
00142500,EASTERN CONNECTICUT STATE UNIV          ,CT,06226-2295,Public       ,623,310,933,5365,1066,6431
00142600,YALE UNIVERSITY                         ,CT,06520-8288,Private      ,1131,1097,2228,15385,8555,23940
00280301,RENSSELAER POLYTECHNIC INSTITUTE-RENSSEL,CT,06120-2991,Private      ,1,18,19,13,33,46
00451300,HOUSATONIC COMMUNITY COLLEGE            ,CT,06604-4704,Public       ,1067,1589,2656,2121,2819,4940
00618100,BRIDGEPORT HOSP SCHL OF NURSING         ,CT,06610-2896,Private      ,38,159,197,137,360,497
00619100,ST. VINCENT'S COLLEGE                   ,CT,06606-9966,Private      ,97,273,370,260,524,784
00698200,NAUGATUCK VALLEY COMM-TECH COLG         ,CT,06708-3089,Public       ,958,1180,2138,2235,2318,4553
00730000,ELI WHITNEY TECHNICAL HIGH SCHOOL       ,CT,06514-0000,Public       ,4,25,29,8,40,48
00730300,LINCOLN TECHNICAL INSTITUTE             ,CT,06051-0000,Proprietary  ,317,739,1056,508,1172,1680
00730500,PORTER AND CHESTER INSTITUTE OF BRANFORD,CT,06405-4022,Proprietary  ,121,185,306,168,275,443
00731100,WINDHAM TECHNICAL HIGH SCHOOL           ,CT,06226-2100,Public       ,1,8,9,2,13,15
00745900,PAIER COLLEGE OF ART                    ,CT,06514-3902,Proprietary  ,47,26,73,161,53,214
00763500,CAPITAL COMMUNITY COLLEGE               ,CT,06103-1207,Public       ,640,1653,2293,1272,2928,4200
00803700,GATEWAY COMMUNITY-TECHNICAL COLLEGE     ,CT,06511-0000,Public       ,934,1643,2577,2015,3017,5032
00803800,MIDDLESEX COMMUNITY CLG                 ,CT,06457-4889,Public       ,385,540,925,846,962,1808
00887300,PAUL MITCHELL THE SCHOOL                ,CT,06810-6716,Proprietary  ,18,23,41,31,34,65
00887400,BRIO ACADEMY OF COSMETOLOGY             ,CT,06450-4836,Proprietary  ,45,141,186,59,163,222
00887403,BRIO ACADEMY OF COSMETOLOGY - WILLIMANTI,CT,06226-1940,Proprietary  ,2,12,14,8,22,30
00906500,THE HARTFORD CONSERVATORY               ,CT,06105-2891,Private      ,3,6,9,18,12,30
00927700,E C GOODWIN TECHNICAL HIGH SCHOOL       ,CT,06053-0000,Public       ,12,9,21,20,14,34
00929100,J M WRIGHT TECHNICAL HIGH SCHOOL        ,CT,06904-0000,Public       ,1,4,5,1,6,7
00940700,BRIARWOOD COLLEGE                       ,CT,06489-1057,Proprietary  ,223,272,495,715,520,1235
00976400,TUNXIS COMMUNITY COLLEGE                ,CT,06032-3187,Public       ,616,786,1402,1425,1457,2882
00976500,THREE RIVERS COMMUNITY TECH COLLEGE     ,CT,06360-0000,Public       ,548,980,1528,1271,1865,3136
00982200,ALBERT I PRINCE TECHNICAL HIGH SCHOOL   ,CT,06106-3799,Public       ,1,24,25,7,32,39
01041700,BRIO ACADEMY OF EAST HARTFORD           ,CT,06108-2220,Proprietary  ,14,37,51,23,50,73
01053000,QUINEBAUG VALLEY COMMUNITY COLLEGE      ,CT,06239-1440,Public       ,270,481,751,573,866,1439
01077900,PORTER AND CHESTER INSTITUTE-ALLCAMPUSES,CT,06615-7158,Proprietary  ,425,1152,1577,595,1557,2152
01115000,ASNUNTUCK COMMUNITY COLLEGE             ,CT,06082-3800,Public       ,164,273,437,341,499,840
01149600,BULLARD HAVENS VOC TECH SCHOOL          ,CT,06610-3499,Public       ,3,10,13,8,29,37
01169700,VINAL REGIONAL VOC TECH SCHOOL          ,CT,06457-4918,Public       ,1,6,7,2,10,12
01184300,NORWICH TECHNICAL HIGH SCHOOL           ,CT,06360-7097,Public       ,3,8,11,9,18,27
01218500,H C WILCOX TECHNICAL HIGH SCHOOL        ,CT,06450-0000,Public       ,1,1,2,1,2,3
01242500,STONE ACADEMY                           ,CT,06514-4125,Proprietary  ,64,287,351,105,515,620
01242503,STONE ACADEMY -WATERBURY                ,CT,06705-3823,Proprietary  ,11,18,29,21,41,62
01242504,STONE ACADEMY -  EAST HARTFORD          ,CT,06118-0000,Proprietary  ,6,33,39,15,90,105
01287700,GIBBS COLLEGE                           ,CT,06855-1436,Proprietary  ,37,80,117,56,130,186
01291300,LEON INSTITUTE OF HAIR DESIGN           ,CT,06604-4226,Proprietary  ,3,19,22,6,37,43
01326400,HENRY ABBOTT TECHNICAL HIGH SCHOOL      ,CT,06811-4881,Public       ,1,9,10,4,20,24
02058900,HARVARD H ELLIS TECHNICAL HIGH SCHOOL   ,CT,06239-0000,Public       ,1,1,2,3,5,8
02074000,BRANFORD HALL CAREER INSTITUTE          ,CT,06405-0000,Proprietary  ,344,1471,1815,459,2043,2502
02106600,FOX INSTITUTE OF BUSINESS               ,CT,06110-0000,Proprietary  ,24,190,214,56,368,424
02112300,RIDLEY LOWELL BUSINESS & TECH INST      ,CT,06320-0000,Proprietary  ,31,196,227,39,236,275
02112700,NORTH HAVEN ACADEMY                     ,CT,06473-3108,Proprietary  ,74,74,148,128,118,246
02115100,BUTLER BUSINESS SCHOOL                  ,CT,06604-0000,Proprietary  ,18,96,114,48,212,260
02148700,CONNECTICUT INST OF HAIR DESIGN         ,CT,06716-0000,Proprietary  ,12,20,32,19,38,57
02202500,NEW ENGLAND TRACTOR TRAILER SCH         ,CT,06071-2036,Proprietary  ,25,299,324,27,324,351
02213000,ELLA T GRASSO SOUTHEASTERN TECHNICAL HIG,CT,06340-0000,Public       ,1,5,6,3,11,14
02228800,LINCOLN TECHNICAL INSTITUTE - EAST WINDS,CT,06088-9631,Proprietary  ,343,222,565,752,414,1166
02244900,GOODWIN COLLEGE                         ,CT,06118-9980,Private      ,215,937,1152,729,2694,3423
02245300,HOWELL CHENEY TECHNICAL HIGH SCHOOL     ,CT,06040-0000,Public       ,3,2,5,8,8,16
02265900,WINDHAM COMMUNITY MEM HOSP-RAD TECH     ,CT,06226-0000,Private      ,2,9,11,10,18,28
02296100,YALE-NEW HAVEN HOSP DIETETIC INTERN     ,CT,06510-8900,Private      ,2,6,8,15,20,35
02300000,W F KAYNOR TECHNICAL HIGH SCHOOL        ,CT,06708-0000,Public       ,3,10,13,10,19,29
02316600,CONNECTICUT CTR FOR MASSAGE THERAPY     ,CT,06111-3975,Proprietary  ,23,143,166,35,230,265
02316601,CONNECTICUT CENTER FOR MASSAGE THERAPY -,CT,06880-4619,Proprietary  ,18,81,99,23,116,139
02316603,CONNECTICUT CENTER FOR MASSAGE THERAPY -,CT,06340-4619,Proprietary  ,15,74,89,26,110,136
02562400,EMMETT O BRIEN REG VOC TECH SCHOOL      ,CT,06401-2500,Public       ,0,2,2,0,3,3
02565000,PLATT TECHNICAL HIGH SCHOOL             ,CT,06460-2105,Public       ,1,10,11,6,19,25
03079400,LYME ACADEMY COLLEGE OF FINE ARTS       ,CT,06371-2333,Private      ,9,13,22,68,32,100
03094800,INDUSTRIAL MANAGEMENT & TRAINING        ,CT,06706-1211,Proprietary  ,15,47,62,23,76,99
03231400,OLIVER WOLCOTT TECHNICAL HIGH SCHOOL    ,CT,06790-3859,Public       ,1,3,4,1,5,6
03234300,CHARTER OAK STATE COLLEGE               ,CT,06053-2150,Public       ,41,504,545,70,940,1010
03316300,LINCOLN TECHNICAL INSTITUTE - HARTFORD  ,CT,06105-3630,Proprietary  ,221,260,481,435,365,800
03381300,CONNECTICUT TRAINING CENTER             ,CT,06108-2705,Private      ,8,63,71,9,71,80
03927300,ALBERT SCHOOL (THE)                     ,CT,06357-2447,Proprietary  ,31,40,71,36,49,85
04053300,CLEMENS COLLEGE                         ,CT,06078-0000,Proprietary  ,55,24,79,130,42,172
04104300,ACADEMY DI CAPELLI - SCHOOL OF COSMETOLO,CT,06492-0000,Proprietary  ,5,11,16,8,16,24
04128800,BRANFORD ACADEMY OF HAIR & COSMETOLOGY  ,CT,06405-0000,Proprietary  ,12,28,40,14,38,52
04145400,OXFORD ACADEMY OF HAIR DESIGN           ,CT,06483-2603,Proprietary  ,9,10,19,14,11,25
04148400,EUROPEAN ACADEMY OF COSMETOLOGY AND HAIR,CT,06437-0000,Proprietary  ,3,6,9,5,8,13
04152400,INTERNATIONAL INSTITUTE OF COSMETOLOGY  ,CT,06109-0000,Proprietary  ,31,32,63,44,44,88
04162900,TONSORIAL ACADEMY OF COSMETOLOGY AND BAR,CT,06516-0000,Proprietary  ,3,10,13,3,10,13
00146600,BARRY UNIVERSITY                        ,FL,33161-6695,Private      ,1381,3146,4527,4403,6596,10999
00146601,BARRY UNIVERSITY - ORLANDO              ,FL,32807-3673,Private      ,72,602,674,152,1511,1663
00146700,BETHUNE COOKMAN UNIVERSITY              ,FL,32114-3099,Private      ,1695,458,2153,6826,1334,8160
00146800,ST THOMAS UNIVERSITY                    ,FL,33054-0000,Private      ,476,912,1388,1195,2102,3297
00146900,FLORIDA INSTITUTE OF TECHNOLOGY         ,FL,32901-6988,Private      ,460,3398,3858,3331,6019,9350
00147000,BREVARD COMMUNITY COLLEGE               ,FL,32922-6503,Public       ,2163,3575,5738,3747,6185,9932
00147100,CENTRAL FLORIDA COMMUNITY COLLEGE       ,FL,34478-1388,Public       ,1840,2904,4744,3539,5680,9219
00147200,CHIPOLA  COLLEGE                        ,FL,32446-2053,Public       ,417,443,860,699,837,1536
00147300,CLEARWATER CHRISTIAN COLLEGE            ,FL,33759-0000,Private      ,206,56,262,742,131,873
00147500,DAYTONA STATE COLLEGE                   ,FL,32114-2800,Public       ,2764,4828,7592,5489,9805,15294
00147700,EDISON COLLEGE                          ,FL,33906-6210,Public       ,3167,4275,7442,5744,7882,13626
00147800,EDWARD WATERS COLLEGE                   ,FL,32209-6199,Private      ,498,308,806,1192,589,1781
00147900,EMBRY-RIDDLE AERONAUTICAL UNIV          ,FL,32114-3900,Private      ,1407,1876,3283,6551,3919,10470
00148000,FLORIDA A & M UNIVERSITY                ,FL,32307-3100,Public       ,4171,2358,6529,16706,7099,23805
00148100,FLORIDA ATLANTIC UNIVERSITY             ,FL,33431-6498,Public       ,4766,4927,9693,15546,11193,26739
00148101,FLORIDA ATLANTIC UNIVERSITY/DAVIE       ,FL,33314-0000,Public       ,524,1125,1649,1336,2515,3851
00148103,FLORIDA ATLANTIC UNIV-JUPITER/PSL       ,FL,33458-0000,Public       ,163,241,404,494,514,1008
00148200,FLORIDA COLLEGE                         ,FL,33617-5578,Private      ,169,40,209,373,71,444
00148400,FLORIDA STATE COLLEGE AT JACKSONVILLE   ,FL,32202-4030,Public       ,4483,8873,13356,8649,17223,25872
00148500,FLORIDA KEYS COMMUNITY COLLEGE          ,FL,33040-4397,Public       ,194,367,561,375,602,977
00148600,FLORIDA MEMORIAL UNIVERSITY             ,FL,33054-6199,Private      ,968,544,1512,2418,1098,3516
00148700,ECKERD COLLEGE                          ,FL,33711-4744,Private      ,500,342,842,2645,850,3495
00148800,FLORIDA SOUTHERN COLLEGE                ,FL,33801-5698,Private      ,698,368,1066,2916,749,3665
00148900,FLORIDA STATE UNIVERSITY                ,FL,32306-2430,Public       ,7439,4687,12126,32282,14806,47088
00149000,GULF COAST COMMUNITY COLLEGE            ,FL,32401-1058,Public       ,890,1777,2667,1604,3277,4881
00149300,INDIAN RIVER STATE COLLEGE              ,FL,34981-5596,Public       ,2050,3405,5455,3923,6358,10281
00149500,JACKSONVILLE UNIVERSITY                 ,FL,32211-3394,Private      ,813,1070,1883,4536,2762,7298
00149700,JONES COLLEGE                           ,FL,32211-5588,Private      ,49,369,418,85,723,808
00149900,EVEREST UNIVERSITY                      ,FL,32810-5601,Proprietary  ,184,1035,1219,310,1827,2137
00149901,EVEREST UNIVERSITY - ORLANDO SOUTH      ,FL,32819-7666,Proprietary  ,561,5752,6313,891,10459,11350
00149902,EVEREST UNIVERSITY - MELBOURNE          ,FL,32905-6609,Proprietary  ,92,646,738,127,1020,1147
00150000,BROWARD COLLEGE- DOWNTOWN CTR           ,FL,33301-2208,Public       ,2497,4019,6516,4508,7317,11825
00150001,BROWARD COLLEGE - DAVIE CAMPUS          ,FL,33314-0000,Public       ,2952,2950,5902,5620,5607,11227
00150002,BROWARD COLLEGE- NORTH CAMPUS           ,FL,33066-0000,Public       ,1825,2417,4242,3481,4590,8071
00150003,BROWARD COLLEGE- SOUTH CAMPUS           ,FL,33024-0000,Public       ,2088,2391,4479,3890,4513,8403
00150100,LAKE CITY COMMUNITY COLLEGE             ,FL,32025-2007,Public       ,430,1094,1524,780,1907,2687
00150200,LAKE SUMTER COMMUNITY COLLEGE           ,FL,34788-8751,Public       ,923,1031,1954,1706,2084,3790
00150400,MANATEE COMMUNITY COLLEGE               ,FL,34207-3596,Public       ,2152,3285,5437,3843,6078,9921
00150500,LYNN UNIVERSITY                         ,FL,33431-5598,Private      ,454,304,758,1652,639,2291
00150600,MIAMI DADE COLLEGE ADMINISTRATION ONLY  ,FL,33176-3393,Public       ,684,599,1283,1231,1028,2259
00150601,MIAMI DADE COLLEGE - NORTH CAMPUS       ,FL,33167-3495,Public       ,3762,4624,8386,7873,9306,17179
00150602,MIAMI DADE COLLEGE - KENDALL CAMPUS     ,FL,33176-3393,Public       ,5794,4575,10369,11217,9001,20218
00150603,MIAMI DADE COLLEGE - WOLFSON CAMPUS     ,FL,33132-2297,Public       ,2597,2791,5388,5538,5644,11182
00150604,MIAMI DADE COLLEGE - MEDICAL CAMPUS     ,FL,33127-4693,Public       ,783,1789,2572,1751,3606,5357
00150605,MIAMI DADE COLLEGE - HOMESTEAD CAMPUS   ,FL,33030-6009,Public       ,680,754,1434,1381,1583,2964
00150606,MIAMI DADE COLLEGE -INTERAMERICAN CAMPUS,FL,33135-0000,Public       ,1283,2162,3445,2441,4207,6648
00150607,MIAMI DADE COLLEGE - HIALEAH CAMPUS     ,FL,33012-2918,Public       ,883,1056,1939,1767,2035,3802
00150800,NORTH FLORIDA COMMUNITY COLLEGE         ,FL,32340-1699,Public       ,185,325,510,376,603,979
00150900,NOVA SOUTHEASTERN UNIVERSITY            ,FL,33314-7796,Private      ,1731,10549,12280,5495,25384,30879
00151000,NORTHWEST FLORIDA STATE COLLEGE         ,FL,32578-1295,Public       ,793,1601,2394,1570,3188,4758
00151200,PALM BEACH COMMUNITY COLLEGE            ,FL,33461-4796,Public       ,4903,5665,10568,8663,9884,18547
00151300,PENSACOLA JR COLLEGE                    ,FL,32504-8998,Public       ,1666,2934,4600,3099,5983,9082
00151400,POLK STATE COLLEGE                      ,FL,33881-4299,Public       ,1893,2648,4541,3308,4982,8290
00151500,ROLLINS COLLEGE                         ,FL,32789-4499,Private      ,445,486,931,2347,1009,3356
00151900,SANTA FE COLLEGE                        ,FL,32606-6200,Public       ,2986,2955,5941,6673,6117,12790
00152000,SEMINOLE COMMUNITY COLLEGE              ,FL,32773-6199,Public       ,2813,4537,7350,5187,8371,13558
00152100,SOUTHEASTERN UNIVERSITY                 ,FL,33801-6099,Private      ,878,476,1354,2496,982,3478
00152200,SOUTH FLORIDA COMMUNITY COLLEGE         ,FL,33825-9399,Public       ,570,797,1367,1054,1376,2430
00152300,ST JOHNS RIVER COMMUNITY COLLEGE        ,FL,32177-3897,Public       ,793,1322,2115,1485,2675,4160
00152600,SAINT LEO UNIVERSITY                    ,FL,33574-6665,Private      ,821,5341,6162,2914,9926,12840
00152800,ST. PETERSBURG COLLEGE                  ,FL,33760-3768,Public       ,3472,7841,11313,5925,13885,19810
00153100,STETSON UNIVERSITY                      ,FL,32723-3761,Private      ,431,276,707,2606,703,3309
00153101,STETSON UNIVERSITY - COLLEGE OF LAW     ,FL,33707-3299,Private      ,9,594,603,35,1751,1786
00153300,TALLAHASSEE COMMUNITY COLLEGE           ,FL,32304-2895,Public       ,3164,2954,6118,6857,6163,13020
00153400,EVEREST UNIVERSITY                      ,FL,33614-5801,Proprietary  ,224,1663,1887,385,3673,4058
00153408,EVEREST UNIVERSITY - TAMPA BRANDON CAMPU,FL,33619-1354,Proprietary  ,517,7577,8094,749,12107,12856
00153409,EVEREST UNIVERSITY - ORANGE PARK        ,FL,32073-1111,Proprietary  ,127,643,770,164,1187,1351
00153500,UNIVERSITY OF FLORIDA                   ,FL,32611-3150,Public       ,5544,5025,10569,31212,16230,47442
00153600,UNIVERSITY OF MIAMI                     ,FL,33146-6531,Private      ,1688,1568,3256,16540,5632,22172
00153601,UNIV OF MIAMI SCHOOL OF LAW             ,FL,33124-0000,Private      ,12,386,398,82,1801,1883
00153602,UNIV OF MIAMI-SCH OF MEDICINE           ,FL,33136-0000,Private      ,109,466,575,563,1201,1764
00153700,UNIVERSITY OF SOUTH FLORIDA             ,FL,33620-6960,Public       ,6478,6676,13154,29676,19281,48957
00153701,UNIV OF SOUTH FLORIDA-ST PETERSBURG     ,FL,33701-0000,Public       ,151,222,373,527,542,1069
00153702,UNIV OF SOUTH FLORIDA-SARASOTA          ,FL,34243-2025,Public       ,88,235,323,247,574,821
00153705,UNIV OF SOUTH FLORIDA                   ,FL,33803-0000,Public       ,155,214,369,842,588,1430
00153706,UNIV OF SOUTH FLORIDA- MEDICINE         ,FL,33612-0000,Public       ,111,208,319,591,1085,1676
00153800,UNIVERSITY OF TAMPA                     ,FL,33606-1490,Private      ,1570,936,2506,8232,2218,10450
00154000,WEBBER INTERNATIONAL UNIVERSITY         ,FL,33827-0096,Private      ,291,104,395,695,208,903
00173308,NATIONAL-LOUIS UNIVERSITY               ,FL,33609-0000,Private      ,9,32,41,13,61,74
00177201,TRINITY INTERNATIONAL UNIVERSITY - SOUTH,FL,33324-4611,Private      ,12,177,189,27,269,296
00395400,UNIV OF CENTRAL FLORIDA                 ,FL,32816-0001,Public       ,10654,7359,18013,41657,18751,60408
00395500,UNIVERSITY OF WEST FLORIDA              ,FL,32514-5750,Public       ,1989,1982,3971,5824,4696,10520
00407215,NORTHWOOD UNIVERSITY                    ,FL,33409-0000,Private      ,139,133,272,502,247,749
00491004,KAPLAN CAREER INSTITUTE - KAPLAN COLLEGE,FL,33026-3978,Proprietary  ,122,2107,2229,143,2450,2593
00558500,LIVELY TECHNICAL CENTER                 ,FL,32304-0000,Public       ,137,600,737,248,1081,1329
00558501,LIVELY TECHNICAL CENTER - AVIATION SCHOO,FL,32304-8723,Public       ,15,49,64,41,105,146
00558600,LINDSEY HOPKINS TECHNICAL ED CENTER     ,FL,33127-4692,Public       ,91,310,401,149,549,698
00559400,D G ERWIN TECHNICAL CENTER              ,FL,33610-8255,Public       ,244,753,997,428,1430,1858
00560500,PINELLAS TECH ED CTR-CLEARWATER         ,FL,33760-2194,Public       ,135,553,688,207,979,1186
00560700,SARASOTA COUNTY TECHNICAL INSTITUTE     ,FL,34233-0000,Public       ,90,307,397,176,576,752
00560800,TRAVISS TECHNICAL CENTER                ,FL,33803-0000,Public       ,121,463,584,198,800,998
00561200,MANATEE TECHNICAL INSTITUTE             ,FL,34210-0000,Public       ,144,519,663,256,853,1109
00561201,MANATEE TECHNICAL INSTITUTE-EAST        ,FL,34211-0000,Public       ,99,320,419,162,592,754
00675000,VALENCIA COMMUNITY COLLEGE              ,FL,32802-3028,Public       ,9246,8877,18123,18203,17439,35642
00752500,SUWANNEE-HAMILTON AREA VOC TECH CTR     ,FL,32060-0000,Public       ,36,127,163,48,191,239
00752600,WASHINGTON HOLMES TECHNICAL CENTER      ,FL,32428-1699,Public       ,65,240,305,83,316,399
00755800,LEE COUNTY HIGH TECH CENTER CENTRAL     ,FL,33916-2299,Public       ,172,475,647,253,810,1063
00758600,REMINGTON COLLEGE - TAMPA CAMPUS        ,FL,33612-8410,Proprietary  ,61,311,372,123,482,605
00758604,REMINGTON COLLEGE-LARGO CAMPUS          ,FL,33771-0000,Proprietary  ,0,0,0,0,1,1
00787000,HILLSBOROUGH COMMUNITY COLLEGE          ,FL,33606-3572,Public       ,5644,7990,13634,10485,14944,25429
00789300,FLAGLER COLLEGE                         ,FL,32085-1027,Private      ,876,226,1102,3100,491,3591
00789301,FLAGLER COLLEGE - TALLAHASSEE COMMUNITY ,FL,32304-2895,Private      ,154,290,444,338,571,909
00807500,ST JOHN VIANNEY COLLEGE SEMINARY        ,FL,33165-3244,Private      ,12,3,15,21,7,28
00814600,EVEREST UNIVERSITY - POMPANO BEACH      ,FL,33062-2522,Proprietary  ,191,1551,1742,250,2052,2302
00822300,ST VINCENT DE PAUL REGIONL SEMINARY     ,FL,33436-0000,Private      ,1,2,3,2,5,7
00841700,STENOTYPE INST OF JACKSONVILLE          ,FL,32207-0000,Proprietary  ,17,172,189,20,210,230
00869410,RASMUSSEN COLLEGE - OCALA               ,FL,34471-7051,Proprietary  ,296,2291,2587,494,4122,4616
00869411,RASMUSSEN COLLEGE - PASCO COUNTY        ,FL,34690-4554,Proprietary  ,118,411,529,183,872,1055
00869413,RASMUSSEN COLLEGE - FORT MYERS          ,FL,33905-7805,Proprietary  ,109,379,488,197,718,915
00884800,WARNER SOUTHERN COLLEGE                 ,FL,33859-8725,Private      ,240,289,529,482,495,977
00884900,PALM BEACH ATLANTIC UNIVERSITY          ,FL,33401-6505,Private      ,927,902,1829,2491,1829,4320
00887800,MIAMI INTERNATIONAL UNIV ART&DESIGN     ,FL,33132-1418,Proprietary  ,1321,1167,2488,2676,2143,4819
00910400,RIVERSIDE HAIRSTYLING ACADEMY           ,FL,32207-3810,Proprietary  ,13,31,44,21,70,91
00963500,FLORIDA INTERNATIONAL UNIVERSITY        ,FL,33199-0001,Public       ,7027,7693,14720,24502,21889,46391
00984100,UNIVERSITY OF NORTH FLORIDA             ,FL,32224-2645,Public       ,3501,2984,6485,11199,6639,17838
00990200,SHERIDAN TECHNICAL CENTER               ,FL,33021-3399,Public       ,185,640,825,312,1093,1405
01016100,"LORAINE'S ACADEMY, INC                  ",FL,33710-0000,Proprietary  ,12,99,111,18,127,145
01019500,ART INSTITUTE OF FT LAUDERDALE          ,FL,33316-3000,Proprietary  ,1057,1167,2224,1916,1901,3817
01065200,PASCO-HERNANDO COMMUNITY CLG            ,FL,34654-5199,Public       ,1790,2852,4642,3181,5197,8378
01072401,CARLOS ALBIZU UNIVERSITY                ,FL,33172-0000,Private      ,35,427,462,87,821,908
01082600,TOM P. HANEY TECHNICAL CENTER           ,FL,32405-5099,Public       ,66,313,379,104,539,643
01112700,GOODING INST OF NUR ANES BAY MED CT     ,FL,32401-0000,Public       ,4,41,45,8,88,96
01226300,ATLANTIC TECHNICAL CENTER               ,FL,33063-3902,Public       ,158,574,732,281,926,1207
01254400,FIRST COAST TECHNICAL COLLEGE           ,FL,32084-1921,Public       ,96,306,402,167,658,825
01257400,RINGLING SCHOOL OF ART AND DESIGN       ,FL,34234-5895,Private      ,379,102,481,1793,331,2124
01303904,SOUTH UNIVERSITY - WEST PALM BEACH CAMPU,FL,33409-5149,Proprietary  ,176,712,888,326,1299,1625
01323400,LORENZO WALKER INST OF TECHNOLOGY       ,FL,34104-4405,Public       ,93,327,420,150,498,648
02052002,FLORIDA EDUCATION CENTER - LAUDERHILL   ,FL,33313-5857,Proprietary  ,2,5,7,10,32,42
02089600,CONCORDE CAREER INSTITUTE               ,FL,32211-0000,Proprietary  ,95,565,660,156,998,1154
02089709,HERZING COLLEGE                         ,FL,32792-5509,Proprietary  ,24,113,137,46,205,251
02113609,AMERICAN INTERCONTINENTAL UNIV - WESTON ,FL,33326-3233,Proprietary  ,138,330,468,307,720,1027
02115300,PINELLAS TECHNICAL EDUCATION CENTERS - S,FL,33711-0000,Public       ,114,641,755,201,1124,1325
02116006,SANFORD-BROWN INSTITUTE - FT. LAUDERDALE,FL,33309-1906,Proprietary  ,82,388,470,129,643,772
02121800,EVEREST INSTITUTE                       ,FL,33169-4759,Proprietary  ,148,586,734,239,920,1159
02121801,EVEREST INSTITUTE  - HIALEAH            ,FL,33012-7193,Proprietary  ,127,254,381,176,364,540
02148200,FASHION FOCUS HAIR ACADEMY              ,FL,34231-0000,Proprietary  ,6,34,40,15,51,66
02148300,MANHATTAN BEAUTY SCHOOL                 ,FL,33611-0000,Proprietary  ,30,104,134,50,150,200
02149900,PAUL MITCHELL THE SCHOOL-JACKSONVILLE   ,FL,32205-0000,Proprietary  ,40,84,124,89,171,260
02151900,KEISER  UNIVERSITY                      ,FL,33309-0000,Proprietary  ,1811,6550,8361,2808,10957,13765
02156300,MARGATE SCHOOL OF BEAUTY                ,FL,33063-0000,Proprietary  ,46,198,244,56,246,302
02156700,FLORIDA CHRISTIAN COLLEGE               ,FL,34744-0000,Private      ,109,95,204,217,174,391
02159600,BAPTIST COLLEGE OF FLORIDA (THE)        ,FL,32440-0000,Private      ,125,126,251,247,198,445
02172700,CONCORDE CAREER INSTITUTE               ,FL,33607-0000,Proprietary  ,67,294,361,100,486,586
02188900,HOBE SOUND BIBLE COLLEGE                ,FL,33475-0000,Private      ,27,35,62,52,58,110
02200100,BRADENTON BEAUTY & BARBER ACADEMY       ,FL,34209-0000,Proprietary  ,18,78,96,29,98,127
02215900,ATI CAREER TRAINING CENTER              ,FL,33309-1785,Proprietary  ,106,403,509,151,649,800
02218700,FLORIDA TECHNICAL COLLEGE               ,FL,32826-2707,Proprietary  ,195,1087,1282,308,1453,1761
02218707,FLORIDA TECHNICAL COLLEGE - LAKELAND    ,FL,33813-2101,Proprietary  ,32,214,246,65,390,455
02218709,FLORIDA TECHNICAL COLLEGE - DELAND      ,FL,32720-7415,Proprietary  ,15,86,101,37,145,182
02228300,LAKE TECHNICAL CENTER                   ,FL,32726-0000,Public       ,127,381,508,203,707,910
02245500,FORTIS COLLEGE                          ,FL,32789-4679,Proprietary  ,162,232,394,428,414,842
02257900,INTERNATIONAL ACADEMY                   ,FL,32119-3541,Proprietary  ,16,61,77,27,85,112
02275100,CONCORDE CAREER INSTITUTE               ,FL,33025-0000,Proprietary  ,58,234,292,88,421,509
02278800,SOUTHWEST FLORIDA COLLEGE               ,FL,33907-0000,Proprietary  ,171,756,927,285,1276,1561
02278801,SOUTHWEST FLORIDA COLLEGE - TAMPA       ,FL,33619-1344,Proprietary  ,134,288,422,224,502,726
02278802,SOUTHWEST FLORIDA COLLEGE - INSTITUTUE O,FL,33928-9469,Proprietary  ,4,6,10,12,15,27
02278803,SOUTHWEST FLORIDA COLLEGE - PORT CHARLOT,FL,33953-3100,Proprietary  ,25,169,194,51,306,357
02279600,CORTIVA INSTITUTE - FLORIDA             ,FL,33781-0000,Proprietary  ,22,103,125,29,154,183
02280800,NEW ENGLAND INST TECH-PALM BEACH        ,FL,33407-0000,Proprietary  ,412,1388,1800,522,2017,2539
02283800,BEAUTY SCHOOLS OF AMERICA               ,FL,33012-3322,Proprietary  ,123,417,540,139,451,590
02286500,ITT TECHNICAL INSTITUTE                 ,FL,33634-7515,Proprietary  ,407,1420,1827,561,1733,2294
02287100,LA BELLE BEAUTY SCHOOL                  ,FL,33012-3224,Proprietary  ,3,13,16,7,19,26
02293200,ATI CAREER TRAINING CENTER              ,FL,33309-5916,Proprietary  ,472,1994,2466,553,2678,3231
02293201,ATI CAREER TRAINING CENTER - MIAMI      ,FL,33122-1707,Proprietary  ,16,62,78,43,122,165
02293202,ATI CAREER TAINING CENTER - ATI COLLEGE ,FL,87109-2016,Proprietary  ,18,63,81,40,148,188
02293600,ADVANCED TECHNICAL CENTERS              ,FL,33266-1597,Private      ,4,30,34,16,56,72
02297000,CHARLOTTE TECHNICAL CENTER              ,FL,33948-0000,Public       ,78,191,269,134,400,534
02300900,WITHLACOOCHEE TECHNICAL INSTITUTE       ,FL,34450-0000,Public       ,81,250,331,131,470,601
02305700,FORTIS COLLEGE                          ,FL,33619-1283,Proprietary  ,44,276,320,141,454,595
02305800,FLORIDA CAREER COLLEGE                  ,FL,33012-7028,Proprietary  ,798,2466,3264,1131,4066,5197
02307400,GEORGE STONE AREA VOCATIONAL TECHNICAL  ,FL,32526-0000,Public       ,87,341,428,164,669,833
02314100,SCHILLER INTERNATIONAL UNIVERSITY       ,FL,33770-0000,Proprietary  ,21,63,84,50,110,160
02316200,MIAMI LAKES TECHNICAL EDUCATION CTR     ,FL,33014-0000,Public       ,107,333,440,202,604,806
02321200,ORANGE TECH EDUC CTR- WESTSIDE TECH     ,FL,34787-0000,Public       ,76,217,293,115,406,521
02325100,KEY COLLEGE                             ,FL,33004-3046,Proprietary  ,8,36,44,16,75,91
02326303,MEDVANCE INSTITUTE - WEST PALM          ,FL,33461-2171,Proprietary  ,99,319,418,117,485,602
02326306,MEDVANCE INSTITUTE - MIAMI              ,FL,33173-3431,Proprietary  ,23,147,170,38,203,241
02326800,MERIDIAN CAREER INSTITUTE               ,FL,34240-8478,Proprietary  ,18,102,120,25,133,158
02326801,MERIDIAN CAREER INSTITUTE -             ,FL,33619-1378,Proprietary  ,14,61,75,16,65,81
02326900,SUNSTATE ACADEMY OF HAIR DESIGN         ,FL,33907-1415,Proprietary  ,38,96,134,50,141,191
02329900,FLORIDA INSTITUTE OF ULTRASOUND         ,FL,32514-0000,Proprietary  ,23,86,109,52,188,240
02338400,FT PIERCE BEAUTY ACADEMY                ,FL,34982-0000,Proprietary  ,32,106,138,41,161,202
02341001,FORTIS COLLEGE - DBA FORTIS INSTITUTE   ,FL,32504-7322,Proprietary  ,23,96,119,44,179,223
02346200,WYOTECH                                 ,FL,32174-1010,Proprietary  ,206,361,567,382,551,933
02362100,FULL SAIL UNIVERSITY                    ,FL,32792-0000,Proprietary  ,3139,5064,8203,7455,9333,16788
02499000,ACADEMY OF COSMETOLOGY                  ,FL,32953-3311,Proprietary  ,13,52,65,26,70,96
02501500,"O*TEC, MID-FLORIDA TECH                 ",FL,32809-0000,Public       ,168,421,589,244,713,957
02504600,WINTER PARK TECH                        ,FL,32789-0000,Public       ,51,212,263,80,378,458
02508900,TALMUDIC COLLEGE OF FLORIDA             ,FL,33139-0000,Private      ,10,4,14,17,4,21
02511700,RIDGE TECHNICAL CENTER                  ,FL,33881-0000,Public       ,96,349,445,157,632,789
02513200,ORLANDO TECHNICAL CENTER                ,FL,32801-0000,Public       ,153,526,679,277,980,1257
02515400,CITY COLLEGE                            ,FL,33309-3073,Private      ,224,935,1159,331,1545,1876
02517100,SARASOTA SCHOOL OF MASSAGE THERAPY      ,FL,34243-6130,Proprietary  ,13,41,54,23,83,106
02524000,SUNSTATE ACADEMY OF HAIR DESIGN         ,FL,34624-0000,Proprietary  ,26,52,78,33,62,95
02524200,ROBERT MORGAN EDUCATIONAL CENTER        ,FL,33177-0000,Public       ,121,308,429,218,569,787
02547600,FLORIDA NATIONAL COLLEGE                ,FL,33012-0000,Proprietary  ,422,1242,1664,534,1661,2195
02554200,RADFORD LOCKLIN TECH CENTER             ,FL,32570-0000,Public       ,15,57,72,30,129,159
02573200,LA BELLE BEAUTY ACADEMY                 ,FL,33135-0000,Proprietary  ,18,124,142,25,133,158
02586200,FLORIDA CAREER COLLEGE                  ,FL,33759-3924,Proprietary  ,52,272,324,89,467,556
02586201,FLORIDA CAREER COLLEGE -                ,FL,33569-2553,Proprietary  ,8,20,28,17,42,59
02597100,HERITAGE INSTITUTE                      ,FL,33912-7132,Proprietary  ,141,549,690,200,803,1003
02598200,SOUTHERN CAREER COLLEGE                 ,FL,32211-5123,Proprietary  ,20,134,154,95,317,412
02599800,EVEREST UNIVERSITY                      ,FL,33770-2556,Proprietary  ,87,594,681,120,815,935
02599801,EVEREST UNIVERSITY - TAMPA LAKELAND CAMP,FL,33801-3801,Proprietary  ,107,543,650,159,1012,1171
02599805,EVEREST UNIVERSITY - JACKSONVILLE       ,FL,32256-0000,Proprietary  ,127,760,887,228,1307,1535
02601600,HENRY W BREWSTER TECHNICAL CENTER       ,FL,33602-0000,Public       ,64,232,296,106,445,551
02612700,DARLYNE MCGEE'S ACAD OF COSMETOLOGY     ,FL,32905-2805,Proprietary  ,5,29,34,7,41,48
02616400,SANFORD-BROWN INSTITUTE                 ,FL,32256-3520,Proprietary  ,215,1173,1388,326,2065,2391
02616401,SANFORD-BROWN INSTITUTE - TAMPA         ,FL,33610-8304,Proprietary  ,101,593,694,170,907,1077
03003200,EVEREST INSTITUTE                       ,FL,33186-1410,Proprietary  ,163,404,567,229,566,795
03003201,EVEREST INSTITUTE - FT. LAUDERDALE      ,FL,33304-2522,Proprietary  ,69,288,357,106,456,562
03003600,MCFATTER TECHNICAL CENTER               ,FL,33317-7499,Public       ,147,429,576,250,770,1020
03006801,PENNSYLVANIA CULINARY INSTITUTE - LE COR,FL,33025-3929,Proprietary  ,156,500,656,316,1030,1346
03008600,FLORIDA COLLEGE OF NATURAL HEALTH       ,FL,33064-1342,Proprietary  ,131,562,693,185,774,959
03010608,VIRGINIA COLLEGE - PENSACOLA            ,FL,32501-5650,Proprietary  ,64,480,544,108,852,960
03010612,VIRGINIA COLLEGE - GOLF ACADEMY OF AMERI,FL,32701-0000,Proprietary  ,45,105,150,89,193,282
03010618,VIRGINIA COLLEGE - JACKSONVILLE         ,FL,32207-5167,Proprietary  ,31,173,204,41,263,304
03012300,ASM BEAUTY WORLD ACADEMY                ,FL,33021-0000,Proprietary  ,9,61,70,12,69,81
03018500,BENE'S INTERNATIONAL SCHOOL OF BEAUTY   ,FL,34652-1637,Proprietary  ,24,115,139,34,185,219
03028200,TRINITY COLLEGE OF FLORIDA              ,FL,34655-4401,Private      ,49,52,101,114,81,195
03031400,INTERNATIONAL ACAD OF DESIGN & TECH     ,FL,33634-6313,Proprietary  ,776,2030,2806,1585,3543,5128
03031402,INTERNATIONAL ACADEMY OF DESIGN AND TECH,FL,32809-4613,Proprietary  ,311,374,685,648,800,1448
03031403,IADT - ORLANDO CULINARY ACADEMY         ,FL,32819-0000,Proprietary  ,101,133,234,232,337,569
03035800,HERITAGE INSTITUTE                      ,FL,32216-0948,Proprietary  ,37,171,208,59,274,333
03035900,NATIONAL AVIATION ACADEMY               ,FL,33760-3931,Proprietary  ,109,236,345,164,399,563
03037500,HODGES UNIVERSITY                       ,FL,34119-7932,Private      ,203,1106,1309,359,2075,2434
03054200,FORTIS COLLEGE                          ,FL,33144-2373,Proprietary  ,283,208,491,342,287,629
03071600,COLLEGE OF BUSINESS & TECHNOLOGY        ,FL,33176-0000,Proprietary  ,67,496,563,116,620,736
03071601,COLLEGE OF BUSINESS & TECHNOLOGY -      ,FL,33144-2072,Proprietary  ,19,30,49,46,63,109
03071602,COLLEGE OF BUSINESS & TECHNOLOGY -      ,FL,33012-3436,Proprietary  ,2,15,17,9,26,35
03076402,BRYMAN SCHOOL OF ARIZONA (THE) - ANTHEM ,FL,32803-3509,Proprietary  ,38,113,151,78,220,298
03079800,GEORGE T BAKER AVIATION                 ,FL,33142-5687,Public       ,106,126,232,155,215,370
03079900,CITY COLLEGE                            ,FL,32707-5342,Private      ,33,276,309,46,378,424
03083702,GALEN HEALTH INSTITUTES - FLORIDA CAMPUS,FL,33702-2455,Proprietary  ,0,0,0,23,112,135
03087600,ITT TECHNICAL INSTITUTE                 ,FL,32746-1607,Proprietary  ,403,1226,1629,488,1478,1966
03089200,NOUVELLE INSTITUTE                      ,FL,33125-4141,Proprietary  ,23,191,214,26,195,221
03096300,FORTIS INSTITUTE                        ,FL,33860-0000,Proprietary  ,16,72,88,27,138,165
03099600,MERCY HOSPITAL SCHOOL OF PRACTICAL NSG  ,FL,33133-4237,Private      ,28,79,107,60,170,230
03100800,TAYLOR TECHNICAL INSTITUTE              ,FL,32348-0894,Public       ,27,115,142,36,156,192
03101900,TRINITY BAPTIST COLLEGE                 ,FL,32221-1398,Private      ,93,55,148,157,97,254
03103900,MARION COUNTY COMMUNITY TECH & ADUL     ,FL,34474-3172,Public       ,142,458,600,241,845,1086
03108500,EVERGLADES UNIVERSITY                   ,FL,33431-0000,Private      ,66,549,615,120,874,994
03108600,COM-PU-MED VOCATIONAL CAREERS           ,FL,33012-4861,Proprietary  ,10,97,107,16,102,118
03113400,ACADEMY OF HEALING ARTS                 ,FL,33463-2113,Proprietary  ,6,39,45,13,60,73
03114700,PRAXIS INSTITUTE                        ,FL,33135-2657,Proprietary  ,31,262,293,32,268,300
03115500,FLORIDA HOSPITAL COLG OF HEALTH SCI     ,FL,32803-1237,Private      ,446,1020,1466,961,1953,2914
03123900,KEISER CAREER INSTITUTE                 ,FL,33413-0000,Proprietary  ,189,684,873,309,1109,1418
03125600,MIAMI AD SCHOOL                         ,FL,33139-5203,Proprietary  ,22,135,157,45,273,318
03127900,TECHNICAL EDUCATION CTR OSCEOLA         ,FL,34744-4459,Public       ,113,334,447,172,523,695
03158300,LEE COUNTY HIGH TECH CENTER NORTH       ,FL,33993-2479,Public       ,61,197,258,92,334,426
03171300,UNIVERSITY OF ST. AUGUSTINE FOR HEALTH S,FL,32084-4215,Proprietary  ,13,298,311,30,826,856
03178400,CORAL RIDGE NURSES ASST TRAINING        ,FL,33306-0000,Proprietary  ,5,34,39,9,65,74
03224300,NEW PROFESSIONS TECHNICAL INSTITUTE     ,FL,33134-1640,Proprietary  ,15,159,174,20,180,200
03230300,OKALOOSA APPLIED TECHNOLOGY CENTER      ,FL,32547-1299,Public       ,40,210,250,63,394,457
03238300,FLORIDA COLLEGE OF INTEGRATIVE MED      ,FL,32809-5721,Proprietary  ,21,127,148,41,229,270
03255300,FLORIDA GULF COAST UNIVERSITY           ,FL,33965-6565,Public       ,2431,1527,3958,9115,3677,12792
03256300,YESHIVA GEDOLAH RABBINICAL COLLEGE      ,FL,33139-4708,Private      ,1,1,2,3,2,5
03264300,SOUTH FLORIDA BIBLE COLLEGE AND THEOLOGI,FL,33441-5768,Private      ,0,22,22,6,47,53
03346300,ACAD FOR PRAC NURSING & HEALTH OCCP     ,FL,33417-4574,Private      ,78,336,414,127,464,591
03348400,PROFESSIONAL TRAINING CENTERS           ,FL,33184-0000,Proprietary  ,45,232,277,64,368,432
03373300,BEACON COLLEGE                          ,FL,34748-5224,Private      ,45,24,69,107,46,153
03374300,FLORIDA COASTAL SCHOOL OF LAW           ,FL,32256-0000,Proprietary  ,19,1091,1110,43,2838,2881
03382300,BRADFORD-UNION AREA CAREERTECHNICAL CENT,FL,32091-2434,Public       ,19,74,93,26,151,177
03390300,LINCOLN TECHNICAL INSTITUTE             ,FL,32730-2351,Proprietary  ,52,343,395,85,529,614
03411400,INTERNATIONAL TRAINING CAREERS          ,FL,33155-1462,Private      ,9,94,103,19,114,133
03414500,ACUPUNCTURE AND MASSAGE COLLEGE         ,FL,33176-1509,Proprietary  ,17,126,143,23,166,189
03425400,CENTRAL FLORIDA INSTITUTE               ,FL,34684-4436,Proprietary  ,79,302,381,132,512,644
03429600,ATLANTIC INST OF ORIENTAL MEDICINE      ,FL,33316-0000,Private      ,4,54,58,10,98,108
03429700,EAST WEST COLLG OF NATURAL MEDICINE     ,FL,34236-4959,Proprietary  ,7,64,71,19,113,132
03433400,NEW CONCEPT MASSAGE AND BEAUTY SCHO     ,FL,33135-0000,Proprietary  ,5,23,28,13,36,49
03434300,FORTIS COLLEGE                          ,FL,32073-2999,Proprietary  ,56,203,259,81,285,366
03459400,SAINT PETERSBURG THEOLOGICAL SEMINA     ,FL,33708-3116,Private      ,3,15,18,5,29,34
03480301,MEDVANCE INSTITUTE - FORT LAUDERDALE    ,FL,33313-7261,Proprietary  ,55,306,361,72,392,464
03480302,MEDVANCE INSTITUTE - STUART             ,FL,34994-3000,Proprietary  ,28,293,321,40,391,431
03491400,AMERICAN ADVANCED TECHNICIANS INST      ,FL,33014-4430,Proprietary  ,10,32,42,15,51,66
03549300,ULTIMATE MEDICAL ACADEMY                ,FL,33756-5802,Proprietary  ,239,2473,2712,273,2879,3152
03553300,KEISER CAREER COLLEGE                   ,FL,32216-0000,Proprietary  ,76,349,425,147,671,818
03557300,NORTH FLORIDA COSMETOLOGY INSTITUTE     ,FL,32312-0000,Proprietary  ,26,104,130,62,193,255
03564300,SUPERIOR CAREER INSTITUTE               ,FL,33311-1141,Proprietary  ,25,150,175,29,168,197
03570400,ENGLISH CENTER (THE)                    ,FL,33133-2703,Public       ,9,68,77,15,91,106
03595400,ANGLEY COLLEGE                          ,FL,32720-4257,Proprietary  ,18,116,134,32,191,223
03611400,FLORIDA BARBER ACADEMY                  ,FL,33441-0000,Proprietary  ,7,27,34,9,34,43
03618300,FLORIDA INSTITUTE OF ANIMAL ARTS        ,FL,32792-1740,Proprietary  ,36,86,122,62,119,181
03627400,JACKSONVILLE BEAUTY INSTITUTE           ,FL,32208-1885,Proprietary  ,23,62,85,52,105,157
03627600,FLORIDA EDUCATION INSTITUTE             ,FL,33144-5036,Proprietary  ,26,147,173,46,194,240
03661400,SOUTH FLORIDA INSTITUTE OF TECHNOLO     ,FL,33135-0000,Proprietary  ,18,235,253,34,257,291
03691400,AVE MARIA SCHOOL OF LAW                 ,FL,34119-1376,Private      ,13,309,322,37,916,953
03696400,SABER                                   ,FL,33134-1604,Private      ,10,99,109,22,262,284
03706300,AMERICAN INSTITUTE                      ,FL,33319-5613,Proprietary  ,61,275,336,100,424,524
03757300,ADVANCE SCIENCE INSTITUTE               ,FL,33012-0000,Proprietary  ,3,9,12,9,24,33
03801400,BEAUTY INSTITUTE (THE)                  ,FL,33409-2972,Proprietary  ,12,41,53,19,73,92
03801401,BEAUTY INSTITUTE (THE) - MARGATE        ,FL,33068-5704,Proprietary  ,2,7,9,5,16,21
03816300,ARTISTIC NAILS & BEAUTY ACADEMY         ,FL,33605-5919,Proprietary  ,21,53,74,38,90,128
03823300,FLORIDA ACADEMY OF HEALTH & BEAUTY      ,FL,33311-0000,Proprietary  ,8,25,33,22,38,60
03832300,DADE MEDICAL COLLEGE                    ,FL,33126-5534,Proprietary  ,212,606,818,333,923,1256
03842500,CAMBRIDGE INSTITUTE OF ALLIED HEALTH    ,FL,32750-0000,Proprietary  ,13,100,113,24,138,162
03856300,UNIVERSAL BEAUTY SCHOOL                 ,FL,33174-4406,Proprietary  ,0,1,1,1,2,3
03856500,FLORIDA SCHOOL OF TRADITIONAL MIDWIFERY ,FL,32601-5507,Private      ,4,39,43,8,91,99
03866300,GALIANO CAREER ACADEMY                  ,FL,32701-5039,Proprietary  ,6,31,37,11,59,70
03875300,MCI INSTITUTE OF TECHNOLOGY             ,FL,33409-4937,Proprietary  ,29,100,129,43,145,188
03888300,DRAGON RISES COLLEGE OF ORIENTAL MEDICIN,FL,32601-5089,Proprietary  ,4,27,31,6,53,59
03903500,SOUTHERN TECHNICAL COLLEGE              ,FL,32809-0000,Proprietary  ,65,664,729,104,859,963
03906300,CAREER INSTITUTE OF FLORIDA             ,FL,33773-3434,Proprietary  ,14,162,176,25,226,251
03911300,TOTAL INTERNATIONAL CAREER INSTITUTE    ,FL,33012-0000,Proprietary  ,4,29,33,7,29,36
03939300,WOLFORD COLLEGE                         ,FL,34108-1931,Private      ,3,128,131,12,192,204
03939400,CENTURA INSTITUTE                       ,FL,32807-3566,Proprietary  ,32,245,277,63,420,483
03939600,DAYTONA COLLEGE                         ,FL,32174-8445,Proprietary  ,38,139,177,88,176,264
03941300,AVE MARIA UNIVERSITY                    ,FL,34142-9505,Private      ,242,64,306,662,157,819
03957400,NEW COLLEGE OF FLORIDA                  ,FL,34243-2109,Public       ,185,114,299,1489,286,1775
03985300,COMMERCIAL DIVING ACADEMY               ,FL,32208-0000,Proprietary  ,83,255,338,160,439,599
03986300,AVIATOR COLLEGE OF AERONAUTICAL SCIENCE ,FL,34946-9022,Proprietary  ,27,53,80,51,86,137
04016500,AMERICAN INSTITUTE OF BEAUTY            ,FL,33773-0000,Proprietary  ,29,59,88,39,96,135
04029300,TRENDSETTERS OF FLORIDA SCHOOL OF BEAUTY,FL,32205-0000,Proprietary  ,12,37,49,17,55,72
04058300,HEALTH OPPORTUNITY TECHNICAL CENTER     ,FL,33169-4517,Proprietary  ,12,123,135,26,209,235
04083400,INSTITUTE OF ALLIED MEDICAL PROFESSIONS ,FL,33484-6543,Proprietary  ,18,131,149,31,233,264
04105400,PENSACOLA SCHOOL OF MASSAGE THERAPY & HE,FL,32504-7337,Proprietary  ,22,99,121,32,161,193
04106300,PALM BEACH ACADEMY OF HEALTH & BEAUTY   ,FL,33403-2130,Proprietary  ,16,48,64,23,82,105
04116400,FUTURE-TECH INSTITUTE                   ,FL,33135-4142,Proprietary  ,5,4,9,5,4,9
04116600,TAYLOR COLLEGE                          ,FL,34420-8714,Proprietary  ,20,126,146,29,219,248
04119400,AVEDA INSTITUTE - SAINT PETERSBURG      ,FL,33701-4242,Proprietary  ,185,294,479,266,449,715
04120400,HI-TECH SCHOOL OF COSMETOLOGY           ,FL,33174-0000,Proprietary  ,21,32,53,34,51,85
04126900,ACADEMY OF CAREER TRAINING              ,FL,34741-4644,Proprietary  ,48,127,175,74,215,289
04127400,DIGITAL MEDIA ARTS COLLEGE              ,FL,33431-5919,Proprietary  ,99,91,190,204,161,365
04128400,MANAGEMENT RESOURCES INSTITUTE          ,FL,33126-5473,Proprietary  ,4,241,245,8,273,281
04129300,INTERNATIONAL B NATURALE BEAUTY SCHOOL  ,FL,33311-1152,Proprietary  ,2,8,10,4,14,18
04129900,FLORIDA SCHOOL OF MASSAGE               ,FL,32608-5419,Proprietary  ,31,89,120,60,150,210
04130400,SHEAR EXCELLENCE INTERNATIONAL HAIR ACAD,FL,33614-2783,Private      ,13,47,60,20,61,81
04131900,FASTTRAIN OF MIAMI                      ,FL,33134-1065,Proprietary  ,17,111,128,20,145,165
04132000,FASTTRAIN OF FORT LAUDERDALE            ,FL,33311-1506,Proprietary  ,20,108,128,25,156,181
04132100,FASTTRAIN OF TAMPA                      ,FL,33607-4153,Proprietary  ,12,78,90,19,103,122
04132200,FASTTRAIN OF JACKSONVILLE               ,FL,32256-4849,Proprietary  ,11,104,115,21,142,163
04133500,ACADEMY FOR FIVE ELEMENT ACUPUNCTURE    ,FL,32601-6811,Private      ,2,43,45,6,81,87
04134800,AVEDA INSTITUTE - TALLAHASSEE           ,FL,32304-3186,Proprietary  ,43,87,130,88,163,251
04134900,ORANGE PARK BEAUTY ACADEMY              ,FL,32073-5524,Proprietary  ,4,17,21,4,17,21
04135000,COZMO THE SCHOOL                        ,FL,34135-4810,Proprietary  ,7,21,28,8,27,35
04135900,ALLIED HEALTH INSTITUTE                 ,FL,33309-1900,Proprietary  ,14,321,335,41,507,548
04140800,NORTH FLORIDA ACADEMY                   ,FL,32065-7758,Proprietary  ,8,18,26,17,44,61
04143100,PROFESSIONAL HANDS INSTITUTE            ,FL,33135-1939,Proprietary  ,8,82,90,11,91,102
04145900,CELEBRITY SCHOOL OF BEAUTY              ,FL,33144-4153,Proprietary  ,12,24,36,31,44,75
04146200,WALTON CAREER DEVELOPMENT CENTER        ,FL,32433-1557,Public       ,9,53,62,13,91,104
04146300,MARCHMAN TECHNICAL EDUCATION CENTER     ,FL,34653-1211,Public       ,1,6,7,1,6,7
04147800,ROSE TRAINING INSTITUTE                 ,FL,33881-4094,Proprietary  ,4,47,51,7,94,101
04148500,MEDICAL INSTITUTE OF PALM BEACH         ,FL,33460-5042,Proprietary  ,12,36,48,27,56,83
04150800,IMMOKALEE TECHNICAL CENTER              ,FL,34142-3146,Public       ,43,73,116,72,117,189
04151500,AMERICAN ACADEMY OF COSMETOLOGY         ,FL,32065-8026,Proprietary  ,11,50,61,17,62,79
04156300,UNIVERSITY OF FORT LAUDERDALE           ,FL,33313-5809,Private      ,1,19,20,10,43,53
04156400,AVIATION INSTITUTE OF MAINTENANCE       ,FL,32803-6487,Proprietary  ,48,161,209,51,168,219
04157100,DELTA CONNECTION ACADEMY                ,FL,32725-9683,Proprietary  ,0,0,0,22,39,61
04162500,HOLLYWOOD INSTITUTE OF BEAUTY CAREERS   ,FL,33020-4807,Proprietary  ,13,48,61,16,59,75
04163000,SALON PROFESSIONAL ACADEMY (THE)        ,FL,33624-6321,Proprietary  ,27,51,78,36,71,107
04163100,SALON PROFESSIONAL ACADEMY (THE)        ,FL,32607-1672,Proprietary  ,15,44,59,24,56,80
04163200,SALON PROFESSIONAL ACADEMY (THE)        ,FL,32162-9311,Proprietary  ,23,70,93,25,74,99
04164500,EUREKA INSTITUTE OF HEALTH AND BEAUTY   ,FL,33174-4205,Proprietary  ,0,1,1,0,1,1
04167300,SALON PROFESSIONAL ACADEMY (THE)        ,FL,33904-4824,Proprietary  ,3,9,12,3,9,12
00160500,CHAMINADE UNIV OF HONOLULU              ,HI,96816-1578,Private      ,335,599,934,1541,1401,2942
00160600,BRIGHAM YOUNG UNIV-HAWAII CAMPUS        ,HI,96762-1294,Private      ,374,232,606,1182,590,1772
00161000,UNIVERSITY OF HAWAII AT MANOA           ,HI,96822-2399,Public       ,2018,2356,4374,11059,7940,18999
00161100,UNIVERSITY OF HAWAII AT HILO            ,HI,96720-4091,Public       ,661,693,1354,3153,2266,5419
00161200,HONOLULU COMMUNITY COLLEGE              ,HI,96817-4598,Public       ,586,785,1371,1464,1627,3091
00161300,KAPIOLANI COMMUNITY COLLEGE             ,HI,96816-4421,Public       ,1037,1199,2236,2629,2607,5236
00161400,KAUAI COMMUNITY COLLEGE                 ,HI,96766-9591,Public       ,156,256,412,322,480,802
00161500,UNIVERSITY OF HAWAII MAUI COLLEGE       ,HI,96732-1644,Public       ,508,986,1494,1173,2220,3393
00454900,LEEWARD COMMUNITY COLLEGE               ,HI,96782-3393,Public       ,831,945,1776,1866,2020,3886
00525800,HAWAII COMMUNITY COLLEGE                ,HI,96720-4075,Public       ,541,827,1368,1426,1958,3384
00723401,HEALD COLLEGE - HONOLULU                ,HI,96814-0000,Proprietary  ,365,692,1057,687,1287,1974
00727900,HAWAII PACIFIC UNIVERSITY               ,HI,96813-2882,Private      ,679,1023,1702,4262,2896,7158
01122000,WINDWARD COMMUNITY COLLEGE              ,HI,96744-0000,Public       ,282,443,725,704,1028,1732
02100300,MED-ASSIST SCHOOL OF HAWAII             ,HI,96813-0000,Proprietary  ,24,125,149,55,165,220
02107800,UNIVERSITY OF HAWAII - WEST OAHU        ,HI,96782-0000,Public       ,200,424,624,832,1083,1915
02139500,HAWAII INSTITUTE OF HAIR DESIGN         ,HI,96817-5195,Proprietary  ,21,62,83,32,88,120
03017800,TRAVEL INSTITUTE OF THE PACIFIC         ,HI,96814-1946,Proprietary  ,14,39,53,29,58,87
03072500,WORLD MEDICINE INSTITUTE                ,HI,96826-0000,Private      ,5,30,35,25,68,93
03649300,HAWAII TECHNOLOGY INSTITUTE             ,HI,96813-3036,Private      ,11,48,59,34,98,132
03735300,INST OF CLINICAL ACUPUNCTURE & ORIENT MD,HI,96813-2307,Proprietary  ,0,21,21,3,36,39
03999400,TRADITIONAL CHINESE MEDICAL COLLEGE OF H,HI,96743-8324,Private      ,2,20,22,4,39,43
04154100,PACIFIC RIM BIBLE COLLEGE               ,HI,96819-2228,Private      ,9,28,37,38,59,97
00161600,BOISE STATE UNIVERSITY                  ,ID,83725-1000,Public       ,1564,2797,4361,11035,10274,21309
00161700,"COLLEGE OF IDAHO, THE                   ",ID,83605-4432,Private      ,176,77,253,1407,249,1656
00161900,COLLEGE OF SOUTHERN IDAHO               ,ID,83301-0000,Public       ,823,1557,2380,2601,3103,5704
00161908,COLLEGE OF WESTERN IDAHO                ,ID,83687-1515,Public       ,743,1920,2663,2265,3968,6233
00162000,IDAHO STATE UNIVERSITY                  ,ID,83209-5377,Public       ,1318,3290,4608,4394,7097,11491
00162100,LEWIS-CLARK STATE COLLEGE               ,ID,83501-2698,Public       ,275,537,812,2200,1968,4168
00162300,NORTH IDAHO COLLEGE                     ,ID,83814-2199,Public       ,654,1190,1844,2564,3344,5908
00162400,NORTHWEST NAZARENE UNIVERSITY           ,ID,83686-5897,Private      ,200,364,564,1392,854,2246
00162500,BRIGHAM YOUNG UNIVERSITY-IDAHO          ,ID,83460-1650,Private      ,3610,3374,6984,7887,5278,13165
00162600,UNIVERSITY OF IDAHO                     ,ID,83844-4291,Public       ,742,935,1677,8740,4115,12855
00455300,ITT TECHNICAL INSTITUTE                 ,ID,83713-1529,Proprietary  ,220,786,1006,382,1113,1495
00458304,BROWN MACKIE COLLEGE-SOUTH BEND - BROWN ,ID,83709-2746,Proprietary  ,70,412,482,132,681,813
00987300,MR JUAN'S CLG OF HAIR DESIGN            ,ID,83301-4154,Proprietary  ,6,16,22,18,33,51
01113300,EASTERN IDAHO TECHNICAL COLLEGE         ,ID,83404-5788,Public       ,102,412,514,309,1058,1367
02218000,APOLLO COLLEGE                          ,ID,83704-0000,Proprietary  ,86,417,503,213,784,997
02234500,BOISE BIBLE COLLEGE                     ,ID,83714-1220,Private      ,41,51,92,137,84,221
02275800,MR LEONS SCHOOL OF HAIR DESIGN          ,ID,83843-8384,Proprietary  ,7,15,22,15,22,37
02275801,MR. LEON'S SCHOOL OF HAIR DESIGN        ,ID,83501-1910,Proprietary  ,1,9,10,5,18,23
02314000,SCHOOL OF HAIRSTYLING (THE)             ,ID,83202-0000,Proprietary  ,16,35,51,33,61,94
02319800,HEADMASTERS SCHOOL OF HAIR DESIGN       ,ID,83814-0000,Proprietary  ,48,76,124,79,130,209
02349200,HEADMASTERS SCHOOL OF HAIR DESIGN       ,ID,83501-0000,Proprietary  ,9,16,25,19,29,48
02559500,RAZZLE DAZZLE CLG OF HAIR DESIGN        ,ID,83686-5104,Proprietary  ,17,43,60,37,93,130
02607100,SCOT LEWIS SCHOOLS                      ,ID,83709-1662,Proprietary  ,29,78,107,85,136,221
03098700,ACADEMY OF COURT REPORTING              ,ID,83704-8320,Proprietary  ,72,287,359,118,501,619
03832400,COSMETOLOGY SCHOOL OF ARTS & SCIENCES   ,ID,83318-1327,Proprietary  ,2,26,28,12,50,62
04134300,EVANS HAIRSTYLING COLLEGE               ,ID,83440-5277,Proprietary  ,17,19,36,33,36,69
04144500,HAIR ACDMY PAUL MITCHELL PARTNER SCHOOL ,ID,83440-2600,Proprietary  ,32,51,83,60,82,142
04150600,D & L ACADEMY OF HAIR DESIGN            ,ID,83301-6229,Proprietary  ,8,9,17,15,21,36
04155200,OLIVER FINLEY ACADEMY OF COSMETOLOGY    ,ID,83704-8011,Proprietary  ,16,58,74,54,100,154
04163800,MASTER EDUCATORS BEAUTY SCHOOL          ,ID,83301-4118,Proprietary  ,9,20,29,16,44,60
00163200,AQUINAS INSTITUTE OF THEOLOGY           ,MO,63108-3323,Private      ,1,22,23,5,65,70
00244900,AVILA COLLEGE                           ,MO,64145-1698,Private      ,213,432,645,1035,1152,2187
00245000,CALVARY BIBLE COLLEGE                   ,MO,64147-1341,Private      ,37,80,117,125,146,271
00245200,CENTRAL BIBLE COLLEGE                   ,MO,65803-1096,Private      ,205,120,325,466,256,722
00245300,CENTRAL METHODIST UNIVERSITY            ,MO,65248-1198,Private      ,284,272,556,1423,757,2180
00245301,CENTRAL METHODIST UNIVERSITY            ,MO,63601-0000,Private      ,18,68,86,73,177,250
00245302,CENTRAL METHODIST UNIVERSITY- UNION     ,MO,63084-0000,Private      ,11,31,42,41,79,120
00245400,UNIVERSITY OF CENTRAL MISSOURI          ,MO,64093-5178,Public       ,1725,1422,3147,7253,3653,10906
00245500,DEVRY INSTITUTE OF TECHNOLOGY           ,MO,64131-3626,Proprietary  ,56,101,157,181,278,459
00245600,COLUMBIA COLLEGE                        ,MO,65216-4581,Private      ,671,4125,4796,2407,13102,15509
00245700,CONCORDIA SEMINARY                      ,MO,63105-3199,Private      ,2,55,57,5,454,459
00245800,COTTEY COLLEGE                          ,MO,64772-2790,Private      ,46,11,57,317,37,354
00245900,CROWDER COLLEGE                         ,MO,64850-9165,Public       ,728,1099,1827,1815,2120,3935
00246000,CULVER STOCKTON COLLEGE                 ,MO,63435-1299,Private      ,195,41,236,1009,132,1141
00246100,DRURY UNIVERSITY                        ,MO,65802-3791,Private      ,579,1203,1782,2296,3120,5416
00246200,EDEN THEOLOGICAL SEMINARY               ,MO,63119-0000,Private      ,0,51,51,3,91,94
00246300,EVANGEL UNIVERSITY                      ,MO,65802-2125,Private      ,495,271,766,1984,633,2617
00246400,FONTBONNE UNIVERSITY                    ,MO,63105-3098,Private      ,267,891,1158,1113,2112,3225
00246600,HARRIS-STOWE STATE COLLEGE              ,MO,63103-2199,Public       ,511,642,1153,1260,1339,2599
00246700,CONCEPTION SEMINARY COLLEGE             ,MO,64433-0502,Private      ,15,5,20,39,11,50
00246800,JEFFERSON COLLEGE                       ,MO,63050-2441,Public       ,987,1182,2169,2297,2359,4656
00247100,ST LOUIS COMMUNITY COLLEGE              ,MO,63102-0000,Public       ,3466,5968,9434,7514,11075,18589
00247300,KANSAS CITY ART INSTITUTE               ,MO,64111-1874,Private      ,283,114,397,1190,266,1456
00247400,KANSAS CITY UNIV OF MED AND BIOSCIENCES ,MO,64106-0000,Private      ,15,560,575,46,1061,1107
00247600,KENRICK-GLENNON SEMINARY                ,MO,63119-0000,Private      ,0,0,0,1,2,3
00247600,KENRICK-GLENNON SEMINARY                ,MO,63119-4330,Private      ,0,4,4,3,5,8
00247700,A.T. STILL UNIV OF HEALTH SCIENCES      ,MO,63501-0000,Private      ,3,1213,1216,11,2522,2533
00247900,LINCOLN UNIVERSITY                      ,MO,65101-3500,Public       ,628,591,1219,2513,1386,3899
00248000,LINDENWOOD UNIVERSITY                   ,MO,63301-1695,Private      ,1224,2204,3428,5303,5568,10871
00248200,MARYVILLE UNIVERSITY                    ,MO,63141-7299,Private      ,310,668,978,2128,1936,4064
00248400,METROPOLITAN COMMUNITY COLLEGE          ,MO,64111-2408,Public       ,3832,6084,9916,7867,11456,19323
00248500,MIDWESTERN BAPTIST THEOL SEMINARY       ,MO,64118-4697,Private      ,25,107,132,49,174,223
00248600,MINERAL AREA COLLEGE                    ,MO,63601-1000,Public       ,709,928,1637,1637,1865,3502
00248800,MISSOURI SOUTHERN STATE UNIVERSITY      ,MO,64801-1595,Public       ,1061,1279,2340,3427,2954,6381
00248900,MISSOURI VALLEY COLLEGE                 ,MO,65340-3197,Private      ,339,119,458,1492,375,1867
00249000,MISSOURI WESTERN STATE UNIVERSITY       ,MO,64507-2294,Public       ,701,568,1269,4263,2237,6500
00249100,MOBERLY AREA COMMUNITY COLLEGE          ,MO,65270-1304,Public       ,896,1121,2017,2399,2612,5011
00249400,NAZARENE THEOLOGICAL SEMINARY           ,MO,64131-1246,Private      ,2,50,52,3,158,161
00249500,TRUMAN STATE UNIVERSITY                 ,MO,63501-4221,Public       ,832,154,986,5575,534,6109
00249600,NORTHWEST MISSOURI STATE UNIV           ,MO,64468-6001,Public       ,1272,364,1636,6461,1122,7583
00249800,PARK UNIVERSITY                         ,MO,64152-3795,Private      ,439,2341,2780,1109,5207,6316
00249900,ROCKHURST UNIVERSITY                    ,MO,64110-2561,Private      ,256,420,676,1823,1099,2922
00250000,COLLEGE OF THE OZARKS                   ,MO,65726-2502,Private      ,257,58,315,3061,320,3381
00250100,SOUTHEAST MISSOURI STATE UNIV           ,MO,63701-4799,Public       ,1220,1182,2402,7646,3266,10912
00250200,SOUTHWEST BAPTIST UNIVERSITY            ,MO,65613-2597,Private      ,351,450,801,2015,1186,3201
00250300,MISSOURI STATE UNIVERSITY               ,MO,65897-0094,Public       ,3058,2360,5418,12946,5890,18836
00250400,ST LOUIS COLLEGE OF PHARMACY            ,MO,63110-1088,Private      ,116,172,288,787,575,1362
00250600,SAINT LOUIS UNIVERSITY                  ,MO,63103-2097,Private      ,798,2068,2866,8825,6877,15702
00250900,SAINT PAUL SCHOOL OF THEOLOGY           ,MO,64127-2499,Private      ,2,26,28,4,151,155
00251200,STEPHENS COLLEGE                        ,MO,65215-0001,Private      ,123,172,295,948,507,1455
00251400,NORTH CENTRAL MISSOURI COLLEGE          ,MO,64683-1824,Public       ,231,345,576,717,762,1479
00251600,UNIVERSITY OF MISSOURI-COLUMBIA         ,MO,65211-1600,Public       ,3231,1939,5170,22289,7385,29674
00251700,MISSOURI UNIVERSITY OF SCIENCE & TECHNOL,MO,65409-0250,Public       ,637,300,937,4889,1051,5940
00251800,UNIVERSITY OF MISSOURI-KANSAS CITY      ,MO,64110-2497,Public       ,1606,3040,4646,6363,7504,13867
00251900,UNIVERSITY OF MISSOURI-ST LOUIS         ,MO,63121-4499,Public       ,1516,3238,4754,5067,7487,12554
00252000,WASHINGTON UNIVERSITY                   ,MO,63130-4899,Private      ,548,1268,1816,13004,5760,18764
00252001,WASHINGTON UNIV-SCHOOL OF MEDICINE      ,MO,63110-0000,Private      ,13,384,397,75,1308,1383
00252100,WEBSTER UNIVERSITY                      ,MO,63119-3194,Private      ,571,4874,5445,3021,10353,13374
00252200,WENTWORTH MILITARY ACADEMY              ,MO,64067-1799,Private      ,64,75,139,132,159,291
00252300,WESTMINSTER COLLEGE                     ,MO,65251-1299,Private      ,103,27,130,1331,104,1435
00252400,WILLIAM JEWELL COLLEGE                  ,MO,64068-1896,Private      ,183,75,258,1534,245,1779
00252500,WILLIAM WOODS UNIVERSITY                ,MO,65251-2388,Private      ,204,497,701,1017,1026,2043
00405704,NATIONAL AMERICAN UNIVERSITY            ,MO,64057-1791,Proprietary  ,30,241,271,56,457,513
00441300,ST JOHNS HOSP SCH RAD TECH              ,MO,65802-0000,Private      ,16,41,57,65,82,147
00470300,LOGAN COLLEGE OF CHIROPRACTIC           ,MO,63006-1065,Private      ,32,262,294,68,1029,1097
00470700,COVENANT THEOLOGICAL SEMINARY           ,MO,63141-8697,Private      ,1,213,214,5,499,504
00471100,LINN STATE TECHNICAL COLLEGE            ,MO,65051-9607,Public       ,282,131,413,1158,362,1520
00471300,THREE RIVERS COMMUNITY COLLEGE          ,MO,63901-2393,Public       ,588,1016,1604,1454,1940,3394
00528800,KIRKSVILLE AREA TECHNICAL CENTER        ,MO,63501-0000,Public       ,15,33,48,31,62,93
00528900,WAYNESVILLE CAREER CENTER               ,MO,65583-2131,Public       ,30,46,76,56,92,148
00542400,SOUTH CENTRAL CAREER CENTER             ,MO,65775-3334,Public       ,19,46,65,36,88,124
00542600,SIKESTON CAREER AND TECHNOLOGY CTR      ,MO,63801-0000,Public       ,18,60,78,55,123,178
00542900,ROLLA TECHNICAL INSTITUTE               ,MO,65401-3601,Public       ,73,95,168,259,244,503
00543000,POPLAR BLUFF TECHNICAL CAREER CNTR      ,MO,63901-0000,Public       ,20,47,67,46,110,156
00543800,SALINE COUNTY CAREER CENTER             ,MO,65340-0000,Public       ,5,16,21,15,61,76
00544500,TRUMAN MEDICAL CENTER SCHOOL OF NURSE AN,MO,64108-2677,Private      ,20,73,93,57,156,213
00553100,GRAND RIVER TECHNICAL SCHOOL            ,MO,64601-1299,Public       ,28,16,44,84,36,120
00553200,CAPE GIRARDEAU CAREER & TECHNOLOGY CENTE,MO,63703-7511,Public       ,44,148,192,119,324,443
00638500,CHAMBERLAIN COLLEGE OF NURSING          ,MO,63146-0000,Proprietary  ,531,4634,5165,1055,7020,8075
00638900,BARNES JEWISH COLLEGE OF NURSING AND ALL,MO,63110-1091,Private      ,106,315,421,313,721,1034
00639200,RESEARCH COLLEGE OF NURSING             ,MO,64132-1199,Proprietary  ,32,118,150,110,273,383
00639201,RESEARCH MEDICAL CENTER - COLLEGE OF NUR,MO,64132-1199,Proprietary  ,6,21,27,16,56,72
00639202,RESEARCH MED CTR SCHL OF RAD TECH       ,MO,64132-0000,Proprietary  ,8,14,22,17,47,64
00666600,LUTHERAN  SCHOOL OF NURSING             ,MO,63118-3909,Proprietary  ,38,166,204,94,324,418
00754000,MISSOURI BAPTIST UNIVERSITY             ,MO,63141-8698,Private      ,318,631,949,1437,1663,3100
00755700,ITT TECHNICAL INSTITUTE                 ,MO,63045-1122,Proprietary  ,516,1699,2215,679,1945,2624
00808000,STATE FAIR COMMUNITY COLLEGE            ,MO,65301-0000,Public       ,683,1080,1763,1784,2181,3965
00826900,HILLYARD TECHNICAL CENTER               ,MO,64506-0000,Public       ,32,74,106,101,205,306
00855200,PATRICIA STEVENS COLLEGE                ,MO,63102-2334,Proprietary  ,38,80,118,60,115,175
00860600,TRI-COUNTY TECHNICAL SCHOOL             ,MO,65026-0000,Public       ,2,23,25,12,53,65
00886200,EAST CENTRAL COLLEGE                    ,MO,63084-0529,Public       ,454,655,1109,1737,1738,3475
00908900,HANNIBAL-LAGRANGE COLLEGE               ,MO,63401-1999,Private      ,198,186,384,730,401,1131
00952000,NATIONAL ACADEMY OF BEAUTY ARTS         ,MO,63128-1307,Proprietary  ,62,141,203,103,243,346
00959000,INDEPENDENCE COLLEGE OF COSMETOLOGY     ,MO,64055-1105,Proprietary  ,10,23,33,26,47,73
00960700,HOUSE OF HEAVILIN BEAUTY COLLEGE        ,MO,64110-2826,Proprietary  ,10,50,60,23,91,114
00978200,SAINT LUKE'S COLLEGE                    ,MO,64114-3237,Private      ,21,73,94,78,215,293
00979500,MISSOURI COLLEGE                        ,MO,63144-2901,Proprietary  ,176,571,747,280,874,1154
01014814,COLORADO TECHNL UNIV NORTH KANSAS CITY  ,MO,64116-3614,Proprietary  ,79,388,467,190,1122,1312
01027900,HICKEY COLLEGE                          ,MO,63146-0000,Proprietary  ,177,103,280,324,195,519
01040500,PINNACLE CAREER INSTITUTE               ,MO,64131-3367,Proprietary  ,115,957,1072,165,1411,1576
01040501,PINNACLE CAREER INSTITUTE - NORTH KANSAS,MO,64153-1151,Proprietary  ,25,199,224,30,267,297
01050303,WICHITA TECHNICAL INSTITUTE - WTI JOPLIN,MO,64801-2970,Proprietary  ,21,127,148,30,220,250
01102600,WARRENSBURG AREA VOC TECH SCH           ,MO,64093-0000,Public       ,7,17,24,28,62,90
01173500,PIKE/LINCOLN TECHNICAL CENTER           ,MO,63344-0000,Public       ,16,31,47,45,86,131
01212000,ASSEMBLIES OF GOD THEO. SEMINARY        ,MO,65802-0000,Private      ,3,94,97,14,181,195
01250000,RANKEN TECHNICAL COLLEGE                ,MO,63113-2811,Private      ,553,634,1187,1221,1135,2356
01258000,ST LOUIS CHRISTIAN COLLEGE              ,MO,63033-6499,Private      ,63,108,171,139,172,311
01320800,BAPTIST BIBLE COLLEGE                   ,MO,65803-3498,Private      ,103,66,169,246,132,378
02056100,FOUR RIVERS CAREER CENTER               ,MO,63090-0000,Public       ,5,29,34,15,52,67
02066900,NICHOLS CAREER CENTER                   ,MO,65101-2814,Public       ,25,39,64,83,125,208
02068200,COX HEALTH - COX COLLEGE                ,MO,65802-0000,Private      ,68,285,353,213,656,869
02068202,COX HEALTH - RADIOLOGIC TECHNOLOGY      ,MO,65802-0000,Private      ,13,50,63,50,100,150
02068204,COX HEALTH - MEDICAL TECHNOLOGY         ,MO,65807-0000,Private      ,13,40,53,45,80,125
02073600,KENNETT CAREER & TECHNOLOGY CENTER      ,MO,63857-0000,Public       ,7,33,40,11,66,77
02090400,BOONSLICK TECHNICAL EDUCATION CTR       ,MO,65233-0000,Public       ,4,31,35,18,63,81
02121100,MIDWEST INSTITUTE                       ,MO,63122-0000,Proprietary  ,30,106,136,43,144,187
02124500,FRANKLIN TECHNOLOGY CENTER              ,MO,64801-0000,Public       ,45,162,207,84,301,385
02142200,LEX LA RAY TECHNICAL CENTER             ,MO,64067-0000,Public       ,7,25,32,23,79,102
02151000,HANNIBAL CAREER AND TECHNICAL CENTE     ,MO,63401-2285,Public       ,10,31,41,32,89,121
02164200,FOREST INST PROFESSIONAL PSYCHOLOGY     ,MO,65807-0000,Private      ,3,139,142,17,317,334
02165900,CHILLICOTHE BEAUTY ACADEMY              ,MO,64601-0000,Proprietary  ,4,16,20,10,25,35
02180200,METRO BUSINESS COLLEGE                  ,MO,63701-0000,Proprietary  ,52,377,429,105,661,766
02188100,NORTHLAND CAREER CENTER                 ,MO,64079-8333,Public       ,10,45,55,21,92,113
02202700,OZARK CHRISTIAN COLLEGE                 ,MO,64801-0000,Private      ,165,72,237,464,138,602
02203400,NEVADA REGIONAL TECHNICAL CENTER        ,MO,64772-0000,Public       ,11,30,41,27,55,82
02205200,SANFORD-BROWN COLLEGE                   ,MO,63026-7305,Proprietary  ,131,633,764,196,1147,1343
02205203,SANFORD BROWN COLLEGE-ST. PETERS        ,MO,63301-4042,Proprietary  ,89,447,536,148,865,1013
02214500,SALEM COLLEGE OF HAIRSTYLING            ,MO,65401-0000,Proprietary  ,1,7,8,8,13,21
02239200,ANTHEM COLLEGE                          ,MO,63043-0000,Proprietary  ,174,469,643,289,809,1098
02239202,ANTHEM COLLEGE - METRO SOUTH            ,MO,63026-0000,Proprietary  ,17,38,55,40,94,134
02250600,EVEREST COLLEGE                         ,MO,65807-2446,Proprietary  ,55,401,456,88,512,600
02263106,ANTHEM COLLEGE - ANTHEM COLLEGE - KANSAS,MO,64114-3232,Proprietary  ,5,35,40,20,73,93
02263400,LAKE CAREER AND TECHNICAL CENTER        ,MO,65020-0000,Public       ,3,11,14,7,32,39
02266400,CENTRAL CHRISTIAN CLG OF THE BIBLE      ,MO,65270-0000,Private      ,101,70,171,189,112,301
02277500,HOUSE OF HEAVILIN OF BLUE SPRINGS       ,MO,64014-3953,Proprietary  ,29,51,80,41,80,121
02289200,COLUMBIA AREA CAREER CENTER             ,MO,65203-0000,Public       ,19,80,99,62,214,276
02295700,MISSOURI BEAUTY ACADEMY                 ,MO,63640-1827,Proprietary  ,23,56,79,34,91,125
02300105,EVEREST COLLEGE - EARTH CITY            ,MO,63045-1100,Proprietary  ,71,396,467,141,764,905
02304000,MISSOURI TECH                           ,MO,63303-3887,Proprietary  ,29,93,122,65,158,223
02309100,AMERICAN COLLEGE OF HAIR DESIGN         ,MO,65301-2144,Proprietary  ,11,23,34,25,40,65
02313000,CASS CAREER CENTER                      ,MO,64701-0000,Public       ,7,25,32,22,70,92
02340500,ST LOUIS COLLEGE OF HEALTH CAREERS      ,MO,63110-0000,Proprietary  ,65,312,377,120,535,655
02340501,ST LOUIS COLLEGE OF HEALTH              ,MO,63129-0000,Proprietary  ,9,41,50,31,97,128
02342100,CAREER & TECHNOLOGY CTR AT FT OSAGE     ,MO,64058-0000,Public       ,3,14,17,9,38,47
02361600,CONCORDE CAREER COLLEGE                 ,MO,64111-0000,Proprietary  ,82,405,487,136,720,856
02497500,CLINTON TECHNICAL SCHOOL                ,MO,64735-2966,Public       ,4,14,18,13,45,58
02520800,MERRELL UNIV OF BTY ARTS & SCIENCES     ,MO,65109-0000,Proprietary  ,26,44,70,55,91,146
02530600,SAINT CHARLES COMMUNITY COLLEGE         ,MO,63376-0975,Public       ,1540,1373,2913,3259,2438,5697
02543800,PARIS II EDUCATIONAL CENTER (THE)       ,MO,64118-0000,Proprietary  ,29,53,82,40,85,125
02555300,PATSY AND ROB'S ACADEMY OF BEAUTY       ,MO,63074-0000,Proprietary  ,18,28,46,27,42,69
02564700,ELAINE STEVEN BEAUTY COLLEGE            ,MO,63136-0000,Proprietary  ,19,63,82,29,90,119
02564701,ELAINE STEVEN BEAUTY COLLEGE - ADVANCE B,MO,63383-2006,Proprietary  ,1,2,3,1,6,7
02564702,ELAINE STEVEN BEAUTY COLLEGE - ADVANCE B,MO,63401-2269,Proprietary  ,1,5,6,6,7,13
02568500,GRABBER SCHOOL OF HAIR DESIGN           ,MO,63011-0000,Proprietary  ,22,50,72,32,71,103
02599700,VATTEROTT COLLEGE                       ,MO,63134-2900,Proprietary  ,178,788,966,243,1251,1494
02599701,VATTEROTT COLLEGE - KANSAS CITY         ,MO,64129-1692,Proprietary  ,88,543,631,140,858,998
02599702,VATTEROTT COLLEGE - SPRINGFIELD LOCATION,MO,65807-5340,Proprietary  ,49,320,369,106,646,752
02599703,VATTEROTT COLLEGE - JOPLIN              ,MO,64801-5033,Proprietary  ,37,174,211,86,559,645
02599705,VATTEROTT COLLEGE - SUNSET HILLS        ,MO,63127-1516,Proprietary  ,54,398,452,94,685,779
02599712,VATTEROTT COLLEGE - O'FALLON            ,MO,63366-2748,Proprietary  ,46,199,245,75,340,415
02608000,NEOSHO BEAUTY COLLEGE                   ,MO,64850-1525,Proprietary  ,6,17,23,14,32,46
02609202,VATTEROTT COLLEGE-ST JOSEPH             ,MO,64501-2911,Proprietary  ,54,127,181,97,310,407
02609203,VATTEROTT COLLEGE - L'ECOLE CULINAIRE   ,MO,63124-1103,Proprietary  ,65,262,327,129,547,676
02611004,HERITAGE COLLEGE-KANSAS CITY            ,MO,64131-4203,Proprietary  ,68,352,420,124,593,717
03042400,LEBANON TECHNOLOGY & CAREER CENTER      ,MO,65536-3296,Public       ,21,46,67,29,87,116
03066300,BRYAN CAREER COLLEGE                    ,MO,65806-2507,Proprietary  ,22,182,204,49,382,431
03068600,SPECIAL SCHOOL DISTRICT OF ST. LOUIS CO.,MO,63127-0000,Public       ,22,200,222,36,388,424
03070200,CENTRAL COLLEGE OF COSMETOLOGY          ,MO,65583-0000,Proprietary  ,5,12,17,10,30,40
03070900,SE MO HOSP CLG NURSING & HEALTH SCI     ,MO,63703-4507,Private      ,31,109,140,133,268,401
03077200,COSMETOLOGY CONCEPTS INSTITUTE          ,MO,65202-1972,Proprietary  ,11,35,46,21,71,92
03083000,OZARKS TECHNICAL COMMUNITY COLLEGE      ,MO,65802-3601,Public       ,2652,3696,6348,5648,7791,13439
03092600,MESSENGER COLLEGE                       ,MO,64804-4909,Private      ,12,27,39,25,46,71
03097600,ST LOUIS HAIR ACADEMY                   ,MO,63107-1737,Proprietary  ,5,16,21,15,40,55
03101000,NEW DIMENSION SCHOOL OF HAIR DESIGN     ,MO,64801-5017,Proprietary  ,5,23,28,12,33,45
03106000,MISSOURI STATE UNIVERSITY - WEST PLAINS ,MO,65775-2715,Public       ,291,441,732,997,972,1969
03110900,HOUSE OF HEAVILIN BEAUTY COLLEGE        ,MO,64030-1154,Proprietary  ,4,13,17,13,30,43
03166300,MOBERLY AREA TECHNICAL CENTER           ,MO,65270-1904,Public       ,19,22,41,43,52,95
03519300,MISSOURI COLLEGE OF COSMETOLOGY NORTH   ,MO,65803-1235,Proprietary  ,35,77,112,56,143,199
03528300,MIDWEST UNIVERSITY                      ,MO,63385-2905,Private      ,3,16,19,10,43,53
03579300,TEXAS COUNTY TECHNICAL INSTITUTE        ,MO,65483-2700,Private      ,14,78,92,29,209,238
03616300,AVIATION INSTITUTE OF MAINTENANCE       ,MO,64129-1811,Proprietary  ,30,135,165,52,323,375
03663400,UNIVERSITY OF COSMETOLOGY               ,MO,63080-1910,Proprietary  ,1,9,10,4,19,23
03878300,PROFESSIONAL MASSAGE TRAINING CENTER    ,MO,65803-2939,Proprietary  ,10,46,56,32,83,115
03916300,ECLIPS SCHOOL OF COSMETOLOGY AND BARBERI,MO,63703-5809,Proprietary  ,6,23,29,15,51,66
03924300,HAIR ACADEMY 110 (THE)                  ,MO,63501-2915,Proprietary  ,8,8,16,15,24,39
03970400,MTTI-WELLSPRING CENTER FOR NATURAL HEALT,MO,64114-3313,Proprietary  ,8,39,47,17,60,77
04037500,ACADEMY OF HAIR DESIGN                  ,MO,65804-2303,Proprietary  ,16,64,80,42,111,153
04118700,AMERICAN COLLEGE OF TECHNOLOGY          ,MO,64506-2006,Proprietary  ,4,61,65,18,101,119
04119100,CITY VISION COLLEGE                     ,MO,64141-3188,Private      ,1,35,36,6,62,68
04127000,PEMISCOT COUNTY SPECIAL SCHOOL DISTRICT ,MO,63851-1666,Public       ,2,14,16,7,52,59
04130600,HEALING ARTS CENTER                     ,MO,63143-2103,Proprietary  ,8,44,52,18,79,97
04133300,TREND SETTERS SCHOOL OF COSMETOLOGY     ,MO,63702-7607,Proprietary  ,14,30,44,31,65,96
04145200,TRANSFORMED BARBER AND COSMETOLOGY ACADE,MO,64137-1207,Proprietary  ,18,90,108,44,161,205
04145700,THE SYSTEM A PAUL MITCHELL PARTNER SCHL ,MO,65807-5969,Proprietary  ,56,50,106,99,120,219
04146100,URSHAN GRADUATE SCHOOL OF THEOLOGY      ,MO,63031-7526,Private      ,3,14,17,7,25,32
00163201,AQUINAS INSTITUTE OF THEOLOGY - MINISTRY,OK,73123-0380,Private      ,0,8,8,0,10,10
00314600,WESTERN OKLAHOMA STATE COLLEGE          ,OK,73521-1397,Public       ,223,400,623,435,662,1097
00314700,BACONE COLLEGE                          ,OK,74403-1597,Private      ,480,332,812,833,588,1421
00314900,SOUTHERN NAZARENE UNIVERSITY            ,OK,73008-2694,Private      ,391,512,903,1038,961,1999
00315000,CAMERON UNIVERSITY                      ,OK,73505-6377,Public       ,805,1302,2107,1747,2465,4212
00315100,OKLAHOMA WESLEYAN UNIVERSITY            ,OK,74006-6299,Private      ,231,347,578,716,704,1420
00315200,UNIV OF CENTRAL OKLAHOMA                ,OK,73034-5209,Public       ,3030,2978,6008,7139,5451,12590
00315300,CONNORS STATE COLLEGE                   ,OK,74469-9700,Public       ,408,567,975,868,1084,1952
00315400,EAST CENTRAL UNIVERSITY                 ,OK,74820-6999,Public       ,860,1206,2066,2136,2202,4338
00315500,EASTERN OKLAHOMA STATE COLLEGE          ,OK,74578-4999,Public       ,326,452,778,681,833,1514
00315600,REDLANDS COMMUNITY COLLEGE              ,OK,73036-5304,Public       ,288,464,752,596,859,1455
00315700,LANGSTON UNIVERSITY                     ,OK,73050-0000,Public       ,717,687,1404,1525,1382,2907
00315800,MURRAY STATE COLLEGE                    ,OK,73460-3137,Public       ,411,761,1172,940,1362,2302
00316000,NORTHEASTERN OKLAHOMA A & M COLLEGE     ,OK,74354-6497,Public       ,554,445,999,1372,914,2286
00316100,NORTHEASTERN STATE UNIVERSITY           ,OK,74464-2399,Public       ,1881,2411,4292,4388,4806,9194
00316200,NORTHERN OKLAHOMA COLLEGE               ,OK,74653-0310,Public       ,689,857,1546,1348,1542,2890
00316300,NORTHWESTERN OKLAHOMA STATE UNIV        ,OK,73717-2799,Public       ,482,390,872,1080,689,1769
00316400,OKLAHOMA BAPTIST UNIVERSITY             ,OK,74801-2590,Private      ,475,120,595,1760,273,2033
00316500,OKLAHOMA CHRISTIAN UNIVERSITY           ,OK,73131-0000,Private      ,709,271,980,1849,517,2366
00316600,OKLAHOMA CITY UNIVERSITY                ,OK,73106-1493,Private      ,633,930,1563,2196,2177,4373
00316700,UNIV OF SCIENCE & ARTS OF OKLAHOMA      ,OK,73018-5322,Public       ,276,161,437,663,331,994
00316800,ROGERS STATE UNIVERSITY                 ,OK,74017-3252,Public       ,930,1118,2048,2035,2217,4252
00317000,OKLAHOMA STATE UNIVERSITY               ,OK,74078-1015,Public       ,4533,2677,7210,12834,5824,18658
00317200,OKLAHOMA STATE UNIVERSITY-OKMULGEE      ,OK,74447-3901,Public       ,671,690,1361,1443,1324,2767
00317400,OKLAHOMA PANHANDLE STATE UNIVERSITY     ,OK,73939-0000,Public       ,246,166,412,648,287,935
00317600,CARL ALBERT STATE COLLEGE               ,OK,74953-5208,Public       ,493,701,1194,1072,1479,2551
00317800,SEMINOLE STATE COLLEGE                  ,OK,74818-1902,Public       ,355,499,854,676,932,1608
00317900,SOUTHEASTERN OKLAHOMA STATE UNIV        ,OK,74701-0609,Public       ,816,868,1684,1943,1638,3581
00318000,SOUTHWESTERN CHRISTIAN UNIVERSITY       ,OK,73008-2335,Private      ,161,137,298,284,217,501
00318100,SOUTHWESTERN OKLAHOMA STATE UNIV        ,OK,73096-3098,Public       ,1047,748,1795,2507,1389,3896
00318101,SOUTHWESTERN OK STATE UNIV AT SAYRE     ,OK,73662-0000,Public       ,49,96,145,120,176,296
00318300,ST GREGORY'S UNIVERSITY                 ,OK,74804-2499,Private      ,110,146,256,274,277,551
00318308,SAINT GREGORY'S UNIVERSITY - IPD TULSA  ,OK,74135-2499,Private      ,16,90,106,32,179,211
00318400,UNIVERSITY OF OKLAHOMA                  ,OK,73019-4078,Public       ,3895,3498,7393,14422,7916,22338
00318401,UNIVERSITY OF OKLAHOMA-HLTH SCI CTR     ,OK,73190-0000,Public       ,214,1346,1560,481,3106,3587
00318500,UNIVERSITY OF TULSA                     ,OK,74104-3189,Private      ,680,670,1350,2732,1669,4401
00398500,ORAL ROBERTS UNIVERSITY                 ,OK,74171-0001,Private      ,779,517,1296,2813,1267,4080
00458305,BROWN MACKIE COLLEGE-SOUTH BEND - BROWN ,OK,74146-5234,Proprietary  ,37,195,232,56,380,436
00531100,TULSA COUNTY AREA VOC TECH SCHOOL       ,OK,74145-0000,Public       ,134,574,708,222,1057,1279
00531200,RED RIVER TECHNOLOGY CENTER             ,OK,73533-2700,Public       ,8,65,73,13,103,116
00533900,METRO TECHNOLOGY CENTERS SCH DIST22     ,OK,73111-0000,Public       ,86,529,615,151,991,1142
00533903,METRO TECHNOLOGY CENTERS SCH DIST22     ,OK,73129-0000,Public       ,41,162,203,73,315,388
00694200,MID-AMERICA CHRISTIAN UNIVERSITY        ,OK,73170-4504,Private      ,186,578,764,355,955,1310
00767800,SPARTAN COLLEGE OF AERONAUTICS AND TECHN,OK,74115-5800,Proprietary  ,468,465,933,835,753,1588
00791100,VIRGILS BEAUTY COLLEGE                  ,OK,74401-6802,Proprietary  ,7,18,25,8,28,36
00834300,AUTRY TECHNOLOGY CENTER                 ,OK,73703-2598,Public       ,36,138,174,67,231,298
00861900,TRI COUNTY TECHNOLOGY CENTER            ,OK,74006-6029,Public       ,59,89,148,92,180,272
00918500,ROSE STATE COLLEGE                      ,OK,73110-2799,Public       ,1082,2051,3133,1990,3675,5665
00920400,KIAMICHI AREA VOC TECH SCHOOL           ,OK,74578-0548,Public       ,118,343,461,189,641,830
00920408,KIAMICHI AREA VOC TECH SCHOOL           ,OK,74953-0000,Public       ,27,59,86,46,132,178
00961800,TULSA WELDING SCHOOL                    ,OK,74104-0000,Proprietary  ,383,511,894,700,742,1442
00964700,"OKLAHOMA STATE UNIV, OKLA CITY          ",OK,73107-6159,Public       ,828,2203,3031,1712,4003,5715
00970800,EVES COLLEGE OF HAIRSTYLING             ,OK,73501-4359,Proprietary  ,9,29,38,14,49,63
00976300,TULSA COMMUNITY COLLEGE                 ,OK,74135-6198,Public       ,3652,4507,8159,6248,8410,14658
00996300,CADDO KIOWA VOC TECH CENTER             ,OK,73038-0000,Public       ,23,109,132,49,197,246
00996400,CENTRAL OKLAHOMA AREA VOC TECH SCH      ,OK,74030-9613,Public       ,29,97,126,50,185,235
00996500,CANADIAN VALLEY TECHNOLOGY CENTER       ,OK,73036-9117,Public       ,24,140,164,40,271,311
00996800,GORDON COOPER TECHNOLOGY CENTER         ,OK,74804-9913,Public       ,41,147,188,84,302,386
01005300,INDIAN CAPITAL TECHNOLGY CENTER #4      ,OK,74403-9907,Public       ,63,259,322,111,516,627
01026600,HILLSDALE FREE WILL BAPTIST COLLEGE     ,OK,73153-0000,Private      ,73,27,100,138,49,187
01034200,SOUTHERN OKLAHOMA TECHNOLOGY CENTER     ,OK,73401-2100,Public       ,32,97,129,60,185,245
01039100,OKLAHOMA CITY COMMUNITY COLLEGE         ,OK,73159-4444,Public       ,1640,3400,5040,3181,6132,9313
01050304,WTI TULSA CAMPUS                        ,OK,74112-3140,Proprietary  ,5,93,98,9,147,156
01071700,GREAT PLAINS TECHNOLOGY CENTER SCHOOL DI,OK,73505-8399,Public       ,56,210,266,95,347,442
01076200,WESTERN OK AREA VOC TECH SCH DIST12     ,OK,73624-1469,Public       ,20,60,80,40,97,137
01120600,PIONEER TECHNOLOGY CENTER               ,OK,74601-1106,Public       ,14,73,87,30,131,161
01128200,OKLAHOMA STATE UNV CLG OSTEOPTHC MD     ,OK,74107-0000,Public       ,33,271,304,64,584,648
01153700,MID-AMERICA TECHNOLOGY CENTER           ,OK,73095-0210,Public       ,16,37,53,20,71,91
01227200,MOORE-NORMAN TECHNOLOGY CENTER          ,OK,73069-8399,Public       ,80,300,380,144,580,724
02052700,NORTHEAST TECHNOLOGY CENTER             ,OK,74361-0487,Public       ,47,192,239,73,372,445
02060800,MERIDIAN TECHNOLOGY CENTER              ,OK,74074-0000,Public       ,47,138,185,89,255,344
02126500,ENID BEAUTY COLLEGE                     ,OK,73701-0000,Proprietary  ,17,22,39,17,27,44
02184400,SAND SPRINGS BEAUTY COLLEGE             ,OK,74063-0000,Proprietary  ,18,76,94,21,99,120
02197300,HOLLYWOOD COSMETOLOGY CENTER            ,OK,73189-0000,Proprietary  ,5,14,19,10,24,34
02222700,FRANCIS TUTTLE TECHNOLOGY CENTER        ,OK,73142-0000,Public       ,123,526,649,215,938,1153
02238500,CENTRAL STATE BEAUTY ACADEMY            ,OK,73162-6007,Proprietary  ,21,91,112,37,138,175
02250900,E OK COUNTY AREA VO-TECH                ,OK,73020-0000,Public       ,17,40,57,24,65,89
02256200,"BROKEN ARROW BEAUTY COLLEGE, INC        ",OK,74012-0000,Proprietary  ,30,97,127,46,142,188
02282100,HIGH PLAINS AREA VOC-TECH               ,OK,73801-0000,Public       ,20,49,69,33,76,109
02306800,PLATT COLLEGE                           ,OK,74145-0000,Proprietary  ,145,921,1066,178,1097,1275
02510300,BEAUTY TECHNICAL COLLEGE                ,OK,74465-0000,Proprietary  ,2,7,9,4,12,16
02531200,WOODWARD BEAUTY COLLEGE                 ,OK,73801-0000,Proprietary  ,4,22,26,5,25,30
02554300,AMERICAN BEAUTY INSTITUTE               ,OK,74501-0000,Proprietary  ,4,15,19,10,34,44
02556500,YUKON BEAUTY COLLEGE                    ,OK,73099-4108,Proprietary  ,4,6,10,4,15,19
02560200,PHILLIPS THEOLOGICAL SEMINARY -         ,OK,74116-5612,Private      ,1,31,32,1,57,58
02581100,CLAREMORE BEAUTY COLLEGE                ,OK,74017-7034,Proprietary  ,2,15,17,3,20,23
02581200,CC'S COSMETOLOGY COLLEGE                ,OK,74129-0000,Proprietary  ,19,125,144,28,156,184
02591101,CAREER POINT INSTITUTE                  ,OK,74146-0000,Proprietary  ,14,60,74,30,120,150
02596501,ATI-CAREER TRAINING CENTER - OKLAHOMA CI,OK,73107-2442,Proprietary  ,9,48,57,15,94,109
02596502,ATI- CAREER TRAINING CENTER - OKLAHOMA C,OK,76101-2740,Proprietary  ,7,47,54,13,97,110
02597400,PONTOTOC TECHNOLOGY CENTER SCHOOL       ,OK,74820-8621,Public       ,33,99,132,60,176,236
02599706,VATTEROTT COLLEGE - TULSA               ,OK,74146-2205,Proprietary  ,33,255,288,45,364,409
02600000,NORTHWEST TECHNOLOG CTR SCH DIST 10     ,OK,73717-9600,Public       ,16,24,40,26,41,67
02600500,WES WATKINS TECHNOLOGY CENTER           ,OK,74883-9660,Public       ,11,93,104,21,123,144
02609205,VATTEROTT COLLEGE - OKLAHOMA CITY       ,OK,73127-2103,Proprietary  ,24,290,314,43,553,596
03008700,SOUTHWEST TECHNOLOGY CENTER             ,OK,73521-1527,Public       ,12,30,42,22,44,66
03024700,STILLWATER BEAUTY ACADEMY               ,OK,74075-3467,Proprietary  ,4,21,25,6,24,30
03030700,OKLAHOMA SCHOOL OF PHOTOGRAPHY          ,OK,73160-3320,Proprietary  ,15,42,57,27,78,105
03030800,AMERICAN BROADCASTING SCHOOL            ,OK,73115-3334,Proprietary  ,19,98,117,31,168,199
03051100,CHISHOLM TRAIL TECHNOLOGY CENTER        ,OK,73764-9720,Public       ,5,27,32,9,40,49
03078500,TECH INST OF COSMETOLOGY ARTS & SCI     ,OK,74120-3610,Proprietary  ,6,30,36,12,50,62
03103800,SOUTHERN SCHOOL OF BEAUTY               ,OK,74701-5008,Proprietary  ,8,19,27,13,31,44
03109800,PONCA CITY BEAUTY COLLEGE               ,OK,74601-4201,Proprietary  ,0,4,4,0,9,9
03109801,BARTLESVILLE BEAUTY COLLEGE             ,OK,74003-2835,Proprietary  ,0,4,4,1,8,9
03115100,HERITAGE COLLEGE                        ,OK,73119-0000,Proprietary  ,87,421,508,144,733,877
03124800,PLATT COLLEGE                           ,OK,73501-3808,Proprietary  ,23,130,153,35,179,214
03126200,GREEN COUNTRY AREA VOC TECH SCHOOL      ,OK,74447-1217,Public       ,11,36,47,20,82,102
03198400,MID-DEL AREA VOCATIONAL & TECH SCH      ,OK,73110-4825,Public       ,16,44,60,21,83,104
03329400,PRYOR BEAUTY COLLEGE                    ,OK,74361-0000,Proprietary  ,2,5,7,3,9,12
03329401,PRYOR BEAUTY COLLEGE - GROVE BEAUTY COLL,OK,74345-0009,Proprietary  ,2,7,9,5,7,12
03329402,PRYOR BEAUTY COLLEGE - NORTH EAST OKLAHO,OK,74338-0000,Proprietary  ,2,4,6,2,5,7
03367400,COMMUNITY CARE COLLEGE                  ,OK,74145-6420,Proprietary  ,206,751,957,281,1125,1406
03396300,OKLAHOMA HEALTH ACADEMY                 ,OK,74105-6220,Proprietary  ,12,61,73,33,117,150
03396400,OKLAHOMA HEALTH ACADEMY                 ,OK,73160-3667,Proprietary  ,26,58,84,32,89,121
03453400,SHAWNEE BEAUTY COLLEGE                  ,OK,74801-7014,Proprietary  ,2,10,12,2,15,17
03676300,FAMILY OF FAITH COLLEGE                 ,OK,74802-1805,Private      ,6,6,12,11,11,22
03831300,INSTITUTE OF HAIR DESIGN                ,OK,74804-0000,Proprietary  ,1,8,9,1,11,12
03928300,CENTRAL STATE MASSAGE ACADEMY           ,OK,73162-6007,Proprietary  ,11,37,48,16,54,70
04027300,4-STATES ACADEMY OF COSMETOLOGY         ,OK,74354-0000,Proprietary  ,3,14,17,7,22,29
04060300,AMERICAN INSTITUTE OF MEDICAL TECHNOLOGY,OK,74146-5201,Proprietary  ,15,82,97,33,150,183
04062300,OKLAHOMA TECHNOLOGY INSTITUTE           ,OK,73114-6318,Proprietary  ,23,69,92,42,118,160
04121300,4-STATES OKMULGEE ACADEMY OF COSMETOLOGY,OK,74447-0000,Proprietary  ,2,6,8,4,11,15
04133600,CUTTER'S EDGE SCHOOL OF COSMETOLOGY     ,OK,74023-2905,Proprietary  ,3,10,13,3,15,18
04144400,ACADEMY OF HAIR DESIGN (THE)            ,OK,73120-6808,Proprietary  ,31,46,77,44,91,135
00163700,BETHANY THEOLOGICAL SEMINARY            ,IN,47374-0000,Private      ,1,32,33,4,53,57
00178400,ANCILLA COLLEGE-FINANCIAL AID OFFC      ,IN,46513-0001,Private      ,36,72,108,486,535,1021
00178500,ANDERSON UNIVERSITY                     ,IN,46012-3495,Private      ,182,183,365,2575,925,3500
00178600,BALL STATE UNIVERSITY                   ,IN,47306-0880,Public       ,888,1086,1974,21130,8721,29851
00178700,BETHEL COLLEGE INC                      ,IN,46545-5591,Private      ,79,169,248,1646,1274,2920
00178800,BUTLER UNIVERSITY                       ,IN,46208-3487,Private      ,299,268,567,6438,1703,8141
00178900,CHRISTIAN THEOLOGICAL SEMINARY          ,IN,46208-0000,Private      ,0,61,61,5,223,228
00179200,DEPAUW UNIVERSITY                       ,IN,46135-0037,Private      ,84,23,107,3234,146,3380
00179300,EARLHAM COLLEGE                         ,IN,47374-4095,Private      ,178,57,235,1541,155,1696
00179301,EARLHAM SCHOOL OF RELIGION              ,IN,47374-0000,Private      ,0,29,29,18,49,67
00179500,UNIVERSITY OF EVANSVILLE                ,IN,47722-0002,Private      ,187,156,343,3935,832,4767
00179800,FRANKLIN COLLEGE OF INDIANA             ,IN,46131-2623,Private      ,54,25,79,1883,213,2096
00179900,GOSHEN COLLEGE                          ,IN,46526-4794,Private      ,110,85,195,1021,399,1420
00180000,GRACE COLLEGE & THEO SEMINARY           ,IN,46590-1224,Private      ,101,56,157,1555,790,2345
00180100,HANOVER COLLEGE                         ,IN,47243-0108,Private      ,74,10,84,2059,93,2152
00180300,HUNTINGTON UNIVERSITY                   ,IN,46750-1299,Private      ,86,70,156,1405,366,1771
00180400,UNIVERSITY OF INDIANAPOLIS              ,IN,46227-3697,Private      ,189,579,768,5786,4030,9816
00180500,INDIANA INSTITUTE OF TECHNOLOGY         ,IN,46803-1297,Private      ,150,417,567,1890,3113,5003
00180700,INDIANA STATE UNIVERSITY                ,IN,47809-2501,Public       ,632,1177,1809,10765,6342,17107
00180800,UNIVERSITY OF SOUTHERN INDIANA          ,IN,47712-3596,Public       ,479,626,1105,8878,3386,12264
00180900,INDIANA UNIVERSITY-BLOOMINGTON          ,IN,47405-1223,Public       ,1647,1929,3576,31199,11428,42627
00181100,INDIANA UNIV-EAST                       ,IN,47374-1289,Public       ,100,308,408,1424,1894,3318
00181300,INDIANA UNIV-PURDUE UNIV INDPLS         ,IN,46202-5145,Public       ,993,3304,4297,16814,19446,36260
00181301,INDIANA UNIVERSITY - PURDUE UNIVERSITY I,IN,47203-1769,Public       ,118,292,410,1610,1739,3349
00181400,INDIANA UNIV KOKOMO                     ,IN,46902-3557,Public       ,93,332,425,1669,2088,3757
00181500,INDIANA UNIV-NORTHWEST                  ,IN,46408-1197,Public       ,268,870,1138,2931,4183,7114
00181600,INDIANA UNIVERSITY - SOUTH BEND         ,IN,46615-0000,Public       ,317,902,1219,4696,5261,9957
00181700,INDIANA UNIVERSITY-SOUTHEAST            ,IN,47150-6405,Public       ,410,762,1172,3938,3491,7429
00182000,MANCHESTER COLLEGE                      ,IN,46962-1276,Private      ,47,13,60,2345,177,2522
00182100,MARIAN UNIVERSITY                       ,IN,46222-1997,Private      ,87,307,394,2041,1933,3974
00182200,INDIANA WESLEYAN UNIVERSITY             ,IN,46953-4974,Private      ,209,3112,3321,4142,10043,14185
00182300,ASSOCIATED MENNONITE BIBLICAL SEM       ,IN,46517-1999,Private      ,1,42,43,5,96,101
00182400,OAKLAND CITY UNIVERSITY                 ,IN,47660-1099,Private      ,36,120,156,572,1970,2542
00182500,PURDUE UNIVERSITY                       ,IN,47907-2050,Public       ,1516,1210,2726,31033,7625,38658
00182600,PURDUE UNIV NORTH CENTRAL CAMPUS        ,IN,46391-9542,Public       ,221,343,564,2613,2661,5274
00182700,PURDUE UNIV CALUMET                     ,IN,46323-2094,Public       ,584,1096,1680,4966,5041,10007
00182800,INDIANA UNIV-PURDUE UNIV FORT WAYNE     ,IN,46805-1499,Public       ,552,1080,1632,9108,7458,16566
00183000,ROSE HULMAN INSTITUTE OF TECHNOLOGY     ,IN,47803-3999,Private      ,170,18,188,2953,132,3085
00183200,UNIVERSITY OF SAINT FRANCIS             ,IN,46808-3994,Private      ,76,228,304,2112,1753,3865
00183300,ST JOSEPH'S COLLEGE                     ,IN,47978-0000,Private      ,57,28,85,1275,153,1428
00183400,CALUMET COLLEGE OF SAINT JOSEPH         ,IN,46394-2195,Private      ,63,143,206,491,704,1195
00183500,SAINT MARY-OF-THE-WOODS COLLEGE         ,IN,47876-0067,Private      ,29,178,207,481,1109,1590
00183600,ST MARY'S COLLEGE                       ,IN,46556-5007,Private      ,52,12,64,1760,82,1842
00183800,TAYLOR UNIVERSITY                       ,IN,46989-1001,Private      ,89,55,144,2451,272,2723
00183900,TRINE UNIVERSITY                        ,IN,46703-1764,Private      ,76,85,161,2571,740,3311
00184000,UNIVERSITY OF NOTRE DAME                ,IN,46556-5602,Private      ,329,455,784,12099,3541,15640
00184200,VALPARAISO UNIVERSITY                   ,IN,46383-6493,Private      ,272,359,631,4227,1905,6132
00184300,VINCENNES UNIVERSITY                    ,IN,47591-1523,Public       ,459,816,1275,6401,3930,10331
00184400,WABASH COLLEGE                          ,IN,47933-0352,Private      ,33,6,39,1318,65,1383
00420300,GOOD SAMARITAN HOSP RADIOGRAPHY PRG     ,IN,47591-0000,Public       ,1,5,6,17,28,45
00457900,INTERNATIONAL BUSINESS COLLEGE          ,IN,46804-0000,Proprietary  ,106,71,177,755,404,1159
00457901,INTERNATIONAL BUSINESS COLLEGE          ,IN,46256-0000,Proprietary  ,68,68,136,618,423,1041
00458300,BROWN MACKIE COLLEGE-SOUTH BEND         ,IN,46635-1776,Proprietary  ,101,576,677,433,1844,2277
00458301,BROWN MACKIE COLLEGE-SOUTH BEND - BROWN ,IN,46805-0000,Proprietary  ,80,573,653,391,2245,2636
00512730,BROWN MACKIE COLLEGE-MERRILLVILLE       ,IN,46410-0000,Proprietary  ,60,416,476,215,1071,1286
00512731,BROWN MACKIE COLLEGE-CINCINNATI - BROWN ,IN,46360-4362,Proprietary  ,24,209,233,125,654,779
00625700,SAINT ELIZABETH SCHOOL OF NURSING       ,IN,47904-2198,Private      ,8,32,40,139,326,465
00726300,HOLY CROSS COLLEGE                      ,IN,46556-0308,Private      ,52,19,71,611,107,718
00727600,SAINT MEINRAD SCHOOL OF THEOLOGY        ,IN,47577-1002,Private      ,0,26,26,1,59,60
00732700,ITT TECHNICAL INSTITUTE                 ,IN,47630-7430,Proprietary  ,511,1763,2274,809,2507,3316
00732900,ITT TECHNICAL INSTITUTE                 ,IN,46268-1119,Proprietary  ,927,5216,6143,1607,7091,8698
00736200,MEDTECH COLLEGE                         ,IN,46250-3970,Proprietary  ,51,349,400,241,1634,1875
00736202,MEDTECH COLLEGE - GREENWOOD             ,IN,46143-6478,Proprietary  ,14,171,185,110,779,889
00736204,MEDTECH COLLEGE - FORT WAYNE            ,IN,46804-2209,Proprietary  ,20,158,178,127,705,832
00793800,LINCOLN COLLEGE OF TECHNOLOGY           ,IN,46202-0000,Proprietary  ,492,421,913,1944,1221,3165
00832900,ITT TECHNICAL INSTITUTE                 ,IN,46825-2393,Proprietary  ,469,1709,2178,993,2659,3652
00842300,IVY TECH COMMUNITY COLLEGE OF INDIANA - ,IN,46601-3892,Public       ,289,1674,1963,2623,8327,10950
00854600,NOT FOR STUDENT USE                     ,IN,46208-4700,Public       ,1,6,7,32,49,81
00854700,IVY TECH COMMUNITY COLLEGE OF INDIANA - ,IN,47802-4898,Public       ,190,893,1083,1956,4701,6657
00951500,J MICHAEL HARROLD BEAUTY ACADEMY        ,IN,47807-3390,Proprietary  ,6,12,18,20,41,61
00961200,"APEX SCHOOL OF BEAUTY CULTURE, INC      ",IN,46016-0000,Proprietary  ,0,13,13,19,43,62
00961300,MERRILLVILLE BEAUTY COLLEGE             ,IN,46410-3401,Proprietary  ,9,18,27,31,57,88
00967300,RUDAE'S SCHOOL OF BEAUTY CULTURE        ,IN,46825-5444,Proprietary  ,28,95,123,87,176,263
00977700,KAPLAN COLLEGE                          ,IN,46278-1736,Proprietary  ,53,383,436,263,1238,1501
00977702,KAPLAN COLLEGE - TEMPORARY FACILITY EXPA,IN,46268-4111,Proprietary  ,7,30,37,25,107,132
00977703,KAPLAN COLLEGE -  SE INDY               ,IN,46227-0000,Proprietary  ,47,315,362,179,807,986
00991700,IVY TECH COMMUNITY COLLEGE OF INDIANA - ,IN,46208-1763,Public       ,1034,4201,5235,9198,19558,28756
00992300,IVY TECH COMMUNITY COLLEGE OF INDIANA - ,IN,47250-1881,Public       ,115,489,604,965,2222,3187
00992400,IVY TECH COMMUNITY COLLEGE OF INDIANA - ,IN,47302-9448,Public       ,326,1398,1724,3532,7981,11513
00992500,IVY TECH COMMUNITY COLLEGE OF INDIANA - ,IN,47710-3398,Public       ,264,1236,1500,1867,4387,6254
00992600,IVY TECH COMMUNITY COLLEGE OF INDIANA- R,IN,46805-1489,Public       ,465,1822,2287,4568,10710,15278
01003700,IVY TECH STATE COLLEGE - REGION 9       ,IN,47374-1220,Public       ,111,921,1032,969,3674,4643
01003800,IVY TECH COMMUNITY COLLEGE OF INDIANA - ,IN,47203-1868,Public       ,179,769,948,1708,3999,5707
01003900,IVY TECH COMMUNITY COLLEGE OF INDIANA - ,IN,47903-6299,Public       ,360,1206,1566,3114,5632,8746
01004000,IVY TECH COMMUNITY COLLEGE OF INDIANA - ,IN,46409-1303,Public       ,369,1696,2065,2734,7524,10258
01004100,IVY TECH STATE COLLEGE - REGION 5       ,IN,46903-1373,Public       ,176,1100,1276,1552,4970,6522
01010900,IVY TECH COMMUNITY COLLEGE OF INDIANA - ,IN,47172-1897,Public       ,176,812,988,1322,3414,4736
01015100,VINCENNES BEAUTY COLLEGE                ,IN,47591-1297,Proprietary  ,6,9,15,55,37,92
01040900,LAFAYETTE BEAUTY ACADEMY                ,IN,47901-1149,Proprietary  ,13,50,63,45,129,174
01061800,MID-AMERICA CLG FUNERAL SERVICE         ,IN,47130-9990,Private      ,10,32,42,47,92,139
01150500,CREATIVE HAIR STYLING ACADEMY           ,IN,46322-1554,Proprietary  ,22,30,52,58,74,132
02084800,RAVENSCROFT BEAUTY COLLEGE              ,IN,46815-0000,Proprietary  ,9,44,53,54,117,171
02087600,CONCORDIA THEOLOGICAL SEMINARY          ,IN,46825-0000,Private      ,0,119,119,5,245,250
02100402,EVEREST INSTITUTE - EVEREST COLLEGE     ,IN,46410-5683,Proprietary  ,60,384,444,183,896,1079
02140800,MARTIN UNIVERSITY                       ,IN,46218-0000,Private      ,24,230,254,179,1194,1373
02158400,HARRISON COLLEGE                        ,IN,46204-2611,Proprietary  ,132,1068,1200,593,3104,3697
02158401,HARRISON COLLEGE - COLUMBUS             ,IN,47203-1843,Proprietary  ,7,72,79,97,381,478
02158402,HARRISON COLLEGE - LAFAYETTE            ,IN,47905-4859,Proprietary  ,24,100,124,113,393,506
02158404,HARRISON COLLEGE - MARION               ,IN,46952-0000,Proprietary  ,1,9,10,26,73,99
02158405,HARRISON COLLEGE - TERRE HAUTE          ,IN,47802-0000,Proprietary  ,15,117,132,79,473,552
02158407,HARRISON COLLEGE - ANDERSON             ,IN,46013-0000,Proprietary  ,9,98,107,105,414,519
02158409,HARRISON COLLEGE - EVANSVILLE           ,IN,47715-3901,Proprietary  ,17,121,138,91,330,421
02158410,HARRISON COLLEGE - EAST                 ,IN,46239-8903,Proprietary  ,32,157,189,191,736,927
02158412,HARRISON COLLEGE - FORT WAYNE           ,IN,46825-0000,Proprietary  ,19,145,164,163,742,905
02158413,HARRISON COLLEGE - NORTHWEST            ,IN,46278-0000,Proprietary  ,22,69,91,217,394,611
02158800,DON ROBERTS BEAUTY SCHOOLS              ,IN,46383-0000,Proprietary  ,1,10,11,23,35,58
02164300,DON ROBERTS SCHOOL OF HAIR DESIGN       ,IN,46375-9999,Proprietary  ,11,47,58,28,80,108
02180108,ROSS MEDICAL EDUCATION CENTER -         ,IN,46530-4479,Proprietary  ,1,20,21,13,60,73
02201800,KAPLAN COLLEGE                          ,IN,46410-0000,Proprietary  ,18,182,200,130,717,847
02201802,KAPLAN COLLEGE - HAMMOND                ,IN,46324-3347,Proprietary  ,41,300,341,148,828,976
02241700,PJ'S COLLEGE OF COSMETOLOGY             ,IN,47129-0000,Proprietary  ,21,84,105,53,149,202
02245505,FORTIS COLLEGE - INDIANAPOLIS CAMPUS    ,IN,46268-0000,Proprietary  ,4,66,70,16,110,126
02302700,J EVERETT LIGHT CAREER CENTER           ,IN,46240-0000,Public       ,6,55,61,65,338,403
02304800,PJ'S COLLEGE OF COSMETOLOGY             ,IN,47374-0000,Proprietary  ,7,36,43,19,84,103
02308900,MASTER'S OF COSMETOLOGY COLLEGE         ,IN,46809-0000,Proprietary  ,16,32,48,76,101,177
02339600,ROGER'S ACADEMY OF HAIR DESIGN          ,IN,47712-0000,Proprietary  ,17,76,93,51,109,160
02345200,EMPIRE BEAUTY SCHOOL                    ,IN,46237-0000,Proprietary  ,33,173,206,93,379,472
02351300,KNOX BEAUTY COLLEGE                     ,IN,46534-0000,Proprietary  ,2,4,6,7,18,25
02490500,HAIR FASHIONS BY KAYE BEAUTY CLG        ,IN,46250-0000,Proprietary  ,5,30,35,40,125,165
02490800,HAIR FASHIONS BY KAYE BEAUTY CLG        ,IN,46060-0000,Proprietary  ,11,73,84,24,119,143
02607000,HAIR ARTS ACADEMY                       ,IN,47404-3581,Proprietary  ,6,35,41,26,77,103
02615800,COLLEGE OF COURT REPORTING              ,IN,46342-5969,Proprietary  ,10,114,124,32,220,252
02616203,BROWN MACKIE COLLEGE-FINDLAY - INDIANAPO,IN,46204-1017,Proprietary  ,64,486,550,365,2075,2440
03009700,HARRISON COLLEGE                        ,IN,47303-6413,Proprietary  ,16,86,102,91,324,415
03009701,HARRISON COLLEGE - MUNCIE - ELKHART     ,IN,46516-9795,Proprietary  ,12,94,106,84,496,580
03084601,THE ART INSTITUTE OF INDIANAPOLIS       ,IN,46268-1170,Proprietary  ,184,280,464,1260,1111,2371
03100600,MARION COMM TUCKER AREA VOC SCHOOL      ,IN,46952-3831,Public       ,2,20,22,40,108,148
03176300,AVIATION INSTITUTE OF MAINTENANCE       ,IN,46241-1445,Proprietary  ,35,137,172,97,335,432
03262300,DAVID DEMUTH INSTITUTE OF COSM          ,IN,47374-4101,Proprietary  ,2,22,24,10,38,48
03456700,CROSSROADS BIBLE COLLEGE                ,IN,46219-4912,Private      ,10,33,43,74,244,318
03521300,IVY TECH COMMUNITY COLLEGE OF INDIANA - ,IN,47404-9772,Public       ,309,848,1157,2882,4504,7386
03538300,ALEXANDRIA SCH OF SCIENTIFIC THERAP     ,IN,46001-0287,Proprietary  ,7,14,21,32,59,91
04038700,IDEAL BEAUTY ACADEMY                    ,IN,47130-4215,Proprietary  ,5,17,22,15,32,47
04100300,SUCCESS SCHOOLS                         ,IN,46410-5310,Proprietary  ,18,42,60,30,97,127
04121000,TECHSKILLS - INDIANAPOLIS               ,IN,46240-4302,Proprietary  ,5,52,57,30,170,200
04130900,HONORS BEAUTY COLLEGE                   ,IN,46256-3317,Proprietary  ,14,80,94,71,174,245
04155900,AVEDA FREDRIC'S INSTITUTE               ,IN,46250-4746,Proprietary  ,36,54,90,117,138,255
04166700,REM SPA INC                             ,IN,46013-3136,Proprietary  ,17,40,57,20,49,69
04172700,SALON PROFESSIONAL ACADEMY (THE)        ,IN,47715-7822,Proprietary  ,4,14,18,4,14,18
00163203,AQUINAS INSTITUTE OF THEOLOGY - MINISTRY,KS,66109-3718,Private      ,1,1,2,5,4,9
00190100,ALLEN COUNTY COMMUNITY COLLEGE          ,KS,66749-1607,Public       ,312,397,709,718,798,1516
00190200,COWLEY COUNTY COMMUNITY COLLEGE & AREA V,KS,67005-2662,Public       ,490,887,1377,1126,1573,2699
00190300,BAKER UNIVERSITY                        ,KS,66006-0065,Private      ,235,789,1024,1367,1493,2860
00190400,BETHANY COLLEGE                         ,KS,67456-1897,Private      ,148,31,179,757,85,842
00190500,BETHEL COLLEGE                          ,KS,67117-0531,Private      ,122,38,160,498,99,597
00190600,BUTLER COUNTY COMMUNITY COLLEGE         ,KS,67042-3280,Public       ,1336,1796,3132,3131,3382,6513
00190700,CENTRAL BAPTIST THEOLOGY SEMINARY       ,KS,66226-3513,Private      ,0,17,17,0,21,21
00190800,CENTRAL CHRISTIAN COLLEGE OF KANSAS     ,KS,67460-5799,Private      ,132,27,159,418,50,468
00190900,CLOUD COUNTY COMMUNITY COLLEGE          ,KS,66901-1002,Public       ,237,323,560,690,638,1328
00191000,COFFEYVILLE COMMUNITY COLLEGE           ,KS,67337-5064,Public       ,368,186,554,801,329,1130
00191100,COLBY COMMUNITY COLLEGE                 ,KS,67701-4099,Public       ,183,127,310,469,246,715
00191300,DODGE CITY COMMUNITY COLLEGE            ,KS,67801-2399,Public       ,209,221,430,485,352,837
00191400,DONNELLY COLLEGE                        ,KS,66102-4298,Private      ,33,190,223,95,327,422
00191500,FORT HAYS STATE UNIVERSITY              ,KS,67601-4099,Public       ,913,1271,2184,3231,3116,6347
00191600,FORT SCOTT COMMUNITY COLLEGE            ,KS,66701-3199,Public       ,459,404,863,1082,711,1793
00191700,BARCLAY COLLEGE                         ,KS,67059-0288,Private      ,48,49,97,132,89,221
00191800,FRIENDS UNIVERSITY                      ,KS,67213-3397,Private      ,243,1025,1268,1190,2078,3268
00191900,GARDEN CITY COMMUNITY COLLEGE           ,KS,67846-6398,Public       ,287,210,497,752,412,1164
00192000,HESSTON COLLEGE                         ,KS,67062-2093,Private      ,86,43,129,419,164,583
00192100,HIGHLAND COMMUNITY COLLEGE              ,KS,66035-4062,Public       ,373,472,845,964,958,1922
00192114,HIGHLAND COMMUNITY COLLEGE - NOTHEAST KA,KS,66002-1513,Public       ,0,0,0,13,30,43
00192300,HUTCHINSON COMMUNITY COLLEGE            ,KS,67501-5894,Public       ,604,848,1452,1741,1551,3292
00192400,INDEPENDENCE COMMUNITY COLLEGE          ,KS,67301-0000,Public       ,165,134,299,345,224,569
00192500,KANSAS CITY KANSAS COMMUNITY CLG        ,KS,66112-9978,Public       ,584,1500,2084,1254,2762,4016
00192502,"KANSAS CITY KS AREA TECH SCHOOL, KS     ",KS,66104-0000,Public       ,38,106,144,76,200,276
00192600,PITTSBURG STATE UNIVERSITY              ,KS,66762-7500,Public       ,1172,979,2151,3910,1929,5839
00192700,EMPORIA STATE UNIVERSITY                ,KS,66801-5087,Public       ,872,939,1811,2942,2170,5112
00192800,KANSAS STATE UNIVERSITY                 ,KS,66506-1104,Public       ,2889,1713,4602,13401,4932,18333
00192900,KANSAS WESLEYAN UNIVERSITY              ,KS,67401-6196,Private      ,188,96,284,967,294,1261
00193000,LABETTE COMMUNITY COLLEGE               ,KS,67357-4299,Public       ,184,337,521,424,561,985
00193100,MANHATTAN CHRISTIAN COLLEGE             ,KS,66502-4081,Private      ,88,35,123,299,88,387
00193300,MCPHERSON COLLEGE                       ,KS,67460-3899,Private      ,109,60,169,765,158,923
00193600,NEOSHO COUNTY COMMUNITY COLLEGE         ,KS,66720-2699,Public       ,217,358,575,527,683,1210
00193700,OTTAWA UNIVERSITY                       ,KS,66067-3399,Private      ,219,1021,1240,806,1610,2416
00193800,PRATT COMMUNITY COLLEGE                 ,KS,67124-8432,Public       ,199,238,437,461,436,897
00193900,NEWMAN UNIVERSITY                       ,KS,67213-2084,Private      ,257,483,740,1144,1197,2341
00194000,SOUTHWESTERN COLLEGE                    ,KS,67156-2499,Private      ,170,450,620,732,896,1628
00194300,UNIVERSITY OF ST MARY                   ,KS,66048-5023,Private      ,139,158,297,626,408,1034
00194500,STERLING COLLEGE                        ,KS,67579-1533,Private      ,200,73,273,797,137,934
00194600,TABOR COLLEGE                           ,KS,67063-1799,Private      ,150,52,202,694,116,810
00194800,UNIVERSITY OF KANSAS                    ,KS,66045-7535,Public       ,2710,2195,4905,14311,8846,23157
00194900,WASHBURN UNIVERSITY                     ,KS,66621-1110,Public       ,619,1065,1684,2956,3576,6532
00194901,WAHBURN UNIVERSITY - TOPEKA - WASHBURN I,KS,66604-2199,Public       ,109,299,408,179,439,618
00195000,WICHITA STATE UNIVERSITY                ,KS,67208-0001,Public       ,1528,2470,3998,5680,6216,11896
00460800,BARTON COUNTY COMMUNITY COLLEGE         ,KS,67530-9283,Public       ,262,507,769,668,1008,1676
00526400,FLINT HILLS TECHNICAL COLLEGE           ,KS,66801-5999,Public       ,88,173,261,183,312,495
00526500,NORTH CENTRAL KANSAS TECH COLG          ,KS,67420-0000,Public       ,123,105,228,316,216,532
00526700,NORTHWEST KANSAS TECHNICAL SCHOOL       ,KS,67735-3441,Public       ,98,61,159,194,109,303
00549800,WICHITA AREA TECHNICAL COLLEGE          ,KS,67211-2099,Public       ,163,905,1068,305,1549,1854
00549900,SALINA AREA TECHNICAL COLLEGE           ,KS,67401-8195,Public       ,60,102,162,147,179,326
00550000,MANHATTAN AREA TECHNICAL COLLEGE        ,KS,66503-2499,Public       ,115,237,352,291,445,736
00675500,BROWN MACKIE COLLEGE (THE)              ,KS,67401-7307,Proprietary  ,138,657,795,222,1072,1294
00703200,MID AMERICA NAZARENE UNIVERSITY         ,KS,66062-1899,Private      ,153,342,495,939,729,1668
00822800,SEWARD CO COMM CO/AREA TECHNICAL SCHOOL ,KS,67905-0000,Public       ,158,179,337,324,290,614
00824400,JOHNSON COUNTY COMMUNITY COLLEGE        ,KS,66210-1299,Public       ,1769,2658,4427,4551,5305,9856
00833200,B-STREET DESIGN SCHOOL OF INTERNATIONAL ,KS,66502-6082,Proprietary  ,17,50,67,28,76,104
00868200,ACADEMY OF HAIR DESIGN                  ,KS,67401-2803,Proprietary  ,2,42,44,8,55,63
01025600,BENEDICTINE COLLEGE                     ,KS,66002-1499,Private      ,323,46,369,1925,127,2052
01043800,HASKELL INDIAN NATIONS UNIVERSITY       ,KS,66046-4800,Public       ,396,301,697,748,519,1267
01050300,WICHITA TECHNICAL INSTITUTE             ,KS,67213-1927,Proprietary  ,58,443,501,107,783,890
01050302,WICHITA TECHNICAL INSTITUTE - WTI TOPEKA,KS,66609-1217,Proprietary  ,19,117,136,36,210,246
01050305,WICHITA TECHNICAL INSTITUTE - EAST CAMPU,KS,67208-4243,Proprietary  ,17,190,207,37,320,357
02090700,CLEVELAND CHIROPRACTIC COLLEGE          ,KS,66210-1613,Private      ,18,200,218,48,388,436
02134800,OLD TOWN BARBER AND BEAUTY COLLEGE      ,KS,67211-0000,Proprietary  ,19,50,69,26,64,90
02196400,CAPITOL CITY HAIR DESIGN COLLEGE        ,KS,66102-0000,Proprietary  ,11,86,97,14,94,108
02257700,HAYS ACADEMY OF HAIR DESIGN             ,KS,67601-0000,Proprietary  ,16,22,38,26,35,61
02303500,AMERICAN INSTITUTE OF BAKING            ,KS,66502-0000,Private      ,7,9,16,11,15,26
02340700,LABARON HAIRDRESSING ACADEMY            ,KS,66204-0000,Proprietary  ,5,15,20,10,31,41
02590900,WRIGHT CAREER COLLEGE                   ,KS,66212-0000,Private      ,122,802,924,178,1360,1538
02599709,VATTEROTT COLLEGE - WICHITA             ,KS,67226-1304,Proprietary  ,41,355,396,59,543,602
02603100,XENON INTERNATIONAL ACADEMY             ,KS,67203-5428,Proprietary  ,50,81,131,81,131,212
02606300,PAUL MITCHELL THE SCHOOL WICHITA        ,KS,67226-2803,Proprietary  ,20,33,53,35,57,92
02611005,HERITAGE COLLEGE - WICHITA              ,KS,67210-1879,Proprietary  ,73,363,436,127,614,741
02613000,PINNACLE CAREER INSTITUTE               ,KS,66046-2703,Proprietary  ,32,179,211,50,249,299
03031300,XENON INTERNATIONAL ACADEMY IV          ,KS,66061-3765,Proprietary  ,13,33,46,24,53,77
03066200,BRYAN COLLEGE                           ,KS,66604-2496,Proprietary  ,11,65,76,23,210,233
03450300,B-STREET DESIGN SCHOOL OF INTERNATIONAL ,KS,66611-2373,Proprietary  ,16,56,72,28,79,107
03450301,B-STREET DESIGN SCHOOL OF INTERNATIONAL ,KS,67207-5148,Proprietary  ,3,39,42,11,64,75
03450302,B-STREET DESIGN SCHOOL OF INTERNATIONAL ,KS,66212-5451,Proprietary  ,18,62,80,26,80,106
03529300,SIDNEY'S HAIRDRESSING COLLEGE           ,KS,67501-7094,Proprietary  ,18,16,34,31,37,68
04132900,Z HAIR ACADEMY                          ,KS,66046-4040,Proprietary  ,12,10,22,22,23,45
04162700,ERIC FISHER ACADEMY                     ,KS,67212-3376,Proprietary  ,31,56,87,71,101,172
00203300,UNIVERSITY OF MAINE-PRESQUE ISLE        ,ME,04769-2888,Public       ,156,169,325,733,435,1168
00203500,BANGOR THEOLOGICAL SEMINARY             ,ME,04402-0411,Private      ,0,25,25,1,70,71
00203600,BATES COLLEGE                           ,ME,04240-6028,Private      ,298,20,318,2593,82,2675
00203800,BOWDOIN COLLEGE                         ,ME,04011-8451,Private      ,322,15,337,3464,65,3529
00203900,COLBY COLLEGE                           ,ME,04901-8841,Private      ,137,10,147,2564,63,2627
00204000,UNIVERSITY OF MAINE-FARMINGTON          ,ME,04938-1990,Public       ,216,112,328,2640,441,3081
00204100,UNIVERSITY OF MAINE-FORT KENT           ,ME,04743-1292,Public       ,94,86,180,582,288,870
00204300,HUSSON UNIVERSITY                       ,ME,04401-2999,Private      ,492,353,845,2372,1130,3502
00204400,MAINE MARITIME ACADEMY                  ,ME,04420-0001,Public       ,197,37,234,1023,155,1178
00205000,UNIVERSITY OF NEW ENGLAND               ,ME,04005-9599,Private      ,457,1169,1626,3706,2789,6495
00205100,SAINT JOSEPH'S COLLEGE                  ,ME,04084-5263,Private      ,188,237,425,1657,493,2150
00205200,THOMAS COLLEGE                          ,ME,04901-5097,Private      ,216,69,285,956,189,1145
00205300,UNIVERSITY OF MAINE                     ,ME,04469-0001,Public       ,1005,688,1693,10275,2885,13160
00205400,UNIVERSITY OF SOUTHERN MAINE            ,ME,04104-0000,Public       ,845,1056,1901,6275,4590,10865
00205500,UNIVERSITY OF MAINE-MACHIAS             ,ME,04654-1397,Public       ,96,96,192,474,257,731
00520400,BEAL COLLEGE                            ,ME,04401-6896,Proprietary  ,77,245,322,174,500,674
00527600,CENTRAL MAINE COMMUNITY COLLEGE         ,ME,04210-6498,Public       ,486,680,1166,1330,1548,2878
00527700,EASTERN MAINE COMMUNITY COLLEGE         ,ME,04401-4280,Public       ,489,538,1027,1394,1307,2701
00552500,SOUTHERN MAINE COMMUNITY  COLLEGE       ,ME,04106-1698,Public       ,932,928,1860,3043,2672,5715
00576000,NORTHERN MAINE COMMUNITY COLLEGE        ,ME,04769-2016,Public       ,174,287,461,433,641,1074
00577600,MERCY HOSP SCH OF RADIOLOGIC TECH       ,ME,04101-3795,Private      ,5,19,24,27,44,71
00630501,CENTRAL MAINE MEDICAL CENTER - COLLEGE O,ME,04240-4500,Private      ,18,99,117,71,247,318
00676000,UNIVERSITY OF MAINE-AUGUSTA             ,ME,04330-9410,Public       ,422,1493,1915,1427,4220,5647
00685800,UNITY COLLEGE                           ,ME,04988-9502,Private      ,112,30,142,909,103,1012
00903800,MR BERNARD'S SCH HAIR FASHION INC       ,ME,04243-1163,Proprietary  ,28,96,124,34,106,140
00923100,WASHINGTON COUNTY COMMUNITY COLLEGE     ,ME,04619-9704,Public       ,63,102,165,233,224,457
00929200,ANDOVER COLLEGE                         ,ME,04106-2415,Proprietary  ,80,316,396,156,643,799
00929201,ANDOVER COLLEGE -                       ,ME,04240-0000,Proprietary  ,58,335,393,107,682,789
00945900,EMPIRE BEAUTY SCHOOL                    ,ME,04101-3348,Proprietary  ,62,169,231,93,244,337
00945902,PIERRE'S SCHOOL OF COSMETOLOGY - CARIBOU,ME,04736-2020,Proprietary  ,4,6,10,11,10,21
00945903,EMPIRE BEAUTY SCHOOL - BANGOR           ,ME,04401-6534,Proprietary  ,8,17,25,25,28,53
00982600,KENNEBEC VALLEY  COMMUNITY  COLLEGE     ,ME,04937-1367,Public       ,280,587,867,726,1359,2085
01138500,COLLEGE OF THE ATLANTIC                 ,ME,04609-1105,Private      ,23,18,41,488,70,558
01167300,MAINE COLLEGE OF ART                    ,ME,04101-3987,Private      ,68,45,113,576,181,757
02104400,SPA TECH INSTITUTE                      ,ME,04102-0000,Proprietary  ,59,216,275,97,337,434
02347100,NEW ENGLAND SCHOOL OF COMMUNICATIONS    ,ME,04401-0000,Private      ,148,35,183,551,101,652
02361300,LANDING SCHOOL OF BOATBUILDING & DESIGN ,ME,04046-1490,Private      ,3,22,25,15,45,60
03122900,YORK COUNTY COMMUNITY COLLEGE           ,ME,04090-0529,Public       ,181,249,430,451,602,1053
03429300,SEACOAST CAREER SCHOOLS                 ,ME,04073-0000,Proprietary  ,88,376,464,99,399,498
03612300,BIRTHWISE MIDWIFERY SCHOOL              ,ME,04009-1110,Proprietary  ,3,25,28,8,58,66
00209300,ST JOHN'S COLLEGE                       ,NM,87505-4599,Private      ,42,62,104,442,169,611
00264900,COLLEGE OF SANTA FE                     ,NM,87505-7634,Proprietary  ,161,82,243,417,161,578
00265000,UNIVERSITY OF THE SOUTHWEST             ,NM,88240-9129,Private      ,131,152,283,259,246,505
00265100,EASTERN NEW MEXICO UNIV PORTALES        ,NM,88130-6000,Public       ,829,1053,1882,2178,1733,3911
00265101,EASTERN NEW MEXICO UNIV-ROSWELL CAM     ,NM,88202-0000,Public       ,401,688,1089,777,1086,1863
00265300,NEW MEXICO HIGHLANDS UNIVERSITY         ,NM,87701-4436,Public       ,423,870,1293,1396,1710,3106
00265400,NEW MEXICO INST OF MINING & TECH        ,NM,87801-4796,Public       ,277,169,446,919,316,1235
00265500,NEW MEXICO JUNIOR COLLEGE               ,NM,88240-9123,Public       ,285,437,722,536,638,1174
00265600,NEW MEXICO MILITARY INSTITUTE           ,NM,88201-5173,Public       ,155,15,170,395,33,428
00265700,NEW MEXICO STATE UNIVERSITY             ,NM,88003-8001,Public       ,2744,3065,5809,10043,6490,16533
00265701,NEW MEXICO STATE UNIV-ALAMOGORDO        ,NM,88311-0000,Public       ,134,437,571,311,813,1124
00265702,NEW MEXICO STATE UNIV.-DONA ANA CLG     ,NM,88003-0000,Public       ,733,1404,2137,2002,2833,4835
00265703,NEW MEXICO STATE UNIV-CARLSBAD          ,NM,88220-0000,Public       ,108,270,378,228,446,674
00265704,NEW MEXICO STATE UNIV-GRANTS            ,NM,87020-0000,Public       ,78,172,250,168,279,447
00266000,SAN JUAN COLLEGE                        ,NM,87402-4699,Public       ,755,1525,2280,1223,2551,3774
00266300,THE UNIVERSITY OF NEW MEXICO            ,NM,87131-0001,Public       ,3699,5145,8844,12754,12561,25315
00266301,UNIV OF NEW MEXICO - GALLUP BRANCH      ,NM,87301-5697,Public       ,264,307,571,479,563,1042
00266302,UNIV OF NEW MEXICO - VALENCIA BRANCH    ,NM,87031-0000,Public       ,116,177,293,264,407,671
00266303,UNIV OF NEW MEXICO - LOS ALAMOS         ,NM,87544-0000,Public       ,32,44,76,107,90,197
00266304,UNIVERSITY OF NEW MEXICO                ,NM,87571-6401,Public       ,75,133,208,309,339,648
00266400,WESTERN NEW MEXICO UNIVERSITY           ,NM,88061-5417,Public       ,370,817,1187,905,1442,2347
00369109,MIDDLEBURY COLLEGE - INSTITUTE OF AMERIC,NM,87505-0000,Private      ,3,0,3,6,1,7
00405701,NATIONAL AMERICAN UNIVERSITY            ,NM,87110-0000,Proprietary  ,13,156,169,39,294,333
00474200,CENTRAL NEW MEXICO COMMUNITY COLLEGE    ,NM,87106-4096,Public       ,2696,5665,8361,4734,9889,14623
00474300,CLOVIS COMMUNITY COLLEGE                ,NM,88101-8381,Public       ,231,587,818,387,954,1341
00996200,LUNA COMMUNITY COLLEGE                  ,NM,87701-0000,Public       ,140,238,378,265,371,636
01063200,DEWOLFF CLG HAIRSTYLING/COSMETOLOGY     ,NM,87112-4113,Proprietary  ,15,61,76,30,95,125
01300500,OLYMPIAN UNIVERSITY OF COSMETOLOGY      ,NM,88310-5051,Proprietary  ,142,472,614,215,717,932
02083900,NORTHERN NEW MEXICO COLLEGE             ,NM,87530-0000,Public       ,211,352,563,449,600,1049
02146400,INSTITUTE OF AMERICAN INDIAN ARTS       ,NM,87508-0000,Public       ,61,113,174,118,205,323
02218808,BROOKLINE COLLEGE - ALBUQUERQUE         ,NM,87105-1649,Proprietary  ,60,234,294,96,407,503
02278100,SANTA FE COMMUNITY COLLEGE              ,NM,87507-0000,Public       ,318,913,1231,568,1417,1985
02293203,ATI CAREER TRAINING CENTER - ALBUQUERQUE,NM,87109-2016,Proprietary  ,19,61,80,40,110,150
02357600,CROWNPOINT INSTITUTE OF TECHNOLOGY      ,NM,87313-0000,Public       ,159,325,484,209,425,634
02511000,SOUTHWESTERN INDIAN POLYTECH INST       ,NM,87184-0000,Public       ,136,139,275,231,236,467
02572003,COMPUTER CAREER CENTER - LAS CRUCES CAMP,NM,88011-8220,Proprietary  ,41,163,204,81,325,406
02622000,SOUTHWEST ACUPUNCTURE COLLEGE           ,NM,87505-0000,Proprietary  ,1,135,136,2,223,225
03076100,SOUTHWESTERN COLLEGE                    ,NM,87507-0000,Private      ,0,67,67,6,145,151
03206300,MESALANDS COMMUNITY COLLEGE             ,NM,88401-3352,Public       ,42,67,109,108,142,250
03430300,UNIVERSAL THERAPEUTIC MASSAGE INSTITUTE ,NM,87107-4403,Proprietary  ,14,49,63,27,85,112
03678300,PIMA MEDICAL INSTITUTE                  ,NM,87110-4127,Proprietary  ,31,77,108,82,143,225
03944300,MASSAGE THERAPY TRAINING INSTITUTE      ,NM,88007-0000,Proprietary  ,9,34,43,23,50,73
04162400,URBAN ACADEMY                           ,NM,87106-4404,Proprietary  ,29,66,95,42,84,126
00223400,ADRIAN COLLEGE                          ,MI,49221-2575,Private      ,314,84,398,2587,244,2831
00223500,ALBION COLLEGE                          ,MI,49224-1831,Private      ,174,35,209,2333,111,2444
00223600,ALMA COLLEGE                            ,MI,48801-1599,Private      ,150,36,186,2261,123,2384
00223700,ALPENA COMMUNITY COLLEGE                ,MI,49707-1495,Public       ,198,363,561,772,822,1594
00223800,ANDREWS UNIVERSITY                      ,MI,49104-0750,Private      ,417,378,795,1574,1025,2599
00223900,AQUINAS COLLEGE                         ,MI,49506-1799,Private      ,323,241,564,2466,668,3134
00224000,BAY DE NOC COMMUNITY COLLEGE            ,MI,49829-2524,Public       ,284,526,810,1063,1190,2253
00224100,CALVIN COLLEGE                          ,MI,49546-4388,Private      ,345,144,489,4119,365,4484
00224200,CALVIN THEOLOGICAL SEMINARY             ,MI,49546-4387,Private      ,4,29,33,23,184,207
00224300,CENTRAL MICHIGAN UNIVERSITY             ,MI,48859-0001,Public       ,3285,2960,6245,22140,7850,29990
00224600,CLEARY UNIVERSITY                       ,MI,48105-2659,Private      ,44,270,314,111,612,723
00224700,CONCORDIA UNIVERSITY-ANN ARBOR          ,MI,48105-2797,Private      ,150,96,246,553,213,766
00224800,CRANBROOK ACADEMY OF ART                ,MI,48303-0000,Private      ,6,25,31,37,327,364
00224900,DAVENPORT UNIVERSITY                    ,MI,49503-0000,Private      ,530,2954,3484,2895,10865,13760
00225100,DELTA COLLEGE                           ,MI,48710-0001,Public       ,1512,2696,4208,5704,6795,12499
00225400,MICHIGAN STATE UNIVERSITY COLLEGE OF LAW,MI,48824-1300,Private      ,87,417,504,532,1922,2454
00225900,EASTERN MICHIGAN UNIVERSITY             ,MI,48197-2214,Public       ,2915,4056,6971,14403,10739,25142
00226000,FERRIS STATE UNIVERSITY                 ,MI,49307-2251,Public       ,1717,1815,3532,12456,6056,18512
00226100,CHARLES STEWART MOTT COMMUNITY CLG      ,MI,48503-2089,Public       ,1527,4120,5647,4126,8226,12352
00226200,KETTERING UNIVERSITY                    ,MI,48504-4898,Private      ,290,127,417,2077,338,2415
00226300,GLEN OAKS COMMUNITY COLLEGE             ,MI,49032-9784,Public       ,115,315,430,507,760,1267
00226400,GOGEBIC COMMUNITY COLLEGE               ,MI,49938-1365,Public       ,200,245,445,617,507,1124
00226500,GRACE BIBLE COLLEGE                     ,MI,49509-1998,Private      ,31,17,48,264,68,332
00226600,CORNERSTONE UNIVERSITY                  ,MI,49525-5897,Private      ,284,610,894,1771,1363,3134
00226700,GRAND RAPIDS COMMUNITY COLLEGE          ,MI,49503-3295,Public       ,2351,3748,6099,9606,9249,18855
00226800,GRAND VALLEY STATE UNIVERSITY           ,MI,49401-9403,Public       ,1910,1829,3739,21542,6771,28313
00226900,GREAT LAKES CHRISTIAN COLLEGE           ,MI,48917-1299,Private      ,47,55,102,175,104,279
00227000,HENRY FORD COMMUNITY COLLEGE            ,MI,48128-1495,Public       ,2953,5132,8085,7614,11939,19553
00227300,HOPE COLLEGE                            ,MI,49423-3607,Private      ,173,49,222,4117,195,4312
00227400,JACKSON COMMUNITY COLLEGE               ,MI,49201-8399,Public       ,723,1925,2648,3101,4746,7847
00227500,KALAMAZOO COLLEGE                       ,MI,49006-3295,Private      ,115,63,178,1852,166,2018
00227600,KELLOGG COMMUNITY COLLEGE               ,MI,49017-3397,Public       ,678,2031,2709,2132,4237,6369
00227700,LAKE MICHIGAN COLLEGE                   ,MI,49022-1899,Public       ,350,1057,1407,1453,2371,3824
00227800,LANSING COMMUNITY COLLEGE               ,MI,48933-1293,Public       ,2593,5521,8114,7421,10182,17603
00227900,LAWRENCE TECHNOLOGICAL UNIVERSITY       ,MI,48075-1058,Private      ,292,554,846,1697,1364,3061
00228200,MADONNA UNIVERSITY                      ,MI,48150-1173,Private      ,464,1276,1740,1515,2776,4291
00228400,MARYGROVE COLLEGE                       ,MI,48221-2599,Private      ,267,972,1239,800,2211,3011
00228800,ROCHESTER COLLEGE                       ,MI,48307-2764,Private      ,242,250,492,660,552,1212
00228801,ROCHESTER COLLEGE - MACOMB COMMUNITY COL,MI,48038-1139,Private      ,130,209,339,391,479,870
00228802,ROCHESTER COLLEGE - MOTT COMMUNITY COLLE,MI,48503-2089,Private      ,72,166,238,207,320,527
00228803,ROCHESTER COLLEGE  - SPECS HOWARD       ,MI,48075-3953,Private      ,15,22,37,39,64,103
00229000,MICHIGAN STATE UNIVERSITY               ,MI,48824-1113,Public       ,4930,3506,8436,34019,11661,45680
00229200,MICHIGAN TECHNOLOGICAL UNIV             ,MI,49931-1295,Public       ,553,244,797,5599,991,6590
00229300,LAKE SUPERIOR STATE UNIVERSITY          ,MI,49783-1691,Public       ,341,249,590,2488,783,3271
00229400,MONROE COUNTY COMMUNITY CLG             ,MI,48161-9746,Public       ,472,889,1361,1359,1887,3246
00229500,MONTCALM COMMUNITY COLLEGE              ,MI,48885-9723,Public       ,218,632,850,821,1360,2181
00229700,MUSKEGON COMMUNITY COLLEGE              ,MI,49442-1432,Public       ,724,1139,1863,2732,2934,5666
00229900,NORTH CENTRAL MICHIGAN COLLEGE          ,MI,49770-8740,Public       ,278,655,933,900,1485,2385
00230100,NORTHERN MICHIGAN UNIVERSITY            ,MI,49855-5316,Public       ,1241,796,2037,7294,2359,9653
00230200,NORTHWESTERN MICHIGAN COLLEGE           ,MI,49686-3061,Public       ,604,1164,1768,2339,2661,5000
00230301,OAKLAND COMMUNITY COLLEGE - ORCHARD RIDG,MI,48334-4579,Public       ,850,1457,2307,2363,3409,5772
00230302,OAKLAND COMMUNITY COLLEGE - ROYAL OAK CA,MI,48067-3898,Public       ,958,1875,2833,2572,4332,6904
00230303,OAKLAND COMMUNITY COLLEGE - SOUTHFIELD C,MI,48075-4793,Public       ,707,1915,2622,1919,4338,6257
00230304,OAKLAND COMMUNITY COLLEGE - AUBURN HILLS,MI,48323-2845,Public       ,1012,1931,2943,3030,4433,7463
00230305,OAKLAND COMMUNITY COLLEGE - HIGHLAND LAK,MI,48327-4187,Public       ,609,1153,1762,1736,2713,4449
00230700,OAKLAND UNIVERSITY                      ,MI,48309-4401,Public       ,2252,2575,4827,12748,7528,20276
00230800,OLIVET COLLEGE                          ,MI,49076-9902,Private      ,254,83,337,1427,272,1699
00231000,ST. CLAIR COUNTY COMMUNITY COLLEGE      ,MI,48061-0000,Public       ,581,1104,1685,1888,2673,4561
00231100,KUYPER COLLEGE                          ,MI,49525-9749,Private      ,54,48,102,391,134,525
00231300,SACRED HEART MAJOR SEMINARY             ,MI,48206-1799,Private      ,11,53,64,31,136,167
00231400,SAGINAW VALLEY STATE UNIV               ,MI,48710-0001,Public       ,1453,1276,2729,9268,3509,12777
00231500,SCHOOLCRAFT COLLEGE                     ,MI,48152-2696,Public       ,1748,3005,4753,4981,6772,11753
00231600,SIENA HEIGHTS UNIVERSITY                ,MI,49221-1796,Private      ,227,517,744,1117,1352,2469
00231700,SOUTHWESTERN MICHIGAN COLLEGE           ,MI,49047-9793,Public       ,340,646,986,1506,1648,3154
00231800,SPRING ARBOR UNIVERSITY                 ,MI,49283-9984,Private      ,355,1247,1602,2282,2536,4818
00232200,FINLANDIA UNIVERSITY                    ,MI,49930-1882,Private      ,117,77,194,616,262,878
00232300,UNIVERSITY OF DETROIT MERCY             ,MI,48221-3038,Private      ,531,1183,1714,3049,3231,6280
00232303,UNIV OF DETROIT MERCY - LAW SCHOOL      ,MI,48226-0000,Private      ,12,236,248,26,805,831
00232330,UNIV OF DETROIT MERCY - DENTAL SCHOOL   ,MI,48208-2576,Private      ,19,100,119,73,368,441
00232500,UNIVERSITY OF MICHIGAN - ANN ARBOR      ,MI,48109-1316,Public       ,2729,2475,5204,27369,11515,38884
00232501,UNIVERSITY OF MICHIGAN-MEDICAL SCH      ,MI,48109-0000,Public       ,43,150,193,232,1067,1299
00232503,UNIVERSITY OF MICHIGAN LAW SCHOOL       ,MI,48109-0000,Public       ,14,432,446,81,2990,3071
00232600,UNIVERSITY OF MICHIGAN-DEARBORN         ,MI,48128-2406,Public       ,1105,1571,2676,5133,4116,9249
00232700,UNIVERSITY OF MICHIGAN-FLINT            ,MI,48502-1950,Public       ,780,1607,2387,4208,4706,8914
00232800,WASHTENAW COMMUNITY COLLEGE             ,MI,48106-0000,Public       ,1316,2497,3813,3545,5195,8740
00232900,WAYNE STATE UNIVERSITY                  ,MI,48202-0000,Public       ,3430,5958,9388,16800,18019,34819
00232901,WAYNE STATE UNIV SCH OF MEDICINE        ,MI,48201-3359,Public       ,86,373,459,386,1686,2072
00232902,WAYNE STATE UNIVERSITY - LAW SCHOOL     ,MI,48202-3424,Public       ,39,292,331,172,1294,1466
00233000,WESTERN MICHIGAN UNIVERSITY             ,MI,49008-3899,Public       ,3242,2732,5974,19037,7802,26839
00233100,WESTERN THEOLOGICAL SEMINARY            ,MI,49423-0000,Private      ,0,41,41,6,112,118
00407100,WALSH COLLEGE OF ACCT & BUS ADMN        ,MI,48007-7006,Private      ,68,700,768,245,1783,2028
00407200,NORTHWOOD UNIVERSITY                    ,MI,48640-2398,Private      ,390,606,996,2149,1479,3628
00467300,BAKER COLLEGE - FLINT                   ,MI,48507-5508,Private      ,775,2747,3522,2188,6062,8250
00467301,BAKER COLLEGE OF CADILLAC               ,MI,49601-0000,Private      ,116,551,667,377,1426,1803
00467302,BAKER COLLEGE OF CLINTON TOWNSHIP       ,MI,48035-0000,Private      ,553,1619,2172,1684,4486,6170
00467303,BAKER COLLEGE OF MUSKEGON               ,MI,49442-0000,Private      ,604,1575,2179,2386,4037,6423
00467304,BAKER COLLEGE OF OWOSSO                 ,MI,48867-0000,Private      ,465,812,1277,1549,1992,3541
00467305,BAKER COLLEGE OF AUBURN HILLS           ,MI,48326-0000,Private      ,347,1315,1662,961,3300,4261
00467306,BAKER COLLEGE OF PORT HURON             ,MI,48060-0000,Private      ,164,482,646,495,1375,1870
00467309,BAKER COLLEGE OF JACKSON                ,MI,49202-0000,Private      ,184,859,1043,713,2191,2904
00467311,BAKER COLLEGE-CASS CITY                 ,MI,48726-0000,Private      ,48,134,182,189,436,625
00467313,BAKER COLLEGE - GRADUATE ON-LINE        ,MI,48507-0000,Private      ,142,1779,1921,333,4885,5218
00467317,BAKER COLLEGE-ALLEN PARK                ,MI,48101-0000,Private      ,297,1117,1414,912,2946,3858
00469200,DORSEY SCHOOL OF BUSINESS               ,MI,48195-2334,Proprietary  ,35,201,236,61,340,401
00469201,DORSEY SCHOOL OF BUSINESS               ,MI,48184-0000,Proprietary  ,25,130,155,48,221,269
00469202,DORSEY SCHOOL OF BUSINESS               ,MI,48071-0000,Proprietary  ,16,126,142,32,213,245
00469204,DORSEY SCHOOL OF BUSINESS               ,MI,48066-0000,Proprietary  ,40,212,252,50,306,356
00469205,DORSEY BUSINESS SCHOOL - FARMINGTON HILL,MI,48334-3385,Proprietary  ,12,95,107,23,171,194
00469206,DORSEY BUSINESS SCHOOL - ROSEVILLE CULIN,MI,48066-4555,Proprietary  ,31,119,150,55,228,283
00469207,DORSEY BUSINESS SCHOOL - WATERFORD/PONTI,MI,48341-1037,Proprietary  ,17,106,123,35,194,229
00491003,KAPLAN CAREER INSTITUTE - DEARBORN      ,MI,48228-0000,Proprietary  ,62,363,425,117,661,778
00676800,MID MICHIGAN COMMUNITY COLLEGE          ,MI,48625-9447,Public       ,757,1245,2002,2174,2637,4811
00677100,COLLEGE FOR CREATIVE STUDIES            ,MI,48202-4034,Private      ,312,220,532,1360,522,1882
00694900,KALAMAZOO VALLEY COMMUNITY COLLEGE      ,MI,49003-4070,Public       ,1485,2564,4049,4578,5368,9946
00717100,KIRTLAND COMMUNITY COLLEGE              ,MI,48653-0000,Public       ,281,642,923,814,1423,2237
00761700,CARNEGIE INSTITUTE                      ,MI,48083-1159,Proprietary  ,22,186,208,42,378,420
00795000,WEST SHORE COMMUNITY COLLEGE            ,MI,49454-0000,Public       ,151,290,441,528,724,1252
00817800,EMPIRE BEAUTY SCHOOL                    ,MI,49525-2440,Proprietary  ,62,238,300,126,369,495
00817801,EMPIRE BEAUTY SCHOOL - KALAMAZOO CAMPUS ,MI,49024-2694,Proprietary  ,12,25,37,24,39,63
00890600,MACOMB COMMUNITY COLLEGE                ,MI,48088-3896,Public       ,3034,4361,7395,8412,9978,18390
00894600,PORT HURON COSMETOLOGY COLLEGE          ,MI,48329-1618,Proprietary  ,4,15,19,10,24,34
00923000,WAYNE COUNTY COMMUNITY CLG-DISTRICT     ,MI,48226-3095,Public       ,2664,8352,11016,6543,18977,25520
00973200,VIRGINIA FARRELL BEAUTY SCHOOL          ,MI,48080-1448,Proprietary  ,9,16,25,15,35,50
00973400,VIRGINIA FARRELL BEAUTY SCHOOL          ,MI,48220-1739,Proprietary  ,24,51,75,42,100,142
00982800,EVEREST INSTITUTE                       ,MI,48033-4400,Proprietary  ,131,712,843,221,1114,1335
00982801,EVEREST INSTITUTE- DEARBORN             ,MI,48124-1927,Proprietary  ,113,478,591,187,753,940
00982803,EVEREST INSTITUTE - DETROIT             ,MI,48207-4291,Proprietary  ,94,333,427,172,567,739
01047000,KALAMAZOO BEAUTY ACADEMY                ,MI,49002-5220,Proprietary  ,9,25,34,13,42,55
01062700,ITT TECHNICAL INSTITUTE                 ,MI,49519-0000,Proprietary  ,382,1365,1747,643,1739,2382
01082700,DAVID PRESSLEY PROF SCH OF COSMTLGY     ,MI,48067-3219,Proprietary  ,34,70,104,50,109,159
01109800,FLINT INSTITUTE OF BARBERING            ,MI,48504-4395,Proprietary  ,12,42,54,26,77,103
01164600,VIRGINIA FARRELL BEAUTY SCHOOL          ,MI,48185-3091,Proprietary  ,12,40,52,22,71,93
01229100,WRIGHT BEAUTY ACADEMY                   ,MI,49015-2696,Proprietary  ,12,52,64,21,68,89
01262700,THOMAS M. COOLEY LAW SCHOOL             ,MI,48901-1586,Private      ,5,1322,1327,21,4020,4041
01321800,M J MURPHY BTY CLG MT PLEASANT          ,MI,48858-2502,Proprietary  ,12,23,35,18,46,64
02060300,MICHIGAN INSTITUTE OF AERONAUTICS       ,MI,48188-2533,Proprietary  ,190,409,599,312,591,903
02068700,ADRIAN BEAUTY ACADEMY                   ,MI,49221-0000,Proprietary  ,6,25,31,16,38,54
02099700,ROSS MEDICAL EDUCATION CENTER           ,MI,48532-0000,Proprietary  ,95,550,645,135,766,901
02099701,ROSS MEDICAL EDUCATION CENTER-SAGINAW   ,MI,48603-5227,Proprietary  ,8,55,63,25,107,132
02099702,ROSS MEDICAL EDUCATION CENTER-PORT HURON,MI,48060-1958,Proprietary  ,5,13,18,19,49,68
02099703,ROSS MEDICAL EDUCATION CENTER-ROOSEVELT ,MI,49441-4156,Proprietary  ,1,6,7,3,21,24
02100400,EVEREST INSTITUTE                       ,MI,49525-2301,Proprietary  ,94,431,525,162,687,849
02100401,EVEREST INSTITUTE - KALAMAZOO           ,MI,49009-3307,Proprietary  ,71,349,420,115,477,592
02125600,MICHIGAN COLLEGE OF BEAUTY              ,MI,48083-0000,Proprietary  ,49,144,193,88,207,295
02152103,ACADEMY OF COURT REPORTING & TECHNOLOGY ,MI,48017-1495,Proprietary  ,25,156,181,30,234,264
02158600,MR BELA'S SCHOOL OF COSMETOLOGY         ,MI,48092-4637,Proprietary  ,6,13,19,14,33,47
02160303,INTERNATIONAL ACADEMY OF DESIGN AND TECH,MI,48083-2160,Proprietary  ,301,345,646,583,696,1279
02180100,ROSS MEDICAL EDUCATION CENTER           ,MI,48092-0000,Proprietary  ,65,316,381,93,429,522
02180105,ROSS MEDICAL EDUCATION CENTER-REDFORD   ,MI,48239-1260,Proprietary  ,3,32,35,14,79,93
02198900,MICHIGAN SCHOOL OF PROFESSIONAL PSYCHOLO,MI,48334-4512,Private      ,2,82,84,11,173,184
02209200,TAYLORTOWN SCHOOL OF BEAUTY             ,MI,48180-0000,Proprietary  ,6,29,35,10,54,64
02237800,SPECS HOWARD SCHOOL OF MEDIA ARTS       ,MI,48075-0000,Proprietary  ,184,268,452,408,530,938
02285700,BAYSHIRE BEAUTY ACADEMY                 ,MI,48708-5614,Proprietary  ,14,55,69,22,79,101
02289801,KAPLAN INSTITUTE - DETROIT CAMPUS       ,MI,48202-0000,Proprietary  ,109,395,504,182,757,939
02324500,MICHIGAN COLLEGE OF BEAUTY              ,MI,48161-0000,Proprietary  ,15,40,55,39,71,110
02339700,ROSS MEDICAL EDUCATION CENTER           ,MI,48116-0000,Proprietary  ,77,387,464,100,498,598
02339701,ROSS MEDICAL EDUCATION CENTER-ANN ARBOR ,MI,48108-1411,Proprietary  ,4,37,41,16,87,103
02339703,ROSS MEDICAL EDUCATION CENTER - DAVISON ,MI,48423-1751,Proprietary  ,5,14,19,13,50,63
02361500,MICHIGAN BARBER COLLEGE                 ,MI,48204-2244,Private      ,33,96,129,62,197,259
02363800,YESHIVA GEDOLAH OF GREATER DETROIT      ,MI,48237-0000,Private      ,3,2,5,3,4,7
02491000,WEST MI COLG OF BARBERING & BEAUTY      ,MI,49008-0000,Proprietary  ,13,43,56,22,58,80
02498300,VIRGINIA FARRELL BEAUTY SCHOOL          ,MI,48154-0000,Proprietary  ,11,38,49,21,62,83
02533600,ROSS MEDICAL EDUCATION CENTER           ,MI,48917-2108,Proprietary  ,84,416,500,111,559,670
02533601,ROSS MEDICAL EDUCATION CENTER - GRAND RA,MI,49546-2430,Proprietary  ,5,54,59,29,137,166
02588200,DOUGLAS J AVEDA INSTITUTE               ,MI,48823-4351,Proprietary  ,154,236,390,326,427,753
02588201,DOUGLAS J AVEDA INSTITUTE - ANN ARBOR   ,MI,48104-2211,Proprietary  ,25,53,78,54,104,158
02595700,HILLSDALE BEAUTY COLLEGE                ,MI,49242-0000,Proprietary  ,4,13,17,55,23,78
02618400,MICHIGAN CAREER & TECHNICAL INST        ,MI,49080-9254,Public       ,32,28,60,143,64,207
03005700,DETROIT BUSINESS INST. DOWNRIVER        ,MI,48193-6761,Proprietary  ,14,34,48,21,60,81
03028500,LAWTON SCHOOL                           ,MI,48075-0000,Proprietary  ,8,59,67,13,86,99
03066600,BAY MILLS COMMUNITY COLLEGE             ,MI,49715-9750,Public       ,44,113,157,117,243,360
03075200,TWIN CITY BEAUTY COLLEGE                ,MI,49085-3305,Proprietary  ,30,105,135,40,128,168
03075201,TWIN CITY BEAUTY COLLEGE - TRAVERSE CITY,MI,49686-5119,Proprietary  ,4,5,9,12,16,28
03090000,SHARP'S ACADEMY OF HAIRSTYLING INC.     ,MI,48433-0000,Proprietary  ,7,14,21,10,32,42
03109700,HOUGHTON LAKE INST OF COSMETOLOGY       ,MI,48629-0669,Proprietary  ,4,8,12,8,16,24
03110300,THE SCHOOL OF CREATIVE HAIR DESIGN      ,MI,49036-1139,Proprietary  ,4,12,16,9,24,33
03124000,NORTHWESTERN TECHNOLOGICAL INST         ,MI,48075-2412,Proprietary  ,32,161,193,63,292,355
03135300,MICHIGAN THEOLOGICAL SEMINARY           ,MI,48170-4399,Private      ,1,13,14,2,34,36
03284300,MICHIGAN JEWISH INSTITUTE               ,MI,48237-0000,Private      ,428,98,526,513,113,626
03490300,PAUL MITCHELL THE SCHOOL ESCANABA       ,MI,49829-0000,Proprietary  ,74,106,180,153,171,324
03588300,IRENE'S MYOMASSOLOGY INSTITUTE          ,MI,48033-2404,Proprietary  ,27,149,176,46,274,320
03704300,BLUE WATER COLLEGE OF COSMETOLOGY       ,MI,48040-0000,Proprietary  ,6,11,17,15,17,32
03772300,SAGINAW CHIPPEWA TRIBAL COLLEGE         ,MI,48858-0000,Public       ,5,12,17,12,33,45
03815300,IN SESSION-ARTS OF COSMETOLOGY BEAU     ,MI,48609-0000,Proprietary  ,10,43,53,19,63,82
03907300,PAUL MITCHELL THE SCHOOL GREAT LAKES    ,MI,48060-0000,Proprietary  ,12,26,38,35,50,85
03915300,CAREER QUEST LEARNING CENTER            ,MI,48910-4732,Proprietary  ,44,315,359,72,563,635
03968300,LAKEWOOD SCHOOL OF THERAPEUTIC MASSAGE  ,MI,48060-0000,Proprietary  ,0,17,17,8,32,40
03976500,ANN ARBOR INSTITUTE OF MASSAGE THERAPY  ,MI,48103-0000,Proprietary  ,16,45,61,36,84,120
04002400,ECUMENICAL THEOLOGICAL SEMINARY         ,MI,48201-3035,Private      ,4,37,41,6,87,93
04006300,NUVO COLLEGE OF COSMETOLOGY             ,MI,49441-3822,Proprietary  ,2,18,20,8,43,51
04014300,P&A SCHOLARS BEAUTY SCHOOL              ,MI,48204-0000,Proprietary  ,39,87,126,75,161,236
04094300,ROBERT B. MILLER COLLEGE (THE)          ,MI,49017-3306,Private      ,14,155,169,57,343,400
04121100,GALLERY COLLEGE OF BEAUTY (THE)         ,MI,48036-3591,Proprietary  ,41,131,172,56,180,236
04136300,FOCUS:  HOPE INFORMATION TECHNOLOGIES CE,MI,48238-2949,Private      ,21,81,102,54,186,240
04138400,SCHOOL OF DESIGNING ARTS                ,MI,49037-7995,Proprietary  ,12,22,34,29,40,69
04139600,REGAL BEAUTY SCHOOL                     ,MI,48150-4013,Proprietary  ,0,0,0,3,6,9
04140900,INTERNATIONAL COSMETOLOGY ACADEMY       ,MI,49508-1308,Proprietary  ,16,74,90,22,108,130
04141100,FRENCH ACADEMY OF COSMETOLOGY           ,MI,49456-3207,Proprietary  ,11,16,27,20,31,51
04158400,L'ESPRIT ACADEMY                        ,MI,48150-0000,Proprietary  ,32,50,82,44,66,110
04159300,MARKETTI ACADEMY OF COSMETOLOGY         ,MI,48329-3506,Proprietary  ,8,44,52,15,68,83
04163300,COMPASS FILM ACADEMY                    ,MI,49504-5296,Private      ,4,8,12,4,8,12
00233200,ANOKA-RAMSEY CC-CAMBRIDGE/COONRAPID     ,MN,55433-3499,Public       ,1269,1755,3024,2020,2768,4788
00233400,AUGSBURG COLLEGE                        ,MN,55454-1351,Private      ,635,944,1579,2695,1694,4389
00233500,RIVERLAND COMMUNITY COLLEGE             ,MN,55912-1473,Public       ,419,672,1091,689,1096,1785
00233600,BEMIDJI STATE UNIVERSITY                ,MN,56601-2699,Public       ,1271,766,2037,3025,1350,4375
00233700,BETHANY LUTHERAN COLLEGE INC            ,MN,56001-6163,Private      ,224,28,252,656,56,712
00233900,CENTRAL LAKES COLG-BRAINERD/STAPLES     ,MN,56401-3900,Public       ,668,850,1518,1018,1290,2308
00234000,CARLETON COLLEGE                        ,MN,55057-4001,Private      ,131,12,143,2912,48,2960
00234100,COLLEGE OF ST BENEDICT                  ,MN,56374-2099,Private      ,515,17,532,1999,48,2047
00234200,ST. CATHERINE UNIVERSITY                ,MN,55105-1789,Private      ,785,1415,2200,2424,2574,4998
00234300,COLLEGE OF ST SCHOLASTICA               ,MN,55811-4199,Private      ,612,624,1236,2139,1097,3236
00234500,UNIVERSITY OF ST THOMAS                 ,MN,55105-1096,Private      ,1089,1492,2581,6168,2980,9148
00234600,CONCORDIA COLLEGE-MOORHEAD              ,MN,56562-0001,Private      ,1033,66,1099,3048,148,3196
00234700,"CONCORDIA UNIVERSITY, ST PAUL, MN       ",MN,55104-5494,Private      ,395,703,1098,1096,1185,2281
00235000,VERMILION COMMUNITY COLLEGE             ,MN,55731-1996,Public       ,198,90,288,453,146,599
00235300,GUSTAVUS ADOLPHUS COLLEGE               ,MN,56082-1498,Private      ,627,16,643,2795,51,2846
00235400,HAMLINE UNIVERSITY                      ,MN,55104-1284,Private      ,667,1092,1759,2279,2217,4496
00235500,HIBBING COMMUNITY COLLEGE               ,MN,55746-3300,Public       ,250,361,611,449,569,1018
00235600,ITASCA COMMUNITY COLLEGE                ,MN,55744-3397,Public       ,303,236,539,617,399,1016
00235700,LUTHER SEMINARY                         ,MN,55108-0000,Private      ,0,146,146,1,395,396
00235800,MACALESTER COLLEGE                      ,MN,55105-1899,Private      ,592,58,650,3245,121,3366
00236000,"MINNESOTA STATE UNIVERSITY, MANKATO     ",MN,56002-0000,Public       ,3295,1458,4753,9596,3037,12633
00236100,MARTIN LUTHER COLLEGE                   ,MN,56073-3965,Private      ,289,37,326,658,61,719
00236200,MINNEAPOLIS COMM AND TECH COLLEGE       ,MN,55403-1779,Public       ,1721,4043,5764,2777,6217,8994
00236500,MINNEAPOLIS COLLEGE OF ART & DESIGN     ,MN,55404-4343,Private      ,118,92,210,915,346,1261
00236600,CROSSROADS COLLEGE                      ,MN,55902-2382,Private      ,47,38,85,84,60,144
00236700,MINNESOTA STATE UNIVERSITY MOORHEAD     ,MN,56563-0001,Public       ,1538,793,2331,4346,1593,5939
00236900,NORTH CENTRAL UNIVERSITY                ,MN,55404-1391,Private      ,489,175,664,1138,307,1445
00237000,NORTH HENNEPIN COMMUNITY COLLEGE        ,MN,55445-2299,Public       ,1040,1816,2856,1713,2873,4586
00237100,NORTHWESTERN COLLEGE                    ,MN,55113-1598,Private      ,639,298,937,2085,546,2631
00237300,ROCHESTER COMMUNITY/TECH COLLEGE        ,MN,55904-4999,Public       ,1096,1284,2380,1987,2163,4150
00237500,SOUTHWEST MINNESOTA STATE UNIVERSITY    ,MN,56258-1598,Public       ,414,341,755,1907,704,2611
00237700,ST CLOUD STATE UNIVERSITY               ,MN,56301-4498,Public       ,3688,1953,5641,8719,3479,12198
00237900,SAINT JOHNS UNIVERSITY                  ,MN,56321-0000,Private      ,497,32,529,1823,83,1906
00238000,SAINT MARY'S UNIVERSITY                 ,MN,55987-1399,Private      ,215,1001,1216,1591,1797,3388
00238200,ST OLAF COLLEGE                         ,MN,55057-1098,Private      ,719,24,743,3726,71,3797
00238300,CROWN COLLEGE                           ,MN,55375-9001,Private      ,239,215,454,674,367,1041
00238500,NORTHLAND COMMUNITY & TECHNICAL CLG     ,MN,56701-2598,Public       ,520,762,1282,963,1208,2171
00238600,UNITED THEOLGCL SEMINRY TWIN CITIES     ,MN,55112-0000,Private      ,1,63,64,2,96,98
00238800,"UNIVERSITY OF MINNESOTA, DULUTH         ",MN,55812-2496,Public       ,2942,748,3690,8556,1492,10048
00238900,"UNIVERSITY OF MINNESOTA, MORRIS         ",MN,56267-2113,Public       ,318,59,377,1906,200,2106
00239100,WILLIAM MITCHELL COLLEGE OF LAW         ,MN,55105-0000,Private      ,1,455,456,2,1227,1229
00239300,MINNESOTA STATE COLLEGE-SE TECH         ,MN,55987-0409,Public       ,379,608,987,587,941,1528
00239400,WINONA STATE UNIVERSITY                 ,MN,55987-5838,Public       ,2180,520,2700,5994,954,6948
00396900,UNIVERSITY OF MINNESOTA-TWIN CITIES     ,MN,55455-0422,Public       ,6939,5932,12871,28286,15322,43608
00400900,MESABI RANGE CMNTY & TECH COLLEGE       ,MN,55792-0000,Public       ,203,269,472,343,403,746
00405708,NATIONAL AMERICAN UNIVERSITY            ,MN,55113-0000,Proprietary  ,14,113,127,32,213,245
00405715,NATIONAL AMERICAN UNIVERSITY - BLOOMINGT,MN,55425-5550,Proprietary  ,21,128,149,34,234,268
00406900,UNIVERSITY OF MINNESOTA-CROOKSTON       ,MN,56716-5001,Public       ,298,171,469,924,329,1253
00438600,VETERAN'S MEDICAL CTR- SCH RAD TECH     ,MN,55417-2399,Public       ,0,9,9,2,17,19
00464100,DUNWOODY COLLEGE OF TECHNOLOGY          ,MN,55403-1192,Private      ,422,695,1117,707,1126,1833
00464200,GLOBE UNIVERSITY                        ,MN,55125-5408,Proprietary  ,729,2336,3065,1095,3450,4545
00464500,MINNEAPOLIS BUSINESS COLLEGE            ,MN,55113-4036,Proprietary  ,192,66,258,437,162,599
00464600,MINNESOTA SCHOOL OF BUSINESS            ,MN,55423-0000,Proprietary  ,1083,3481,4564,1540,5254,6794
00525200,RIDGEWATER COLLEGE                      ,MN,56201-2098,Public       ,714,749,1463,1367,1251,2618
00526300,MINNESOTA WEST CMNTY & TECH COLG        ,MN,56241-1096,Public       ,317,608,925,615,987,1602
00553300,"SAINT PAUL COLLEGE, COMMUNITY/TECHNICAL ",MN,55102-1800,Public       ,1067,2675,3742,1745,4021,5766
00553400,SAINT CLOUD TECHNICAL COLLEGE AND COMMUN,MN,56303-1240,Public       ,1035,1084,2119,1662,1712,3374
00553500,PINE TECHNICAL COLLEGE                  ,MN,55063-2198,Public       ,107,312,419,186,494,680
00553700,SOUTH CENTRAL COLLEGE                   ,MN,56003-0000,Public       ,666,768,1434,1163,1230,2393
00554100,MINNESOTA STATE COMMUNITY AND TECHNICAL ,MN,56573-1405,Public       ,894,1365,2259,1544,2240,3784
00554400,ALEXANDRIA TECHNICAL COLLEGE            ,MN,56308-3799,Public       ,543,396,939,1026,623,1649
00575700,LAKE SUPERIOR COLLEGE                   ,MN,55811-3399,Public       ,671,1009,1680,1190,1561,2751
00575900,NORTHWEST TECHNICAL COLLEGE - BEMIDJI   ,MN,56601-4907,Public       ,182,431,613,306,646,952
00677500,RAINY RIVER COMMUNITY COLLEGE           ,MN,56649-2187,Public       ,47,46,93,82,66,148
00735000,ANOKA-HENNEPIN TECHNICAL COLLEGE        ,MN,55303-1590,Public       ,317,875,1192,499,1444,1943
00735100,BROWN COLLEGE                           ,MN,55120-1004,Proprietary  ,265,389,654,646,860,1506
00746200,COLLEGE OF VISUAL ARTS                  ,MN,55102-2199,Private      ,92,24,116,220,54,274
00795400,NORMANDALE COMMUNITY COLLEGE            ,MN,55431-4399,Public       ,1584,1879,3463,2898,3187,6085
00826700,NORTHWEST TECHNICAL INSTITUTE           ,MN,55121-5001,Proprietary  ,50,35,85,90,58,148
00869400,RASMUSSEN COLLEGE - ST. CLOUD           ,MN,56301-3713,Proprietary  ,164,812,976,232,1220,1452
00869401,RASMUSSEN COLLEGE - BROOKLYN PARK       ,MN,55445-1512,Proprietary  ,148,669,817,259,1252,1511
00869406,RASMUSSEN COLLEGE - EAGAN               ,MN,55122-1346,Proprietary  ,124,573,697,226,1087,1313
00869407,RASMUSSEN COLLEGE - EDEN PRAIRIE        ,MN,55344-7220,Proprietary  ,189,1648,1837,308,2833,3141
00869409,RASMUSSEN COLLEGE - MANKATO             ,MN,56001-8658,Proprietary  ,165,435,600,290,900,1190
00869412,RASMUSSEN COLLEGE - LAKE ELMO           ,MN,55042-8624,Proprietary  ,89,444,533,150,753,903
00869416,RASMUSSEN COLLEGE - MOORHEAD            ,MN,56560-4513,Proprietary  ,76,298,374,78,307,385
00869417,RASMUSSEN COLLEGE - BLAINE              ,MN,55014-0000,Proprietary  ,26,96,122,26,96,122
00905800,BETHEL UNIVERSITY                       ,MN,55112-6999,Private      ,901,753,1654,2868,1274,4142
00960000,COSMETOLOGY CAREERS UNLTD-DULUTH        ,MN,55802-2031,Proprietary  ,5,11,16,10,19,29
00972200,EMPIRE BEAUTY SCHOOL                    ,MN,55119-7003,Proprietary  ,34,117,151,50,163,213
00974000,INVER HILLS COMMUNITY COLLEGE           ,MN,55076-3224,Public       ,740,1255,1995,1337,1995,3332
00983100,MODEL COLLEGE OF HAIR DESIGN            ,MN,56301-4280,Proprietary  ,34,24,58,80,44,124
00987000,EMPIRE BEAUTY SCHOOL                    ,MN,55420-2919,Proprietary  ,45,170,215,64,241,305
00989200,"DULUTH BUSINESS UNIV, INC.              ",MN,55807-0000,Proprietary  ,65,224,289,87,299,386
00999200,OAK HILLS CHRISTIAN COLLEGE             ,MN,56601-0000,Private      ,38,26,64,91,35,126
01024800,ART INSTITUTES INTL MINNESOTA           ,MN,55402-3137,Proprietary  ,746,601,1347,1444,1006,2450
01035602,EVEREST INSTITUTE - EAGAN               ,MN,55121-1696,Proprietary  ,82,346,428,118,514,632
01037400,METROPOLITAN STATE UNIVERSITY           ,MN,55106-5000,Public       ,677,2983,3660,1210,4934,6144
01040200,DAKOTA COUNTY TECHNICAL COLLEGE         ,MN,55068-2999,Public       ,369,681,1050,651,1170,1821
01049000,REGENCY BEAUTY INSTITUTE                ,MN,55428-0000,Proprietary  ,1363,3062,4425,2018,4360,6378
01049100,HENNEPIN TECHNICAL COLLEGE              ,MN,55445-2399,Public       ,753,2049,2802,1178,3060,4238
01054600,CENTURY COMMUNITY AND TECHNICAL CLG     ,MN,55110-1894,Public       ,1788,2687,4475,3004,4222,7226
01101700,HERZING COLLEGE                         ,MN,55428-3548,Proprietary  ,94,242,336,146,411,557
01173200,"MAYO CLINIC, COLLEGE OF MEDICINE        ",MN,55905-0000,Private      ,15,140,155,33,338,371
01173201,MAYO SCHOOL OF HEALTH-RELATED SCIEN     ,MN,55905-0000,Private      ,12,50,62,42,121,163
01173206,MAYO GRAD SCHOOL                        ,MN,55901-0000,Private      ,2,8,10,4,27,31
01173207,MAYO MEDICAL SCHOOL                     ,MN,55901-0000,Private      ,3,35,38,7,149,156
01232800,NORTHWESTERN HEALTH SCIENCES UNIV       ,MN,55431-1599,Private      ,19,403,422,44,650,694
02050300,ACADEMY COLLEGE                         ,MN,55420-1554,Proprietary  ,15,94,109,22,130,152
02097300,HASTINGS BEAUTY SCHOOL                  ,MN,55033-1205,Proprietary  ,4,12,16,9,14,23
02123200,AVEDA INSTITUTE                         ,MN,55414-0000,Proprietary  ,161,141,302,270,247,517
02159800,COSMETOLOGY CAREERS UNLTD - HIBBING     ,MN,55746-0000,Proprietary  ,3,11,14,4,18,22
02160901,"SALON PROFESSIONAL ACADEMY, THE - THE SA",MN,55428-4928,Proprietary  ,12,26,38,22,40,62
02238100,MINNESOTA SCHOOL OF COSMETOLOGY         ,MN,55125-0000,Proprietary  ,74,119,193,102,156,258
02260500,SUMMIT ACAD OPPORTUNITIES IND CTR       ,MN,55405-0000,Private      ,10,70,80,20,104,124
02263102,ANTHEM COLLEGE - ST. LOUIS PARK         ,MN,55416-2467,Proprietary  ,5,25,30,11,47,58
02504200,WALDEN UNIVERSITY                       ,MN,55401-2511,Proprietary  ,49,14287,14336,96,25030,25126
02514100,AMERICAN INDIAN OPPORTUNITIES CTR       ,MN,55404-0000,Private      ,1,58,59,2,75,77
02543600,INGENUE                                 ,MN,56560-0000,Proprietary  ,1,0,1,6,5,11
02551200,EAST METRO OIC                          ,MN,55104-3435,Private      ,0,0,0,2,3,5
03001200,MCNALLY SMITH COLLEGE OF MUSIC          ,MN,55101-2220,Proprietary  ,244,88,332,607,166,773
03051900,ALFRED ADLER GRADUATE SCHOOL            ,MN,55305-0000,Private      ,3,87,90,4,156,160
03096400,LEECH LAKE TRIBAL COLLEGE               ,MN,56633-0000,Public       ,13,90,103,16,148,164
03129100,FOND DU LAC TRIBAL & COMMUNITY CLG      ,MN,55720-2984,Public       ,156,316,472,266,462,728
03267300,CAPELLA UNIVERSITY                      ,MN,55402-3389,Proprietary  ,52,27693,27745,89,38823,38912
03833300,AMERICAN ACADEMY OF ACUPUNCTURE AND ORIE,MN,55113-0000,Proprietary  ,1,31,32,1,51,52
03921400,WHITE EARTH TRIBAL AND COMMUNITY COLLEGE,MN,56557-0478,Private      ,2,29,31,6,35,41
04044300,HAZELDEN GRADUATE SCHOOL OF ADDICTION ST,MN,55012-0000,Private      ,0,39,39,1,89,90
04130200,INST. OF PRODUCTION AND RECORDING       ,MN,55401-1315,Proprietary  ,237,120,357,395,209,604
04148800,CENTERPOINT MASSAGE & SHIATSU THERAPY SC,MN,55414-4525,Proprietary  ,9,31,40,15,51,66
04157600,NOVA ACADEMY OF COSMETOLOGY             ,MN,55906-4103,Proprietary  ,1,0,1,1,0,1
04160000,ALLURE SCHOOL OF COSMETOLOGY            ,MN,55066-2086,Proprietary  ,6,13,19,9,23,32
04160500,AVALON SCHOOL OF COSMETOLOGY            ,MN,56187-1930,Proprietary  ,5,15,20,13,18,31
00239600,ALCORN STATE UNIVERSITY                 ,MS,39096-7500,Public       ,1238,1256,2494,3063,2220,5283
00239700,BELHAVEN UNIVERSITY                     ,MS,39202-1789,Private      ,378,1342,1720,1313,2593,3906
00239800,BLUE MOUNTAIN COLLEGE                   ,MS,38610-9370,Private      ,162,105,267,403,234,637
00240100,COAHOMA COMMUNITY COLLEGE               ,MS,38614-9799,Public       ,464,697,1161,912,1102,2014
00240200,COPIAH-LINCOLN COMMUNITY COLLEGE        ,MS,39191-0649,Public       ,898,1007,1905,1607,1657,3264
00240300,DELTA STATE UNIVERSITY                  ,MS,38733-0000,Public       ,1040,1175,2215,2571,2100,4671
00240400,EAST CENTRAL COMMUNITY COLLEGE          ,MS,39327-0129,Public       ,644,877,1521,1285,1419,2704
00240500,EAST MISSISSIPPI COMM COLLEGE           ,MS,39358-0000,Public       ,1115,1547,2662,1913,2347,4260
00240700,HINDS COMMUNITY COLLEGE                 ,MS,39154-9799,Public       ,2784,4390,7174,5146,7172,12318
00240800,HOLMES COMMUNITY COLLEGE                ,MS,39079-0000,Public       ,1455,2193,3648,2743,3667,6410
00240900,ITAWAMBA COMMUNITY COLLEGE              ,MS,38843-1099,Public       ,1428,2002,3430,2814,3575,6389
00241000,JACKSON STATE UNIVERSITY                ,MS,39217-0001,Public       ,2757,3790,6547,7020,6487,13507
00241100,JONES COUNTY JUNIOR COLLEGE             ,MS,39437-3999,Public       ,1630,1200,2830,2870,1999,4869
00241300,MERIDIAN COMMUNITY COLLEGE              ,MS,39307-5890,Public       ,844,1095,1939,1502,1700,3202
00241400,MILLSAPS COLLEGE                        ,MS,39201-0000,Private      ,365,203,568,1316,405,1721
00241500,MISSISSIPPI COLLEGE                     ,MS,39058-0001,Private      ,951,1423,2374,2327,2372,4699
00241501,MISSISSIPPI COLLEGE - SCHOOL OF LAW     ,MS,39201-1391,Private      ,19,367,386,57,787,844
00241502,MISSISSIPPI COLLEGE - RANKIN CAMPUS     ,MS,39042-0000,Private      ,27,75,102,55,143,198
00241600,MISSISSIPPI DELTA CMTY COLLEGE          ,MS,38761-0000,Public       ,735,783,1518,1377,1321,2698
00241700,MISSISSIPPI GULF CST CLG-PERKINSTON     ,MS,39573-0000,Public       ,761,430,1191,1428,727,2155
00241701,MISSISSIPPI GULF CST CLG-JEFF DAVIS     ,MS,39507-0000,Public       ,673,1410,2083,1147,2212,3359
00241702,MISSISSIPPI GULF CST CLG-JACKSON CN     ,MS,39553-0000,Public       ,583,952,1535,1034,1568,2602
00242200,MISSISSIPPI UNIV FOR WOMEN              ,MS,39701-5818,Public       ,581,917,1498,1389,1610,2999
00242300,MISSISSIPPI STATE UNIVERSITY            ,MS,39762-9698,Public       ,4324,2778,7102,12133,5366,17499
00242400,MISSISSIPPI VALLEY STATE UNIVERSITY     ,MS,38941-1400,Public       ,1019,1196,2215,2473,1975,4448
00242600,NORTHEAST MS CMNTY COLLEGE              ,MS,38829-1731,Public       ,1069,940,2009,2135,1635,3770
00242700,NORTHWEST MISSISSIPPI COMMUNITY CLG     ,MS,38668-1703,Public       ,2026,2014,4040,3967,3505,7472
00243000,PEARL RIVER COMMUNITY COLLEGE           ,MS,39470-2201,Public       ,1190,1469,2659,2214,2437,4651
00243300,RUST COLLEGE                            ,MS,38635-2328,Private      ,412,203,615,1027,411,1438
00243500,SOUTHEASTERN BAPTIST COLLEGE            ,MS,39440-0000,Private      ,4,28,32,15,44,59
00243600,SOUTHWEST MISSISSIPPI CMNTY CLG         ,MS,39666-8099,Public       ,665,658,1323,1082,963,2045
00243900,TOUGALOO COLLEGE                        ,MS,39174-9799,Private      ,502,234,736,1414,479,1893
00244000,UNIVERSITY OF MISSISSIPPI               ,MS,38677-1848,Public       ,3175,2420,5595,10184,5063,15247
00244001,UNIVERSITY OF MISSISSIPPI - MED CTR     ,MS,39216-0000,Public       ,176,551,727,513,1725,2238
00244100,UNIVERSITY OF SOUTHERN MISSISSIPPI      ,MS,39406-0001,Public       ,3629,3391,7020,9513,6903,16416
00244700,WILLIAM CAREY UNIVERSITY                ,MS,39401-5499,Private      ,543,1526,2069,1172,2644,3816
01146100,WESLEY COLLEGE                          ,MS,39073-1070,Private      ,16,31,47,29,54,83
01289101,ANTONELLI COLLEGE - JACKSON             ,MS,39232-9514,Proprietary  ,66,497,563,108,780,888
01289102,ANTONELLI COLLEGE - HATTIESBURG         ,MS,39401-3056,Proprietary  ,71,348,419,98,521,619
02074900,CHRIS' BEAUTY COLLEGE                   ,MS,39501-0000,Proprietary  ,10,49,59,17,73,90
02160500,NORTH MISSISSIPPI MED CTR MED TECH      ,MS,38801-0000,Private      ,12,46,58,26,86,112
02235900,ACADEMY OF HAIR DESIGN #4               ,MS,39208-0000,Proprietary  ,25,54,79,31,80,111
02244300,ACADEMY OF HAIR DESIGN #1               ,MS,38901-0000,Proprietary  ,34,97,131,51,133,184
02249900,DELTA BEAUTY COLLEGE                    ,MS,38701-0000,Proprietary  ,11,46,57,18,57,75
02251600,ACADEMY OF HAIR DESIGN #6               ,MS,39401-7581,Proprietary  ,37,111,148,47,155,202
02251700,FOSTER'S COSMETOLOGY COLLEGE            ,MS,38663-0000,Proprietary  ,5,4,9,6,10,16
02302800,MISSISSIPPI COLLEGE OF BEAUTY CULT      ,MS,39440-0000,Proprietary  ,10,20,30,14,37,51
02320800,MAGNOLIA COLLEGE OF COSMETOLOGY         ,MS,39206-0000,Proprietary  ,33,88,121,56,118,174
02361200,MAGNOLIA BIBLE COLLEGE                  ,MS,39090-0000,Private      ,0,2,2,2,6,8
02502100,CREATIONS COLLEGE OF COSMETOLOGY        ,MS,38803-0000,Proprietary  ,14,60,74,21,83,104
02516200,WESLEY BIBLICAL SEMINARY                ,MS,39206-0000,Private      ,2,59,61,5,91,96
02586000,J & J HAIR DESIGN COLLEGE               ,MS,39051-3716,Proprietary  ,6,28,34,10,43,53
03004000,FINAL TOUCH BEAUTY SCHOOL               ,MS,39307-2934,Proprietary  ,7,23,30,11,37,48
03010401,CRESCENT CITY BARTENDING SCHOOL         ,MS,39501-0000,Proprietary  ,3,28,31,5,42,47
03010404,CRESCENT CITY SCHOOL OF GAMING & BARTEND,MS,38664-1903,Proprietary  ,3,17,20,5,30,35
03010603,VIRGINIA COLLEGE - JACKSON              ,MS,39206-5602,Proprietary  ,75,467,542,123,733,856
03010610,VIRGINIA COLLEGE - BILOXI               ,MS,39532-2124,Proprietary  ,41,300,341,66,515,581
03263300,TRAXLER'S SCHOOL OF HAIR                ,MS,39212-2529,Proprietary  ,7,24,31,11,39,50
03464300,ACADEMY OF HAIR DESIGN                  ,MS,39562-0000,Proprietary  ,3,14,17,8,23,31
03525300,BLUE CLIFF COLLEGE                      ,MS,39507-0000,Proprietary  ,65,252,317,96,366,462
03848300,DAY SPA CAREER COLLEGE                  ,MS,39564-0000,Proprietary  ,12,29,41,18,55,73
03963300,HEALING TOUCH SCHOOL OF MASSAGE THERAPY ,MS,39402-1300,Proprietary  ,6,17,23,11,38,49
04131300,CORINTH ACADEMY OF COSMETOLOGY          ,MS,38834-4813,Proprietary  ,10,22,32,17,36,53
04137400,MISSISSIPPI SCHOOL OF THERAPEUTIC MASSAG,MS,39216-5023,Proprietary  ,12,30,42,24,52,76
04140200,"MISSISSIPPI INSTITUTE OF AESTHETICS, NAI",MS,39056-5628,Proprietary  ,13,39,52,22,58,80
00252600,CARROLL COLLEGE                         ,MT,59625-0002,Private      ,255,79,334,1721,231,1952
00252700,UNIVERSITY OF GREAT FALLS               ,MT,59405-4996,Private      ,129,191,320,542,472,1014
00252800,MILES COMMUNITY COLLEGE                 ,MT,59301-4799,Public       ,80,79,159,282,180,462
00252900,DAWSON COMMUNITY COLLEGE                ,MT,59330-1405,Public       ,56,52,108,245,108,353
00253000,MONTANA STATE UNIVERSITY - BILLINGS     ,MT,59101-0298,Public       ,595,1118,1713,2261,2683,4944
00253100,MONTANA TECH OF THE UNIV OF MONTANA     ,MT,59701-8997,Public       ,232,372,604,1356,1061,2417
00253200,MONTANA STATE UNIVERSITY - BOZEMAN      ,MT,59717-0001,Public       ,1355,1181,2536,9075,3553,12628
00253300,MONTANA STATE UNIVERSITY-NORTHERN       ,MT,59501-3148,Public       ,183,257,440,733,579,1312
00253400,ROCKY MOUNTAIN COLLEGE                  ,MT,59102-1796,Private      ,223,124,347,1157,306,1463
00253600,UNIVERSITY OF MONTANA (THE)             ,MT,59812-0001,Public       ,1579,1952,3531,8092,6529,14621
00253700,UNIVERSITY OF MONTANA WESTERN (THE)     ,MT,59725-3598,Public       ,243,180,423,1102,502,1604
00677700,FLATHEAD VALLEY COMMUNITY COLLEGE       ,MT,59901-2699,Public       ,230,444,674,752,1242,1994
00757000,HELENA COLLEGE OF TECHNOLOGY            ,MT,59601-3098,Public       ,127,305,432,384,795,1179
00790000,BUTTE ACADEMY OF BEAUTY CULTURE         ,MT,59701-9197,Proprietary  ,13,23,36,20,30,50
00894700,"DAHL'S COLLEGE OF BEAUTY,INC            ",MT,59401-3731,Proprietary  ,5,18,23,7,26,33
00931400,MSU COLLEGE OF TECH-GREAT FALLS         ,MT,59405-4907,Public       ,163,530,693,516,1117,1633
02143400,SALISH KOOTENAI COLLEGE                 ,MT,59855-0000,Public       ,81,243,324,229,566,795
02286600,LITTLE BIG HORN COLLEGE                 ,MT,59022-0000,Public       ,23,39,62,52,98,150
02343000,FT PECK COMMUNITY COLLEGE               ,MT,59255-0000,Public       ,13,39,52,33,99,132
02510600,BLACKFEET COMMUNITY COLLEGE             ,MT,59417-0000,Private      ,17,41,58,85,163,248
02517500,FORT BELKNAP COLLEGE                    ,MT,59526-0000,Public       ,10,47,57,29,76,105
02545200,CHIEF DULL KNIFE COLLEGE                ,MT,59043-0098,Public       ,10,35,45,39,81,120
02610900,STONE CHILD COLLEGE                     ,MT,59521-9796,Public       ,1,19,20,27,49,76
02621300,ACADEMY OF COSMETOLOGY                  ,MT,59715-3544,Proprietary  ,10,12,22,22,31,53
03205300,MODERN BEAUTY SCHOOL                    ,MT,59801-8386,Proprietary  ,19,33,52,33,57,90
03763400,"ACADEMY OF NAIL, SKIN & HAIR            ",MT,59101-0000,Proprietary  ,4,10,14,29,43,72
03778300,HEALTH WORKS INSTITUTE                  ,MT,59715-0000,Proprietary  ,2,13,15,15,42,57
04163700,BITTERROOT SCHOOL OF COSMETOLOGY        ,MT,59840-3118,Proprietary  ,5,7,12,7,15,22
04164100,SALON PROFESSIONAL ACADEMY (THE)        ,MT,59405-0000,Proprietary  ,20,48,68,34,71,105
00253900,CHADRON STATE COLLEGE                   ,NE,69337-2690,Public       ,463,419,882,1395,787,2182
00254000,COLLEGE OF ST MARY                      ,NE,68106-2606,Private      ,124,394,518,431,884,1315
00254100,CONCORDIA UNIVERSITY                    ,NE,68434-1594,Private      ,393,233,626,1200,368,1568
00254200,CREIGHTON UNIVERSITY                    ,NE,68178-0001,Private      ,716,1480,2196,4735,4451,9186
00254300,DANA COLLEGE                            ,NE,68008-9905,Private      ,349,66,415,952,114,1066
00254400,DOANE COLLEGE                           ,NE,68333-2421,Private      ,297,321,618,1534,636,2170
00254700,GRACE UNIVERSITY                        ,NE,68108-3629,Private      ,86,116,202,287,221,508
00254800,HASTINGS COLLEGE                        ,NE,68901-7621,Private      ,369,65,434,1351,134,1485
00255100,UNIVERSITY OF NEBRASKA AT KEARNEY       ,NE,68849-0001,Public       ,994,640,1634,3735,1350,5085
00255300,MIDLAND LUTHERAN COLLEGE                ,NE,68025-4254,Private      ,210,97,307,583,187,770
00255400,UNIVERSITY OF NEBRASKA-OMAHA            ,NE,68182-0001,Public       ,1793,1686,3479,7508,4908,12416
00255500,NEBRASKA WESLEYAN UNIVERSITY            ,NE,68504-2796,Private      ,538,190,728,1774,396,2170
00255700,MID-PLAINS COMM COLLEGE - NORTH PLATTE  ,NE,69101-9420,Public       ,152,233,385,373,412,785
00255701,MID-PLAINS COMMUNITY COLLEGE - MCCOOK   ,NE,69001-2631,Public       ,72,63,135,175,145,320
00255900,PERU STATE COLLEGE                      ,NE,68421-0010,Public       ,293,312,605,904,730,1634
00256000,WESTERN NEBRASKA COMMUNITY COLLEGE      ,NE,69361-1815,Public       ,193,319,512,604,726,1330
00256300,UNION COLLEGE                           ,NE,68506-4387,Private      ,287,140,427,634,269,903
00256500,UNIVERSITY OF NEBRASKA-LINCOLN          ,NE,68588-0419,Public       ,3563,1653,5216,13923,4476,18399
00256596,UNIVERSITY OF NEBRASKA - CURTIS         ,NE,69025-9522,Public       ,71,13,84,188,37,225
00256600,WAYNE STATE COLLEGE                     ,NE,68787-1172,Public       ,686,320,1006,2622,621,3243
00256700,YORK COLLEGE                            ,NE,68467-2699,Private      ,222,62,284,467,88,555
00443100,MARY LANNING MEM HOSP SCH RAD TECH      ,NE,68901-4497,Private      ,1,3,4,7,8,15
00443600,REGNL WST MEDCL CTR SCHL RAD            ,NE,69361-0000,Private      ,6,6,12,15,9,24
00458608,KAPLAN UNIVERSITY - OMAHA               ,NE,68134-1002,Proprietary  ,112,815,927,160,1213,1373
00458609,KAPLAN UNIVERSITY - LINCOLN             ,NE,68508-2668,Proprietary  ,67,433,500,124,841,965
00639900,BRYANLGH COLLEGE OF HEALTH SCIENCES     ,NE,68506-1398,Private      ,116,113,229,322,254,576
00640400,NEBR METHODIST CLG OF NURS ALLD HLTH    ,NE,68114-2852,Private      ,134,265,399,370,542,912
00689500,UNIVERSITY OF NEBRASKA-MED CTR          ,NE,68198-4265,Public       ,195,727,922,513,2058,2571
00750100,VATTEROTT COLLEGE                       ,NE,68137-1237,Proprietary  ,86,405,491,147,709,856
00849200,ALEGENT HEALTH SCHOOLS                  ,NE,68114-2767,Private      ,7,64,71,27,132,159
00952300,BAHNER COLLEGE OF HAIRSTYLING           ,NE,68025-3297,Proprietary  ,12,3,15,22,8,30
00961700,CAPITOL BEAUTY SCHOOL                   ,NE,68144-3873,Proprietary  ,72,76,148,87,102,189
00974300,BELLEVUE UNIVERSITY                     ,NE,68005-0000,Private      ,255,2322,2577,548,4182,4730
00986200,CLARKSON COLLEGE                        ,NE,68131-2739,Private      ,100,249,349,453,766,1219
01151900,JOSEPH'S COLLEGE OF BEAUTY/ALL CAMPUSES ,NE,68510-2226,Proprietary  ,69,109,178,102,189,291
01151909,JOSEPH'S COLLEGE OF BEAUTY - OMAHA      ,NE,68131-0000,Proprietary  ,5,12,17,10,22,32
01166700,NORTHEAST COMMUNITY COLLEGE             ,NE,68702-0000,Public       ,547,508,1055,1419,880,2299
01258600,METROPOLITAN COMMUNITY COLLEGE          ,NE,68103-0000,Public       ,1501,4149,5650,3414,8576,11990
01297600,NEBRASKA CHRISTIAN COLLEGE              ,NE,68046-4256,Private      ,49,15,64,119,33,152
02079700,COLLEGE OF HAIR DESIGN                  ,NE,68508-0000,Proprietary  ,65,75,140,125,124,249
02099500,CENTRAL COMMUNITY COLLEGE- GI           ,NE,68801-0000,Public       ,183,467,650,483,898,1381
02099501,CENTRAL COMMUNITY COLLEGE - HASTINGS    ,NE,68902-0000,Public       ,278,259,537,829,544,1373
02099502,CENTRAL COMMUNITY COLLEGE - COLUMBUS    ,NE,68602-0000,Public       ,143,174,317,389,302,691
02508300,SOUTHEAST COMM. COLLEGE-ALL CAMPUSES    ,NE,68520-0000,Public       ,1568,2053,3621,3837,4495,8332
02550800,NEBRASKA INDIAN COMMUNITY COLLEGE       ,NE,68039-0000,Public       ,3,15,18,5,19,24
02610500,XENON INTERNATIONAL ACADEMY II          ,NE,68127-3522,Proprietary  ,109,104,213,180,161,341
03127300,OMAHA SCHOOL OF MASSAGE THERAPY         ,NE,68127-5002,Proprietary  ,36,81,117,67,123,190
03164300,THE CREATIVE CENTER                     ,NE,68164-2911,Proprietary  ,67,14,81,151,36,187
03279300,MYOTHERAPY INSTITUTE                    ,NE,68516-3641,Proprietary  ,10,17,27,21,35,56
03323300,LITTLE PRIEST TRIBAL COLLEGE            ,NE,68071-0000,Private      ,2,23,25,9,30,39
03821400,UNIVERSAL COLLEGE OF HEALING ARTS       ,NE,68112-1810,Proprietary  ,5,20,25,9,42,51
00256800,UNIVERSITY OF NEVADA RENO               ,NV,89557-0002,Public       ,1863,1788,3651,8378,4611,12989
00256900,UNIVERSITY OF NEVADA-LAS VEGAS          ,NV,89154-1001,Public       ,3353,4850,8203,12720,12546,25266
00697700,GREAT BASIN COLLEGE                     ,NV,89801-3348,Public       ,149,404,553,402,786,1188
00736700,MARINELLO SCHOOLS OF BEAUTY             ,NV,89110-3563,Proprietary  ,48,149,197,82,211,293
00737100,MARINELLO SCHOOL OF BEAUTY              ,NV,89502-5982,Proprietary  ,51,111,162,70,164,234
00844103,ANTHEM INSTITUTE - MORRISON UNIVERSITY  ,NV,89521-4826,Proprietary  ,9,52,61,16,103,119
00919200,SIERRA NEVADA COLLEGE                   ,NV,89451-0000,Private      ,101,135,236,367,278,645
01036200,COLLEGE OF SOUTHERN NEVADA              ,NV,89146-1139,Public       ,4185,8478,12663,8675,16014,24689
01036300,WESTERN NEVADA COLLEGE                  ,NV,89703-0000,Public       ,445,915,1360,906,1883,2789
01323200,ACADEMY OF HAIR DESIGN                  ,NV,89146-1617,Proprietary  ,26,82,108,60,136,196
02107700,TRUCKEE MEADOWS COMMUNITY CLG           ,NV,89512-0000,Public       ,1222,2549,3771,2590,4905,7495
02237500,EVEREST COLLEGE                         ,NV,89103-0000,Proprietary  ,240,640,880,354,859,1213
02338509,NEVADA CAREER INSTITUTE                 ,NV,89121-0000,Proprietary  ,0,0,0,12,48,60
02338512,GLENDALE CAREER COLLEGE - NEVADA CAREER ,NV,89131-3268,Proprietary  ,6,51,57,7,61,68
02361001,ITT TECHNICAL INSTITUTE                 ,NV,89014-0000,Proprietary  ,114,388,502,185,514,699
02616703,SCOTTSDALE CULINARY INSTITUTE - LE CORDO,NV,89144-7047,Proprietary  ,38,102,140,129,224,353
02621500,CAREER COLLEGE OF NORTHERN NEVADA       ,NV,89434-7905,Proprietary  ,66,432,498,100,598,698
03030603,UTAH CLG OF MASSAGE THERAPY-NSMT        ,NV,89123-0000,Proprietary  ,52,162,214,80,212,292
03031405,INTERNATIONAL ACADEMY OF DESIGN AND TECH,NV,89074-7750,Proprietary  ,133,235,368,263,471,734
03043200,KAPLAN COLLEGE                          ,NV,89102-8618,Proprietary  ,180,695,875,293,1099,1392
03076404,BRYMAN SCHOOL OF ARIZONA (THE) - ANTHEM ,NV,89102-4514,Proprietary  ,34,110,144,66,243,309
03084600,THE ART INSTITUTE OF LAS VEGAS          ,NV,89074-7737,Proprietary  ,457,607,1064,1071,1286,2357
03088200,CARSON CITY BEAUTY ACADEMY              ,NV,89706-0000,Proprietary  ,12,41,53,17,63,80
03110000,ACADEMY OF HEALING ARTS                 ,NV,89106-4031,Proprietary  ,96,239,335,147,372,519
03232306,EUPHORIA INSTITUTE - SUMMERLIN          ,NV,89117-8803,Proprietary  ,83,166,249,108,260,368
03232307,EUPHORIA INSTITUTE - GREEN VALLEY       ,NV,89052-4964,Proprietary  ,63,154,217,95,216,311
03232308,EUPHORIA INSTITUTE - ALIANTE            ,NV,89131-1036,Proprietary  ,80,142,222,123,256,379
03787300,EXPERTISE SCHOOL OF BEAUTY              ,NV,89106-2516,Private      ,20,112,132,31,145,176
03838500,NORTHWEST HEALTH CAREERS                ,NV,89128-0255,Proprietary  ,24,87,111,54,168,222
03975300,INSTITUTE OF PROFESSIONAL CAREERS       ,NV,89119-7825,Proprietary  ,18,84,102,42,169,211
04065300,UNIVERSITY OF SOUTHERN NEVADA           ,NV,89014-2333,Private      ,96,491,587,290,1336,1626
04114300,NEVADA STATE COLLEGE                    ,NV,89002-9455,Public       ,307,775,1082,1021,1656,2677
04142601,TOURO UNIVERSITY - NEVADA               ,NV,89014-8800,Private      ,5,76,81,5,76,81
04144800,INTERNATIONAL ACADEMY OF STYLE          ,NV,89509-3450,Proprietary  ,12,25,37,21,59,80
04147600,AVEDA INSTITUTE LAS VEGAS               ,NV,89119-6103,Proprietary  ,54,108,162,87,174,261
00257200,COLBY-SAWYER COLLEGE                    ,NH,03257-4648,Private      ,69,13,82,2498,79,2577
00257300,DARTMOUTH COLLEGE                       ,NH,03755-3529,Private      ,267,483,750,10350,1715,12065
00257500,FRANKLIN PIERCE UNIVERSITY              ,NH,03461-0060,Private      ,306,457,763,2358,953,3311
00257900,NEW ENGLAND COLLEGE                     ,NH,03242-3293,Private      ,227,313,540,1400,618,2018
00258000,SOUTHERN NEW HAMPSHIRE UNIVERSITY       ,NH,03106-1045,Private      ,472,1464,1936,4369,3656,8025
00258100,NHTI  - CONCORD'S COMMUNITY COLLEGE     ,NH,03301-7412,Public       ,903,726,1629,2353,1417,3770
00258200,MANCHESTER COMMUNITY COLLEGE            ,NH,03102-8518,Public       ,361,515,876,995,1109,2104
00258202,NEW HAMPSHIRE COMMUNITY TECHNICAL COLLEG,NH,03038-0000,Public       ,6,6,12,27,21,48
00258300,GREAT BAY COMMUNITY COLLEGE             ,NH,03801-0000,Public       ,256,300,556,649,780,1429
00258600,RIVIER COLLEGE                          ,NH,03060-5086,Private      ,216,293,509,1327,794,2121
00258700,SAINT ANSELM COLLEGE                    ,NH,03102-1310,Private      ,352,33,385,3752,111,3863
00258900,UNIVERSITY OF NEW HAMPSHIRE             ,NH,03824-2511,Public       ,756,581,1337,19111,3147,22258
00259000,KEENE STATE COLLEGE                     ,NH,03431-0000,Public       ,681,139,820,7974,575,8549
00259100,PLYMOUTH STATE UNIVERSITY               ,NH,03264-1595,Public       ,445,347,792,6455,1159,7614
00301004,ANTIOCH UNIVERSITY                      ,NH,03431-0000,Private      ,2,289,291,4,848,852
00472900,HESSER COLLEGE                          ,NH,03103-7230,Proprietary  ,243,440,683,509,935,1444
00472901,HESSER COLLEGE - NASHUA CAMPUS          ,NH,03063-1286,Proprietary  ,67,234,301,137,521,658
00472904,HESSER COLLEGE - PORTSMOUTH CAMPUS      ,NH,03801-3245,Proprietary  ,72,188,260,121,434,555
00472905,HESSER COLLEGE - SALEM CAMPUS           ,NH,03079-2842,Proprietary  ,106,249,355,190,490,680
00472906,HESSER COLLEGE - CONCORD CAMPUS         ,NH,03301-3415,Proprietary  ,48,171,219,95,452,547
00473100,DANIEL WEBSTER COLLEGE                  ,NH,03063-1300,Proprietary  ,136,55,191,833,156,989
00473300,CHESTER COLLEGE OF NEW ENGLAND          ,NH,03036-4331,Private      ,32,12,44,206,39,245
00529100,WHITE MOUNTAINS COMMUNITY COLLEGE       ,NH,03570-3799,Public       ,144,286,430,331,544,875
00702500,LEBANON COLLEGE                         ,NH,03766-0000,Private      ,15,23,38,29,46,75
00755500,LAKES REGION COMMUNITY COLLEGE          ,NH,03246-1326,Public       ,219,214,433,520,495,1015
00756000,RIVER VALLEY COMMUNITY COLLEGE          ,NH,03743-9707,Public       ,123,252,375,266,563,829
00849300,CONTINENTAL ACADEMIE OF HAIR DESIGN     ,NH,03103-4901,Proprietary  ,8,6,14,10,17,27
00864500,EMPIRE BEAUTY SCHOOL                    ,NH,03220-0000,Proprietary  ,35,32,67,62,49,111
00923600,NASHUA COMMUNITY COLLEGE                ,NH,03063-2052,Public       ,336,363,699,701,709,1410
01318900,CONTINENTAL ACADEMIE OF HAIR DESIGN     ,NH,03051-3754,Proprietary  ,24,19,43,35,24,59
02097900,FRANKLIN PIERCE LAW CENTER              ,NH,03301-0000,Private      ,3,149,152,17,790,807
02140400,ST JOSEPH SCH OF PRAC NRSG              ,NH,03060-0000,Private      ,18,56,74,49,117,166
02174800,MICHAEL'S SCHOOL OF HAIR DESIGN & ESTHET,NH,03110-0000,Proprietary  ,30,12,42,57,39,96
02179600,EMPIRE BEAUTY SCHOOL                    ,NH,03878-0000,Proprietary  ,34,33,67,49,65,114
02211600,PORTSMOUTH BTY SCH OF HAIR DESIGN       ,NH,03801-4084,Proprietary  ,7,4,11,11,8,19
02223300,MAGDALEN COLLEGE                        ,NH,03278-4012,Private      ,15,3,18,35,4,39
02245400,KEENE BEAUTY ACADEMY                    ,NH,03431-0000,Proprietary  ,13,7,20,27,16,43
02247000,NEW ENGLAND SCHOOL OF HAIR DESIGN       ,NH,03784-0000,Proprietary  ,9,10,19,23,25,48
03043100,THOMAS MORE COLLEGE OF LIBERAL ARTS     ,NH,03054-4818,Private      ,29,3,32,85,7,92
03101300,GRANITE STATE COLLEGE                   ,NH,03301-6400,Public       ,101,572,673,224,1035,1259
03182300,NEW HAMPSHIRE INSTITUTE OF ART          ,NH,03104-4858,Private      ,201,47,248,650,105,755
03437300,UPPER VALLEY TEACHER TRANING PROGRAM    ,NH,03766-1358,Private      ,1,24,25,2,39,41
03729300,NH INSTITUTE FOR THERAPEUTIC ARTS       ,NH,03051-4906,Proprietary  ,1,20,21,8,34,42
00267000,BAPTIST BIBLE COLG OF PENNSYLVANIA      ,PA,18411-1297,Private      ,249,92,341,533,166,699
00322800,BRYN ATHYN COLLEGE OF THE NEW CHURCH    ,PA,19009-0717,Private      ,65,9,74,245,22,267
00322900,ALBRIGHT COLLEGE                        ,PA,19612-5234,Private      ,639,414,1053,3579,881,4460
00323000,ALLEGHENY COLLEGE                       ,PA,16335-3902,Private      ,308,38,346,3466,94,3560
00323100,COMM CLG OF ALLEGHENY-ALLEGHENY CMP     ,PA,15212-0000,Public       ,1438,2328,3766,2277,3763,6040
00323101,"COMM CLG OF ALLEGHENY, BOYCE CAMPUS     ",PA,15146-0000,Public       ,790,1075,1865,1240,1749,2989
00323102,"COMM CLG OF ALLEGHENY, NORTH CAMPUS     ",PA,15237-0000,Public       ,604,706,1310,1011,1158,2169
00323103,"COMM CLG OF ALLEGHENY, SOUTH CAMPUS     ",PA,15122-0000,Public       ,1021,1036,2057,1605,1729,3334
00323300,ALVERNIA UNIVERSITY                     ,PA,19607-1799,Private      ,603,605,1208,2047,1275,3322
00323500,ARCADIA UNIVERSITY                      ,PA,19038-3295,Private      ,723,712,1435,4361,1857,6218
00323700,BRYN MAWR COLLEGE                       ,PA,19010-2899,Private      ,293,164,457,1736,571,2307
00323800,BUCKNELL UNIVERSITY                     ,PA,17837-2122,Private      ,653,37,690,4819,150,4969
00323900,BUCKS COUNTY COMMUNITY COLLEGE          ,PA,18940-1320,Public       ,1614,1340,2954,3051,2492,5543
00324000,BUTLER COUNTY COMMUNITY COLLEGE         ,PA,16001-0000,Public       ,944,871,1815,1575,1540,3115
00324100,CABRINI COLLEGE                         ,PA,19087-3698,Private      ,497,479,976,1999,809,2808
00324200,CARNEGIE MELLON UNIVERSITY              ,PA,15213-3890,Private      ,1115,436,1551,10991,1531,12522
00324201,CARNEGIE MELLON UNIV- THE HEINZ COLLEGE ,PA,15213-0000,Private      ,20,120,140,191,544,735
00324202,CARNEGIE MELLON- TEPPER SCHOOL OF BUSINE,PA,15213-0000,Private      ,16,213,229,210,458,668
00324300,CEDAR CREST COLLEGE                     ,PA,18104-6196,Private      ,337,531,868,967,974,1941
00324400,CHATHAM UNIVERSITY                      ,PA,15232-2826,Private      ,130,582,712,737,1366,2103
00324500,CHESTNUT HILL COLLEGE                   ,PA,19118-2693,Private      ,481,704,1185,1929,1458,3387
00324700,MISERICORDIA  UNIVERSITY                ,PA,18612-1008,Private      ,646,529,1175,2037,991,3028
00324900,COMMUNITY COLLEGE OF PHILADELPHIA       ,PA,19130-3991,Public       ,4444,6966,11410,8779,13226,22005
00325100,CURTIS INSTITUTE OF MUSIC               ,PA,19103-6187,Private      ,35,28,63,279,124,403
00325200,DELAWARE VALLEY COLLEGE                 ,PA,18901-2697,Private      ,586,136,722,2202,311,2513
00325300,DICKINSON COLLEGE                       ,PA,17013-2896,Private      ,425,31,456,3057,138,3195
00325600,DREXEL UNIVERSITY                       ,PA,19104-2875,Private      ,3817,5785,9602,26118,13738,39856
00325800,DUQUESNE UNIVERSITY                     ,PA,15282-0001,Private      ,2275,1814,4089,7620,3796,11416
00325900,EASTERN UNIVERSITY                      ,PA,19087-3696,Private      ,632,1026,1658,2086,1988,4074
00326200,ELIZABETHTOWN COLLEGE                   ,PA,17022-2298,Private      ,350,192,542,2933,436,3369
00326300,EVANGELICAL SCHOOL OF THEOLOGY          ,PA,17067-0000,Private      ,0,52,52,0,85,85
00326500,FRANKLIN & MARSHALL COLLEGE             ,PA,17604-0000,Private      ,408,38,446,3071,94,3165
00326600,GANNON UNIVERSITY                       ,PA,16541-0001,Private      ,479,396,875,3391,1188,4579
00326700,GENEVA COLLEGE                          ,PA,15010-3599,Private      ,295,359,654,1933,782,2715
00326800,GETTYSBURG COLLEGE                      ,PA,17325-1486,Private      ,614,36,650,4002,105,4107
00326900,GROVE CITY COLLEGE                      ,PA,16127-0000,Private      ,328,24,352,1813,47,1860
00327000,GWYNEDD-MERCY COLLEGE                   ,PA,19437-0901,Private      ,468,547,1015,1702,1083,2785
00327200,HARCUM COLLEGE                          ,PA,19010-3476,Private      ,263,593,856,535,1111,1646
00327300,HARRISBURG AREA COMMUNITY COLLEGE       ,PA,17110-2999,Public       ,3420,5026,8446,7080,10532,17612
00327400,HAVERFORD COLLEGE                       ,PA,19041-1392,Private      ,279,20,299,2065,50,2115
00327500,HOLY FAMILY UNIVERSITY                  ,PA,19114-2094,Private      ,534,616,1150,2005,1560,3565
00327600,IMMACULATA UNIVERSITY                   ,PA,19345-0647,Private      ,426,738,1164,1484,1300,2784
00327700,INDIANA UNIVERSITY OF PENNSYLVANIA      ,PA,15705-1097,Public       ,4747,1676,6423,13775,3304,17079
00327900,JUNIATA COLLEGE                         ,PA,16652-2196,Private      ,192,22,214,2277,73,2350
00328000,KEYSTONE COLLEGE                        ,PA,18440-0200,Private      ,585,406,991,1475,723,2198
00328200,KINGS COLLEGE                           ,PA,18711-0801,Private      ,500,198,698,2877,470,3347
00328300,LACKAWANNA COLLEGE                      ,PA,18509-9961,Private      ,751,506,1257,1342,854,2196
00328400,LAFAYETTE COLLEGE                       ,PA,18042-1768,Private      ,438,26,464,3726,83,3809
00328500,LANCASTER BIBLE COLLEGE                 ,PA,17601-5036,Private      ,287,184,471,627,327,954
00328600,LANCASTER THEOLOGICAL SEMINARY          ,PA,17603-0000,Private      ,0,40,40,0,90,90
00328700,LASALLE UNIVERSITY                      ,PA,19141-1199,Private      ,1234,1303,2537,5486,2914,8400
00328800,LEBANON VALLEY COLLEGE                  ,PA,17003-1400,Private      ,318,70,388,2582,247,2829
00328900,LEHIGH UNIVERSITY                       ,PA,18015-1588,Private      ,867,300,1167,7524,799,8323
00329000,LINCOLN UNIVERSITY                      ,PA,19352-0999,Public       ,817,383,1200,3478,980,4458
00329100,LUTHERAN THEOLOG SEMINARY-GETTYSBRG     ,PA,17325-0000,Private      ,0,63,63,2,130,132
00329200,LUTHERAN THEOLOGICAL SEMINARY           ,PA,19119-0000,Private      ,1,79,80,2,171,173
00329300,LYCOMING COLLEGE                        ,PA,17701-5192,Private      ,231,48,279,1958,139,2097
00329400,MANOR COLLEGE                           ,PA,19046-3399,Private      ,167,181,348,505,454,959
00329600,MARYWOOD UNIVERSITY                     ,PA,18509-1598,Private      ,702,600,1302,2775,1366,4141
00329700,MERCYHURST COLLEGE                      ,PA,16546-0001,Private      ,1047,692,1739,3781,1506,5287
00329800,MESSIAH COLLEGE                         ,PA,17027-0800,Private      ,387,90,477,3179,208,3387
00330000,MOORE COLLEGE OF ART & DESIGN           ,PA,19103-1179,Private      ,117,66,183,700,242,942
00330100,MORAVIAN COLLEGE                        ,PA,18018-6650,Private      ,412,100,512,2237,235,2472
00330101,MORAVIAN THEOLOGICAL SEMINARY           ,PA,18018-0000,Private      ,5,33,38,20,51,71
00330200,MOUNT ALOYSIUS COLLEGE                  ,PA,16630-1999,Private      ,306,288,594,1281,702,1983
00330300,CARLOW COLLEGE                          ,PA,15213-3165,Private      ,291,617,908,1156,1480,2636
00330400,MUHLENBERG COLLEGE                      ,PA,18104-5586,Private      ,444,130,574,3430,274,3704
00330600,VALLEY FORGE CHRISTIAN COLLEGE          ,PA,19460-2399,Private      ,312,106,418,799,217,1016
00330900,PEIRCE COLLEGE                          ,PA,19102-4699,Private      ,134,1135,1269,233,1808,2041
00331100,PENNSYLVANIA COLLEGE OF OPTOMETRY       ,PA,19027-1598,Private      ,3,399,402,9,922,931
00331300,WIDENER UNIVERSITY                      ,PA,19013-5792,Private      ,748,721,1469,4046,1961,6007
00331302,WIDENER UNIV SCH OF LAW- HARRISBURG     ,PA,17106-9381,Private      ,3,246,249,11,732,743
00331500,BLOOMSBURG UNIVERSITY OF PA             ,PA,17815-1301,Public       ,2817,795,3612,11759,1842,13601
00331600,CALIFORNIA UNIV OF PENNSYLVANIA         ,PA,15419-1394,Public       ,2927,2099,5026,6839,3594,10433
00331700,CHEYNEY UNIVERSITY OF PENNSYLVANIA      ,PA,19319-0200,Public       ,789,380,1169,2095,802,2897
00331800,CLARION UNIVERSITY OF PENNSYLVANIA      ,PA,16214-1232,Public       ,2215,1129,3344,5312,2051,7363
00332000,EAST STROUDSBURG UNIVERSITY             ,PA,18301-2999,Public       ,1960,689,2649,7605,1520,9125
00332100,EDINBORO UNIVERSITY OF PENNSYLVANIA     ,PA,16444-0001,Public       ,1442,1062,2504,6174,2860,9034
00332200,KUTZTOWN UNIVERSITY OF PENNSYLVANIA     ,PA,19530-9339,Public       ,2191,749,2940,11229,1920,13149
00332300,LOCK HAVEN UNIV OF PENNSYLVANIA         ,PA,17745-2439,Public       ,1012,374,1386,5666,1222,6888
00332400,MANSFIELD UNIVERSITY                    ,PA,16933-1123,Public       ,894,425,1319,2957,923,3880
00332500,MILLERSVILLE UNIVERSITY OF PA           ,PA,17551-1800,Public       ,1919,766,2685,8322,2005,10327
00332600,SHIPPENSBURG UNIVERSITY                 ,PA,17257-2299,Public       ,2066,601,2667,7919,1354,9273
00332700,SLIPPERY ROCK UNIVERSITY                ,PA,16057-1326,Public       ,2897,915,3812,8338,1764,10102
00332800,WEST CHESTER UNIVERSITY                 ,PA,19383-0001,Public       ,2646,1196,3842,15148,3398,18546
00332900,PENN STATE UNIVERSITY                   ,PA,16802-1503,Public       ,16300,7536,23836,67848,20406,88254
00335000,UNIVERSITY OF THE ARTS (THE)            ,PA,19102-9493,Private      ,479,128,607,3041,539,3580
00335100,PHILADELPHIA BIBLICAL UNIVERSITY        ,PA,19047-2942,Private      ,373,237,610,873,365,1238
00335200,PHILADELPHIA CLG OSTEOPATHIC MED        ,PA,19131-0000,Private      ,7,1082,1089,18,2674,2692
00335300,UNIVERSITY OF THE SCIENCES IN PHILADELPH,PA,19104-4495,Private      ,369,232,601,3495,881,4376
00335400,PHILADELPHIA UNIVERSITY                 ,PA,19144-5497,Private      ,910,482,1392,4080,1153,5233
00335600,PITTSBURGH THEOLOGICAL SEMINARY         ,PA,15206-0000,Private      ,0,35,35,0,206,206
00335700,POINT PARK UNIVERSITY                   ,PA,15222-1912,Private      ,1111,977,2088,3222,1782,5004
00335800,REFORMED PRESBYTERIAN THEOL SEMINAR     ,PA,15208-0000,Private      ,0,9,9,0,20,20
00335900,ROBERT MORRIS UNIVERSITY                ,PA,15108-1189,Private      ,1390,835,2225,4506,1600,6106
00336000,ROSEMONT COLLEGE                        ,PA,19010-1699,Private      ,202,182,384,701,346,1047
00336200,SETON HILL UNIVERSITY                   ,PA,15601-1599,Private      ,610,475,1085,1923,841,2764
00336400,ST. CHARLES BORROMEO SEMINARY           ,PA,19096-0000,Private      ,15,19,34,37,32,69
00336600,SAINT FRANCIS UNIVERSITY                ,PA,15940-0600,Private      ,562,244,806,1860,526,2386
00336700,SAINT JOSEPH'S UNIVERSITY               ,PA,19131-1395,Private      ,1104,1133,2237,6030,2030,8060
00336800,ST VINCENT COLLEGE                      ,PA,15650-2690,Private      ,599,141,740,2019,267,2286
00336900,SUSQUEHANNA UNIVERSITY                  ,PA,17870-1001,Private      ,318,36,354,3103,118,3221
00337000,SWARTHMORE COLLEGE                      ,PA,19081-1397,Private      ,359,22,381,3752,88,3840
00337100,TEMPLE UNIV - MAIN CAMPUS               ,PA,19122-6003,Private      ,4932,2479,7411,27110,7413,34523
00337101,TEMPLE UNIV - SCHOOL OF LAW             ,PA,19122-0000,Private      ,12,352,364,63,2718,2781
00337102,TEMPLE UNIV - SCHOOL OF MEDICINE        ,PA,19140-0000,Private      ,32,255,287,149,1507,1656
00337103,TEMPLE UNIV - SCHOOL OF DENTISTRY       ,PA,19140-0000,Private      ,8,116,124,30,590,620
00337104,TEMPLE UNIV - AMBLER CAMPUS             ,PA,19002-0000,Private      ,196,220,416,720,594,1314
00337105,TEMPLE UNIV - SCH OF ALLIED HEALTH      ,PA,19140-0000,Private      ,87,201,288,464,507,971
00337106,TEMPLE UNIV - SCHOOL OF PHARMACY        ,PA,19140-0000,Private      ,34,227,261,220,695,915
00337107,TEMPLE UNIV - TYLER SCHOOL OF ART       ,PA,19122-0000,Private      ,192,93,285,1336,513,1849
00337108,TEMPLE UNIV - GRAD DIV HEALTH SCI       ,PA,19140-0000,Private      ,25,206,231,138,665,803
00337109,TEMPLE UNIV - GRADUATE DIVISION         ,PA,19122-0000,Private      ,27,972,999,134,2707,2841
00337111,TEMPLE UNIV-SCH OF PODIATRIC MED        ,PA,19107-0000,Private      ,2,191,193,6,416,422
00337600,THIEL COLLEGE                           ,PA,16125-2181,Private      ,369,70,439,1480,153,1633
00337800,UNIVERSITY OF PENNSYLVANIA              ,PA,19104-6216,Private      ,2151,3361,5512,17826,12086,29912
00337900,UNIVERSITY OF PITTSBURGH                ,PA,15260-0000,Public       ,5040,3453,8493,26045,9558,35603
00337906,UNIVERSITY OF PITTSBURGH - SCHOOL OF MED,PA,15261-0001,Public       ,54,390,444,221,1218,1439
00337907,UNIVERSITY OF PITTSBURGH - SCHOOL OF DEN,PA,15261-2523,Public       ,76,292,368,261,723,984
00338400,UNIVERSITY OF SCRANTON                  ,PA,18510-4622,Private      ,1220,637,1857,6664,1213,7877
00338500,URSINUS COLLEGE                         ,PA,19426-2562,Private      ,489,29,518,3484,93,3577
00338600,VALLEY FORGE MILITARY COLLEGE           ,PA,19087-3695,Private      ,149,21,170,367,41,408
00338800,VILLANOVA UNIVERSITY                    ,PA,19085-1699,Private      ,1466,919,2385,11796,2132,13928
00338801,VILLANOVA UNIV SCH OF LAW               ,PA,19085-0000,Private      ,1,279,280,33,1771,1804
00338900,WASHINGTON & JEFFERSON COLLEGE          ,PA,15301-4801,Private      ,404,23,427,2603,62,2665
00339100,WAYNESBURG UNIVERSITY                   ,PA,15370-1222,Private      ,583,336,919,1975,605,2580
00339200,WESTMINSTER COLLEGE                     ,PA,16172-0002,Private      ,580,44,624,2560,102,2662
00339300,WESTMINSTER THEOLOGICAL SEMINARY        ,PA,19038-0000,Private      ,1,69,70,2,225,227
00339400,WILKES UNIVERSITY                       ,PA,18766-0998,Private      ,784,469,1253,2840,880,3720
00339500,PENNSYLVANIA COLLEGE OF TECHNOLOGY      ,PA,17701-5779,Public       ,1869,979,2848,5028,2219,7247
00339600,WILSON COLLEGE                          ,PA,17201-1285,Private      ,117,172,289,433,392,825
00339900,YORK COLLEGE OF PENNSYLVANIA            ,PA,17405-7199,Private      ,1397,420,1817,8045,1014,9059
00398600,DESALES UNIVERSITY                      ,PA,18034-9568,Private      ,515,493,1008,2222,966,3188
00398700,LA ROCHE COLLEGE                        ,PA,15237-5898,Private      ,457,212,669,1016,384,1400
00398800,NEUMANN UNIVERSITY                      ,PA,19014-1298,Private      ,787,451,1238,2859,925,3784
00405800,GRATZ COLLEGE                           ,PA,19027-3097,Private      ,4,33,37,8,70,78
00445200,MONTGOMERY COUNTY COMMUNITY COLLEGE     ,PA,19422-6300,Public       ,2016,2193,4209,3681,3900,7581
00488700,BRANDYWINE SCHOOL OF NURSING            ,PA,19320-1536,Proprietary  ,4,12,16,14,30,44
00488900,CAMBRIA-ROWE BUSINESS COLLEGE           ,PA,15902-2494,Proprietary  ,72,130,202,121,244,365
00489000,CENTRAL PENNSYLVANIA COLLEGE            ,PA,17093-0309,Proprietary  ,318,457,775,1198,1103,2301
00489300,DU BOIS BUSINESS COLLEGE                ,PA,15801-2401,Proprietary  ,86,137,223,171,300,471
00489400,ERIE BUSINESS CENTER                    ,PA,16501-1305,Proprietary  ,33,191,224,55,293,348
00489401,ERIE BUSINESS CENTER SOUTH              ,PA,16101-0000,Proprietary  ,9,40,49,13,79,92
00489800,MCCANN SCHOOL OF BUSINESS & TECHNOL     ,PA,17901-1335,Proprietary  ,680,1489,2169,959,2456,3415
00489807,MCCANN SCHOOL OF BUSINESS & TECHNOLOGY -,PA,17013-3180,Proprietary  ,9,10,19,16,27,43
00489900,MERCY HOSP SCH OF NURSING               ,PA,15219-5166,Private      ,42,97,139,87,183,270
00490100,NEWPORT BUSINESS INSTITUTE              ,PA,15068-3929,Proprietary  ,14,45,59,23,74,97
00490200,PENN COMMERCIAL BUSINESS/TECHNICAL SCHL ,PA,15301-2871,Proprietary  ,112,208,320,177,348,525
00491000,KAPLAN CAREER INSTITUTE                 ,PA,17111-3571,Proprietary  ,179,410,589,282,743,1025
00491001,THOMPSON INSTITUTE-PHILADEPHIA CAMPUS   ,PA,19104-3386,Proprietary  ,96,377,473,153,633,786
00491400,NEWPORT BUSINESS INSTITUTE              ,PA,17701-5855,Proprietary  ,11,67,78,15,130,145
00500701,WEST VIRGINIA CAREER INSTITUTE          ,PA,15456-0000,Proprietary  ,42,78,120,56,130,186
00531000,PITTSBURGH INST OF AERONAUTICS          ,PA,15236-0000,Private      ,126,80,206,220,133,353
00533000,FAYETTE CNTY AREA VOC TECH PRC NRSG     ,PA,15401-0000,Public       ,7,31,38,12,48,60
00533500,CENTRAL PENN INST OF SCI & TECH PNP     ,PA,16823-0000,Public       ,28,64,92,49,113,162
00536500,YORK CO AREA VOC-TECH SCH-PRAC NSG      ,PA,17402-0000,Public       ,10,60,70,23,120,143
00594600,SCHOOL OF RADIOLOGIC TECHNOLOGY AT ST. C,PA,19134-1995,Proprietary  ,16,29,45,23,49,72
00653400,CITIZENS SCHOOL OF NURSING              ,PA,15068-6591,Private      ,52,78,130,104,146,250
00653700,CONEMAUGH VLY MEM HOSP SCH NRSNG        ,PA,15905-4398,Private      ,39,40,79,82,78,160
00653702,CONEMAUGH HOSP- SCH HISTOTECHNOLOGY     ,PA,15905-0000,Private      ,6,8,14,9,8,17
00653704,CONEMAUGH VLY MEM HOSP SCH RAD TECH     ,PA,15905-0000,Private      ,17,8,25,29,15,44
00653706,CONEMAUGH VLY MEM HOSP SCH  MED TECH    ,PA,15905-4398,Private      ,3,6,9,6,12,18
00653900,EPISCOPAL HOSPITAL SCHL OF NURSING      ,PA,19125-1000,Private      ,0,0,0,12,14,26
00655100,ST MARGARET SCHL OF NURSING             ,PA,15238-3205,Private      ,32,85,117,64,186,250
00656000,OHIO VALLEY HOSP SCH OF NURSING         ,PA,15136-1694,Private      ,11,38,49,24,57,81
00656500,READING HOSPITAL SCHOOL OF HEALTH SCIENC,PA,19611-1744,Private      ,83,155,238,190,305,495
00657400,"ST LUKE'S HOSPITAL OF BETHLEHEM, PA     ",PA,18015-1065,Private      ,15,61,76,44,133,177
00657600,SEWICKLEY VALLEY HOSP SCH NRSNG         ,PA,15143-1498,Private      ,27,33,60,42,51,93
00657700,UPMC SHADYSIDE SCHOOL OF NURSING        ,PA,15232-1381,Private      ,69,212,281,134,336,470
00657800,SHARON REGIONAL SCHOOL OF NURSING       ,PA,16146-3395,Private      ,6,25,31,14,56,70
00658200,WASHINGTON HOSP SCH OF NURSING          ,PA,15301-3398,Private      ,26,67,93,47,114,161
00658202,WASHINGTON HOSP SCH OF RAD TECH         ,PA,15301-3398,Private      ,5,11,16,15,18,33
00658300,WESTERN PENN HOSP-SCH OF NURSING        ,PA,15224-1790,Private      ,59,87,146,98,133,231
00680700,COMMUNITY COLLEGE OF BEAVER COUNTY      ,PA,15061-2588,Public       ,622,765,1387,1063,1207,2270
00681000,LEHIGH CARBON COMMUNITY COLLEGE         ,PA,18078-2598,Public       ,1381,1528,2909,2562,2880,5442
00681100,LUZERNE COUNTY COMMUNITY COLLEGE        ,PA,18634-3899,Public       ,1755,1653,3408,3004,2981,5985
00708700,ABINGTON MEM HOSP SCHL OF NURSING       ,PA,19090-1284,Private      ,34,116,150,108,315,423
00709100,EVEREST INSTITUTE                       ,PA,15222-1320,Proprietary  ,114,471,585,149,657,806
00711000,DELAWARE COUNTY COMMUNITY COLLEGE       ,PA,19063-1094,Public       ,2138,2262,4400,3929,4394,8323
00719100,NORTHAMPTON COMMUNITY COLLEGE           ,PA,18020-7599,Public       ,1712,1673,3385,4958,4418,9376
00739802,KATHERINE GIBBS-PHILADELPHIA            ,PA,19403-2422,Proprietary  ,0,0,0,0,1,1
00743000,ANTONELLI INST OF ART & PHOTOGRAPHY     ,PA,19038-8242,Proprietary  ,15,2,17,68,8,76
00743600,KAPLAN CAREER INSTITUTE - ICM CAMPUS    ,PA,15222-1977,Proprietary  ,193,462,655,377,1102,1479
00743700,PITTSBURGH TECHNICAL INSTITUTE          ,PA,15071-3205,Proprietary  ,729,289,1018,2095,856,2951
00746900,"HUSSIAN SCHOOL OF ART, INC.             ",PA,19106-0000,Proprietary  ,75,10,85,138,18,156
00747000,"ART INSTITUTE OF PITTSBURGH, THE        ",PA,15219-1328,Proprietary  ,2265,10324,12589,4649,16704,21353
00752900,CTR ART TCH BRDYWN CMPS PRC NRS PRG     ,PA,19320-2459,Public       ,20,85,105,29,121,150
00775900,LINCOLN TECHNICAL INSTITUTE             ,PA,18104-3298,Proprietary  ,178,314,492,277,452,729
00777900,LANSDALE SCHOOL OF BUSINESS             ,PA,19454-0000,Proprietary  ,74,308,382,81,367,448
00778000,NEW CASTLE SCHOOL OF TRADES             ,PA,16143-9721,Proprietary  ,97,349,446,178,498,676
00778100,CHI INSTITUTE/RETS CAMPUS               ,PA,19008-3516,Proprietary  ,100,248,348,140,397,537
00783200,LINCOLN TECH INSTITUTE                  ,PA,19136-1595,Proprietary  ,181,189,370,351,330,681
00783900,TRIANGLE TECH                           ,PA,15214-3897,Proprietary  ,132,158,290,166,240,406
00791200,THADDEUS STEVENS CLG OF TECHNOLOGY      ,PA,17602-0000,Public       ,415,168,583,1014,390,1404
00791600,FRANKLIN CNTY CAREER & TECH CTR-PNP     ,PA,17201-0000,Public       ,6,27,33,18,41,59
00820000,JAMESON MEMORIAL HOSP SCH NURSING       ,PA,16105-2595,Private      ,14,50,64,32,92,124
00826301,AWARD BEAUTY SCHOOL - CHAMBERSBURG BEAUT,PA,17201-2435,Proprietary  ,2,3,5,5,4,9
00835000,ART INSTITUTE OF PHILADELPHIA           ,PA,19103-5198,Proprietary  ,1247,928,2175,3239,1939,5178
00844100,ANTHEM INSTITUTE                        ,PA,19064-1243,Proprietary  ,85,326,411,124,461,585
00856800,VET TECH INSTITUTE                      ,PA,15222-3400,Proprietary  ,143,50,193,282,124,406
00865300,JEFFERSON CO DUBOIS VOC TECH-PR NSG     ,PA,15851-0000,Public       ,13,25,38,25,43,68
00888900,LEHIGH VALLEY COLLEGE                   ,PA,18034-8447,Proprietary  ,0,0,0,30,10,40
00895500,PRUONTOS HAIR DESIGN INSTITUTE          ,PA,16602-0000,Proprietary  ,4,7,11,8,20,28
00915705,WYOMING TECHNICAL INSTITUTE - BLAIRSVILL,PA,15717-8060,Proprietary  ,785,654,1439,1426,1023,2449
00918600,DEAN INSTITUTE OF TECHNOLOGY            ,PA,15226-1197,Proprietary  ,18,69,87,26,102,128
00944900,PENNCO TECH                             ,PA,19007-0000,Proprietary  ,154,300,454,204,386,590
00966400,EMPIRE BEAUTY SCHOOL                    ,PA,18052-5730,Proprietary  ,57,144,201,80,195,275
00966500,EMPIRE BEAUTY SCHOOL                    ,PA,17109-2210,Proprietary  ,51,119,170,67,157,224
00966600,EMPIRE BEAUTY SCHOOL                    ,PA,19605-2803,Proprietary  ,52,135,187,71,197,268
00972100,BRADFORD SCHOOL                         ,PA,15219-2602,Proprietary  ,284,73,357,700,135,835
00972300,ARIA HEALTH SCHOOL OF NURSING           ,PA,19124-2696,Private      ,84,156,240,168,303,471
00978300,GORDON PHILLIPS SCH OF BEAUTY CULT      ,PA,19135-0000,Proprietary  ,75,206,281,123,331,454
00986300,LANCASTER GENERAL COLLEGE OF NURSING AND,PA,17602-4955,Private      ,169,341,510,489,696,1185
01000600,GREATER JOHNSTOWN AREA VOC TECH SCH     ,PA,15904-0000,Public       ,32,99,131,50,192,242
01005500,CRAWFORD CNTY AREA VO-TECH PRAC NUR     ,PA,16335-0000,Public       ,4,28,32,11,32,43
01017600,WESTMORELAND COUNTY COMMUNITY CLG       ,PA,15697-1895,Public       ,1348,1446,2794,2266,2620,4886
01038800,READING AREA COMMUNITY COLLEGE          ,PA,19603-1706,Public       ,960,1675,2635,1638,2922,4560
01054100,EMPIRE BEAUTY SCHOOL                    ,PA,15146-2229,Proprietary  ,47,115,162,65,171,236
01054200,EMPIRE BEAUTY SCHOOL                    ,PA,18701-0000,Proprietary  ,79,107,186,105,161,266
01054300,EMPIRE BEAUTY SCHOOL                    ,PA,17701-3914,Proprietary  ,52,82,134,62,125,187
01081400,PITTSBURGH INST MORTUARY SCIENCE        ,PA,15206-3706,Private      ,29,82,111,81,162,243
01086000,GREATER ALTOONA CAREER/TECH CENTER      ,PA,16602-0000,Public       ,24,96,120,40,165,205
01096300,GREENE COUNTY VOC-TECH SCHOOL           ,PA,15370-0000,Public       ,7,23,30,10,28,38
01097000,EMPIRE BEAUTY SCHOOL                    ,PA,17042-5209,Proprietary  ,11,38,49,24,54,78
01099800,PENNSYLVANIA INSTITUTE OF TECH          ,PA,19063-4098,Private      ,261,458,719,420,670,1090
01102000,EMPIRE BEAUTY SCHOOL                    ,PA,17604-4335,Proprietary  ,52,127,179,67,148,215
01102100,EMPIRE BEAUTY SCHOOL                    ,PA,17402-2862,Proprietary  ,56,222,278,77,274,351
01162100,AUTOMOTIVE TRAINING CENTER              ,PA,19341-1310,Proprietary  ,294,140,434,491,220,711
01162200,WELDER TRAINING & TESTING INST          ,PA,18109-3253,Proprietary  ,14,21,35,19,47,66
01163800,EMPIRE BEAUTY SCHOOL                    ,PA,17876-0000,Proprietary  ,21,28,49,25,34,59
01171500,SCHUYLKILL HEALTH SCHOOL OF NURSING     ,PA,17901-3692,Private      ,17,17,34,48,35,83
01191900,BEAVER FALLS BEAUTY ACADEMY             ,PA,15010-4208,Proprietary  ,10,18,28,16,24,40
01205000,ROSEDALE TECHNICAL INSTITUTE            ,PA,15205-9791,Private      ,114,121,235,164,230,394
01239300,THOMAS JEFF UNIV-CLG ALLIED HEALTH      ,PA,19107-0000,Private      ,56,248,304,285,1038,1323
01239301,THOMAS JEFFERSON UNIVERSITY - JEFFERSON ,PA,19107-5001,Private      ,86,551,637,207,1670,1877
01239303,THOMAS JEFFERSON UNIVERSITY - COLLEGE OF,PA,19107-6731,Private      ,76,299,375,193,989,1182
01246104,LINCOLN TECHNICAL INSTITUTE             ,PA,19104-0202,Proprietary  ,140,351,491,226,476,702
01246105,LINCOLN TECHNICAL INSTITUTE             ,PA,19116-4202,Proprietary  ,117,233,350,186,336,522
01252300,TALMUDICAL YESHIVA OF PHILA             ,PA,19131-1296,Private      ,26,1,27,28,1,29
01260500,EMPIRE BEAUTY SCHOOL                    ,PA,17331-2405,Proprietary  ,23,60,83,35,81,116
01260600,EMPIRE BEAUTY SCHOOL                    ,PA,17901-2505,Proprietary  ,51,144,195,95,298,393
01260700,EMPIRE BEAUTY SCHOOL                    ,PA,16801-5218,Proprietary  ,5,24,29,10,33,43
01292900,SOUTH HILLS BEAUTY ACADEMY              ,PA,15216-2335,Proprietary  ,11,23,34,16,31,47
01301500,GORDON PHILLIPS SCH BEAUTY CULTURE      ,PA,19102-2701,Proprietary  ,147,324,471,184,472,656
01313400,YESHIVATH BETH MOSHE                    ,PA,18505-2196,Private      ,3,1,4,3,1,4
01321400,ROXBOROUGH MEM HOSP SCH OF NURSING      ,PA,19128-0000,Proprietary  ,28,84,112,65,183,248
01326300,SOUTH HILLS SCHOOL OF BUSINESS & TECHNOL,PA,16801-4516,Proprietary  ,283,291,574,475,495,970
01326304,SOUTH HILLS SCHOOL OF BUSINESS & TECHNOL,PA,16602-1188,Proprietary  ,0,0,0,10,16,26
02061000,VENUS BEAUTY ACADEMY                    ,PA,19079-0000,Proprietary  ,18,14,32,24,24,48
02068300,DOUGLAS SCHOOL OF BUSINESS              ,PA,15062-0000,Proprietary  ,88,106,194,219,235,454
02090200,TRIANGLE TECH                           ,PA,16502-0000,Proprietary  ,65,84,149,103,137,240
02092500,LAUREL TECHNICAL INSTITUTE              ,PA,16146-0000,Proprietary  ,58,216,274,80,293,373
02092502,BUSINESS INSTITUTE OF PENNSYLVANIA      ,PA,16335-0000,Proprietary  ,6,13,19,15,21,36
02107300,PENNSYLVANIA ACADEMY OF FINE ARTS       ,PA,19102-1424,Private      ,76,57,133,279,246,525
02112200,GREAT LAKES INSTITUTE OF TECHNOLOGY     ,PA,16509-0000,Proprietary  ,109,249,358,189,363,552
02114200,JOHNSON COLLEGE                         ,PA,18508-0000,Private      ,244,134,378,441,229,670
02116001,SANFORD-BROWN INSTITUTE - TREVOSE       ,PA,19053-4700,Proprietary  ,117,413,530,237,952,1189
02118000,LEVITTOWN BEAUTY ACADEMY LLC            ,PA,19054-1713,Proprietary  ,5,5,10,6,6,12
02119300,PA ACAD OF COSMETOLOGY ARTS & SCI       ,PA,15904-0000,Proprietary  ,24,18,42,37,30,67
02119301,PA ACAD OF COSMTLGY ARTS & SCI          ,PA,15801-0000,Proprietary  ,2,0,2,4,2,6
02120800,"YORKTOWNE BUSINESS INSTITUTE, INC.      ",PA,17404-0000,Proprietary  ,60,138,198,101,228,329
02127400,YORK TECHNICAL INSTITUTE                ,PA,17402-0000,Proprietary  ,581,607,1188,1064,1522,2586
02129000,TRIANGLE TECH                           ,PA,15601-0000,Proprietary  ,178,178,356,231,232,463
02129001,TRIANGLE TECH - BUSINESS CAREERS INSTITU,PA,15601-3304,Proprietary  ,5,6,11,7,6,13
02144000,"VISION ACADEMY, THE                     ",PA,18103-0000,Proprietary  ,9,15,24,15,25,40
02149000,EMPIRE BEAUTY SCHOOL                    ,PA,19341-2804,Proprietary  ,27,65,92,40,90,130
02151500,CENTRAL SUSQUEHANNA LPN CENTER          ,PA,17837-8818,Public       ,12,71,83,32,156,188
02152105,ACADEMY OF COURT REPORTING AND TECHNOLOG,PA,15222-1710,Proprietary  ,18,104,122,23,119,142
02153500,OAKBRIDGE ACADEMY OF ARTS               ,PA,15068-0000,Proprietary  ,42,7,49,72,21,93
02158300,JUNIATA-MIFFLIN CO AREA VOC TECH        ,PA,17044-0000,Public       ,7,20,27,16,47,63
02161400,NORTHEASTERN HOSP SCH OF NRSG           ,PA,19134-0000,Private      ,20,87,107,45,158,203
02169600,CLEARFIELD CTY CAREER AND TECH CNTR     ,PA,16830-0000,Public       ,16,47,63,38,92,130
02174400,TRIANGLE TECH                           ,PA,15801-0000,Proprietary  ,197,260,457,250,315,565
02178900,ACADEMY OF HAIR DESIGN                  ,PA,18202-1465,Proprietary  ,4,20,24,8,27,35
02183000,ORLEANS TECHNICAL INSTITUTE             ,PA,19111-0000,Private      ,68,217,285,99,286,385
02192800,WALNUT HILL COLLEGE                     ,PA,19104-0000,Proprietary  ,157,102,259,363,221,584
02202300,SANFORD-BROWN INSTITUTE                 ,PA,15219-1907,Proprietary  ,164,396,560,230,825,1055
02202301,SANFORD-BROWN INSTITUTE                 ,PA,15146-2141,Proprietary  ,87,265,352,121,464,585
02203900,ERIE INSTITUTE OF TECHNOLOGY            ,PA,16565-1002,Proprietary  ,56,101,157,104,273,377
02206200,AMBLER BEAUTY ACADEMY                   ,PA,19002-0000,Proprietary  ,15,14,29,23,18,41
02206300,STROUDSBURG SCHOOL OF COSMETOLOGY       ,PA,18360-0000,Proprietary  ,14,9,23,16,14,30
02212700,LANCASTER SCHOOL OF COSMETOLOGY         ,PA,17602-0000,Proprietary  ,13,37,50,21,53,74
02234200,ACADEMY OF MEDICAL ARTS & BUSINESS      ,PA,17112-0000,Proprietary  ,109,231,340,135,278,413
02251200,SCHUYLKILL COUNTY AREA VOC TECH SCH     ,PA,17931-0000,Public       ,8,41,49,21,71,92
02251202,SCHUYLKILL COUNTY AREA VOC TECH SCH     ,PA,17931-0000,Public       ,6,22,28,11,27,38
02253900,BERKS TECHNICAL INSTITUTE               ,PA,19610-0000,Proprietary  ,327,396,723,539,726,1265
02255200,PENNSYLVANIA SCHOOL OF BUSINESS         ,PA,18101-1604,Proprietary  ,53,173,226,110,480,590
02269900,PENNSYLVANIA COLLEGE OF ART & DESIGN    ,PA,17603-3528,Private      ,170,30,200,426,76,502
02270500,BUCKS COUNTY SCHOOL OF BEAUTY CULT      ,PA,19053-0000,Proprietary  ,13,10,23,22,17,39
02273400,RECONSTRUCTIONIST RABBINICAL COLLEG     ,PA,19095-0000,Private      ,0,10,10,0,15,15
02276600,HANOVER PUBLIC SCH DIST PRAC NURSG      ,PA,17331-0000,Public       ,9,15,24,11,30,41
02282500,LENAPE SCHOOL OF PRACTICAL NURSING      ,PA,16226-0000,Public       ,17,71,88,30,159,189
02288800,EMPIRE BEAUTY SCHOOL                    ,PA,18974-4508,Proprietary  ,14,49,63,21,56,77
02289500,PACE INSTITUTE                          ,PA,19601-0000,Proprietary  ,47,153,200,61,224,285
02289600,CONSOLIDATED SCHOOL OF BUSINESS         ,PA,17404-0000,Proprietary  ,13,112,125,27,170,197
02289700,ACADEMY OF CREATIVE HAIR DESIGN         ,PA,18702-0000,Proprietary  ,27,31,58,39,54,93
02289800,CHI INSTITUTE - FRANKLIN MILLS          ,PA,19154-0000,Proprietary  ,192,378,570,341,813,1154
02290400,"ALTOONA BEAUTY SCHOOL, INC              ",PA,16602-0000,Proprietary  ,11,29,40,20,41,61
02292700,LANSDALE SCHOOL OF COSMETOLOGY          ,PA,19446-0000,Proprietary  ,15,13,28,22,20,42
02299300,TRINITY EPISCOPAL SCHOOL MINISTRY       ,PA,15003-0000,Private      ,0,61,61,1,76,77
02301300,PJA SCHOOL (THE)                        ,PA,19082-1917,Proprietary  ,44,236,280,55,316,371
02304400,YTI CAREER INSTITUTE - MECHANICSBURG    ,PA,17055-0000,Proprietary  ,82,140,222,119,237,356
02306200,VENANGO COUNTY AREA VOC TECH SCHOOL     ,PA,16301-0000,Public       ,6,24,30,13,36,49
02310800,LANCASTER COUNTY CAREER & TECH CTR      ,PA,17584-0000,Public       ,56,157,213,97,303,400
02323000,BIBLICAL THEOLOGICAL SEMINARY           ,PA,19440-2421,Private      ,0,33,33,0,33,33
02330300,LEBANON CO CAREER & TECHNOLOGY CTR      ,PA,17042-0000,Public       ,14,62,76,27,117,144
02330600,PENNSYLVANIA GUNSMITH SCHOOL            ,PA,15202-0000,Proprietary  ,16,29,45,42,53,95
02350100,WESTERN AREA CAREER & TECHNOLOGY CT     ,PA,15317-0000,Public       ,13,56,69,19,85,104
02350200,INDIANA COUNTY TECH CTR SCH PR NSG      ,PA,15701-1465,Public       ,20,64,84,33,97,130
02353100,NORTHERN TIER CAREER CENTER             ,PA,18848-0000,Public       ,6,25,31,15,63,78
02361002,ITT TECHNICAL INSTITUTE                 ,PA,19406-0000,Proprietary  ,160,238,398,255,330,585
02362300,MERCER COUNTY AREA VOC TECH SCHOOL      ,PA,16137-0000,Public       ,8,34,42,11,65,76
02492500,DELAWARE VLY ACAD MED DNTL ASSTS        ,PA,19114-0000,Proprietary  ,8,27,35,15,34,49
02492600,EASTERN CTR ARTS AND TECH PR NSG        ,PA,19090-0000,Public       ,7,30,37,15,63,78
02495500,ALL-STATE CAREER SCHOOL                 ,PA,19029-0000,Proprietary  ,102,328,430,128,395,523
02529800,WILKES BARRE AREA CAREER AND TECHNICAL C,PA,18705-0000,Public       ,27,78,105,39,152,191
02536600,COMMONWEALTH TECH INSTIT @ HIRAM G      ,PA,15905-0000,Public       ,99,53,152,169,81,250
02544300,BUTLER BEAUTY SCHOOL                    ,PA,16001-0000,Proprietary  ,14,32,46,24,57,81
02545000,LAWRENCE COUNTY CAREER AND TECHNICAL CEN,PA,16101-0000,Public       ,8,42,50,10,64,74
02546200,LAUREL BUSINESS INSTITUTE               ,PA,15401-0877,Proprietary  ,104,140,244,141,228,369
02550000,CLARION CO AREA VOC-TECH PRAC NRSG      ,PA,16254-0000,Public       ,6,40,46,11,66,77
02554500,HAZLETON AREA CAREER CENTER PRACTICAL NU,PA,18201-0000,Public       ,5,35,40,13,53,66
02557800,ART INSTITUTE OF YORK (THE) - PENNSYLVAN,PA,17402-9012,Proprietary  ,285,134,419,702,278,980
02566400,ALBERT EINSTEIN MED CTR DEPT DNTL       ,PA,19141-3098,Private      ,5,13,18,9,35,44
02574800,PENNSYLVANIA INSTITUTE OF TAXIDERMY     ,PA,15931-0000,Proprietary  ,4,12,16,9,20,29
02609500,CAREER TRAINING ACADEMY                 ,PA,15068-6308,Proprietary  ,42,92,134,55,176,231
02609501,CAREER TRAINING ACADEMY                 ,PA,15146-0000,Proprietary  ,2,13,15,7,20,27
02616100,JEAN MADELINE ED CTR FOR COSM           ,PA,19147-1542,Proprietary  ,149,106,255,254,198,452
03006800,LE CORDON BLEU INSTITUTE OF CULINARY ART,PA,15222-3511,Proprietary  ,191,221,412,448,429,877
03010800,TRI-STATE BUSINESS INSTITUTE            ,PA,16506-1013,Proprietary  ,356,913,1269,685,1932,2617
03011500,FORTIS INSTITUTE                        ,PA,18702-0000,Proprietary  ,69,120,189,113,170,283
03011600,FORTIS INSTITUTE                        ,PA,18509-2903,Proprietary  ,65,160,225,110,219,329
03029900,CONSOLIDATED SCHOOL OF BUSINESS         ,PA,17603-2389,Proprietary  ,26,96,122,36,140,176
03031600,DPT BUSINESS SCHOOL                     ,PA,19116-3961,Proprietary  ,39,184,223,50,200,250
03031601,DPT BUSINESS SCHOOL                     ,PA,19106-0000,Proprietary  ,26,85,111,31,104,135
03067000,ANTONELLI MEDICAL & PROF INST           ,PA,19464-9244,Proprietary  ,9,19,28,20,30,50
03072400,ALL-STATE CAREER SCHOOL                 ,PA,15122-0000,Proprietary  ,12,106,118,22,114,136
03072600,DCI CAREER INSTITUTE                    ,PA,15061-2307,Proprietary  ,10,66,76,19,105,124
03081900,YTI CAREER INSTITUTE - ALTOONA          ,PA,16602-4457,Proprietary  ,60,99,159,143,264,407
03090800,LAKE ERIE COLL OF OSTEOPATHIC MED       ,PA,16509-0000,Private      ,17,1057,1074,74,3154,3228
03098600,CAREER TECH CTR OF LACKAWANNA CNTY      ,PA,18508-0000,Public       ,17,67,84,39,94,133
03101400,FORBES ROAD CAREER & TECHNOLOGY CTR     ,PA,15146-1550,Public       ,6,4,10,6,5,11
03101500,BIDWELL TRAINING CENTER                 ,PA,15233-2233,Private      ,11,23,34,20,31,51
03103300,JNA INSTITUTE OF CULINARY ARTS          ,PA,19146-3119,Proprietary  ,28,50,78,63,81,144
03109100,METROPOLITAN CAREER CENTER              ,PA,19144-0000,Private      ,15,67,82,30,131,161
03110700,AVIATION INSTITUTE OF MAINTENANCE       ,PA,19114-1017,Proprietary  ,53,161,214,80,268,348
03120400,REGIONAL CAREER & TECHNICAL CENTER      ,PA,16509-4699,Public       ,3,4,7,6,9,15
03128400,DELAWARE COUNTY TECHNICAL SCHOOL        ,PA,19032-1998,Public       ,16,73,89,27,117,144
03180400,PENNSYLVANIA HIGHLANDS COMMUNITY COLLEGE,PA,15904-2927,Public       ,344,277,621,687,597,1284
03236400,LT INTERNATIONAL BEAUTY SCHOOL          ,PA,19130-2235,Proprietary  ,1,6,7,6,13,19
03353300,ACADEMY OF VOCAL ARTS                   ,PA,19103-6685,Private      ,7,7,14,15,41,56
03380301,STAR CAREER ACADEMY - STAR PHILADELPHIA ,PA,19114-2204,Proprietary  ,45,238,283,77,355,432
03439400,NAWCC SCHOOL OF HOROLOGY                ,PA,17512-2130,Private      ,1,7,8,1,15,16
03535300,HUNTINGDON COUNTY CAREER AND TECHNO     ,PA,17060-0905,Public       ,1,16,17,2,24,26
03561400,SUSQUEHANNA COUNTY CAREER & TECHNOL     ,PA,18816-0100,Public       ,3,6,9,9,8,17
03766300,PENNSYLVANIA SCHOOL OF MUSCLE THERAPY   ,PA,19406-3101,Proprietary  ,16,74,90,25,101,126
03899300,CALVARY BAPTIST THEOLOGICAL SEMINARY    ,PA,19446-4718,Private      ,0,44,44,1,48,49
03923300,PRECISION MANUFACTURING INSTITUTE       ,PA,16335-8380,Private      ,4,26,30,7,36,43
03948300,HARRISBURG UNIVERSITY OF SCIENCE AND TEC,PA,17101-2116,Private      ,85,82,167,282,143,425
03949300,WON INSTITUTE OF GRADUATE STUDIES       ,PA,19038-4535,Private      ,0,16,16,0,25,25
03950500,NORTHWEST REGIONAL TECHNOLOGY INSTITUTE ,PA,16508-2820,Proprietary  ,1,6,7,3,14,17
03952300,NATIONAL MASSAGE THERAPY INSTITUTE      ,PA,19116-3965,Proprietary  ,48,195,243,67,275,342
04024300,EDUCATION AND TECHNOLOGY INSTITUTE      ,PA,15601-9214,Private      ,5,25,30,10,32,42
04118000,BYZANTINE CATHOLIC SEMINARY OF SAINTS CY,PA,15214-2229,Private      ,0,2,2,0,3,3
04119900,PENNSYLVANIA MYOTHERAPY INSTITUTE       ,PA,17350-8426,Proprietary  ,1,9,10,1,15,16
04127500,CAREER DEVELOPMENT & EMPLOYMENT         ,PA,18702-5253,Proprietary  ,1,17,18,5,24,29
04137100,KIMBERLY'S BEAUTY SCHOOL                ,PA,19134-0000,Proprietary  ,5,17,22,11,33,44
04138300,INTERNATIONAL BEAUTY ACADEMY            ,PA,19149-2710,Proprietary  ,1,8,9,10,15,25
04145800,PULSE BEAUTY ACADEMY A PAUL MITCHELL PAR,PA,19335-0000,Proprietary  ,23,21,44,43,37,80
04149800,SOMERSET COUNTY TECHNOLOGY CENTER       ,PA,15501-1444,Public       ,3,17,20,3,17,20
04158000,METRO BEAUTY ACADEMY                    ,PA,18106-9693,Proprietary  ,25,48,73,33,63,96
04164900,BARONE BEAUTY ACADEMY                   ,PA,17701-5316,Proprietary  ,5,10,15,7,12,19
00267813,BRYANT & STRATTON COLLEGE - MIL DOWNTOWN,WI,53203-2608,Proprietary  ,293,971,1264,564,2203,2767
00383200,ALVERNO COLLEGE                         ,WI,53234-3922,Private      ,294,669,963,1351,2009,3360
00383500,BELOIT COLLEGE                          ,WI,53511-5595,Private      ,171,29,200,1898,104,2002
00383700,CARDINAL STRITCH UNIVERSITY             ,WI,53217-9884,Private      ,356,1730,2086,1000,3031,4031
00383800,CARROLL UNIVERSITY                      ,WI,53186-5593,Private      ,617,271,888,3219,654,3873
00383900,CARTHAGE COLLEGE                        ,WI,53141-0000,Private      ,742,295,1037,4574,637,5211
00384000,WESTERN TECHNICAL COLLEGE               ,WI,54601-0908,Public       ,715,1049,1764,1440,1735,3175
00384200,CONCORDIA UNIVERSITY WISCONSIN          ,WI,53097-2402,Private      ,546,1359,1905,2380,2594,4974
00384800,EDGEWOOD COLLEGE                        ,WI,53711-1958,Private      ,354,491,845,1550,933,2483
00385000,SILVER LAKE COLLEGE                     ,WI,54220-9319,Private      ,53,176,229,150,327,477
00385400,LAKELAND COLLEGE                        ,WI,53082-0000,Private      ,236,598,834,1077,1280,2357
00385600,LAWRENCE UNIVERSITY                     ,WI,54912-0599,Private      ,234,25,259,2399,81,2480
00386100,MARIAN UNIVERSITY                       ,WI,54935-4699,Private      ,289,415,704,1235,944,2179
00386300,MARQUETTE UNIVERSITY                    ,WI,53201-0000,Private      ,471,784,1255,13329,4128,17457
00386600,MILWAUKEE AREA TECH COLLEGE             ,WI,53233-1443,Public       ,2321,6341,8662,4394,11554,15948
00386800,MILWAUKEE SCHOOL OF ENGINEERING         ,WI,53202-3109,Private      ,251,203,454,2611,676,3287
00386900,MOUNT MARY COLLEGE                      ,WI,53222-4597,Private      ,182,500,682,773,1300,2073
00387400,NASHOTAH HOUSE                          ,WI,53058-0000,Private      ,0,11,11,0,26,26
00387500,NORTHLAND COLLEGE                       ,WI,54806-3999,Private      ,125,40,165,608,87,695
00388400,RIPON COLLEGE                           ,WI,54971-0248,Private      ,231,13,244,1268,53,1321
00389200,ST. NORBERT COLLEGE                     ,WI,54115-2002,Private      ,394,45,439,2379,99,2478
00389500,UNIVERSITY OF WISCONSIN-MADISON         ,WI,53715-1382,Public       ,4858,3080,7938,21185,9957,31142
00389600,UNIVERSITY OF WISCONSIN-MILWAUKEE       ,WI,53201-3165,Public       ,4350,3530,7880,15623,9850,25473
00389700,UNIVERSITY OF WISCONSIN COLLEGES        ,WI,53708-8680,Public       ,942,803,1745,2672,1699,4371
00389701,UNIVERSITY OF WISCONSIN-BARABOO         ,WI,53913-1098,Public       ,120,72,192,284,129,413
00389702,UNIVERSITY OF WISCONSIN-BARRON          ,WI,54868-2497,Public       ,118,73,191,263,142,405
00389703,UNIVERSITY OF WISCONSIN-FOND DU LAC     ,WI,54935-2998,Public       ,158,85,243,380,170,550
00389704,UNIVERSITY OF WISCONSIN-FOX VALLEY      ,WI,54952-1297,Public       ,295,165,460,736,344,1080
00389705,UNIVERSITY OF WISCONSIN-MANITOWOC       ,WI,54220-6699,Public       ,107,58,165,225,123,348
00389706,UNIVERSITY OF WISCONSIN-MARATHON        ,WI,54401-5396,Public       ,328,123,451,768,285,1053
00389707,UNIVERSITY OF WISCONSIN-MARINETTE       ,WI,54143-4299,Public       ,73,50,123,202,95,297
00389708,UNIVERSITY OF WISCONSIN-MARSHFIELD      ,WI,54449-3310,Public       ,111,70,181,275,130,405
00389709,UNIVERSITY OF WISCONSIN-RICHLAND        ,WI,53581-1399,Public       ,115,33,148,241,72,313
00389710,UNIVERSITY OF WISCONSIN COLLEGES - ROCK ,WI,53546-5699,Public       ,240,173,413,560,373,933
00389711,UNIVERSITY OF WISCONSIN-SHEBOYGAN       ,WI,53081-4789,Public       ,161,92,253,384,182,566
00389712,UNIVERSITY OF WISCONSIN-WASHINGTON      ,WI,53095-3699,Public       ,184,83,267,432,177,609
00389713,UNIVERSITY OF WISCONSIN-WAUKESHA        ,WI,53188-2799,Public       ,371,151,522,859,324,1183
00389900,UNIVERSITY OF WISCONSIN-GREEN BAY       ,WI,54311-7001,Public       ,1313,844,2157,4099,1664,5763
00391100,VITERBO UNIVERSITY                      ,WI,54601-4777,Private      ,187,306,493,1680,923,2603
00391500,UNIVERSITY OF WISCONSIN-STOUT           ,WI,54751-0790,Public       ,1795,770,2565,5258,1550,6808
00391700,UNIVERSITY OF WISCONSIN-EAU CLAIRE      ,WI,54702-4004,Public       ,2519,653,3172,7903,1448,9351
00391900,UNIVERSITY OF WISCONSIN-LA CROSSE       ,WI,54601-3742,Public       ,1545,567,2112,6980,1312,8292
00392000,UNIVERSITY OF WISCONSIN-OSHKOSH         ,WI,54901-8604,Public       ,2007,1104,3111,7029,2487,9516
00392100,UNIVERSITY OF WISCONSIN-PLATTEVILLE     ,WI,53818-3099,Public       ,1537,568,2105,5447,1216,6663
00392300,UNIVERSITY OF WISCONSIN-RIVER FALLS     ,WI,54022-5013,Public       ,1653,524,2177,4386,973,5359
00392400,UNIVERSITY OF WISCONSIN-STEVENS POINT   ,WI,54481-3871,Public       ,2175,693,2868,6913,1595,8508
00392500,UNIVERSITY OF WISCONSIN-SUPERIOR        ,WI,54880-2898,Public       ,535,519,1054,1412,957,2369
00392600,UNIVERSITY OF WISCONSIN-WHITEWATER      ,WI,53190-1792,Public       ,1987,805,2792,7931,1988,9919
00400700,MADISON AREA TECHNICAL COLLEGE          ,WI,53704-2599,Public       ,1851,3227,5078,3427,5430,8857
00501500,UNIVERSITY OF WISCONSIN-PARKSIDE        ,WI,53141-2000,Public       ,1145,838,1983,3100,1689,4789
00529400,WAUKESHA COUNTY TECHNICAL COLLEGE       ,WI,53072-4696,Public       ,724,1346,2070,1302,2300,3602
00530100,NORTHEAST WISCONSIN TECHNICAL COLLEGE   ,WI,54307-9042,Public       ,1015,2141,3156,1998,3734,5732
00530400,CHIPPEWA VALLEY TECHNICAL COLLEGE       ,WI,54701-6162,Public       ,1018,1424,2442,1842,2594,4436
00538000,MID-STATE TECHNICAL COLLEGE             ,WI,54494-5512,Public       ,369,790,1159,660,1493,2153
00538400,NICOLET AREA TECHNICAL COLLEGE          ,WI,54501-0000,Public       ,179,344,523,394,635,1029
00538700,NORTHCENTRAL TECHNICAL COLLEGE          ,WI,54401-1899,Public       ,448,1205,1653,833,2021,2854
00538900,GATEWAY TECHNICAL COLLEGE               ,WI,53144-1690,Public       ,866,2604,3470,1620,5532,7152
00539000,BLACKHAWK TECHNICAL COLLEGE             ,WI,53547-5009,Public       ,441,1292,1733,775,2364,3139
00610800,BELLIN HOSP SCH OF RAD TECH             ,WI,54305-3505,Private      ,8,12,20,26,21,47
00611500,MERCY MED CTR SCH OF RAD TECH           ,WI,54904-3370,Private      ,2,8,10,10,21,31
00612601,ST LUKE'S MEDCL CTR SCHL RAD TECH       ,WI,53215-4330,Private      ,5,25,30,14,50,64
00612603,ST LUKE'S MED CTR SCH OF SONOGRAPHY     ,WI,53215-0000,Private      ,3,19,22,9,41,50
00613100,THEDA CLARK REG MED CTR SCH RAD TEC     ,WI,54957-0000,Private      ,2,3,5,12,7,19
00663900,BELLIN COLLEGE                          ,WI,54305-0000,Private      ,63,65,128,203,143,346
00766900,SOUTHWEST WISCONSIN TECH COLLEGE        ,WI,53809-0000,Public       ,267,382,649,576,669,1245
00821700,WISCONSIN COLLEGE OF COSMETOLOGY        ,WI,54304-0000,Proprietary  ,25,26,51,46,37,83
00869405,RASMUSSEN COLLEGE - WAUSAU              ,WI,54401-7804,Proprietary  ,43,170,213,46,192,238
00869414,RASMUSSEN COLLEGE - GREEN BAY           ,WI,54303-2349,Proprietary  ,82,518,600,155,863,1018
00869419,RASMUSSEN COLLEGE - APPLETON            ,WI,54915-7305,Proprietary  ,0,4,4,0,4,4
00919400,LAKESHORE TECHNICAL COLLEGE             ,WI,53015-1412,Public       ,295,799,1094,555,1545,2100
00925600,MORAINE PARK TECHNICAL COLLEGE          ,WI,54936-0000,Public       ,435,1244,1679,816,2202,3018
00941900,STATE CLG OF BEAUTY CULT-WAUSAU         ,WI,54403-4667,Proprietary  ,18,25,43,29,52,81
00962100,HERZING COLLEGE                         ,WI,53718-4236,Proprietary  ,351,2349,2700,662,5062,5724
00974400,FOX VALLEY TECHNICAL COLLEGE            ,WI,54913-0000,Public       ,1132,2009,3141,2205,3882,6087
01091300,MADISON MEDIA INSTITUTE                 ,WI,53718-6787,Proprietary  ,194,198,392,357,313,670
01148400,ADVANCED INSTITUTE OF HAIR DESIGN       ,WI,53225-0000,Proprietary  ,76,70,146,152,138,290
01182400,WISCONSIN INDIANHEAD TECH CLG WITC      ,WI,54871-9300,Public       ,481,1047,1528,850,1770,2620
02077100,MILWAUKEE INST OF ART & DESIGN          ,WI,53202-0000,Private      ,154,83,237,866,215,1081
02078000,SACRED HEART SCHOOL OF THEOLOGY         ,WI,53130-0000,Private      ,0,3,3,0,5,5
02136600,WISCONSIN LUTHERAN COLLEGE              ,WI,53226-0000,Private      ,225,56,281,1004,131,1135
02201803,KAPLAN COLLEGE - MILWAUKEE              ,WI,53212-3939,Proprietary  ,86,438,524,152,794,946
02239204,ANTHEM COLLEGE - BROOKFIELD             ,WI,53005-4207,Proprietary  ,4,22,26,11,34,45
02271300,WI SCH OF PROFESSIONAL PSYCHOLOGY       ,WI,53225-0000,Private      ,4,40,44,18,90,108
02317200,MARANATHA BAPTIST BIBLE COLLEGE         ,WI,53094-0000,Private      ,248,41,289,582,71,653
02324700,EMPIRE BEAUTY SCHOOL                    ,WI,53717-0000,Proprietary  ,19,83,102,33,144,177
02332100,EMPIRE BEAUTY SCHOOL                    ,WI,54220-0000,Proprietary  ,56,172,228,74,223,297
02332101,EMPIRE BEAUTY SCHOOL - APPLETON         ,WI,54914-4644,Proprietary  ,9,13,22,14,21,35
02453500,MEDICAL COLLEGE OF WISCONSIN            ,WI,53226-0000,Private      ,11,172,183,46,1205,1251
02494300,GILL-TECH ACADEMY OF HAIR DESIGN        ,WI,54911-0000,Proprietary  ,28,36,64,52,46,98
02532200,LAC COURTE OREILLES OJIBWA CMTY CLG     ,WI,54843-0000,Public       ,17,88,105,26,184,210
03007400,LAKESIDE SCHOOL OF MASSAGE THERAPY      ,WI,53719-1103,Private      ,11,53,64,20,93,113
03061200,MIDWEST COLLEGE OF ORIENTAL MEDICINE    ,WI,53403-9747,Proprietary  ,1,84,85,2,107,109
03077600,EMPIRE BEAUTY SCHOOL                    ,WI,54304-4838,Proprietary  ,73,208,281,104,311,415
03087500,ITT TECHNICAL INSTITUTE                 ,WI,53220-4612,Proprietary  ,432,1368,1800,517,1552,2069
03125100,COLLEGE OF MENOMINEE NATION             ,WI,54135-0000,Private      ,37,218,255,73,345,418
03125102,COLLEGE OF  THE MENOMINEE NATION - GREEN,WI,54304-4964,Private      ,12,46,58,21,66,87
03220300,"SALON PROFESSIONAL ACADEMY, THE         ",WI,54701-7633,Proprietary  ,32,32,64,46,51,97
03309300,MONTESSORI INSTITUTE OF MILWAUKEE       ,WI,53207-0000,Private      ,0,6,6,2,12,14
03808300,INSTITUTE OF BEAUTY AND WELLNESS (THE)  ,WI,53202-5715,Proprietary  ,39,59,98,75,120,195
03822300,FOUR SEASONS SALON AND COSMETOLOGY SCHOO,WI,53566-0000,Proprietary  ,5,9,14,8,15,23
03872500,NORTHLAND INTERNATIONAL UNIVERSITY      ,WI,54119-9285,Private      ,152,17,169,402,52,454
03925300,BLUE SKY SCHOOL OF PROFESSIONAL MASSAGE ,WI,53024-9699,Private      ,12,45,57,25,78,103
04117400,MILWAUKEE CAREER COLLEGE                ,WI,53222-4305,Proprietary  ,63,363,426,119,554,673
04118600,ACADEMY OF COSMETOLOGY                  ,WI,53548-3307,Proprietary  ,12,34,46,19,51,70
04124800,VISIONS IN HAIR DESIGN INSTITUTE OF COSM,WI,53210-1120,Proprietary  ,4,19,23,13,39,52
04132600,WISCONSIN ACADEMY (THE)                 ,WI,54157-1726,Proprietary  ,4,13,17,10,31,41
04137900,PC PROSCHOOLS                           ,WI,53005-6003,Proprietary  ,10,56,66,17,70,87
04138200,SALON PROFESSIONAL ACADEMY (THE)        ,WI,54914-3921,Proprietary  ,17,17,34,31,39,70
04157700,SALON PROFESSIONAL ACADEMY (THE)        ,WI,54650-8699,Proprietary  ,23,28,51,44,46,90
04165300,ACADEMY WAUKESHA (THE)                  ,WI,53072-5524,Proprietary  ,19,28,47,19,28,47
00145944,STRAYER UNIVERSITY - GREENSBORO         ,NC,27407-2638,Proprietary  ,0,1,1,0,1,1
00290500,NORTH CAROLINA A&T STATE UNIV           ,NC,27411-0001,Public       ,3061,2041,5102,12798,5016,17814
00290600,APPALACHIAN STATE UNIVERSITY            ,NC,28608-2059,Public       ,2209,1163,3372,14614,3683,18297
00290700,UNIVERSITY OF NC AT ASHEVILLE           ,NC,28804-3299,Public       ,597,443,1040,3412,1398,4810
00290800,BARTON COLLEGE                          ,NC,27893-3104,Private      ,384,295,679,1458,641,2099
00291000,BELMONT ABBEY COLLEGE                   ,NC,28012-1802,Private      ,298,449,747,1182,957,2139
00291100,BENNETT COLLEGE                         ,NC,27401-3239,Private      ,241,126,367,1191,382,1573
00291200,BREVARD COLLEGE                         ,NC,28712-3306,Private      ,231,46,277,948,134,1082
00291300,CAMPBELL UNIVERSITY                     ,NC,27506-0036,Private      ,915,1112,2027,4054,2803,6857
00291400,CATAWBA COLLEGE                         ,NC,28144-2488,Private      ,354,211,565,1533,533,2066
00291500,CENTRAL PIEDMONT COMMUNITY COLLEGE      ,NC,28204-2297,Public       ,2991,6714,9705,5859,12247,18106
00291600,CHOWAN UNIVERSITY                       ,NC,27855-1850,Private      ,473,127,600,1677,319,1996
00291700,COLLEGE OF THE ALBEMARLE                ,NC,27909-2327,Public       ,282,697,979,639,1369,2008
00291800,DAVIDSON COLLEGE                        ,NC,28035-7157,Private      ,395,35,430,2830,114,2944
00291900,DAVIDSON COUNTY COMMUNITY COLLEGE       ,NC,27293-0000,Public       ,498,1251,1749,1235,3012,4247
00292000,DUKE UNIVERSITY                         ,NC,27708-0397,Private      ,1496,520,2016,15678,1803,17481
00292001,DUKE UNIV - SCHOOL OF MEDICINE          ,NC,27710-0000,Private      ,18,329,347,112,1260,1372
00292002,DUKE UNIV - SCHOOL OF LAW               ,NC,27708-0000,Private      ,12,190,202,48,3415,3463
00292003,DUKE UNIV - GRAD SCH ARTS & SCIENCE     ,NC,27708-0000,Private      ,10,153,163,119,583,702
00292004,DUKE UNIV - FUQUA SCH OF BUSINESS       ,NC,27708-0000,Private      ,6,434,440,70,1167,1237
00292005,DUKE UNIV/NICHOLAS SCH OF ENVIRON.      ,NC,27708-0000,Private      ,4,74,78,22,362,384
00292006,DUKE UNIV - DIVINITY SCHOOL             ,NC,27708-0000,Private      ,20,240,260,147,677,824
00292007,DUKE UNIV - SCHOOL OF NURSING           ,NC,27710-0000,Private      ,27,277,304,109,644,753
00292010,DUKE UNIVERSITY - SCHOOL OF PUBLIC POLIC,NC,27708-0239,Private      ,10,79,89,72,335,407
00292300,EAST CAROLINA UNIVERSITY                ,NC,27858-1818,Public       ,4492,3989,8481,19601,9943,29544
00292600,ELIZABETH CITY STATE UNIVERSITY         ,NC,27909-7806,Public       ,794,402,1196,3629,1339,4968
00292700,ELON UNIVERSITY                         ,NC,27244-2010,Private      ,555,328,883,6606,1076,7682
00292800,FAYETTEVILLE STATE UNIVERSITY           ,NC,28301-4298,Public       ,1398,2281,3679,4530,4968,9498
00292900,GARDNER-WEBB UNIVERSITY                 ,NC,28017-0000,Private      ,553,934,1487,2518,1977,4495
00293000,GREENSBORO COLLEGE                      ,NC,27401-1875,Private      ,403,392,795,1578,832,2410
00293100,GUILFORD COLLEGE                        ,NC,27410-4171,Private      ,583,886,1469,2839,2008,4847
00293300,HIGH POINT UNIVERSITY                   ,NC,27262-4221,Private      ,630,435,1065,4565,1025,5590
00293400,ISOTHERMAL COMMUNITY COLLEGE            ,NC,28160-0804,Public       ,338,783,1121,738,1493,2231
00293500,JOHN WESLEY COLLEGE                     ,NC,27265-0000,Private      ,12,72,84,39,148,187
00293600,JOHNSON C SMITH UNIVERSITY              ,NC,28216-5398,Private      ,677,394,1071,2593,1005,3598
00293700,KING'S COLLEGE-CHARLOTTE                ,NC,28204-2435,Proprietary  ,331,249,580,715,538,1253
00293900,LEES MCRAE COLLEGE                      ,NC,28604-0000,Private      ,278,115,393,989,255,1244
00294000,LENOIR COMMUNITY COLLEGE                ,NC,28502-0188,Public       ,331,1056,1387,624,1763,2387
00294100,LENOIR-RHYNE UNIVERSITY                 ,NC,28603-0000,Private      ,482,276,758,2311,621,2932
00294200,LIVINGSTONE COLLEGE                     ,NC,28144-5298,Private      ,591,173,764,1507,371,1878
00294300,LOUISBURG COLLEGE                       ,NC,27549-2398,Private      ,418,82,500,1014,132,1146
00294400,MARS HILL COLLEGE                       ,NC,28754-0000,Private      ,306,125,431,1433,336,1769
00294500,MEREDITH COLLEGE                        ,NC,27607-5298,Private      ,343,317,660,1856,823,2679
00294600,METHODIST UNIVERSITY                    ,NC,28311-1420,Private      ,723,590,1313,2501,1193,3694
00294700,MITCHELL COMMUNITY COLLEGE              ,NC,28677-5264,Public       ,429,1069,1498,891,2000,2891
00294800,MONTREAT COLLEGE                        ,NC,28757-1267,Private      ,157,264,421,579,540,1119
00294900,MOUNT OLIVE COLLEGE                     ,NC,28365-1299,Private      ,397,1341,1738,1169,2965,4134
00295000,NORTH CAROLINA CENTRAL UNIVERSITY       ,NC,27707-3198,Public       ,1898,2185,4083,9432,6376,15808
00295100,NORTH CAROLINA WESLEYAN COLLEGE         ,NC,27804-8699,Private      ,321,443,764,1040,846,1886
00295300,PEACE COLLEGE                           ,NC,27604-1194,Private      ,213,163,376,936,394,1330
00295400,UNIV OF NORTH CAROLINA AT PEMBROKE      ,NC,28372-1510,Public       ,1420,1441,2861,5111,3265,8376
00295500,PFEIFFER UNIVERSITY                     ,NC,28109-0000,Private      ,283,404,687,944,799,1743
00295600,PIEDMONT BAPTIST COLLEGE AND GRADUATE SC,NC,27101-5025,Private      ,68,67,135,170,146,316
00295700,QUEENS UNIVERSITY OF CHARLOTTE          ,NC,28274-0001,Private      ,458,752,1210,2008,1690,3698
00295800,ROCKINGHAM COMMUNITY COLLEGE            ,NC,27375-0000,Public       ,245,581,826,664,1311,1975
00296000,SALEM COLLEGE                           ,NC,27108-0000,Private      ,145,251,396,610,564,1174
00296100,SANDHILLS COMMUNITY COLLEGE             ,NC,28374-8283,Public       ,511,1216,1727,1050,2259,3309
00296200,SHAW UNIVERSITY                         ,NC,27601-2393,Private      ,842,748,1590,2719,1902,4621
00296300,SOUTHEASTERN BAPTIST THEOL SEMINARY     ,NC,27588-0000,Private      ,18,40,58,43,107,150
00296400,SOUTHEASTERN COMMUNITY COLLEGE          ,NC,28472-5422,Public       ,245,642,887,488,1180,1668
00296700,ST ANDREWS PRESBYTERIAN COLLEGE         ,NC,28352-9979,Private      ,154,50,204,522,100,622
00296800,ST AUGUSTINES COLLEGE                   ,NC,27610-2298,Private      ,601,261,862,1999,629,2628
00297000,SURRY COMMUNITY COLLEGE                 ,NC,27017-0304,Public       ,541,766,1307,1076,1494,2570
00297200,NORTH CAROLINA STATE UNIV-RALEIGH       ,NC,27695-1751,Public       ,2866,2608,5474,22786,8448,31234
00297300,GASTON COLLEGE                          ,NC,28034-1499,Public       ,790,2167,2957,1630,3924,5554
00297400,UNIVERSITY OF N C-CHAPEL HILL           ,NC,27514-0000,Public       ,1287,2110,3397,20531,12085,32616
00297500,UNIVERSITY OF NC AT CHARLOTTE           ,NC,28223-0001,Public       ,4023,4178,8201,17029,10286,27315
00297600,UNIVERSITY OF N C - GREENSBORO          ,NC,27412-0001,Public       ,2716,2892,5608,14632,8336,22968
00297800,WAKE FOREST UNIV - UNDERGRADUATE        ,NC,27109-7246,Private      ,378,96,474,6218,376,6594
00297801,WAKE FOREST UNIV - SCH OF MEDICINE      ,NC,27157-1090,Private      ,18,246,264,83,901,984
00297803,WAKE FOREST GRAD SCHOOLS OF BUSINESS    ,NC,27109-7659,Private      ,17,297,314,631,751,1382
00297805,WAKE FOREST UNIV - SCH OF LAW           ,NC,27109-7206,Private      ,4,257,261,32,1413,1445
00297806,WAKE FOREST UNIV - GRAD A&S/DIVINITY    ,NC,27109-7246,Private      ,12,121,133,72,474,546
00297900,WARREN WILSON COLLEGE                   ,NC,28815-0000,Private      ,193,81,274,1215,339,1554
00298000,WAYNE COMMUNITY COLLEGE                 ,NC,27533-0000,Public       ,603,1232,1835,1000,2040,3040
00298100,WESTERN CAROLINA UNIVERSITY             ,NC,28723-9731,Public       ,1426,1096,2522,8049,3159,11208
00298200,WESTERN PIEDMONT COMMUNITY COLLEGE      ,NC,28655-4504,Public       ,351,752,1103,797,1750,2547
00298300,WILKES COMMUNITY COLLEGE                ,NC,28697-2100,Public       ,498,845,1343,892,1426,2318
00298400,UNIVERSITY OF N C-WILMINGTON            ,NC,28403-3297,Public       ,2215,1431,3646,11022,3904,14926
00298500,WINGATE UNIVERSITY                      ,NC,28174-0159,Private      ,524,320,844,2649,834,3483
00298600,WINSTON-SALEM STATE UNIVERSITY          ,NC,27102-0000,Public       ,1163,1381,2544,6518,3845,10363
00398100,UNC SCHOOL OF THE ARTS                  ,NC,27127-2188,Public       ,171,105,276,1110,339,1449
00403300,ASHEVILLE BUNCOMBE TECH CMTY CLG        ,NC,28801-4897,Public       ,661,1662,2323,1437,3230,4667
00406200,PITT COMMUNITY COLLEGE                  ,NC,28590-0000,Public       ,1540,2471,4011,3040,4494,7534
00483500,CALDWELL COMMUNITY CLG & TECH INST      ,NC,28638-2626,Public       ,542,1263,1805,1173,2403,3576
00483800,GUILFORD TECHNICAL COMMUNITY CLG        ,NC,27282-0309,Public       ,2047,4234,6281,4750,9936,14686
00484400,WAKE TECHNICAL COMMUNITY COLLEGE        ,NC,27603-5696,Public       ,2415,4809,7224,5016,9174,14190
00484500,WILSON COMMUNITY COLLEGE                ,NC,27893-3310,Public       ,202,785,987,387,1357,1744
00499201,MILLER-MOTTE TECHNICAL COLLEGE - MILLER-,NC,27511-9209,Proprietary  ,50,305,355,94,601,695
00499202,MILLER-MOTTE TECHNICAL COLLEGE - MILLER-,NC,27604-6072,Proprietary  ,92,420,512,139,666,805
00499203,MILLER-MOTTE TECHNICAL COLLEGE - FAYETTE,NC,28311-7651,Proprietary  ,80,399,479,112,603,715
00531600,COASTAL CAROLINA COMMUNITY COLLEGE      ,NC,28546-6816,Public       ,379,1356,1735,896,2728,3624
00531700,FORSYTH TECHNICAL COMMUNITY COLLEGE     ,NC,27103-5197,Public       ,1149,2920,4069,2498,6186,8684
00531800,CATAWBA VALLEY COMMUNITY COLLEGE        ,NC,28602-8302,Public       ,826,1561,2387,1928,3263,5191
00532000,CAPE FEAR COMMUNITY COLLEGE             ,NC,28401-3910,Public       ,1306,2150,3456,2618,4012,6630
00544700,RANDOLPH COMMUNITY COLLEGE              ,NC,27204-1009,Public       ,306,715,1021,687,1632,2319
00544800,DURHAM TECHNICAL CMNTY COLLEGE          ,NC,27703-5023,Public       ,537,2041,2578,1058,3795,4853
00544900,CENTRAL CAROLINA COMMUNITY COLLEGE      ,NC,27330-9000,Public       ,460,1399,1859,923,2669,3592
00546300,ALAMANCE COMMUNITY COLLEGE              ,NC,27253-0000,Public       ,513,1330,1843,1075,2816,3891
00546400,RICHMOND COMMUNITY COLLEGE              ,NC,28345-4522,Public       ,225,741,966,421,1274,1695
00575400,ROWAN-CABARRUS COMMUNITY COLLEGE        ,NC,28145-1595,Public       ,750,1871,2621,1357,3471,4828
00647700,CABARRUS COLLEGE OF HEALTH SCIENCES     ,NC,28025-0000,Private      ,82,286,368,232,609,841
00647800,MERCY HOSP SCH OF NURSING               ,NC,28207-0000,Public       ,50,263,313,151,549,700
00648300,WATTS SCHOOL OF NURSING                 ,NC,27704-0000,Private      ,24,113,137,75,275,350
00679900,CRAVEN COMMUNITY COLLEGE                ,NC,28562-0000,Public       ,279,972,1251,555,2101,2656
00703100,PAMLICO COMMUNITY COLLEGE               ,NC,28529-0000,Public       ,18,86,104,42,174,216
00764000,FAYETTEVILLE TECHNICAL CMTY COLLEGE     ,NC,28303-0236,Public       ,1324,4913,6237,2418,9281,11699
00768700,JAMES SPRUNT COMMUNITY COLLEGE          ,NC,28349-0398,Public       ,136,473,609,285,850,1135
00781400,BROOKSTONE COLLEGE OF BUSINESS          ,NC,28262-1294,Proprietary  ,30,167,197,60,299,359
00781401,BROOKSTONE COLLEGE OF BUSINESS          ,NC,27409-0000,Proprietary  ,27,176,203,47,264,311
00789200,SAMPSON COMMUNITY COLLEGE               ,NC,28328-0000,Public       ,206,493,699,421,1063,1484
00798500,SOUTH PIEDMONT COMMUNITY COLLEGE        ,NC,28135-9703,Public       ,337,905,1242,602,1619,2221
00798600,HALIFAX COMMUNITY COLLEGE               ,NC,27890-0089,Public       ,197,582,779,414,1032,1446
00798700,BLADEN COMMUNITY COLLEGE                ,NC,28332-0266,Public       ,166,641,807,356,1292,1648
00798800,MARTIN COMMUNITY COLLEGE                ,NC,27892-8307,Public       ,100,329,429,180,576,756
00808100,CARTERET COMMUNITY COLLEGE              ,NC,28557-2989,Public       ,168,484,652,366,1058,1424
00808200,CLEVELAND COMMUNITY COLLEGE             ,NC,28150-0000,Public       ,286,992,1278,635,1827,2462
00808300,HAYWOOD COMMUNITY COLLEGE               ,NC,28721-0000,Public       ,231,553,784,453,901,1354
00808500,MCDOWELL TECHNICAL COMMUNITY CLG        ,NC,28752-8728,Public       ,95,330,425,200,630,830
00808700,MONTGOMERY COMMUNITY COLLEGE            ,NC,27371-0787,Public       ,82,263,345,202,517,719
00846600,SOUTHWESTERN COMMUNITY COLLEGE          ,NC,28779-8581,Public       ,355,594,949,727,1259,1986
00855700,NASH COMMUNITY COLLEGE                  ,NC,27804-0488,Public       ,323,830,1153,696,1509,2205
00855800,BEAUFORT COUNTY COMMUNITY COLLEGE       ,NC,27889-7889,Public       ,227,628,855,446,1141,1587
00861200,ROBESON COMMUNITY COLLEGE               ,NC,28359-2151,Public       ,456,1286,1742,757,2253,3010
00861300,ROANOKE-CHOWAN COMMUNITY COLLEGE        ,NC,27910-9522,Public       ,104,275,379,199,524,723
00885500,EDGECOMBE COMMUNITY COLLEGE             ,NC,27886-9399,Public       ,246,1203,1449,428,1998,2426
00902500,EMPIRE BEAUTY SCHOOL                    ,NC,28105-2508,Proprietary  ,104,317,421,121,419,540
00933600,JOHNSTON COMMUNITY COLLEGE              ,NC,27577-0000,Public       ,486,1221,1707,1031,2387,3418
00943000,TRI-COUNTY COMMUNITY COLLEGE            ,NC,28906-7919,Public       ,96,274,370,202,569,771
00964600,PIEDMONT COMMUNITY COLLEGE              ,NC,27573-1197,Public       ,149,482,631,285,821,1106
00968400,BLUE RIDGE COMMUNITY COLLEGE            ,NC,28731-9624,Public       ,189,431,620,487,952,1439
00974701,GORDON-CONWELL THEO SEM - CHARLOTTE     ,NC,28273-0000,Private      ,4,102,106,6,161,167
00990300,VANCE-GRANVILLE CMTY COLLEGE            ,NC,27536-0917,Public       ,335,990,1325,721,1821,2542
01026400,SOUTH COLLEGE                           ,NC,28803-3152,Proprietary  ,23,162,185,41,271,312
01119400,STANLY COMMUNITY COLLEGE                ,NC,28001-7458,Public       ,300,799,1099,584,1522,2106
01119700,MAYLAND COMMUNITY COLLEGE               ,NC,28777-2777,Public       ,107,224,331,243,433,676
01179900,PAUL MITCHELL THE SCHOOL FAYETTEVILLE   ,NC,28303-5364,Proprietary  ,30,115,145,49,187,236
01192600,LEON'S BEAUTY SCHOOL                    ,NC,27403-2812,Proprietary  ,36,85,121,71,174,245
02056500,MITCHELL'S HAIR STYLING ACADEMY         ,NC,27893-0000,Proprietary  ,21,56,77,34,82,116
02056501,MITCHELL'S HAIR STYLING ACADEMY - MITCHE,NC,27606-3326,Proprietary  ,23,45,68,39,79,118
02110500,ART INSTITUTE OF CHARLOTTE (THE)        ,NC,28217-0000,Proprietary  ,783,1150,1933,1783,1945,3728
02170700,BRUNSWICK COMMUNITY COLLEGE             ,NC,28422-0000,Public       ,222,373,595,408,734,1142
02205000,COLLEGE OF WILMINGTON                   ,NC,28403-0000,Proprietary  ,34,69,103,102,140,242
02210400,FAYETTEVILLE BEAUTY COLLEGE             ,NC,28303-0000,Proprietary  ,23,78,101,46,155,201
02227800,MITCHELL'S HAIR STYLING ACADEMY         ,NC,27534-0000,Proprietary  ,4,10,14,8,18,26
02227900,MITCHELL'S HAIR STYLING ACADEMY         ,NC,27858-0000,Proprietary  ,10,16,26,16,35,51
02238700,HAIRSTYLING INSTITUTE OF CHARLOTTE      ,NC,28204-0000,Proprietary  ,36,79,115,66,171,237
02280900,MID-ATLANTIC CHRISTIAN UNIVERSITY       ,NC,27909-0000,Private      ,38,39,77,99,71,170
02560600,PINNACLE INSTITUTE OF COSMETOLOGY       ,NC,28115-8020,Proprietary  ,20,30,50,33,59,92
02614201,MILLER-MOTTE BUSINESS COLLEGE           ,NC,28403-0000,Proprietary  ,116,741,857,202,1310,1512
02614205,MILLER - MOTTE TECHNICAL COLLEGE - MILLE,NC,27834-5052,Proprietary  ,89,434,523,121,647,768
03009500,WINSTON-SALEM BARBER SCHOOL             ,NC,27107-0000,Proprietary  ,21,61,82,55,102,157
03064400,REGENCY BEAUTY INSTITUTE                ,NC,27127-0000,Proprietary  ,72,144,216,129,233,362
03089300,HERITAGE BIBLE COLLEGE                  ,NC,28335-0000,Private      ,9,41,50,19,69,88
03104200,CAROLINAS COLLEGE OF HEALTH SCIENCE     ,NC,28232-2861,Public       ,87,427,514,253,848,1101
03109000,LIVING ARTS COLLEGE                     ,NC,27614-7076,Proprietary  ,148,177,325,300,289,589
03109001,LIVING ARTS INSTITUTE                   ,NC,27107-3217,Proprietary  ,7,39,46,36,72,108
03361300,MEDICAL ARTS MASSAGE SCHOOL             ,NC,27616-6453,Proprietary  ,17,109,126,25,143,168
03513400,APEX SCHOOL OF THEOLOGY                 ,NC,27703-8024,Private      ,5,226,231,10,330,340
03555300,SOUTHEASTERN INSTITUTE                  ,NC,28217-0000,Proprietary  ,47,222,269,64,318,382
03555400,SOUTHEASTERN SCHOOL OF NEUROMUSCULAR  MA,NC,29406-0000,Proprietary  ,24,85,109,30,111,141
03570300,CAROLINA CHRISTIAN COLLEGE              ,NC,27105-3241,Private      ,5,33,38,11,73,84
03663300,HOOD THEOLOGICAL SEMINARY               ,NC,28144-5768,Private      ,1,78,79,3,139,142
03748500,LA SHE'S BEAUTY ACADEMY                 ,NC,27707-3569,Proprietary  ,12,42,54,23,53,76
03777300,CAROLINA ACAD OF COSMETIC ART & SCI     ,NC,28054-0460,Proprietary  ,29,81,110,49,118,167
03827300,NEW LIFE THEOLOGICAL SEMINARY           ,NC,28205-1648,Private      ,0,49,49,4,107,111
04098300,TECHSKILLS - CHARLOTTE                  ,NC,28217-0000,Proprietary  ,20,122,142,43,229,272
04101300,CAROLINA SCHOOL OF BROADCASTING         ,NC,28214-8085,Proprietary  ,25,83,108,56,170,226
04115700,REGINA'S COLLEGE OF BEAUTY              ,NC,28110-2831,Proprietary  ,15,72,87,20,93,113
04120300,"FILA ACADEMY, THE                       ",NC,27265-3114,Proprietary  ,13,33,46,17,70,87
04129400,CENTER FOR MASSAGE & NATURAL HEALTH     ,NC,28787-8331,Proprietary  ,9,44,53,17,80,97
04140700,AVEDA INSTITUTE CHAPEL HILL             ,NC,27516-2559,Proprietary  ,47,88,135,77,152,229
04143500,CHARLOTTE SCHOOL OF LAW                 ,NC,28208-2816,Proprietary  ,16,582,598,44,1617,1661
04146400,DAOIST TRADITIONS COLLEGE OF CHINESE MED,NC,28801-1060,Proprietary  ,0,47,47,0,76,76
04149300,PARK WEST BARBER SCHOOL                 ,NC,27701-4022,Proprietary  ,21,80,101,30,107,137
00298800,BISMARCK STATE COLLEGE                  ,ND,58501-1299,Public       ,385,380,765,1750,1114,2864
00298900,DICKINSON STATE UNIVERSITY              ,ND,58601-4896,Public       ,218,202,420,1035,549,1584
00299000,JAMESTOWN COLLEGE                       ,ND,58405-3401,Private      ,202,40,242,849,93,942
00299100,LAKE REGION STATE COLLEGE               ,ND,58301-1598,Public       ,59,94,153,304,256,560
00299200,UNIVERSITY OF MARY                      ,ND,58504-9652,Private      ,249,468,717,1372,1094,2466
00299300,MAYVILLE STATE UNIVERSITY               ,ND,58257-1299,Public       ,129,95,224,464,214,678
00299400,MINOT STATE UNIVERSITY                  ,ND,58707-0002,Public       ,336,416,752,1339,1071,2410
00299500,DAKOTA COLLEGE AT BOTTINEAU             ,ND,58318-1159,Public       ,75,91,166,246,187,433
00299600,NORTH DAKOTA STATE CLG OF SCIENCE       ,ND,58076-0002,Public       ,407,273,680,1162,470,1632
00299700,NORTH DAKOTA STATE UNIVERSITY           ,ND,58108-6050,Public       ,2210,910,3120,8183,2108,10291
00300500,UNIVERSITY OF NORTH DAKOTA              ,ND,58202-8193,Public       ,1904,1588,3492,6800,3722,10522
00300700,WILLISTON STATE COLLEGE                 ,ND,58802-1326,Public       ,46,108,154,221,250,471
00300800,VALLEY CITY STATE UNIVERSITY            ,ND,58072-0000,Public       ,167,104,271,645,240,885
00775600,JOSEF'S SCHOOL OF HAIR DESIGN INC       ,ND,58102-4977,Proprietary  ,23,36,59,50,63,113
00869408,RASMUSSEN COLLEGE - FARGO               ,ND,58103-7196,Proprietary  ,107,410,517,222,949,1171
00869415,RASMUSSEN COLLEGE - BISMARCK            ,ND,58503-0000,Proprietary  ,60,222,282,105,465,570
00935400,MEDCENTER ONE COLLEGE OF NURSING        ,ND,58501-4494,Private      ,13,17,30,65,56,121
01040600,JOSEF'S SCHOOL OF HAIR DESIGN           ,ND,58201-6394,Proprietary  ,21,29,50,36,47,83
01205900,TRINITY BIBLE COLLEGE                   ,ND,58436-7150,Private      ,81,39,120,175,87,262
01229500,JZ TREND ACADEMY PAUL MITCHELL PARTNER S,ND,58501-0000,Proprietary  ,13,15,28,30,30,60
02188200,SITTING BULL COLLEGE                    ,ND,58538-9721,Public       ,19,96,115,40,171,211
02236500,LITTLE HOOP COMMUNITY COLLEGE           ,ND,58335-0000,Public       ,5,44,49,8,73,81
02242900,UNITED TRIBES TECHNICAL COLLEGE         ,ND,58504-0000,Private      ,81,288,369,158,500,658
02298200,HEADQUARTERS ACADEMY OF HAIR DESIGN     ,ND,58701-0000,Proprietary  ,6,15,21,9,26,35
02301100,TURTLE MTN CMNTY COLG-FIN AID OFC       ,ND,58316-0000,Private      ,42,110,152,123,271,394
02553700,FORT BERTHOLD COMMUNITY COLLEGE         ,ND,58763-0000,Public       ,8,15,23,19,54,73
03087200,MOLER BARBER CLG OF HAIRSTYLING         ,ND,58103-0000,Proprietary  ,2,5,7,2,14,16
04031300,SALON PROFESSIONAL ACADEMY (THE)        ,ND,58103-3337,Proprietary  ,24,32,56,43,48,91
04139400,HAIR ACADEMY (THE)                      ,ND,58501-4929,Proprietary  ,17,14,31,38,37,75
00301005,ANTIOCH UNIV/SEATTLE                    ,WA,98121-0000,Private      ,21,435,456,62,1074,1136
00376900,BELLEVUE COLLEGE                        ,WA,98007-6484,Public       ,1171,2147,3318,3542,5503,9045
00377000,BIG BEND COMMUNITY COLLEGE              ,WA,98837-3299,Public       ,235,476,711,802,1204,2006
00377100,"CENTRAL WASHINGTON UNIV., FIN AID       ",WA,98926-7495,Public       ,1785,1282,3067,9190,4090,13280
00377200,CENTRALIA COLLEGE                       ,WA,98531-4099,Public       ,300,759,1059,958,1603,2561
00377300,CLARK COLLEGE                           ,WA,98663-3598,Public       ,1629,3236,4865,4087,7980,12067
00377400,COLUMBIA BASIN COLLEGE                  ,WA,99301-3379,Public       ,706,1194,1900,2191,3041,5232
00377500,EASTERN WASHINGTON UNIVERSITY           ,WA,99004-2447,Public       ,1193,1366,2559,8539,5509,14048
00377600,EVERETT COMMUNITY COLLEGE               ,WA,98201-1352,Public       ,830,1908,2738,2076,4333,6409
00377700,HERITAGE UNIVERSITY                     ,WA,98948-9562,Private      ,112,480,592,401,1253,1654
00377800,GONZAGA UNIVERSITY                      ,WA,99258-0083,Private      ,410,904,1314,7454,3487,10941
00377900,GRAYS HARBOR COLLEGE                    ,WA,98520-7599,Public       ,259,534,793,636,1249,1885
00378000,GREEN RIVER COMMUNITY COLLEGE           ,WA,98092-3622,Public       ,971,1786,2757,2298,3907,6205
00378100,HIGHLINE COMMUNITY COLLEGE              ,WA,98198-9800,Public       ,1042,2075,3117,2458,4326,6784
00378200,LOWER COLUMBIA COLLEGE                  ,WA,98632-0310,Public       ,409,1312,1721,913,2462,3375
00378300,NORTHWEST UNIVERSITY                    ,WA,98083-0000,Private      ,215,292,507,1101,694,1795
00378400,OLYMPIC COLLEGE                         ,WA,98337-1600,Public       ,537,1464,2001,1532,3852,5384
00378500,PACIFIC LUTHERAN UNIVERSITY             ,WA,98447-0003,Private      ,618,480,1098,4245,1545,5790
00378600,PENINSULA COLLEGE                       ,WA,98362-6660,Public       ,169,571,740,396,1167,1563
00378700,SEATTLE CENTRAL COMMUNITY COLLEGE       ,WA,98122-2413,Public       ,869,2211,3080,2422,5328,7750
00378703,SEATTLE VOCATIONAL INSTITUTE            ,WA,98144-0000,Public       ,27,143,170,48,289,337
00378800,SEATTLE PACIFIC UNIVERSITY              ,WA,98119-1997,Private      ,774,681,1455,5615,2069,7684
00379000,SEATTLE UNIVERSITY                      ,WA,98122-1090,Private      ,813,1403,2216,7955,6487,14442
00379100,SHORELINE COMMUNITY COLLEGE             ,WA,98133-5696,Public       ,568,1313,1881,1745,3465,5210
00379200,SKAGIT VALLEY COLLEGE                   ,WA,98273-5899,Public       ,477,1048,1525,1294,2609,3903
00379300,SPOKANE COMMUNITY COLLEGE               ,WA,99207-5399,Public       ,1166,3578,4744,3378,8081,11459
00379400,ST MARTIN'S UNIVERSITY                  ,WA,98503-7500,Private      ,259,378,637,1350,1029,2379
00379600,TACOMA COMMUNITY COLLEGE                ,WA,98466-6100,Public       ,955,2470,3425,2763,6638,9401
00379700,UNIVERSITY OF PUGET SOUND               ,WA,98416-1039,Private      ,321,308,629,4725,1254,5979
00379800,UNIVERSITY OF WASHINGTON                ,WA,98195-5880,Public       ,2675,4432,7107,29301,24753,54054
00379900,WALLA WALLA UNIVERSITY                  ,WA,99324-1198,Private      ,479,275,754,1345,617,1962
00380000,WASHINGTON STATE UNIVERSITY             ,WA,99164-1035,Public       ,2087,2379,4466,19839,10554,30393
00380100,WENATCHEE VALLEY COLLEGE                ,WA,98801-1799,Public       ,341,726,1067,1164,1999,3163
00380200,WESTERN WASHINGTON UNIVERSITY           ,WA,98225-5946,Public       ,1380,785,2165,14775,4066,18841
00380300,WHITMAN COLLEGE                         ,WA,99362-2067,Private      ,331,26,357,2834,82,2916
00380400,WHITWORTH UNIVERSITY                    ,WA,99251-0001,Private      ,533,372,905,4103,1065,5168
00380500,YAKIMA VALLEY COMMUNITY COLLEGE         ,WA,98907-2520,Public       ,664,1422,2086,2486,3792,6278
00499900,BELLINGHAM TECHNICAL COLLEGE            ,WA,98225-0000,Public       ,305,1028,1333,713,2138,2851
00500000,PIERCE COLLEGE                          ,WA,98498-1919,Public       ,959,2449,3408,2686,5705,8391
00500100,EDMONDS COMMUNITY COLLEGE               ,WA,98036-5999,Public       ,758,1744,2502,1864,3800,5664
00500600,WALLA WALLA COMMUNITY COLLEGE           ,WA,99362-9267,Public       ,351,642,993,1419,2074,3493
00530600,BATES TECHNICAL COLLEGE                 ,WA,98405-0000,Public       ,227,1043,1270,573,2234,2807
00537200,SOUTH PUGET SOUND COMMUNITY COLLEGE     ,WA,98512-6292,Public       ,779,1724,2503,1840,3853,5693
00537300,LAKE WASHINGTON TECHNICAL COLLEGE       ,WA,98034-8505,Public       ,249,1006,1255,588,2099,2687
00575200,CLOVER PARK TECHNICAL COLLEGE           ,WA,98499-0000,Public       ,453,1997,2450,1061,4247,5308
00815500,EVERGREEN STATE COLLEGE (THE)           ,WA,98505-0002,Public       ,555,927,1482,3581,3472,7053
00844300,ITT TECHNICAL INSTITUTE                 ,WA,98168-3334,Proprietary  ,168,768,936,305,1005,1310
00907901,EVEREST COLLEGE                         ,WA,98684-6950,Proprietary  ,52,242,294,91,427,518
00938700,PERRY TECHNICAL INSTITUTE               ,WA,98903-1239,Private      ,177,316,493,470,764,1234
00954400,SPOKANE FALLS COMMUNITY COLLEGE         ,WA,99224-5204,Public       ,1228,2156,3384,3574,5257,8831
00970400,NORTH SEATTLE COMMUNITY COLLEGE         ,WA,98103-3599,Public       ,451,1494,1945,1306,3568,4874
00970600,SOUTH SEATTLE COMMUNITY COLLEGE         ,WA,98106-1499,Public       ,512,1428,1940,1453,3127,4580
00973900,GLEN DOW ACAD OF HAIR DESIGN            ,WA,99201-0209,Proprietary  ,38,76,114,74,132,206
01036400,WHATCOM COMMUNITY COLLEGE               ,WA,98226-8003,Public       ,532,799,1331,1764,2274,4038
01043400,RENTON TECHNICAL COLLEGE                ,WA,98056-0000,Public       ,297,1157,1454,663,2308,2971
01148100,DIVERS INSTITUTE OF TECHNOLOGY          ,WA,98107-0667,Proprietary  ,37,163,200,98,335,433
01231500,CORNISH COLLEGE OF THE ARTS             ,WA,98121-4604,Private      ,145,97,242,1493,389,1882
01249600,GREENWOOD BEAUTY SCHOOL                 ,WA,98103-0000,Proprietary  ,9,38,47,25,72,97
01260100,NORTHWEST BAPTIST SEMINARY              ,WA,98402-6699,Private      ,2,8,10,7,24,31
01302200,CITY UNIVERSITY OF SEATTLE              ,WA,98005-3030,Private      ,51,945,996,156,1951,2107
01309400,BELLINGHAM BEAUTY SCHOOL                ,WA,98225-0000,Proprietary  ,8,32,40,30,50,80
02091701,KAPLAN COLLEGE - SEATTLE                ,WA,98055-4910,Proprietary  ,0,0,0,8,57,65
02105300,BELLEVUE BEAUTY SCHOOL                  ,WA,98007-0000,Proprietary  ,17,58,75,39,95,134
02106700,TRINITY LUTHERAN COLLEGE                ,WA,98201-3569,Private      ,51,34,85,134,79,213
02180000,NORTHWEST INDIAN COLLEGE                ,WA,98226-9278,Public       ,46,220,266,96,386,482
02184200,PAROBA COLLEGE OF COSMETOLOGY           ,WA,98208-0000,Proprietary  ,23,47,70,37,66,103
02202200,STYLEMASTERS COLLEGE OF HAIR DESIGN     ,WA,98632-0000,Proprietary  ,11,30,41,23,43,66
02203300,GENE JUAREZ ACADEMY OF BEAUTY           ,WA,98125-0000,Proprietary  ,152,204,356,232,389,621
02203301,GENE JUAREZ ACADEMY OF BEAUTY           ,WA,98003-0000,Proprietary  ,29,54,83,63,112,175
02222900,INTERNATIONAL AIR & HOSPITALITY ACADEMY ,WA,98661-4835,Proprietary  ,67,158,225,130,255,385
02222906,INTERNATIONAL AIR & HOSPITALITY ACADEMY ,WA,98661-3805,Proprietary  ,5,12,17,14,18,32
02236800,PROFESSIONAL BEAUTY SCHOOL              ,WA,98902-0000,Proprietary  ,11,31,42,28,51,79
02242500,BASTYR UNIVERSITY                       ,WA,98028-0000,Private      ,41,430,471,116,1063,1179
02242504,SEATTLE MIDWIFERY SCHOOL                ,WA,98144-0000,Private      ,3,37,40,9,104,113
02291300,ART INSTITUTE OF SEATTLE                ,WA,98121-1622,Proprietary  ,513,548,1061,2164,1769,3933
02300100,EVEREST COLLEGE                         ,WA,98367-1835,Proprietary  ,56,184,240,93,332,425
02300103,EVEREST COLLEGE - EVERETT               ,WA,98208-2610,Proprietary  ,107,416,523,167,580,747
02300104,EVEREST COLLEGE - TACOMA                ,WA,98402-3004,Proprietary  ,125,612,737,209,878,1087
02326500,INTERFACE COLLEGE                       ,WA,99201-4326,Proprietary  ,8,97,105,14,140,154
02331400,NORTHWEST HAIR ACADEMY                  ,WA,98273-0000,Proprietary  ,28,38,66,39,76,115
02331402,NORTHWEST HAIR ACADEMY - EVERETT        ,WA,98204-0000,Proprietary  ,5,17,22,19,31,50
02504900,ACADEMY OF HAIR DESIGN (THE)            ,WA,98801-0000,Proprietary  ,14,27,41,32,56,88
02541900,BJ'S BEAUTY AND BARBER COLLEGE          ,WA,98409-0000,Proprietary  ,13,60,73,25,107,132
02602100,NORTHWEST COLLEGE OF ART                ,WA,98370-8625,Proprietary  ,44,12,56,173,40,213
02606200,EVEREST COLLEGE                         ,WA,98055-2990,Proprietary  ,86,383,469,138,643,781
02617500,EVEREST COLLEGE                         ,WA,98133-9018,Proprietary  ,42,210,252,105,329,434
02617501,EVEREST COLLEGE - FIFE                  ,WA,98424-2647,Proprietary  ,31,83,114,47,161,208
02617503,EVEREST COLLEGE - VANCOUVER             ,WA,98684-6951,Proprietary  ,40,130,170,71,233,304
03031406,INTERNATIONAL ACADEMY OF DESIGN AND TECH,WA,98188-3319,Proprietary  ,70,90,160,136,219,355
03065000,CLARE'S BEAUTY COLLEGE                  ,WA,99301-5505,Proprietary  ,20,40,60,37,96,133
03071800,ITT TECHNICAL INSTITUTE                 ,WA,99216-1589,Proprietary  ,227,1039,1266,316,1216,1532
03099000,CORTIVA INSTITUTE - SEATTLE             ,WA,98109-5474,Proprietary  ,38,154,192,61,247,308
03110800,BAKKE GRADUATE UNIVERSITY               ,WA,98104-1222,Private      ,1,12,13,2,26,28
03139500,MONTESSORI SCHOOLS OF WASHINGTON        ,WA,98203-6600,Private      ,1,3,4,3,11,14
03280300,SEATTLE INST OF ORIENTAL MEDICINE       ,WA,98115-0000,Proprietary  ,6,36,42,21,75,96
03283300,NORTHWEST HVAC/R ASSOCIATION & TRAINING ,WA,99202-2125,Private      ,5,39,44,13,63,76
03466400,MARS HILL GRADUATE SCHOOL               ,WA,98121-0000,Private      ,0,170,170,0,266,266
03483500,CASCADIA COMMUNITY COLLEGE              ,WA,98011-9510,Public       ,280,445,725,750,1041,1791
03490400,EMIL FRIES PIANO HOSPITAL & TRAININ     ,WA,98661-4323,Private      ,2,6,8,4,15,19
03670301,TONI&GUY HAIRDRESSING ACADEMY -         ,WA,98225-4526,Proprietary  ,0,0,0,0,1,1
03689400,FAITH EVANGELICAL SEMINARY              ,WA,98407-2607,Private      ,2,81,83,11,147,158
03724300,DIGIPEN INSTITUTE OF TECHNOLOGY         ,WA,98052-5170,Proprietary  ,178,117,295,649,317,966
03917300,EVERGREEN BEAUTY AND BARBER COLLEGE     ,WA,98208-3759,Proprietary  ,33,116,149,63,167,230
03932500,TOTAL COSMETOLOGY TRAINING CENTER       ,WA,99217-6231,Proprietary  ,22,62,84,41,107,148
03953300,YAKIMA BEAUTY SCHOOL;BEAUTYWORKS        ,WA,98901-2202,Proprietary  ,5,27,32,21,43,64
04043400,ALPINE COLLEGE                          ,WA,99206-5097,Proprietary  ,20,138,158,45,231,276
04120000,SUNNYSIDE BEAUTY ACADEMY                ,WA,98944-8711,Proprietary  ,5,20,25,9,33,42
04127200,VICTORIA'S ACADEMY OF COSMETOLOGY       ,WA,99336-3826,Proprietary  ,22,63,85,35,113,148
04130500,PACIFIC NORTHWEST UNIV OF HEALTH SCIENCE,WA,98901-1471,Private      ,6,139,145,25,339,364
04130800,CASCADE BEAUTY COLLEGE                  ,WA,98002-5504,Proprietary  ,6,18,24,16,36,52
04132800,INLAND MASSAGE INSTITUTE                ,WA,99208-5923,Proprietary  ,8,31,39,26,77,103
04149400,GARY MANUEL AVEDA INSTITUTE             ,WA,98122-3807,Proprietary  ,77,118,195,126,238,364
04155000,NORTHWEST SCHOOL OF WOODEN BOAT BUILDING,WA,98339-8706,Private      ,4,27,31,8,46,54
04161200,BAINBRIDGE GRADUATE INSTITUTE           ,WA,98110-2870,Private      ,0,78,78,0,78,78
04170100,SALON PROFESSIONAL ACADEMY (THE)        ,WA,98409-7360,Proprietary  ,15,42,57,15,42,57
00340100,BROWN UNIVERSITY                        ,RI,02912-9127,Private      ,634,67,701,19472,674,20146
00340101,BROWN UNIVERSITY - GRADUATE SCHOOL      ,RI,02912-1827,Private      ,3,115,118,80,1466,1546
00340102,BROWN MEDICAL SCHOOL                    ,RI,02912-0000,Private      ,2,124,126,23,448,471
00340200,BRYANT UNIVERSITY                       ,RI,02917-1284,Private      ,286,79,365,4776,395,5171
00340400,JOHNSON & WALES UNIVERSITY              ,RI,02903-3703,Private      ,3055,1154,4209,18645,4009,22654
00340600,PROVIDENCE COLLEGE                      ,RI,02918-0001,Private      ,584,164,748,7403,643,8046
00340700,RHODE ISLAND COLLEGE                    ,RI,02908-1991,Public       ,576,649,1225,7247,3486,10733
00340800,COMMUNITY COLLEGE OF RI - WARWICK       ,RI,02906-0000,Public       ,961,1597,2558,4708,5632,10340
00340801,COMMUNITY COLLEGE OF RI - LINCOLN       ,RI,02865-4585,Public       ,330,479,809,1684,1903,3587
00340802,COMMUNITY COLLEGE OF RI- PROVIDENCE     ,RI,02905-2313,Public       ,230,405,635,1410,1872,3282
00340900,RHODE ISLAND SCHOOL OF DESIGN           ,RI,02903-2784,Private      ,178,136,314,2650,1429,4079
00341000,ROGER WILLIAMS UNIVERSITY               ,RI,02809-2921,Private      ,208,247,455,7867,1617,9484
00341100,SALVE REGINA UNIVERSITY                 ,RI,02840-4192,Private      ,151,100,251,4263,387,4650
00341400,UNIVERSITY OF RHODE ISLAND              ,RI,02881-0000,Public       ,1501,754,2255,20441,3614,24055
00659100,ST. JOSEPH HOSP SCH OF NURSING          ,RI,02904-5199,Private      ,13,41,54,57,146,203
00784400,SANFORD-BROWN INSTITUTE                 ,RI,02920-7807,Proprietary  ,37,149,186,61,270,331
00784500,NEW ENGLAND INSTITUTE OF TECHNOLOGY     ,RI,02886-2266,Private      ,660,629,1289,2224,1940,4164
01115900,"SAWYER SCHOOL,THE                       ",RI,02860-4117,Proprietary  ,97,389,486,195,872,1067
02071900,ARTHUR ANGELO SCH COSMET&HAIR DSGN      ,RI,02903-0000,Proprietary  ,30,43,73,81,158,239
02176900,WARWICK ACADEMY OF BEAUTY CULTURE       ,RI,02886-1534,Proprietary  ,13,33,46,52,96,148
02584400,NEW ENGLAND TRACTOR TRAILER TRAINING SCH,RI,02860-1752,Proprietary  ,10,125,135,21,138,159
03080000,NEWPORT SCHOOL OF HAIRDRESSING          ,RI,02860-4038,Proprietary  ,2,9,11,10,54,64
03232300,LINCOLN TECHNICAL INSTITUTE             ,RI,02865-4211,Proprietary  ,146,340,486,383,787,1170
03570500,ZION BIBLE COLLEGE                      ,RI,02806-1246,Private      ,60,29,89,143,75,218
03732300,INTERNATIONAL YACHT RESTORATION SCH     ,RI,02840-6720,Private      ,3,9,12,16,24,40
04141200,TONI & GUY HAIRDRESSING ACADEMY         ,RI,02920-0000,Proprietary  ,35,29,64,73,53,126
00341700,ALLEN UNIVERSITY                        ,SC,29204-1085,Private      ,600,223,823,1150,409,1559
00341800,ANDERSON UNIVERSITY                     ,SC,29621-4035,Private      ,689,431,1120,2167,824,2991
00341900,CHARLESTON SOUTHERN UNIVERSITY          ,SC,29406-2160,Private      ,1327,882,2209,3697,1633,5330
00342000,BENEDICT COLLEGE                        ,SC,29204-1086,Private      ,1509,542,2051,3701,1138,4839
00342100,BOB JONES UNIVERSITY                    ,SC,29614-1000,Proprietary  ,840,160,1000,2555,344,2899
00342200,SOUTHERN WESLEYAN UNIVERSITY            ,SC,29630-1020,Private      ,281,675,956,931,1393,2324
00342300,THE CITADEL                             ,SC,29409-0002,Public       ,696,384,1080,2330,774,3104
00342400,CLAFLIN UNIVERSITY                      ,SC,29115-4498,Private      ,1083,437,1520,2534,792,3326
00342500,CLEMSON UNIVERSITY                      ,SC,29634-0001,Public       ,3332,1347,4679,16032,3112,19144
00342600,UNIV OF SC AT SUMTER                    ,SC,29150-2498,Public       ,309,251,560,660,488,1148
00342700,COKER COLLEGE                           ,SC,29550-3797,Private      ,361,422,783,1026,738,1764
00342800,COLLEGE OF CHARLESTON                   ,SC,29424-0100,Public       ,2391,1032,3423,9626,2222,11848
00342900,COLUMBIA INTERNATIONAL UNIVERSITY       ,SC,29203-1599,Private      ,199,292,491,541,588,1129
00343000,COLUMBIA COLLEGE                        ,SC,29203-5998,Private      ,521,533,1054,1304,1002,2306
00343100,CONVERSE COLLEGE                        ,SC,29302-0006,Private      ,262,360,622,814,678,1492
00343200,ERSKINE COLLEGE                         ,SC,29639-0000,Private      ,275,25,300,667,48,715
00343201,ERSKINE THEOLOGICAL SEMINARY            ,SC,29639-0000,Private      ,3,57,60,5,89,94
00343400,FURMAN UNIVERSITY                       ,SC,29613-5253,Private      ,589,183,772,3273,353,3626
00343500,LANDER UNIVERSITY                       ,SC,29649-2099,Public       ,1013,310,1323,3637,743,4380
00343600,LIMESTONE COLLEGE                       ,SC,29340-3799,Private      ,484,1334,1818,1220,2468,3688
00343700,LUTHERAN THEOLOGICAL SOUTHERN SEM       ,SC,29203-5898,Private      ,1,73,74,3,121,124
00343800,MEDICAL UNIV OF SOUTH CAROLINA - FA     ,SC,29425-1760,Public       ,81,781,862,239,2732,2971
00343900,MORRIS COLLEGE                          ,SC,29150-3599,Private      ,585,200,785,1276,391,1667
00344000,NEWBERRY COLLEGE                        ,SC,29108-2197,Private      ,492,128,620,1738,272,2010
00344100,NORTH GREENVILLE COLLEGE                ,SC,29688-1892,Private      ,976,185,1161,2202,343,2545
00344500,PRESBYTERIAN COLLEGE                    ,SC,29325-2503,Private      ,413,40,453,1461,223,1684
00344600,SOUTH CAROLINA STATE UNIVERSITY         ,SC,29117-4427,Public       ,2478,1294,3772,5882,2275,8157
00344700,SPARTANBURG METHODIST COLLEGE           ,SC,29301-5899,Private      ,556,104,660,1194,177,1371
00344800,UNIVERSITY OF SOUTH CAROLINA            ,SC,29208-3999,Public       ,5981,4407,10388,20581,10147,30728
00344900,UNIVERSITY OF SOUTH CAROLINA AIKEN      ,SC,29801-6399,Public       ,1037,483,1520,3063,1109,4172
00345000,UNIV OF SC AT BEAUFORT                  ,SC,29902-4602,Public       ,554,403,957,1297,808,2105
00345100,COASTAL CAROLINA UNIVERSITY             ,SC,29528-0000,Public       ,2894,889,3783,10775,2088,12863
00345300,UNIV OF SC AT LANCASTER                 ,SC,29721-0889,Public       ,341,265,606,730,539,1269
00345400,UNIV OF SC SYSTEM SALKEHATCHIE          ,SC,29810-0617,Public       ,288,258,546,468,475,943
00345500,VOORHEES COLLEGE                        ,SC,29042-0000,Private      ,501,180,681,967,292,1259
00345600,WINTHROP UNIVERSITY                     ,SC,29733-0001,Public       ,1621,899,2520,5468,1799,7267
00345700,WOFFORD COLLEGE                         ,SC,29303-3663,Private      ,228,69,297,2017,154,2171
00399000,FLORENCE-DARLINGTON TECH COLLEGE        ,SC,29501-0548,Public       ,1169,2096,3265,2108,3935,6043
00399100,GREENVILLE TECHNICAL COLLEGE            ,SC,29607-2439,Public       ,3207,5278,8485,5509,9254,14763
00399200,PIEDMONT TECHNICAL COLLEGE              ,SC,29648-1467,Public       ,921,2013,2934,1494,3161,4655
00399300,MIDLANDS TECHNICAL COLLEGE              ,SC,29202-0000,Public       ,2956,4429,7385,4984,8151,13135
00399400,SPARTANBURG COMMUNITY COLLEGE           ,SC,29305-4386,Public       ,1456,2284,3740,2519,4122,6641
00399500,CENTRAL CAROLINA TECHNICAL COLLEGE      ,SC,29150-2499,Public       ,513,1381,1894,925,2512,3437
00399600,YORK TECHNICAL COLLEGE                  ,SC,29730-3395,Public       ,1106,2077,3183,1897,4017,5914
00492000,TRIDENT TECHNICAL COLLEGE               ,SC,29423-8067,Public       ,2388,4218,6606,4072,7855,11927
00492300,CLINTON JR COLLEGE                      ,SC,29730-5152,Private      ,56,40,96,91,70,161
00492400,FORREST JUNIOR COLLEGE                  ,SC,29624-2405,Proprietary  ,14,91,105,21,141,162
00492500,HORRY-GEORGETOWN TECH COLLEGE           ,SC,29526-9521,Public       ,1400,2232,3632,2687,5269,7956
00492600,TRI-COUNTY TECHNICAL COLLEGE            ,SC,29670-9133,Public       ,1370,1629,2999,2981,3259,6240
00492700,UNIV OF SC AT UNION                     ,SC,29379-0729,Public       ,92,109,201,225,214,439
00536300,DENMARK TECHNICAL COLLEGE               ,SC,29042-0000,Public       ,288,360,648,480,585,1065
00681500,ORANGEBURG-CALHOUN TECHNICAL COLG       ,SC,29118-8299,Public       ,509,908,1417,859,1550,2409
00695100,UNIVERSITY OF SOUTH CAROLINA UPSTATE    ,SC,29303-9972,Public       ,1801,1201,3002,5247,2423,7670
00760200,NORTHEASTERN TECHNICAL COLLEGE          ,SC,29520-7015,Public       ,222,449,671,365,827,1192
00922600,FRANCIS MARION UNIVERSITY               ,SC,29501-0000,Public       ,1414,711,2125,4343,1567,5910
00932200,WILLIAMSBURG TECHNICAL COLLEGE          ,SC,29556-4197,Public       ,114,280,394,215,499,714
00991000,TECHNICAL COLLEGE OF THE LOWCOUNTRY     ,SC,29902-5441,Public       ,367,1126,1493,587,1849,2436
00991100,UNIV OF SC-REGIONAL CAMPUSES ADMIN      ,SC,29208-0001,Public       ,25,49,74,103,88,191
01005600,AIKEN TECHNICAL COLLEGE                 ,SC,29802-0696,Public       ,809,1484,2293,1405,2637,4042
01031906,MEDIX SCHOOL - FORTIS COLLEGE           ,SC,29210-0000,Proprietary  ,8,32,40,8,32,40
01209200,KENNETH SHULER SCHOOL OF COSMETOLOGY    ,SC,29732-2169,Proprietary  ,18,40,58,31,71,102
01303907,SOUTH UNIVERSITY                        ,SC,29203-6400,Proprietary  ,205,1050,1255,381,1904,2285
02063700,SHERMAN CLG STRAIGHT CHIROPRACTIC       ,SC,29316-0000,Private      ,5,111,116,13,183,196
02189800,NO AMER INST OF AVIATION OF SO CAR      ,SC,29527-0000,Proprietary  ,1,10,11,6,19,25
02338600,CHARZANNE BEAUTY COLLEGE                ,SC,29649-0000,Proprietary  ,9,27,36,13,37,50
02341100,KENNETH SHULER SCHOOL OF COSMETOLOGY & N,SC,29210-0000,Proprietary  ,65,241,306,91,327,418
02356600,CHARLESTON COSMETOLOGY INSTITUTE        ,SC,29420-0000,Proprietary  ,17,48,65,41,65,106
02552400,ACADEMY OF HAIR TECHNOLOGY              ,SC,29615-2363,Proprietary  ,22,73,95,34,96,130
02567600,SUMTER BEAUTY COLLEGE                   ,SC,29150-0000,Proprietary  ,12,38,50,18,56,74
02614202,MILLER - MOTTE TECHNICAL COLLEGE - NORTH,SC,29406-9239,Proprietary  ,93,296,389,149,566,715
03010614,VIRGINIA COLLEGE - GOLF ACADEMY OF AMERI,SC,29579-0000,Proprietary  ,65,122,187,145,242,387
03010617,VIRGINIA COLLEGE - GREENVILLE           ,SC,29607-7200,Proprietary  ,144,632,776,180,789,969
03010620,VIRGINIA COLLEGE - CHARLESTON           ,SC,29406-4999,Proprietary  ,79,372,451,96,458,554
03010621,VIRGINIA COLLEGE - COLUMBIA             ,SC,29223-7527,Proprietary  ,62,342,404,62,342,404
03052300,KENNETH SHULER SCH COSM & HAIR DESG     ,SC,29841-2013,Proprietary  ,30,97,127,43,125,168
03088300,ACADEMY OF COSMETOLOGY                  ,SC,29418-5667,Proprietary  ,14,49,63,30,73,103
03293300,STRAND COLLEGE OF HAIR DESIGN           ,SC,29572-4310,Proprietary  ,12,42,54,16,74,90
03304300,CENTURA COLLEGE                         ,SC,29406-9235,Proprietary  ,56,352,408,92,636,728
03513300,LACY COSMETOLOGY SCHOOL                 ,SC,29803-9084,Proprietary  ,4,18,22,8,26,34
03513301,LACY COSMETOLOGY SCHOOL -               ,SC,29072-0000,Proprietary  ,0,11,11,3,22,25
03513302,LACY COSMETOLOGY SCHOOL -               ,SC,29445-0000,Proprietary  ,5,7,12,5,13,18
03595300,CHARLESTON SCHOOL OF MASSAGE            ,SC,29412-8270,Proprietary  ,7,19,26,16,36,52
03746300,LEGRAND INSTITUTE OF COSMETOLOGY        ,SC,29020-0000,Proprietary  ,8,20,28,11,38,49
03746400,SOUTHEASTERN INSTITUTE                  ,SC,29210-0000,Proprietary  ,31,127,158,46,217,263
03768400,STYLETRENDS BARBER AND HAIRSTYLING ACADE,SC,29730-4511,Proprietary  ,9,36,45,13,52,65
03856400,W. L. BONNER COLLEGE                    ,SC,29203-0000,Private      ,1,21,22,2,39,41
03892300,HARLEY'S BEAUTY & BARBER CAREER INST.   ,SC,29204-1919,Proprietary  ,13,32,45,17,59,76
04083300,MARION COUNTY TECHNICAL EDUCATION CENTER,SC,29571-0000,Public       ,6,49,55,10,109,119
04096300,CHARLESTON SCHOOL OF LAW                ,SC,29402-0535,Proprietary  ,5,352,357,13,1084,1097
04158100,AIKEN SCHOOL OF COSMETOLOGY             ,SC,29801-4026,Proprietary  ,14,25,39,23,36,59
00345800,AUGUSTANA COLLEGE                       ,SD,57197-0001,Private      ,459,92,551,1688,180,1868
00345900,BLACK HILLS STATE UNIVERSITY            ,SD,57799-9670,Public       ,683,606,1289,2029,1303,3332
00346100,DAKOTA WESLEYAN UNIVERSITY              ,SD,57301-4398,Private      ,150,78,228,567,233,800
00346300,DAKOTA STATE UNIVERSITY                 ,SD,57042-1799,Public       ,352,282,634,1104,581,1685
00346500,MOUNT MARTY COLLEGE                     ,SD,57078-3724,Private      ,124,148,272,465,358,823
00346600,NORTHERN STATE UNIVERSITY               ,SD,57401-7198,Public       ,240,207,447,1458,571,2029
00346700,PRESENTATION COLLEGE                    ,SD,57401-1299,Private      ,60,113,173,292,341,633
00346900,UNIVERSITY OF SIOUX FALLS               ,SD,57105-1699,Private      ,202,193,395,1225,443,1668
00347000,SOUTH DAKOTA SCH OF MINES & TECH        ,SD,57701-3995,Public       ,301,232,533,1315,468,1783
00347100,SOUTH DAKOTA STATE UNIVERSITY           ,SD,57007-2298,Public       ,2292,1133,3425,7162,2302,9464
00347400,UNIVERSITY OF SOUTH DAKOTA              ,SD,57069-2390,Public       ,1371,1581,2952,4156,3502,7658
00405600,SIOUX FALLS SEMINARY                    ,SD,57105-2729,Private      ,1,31,32,2,61,63
00405700,NATIONAL AMERICAN UNIVERSITY            ,SD,57701-3692,Proprietary  ,307,3723,4030,390,5247,5637
00405707,NATIONAL AMERICAN UNIVERSITY            ,SD,57105-0000,Proprietary  ,23,168,191,46,327,373
00492900,MCKENNAN HOSP-RADOLOGICAL TECH          ,SD,57101-0000,Private      ,8,13,21,19,24,43
00530900,LAKE AREA TECHNICAL INSTITUTE           ,SD,57201-2869,Public       ,325,196,521,776,425,1201
00598700,AVERA SACRED HEART HOSPITAL SCHOOL OF RA,SD,57078-3899,Private      ,3,7,10,5,14,19
00776400,SOUTHEAST TECHNICAL INST                ,SD,57107-0000,Public       ,493,513,1006,1070,969,2039
00828400,MITCHELL TECHNICAL INSTITUTE            ,SD,57301-2002,Public       ,251,158,409,575,323,898
01013800,STEWART SCHOOL                          ,SD,57104-0000,Proprietary  ,29,34,63,58,53,111
01014804,COLORADO TECHNICAL UNIVERSITY           ,SD,57108-2272,Proprietary  ,90,406,496,233,1025,1258
01017000,WESTERN DAKOTA TECHNICAL INSTITUTE      ,SD,57701-4018,Public       ,215,436,651,379,744,1123
01147701,SIOUX VALLEY HOSP-MEDICAL TECH          ,SD,57117-5039,Private      ,7,14,21,14,22,36
01465900,OGLALA LAKOTA COLLEGE                   ,SD,57752-0490,Public       ,97,522,619,144,724,868
02137100,BLACK HILLS BEAUTY COLLEGE              ,SD,57701-0000,Proprietary  ,23,29,52,47,56,103
02143700,SINTE GLESKA UNIVERSITY                 ,SD,57570-0000,Public       ,25,148,173,50,256,306
02144600,KILIAN COMMUNITY COLLEGE                ,SD,57103-7020,Private      ,34,173,207,60,307,367
02277300,SISSETON WAHPETON COLLEGE               ,SD,57262-0000,Public       ,7,42,49,15,64,79
02297800,HEADLINES ACADEMY                       ,SD,57701-0000,Proprietary  ,17,43,60,32,73,105
00347700,AQUINAS COLLEGE                         ,TN,37205-2086,Private      ,49,229,278,237,714,951
00347701,AQUINAS COLLEGE -  PRIMETIME PROGRAM    ,TN,37214-3644,Private      ,3,47,50,9,123,132
00347800,AUSTIN PEAY STATE UNIVERSITY            ,TN,37044-0002,Public       ,1555,2209,3764,6801,5965,12766
00347900,BELMONT UNIVERSITY                      ,TN,37212-3757,Private      ,860,1052,1912,5719,2884,8603
00348000,BETHEL UNIVERSITY                       ,TN,38201-1705,Private      ,262,948,1210,1500,2618,4118
00348100,CARSON-NEWMAN COLLEGE                   ,TN,37760-2204,Private      ,456,240,696,2941,619,3560
00348200,CHRISTIAN BROTHERS UNIVERSITY           ,TN,38104-5581,Private      ,258,425,683,2061,1295,3356
00348300,COLUMBIA STATE COMMUNITY COLLEGE        ,TN,38401-5653,Public       ,801,1128,1929,2531,2652,5183
00348500,CUMBERLAND UNIVERSITY                   ,TN,37087-3554,Private      ,242,315,557,1406,902,2308
00348600,LIPSCOMB UNIVERSITY                     ,TN,37204-3951,Private      ,587,607,1194,2944,1460,4404
00348700,EAST TENNESSEE STATE UNIV - MAIN CAMPUS ,TN,37614-2857,Public       ,2365,2176,4541,10406,6440,16846
00348701,EAST TENNESSEE STATE UNIV - MEDICINE    ,TN,37614-1708,Public       ,53,199,252,273,521,794
00348709,EAST TENNESSEE STATE UNIV - PHARMACY    ,TN,37614-1704,Public       ,21,158,179,114,417,531
00349000,FISK UNIVERSITY                         ,TN,37208-3045,Private      ,164,158,322,1182,439,1621
00349200,FREED-HARDEMAN UNIVERSITY               ,TN,38340-2399,Private      ,251,323,574,1643,691,2334
00349500,JOHNSON BIBLE COLLEGE                   ,TN,37998-9775,Private      ,127,82,209,585,294,879
00349600,KING COLLEGE                            ,TN,37620-2699,Private      ,240,424,664,1179,979,2158
00349800,LAMBUTH UNIVERSITY                      ,TN,38301-5296,Private      ,126,93,219,880,327,1207
00349900,LANE COLLEGE                            ,TN,38301-4598,Private      ,651,233,884,3027,1076,4103
00350000,LEE UNIVERSITY                          ,TN,37320-0000,Private      ,700,384,1084,3374,1108,4482
00350100,LEMOYNE-OWEN COLLEGE                    ,TN,38126-6510,Private      ,257,498,755,1122,1385,2507
00350200,LINCOLN MEMORIAL UNIVERSITY             ,TN,37752-7920,Private      ,298,1379,1677,1832,3285,5117
00350400,MARTIN METHODIST COLLEGE                ,TN,38478-2799,Private      ,135,123,258,794,449,1243
00350500,MARYVILLE COLLEGE                       ,TN,37804-5907,Private      ,270,81,351,1775,250,2025
00350600,MEHARRY MEDICAL COLLEGE                 ,TN,37208-0000,Private      ,16,385,401,67,1305,1372
00350700,MEMPHIS COLLEGE OF ART                  ,TN,38104-2764,Private      ,154,101,255,647,261,908
00350900,UNIVERSITY OF MEMPHIS (THE)             ,TN,38152-4611,Public       ,3187,4913,8100,14631,13947,28578
00351000,MIDDLE TENNESSEE STATE UNIV             ,TN,37130-0000,Public       ,5956,4371,10327,20301,10089,30390
00351100,MILLIGAN COLLEGE                        ,TN,37682-4001,Private      ,138,169,307,1079,489,1568
00351700,SOUTHERN COLLEGE OF OPTOMETRY           ,TN,38104-2222,Private      ,6,71,77,30,570,600
00351800,SOUTHERN ADVENTIST UNIVERSITY           ,TN,37315-0370,Private      ,566,243,809,2188,680,2868
00351900,RHODES COLLEGE                          ,TN,38112-1690,Private      ,297,124,421,2678,381,3059
00352200,TENNESSEE STATE UNIVERSITY              ,TN,37209-1561,Public       ,2085,2763,4848,10510,7434,17944
00352300,TENNESSEE TECHNOLOGICAL UNIV            ,TN,38505-0001,Public       ,2050,1251,3301,8873,3076,11949
00352400,TENNESSEE TEMPLE UNIVERSITY             ,TN,37404-3587,Private      ,123,213,336,329,394,723
00352500,TENNESSEE WESLEYAN COLLEGE              ,TN,37371-0040,Private      ,162,132,294,1090,479,1569
00352600,TREVECCA NAZARENE UNIVERSITY            ,TN,37210-2877,Private      ,287,801,1088,1282,1685,2967
00352700,TUSCULUM COLLEGE                        ,TN,37743-0001,Private      ,235,446,681,2248,1580,3828
00352800,UNION UNIVERSITY                        ,TN,38305-3697,Private      ,421,845,1266,2691,2033,4724
00352900,UNIVERSITY OF TENNESSEE-CHATTANOOGA     ,TN,37403-2598,Public       ,2448,1505,3953,11661,4048,15709
00353000,UNIVERSITY OF TENNESSEE-KNOXVILLE       ,TN,37996-0150,Public       ,4148,2864,7012,23258,8835,32093
00353006,UNIVERSITY OF TENNESSEE-HEALTH SCI CTR  ,TN,38103-0000,Public       ,72,1221,1293,386,3054,3440
00353100,UNIVERSITY OF TENNESSEE-MARTIN          ,TN,38238-0002,Public       ,1306,1080,2386,6943,2909,9852
00353400,UNIVERSITY OF THE SOUTH                 ,TN,37383-1000,Private      ,153,33,186,1803,99,1902
00353500,VANDERBILT UNIVERSITY                   ,TN,37240-0001,Private      ,1196,1426,2622,13840,6213,20053
00353501,VANDERBILT UNIV MED CTR ALLIEDHEAL      ,TN,37232-5510,Private      ,15,70,85,70,268,338
00353502,VANDERBILT UNIV - SCH OF MED            ,TN,37232-0000,Private      ,21,183,204,152,1013,1165
00353600,BRYAN COLLEGE                           ,TN,37321-7000,Private      ,135,176,311,1081,420,1501
00399800,CHATTANOOGA STATE COMMUNITY COLLEGE     ,TN,37406-1097,Public       ,1525,3063,4588,4176,6576,10752
00399900,CLEVELAND STATE COMMUNITY COLLEGE       ,TN,37312-2858,Public       ,400,820,1220,1482,2077,3559
00402500,TN TECHNOLOGY CTR AT KNOXVILLE          ,TN,37919-2327,Public       ,162,508,670,438,1087,1525
00402600,TENNESSEE TECH. CNTR AT CROSSVILLE      ,TN,38555-4142,Public       ,72,164,236,282,397,679
00461700,NATIONAL COLLEGE OF BUSINESS & TECH     ,TN,37211-6605,Proprietary  ,174,819,993,396,2373,2769
00493400,DRAUGHONS JR CLG OF BUSINESS            ,TN,37217-1056,Proprietary  ,127,810,937,241,1713,1954
00493401,DAYMAR INSTITUTE - CLARKSVILLE          ,TN,37040-6718,Proprietary  ,18,136,154,18,136,154
00493700,JACKSON STATE COMMUNITY COLLEGE         ,TN,38301-3797,Public       ,667,1232,1899,2749,3724,6473
00493800,SOUTH COLLEGE                           ,TN,37909-3323,Proprietary  ,129,656,785,373,1496,1869
00494700,WEST TENNESSEE BUSINESS COLLEGE         ,TN,38301-3256,Proprietary  ,26,181,207,94,477,571
00528000,TN TECHNOLOGY CTR AT COVINGTON          ,TN,38019-0249,Public       ,45,104,149,113,317,430
00528100,TN TECHNOLOGY CTR AT ELIZABETHTON       ,TN,37643-0789,Public       ,86,286,372,221,734,955
00528200,TN TECHNOLOGY CTR AT HARTSVILLE         ,TN,37074-0000,Public       ,60,115,175,166,326,492
00528300,TN TECHNOLOGY CTR AT NEWBERN            ,TN,38059-1198,Public       ,49,138,187,143,373,516
00530700,TN TECHNOLOGY CTR AT MCMINNVILLE        ,TN,37110-1322,Public       ,50,134,184,152,441,593
00535100,TENNESSEE TECHNOLOGY CENTER AT MORRISTOW,TN,37813-2094,Public       ,127,359,486,355,913,1268
00535200,TN TECHNOLOGY CENTER AT MCKENZIE        ,TN,38201-1620,Public       ,50,90,140,135,325,460
00535300,TN TECHNOLOGY CENTER AT LIVINGSTON      ,TN,38570-0219,Public       ,46,109,155,238,351,589
00535400,TN TECHNOLOGY CTR AT JACKSON            ,TN,38301-0000,Public       ,95,268,363,340,1046,1386
00535600,TENNESSEE TECHNOLOGY CENTER AT HOHENWALD,TN,38462-0000,Public       ,60,154,214,209,396,605
00535700,TENNESSEE TECHNOLOGY CENTER AT CRUMP    ,TN,38327-3402,Public       ,53,126,179,207,430,637
00535800,TN TECHNOLOGY CENTER AT ATHENS          ,TN,37371-0848,Public       ,63,190,253,228,467,695
00535900,TENNESSEE TECHNOLOGY CENTER AT NASHVILLE,TN,37209-0000,Public       ,150,557,707,426,1282,1708
00536000,TENNESSEE TECHNOLOGY CENTER AT MEMPHIS  ,TN,38105-3604,Public       ,246,699,945,596,1462,2058
00537800,NORTHEAST STATE COMMUNITY COLLEGE       ,TN,37617-0246,Public       ,639,1351,1990,2815,4052,6867
00537900,TN TECHNOLOGY CTR AT SHELBYVILLE        ,TN,37160-3697,Public       ,102,262,364,263,703,966
00683500,DYERSBURG STATE COMMUNITY COLLEGE       ,TN,38024-0000,Public       ,327,790,1117,1587,2529,4116
00683600,MOTLOW STATE COMMUNITY COLLEGE          ,TN,37388-7972,Public       ,876,1090,1966,2401,2452,4853
00743900,FOUNTAINHEAD COLLEGE OF TECHNOLOGY      ,TN,37918-2583,Proprietary  ,41,149,190,114,402,516
00744000,NASHVILLE AUTO DIESEL COLLEGE           ,TN,37206-3298,Proprietary  ,685,390,1075,2302,917,3219
00778200,TENNESSEE TECHNOLOGY CENTER AT DICKSON  ,TN,37055-0000,Public       ,80,234,314,234,568,802
00778300,MIDDLE TENNESSEE SCH OF ANESTHESIA      ,TN,37116-0417,Private      ,7,43,50,37,177,214
00814500,NASHVILLE STATE TECH CMNTY COLLEGE      ,TN,37209-0000,Public       ,1058,2530,3588,2803,6208,9011
00865500,GENESIS CAREER COLLEGE OF COOKEVILLE    ,TN,38501-1959,Proprietary  ,39,170,209,47,195,242
00885900,JOHN A GUPTON COLLEGE                   ,TN,37203-2934,Private      ,23,42,65,85,125,210
00886300,WALTERS STATE COMMUNITY COLLEGE         ,TN,37813-6899,Public       ,1045,1714,2759,3653,4006,7659
00946400,TN TECHNOLOGY CTR AT PULASKI            ,TN,38478-4541,Public       ,50,187,237,113,405,518
00956700,TENNESSEE SCHOOL OF BEAUTY              ,TN,37921-3303,Proprietary  ,64,141,205,184,287,471
00971000,TENNESSEE TECHNOLOGY CENTER AT ONEIDA/HU,TN,37756-4149,Public       ,33,105,138,79,253,332
00991200,VOLUNTEER STATE COMMUNITY COLLEGE       ,TN,37066-3188,Public       ,1144,1847,2991,3142,4046,7188
00991400,ROANE STATE COMMUNITY COLLEGE           ,TN,37748-8664,Public       ,868,1436,2304,3197,3720,6917
00998200,CRICHTON COLLEGE                        ,TN,38111-4745,Private      ,64,432,496,199,1117,1316
01021700,INTERNATIONAL ACADEMY OF DESIGN & TECH  ,TN,37212-0000,Proprietary  ,151,229,380,410,568,978
01032600,TN TECHNOLOGY CTR AT HARRIMAN           ,TN,37748-1109,Public       ,43,121,164,120,276,396
01043900,SOUTHWEST TENNESSEE COMMUNITY COLLG     ,TN,38104-3322,Public       ,2047,4401,6448,5962,10650,16612
01044700,"PLAZA BEAUTY SCHOOL, INC.               ",TN,38117-4822,Proprietary  ,34,115,149,71,174,245
01046000,AMERICAN BAPTIST THEOLOGICAL SEMINA     ,TN,37207-4994,Private      ,5,33,38,15,101,116
01052900,MEMPHIS THEOLOGICAL SEMINARY            ,TN,38104-0000,Private      ,1,89,90,4,193,197
01070000,TN TECHNOLOGY CENTER AT JACKSBORO       ,TN,37757-2461,Public       ,39,83,122,107,246,353
01155300,WM R MOORE COLLEGE OF TECHNOLOGY        ,TN,38104-0000,Private      ,24,86,110,68,185,253
01216400,TENNESSEE TECHNICAL CNTR AT RIPLEY      ,TN,38063-7359,Public       ,14,81,95,81,276,357
01254700,EMMANUEL SCHOOL OF RELIGION             ,TN,37601-0000,Private      ,0,20,20,2,51,53
01269300,PELLISSIPPI STATE COMMUNITY COLLEGE     ,TN,37933-0990,Public       ,1538,2066,3604,4363,4530,8893
02069303,VATTEROTT COLLEGE -                     ,TN,38016-5877,Proprietary  ,37,189,226,88,415,503
02092800,TENNESSEE TECHNOLOGY CENTER AT WHITEVILL,TN,38075-0000,Public       ,40,85,125,96,247,343
02103500,TN TECHNOLOGY CTR AT MURFREESBORO       ,TN,37129-0000,Public       ,89,248,337,242,545,787
02106400,O'MORE COLLEGE OF DESIGN                ,TN,37064-0000,Private      ,61,24,85,182,63,245
02125300,NASHVILLE CLG OF MEDICAL CAREERS        ,TN,37115-0000,Proprietary  ,16,101,117,38,191,229
02153100,JON NAVE UNIVERSITY OF COSMETOLOGY      ,TN,37013-3347,Proprietary  ,81,150,231,130,238,368
02157100,CONCORDE CAREER COLLEGE                 ,TN,38137-0000,Proprietary  ,130,634,764,286,1282,1568
02188300,PENTECOSTAL THEOLOGICAL SEMINARY        ,TN,37320-0000,Private      ,0,98,98,3,151,154
02204200,"CHATTANOOGA COLLEGE - MEDICAL, DENTAL AN",TN,37411-0000,Proprietary  ,47,219,266,120,439,559
02237900,TN TECHNOLOGY CENTER AT PARIS           ,TN,38242-0000,Public       ,51,154,205,134,438,572
02255000,KNOXVILLE INSTITUTE OF HAIR DESIGN      ,TN,37917-0000,Proprietary  ,4,26,30,4,26,30
02257400,ARNOLD'S BEAUTY SCHOOL                  ,TN,38358-0000,Proprietary  ,10,13,23,33,31,64
02263104,ANTHEM COLLEGE - ANTHEM CAREER COLLEGE -,TN,37214-2531,Proprietary  ,19,72,91,54,165,219
02275500,REUBEN-ALLEN COLLEGE                    ,TN,37922-0000,Proprietary  ,15,36,51,48,84,132
02278700,MR WAYNES SCH OF UNISEX HAIR DESIGN     ,TN,38501-0000,Proprietary  ,1,11,12,7,22,29
02293900,VOLUNTEER BEAUTY ACADEMY-NASHVILLE      ,TN,37115-2112,Proprietary  ,10,24,34,16,44,60
02294000,VOLUNTEER BEAUTY ACADEMY-DYERSBURG      ,TN,38024-1622,Proprietary  ,5,24,29,12,35,47
02326200,KAPLAN CAREER INSTITUTE                 ,TN,37217-1342,Proprietary  ,106,656,762,209,1347,1556
02326300,MEDVANCE INSTITUTE                      ,TN,38501-4305,Proprietary  ,31,173,204,68,286,354
02335900,VOLUNTEER BEAUTY ACADEMY-NASHVILLE      ,TN,37209-3033,Proprietary  ,10,30,40,27,67,94
02359800,ITT TECHNICAL INSTITUTE                 ,TN,37214-3717,Proprietary  ,414,1145,1559,645,1489,2134
02539800,QUEEN CITY COLLEGE                      ,TN,37042-0000,Proprietary  ,14,74,88,30,170,200
02540000,TENNESSEE ACADEMY OF COSMETOLOGY        ,TN,38133-0000,Proprietary  ,32,81,113,66,143,209
02578200,NOSSI COLLEGE OF ART                    ,TN,37072-0000,Proprietary  ,106,106,212,251,235,486
02595000,FAYETTEVILLE BEAUTY SCHOOL              ,TN,37334-2909,Proprietary  ,4,27,31,11,34,45
02599710,VATTEROTT COLLEGE - MEMPHIS             ,TN,38132-1714,Proprietary  ,60,315,375,136,678,814
02605501,REMINGTON COLLEGE - MEMPHIS CAMPUS      ,TN,38132-0000,Proprietary  ,121,453,574,313,1018,1331
02609204,VATTEROTT COLLEGE - VATTEROTT CAREER COL,TN,38133-4727,Proprietary  ,47,284,331,83,455,538
02614200,MILLER MOTTE BUSINESS COLLEGE           ,TN,37040-6023,Proprietary  ,82,415,497,160,746,906
02614203,MILLER - MOTTE TECHNICAL COLLEGE - CHATT,TN,37421-7220,Proprietary  ,96,312,408,217,706,923
02614204,MILLER - MOTTE TECHNICAL COLLEGE - GOODL,TN,37072-1870,Proprietary  ,68,201,269,96,342,438
03001800,FREE WILL BAPTIST BIBLE COLLEGE         ,TN,37205-2498,Private      ,57,43,100,171,93,264
03008800,FRANKLIN ACADEMY                        ,TN,37312-3939,Private      ,9,41,50,14,55,69
03010606,VIRGINIA COLLEGE - SCH OF BUSNSS & HLTH ,TN,37411-5600,Proprietary  ,26,123,149,63,290,353
03024900,TENNESSEE ACADEMY OF COSMETOLOGY        ,TN,38125-3442,Proprietary  ,39,72,111,75,148,223
03061100,GENESIS CAREER COLLEGE OF LEBANON       ,TN,37087-2718,Proprietary  ,34,115,149,38,130,168
03073400,ITT TECHNICAL INSTITUTE                 ,TN,37932-3343,Proprietary  ,385,1350,1735,619,1912,2531
03076405,BRYMAN SCHOOL OF ARIZONA (THE) - ANTHEM ,TN,38134-7345,Proprietary  ,32,139,171,107,318,425
03079100,NORTH CENTRAL INSTITUTE                 ,TN,37042-3116,Proprietary  ,4,42,46,19,75,94
03088800,WATKINS INSTITUTE COLLEGE OF ART & DESIG,TN,37228-1306,Private      ,116,98,214,483,255,738
03126900,STYLES & PROFILES BEAUTY COLLEGE        ,TN,38375-2109,Proprietary  ,4,9,13,9,18,27
03355400,RICHMONT GRADUATE UNIVERSITY            ,TN,37404-0000,Private      ,4,114,118,6,186,192
03440300,BAPTIST MEMORIAL COLLEGE OF HEALTH      ,TN,38104-3104,Private      ,132,432,564,740,1546,2286
03480303,MEDVANCE INSTITUTE - NASHVILLE          ,TN,37203-1536,Proprietary  ,55,293,348,108,477,585
03513500,WILLIAMSON CHRISTIAN COLLEGE            ,TN,37067-8237,Private      ,9,39,48,20,68,88
03647300,NEW CONCEPTS SCHOOL OF COSMETOLOGY      ,TN,37311-7373,Proprietary  ,3,13,16,6,25,31
03683300,INTERNATIONAL BARBER & STYLE COLLEGE    ,TN,37209-0000,Proprietary  ,7,38,45,26,74,100
03701300,MEMPHIS INSTITUTE OF BARBERING          ,TN,38107-4334,Proprietary  ,30,102,132,69,179,248
03774400,SHEAR ACADEMY                           ,TN,38555-4177,Proprietary  ,2,9,11,16,25,41
03830300,SAE INSTITUTE OF TECHNOLOGY             ,TN,37203-4310,Proprietary  ,58,87,145,133,204,337
03841300,CAREER BEAUTY COLLEGE                   ,TN,38464-3634,Proprietary  ,1,11,12,9,28,37
03920300,INSTITUTE OF HAIR DESIGN                ,TN,38310-1801,Proprietary  ,8,17,25,18,25,43
03930300,BUCHANAN BEAUTY COLLEGE                 ,TN,37160-2741,Proprietary  ,4,19,23,8,34,42
03982300,VISIBLE SCHOOL - MUSIC AND WORSHIPS ARTS,TN,38104-5814,Private      ,51,30,81,94,55,149
04035300,NAVE COSMETOLOGY ACADEMY                ,TN,38401-6335,Proprietary  ,22,68,90,32,100,132
04124100,ELITE COLLEGE OF COSMETOLOGY            ,TN,38351-1431,Proprietary  ,8,20,28,18,31,49
04157200,LOVE BEAUTY SCHOOL                      ,TN,37355-2950,Proprietary  ,6,26,32,12,39,51
00353700,ABILENE CHRISTIAN UNIVERSITY            ,TX,79699-3701,Private      ,1268,593,1861,3950,1162,5112
00353900,ALVIN COMMUNITY COLLEGE                 ,TX,77511-4807,Public       ,475,898,1373,878,1723,2601
00354000,AMARILLO COLLEGE                        ,TX,79109-2446,Public       ,1309,2657,3966,2415,4568,6983
00354100,ANGELO STATE UNIVERSITY                 ,TX,76909-5069,Public       ,2021,1052,3073,6004,2206,8210
00354300,AUSTIN COLLEGE                          ,TX,75090-4440,Private      ,506,87,593,1926,183,2109
00354400,AUSTIN PRESBYTERIAN THEOLOGICAL SEM     ,TX,78705-5797,Private      ,0,84,84,1,127,128
00354500,BAYLOR UNIVERSITY                       ,TX,76798-1458,Private      ,2913,1227,4140,19018,4304,23322
00354600,COASTAL BEND COLLEGE                    ,TX,78102-2197,Public       ,621,865,1486,1171,1704,2875
00354900,BLINN COLLEGE                           ,TX,77833-4098,Public       ,3921,1799,5720,7994,3191,11185
00355300,CISCO JUNIOR COLLEGE                    ,TX,76437-9803,Public       ,810,1110,1920,1486,1837,3323
00355400,CLARENDON COLLEGE                       ,TX,79226-0000,Public       ,150,178,328,318,293,611
00355600,COMMONWEALTH INST OF FUNERAL SVC        ,TX,77090-5918,Private      ,30,100,130,54,152,206
00355700,CONCORDIA UNIVERSITY TEXAS              ,TX,78726-4141,Private      ,481,1035,1516,1234,1661,2895
00355800,NORTH CENTRAL TEXAS COLLEGE             ,TX,76240-4699,Public       ,1204,1787,2991,2070,3188,5258
00356000,DALLAS BAPTIST UNIVERSITY               ,TX,75211-9299,Private      ,876,1536,2412,2362,2867,5229
00356100,CEDAR VALLEY COLLEGE                    ,TX,75134-0000,Public       ,756,1643,2399,1403,2808,4211
00356200,DALLAS THEOLOGICAL SEM                  ,TX,75204-0000,Private      ,5,258,263,12,466,478
00356300,DEL MAR COLLEGE                         ,TX,78404-3897,Public       ,1914,3101,5015,3704,5370,9074
00356400,EAST TEXAS BAPTIST UNIVERSITY           ,TX,75670-1423,Private      ,602,181,783,1371,285,1656
00356500,TEXAS A&M UNIVERSITY - COMMERCE         ,TX,75429-3011,Public       ,1408,2508,3916,3973,4900,8873
00356600,EPISCOPAL THEOL SEM OF THE STHWST       ,TX,78768-0000,Private      ,0,4,4,2,17,19
00356800,FRANK PHILLIPS COLLEGE                  ,TX,79008-0000,Public       ,178,222,400,301,345,646
00357000,GRAYSON COUNTY COLLEGE                  ,TX,75020-8299,Public       ,641,1460,2101,1231,2525,3756
00357100,HARDIN-SIMMONS UNIVERSITY               ,TX,79698-6050,Private      ,726,398,1124,2105,761,2866
00357200,TRINITY VALLEY COMMUNITY COLLEGE        ,TX,75751-2734,Public       ,919,1686,2605,1688,2956,4644
00357300,HILL COLLEGE                            ,TX,76645-2711,Public       ,360,462,822,665,754,1419
00357301,HILL COLLEGE                            ,TX,76031-0000,Public       ,326,736,1062,539,1305,1844
00357400,HOWARD COLLEGE                          ,TX,79720-0213,Public       ,516,963,1479,1000,1725,2725
00357500,HOWARD PAYNE UNIVERSITY                 ,TX,76801-2715,Private      ,387,153,540,1304,294,1598
00357600,HOUSTON BAPTIST UNIVERSITY              ,TX,77074-3298,Private      ,997,865,1862,3965,1795,5760
00357700,HUSTON - TILLOTSON UNIVERSITY           ,TX,78702-2795,Private      ,377,271,648,1000,553,1553
00357800,UNIVERSITY OF THE INCARNATE WORD        ,TX,78209-6398,Private      ,1414,2023,3437,4347,3967,8314
00357900,JACKSONVILLE COLLEGE                    ,TX,75766-4759,Private      ,87,73,160,173,125,298
00358000,KILGORE COLLEGE                         ,TX,75662-3299,Public       ,1268,1941,3209,2376,3077,5453
00358100,LAMAR UNIVERSITY-BEAUMONT               ,TX,77710-0042,Public       ,2617,2637,5254,6948,5022,11970
00358200,LAREDO COMMUNITY COLLEGE                ,TX,78040-4395,Public       ,1951,1682,3633,4528,3114,7642
00358300,LEE COLLEGE                             ,TX,77520-4796,Public       ,741,1651,2392,1222,2781,4003
00358400,LETOURNEAU UNIVERSITY                   ,TX,75607-0000,Private      ,365,1149,1514,1541,2256,3797
00358500,LON MORRIS COLLEGE                      ,TX,75766-2900,Private      ,388,100,488,761,174,935
00358600,LUBBOCK CHRISTIAN UNIVERSITY            ,TX,79407-2099,Private      ,535,542,1077,1283,968,2251
00358800,UNIVERSITY OF MARY HARDIN-BAYLOR        ,TX,76513-2599,Private      ,536,397,933,3196,1063,4259
00359000,MCLENNAN COMMUNITY COLLEGE              ,TX,76708-1498,Public       ,1584,3108,4692,3070,5039,8109
00359100,MCMURRY UNIVERSITY                      ,TX,79697-0001,Private      ,522,255,777,1486,532,2018
00359200,MIDWESTERN STATE UNIVERSITY             ,TX,76308-2099,Public       ,1346,1160,2506,3679,2309,5988
00359300,NAVARRO COLLEGE                         ,TX,75110-4818,Public       ,1646,2120,3766,3135,3671,6806
00359400,UNIVERSITY OF NORTH TEXAS               ,TX,76203-1370,Public       ,8007,7369,15376,23589,15625,39214
00359500,OBLATE SCHOOL OF THEOLOGY               ,TX,78216-0000,Private      ,2,15,17,8,24,32
00359600,ODESSA COLLEGE                          ,TX,79764-7127,Public       ,716,1165,1881,1224,2042,3266
00359800,OUR LADY OF THE LAKE UNIVERSITY         ,TX,78207-4689,Private      ,680,1138,1818,2169,2157,4326
00359900,UNIVERSITY OF TEXAS - PAN AMERICAN      ,TX,78541-2999,Public       ,3788,3225,7013,14024,7430,21454
00360000,PANOLA COLLEGE                          ,TX,75633-2397,Public       ,344,670,1014,622,1047,1669
00360100,PARIS JR COLLEGE                        ,TX,75460-6298,Public       ,647,1248,1895,1236,2100,3336
00360200,PAUL QUINN COLLEGE                      ,TX,75241-4398,Private      ,135,230,365,257,368,625
00360300,RANGER COLLEGE                          ,TX,76470-3298,Public       ,242,174,416,410,311,721
00360400,RICE UNIVERSITY                         ,TX,77251-1892,Private      ,907,793,1700,8462,2189,10651
00360600,SAM HOUSTON STATE UNIVERSITY            ,TX,77340-0000,Public       ,4721,2683,7404,14006,5669,19675
00360700,ALAMO CMTY CLG DISTRICT PROGRAM         ,TX,78207-0000,Public       ,347,515,862,696,891,1587
00360800,ST PHILLIPS COLLEGE                     ,TX,78203-2098,Public       ,2000,3919,5919,3563,6817,10380
00360900,SAN JACINTO CLG-CENTRAL-NORTH-SOUTH     ,TX,77501-0000,Public       ,3348,5013,8361,5763,8013,13776
00361000,SCHREINER UNIVERSITY                    ,TX,78028-5697,Private      ,398,163,561,1302,340,1642
00361100,SOUTH PLAINS COLLEGE                    ,TX,79336-6504,Public       ,1928,2124,4052,3601,3551,7152
00361200,UNIV OF HOUSTON-DOWNTOWN                ,TX,77002-1001,Public       ,2307,4259,6566,5568,7971,13539
00361300,SOUTHERN METHODIST UNIVERSITY           ,TX,75275-0181,Private      ,1284,2070,3354,6446,4825,11271
00361400,SOUTHWEST TEXAS JR COLLEGE              ,TX,78801-6221,Public       ,970,1081,2051,1946,1944,3890
00361500,TEXAS STATE UNIVERSITY--SAN MARCOS      ,TX,78666-4602,Public       ,7081,4828,11909,24192,11916,36108
00361600,SOUTHWESTERN ASSEMBLIES OF GOD UNIV     ,TX,75165-2397,Private      ,571,385,956,1284,780,2064
00361700,SOUTHWESTERN BAPTIST THEOL SEMINARY     ,TX,76122-0000,Private      ,12,70,82,28,135,163
00361800,SOUTHWESTERN CHRISTIAN COLLEGE          ,TX,75160-3400,Private      ,77,37,114,138,62,200
00361900,SOUTHWESTERN ADVENTIST UNIVERSITY       ,TX,76059-1922,Private      ,223,141,364,475,268,743
00362000,SOUTHWESTERN UNIVERSITY                 ,TX,78626-6111,Private      ,202,67,269,2270,194,2464
00362100,ST EDWARDS UNIVERSITY                   ,TX,78704-0000,Private      ,1116,1092,2208,4819,2407,7226
00362300,ST MARY'S UNIV OF SAN ANTONIO           ,TX,78228-8500,Private      ,687,921,1608,3870,2788,6658
00362400,STEPHEN F AUSTIN STATE UNIVERSITY       ,TX,75962-0001,Public       ,3801,1833,5634,11598,3445,15043
00362500,SUL ROSS STATE UNIVERSITY               ,TX,79832-0113,Public       ,542,701,1243,1343,1265,2608
00362600,TARRANT COUNTY COLLEGE                  ,TX,76102-6599,Public       ,6144,9979,16123,11239,17724,28963
00362700,TEMPLE COLLEGE                          ,TX,76504-7435,Public       ,770,1726,2496,1566,3404,4970
00362800,TEXARKANA COLLEGE                       ,TX,75599-0001,Public       ,731,1153,1884,1402,2039,3441
00363000,PRAIRIE VIEW A&M UNIVERSITY             ,TX,77446-2967,Public       ,3505,2364,5869,9696,4462,14158
00363100,TARLETON STATE UNIVERSITY               ,TX,76402-0000,Public       ,2225,2153,4378,5566,4166,9732
00363200,TEXAS A&M UNIVERSITY                    ,TX,77842-0000,Public       ,7848,3002,10850,33668,7425,41093
00363400,TEXAS STATE TECHNICAL CLG AT WACO       ,TX,76705-1695,Public       ,1164,1621,2785,2140,2629,4769
00363500,TEXAS CHIROPRACTIC COLLEGE              ,TX,77505-1699,Private      ,7,166,173,12,304,316
00363600,TEXAS CHRISTIAN UNIVERSITY              ,TX,76129-0001,Private      ,2000,1170,3170,10129,2826,12955
00363700,JARVIS CHRISTIAN COLLEGE                ,TX,75765-1470,Private      ,292,98,390,543,183,726
00363800,TEXAS COLLEGE                           ,TX,75702-4500,Private      ,364,280,644,692,475,1167
00363900,TEXAS A&M UNIVERSITY-KINGSVILLE         ,TX,78363-8203,Public       ,2148,2436,4584,6310,4372,10682
00364100,TEXAS LUTHERAN UNIVERSITY               ,TX,78155-5999,Private      ,534,117,651,1827,244,2071
00364200,TEXAS SOUTHERN UNIVERSITY               ,TX,77004-4598,Public       ,3266,4450,7716,8261,9109,17370
00364300,TEXAS SOUTHMOST COLLEGE                 ,TX,78520-4992,Public       ,119,225,344,377,462,839
00364400,TEXAS TECH UNIVERSITY                   ,TX,79409-0000,Public       ,6426,3933,10359,20733,8234,28967
00364500,TEXAS WESLEYAN UNIVERSITY               ,TX,76105-1536,Private      ,460,1410,1870,1168,3325,4493
00364600,TEXAS WOMAN'S UNIVERSITY                ,TX,76204-5587,Public       ,1692,3704,5396,5551,9077,14628
00364700,TRINITY UNIVERSITY                      ,TX,78212-7200,Private      ,521,234,755,3230,543,3773
00364800,TYLER JUNIOR COLLEGE                    ,TX,75701-3436,Public       ,2943,2832,5775,5800,5035,10835
00365100,UNIVERSITY OF DALLAS                    ,TX,75062-4799,Private      ,323,496,819,1716,1007,2723
00365200,UNIVERSITY OF HOUSTON                   ,TX,77204-2010,Public       ,8518,9034,17552,26501,20565,47066
00365400,UNIVERSITY OF ST THOMAS                 ,TX,77006-4626,Private      ,446,820,1266,1390,1432,2822
00365600,UNIVERSITY OF TEXAS-ARLINGTON           ,TX,76019-0000,Public       ,5547,8300,13847,17503,17966,35469
00365800,UNIVERSITY OF TEXAS-AUSTIN              ,TX,78713-7758,Public       ,6273,4886,11159,38759,18664,57423
00365900,UT HEALTH CENTER-SAN ANTONIO            ,TX,78229-3900,Public       ,279,1283,1562,796,3023,3819
00366100,UNIVERSITY OF TEXAS-EL PASO             ,TX,79968-0629,Public       ,3547,4077,7624,11694,8919,20613
00366200,VICTORIA COLLEGE (THE)                  ,TX,77901-4494,Public       ,631,1073,1704,1198,1916,3114
00366300,WAYLAND BAPTIST UNIVERSITY              ,TX,79072-6998,Private      ,456,1248,1704,933,2128,3061
00366400,WEATHERFORD COLLEGE                     ,TX,76086-5699,Public       ,893,1218,2111,1670,2185,3855
00366500,WEST TEXAS A&M UNIVERSITY               ,TX,79016-0000,Public       ,1755,1376,3131,4532,2607,7139
00366800,WHARTON COUNTY JR COLLEGE               ,TX,77488-3298,Public       ,956,1195,2151,1759,1985,3744
00366900,WILEY COLLEGE                           ,TX,75670-5199,Private      ,403,349,752,807,570,1377
00400300,CENTRAL TEXAS COLLEGE                   ,TX,76540-4199,Public       ,901,4300,5201,1840,7975,9815
00407221,NORTHWOOD UNIVERSITY                    ,TX,75104-0000,Private      ,211,319,530,477,546,1023
00445300,EL CENTRO COLLEGE                       ,TX,75202-0000,Public       ,1464,4003,5467,2819,6885,9704
00450303,EVEREST COLLEGE - FORT WORTH SOUTH      ,TX,76115-1407,Proprietary  ,39,218,257,39,218,257
00481102,EVEREST INSTITUTE - EVEREST COLLEGE     ,TX,76011-6630,Proprietary  ,82,415,497,125,657,782
00494800,TEXAS A&M UNIV SYSTEM HEALTH SCI CT     ,TX,77840-7896,Public       ,200,738,938,710,1659,2369
00494900,BAYLOR COLLEGE OF MEDICINE              ,TX,77030-0000,Private      ,125,433,558,447,1413,1860
00495100,UNIV OF TEXAS HEALTH SCIENCE CENTER     ,TX,77225-0000,Public       ,154,1179,1333,417,2948,3365
00495200,UNIV OF TEXAS MEDICAL BRANCH            ,TX,77550-0000,Public       ,115,892,1007,263,1964,2227
00497200,GALVESTON COLLEGE                       ,TX,77550-7447,Public       ,403,702,1105,732,1229,1961
00497700,SOUTH TEXAS COLLEGE OF LAW              ,TX,77002-0000,Private      ,14,805,819,56,2067,2123
00520307,REMINGTON COLLEGE - DALLAS CAMPUS       ,TX,75041-9935,Proprietary  ,50,125,175,86,227,313
00660600,BAPTIST HS SCHOOL OF HEALTH PROFESSIONS ,TX,78229-3234,Proprietary  ,104,541,645,171,977,1148
00661200,COVENANT SCH OF NSG & ALLIED HEALTH     ,TX,79410-0000,Private      ,50,167,217,93,280,373
00666100,ANGELINA COLLEGE                        ,TX,75902-0000,Public       ,835,1564,2399,1709,2566,4275
00694100,DALLAS CHRISTIAN COLLEGE                ,TX,75234-7229,Private      ,113,175,288,223,312,535
00709600,COLLEGE OF THE MAINLAND                 ,TX,77591-2499,Public       ,411,991,1402,702,1657,2359
00728700,BRAZOSPORT COLLEGE                      ,TX,77566-3199,Public       ,458,637,1095,801,1111,1912
00732907,ITT TECHNICAL INSTITUTE                 ,TX,77063-3751,Proprietary  ,95,275,370,213,462,675
00754805,WESTWOOD COLLEGE OF TECHNOLOGY          ,TX,77074-0000,Proprietary  ,199,332,531,335,542,877
00758602,REMINGTON COLLEGE - FORT WORTH CAMPUS   ,TX,76112-1280,Proprietary  ,126,447,573,173,585,758
00835300,LINCOLN COLLEGE OF TECHNOLOGY           ,TX,75052-0000,Proprietary  ,390,484,874,614,737,1351
00849800,MIMS CLASSIC BEAUTY COLLEGE             ,TX,78216-0000,Proprietary  ,19,27,46,31,37,68
00850300,MOUNTAIN VIEW COLLEGE                   ,TX,75211-6599,Public       ,1292,2255,3547,2434,3949,6383
00850400,RICHLAND COLLEGE                        ,TX,75243-2199,Public       ,1864,2957,4821,3323,5175,8498
00851000,EASTFIELD COLLEGE                       ,TX,75150-2099,Public       ,1473,2798,4271,2717,4791,7508
00907905,EVEREST COLLEGE                         ,TX,75206-5209,Proprietary  ,204,817,1021,305,1212,1517
00908200,INTERNATIONAL BUSINESS COLLEGE          ,TX,79903-0000,Proprietary  ,54,197,251,83,259,342
00916300,SAN ANTONIO COLLEGE                     ,TX,78212-4299,Public       ,5032,7395,12427,9164,13225,22389
00922500,TEXAS STATE TECHNICAL COLLEGE  HARLINGEN,TX,78550-3697,Public       ,1081,1384,2465,2344,2501,4845
00946600,KAPLAN COLLEGE                          ,TX,78216-1899,Proprietary  ,125,495,620,243,1038,1281
00946607,KAPLAN COLLEGE - MCALLEN                ,TX,78503-1622,Proprietary  ,160,291,451,252,528,780
00946609,KAPLAN COLLEGE - CAREER CENTERS OF TEXAS,TX,78416-9900,Proprietary  ,71,308,379,131,583,714
00946610,KAPLAN COLLEGE - CAREER CENTERS OF TEXAS,TX,76103-2310,Proprietary  ,67,301,368,149,666,815
00954900,WESTERN TEXAS COLLEGE                   ,TX,79549-9501,Public       ,282,171,453,503,288,791
00965100,TEXAS A&M INTERNATIONAL UNIVERSITY      ,TX,78041-1900,Public       ,1146,1190,2336,4452,2437,6889
00974100,UNIVERSITY OF TEXAS AT DALLAS           ,TX,75083-0000,Public       ,2214,3338,5552,7006,6762,13768
00976800,UNIVERSITY OF NORTH TEXAS HEALTH SCIENCE,TX,76107-2699,Public       ,74,613,687,212,1703,1915
00979700,MIDLAND COLLEGE                         ,TX,79705-6397,Public       ,718,1063,1781,1286,1855,3141
00982802,EVEREST INSTITUTE- AUSTIN               ,TX,78754-0000,Proprietary  ,98,478,576,152,669,821
00993000,UNIVERSITY OF TEXAS-PERMIAN BASIN       ,TX,79762-0001,Public       ,708,1059,1767,1505,1744,3249
00993200,TEXAS STATE TECH CLG-WEST TEXAS         ,TX,79556-4108,Public       ,198,366,564,366,624,990
00993201,TEXAS STATE TECH COLLEGE-ABILENE        ,TX,79601-0000,Public       ,58,178,236,113,339,452
00993204,TEXAS STATE TECH CLG-BRECKENRIDGE       ,TX,76424-0000,Public       ,11,55,66,26,106,132
00993205,TEXAS STATE TECH COLLEGE-BROWNWOOD      ,TX,76801-0000,Public       ,33,108,141,64,210,274
01001900,UNIV OF TEXAS SOUTHWESTERN MED CTR      ,TX,75390-9096,Public       ,83,612,695,216,1820,2036
01005700,AMERICAN COMMERCIAL COLLEGE             ,TX,79602-1399,Proprietary  ,16,132,148,24,178,202
01005900,AMERICAN COMMERCIAL COLLEGE             ,TX,79761-0000,Proprietary  ,8,66,74,14,102,116
01005901,AMERICAN COMMERCIAL COLLEGE - AMERICAN C,TX,76310-2303,Proprietary  ,16,102,118,23,138,161
01006000,VERNON COLLEGE                          ,TX,76384-4092,Public       ,481,963,1444,901,1864,2765
01011500,UNIVERSITY OF TEXAS-SAN ANTONIO         ,TX,78249-0600,Public       ,7161,6024,13185,25252,13761,39013
01013000,WADE COLLEGE                            ,TX,75207-3199,Proprietary  ,95,118,213,161,169,330
01038700,EL PASO COMMUNITY COLLEGE               ,TX,79998-0000,Public       ,4744,5404,10148,10739,10987,21726
01050900,HALLMARK COLLEGE OF AERONAUTICS         ,TX,78214-0000,Proprietary  ,85,404,489,114,556,670
01050901,HALLMARK COLLEGE OF  TECHNOLOGY-        ,TX,78230-1736,Proprietary  ,0,1,1,0,1,1
01062400,CENTRAL TEXAS COMMERCIAL COLLEGE        ,TX,75231-5033,Proprietary  ,15,61,76,34,107,141
01063300,HOUSTON COMMUNITY COLLEGE               ,TX,77002-0000,Public       ,7340,14945,22285,13608,26903,40511
01067400,TEXAS TECH U HEALTH SCIENCES CENTER     ,TX,79430-0000,Public       ,278,1460,1738,801,2968,3769
01076100,DALLAS INSTITUTE OF FUNERAL SERVICE     ,TX,75227-4314,Private      ,23,119,142,53,208,261
01114500,LONE STAR COLLEGE SYSTEM                ,TX,77073-3499,Public       ,5831,10099,15930,10452,17424,27876
01114501,LONE STAR COLLEGE-KINGWOOD              ,TX,77339-0000,Public       ,0,0,0,100,293,393
01114502,LONE STAR COLLEGE-TOMBALL               ,TX,77375-0000,Public       ,0,0,0,102,205,307
01114503,LONE STAR COLLEGE-MONTGOMERY            ,TX,77384-0000,Public       ,0,0,0,172,339,511
01114504,LONE STAR COLLEGE-CY-FAIR               ,TX,77433-1383,Public       ,0,0,0,178,305,483
01116100,TEXAS A&M UNIV CORPUS CHRISTI           ,TX,78412-5599,Public       ,2370,1898,4268,7569,3843,11412
01116300,UNIVERSITY OF TEXAS AT TYLER            ,TX,75799-6699,Public       ,1446,1735,3181,3704,3231,6935
01171100,UNIVERSITY OF HOUSTON-CLEAR LAKE        ,TX,77058-1002,Public       ,749,2791,3540,1630,5346,6976
01201500,AUSTIN COMMUNITY COLLEGE                ,TX,78752-4390,Public       ,5105,8794,13899,11065,17579,28644
01202000,VICTORIA BEAUTY COLLEGE                 ,TX,77901-6233,Proprietary  ,12,61,73,15,77,92
01226800,BALDWIN BEAUTY SCHOOL #5                ,TX,78704-4785,Proprietary  ,49,87,136,78,158,236
01229700,LAREDO BEAUTY COLLEGE                   ,TX,78040-1051,Proprietary  ,43,114,157,66,123,189
01248200,ATI TECHNICAL TRAINING CENTER           ,TX,75235-4622,Proprietary  ,338,1332,1670,453,1965,2418
01248209,ATI CAREER TRAINING CENTER - GARLAND    ,TX,75041-2497,Proprietary  ,18,47,65,30,86,116
01248210,ATI CAREER TRAINING CENTER - WACO       ,TX,76711-1682,Proprietary  ,35,88,123,61,166,227
01248300,COSMETOLOGY CAREER CENTER-A PAUL MITCHEL,TX,75006-2567,Proprietary  ,95,134,229,125,195,320
01248800,INTERNATIONAL BEAUTY COLLEGE NO 3       ,TX,75040-0000,Proprietary  ,10,34,44,15,62,77
01276400,METROPLEX BEAUTY SCHOOL                 ,TX,75149-0000,Proprietary  ,10,56,66,15,74,89
01293000,CHARLES & SUE'S SCH OF HAIR DESIGN      ,TX,77801-0000,Proprietary  ,20,29,49,28,52,80
01293200,TINT SCHOOL OF MAKEUP & COSMETOLOGY     ,TX,75061-4235,Proprietary  ,9,33,42,14,45,59
01300300,NEILSON BEAUTY COLLEGE                  ,TX,75208-4637,Proprietary  ,6,45,51,15,80,95
01301600,OGLE SCHOOL HAIR SKIN NAILS             ,TX,76013-7400,Proprietary  ,71,127,198,104,206,310
01323100,UNIVERSITY OF HOUSTON-VICTORIA          ,TX,77901-5731,Public       ,417,1229,1646,865,2281,3146
02058600,CONLEE'S COLLEGE OF COSMETOLOGY         ,TX,78028-0000,Proprietary  ,2,17,19,4,24,28
02069302,VATTEROTT COLLEGE - VATTEROTT EDUCATION ,TX,75220-5441,Proprietary  ,28,147,175,44,234,278
02074100,CAPITOL CITY TRADE & TECHNICAL SCH      ,TX,78704-0000,Proprietary  ,124,268,392,172,331,503
02077400,NORTH LAKE COLLEGE                      ,TX,75038-0000,Public       ,1014,1910,2924,1870,3245,5115
02078100,STEPHENVILLE BEAUTY COLLEGE             ,TX,76401-0000,Proprietary  ,0,8,8,1,16,17
02081400,ARLINGTON BAPTIST COLLEGE               ,TX,76012-0000,Private      ,84,92,176,156,159,315
02093600,SOUTHWEST SCHOOL OF ELECTRONIC          ,TX,78735-0000,Proprietary  ,16,24,40,31,40,71
02098300,WESTERN TECHNICAL COLLEGE               ,TX,79927-2105,Proprietary  ,358,492,850,624,708,1332
02100200,BROOKHAVEN COLLEGE                      ,TX,75244-0000,Public       ,960,2246,3206,1786,3935,5721
02113610,AMERICAN INTERCONTINENTAL UNIV - HOUSTON,TX,77042-4516,Proprietary  ,63,272,335,120,581,701
02116008,SANFORD-BROWN COLLEGE - HOUSTON         ,TX,77036-8507,Proprietary  ,142,604,746,223,1081,1304
02116012,SANFORD-BROWN INSTITUTE - HOUSTON NORTH ,TX,77008-1058,Proprietary  ,51,266,317,85,461,546
02117100,ART INSTITUTE OF HOUSTON                ,TX,77056-0000,Proprietary  ,1327,1227,2554,2920,2374,5294
02119200,COURT REPORTING INSTITUTE OF DALLAS     ,TX,75247-6913,Proprietary  ,24,267,291,52,590,642
02119202,COURT REPORTING INSTIUTE OF DALLAS - COU,TX,77040-6315,Proprietary  ,10,145,155,21,290,311
02128302,INSTITUTE FOR BUSINESS & TECHNOLOGY - LA,TX,78230-2520,Proprietary  ,40,143,183,66,199,265
02136800,AMERICAN COMMERCIAL COLLEGE             ,TX,76904-0000,Proprietary  ,15,53,68,27,92,119
02144800,VET TECH INSTITUTE OF HOUSTON           ,TX,77027-9881,Proprietary  ,129,110,239,183,172,355
02176100,PIPO ACADEMY OF HAIR DESIGN             ,TX,79903-0000,Proprietary  ,11,37,48,22,46,68
02200800,AMERICAN COMMERCIAL COLLEGE             ,TX,79411-0000,Proprietary  ,7,71,78,19,101,120
02218300,SOUTHWEST SCHOOL OF BUSINESS & TECHNICAL,TX,78221-0000,Proprietary  ,53,239,292,78,312,390
02218305,SOUTHWEST SCHOOL OF BUSINESS AND TECHNIC,TX,78501-6053,Proprietary  ,16,61,77,35,89,124
02218306,SOUTHWEST SCHOOL OF BUSINESS AND TECHNIC,TX,78413-2045,Proprietary  ,12,80,92,18,98,116
02224600,TRI-STATE BEAUTY SCHOOL #1              ,TX,79915-0000,Proprietary  ,45,170,215,67,200,267
02228400,TEXAS AERO TECHNOLOGY                   ,TX,75209-0000,Proprietary  ,0,1,1,0,1,1
02230500,OGLE SCHOOL HAIR SKIN NAILS             ,TX,76132-3638,Proprietary  ,79,270,349,98,341,439
02230600,OGLE SCHOOL HAIR SKIN NAILS             ,TX,76053-4650,Proprietary  ,18,50,68,31,77,108
02239100,CENTRAL TEXAS BEAUTY COLLEGE #2         ,TX,78664-4204,Proprietary  ,19,80,99,26,104,130
02248200,MILAN INSTITUTE OF COSMETOLOGY          ,TX,79103-0000,Proprietary  ,265,664,929,418,1034,1452
02254800,TEXAS VOCATIONAL SCHOOLS                ,TX,77901-0000,Proprietary  ,19,38,57,27,52,79
02259400,AMBERTON UNIVERSITY                     ,TX,75041-0000,Private      ,11,119,130,33,206,239
02261300,EVEREST INSTITUTE                       ,TX,78213-3841,Proprietary  ,72,492,564,98,576,674
02261302,EVEREST INSTITUTE - HOUSTON GREENSPOINT ,TX,77060-3249,Proprietary  ,123,517,640,174,808,982
02261303,EVEREST INSTITUTE - HOUSTON HOBBY       ,TX,77087-2737,Proprietary  ,101,535,636,143,716,859
02267100,EXPOSITO SCHOOL OF HAIR DESIGN          ,TX,79109-0000,Proprietary  ,11,30,41,18,39,57
02276000,FRANKLIN BEAUTY SCHOOL #2               ,TX,77021-0000,Proprietary  ,17,49,66,31,95,126
02285900,UNIVERSITY OF COSMETOLOGY ARTS&SCI      ,TX,78504-0000,Proprietary  ,55,201,256,78,252,330
02294800,CAPITOL CITY CAREERS                    ,TX,78745-0000,Proprietary  ,15,96,111,26,142,168
02298501,EVEREST COLLEGE- FORT WORTH             ,TX,76137-2472,Proprietary  ,83,396,479,138,605,743
02305300,PARKER COLLEGE OF CHIROPRACTIC          ,TX,75229-0000,Private      ,24,268,292,50,1037,1087
02306700,FORT WORTH BEAUTY SCHOOL                ,TX,76116-3299,Proprietary  ,24,117,141,39,148,187
02312200,TEXAS SCHOOL OF BUSINESS                ,TX,77073-6032,Proprietary  ,103,274,377,177,523,700
02312201,TEXAS SCHOOL OF BUSINESS - SOUTHWEST CAM,TX,77057-0000,Proprietary  ,40,212,252,77,399,476
02312202,TEXAS SCHOOL OF BUSINESS - FRIENDSWOOD C,TX,77546-8938,Proprietary  ,30,223,253,42,353,395
02312203,TEXAS SCHOOL OF BUSINESS - EAST CAMPUS  ,TX,77029-1916,Proprietary  ,35,163,198,67,306,373
02313901,WESTWOOD COLLEGE - DALLAS               ,TX,75243-0000,Proprietary  ,198,481,679,348,904,1252
02315400,NORTHEAST TEXAS COMMUNITY COLLEGE       ,TX,75456-0000,Public       ,493,787,1280,992,1287,2279
02318200,"KD STUDIO, ACTOR'S CONSERVATORY         ",TX,75207-2111,Proprietary  ,77,98,175,122,159,281
02320200,HOUSTON GRADUATE SCHOOL OF THEOLOGY     ,TX,77004-0000,Private      ,3,89,92,14,156,170
02326000,SAN ANTONIO BEAUTY COLLEGE NO 3         ,TX,78217-0000,Proprietary  ,15,31,46,31,49,80
02328600,ITT TECHNICAL INSTITUTE                 ,TX,76011-0000,Proprietary  ,152,462,614,228,605,833
02331200,BAPTIST MISSIONARY ASSN THEOL SEM       ,TX,75766-0000,Private      ,1,13,14,4,23,27
02331300,INTERACTIVE LEARNING SYSTEMS            ,TX,77502-1201,Proprietary  ,14,115,129,15,124,139
02331301,INTERACTIVE LEARNING SYSTEMS            ,TX,77081-0000,Proprietary  ,25,167,192,36,230,266
02331304,INTERACTIVE LEARNING SYSTEMS            ,TX,77060-0000,Proprietary  ,10,134,144,11,157,168
02341300,PALO ALTO COLLEGE                       ,TX,78224-0000,Public       ,1972,2721,4693,3552,4544,8096
02348500,LAMAR STATE COLLEGE-PORT ARTHUR         ,TX,77640-0000,Public       ,361,677,1038,693,1194,1887
02357700,ACADEMY OF HAIR DESIGN                  ,TX,77090-0000,Proprietary  ,16,23,39,40,65,105
02358200,LAMAR STATE COLLEGE-ORANGE              ,TX,77630-0000,Public       ,326,825,1151,556,1313,1869
02361400,COLLIN COUNTY COMMUNITY COLLEGE         ,TX,75071-0000,Public       ,2547,3909,6456,4652,6748,11400
02362000,UNIVERSAL TECHNICAL INSTITUTE           ,TX,77073-0000,Proprietary  ,1994,1104,3098,4095,2360,6455
02362800,AUSTIN GRADUATE SCHOOL OF THEOLOGY      ,TX,78752-1333,Private      ,7,43,50,15,74,89
02521200,ARLINGTON CAREER INSTITUTE              ,TX,75050-0000,Proprietary  ,27,226,253,42,315,357
02521800,SEGUIN BEAUTY SCHOOL                    ,TX,78155-0000,Proprietary  ,12,30,42,20,37,57
02521801,SEGUIN BEAUTY SCHOOL-NEW BRAUNFELS      ,TX,78130-7937,Proprietary  ,5,2,7,6,5,11
02527500,HOUSTON TRAINING SCHOOLS                ,TX,77020-0000,Proprietary  ,33,165,198,47,208,255
02530700,SEBRING CAREER SCHOOLS                  ,TX,77083-1510,Proprietary  ,4,13,17,5,19,24
02539600,ART INSTITUTE OF DALLAS                 ,TX,75231-5993,Proprietary  ,996,968,1964,1988,1752,3740
02548800,SOUTH TEXAS VO-TECH INSTITUTE           ,TX,78596-0000,Proprietary  ,313,603,916,371,779,1150
02548802,SOUTH TEXAS VOCATIONAL TECHNICAL INSTITU,TX,78520-8710,Proprietary  ,20,27,47,52,56,108
02549400,SOUTH TEXAS VO-TECH INSTITUTE           ,TX,78501-0000,Proprietary  ,346,903,1249,426,1085,1511
02549402,SOUTH TEXAS VOCATIONAL TECHNICAL INSTITU,TX,78416-1141,Proprietary  ,12,33,45,35,69,104
02555400,UNIV OF TX MD ANDERSON CANCER CTR       ,TX,77030-0000,Public       ,41,164,205,92,324,416
02568100,TEXAS BARBER COLLEGES & HAIRSTYLING     ,TX,75208-0000,Proprietary  ,123,458,581,172,700,872
02569300,TEXAS CULINARY ACADEMY                  ,TX,78758-3403,Proprietary  ,652,2068,2720,1209,3722,4931
02572000,COMPUTER CAREER CENTER                  ,TX,79925-2021,Proprietary  ,111,431,542,155,589,744
02572004,COMPUTER CAREER CENTER - AMARILLO CAMPUS,TX,79101-2404,Proprietary  ,36,137,173,49,213,262
02572005,COMPUTER CAREER CENTER - LUBBOCK CAMPUS ,TX,79414-3517,Proprietary  ,11,90,101,19,113,132
02580100,IVERSON BUSINESS SCH & COURT REPORT     ,TX,76011-1344,Proprietary  ,22,117,139,36,198,234
02591100,CAREER POINT INSTITUTE                  ,TX,78201-2027,Proprietary  ,139,880,1019,213,1301,1514
02591900,CAREER CENTERS OF TEXAS - EL PASO       ,TX,79907-1525,Proprietary  ,154,554,708,237,864,1101
02591905,CAREER CENTERS OF TEXAS-BROWNSVILLE     ,TX,78521-9905,Proprietary  ,87,240,327,141,377,518
02596400,REDSTONE COLLEGE - LOS ANGELES          ,TX,77061-0000,Proprietary  ,74,147,221,119,230,349
02596500,ATI CAREER TRAINING CENTER              ,TX,76180-1599,Proprietary  ,383,1595,1978,458,2060,2518
02596503,ATI- CAREER TRAINING CENTER - HOUSTON (#,TX,77029-1978,Proprietary  ,19,61,80,35,97,132
02596600,ATI-CAREER TRAINING CENTER              ,TX,75220-4443,Proprietary  ,325,1117,1442,414,1530,1944
02596601,ATI CAREER TRAINING CENTER - RICHARDSON ,TX,75081-6745,Proprietary  ,13,62,75,28,99,127
02596602,ATI CAREER TRAINING CENTER - DALLAS (STE,TX,75247-6103,Proprietary  ,44,154,198,83,275,358
02600200,OCEAN CORPORATION (THE)                 ,TX,77099-3479,Proprietary  ,56,254,310,95,471,566
02604700,CENTER FOR ADVANCED LEGAL STUDIES       ,TX,77098-4151,Proprietary  ,9,109,118,15,206,221
02606202,EVEREST COLLEGE - EVEREST INSTITUTE - BI,TX,77036-8014,Proprietary  ,125,517,642,208,914,1122
02615000,SANFORD-BROWN COLLEGE                   ,TX,75247-6931,Proprietary  ,306,1203,1509,420,1901,2321
03009400,SW SCH BUS & TECH CAREERS               ,TX,78212-2840,Proprietary  ,16,52,68,25,63,88
03010604,VIRGINIA COLLEGE - VIRGINIA COLLEGE AT A,TX,78723-0000,Proprietary  ,84,544,628,130,787,917
03011800,UNIVERSITY OF COSMETOLOGY ARTS & SCIENCE,TX,78226-1160,Proprietary  ,11,53,64,29,85,114
03019800,PCI HEALTH TRAINING CENTER              ,TX,75247-4720,Proprietary  ,131,357,488,194,596,790
03021500,SW SCH BUS & TECH CAREERS               ,TX,78852-4859,Proprietary  ,27,49,76,67,69,136
03025000,TEXAS COLLEGE OF COSMETOLOGY            ,TX,79605-2001,Proprietary  ,15,72,87,23,105,128
03026000,DALFORTH AIRCRAFT TECH                  ,TX,75209-3091,Proprietary  ,0,1,1,0,1,1
03026500,REMINGTON COLLEGE - HOUSTON CAMPUS      ,TX,77082-1849,Proprietary  ,226,747,973,283,967,1250
03026501,REMINGTON COLLEGE - NORTH HOUSTON CAMPUS,TX,77067-1849,Proprietary  ,34,161,195,81,257,338
03028800,CIRCLE J BEAUTY SCHOOL                  ,TX,77587-3714,Proprietary  ,15,45,60,16,53,69
03031408,INTERNATIONAL ACADEMY OF DESIGN AND TECH,TX,78229-2263,Proprietary  ,170,233,403,271,485,756
03032300,SCHOOL OF AUTOMOTIVE MACHINISTS         ,TX,77055-1803,Proprietary  ,45,73,118,95,128,223
03035200,TINT SCHOOL OF MAKEUP & COSMETOLOGY     ,TX,75229-3734,Proprietary  ,17,99,116,35,137,172
03035300,SOUTHERN CAREERS INSTITUTE              ,TX,78704-5252,Proprietary  ,178,788,966,222,1017,1239
03035301,SOUTHERN CAREERS INSTITUTE              ,TX,78577-0000,Proprietary  ,83,340,423,121,436,557
03035302,SOUTHERN CAREERS INSTITUTE - CORPUS CHRI,TX,78414-2904,Proprietary  ,32,166,198,53,270,323
03035303,SOUTHERN CAREERS INSTITUTE - #1         ,TX,78221-4351,Proprietary  ,18,135,153,31,190,221
03035305,SOUTHERN CAREERS INSTITUTE - BROWNSVILLE,TX,78520-8680,Proprietary  ,6,18,24,17,33,50
03035306,SOUTHERN CAREERS INSTITUTE - HARLINGEN  ,TX,78550-7911,Proprietary  ,9,20,29,22,40,62
03035307,SOUTHERN CAREERS INSTITUTE - CORPUS CHRI,TX,78410-1609,Proprietary  ,5,23,28,13,43,56
03061800,STAR COLLEGE OF COSMETOLOGY             ,TX,75702-8214,Proprietary  ,26,50,76,45,94,139
03064600,UNIVERSITY OF TEXAS AT BROWNSVILLE      ,TX,78520-4993,Public       ,2212,2805,5017,7133,6357,13490
03071400,ITT TECHNICAL INSTITUTE                 ,TX,78249-3303,Proprietary  ,124,437,561,218,561,779
03075400,ICC TECHNICAL INSTITUTE                 ,TX,77004-2930,Private      ,12,40,52,29,67,96
03076403,HIGH-TECH INSTITUTE - DALLAS            ,TX,75038-4201,Proprietary  ,18,55,73,37,108,145
03079201,WESTWOOD COLLEGE OF TECHNOLOGY          ,TX,76180-0000,Proprietary  ,103,161,264,167,413,580
03083701,GALEN HEALTH INSTITUTES - TEXAS CAMPUS  ,TX,78229-6041,Proprietary  ,0,0,0,48,188,236
03103400,SOUTH TEXAS COLLEGE                     ,TX,78501-6699,Public       ,4098,4647,8745,9639,8559,18198
03104700,TEXAS COLLEGE OF COSMETOLOGY            ,TX,76903-4708,Proprietary  ,17,49,66,23,76,99
03108700,ROYAL BEAUTY CAREERS                    ,TX,77069-4611,Proprietary  ,20,51,71,31,105,136
03111000,MID-CITIES BARBER COLLEGE               ,TX,75051-4810,Proprietary  ,16,37,53,22,51,73
03115800,KAPLAN COLLEGE                          ,TX,78238-4203,Proprietary  ,127,654,781,164,919,1083
03115802,KAPLAN COLLEGE - LAREDO                 ,TX,78041-6181,Proprietary  ,69,131,200,122,250,372
03115803,KAPLAN COLLEGE-BEAUMONT                 ,TX,77701-3706,Proprietary  ,86,287,373,134,474,608
03115804,KAPLAN COLLEGE - LUBBOCK                ,TX,79401-2601,Proprietary  ,83,223,306,114,400,514
03128100,ACADEMY OF HEALTH CARE PROFESSIONS      ,TX,77092-8108,Proprietary  ,101,372,473,158,512,670
03144300,NATIONAL BEAUTY COLLEGE                 ,TX,75043-4046,Proprietary  ,3,11,14,5,17,22
03153300,AMER COLL OF ACUPUNCTURE & O.M.         ,TX,77063-4104,Proprietary  ,0,35,35,2,63,65
03156400,ACADEMY OF ORIENTAL MEDICINE AT AUSTIN  ,TX,78757-1132,Proprietary  ,10,141,151,25,210,235
03159300,ARLINGTON MEDICAL INSTITUTE             ,TX,76011-2645,Proprietary  ,43,135,178,104,261,365
03170300,TEXAS A&M UNIVERSITY-TEXARKANA          ,TX,75501-0000,Public       ,286,687,973,661,1234,1895
03179500,TEXAS COLG TRADITIONAL CHINESE MED      ,TX,78704-6748,Proprietary  ,0,46,46,2,78,80
03189400,COLLEGE OF SAINT THOMAS MORE            ,TX,76109-2323,Private      ,13,23,36,29,44,73
03237400,FARIS COMPUTER SCHOOL                   ,TX,77627-3829,Proprietary  ,3,13,16,3,14,17
03272300,KAPLAN COLLEGE                          ,TX,75234-7288,Proprietary  ,91,458,549,155,865,1020
03272301,KAPLAN COLLEGE - MIDLAND                ,TX,79703-5531,Proprietary  ,50,259,309,81,412,493
03272303,KAPLAN COLLEGE - ARLINGTON              ,TX,76010-8121,Proprietary  ,75,367,442,90,434,524
03275300,TOUCH OF CLASS SCHOOL OF COSM           ,TX,75402-6314,Proprietary  ,19,65,84,25,75,100
03276300,ACADEMY OF HAIR DESIGN                  ,TX,75901-4900,Proprietary  ,14,25,39,26,44,70
03277300,ACADEMY OF HAIR DESIGN                  ,TX,77701-4650,Proprietary  ,6,19,25,17,44,61
03303300,NORTHWEST EDUCATIONAL CENTER            ,TX,77092-7055,Proprietary  ,14,128,142,17,188,205
03371300,TONI&GUY HAIRDRESSING ACADEMY           ,TX,75006-2351,Proprietary  ,35,48,83,51,83,134
03372300,NORTHWEST VISTA COLLEGE                 ,TX,78251-4217,Public       ,3445,3566,7011,6043,6159,12202
03396500,TEXAS STATE TECHNICAL COLG/MARSHALL     ,TX,75672-7402,Public       ,176,229,405,312,360,672
03400300,CAREER QUEST                            ,TX,78229-3539,Proprietary  ,22,181,203,36,299,335
03412300,ADVANCED BARBER COLLEGE & HAIR DESI     ,TX,78596-0000,Proprietary  ,14,55,69,18,56,74
03416500,DALLAS NURSING INSTITUTE                ,TX,75243-5502,Proprietary  ,107,763,870,221,1358,1579
03422300,MILAN INSTITUTE                         ,TX,78238-3327,Proprietary  ,211,419,630,358,722,1080
03422400,COLLEGE OF BIBLICAL STUDIES-HOUSTON     ,TX,77036-3211,Private      ,26,260,286,53,431,484
03424400,MEDVANCE INSTITUTE                      ,TX,77057-7386,Proprietary  ,92,483,575,122,649,771
03424401,MEDVANCE INSTITUTE -                    ,TX,77060-3551,Proprietary  ,15,98,113,35,176,211
03426300,CAREER ADVANCEMENT CENTER               ,TX,78752-1470,Proprietary  ,14,88,102,25,152,177
03480304,MEDVANCE INSTITUTE OF BATON ROUGE - GRAN,TX,75050-2342,Proprietary  ,55,143,198,67,257,324
03509400,CORYELL COSMETOLOGY COLLEGE             ,TX,76528-2036,Proprietary  ,2,8,10,3,8,11
03520300,LUBBOCK HAIR ACADEMY                    ,TX,79410-3524,Proprietary  ,10,55,65,16,75,91
03542300,CONCORDE CAREER INSTITUTE               ,TX,76011-4016,Proprietary  ,94,429,523,149,827,976
03551400,STATE BEAUTY ACADEMY                    ,TX,75116-3501,Proprietary  ,8,16,24,8,22,30
03556400,KUSSAD INSTITUTE OF COURT REPORTING     ,TX,78704-5712,Proprietary  ,1,23,24,4,35,39
03573300,AVIATION INSTITUTE OF MAINTENANCE       ,TX,75209-3017,Proprietary  ,79,342,421,118,561,679
03610300,MJ'S BEAUTY ACADEMY INC                 ,TX,75224-4409,Proprietary  ,12,19,31,19,35,54
03612400,VALLEY GRANDE INSTITUTE FOR ACADEMI     ,TX,78596-0000,Private      ,46,207,253,75,268,343
03627300,LAMAR INSTITUTE OF TECHNOLOGY           ,TX,77705-4142,Public       ,577,1028,1605,1173,1807,2980
03676400,HEALTHY HAIR ACADEMY                    ,TX,75227-0000,Proprietary  ,6,86,92,10,98,108
03680300,JAY'S TECHNICAL INSTITUTE               ,TX,77031-3509,Proprietary  ,13,36,49,20,73,93
03682400,DALLAS BARBER & STYLIST COLLEGE         ,TX,75231-0000,Proprietary  ,35,112,147,62,172,234
03714300,TREND BARBER COLLEGE                    ,TX,77071-2104,Proprietary  ,38,127,165,56,223,279
03723300,CULINARY INST ALAIN & MARIE LENOTRE     ,TX,77022-4322,Proprietary  ,49,134,183,83,217,300
03727600,CULINARY ACADEMY OF AUSTIN              ,TX,78752-0000,Proprietary  ,58,71,129,143,155,298
03733300,BAPTIST UNIVERSITY OF THE AMERICAS      ,TX,78224-1336,Private      ,28,92,120,52,140,192
03756300,ANAMARC COLLEGE                         ,TX,79930-6230,Proprietary  ,50,267,317,89,421,510
03885700,HOUSTON'S TRAINING AND EDUCATION CENTER ,TX,77036-2021,Proprietary  ,9,48,57,18,76,94
03922300,SOUTH TEXAS BARBER COLLEGE              ,TX,78415-3463,Proprietary  ,14,23,37,22,32,54
03944400,PROFESSIONAL CAREERS INSTITUTE          ,TX,77036-2252,Proprietary  ,22,99,121,27,122,149
03970300,HANDS ON THERAPY                        ,TX,75149-2294,Proprietary  ,12,78,90,17,106,123
03987300,TEXAS HEALTH SCHOOL                     ,TX,77079-2106,Proprietary  ,24,81,105,66,147,213
04036300,SOUTHEAST TEXAS CAREER INSTITUTE        ,TX,77656-8601,Proprietary  ,11,19,30,12,41,53
04045300,NORTHWEST BEAUTY SCHOOL                 ,TX,77091-1208,Proprietary  ,13,42,55,17,72,89
04045400,MAI-TRIX BEAUTY COLLEGE                 ,TX,77040-0000,Proprietary  ,9,32,41,13,53,66
04082300,PROFESSIONAL CAREER TRAINING INSTITUTE  ,TX,77090-0000,Proprietary  ,11,58,69,13,88,101
04089400,CCI TRAINING CENTER                     ,TX,76011-4857,Proprietary  ,11,139,150,28,193,221
04117900,CHAMPION BEAUTY COLLEGE                 ,TX,77069-4611,Proprietary  ,15,55,70,23,100,123
04125400,ACADEMY AT AUSTIN (THE)                 ,TX,78660-3287,Proprietary  ,49,113,162,77,166,243
04125500,MANUEL AND THERESA'S SCHOOL OF HAIR DESI,TX,77803-3236,Proprietary  ,7,13,20,8,17,25
04129800,MEDIATECH INSTITUTE DALLAS              ,TX,75039-3105,Proprietary  ,57,112,169,112,199,311
04129801,MEDIATECH INSTITUTE AUSTIN              ,TX,78704-8933,Proprietary  ,38,53,91,73,92,165
04129802,MEDIATECH INSTITUTE HOUSTON             ,TX,77042-4712,Proprietary  ,38,66,104,70,129,199
04131700,SOUTHWEST CAREER COLLEGE                ,TX,79925-6230,Proprietary  ,92,315,407,121,383,504
04135600,CANNON INSTITUTE OF HIGHER LEARNING     ,TX,75247-9998,Proprietary  ,5,20,25,6,28,34
04136500,PCCENTER                                ,TX,75115-4214,Proprietary  ,5,47,52,7,60,67
04138500,CARDIOTECH ULTRASOUND SCHOOL            ,TX,77099-1440,Proprietary  ,22,111,133,34,152,186
04142300,AVEDA INSTITUTE SAN ANTONIO             ,TX,78215-1260,Proprietary  ,49,116,165,94,193,287
04146600,360 DEGREES BEAUTY ACADEMY              ,TX,77084-2714,Proprietary  ,9,25,34,14,53,67
04146800,SOUTH TEXAS TRAINING CENTER             ,TX,78586-7721,Proprietary  ,4,33,37,9,38,47
04152700,ASTRODOME CAREER CENTERS                ,TX,77054-2678,Proprietary  ,6,22,28,10,44,54
04154800,DUVALL'S SCHOOL OF COSMETOLOGY          ,TX,76021-4159,Proprietary  ,8,21,29,13,31,44
04155800,ADVANCED BEAUTY COLLEGE                 ,TX,75061-1918,Proprietary  ,9,31,40,10,48,58
04158500,TEXAS BEAUTY COLLEGE                    ,TX,76117-3201,Proprietary  ,0,16,16,3,21,24
04160700,AVENUE FIVE INSTITUTE                   ,TX,78757-7000,Proprietary  ,28,98,126,49,165,214
04161100,CORPUS CHRISTI BEAUTY ACADEMY           ,TX,78412-3900,Proprietary  ,5,23,28,17,34,51
04165800,SALON PROFESSIONAL ACADEMY (THE)        ,TX,75067-5390,Proprietary  ,17,44,61,30,83,113
04168700,LAWYER'S ASSISTANT SCHOOL OF DALLAS     ,TX,75201-2829,Proprietary  ,7,41,48,7,41,48
00367000,BRIGHAM YOUNG UNIVERSITY                ,UT,84602-8406,Private      ,3493,5353,8846,9288,9347,18635
00367100,DIXIE STATE COLLEGE OF UTAH             ,UT,84770-3876,Public       ,1236,1680,2916,2522,2985,5507
00367200,LDS BUSINESS COLLEGE                    ,UT,84101-3500,Private      ,240,270,510,523,465,988
00367400,STEVENS HENAGER COLLEGE                 ,UT,84401-1420,Proprietary  ,627,4124,4751,800,6234,7034
00367500,UNIVERSITY OF UTAH                      ,UT,84112-9055,Public       ,2664,5146,7810,8681,12469,21150
00367600,COLLEGE OF EASTERN UTAH                 ,UT,84501-2699,Public       ,308,328,636,607,540,1147
00367700,UTAH STATE UNIVERSITY                   ,UT,84322-1400,Public       ,2827,3903,6730,6944,7631,14575
00367800,SOUTHERN UTAH UNIVERSITY                ,UT,84720-2470,Public       ,1504,1247,2751,3733,2302,6035
00367900,SNOW COLLEGE                            ,UT,84627-1299,Public       ,867,409,1276,1811,660,2471
00368000,WEBER STATE UNIVERSITY                  ,UT,84408-1136,Public       ,1845,3877,5722,4592,8287,12879
00368100,WESTMINSTER COLLEGE                     ,UT,84105-3697,Private      ,646,786,1432,2008,1434,3442
00402700,UTAH VALLEY UNIVERSITY                  ,UT,84058-5999,Public       ,2958,5662,8620,5690,10148,15838
00522000,SALT LAKE COMMUNITY COLLEGE             ,UT,84123-0000,Public       ,2723,6267,8990,4845,10601,15446
00943300,SHERMAN KENDALL'S ACADEMY OF BEAUTY     ,UT,84106-1836,Proprietary  ,10,33,43,12,62,74
01009800,NEUMONT UNIVERSITY                      ,UT,84095-0000,Proprietary  ,146,45,191,471,90,561
01116500,UINTAH BASIN APPLIED TECHNOLOGY CLG     ,UT,84066-0000,Public       ,9,77,86,17,111,128
01116600,UTAH CAREER COLLEGE                     ,UT,84088-4021,Proprietary  ,210,959,1169,272,1307,1579
02078800,SHERMAN KENDALL'S ACADEMY OF BEAUTY     ,UT,84047-0000,Proprietary  ,10,22,32,15,39,54
02115400,BRIDGERLAND APPLIED TECHNOLOGY COLLEGE  ,UT,84321-0000,Public       ,98,307,405,176,544,720
02156600,DAVIS APPLIED TECHNOLOGY COLLEGE        ,UT,84037-0000,Public       ,195,677,872,299,1136,1435
02178500,EAGLE GATE COLLEGE                      ,UT,84123-0000,Proprietary  ,103,634,737,134,901,1035
02178501,EAGLE GATE COLLEGE - LAYTON CAMPUS      ,UT,84041-2383,Proprietary  ,0,0,0,2,22,24
02178502,EAGLE GATE COLLEGE - SLC DOWNTOWN LEARNI,UT,84111-3407,Proprietary  ,0,0,0,4,19,23
02270800,AMERITECH COLLEGE                       ,UT,84604-6927,Proprietary  ,12,131,143,26,241,267
02270802,AMERITECH COLLEGE - DRAPER              ,UT,84020-6545,Proprietary  ,9,106,115,19,172,191
02298500,EVEREST COLLEGE                         ,UT,84119-2668,Proprietary  ,46,332,378,73,502,575
02346500,OGDEN-WEBER APPLIED TECHNOLOGY COLG     ,UT,84404-0000,Public       ,108,617,725,201,1021,1222
02360800,PROVO COLLEGE                           ,UT,84601-0000,Proprietary  ,105,378,483,175,569,744
02360802,PROVO COLLEGE - AMERICAN FORK CAMPUS    ,UT,84003-3395,Proprietary  ,0,0,0,2,6,8
02361000,ITT TECHNICAL INSTITUTE                 ,UT,84123-0000,Proprietary  ,144,696,840,169,795,964
02504000,MARINELLO SCHOOL OF BEAUTY              ,UT,84041-0000,Proprietary  ,15,43,58,20,68,88
02504001,MARINELLO SCHOOL OF BEAUTY - MAIN STREET,UT,84041-3002,Proprietary  ,4,5,9,4,5,9
02516100,MARINELLO SCHOOL OF BEAUTY              ,UT,84405-1501,Proprietary  ,19,39,58,27,56,83
02531800,VON CURTIS ACADEMY OF HAIR DESIGN       ,UT,84606-0000,Proprietary  ,228,235,463,360,364,724
02556800,HAIRITAGE COLLEGE OF BEAUTY             ,UT,84117-7204,Proprietary  ,71,151,222,89,174,263
02557700,PREMIER HAIR ACADEMY                    ,UT,84120-3603,Proprietary  ,3,24,27,6,34,40
02572700,EVANS HAIRSTYLING COLLEGE               ,UT,84770-0000,Proprietary  ,19,20,39,29,35,64
02572800,VISTA COLLEGE                           ,UT,84015-0000,Proprietary  ,13,67,80,19,101,120
02572802,VISTA COLLEGE - SALT LAKE CITY          ,UT,84119-1458,Proprietary  ,0,0,0,7,22,29
02573100,EVANS HAIRSTYLING COLLEGE               ,UT,84720-0000,Proprietary  ,13,20,33,26,34,60
02612200,MARINELLO SCHOOL OF BEAUTY              ,UT,84604-1585,Proprietary  ,37,40,77,56,77,133
03030600,UTAH COLLEGE OF MASSAGE THERAPY         ,UT,84111-1606,Proprietary  ,153,240,393,196,345,541
03030601,UTAH CLG OF MASSAGE THER-PROVO CMPS     ,UT,84042-0000,Proprietary  ,31,64,95,46,77,123
03082100,MYOTHERAPY COLLEGE OF UTAH              ,UT,84115-2522,Proprietary  ,10,41,51,13,69,82
03108200,ECHELON EDGE ACADEMY OF HAIR SKIN & NAIL,UT,84070-2004,Proprietary  ,3,17,20,6,32,38
03110400,HAIRITAGE HAIR ACADEMY                  ,UT,84770-5233,Proprietary  ,18,23,41,21,36,57
03339400,WESTERN GOVERNORS UNIVERSITY            ,UT,84107-2533,Private      ,194,7271,7465,353,12503,12856
03413300,MOUNTAINLAND APPLIED TECHNOLOGY COLLEGE ,UT,84058-5857,Public       ,54,193,247,100,338,438
03463300,CAREERS UNLIMITED                       ,UT,84058-0000,Proprietary  ,22,50,72,35,115,150
03617300,HEALING MOUNTAIN MASSAGE SCHOOL         ,UT,84111-3232,Proprietary  ,11,37,48,20,64,84
03829500,SKINWORKS SCHOOL OF ADVANCED SKINCARE   ,UT,84115-0000,Proprietary  ,4,37,41,7,54,61
03838300,OGDEN INSTITUTE OF MASSAGE THERAPY      ,UT,84403-0000,Proprietary  ,18,37,55,20,50,70
03902300,RENAISSANCE SCHOOL OF THERAPEUTIC MASSAG,UT,84010-2835,Proprietary  ,3,8,11,5,14,19
03909300,MAXIMUM STYLE TEC SCHOOL OF COSMETOLOGY ,UT,84323-4679,Proprietary  ,14,34,48,28,53,81
03921300,CAMEO COLLEGE OF ESSENTIAL BEAUTY       ,UT,84115-0000,Proprietary  ,29,97,126,56,172,228
04054300,SOUTHWEST APPLIED TECHNOLOGY COLLEGE    ,UT,84720-6608,Public       ,19,73,92,46,138,184
04072300,DALLAS ROBERTS ACADEMY OF HAIR DESIGN & ,UT,84604-1008,Proprietary  ,11,20,31,16,35,51
04118100,IMAGEWORKS ACADEMY OF HAIR DESIGN       ,UT,84660-1210,Proprietary  ,10,19,29,17,30,47
04121700,DIXIE APPLIED TECHNOLOGY COLLEGE        ,UT,84770-3025,Public       ,89,144,233,187,253,440
04142100,SKIN INSTITUTE (THE)                    ,UT,84770-6452,Proprietary  ,9,11,20,11,22,33
04145500,SKIN SCIENCE INSTITUTE (THE)            ,UT,84115-0000,Proprietary  ,10,44,54,19,68,87
04153000,RENAISSANCE ACADEMIE                    ,UT,84604-0000,Proprietary  ,16,20,36,22,25,47
04169900,AMERICAN BEAUTY ACADEMY                 ,UT,84651-0000,Proprietary  ,6,14,20,6,14,20
00368200,BENNINGTON COLLEGE                      ,VT,05201-6001,Private      ,98,56,154,1081,261,1342
00368300,CASTLETON STATE COLLEGE                 ,VT,05735-0000,Public       ,422,124,546,2800,370,3170
00368400,CHAMPLAIN COLLEGE                       ,VT,05401-3950,Private      ,407,311,718,3313,741,4054
00368402,WOODBURY COLLEGE                        ,VT,05602-0000,Private      ,2,7,9,3,20,23
00368500,COLLEGE OF ST JOSEPH                    ,VT,05701-3899,Private      ,43,111,154,160,224,384
00368600,GODDARD COLLEGE                         ,VT,05667-0000,Private      ,19,426,445,55,791,846
00368700,GREEN MOUNTAIN COLLEGE                  ,VT,05764-1199,Private      ,217,68,285,1053,148,1201
00368800,JOHNSON STATE COLLEGE                   ,VT,05656-9898,Public       ,278,349,627,1357,765,2122
00368900,LYNDON STATE COLLEGE                    ,VT,05851-0919,Public       ,223,79,302,1610,277,1887
00369000,MARLBORO COLLEGE                        ,VT,05344-0300,Private      ,55,24,79,418,54,472
00369100,MIDDLEBURY COLLEGE                      ,VT,05753-0000,Private      ,528,145,673,3933,482,4415
00369200,NORWICH UNIVERSITY                      ,VT,05663-1035,Private      ,350,474,824,2806,1040,3846
00369300,SOUTHERN VERMONT COLLEGE                ,VT,05201-6002,Private      ,82,46,128,559,165,724
00369400,ST MICHAELS COLLEGE                     ,VT,05439-0001,Private      ,343,50,393,3094,156,3250
00369600,UNIVERSITY OF VERMONT                   ,VT,05405-0160,Public       ,719,464,1183,18017,2947,20964
00369700,VERMONT COLLEGE OF FINE ARTS            ,VT,05602-3128,Private      ,6,121,127,13,304,317
00369800,VERMONT TECHNICAL COLLEGE               ,VT,05061-0000,Public       ,201,217,418,1158,745,1903
00857500,SALON PROFESSIONAL ACADEMY (THE)        ,VT,05495-4001,Proprietary  ,13,26,39,40,50,90
00865800,O'BRIENS AVEDA INSTITUTE                ,VT,05403-7747,Proprietary  ,12,27,39,32,40,72
00886000,SIT                                     ,VT,05301-4801,Private      ,5,170,175,8,460,468
01116700,COMMUNITY COLLEGE OF VERMONT            ,VT,05676-1552,Public       ,550,1702,2252,1136,2834,3970
01193400,VERMONT LAW SCHOOL                      ,VT,05068-0000,Private      ,1,158,159,4,1110,1114
01218300,BURLINGTON COLLEGE                      ,VT,05401-8477,Private      ,55,39,94,178,97,275
02143500,STERLING COLLEGE                        ,VT,05827-0000,Private      ,21,8,29,127,29,156
02254000,NEW ENGLAND CULINARY INSTITUTE          ,VT,05602-0000,Proprietary  ,100,102,202,357,267,624
02532600,LANDMARK COLLEGE                        ,VT,05346-0000,Private      ,109,23,132,348,49,397
03708300,BURLINGTON TECHNICAL CENTER             ,VT,05401-2721,Public       ,4,7,11,6,16,22
04146900,ADVANCED WELDING INSTITUTE              ,VT,05403-0000,Proprietary  ,8,10,18,15,17,32
00392800,CASPER COLLEGE                          ,WY,82601-4612,Public       ,330,661,991,903,1205,2108
00392900,EASTERN WYOMING COLLEGE                 ,WY,82240-1603,Public       ,109,131,240,333,258,591
00393000,SHERIDAN COLLEGE                        ,WY,82801-9133,Public       ,238,405,643,688,756,1444
00393100,NORTHWEST COLLEGE                       ,WY,82435-1895,Public       ,258,268,526,754,499,1253
00393200,UNIVERSITY OF WYOMING                   ,WY,82071-3663,Public       ,1465,1496,2961,5549,3765,9314
00393300,WESTERN WYOMING COMMUNITY COLLEGE       ,WY,82902-0000,Public       ,301,396,697,672,799,1471
00728900,CENTRAL WYOMING COLLEGE                 ,WY,82501-0000,Public       ,142,294,436,387,575,962
00915700,WYOMING TECHNICAL INSTITUTE             ,WY,82072-9519,Proprietary  ,983,608,1591,1809,910,2719
00925900,LARAMIE COUNTY COMMUNITY CLG            ,WY,82007-3299,Public       ,390,745,1135,1039,1530,2569
02211900,CHEEKS INTERNATIONAL ACDMY              ,WY,82001-0000,Proprietary  ,21,48,69,36,75,111
00393500,UNIV OF GUAM                            ,GU,96923-0000,Public       ,940,607,1547,1471,1007,2478
01536100,GUAM COMMUNITY COLLEGE                  ,GU,96921-0000,Public       ,454,505,959,632,801,1433
03438300,PACIFIC ISLANDS UNIVERSITY              ,GU,96913-2619,Private      ,18,20,38,37,35,72
00393600,PONTIFICAL CATHOLIC UNIV OF PR          ,PR,00717-0777,Private      ,3039,1985,5024,4729,2953,7682
00393700,UNIVERSITY OF THE SACRED HEART          ,PR,00914-0383,Private      ,2073,897,2970,2635,1181,3816
00393800,INTER-AMER UNIV PR-CNTRL ADMN           ,PR,00936-0000,Private      ,1859,2737,4596,2049,3218,5267
00393801,INTER-AMER UNIV PR SCHL LAW             ,PR,00936-8351,Private      ,17,237,254,20,325,345
00393802,INTER AMERICAN UNIVERSITY OF PUERTO RICO,PR,00926-0000,Private      ,623,628,1251,856,851,1707
00393803,INTER AMERICAN UNIVERSITY OF PR         ,PR,00683-0000,Private      ,2128,901,3029,2529,1126,3655
00393804,INTER-AMER UNIV PR-RECINTO AGUADILA     ,PR,00605-2000,Private      ,1613,1068,2681,1759,1248,3007
00393805,INTER-AMER UNIV PR-ARECIBO CAMPUS       ,PR,00614-4050,Private      ,1987,1461,3448,2278,1747,4025
00393806,INTER-AMER UNIV PR-BARRANQUITAS REG     ,PR,00794-0517,Private      ,999,484,1483,1239,608,1847
00393807,INTER-AMER UNIV PR-FAJARDO REGIONAL     ,PR,00738-0000,Private      ,913,590,1503,1008,666,1674
00393808,INTER-AMER UNIV PR - GUAYAMA CAMPUS     ,PR,00785-4004,Private      ,733,659,1392,826,792,1618
00393809,INTER-AMER UNIV PR-PONCE REGIONAL       ,PR,00715-0000,Private      ,2445,1779,4224,2733,2186,4919
00393811,INTER-AMER UNIV PR-BAYAMON REG CLG      ,PR,00959-0000,Private      ,2529,962,3491,2878,1122,4000
00394100,COLEGIO UNIVERSITARIO DEL ESTE          ,PR,00983-0000,Private      ,3944,3409,7353,4314,3930,8244
00394200,UNIVERSITY OF PR-CENTRAL ADMINISTRATION ,PR,00936-4984,Public       ,109,34,143,161,64,225
00394201,UNIVERSITY OF PR-RIO PIEDRAS CAMPUS     ,PR,00931-3300,Public       ,6985,1729,8714,8498,2340,10838
00394202,UNIV OF PUERTO RICO-MAYAGUEZ CAMPUS     ,PR,00681-5000,Public       ,6074,855,6929,8132,1510,9642
00394203,"UNIVERSITY OF PR, MED. SCIENCES CAMPUS  ",PR,00936-5067,Public       ,462,917,1379,570,1059,1629
00394204,"UNIVERSITY OF PUERTO RICO, CAYEY CAMPUS ",PR,00736-0000,Public       ,2168,205,2373,3188,477,3665
00394205,"UNIVERSITY OF PR, HUMACAO CAMPUS        ",PR,00791-4057,Public       ,2235,337,2572,2736,432,3168
00394206,UNIVERSITY OF PR-AGUADILLA CAMPUS       ,PR,00604-6150,Public       ,2047,346,2393,2329,451,2780
00394207,UNIVERSITY OF PUERTO RICO-ARECIBO CAMPUS,PR,00614-0000,Public       ,2251,241,2492,3523,494,4017
00394208,UNIVERSITY OF PUERTO RICO-BAYAMON CAMPUS,PR,00959-0000,Public       ,3209,420,3629,4017,568,4585
00394209,UNIVERSITY OF PUERTO RICO-CAROLINA      ,PR,00984-4800,Public       ,2419,320,2739,3048,463,3511
00394210,UNIVERSITY OF PUERTO RICO-PONCE         ,PR,00732-0000,Public       ,2147,229,2376,3098,383,3481
00394211,"UNIVERSITY OF PR, UTUADO CAMPUS         ",PR,00641-0000,Public       ,869,100,969,1104,178,1282
00501900,UNIV ADVENTISTA DE LAS ANTILLAS         ,PR,00681-0118,Private      ,413,189,602,496,241,737
00502200,BAYAMON CENTRAL UNIVERSITY              ,PR,00960-0000,Private      ,658,552,1210,787,669,1456
00890200,COLUMBIA CENTRO UNIVERSITARIO           ,PR,00726-0000,Proprietary  ,470,590,1060,510,651,1161
01056700,COLEGIO TECNOLOGICO DE SAN JUAN         ,PR,00918-2973,Public       ,453,553,1006,499,631,1130
01072400,CARLOS ALBIZU UNIVERSITY                ,PR,00902-3711,Private      ,57,482,539,80,646,726
01081900,CONSERVATORIO DE MUSICA DE PUERTO RICO  ,PR,00907-3373,Public       ,204,46,250,233,60,293
01120300,RYDER MEMORIAL HOSP SCH OF NURSING      ,PR,00792-0000,Private      ,8,1,9,10,3,13
01171900,UNIVERSIDAD DEL TURABO                  ,PR,00778-0000,Private      ,3843,3665,7508,4771,4973,9744
01194000,ICPR JUNIOR COLLEGE                     ,PR,00919-0000,Proprietary  ,581,722,1303,644,844,1488
01194100,AMERICAN UNIVERSITY OF PUERTO RICO      ,PR,00960-2037,Private      ,539,335,874,584,376,960
01194101,AMERICAN UNIVERSITY OF PUERTO RICO      ,PR,00674-0000,Private      ,385,238,623,459,316,775
01252500,CARIBBEAN UNIVERSITY                    ,PR,00960-0493,Private      ,1663,1776,3439,1829,2025,3854
01314800,RAMIREZ COLLEGE OF BUS & TECH           ,PR,00918-0000,Proprietary  ,0,0,0,0,3,3
02063100,MBTI BUSINESS TRNG INSTITUTE            ,PR,00907-3917,Proprietary  ,128,351,479,135,373,508
02100000,POLYTECHNIC UNIVERSITY OF PR            ,PR,00917-0000,Private      ,1649,1026,2675,2029,1305,3334
02163300,UNIVERSIDAD CENTRAL DEL CARIBE          ,PR,00960-0000,Private      ,118,231,349,151,299,450
02165100,EDP COLLEGE OF PUERTO RICO              ,PR,00919-0000,Private      ,328,466,794,360,590,950
02166400,INSTITUTO DE BANCA Y COMERCIO           ,PR,00925-0000,Proprietary  ,1662,2214,3876,1909,2736,4645
02170300,INST EDUC TECNIA OCUP LA REINA          ,PR,00674-0000,Proprietary  ,139,189,328,143,189,332
02170301,INST EDUC TECNICA OCUPLA LA REINA       ,PR,00603-0000,Proprietary  ,1,4,5,1,5,6
02189100,CENTRO DE ESTUDIOS MULTIDISCIPLIN       ,PR,00926-0000,Private      ,520,658,1178,552,695,1247
02189300,EMMA'S BEAUTY ACADEMY                   ,PR,00680-0000,Proprietary  ,128,142,270,131,144,275
02195400,MODERN HAIRSTYLING INSTITUTE            ,PR,00960-0000,Proprietary  ,161,117,278,164,120,284
02195500,MODERN HAIRSTYLING INSTITUTE            ,PR,00612-0000,Proprietary  ,5,2,7,7,5,12
02195800,LICEO E ARTE Y TECNOLGIA                ,PR,00919-0000,Proprietary  ,285,327,612,393,433,826
02195900,MODERN HAIRSTYLING INSTITUTE            ,PR,00980-0000,Proprietary  ,5,3,8,8,5,13
02234900,ANTILLES SCHOOL OF TECH CAREERS         ,PR,00909-0000,Proprietary  ,30,34,64,34,34,68
02241901,COMMONWEALTH OF PR DEPT OF EDUC - CARLOS,PR,00986-0000,Public       ,8,3,11,10,5,15
02241902,COMMONWEALTH OF PR DEPT OF EDUC - TOMAS ,PR,00613-0000,Public       ,32,14,46,32,15,47
02241904,COMMONWEALTH OF PR DEPT OF EDUC - ITPR R,PR,00655-0000,Public       ,304,120,424,316,129,445
02241905,COMMONWEALTH OF PR DEPT OF EDUC - JOSE A,PR,00674-0000,Public       ,82,19,101,99,19,118
02241907,COMMONWEALTH OF PR DEPT OF EDUC - ITPR R,PR,00928-0000,Public       ,273,117,390,283,128,411
02241908,COMMONWEALTH OF PR DEPT OF EDUC - ITPR R,PR,00732-0000,Public       ,335,177,512,381,200,581
02241909,COMMONWEALTH OF PR DEPT OF EDUC - TROQUE,PR,00959-0000,Public       ,26,3,29,27,3,30
02241910,COMMONWEALTH OF PR DEPT OF EDUC - ITPR R,PR,00701-1091,Public       ,458,180,638,529,208,737
02260600,NATIONAL COLLEGE OF BUSINESS & TECH     ,PR,00960-2036,Proprietary  ,1683,1901,3584,2304,3000,5304
02260601,NATIONAL COLLEGE OF BUSINESS & TECHNOLOG,PR,00612-0000,Proprietary  ,42,13,55,54,25,79
02260602,NATIONAL COLLEGE OF BUSINESS & TECHNOLOG,PR,00745-9903,Proprietary  ,19,12,31,29,26,55
02260800,HUERTAS JUNIOR COLLEGE                  ,PR,00726-0000,Proprietary  ,308,357,665,342,411,753
02297700,AUTOMECA TECHNICAL COLLEGE              ,PR,00957-0000,Proprietary  ,479,258,737,515,292,807
02303800,AMERICAN EDUCATIONAL COLLEGE            ,PR,00961-0000,Proprietary  ,171,242,413,172,247,419
02335500,COLEGIO BIBLICO PENTECOSTAL DE PR       ,PR,00978-0000,Private      ,13,68,81,15,80,95
02340600,HUMACAO COMMUNITY COLLEGE               ,PR,00792-0000,Private      ,67,91,158,74,95,169
02343600,INSTITUTE OF BEAUTY CAREERS             ,PR,00613-0000,Proprietary  ,162,186,348,165,196,361
02482400,PONCE SCHOOL OF MEDICINE                ,PR,00716-2347,Private      ,27,445,472,49,575,624
02502400,SERBIA'S SCHOOL OF BEAUTY CULTURE       ,PR,00785-0000,Proprietary  ,65,72,137,81,112,193
02504500,INSTITUCION CHAVIANO DE MAYAGUEZ        ,PR,00708-0000,Proprietary  ,3,7,10,4,7,11
02505400,ATLANTIC COLLEGE                        ,PR,00970-0000,Private      ,491,209,700,529,225,754
02534900,PONCE PARAMEDICAL COLLEGE (POPAC)       ,PR,00731-0000,Proprietary  ,705,503,1208,781,569,1350
02552300,COLEGIO MAYOR DE TECHNOLOGIA            ,PR,00714-0000,Proprietary  ,46,58,104,80,125,205
02562500,INTERNATIONAL TECHNICAL COLLEGE         ,PR,00918-0000,Proprietary  ,20,44,64,20,48,68
02563500,ROGIES SCHOOL OF BEAUTY CULTURE         ,PR,00910-0000,Proprietary  ,55,82,137,64,100,164
02569400,ESCUELA DE ARTES PLASTICAS              ,PR,00902-1112,Public       ,226,88,314,324,136,460
02570400,EDUCATIONAL TECHNICAL COLLEGE           ,PR,00925-3404,Proprietary  ,170,236,406,204,351,555
02576100,ESCUELA TECNICA DE ELECTRICIDAD         ,PR,00731-0000,Proprietary  ,95,117,212,114,140,254
02587500,UNIVERSIDAD METROPOLITANA               ,PR,00928-0000,Private      ,2474,2773,5247,2941,3356,6297
02588600,SEMINARIO EVANGELICO DE PUERTO RICO     ,PR,00925-0000,Private      ,0,15,15,0,22,22
02593700,HISPANIC AMERICAN COLLEGE               ,PR,00725-0000,Proprietary  ,22,39,61,23,43,66
03021900,EDIC COLLEGE                            ,PR,00726-0000,Proprietary  ,470,502,972,487,521,1008
03025500,MECH TECH COLLEGE                       ,PR,00725-6118,Proprietary  ,1315,712,2027,1649,962,2611
03025900,"LICEO DE ARTE, DISENOS Y COMERCIO       ",PR,00726-0000,Proprietary  ,105,59,164,112,65,177
03029700,"UNIVERSAL TECHNOLOGY CLG OF PR, INC     ",PR,00605-1955,Private      ,59,92,151,64,94,158
03061900,COLEGIO TECHNOLOGICO Y COMERCIAL        ,PR,00602-0960,Proprietary  ,1,2,3,1,3,4
03070500,D'MART INSTITUTE                        ,PR,00794-3517,Proprietary  ,184,228,412,288,439,727
03075600,EMMA'S BEAUTY ACADEMY                   ,PR,00795-0000,Proprietary  ,163,102,265,169,106,275
03085700,PROFESSIONAL TECHNICAL INSTITUTION      ,PR,00960-7061,Proprietary  ,106,103,209,107,105,212
03104400,PROFESSIONAL ELECTRIC SCHOOL            ,PR,00674-1797,Proprietary  ,15,6,21,15,6,21
03106900,ESCUELA DE PERITOS ELECTRICITAS         ,PR,00662-0457,Proprietary  ,13,21,34,22,31,53
03112100,JOHN DEWEY COLLEGE                      ,PR,00915-9538,Private      ,398,826,1224,414,871,1285
03112101,JOHN DEWEY COLLEGE                      ,PR,00986-0000,Private      ,146,208,354,155,210,365
03112102,JOHN DEWEY COLLEGE-BAYAMON CAMPUS       ,PR,00959-0000,Private      ,93,94,187,98,99,197
03112104,JOHN DEWEY COLLEGE - YABUCOA LRNING SITE,PR,00767-0767,Private      ,27,82,109,30,98,128
03112105,JOHN DEWEY COLLEGE - FAJARDO BRANCH     ,PR,00738-0738,Private      ,85,124,209,93,145,238
03112106,JOHN DEWEY COLLEGE - ARROYO BRANCH      ,PR,00714-0714,Private      ,17,40,57,19,47,66
03112107,JOHN DEWEY COLLEGE - JUANA DIAZ BRANCH  ,PR,00795-0000,Private      ,16,17,33,19,17,36
03112108,JOHN DEWEY COLLEGE - HATILLO CAMPUS     ,PR,00659-0000,Private      ,5,4,9,8,6,14
03112109,JOHN DEWEY COLLEGE - MANATI             ,PR,00674-0000,Private      ,12,17,29,12,19,31
03115900,TRINITY COLLEGE OF PUERTO RICO          ,PR,00734-0000,Private      ,30,31,61,34,32,66
03122500,ACADEMIA SERRANT INC.                   ,PR,00717-1568,Proprietary  ,25,46,71,33,55,88
03123100,GLOBELLE TECHNICAL INSTITUTE            ,PR,00693-4218,Proprietary  ,55,30,85,57,31,88
03124200,NOVA COLLEGE DE PUERTO RICO             ,PR,00960-4016,Proprietary  ,40,115,155,42,120,162
03157600,"COLEGIO DE CINEMATOGRAFIA, ARTES Y TELEV",PR,00961-6345,Proprietary  ,115,40,155,124,51,175
03177300,SAN JUAN BAUTISTA SCH OF MEDICINE       ,PR,00726-0000,Private      ,2,182,184,7,306,313
03326300,UNIVERSAL CAREER COMMUNITY COLLEGE      ,PR,00907-0000,Proprietary  ,179,269,448,187,278,465
03336300,CENTURY COLLEGE                         ,PR,00603-0000,Proprietary  ,76,101,177,79,103,182
03414300,MONTECLARO                              ,PR,00745-9612,Private      ,1,0,1,1,0,1
03452300,INSTITUTO PRE-VOCACIONAL E INDUSTRI     ,PR,00613-1800,Private      ,2,3,5,4,5,9
03469300,IVAEM COLLEGE                           ,PR,00725-0000,Proprietary  ,107,38,145,120,45,165
03531300,COLEGIO PENTECOSTAL MIZPA               ,PR,00928-0966,Private      ,8,141,149,11,147,158
03544300,ATENAS COLLEGE                          ,PR,00674-0000,Private      ,483,618,1101,552,766,1318
03552300,LESTON COLLEGE                          ,PR,00961-6309,Proprietary  ,20,30,50,20,31,51
03608300,CARIBBEAN FORENSIC & TECHNICAL COLL     ,PR,00926-0000,Proprietary  ,12,38,50,19,42,61
03638300,ROSSLYN TRAINING ACADEMY OF COSMETOLOGY ,PR,00602-3225,Proprietary  ,16,24,40,16,25,41
03735400,"CHARLIES GUARD,DETECTIVE BUREAU&ACA     ",PR,00605-0000,Proprietary  ,13,55,68,13,57,70
03751300,ESCUELA HOTELERA DE SAN JUAN            ,PR,00917-0091,Proprietary  ,403,230,633,418,245,663
03758300,BAYAMON COMMUNITY COLLEGE               ,PR,00960-0000,Proprietary  ,8,22,30,11,23,34
03781400,INDUSTRIAL TECHNICAL COLLEGE            ,PR,00792-0000,Proprietary  ,16,21,37,16,24,40
03785300,J.G. GUAYNABO TECHNICAL COLLEGE         ,PR,00960-0000,Proprietary  ,6,30,36,7,32,39
03800300,COLEGIO TECNICO DE ELECTRICIDAD GALLOSA ,PR,00602-0000,Proprietary  ,0,5,5,0,5,5
03800400,INSTITUTE OF BEAUTY OCCUPATIONS AND TECH,PR,00676-5071,Proprietary  ,32,31,63,32,33,65
03843300,ADVANCED TECH COLLEGE                   ,PR,00961-6321,Proprietary  ,4,23,27,6,25,31
03849300,AGUADILLA TECHNICAL COLLEGE             ,PR,00603-0000,Proprietary  ,11,11,22,15,12,27
03965400,MYRANGEL BEAUTY INSTITUTE               ,PR,00754-3917,Proprietary  ,4,8,12,4,8,12
04030300,ASPIRA  DE PUERTO RICO                  ,PR,00987-0000,Private      ,5,3,8,6,5,11
04107300,CARIB TECHNOLOGICAL INSTITUTE           ,PR,00960-0000,Proprietary  ,3,15,18,6,15,21
04117200,INSTITUTO EDUCATIVO PREMIER             ,PR,00731-0000,Proprietary  ,18,55,73,29,71,100
04131600,LIBERTY TECHNICAL COLLEGE               ,PR,00737-1298,Proprietary  ,7,18,25,7,20,27
04158600,SCOTLAND EDUCATIONAL INSTITUTE          ,PR,00961-6312,Proprietary  ,0,5,5,0,5,5
00394600,UNIVERSITY OF THE VIRGIN ISLANDS        ,VI,00802-6000,Public       ,257,288,545,912,689,1601
00394601,UNIV OF THE VIRGIN ISLANDS-ST CROIX     ,VI,00850-0000,Public       ,161,194,355,434,456,890
00667700,MCGILL UNIVERSITY                       ,CN,00000-0000,Public       ,243,115,358,1654,380,2034
00667900,QUEEN'S UNIVERSITY AT KINGSTON          ,CN,00000-0000,Public       ,22,9,31,89,35,124
00668100,ST FRANCIS XAVIER UNIVERSITY            ,CN,00000-0000,Public       ,8,3,11,23,6,29
00668200,ST THOMAS UNIVERSITY                    ,CN,00000-0000,Public       ,6,2,8,16,4,20
00668300,UNIVERSITY OF GUELPH                    ,CN,00000-0000,Public       ,6,12,18,36,47,83
00668400,UNIVERSITY OF MANITOBA                  ,CN,00000-0000,Public       ,9,10,19,27,22,49
00668500,UNIVERSITY OF NEW BRUNSWICK (THE)       ,CN,00000-0000,Public       ,2,7,9,10,9,19
00668600,UNIVERSITY OF OTTAWA                    ,CN,00000-0000,Public       ,11,8,19,41,30,71
00668800,UNIVERSITY OF TORONTO                   ,CN,00000-0000,Public       ,60,81,141,284,296,580
00668900,UNIVERSITY OF WINDSOR                   ,CN,00000-0000,Public       ,4,13,17,12,39,51
00683700,UNIVERSITE LAVAL                        ,CN,00000-0000,Public       ,0,7,7,5,14,19
00683800,DALHOUSIE UNIVERSITY                    ,CN,00000-0000,Public       ,22,23,45,100,60,160
00685200,BISHOP'S UNIVERSITY                     ,CN,00000-0000,Private      ,6,2,8,38,3,41
00685300,MCMASTER UNIVERSITY                     ,CN,00000-0000,Public       ,6,7,13,27,26,53
00767900,YORK UNIVERSITY                         ,CN,00000-0000,Public       ,22,34,56,95,89,184
00787400,UNIVERSITY AT CALGARY (THE)             ,CN,00000-0000,Public       ,8,17,25,38,42,80
00814800,UNIVERSITY OF WINNIPEG                  ,CN,00000-0000,Public       ,5,2,7,12,2,14
00836200,UNIVERSITY OF ALBERTA (THE)             ,CN,00000-0000,Public       ,9,14,23,32,35,67
00836300,MOUNT SAINT VINCENT UNIVERSITY          ,CN,00000-0000,Private      ,4,0,4,6,2,8
00836400,SAINT MARY'S UNIVERSITY                 ,CN,00000-0000,Public       ,5,5,10,20,8,28
00836500,CONCORDIA UNIVERSITY - SIR GEORGE W     ,CN,00000-0000,Public       ,53,59,112,189,132,321
00836600,UNIVERSITE DE MONTREAL                  ,CN,00000-0000,Public       ,0,7,7,6,23,29
00836800,CARLETON UNIVERSITY                     ,CN,00000-0000,Public       ,13,9,22,44,27,71
00836900,UNIVERSITY OF BRITISH COLUMBIA          ,CN,00000-0000,Public       ,107,111,218,664,442,1106
00837000,"SAFA, UNIVERSITY OF VICTORIA            ",CN,00000-0000,Public       ,23,18,41,101,60,161
00844400,SIMON FRASER UNIVERSITY                 ,CN,00000-0000,Public       ,22,35,57,101,97,198
00844600,UNIVERSITY OF WESTERN ONTARIO (THE)     ,CN,00000-0000,Public       ,4,18,22,29,36,65
00844800,UNIVERSITY OF REGINA                    ,CN,00000-0000,Public       ,1,1,2,4,5,9
00844900,ACADIA UNIVERSITY                       ,CN,00000-0000,Public       ,14,4,18,51,10,61
00852600,UNIVERSITY OF WATERLOO                  ,CN,00000-0000,Public       ,8,5,13,38,20,58
00858200,WILFRID LAURIER UNIVERSITY              ,CN,00000-0000,Public       ,3,1,4,10,6,16
00891300,LAKEHEAD UNIVERSITY                     ,CN,00000-0000,Public       ,1,2,3,7,2,9
00911900,UNIVERSITE DE MONCTON                   ,CN,00000-0000,Public       ,0,2,2,0,3,3
00925200,BROCK UNIVERSITY                        ,CN,00000-0000,Public       ,2,3,5,14,6,20
00936700,UNIVERSITY OF PRINCE EDWARD ISLAND      ,CN,00000-0000,Public       ,5,31,36,19,88,107
00942100,BRANDON UNIVERSITY                      ,CN,00000-0000,Public       ,1,1,2,5,1,6
00948600,TRINITY WESTERN UNIVERSITY              ,CN,00000-0000,Private      ,40,12,52,150,34,184
00950000,MEMORIAL UNIVERSITY OF NEWFOUNDLAND     ,CN,00000-0000,Public       ,4,5,9,13,18,31
00950100,UNIVERSITY OF KING'S COLLEGE            ,CN,00000-0000,Public       ,6,1,7,20,2,22
00950300,MOUNT ALLISON UNIVERSITY                ,CN,00000-0000,Public       ,3,1,4,39,2,41
00950400,NOVA SCOTIA AGRICULTURAL COLLEGE        ,CN,00000-0000,Public       ,0,2,2,2,2,4
00950500,TRENT UNIVERSITY                        ,CN,00000-0000,Public       ,4,2,6,8,2,10
00969700,LETHBRIDGE COLLEGE                      ,CN,00000-0000,Public       ,1,1,2,1,2,3
00969800,MEDICINE HAT COLLEGE                    ,CN,00000-0000,Public       ,0,1,1,1,1,2
00970100,SENECA COLG OF APPLIED ARTS & TECH      ,CN,00000-0000,Public       ,9,13,22,19,26,45
01012300,NOVA SCOTIA COLLEGE OF ART & DESIGN     ,CN,00000-0000,Public       ,2,3,5,17,13,30
01022100,SAINT PAUL UNIVERSITY                   ,CN,00000-0000,Public       ,0,3,3,0,7,7
01045800,SHERIDAN COLLEGE OF APPLIED ARTS AN     ,CN,00000-0000,Public       ,5,4,9,18,6,24
01067500,REGENT COLLEGE                          ,CN,00000-0000,Private      ,0,26,26,3,61,64
01070300,UNIVERSITY OF LETHBRIDGE                ,CN,00000-0000,Public       ,2,1,3,10,5,15
01072000,RYERSON UNIVERSITY                      ,CN,00000-0000,Public       ,15,17,32,51,43,94
01172200,BRIERCREST BIBLE COLLEGE                ,CN,00000-0000,Private      ,5,1,6,12,1,13
01221100,ALGONQUIN CLG OF APPLIED ARTS &TECH     ,CN,00000-0000,Public       ,5,4,9,9,8,17
01222800,HUMBER COLLEGE                          ,CN,00000-0000,Public       ,10,11,21,25,20,45
01227400,PROVIDENCE COLLEGE                      ,CN,00000-0000,Private      ,4,2,6,9,3,12
02102100,BETHANY BIBLE COLLEGE                   ,CN,00000-0000,Private      ,16,5,21,34,11,45
02116600,CANADIAN MEMORIAL CHIROPRACTIC COLL     ,CN,00000-0000,Private      ,0,1,1,2,3,5
02167000,PRAIRIE BIBLE INST                      ,CN,00000-0000,Private      ,9,4,13,24,5,29
02184600,INSTITUTE FOR CHRISTIAN STUDIES         ,CN,00000-0000,Private      ,0,2,2,0,3,3
02195600,LASALLE COLLEGE                         ,CN,00000-0000,Private      ,1,4,5,13,11,24
02201100,COLUMBIA BIBLE COLLEGE                  ,CN,00000-0000,Private      ,4,2,6,9,4,13
02216400,TYNDALE COLLEGE & SEMINARY              ,CN,00000-0000,Private      ,0,1,1,4,3,7
02219000,ST. LAWRENCE COLLEGE                    ,CN,00000-0000,Public       ,2,1,3,4,4,8
02219200,UNIVERSITY OF SASKATCHEWAN              ,CN,00000-0000,Public       ,3,6,9,4,13,17
02324900,EMMANUEL BIBLE COLLEGE                  ,CN,00000-0000,Private      ,1,0,1,1,0,1
02338800,EMILY CARR UNIVERSITY OF ART AND DESIGN ,CN,00000-0000,Public       ,7,8,15,63,36,99
02354700,RED DEER COLLEGE                        ,CN,00000-0000,Public       ,1,0,1,2,0,2
02593800,CONCORDIA UNIVERSITY COLLEGE            ,CN,00000-0000,Private      ,0,1,1,6,2,8
02611900,THE KING'S UNIVERSITY COLLEGE           ,CN,00000-0000,Private      ,0,0,0,2,1,3
03018300,ROCKY MOUNTAIN COLLEGE: CENTRE FOR      ,CN,00000-0000,Private      ,0,0,0,1,1,2
03033800,UNIVERSITY COLLEGE OF CAPE BRETON       ,CN,00000-0000,Public       ,1,0,1,2,2,4
03078300,VANCOUVER SCHOOL OF THEOLOGY            ,CN,00000-0000,Private      ,2,0,2,3,3,6
03273300,CANADIAN COLLEGE OF NATUROPATHIC ME     ,CN,00000-0000,Private      ,0,12,12,1,16,17
03298300,ALBERTA COLLEGE OF ART & DESIGN         ,CN,00000-0000,Public       ,4,2,6,12,7,19
03332500,KWANTLEN UNIVERSITY COLLEGE             ,CN,00000-0000,Public       ,1,2,3,4,5,9
03335400,CANADIAN UNIVERSITY COLLEGE             ,CN,00000-0000,Private      ,6,4,10,19,11,30
03339300,ST. STEPHENS UNIVERSITY                 ,CN,00000-0000,Private      ,1,0,1,1,1,2
03348500,REDEEMER UNIVERSITY COLLEGE             ,CN,00000-0000,Private      ,2,0,2,10,0,10
03408300,CANDIAN NAZARENE UNIVERSITY COLLEGE     ,CN,00000-0000,Private      ,0,0,0,1,1,2
03420300,HOLLAND COLLEGE                         ,CN,00000-0000,Public       ,2,1,3,4,3,7
03511300,CN CLG ACUPUNCTURE & ORIENTAL MED       ,CN,00000-0000,Private      ,2,3,5,2,6,8
03560400,NIAGARA COLLEGE-WELLAND CAMPUS          ,CN,00000-0000,Public       ,1,1,2,2,4,6
03613300,UNIV OF NORTHERN BRITISH COLUMBIA       ,CN,00000-0000,Public       ,2,5,7,6,7,13
03644400,CANADIAN MENNONITE UNIVERSITY           ,CN,00000-0000,Private      ,0,0,0,4,2,6
03674400,CANADIAN SOUTHERN BAPTIST SEMINARY      ,CN,00000-0000,Private      ,0,1,1,0,2,2
03711300,CAPILANO UNIVERSITY                     ,CN,00000-0000,Public       ,8,1,9,18,5,23
03745300,BRITISH COLUMBIA INSTITUTE OF TECHNOLOGY,CN,00000-0000,Public       ,1,4,5,2,12,14
03846300,PACIFIC LIFE BIBLE COLLEGE              ,CN,00000-0000,Private      ,0,0,0,1,4,5
03847300,ATLANTIC BAPTIST UNIVERSITY             ,CN,00000-0000,Private      ,0,1,1,2,1,3
04122700,MCMASTER DIVINITY COLLEGE               ,CN,00000-0000,Private      ,0,6,6,0,8,8
04156700,AMBROSE UNIVERSITY COLLEGE              ,CN,00000-0000,Private      ,3,1,4,8,4,12
00814700,UNIVERSIDAD AUTONOMA DE GUADALAJARA     ,MX,00000-0000,Private      ,9,318,327,54,761,815
01041800,INST TEC Y DE ESTSUPER DE MONTERRE      ,MX,00000-0000,Private      ,23,23,46,63,50,113
01067600,UNIVERSIDAD DE MONTERREY                ,MX,00000-0000,Private      ,2,10,12,12,25,37
01093800,UNIVERSIDAD DE GUANAJUATO               ,MX,00000-0000,Public       ,2,4,6,12,12,24
01097600,INSTITUTO ALLENDE                       ,MX,00000-0000,Private      ,0,4,4,4,11,15
02053300,CENTRO DE ESTUDIOS UNIVERSITARIOS D     ,MX,00000-0000,Private      ,26,61,87,40,99,139
01001000,AMERICAN SAMOA CMNTY COLLEGE            ,AS,96799-2609,Public       ,594,115,709,711,170,881
01034300,COLLEGE OF MICRONESIA - FSM             ,FM,96941-0159,Public       ,1020,525,1545,1338,645,1983
01100900,PALAU COMMUNITY COLLEGE                 ,PW,96940-0009,Public       ,373,220,593,610,232,842
03022400,COLLEGE OF THE MARSHALL ISLANDS         ,MH,96960-1258,Public       ,27,20,47,36,30,66
03033000,NORTHERN MARIANAS COLLEGE               ,MP,96950-0000,Public       ,173,147,320,248,187,435
