OPE ID,School,State,Zip Code,School Type,20102011Qtr3_Dependent Students,20102011Qtr3_Independent Students,Quarterly Total,YTD_20102011Qtr3_Dependent Students,YTD_20102011Qtr3_Independent Students,Award Year To Date Total
00100200,ALABAMA AGRCLTL & MECHL UNIV            ,AL,35762-1357,Public       ,851,890,1741,5843,3129,8972
00100300,FAULKNER UNIVERSITY                     ,AL,36109-3398,Private      ,309,1081,1390,1499,3596,5095
00100400,UNIVERSITY OF MONTEVALLO                ,AL,35115-6000,Public       ,254,306,560,2005,1388,3393
00100500,ALABAMA STATE UNIVERSITY                ,AL,36101-0000,Public       ,1168,1404,2572,7933,4703,12636
00100700,CENTRAL ALABAMA COMMUNITY COLLEGE       ,AL,35011-0000,Public       ,410,751,1161,1321,1948,3269
00100800,ATHENS STATE UNIVERSITY                 ,AL,35611-1999,Public       ,198,987,1185,747,3076,3823
00100900,AUBURN UNIVERSITY                       ,AL,36849-5113,Public       ,1490,1100,2590,15576,5595,21171
00101200,BIRMINGHAM SOUTHERN COLLEGE             ,AL,35254-0002,Private      ,153,137,290,2044,525,2569
00101300,CALHOUN COMMUNITY COLLEGE               ,AL,35609-2216,Public       ,1144,2230,3374,4503,7274,11777
00101500,ENTERPRISE STATE COMMUNITY COLLEGE      ,AL,36331-1300,Public       ,323,649,972,1196,1908,3104
00101600,UNIVERSITY OF NORTH ALABAMA             ,AL,35632-0001,Public       ,723,854,1577,4512,2601,7113
00101700,GADSDEN STATE COMMUNITY COLLEGE         ,AL,35903-2269,Public       ,930,2094,3024,3134,5724,8858
00101800,GEORGE C WALLACE COMMUNITY COLLEGE      ,AL,36303-0943,Public       ,599,1548,2147,1941,3929,5870
00101900,HUNTINGDON COLLEGE                      ,AL,36106-2148,Private      ,120,179,299,1228,516,1744
00102000,JACKSONVILLE STATE UNIVERSITY           ,AL,36265-1602,Public       ,887,1504,2391,6181,5206,11387
00102100,JEFFERSON DAVIS COMMUNITY COLLEGE       ,AL,36427-2790,Public       ,181,360,541,620,985,1605
00102200,JEFFERSON STATE COMMUNITY COLLEGE       ,AL,35215-3098,Public       ,879,1957,2836,4075,7253,11328
00102300,JUDSON COLLEGE                          ,AL,36756-2504,Private      ,45,33,78,341,107,448
00102400,UNIVERSITY OF WEST ALABAMA              ,AL,35470-0000,Public       ,334,1680,2014,1942,4568,6510
00102600,MARION MILITARY INSTITUTE               ,AL,36756-3214,Public       ,120,18,138,553,68,621
00102800,MILES COLLEGE                           ,AL,35064-2697,Private      ,491,437,928,2145,1292,3437
00102900,UNIVERSITY OF MOBILE                    ,AL,36613-0000,Private      ,223,510,733,1360,1697,3057
00103000,BISHOP STATE COMMUNITY COLLEGE          ,AL,36603-5898,Public       ,535,1359,1894,1855,4179,6034
00103001,BISHOP STATE COMM COLG-CARVER CMPS      ,AL,36617-0000,Public       ,58,145,203,179,480,659
00103002,BISHOP STAT COMM CLG-SW CMPS            ,AL,36605-0000,Public       ,42,93,135,128,292,420
00103100,NORTHEAST ALABAMA STATE CMNTY COLG      ,AL,35986-0159,Public       ,465,956,1421,1205,2182,3387
00103300,OAKWOOD COLLEGE                         ,AL,35896-0001,Private      ,380,233,613,1871,808,2679
00103400,ALABAMA SOUTHERN COMMUNITY COLLEGE      ,AL,36460-5698,Public       ,293,422,715,1068,1131,2199
00103600,SAMFORD UNIVERSITY                      ,AL,35229-7000,Private      ,211,440,651,3028,2859,5887
00103700,SELMA UNIVERSITY                        ,AL,36701-0000,Private      ,0,2,2,0,2,2
00103800,SNEAD STATE COMMUNITY COLLEGE           ,AL,35957-0734,Public       ,241,603,844,1172,1884,3056
00104000,SOUTHERN UNION STATE COMMUNITY CLG      ,AL,36276-0000,Public       ,614,783,1397,2900,2882,5782
00104100,SPRING HILL COLLEGE                     ,AL,36608-1791,Private      ,94,189,283,1949,642,2591
00104400,STILLMAN COLLEGE                        ,AL,35403-1430,Private      ,242,140,382,2134,575,2709
00104600,TALLADEGA COLLEGE                       ,AL,35160-2354,Private      ,156,107,263,623,354,977
00104700,TROY STATE UNIVERSITY                   ,AL,36082-0001,Public       ,1367,7122,8489,7896,23209,31105
00105000,TUSKEGEE UNIVERSITY                     ,AL,36088-1645,Private      ,307,179,486,4711,1209,5920
00105100,UNIVERSITY OF ALABAMA (THE)             ,AL,35487-0120,Public       ,1733,1842,3575,19152,9698,28850
00105200,UNIVERSITY OF ALABAMA AT BIRMINGHAM     ,AL,35294-1150,Public       ,1132,2400,3532,8441,10606,19047
00105500,UNIVERSITY OF ALABAMA IN HUNTSVILLE     ,AL,35899-0001,Public       ,690,1074,1764,4043,3850,7893
00105700,UNIVERSITY OF SOUTH ALABAMA             ,AL,36688-0002,Public       ,1065,1897,2962,7880,8890,16770
00105900,LAWSON STATE COMMUNITY COLLEGE          ,AL,35221-1798,Public       ,945,1745,2690,2475,4132,6607
00105901,LAWSON STATE COMMUNITY COLLEGE - BESSEME,AL,35021-0308,Public       ,194,483,677,558,1344,1902
00106000,FAULKNER STATE COMMUNITY COLLEGE        ,AL,36507-2698,Public       ,700,1045,1745,2810,3221,6031
00526000,J.F. DRAKE STATE TECH COLLEGE           ,AL,35811-1584,Public       ,215,712,927,502,1722,2224
00569100,SHELTON STATE COMMUNITY CLG             ,AL,35405-4017,Public       ,1123,1410,2533,4089,3905,7994
00569200,REID STATE TECHNICAL COLLEGE            ,AL,36401-0000,Public       ,130,358,488,268,757,1025
00569700,NORTHWEST- SHOALS COMMUNITY COLLEGE     ,AL,35661-0000,Public       ,644,1062,1706,1901,2467,4368
00569702,NORTHWEST-SHOALS C.C.-PHIL CAMPBELL     ,AL,35581-0000,Public       ,95,122,217,334,351,685
00569900,GEORGE C WALLACE STATE CMTY COLLEGE     ,AL,36703-0000,Public       ,465,860,1325,1105,1853,2958
00573300,BEVILL STATE CMTY COLLEGE-WALKER        ,AL,35148-0000,Public       ,482,1046,1528,1326,2458,3784
00573301,BEVILL STATE COMMUNITY COLLEGE - FAYETTE,AL,35555-0000,Public       ,90,265,355,468,805,1273
00573302,BEVILL STATE CMTY CLG-HAMILTON CAMP     ,AL,35570-0000,Public       ,44,135,179,210,417,627
00573305,BEVILL STATE CMTY CLG-WALKER CLG        ,AL,35501-0000,Public       ,87,189,276,403,575,978
00573400,H. COUNCILL TRENHOLM STATE TECH COLLEGE ,AL,36108-0020,Public       ,341,823,1164,781,1961,2742
00573401,H. C. TRENHOLM ST TECH COL-PATTERSON CAM,AL,36116-2612,Public       ,142,300,442,373,803,1176
00787100,GEORGE C WALLACE STATE CMTY CLG         ,AL,35077-2000,Public       ,766,1460,2226,3078,4519,7597
00831000,AUBURN UNIVERSITY-MONTGOMERY            ,AL,36124-0000,Public       ,630,1320,1950,3514,4443,7957
00898800,LURLEEN B WALLACE COMMUNITY COLLEGE     ,AL,36420-0418,Public       ,274,508,782,973,1305,2278
01019300,HERZING COLLEGE                         ,AL,35209-4816,Proprietary  ,36,357,393,130,1152,1282
01055400,CONCORDIA COLLEGE                       ,AL,36701-3323,Private      ,157,168,325,649,440,1089
01218200,CHATTAHOOCHEE VALLEY CMTY CLG           ,AL,36869-7917,Public       ,249,530,779,820,1437,2257
01303906,SOUTH UNIVERSITY - MONTGOMERY           ,AL,36116-1120,Proprietary  ,87,419,506,363,1474,1837
02170600,UNITED STATES SPORTS ACADEMY            ,AL,36526-7055,Private      ,6,223,229,32,626,658
02199700,HERITAGE CHRISTIAN UNIVERSITY           ,AL,35630-0000,Private      ,8,42,50,18,81,99
02270400,SOUTHEASTERN BIBLE COLLEGE              ,AL,35244-2083,Private      ,22,62,84,87,196,283
02285000,PAUL MITCHELL THE SCHOOL HUNTSVILLE     ,AL,35758-0000,Proprietary  ,29,39,68,58,84,142
02296000,PRINCE INSTITUTE OF PROFESSIONAL STUDIES,AL,36117-0000,Proprietary  ,3,43,46,25,173,198
02341000,FORTIS COLLEGE                          ,AL,36609-0000,Proprietary  ,236,474,710,527,1164,1691
02341002,CAPPS COLLEGE - MONTGOMERY              ,AL,36109-3624,Proprietary  ,9,66,75,60,190,250
02341004,FORTIS COLLEGE - SCHOOL OF COSMETOLOGY  ,AL,36609-1981,Proprietary  ,6,23,29,19,76,95
02503400,AMRIDGE UNIVERSITY                      ,AL,36124-0000,Private      ,14,424,438,54,899,953
02605500,REMINGTON COLLEGE - MOBILE CAMPUS       ,AL,36609-5593,Proprietary  ,264,737,1001,568,1873,2441
03010600,VIRGINIA COLLEGE                        ,AL,35209-5154,Proprietary  ,561,4996,5557,1391,15671,17062
03010602,VIRGINIA COLLEGE - HUNTSVILLE           ,AL,35805-0000,Proprietary  ,86,503,589,238,1366,1604
03010607,VIRGINIA COLLEGE - MOBILE               ,AL,36608-1626,Proprietary  ,93,482,575,193,1130,1323
03010616,VIRGINIA COLLEGE - MONTGOMERY           ,AL,36117-2802,Proprietary  ,147,579,726,376,1633,2009
03010803,TRI-STATE BUSINESS INSTITUTE - TRI-STATE,AL,35211-0000,Proprietary  ,16,75,91,16,75,91
03032500,ALABAMA STATE CLG BARBER STYLING        ,AL,35215-8308,Proprietary  ,18,47,65,72,116,188
03361400,FORTIS COLLEGE                          ,AL,36535-3547,Proprietary  ,42,150,192,73,289,362
03459300,SOUTHEASTERN SCHOOL OF COSMETOLOGY      ,AL,35228-0000,Private      ,8,94,102,26,149,175
03783300,BLUE CLIFF CAREER COLLEGE               ,AL,63306-4749,Proprietary  ,23,108,131,59,241,300
03894300,HUNTSVILLE BIBLE COLLEGE                ,AL,35811-0000,Private      ,0,32,32,16,82,98
04066300,CARDIAC AND VASCULAR INSTITUTE OF ULTRAS,AL,36604-1411,Proprietary  ,6,37,43,22,119,141
04067300,SELMA UNIVERSITY                        ,AL,36701-0000,Private      ,84,312,396,165,476,641
04121500,COLUMBIA SOUTHERN UNIVERSITY            ,AL,36561-3815,Proprietary  ,84,2070,2154,272,7384,7656
04149200,XCELL ACADEMY-A PAUL MITCHELL PARTNER SC,AL,35216-4990,Proprietary  ,25,62,87,70,181,251
00111100,ALLAN HANCOCK COLLEGE                   ,CA,93454-6399,Public       ,820,1227,2047,3577,4160,7737
00111300,ANTELOPE VALLEY COLLEGE                 ,CA,93536-5426,Public       ,1268,2645,3913,5540,8408,13948
00111600,ART CENTER COLLEGE OF DESIGN            ,CA,91103-1999,Private      ,123,158,281,1488,1407,2895
00111700,AZUSA PACIFIC UNIVERSITY                ,CA,91702-7000,Private      ,446,1706,2152,8132,6306,14438
00111800,BAKERSFIELD COLLEGE                     ,CA,93305-1299,Public       ,962,2103,3065,9261,10457,19718
00111900,BARSTOW COMMUNITY COLLEGE               ,CA,92311-6608,Public       ,404,1463,1867,951,3460,4411
00112000,AMER BAPT SEM OF THE WEST-BERKELEY      ,CA,94704-0000,Private      ,0,10,10,9,63,72
00112100,BETHANY UNIVERSITY /  ASSEMBLIES OF GOD ,CA,95066-2896,Private      ,38,57,95,435,321,756
00112200,BIOLA UNIVERSITY                        ,CA,90639-0001,Private      ,229,306,535,5477,2134,7611
00112300,BROOKS INSTITUTE                        ,CA,93103-1809,Proprietary  ,116,135,251,909,707,1616
00112400,CABRILLO COLLEGE                        ,CA,95003-3194,Public       ,662,1078,1740,4008,4656,8664
00112500,CALIFORNIA BAPTIST UNIVERSITY           ,CA,92504-3297,Private      ,259,741,1000,4503,2921,7424
00112700,CALIFORNIA COLLEGE OF THE ARTS          ,CA,94107-2206,Private      ,104,125,229,1961,1891,3852
00113100,CALIFORNIA INSTITUTE OF TECHNOLOGY      ,CA,91125-0001,Private      ,59,61,120,3238,562,3800
00113200,CALIFORNIA INSTITUTE OF THE ARTS        ,CA,91355-2397,Private      ,62,46,108,1851,1517,3368
00113300,CALIFORNIA LUTHERAN UNIVERSITY          ,CA,91360-2787,Private      ,104,330,434,4072,1700,5772
00113400,CALIFORNIA MARITIME ACADEMY             ,CA,94590-8181,Public       ,42,35,77,725,312,1037
00113700,CALIF STATE UNIV-FULLERTON              ,CA,92831-3599,Public       ,1227,2081,3308,37100,18648,55748
00113800,"CALIFORNIA STATE UNIVERSITY, EAST BAY   ",CA,94542-3000,Public       ,343,1089,1432,11216,10189,21405
00113900,CALIF STATE UNIV-LONG BEACH             ,CA,90840-0006,Public       ,968,1586,2554,44791,20284,65075
00114000,CALIF STATE UNIV-LOS ANGELES            ,CA,90032-4226,Public       ,719,1683,2402,24631,17401,42032
00114100,"CALIF STATE UNIV, DOMINGUEZ HILLS       ",CA,90747-0001,Public       ,451,1686,2137,13124,12875,25999
00114200,CALIF STATE UNIV SAN BERNARDINO         ,CA,92407-2397,Public       ,764,1600,2364,15457,11744,27201
00114300,CAL POLY STATE UNIVERSITY               ,CA,93407-0001,Public       ,696,456,1152,30293,4234,34527
00114400,CALIF STATE POLYTECHNIC UNIV POMONA     ,CA,91768-2500,Public       ,803,908,1711,24988,9490,34478
00114600,CALIF STATE UNIV - CHICO                ,CA,95929-0001,Public       ,667,640,1307,15608,5874,21482
00114700,CALIF STATE UNIV - FRESNO               ,CA,93740-8026,Public       ,694,1211,1905,19097,10409,29506
00114900,HUMBOLDT STATE UNIVERSITY               ,CA,95521-8299,Public       ,310,353,663,9663,3687,13350
00115000,CALIF STATE UNIV-SACRAMENTO             ,CA,95819-6044,Public       ,655,1293,1948,24375,16407,40782
00115100,SAN DIEGO STATE UNIVERSITY              ,CA,92182-1690,Public       ,1440,1937,3377,42065,17070,59135
00115300,CALIF STATE UNIV-NORTHRIDGE             ,CA,91330-8307,Public       ,992,1999,2991,31078,17657,48735
00115400,SAN FRANCISCO STATE UNIVERSITY          ,CA,94132-1740,Public       ,793,1600,2393,30777,18693,49470
00115500,SAN JOSE STATE UNIVERSITY               ,CA,95192-0036,Public       ,751,1481,2232,24500,15042,39542
00115600,SONOMA STATE UNIVERSITY                 ,CA,94928-3609,Public       ,235,390,625,9755,3174,12929
00115700,CALIF STATE UNIV-STANISLAUS             ,CA,95382-0299,Public       ,279,597,876,7790,5351,13141
00116100,CERRITOS COLLEGE                        ,CA,90650-6296,Public       ,2351,2951,5302,13554,10454,24008
00116200,CHABOT COLLEGE                          ,CA,94545-2400,Public       ,852,1456,2308,5105,6182,11287
00116300,CHAFFEY COLLEGE                         ,CA,91737-9400,Public       ,2055,3107,5162,10905,11802,22707
00116400,CHAPMAN UNIVERSITY                      ,CA,92866-1099,Private      ,234,695,929,8431,5173,13604
00116415,CHAPMAN UNIVERSITY - IRVINE CAMPUS      ,CA,92618-3801,Private      ,64,1140,1204,409,3960,4369
00116453,CHAPMAN UNIVERSITY SCHOOL OF LAW        ,CA,92866-0000,Private      ,4,115,119,71,2013,2084
00116500,CHURCH DIV SCH OF THE PACIFIC           ,CA,94709-0000,Private      ,0,5,5,2,55,57
00116600,CITRUS COLLEGE                          ,CA,91741-1899,Public       ,1465,1725,3190,7321,5474,12795
00116900,CLAREMONT GRADUATE UNIVERSITY           ,CA,91711-0000,Private      ,1,286,287,15,1907,1922
00117000,CLAREMONT MCKENNA COLLEGE               ,CA,91711-6400,Private      ,34,20,54,3069,171,3240
00117100,HARVEY MUDD COLLEGE                     ,CA,91711-5990,Private      ,15,5,20,2057,60,2117
00117200,PITZER COLLEGE                          ,CA,91711-6101,Private      ,13,10,23,2766,189,2955
00117300,POMONA COLLEGE                          ,CA,91711-6301,Private      ,35,18,53,4608,166,4774
00117400,SCRIPPS COLLEGE                         ,CA,91711-3948,Private      ,15,4,19,1587,94,1681
00117600,WEST HILLS COMMUNITY COLLEGE            ,CA,93210-1399,Public       ,149,339,488,1142,1224,2366
00117700,COGSWELL POLYTECHNICAL COLLEGE          ,CA,94089-1210,Private      ,22,26,48,140,101,241
00117800,COLLEGE OF MARIN                        ,CA,94904-2590,Public       ,230,677,907,900,2110,3010
00117801,COLG OF MARIN-INDIAN VALLEY CMPS        ,CA,94949-0000,Public       ,8,57,65,49,158,207
00117900,NOTRE DAME DE NAMUR UNIVERSITY          ,CA,94002-1997,Private      ,91,212,303,1035,1037,2072
00118100,COLLEGE OF SAN MATEO                    ,CA,94402-3784,Public       ,415,630,1045,2296,2317,4613
00118200,COLLEGE OF THE DESERT                   ,CA,92260-9305,Public       ,624,1006,1630,4225,4225,8450
00118300,HOLY NAMES UNIVERSITY                   ,CA,94619-1699,Private      ,55,215,270,779,832,1611
00118500,COLLEGE OF THE REDWOODS                 ,CA,95501-9300,Public       ,441,1057,1498,2592,4121,6713
00118600,COLLEGE OF THE SEQUOIAS                 ,CA,93277-2234,Public       ,900,1766,2666,6030,6857,12887
00118700,COLLEGE OF THE SISKIYOUS                ,CA,96094-2899,Public       ,158,305,463,948,1250,2198
00118701,COLLEGE OF THE SISKIYOUS - YREKA CENTER ,CA,96097-9538,Public       ,10,48,58,64,181,245
00119000,CONTRA COSTA COLLEGE                    ,CA,94806-3195,Public       ,521,1025,1546,1995,3505,5500
00119100,DIABLO VALLEY COLLEGE                   ,CA,94523-1544,Public       ,761,1108,1869,4278,4262,8540
00119200,CUESTA COLLEGE                          ,CA,93403-8106,Public       ,557,980,1537,3742,3275,7017
00119300,CYPRESS COLLEGE                         ,CA,90630-5897,Public       ,1302,1901,3203,7510,6961,14471
00119600,DOMINICAN UNIVERSITY OF CALIFORNIA      ,CA,94901-2298,Private      ,50,190,240,2483,1350,3833
00119700,EL CAMINO COLLEGE                       ,CA,90506-0002,Public       ,1841,2572,4413,10311,9492,19803
00119701,COMPTON COMMUNITY COLLEGE               ,CA,90221-5393,Public       ,717,1577,2294,2172,3902,6074
00119900,FOOTHILL COLLEGE                        ,CA,94022-4597,Public       ,444,911,1355,2432,3316,5748
00120000,FULLER THEOLOGICAL SEMINARY             ,CA,91182-0000,Private      ,0,254,254,16,2246,2262
00120100,FULLERTON COLLEGE                       ,CA,92832-2095,Public       ,1843,1934,3777,10387,6801,17188
00120200,GAVILAN COLLEGE                         ,CA,95020-9599,Public       ,329,518,847,1548,1874,3422
00120300,GLENDALE COMMUNITY COLLEGE              ,CA,91208-2894,Public       ,1349,1879,3228,7384,7450,14834
00120400,GOLDEN GATE BAPT THEOL SEMINARY         ,CA,94941-0000,Private      ,0,12,12,3,68,71
00120500,GOLDEN GATE UNIVERSITY                  ,CA,94105-2967,Private      ,22,576,598,144,3866,4010
00120600,GOLDEN WEST COLLEGE                     ,CA,92647-2748,Public       ,1011,1581,2592,6354,5883,12237
00120700,GRADUATE THEOLOGICAL UNION              ,CA,94709-0000,Private      ,1,20,21,5,315,320
00120800,GROSSMONT COLLEGE                       ,CA,92020-1798,Public       ,1606,2503,4109,6861,8362,15223
00120900,HARTNELL COMMUNITY COLLEGE              ,CA,93901-1697,Public       ,592,667,1259,3032,2572,5604
00121200,HUMPHREYS COLLEGE                       ,CA,95207-3896,Private      ,52,258,310,298,1238,1536
00121400,IMPERIAL VALLEY COLLEGE                 ,CA,92251-9787,Public       ,1285,1373,2658,4461,3384,7845
00121500,LA SIERRA UNIVERSITY                    ,CA,92515-3332,Private      ,247,239,486,2197,911,3108
00121600,UNIVERSITY OF LA VERNE                  ,CA,91750-4443,Private      ,180,1338,1518,3673,6544,10217
00121700,LASSEN COLLEGE                          ,CA,96130-3000,Public       ,154,259,413,419,653,1072
00121800,LOMA LINDA UNIVERSITY                   ,CA,92350-0001,Private      ,83,479,562,884,5224,6108
00121900,LONG BEACH CITY COLLEGE                 ,CA,90808-1780,Public       ,2049,3189,5238,12940,13748,26688
00122000,MASTER'S COLLEGE & SEMINARY (THE)       ,CA,91321-1200,Private      ,58,68,126,1217,377,1594
00122300,LOS ANGELES CITY COLLEGE                ,CA,90029-3588,Public       ,1173,2624,3797,6030,9607,15637
00122400,LOS ANGELES HARBOR COLLEGE              ,CA,90744-2397,Public       ,792,1139,1931,3249,4059,7308
00122600,LOS ANGELES PIERCE COLLEGE              ,CA,91371-0001,Public       ,1430,1828,3258,8533,7153,15686
00122700,LOS ANGELES TRADE TECH COLLEGE          ,CA,90015-4181,Public       ,1022,2695,3717,4191,7992,12183
00122800,LOS ANGELES VALLEY COLLEGE              ,CA,91401-4096,Public       ,1265,2068,3333,6443,7548,13991
00122900,SO CA UNIV  HEALTH SCIENCES             ,CA,90604-4051,Private      ,13,145,158,39,619,658
00123000,SOUTHERN CA COLLEGE OF OPTOMETRY        ,CA,92831-1699,Private      ,1,4,5,7,490,497
00123200,AMERICAN RIVER COLLEGE                  ,CA,95841-4286,Public       ,1266,3564,4830,10622,18557,29179
00123300,SACRAMENTO CITY COLLEGE                 ,CA,95822-1386,Public       ,1031,2697,3728,10958,14759,25717
00123600,MENLO COLLEGE                           ,CA,94027-4301,Private      ,47,28,75,1260,145,1405
00123700,MERCED COMMUNITY COLLEGE                ,CA,95348-2898,Public       ,783,1133,1916,5566,5290,10856
00123800,MILLS COLLEGE                           ,CA,94613-1301,Private      ,43,118,161,1805,1785,3590
00123900,MIRACOSTA COLLEGE                       ,CA,92056-3899,Public       ,627,1200,1827,3092,4361,7453
00124000,MODESTO JUNIOR COLLEGE                  ,CA,95350-5800,Public       ,1183,2043,3226,8668,9913,18581
00124200,MONTEREY PENINSULA COLLEGE              ,CA,93940-4799,Public       ,421,553,974,2287,2195,4482
00124300,MOUNT ST MARYS COLLEGE                  ,CA,90049-1599,Private      ,66,280,346,2641,1992,4633
00124500,MT. SAN ANTONIO COLLEGE                 ,CA,91789-1399,Public       ,2692,3067,5759,14507,11051,25558
00124600,MT SAN JACINTO COLLEGE                  ,CA,92583-2399,Public       ,1483,2592,4075,6759,10078,16837
00124700,NAPA VALLEY COLLEGE                     ,CA,94558-6236,Public       ,395,647,1042,2021,2301,4322
00124900,OCCIDENTAL COLLEGE                      ,CA,90041-3314,Private      ,40,25,65,4973,293,5266
00125000,ORANGE COAST COLLEGE - FIN AID OFF      ,CA,92628-5005,Public       ,1408,1824,3232,10800,7615,18415
00125100,OTIS COLLEGE OF ART AND DESIGN          ,CA,90045-3505,Private      ,90,70,160,1567,674,2241
00125200,HOPE INTERNATIONAL UNIVERSITY           ,CA,92631-0000,Private      ,74,179,253,628,783,1411
00125300,FRESNO PACIFIC UNIVERSITY               ,CA,93702-4798,Private      ,164,726,890,2061,3205,5266
00125400,PACIFIC LUTHERAN THEOLOGICAL SEM        ,CA,94708-0000,Private      ,0,6,6,2,78,80
00125500,PACIFIC OAKS COLLEGE                    ,CA,91103-3592,Private      ,4,144,148,26,519,545
00125600,PACIFIC SCHOOL OF RELIGION              ,CA,94709-0000,Private      ,1,13,14,1,172,173
00125800,PACIFIC UNION COLLEGE                   ,CA,94508-9797,Private      ,238,123,361,1655,459,2114
00125900,PALO VERDE COLLEGE                      ,CA,92225-0000,Public       ,89,194,283,238,475,713
00126000,PALOMAR COLLEGE                         ,CA,92069-1486,Public       ,1463,1928,3391,7136,6495,13631
00126100,PASADENA CITY COLLEGE                   ,CA,91106-2003,Public       ,2347,2651,4998,15065,9630,24695
00126200,POINT LOMA NAZARENE UNIVERSITY          ,CA,92106-2899,Private      ,134,541,675,4140,1405,5545
00126600,LANEY COLLEGE                           ,CA,94607-4893,Public       ,746,1933,2679,3510,6557,10067
00126700,MERRITT COLLEGE                         ,CA,94619-3196,Public       ,388,1130,1518,1724,3751,5475
00126800,PORTERVILLE COLLEGE                     ,CA,93257-6059,Public       ,242,515,757,1796,2254,4050
00126900,RIO HONDO COLLEGE                       ,CA,90601-1699,Public       ,1521,1821,3342,8767,6647,15414
00127000,RIVERSIDE COMMUNITY COLLEGE             ,CA,92506-1299,Public       ,4410,6153,10563,20326,21782,42108
00127200,SAN BERNARDINO VALLEY COLLEGE           ,CA,92410-2798,Public       ,1214,3023,4237,6682,10592,17274
00127300,SAN DIEGO CITY COLLEGE                  ,CA,92101-4787,Public       ,1632,3829,5461,7594,11658,19252
00127500,SAN DIEGO MESA COLLEGE                  ,CA,92111-4996,Public       ,1617,2822,4439,7734,8721,16455
00127800,SAN FRANCISCO CONSERVATORY OF MUSIC     ,CA,94122-4498,Private      ,20,27,47,318,381,699
00127900,SAN FRANCISCO THEOLOGICAL SEMINARY      ,CA,94960-0000,Private      ,0,11,11,0,113,113
00128000,SAN JOAQUIN DELTA COLLEGE               ,CA,95207-6370,Public       ,891,1952,2843,8230,9757,17987
00128100,WILLIAM JESSUP UNIVERSITY               ,CA,95765-3707,Private      ,28,70,98,728,461,1189
00128200,SAN JOSE CITY COLLEGE                   ,CA,95128-2797,Public       ,646,1408,2054,3574,5191,8765
00128400,SANTA ANA COLLEGE                       ,CA,92706-3398,Public       ,1079,1731,2810,5915,5818,11733
00128500,SANTA BARBARA CITY COLLEGE              ,CA,93109-2394,Public       ,854,1102,1956,6046,4431,10477
00128600,SANTA MONICA COLLEGE                    ,CA,90405-1644,Public       ,1883,1938,3821,14202,8364,22566
00128700,SANTA ROSA JUNIOR COLLEGE               ,CA,95401-4395,Public       ,981,1656,2637,5072,6277,11349
00128800,CLAREMONT SCHOOL OF THEOLOGY            ,CA,91711-0000,Private      ,0,15,15,3,213,216
00128900,SHASTA COLLEGE                          ,CA,96049-7692,Public       ,461,1218,1679,3627,5087,8714
00129000,SIERRA COLLEGE                          ,CA,95677-3397,Public       ,858,1608,2466,6426,7676,14102
00129100,SIMPSON UNIVERSITY                      ,CA,96003-8606,Private      ,49,170,219,1128,855,1983
00129200,SOLANO COMMUNITY COLLEGE                ,CA,94534-3197,Public       ,566,1248,1814,3134,5036,8170
00129300,VANGUARD UNIVERSITY OF SOUTHERN CA      ,CA,92626-6597,Private      ,119,219,338,1845,927,2772
00129400,SOUTHWESTERN COLLEGE                    ,CA,91910-7299,Public       ,1284,1774,3058,7447,6024,13471
00129500,SOUTHWESTERN LAW SCHOOL                 ,CA,90010-1106,Private      ,6,101,107,33,2912,2945
00129600,DOMINICAN SCH PHILOSOPHY & THEOLOGY     ,CA,94709-0000,Private      ,0,11,11,12,53,65
00129900,ST JOHN'S SEMINARY COLLEGE              ,CA,93010-0000,Private      ,0,0,0,4,2,6
00130200,SAINT MARY'S COLLEGE OF CALIFORNIA      ,CA,94556-2744,Private      ,118,247,365,4215,1480,5695
00130500,STANFORD UNIVERSITY                     ,CA,94305-6106,Private      ,380,379,759,20934,3446,24380
00130501,STANFORD UNIVERSITY - GRADUATE SCHOOL OF,CA,94305-5301,Private      ,6,105,111,75,1484,1559
00130502,STANFORD UNIVERSITY - GRADUATE SCHOOL OF,CA,94305-5015,Private      ,3,179,182,60,1483,1543
00130503,STANFORD UNIVERSITY - STANFORD LAW SCHOO,CA,94305-3096,Private      ,3,62,65,61,2258,2319
00130700,FRESNO CITY COLLEGE                     ,CA,93741-0002,Public       ,1305,2963,4268,14585,15152,29737
00130800,REEDLEY COLLEGE                         ,CA,93654-2099,Public       ,628,988,1616,5691,4804,10495
00130900,TAFT COLLEGE                            ,CA,93268-2317,Public       ,201,395,596,1289,1342,2631
00131200,UNIVERSITY OF CALIFORNIA-BERKELEY       ,CA,94720-1520,Public       ,685,1190,1875,48340,19017,67357
00131300,UNIVERSITY OF CALIFORNIA-DAVIS          ,CA,95616-8558,Public       ,721,841,1562,46366,14688,61054
00131400,UNIVERSITY OF CALIFORNIA-IRVINE         ,CA,92697-2825,Public       ,531,815,1346,49231,11681,60912
00131500,UNIVERSITY OF CALIFORNIA (UCLA)         ,CA,90095-9000,Public       ,1032,2292,3324,60136,27403,87539
00131502,UNIV OF CALIFORNIA LOS ANG SCH MED      ,CA,90095-0000,Public       ,7,20,27,136,948,1084
00131503,UNIV OF CALIFORNIA LOS ANG DENTAL       ,CA,90095-0000,Public       ,1,11,12,38,144,182
00131600,UNIVERSITY OF CALIFORNIA-RIVERSIDE      ,CA,92521-0209,Public       ,542,835,1377,31298,7366,38664
00131700,UNIVERSITY OF CALIFORNIA-SAN DIEGO      ,CA,92093-0013,Public       ,468,591,1059,45118,9761,54879
00131900,UNIVERSITY OF CALIFORNIA-SFRANCISCO     ,CA,94143-0246,Public       ,52,221,273,979,3957,4936
00132000,UNIVERSITY OF CALIFORNIA-SANTA BARB     ,CA,93106-3180,Public       ,537,350,887,44739,7062,51801
00132100,UNIVERSITY OF CALIFORNIA-SANTA CRUZ     ,CA,95064-0001,Public       ,355,270,625,28832,4334,33166
00132200,UNIVERSITY OF REDLANDS                  ,CA,92373-0999,Private      ,78,578,656,4203,2376,6579
00132500,UNIVERSITY OF SAN FRANCISCO             ,CA,94117-1080,Private      ,215,845,1060,8880,8071,16951
00132600,SANTA CLARA UNIVERSITY                  ,CA,95053-4956,Private      ,207,430,637,9533,4939,14472
00132604,JESUIT SCHOOL OF THEOLOGY - BERKELEY    ,CA,94709-1193,Private      ,0,2,2,0,44,44
00132800,UNIVERSITY OF SOUTHERN CALIFORNIA       ,CA,90089-0914,Private      ,644,2061,2705,30992,24721,55713
00132900,UNIVERSITY OF THE PACIFIC               ,CA,95211-0197,Private      ,188,223,411,11266,3199,14465
00132901,UNIVERSITY OF THE PACIFIC - MCGEORGE SCH,CA,95817-2799,Private      ,5,95,100,112,2290,2402
00132902,UNIV OF THE PACIFIC SCH OF DENT         ,CA,94115-0000,Private      ,1,54,55,38,559,597
00133400,VENTURA COLLEGE                         ,CA,93003-3899,Public       ,827,1087,1914,4628,4126,8754
00133500,VICTOR VALLEY COLLEGE                   ,CA,92395-5849,Public       ,1719,3461,5180,5536,9668,15204
00133800,WEST VALLEY COLLEGE                     ,CA,95070-5697,Public       ,450,756,1206,2275,2546,4821
00134100,WESTMONT COLLEGE                        ,CA,93108-1099,Private      ,55,12,67,2245,95,2340
00134200,WHITTIER COLLEGE                        ,CA,90601-4413,Private      ,117,81,198,2935,427,3362
00134201,WHITTIER COLLEGE - COLLEGE OF LAW       ,CA,92626-1501,Private      ,1,70,71,20,1484,1504
00134300,WOODBURY UNIVERSITY                     ,CA,91510-7846,Private      ,72,129,201,1034,899,1933
00134400,YUBA COLLEGE                            ,CA,95901-7699,Public       ,507,1066,1573,2852,4213,7065
00134401,YUBA COLLEGE - WOODLAND COLLEGE - YOLO C,CA,95776-9327,Public       ,0,0,0,715,780,1495
00177212,TRINITY INTERNATIONAL UNIV-CA           ,CA,92705-0000,Private      ,3,81,84,5,225,230
00274100,AMERICAN JEWISH UNIVERSITY              ,CA,90077-1599,Private      ,13,24,37,101,157,258
00301002,ANTIOCH UNIV/LOS ANGELES                ,CA,90230-7615,Private      ,10,169,179,70,1013,1083
00301003,ANTIOCH  UNIV/SANTA BARBARA             ,CA,93101-0000,Private      ,29,92,121,464,537,1001
00369110,MIDDLEBURY COLLEGE - MONTEREY INSTITUTE ,CA,93940-2691,Private      ,0,65,65,24,870,894
00394700,UC-HASTINGS COLLEGE OF THE LAW          ,CA,94102-0000,Public       ,1,30,31,19,3958,3977
00394800,SAN FRANCISCO ART INSTITUTE             ,CA,94133-2299,Private      ,96,128,224,1460,953,2413
00405500,HEBREW UNION COLLEGE - JEWISH INSTITUTE ,CA,90007-3796,Private      ,1,3,4,1,86,87
00408000,STARR KING SCHOOL FOR THE MINISTRY      ,CA,94709-1299,Private      ,0,5,5,0,73,73
00448000,DE ANZA COLLEGE                         ,CA,95014-5793,Public       ,1195,1538,2733,6635,5266,11901
00448100,OHLONE COLLEGE                          ,CA,94539-5847,Public       ,366,558,924,2567,2299,4866
00448101,OHLONE COLLEGE - NEWARK CENTER FOR HEALT,CA,94560-4902,Public       ,23,35,58,181,184,365
00448400,JOHN F. KENNEDY UNIVERSITY              ,CA,94523-4817,Private      ,12,327,339,38,1559,1597
00449000,PATTEN UNIVERSITY                       ,CA,94601-2699,Private      ,60,153,213,246,435,681
00449400,EVEREST COLLEGE                         ,CA,92408-3752,Proprietary  ,129,338,467,443,1008,1451
00450200,CITY COLLEGE OF SAN FRANCISCO           ,CA,94112-0000,Public       ,1619,3762,5381,8425,12117,20542
00450302,EVEREST COLLEGE - SANTA ANA             ,CA,92701-4559,Proprietary  ,46,96,142,48,112,160
00563800,DOWNEY ADULT SCHOOL                     ,CA,90241-5610,Public       ,28,155,183,79,312,391
00565500,HACIENDA LA PUENTE ADULT EDUC CTR       ,CA,91746-0000,Public       ,39,194,233,128,444,572
00616500,LA CNTY CLG OF NURSING & ALLD HLTH      ,CA,90033-1018,Public       ,13,93,106,89,426,515
00672000,COLLEGE OF ALAMEDA                      ,CA,94501-2109,Public       ,416,844,1260,1901,2692,4593
00673100,CASA LOMA COLLEGE                       ,CA,91405-4523,Private      ,87,229,316,193,551,744
00686300,VENTURA COUNTY CMTY CLG DISTRICT        ,CA,93010-8552,Public       ,3,9,12,34,34,68
00697300,CANADA COLLEGE                          ,CA,94061-1099,Public       ,223,475,698,918,1476,2394
00697500,LINCOLN UNIVERSITY                      ,CA,94612-2801,Private      ,6,38,44,25,109,134
00701200,SAMUEL MERRITT COLLEGE                  ,CA,94609-3108,Private      ,36,252,288,366,2255,2621
00704700,LOS ANGELES SOUTHWEST COLLEGE           ,CA,90047-4810,Public       ,652,1750,2402,2554,5617,8171
00705000,BAY VISTA COLLEGE OF BEAUTY             ,CA,91950-3616,Proprietary  ,37,75,112,68,139,207
00711500,MOORPARK COLLEGE                        ,CA,93021-1695,Public       ,553,583,1136,3622,2760,6382
00713000,NEWBERRY SCHOOLS OF BEAUTY              ,CA,91344-7404,Proprietary  ,21,29,50,40,62,102
00714200,LYLE'S COLLEGE OF BEAUTY                ,CA,93710-3948,Proprietary  ,26,79,105,100,169,269
00714201,LYLE'S CLG OF BTY BAKERSFIELD           ,CA,93301-0000,Proprietary  ,4,17,21,61,77,138
00716400,BRYAN COLLEGE                           ,CA,90057-0000,Proprietary  ,41,338,379,168,1179,1347
00717801,WESTERN SEMINARY - BAY AREA CENTER      ,CA,95032-0000,Private      ,0,3,3,2,20,22
00717804,WESTERN SEMINARY - SACRAMENTO           ,CA,95821-3939,Private      ,1,8,9,15,51,66
00718700,NORTH ADRIAN'S COLLEGE OF BEAUTY        ,CA,95350-2381,Proprietary  ,77,138,215,145,205,350
00719000,WYOTECH                                 ,CA,94539-7663,Proprietary  ,245,504,749,791,1484,2275
00720300,SALON SUCCESS ACADEMY                   ,CA,91786-4060,Proprietary  ,39,51,90,88,98,186
00720400,MODERN BEAUTY ACADEMY                   ,CA,93030-7016,Proprietary  ,27,16,43,41,40,81
00722900,WESTERN BEAUTY INSTITUTE                ,CA,91402-3104,Proprietary  ,122,217,339,221,429,650
00723400,HEALD COLLEGE                           ,CA,94105-2206,Proprietary  ,178,417,595,677,1793,2470
00723600,ART INST OF CALIFORNIA-LOS ANGELES      ,CA,90405-3035,Proprietary  ,739,832,1571,6091,4865,10956
00725300,FEDERICO BEAUTY INSTITUTE               ,CA,95834-1905,Proprietary  ,51,96,147,215,279,494
00729600,COLEMAN COLLEGE                         ,CA,92123-0000,Private      ,56,206,262,216,724,940
00746501,AMERICAN ACADEMY OF DRAMATIC ARTS - HOLL,CA,90028-7504,Private      ,42,40,82,312,142,454
00747600,MARINELLO SCHOOLS OF BEAUTY             ,CA,90023-2666,Proprietary  ,284,424,708,828,1522,2350
00747602,MARINELLO SCHOOLS OF BEAUTY - SPA ACADEM,CA,90048-5101,Proprietary  ,9,19,28,59,61,120
00747603,MARINELLO SCHOOLS OF BEAUTY - INGLEWOOD ,CA,90301-2306,Proprietary  ,1,5,6,12,13,25
00747604,MARINELLO SCHOOLS OF BEAUTY - RESEDA    ,CA,91335-4218,Proprietary  ,2,5,7,17,17,34
00747605,MARINELLO SCHOOLS OF BEAUTY - NORTH HOLL,CA,91606-3210,Proprietary  ,6,15,21,32,35,67
00747606,MARINELLO SCHOOLS OF BEAUTY - WEST COVIN,CA,91790-2805,Proprietary  ,4,7,11,23,30,53
00747607,MARINELLO SCHOOLS OF BEAUTY - SAN BERNAR,CA,92410-3261,Proprietary  ,11,16,27,92,65,157
00747608,MARINELLO SCHOOLS OF BEAUTY - ONTARIO   ,CA,91762-2113,Proprietary  ,9,13,22,89,78,167
00747609,MARINELLO SCHOOLS OF BEAUTY - WHITTIER  ,CA,90601-4107,Proprietary  ,5,8,13,44,21,65
00747611,MARINELLO SCHOOLS OF BEAUTY - SAN DIEGO ,CA,92126-4217,Proprietary  ,13,39,52,105,120,225
00747700,"HEALD COLLEGE,SCHOOLS OF BUS & TECH     ",CA,95670-6005,Proprietary  ,144,439,583,488,1608,2096
00753100,ACADEMY OF ART UNIVERSITY               ,CA,94105-3410,Proprietary  ,1333,3197,4530,7454,11929,19383
00753600,COSUMNES RIVER COLLEGE                  ,CA,95823-5799,Public       ,644,1384,2028,6394,7490,13884
00754802,WESTWOOD COLLEGE OF TECHNOLOGY          ,CA,92801-0000,Proprietary  ,128,150,278,1219,782,2001
00754803,WESTWOOD COLLEGE OF TECHNOLOGY          ,CA,91786-0000,Proprietary  ,144,136,280,1142,917,2059
00760600,EVEREST COLLEGE                         ,CA,90010-2221,Proprietary  ,80,176,256,353,565,918
00760700,CONCORDE CAREER INSTITUTE               ,CA,91606-3134,Proprietary  ,89,192,281,285,679,964
00770700,COLUMBIA COLLEGE                        ,CA,95370-8580,Public       ,197,421,618,946,1217,2163
00771300,SKYLINE COLLEGE                         ,CA,94066-1698,Public       ,499,741,1240,2637,2622,5259
00793000,CONCORDE CAREER INSTITUTE               ,CA,92108-0000,Proprietary  ,73,233,306,260,839,1099
00799300,CALIF STATE UNIV BAKERSFIELD            ,CA,93311-1022,Public       ,374,953,1327,7149,5989,13138
00807100,CONCORDE CAREER INSTITUTE               ,CA,92840-9201,Proprietary  ,116,198,314,356,732,1088
00807300,BUTTE COMMUNITY COLLEGE                 ,CA,95965-0000,Public       ,717,1431,2148,6079,7376,13455
00809000,EVEREST COLLEGE                         ,CA,91803-1310,Proprietary  ,119,190,309,332,540,872
00809300,HEALD COLLEGE                           ,CA,93704-1706,Proprietary  ,284,631,915,1102,2308,3410
00853200,HEALD COLLEGE                           ,CA,94545-2352,Proprietary  ,202,467,669,968,2174,3142
00853202,HEALD COLLEGE - MODESTO                 ,CA,95368-9095,Proprietary  ,67,152,219,128,313,441
00853700,CONCORDE CAREER INSTITUTE               ,CA,92401-0000,Proprietary  ,113,296,409,434,1147,1581
00859600,WEST LOS ANGELES COLLEGE                ,CA,90230-3500,Public       ,769,1534,2303,2913,5334,8247
00859700,FEATHER RIVER COLLEGE                   ,CA,95971-9124,Public       ,131,156,287,713,541,1254
00884400,CALIFORNIA CHRISTIAN COLLEGE            ,CA,93703-3599,Private      ,10,27,37,72,85,157
00884600,WRIGHT INSTITUTE                        ,CA,94704-0000,Private      ,0,44,44,1,487,488
00890300,COLLEGE OF THE CANYONS                  ,CA,91355-1899,Public       ,1183,1282,2465,4816,3683,8499
00891800,SADDLEBACK COLLEGE                      ,CA,92692-3699,Public       ,927,1474,2401,3682,4483,8165
00902200,ASSOCIATED TECHNICAL COLLEGE            ,CA,90017-0000,Proprietary  ,68,272,340,210,656,866
00903200,EMPIRE COLLEGE                          ,CA,95403-2122,Proprietary  ,49,162,211,142,431,573
00915706,WYOMING TECHNICAL INSTITUTE - WEST SACRA,CA,95605-1507,Proprietary  ,336,456,792,964,1332,2296
00927200,CRAFTON HILLS COLLEGE                   ,CA,92399-1799,Public       ,521,872,1393,2821,3012,5833
00932500,ABRAM FRIEDMAN OCCUP CTR                ,CA,90015-3507,Public       ,22,89,111,96,226,322
00950900,SKILLS & BUSINESS EDUCATION CENTER      ,CA,95824-1529,Public       ,58,308,366,249,993,1242
00974800,WESTERN CAREER COLLEGE                  ,CA,95826-3203,Proprietary  ,225,585,810,862,2358,3220
00974801,WESTERN CAREER COLLEGE - SAN LEANDRO CAM,CA,94578-3711,Proprietary  ,107,230,337,385,908,1293
00974802,WESTERN CAREER COLLEGE - PLEASANT HILL C,CA,94523-1984,Proprietary  ,76,129,205,226,482,708
00974803,WESTERN CAREER COLLEGE - STOCKTON       ,CA,95207-5509,Proprietary  ,99,188,287,392,616,1008
00974804,WESTERN CAREER COLLEGE - CITRUS HEIGHTS ,CA,95621-5577,Proprietary  ,117,293,410,315,791,1106
00974806,WESTERN CAREER COLLEGE -  ANTIOCH/WALNUT,CA,94531-1604,Proprietary  ,75,167,242,202,547,749
00974807,WESTERN CAREER COLLEGE - SAN JOSE       ,CA,95119-1325,Proprietary  ,124,270,394,520,1114,1634
00974808,WESTERN CAREER COLLEGE - EMERYVILLE     ,CA,94608-3006,Proprietary  ,49,117,166,105,323,428
00974809,WESTERN CAREER COLLEGE -  EMERYVILLE SHE,CA,94608-3006,Proprietary  ,3,3,6,3,3,6
00974810,CARRINGTON COLLEGE CALIFORNIA - CONCORD ,CA,94520-5671,Proprietary  ,0,0,0,21,37,58
00998900,SANTA BARBARA BUSINESS COLLEGE          ,CA,93111-0000,Proprietary  ,61,137,198,237,544,781
01011100,CERRO-COSO COMMUNITY COLLEGE            ,CA,93555-9571,Public       ,187,588,775,656,1724,2380
01014225,TOURO CLG OSEOPATHIC MEDICINE           ,CA,94592-1115,Private      ,0,0,0,11,593,604
01014900,PEPPERDINE UNIVERSITY                   ,CA,90263-0000,Private      ,252,844,1096,7434,6944,14378
01034000,LOS MEDANOS COLLEGE                     ,CA,94565-5197,Public       ,674,1050,1724,2728,3749,6477
01036500,CHARLES R DREW UNIV OF MED & SCI        ,CA,90059-0000,Private      ,12,93,105,114,521,635
01036800,MENNONITE BRETHREN BIBLICAL SEM         ,CA,93727-0000,Private      ,0,7,7,1,37,38
01039500,UNIVERSITY OF SAN DIEGO                 ,CA,92110-2492,Private      ,345,491,836,13751,4874,18625
01039501,UNIVERSITY OF SAN DIEGO - SCHOOL OF LAW ,CA,92110-2492,Private      ,19,195,214,580,3822,4402
01044100,PARDEE RAND GRADUATE SCHOOL             ,CA,90407-2138,Private      ,2,16,18,5,34,39
01047400,MARYMOUNT COLLEGE OF PALOS VERDES       ,CA,90275-0000,Private      ,43,13,56,1172,86,1258
01072706,DEVRY INST. TECH.                       ,CA,91768-0000,Proprietary  ,0,0,0,301,377,678
01083200,WESTERN STATE UNIV COLLEGE OF LAW       ,CA,92831-3014,Proprietary  ,0,54,54,11,1129,1140
01085400,THOMAS JEFFERSON SCHOOL OF LAW          ,CA,92110-0000,Private      ,0,214,214,25,2203,2228
01102400,EVEREST COLLEGE                         ,CA,94103-2091,Proprietary  ,52,151,203,190,471,661
01110700,EVEREST  COLLEGE                        ,CA,92801-5231,Proprietary  ,143,263,406,484,898,1382
01110900,EVEREST COLLEGE                         ,CA,91335-4631,Proprietary  ,140,263,403,362,637,999
01111200,FIDM-FASHION INSTITUTE OF DESIGN        ,CA,90015-1421,Proprietary  ,736,461,1197,6302,2285,8587
01111700,ALLIANT INTERNATIONAL UNIVERSITY        ,CA,92131-1799,Private      ,32,476,508,135,2729,2864
01111705,ALLIANT INTERNATIONAL UNIVERSITY - LOS A,CA,91803-1360,Private      ,1,54,55,9,588,597
01111706,ALLIANT INTERNATIONAL UNIVERSITY - SAN F,CA,94133-1221,Private      ,7,129,136,36,782,818
01111707,ALLIANT INTERNATIONAL UNIVERSITY - FRESN,CA,93727-2014,Private      ,3,71,74,53,508,561
01112100,EVEREST COLLEGE                         ,CA,94541-4007,Proprietary  ,34,170,204,159,548,707
01112300,EVEREST COLLEGE                         ,CA,90247-4163,Proprietary  ,115,274,389,349,884,1233
01146000,NATIONAL UNIVERSITY                     ,CA,92037-1011,Private      ,147,4028,4175,550,12808,13358
01162600,PRACTICAL SCHOOLS                       ,CA,92805-0000,Proprietary  ,41,101,142,442,831,1273
01164900,LOYOLA MARYMOUNT UNIVERSITY             ,CA,90045-0000,Private      ,319,388,707,10573,3421,13994
01164901,LMU  - LOYOLA LAW SCHOOL                ,CA,90015-0019,Private      ,7,109,116,468,3876,4344
01167200,MENDOCINO COLLEGE                       ,CA,95482-3000,Public       ,186,439,625,1046,1619,2665
01169600,NATIONAL POLYTECHNIC COLLEGE OF SCIENCE ,CA,90744-6399,Private      ,0,0,0,30,143,173
01170700,NORTH-WEST COLLEGE                      ,CA,91790-2097,Proprietary  ,77,140,217,188,367,555
01179200,FRANCISCAN SCHOOL OF THEOLOGY           ,CA,94709-0000,Private      ,0,6,6,4,35,39
01182000,SAN DIEGO MIRAMAR COLLEGE               ,CA,92126-0000,Public       ,734,1422,2156,3154,4381,7535
01186500,CALIFORNIA HAIR DESIGN ACADEMY          ,CA,92115-0000,Proprietary  ,52,89,141,130,171,301
01186600,LU ROSS ACADEMY                         ,CA,93001-2927,Proprietary  ,31,52,83,69,121,190
01202600,JE BOUTIQUE COLLEGE OF BEAUTY           ,CA,92021-6247,Proprietary  ,21,26,47,50,97,147
01202700,GALEN COLLEGE OF CALIFORNIA             ,CA,93728-2381,Proprietary  ,14,57,71,71,111,182
01203100,SAN DIEGO CHRISTIAN COLLEGE             ,CA,92019-1157,Private      ,40,60,100,603,250,853
01206100,EVEREST COLLEGE                         ,CA,95128-3908,Proprietary  ,60,160,220,240,548,788
01215400,CALIFORNIA INSTITUTE OF INTEGRAL STUDIES,CA,94103-2557,Private      ,4,170,174,34,1583,1617
01231600,MANCHESTER BEAUTY COLLEGE               ,CA,93726-5306,Proprietary  ,28,81,109,136,257,393
01231700,TULARE BEAUTY COLLEGE                   ,CA,93274-3432,Proprietary  ,5,18,23,29,71,100
01244600,UNIVERSAL COLLEGE OF BEAUTY             ,CA,90044-0044,Proprietary  ,13,49,62,64,89,153
01245200,EVERGREEN VALLEY COLLEGE                ,CA,95135-1598,Public       ,704,973,1677,4123,3982,8105
01255000,LOS ANGELES MISSION COLLEGE             ,CA,91342-3200,Public       ,686,989,1675,3542,3832,7374
01265000,MARINELLO SCHOOL OF BEAUTY              ,CA,91502-2828,Proprietary  ,42,98,140,137,316,453
01265100,MARINELLO SCHOOL OF BEAUTY              ,CA,91748-1674,Proprietary  ,11,34,45,43,93,136
01284200,OXNARD COLLEGE                          ,CA,93030-0000,Public       ,565,836,1401,2636,3086,5722
01287200,NORTH-WEST COLLEGE                      ,CA,91768-3199,Proprietary  ,52,98,150,172,374,546
01287300,WYOTECH                                 ,CA,90810-3800,Proprietary  ,260,487,747,832,1445,2277
01287301,WYOTECH - EVEREST  COLLEGE              ,CA,90034-3158,Proprietary  ,46,172,218,178,585,763
01287302,WYOTECH - EVEREST  COLLEGE              ,CA,91746-3412,Proprietary  ,145,246,391,485,839,1324
01290700,LAKE TAHOE COMMUNITY COLLEGE            ,CA,96150-4524,Public       ,200,338,538,595,789,1384
01291100,MARINELLO SCHOOL OF BEAUTY              ,CA,92646-2552,Proprietary  ,25,40,65,68,112,180
01291200,MTI COLLEGE                             ,CA,95841-0000,Proprietary  ,110,307,417,458,1380,1838
01294200,ROSEMEAD BEAUTY SCHOOL                  ,CA,91770-1639,Proprietary  ,12,76,88,36,230,266
01298400,PROFESSIONAL INSTITUTE OF BEAUTY        ,CA,91731-2613,Proprietary  ,23,69,92,33,93,126
01298500,HAIR CALIFORNIA BEAUTY ACADEMY          ,CA,92867-7127,Proprietary  ,8,25,33,38,60,98
01298900,OCEANSIDE COLLEGE OF BEAUTY             ,CA,92054-5393,Proprietary  ,16,36,52,76,106,182
01301000,LANCASTER BEAUTY SCHOOL                 ,CA,93534-3098,Proprietary  ,25,54,79,86,185,271
01307400,AMERICAN BEAUTY COLLEGE                 ,CA,91790-2906,Proprietary  ,17,23,40,65,60,125
01309500,SALON SUCCESS ACADEMY                   ,CA,92879-6561,Proprietary  ,60,73,133,130,154,284
01310300,CALIFORNIA WESTERN SCHOOL OF LAW        ,CA,92101-0000,Private      ,16,124,140,95,2260,2355
01324000,LYTLE'S REDWOOD EMPIRE BEAUTY CLG       ,CA,95403-0000,Proprietary  ,34,53,87,117,166,283
02054900,MARINELLO SCHOOL OF BEAUTY              ,CA,92630-0000,Proprietary  ,26,39,65,50,93,143
02059800,PARIS BEAUTY COLLEGE                    ,CA,94520-2611,Proprietary  ,22,59,81,61,150,211
02063500,COASTLINE COMMUNITY COLLEGE             ,CA,92708-0000,Public       ,200,1424,1624,1210,4350,5560
02064300,SIERRA COLLEGE OF BEAUTY                ,CA,95340-0000,Proprietary  ,21,49,70,71,111,182
02065700,CALIFORNIA BEAUTY COLLEGE               ,CA,95354-0000,Proprietary  ,17,44,61,130,137,267
02070500,CONCORDIA UNIVERSITY                    ,CA,92612-0000,Private      ,73,362,435,2167,1662,3829
02075800,SOUTHERN CA INST OF ARCHITECTURE        ,CA,90013-0000,Private      ,18,43,61,167,587,754
02086400,MARINELLO SCHOOL OF BEAUTY              ,CA,95050-0000,Proprietary  ,105,182,287,237,511,748
02091200,ELEGANCE INTERNATIONAL                  ,CA,90028-0000,Proprietary  ,37,42,79,120,143,263
02091700,KAPLAN COLLEGE                          ,CA,92123-1509,Proprietary  ,128,391,519,627,1896,2523
02091702,KAPLAN COLLEGE - CHULA VISTA            ,CA,91910-5342,Proprietary  ,57,81,138,147,211,358
02096100,FIELDING INSTITUTE                      ,CA,93105-0000,Private      ,1,356,357,9,1130,1139
02099200,AMERICAN CONSERVATORY THEATER           ,CA,94108-0000,Private      ,4,12,16,49,191,240
02110200,COLUMBIA COLLEGE                        ,CA,91356-0000,Private      ,47,39,86,333,169,502
02110800,CALIFORNIA COLLEGE SAN DIEGO            ,CA,92108-3821,Proprietary  ,145,380,525,1147,2033,3180
02111300,CUYAMACA COLLEGE                        ,CA,92019-0000,Public       ,738,1326,2064,3144,4788,7932
02113601,AMERICAN INTERCONTINENTAL UNIV - LOS ANG,CA,90066-7008,Proprietary  ,5,59,64,40,170,210
02119100,MISSION COLLEGE                         ,CA,95054-1897,Public       ,446,886,1332,2405,3920,6325
02120600,SAYBROOK GRADUATE SCHOOL                ,CA,94111-1920,Private      ,0,133,133,2,636,638
02120700,SAN JOAQUIN VALLEY COLLEGE              ,CA,93291-0000,Proprietary  ,645,1738,2383,2575,5766,8341
02120900,ITT TECHNICAL INSTITUTE                 ,CA,95670-6034,Proprietary  ,223,620,843,640,1759,2399
02125000,CAREER ACADEMY OF BEAUTY                ,CA,92845-0000,Proprietary  ,25,66,91,57,114,171
02128200,"VICTOR VALLEY BEAUTY COLLEGE, INC       ",CA,92392-0000,Proprietary  ,26,53,79,110,193,303
02128300,INSTITUTE FOR BUSINESS & TECHNOLOGY     ,CA,95050-0000,Proprietary  ,41,254,295,87,577,664
02128301,INSTITUTE FOR BUSINESS & TECHNOLOGY - NA,CA,95670-6351,Proprietary  ,15,198,213,48,405,453
02138300,PALO ALTO UNIVERSITY                    ,CA,94304-1337,Private      ,7,62,69,39,681,720
02147400,CLEVELAND CHIROPRACTIC COLLEGE          ,CA,90004-0000,Private      ,11,97,108,43,288,331
02161800,MUSICIANS INSTITUTE                     ,CA,90028-6157,Proprietary  ,297,283,580,1474,1138,2612
02167800,ESTES INSTITUTE OF COSMETOLOGY          ,CA,93291-0000,Proprietary  ,25,41,66,106,111,217
02174600,MARINELLO SCHOOL OF BEAUTY              ,CA,90201-0000,Proprietary  ,24,26,50,83,115,198
02180600,BRIDGES  ACADEMY OF BEAUTY              ,CA,92311-2327,Proprietary  ,8,10,18,17,28,45
02184900,PALMER COLLEGE OF CHIROPRACTIC WEST     ,CA,95134-0000,Private      ,2,37,39,17,357,374
02185800,MOLER BARBER COLLEGE                    ,CA,94611-0000,Proprietary  ,8,25,33,35,78,113
02187500,"HEALD COLLEGE, SCH OF BUS & TECH        ",CA,94520-0000,Proprietary  ,226,480,706,826,1909,2735
02188400,SIERRA VALLEY COLLEGE OF COURT REPORTING,CA,93726-0000,Proprietary  ,11,37,48,72,181,253
02208600,MADERA BEAUTY COLLEGE                   ,CA,93637-3519,Proprietary  ,10,20,30,65,87,152
02211000,HAIRMASTERS UNIVERSITY OF BEAUTY        ,CA,92405-0000,Proprietary  ,15,18,33,52,61,113
02220000,COLLEEN O'HARA BEAUTY ACADEMY           ,CA,92701-0000,Proprietary  ,44,89,133,96,185,281
02220200,CALIFORNIA CULINARY ACADEMY             ,CA,94102-3336,Proprietary  ,115,224,339,703,931,1634
02221300,MARINELLO SCHOOL OF BEAUTY              ,CA,92553-0000,Proprietary  ,60,86,146,169,310,479
02222000,AMERICAN FILM INSTITUTE                 ,CA,90027-0000,Private      ,29,102,131,235,690,925
02226000,EAST LOS ANGELES COLLEGE                ,CA,91754-0000,Public       ,1903,2256,4159,11291,9439,20730
02228500,LIFE CHIROPRACTIC COLLEGE-WEST          ,CA,94545-0000,Private      ,2,52,54,9,372,381
02230900,FREDRICK & CHARLES BEAUTY COLLEGE       ,CA,95501-0000,Proprietary  ,8,27,35,50,73,123
02231900,GEMOLOGICAL INSTITUTE OF AMERICA        ,CA,92008-4698,Private      ,11,68,79,53,257,310
02234300,FASHION CAREERS OF CALIFORNIA           ,CA,92110-0000,Proprietary  ,16,43,59,182,139,321
02236400,"THANH LE COLG, SCH OF COSMETOLOGY       ",CA,92840-0000,Proprietary  ,3,32,35,5,35,40
02237200,PHILLIPS GRADUATE INSTITUTE             ,CA,91316-0000,Private      ,0,63,63,1,258,259
02241600,SAN DIEGO CONTINUING EDUCATION          ,CA,92113-0000,Public       ,32,165,197,123,521,644
02241800,AMERICAN CAREER COLLEGE                 ,CA,90004-0000,Proprietary  ,422,878,1300,1559,3034,4593
02242700,BERKELEY CITY COLLEGE                   ,CA,94704-0000,Public       ,430,877,1307,2147,2895,5042
02250602,EVEREST COLLEGE                         ,CA,91761-8525,Proprietary  ,95,275,370,411,1295,1706
02255400,INTERNATIONAL SCHOOL OF COSMETOLOGY     ,CA,90250-0000,Proprietary  ,17,29,46,49,83,132
02255600,MARINELLO SCHOOL OF BEAUTY              ,CA,90723-0000,Proprietary  ,31,40,71,93,158,251
02258600,ALAMEDA BEAUTY COLLEGE                  ,CA,94501-0000,Proprietary  ,51,83,134,153,236,389
02262400,YESHIVA OHR ELCHONON CHABAD             ,CA,90046-0000,Private      ,0,0,0,45,2,47
02263101,ANTHEM COLLEGE - SACRAMENTO             ,CA,95827-3378,Proprietary  ,3,21,24,27,91,118
02267600,INSTITUTE OF TRANSPERSONAL PSYCHLGY     ,CA,94303-4624,Private      ,0,75,75,4,476,480
02270600,LIFE PACIFIC COLLEGE                    ,CA,91773-0000,Private      ,46,46,92,309,191,500
02276800,WESTMINSTER SEMINARY CALIFORNIA         ,CA,92027-0000,Private      ,1,15,16,3,159,162
02277400,SOUTH COAST COLLEGE                     ,CA,92868-2616,Proprietary  ,34,71,105,141,414,555
02282300,ALHAMBRA BEAUTY COLLEGE                 ,CA,91802-0000,Proprietary  ,13,67,80,37,132,169
02285100,HILLTOP BEAUTY SCHOOL                   ,CA,94014-0000,Proprietary  ,10,47,57,39,146,185
02291500,ITT TECHNICAL INSTITUTE                 ,CA,91773-0000,Proprietary  ,259,555,814,744,1535,2279
02291600,ITT TECHNICAL INSTITUTE                 ,CA,92123-0000,Proprietary  ,217,696,913,834,2135,2969
02298000,DESIGN INSTITUTE OF SAN DIEGO           ,CA,92121-0000,Proprietary  ,20,60,80,187,270,457
02304300,"PLATT COLLEGE, SAN DIEGO                ",CA,92115-0000,Proprietary  ,41,85,126,211,365,576
02306300,KAPLAN COLLEGE                          ,CA,95368-0000,Proprietary  ,100,196,296,502,862,1364
02306302,KAPLAN COLLEGE - FRESNO                 ,CA,93612-3802,Proprietary  ,37,95,132,300,620,920
02309500,CLOVIS ADULT EDUC                       ,CA,93611-0000,Public       ,9,102,111,40,311,351
02312400,LA COLLEGE INTERNATIONAL                ,CA,90010-0000,Proprietary  ,42,416,458,132,1779,1911
02321800,ITT TECHNICAL INSTITUTE                 ,CA,91342-3664,Proprietary  ,238,541,779,684,1528,2212
02321900,ITT TECHNICAL INSTITUTE                 ,CA,92801-0000,Proprietary  ,275,711,986,703,1768,2471
02327600,ART INST OF CALIFORNIA-SAN DIEGO        ,CA,92108-4401,Proprietary  ,461,592,1053,3542,3248,6790
02330500,LAGUNA COLLEGE OF ART AND DESIGN        ,CA,92651-0000,Private      ,59,44,103,441,190,631
02332800,CENTER FOR EMPLOYMENT TRAINING          ,CA,95110-0000,Private      ,210,856,1066,356,1558,1914
02338500,GLENDALE CAREER COLLEGE                 ,CA,91201-0000,Proprietary  ,42,127,169,129,330,459
02338700,MARINELLO SCHOOL OF BEAUTY              ,CA,94103-0000,Proprietary  ,46,112,158,165,337,502
02342400,ACADEMY OF RADIO BROADCASTING           ,CA,92647-3809,Proprietary  ,28,95,123,85,253,338
02343400,"BELLUS ACADEMY, THE ACADEMY OF BEAUTY AN",CA,92064-4633,Proprietary  ,53,151,204,121,305,426
02345800,MONTEBELLO BEAUTY COLLEGE               ,CA,90640-0000,Proprietary  ,14,26,40,43,59,102
02351900,KAPLAN COLLEGE                          ,CA,95660-5512,Proprietary  ,74,271,345,391,1087,1478
02351901,KAPLAN COLLEGE - BAKERSFIELD            ,CA,93304-0000,Proprietary  ,107,212,319,543,981,1524
02358000,THOMAS AQUINAS COLLEGE                  ,CA,93060-9622,Private      ,16,3,19,339,22,361
02359300,SHASTA BIBLE COLLEGE                    ,CA,96002-0000,Private      ,9,14,23,50,64,114
02482700,WESTERN UNIVERSITY OF HEALTH S          ,CA,91766-1854,Private      ,7,124,131,91,4414,4505
02494800,LOLA BEAUTY COLLEGE                     ,CA,92641-0000,Proprietary  ,9,12,21,15,24,39
02497300,TRINITY COLLEGE                         ,CA,93277-8109,Proprietary  ,51,204,255,191,658,849
02500000,SAN JOAQUIN COLLEGE OF LAW              ,CA,93612-0000,Private      ,0,25,25,19,317,336
02518400,THE NATIONAL HISPANIC UNIVERSITY        ,CA,95127-0000,Proprietary  ,43,135,178,352,458,810
02519800,AVANCE BEAUTY COLLEGE                   ,CA,92154-0000,Proprietary  ,11,52,63,89,129,218
02520200,CALIFORNIA CAREER SCHOOLS               ,CA,92805-0000,Proprietary  ,6,50,56,45,136,181
02520300,INTERIOR DESIGNERS INSTITUTE            ,CA,92660-0000,Proprietary  ,9,63,72,22,98,120
02520400,ADRIAN'S BEAUTY COLLEGE OF TURLOCK      ,CA,95382-0000,Proprietary  ,33,62,95,121,142,263
02537200,PALOMAR INSTITUTE OF COSMETOLOGY        ,CA,92069-0000,Proprietary  ,43,71,114,122,170,292
02539100,KAPLAN COLLEGE                          ,CA,91606-3231,Proprietary  ,120,238,358,518,1262,1780
02539102,KAPLAN COLLEGE -  RIVERSIDE             ,CA,92507-4223,Proprietary  ,71,199,270,479,990,1469
02539500,IRVINE VALLEY COLLEGE                   ,CA,92620-0000,Public       ,676,909,1585,3470,2940,6410
02542300,NATIONAL HOLISTIC INSTITUTE             ,CA,94608-0000,Proprietary  ,66,201,267,167,559,726
02543400,BROWNSON TECHNICAL SCHOOL               ,CA,92805-0000,Proprietary  ,15,76,91,43,127,170
02545900,HYPNOSIS MOTIVATION INSTITUTE           ,CA,91356-0000,Private      ,1,59,60,2,103,105
02546400,MTI BUSINESS COLLEGE INC                ,CA,95207-0000,Proprietary  ,14,77,91,40,140,180
02549000,KAPLAN COLLEGE                          ,CA,92083-7736,Proprietary  ,153,302,455,497,1141,1638
02549005,KAPLAN COLLEGE -  PALM SPRINGS          ,CA,92262-7011,Proprietary  ,71,128,199,356,673,1029
02553500,ASSOCIATED TECHNICAL COLLEGE            ,CA,92101-0000,Proprietary  ,22,87,109,97,262,359
02553600,DIVERSIFIED LANGUAGE INSTITUTE          ,CA,90017-0000,Proprietary  ,19,221,240,48,505,553
02559300,UNITED EDUCATION INSTITUTE              ,CA,90020-0000,Proprietary  ,1585,3127,4712,3031,6331,9362
02559301,UNITED EDUCATION INSTITUTE - SAN BERNARD,CA,92408-3740,Proprietary  ,4,12,16,35,67,102
02559303,UNITED EDUCATION INSTITUTE - SAN DIEGO  ,CA,92123-1949,Proprietary  ,4,31,35,59,134,193
02559304,UNITED EDUCATION INSTITUTE - ONTARIO    ,CA,91764-5574,Proprietary  ,4,13,17,32,54,86
02559305,UNITED EDUCATION INSTITUTE  - VAN NUYS  ,CA,91405-1951,Proprietary  ,1,4,5,20,22,42
02559400,INTERCOAST COLLEGES                     ,CA,92868-1656,Proprietary  ,103,781,884,240,2255,2495
02565400,KAPLAN COLLEGE                          ,CA,95207-6216,Proprietary  ,67,142,209,371,692,1063
02570300,LOS ANGELES ORT COLLEGE                 ,CA,90048-0000,Private      ,40,214,254,120,633,753
02577900,SANTA BARBARA BUSINESS COLLEGE          ,CA,93309-1664,Proprietary  ,128,304,432,533,1122,1655
02578000,SANTA BARBARA BUSINESS COLLEGE          ,CA,93454-6943,Proprietary  ,46,110,156,197,429,626
02584200,NEWBRIDGE COLLEGE                       ,CA,92701-0000,Proprietary  ,55,150,205,169,470,639
02591600,NORTH-WEST COLLEGE                      ,CA,91101-1744,Proprietary  ,33,55,88,62,169,231
02593100,HEALD COLLEGE                           ,CA,95678-5303,Proprietary  ,172,397,569,597,1847,2444
02593200,HEALD COLLEGE                           ,CA,95035-8008,Proprietary  ,212,480,692,665,1735,2400
02593300,HEALD COLLEGE                           ,CA,95210-5667,Proprietary  ,239,602,841,1061,2607,3668
02595600,ASIAN AMERICAN INTERNATIONAL BTY CG     ,CA,92683-4043,Proprietary  ,15,41,56,20,49,69
02597300,SOUTH BAYLO UNIVERSITY                  ,CA,92801-1701,Private      ,2,79,81,4,192,196
02602300,CENTRAL COAST COLLEGE                   ,CA,93901-3301,Proprietary  ,44,95,139,205,400,605
02608900,PINNACLE COLLEGE                        ,CA,91803-8842,Proprietary  ,24,23,47,62,76,138
02608901,PINNACLE COLLEGE - SACRAMENTO           ,CA,95670-6386,Proprietary  ,16,41,57,57,131,188
02609000,EMPERORS COLG OF TRAD ORIENTAL MED      ,CA,90403-5609,Proprietary  ,1,74,75,17,170,187
02612800,LOS ANGELES RECORDING SCHOOL            ,CA,90028-3112,Proprietary  ,66,102,168,383,337,720
02619300,SAMRA UNIV OF ORIENTAL MEDICINE         ,CA,90015-1019,Private      ,0,0,0,5,43,48
03010611,VIRGINIA COLLEGE - GOLF ACADEMY OF AMERI,CA,92008-6512,Proprietary  ,31,71,102,82,258,340
03011300,"CALIF STATE UNIV, SAN MARCOS            ",CA,92096-0001,Public       ,353,696,1049,10731,5672,16403
03019900,ADELANTE CAREER INSTITUTE               ,CA,91402-4924,Proprietary  ,14,33,47,30,70,100
03025600,DELL'ARTE SCH OF PHYSICAL THEATRE       ,CA,95525-0816,Private      ,0,7,7,5,46,51
03027700,PACIFIC COLLEGE OF ORIENTAL MED         ,CA,92108-4408,Proprietary  ,11,161,172,43,521,564
03029600,POMONA ADULT SCHOOL                     ,CA,91766-0000,Public       ,38,116,154,67,196,263
03031409,INTERNATIONAL ACADEMY OF DESIGN AND TECH,CA,95834-9664,Proprietary  ,60,113,173,356,615,971
03034000,HEALD COLLEGE                           ,CA,93906-5100,Proprietary  ,153,272,425,833,1451,2284
03035700,LAS POSITAS COLLEGE                     ,CA,94551-6750,Public       ,349,492,841,2100,2101,4201
03039900,FREMONT COLLEGE                         ,CA,90703-5342,Proprietary  ,55,122,177,224,401,625
03043900,NEWSCHOOL OF ARCHITECTURE & DESIGN      ,CA,92101-6634,Proprietary  ,51,119,170,314,608,922
03044500,KAPLAN COLLEGE                          ,CA,91402-4222,Proprietary  ,32,55,87,117,275,392
03054100,ROYALE COLLEGE OF BEAUTY                ,CA,92590-2525,Proprietary  ,32,40,72,58,63,121
03062300,WESTECH COLLEGE                         ,CA,91764-4988,Proprietary  ,89,348,437,145,504,649
03062400,MT DIABLO ADULT EDUC LOMA VISTA CTR     ,CA,94518-1122,Public       ,13,60,73,71,168,239
03062700,PLATT COLLEGE                           ,CA,90041-0000,Proprietary  ,34,54,88,168,201,369
03062701,PLATT COLLEGE                           ,CA,91764-0000,Proprietary  ,64,117,181,273,405,678
03063400,MODERN TECHNOLOGY SCHOOL                ,CA,92708-9821,Proprietary  ,19,42,61,62,164,226
03067400,BALDWIN PARK ADULT SCHOOL               ,CA,91706-4897,Public       ,62,135,197,108,261,369
03067500,INSTITUTE OF TECHNOLOGY                 ,CA,93612-3217,Proprietary  ,354,1018,1372,904,2676,3580
03067505,INSTITUTE OF TECHNOLOGY - REDDING       ,CA,96002-0926,Proprietary  ,6,36,42,62,181,243
03069500,SAGE COLLEGE                            ,CA,92557-6720,Proprietary  ,49,198,247,124,582,706
03070400,ITT TECHNICAL INSTITUTE                 ,CA,92408-3519,Proprietary  ,266,556,822,1044,2055,3099
03072300,EVEREST COLLEGE                         ,CA,91761-3222,Proprietary  ,153,336,489,410,855,1265
03072700,WESTWOOD COLLEGE - LOS ANGELES          ,CA,90010-1577,Proprietary  ,315,1924,2239,1981,6577,8558
03074900,MARTINEZ ADULT CENTER                   ,CA,94553-3298,Public       ,0,31,31,6,64,70
03078200,AMERICAN CLG TRADITIONAL CHINESE MD     ,CA,94107-2813,Private      ,1,57,58,8,287,295
03084700,VENTURA ADULT\CONTINUING EDUCATION      ,CA,93003-7313,Public       ,12,65,77,35,144,179
03087400,ITT TECHNICAL INSTITUTE                 ,CA,90502-1356,Proprietary  ,295,764,1059,687,2076,2763
03094400,ELITE PROGRESSIVE SCHOOL OF COSM        ,CA,95841-2909,Proprietary  ,83,118,201,266,477,743
03097700,CENTRAL CALIF SCH CONTINUING EDUC       ,CA,93401-6739,Proprietary  ,17,74,91,44,215,259
03098200,YO SAN UNIV TRADITIONAL CHINESE MED     ,CA,90066-1103,Private      ,0,48,48,5,134,139
03108100,SUMMIT CAREER COLLEGE                   ,CA,92324-3956,Proprietary  ,140,431,571,315,974,1289
03109500,DONGGUK ROYAL UNIVERSITY                ,CA,90020-1765,Private      ,0,43,43,6,77,83
03113300,MCED CAREER COLLEGE                     ,CA,93727-1620,Proprietary  ,40,145,185,92,253,345
03113600,SOUTHERN CALIFORNIA INST OF TECHNOL     ,CA,92805-3758,Proprietary  ,17,208,225,91,789,880
03116600,EAST SAN GABRIEL VLY REG OCCUP PROG     ,CA,91790-2105,Public       ,50,267,317,90,367,457
03125300,JOHN WESLEY INTER. BARBER & BTY CLG     ,CA,90813-4321,Proprietary  ,18,40,58,50,87,137
03125400,ART INSTITUTE OF CALIFORNIA-HOLLYWOOD (T,CA,91601-3112,Proprietary  ,352,401,753,2682,2119,4801
03125800,PREMIERE CAREER COLLEGE                 ,CA,91706-3746,Proprietary  ,79,151,230,150,307,457
03126800,PACIFICA GRADUATE INSTITUTE             ,CA,93013-0000,Proprietary  ,1,258,259,2,923,925
03128700,MT SIERRA COLLEGE                       ,CA,91016-3414,Proprietary  ,53,113,166,256,438,694
03131300,FIVE BRANCHES UNIVERSITY                ,CA,95062-4669,Private      ,6,71,77,42,374,416
03144400,AMERICAN CLG OF HEALTH PROFESSIONS      ,CA,92374-0000,Proprietary  ,51,173,224,109,287,396
03150500,VIRGINIA SEWING MACHINES & SCH CTR      ,CA,90015-3535,Proprietary  ,2,38,40,5,69,74
03162300,FOUR-D SUCCESS ACADEMY                  ,CA,92324-4218,Proprietary  ,56,302,358,182,740,922
03163300,PACIFIC STATES UNIVERSITY               ,CA,90006-4298,Private      ,2,6,8,25,37,62
03195400,EVEREST COLLEGE                         ,CA,90501-2867,Proprietary  ,47,95,142,135,255,390
03210300,LE CORDON BLEU COLLEGE OF CULINARY ARTS ,CA,91101-5221,Proprietary  ,606,1518,2124,2157,4727,6884
03225300,AMERICAN UNIVERSITY OF HEALTH SCIENCES  ,CA,90755-3612,Proprietary  ,24,44,68,63,163,226
03242300,CAREER NETWORK INSTITUTE                ,CA,92868-4710,Proprietary  ,57,249,306,113,477,590
03250300,COMMUNITY BASED EDUCATION AND DEVEL     ,CA,90036-1137,Private      ,22,59,81,52,164,216
03260300,CALIFORNIA STATE U-MONTEREY BAY         ,CA,93955-8001,Public       ,254,404,658,7855,2633,10488
03266300,BETHESDA UNIVERSITY OF CALIFORNIA       ,CA,92801-4132,Private      ,9,42,51,20,76,96
03278300,CLARITA CAREER COLLEGE                  ,CA,91351-5432,Proprietary  ,306,610,916,541,1213,1754
03282300,KIM ANH ACADEMY OF BEAUTY               ,CA,92683-4605,Proprietary  ,9,107,116,10,110,120
03288300,ACAD CHINESE CULTURE & HEALTH SCIS      ,CA,94512-0000,Private      ,6,72,78,20,168,188
03299300,PACIFIC COLLEGE                         ,CA,92626-3160,Proprietary  ,13,133,146,68,455,523
03308300,KENSINGTON COLLEGE                      ,CA,92705-8708,Proprietary  ,0,10,10,5,45,50
03321300,SCRIPPS RESEARCH INSTITUTE (THE)        ,CA,92037-0000,Private      ,2,0,2,12,41,53
03327400,ACUPUNCTURE AND INTEGRATIVE MEDICINE COL,CA,94704-2724,Private      ,10,66,76,52,222,274
03332300,SOUTHERN CA BIBLE CLG & SEMINARY        ,CA,92019-1109,Private      ,4,48,52,12,151,163
03359300,ST. FRANCIS CAREER COLLEGE              ,CA,90262-2659,Private      ,16,60,76,68,223,291
03367300,PROFESSIONAL GOLFERS CAREER COLLEGE     ,CA,92591-6013,Proprietary  ,61,103,164,233,356,589
03394300,REMINGTON COLLEGE - SAN DIEGO CAMPUS    ,CA,92108-3002,Proprietary  ,4,13,17,192,358,550
03395300,INTERNATIONAL CAREER DEVELOPMENT        ,CA,90027-5794,Proprietary  ,304,1355,1659,636,3295,3931
03399300,NORTHWESTERN TECHNICAL COLLEGE          ,CA,95670-4443,Proprietary  ,66,217,283,139,540,679
03403300,TRINITY LIFE BIBLE COLLEGE              ,CA,95842-3546,Private      ,20,134,154,88,371,459
03413400,ENGLISH CENTER  (THE)                   ,CA,94607-3734,Private      ,6,91,97,26,203,229
03427400,CAREER COLLEGES OF AMERICA              ,CA,90280-7420,Proprietary  ,191,601,792,422,1556,1978
03427500,ANTELOPE VALLEY MEDICAL COLLEGE         ,CA,93534-3324,Proprietary  ,141,261,402,404,716,1120
03440400,MARIAN HEALTH CAREERS CENTER            ,CA,90010-1728,Proprietary  ,28,72,100,56,137,193
03441400,VALLEY CAREER COLLEGE                   ,CA,92020-3057,Proprietary  ,38,168,206,98,377,475
03458300,MY LE'S BEAUTY COLLEGE                  ,CA,95824-3039,Proprietary  ,19,73,92,90,180,270
03467300,MARINELLO SCHOOL OF BEAUTY              ,CA,92545-3661,Proprietary  ,73,125,198,163,379,542
03467301,CALIFORNIA BEAUTY COLLEGE - DESERT HOT S,CA,92240-1307,Proprietary  ,2,4,6,11,14,25
03479300,PROFESSIONAL CAREER INSTITUTE           ,CA,90703-2522,Proprietary  ,19,44,63,74,127,201
03485400,JAMES ALBERT SCHOOL OF COSMETOLOGY      ,CA,92627-3831,Proprietary  ,60,79,139,95,114,209
03485401,JAMES ALBERT SCHOOL OF COSMETOLOGY - ANA,CA,92804-5384,Proprietary  ,1,2,3,15,16,31
03516300,KING'S UNIVERSITY (THE)                 ,CA,91405-2233,Private      ,33,135,168,80,296,376
03532400,ADVANCED TRAINING ASSOCIATES            ,CA,92020-1236,Proprietary  ,3,30,33,13,83,96
03542400,COPPER MOUNTAIN COLLEGE                 ,CA,92252-6102,Public       ,174,472,646,658,1747,2405
03577300,COBA ACADEMY                            ,CA,92866-1407,Proprietary  ,20,40,60,50,65,115
03590400,NTMA TRAINING CENTERS OF SOUTHERN C     ,CA,90650-6099,Private      ,25,144,169,64,302,366
03592400,IRELL & MANELLA GRADUATE SCHOOL OF BIOLO,CA,91010-0000,Private      ,0,2,2,0,8,8
03598300,AVALON BEAUTY COLLEGE                   ,CA,93103-3137,Proprietary  ,21,38,59,79,82,161
03614300,UNITED BEAUTY COLLEGE                   ,CA,91733-0000,Proprietary  ,4,68,72,6,73,79
03621300,LIBERTY TRAINING INSTITUTE              ,CA,90057-3202,Proprietary  ,0,0,0,1,0,1
03639300,WEST COAST ULTRASOUND INSTITUTE         ,CA,90211-3312,Proprietary  ,68,301,369,284,1240,1524
03646300,DESIGN'S SCHOOL OF COSMETOLOGY          ,CA,93446-1471,Proprietary  ,29,66,95,58,125,183
03681300,CALIFORNIA HEALING ARTS COLLEGE         ,CA,90025-2589,Proprietary  ,11,60,71,53,147,200
03695300,COMMUNITY ENHANCEMENT SERVICES          ,CA,91502-2750,Private      ,8,79,87,14,99,113
03695700,SANTIAGO CANYON COLLEGE                 ,CA,92869-4512,Public       ,505,453,958,2273,1518,3791
03696300,UNIVERSITY OF THE WEST                  ,CA,91770-3709,Private      ,1,14,15,11,55,66
03698300,WEST COAST UNIVERSITY                   ,CA,91606-3206,Proprietary  ,348,705,1053,1077,2157,3234
03698400,CA COLLEGE OF VOCATIONAL CAREER         ,CA,93301-1800,Proprietary  ,28,130,158,107,346,453
03736300,ADVANCE BEAUTY COLLEGE                  ,CA,92843-4752,Proprietary  ,30,235,265,56,334,390
03740400,ATI COLLEGE                             ,CA,90650-0000,Proprietary  ,39,98,137,88,215,303
03759300,COMPUTER TUTOR BUSINESS & TECH INST     ,CA,95356-0000,Proprietary  ,10,60,70,61,175,236
03786300,ADVANCED COLLEGE                        ,CA,90280-5255,Proprietary  ,21,105,126,86,346,432
03797400,CAREER CARE INSTITUTE                   ,CA,93534-4766,Proprietary  ,108,206,314,298,603,901
03797401,CAREER CARE INSTITUTE - VENTURA         ,CA,93003-0000,Proprietary  ,2,23,25,22,83,105
03797402,CAREER CARE INSTITUTE - MORENO VALLEY   ,CA,92553-7519,Proprietary  ,2,2,4,2,2,4
03814400,SOKA UNIVERSITY OF AMERICA              ,CA,92656-8081,Private      ,7,1,8,502,28,530
03838400,WALTER JAY M.D. INSTITUTE AN EDUCATIONAL,CA,90057-0000,Proprietary  ,0,0,0,2,11,13
03852500,CIT COLLEGE OF INFOMEDICAL TECHNOLOGY   ,CA,92831-3703,Proprietary  ,45,177,222,137,593,730
03852501,CIT COLLEGE OF INFOMEDICAL TECHNOLOGY - ,CA,90010-1308,Proprietary  ,1,5,6,22,29,51
03853300,KECK GRADUATE INSTITUTE OF APPLIED LIFE ,CA,91711-4817,Private      ,0,15,15,1,100,101
03853400,LADERA CAREER PATHS TRAINING CENTERS    ,CA,90045-1931,Proprietary  ,1,12,13,5,29,34
03868300,WORLD MISSION UNIVERSITY                ,CA,90020-1789,Private      ,1,21,22,9,62,71
03868400,LOS ANGELES MUSIC ACADEMY               ,CA,91105-2540,Proprietary  ,12,19,31,88,70,158
03871300,FOLSOM LAKE COLLEGE                     ,CA,95630-6798,Public       ,266,620,886,2342,2999,5341
03874300,CAMBRIDGE JUNIOR COLLEGE                ,CA,95993-0000,Proprietary  ,43,113,156,117,225,342
03874400,COMMMUNITY CHRISTIAN COLLEGE            ,CA,92373-4465,Private      ,23,31,54,135,137,272
03889300,STANBRIDGE COLLEGE                      ,CA,92612-0000,Proprietary  ,75,248,323,156,564,720
03901300,PACIFIC COAST TRADE SCHOOL              ,CA,93033-2441,Proprietary  ,32,79,111,49,144,193
03910400,NATIONAL POLYTECHNIC COLLEGE            ,CA,90040-3066,Proprietary  ,30,55,85,72,172,244
03933300,MUELLER COLLEGE OF HOLISTIC STUDIES     ,CA,92116-2630,Proprietary  ,10,62,72,31,279,310
03933301,MUELLER COLLEGE OF HOLISTIC STUDIES -   ,CA,92120-3449,Proprietary  ,1,2,3,3,35,38
03935300,CALIFORNIA NURSES EDUCATIONAL INSTITUTE ,CA,92234-7248,Proprietary  ,15,39,54,64,150,214
03962300,AMERICAN INSTITUTE OF MASSAGE THERAPY   ,CA,92705-5463,Proprietary  ,11,20,31,38,65,103
03964400,INTERNATIONAL SCHOOL OF BEAUTY          ,CA,92260-2740,Proprietary  ,36,83,119,86,182,268
03969600,AMERICAN AUTO INSTITUTE                 ,CA,90703-2637,Proprietary  ,75,133,208,142,172,314
03971300,AMERICAN CAREER COLLEGE                 ,CA,91764-4906,Proprietary  ,234,481,715,811,1587,2398
03973300,EX'PRESSION COLLEGE FOR DIGITAL ARTS    ,CA,94608-1021,Proprietary  ,146,143,289,688,636,1324
03974500,CALIFORNIA CAREER COLLEGE               ,CA,91303-2006,Proprietary  ,12,57,69,48,143,191
03980300,CALIFORNIA STATE UNIVERSITY CHANNEL ISLA,CA,93012-8599,Public       ,137,248,385,4443,2040,6483
03995300,UNIVERSITY OF EAST-WEST MEDICINE        ,CA,94087-6106,Proprietary  ,0,21,21,7,56,63
03999300,BEAUMONT ADULT SCHOOL                   ,CA,92223-1927,Public       ,10,33,43,38,162,200
04001300,PALACE BEAUTY COLLEGE                   ,CA,90006-4233,Proprietary  ,14,51,65,40,96,136
04001400,MOJAVE BARBER COLLEGE                   ,CA,92395-3201,Proprietary  ,5,28,33,18,73,91
04003300,CSI CAREER COLLEGE                      ,CA,95687-3100,Proprietary  ,42,136,178,128,447,575
04004300,THUY PRINCESS BEAUTY COLLEGE            ,CA,91766-0000,Proprietary  ,7,71,78,21,82,103
04005300,INTERAMERICAN COLLEGE                   ,CA,91950-4437,Proprietary  ,2,124,126,19,257,276
04014400,PALLADIUM TECHNICAL ACADEMY             ,CA,91731-2429,Proprietary  ,5,18,23,9,30,39
04023400,PROTEUS                                 ,CA,93291-3014,Private      ,4,6,10,21,28,49
04037300,LOS ANGELES FILM SCHOOL (THE)           ,CA,90028-7300,Proprietary  ,324,426,750,1165,1267,2432
04049300,MAXINE WATERS EMPLOYMENT PREPARATION CEN,CA,90059-1023,Public       ,6,32,38,26,108,134
04056300,CAREER COLLEGE OF CALIFORNIA            ,CA,92705-5805,Proprietary  ,10,73,83,39,145,184
04057300,TECHSKILLS OF SACRAMENTO                ,CA,95815-4025,Proprietary  ,22,210,232,89,521,610
04076400,GNOMON SCHOOL OF VISUAL EFFECTS         ,CA,90038-2616,Proprietary  ,14,55,69,71,187,258
04092300,COASTLINE BEAUTY COLLEGE                ,CA,92708-3847,Proprietary  ,14,117,131,20,168,188
04092400,MAKE-UP DESIGNORY                       ,CA,91502-1322,Proprietary  ,77,93,170,290,304,594
04100400,TAFT UNIVERSITY SYSTEM (THE)            ,CA,92704-6954,Proprietary  ,1,108,109,1,360,361
04109300,ACADEMY OF BARBERING ARTS (THE)         ,CA,91324-3406,Proprietary  ,19,54,73,66,120,186
04111300,WEST HILLS COLLEGE LEMOORE              ,CA,93245-9248,Public       ,166,510,676,1492,2199,3691
04114500,VALLEY COLLEGE OF MEDICAL CAREERS       ,CA,91304-2354,Proprietary  ,18,75,93,62,217,279
04115300,COACHELLA VALLEY BEAUTY COLLEGE         ,CA,92253-2051,Proprietary  ,14,21,35,43,77,120
04115600,MAYFIELD COLLEGE                        ,CA,92234-7014,Proprietary  ,41,114,155,89,310,399
04116000,VIDEO SYMPHONY ENTERTRAINING            ,CA,91502-3253,Proprietary  ,19,85,104,60,294,354
04119200,CAREER COLLEGE CONSULTANTS              ,CA,90041-2088,Proprietary  ,11,55,66,32,92,124
04126400,CHAMPION INSTITUTE OF COSMETOLOGY       ,CA,92264-7458,Proprietary  ,7,29,36,28,63,91
04126500,COAST CAREER INSTITUTE                  ,CA,90015-3040,Proprietary  ,67,252,319,116,414,530
04127100,"UNIVERSITY OF CALIFORNIA, MERCED        ",CA,95343-5001,Public       ,102,97,199,9955,1370,11325
04127800,HEALTHY HAIR ACADEMY                    ,CA,90303-3137,Proprietary  ,10,30,40,36,120,156
04127900,TUI UNIVERSITY                          ,CA,90630-5023,Proprietary  ,7,670,677,23,1857,1880
04129700,INTERNATIONAL POLYTECHNIC INSTITUTE     ,CA,92231-1737,Private      ,6,45,51,12,59,71
04132300,INSTITUTE OF MEDICAL EDUCATION          ,CA,95113-2207,Proprietary  ,57,214,271,156,737,893
04132400,ACADEMY OF ESTHETICS AND COSMETOLOGY    ,CA,91342-3373,Proprietary  ,16,22,38,50,75,125
04132700,INFOTECH CAREER COLLEGE                 ,CA,90706-5579,Proprietary  ,39,155,194,59,219,278
04133000,BIOHEALTH COLLEGE                       ,CA,95134-2033,Proprietary  ,15,76,91,52,190,242
04134500,CAREER COLLEGE OF SAN DIEGO             ,CA,92102-3348,Proprietary  ,22,88,110,140,333,473
04134700,INTERNATL PROFESSIONAL SCHL OF BODYWORK ,CA,92123-1520,Proprietary  ,16,73,89,29,200,229
04137200,BORNER'S BARBER COLLEGE                 ,CA,90047-3856,Proprietary  ,9,24,33,29,48,77
04138700,CAO INSTITUTE OF AESTHETICS (THE)       ,CA,91801-3903,Proprietary  ,30,41,71,47,76,123
04140500,HORIZON COLLEGE SAN DIEGO               ,CA,92131-9906,Private      ,2,11,13,26,65,91
04140600,MODERN INSTITUTE OF TECHNOLOGY          ,CA,93036-1387,Proprietary  ,1,8,9,8,21,29
04141300,SAN FRANCISCO INSTITUTE OF ESTHETICS    ,CA,94103-4083,Proprietary  ,26,66,92,110,188,298
04141400,LAURUS COLLEGE                          ,CA,93401-5405,Proprietary  ,45,172,217,66,267,333
04141700,HEALING HANDS SCHOOL OF HOLISTIC HEALTH ,CA,92025-1722,Proprietary  ,5,31,36,18,105,123
04142500,TOURO COLLEGE LOS ANGELES               ,CA,90046-4506,Private      ,17,10,27,24,15,39
04142600,TOURO UNIVERSITY                        ,CA,94592-1118,Private      ,2,188,190,12,1632,1644
04143800,WOODLAND COMMUNITY COLLEGE              ,CA,95776-5156,Public       ,132,260,392,139,280,419
04144200,CAREER DEVELOPMENT INSTITUTE            ,CA,90035-4364,Proprietary  ,7,17,24,28,61,89
04145000,SAN DIEGO CULINARY INSTITUTE            ,CA,91941-6435,Proprietary  ,28,65,93,168,261,429
04146000,NATIONAL CAREER COLLEGE                 ,CA,91605-1400,Proprietary  ,7,23,30,20,35,55
04148200,BEYOND 21ST CENTURY BEAUTY ACADEMY      ,CA,90670-6316,Proprietary  ,6,15,21,18,30,48
04148900,N CALIF INSTITUTE OF COSMETOLOGY        ,CA,94577-2820,Proprietary  ,2,22,24,4,40,44
04149700,HOMESTEAD SCHOOLS                       ,CA,90505-5945,Private      ,28,50,78,42,124,166
04150000,CENTRAL NURSING COLLEGE                 ,CA,90010-2444,Proprietary  ,19,95,114,167,244,411
04150100,GOLDEN STATE COLLEGE OF COURT REPORTING ,CA,94568-2948,Proprietary  ,5,24,29,5,24,29
04150300,RWM FIBER OPTICS                        ,CA,90746-1051,Proprietary  ,1,15,16,4,31,35
04150500,"PREFERRED COLLEGE OF NURSING, LOS ANGELE",CA,90010-2202,Proprietary  ,17,90,107,20,101,121
04152800,CALIFORNIA ACADEMY (THE) - A PAUL MITCHE,CA,95825-2276,Proprietary  ,74,111,185,246,358,604
04153900,PROVIDENCE CHRISTIAN COLLEGE            ,CA,91761-5626,Private      ,1,4,5,48,14,62
04154300,AMERICANA COLLEGE                       ,CA,90029-3765,Proprietary  ,1,3,4,1,3,4
04154400,FRANKLIN CAREER COLLEGE                 ,CA,91761-1522,Proprietary  ,19,68,87,40,128,168
04155500,"ACADEMY FOR JEWISH RELIGION, CALIFORNIA ",CA,90024-3234,Private      ,3,29,32,13,64,77
04158200,PAUL MITCHELL THE SCHOOL SHERMAN OAKS   ,CA,91403-5882,Proprietary  ,47,50,97,177,160,337
04158700,HOLLYWOOD BEAUTY COLLEGE                ,CA,95210-3514,Proprietary  ,24,102,126,78,191,269
04159700,AMERICAN MEDICAL SCIENCES CENTER        ,CA,91204-5108,Proprietary  ,12,14,26,12,14,26
04160100,TRINITY VOCATIONAL CENTER               ,CA,90248-4334,Proprietary  ,17,52,69,17,52,69
04160400,ANGELES COLLEGE OF NURSING              ,CA,90010-2100,Proprietary  ,34,92,126,163,216,379
04161700,SHASTA SCHOOL OF COSMETOLOGY            ,CA,96003-0000,Proprietary  ,15,28,43,39,81,120
04161800,BRANDMAN UNIVERSITY                     ,CA,92618-3801,Private      ,17,297,314,17,297,314
04162800,S.I.C.E PAUL MITCHELL PARTNER SCHOOL    ,CA,95350-1440,Proprietary  ,35,56,91,35,56,91
04163400,COSMO BEAUTY ACADEMY                    ,CA,95605-1904,Proprietary  ,26,64,90,28,87,115
04163900,L.A. BARBER COLLEGE                     ,CA,90013-1121,Proprietary  ,8,23,31,27,51,78
04164400,ANGELES INSTITUTE                       ,CA,90712-2903,Proprietary  ,17,44,61,36,103,139
04165900,PAUL MITCHELL THE SCHOOL FRESNO         ,CA,93710-7617,Proprietary  ,42,29,71,42,29,71
04167000,ESTHETIQUES COSMETOLOGY INSTITUTE       ,CA,92591-4663,Proprietary  ,79,69,148,131,146,277
04169700,UNITEK COLLEGE                          ,CA,94538-3185,Proprietary  ,86,297,383,103,382,485
04169800,GURNICK ACADEMY OF MEDICAL ARTS         ,CA,94403-1849,Proprietary  ,47,282,329,87,525,612
04172000,SOUTHERN CALIFORNIA UNIVERSITY SOMA     ,CA,90017-2211,Proprietary  ,6,11,17,6,11,17
04175200,PAUL MITCHELL THE SCHOOL EAST BAY       ,CA,94523-5515,Proprietary  ,53,59,112,53,59,112
00184600,BRIAR CLIFF UNIVERSITY                  ,IA,51104-2100,Private      ,77,97,174,1190,466,1656
00184700,BUENA VISTA UNIVERSITY                  ,IA,50588-9987,Private      ,119,461,580,1806,1819,3625
00184800,SOUTHEASTERN COMMUNITY COLLEGE          ,IA,52655-0000,Public       ,283,678,961,1153,2096,3249
00185000,CENTRAL COLLEGE                         ,IA,50219-1999,Private      ,86,21,107,2442,136,2578
00185200,CLARKE COLLEGE                          ,IA,52001-3198,Private      ,47,72,119,1008,531,1539
00185400,COE COLLEGE                             ,IA,52402-5092,Private      ,41,34,75,2002,227,2229
00185500,DES MOINES UNIV-OSTEOPATHIC MED CTR     ,IA,50312-0000,Private      ,2,166,168,33,1766,1799
00185600,CORNELL COLLEGE                         ,IA,52314-1098,Private      ,29,11,40,1973,91,2064
00185700,SOUTHWESTERN COMMUNITY COLLEGE          ,IA,50801-1098,Public       ,140,268,408,663,790,1453
00185800,DIVINE WORD COLLEGE                     ,IA,52045-0380,Private      ,11,13,24,12,16,28
00185900,DORDT COLLEGE                           ,IA,51250-1697,Private      ,37,22,59,1482,93,1575
00186000,DRAKE UNIVERSITY                        ,IA,50311-4505,Private      ,133,270,403,4635,2347,6982
00186200,ELLSWORTH COMMUNITY COLLEGE             ,IA,50126-1199,Public       ,145,130,275,779,345,1124
00186400,IOWA LAKES COMMUNITY COLLEGE            ,IA,51334-2234,Public       ,223,496,719,1330,1411,2741
00186500,IOWA CENTRAL COMMUNITY COLLEGE          ,IA,50501-0000,Public       ,529,949,1478,2513,2614,5127
00186600,GRACELAND UNIVERSITY                    ,IA,50140-1699,Private      ,154,347,501,1038,1251,2289
00186700,GRAND VIEW UNIVERSITY                   ,IA,50316-1599,Private      ,133,237,370,1762,1259,3021
00186800,GRINNELL COLLEGE                        ,IA,50112-1690,Private      ,38,8,46,2237,56,2293
00186900,IOWA STATE UNIV SCIENCE & TECHNOLOG     ,IA,50011-2028,Public       ,863,733,1596,21454,5708,27162
00187100,IOWA WESLEYAN COLLEGE                   ,IA,52641-1398,Private      ,63,68,131,749,418,1167
00187300,LORAS COLLEGE                           ,IA,52004-0178,Private      ,74,26,100,2230,174,2404
00187400,LUTHER COLLEGE                          ,IA,52101-1045,Private      ,53,13,66,3303,82,3385
00187500,MARSHALLTOWN COMMUNITY COLLEGE          ,IA,50158-4760,Public       ,155,305,460,674,964,1638
00187700,NORTH IOWA AREA COMMUNITY COLLEGE       ,IA,50401-7299,Public       ,254,391,645,1466,1336,2802
00187900,MORNINGSIDE COLLEGE                     ,IA,51106-1751,Private      ,56,149,205,1710,532,2242
00188000,MOUNT MERCY UNIVERSITY                  ,IA,52402-4797,Private      ,61,166,227,989,875,1864
00188100,ASHFORD UNIVERSITY                      ,IA,52732-3910,Proprietary  ,908,27862,28770,2764,79406,82170
00188300,NORTHWESTERN COLLEGE                    ,IA,51041-1996,Private      ,36,37,73,1576,108,1684
00188700,SIMPSON COLLEGE                         ,IA,50125-1297,Private      ,76,111,187,2154,575,2729
00188900,ST AMBROSE UNIVERSITY                   ,IA,52803-2898,Private      ,218,260,478,2815,1289,4104
00189000,UNIVERSITY OF NORTHERN IOWA             ,IA,50614-0705,Public       ,923,643,1566,10636,2987,13623
00189100,UNIVERSITY OF DUBUQUE                   ,IA,52001-5099,Private      ,75,104,179,1841,662,2503
00189200,UNIVERSITY OF IOWA                      ,IA,52242-1316,Public       ,1118,1303,2421,19074,9973,29047
00189300,UPPER IOWA UNIVERSITY                   ,IA,52142-9206,Private      ,175,1532,1707,1423,4748,6171
00189500,WALDORF COLLEGE                         ,IA,50436-1700,Proprietary  ,77,56,133,788,169,957
00189600,WARTBURG COLLEGE                        ,IA,50677-2200,Private      ,67,16,83,2476,92,2568
00189700,WARTBURG THEOLOGICAL SEMINARY           ,IA,52004-5004,Private      ,0,13,13,8,127,135
00190000,WILLIAM PENN UNIVERSITY                 ,IA,52577-1799,Private      ,114,236,350,1183,1196,2379
00396300,AIB COLLEGE OF BUSINESS                 ,IA,50321-1799,Private      ,41,138,179,588,691,1279
00407500,ESTRN IOWA COMMUNITY COLLEGE DIST       ,IA,52801-1221,Public       ,14,72,86,99,253,352
00407501,CLINTON COMMUNITY COLLEGE               ,IA,52732-0000,Public       ,108,270,378,427,834,1261
00407502,MUSCATINE COMMUNITY COLLEGE             ,IA,52761-0000,Public       ,123,249,372,506,669,1175
00407503,SCOTT COMMUNITY COLLEGE                 ,IA,52722-0000,Public       ,398,1007,1405,1408,3102,4510
00407600,KIRKWOOD COMMUNITY COLLEGE              ,IA,52406-2068,Public       ,1558,2852,4410,7619,8601,16220
00423300,MERCY/ST. LUKE'S SCH RAD TECH           ,IA,52402-0000,Private      ,0,5,5,19,35,54
00458600,KAPLAN UNIVERSITY                       ,IA,52807-2095,Proprietary  ,1746,24231,25977,5123,99836,104959
00458604,KAPLAN UNIVERSITY - CEDAR RAPIDS        ,IA,52404-2998,Proprietary  ,45,381,426,194,1857,2051
00458605,KAPLAN UNIVERSITY - DES MOINES          ,IA,50323-5702,Proprietary  ,52,395,447,301,2248,2549
00458606,KAPLAN UNIVERSITY - MASON CITY          ,IA,50401-4665,Proprietary  ,18,178,196,87,912,999
00458607,KAPLAN UNIVERSITY - CEDAR FALLS         ,IA,50613-6309,Proprietary  ,35,286,321,209,1641,1850
00458610,KAPLAN UNIVERSITY - COUNCIL BLUFFS      ,IA,51503-5289,Proprietary  ,16,183,199,82,861,943
00458700,NORTHEAST IOWA COMMUNITY COLLEGE        ,IA,52132-0400,Public       ,124,234,358,690,850,1540
00458701,NORTHEAST IOWA COMMUNITY COLLEGE        ,IA,52068-0000,Public       ,298,442,740,1131,1468,2599
00459500,HAWKEYE COMMUNITY COLLEGE               ,IA,50701-0000,Public       ,712,876,1588,3319,2943,6262
00459800,IOWA WESTERN CMTY CLG-COUNCIL BLUFF     ,IA,51502-0000,Public       ,656,830,1486,3055,2930,5985
00460000,NORTHWEST IOWA COMMUNITY COLLEGE        ,IA,51201-1046,Public       ,55,125,180,543,492,1035
00626700,IOWA METHODIST MEDICAL CENTER SCHOOLS   ,IA,50309-1499,Private      ,2,13,15,29,77,106
00627300,MERCY COLLEGE OF HEALTH SCIENCES        ,IA,50309-1239,Private      ,56,169,225,453,937,1390
00712000,DES MOINES AREA CMTY COLLEGE            ,IA,50021-0000,Public       ,1431,3021,4452,6640,10530,17170
00712100,FAITH BAPTIST BIBLE CLG & THEOL SEM     ,IA,50021-0000,Private      ,39,13,52,321,65,386
00729100,ST LUKE'S COLLEGE                       ,IA,51104-0263,Private      ,7,24,31,96,154,250
00731600,WESTERN IOWA TECH COMMUNITY COLLEGE     ,IA,51106-0000,Public       ,470,1057,1527,1823,3120,4943
00758800,CAPRI COLLEGE                           ,IA,52004-0873,Proprietary  ,24,49,73,96,131,227
00761100,EQ SCHOOL OF HAIR DESIGN                ,IA,51503-0813,Proprietary  ,13,9,22,36,38,74
00765600,AMERICAN COLLEGE OF HARISTYLING -CR     ,IA,52402-0000,Proprietary  ,1,10,11,6,28,34
00765800,AMER COLL OF HAIRSTYLING-DES MOINES     ,IA,50309-5446,Proprietary  ,2,15,17,8,52,60
00765900,LA JAMES COLLEGE OF HAIRSTYLING         ,IA,50401-3308,Proprietary  ,22,24,46,74,94,168
00771700,CAPRI COLLEGE                           ,IA,52807-2622,Proprietary  ,31,57,88,95,162,257
00794100,COLLEGE OF HAIR DESIGN                  ,IA,50703-1834,Proprietary  ,12,15,27,31,47,78
00826000,IOWA SCHOOL OF BEAUTY INC               ,IA,50322-0000,Proprietary  ,28,70,98,68,176,244
00840300,INDIAN HILLS COMMUNITY COLLEGE          ,IA,52501-1398,Public       ,407,927,1334,1823,2661,4484
00840301,INDIAN HILLS COMMUNITY COLLEGE          ,IA,52544-0000,Public       ,66,122,188,257,333,590
00842400,LA JAMES INTERNATIONAL COLLEGE          ,IA,50501-5577,Proprietary  ,17,29,46,81,95,176
00959300,LA'JAMES COLLEGE OF HAIRSTYLING         ,IA,52240-0000,Proprietary  ,15,23,38,79,70,149
01111300,MAHARISHI UNIV OF MANAGEMENT            ,IA,52557-0001,Private      ,34,78,112,209,334,543
01206400,HAMILTON TECHNICAL COLLEGE              ,IA,52807-2653,Proprietary  ,44,107,151,106,319,425
01230000,PALMER COLLEGE OF CHIROPRACTIC          ,IA,52803-5287,Private      ,10,176,186,69,2255,2324
01300600,LA' JAMES INTERNATIONAL COLLEGE-CF      ,IA,50613-5242,Proprietary  ,22,23,45,64,82,146
02090300,CAPRI COLLEGE                           ,IA,52404-0000,Proprietary  ,31,61,92,106,156,262
02134500,LA JAMES INTERNATIONAL COLLEGE - DAV    ,IA,52806-3952,Proprietary  ,6,43,49,36,106,142
02160900,"SALON PROFESSIONAL ACADEMY, THE         ",IA,50010-0000,Proprietary  ,22,27,49,96,78,174
02262500,FAUST INSTITUTE OF COSMETOLOGY          ,IA,50588-0000,Proprietary  ,5,18,23,31,46,77
02274100,LA' JAMES INTERNATIONAL COLLEGE - DM    ,IA,50131-0000,Proprietary  ,28,63,91,118,170,288
02289000,AMERICAN HAIR ACADEMY                   ,IA,52627-4530,Proprietary  ,7,13,20,18,41,59
02306900,IOWA SCHOOL OF BEAUTY                   ,IA,52501-0000,Proprietary  ,12,18,30,26,53,79
02328900,EMMAUS BIBLE COLLEGE                    ,IA,52001-0000,Private      ,34,9,43,224,38,262
02330900,IOWA SCHOOL OF BEAUTY                   ,IA,50158-0000,Proprietary  ,3,6,9,9,27,36
02609200,VATTEROTT COLLEGE                       ,IA,50321-4704,Proprietary  ,39,183,222,133,830,963
03069100,ALLEN COLLEGE                           ,IA,50703-1916,Private      ,16,60,76,317,381,698
03441300,IOWA SCHOOL OF BEAUTY                   ,IA,51106-5111,Proprietary  ,5,23,28,34,69,103
03607400,TOTAL LOOK SCHOOL OF COSMETOLOGY AND MAS,IA,52136-1053,Proprietary  ,1,1,2,4,13,17
03720300,CARLSON COLLEGE OF MASSAGE THERAPY      ,IA,52205-7519,Proprietary  ,7,13,20,13,32,45
04089300,BIO-CHI INSTITUTE OF MASSAGE THERAPY    ,IA,51103-2138,Proprietary  ,2,14,16,7,40,47
00259600,ATLANTIC COMMUNITY COLLEGE              ,NJ,08330-2699,Public       ,729,1064,1793,3772,4192,7964
00259700,BLOOMFIELD COLLEGE                      ,NJ,07003-3425,Private      ,206,263,469,2813,1466,4279
00259800,CALDWELL COLLEGE                        ,NJ,07006-6195,Private      ,110,270,380,1532,1100,2632
00259900,CENTENARY COLLEGE                       ,NJ,07840-2184,Private      ,97,165,262,1552,812,2364
00260000,COLLEGE OF SAINT ELIZABETH              ,NJ,07960-6989,Private      ,38,197,235,702,699,1401
00260100,CUMBERLAND COUNTY COLLEGE               ,NJ,08362-0517,Public       ,346,618,964,2170,2918,5088
00260300,DREW UNIVERSITY                         ,NJ,07940-4063,Private      ,91,110,201,4134,754,4888
00260700,FAIRLEIGH DICKINSON UNIV-TEANECK        ,NJ,07666-1996,Private      ,205,611,816,3952,2319,6271
00260701,FAIRLEIGH DICKINSON UNIV-FLORHAM        ,NJ,07940-0000,Private      ,73,117,190,2734,617,3351
00260702,FAIRLEIGH DICKINSON UNIV-ED WMS CLG     ,NJ,07601-0000,Private      ,17,47,64,254,214,468
00260703,FAIRLEIGH DICKINSON UNIVERSITY          ,NJ,07940-0000,Private      ,93,212,305,2123,995,3118
00260800,GEORGIAN COURT UNIVERSITY               ,NJ,08701-2697,Private      ,137,283,420,1492,1529,3021
00260900,ROWAN UNIVERSITY                        ,NJ,08028-1702,Public       ,699,802,1501,12940,4075,17015
00261000,FELICIAN COLLEGE                        ,NJ,07644-2198,Private      ,167,311,478,1775,1320,3095
00261300,NEW JERSEY CITY UNIVERSITY              ,NJ,07305-1597,Public       ,452,1255,1707,4739,5528,10267
00261500,MIDDLESEX COUNTY COLLEGE                ,NJ,08818-3050,Public       ,1065,1116,2181,6093,4512,10605
00261600,MONMOUTH UNIVERSITY                     ,NJ,07764-1898,Private      ,333,401,734,7225,2311,9536
00261700,MONTCLAIR STATE UNIVERSITY              ,NJ,07043-9987,Public       ,972,1170,2142,16311,7012,23323
00261900,NEW BRUNSWICK THEOLOGICAL SEMINARY      ,NJ,08901-0000,Private      ,3,38,41,28,150,178
00262100,NEW JERSEY INST OF TECHNOLOGY           ,NJ,07102-1982,Public       ,408,634,1042,5683,2656,8339
00262200,KEAN UNIVERSITY                         ,NJ,07083-7131,Public       ,981,1608,2589,11931,8117,20048
00262400,OCEAN COUNTY COLLEGE                    ,NJ,08754-2001,Public       ,781,904,1685,5169,3604,8773
00262500,WILLIAM PATERSON UNIVERSITY             ,NJ,07470-2152,Public       ,864,889,1753,11057,4498,15555
00262600,PRINCETON THEOLOGICAL SEMINARY          ,NJ,08542-0000,Private      ,3,24,27,17,665,682
00262700,PRINCETON UNIVERSITY                    ,NJ,08544-0001,Private      ,203,130,333,16349,1639,17988
00262800,RIDER UNIVERSITY                        ,NJ,08648-3099,Private      ,273,313,586,7471,1621,9092
00262900,"RUTGERS, THE STATE UNIVERSITY OF NJ     ",NJ,08901-1281,Public       ,2547,2892,5439,44232,21889,66121
00263200,SETON HALL UNIVERSITY                   ,NJ,07079-2697,Private      ,293,635,928,10585,3871,14456
00263201,SETON HALL UNIVERSITY - SCHOOL OF LAW   ,NJ,07079-5210,Private      ,16,119,135,320,2448,2768
00263800,ST PETER'S COLLEGE                      ,NJ,07306-5997,Private      ,179,328,507,3874,1155,5029
00263900,STEVENS INSTITUTE OF TECHNOLOGY         ,NJ,07030-5370,Private      ,90,153,243,3582,668,4250
00264200,COLLEGE OF NEW JERSEY (THE)             ,NJ,08628-0718,Public       ,388,194,582,10880,1156,12036
00264300,UNION COUNTY COLLEGE                    ,NJ,07016-1598,Public       ,1286,2105,3391,4836,7012,11848
00473600,BERGEN COMMUNITY COLLEGE                ,NJ,07652-1595,Public       ,1488,1354,2842,7613,5128,12741
00474000,MERCER COUNTY COMMUNITY COLLEGE         ,NJ,08690-0000,Public       ,811,1225,2036,3132,4058,7190
00539900,MONMOUTH COUNTY VOCATIONAL SCH DIST     ,NJ,07728-5033,Public       ,14,39,53,56,103,159
00545200,TETERBORO SCH OF AERONAUTICS            ,NJ,07608-1083,Proprietary  ,35,34,69,84,75,159
00546000,SOMERSET COUNTY TECHNICAL INSTITUTE     ,NJ,08807-0350,Public       ,1,13,14,14,60,74
00546100,SALEM COMMUNITY COLLEGE                 ,NJ,08069-2799,Public       ,176,217,393,658,758,1416
00641700,HOLY NAME HOSPITAL SCH OF NURSING       ,NJ,07666-4254,Private      ,7,37,44,75,166,241
00642000,MOUNTAINSIDE HOSP SCH NRSG              ,NJ,07042-4898,Proprietary  ,1,15,16,18,82,100
00642100,MUHLENBERG SNYDER SCHOOLS               ,NJ,07061-3399,Private      ,17,74,91,136,519,655
00642900,ST FRANCIS MEDICAL CTR SCH NURSING      ,NJ,08629-1986,Private      ,3,24,27,21,88,109
00642902,ST FRANCIS MED CTR RAD TECH             ,NJ,08629-0000,Private      ,3,7,10,9,31,40
00686500,CAMDEN COUNTY COLLEGE                   ,NJ,08012-3240,Public       ,1238,2070,3308,6363,7940,14303
00690100,GLOUCESTER COUNTY COLLEGE               ,NJ,08080-4249,Public       ,650,814,1464,3035,2685,5720
00710700,ESSEX COUNTY COLLEGE                    ,NJ,07102-1798,Public       ,1320,2362,3682,5432,8326,13758
00750200,BERKELEY COLLEGE                        ,NJ,07424-3367,Proprietary  ,231,339,570,1695,1675,3370
00750201,BERKELEY COLLEGE                        ,NJ,07095-0000,Proprietary  ,128,178,306,810,836,1646
00750202,BERKELEY COLLEGE - PARAMUS              ,NJ,07652-2931,Proprietary  ,88,157,245,579,593,1172
00750600,LINCOLN TECHNICAL INSTITUTE             ,NJ,07083-5032,Proprietary  ,275,455,730,745,1016,1761
00750601,LINCOLN TECHNICAL INSTITUTE             ,NJ,07430-0000,Proprietary  ,106,124,230,479,469,948
00750700,GIBBS COLLEGE                           ,NJ,07039-1611,Proprietary  ,0,0,0,1,4,5
00759300,PARISIAN BEAUTY ACADEMY                 ,NJ,07601-5509,Proprietary  ,58,74,132,106,123,229
00772900,COUNTY COLLEGE OF MORRIS                ,NJ,07869-0000,Public       ,685,484,1169,3422,1755,5177
00773000,BURLINGTON COUNTY COLLEGE               ,NJ,08068-1599,Public       ,785,1241,2026,3990,4025,8015
00773100,RARITAN VALLEY COMMUNITY COLLEGE        ,NJ,08876-1265,Public       ,627,608,1235,2485,1918,4403
00780401,STAR CAREER ACADEMY - STAR LAKEWOOD     ,NJ,08701-5900,Proprietary  ,49,202,251,106,381,487
00780402,STAR CAREER ACADEMY - STAR EGG HARBOR   ,NJ,08234-4863,Proprietary  ,29,145,174,59,364,423
00794700,BETH MEDRASH GOVOHA OF AMERICA          ,NJ,08701-0000,Private      ,77,679,756,139,1480,1619
00840400,BROOKDALE COMMUNITY COLLEGE             ,NJ,07738-1597,Public       ,1590,1374,2964,6069,4141,10210
00844101,ANTHEM INSTITUTE                        ,NJ,08002-0000,Proprietary  ,6,41,47,38,120,158
00849400,HO HO KUS SCHL OF TRADE & TECH SCIENCES ,NJ,07513-1402,Proprietary  ,35,57,92,88,171,259
00860900,RABBINICAL COLLEGE OF AMERICA           ,NJ,07960-3600,Private      ,51,2,53,71,3,74
00907800,CAPRI INSTITUTE OF HAIR DESIGN          ,NJ,07011-2111,Proprietary  ,25,68,93,70,138,208
00922800,DEVRY INSTITUTE                         ,NJ,08902-3362,Proprietary  ,0,0,0,126,183,309
00934400,RAMAPO COLLEGE OF NEW JERSEY            ,NJ,07430-1680,Public       ,331,232,563,6742,1093,7835
00934500,RICHARD STOCKTON COLLEGE OF NJ          ,NJ,08240-0195,Public       ,526,565,1091,7696,2885,10581
00982804,EVEREST INSTITUTE - SOUTH PLAINFIELD    ,NJ,07080-1125,Proprietary  ,88,222,310,167,642,809
00999400,PASSAIC COUNTY COMMUNITY COLLEGE        ,NJ,07505-1179,Public       ,1194,1861,3055,3626,5022,8648
01039400,UNIV OF MEDICINE & DENTISTRY OF NJ      ,NJ,07107-0000,Public       ,33,682,715,294,4992,5286
01062900,P B COSMETOLOGY EDUCATION CENTRE        ,NJ,08030-1750,Proprietary  ,31,56,87,84,101,185
01085100,ANTHEM INSTITUTE                        ,NJ,07054-3409,Proprietary  ,152,304,456,394,812,1206
01085101,ANTHEM INSTITUTE                        ,NJ,07306-0000,Proprietary  ,14,45,59,47,140,187
01085102,ANTHEM INSTITUTE                        ,NJ,08902-0000,Proprietary  ,9,18,27,35,59,94
01090300,RIZZIERI INSTITUTE                      ,NJ,08043-4600,Proprietary  ,24,43,67,92,143,235
01152300,MORRIS COUNTY SCHOOL OF TECHNOLOGY      ,NJ,07834-0000,Public       ,15,20,35,58,62,120
01170800,NATURAL MOTION INST OF HAIR DESIGN      ,NJ,07306-5496,Proprietary  ,16,26,42,39,102,141
01198900,TALMUDICAL ACADEMY                      ,NJ,07710-0000,Private      ,20,0,20,48,3,51
01209000,REIGNBOW BEAUTY ACADEMY                 ,NJ,08861-4118,Proprietary  ,24,66,90,30,90,120
01234600,DOVER BUSINESS COLLEGE                  ,NJ,07011-2161,Proprietary  ,175,295,470,404,921,1325
01234602,DOVER BUSINESS COLLEGE                  ,NJ,07801-4643,Proprietary  ,67,177,244,148,434,582
01246100,LINCOLN TECHNICAL INSTITUTE             ,NJ,08820-2896,Proprietary  ,137,369,506,387,964,1351
01246102,LINCOLN TECHNICAL INSTITUTE             ,NJ,08054-0000,Proprietary  ,103,382,485,267,1134,1401
01246103,LINCOLN TECHNICAL INSTITUTE             ,NJ,07652-2106,Proprietary  ,188,355,543,462,941,1403
01246200,HOHOKUS - HACKENSACK SCHOOL OF BUSINESS ,NJ,07601-7197,Proprietary  ,53,217,270,108,463,571
01295400,HUDSON COUNTY COMMUNITY COLLEGE         ,NJ,07306-4012,Public       ,1243,1776,3019,4261,6118,10379
02053700,EASTWICK COLLEGE                        ,NJ,07446-0000,Proprietary  ,76,272,348,299,1033,1332
02061800,ROMAN ACADEMY OF BEAUTY CULTURE         ,NJ,07506-0000,Proprietary  ,16,22,38,26,25,51
02092300,HOHOKUS SCHOOL - RETS/NUTLEY            ,NJ,07110-0000,Proprietary  ,84,182,266,167,418,585
02103700,CAPRI INSTITUTE OF HAIR DESIGN          ,NJ,07652-0000,Proprietary  ,30,40,70,57,79,136
02104000,HARRIS SCHOOL OF BUSINESS               ,NJ,08002-2983,Proprietary  ,125,452,577,222,968,1190
02106601,FOX INSTITUTE OF BUSINESS - CLIFTON     ,NJ,07011-2345,Proprietary  ,43,175,218,106,460,566
02131100,DU CRET SCHOOL OF THE ARTS              ,NJ,07060-0000,Private      ,15,11,26,38,23,61
02131600,PENNCO TECH                             ,NJ,08012-0000,Proprietary  ,176,306,482,346,596,942
02132300,BERDAN INSTITUTE                        ,NJ,07512-0000,Proprietary  ,82,137,219,222,407,629
02146800,JOE KUBERT SCH OF CARTOON & GRAPHIC     ,NJ,07801-0000,Proprietary  ,8,7,15,59,63,122
02149800,EMPIRE BEAUTY SCHOOL                    ,NJ,08021-0000,Proprietary  ,34,89,123,75,254,329
02149801,EMPIRE BEAUTY SCHOOL - BORDENTOWN       ,NJ,08505-1513,Proprietary  ,7,11,18,27,47,74
02154000,DIVERS ACAD OF EASTERN SEABOARD         ,NJ,08081-1139,Proprietary  ,19,56,75,82,151,233
02183600,CAPRI INSTITUTE OF HAIR DESIGN          ,NJ,07033-0000,Proprietary  ,35,53,88,59,116,175
02192200,THOMAS EDISON STATE COLLEGE             ,NJ,08608-0000,Public       ,78,1430,1508,315,4800,5115
02219600,OMEGA INSTITUTE                         ,NJ,08109-0000,Proprietary  ,17,66,83,33,161,194
02223700,NEW HORIZON INST OF COSMETOLOGY         ,NJ,07093-0000,Proprietary  ,8,113,121,19,157,176
02223900,DRAKE COLLEGE OF BUSINESS               ,NJ,07201-0000,Proprietary  ,71,396,467,141,1012,1153
02223902,DRAKE COLLEGE OF BUSINESS - NEWARK CAMPU,NJ,07112-2760,Proprietary  ,104,434,538,228,1041,1269
02232500,UNION COUNTY VOCATIONAL TECH INST       ,NJ,07076-0000,Public       ,24,28,52,70,90,160
02234600,SHORE BEAUTY SCHOOL                     ,NJ,08232-0000,Proprietary  ,29,57,86,47,89,136
02246000,ROSS UNIVERSITY - MEDICAL SCHOOL        ,NJ,08837-0000,Proprietary  ,4,498,502,26,4256,4282
02248600,COOPER HEALTH SYS-CTR ALLIED HEALTH     ,NJ,08103-0000,Private      ,8,47,55,27,166,193
02252700,CONCORDE SCHOOL OF HAIR DESIGN          ,NJ,07712-0000,Proprietary  ,49,109,158,93,254,347
02252701,CONCORDE SCHOOL OF HAIR DESIGN - BLOOMFI,NJ,07003-2517,Proprietary  ,8,12,20,24,36,60
02261800,EUROPEAN ACADEMY OF COSMETOLOGY         ,NJ,07083-0000,Proprietary  ,23,49,72,60,143,203
02265500,CAPRI INSTITUTE OF HAIR DESIGN          ,NJ,08724-0000,Proprietary  ,17,50,67,39,88,127
02277900,ROSS UNIV - SCH OF VETERINARY MED       ,NJ,08837-0000,Proprietary  ,0,123,123,7,1202,1209
02291000,LINCOLN TECHNICAL INSTITUTE             ,NJ,07080-2424,Proprietary  ,51,79,130,115,171,286
02312000,BERGEN COUNTY TECHNICAL SCHOOLS         ,NJ,07601-6110,Public       ,12,42,54,53,127,180
02344200,EMPIRE BEAUTY SCHOOL                    ,NJ,08002-0000,Proprietary  ,44,89,133,116,297,413
02503900,WARREN COUNTY COMMUNITY COLLEGE         ,NJ,07882-0000,Public       ,191,186,377,703,632,1335
02523700,OCEAN COUNTY VOCATIONAL-TECH SCHOOL     ,NJ,08753-0000,Public       ,53,85,138,177,296,473
02525900,ARTISTIC ACADEMY OF HAIR DESIGN         ,NJ,07950-1409,Proprietary  ,35,38,73,91,86,177
02528200,REIGNBOW BEAUTY ACADEMY                 ,NJ,07060-0000,Proprietary  ,11,47,58,20,74,94
02558700,PRISM CAREER INSTITUTE                  ,NJ,08037-0000,Proprietary  ,89,545,634,154,1012,1166
02568800,SUSSEX COUNTY COMMUNITY COLLEGE         ,NJ,07860-1149,Public       ,396,356,752,1591,1014,2605
02586900,HARRIS SCHOOL OF BUSINESS               ,NJ,08084-0000,Proprietary  ,65,327,392,104,618,722
02616402,SANFORD-BROWN INSTITUTE - ISELIN        ,NJ,08830-0000,Proprietary  ,174,366,540,397,905,1302
03077500,RABBI JACOB JOSEPH SCHOOL               ,NJ,08817-4494,Private      ,2,0,2,15,1,16
03122600,EASTERN INTERNATIONAL COLLEGE           ,NJ,07306-3906,Proprietary  ,50,117,167,83,269,352
03187300,STENOTECH CAREER INSTITUTE              ,NJ,07004-3490,Proprietary  ,18,49,67,44,91,135
03197300,INSTITUTE FOR HEALTH EDUCATION(THE)     ,NJ,07306-2929,Proprietary  ,32,156,188,45,219,264
03324300,CENTRAL CAREER SCHOOL                   ,NJ,07080-2408,Proprietary  ,10,56,66,26,121,147
03380302,STAR CAREER ACADEMY - STAR NEWARK       ,NJ,07102-4510,Proprietary  ,29,231,260,84,484,568
03380303,STAR CAREER ACADEMY - STAR CLIFTON      ,NJ,07011-2248,Proprietary  ,13,107,120,45,300,345
03389300,ACADEMY OF MASSAGE THERAPY              ,NJ,07631-0000,Proprietary  ,13,62,75,37,139,176
03424500,NEW COMMUNITY WORKFORCE DEVELOPMENT     ,NJ,07103-2402,Private      ,10,179,189,30,397,427
03530300,"KEY SKILLS LEARNING, INC.               ",NJ,07013-1900,Proprietary  ,0,22,22,5,49,54
03536300,INSTITUTE FOR THERAPEUTIC MASSAGE       ,NJ,07420-1452,Proprietary  ,5,41,46,17,110,127
03574400,CORTIVA INSTITUTE - SOMERSET SCHOOL OF M,NJ,08854-3908,Proprietary  ,0,0,0,6,26,32
03625300,PERFORMANCE TRAINING INSTITUTE          ,NJ,08753-0000,Proprietary  ,17,261,278,31,544,575
03637300,METRO AUTO ELECTRONICS TRAINING INSTITUT,NJ,07033-1798,Proprietary  ,2,23,25,11,48,59
03650600,PC AGE                                  ,NJ,07306-3936,Proprietary  ,11,61,72,31,181,212
03650603,PC AGE                                  ,NJ,08817-2842,Proprietary  ,0,4,4,5,23,28
03666300,SOMERSET CHRISTIAN COLLEGE              ,NJ,08890-9035,Private      ,11,123,134,71,361,432
03769300,PC TECH LEARNING CENTER                 ,NJ,07306-9900,Proprietary  ,0,0,0,3,17,20
03803300,HEALTHCARE TRAINING INSTITUTE           ,NJ,07083-3504,Proprietary  ,28,84,112,75,302,377
03811300,EASTERN SCHOOL OF ACUPUNCTURE AND TRADIT,NJ,07042-3562,Proprietary  ,2,19,21,8,51,59
04081300,BAIS MEDRASH TORAS CHESED               ,NJ,08701-0000,Private      ,16,7,23,22,14,36
04123400,YESHIVAS BE'ER YITZCHOK                 ,NJ,07208-2380,Private      ,0,4,4,1,28,29
04125000,GENTLE HEALING SCHOOL OF MASSAGE        ,NJ,08512-3600,Proprietary  ,1,21,22,6,43,49
04131100,YESHIVA TORAS CHAIM                     ,NJ,08701-2120,Private      ,70,1,71,115,2,117
04131200,TOTAL IMAGE BEAUTY ACADEMY              ,NJ,07307-2943,Proprietary  ,2,14,16,10,30,40
04134100,CENTER FOR ALLIED HEALTH & NURSING EDUCA,NJ,07601-5801,Proprietary  ,27,210,237,97,895,992
04136400,AMERICAN INSTITUTE OF MEDICAL SCIENCES &,NJ,07080-1183,Proprietary  ,17,96,113,32,164,196
04154500,STARTING POINTS FOR CHILDREN            ,NJ,07306-0001,Private      ,0,35,35,0,35,35
04154900,NATIONAL CAREER INSTITUTE               ,NJ,07018-2011,Proprietary  ,14,42,56,28,145,173
04173100,LAB PAUL MITCHELL PARTNER SCHOOL (THE)  ,NJ,08628-2500,Proprietary  ,23,16,39,23,16,39
00266500,VAUGHN COLLEGE OF AERONAUTICS AND TECHNO,NY,11369-9997,Private      ,231,232,463,1029,731,1760
00266600,ADELPHI UNIVERSITY                      ,NY,11530-4299,Private      ,391,1064,1455,7996,4650,12646
00266700,DOWLING COLLEGE                         ,NY,11769-1999,Private      ,403,606,1009,2733,2006,4739
00266800,ALFRED UNIVERSITY                       ,NY,14802-1205,Private      ,110,147,257,3401,676,4077
00266900,BANK STREET COLLEGE OF EDUCATION        ,NY,10025-0000,Private      ,1,89,90,11,913,924
00267100,BARD COLLEGE                            ,NY,12504-5000,Private      ,30,22,52,2675,683,3358
00267400,NEW YORK THEOLOGICAL SEMINARY           ,NY,10115-0002,Private      ,0,68,68,3,187,190
00267700,BROOKLYN LAW SCHOOL                     ,NY,11201-0000,Private      ,12,97,109,70,3817,3887
00267800,BRYANT & STRATTON COLLEGE               ,NY,14203-1713,Proprietary  ,808,2884,3692,2417,10447,12864
00267803,BRYANT & STRATTON COLLEGE - GREECE      ,NY,14606-4227,Proprietary  ,95,291,386,291,1138,1429
00267805,BRYANT & STRATTON COLLEGE - SYRACUSE    ,NY,13203-2502,Proprietary  ,177,376,553,669,1514,2183
00267807,BRYANT & STRATTON COLLEGE - ALBANY      ,NY,12205-5230,Proprietary  ,103,242,345,326,911,1237
00268100,CANISIUS COLLEGE                        ,NY,14208-1098,Private      ,193,397,590,4342,1810,6152
00268300,SEMINARY OF THE IMMACULATE CONCEPT      ,NY,11743-0000,Private      ,0,1,1,2,1,3
00268500,CAZENOVIA COLLEGE                       ,NY,13035-1085,Private      ,55,48,103,1846,176,2022
00268700,CUNY-BROOKLYN COLLEGE                   ,NY,11210-2814,Public       ,1269,2045,3314,15733,10610,26343
00268800,CITY COLLEGE-CUNY                       ,NY,10031-9198,Public       ,1362,1949,3311,18459,9189,27648
00268900,CUNY-HUNTER COLLEGE                     ,NY,10021-0000,Public       ,1555,2372,3927,25399,14823,40222
00269000,QUEENS COLLEGE-CUNY                     ,NY,11367-1597,Public       ,1399,1768,3167,15751,8195,23946
00269100,CUNY- BOROUGH OF MANHATTAN CMTY CLG     ,NY,10007-1047,Public       ,3570,3084,6654,20511,13032,33543
00269200,CUNY BRONX COMMUNITY COLLEGE            ,NY,10453-3102,Public       ,1756,1895,3651,9948,8007,17955
00269300,CUNY-JOHN JAY CLG CRIMINAL JUSTICE      ,NY,10019-1093,Public       ,1224,1177,2401,14764,6823,21587
00269400,KINGSBOROUGH COMMUNITY COLLEGE          ,NY,11235-2398,Public       ,3647,2390,6037,11943,6819,18762
00269600,NY CITY COLLEGE OF TECHNOLOGY-CUNY      ,NY,11201-2983,Public       ,2114,1814,3928,13704,7085,20789
00269700,QUEENSBOROUGH COMMUNITY COLLEGE         ,NY,11364-1497,Public       ,1296,931,2227,11131,5031,16162
00269800,CUNY THE COLLEGE OF STATEN ISLAND       ,NY,10314-6600,Public       ,1286,934,2220,10146,4342,14488
00269900,CLARKSON UNIVERSITY                     ,NY,13699-5615,Private      ,105,46,151,4546,383,4929
00270000,COLGATE ROCHESTER CROZER DIVINITY S     ,NY,14620-0000,Private      ,1,19,20,10,86,96
00270100,COLGATE UNIVERSITY                      ,NY,13346-1386,Private      ,60,4,64,4110,79,4189
00270300,COLLEGE OF MOUNT SAINT VINCENT          ,NY,10471-1093,Private      ,187,110,297,2103,471,2574
00270400,COLLEGE OF NEW ROCHELLE                 ,NY,10805-2339,Private      ,141,1415,1556,1116,4577,5693
00270500,COLLEGE OF SAINT ROSE                   ,NY,12203-1490,Private      ,330,459,789,4790,2192,6982
00270700,COLUMBIA UNIVERSITY                     ,NY,10027-0000,Private      ,282,1021,1303,6414,5432,11846
00270701,COLUMBIA UNIV ARCHITECTURE              ,NY,10027-0000,Private      ,7,27,34,70,889,959
00270702,COLUMBIA UNIV SCHOOL OF THE ARTS        ,NY,10027-0000,Private      ,9,54,63,121,1387,1508
00270703,COLUMBIA UNIV BUSINESS GRAD             ,NY,10027-0000,Private      ,3,177,180,34,1561,1595
00270704,COLUMBIA UNIV SCHOOL ENGIN-UNDERGRA     ,NY,10027-0000,Private      ,15,8,23,1888,79,1967
00270705,COLUMBIA UNIV SCHOOL GENERAL STUDIE     ,NY,10027-0000,Private      ,19,108,127,377,1280,1657
00270706,COLUMBIA UNIV GRAD SCHL ARTS & SCI      ,NY,10027-0000,Private      ,6,79,85,63,1816,1879
00270707,COLUMBIA UNIV SCH INTL PUB AFFAIRS      ,NY,10027-0000,Private      ,3,36,39,13,1357,1370
00270708,COLUMBIA UNIV JOURNALISM GRAD           ,NY,10027-0000,Private      ,0,21,21,22,590,612
00270710,COLUMBIA UNIV COLUMBIA COLLEGE          ,NY,10027-0000,Private      ,82,56,138,8623,619,9242
00270711,COLUMBIA UNIV SCHOOL OF LAW             ,NY,10027-0000,Private      ,5,104,109,54,4500,4554
00270712,COLUMBIA UNIV SOCIAL WORK               ,NY,10025-0000,Private      ,2,34,36,19,1151,1170
00270713,COLUMBIA UNIV SCHL DENT & ORAL SURG     ,NY,10032-0000,Private      ,0,8,8,5,391,396
00270714,COLUMBIA UNIV INST HUMAN NUTRITION      ,NY,10032-0000,Private      ,0,21,21,10,130,140
00270715,COLUMBIA UNIV NURSING                   ,NY,10032-0000,Private      ,5,40,45,99,804,903
00270716,COLUMBIA UNIV COLL PHYS & SURGEONS      ,NY,10032-0000,Private      ,7,13,20,49,1155,1204
00270717,COLUMBIA UNIV PHYSICAL THERAPY          ,NY,10032-0000,Private      ,2,10,12,20,150,170
00270718,COLUMBIA UNIV OCCUPATIONAL THERAPY      ,NY,10032-0000,Private      ,0,7,7,7,127,134
00270719,COLUMBIA UNIV PUBLIC HEALTH             ,NY,10032-0000,Private      ,3,27,30,17,1179,1196
00270720,COLUMBIA UNIV - ENGINEERING (GRAD)      ,NY,10027-0000,Private      ,6,33,39,96,379,475
00270721,COLUMBIA UNIV-CONT ED & SP PROGMS       ,NY,10027-0000,Private      ,1,93,94,7,421,428
00270800,BARNARD COLLEGE-COLUMBIA UNIV           ,NY,10027-6598,Private      ,61,40,101,3980,212,4192
00270900,CONCORDIA COLLEGE                       ,NY,10708-1998,Private      ,47,104,151,825,371,1196
00271000,COOPER UNION                            ,NY,10003-7120,Private      ,67,41,108,1639,255,1894
00271100,CORNELL UNIVERSITY                      ,NY,14853-2801,Private      ,481,387,868,25826,7125,32951
00271101,WEILL CORNELL MEDICAL COLLEGE AND GRADUA,NY,10021-0000,Private      ,4,88,92,38,791,829
00271200,D'YOUVILLE COLLEGE                      ,NY,14201-1084,Private      ,105,321,426,1808,1969,3777
00271300,DOMINICAN COLLEGE                       ,NY,10962-1299,Private      ,103,248,351,1676,880,2556
00271800,ELMIRA COLLEGE                          ,NY,14901-2099,Private      ,95,138,233,2372,574,2946
00272200,FORDHAM UNIVERSITY                      ,NY,10458-5157,Private      ,606,1409,2015,20661,10280,30941
00272600,GENERAL THEOLOGICAL SEMINARY            ,NY,10011-0000,Private      ,0,22,22,1,110,111
00272800,HAMILTON COLLEGE                        ,NY,13323-1218,Private      ,47,3,50,2849,53,2902
00272900,HARTWICK COLLEGE                        ,NY,13820-4020,Private      ,48,15,63,3103,122,3225
00273100,HOBART & WILLIAM SMITH COLLEGES         ,NY,14456-3397,Private      ,35,7,42,3329,74,3403
00273200,HOFSTRA UNIVERSITY                      ,NY,11549-1010,Private      ,723,833,1556,14482,6220,20702
00273400,HOUGHTON COLLEGE                        ,NY,14744-0128,Private      ,63,60,123,1470,158,1628
00273500,HILBERT COLLEGE                         ,NY,14075-1597,Private      ,126,81,207,1039,297,1336
00273700,IONA COLLEGE                            ,NY,10801-1890,Private      ,113,165,278,7175,1218,8393
00273900,ITHACA COLLEGE                          ,NY,14850-7130,Private      ,320,73,393,13030,892,13922
00274000,JEWISH THEOLOGICAL SEMINARY OF AMER     ,NY,10027-4649,Private      ,4,12,16,140,195,335
00274200,THE JUILLIARD SCHOOL                    ,NY,10023-6588,Private      ,33,22,55,1244,676,1920
00274400,KEUKA COLLEGE                           ,NY,14478-0000,Private      ,60,258,318,1275,1136,2411
00274800,LEMOYNE COLLEGE                         ,NY,13214-1399,Private      ,303,217,520,4456,965,5421
00274900,NEW YORK COLLEGE OF PODIATRIC MED       ,NY,10035-1940,Private      ,5,37,42,44,369,413
00275100,LONG ISLAND UNIVERSITY                  ,NY,11548-1326,Private      ,1338,2785,4123,11996,10059,22055
00275800,MANHATTAN COLLEGE                       ,NY,10471-4098,Private      ,185,142,327,5725,600,6325
00275900,MANHATTAN SCHOOL OF MUSIC               ,NY,10027-4689,Private      ,33,27,60,664,785,1449
00276000,MANHATTANVILLE COLLEGE                  ,NY,10577-2132,Private      ,66,241,307,2986,942,3928
00276300,MARIA COLLEGE                           ,NY,12208-1798,Private      ,61,208,269,210,844,1054
00276500,MARIST COLLEGE                          ,NY,12601-1387,Private      ,399,327,726,9091,1273,10364
00276900,MARYMOUNT MANHATTAN COLLEGE             ,NY,10021-4597,Private      ,178,63,241,3687,378,4065
00277200,MERCY COLLEGE                           ,NY,10522-1189,Private      ,855,2503,3358,4098,6884,10982
00277500,MOLLOY COLLEGE                          ,NY,11570-1100,Private      ,187,398,585,3047,1792,4839
00277700,MEDAILLE COLLEGE                        ,NY,14214-2695,Private      ,176,445,621,1694,1346,3040
00277800,MOUNT SAINT MARY COLLEGE                ,NY,12550-3494,Private      ,171,277,448,2755,1049,3804
00277900,NAZARETH COLLEGE OF ROCHESTER           ,NY,14618-3790,Private      ,222,287,509,3241,1600,4841
00278200,NEW YORK INSTITUTE OF TECHNOLOGY        ,NY,11568-8000,Private      ,685,669,1354,5105,2785,7890
00278202,NY INSTITUTE OF TECHNOLOGY-OSTEOPATHIC M,NY,11568-0000,Private      ,3,40,43,70,1187,1257
00278300,NEW YORK LAW SCHOOL                     ,NY,10013-0000,Private      ,5,224,229,31,3475,3506
00278400,NEW YORK MEDICAL COLLEGE                ,NY,10595-0000,Private      ,2,152,154,28,2088,2116
00278500,NEW YORK UNIVERSITY                     ,NY,10012-1091,Private      ,1016,2844,3860,35108,30466,65574
00278800,NIAGARA UNIVERSITY                      ,NY,14109-2010,Private      ,171,146,317,3772,873,4645
00279000,NYACK COLLEGE                           ,NY,10960-3698,Private      ,205,761,966,1327,1893,3220
00279100,PACE UNIVERSITY - NEW YORK              ,NY,10038-1598,Private      ,379,578,957,8222,3302,11524
00279101,PACE UNIVERSITY-PLEASANTVILLE           ,NY,10570-0000,Private      ,209,239,448,3515,1139,4654
00279102,PACE UNIVERSITY - WHITE PLAINS          ,NY,10603-0000,Private      ,11,253,264,350,2174,2524
00279500,PAUL SMITHS CLG OF ARTS & SCIENCES      ,NY,12970-0000,Private      ,122,37,159,1249,143,1392
00279600,POLYTECHNIC INTSTITUTE OF NEW YORK UNIV ,NY,11201-3840,Private      ,91,242,333,2541,1020,3561
00279800,PRATT INSTITUTE                         ,NY,11205-3899,Private      ,245,248,493,4657,2719,7376
00280300,RENSSELAER POLYTECHNIC INSTITUTE        ,NY,12180-3590,Private      ,429,93,522,10257,804,11061
00280500,ROBERTS WESLEYAN COLLEGE                ,NY,14624-1997,Private      ,134,320,454,1452,1177,2629
00280600,ROCHESTER INSTITUTE OF TECHNOLOGY       ,NY,14623-5608,Private      ,881,564,1445,14924,3073,17997
00280700,ROCKEFELLER UNIVERSITY                  ,NY,10021-0000,Private      ,1,5,6,10,26,36
00280800,DAEMEN COLLEGE                          ,NY,14226-3592,Private      ,200,314,514,2377,993,3370
00281000,THE SAGE COLLEGES                       ,NY,12180-4199,Private      ,148,324,472,1582,1823,3405
00281200,TROCAIRE COLLEGE                        ,NY,14220-2094,Private      ,127,370,497,620,1493,2113
00281300,SARAH LAWRENCE COLLEGE                  ,NY,10708-5999,Private      ,54,29,83,1724,696,2420
00281400,SKIDMORE COLLEGE                        ,NY,12866-1632,Private      ,34,12,46,3749,98,3847
00281401,SKIDMORE COLL-UNIV WITHOUT WALLS        ,NY,12866-0000,Private      ,1,1,2,32,5,37
00281500,ST BERNARDS SCH THEOLOGY & MINISTRY     ,NY,14618-3822,Private      ,0,8,8,2,41,43
00281600,SIENA COLLEGE                           ,NY,12211-1462,Private      ,222,46,268,6446,292,6738
00281700,ST BONAVENTURE UNIVERSITY               ,NY,14778-2284,Private      ,105,110,215,2648,573,3221
00282000,ST FRANCIS COLLEGE                      ,NY,11201-4398,Private      ,431,248,679,2368,570,2938
00282100,ST JOHN FISHER COLLEGE                  ,NY,14618-3597,Private      ,154,298,452,4539,1847,6386
00282200,CHRIST THE KING SEMINARY                ,NY,14052-0607,Private      ,0,1,1,1,8,9
00282300,ST JOHN'S UNIVERSITY                    ,NY,11439-1343,Private      ,811,792,1603,23582,6882,30464
00282500,ST JOSEPH'S COLLEGE                     ,NY,11205-3688,Private      ,141,243,384,1184,662,1846
00282501,ST JOSEPH'S COLLEGE-SUFFOLK CAMPUS      ,NY,11772-0000,Private      ,477,384,861,3010,1303,4313
00282600,ST JOSEPH'S SEMINARY                    ,NY,10704-0000,Private      ,0,1,1,1,3,4
00282900,ST LAWRENCE UNIVERSITY                  ,NY,13617-1455,Private      ,30,20,50,2927,132,3059
00283200,ST THOMAS AQUINAS COLLEGE               ,NY,10976-1050,Private      ,145,93,238,1875,332,2207
00283300,ST VLADIMIR ORTHODOX THEOL SEM          ,NY,10707-0000,Private      ,0,3,3,1,46,47
00283400,EXCELSIOR COLLEGE                       ,NY,12203-5159,Private      ,67,1996,2063,202,5745,5947
00283500,SUNY AT ALBANY                          ,NY,12222-0001,Public       ,1280,874,2154,20853,5256,26109
00283600,BINGHAMTON UNIVERSITY (SUNY)            ,NY,13902-6000,Public       ,848,486,1334,23188,3058,26246
00283700,SUNY AT BUFFALO                         ,NY,14260-0001,Public       ,1229,1356,2585,23055,10004,33059
00283800,SUNY AT STONY BROOK                     ,NY,11794-0001,Public       ,1457,1224,2681,24883,7482,32365
00283900,SUNY-DOWNSTATE MEDICAL CENTER           ,NY,11203-2098,Public       ,16,193,209,144,2091,2235
00284000,SUNY UPSTATE MEDICAL UNIVERSITY         ,NY,13210-2375,Public       ,11,128,139,205,1398,1603
00284100,SUNY BROCKPORT - FIN AID OFF            ,NY,14420-2914,Public       ,843,699,1542,9706,3037,12743
00284200,BUFFALO STATE COLLEGE - SUNY            ,NY,14222-1095,Public       ,1371,1253,2624,12658,5349,18007
00284300,SUNY COLLEGE-CORTLAND                   ,NY,13045-0900,Public       ,485,287,772,11682,1668,13350
00284400,SUNY AT FREDONIA                        ,NY,14063-1145,Public       ,465,165,630,7524,1028,8552
00284500,SUNY GENESEO                            ,NY,14454-1401,Public       ,340,99,439,9106,606,9712
00284600,SUNY COLLEGE-NEW PALTZ                  ,NY,12561-2499,Public       ,495,303,798,12015,2202,14217
00284700,SUNY COLLEGE-ONEONTA                    ,NY,13820-4015,Public       ,652,132,784,10748,835,11583
00284800,SUNY OSWEGO                             ,NY,13126-3599,Public       ,715,367,1082,10606,2168,12774
00284900,SUNY COLLEGE AT PLATTSBURGH             ,NY,12901-2681,Public       ,459,276,735,7145,1459,8604
00285000,SUNY COLLEGE-POTSDAM                    ,NY,13676-2294,Public       ,447,224,671,5174,1050,6224
00285100,SUNY COLLEGE OF ENVIRONMENT SCIENCE AND ,NY,13210-2778,Public       ,101,100,201,2157,602,2759
00285300,SUNY MARITIME COLLEGE                   ,NY,10465-4198,Public       ,148,79,227,1569,330,1899
00285400,SUNY COLLEGE OF TECHNOLOGY-ALFRED       ,NY,14802-9951,Public       ,315,174,489,4015,905,4920
00285500,SUNY CANTON COLG OF TECHNOLOGY          ,NY,13617-1098,Public       ,319,311,630,3087,1498,4585
00285600,SUNY AG & TECH COLLEGE-COBLESKILL       ,NY,12043-9986,Public       ,403,125,528,3017,496,3513
00285700,SUNY DELHI                              ,NY,13753-1190,Public       ,383,195,578,3579,839,4418
00285800,SUNY FARMINGDALE                        ,NY,11735-1021,Public       ,683,528,1211,5704,2009,7713
00285900,SUNY COLLEGE OF AG & TECH AT MORRISVILLE,NY,13408-0901,Public       ,407,303,710,3591,1123,4714
00286000,ADIRONDACK COMMUNITY COLLEGE            ,NY,12804-2004,Public       ,491,485,976,1900,1617,3517
00286100,CAYUGA COMMUNITY COLLEGE                ,NY,13021-3099,Public       ,542,763,1305,1863,2148,4011
00286200,BROOME COMMUNITY COLLEGE                ,NY,13902-0000,Public       ,750,674,1424,3385,2498,5883
00286300,CORNING COMMUNITY COLLEGE               ,NY,14830-3297,Public       ,634,707,1341,1971,2036,4007
00286400,DUTCHESS COMMUNITY COLLEGE              ,NY,12601-1595,Public       ,995,852,1847,3250,2229,5479
00286600,FASHION INSTITUTE OF TECHNOLOGY         ,NY,10001-5992,Public       ,582,563,1145,7846,3251,11097
00286700,SUNY FULTON MONTGOMERY COMM CLG         ,NY,12095-3790,Public       ,418,403,821,1347,1120,2467
00286800,HUDSON VALLEY COMMUNITY COLLEGE         ,NY,12180-6096,Public       ,1464,1348,2812,6876,4502,11378
00286900,JAMESTOWN COMMUNITY COLLEGE             ,NY,14702-0020,Public       ,538,578,1116,2779,2082,4861
00287000,JEFFERSON COMMUNITY COLLEGE             ,NY,13601-1897,Public       ,459,712,1171,1474,1886,3360
00287100,"SUNY, MOHAWK VALLEY COMMUNITY CLG       ",NY,13501-5394,Public       ,990,873,1863,4275,3133,7408
00287200,MONROE COMMUNITY COLLEGE                ,NY,14623-5780,Public       ,2803,3118,5921,9825,8813,18638
00287300,NASSAU COMMUNITY COLLEGE                ,NY,11530-6793,Public       ,3448,2136,5584,11335,5839,17174
00287400,NIAGARA COUNTY COMMUNITY COLLEGE        ,NY,14132-9460,Public       ,818,718,1536,4074,2893,6967
00287500,ONONDAGA COMMUNITY COLLEGE              ,NY,13215-4585,Public       ,1269,1163,2432,6151,3930,10081
00287600,ORANGE COUNTY COMMUNITY COLLEGE         ,NY,10940-6441,Public       ,824,617,1441,2932,2159,5091
00287700,ROCKLAND COMMUNITY COLLEGE              ,NY,10901-3611,Public       ,1010,687,1697,2514,1804,4318
00287800,SUFFOLK COMMUNITY COLLEGE               ,NY,11784-2899,Public       ,1928,1129,3057,7536,3705,11241
00287801,SUFFOLK COMMUNITY CLG-W. CAMPUS         ,NY,11717-0000,Public       ,891,634,1525,3163,2155,5318
00287803,SUFFOLK COMMUNITY CLG-EASTRN CAMPUS     ,NY,11901-0000,Public       ,314,284,598,1027,786,1813
00287900,SULLIVAN COUNTY COMMUNITY COLLEGE       ,NY,12759-5151,Public       ,323,280,603,1367,803,2170
00288000,ULSTER COUNTY COMMUNITY COLLEGE         ,NY,12484-0557,Public       ,357,342,699,1211,944,2155
00288100,SUNY WESTCHESTER COMMUNITY COLLEGE      ,NY,10595-1698,Public       ,1663,1476,3139,5339,4253,9592
00288200,SYRACUSE UNIVERSITY                     ,NY,13244-2130,Private      ,460,565,1025,21632,6203,27835
00288300,UTICA COLLEGE- UTICA                    ,NY,13502-4892,Private      ,167,341,508,3529,1714,5243
00288500,ALBANY COLLEGE OF PHARMACY AND HEALTH SC,NY,12208-3492,Private      ,19,24,43,1534,808,2342
00288600,ALBANY LAW SCHOOL                       ,NY,12208-0000,Private      ,12,59,71,65,1639,1704
00288700,ALBANY MEDICAL COLLEGE                  ,NY,12208-0000,Private      ,11,68,79,93,1061,1154
00288900,UNION COLLEGE                           ,NY,12308-2311,Private      ,50,17,67,3361,135,3496
00289000,UNION THEOLOGICAL SEMINARY              ,NY,10027-0000,Private      ,0,17,17,0,333,333
00289200,UNITED STATES MERCHANT MARINE ACADEMY   ,NY,11024-1699,Public       ,16,3,19,365,15,380
00289400,UNIVERSITY OF ROCHESTER                 ,NY,14627-9000,Private      ,119,351,470,8069,1903,9972
00289401,EASTMAN SCH OF MUSIC/UNIV ROCHESTER     ,NY,14604-0000,Private      ,11,28,39,760,411,1171
00289402,UNIV OF ROCHESTER SCHL OF MEDICINE      ,NY,14642-0000,Private      ,6,51,57,60,712,772
00289500,VASSAR COLLEGE                          ,NY,12604-0008,Private      ,81,13,94,4991,114,5105
00289600,VILLA MARIA COLLEGE-BUFFALO             ,NY,14225-3999,Private      ,60,68,128,463,276,739
00289900,WAGNER COLLEGE                          ,NY,10301-4495,Private      ,116,86,202,2626,429,3055
00290000,WEBB INSTITUTE                          ,NY,11542-1398,Private      ,3,1,4,52,8,60
00290100,WELLS COLLEGE                           ,NY,13026-0500,Private      ,41,9,50,1404,96,1500
00290300,YESHIVA UNIVERSITY                      ,NY,10033-3201,Private      ,178,232,410,2092,3462,5554
00290302,YESHIVA UNIVERSITY - BRONX CAMPUS       ,NY,10461-1975,Private      ,2,55,57,26,1203,1229
00397400,MESIVTHA TIFERETH JERUSALEM OF AMER     ,NY,10002-6382,Private      ,18,0,18,21,1,22
00397600,RABBINICAL ACAD MESIVTA RABBI CHAIM     ,NY,11230-4715,Private      ,0,2,2,3,3,6
00397700,RABBINICAL COLLEGE CH'SAN SOFER         ,NY,11204-1252,Private      ,0,0,0,0,1,1
00397800,RABBINICAL SEMINARY OF AMERICA          ,NY,11375-0000,Private      ,14,23,37,25,24,49
00397900,COLUMBIA UNIV TEACHERS COLLEGE          ,NY,10027-0000,Private      ,4,516,520,49,4679,4728
00405400,HEBREW UNION COL-JEWISH INST OF REL     ,NY,10012-0000,Private      ,0,5,5,3,76,79
00455301,ITT TECHNICAL INSTITUTE                 ,NY,12205-0000,Proprietary  ,67,245,312,206,540,746
00475900,"CUNY, YORK COLLEGE                      ",NY,11451-0001,Public       ,764,976,1740,9358,4726,14084
00476500,CUNY GRADUATE SCH & UNIV CTR            ,NY,10016-4309,Public       ,14,623,637,99,3044,3143
00477600,CENTRAL YESHIVA TOMCHEI TMIMIM LUBA     ,NY,11230-2798,Private      ,18,5,23,32,8,40
00478800,HERKIMER COUNTY COMMUNITY COLLEGE       ,NY,13350-1598,Public       ,410,334,744,2899,1315,4214
00479800,MIRRER YESHIVA CENTRAL INST             ,NY,11223-2010,Private      ,48,30,78,52,42,94
00479900,MONROE COLLEGE                          ,NY,10468-4305,Proprietary  ,1267,2418,3685,3216,5008,8224
00481100,EVEREST INSTITUTE                       ,NY,14621-3007,Proprietary  ,113,443,556,313,1749,2062
00506400,SAINT JAMES MERCY HOSPITAL SCHOOL OF RAD,NY,14843-2197,Private      ,0,0,0,12,14,26
00506600,FAXTON ST. LUKE'S SCHOOL OF RADIOGRAPHY ,NY,13502-4856,Private      ,1,15,16,22,53,75
00520800,THE COLLEGE OF WESTCHESTER              ,NY,10602-0000,Proprietary  ,203,318,521,791,757,1548
00587700,ROBERT J HOCHSTIM SCHOOL OF RADIOG      ,NY,11572-1151,Private      ,1,4,5,2,13,15
00643501,ARNOT OGDEN MEDICAL CENTER              ,NY,14905-1676,Private      ,5,17,22,40,58,98
00643800,PHILLIPS BETH ISRAEL SCH OF NURSING     ,NY,10001-6354,Private      ,27,68,95,107,332,439
00644300,COCHRAN SCH NSG-ST JOHN RVSDE HOSP      ,NY,10701-1399,Private      ,10,64,74,39,300,339
00644500,CROUSE HOSP SCH OF NURSING              ,NY,13210-1690,Private      ,28,77,105,133,277,410
00644800,ELLIS HOSPITAL SCHOOL OF NURSING        ,NY,12308-0000,Private      ,12,36,48,52,160,212
00646101,ST ELIZABETH COLLEGE OF NURSING         ,NY,13501-2998,Private      ,8,19,27,121,233,354
00646102,ST ELIZABETH SCH OF RADIOGRAPHY         ,NY,13501-0000,Private      ,3,11,14,18,42,60
00646700,SAINT JOSEPH'S COLLEGE OF NURSING       ,NY,13203-1806,Private      ,4,43,47,179,293,472
00678200,GENESEE COMMUNITY COLLEGE               ,NY,14020-9704,Public       ,702,897,1599,2843,2512,5355
00678500,SCHENECTADY COUNTY COMMUNITY CLG        ,NY,12305-2294,Public       ,717,805,1522,2015,2108,4123
00678700,CLINTON COMMUNITY COLLEGE               ,NY,12901-5690,Public       ,263,203,466,1333,783,2116
00678800,TOMPKINS CORTLAND COMMUNITY COLLEGE     ,NY,13053-8504,Public       ,496,458,954,2765,1562,4327
00678900,COLUMBIA-GREENE COMMUNITY COLLEGE       ,NY,12534-9543,Public       ,311,287,598,939,791,1730
00679100,SUNY AT PURCHASE                        ,NY,10577-1400,Public       ,419,155,574,7315,948,8263
00702200,CUNY-LEHMAN COLLEGE                     ,NY,10468-1589,Public       ,1017,2080,3097,11822,9013,20835
00702600,"MT SINAI SCH OF MEDICINE, NY UNIV       ",NY,10029-0000,Private      ,3,63,66,12,1041,1053
00710900,SUNY COLLEGE-OLD WESTBURY               ,NY,11568-0210,Public       ,520,460,980,5582,1945,7527
00711100,NORTH COUNTRY COMMUNITY COLLEGE         ,NY,12983-2046,Public       ,188,246,434,735,689,1424
00726400,MESIFTA TORAH VODAATH RABBINCAL SEM     ,NY,11218-5209,Private      ,7,20,27,9,22,31
00727300,CUNY-BERNARD BARUCH COLLEGE             ,NY,10010-5518,Public       ,1089,1607,2696,15982,8134,24116
00730400,CULINARY INSTITUTE OF AMERICA           ,NY,12538-1499,Private      ,334,282,616,3063,1424,4487
00737200,AUSTIN'S SCHOOL OF SPA TECHNOLOGY       ,NY,12206-1513,Proprietary  ,60,127,187,150,317,467
00737500,ISLAND DRAFTING & TECHNICAL INST        ,NY,11701-2704,Proprietary  ,18,20,38,71,85,156
00738700,LONG ISLAND BEAUTY SCHOOL               ,NY,11788-4346,Proprietary  ,61,113,174,87,158,245
00738800,LONG ISLAND BEAUTY SCHOOL               ,NY,11550-3704,Proprietary  ,17,59,76,32,122,154
00739100,BEAUTY SCHOOL OF MIDDLETOWN             ,NY,10940-6574,Proprietary  ,9,33,42,21,56,77
00739400,BERKELEY COLLEGE                        ,NY,10017-0000,Proprietary  ,679,899,1578,2879,3194,6073
00739402,BERKELEY COLLEGE-WESTCHESTER CAMPUS     ,NY,10601-1533,Proprietary  ,161,131,292,814,501,1315
00739800,KATHARINE GIBBS SCHOOL                  ,NY,10018-2602,Proprietary  ,0,0,0,4,2,6
00740100,MANDL SCHOOL                            ,NY,10019-5516,Proprietary  ,76,273,349,178,717,895
00740500,WOOD TOBE-COBURN SCHOOL                 ,NY,10016-0102,Proprietary  ,92,41,133,618,156,774
00746500,AMERICAN ACADEMY OF DRAMATIC ARTS       ,NY,10016-7089,Private      ,72,58,130,524,262,786
00746600,LIM COLLEGE                             ,NY,10022-5268,Proprietary  ,220,75,295,1913,265,2178
00746800,SCHOOL OF VISUAL ARTS                   ,NY,10010-3994,Proprietary  ,239,155,394,4058,1667,5725
00750602,LINCOLN TECHNICAL INSTITUTE             ,NY,11357-6092,Proprietary  ,243,126,369,544,351,895
00751800,APEX TECHNICAL SCHOOL                   ,NY,10011-2008,Proprietary  ,285,737,1022,641,1670,2311
00752200,CONTINENTAL SCH OF BEAUTY CULTURE       ,NY,14623-3231,Proprietary  ,96,302,398,165,442,607
00752205,CONTINENTAL SCHOOL OF BEAUTY CULTURE - M,NY,13211-1003,Proprietary  ,1,4,5,1,4,5
00753200,FINGER LAKES COMMUNITY COLLEGE          ,NY,14424-8395,Public       ,623,665,1288,3548,2364,5912
00757200,AMERICAN MUSICAL AND DRAMATIC ACAD      ,NY,10023-2106,Private      ,223,68,291,1806,362,2168
00757300,EMPIRE BEAUTY SCHOOL                    ,NY,11103-4028,Proprietary  ,48,111,159,107,266,373
00780400,STAR CAREER ACADEMY                     ,NY,10011-7307,Proprietary  ,70,226,296,154,607,761
00818900,CONTINENTAL SCHOOL OF BEAUTY CULTURE - B,NY,14224-3402,Proprietary  ,41,100,141,55,124,179
00818903,CONTINENTAL SCHOOL OF BEAUTY CULTURE - B,NY,14223-2911,Proprietary  ,3,8,11,5,10,15
00843700,CHAMPLAIN VALLEY - TEC/PRN              ,NY,12901-0000,Public       ,5,25,30,18,56,74
00849500,JAMESTOWN BUSINESS COLLEGE              ,NY,14702-0429,Proprietary  ,36,110,146,186,328,514
00861100,"CUNY, HOSTOS CMTY COLLEGE               ",NY,10451-1499,Public       ,1153,1317,2470,5791,5295,11086
00861400,RABBINICAL CLG BOBOVER YESHIVA BNEI     ,NY,11219-3293,Private      ,9,0,9,9,2,11
00878800,STATE UNIVERSITY OF NEW YORK STUDENT LOA,NY,12246-0000,Public       ,5,6,11,16,16,32
00900300,OLEAN BUSINESS INSTITUTE INC            ,NY,14760-2691,Proprietary  ,4,26,30,14,95,109
00902900,NEIGHBORHOOD PLAYHOUSE                  ,NY,10022-5017,Private      ,9,10,19,30,60,90
00904300,ELMIRA BUSINESS INSTITUTE               ,NY,14901-2731,Proprietary  ,20,177,197,106,789,895
00907700,UTICA SCHOOL OF COMMERCE                ,NY,13501-2280,Proprietary  ,40,122,162,147,470,617
00924800,SAMARITAN HOSPITAL SCH NURSING          ,NY,12180-2475,Private      ,2,25,27,45,169,214
00928300,MIDWAY-PARIS BEAUTY SCHOOL              ,NY,11385-3453,Proprietary  ,11,60,71,14,74,88
00928400,LEARNING INST FOR BEAUTY SCIENCES       ,NY,11756-1345,Proprietary  ,46,109,155,69,141,210
00933500,MESIVTA EASTERN PKWY RABBINICAL CLG     ,NY,11218-5559,Private      ,9,1,10,10,3,13
00947900,SAINT VINCENTS CMC SI NURSING SCHOOL    ,NY,10304-3850,Proprietary  ,28,72,100,90,230,320
00976900,METROPOLITAN COLLEGE OF NEW YORK        ,NY,10013-1919,Private      ,79,429,508,215,1570,1785
00992900,SUNY COLLEGE OF OPTOMETRY               ,NY,10036-8003,Public       ,4,3,7,22,328,350
01005100,LA GUARDIA CMTY COLLEGE - CUNY          ,NY,11101-3083,Public       ,2344,2378,4722,11828,8718,20546
01005200,JEFFERSON-LEWIS BOCES PRAC NRSGPRG      ,NY,13601-9509,Public       ,4,25,29,15,115,130
01009700,CUNY-MEDGAR W EVERS COLLEGE             ,NY,11225-2010,Public       ,1041,1450,2491,5325,5342,10667
01014200,TOURO COLLEGE                           ,NY,10010-4202,Private      ,1261,3020,4281,3315,10025,13340
01014700,WESTERN SUFFOLK BOCES                   ,NY,11768-3499,Public       ,41,132,173,100,313,413
01015300,HELENE FULD COL OF NRSNG/N GEN HOSP     ,NY,10035-0000,Private      ,7,230,237,30,538,568
01028600,EMPIRE STATE COLLEGE                    ,NY,12866-4391,Public       ,209,2607,2816,770,10819,11589
01037800,RABBINICAL COLLEGE OF LONG ISLAND       ,NY,11561-3244,Private      ,0,0,0,2,1,3
01054900,KEHILATH YAKOV RABBINICAL SEMINARY      ,NY,10562-1001,Private      ,0,1,1,0,1,1
01055100,NEW YORK SCH MED & DENTAL ASSISTANT     ,NY,11101-2327,Proprietary  ,39,103,142,100,285,385
01064100,SOUTHERN WESTCHESTER BOCES              ,NY,10543-0000,Public       ,2,88,90,11,146,157
01068400,ERIE COMMUNITY COLLEGE-ALL CAMPUSES     ,NY,14203-2698,Public       ,2609,2496,5105,8086,7354,15440
01081300,AMERICAN ACAD MCALLISTER INST           ,NY,10019-3604,Private      ,29,92,121,101,375,476
01083700,SIMMONS INST OF FUNERAL SERVICE         ,NY,13207-2098,Proprietary  ,3,7,10,27,37,64
01093000,SUBURBAN TECHNICAL SCHOOL               ,NY,11550-3771,Proprietary  ,162,562,724,190,835,1025
01094300,RABBINICAL COLLEGE BETH SHRAGA          ,NY,10952-3033,Private      ,3,0,3,3,0,3
01095200,PNW BOCES LPN PROGRAM                   ,NY,10598-0000,Public       ,4,42,46,8,80,88
01103100,TECHNICAL CAREER INSTITUTE              ,NY,10001-2789,Proprietary  ,725,1460,2185,1789,4414,6203
01119200,BETH HAMEDRASH SHAAREI YOSHER INST      ,NY,11204-1052,Private      ,0,2,2,1,2,3
01161400,CHAMPLAIN VALLEY HOSP SCH RAD TECH      ,NY,12901-1490,Private      ,3,2,5,26,18,44
01161700,NEW YORK METHODIST HOSPITAL             ,NY,11229-9023,Private      ,22,83,105,69,222,291
01164700,SBI CAMPUS - AN AFFILIATE OF SANFORD-BRO,NY,11747-3785,Proprietary  ,92,134,226,234,457,691
01167000,YESHIVA OF NITRA RABBINICAL COLLEGE     ,NY,11211-7108,Private      ,1,0,1,1,0,1
01167700,MEMORIAL SLOAN KETTERING CANCER CTR     ,NY,10021-6094,Private      ,1,9,10,4,23,27
01167800,SUNY INST OF TECHNOLOGY UTICA ROME      ,NY,13504-3050,Public       ,166,280,446,1733,1134,2867
01182100,YESHIVATH ZICHRON MOSHE                 ,NY,12779-0580,Private      ,34,0,34,35,1,36
01183000,BERK TRADE AND BUSINESS SCHOOL          ,NY,11101-0000,Proprietary  ,22,54,76,34,97,131
01185900,WORD OF LIFE BIBLE INSTITUTE            ,NY,12860-0129,Private      ,119,37,156,538,84,622
01186000,MERCY MED CNTR SCHL OF RADIOGRAPHY      ,NY,11570-1098,Private      ,0,4,4,6,23,29
01192100,WESTCHESTER SCH OF BEAUTY CULTURE       ,NY,10550-2295,Proprietary  ,9,39,48,10,70,80
01192200,BETH HATALMUD RABBINICAL CLG            ,NY,11214-2594,Private      ,0,1,1,1,1,2
01198400,OHR HAMEIR THEOLOGICAL SEMINARY         ,NY,10566-0990,Private      ,1,0,1,36,0,36
01201100,TALMUDICAL SEM OHOLEI TORAH             ,NY,11213-3310,Private      ,25,0,25,33,1,34
01207200,PHILLIPS HAIRSTYLING INSTITUTE          ,NY,13210-1509,Proprietary  ,10,34,44,29,77,106
01210700,INSTITUTE OF DESIGN & CONSTRUCTION      ,NY,11201-5380,Private      ,17,62,79,40,139,179
01220300,MEMORIAL HOSPITAL SCH OF NURSING        ,NY,12204-1083,Private      ,4,37,41,50,159,209
01227700,NEW YORK CHIROPRACTIC COLLEGE           ,NY,13148-0800,Private      ,0,86,86,18,712,730
01229300,VEEB NASSAU CNTY SCHL OF PRACT NURS     ,NY,11553-3037,Public       ,18,64,82,54,218,272
01235800,PLAZA COLLEGE                           ,NY,11372-6300,Proprietary  ,170,446,616,284,819,1103
01236400,SAINT VINCENTS CATHOLIC MEDICAL CENTERS ,NY,11354-0000,Proprietary  ,18,128,146,43,239,282
01240700,SCHUYLER-CHEMUNG-TIOGA BOCES            ,NY,14903-1089,Public       ,2,11,13,16,151,167
01240701,STEUBEN SCHUYLER CHEMUNG TIOGA ALLEGANY ,NY,14870-9518,Public       ,0,0,0,0,3,3
01256100,FIVE TOWNS COLLEGE                      ,NY,11746-5871,Proprietary  ,160,81,241,1374,308,1682
01258900,ERIE 1 BOCES                            ,NY,14224-0000,Public       ,22,99,121,49,222,271
01265200,ONONDAGA CORTLAND MADISON BOCES         ,NY,13090-4500,Public       ,56,186,242,177,746,923
01278300,OSWEGO COUNTY BOCES ADULT CAREERS       ,NY,13114-4498,Public       ,8,30,38,37,78,115
01292700,CENTRAL TECH NURSING PROGRAM            ,NY,13202-3092,Public       ,7,18,25,22,86,108
01302600,MACHZIKEI HADATH RABBINICAL COLLEGE     ,NY,11204-1805,Private      ,0,0,0,1,1,2
01302900,BORICUA COLLEGE                         ,NY,10032-1599,Private      ,177,433,610,420,1110,1530
02056400,CAPRI COSMETOLOGY LEARNING CENTER       ,NY,10954-0000,Proprietary  ,47,90,137,94,166,260
02056401,CAPRI COSMETOLOGY LEARNING CENTER       ,NY,12550-2118,Proprietary  ,1,6,7,7,11,18
02066200,THE NEW SCHOOL                          ,NY,10011-0000,Private      ,373,797,1170,5187,5948,11135
02069000,NEW YORK SCHOOL OF INTERIOR DESIGN      ,NY,10021-0000,Private      ,21,61,82,168,383,551
02075700,BRIARCLIFFE COLLEGE                     ,NY,11714-0000,Proprietary  ,117,157,274,901,798,1699
02075702,BRIARCLIFFE COLLEGE - PATCHOGUE         ,NY,11772-3019,Proprietary  ,70,126,196,624,688,1312
02092400,RIDLEY-LOWELL SCHOOL OF BUSINESS        ,NY,13905-0000,Proprietary  ,14,106,120,21,219,240
02093700,LONG ISLAND BUSINESS INSTITUTE          ,NY,11725-0000,Proprietary  ,97,179,276,370,894,1264
02093701,LONG ISLAND BUSINESS INSTITUTE - FLUSHIN,NY,11354-4429,Proprietary  ,1,5,6,10,23,33
02098400,HERKIMER COUNTY BOCES                   ,NY,13350-0000,Public       ,15,57,72,48,143,191
02104300,OTSEGO AREA SCHOOL OF PRAC NURSING      ,NY,12167-0000,Public       ,13,30,43,17,33,50
02105900,HAIR DESIGN INSTITUTE AT FIFTH AVE      ,NY,11220-0000,Proprietary  ,35,101,136,72,221,293
02106800,BRAMSON ORT COLLEGE                     ,NY,11375-0000,Private      ,148,251,399,249,529,778
02110900,CATTARAUGUS/ALLEGANY BOCES              ,NY,14760-0000,Public       ,13,46,59,29,136,165
02112301,RIDLEY - LOWELL BUSINESS & TECHNICAL INS,NY,12601-3328,Proprietary  ,34,192,226,40,282,322
02116011,SANFORD-BROWN INSTITUTE - NEW YORK      ,NY,10003-2103,Proprietary  ,244,562,806,655,1678,2333
02118700,LONG ISLAND COLLEGE HOSPITAL - SCHOOL OF,NY,11201-6001,Private      ,23,78,101,119,349,468
02118702,LONG ISLAND COLLEGE HOSPITAL - SCHOOL OF,NY,11201-6001,Private      ,21,62,83,125,244,369
02124000,ORANGE ULSTER BOCES SCH OF PRAC NRS     ,NY,10924-9401,Public       ,12,26,38,30,131,161
02125500,CIRCLE IN THE SQUARE THEATRE SCHOOL     ,NY,10019-0000,Private      ,11,10,21,52,47,99
02126300,MADISON-ONEIDA BOCES PRAC NRS           ,NY,13478-0000,Public       ,7,44,51,23,121,144
02138500,BOCES RENSSELAER SCH OF PRAC NRSG       ,NY,12033-3221,Public       ,19,56,75,27,94,121
02145800,CAYUGA ONONDAGA BOCES                   ,NY,13021-9430,Public       ,8,20,28,19,78,97
02146000,WAYNE-FINGER LAKES BOCES                ,NY,14513-0000,Public       ,13,55,68,32,164,196
02152000,YESHIVA SHAAR HATORAH ITRI TORAH        ,NY,11418-0000,Private      ,0,0,0,4,0,4
02153600,BROOME-TIOGA BOCES PN PROG              ,NY,13905-0000,Public       ,5,14,19,27,150,177
02157900,ROCHESTER GENERAL HOSPITAL              ,NY,14621-3001,Private      ,7,14,21,30,115,145
02158200,WSHNGTN-SARTGA-WARN-HMLTN-ESX BOCES     ,NY,12839-1051,Public       ,5,17,22,28,100,128
02160100,GENEVA GENERAL HOSPITAL                 ,NY,14456-0000,Private      ,7,13,20,28,125,153
02163400,NEW YORK CAREER INSTITUTE               ,NY,10007-2801,Proprietary  ,74,179,253,223,677,900
02169100,DAVIS COLLEGE                           ,NY,13790-0000,Private      ,16,29,45,164,95,259
02170000,SWEDISH INSTITUTE                       ,NY,10001-0000,Proprietary  ,42,158,200,111,576,687
02170200,ALBANY SCHOHARIE SCHENECTADY            ,NY,12205-0000,Public       ,18,81,99,58,148,206
02171900,AILEY SCHOOL (THE)                      ,NY,10019-4402,Private      ,11,16,27,121,64,185
02172100,HAMILTON-FULTON-MONTGOMERY BOCES        ,NY,12095-0665,Public       ,17,30,47,57,86,143
02172800,DUTCHESS COUNTY BOCES SCH PRAC NURS     ,NY,12601-0000,Public       ,22,74,96,52,164,216
02173200,EMPIRE BEAUTY SCHOOL                    ,NY,10001-0000,Proprietary  ,191,310,501,416,850,1266
02173201,LEARNING INSTITUTES FOR BEAUTY SCIENCES-,NY,11214-4347,Proprietary  ,1,7,8,6,21,27
02173900,ULSTER COUNTY BOCES PRACTICAL NRSG      ,NY,12466-0000,Public       ,14,59,73,31,148,179
02176000,CHERYL FELL'S SCHOOL OF BUSINESS        ,NY,14304-0000,Proprietary  ,4,20,24,9,65,74
02179400,EASTERN SUFFOLK BOCES                   ,NY,11713-0000,Public       ,42,111,153,194,436,630
02182200,NEW SCHOOL OF RADIO & TELEVISION        ,NY,12206-1106,Proprietary  ,16,39,55,41,70,111
02187300,DARKEI NOAM RABBINICAL COLLEGE          ,NY,11210-0000,Private      ,0,0,0,1,3,4
02191600,TORAH TEMIMAH TALMUDICAL SEMINARY       ,NY,11218-0000,Private      ,14,0,14,30,1,31
02192500,BELLEVUE HOSP CTR SCH RAD TECH          ,NY,10016-0000,Public       ,3,17,20,17,52,69
02193700,SAINT LAWRENCE LEWIS COUNTY BOCES       ,NY,13617-0000,Public       ,0,0,0,21,2,23
02199300,ORLEANS-NIAGARA BOCES                   ,NY,14132-0000,Public       ,3,13,16,12,69,81
02206000,HUNTER BUSINESS SCHOOL                  ,NY,11756-0000,Proprietary  ,86,188,274,228,549,777
02217800,D.HOPFER SCH NURSING AT MT.VRN HOSP     ,NY,10550-0000,Private      ,9,73,82,41,251,292
02219500,MILDRED ELLEY                           ,NY,12206-1513,Proprietary  ,107,575,682,395,1885,2280
02235600,ERIE 2-CHAUTAUQUA-CATTARAUGUS BOCES     ,NY,14006-0000,Public       ,4,85,89,7,122,129
02256700,KOL YAAKOV TORAH CENTER                 ,NY,10952-0000,Private      ,1,0,1,1,1,2
02265100,YESHIVA DERECH CHAIM                    ,NY,11218-0000,Private      ,16,6,22,17,6,23
02265200,GLOBAL BUSINESS INSTITUTE               ,NY,11691-0000,Private      ,105,347,452,256,940,1196
02272900,ROCKLAND COUNTY BOCES PRAC NRSG SCH     ,NY,10994-0000,Public       ,9,34,43,20,110,130
02275900,"MODERN WELDING SCHOOL, INC.             ",NY,12304-0000,Proprietary  ,11,33,44,30,82,112
02287800,NATIONAL TRACTOR TRAILER SCHOOL         ,NY,13088-2505,Proprietary  ,14,211,225,23,358,381
02294900,INSTITUTE OF AUDIO RESEARCH             ,NY,10003-0000,Proprietary  ,120,113,233,335,342,677
02306500,PROFESSIONAL BUSINESS INSTITUTE         ,NY,10002-0000,Private      ,194,260,454,396,647,1043
02314200,NORTHERN WESTCHESTER SCH COSMETOL       ,NY,10566-0000,Proprietary  ,19,22,41,20,28,48
02320100,OHR SOMAYACH TANENBAUM EDUCATIONAL CENTE,NY,10952-0000,Private      ,1,0,1,1,0,1
02325600,NEW YORK INSTITUTE OF ENGLISH & BUS     ,NY,10001-0000,Private      ,52,105,157,104,237,341
02350600,YESHIVA AND KOLLEL HARBOTZAS TORAH      ,NY,11230-0000,Private      ,0,2,2,0,2,2
02491400,SPANISH AMERICAN INSTITUTE              ,NY,10036-0000,Private      ,0,5,5,1,11,12
02505800,YESHIVA KARLIN STOLIN RAB INSTITUTE     ,NY,11204-0000,Private      ,0,0,0,0,1,1
02505900,SH-OR YOSHUV RABBINICAL COLLEGE         ,NY,11691-0000,Private      ,22,9,31,26,9,35
02506000,ASSOCIATED BETH RIVKAH SCHOOLS          ,NY,11225-0000,Private      ,17,1,18,33,5,38
02506100,CITY UNIV OF NEW YORK-CENTRAL           ,NY,10021-0000,Public       ,57,76,133,971,540,1511
02506200,MERCE CUNNINGHAM STUDIO                 ,NY,10014-0000,Private      ,0,1,1,3,3,6
02506800,YESHIVAT MIKDASH MELECH                 ,NY,11230-0000,Private      ,20,0,20,31,2,33
02511500,JOFFREY BALLET SCHOOL                   ,NY,10011-0000,Proprietary  ,22,4,26,70,8,78
02513500,MAR JON SCHOOL OF BEAUTY CULTURE        ,NY,14150-0000,Proprietary  ,14,25,39,20,50,70
02525600,ART INSTITUTE OF NEW YORK CITY (THE)    ,NY,10013-2429,Proprietary  ,382,318,700,1995,1177,3172
02540800,"GLOBE INSTITUTE OF TECHNOLOGY, INC.     ",NY,10007-0000,Proprietary  ,131,129,260,348,337,685
02546000,TRI-STATE COLLEGE OF ACUPUNCTURE        ,NY,10011-0000,Proprietary  ,0,33,33,1,144,145
02546300,YESHIVA OF THE TELSHE ALUMNI            ,NY,10471-0000,Private      ,0,0,0,1,1,2
02550600,TALMUDICAL INST OF UPSTATE NY           ,NY,14607-0000,Private      ,1,0,1,2,3,5
02556700,SEMINAR L'MOROS BAIS YAAKOV             ,NY,11219-0000,Private      ,110,0,110,260,0,260
02572900,BUSINESS INFORMATICS CENTER             ,NY,11580-0000,Proprietary  ,14,50,64,18,77,95
02575400,FRENCH CULINARY INSTITUTE               ,NY,10013-2618,Proprietary  ,93,293,386,333,876,1209
02587600,ORLO SCH HAIR DESIGN & COSMETOLOGY      ,NY,12206-1723,Proprietary  ,25,41,66,54,75,129
02599400,NEW YORK COLLEGE OF HEALTH PROFESSIONS  ,NY,11791-4413,Private      ,45,121,166,184,654,838
02600100,NEW YORK ACADEMY OF ART (THE)           ,NY,10013-2911,Private      ,17,36,53,83,216,299
02614900,SANFORD-BROWN INSTITUTE                 ,NY,10604-2910,Proprietary  ,80,186,266,193,606,799
02615001,SANFORD-BROWN COLLEGE - SANFORD-BROWN IN,NY,11530-4734,Proprietary  ,11,28,39,45,117,162
02616600,SHEAR EGO INTL SCH OF HAIR DESIGN       ,NY,14617-3501,Proprietary  ,28,48,76,58,110,168
02617000,CONTINENTAL SCH OF BEAUTY CULTURE       ,NY,14020-1908,Proprietary  ,33,88,121,48,101,149
02617001,CONTINENTAL SCHOOL OF BEAUTY CULTURE - O,NY,14760-2618,Proprietary  ,0,1,1,7,9,16
02622900,BAIS MEDRASH ELYON                      ,NY,10952-3013,Private      ,0,1,1,0,1,1
03000100,YESHIVA GEDOLAH IMREI YOSEF DSPINKA     ,NY,11219-4696,Private      ,0,0,0,1,0,1
03007200,DANCE THEATRE OF HARLEM                 ,NY,10031-0000,Private      ,5,3,8,28,18,46
03027701,PACIFIC COLLEGE OF ORIENTAL MEDICINE - N,NY,10010-7108,Proprietary  ,11,156,167,26,459,485
03081600,DELAWARE CHENANGO MADISON OT. BOCES     ,NY,13815-9554,Public       ,10,56,66,22,83,105
03089700,COMPUTER CAREER CENTER                  ,NY,11530-3334,Proprietary  ,110,431,541,192,710,902
03095500,ASA INST BUSINESS & COMPUTER TECH       ,NY,11201-5208,Proprietary  ,1070,1970,3040,2026,4444,6470
03096200,CHARLES STUART SCHOOL                   ,NY,11229-2004,Proprietary  ,2,22,24,6,35,41
03097801,CARSTEN INSTITUTE                       ,NY,10003-1901,Proprietary  ,1,6,7,10,24,34
03099100,SUNBRIDGE COLLEGE                       ,NY,10977-0000,Private      ,0,0,0,1,1,2
03103700,ADIRONDACK BEAUTY SCHOOL                ,NY,12801-3158,Proprietary  ,12,12,24,24,33,57
03104900,SULLIVAN COUNTY BOCES                   ,NY,12754-2116,Public       ,12,27,39,23,66,89
03115300,GENESEE VALLEY BOCES                    ,NY,14020-1099,Public       ,9,66,75,41,168,209
03120700,NEW YORK CONSERVATORY FOR DRAMATIC ARTS ,NY,10011-4225,Proprietary  ,30,18,48,457,129,586
03129200,RABBINICAL CLG OHR SHIMAR YISROEL       ,NY,11211-8102,Private      ,0,1,1,0,1,1
03169300,STUDIO JEWELERS                         ,NY,10016-4112,Proprietary  ,0,6,6,2,21,23
03181400,MERKAZ BNOS                             ,NY,11204-0000,Private      ,20,165,185,22,196,218
03191300,CUNY SCHOOL OF LAW @ QUEENS COLLEGE     ,NY,11367-0000,Public       ,42,84,126,456,1512,1968
03193300,MANHATTAN SCHOOL OF COMPUTER TECH       ,NY,11230-1617,Private      ,44,198,242,99,486,585
03203300,NEW YORK INSTITUTE OF MASSAGE           ,NY,14221-6021,Proprietary  ,14,46,60,42,123,165
03216300,UNIFICATION THEOLOGICAL SEMINARY        ,NY,12507-5021,Private      ,0,9,9,0,15,15
03315300,HARLEM SCHOOL OF TECHNOLOGY             ,NY,10027-4426,Proprietary  ,0,11,11,15,38,53
03328300,FRANKLIN CAREER INSTITUTE               ,NY,11550-3003,Private      ,22,64,86,80,239,319
03328301,FRANKLIN CAREER INSTITUTE - BROOKLYN    ,NY,11220-3110,Private      ,41,94,135,140,312,452
03342400,AMERICAN BARBER INSTITUTE               ,NY,10001-5271,Proprietary  ,16,29,45,43,88,131
03358300,ALLEN SCHOOL                            ,NY,11432-4901,Proprietary  ,74,283,357,145,755,900
03358301,ALLEN SCHOOL - BROOKLYN                 ,NY,11201-0000,Proprietary  ,76,217,293,163,593,756
03380300,STAR CAREER ACADEMY                     ,NY,11791-5311,Proprietary  ,50,82,132,114,230,344
03419400,NORTHEASTERN SEMINARY                   ,NY,14624-1997,Private      ,0,42,42,9,106,115
03426400,ANTHEM INSTITUTE                        ,NY,10018-0000,Proprietary  ,111,186,297,286,503,789
03433500,LIA SCHORR INSTITUTE OF COSMETIC SK     ,NY,10022-2614,Proprietary  ,3,20,23,10,48,58
03443300,NEW YORK COLLEGE OF TRADITIONAL CHINESE ,NY,11501-0000,Private      ,1,47,48,5,103,108
03496300,YESHIVA SHAAREI TORAH OF ROCKLAND       ,NY,10901-4003,Private      ,0,0,0,1,0,1
03537300,NEW YORK AUTOMOTIVE & DIESEL INSTIT     ,NY,11101-0000,Proprietary  ,54,105,159,125,297,422
03568300,LEON STUDIO ONE SCHOOL OF HAIR DESI     ,NY,14221-5323,Proprietary  ,21,33,54,36,59,95
03651300,SAINT JOSEPH'S MEDICAL CENTER SCHOO     ,NY,10701-4080,Private      ,0,4,4,6,16,22
03652300,METROPOLITAN LEARNING INSTITUTE         ,NY,11374-2101,Private      ,29,247,276,57,811,868
03691300,USA BEAUTY SCHOOL INTERNATIONAL         ,NY,10013-3530,Proprietary  ,10,26,36,28,72,100
03713300,BEIS MEDRASH HEICHAL DOVID              ,NY,11691-4433,Private      ,4,1,5,7,1,8
03773300,CENTER FOR NATURAL WELLNESS SCHOOL OF MA,NY,12205-1601,Proprietary  ,13,64,77,26,132,158
03809400,MICROPOWER CAREER INSTITUTE             ,NY,10001-2812,Proprietary  ,19,295,314,27,386,413
03819400,HUDSON VALLEY SCHOOL OF ADVANCED AESTHET,NY,12493-0000,Proprietary  ,3,13,16,13,29,42
03839300,AVEDA INSTITUTE NEW YORK                ,NY,10013-1522,Proprietary  ,35,74,109,84,255,339
03881300,UNION GRADUATE COLLEGE                  ,NY,12308-3131,Private      ,0,67,67,17,229,246
03903400,AMERICAN BEAUTY SCHOOL                  ,NY,10462-8003,Proprietary  ,49,153,202,94,328,422
03941400,ELITE ACADEMY OF BEAUTY ARTS            ,NY,11223-1630,Proprietary  ,11,35,46,22,59,81
03983300,"SCHOOL OF PROFESSIONAL HORTICULTURE, AT ",NY,10458-5126,Private      ,2,4,6,3,13,16
03988300,"SAE INSTITUTE OF TECHNOLOGY, NEW YORK   ",NY,10001-2915,Proprietary  ,110,113,223,119,129,248
04043300,ACE COMPUTER TRAINING CENTER            ,NY,11375-5337,Proprietary  ,3,33,36,20,90,110
04092401,MAKE-UP DESIGNORY -                     ,NY,10012-0041,Proprietary  ,65,66,131,201,244,445
04095300,KING'S COLLEGE (THE)                    ,NY,10018-0110,Private      ,18,9,27,609,58,667
04102300,NEW AGE TRAINING                        ,NY,10018-0000,Proprietary  ,3,30,33,3,30,33
04115500,TALMUDICAL SEMINARY OF BOBOV            ,NY,11219-3826,Private      ,0,0,0,0,5,5
04117100,EDP SCHOOL OF COMPUTER PROGRAMMING      ,NY,11235-0000,Private      ,3,58,61,7,99,106
04117700,"MONROE 2-ORLEANS BOCES, CENTER FOR WORK ",NY,14624-1119,Public       ,8,45,53,31,105,136
04123200,INSTITUTE OF ALLIED MEDICAL PROFESSIONS ,NY,11373-5541,Private      ,15,111,126,72,358,430
04123300,HUDSON VALLEY SCHOOL OF MASSAGE THERAPY ,NY,12493-0000,Proprietary  ,7,26,33,16,63,79
04125600,CAREER SCHOOL OF NY                     ,NY,10301-2416,Private      ,47,45,92,59,68,127
04133700,NEW YORK MEDICAL CAREER TRAINING CENTER ,NY,11354-6504,Proprietary  ,18,56,74,23,71,94
04134000,"JOHN PAOLO'S XTREME BEAUTY INSTITUTE, GO",NY,12020-1245,Proprietary  ,4,26,30,9,38,47
04137700,ANN MARIE'S WORLD OF BEAUTY SCHOOL      ,NY,13901-2308,Proprietary  ,2,10,12,9,22,31
04144300,INSTITUTE OF CULINARY EDUCATION         ,NY,10010-5205,Proprietary  ,94,292,386,373,798,1171
04148000,NEW LIFE BUSINESS INSTITUTE             ,NY,11432-6149,Proprietary  ,16,83,99,18,92,110
04151200,SALON PROFESSIONAL ACADEMY (THE)        ,NY,14150-9200,Proprietary  ,16,26,42,36,57,93
04155300,ONONDAGA SCHOOL OF THERAPEUTIC MASSAGE  ,NY,13210-1533,Proprietary  ,17,71,88,57,192,249
04156000,ACADEMY OF COSMETOLOGY & ESTHETICS NYC (,NY,10306-3003,Proprietary  ,40,35,75,77,83,160
04165700,"JOHN PAOLO'S XTREME BEAUTY INSTITUTE, GO",NY,12110-3053,Proprietary  ,1,13,14,1,16,17
04167600,FINGER LAKES SCHOOL OF MASSAGE (THE)    ,NY,14850-1384,Proprietary  ,12,35,47,28,88,116
04167601,FINGER LAKES SCHOOL OF MASSAGE (THE) -  ,NY,10549-1103,Proprietary  ,4,19,23,6,26,32
00267808,BRYANT & STRATTON COLLEGE - PARMA       ,OH,44130-0000,Proprietary  ,172,783,955,709,3430,4139
00301000,ANTIOCH UNIVERSITY                      ,OH,45387-1608,Private      ,6,289,295,36,1027,1063
00301100,ART ACADEMY OF CINCINNATI               ,OH,45202-7106,Private      ,35,29,64,365,130,495
00301200,ASHLAND UNIVERSITY                      ,OH,44805-3799,Private      ,184,845,1029,3857,3079,6936
00301221,ASHLAND UNIVERSITY - MANSFIELD          ,OH,44903-2269,Private      ,18,43,61,328,288,616
00301300,ATHENAEUM OF OHIO                       ,OH,45230-2000,Private      ,0,4,4,5,15,20
00301400,BALDWIN-WALLACE COLLEGE                 ,OH,44017-2088,Private      ,261,330,591,4597,1585,6182
00301600,BLUFFTON UNIVERSITY                     ,OH,45817-2104,Private      ,78,97,175,1553,367,1920
00301800,BOWLING GREEN STATE UNIVERSITY          ,OH,43403-0001,Public       ,1451,1238,2689,18451,6591,25042
00302300,CAPITAL UNIVERSITY                      ,OH,43209-2394,Private      ,207,428,635,4036,2881,6917
00302400,CASE WESTERN RESERVE UNIV               ,OH,44106-0000,Private      ,92,216,308,6608,1248,7856
00302401,CASE WESTERN RESERVE UNIV - MED         ,OH,44106-0000,Private      ,1,43,44,56,1110,1166
00302402,CASE WESTERN RESERVE UNIV - DENTAL      ,OH,44106-0000,Private      ,3,20,23,23,299,322
00302403,CASE WESTERN RESERVE UNIV - LAW         ,OH,44106-0000,Private      ,2,76,78,21,1272,1293
00302404,CASE WESTERN RESERVE UNIV - UG          ,OH,44106-0000,Private      ,8,12,20,373,61,434
00302405,CASE WESTERN RESERVE UNIV - MSASS       ,OH,44106-0000,Private      ,2,42,44,47,511,558
00302406,CASE WESTERN RESERVE UNIV - NURS UG     ,OH,44106-0000,Private      ,11,34,45,217,189,406
00302407,CASE WESTERN RESERVE UNIV - WSOM        ,OH,44106-0000,Private      ,0,50,50,20,264,284
00302408,CASE WESTERN RESERVE UNIV -A&S GRAD     ,OH,44106-0000,Private      ,0,72,72,18,362,380
00302409,CASE WESTERN RESERVE UNIV -ENG GRAD     ,OH,44106-0000,Private      ,0,15,15,30,99,129
00302410,CASE WESTERN RESERVE UNIV -NURS GRD     ,OH,44106-0000,Private      ,0,60,60,13,383,396
00302500,CEDARVILLE UNIVERSITY                   ,OH,45314-8564,Private      ,210,65,275,3919,263,4182
00302600,CENTRAL STATE UNIVERSITY                ,OH,45384-1004,Public       ,302,279,581,3371,1519,4890
00302900,CINCINNATI CHRISTIAN UNIVERSITY         ,OH,45204-3200,Private      ,101,216,317,572,608,1180
00303000,OHIO CHRISTIAN UNIVERSITY               ,OH,43113-9487,Private      ,110,593,703,505,1619,2124
00303100,CLEVELAND INSTITUTE OF MUSIC            ,OH,44106-1776,Private      ,8,19,27,469,444,913
00303200,CLEVELAND STATE UNIVERSITY              ,OH,44115-2214,Public       ,1165,3261,4426,8446,13935,22381
00303300,COLLEGE OF MT ST JOSEPH                 ,OH,45233-1670,Private      ,90,188,278,1805,1280,3085
00303500,OHIO DOMINICAN UNIVERSITY               ,OH,43219-2099,Private      ,136,492,628,2181,2509,4690
00303600,FRANCISCAN UNIV OF STEUBENVILLE         ,OH,43952-1763,Private      ,131,135,266,2208,648,2856
00303700,COLLEGE OF WOOSTER                      ,OH,44691-2363,Private      ,69,15,84,3076,101,3177
00303900,COLUMBUS COLLEGE OF ART AND DESIGN      ,OH,43215-1758,Private      ,110,105,215,1733,534,2267
00304000,CUYAHOGA COMMUNITY COLLEGE              ,OH,44115-2878,Public       ,2729,6753,9482,10429,24914,35343
00304100,"DEFIANCE COLLEGE, THE                   ",OH,43512-1695,Private      ,55,84,139,1425,511,1936
00304200,DENISON UNIVERSITY                      ,OH,43023-1329,Private      ,46,9,55,2872,87,2959
00304300,CHANCELLOR UNIVERSITY                   ,OH,44114-1096,Proprietary  ,16,294,310,44,806,850
00304400,TRINITY LUTHERAN SEMINARY               ,OH,43209-0000,Private      ,0,22,22,2,155,157
00304500,UNIVERSITY OF FINDLAY                   ,OH,45840-3695,Private      ,235,318,553,3272,1596,4868
00304600,FRANKLIN UNIVERSITY                     ,OH,43215-5399,Private      ,187,1905,2092,943,9840,10783
00304700,HEBREW UNION COLLEGE MAIN CAMPUS        ,OH,45220-0000,Private      ,0,6,6,4,114,118
00304800,HEIDELBERG UNIVERSITY                   ,OH,44883-2462,Private      ,72,89,161,2034,415,2449
00304900,HIRAM COLLEGE                           ,OH,44234-1808,Private      ,59,83,142,1741,364,2105
00305000,JOHN CARROLL UNIVERSITY                 ,OH,44118-4581,Private      ,250,223,473,4195,1076,5271
00305100,KENT STATE UNIV - KENT CAMPUS           ,OH,44242-0001,Public       ,1933,2058,3991,21464,11155,32619
00305101,KENT STATE UNIV - GEAUGA CAMPUS         ,OH,44021-0000,Public       ,91,151,242,433,714,1147
00305102,KENT STATE UNIV - STARK CAMPUS          ,OH,44720-0000,Public       ,465,689,1154,2485,2856,5341
00305103,KENT STATE UNIV - TUSCARAWAS CAMPUS     ,OH,44663-0000,Public       ,197,444,641,1028,1746,2774
00305104,KENT STATE UNIV - TRUMBULL CAMPUS       ,OH,44483-0000,Public       ,202,512,714,943,2021,2964
00305105,KENT STATE UNIV - ASHTABULA CAMPUS      ,OH,44004-0000,Public       ,199,474,673,930,1905,2835
00305106,KENT STATE UNIV -E.LIVERPOOL CAMPUS     ,OH,43920-0000,Public       ,81,159,240,384,794,1178
00305107,KENT STATE UNIV - SALEM CAMPUS          ,OH,44460-0000,Public       ,120,223,343,850,1269,2119
00306500,KENYON COLLEGE                          ,OH,43022-9623,Private      ,26,4,30,2465,33,2498
00306600,LAKE ERIE COLLEGE                       ,OH,44077-3389,Private      ,97,113,210,1597,475,2072
00306800,LORAIN COUNTY COMMUNITY COLLEGE         ,OH,44035-1691,Public       ,1158,2404,3562,3742,8327,12069
00306900,LOURDES COLLEGE                         ,OH,43560-2898,Private      ,146,555,701,857,2278,3135
00307200,MALONE UNIVERSITY                       ,OH,44709-3897,Private      ,80,271,351,2196,1388,3584
00307300,MARIETTA COLLEGE                        ,OH,45750-4033,Private      ,81,36,117,2566,314,2880
00307500,METHODIST THEOLOGICAL SCH IN OHIO       ,OH,43015-0000,Private      ,0,40,40,1,203,204
00307600,MIAMI-JACOBS COLLEGE                    ,OH,45401-0000,Proprietary  ,34,254,288,200,1200,1400
00307602,MIAMI - JACOBS CAREER COLLEGE - SPRINGBO,OH,45066-1115,Proprietary  ,41,152,193,113,519,632
00307603,MIAMI - JACOBS CAREER COLLEGE - TROY    ,OH,45373-3837,Proprietary  ,58,218,276,193,791,984
00307700,MIAMI UNIVERSITY                        ,OH,45056-1831,Public       ,1145,1284,2429,19396,5653,25049
00307800,WRIGHT STATE UNIVERSITY                 ,OH,45435-0002,Public       ,1306,1867,3173,13887,10785,24672
00308300,MOUNT UNION COLLEGE                     ,OH,44601-3993,Private      ,180,49,229,3594,293,3887
00308400,MUSKINGUM UNIVERSITY                    ,OH,43762-1199,Private      ,157,187,344,2354,693,3047
00308500,NOTRE DAME COLLEGE OF OHIO              ,OH,44121-4293,Private      ,161,358,519,1881,1398,3279
00308600,OBERLIN COLLEGE                         ,OH,44074-1090,Private      ,66,23,89,4990,169,5159
00308800,OHIO COLLEGE OF PODIATRIC MEDICINE      ,OH,44131-7304,Private      ,0,31,31,2,487,489
00308900,OHIO NORTHERN UNIVERSITY                ,OH,45810-1555,Private      ,275,149,424,3930,1190,5120
00309000,OHIO STATE UNIVERSITY-ALL CAMPUSES      ,OH,43210-1358,Public       ,3199,3073,6272,47641,24931,72572
00310000,OHIO UNIVERSITY                         ,OH,45701-2979,Public       ,1336,1752,3088,20515,7943,28458
00310002,"OHIO UNIVERSITY, ZANESVILLE CAMPUS      ",OH,43701-0000,Public       ,136,276,412,1138,1368,2506
00310003,"OHIO UNIVERSITY, LANCASTER CAMPUS       ",OH,43130-0000,Public       ,184,390,574,1193,1746,2939
00310004,"OHIO UNIVERSITY, SOUTHERN CAMPUS        ",OH,45638-0000,Public       ,197,498,695,931,1818,2749
00310005,"OHIO UNIVERSITY, CHILLICOTHE CAMPUS     ",OH,45601-0000,Public       ,231,611,842,1056,2305,3361
00310006,"OHIO UNIVERSITY, EASTERN CAMPUS         ",OH,43950-0000,Public       ,81,82,163,535,313,848
00310008,OHIO UNIV COLL OF OSTEOPATHIC MED       ,OH,45701-0000,Public       ,1,23,24,7,477,484
00310900,OHIO WESLEYAN UNIVERSITY                ,OH,43015-2398,Private      ,47,25,72,2899,167,3066
00311000,OTTERBEIN COLLEGE                       ,OH,43081-2006,Private      ,186,193,379,3935,1075,5010
00311300,PONTIFICAL COLLEGE JOSEPHINUM           ,OH,43235-1498,Private      ,5,9,14,24,25,49
00311400,FIRELANDS REGIONAL MEDICAL CENTER - SOUT,OH,44870-4788,Private      ,4,27,31,58,164,222
00311500,RABBINICAL COLLEGE OF TELSHE            ,OH,44092-2584,Private      ,1,2,3,2,4,6
00311600,UNIV OF RIO GRANDE                      ,OH,45674-3131,Private      ,213,458,671,1541,1801,3342
00311900,SINCLAIR COMMUNITY COLLEGE              ,OH,45402-1460,Public       ,2244,5164,7408,8252,18547,26799
00312100,TIFFIN UNIVERSITY                       ,OH,44883-2161,Private      ,293,1275,1568,2521,4144,6665
00312200,UNITED THEOLOGICAL SEMINARY             ,OH,45406-0000,Private      ,0,107,107,2,331,333
00312300,UNIVERSITY OF AKRON                     ,OH,44325-6211,Public       ,1834,2460,4294,19972,14618,34590
00312500,UNIVERSITY OF CINCINNATI                ,OH,45221-0125,Public       ,3382,4903,8285,25238,21113,46351
00312504,UNIVERSITY OF CINCINNATI - MEDICINE     ,OH,45267-0553,Public       ,48,101,149,694,1615,2309
00312700,UNIVERSITY OF DAYTON                    ,OH,45469-0002,Private      ,387,721,1108,10536,3880,14416
00313100,UNIVERSITY OF TOLEDO                    ,OH,43606-3390,Public       ,1663,1899,3562,17778,10099,27877
00313101,UNIVERSITY OF TOLEDO - HEALTH SCIENCE CA,OH,43614-2598,Public       ,62,235,297,854,1568,2422
00313300,URBANA UNIVERSITY                       ,OH,43078-2091,Private      ,49,132,181,987,661,1648
00313400,URSULINE COLLEGE                        ,OH,44124-4398,Private      ,76,289,365,632,1235,1867
00313500,WALSH UNIVERSITY                        ,OH,44720-3396,Private      ,102,185,287,2401,1140,3541
00314100,WILBERFORCE UNIVERSITY                  ,OH,45384-1001,Private      ,76,82,158,902,469,1371
00314200,WILMINGTON COLLEGE                      ,OH,45177-2499,Private      ,65,90,155,1720,522,2242
00314300,WITTENBERG UNIVERSITY                   ,OH,45501-2199,Private      ,56,51,107,2785,271,3056
00314400,XAVIER UNIVERSITY                       ,OH,45207-1035,Private      ,261,544,805,6766,3194,9960
00314500,YOUNGSTOWN STATE UNIVERSITY             ,OH,44555-0001,Public       ,1277,1822,3099,9591,7975,17566
00398200,CLEVELAND INSTITUTE OF ART              ,OH,44106-1700,Private      ,32,34,66,938,235,1173
00406000,WINEBRENNER THEOLOGICAL SEMINARY        ,OH,45840-0000,Private      ,1,26,27,2,56,58
00485200,CLARK STATE COMMUNITY COLLEGE           ,OH,45505-4795,Public       ,421,1371,1792,1625,4939,6564
00485300,BRADFORD SCHOOL                         ,OH,43219-0000,Proprietary  ,102,137,239,717,631,1348
00485500,DAVIS COLLEGE                           ,OH,43623-4307,Proprietary  ,54,244,298,157,786,943
00486100,UNIVERSITY OF NORTHWESTERN OHIO         ,OH,45805-1498,Private      ,347,375,722,4323,1846,6169
00486600,STAUTZENBERGER COLLEGE                  ,OH,43537-4007,Proprietary  ,108,454,562,395,1615,2010
00510200,SCH OF DIAGNOSTIC IMAGING-CLEVELAND     ,OH,44119-0000,Private      ,2,9,11,7,42,49
00512700,BROWN MACKIE COLLEGE-CINCINNATI         ,OH,45215-1107,Proprietary  ,405,1786,2191,1367,5803,7170
00512728,BROWN MACKIE COLLEGE-CINCINNATI - LANDMA,OH,45215-1231,Proprietary  ,0,0,0,1,12,13
00521000,CLEVELAND INSTITUTE OF ELECTRONICS      ,OH,44114-0000,Proprietary  ,0,0,0,12,184,196
00531300,NORTH CENTRAL STATE COLLEGE             ,OH,44901-0000,Public       ,342,848,1190,1357,3149,4506
00575300,OWENS STATE COMMUNITY COLLEGE           ,OH,43699-0000,Public       ,1761,3979,5740,6067,13504,19571
00648700,AULTMAN COLLEGE OF NURSING AND HEALTH SC,OH,44710-1799,Private      ,18,68,86,149,422,571
00648900,CHRIST HOSP SCH OF NURSING              ,OH,45219-2906,Private      ,17,51,68,92,256,348
00649400,GOOD SAMARITAN COLG-NURSING/HEALTH      ,OH,45220-2489,Private      ,27,81,108,230,446,676
00649800,MERIDIA HURON SCHOOL OF NURSING         ,OH,44112-4308,Private      ,13,125,138,71,672,743
00650700,TRINIT HEALTH SYSTEM SCH OF NURSING     ,OH,43952-2667,Private      ,4,12,16,53,102,155
00680400,LAKELAND COMMUNITY COLLEGE              ,OH,44094-5198,Public       ,838,1827,2665,3073,6202,9275
00686700,COLUMBUS STATE COMMUNITY COLLEGE        ,OH,43215-1786,Public       ,3243,6781,10024,12569,26532,39101
00703500,KETTERING COLLEGE OF MEDICAL ARTS       ,OH,45429-1299,Private      ,58,192,250,545,968,1513
00708500,MOUNT VERNON NAZARENE UNIVERSITY        ,OH,43050-9500,Private      ,106,147,253,1588,644,2232
00708501,MOUNT VERNON NAZARENE UNIV - AGS        ,OH,43050-0000,Private      ,9,264,273,95,937,1032
00727500,EASTERN GATEWAY COMMUNITY COLLEGE       ,OH,43952-3598,Public       ,257,442,699,894,1525,2419
00747300,CHOFFIN CAREER & TECHNICAL CENTER       ,OH,44503-1628,Public       ,13,70,83,60,342,402
00759800,HOCKING TECHNICAL COLLEGE               ,OH,45764-9582,Public       ,713,1188,1901,3962,4355,8317
00777700,REMINGTON COLLEGE - CLEVELAND CAMPUS    ,OH,44125-1957,Proprietary  ,98,470,568,252,1276,1528
00777704,REMINGTON COLLEGE-CLEVELAND WEST CAMPUS ,OH,44070-3129,Proprietary  ,34,157,191,119,495,614
00812900,ADULT AND COMMUNITY EDUCATION @ HUDSON  ,OH,43211-2017,Public       ,15,151,166,47,433,480
00813200,TOLEDO SCHOOL OF PRACTICAL NURSING      ,OH,43613-5110,Public       ,14,106,120,80,370,450
00813300,ZANE STATE COLLEGE                      ,OH,43701-2626,Public       ,238,553,791,1117,2584,3701
00819400,AKRON SCHOOL OF PRACTICAL NRSG          ,OH,44311-0000,Public       ,10,32,42,76,208,284
00827800,TERRA COMMUNITY COLLEGE                 ,OH,43420-9670,Public       ,284,847,1131,932,2313,3245
00867700,NORTHWEST STATE COMMUNITY COLLEGE       ,OH,43502-9542,Public       ,280,733,1013,1095,2945,4040
00888600,PORTAGE LAKES CAREER CENTER             ,OH,44232-0000,Public       ,6,44,50,24,170,194
00908800,ITT TECHNICAL INSTITUTE                 ,OH,45414-3456,Proprietary  ,148,507,655,552,2128,2680
00915600,WAYNE COUNTY SCHOOLS CAREER CENTER      ,OH,44677-9672,Public       ,19,73,92,50,253,303
00917200,SPRINGFIELD REGIONAL SCHOOL OF NURSING  ,OH,45501-0000,Private      ,12,35,47,50,132,182
00941200,FORTIS COLLEGE                          ,OH,44221-2998,Proprietary  ,92,344,436,325,1058,1383
00945101,BROWN MACKIE COLLEGE-NORTH CANTON       ,OH,44720-0000,Proprietary  ,79,342,421,220,1409,1629
00953000,GERBER AKRON BEAUTY SCHOOL              ,OH,44313-6995,Proprietary  ,7,43,50,16,98,114
00953100,SPA SCHOOL (THE)                        ,OH,43214-1524,Proprietary  ,12,60,72,64,186,250
00966000,TIFFIN ACADEMY OF HAIR DESIGN           ,OH,44883-2833,Proprietary  ,5,15,20,41,67,108
00983700,ITT TECHNICAL INSTITUTE                 ,OH,44509-4098,Proprietary  ,140,329,469,624,1628,2252
00994100,BELMONT TECHNICAL COLLEGE               ,OH,43950-9766,Public       ,293,555,848,1041,1939,2980
00994200,SHAWNEE STATE UNIVERSITY                ,OH,45662-4344,Public       ,460,524,984,4142,2355,6497
01001700,PAYNE THEOLOGICAL SEMINARY              ,OH,45384-0474,Private      ,0,72,72,2,148,150
01002700,JAMES A. RHODES STATE COLLEGE           ,OH,45804-3597,Public       ,375,943,1318,1781,3656,5437
01016800,NATIONWIDE BEAUTY ACADEMY               ,OH,43228-1000,Proprietary  ,22,56,78,131,256,387
01028000,OHIO STATE BEAUTY ACADEMY               ,OH,45801-4950,Proprietary  ,29,55,84,84,189,273
01032300,HANNAH E MULLINS SCH-PRAC NRSG          ,OH,44460-2906,Public       ,6,32,38,29,117,146
01034500,CINCINNATI STATE TECH & COMM CLG        ,OH,45223-2690,Public       ,1297,3024,4321,5115,11799,16914
01045300,WASHINGTON STATE CMTY COLLEGE           ,OH,45750-9225,Public       ,208,528,736,966,1576,2542
01063000,NORTHERN INSTITUTE OF COSMETOLOGY       ,OH,44052-1803,Proprietary  ,6,23,29,19,51,70
01073600,MARION TECHNICAL COLLEGE                ,OH,43302-5694,Public       ,162,565,727,835,2190,3025
01088000,CHATFIELD COLLEGE                       ,OH,45118-9705,Private      ,20,116,136,68,291,359
01088100,STARK STATE COLLEGE OF TECHNOLOGY       ,OH,44720-7299,Public       ,1037,2856,3893,3813,11432,15245
01090600,CINCINNATI CLG OF MORTUARY SCIENCE      ,OH,45224-1428,Private      ,16,40,56,81,172,253
01092300,UNION INSTITUTE & UNIVERSITY            ,OH,45206-1925,Private      ,15,547,562,41,1603,1644
01099300,HOBART INSTITUTE OF WELDING TECHNOLOGY  ,OH,45373-2400,Private      ,39,66,105,251,234,485
01100500,KAPLAN COLLEGE                          ,OH,43232-4827,Proprietary  ,61,339,400,217,1395,1612
01104600,CENTRAL OHIO TECHNICAL COLLEGE          ,OH,43055-1767,Public       ,320,961,1281,1550,4808,6358
01170300,PENTA COUNTY JOINT VOCATIONAL SCH       ,OH,43551-0000,Public       ,7,64,71,25,133,158
01174400,NATIONAL BEAUTY COLLEGE                 ,OH,44720-0000,Proprietary  ,14,57,71,34,131,165
01174500,OHIO TECHNICAL COLLEGE                  ,OH,44103-1228,Proprietary  ,241,269,510,1429,852,2281
01182500,OHIO STATE SCHOOL OF COSMETOLOGY        ,OH,43224-1107,Proprietary  ,13,46,59,73,202,275
01212800,SOUTHWESTERN COLLEGE                    ,OH,45402-3003,Proprietary  ,64,370,434,190,1640,1830
01212802,SOUTHWESTERN COLLEGE                    ,OH,45005-2267,Proprietary  ,18,142,160,55,554,609
01212803,SOUTHWESTERN COLLEGE                    ,OH,45202-4304,Proprietary  ,69,476,545,172,1429,1601
01212804,SOUTHWESTERN COLLEGE                    ,OH,45246-3121,Proprietary  ,95,414,509,267,1643,1910
01212806,SOUTHWESTERN COLLEGE - TOLEDO           ,OH,43615-6800,Proprietary  ,66,301,367,165,1183,1348
01216600,CAROUSEL BEAUTY COLLEGE                 ,OH,45402-8935,Proprietary  ,27,45,72,66,173,239
01224800,CENTRAL SCHOOL OF PRACTICAL NURSING     ,OH,44103-4371,Private      ,21,124,145,78,420,498
01267200,CAROUSEL BEAUTY COLLEGE                 ,OH,45044-5113,Proprietary  ,7,8,15,14,34,48
01267400,CAROUSEL OF MIAMI VALLEY BEAUTY CLG     ,OH,45424-2063,Proprietary  ,0,5,5,3,11,14
01275000,EDISON COMMUNITY COLLEGE                ,OH,45356-9239,Public       ,146,523,669,1096,2577,3673
01283800,LAURA AND ALVIN SIEGAL COLLEGE OF JUDAIC,OH,44122-7197,Private      ,0,4,4,0,9,9
01284800,MOLER-HOLLYWOOD BEAUTY COLLEGE          ,OH,45202-2577,Proprietary  ,10,54,64,26,77,103
01287000,SOUTHERN STATE COMMUNITY COLLEGE        ,OH,45133-9406,Public       ,347,859,1206,1141,3011,4152
01289100,ANTONELLI COLLEGE                       ,OH,45202-2592,Proprietary  ,36,161,197,206,510,716
01289600,VIRGINIA MARTI COLLEGE OF ART AND DESIGN,OH,44107-0778,Proprietary  ,55,56,111,212,194,406
01313200,INTERNATIONAL CLG OF BROADCASTING       ,OH,45431-1898,Proprietary  ,13,37,50,51,135,186
02052000,KAPLAN COLLEGE                          ,OH,45439-1984,Proprietary  ,69,355,424,245,993,1238
02054300,TRUMBULL BUSINESS COLLEGE               ,OH,44484-0000,Proprietary  ,13,92,105,69,549,618
02056800,DAYMAR COLLEGE                          ,OH,45601-1038,Proprietary  ,28,197,225,74,752,826
02056802,DAYMAR COLLEGE - LANCASTER              ,OH,43130-0000,Proprietary  ,12,58,70,23,246,269
02056803,DAYMAR COLLEGE - NEW BOSTON             ,OH,45662-4900,Proprietary  ,20,138,158,38,251,289
02056804,DAYMAR COLLEGE - JACKSON                ,OH,45640-1728,Proprietary  ,9,92,101,21,143,164
02066100,OHIO STATE COLLEGE/BARBER STYLING       ,OH,43213-0000,Proprietary  ,16,74,90,81,194,275
02069500,AKRON INSTITUTE                         ,OH,44306-0000,Proprietary  ,79,293,372,347,1390,1737
02073300,GALLIA-JACKSON-VINTON SCH ADULT ED      ,OH,45674-0000,Public       ,21,66,87,71,234,305
02110700,CLEVELAND INST OF DENTAL-MED ASST       ,OH,44115-2285,Proprietary  ,50,190,240,135,574,709
02116009,SANFORD-BROWN COLLEGE - MIDDLEBURG HEIGH,OH,44130-8362,Proprietary  ,74,356,430,299,1544,1843
02116900,UPPER VALLEY JVS                        ,OH,45356-0000,Public       ,4,53,57,18,318,336
02117300,GREAT OAKS INSTITUTE OF TECHNOLOGY      ,OH,45241-1581,Public       ,67,251,318,193,720,913
02128600,THE ART INSTITUTE OF CINCINNATI         ,OH,45246-0000,Proprietary  ,52,44,96,319,193,512
02140700,COMMUNITY EDUCATIONAL SERVICES          ,OH,44702-1710,Public       ,4,47,51,31,239,270
02152100,ACADEMY OF COURT REPORTING AND TECHNOLOG,OH,44115-0000,Proprietary  ,29,160,189,71,510,581
02152101,ACADEMY OF COURT REPORTING & TECHNOLOGY ,OH,43215-3902,Proprietary  ,27,131,158,107,659,766
02152102,ACADEMY OF COURT REPORTING - MIAMI-JACOB,OH,44313-3607,Proprietary  ,5,24,29,13,86,99
02152104,ACADEMY OF COURT REPORTING AND TECHNOLOG,OH,45202-2123,Proprietary  ,5,25,30,11,77,88
02152106,ACADEMY OF COURT REPORTING AND TECHNOLOG,OH,45241-5428,Proprietary  ,17,83,100,39,247,286
02158500,OHIO BUSINESS COLLEGE                   ,OH,44055-3344,Proprietary  ,41,188,229,100,780,880
02158501,OHIO BUSINESS COLLEGE                   ,OH,44870-9953,Proprietary  ,35,157,192,75,616,691
02168100,TRI-COUNTY JOINT VOCATIONAL SCHOOL      ,OH,45764-0000,Public       ,21,56,77,44,128,172
02187900,ASHTABULA CO JOINT VOC SCH ADULT ED     ,OH,44047-0000,Public       ,12,85,97,30,234,264
02189000,ADULT CENTER FOR EDUCATION              ,OH,43701-0000,Public       ,22,120,142,86,386,472
02190700,FORTIS COLLEGE                          ,OH,45459-0000,Proprietary  ,119,844,963,436,2773,3209
02192100,BUTLER TECHNOLOGY AND CAREER DEVELOPMENT,OH,45011-0000,Public       ,57,267,324,173,686,859
02196300,COLLINS CAREER CENTER                   ,OH,45619-0000,Public       ,75,190,265,230,573,803
02210800,MEDINA COUNTY CAREER CENTER             ,OH,44256-0000,Public       ,16,75,91,45,193,238
02215400,OHIO STATE SCHOOL OF COSMETOLOGY        ,OH,43207-0000,Proprietary  ,24,46,70,86,176,262
02220500,GOD'S BIBLE SCHOOL & COLLEGE            ,OH,45210-0000,Private      ,33,23,56,180,72,252
02220800,CAREER & TECHNOLOGY EDUCATION CENTERS OF,OH,43055-0000,Public       ,17,81,98,49,255,304
02239800,PIONEER CAREER & TECHNOLOGY CENTER      ,OH,44875-0000,Public       ,1,28,29,6,60,66
02245600,WARREN COUNTY CAREER CENTER             ,OH,45036-0000,Public       ,13,109,122,41,283,324
02246300,INSTITUTE OF MEDICAL-DENTAL TECH        ,OH,45246-3317,Proprietary  ,26,71,97,48,202,250
02263700,MIAMI VALLEY CAREER TECHNOLOGY CTR      ,OH,45315-0000,Public       ,28,164,192,87,470,557
02269400,EASTERN HILLS ACAD OF HAIR DESIGN       ,OH,45255-0000,Proprietary  ,12,33,45,25,78,103
02269500,WESTERN HILLS SCHOOL OF BEAUTY & HAIR DE,OH,45211-0000,Proprietary  ,14,96,110,45,231,276
02270100,OHIO HI-POINT CAREER CENTER             ,OH,43311-0000,Public       ,8,86,94,42,331,373
02272700,COLUMBIANA COUNTY CAREER CENTER         ,OH,44432-0000,Public       ,11,63,74,29,206,235
02287900,RAPHAEL'S SCHOOL OF BEAUTY CULTURE      ,OH,44446-0000,Proprietary  ,29,106,135,42,181,223
02289802,KAPLAN COLLEGE                          ,OH,45203-0000,Proprietary  ,47,299,346,155,1016,1171
02301400,OHIO VALLEY COLLEGE OF TECHNOLOGY       ,OH,43920-0000,Proprietary  ,21,78,99,96,238,334
02303600,BOHECKER'S BUSINESS COLLEGE             ,OH,44266-0000,Proprietary  ,21,116,137,118,678,796
02304700,TRI-RIVERS CAREER CENTER                ,OH,43302-0000,Public       ,21,60,81,50,263,313
02311200,AMERICAN SCHOOL OF TECHNOLOGY           ,OH,43229-0000,Proprietary  ,27,186,213,64,565,629
02315500,TOLEDO ACADEMY OF BEAUTY CULTURE - EAST ,OH,43616-0000,Proprietary  ,8,47,55,16,107,123
02328500,MOLER-PICKENS BEAUTY COLLEGE            ,OH,45014-0000,Proprietary  ,3,45,48,7,58,65
02334300,INTERNATIONAL ACAD OF HAIR DESIGN       ,OH,45239-0000,Proprietary  ,11,24,35,47,81,128
02336300,KNOX COUNTY CAREER CENTER               ,OH,43050-4298,Public       ,3,54,57,28,280,308
02336700,CUYAHOGA VALLEY CAREER CENTER           ,OH,44141-1296,Public       ,21,57,78,89,277,366
02337700,PROFESSIONAL SKILLS INSTITUTE           ,OH,43607-0000,Proprietary  ,34,146,180,121,783,904
02351500,WILLOUGHBY EASTLAKE SCH OF PRAC NSG     ,OH,44094-0000,Public       ,5,17,22,14,107,121
02352800,POLARIS CAREER CENTER-ADULT ED DEPT     ,OH,44130-0000,Public       ,34,157,191,74,357,431
02354200,SCIOTO COUNTY JOINT VOCATIONAL SCH      ,OH,45648-0000,Public       ,32,118,150,73,273,346
02454400,NORTHEASTERN OHIO UNIVS COL OF MED      ,OH,44272-0000,Public       ,4,40,44,115,828,943
02497800,GREENE COUNTY CAREER CENTER             ,OH,45385-0000,Public       ,16,109,125,36,206,242
02512600,ADULT VOCATIONAL SERVICES               ,OH,44308-0000,Public       ,0,11,11,3,55,58
02519300,OHIO STATE SCH COSMETOLOGY              ,OH,43068-0000,Proprietary  ,24,37,61,59,119,178
02522700,EASTLAND-FAIRFIELD CAREER AND TECHNICAL ,OH,43125-0000,Public       ,27,92,119,58,312,370
02528300,TDDS TECHNICAL INSTITUTE                ,OH,44429-0000,Proprietary  ,22,208,230,64,465,529
02529500,HAMRICK SCHOOL                          ,OH,44256-0000,Proprietary  ,10,105,115,22,195,217
02541400,TOLEDO ACADEMY OF BEAUTY CULTURE-SO     ,OH,43614-0000,Proprietary  ,14,74,88,51,176,227
02545800,INNER STATE BEAUTY SCHOOLS              ,OH,44124-0000,Proprietary  ,22,81,103,45,198,243
02553000,SCHOOL OF ADVERTISING ART               ,OH,45440-0000,Proprietary  ,13,3,16,178,30,208
02560000,CASAL AVEDA INSTITUTE                   ,OH,44515-0000,Proprietary  ,31,37,68,80,97,177
02560700,PICKAWAY ROSS CO JOINT VOC TECH SCH     ,OH,45601-0000,Public       ,18,139,157,57,396,453
02560701,PICKAWAY ROSS COUNTY JOINT VOCATIONAL SC,OH,45601-9010,Public       ,6,37,43,21,143,164
02562300,APOLLO CAREER CENTER-ADULT EDUC         ,OH,45806-0000,Public       ,26,185,211,94,632,726
02563000,RAPHAELS SCHOOL OF BEAUTY CULTURE       ,OH,44601-2847,Proprietary  ,11,45,56,22,77,99
02568600,MAHONING COUNTY CAREER & TECH CENTR     ,OH,44406-0000,Public       ,6,48,54,13,98,111
02582900,KAPLAN CAREER INSTITUTE                 ,OH,44129-6810,Proprietary  ,51,269,320,174,913,1087
02586400,TRUMBULL CAREER & TECH CENTER-ADULT     ,OH,44483-1997,Public       ,22,105,127,63,351,414
02588500,OHIO STATE SCHOOL OF COSMETOLOGY        ,OH,43081-0000,Proprietary  ,22,56,78,100,160,260
02599711,VATTEROTT COLLEGE - CLEVELAND           ,OH,44147-3502,Proprietary  ,14,115,129,43,549,592
02603800,LORAIN COUNTY JVS ADULT CAREER CTR      ,OH,44074-9799,Public       ,35,170,205,66,322,388
02616200,BROWN MACKIE COLLEGE-FINDLAY            ,OH,45840-6848,Proprietary  ,224,1040,1264,638,3416,4054
02620000,SANDUSKY CAREER CENTER                  ,OH,44870-4786,Public       ,11,79,90,26,208,234
03007900,GALLIPOLIS CAREER COLLEGE               ,OH,45631-2600,Proprietary  ,2,34,36,22,216,238
03009702,"HARRISON COLLEGE - MUNCIE - COLUMBUS, OH",OH,43123-0000,Proprietary  ,12,44,56,37,155,192
03015100,ALLIANCE HIGH SCH-CMTY SERVICES DIV     ,OH,44601-2899,Public       ,16,80,96,29,133,162
03015300,EHOVE CAREER CENTER                     ,OH,44846-9500,Public       ,16,129,145,74,446,520
03023700,MADISON ADULT CAREER CENTER             ,OH,44905-2718,Public       ,10,73,83,34,221,255
03024300,VALLEY BEAUTY SCHOOL                    ,OH,43725-2332,Proprietary  ,17,38,55,38,98,136
03027100,FAIRVIEW ACADEMY                        ,OH,44126-2214,Proprietary  ,5,12,17,16,40,56
03034200,WASHINGTON COUNTY CAREER CENTER ADULT TE,OH,45750-9290,Public       ,25,137,162,59,398,457
03051400,AUBURN CAREER CENTER                    ,OH,44077-9723,Public       ,21,63,84,66,226,292
03051500,US GRANT JOINT VOCATIONAL SCHOOL        ,OH,45106-9502,Public       ,1,17,18,3,28,31
03065800,OHIO INSTITUTE OF HEALTH CAREERS        ,OH,44035-2394,Proprietary  ,9,31,40,52,204,256
03065900,BUCKEYE CAREER CENTER                   ,OH,44663-9437,Public       ,15,54,69,79,257,336
03067600,RAPHAEL'S SCHOOL OF BEAUTY CULTURE      ,OH,44512-2222,Proprietary  ,11,37,48,21,63,84
03068200,OHIO CENTER FOR BROADCASTING            ,OH,44125-6273,Proprietary  ,22,53,75,88,284,372
03068202,OHIO CENTER FOR BROADCASTING - COLUMBUS ,OH,43213-2571,Proprietary  ,4,52,56,60,213,273
03071900,MOUNT CARMEL COLLEGE OF NURSING         ,OH,43222-1598,Private      ,56,153,209,670,854,1524
03072303,EVEREST INSTITUTE - COLUMBUS            ,OH,43230-6653,Proprietary  ,75,410,485,140,913,1053
03078000,OHIO CENTER FOR BROADCASTING            ,OH,45227-1509,Proprietary  ,6,27,33,35,108,143
03079000,ETI TECHNICAL COLLEGE                   ,OH,44446-4398,Proprietary  ,25,85,110,102,398,500
03084800,DELAWARE AREA CAREER CENTER             ,OH,43015-8969,Public       ,1,18,19,9,39,48
03084801,DELAWARE AREA CAREER CENTER -           ,OH,43015-9001,Public       ,0,9,9,1,20,21
03095600,VANTAGE CAREER CENTER                   ,OH,45891-1378,Public       ,6,60,66,13,153,166
03097000,MERCY COLLEGE OF NORTHWEST OHIO         ,OH,43604-1132,Private      ,92,253,345,615,1257,1872
03100100,PARAMOUNT BEAUTY ACADEMY                ,OH,45662-4136,Proprietary  ,20,37,57,42,73,115
03105400,CLEVELAND EXTENSION HIGH SCH-WEST       ,OH,44102-2298,Public       ,1,4,5,6,32,38
03116200,DAYTON BARBER COLLEGE                   ,OH,45402-2310,Proprietary  ,8,37,45,34,118,152
03116300,OHIO COLLEGE OF MASSOTHERAPY            ,OH,44321-1363,Private      ,15,64,79,41,174,215
03116400,VANGUARD-SENTINELL VOC SCH DISTRICT     ,OH,43420-1197,Public       ,1,16,17,7,58,65
03117000,ASHLAND COUNTY-W HOLMES CAREER CTR      ,OH,44805-0000,Public       ,5,75,80,23,193,216
03319300,CREATIVE IMAGES-A CERTIFIED MATRIX      ,OH,45414-2557,Proprietary  ,15,61,76,67,208,275
03319301,CREATIVE IMAGES-A CERTIFIED MATRIX      ,OH,45459-0000,Proprietary  ,10,57,67,40,182,222
03416400,VALLEY BEAUTY SCHOOL                    ,OH,43701-3624,Proprietary  ,2,16,18,11,67,78
03425300,ROSEDALE BIBLE COLLEGE                  ,OH,43029-9517,Private      ,23,2,25,82,15,97
03457300,ALLEGHENY WESLEYAN COLLEGE              ,OH,44460-9598,Private      ,11,8,19,39,22,61
03468400,NATIONAL INSTITUTE OF MASSOTHERAPY      ,OH,44319-2100,Proprietary  ,5,23,28,19,122,141
03468500,ATS INSTITUTE OF TECHNOLOGY             ,OH,44143-2216,Proprietary  ,9,195,204,34,613,647
03475400,TRI-STATE BIBLE COLLEGE                 ,OH,45680-8402,Private      ,0,21,21,3,42,45
03534400,AMERICAN INST OF ALTERNATIVE MEDICI     ,OH,43229-1113,Proprietary  ,19,94,113,39,293,332
03626300,BROWN AVEDA INSTITUTE                   ,OH,44060-6212,Proprietary  ,59,83,142,166,275,441
03693300,CARNEGIE CAREER COLLEGE                 ,OH,44260-9608,Private      ,6,77,83,17,245,262
03700300,REGENCY BEAUTY INSTITUTE - CLEVELAND    ,OH,44094-0000,Proprietary  ,51,106,157,131,305,436
03726300,TEMPLE BAPTIST COLLEGE                  ,OH,45240-0000,Private      ,8,17,25,11,30,41
03747300,BEXLEY HALL SEMINARY                    ,OH,43209-2325,Private      ,1,7,8,2,19,21
03776400,HEALING ARTS INSTITUTE                  ,OH,43551-3138,Proprietary  ,4,16,20,17,65,82
03837300,AVEDA FREDRIC'S INSTITUTE               ,OH,45208-1304,Proprietary  ,29,45,74,105,126,231
03882300,OREGON CAREER CENTER                    ,OH,43616-2631,Public       ,3,37,40,6,70,76
04050400,DESIGNER'S BEAUTY ACADEMY               ,OH,43920-0000,Proprietary  ,7,13,20,15,30,45
04068300,FOUR COUNTY CAREER CENTER               ,OH,43512-9541,Public       ,6,23,29,8,51,59
04074300,HONDROS COLLEGE                         ,OH,43081-3855,Proprietary  ,66,357,423,272,1590,1862
04116700,NEWLIFE TECHNICAL INSTITUTE             ,OH,43920-2920,Private      ,5,14,19,10,34,44
04117300,DAYTON SCHOOL OF MEDICAL MASSAGE        ,OH,45429-1111,Proprietary  ,59,199,258,173,525,698
04118300,NORTHCOAST MEDICAL TRAINING ACADEMY     ,OH,44240-4174,Proprietary  ,41,112,153,109,331,440
04124500,TECHSKILLS                              ,OH,43231-0000,Proprietary  ,3,77,80,18,208,226
04125700,CUT BEAUTY SCHOOL (THE)                 ,OH,44118-2918,Proprietary  ,18,76,94,52,225,277
04126000,OHIO ACADEMY PAUL MITCHELL PARTNER SCHOO,OH,44087-3107,Proprietary  ,31,38,69,82,111,193
04137800,AVEDA INSTITUTE COLUMBUS                ,OH,43201-2333,Proprietary  ,39,60,99,123,195,318
04138000,INSTITUTE OF THERAPEUTIC MASSAGE        ,OH,45875-0350,Proprietary  ,3,26,29,14,74,88
04140100,CISORIA ACADEMY OF COSMETOLOGY          ,OH,44137-2915,Proprietary  ,7,40,47,18,81,99
04149100,CINCINNATI ACADEMY A PAUL MITCHELL PARTN,OH,45241-1702,Proprietary  ,40,67,107,104,130,234
04151400,VANITY SCHOOL OF COSMETOLOGY            ,OH,44035-0000,Proprietary  ,5,22,27,11,52,63
04152100,TOLEDO RESTAURANT TRAINING CENTER       ,OH,43604-6508,Private      ,1,36,37,1,44,45
04152600,PIKE COUNTY CAREER TECHNOLOGY CENTER    ,OH,45661-9114,Public       ,3,16,19,20,98,118
04153300,OHIO ACADEMY COLUMBUS (THE)             ,OH,43231-6038,Proprietary  ,31,41,72,83,117,200
04154000,TOLLES CAREER & TECHNICAL CENTER        ,OH,43064-8854,Public       ,3,8,11,7,21,28
04166800,SALON PROFESSIONAL ACADEMY (THE)        ,OH,45551-0000,Proprietary  ,23,51,74,55,123,178
04167700,ARTISAN COLLEGE OF COSMETOLOGY (THE)    ,OH,45840-6848,Proprietary  ,6,14,20,9,25,34
        ,INVALID SCHOOL CODE                     ,  ,00000-0000,,405,2012,2417,2045,5859,7904
00134500,ADAMS STATE COLLEGE                     ,CO,81102-2373,Public       ,444,733,1177,2451,1955,4406
00134600,ARAPAHOE COMMUNITY COLLEGE              ,CO,80160-9002,Public       ,651,1753,2404,2332,5325,7657
00134700,COLORADO COLLEGE                        ,CO,80903-3294,Private      ,83,118,201,2607,520,3127
00134800,COLORADO SCHOOL OF MINES                ,CO,80401-1887,Public       ,128,148,276,5164,1146,6310
00134900,UNIVERSITY OF NORTHERN COLORADO         ,CO,80639-0001,Public       ,848,801,1649,10072,4326,14398
00135000,COLORADO STATE UNIVERSITY               ,CO,80523-0100,Public       ,1690,1795,3485,20981,9841,30822
00135200,DENVER  SEMINARY                        ,CO,80120-2192,Private      ,0,171,171,3,660,663
00135300,FORT LEWIS COLLEGE                      ,CO,81301-3999,Public       ,419,311,730,3817,1364,5181
00135400,ILIFF SCHOOL OF THEOLOGY                ,CO,80210-0000,Private      ,1,55,56,2,266,268
00135500,LAMAR COMMUNITY COLLEGE                 ,CO,81052-3999,Public       ,99,194,293,364,361,725
00135800,MESA STATE COLLEGE                      ,CO,81501-7682,Public       ,858,1118,1976,5437,3579,9016
00135900,COLORADO NORTHWESTERN COMMUNITY COLLEGE ,CO,81648-3598,Public       ,98,279,377,428,551,979
00136000,METROPOLITAN STATE CLG OF DENVER        ,CO,80204-0000,Public       ,2027,3719,5746,10799,15439,26238
00136100,NORTHEASTERN JUNIOR COLLEGE             ,CO,80751-2399,Public       ,203,180,383,1191,542,1733
00136200,OTERO JUNIOR COLLEGE                    ,CO,81050-3346,Public       ,185,401,586,605,766,1371
00136300,REGIS UNIVERSITY                        ,CO,80221-1099,Private      ,110,1577,1687,2589,8822,11411
00136500,COLORADO STATE UNIVERSITY-PUEBLO        ,CO,81001-4901,Public       ,418,910,1328,4706,3741,8447
00136800,TRINIDAD STATE JR COLLEGE               ,CO,81082-2396,Public       ,217,522,739,625,1129,1754
00137000,UNIVERSITY OF COLORADO-BOULDER          ,CO,80309-0077,Public       ,1920,1452,3372,22415,9465,31880
00137100,UNIVERSITY OF DENVER                    ,CO,80208-2000,Private      ,224,1190,1414,6987,9832,16819
00137200,WESTERN STATE COLLEGE                   ,CO,81231-0000,Public       ,211,144,355,2253,587,2840
00163202,AQUINAS INSTITUTE OF THEOLOGY - AQUINAS ,CO,80903-1498,Private      ,2,9,11,5,36,41
00405702,NATIONAL AMERICAN UNIVERSITY            ,CO,80918-0000,Proprietary  ,6,60,66,30,231,261
00405703,NATIONAL AMERICAN UNIVERSITY            ,CO,80222-0000,Proprietary  ,12,79,91,33,285,318
00450300,EVEREST COLLEGE                         ,CO,80916-3548,Proprietary  ,58,397,455,176,1049,1225
00450600,COLORADO MOUNTAIN COLLEGE               ,CO,81602-0000,Public       ,270,450,720,1388,1422,2810
00450700,EVEREST COLLEGE                         ,CO,80229-4339,Proprietary  ,83,355,438,170,1053,1223
00450701,"EVEREST COLLEGE- EVEREST COLLEGE, AURORA",CO,80012-5692,Proprietary  ,71,340,411,152,779,931
00450800,UNIVERSITY OF COLORADO DENVER           ,CO,80204-2029,Public       ,767,2637,3404,7298,14255,21553
00450900,UNIV OF COLORADO AT COLO SPRINGS        ,CO,80918-3735,Public       ,594,950,1544,5675,4711,10386
00559600,EMILY GRIFFITH OPPORTUNITY SCH          ,CO,80204-2197,Public       ,116,652,768,493,1850,2343
00729700,REDSTONE COLLEGE                        ,CO,80020-9988,Proprietary  ,65,270,335,265,896,1161
00754700,LINCOLN COLLEGE OF TECHNOLOGY           ,CO,80223-2013,Proprietary  ,138,172,310,785,811,1596
00754800,WESTWOOD COLLEGE - DENVER NORTH         ,CO,80221-3653,Proprietary  ,154,588,742,638,2641,3279
00754801,WESTWOOD COLLEGE - DENVER SOUTH         ,CO,80227-3653,Proprietary  ,61,248,309,239,1157,1396
00758200,AIMS COMMUNITY COLLEGE                  ,CO,80632-0000,Public       ,430,824,1254,2025,3473,5498
00764900,ROCKY MOUNTAIN COLG OF ART & DESIGN     ,CO,80214-0000,Proprietary  ,107,111,218,900,397,1297
00793300,FRONT RANGE COMMUNITY COLLEGE           ,CO,80031-2199,Public       ,1574,2860,4434,6394,11488,17882
00863500,INTELLITEC MEDICAL INSTITUTE            ,CO,80909-1570,Proprietary  ,35,188,223,89,587,676
00887100,CONCORDE CAREER INSTITUTE               ,CO,80203-0000,Proprietary  ,97,407,504,226,1066,1292
00889600,PIKES PEAK COMMUNITY COLLEGE            ,CO,80906-5498,Public       ,1325,3653,4978,4228,10370,14598
00940100,COLORADO CHRISTIAN UNIVERSITY           ,CO,80226-7449,Private      ,139,658,797,1616,2282,3898
00954200,COMMUNITY COLLEGE OF DENVER             ,CO,80217-2026,Public       ,1073,2925,3998,4368,9677,14045
00954300,RED ROCKS COMMUNITY COLLEGE             ,CO,80228-1255,Public       ,726,1728,2454,2663,5614,8277
00998100,MORGAN COMMUNITY COLLEGE                ,CO,80701-4399,Public       ,89,432,521,291,1001,1292
01014800,COLORADO TECHNICAL UNIVERSITY           ,CO,80907-3896,Proprietary  ,112,2236,2348,414,7242,7656
01014802,COLORADO TECHNICAL UNIV - DENVER        ,CO,80111-3201,Proprietary  ,38,219,257,139,974,1113
01014805,COLORADO TECH UNIV - ON LINE            ,CO,80907-0000,Proprietary  ,518,13111,13629,1242,34545,35787
01014806,COLORADO TECH UNIV - FED EXPRESS        ,CO,80921-3800,Proprietary  ,5,51,56,13,131,144
01014808,COLORADO TECH UNIV - USAA               ,CO,80920-1005,Proprietary  ,4,36,40,15,89,104
01014809,COLORADO TECH UNIV - SCHRIEVER AFB      ,CO,80912-7298,Proprietary  ,0,4,4,1,10,11
01014810,COLORADO TECH UNIV - PETERSON AFB       ,CO,80914-1586,Proprietary  ,0,6,6,5,25,30
01014811,COLORADO TECH UNIV-HEWLETT PACKARD      ,CO,80919-2303,Proprietary  ,2,22,24,9,56,65
01014812,COLORADO TECHNICAL UNIVERSITY - WESTMINS,CO,80021-3498,Proprietary  ,57,388,445,156,1433,1589
01014813,COLORADO TECH UNIV - ORACLE             ,CO,80921-3660,Proprietary  ,2,34,36,12,105,117
01014815,COLORADO TECHNCL UNIV PUEBLO            ,CO,81003-2315,Proprietary  ,20,107,127,84,500,584
01070900,EMPIRE BEAUTY SCHOOL-LAKEWOOD           ,CO,80215-0000,Proprietary  ,19,37,56,49,140,189
01129100,PENROSE HOSPITAL SCHOOL OF MEDICAL TECHN,CO,80933-0000,Private      ,0,1,1,0,1,1
01157200,COLORADO SCHOOL OF TRADES               ,CO,80215-2996,Proprietary  ,15,66,81,77,273,350
01267000,BEL-REA INST OF ANIMAL TECH             ,CO,80247-3048,Proprietary  ,79,130,209,491,819,1310
01285000,INTERNATIONAL SALON AND SPA ACADEMY     ,CO,80918-3684,Proprietary  ,37,75,112,82,193,275
01287500,PICKENS TECHNICAL COLLEGE               ,CO,80011-9307,Public       ,62,251,313,242,799,1041
01300700,NAZARENE BIBLE COLLEGE                  ,CO,80910-3717,Private      ,22,168,190,67,652,719
02072200,EMPIRE BEAUTY SCHOOL -ARVADA            ,CO,80212-0000,Proprietary  ,9,37,46,56,148,204
02078900,ART INSTITUTE OF COLORADO (THE)         ,CO,80203-2983,Proprietary  ,289,512,801,1696,2012,3708
02116300,PUEBLO COMMUNITY COLLEGE                ,CO,81004-0000,Public       ,675,1998,2673,1896,5559,7455
02116313,SAN JUAN BASINTECHNICAL COLLEGE         ,CO,81328-9196,Public       ,7,27,34,24,53,77
02117500,NAROPA UNIVERSITY                       ,CO,80302-0000,Private      ,41,119,160,358,1262,1620
02133100,COLORADO CENTER FOR MEDICAL LABORATORY S,CO,80218-0000,Private      ,2,32,34,29,118,147
02141100,EMPIRE BEAUTY SCHOOL-LITTLETON          ,CO,80030-0000,Proprietary  ,14,84,98,53,206,259
02141103,ARTISTIC BEAUTY COLLEGES-AURORA         ,CO,80017-3194,Proprietary  ,1,10,11,26,72,98
02156200,DELTA - MONTROSE TECHNICAL COLLEGE      ,CO,81416-0000,Public       ,23,83,106,94,219,313
02160600,EMPIRE BEAUTY SCHOOL -THORNTON          ,CO,80241-1659,Proprietary  ,21,42,63,74,157,231
02165200,SALON PROFESSIONAL ACADEMY (THE)        ,CO,81504-5309,Proprietary  ,14,22,36,34,69,103
02167600,KAPLAN COLLEGE                          ,CO,80229-5309,Proprietary  ,17,185,202,93,655,748
02171300,TRINIDAD STATE JUNIOR COLLEGE           ,CO,81101-0000,Proprietary  ,0,0,0,0,1,1
02188700,DENVER ACAD OF COURT REPORTING          ,CO,80030-0000,Proprietary  ,10,64,74,27,221,248
02211901,CHEEKS INTERNATIONAL ACADEMY OF BEAUTY C,CO,80525-3053,Proprietary  ,2,9,11,13,31,44
02211902,CHEEKS INTERNATIONAL ACDMY BTY CULT     ,CO,80631-0000,Proprietary  ,2,7,9,12,22,34
02253700,INTELLITEC COLLEGE                      ,CO,80909-0000,Proprietary  ,44,291,335,100,504,604
02267500,GLENWOOD BEAUTY ACADEMY                 ,CO,81601-0000,Proprietary  ,7,20,27,12,40,52
02276900,COMMUNITY COLLEGE OF AURORA             ,CO,80011-9036,Public       ,574,1899,2473,1948,5400,7348
02321700,ITT TECHNICAL INSTITUTE                 ,CO,80229-5338,Proprietary  ,125,639,764,310,1285,1595
02518500,HAIR DYNAMICS EDUCATION CENTER          ,CO,80525-0000,Proprietary  ,45,67,112,104,152,256
02594300,COLLEGE AMERICA - DENVER                ,CO,80222-3380,Proprietary  ,123,719,842,513,2960,3473
02611000,HERITAGE COLLEGE                        ,CO,80212-7413,Proprietary  ,70,254,324,197,752,949
03006300,INST OF BUSINESS & MEDICAL CAREERS      ,CO,80525-3044,Proprietary  ,94,262,356,242,1083,1325
03010622,VIRGINIA COLLEGE - ECOTECH INSTITUTE - A,CO,80014-1405,Proprietary  ,1,24,25,1,24,25
03012100,REMINGTON COLLEGE - COLORADO SPRINGS CAM,CO,80215-0000,Proprietary  ,15,68,83,46,218,264
03013100,BOULDER COLLEGE OF MASSAGE THERAPY      ,CO,80301-3295,Private      ,21,68,89,90,218,308
03014900,PLATT COLLEGE                           ,CO,80014-3141,Proprietary  ,9,82,91,45,247,292
03027400,XENON INTERNATIONAL ACADEMY III         ,CO,80014-1193,Proprietary  ,23,55,78,65,130,195
03030606,UTAH COLLEGE OF MASSAGE THERAPY - DENVER,CO,80031-2921,Proprietary  ,39,89,128,96,212,308
03030607,UTAH COLLEGE OF MASSAGE THERAPY - DENVER,CO,80012-2523,Proprietary  ,37,72,109,86,207,293
03066900,INTELLITEC COLLEGE                      ,CO,81506-3994,Proprietary  ,81,436,517,158,663,821
03068201,OHIO CENTER FOR BROADCASTING - COLORADO ,CO,80214-4129,Proprietary  ,19,82,101,43,172,215
03076401,BRYMAN SCHOOL OF ARIZONA (THE) - ANTHEM ,CO,80014-2622,Proprietary  ,3,11,14,5,35,40
03289300,COLORADO HEIGHTS UNIVERSITY             ,CO,80236-2711,Private      ,6,71,77,43,166,209
03306300,MONTESSORI EDUC CRT OF THE ROCKIES      ,CO,80301-2587,Private      ,0,5,5,4,44,48
03534300,JONES INTERNATIONAL UNIVERSITY          ,CO,80112-3446,Proprietary  ,188,2622,2810,431,6650,7081
03545300,UNIVERSITY OF THE ROCKIES               ,CO,80903-3612,Proprietary  ,6,722,728,34,1763,1797
03584400,COLORADO SCHOOL OF HEALING ARTS         ,CO,80226-4332,Proprietary  ,22,72,94,74,228,302
03670300,TONI & GUY HAIRDRESSING ACADEMY         ,CO,80911-1713,Proprietary  ,35,55,90,96,166,262
03686300,COLORADO SCHOOL OF TRADITIONAL CHINESE M,CO,80206-2127,Proprietary  ,3,74,77,8,166,174
03776300,CULINARY SCHOOL OF THE ROCKIES          ,CO,80305-5961,Proprietary  ,19,28,47,77,138,215
03972300,CUTTIN' UP BEAUTY ACADEMY               ,CO,80220-0000,Proprietary  ,9,31,40,28,72,100
03976300,MASSAGE THERAPY INSTITUTE OF COLORADO   ,CO,80206-2127,Proprietary  ,10,35,45,55,123,178
04080300,ASPEN UNIVERSITY                        ,CO,80246-1930,Proprietary  ,12,104,116,54,246,300
04093300,ACADEMY OF NATURAL THERAPY              ,CO,80631-3425,Proprietary  ,10,25,35,28,105,133
04121200,INSTITUTE OF TAOIST EDUCATION AND ACUPUN,CO,80027-1028,Private      ,0,19,19,4,52,56
04125100,MONTESSORI CENTRE INTERNATIONAL DENVER  ,CO,80111-5263,Private      ,2,2,4,3,13,16
04139300,NATIONAL BEAUTY COLLEGE                 ,CO,80221-0000,Proprietary  ,4,44,48,30,107,137
04140400,ACADEMY OF MEDICAL & HEALTH SCIENCE     ,CO,81005-2195,Proprietary  ,5,33,38,5,33,38
04148300,DENVER SCHOOL OF NURSING                ,CO,80202-1213,Proprietary  ,37,234,271,182,945,1127
04151100,SUMMIT SALON & BEAUTY SCHOOL            ,CO,80866-4569,Proprietary  ,0,11,11,2,11,13
04167100,AVEDA INSTITUTE DENVER                  ,CO,80202-0000,Proprietary  ,42,73,115,104,160,264
04170200,PAUL MITCHELL THE SCHOOL COLORADO SPRING,CO,80903-0000,Proprietary  ,42,77,119,75,126,201
04172500,ROLF INSTITUTE OF STRUCTURAL INTEGRATION,CO,80301-0000,Private      ,2,6,8,2,6,8
04173800,SALON PROFESSIONAL ACADEMY (THE)        ,CO,80918-2932,Proprietary  ,21,48,69,32,67,99
00267811,BRYANT & STRATTON COLLEGE - VIRGINIA BEA,VA,23462-4417,Proprietary  ,166,664,830,475,2278,2753
00370200,AVERETT UNIVERSITY                      ,VA,24541-3692,Private      ,75,485,560,1394,1563,2957
00370300,BLUEFIELD COLLEGE                       ,VA,24605-1799,Private      ,34,181,215,654,489,1143
00370400,BRIDGEWATER COLLEGE                     ,VA,22812-1599,Private      ,55,19,74,3318,157,3475
00370500,COLLEGE OF WILLIAM & MARY               ,VA,23187-8795,Public       ,154,198,352,10244,4654,14898
00370600,CHRISTOPHER NEWPORT UNIVERSITY          ,VA,23606-2998,Public       ,298,194,492,7032,1100,8132
00370700,RICHARD BLAND COLLEGE                   ,VA,23805-7100,Public       ,193,142,335,1246,533,1779
00370800,EASTERN MENNONITE UNIVERSITY            ,VA,22802-2462,Private      ,69,136,205,1094,518,1612
00370900,EMORY & HENRY COLLEGE                   ,VA,24327-0010,Private      ,58,19,77,1347,134,1481
00371100,FERRUM COLLEGE                          ,VA,24088-2612,Private      ,100,30,130,2973,258,3231
00371200,TIDEWATER COMMUNITY COLLEGE             ,VA,23510-1910,Public       ,3176,6318,9494,10183,20241,30424
00371300,HAMPDEN-SYDNEY COLLEGE                  ,VA,23943-0128,Private      ,69,13,82,1298,50,1348
00371400,HAMPTON UNIVERSITY                      ,VA,23668-0099,Private      ,602,585,1187,8927,3095,12022
00371500,HOLLINS UNIVERSITY                      ,VA,24020-0000,Private      ,54,82,136,947,630,1577
00371900,LONGWOOD UNIVERSITY                     ,VA,23909-1899,Public       ,257,161,418,5198,772,5970
00372000,LYNCHBURG COLLEGE                       ,VA,24501-3199,Private      ,176,155,331,3399,755,4154
00372100,JAMES MADISON UNIVERSITY                ,VA,22807-3780,Public       ,825,239,1064,21677,2458,24135
00372300,MARY BALDWIN COLLEGE                    ,VA,24401-3610,Private      ,111,294,405,1422,1022,2444
00372400,MARYMOUNT UNIVERSITY                    ,VA,22207-4224,Private      ,194,355,549,2417,2097,4514
00372600,NATIONAL COLLEGE                        ,VA,24153-4524,Proprietary  ,111,851,962,732,7022,7754
00372700,NORTHERN VA CMTY CLG                    ,VA,22003-3743,Public       ,2845,3975,6820,11931,14701,26632
00372800,OLD DOMINION UNIVERSITY                 ,VA,23529-0052,Public       ,1396,2317,3713,17839,12581,30420
00373200,RADFORD UNIVERSITY                      ,VA,24142-6905,Public       ,500,281,781,8836,2257,11093
00373300,RANDOLPH-MACON COLLEGE                  ,VA,23005-5505,Private      ,71,21,92,2527,143,2670
00373400,RANDOLPH COLLEGE                        ,VA,24503-1526,Private      ,33,26,59,800,141,941
00373500,VIRGINIA COMMONWEALTH UNIVERSITY        ,VA,23284-9004,Public       ,1829,1958,3787,21736,13404,35140
00373600,ROANOKE COLLEGE                         ,VA,24153-3794,Private      ,124,40,164,3201,241,3442
00373700,SHENANDOAH UNIVERSITY                   ,VA,22601-5195,Private      ,171,285,456,2641,1957,4598
00373800,SOUTHERN VIRGINIA UNIVERSITY            ,VA,24416-3038,Private      ,144,71,215,1004,227,1231
00373900,ST PAULS COLLEGE                        ,VA,23868-1299,Private      ,99,108,207,610,409,1019
00374200,SWEET BRIAR COLLEGE                     ,VA,24595-9998,Private      ,34,5,39,747,53,800
00374300,UNION THEO SEMINARY & PRESBYTRN SCH     ,VA,23227-0000,Private      ,0,20,20,2,105,107
00374400,UNIVERSITY OF RICHMOND                  ,VA,23173-0001,Private      ,91,320,411,6165,2571,8736
00374500,UNIVERSITY OF VIRGINIA - SFS            ,VA,22903-0000,Public       ,652,604,1256,18830,9428,28258
00374600,UNIVERSITY OF MARY WASHINGTON           ,VA,22401-5358,Public       ,211,220,431,4878,1168,6046
00374700,UNIV OF VIRGINIA'S COLLEGE AT WISE      ,VA,24293-4412,Public       ,112,80,192,1904,438,2342
00374800,EASTERN SHORE COMMUNITY COLLEGE         ,VA,23410-3000,Public       ,97,175,272,376,604,980
00374900,GEORGE MASON UNIVERSITY                 ,VA,22030-4444,Public       ,1332,2359,3691,17579,14574,32153
00375100,PATRICK HENRY COMMUNITY COLLEGE         ,VA,24112-5311,Public       ,296,796,1092,1024,2375,3399
00375200,VIRGINIA INTERMONT COLLEGE              ,VA,24201-4298,Private      ,50,117,167,831,348,1179
00375300,VIRGINIA MILITARY INSTITUTE             ,VA,24450-2138,Public       ,101,9,110,1861,68,1929
00375400,VIRGINIA POLYTECH INST & STATE UNIV     ,VA,24061-2000,Public       ,735,652,1387,24894,5109,30003
00375800,DANVILLE COMMUNITY COLLEGE              ,VA,24541-4004,Public       ,334,719,1053,1297,2651,3948
00375900,J. SARGEANT REYNOLDS COMMUNITY CLG      ,VA,23285-0000,Public       ,1012,2362,3374,4586,9150,13736
00376000,VIRGINIA WESTERN CMTY COLLEGE           ,VA,24038-0000,Public       ,549,1147,1696,2581,4001,6582
00376100,WYTHEVILLE COMMUNITY COLLEGE            ,VA,24382-3308,Public       ,178,417,595,1289,1966,3255
00376200,VIRGINIA UNIVERSITY OF LYNCHBURG        ,VA,24501-6400,Private      ,44,204,248,144,486,630
00376400,VIRGINIA STATE UNIVERSITY               ,VA,23806-0001,Public       ,616,565,1181,9534,2961,12495
00376500,NORFOLK STATE UNIVERSITY                ,VA,23504-8000,Public       ,862,1331,2193,8450,6322,14772
00376600,VIRGINIA UNION UNIVERSITY               ,VA,23220-1711,Private      ,268,318,586,4331,1280,5611
00376700,VIRGINIA WESLEYAN COLLEGE               ,VA,23502-5599,Private      ,145,155,300,1897,649,2546
00376800,WASHINGTON & LEE UNIVERSITY             ,VA,24450-0303,Private      ,86,50,136,2513,1789,4302
00400400,JOHN TYLER COMMUNITY COLLEGE            ,VA,23831-5316,Public       ,886,1632,2518,3229,5199,8428
00450301,"EVEREST COLLEGE- EVEREST COLLEGE, MCLEAN",VA,22102-3000,Proprietary  ,72,178,250,144,494,638
00450702,"EVEREST COLLEGE- EVEREST COLLEGE, ARLING",VA,22203-1905,Proprietary  ,89,356,445,212,819,1031
00498800,CENTRAL VIRGINIA COMMUNITY COLLEGE      ,VA,24502-2498,Public       ,298,628,926,1506,2230,3736
00499200,MILLER-MOTTE TECHNICAL COLLEGE          ,VA,24505-0000,Proprietary  ,75,321,396,145,474,619
00499600,DABNEY S LANCASTER COMMUNITY CLG        ,VA,24422-1000,Public       ,100,194,294,518,616,1134
00522300,NEW RIVER COMMUNITY COLLEGE             ,VA,24084-1127,Public       ,272,522,794,1510,2302,3812
00607500,ROANOKE MEM HOSP SCH RAD ONCOLOGY       ,VA,24033-0000,Private      ,3,4,7,12,21,33
00607501,ROANOKE MEM HOSP SCH RAD TECH           ,VA,24014-1850,Private      ,3,8,11,11,32,43
00662200,COLLEGE OF HEALTH SCIENCES - CHRV       ,VA,24031-0000,Private      ,46,140,186,536,973,1509
00681900,BLUE RIDGE COMMUNITY COLLEGE            ,VA,24486-0080,Public       ,367,478,845,1864,2118,3982
00687100,THOMAS NELSON COMMUNITY COLLEGE         ,VA,23670-0000,Public       ,995,2084,3079,3517,7163,10680
00709900,VIRGINIA HIGHLANDS COMMUNITY CLG        ,VA,24210-4210,Public       ,225,459,684,1156,1668,2824
00726000,SOUTHWEST VIRGINIA COMMUNITY CLG        ,VA,24641-1510,Public       ,323,615,938,1100,1785,2885
00859200,LOUISE OBICI SCHOOL OF NURSING          ,VA,23434-8038,Private      ,3,32,35,20,88,108
00865900,LORD FAIRFAX COMMUNITY COLLEGE          ,VA,22645-0047,Public       ,351,608,959,1754,2457,4211
00866000,GERMANNA COMMUNITY COLLEGE              ,VA,22508-0339,Public       ,528,802,1330,1939,2822,4761
00866100,SOUTHSIDE VIRGINIA CMTY CLG             ,VA,23821-2930,Public       ,653,1294,1947,1515,3061,4576
00915900,PAUL D CAMP COMMUNITY COLLEGE           ,VA,23851-0737,Public       ,145,386,531,463,1207,1670
00916000,RAPPAHANNOCK COMMUNITY COLLEGE          ,VA,23149-2616,Public       ,239,412,651,817,1144,1961
00926700,EVEREST COLLEGE                         ,VA,23606-4203,Proprietary  ,30,279,309,110,841,951
00926701,EVEREST COLLEGE - CHESAPEAKE            ,VA,23320-2637,Proprietary  ,64,416,480,137,877,1014
00942000,SANFORD-BROWN COLLEGE                   ,VA,22182-3913,Proprietary  ,112,293,405,279,881,1160
00953500,STAUNTON SCHOOL OF COSMETOLOGY          ,VA,24401-4323,Proprietary  ,7,20,27,14,32,46
00953700,VIRGINIA SCH OF HAIR DESIGN             ,VA,23669-0000,Proprietary  ,19,50,69,42,178,220
00962900,MOUNTAIN EMPIRE COMMUNITY COLLEGE       ,VA,24219-0700,Public       ,298,610,908,1180,1813,2993
00992800,PIEDMONT VIRGINIA COMMUNITY COLLEGE     ,VA,22902-7589,Public       ,341,677,1018,1371,2307,3678
01004300,BON SECOURS MEMORIAL COLLEGE OF NURSING ,VA,23227-4612,Private      ,24,90,114,210,529,739
01019800,ECPI COLLEGE OF TECHNOLOGY              ,VA,23462-6542,Proprietary  ,1027,3672,4699,2940,10941,13881
01033800,EASTERN VIRGINIA MEDICAL SCHOOL         ,VA,23501-1980,Private      ,12,131,143,56,1374,1430
01159600,RALPH'S VIRGINIA SCH OF COSMETOLOGY     ,VA,24501-2652,Proprietary  ,10,38,48,16,58,74
01162601,WESTWOOD COLLEGE - SOUTH BAY - ARLINGTON,VA,22203-4167,Proprietary  ,101,147,248,422,627,1049
01162602,WESTWOOD COLLEGE - SOUTH BAY - ANNANDALE,VA,22003-2602,Proprietary  ,45,86,131,276,580,856
01274400,SOUTHSIDE REGIONAL MED CTR PROF SCHOOLS ,VA,23803-5133,Proprietary  ,8,37,45,51,218,269
01274402,SOUTHSIDE REG MED CTR SCH RAD TECH      ,VA,23803-0000,Proprietary  ,2,14,16,12,61,73
02053000,LIBERTY UNIVERSITY                      ,VA,24502-0000,Private      ,1167,13339,14506,17499,39618,57117
02108800,WARDS CORNER BEAUTY ACADEMY             ,VA,23505-0000,Proprietary  ,33,166,199,70,330,400
02111600,DANVILLE REGIONAL MEDICAL CENTER SCHOOL ,VA,24541-0000,Proprietary  ,10,29,39,52,128,180
02128700,CENTRAL SCHOOL OF PRACTICAL NURSING     ,VA,23502-2230,Public       ,17,45,62,69,184,253
02140000,RIVERSIDE SCHOOL OF HEALTH CAREERS      ,VA,23608-3802,Private      ,33,128,161,138,596,734
02175800,LYNCHBURG GENERAL HOSP SCH OF NURSG     ,VA,24501-0000,Private      ,23,53,76,94,236,330
02197600,WOODROW WILSON REHABILITATION CTR       ,VA,22939-0000,Public       ,13,17,30,26,27,53
02242400,HENRICO CTY ST MARYS HOSP PRAC NRSG     ,VA,23075-0000,Public       ,5,13,18,17,58,75
02247200,MEDSPA CAREERS INSTITUTE                ,VA,23606-0000,Proprietary  ,14,68,82,75,280,355
02304500,HERITAGE INSTITUTE                      ,VA,20111-0000,Proprietary  ,25,142,167,80,397,477
02320900,TIDEWATER TECH                          ,VA,23517-0000,Proprietary  ,49,230,279,159,693,852
02334400,CENTURA COLLEGE                         ,VA,23452-0000,Proprietary  ,178,1380,1558,518,4719,5237
02342700,FORTIS COLLEGE                          ,VA,23502-4101,Proprietary  ,38,226,264,100,559,659
02342701,FORTIS COLLEGE - RICHMOND CAMPUS        ,VA,23236-3472,Proprietary  ,60,148,208,217,565,782
02358500,BON SECOURS SAINT MARY'S HOSPITAL SCHOOL,VA,23227-4612,Private      ,6,44,50,52,189,241
02535400,SKYLINE COLLEGE - RICHMOND              ,VA,23236-0000,Proprietary  ,7,31,38,194,524,718
02538800,SUFFOLK BEAUTY ACADEMY                  ,VA,23434-0000,Proprietary  ,13,51,64,18,70,88
02541200,STRATFORD UNIVERSITY                    ,VA,22043-0000,Proprietary  ,49,380,429,174,1007,1181
02541201,STRATFORD UNIVERSITY-WOODBRIDGE         ,VA,22192-0000,Proprietary  ,22,127,149,93,400,493
02610100,WASHINGTON COUNTY ADULT SKILL CTR       ,VA,24210-2346,Public       ,7,33,40,21,109,130
03002400,GRAHAM WEBB INTERNATIONAL ACAD HAIR     ,VA,22209-2129,Proprietary  ,19,63,82,41,115,156
03010700,BAR PALMA BEAUTY CAREERS  ACADEMY       ,VA,24014-2255,Proprietary  ,20,55,75,26,90,116
03042800,"VIRGINIA BEACH CITY SCHOOLS, SCH.-PR.NSG",VA,23456-0038,Public       ,10,26,36,34,99,133
03091100,ACT COLLEGE                             ,VA,22209-2297,Proprietary  ,45,154,199,78,347,425
03091300,REGENT UNIVERSITY                       ,VA,23464-9800,Private      ,137,1487,1624,1161,6026,7187
03092700,SKYLINE COLLEGE                         ,VA,24012-1603,Proprietary  ,45,128,173,138,413,551
03096500,SPRINGFIELD BEAUTY ACADEMY              ,VA,22003-3016,Proprietary  ,3,45,48,4,67,71
03106500,SENTARA NORFOLK GENERAL HOSPITAL        ,VA,23320-2843,Private      ,32,137,169,115,544,659
03116900,BAPTIST THEOLOGICAL SEM.-RICHMOND       ,VA,23227-0000,Private      ,0,24,24,5,88,93
03126300,AVIATION INSTITUTE OF MAINTENANCE       ,VA,23320-5987,Proprietary  ,39,182,221,134,537,671
03126400,CENTURA COLLEGE                         ,VA,23235-5230,Proprietary  ,58,259,317,179,889,1068
03126401,CENTURA COLLEGE - WEST                  ,VA,23294-0000,Proprietary  ,3,31,34,33,166,199
03127500,ADVANCED TECHNOLOGY INSTITUTE           ,VA,23462-2409,Proprietary  ,158,291,449,602,783,1385
03280400,VIRGINIA SCHOOL OF MASSAGE              ,VA,22903-0000,Proprietary  ,28,56,84,60,152,212
03409500,RICHMOND SCHOOL OF HEALTH AND TECH      ,VA,23227-0000,Proprietary  ,50,173,223,165,717,882
03455300,CRESCENT COSMETOLOGY UNIVERSITY         ,VA,23666-3115,Proprietary  ,4,11,15,16,35,51
03559300,APPALACHIAN SCHOOL OF LAW               ,VA,24614-0000,Private      ,1,56,57,11,700,711
03638400,TAP THIS VALLEY WORKS CTR FOR EMPLO     ,VA,24016-1901,Private      ,0,9,9,2,24,26
03645400,RUDY & KELLY ACADEMY OF HAIR AND NA     ,VA,23464-6857,Proprietary  ,44,77,121,96,235,331
03654300,CAREER TRAINING SOLUTIONS               ,VA,22406-1014,Proprietary  ,29,155,184,79,450,529
03709300,EDWARD VIA VIRGINIA CLG OSTEOPATHIC MED ,VA,24060-6360,Private      ,2,30,32,10,796,806
03872400,INSTITUTE FOR THE PSYCHOLOGICAL SCIENCES,VA,22202-3609,Private      ,3,10,13,11,115,126
03876300,CULPEPER COSMETOLOGY TRAINING CENTER    ,VA,22701-3155,Public       ,10,27,37,18,50,68
03883400,AVIATION INSTITUTE OF MAINTENANCE       ,VA,20110-4156,Proprietary  ,48,158,206,165,585,750
04038400,AVI CAREER INSTITUTE                    ,VA,22066-1839,Proprietary  ,1,22,23,8,72,80
04124000,DOMINION SCHOOL OF HAIR DESIGN          ,VA,23062-2221,Proprietary  ,2,18,20,12,34,46
04127300,COLUMBIA COLLEGE                        ,VA,22031-4413,Proprietary  ,5,133,138,28,222,250
04133400,CENTURA COLLEGE                         ,VA,22312-2670,Proprietary  ,15,64,79,39,229,268
04133800,SOUTHEAST CULINARY & HOSPITALITY COLLEGE,VA,24201-4159,Proprietary  ,21,40,61,64,104,168
04137300,CAYCE/REILLY SCHOOL OF MASSOTHERAPY     ,VA,23451-2061,Private      ,5,25,30,12,63,75
04140000,GLOBAL HEALTH NURSE TRAINING SERVICES   ,VA,22314-4585,Proprietary  ,15,90,105,39,301,340
04153800,BETHEL COLLEGE                          ,VA,23666-3122,Private      ,8,22,30,20,52,72
04156200,INSTITUTE OF ADVANCED MEDICAL ESTHETICS ,VA,23294-4701,Proprietary  ,3,47,50,11,114,125
00107000,THUNDERBIRD SCHOOL OF GLOBAL MANAGEMENT ,AZ,85306-6000,Private      ,1,216,217,11,812,823
00107100,ARIZONA WESTERN COLLEGE                 ,AZ,85366-0000,Public       ,636,1127,1763,4197,4630,8827
00107200,COCHISE COLLEGE                         ,AZ,85607-6190,Public       ,370,839,1209,1458,2456,3914
00107300,EASTERN ARIZONA COLLEGE                 ,AZ,85552-0769,Public       ,402,621,1023,1648,1771,3419
00107400,GRAND CANYON UNIVERSITY                 ,AZ,85017-3030,Proprietary  ,723,11230,11953,4522,47738,52260
00107600,GLENDALE COMMUNITY COLLEGE              ,AZ,85302-3090,Public       ,2041,3276,5317,9113,11480,20593
00107700,MESA COMMUNITY COLLEGE                  ,AZ,85202-4866,Public       ,2707,4742,7449,10012,15372,25384
00107800,PHOENIX COLLEGE                         ,AZ,85013-4234,Public       ,1209,3322,4531,5139,10728,15867
00107900,YAVAPAI COLLEGE                         ,AZ,86301-3297,Public       ,342,856,1198,2107,3690,5797
00108100,ARIZONA STATE UNIV (ALL CAMPUSES)       ,AZ,85287-0412,Public       ,4128,5869,9997,47228,33077,80305
00108200,NORTHERN ARIZONA UNIVERSITY             ,AZ,86011-0001,Public       ,1408,2568,3976,23261,12329,35590
00108300,UNIVERSITY OF ARIZONA                   ,AZ,85721-0066,Public       ,1959,2185,4144,27928,14978,42906
00165701,MIDWESTERN UNIVERSITY                   ,AZ,85308-0000,Private      ,12,159,171,112,3187,3299
00446700,TUCSON COLLEGE                          ,AZ,85711-3781,Proprietary  ,56,233,289,177,673,850
00711300,SOUTHWESTERN COLLEGE                    ,AZ,85032-7097,Private      ,77,71,148,505,286,791
00726600,PIMA COUNTY COMMUNITY COLLEGE           ,AZ,85709-1110,Public       ,2333,4649,6982,10280,17027,27307
00728300,CENTRAL ARIZONA COLLEGE                 ,AZ,85228-9779,Public       ,662,1376,2038,2401,4233,6634
00822100,UNIVERSAL TECHNICAL INSTITUTE           ,AZ,85323-7946,Proprietary  ,1588,1619,3207,8941,7749,16690
00824600,DINè COLLEGE                            ,AZ,86556-0126,Public       ,296,566,862,870,1348,2218
00830300,GATEWAY COMMUNITY COLLEGE               ,AZ,85034-1795,Public       ,472,1975,2447,2088,6180,8268
00830302,MARICOPA SKILL CENTER                   ,AZ,85034-0000,Public       ,122,537,659,385,1615,2000
00830400,SCOTTSDALE COMMUNITY COLLEGE            ,AZ,85250-0000,Public       ,819,1238,2057,3686,4278,7964
00832200,DEVRY INSTITUTE OF TECHNOLOGY           ,AZ,85021-2995,Proprietary  ,0,0,0,151,300,451
00886400,ARIZONA ACADEMY OF BEAUTY               ,AZ,85712-5021,Proprietary  ,10,59,69,58,116,174
00886500,ARTISTIC BEAUTY COLLEGES-TUCSON         ,AZ,85716-3999,Proprietary  ,32,76,108,131,310,441
00886501,ARTISTIC BEAUTY COLLEGES - TUCSON  - NOR,AZ,85705-1665,Proprietary  ,1,4,5,12,32,44
00945100,BROWN MACKIE COLLEGE                    ,AZ,85712-5300,Proprietary  ,361,1272,1633,949,4131,5080
01084700,ARIZONA AUTOMOTIVE INSTITUTE            ,AZ,85301-3503,Proprietary  ,230,643,873,536,1640,2176
01085800,AVALON SCHOOL OF COSMETOLOGY            ,AZ,85210-4010,Proprietary  ,87,182,269,185,435,620
01168900,REFRIGERATION SCHOOL                    ,AZ,85034-0000,Proprietary  ,65,346,411,122,803,925
01180200,ARIZONA ACADEMY OF BEAUTY-NORTH         ,AZ,85705-2720,Proprietary  ,11,25,36,37,74,111
01180800,ARTISTIC BEAUTY COLLEGES-FLAGSTAFF      ,AZ,86004-5119,Proprietary  ,33,81,114,139,302,441
01180801,CLG OF BEAUTY ARTS & SCI/CHANDLER       ,AZ,85224-0000,Proprietary  ,0,5,5,8,28,36
01180802,CLG OF BEAUTY ARTS & SCI/PRESCOTT       ,AZ,86303-0000,Proprietary  ,3,3,6,15,23,38
01186200,NORTHLAND PIONEER COLLEGE               ,AZ,86025-2996,Public       ,188,590,778,624,1602,2226
01186400,MOHAVE COMMUNITY COLLEGE                ,AZ,86409-1238,Public       ,604,1800,2404,1482,4938,6420
01218400,INTERNATIONAL ACAD OF HAIR DESIGN       ,AZ,85225-7198,Proprietary  ,46,93,139,109,209,318
01234300,ARTISTIC BEAUTY COLLEGES-PHOENIX        ,AZ,85304-0000,Proprietary  ,35,72,107,139,268,407
01293700,ARTISTIC BEAUTY COLLEGES - PARADISE VALL,AZ,85257-0000,Proprietary  ,10,25,35,41,116,157
02065200,ITT TECHNICAL INSTITUTE                 ,AZ,85282-0000,Proprietary  ,234,1220,1454,593,2651,3244
02065300,PRESCOTT COLLEGE                        ,AZ,86301-0000,Private      ,44,246,290,579,1104,1683
02071200,KAPLAN COLLEGE                          ,AZ,85029-4349,Proprietary  ,110,570,680,366,1870,2236
02098800,UNIVERSITY OF PHOENIX                   ,AZ,85040-0000,Proprietary  ,9729,178175,187904,19547,371520,391067
02100500,UNIVERSAL TECHNICAL INSTITUTE           ,AZ,85027-0000,Proprietary  ,1279,2001,3280,6836,9215,16051
02100600,CARRINGTON COLLEGE                      ,AZ,85015-4096,Proprietary  ,531,2020,2551,1609,6013,7622
02113800,ROBERTO-VENN SCH OF LUTHIERY            ,AZ,85040-0000,Proprietary  ,9,21,30,35,62,97
02146600,SOUTH MOUNTAIN COMMUNITY COLLEGE        ,AZ,85040-0000,Public       ,562,1202,1764,2011,3294,5305
02160305,COLLINS COLLEGE                         ,AZ,85040-4000,Proprietary  ,180,233,413,939,1013,1952
02160306,INTERNATIONAL ACADEMY OF DESIGN AND TECH,AZ,85281-6705,Proprietary  ,7,17,24,7,17,24
02171500,WESTERN INTERNATIONAL UNIVERSITY        ,AZ,85021-0000,Proprietary  ,19,1054,1073,63,2258,2321
02177500,RIO SALADO COMMUNITY COLLEGE            ,AZ,85281-0000,Public       ,762,6759,7521,2041,15392,17433
02179907,ARGOSY UNIVERSITY  -  PHOENIX           ,AZ,85021-0000,Proprietary  ,0,0,0,0,1,1
02190702,FORTIS COLLEGE - PHOENIX CAMPUS         ,AZ,85006-3759,Proprietary  ,2,27,29,14,68,82
02192300,MARICOPA BEAUTY COLLEGE                 ,AZ,85323-0000,Proprietary  ,19,62,81,68,144,212
02199900,AMERICAN INDIAN CLG-ASSEMBLIES GOD      ,AZ,85021-0000,Private      ,25,29,54,66,85,151
02217100,PIMA MEDICAL INSTITUTE                  ,AZ,85716-0000,Proprietary  ,888,2477,3365,2285,6936,9221
02218800,BROOKLINE COLLEGE                       ,AZ,85019-1600,Proprietary  ,110,737,847,291,2050,2341
02218804,BROOKLINE COLLEGE - MESA                ,AZ,85204-4448,Proprietary  ,55,243,298,133,623,756
02218805,BROOKLINE COLLEGE - TUCSON              ,AZ,85711-5444,Proprietary  ,118,392,510,233,874,1107
02220300,ARTISTIC BEAUTY COLLEGES-GLENDALE       ,AZ,85051-0000,Proprietary  ,29,79,108,124,346,470
02263100,ANTHEM COLLEGE                          ,AZ,85014-0000,Proprietary  ,246,1173,1419,610,3359,3969
02280500,CHARLES OF ITALY BEAUTY COLLEGE         ,AZ,86403-0000,Proprietary  ,16,34,50,38,62,100
02295000,EVEREST COLLEGE                         ,AZ,85021-1610,Proprietary  ,406,3017,3423,1067,9870,10937
02295002,EVEREST COLLEGE - MESA                  ,AZ,85206-4704,Proprietary  ,87,382,469,219,1043,1262
02317800,AMERICAN INSTITUTE OF TECHNOLOGY        ,AZ,85043-0000,Proprietary  ,29,607,636,89,1324,1413
02361100,ITT TECHNICAL INSTITUTE                 ,AZ,85704-0000,Proprietary  ,325,909,1234,691,1911,2602
02491500,THE ART CENTER DESIGN COLLEGE           ,AZ,85716-0000,Proprietary  ,77,164,241,223,419,642
02521500,LAMSON COLLEGE                          ,AZ,85284-1141,Proprietary  ,19,125,144,72,341,413
02533200,FRANK LLOYD WRIGHT SCHOOL OF ARCHITECTUR,AZ,85261-4430,Private      ,2,9,11,17,53,70
02559000,UNIVERSITY OF ADVANCING TECHNOLOGY      ,AZ,85283-0000,Proprietary  ,138,187,325,1010,733,1743
02561900,TONI AND GUY HAIRDRESSING ACADEMY       ,AZ,85251-3301,Proprietary  ,54,56,110,132,162,294
02582700,CORTIVA INSTITUTE - TUCSON              ,AZ,85710-3503,Proprietary  ,20,82,102,49,216,265
02616700,LE CORDON BLEU COLLEGE OF CULINARY ARTS ,AZ,85251-2729,Proprietary  ,217,609,826,934,2227,3161
02623600,PARADISE VALLEY COMMUNITY COLLEGE       ,AZ,85032-1210,Public       ,768,1290,2058,2932,4151,7083
02623800,CORTIVA INSTITUTE - SCOTTSDALE          ,AZ,85257-4218,Proprietary  ,10,56,66,44,169,213
03005000,SAFFORD COLLEGE OF BEAUTY CULTURE       ,AZ,85546-3309,Proprietary  ,4,48,52,9,63,72
03010613,VIRGINIA COLLEGE - GOLF ACADEMY OF ARIZO,AZ,85225-6742,Proprietary  ,22,69,91,103,241,344
03030604,UTAH COLLEGE OF MASSAGE THERAPY - ARIZON,AZ,85282-0000,Proprietary  ,48,112,160,158,336,494
03030605,UTAH COLLEGE OF MASSAGE THERAPY - ARIZON,AZ,85051-3470,Proprietary  ,69,127,196,207,373,580
03034400,CONSERVATORY RECORDING ARTS & SCIS      ,AZ,85282-1707,Proprietary  ,106,133,239,608,713,1321
03072200,CHANDLER-GILBERT COMMUNITY COLLEGE      ,AZ,85225-2499,Public       ,972,1467,2439,4380,5124,9504
03076400,BRYMAN SCHOOL OF ARIZONA                ,AZ,85029-4919,Proprietary  ,402,1092,1494,934,2906,3840
03097800,CARSTEN INSTITUTE OF HAIR & BEAUTY      ,AZ,85282-5404,Proprietary  ,33,101,134,105,214,319
03100400,COCONINO COUNTY COMMUNITY COLLEGE       ,AZ,86001-2701,Public       ,328,641,969,1304,2025,3329
03107000,SOUTHWEST CLG OF NATUROPATHIC MED       ,AZ,85282-0000,Private      ,2,61,63,14,480,494
03115000,ARIZONA COLLEGE OF ALLIED HEALTH        ,AZ,85302-3843,Proprietary  ,76,338,414,254,975,1229
03120300,COLLEGE AMERICA                         ,AZ,86004-3936,Proprietary  ,59,227,286,212,892,1104
03156300,ESTRELLA MOUNTAIN COMMUNITY COLLEGE     ,AZ,85392-1010,Public       ,836,1592,2428,3178,4900,8078
03156301,ESTRELLA MOUNTAIN COMMUNITY COLLEGE - SO,AZ,85392-1010,Public       ,281,513,794,1049,1594,2643
03347300,INTERNATIONAL BAPTIST COLLEGE           ,AZ,85282-6799,Private      ,18,8,26,54,30,84
03445300,HDS TRUCK DRIVING INSTITUTE             ,AZ,85731-0000,Proprietary  ,2,49,51,5,99,104
03478400,PHOENIX SEMINARY                        ,AZ,85018-7611,Private      ,1,36,37,4,110,114
03572300,EAST VALLEY INSTITUTE OF TECHNOLOGY     ,AZ,85201-6910,Public       ,34,81,115,157,252,409
03593300,SOUTHWEST INSTITUTE OF HEALING ARTS     ,AZ,85281-3658,Proprietary  ,31,316,347,130,815,945
03617500,PHOENIX INSTITUTE OF HERBAL MEDICINE & A,AZ,85012-0000,Proprietary  ,7,60,67,32,214,246
03695500,ARIZONA SCHOOL OF ACUPUNCTURE AND ORIENT,AZ,85712-1100,Proprietary  ,2,40,42,10,119,129
03740500,ART INSTITUTE OF TUCSON (THE)           ,AZ,85712-2732,Proprietary  ,67,122,189,412,548,960
03784400,TOHONO O'ODHAM COMMUNITY COLLEGE        ,AZ,85634-3129,Public       ,8,36,44,22,69,91
03813300,NORTHCENTRAL UNIVERSITY                 ,AZ,86314-2336,Proprietary  ,13,1200,1213,52,3459,3511
03814300,TURNING POINT BEAUTY COLLEGE            ,AZ,85222-4229,Proprietary  ,10,34,44,19,59,78
04051300,ART INSTITUTE OF PHOENIX (THE)          ,AZ,85021-2859,Proprietary  ,2010,6834,8844,6508,23009,29517
04059300,TUCSON COLLEGE OF BEAUTY                ,AZ,85705-2451,Proprietary  ,15,40,55,45,104,149
04120900,ARIZONA CULINARY INSTITUTE              ,AZ,85259-4939,Proprietary  ,52,113,165,240,393,633
04131400,PHOENIX SCHOOL OF LAW                   ,AZ,85012-3330,Proprietary  ,12,302,314,60,1406,1466
04138800,MODERN TECHNIQUES BEAUTY COLLEGE        ,AZ,86403-2974,Proprietary  ,0,2,2,13,26,39
04139200,UNIVERSAL BARBER COLLEGE                ,AZ,85007-3914,Proprietary  ,12,59,71,53,158,211
04148700,AMERICAN INSTITUTE OF INTERIOR DESIGN   ,AZ,85268-3827,Proprietary  ,1,15,16,1,15,16
04152900,STUDIO ACADEMY OF BEAUTY (THE)          ,AZ,85224-3600,Proprietary  ,21,40,61,50,103,153
04157400,NATIONAL PARALEGAL COLLEGE              ,AZ,85014-1262,Proprietary  ,0,22,22,0,22,22
04174100,PAUL MITCHELL THE SCHOOL PHOENIX        ,AZ,85017-1919,Proprietary  ,44,72,116,44,72,116
04174200,ALL BEAUTY COLLEGE                      ,AZ,86426-8326,Proprietary  ,9,37,46,9,37,46
04175300,KOHLER ACADEMY                          ,AZ,85254-4065,Proprietary  ,19,38,57,19,38,57
00142800,DELAWARE STATE UNIVERSITY               ,DE,19901-2277,Public       ,385,379,764,7335,2003,9338
00142900,GOLDEY BEACOM COLLEGE                   ,DE,19808-1993,Private      ,82,130,212,524,445,969
00143100,UNIVERSITY OF DELAWARE                  ,DE,19716-0099,Public       ,725,438,1163,22759,3002,25761
00143300,WESLEY COLLEGE                          ,DE,19901-3875,Private      ,213,123,336,2597,595,3192
00143301,WESLEY COLLEGE-CTR FOR ADULT STUDIE     ,DE,19720-0000,Private      ,3,71,74,28,318,346
00331301,WIDENER UNIV SCHOOL OF LAW - DE         ,DE,19803-0000,Private      ,9,149,158,45,1693,1738
00705300,DELAWARE TECH & CMTY COLLEGE-OWENS      ,DE,19947-0000,Public       ,475,949,1424,2109,2927,5036
00794800,WILMINGTON UNIVERSITY                   ,DE,19720-6491,Private      ,530,2387,2917,2226,6788,9014
01172700,DELAWARE TECH & CMTY CLG-TERRY          ,DE,19901-8736,Public       ,384,676,1060,1662,2190,3852
02125200,BEEBE SCHOOL OF NURSING                 ,DE,19958-1462,Private      ,5,25,30,54,114,168
02144900,DELAWARE TECH & CMTY CLG-STANTN/WLM     ,DE,19801-0000,Public       ,668,1032,1700,3248,3620,6868
02190400,SCHILLING DOUGLAS SCH OF HAIR DSGN      ,DE,19711-0000,Proprietary  ,29,44,73,63,133,196
02586902,STAR TECHNICAL INSTITUTE -              ,DE,19901-4615,Proprietary  ,3,14,17,14,64,78
03025800,DAWN TRAINING CENTRE                    ,DE,19805-1511,Proprietary  ,39,319,358,114,843,957
03543300,HARRIS SCHOOL OF BUSINESS               ,DE,19803-5341,Proprietary  ,82,279,361,117,577,694
03702300,DELAWARE LEARNING INSTITUTE OF COSMETOLO,DE,19939-9759,Proprietary  ,12,39,51,34,122,156
04130700,ACADEMY OF MASSAGE AND BODYWORK         ,DE,19701-1321,Proprietary  ,6,28,34,14,57,71
04139800,DELAWARE COLLEGE OF ART & DESIGN        ,DE,19801-3007,Private      ,33,19,52,396,94,490
04171100,DELAWARE ACADEMY PAUL MITCHELL PARTNER S,DE,19702-5108,Proprietary  ,25,41,66,41,78,119
        ,FEDERAL STUDENT AID USE ONLY            ,DC,20202-0000,,0,1,1,0,1,1
00143400,AMERICAN UNIVERSITY                     ,DC,20016-8020,Private      ,199,651,850,12715,11082,23797
00143700,CATHOLIC UNIVERSITY OF AMERICA          ,DC,20064-0002,Private      ,218,477,695,5597,2867,8464
00143711,"CATHOLIC UNIV AMERICA, LAW SCHOOL       ",DC,20064-0000,Private      ,4,108,112,35,1569,1604
00144100,UNIV OF THE DISTRICT OF COLUMBIA        ,DC,20008-0000,Public       ,406,1225,1631,2064,4930,6994
00144102,UNIV OF THE DIST OF COLU -SCHOOL OF LAW ,DC,20008-1173,Public       ,68,232,300,609,2018,2627
00144300,GALLAUDET UNIVERSITY                    ,DC,20002-3695,Private      ,118,146,264,888,934,1822
00144400,GEORGE WASHINGTON UNIVERSITY            ,DC,20052-2353,Private      ,401,1497,1898,13097,11554,24651
00144402,GEORGE WASHINGTON UNIV LAW SCHL         ,DC,20052-0000,Private      ,4,209,213,59,4514,4573
00144403,GEORGE WASHINGTON UNIV SCH MED          ,DC,20052-0000,Private      ,5,47,52,43,1398,1441
00144500,GEORGETOWN UNIVERSITY                   ,DC,20057-1252,Private      ,265,568,833,11947,4448,16395
00144501,"GEORGETOWN UNIV, SCH OF MEDICINE        ",DC,20007-0000,Private      ,6,54,60,61,1311,1372
00144502,GEORGETOWN UNIVERSITY - GRADUATE SCHOOL ,DC,20057-0004,Private      ,5,391,396,60,3455,3515
00144503,GEORGETOWN UNIV LAW CENTER              ,DC,20001-0000,Private      ,4,182,186,39,6371,6410
00144800,HOWARD UNIVERSITY                       ,DC,20059-0001,Private      ,629,943,1572,14167,9048,23215
00145900,STRAYER UNIVERSITY                      ,DC,20005-2603,Proprietary  ,976,19474,20450,2187,51605,53792
00146000,TRINITY UNIVERSITY                      ,DC,20017-1004,Private      ,75,447,522,1189,2290,3479
00146400,WESLEY THEOLOGICAL SEMINARY             ,DC,20016-0000,Private      ,0,64,64,0,317,317
00207701,JOHNS HOPKINS UNIV SCH ADV INTL STU     ,DC,20036-0000,Private      ,2,82,84,49,1501,1550
01006500,WASHINGTON THEOLOGICAL UNION            ,DC,20012-0000,Private      ,0,13,13,4,41,45
01195000,THE CORCORAN COLLEGE OF ART & DESIG     ,DC,20006-4804,Private      ,31,67,98,535,449,984
01280300,DOMINICAN HOUSE OF STUDIES              ,DC,20017-1584,Private      ,0,4,4,3,22,25
02132800,NAT'L CONSERVATORY DRAMATIC ARTS        ,DC,20007-2758,Private      ,5,8,13,12,24,36
02279200,DUDLEY BEAUTY COLG-WASHINGTON           ,DC,20018-0000,Proprietary  ,26,59,85,55,136,191
02588900,SANZ SCHOOL                             ,DC,20006-0000,Proprietary  ,96,450,546,213,1042,1255
03104300,CAREER BLAZERS LEARNING CENTER OF WASHIN,DC,20037-1881,Proprietary  ,45,263,308,68,472,540
03218300,POTOMAC COLLEGE                         ,DC,20016-1860,Proprietary  ,19,165,184,54,457,511
03409600,BENNETT CAREER INSTITUTE                ,DC,20017-1754,Proprietary  ,38,124,162,91,303,394
03750300,TECHNICAL LEARNING CENTERS              ,DC,20005-3415,Proprietary  ,38,241,279,53,402,455
04114400,INSTITUTE OF WORLD POLITICS (THE)       ,DC,20036-1464,Private      ,1,38,39,4,190,194
04142700,PONTIFICAL JOHN PAUL II INSTITUTE FOR ST,DC,20064-0001,Private      ,0,4,4,0,27,27
00154100,ABRAHAM BALDWIN AGRICULTURAL CLG        ,GA,31794-0000,Public       ,557,531,1088,3029,1751,4780
00154200,AGNES SCOTT COLLEGE                     ,GA,30030-3797,Private      ,56,79,135,1432,479,1911
00154300,DARTON COLLEGE                          ,GA,31707-3098,Public       ,786,1705,2491,3290,5761,9051
00154400,ALBANY STATE UNIVERSITY                 ,GA,31705-2796,Public       ,795,1114,1909,6915,4638,11553
00154500,ANDREW COLLEGE                          ,GA,39840-1313,Private      ,47,24,71,419,71,490
00154600,ARMSTRONG ATLANTIC STATE UNIVERSITY     ,GA,31419-1997,Public       ,720,1270,1990,5552,5790,11342
00154700,ATLANTA CHRISTIAN COLLEGE               ,GA,30344-1999,Private      ,77,326,403,481,1167,1648
00155200,AUGUSTA STATE UNIVERSITY                ,GA,30904-2200,Public       ,577,938,1515,5268,5071,10339
00155400,BERRY COLLEGE                           ,GA,30149-5007,Private      ,137,61,198,3054,318,3372
00155500,THOMAS UNIVERSITY                       ,GA,31792-7499,Private      ,90,454,544,312,1191,1503
00155600,BRENAU UNIVERSITY                       ,GA,30501-3668,Private      ,127,648,775,1331,2957,4288
00155700,BREWTON PARKER COLLEGE                  ,GA,30445-0000,Private      ,94,117,211,579,365,944
00155800,COASTAL GEORGIA COMMUNITY COLLEGE       ,GA,31520-3644,Public       ,435,735,1170,1825,3142,4967
00155900,CLARK ATLANTA UNIVERSITY                ,GA,30314-4385,Private      ,1160,1037,2197,12726,5108,17834
00156000,COLUMBIA THEOLOGICAL SEMINARY           ,GA,30031-0000,Private      ,0,28,28,6,239,245
00156100,COLUMBUS STATE UNIVERSITY               ,GA,31907-5645,Public       ,854,1235,2089,6227,5649,11876
00156200,GEORGIA PERIMETER COLLEGE               ,GA,30021-0000,Public       ,3302,4963,8265,15528,21618,37146
00156300,EMMANUEL COLLEGE                        ,GA,30639-0000,Private      ,114,59,173,784,227,1011
00156400,EMORY UNIVERSITY                        ,GA,30322-1960,Private      ,310,908,1218,11429,10238,21667
00156600,FORT VALLEY STATE UNIVERSITY            ,GA,31030-3298,Public       ,705,572,1277,6229,2499,8728
00156700,GAINESVILLE STATE COLLEGE               ,GA,30503-0000,Public       ,1038,699,1737,6324,3494,9818
00156800,INTERDENOMINATIONAL THEOLOGY CENTER     ,GA,30314-0000,Private      ,1,163,164,4,553,557
00156900,GEORGIA INSTITUTE OF TECHNOLOGY         ,GA,30332-0002,Public       ,711,864,1575,16132,5412,21544
00157000,SOUTHERN POLYTECHNIC STATE UNIV         ,GA,30060-2896,Public       ,345,639,984,3533,3389,6922
00157100,GEORGIA MILITARY COLLEGE                ,GA,31061-3398,Public       ,1224,1494,2718,3701,4696,8397
00157200,GEORGIA SOUTHERN UNIVERSITY             ,GA,30460-8065,Public       ,1713,1484,3197,20471,6840,27311
00157300,GEORGIA SOUTHWESTERN STATE UNIV         ,GA,31709-4693,Public       ,329,487,816,2582,2090,4672
00157400,GEORGIA STATE UNIVERSITY                ,GA,30303-3010,Public       ,2937,4895,7832,27496,26862,54358
00157500,GORDON COLLEGE                          ,GA,30204-1762,Public       ,968,681,1649,5648,3115,8763
00157700,KENNESAW STATE UNIVERSITY               ,GA,30144-5591,Public       ,1760,2597,4357,17300,14379,31679
00157800,LAGRANGE COLLEGE                        ,GA,30240-2999,Private      ,67,163,230,1266,686,1952
00157900,MEDICAL COLLEGE OF GEORGIA              ,GA,30912-0004,Public       ,99,375,474,685,2801,3486
00158000,MERCER UNIVERSITY                       ,GA,31207-0003,Private      ,388,1766,2154,4395,8750,13145
00158100,MIDDLE GEORGIA COLLEGE                  ,GA,31014-1599,Public       ,492,497,989,3436,2177,5613
00158200,MOREHOUSE COLLEGE                       ,GA,30314-3773,Private      ,576,283,859,4833,1236,6069
00158500,NORTH GEORGIA COLLEGE & STATE UNIV      ,GA,30597-0001,Public       ,457,438,895,5054,2375,7429
00158600,OGLETHORPE UNIVERSITY                   ,GA,30319-2737,Private      ,126,136,262,1998,733,2731
00158700,PAINE COLLEGE                           ,GA,30901-3182,Private      ,175,142,317,1624,635,2259
00158800,PIEDMONT COLLEGE                        ,GA,30535-5644,Private      ,133,640,773,951,2236,3187
00158900,REINHARDT COLLEGE                       ,GA,30183-2981,Private      ,190,166,356,1084,593,1677
00159000,SAVANNAH STATE UNIVERSITY               ,GA,31404-5298,Public       ,1007,806,1813,7166,3114,10280
00159100,SHORTER UNIVERSITY                      ,GA,30165-4298,Private      ,189,958,1147,2037,3263,5300
00159200,SOUTH GEORGIA COLLEGE                   ,GA,31533-8104,Public       ,414,438,852,1768,1360,3128
00159400,SPELMAN COLLEGE                         ,GA,30314-4399,Private      ,383,237,620,6507,1512,8019
00159600,TOCCOA FALLS COLLEGE                    ,GA,30598-0001,Private      ,85,58,143,843,237,1080
00159700,TRUETT MCCONNELL COLLEGE                ,GA,30528-1264,Private      ,87,60,147,533,158,691
00159800,UNIVERSITY OF GEORGIA                   ,GA,30602-6114,Public       ,2312,1990,4302,24843,12704,37547
00159900,VALDOSTA STATE UNIVERSITY               ,GA,31698-0001,Public       ,1431,1369,2800,13839,5960,19799
00160000,WESLEYAN COLLEGE                        ,GA,31210-4407,Private      ,62,117,179,484,510,994
00160100,UNIV OF WEST GEORGIA                    ,GA,30118-0002,Public       ,1169,1150,2319,10708,5502,16210
00160200,GEORGIA COLLEGE & STATE UNIVERSITY      ,GA,31061-0490,Public       ,638,544,1182,6306,2362,8668
00160400,YOUNG HARRIS COLLEGE                    ,GA,30582-4137,Private      ,77,23,100,1110,112,1222
00348400,COVENANT COLLEGE                        ,GA,30750-4164,Private      ,80,69,149,1163,333,1496
00395600,DALTON STATE COLLEGE                    ,GA,30720-3797,Public       ,716,896,1612,3953,4005,7958
00402300,APPALACHIAN TECHNICAL COLLEGE           ,GA,30143-0000,Public       ,0,0,0,3,25,28
00402400,GEORGIA NORTHWESTERN TECHNICAL COLLEGE  ,GA,30161-6757,Public       ,800,2277,3077,2326,7485,9811
00411700,GRADY HEALTH SYSTEM                     ,GA,30303-3050,Public       ,30,147,177,117,580,697
00525400,LANIER TECHNICAL COLLEGE                ,GA,30566-3499,Public       ,302,987,1289,1168,4030,5198
00525500,MOULTRIE TECHNICAL COLLEGE              ,GA,31768-0000,Public       ,292,926,1218,701,2534,3235
00525600,WIREGRASS GEORGIA TECHNICAL COLLEGE     ,GA,31602-0929,Public       ,606,1711,2317,1661,5267,6928
00525602,WIREGRASS GEORGIA TECHNICAL COLLEGE - BE,GA,31750-8806,Public       ,83,265,348,321,1286,1607
00551100,OKEFENOKEE TECHNICAL COLLEGE            ,GA,31501-4016,Public       ,179,544,723,485,1744,2229
00559900,AUGUSTA TECHNICAL COLLEGE               ,GA,30906-3399,Public       ,704,2004,2708,2195,6494,8689
00560000,ATHENS TECHNICAL COLLEGE                ,GA,30601-1579,Public       ,722,1584,2306,2477,6079,8556
00560100,ALBANY TECHNICAL COLLEGE                ,GA,31701-2648,Public       ,561,1827,2388,1594,6304,7898
00561400,WEST GEORGIA TECHNICAL COLLEGE          ,GA,30240-5957,Public       ,0,0,0,42,91,133
00561500,SOUTHWEST GEORGIA TECHNICAL COLLEGE     ,GA,31792-2622,Public       ,210,620,830,744,2508,3252
00561700,SOUTH GEORGIA TECHNICAL COLLEGE         ,GA,31709-8167,Public       ,413,882,1295,1007,2432,3439
00561800,SAVANNAH TECHNICAL COLLEGE              ,GA,31405-5594,Public       ,882,2691,3573,2473,8537,11010
00561900,NORTH GEORGIA TECHNICAL COLLEGE         ,GA,30523-0000,Public       ,364,761,1125,1314,2933,4247
00562000,CHATTAHOOCHEE TECHNICAL COLLEGE         ,GA,30060-3398,Public       ,1646,3214,4860,5398,12937,18335
00562004,NORTH METRO TECHNICAL COLLEGE           ,GA,30102-3129,Public       ,0,0,0,17,46,63
00562100,GRIFFIN TECHNICAL COLLEGE               ,GA,30223-2097,Public       ,589,1773,2362,1819,5929,7748
00562101,FLINT RIVER TECHNICAL INSTITUTE         ,GA,30286-0014,Public       ,76,236,312,229,924,1153
00562200,DEKALB TECHNICAL COLLEGE                ,GA,30021-0000,Public       ,679,2478,3157,2134,8822,10956
00562400,COLUMBUS TECHNICAL COLLEGE              ,GA,31904-6572,Public       ,587,1386,1973,1821,4791,6612
00576300,CENTRAL GEORGIA TECHNICAL COLLEGE       ,GA,31206-3628,Public       ,751,2806,3557,2342,9707,12049
00772800,MACON STATE COLLEGE                     ,GA,31206-5145,Public       ,704,1309,2013,3639,5720,9359
00854300,ATLANTA TECHNICAL COLLEGE               ,GA,30310-4499,Public       ,778,2729,3507,2398,9186,11584
00897600,CLAYTON STATE UNIVERSITY                ,GA,30260-0285,Public       ,795,2059,2854,5546,9525,15071
00927000,ART INSTITUTE OF ATLANTA                ,GA,30328-1649,Proprietary  ,1699,1780,3479,8475,6869,15344
00950700,GEORGIA HIGHLANDS COLLEGE               ,GA,30162-0000,Public       ,759,797,1556,3474,3304,6778
01031903,MEDIX SCHOOL                            ,GA,30080-7630,Proprietary  ,75,344,419,235,956,1191
01035601,EVEREST INSTITUTE - DEKALB              ,GA,30035-3420,Proprietary  ,122,647,769,222,1031,1253
01048700,WEST GEORGIA TECHNICAL COLLEGE          ,GA,30182-6476,Public       ,897,2057,2954,3032,7845,10877
01077100,GUPTON JONES COLLEGE                    ,GA,30035-4022,Private      ,38,128,166,164,432,596
01099700,EAST GEORGIA COLLEGE                    ,GA,30401-2699,Public       ,647,412,1059,2714,1407,4121
01107400,BAINBRIDGE COLLEGE                      ,GA,39819-8400,Public       ,526,1469,1995,1285,3870,5155
01110901,EVEREST COLLEGE - EVEREST INSTITUTE     ,GA,30067-8340,Proprietary  ,63,413,476,147,883,1030
01112301,EVEREST COLLEGE - EVEREST INSTITUTE- NOR,GA,30093-2813,Proprietary  ,62,312,374,194,998,1192
01157400,BAUDER COLLEGE                          ,GA,30313-2439,Proprietary  ,176,342,518,725,1373,2098
01205100,PRO WAY HAIR SCHOOL                     ,GA,30083-2884,Proprietary  ,23,111,134,94,442,536
01216500,ATLANTA METROPOLITAN COLLEGE            ,GA,30310-4498,Public       ,804,1544,2348,3001,5324,8325
01303900,SOUTH UNIVERSITY                        ,GA,31406-4881,Proprietary  ,1086,12208,13294,2771,31598,34369
02055000,WAYCROSS COLLEGE                        ,GA,31503-0000,Public       ,206,318,524,654,864,1518
02060900,BROWN CLG OF COURT REPORTING & M.T.     ,GA,30318-2570,Proprietary  ,16,131,147,38,433,471
02074800,LIFE UNIVERSITY                         ,GA,30060-0000,Private      ,77,343,420,397,2656,3053
02089700,HERZING COLLEGE                         ,GA,30326-1332,Proprietary  ,95,546,641,247,1487,1734
02110501,ART INSTITUTE OF CHARLOTTE (THE) - BROWN,GA,30319-3054,Proprietary  ,149,434,583,349,1019,1368
02113613,AMERICAN INTERCONTINENTAL UNIVERSITY    ,GA,30328-1649,Proprietary  ,262,895,1157,1364,3701,5065
02116000,SANFORD-BROWN COLLEGE                   ,GA,30328-4803,Proprietary  ,114,584,698,380,2010,2390
02141500,SAVANNAH COLLEGE OF ART & DESIGN        ,GA,31402-3146,Private      ,906,700,1606,9832,4682,14514
02202800,AUGUSTA AREA DIET INTERN UNIV HOSP      ,GA,30901-0000,Private      ,3,16,19,7,38,45
02217200,PORTFOLIO CENTER                        ,GA,30309-0000,Proprietary  ,0,32,32,18,114,132
02266200,AMERICAN PROFESSIONAL INSTITUTE         ,GA,31201-3185,Proprietary  ,136,644,780,348,1828,2176
02279500,HEART OF GEORGIA TECHNICAL COLLEGE      ,GA,31021-0000,Public       ,158,486,644,528,1783,2311
02284300,INTERACTIVE COLLEGE OF TECHNOLOGY       ,GA,30341-0000,Proprietary  ,96,690,786,214,1634,1848
02284308,INTERACTIVE LEARNING SYSTEMS            ,GA,30260-0000,Proprietary  ,24,112,136,40,287,327
02284309,INTERACTIVE COLLEGE OF TECHNOLOGY       ,GA,30501-0000,Proprietary  ,9,100,109,35,233,268
02285500,"CREATIVE CIRCUS, THE                    ",GA,30324-0000,Proprietary  ,14,59,73,69,287,356
02288400,GWINNETT TECHNICAL INSTITUTE            ,GA,30043-5702,Public       ,831,2204,3035,3238,9504,12742
02313902,WESTWOOD COLLEGE - O'HARE AIRPORT - ATLA,GA,30345-2807,Proprietary  ,73,199,272,349,821,1170
02321400,ROFFLER-MOLER HAIRSTYLING COLLEGE       ,GA,30062-0000,Proprietary  ,13,70,83,43,176,219
02354500,SOUTHEASTERN BEAUTY SCHOOLS             ,GA,31906-0000,Proprietary  ,23,83,106,50,144,194
02482100,MOREHOUSE SCHOOL OF MEDICINE            ,GA,30310-0000,Private      ,21,54,75,146,705,851
02502700,ADVANCED CAREER TRAINING                ,GA,30329-0000,Proprietary  ,256,744,1000,480,1598,2078
02502701,ADVANCED CAREER TRAINING-RIVERDALE      ,GA,30274-0000,Proprietary  ,114,485,599,158,718,876
02508600,MIDDLE GEORGIA TECHNICAL COLLEGE        ,GA,31088-0000,Public       ,431,1307,1738,1277,4018,5295
02520000,INTERNATIONAL SCH SKIN & NAILCARE       ,GA,30342-1119,Proprietary  ,11,148,159,34,290,324
02577000,ARNOLD / PADRICKS  UNIV OF COSM         ,GA,30297-0000,Proprietary  ,35,128,163,78,239,317
02577700,BEAUTY COLLEGE OF AMERICA               ,GA,30297-0000,Proprietary  ,19,40,59,49,113,162
02578300,INTERNATIONAL CITY BEAUTY COLLEGE       ,GA,31093-3631,Proprietary  ,0,0,0,10,22,32
02580200,ATLANTA SCHOOL OF MASSAGE               ,GA,30338-0000,Proprietary  ,24,133,157,78,396,474
02583000,GWINNETT COLLEGE OF BUSINESS            ,GA,30047-3447,Proprietary  ,51,332,383,179,756,935
02607600,CAPELLI LEARNING CTR FOR COSM           ,GA,30324-0000,Proprietary  ,26,80,106,105,304,409
02614206,MILLER - MOTTE TECHNICAL COLLEGE - COLUM,GA,31907-3222,Proprietary  ,31,222,253,82,550,632
03005400,ARTISTIC BEAUTY COLLEGE                 ,GA,30013-2076,Proprietary  ,99,269,368,224,647,871
03010619,VIRGINIA COLLEGE - AUGUSTA              ,GA,30909-5515,Proprietary  ,121,577,698,227,1387,1614
03022601,WESTERN CULINARY INSTITUTE - LE CORDON B,GA,30084-5893,Proprietary  ,35,75,110,227,332,559
03030000,OGEECHEE TECHNICAL COLLEGE              ,GA,30458-8049,Public       ,482,1010,1492,1412,3194,4606
03032100,ALTAMAHA TECHNICAL COLLEGE              ,GA,31545-4465,Public       ,174,571,745,496,1905,2401
03042700,LAURUSTECHNICAL INSTITUTE               ,GA,30030-1506,Proprietary  ,46,187,233,89,484,573
03066500,SOUTHEASTERN TECHNICAL COLLEGE          ,GA,30474-8817,Public       ,165,578,743,525,2002,2527
03066502,SWAINSBORO TECHNICAL COLLEGE            ,GA,30401-5700,Public       ,19,53,72,71,229,300
03072304,EVEREST COLLEGE - EVEREST INSTITUTE     ,GA,30236-0000,Proprietary  ,70,411,481,227,1093,1320
03076300,BEULAH HEIGHTS BIBLE COLLEGE            ,GA,30316-1873,Private      ,20,343,363,54,815,869
03079202,WESTWOOD COLLEGE - ATLANTA MIDTOWN      ,GA,30309-2848,Proprietary  ,185,422,607,791,1606,2397
03081500,SOUTHEASTERN BEAUTY SCHOOL              ,GA,31917-0000,Proprietary  ,24,71,95,43,117,160
03089100,GEORGIA INSTITUTE OF COSMETOLOGY        ,GA,30606-3152,Proprietary  ,85,256,341,155,357,512
03090600,COBB BEAUTY COLLEGE                     ,GA,30144-2828,Proprietary  ,10,32,42,46,109,155
03100900,LUTHER RICE UNIVERSITY                  ,GA,30038-2454,Private      ,5,223,228,33,843,876
03102000,RIVERTOWN SCHOOL OF BEAUTY              ,GA,31904-4747,Proprietary  ,34,104,138,61,187,248
03104500,ATLANTA INSTITUTE OF MUSIC              ,GA,30096-4988,Proprietary  ,62,103,165,292,330,622
03116100,VOGUE BEAUTY SCHOOL                     ,GA,30141-2226,Proprietary  ,18,49,67,39,136,175
03155500,SANDERSVILLE REGIONAL TECH INST         ,GA,31082-6179,Public       ,104,335,439,254,842,1096
03173300,ATLANTA'S JOHN MARSHALL LAW SCHOOL      ,GA,30309-0000,Proprietary  ,10,226,236,38,1460,1498
03232304,LINCOLN COLLEGE OF TECHNOLOGY           ,GA,30067-8638,Proprietary  ,64,187,251,196,686,882
03418300,GWINNETT COLLEGE-SANDY SPRINGS          ,GA,30328-3161,Proprietary  ,16,110,126,71,328,399
03445500,FAYETTE BEAUTY ACADEMY                  ,GA,30214-1191,Proprietary  ,8,44,52,22,109,131
03523300,AVIATION INSTITUTE OF MAINTENANCE       ,GA,30045-6716,Proprietary  ,81,213,294,198,689,887
03635300,CARVER BIBLE COLLEGE                    ,GA,30331-1300,Private      ,9,58,67,27,129,156
03748300,KEVOSNIK SCHOOL OF HAIR DESIGN          ,GA,31021-0000,Proprietary  ,0,14,14,3,27,30
03753400,MICHAEL'S SCHOOL OF BEAUTY              ,GA,31211-1493,Proprietary  ,7,37,44,21,119,140
03804400,JAVELIN TECHNICAL TRAINING CENTER       ,GA,30339-6040,Proprietary  ,137,477,614,276,1266,1542
03804401,JAVELIN TECHNICAL TRAINING CENTER -     ,GA,30260-1756,Proprietary  ,3,49,52,26,174,200
03804402,JAVELIN TECHNICAL TRAINING CENTER -     ,GA,30084-5252,Proprietary  ,2,46,48,12,139,151
03812300,OMNITECH INSTITUTE                      ,GA,30035-1206,Proprietary  ,60,214,274,139,485,624
04021300,AUGUSTA SCHOOL OF MASSAGE               ,GA,30809-0000,Proprietary  ,5,35,40,15,60,75
04091300,SAVANNAH SCHOOL OF MASSAGE THERAPY      ,GA,31406-2711,Private      ,6,47,53,42,156,198
04126800,ACADEMY OF SOMATIC HEALING ARTS (ASHA)  ,GA,30071-1024,Proprietary  ,20,82,102,43,225,268
04128500,SOUTHERN CATHOLIC COLLEGE               ,GA,30534-3111,Private      ,0,0,0,79,19,98
04142900,GEORGIA GWINNETT COLLEGE                ,GA,30043-7409,Public       ,1043,912,1955,4172,3269,7441
04147000,PAUL MITCHELL THE SCHOOL ATLANTA        ,GA,30318-5241,Proprietary  ,70,110,180,181,353,534
04147700,LAKE LANIER SCHOOL OF MASSAGE           ,GA,30501-4546,Proprietary  ,10,85,95,28,143,171
04149900,PROFILE INSTITUTE OF BARBER-STYLING     ,GA,30315-8459,Proprietary  ,16,58,74,48,157,205
04150900,PROCESS INSTITUTE OF COSMETOLOGY (THE)  ,GA,30043-7344,Proprietary  ,21,51,72,66,130,196
04152300,GEORGIA BEAUTY ACADEMY                  ,GA,30721-3952,Proprietary  ,8,34,42,47,113,160
04160200,ATLANTA BEAUTY ACADEMY                  ,GA,30340-1334,Proprietary  ,17,119,136,40,189,229
00162800,AMERICAN ACADEMY OF ART                 ,IL,60604-4302,Proprietary  ,88,46,134,844,237,1081
00163300,AUGUSTANA COLLEGE                       ,IL,61201-2296,Private      ,68,27,95,3958,184,4142
00163400,AURORA UNIVERSITY                       ,IL,60506-4892,Private      ,154,577,731,2958,2754,5712
00163600,SOUTHWESTERN ILLINOIS COLLEGE           ,IL,62221-5899,Public       ,1060,2128,3188,3869,6570,10439
00163800,BLACK HAWK COLLEGE                      ,IL,61265-5899,Public       ,382,764,1146,2147,3060,5207
00163900,BLACKBURN COLLEGE                       ,IL,62626-1498,Private      ,42,23,65,812,145,957
00164000,PRAIRIE STATE COLLEGE                   ,IL,60411-8226,Public       ,568,1128,1696,2586,4709,7295
00164100,BRADLEY UNIVERSITY                      ,IL,61625-0002,Private      ,188,153,341,7069,1225,8294
00164300,SPOON RIVER COLLEGE                     ,IL,61520-8907,Public       ,110,187,297,751,866,1617
00164700,CITY COLLEGES OF CHICAGO                ,IL,60606-6998,Public       ,90,330,420,825,1405,2230
00164800,TRUMAN COLLEGE                          ,IL,60640-5691,Public       ,637,1451,2088,3848,5710,9558
00164900,RICHARD J DALEY COLLEGE                 ,IL,60652-1299,Public       ,618,1275,1893,3094,4876,7970
00165000,CITY COLLEGES OF CHICAGO-MALCOLM X      ,IL,60612-3197,Public       ,702,1936,2638,3373,7176,10549
00165200,HAROLD WASHINGTON COLLEGE               ,IL,60601-2403,Public       ,1229,1975,3204,6474,7654,14128
00165400,KENNEDY KING COLLEGE                    ,IL,60621-3798,Public       ,746,2413,3159,3768,9037,12805
00165500,WRIGHT COLLEGE                          ,IL,60634-1591,Public       ,931,1476,2407,5527,5944,11471
00165700,MIDWESTERN UNIVERSITY                   ,IL,60515-1200,Private      ,11,122,133,149,2900,3049
00165900,ROSALIND FRANKLIN UNIVERSITY OF MEDICINE,IL,60064-3095,Private      ,4,134,138,35,2339,2374
00166100,CHICAGO THEOLOGICAL SEMINARY            ,IL,60637-0000,Private      ,2,41,43,24,200,224
00166300,SPERTUS COLLEGE                         ,IL,60605-1995,Private      ,0,8,8,8,66,74
00166400,UNIVERSITY OF ST FRANCIS                ,IL,60435-6188,Private      ,57,356,413,1538,1739,3277
00166500,COLUMBIA COLLEGE                        ,IL,60605-1996,Private      ,948,788,1736,13610,5303,18913
00166600,CONCORDIA UNIVERSITY                    ,IL,60305-1499,Private      ,56,656,712,2342,3280,5622
00166900,DANVILLE AREA COMMUNITY COLLEGE         ,IL,61832-5199,Public       ,230,589,819,1009,1901,2910
00167100,DEPAUL UNIVERSITY                       ,IL,60604-2287,Private      ,853,2578,3431,18039,16845,34884
00167400,EASTERN ILLINOIS UNIVERSITY             ,IL,61920-3099,Public       ,756,519,1275,11317,3646,14963
00167500,ELGIN COMMUNITY COLLEGE                 ,IL,60123-7193,Public       ,662,911,1573,3498,4364,7862
00167600,ELMHURST COLLEGE                        ,IL,60126-3296,Private      ,199,208,407,3717,1248,4965
00167800,EUREKA COLLEGE                          ,IL,61530-9976,Private      ,33,27,60,1082,252,1334
00168100,HIGHLAND COMMUNITY COLLEGE              ,IL,61032-9341,Public       ,156,359,515,939,1323,2262
00168200,GARRETT-EVANGELICAL THEOLOGICAL SEM     ,IL,60201-0000,Private      ,0,57,57,2,219,221
00168400,GREENVILLE COLLEGE                      ,IL,62246-1199,Private      ,60,192,252,1591,784,2375
00168500,HEBREW THEOLOGICAL COLLEGE              ,IL,60077-3263,Private      ,41,8,49,434,26,460
00168800,ILLINOIS COLLEGE                        ,IL,62650-2299,Private      ,31,23,54,1397,147,1544
00168900,ILLINOIS COLLEGE OF OPTOMETRY           ,IL,60616-3878,Private      ,3,24,27,24,706,730
00169100,ILLINOIS INSTITUTE OF TECHNOLOGY        ,IL,60616-0000,Private      ,159,493,652,2537,2170,4707
00169101,ILLINOIS INSTITUTE OF TECHNOLOGY - IIT D,IL,60661-3691,Private      ,0,0,0,468,646,1114
00169103,CHICAGO KENT COLLEGE OF LAW             ,IL,60661-0000,Private      ,4,193,197,39,2238,2277
00169200,ILLINOIS STATE UNIVERSITY               ,IL,61790-1000,Public       ,927,580,1507,20710,4943,25653
00169300,NORTHEASTERN ILLINOIS UNIV              ,IL,60625-4699,Public       ,571,1369,1940,7172,7795,14967
00169400,CHICAGO STATE UNIVERSITY                ,IL,60628-1598,Public       ,638,2231,2869,6144,11400,17544
00169600,ILLINOIS WESLEYAN UNIVERSITY            ,IL,61701-0000,Private      ,38,30,68,3229,175,3404
00169800,JOHN MARSHALL LAW SCHOOL                ,IL,60604-0000,Private      ,10,331,341,47,2725,2772
00169900,JOLIET JUNIOR COLLEGE                   ,IL,60431-8938,Public       ,940,1365,2305,6719,6797,13516
00170000,JUDSON UNIVERSITY                       ,IL,60123-1498,Private      ,61,158,219,987,776,1763
00170100,KASKASKIA COLLEGE                       ,IL,62801-7878,Public       ,347,680,1027,1482,2354,3836
00170300,KENDALL COLLEGE                         ,IL,60622-4278,Proprietary  ,171,517,688,1264,2411,3675
00170400,KNOX COLLEGE                            ,IL,61401-4999,Private      ,40,18,58,2207,111,2318
00170500,ILLINOIS VALLEY COMMUNITY COLLEGE       ,IL,61348-9692,Public       ,200,385,585,1475,1923,3398
00170600,LAKE FOREST COLLEGE                     ,IL,60045-2399,Private      ,37,21,58,1818,183,2001
00170700,LEWIS UNIVERSITY                        ,IL,60446-2200,Private      ,338,763,1101,4499,3421,7920
00170800,LINCOLN CHRISTIAN UNIVERSITY            ,IL,62656-2167,Private      ,44,153,197,479,612,1091
00170900,LINCOLN COLLEGE                         ,IL,62656-1699,Private      ,98,101,199,1377,665,2042
00171000,LOYOLA UNIVERSITY CHICAGO               ,IL,60626-0000,Private      ,574,1402,1976,15741,11736,27477
00171002,LOYOLA STRITCH SCHOOL OF MEDICINE       ,IL,60153-0000,Private      ,0,0,0,32,460,492
00171200,LUTHERAN SCHOOL OF THEOL AT CHICAGO     ,IL,60615-0000,Private      ,0,32,32,5,141,146
00171600,MACCORMAC COLLEGE                       ,IL,60602-4405,Private      ,10,42,52,52,209,261
00171700,MACMURRAY COLLEGE                       ,IL,62650-2590,Private      ,40,40,80,596,286,882
00172100,MCCORMICK THEOLOGICAL SEMINARY          ,IL,60615-5108,Private      ,0,17,17,7,148,155
00172200,MCKENDREE UNIVERSITY                    ,IL,62254-1299,Private      ,100,348,448,1805,1500,3305
00172300,MEADVILLE LOMBARD THEOLOGICAL SCHOOL    ,IL,60637-1602,Private      ,1,7,8,1,85,86
00172400,MILLIKIN UNIVERSITY                     ,IL,62522-2084,Private      ,105,139,244,2867,874,3741
00172500,MONMOUTH COLLEGE                        ,IL,61462-1963,Private      ,51,16,67,2039,129,2168
00172700,MOODY BIBLE INSTITUTE                   ,IL,60610-3214,Private      ,881,550,1431,1040,647,1687
00172800,MORTON COLLEGE                          ,IL,60804-4398,Public       ,488,633,1121,2134,2093,4227
00173200,NATIONAL UNIV OF HEALTH SCIENCES        ,IL,60148-4583,Private      ,19,148,167,71,1008,1079
00173300,NATIONAL-LOUIS UNIVERSITY               ,IL,60603-3032,Private      ,50,1585,1635,352,6607,6959
00173400,NORTH CENTRAL COLLEGE                   ,IL,60540-4690,Private      ,115,161,276,3405,924,4329
00173500,NORTH PARK UNIVERSITY                   ,IL,60625-4895,Private      ,214,437,651,2661,1702,4363
00173600,NORTHERN BAPTIST THEOL SEMINARY         ,IL,60148-0000,Private      ,1,23,24,3,53,56
00173700,NORTHERN ILLINOIS UNIVERSITY            ,IL,60115-2854,Public       ,1320,1447,2767,22911,10568,33479
00173900,NORTHWESTERN UNIV                       ,IL,60208-0001,Private      ,322,1415,1737,17875,10935,28810
00174100,OLIVET NAZARENE UNIVERSITY              ,IL,60914-2271,Private      ,160,420,580,3328,1872,5200
00174200,IL EASTERN COMM COLGS-OLNEY CENTRAL     ,IL,62450-1099,Public       ,69,179,248,616,802,1418
00174500,QUINCY UNIVERSITY                       ,IL,62301-2699,Private      ,49,164,213,1559,1156,2715
00174600,ROBERT MORRIS UNIVERSITY ILLINOIS       ,IL,60605-1225,Private      ,466,1090,1556,5370,6045,11415
00174700,ROCK VALLEY COLLEGE                     ,IL,61114-5699,Public       ,497,1189,1686,3280,5782,9062
00174800,ROCKFORD COLLEGE                        ,IL,61108-2393,Private      ,81,252,333,1061,1374,2435
00174900,ROOSEVELT UNIVERSITY                    ,IL,60605-1394,Private      ,318,1292,1610,4804,7483,12287
00175000,DOMINICAN UNIVERSITY                    ,IL,60305-1066,Private      ,83,345,428,2809,2049,4858
00175200,SAUK VALLEY COMMUNITY COLLEGE           ,IL,61021-9112,Public       ,186,276,462,1093,1250,2343
00175300,SCHOOL OF ART INSTITUTE OF CHICAGO      ,IL,60603-3013,Private      ,211,234,445,3781,2647,6428
00175400,SEABURY-WESTERN THEO SEMINARY           ,IL,60201-0000,Private      ,0,0,0,2,1,3
00175600,SHIMER COLLEGE                          ,IL,60616-3893,Private      ,16,12,28,176,67,243
00175700,SOUTHEASTERN ILLINOIS COLLEGE           ,IL,62946-4925,Public       ,136,240,376,732,905,1637
00175800,SOUTHERN ILL UNIV-CARBONDALE            ,IL,62901-0000,Public       ,1190,1656,2846,15877,8680,24557
00175900,SOUTHERN ILL UNIV-EDWARDSVILLE          ,IL,62026-1060,Public       ,768,996,1764,11396,6054,17450
00175924,SO IL UNIV-SCHL OF DENTAL MEDICINE      ,IL,62002-0000,Public       ,0,17,17,12,199,211
00176100,SPRINGFIELD COLLEGE IN ILLINOIS         ,IL,62702-2694,Private      ,51,91,142,371,497,868
00176500,UNIVERSITY OF ST MARY OF THE LAKE       ,IL,60060-0000,Private      ,0,3,3,1,11,12
00176700,BENEDICTINE UNIVERSITY                  ,IL,60532-0900,Private      ,171,853,1024,2849,4002,6851
00176800,ST XAVIER UNIVERSITY                    ,IL,60655-3199,Private      ,168,731,899,4686,3550,8236
00176900,SOUTH SUBURBAN COLLEGE                  ,IL,60473-9978,Public       ,786,2028,2814,2895,7236,10131
00177100,TRINITY CHRISTIAN COLLEGE               ,IL,60463-0929,Private      ,63,162,225,1283,946,2229
00177200,TRINITY INTERNATIONAL UNIVERSITY        ,IL,60015-1283,Private      ,77,297,374,894,1193,2087
00177300,TRITON COLLEGE                          ,IL,60171-1995,Public       ,858,1438,2296,3916,5270,9186
00177400,UNIVERSITY OF CHICAGO                   ,IL,60637-1476,Private      ,248,386,634,14138,3261,17399
00177401,UNIV OF CHICAGO PRITZKER SCH OF MED     ,IL,60637-0000,Private      ,3,25,28,55,642,697
00177403,"UNIV OF CHICAGO, GRAD SCH OF BUS        ",IL,60637-0000,Private      ,2,327,329,48,1310,1358
00177405,UNIVERSITY OF CHICAGO GRADUATE          ,IL,60637-0000,Private      ,8,381,389,142,5797,5939
00177500,UNIV OF ILLINOIS @ URBANA-CHAMPAIGN     ,IL,61820-5796,Public       ,1135,782,1917,28433,9637,38070
00177600,UNIV OF ILLINOIS AT CHICAGO             ,IL,60607-0000,Public       ,1198,2062,3260,22163,17253,39416
00177800,VANDERCOOK COLLEGE OF MUSIC             ,IL,60616-3731,Private      ,12,10,22,191,97,288
00177900,IL EASTERN COMM COLGS-WABASH VALLEY     ,IL,62863-2699,Public       ,70,128,198,465,540,1005
00178000,WESTERN ILLINOIS UNIVERSITY             ,IL,61455-1390,Public       ,890,721,1611,11023,4042,15065
00178100,WHEATON COLLEGE                         ,IL,60187-5535,Private      ,74,69,143,2798,658,3456
00178300,WORSHAM COLLEGE OF MORTUARY SCIENCE     ,IL,60090-2646,Proprietary  ,11,33,44,71,146,217
00396100,HARPER COLLEGE                          ,IL,60067-7398,Public       ,1085,1389,2474,5274,5134,10408
00418100,ADVOCATE TRINITY HOSPITAL SCHOOL OF RADI,IL,60617-3982,Private      ,13,60,73,62,227,289
00456000,GEM CITY COLLEGE                        ,IL,62301-4949,Proprietary  ,8,27,35,21,62,83
00456800,MIDSTATE COLLEGE                        ,IL,61614-3558,Proprietary  ,35,178,213,113,966,1079
00512732,BROWN MACKIE COLLEGE-CINCINNATI - BROWN ,IL,61265-7062,Proprietary  ,26,171,197,96,477,573
00621400,BLESSING RIEMAN COLLEGE OF NURSING      ,IL,62301-0000,Private      ,2,10,12,79,108,187
00621401,BLESSING HOSPITAL - SCHOOL OF MEDICAL LA,IL,62305-7005,Private      ,1,6,7,4,18,22
00621402,BLESSING HOSPITAL - SCHOOL OF RADIOLOGIC,IL,62305-7005,Private      ,0,6,6,15,19,34
00621403,BLESSING HOSPITAL - COLLEGE OF NURSING  ,IL,62305-7005,Private      ,1,3,4,22,27,49
00622500,TRINITY COLLEGE OF NURSING AND HEALTH SC,IL,61201-5317,Private      ,12,35,47,110,249,359
00622800,METHODIST MED CTR OF ILL SCH NRSNG      ,IL,61636-0000,Private      ,25,59,84,242,491,733
00624000,ST FRANCIS MED CLG OF NRSG              ,IL,61603-3783,Private      ,8,48,56,214,380,594
00665600,COLLEGE OF DUPAGE                       ,IL,60137-6599,Public       ,1727,2177,3904,8218,8409,16627
00675300,ILLINOIS CENTRAL COLLEGE                ,IL,61635-0001,Public       ,633,1368,2001,4155,5988,10143
00693100,WAUBONSEE COMMUNITY COLLEGE             ,IL,60554-0000,Public       ,511,782,1293,2520,3358,5878
00711800,PARKLAND COLLEGE                        ,IL,61821-1899,Public       ,713,997,1710,4268,4022,8290
00711900,REND LAKE COLLEGE                       ,IL,62846-9801,Public       ,250,435,685,1340,1567,2907
00717000,LINCOLN LAND COMMUNITY COLLEGE          ,IL,62794-9256,Public       ,415,899,1314,2472,3998,6470
00726500,CARL SANDBURG COLLEGE                   ,IL,61401-9576,Public       ,143,316,459,970,1641,2611
00754900,COYNE AMERICAN INSTITUTE                ,IL,60607-1300,Proprietary  ,137,444,581,376,1255,1631
00764400,LAKE LAND COLLEGE                       ,IL,61938-9366,Public       ,310,557,867,2299,2571,4870
00768400,KISHWAUKEE COLLEGE                      ,IL,60150-9699,Public       ,323,452,775,2078,2171,4249
00769000,KANKAKEE COMMUNITY COLLEGE              ,IL,60901-6505,Public       ,247,622,869,1492,2713,4205
00769100,MCHENRY COUNTY COLLEGE                  ,IL,60012-2761,Public       ,334,441,775,2577,2019,4596
00769200,MORAINE VALLEY COMMUNITY COLLEGE        ,IL,60465-0937,Public       ,960,1287,2247,5734,5181,10915
00769300,SHAWNEE COMMUNITY COLLEGE               ,IL,62992-9725,Public       ,174,472,646,828,1311,2139
00769400,COLLEGE OF LAKE COUNTY                  ,IL,60030-1198,Public       ,1058,1625,2683,3898,5095,8993
00793700,MS ROBERTS ACADEMY OF BEAUTY CULT       ,IL,60181-2930,Proprietary  ,12,33,45,29,56,85
00807600,JOHN A LOGAN COLLEGE                    ,IL,62918-2500,Public       ,441,702,1143,2124,2660,4784
00814604,EVEREST UNIVERSITY - EVEREST  COLLEGE   ,IL,60803-4517,Proprietary  ,60,354,414,173,920,1093
00825900,EDUCATORS OF BEAUTY                     ,IL,61081-3611,Proprietary  ,16,50,66,52,116,168
00825901,EDUCATORS OF BEAUTY                     ,IL,61104-0000,Proprietary  ,4,17,21,24,107,131
00832800,ALVAREITA'S COLLEGE OF COSMETOLOGY      ,IL,62025-2041,Proprietary  ,9,53,62,36,109,145
00854500,ROCKFORD BUSINESS COLLEGE               ,IL,61103-0000,Proprietary  ,58,294,352,200,1029,1229
00869402,RASMUSSEN COLLEGE - ROCKFORD            ,IL,61108-2513,Proprietary  ,77,338,415,388,1860,2248
00869403,RASMUSSEN COLLEGE - AURORA              ,IL,60506-6219,Proprietary  ,69,226,295,204,707,911
00869404,RASMUSSEN COLLEGE - ROMEOVILLE          ,IL,60446-0000,Proprietary  ,43,165,208,161,546,707
00869418,RASMUSSEN COLLEGE -  MOKENA             ,IL,60448-0000,Proprietary  ,7,52,59,8,58,66
00888000,MORRISON INSTITUTE OF TECHNOLOGY        ,IL,61270-2959,Private      ,4,5,9,119,37,156
00893800,GRAHAM HOSPITAL SCH OF NURSING          ,IL,61520-2497,Private      ,1,5,6,28,91,119
00893900,CANNELLA SCHOOL OF HAIR DESIGN          ,IL,60406-2130,Proprietary  ,20,100,120,38,145,183
00914500,GOVERNORS STATE UNIVERSITY              ,IL,60466-0975,Public       ,137,1266,1403,1014,6394,7408
00923200,CATHOLIC THEOLOGICAL UNION              ,IL,60615-0000,Private      ,1,20,21,5,75,80
00933300,UNIV OF ILLINOIS AT SPRINGFIELD         ,IL,62703-5407,Public       ,197,553,750,2299,3075,5374
00947500,EDUCATORS OF BEAUTY                     ,IL,61301-2404,Proprietary  ,3,20,23,25,62,87
00959500,CANNELLA SCHOOL OF HAIR DESIGN          ,IL,60617-4303,Proprietary  ,20,91,111,60,148,208
00976700,OLIVE-HARVEY COLLEGE                    ,IL,60628-1696,Public       ,449,1394,1843,1849,4824,6673
00978600,IL EASTERN COMM COLGS-LINCOLN TRAIL     ,IL,62454-5708,Public       ,64,108,172,405,412,817
00980000,RUSH UNIVERSITY                         ,IL,60612-3806,Private      ,20,330,350,256,2775,3031
00989600,OAKTON COMMUNITY COLLEGE                ,IL,60016-1268,Public       ,545,753,1298,3309,3130,6439
00998700,SAINT ANTHONY COLLEGE OF NURSING        ,IL,61108-2468,Private      ,8,41,49,150,334,484
01002000,LEWIS AND CLARK COMMUNITY COLLEGE       ,IL,62035-2466,Public       ,536,864,1400,1996,2724,4720
01031600,LINCOLN COLLEGE OF TECHNOLOGY           ,IL,60160-1605,Proprietary  ,228,285,513,1062,1142,2204
01050100,LAKEVIEW  COLLEGE OF NURSING            ,IL,61832-3781,Private      ,16,35,51,156,242,398
01069500,TRI-COUNTY BEAUTY ACADEMY               ,IL,62056-2036,Proprietary  ,3,12,15,10,38,48
01071000,CAPITAL AREA SCH OF PRAC NRSG           ,IL,62707-0000,Public       ,16,81,97,72,488,560
01072700,DEVRY UNIVERSITY                        ,IL,60618-5994,Proprietary  ,3613,15139,18752,21471,81870,103341
01083600,PIVOT POINT INTNL CSMTLGY RSRCH CTR     ,IL,60626-0000,Proprietary  ,120,160,280,358,491,849
01087900,RICHLAND COMMUNITY COLLEGE              ,IL,62521-8513,Public       ,213,624,837,918,2093,3011
01102401,EVEREST COLLEGE - CHICAGO               ,IL,60604-2052,Proprietary  ,142,680,822,568,1837,2405
01151002,EVEREST INSTITUTE - EVEREST COLLEGE     ,IL,60542-1610,Proprietary  ,51,187,238,166,581,747
01181000,TAYLOR BUSINESS INSTITUTE               ,IL,60606-5111,Proprietary  ,18,140,158,39,231,270
01185800,EVEREST COLLEGE                         ,IL,60077-1074,Proprietary  ,131,306,437,343,959,1302
01185802,EVEREST COLLEGE - BURR RIDGE            ,IL,60527-7826,Proprietary  ,52,207,259,110,422,532
01236200,NORTHWESTERN COLLEGE                    ,IL,60630-2298,Proprietary  ,234,922,1156,1719,3629,5348
01238500,BLOOMINGTON-NORMAL SCH RADIOGRAPHY      ,IL,61761-4604,Private      ,4,13,17,20,33,53
01258400,ILLINOIS INSTITUTE OF ART (THE)         ,IL,60654-1593,Proprietary  ,746,836,1582,5304,4122,9426
01281300,JOHN WOOD COMMUNITY COLLEGE             ,IL,62305-0401,Public       ,225,357,582,1193,1467,2660
01308700,CAPRI GARFIELD RIDGE SCH OF BTY CLR     ,IL,60629-1613,Proprietary  ,14,63,77,67,188,255
01308800,CAPRI OAK FOREST COLLEGE OF BEAUTY      ,IL,60452-2798,Proprietary  ,39,53,92,117,176,293
02055200,HARRINGTON COLLEGE OF DESIGN            ,IL,60606-3433,Proprietary  ,73,174,247,617,844,1461
02068100,ADLER SCH OF PROFESSIONAL PSYCHLGY      ,IL,60601-0000,Private      ,7,121,128,54,1226,1280
02069300,VATTEROTT COLLEGE                       ,IL,62305-5938,Proprietary  ,26,134,160,154,599,753
02073200,TELSHE YESHIVA-CHICAGO                  ,IL,60625-0000,Private      ,3,7,10,30,8,38
02074400,IL EASTERN COMM COLGS-FRONTIER          ,IL,62837-0000,Public       ,43,95,138,182,423,605
02075400,KELLER GRADUATE SCHOOL OF MGMT.         ,IL,60515-5683,Proprietary  ,7,3624,3631,56,17979,18035
02113600,AMERICAN INTERCONTINENTAL UNIVERSITY    ,IL,60192-3713,Proprietary  ,679,8986,9665,2096,35458,37554
02117400,BECK AREA CAREER CENTER                 ,IL,62278-0000,Public       ,5,35,40,23,155,178
02124400,UNIVERSITY OF SPA & COSMETOLOGY ART     ,IL,62704-0000,Proprietary  ,32,49,81,92,156,248
02150600,COSMETOLOGY AND SPA INSTITUTE (THE)     ,IL,60014-4003,Proprietary  ,36,74,110,88,158,246
02155300,THE CHICAGO SCHOOL OF PROF PSYCHOLOGY   ,IL,60610-4705,Private      ,3,606,609,52,4329,4381
02160300,INTERNATIONAL ACAD OF DESIGN & TECH     ,IL,60602-3319,Proprietary  ,187,271,458,976,1334,2310
02160304,INTERNATIONAL ACADEMY OF DESIGN AND TECH,IL,60173-5160,Proprietary  ,29,60,89,208,298,506
02168600,EAST WEST UNIVERSITY                    ,IL,60605-0000,Private      ,104,218,322,1140,1641,2781
02179900,ARGOSY UNIVERSITY                       ,IL,60601-7757,Proprietary  ,1628,10381,12009,7587,42888,50475
02185400,ST AUGUSTINE COLLEGE                    ,IL,60640-0000,Private      ,80,394,474,492,1898,2390
02192400,MR JOHNS SCHOOL OF COSMETOLOGY          ,IL,62521-0000,Proprietary  ,11,41,52,24,82,106
02202600,CANNELLA SCHOOL OF HAIR DESIGN          ,IL,60181-1321,Proprietary  ,5,19,24,18,95,113
02214100,WEST SUBURBAN COLLEGE OF NURSING        ,IL,60302-2519,Private      ,6,60,66,115,440,555
02228100,MAC DANIEL'S BEAUTY SCHOOL              ,IL,60640-0000,Proprietary  ,6,43,49,34,90,124
02261200,HAIR PROFESSIONALS ACAD COSMETOLOGY     ,IL,60118-0000,Proprietary  ,26,105,131,59,207,266
02261201,HAIR PROFESSIONALS ACADEMY OF COSMETOLOG,IL,60118-9333,Proprietary  ,1,6,7,2,12,14
02262100,HAIR PROFESSIONALS SCH COSMETOLOGY      ,IL,60543-0000,Proprietary  ,16,41,57,39,79,118
02291200,CANNELLA SCHOOL OF HAIR DESIGN          ,IL,60639-0000,Proprietary  ,13,68,81,62,188,250
02295500,CANNELLA SCHOOL OF HAIR DESIGN          ,IL,60120-0000,Proprietary  ,12,73,85,21,87,108
02297500,OEHRLEIN SCHOOL OF COSMETOLOGY          ,IL,61611-0000,Proprietary  ,16,35,51,38,91,129
02312300,LA' JAMES COLLEGE HAIRSTYLING           ,IL,61244-0000,Proprietary  ,9,15,24,24,42,66
02313900,WESTWOOD COLLEGE - O'HARE AIRPORT       ,IL,60631-2801,Proprietary  ,83,164,247,580,1041,1621
02317300,CONCEPT COLLEGE OF COSMETOLOGY          ,IL,61832-0000,Proprietary  ,17,42,59,48,90,138
02319200,LAKE FOREST GRAD SCHL OF MGMT           ,IL,60045-4824,Private      ,0,160,160,8,286,294
02323300,PROFESSIONAL'S CHOICE HAIR DSN ACAD     ,IL,60435-0000,Proprietary  ,5,22,27,23,61,84
02332200,HAIR PROFESSIONALS CAREER COLLEGE       ,IL,60178-0000,Proprietary  ,7,27,34,14,68,82
02337800,THE COLLEGE OF OFFICE TECHNOLOGY        ,IL,60622-0000,Proprietary  ,76,192,268,167,455,622
02349400,ALVAREITA'S COLLEGE OF COSMETOLOGY      ,IL,62035-0000,Proprietary  ,4,24,28,23,59,82
02349500,CANNELLA SCHOOL OF HAIR DESIGN          ,IL,60632-0000,Proprietary  ,20,72,92,57,137,194
02352200,LE CORDON BLEU COLLEGE OF CULINARY ARTS ,IL,60610-3050,Proprietary  ,132,397,529,808,1488,2296
02498200,G SKIN & BEAUTY INSTITUTE               ,IL,60523-1805,Proprietary  ,26,87,113,56,170,226
02498201,HAIR PROFESSIONALS ACADEMY OF COSMETOLOG,IL,60563-0000,Proprietary  ,3,9,12,21,47,68
02522800,FOX COLLEGE                             ,IL,60453-0000,Proprietary  ,45,65,110,521,415,936
02527600,LEXINGTON COLLEGE                       ,IL,60607-0000,Private      ,5,14,19,84,73,157
02536700,BELL MAR BEAUTY COLLEGE                 ,IL,60650-0000,Proprietary  ,4,38,42,15,52,67
02556100,ENVIRONMENTAL TECHNICAL INSTITUTE       ,IL,60143-0000,Proprietary  ,43,161,204,69,280,349
02556600,NILES SCHOOL OF COSMETOLOGY             ,IL,60714-0000,Proprietary  ,7,25,32,25,76,101
02570305,LOS ANGELES ORT TECHNICAL INSTITUTE -D/B,IL,60077-0000,Private      ,0,0,0,0,3,3
02573700,INSTITUTE FOR CLINICAL SOCIAL WORK      ,IL,60601-0000,Private      ,1,42,43,8,159,167
02579200,INGALLS MEMORIAL HOSPITAL               ,IL,60426-0000,Private      ,1,16,17,7,62,69
02584900,"FIRST INSTITUTE, INC.                   ",IL,60014-7489,Proprietary  ,24,85,109,61,283,344
02587700,HAIR PROFESSIONALS CAREER COLLEGE       ,IL,60465-1929,Proprietary  ,14,34,48,46,98,144
02599500,HANOVER PARK COLLEGE OF BEAUTY CULT     ,IL,60133-5421,Proprietary  ,19,32,51,54,98,152
02622700,KNOWLEDGE SYSTEMS INSTITUTE             ,IL,60076-0000,Private      ,0,3,3,1,8,9
03002000,HAIRMASTERS INST OF COSMETOLOGY         ,IL,61701-5547,Proprietary  ,10,22,32,31,64,95
03027702,PACIFIC COLLEGE OF ORIENTAL MEDICINE - C,IL,60613-4418,Proprietary  ,4,85,89,20,250,270
03065300,TREND SETTERS COLL OF COSMETOLOGY       ,IL,60915-2101,Proprietary  ,75,109,184,131,158,289
03072701,WESTWOOD COLLEGE OF TECHNOLOGY          ,IL,60409-0000,Proprietary  ,39,176,215,316,1001,1317
03072702,WESTWOOD COLLEGE OF TECHNOLOGY          ,IL,60602-0000,Proprietary  ,91,268,359,649,1536,2185
03078400,CAMEO BEAUTY ACADEMY                    ,IL,60453-3196,Proprietary  ,17,37,54,54,102,156
03079200,WESTWOOD COLLEGE - DUPAGE               ,IL,60517-2321,Proprietary  ,86,146,232,473,631,1104
03082900,ROSEL SCHOOL OF COSMETOLOGY             ,IL,60659-1913,Proprietary  ,14,71,85,41,96,137
03083800,HEARTLAND COMMUNITY COLLEGE             ,IL,61761-9446,Public       ,283,464,747,2095,2358,4453
03098000,ST JOHN'S COLLEGE OF NURSING            ,IL,62702-5321,Private      ,9,17,26,124,130,254
03098002,ST JOHN'S HOSP SCH MED TECH             ,IL,62769-5324,Private      ,2,11,13,18,39,57
03099700,CAIN'S BARBER COLLEGE                   ,IL,60615-3510,Proprietary  ,29,145,174,113,325,438
03099800,ILLINOIS SCHOOL OF HEALTH CAREERS       ,IL,60604-0000,Proprietary  ,106,381,487,323,841,1164
03101800,ILLINOIS CENTER FOR BROADCASTING        ,IL,60148-7015,Proprietary  ,46,144,190,109,329,438
03128300,PYRAMID CAREER INSTITUTE                ,IL,60657-4207,Proprietary  ,1,5,6,3,13,16
03128500,NATIONAL LATINO EDUCATION INSTITUTE     ,IL,60609-2205,Private      ,10,37,47,36,92,128
03199300,CHRISTIAN LIFE COLLEGE                  ,IL,60056-2522,Private      ,9,7,16,26,18,44
03368300,MIDWEST TECHNICAL INSTITUTE             ,IL,62707-8805,Proprietary  ,150,547,697,412,1637,2049
03416300,COMPUTER SYSTEMS INSTITUTE              ,IL,60077-0000,Proprietary  ,88,338,426,225,923,1148
03448300,BUSINESS INDUSTRIAL RESOURCES           ,IL,60659-1298,Proprietary  ,26,244,270,63,706,769
03455700,CORTIVA INSTITUTE - CHICAGO             ,IL,60602-3315,Proprietary  ,55,150,205,181,518,699
03455701,CORTIVA INSTITUTE - CHICAGO             ,IL,60014-6285,Proprietary  ,3,10,13,15,39,54
03510300,ERIKSON INSTITUTE                       ,IL,60654-4510,Private      ,0,31,31,6,330,336
03623300,VEE'S SCHOOL OF BEAUTY CULTURE          ,IL,62205-2326,Proprietary  ,0,12,12,3,18,21
03643300,"MR. JOHN'S SCHOOL OF JACKSONVILLE,  INC,",IL,62650-3488,Proprietary  ,2,17,19,11,37,48
03684300,NORTHSHORE UNIVERSITY HEALTHSYSTEM SCHOO,IL,60201-9872,Private      ,0,12,12,24,66,90
03721400,AMERICAN CAREER COLLEGE                 ,IL,60402-0000,Proprietary  ,7,61,68,34,138,172
03881400,EUROPEAN MASSAGE THERAPY SCHOOL         ,IL,60077-2269,Proprietary  ,8,53,61,18,122,140
03891300,SOMA INSTITUTE - THE NATIONAL SCHOOL OF ,IL,60604-4466,Proprietary  ,19,79,98,70,219,289
03914300,"CALC, INSTITUTE OF TECHNOLOGY           ",IL,62002-5931,Proprietary  ,6,74,80,30,204,234
04117500,SOLEX MEDICAL ACADEMY                   ,IL,60090-3104,Proprietary  ,3,20,23,8,68,76
04118400,ZAREM /GOLDE ORT TECHNICAL INSTITUTE    ,IL,60077-3210,Private      ,18,167,185,38,317,355
04124700,AMERICARE INSTITUTE                     ,IL,60133-5456,Proprietary  ,23,131,154,95,528,623
04136900,UNIVERSITY OF AESTHETICS (THE)          ,IL,60622-2151,Proprietary  ,4,12,16,13,38,51
04137000,UNIVERSITY OF AESTHETICS (THE)          ,IL,60515-5602,Proprietary  ,2,5,7,5,21,26
04137500,TRICOCI UNIVERSITY OF BEAUTY CULTURE    ,IL,60656-1805,Proprietary  ,29,77,106,157,260,417
04139000,CITI COLLEGE OF ALLIED HEALTH           ,IL,60602-1032,Proprietary  ,19,121,140,76,454,530
04141000,AVEDA INSTITUTE CHICAGO                 ,IL,60647-0000,Proprietary  ,29,74,103,132,246,378
04147100,TRICOCI UNIVERSITY OF BEAUTY CULTURE    ,IL,60048-2906,Proprietary  ,24,48,72,57,136,193
04147200,TRICOCI UNIVERSITY OF BEAUTY CULTURE    ,IL,60455-1824,Proprietary  ,19,64,83,63,164,227
04147300,TRICOCI UNIVERSITY OF BEAUTY CULTURE    ,IL,60139-3119,Proprietary  ,17,19,36,53,56,109
04147400,TRICOCI UNIVERSITY OF BEAUTY CULTURE    ,IL,61614-4831,Proprietary  ,10,24,34,35,79,114
04147500,TRICOCI UNIVERSITY OF BEAUTY CULTURE    ,IL,61108-2337,Proprietary  ,19,48,67,62,196,258
04160600,PAUL MITCHELL THE SCHOOL NORMAL         ,IL,61761-0000,Proprietary  ,22,46,68,88,109,197
04167800,INNOVATIONS DESIGN ACADEMY              ,IL,61520-2625,Proprietary  ,4,16,20,9,41,50
04168500,SOLEX COLLEGE                           ,IL,60090-3192,Proprietary  ,1,20,21,1,22,23
04170800,UNITY COSMETOLOGY COLLEGE               ,IL,61764-9652,Proprietary  ,3,16,19,10,29,39
04174900,SKIN CARE AND SPA INSTITUTE             ,IL,60077-2200,Proprietary  ,6,26,32,6,26,32
04175000,UNIVERSAL SPA TRAINING ACADEMY          ,IL,60515-0000,Proprietary  ,2,34,36,2,34,36
00195100,ALICE LLOYD COLLEGE                     ,KY,41844-9703,Private      ,79,25,104,884,158,1042
00195200,ASBURY COLLEGE                          ,KY,40390-1198,Private      ,91,135,226,1608,512,2120
00195300,ASBURY THEOLOGICAL SEMINARY             ,KY,40390-0000,Private      ,0,144,144,21,1333,1354
00195400,BELLARMINE UNIVERSITY                   ,KY,40205-1877,Private      ,140,318,458,3789,1617,5406
00195500,BEREA COLLEGE                           ,KY,40403-0000,Private      ,58,54,112,2769,710,3479
00195800,BRESCIA UNIVERSITY                      ,KY,42301-3023,Private      ,47,124,171,820,564,1384
00195900,CAMPBELLSVILLE UNIVERSITY               ,KY,42718-2799,Private      ,115,337,452,2429,1604,4033
00196000,SPALDING UNIVERSITY                     ,KY,40203-2188,Private      ,80,475,555,823,2627,3450
00196100,CENTRE COLLEGE                          ,KY,40422-1394,Private      ,28,29,57,2209,127,2336
00196200,UNIVERSITY OF THE CUMBERLANDS           ,KY,40769-1372,Private      ,56,414,470,2515,1731,4246
00196300,EASTERN KENTUCKY UNIVERSITY             ,KY,40475-3102,Public       ,1087,1729,2816,12307,8794,21101
00196400,GEORGETOWN COLLEGE                      ,KY,40324-1628,Private      ,49,270,319,2201,815,3016
00196500,KENTUCKY CHRISTIAN UNIVERSITY           ,KY,41143-2205,Private      ,44,32,76,730,179,909
00196800,KENTUCKY STATE UNIVERSITY               ,KY,40601-2355,Public       ,273,356,629,3725,1939,5664
00196900,KENTUCKY WESLEYAN COLLEGE               ,KY,42302-1039,Private      ,74,45,119,1158,328,1486
00197100,LEXINGTON THEOLOGICAL SEMINARY          ,KY,40508-0000,Private      ,0,22,22,2,76,78
00197200,LINDSEY WILSON COLLEGE                  ,KY,42728-1223,Private      ,78,268,346,2675,1697,4372
00197400,LOUISVILLE PRESBYTERIAN THEOL SEM       ,KY,40205-0000,Private      ,1,15,16,4,158,162
00197500,MIDWAY COLLEGE                          ,KY,40347-1120,Private      ,56,403,459,665,1883,2548
00197600,MOREHEAD STATE UNIVERSITY               ,KY,40351-1689,Public       ,541,1121,1662,6093,5053,11146
00197700,MURRAY STATE UNIVERSITY                 ,KY,42071-0009,Public       ,657,876,1533,6367,3915,10282
00197900,WEST KENTUCKY CMNTY & TECHNICAL COLG    ,KY,42002-7380,Public       ,342,872,1214,1782,3596,5378
00198000,PIKEVILLE COLLEGE                       ,KY,41501-1194,Private      ,69,69,138,1615,466,2081
00198001,PIKEVILLE CLG-SCH OSTEOPATHIC MEDIC     ,KY,41501-0000,Private      ,2,9,11,18,345,363
00198200,SOUTHERN BAPTIST THEOL SEMINARY         ,KY,40280-0000,Private      ,6,30,36,59,214,273
00198300,ST. CATHARINE COLLEGE                   ,KY,40061-9499,Private      ,60,95,155,734,485,1219
00198700,TRANSYLVANIA UNIVERSITY                 ,KY,40508-1797,Private      ,37,44,81,1743,204,1947
00198800,UNION COLLEGE                           ,KY,40906-1499,Private      ,64,298,362,1261,949,2210
00198900,UNIVERSITY OF KENTUCKY                  ,KY,40506-0054,Public       ,1410,1432,2842,18766,9431,28197
00198901,UNIV OF KY-COLLEGE OF DENTISTRY         ,KY,40536-0000,Public       ,2,14,16,23,234,257
00198902,UNIV OF KY-COLLEGE OF MEDICINE          ,KY,40536-0000,Public       ,10,26,36,78,545,623
00199000,ASHLAND COMMUNITY AND TECHNICAL COLLEGE ,KY,41101-3683,Public       ,352,758,1110,1570,2782,4352
00199100,ELIZABETHTOWN COMMUNITY  AND TECHNICAL C,KY,42701-3081,Public       ,505,1446,1951,2389,5313,7702
00199300,HENDERSON COMMUNITY COLLEGE             ,KY,42420-4699,Public       ,111,315,426,561,1497,2058
00199400,HOPKINSVILLE COMMUNITY COLLEGE          ,KY,42241-2621,Public       ,243,889,1132,1088,3781,4869
00199600,BIG SANDY COMMUNITY AND TECHNICAL COLG  ,KY,41653-1815,Public       ,313,670,983,1908,2652,4560
00199700,SOMERSET COMMUNITY COLLEGE              ,KY,42501-2973,Public       ,562,1685,2247,3056,6791,9847
00199800,SOUTHEAST KENTUCKY COMMUNITY AND TECHNIC,KY,40823-1099,Public       ,280,518,798,1172,1758,2930
00199802,CUMBERLAND VLY TEC CLG MIDDLESBORO      ,KY,40965-2265,Public       ,4,15,19,55,53,108
00199804,SOUTHEAST COMMUNITY COLLEGE             ,KY,40831-1796,Public       ,19,50,69,159,209,368
00199900,UNIVERSITY OF LOUISVILLE                ,KY,40292-0000,Public       ,891,1682,2573,13519,12448,25967
00200100,THOMAS MORE COLLEGE                     ,KY,41017-3495,Private      ,65,241,306,1491,830,2321
00200200,WESTERN KENTUCKY UNIVERSITY             ,KY,42101-3576,Public       ,1676,1935,3611,14449,9539,23988
00461800,SPENCERIAN COLLEGE                      ,KY,40216-2605,Proprietary  ,140,619,759,740,2385,3125
00461900,SULLIVAN UNIVERSITY                     ,KY,40205-3000,Proprietary  ,284,1275,1559,2342,6137,8479
00493402,DAYMAR COLLEGE - BOWLING GREEN          ,KY,42101-4063,Proprietary  ,2,17,19,10,49,59
00493406,DAYMAR COLLEGE - RUSSELLVILLE           ,KY,42276-1622,Proprietary  ,1,0,1,1,0,1
00512729,BROWN MACKIE COLLEGE-CINCINNATI - 279 BU,KY,41017-2136,Proprietary  ,3,50,53,49,207,256
00524400,BLUEGRASS COMMUNITY & TECHNICAL COLLEGE ,KY,40506-0235,Public       ,1095,2460,3555,5004,10201,15205
00527100,BOWLING GREEN TECHNICAL COLLEGE         ,KY,42101-3601,Public       ,259,718,977,1203,3104,4307
00527300,GATEWAY COMMUNITY & TECHNOLOGY COLL     ,KY,41011-0000,Public       ,366,1089,1455,1341,3847,5188
00696000,MAYSVILLE CMNTY & TECHNCL COLG          ,KY,41056-8910,Public       ,217,690,907,1008,2847,3855
00696100,JEFFERSON COMMUNITY AND TECHNICAL COLLEG,KY,40202-2005,Public       ,1059,2498,3557,6208,12369,18577
00696200,HAZARD COMMUNITY COLLEGE                ,KY,41701-2402,Public       ,230,562,792,1447,2330,3777
00696203,KY TECH-KNOTT CO. TECHNOLOGY CTR        ,KY,41822-0000,Public       ,0,3,3,7,13,20
00696204,KY TECH-LESLIE COUNTY AREA TECH CTR     ,KY,41749-0000,Public       ,1,1,2,3,10,13
00696205,KY TECH-LEE COUNTY AREA TECH CTR        ,KY,41311-0000,Public       ,0,1,1,1,7,8
00696206,KY TECH-LETCHER CNTY AREA TECH CTR      ,KY,41858-0000,Public       ,3,8,11,17,32,49
00696207,KY TECH-BREATHITT COUNTY VOC ED CTR     ,KY,41339-0000,Public       ,0,6,6,7,27,34
00736205,MEDTECH COLLEGE - LEXINGTON             ,KY,40511-1200,Proprietary  ,18,155,173,56,418,474
00842500,DAYMAR COLLEGE                          ,KY,42001-0000,Proprietary  ,36,173,209,86,590,676
00901000,MADISONVILLE COMMUNITY COLLEGE          ,KY,42431-9199,Public       ,242,633,875,1211,2690,3901
00927500,NORTHERN KENTUCKY UNIVERSITY            ,KY,41099-0001,Public       ,1131,1543,2674,9583,7741,17324
00931300,DAYMAR COLLEGE                          ,KY,42301-5830,Proprietary  ,117,970,1087,277,2516,2793
00931302,DAYMAR COLLEGE - LOUISVILLE CAMPUS      ,KY,40219-1973,Proprietary  ,22,177,199,94,585,679
00931304,DAYMAR COLLEGE - ALBANY                 ,KY,42602-1235,Proprietary  ,0,3,3,0,3,3
00931305,DAYMAR COLLEGE - BELLEVUE               ,KY,41073-2416,Proprietary  ,0,1,1,0,1,1
00931307,DAYMAR COLLEGE - PADUCAH                ,KY,42001-4181,Proprietary  ,0,1,1,0,1,1
00931308,DAYMAR COLLEGE -  SCOTTSVILLE           ,KY,42164-1505,Proprietary  ,0,1,1,0,1,1
00931309,DAYMAR COLLEGE - LOUISVILLE EAST        ,KY,40245-1629,Proprietary  ,0,2,2,0,2,2
01042400,SALON PROFESSIONAL ACADEMY THE          ,KY,40502-1776,Proprietary  ,18,66,84,63,162,225
01048901,NATIONAL COLLEGE - FLORENCE CAMPUS      ,KY,41042-1812,Proprietary  ,0,6,6,0,6,6
01048902,NATIONAL COLLEGE - PIKEVILLE CAMPUS     ,KY,41501-1518,Proprietary  ,0,3,3,0,3,3
01048903,NATIONAL COLLEGE - DANVILLE CAMPUS      ,KY,40422-1517,Proprietary  ,0,8,8,0,8,8
01048904,NATIONAL COLLEGE - RICHMOND CAMPUS      ,KY,40475-2309,Proprietary  ,1,11,12,1,11,12
01048906,NATIONAL COLLEGE - LOUISVILLE CAMPUS    ,KY,40216-4147,Proprietary  ,2,9,11,2,9,11
01048907,NATIONAL COLLEGE - LEXINGTON CAMPUS     ,KY,40509-2256,Proprietary  ,1,12,13,1,12,13
01172500,COLLINS SCHOOL OF COSMETOLOGY           ,KY,40965-2809,Proprietary  ,9,26,35,26,77,103
01208800,SULLIVAN COLLEGE OF TECHNOLOGY AND DESIG,KY,40218-4528,Proprietary  ,70,276,346,507,966,1473
01212801,SOUTHWESTERN COLLEGE                    ,KY,41042-1466,Proprietary  ,37,191,228,146,885,1031
01272300,KY TECH-WAYNE COUNTY AREA TECH CTR      ,KY,42633-1088,Public       ,1,0,1,4,10,14
01291400,EMPIRE BEAUTY SCHOOL                    ,KY,40218-0000,Proprietary  ,33,86,119,124,383,507
01291500,EMPIRE BEAUTY SCHOOL                    ,KY,41042-5113,Proprietary  ,17,35,52,103,168,271
01291600,EMPIRE BEAUTY SCHOOL                    ,KY,40216-4212,Proprietary  ,7,43,50,34,200,234
01291700,EMPIRE BEAUTY SCHOOL                    ,KY,40160-0000,Proprietary  ,21,59,80,90,213,303
01296800,EMPIRE BEAUTY SCHOOL                    ,KY,40207-2695,Proprietary  ,10,34,44,48,161,209
02159100,"APPALACHIAN BEAUTY SCHOOL, INC.         ",KY,41503-0000,Proprietary  ,6,10,16,26,38,64
02177100,EMPIRE BEAUTY SCHOOL                    ,KY,40204-0000,Proprietary  ,11,43,54,78,204,282
02251500,TREND SETTERS ACAD OF BEAUTY CULT       ,KY,40258-0000,Proprietary  ,27,127,154,40,192,232
02275000,JENNY LEA ACADEMY OF COSMETOLOGY        ,KY,40831-0000,Proprietary  ,30,104,134,62,228,290
02284306,INTERACTIVE LEARNING SYSTEMS            ,KY,41042-0000,Proprietary  ,0,32,32,9,71,80
02323700,PAT WILSON'S BEAUTY COLLEGE             ,KY,42420-0000,Proprietary  ,4,26,30,9,61,70
02337200,PJ'S COLLEGE OF COSMETOLOGY             ,KY,42101-0000,Proprietary  ,36,141,177,126,556,682
02340800,PAUL MITCHELL THE SCHOOL LEXINGTON      ,KY,40601-0000,Proprietary  ,36,73,109,101,152,253
02351700,PAUL MITCHELL THE SCHOOL - LOUISVILLE   ,KY,40203-3093,Proprietary  ,39,73,112,114,193,307
02491100,BECKFIELD COLLEGE                       ,KY,41042-0000,Proprietary  ,75,436,511,307,1831,2138
02518900,BARRETT & COMPANY SCH HAIR DESIGN       ,KY,40356-0000,Proprietary  ,15,41,56,35,112,147
02526100,JENNY LEA ACADEMY OF COSMETOLOGY        ,KY,41858-0000,Proprietary  ,2,10,12,14,30,44
02535600,CLEAR CREEK BAPTIST BIBLE COLLEGE       ,KY,40977-0000,Private      ,8,47,55,32,169,201
02551100,PJ'S COLLEGE OF COSMETOLOGY             ,KY,42121-0000,Proprietary  ,9,40,49,23,112,135
02560800,SOUTHEAST SCHOOL OF COSMETOLOGY         ,KY,40962-0000,Proprietary  ,5,18,23,18,48,66
02576200,MID-CONTINENT UNIVERSITY                ,KY,42066-9007,Private      ,48,429,477,385,2953,3338
02616204,BROWN MACKIE COLLEGE-FINDLAY - BROWN MAC,KY,40219-1916,Proprietary  ,38,181,219,235,799,1034
02616205,BROWN MACKIE COLLEGE-LOUISVILLE - BROWN ,KY,42240-3579,Proprietary  ,17,106,123,87,588,675
03002100,KENTUCKY MOUNTAIN BIBLE COLLEGE         ,KY,41385-0010,Private      ,12,13,25,50,37,87
03007000,FRONTIER SCH OF MIDWIFERY&FAMILY NU     ,KY,41749-0000,Private      ,0,241,241,3,1129,1132
03026200,HEAD'S WEST KENTUCKY BEAUTY COLLEGE     ,KY,42431-0000,Proprietary  ,2,12,14,11,42,53
03029200,NU-TEK ACADEMY OF BEAUTY                ,KY,40353-9767,Proprietary  ,4,11,15,11,44,55
03034500,OWENSBORO COMMUNITY & TECHNICAL COLLEGE ,KY,42303-1899,Public       ,281,732,1013,1552,3232,4784
03083700,GALEN HEALTH INSTITUTES                 ,KY,40207-1047,Proprietary  ,147,886,1033,619,3599,4218
03103500,MR JIM'S BEAUTY COLLEGE                 ,KY,42301-2646,Proprietary  ,4,23,27,14,51,65
03516500,EZELL'S COSMETOLOGY SCHOOL              ,KY,42071-2530,Proprietary  ,9,26,35,25,74,99
03611300,BRIGHTON CENTER'S CENTER FOR EMPLOY     ,KY,41071-1968,Private      ,2,42,44,4,70,74
03804300,BELLEFONTE ACADEMY OF BEAUTY            ,KY,41169-2015,Proprietary  ,21,63,84,30,95,125
03885300,EMPLOYMENT SOLUTIONS                    ,KY,40517-3260,Private      ,6,87,93,26,210,236
03886300,REGENCY SCHOOL OF HAIR DESIGN           ,KY,41653-1278,Proprietary  ,3,17,20,13,42,55
04038300,ATA CAREER EDUCATION                    ,KY,40223-3832,Proprietary  ,62,337,399,220,1243,1463
04123900,LEXINGTON HEALING ARTS ACADEMY          ,KY,40503-1932,Proprietary  ,11,50,61,29,126,155
00200300,CENTENARY COLLEGE OF LOUISIANA          ,LA,71104-3396,Private      ,91,89,180,1145,311,1456
00200400,DILLARD UNIVERSITY                      ,LA,70122-3097,Private      ,252,228,480,2417,975,3392
00200500,NICHOLLS STATE UNIVERSITY               ,LA,70310-0001,Public       ,493,568,1061,5529,2718,8247
00200600,GRAMBLING STATE UNIVERSITY              ,LA,71245-2215,Public       ,689,713,1402,6206,3029,9235
00200700,LOUISIANA COLLEGE                       ,LA,71359-0000,Private      ,180,257,437,1142,776,1918
00200800,LOUISIANA TECH UNIVERSITY               ,LA,71272-0001,Public       ,710,782,1492,6648,2910,9558
00201000,LOUISIANA STATE UNIV & A&M COLG         ,LA,70803-5710,Public       ,2151,1313,3464,21923,7730,29653
00201100,LOUISIANA STATE UNIV-ALEXANDRIA         ,LA,71302-9121,Public       ,229,494,723,1537,2079,3616
00201200,LOUISIANA STATE UNIV-EUNICE             ,LA,70535-6726,Public       ,314,398,712,2077,1831,3908
00201300,LOUISIANA STATE UNIV-SHREVEPORT         ,LA,71115-2399,Public       ,382,788,1170,2563,3115,5678
00201400,LA STATE UNIV HEALTH SCIENCES CTR       ,LA,70112-2223,Public       ,97,264,361,488,2145,2633
00201409,LOUISIANA STATE UNIVERSITY HEALTH SCIENC,LA,70119-2799,Public       ,0,0,0,75,133,208
00201500,(THE) UNIVERSITY OF NEW ORLEANS         ,LA,70148-0001,Public       ,1060,1870,2930,6457,6942,13399
00201600,LOYOLA UNIVERSITY NEW ORLEANS           ,LA,70118-6195,Private      ,343,645,988,3740,2851,6591
00201700,MCNEESE STATE UNIVERSITY                ,LA,70609-4510,Public       ,680,900,1580,5242,3862,9104
00201900,NEW ORLEANS BAPTIST THEOL SEMINARY      ,LA,70126-0000,Private      ,8,44,52,42,171,213
00202000,UNIVERSITY OF LOUISIANA AT MONROE       ,LA,71209-9001,Public       ,814,1116,1930,5956,4471,10427
00202100,NORTHWESTERN STATE UNIVERSITY           ,LA,71497-0001,Public       ,617,1315,1932,5997,5301,11298
00202200,NOTRE DAME SEMINARY                     ,LA,70118-0000,Private      ,0,8,8,6,24,30
00202300,OUR LADY OF HOLY CROSS COLLEGE          ,LA,70131-7399,Private      ,120,338,458,640,1260,1900
00202400,SOUTHEASTERN LOUISIANA UNIV             ,LA,70402-0001,Public       ,1749,1480,3229,11048,5818,16866
00202500,SOUTHERN UNIVERSITY A & M COLLEGE       ,LA,70813-9374,Public       ,875,1430,2305,7647,6941,14588
00202600,SOUTHERN UNIV NEW ORLEANS               ,LA,70126-0002,Public       ,579,1278,1857,2262,4117,6379
00202700,ST JOSEPH SEMINARY COLLEGE              ,LA,70457-9990,Private      ,7,12,19,28,20,48
00202900,TULANE UNIVERSITY                       ,LA,70118-5698,Private      ,546,964,1510,12885,7252,20137
00203100,UNIV OF LOUISIANA AT LAFAYETTE          ,LA,70504-0001,Public       ,1402,1014,2416,12592,5237,17829
00203200,XAVIER UNIVERSITY OF LOUISIANA          ,LA,70125-1098,Private      ,416,333,749,4877,1926,6803
00462100,AYERS CAREER COLLEGE                    ,LA,71108-5845,Proprietary  ,27,155,182,54,360,414
00462500,DELGADO COMMUNITY COLLEGE               ,LA,70119-0000,Public       ,2340,4290,6630,7897,15045,22942
00520300,REMINGTON COLLEGE - LAFAYETTE CAMPUS    ,LA,70508-5760,Proprietary  ,202,426,628,523,1234,1757
00520306,REMINGTON COLLEGE - BATON ROUGE CAMPUS  ,LA,70816-4040,Proprietary  ,59,189,248,225,597,822
00546700,SOWELA TECHNICAL COMMUNITY COLLEGE      ,LA,70616-6950,Public       ,318,521,839,960,1346,2306
00548800,LOUISIANA TECH COLG-BATON ROUGE         ,LA,70807-0000,Public       ,226,612,838,521,1204,1725
00548802,LOUISIANA TECH COLG-ACADIAN CMPS        ,LA,70526-0000,Public       ,62,107,169,114,248,362
00548803,LOUISIANA TECH COLG-ALEXANDRIA CMPS     ,LA,71302-3137,Public       ,72,228,300,216,654,870
00548804,LOUISIANA TECH COLG-ASCENSION CMPS      ,LA,70778-3007,Public       ,37,123,160,103,221,324
00548805,LA TECH COLLEGE-AVOYELLES CAMPUS        ,LA,71327-0000,Public       ,43,78,121,84,141,225
00548806,LA TECHNICAL COLG-BASTROP CMPS          ,LA,71221-0000,Public       ,27,66,93,63,211,274
00548808,LA TECH COLG CHARLES B COREILCMPS       ,LA,70586-0000,Public       ,51,103,154,107,228,335
00548809,LA TECHNICAL COLG-DELTA-OUACHITA        ,LA,71292-9064,Public       ,79,274,353,194,639,833
00548810,EVANGELINE TECHNICAL INST               ,LA,70582-3104,Public       ,46,107,153,76,216,292
00548811,LA TECHN COLLEGE - FLORIDA PARISHES     ,LA,70441-0000,Public       ,68,122,190,122,272,394
00548812,LOUISIANA TECH COLG-FOLKES CAMPUS       ,LA,70748-0000,Public       ,14,49,63,18,78,96
00548813,LA TECHNICAL INST-GULF AREA CMPS        ,LA,70510-0878,Public       ,68,119,187,170,310,480
00548814,LOUISIANA TECH COLG-HAMMOND CMPS        ,LA,70404-0000,Public       ,97,211,308,256,534,790
00548815,LA TECH COLG-HUEY P. LONG CAMPUS        ,LA,71483-0000,Public       ,33,79,112,73,164,237
00548816,LA TECH COLLEGE-JEFFERSON CAMPUS        ,LA,70001-5605,Public       ,23,101,124,91,338,429
00548817,LOUISIANA TEC CLG-JUMONVILLE MEM CP     ,LA,70760-0000,Public       ,44,118,162,63,171,234
00548818,LA TECH COLLEGE-LAFAYETTE CAMPUS        ,LA,70506-0000,Public       ,241,456,697,651,1160,1811
00548819,LOUISIANA TECHNICAL COLLEGE-LAFOURC     ,LA,70301-4336,Public       ,46,94,140,133,241,374
00548820,LOUISIANA TEC CLG-LAMAR SALTER CMPS     ,LA,71446-0000,Public       ,39,161,200,93,301,394
00548822,LOUISIANA TECHNICAL CLG-MANSFIELD       ,LA,71052-1236,Public       ,24,57,81,64,129,193
00548823,LA. TECH COLG.-MORGAN SMITH CAMPUS      ,LA,70546-0000,Public       ,36,82,118,60,143,203
00548824,LOUISIANA TEC CLG-NATCHITOCHES CMPS     ,LA,71458-0000,Public       ,43,132,175,110,273,383
00548825,LOUISIANA TECH COLG-NORTH CTRL CMPS     ,LA,71241-0000,Public       ,24,50,74,40,123,163
00548826,LOUISIANA TECH CLG-NORTHEAST LA CMP     ,LA,71295-2999,Public       ,27,85,112,66,184,250
00548827,LOUISIANA TEC CLG-NW LOUISIANA CMPS     ,LA,71058-0000,Public       ,107,248,355,197,489,686
00548828,LA TECHNICAL COLG-OAKDALE CMPS          ,LA,71463-0000,Public       ,29,72,101,62,137,199
00548829,LTC-RIVER PARISHES CAMPUS               ,LA,70084-0000,Public       ,91,136,227,225,371,596
00548830,LOUISIANA TECHNICAL COLLEGE-RUSTON      ,LA,71273-0000,Public       ,76,130,206,348,361,709
00548831,LTC - SABINE VALLEY CAMPUS              ,LA,71449-3839,Public       ,20,67,87,40,105,145
00548832,LOUISIANA TECH COLG-SHELBY JACKSON      ,LA,71334-0000,Public       ,30,101,131,57,255,312
00548833,LA TECH COLG SHREVEPORT-BOSSIER         ,LA,71137-0000,Public       ,110,537,647,309,1268,1577
00548837,LOUISIANA TECH COLG-SULLIVAN CAMPUS     ,LA,70427-5866,Public       ,101,300,401,226,623,849
00548838,LOUISIANA TECHNICAL COLG - TALLULAH     ,LA,71284-0000,Public       ,64,178,242,95,283,378
00548839,LA TECH COLG-TECHE AREA CAMPUS          ,LA,70562-0000,Public       ,93,170,263,209,358,567
00548840,LOUISIANA TECH COLG-T.H.HARRIS CMPS     ,LA,70570-6113,Public       ,131,199,330,362,572,934
00548841,LOUISIANA TECH COLG W JEFFERSON CMP     ,LA,70058-0000,Public       ,20,70,90,54,232,286
00548842,LOUISIANA TECHNICAL COLLEGE - WESTSIDE C,LA,70765-0733,Public       ,18,40,58,25,75,100
00548843,LTC-YOUNG MEMORIAL CAMPUS               ,LA,70381-0000,Public       ,48,179,227,116,385,501
00576100,L. E. FLETCHER TECHNICAL COMMUNITY COLLE,LA,70360-2863,Public       ,168,274,442,798,1125,1923
00768600,SOUTHERN UNIV AT SHREVEPORT/BOSSIER     ,LA,71107-4795,Public       ,553,1105,1658,1521,2911,4432
00806700,LSU HEALTH SCIENCES CENTR-SHREVEPOR     ,LA,71130-3932,Public       ,51,137,188,341,1031,1372
00989800,DEMMON SCHOOL OF BEAUTY                 ,LA,70607-2128,Proprietary  ,3,41,44,19,64,83
01005701,AMERICAN COMMERCIAL COLLEGE             ,LA,71105-2502,Proprietary  ,14,86,100,26,247,273
01109700,CLOYD'S BEAUTY SCHOOL #1                ,LA,71291-3131,Proprietary  ,32,102,134,45,149,194
01163100,"D-JAY'S SCHL OF BEAUTY, ARTS & SCI      ",LA,70806-0000,Proprietary  ,16,39,55,48,98,146
01184100,JOHN JAY BEAUTY COLLEGE                 ,LA,70124-2592,Proprietary  ,20,28,48,65,97,162
01261100,RONNIE & DORMANS SCHOOL HAIR DESIGN     ,LA,70501-0000,Proprietary  ,0,0,0,7,8,15
01282300,PAT GOINS RUSTON BEAUTY SCHOOL          ,LA,71270-4301,Proprietary  ,13,30,43,21,46,67
01287900,PAT GOINS BENTON ROAD BEAUTY SCHOOL     ,LA,71111-4838,Proprietary  ,7,31,38,13,67,80
01288000,PAT GOINS BEAUTY SCHOOL                 ,LA,71201-5167,Proprietary  ,9,15,24,16,33,49
02055400,BOSSIER PARISH COMMUNITY COLLEGE        ,LA,71111-0000,Public       ,730,1366,2096,2589,4132,6721
02055500,DELTA SCH OF BUSINESS & TECHNOLOGY      ,LA,70601-0000,Proprietary  ,38,198,236,111,561,672
02089711,HERZING COLLEGE                         ,LA,70062-8727,Proprietary  ,38,191,229,86,497,583
02117800,AVEDA INSTITUTE LAFAYETTE               ,LA,70503-3246,Proprietary  ,22,39,61,129,148,277
02166100,NUNEZ COMMUNITY COLLEGE                 ,LA,70043-0000,Public       ,272,675,947,574,1386,1960
02166200,ITI TECHNICAL COLLEGE                   ,LA,70817-0000,Proprietary  ,111,241,352,321,562,883
02197500,BATON ROUGE SCHOOL OF COMPUTERS         ,LA,70816-0000,Proprietary  ,13,37,50,43,92,135
02234000,CAMERON COLLEGE                         ,LA,70119-0000,Proprietary  ,21,83,104,50,176,226
02258400,AVEDA INSTITUTE BATON ROUGE             ,LA,70816-2246,Proprietary  ,45,80,125,138,210,348
02260200,DIESEL DRIVING ACADEMY                  ,LA,71109-5617,Proprietary  ,24,173,197,31,267,298
02265600,JOHN JAY KENNER ACADEMY                 ,LA,70062-0000,Proprietary  ,15,24,39,46,84,130
02269300,STEVENSON'S ACADEMY OF HAIR DESIGN      ,LA,70116-0000,Proprietary  ,29,61,90,70,141,211
02327800,PINEVILLE BEAUTY SCHOOL                 ,LA,71360-0000,Proprietary  ,11,33,44,36,96,132
02335700,BATON ROUGE GENERAL MEDICAL CENTER      ,LA,70806-3889,Private      ,8,19,27,8,19,27
02335701,BATON ROUGE GEN MED CTR SCH NSG         ,LA,70821-0000,Private      ,15,47,62,87,230,317
02335702,BATON ROUGE GEN MED CTR-RAD TECH        ,LA,70806-0000,Private      ,5,21,26,35,91,126
02338000,"CLOYD'S BEAUTY SCHOOL #2, INC           ",LA,71202-3539,Proprietary  ,31,100,131,38,132,170
02352500,"CLOYD'S BEAUTY SCHOOL #3, INC           ",LA,71201-3211,Proprietary  ,33,106,139,46,149,195
02358600,"STAGE ONE THE HAIR SCHOOL, INC.         ",LA,70605-0000,Proprietary  ,28,45,73,57,88,145
02518300,SOUTH LOUISIANA BEAUTY COLLEGE          ,LA,70363-0000,Proprietary  ,12,29,41,21,38,59
02536400,LOUISIANA ACADEMY OF BEAUTY             ,LA,70535-0000,Proprietary  ,16,18,34,33,45,78
02538300,DELTA COLLEGE OF ARTS & TECH INC        ,LA,70806-1529,Proprietary  ,51,193,244,118,534,652
02538301,DELTA COLLEGE OF ARTS & TECHNOLOGY - LAF,LA,70508-6831,Proprietary  ,17,74,91,47,206,253
02548500,COSMETOLOGY TRAINING CENTER             ,LA,70503-0000,Proprietary  ,31,41,72,62,67,129
02554800,VANGUARD COLLEGE OF COSMETOLOGY         ,LA,70458-8823,Proprietary  ,40,56,96,101,128,229
02582200,"GUY'S ACADEMY HAIR, SKIN & NAILS        ",LA,71105-2404,Proprietary  ,22,65,87,73,175,248
02600900,AVEDA INSTITUTE                         ,LA,70433-2922,Proprietary  ,200,340,540,649,1204,1853
02601000,AMERICAN SCHOOL OF BUSINESS             ,LA,71105-5646,Proprietary  ,6,70,76,19,149,168
02601100,OPELOUSAS SCHOOL OF COSMETOLOGY         ,LA,70570-6156,Proprietary  ,9,18,27,16,41,57
02606800,CAREER TRAINING SPECIALISTS             ,LA,71201-6046,Proprietary  ,94,254,348,345,853,1198
02606801,CAREER TECHNICAL COLLEGE - SHREVEPORT   ,LA,71105-2405,Proprietary  ,60,243,303,145,525,670
02617100,BATON ROUGE COLLEGE                     ,LA,70816-0000,Proprietary  ,23,56,79,86,164,250
02619200,DENHAM SPRINGS BEAUTY COLLEGE           ,LA,70726-3829,Proprietary  ,13,20,33,36,89,125
03010400,CRESCENT CITY SCH GAMING & BARTENDG     ,LA,70119-5507,Proprietary  ,33,241,274,63,441,504
03023500,CAMELOT CAREER COLLEGE                  ,LA,70805-7539,Proprietary  ,54,132,186,116,276,392
03030900,DIESEL DRIVING ACADEMY                  ,LA,70815-8109,Proprietary  ,23,191,214,39,336,375
03061400,ASCENSION COLLEGE                       ,LA,70737-2912,Proprietary  ,4,13,17,36,66,102
03095100,GRETNA CAREER COLLEGE                   ,LA,70053-2436,Proprietary  ,19,95,114,64,339,403
03106200,OUR LADY OF THE LAKE COLLEGE            ,LA,70808-4345,Private      ,158,443,601,913,1982,2895
03253300,JONESVILLE BEAUTY SCHOOL                ,LA,71343-0000,Proprietary  ,21,41,62,53,97,150
03294300,BLUE CLIFF SCH THERAPEUTIC MASSAGE      ,LA,70002-3458,Proprietary  ,93,299,392,297,980,1277
03332600,DELTA COLLEGE                           ,LA,70433-9042,Proprietary  ,22,107,129,89,310,399
03332601,DELTA COLLEGE - SLIDELL                 ,LA,70460-2624,Proprietary  ,17,81,98,59,248,307
03356300,MEDICAL TRAINING COLLEGE                ,LA,70816-5820,Proprietary  ,52,138,190,159,388,547
03422500,BLUE CLIFF COLLEGE                      ,LA,71107-6520,Proprietary  ,68,296,364,170,836,1006
03422600,BLUE CLIFF COLLEGE                      ,LA,70508-3858,Proprietary  ,68,252,320,177,722,899
03480300,MEDVANCE INSTITUTE                      ,LA,70809-1908,Proprietary  ,77,290,367,197,667,864
03498400,OMEGA INSTITUTE OF COSMETOLOGY          ,LA,70360-0000,Proprietary  ,12,22,34,44,58,102
03727500,MOORE CAREER COLLEGE                    ,LA,70808-4191,Proprietary  ,3,14,17,21,58,79
03730300,BATON ROUGE COMMUNITY COLLEGE           ,LA,78806-4129,Public       ,1396,1703,3099,5025,5855,10880
03752400,SCHOOL OF URBAN MISSIONS                ,LA,70053-0000,Private      ,45,62,107,122,159,281
03789300,UNITECH TRAINING ACADEMY                ,LA,70503-5132,Proprietary  ,44,132,176,82,243,325
03789301,UNITECH TRAINING ACADEMY - WEST MONROE  ,LA,71291-2913,Proprietary  ,21,116,137,46,221,267
03789302,UNITECH TRAINING ACADEMY - HOUMA        ,LA,70363-5556,Proprietary  ,29,86,115,54,143,197
03789303,UNITECH TRAINING ACADEMY -  ALEXANDRIA  ,LA,71303-3625,Proprietary  ,22,139,161,41,227,268
03789304,UNITECH TRAINING ACADEMY - LAKE CHARLES ,LA,70601-7887,Proprietary  ,25,91,116,45,148,193
03789400,RIVER PARISHES COMMUNITY COLLEGE        ,LA,70778-0310,Public       ,213,394,607,569,813,1382
03810500,COURT REPORTING INSTITUTE OF LOUISI     ,LA,70816-0000,Proprietary  ,3,34,37,11,90,101
03956300,SOUTH LOUISIANA COMMUNITY COLLEGE       ,LA,70506-0000,Public       ,395,447,842,1633,1668,3301
04040300,COMPASS CAREER COLLEGE                  ,LA,70403-0653,Proprietary  ,42,108,150,85,221,306
04112300,LOUISIANA CULINARY INSTITUTE            ,LA,70816-4109,Proprietary  ,36,75,111,153,226,379
04120700,ALDEN'S SCHOOL OF COSMETOLOGY           ,LA,70714-1502,Proprietary  ,10,49,59,19,94,113
04130100,LOUISIANA DELTA COMMUNITY COLLEGE       ,LA,71203-3618,Public       ,322,619,941,1176,1776,2952
04149500,A & W HEALTHCARE EDUCATORS              ,LA,70122-3146,Proprietary  ,7,57,64,23,155,178
04151600,MY-LE'S BEAUTY COLLEGE                  ,LA,70056-3150,Proprietary  ,13,60,73,28,133,161
00143600,CAPITOL COLLEGE                         ,MD,20708-9759,Private      ,44,103,147,398,368,766
00146200,WASHINGTON BIBLE COLLEGE                ,MD,20706-3599,Private      ,17,110,127,90,375,465
00205700,ALLEGANY COLLEGE OF MARYLAND            ,MD,21502-2596,Public       ,329,353,682,2256,1837,4093
00205800,ANNE ARUNDEL COMMUNITY COLLEGE          ,MD,21012-1895,Public       ,1102,2156,3258,4340,6825,11165
00206100,BALTIMORE CITY COMMUNITY COLLEGE        ,MD,21215-7893,Public       ,653,2285,2938,3405,8629,12034
00206200,BOWIE STATE UNIVERSITY                  ,MD,20715-9465,Public       ,635,935,1570,7443,4945,12388
00206300,COMMUNITY COLLEGE OF BALTIMORE COUNTY   ,MD,21228-5381,Public       ,2039,4100,6139,8383,14232,22615
00206400,COLLEGE OF SOUTHERN MARYLAND            ,MD,20646-0910,Public       ,644,1070,1714,2970,3964,6934
00206500,CLG NOTRE DAME OF MARYLAND              ,MD,21210-2476,Private      ,21,244,265,813,1630,2443
00206700,COLUMBIA UNION COLLEGE                  ,MD,20912-7796,Private      ,135,245,380,720,1026,1746
00206800,COPPIN STATE UNIVERSITY                 ,MD,21216-3698,Public       ,348,880,1228,3996,4527,8523
00207100,FREDERICK COMMUNITY COLLEGE             ,MD,21702-9745,Public       ,306,527,833,1813,2262,4075
00207200,FROSTBURG STATE UNIVERSITY              ,MD,21532-1099,Public       ,309,168,477,6682,1379,8061
00207300,GOUCHER COLLEGE                         ,MD,21204-2794,Private      ,51,142,193,2925,781,3706
00207400,HAGERSTOWN COMMUNITY COLLEGE            ,MD,21742-6590,Public       ,284,697,981,1690,2665,4355
00207500,HARFORD COMMUNITY COLLEGE               ,MD,21015-1696,Public       ,410,685,1095,1959,2494,4453
00207600,HOOD COLLEGE                            ,MD,21701-8575,Private      ,71,147,218,2025,812,2837
00207700,JOHNS HOPKINS UNIVERSITY                ,MD,21218-2693,Private      ,99,311,410,8095,2443,10538
00207702,JOHNS HOPKINS UNIV SCH ARTS/SCI/ENG     ,MD,21218-0000,Private      ,53,386,439,4160,2098,6258
00207703,JOHNS HOPKINS UNIV SCH OF BUS/ED        ,MD,21046-0000,Private      ,5,209,214,78,1629,1707
00207705,JOHNS HOPKINS BLOOMBERG SCH OF PH       ,MD,21205-0000,Private      ,0,90,90,25,1453,1478
00207706,JOHNS HOPKINS UNIV SCH OF MEDICINE      ,MD,21205-0000,Private      ,7,54,61,168,1065,1233
00207707,JOHNS HOPKINS UNIV SCH OF NURSING       ,MD,21205-0000,Private      ,20,92,112,264,1066,1330
00207708,JOHNS HOPKINS UNIV PEABODY CONSERV      ,MD,21202-2397,Private      ,10,26,36,663,497,1160
00207800,LOYOLA UNIVERSITY MARYLAND              ,MD,21210-2699,Private      ,109,354,463,7678,2306,9984
00208000,MARYLAND INST COLLEGE OF ART            ,MD,21217-4191,Private      ,74,57,131,2846,779,3625
00208300,MORGAN STATE UNIVERSITY                 ,MD,21251-0002,Public       ,948,1091,2039,11541,5715,17256
00208600,MOUNT SAINT MARY'S UNIVERSITY           ,MD,21727-7799,Private      ,66,111,177,2927,404,3331
00208700,NER ISRAEL RABBINICAL COLLEGE           ,MD,21208-1198,Private      ,18,9,27,86,48,134
00208900,PRINCE GEORGES COMMUNITY COLLEGE        ,MD,20774-2199,Public       ,1297,2456,3753,5898,9347,15245
00209100,SALISBURY UNIVERSITY                    ,MD,21801-6862,Public       ,510,301,811,10531,2014,12545
00209200,ST JOHN'S COLLEGE                       ,MD,21404-0000,Private      ,13,28,41,596,191,787
00209500,ST. MARY'S COLLEGE OF MARYLAND          ,MD,20686-3001,Public       ,56,31,87,2514,221,2735
00209600,ST MARY'S SEMINARY & UNIV               ,MD,21210-1994,Private      ,0,12,12,22,36,58
00209900,TOWSON UNIVERSITY                       ,MD,21252-0002,Public       ,967,1046,2013,21729,7470,29199
00210200,UNIVERSITY OF BALTIMORE                 ,MD,21201-5779,Public       ,172,966,1138,1711,6792,8503
00210300,"UNIVERSITY OF MARYLAND, COLLEGE PARK    ",MD,20742-5145,Public       ,1437,2070,3507,30502,13640,44142
00210400,"UNIVERSITY OF MARYLAND, BALTIMORE       ",MD,21201-1691,Public       ,162,770,932,2431,9600,12031
00210500,UMBC                                    ,MD,21250-0002,Public       ,548,698,1246,9680,4733,14413
00210600,UNIVERSITY MARYLAND EASTERN SHORE       ,MD,21853-4053,Public       ,434,280,714,5705,1959,7664
00210700,STEVENSON UNIVERSITY                    ,MD,21153-0641,Private      ,167,232,399,4849,1487,6336
00210800,WASHINGTON COLLEGE                      ,MD,21620-1197,Private      ,39,17,56,2673,102,2775
00210900,MCDANIEL COLLEGE                        ,MD,21157-4390,Private      ,40,129,169,2949,689,3638
00458612,KAPLAN COLLEGE                          ,MD,21742-2797,Proprietary  ,104,356,460,411,1441,1852
00458614,KAPLAN COLLEGE - FREDERICK              ,MD,21704-8307,Proprietary  ,9,61,70,44,267,311
00465000,CHESAPEAKE COLLEGE                      ,MD,21679-0008,Public       ,192,343,535,1169,1584,2753
00691100,MONTGOMERY COLLEGE                      ,MD,20850-1195,Public       ,1714,2114,3828,9660,9506,19166
00734100,INTERNATIONAL BEAUTY SCHOOL             ,MD,21502-2370,Proprietary  ,22,183,205,75,550,625
00744700,DEL-MAR-VA BEAUTY ACADEMY               ,MD,21804-0000,Proprietary  ,19,40,59,50,94,144
00749100,TESST COLLEGE OF TECHNOLOGY             ,MD,21227-1063,Proprietary  ,86,365,451,350,1352,1702
00793600,LINCOLN TECHNICAL INSTITUTE             ,MD,21046-1544,Proprietary  ,276,485,761,753,983,1736
00817500,HOWARD COMMUNITY COLLEGE                ,MD,21044-3197,Public       ,513,907,1420,2963,3601,6564
00826300,AWARD BEAUTY SCHOOL                     ,MD,21740-5624,Proprietary  ,34,122,156,49,225,274
00830800,CECIL COLLEGE                           ,MD,21901-1999,Public       ,212,314,526,894,1106,2000
00907906,EVEREST COLLEGE- EVEREST INSTITUTE      ,MD,20910-3737,Proprietary  ,91,321,412,230,729,959
01001400,GARRETT COMMUNITY COLLEGE               ,MD,21541-1265,Public       ,108,87,195,737,322,1059
01031900,MEDIX SCHOOL                            ,MD,21204-2538,Proprietary  ,183,697,880,574,2016,2590
01041000,TESST COLLEGE OF TECHNOLOGY             ,MD,21286-2201,Proprietary  ,48,182,230,174,607,781
01164400,UNIV OF MARYLAND UNIVERSITY COLLEGE     ,MD,20783-8078,Public       ,530,7804,8334,2628,25707,28335
01164402,U OF MD UNIVERSITY COLLEGE - EUROPE     ,MD,20832-0000,Public       ,38,249,287,293,905,1198
01164404,U OF MD UNIVERSITY COLLEGE - ASIA       ,MD,31207-0000,Public       ,23,216,239,102,626,728
02073900,WOR-WIC COMMUNITY COLLEGE               ,MD,21804-0000,Public       ,318,708,1026,1444,2719,4163
02083600,TESST COLLEGE OF TECHNOLOGY             ,MD,20705-2698,Proprietary  ,113,251,364,278,767,1045
02116005,SANFORD-BROWN INSTITUTE - LANDOVER      ,MD,20785-2287,Proprietary  ,67,308,375,215,952,1167
02127900,SOJOURNER DOUGLASS COLLEGE              ,MD,21205-0000,Private      ,60,554,614,232,2634,2866
02155100,MARYLAND COLLEGE OF ART AND DESIGN      ,MD,20902-0000,Private      ,19,17,36,117,102,219
02269700,INTERNATIONAL BEAUTY SCHOOL             ,MD,21014-0000,Proprietary  ,11,22,33,35,56,91
02314800,BALTIMORE INTERNATIONAL COLLEGE         ,MD,21202-0000,Private      ,73,151,224,557,605,1162
02331000,MARYLAND BEAUTY ACADEMY OF ESSEX        ,MD,21221-0000,Proprietary  ,17,56,73,49,133,182
02333000,HAIR ACADEMY                            ,MD,20784-0000,Proprietary  ,57,130,187,119,253,372
02343800,MONTGOMERY BEAUTY SCHOOL                ,MD,20901-0000,Proprietary  ,16,76,92,51,131,182
02494700,BALTIMORE STUDIO OF HAIR DESIGN         ,MD,21201-0000,Proprietary  ,19,73,92,67,188,255
02495000,ROBERT PAUL ACAD COSMTGY ARTS & SCI     ,MD,21093-0000,Proprietary  ,14,26,40,54,85,139
02495100,MARYLAND BEAUTY ACADEMY                 ,MD,21136-0000,Proprietary  ,9,13,22,35,42,77
02545400,NORTH AMERICAN TRADE SCHOOLS            ,MD,21244-0069,Proprietary  ,45,230,275,176,792,968
02573800,"L' ACADEMIE DE CUISINE, INC.            ",MD,20877-0000,Proprietary  ,12,43,55,51,162,213
02578400,TAI SOPHIA INSTITUTE                    ,MD,20723-6010,Private      ,0,66,66,0,243,243
03010802,TRI-STATE BUSINESS INSTITUTE -  FORTIS C,MD,20785-2223,Proprietary  ,3,11,14,3,11,14
03027200,BLADES SCHOOL OF HAIR DESIGN            ,MD,20619-0226,Proprietary  ,11,33,44,29,83,112
03064900,AARON'S ACADEMY OF BEAUTY               ,MD,20602-2715,Proprietary  ,11,38,49,35,85,120
03097200,AESTHETICS INSTITUTE OF COSMETOLOGY     ,MD,20877-1305,Proprietary  ,7,24,31,13,47,60
03100700,CARROLL COMMUNITY COLLEGE               ,MD,21157-6913,Public       ,159,271,430,1038,1051,2089
03148300,AMERICAN BEAUTY ACADEMY                 ,MD,20902-1911,Proprietary  ,72,191,263,208,543,751
03296300,BALTIMORE SCHOOL OF MASSAGE             ,MD,21090-2261,Proprietary  ,103,224,327,202,501,703
03327300,NEW CREATIONS ACADEMY OF HAIR DSN       ,MD,20746-2960,Proprietary  ,12,35,47,20,59,79
03455500,NATIONAL LABOR COLLEGE                  ,MD,20903-1790,Private      ,2,54,56,10,106,116
03493300,ALL-STATE CAREER SCHOOL                 ,MD,21224-6658,Proprietary  ,175,671,846,458,1816,2274
03771300,AMERICAN CAREER INSTITUTE               ,MD,20902-4637,Proprietary  ,205,963,1168,335,1785,2120
03822400,MAPLE SPRINGS BAPTIST BIBLE COLLEGE & SE,MD,20743-5711,Private      ,1,13,14,3,49,52
03937300,YESHIVA COLLEGE OF THE NATION'S CAPITAL ,MD,20902-1700,Private      ,1,4,5,8,16,24
03965500,HAIR EXPRESSIONS ACADEMY                ,MD,20852-1729,Proprietary  ,16,51,67,39,107,146
04121600,FILA ACADEMY (THE)                      ,MD,21061-1634,Proprietary  ,28,62,90,54,169,223
04139700,FREDERICK SCHOOL OF COSMETOLOGY         ,MD,21701-0000,Proprietary  ,7,15,22,21,46,67
04141600,OMEGA STUDIOS' SCHOOL OF APPLIED RECORDI,MD,20852-1731,Proprietary  ,21,27,48,48,95,143
04151800,TEMPLE (THE): A PAUL MITCHELL PARTNER SC,MD,21701-5409,Proprietary  ,21,32,53,82,102,184
00211400,AMERICAN INTERNATIONAL COLLEGE          ,MA,01109-3189,Private      ,138,654,792,2260,2349,4609
00211500,AMHERST COLLEGE                         ,MA,01002-5000,Private      ,89,31,120,4764,249,5013
00211600,ANDOVER NEWTON THEOLOGICAL SCHOOL       ,MA,02459-0000,Private      ,1,34,35,2,201,203
00211700,ANNA MARIA COLLEGE                      ,MA,01612-1198,Private      ,58,125,183,2033,522,2555
00211800,ASSUMPTION COLLEGE                      ,MA,01615-1294,Private      ,65,82,147,4540,691,5231
00211900,ATLANTIC UNION COLLEGE                  ,MA,01561-1000,Private      ,57,63,120,352,374,726
00212000,MERRIMACK COLLEGE                       ,MA,01845-5800,Private      ,63,44,107,3920,264,4184
00212100,BABSON COLLEGE                          ,MA,02457-0310,Private      ,47,157,204,2292,799,3091
00212200,BAY PATH COLLEGE                        ,MA,01106-2212,Private      ,38,504,542,869,1849,2718
00212300,BECKER COLLEGE-WORCESTER                ,MA,01615-0071,Private      ,167,175,342,2307,943,3250
00212400,BENTLEY UNIVERSITY                      ,MA,02452-4705,Private      ,82,139,221,5325,865,6190
00212600,BERKLEE COLLEGE OF MUSIC                ,MA,02215-3693,Private      ,395,226,621,4478,1188,5666
00212800,BOSTON COLLEGE                          ,MA,02467-3800,Private      ,213,340,553,19176,7261,26437
00212900,BOSTON CONSERVATORY OF MUSIC            ,MA,02215-9830,Private      ,21,17,38,1131,338,1469
00213000,BOSTON UNIVERSITY                       ,MA,02215-1789,Private      ,484,1741,2225,30999,18793,49792
00213300,BRANDEIS UNIVERSITY                     ,MA,02453-2700,Private      ,83,143,226,4941,1359,6300
00213900,CLARK UNIVERSITY                        ,MA,01610-1473,Private      ,58,113,171,3614,707,4321
00214000,ELMS COLLEGE                            ,MA,01013-2839,Private      ,31,92,123,1103,718,1821
00214100,COLLEGE OF THE HOLY CROSS               ,MA,01610-2395,Private      ,60,6,66,5562,123,5685
00214300,CURRY COLLEGE                           ,MA,02186-2395,Private      ,91,286,377,4345,1160,5505
00214400,DEAN COLLEGE                            ,MA,02038-1994,Private      ,94,48,142,1745,233,1978
00214500,EASTERN NAZARENE COLLEGE                ,MA,02170-2999,Private      ,66,129,195,813,465,1278
00214507,EASTERN NAZARENE CLG - LEAD PROGRAM     ,MA,02170-0000,Private      ,0,16,16,21,70,91
00214600,EMERSON COLLEGE                         ,MA,02116-4624,Private      ,76,71,147,6680,1633,8313
00214700,EMMANUEL COLLEGE                        ,MA,02115-5798,Private      ,50,83,133,4622,465,5087
00214800,ENDICOTT COLLEGE                        ,MA,01915-2098,Private      ,60,97,157,3994,415,4409
00214900,EPISCOPAL DIVINITY SCHOOL               ,MA,02138-0000,Private      ,0,15,15,0,73,73
00215000,FISHER COLLEGE                          ,MA,02116-1500,Private      ,114,334,448,1353,922,2275
00215100,BENJAMIN FRANKLIN INSTITUTE OF TECH     ,MA,02116-6296,Public       ,75,79,154,703,320,1023
00215300,GORDON COLLEGE                          ,MA,01984-1899,Private      ,84,38,122,1958,123,2081
00215400,HELLENIC COLLEGE                        ,MA,02445-7496,Private      ,11,31,42,74,148,222
00215500,HARVARD UNIVERSITY                      ,MA,02138-3800,Private      ,137,183,320,6918,1370,8288
00215501,AMRCN REPERTORY THTR INST ADV THTR      ,MA,02138-0000,Private      ,0,10,10,4,136,140
00215502,HARVARD BUSINESS SCHOOL                 ,MA,02163-0000,Private      ,10,109,119,162,1659,1821
00215503,HARVARD EXTENSION SCHOOL                ,MA,02138-0000,Private      ,29,266,295,163,1258,1421
00215504,HARVARD SCH OF DENTAL MEDICINE          ,MA,02115-0000,Private      ,3,6,9,25,202,227
00215505,HARVARD UNIV GRAD SCH DESIGN            ,MA,02138-0000,Private      ,1,17,18,15,1350,1365
00215506,HARVARD DIVINITY SCHOOL                 ,MA,02138-0000,Private      ,0,17,17,16,563,579
00215507,HARVARD UNIV GRAD SCH ED                ,MA,02138-0000,Private      ,0,46,46,5,1568,1573
00215508,HARVARD UNIV GRAD S OF ARTS & SCIEN     ,MA,02138-0000,Private      ,12,81,93,105,879,984
00215509,HARVARD JOHN F KENNEDY SCHL OF GOVT     ,MA,02138-0000,Private      ,2,50,52,14,1463,1477
00215510,HARVARD LAW SCHOOL                      ,MA,02138-0000,Private      ,15,61,76,105,3841,3946
00215511,HARVARD UNIV MEDICAL SCHOOL             ,MA,02115-0000,Private      ,8,20,28,112,1091,1203
00215512,HARVARD UNIV SCH PUBLIC HEALTH          ,MA,02115-0000,Private      ,2,23,25,34,806,840
00215513,HARVARD UNIVERSITY-HARVARD COLLEGE      ,MA,02138-0000,Private      ,156,54,210,14573,409,14982
00215700,HEBREW COLLEGE                          ,MA,02459-2237,Private      ,0,13,13,1,95,96
00215800,LASELL COLLEGE                          ,MA,02466-2716,Private      ,75,49,124,3086,252,3338
00216000,LESLEY UNIVERSITY                       ,MA,02138-2790,Private      ,111,840,951,2746,4345,7091
00216100,UMASS LOWELL                            ,MA,01854-3089,Public       ,784,1109,1893,11494,5045,16539
00216400,NEW ENGLAND COLLEGE OF OPTOMETRY        ,MA,02115-1129,Private      ,1,13,14,11,403,414
00216500,MASS. COLLEGE OF PHARMACY  & HEALTH SCIE,MA,02115-5804,Private      ,86,205,291,4457,2778,7235
00216700,BERKSHIRE COMMUNITY COLLEGE             ,MA,01201-5786,Public       ,139,289,428,936,1381,2317
00216800,CAPE COD COMMUNITY COLLEGE              ,MA,02668-1599,Public       ,320,516,836,1680,2009,3689
00216900,GREENFIELD COMMUNITY COLLEGE            ,MA,01301-9739,Public       ,234,396,630,854,1404,2258
00217000,HOLYOKE COMMUNITY COLLEGE               ,MA,01040-1099,Public       ,593,1032,1625,3662,4254,7916
00217100,MASSACHUSETTS BAY COMMUNITY COLLEGE     ,MA,02181-0000,Public       ,457,566,1023,2201,2244,4445
00217200,MOUNT WACHUSETT COMMUNITY COLLEGE       ,MA,01440-1000,Public       ,350,687,1037,1837,2829,4666
00217300,NORTH SHORE COMMUNITY COLLEGE           ,MA,01923-4093,Public       ,822,1194,2016,3226,3870,7096
00217400,NORTHERN ESSEX COMMUNITY COLLEGE        ,MA,01830-2399,Public       ,804,1215,2019,2728,3644,6372
00217500,QUINSIGAMOND COMMUNITY COLLEGE          ,MA,01606-2092,Public       ,809,1151,1960,3969,4662,8631
00217600,BRISTOL COMMUNITY COLLEGE               ,MA,02720-7399,Public       ,873,1174,2047,4026,4297,8323
00217700,MASSASOIT COMMUNITY COLLEGE             ,MA,02302-3996,Public       ,561,784,1345,3274,3646,6920
00217800,MASSACHUSETTS INST OF TECHNOLOGY        ,MA,02139-4307,Private      ,142,269,411,10888,3007,13895
00218000,MASSACHUSETTS COLLEGE OF ART AND DESIGN ,MA,02115-5803,Public       ,69,80,149,2387,813,3200
00218100,MASSACHUSETTS MARITIME ACADEMY          ,MA,02532-3400,Public       ,60,20,80,1296,112,1408
00218300,BRIDGEWATER STATE COLLEGE               ,MA,02325-0001,Public       ,550,514,1064,11475,3246,14721
00218400,FITCHBURG STATE COLLEGE                 ,MA,01420-2697,Public       ,231,267,498,5559,1463,7022
00218500,FRAMINGHAM STATE COLLEGE                ,MA,01702-2471,Public       ,222,215,437,5175,1246,6421
00218700,MASSACHUSETTS CLG OF LIBERAL ARTS       ,MA,01247-4100,Public       ,93,99,192,2208,560,2768
00218800,SALEM STATE COLLEGE                     ,MA,01970-5353,Public       ,587,683,1270,8167,3678,11845
00218900,WESTFIELD STATE COLLEGE                 ,MA,01086-1630,Public       ,304,238,542,7609,1517,9126
00219000,WORCESTER STATE COLLEGE                 ,MA,01602-2597,Public       ,281,342,623,6164,2118,8282
00219200,MOUNT HOLYOKE COLLEGE                   ,MA,01075-1492,Private      ,36,15,51,2606,321,2927
00219300,MOUNT IDA COLLEGE                       ,MA,02459-3323,Private      ,68,42,110,2204,376,2580
00219400,NEW ENGLAND CONSERVATORY OF MUSIC       ,MA,02115-5018,Private      ,8,19,27,763,631,1394
00219700,NICHOLS COLLEGE                         ,MA,01571-6346,Private      ,79,82,161,1987,384,2371
00219900,NORTHEASTERN UNIVERSITY                 ,MA,02115-5000,Private      ,566,1922,2488,31750,11533,43283
00220100,PINE MANOR COLLEGE                      ,MA,02167-0000,Private      ,46,19,65,549,176,725
00220200,BLESSED JOHN XXIII NATIONAL SEMINARY    ,MA,02493-0000,Private      ,0,3,3,0,5,5
00220500,QUINCY COLLEGE                          ,MA,02169-4501,Public       ,326,758,1084,1435,2823,4258
00220600,REGIS COLLEGE                           ,MA,02193-0000,Private      ,49,98,147,2026,715,2741
00220800,SIMMONS COLLEGE                         ,MA,02115-5898,Private      ,57,328,385,2861,3716,6577
00220900,SMITH COLLEGE                           ,MA,01063-2936,Private      ,42,28,70,3363,982,4345
00220901,"SMITH COLLEGE, SCH FOR SOCIAL WORK      ",MA,01063-0000,Private      ,0,3,3,1,26,27
00221000,UNIV OF MASSACHUSETTS-DARTMOUTH         ,MA,02747-2300,Public       ,471,353,824,11513,2642,14155
00221100,SPRINGFIELD COLLEGE                     ,MA,01109-3797,Private      ,150,1010,1160,4046,4061,8107
00221400,ST JOHN'S SEMINARY                      ,MA,02135-8839,Private      ,8,22,30,15,41,56
00221700,STONEHILL COLLEGE                       ,MA,02357-6110,Private      ,42,15,57,6471,150,6621
00221800,SUFFOLK UNIVERSITY                      ,MA,02108-2770,Private      ,170,358,528,9574,4930,14504
00221810,SUFFOLK UNIVERSITY - LAW SCHOOL         ,MA,02108-4977,Private      ,0,0,0,17,357,374
00221900,TUFTS UNIVERSITY                        ,MA,02155-5808,Private      ,74,192,266,9885,2740,12625
00221901,TUFTS UNIV SCH OF DENTAL MEDICINE       ,MA,02111-0000,Private      ,3,13,16,19,808,827
00221902,TUFTS UNIVERSITY - CUMMINGS SCHOOL OF VE,MA,01536-0000,Private      ,0,9,9,26,475,501
00221904,TUFTS UNIV SCHOOL OF MEDICINE           ,MA,02111-0000,Private      ,5,77,82,59,1916,1975
00222100,UNIV OF MASSACHUSETTS-AMHERST           ,MA,01003-0000,Public       ,1341,964,2305,34338,6947,41285
00222200,UNIV OF MASSACHUSETTS-BOSTON            ,MA,02125-3393,Public       ,641,1423,2064,10894,9525,20419
00222400,WELLESLEY COLLEGE                       ,MA,02481-8203,Private      ,52,18,70,3460,198,3658
00222500,WENTWORTH INSTITUTE OF TECHNOLOGY       ,MA,02115-5998,Private      ,144,157,301,4743,762,5505
00222600,WESTERN NEW ENGLAND COLLEGE             ,MA,01119-2654,Private      ,74,191,265,5174,1667,6841
00222700,WHEATON COLLEGE                         ,MA,02766-2322,Private      ,39,7,46,2542,85,2627
00222800,WHEELOCK COLLEGE                        ,MA,02215-4176,Private      ,38,67,105,1533,637,2170
00222900,WILLIAMS COLLEGE                        ,MA,01267-2600,Private      ,44,4,48,3817,113,3930
00223300,WORCESTER POLYTECHNIC INSTITUTE         ,MA,01609-2280,Private      ,84,86,170,6236,529,6765
00396500,BAY STATE COLLEGE                       ,MA,02116-2901,Proprietary  ,135,203,338,1406,803,2209
00396600,BOSTON ARCHITECTURAL COLLEGE            ,MA,02115-2795,Private      ,64,196,260,494,1000,1494
00466100,HAMPSHIRE COLLEGE                       ,MA,01002-3359,Private      ,54,13,67,2430,144,2574
00466600,SALTER COLLEGE                          ,MA,01583-1700,Proprietary  ,185,790,975,525,2512,3037
00466700,SCHOOL OF MUSEUM OF FINE ARTS           ,MA,02115-5534,Private      ,22,18,40,852,302,1154
00466900,UPPER CAPE COD REGIONAL VOC TECH        ,MA,02532-3310,Public       ,1,17,18,21,111,132
00527900,GREATER LOWELL REGNL VOC TECH SCH       ,MA,01879-0000,Public       ,8,17,25,22,99,121
00551900,DIMAN REGIONAL VOC TECH INST            ,MA,02723-3519,Public       ,6,21,27,20,83,103
00552300,BLUE HILLS REGIONAL VOC TECH            ,MA,02021-1398,Public       ,5,17,22,29,127,156
00555700,MCCANN TECHNICAL SCHOOL                 ,MA,01247-0000,Public       ,2,18,20,24,82,106
00613600,NATIONAL AVIATION ACADEMY - NEW ENGLAND ,MA,01730-2620,Proprietary  ,25,42,67,102,167,269
00632200,BROCKTON HOSPITAL SCH OF NURSING        ,MA,02302-0000,Private      ,14,44,58,119,463,582
00632400,LABOURE COLLEGE                         ,MA,02124-5698,Private      ,25,175,200,198,795,993
00633100,LAWRENCE MEM HOSPITAL SCH OF NRSNG      ,MA,02155-1643,Private      ,10,47,57,66,368,434
00635200,BAYSTATE MEDICAL CENTER                 ,MA,01199-0001,Private      ,4,9,13,18,56,74
00687300,MARIAN COURT COLLEGE                    ,MA,01907-2896,Private      ,32,31,63,185,107,292
00748100,GIBBS COLLEGE                           ,MA,02116-2904,Proprietary  ,38,100,138,126,363,489
00748400,NEWBURY COLLEGE                         ,MA,02445-5796,Private      ,62,37,99,2229,288,2517
00748600,THE NEW ENGLAND INSTITUTE OF ART        ,MA,02445-7295,Proprietary  ,160,126,286,1793,685,2478
00748800,KAPLAN CAREER INSTITUTE                 ,MA,02129-1644,Proprietary  ,52,181,233,128,583,711
00748801,KAPLAN CAREER INSTITUTE -               ,MA,02215-2606,Proprietary  ,33,107,140,86,428,514
00807800,SPRINGFIELD TECHNICAL COMMUNITY CLG     ,MA,01105-0000,Public       ,516,1067,1583,2941,4844,7785
00809002,EVEREST COLLEGE - EVEREST INSTITUTE     ,MA,02150-2333,Proprietary  ,58,143,201,111,392,503
00891600,NEW ENGLAND SCHOOL OF LAW               ,MA,02116-0000,Private      ,1,55,56,10,2295,2305
00964500,BARD COLLEGE AT SIMON'S ROCK            ,MA,01230-9702,Private      ,22,2,24,499,21,520
00974700,GORDON-CONWELL THEOLOGICAL SEMINARY     ,MA,01982-0000,Private      ,0,108,108,11,498,509
00975600,UNIVERSITY OF MASS MEDICAL CENTER       ,MA,01655-0000,Public       ,4,70,74,39,827,866
00987700,HENRI'S SCHOOL OF HAIR DESIGN           ,MA,01420-5675,Proprietary  ,9,9,18,23,17,40
00989900,LOWELL ACADEMY HAIRSTYLING INST         ,MA,01852-1909,Proprietary  ,12,20,32,16,32,48
00993600,MIDDLESEX COMMUNITY COLLEGE             ,MA,01730-1197,Public       ,348,352,700,1705,1296,3001
00993602,"MIDDLESEX COMMUNITY COLLEGE, LOWELL     ",MA,01852-0000,Public       ,522,628,1150,2503,2317,4820
01121000,BUNKER HILL COMMUNITY COLLEGE           ,MA,02129-2991,Public       ,1069,1826,2895,5191,7808,12999
01151000,EVEREST INSTITUTE                       ,MA,02135-7638,Proprietary  ,66,192,258,151,477,628
01193000,ROXBURY COMMUNITY COLLEGE               ,MA,02120-3400,Public       ,264,744,1008,1068,2680,3748
01204200,MANSFIELD BEAUTY SCHOOLS                ,MA,02169-5061,Proprietary  ,9,20,29,31,76,107
01206800,MANSFIELD BEAUTY SCHOOL                 ,MA,01103-1410,Proprietary  ,3,10,13,18,50,68
01218700,BLACKSTONE VALLEY VOCATIONAL REGIONAL SC,MA,01568-1499,Public       ,2,18,20,2,46,48
01238600,SOUTHEASTERN TECHNICAL INSTITUTE        ,MA,02375-1780,Public       ,10,39,49,47,175,222
01288100,MONTACHUSETT REG VOC TECH SCH           ,MA,01420-4649,Public       ,2,7,9,13,76,89
01292100,EMPIRE BEAUTY SCHOOL                    ,MA,02215-0000,Proprietary  ,48,79,127,130,292,422
01292101,EMPIRE BEAUTY SCHOOL - HYANNIS          ,MA,02601-2022,Proprietary  ,3,3,6,14,29,43
01294800,ROB ROY ACADEMY                         ,MA,02721-5330,Proprietary  ,31,38,69,58,77,135
02063000,MONTSERRAT COLLEGE OF ART               ,MA,01915-0000,Private      ,14,6,20,650,73,723
02063800,BUTERA SCHOOL OF ART                    ,MA,02116-0000,Proprietary  ,5,3,8,38,13,51
02076700,EMPIRE BEAUTY SCHOOL                    ,MA,02148-0000,Proprietary  ,25,48,73,61,165,226
02079400,EMPIRE BEAUTY SCHOOL                    ,MA,02453-0000,Proprietary  ,18,56,74,66,206,272
02092100,MASSACHUSETTS SCHOOL OF BARBERING       ,MA,02169-5058,Proprietary  ,9,48,57,22,89,111
02092200,EMPIRE BEAUTY SCHOOL                    ,MA,01852-0000,Proprietary  ,23,50,73,46,137,183
02122000,NEW ENGLAND HAIR ACADEMY                ,MA,02148-0000,Proprietary  ,21,41,62,60,118,178
02137000,ROB ROY ACADEMY                         ,MA,02780-0000,Proprietary  ,10,13,23,30,40,70
02137200,MASS GEN HOSP DIETETIC INTERNSHIP       ,MA,02114-0000,Private      ,0,0,0,1,18,19
02143000,LONGY SCHOOL OF MUSIC                   ,MA,02138-3599,Private      ,3,14,17,60,166,226
02163500,NEW ENGLAND SCHOOL OF PHOTOGRAPHY       ,MA,02215-0000,Proprietary  ,18,38,56,143,135,278
02163600,MASS SCH OF PROFESSIONAL PSYCHOLOGY     ,MA,02132-0000,Private      ,1,36,37,10,616,626
02169900,ASSABET VALLEY REGIONAL VOC SCHOOL      ,MA,01752-0000,Public       ,4,10,14,18,94,112
02181600,ROB ROY ACADEMY                         ,MA,01609-0000,Proprietary  ,48,78,126,107,175,282
02182900,CAMBRIDGE COLLEGE                       ,MA,02138-5304,Private      ,89,1604,1693,321,3838,4159
02197900,NORTH BENNET STREET SCHOOL              ,MA,02113-0000,Private      ,6,18,24,46,115,161
02215100,HALLMARK INSTITUTE OF PHOTOGRAPHY       ,MA,01376-0000,Proprietary  ,34,29,63,243,176,419
02219501,MILDRED ELLEY - PITTSFIELD              ,MA,01201-5300,Proprietary  ,2,8,10,12,35,47
02220400,CATHERINE HINDS INST OF ESTHETICS       ,MA,01801-0000,Proprietary  ,21,70,91,47,129,176
02231600,MGH INSTITUTE OF HEALTH PROFESSION      ,MA,02129-0000,Private      ,6,81,87,48,1266,1314
02274300,CONWAY SCHOOL OF LANDSCAPE DESIGN       ,MA,01341-0179,Private      ,2,2,4,2,18,20
02325700,LABARON HAIRDRESSING ACADEMY            ,MA,02740-0000,Proprietary  ,7,17,24,17,53,70
02325800,LABARON HAIRDRESSING ACAD-BROCKTON      ,MA,02301-0000,Proprietary  ,6,16,22,17,34,51
02337400,BANCROFT SCHOOL OF MASSAGE THERAPY      ,MA,01604-4614,Proprietary  ,7,24,31,15,64,79
02338200,BAY STATE SCHOOL OF TECHNOLOGY          ,MA,02021-0000,Proprietary  ,24,129,153,47,242,289
02339400,ROB ROY ACADEMY                         ,MA,02746-0000,Proprietary  ,5,10,15,9,18,27
02491700,CORTIVA INSTITUTE -  BOSTON             ,MA,02472-2577,Proprietary  ,8,80,88,26,181,207
02523900,ELIZABETH GRADY SCHOOL OF ESTHETICS     ,MA,02155-0000,Proprietary  ,17,54,71,34,114,148
02579800,NEW ENGLAND SCHOOL OF ACUPUNCTURE       ,MA,02458-0000,Private      ,0,31,31,4,157,161
03006802,PENNSYLVANIA CULINARY INSTITUTE - LE COR,MA,02142-1221,Proprietary  ,99,195,294,299,599,898
03066700,AILANO SCHOOL OF COSMETOLOGY            ,MA,02303-4740,Proprietary  ,6,17,23,20,38,58
03104000,SHAWSHEEN ADULT TECHNICAL INSTITUTE     ,MA,01821-5499,Public       ,0,6,6,12,63,75
03115200,MOTORING TECHNICAL TRAINING INST        ,MA,02771-5933,Proprietary  ,34,60,94,92,165,257
03120800,KAY HARVEY HAIRDRESSING ACADEMY         ,MA,01089-2701,Proprietary  ,6,29,35,14,48,62
03127700,SOUTHERN NEW ENGLAND SCHOOL OF LAW      ,MA,02747-1252,Private      ,0,23,23,2,345,347
03130500,URBAN COLLEGE OF BOSTON                 ,MA,02111-1093,Private      ,13,181,194,33,594,627
03194300,BOSTON GRAD SCH OF PSYCHOANALYSIS       ,MA,02446-4602,Private      ,0,33,33,0,81,81
03196300,LINCOLN TECHNICAL INSTITUTE             ,MA,02145-1102,Proprietary  ,84,205,289,237,631,868
03196302,LINCOLN TECHNICAL INSTITUTE             ,MA,01852-5119,Proprietary  ,70,190,260,220,566,786
03205400,JOLIE HAIR & BEAUTY ACADEMY             ,MA,01056-2769,Proprietary  ,14,71,85,33,96,129
03232302,LINCOLN TECHNICAL INSTITUTE             ,MA,02401-1818,Proprietary  ,5,19,24,115,393,508
03235300,MASSACHUSETTS SCHOOL OF LAW             ,MA,01810-1094,Private      ,1,127,128,8,654,662
03240300,HAIR IN MOTION BEAUTY ACADEMY           ,MA,01604-0000,Proprietary  ,12,18,30,25,33,58
03248300,BOSTON BAPTIST COLLEGE                  ,MA,02136-4000,Private      ,33,21,54,135,68,203
03316400,FUNERAL INSTITUTE OF THE NORTHEAST      ,MA,02062-4766,Proprietary  ,3,12,15,23,74,97
03504300,NATL GRAD SCH OF QUALITY SYSTM MGMT     ,MA,02540-0000,Private      ,1,10,11,2,26,28
03570500,ZION BIBLE COLLEGE                      ,MA,01835-0000,Private      ,37,26,63,180,101,281
03763300,MEDICAL PROFESSIONAL INSTITUTE          ,MA,02148-8143,Proprietary  ,3,44,47,17,145,162
03859300,E.I.N.E.                                ,MA,01876-4709,Proprietary  ,1,25,26,2,56,58
03946300,FRANKLIN W. OLIN COLLEGE OF ENGINEERING ,MA,02492-1200,Private      ,9,0,9,393,9,402
03965300,NEW ENGLAND COLLEGE OF FINANCE          ,MA,02110-1605,Proprietary  ,12,125,137,40,420,460
04039300,SULLIVAN AND COGLIANO TRAINING CENTER   ,MA,02301-4921,Proprietary  ,40,658,698,56,1136,1192
04116900,DIGRIGOLI SCHOOL OF COSMETOLOGY         ,MA,01089-4623,Proprietary  ,12,22,34,30,53,83
04122000,TRI COUNTY REGIONAL VOCATIONAL TECHNICAL,MA,02038-0000,Public       ,4,29,33,4,33,37
04128000,MILLENNIUM TRAINING INSTITUTE           ,MA,01801-6386,Proprietary  ,3,49,52,7,99,106
04128900,CENTRAL MASS SCHOOL OF MASSAGE AND THERA,MA,01562-1712,Proprietary  ,1,8,9,2,21,23
04153200,SOUTHERN WORCESTER COUNTY REGIONAL VOC S,MA,01507-1331,Public       ,0,2,2,4,34,38
00324204,CARNEGIE MELLON UNIVERSITY - QATAR      ,FC,00000-0000,Private      ,0,2,2,1,2,3
00324206,CARNEGIE MELLON UNIVERSITY THE HEINZ COL,FC,00000-0000,Private      ,0,0,0,0,1,1
00337112,TEMPLE UNIVERSITY - JAPAN               ,FC,00000-0000,Private      ,4,6,10,63,48,111
00369101,MIDDLEBURY COLLEGE - FRANCE             ,FC,00000-0000,Private      ,1,0,1,5,8,13
00369102,MIDDLEBURY COLLEGE - GERMANY            ,FC,00000-0000,Private      ,0,4,4,3,5,8
00369103,MIDDLEBURY COLLEGE - ITALY              ,FC,00000-0000,Private      ,0,0,0,5,4,9
00369104,MIDDLEBURY COLLEGE - SPAIN              ,FC,00000-0000,Private      ,1,4,5,11,20,31
00369105,MIDDLEBURY COLLEGE - RUSSIA             ,FC,00000-0000,Private      ,0,0,0,1,5,6
00369107,MIDDLEBURY COLLEGE - BREAD LOAF SCHOOL/E,FC,00000-0000,Private      ,0,0,0,0,1,1
00401000,INSTITUT INTERNAT'L D'ETUDES FRANCA     ,FC,00000-0000,Public       ,0,1,1,0,4,4
00401200,HEBREW UNIVERSITY OF JERUSALEM (THE)    ,FC,00000-0000,Public       ,6,13,19,38,110,148
00403000,UNIVERSITY OF CAMBRIDGE                 ,FC,00000-0000,Public       ,0,22,22,2,97,99
00503400,AMERICAN UNIVERSITY OF CAIRO            ,FC,00000-0000,Private      ,13,44,57,74,238,312
00667100,KATHOLIEKE UNIVERSITEIT LEUVEN          ,FC,00000-0000,Private      ,0,7,7,0,43,43
00669100,UNIVERSITY OF CAMBRIDGE - PEMBROKE      ,FC,00000-0000,Public       ,0,1,1,2,12,14
00669200,UNIVERSITY OF LEEDS                     ,FC,00000-0000,Public       ,0,24,24,8,112,120
00669300,UNIV OF LONDON-LONDON SCHOOL ECON       ,FC,00000-0000,Public       ,3,53,56,16,484,500
00669400,SCH OF ORIENTAL & AFRICAN STUDIES       ,FC,00000-0000,Public       ,3,35,38,10,177,187
00669500,UNIV OF LONDON-UNIVERSITY COLLEGE       ,FC,00000-0000,Public       ,3,55,58,30,445,475
00669600,UNIV OF LONDON-SCH ADVANCED STUDY       ,FC,00000-0000,Public       ,0,4,4,0,20,20
00669700,"QUEEN MARY, UNIVERSITY OF LONDON        ",FC,00000-0000,Public       ,3,26,29,27,149,176
00669900,UNIVERSITY OF SUSSEX                    ,FC,00000-0000,Public       ,7,12,19,14,94,108
00670000,"UNIVERSITY OF YORK, THE                 ",FC,00000-0000,Public       ,0,22,22,10,123,133
00670400,UNIVERSITY COLLEGE CORK                 ,FC,00000-0000,Public       ,2,12,14,10,66,76
00671300,UPPSALA UNIVERSITY                      ,FC,00000-0000,Public       ,0,6,6,2,47,49
00671500,UNIVERSITY OF GENEVA                    ,FC,00000-0000,Public       ,0,13,13,3,81,84
00683900,UNIVERSITY OF EDINBURGH                 ,FC,00000-0000,Public       ,16,83,99,135,649,784
00684200,UNIVERSITY OF DUBLIN TRINITY COLLEG     ,FC,00000-0000,Public       ,6,43,49,42,183,225
00685000,UNIVERSITY OF CAMBRIDGE - DOWNING C     ,FC,00000-0000,Public       ,0,1,1,0,8,8
00763200,UNIVERSITY OF BRISTOL                   ,FC,00000-0000,Public       ,2,18,20,16,95,111
00768100,COLLEGE OF EUROPE                       ,FC,00000-0000,Private      ,0,1,1,0,8,8
00770500,ROYAL COLLEGE OF SURGEONS IN IRELAN     ,FC,00000-0000,Private      ,6,12,18,9,64,73
00788100,AMERICAN UNIVERSITY OF PARIS            ,FC,00000-0000,Private      ,23,44,67,230,258,488
00837100,AMERICAN UNIVERSITY OF BEIRUT           ,FC,00000-0000,Private      ,18,22,40,91,103,194
00837300,TEL-AVIV UNIVERSITY                     ,FC,00000-0000,Public       ,0,19,19,10,63,73
00837600,VRIJE UNIVERSITEIT AMSTERDAM            ,FC,00000-0000,Public       ,0,4,4,3,36,39
00837700,UNIVERSITEIT VAN AMSTERDAM(UNIVERSI     ,FC,00000-0000,Public       ,3,17,20,12,135,147
00838000,UNIVERSITY OF WARWICK                   ,FC,00000-0000,Public       ,0,11,11,9,71,80
00838300,UNIVERSITY OF GLASGOW                   ,FC,00000-0000,Public       ,7,63,70,39,381,420
00839300,UNIVERSITY OF OSLO                      ,FC,00000-0000,Public       ,0,2,2,3,18,21
00839400,UNIVERSITY OF OXFORD                    ,FC,00000-0000,Public       ,2,77,79,16,358,374
00839800,UNIVERSITY OF SHEFFIELD (THE)           ,FC,00000-0000,Public       ,4,15,19,8,102,110
00839900,UNIVERSITY OF SOUTHAMPTON               ,FC,00000-0000,Public       ,1,6,7,9,45,54
00845200,ABERYSTWYTH UNIVERSITY                  ,FC,00000-0000,Public       ,2,3,5,10,31,41
00845800,LOUGHBOROUGH UNIVERSITY                 ,FC,00000-0000,Public       ,0,0,0,2,11,13
00846000,UNIVERSITY OF NEWCASTLE UPON TYNE       ,FC,00000-0000,Public       ,1,13,14,14,91,105
00846100,UNIVERSITY OF SAINT ANDREWS             ,FC,00000-0000,Public       ,36,47,83,207,196,403
00850500,UNIVERSITY OF MELBOURNE                 ,FC,00000-0000,Public       ,0,24,24,17,135,152
00858600,SWANSEA UNIVERSITY                      ,FC,00000-0000,Public       ,2,5,7,13,30,43
00858700,UNIVERSITY OF DURHAM                    ,FC,00000-0000,Public       ,0,41,41,12,192,204
00866500,UNIVERSITY OF KENT AT CANTERBURY (THE)  ,FC,00000-0000,Public       ,2,16,18,18,137,155
00867000,UNIVERSITY OF NEW SOUTH WALES           ,FC,00000-0000,Public       ,0,27,27,7,105,112
00868700,UNIVERSITY OF ESSEX                     ,FC,00000-0000,Public       ,2,8,10,15,82,97
00869300,CITY UNIVERSITY                         ,FC,00000-0000,Public       ,3,33,36,15,184,199
00890800,THE UNIVERSITY OF BIRMINGHAM            ,FC,00000-0000,Public       ,0,15,15,10,99,109
00891000,UNIVERSITY OF HULL                      ,FC,00000-0000,Public       ,1,3,4,6,15,21
00892000,UNIVERSITY OF NOTTINGHAM                ,FC,00000-0000,Public       ,1,25,26,5,121,126
00900600,UNIVERSITY OF SALFORD (THE)             ,FC,00000-0000,Public       ,0,2,2,1,22,23
00908400,"UNIV OF LONDON, BIRKBECK                ",FC,00000-0000,Public       ,0,27,27,2,96,98
00908500,UNIV OF LONDON KING'S COLLEGE           ,FC,00000-0000,Public       ,4,41,45,34,330,364
00908600,UNIVERSITY OF LONDON - ROYAL HOLLOWAY   ,FC,00000-0000,Public       ,3,16,19,25,79,104
00914300,BAR-ILAN UNIVERSITY                     ,FC,00000-0000,Private      ,1,3,4,9,16,25
00924700,ARCHITECTURAL ASSOC SCH OF ARCHITEC     ,FC,00000-0000,Private      ,0,3,3,0,27,27
00924900,UNIVERSITY OF LIVERPOOL                 ,FC,00000-0000,Public       ,4,15,19,15,70,85
00936800,UNIVERSITY OF ABERDEEN                  ,FC,00000-0000,Public       ,5,17,22,50,114,164
00942300,ROYAL COLLEGE OF ART                    ,FC,00000-0000,Public       ,1,8,9,5,46,51
00942800,TECHNION-ISRAEL INST OF TECHLGY         ,FC,00000-0000,Public       ,0,32,32,1,80,81
00944200,UNIVERSITY OF EXETER                    ,FC,00000-0000,Public       ,0,17,17,8,80,88
00944400,UNIVERSITY OF LANCASTER                 ,FC,00000-0000,Public       ,0,8,8,5,33,38
00963400,UNIVERSITY OF OXFORD ST CATHERINE'S     ,FC,00000-0000,Public       ,0,0,0,0,6,6
00980800,UNIVERSITY OF STRATHCLYDE               ,FC,00000-0000,Public       ,0,6,6,1,38,39
00986000,UNIVERSITY OF SURREY                    ,FC,00000-0000,Public       ,1,8,9,5,24,29
00990600,PONTIFICAL NORTH AMERICAN COLLEGE       ,FC,00000-0000,Private      ,0,1,1,1,10,11
00992700,UNIVERSITY OF CAMBRIDGE - FITZWILLI     ,FC,00000-0000,Public       ,0,2,2,0,4,4
01006700,LUND UNIVERSITY                         ,FC,00000-0000,Public       ,0,10,10,1,95,96
01008400,UNIVERSITY OF CAPE TOWN                 ,FC,00000-0000,Private      ,0,9,9,9,55,64
01008700,UNIVERSITY OF OXFORD ST PETER'S COL     ,FC,00000-0000,Public       ,0,1,1,1,4,5
01008800,UNIVERSITY OF OXFORD - CORPUS CHRIS     ,FC,00000-0000,Public       ,0,0,0,0,6,6
01008900,CENTRAL SCHOOL OF SPEECH AND DRAMA      ,FC,00000-0000,Private      ,0,12,12,8,52,60
01009000,UNIVERSITY OF OXFORD - BALLIOL COLL     ,FC,00000-0000,Public       ,0,2,2,1,19,20
01014300,UNIVERSITY OF READING                   ,FC,00000-0000,Public       ,1,6,7,6,38,44
01015700,CARDIFF UNIVERSITY                      ,FC,00000-0000,Public       ,3,9,12,14,61,75
01015900,PONTIFICIA UNIVERSITA GREGORIANA        ,FC,00000-0000,Private      ,0,1,1,0,4,4
01016000,CG JUNG INST                            ,FC,00000-0000,Private      ,0,0,0,0,3,3
01018800,UNIVERSITY COLLEGE DUBLIN               ,FC,00000-0000,Public       ,3,37,40,10,195,205
01019000,UNIVERSITY OF CAMBRIDGE CHURCHILL C     ,FC,00000-0000,Public       ,0,2,2,0,10,10
01022800,UNIVERSITY OF STIRLING                  ,FC,00000-0000,Public       ,1,11,12,11,41,52
01033200,UNIVERSITY OF CAMBRIDGE - CLARE COL     ,FC,00000-0000,Public       ,1,2,3,1,8,9
01045600,UNIVERSITY OF HAIFA                     ,FC,00000-0000,Public       ,1,2,3,4,12,16
01047200,INST EUROPEEN OPEEN D'ADMINISTRATIO     ,FC,00000-0000,Private      ,0,9,9,0,64,64
01049300,CRANFIELD UNIVERSITY                    ,FC,00000-0000,Public       ,0,2,2,0,23,23
01052000,TRINITY LABAN                           ,FC,00000-0000,Public       ,2,2,4,4,8,12
01052001,LABAN CENTER FOR MOVEMENT & DANCE       ,FC,00000-0000,Public       ,0,5,5,3,12,15
01052500,UNIVERSITY OF HERTFORDSHIRE             ,FC,00000-0000,Public       ,3,4,7,17,18,35
01057400,LONDON INTRNTL FILM SCHOOL              ,FC,00000-0000,Private      ,1,7,8,4,31,35
01058600,INSTITUTE OF SOCIAL STUDIES             ,FC,00000-0000,Private      ,0,0,0,0,3,3
01058800,AUSTRALIAN NATIONAL UNIVERSITY          ,FC,00000-0000,Public       ,2,9,11,8,45,53
01058900,BANGOR UNIVERSITY                       ,FC,00000-0000,Public       ,0,3,3,6,22,28
01059400,"RICHMOND, THE AMERICAN INT UNI IN LONDON",FC,00000-0000,Private      ,33,7,40,305,67,372
01059900,INST D'ETUDES POLITIQUES DE PARIS       ,FC,00000-0000,Public       ,1,7,8,4,63,67
01068100,MACQUARIE UNIVERSITY                    ,FC,00000-0000,Public       ,1,12,13,8,70,78
01069200,UNIVERSITY OF QUEENSLAND (THE)          ,FC,00000-0000,Public       ,9,20,29,20,125,145
01078900,UNIVERSITY OF OXFORD - WORCESTER CO     ,FC,00000-0000,Public       ,0,1,1,0,8,8
01079200,CITY AND GUILDS OF LONDON INSTITUTE     ,FC,00000-0000,Private      ,0,1,1,0,5,5
01079700,"NATIONAL UNIVERSITY OF IRELAND, MAY     ",FC,00000-0000,Public       ,2,2,4,7,12,19
01080300,SEMMELWEIS UNIVERSITY OF BUDAPEST       ,FC,00000-0000,Public       ,0,1,1,4,24,28
01081600,KINGSTON UNIVERSITY                     ,FC,00000-0000,Public       ,5,26,31,32,132,164
01083800,UNIVERSITITY OF BERGEN (UOB)            ,FC,00000-0000,Public       ,0,2,2,0,8,8
01086400,UNIV OF DUNDEE                          ,FC,00000-0000,Public       ,1,14,15,10,47,57
01086600,UNIVERSITY OF OXFORD - MAGDALEN COLLEGE ,FC,00000-0000,Public       ,0,1,1,2,16,18
01086700,UNIVERSITY OF OXFORD ST JOHN'S COLL     ,FC,00000-0000,Public       ,0,1,1,1,9,10
01091400,MONASH UNIVERSITY                       ,FC,00000-0000,Public       ,1,9,10,6,46,52
01091500,UNIV OF EAST ANGLIA                     ,FC,00000-0000,Public       ,5,11,16,17,62,79
01094200,UNIVERSITY OF OXFORD - ST HUGH'S CO     ,FC,00000-0000,Public       ,0,1,1,1,4,5
01097700,UNIVERSIDAD CENTRAL DEL ESTE            ,FC,00000-0000,Private      ,59,274,333,134,903,1037
01098000,SOMERVILLE COLLEGE                      ,FC,00000-0000,Public       ,0,0,0,0,2,2
01099900,UNIV OF OXFORD - WADHAM COLLEGE         ,FC,00000-0000,Public       ,0,1,1,0,4,4
01104400,PONTIFICIA UNIVERSITA SAN TOMMASO       ,FC,00000-0000,Private      ,3,6,9,5,16,21
01105300,UNIVERSITY OF OXFORD - ST HILDA'S C     ,FC,00000-0000,Public       ,0,0,0,0,5,5
01105400,UNIVERSITY OF OXFORD - ST ANNE'S CO     ,FC,00000-0000,Public       ,0,0,0,0,7,7
01105500,UNIV OF OXFORD - LADY MARGARET HALL     ,FC,00000-0000,Public       ,0,1,1,0,7,7
01105600,UNIVERSITY OF OXFORD - UNIVERSITY C     ,FC,00000-0000,Public       ,0,1,1,1,12,13
01105700,UNIVERSITY OF OXFORD - TRINITY COLL     ,FC,00000-0000,Public       ,0,2,2,1,11,12
01105800,UNIVERSITY OF OXFORD-ST EDMUND HALL     ,FC,00000-0000,Public       ,0,1,1,1,9,10
01105900,UNIVERSITY OF OXFORD ST ANTONY'S CO     ,FC,00000-0000,Public       ,0,8,8,0,33,33
01106000,UNIVERSITY OF OXFORD - QUEEN'S COLL     ,FC,00000-0000,Public       ,0,4,4,1,12,13
01106100,UNIVERSITY OF OXFORD - PEMBROKE COL     ,FC,00000-0000,Public       ,0,1,1,0,6,6
01106200,UNIVERSITY OF OXFORD - ORIEL COLLEG     ,FC,00000-0000,Public       ,1,2,3,1,9,10
01106300,UNIVERSITY OF OXFORD - NUFFIELD COL     ,FC,00000-0000,Public       ,0,0,0,0,2,2
01106400,UNIVERSITY OF OXFORD - NEW COLLEGE      ,FC,00000-0000,Public       ,0,1,1,0,9,9
01106500,UNIVERSITY OF OXFORD MERTON COLLEGE     ,FC,00000-0000,Public       ,0,3,3,0,16,16
01106600,UNIVERSITY OF OXFORD - LINCOLN COLL     ,FC,00000-0000,Public       ,0,1,1,0,15,15
01106700,UNIVERSITY OF OXFORD - KEBLE COLLEG     ,FC,00000-0000,Public       ,0,3,3,0,7,7
01106800,UNIVERSITY OF OXFORD - JESUS COLLEG     ,FC,00000-0000,Public       ,0,1,1,0,11,11
01106900,UNIVERSITY OF OXFORD - HERTFORD COL     ,FC,00000-0000,Public       ,0,1,1,0,10,10
01107000,UNIVERSITY OF OXFORD EXETER COLLEGE     ,FC,00000-0000,Public       ,0,6,6,2,16,18
01107100,UNIV OF OXFORD - CHRIST CHURCH          ,FC,00000-0000,Public       ,0,3,3,0,16,16
01107200,UNIVERSITY OF OXFORD - BRASENOSE CO     ,FC,00000-0000,Public       ,0,2,2,1,10,11
01109100,FLINDERS UNIVERSITY OF S AUSTRALIA      ,FC,00000-0000,Public       ,1,3,4,2,16,18
01109400,UNIVERSITY OF WESTERN AUSTRALIA (THE)   ,FC,00000-0000,Public       ,1,3,4,4,16,20
01122600,AARHUS UNIVERSITY                       ,FC,00000-0000,Public       ,0,0,0,0,5,5
01156700,"IMPERIAL COLLEGE OF SCIENCE, TECHNOLOGY ",FC,00000-0000,Public       ,0,13,13,9,82,91
01167900,UNIVERSITY OF BATH                      ,FC,00000-0000,Public       ,0,3,3,5,31,36
01168300,FRANKLIN COLLEGE  SWITZERLAND           ,FC,00000-0000,Private      ,14,1,15,333,10,343
01175800,UNIV OF CAMBRIDGE - PETERHOUSE          ,FC,00000-0000,Public       ,0,0,0,1,8,9
01176400,ROYAL ACADEMY OF MUSIC                  ,FC,00000-0000,Public       ,1,2,3,10,19,29
01176500,GOLDSMITHS' COLLEGE-UNIV OF LONDON      ,FC,00000-0000,Public       ,4,20,24,30,168,198
01176600,UNIV OF LONDON - INST OF EDUC           ,FC,00000-0000,Public       ,0,10,10,2,37,39
01178000,BRUNEL UNIVERSITY                       ,FC,00000-0000,Public       ,3,6,9,4,40,44
01183800,UNIVERSITY OF OXFORD - MANSFIELD CO     ,FC,00000-0000,Public       ,0,0,0,0,2,2
01207500,UNIVERSITY CAMBRIDGE - TRINITY COLL     ,FC,00000-0000,Public       ,0,1,1,3,11,14
01207800,VICTORIA UNIV OF WELLINGTON             ,FC,00000-0000,Public       ,0,13,13,9,42,51
01209600,ECOLE HåTELIERE DE LAUSANNE             ,FC,00000-0000,Private      ,0,1,1,0,9,9
01210100,UNIVERSITY OF CAMBRIDGE - GIRTON CO     ,FC,00000-0000,Public       ,1,1,2,2,6,8
01213600,VICTORIA UNIV OF MANCHESTER (THE)       ,FC,00000-0000,Public       ,3,17,20,22,161,183
01219800,UNIVERSITY OF BRADFORD                  ,FC,00000-0000,Public       ,0,7,7,1,30,31
01220100,UNIVERSITY OF OXFORD - REGENT'S PAR     ,FC,00000-0000,Public       ,0,3,3,0,6,6
01220600,JAMES COOK UNIVERSITY                   ,FC,00000-0000,Public       ,6,19,25,27,64,91
01221500,BIRMINGHAM CITY UNIVERSITY              ,FC,00000-0000,Public       ,0,1,1,4,12,16
01222300,JAGIELLONIAN UNIVERSITY COLLEGIUM M     ,FC,00000-0000,Public       ,0,13,13,2,46,48
01222500,UNIVERSITY OF SZEGED FACULTY OF MEDICINE,FC,00000-0000,Public       ,0,2,2,1,8,9
01225800,ASTON UNIVERSITY                        ,FC,00000-0000,Public       ,1,1,2,3,13,16
01227500,UNIVERSITY OF OXFORD - WOLFSON COLL     ,FC,00000-0000,Public       ,0,6,6,0,27,27
01230200,GONVILLE & CAIUS COLLEGE                ,FC,00000-0000,Public       ,0,0,0,1,4,5
01233300,UNIV OF THE ARTS LONDON- CAMBERWELL COLL,FC,00000-0000,Public       ,1,5,6,10,13,23
01233500,ROYAL COLLEGE OF MUSIC                  ,FC,00000-0000,Public       ,1,3,4,6,23,29
01234100,UNIVERSITY OF WALES - ST DAVID'S UN     ,FC,00000-0000,Public       ,1,7,8,4,20,24
01236000,EDINBURGH COLLEGE OF ART                ,FC,00000-0000,Public       ,1,4,5,10,49,59
01242100,UNIV OF AUCKLAND                        ,FC,00000-0000,Public       ,2,15,17,19,74,93
01253900,UNIVERSITY OF THE ARTS LONDON IDO - CENT,FC,00000-0000,Public       ,6,18,24,40,79,119
01254000,UNIVERSIDAD DE NAVARRA                  ,FC,00000-0000,Private      ,1,3,4,5,14,19
01276500,UNIVERSITY OF OXFORD - LINACRE COLL     ,FC,00000-0000,Public       ,0,1,1,0,16,16
01276600,"NATIONAL UNIVERSITY IRELAND, GALWAY     ",FC,00000-0000,Public       ,4,8,12,27,76,103
01280200,PONTIFICIA UNIV CATOLICA MAD Y MAES     ,FC,00000-0000,Private      ,55,101,156,109,174,283
01281100,INST TECNOLOGICO DE SANTO DOMINGO       ,FC,00000-0000,Private      ,19,63,82,30,147,177
01283900,UNIVERSITY OF CAMBRIDGE - SAINT JOH     ,FC,00000-0000,Public       ,0,1,1,0,16,16
01286200,MOUNTVIEW ACADEMY OF THEATRE ARTS       ,FC,00000-0000,Private      ,0,2,2,1,5,6
01297800,UNIVERSITY OF HUDDERSFIELD (THE)        ,FC,00000-0000,Public       ,0,1,1,3,9,12
01315300,MASSEY UNIVERSITY                       ,FC,00000-0000,Public       ,2,14,16,7,65,72
01322500,COLLEGE OF LAW                          ,FC,00000-0000,Private      ,0,7,7,1,30,31
02052400,DARWIN COLLEGE                          ,FC,00000-0000,Public       ,0,4,4,0,14,14
02082400,UNIVERSITY OF CAMBRIDGE - QUEEN'S C     ,FC,00000-0000,Public       ,0,4,4,1,14,15
02083400,UNIVERSITY OF CAMBRIDGE - WOLFSON C     ,FC,00000-0000,Public       ,0,1,1,0,13,13
02087400,UNIVERSITY OF CAMBRIDGE - NEWNHAM C     ,FC,00000-0000,Public       ,0,2,2,1,10,11
02087900,OXFORD BROOKES UNIVERSITY               ,FC,00000-0000,Public       ,2,10,12,20,63,83
02094100,BEN-GURION UNIV                         ,FC,00000-0000,Public       ,0,4,4,2,152,154
02094400,UNIV OF CAMBRIDGE - ST EDMUND'S HOU     ,FC,00000-0000,Public       ,0,1,1,0,9,9
02095500,LONDON BUS SCHOOL                       ,FC,00000-0000,Private      ,0,23,23,1,148,149
02098700,FATIMA COLLEGE OF MEDICINE              ,FC,00000-0000,Private      ,2,23,25,7,79,86
02101900,ROEHAMPTON UNIVERSITY                   ,FC,00000-0000,Public       ,2,11,13,10,67,77
02108600,LONDON ACADEMY OF MUSIC & DRAMATIC      ,FC,00000-0000,Private      ,0,4,4,8,20,28
02115900,UNIVERSITY OF PORTSMOUTH                ,FC,00000-0000,Public       ,0,3,3,3,20,23
02116700,UNIVERSITY OF CAMBRIDGE - LUCY CAVE     ,FC,00000-0000,Public       ,0,2,2,0,9,9
02120000,UNIV OF LONDON - COURTALD INST OF A     ,FC,00000-0000,Public       ,0,6,6,0,38,38
02133400,UNIVERSITY OF CAMBRIDGE - SIDNEY SU     ,FC,00000-0000,Public       ,1,4,5,2,8,10
02142000,UNIVERSITY OF CAMBRIDGE - HOMERTON      ,FC,00000-0000,Public       ,0,0,0,0,7,7
02149700,UNIVERSITY OF WINCHESTER (THE)          ,FC,00000-0000,Public       ,1,1,2,6,7,13
02156800,UNIV OF OTAGO                           ,FC,00000-0000,Public       ,0,8,8,7,33,40
02162300,"IESE BUSINESS SCH, UNIV OF NAVARRA      ",FC,00000-0000,Private      ,0,16,16,5,71,76
02167400,UNIVERSITY OF CAMBRIDGE - CORPUS CH     ,FC,00000-0000,Public       ,0,1,1,0,6,6
02175700,OHR SOMAYACH INSTITUTIONS               ,FC,00000-0000,Private      ,0,0,0,0,4,4
02177700,KING'S COLLEGE- UNIV OF CAMBRIDGE       ,FC,00000-0000,Public       ,1,5,6,6,29,35
02180500,MIDDLESEX UNIVERSITY                    ,FC,00000-0000,Public       ,3,12,15,20,76,96
02181000,UNIVERSITY OF SOUTH AUSTRALIA           ,FC,00000-0000,Public       ,1,2,3,1,13,14
02183500,UNIV OF OXFORD - WYCLIFFE HALL          ,FC,00000-0000,Public       ,0,0,0,0,1,1
02186000,UNIVERSITY OF CAMBRIDGE - MAGDALENE     ,FC,00000-0000,Public       ,0,2,2,1,3,4
02186100,UNIVERSITY OF CAMBRIDGE - EMMANUEL      ,FC,00000-0000,Public       ,0,1,1,0,7,7
02189600,UNIVERSITY OF GRONINGEN                 ,FC,00000-0000,Public       ,0,3,3,3,22,25
02194800,UNIVERSITY OF THE WEST OF ENGLAND -     ,FC,00000-0000,Public       ,0,3,3,6,18,24
02195100,UNIV OF WESTMINSTER                     ,FC,00000-0000,Public       ,2,16,18,27,115,142
02196700,GUILDHALL SCHOOL OF MUSIC & DRAMA       ,FC,00000-0000,Public       ,0,3,3,8,14,22
02207300,UNIVERSITY OF CAMBRIDGE - CHRIST'S      ,FC,00000-0000,Public       ,0,2,2,1,4,5
02207400,CHINESE UNIVERSITY OF HONG KONG (THE)   ,FC,00000-0000,Public       ,1,5,6,9,40,49
02209500,UNIVERSITEIT UTRECHT                    ,FC,00000-0000,Public       ,1,14,15,6,66,72
02210000,UNIV OF LONDON - LONDON SCHOOL OF H     ,FC,00000-0000,Public       ,1,6,7,2,43,45
02212300,UNIVERSITY OF CAMBRIDGE - ROBINSON      ,FC,00000-0000,Public       ,0,1,1,0,3,3
02225300,UNIV OF CANTERBURY                      ,FC,00000-0000,Public       ,1,9,10,9,34,43
02229100,UNIVERSITY OF LEICESTER                 ,FC,00000-0000,Public       ,3,13,16,8,86,94
02229600,SACKLER SCHOOL OF MEDICINE              ,FC,00000-0000,Public       ,0,67,67,0,178,178
02232100,UNIVERSITY OF CAMBRIDGE                 ,FC,00000-0000,Public       ,0,8,8,3,24,27
02233300,SAINT GEORGES UNIVERSITY SCHOOL OF MEDIC,FC,00000-0000,Proprietary  ,0,789,789,9,2836,2845
02235300,LONDON METROPOLITAN UNIVERSITY          ,FC,00000-0000,Public       ,3,33,36,26,162,188
02244400,AMERICAN UNIV OF THE CARIBBEAN          ,FC,00000-0000,Proprietary  ,1,352,353,10,1157,1167
02257100,COVENTRY UNIVERSITY                     ,FC,00000-0000,Public       ,0,0,0,1,3,4
02266600,UNIVERSITY OF LONDON - SAINT GEORGE     ,FC,00000-0000,Public       ,0,5,5,1,15,16
02271700,UNIVERSITY OF CAMBRIDGE - CLARE HAL     ,FC,00000-0000,Public       ,0,5,5,0,12,12
02271800,UNIV OF OXFORD - CAMPION HALL           ,FC,00000-0000,Public       ,0,1,1,0,3,3
02271900,UNIVERSITY OF OXFORD - BLACKFRIARS      ,FC,00000-0000,Public       ,0,1,1,0,3,3
02272100,UNIV OF OXFORD - GREYFRIARS             ,FC,00000-0000,Public       ,0,0,0,0,1,1
02272200,UNIV OF CAMBRIDGE - NEW HALL            ,FC,00000-0000,Public       ,0,0,0,0,3,3
02273600,QUEEN'S UNIV OF BELFAST (THE)           ,FC,00000-0000,Public       ,2,18,20,16,77,93
02273900,HERIOT WATT UNIVERSITY                  ,FC,00000-0000,Public       ,2,9,11,6,35,41
02276700,NYENRODE BUSINESS UNIVERSITEIT          ,FC,00000-0000,Private      ,0,1,1,0,4,4
02293400,ECOLE DES HAUTES ETUDES COMERCIALS      ,FC,00000-0000,Public       ,0,6,6,0,51,51
02296300,UNIVERSITY OF CAMBRIDGE - JESUS COL     ,FC,00000-0000,Public       ,0,2,2,0,10,10
02310500,DE MONTFORT UNIVERSITY                  ,FC,00000-0000,Public       ,0,3,3,1,10,11
02320500,ROYAL NORTHERN COLLEGE OF MUSIC         ,FC,00000-0000,Public       ,1,1,2,1,6,7
02335100,UNIV OF CAMBRIDGE - TRINITY HALL        ,FC,00000-0000,Public       ,0,1,1,1,12,13
02338900,UNIVERSITY  FOR THE CREATIVE ARTS       ,FC,00000-0000,Public       ,0,1,1,1,2,3
02338903,KENT INSTITUTE OF ART & DESIGN          ,FC,00000-0000,Public       ,0,1,1,2,4,6
02351800,UNIVERSIDAD IBEROAMERICANA (UNIBE       ,FC,00000-0000,Private      ,38,277,315,127,1032,1159
02355200,ECOLE SUPERIEURE DE CUISINE FRANCAISE-FE,FC,00000-0000,Public       ,0,5,5,2,25,27
02363000,GSA CONSERVATOIRE                       ,FC,00000-0000,Private      ,0,0,0,1,3,4
02502600,PECSI ORVOSTUDOMANYI EGYETEM (PECS      ,FC,00000-0000,Public       ,1,0,1,2,19,21
02545700,GLASGOW SCHOOL OF ART                   ,FC,00000-0000,Public       ,2,3,5,13,31,44
02561600,SOUTHAMPTON SOLENT UNIVERSITY           ,FC,00000-0000,Public       ,0,1,1,0,4,4
02579600,MURDOCH UNIVERSITY                      ,FC,00000-0000,Public       ,1,9,10,6,49,55
02588000,UNIVERSITY OF ULSTER                    ,FC,00000-0000,Public       ,0,3,3,3,16,19
02591800,CURTIN UNIVERSITY OF TECHNOLOGY         ,FC,00000-0000,Public       ,0,6,6,4,13,17
02592300,MILLTOWN INST OF THEOLOGY & PHILOSO     ,FC,00000-0000,Private      ,0,0,0,1,1,2
02604300,AALBORG UNIVERSITY                      ,FC,00000-0000,Public       ,1,2,3,2,11,13
02611500,HELSINKI SCH OF ECONOMICS & BUS ADM     ,FC,00000-0000,Public       ,0,2,2,1,6,7
02611600,ECOL NATIONAL DES PONTS ET CHAUSSEE     ,FC,00000-0000,Public       ,0,0,0,4,6,10
02611700,DUBLIN CITY UNIVERSITY                  ,FC,00000-0000,Public       ,0,4,4,6,33,39
02622500,DENMARKS TEKNISKE UNIVERSITET           ,FC,00000-0000,Public       ,0,0,0,0,7,7
02623200,UNIVERSITY OF NEWCASTLE (THE)           ,FC,00000-0000,Public       ,2,3,5,9,24,33
03012700,UNIVERSITY OF BUCKINGHAM                ,FC,00000-0000,Private      ,2,3,5,6,13,19
03029400,KEELE UNIVERSITY                        ,FC,00000-0000,Public       ,1,1,2,4,12,16
03029500,NORTHUMBRIA UNIVERSITY                  ,FC,00000-0000,Public       ,2,4,6,4,31,35
03029800,NORGES HANDELSHOYSKOLE                  ,FC,00000-0000,Public       ,1,1,2,1,13,14
03033300,MANCHESTER METROPOLITAN UNIV            ,FC,00000-0000,Public       ,2,7,9,14,41,55
03045000,UNIVERSITY OF EAST LONDON               ,FC,00000-0000,Public       ,1,15,16,5,44,49
03050100,STUDIO ART CENTERS INTERNATIONAL        ,FC,00000-0000,Private      ,0,1,1,19,36,55
03061000,CHALMERS TEKNISKA HOGSKOLA AB           ,FC,00000-0000,Private      ,0,1,1,1,6,7
03066800,PONTIFICIO ATENEO DELLA SANTA CROCE     ,FC,00000-0000,Private      ,0,1,1,0,9,9
03067200,UNIVERSITY OF SYDNEY                    ,FC,00000-0000,Public       ,1,53,54,21,202,223
03073800,UNIV OF DEBRECEN MED & HEALTH SCI       ,FC,00000-0000,Public       ,1,13,14,4,26,30
03080300,SHEFFIELD HALLAM UNIVERSITY             ,FC,00000-0000,Public       ,0,3,3,1,11,12
03084300,UNIVERSITY OF LIMERICK                  ,FC,00000-0000,Public       ,1,5,6,10,35,45
03088700,ROYAL SCOTTISH ACAD MUSIC & DRAMA       ,FC,00000-0000,Public       ,5,1,6,16,19,35
03091400,UNIVERSITY OF WOLLONGONG                ,FC,00000-0000,Public       ,0,8,8,6,27,33
03091500,UNIVERSITY OF CANBERRA                  ,FC,00000-0000,Public       ,0,4,4,4,12,16
03091700,KAROL MARCINKOWSKI UNIV OF MED SCI      ,FC,00000-0000,Public       ,6,80,86,11,220,231
03092500,NOTTINGHAM TRENT UNIVERSITY             ,FC,00000-0000,Public       ,1,5,6,7,23,30
03095000,RMIT UNIVERSITY                         ,FC,00000-0000,Public       ,0,4,4,6,30,36
03095400,BOND UNIVERSITY                         ,FC,00000-0000,Private      ,11,19,30,37,87,124
03095900,ESSEC BUSINESS SCHOOL                   ,FC,00000-0000,Private      ,0,5,5,0,20,20
03096100,LA TROBE UNIVERSITY                     ,FC,00000-0000,Public       ,1,7,8,8,23,31
03096900,DEAKIN UNIVERSITY                       ,FC,00000-0000,Public       ,0,1,1,4,14,18
03097100,UNIVERSITY OF WESTERN SYDNEY            ,FC,00000-0000,Public       ,0,3,3,4,9,13
03097300,VICTORIA UNIVERSITY OF TECHNOLOGY       ,FC,00000-0000,Public       ,0,0,0,3,12,15
03097500,CENTRAL QUEENSLAND UNIVERSITY           ,FC,00000-0000,Public       ,1,1,2,2,5,7
03100000,UNIVERSITY OF ADELAIDE (THE)            ,FC,00000-0000,Public       ,0,2,2,4,26,30
03100200,INST DE MANAGEMENT HOTELIER INTERNA     ,FC,00000-0000,Private      ,0,1,1,0,1,1
03101600,ASIAN INSTITUTE OF MANAGEMENT           ,FC,00000-0000,Private      ,1,3,4,4,5,9
03102500,AMERICAN UNIVERSITY OF ROME             ,FC,00000-0000,Private      ,13,10,23,88,54,142
03102800,ROBERT GORDON UNIVERSITY (THE)          ,FC,00000-0000,Public       ,0,5,5,0,19,19
03104800,GRIFFITH UNIVERSITY                     ,FC,00000-0000,Public       ,3,9,12,12,40,52
03104801,GRIFFITH UNIVERSITY - MOUNT GRAVATT CAMP,FC,00000-0000,Public       ,2,2,4,3,7,10
03104802,GRIFFITH UNIVERSITY - GOLD COAST CAMPUS ,FC,00000-0000,Public       ,0,1,1,3,10,13
03104803,GRIFFITH UNIVERSITY - QUEENSLAND CONSERV,FC,00000-0000,Public       ,1,3,4,1,8,9
03104804,GRIFFITH UNIVERSITY - QUEENSLAND COLLEGE,FC,00000-0000,Public       ,2,3,5,6,8,14
03104805,GRIFFITH UNIVERSITY - LOGAN CAMPUS      ,FC,00000-0000,Public       ,1,0,1,1,1,2
03136300,AUSTRALIAN CATHOLIC UNIVERSITY          ,FC,00000-0000,Public       ,1,3,4,5,16,21
03140300,EDITH COWAN UNIVERSITY                  ,FC,00000-0000,Public       ,0,5,5,3,17,20
03140400,NORTHERN TERRITORY UNIVERSITY           ,FC,00000-0000,Public       ,0,0,0,0,1,1
03140500,QUEENSLAND UNIVERSITY OF TECHNOLOGY     ,FC,00000-0000,Public       ,2,8,10,3,28,31
03140600,SOUTHERN CROSS UNIVERSITY               ,FC,00000-0000,Public       ,1,3,4,3,15,18
03140700,SWINBURNE UNIVERSITY OF TECHNOLOGY      ,FC,00000-0000,Public       ,0,3,3,4,18,22
03140900,UNIVERSITY OF BALLARAT                  ,FC,00000-0000,Public       ,0,0,0,0,1,1
03150300,UNIVERSITY OF TASMANIA                  ,FC,00000-0000,Public       ,1,0,1,6,10,16
03150400,"UNIVERSITY OF TECHNOLOGY, SYDNEY        ",FC,00000-0000,Public       ,0,7,7,6,33,39
03274300,"KUNGLIGA TEKNISKA HOGSKOLAN, KTH        ",FC,00000-0000,Public       ,1,1,2,3,23,26
03287300,LIVERPOOL INSTITUTE FOR PERFORMING ARTS ,FC,00000-0000,Public       ,5,1,6,22,4,26
03300300,"2ND SCHOOL OF MEDICINE, CHARLES UNI     ",FC,00000-0000,Public       ,0,0,0,0,2,2
03300400,"FIRST FACULTY OF MEDICINE, CHARLES UNIV.",FC,00000-0000,Public       ,0,12,12,1,24,25
03329300,JOHN CABOT UNIVERSITY                   ,FC,00000-0000,Private      ,10,1,11,148,24,172
03332400,AGRICULTURE UNIVERSITY OF WROCLAW       ,FC,00000-0000,Public       ,0,0,0,1,1,2
03333300,MEDICAL UNIVERSITY SCHOOL OF LUBLIN     ,FC,00000-0000,Public       ,4,85,89,9,206,215
03334300,UNIVERSIDAD NORDESTANA                  ,FC,00000-0000,Private      ,4,18,22,6,56,62
03335300,MEDICAL UNIVERSITY OF SILESIA           ,FC,00000-0000,Public       ,3,37,40,7,90,97
03349400,"QUEEN MARGARET UNIVERSITY COLLEGE, EDINB",FC,00000-0000,Public       ,1,4,5,3,19,22
03350300,BOURNEMOUTH UNIVERSITY                  ,FC,00000-0000,Public       ,1,3,4,8,24,32
03352300,LONDON SOUTH BANK UNIVERSITY            ,FC,00000-0000,Private      ,1,7,8,12,37,49
03364300,"FACULTY OF MEDICINE, PALACKY UNIVER     ",FC,00000-0000,Public       ,0,1,1,1,6,7
03365400,AUCKLAND INSTITUTE OF TECHNOLOGY        ,FC,00000-0000,Public       ,3,2,5,5,16,21
03377300,"UNIVERSITY OF WALES INSTITUTE, CARD     ",FC,00000-0000,Public       ,0,4,4,2,11,13
03378300,"THE 3RD FACULTY OF MEDICINE, CHARLE     ",FC,00000-0000,Public       ,0,3,3,0,3,3
03386300,CHARLES UNIVERSITY-MEDICAL FACULTY      ,FC,00000-0000,Public       ,0,3,3,1,8,9
03406300,"THE SCHOOL OF PHARMACY, UNIVERSITY      ",FC,00000-0000,Public       ,0,0,0,0,5,5
03418400,NAPIER UNIVERSITY                       ,FC,00000-0000,Public       ,1,3,4,4,25,29
03435300,ANGLIA POLYTECHNIC UNIVERSITY HIGHE     ,FC,00000-0000,Public       ,2,0,2,5,11,16
03460300,INTERNATIONALES THEOLOGISCHES INSTI     ,FC,00000-0000,Private      ,0,4,4,1,14,15
03462400,UNIV OF ARTS LONDON - LON COLL OF COMMUN,FC,00000-0000,Public       ,2,9,11,20,42,62
03466300,INSTITUTO CENTROAMERICANO DE ADMINI     ,FC,00000-0000,Private      ,0,2,2,0,8,8
03473300,UNIV OF ARTS LONDON - LON COLL FASHION  ,FC,00000-0000,Public       ,11,18,29,44,70,114
03475300,UNIV OF THE ARTS  LONDON - CHELSEA COLL ,FC,00000-0000,Public       ,3,2,5,11,22,33
03478300,ROYAL WELSH COLLEGE OF MUSIC AND DRAMA  ,FC,00000-0000,Public       ,0,0,0,6,7,13
03492300,UNIVERSITY OF OXFORD - GREEN TEMPLETON C,FC,00000-0000,Public       ,0,3,3,0,4,4
03492400,UNIV OF CAMBRIDGE-ST CATHERINE'S CG     ,FC,00000-0000,Public       ,0,1,1,0,4,4
03494400,UNIV OF CAMBRIDGE-SELWYN COLLEGE        ,FC,00000-0000,Public       ,0,1,1,0,6,6
03494500,UNIV OF OXFORD-SAINT BENET'S HALL       ,FC,00000-0000,Public       ,0,0,0,0,1,1
03494600,UNIV OF OXFORD-HARRIS MANCHESTER        ,FC,00000-0000,Public       ,1,1,2,2,6,8
03500300,WIMBLEDON COLLEGE OF ART                ,FC,00000-0000,Public       ,3,2,5,9,6,15
03501400,LEEDS METROPOLITAN UNIVERSITY           ,FC,00000-0000,Public       ,0,4,4,5,21,26
03507300,UNIVERSITY OF SUNDERLAND                ,FC,00000-0000,Public       ,0,1,1,3,7,10
03515300,UNIVERSITY OF CENTRAL LANCASHIRE        ,FC,00000-0000,Public       ,1,4,5,7,19,26
03517300,UNIVERSITY OF BRIGHTON                  ,FC,00000-0000,Public       ,1,4,5,9,22,31
03518300,EUROPEAN GRADUATE SCHOOL                ,FC,00000-0000,Private      ,0,16,16,0,69,69
03526300,INST CENTROAMERICANO DE ADM DE EMP      ,FC,00000-0000,Private      ,0,0,0,3,3,6
03527300,SOFIA UNIVERSITY ST. KLIMENT OHRIDSKI   ,FC,00000-0000,Public       ,0,2,2,0,3,3
03533300,BATH SPA UNIVERSITY                     ,FC,00000-0000,Public       ,3,2,5,7,22,29
03547300,UNIVERSITY OF GLAMORGAN                 ,FC,00000-0000,Public       ,2,4,6,4,9,13
03580300,LIVERPOOL JOHN MOORES UNIVERSITY        ,FC,00000-0000,Public       ,0,3,3,7,12,19
03589400,ARTS INSTITUTE AT BOURNEMOUTH (THE)     ,FC,00000-0000,Public       ,0,1,1,6,7,13
03590300,AVONDALE COLLEGE LIMITED                ,FC,00000-0000,Private      ,0,2,2,8,4,12
03594300,GROUP ESC GRENOBLE GRAD SCH OF BUS.     ,FC,00000-0000,Private      ,1,7,8,1,43,44
03597300,JAGIELLONIAN UNIVERSITY                 ,FC,00000-0000,Public       ,0,10,10,0,32,32
03601300,UNIVERSITAT JAUME I DE CASTELLO/UJI     ,FC,00000-0000,Public       ,0,0,0,1,5,6
03603300,LEEDS COLLEGE OF MUSIC                  ,FC,00000-0000,Public       ,0,1,1,2,1,3
03619300,UNIVERSITY OF GREENWICH                 ,FC,00000-0000,Public       ,1,8,9,6,42,48
03653400,UNIVERSIDAD DE IBEROAMERICA - UNIBE     ,FC,00000-0000,Private      ,0,6,6,2,21,23
03674300,UNIVERSITY OF ABERTAY DUNDEE            ,FC,00000-0000,Public       ,0,2,2,1,6,7
03684400,UNIVERSITY OF LINCOLN                   ,FC,00000-0000,Public       ,0,1,1,2,12,14
03684500,MEDICAL UNIVERSITY OF GDANSK            ,FC,00000-0000,Public       ,1,6,7,3,21,24
03685300,UNIVERSITAT POMPEU FABRA                ,FC,00000-0000,Public       ,0,12,12,4,51,55
03716300,"UNIVERSITY OF WALES, NEWPORT            ",FC,00000-0000,Public       ,0,1,1,2,9,11
03721300,WRITTLE COLLEGE                         ,FC,00000-0000,Public       ,0,1,1,2,1,3
03727400,UNIVERSITY OF WAIKATO (THE)             ,FC,00000-0000,Public       ,0,1,1,9,6,15
03738300,LONDON SCHOOL OF THEOLOGY               ,FC,00000-0000,Private      ,0,1,1,0,4,4
03741300,ALRA (ACADEMY OF LIVE AND RECORDED ARTS),FC,00000-0000,Private      ,1,1,2,1,6,7
03770300,NAZARENE THEOLOGICAL COLLEGE            ,FC,00000-0000,Private      ,0,2,2,0,10,10
03794400,ANGLO EUROPEAN COLLEGE OF CHIROPRACTIC  ,FC,00000-0000,Private      ,0,1,1,0,3,3
03807300,ROSE BRUFORD COLLEGE                    ,FC,00000-0000,Public       ,0,0,0,1,0,1
03816400,AMERICAN GRAD SCH OF INTERNTL REL & DIPL,FC,00000-0000,Private      ,1,20,21,5,77,82
03818300,LEIPZIG GRADUATE SCHOOL OF MANAGEMENT   ,FC,00000-0000,Private      ,0,4,4,0,18,18
03824300,"ROYAL VETERINARY COLLEGE (THE), UNIVERSI",FC,00000-0000,Public       ,0,11,11,4,117,121
03850400,UNIVERSITY OF NOTRE DAME AUSTRALIA (THE),FC,00000-0000,Private      ,0,1,1,1,1,2
03850500,MEDICAL UNIVERSITY OF LODZ              ,FC,00000-0000,Public       ,2,26,28,4,65,69
03859400,UNIVERSITY COLLEGE FALMOUTH             ,FC,00000-0000,Public       ,1,2,3,5,6,11
03867300,UNIVERSITAT AUTONOMA DE BARCELONA       ,FC,00000-0000,Public       ,0,6,6,1,24,25
03880300,UNIVERSITY OF GLOUCESTERSHIRE (THE)     ,FC,00000-0000,Public       ,0,6,6,2,10,12
03897400,INTERNATIONAL SPACE UNIVERSITY          ,FC,00000-0000,Private      ,1,1,2,1,9,10
03926400,NATIONAL COLLEGE OF ART AND DESIGN      ,FC,00000-0000,Public       ,0,1,1,3,5,8
03941301,AVE MARIA UNIVERSITY - LATIN AMERICA    ,FC,00000-0000,Private      ,43,8,51,174,30,204
03978300,SPURGEON'S COLLEGE                      ,FC,00000-0000,Private      ,0,0,0,1,0,1
03993400,TRINITY COLLEGE CARMARTHEN              ,FC,00000-0000,Public       ,0,0,0,0,2,2
04021400,"AMERICAN COLLEGE, DUBLIN LIMITED (THE)  ",FC,00000-0000,Private      ,1,1,2,8,11,19
04021500,CENTRAL EUROPEAN UNIVERSITY             ,FC,00000-0000,Private      ,0,11,11,5,77,82
04032300,YORK ST JOHN UNIVERSITY                 ,FC,00000-0000,Public       ,1,0,1,2,2,4
04046300,HK UNIVERSITY OF SCI & TECH (HKUST)     ,FC,00000-0000,Public       ,0,0,0,1,20,21
04070300,"RAPHAEL RECANATI INTERNATIONAL SCHOOL, T",FC,00000-0000,Private      ,20,25,45,56,62,118
04085400,NEW ZEALAND COLLEGE OF CHIROPRACTIC     ,FC,00000-0000,Private      ,0,1,1,0,2,2
04113300,LEBANESE AMERICAN UNIVERSITY            ,FC,00000-0000,Private      ,4,2,6,15,10,25
04115900,LIVERPOOL HOPE UNIVERSITY               ,FC,00000-0000,Public       ,1,3,4,4,14,18
04116300,EDHEC BUSINESS SCHOOL                   ,FC,00000-0000,Private      ,1,3,4,1,17,18
04121400,ISAPZURICH (INTERNATIONAL SCHOOL OF ANAL,FC,00000-0000,Private      ,0,1,1,1,5,6
04128600,UNIVERSITY OF WORCESTER                 ,FC,00000-0000,Public       ,0,0,0,2,2,4
04139100,UNIVERSITA DEGLI STUDI DI SCIENZE GASTRO,FC,00000-0000,Private      ,0,9,9,2,25,27
04143700,ST MARY'S UNIVERSITY COLLEGE TWICKENHAM ,FC,00000-0000,Public       ,1,31,32,2,83,85
00380600,ALDERSON-BROADDUS COLLEGE               ,WV,26416-1051,Private      ,17,19,36,819,260,1079
00380700,MOUNTAIN STATE UNIVERSITY               ,WV,25801-5624,Private      ,201,1837,2038,1315,6557,7872
00380800,BETHANY COLLEGE                         ,WV,26032-0417,Private      ,83,32,115,1335,153,1488
00380900,BLUEFIELD STATE COLLEGE                 ,WV,24701-2198,Public       ,147,342,489,1194,1592,2786
00381000,CONCORD UNIVERSITY                      ,WV,24712-0000,Public       ,142,211,353,2956,1157,4113
00381100,DAVIS & ELKINS COLLEGE                  ,WV,26241-3996,Private      ,66,59,125,886,329,1215
00381200,FAIRMONT STATE UNIVERSITY               ,WV,26554-2470,Public       ,365,741,1106,4917,3686,8603
00381300,GLENVILLE STATE COLLEGE                 ,WV,26351-1292,Public       ,92,120,212,1335,581,1916
00381500,MARSHALL UNIVERSITY                     ,WV,25755-3300,Public       ,559,1275,1834,9251,6741,15992
00381600,SOUTHERN WV COMMUNITY COLLEGE           ,WV,25637-2900,Public       ,186,395,581,1075,1186,2261
00381800,UNIVERSITY OF CHARLESTON                ,WV,25304-1099,Private      ,70,100,170,1543,855,2398
00381900,OHIO VALLEY COLLEGE                     ,WV,26105-8000,Private      ,56,68,124,475,194,669
00382000,SALEM INTERNATIONAL UNIVERSITY          ,WV,26426-0500,Proprietary  ,80,320,400,314,892,1206
00382200,SHEPHERD UNIVERSITY                     ,WV,25443-3210,Public       ,212,235,447,3740,1437,5177
00382300,WEST LIBERTY STATE COLLEGE              ,WV,26074-0295,Public       ,183,191,374,2839,825,3664
00382600,WEST VIRGINIA STATE UNIVERSITY          ,WV,25112-0000,Public       ,221,458,679,2580,2533,5113
00382700,WEST VIRGINIA UNIVERSITY                ,WV,26506-6201,Public       ,832,1090,1922,24301,9228,33529
00382711,WEST VIRGINIA UNIVERSITY - POTOMAC STATE,WV,26726-3000,Public       ,120,102,222,1671,500,2171
00382721,WEST VIRGINIA UNIV INST OF TECH         ,WV,25136-2436,Public       ,73,66,139,1044,390,1434
00382800,WEST VIRGINIA UNIV AT PARKERSBURG       ,WV,26101-9577,Public       ,247,812,1059,1609,3153,4762
00383000,WEST VIRGINIA WESLEYAN COLLEGE          ,WV,26201-2600,Private      ,58,29,87,1874,255,2129
00383100,WHEELING JESUIT UNIVERSITY              ,WV,26003-6243,Private      ,87,157,244,1227,643,1870
00500700,WEST VIRGINIA JUNIOR COLLEGE            ,WV,26505-5596,Proprietary  ,30,51,81,141,242,383
00500800,MOUNTAIN STATE COLLEGE                  ,WV,26101-3993,Proprietary  ,14,85,99,87,308,395
00754400,APPALACHIAN BIBLE COLLEGE               ,WV,25818-1353,Private      ,11,11,22,257,69,326
00757800,HUNTINGTON SCHOOL OF BEAUTY CULTURE     ,WV,25705-2030,Proprietary  ,14,61,75,45,124,169
00760000,INTERNATIONAL BEAUTY SCHOOL             ,WV,25401-3231,Proprietary  ,16,56,72,31,106,137
00835500,JAMES RUMSEY TECHNICAL INSTITUTE        ,WV,25403-0259,Public       ,14,64,78,80,270,350
00895900,CLARKSBURG BEAUTY ACADEMY               ,WV,26301-2903,Proprietary  ,26,28,54,42,48,90
00904700,HUNTINGTON JUNIOR COLLEGE               ,WV,25701-2004,Proprietary  ,51,309,360,221,1322,1543
00905400,WEST VIRGINIA NORTHERN CMTY COLLEGE     ,WV,26003-0000,Public       ,264,791,1055,1155,2513,3668
01014000,MINERAL COUNTY VOCATIONAL TECH CTR      ,WV,26726-0000,Public       ,2,14,16,10,46,56
01035600,EVEREST INSTITUTE                       ,WV,25313-1304,Proprietary  ,33,205,238,177,1016,1193
01057300,WEST VIRGINIA JUNIOR COLLEGE            ,WV,25322-0000,Proprietary  ,24,95,119,158,364,522
01057302,WEST VIRGINIA JUNIOR COLLEGE            ,WV,26330-0000,Proprietary  ,20,82,102,172,337,509
01086100,WEST VIRGINIA BUSINESS COLLEGE          ,WV,26301-0000,Proprietary  ,6,51,57,32,200,232
01124500,WEST VIRGINIA SCH OSTEOPATHIC MED       ,WV,24901-1128,Public       ,0,17,17,6,859,865
01174900,WOOD COUNTY SCH OF PRAC NURSING         ,WV,26101-6424,Public       ,1,13,14,31,95,126
01235900,B M SPURR SCHOOL OF PRAC NURSING        ,WV,26038-1660,Private      ,0,3,3,14,27,41
01257300,WEST VIRGINIA UNIV-HOSP-RAD TECH        ,WV,26506-8062,Private      ,0,8,8,72,77,149
01274300,BENJAMIN FRANKLIN CAREER&TECH           ,WV,25064-0000,Public       ,14,43,57,61,166,227
01290400,MONONGALIA CNTY TECH ED CTR             ,WV,26501-6841,Public       ,10,35,45,62,155,217
01290500,ACADEMY OF CAREERS AND TECHNOLOGY       ,WV,25801-0000,Public       ,29,121,150,78,307,385
02057400,ROANE-JACKSON TECHNICAL CENTER          ,WV,25252-0000,Public       ,2,22,24,24,81,105
02068000,UNITED TECHNICAL CENTER                 ,WV,26301-0000,Public       ,5,22,27,36,108,144
02070100,BECKLEY BEAUTY ACADEMY                  ,WV,25801-0000,Proprietary  ,5,27,32,27,77,104
02073400,CARVER CAREER TECH ED CTR               ,WV,25306-6397,Public       ,36,81,117,173,290,463
02145100,SCOTT COLLEGE OF COSMETOLOGY            ,WV,26003-0000,Proprietary  ,17,20,37,57,45,102
02178200,CHARLESTON SCHOOL OF BEAUTY CULTURE     ,WV,25301-0000,Proprietary  ,16,59,75,39,98,137
02218200,GARNET CAREER CENTER                    ,WV,25301-0000,Public       ,21,90,111,92,334,426
02275300,CABELL COUNTY CAREER TECHNOLOGY CTR     ,WV,25705-0000,Public       ,27,55,82,99,202,301
02524500,RALPH R WILLIS VOCATIONAL CENTER        ,WV,25601-0000,Public       ,2,10,12,22,51,73
02534800,FRED W EBERLE TECHNICAL CENTER          ,WV,26201-0000,Public       ,17,53,70,53,131,184
02535500,MERCER COUNTY TECH EDUC CNTR            ,WV,24740-0000,Public       ,14,58,72,68,176,244
02579900,NORTH CENTRAL OPPORTUNITIES IND CTR     ,WV,26554-2936,Private      ,14,53,67,28,119,147
02609400,VALLEY COLLEGE                          ,WV,25404-5711,Proprietary  ,11,30,41,25,143,168
03052000,MEREDITH MANOR EQUESTRIAN CENTRE        ,WV,26184-9707,Proprietary  ,26,23,49,200,118,318
03076500,FAYETTE INSTITUTE OF TECHNOLOGY         ,WV,25901-2174,Public       ,4,32,36,26,84,110
03084200,VALLEY COLLEGE                          ,WV,24740-3141,Proprietary  ,5,25,30,14,58,72
03084400,VALLEY COLLEGE                          ,WV,25801-2643,Proprietary  ,4,28,32,21,111,132
03098300,PUTNAM CAREER & TECHNICAL CENTER        ,WV,25070-0000,Public       ,4,29,33,26,93,119
03099200,"MOUNTAINEER BEAUTY COLLEGE, INC         ",WV,25177-2917,Proprietary  ,10,17,27,37,50,87
03102100,MORGANTOWN BEAUTY COLLEGE               ,WV,26505-5430,Proprietary  ,13,31,44,52,94,146
03123200,STANLEY TECHNICAL INSTITUTE             ,WV,26505-3751,Private      ,1,14,15,12,56,68
03327500,SOUTH BRANCH VOCATIONAL TECH CENTER     ,WV,26847-1698,Public       ,5,20,25,9,33,42
03734300,JOHN D. ROCKEFELLER IV CAREER CENTER    ,WV,26047-9424,Public       ,2,11,13,6,33,39
03819300,AMERICAN PUBLIC UNIVERSITY SYSTEM       ,WV,25414-1621,Proprietary  ,199,5412,5611,534,15580,16114
03957300,BLUE RIDGE COMMUNITY AND TECHNICAL COLLE,WV,25401-3244,Public       ,134,467,601,692,1628,2320
03960300,NEW RIVER COMMUNITY AND TECHNICAL COLLEG,WV,25801-2636,Public       ,191,633,824,975,2381,3356
04028300,MOUNTAIN STATE SCHOOL OF MASSAGE        ,WV,25304-2025,Proprietary  ,2,18,20,20,52,72
04038500,PIERPONT COMMUNITY & TECHNICAL COLLEGE  ,WV,26554-2451,Public       ,140,317,457,1249,1340,2589
04038600,KANAWHA VALLEY COMMUNITY & TECH COLLEGE ,WV,25112-1000,Public       ,76,277,353,575,1412,1987
04041400,MARSHALL COMMUNITY AND TECHNICAL COLLEGE,WV,25755-3300,Public       ,186,591,777,1016,1852,2868
04047300,BRIDGEMONT COMMUNITY & TECHNICAL COLLEGE,WV,25136-2435,Public       ,61,82,143,404,326,730
04119000,EASTERN WEST VIRGINIA COMMUNITY & TECHNI,WV,26836-0000,Public       ,40,151,191,121,379,500
00106100,ALASKA PACIFIC UNIVERSITY               ,AK,99508-4672,Private      ,53,178,231,412,710,1122
00106300,UNIVERSITY OF ALASKA FAIRBANKS          ,AK,99775-7500,Public       ,449,981,1430,2618,3333,5951
00106500,UNIVERSITY OF ALASKA SOUTHEAST          ,AK,99801-8680,Public       ,127,341,468,702,1286,1988
00884300,ALASKA BIBLE COLLEGE                    ,AK,99588-0000,Private      ,3,7,10,16,25,41
01146200,UNIVERSITY OF ALASKA ANCHORAGE          ,AK,99514-1608,Public       ,954,1826,2780,5371,8013,13384
02541000,CAREER ACADEMY                          ,AK,99507-0000,Proprietary  ,50,205,255,114,587,701
02576900,CHARTER COLLEGE                         ,AK,99508-0000,Proprietary  ,242,1022,1264,510,2596,3106
03160300,AVTEC                                   ,AK,99664-0889,Public       ,28,80,108,166,355,521
03461300,ILISAGVIK COLLEGE                       ,AK,99723-0749,Public       ,14,48,62,19,67,86
04138600,ALASKA CHRISTIAN COLLEGE                ,AK,99669-9755,Private      ,12,16,28,30,34,64
00108500,UNIV ARKANSAS MONTICELLO                ,AR,71656-0000,Public       ,418,745,1163,2211,2206,4417
00108600,UNIV OF ARKANSAS AT PINE BLUFF          ,AR,71601-2790,Public       ,545,538,1083,4150,2024,6174
00108700,ARKANSAS BAPTIST COLLEGE                ,AR,72202-6099,Private      ,287,305,592,998,1107,2105
00108800,LYON COLLEGE                            ,AR,72501-3699,Private      ,75,27,102,864,166,1030
00108900,ARKANSAS TECH UNIVERSITY                ,AR,72801-2222,Public       ,761,884,1645,6390,4163,10553
00109000,ARKANSAS STATE UNIVERSITY               ,AR,72467-0000,Public       ,1305,3017,4322,8503,10233,18736
00109002,ARKANSAS STATE UNIVERSITY - NEWPORT     ,AR,72112-1120,Public       ,0,0,0,26,84,110
00109003,ARKANSAS STATE UNIVERSITY - MOUNTAIN HOM,AR,72653-4405,Public       ,0,0,0,61,104,165
00109006,DELTA TECHNICAL INSTITUTE               ,AR,72365-9558,Public       ,14,56,70,65,142,207
00109100,ARKANSAS STATE UNIVERSITY - BEEBE       ,AR,72012-1000,Public       ,319,758,1077,2030,3008,5038
00109200,UNIVERSITY OF CENTRAL ARKANSAS          ,AR,72035-0001,Public       ,1030,1126,2156,8849,4602,13451
00109300,CENTRAL BAPTIST COLLEGE                 ,AR,72034-6470,Private      ,90,119,209,518,427,945
00109400,UNIVERSITY OF THE OZARKS                ,AR,72830-2880,Private      ,78,32,110,767,173,940
00109500,CROWLEYS RIDGE COLLEGE                  ,AR,72450-9775,Private      ,38,45,83,199,118,317
00109700,HARDING UNIVERSITY                      ,AR,72149-0001,Private      ,370,439,809,3645,1713,5358
00109800,HENDERSON STATE UNIVERSITY              ,AR,71999-0001,Public       ,361,422,783,3539,1769,5308
00109900,HENDRIX COLLEGE                         ,AR,72032-3080,Private      ,68,36,104,2154,226,2380
00110000,JOHN BROWN UNIVERSITY                   ,AR,72761-2747,Private      ,63,270,333,1352,1105,2457
00110100,UNIV ARKANSAS LITTLE ROCK               ,AR,72204-1099,Public       ,660,2104,2764,5071,10173,15244
00110200,OUACHITA BAPTIST UNIVERSITY             ,AR,71998-0001,Private      ,131,36,167,1799,174,1973
00110300,PHILANDER SMITH COLLEGE                 ,AR,72202-3718,Private      ,120,215,335,1007,832,1839
00110400,PHILLIPS COUNTY COMMUNITY COLLEGE       ,AR,72342-0000,Public       ,197,468,665,522,1014,1536
00110401,RICE BELT TECH INST                     ,AR,72042-0000,Public       ,0,6,6,5,14,19
00110600,WILLIAMS BAPTIST COLLEGE                ,AR,72476-4661,Private      ,42,48,90,583,226,809
00110700,SOUTHERN ARKANSAS UNIVERSITY            ,AR,71754-0000,Public       ,350,446,796,2577,1773,4350
00110800,UNIV ARKANSAS FAYETTEVILLE              ,AR,72701-0000,Public       ,1364,1355,2719,13838,6417,20255
00110900,UNIV OF ARKANSAS FOR MEDCL SCIENCES     ,AR,72205-7102,Public       ,44,289,333,617,2099,2716
00110901,UNIV OF ARKANSAS COLG OF MEDICINE       ,AR,72205-0000,Public       ,9,59,68,102,842,944
00111000,UNIVERSITY OF ARKANSAS-FORT SMITH       ,AR,72904-7397,Public       ,628,1138,1766,4147,4553,8700
00524500,U OF A COMM COLLEGE AT MORRILTON        ,AR,72110-9601,Public       ,217,420,637,1277,1871,3148
00570700,SEARK COLLEGE                           ,AR,71603-0000,Public       ,204,657,861,778,2085,2863
00573200,UNIV AR COMMUNITY COLLEGE AT HOPE       ,AR,71801-0000,Public       ,159,453,612,532,1218,1750
00704400,CROWLEYS RIDGE TECHNICAL INSTITUTE      ,AR,72336-0000,Public       ,58,121,179,120,300,420
00773800,SOUTHERN ARKANSAS UNIVERSITY TECH       ,AR,71701-1900,Public       ,108,272,380,506,901,1407
00792100,FAYETTEVILLE BEAUTY COLLEGE             ,AR,72701-0000,Proprietary  ,19,49,68,67,108,175
00997600,OUACHITA TECHNICAL COLLEGE              ,AR,72104-0816,Public       ,73,275,348,380,1038,1418
01074100,MELLIE'S BEAUTY COLLEGE                 ,AR,72901-3886,Proprietary  ,8,48,56,42,139,181
01210500,NATIONAL PARK COMMUNITY COLLEGE         ,AR,71913-9174,Public       ,366,928,1294,1209,2773,3982
01226000,EAST ARKANSAS COMMUNITY COLLEGE         ,AR,72335-2204,Public       ,203,379,582,544,933,1477
01226100,NORTH ARKANSAS COLLEGE                  ,AR,72601-5508,Public       ,169,453,622,1009,1821,2830
01286000,ARKANSAS NORTHEASTERN COLLEGE           ,AR,72316-1109,Public       ,233,604,837,808,1609,2417
02052200,BLACK RIVER TECHNICAL COLLEGE           ,AR,72455-0000,Public       ,245,793,1038,765,2078,2843
02073500,UNIVERSITY OF ARKANSAS COMMUNITY COLLEGE,AR,72503-0000,Public       ,136,452,588,646,1389,2035
02073700,NORTHWEST TECHNICAL INSTITUTE           ,AR,72765-0000,Public       ,48,172,220,204,558,762
02074600,SOUTH ARKANSAS COMMUNITY COLLEGE        ,AR,71731-0000,Public       ,138,488,626,561,1611,2172
02075300,PULASKI TECHNICAL COLLEGE               ,AR,72118-0000,Public       ,846,2921,3767,3607,12359,15966
02087000,OZARKA COLLEGE                          ,AR,72556-0000,Public       ,103,402,505,346,1224,1570
02111100,RICH MOUNTAIN COMMUNITY COLLEGE         ,AR,71953-0000,Public       ,67,230,297,349,645,994
02202400,PROFESSIONAL COSMETOLOGY EDUC CTR       ,AR,71730-5828,Proprietary  ,2,34,36,10,89,99
02220900,COSSATOT COMMUNITY COLLEGE              ,AR,71832-0000,Public       ,86,239,325,443,1003,1446
02260400,BEE JAY'S HAIRSTYLING ACADEMY           ,AR,72212-0000,Proprietary  ,3,25,28,11,54,65
02260401,BEE JAY'S HAIRSTYLING ACADEMY - BATESVIL,AR,72501-6709,Proprietary  ,4,17,21,11,40,51
02272400,EASTERN COLLEGE OF HEALTH VOCATIONS     ,AR,72209-0000,Proprietary  ,63,241,304,139,615,754
02284200,NEW TYLER BARBER COLLEGE INC            ,AR,72114-0000,Proprietary  ,22,65,87,55,167,222
02287400,MARSHA KAY BEAUTY COLLEGE               ,AR,72653-0000,Proprietary  ,5,9,14,7,21,28
02321701,ITT TECHNICAL INSTITUTE                 ,AR,72204-9925,Proprietary  ,103,329,432,327,914,1241
02330800,JEFFERSON SCHOOL OF NURSING             ,AR,71603-0000,Private      ,12,34,46,69,154,223
02339800,SOUTHERN INSTITUTE OF COSMETOLOGY       ,AR,72301-0000,Proprietary  ,26,59,85,37,71,108
02341700,CAREER ACADEMY OF HAIR DESIGN           ,AR,72764-4304,Proprietary  ,7,43,50,41,120,161
02341701,CAREER ACADEMY OF HAIR DESIGN - ROGERS  ,AR,72756-2102,Proprietary  ,11,49,60,35,116,151
02341702,CAREER ACADEMY OF HAIR DESIGN - SILOAM  ,AR,72761-4217,Proprietary  ,3,14,17,11,47,58
02348200,MID-SOUTH COMMUNITY COLLEGE             ,AR,72301-0000,Public       ,322,775,1097,863,1990,2853
02363500,ARTHUR'S BEAUTY COLLEGE                 ,AR,72901-0000,Proprietary  ,9,41,50,29,99,128
02525800,LEE'S SCHOOL OF COSMETOLOGY             ,AR,72114-0000,Proprietary  ,11,30,41,27,93,120
02538500,ARTHUR'S BEAUTY COLLEGE                 ,AR,72076-0000,Proprietary  ,17,86,103,36,153,189
02569600,SEARCY BEAUTY COLLEGE                   ,AR,72143-0000,Proprietary  ,5,23,28,18,68,86
03005100,ARKANSAS BEAUTY SCHOOL                  ,AR,72209-5116,Proprietary  ,20,38,58,40,132,172
03007100,HOT SPRINGS BEAUTY COLLEGE              ,AR,71901-5432,Proprietary  ,14,25,39,35,73,108
03007600,ARKANSAS BEAUTY SCHOOL-CONWAY           ,AR,72032-4354,Proprietary  ,12,30,42,39,83,122
03023400,ARKANSAS COLLEGE OF BARBERING           ,AR,72114-5615,Proprietary  ,21,74,95,51,156,207
03063300,NORTHWEST ARKANSAS COMMUNITY COLLEG     ,AR,72712-5190,Public       ,543,1174,1717,2886,5046,7932
03065100,ABC BEAUTY COLLEGE                      ,AR,71923-4206,Proprietary  ,12,34,46,27,60,87
03066302,BRYAN COLLEGE -                         ,AR,72756-1825,Proprietary  ,27,93,120,79,350,429
03105200,BAPTIST HEALTH SCHOOLS LITTLE ROCK      ,AR,72210-0000,Private      ,51,191,242,433,1509,1942
03115102,HERITAGE COLLEGE - LITTLE ROCK          ,AR,72227-5544,Proprietary  ,39,265,304,131,698,829
03116800,"DELUXE BEAUTY SCHOOL, L.L.C.            ",AR,71603-0000,Proprietary  ,0,0,0,7,6,13
03124900,IMAGINE -  PAUL MITCHELL PARTNER SCHOOL ,AR,72117-2516,Proprietary  ,65,130,195,168,272,440
03127200,ASKINS VO-TECH                          ,AR,72908-8028,Proprietary  ,2,23,25,11,54,65
03214300,VELVATEX COLLEGE OF BEAUTY CULTURE      ,AR,72202-5452,Proprietary  ,4,16,20,19,36,55
03254300,MARGARET'S HAIR ACADEMY                 ,AR,71655-4905,Proprietary  ,11,32,43,21,56,77
03519400,LYNNDALE FUNDAMENTALS OF BEAUTY SCH     ,AR,71730-4804,Proprietary  ,4,15,19,10,42,52
03855300,ECCLESIA COLLEGE                        ,AR,72762-8159,Private      ,15,30,45,85,79,164
03912300,CROSSETT SCHOOL OF COSMETOLOGY          ,AR,71635-0000,Proprietary  ,2,20,22,3,32,35
03997300,ARKANSAS BEAUTY COLLEGE                 ,AR,72801-3741,Proprietary  ,7,23,30,23,51,74
00133900,CORBAN UNIVERSITY                       ,OR,97301-9392,Private      ,54,104,158,1488,609,2097
00316505,CASCADE COLLEGE                         ,OR,97216-0000,Private      ,0,0,0,37,85,122
00318600,BLUE MOUNTAIN COMMUNITY COLLEGE         ,OR,97801-0000,Public       ,150,371,521,1005,1926,2931
00318800,CENTRAL OREGON COMMUNITY COLLEGE        ,OR,97701-5998,Public       ,471,1224,1695,2624,6075,8699
00318900,CLATSOP COMMUNITY COLLEGE               ,OR,97103-3698,Public       ,76,233,309,389,979,1368
00319100,CONCORDIA UNIVERSITY                    ,OR,97211-6099,Private      ,117,454,571,1567,2271,3838
00319300,EASTERN OREGON UNIVERSITY               ,OR,97850-2899,Public       ,189,452,641,2425,2912,5337
00319400,GEORGE FOX UNIVERSITY                   ,OR,97132-2697,Private      ,115,382,497,3031,2068,5099
00319600,LANE COMMUNITY COLLEGE                  ,OR,97405-0640,Public       ,979,2171,3150,6368,12948,19316
00319700,LEWIS & CLARK COLLEGE                   ,OR,97219-7899,Private      ,57,205,262,4577,3889,8466
00319800,LINFIELD COLLEGE                        ,OR,97128-6894,Private      ,63,171,234,3110,1090,4200
00319801,LINFIELD COLLEGE - PORTLAND CAMPUS      ,OR,97210-0000,Private      ,15,83,98,422,918,1340
00319900,MARYLHURST UNIVERSITY                   ,OR,97036-7036,Private      ,18,487,505,169,1997,2166
00320300,MOUNT ANGEL SEMINARY                    ,OR,97373-0505,Private      ,3,12,15,10,28,38
00320400,MOUNT HOOD COMMUNITY COLLEGE            ,OR,97030-3300,Public       ,789,1602,2391,4427,8061,12488
00320600,MULTNOMAH BIBLE COLLEGE/SEMINARY        ,OR,97220-5898,Private      ,73,160,233,540,744,1284
00320700,PACIFIC NORTHWEST COLLEGE OF ART        ,OR,97209-3023,Private      ,65,92,157,737,675,1412
00320800,NORTHWEST CHRISTIAN UNIVERSITY          ,OR,97401-3727,Private      ,37,103,140,779,639,1418
00320900,WESTERN OREGON UNIVERSITY               ,OR,97361-1394,Public       ,331,378,709,6332,2730,9062
00321000,OREGON STATE UNIVERSITY                 ,OR,97331-8507,Public       ,1042,1413,2455,20387,10485,30872
00321100,OREGON INSTITUTE OF TECHNOLOGY          ,OR,97601-8801,Public       ,151,314,465,2384,2200,4584
00321200,PACIFIC UNIVERSITY                      ,OR,97116-1797,Private      ,77,231,308,3315,3014,6329
00321300,PORTLAND COMMUNITY COLLEGE              ,OR,97219-7198,Public       ,2231,6315,8546,11416,28341,39757
00321312,PORTLAND COMMUNITY COLLEGE - COLUMBIA GO,OR,97058-3447,Public       ,63,200,263,321,774,1095
00321600,PORTLAND STATE UNIVERSITY               ,OR,97207-0000,Public       ,1342,3690,5032,13542,22174,35716
00321700,REED COLLEGE                            ,OR,97202-8199,Private      ,46,87,133,2726,574,3300
00321800,CHEMEKETA COMMUNITY COLLEGE             ,OR,97309-1500,Public       ,822,2277,3099,5473,12343,17816
00321900,SOUTHERN OREGON UNIVERSITY              ,OR,97520-5010,Public       ,340,532,872,4893,3296,8189
00322000,SOUTHWESTERN OREGON COMMUNITY CLG       ,OR,97420-2956,Public       ,140,282,422,1624,1728,3352
00322100,TREASURE VALLEY COMMUNITY COLLEGE       ,OR,97914-3423,Public       ,267,757,1024,1442,2525,3967
00322200,UMPQUA COMMUNITY COLLEGE                ,OR,97470-0226,Public       ,195,681,876,1406,3775,5181
00322300,UNIVERSITY OF OREGON                    ,OR,97403-1226,Public       ,1306,1865,3171,23654,13451,37105
00322400,UNIVERSITY OF PORTLAND                  ,OR,97203-5798,Private      ,169,319,488,8630,2575,11205
00322500,WARNER PACIFIC COLLEGE                  ,OR,97215-4099,Private      ,51,469,520,791,1685,2476
00322700,WILLAMETTE UNIVERSITY                   ,OR,97301-3930,Private      ,50,182,232,4582,1983,6565
00487800,CLACKAMAS COMMUNITY COLLEGE             ,OR,97045-7998,Public       ,562,1145,1707,3317,5337,8654
00488200,OREGON HEALTH & SCIENCE UNIVERSITY      ,OR,97239-0000,Public       ,38,270,308,540,3600,4140
00693800,LINN BENTON COMMUNITY COLLEGE           ,OR,97321-3774,Public       ,585,1106,1691,3709,5605,9314
00717800,WESTERN SEMINARY                        ,OR,97215-0000,Private      ,1,94,95,5,317,322
00723402,HEALD COLLEGE - PORTLAND                ,OR,97205-3432,Proprietary  ,120,493,613,311,1523,1834
00781900,ART INSTITUTE OF PORTLAND (THE)         ,OR,97209-2911,Proprietary  ,188,337,525,1834,2040,3874
00888700,CONCORDE CAREER INSTITUTE               ,OR,97232-2242,Proprietary  ,84,303,387,294,1230,1524
00907900,EVEREST COLLEGE                         ,OR,97204-2296,Proprietary  ,82,400,482,308,1323,1631
00958100,SPRINGFIELD COLLEGE OF BEAUTY           ,OR,97477-5474,Proprietary  ,11,42,53,68,185,253
01012200,PHAGANS' MEDFORD BEAUTY SCHOOL          ,OR,97504-5297,Proprietary  ,16,64,80,53,141,194
01018200,ROGUE COMMUNITY COLLEGE                 ,OR,97527-0000,Public       ,398,1185,1583,2490,6091,8581
01050700,ACADEMY OF HAIR DESIGN                  ,OR,97301-3526,Proprietary  ,18,49,67,49,130,179
01185200,ITT TECHNICAL INSTITUTE                 ,OR,97220-0000,Proprietary  ,184,552,736,617,1732,2349
01230900,UNIVERSITY OF WESTERN STATES            ,OR,97230-3099,Private      ,8,67,75,47,581,628
01234700,PHAGANS CENTRAL OREGON BEAUTY CLG       ,OR,97701-5175,Proprietary  ,34,97,131,94,255,349
01234800,PHAGANS BEAUTY COLLEGE                  ,OR,97333-4716,Proprietary  ,7,33,40,44,101,145
01235000,PHAGANS SCHOOL OF HAIR DESIGN           ,OR,97267-4808,Proprietary  ,14,40,54,35,102,137
01235100,PHAGANS SCHOOL OF BEAUTY                ,OR,97301-4732,Proprietary  ,19,52,71,60,149,209
01300800,PHAGANS TIGARD BEAUTY SCHOOL            ,OR,97223-0000,Proprietary  ,7,12,19,21,69,90
02101000,NORTHWEST COLLEGE OF HAIR DESIGN        ,OR,97086-7702,Proprietary  ,57,101,158,148,394,542
02101002,NORTHWEST COLLEGE                       ,OR,97007-3954,Proprietary  ,4,14,18,23,72,95
02104900,COLLEGE OF LEGAL ARTS                   ,OR,97219-9998,Proprietary  ,20,103,123,52,325,377
02106100,COLLEGE OF COSMETOLOGY                  ,OR,97601-0000,Proprietary  ,5,41,46,35,70,105
02154400,BEAU MONDE CLG OF HAIR DESIGN           ,OR,97205-0000,Proprietary  ,26,83,109,114,285,399
02159700,EUGENE BIBLE COLLEGE                    ,OR,97405-0000,Private      ,22,34,56,135,141,276
02201900,PHAGANS' SCHOOL OF HAIR DESIGN          ,OR,97232-0000,Proprietary  ,29,91,120,117,307,424
02239203,ANTHEM COLLEGE - BEAVERTON              ,OR,97005-0000,Proprietary  ,15,35,50,53,140,193
02330100,PIONEER PACIFIC COLLEGE                 ,OR,97070-0000,Proprietary  ,98,361,459,362,1479,1841
02330102,PIONEER PACIFIC COLLEGE                 ,OR,97403-0000,Proprietary  ,31,213,244,180,1007,1187
02337900,COLLEGE OF HAIR DESIGN CAREERS          ,OR,97301-0000,Proprietary  ,19,32,51,64,100,164
02344100,ROSEBURG BEAUTY COLLEGE                 ,OR,97470-0000,Proprietary  ,4,21,25,28,85,113
02534000,NATIONAL COLLEGE OF NATURAL MEDICINE    ,OR,97201-0000,Private      ,10,81,91,39,791,830
02578800,NORTHWEST NANNIES INSTITUTE             ,OR,97035-0000,Proprietary  ,9,4,13,19,18,37
02603700,OREGON COL OF ORIENTAL MEDICINE         ,OR,97216-0000,Private      ,4,55,59,27,433,460
02617506,EVEREST COLLEGE - EVEREST INSTITUTE     ,OR,97223-6581,Proprietary  ,45,164,209,106,369,475
03007300,OREGON COLLEGE OF ART & CRAFT           ,OR,97225-6399,Private      ,14,42,56,190,344,534
03022600,LE CORDON BLEU COLLEGE OF CULINARY ARTS ,OR,97205-2793,Proprietary  ,286,681,967,1341,2429,3770
03042500,APOLLO COLLEGE                          ,OR,97232-1302,Proprietary  ,120,534,654,393,1637,2030
03074400,PHAGANS NEWPORT ACAD CSMTLGY CAREER     ,OR,97365-4963,Proprietary  ,0,10,10,14,53,67
03074500,EAST-WEST COLLEGE OF THE HEALING ARTS   ,OR,97232-2765,Proprietary  ,30,81,111,105,394,499
03185300,PHAGANS GRANTS PASS COLLEGE OF BTY      ,OR,97527-3039,Proprietary  ,12,43,55,32,83,115
03428300,KLAMATH COMMUNITY COLLEGE               ,OR,97603-7121,Public       ,125,387,512,521,1494,2015
03642300,VALLEY MEDICAL COLLEGE                  ,OR,97305-1373,Proprietary  ,40,174,214,112,503,615
03668300,BIRTHINGWAY COLLEGE OF MIDWIFERY        ,OR,97266-4042,Private      ,3,30,33,25,201,226
03783400,ABDILL CAREER COLLEGE                   ,OR,97504-7137,Proprietary  ,13,88,101,47,278,325
04146500,PORTLAND ACTORS CONSERVATORY            ,OR,97201-2557,Private      ,9,17,26,27,79,106
04167400,SAGE SCHOOL OF MASSAGE & HEALING ARTS   ,OR,97701-4082,Proprietary  ,6,35,41,7,44,51
04171400,AVEDA INSTITUTE PORTLAND                ,OR,97209-3144,Proprietary  ,28,36,64,28,36,64
00137400,ALBERTUS MAGNUS COLLEGE                 ,CT,06511-1189,Private      ,24,224,248,838,1050,1888
00137403,ALBERTUS MAGNUS CLG-NEW DIMENSIONS      ,CT,06511-0000,Private      ,6,201,207,58,666,724
00137800,CENTRAL CONNECTICUT STATE UNIV          ,CT,06050-2490,Public       ,540,681,1221,9778,4493,14271
00137900,CONNECTICUT COLLEGE                     ,CT,06320-4196,Private      ,30,23,53,3265,146,3411
00138000,WESTERN CONNECTICUT STATE UNIV          ,CT,06810-6826,Public       ,286,241,527,6047,1633,7680
00138500,FAIRFIELD UNIVERSITY                    ,CT,06430-0000,Private      ,61,197,258,6382,1097,7479
00138700,HARTFORD SEMINARY                       ,CT,06105-0000,Private      ,0,17,17,9,65,74
00138900,HOLY APOSTLES COLLEGE & SEMINARY        ,CT,06416-2005,Private      ,3,21,24,12,61,73
00139200,MANCHESTER COMMUNITY COLLEGE            ,CT,06045-1046,Public       ,680,807,1487,3446,3278,6724
00139300,MITCHELL COLLEGE                        ,CT,06320-4498,Private      ,72,37,109,1166,245,1411
00139700,UNIVERSITY OF NEW HAVEN                 ,CT,06516-1999,Private      ,194,399,593,7441,1957,9398
00139800,NORTHWESTERN CT COMMUNITY COLLEGE       ,CT,06098-1747,Public       ,114,179,293,611,686,1297
00139900,NORWALK COMMUNITY TECHNICAL COLLEGE     ,CT,06854-1655,Public       ,585,709,1294,2076,2401,4477
00140100,POST UNIVERSITY                         ,CT,06723-3240,Proprietary  ,216,1140,1356,1537,3256,4793
00140200,QUINNIPIAC UNIVERSITY                   ,CT,06518-1908,Private      ,134,265,399,11983,1798,13781
00140201,QUINNIPIAC UNIVERSITY SCHOOL OF LAW     ,CT,06518-0000,Private      ,4,51,55,139,1308,1447
00140300,SACRED HEART UNIVERSITY                 ,CT,06825-1000,Private      ,177,464,641,7731,1814,9545
00140600,SOUTHERN CONNECTICUT STATE UNIV         ,CT,06515-1355,Public       ,433,727,1160,9561,5038,14599
00140900,SAINT JOSEPH COLLEGE                    ,CT,06117-2791,Private      ,36,352,388,1299,1445,2744
00141400,TRINITY COLLEGE                         ,CT,06106-3100,Private      ,81,55,136,2828,260,3088
00141600,UNIVERSITY OF BRIDGEPORT                ,CT,06601-5650,Private      ,149,507,656,3226,2853,6079
00141700,UNIVERSITY OF CONNECTICUT-STORRS        ,CT,06269-2151,Public       ,572,662,1234,26171,5673,31844
00141702,UNIV CONN STAMFORD                      ,CT,06901-0000,Public       ,38,73,111,548,347,895
00141703,UNIV OF CONNECTICUT - TORINGTON         ,CT,06790-0000,Public       ,8,10,18,167,78,245
00141706,UNIV OF CONNECTICUT SCH LAW             ,CT,06105-0000,Public       ,3,34,37,27,1330,1357
00141707,UNIV OF CT - SCH OF SOCIAL WORK         ,CT,06117-0000,Public       ,5,43,48,105,544,649
00141708,UNIVERSITY OF CONNECTICUT - SCHOOL OF ME,CT,06030-1920,Public       ,14,45,59,237,723,960
00141709,UNIVERSITY OF CONNECTICUT - SCHOOL OF DE,CT,06030-1920,Public       ,17,61,78,469,648,1117
00142200,UNIVERSITY OF HARTFORD                  ,CT,06117-1599,Private      ,287,270,557,9438,1968,11406
00142400,WESLEYAN UNIVERSITY                     ,CT,06459-3208,Private      ,79,27,106,5427,195,5622
00142500,EASTERN CONNECTICUT STATE UNIV          ,CT,06226-2295,Public       ,247,217,464,5612,1283,6895
00142600,YALE UNIVERSITY                         ,CT,06520-8288,Private      ,247,266,513,15632,8821,24453
00280301,RENSSELAER POLYTECHNIC INSTITUTE-RENSSEL,CT,06120-2991,Private      ,1,17,18,14,50,64
00451300,HOUSATONIC COMMUNITY COLLEGE            ,CT,06604-4704,Public       ,574,901,1475,2695,3720,6415
00618100,BRIDGEPORT HOSP SCHL OF NURSING         ,CT,06610-2896,Private      ,19,79,98,156,439,595
00619100,ST. VINCENT'S COLLEGE                   ,CT,06606-9966,Private      ,32,139,171,292,663,955
00698200,NAUGATUCK VALLEY COMM-TECH COLG         ,CT,06708-3089,Public       ,624,839,1463,2859,3157,6016
00730000,ELI WHITNEY TECHNICAL HIGH SCHOOL       ,CT,06514-0000,Public       ,2,16,18,10,56,66
00730300,LINCOLN TECHNICAL INSTITUTE             ,CT,06051-0000,Proprietary  ,325,889,1214,833,2061,2894
00730500,PORTER AND CHESTER INSTITUTE OF BRANFORD,CT,06405-4022,Proprietary  ,74,135,209,242,410,652
00731100,WINDHAM TECHNICAL HIGH SCHOOL           ,CT,06226-2100,Public       ,1,7,8,3,20,23
00745900,PAIER COLLEGE OF ART                    ,CT,06514-3902,Proprietary  ,24,13,37,185,66,251
00763500,CAPITAL COMMUNITY COLLEGE               ,CT,06103-1207,Public       ,385,958,1343,1657,3886,5543
00803700,GATEWAY COMMUNITY-TECHNICAL COLLEGE     ,CT,06511-0000,Public       ,721,1225,1946,2736,4242,6978
00803800,MIDDLESEX COMMUNITY CLG                 ,CT,06457-4889,Public       ,265,376,641,1111,1338,2449
00887300,PAUL MITCHELL THE SCHOOL                ,CT,06810-6716,Proprietary  ,34,41,75,65,75,140
00887400,BRIO ACADEMY OF COSMETOLOGY             ,CT,06450-4836,Proprietary  ,69,162,231,128,325,453
00887403,BRIO ACADEMY OF COSMETOLOGY - WILLIMANTI,CT,06226-1940,Proprietary  ,0,1,1,8,23,31
00906500,THE HARTFORD CONSERVATORY               ,CT,06105-2891,Private      ,5,4,9,23,16,39
00927700,E C GOODWIN TECHNICAL HIGH SCHOOL       ,CT,06053-0000,Public       ,5,13,18,25,27,52
00929100,J M WRIGHT TECHNICAL HIGH SCHOOL        ,CT,06904-0000,Public       ,0,2,2,1,8,9
00940700,LINCOLN COLLEGE OF NEW ENGLAND          ,CT,06489-1057,Proprietary  ,136,176,312,851,696,1547
00940701,CLEMENS COLLEGE                         ,CT,06078-0000,Proprietary  ,11,9,20,141,51,192
00976400,TUNXIS COMMUNITY COLLEGE                ,CT,06032-3187,Public       ,333,496,829,1758,1953,3711
00976500,THREE RIVERS COMMUNITY TECH COLLEGE     ,CT,06360-0000,Public       ,372,680,1052,1643,2545,4188
00982200,ALBERT I PRINCE TECHNICAL HIGH SCHOOL   ,CT,06106-3799,Public       ,4,24,28,11,56,67
01041700,BRIO ACADEMY OF EAST HARTFORD           ,CT,06108-2220,Proprietary  ,26,92,118,49,142,191
01053000,QUINEBAUG VALLEY COMMUNITY COLLEGE      ,CT,06239-1440,Public       ,224,356,580,797,1222,2019
01077900,PORTER AND CHESTER INSTITUTE-ALLCAMPUSES,CT,06615-7158,Proprietary  ,570,1207,1777,1165,2764,3929
01115000,ASNUNTUCK COMMUNITY COLLEGE             ,CT,06082-3800,Public       ,152,228,380,493,727,1220
01149600,BULLARD HAVENS VOC TECH SCHOOL          ,CT,06610-3499,Public       ,7,18,25,15,47,62
01169700,VINAL REGIONAL VOC TECH SCHOOL          ,CT,06457-4918,Public       ,1,12,13,3,22,25
01184300,NORWICH TECHNICAL HIGH SCHOOL           ,CT,06360-7097,Public       ,3,12,15,12,30,42
01218500,H C WILCOX TECHNICAL HIGH SCHOOL        ,CT,06450-0000,Public       ,2,2,4,3,4,7
01242500,STONE ACADEMY                           ,CT,06514-4125,Proprietary  ,70,264,334,175,779,954
01242503,STONE ACADEMY -WATERBURY                ,CT,06705-3823,Proprietary  ,4,28,32,25,69,94
01242504,STONE ACADEMY -  EAST HARTFORD          ,CT,06118-0000,Proprietary  ,2,17,19,17,107,124
01287700,GIBBS COLLEGE                           ,CT,06855-1436,Proprietary  ,23,82,105,79,212,291
01291300,LEON INSTITUTE OF HAIR DESIGN           ,CT,06604-4226,Proprietary  ,5,18,23,11,55,66
01326400,HENRY ABBOTT TECHNICAL HIGH SCHOOL      ,CT,06811-4881,Public       ,1,5,6,5,25,30
02058900,HARVARD H ELLIS TECHNICAL HIGH SCHOOL   ,CT,06239-0000,Public       ,0,4,4,3,9,12
02074000,BRANFORD HALL CAREER INSTITUTE          ,CT,06405-0000,Proprietary  ,339,1363,1702,798,3406,4204
02106600,FOX INSTITUTE OF BUSINESS               ,CT,06110-0000,Proprietary  ,32,163,195,88,531,619
02112300,RIDLEY LOWELL BUSINESS & TECH INST      ,CT,06320-0000,Proprietary  ,32,208,240,71,444,515
02112700,NORTH HAVEN ACADEMY                     ,CT,06473-3108,Proprietary  ,34,33,67,162,151,313
02115100,BUTLER BUSINESS SCHOOL                  ,CT,06604-0000,Proprietary  ,24,104,128,72,316,388
02148700,CONNECTICUT INST OF HAIR DESIGN         ,CT,06716-0000,Proprietary  ,5,9,14,24,47,71
02202500,NEW ENGLAND TRACTOR TRAILER SCH         ,CT,06071-2036,Proprietary  ,27,452,479,54,776,830
02213000,ELLA T GRASSO SOUTHEASTERN TECHNICAL HIG,CT,06340-0000,Public       ,0,1,1,3,12,15
02228800,LINCOLN TECHNICAL INSTITUTE - EAST WINDS,CT,06088-9631,Proprietary  ,183,173,356,935,587,1522
02244900,GOODWIN COLLEGE                         ,CT,06118-9980,Private      ,236,1025,1261,965,3719,4684
02245300,HOWELL CHENEY TECHNICAL HIGH SCHOOL     ,CT,06040-0000,Public       ,0,4,4,8,12,20
02265900,WINDHAM COMMUNITY MEM HOSP-RAD TECH     ,CT,06226-0000,Private      ,2,9,11,12,27,39
02296100,YALE-NEW HAVEN HOSP DIETETIC INTERN     ,CT,06510-8900,Private      ,2,4,6,17,24,41
02300000,W F KAYNOR TECHNICAL HIGH SCHOOL        ,CT,06708-0000,Public       ,1,9,10,11,28,39
02316600,CONNECTICUT CTR FOR MASSAGE THERAPY     ,CT,06111-3975,Proprietary  ,22,75,97,57,305,362
02316601,CONNECTICUT CENTER FOR MASSAGE THERAPY -,CT,06880-4619,Proprietary  ,7,33,40,30,149,179
02316603,CONNECTICUT CENTER FOR MASSAGE THERAPY -,CT,06340-4619,Proprietary  ,7,31,38,33,141,174
02562400,EMMETT O BRIEN REG VOC TECH SCHOOL      ,CT,06401-2500,Public       ,1,0,1,1,3,4
02565000,PLATT TECHNICAL HIGH SCHOOL             ,CT,06460-2105,Public       ,3,20,23,9,39,48
03079400,LYME ACADEMY COLLEGE OF FINE ARTS       ,CT,06371-2333,Private      ,9,10,19,77,42,119
03094800,INDUSTRIAL MANAGEMENT & TRAINING        ,CT,06706-1211,Proprietary  ,13,55,68,36,131,167
03231400,OLIVER WOLCOTT TECHNICAL HIGH SCHOOL    ,CT,06790-3859,Public       ,0,2,2,1,7,8
03234300,CHARTER OAK STATE COLLEGE               ,CT,06053-2150,Public       ,18,360,378,88,1300,1388
03316300,LINCOLN TECHNICAL INSTITUTE - HARTFORD  ,CT,06105-3630,Proprietary  ,112,209,321,547,574,1121
03381300,CONNECTICUT TRAINING CENTER             ,CT,06108-2705,Private      ,11,77,88,20,148,168
03927300,ALBERT SCHOOL (THE)                     ,CT,06357-2447,Proprietary  ,49,97,146,85,146,231
04104300,ACADEMY DI CAPELLI - SCHOOL OF COSMETOLO,CT,06492-0000,Proprietary  ,10,12,22,18,28,46
04128800,BRANFORD ACADEMY OF HAIR & COSMETOLOGY  ,CT,06405-0000,Proprietary  ,11,12,23,25,50,75
04145400,OXFORD ACADEMY OF HAIR DESIGN           ,CT,06483-2603,Proprietary  ,10,25,35,24,36,60
04148400,EUROPEAN ACADEMY OF COSMETOLOGY AND HAIR,CT,06437-0000,Proprietary  ,5,5,10,10,13,23
04152400,INTERNATIONAL INSTITUTE OF COSMETOLOGY  ,CT,06109-0000,Proprietary  ,18,19,37,62,63,125
04162900,TONSORIAL ACADEMY OF COSMETOLOGY AND BAR,CT,06516-0000,Proprietary  ,3,16,19,6,26,32
00146600,BARRY UNIVERSITY                        ,FL,33161-6695,Private      ,495,1633,2128,4898,8229,13127
00146601,BARRY UNIVERSITY - ORLANDO              ,FL,32807-3673,Private      ,36,269,305,188,1780,1968
00146700,BETHUNE COOKMAN UNIVERSITY              ,FL,32114-3099,Private      ,592,281,873,7418,1615,9033
00146800,ST THOMAS UNIVERSITY                    ,FL,33054-0000,Private      ,165,547,712,1360,2649,4009
00146900,FLORIDA INSTITUTE OF TECHNOLOGY         ,FL,32901-6988,Private      ,212,1863,2075,3543,7882,11425
00147000,BREVARD COMMUNITY COLLEGE               ,FL,32922-6503,Public       ,1537,2697,4234,5284,8882,14166
00147100,CENTRAL FLORIDA COMMUNITY COLLEGE       ,FL,34478-1388,Public       ,927,1841,2768,4466,7521,11987
00147200,CHIPOLA  COLLEGE                        ,FL,32446-2053,Public       ,240,388,628,939,1225,2164
00147300,CLEARWATER CHRISTIAN COLLEGE            ,FL,33759-0000,Private      ,76,56,132,818,187,1005
00147500,DAYTONA STATE COLLEGE                   ,FL,32114-2800,Public       ,2003,3686,5689,7492,13491,20983
00147700,EDISON COLLEGE                          ,FL,33906-6210,Public       ,1474,2317,3791,7218,10199,17417
00147800,EDWARD WATERS COLLEGE                   ,FL,32209-6199,Private      ,199,199,398,1391,788,2179
00147900,EMBRY-RIDDLE AERONAUTICAL UNIV          ,FL,32114-3900,Private      ,529,1580,2109,7080,5499,12579
00148000,FLORIDA A & M UNIVERSITY                ,FL,32307-3100,Public       ,1459,1275,2734,18165,8374,26539
00148100,FLORIDA ATLANTIC UNIVERSITY             ,FL,33431-6498,Public       ,1842,2706,4548,17388,13899,31287
00148101,FLORIDA ATLANTIC UNIVERSITY/DAVIE       ,FL,33314-0000,Public       ,207,599,806,1543,3114,4657
00148103,FLORIDA ATLANTIC UNIV-JUPITER/PSL       ,FL,33458-0000,Public       ,58,140,198,552,654,1206
00148200,FLORIDA COLLEGE                         ,FL,33617-5578,Private      ,83,33,116,456,104,560
00148400,FLORIDA STATE COLLEGE AT JACKSONVILLE   ,FL,32202-4030,Public       ,3174,6914,10088,11823,24137,35960
00148500,FLORIDA KEYS COMMUNITY COLLEGE          ,FL,33040-4397,Public       ,127,263,390,502,865,1367
00148600,FLORIDA MEMORIAL UNIVERSITY             ,FL,33054-6199,Private      ,439,351,790,2857,1449,4306
00148700,ECKERD COLLEGE                          ,FL,33711-4744,Private      ,119,243,362,2764,1093,3857
00148800,FLORIDA SOUTHERN COLLEGE                ,FL,33801-5698,Private      ,247,229,476,3163,978,4141
00148900,FLORIDA STATE UNIVERSITY                ,FL,32306-2430,Public       ,3350,2688,6038,35632,17494,53126
00149000,GULF COAST COMMUNITY COLLEGE            ,FL,32401-1058,Public       ,508,1230,1738,2112,4507,6619
00149300,INDIAN RIVER STATE COLLEGE              ,FL,34981-5596,Public       ,1716,3163,4879,5639,9521,15160
00149500,JACKSONVILLE UNIVERSITY                 ,FL,32211-3394,Private      ,313,861,1174,4849,3623,8472
00149700,JONES COLLEGE                           ,FL,32211-5588,Private      ,30,328,358,115,1051,1166
00149900,EVEREST UNIVERSITY                      ,FL,32810-5601,Proprietary  ,176,821,997,486,2648,3134
00149901,EVEREST UNIVERSITY - ORLANDO SOUTH      ,FL,32819-7666,Proprietary  ,647,6288,6935,1538,16747,18285
00149902,EVEREST UNIVERSITY - MELBOURNE          ,FL,32905-6609,Proprietary  ,61,414,475,188,1434,1622
00150000,BROWARD COLLEGE- DOWNTOWN CTR           ,FL,33301-2208,Public       ,1957,3046,5003,6465,10363,16828
00150001,BROWARD COLLEGE - DAVIE CAMPUS          ,FL,33314-0000,Public       ,1793,1956,3749,7413,7563,14976
00150002,BROWARD COLLEGE- NORTH CAMPUS           ,FL,33066-0000,Public       ,1138,1672,2810,4619,6262,10881
00150003,BROWARD COLLEGE- SOUTH CAMPUS           ,FL,33024-0000,Public       ,1255,1592,2847,5145,6105,11250
00150100,LAKE CITY COMMUNITY COLLEGE             ,FL,32025-2007,Public       ,282,733,1015,1062,2640,3702
00150200,LAKE SUMTER COMMUNITY COLLEGE           ,FL,34788-8751,Public       ,403,736,1139,2109,2820,4929
00150400,MANATEE COMMUNITY COLLEGE               ,FL,34207-3596,Public       ,1109,1978,3087,4952,8056,13008
00150500,LYNN UNIVERSITY                         ,FL,33431-5598,Private      ,207,218,425,1859,857,2716
00150600,MIAMI DADE COLLEGE ADMINISTRATION ONLY  ,FL,33176-3393,Public       ,477,570,1047,1708,1598,3306
00150601,MIAMI DADE COLLEGE - NORTH CAMPUS       ,FL,33167-3495,Public       ,2501,3783,6284,10374,13089,23463
00150602,MIAMI DADE COLLEGE - KENDALL CAMPUS     ,FL,33176-3393,Public       ,3549,3555,7104,14766,12556,27322
00150603,MIAMI DADE COLLEGE - WOLFSON CAMPUS     ,FL,33132-2297,Public       ,1710,2304,4014,7248,7948,15196
00150604,MIAMI DADE COLLEGE - MEDICAL CAMPUS     ,FL,33127-4693,Public       ,427,1228,1655,2178,4834,7012
00150605,MIAMI DADE COLLEGE - HOMESTEAD CAMPUS   ,FL,33030-6009,Public       ,488,731,1219,1869,2314,4183
00150606,MIAMI DADE COLLEGE -INTERAMERICAN CAMPUS,FL,33135-0000,Public       ,861,1492,2353,3302,5699,9001
00150607,MIAMI DADE COLLEGE - HIALEAH CAMPUS     ,FL,33012-2918,Public       ,528,729,1257,2295,2764,5059
00150800,NORTH FLORIDA COMMUNITY COLLEGE         ,FL,32340-1699,Public       ,143,341,484,519,944,1463
00150900,NOVA SOUTHEASTERN UNIVERSITY            ,FL,33314-7796,Private      ,646,5600,6246,6141,30984,37125
00151000,NORTHWEST FLORIDA STATE COLLEGE         ,FL,32578-1295,Public       ,509,1268,1777,2079,4456,6535
00151200,PALM BEACH COMMUNITY COLLEGE            ,FL,33461-4796,Public       ,3416,4651,8067,12079,14535,26614
00151300,PENSACOLA JR COLLEGE                    ,FL,32504-8998,Public       ,1007,2118,3125,4106,8101,12207
00151400,POLK STATE COLLEGE                      ,FL,33881-4299,Public       ,799,1448,2247,4107,6430,10537
00151500,ROLLINS COLLEGE                         ,FL,32789-4499,Private      ,119,317,436,2466,1326,3792
00151900,SANTA FE COLLEGE                        ,FL,32606-6200,Public       ,1432,1904,3336,8105,8021,16126
00152000,SEMINOLE COMMUNITY COLLEGE              ,FL,32773-6199,Public       ,2421,3940,6361,7608,12311,19919
00152100,SOUTHEASTERN UNIVERSITY                 ,FL,33801-6099,Private      ,267,272,539,2763,1254,4017
00152200,SOUTH FLORIDA COMMUNITY COLLEGE         ,FL,33825-9399,Public       ,289,568,857,1343,1944,3287
00152300,ST JOHNS RIVER COMMUNITY COLLEGE        ,FL,32177-3897,Public       ,621,1126,1747,2106,3801,5907
00152600,SAINT LEO UNIVERSITY                    ,FL,33574-6665,Private      ,379,3102,3481,3293,13028,16321
00152800,ST. PETERSBURG COLLEGE                  ,FL,33760-3768,Public       ,2328,5131,7459,8253,19016,27269
00153100,STETSON UNIVERSITY                      ,FL,32723-3761,Private      ,149,178,327,2755,881,3636
00153101,STETSON UNIVERSITY - COLLEGE OF LAW     ,FL,33707-3299,Private      ,4,222,226,39,1973,2012
00153300,TALLAHASSEE COMMUNITY COLLEGE           ,FL,32304-2895,Public       ,1855,2395,4250,8712,8558,17270
00153400,EVEREST UNIVERSITY                      ,FL,33614-5801,Proprietary  ,209,1130,1339,594,4803,5397
00153408,EVEREST UNIVERSITY - TAMPA BRANDON CAMPU,FL,33619-1354,Proprietary  ,537,6009,6546,1286,18116,19402
00153409,EVEREST UNIVERSITY - ORANGE PARK        ,FL,32073-1111,Proprietary  ,88,414,502,252,1601,1853
00153500,UNIVERSITY OF FLORIDA                   ,FL,32611-3150,Public       ,2205,2684,4889,33417,18914,52331
00153600,UNIVERSITY OF MIAMI                     ,FL,33146-6531,Private      ,729,771,1500,17269,6403,23672
00153601,UNIV OF MIAMI SCHOOL OF LAW             ,FL,33124-0000,Private      ,3,150,153,85,1951,2036
00153602,UNIV OF MIAMI-SCH OF MEDICINE           ,FL,33136-0000,Private      ,71,105,176,634,1306,1940
00153700,UNIVERSITY OF SOUTH FLORIDA             ,FL,33620-6960,Public       ,3139,4566,7705,32815,23847,56662
00153701,UNIV OF SOUTH FLORIDA-ST PETERSBURG     ,FL,33701-0000,Public       ,66,186,252,593,728,1321
00153702,UNIV OF SOUTH FLORIDA-SARASOTA          ,FL,34243-2025,Public       ,40,155,195,287,729,1016
00153705,UNIV OF SOUTH FLORIDA                   ,FL,33803-0000,Public       ,60,131,191,902,719,1621
00153706,UNIV OF SOUTH FLORIDA- MEDICINE         ,FL,33612-0000,Public       ,44,89,133,635,1174,1809
00153800,UNIVERSITY OF TAMPA                     ,FL,33606-1490,Private      ,521,523,1044,8753,2741,11494
00154000,WEBBER INTERNATIONAL UNIVERSITY         ,FL,33827-0096,Private      ,99,55,154,794,263,1057
00173308,NATIONAL-LOUIS UNIVERSITY               ,FL,33609-0000,Private      ,2,28,30,15,89,104
00177201,TRINITY INTERNATIONAL UNIVERSITY - SOUTH,FL,33324-4611,Private      ,5,151,156,32,420,452
00395400,UNIV OF CENTRAL FLORIDA                 ,FL,32816-0001,Public       ,4171,4405,8576,45828,23156,68984
00395500,UNIVERSITY OF WEST FLORIDA              ,FL,32514-5750,Public       ,723,1297,2020,6547,5993,12540
00407215,NORTHWOOD UNIVERSITY                    ,FL,33409-0000,Private      ,71,97,168,573,344,917
00491004,KAPLAN CAREER INSTITUTE - KAPLAN COLLEGE,FL,33026-3978,Proprietary  ,64,867,931,207,3317,3524
00491005,KAPLAN COLLEGE JACKSONVILLE             ,FL,32216-3216,Proprietary  ,4,66,70,4,66,70
00558500,LIVELY TECHNICAL CENTER                 ,FL,32304-0000,Public       ,167,652,819,415,1733,2148
00558501,LIVELY TECHNICAL CENTER - AVIATION SCHOO,FL,32304-8723,Public       ,14,30,44,55,135,190
00558600,LINDSEY HOPKINS TECHNICAL ED CENTER     ,FL,33127-4692,Public       ,79,340,419,228,889,1117
00559400,D G ERWIN TECHNICAL CENTER              ,FL,33610-8255,Public       ,125,632,757,553,2062,2615
00560500,PINELLAS TECH ED CTR-CLEARWATER         ,FL,33760-2194,Public       ,119,511,630,326,1490,1816
00560700,SARASOTA COUNTY TECHNICAL INSTITUTE     ,FL,34233-0000,Public       ,66,261,327,242,837,1079
00560800,TRAVISS TECHNICAL CENTER                ,FL,33803-0000,Public       ,99,339,438,297,1139,1436
00561200,MANATEE TECHNICAL INSTITUTE             ,FL,34210-0000,Public       ,149,447,596,405,1300,1705
00561201,MANATEE TECHNICAL INSTITUTE-EAST        ,FL,34211-0000,Public       ,61,257,318,223,849,1072
00675000,VALENCIA COMMUNITY COLLEGE              ,FL,32802-3028,Public       ,5608,6561,12169,23811,24000,47811
00752500,SUWANNEE-HAMILTON AREA VOC TECH CTR     ,FL,32060-0000,Public       ,28,93,121,76,284,360
00752600,WASHINGTON HOLMES TECHNICAL CENTER      ,FL,32428-1699,Public       ,49,170,219,132,486,618
00755800,LEE COUNTY HIGH TECH CENTER CENTRAL     ,FL,33916-2299,Public       ,114,347,461,367,1157,1524
00758600,REMINGTON COLLEGE - TAMPA CAMPUS        ,FL,33612-8410,Proprietary  ,44,240,284,167,722,889
00758604,REMINGTON COLLEGE-LARGO CAMPUS          ,FL,33771-0000,Proprietary  ,0,0,0,0,1,1
00787000,HILLSBOROUGH COMMUNITY COLLEGE          ,FL,33606-3572,Public       ,2796,4565,7361,13281,19509,32790
00789300,FLAGLER COLLEGE                         ,FL,32085-1027,Private      ,241,121,362,3341,612,3953
00789301,FLAGLER COLLEGE - TALLAHASSEE COMMUNITY ,FL,32304-2895,Private      ,65,148,213,403,719,1122
00807500,ST JOHN VIANNEY COLLEGE SEMINARY        ,FL,33165-3244,Private      ,2,3,5,23,10,33
00814600,EVEREST UNIVERSITY - POMPANO BEACH      ,FL,33062-2522,Proprietary  ,141,868,1009,391,2920,3311
00822300,ST VINCENT DE PAUL REGIONL SEMINARY     ,FL,33436-0000,Private      ,0,2,2,2,7,9
00841700,STENOTYPE INST OF JACKSONVILLE          ,FL,32207-0000,Proprietary  ,12,151,163,32,361,393
00869410,RASMUSSEN COLLEGE - OCALA               ,FL,34471-7051,Proprietary  ,175,1233,1408,669,5355,6024
00869411,RASMUSSEN COLLEGE - PASCO COUNTY        ,FL,34690-4554,Proprietary  ,70,343,413,253,1215,1468
00869413,RASMUSSEN COLLEGE - FORT MYERS          ,FL,33905-7805,Proprietary  ,75,259,334,272,977,1249
00869420,RASMUSSEN COLLEGE - TAMPA               ,FL,33610-9558,Proprietary  ,10,48,58,10,48,58
00884800,WARNER SOUTHERN COLLEGE                 ,FL,33859-8725,Private      ,113,184,297,595,679,1274
00884900,PALM BEACH ATLANTIC UNIVERSITY          ,FL,33401-6505,Private      ,309,591,900,2800,2420,5220
00887800,MIAMI INTERNATIONAL UNIV ART&DESIGN     ,FL,33132-1418,Proprietary  ,666,725,1391,3342,2868,6210
00910400,RIVERSIDE HAIRSTYLING ACADEMY           ,FL,32207-3810,Proprietary  ,13,27,40,34,97,131
00963500,FLORIDA INTERNATIONAL UNIVERSITY        ,FL,33199-0001,Public       ,2858,4857,7715,27360,26746,54106
00984100,UNIVERSITY OF NORTH FLORIDA             ,FL,32224-2645,Public       ,1302,1671,2973,12501,8310,20811
00990200,SHERIDAN TECHNICAL CENTER               ,FL,33021-3399,Public       ,154,615,769,466,1708,2174
01016100,"LORAINE'S ACADEMY, INC                  ",FL,33710-0000,Proprietary  ,19,93,112,37,220,257
01019500,ART INSTITUTE OF FT LAUDERDALE          ,FL,33316-3000,Proprietary  ,440,544,984,2356,2445,4801
01065200,PASCO-HERNANDO COMMUNITY CLG            ,FL,34654-5199,Public       ,1130,2015,3145,4311,7212,11523
01072401,CARLOS ALBIZU UNIVERSITY                ,FL,33172-0000,Private      ,38,325,363,125,1146,1271
01082600,TOM P. HANEY TECHNICAL CENTER           ,FL,32405-5099,Public       ,79,374,453,183,913,1096
01112700,GOODING INST OF NUR ANES BAY MED CT     ,FL,32401-0000,Public       ,2,21,23,10,109,119
01226300,ATLANTIC TECHNICAL CENTER               ,FL,33063-3902,Public       ,142,558,700,423,1484,1907
01254400,FIRST COAST TECHNICAL COLLEGE           ,FL,32084-1921,Public       ,83,269,352,250,927,1177
01257400,RINGLING SCHOOL OF ART AND DESIGN       ,FL,34234-5895,Private      ,128,60,188,1921,391,2312
01303904,SOUTH UNIVERSITY - WEST PALM BEACH CAMPU,FL,33409-5149,Proprietary  ,107,438,545,433,1737,2170
01323400,LORENZO WALKER INST OF TECHNOLOGY       ,FL,34104-4405,Public       ,70,216,286,220,714,934
02052002,FLORIDA EDUCATION CENTER - LAUDERHILL   ,FL,33313-5857,Proprietary  ,0,0,0,10,32,42
02089600,CONCORDE CAREER INSTITUTE               ,FL,32211-0000,Proprietary  ,68,408,476,224,1406,1630
02089709,HERZING COLLEGE                         ,FL,32792-5509,Proprietary  ,11,86,97,57,291,348
02113609,AMERICAN INTERCONTINENTAL UNIV - WESTON ,FL,33326-3233,Proprietary  ,79,246,325,386,966,1352
02115300,PINELLAS TECHNICAL EDUCATION CENTERS - S,FL,33711-0000,Public       ,131,518,649,332,1642,1974
02116006,SANFORD-BROWN INSTITUTE - FT. LAUDERDALE,FL,33309-1906,Proprietary  ,60,272,332,189,915,1104
02121800,EVEREST INSTITUTE                       ,FL,33169-4759,Proprietary  ,137,486,623,376,1406,1782
02121801,EVEREST INSTITUTE  - HIALEAH            ,FL,33012-7193,Proprietary  ,110,205,315,286,569,855
02148200,FASHION FOCUS HAIR ACADEMY              ,FL,34231-0000,Proprietary  ,7,31,38,22,82,104
02148300,MANHATTAN BEAUTY SCHOOL                 ,FL,33611-0000,Proprietary  ,64,289,353,114,439,553
02149900,PAUL MITCHELL THE SCHOOL-JACKSONVILLE   ,FL,32205-0000,Proprietary  ,93,169,262,182,340,522
02151900,KEISER  UNIVERSITY                      ,FL,33309-0000,Proprietary  ,1481,5173,6654,4289,16130,20419
02156300,MARGATE SCHOOL OF BEAUTY                ,FL,33063-0000,Proprietary  ,55,165,220,111,411,522
02156700,FLORIDA CHRISTIAN COLLEGE               ,FL,34744-0000,Private      ,53,76,129,270,250,520
02159600,BAPTIST COLLEGE OF FLORIDA (THE)        ,FL,32440-0000,Private      ,81,115,196,328,313,641
02172700,CONCORDE CAREER INSTITUTE               ,FL,33607-0000,Proprietary  ,50,269,319,150,755,905
02188900,HOBE SOUND BIBLE COLLEGE                ,FL,33475-0000,Private      ,35,31,66,87,89,176
02200100,BRADENTON BEAUTY & BARBER ACADEMY       ,FL,34209-0000,Proprietary  ,25,77,102,54,175,229
02215900,ATI CAREER TRAINING CENTER              ,FL,33309-1785,Proprietary  ,112,323,435,263,972,1235
02218700,FLORIDA TECHNICAL COLLEGE               ,FL,32826-2707,Proprietary  ,113,682,795,421,2135,2556
02218707,FLORIDA TECHNICAL COLLEGE - LAKELAND    ,FL,33813-2101,Proprietary  ,16,111,127,81,501,582
02218709,FLORIDA TECHNICAL COLLEGE - DELAND      ,FL,32720-7415,Proprietary  ,19,132,151,56,277,333
02228300,LAKE TECHNICAL CENTER                   ,FL,32726-0000,Public       ,63,300,363,266,1007,1273
02245500,FORTIS COLLEGE                          ,FL,32789-4679,Proprietary  ,70,325,395,498,739,1237
02257900,INTERNATIONAL ACADEMY                   ,FL,32119-3541,Proprietary  ,32,93,125,59,178,237
02275100,CONCORDE CAREER INSTITUTE               ,FL,33025-0000,Proprietary  ,41,200,241,129,621,750
02278800,SOUTHWEST FLORIDA COLLEGE               ,FL,33907-0000,Proprietary  ,150,643,793,435,1919,2354
02278801,SOUTHWEST FLORIDA COLLEGE - TAMPA       ,FL,33619-1344,Proprietary  ,85,194,279,309,696,1005
02278802,SOUTHWEST FLORIDA COLLEGE - INSTITUTUE O,FL,33928-9469,Proprietary  ,1,7,8,13,22,35
02278803,SOUTHWEST FLORIDA COLLEGE - PORT CHARLOT,FL,33953-3100,Proprietary  ,35,191,226,86,497,583
02279600,CORTIVA INSTITUTE - FLORIDA             ,FL,33781-0000,Proprietary  ,16,77,93,45,231,276
02280800,NEW ENGLAND INST TECH-PALM BEACH        ,FL,33407-0000,Proprietary  ,346,901,1247,868,2918,3786
02283800,BEAUTY SCHOOLS OF AMERICA               ,FL,33012-3322,Proprietary  ,325,1525,1850,464,1976,2440
02286500,ITT TECHNICAL INSTITUTE                 ,FL,33634-7515,Proprietary  ,485,1408,1893,1046,3141,4187
02287100,LA BELLE BEAUTY SCHOOL                  ,FL,33012-3224,Proprietary  ,16,128,144,23,147,170
02293200,ATI CAREER TRAINING CENTER              ,FL,33309-5916,Proprietary  ,511,1555,2066,1064,4233,5297
02293201,ATI CAREER TRAINING CENTER - MIAMI      ,FL,33122-1707,Proprietary  ,9,55,64,52,177,229
02293202,ATI CAREER TAINING CENTER - ATI COLLEGE ,FL,87109-2016,Proprietary  ,10,68,78,50,216,266
02293600,ADVANCED TECHNICAL CENTERS              ,FL,33266-1597,Private      ,4,21,25,20,77,97
02297000,CHARLOTTE TECHNICAL CENTER              ,FL,33948-0000,Public       ,47,194,241,181,594,775
02300900,WITHLACOOCHEE TECHNICAL INSTITUTE       ,FL,34450-0000,Public       ,64,208,272,195,678,873
02305700,FORTIS COLLEGE                          ,FL,33619-1283,Proprietary  ,19,153,172,160,607,767
02305800,FLORIDA CAREER COLLEGE                  ,FL,33012-7028,Proprietary  ,569,1547,2116,1700,5613,7313
02307400,GEORGE STONE AREA VOCATIONAL TECHNICAL  ,FL,32526-0000,Public       ,78,295,373,242,964,1206
02314100,SCHILLER INTERNATIONAL UNIVERSITY       ,FL,33770-0000,Proprietary  ,7,59,66,57,169,226
02316200,MIAMI LAKES TECHNICAL EDUCATION CTR     ,FL,33014-0000,Public       ,138,406,544,340,1010,1350
02321200,ORANGE TECH EDUC CTR- WESTSIDE TECH     ,FL,34787-0000,Public       ,104,290,394,219,696,915
02325100,KEY COLLEGE                             ,FL,33004-3046,Proprietary  ,8,32,40,24,107,131
02326303,MEDVANCE INSTITUTE - WEST PALM          ,FL,33461-2171,Proprietary  ,105,344,449,222,829,1051
02326306,MEDVANCE INSTITUTE - MIAMI              ,FL,33173-3431,Proprietary  ,37,123,160,75,326,401
02326800,MERIDIAN CAREER INSTITUTE               ,FL,34240-8478,Proprietary  ,32,190,222,57,323,380
02326801,MERIDIAN CAREER INSTITUTE -             ,FL,33619-1378,Proprietary  ,12,80,92,28,145,173
02326900,SUNSTATE ACADEMY OF HAIR DESIGN         ,FL,33907-1415,Proprietary  ,68,102,170,118,243,361
02329900,FLORIDA INSTITUTE OF ULTRASOUND         ,FL,32514-0000,Proprietary  ,22,90,112,74,278,352
02338400,FT PIERCE BEAUTY ACADEMY                ,FL,34982-0000,Proprietary  ,27,132,159,68,293,361
02341001,FORTIS COLLEGE - DBA FORTIS INSTITUTE   ,FL,32504-7322,Proprietary  ,12,54,66,56,233,289
02346200,WYOTECH                                 ,FL,32174-1010,Proprietary  ,181,342,523,563,893,1456
02362100,FULL SAIL UNIVERSITY                    ,FL,32792-0000,Proprietary  ,2157,4264,6421,9612,13597,23209
02499000,ACADEMY OF COSMETOLOGY                  ,FL,32953-3311,Proprietary  ,26,68,94,52,138,190
02501500,"O*TEC, MID-FLORIDA TECH                 ",FL,32809-0000,Public       ,146,447,593,390,1160,1550
02504600,WINTER PARK TECH                        ,FL,32789-0000,Public       ,45,210,255,125,588,713
02508900,TALMUDIC COLLEGE OF FLORIDA             ,FL,33139-0000,Private      ,16,6,22,33,10,43
02511700,RIDGE TECHNICAL CENTER                  ,FL,33881-0000,Public       ,84,334,418,241,966,1207
02513200,ORLANDO TECHNICAL CENTER                ,FL,32801-0000,Public       ,113,448,561,390,1428,1818
02515400,CITY COLLEGE                            ,FL,33309-3073,Private      ,115,471,586,446,2016,2462
02517100,SARASOTA SCHOOL OF MASSAGE THERAPY      ,FL,34243-6130,Proprietary  ,7,39,46,30,122,152
02524000,SUNSTATE ACADEMY OF HAIR DESIGN         ,FL,34624-0000,Proprietary  ,48,63,111,81,125,206
02524200,ROBERT MORGAN EDUCATIONAL CENTER        ,FL,33177-0000,Public       ,160,375,535,378,944,1322
02547600,FLORIDA NATIONAL COLLEGE                ,FL,33012-0000,Proprietary  ,313,832,1145,847,2493,3340
02554200,RADFORD LOCKLIN TECH CENTER             ,FL,32570-0000,Public       ,20,71,91,50,200,250
02573200,LA BELLE BEAUTY ACADEMY                 ,FL,33135-0000,Proprietary  ,30,148,178,55,281,336
02586200,FLORIDA CAREER COLLEGE                  ,FL,33759-3924,Proprietary  ,38,191,229,127,658,785
02586201,FLORIDA CAREER COLLEGE -                ,FL,33569-2553,Proprietary  ,0,0,0,17,42,59
02597100,HERITAGE INSTITUTE                      ,FL,33912-7132,Proprietary  ,116,442,558,316,1245,1561
02598200,SOUTHERN CAREER COLLEGE                 ,FL,32211-5123,Proprietary  ,25,138,163,120,455,575
02599800,EVEREST UNIVERSITY                      ,FL,33770-2556,Proprietary  ,79,416,495,199,1231,1430
02599801,EVEREST UNIVERSITY - TAMPA LAKELAND CAMP,FL,33801-3801,Proprietary  ,94,471,565,253,1483,1736
02599805,EVEREST UNIVERSITY - JACKSONVILLE       ,FL,32256-0000,Proprietary  ,121,645,766,349,1952,2301
02601600,HENRY W BREWSTER TECHNICAL CENTER       ,FL,33602-0000,Public       ,62,295,357,168,740,908
02612700,ACADEMY OF COSMETOLOGY                  ,FL,32905-2805,Proprietary  ,9,58,67,16,99,115
02616400,SANFORD-BROWN INSTITUTE                 ,FL,32256-3520,Proprietary  ,190,705,895,516,2770,3286
02616401,SANFORD-BROWN INSTITUTE - TAMPA         ,FL,33610-8304,Proprietary  ,120,534,654,290,1441,1731
03003200,EVEREST INSTITUTE                       ,FL,33186-1410,Proprietary  ,161,330,491,390,896,1286
03003201,EVEREST INSTITUTE - FT. LAUDERDALE      ,FL,33304-2522,Proprietary  ,48,233,281,154,689,843
03003600,MCFATTER TECHNICAL CENTER               ,FL,33317-7499,Public       ,133,449,582,383,1219,1602
03006801,PENNSYLVANIA CULINARY INSTITUTE - LE COR,FL,33025-3929,Proprietary  ,118,381,499,434,1411,1845
03008600,FLORIDA COLLEGE OF NATURAL HEALTH       ,FL,33064-1342,Proprietary  ,112,426,538,297,1200,1497
03010608,VIRGINIA COLLEGE - PENSACOLA            ,FL,32501-5650,Proprietary  ,44,300,344,152,1152,1304
03010612,VIRGINIA COLLEGE - GOLF ACADEMY OF AMERI,FL,32701-0000,Proprietary  ,26,62,88,115,255,370
03010618,VIRGINIA COLLEGE - JACKSONVILLE         ,FL,32207-5167,Proprietary  ,19,170,189,60,433,493
03012300,ASM BEAUTY WORLD ACADEMY                ,FL,33021-0000,Proprietary  ,7,45,52,19,114,133
03018500,BENE'S INTERNATIONAL SCHOOL OF BEAUTY   ,FL,34652-1637,Proprietary  ,35,116,151,69,301,370
03028200,TRINITY COLLEGE OF FLORIDA              ,FL,34655-4401,Private      ,30,36,66,144,117,261
03031400,INTERNATIONAL ACAD OF DESIGN & TECH     ,FL,33634-6313,Proprietary  ,468,1388,1856,2053,4931,6984
03031402,INTERNATIONAL ACADEMY OF DESIGN AND TECH,FL,32809-4613,Proprietary  ,159,230,389,807,1030,1837
03031403,IADT - ORLANDO CULINARY ACADEMY         ,FL,32819-0000,Proprietary  ,46,85,131,278,422,700
03035800,HERITAGE INSTITUTE                      ,FL,32216-0948,Proprietary  ,34,219,253,93,493,586
03035900,NATIONAL AVIATION ACADEMY               ,FL,33760-3931,Proprietary  ,65,161,226,229,560,789
03037500,HODGES UNIVERSITY                       ,FL,34119-7932,Private      ,251,1403,1654,610,3478,4088
03054200,FORTIS COLLEGE                          ,FL,33144-2373,Proprietary  ,112,125,237,454,412,866
03071600,COLLEGE OF BUSINESS & TECHNOLOGY        ,FL,33176-0000,Proprietary  ,72,525,597,188,1145,1333
03071601,COLLEGE OF BUSINESS & TECHNOLOGY -      ,FL,33144-2072,Proprietary  ,9,24,33,55,87,142
03071602,COLLEGE OF BUSINESS & TECHNOLOGY -      ,FL,33012-3436,Proprietary  ,1,9,10,10,35,45
03076402,BRYMAN SCHOOL OF ARIZONA (THE) - ANTHEM ,FL,32803-3509,Proprietary  ,12,39,51,90,259,349
03079800,GEORGE T BAKER AVIATION                 ,FL,33142-5687,Public       ,119,164,283,274,379,653
03079900,CITY COLLEGE                            ,FL,32707-5342,Private      ,18,97,115,64,475,539
03083702,GALEN HEALTH INSTITUTES - FLORIDA CAMPUS,FL,33702-2455,Proprietary  ,0,0,0,23,112,135
03087600,ITT TECHNICAL INSTITUTE                 ,FL,32746-1607,Proprietary  ,411,1216,1627,899,2694,3593
03089200,NOUVELLE INSTITUTE                      ,FL,33125-4141,Proprietary  ,16,200,216,42,395,437
03096300,FORTIS INSTITUTE                        ,FL,33860-0000,Proprietary  ,15,63,78,42,201,243
03099600,MERCY HOSPITAL SCHOOL OF PRACTICAL NSG  ,FL,33133-4237,Private      ,17,57,74,77,227,304
03100800,TAYLOR TECHNICAL INSTITUTE              ,FL,32348-0894,Public       ,28,102,130,64,258,322
03101900,TRINITY BAPTIST COLLEGE                 ,FL,32221-1398,Private      ,44,40,84,201,137,338
03103900,MARION COUNTY COMMUNITY TECH & ADUL     ,FL,34474-3172,Public       ,76,284,360,317,1129,1446
03108500,EVERGLADES UNIVERSITY                   ,FL,33431-0000,Private      ,61,493,554,181,1367,1548
03108600,COM-PU-MED VOCATIONAL CAREERS           ,FL,33012-4861,Proprietary  ,25,204,229,41,306,347
03113400,ACADEMY OF HEALING ARTS                 ,FL,33463-2113,Proprietary  ,11,55,66,24,115,139
03114700,PRAXIS INSTITUTE                        ,FL,33135-2657,Proprietary  ,49,400,449,81,668,749
03115500,FLORIDA HOSPITAL COLG OF HEALTH SCI     ,FL,32803-1237,Private      ,253,850,1103,1214,2803,4017
03123900,KEISER CAREER INSTITUTE                 ,FL,33413-0000,Proprietary  ,164,595,759,473,1704,2177
03125600,MIAMI AD SCHOOL                         ,FL,33139-5203,Proprietary  ,15,95,110,60,368,428
03127900,TECHNICAL EDUCATION CTR OSCEOLA         ,FL,34744-4459,Public       ,82,290,372,254,813,1067
03158300,LEE COUNTY HIGH TECH CENTER NORTH       ,FL,33993-2479,Public       ,58,183,241,150,517,667
03171300,UNIVERSITY OF ST. AUGUSTINE FOR HEALTH S,FL,32084-4215,Proprietary  ,3,199,202,33,1025,1058
03178400,CORAL RIDGE NURSES ASST TRAINING        ,FL,33306-0000,Proprietary  ,12,60,72,21,125,146
03224300,NEW PROFESSIONS TECHNICAL INSTITUTE     ,FL,33134-1640,Proprietary  ,27,296,323,47,476,523
03230300,OKALOOSA APPLIED TECHNOLOGY CENTER      ,FL,32547-1299,Public       ,32,200,232,95,594,689
03238300,FLORIDA COLLEGE OF INTEGRATIVE MED      ,FL,32809-5721,Proprietary  ,11,56,67,52,285,337
03255300,FLORIDA GULF COAST UNIVERSITY           ,FL,33965-6565,Public       ,951,833,1784,10066,4510,14576
03256300,YESHIVA GEDOLAH RABBINICAL COLLEGE      ,FL,33139-4708,Private      ,2,3,5,5,5,10
03264300,SOUTH FLORIDA BIBLE COLLEGE AND THEOLOGI,FL,33441-5768,Private      ,3,23,26,9,70,79
03346300,ACAD FOR PRAC NURSING & HEALTH OCCP     ,FL,33417-4574,Private      ,60,230,290,187,694,881
03348400,PROFESSIONAL TRAINING CENTERS           ,FL,33184-0000,Proprietary  ,52,203,255,116,571,687
03373300,BEACON COLLEGE                          ,FL,34748-5224,Private      ,17,23,40,124,69,193
03374300,FLORIDA COASTAL SCHOOL OF LAW           ,FL,32256-0000,Proprietary  ,4,275,279,47,3113,3160
03382300,BRADFORD-UNION AREA CAREERTECHNICAL CENT,FL,32091-2434,Public       ,15,80,95,41,231,272
03390300,LINCOLN TECHNICAL INSTITUTE             ,FL,32730-2351,Proprietary  ,63,272,335,148,801,949
03411400,INTERNATIONAL TRAINING CAREERS          ,FL,33155-1462,Private      ,13,149,162,32,263,295
03414500,ACUPUNCTURE AND MASSAGE COLLEGE         ,FL,33176-1509,Proprietary  ,17,100,117,40,266,306
03425400,CENTRAL FLORIDA INSTITUTE               ,FL,34684-4436,Proprietary  ,70,247,317,202,759,961
03429600,ATLANTIC INST OF ORIENTAL MEDICINE      ,FL,33316-0000,Private      ,3,40,43,13,138,151
03429700,EAST WEST COLLG OF NATURAL MEDICINE     ,FL,34236-4959,Proprietary  ,4,73,77,23,186,209
03433400,NEW CONCEPT MASSAGE AND BEAUTY SCHO     ,FL,33135-0000,Proprietary  ,4,47,51,17,83,100
03434300,FORTIS COLLEGE                          ,FL,32073-2999,Proprietary  ,88,418,506,169,703,872
03459400,SAINT PETERSBURG THEOLOGICAL SEMINA     ,FL,33708-3116,Private      ,0,0,0,5,29,34
03480301,MEDVANCE INSTITUTE - FORT LAUDERDALE    ,FL,33313-7261,Proprietary  ,45,181,226,117,573,690
03480302,MEDVANCE INSTITUTE - STUART             ,FL,34994-3000,Proprietary  ,40,189,229,80,580,660
03491400,AMERICAN ADVANCED TECHNICIANS INST      ,FL,33014-4430,Proprietary  ,13,47,60,28,98,126
03549300,ULTIMATE MEDICAL ACADEMY                ,FL,33756-5802,Proprietary  ,223,2342,2565,496,5221,5717
03553300,KEISER CAREER COLLEGE                   ,FL,32216-0000,Proprietary  ,59,269,328,206,940,1146
03557300,NORTH FLORIDA COSMETOLOGY INSTITUTE     ,FL,32312-0000,Proprietary  ,19,102,121,81,295,376
03564300,SUPERIOR CAREER INSTITUTE               ,FL,33311-1141,Proprietary  ,29,157,186,58,325,383
03570400,ENGLISH CENTER (THE)                    ,FL,33133-2703,Public       ,8,109,117,23,200,223
03595400,ANGLEY COLLEGE                          ,FL,32720-4257,Proprietary  ,21,157,178,53,348,401
03611400,FLORIDA BARBER ACADEMY                  ,FL,33441-0000,Proprietary  ,31,241,272,40,275,315
03618300,FLORIDA INSTITUTE OF ANIMAL ARTS        ,FL,32792-1740,Proprietary  ,34,80,114,96,199,295
03627400,JACKSONVILLE BEAUTY INSTITUTE           ,FL,32208-1885,Proprietary  ,16,93,109,68,198,266
03627600,FLORIDA EDUCATION INSTITUTE             ,FL,33144-5036,Proprietary  ,26,163,189,72,357,429
03661400,SOUTH FLORIDA INSTITUTE OF TECHNOLO     ,FL,33135-0000,Proprietary  ,43,327,370,77,584,661
03691400,AVE MARIA SCHOOL OF LAW                 ,FL,34119-1376,Private      ,9,79,88,46,995,1041
03696400,SABER                                   ,FL,33134-1604,Private      ,8,67,75,30,329,359
03706300,AMERICAN INSTITUTE                      ,FL,33319-5613,Proprietary  ,63,180,243,163,604,767
03757300,ADVANCE SCIENCE INSTITUTE               ,FL,33012-0000,Proprietary  ,12,81,93,21,105,126
03801400,BEAUTY INSTITUTE (THE)                  ,FL,33409-2972,Proprietary  ,9,70,79,28,143,171
03801401,BEAUTY INSTITUTE (THE) - MARGATE        ,FL,33068-5704,Proprietary  ,1,12,13,6,28,34
03816300,ARTISTIC NAILS & BEAUTY ACADEMY         ,FL,33605-5919,Proprietary  ,47,134,181,85,224,309
03823300,FLORIDA ACADEMY OF HEALTH & BEAUTY      ,FL,33311-0000,Proprietary  ,5,39,44,27,77,104
03832300,DADE MEDICAL COLLEGE                    ,FL,33126-5534,Proprietary  ,118,493,611,451,1416,1867
03842500,CAMBRIDGE INSTITUTE OF ALLIED HEALTH    ,FL,32750-0000,Proprietary  ,15,76,91,39,214,253
03856300,UNIVERSAL BEAUTY SCHOOL                 ,FL,33174-4406,Proprietary  ,4,44,48,5,46,51
03856500,FLORIDA SCHOOL OF TRADITIONAL MIDWIFERY ,FL,32601-5507,Private      ,2,22,24,10,113,123
03866300,GALIANO CAREER ACADEMY                  ,FL,32701-5039,Proprietary  ,1,7,8,12,66,78
03875300,MCI INSTITUTE OF TECHNOLOGY             ,FL,33409-4937,Proprietary  ,40,168,208,83,313,396
03888300,DRAGON RISES COLLEGE OF ORIENTAL MEDICIN,FL,32601-5089,Proprietary  ,1,16,17,7,69,76
03903500,SOUTHERN TECHNICAL COLLEGE              ,FL,32809-0000,Proprietary  ,110,536,646,214,1395,1609
03906300,CAREER INSTITUTE OF FLORIDA             ,FL,33773-3434,Proprietary  ,16,137,153,41,363,404
03911300,TOTAL INTERNATIONAL CAREER INSTITUTE    ,FL,33012-0000,Proprietary  ,4,219,223,11,248,259
03939300,WOLFORD COLLEGE                         ,FL,34108-1931,Private      ,6,116,122,18,308,326
03939400,CENTURA INSTITUTE                       ,FL,32807-3566,Proprietary  ,18,140,158,81,560,641
03939600,DAYTONA COLLEGE                         ,FL,32174-8445,Proprietary  ,24,115,139,112,291,403
03941300,AVE MARIA UNIVERSITY                    ,FL,34142-9505,Private      ,114,38,152,776,195,971
03957400,NEW COLLEGE OF FLORIDA                  ,FL,34243-2109,Public       ,60,84,144,1549,370,1919
03985300,COMMERCIAL DIVING ACADEMY               ,FL,32208-0000,Proprietary  ,64,202,266,224,641,865
03986300,AVIATOR COLLEGE OF AERONAUTICAL SCIENCE ,FL,34946-9022,Proprietary  ,15,42,57,66,128,194
04016500,AMERICAN INSTITUTE OF BEAUTY            ,FL,33773-0000,Proprietary  ,27,104,131,66,200,266
04029300,TRENDSETTERS OF FLORIDA SCHOOL OF BEAUTY,FL,32205-0000,Proprietary  ,5,25,30,22,80,102
04058300,HEALTH OPPORTUNITY TECHNICAL CENTER     ,FL,33169-4517,Proprietary  ,8,94,102,34,303,337
04083400,INSTITUTE OF ALLIED MEDICAL PROFESSIONS ,FL,33484-6543,Proprietary  ,18,141,159,49,374,423
04105400,PENSACOLA SCHOOL OF MASSAGE THERAPY & HE,FL,32504-7337,Proprietary  ,14,95,109,46,256,302
04106300,PALM BEACH ACADEMY OF HEALTH & BEAUTY   ,FL,33403-2130,Proprietary  ,15,56,71,38,138,176
04116400,FUTURE-TECH INSTITUTE                   ,FL,33135-4142,Proprietary  ,3,14,17,8,18,26
04116600,TAYLOR COLLEGE                          ,FL,34420-8714,Proprietary  ,10,95,105,39,314,353
04119400,AVEDA INSTITUTE - SAINT PETERSBURG      ,FL,33701-4242,Proprietary  ,117,209,326,383,658,1041
04120400,HI-TECH SCHOOL OF COSMETOLOGY           ,FL,33174-0000,Proprietary  ,40,53,93,74,104,178
04126900,ACADEMY OF CAREER TRAINING              ,FL,34741-4644,Proprietary  ,52,153,205,126,368,494
04127400,DIGITAL MEDIA ARTS COLLEGE              ,FL,33431-5919,Proprietary  ,56,71,127,260,232,492
04128400,MANAGEMENT RESOURCES INSTITUTE          ,FL,33126-5473,Proprietary  ,12,246,258,20,519,539
04129300,INTERNATIONAL B NATURALE BEAUTY SCHOOL  ,FL,33311-1152,Proprietary  ,2,13,15,6,27,33
04129900,FLORIDA SCHOOL OF MASSAGE               ,FL,32608-5419,Proprietary  ,19,69,88,79,219,298
04130400,SHEAR EXCELLENCE INTERNATIONAL HAIR ACAD,FL,33614-2783,Private      ,18,47,65,38,108,146
04131900,FASTTRAIN OF MIAMI                      ,FL,33134-1065,Proprietary  ,11,73,84,31,218,249
04132000,FASTTRAIN OF FORT LAUDERDALE            ,FL,33311-1506,Proprietary  ,19,118,137,44,274,318
04132100,FASTTRAIN OF TAMPA                      ,FL,33607-4153,Proprietary  ,9,40,49,28,143,171
04132200,FASTTRAIN OF JACKSONVILLE               ,FL,32256-4849,Proprietary  ,6,89,95,27,231,258
04133500,ACADEMY FOR FIVE ELEMENT ACUPUNCTURE    ,FL,32601-6811,Private      ,1,35,36,7,116,123
04134800,AVEDA INSTITUTE - TALLAHASSEE           ,FL,32304-3186,Proprietary  ,33,72,105,121,235,356
04134900,ORANGE PARK BEAUTY ACADEMY              ,FL,32073-5524,Proprietary  ,3,48,51,7,65,72
04135000,COZMO THE SCHOOL                        ,FL,34135-4810,Proprietary  ,17,25,42,25,52,77
04135900,ALLIED HEALTH INSTITUTE                 ,FL,33068-0000,Proprietary  ,16,263,279,57,770,827
04140800,NORTH FLORIDA ACADEMY                   ,FL,32065-7758,Proprietary  ,5,25,30,22,69,91
04143100,PROFESSIONAL HANDS INSTITUTE            ,FL,33135-1939,Proprietary  ,15,244,259,26,335,361
04145900,CELEBRITY SCHOOL OF BEAUTY              ,FL,33144-4153,Proprietary  ,24,79,103,55,123,178
04146200,WALTON CAREER DEVELOPMENT CENTER        ,FL,32433-1557,Public       ,7,30,37,20,121,141
04146300,MARCHMAN TECHNICAL EDUCATION CENTER     ,FL,34653-1211,Public       ,20,82,102,21,88,109
04147800,ROSE TRAINING INSTITUTE                 ,FL,33881-4094,Proprietary  ,5,61,66,12,155,167
04148500,MEDICAL INSTITUTE OF PALM BEACH         ,FL,33460-5042,Proprietary  ,15,94,109,42,150,192
04150800,IMMOKALEE TECHNICAL CENTER              ,FL,34142-3146,Public       ,16,36,52,88,153,241
04151500,AMERICAN ACADEMY OF COSMETOLOGY         ,FL,32065-8026,Proprietary  ,8,46,54,25,108,133
04156300,UNIVERSITY OF FORT LAUDERDALE           ,FL,33313-5809,Private      ,6,28,34,16,71,87
04156400,AVIATION INSTITUTE OF MAINTENANCE       ,FL,32803-6487,Proprietary  ,15,78,93,66,246,312
04157100,DELTA CONNECTION ACADEMY                ,FL,32725-9683,Proprietary  ,0,0,0,22,39,61
04162500,HOLLYWOOD INSTITUTE OF BEAUTY CAREERS   ,FL,33020-4807,Proprietary  ,17,125,142,33,184,217
04163000,SALON PROFESSIONAL ACADEMY (THE)        ,FL,33624-6321,Proprietary  ,16,27,43,52,98,150
04163100,SALON PROFESSIONAL ACADEMY (THE)        ,FL,32607-1672,Proprietary  ,17,37,54,41,93,134
04163200,SALON PROFESSIONAL ACADEMY (THE)        ,FL,32162-9311,Proprietary  ,22,46,68,47,120,167
04164500,EUREKA INSTITUTE OF HEALTH AND BEAUTY   ,FL,33174-4205,Proprietary  ,3,20,23,3,21,24
04167300,SALON PROFESSIONAL ACADEMY (THE)        ,FL,33904-4824,Proprietary  ,18,29,47,21,38,59
04173600,NOTTER SCHOOL OF PASTRY ARTS            ,FL,32809-7755,Proprietary  ,3,3,6,3,3,6
00160500,CHAMINADE UNIV OF HONOLULU              ,HI,96816-1578,Private      ,173,353,526,1714,1754,3468
00160600,BRIGHAM YOUNG UNIV-HAWAII CAMPUS        ,HI,96762-1294,Private      ,251,226,477,1433,816,2249
00161000,UNIVERSITY OF HAWAII AT MANOA           ,HI,96822-2399,Public       ,620,971,1591,11679,8911,20590
00161100,UNIVERSITY OF HAWAII AT HILO            ,HI,96720-4091,Public       ,164,337,501,3317,2603,5920
00161200,HONOLULU COMMUNITY COLLEGE              ,HI,96817-4598,Public       ,292,413,705,1756,2040,3796
00161300,KAPIOLANI COMMUNITY COLLEGE             ,HI,96816-4421,Public       ,340,586,926,2969,3193,6162
00161400,KAUAI COMMUNITY COLLEGE                 ,HI,96766-9591,Public       ,104,152,256,426,632,1058
00161500,UNIVERSITY OF HAWAII MAUI COLLEGE       ,HI,96732-1644,Public       ,195,537,732,1368,2757,4125
00454900,LEEWARD COMMUNITY COLLEGE               ,HI,96782-3393,Public       ,380,588,968,2246,2608,4854
00525800,HAWAII COMMUNITY COLLEGE                ,HI,96720-4075,Public       ,203,422,625,1629,2380,4009
00723401,HEALD COLLEGE - HONOLULU                ,HI,96814-0000,Proprietary  ,324,525,849,1011,1812,2823
00727900,HAWAII PACIFIC UNIVERSITY               ,HI,96813-2882,Private      ,262,666,928,4524,3562,8086
01122000,WINDWARD COMMUNITY COLLEGE              ,HI,96744-0000,Public       ,182,268,450,886,1296,2182
02100300,MED-ASSIST SCHOOL OF HAWAII             ,HI,96813-0000,Proprietary  ,21,78,99,76,243,319
02107800,UNIVERSITY OF HAWAII - WEST OAHU        ,HI,96782-0000,Public       ,76,201,277,908,1284,2192
02139500,HAWAII INSTITUTE OF HAIR DESIGN         ,HI,96817-5195,Proprietary  ,11,50,61,43,138,181
03017800,TRAVEL INSTITUTE OF THE PACIFIC         ,HI,96814-1946,Proprietary  ,16,52,68,45,110,155
03072500,WORLD MEDICINE INSTITUTE                ,HI,96826-0000,Private      ,3,28,31,28,96,124
03649300,HAWAII TECHNOLOGY INSTITUTE             ,HI,96813-3036,Private      ,7,24,31,41,122,163
03735300,INST OF CLINICAL ACUPUNCTURE & ORIENT MD,HI,96813-2307,Proprietary  ,1,9,10,4,45,49
03999400,TRADITIONAL CHINESE MEDICAL COLLEGE OF H,HI,96743-8324,Private      ,1,18,19,5,57,62
04154100,PACIFIC RIM BIBLE COLLEGE               ,HI,96819-2228,Private      ,10,21,31,48,80,128
04169600,HEISEI INTERNATIONAL INSTITUTE OF MASSAG,HI,96814-2254,Proprietary  ,2,10,12,2,10,12
00161600,BOISE STATE UNIVERSITY                  ,ID,83725-1000,Public       ,883,1868,2751,11918,12142,24060
00161700,"COLLEGE OF IDAHO, THE                   ",ID,83605-4432,Private      ,92,86,178,1499,335,1834
00161900,COLLEGE OF SOUTHERN IDAHO               ,ID,83301-0000,Public       ,552,1109,1661,3153,4212,7365
00161908,COLLEGE OF WESTERN IDAHO                ,ID,83687-1515,Public       ,574,1459,2033,2839,5427,8266
00162000,IDAHO STATE UNIVERSITY                  ,ID,83209-5377,Public       ,853,2319,3172,5247,9416,14663
00162100,LEWIS-CLARK STATE COLLEGE               ,ID,83501-2698,Public       ,191,411,602,2391,2379,4770
00162300,NORTH IDAHO COLLEGE                     ,ID,83814-2199,Public       ,327,852,1179,2891,4196,7087
00162400,NORTHWEST NAZARENE UNIVERSITY           ,ID,83686-5897,Private      ,101,404,505,1493,1258,2751
00162500,BRIGHAM YOUNG UNIVERSITY-IDAHO          ,ID,83460-1650,Private      ,1401,1673,3074,9288,6951,16239
00162600,UNIVERSITY OF IDAHO                     ,ID,83844-4291,Public       ,473,706,1179,9213,4821,14034
00455300,ITT TECHNICAL INSTITUTE                 ,ID,83713-1529,Proprietary  ,285,931,1216,667,2044,2711
00458304,BROWN MACKIE COLLEGE-SOUTH BEND - BROWN ,ID,83709-2746,Proprietary  ,63,304,367,195,985,1180
00987300,MR JUAN'S CLG OF HAIR DESIGN            ,ID,83301-4154,Proprietary  ,7,16,23,25,49,74
01113300,EASTERN IDAHO TECHNICAL COLLEGE         ,ID,83404-5788,Public       ,63,256,319,372,1314,1686
02218000,APOLLO COLLEGE                          ,ID,83704-0000,Proprietary  ,83,406,489,296,1190,1486
02234500,BOISE BIBLE COLLEGE                     ,ID,83714-1220,Private      ,41,26,67,178,110,288
02275800,MR LEONS SCHOOL OF HAIR DESIGN          ,ID,83843-8384,Proprietary  ,9,28,37,24,50,74
02275801,MR. LEON'S SCHOOL OF HAIR DESIGN        ,ID,83501-1910,Proprietary  ,0,6,6,5,24,29
02314000,SCHOOL OF HAIRSTYLING (THE)             ,ID,83202-0000,Proprietary  ,6,23,29,39,84,123
02319800,HEADMASTERS SCHOOL OF HAIR DESIGN       ,ID,83814-0000,Proprietary  ,28,74,102,107,204,311
02349200,HEADMASTERS SCHOOL OF HAIR DESIGN       ,ID,83501-0000,Proprietary  ,13,23,36,32,52,84
02559500,RAZZLE DAZZLE CLG OF HAIR DESIGN        ,ID,83686-5104,Proprietary  ,10,48,58,47,141,188
02607100,SCOT LEWIS SCHOOLS                      ,ID,83709-1662,Proprietary  ,38,82,120,123,218,341
03098700,ACADEMY OF COURT REPORTING              ,ID,83704-8320,Proprietary  ,72,280,352,190,781,971
03832400,COSMETOLOGY SCHOOL OF ARTS & SCIENCES   ,ID,83318-1327,Proprietary  ,5,22,27,17,72,89
04134300,EVANS HAIRSTYLING COLLEGE               ,ID,83440-5277,Proprietary  ,9,12,21,42,48,90
04144500,HAIR ACDMY PAUL MITCHELL PARTNER SCHOOL ,ID,83440-2600,Proprietary  ,36,63,99,96,145,241
04150600,D & L ACADEMY OF HAIR DESIGN            ,ID,83301-6229,Proprietary  ,3,10,13,18,31,49
04155200,OLIVER FINLEY ACADEMY OF COSMETOLOGY    ,ID,83704-8011,Proprietary  ,22,67,89,76,167,243
04163800,MASTER EDUCATORS BEAUTY SCHOOL          ,ID,83301-4118,Proprietary  ,2,7,9,18,51,69
04168600,COLLEGE OF MASSAGE THERAPY              ,ID,83221-1758,Proprietary  ,4,10,14,4,10,14
00163200,AQUINAS INSTITUTE OF THEOLOGY           ,MO,63108-3323,Private      ,1,10,11,6,75,81
00244900,AVILA COLLEGE                           ,MO,64145-1698,Private      ,90,338,428,1125,1490,2615
00245000,CALVARY BIBLE COLLEGE                   ,MO,64147-1341,Private      ,26,62,88,151,208,359
00245200,CENTRAL BIBLE COLLEGE                   ,MO,65803-1096,Private      ,137,105,242,603,361,964
00245300,CENTRAL METHODIST UNIVERSITY            ,MO,65248-1198,Private      ,107,330,437,1530,1087,2617
00245301,CENTRAL METHODIST UNIVERSITY            ,MO,63601-0000,Private      ,9,52,61,82,229,311
00245302,CENTRAL METHODIST UNIVERSITY- UNION     ,MO,63084-0000,Private      ,4,17,21,45,96,141
00245400,UNIVERSITY OF CENTRAL MISSOURI          ,MO,64093-5178,Public       ,573,838,1411,7826,4491,12317
00245500,DEVRY INSTITUTE OF TECHNOLOGY           ,MO,64131-3626,Proprietary  ,0,0,0,181,278,459
00245600,COLUMBIA COLLEGE                        ,MO,65216-4581,Private      ,387,3380,3767,2794,16482,19276
00245700,CONCORDIA SEMINARY                      ,MO,63105-3199,Private      ,0,8,8,5,462,467
00245800,COTTEY COLLEGE                          ,MO,64772-2790,Private      ,14,5,19,331,42,373
00245900,CROWDER COLLEGE                         ,MO,64850-9165,Public       ,454,870,1324,2269,2990,5259
00246000,CULVER STOCKTON COLLEGE                 ,MO,63435-1299,Private      ,44,26,70,1053,158,1211
00246100,DRURY UNIVERSITY                        ,MO,65802-3791,Private      ,297,895,1192,2593,4015,6608
00246200,EDEN THEOLOGICAL SEMINARY               ,MO,63119-0000,Private      ,0,26,26,3,117,120
00246300,EVANGEL UNIVERSITY                      ,MO,65802-2125,Private      ,210,234,444,2194,867,3061
00246400,FONTBONNE UNIVERSITY                    ,MO,63105-3098,Private      ,94,471,565,1207,2583,3790
00246600,HARRIS-STOWE STATE COLLEGE              ,MO,63103-2199,Public       ,320,543,863,1580,1882,3462
00246700,CONCEPTION SEMINARY COLLEGE             ,MO,64433-0502,Private      ,24,5,29,63,16,79
00246800,JEFFERSON COLLEGE                       ,MO,63050-2441,Public       ,466,802,1268,2763,3161,5924
00247100,ST LOUIS COMMUNITY COLLEGE              ,MO,63102-0000,Public       ,2834,5550,8384,10348,16625,26973
00247300,KANSAS CITY ART INSTITUTE               ,MO,64111-1874,Private      ,75,53,128,1265,319,1584
00247400,KANSAS CITY UNIV OF MED AND BIOSCIENCES ,MO,64106-0000,Private      ,9,52,61,55,1113,1168
00247600,KENRICK-GLENNON SEMINARY                ,MO,63119-0000,Private      ,0,0,0,1,2,3
00247600,KENRICK-GLENNON SEMINARY                ,MO,63119-4330,Private      ,2,2,4,5,7,12
00247700,A.T. STILL UNIV OF HEALTH SCIENCES      ,MO,63501-0000,Private      ,2,356,358,13,2878,2891
00247900,LINCOLN UNIVERSITY                      ,MO,65101-3500,Public       ,310,466,776,2823,1852,4675
00248000,LINDENWOOD UNIVERSITY                   ,MO,63301-1695,Private      ,404,1522,1926,5707,7090,12797
00248200,MARYVILLE UNIVERSITY                    ,MO,63141-7299,Private      ,108,504,612,2236,2440,4676
00248400,METROPOLITAN COMMUNITY COLLEGE          ,MO,64111-2408,Public       ,1478,3230,4708,9345,14686,24031
00248500,MIDWESTERN BAPTIST THEOL SEMINARY       ,MO,64118-4697,Private      ,20,114,134,69,288,357
00248600,MINERAL AREA COLLEGE                    ,MO,63601-1000,Public       ,344,687,1031,1981,2552,4533
00248800,MISSOURI SOUTHERN STATE UNIVERSITY      ,MO,64801-1595,Public       ,475,692,1167,3902,3646,7548
00248900,MISSOURI VALLEY COLLEGE                 ,MO,65340-3197,Private      ,105,69,174,1597,444,2041
00249000,MISSOURI WESTERN STATE UNIVERSITY       ,MO,64507-2294,Public       ,343,485,828,4606,2722,7328
00249100,MOBERLY AREA COMMUNITY COLLEGE          ,MO,65270-1304,Public       ,399,668,1067,2798,3280,6078
00249400,NAZARENE THEOLOGICAL SEMINARY           ,MO,64131-1246,Private      ,2,38,40,5,196,201
00249500,TRUMAN STATE UNIVERSITY                 ,MO,63501-4221,Public       ,206,80,286,5781,614,6395
00249600,NORTHWEST MISSOURI STATE UNIV           ,MO,64468-6001,Public       ,400,281,681,6861,1403,8264
00249800,PARK UNIVERSITY                         ,MO,64152-3795,Private      ,209,2027,2236,1318,7234,8552
00249900,ROCKHURST UNIVERSITY                    ,MO,64110-2561,Private      ,117,251,368,1940,1350,3290
00250000,COLLEGE OF THE OZARKS                   ,MO,65726-2502,Private      ,72,43,115,3133,363,3496
00250100,SOUTHEAST MISSOURI STATE UNIV           ,MO,63701-4799,Public       ,454,846,1300,8100,4112,12212
00250200,SOUTHWEST BAPTIST UNIVERSITY            ,MO,65613-2597,Private      ,153,405,558,2168,1591,3759
00250300,MISSOURI STATE UNIVERSITY               ,MO,65897-0094,Public       ,1106,1389,2495,14052,7279,21331
00250400,ST LOUIS COLLEGE OF PHARMACY            ,MO,63110-1088,Private      ,26,39,65,813,614,1427
00250600,SAINT LOUIS UNIVERSITY                  ,MO,63103-2097,Private      ,332,1150,1482,9157,8027,17184
00250900,SAINT PAUL SCHOOL OF THEOLOGY           ,MO,64127-2499,Private      ,0,23,23,4,174,178
00251200,STEPHENS COLLEGE                        ,MO,65215-0001,Private      ,42,115,157,990,622,1612
00251400,NORTH CENTRAL MISSOURI COLLEGE          ,MO,64683-1824,Public       ,111,287,398,828,1049,1877
00251600,UNIVERSITY OF MISSOURI-COLUMBIA         ,MO,65211-1600,Public       ,1255,1122,2377,23544,8507,32051
00251700,MISSOURI UNIVERSITY OF SCIENCE & TECHNOL,MO,65409-0250,Public       ,218,193,411,5107,1244,6351
00251800,UNIVERSITY OF MISSOURI-KANSAS CITY      ,MO,64110-2497,Public       ,685,1900,2585,7048,9404,16452
00251900,UNIVERSITY OF MISSOURI-ST LOUIS         ,MO,63121-4499,Public       ,770,2252,3022,5837,9739,15576
00252000,WASHINGTON UNIVERSITY                   ,MO,63130-4899,Private      ,203,536,739,13207,6296,19503
00252001,WASHINGTON UNIV-SCHOOL OF MEDICINE      ,MO,63110-0000,Private      ,8,27,35,83,1335,1418
00252100,WEBSTER UNIVERSITY                      ,MO,63119-3194,Private      ,212,2253,2465,3233,12606,15839
00252200,WENTWORTH MILITARY ACADEMY              ,MO,64067-1799,Private      ,62,62,124,194,221,415
00252300,WESTMINSTER COLLEGE                     ,MO,65251-1299,Private      ,41,22,63,1372,126,1498
00252400,WILLIAM JEWELL COLLEGE                  ,MO,64068-1896,Private      ,50,55,105,1584,300,1884
00252500,WILLIAM WOODS UNIVERSITY                ,MO,65251-2388,Private      ,99,532,631,1116,1558,2674
00405704,NATIONAL AMERICAN UNIVERSITY            ,MO,64057-1791,Proprietary  ,15,140,155,71,597,668
00441300,ST JOHNS HOSP SCH RAD TECH              ,MO,65802-0000,Private      ,6,32,38,71,114,185
00470300,LOGAN COLLEGE OF CHIROPRACTIC           ,MO,63006-1065,Private      ,7,91,98,75,1120,1195
00470700,COVENANT THEOLOGICAL SEMINARY           ,MO,63141-8697,Private      ,2,42,44,7,541,548
00471100,LINN STATE TECHNICAL COLLEGE            ,MO,65051-9607,Public       ,83,100,183,1241,462,1703
00471300,THREE RIVERS COMMUNITY COLLEGE          ,MO,63901-2393,Public       ,326,802,1128,1780,2742,4522
00528800,KIRKSVILLE AREA TECHNICAL CENTER        ,MO,63501-0000,Public       ,7,18,25,38,80,118
00528900,WAYNESVILLE CAREER CENTER               ,MO,65583-2131,Public       ,14,37,51,70,129,199
00542400,SOUTH CENTRAL CAREER CENTER             ,MO,65775-3334,Public       ,15,71,86,51,159,210
00542600,SIKESTON CAREER AND TECHNOLOGY CTR      ,MO,63801-0000,Public       ,4,32,36,59,155,214
00542900,ROLLA TECHNICAL INSTITUTE               ,MO,65401-3601,Public       ,23,62,85,282,306,588
00543000,POPLAR BLUFF TECHNICAL CAREER CNTR      ,MO,63901-0000,Public       ,7,35,42,53,145,198
00543800,SALINE COUNTY CAREER CENTER             ,MO,65340-0000,Public       ,0,12,12,15,73,88
00544500,TRUMAN MEDICAL CENTER SCHOOL OF NURSE AN,MO,64108-2677,Private      ,7,37,44,64,193,257
00553100,GRAND RIVER TECHNICAL SCHOOL            ,MO,64601-1299,Public       ,12,24,36,96,60,156
00553200,CAPE GIRARDEAU CAREER & TECHNOLOGY CENTE,MO,63703-7511,Public       ,36,111,147,155,435,590
00638500,CHAMBERLAIN COLLEGE OF NURSING          ,MO,63146-0000,Proprietary  ,177,2040,2217,1232,9060,10292
00638900,BARNES JEWISH COLLEGE OF NURSING AND ALL,MO,63110-1091,Private      ,34,145,179,347,866,1213
00639200,RESEARCH COLLEGE OF NURSING             ,MO,64132-1199,Proprietary  ,19,65,84,129,338,467
00639201,RESEARCH MEDICAL CENTER - COLLEGE OF NUR,MO,64132-1199,Proprietary  ,5,20,25,21,76,97
00639202,RESEARCH MED CTR SCHL OF RAD TECH       ,MO,64132-0000,Proprietary  ,1,16,17,18,63,81
00666600,LUTHERAN  SCHOOL OF NURSING             ,MO,63118-3909,Proprietary  ,10,85,95,104,409,513
00754000,MISSOURI BAPTIST UNIVERSITY             ,MO,63141-8698,Private      ,129,522,651,1566,2185,3751
00755700,ITT TECHNICAL INSTITUTE                 ,MO,63045-1122,Proprietary  ,500,1639,2139,1179,3584,4763
00808000,STATE FAIR COMMUNITY COLLEGE            ,MO,65301-0000,Public       ,452,836,1288,2236,3017,5253
00826900,HILLYARD TECHNICAL CENTER               ,MO,64506-0000,Public       ,18,55,73,119,260,379
00855200,STEVENS INSTITUTE OF BUSINESS & ARTS    ,MO,63103-0000,Proprietary  ,30,42,72,90,157,247
00860600,TRI-COUNTY TECHNICAL SCHOOL             ,MO,65026-0000,Public       ,3,22,25,15,75,90
00886200,EAST CENTRAL COLLEGE                    ,MO,63084-0529,Public       ,311,660,971,2048,2398,4446
00908900,HANNIBAL-LAGRANGE COLLEGE               ,MO,63401-1999,Private      ,78,133,211,808,534,1342
00952000,NATIONAL ACADEMY OF BEAUTY ARTS         ,MO,63128-1307,Proprietary  ,48,123,171,151,366,517
00959000,INDEPENDENCE COLLEGE OF COSMETOLOGY     ,MO,64055-1105,Proprietary  ,20,50,70,46,97,143
00960700,HOUSE OF HEAVILIN BEAUTY COLLEGE        ,MO,64110-2826,Proprietary  ,8,35,43,31,126,157
00978200,SAINT LUKE'S COLLEGE                    ,MO,64114-3237,Private      ,6,37,43,84,252,336
00979500,MISSOURI COLLEGE                        ,MO,63144-2901,Proprietary  ,126,316,442,406,1190,1596
01014814,COLORADO TECHNL UNIV NORTH KANSAS CITY  ,MO,64116-3614,Proprietary  ,43,263,306,233,1385,1618
01027900,HICKEY COLLEGE                          ,MO,63146-0000,Proprietary  ,135,107,242,459,302,761
01040500,PINNACLE CAREER INSTITUTE               ,MO,64131-3367,Proprietary  ,76,668,744,241,2079,2320
01040501,PINNACLE CAREER INSTITUTE - NORTH KANSAS,MO,64153-1151,Proprietary  ,27,141,168,57,408,465
01050303,WICHITA TECHNICAL INSTITUTE - WTI JOPLIN,MO,64801-2970,Proprietary  ,13,76,89,43,296,339
01102600,WARRENSBURG AREA VOC TECH SCH           ,MO,64093-0000,Public       ,4,11,15,32,73,105
01173500,PIKE/LINCOLN TECHNICAL CENTER           ,MO,63344-0000,Public       ,2,25,27,47,111,158
01212000,ASSEMBLIES OF GOD THEO. SEMINARY        ,MO,65802-0000,Private      ,3,68,71,17,249,266
01250000,RANKEN TECHNICAL COLLEGE                ,MO,63113-2811,Private      ,265,433,698,1486,1568,3054
01258000,ST LOUIS CHRISTIAN COLLEGE              ,MO,63033-6499,Private      ,61,71,132,200,243,443
01320800,BAPTIST BIBLE COLLEGE                   ,MO,65803-3498,Private      ,89,94,183,335,226,561
02056100,FOUR RIVERS CAREER CENTER               ,MO,63090-0000,Public       ,4,13,17,19,65,84
02066900,NICHOLS CAREER CENTER                   ,MO,65101-2814,Public       ,5,26,31,88,151,239
02068200,COX HEALTH - COX COLLEGE                ,MO,65802-0000,Private      ,31,172,203,244,828,1072
02068202,COX HEALTH - RADIOLOGIC TECHNOLOGY      ,MO,65802-0000,Private      ,4,42,46,54,142,196
02068204,COX HEALTH - MEDICAL TECHNOLOGY         ,MO,65807-0000,Private      ,6,27,33,51,107,158
02073600,KENNETT CAREER & TECHNOLOGY CENTER      ,MO,63857-0000,Public       ,3,17,20,14,83,97
02090400,BOONSLICK TECHNICAL EDUCATION CTR       ,MO,65233-0000,Public       ,0,8,8,18,71,89
02121100,MIDWEST INSTITUTE                       ,MO,63122-0000,Proprietary  ,38,130,168,81,274,355
02124500,FRANKLIN TECHNOLOGY CENTER              ,MO,64801-0000,Public       ,16,113,129,100,414,514
02142200,LEX LA RAY TECHNICAL CENTER             ,MO,64067-0000,Public       ,2,8,10,25,87,112
02151000,HANNIBAL CAREER AND TECHNICAL CENTE     ,MO,63401-2285,Public       ,2,15,17,34,104,138
02164200,FOREST INST PROFESSIONAL PSYCHOLOGY     ,MO,65807-0000,Private      ,2,74,76,19,391,410
02165900,CHILLICOTHE BEAUTY ACADEMY              ,MO,64601-0000,Proprietary  ,2,14,16,12,39,51
02180200,METRO BUSINESS COLLEGE                  ,MO,63701-0000,Proprietary  ,37,282,319,142,943,1085
02188100,NORTHLAND CAREER CENTER                 ,MO,64079-8333,Public       ,2,10,12,23,102,125
02202700,OZARK CHRISTIAN COLLEGE                 ,MO,64801-0000,Private      ,100,53,153,564,191,755
02203400,NEVADA REGIONAL TECHNICAL CENTER        ,MO,64772-0000,Public       ,3,7,10,30,62,92
02205200,SANFORD-BROWN COLLEGE                   ,MO,63026-7305,Proprietary  ,99,368,467,295,1515,1810
02205203,SANFORD BROWN COLLEGE-ST. PETERS        ,MO,63301-4042,Proprietary  ,68,279,347,216,1144,1360
02214500,SALEM COLLEGE OF HAIRSTYLING            ,MO,65401-0000,Proprietary  ,3,22,25,11,35,46
02239200,ANTHEM COLLEGE                          ,MO,63043-0000,Proprietary  ,170,394,564,459,1203,1662
02239202,ANTHEM COLLEGE - METRO SOUTH            ,MO,63026-0000,Proprietary  ,4,21,25,44,115,159
02250600,EVEREST COLLEGE                         ,MO,65807-2446,Proprietary  ,34,235,269,122,747,869
02263106,ANTHEM COLLEGE - ANTHEM COLLEGE - KANSAS,MO,64114-3232,Proprietary  ,4,26,30,24,99,123
02263400,LAKE CAREER AND TECHNICAL CENTER        ,MO,65020-0000,Public       ,2,19,21,9,51,60
02266400,CENTRAL CHRISTIAN CLG OF THE BIBLE      ,MO,65270-0000,Private      ,44,38,82,233,150,383
02277500,HOUSE OF HEAVILIN OF BLUE SPRINGS       ,MO,64014-3953,Proprietary  ,21,28,49,62,108,170
02289200,COLUMBIA AREA CAREER CENTER             ,MO,65203-0000,Public       ,13,56,69,75,270,345
02295700,MISSOURI BEAUTY ACADEMY                 ,MO,63640-1827,Proprietary  ,15,62,77,49,153,202
02300105,EVEREST COLLEGE - EARTH CITY            ,MO,63045-1100,Proprietary  ,74,356,430,215,1120,1335
02304000,MISSOURI TECH                           ,MO,63303-3887,Proprietary  ,11,32,43,76,190,266
02309100,AMERICAN COLLEGE OF HAIR DESIGN         ,MO,65301-2144,Proprietary  ,10,17,27,35,57,92
02313000,CASS CAREER CENTER                      ,MO,64701-0000,Public       ,3,11,14,25,81,106
02340500,ST LOUIS COLLEGE OF HEALTH CAREERS      ,MO,63110-0000,Proprietary  ,65,271,336,185,806,991
02340501,ST LOUIS COLLEGE OF HEALTH              ,MO,63129-0000,Proprietary  ,8,24,32,39,121,160
02342100,CAREER & TECHNOLOGY CTR AT FT OSAGE     ,MO,64058-0000,Public       ,3,18,21,12,56,68
02361600,CONCORDE CAREER COLLEGE                 ,MO,64111-0000,Proprietary  ,90,384,474,226,1104,1330
02497500,CLINTON TECHNICAL SCHOOL                ,MO,64735-2966,Public       ,5,13,18,18,58,76
02520800,MERRELL UNIV OF BTY ARTS & SCIENCES     ,MO,65109-0000,Proprietary  ,13,45,58,68,136,204
02530600,SAINT CHARLES COMMUNITY COLLEGE         ,MO,63376-0975,Public       ,527,789,1316,3786,3227,7013
02543800,PARIS II EDUCATIONAL CENTER (THE)       ,MO,64118-0000,Proprietary  ,29,67,96,69,152,221
02555300,PATSY AND ROB'S ACADEMY OF BEAUTY       ,MO,63074-0000,Proprietary  ,27,46,73,54,88,142
02564700,ELAINE STEVEN BEAUTY COLLEGE            ,MO,63136-0000,Proprietary  ,22,81,103,51,171,222
02564701,ELAINE STEVEN BEAUTY COLLEGE - ADVANCE B,MO,63383-2006,Proprietary  ,0,3,3,1,9,10
02564702,ELAINE STEVEN BEAUTY COLLEGE - ADVANCE B,MO,63401-2269,Proprietary  ,1,4,5,7,11,18
02568500,GRABBER SCHOOL OF HAIR DESIGN           ,MO,63011-0000,Proprietary  ,21,38,59,53,109,162
02599700,VATTEROTT COLLEGE                       ,MO,63134-2900,Proprietary  ,156,623,779,399,1874,2273
02599701,VATTEROTT COLLEGE - KANSAS CITY         ,MO,64129-1692,Proprietary  ,54,365,419,194,1223,1417
02599702,VATTEROTT COLLEGE - SPRINGFIELD LOCATION,MO,65807-5340,Proprietary  ,29,169,198,135,815,950
02599703,VATTEROTT COLLEGE - JOPLIN              ,MO,64801-5033,Proprietary  ,23,147,170,109,706,815
02599705,VATTEROTT COLLEGE - SUNSET HILLS        ,MO,63127-1516,Proprietary  ,29,201,230,123,886,1009
02599712,VATTEROTT COLLEGE - O'FALLON            ,MO,63366-2748,Proprietary  ,15,108,123,90,448,538
02608000,NEOSHO BEAUTY COLLEGE                   ,MO,64850-1525,Proprietary  ,7,20,27,21,52,73
02609202,VATTEROTT COLLEGE-ST JOSEPH             ,MO,64501-2911,Proprietary  ,29,156,185,126,466,592
02609203,VATTEROTT COLLEGE - L'ECOLE CULINAIRE   ,MO,63124-1103,Proprietary  ,57,193,250,186,740,926
02611004,HERITAGE COLLEGE-KANSAS CITY            ,MO,64131-4203,Proprietary  ,64,343,407,188,936,1124
03042400,LEBANON TECHNOLOGY & CAREER CENTER      ,MO,65536-3296,Public       ,12,62,74,41,149,190
03066300,BRYAN CAREER COLLEGE                    ,MO,65806-2507,Proprietary  ,14,152,166,63,534,597
03068600,SPECIAL SCHOOL DISTRICT OF ST. LOUIS CO.,MO,63127-0000,Public       ,6,127,133,42,515,557
03070200,CENTRAL COLLEGE OF COSMETOLOGY          ,MO,65583-0000,Proprietary  ,13,65,78,23,95,118
03070900,SE MO HOSP CLG NURSING & HEALTH SCI     ,MO,63703-4507,Private      ,9,49,58,142,317,459
03077200,COSMETOLOGY CONCEPTS INSTITUTE          ,MO,65202-1972,Proprietary  ,9,30,39,30,101,131
03083000,OZARKS TECHNICAL COMMUNITY COLLEGE      ,MO,65802-3601,Public       ,1090,2295,3385,6738,10086,16824
03092600,MESSENGER COLLEGE                       ,MO,64804-4909,Private      ,13,25,38,38,71,109
03097600,ST LOUIS HAIR ACADEMY                   ,MO,63107-1737,Proprietary  ,7,24,31,22,64,86
03101000,NEW DIMENSION SCHOOL OF HAIR DESIGN     ,MO,64801-5017,Proprietary  ,3,19,22,15,52,67
03106000,MISSOURI STATE UNIVERSITY - WEST PLAINS ,MO,65775-2715,Public       ,148,339,487,1145,1311,2456
03110900,HOUSE OF HEAVILIN BEAUTY COLLEGE        ,MO,64030-1154,Proprietary  ,7,14,21,20,44,64
03166300,MOBERLY AREA TECHNICAL CENTER           ,MO,65270-1904,Public       ,7,13,20,50,65,115
03174300,HERNDON CAREER CENTER                   ,MO,64138-2695,Public       ,0,1,1,0,1,1
03519300,MISSOURI COLLEGE OF COSMETOLOGY NORTH   ,MO,65803-1235,Proprietary  ,26,70,96,82,213,295
03528300,MIDWEST UNIVERSITY                      ,MO,63385-2905,Private      ,2,22,24,12,65,77
03579300,TEXAS COUNTY TECHNICAL INSTITUTE        ,MO,65483-2700,Private      ,8,62,70,37,271,308
03616300,AVIATION INSTITUTE OF MAINTENANCE       ,MO,64129-1811,Proprietary  ,17,84,101,69,407,476
03663400,UNIVERSITY OF COSMETOLOGY               ,MO,63080-1910,Proprietary  ,4,9,13,8,28,36
03878300,PROFESSIONAL MASSAGE TRAINING CENTER    ,MO,65803-2939,Proprietary  ,12,53,65,44,136,180
03916300,ECLIPS SCHOOL OF COSMETOLOGY AND BARBERI,MO,63703-5809,Proprietary  ,11,53,64,26,104,130
03924300,HAIR ACADEMY 110 (THE)                  ,MO,63501-2915,Proprietary  ,2,6,8,17,30,47
03970400,MTTI-WELLSPRING CENTER FOR NATURAL HEALT,MO,64114-3313,Proprietary  ,6,44,50,23,104,127
04037500,ACADEMY OF HAIR DESIGN                  ,MO,65804-2303,Proprietary  ,16,72,88,58,183,241
04118700,AMERICAN COLLEGE OF TECHNOLOGY          ,MO,64506-2006,Proprietary  ,8,42,50,26,143,169
04119100,CITY VISION COLLEGE                     ,MO,64141-3188,Private      ,7,22,29,13,84,97
04127000,PEMISCOT COUNTY SPECIAL SCHOOL DISTRICT ,MO,63851-1666,Public       ,0,11,11,7,63,70
04130300,VICTORY TRADE SCHOOL                    ,MO,65803-2754,Private      ,1,25,26,1,25,26
04130600,HEALING ARTS CENTER                     ,MO,63143-2103,Proprietary  ,10,34,44,28,113,141
04133300,TREND SETTERS SCHOOL OF COSMETOLOGY     ,MO,63702-7607,Proprietary  ,7,25,32,38,90,128
04145200,TRANSFORMED BARBER AND COSMETOLOGY ACADE,MO,64137-1207,Proprietary  ,18,60,78,62,221,283
04145700,THE SYSTEM A PAUL MITCHELL PARTNER SCHL ,MO,65807-5969,Proprietary  ,31,49,80,130,169,299
04146100,URSHAN GRADUATE SCHOOL OF THEOLOGY      ,MO,63031-7526,Private      ,0,12,12,7,37,44
04170600,SALON PROFESSIONAL ACADEMY (THE)        ,MO,63301-1021,Proprietary  ,6,18,24,6,18,24
04170700,PAUL MITCHELL THE SCHOOL ST LOUIS       ,MO,63108-1554,Proprietary  ,27,33,60,27,33,60
04174000,SKIN INSTITUTE                          ,MO,63128-1307,Proprietary  ,3,15,18,3,15,18
00163201,AQUINAS INSTITUTE OF THEOLOGY - MINISTRY,OK,73123-0380,Private      ,0,13,13,0,23,23
00314600,WESTERN OKLAHOMA STATE COLLEGE          ,OK,73521-1397,Public       ,200,390,590,635,1052,1687
00314700,BACONE COLLEGE                          ,OK,74403-1597,Private      ,181,217,398,1014,805,1819
00314900,SOUTHERN NAZARENE UNIVERSITY            ,OK,73008-2694,Private      ,210,572,782,1248,1533,2781
00315000,CAMERON UNIVERSITY                      ,OK,73505-6377,Public       ,431,1084,1515,2178,3549,5727
00315100,OKLAHOMA WESLEYAN UNIVERSITY            ,OK,74006-6299,Private      ,59,233,292,775,937,1712
00315200,UNIV OF CENTRAL OKLAHOMA                ,OK,73034-5209,Public       ,1455,1802,3257,8594,7253,15847
00315300,CONNORS STATE COLLEGE                   ,OK,74469-9700,Public       ,232,463,695,1100,1547,2647
00315400,EAST CENTRAL UNIVERSITY                 ,OK,74820-6999,Public       ,393,804,1197,2529,3006,5535
00315500,EASTERN OKLAHOMA STATE COLLEGE          ,OK,74578-4999,Public       ,166,354,520,847,1187,2034
00315600,REDLANDS COMMUNITY COLLEGE              ,OK,73036-5304,Public       ,187,391,578,783,1250,2033
00315700,LANGSTON UNIVERSITY                     ,OK,73050-0000,Public       ,400,545,945,1925,1927,3852
00315800,MURRAY STATE COLLEGE                    ,OK,73460-3137,Public       ,260,543,803,1200,1905,3105
00316000,NORTHEASTERN OKLAHOMA A & M COLLEGE     ,OK,74354-6497,Public       ,245,306,551,1617,1220,2837
00316100,NORTHEASTERN STATE UNIVERSITY           ,OK,74464-2399,Public       ,655,1436,2091,5043,6242,11285
00316200,NORTHERN OKLAHOMA COLLEGE               ,OK,74653-0310,Public       ,478,655,1133,1826,2197,4023
00316300,NORTHWESTERN OKLAHOMA STATE UNIV        ,OK,73717-2799,Public       ,274,263,537,1354,952,2306
00316400,OKLAHOMA BAPTIST UNIVERSITY             ,OK,74801-2590,Private      ,167,114,281,1927,387,2314
00316500,OKLAHOMA CHRISTIAN UNIVERSITY           ,OK,73131-0000,Private      ,218,225,443,2067,742,2809
00316600,OKLAHOMA CITY UNIVERSITY                ,OK,73106-1493,Private      ,278,485,763,2474,2662,5136
00316700,UNIV OF SCIENCE & ARTS OF OKLAHOMA      ,OK,73018-5322,Public       ,107,144,251,770,475,1245
00316800,ROGERS STATE UNIVERSITY                 ,OK,74017-3252,Public       ,446,707,1153,2481,2924,5405
00317000,OKLAHOMA STATE UNIVERSITY               ,OK,74078-1026,Public       ,1928,1791,3719,14762,7615,22377
00317200,OKLAHOMA STATE UNIVERSITY-OKMULGEE      ,OK,74447-3901,Public       ,327,467,794,1770,1791,3561
00317400,OKLAHOMA PANHANDLE STATE UNIVERSITY     ,OK,73939-0000,Public       ,193,148,341,841,435,1276
00317600,CARL ALBERT STATE COLLEGE               ,OK,74953-5208,Public       ,208,480,688,1280,1959,3239
00317800,SEMINOLE STATE COLLEGE                  ,OK,74818-1902,Public       ,198,394,592,874,1326,2200
00317900,SOUTHEASTERN OKLAHOMA STATE UNIV        ,OK,74701-0609,Public       ,456,671,1127,2399,2309,4708
00318000,SOUTHWESTERN CHRISTIAN UNIVERSITY       ,OK,73008-2335,Private      ,39,113,152,323,330,653
00318100,SOUTHWESTERN OKLAHOMA STATE UNIV        ,OK,73096-3098,Public       ,437,542,979,2944,1931,4875
00318101,SOUTHWESTERN OK STATE UNIV AT SAYRE     ,OK,73662-0000,Public       ,44,92,136,164,268,432
00318300,ST GREGORY'S UNIVERSITY                 ,OK,74804-2499,Private      ,67,130,197,341,407,748
00318308,SAINT GREGORY'S UNIVERSITY - IPD TULSA  ,OK,74135-2499,Private      ,3,45,48,35,224,259
00318400,UNIVERSITY OF OKLAHOMA                  ,OK,73019-4078,Public       ,1494,1867,3361,15916,9783,25699
00318401,UNIVERSITY OF OKLAHOMA-HLTH SCI CTR     ,OK,73190-0000,Public       ,67,430,497,548,3536,4084
00318500,UNIVERSITY OF TULSA                     ,OK,74104-3189,Private      ,242,342,584,2974,2011,4985
00398500,ORAL ROBERTS UNIVERSITY                 ,OK,74171-0001,Private      ,249,356,605,3062,1623,4685
00458305,BROWN MACKIE COLLEGE-SOUTH BEND - BROWN ,OK,74146-5234,Proprietary  ,40,194,234,96,574,670
00531100,TULSA COUNTY AREA VOC TECH SCHOOL       ,OK,74145-0000,Public       ,78,479,557,300,1536,1836
00531200,RED RIVER TECHNOLOGY CENTER             ,OK,73533-2700,Public       ,20,67,87,33,170,203
00533900,METRO TECHNOLOGY CENTERS SCH DIST22     ,OK,73111-0000,Public       ,70,459,529,221,1450,1671
00533903,METRO TECHNOLOGY CENTERS SCH DIST22     ,OK,73129-0000,Public       ,21,173,194,94,488,582
00694200,MID-AMERICA CHRISTIAN UNIVERSITY        ,OK,73170-4504,Private      ,61,639,700,416,1594,2010
00767800,SPARTAN COLLEGE OF AERONAUTICS AND TECHN,OK,74115-5800,Proprietary  ,187,244,431,1022,997,2019
00791100,VIRGILS BEAUTY COLLEGE                  ,OK,74401-6802,Proprietary  ,16,20,36,24,48,72
00834300,AUTRY TECHNOLOGY CENTER                 ,OK,73703-2598,Public       ,22,96,118,89,327,416
00861900,TRI COUNTY TECHNOLOGY CENTER            ,OK,74006-6029,Public       ,11,58,69,103,238,341
00918500,ROSE STATE COLLEGE                      ,OK,73110-2799,Public       ,588,1841,2429,2578,5516,8094
00920400,KIAMICHI AREA VOC TECH SCHOOL           ,OK,74578-0548,Public       ,113,320,433,302,961,1263
00920408,KIAMICHI AREA VOC TECH SCHOOL           ,OK,74953-0000,Public       ,7,40,47,53,172,225
00961800,TULSA WELDING SCHOOL                    ,OK,74104-0000,Proprietary  ,287,519,806,987,1261,2248
00964700,"OKLAHOMA STATE UNIV, OKLA CITY          ",OK,73107-6159,Public       ,579,1686,2265,2291,5689,7980
00970800,EVES COLLEGE OF HAIRSTYLING             ,OK,73501-4359,Proprietary  ,9,55,64,23,104,127
00976300,TULSA COMMUNITY COLLEGE                 ,OK,74135-6198,Public       ,1465,3433,4898,7713,11843,19556
00996300,CADDO KIOWA VOC TECH CENTER             ,OK,73038-0000,Public       ,41,153,194,90,350,440
00996400,CENTRAL OKLAHOMA AREA VOC TECH SCH      ,OK,74030-9613,Public       ,37,112,149,87,297,384
00996500,CANADIAN VALLEY TECHNOLOGY CENTER       ,OK,73036-9117,Public       ,42,157,199,82,428,510
00996800,GORDON COOPER TECHNOLOGY CENTER         ,OK,74804-9913,Public       ,25,153,178,109,455,564
01005300,INDIAN CAPITAL TECHNOLGY CENTER #4      ,OK,74403-9907,Public       ,49,180,229,160,696,856
01026600,HILLSDALE FREE WILL BAPTIST COLLEGE     ,OK,73153-0000,Private      ,60,28,88,198,77,275
01034200,SOUTHERN OKLAHOMA TECHNOLOGY CENTER     ,OK,73401-2100,Public       ,17,73,90,77,258,335
01039100,OKLAHOMA CITY COMMUNITY COLLEGE         ,OK,73159-4444,Public       ,1191,2768,3959,4372,8900,13272
01050304,WTI TULSA CAMPUS                        ,OK,74112-3140,Proprietary  ,10,53,63,19,200,219
01071700,GREAT PLAINS TECHNOLOGY CENTER SCHOOL DI,OK,73505-8399,Public       ,35,149,184,130,496,626
01076200,WESTERN OK AREA VOC TECH SCH DIST12     ,OK,73624-1469,Public       ,17,54,71,57,151,208
01120600,PIONEER TECHNOLOGY CENTER               ,OK,74601-1106,Public       ,13,95,108,43,226,269
01128200,OKLAHOMA STATE UNV CLG OSTEOPTHC MD     ,OK,74107-0000,Public       ,10,75,85,74,659,733
01153700,MID-AMERICA TECHNOLOGY CENTER           ,OK,73095-0210,Public       ,17,29,46,37,100,137
01227200,MOORE-NORMAN TECHNOLOGY CENTER          ,OK,73069-8399,Public       ,48,218,266,192,798,990
02052700,NORTHEAST TECHNOLOGY CENTER             ,OK,74361-0487,Public       ,46,170,216,119,542,661
02060800,MERIDIAN TECHNOLOGY CENTER              ,OK,74074-0000,Public       ,21,113,134,110,368,478
02126500,ENID BEAUTY COLLEGE                     ,OK,73701-0000,Proprietary  ,7,27,34,24,54,78
02184400,SAND SPRINGS BEAUTY COLLEGE             ,OK,74063-0000,Proprietary  ,11,35,46,32,134,166
02197300,HOLLYWOOD COSMETOLOGY CENTER            ,OK,73189-0000,Proprietary  ,1,20,21,11,44,55
02222700,FRANCIS TUTTLE TECHNOLOGY CENTER        ,OK,73142-0000,Public       ,82,425,507,297,1363,1660
02238500,CENTRAL STATE BEAUTY ACADEMY            ,OK,73162-6007,Proprietary  ,20,85,105,57,223,280
02250900,E OK COUNTY AREA VO-TECH                ,OK,73020-0000,Public       ,13,30,43,37,95,132
02256200,"BROKEN ARROW BEAUTY COLLEGE, INC        ",OK,74012-0000,Proprietary  ,31,77,108,77,219,296
02282100,HIGH PLAINS AREA VOC-TECH               ,OK,73801-0000,Public       ,6,31,37,39,107,146
02306800,PLATT COLLEGE                           ,OK,74145-0000,Proprietary  ,131,804,935,309,1901,2210
02510300,BEAUTY TECHNICAL COLLEGE                ,OK,74465-0000,Proprietary  ,8,28,36,12,40,52
02531200,WOODWARD BEAUTY COLLEGE                 ,OK,73801-0000,Proprietary  ,1,17,18,6,42,48
02554300,AMERICAN BEAUTY INSTITUTE               ,OK,74501-0000,Proprietary  ,7,24,31,17,58,75
02556500,YUKON BEAUTY COLLEGE                    ,OK,73099-4108,Proprietary  ,6,13,19,10,28,38
02560200,PHILLIPS THEOLOGICAL SEMINARY -         ,OK,74116-5612,Private      ,0,34,34,1,91,92
02581100,CLAREMORE BEAUTY COLLEGE                ,OK,74017-7034,Proprietary  ,3,10,13,6,30,36
02581200,CC'S COSMETOLOGY COLLEGE                ,OK,74129-0000,Proprietary  ,12,75,87,40,231,271
02591101,CAREER POINT INSTITUTE                  ,OK,74146-0000,Proprietary  ,8,57,65,38,177,215
02596501,ATI-CAREER TRAINING CENTER - OKLAHOMA CI,OK,73107-2442,Proprietary  ,7,31,38,22,125,147
02596502,ATI- CAREER TRAINING CENTER - OKLAHOMA C,OK,76101-2740,Proprietary  ,5,37,42,18,134,152
02597400,PONTOTOC TECHNOLOGY CENTER SCHOOL       ,OK,74820-8621,Public       ,19,38,57,79,214,293
02599706,VATTEROTT COLLEGE - TULSA               ,OK,74146-2205,Proprietary  ,19,151,170,64,515,579
02600000,NORTHWEST TECHNOLOG CTR SCH DIST 10     ,OK,73717-9600,Public       ,8,22,30,34,63,97
02600500,WES WATKINS TECHNOLOGY CENTER           ,OK,74883-9660,Public       ,12,73,85,33,196,229
02609205,VATTEROTT COLLEGE - OKLAHOMA CITY       ,OK,73127-2103,Proprietary  ,18,160,178,61,713,774
03008700,SOUTHWEST TECHNOLOGY CENTER             ,OK,73521-1527,Public       ,12,52,64,34,96,130
03024700,STILLWATER BEAUTY ACADEMY               ,OK,74075-3467,Proprietary  ,7,13,20,13,37,50
03030700,OKLAHOMA SCHOOL OF PHOTOGRAPHY          ,OK,73160-3320,Proprietary  ,10,42,52,37,120,157
03030800,AMERICAN BROADCASTING SCHOOL            ,OK,73115-3334,Proprietary  ,21,118,139,52,286,338
03051100,CHISHOLM TRAIL TECHNOLOGY CENTER        ,OK,73764-9720,Public       ,8,27,35,17,67,84
03078500,TECH INST OF COSMETOLOGY ARTS & SCI     ,OK,74120-3610,Proprietary  ,7,19,26,19,69,88
03103800,SOUTHERN SCHOOL OF BEAUTY               ,OK,74701-5008,Proprietary  ,3,17,20,16,48,64
03109800,PONCA CITY BEAUTY COLLEGE               ,OK,74601-4201,Proprietary  ,1,11,12,1,20,21
03109801,BARTLESVILLE BEAUTY COLLEGE             ,OK,74003-2835,Proprietary  ,1,21,22,2,29,31
03115100,HERITAGE COLLEGE                        ,OK,73119-0000,Proprietary  ,78,355,433,222,1088,1310
03124800,PLATT COLLEGE                           ,OK,73501-3808,Proprietary  ,19,126,145,54,305,359
03124901,IMAGINE -  PAUL MITCHELL PARTNER SCHOOL ,OK,73072-4831,Proprietary  ,2,18,20,2,18,20
03126200,GREEN COUNTRY AREA VOC TECH SCHOOL      ,OK,74447-1217,Public       ,11,38,49,31,120,151
03198400,MID-DEL AREA VOCATIONAL & TECH SCH      ,OK,73110-4825,Public       ,4,53,57,25,136,161
03329400,PRYOR BEAUTY COLLEGE                    ,OK,74361-0000,Proprietary  ,1,21,22,4,30,34
03329401,PRYOR BEAUTY COLLEGE - GROVE BEAUTY COLL,OK,74345-0009,Proprietary  ,3,12,15,8,19,27
03329402,PRYOR BEAUTY COLLEGE - NORTH EAST OKLAHO,OK,74338-0000,Proprietary  ,0,3,3,2,8,10
03367400,COMMUNITY CARE COLLEGE                  ,OK,74145-6420,Proprietary  ,117,441,558,398,1566,1964
03396300,OKLAHOMA HEALTH ACADEMY                 ,OK,74105-6220,Proprietary  ,26,149,175,59,266,325
03396400,OKLAHOMA HEALTH ACADEMY                 ,OK,73160-3667,Proprietary  ,14,57,71,46,146,192
03453400,SHAWNEE BEAUTY COLLEGE                  ,OK,74801-7014,Proprietary  ,10,18,28,12,33,45
03676300,FAMILY OF FAITH COLLEGE                 ,OK,74802-1805,Private      ,7,10,17,18,21,39
03831300,INSTITUTE OF HAIR DESIGN                ,OK,74804-0000,Proprietary  ,9,20,29,10,31,41
03928300,CENTRAL STATE MASSAGE ACADEMY           ,OK,73162-6007,Proprietary  ,9,33,42,25,87,112
04027300,4-STATES ACADEMY OF COSMETOLOGY         ,OK,74354-0000,Proprietary  ,3,16,19,10,38,48
04060300,AMERICAN INSTITUTE OF MEDICAL TECHNOLOGY,OK,74146-5201,Proprietary  ,11,59,70,44,209,253
04062300,OKLAHOMA TECHNOLOGY INSTITUTE           ,OK,73114-6318,Proprietary  ,9,51,60,51,169,220
04121300,4-STATES OKMULGEE ACADEMY OF COSMETOLOGY,OK,74447-0000,Proprietary  ,3,21,24,7,32,39
04133600,CUTTER'S EDGE SCHOOL OF COSMETOLOGY     ,OK,74023-2905,Proprietary  ,2,6,8,5,21,26
04144400,ACADEMY OF HAIR DESIGN (THE)            ,OK,73120-6808,Proprietary  ,17,53,70,61,144,205
00163700,BETHANY THEOLOGICAL SEMINARY            ,IN,47374-0000,Private      ,0,7,7,4,60,64
00178400,ANCILLA COLLEGE-FINANCIAL AID OFFC      ,IN,46513-0001,Private      ,35,71,106,521,606,1127
00178500,ANDERSON UNIVERSITY                     ,IN,46012-3495,Private      ,123,211,334,2698,1136,3834
00178600,BALL STATE UNIVERSITY                   ,IN,47306-0880,Public       ,617,916,1533,21747,9637,31384
00178700,BETHEL COLLEGE INC                      ,IN,46545-5591,Private      ,29,167,196,1675,1441,3116
00178800,BUTLER UNIVERSITY                       ,IN,46208-3487,Private      ,129,176,305,6567,1879,8446
00178900,CHRISTIAN THEOLOGICAL SEMINARY          ,IN,46208-0000,Private      ,0,50,50,5,273,278
00179200,DEPAUW UNIVERSITY                       ,IN,46135-0037,Private      ,36,12,48,3270,158,3428
00179300,EARLHAM COLLEGE                         ,IN,47374-4095,Private      ,27,25,52,1568,180,1748
00179301,EARLHAM SCHOOL OF RELIGION              ,IN,47374-0000,Private      ,0,8,8,18,57,75
00179500,UNIVERSITY OF EVANSVILLE                ,IN,47722-0002,Private      ,64,83,147,3999,915,4914
00179800,FRANKLIN COLLEGE OF INDIANA             ,IN,46131-2623,Private      ,19,25,44,1902,238,2140
00179900,GOSHEN COLLEGE                          ,IN,46526-4794,Private      ,27,51,78,1048,450,1498
00180000,GRACE COLLEGE & THEO SEMINARY           ,IN,46590-1224,Private      ,30,48,78,1585,838,2423
00180100,HANOVER COLLEGE                         ,IN,47243-0108,Private      ,24,4,28,2083,97,2180
00180300,HUNTINGTON UNIVERSITY                   ,IN,46750-1299,Private      ,39,59,98,1444,425,1869
00180400,UNIVERSITY OF INDIANAPOLIS              ,IN,46227-3697,Private      ,125,484,609,5911,4514,10425
00180500,INDIANA INSTITUTE OF TECHNOLOGY         ,IN,46803-1297,Private      ,82,540,622,1972,3653,5625
00180700,INDIANA STATE UNIVERSITY                ,IN,47809-2501,Public       ,353,858,1211,11118,7200,18318
00180800,UNIVERSITY OF SOUTHERN INDIANA          ,IN,47712-3596,Public       ,351,489,840,9229,3875,13104
00180900,INDIANA UNIVERSITY-BLOOMINGTON          ,IN,47405-1223,Public       ,904,1136,2040,32103,12564,44667
00181100,INDIANA UNIV-EAST                       ,IN,47374-1289,Public       ,105,404,509,1529,2298,3827
00181300,INDIANA UNIV-PURDUE UNIV INDPLS         ,IN,46202-5145,Public       ,700,2370,3070,17514,21816,39330
00181301,INDIANA UNIVERSITY - PURDUE UNIVERSITY I,IN,47203-1769,Public       ,59,254,313,1669,1993,3662
00181400,INDIANA UNIV KOKOMO                     ,IN,46902-3557,Public       ,88,289,377,1757,2377,4134
00181500,INDIANA UNIV-NORTHWEST                  ,IN,46408-1197,Public       ,269,785,1054,3200,4968,8168
00181600,INDIANA UNIVERSITY - SOUTH BEND         ,IN,46615-0000,Public       ,277,835,1112,4973,6096,11069
00181700,INDIANA UNIVERSITY-SOUTHEAST            ,IN,47150-6405,Public       ,287,719,1006,4225,4210,8435
00182000,MANCHESTER COLLEGE                      ,IN,46962-1276,Private      ,22,15,37,2367,192,2559
00182100,MARIAN UNIVERSITY                       ,IN,46222-1997,Private      ,48,226,274,2089,2159,4248
00182200,INDIANA WESLEYAN UNIVERSITY             ,IN,46953-4974,Private      ,136,2758,2894,4278,12801,17079
00182300,ASSOCIATED MENNONITE BIBLICAL SEM       ,IN,46517-1999,Private      ,0,15,15,5,111,116
00182400,OAKLAND CITY UNIVERSITY                 ,IN,47660-1099,Private      ,14,94,108,586,2064,2650
00182500,PURDUE UNIVERSITY                       ,IN,47907-2050,Public       ,875,882,1757,31908,8507,40415
00182600,PURDUE UNIV NORTH CENTRAL CAMPUS        ,IN,46391-9542,Public       ,237,412,649,2850,3073,5923
00182700,PURDUE UNIV CALUMET                     ,IN,46323-2094,Public       ,484,953,1437,5450,5994,11444
00182800,INDIANA UNIV-PURDUE UNIV FORT WAYNE     ,IN,46805-1499,Public       ,473,1051,1524,9581,8509,18090
00183000,ROSE HULMAN INSTITUTE OF TECHNOLOGY     ,IN,47803-3999,Private      ,43,14,57,2996,146,3142
00183200,UNIVERSITY OF SAINT FRANCIS             ,IN,46808-3994,Private      ,53,202,255,2165,1955,4120
00183300,ST JOSEPH'S COLLEGE                     ,IN,47978-0000,Private      ,25,26,51,1300,179,1479
00183400,CALUMET COLLEGE OF SAINT JOSEPH         ,IN,46394-2195,Private      ,63,199,262,554,903,1457
00183500,SAINT MARY-OF-THE-WOODS COLLEGE         ,IN,47876-0067,Private      ,15,207,222,496,1316,1812
00183600,ST MARY'S COLLEGE                       ,IN,46556-5007,Private      ,21,6,27,1781,88,1869
00183800,TAYLOR UNIVERSITY                       ,IN,46989-1001,Private      ,53,38,91,2504,310,2814
00183900,TRINE UNIVERSITY                        ,IN,46703-1764,Private      ,32,110,142,2603,850,3453
00184000,UNIVERSITY OF NOTRE DAME                ,IN,46556-5602,Private      ,159,184,343,12258,3725,15983
00184200,VALPARAISO UNIVERSITY                   ,IN,46383-6493,Private      ,113,226,339,4340,2131,6471
00184300,VINCENNES UNIVERSITY                    ,IN,47591-1523,Public       ,417,740,1157,6818,4670,11488
00184400,WABASH COLLEGE                          ,IN,47933-0352,Private      ,14,6,20,1332,71,1403
00420300,GOOD SAMARITAN HOSP RADIOGRAPHY PRG     ,IN,47591-0000,Public       ,0,0,0,17,28,45
00457900,INTERNATIONAL BUSINESS COLLEGE          ,IN,46804-0000,Proprietary  ,37,62,99,792,466,1258
00457901,INTERNATIONAL BUSINESS COLLEGE          ,IN,46256-0000,Proprietary  ,25,83,108,643,506,1149
00458300,BROWN MACKIE COLLEGE-SOUTH BEND         ,IN,46635-1776,Proprietary  ,87,419,506,520,2263,2783
00458301,BROWN MACKIE COLLEGE-SOUTH BEND - BROWN ,IN,46805-0000,Proprietary  ,74,475,549,465,2720,3185
00512730,BROWN MACKIE COLLEGE-MERRILLVILLE       ,IN,46410-0000,Proprietary  ,56,318,374,271,1389,1660
00512731,BROWN MACKIE COLLEGE-CINCINNATI - BROWN ,IN,46360-4362,Proprietary  ,16,114,130,141,768,909
00625700,SAINT ELIZABETH SCHOOL OF NURSING       ,IN,47904-2198,Private      ,1,22,23,140,348,488
00726300,HOLY CROSS COLLEGE                      ,IN,46556-0308,Private      ,25,8,33,636,115,751
00727600,SAINT MEINRAD SCHOOL OF THEOLOGY        ,IN,47577-1002,Private      ,0,57,57,1,116,117
00732700,ITT TECHNICAL INSTITUTE                 ,IN,47630-7430,Proprietary  ,618,1851,2469,1427,4358,5785
00732900,ITT TECHNICAL INSTITUTE                 ,IN,46268-1119,Proprietary  ,790,4916,5706,2397,12007,14404
00736200,MEDTECH COLLEGE                         ,IN,46250-3970,Proprietary  ,36,292,328,277,1926,2203
00736202,MEDTECH COLLEGE - GREENWOOD             ,IN,46143-6478,Proprietary  ,34,181,215,144,960,1104
00736204,MEDTECH COLLEGE - FORT WAYNE            ,IN,46804-2209,Proprietary  ,32,158,190,159,863,1022
00793800,LINCOLN COLLEGE OF TECHNOLOGY           ,IN,46202-0000,Proprietary  ,287,379,666,2231,1600,3831
00832900,ITT TECHNICAL INSTITUTE                 ,IN,46825-2393,Proprietary  ,488,1662,2150,1481,4321,5802
00842300,IVY TECH COMMUNITY COLLEGE OF INDIANA - ,IN,46601-3892,Public       ,317,1729,2046,2940,10056,12996
00854600,NOT FOR STUDENT USE                     ,IN,46208-4700,Public       ,3,14,17,35,63,98
00854700,IVY TECH COMMUNITY COLLEGE OF INDIANA - ,IN,47802-4898,Public       ,262,1043,1305,2218,5744,7962
00931306,DAYMAR COLLEGE - ROCKPORT               ,IN,47635-1506,Proprietary  ,0,1,1,0,1,1
00951500,J MICHAEL HARROLD BEAUTY ACADEMY        ,IN,47807-3390,Proprietary  ,11,29,40,31,70,101
00961200,"APEX SCHOOL OF BEAUTY CULTURE, INC      ",IN,46016-0000,Proprietary  ,4,10,14,23,53,76
00961300,MERRILLVILLE BEAUTY COLLEGE             ,IN,46410-3401,Proprietary  ,11,63,74,42,120,162
00967300,RUDAE'S SCHOOL OF BEAUTY CULTURE        ,IN,46825-5444,Proprietary  ,26,76,102,113,252,365
00977700,KAPLAN COLLEGE                          ,IN,46278-1736,Proprietary  ,55,373,428,318,1611,1929
00977702,KAPLAN COLLEGE - TEMPORARY FACILITY EXPA,IN,46268-4111,Proprietary  ,3,31,34,28,138,166
00977703,KAPLAN COLLEGE -  SE INDY               ,IN,46227-0000,Proprietary  ,45,312,357,224,1119,1343
00991700,IVY TECH COMMUNITY COLLEGE OF INDIANA - ,IN,46208-1763,Public       ,1159,4360,5519,10357,23918,34275
00992300,IVY TECH COMMUNITY COLLEGE OF INDIANA - ,IN,47250-1881,Public       ,161,572,733,1126,2794,3920
00992400,IVY TECH COMMUNITY COLLEGE OF INDIANA - ,IN,47302-9448,Public       ,431,1626,2057,3963,9607,13570
00992500,IVY TECH COMMUNITY COLLEGE OF INDIANA - ,IN,47710-3398,Public       ,320,1258,1578,2187,5645,7832
00992600,IVY TECH COMMUNITY COLLEGE OF INDIANA- R,IN,46805-1489,Public       ,550,2225,2775,5118,12935,18053
01003700,IVY TECH STATE COLLEGE - REGION 9       ,IN,47374-1220,Public       ,185,933,1118,1154,4607,5761
01003800,IVY TECH COMMUNITY COLLEGE OF INDIANA - ,IN,47203-1868,Public       ,218,842,1060,1926,4841,6767
01003900,IVY TECH COMMUNITY COLLEGE OF INDIANA - ,IN,47903-6299,Public       ,368,1101,1469,3482,6733,10215
01004000,IVY TECH COMMUNITY COLLEGE OF INDIANA - ,IN,46409-1303,Public       ,638,2344,2982,3372,9868,13240
01004100,IVY TECH STATE COLLEGE - REGION 5       ,IN,46903-1373,Public       ,221,1214,1435,1773,6184,7957
01010900,IVY TECH COMMUNITY COLLEGE OF INDIANA - ,IN,47172-1897,Public       ,261,896,1157,1583,4310,5893
01015100,VINCENNES BEAUTY COLLEGE                ,IN,47591-1297,Proprietary  ,4,20,24,59,57,116
01040900,LAFAYETTE BEAUTY ACADEMY                ,IN,47901-1149,Proprietary  ,6,36,42,51,165,216
01048900,NATIONAL COLLEGE                        ,IN,46250-1930,Proprietary  ,50,430,480,483,4435,4918
01048910,NATIONAL COLLEGE - SOUTH BEND           ,IN,46617-3123,Proprietary  ,0,24,24,0,24,24
01061800,MID-AMERICA CLG FUNERAL SERVICE         ,IN,47130-9990,Private      ,12,54,66,59,146,205
01150500,CREATIVE HAIR STYLING ACADEMY           ,IN,46322-1554,Proprietary  ,14,12,26,72,86,158
02084800,RAVENSCROFT BEAUTY COLLEGE              ,IN,46815-0000,Proprietary  ,24,91,115,78,208,286
02087600,CONCORDIA THEOLOGICAL SEMINARY          ,IN,46825-0000,Private      ,0,28,28,5,273,278
02100402,EVEREST INSTITUTE - EVEREST COLLEGE     ,IN,46410-5683,Proprietary  ,82,362,444,265,1258,1523
02140800,MARTIN UNIVERSITY                       ,IN,46218-0000,Private      ,48,364,412,227,1558,1785
02158400,HARRISON COLLEGE                        ,IN,46204-2611,Proprietary  ,114,778,892,707,3882,4589
02158401,HARRISON COLLEGE - COLUMBUS             ,IN,47203-1843,Proprietary  ,9,76,85,106,457,563
02158402,HARRISON COLLEGE - LAFAYETTE            ,IN,47905-4859,Proprietary  ,13,85,98,126,478,604
02158404,HARRISON COLLEGE - MARION               ,IN,46952-0000,Proprietary  ,2,18,20,28,91,119
02158405,HARRISON COLLEGE - TERRE HAUTE          ,IN,47802-0000,Proprietary  ,9,79,88,88,552,640
02158407,HARRISON COLLEGE - ANDERSON             ,IN,46013-0000,Proprietary  ,16,93,109,121,507,628
02158409,HARRISON COLLEGE - EVANSVILLE           ,IN,47715-3901,Proprietary  ,14,81,95,105,411,516
02158410,HARRISON COLLEGE - EAST                 ,IN,46239-8903,Proprietary  ,13,159,172,204,895,1099
02158412,HARRISON COLLEGE - FORT WAYNE           ,IN,46825-0000,Proprietary  ,22,147,169,185,889,1074
02158413,HARRISON COLLEGE - NORTHWEST            ,IN,46278-0000,Proprietary  ,19,85,104,236,479,715
02158800,DON ROBERTS BEAUTY SCHOOLS              ,IN,46383-0000,Proprietary  ,7,19,26,30,54,84
02164300,DON ROBERTS SCHOOL OF HAIR DESIGN       ,IN,46375-9999,Proprietary  ,6,10,16,34,90,124
02180108,ROSS MEDICAL EDUCATION CENTER -         ,IN,46530-4479,Proprietary  ,1,16,17,14,76,90
02201800,KAPLAN COLLEGE                          ,IN,46410-0000,Proprietary  ,21,149,170,151,866,1017
02201802,KAPLAN COLLEGE - HAMMOND                ,IN,46324-3347,Proprietary  ,44,212,256,192,1040,1232
02241700,PJ'S COLLEGE OF COSMETOLOGY             ,IN,47129-0000,Proprietary  ,14,67,81,67,216,283
02245505,FORTIS COLLEGE - INDIANAPOLIS CAMPUS    ,IN,46268-0000,Proprietary  ,5,77,82,21,187,208
02302700,J EVERETT LIGHT CAREER CENTER           ,IN,46240-0000,Public       ,7,52,59,72,390,462
02304800,PJ'S COLLEGE OF COSMETOLOGY             ,IN,47374-0000,Proprietary  ,5,19,24,24,103,127
02308900,MASTER'S OF COSMETOLOGY COLLEGE         ,IN,46809-0000,Proprietary  ,16,46,62,92,147,239
02339600,ROGER'S ACADEMY OF HAIR DESIGN          ,IN,47712-0000,Proprietary  ,35,53,88,86,162,248
02345200,EMPIRE BEAUTY SCHOOL                    ,IN,46237-0000,Proprietary  ,29,119,148,122,498,620
02351300,KNOX BEAUTY COLLEGE                     ,IN,46534-0000,Proprietary  ,1,7,8,8,25,33
02490500,HAIR FASHIONS BY KAYE BEAUTY CLG        ,IN,46250-0000,Proprietary  ,12,48,60,52,173,225
02490800,HAIR FASHIONS BY KAYE BEAUTY CLG        ,IN,46060-0000,Proprietary  ,16,55,71,40,174,214
02607000,HAIR ARTS ACADEMY                       ,IN,47404-3581,Proprietary  ,7,19,26,33,96,129
02615800,COLLEGE OF COURT REPORTING              ,IN,46342-5969,Proprietary  ,8,111,119,40,331,371
02616203,BROWN MACKIE COLLEGE-FINDLAY - INDIANAPO,IN,46204-1017,Proprietary  ,74,537,611,439,2612,3051
03009700,HARRISON COLLEGE                        ,IN,47303-6413,Proprietary  ,11,81,92,102,405,507
03009701,HARRISON COLLEGE - MUNCIE - ELKHART     ,IN,46516-9795,Proprietary  ,15,72,87,99,568,667
03084601,THE ART INSTITUTE OF INDIANAPOLIS       ,IN,46268-1170,Proprietary  ,100,218,318,1360,1329,2689
03100600,MARION COMM TUCKER AREA VOC SCHOOL      ,IN,46952-3831,Public       ,4,19,23,44,127,171
03176300,AVIATION INSTITUTE OF MAINTENANCE       ,IN,46241-1445,Proprietary  ,25,102,127,122,437,559
03262300,DAVID DEMUTH INSTITUTE OF COSM          ,IN,47374-4101,Proprietary  ,4,10,14,14,48,62
03456700,CROSSROADS BIBLE COLLEGE                ,IN,46219-4912,Private      ,4,47,51,78,291,369
03521300,IVY TECH COMMUNITY COLLEGE OF INDIANA - ,IN,47404-9772,Public       ,332,943,1275,3214,5447,8661
03538300,ALEXANDRIA SCH OF SCIENTIFIC THERAP     ,IN,46001-0287,Proprietary  ,8,26,34,40,85,125
04038700,IDEAL BEAUTY ACADEMY                    ,IN,47130-4215,Proprietary  ,8,25,33,23,57,80
04100300,SUCCESS SCHOOLS                         ,IN,46410-5310,Proprietary  ,21,70,91,51,167,218
04121000,TECHSKILLS - INDIANAPOLIS               ,IN,46240-4302,Proprietary  ,1,59,60,31,229,260
04130900,HONORS BEAUTY COLLEGE                   ,IN,46256-3317,Proprietary  ,13,59,72,84,233,317
04155900,AVEDA FREDRIC'S INSTITUTE               ,IN,46250-4746,Proprietary  ,14,30,44,131,168,299
04166700,REM SPA INC                             ,IN,46013-3136,Proprietary  ,18,30,48,38,79,117
04171700,AVANT GARD THE SCHOOL                   ,IN,46214-6500,Proprietary  ,6,19,25,6,19,25
04172700,SALON PROFESSIONAL ACADEMY (THE)        ,IN,47715-7822,Proprietary  ,15,32,47,19,46,65
00163203,AQUINAS INSTITUTE OF THEOLOGY - MINISTRY,KS,66109-3718,Private      ,0,3,3,5,7,12
00190100,ALLEN COUNTY COMMUNITY COLLEGE          ,KS,66749-1607,Public       ,272,483,755,990,1281,2271
00190200,COWLEY COUNTY COMMUNITY COLLEGE & AREA V,KS,67005-2662,Public       ,364,895,1259,1490,2468,3958
00190300,BAKER UNIVERSITY                        ,KS,66006-0065,Private      ,74,648,722,1441,2141,3582
00190400,BETHANY COLLEGE                         ,KS,67456-1897,Private      ,69,16,85,826,101,927
00190500,BETHEL COLLEGE                          ,KS,67117-0531,Private      ,35,30,65,533,129,662
00190600,BUTLER COUNTY COMMUNITY COLLEGE         ,KS,67042-3280,Public       ,893,1495,2388,4024,4877,8901
00190700,CENTRAL BAPTIST THEOLOGY SEMINARY       ,KS,66226-3513,Private      ,0,14,14,0,35,35
00190800,CENTRAL CHRISTIAN COLLEGE OF KANSAS     ,KS,67460-5799,Private      ,24,21,45,442,71,513
00190900,CLOUD COUNTY COMMUNITY COLLEGE          ,KS,66901-1002,Public       ,154,329,483,844,967,1811
00191000,COFFEYVILLE COMMUNITY COLLEGE           ,KS,67337-5064,Public       ,215,185,400,1016,514,1530
00191100,COLBY COMMUNITY COLLEGE                 ,KS,67701-4099,Public       ,110,110,220,579,356,935
00191300,DODGE CITY COMMUNITY COLLEGE            ,KS,67801-2399,Public       ,201,222,423,686,574,1260
00191400,DONNELLY COLLEGE                        ,KS,66102-4298,Private      ,81,348,429,176,675,851
00191500,FORT HAYS STATE UNIVERSITY              ,KS,67601-4099,Public       ,373,1000,1373,3604,4116,7720
00191600,FORT SCOTT COMMUNITY COLLEGE            ,KS,66701-3199,Public       ,199,302,501,1281,1013,2294
00191700,BARCLAY COLLEGE                         ,KS,67059-0288,Private      ,22,28,50,154,117,271
00191800,FRIENDS UNIVERSITY                      ,KS,67213-3397,Private      ,102,623,725,1292,2701,3993
00191900,GARDEN CITY COMMUNITY COLLEGE           ,KS,67846-6398,Public       ,171,195,366,923,607,1530
00192000,HESSTON COLLEGE                         ,KS,67062-2093,Private      ,26,25,51,445,189,634
00192100,HIGHLAND COMMUNITY COLLEGE              ,KS,66035-4062,Public       ,247,509,756,1211,1467,2678
00192114,HIGHLAND COMMUNITY COLLEGE - NOTHEAST KA,KS,66002-1513,Public       ,0,0,0,13,30,43
00192300,HUTCHINSON COMMUNITY COLLEGE            ,KS,67501-5894,Public       ,411,784,1195,2152,2335,4487
00192400,INDEPENDENCE COMMUNITY COLLEGE          ,KS,67301-0000,Public       ,145,214,359,490,438,928
00192500,KANSAS CITY KANSAS COMMUNITY CLG        ,KS,66112-9978,Public       ,587,1593,2180,1841,4355,6196
00192502,"KANSAS CITY KS AREA TECH SCHOOL, KS     ",KS,66104-0000,Public       ,28,115,143,104,315,419
00192600,PITTSBURG STATE UNIVERSITY              ,KS,66762-7500,Public       ,679,788,1467,4589,2717,7306
00192700,EMPORIA STATE UNIVERSITY                ,KS,66801-5087,Public       ,325,513,838,3267,2683,5950
00192800,KANSAS STATE UNIVERSITY                 ,KS,66506-1104,Public       ,1217,1192,2409,14618,6124,20742
00192900,KANSAS WESLEYAN UNIVERSITY              ,KS,67401-6196,Private      ,51,69,120,1018,363,1381
00193000,LABETTE COMMUNITY COLLEGE               ,KS,67357-4299,Public       ,144,315,459,568,876,1444
00193100,MANHATTAN CHRISTIAN COLLEGE             ,KS,66502-4081,Private      ,30,30,60,329,118,447
00193300,MCPHERSON COLLEGE                       ,KS,67460-3899,Private      ,37,21,58,802,179,981
00193600,NEOSHO COUNTY COMMUNITY COLLEGE         ,KS,66720-2699,Public       ,121,309,430,648,992,1640
00193700,OTTAWA UNIVERSITY                       ,KS,66067-3399,Private      ,82,858,940,888,2468,3356
00193800,PRATT COMMUNITY COLLEGE                 ,KS,67124-8432,Public       ,123,168,291,584,604,1188
00193900,NEWMAN UNIVERSITY                       ,KS,67213-2084,Private      ,101,322,423,1245,1519,2764
00194000,SOUTHWESTERN COLLEGE                    ,KS,67156-2499,Private      ,40,293,333,772,1189,1961
00194300,UNIVERSITY OF ST MARY                   ,KS,66048-5023,Private      ,48,143,191,674,551,1225
00194500,STERLING COLLEGE                        ,KS,67579-1533,Private      ,99,46,145,896,183,1079
00194600,TABOR COLLEGE                           ,KS,67063-1799,Private      ,44,81,125,738,197,935
00194800,UNIVERSITY OF KANSAS                    ,KS,66045-7535,Public       ,1192,1250,2442,15503,10096,25599
00194900,WASHBURN UNIVERSITY                     ,KS,66621-1110,Public       ,357,822,1179,3313,4398,7711
00194901,WAHBURN UNIVERSITY - TOPEKA - WASHBURN I,KS,66604-2199,Public       ,65,173,238,244,612,856
00195000,WICHITA STATE UNIVERSITY                ,KS,67208-0001,Public       ,997,1828,2825,6677,8044,14721
00460800,BARTON COUNTY COMMUNITY COLLEGE         ,KS,67530-9283,Public       ,157,537,694,825,1545,2370
00526400,FLINT HILLS TECHNICAL COLLEGE           ,KS,66801-5999,Public       ,62,95,157,245,407,652
00526500,NORTH CENTRAL KANSAS TECH COLG          ,KS,67420-0000,Public       ,84,79,163,400,295,695
00526700,NORTHWEST KANSAS TECHNICAL SCHOOL       ,KS,67735-3441,Public       ,44,39,83,238,148,386
00549800,WICHITA AREA TECHNICAL COLLEGE          ,KS,67211-2099,Public       ,170,871,1041,475,2420,2895
00549900,SALINA AREA TECHNICAL COLLEGE           ,KS,67401-8195,Public       ,34,73,107,181,252,433
00550000,MANHATTAN AREA TECHNICAL COLLEGE        ,KS,66503-2499,Public       ,78,153,231,369,598,967
00675500,BROWN MACKIE COLLEGE (THE)              ,KS,67401-7307,Proprietary  ,115,432,547,337,1504,1841
00703200,MID AMERICA NAZARENE UNIVERSITY         ,KS,66062-1899,Private      ,79,322,401,1018,1051,2069
00822800,SEWARD CO COMM CO/AREA TECHNICAL SCHOOL ,KS,67905-0000,Public       ,153,178,331,477,468,945
00824400,JOHNSON COUNTY COMMUNITY COLLEGE        ,KS,66210-1299,Public       ,1023,1922,2945,5574,7227,12801
00833200,B-STREET DESIGN SCHOOL OF INTERNATIONAL ,KS,66502-6082,Proprietary  ,10,42,52,38,118,156
00868200,ACADEMY OF HAIR DESIGN                  ,KS,67401-2803,Proprietary  ,4,28,32,12,83,95
01025600,BENEDICTINE COLLEGE                     ,KS,66002-1499,Private      ,96,43,139,2021,170,2191
01043800,HASKELL INDIAN NATIONS UNIVERSITY       ,KS,66046-4800,Public       ,213,169,382,961,688,1649
01050300,WICHITA TECHNICAL INSTITUTE             ,KS,67213-1927,Proprietary  ,67,419,486,174,1202,1376
01050302,WICHITA TECHNICAL INSTITUTE - WTI TOPEKA,KS,66609-1217,Proprietary  ,25,178,203,61,388,449
01050305,WICHITA TECHNICAL INSTITUTE - EAST CAMPU,KS,67208-4243,Proprietary  ,21,127,148,58,447,505
02090700,CLEVELAND CHIROPRACTIC COLLEGE          ,KS,66210-1613,Private      ,12,125,137,60,513,573
02134800,OLD TOWN BARBER AND BEAUTY COLLEGE      ,KS,67211-0000,Proprietary  ,8,22,30,34,86,120
02196400,CAPITOL CITY HAIR DESIGN COLLEGE        ,KS,66102-0000,Proprietary  ,21,66,87,35,160,195
02257700,HAYS ACADEMY OF HAIR DESIGN             ,KS,67601-0000,Proprietary  ,8,29,37,34,64,98
02303500,AMERICAN INSTITUTE OF BAKING            ,KS,66502-0000,Private      ,0,2,2,11,17,28
02340700,LABARON HAIRDRESSING ACADEMY            ,KS,66204-0000,Proprietary  ,2,30,32,12,61,73
02590900,WRIGHT CAREER COLLEGE                   ,KS,66212-0000,Private      ,135,829,964,313,2189,2502
02599709,VATTEROTT COLLEGE - WICHITA             ,KS,67226-1304,Proprietary  ,21,161,182,80,704,784
02603100,XENON INTERNATIONAL ACADEMY             ,KS,67203-5428,Proprietary  ,39,78,117,120,209,329
02606300,PAUL MITCHELL THE SCHOOL WICHITA        ,KS,67226-2803,Proprietary  ,39,50,89,74,107,181
02611005,HERITAGE COLLEGE - WICHITA              ,KS,67210-1879,Proprietary  ,95,351,446,222,965,1187
02613000,PINNACLE CAREER INSTITUTE               ,KS,66046-2703,Proprietary  ,22,92,114,72,341,413
03031300,XENON INTERNATIONAL ACADEMY IV          ,KS,66061-3765,Proprietary  ,15,22,37,39,75,114
03066200,BRYAN COLLEGE                           ,KS,66604-2496,Proprietary  ,11,90,101,34,300,334
03450300,B-STREET DESIGN SCHOOL OF INTERNATIONAL ,KS,66611-2373,Proprietary  ,19,61,80,47,140,187
03450301,B-STREET DESIGN SCHOOL OF INTERNATIONAL ,KS,67207-5148,Proprietary  ,13,47,60,24,111,135
03450302,B-STREET DESIGN SCHOOL OF INTERNATIONAL ,KS,66212-5451,Proprietary  ,29,71,100,55,151,206
03529300,SIDNEY'S HAIRDRESSING COLLEGE           ,KS,67501-7094,Proprietary  ,11,17,28,42,54,96
04132900,Z HAIR ACADEMY                          ,KS,66046-4040,Proprietary  ,9,16,25,31,39,70
04162700,ERIC FISHER ACADEMY                     ,KS,67212-3376,Proprietary  ,33,45,78,104,146,250
00203300,UNIVERSITY OF MAINE-PRESQUE ISLE        ,ME,04769-2888,Public       ,54,90,144,787,525,1312
00203500,BANGOR THEOLOGICAL SEMINARY             ,ME,04402-0411,Private      ,0,9,9,1,79,80
00203600,BATES COLLEGE                           ,ME,04240-6028,Private      ,32,15,47,2625,97,2722
00203800,BOWDOIN COLLEGE                         ,ME,04011-8451,Private      ,34,4,38,3498,69,3567
00203900,COLBY COLLEGE                           ,ME,04901-8841,Private      ,41,11,52,2605,74,2679
00204000,UNIVERSITY OF MAINE-FARMINGTON          ,ME,04938-1990,Public       ,68,56,124,2708,497,3205
00204100,UNIVERSITY OF MAINE-FORT KENT           ,ME,04743-1292,Public       ,28,57,85,610,345,955
00204300,HUSSON UNIVERSITY                       ,ME,04401-2999,Private      ,102,213,315,2474,1343,3817
00204400,MAINE MARITIME ACADEMY                  ,ME,04420-0001,Public       ,24,16,40,1047,171,1218
00205000,UNIVERSITY OF NEW ENGLAND               ,ME,04005-9599,Private      ,82,400,482,3788,3189,6977
00205100,SAINT JOSEPH'S COLLEGE                  ,ME,04084-5263,Private      ,35,223,258,1692,716,2408
00205200,THOMAS COLLEGE                          ,ME,04901-5097,Private      ,60,47,107,1016,236,1252
00205300,UNIVERSITY OF MAINE                     ,ME,04469-0001,Public       ,338,392,730,10613,3277,13890
00205400,UNIVERSITY OF SOUTHERN MAINE            ,ME,04104-0000,Public       ,329,612,941,6604,5202,11806
00205500,UNIVERSITY OF MAINE-MACHIAS             ,ME,04654-1397,Public       ,36,81,117,510,338,848
00520400,BEAL COLLEGE                            ,ME,04401-6896,Proprietary  ,39,124,163,213,624,837
00527600,CENTRAL MAINE COMMUNITY COLLEGE         ,ME,04210-6498,Public       ,176,359,535,1506,1907,3413
00527700,EASTERN MAINE COMMUNITY COLLEGE         ,ME,04401-4280,Public       ,140,275,415,1534,1582,3116
00552500,SOUTHERN MAINE COMMUNITY  COLLEGE       ,ME,04106-1698,Public       ,506,777,1283,3549,3449,6998
00576000,NORTHERN MAINE COMMUNITY COLLEGE        ,ME,04769-2016,Public       ,69,129,198,502,770,1272
00577600,MERCY HOSP SCH OF RADIOLOGIC TECH       ,ME,04101-3795,Private      ,2,8,10,29,52,81
00630501,CENTRAL MAINE MEDICAL CENTER - COLLEGE O,ME,04240-4500,Private      ,5,28,33,76,275,351
00676000,UNIVERSITY OF MAINE-AUGUSTA             ,ME,04330-9410,Public       ,187,878,1065,1614,5098,6712
00685800,UNITY COLLEGE                           ,ME,04988-9502,Private      ,17,11,28,926,114,1040
00903800,MR BERNARD'S SCH HAIR FASHION INC       ,ME,04243-1163,Proprietary  ,8,39,47,42,145,187
00923100,WASHINGTON COUNTY COMMUNITY COLLEGE     ,ME,04619-9704,Public       ,33,77,110,266,301,567
00929200,ANDOVER COLLEGE                         ,ME,04106-2415,Proprietary  ,34,171,205,190,814,1004
00929201,ANDOVER COLLEGE -                       ,ME,04240-0000,Proprietary  ,24,200,224,131,882,1013
00945900,EMPIRE BEAUTY SCHOOL                    ,ME,04101-3348,Proprietary  ,48,115,163,141,359,500
00945902,PIERRE'S SCHOOL OF COSMETOLOGY - CARIBOU,ME,04736-2020,Proprietary  ,0,3,3,11,13,24
00945903,EMPIRE BEAUTY SCHOOL - BANGOR           ,ME,04401-6534,Proprietary  ,3,6,9,28,34,62
00982600,KENNEBEC VALLEY  COMMUNITY  COLLEGE     ,ME,04937-1367,Public       ,73,304,377,799,1663,2462
01138500,COLLEGE OF THE ATLANTIC                 ,ME,04609-1105,Private      ,18,6,24,506,76,582
01167300,MAINE COLLEGE OF ART                    ,ME,04101-3987,Private      ,9,22,31,585,203,788
02104400,SPA TECH INSTITUTE                      ,ME,04102-0000,Proprietary  ,45,177,222,142,514,656
02347100,NEW ENGLAND SCHOOL OF COMMUNICATIONS    ,ME,04401-0000,Private      ,22,9,31,573,110,683
02361300,LANDING SCHOOL OF BOATBUILDING & DESIGN ,ME,04046-1490,Private      ,4,7,11,19,52,71
03122900,YORK COUNTY COMMUNITY COLLEGE           ,ME,04090-0529,Public       ,118,239,357,569,841,1410
03429300,SEACOAST CAREER SCHOOLS                 ,ME,04073-0000,Proprietary  ,62,367,429,161,766,927
03612300,BIRTHWISE MIDWIFERY SCHOOL              ,ME,04009-1110,Proprietary  ,1,5,6,9,63,72
00209300,ST JOHN'S COLLEGE                       ,NM,87505-4599,Private      ,17,30,47,459,199,658
00264900,COLLEGE OF SANTA FE                     ,NM,87505-7634,Proprietary  ,53,52,105,470,213,683
00265000,UNIVERSITY OF THE SOUTHWEST             ,NM,88240-9129,Private      ,41,169,210,300,415,715
00265100,EASTERN NEW MEXICO UNIV PORTALES        ,NM,88130-6000,Public       ,486,805,1291,2664,2538,5202
00265101,EASTERN NEW MEXICO UNIV-ROSWELL CAM     ,NM,88202-0000,Public       ,298,605,903,1075,1691,2766
00265102,EASTERN NEW MEXICO UNIVERSITY - RUIDOSO ,NM,88345-0001,Public       ,1,4,5,1,4,5
00265300,NEW MEXICO HIGHLANDS UNIVERSITY         ,NM,87701-4436,Public       ,269,544,813,1665,2254,3919
00265400,NEW MEXICO INST OF MINING & TECH        ,NM,87801-4796,Public       ,120,90,210,1039,406,1445
00265500,NEW MEXICO JUNIOR COLLEGE               ,NM,88240-9123,Public       ,255,492,747,791,1130,1921
00265600,NEW MEXICO MILITARY INSTITUTE           ,NM,88201-5173,Public       ,78,10,88,473,43,516
00265700,NEW MEXICO STATE UNIVERSITY             ,NM,88003-8001,Public       ,1385,1980,3365,11428,8470,19898
00265701,NEW MEXICO STATE UNIV-ALAMOGORDO        ,NM,88311-0000,Public       ,147,393,540,458,1206,1664
00265702,NEW MEXICO STATE UNIV.-DONA ANA CLG     ,NM,88003-0000,Public       ,555,1151,1706,2557,3984,6541
00265703,NEW MEXICO STATE UNIV-CARLSBAD          ,NM,88220-0000,Public       ,115,239,354,343,685,1028
00265704,NEW MEXICO STATE UNIV-GRANTS            ,NM,87020-0000,Public       ,71,219,290,239,498,737
00266000,SAN JUAN COLLEGE                        ,NM,87402-4699,Public       ,469,1190,1659,1692,3741,5433
00266300,THE UNIVERSITY OF NEW MEXICO            ,NM,87131-0001,Public       ,2300,3846,6146,15054,16407,31461
00266301,UNIV OF NEW MEXICO - GALLUP BRANCH      ,NM,87301-5697,Public       ,165,320,485,644,883,1527
00266302,UNIV OF NEW MEXICO - VALENCIA BRANCH    ,NM,87031-0000,Public       ,97,165,262,361,572,933
00266303,UNIV OF NEW MEXICO - LOS ALAMOS         ,NM,87544-0000,Public       ,32,42,74,139,132,271
00266304,UNIVERSITY OF NEW MEXICO                ,NM,87571-6401,Public       ,38,111,149,347,450,797
00266400,WESTERN NEW MEXICO UNIVERSITY           ,NM,88061-5417,Public       ,216,571,787,1121,2013,3134
00369109,MIDDLEBURY COLLEGE - INSTITUTE OF AMERIC,NM,87505-0000,Private      ,0,1,1,6,2,8
00405701,NATIONAL AMERICAN UNIVERSITY            ,NM,87110-0000,Proprietary  ,17,102,119,56,396,452
00474200,CENTRAL NEW MEXICO COMMUNITY COLLEGE    ,NM,87106-4096,Public       ,2549,6733,9282,7283,16622,23905
00474300,CLOVIS COMMUNITY COLLEGE                ,NM,88101-8381,Public       ,297,746,1043,684,1700,2384
00996200,LUNA COMMUNITY COLLEGE                  ,NM,87701-0000,Public       ,155,250,405,420,621,1041
01063200,DEWOLFF CLG HAIRSTYLING/COSMETOLOGY     ,NM,87112-4113,Proprietary  ,22,59,81,52,154,206
01300500,OLYMPIAN UNIVERSITY OF COSMETOLOGY      ,NM,88310-5051,Proprietary  ,144,391,535,359,1108,1467
02083900,NORTHERN NEW MEXICO COLLEGE             ,NM,87530-0000,Public       ,206,390,596,655,990,1645
02146400,INSTITUTE OF AMERICAN INDIAN ARTS       ,NM,87508-0000,Public       ,55,68,123,173,273,446
02218808,BROOKLINE COLLEGE - ALBUQUERQUE         ,NM,87105-1649,Proprietary  ,84,252,336,180,659,839
02278100,SANTA FE COMMUNITY COLLEGE              ,NM,87507-0000,Public       ,312,712,1024,880,2129,3009
02293203,ATI CAREER TRAINING CENTER - ALBUQUERQUE,NM,87109-2016,Proprietary  ,14,78,92,54,188,242
02357600,CROWNPOINT INSTITUTE OF TECHNOLOGY      ,NM,87313-0000,Public       ,122,345,467,331,770,1101
02511000,SOUTHWESTERN INDIAN POLYTECH INST       ,NM,87184-0000,Public       ,129,164,293,360,400,760
02572003,COMPUTER CAREER CENTER - LAS CRUCES CAMP,NM,88011-8220,Proprietary  ,28,171,199,109,496,605
02622000,SOUTHWEST ACUPUNCTURE COLLEGE           ,NM,87505-0000,Proprietary  ,2,42,44,4,265,269
03076100,SOUTHWESTERN COLLEGE                    ,NM,87507-0000,Private      ,2,33,35,8,178,186
03206300,MESALANDS COMMUNITY COLLEGE             ,NM,88401-3352,Public       ,61,106,167,169,248,417
03430300,UNIVERSAL THERAPEUTIC MASSAGE INSTITUTE ,NM,87107-4403,Proprietary  ,13,51,64,40,136,176
03678300,PIMA MEDICAL INSTITUTE                  ,NM,87110-4127,Proprietary  ,25,64,89,107,207,314
03944300,MASSAGE THERAPY TRAINING INSTITUTE      ,NM,88007-0000,Proprietary  ,8,20,28,31,70,101
04162400,URBAN ACADEMY                           ,NM,87106-4404,Proprietary  ,23,44,67,65,128,193
00223400,ADRIAN COLLEGE                          ,MI,49221-2575,Private      ,141,65,206,2728,309,3037
00223500,ALBION COLLEGE                          ,MI,49224-1831,Private      ,72,24,96,2405,135,2540
00223600,ALMA COLLEGE                            ,MI,48801-1599,Private      ,36,18,54,2297,141,2438
00223700,ALPENA COMMUNITY COLLEGE                ,MI,49707-1495,Public       ,248,431,679,1020,1253,2273
00223800,ANDREWS UNIVERSITY                      ,MI,49104-0750,Private      ,268,320,588,1842,1345,3187
00223900,AQUINAS COLLEGE                         ,MI,49506-1799,Private      ,106,169,275,2572,837,3409
00224000,BAY DE NOC COMMUNITY COLLEGE            ,MI,49829-2524,Public       ,277,544,821,1340,1734,3074
00224100,CALVIN COLLEGE                          ,MI,49546-4388,Private      ,133,90,223,4252,455,4707
00224200,CALVIN THEOLOGICAL SEMINARY             ,MI,49546-4387,Private      ,1,13,14,24,197,221
00224300,CENTRAL MICHIGAN UNIVERSITY             ,MI,48859-0001,Public       ,1548,2344,3892,23688,10194,33882
00224600,CLEARY UNIVERSITY                       ,MI,48105-2659,Private      ,44,246,290,155,858,1013
00224700,CONCORDIA UNIVERSITY-ANN ARBOR          ,MI,48105-2797,Private      ,58,111,169,611,324,935
00224800,CRANBROOK ACADEMY OF ART                ,MI,48303-0000,Private      ,6,23,29,43,350,393
00224900,DAVENPORT UNIVERSITY                    ,MI,49503-0000,Private      ,508,3141,3649,3403,14006,17409
00225100,DELTA COLLEGE                           ,MI,48710-0001,Public       ,769,1933,2702,6473,8728,15201
00225400,MICHIGAN STATE UNIVERSITY COLLEGE OF LAW,MI,48824-1300,Private      ,41,212,253,573,2134,2707
00225900,EASTERN MICHIGAN UNIVERSITY             ,MI,48197-2214,Public       ,1857,3393,5250,16260,14132,30392
00226000,FERRIS STATE UNIVERSITY                 ,MI,49307-2251,Public       ,1039,1271,2310,13495,7327,20822
00226100,CHARLES STEWART MOTT COMMUNITY CLG      ,MI,48503-2089,Public       ,1574,3533,5107,5700,11759,17459
00226200,KETTERING UNIVERSITY                    ,MI,48504-4898,Private      ,123,123,246,2200,461,2661
00226300,GLEN OAKS COMMUNITY COLLEGE             ,MI,49032-9784,Public       ,110,283,393,617,1043,1660
00226400,GOGEBIC COMMUNITY COLLEGE               ,MI,49938-1365,Public       ,99,222,321,716,729,1445
00226500,GRACE BIBLE COLLEGE                     ,MI,49509-1998,Private      ,32,42,74,296,110,406
00226600,CORNERSTONE UNIVERSITY                  ,MI,49525-5897,Private      ,65,425,490,1836,1788,3624
00226700,GRAND RAPIDS COMMUNITY COLLEGE          ,MI,49503-3295,Public       ,1614,3240,4854,11220,12489,23709
00226800,GRAND VALLEY STATE UNIVERSITY           ,MI,49401-9403,Public       ,1074,1542,2616,22616,8313,30929
00226900,GREAT LAKES CHRISTIAN COLLEGE           ,MI,48917-1299,Private      ,39,41,80,214,145,359
00227000,HENRY FORD COMMUNITY COLLEGE            ,MI,48128-1495,Public       ,2747,4373,7120,10361,16312,26673
00227300,HOPE COLLEGE                            ,MI,49423-3607,Private      ,65,32,97,4182,227,4409
00227400,JACKSON COMMUNITY COLLEGE               ,MI,49201-8399,Public       ,864,2127,2991,3965,6873,10838
00227500,KALAMAZOO COLLEGE                       ,MI,49006-3295,Private      ,44,52,96,1896,218,2114
00227600,KELLOGG COMMUNITY COLLEGE               ,MI,49017-3397,Public       ,482,1365,1847,2614,5602,8216
00227700,LAKE MICHIGAN COLLEGE                   ,MI,49022-1899,Public       ,400,991,1391,1853,3362,5215
00227800,LANSING COMMUNITY COLLEGE               ,MI,48933-1293,Public       ,2165,4824,6989,9586,15006,24592
00227900,LAWRENCE TECHNOLOGICAL UNIVERSITY       ,MI,48075-1058,Private      ,174,435,609,1871,1799,3670
00228200,MADONNA UNIVERSITY                      ,MI,48150-1173,Private      ,227,752,979,1742,3528,5270
00228400,MARYGROVE COLLEGE                       ,MI,48221-2599,Private      ,163,1131,1294,963,3342,4305
00228800,ROCHESTER COLLEGE                       ,MI,48307-2764,Private      ,104,252,356,764,804,1568
00228801,ROCHESTER COLLEGE - MACOMB COMMUNITY COL,MI,48038-1139,Private      ,37,81,118,428,560,988
00228802,ROCHESTER COLLEGE - MOTT COMMUNITY COLLE,MI,48503-2089,Private      ,23,41,64,230,361,591
00228803,ROCHESTER COLLEGE  - SPECS HOWARD       ,MI,48075-3953,Private      ,4,14,18,43,78,121
00229000,MICHIGAN STATE UNIVERSITY               ,MI,48824-1113,Public       ,2217,1932,4149,36236,13593,49829
00229200,MICHIGAN TECHNOLOGICAL UNIV             ,MI,49931-1295,Public       ,271,164,435,5870,1155,7025
00229300,LAKE SUPERIOR STATE UNIVERSITY          ,MI,49783-1691,Public       ,186,203,389,2674,986,3660
00229400,MONROE COUNTY COMMUNITY CLG             ,MI,48161-9746,Public       ,407,766,1173,1766,2653,4419
00229500,MONTCALM COMMUNITY COLLEGE              ,MI,48885-9723,Public       ,169,459,628,990,1819,2809
00229700,MUSKEGON COMMUNITY COLLEGE              ,MI,49442-1432,Public       ,449,957,1406,3181,3891,7072
00229900,NORTH CENTRAL MICHIGAN COLLEGE          ,MI,49770-8740,Public       ,210,453,663,1110,1938,3048
00230100,NORTHERN MICHIGAN UNIVERSITY            ,MI,49855-5316,Public       ,685,678,1363,7979,3037,11016
00230200,NORTHWESTERN MICHIGAN COLLEGE           ,MI,49686-3061,Public       ,349,807,1156,2688,3468,6156
00230301,OAKLAND COMMUNITY COLLEGE - ORCHARD RIDG,MI,48334-4579,Public       ,772,1328,2100,3135,4737,7872
00230302,OAKLAND COMMUNITY COLLEGE - ROYAL OAK CA,MI,48067-3898,Public       ,940,1787,2727,3512,6119,9631
00230303,OAKLAND COMMUNITY COLLEGE - SOUTHFIELD C,MI,48075-4793,Public       ,783,1827,2610,2702,6165,8867
00230304,OAKLAND COMMUNITY COLLEGE - AUBURN HILLS,MI,48323-2845,Public       ,971,1859,2830,4001,6292,10293
00230305,OAKLAND COMMUNITY COLLEGE - HIGHLAND LAK,MI,48327-4187,Public       ,559,1015,1574,2295,3728,6023
00230700,OAKLAND UNIVERSITY                      ,MI,48309-4401,Public       ,1402,2057,3459,14150,9585,23735
00230800,OLIVET COLLEGE                          ,MI,49076-9902,Private      ,98,77,175,1525,349,1874
00231000,ST. CLAIR COUNTY COMMUNITY COLLEGE      ,MI,48061-0000,Public       ,414,818,1232,2302,3491,5793
00231100,KUYPER COLLEGE                          ,MI,49525-9749,Private      ,14,32,46,405,166,571
00231300,SACRED HEART MAJOR SEMINARY             ,MI,48206-1799,Private      ,7,33,40,38,169,207
00231400,SAGINAW VALLEY STATE UNIV               ,MI,48710-0001,Public       ,483,777,1260,9751,4286,14037
00231500,SCHOOLCRAFT COLLEGE                     ,MI,48152-2696,Public       ,1300,2310,3610,6281,9082,15363
00231600,SIENA HEIGHTS UNIVERSITY                ,MI,49221-1796,Private      ,152,509,661,1269,1861,3130
00231700,SOUTHWESTERN MICHIGAN COLLEGE           ,MI,49047-9793,Public       ,301,741,1042,1807,2389,4196
00231800,SPRING ARBOR UNIVERSITY                 ,MI,49283-9984,Private      ,102,863,965,2384,3399,5783
00232200,FINLANDIA UNIVERSITY                    ,MI,49930-1882,Private      ,50,59,109,666,321,987
00232300,UNIVERSITY OF DETROIT MERCY             ,MI,48221-3038,Private      ,330,978,1308,3379,4209,7588
00232303,UNIV OF DETROIT MERCY - LAW SCHOOL      ,MI,48226-0000,Private      ,6,116,122,32,921,953
00232330,UNIV OF DETROIT MERCY - DENTAL SCHOOL   ,MI,48208-2576,Private      ,8,70,78,81,438,519
00232500,UNIVERSITY OF MICHIGAN - ANN ARBOR      ,MI,48109-1316,Public       ,924,1221,2145,28293,12736,41029
00232501,UNIVERSITY OF MICHIGAN-MEDICAL SCH      ,MI,48109-0000,Public       ,18,48,66,250,1115,1365
00232503,UNIVERSITY OF MICHIGAN LAW SCHOOL       ,MI,48109-0000,Public       ,12,57,69,93,3047,3140
00232600,UNIVERSITY OF MICHIGAN-DEARBORN         ,MI,48128-2406,Public       ,711,1281,1992,5844,5397,11241
00232700,UNIVERSITY OF MICHIGAN-FLINT            ,MI,48502-1950,Public       ,525,1463,1988,4733,6169,10902
00232800,WASHTENAW COMMUNITY COLLEGE             ,MI,48106-0000,Public       ,1738,3247,4985,5283,8442,13725
00232900,WAYNE STATE UNIVERSITY                  ,MI,48202-0000,Public       ,2128,4596,6724,18928,22615,41543
00232901,WAYNE STATE UNIV SCH OF MEDICINE        ,MI,48201-3359,Public       ,50,162,212,436,1848,2284
00232902,WAYNE STATE UNIVERSITY - LAW SCHOOL     ,MI,48202-3424,Public       ,36,194,230,208,1488,1696
00233000,WESTERN MICHIGAN UNIVERSITY             ,MI,49008-3899,Public       ,1826,1885,3711,20863,9687,30550
00233100,WESTERN THEOLOGICAL SEMINARY            ,MI,49423-0000,Private      ,2,40,42,8,152,160
00407100,WALSH COLLEGE OF ACCT & BUS ADMN        ,MI,48007-7006,Private      ,64,893,957,309,2676,2985
00407200,NORTHWOOD UNIVERSITY                    ,MI,48640-2398,Private      ,126,379,505,2275,1858,4133
00467300,BAKER COLLEGE - FLINT                   ,MI,48507-5508,Private      ,671,2343,3014,2859,8405,11264
00467301,BAKER COLLEGE OF CADILLAC               ,MI,49601-0000,Private      ,142,590,732,519,2016,2535
00467302,BAKER COLLEGE OF CLINTON TOWNSHIP       ,MI,48035-0000,Private      ,507,1664,2171,2191,6150,8341
00467303,BAKER COLLEGE OF MUSKEGON               ,MI,49442-0000,Private      ,510,1437,1947,2896,5474,8370
00467304,BAKER COLLEGE OF OWOSSO                 ,MI,48867-0000,Private      ,319,689,1008,1868,2681,4549
00467305,BAKER COLLEGE OF AUBURN HILLS           ,MI,48326-0000,Private      ,334,1244,1578,1295,4544,5839
00467306,BAKER COLLEGE OF PORT HURON             ,MI,48060-0000,Private      ,139,497,636,634,1872,2506
00467309,BAKER COLLEGE OF JACKSON                ,MI,49202-0000,Private      ,209,986,1195,922,3177,4099
00467311,BAKER COLLEGE-CASS CITY                 ,MI,48726-0000,Private      ,51,163,214,240,599,839
00467313,BAKER COLLEGE - GRADUATE ON-LINE        ,MI,48507-0000,Private      ,104,1382,1486,437,6267,6704
00467317,BAKER COLLEGE-ALLEN PARK                ,MI,48101-0000,Private      ,363,1229,1592,1275,4175,5450
00469200,DORSEY SCHOOL OF BUSINESS               ,MI,48195-2334,Proprietary  ,40,159,199,101,499,600
00469201,DORSEY SCHOOL OF BUSINESS               ,MI,48184-0000,Proprietary  ,31,164,195,79,385,464
00469202,DORSEY SCHOOL OF BUSINESS               ,MI,48071-0000,Proprietary  ,20,104,124,52,317,369
00469204,DORSEY SCHOOL OF BUSINESS               ,MI,48066-0000,Proprietary  ,50,193,243,100,499,599
00469205,DORSEY BUSINESS SCHOOL - FARMINGTON HILL,MI,48334-3385,Proprietary  ,12,100,112,35,271,306
00469206,DORSEY BUSINESS SCHOOL - ROSEVILLE CULIN,MI,48066-4555,Proprietary  ,30,158,188,85,386,471
00469207,DORSEY BUSINESS SCHOOL - WATERFORD/PONTI,MI,48341-1037,Proprietary  ,22,146,168,57,340,397
00469208,DORSEY BUSINESS SCHOOL - SAGINAW CAMPUS ,MI,48603-5201,Proprietary  ,0,35,35,0,35,35
00491003,KAPLAN CAREER INSTITUTE - DEARBORN      ,MI,48228-0000,Proprietary  ,52,260,312,169,921,1090
00676800,MID MICHIGAN COMMUNITY COLLEGE          ,MI,48625-9447,Public       ,510,953,1463,2684,3590,6274
00677100,COLLEGE FOR CREATIVE STUDIES            ,MI,48202-4034,Private      ,182,178,360,1542,700,2242
00694900,KALAMAZOO VALLEY COMMUNITY COLLEGE      ,MI,49003-4070,Public       ,1145,2401,3546,5723,7769,13492
00717100,KIRTLAND COMMUNITY COLLEGE              ,MI,48653-0000,Public       ,198,400,598,1012,1823,2835
00761700,CARNEGIE INSTITUTE                      ,MI,48083-1159,Proprietary  ,26,133,159,68,511,579
00795000,WEST SHORE COMMUNITY COLLEGE            ,MI,49454-0000,Public       ,125,233,358,653,957,1610
00817800,EMPIRE BEAUTY SCHOOL                    ,MI,49525-2440,Proprietary  ,49,137,186,175,506,681
00817801,EMPIRE BEAUTY SCHOOL - KALAMAZOO CAMPUS ,MI,49024-2694,Proprietary  ,5,9,14,29,48,77
00890600,MACOMB COMMUNITY COLLEGE                ,MI,48088-3896,Public       ,2685,4434,7119,11097,14412,25509
00894600,PORT HURON COSMETOLOGY COLLEGE          ,MI,48329-1618,Proprietary  ,6,15,21,16,39,55
00923000,WAYNE COUNTY COMMUNITY CLG-DISTRICT     ,MI,48226-3095,Public       ,2840,8492,11332,9383,27469,36852
00973200,VIRGINIA FARRELL BEAUTY SCHOOL          ,MI,48080-1448,Proprietary  ,22,35,57,37,70,107
00973400,VIRGINIA FARRELL BEAUTY SCHOOL          ,MI,48220-1739,Proprietary  ,30,77,107,72,177,249
00982800,EVEREST INSTITUTE                       ,MI,48033-4400,Proprietary  ,123,559,682,344,1673,2017
00982801,EVEREST INSTITUTE- DEARBORN             ,MI,48124-1927,Proprietary  ,125,422,547,312,1175,1487
00982803,EVEREST INSTITUTE - DETROIT             ,MI,48207-4291,Proprietary  ,96,348,444,268,915,1183
01047000,KALAMAZOO BEAUTY ACADEMY                ,MI,49002-5220,Proprietary  ,12,19,31,25,61,86
01062700,ITT TECHNICAL INSTITUTE                 ,MI,49519-0000,Proprietary  ,355,1383,1738,998,3122,4120
01082700,DAVID PRESSLEY PROF SCH OF COSMTLGY     ,MI,48067-3219,Proprietary  ,44,60,104,94,169,263
01109800,FLINT INSTITUTE OF BARBERING            ,MI,48504-4395,Proprietary  ,12,39,51,38,116,154
01164600,VIRGINIA FARRELL BEAUTY SCHOOL          ,MI,48185-3091,Proprietary  ,17,57,74,39,128,167
01229100,WRIGHT BEAUTY ACADEMY                   ,MI,49015-2696,Proprietary  ,4,31,35,25,99,124
01262700,THOMAS M. COOLEY LAW SCHOOL             ,MI,48901-1586,Private      ,1,1095,1096,22,5115,5137
01321800,M J MURPHY BTY CLG MT PLEASANT          ,MI,48858-2502,Proprietary  ,17,34,51,35,80,115
02060300,MICHIGAN INSTITUTE OF AERONAUTICS       ,MI,48188-2533,Proprietary  ,96,207,303,408,798,1206
02068700,ADRIAN BEAUTY ACADEMY                   ,MI,49221-0000,Proprietary  ,9,22,31,25,60,85
02099700,ROSS MEDICAL EDUCATION CENTER           ,MI,48532-0000,Proprietary  ,85,434,519,220,1200,1420
02099701,ROSS MEDICAL EDUCATION CENTER-SAGINAW   ,MI,48603-5227,Proprietary  ,4,39,43,29,146,175
02099702,ROSS MEDICAL EDUCATION CENTER-PORT HURON,MI,48060-1958,Proprietary  ,0,25,25,19,74,93
02099703,ROSS MEDICAL EDUCATION CENTER-ROOSEVELT ,MI,49441-4156,Proprietary  ,0,7,7,3,28,31
02100400,EVEREST INSTITUTE                       ,MI,49525-2301,Proprietary  ,52,348,400,214,1035,1249
02100401,EVEREST INSTITUTE - KALAMAZOO           ,MI,49009-3307,Proprietary  ,67,318,385,182,795,977
02125600,MICHIGAN COLLEGE OF BEAUTY              ,MI,48083-0000,Proprietary  ,49,127,176,137,334,471
02152103,ACADEMY OF COURT REPORTING & TECHNOLOGY ,MI,48017-1495,Proprietary  ,15,110,125,45,344,389
02158600,MR BELA'S SCHOOL OF COSMETOLOGY         ,MI,48092-4637,Proprietary  ,22,57,79,36,90,126
02160303,INTERNATIONAL ACADEMY OF DESIGN AND TECH,MI,48083-2160,Proprietary  ,129,246,375,712,942,1654
02180100,ROSS MEDICAL EDUCATION CENTER           ,MI,48092-0000,Proprietary  ,79,292,371,172,721,893
02180105,ROSS MEDICAL EDUCATION CENTER-REDFORD   ,MI,48239-1260,Proprietary  ,4,26,30,18,105,123
02198900,MICHIGAN SCHOOL OF PROFESSIONAL PSYCHOLO,MI,48334-4512,Private      ,3,37,40,14,210,224
02209200,TAYLORTOWN SCHOOL OF BEAUTY             ,MI,48180-0000,Proprietary  ,8,33,41,18,87,105
02237800,SPECS HOWARD SCHOOL OF MEDIA ARTS       ,MI,48075-0000,Proprietary  ,136,277,413,544,807,1351
02285700,BAYSHIRE BEAUTY ACADEMY                 ,MI,48708-5614,Proprietary  ,10,48,58,32,127,159
02289801,KAPLAN INSTITUTE - DETROIT CAMPUS       ,MI,48202-0000,Proprietary  ,69,334,403,251,1091,1342
02324500,MICHIGAN COLLEGE OF BEAUTY              ,MI,48161-0000,Proprietary  ,19,71,90,58,142,200
02339700,ROSS MEDICAL EDUCATION CENTER           ,MI,48116-0000,Proprietary  ,89,403,492,189,901,1090
02339701,ROSS MEDICAL EDUCATION CENTER-ANN ARBOR ,MI,48108-1411,Proprietary  ,5,39,44,21,126,147
02339703,ROSS MEDICAL EDUCATION CENTER - DAVISON ,MI,48423-1751,Proprietary  ,4,15,19,17,65,82
02361500,MICHIGAN BARBER COLLEGE                 ,MI,48204-2244,Private      ,53,164,217,115,361,476
02363800,YESHIVA GEDOLAH OF GREATER DETROIT      ,MI,48237-0000,Private      ,16,2,18,19,6,25
02491000,WEST MI COLG OF BARBERING & BEAUTY      ,MI,49008-0000,Proprietary  ,9,38,47,31,96,127
02498300,VIRGINIA FARRELL BEAUTY SCHOOL          ,MI,48154-0000,Proprietary  ,10,51,61,31,113,144
02533600,ROSS MEDICAL EDUCATION CENTER           ,MI,48917-2108,Proprietary  ,72,353,425,183,912,1095
02533601,ROSS MEDICAL EDUCATION CENTER - GRAND RA,MI,49546-2430,Proprietary  ,9,59,68,38,196,234
02588200,DOUGLAS J AVEDA INSTITUTE               ,MI,48823-4351,Proprietary  ,121,149,270,447,576,1023
02588201,DOUGLAS J AVEDA INSTITUTE - ANN ARBOR   ,MI,48104-2211,Proprietary  ,17,37,54,71,141,212
02595700,HILLSDALE BEAUTY COLLEGE                ,MI,49242-0000,Proprietary  ,5,15,20,60,38,98
02618400,MICHIGAN CAREER & TECHNICAL INST        ,MI,49080-9254,Public       ,107,68,175,250,132,382
03005700,DETROIT BUSINESS INST. DOWNRIVER        ,MI,48193-6761,Proprietary  ,23,95,118,44,155,199
03028500,LAWTON SCHOOL                           ,MI,48075-0000,Proprietary  ,22,80,102,35,166,201
03066600,BAY MILLS COMMUNITY COLLEGE             ,MI,49715-9750,Public       ,71,219,290,188,462,650
03075200,TWIN CITY BEAUTY COLLEGE                ,MI,49085-3305,Proprietary  ,23,81,104,63,209,272
03075201,TWIN CITY BEAUTY COLLEGE - TRAVERSE CITY,MI,49686-5119,Proprietary  ,5,7,12,17,23,40
03090000,SHARP'S ACADEMY OF HAIRSTYLING INC.     ,MI,48433-0000,Proprietary  ,5,9,14,15,41,56
03109700,HOUGHTON LAKE INST OF COSMETOLOGY       ,MI,48629-0669,Proprietary  ,1,9,10,9,25,34
03110300,THE SCHOOL OF CREATIVE HAIR DESIGN      ,MI,49036-1139,Proprietary  ,6,22,28,15,46,61
03124000,NORTHWESTERN TECHNOLOGICAL INST         ,MI,48075-2412,Proprietary  ,42,164,206,105,456,561
03135300,MICHIGAN THEOLOGICAL SEMINARY           ,MI,48170-4399,Private      ,0,0,0,2,34,36
03284300,MICHIGAN JEWISH INSTITUTE               ,MI,48237-0000,Private      ,422,126,548,935,239,1174
03490300,PAUL MITCHELL THE SCHOOL ESCANABA       ,MI,49829-0000,Proprietary  ,75,85,160,228,256,484
03588300,IRENE'S MYOMASSOLOGY INSTITUTE          ,MI,48033-2404,Proprietary  ,28,134,162,74,408,482
03704300,BLUE WATER COLLEGE OF COSMETOLOGY       ,MI,48040-0000,Proprietary  ,12,25,37,27,42,69
03772300,SAGINAW CHIPPEWA TRIBAL COLLEGE         ,MI,48858-0000,Public       ,9,26,35,21,59,80
03815300,IN SESSION-ARTS OF COSMETOLOGY BEAU     ,MI,48609-0000,Proprietary  ,12,42,54,31,105,136
03907300,PAUL MITCHELL THE SCHOOL GREAT LAKES    ,MI,48060-0000,Proprietary  ,33,37,70,68,87,155
03915300,CAREER QUEST LEARNING CENTER            ,MI,48910-4732,Proprietary  ,44,335,379,116,898,1014
03968300,LAKEWOOD SCHOOL OF THERAPEUTIC MASSAGE  ,MI,48060-0000,Proprietary  ,4,26,30,12,58,70
03976500,ANN ARBOR INSTITUTE OF MASSAGE THERAPY  ,MI,48103-0000,Proprietary  ,9,46,55,45,130,175
04002400,ECUMENICAL THEOLOGICAL SEMINARY         ,MI,48201-3035,Private      ,0,38,38,6,125,131
04006300,NUVO COLLEGE OF COSMETOLOGY             ,MI,49441-3822,Proprietary  ,9,30,39,17,73,90
04014300,P&A SCHOLARS BEAUTY SCHOOL              ,MI,48204-0000,Proprietary  ,61,135,196,136,296,432
04094300,ROBERT B. MILLER COLLEGE (THE)          ,MI,49017-3306,Private      ,14,113,127,71,456,527
04121100,GALLERY COLLEGE OF BEAUTY (THE)         ,MI,48036-3591,Proprietary  ,33,85,118,89,265,354
04136300,FOCUS:  HOPE INFORMATION TECHNOLOGIES CE,MI,48238-2949,Private      ,20,106,126,74,292,366
04138400,SCHOOL OF DESIGNING ARTS                ,MI,49037-7995,Proprietary  ,19,32,51,48,72,120
04139600,REGAL BEAUTY SCHOOL                     ,MI,48150-4013,Proprietary  ,0,0,0,3,6,9
04140900,INTERNATIONAL COSMETOLOGY ACADEMY       ,MI,49508-1308,Proprietary  ,9,56,65,31,164,195
04141100,FRENCH ACADEMY OF COSMETOLOGY           ,MI,49456-3207,Proprietary  ,6,42,48,26,73,99
04158400,L'ESPRIT ACADEMY                        ,MI,48150-0000,Proprietary  ,14,23,37,58,89,147
04159300,MARKETTI ACADEMY OF COSMETOLOGY         ,MI,48329-3506,Proprietary  ,18,41,59,33,109,142
04163300,COMPASS FILM ACADEMY                    ,MI,49504-5296,Private      ,8,17,25,12,25,37
00233200,ANOKA-RAMSEY CC-CAMBRIDGE/COONRAPID     ,MN,55433-3499,Public       ,1416,1733,3149,3436,4501,7937
00233400,AUGSBURG COLLEGE                        ,MN,55454-1351,Private      ,162,580,742,2857,2274,5131
00233500,RIVERLAND COMMUNITY COLLEGE             ,MN,55912-1473,Public       ,381,657,1038,1070,1753,2823
00233600,BEMIDJI STATE UNIVERSITY                ,MN,56601-2699,Public       ,494,585,1079,3519,1935,5454
00233700,BETHANY LUTHERAN COLLEGE INC            ,MN,56001-6163,Private      ,55,19,74,711,75,786
00233900,CENTRAL LAKES COLG-BRAINERD/STAPLES     ,MN,56401-3900,Public       ,486,810,1296,1504,2100,3604
00234000,CARLETON COLLEGE                        ,MN,55057-4001,Private      ,34,9,43,2946,57,3003
00234100,COLLEGE OF ST BENEDICT                  ,MN,56374-2099,Private      ,85,17,102,2084,65,2149
00234200,ST. CATHERINE UNIVERSITY                ,MN,55105-1789,Private      ,159,705,864,2583,3279,5862
00234300,COLLEGE OF ST SCHOLASTICA               ,MN,55811-4199,Private      ,313,660,973,2452,1757,4209
00234500,UNIVERSITY OF ST THOMAS                 ,MN,55105-1096,Private      ,309,917,1226,6477,3897,10374
00234600,CONCORDIA COLLEGE-MOORHEAD              ,MN,56562-0001,Private      ,138,41,179,3186,189,3375
00234700,"CONCORDIA UNIVERSITY, ST PAUL, MN       ",MN,55104-5494,Private      ,196,871,1067,1292,2056,3348
00235000,VERMILION COMMUNITY COLLEGE             ,MN,55731-1996,Public       ,76,53,129,529,199,728
00235300,GUSTAVUS ADOLPHUS COLLEGE               ,MN,56082-1498,Private      ,122,6,128,2917,57,2974
00235400,HAMLINE UNIVERSITY                      ,MN,55104-1284,Private      ,277,972,1249,2556,3189,5745
00235500,HIBBING COMMUNITY COLLEGE               ,MN,55746-3300,Public       ,234,453,687,683,1022,1705
00235600,ITASCA COMMUNITY COLLEGE                ,MN,55744-3397,Public       ,170,209,379,787,608,1395
00235700,LUTHER SEMINARY                         ,MN,55108-0000,Private      ,1,49,50,2,444,446
00235800,MACALESTER COLLEGE                      ,MN,55105-1899,Private      ,50,20,70,3295,141,3436
00236000,"MINNESOTA STATE UNIVERSITY, MANKATO     ",MN,56002-0000,Public       ,1530,1158,2688,11126,4195,15321
00236100,MARTIN LUTHER COLLEGE                   ,MN,56073-3965,Private      ,11,16,27,669,77,746
00236200,MINNEAPOLIS COMM AND TECH COLLEGE       ,MN,55403-1779,Public       ,1293,3263,4556,4070,9480,13550
00236500,MINNEAPOLIS COLLEGE OF ART & DESIGN     ,MN,55404-4343,Private      ,40,71,111,955,417,1372
00236600,CROSSROADS COLLEGE                      ,MN,55902-2382,Private      ,34,27,61,118,87,205
00236700,MINNESOTA STATE UNIVERSITY MOORHEAD     ,MN,56563-0001,Public       ,865,695,1560,5211,2288,7499
00236900,NORTH CENTRAL UNIVERSITY                ,MN,55404-1391,Private      ,136,124,260,1274,431,1705
00237000,NORTH HENNEPIN COMMUNITY COLLEGE        ,MN,55445-2299,Public       ,1043,1796,2839,2756,4669,7425
00237100,NORTHWESTERN COLLEGE                    ,MN,55113-1598,Private      ,196,318,514,2281,864,3145
00237300,ROCHESTER COMMUNITY/TECH COLLEGE        ,MN,55904-4999,Public       ,730,1036,1766,2717,3199,5916
00237500,SOUTHWEST MINNESOTA STATE UNIVERSITY    ,MN,56258-1598,Public       ,199,314,513,2106,1018,3124
00237700,ST CLOUD STATE UNIVERSITY               ,MN,56301-4498,Public       ,1978,1579,3557,10697,5058,15755
00237900,SAINT JOHNS UNIVERSITY                  ,MN,56321-0000,Private      ,103,19,122,1926,102,2028
00238000,SAINT MARY'S UNIVERSITY                 ,MN,55987-1399,Private      ,79,1084,1163,1670,2881,4551
00238200,ST OLAF COLLEGE                         ,MN,55057-1098,Private      ,67,19,86,3793,90,3883
00238300,CROWN COLLEGE                           ,MN,55375-9001,Private      ,78,243,321,752,610,1362
00238500,NORTHLAND COMMUNITY & TECHNICAL CLG     ,MN,56701-2598,Public       ,510,794,1304,1473,2002,3475
00238600,UNITED THEOLGCL SEMINRY TWIN CITIES     ,MN,55112-0000,Private      ,0,14,14,2,110,112
00238800,"UNIVERSITY OF MINNESOTA, DULUTH         ",MN,55812-2496,Public       ,1494,530,2024,10050,2022,12072
00238900,"UNIVERSITY OF MINNESOTA, MORRIS         ",MN,56267-2113,Public       ,137,53,190,2043,253,2296
00239100,WILLIAM MITCHELL COLLEGE OF LAW         ,MN,55105-0000,Private      ,2,126,128,4,1353,1357
00239300,MINNESOTA STATE COLLEGE-SE TECH         ,MN,55987-0409,Public       ,314,618,932,901,1559,2460
00239400,WINONA STATE UNIVERSITY                 ,MN,55987-5838,Public       ,1073,496,1569,7067,1450,8517
00396900,UNIVERSITY OF MINNESOTA-TWIN CITIES     ,MN,55455-0422,Public       ,3296,4356,7652,31582,19678,51260
00400900,MESABI RANGE CMNTY & TECH COLLEGE       ,MN,55792-0000,Public       ,232,304,536,575,707,1282
00405708,NATIONAL AMERICAN UNIVERSITY            ,MN,55113-0000,Proprietary  ,12,73,85,44,286,330
00405715,NATIONAL AMERICAN UNIVERSITY - BLOOMINGT,MN,55425-5550,Proprietary  ,11,94,105,45,328,373
00406900,UNIVERSITY OF MINNESOTA-CROOKSTON       ,MN,56716-5001,Public       ,156,194,350,1080,523,1603
00438600,VETERAN'S MEDICAL CTR- SCH RAD TECH     ,MN,55417-2399,Public       ,1,5,6,3,22,25
00464100,DUNWOODY COLLEGE OF TECHNOLOGY          ,MN,55403-1192,Private      ,150,379,529,857,1505,2362
00464200,GLOBE UNIVERSITY                        ,MN,55125-5408,Proprietary  ,459,1483,1942,1554,4933,6487
00464500,MINNEAPOLIS BUSINESS COLLEGE            ,MN,55113-4036,Proprietary  ,47,60,107,484,222,706
00464600,MINNESOTA SCHOOL OF BUSINESS            ,MN,55423-0000,Proprietary  ,529,1550,2079,2069,6804,8873
00525200,RIDGEWATER COLLEGE                      ,MN,56201-2098,Public       ,634,764,1398,2001,2015,4016
00526300,MINNESOTA WEST CMNTY & TECH COLG        ,MN,56241-1096,Public       ,307,569,876,922,1556,2478
00553300,"SAINT PAUL COLLEGE, COMMUNITY/TECHNICAL ",MN,55102-1800,Public       ,609,1985,2594,2354,6006,8360
00553400,SAINT CLOUD TECHNICAL COLLEGE AND COMMUN,MN,56303-1240,Public       ,877,976,1853,2539,2688,5227
00553500,PINE TECHNICAL COLLEGE                  ,MN,55063-2198,Public       ,95,294,389,281,788,1069
00553700,SOUTH CENTRAL COLLEGE                   ,MN,56003-0000,Public       ,540,749,1289,1703,1979,3682
00554100,MINNESOTA STATE COMMUNITY AND TECHNICAL ,MN,56573-1405,Public       ,780,1200,1980,2324,3440,5764
00554400,ALEXANDRIA TECHNICAL COLLEGE            ,MN,56308-3799,Public       ,259,296,555,1285,919,2204
00575700,LAKE SUPERIOR COLLEGE                   ,MN,55811-3399,Public       ,717,1068,1785,1907,2629,4536
00575900,NORTHWEST TECHNICAL COLLEGE - BEMIDJI   ,MN,56601-4907,Public       ,102,286,388,408,932,1340
00677500,RAINY RIVER COMMUNITY COLLEGE           ,MN,56649-2187,Public       ,53,57,110,135,123,258
00735000,ANOKA-HENNEPIN TECHNICAL COLLEGE        ,MN,55303-1590,Public       ,329,923,1252,828,2367,3195
00735100,BROWN COLLEGE                           ,MN,55120-1004,Proprietary  ,114,254,368,760,1114,1874
00746200,COLLEGE OF VISUAL ARTS                  ,MN,55102-2199,Private      ,53,19,72,273,73,346
00795400,NORMANDALE COMMUNITY COLLEGE            ,MN,55431-4399,Public       ,1417,1741,3158,4315,4928,9243
00826700,NORTHWEST TECHNICAL INSTITUTE           ,MN,55121-5001,Proprietary  ,13,9,22,103,67,170
00869400,RASMUSSEN COLLEGE - ST. CLOUD           ,MN,56301-3713,Proprietary  ,83,395,478,315,1615,1930
00869401,RASMUSSEN COLLEGE - BROOKLYN PARK       ,MN,55445-1512,Proprietary  ,74,342,416,333,1594,1927
00869406,RASMUSSEN COLLEGE - EAGAN               ,MN,55122-1346,Proprietary  ,64,281,345,290,1368,1658
00869407,RASMUSSEN COLLEGE - EDEN PRAIRIE        ,MN,55344-7220,Proprietary  ,128,1029,1157,436,3862,4298
00869409,RASMUSSEN COLLEGE - MANKATO             ,MN,56001-8658,Proprietary  ,50,203,253,340,1103,1443
00869412,RASMUSSEN COLLEGE - LAKE ELMO           ,MN,55042-8624,Proprietary  ,60,249,309,210,1002,1212
00869416,RASMUSSEN COLLEGE - MOORHEAD            ,MN,56560-4513,Proprietary  ,62,244,306,140,551,691
00869417,RASMUSSEN COLLEGE - BLAINE              ,MN,55014-0000,Proprietary  ,42,164,206,68,260,328
00905800,BETHEL UNIVERSITY                       ,MN,55112-6999,Private      ,250,819,1069,3118,2093,5211
00960000,COSMETOLOGY CAREERS UNLTD-DULUTH        ,MN,55802-2031,Proprietary  ,11,16,27,21,35,56
00972200,EMPIRE BEAUTY SCHOOL                    ,MN,55119-7003,Proprietary  ,36,115,151,86,278,364
00974000,INVER HILLS COMMUNITY COLLEGE           ,MN,55076-3224,Public       ,890,1382,2272,2227,3377,5604
00983100,MODEL COLLEGE OF HAIR DESIGN            ,MN,56301-4280,Proprietary  ,28,33,61,108,77,185
00987000,EMPIRE BEAUTY SCHOOL                    ,MN,55420-2919,Proprietary  ,33,69,102,97,310,407
00989200,"DULUTH BUSINESS UNIV, INC.              ",MN,55807-0000,Proprietary  ,56,190,246,143,489,632
00999200,OAK HILLS CHRISTIAN COLLEGE             ,MN,56601-0000,Private      ,33,26,59,124,61,185
01024800,ART INSTITUTES INTL MINNESOTA           ,MN,55402-3137,Proprietary  ,236,333,569,1680,1339,3019
01035602,EVEREST INSTITUTE - EAGAN               ,MN,55121-1696,Proprietary  ,64,353,417,182,867,1049
01037400,METROPOLITAN STATE UNIVERSITY           ,MN,55106-5000,Public       ,407,1906,2313,1617,6840,8457
01040200,DAKOTA COUNTY TECHNICAL COLLEGE         ,MN,55068-2999,Public       ,446,859,1305,1097,2029,3126
01049000,REGENCY BEAUTY INSTITUTE                ,MN,55428-0000,Proprietary  ,1128,2590,3718,3146,6950,10096
01049100,HENNEPIN TECHNICAL COLLEGE              ,MN,55445-2399,Public       ,730,1873,2603,1908,4933,6841
01054600,CENTURY COMMUNITY AND TECHNICAL CLG     ,MN,55110-1894,Public       ,1631,2306,3937,4635,6528,11163
01101700,HERZING COLLEGE                         ,MN,55428-3548,Proprietary  ,28,135,163,174,546,720
01173200,"MAYO CLINIC, COLLEGE OF MEDICINE        ",MN,55905-0000,Private      ,10,33,43,43,371,414
01173201,MAYO SCHOOL OF HEALTH-RELATED SCIEN     ,MN,55905-0000,Private      ,6,25,31,48,146,194
01173206,MAYO GRAD SCHOOL                        ,MN,55901-0000,Private      ,0,10,10,4,37,41
01173207,MAYO MEDICAL SCHOOL                     ,MN,55901-0000,Private      ,5,11,16,12,160,172
01232800,NORTHWESTERN HEALTH SCIENCES UNIV       ,MN,55431-1599,Private      ,20,175,195,64,825,889
02050300,ACADEMY COLLEGE                         ,MN,55420-1554,Proprietary  ,17,100,117,39,230,269
02097300,HASTINGS BEAUTY SCHOOL                  ,MN,55033-1205,Proprietary  ,10,15,25,19,29,48
02123200,AVEDA INSTITUTE                         ,MN,55414-0000,Proprietary  ,92,135,227,362,382,744
02159800,COSMETOLOGY CAREERS UNLTD - HIBBING     ,MN,55746-0000,Proprietary  ,6,22,28,10,40,50
02160901,"SALON PROFESSIONAL ACADEMY, THE - THE SA",MN,55428-4928,Proprietary  ,11,25,36,33,65,98
02238100,MINNESOTA SCHOOL OF COSMETOLOGY         ,MN,55125-0000,Proprietary  ,30,38,68,132,194,326
02260500,SUMMIT ACAD OPPORTUNITIES IND CTR       ,MN,55405-0000,Private      ,20,155,175,40,259,299
02263102,ANTHEM COLLEGE - ST. LOUIS PARK         ,MN,55416-2467,Proprietary  ,8,34,42,19,81,100
02504200,WALDEN UNIVERSITY                       ,MN,55401-2511,Proprietary  ,39,13081,13120,135,38111,38246
02514100,AMERICAN INDIAN OPPORTUNITIES CTR       ,MN,55404-0000,Private      ,5,71,76,7,146,153
02543600,INGENUE                                 ,MN,56560-0000,Proprietary  ,0,0,0,6,5,11
02551200,EAST METRO OIC                          ,MN,55104-3435,Private      ,0,0,0,2,3,5
03001200,MCNALLY SMITH COLLEGE OF MUSIC          ,MN,55101-2220,Proprietary  ,147,81,228,754,247,1001
03051900,ALFRED ADLER GRADUATE SCHOOL            ,MN,55305-0000,Private      ,0,81,81,4,237,241
03096400,LEECH LAKE TRIBAL COLLEGE               ,MN,56633-0000,Public       ,23,110,133,39,258,297
03129100,FOND DU LAC TRIBAL & COMMUNITY CLG      ,MN,55720-2984,Public       ,221,445,666,487,907,1394
03267300,CAPELLA UNIVERSITY                      ,MN,55402-3389,Proprietary  ,38,9921,9959,127,48744,48871
03833300,AMERICAN ACADEMY OF ACUPUNCTURE AND ORIE,MN,55113-0000,Proprietary  ,0,46,46,1,97,98
03921400,WHITE EARTH TRIBAL AND COMMUNITY COLLEGE,MN,56557-0478,Private      ,15,78,93,21,113,134
04044300,HAZELDEN GRADUATE SCHOOL OF ADDICTION ST,MN,55012-0000,Private      ,3,36,39,4,125,129
04130200,INST. OF PRODUCTION AND RECORDING       ,MN,55401-1315,Proprietary  ,111,128,239,506,337,843
04148800,CENTERPOINT MASSAGE & SHIATSU THERAPY SC,MN,55414-4525,Proprietary  ,8,71,79,23,122,145
04157600,NOVA ACADEMY OF COSMETOLOGY             ,MN,55906-4103,Proprietary  ,7,24,31,8,24,32
04160000,ALLURE SCHOOL OF COSMETOLOGY            ,MN,55066-2086,Proprietary  ,6,18,24,15,41,56
04160500,AVALON SCHOOL OF COSMETOLOGY            ,MN,56187-1930,Proprietary  ,5,9,14,18,27,45
04175600,PARK AVENUE SCHOOL OF COSMETOLOGY       ,MN,56470-3361,Proprietary  ,0,2,2,0,2,2
00239600,ALCORN STATE UNIVERSITY                 ,MS,39096-7500,Public       ,529,1147,1676,3592,3367,6959
00239700,BELHAVEN UNIVERSITY                     ,MS,39202-1789,Private      ,204,964,1168,1517,3557,5074
00239800,BLUE MOUNTAIN COLLEGE                   ,MS,38610-9370,Private      ,86,124,210,489,358,847
00240100,COAHOMA COMMUNITY COLLEGE               ,MS,38614-9799,Public       ,745,1526,2271,1657,2628,4285
00240200,COPIAH-LINCOLN COMMUNITY COLLEGE        ,MS,39191-0649,Public       ,632,961,1593,2239,2618,4857
00240300,DELTA STATE UNIVERSITY                  ,MS,38733-0000,Public       ,464,963,1427,3035,3063,6098
00240400,EAST CENTRAL COMMUNITY COLLEGE          ,MS,39327-0129,Public       ,433,819,1252,1718,2238,3956
00240500,EAST MISSISSIPPI COMM COLLEGE           ,MS,39358-0000,Public       ,1006,1774,2780,2919,4121,7040
00240700,HINDS COMMUNITY COLLEGE                 ,MS,39154-9799,Public       ,2086,4185,6271,7232,11357,18589
00240800,HOLMES COMMUNITY COLLEGE                ,MS,39079-0000,Public       ,1072,2240,3312,3815,5907,9722
00240900,ITAWAMBA COMMUNITY COLLEGE              ,MS,38843-1099,Public       ,1264,2678,3942,4078,6253,10331
00241000,JACKSON STATE UNIVERSITY                ,MS,39217-0001,Public       ,1121,2810,3931,8141,9297,17438
00241100,JONES COUNTY JUNIOR COLLEGE             ,MS,39437-3999,Public       ,863,1017,1880,3733,3016,6749
00241300,MERIDIAN COMMUNITY COLLEGE              ,MS,39307-5890,Public       ,776,1248,2024,2278,2948,5226
00241400,MILLSAPS COLLEGE                        ,MS,39201-0000,Private      ,108,153,261,1424,558,1982
00241500,MISSISSIPPI COLLEGE                     ,MS,39058-0001,Private      ,377,809,1186,2704,3181,5885
00241501,MISSISSIPPI COLLEGE - SCHOOL OF LAW     ,MS,39201-1391,Private      ,10,112,122,67,899,966
00241502,MISSISSIPPI COLLEGE - RANKIN CAMPUS     ,MS,39042-0000,Private      ,10,41,51,65,184,249
00241600,MISSISSIPPI DELTA CMTY COLLEGE          ,MS,38761-0000,Public       ,762,1092,1854,2139,2413,4552
00241700,MISSISSIPPI GULF CST CLG-PERKINSTON     ,MS,39573-0000,Public       ,523,385,908,1951,1112,3063
00241701,MISSISSIPPI GULF CST CLG-JEFF DAVIS     ,MS,39507-0000,Public       ,655,1241,1896,1802,3453,5255
00241702,MISSISSIPPI GULF CST CLG-JACKSON CN     ,MS,39553-0000,Public       ,635,899,1534,1669,2467,4136
00242200,MISSISSIPPI UNIV FOR WOMEN              ,MS,39701-5818,Public       ,269,692,961,1658,2302,3960
00242300,MISSISSIPPI STATE UNIVERSITY            ,MS,39762-9698,Public       ,1808,1910,3718,13941,7276,21217
00242400,MISSISSIPPI VALLEY STATE UNIVERSITY     ,MS,38941-1400,Public       ,592,1256,1848,3065,3231,6296
00242600,NORTHEAST MS CMNTY COLLEGE              ,MS,38829-1731,Public       ,626,759,1385,2761,2394,5155
00242700,NORTHWEST MISSISSIPPI COMMUNITY CLG     ,MS,38668-1703,Public       ,1421,1917,3338,5388,5422,10810
00243000,PEARL RIVER COMMUNITY COLLEGE           ,MS,39470-2201,Public       ,905,1458,2363,3119,3895,7014
00243300,RUST COLLEGE                            ,MS,38635-2328,Private      ,257,177,434,1284,588,1872
00243500,SOUTHEASTERN BAPTIST COLLEGE            ,MS,39440-0000,Private      ,7,47,54,22,91,113
00243600,SOUTHWEST MISSISSIPPI CMNTY CLG         ,MS,39666-8099,Public       ,338,501,839,1420,1464,2884
00243900,TOUGALOO COLLEGE                        ,MS,39174-9799,Private      ,204,184,388,1618,663,2281
00244000,UNIVERSITY OF MISSISSIPPI               ,MS,38677-1848,Public       ,1681,1755,3436,11865,6818,18683
00244001,UNIVERSITY OF MISSISSIPPI - MED CTR     ,MS,39216-0000,Public       ,62,250,312,575,1975,2550
00244100,UNIVERSITY OF SOUTHERN MISSISSIPPI      ,MS,39406-0001,Public       ,1781,2718,4499,11294,9621,20915
00244700,WILLIAM CAREY UNIVERSITY                ,MS,39401-5499,Private      ,311,1057,1368,1483,3701,5184
01146100,WESLEY COLLEGE                          ,MS,39073-1070,Private      ,2,8,10,31,62,93
01289101,ANTONELLI COLLEGE - JACKSON             ,MS,39232-9514,Proprietary  ,63,506,569,171,1286,1457
01289102,ANTONELLI COLLEGE - HATTIESBURG         ,MS,39401-3056,Proprietary  ,64,226,290,162,747,909
02074900,CHRIS' BEAUTY COLLEGE                   ,MS,39501-0000,Proprietary  ,17,50,67,34,123,157
02160500,NORTH MISSISSIPPI MED CTR MED TECH      ,MS,38801-0000,Private      ,4,39,43,30,125,155
02235900,ACADEMY OF HAIR DESIGN #4               ,MS,39208-0000,Proprietary  ,13,54,67,44,134,178
02244300,ACADEMY OF HAIR DESIGN #1               ,MS,38901-0000,Proprietary  ,43,85,128,94,218,312
02249900,DELTA BEAUTY COLLEGE                    ,MS,38701-0000,Proprietary  ,10,36,46,28,93,121
02251600,ACADEMY OF HAIR DESIGN #6               ,MS,39401-7581,Proprietary  ,33,76,109,80,231,311
02251700,FOSTER'S COSMETOLOGY COLLEGE            ,MS,38663-0000,Proprietary  ,6,17,23,12,27,39
02302800,MISSISSIPPI COLLEGE OF BEAUTY CULT      ,MS,39440-0000,Proprietary  ,10,51,61,24,88,112
02320800,MAGNOLIA COLLEGE OF COSMETOLOGY         ,MS,39206-0000,Proprietary  ,32,116,148,88,234,322
02361200,MAGNOLIA BIBLE COLLEGE                  ,MS,39090-0000,Private      ,0,0,0,2,6,8
02502100,CREATIONS COLLEGE OF COSMETOLOGY        ,MS,38803-0000,Proprietary  ,13,42,55,34,125,159
02516200,WESLEY BIBLICAL SEMINARY                ,MS,39206-0000,Private      ,1,32,33,6,123,129
02586000,J & J HAIR DESIGN COLLEGE               ,MS,39051-3716,Proprietary  ,17,92,109,27,135,162
03004000,FINAL TOUCH BEAUTY SCHOOL               ,MS,39307-2934,Proprietary  ,9,37,46,20,74,94
03010401,CRESCENT CITY BARTENDING SCHOOL         ,MS,39501-0000,Proprietary  ,5,15,20,10,57,67
03010404,CRESCENT CITY SCHOOL OF GAMING & BARTEND,MS,38664-1903,Proprietary  ,1,5,6,6,35,41
03010603,VIRGINIA COLLEGE - JACKSON              ,MS,39206-5602,Proprietary  ,92,652,744,215,1385,1600
03010610,VIRGINIA COLLEGE - BILOXI               ,MS,39532-2124,Proprietary  ,42,286,328,108,801,909
03263300,TRAXLER'S SCHOOL OF HAIR                ,MS,39212-2529,Proprietary  ,6,40,46,17,79,96
03464300,ACADEMY OF HAIR DESIGN                  ,MS,39562-0000,Proprietary  ,3,41,44,11,64,75
03525300,BLUE CLIFF COLLEGE                      ,MS,39507-0000,Proprietary  ,64,189,253,160,555,715
03848300,DAY SPA CAREER COLLEGE                  ,MS,39564-0000,Proprietary  ,12,44,56,30,99,129
03963300,HEALING TOUCH SCHOOL OF MASSAGE THERAPY ,MS,39402-1300,Proprietary  ,9,37,46,20,75,95
04131300,CORINTH ACADEMY OF COSMETOLOGY          ,MS,38834-4813,Proprietary  ,9,31,40,26,67,93
04137400,MISSISSIPPI SCHOOL OF THERAPEUTIC MASSAG,MS,39216-5023,Proprietary  ,5,34,39,29,86,115
04140200,"MISSISSIPPI INSTITUTE OF AESTHETICS, NAI",MS,39056-5628,Proprietary  ,11,28,39,33,86,119
00252600,CARROLL COLLEGE                         ,MT,59625-0002,Private      ,65,37,102,1786,268,2054
00252700,UNIVERSITY OF GREAT FALLS               ,MT,59405-4996,Private      ,99,153,252,641,625,1266
00252800,MILES COMMUNITY COLLEGE                 ,MT,59301-4799,Public       ,58,63,121,340,243,583
00252900,DAWSON COMMUNITY COLLEGE                ,MT,59330-1405,Public       ,64,45,109,309,153,462
00253000,MONTANA STATE UNIVERSITY - BILLINGS     ,MT,59101-0298,Public       ,435,913,1348,2696,3596,6292
00253100,MONTANA TECH OF THE UNIV OF MONTANA     ,MT,59701-8997,Public       ,157,280,437,1513,1341,2854
00253200,MONTANA STATE UNIVERSITY - BOZEMAN      ,MT,59717-0001,Public       ,790,944,1734,9865,4497,14362
00253300,MONTANA STATE UNIVERSITY-NORTHERN       ,MT,59501-3148,Public       ,102,254,356,835,833,1668
00253400,ROCKY MOUNTAIN COLLEGE                  ,MT,59102-1796,Private      ,95,73,168,1252,379,1631
00253600,UNIVERSITY OF MONTANA (THE)             ,MT,59812-0001,Public       ,902,1550,2452,8994,8079,17073
00253700,UNIVERSITY OF MONTANA WESTERN (THE)     ,MT,59725-3598,Public       ,121,99,220,1223,601,1824
00677700,FLATHEAD VALLEY COMMUNITY COLLEGE       ,MT,59901-2699,Public       ,163,421,584,915,1663,2578
00757000,HELENA COLLEGE OF TECHNOLOGY            ,MT,59601-3098,Public       ,97,289,386,481,1084,1565
00790000,BUTTE ACADEMY OF BEAUTY CULTURE         ,MT,59701-9197,Proprietary  ,10,10,20,30,40,70
00894700,"DAHL'S COLLEGE OF BEAUTY,INC            ",MT,59401-3731,Proprietary  ,2,22,24,9,48,57
00931400,MSU COLLEGE OF TECH-GREAT FALLS         ,MT,59405-4907,Public       ,125,461,586,641,1578,2219
02143400,SALISH KOOTENAI COLLEGE                 ,MT,59855-0000,Public       ,106,417,523,335,983,1318
02286600,LITTLE BIG HORN COLLEGE                 ,MT,59022-0000,Public       ,65,178,243,117,276,393
02343000,FT PECK COMMUNITY COLLEGE               ,MT,59255-0000,Public       ,44,146,190,77,245,322
02510600,BLACKFEET COMMUNITY COLLEGE             ,MT,59417-0000,Private      ,70,215,285,155,378,533
02517500,FORT BELKNAP COLLEGE                    ,MT,59526-0000,Public       ,24,65,89,53,141,194
02545200,CHIEF DULL KNIFE COLLEGE                ,MT,59043-0098,Public       ,14,76,90,53,157,210
02610900,STONE CHILD COLLEGE                     ,MT,59521-9796,Public       ,23,132,155,50,181,231
02621300,ACADEMY OF COSMETOLOGY                  ,MT,59715-3544,Proprietary  ,8,16,24,30,47,77
03205300,MODERN BEAUTY SCHOOL                    ,MT,59801-8386,Proprietary  ,7,30,37,40,87,127
03763400,"ACADEMY OF NAIL, SKIN & HAIR            ",MT,59101-0000,Proprietary  ,19,68,87,48,111,159
03778300,HEALTH WORKS INSTITUTE                  ,MT,59715-0000,Proprietary  ,2,16,18,17,58,75
04163700,BITTERROOT SCHOOL OF COSMETOLOGY        ,MT,59840-3118,Proprietary  ,0,17,17,7,32,39
04164100,SALON PROFESSIONAL ACADEMY (THE)        ,MT,59405-0000,Proprietary  ,16,44,60,50,115,165
00253900,CHADRON STATE COLLEGE                   ,NE,69337-2690,Public       ,190,252,442,1585,1039,2624
00254000,COLLEGE OF ST MARY                      ,NE,68106-2606,Private      ,51,235,286,482,1119,1601
00254100,CONCORDIA UNIVERSITY                    ,NE,68434-1594,Private      ,121,170,291,1321,538,1859
00254200,CREIGHTON UNIVERSITY                    ,NE,68178-0001,Private      ,256,556,812,4991,5007,9998
00254300,DANA COLLEGE                            ,NE,68008-9905,Proprietary  ,13,3,16,965,117,1082
00254400,DOANE COLLEGE                           ,NE,68333-2421,Private      ,74,345,419,1608,981,2589
00254700,GRACE UNIVERSITY                        ,NE,68108-3629,Private      ,55,85,140,342,306,648
00254800,HASTINGS COLLEGE                        ,NE,68901-7621,Private      ,108,39,147,1459,173,1632
00255100,UNIVERSITY OF NEBRASKA AT KEARNEY       ,NE,68849-0001,Public       ,411,519,930,4146,1869,6015
00255300,MIDLAND LUTHERAN COLLEGE                ,NE,68025-4254,Private      ,132,97,229,715,284,999
00255400,UNIVERSITY OF NEBRASKA-OMAHA            ,NE,68182-0001,Public       ,966,1343,2309,8474,6251,14725
00255500,NEBRASKA WESLEYAN UNIVERSITY            ,NE,68504-2796,Private      ,147,137,284,1921,533,2454
00255700,MID-PLAINS COMM COLLEGE - NORTH PLATTE  ,NE,69101-9420,Public       ,122,221,343,495,633,1128
00255701,MID-PLAINS COMMUNITY COLLEGE - MCCOOK   ,NE,69001-2631,Public       ,71,66,137,246,211,457
00255900,PERU STATE COLLEGE                      ,NE,68421-0010,Public       ,125,248,373,1029,978,2007
00256000,WESTERN NEBRASKA COMMUNITY COLLEGE      ,NE,69361-1815,Public       ,164,379,543,768,1105,1873
00256300,UNION COLLEGE                           ,NE,68506-4387,Private      ,118,78,196,752,347,1099
00256500,UNIVERSITY OF NEBRASKA-LINCOLN          ,NE,68588-0419,Public       ,1423,933,2356,15346,5409,20755
00256596,UNIVERSITY OF NEBRASKA - CURTIS         ,NE,69025-9522,Public       ,39,8,47,227,45,272
00256600,WAYNE STATE COLLEGE                     ,NE,68787-1172,Public       ,296,233,529,2918,854,3772
00256700,YORK COLLEGE                            ,NE,68467-2699,Private      ,78,45,123,545,133,678
00443100,MARY LANNING MEM HOSP SCH RAD TECH      ,NE,68901-4497,Private      ,0,2,2,7,10,17
00443600,REGNL WST MEDCL CTR SCHL RAD            ,NE,69361-0000,Private      ,1,0,1,16,9,25
00458608,KAPLAN UNIVERSITY - OMAHA               ,NE,68134-1002,Proprietary  ,56,403,459,216,1616,1832
00458609,KAPLAN UNIVERSITY - LINCOLN             ,NE,68508-2668,Proprietary  ,38,224,262,162,1065,1227
00639900,BRYANLGH COLLEGE OF HEALTH SCIENCES     ,NE,68506-1398,Private      ,22,53,75,344,307,651
00640400,NEBR METHODIST CLG OF NURS ALLD HLTH    ,NE,68114-2852,Private      ,64,204,268,434,746,1180
00689500,UNIVERSITY OF NEBRASKA-MED CTR          ,NE,68198-4265,Public       ,54,250,304,567,2308,2875
00750100,VATTEROTT COLLEGE                       ,NE,68137-1237,Proprietary  ,40,250,290,187,959,1146
00849200,ALEGENT HEALTH SCHOOLS                  ,NE,68114-2767,Private      ,9,51,60,36,183,219
00952300,BAHNER COLLEGE OF HAIRSTYLING           ,NE,68025-3297,Proprietary  ,5,9,14,27,17,44
00961700,CAPITOL BEAUTY SCHOOL                   ,NE,68144-0000,Proprietary  ,26,37,63,113,139,252
00974300,BELLEVUE UNIVERSITY                     ,NE,68005-0000,Private      ,187,2512,2699,735,6694,7429
00986200,CLARKSON COLLEGE                        ,NE,68131-2739,Private      ,49,217,266,502,983,1485
01151900,JOSEPH'S COLLEGE OF BEAUTY/ALL CAMPUSES ,NE,68510-2226,Proprietary  ,45,79,124,147,268,415
01151909,JOSEPH'S COLLEGE OF BEAUTY - OMAHA      ,NE,68131-0000,Proprietary  ,5,8,13,15,30,45
01166700,NORTHEAST COMMUNITY COLLEGE             ,NE,68702-0000,Public       ,280,390,670,1699,1270,2969
01258600,METROPOLITAN COMMUNITY COLLEGE          ,NE,68103-0000,Public       ,1173,2933,4106,4587,11509,16096
01297600,NEBRASKA CHRISTIAN COLLEGE              ,NE,68046-4256,Private      ,24,21,45,143,54,197
02079700,COLLEGE OF HAIR DESIGN                  ,NE,68508-0000,Proprietary  ,46,69,115,171,193,364
02099500,CENTRAL COMMUNITY COLLEGE- GI           ,NE,68801-0000,Public       ,158,423,581,641,1321,1962
02099501,CENTRAL COMMUNITY COLLEGE - HASTINGS    ,NE,68902-0000,Public       ,167,267,434,996,811,1807
02099502,CENTRAL COMMUNITY COLLEGE - COLUMBUS    ,NE,68602-0000,Public       ,120,173,293,509,475,984
02508300,SOUTHEAST COMM. COLLEGE-ALL CAMPUSES    ,NE,68520-0000,Public       ,1116,1554,2670,4953,6049,11002
02550800,NEBRASKA INDIAN COMMUNITY COLLEGE       ,NE,68039-0000,Public       ,10,49,59,15,68,83
02610500,XENON INTERNATIONAL ACADEMY II          ,NE,68127-3522,Proprietary  ,47,67,114,227,228,455
03127300,OMAHA SCHOOL OF MASSAGE THERAPY         ,NE,68127-5002,Proprietary  ,29,105,134,96,228,324
03164300,THE CREATIVE CENTER                     ,NE,68164-2911,Proprietary  ,18,13,31,169,49,218
03279300,MYOTHERAPY INSTITUTE                    ,NE,68516-3641,Proprietary  ,9,17,26,30,52,82
03323300,LITTLE PRIEST TRIBAL COLLEGE            ,NE,68071-0000,Private      ,26,52,78,35,82,117
03821400,UNIVERSAL COLLEGE OF HEALING ARTS       ,NE,68112-1810,Proprietary  ,6,20,26,15,62,77
00256800,UNIVERSITY OF NEVADA RENO               ,NV,89557-0002,Public       ,837,956,1793,9215,5567,14782
00256900,UNIVERSITY OF NEVADA-LAS VEGAS          ,NV,89154-1001,Public       ,1509,2567,4076,14229,15113,29342
00697700,GREAT BASIN COLLEGE                     ,NV,89801-3348,Public       ,168,423,591,570,1209,1779
00736700,MARINELLO SCHOOLS OF BEAUTY             ,NV,89110-3563,Proprietary  ,64,133,197,146,344,490
00737100,MARINELLO SCHOOL OF BEAUTY              ,NV,89502-5982,Proprietary  ,24,48,72,94,212,306
00844103,ANTHEM INSTITUTE - MORRISON UNIVERSITY  ,NV,89521-4826,Proprietary  ,2,37,39,18,140,158
00919200,SIERRA NEVADA COLLEGE                   ,NV,89451-0000,Private      ,71,222,293,438,500,938
01036200,COLLEGE OF SOUTHERN NEVADA              ,NV,89146-1139,Public       ,2579,5420,7999,11254,21434,32688
01036300,WESTERN NEVADA COLLEGE                  ,NV,89703-0000,Public       ,294,760,1054,1200,2643,3843
01323200,ACADEMY OF HAIR DESIGN                  ,NV,89146-1617,Proprietary  ,38,74,112,98,210,308
02107700,TRUCKEE MEADOWS COMMUNITY CLG           ,NV,89512-0000,Public       ,887,1818,2705,3477,6723,10200
02237500,EVEREST COLLEGE                         ,NV,89103-0000,Proprietary  ,238,562,800,592,1421,2013
02338509,NEVADA CAREER INSTITUTE                 ,NV,89121-0000,Proprietary  ,0,0,0,12,48,60
02338512,GLENDALE CAREER COLLEGE - NEVADA CAREER ,NV,89131-3268,Proprietary  ,3,34,37,10,95,105
02361001,ITT TECHNICAL INSTITUTE                 ,NV,89014-0000,Proprietary  ,113,379,492,298,893,1191
02616703,SCOTTSDALE CULINARY INSTITUTE - LE CORDO,NV,89144-7047,Proprietary  ,27,99,126,156,323,479
02621500,CAREER COLLEGE OF NORTHERN NEVADA       ,NV,89434-7905,Proprietary  ,42,210,252,142,808,950
03030603,UTAH CLG OF MASSAGE THERAPY-NSMT        ,NV,89123-0000,Proprietary  ,68,124,192,148,336,484
03031405,INTERNATIONAL ACADEMY OF DESIGN AND TECH,NV,89074-7750,Proprietary  ,114,183,297,377,654,1031
03043200,KAPLAN COLLEGE                          ,NV,89102-8618,Proprietary  ,115,437,552,408,1536,1944
03076404,BRYMAN SCHOOL OF ARIZONA (THE) - ANTHEM ,NV,89102-4514,Proprietary  ,3,29,32,69,272,341
03084600,THE ART INSTITUTE OF LAS VEGAS          ,NV,89074-7737,Proprietary  ,340,461,801,1411,1747,3158
03088200,CARSON CITY BEAUTY ACADEMY              ,NV,89706-0000,Proprietary  ,16,47,63,33,110,143
03110000,ACADEMY OF HEALING ARTS                 ,NV,89106-4031,Proprietary  ,127,256,383,274,628,902
03232306,EUPHORIA INSTITUTE - SUMMERLIN          ,NV,89117-8803,Proprietary  ,43,69,112,151,329,480
03232307,EUPHORIA INSTITUTE - GREEN VALLEY       ,NV,89052-4964,Proprietary  ,45,64,109,140,280,420
03232308,EUPHORIA INSTITUTE - ALIANTE            ,NV,89131-1036,Proprietary  ,39,60,99,162,316,478
03787300,EXPERTISE SCHOOL OF BEAUTY              ,NV,89106-2516,Private      ,18,87,105,49,232,281
03838500,NORTHWEST HEALTH CAREERS                ,NV,89128-0255,Proprietary  ,23,141,164,77,309,386
03975300,INSTITUTE OF PROFESSIONAL CAREERS       ,NV,89119-7825,Proprietary  ,16,78,94,58,247,305
04065300,UNIVERSITY OF SOUTHERN NEVADA           ,NV,89014-2333,Private      ,63,225,288,353,1561,1914
04114300,NEVADA STATE COLLEGE                    ,NV,89002-9455,Public       ,210,512,722,1231,2168,3399
04142601,TOURO UNIVERSITY - NEVADA               ,NV,89014-8800,Private      ,6,85,91,11,161,172
04144800,INTERNATIONAL ACADEMY OF STYLE          ,NV,89509-3450,Proprietary  ,15,34,49,36,93,129
04147600,AVEDA INSTITUTE LAS VEGAS               ,NV,89119-6103,Proprietary  ,25,61,86,112,235,347
00257200,COLBY-SAWYER COLLEGE                    ,NH,03257-4648,Private      ,28,5,33,2526,84,2610
00257300,DARTMOUTH COLLEGE                       ,NH,03755-3529,Private      ,115,69,184,10465,1784,12249
00257500,FRANKLIN PIERCE UNIVERSITY              ,NH,03461-0060,Private      ,80,183,263,2438,1136,3574
00257900,NEW ENGLAND COLLEGE                     ,NH,03242-3293,Private      ,84,260,344,1484,878,2362
00258000,SOUTHERN NEW HAMPSHIRE UNIVERSITY       ,NH,03106-1045,Private      ,177,1233,1410,4546,4889,9435
00258100,NHTI  - CONCORD'S COMMUNITY COLLEGE     ,NH,03301-7412,Public       ,414,395,809,2767,1812,4579
00258200,MANCHESTER COMMUNITY COLLEGE            ,NH,03102-8518,Public       ,254,335,589,1249,1444,2693
00258202,NEW HAMPSHIRE COMMUNITY TECHNICAL COLLEG,NH,03038-0000,Public       ,4,4,8,31,25,56
00258300,GREAT BAY COMMUNITY COLLEGE             ,NH,03801-0000,Public       ,148,221,369,797,1001,1798
00258600,RIVIER COLLEGE                          ,NH,03060-5086,Private      ,61,215,276,1388,1009,2397
00258700,SAINT ANSELM COLLEGE                    ,NH,03102-1310,Private      ,45,20,65,3797,131,3928
00258900,UNIVERSITY OF NEW HAMPSHIRE             ,NH,03824-2511,Public       ,284,313,597,19395,3460,22855
00259000,KEENE STATE COLLEGE                     ,NH,03431-0000,Public       ,170,78,248,8144,653,8797
00259100,PLYMOUTH STATE UNIVERSITY               ,NH,03264-1595,Public       ,146,188,334,6601,1347,7948
00301004,ANTIOCH UNIVERSITY                      ,NH,03431-0000,Private      ,0,69,69,4,917,921
00472900,HESSER COLLEGE                          ,NH,03103-7230,Proprietary  ,127,316,443,636,1251,1887
00472901,HESSER COLLEGE - NASHUA CAMPUS          ,NH,03063-1286,Proprietary  ,45,152,197,182,673,855
00472904,HESSER COLLEGE - PORTSMOUTH CAMPUS      ,NH,03801-3245,Proprietary  ,57,165,222,178,599,777
00472905,HESSER COLLEGE - SALEM CAMPUS           ,NH,03079-2842,Proprietary  ,75,190,265,265,680,945
00472906,HESSER COLLEGE - CONCORD CAMPUS         ,NH,03301-3415,Proprietary  ,32,109,141,127,561,688
00473100,DANIEL WEBSTER COLLEGE                  ,NH,03063-1300,Proprietary  ,57,57,114,890,213,1103
00473300,CHESTER COLLEGE OF NEW ENGLAND          ,NH,03036-4331,Private      ,8,7,15,214,46,260
00529100,WHITE MOUNTAINS COMMUNITY COLLEGE       ,NH,03570-3799,Public       ,75,154,229,406,698,1104
00702500,LEBANON COLLEGE                         ,NH,03766-0000,Private      ,12,37,49,41,83,124
00755500,LAKES REGION COMMUNITY COLLEGE          ,NH,03246-1326,Public       ,135,147,282,655,642,1297
00756000,RIVER VALLEY COMMUNITY COLLEGE          ,NH,03743-9707,Public       ,71,150,221,337,713,1050
00849300,CONTINENTAL ACADEMIE OF HAIR DESIGN     ,NH,03103-4901,Proprietary  ,8,10,18,18,27,45
00864500,EMPIRE BEAUTY SCHOOL                    ,NH,03220-0000,Proprietary  ,56,61,117,118,110,228
00923600,NASHUA COMMUNITY COLLEGE                ,NH,03063-2052,Public       ,271,257,528,972,966,1938
01318900,CONTINENTAL ACADEMIE OF HAIR DESIGN     ,NH,03051-3754,Proprietary  ,18,13,31,53,37,90
02097900,FRANKLIN PIERCE LAW CENTER              ,NH,03301-0000,Private      ,0,32,32,17,822,839
02140400,ST JOSEPH SCH OF PRAC NRSG              ,NH,03060-0000,Private      ,18,46,64,67,163,230
02174800,MICHAEL'S SCHOOL OF HAIR DESIGN & ESTHET,NH,03110-0000,Proprietary  ,25,26,51,82,65,147
02179600,EMPIRE BEAUTY SCHOOL                    ,NH,03878-0000,Proprietary  ,37,35,72,86,100,186
02211600,PORTSMOUTH BTY SCH OF HAIR DESIGN       ,NH,03801-4084,Proprietary  ,11,11,22,22,19,41
02223300,MAGDALEN COLLEGE                        ,NH,03278-4012,Private      ,20,2,22,55,6,61
02245400,KEENE BEAUTY ACADEMY                    ,NH,03431-0000,Proprietary  ,8,15,23,35,31,66
02247000,NEW ENGLAND SCHOOL OF HAIR DESIGN       ,NH,03784-0000,Proprietary  ,4,21,25,27,46,73
03043100,THOMAS MORE COLLEGE OF LIBERAL ARTS     ,NH,03054-4818,Private      ,13,3,16,98,10,108
03101300,GRANITE STATE COLLEGE                   ,NH,03301-6400,Public       ,60,337,397,284,1372,1656
03182300,NEW HAMPSHIRE INSTITUTE OF ART          ,NH,03104-4858,Private      ,26,15,41,676,120,796
03437300,UPPER VALLEY TEACHER TRANING PROGRAM    ,NH,03766-1358,Private      ,0,6,6,2,45,47
03729300,NH INSTITUTE FOR THERAPEUTIC ARTS       ,NH,03051-4906,Proprietary  ,4,15,19,12,49,61
04162200,LAIRD INSTITUTE OF SPA THERAPY          ,NH,03102-5263,Proprietary  ,0,18,18,0,18,18
00267000,BAPTIST BIBLE COLG OF PENNSYLVANIA      ,PA,18411-1297,Private      ,60,72,132,593,238,831
00322800,BRYN ATHYN COLLEGE OF THE NEW CHURCH    ,PA,19009-0717,Private      ,14,2,16,259,24,283
00322900,ALBRIGHT COLLEGE                        ,PA,19612-5234,Private      ,99,154,253,3678,1035,4713
00323000,ALLEGHENY COLLEGE                       ,PA,16335-3902,Private      ,62,14,76,3528,108,3636
00323100,COMM CLG OF ALLEGHENY-ALLEGHENY CMP     ,PA,15212-0000,Public       ,673,1232,1905,2950,4995,7945
00323101,"COMM CLG OF ALLEGHENY, BOYCE CAMPUS     ",PA,15146-0000,Public       ,312,487,799,1552,2236,3788
00323102,"COMM CLG OF ALLEGHENY, NORTH CAMPUS     ",PA,15237-0000,Public       ,289,392,681,1300,1550,2850
00323103,"COMM CLG OF ALLEGHENY, SOUTH CAMPUS     ",PA,15122-0000,Public       ,366,547,913,1971,2276,4247
00323300,ALVERNIA UNIVERSITY                     ,PA,19607-1799,Private      ,73,273,346,2120,1548,3668
00323500,ARCADIA UNIVERSITY                      ,PA,19038-3295,Private      ,94,245,339,4455,2102,6557
00323700,BRYN MAWR COLLEGE                       ,PA,19010-2899,Private      ,27,36,63,1763,607,2370
00323800,BUCKNELL UNIVERSITY                     ,PA,17837-2122,Private      ,53,22,75,4872,172,5044
00323900,BUCKS COUNTY COMMUNITY COLLEGE          ,PA,18940-1320,Public       ,765,843,1608,3816,3335,7151
00324000,BUTLER COUNTY COMMUNITY COLLEGE         ,PA,16001-0000,Public       ,347,385,732,1922,1925,3847
00324100,CABRINI COLLEGE                         ,PA,19087-3698,Private      ,91,618,709,2090,1427,3517
00324200,CARNEGIE MELLON UNIVERSITY              ,PA,15213-3890,Private      ,157,128,285,11148,1659,12807
00324201,CARNEGIE MELLON UNIV- THE HEINZ COLLEGE ,PA,15213-0000,Private      ,10,24,34,201,568,769
00324202,CARNEGIE MELLON- TEPPER SCHOOL OF BUSINE,PA,15213-0000,Private      ,3,119,122,213,577,790
00324300,CEDAR CREST COLLEGE                     ,PA,18104-6196,Private      ,39,145,184,1006,1119,2125
00324400,CHATHAM UNIVERSITY                      ,PA,15232-2826,Private      ,25,308,333,762,1674,2436
00324500,CHESTNUT HILL COLLEGE                   ,PA,19118-2693,Private      ,94,396,490,2023,1854,3877
00324700,MISERICORDIA  UNIVERSITY                ,PA,18612-1008,Private      ,55,160,215,2092,1151,3243
00324900,COMMUNITY COLLEGE OF PHILADELPHIA       ,PA,19130-3991,Public       ,2230,4228,6458,11009,17454,28463
00325100,CURTIS INSTITUTE OF MUSIC               ,PA,19103-6187,Private      ,5,7,12,284,131,415
00325200,DELAWARE VALLEY COLLEGE                 ,PA,18901-2697,Private      ,96,106,202,2298,417,2715
00325300,DICKINSON COLLEGE                       ,PA,17013-2896,Private      ,51,19,70,3108,157,3265
00325600,DREXEL UNIVERSITY                       ,PA,19104-2875,Private      ,556,2323,2879,26674,16061,42735
00325800,DUQUESNE UNIVERSITY                     ,PA,15282-0001,Private      ,211,486,697,7831,4282,12113
00325900,EASTERN UNIVERSITY                      ,PA,19087-3696,Private      ,151,547,698,2237,2535,4772
00326200,ELIZABETHTOWN COLLEGE                   ,PA,17022-2298,Private      ,39,98,137,2972,534,3506
00326300,EVANGELICAL SCHOOL OF THEOLOGY          ,PA,17067-0000,Private      ,0,11,11,0,96,96
00326500,FRANKLIN & MARSHALL COLLEGE             ,PA,17604-0000,Private      ,61,12,73,3132,106,3238
00326600,GANNON UNIVERSITY                       ,PA,16541-0001,Private      ,70,195,265,3461,1383,4844
00326700,GENEVA COLLEGE                          ,PA,15010-3599,Private      ,50,144,194,1983,926,2909
00326800,GETTYSBURG COLLEGE                      ,PA,17325-1486,Private      ,47,13,60,4049,118,4167
00326900,GROVE CITY COLLEGE                      ,PA,16127-0000,Private      ,19,4,23,1832,51,1883
00327000,GWYNEDD-MERCY COLLEGE                   ,PA,19437-0901,Private      ,78,264,342,1780,1347,3127
00327200,HARCUM COLLEGE                          ,PA,19010-3476,Private      ,89,220,309,624,1331,1955
00327300,HARRISBURG AREA COMMUNITY COLLEGE       ,PA,17110-2999,Public       ,1628,3121,4749,8708,13653,22361
00327400,HAVERFORD COLLEGE                       ,PA,19041-1392,Private      ,37,11,48,2102,61,2163
00327500,HOLY FAMILY UNIVERSITY                  ,PA,19114-2094,Private      ,99,266,365,2104,1826,3930
00327600,IMMACULATA UNIVERSITY                   ,PA,19345-0647,Private      ,78,492,570,1562,1792,3354
00327700,INDIANA UNIVERSITY OF PENNSYLVANIA      ,PA,15705-1097,Public       ,476,507,983,14251,3811,18062
00327900,JUNIATA COLLEGE                         ,PA,16652-2196,Private      ,18,8,26,2295,81,2376
00328000,KEYSTONE COLLEGE                        ,PA,18440-0200,Private      ,125,152,277,1600,875,2475
00328200,KINGS COLLEGE                           ,PA,18711-0801,Private      ,97,116,213,2974,586,3560
00328300,LACKAWANNA COLLEGE                      ,PA,18509-9961,Private      ,208,235,443,1550,1089,2639
00328400,LAFAYETTE COLLEGE                       ,PA,18042-1768,Private      ,42,12,54,3768,95,3863
00328500,LANCASTER BIBLE COLLEGE                 ,PA,17601-5036,Private      ,33,144,177,660,471,1131
00328600,LANCASTER THEOLOGICAL SEMINARY          ,PA,17603-0000,Private      ,1,26,27,1,116,117
00328700,LASALLE UNIVERSITY                      ,PA,19141-1199,Private      ,258,712,970,5744,3626,9370
00328800,LEBANON VALLEY COLLEGE                  ,PA,17003-1400,Private      ,36,31,67,2618,278,2896
00328900,LEHIGH UNIVERSITY                       ,PA,18015-1588,Private      ,100,143,243,7624,942,8566
00329000,LINCOLN UNIVERSITY                      ,PA,19352-0999,Public       ,295,273,568,3773,1253,5026
00329100,LUTHERAN THEOLOG SEMINARY-GETTYSBRG     ,PA,17325-0000,Private      ,0,13,13,2,143,145
00329200,LUTHERAN THEOLOGICAL SEMINARY           ,PA,19119-0000,Private      ,0,37,37,2,208,210
00329300,LYCOMING COLLEGE                        ,PA,17701-5192,Private      ,38,19,57,1996,158,2154
00329400,MANOR COLLEGE                           ,PA,19046-3399,Private      ,57,94,151,562,548,1110
00329600,MARYWOOD UNIVERSITY                     ,PA,18509-1598,Private      ,80,242,322,2855,1608,4463
00329700,MERCYHURST COLLEGE                      ,PA,16546-0001,Private      ,227,296,523,4008,1802,5810
00329800,MESSIAH COLLEGE                         ,PA,17027-0800,Private      ,141,46,187,3320,254,3574
00330000,MOORE COLLEGE OF ART & DESIGN           ,PA,19103-1179,Private      ,45,30,75,745,272,1017
00330100,MORAVIAN COLLEGE                        ,PA,18018-6650,Private      ,51,52,103,2288,287,2575
00330101,MORAVIAN THEOLOGICAL SEMINARY           ,PA,18018-0000,Private      ,1,18,19,21,69,90
00330200,MOUNT ALOYSIUS COLLEGE                  ,PA,16630-1999,Private      ,28,101,129,1309,803,2112
00330300,CARLOW COLLEGE                          ,PA,15213-3165,Private      ,48,334,382,1204,1814,3018
00330400,MUHLENBERG COLLEGE                      ,PA,18104-5586,Private      ,60,55,115,3490,329,3819
00330600,VALLEY FORGE CHRISTIAN COLLEGE          ,PA,19460-2399,Private      ,65,38,103,864,255,1119
00330900,PEIRCE COLLEGE                          ,PA,19102-4699,Private      ,72,411,483,305,2219,2524
00331100,PENNSYLVANIA COLLEGE OF OPTOMETRY       ,PA,19027-1598,Private      ,2,25,27,11,947,958
00331300,WIDENER UNIVERSITY                      ,PA,19013-5792,Private      ,209,342,551,4255,2303,6558
00331302,WIDENER UNIV SCH OF LAW- HARRISBURG     ,PA,17106-9381,Private      ,1,53,54,12,785,797
00331500,BLOOMSBURG UNIVERSITY OF PA             ,PA,17815-1301,Public       ,520,212,732,12279,2054,14333
00331600,CALIFORNIA UNIV OF PENNSYLVANIA         ,PA,15419-1394,Public       ,368,676,1044,7207,4270,11477
00331700,CHEYNEY UNIVERSITY OF PENNSYLVANIA      ,PA,19319-0200,Public       ,223,167,390,2318,969,3287
00331800,CLARION UNIVERSITY OF PENNSYLVANIA      ,PA,16214-1232,Public       ,258,374,632,5570,2425,7995
00332000,EAST STROUDSBURG UNIVERSITY             ,PA,18301-2999,Public       ,385,257,642,7990,1777,9767
00332100,EDINBORO UNIVERSITY OF PENNSYLVANIA     ,PA,16444-0001,Public       ,397,664,1061,6571,3524,10095
00332200,KUTZTOWN UNIVERSITY OF PENNSYLVANIA     ,PA,19530-9339,Public       ,457,293,750,11686,2213,13899
00332300,LOCK HAVEN UNIV OF PENNSYLVANIA         ,PA,17745-2439,Public       ,186,142,328,5852,1364,7216
00332400,MANSFIELD UNIVERSITY                    ,PA,16933-1123,Public       ,215,195,410,3172,1118,4290
00332500,MILLERSVILLE UNIVERSITY OF PA           ,PA,17551-1800,Public       ,386,305,691,8708,2310,11018
00332600,SHIPPENSBURG UNIVERSITY                 ,PA,17257-2299,Public       ,442,227,669,8361,1581,9942
00332700,SLIPPERY ROCK UNIVERSITY                ,PA,16057-1326,Public       ,394,315,709,8732,2079,10811
00332800,WEST CHESTER UNIVERSITY                 ,PA,19383-0001,Public       ,608,546,1154,15756,3944,19700
00332900,PENN STATE UNIVERSITY                   ,PA,16802-1503,Public       ,3977,3504,7481,71825,23910,95735
00335000,UNIVERSITY OF THE ARTS (THE)            ,PA,19102-9493,Private      ,122,62,184,3163,601,3764
00335100,PHILADELPHIA BIBLICAL UNIVERSITY        ,PA,19047-2942,Private      ,63,141,204,936,506,1442
00335200,PHILADELPHIA CLG OSTEOPATHIC MED        ,PA,19131-0000,Private      ,2,166,168,20,2840,2860
00335300,UNIVERSITY OF THE SCIENCES IN PHILADELPH,PA,19104-4495,Private      ,76,84,160,3571,965,4536
00335400,PHILADELPHIA UNIVERSITY                 ,PA,19144-5497,Private      ,139,212,351,4219,1365,5584
00335600,PITTSBURGH THEOLOGICAL SEMINARY         ,PA,15206-0000,Private      ,0,23,23,0,229,229
00335700,POINT PARK UNIVERSITY                   ,PA,15222-1912,Private      ,149,439,588,3371,2221,5592
00335800,REFORMED PRESBYTERIAN THEOL SEMINAR     ,PA,15208-0000,Private      ,0,9,9,0,29,29
00335900,ROBERT MORRIS UNIVERSITY                ,PA,15108-1189,Private      ,162,370,532,4668,1970,6638
00336000,ROSEMONT COLLEGE                        ,PA,19010-1699,Private      ,23,152,175,724,498,1222
00336200,SETON HILL UNIVERSITY                   ,PA,15601-1599,Private      ,67,119,186,1990,960,2950
00336400,ST. CHARLES BORROMEO SEMINARY           ,PA,19096-0000,Private      ,10,24,34,47,56,103
00336600,SAINT FRANCIS UNIVERSITY                ,PA,15940-0600,Private      ,114,111,225,1974,637,2611
00336700,SAINT JOSEPH'S UNIVERSITY               ,PA,19131-1395,Private      ,308,786,1094,6338,2816,9154
00336800,ST VINCENT COLLEGE                      ,PA,15650-2690,Private      ,46,44,90,2065,311,2376
00336900,SUSQUEHANNA UNIVERSITY                  ,PA,17870-1001,Private      ,42,13,55,3145,131,3276
00337000,SWARTHMORE COLLEGE                      ,PA,19081-1397,Private      ,48,8,56,3800,96,3896
00337100,TEMPLE UNIV - MAIN CAMPUS               ,PA,19122-6003,Private      ,1299,1171,2470,28409,8584,36993
00337101,TEMPLE UNIV - SCHOOL OF LAW             ,PA,19122-0000,Private      ,8,61,69,71,2779,2850
00337102,TEMPLE UNIV - SCHOOL OF MEDICINE        ,PA,19140-0000,Private      ,13,47,60,162,1554,1716
00337103,TEMPLE UNIV - SCHOOL OF DENTISTRY       ,PA,19140-0000,Private      ,5,24,29,35,614,649
00337104,TEMPLE UNIV - AMBLER CAMPUS             ,PA,19002-0000,Private      ,56,102,158,776,696,1472
00337105,TEMPLE UNIV - SCH OF ALLIED HEALTH      ,PA,19140-0000,Private      ,14,70,84,478,577,1055
00337106,TEMPLE UNIV - SCHOOL OF PHARMACY        ,PA,19140-0000,Private      ,10,45,55,230,740,970
00337107,TEMPLE UNIV - TYLER SCHOOL OF ART       ,PA,19122-0000,Private      ,50,46,96,1386,559,1945
00337108,TEMPLE UNIV - GRAD DIV HEALTH SCI       ,PA,19140-0000,Private      ,14,71,85,152,736,888
00337109,TEMPLE UNIV - GRADUATE DIVISION         ,PA,19122-0000,Private      ,12,557,569,146,3264,3410
00337111,TEMPLE UNIV-SCH OF PODIATRIC MED        ,PA,19107-0000,Private      ,1,29,30,7,445,452
00337600,THIEL COLLEGE                           ,PA,16125-2181,Private      ,68,24,92,1548,177,1725
00337800,UNIVERSITY OF PENNSYLVANIA              ,PA,19104-6216,Private      ,324,950,1274,18150,13036,31186
00337900,UNIVERSITY OF PITTSBURGH                ,PA,15260-0000,Public       ,1005,1385,2390,27050,10943,37993
00337906,UNIVERSITY OF PITTSBURGH - SCHOOL OF MED,PA,15261-0001,Public       ,11,37,48,232,1255,1487
00337907,UNIVERSITY OF PITTSBURGH - SCHOOL OF DEN,PA,15261-2523,Public       ,13,37,50,274,760,1034
00338400,UNIVERSITY OF SCRANTON                  ,PA,18510-4622,Private      ,119,488,607,6783,1701,8484
00338500,URSINUS COLLEGE                         ,PA,19426-2562,Private      ,48,8,56,3532,101,3633
00338600,VALLEY FORGE MILITARY COLLEGE           ,PA,19087-3695,Private      ,58,10,68,425,51,476
00338800,VILLANOVA UNIVERSITY                    ,PA,19085-1699,Private      ,129,462,591,11925,2594,14519
00338801,VILLANOVA UNIV SCH OF LAW               ,PA,19085-0000,Private      ,1,78,79,34,1849,1883
00338900,WASHINGTON & JEFFERSON COLLEGE          ,PA,15301-4801,Private      ,51,3,54,2654,65,2719
00339100,WAYNESBURG UNIVERSITY                   ,PA,15370-1222,Private      ,86,258,344,2061,863,2924
00339200,WESTMINSTER COLLEGE                     ,PA,16172-0002,Private      ,59,17,76,2619,119,2738
00339300,WESTMINSTER THEOLOGICAL SEMINARY        ,PA,19038-0000,Private      ,0,35,35,2,260,262
00339400,WILKES UNIVERSITY                       ,PA,18766-0998,Private      ,142,211,353,2982,1091,4073
00339500,PENNSYLVANIA COLLEGE OF TECHNOLOGY      ,PA,17701-5779,Public       ,273,304,577,5301,2523,7824
00339600,WILSON COLLEGE                          ,PA,17201-1285,Private      ,24,82,106,457,474,931
00339900,YORK COLLEGE OF PENNSYLVANIA            ,PA,17405-7199,Private      ,260,216,476,8305,1230,9535
00398600,DESALES UNIVERSITY                      ,PA,18034-9568,Private      ,69,212,281,2291,1178,3469
00398700,LA ROCHE COLLEGE                        ,PA,15237-5898,Private      ,61,79,140,1077,463,1540
00398800,NEUMANN UNIVERSITY                      ,PA,19014-1298,Private      ,142,190,332,3001,1115,4116
00405800,GRATZ COLLEGE                           ,PA,19027-3097,Private      ,0,56,56,8,126,134
00445200,MONTGOMERY COUNTY COMMUNITY COLLEGE     ,PA,19422-6300,Public       ,802,1163,1965,4483,5063,9546
00488700,BRANDYWINE SCHOOL OF NURSING            ,PA,19320-1536,Proprietary  ,0,0,0,14,30,44
00488900,CAMBRIA-ROWE BUSINESS COLLEGE           ,PA,15902-2494,Proprietary  ,23,55,78,144,299,443
00489000,CENTRAL PENNSYLVANIA COLLEGE            ,PA,17093-0309,Proprietary  ,87,187,274,1285,1290,2575
00489300,DU BOIS BUSINESS COLLEGE                ,PA,15801-2401,Proprietary  ,14,50,64,185,350,535
00489400,ERIE BUSINESS CENTER                    ,PA,16501-1305,Proprietary  ,16,97,113,71,390,461
00489401,ERIE BUSINESS CENTER - NEW CASTLE CAMPUS,PA,16101-3950,Proprietary  ,8,23,31,21,102,123
00489800,MCCANN SCHOOL OF BUSINESS & TECHNOL     ,PA,17901-1335,Proprietary  ,264,741,1005,1223,3197,4420
00489807,MCCANN SCHOOL OF BUSINESS & TECHNOLOGY -,PA,17013-3180,Proprietary  ,2,9,11,18,36,54
00489900,MERCY HOSP SCH OF NURSING               ,PA,15219-5166,Private      ,6,20,26,93,203,296
00490100,NEWPORT BUSINESS INSTITUTE              ,PA,15068-3929,Proprietary  ,4,19,23,27,93,120
00490200,PENN COMMERCIAL BUSINESS/TECHNICAL SCHL ,PA,15301-2871,Proprietary  ,64,126,190,241,474,715
00491000,KAPLAN CAREER INSTITUTE                 ,PA,17111-3571,Proprietary  ,61,244,305,343,987,1330
00491001,THOMPSON INSTITUTE-PHILADEPHIA CAMPUS   ,PA,19104-3386,Proprietary  ,130,328,458,283,961,1244
00491400,NEWPORT BUSINESS INSTITUTE              ,PA,17701-5855,Proprietary  ,5,37,42,20,167,187
00500701,WEST VIRGINIA CAREER INSTITUTE          ,PA,15456-0000,Proprietary  ,14,32,46,70,162,232
00531000,PITTSBURGH INST OF AERONAUTICS          ,PA,15236-0000,Private      ,30,36,66,250,169,419
00533000,FAYETTE CNTY AREA VOC TECH PRC NRSG     ,PA,15401-0000,Public       ,7,21,28,19,69,88
00533500,CENTRAL PENN INST OF SCI & TECH PNP     ,PA,16823-0000,Public       ,24,57,81,73,170,243
00536500,YORK CO AREA VOC-TECH SCH-PRAC NSG      ,PA,17402-0000,Public       ,6,35,41,29,155,184
00594600,SCHOOL OF RADIOLOGIC TECHNOLOGY AT ST. C,PA,19134-1995,Proprietary  ,4,5,9,27,54,81
00653400,CITIZENS SCHOOL OF NURSING              ,PA,15068-6591,Private      ,5,20,25,109,166,275
00653700,CONEMAUGH VLY MEM HOSP SCH NRSNG        ,PA,15905-4398,Private      ,3,13,16,85,91,176
00653702,CONEMAUGH HOSP- SCH HISTOTECHNOLOGY     ,PA,15905-0000,Private      ,1,0,1,10,8,18
00653704,CONEMAUGH VLY MEM HOSP SCH RAD TECH     ,PA,15905-0000,Private      ,0,2,2,29,17,46
00653706,CONEMAUGH VLY MEM HOSP SCH  MED TECH    ,PA,15905-4398,Private      ,0,0,0,6,12,18
00653900,EPISCOPAL HOSPITAL SCHL OF NURSING      ,PA,19125-1000,Private      ,0,0,0,12,14,26
00655100,ST MARGARET SCHL OF NURSING             ,PA,15238-3205,Private      ,6,20,26,70,206,276
00656000,OHIO VALLEY HOSP SCH OF NURSING         ,PA,15136-1694,Private      ,8,10,18,32,67,99
00656500,READING HOSPITAL SCHOOL OF HEALTH SCIENC,PA,19611-1744,Private      ,10,28,38,200,333,533
00657400,"ST LUKE'S HOSPITAL OF BETHLEHEM, PA     ",PA,18015-1065,Private      ,4,27,31,48,160,208
00657600,SEWICKLEY VALLEY HOSP SCH NRSNG         ,PA,15143-1498,Private      ,3,9,12,45,60,105
00657700,UPMC SHADYSIDE SCHOOL OF NURSING        ,PA,15232-1381,Private      ,16,71,87,150,407,557
00657800,SHARON REGIONAL SCHOOL OF NURSING       ,PA,16146-3395,Private      ,1,4,5,15,60,75
00658200,WASHINGTON HOSP SCH OF NURSING          ,PA,15301-3398,Private      ,14,18,32,61,132,193
00658202,WASHINGTON HOSP SCH OF RAD TECH         ,PA,15301-3398,Private      ,4,4,8,19,22,41
00658300,WESTERN PENN HOSP-SCH OF NURSING        ,PA,15224-1790,Private      ,8,12,20,106,145,251
00680700,COMMUNITY COLLEGE OF BEAVER COUNTY      ,PA,15061-2588,Public       ,237,348,585,1300,1555,2855
00681000,LEHIGH CARBON COMMUNITY COLLEGE         ,PA,18078-2598,Public       ,442,724,1166,3004,3604,6608
00681100,LUZERNE COUNTY COMMUNITY COLLEGE        ,PA,18634-3899,Public       ,462,700,1162,3466,3681,7147
00708700,ABINGTON MEM HOSP SCHL OF NURSING       ,PA,19090-1284,Private      ,7,26,33,115,341,456
00709100,EVEREST INSTITUTE                       ,PA,15222-1320,Proprietary  ,67,320,387,216,977,1193
00711000,DELAWARE COUNTY COMMUNITY COLLEGE       ,PA,19063-1094,Public       ,860,1337,2197,4789,5731,10520
00719100,NORTHAMPTON COMMUNITY COLLEGE           ,PA,18020-7599,Public       ,679,1012,1691,5637,5430,11067
00739802,KATHERINE GIBBS-PHILADELPHIA            ,PA,19403-2422,Proprietary  ,0,0,0,0,1,1
00743000,ANTONELLI INST OF ART & PHOTOGRAPHY     ,PA,19038-8242,Proprietary  ,71,10,81,139,18,157
00743600,KAPLAN CAREER INSTITUTE - ICM CAMPUS    ,PA,15222-1977,Proprietary  ,88,246,334,465,1348,1813
00743700,PITTSBURGH TECHNICAL INSTITUTE          ,PA,15071-3205,Proprietary  ,183,136,319,2278,992,3270
00746900,"HUSSIAN SCHOOL OF ART, INC.             ",PA,19106-0000,Proprietary  ,17,5,22,155,23,178
00747000,"ART INSTITUTE OF PITTSBURGH, THE        ",PA,15219-1328,Proprietary  ,1548,9522,11070,6197,26226,32423
00752900,CTR ART TCH BRDYWN CMPS PRC NRS PRG     ,PA,19320-2459,Public       ,4,26,30,33,147,180
00775900,LINCOLN TECHNICAL INSTITUTE             ,PA,18104-3298,Proprietary  ,91,257,348,368,709,1077
00777900,LANSDALE SCHOOL OF BUSINESS             ,PA,19454-4114,Proprietary  ,40,137,177,121,504,625
00778000,NEW CASTLE SCHOOL OF TRADES             ,PA,16143-9721,Proprietary  ,65,175,240,243,673,916
00778100,CHI INSTITUTE/RETS CAMPUS               ,PA,19008-3516,Proprietary  ,74,195,269,214,592,806
00783200,LINCOLN TECH INSTITUTE                  ,PA,19136-1595,Proprietary  ,103,146,249,454,476,930
00783900,TRIANGLE TECH                           ,PA,15214-3897,Proprietary  ,38,73,111,204,313,517
00791200,THADDEUS STEVENS CLG OF TECHNOLOGY      ,PA,17602-0000,Public       ,61,32,93,1075,422,1497
00791600,FRANKLIN CNTY CAREER & TECH CTR-PNP     ,PA,17201-0000,Public       ,2,15,17,20,56,76
00820000,JAMESON MEMORIAL HOSP SCH NURSING       ,PA,16105-2595,Private      ,2,6,8,34,98,132
00826301,AWARD BEAUTY SCHOOL - CHAMBERSBURG BEAUT,PA,17201-2435,Proprietary  ,0,0,0,5,4,9
00835000,ART INSTITUTE OF PHILADELPHIA           ,PA,19103-5198,Proprietary  ,565,591,1156,3804,2530,6334
00844100,ANTHEM INSTITUTE                        ,PA,19064-1243,Proprietary  ,88,248,336,212,709,921
00856800,VET TECH INSTITUTE                      ,PA,15222-3400,Proprietary  ,36,39,75,318,163,481
00865300,JEFFERSON CO DUBOIS VOC TECH-PR NSG     ,PA,15851-0000,Public       ,9,8,17,34,51,85
00888900,LEHIGH VALLEY COLLEGE                   ,PA,18034-8447,Proprietary  ,0,0,0,30,10,40
00895500,PRUONTOS HAIR DESIGN INSTITUTE          ,PA,16602-0000,Proprietary  ,5,12,17,13,32,45
00915705,WYOMING TECHNICAL INSTITUTE - BLAIRSVILL,PA,15717-8060,Proprietary  ,280,306,586,1706,1329,3035
00918600,DEAN INSTITUTE OF TECHNOLOGY            ,PA,15226-1197,Proprietary  ,15,52,67,41,154,195
00944900,PENNCO TECH                             ,PA,19007-0000,Proprietary  ,78,201,279,282,587,869
00966400,EMPIRE BEAUTY SCHOOL                    ,PA,18052-5730,Proprietary  ,58,80,138,138,275,413
00966500,EMPIRE BEAUTY SCHOOL                    ,PA,17109-2210,Proprietary  ,16,32,48,83,189,272
00966600,EMPIRE BEAUTY SCHOOL                    ,PA,19605-2803,Proprietary  ,46,70,116,117,267,384
00972100,BRADFORD SCHOOL                         ,PA,15219-2602,Proprietary  ,45,28,73,745,163,908
00972300,ARIA HEALTH SCHOOL OF NURSING           ,PA,19124-2696,Private      ,18,43,61,186,346,532
00978300,GORDON PHILLIPS SCH OF BEAUTY CULT      ,PA,19135-0000,Proprietary  ,68,120,188,191,451,642
00986300,LANCASTER GENERAL COLLEGE OF NURSING AND,PA,17602-4955,Private      ,22,115,137,511,811,1322
01000600,GREATER JOHNSTOWN AREA VOC TECH SCH     ,PA,15904-0000,Public       ,24,99,123,74,291,365
01005500,CRAWFORD CNTY AREA VO-TECH PRAC NUR     ,PA,16335-0000,Public       ,0,3,3,11,35,46
01017600,WESTMORELAND COUNTY COMMUNITY CLG       ,PA,15697-1895,Public       ,614,871,1485,2880,3491,6371
01038800,READING AREA COMMUNITY COLLEGE          ,PA,19603-1706,Public       ,441,934,1375,2079,3856,5935
01054100,EMPIRE BEAUTY SCHOOL                    ,PA,15146-2229,Proprietary  ,40,74,114,105,245,350
01054200,EMPIRE BEAUTY SCHOOL                    ,PA,18701-0000,Proprietary  ,33,76,109,138,237,375
01054300,EMPIRE BEAUTY SCHOOL                    ,PA,17701-3914,Proprietary  ,32,53,85,94,178,272
01081400,PITTSBURGH INST MORTUARY SCIENCE        ,PA,15206-3706,Private      ,12,60,72,93,222,315
01086000,GREATER ALTOONA CAREER/TECH CENTER      ,PA,16602-0000,Public       ,15,48,63,55,213,268
01096300,GREENE COUNTY VOC-TECH SCHOOL           ,PA,15370-0000,Public       ,0,4,4,10,32,42
01097000,EMPIRE BEAUTY SCHOOL                    ,PA,17042-5209,Proprietary  ,6,21,27,30,75,105
01099800,PENNSYLVANIA INSTITUTE OF TECH          ,PA,19063-4098,Private      ,128,272,400,548,942,1490
01102000,EMPIRE BEAUTY SCHOOL                    ,PA,17604-4335,Proprietary  ,41,75,116,108,223,331
01102100,EMPIRE BEAUTY SCHOOL                    ,PA,17402-2862,Proprietary  ,39,116,155,116,390,506
01162100,AUTOMOTIVE TRAINING CENTER              ,PA,19341-1310,Proprietary  ,123,88,211,614,308,922
01162200,WELDER TRAINING & TESTING INST          ,PA,18109-3253,Proprietary  ,11,25,36,30,72,102
01163800,EMPIRE BEAUTY SCHOOL                    ,PA,17876-0000,Proprietary  ,11,16,27,36,50,86
01171500,SCHUYLKILL HEALTH SCHOOL OF NURSING     ,PA,17901-3692,Private      ,1,3,4,49,38,87
01191900,BEAVER FALLS BEAUTY ACADEMY             ,PA,15010-4208,Proprietary  ,7,18,25,23,42,65
01205000,ROSEDALE TECHNICAL INSTITUTE            ,PA,15205-9791,Private      ,46,57,103,210,287,497
01239300,THOMAS JEFF UNIV-CLG ALLIED HEALTH      ,PA,19107-0000,Private      ,7,65,72,292,1103,1395
01239301,THOMAS JEFFERSON UNIVERSITY - JEFFERSON ,PA,19107-5001,Private      ,21,114,135,228,1784,2012
01239303,THOMAS JEFFERSON UNIVERSITY - COLLEGE OF,PA,19107-6731,Private      ,17,98,115,210,1087,1297
01246104,LINCOLN TECHNICAL INSTITUTE             ,PA,19104-0202,Proprietary  ,174,492,666,400,968,1368
01246105,LINCOLN TECHNICAL INSTITUTE             ,PA,19116-4202,Proprietary  ,48,134,182,234,470,704
01252300,TALMUDICAL YESHIVA OF PHILA             ,PA,19131-1296,Private      ,3,0,3,31,1,32
01260500,EMPIRE BEAUTY SCHOOL                    ,PA,17331-2405,Proprietary  ,30,59,89,65,140,205
01260600,EMPIRE BEAUTY SCHOOL                    ,PA,17901-2505,Proprietary  ,25,106,131,120,404,524
01260700,EMPIRE BEAUTY SCHOOL                    ,PA,16801-5218,Proprietary  ,8,9,17,18,42,60
01292900,SOUTH HILLS BEAUTY ACADEMY              ,PA,15216-2335,Proprietary  ,17,30,47,33,61,94
01301500,GORDON PHILLIPS SCH BEAUTY CULTURE      ,PA,19102-2701,Proprietary  ,89,170,259,273,642,915
01313400,YESHIVATH BETH MOSHE                    ,PA,18505-2196,Private      ,12,0,12,15,1,16
01321400,ROXBOROUGH MEM HOSP SCH OF NURSING      ,PA,19128-0000,Proprietary  ,1,9,10,66,192,258
01326300,SOUTH HILLS SCHOOL OF BUSINESS & TECHNOL,PA,16801-4516,Proprietary  ,57,90,147,532,585,1117
01326304,SOUTH HILLS SCHOOL OF BUSINESS & TECHNOL,PA,16602-1188,Proprietary  ,0,0,0,10,16,26
02061000,VENUS BEAUTY ACADEMY                    ,PA,19079-0000,Proprietary  ,21,24,45,45,48,93
02068300,DOUGLAS SCHOOL OF BUSINESS              ,PA,15062-0000,Proprietary  ,54,72,126,273,307,580
02090200,TRIANGLE TECH                           ,PA,16502-0000,Proprietary  ,5,34,39,108,171,279
02092500,LAUREL TECHNICAL INSTITUTE              ,PA,16146-0000,Proprietary  ,27,78,105,107,371,478
02092502,BUSINESS INSTITUTE OF PENNSYLVANIA      ,PA,16335-0000,Proprietary  ,0,6,6,15,27,42
02107300,PENNSYLVANIA ACADEMY OF FINE ARTS       ,PA,19102-1424,Private      ,9,23,32,288,269,557
02112200,GREAT LAKES INSTITUTE OF TECHNOLOGY     ,PA,16509-0000,Proprietary  ,66,153,219,255,516,771
02114200,JOHNSON COLLEGE                         ,PA,18508-0000,Private      ,46,56,102,487,285,772
02116001,SANFORD-BROWN INSTITUTE - TREVOSE       ,PA,19053-4700,Proprietary  ,125,318,443,362,1270,1632
02118000,LEVITTOWN BEAUTY ACADEMY LLC            ,PA,19054-1713,Proprietary  ,18,19,37,24,25,49
02119300,PA ACAD OF COSMETOLOGY ARTS & SCI       ,PA,15904-0000,Proprietary  ,9,24,33,46,54,100
02119301,PA ACAD OF COSMTLGY ARTS & SCI          ,PA,15801-0000,Proprietary  ,0,0,0,4,2,6
02120800,"YORKTOWNE BUSINESS INSTITUTE, INC.      ",PA,17404-0000,Proprietary  ,24,64,88,125,292,417
02127400,YORK TECHNICAL INSTITUTE                ,PA,17402-0000,Proprietary  ,196,351,547,1260,1873,3133
02129000,TRIANGLE TECH                           ,PA,15601-0000,Proprietary  ,32,44,76,263,276,539
02129001,TRIANGLE TECH - BUSINESS CAREERS INSTITU,PA,15601-3304,Proprietary  ,1,4,5,8,10,18
02144000,"VISION ACADEMY, THE                     ",PA,18103-0000,Proprietary  ,19,34,53,34,59,93
02149000,EMPIRE BEAUTY SCHOOL                    ,PA,19341-2804,Proprietary  ,46,81,127,86,171,257
02151500,CENTRAL SUSQUEHANNA LPN CENTER          ,PA,17837-8818,Public       ,2,19,21,34,175,209
02152105,ACADEMY OF COURT REPORTING AND TECHNOLOG,PA,15222-1710,Proprietary  ,4,17,21,27,136,163
02153500,OAKBRIDGE ACADEMY OF ARTS               ,PA,15068-0000,Proprietary  ,5,0,5,77,21,98
02158300,JUNIATA-MIFFLIN CO AREA VOC TECH        ,PA,17044-0000,Public       ,4,9,13,20,56,76
02161400,NORTHEASTERN HOSP SCH OF NRSG           ,PA,19134-0000,Private      ,6,33,39,51,191,242
02169600,CLEARFIELD CTY CAREER AND TECH CNTR     ,PA,16830-0000,Public       ,9,23,32,47,115,162
02174400,TRIANGLE TECH                           ,PA,15801-0000,Proprietary  ,52,72,124,302,387,689
02178900,ACADEMY OF HAIR DESIGN                  ,PA,18202-1465,Proprietary  ,5,15,20,13,42,55
02183000,ORLEANS TECHNICAL INSTITUTE             ,PA,19111-0000,Private      ,66,194,260,165,480,645
02192800,WALNUT HILL COLLEGE                     ,PA,19104-0000,Proprietary  ,55,68,123,418,289,707
02202300,SANFORD-BROWN INSTITUTE                 ,PA,15219-1907,Proprietary  ,83,208,291,313,1033,1346
02202301,SANFORD-BROWN INSTITUTE                 ,PA,15146-2141,Proprietary  ,28,152,180,149,616,765
02203900,ERIE INSTITUTE OF TECHNOLOGY            ,PA,16565-1002,Proprietary  ,14,59,73,118,332,450
02206200,AMBLER BEAUTY ACADEMY                   ,PA,19002-0000,Proprietary  ,29,51,80,52,69,121
02206300,STROUDSBURG SCHOOL OF COSMETOLOGY       ,PA,18360-0000,Proprietary  ,12,21,33,28,35,63
02212700,LANCASTER SCHOOL OF COSMETOLOGY         ,PA,17602-0000,Proprietary  ,15,41,56,36,94,130
02234200,ACADEMY OF MEDICAL ARTS & BUSINESS      ,PA,17112-0000,Proprietary  ,41,140,181,176,418,594
02251200,SCHUYLKILL COUNTY AREA VOC TECH SCH     ,PA,17931-0000,Public       ,2,15,17,23,86,109
02251202,SCHUYLKILL COUNTY AREA VOC TECH SCH     ,PA,17931-0000,Public       ,6,8,14,17,35,52
02253900,BERKS TECHNICAL INSTITUTE               ,PA,19610-0000,Proprietary  ,80,160,240,619,886,1505
02255200,PENNSYLVANIA SCHOOL OF BUSINESS         ,PA,18101-1604,Proprietary  ,45,138,183,155,618,773
02269900,PENNSYLVANIA COLLEGE OF ART & DESIGN    ,PA,17603-3528,Private      ,9,12,21,435,88,523
02270500,BUCKS COUNTY SCHOOL OF BEAUTY CULT      ,PA,19053-0000,Proprietary  ,8,11,19,30,28,58
02273400,RECONSTRUCTIONIST RABBINICAL COLLEG     ,PA,19095-0000,Private      ,0,12,12,0,27,27
02276600,HANOVER PUBLIC SCH DIST PRAC NURSG      ,PA,17331-0000,Public       ,1,12,13,12,42,54
02282500,LENAPE SCHOOL OF PRACTICAL NURSING      ,PA,16226-0000,Public       ,3,21,24,33,180,213
02288800,EMPIRE BEAUTY SCHOOL                    ,PA,18974-4508,Proprietary  ,17,25,42,38,81,119
02289500,PACE INSTITUTE                          ,PA,19601-0000,Proprietary  ,9,63,72,70,287,357
02289600,CONSOLIDATED SCHOOL OF BUSINESS         ,PA,17404-0000,Proprietary  ,6,32,38,33,202,235
02289700,ACADEMY OF CREATIVE HAIR DESIGN         ,PA,18702-0000,Proprietary  ,14,64,78,53,118,171
02289800,CHI INSTITUTE - FRANKLIN MILLS          ,PA,19154-0000,Proprietary  ,89,209,298,430,1022,1452
02290400,"ALTOONA BEAUTY SCHOOL, INC              ",PA,16602-0000,Proprietary  ,8,22,30,28,63,91
02292700,LANSDALE SCHOOL OF COSMETOLOGY          ,PA,19446-0000,Proprietary  ,16,15,31,38,35,73
02299300,TRINITY EPISCOPAL SCHOOL MINISTRY       ,PA,15003-0000,Private      ,0,11,11,1,87,88
02301300,PJA SCHOOL (THE)                        ,PA,19082-1917,Proprietary  ,55,210,265,110,526,636
02304400,YTI CAREER INSTITUTE - MECHANICSBURG    ,PA,17055-0000,Proprietary  ,32,49,81,151,286,437
02306200,VENANGO COUNTY AREA VOC TECH SCHOOL     ,PA,16301-0000,Public       ,4,17,21,17,53,70
02310800,LANCASTER COUNTY CAREER & TECH CTR      ,PA,17584-0000,Public       ,39,154,193,136,457,593
02323000,BIBLICAL THEOLOGICAL SEMINARY           ,PA,19440-2421,Private      ,0,29,29,0,62,62
02330300,LEBANON CO CAREER & TECHNOLOGY CTR      ,PA,17042-0000,Public       ,7,23,30,34,140,174
02330600,PENNSYLVANIA GUNSMITH SCHOOL            ,PA,15202-0000,Proprietary  ,9,17,26,51,70,121
02350100,WESTERN AREA CAREER & TECHNOLOGY CT     ,PA,15317-0000,Public       ,0,7,7,19,92,111
02350200,INDIANA COUNTY TECH CTR SCH PR NSG      ,PA,15701-1465,Public       ,3,28,31,36,125,161
02353100,NORTHERN TIER CAREER CENTER             ,PA,18848-0000,Public       ,3,14,17,18,77,95
02361002,ITT TECHNICAL INSTITUTE                 ,PA,19406-0000,Proprietary  ,88,186,274,343,516,859
02362300,MERCER COUNTY AREA VOC TECH SCHOOL      ,PA,16137-0000,Public       ,2,26,28,13,91,104
02492500,DELAWARE VLY ACAD MED DNTL ASSTS        ,PA,19114-0000,Proprietary  ,9,30,39,24,64,88
02492600,EASTERN CTR ARTS AND TECH PR NSG        ,PA,19090-0000,Public       ,4,63,67,19,126,145
02495500,ALL-STATE CAREER SCHOOL                 ,PA,19029-0000,Proprietary  ,71,312,383,199,707,906
02529800,WILKES BARRE AREA CAREER AND TECHNICAL C,PA,18705-0000,Public       ,11,39,50,50,191,241
02536600,COMMONWEALTH TECH INSTIT @ HIRAM G      ,PA,15905-0000,Public       ,39,31,70,208,112,320
02544300,BUTLER BEAUTY SCHOOL                    ,PA,16001-0000,Proprietary  ,14,33,47,38,90,128
02545000,LAWRENCE COUNTY CAREER AND TECHNICAL CEN,PA,16101-0000,Public       ,4,9,13,14,73,87
02546200,LAUREL BUSINESS INSTITUTE               ,PA,15401-0877,Proprietary  ,39,62,101,180,290,470
02550000,CLARION CO AREA VOC-TECH PRAC NRSG      ,PA,16254-4637,Public       ,4,17,21,15,83,98
02554500,HAZLETON AREA CAREER CENTER PRACTICAL NU,PA,18201-0000,Public       ,10,22,32,23,75,98
02557800,ART INSTITUTE OF YORK (THE) - PENNSYLVAN,PA,17402-9012,Proprietary  ,79,47,126,781,325,1106
02566400,ALBERT EINSTEIN MED CTR DEPT DNTL       ,PA,19141-3098,Private      ,4,10,14,13,45,58
02574800,PENNSYLVANIA INSTITUTE OF TAXIDERMY     ,PA,15931-0000,Proprietary  ,1,7,8,10,27,37
02609500,CAREER TRAINING ACADEMY                 ,PA,15068-6308,Proprietary  ,12,66,78,67,242,309
02609501,CAREER TRAINING ACADEMY                 ,PA,15146-0000,Proprietary  ,0,3,3,7,23,30
02616100,JEAN MADELINE ED CTR FOR COSM           ,PA,19147-1542,Proprietary  ,60,78,138,314,276,590
03006800,LE CORDON BLEU INSTITUTE OF CULINARY ART,PA,15222-3511,Proprietary  ,127,159,286,575,588,1163
03010800,TRI-STATE BUSINESS INSTITUTE            ,PA,16506-1013,Proprietary  ,220,609,829,905,2541,3446
03011500,FORTIS INSTITUTE                        ,PA,18702-0000,Proprietary  ,55,136,191,168,306,474
03011600,FORTIS INSTITUTE                        ,PA,18509-2903,Proprietary  ,35,157,192,145,376,521
03029900,CONSOLIDATED SCHOOL OF BUSINESS         ,PA,17603-2389,Proprietary  ,15,40,55,51,180,231
03031600,DPT BUSINESS SCHOOL                     ,PA,19116-3961,Proprietary  ,25,171,196,75,371,446
03031601,DPT BUSINESS SCHOOL                     ,PA,19106-0000,Proprietary  ,39,79,118,70,183,253
03067000,ANTONELLI MEDICAL & PROF INST           ,PA,19464-9244,Proprietary  ,4,40,44,24,70,94
03072400,ALL-STATE CAREER SCHOOL                 ,PA,15122-0000,Proprietary  ,8,91,99,30,205,235
03072600,DCI CAREER INSTITUTE                    ,PA,15061-2307,Proprietary  ,12,38,50,31,143,174
03081900,YTI CAREER INSTITUTE - ALTOONA          ,PA,16602-4457,Proprietary  ,17,52,69,160,316,476
03090800,LAKE ERIE COLL OF OSTEOPATHIC MED       ,PA,16509-0000,Private      ,2,95,97,76,3249,3325
03098600,CAREER TECH CTR OF LACKAWANNA CNTY      ,PA,18508-0000,Public       ,3,46,49,42,140,182
03101400,FORBES ROAD CAREER & TECHNOLOGY CTR     ,PA,15146-1550,Public       ,1,8,9,7,13,20
03101500,BIDWELL TRAINING CENTER                 ,PA,15233-2233,Private      ,1,9,10,21,40,61
03103300,JNA INSTITUTE OF CULINARY ARTS          ,PA,19146-3119,Proprietary  ,16,39,55,79,120,199
03109100,METROPOLITAN CAREER CENTER              ,PA,19144-0000,Private      ,18,57,75,48,188,236
03110700,AVIATION INSTITUTE OF MAINTENANCE       ,PA,19114-1017,Proprietary  ,31,109,140,111,377,488
03120400,REGIONAL CAREER & TECHNICAL CENTER      ,PA,16509-4699,Public       ,0,1,1,6,10,16
03128400,DELAWARE COUNTY TECHNICAL SCHOOL        ,PA,19032-1998,Public       ,13,32,45,40,149,189
03180400,PENNSYLVANIA HIGHLANDS COMMUNITY COLLEGE,PA,15904-2927,Public       ,107,170,277,794,767,1561
03236400,LT INTERNATIONAL BEAUTY SCHOOL          ,PA,19130-2235,Proprietary  ,6,47,53,12,60,72
03353300,ACADEMY OF VOCAL ARTS                   ,PA,19103-6685,Private      ,6,9,15,21,50,71
03380301,STAR CAREER ACADEMY - STAR PHILADELPHIA ,PA,19114-2204,Proprietary  ,72,275,347,149,630,779
03439400,NAWCC SCHOOL OF HOROLOGY                ,PA,17512-2130,Private      ,0,1,1,1,16,17
03535300,HUNTINGDON COUNTY CAREER AND TECHNO     ,PA,17060-0905,Public       ,4,9,13,6,33,39
03561400,SUSQUEHANNA COUNTY CAREER & TECHNOL     ,PA,18816-0100,Public       ,1,6,7,10,14,24
03766300,PENNSYLVANIA SCHOOL OF MUSCLE THERAPY   ,PA,19406-3101,Proprietary  ,19,78,97,44,179,223
03899300,CALVARY BAPTIST THEOLOGICAL SEMINARY    ,PA,19446-4718,Private      ,0,12,12,1,60,61
03923300,PRECISION MANUFACTURING INSTITUTE       ,PA,16335-8380,Private      ,6,15,21,13,51,64
03948300,HARRISBURG UNIVERSITY OF SCIENCE AND TEC,PA,17101-2116,Private      ,15,56,71,297,199,496
03949300,WON INSTITUTE OF GRADUATE STUDIES       ,PA,19038-4535,Private      ,0,12,12,0,37,37
03950500,NORTHWEST REGIONAL TECHNOLOGY INSTITUTE ,PA,16508-2820,Proprietary  ,2,21,23,5,35,40
03952300,NATIONAL MASSAGE THERAPY INSTITUTE      ,PA,19116-3965,Proprietary  ,55,231,286,122,506,628
04024300,EDUCATION AND TECHNOLOGY INSTITUTE      ,PA,15601-9214,Private      ,0,11,11,10,43,53
04118000,BYZANTINE CATHOLIC SEMINARY OF SAINTS CY,PA,15214-2229,Private      ,0,3,3,0,6,6
04119900,PENNSYLVANIA MYOTHERAPY INSTITUTE       ,PA,17350-8426,Proprietary  ,2,4,6,3,19,22
04127500,CAREER DEVELOPMENT & EMPLOYMENT         ,PA,18702-5253,Proprietary  ,1,35,36,6,59,65
04137100,KIMBERLY'S BEAUTY SCHOOL                ,PA,19134-0000,Proprietary  ,1,11,12,12,44,56
04138300,INTERNATIONAL BEAUTY ACADEMY            ,PA,19149-2710,Proprietary  ,3,36,39,13,51,64
04145800,PULSE BEAUTY ACADEMY A PAUL MITCHELL PAR,PA,19335-0000,Proprietary  ,17,22,39,60,59,119
04149800,SOMERSET COUNTY TECHNOLOGY CENTER       ,PA,15501-1444,Public       ,0,4,4,3,21,24
04151700,BELLA CAPELLI ACADEMY                   ,PA,15146-2388,Proprietary  ,18,19,37,18,19,37
04155100,INSTITUTE OF MEDICAL CAREERS            ,PA,15235-3718,Proprietary  ,0,6,6,0,6,6
04158000,METRO BEAUTY ACADEMY                    ,PA,18106-9693,Proprietary  ,21,30,51,54,93,147
04164900,BARONE BEAUTY ACADEMY                   ,PA,17701-5316,Proprietary  ,10,14,24,17,26,43
04167200,COMMONWEALTH MEDICAL COLLEGE (THE)      ,PA,18503-3251,Private      ,1,17,18,1,17,18
00267813,BRYANT & STRATTON COLLEGE - MIL DOWNTOWN,WI,53203-2608,Proprietary  ,235,662,897,799,2865,3664
00383200,ALVERNO COLLEGE                         ,WI,53234-3922,Private      ,140,428,568,1491,2437,3928
00383500,BELOIT COLLEGE                          ,WI,53511-5595,Private      ,39,19,58,1937,123,2060
00383700,CARDINAL STRITCH UNIVERSITY             ,WI,53217-9884,Private      ,99,1271,1370,1099,4302,5401
00383800,CARROLL UNIVERSITY                      ,WI,53186-5593,Private      ,139,142,281,3358,796,4154
00383900,CARTHAGE COLLEGE                        ,WI,53141-0000,Private      ,189,188,377,4763,825,5588
00384000,WESTERN TECHNICAL COLLEGE               ,WI,54601-0908,Public       ,590,925,1515,2030,2660,4690
00384200,CONCORDIA UNIVERSITY WISCONSIN          ,WI,53097-2402,Private      ,164,1205,1369,2544,3799,6343
00384800,EDGEWOOD COLLEGE                        ,WI,53711-1958,Private      ,116,231,347,1666,1164,2830
00385000,SILVER LAKE COLLEGE                     ,WI,54220-9319,Private      ,24,95,119,174,422,596
00385400,LAKELAND COLLEGE                        ,WI,53082-0000,Private      ,73,693,766,1150,1973,3123
00385600,LAWRENCE UNIVERSITY                     ,WI,54912-0599,Private      ,45,17,62,2444,98,2542
00386100,MARIAN UNIVERSITY                       ,WI,54935-4699,Private      ,120,344,464,1355,1288,2643
00386300,MARQUETTE UNIVERSITY                    ,WI,53201-0000,Private      ,211,440,651,13540,4568,18108
00386600,MILWAUKEE AREA TECH COLLEGE             ,WI,53233-1443,Public       ,1821,4643,6464,6215,16197,22412
00386800,MILWAUKEE SCHOOL OF ENGINEERING         ,WI,53202-3109,Private      ,113,155,268,2724,831,3555
00386900,MOUNT MARY COLLEGE                      ,WI,53222-4597,Private      ,74,262,336,847,1562,2409
00387400,NASHOTAH HOUSE                          ,WI,53058-0000,Private      ,0,7,7,0,33,33
00387500,NORTHLAND COLLEGE                       ,WI,54806-3999,Private      ,52,28,80,660,115,775
00388400,RIPON COLLEGE                           ,WI,54971-0248,Private      ,122,12,134,1390,65,1455
00389200,ST. NORBERT COLLEGE                     ,WI,54115-2002,Private      ,106,27,133,2485,126,2611
00389500,UNIVERSITY OF WISCONSIN-MADISON         ,WI,53715-1382,Public       ,1514,1209,2723,22699,11166,33865
00389600,UNIVERSITY OF WISCONSIN-MILWAUKEE       ,WI,53201-3165,Public       ,2215,2398,4613,17838,12248,30086
00389700,UNIVERSITY OF WISCONSIN COLLEGES        ,WI,53708-8680,Public       ,488,502,990,3160,2201,5361
00389701,UNIVERSITY OF WISCONSIN-BARABOO         ,WI,53913-1098,Public       ,53,46,99,337,175,512
00389702,UNIVERSITY OF WISCONSIN-BARRON          ,WI,54868-2497,Public       ,51,49,100,314,191,505
00389703,UNIVERSITY OF WISCONSIN-FOND DU LAC     ,WI,54935-2998,Public       ,99,75,174,479,245,724
00389704,UNIVERSITY OF WISCONSIN-FOX VALLEY      ,WI,54952-1297,Public       ,123,124,247,859,468,1327
00389705,UNIVERSITY OF WISCONSIN-MANITOWOC       ,WI,54220-6699,Public       ,52,35,87,277,158,435
00389706,UNIVERSITY OF WISCONSIN-MARATHON        ,WI,54401-5396,Public       ,131,85,216,899,370,1269
00389707,UNIVERSITY OF WISCONSIN-MARINETTE       ,WI,54143-4299,Public       ,37,49,86,239,144,383
00389708,UNIVERSITY OF WISCONSIN-MARSHFIELD      ,WI,54449-3310,Public       ,53,53,106,328,183,511
00389709,UNIVERSITY OF WISCONSIN-RICHLAND        ,WI,53581-1399,Public       ,30,26,56,271,98,369
00389710,UNIVERSITY OF WISCONSIN COLLEGES - ROCK ,WI,53546-5699,Public       ,109,96,205,669,469,1138
00389711,UNIVERSITY OF WISCONSIN-SHEBOYGAN       ,WI,53081-4789,Public       ,84,67,151,468,249,717
00389712,UNIVERSITY OF WISCONSIN-WASHINGTON      ,WI,53095-3699,Public       ,87,72,159,519,249,768
00389713,UNIVERSITY OF WISCONSIN-WAUKESHA        ,WI,53188-2799,Public       ,181,112,293,1040,436,1476
00389900,UNIVERSITY OF WISCONSIN-GREEN BAY       ,WI,54311-7001,Public       ,481,477,958,4580,2141,6721
00391100,VITERBO UNIVERSITY                      ,WI,54601-4777,Private      ,72,268,340,1752,1191,2943
00391500,UNIVERSITY OF WISCONSIN-STOUT           ,WI,54751-0790,Public       ,861,645,1506,6119,2195,8314
00391700,UNIVERSITY OF WISCONSIN-EAU CLAIRE      ,WI,54702-4004,Public       ,845,413,1258,8748,1861,10609
00391900,UNIVERSITY OF WISCONSIN-LA CROSSE       ,WI,54601-3742,Public       ,545,317,862,7525,1629,9154
00392000,UNIVERSITY OF WISCONSIN-OSHKOSH         ,WI,54901-8604,Public       ,1042,853,1895,8071,3340,11411
00392100,UNIVERSITY OF WISCONSIN-PLATTEVILLE     ,WI,53818-3099,Public       ,619,444,1063,6066,1660,7726
00392300,UNIVERSITY OF WISCONSIN-RIVER FALLS     ,WI,54022-5013,Public       ,775,434,1209,5161,1407,6568
00392400,UNIVERSITY OF WISCONSIN-STEVENS POINT   ,WI,54481-3871,Public       ,610,309,919,7523,1904,9427
00392500,UNIVERSITY OF WISCONSIN-SUPERIOR        ,WI,54880-2898,Public       ,311,378,689,1723,1335,3058
00392600,UNIVERSITY OF WISCONSIN-WHITEWATER      ,WI,53190-1792,Public       ,862,520,1382,8793,2508,11301
00400700,MADISON AREA TECHNICAL COLLEGE          ,WI,53704-2599,Public       ,1086,2104,3190,4513,7534,12047
00501500,UNIVERSITY OF WISCONSIN-PARKSIDE        ,WI,53141-2000,Public       ,609,539,1148,3709,2228,5937
00529400,WAUKESHA COUNTY TECHNICAL COLLEGE       ,WI,53072-4696,Public       ,474,890,1364,1776,3190,4966
00530100,NORTHEAST WISCONSIN TECHNICAL COLLEGE   ,WI,54307-9042,Public       ,687,1401,2088,2685,5135,7820
00530400,CHIPPEWA VALLEY TECHNICAL COLLEGE       ,WI,54701-6162,Public       ,585,977,1562,2427,3571,5998
00538000,MID-STATE TECHNICAL COLLEGE             ,WI,54494-5512,Public       ,270,539,809,930,2032,2962
00538400,NICOLET AREA TECHNICAL COLLEGE          ,WI,54501-0000,Public       ,129,292,421,523,927,1450
00538700,NORTHCENTRAL TECHNICAL COLLEGE          ,WI,54401-1899,Public       ,261,750,1011,1094,2771,3865
00538900,GATEWAY TECHNICAL COLLEGE               ,WI,53144-1690,Public       ,575,1677,2252,2195,7209,9404
00539000,BLACKHAWK TECHNICAL COLLEGE             ,WI,53547-5009,Public       ,181,630,811,956,2994,3950
00610800,BELLIN HOSP SCH OF RAD TECH             ,WI,54305-3505,Private      ,0,5,5,26,26,52
00611500,MERCY MED CTR SCH OF RAD TECH           ,WI,54904-3370,Private      ,0,3,3,10,24,34
00612601,ST LUKE'S MEDCL CTR SCHL RAD TECH       ,WI,53215-4330,Private      ,2,22,24,16,72,88
00612603,ST LUKE'S MED CTR SCH OF SONOGRAPHY     ,WI,53215-0000,Private      ,1,9,10,10,50,60
00613100,THEDA CLARK REG MED CTR SCH RAD TEC     ,WI,54957-0000,Private      ,0,6,6,12,13,25
00663900,BELLIN COLLEGE                          ,WI,54305-0000,Private      ,31,30,61,234,173,407
00766900,SOUTHWEST WISCONSIN TECH COLLEGE        ,WI,53809-0000,Public       ,120,254,374,696,923,1619
00821700,WISCONSIN COLLEGE OF COSMETOLOGY        ,WI,54304-0000,Proprietary  ,14,12,26,60,49,109
00869405,RASMUSSEN COLLEGE - WAUSAU              ,WI,54401-7804,Proprietary  ,54,194,248,100,386,486
00869414,RASMUSSEN COLLEGE - GREEN BAY           ,WI,54303-2349,Proprietary  ,67,359,426,222,1222,1444
00869419,RASMUSSEN COLLEGE - APPLETON            ,WI,54915-7305,Proprietary  ,15,80,95,15,84,99
00919400,LAKESHORE TECHNICAL COLLEGE             ,WI,53015-1412,Public       ,129,416,545,684,1961,2645
00925600,MORAINE PARK TECHNICAL COLLEGE          ,WI,54936-0000,Public       ,230,652,882,1046,2854,3900
00941900,STATE CLG OF BEAUTY CULT-WAUSAU         ,WI,54403-4667,Proprietary  ,13,31,44,42,83,125
00962100,HERZING COLLEGE                         ,WI,53718-4236,Proprietary  ,231,1922,2153,893,6984,7877
00974400,FOX VALLEY TECHNICAL COLLEGE            ,WI,54913-0000,Public       ,613,1350,1963,2818,5232,8050
01091300,MADISON MEDIA INSTITUTE                 ,WI,53718-6787,Proprietary  ,143,156,299,500,469,969
01148400,ADVANCED INSTITUTE OF HAIR DESIGN       ,WI,53225-0000,Proprietary  ,57,72,129,209,210,419
01182400,WISCONSIN INDIANHEAD TECH CLG WITC      ,WI,54871-9300,Public       ,273,582,855,1123,2352,3475
02077100,MILWAUKEE INST OF ART & DESIGN          ,WI,53202-0000,Private      ,70,51,121,936,266,1202
02078000,SACRED HEART SCHOOL OF THEOLOGY         ,WI,53130-0000,Private      ,0,3,3,0,8,8
02136600,WISCONSIN LUTHERAN COLLEGE              ,WI,53226-0000,Private      ,43,38,81,1047,169,1216
02201803,KAPLAN COLLEGE - MILWAUKEE              ,WI,53212-3939,Proprietary  ,57,308,365,209,1102,1311
02239204,ANTHEM COLLEGE - BROOKFIELD             ,WI,53005-4207,Proprietary  ,2,13,15,13,47,60
02271300,WI SCH OF PROFESSIONAL PSYCHOLOGY       ,WI,53225-0000,Private      ,2,28,30,20,118,138
02317200,MARANATHA BAPTIST BIBLE COLLEGE         ,WI,53094-0000,Private      ,206,46,252,788,117,905
02324700,EMPIRE BEAUTY SCHOOL                    ,WI,53717-0000,Proprietary  ,16,50,66,49,194,243
02332100,EMPIRE BEAUTY SCHOOL                    ,WI,54220-0000,Proprietary  ,32,69,101,106,292,398
02332101,EMPIRE BEAUTY SCHOOL - APPLETON         ,WI,54914-4644,Proprietary  ,6,4,10,20,25,45
02453500,MEDICAL COLLEGE OF WISCONSIN            ,WI,53226-0000,Private      ,12,37,49,58,1242,1300
02494300,GILL-TECH ACADEMY OF HAIR DESIGN        ,WI,54911-0000,Proprietary  ,16,21,37,68,67,135
02532200,LAC COURTE OREILLES OJIBWA CMTY CLG     ,WI,54843-0000,Public       ,44,182,226,70,366,436
03007400,LAKESIDE SCHOOL OF MASSAGE THERAPY      ,WI,53719-1103,Private      ,18,49,67,38,142,180
03061200,MIDWEST COLLEGE OF ORIENTAL MEDICINE    ,WI,53403-9747,Proprietary  ,1,66,67,3,173,176
03077600,EMPIRE BEAUTY SCHOOL                    ,WI,54304-4838,Proprietary  ,49,136,185,153,447,600
03087500,ITT TECHNICAL INSTITUTE                 ,WI,53220-4612,Proprietary  ,418,1315,1733,935,2867,3802
03125100,COLLEGE OF MENOMINEE NATION             ,WI,54135-0000,Private      ,73,214,287,146,559,705
03125102,COLLEGE OF  THE MENOMINEE NATION - GREEN,WI,54304-4964,Private      ,10,24,34,31,90,121
03220300,"SALON PROFESSIONAL ACADEMY, THE         ",WI,54701-7633,Proprietary  ,17,27,44,63,78,141
03309300,MONTESSORI INSTITUTE OF MILWAUKEE       ,WI,53207-0000,Private      ,0,7,7,2,19,21
03808300,INSTITUTE OF BEAUTY AND WELLNESS (THE)  ,WI,53202-5715,Proprietary  ,19,49,68,94,169,263
03822300,FOUR SEASONS SALON AND COSMETOLOGY SCHOO,WI,53566-0000,Proprietary  ,9,24,33,17,39,56
03872500,NORTHLAND INTERNATIONAL UNIVERSITY      ,WI,54119-9285,Private      ,96,17,113,498,69,567
03925300,BLUE SKY SCHOOL OF PROFESSIONAL MASSAGE ,WI,53024-9699,Private      ,12,61,73,37,139,176
04117400,MILWAUKEE CAREER COLLEGE                ,WI,53222-4305,Proprietary  ,58,239,297,177,793,970
04118600,ACADEMY OF COSMETOLOGY                  ,WI,53548-3307,Proprietary  ,10,34,44,29,85,114
04124800,VISIONS IN HAIR DESIGN INSTITUTE OF COSM,WI,53210-1120,Proprietary  ,3,21,24,16,60,76
04132600,WISCONSIN ACADEMY (THE)                 ,WI,54157-1726,Proprietary  ,4,12,16,14,43,57
04137900,PC PROSCHOOLS                           ,WI,53005-6003,Proprietary  ,30,187,217,47,257,304
04138200,SALON PROFESSIONAL ACADEMY (THE)        ,WI,54914-3921,Proprietary  ,15,23,38,46,62,108
04157700,SALON PROFESSIONAL ACADEMY (THE)        ,WI,54650-8699,Proprietary  ,14,28,42,58,74,132
04165300,ACADEMY WAUKESHA (THE)                  ,WI,53072-5524,Proprietary  ,27,39,66,46,67,113
00145944,STRAYER UNIVERSITY - GREENSBORO         ,NC,27407-2638,Proprietary  ,0,0,0,0,1,1
00290500,NORTH CAROLINA A&T STATE UNIV           ,NC,27411-0001,Public       ,1086,1070,2156,13884,6086,19970
00290600,APPALACHIAN STATE UNIVERSITY            ,NC,28608-2059,Public       ,765,608,1373,15379,4291,19670
00290700,UNIVERSITY OF NC AT ASHEVILLE           ,NC,28804-3299,Public       ,186,263,449,3598,1661,5259
00290800,BARTON COLLEGE                          ,NC,27893-3104,Private      ,84,168,252,1542,809,2351
00291000,BELMONT ABBEY COLLEGE                   ,NC,28012-1802,Private      ,144,315,459,1326,1272,2598
00291100,BENNETT COLLEGE                         ,NC,27401-3239,Private      ,60,62,122,1251,444,1695
00291200,BREVARD COLLEGE                         ,NC,28712-3306,Private      ,63,26,89,1011,160,1171
00291300,CAMPBELL UNIVERSITY                     ,NC,27506-0036,Private      ,300,531,831,4354,3334,7688
00291400,CATAWBA COLLEGE                         ,NC,28144-2488,Private      ,82,111,193,1615,644,2259
00291500,CENTRAL PIEDMONT COMMUNITY COLLEGE      ,NC,28204-2297,Public       ,1912,4591,6503,7771,16838,24609
00291600,CHOWAN UNIVERSITY                       ,NC,27855-1850,Private      ,141,71,212,1818,390,2208
00291700,COLLEGE OF THE ALBEMARLE                ,NC,27909-2327,Public       ,175,429,604,814,1798,2612
00291800,DAVIDSON COLLEGE                        ,NC,28035-7157,Private      ,75,35,110,2905,149,3054
00291900,DAVIDSON COUNTY COMMUNITY COLLEGE       ,NC,27293-0000,Public       ,241,771,1012,1476,3783,5259
00292000,DUKE UNIVERSITY                         ,NC,27708-0397,Private      ,283,194,477,15961,1997,17958
00292001,DUKE UNIV - SCHOOL OF MEDICINE          ,NC,27710-0000,Private      ,20,59,79,132,1319,1451
00292002,DUKE UNIV - SCHOOL OF LAW               ,NC,27708-0000,Private      ,8,44,52,56,3459,3515
00292003,DUKE UNIV - GRAD SCH ARTS & SCIENCE     ,NC,27708-0000,Private      ,8,98,106,127,681,808
00292004,DUKE UNIV - FUQUA SCH OF BUSINESS       ,NC,27708-0000,Private      ,6,91,97,76,1258,1334
00292005,DUKE UNIV/NICHOLAS SCH OF ENVIRON.      ,NC,27708-0000,Private      ,3,14,17,25,376,401
00292006,DUKE UNIV - DIVINITY SCHOOL             ,NC,27708-0000,Private      ,5,45,50,152,722,874
00292007,DUKE UNIV - SCHOOL OF NURSING           ,NC,27710-0000,Private      ,22,207,229,131,851,982
00292010,DUKE UNIVERSITY - SCHOOL OF PUBLIC POLIC,NC,27708-0239,Private      ,4,15,19,76,350,426
00292300,EAST CAROLINA UNIVERSITY                ,NC,27858-1818,Public       ,1453,1888,3341,21054,11831,32885
00292600,ELIZABETH CITY STATE UNIVERSITY         ,NC,27909-7806,Public       ,307,247,554,3936,1586,5522
00292700,ELON UNIVERSITY                         ,NC,27244-2010,Private      ,184,142,326,6790,1218,8008
00292800,FAYETTEVILLE STATE UNIVERSITY           ,NC,28301-4298,Public       ,492,1295,1787,5022,6263,11285
00292900,GARDNER-WEBB UNIVERSITY                 ,NC,28017-0000,Private      ,217,736,953,2735,2713,5448
00293000,GREENSBORO COLLEGE                      ,NC,27401-1875,Private      ,122,258,380,1700,1090,2790
00293100,GUILFORD COLLEGE                        ,NC,27410-4171,Private      ,181,689,870,3020,2697,5717
00293300,HIGH POINT UNIVERSITY                   ,NC,27262-4221,Private      ,139,317,456,4704,1342,6046
00293400,ISOTHERMAL COMMUNITY COLLEGE            ,NC,28160-0804,Public       ,190,457,647,928,1950,2878
00293500,JOHN WESLEY COLLEGE                     ,NC,27265-0000,Private      ,7,50,57,46,198,244
00293600,JOHNSON C SMITH UNIVERSITY              ,NC,28216-5398,Private      ,274,298,572,2867,1303,4170
00293700,KING'S COLLEGE-CHARLOTTE                ,NC,28204-2435,Proprietary  ,111,181,292,826,719,1545
00293900,LEES MCRAE COLLEGE                      ,NC,28604-0000,Private      ,82,49,131,1071,304,1375
00294000,LENOIR COMMUNITY COLLEGE                ,NC,28502-0188,Public       ,275,848,1123,899,2611,3510
00294100,LENOIR-RHYNE UNIVERSITY                 ,NC,28603-0000,Private      ,143,131,274,2454,752,3206
00294200,LIVINGSTONE COLLEGE                     ,NC,28144-5298,Private      ,252,135,387,1759,506,2265
00294300,LOUISBURG COLLEGE                       ,NC,27549-2398,Private      ,151,47,198,1165,179,1344
00294400,MARS HILL COLLEGE                       ,NC,28754-0000,Private      ,82,90,172,1515,426,1941
00294500,MEREDITH COLLEGE                        ,NC,27607-5298,Private      ,91,183,274,1947,1006,2953
00294600,METHODIST UNIVERSITY                    ,NC,28311-1420,Private      ,199,394,593,2700,1587,4287
00294700,MITCHELL COMMUNITY COLLEGE              ,NC,28677-5264,Public       ,267,655,922,1158,2655,3813
00294800,MONTREAT COLLEGE                        ,NC,28757-1267,Private      ,31,195,226,610,735,1345
00294900,MOUNT OLIVE COLLEGE                     ,NC,28365-1299,Private      ,137,764,901,1306,3729,5035
00295000,NORTH CAROLINA CENTRAL UNIVERSITY       ,NC,27707-3198,Public       ,644,1223,1867,10076,7599,17675
00295100,NORTH CAROLINA WESLEYAN COLLEGE         ,NC,27804-8699,Private      ,100,277,377,1140,1123,2263
00295300,PEACE COLLEGE                           ,NC,27604-1194,Private      ,63,105,168,999,499,1498
00295400,UNIV OF NORTH CAROLINA AT PEMBROKE      ,NC,28372-1510,Public       ,503,897,1400,5614,4162,9776
00295500,PFEIFFER UNIVERSITY                     ,NC,28109-0000,Private      ,77,504,581,1021,1303,2324
00295600,PIEDMONT BAPTIST COLLEGE AND GRADUATE SC,NC,27101-5025,Private      ,48,71,119,218,217,435
00295700,QUEENS UNIVERSITY OF CHARLOTTE          ,NC,28274-0001,Private      ,196,630,826,2204,2320,4524
00295800,ROCKINGHAM COMMUNITY COLLEGE            ,NC,27375-0000,Public       ,202,550,752,866,1861,2727
00296000,SALEM COLLEGE                           ,NC,27108-0000,Private      ,56,188,244,666,752,1418
00296100,SANDHILLS COMMUNITY COLLEGE             ,NC,28374-8283,Public       ,443,984,1427,1493,3243,4736
00296200,SHAW UNIVERSITY                         ,NC,27601-2393,Private      ,351,534,885,3070,2436,5506
00296300,SOUTHEASTERN BAPTIST THEOL SEMINARY     ,NC,27588-0000,Private      ,5,18,23,48,125,173
00296400,SOUTHEASTERN COMMUNITY COLLEGE          ,NC,28472-5422,Public       ,254,535,789,742,1715,2457
00296700,ST ANDREWS PRESBYTERIAN COLLEGE         ,NC,28352-9979,Private      ,46,39,85,568,139,707
00296800,ST AUGUSTINES COLLEGE                   ,NC,27610-2298,Private      ,253,187,440,2252,816,3068
00297000,SURRY COMMUNITY COLLEGE                 ,NC,27017-0304,Public       ,154,435,589,1230,1929,3159
00297200,NORTH CAROLINA STATE UNIV-RALEIGH       ,NC,27695-1751,Public       ,1020,1356,2376,23806,9804,33610
00297300,GASTON COLLEGE                          ,NC,28034-1499,Public       ,408,1181,1589,2038,5105,7143
00297400,UNIVERSITY OF N C-CHAPEL HILL           ,NC,27514-0000,Public       ,577,1037,1614,21108,13122,34230
00297500,UNIVERSITY OF NC AT CHARLOTTE           ,NC,28223-0001,Public       ,1354,2407,3761,18383,12693,31076
00297600,UNIVERSITY OF N C - GREENSBORO          ,NC,27412-0001,Public       ,925,1526,2451,15557,9862,25419
00297800,WAKE FOREST UNIV - UNDERGRADUATE        ,NC,27109-7246,Private      ,147,71,218,6365,447,6812
00297801,WAKE FOREST UNIV - SCH OF MEDICINE      ,NC,27157-1090,Private      ,7,41,48,90,942,1032
00297803,WAKE FOREST GRAD SCHOOLS OF BUSINESS    ,NC,27109-7659,Private      ,6,112,118,637,863,1500
00297805,WAKE FOREST UNIV - SCH OF LAW           ,NC,27109-7206,Private      ,6,57,63,38,1470,1508
00297806,WAKE FOREST UNIV - GRAD A&S/DIVINITY    ,NC,27109-7246,Private      ,3,76,79,75,550,625
00297900,WARREN WILSON COLLEGE                   ,NC,28815-0000,Private      ,26,74,100,1241,413,1654
00298000,WAYNE COMMUNITY COLLEGE                 ,NC,27533-0000,Public       ,261,765,1026,1261,2805,4066
00298100,WESTERN CAROLINA UNIVERSITY             ,NC,28723-9731,Public       ,290,497,787,8339,3656,11995
00298200,WESTERN PIEDMONT COMMUNITY COLLEGE      ,NC,28655-4504,Public       ,284,626,910,1081,2376,3457
00298300,WILKES COMMUNITY COLLEGE                ,NC,28697-2100,Public       ,125,292,417,1017,1718,2735
00298400,UNIVERSITY OF N C-WILMINGTON            ,NC,28403-3297,Public       ,742,701,1443,11764,4605,16369
00298500,WINGATE UNIVERSITY                      ,NC,28174-0159,Private      ,188,168,356,2837,1002,3839
00298600,WINSTON-SALEM STATE UNIVERSITY          ,NC,27102-0000,Public       ,364,784,1148,6882,4629,11511
00398100,UNC SCHOOL OF THE ARTS                  ,NC,27127-2188,Public       ,81,52,133,1191,391,1582
00403300,ASHEVILLE BUNCOMBE TECH CMTY CLG        ,NC,28801-4897,Public       ,420,1190,1610,1857,4420,6277
00406200,PITT COMMUNITY COLLEGE                  ,NC,28590-0000,Public       ,678,1277,1955,3718,5771,9489
00483500,CALDWELL COMMUNITY CLG & TECH INST      ,NC,28638-2626,Public       ,301,592,893,1474,2995,4469
00483800,GUILFORD TECHNICAL COMMUNITY CLG        ,NC,27282-0309,Public       ,1387,2987,4374,6137,12923,19060
00484400,WAKE TECHNICAL COMMUNITY COLLEGE        ,NC,27603-5696,Public       ,1101,2682,3783,6117,11856,17973
00484500,WILSON COMMUNITY COLLEGE                ,NC,27893-3310,Public       ,208,728,936,595,2085,2680
00499201,MILLER-MOTTE TECHNICAL COLLEGE - MILLER-,NC,27511-9209,Proprietary  ,56,212,268,150,813,963
00499202,MILLER-MOTTE TECHNICAL COLLEGE - MILLER-,NC,27604-6072,Proprietary  ,82,404,486,221,1070,1291
00499203,MILLER-MOTTE TECHNICAL COLLEGE - FAYETTE,NC,28311-7651,Proprietary  ,88,391,479,200,994,1194
00499205,MILLER-MOTTE TECHNICAL COLLEGE - MILLER-,NC,28540-5901,Proprietary  ,3,22,25,3,22,25
00531600,COASTAL CAROLINA COMMUNITY COLLEGE      ,NC,28546-6816,Public       ,359,1293,1652,1255,4021,5276
00531700,FORSYTH TECHNICAL COMMUNITY COLLEGE     ,NC,27103-5197,Public       ,614,1724,2338,3112,7910,11022
00531800,CATAWBA VALLEY COMMUNITY COLLEGE        ,NC,28602-8302,Public       ,299,749,1048,2227,4012,6239
00532000,CAPE FEAR COMMUNITY COLLEGE             ,NC,28401-3910,Public       ,931,1696,2627,3549,5708,9257
00544700,RANDOLPH COMMUNITY COLLEGE              ,NC,27204-1009,Public       ,222,584,806,909,2216,3125
00544800,DURHAM TECHNICAL CMNTY COLLEGE          ,NC,27703-5023,Public       ,461,1501,1962,1519,5296,6815
00544900,CENTRAL CAROLINA COMMUNITY COLLEGE      ,NC,27330-9000,Public       ,349,1152,1501,1272,3821,5093
00546300,ALAMANCE COMMUNITY COLLEGE              ,NC,27253-0000,Public       ,396,946,1342,1471,3762,5233
00546400,RICHMOND COMMUNITY COLLEGE              ,NC,28345-4522,Public       ,220,669,889,641,1943,2584
00575400,ROWAN-CABARRUS COMMUNITY COLLEGE        ,NC,28145-1595,Public       ,670,1692,2362,2027,5163,7190
00647700,CABARRUS COLLEGE OF HEALTH SCIENCES     ,NC,28025-0000,Private      ,45,143,188,277,752,1029
00647800,MERCY HOSP SCH OF NURSING               ,NC,28207-0000,Public       ,19,178,197,170,727,897
00648300,WATTS SCHOOL OF NURSING                 ,NC,27704-0000,Private      ,11,63,74,86,338,424
00679900,CRAVEN COMMUNITY COLLEGE                ,NC,28562-0000,Public       ,205,700,905,760,2801,3561
00703100,PAMLICO COMMUNITY COLLEGE               ,NC,28529-0000,Public       ,47,177,224,89,351,440
00764000,FAYETTEVILLE TECHNICAL CMTY COLLEGE     ,NC,28303-0236,Public       ,826,3021,3847,3244,12302,15546
00768700,JAMES SPRUNT COMMUNITY COLLEGE          ,NC,28349-0398,Public       ,122,355,477,407,1205,1612
00781400,BROOKSTONE COLLEGE OF BUSINESS          ,NC,28262-1294,Proprietary  ,24,220,244,84,519,603
00781401,BROOKSTONE COLLEGE OF BUSINESS          ,NC,27409-0000,Proprietary  ,27,213,240,74,477,551
00789200,SAMPSON COMMUNITY COLLEGE               ,NC,28328-0000,Public       ,112,271,383,533,1334,1867
00798500,SOUTH PIEDMONT COMMUNITY COLLEGE        ,NC,28135-9703,Public       ,204,578,782,806,2197,3003
00798600,HALIFAX COMMUNITY COLLEGE               ,NC,27890-0089,Public       ,237,533,770,651,1565,2216
00798700,BLADEN COMMUNITY COLLEGE                ,NC,28332-0266,Public       ,183,585,768,539,1877,2416
00798800,MARTIN COMMUNITY COLLEGE                ,NC,27892-8307,Public       ,83,241,324,263,817,1080
00808100,CARTERET COMMUNITY COLLEGE              ,NC,28557-2989,Public       ,202,426,628,568,1484,2052
00808200,CLEVELAND COMMUNITY COLLEGE             ,NC,28150-0000,Public       ,350,932,1282,985,2759,3744
00808300,HAYWOOD COMMUNITY COLLEGE               ,NC,28721-0000,Public       ,185,487,672,638,1388,2026
00808500,MCDOWELL TECHNICAL COMMUNITY CLG        ,NC,28752-8728,Public       ,116,417,533,316,1047,1363
00808700,MONTGOMERY COMMUNITY COLLEGE            ,NC,27371-0787,Public       ,54,199,253,256,716,972
00846600,SOUTHWESTERN COMMUNITY COLLEGE          ,NC,28779-8581,Public       ,106,309,415,833,1568,2401
00855700,NASH COMMUNITY COLLEGE                  ,NC,27804-0488,Public       ,328,805,1133,1024,2314,3338
00855800,BEAUFORT COUNTY COMMUNITY COLLEGE       ,NC,27889-7889,Public       ,157,442,599,603,1583,2186
00861200,ROBESON COMMUNITY COLLEGE               ,NC,28359-2151,Public       ,295,884,1179,1052,3137,4189
00861300,ROANOKE-CHOWAN COMMUNITY COLLEGE        ,NC,27910-9522,Public       ,103,244,347,302,768,1070
00885500,EDGECOMBE COMMUNITY COLLEGE             ,NC,27886-9399,Public       ,362,1224,1586,790,3222,4012
00902500,EMPIRE BEAUTY SCHOOL                    ,NC,28105-2508,Proprietary  ,42,155,197,163,574,737
00933600,JOHNSTON COMMUNITY COLLEGE              ,NC,27577-0000,Public       ,310,755,1065,1341,3142,4483
00943000,TRI-COUNTY COMMUNITY COLLEGE            ,NC,28906-7919,Public       ,127,319,446,329,888,1217
00964600,PIEDMONT COMMUNITY COLLEGE              ,NC,27573-1197,Public       ,192,606,798,477,1427,1904
00968400,BLUE RIDGE COMMUNITY COLLEGE            ,NC,28731-9624,Public       ,197,483,680,684,1435,2119
00974701,GORDON-CONWELL THEO SEM - CHARLOTTE     ,NC,28273-0000,Private      ,1,54,55,7,215,222
00990300,VANCE-GRANVILLE CMTY COLLEGE            ,NC,27536-0917,Public       ,477,1085,1562,1198,2906,4104
01026400,SOUTH COLLEGE                           ,NC,28803-3152,Proprietary  ,24,209,233,65,480,545
01119400,STANLY COMMUNITY COLLEGE                ,NC,28001-7458,Public       ,225,735,960,809,2257,3066
01119700,MAYLAND COMMUNITY COLLEGE               ,NC,28777-2777,Public       ,114,196,310,357,629,986
01179900,PAUL MITCHELL THE SCHOOL FAYETTEVILLE   ,NC,28303-5364,Proprietary  ,20,66,86,69,253,322
01192600,LEON'S BEAUTY SCHOOL                    ,NC,27403-2812,Proprietary  ,32,82,114,103,256,359
02056500,MITCHELL'S HAIR STYLING ACADEMY         ,NC,27893-0000,Proprietary  ,18,37,55,52,119,171
02056501,MITCHELL'S HAIR STYLING ACADEMY - MITCHE,NC,27606-3326,Proprietary  ,13,26,39,52,105,157
02110500,ART INSTITUTE OF CHARLOTTE (THE)        ,NC,28217-0000,Proprietary  ,431,850,1281,2214,2795,5009
02170700,BRUNSWICK COMMUNITY COLLEGE             ,NC,28422-0000,Public       ,113,212,325,521,946,1467
02205000,COLLEGE OF WILMINGTON                   ,NC,28403-0000,Proprietary  ,20,65,85,122,205,327
02210400,FAYETTEVILLE BEAUTY COLLEGE             ,NC,28303-0000,Proprietary  ,16,87,103,62,242,304
02227800,MITCHELL'S HAIR STYLING ACADEMY         ,NC,27534-0000,Proprietary  ,1,8,9,9,26,35
02227900,MITCHELL'S HAIR STYLING ACADEMY         ,NC,27858-0000,Proprietary  ,3,14,17,19,49,68
02238700,HAIRSTYLING INSTITUTE OF CHARLOTTE      ,NC,28204-0000,Proprietary  ,22,78,100,88,249,337
02280900,MID-ATLANTIC CHRISTIAN UNIVERSITY       ,NC,27909-0000,Private      ,22,40,62,121,111,232
02326203,KAPLAN CAREER INSTITUTE - KAPLAN COLLEGE,NC,28212-6830,Proprietary  ,30,157,187,30,157,187
02560600,PINNACLE INSTITUTE OF COSMETOLOGY       ,NC,28115-8020,Proprietary  ,13,28,41,46,87,133
02614201,MILLER-MOTTE BUSINESS COLLEGE           ,NC,28403-0000,Proprietary  ,183,760,943,385,2070,2455
02614205,MILLER - MOTTE TECHNICAL COLLEGE - MILLE,NC,27834-5052,Proprietary  ,63,276,339,184,923,1107
03009500,WINSTON-SALEM BARBER SCHOOL             ,NC,27107-0000,Proprietary  ,15,36,51,70,138,208
03064400,REGENCY BEAUTY INSTITUTE                ,NC,27127-0000,Proprietary  ,75,164,239,204,397,601
03089300,HERITAGE BIBLE COLLEGE                  ,NC,28335-0000,Private      ,3,25,28,22,94,116
03104200,CAROLINAS COLLEGE OF HEALTH SCIENCE     ,NC,28232-2861,Public       ,50,268,318,303,1116,1419
03109000,LIVING ARTS COLLEGE                     ,NC,27614-7076,Proprietary  ,97,207,304,397,496,893
03109001,LIVING ARTS INSTITUTE                   ,NC,27107-3217,Proprietary  ,8,30,38,44,102,146
03361300,MEDICAL ARTS MASSAGE SCHOOL             ,NC,27616-6453,Proprietary  ,19,108,127,44,251,295
03513400,APEX SCHOOL OF THEOLOGY                 ,NC,27703-8024,Private      ,14,365,379,24,695,719
03555300,SOUTHEASTERN INSTITUTE                  ,NC,28217-0000,Proprietary  ,45,246,291,109,564,673
03555400,SOUTHEASTERN SCHOOL OF NEUROMUSCULAR  MA,NC,29406-0000,Proprietary  ,25,68,93,55,179,234
03570300,CAROLINA CHRISTIAN COLLEGE              ,NC,27105-3241,Private      ,1,27,28,12,100,112
03663300,HOOD THEOLOGICAL SEMINARY               ,NC,28144-5768,Private      ,0,86,86,3,225,228
03748500,LA SHE'S BEAUTY ACADEMY                 ,NC,27707-3569,Proprietary  ,14,70,84,37,123,160
03777300,CAROLINA ACAD OF COSMETIC ART & SCI     ,NC,28054-0460,Proprietary  ,33,106,139,82,224,306
03827300,NEW LIFE THEOLOGICAL SEMINARY           ,NC,28205-1648,Private      ,5,53,58,9,160,169
04098300,TECHSKILLS - CHARLOTTE                  ,NC,28217-0000,Proprietary  ,15,119,134,58,348,406
04101300,CAROLINA SCHOOL OF BROADCASTING         ,NC,28214-8085,Proprietary  ,22,67,89,78,237,315
04115700,REGINA'S COLLEGE OF BEAUTY              ,NC,28110-2831,Proprietary  ,14,97,111,34,190,224
04120300,"FILA ACADEMY, THE                       ",NC,27265-3114,Proprietary  ,11,28,39,28,98,126
04129400,CENTER FOR MASSAGE & NATURAL HEALTH     ,NC,28787-8331,Proprietary  ,6,27,33,23,107,130
04140700,AVEDA INSTITUTE CHAPEL HILL             ,NC,27516-2559,Proprietary  ,47,90,137,124,242,366
04143500,CHARLOTTE SCHOOL OF LAW                 ,NC,28208-2816,Proprietary  ,14,251,265,58,1868,1926
04146400,DAOIST TRADITIONS COLLEGE OF CHINESE MED,NC,28801-1060,Proprietary  ,0,14,14,0,90,90
04149300,PARK WEST BARBER SCHOOL                 ,NC,27701-4022,Proprietary  ,12,52,64,42,159,201
04154200,CAROLINA BIBLE COLLEGE                  ,NC,29303-5157,Private      ,3,19,22,3,19,22
00298800,BISMARCK STATE COLLEGE                  ,ND,58501-1299,Public       ,312,471,783,2062,1585,3647
00298900,DICKINSON STATE UNIVERSITY              ,ND,58601-4896,Public       ,150,186,336,1185,735,1920
00299000,JAMESTOWN COLLEGE                       ,ND,58405-3401,Private      ,116,46,162,965,139,1104
00299100,LAKE REGION STATE COLLEGE               ,ND,58301-1598,Public       ,60,151,211,364,407,771
00299200,UNIVERSITY OF MARY                      ,ND,58504-9652,Private      ,138,344,482,1510,1438,2948
00299300,MAYVILLE STATE UNIVERSITY               ,ND,58257-1299,Public       ,96,85,181,560,299,859
00299400,MINOT STATE UNIVERSITY                  ,ND,58707-0002,Public       ,241,363,604,1580,1434,3014
00299500,DAKOTA COLLEGE AT BOTTINEAU             ,ND,58318-1159,Public       ,65,90,155,311,277,588
00299600,NORTH DAKOTA STATE CLG OF SCIENCE       ,ND,58076-0002,Public       ,314,256,570,1476,726,2202
00299700,NORTH DAKOTA STATE UNIVERSITY           ,ND,58108-6050,Public       ,1298,728,2026,9481,2836,12317
00300500,UNIVERSITY OF NORTH DAKOTA              ,ND,58202-8193,Public       ,1033,1089,2122,7833,4811,12644
00300700,WILLISTON STATE COLLEGE                 ,ND,58802-1326,Public       ,51,115,166,272,365,637
00300800,VALLEY CITY STATE UNIVERSITY            ,ND,58072-0000,Public       ,94,91,185,739,331,1070
00775600,JOSEF'S SCHOOL OF HAIR DESIGN INC       ,ND,58102-4977,Proprietary  ,29,29,58,79,92,171
00869408,RASMUSSEN COLLEGE - FARGO               ,ND,58103-7196,Proprietary  ,80,280,360,302,1229,1531
00869415,RASMUSSEN COLLEGE - BISMARCK            ,ND,58503-0000,Proprietary  ,28,127,155,133,592,725
00935400,MEDCENTER ONE COLLEGE OF NURSING        ,ND,58501-4494,Private      ,10,22,32,75,78,153
01040600,JOSEF'S SCHOOL OF HAIR DESIGN           ,ND,58201-6394,Proprietary  ,19,20,39,55,67,122
01205900,TRINITY BIBLE COLLEGE                   ,ND,58436-7150,Private      ,61,41,102,236,128,364
01229500,JZ TREND ACADEMY PAUL MITCHELL PARTNER S,ND,58501-0000,Proprietary  ,17,19,36,47,49,96
02188200,SITTING BULL COLLEGE                    ,ND,58538-9721,Public       ,29,150,179,69,321,390
02236500,LITTLE HOOP COMMUNITY COLLEGE           ,ND,58335-0000,Public       ,17,98,115,25,171,196
02242900,UNITED TRIBES TECHNICAL COLLEGE         ,ND,58504-0000,Private      ,88,224,312,246,724,970
02298200,HEADQUARTERS ACADEMY OF HAIR DESIGN     ,ND,58701-0000,Proprietary  ,7,36,43,16,62,78
02301100,TURTLE MTN CMNTY COLG-FIN AID OFC       ,ND,58316-0000,Private      ,127,325,452,250,596,846
02553700,FORT BERTHOLD COMMUNITY COLLEGE         ,ND,58763-0000,Public       ,19,113,132,38,167,205
03087200,MOLER BARBER CLG OF HAIRSTYLING         ,ND,58103-0000,Proprietary  ,1,9,10,3,23,26
04031300,SALON PROFESSIONAL ACADEMY (THE)        ,ND,58103-3337,Proprietary  ,19,22,41,62,70,132
04139400,HAIR ACADEMY (THE)                      ,ND,58501-4929,Proprietary  ,12,10,22,50,47,97
00301005,ANTIOCH UNIV/SEATTLE                    ,WA,98121-0000,Private      ,12,174,186,74,1248,1322
00376900,BELLEVUE COLLEGE                        ,WA,98007-6484,Public       ,609,1331,1940,4151,6834,10985
00377000,BIG BEND COMMUNITY COLLEGE              ,WA,98837-3299,Public       ,202,356,558,1004,1560,2564
00377100,"CENTRAL WASHINGTON UNIV., FIN AID       ",WA,98926-7495,Public       ,973,813,1786,10163,4903,15066
00377200,CENTRALIA COLLEGE                       ,WA,98531-4099,Public       ,153,464,617,1111,2067,3178
00377300,CLARK COLLEGE                           ,WA,98663-3598,Public       ,818,1828,2646,4905,9808,14713
00377400,COLUMBIA BASIN COLLEGE                  ,WA,99301-3379,Public       ,392,844,1236,2583,3885,6468
00377500,EASTERN WASHINGTON UNIVERSITY           ,WA,99004-2447,Public       ,622,884,1506,9161,6393,15554
00377600,EVERETT COMMUNITY COLLEGE               ,WA,98201-1352,Public       ,436,1302,1738,2512,5635,8147
00377700,HERITAGE UNIVERSITY                     ,WA,98948-9562,Private      ,49,273,322,450,1526,1976
00377800,GONZAGA UNIVERSITY                      ,WA,99258-0083,Private      ,163,616,779,7617,4103,11720
00377900,GRAYS HARBOR COLLEGE                    ,WA,98520-7599,Public       ,146,393,539,782,1642,2424
00378000,GREEN RIVER COMMUNITY COLLEGE           ,WA,98092-3622,Public       ,518,1151,1669,2816,5058,7874
00378100,HIGHLINE COMMUNITY COLLEGE              ,WA,98198-9800,Public       ,459,1135,1594,2917,5461,8378
00378200,LOWER COLUMBIA COLLEGE                  ,WA,98632-0310,Public       ,250,798,1048,1163,3260,4423
00378300,NORTHWEST UNIVERSITY                    ,WA,98083-0000,Private      ,108,241,349,1209,935,2144
00378400,OLYMPIC COLLEGE                         ,WA,98337-1600,Public       ,380,1051,1431,1912,4903,6815
00378500,PACIFIC LUTHERAN UNIVERSITY             ,WA,98447-0003,Private      ,203,188,391,4448,1733,6181
00378600,PENINSULA COLLEGE                       ,WA,98362-6660,Public       ,165,429,594,561,1596,2157
00378700,SEATTLE CENTRAL COMMUNITY COLLEGE       ,WA,98122-2413,Public       ,458,1437,1895,2880,6765,9645
00378703,SEATTLE VOCATIONAL INSTITUTE            ,WA,98144-0000,Public       ,38,244,282,86,533,619
00378800,SEATTLE PACIFIC UNIVERSITY              ,WA,98119-1997,Private      ,127,350,477,5742,2419,8161
00379000,SEATTLE UNIVERSITY                      ,WA,98122-1090,Private      ,403,592,995,8358,7079,15437
00379100,SHORELINE COMMUNITY COLLEGE             ,WA,98133-5696,Public       ,339,805,1144,2084,4270,6354
00379200,SKAGIT VALLEY COLLEGE                   ,WA,98273-5899,Public       ,268,655,923,1562,3264,4826
00379300,SPOKANE COMMUNITY COLLEGE               ,WA,99207-5399,Public       ,540,1784,2324,3918,9865,13783
00379400,ST MARTIN'S UNIVERSITY                  ,WA,98503-7500,Private      ,59,140,199,1409,1169,2578
00379600,TACOMA COMMUNITY COLLEGE                ,WA,98466-6100,Public       ,421,1514,1935,3184,8152,11336
00379700,UNIVERSITY OF PUGET SOUND               ,WA,98416-1039,Private      ,94,143,237,4819,1397,6216
00379800,UNIVERSITY OF WASHINGTON                ,WA,98195-5880,Public       ,1438,2395,3833,30739,27148,57887
00379900,WALLA WALLA UNIVERSITY                  ,WA,99324-1198,Private      ,197,111,308,1542,728,2270
00380000,WASHINGTON STATE UNIVERSITY             ,WA,99164-1035,Public       ,1021,1490,2511,20860,12044,32904
00380100,WENATCHEE VALLEY COLLEGE                ,WA,98801-1799,Public       ,285,648,933,1449,2647,4096
00380200,WESTERN WASHINGTON UNIVERSITY           ,WA,98225-5946,Public       ,730,507,1237,15505,4573,20078
00380300,WHITMAN COLLEGE                         ,WA,99362-2067,Private      ,31,14,45,2865,96,2961
00380400,WHITWORTH UNIVERSITY                    ,WA,99251-0001,Private      ,109,195,304,4212,1260,5472
00380500,YAKIMA VALLEY COMMUNITY COLLEGE         ,WA,98907-2520,Public       ,339,860,1199,2825,4652,7477
00499900,BELLINGHAM TECHNICAL COLLEGE            ,WA,98225-0000,Public       ,163,607,770,876,2745,3621
00500000,PIERCE COLLEGE                          ,WA,98498-1919,Public       ,549,1400,1949,3235,7105,10340
00500100,EDMONDS COMMUNITY COLLEGE               ,WA,98036-5999,Public       ,465,1072,1537,2329,4872,7201
00500600,WALLA WALLA COMMUNITY COLLEGE           ,WA,99362-9267,Public       ,203,521,724,1622,2595,4217
00530600,BATES TECHNICAL COLLEGE                 ,WA,98405-0000,Public       ,163,794,957,736,3028,3764
00537200,SOUTH PUGET SOUND COMMUNITY COLLEGE     ,WA,98512-6292,Public       ,333,876,1209,2173,4729,6902
00537300,LAKE WASHINGTON TECHNICAL COLLEGE       ,WA,98034-8505,Public       ,155,621,776,743,2720,3463
00575200,CLOVER PARK TECHNICAL COLLEGE           ,WA,98499-0000,Public       ,313,1195,1508,1374,5442,6816
00815500,EVERGREEN STATE COLLEGE (THE)           ,WA,98505-0002,Public       ,252,467,719,3833,3939,7772
00844300,ITT TECHNICAL INSTITUTE                 ,WA,98168-3334,Proprietary  ,168,732,900,473,1737,2210
00907901,EVEREST COLLEGE                         ,WA,98684-6950,Proprietary  ,46,162,208,137,589,726
00938700,PERRY TECHNICAL INSTITUTE               ,WA,98903-1239,Private      ,74,160,234,544,924,1468
00954400,SPOKANE FALLS COMMUNITY COLLEGE         ,WA,99224-5204,Public       ,572,1175,1747,4146,6432,10578
00970400,NORTH SEATTLE COMMUNITY COLLEGE         ,WA,98103-3599,Public       ,239,938,1177,1545,4506,6051
00970600,SOUTH SEATTLE COMMUNITY COLLEGE         ,WA,98106-1499,Public       ,252,834,1086,1705,3961,5666
00973900,GLEN DOW ACAD OF HAIR DESIGN            ,WA,99201-0209,Proprietary  ,28,78,106,102,210,312
01036400,WHATCOM COMMUNITY COLLEGE               ,WA,98226-8003,Public       ,321,601,922,2085,2875,4960
01043400,RENTON TECHNICAL COLLEGE                ,WA,98056-0000,Public       ,201,772,973,864,3080,3944
01148100,DIVERS INSTITUTE OF TECHNOLOGY          ,WA,98107-0667,Proprietary  ,42,135,177,140,470,610
01231500,CORNISH COLLEGE OF THE ARTS             ,WA,98121-4604,Private      ,51,61,112,1544,450,1994
01249600,GREENWOOD BEAUTY SCHOOL                 ,WA,98103-0000,Proprietary  ,12,36,48,37,108,145
01260100,NORTHWEST BAPTIST SEMINARY              ,WA,98402-6699,Private      ,0,11,11,7,35,42
01302200,CITY UNIVERSITY OF SEATTLE              ,WA,98005-3030,Private      ,32,567,599,188,2518,2706
01309400,BELLINGHAM BEAUTY SCHOOL                ,WA,98225-0000,Proprietary  ,9,34,43,39,84,123
02091701,KAPLAN COLLEGE - SEATTLE                ,WA,98055-4910,Proprietary  ,0,0,0,8,57,65
02105300,BELLEVUE BEAUTY SCHOOL                  ,WA,98007-0000,Proprietary  ,18,54,72,57,149,206
02106700,TRINITY LUTHERAN COLLEGE                ,WA,98201-3569,Private      ,19,24,43,153,103,256
02180000,NORTHWEST INDIAN COLLEGE                ,WA,98226-9278,Public       ,66,219,285,162,605,767
02184200,PAROBA COLLEGE OF COSMETOLOGY           ,WA,98208-0000,Proprietary  ,22,40,62,59,106,165
02202200,STYLEMASTERS COLLEGE OF HAIR DESIGN     ,WA,98632-0000,Proprietary  ,9,42,51,32,85,117
02203300,GENE JUAREZ ACADEMY OF BEAUTY           ,WA,98125-0000,Proprietary  ,79,118,197,311,507,818
02203301,GENE JUAREZ ACADEMY OF BEAUTY           ,WA,98003-0000,Proprietary  ,7,15,22,70,127,197
02222900,INTERNATIONAL AIR & HOSPITALITY ACADEMY ,WA,98661-4835,Proprietary  ,73,159,232,203,414,617
02222906,INTERNATIONAL AIR & HOSPITALITY ACADEMY ,WA,98661-3805,Proprietary  ,5,7,12,19,25,44
02236800,PROFESSIONAL BEAUTY SCHOOL              ,WA,98902-0000,Proprietary  ,6,19,25,34,70,104
02242500,BASTYR UNIVERSITY                       ,WA,98028-0000,Private      ,13,204,217,129,1267,1396
02242504,SEATTLE MIDWIFERY SCHOOL                ,WA,98144-0000,Private      ,0,12,12,9,116,125
02291300,ART INSTITUTE OF SEATTLE                ,WA,98121-1622,Proprietary  ,294,410,704,2458,2179,4637
02300100,EVEREST COLLEGE                         ,WA,98367-1835,Proprietary  ,39,140,179,132,472,604
02300103,EVEREST COLLEGE - EVERETT               ,WA,98208-2610,Proprietary  ,78,296,374,245,876,1121
02300104,EVEREST COLLEGE - TACOMA                ,WA,98402-3004,Proprietary  ,106,480,586,315,1358,1673
02326500,INTERFACE COLLEGE                       ,WA,99201-4326,Proprietary  ,8,82,90,22,222,244
02331400,NORTHWEST HAIR ACADEMY                  ,WA,98273-0000,Proprietary  ,36,49,85,75,125,200
02331402,NORTHWEST HAIR ACADEMY - EVERETT        ,WA,98204-0000,Proprietary  ,4,17,21,23,48,71
02504900,ACADEMY OF HAIR DESIGN (THE)            ,WA,98801-0000,Proprietary  ,12,18,30,44,74,118
02541900,BJ'S BEAUTY AND BARBER COLLEGE          ,WA,98409-0000,Proprietary  ,17,67,84,42,174,216
02602100,NORTHWEST COLLEGE OF ART                ,WA,98370-8625,Proprietary  ,21,12,33,194,52,246
02606200,EVEREST COLLEGE                         ,WA,98055-2990,Proprietary  ,78,265,343,216,908,1124
02617500,EVEREST COLLEGE                         ,WA,98133-9018,Proprietary  ,42,167,209,147,496,643
02617501,EVEREST COLLEGE - FIFE                  ,WA,98424-2647,Proprietary  ,3,27,30,50,188,238
02617503,EVEREST COLLEGE - VANCOUVER             ,WA,98684-6951,Proprietary  ,35,95,130,106,328,434
03031406,INTERNATIONAL ACADEMY OF DESIGN AND TECH,WA,98188-3319,Proprietary  ,29,40,69,165,259,424
03065000,CLARE'S BEAUTY COLLEGE                  ,WA,99301-5505,Proprietary  ,11,33,44,48,129,177
03071800,ITT TECHNICAL INSTITUTE                 ,WA,99216-1589,Proprietary  ,184,718,902,500,1934,2434
03099000,CORTIVA INSTITUTE - SEATTLE             ,WA,98109-5474,Proprietary  ,44,105,149,105,352,457
03110800,BAKKE GRADUATE UNIVERSITY               ,WA,98104-1222,Private      ,1,16,17,3,42,45
03139500,MONTESSORI SCHOOLS OF WASHINGTON        ,WA,98203-6600,Private      ,0,5,5,3,16,19
03280300,SEATTLE INST OF ORIENTAL MEDICINE       ,WA,98115-0000,Proprietary  ,2,11,13,23,86,109
03283300,NORTHWEST HVAC/R ASSOCIATION & TRAINING ,WA,99202-2125,Private      ,4,25,29,17,88,105
03466400,MARS HILL GRADUATE SCHOOL               ,WA,98121-0000,Private      ,0,33,33,0,299,299
03483500,CASCADIA COMMUNITY COLLEGE              ,WA,98011-9510,Public       ,179,298,477,929,1339,2268
03490400,EMIL FRIES PIANO HOSPITAL & TRAININ     ,WA,98661-4323,Private      ,1,8,9,5,23,28
03670301,TONI&GUY HAIRDRESSING ACADEMY -         ,WA,98225-4526,Proprietary  ,0,0,0,0,1,1
03689400,FAITH EVANGELICAL SEMINARY              ,WA,98407-2607,Private      ,12,89,101,23,236,259
03724300,DIGIPEN INSTITUTE OF TECHNOLOGY         ,WA,98052-5170,Proprietary  ,74,60,134,723,377,1100
03917300,EVERGREEN BEAUTY AND BARBER COLLEGE     ,WA,98208-3759,Proprietary  ,23,80,103,86,247,333
03932500,TOTAL COSMETOLOGY TRAINING CENTER       ,WA,99217-6231,Proprietary  ,10,79,89,51,186,237
03953300,YAKIMA BEAUTY SCHOOL;BEAUTYWORKS        ,WA,98901-2202,Proprietary  ,12,32,44,33,75,108
04043400,ALPINE COLLEGE                          ,WA,99206-5097,Proprietary  ,22,113,135,67,344,411
04120000,SUNNYSIDE BEAUTY ACADEMY                ,WA,98944-8711,Proprietary  ,1,12,13,10,45,55
04127200,VICTORIA'S ACADEMY OF COSMETOLOGY       ,WA,99336-3826,Proprietary  ,18,40,58,53,153,206
04130500,PACIFIC NORTHWEST UNIV OF HEALTH SCIENCE,WA,98901-1471,Private      ,2,16,18,27,355,382
04130800,CASCADE BEAUTY COLLEGE                  ,WA,98002-5504,Proprietary  ,5,12,17,21,48,69
04132800,INLAND MASSAGE INSTITUTE                ,WA,99208-5923,Proprietary  ,11,34,45,37,111,148
04149400,GARY MANUEL AVEDA INSTITUTE             ,WA,98122-3807,Proprietary  ,33,86,119,159,324,483
04155000,NORTHWEST SCHOOL OF WOODEN BOAT BUILDING,WA,98339-8706,Private      ,0,19,19,8,65,73
04161200,BAINBRIDGE GRADUATE INSTITUTE           ,WA,98110-2870,Private      ,0,66,66,0,144,144
04170100,SALON PROFESSIONAL ACADEMY (THE)        ,WA,98409-7360,Proprietary  ,19,51,70,34,93,127
04172900,ACADEMY OF COSMETOLOGY                  ,WA,99354-2651,Proprietary  ,1,4,5,1,4,5
00340100,BROWN UNIVERSITY                        ,RI,02912-9127,Private      ,142,48,190,19614,722,20336
00340101,BROWN UNIVERSITY - GRADUATE SCHOOL      ,RI,02912-1827,Private      ,4,72,76,84,1538,1622
00340102,BROWN MEDICAL SCHOOL                    ,RI,02912-0000,Private      ,2,20,22,25,468,493
00340200,BRYANT UNIVERSITY                       ,RI,02917-1284,Private      ,145,82,227,4921,477,5398
00340400,JOHNSON & WALES UNIVERSITY              ,RI,02903-3703,Private      ,932,726,1658,19577,4735,24312
00340600,PROVIDENCE COLLEGE                      ,RI,02918-0001,Private      ,98,125,223,7501,768,8269
00340700,RHODE ISLAND COLLEGE                    ,RI,02908-1991,Public       ,310,453,763,7557,3939,11496
00340800,COMMUNITY COLLEGE OF RI - WARWICK       ,RI,02906-0000,Public       ,927,1429,2356,5635,7061,12696
00340801,COMMUNITY COLLEGE OF RI - LINCOLN       ,RI,02865-4585,Public       ,235,370,605,1919,2273,4192
00340802,COMMUNITY COLLEGE OF RI- PROVIDENCE     ,RI,02905-2313,Public       ,144,306,450,1554,2178,3732
00340900,RHODE ISLAND SCHOOL OF DESIGN           ,RI,02903-2784,Private      ,79,59,138,2729,1488,4217
00341000,ROGER WILLIAMS UNIVERSITY               ,RI,02809-2921,Private      ,58,120,178,7925,1737,9662
00341100,SALVE REGINA UNIVERSITY                 ,RI,02840-4192,Private      ,53,74,127,4316,461,4777
00341400,UNIVERSITY OF RHODE ISLAND              ,RI,02881-0000,Public       ,740,573,1313,21181,4187,25368
00659100,ST. JOSEPH HOSP SCH OF NURSING          ,RI,02904-5199,Private      ,3,25,28,60,171,231
00784400,SANFORD-BROWN INSTITUTE                 ,RI,02920-7807,Proprietary  ,54,164,218,115,434,549
00784500,NEW ENGLAND INSTITUTE OF TECHNOLOGY     ,RI,02886-2266,Private      ,409,596,1005,2633,2536,5169
01115900,"SAWYER SCHOOL,THE                       ",RI,02860-4117,Proprietary  ,71,366,437,266,1238,1504
02071900,ARTHUR ANGELO SCH COSMET&HAIR DSGN      ,RI,02903-0000,Proprietary  ,20,43,63,101,201,302
02176900,WARWICK ACADEMY OF BEAUTY CULTURE       ,RI,02886-1534,Proprietary  ,23,41,64,75,137,212
02584400,NEW ENGLAND TRACTOR TRAILER TRAINING SCH,RI,02860-1752,Proprietary  ,16,209,225,37,347,384
03080000,NEWPORT SCHOOL OF HAIRDRESSING          ,RI,02860-4038,Proprietary  ,2,18,20,12,72,84
03232300,LINCOLN TECHNICAL INSTITUTE             ,RI,02865-4211,Proprietary  ,151,427,578,534,1214,1748
03732300,INTERNATIONAL YACHT RESTORATION SCH     ,RI,02840-6720,Private      ,6,12,18,22,36,58
04141200,TONI & GUY HAIRDRESSING ACADEMY         ,RI,02920-0000,Proprietary  ,33,26,59,106,79,185
00341700,ALLEN UNIVERSITY                        ,SC,29204-1085,Private      ,190,134,324,1340,543,1883
00341800,ANDERSON UNIVERSITY                     ,SC,29621-4035,Private      ,130,237,367,2297,1061,3358
00341900,CHARLESTON SOUTHERN UNIVERSITY          ,SC,29406-2160,Private      ,330,490,820,4027,2123,6150
00342000,BENEDICT COLLEGE                        ,SC,29204-1086,Private      ,604,334,938,4305,1472,5777
00342100,BOB JONES UNIVERSITY                    ,SC,29614-1000,Proprietary  ,375,96,471,2930,440,3370
00342200,SOUTHERN WESLEYAN UNIVERSITY            ,SC,29630-1020,Private      ,58,321,379,989,1714,2703
00342300,THE CITADEL                             ,SC,29409-0002,Public       ,236,325,561,2566,1099,3665
00342400,CLAFLIN UNIVERSITY                      ,SC,29115-4498,Private      ,223,194,417,2757,986,3743
00342500,CLEMSON UNIVERSITY                      ,SC,29634-0001,Public       ,934,699,1633,16966,3811,20777
00342600,UNIV OF SC AT SUMTER                    ,SC,29150-2498,Public       ,140,176,316,800,664,1464
00342700,COKER COLLEGE                           ,SC,29550-3797,Private      ,49,135,184,1075,873,1948
00342800,COLLEGE OF CHARLESTON                   ,SC,29424-0100,Public       ,813,612,1425,10439,2834,13273
00342900,COLUMBIA INTERNATIONAL UNIVERSITY       ,SC,29203-1599,Private      ,65,160,225,606,748,1354
00343000,COLUMBIA COLLEGE                        ,SC,29203-5998,Private      ,131,305,436,1435,1307,2742
00343100,CONVERSE COLLEGE                        ,SC,29302-0006,Private      ,48,122,170,862,800,1662
00343200,ERSKINE COLLEGE                         ,SC,29639-0000,Private      ,32,10,42,699,58,757
00343201,ERSKINE THEOLOGICAL SEMINARY            ,SC,29639-0000,Private      ,0,43,43,5,132,137
00343400,FURMAN UNIVERSITY                       ,SC,29613-5253,Private      ,156,122,278,3429,475,3904
00343500,LANDER UNIVERSITY                       ,SC,29649-2099,Public       ,269,190,459,3906,933,4839
00343600,LIMESTONE COLLEGE                       ,SC,29340-3799,Private      ,168,574,742,1388,3042,4430
00343700,LUTHERAN THEOLOGICAL SOUTHERN SEM       ,SC,29203-5898,Private      ,1,20,21,4,141,145
00343800,MEDICAL UNIV OF SOUTH CAROLINA - FA     ,SC,29425-1760,Public       ,30,285,315,269,3017,3286
00343900,MORRIS COLLEGE                          ,SC,29150-3599,Private      ,239,162,401,1515,553,2068
00344000,NEWBERRY COLLEGE                        ,SC,29108-2197,Private      ,80,63,143,1818,335,2153
00344100,NORTH GREENVILLE COLLEGE                ,SC,29688-1892,Private      ,166,90,256,2368,433,2801
00344500,PRESBYTERIAN COLLEGE                    ,SC,29325-2503,Private      ,52,19,71,1513,242,1755
00344600,SOUTH CAROLINA STATE UNIVERSITY         ,SC,29117-4427,Public       ,541,531,1072,6423,2806,9229
00344700,SPARTANBURG METHODIST COLLEGE           ,SC,29301-5899,Private      ,119,40,159,1313,217,1530
00344800,UNIVERSITY OF SOUTH CAROLINA            ,SC,29208-3999,Public       ,1895,1734,3629,22476,11881,34357
00344900,UNIVERSITY OF SOUTH CAROLINA AIKEN      ,SC,29801-6399,Public       ,281,253,534,3344,1362,4706
00345000,UNIV OF SC AT BEAUFORT                  ,SC,29902-4602,Public       ,185,256,441,1482,1064,2546
00345100,COASTAL CAROLINA UNIVERSITY             ,SC,29528-0000,Public       ,862,454,1316,11637,2542,14179
00345300,UNIV OF SC AT LANCASTER                 ,SC,29721-0889,Public       ,171,185,356,901,724,1625
00345400,UNIV OF SC SYSTEM SALKEHATCHIE          ,SC,29810-0617,Public       ,129,232,361,597,707,1304
00345500,VOORHEES COLLEGE                        ,SC,29042-0000,Private      ,149,120,269,1116,412,1528
00345600,WINTHROP UNIVERSITY                     ,SC,29733-0001,Public       ,517,494,1011,5985,2293,8278
00345700,WOFFORD COLLEGE                         ,SC,29303-3663,Private      ,58,27,85,2075,181,2256
00399000,FLORENCE-DARLINGTON TECH COLLEGE        ,SC,29501-0548,Public       ,872,1783,2655,2980,5718,8698
00399100,GREENVILLE TECHNICAL COLLEGE            ,SC,29607-2439,Public       ,2092,3540,5632,7601,12794,20395
00399200,PIEDMONT TECHNICAL COLLEGE              ,SC,29648-1467,Public       ,746,1911,2657,2240,5072,7312
00399300,MIDLANDS TECHNICAL COLLEGE              ,SC,29202-0000,Public       ,1882,3084,4966,6866,11235,18101
00399400,SPARTANBURG COMMUNITY COLLEGE           ,SC,29305-4386,Public       ,735,1226,1961,3254,5348,8602
00399500,CENTRAL CAROLINA TECHNICAL COLLEGE      ,SC,29150-2499,Public       ,633,1653,2286,1558,4165,5723
00399600,YORK TECHNICAL COLLEGE                  ,SC,29730-3395,Public       ,828,1585,2413,2725,5602,8327
00492000,TRIDENT TECHNICAL COLLEGE               ,SC,29423-8067,Public       ,2369,4482,6851,6441,12337,18778
00492300,CLINTON JR COLLEGE                      ,SC,29730-5152,Private      ,58,35,93,149,105,254
00492400,FORREST JUNIOR COLLEGE                  ,SC,29624-2405,Proprietary  ,11,71,82,32,212,244
00492500,HORRY-GEORGETOWN TECH COLLEGE           ,SC,29526-9521,Public       ,894,1682,2576,3581,6951,10532
00492600,TRI-COUNTY TECHNICAL COLLEGE            ,SC,29670-9133,Public       ,1014,1364,2378,3995,4623,8618
00492700,UNIV OF SC AT UNION                     ,SC,29379-0729,Public       ,59,82,141,284,296,580
00499204,MILLER-MOTTE TECHNICAL COLLEGE - CONWAY ,SC,29526-9508,Proprietary  ,46,267,313,46,267,313
00536300,DENMARK TECHNICAL COLLEGE               ,SC,29042-0000,Public       ,329,461,790,809,1046,1855
00681500,ORANGEBURG-CALHOUN TECHNICAL COLG       ,SC,29118-8299,Public       ,578,974,1552,1437,2524,3961
00695100,UNIVERSITY OF SOUTH CAROLINA UPSTATE    ,SC,29303-9972,Public       ,543,574,1117,5790,2997,8787
00760200,NORTHEASTERN TECHNICAL COLLEGE          ,SC,29520-7015,Public       ,203,393,596,568,1220,1788
00922600,FRANCIS MARION UNIVERSITY               ,SC,29501-0000,Public       ,394,418,812,4737,1985,6722
00932200,WILLIAMSBURG TECHNICAL COLLEGE          ,SC,29556-4197,Public       ,135,301,436,350,800,1150
00991000,TECHNICAL COLLEGE OF THE LOWCOUNTRY     ,SC,29902-5441,Public       ,377,1081,1458,964,2930,3894
00991100,UNIV OF SC-REGIONAL CAMPUSES ADMIN      ,SC,29208-0001,Public       ,7,24,31,110,112,222
01005600,AIKEN TECHNICAL COLLEGE                 ,SC,29802-0696,Public       ,477,904,1381,1882,3541,5423
01031906,MEDIX SCHOOL - FORTIS COLLEGE           ,SC,29210-0000,Proprietary  ,4,12,16,12,44,56
01209200,KENNETH SHULER SCHOOL OF COSMETOLOGY    ,SC,29732-2169,Proprietary  ,57,94,151,88,165,253
01303907,SOUTH UNIVERSITY                        ,SC,29203-6400,Proprietary  ,133,806,939,514,2710,3224
02063700,SHERMAN CLG STRAIGHT CHIROPRACTIC       ,SC,29316-0000,Private      ,2,39,41,15,222,237
02189800,NO AMER INST OF AVIATION OF SO CAR      ,SC,29527-0000,Proprietary  ,2,4,6,8,23,31
02338600,CHARZANNE BEAUTY COLLEGE                ,SC,29649-0000,Proprietary  ,4,31,35,17,68,85
02341100,KENNETH SHULER SCHOOL OF COSMETOLOGY & N,SC,29210-0000,Proprietary  ,68,213,281,159,540,699
02356600,CHARLESTON COSMETOLOGY INSTITUTE        ,SC,29420-0000,Proprietary  ,24,48,72,65,113,178
02552400,ACADEMY OF HAIR TECHNOLOGY              ,SC,29615-2363,Proprietary  ,30,48,78,64,144,208
02567600,SUMTER BEAUTY COLLEGE                   ,SC,29150-0000,Proprietary  ,9,29,38,27,85,112
02614202,MILLER - MOTTE TECHNICAL COLLEGE - NORTH,SC,29406-9239,Proprietary  ,109,392,501,258,958,1216
03010614,VIRGINIA COLLEGE - GOLF ACADEMY OF AMERI,SC,29579-0000,Proprietary  ,42,81,123,187,323,510
03010617,VIRGINIA COLLEGE - GREENVILLE           ,SC,29607-7200,Proprietary  ,87,488,575,267,1277,1544
03010620,VIRGINIA COLLEGE - CHARLESTON           ,SC,29406-4999,Proprietary  ,108,463,571,204,921,1125
03010621,VIRGINIA COLLEGE - COLUMBIA             ,SC,29223-7527,Proprietary  ,66,376,442,128,718,846
03052300,KENNETH SHULER SCH COSM & HAIR DESG     ,SC,29841-2013,Proprietary  ,38,131,169,81,256,337
03088300,ACADEMY OF COSMETOLOGY                  ,SC,29418-5667,Proprietary  ,18,60,78,48,133,181
03293300,STRAND COLLEGE OF HAIR DESIGN           ,SC,29572-4310,Proprietary  ,22,46,68,38,120,158
03304300,CENTURA COLLEGE                         ,SC,29406-9235,Proprietary  ,50,344,394,142,980,1122
03513300,LACY COSMETOLOGY SCHOOL                 ,SC,29803-9084,Proprietary  ,15,32,47,23,58,81
03513301,LACY COSMETOLOGY SCHOOL -               ,SC,29072-0000,Proprietary  ,5,22,27,8,44,52
03513302,LACY COSMETOLOGY SCHOOL -               ,SC,29445-0000,Proprietary  ,9,33,42,14,46,60
03595300,CHARLESTON SCHOOL OF MASSAGE            ,SC,29412-8270,Proprietary  ,5,23,28,21,59,80
03746300,LEGRAND INSTITUTE OF COSMETOLOGY        ,SC,29020-0000,Proprietary  ,12,18,30,23,56,79
03746400,SOUTHEASTERN INSTITUTE                  ,SC,29210-0000,Proprietary  ,17,118,135,63,335,398
03768400,STYLETRENDS BARBER AND HAIRSTYLING ACADE,SC,29730-4511,Proprietary  ,11,31,42,24,83,107
03856400,W. L. BONNER COLLEGE                    ,SC,29203-0000,Private      ,1,16,17,3,55,58
03892300,HARLEY'S BEAUTY & BARBER CAREER INST.   ,SC,29204-1919,Proprietary  ,13,29,42,30,88,118
04083300,MARION COUNTY TECHNICAL EDUCATION CENTER,SC,29571-0000,Public       ,3,13,16,13,122,135
04096300,CHARLESTON SCHOOL OF LAW                ,SC,29402-0535,Proprietary  ,5,238,243,18,1322,1340
04158100,AIKEN SCHOOL OF COSMETOLOGY             ,SC,29801-4026,Proprietary  ,9,23,32,32,59,91
00345800,AUGUSTANA COLLEGE                       ,SD,57197-0001,Private      ,155,62,217,1843,242,2085
00345900,BLACK HILLS STATE UNIVERSITY            ,SD,57799-9670,Public       ,353,480,833,2382,1783,4165
00346100,DAKOTA WESLEYAN UNIVERSITY              ,SD,57301-4398,Private      ,65,55,120,632,288,920
00346300,DAKOTA STATE UNIVERSITY                 ,SD,57042-1799,Public       ,156,175,331,1260,756,2016
00346500,MOUNT MARTY COLLEGE                     ,SD,57078-3724,Private      ,74,130,204,539,488,1027
00346600,NORTHERN STATE UNIVERSITY               ,SD,57401-7198,Public       ,105,164,269,1563,735,2298
00346700,PRESENTATION COLLEGE                    ,SD,57401-1299,Private      ,43,105,148,335,446,781
00346900,UNIVERSITY OF SIOUX FALLS               ,SD,57105-1699,Private      ,64,123,187,1289,566,1855
00347000,SOUTH DAKOTA SCH OF MINES & TECH        ,SD,57701-3995,Public       ,130,174,304,1445,642,2087
00347100,SOUTH DAKOTA STATE UNIVERSITY           ,SD,57007-2298,Public       ,1077,763,1840,8239,3065,11304
00347400,UNIVERSITY OF SOUTH DAKOTA              ,SD,57069-2390,Public       ,618,902,1520,4774,4404,9178
00405600,SIOUX FALLS SEMINARY                    ,SD,57105-2729,Private      ,1,20,21,3,81,84
00405700,NATIONAL AMERICAN UNIVERSITY            ,SD,57701-3692,Proprietary  ,352,3440,3792,742,8687,9429
00405707,NATIONAL AMERICAN UNIVERSITY            ,SD,57105-0000,Proprietary  ,17,122,139,63,449,512
00492900,MCKENNAN HOSP-RADOLOGICAL TECH          ,SD,57101-0000,Private      ,3,2,5,22,26,48
00530900,LAKE AREA TECHNICAL INSTITUTE           ,SD,57201-2869,Public       ,155,158,313,931,583,1514
00598700,AVERA SACRED HEART HOSPITAL SCHOOL OF RA,SD,57078-3899,Private      ,1,1,2,6,15,21
00776400,SOUTHEAST TECHNICAL INST                ,SD,57107-0000,Public       ,345,493,838,1415,1462,2877
00828400,MITCHELL TECHNICAL INSTITUTE            ,SD,57301-2002,Public       ,123,112,235,698,435,1133
01013800,STEWART SCHOOL                          ,SD,57104-0000,Proprietary  ,27,31,58,85,84,169
01014804,COLORADO TECHNICAL UNIVERSITY           ,SD,57108-2272,Proprietary  ,51,251,302,284,1276,1560
01017000,WESTERN DAKOTA TECHNICAL INSTITUTE      ,SD,57701-4018,Public       ,151,291,442,530,1035,1565
01147701,SIOUX VALLEY HOSP-MEDICAL TECH          ,SD,57117-5039,Private      ,2,3,5,16,25,41
01465900,OGLALA LAKOTA COLLEGE                   ,SD,57752-0490,Public       ,157,661,818,301,1385,1686
02137100,BLACK HILLS BEAUTY COLLEGE              ,SD,57701-0000,Proprietary  ,21,32,53,68,88,156
02143700,SINTE GLESKA UNIVERSITY                 ,SD,57570-0000,Public       ,66,342,408,116,598,714
02144600,KILIAN COMMUNITY COLLEGE                ,SD,57103-7020,Private      ,44,122,166,104,429,533
02277300,SISSETON WAHPETON COLLEGE               ,SD,57262-0000,Public       ,27,140,167,42,204,246
02297800,HEADLINES ACADEMY                       ,SD,57701-0000,Proprietary  ,10,35,45,42,108,150
00347700,AQUINAS COLLEGE                         ,TN,37205-2086,Private      ,26,153,179,263,867,1130
00347701,AQUINAS COLLEGE -  PRIMETIME PROGRAM    ,TN,37214-3644,Private      ,2,26,28,11,149,160
00347800,AUSTIN PEAY STATE UNIVERSITY            ,TN,37044-0002,Public       ,796,1637,2433,7597,7602,15199
00347900,BELMONT UNIVERSITY                      ,TN,37212-3757,Private      ,391,587,978,6110,3471,9581
00348000,BETHEL UNIVERSITY                       ,TN,38201-1705,Private      ,119,914,1033,1619,3532,5151
00348100,CARSON-NEWMAN COLLEGE                   ,TN,37760-2204,Private      ,223,148,371,3164,767,3931
00348200,CHRISTIAN BROTHERS UNIVERSITY           ,TN,38104-5581,Private      ,150,366,516,2211,1661,3872
00348300,COLUMBIA STATE COMMUNITY COLLEGE        ,TN,38401-5653,Public       ,530,974,1504,3061,3626,6687
00348500,CUMBERLAND UNIVERSITY                   ,TN,37087-3554,Private      ,124,266,390,1530,1168,2698
00348600,LIPSCOMB UNIVERSITY                     ,TN,37204-3951,Private      ,326,493,819,3270,1953,5223
00348700,EAST TENNESSEE STATE UNIV - MAIN CAMPUS ,TN,37614-2857,Public       ,965,1281,2246,11371,7721,19092
00348701,EAST TENNESSEE STATE UNIV - MEDICINE    ,TN,37614-1708,Public       ,20,51,71,293,572,865
00348709,EAST TENNESSEE STATE UNIV - PHARMACY    ,TN,37614-1704,Public       ,13,47,60,127,464,591
00349000,FISK UNIVERSITY                         ,TN,37208-3045,Private      ,97,118,215,1279,557,1836
00349200,FREED-HARDEMAN UNIVERSITY               ,TN,38340-2399,Private      ,171,209,380,1814,900,2714
00349400,HIWASSEE COLLEGE                        ,TN,37354-4001,Private      ,18,12,30,18,12,30
00349500,JOHNSON BIBLE COLLEGE                   ,TN,37998-9775,Private      ,60,88,148,645,382,1027
00349600,KING COLLEGE                            ,TN,37620-2699,Private      ,114,315,429,1293,1294,2587
00349800,LAMBUTH UNIVERSITY                      ,TN,38301-5296,Private      ,60,65,125,940,392,1332
00349900,LANE COLLEGE                            ,TN,38301-4598,Private      ,326,185,511,3353,1261,4614
00350000,LEE UNIVERSITY                          ,TN,37320-0000,Private      ,361,298,659,3735,1406,5141
00350100,LEMOYNE-OWEN COLLEGE                    ,TN,38126-6510,Private      ,210,470,680,1332,1855,3187
00350200,LINCOLN MEMORIAL UNIVERSITY             ,TN,37752-7920,Private      ,106,670,776,1938,3955,5893
00350400,MARTIN METHODIST COLLEGE                ,TN,38478-2799,Private      ,86,86,172,880,535,1415
00350500,MARYVILLE COLLEGE                       ,TN,37804-5907,Private      ,47,50,97,1822,300,2122
00350600,MEHARRY MEDICAL COLLEGE                 ,TN,37208-0000,Private      ,10,91,101,77,1396,1473
00350700,MEMPHIS COLLEGE OF ART                  ,TN,38104-2764,Private      ,53,71,124,700,332,1032
00350900,UNIVERSITY OF MEMPHIS (THE)             ,TN,38152-4611,Public       ,1831,3381,5212,16462,17328,33790
00351000,MIDDLE TENNESSEE STATE UNIV             ,TN,37130-0000,Public       ,2820,2947,5767,23121,13036,36157
00351100,MILLIGAN COLLEGE                        ,TN,37682-4001,Private      ,71,92,163,1150,581,1731
00351700,SOUTHERN COLLEGE OF OPTOMETRY           ,TN,38104-2222,Private      ,5,14,19,35,584,619
00351800,SOUTHERN ADVENTIST UNIVERSITY           ,TN,37315-0370,Private      ,260,158,418,2448,838,3286
00351900,RHODES COLLEGE                          ,TN,38112-1690,Private      ,197,85,282,2875,466,3341
00352200,TENNESSEE STATE UNIVERSITY              ,TN,37209-1561,Public       ,775,1678,2453,11285,9112,20397
00352300,TENNESSEE TECHNOLOGICAL UNIV            ,TN,38505-0001,Public       ,974,886,1860,9847,3962,13809
00352400,TENNESSEE TEMPLE UNIVERSITY             ,TN,37404-3587,Private      ,78,387,465,407,781,1188
00352500,TENNESSEE WESLEYAN COLLEGE              ,TN,37371-0040,Private      ,111,72,183,1201,551,1752
00352600,TREVECCA NAZARENE UNIVERSITY            ,TN,37210-2877,Private      ,154,432,586,1436,2117,3553
00352700,TUSCULUM COLLEGE                        ,TN,37743-0001,Private      ,81,276,357,2329,1856,4185
00352800,UNION UNIVERSITY                        ,TN,38305-3697,Private      ,201,631,832,2892,2664,5556
00352900,UNIVERSITY OF TENNESSEE-CHATTANOOGA     ,TN,37403-2598,Public       ,985,945,1930,12646,4993,17639
00353000,UNIVERSITY OF TENNESSEE-KNOXVILLE       ,TN,37996-0150,Public       ,2405,1744,4149,25663,10579,36242
00353006,UNIVERSITY OF TENNESSEE-HEALTH SCI CTR  ,TN,38103-0000,Public       ,41,317,358,427,3371,3798
00353100,UNIVERSITY OF TENNESSEE-MARTIN          ,TN,38238-0002,Public       ,669,745,1414,7612,3654,11266
00353400,UNIVERSITY OF THE SOUTH                 ,TN,37383-1000,Private      ,53,12,65,1856,111,1967
00353500,VANDERBILT UNIVERSITY                   ,TN,37240-0001,Private      ,398,635,1033,14238,6848,21086
00353501,VANDERBILT UNIV MED CTR ALLIEDHEAL      ,TN,37232-5510,Private      ,8,40,48,78,308,386
00353502,VANDERBILT UNIV - SCH OF MED            ,TN,37232-0000,Private      ,19,45,64,171,1058,1229
00353600,BRYAN COLLEGE                           ,TN,37321-7000,Private      ,83,154,237,1164,574,1738
00399800,CHATTANOOGA STATE COMMUNITY COLLEGE     ,TN,37406-1097,Public       ,1103,2450,3553,5279,9026,14305
00399900,CLEVELAND STATE COMMUNITY COLLEGE       ,TN,37312-2858,Public       ,301,677,978,1783,2754,4537
00402500,TN TECHNOLOGY CTR AT KNOXVILLE          ,TN,37919-2327,Public       ,135,393,528,573,1480,2053
00402600,TENNESSEE TECH. CNTR AT CROSSVILLE      ,TN,38555-4142,Public       ,66,121,187,348,518,866
00461700,NATIONAL COLLEGE OF BUSINESS & TECH     ,TN,37211-6605,Proprietary  ,53,324,377,449,2697,3146
00493400,DRAUGHONS JR CLG OF BUSINESS            ,TN,37217-1056,Proprietary  ,176,823,999,417,2536,2953
00493401,DAYMAR INSTITUTE - CLARKSVILLE          ,TN,37040-6718,Proprietary  ,20,56,76,38,192,230
00493404,DAYMAR INSTITUTE - MURFREESBORO         ,TN,37128-5508,Proprietary  ,0,6,6,0,6,6
00493700,JACKSON STATE COMMUNITY COLLEGE         ,TN,38301-3797,Public       ,390,903,1293,3139,4627,7766
00493800,SOUTH COLLEGE                           ,TN,37909-3323,Proprietary  ,79,507,586,452,2003,2455
00494700,WEST TENNESSEE BUSINESS COLLEGE         ,TN,38301-3256,Proprietary  ,37,141,178,131,618,749
00528000,TN TECHNOLOGY CTR AT COVINGTON          ,TN,38019-0249,Public       ,24,100,124,137,417,554
00528100,TN TECHNOLOGY CTR AT ELIZABETHTON       ,TN,37643-0789,Public       ,66,213,279,287,947,1234
00528200,TN TECHNOLOGY CTR AT HARTSVILLE         ,TN,37074-0000,Public       ,37,107,144,203,433,636
00528300,TN TECHNOLOGY CTR AT NEWBERN            ,TN,38059-1198,Public       ,15,93,108,158,466,624
00530700,TN TECHNOLOGY CTR AT MCMINNVILLE        ,TN,37110-1322,Public       ,20,86,106,172,527,699
00535100,TENNESSEE TECHNOLOGY CENTER AT MORRISTOW,TN,37813-2094,Public       ,75,222,297,430,1135,1565
00535200,TN TECHNOLOGY CENTER AT MCKENZIE        ,TN,38201-1620,Public       ,19,82,101,154,407,561
00535300,TN TECHNOLOGY CENTER AT LIVINGSTON      ,TN,38570-0219,Public       ,33,80,113,271,431,702
00535400,TN TECHNOLOGY CTR AT JACKSON            ,TN,38301-0000,Public       ,51,247,298,391,1293,1684
00535600,TENNESSEE TECHNOLOGY CENTER AT HOHENWALD,TN,38462-0000,Public       ,56,191,247,265,587,852
00535700,TENNESSEE TECHNOLOGY CENTER AT CRUMP    ,TN,38327-3402,Public       ,33,121,154,240,551,791
00535800,TN TECHNOLOGY CENTER AT ATHENS          ,TN,37371-0848,Public       ,25,68,93,253,535,788
00535900,TENNESSEE TECHNOLOGY CENTER AT NASHVILLE,TN,37209-0000,Public       ,117,522,639,543,1804,2347
00536000,TENNESSEE TECHNOLOGY CENTER AT MEMPHIS  ,TN,38105-3604,Public       ,217,623,840,813,2085,2898
00537800,NORTHEAST STATE COMMUNITY COLLEGE       ,TN,37617-0246,Public       ,527,1122,1649,3342,5174,8516
00537900,TN TECHNOLOGY CTR AT SHELBYVILLE        ,TN,37160-3697,Public       ,54,171,225,317,874,1191
00683500,DYERSBURG STATE COMMUNITY COLLEGE       ,TN,38024-0000,Public       ,271,748,1019,1858,3277,5135
00683600,MOTLOW STATE COMMUNITY COLLEGE          ,TN,37388-7972,Public       ,660,901,1561,3061,3353,6414
00743900,FOUNTAINHEAD COLLEGE OF TECHNOLOGY      ,TN,37918-2583,Proprietary  ,37,155,192,151,557,708
00744000,NASHVILLE AUTO DIESEL COLLEGE           ,TN,37206-3298,Proprietary  ,383,274,657,2685,1191,3876
00778200,TENNESSEE TECHNOLOGY CENTER AT DICKSON  ,TN,37055-0000,Public       ,85,220,305,319,788,1107
00778300,MIDDLE TENNESSEE SCH OF ANESTHESIA      ,TN,37116-0000,Private      ,4,11,15,41,188,229
00814500,NASHVILLE STATE TECH CMNTY COLLEGE      ,TN,37209-0000,Public       ,834,2134,2968,3637,8342,11979
00865500,GENESIS CAREER COLLEGE OF COOKEVILLE    ,TN,38501-1959,Proprietary  ,44,122,166,91,317,408
00885900,JOHN A GUPTON COLLEGE                   ,TN,37203-2934,Private      ,21,44,65,106,169,275
00886300,WALTERS STATE COMMUNITY COLLEGE         ,TN,37813-6899,Public       ,542,965,1507,4195,4971,9166
00946400,TN TECHNOLOGY CTR AT PULASKI            ,TN,38478-4541,Public       ,32,144,176,145,549,694
00956700,TENNESSEE SCHOOL OF BEAUTY              ,TN,37921-3303,Proprietary  ,57,157,214,241,444,685
00971000,TENNESSEE TECHNOLOGY CENTER AT ONEIDA/HU,TN,37756-4149,Public       ,29,130,159,108,383,491
00991200,VOLUNTEER STATE COMMUNITY COLLEGE       ,TN,37066-3188,Public       ,849,1540,2389,3991,5586,9577
00991400,ROANE STATE COMMUNITY COLLEGE           ,TN,37748-8664,Public       ,513,1032,1545,3710,4752,8462
00998200,CRICHTON COLLEGE                        ,TN,38111-4745,Private      ,67,349,416,266,1466,1732
01032600,TN TECHNOLOGY CTR AT HARRIMAN           ,TN,37748-1109,Public       ,48,113,161,168,389,557
01043900,SOUTHWEST TENNESSEE COMMUNITY COLLG     ,TN,38104-3322,Public       ,1803,3906,5709,7765,14556,22321
01044700,"PLAZA BEAUTY SCHOOL, INC.               ",TN,38117-4822,Proprietary  ,36,86,122,107,260,367
01046000,AMERICAN BAPTIST THEOLOGICAL SEMINA     ,TN,37207-4994,Private      ,3,53,56,18,154,172
01052900,MEMPHIS THEOLOGICAL SEMINARY            ,TN,38104-0000,Private      ,4,81,85,8,274,282
01070000,TN TECHNOLOGY CENTER AT JACKSBORO       ,TN,37757-2461,Public       ,29,49,78,136,295,431
01155300,WM R MOORE COLLEGE OF TECHNOLOGY        ,TN,38104-0000,Private      ,33,80,113,101,265,366
01216400,TENNESSEE TECHNICAL CNTR AT RIPLEY      ,TN,38063-7359,Public       ,12,80,92,93,356,449
01254700,EMMANUEL SCHOOL OF RELIGION             ,TN,37601-0000,Private      ,1,24,25,3,75,78
01269300,PELLISSIPPI STATE COMMUNITY COLLEGE     ,TN,37933-0990,Public       ,1248,1798,3046,5611,6328,11939
02069303,VATTEROTT COLLEGE -                     ,TN,38016-5877,Proprietary  ,59,154,213,147,569,716
02092800,TENNESSEE TECHNOLOGY CENTER AT WHITEVILL,TN,38075-0000,Public       ,44,86,130,140,333,473
02103500,TN TECHNOLOGY CTR AT MURFREESBORO       ,TN,37129-0000,Public       ,66,271,337,308,816,1124
02106400,O'MORE COLLEGE OF DESIGN                ,TN,37064-0000,Private      ,21,34,55,203,97,300
02125300,NASHVILLE CLG OF MEDICAL CAREERS        ,TN,37115-0000,Proprietary  ,15,91,106,53,282,335
02153100,JON NAVE UNIVERSITY OF COSMETOLOGY      ,TN,37013-3347,Proprietary  ,76,129,205,206,367,573
02157100,CONCORDE CAREER COLLEGE                 ,TN,38137-0000,Proprietary  ,106,543,649,392,1825,2217
02160307,INTERNATIONAL ACADEMY OF DESIGN & TECH  ,TN,37212-0000,Proprietary  ,90,145,235,500,713,1213
02188300,PENTECOSTAL THEOLOGICAL SEMINARY        ,TN,37320-0000,Private      ,0,56,56,3,207,210
02204200,"CHATTANOOGA COLLEGE - MEDICAL, DENTAL AN",TN,37411-0000,Proprietary  ,61,257,318,181,696,877
02237900,TN TECHNOLOGY CENTER AT PARIS           ,TN,38242-0000,Public       ,37,121,158,171,559,730
02255000,KNOXVILLE INSTITUTE OF HAIR DESIGN      ,TN,37917-0000,Proprietary  ,19,69,88,23,95,118
02257400,ARNOLD'S BEAUTY SCHOOL                  ,TN,38358-0000,Proprietary  ,11,24,35,44,55,99
02263104,ANTHEM COLLEGE - ANTHEM CAREER COLLEGE -,TN,37214-2531,Proprietary  ,7,27,34,61,192,253
02275500,REUBEN-ALLEN COLLEGE                    ,TN,37922-0000,Proprietary  ,6,28,34,54,112,166
02278700,MR WAYNES SCH OF UNISEX HAIR DESIGN     ,TN,38501-0000,Proprietary  ,7,23,30,14,45,59
02293900,VOLUNTEER BEAUTY ACADEMY-NASHVILLE      ,TN,37115-2112,Proprietary  ,9,29,38,25,73,98
02294000,VOLUNTEER BEAUTY ACADEMY-DYERSBURG      ,TN,38024-1622,Proprietary  ,10,49,59,22,84,106
02326200,KAPLAN CAREER INSTITUTE                 ,TN,37217-1342,Proprietary  ,108,494,602,317,1841,2158
02326300,MEDVANCE INSTITUTE                      ,TN,38501-4305,Proprietary  ,35,161,196,103,447,550
02335900,VOLUNTEER BEAUTY ACADEMY-NASHVILLE      ,TN,37209-3033,Proprietary  ,6,45,51,33,112,145
02359800,ITT TECHNICAL INSTITUTE                 ,TN,37214-3717,Proprietary  ,382,1076,1458,1027,2565,3592
02539800,QUEEN CITY COLLEGE                      ,TN,37042-0000,Proprietary  ,16,56,72,46,226,272
02540000,TENNESSEE ACADEMY OF COSMETOLOGY        ,TN,38133-0000,Proprietary  ,23,106,129,89,249,338
02578200,NOSSI COLLEGE OF ART                    ,TN,37072-0000,Proprietary  ,48,65,113,299,300,599
02595000,FAYETTEVILLE BEAUTY SCHOOL              ,TN,37334-2909,Proprietary  ,5,33,38,16,67,83
02599710,VATTEROTT COLLEGE - MEMPHIS             ,TN,38132-1714,Proprietary  ,68,228,296,204,906,1110
02605501,REMINGTON COLLEGE - MEMPHIS CAMPUS      ,TN,38132-0000,Proprietary  ,103,495,598,416,1513,1929
02609204,VATTEROTT COLLEGE - VATTEROTT CAREER COL,TN,38133-4727,Proprietary  ,38,189,227,121,644,765
02614200,MILLER MOTTE BUSINESS COLLEGE           ,TN,37040-6023,Proprietary  ,101,339,440,261,1085,1346
02614203,MILLER - MOTTE TECHNICAL COLLEGE - CHATT,TN,37421-7220,Proprietary  ,61,295,356,278,1001,1279
02614204,MILLER - MOTTE TECHNICAL COLLEGE - GOODL,TN,37072-1870,Proprietary  ,50,219,269,146,561,707
03001800,FREE WILL BAPTIST BIBLE COLLEGE         ,TN,37205-2498,Private      ,45,48,93,216,141,357
03008800,FRANKLIN ACADEMY                        ,TN,37312-3939,Private      ,17,47,64,31,102,133
03010606,VIRGINIA COLLEGE - SCH OF BUSNSS & HLTH ,TN,37411-5600,Proprietary  ,12,123,135,75,413,488
03024900,TENNESSEE ACADEMY OF COSMETOLOGY        ,TN,38125-3442,Proprietary  ,32,78,110,107,226,333
03061100,GENESIS CAREER COLLEGE OF LEBANON       ,TN,37087-2718,Proprietary  ,60,135,195,98,265,363
03073400,ITT TECHNICAL INSTITUTE                 ,TN,37932-3343,Proprietary  ,469,1419,1888,1088,3331,4419
03076405,BRYMAN SCHOOL OF ARIZONA (THE) - ANTHEM ,TN,38134-7345,Proprietary  ,5,24,29,112,342,454
03079100,NORTH CENTRAL INSTITUTE                 ,TN,37042-3116,Proprietary  ,16,36,52,35,111,146
03088800,WATKINS INSTITUTE COLLEGE OF ART & DESIG,TN,37228-1306,Private      ,46,81,127,529,336,865
03126900,STYLES & PROFILES BEAUTY COLLEGE        ,TN,38375-2109,Proprietary  ,3,20,23,12,38,50
03355400,RICHMONT GRADUATE UNIVERSITY            ,TN,37404-0000,Private      ,3,63,66,9,249,258
03440300,BAPTIST MEMORIAL COLLEGE OF HEALTH      ,TN,38104-3104,Private      ,60,331,391,800,1877,2677
03480303,MEDVANCE INSTITUTE - NASHVILLE          ,TN,37203-1536,Proprietary  ,52,287,339,160,764,924
03513500,WILLIAMSON CHRISTIAN COLLEGE            ,TN,37067-8237,Private      ,10,123,133,30,191,221
03647300,NEW CONCEPTS SCHOOL OF COSMETOLOGY      ,TN,37311-7373,Proprietary  ,10,32,42,16,57,73
03683300,INTERNATIONAL BARBER & STYLE COLLEGE    ,TN,37209-0000,Proprietary  ,14,92,106,40,166,206
03701300,MEMPHIS INSTITUTE OF BARBERING          ,TN,38107-4334,Proprietary  ,35,95,130,104,274,378
03774400,SHEAR ACADEMY                           ,TN,38555-4177,Proprietary  ,6,14,20,22,39,61
03830300,SAE INSTITUTE OF TECHNOLOGY             ,TN,37203-4310,Proprietary  ,35,86,121,168,290,458
03840300,OXFORD GRADUATE SCHOOL                  ,TN,37321-6736,Private      ,0,7,7,0,7,7
03841300,CAREER BEAUTY COLLEGE                   ,TN,38464-3634,Proprietary  ,8,19,27,17,47,64
03920300,INSTITUTE OF HAIR DESIGN                ,TN,38310-1801,Proprietary  ,6,13,19,24,38,62
03930300,BUCHANAN BEAUTY COLLEGE                 ,TN,37160-2741,Proprietary  ,6,47,53,14,81,95
03982300,VISIBLE SCHOOL - MUSIC AND WORSHIPS ARTS,TN,38104-5814,Private      ,18,18,36,112,73,185
04035300,NAVE COSMETOLOGY ACADEMY                ,TN,38401-6335,Proprietary  ,17,71,88,49,171,220
04124100,ELITE COLLEGE OF COSMETOLOGY            ,TN,38351-1431,Proprietary  ,10,31,41,28,62,90
04157200,LOVE BEAUTY SCHOOL                      ,TN,37355-2950,Proprietary  ,15,38,53,27,77,104
00353700,ABILENE CHRISTIAN UNIVERSITY            ,TX,79699-3701,Private      ,505,470,975,4455,1632,6087
00353900,ALVIN COMMUNITY COLLEGE                 ,TX,77511-4807,Public       ,320,735,1055,1198,2458,3656
00354000,AMARILLO COLLEGE                        ,TX,79109-2446,Public       ,726,2022,2748,3141,6590,9731
00354100,ANGELO STATE UNIVERSITY                 ,TX,76909-5069,Public       ,555,555,1110,6559,2761,9320
00354300,AUSTIN COLLEGE                          ,TX,75090-4440,Private      ,79,68,147,2005,251,2256
00354400,AUSTIN PRESBYTERIAN THEOLOGICAL SEM     ,TX,78705-5797,Private      ,1,17,18,2,144,146
00354500,BAYLOR UNIVERSITY                       ,TX,76798-1458,Private      ,984,528,1512,20002,4832,24834
00354600,COASTAL BEND COLLEGE                    ,TX,78102-2197,Public       ,445,736,1181,1616,2440,4056
00354900,BLINN COLLEGE                           ,TX,77833-4098,Public       ,1654,1226,2880,9648,4417,14065
00355300,CISCO JUNIOR COLLEGE                    ,TX,76437-9803,Public       ,489,844,1333,1975,2681,4656
00355400,CLARENDON COLLEGE                       ,TX,79226-0000,Public       ,160,302,462,478,595,1073
00355600,COMMONWEALTH INST OF FUNERAL SVC        ,TX,77090-5918,Private      ,21,68,89,75,220,295
00355700,CONCORDIA UNIVERSITY TEXAS              ,TX,78726-4141,Private      ,182,678,860,1416,2339,3755
00355800,NORTH CENTRAL TEXAS COLLEGE             ,TX,76240-4699,Public       ,695,1066,1761,2765,4254,7019
00356000,DALLAS BAPTIST UNIVERSITY               ,TX,75211-9299,Private      ,399,1203,1602,2761,4070,6831
00356100,CEDAR VALLEY COLLEGE                    ,TX,75134-0000,Public       ,604,1424,2028,2007,4232,6239
00356200,DALLAS THEOLOGICAL SEM                  ,TX,75204-0000,Private      ,1,167,168,13,633,646
00356300,DEL MAR COLLEGE                         ,TX,78404-3897,Public       ,1089,2132,3221,4793,7502,12295
00356400,EAST TEXAS BAPTIST UNIVERSITY           ,TX,75670-1423,Private      ,126,104,230,1497,389,1886
00356500,TEXAS A&M UNIVERSITY - COMMERCE         ,TX,75429-3011,Public       ,564,1641,2205,4537,6541,11078
00356600,EPISCOPAL THEOL SEM OF THE STHWST       ,TX,78768-0000,Private      ,0,2,2,2,19,21
00356800,FRANK PHILLIPS COLLEGE                  ,TX,79008-0000,Public       ,138,199,337,439,544,983
00357000,GRAYSON COUNTY COLLEGE                  ,TX,75020-8299,Public       ,437,1055,1492,1668,3580,5248
00357100,HARDIN-SIMMONS UNIVERSITY               ,TX,79698-6050,Private      ,218,191,409,2323,952,3275
00357200,TRINITY VALLEY COMMUNITY COLLEGE        ,TX,75751-2734,Public       ,501,1174,1675,2189,4130,6319
00357300,HILL COLLEGE                            ,TX,76645-2711,Public       ,223,383,606,888,1137,2025
00357301,HILL COLLEGE                            ,TX,76031-0000,Public       ,206,560,766,745,1865,2610
00357400,HOWARD COLLEGE                          ,TX,79720-0213,Public       ,291,606,897,1291,2331,3622
00357500,HOWARD PAYNE UNIVERSITY                 ,TX,76801-2715,Private      ,142,98,240,1446,392,1838
00357600,HOUSTON BAPTIST UNIVERSITY              ,TX,77074-3298,Private      ,309,510,819,4274,2305,6579
00357700,HUSTON - TILLOTSON UNIVERSITY           ,TX,78702-2795,Private      ,159,192,351,1159,745,1904
00357800,UNIVERSITY OF THE INCARNATE WORD        ,TX,78209-6398,Private      ,464,967,1431,4811,4934,9745
00357900,JACKSONVILLE COLLEGE                    ,TX,75766-4759,Private      ,61,72,133,234,197,431
00358000,KILGORE COLLEGE                         ,TX,75662-3299,Public       ,686,1274,1960,3062,4351,7413
00358100,LAMAR UNIVERSITY-BEAUMONT               ,TX,77710-0042,Public       ,1264,2105,3369,8212,7127,15339
00358200,LAREDO COMMUNITY COLLEGE                ,TX,78040-4395,Public       ,1166,1307,2473,5694,4421,10115
00358300,LEE COLLEGE                             ,TX,77520-4796,Public       ,459,1113,1572,1681,3894,5575
00358400,LETOURNEAU UNIVERSITY                   ,TX,75607-0000,Private      ,95,714,809,1636,2970,4606
00358500,LON MORRIS COLLEGE                      ,TX,75766-2900,Private      ,261,105,366,1022,279,1301
00358600,LUBBOCK CHRISTIAN UNIVERSITY            ,TX,79407-2099,Private      ,252,317,569,1535,1285,2820
00358800,UNIVERSITY OF MARY HARDIN-BAYLOR        ,TX,76513-2599,Private      ,141,226,367,3337,1289,4626
00359000,MCLENNAN COMMUNITY COLLEGE              ,TX,76708-1498,Public       ,866,2030,2896,3936,7069,11005
00359100,MCMURRY UNIVERSITY                      ,TX,79697-0001,Private      ,192,174,366,1678,706,2384
00359200,MIDWESTERN STATE UNIVERSITY             ,TX,76308-2099,Public       ,513,707,1220,4192,3016,7208
00359300,NAVARRO COLLEGE                         ,TX,75110-4818,Public       ,1188,2045,3233,4323,5716,10039
00359400,UNIVERSITY OF NORTH TEXAS               ,TX,76203-1370,Public       ,2561,3607,6168,26150,19232,45382
00359500,OBLATE SCHOOL OF THEOLOGY               ,TX,78216-0000,Private      ,0,12,12,8,36,44
00359600,ODESSA COLLEGE                          ,TX,79764-7127,Public       ,467,878,1345,1691,2920,4611
00359800,OUR LADY OF THE LAKE UNIVERSITY         ,TX,78207-4689,Private      ,174,652,826,2343,2809,5152
00359900,UNIVERSITY OF TEXAS - PAN AMERICAN      ,TX,78541-2999,Public       ,1255,2131,3386,15279,9561,24840
00360000,PANOLA COLLEGE                          ,TX,75633-2397,Public       ,219,575,794,841,1622,2463
00360100,PARIS JR COLLEGE                        ,TX,75460-6298,Public       ,639,1304,1943,1875,3404,5279
00360200,PAUL QUINN COLLEGE                      ,TX,75241-4398,Private      ,68,200,268,325,568,893
00360300,RANGER COLLEGE                          ,TX,76470-3298,Public       ,149,173,322,559,484,1043
00360400,RICE UNIVERSITY                         ,TX,77251-1892,Private      ,310,488,798,8772,2677,11449
00360600,SAM HOUSTON STATE UNIVERSITY            ,TX,77340-0000,Public       ,1655,1644,3299,15661,7313,22974
00360700,ALAMO CMTY CLG DISTRICT PROGRAM         ,TX,78207-0000,Public       ,167,428,595,863,1319,2182
00360800,ST PHILLIPS COLLEGE                     ,TX,78203-2098,Public       ,934,2775,3709,4497,9592,14089
00360900,SAN JACINTO CLG-CENTRAL-NORTH-SOUTH     ,TX,77501-0000,Public       ,2375,4077,6452,8138,12090,20228
00361000,SCHREINER UNIVERSITY                    ,TX,78028-5697,Private      ,86,94,180,1388,434,1822
00361100,SOUTH PLAINS COLLEGE                    ,TX,79336-6504,Public       ,1044,1401,2445,4645,4952,9597
00361200,UNIV OF HOUSTON-DOWNTOWN                ,TX,77002-1001,Public       ,1077,2401,3478,6645,10372,17017
00361300,SOUTHERN METHODIST UNIVERSITY           ,TX,75275-0181,Private      ,284,729,1013,6730,5554,12284
00361400,SOUTHWEST TEXAS JR COLLEGE              ,TX,78801-6221,Public       ,649,1107,1756,2595,3051,5646
00361500,TEXAS STATE UNIVERSITY--SAN MARCOS      ,TX,78666-4602,Public       ,2328,2300,4628,26520,14216,40736
00361600,SOUTHWESTERN ASSEMBLIES OF GOD UNIV     ,TX,75165-2397,Private      ,322,361,683,1606,1141,2747
00361700,SOUTHWESTERN BAPTIST THEOL SEMINARY     ,TX,76122-0000,Private      ,3,42,45,31,177,208
00361800,SOUTHWESTERN CHRISTIAN COLLEGE          ,TX,75160-3400,Private      ,74,44,118,212,106,318
00361900,SOUTHWESTERN ADVENTIST UNIVERSITY       ,TX,76059-1922,Private      ,144,116,260,619,384,1003
00362000,SOUTHWESTERN UNIVERSITY                 ,TX,78626-6111,Private      ,67,30,97,2337,224,2561
00362100,ST EDWARDS UNIVERSITY                   ,TX,78704-0000,Private      ,175,463,638,4994,2870,7864
00362300,ST MARY'S UNIV OF SAN ANTONIO           ,TX,78228-8500,Private      ,194,389,583,4064,3177,7241
00362400,STEPHEN F AUSTIN STATE UNIVERSITY       ,TX,75962-0001,Public       ,1464,1204,2668,13062,4649,17711
00362500,SUL ROSS STATE UNIVERSITY               ,TX,79832-0113,Public       ,267,647,914,1610,1912,3522
00362600,TARRANT COUNTY COLLEGE                  ,TX,76102-6599,Public       ,3799,7248,11047,15038,24972,40010
00362700,TEMPLE COLLEGE                          ,TX,76504-7435,Public       ,466,1398,1864,2032,4802,6834
00362800,TEXARKANA COLLEGE                       ,TX,75599-0001,Public       ,344,696,1040,1746,2735,4481
00363000,PRAIRIE VIEW A&M UNIVERSITY             ,TX,77446-2967,Public       ,1164,1503,2667,10860,5965,16825
00363100,TARLETON STATE UNIVERSITY               ,TX,76402-0000,Public       ,893,1410,2303,6459,5576,12035
00363200,TEXAS A&M UNIVERSITY                    ,TX,77842-0000,Public       ,3034,1579,4613,36702,9004,45706
00363400,TEXAS STATE TECHNICAL CLG AT WACO       ,TX,76705-1695,Public       ,722,1349,2071,2862,3978,6840
00363500,TEXAS CHIROPRACTIC COLLEGE              ,TX,77505-1699,Private      ,0,45,45,12,349,361
00363600,TEXAS CHRISTIAN UNIVERSITY              ,TX,76129-0001,Private      ,477,537,1014,10606,3363,13969
00363700,JARVIS CHRISTIAN COLLEGE                ,TX,75765-1470,Private      ,134,64,198,677,247,924
00363800,TEXAS COLLEGE                           ,TX,75702-4500,Private      ,174,220,394,866,695,1561
00363900,TEXAS A&M UNIVERSITY-KINGSVILLE         ,TX,78363-8203,Public       ,682,1195,1877,6992,5567,12559
00364100,TEXAS LUTHERAN UNIVERSITY               ,TX,78155-5999,Private      ,146,65,211,1973,309,2282
00364200,TEXAS SOUTHERN UNIVERSITY               ,TX,77004-4598,Public       ,1454,2733,4187,9715,11842,21557
00364300,TEXAS SOUTHMOST COLLEGE                 ,TX,78520-4992,Public       ,2,5,7,379,467,846
00364400,TEXAS TECH UNIVERSITY                   ,TX,79409-0000,Public       ,2475,2010,4485,23208,10244,33452
00364500,TEXAS WESLEYAN UNIVERSITY               ,TX,76105-1536,Private      ,193,544,737,1361,3869,5230
00364600,TEXAS WOMAN'S UNIVERSITY                ,TX,76204-5587,Public       ,548,1743,2291,6099,10820,16919
00364700,TRINITY UNIVERSITY                      ,TX,78212-7200,Private      ,122,113,235,3352,656,4008
00364800,TYLER JUNIOR COLLEGE                    ,TX,75701-3436,Public       ,1282,1691,2973,7082,6726,13808
00365100,UNIVERSITY OF DALLAS                    ,TX,75062-4799,Private      ,115,325,440,1831,1332,3163
00365200,UNIVERSITY OF HOUSTON                   ,TX,77204-2010,Public       ,3157,4574,7731,29658,25139,54797
00365400,UNIVERSITY OF ST THOMAS                 ,TX,77006-4626,Private      ,116,471,587,1506,1903,3409
00365600,UNIVERSITY OF TEXAS-ARLINGTON           ,TX,76019-0000,Public       ,1613,4143,5756,19116,22109,41225
00365800,UNIVERSITY OF TEXAS-AUSTIN              ,TX,78713-7758,Public       ,1829,2022,3851,40588,20686,61274
00365900,UT HEALTH CENTER-SAN ANTONIO            ,TX,78229-3900,Public       ,83,432,515,879,3455,4334
00366100,UNIVERSITY OF TEXAS-EL PASO             ,TX,79968-0629,Public       ,1469,2590,4059,13163,11509,24672
00366200,VICTORIA COLLEGE (THE)                  ,TX,77901-4494,Public       ,371,735,1106,1569,2651,4220
00366300,WAYLAND BAPTIST UNIVERSITY              ,TX,79072-6998,Private      ,220,1033,1253,1153,3161,4314
00366400,WEATHERFORD COLLEGE                     ,TX,76086-5699,Public       ,363,841,1204,2033,3026,5059
00366500,WEST TEXAS A&M UNIVERSITY               ,TX,79016-0000,Public       ,685,900,1585,5217,3507,8724
00366800,WHARTON COUNTY JR COLLEGE               ,TX,77488-3298,Public       ,628,897,1525,2387,2882,5269
00366900,WILEY COLLEGE                           ,TX,75670-5199,Private      ,237,265,502,1044,835,1879
00400300,CENTRAL TEXAS COLLEGE                   ,TX,76540-4199,Public       ,705,4147,4852,2545,12122,14667
00407221,NORTHWOOD UNIVERSITY                    ,TX,75104-0000,Private      ,91,297,388,568,843,1411
00445300,EL CENTRO COLLEGE                       ,TX,75202-0000,Public       ,899,2908,3807,3718,9793,13511
00450303,EVEREST COLLEGE - FORT WORTH SOUTH      ,TX,76115-1407,Proprietary  ,75,457,532,114,675,789
00481102,EVEREST INSTITUTE - EVEREST COLLEGE     ,TX,76011-6630,Proprietary  ,90,399,489,215,1056,1271
00494800,TEXAS A&M UNIV SYSTEM HEALTH SCI CT     ,TX,77840-7896,Public       ,56,169,225,766,1828,2594
00494900,BAYLOR COLLEGE OF MEDICINE              ,TX,77030-0000,Private      ,67,145,212,514,1558,2072
00495100,UNIV OF TEXAS HEALTH SCIENCE CENTER     ,TX,77225-0000,Public       ,77,425,502,494,3373,3867
00495200,UNIV OF TEXAS MEDICAL BRANCH            ,TX,77550-0000,Public       ,46,317,363,309,2281,2590
00497200,GALVESTON COLLEGE                       ,TX,77550-7447,Public       ,357,549,906,1089,1778,2867
00497700,SOUTH TEXAS COLLEGE OF LAW              ,TX,77002-0000,Private      ,5,102,107,61,2169,2230
00520307,REMINGTON COLLEGE - DALLAS CAMPUS       ,TX,75041-9935,Proprietary  ,31,116,147,117,343,460
00660600,BAPTIST HS SCHOOL OF HEALTH PROFESSIONS ,TX,78229-3234,Proprietary  ,27,168,195,198,1145,1343
00661200,COVENANT SCH OF NSG & ALLIED HEALTH     ,TX,79410-0000,Private      ,20,89,109,113,369,482
00666100,ANGELINA COLLEGE                        ,TX,75902-0000,Public       ,586,1221,1807,2295,3787,6082
00694100,DALLAS CHRISTIAN COLLEGE                ,TX,75234-7229,Private      ,75,122,197,298,434,732
00709600,COLLEGE OF THE MAINLAND                 ,TX,77591-2499,Public       ,422,1014,1436,1124,2671,3795
00728700,BRAZOSPORT COLLEGE                      ,TX,77566-3199,Public       ,376,567,943,1177,1678,2855
00732907,ITT TECHNICAL INSTITUTE                 ,TX,77063-3751,Proprietary  ,54,214,268,267,676,943
00754805,WESTWOOD COLLEGE OF TECHNOLOGY          ,TX,77074-0000,Proprietary  ,93,177,270,428,719,1147
00758602,REMINGTON COLLEGE - FORT WORTH CAMPUS   ,TX,76112-1280,Proprietary  ,115,313,428,288,898,1186
00835300,LINCOLN COLLEGE OF TECHNOLOGY           ,TX,75052-0000,Proprietary  ,303,437,740,917,1174,2091
00849800,MIMS CLASSIC BEAUTY COLLEGE             ,TX,78216-0000,Proprietary  ,9,48,57,40,85,125
00850300,MOUNTAIN VIEW COLLEGE                   ,TX,75211-6599,Public       ,838,1684,2522,3272,5633,8905
00850400,RICHLAND COLLEGE                        ,TX,75243-2199,Public       ,1077,2370,3447,4400,7545,11945
00851000,EASTFIELD COLLEGE                       ,TX,75150-2099,Public       ,926,2238,3164,3643,7029,10672
00907905,EVEREST COLLEGE                         ,TX,75206-5209,Proprietary  ,189,734,923,494,1946,2440
00908200,INTERNATIONAL BUSINESS COLLEGE          ,TX,79903-0000,Proprietary  ,60,272,332,143,531,674
00916300,SAN ANTONIO COLLEGE                     ,TX,78212-4299,Public       ,2441,4824,7265,11605,18049,29654
00922500,TEXAS STATE TECHNICAL COLLEGE  HARLINGEN,TX,78550-3697,Public       ,777,1250,2027,3121,3751,6872
00946600,KAPLAN COLLEGE                          ,TX,78216-1899,Proprietary  ,71,380,451,314,1418,1732
00946607,KAPLAN COLLEGE - MCALLEN                ,TX,78503-1622,Proprietary  ,129,271,400,381,799,1180
00946609,KAPLAN COLLEGE - CAREER CENTERS OF TEXAS,TX,78416-9900,Proprietary  ,58,265,323,189,848,1037
00946610,KAPLAN COLLEGE - CAREER CENTERS OF TEXAS,TX,76103-2310,Proprietary  ,53,244,297,202,910,1112
00954900,WESTERN TEXAS COLLEGE                   ,TX,79549-9501,Public       ,120,143,263,623,431,1054
00965100,TEXAS A&M INTERNATIONAL UNIVERSITY      ,TX,78041-1900,Public       ,518,777,1295,4970,3214,8184
00974100,UNIVERSITY OF TEXAS AT DALLAS           ,TX,75083-0000,Public       ,809,1899,2708,7815,8661,16476
00976800,UNIVERSITY OF NORTH TEXAS HEALTH SCIENCE,TX,76107-2699,Public       ,31,155,186,243,1858,2101
00979700,MIDLAND COLLEGE                         ,TX,79705-6397,Public       ,395,791,1186,1681,2646,4327
00982802,EVEREST INSTITUTE- AUSTIN               ,TX,78754-0000,Proprietary  ,129,587,716,281,1256,1537
00993000,UNIVERSITY OF TEXAS-PERMIAN BASIN       ,TX,79762-0001,Public       ,366,685,1051,1871,2429,4300
00993200,TEXAS STATE TECH CLG-WEST TEXAS         ,TX,79556-4108,Public       ,80,223,303,446,847,1293
00993201,TEXAS STATE TECH COLLEGE-ABILENE        ,TX,79601-0000,Public       ,24,134,158,137,473,610
00993204,TEXAS STATE TECH CLG-BRECKENRIDGE       ,TX,76424-0000,Public       ,5,46,51,31,152,183
00993205,TEXAS STATE TECH COLLEGE-BROWNWOOD      ,TX,76801-0000,Public       ,20,85,105,84,295,379
01001900,UNIV OF TEXAS SOUTHWESTERN MED CTR      ,TX,75390-9096,Public       ,22,177,199,238,1997,2235
01005700,AMERICAN COMMERCIAL COLLEGE             ,TX,79602-1399,Proprietary  ,19,204,223,43,382,425
01005900,AMERICAN COMMERCIAL COLLEGE             ,TX,79761-0000,Proprietary  ,20,129,149,34,231,265
01005901,AMERICAN COMMERCIAL COLLEGE - AMERICAN C,TX,76310-2303,Proprietary  ,24,151,175,47,289,336
01006000,VERNON COLLEGE                          ,TX,76384-4092,Public       ,225,576,801,1126,2440,3566
01011500,UNIVERSITY OF TEXAS-SAN ANTONIO         ,TX,78249-0600,Public       ,2203,2827,5030,27455,16588,44043
01013000,WADE COLLEGE                            ,TX,75207-3199,Proprietary  ,55,69,124,216,238,454
01038700,EL PASO COMMUNITY COLLEGE               ,TX,79998-0000,Public       ,2739,4123,6862,13478,15110,28588
01050900,HALLMARK COLLEGE OF AERONAUTICS         ,TX,78214-0000,Proprietary  ,70,317,387,184,873,1057
01050901,HALLMARK COLLEGE OF  TECHNOLOGY-        ,TX,78230-1736,Proprietary  ,0,2,2,0,3,3
01062400,CENTRAL TEXAS COMMERCIAL COLLEGE        ,TX,75231-5033,Proprietary  ,25,118,143,59,225,284
01063300,HOUSTON COMMUNITY COLLEGE               ,TX,77002-0000,Public       ,5589,12647,18236,19197,39550,58747
01067400,TEXAS TECH U HEALTH SCIENCES CENTER     ,TX,79430-0000,Public       ,115,465,580,916,3433,4349
01076100,DALLAS INSTITUTE OF FUNERAL SERVICE     ,TX,75227-4314,Private      ,19,112,131,72,320,392
01114500,LONE STAR COLLEGE SYSTEM                ,TX,77073-3499,Public       ,4180,8344,12524,14632,25768,40400
01114501,LONE STAR COLLEGE-KINGWOOD              ,TX,77339-0000,Public       ,0,0,0,100,293,393
01114502,LONE STAR COLLEGE-TOMBALL               ,TX,77375-0000,Public       ,0,0,0,102,205,307
01114503,LONE STAR COLLEGE-MONTGOMERY            ,TX,77384-0000,Public       ,0,0,0,172,339,511
01114504,LONE STAR COLLEGE-CY-FAIR               ,TX,77433-1383,Public       ,0,0,0,178,305,483
01116100,TEXAS A&M UNIV CORPUS CHRISTI           ,TX,78412-5599,Public       ,734,1160,1894,8303,5003,13306
01116300,UNIVERSITY OF TEXAS AT TYLER            ,TX,75799-6699,Public       ,545,1017,1562,4249,4248,8497
01171100,UNIVERSITY OF HOUSTON-CLEAR LAKE        ,TX,77058-1002,Public       ,426,1723,2149,2056,7069,9125
01201500,AUSTIN COMMUNITY COLLEGE                ,TX,78752-4390,Public       ,2636,5891,8527,13701,23470,37171
01202000,VICTORIA BEAUTY COLLEGE                 ,TX,77901-6233,Proprietary  ,21,48,69,36,125,161
01226800,BALDWIN BEAUTY SCHOOL #5                ,TX,78704-4785,Proprietary  ,25,103,128,103,261,364
01229700,LAREDO BEAUTY COLLEGE                   ,TX,78040-1051,Proprietary  ,29,107,136,95,230,325
01248200,ATI TECHNICAL TRAINING CENTER           ,TX,75235-4622,Proprietary  ,300,980,1280,753,2945,3698
01248209,ATI CAREER TRAINING CENTER - GARLAND    ,TX,75041-2497,Proprietary  ,11,60,71,41,146,187
01248210,ATI CAREER TRAINING CENTER - WACO       ,TX,76711-1682,Proprietary  ,17,75,92,78,241,319
01248300,COSMETOLOGY CAREER CENTER-A PAUL MITCHEL,TX,75006-2567,Proprietary  ,91,151,242,216,346,562
01248800,INTERNATIONAL BEAUTY COLLEGE NO 3       ,TX,75040-0000,Proprietary  ,7,24,31,22,86,108
01276400,METROPLEX BEAUTY SCHOOL                 ,TX,75149-0000,Proprietary  ,13,57,70,28,131,159
01293000,CHARLES & SUE'S SCH OF HAIR DESIGN      ,TX,77801-0000,Proprietary  ,13,33,46,41,85,126
01293200,TINT SCHOOL OF MAKEUP & COSMETOLOGY     ,TX,75061-4235,Proprietary  ,7,21,28,21,66,87
01300300,NEILSON BEAUTY COLLEGE                  ,TX,75208-4637,Proprietary  ,8,35,43,23,115,138
01301600,OGLE SCHOOL HAIR SKIN NAILS             ,TX,76013-7400,Proprietary  ,55,122,177,159,328,487
01323100,UNIVERSITY OF HOUSTON-VICTORIA          ,TX,77901-5731,Public       ,174,763,937,1039,3044,4083
02058600,CONLEE'S COLLEGE OF COSMETOLOGY         ,TX,78028-0000,Proprietary  ,4,16,20,8,40,48
02069302,VATTEROTT COLLEGE - VATTEROTT EDUCATION ,TX,75220-5441,Proprietary  ,23,116,139,67,350,417
02074100,CAPITOL CITY TRADE & TECHNICAL SCH      ,TX,78704-0000,Proprietary  ,79,172,251,251,503,754
02077400,NORTH LAKE COLLEGE                      ,TX,75038-0000,Public       ,646,1452,2098,2516,4697,7213
02078100,STEPHENVILLE BEAUTY COLLEGE             ,TX,76401-0000,Proprietary  ,2,6,8,3,22,25
02081400,ARLINGTON BAPTIST COLLEGE               ,TX,76012-0000,Private      ,52,78,130,208,237,445
02093600,SOUTHWEST SCHOOL OF ELECTRONIC          ,TX,78735-0000,Proprietary  ,8,25,33,39,65,104
02098300,WESTERN TECHNICAL COLLEGE               ,TX,79927-2105,Proprietary  ,317,514,831,941,1222,2163
02100200,BROOKHAVEN COLLEGE                      ,TX,75244-0000,Public       ,567,1654,2221,2353,5589,7942
02113610,AMERICAN INTERCONTINENTAL UNIV - HOUSTON,TX,77042-4516,Proprietary  ,56,274,330,176,855,1031
02116008,SANFORD-BROWN COLLEGE - HOUSTON         ,TX,77036-8507,Proprietary  ,149,611,760,372,1692,2064
02116012,SANFORD-BROWN INSTITUTE - HOUSTON NORTH ,TX,77008-1058,Proprietary  ,55,244,299,140,705,845
02117100,ART INSTITUTE OF HOUSTON                ,TX,77056-0000,Proprietary  ,723,870,1593,3643,3244,6887
02119200,COURT REPORTING INSTITUTE OF DALLAS     ,TX,75247-6913,Proprietary  ,17,128,145,69,718,787
02119202,COURT REPORTING INSTIUTE OF DALLAS - COU,TX,77040-6315,Proprietary  ,7,86,93,28,376,404
02128302,INSTITUTE FOR BUSINESS & TECHNOLOGY - LA,TX,78230-2520,Proprietary  ,46,157,203,112,356,468
02136800,AMERICAN COMMERCIAL COLLEGE             ,TX,76904-0000,Proprietary  ,21,139,160,48,231,279
02144800,VET TECH INSTITUTE OF HOUSTON           ,TX,77027-9881,Proprietary  ,59,59,118,242,231,473
02176100,PIPO ACADEMY OF HAIR DESIGN             ,TX,79903-0000,Proprietary  ,4,29,33,26,75,101
02200800,AMERICAN COMMERCIAL COLLEGE             ,TX,79411-0000,Proprietary  ,6,147,153,25,248,273
02218300,SOUTHWEST SCHOOL OF BUSINESS & TECHNICAL,TX,78221-0000,Proprietary  ,69,321,390,147,633,780
02218305,SOUTHWEST SCHOOL OF BUSINESS AND TECHNIC,TX,78501-6053,Proprietary  ,21,56,77,56,145,201
02218306,SOUTHWEST SCHOOL OF BUSINESS AND TECHNIC,TX,78413-2045,Proprietary  ,11,99,110,29,197,226
02224600,TRI-STATE BEAUTY SCHOOL #1              ,TX,79915-0000,Proprietary  ,34,111,145,101,311,412
02228400,TEXAS AERO TECHNOLOGY                   ,TX,75209-0000,Proprietary  ,0,0,0,0,1,1
02230500,OGLE SCHOOL HAIR SKIN NAILS             ,TX,76132-3638,Proprietary  ,139,275,414,237,616,853
02230600,OGLE SCHOOL HAIR SKIN NAILS             ,TX,76053-4650,Proprietary  ,29,61,90,60,138,198
02239100,CENTRAL TEXAS BEAUTY COLLEGE #2         ,TX,78664-4204,Proprietary  ,21,107,128,47,211,258
02248200,MILAN INSTITUTE OF COSMETOLOGY          ,TX,79103-0000,Proprietary  ,261,689,950,679,1723,2402
02254800,TEXAS VOCATIONAL SCHOOLS                ,TX,77901-0000,Proprietary  ,18,78,96,45,130,175
02259400,AMBERTON UNIVERSITY                     ,TX,75041-0000,Private      ,2,116,118,35,322,357
02261300,EVEREST INSTITUTE                       ,TX,78213-3841,Proprietary  ,101,456,557,199,1032,1231
02261302,EVEREST INSTITUTE - HOUSTON GREENSPOINT ,TX,77060-3249,Proprietary  ,117,471,588,291,1279,1570
02261303,EVEREST INSTITUTE - HOUSTON HOBBY       ,TX,77087-2737,Proprietary  ,85,409,494,228,1125,1353
02267100,EXPOSITO SCHOOL OF HAIR DESIGN          ,TX,79109-0000,Proprietary  ,11,34,45,29,73,102
02276000,FRANKLIN BEAUTY SCHOOL #2               ,TX,77021-0000,Proprietary  ,29,99,128,60,194,254
02285900,UNIVERSITY OF COSMETOLOGY ARTS&SCI      ,TX,78504-0000,Proprietary  ,82,240,322,160,492,652
02294800,CAPITOL CITY CAREERS                    ,TX,78745-0000,Proprietary  ,7,61,68,33,203,236
02298501,EVEREST COLLEGE- FORT WORTH             ,TX,76137-2472,Proprietary  ,76,450,526,214,1055,1269
02305300,PARKER COLLEGE OF CHIROPRACTIC          ,TX,75229-0000,Private      ,12,149,161,62,1186,1248
02306700,FORT WORTH BEAUTY SCHOOL                ,TX,76116-3299,Proprietary  ,19,97,116,58,245,303
02312200,TEXAS SCHOOL OF BUSINESS                ,TX,77073-6032,Proprietary  ,76,200,276,253,723,976
02312201,TEXAS SCHOOL OF BUSINESS - SOUTHWEST CAM,TX,77057-0000,Proprietary  ,26,160,186,103,559,662
02312202,TEXAS SCHOOL OF BUSINESS - FRIENDSWOOD C,TX,77546-8938,Proprietary  ,26,106,132,68,459,527
02312203,TEXAS SCHOOL OF BUSINESS - EAST CAMPUS  ,TX,77029-1916,Proprietary  ,25,106,131,92,412,504
02313901,WESTWOOD COLLEGE - DALLAS               ,TX,75243-0000,Proprietary  ,93,282,375,441,1186,1627
02315400,NORTHEAST TEXAS COMMUNITY COLLEGE       ,TX,75456-0000,Public       ,389,698,1087,1381,1985,3366
02318200,"KD STUDIO, ACTOR'S CONSERVATORY         ",TX,75207-2111,Proprietary  ,49,72,121,171,231,402
02320200,HOUSTON GRADUATE SCHOOL OF THEOLOGY     ,TX,77092-0000,Private      ,6,60,66,20,216,236
02326000,SAN ANTONIO BEAUTY COLLEGE NO 3         ,TX,78217-0000,Proprietary  ,4,57,61,35,106,141
02328600,ITT TECHNICAL INSTITUTE                 ,TX,76011-0000,Proprietary  ,176,583,759,404,1188,1592
02331200,BAPTIST MISSIONARY ASSN THEOL SEM       ,TX,75766-0000,Private      ,1,20,21,5,43,48
02331300,INTERACTIVE LEARNING SYSTEMS            ,TX,77502-1201,Proprietary  ,19,90,109,34,214,248
02331301,INTERACTIVE LEARNING SYSTEMS            ,TX,77081-0000,Proprietary  ,26,203,229,62,433,495
02331304,INTERACTIVE LEARNING SYSTEMS            ,TX,77060-0000,Proprietary  ,15,147,162,26,304,330
02341300,PALO ALTO COLLEGE                       ,TX,78224-0000,Public       ,965,1757,2722,4517,6301,10818
02348500,LAMAR STATE COLLEGE-PORT ARTHUR         ,TX,77640-0000,Public       ,320,523,843,1013,1717,2730
02357700,ACADEMY OF HAIR DESIGN                  ,TX,77090-0000,Proprietary  ,64,113,177,104,178,282
02358200,LAMAR STATE COLLEGE-ORANGE              ,TX,77630-0000,Public       ,284,681,965,840,1994,2834
02361400,COLLIN COUNTY COMMUNITY COLLEGE         ,TX,75071-0000,Public       ,1554,2791,4345,6206,9539,15745
02362000,UNIVERSAL TECHNICAL INSTITUTE           ,TX,77073-0000,Proprietary  ,746,661,1407,4841,3021,7862
02362800,AUSTIN GRADUATE SCHOOL OF THEOLOGY      ,TX,78752-1333,Private      ,5,30,35,20,104,124
02521200,ARLINGTON CAREER INSTITUTE              ,TX,75050-0000,Proprietary  ,18,132,150,60,447,507
02521800,SEGUIN BEAUTY SCHOOL                    ,TX,78155-0000,Proprietary  ,20,40,60,40,77,117
02521801,SEGUIN BEAUTY SCHOOL-NEW BRAUNFELS      ,TX,78130-7937,Proprietary  ,0,0,0,6,5,11
02527500,HOUSTON TRAINING SCHOOLS                ,TX,77020-0000,Proprietary  ,100,535,635,147,743,890
02530700,SEBRING CAREER SCHOOLS                  ,TX,77083-1510,Proprietary  ,11,61,72,16,80,96
02539600,ART INSTITUTE OF DALLAS                 ,TX,75231-5993,Proprietary  ,391,515,906,2379,2267,4646
02548800,SOUTH TEXAS VO-TECH INSTITUTE           ,TX,78596-0000,Proprietary  ,222,474,696,593,1253,1846
02548802,SOUTH TEXAS VOCATIONAL TECHNICAL INSTITU,TX,78520-8710,Proprietary  ,11,19,30,63,75,138
02549400,SOUTH TEXAS VO-TECH INSTITUTE           ,TX,78501-0000,Proprietary  ,319,778,1097,745,1863,2608
02549402,SOUTH TEXAS VOCATIONAL TECHNICAL INSTITU,TX,78416-1141,Proprietary  ,9,37,46,44,106,150
02555400,UNIV OF TX MD ANDERSON CANCER CTR       ,TX,77030-0000,Public       ,23,77,100,115,401,516
02568100,TEXAS BARBER COLLEGES & HAIRSTYLING     ,TX,75208-0000,Proprietary  ,137,436,573,309,1136,1445
02569300,TEXAS CULINARY ACADEMY                  ,TX,78758-3403,Proprietary  ,457,1559,2016,1666,5281,6947
02572000,COMPUTER CAREER CENTER                  ,TX,79925-2021,Proprietary  ,108,385,493,263,974,1237
02572004,COMPUTER CAREER CENTER - AMARILLO CAMPUS,TX,79101-2404,Proprietary  ,30,130,160,79,343,422
02572005,COMPUTER CAREER CENTER - LUBBOCK CAMPUS ,TX,79414-3517,Proprietary  ,27,164,191,46,277,323
02580100,IVERSON BUSINESS SCH & COURT REPORT     ,TX,76011-1344,Proprietary  ,32,188,220,68,386,454
02591100,CAREER POINT INSTITUTE                  ,TX,78201-2027,Proprietary  ,152,897,1049,365,2198,2563
02591900,CAREER CENTERS OF TEXAS - EL PASO       ,TX,79907-1525,Proprietary  ,156,429,585,393,1293,1686
02591905,CAREER CENTERS OF TEXAS-BROWNSVILLE     ,TX,78521-9905,Proprietary  ,72,150,222,213,527,740
02596400,REDSTONE COLLEGE - LOS ANGELES          ,TX,77061-0000,Proprietary  ,64,98,162,183,328,511
02596500,ATI CAREER TRAINING CENTER              ,TX,76180-1599,Proprietary  ,368,1356,1724,826,3416,4242
02596503,ATI- CAREER TRAINING CENTER - HOUSTON (#,TX,77029-1978,Proprietary  ,16,62,78,51,159,210
02596600,ATI-CAREER TRAINING CENTER              ,TX,75220-4443,Proprietary  ,324,989,1313,738,2519,3257
02596601,ATI CAREER TRAINING CENTER - RICHARDSON ,TX,75081-6745,Proprietary  ,6,50,56,34,149,183
02596602,ATI CAREER TRAINING CENTER - DALLAS (STE,TX,75247-6103,Proprietary  ,22,144,166,105,419,524
02600200,OCEAN CORPORATION (THE)                 ,TX,77099-3479,Proprietary  ,29,232,261,124,703,827
02604700,CENTER FOR ADVANCED LEGAL STUDIES       ,TX,77098-4151,Proprietary  ,9,139,148,24,345,369
02606202,EVEREST COLLEGE - EVEREST INSTITUTE - BI,TX,77036-8014,Proprietary  ,113,508,621,321,1422,1743
02615000,SANFORD-BROWN COLLEGE                   ,TX,75247-6931,Proprietary  ,253,783,1036,673,2684,3357
03009400,SW SCH BUS & TECH CAREERS               ,TX,78212-2840,Proprietary  ,10,60,70,35,123,158
03010604,VIRGINIA COLLEGE - VIRGINIA COLLEGE AT A,TX,78723-0000,Proprietary  ,74,330,404,204,1117,1321
03011800,UNIVERSITY OF COSMETOLOGY ARTS & SCIENCE,TX,78226-1160,Proprietary  ,4,47,51,33,132,165
03019800,PCI HEALTH TRAINING CENTER              ,TX,75247-4720,Proprietary  ,151,336,487,345,932,1277
03021500,SW SCH BUS & TECH CAREERS               ,TX,78852-4859,Proprietary  ,21,52,73,88,121,209
03025000,TEXAS COLLEGE OF COSMETOLOGY            ,TX,79605-2001,Proprietary  ,25,80,105,48,185,233
03026000,DALFORTH AIRCRAFT TECH                  ,TX,75209-3091,Proprietary  ,0,0,0,0,1,1
03026500,REMINGTON COLLEGE - HOUSTON CAMPUS      ,TX,77082-1849,Proprietary  ,281,714,995,564,1681,2245
03026501,REMINGTON COLLEGE - NORTH HOUSTON CAMPUS,TX,77067-1849,Proprietary  ,33,135,168,114,392,506
03028800,CIRCLE J BEAUTY SCHOOL                  ,TX,77587-3714,Proprietary  ,29,71,100,45,124,169
03031408,INTERNATIONAL ACADEMY OF DESIGN AND TECH,TX,78229-2263,Proprietary  ,108,191,299,379,676,1055
03032300,SCHOOL OF AUTOMOTIVE MACHINISTS         ,TX,77055-1803,Proprietary  ,34,51,85,129,179,308
03035200,TINT SCHOOL OF MAKEUP & COSMETOLOGY     ,TX,75229-3734,Proprietary  ,23,79,102,58,216,274
03035300,SOUTHERN CAREERS INSTITUTE              ,TX,78704-5252,Proprietary  ,240,921,1161,462,1938,2400
03035301,SOUTHERN CAREERS INSTITUTE              ,TX,78577-0000,Proprietary  ,94,240,334,215,676,891
03035302,SOUTHERN CAREERS INSTITUTE - CORPUS CHRI,TX,78414-2904,Proprietary  ,35,135,170,88,405,493
03035303,SOUTHERN CAREERS INSTITUTE - #1         ,TX,78221-4351,Proprietary  ,5,32,37,36,222,258
03035305,SOUTHERN CAREERS INSTITUTE - BROWNSVILLE,TX,78520-8680,Proprietary  ,2,8,10,19,41,60
03035306,SOUTHERN CAREERS INSTITUTE - HARLINGEN  ,TX,78550-7911,Proprietary  ,3,13,16,25,53,78
03035307,SOUTHERN CAREERS INSTITUTE - CORPUS CHRI,TX,78410-1609,Proprietary  ,5,15,20,18,58,76
03061800,STAR COLLEGE OF COSMETOLOGY             ,TX,75702-8214,Proprietary  ,26,47,73,71,141,212
03064600,UNIVERSITY OF TEXAS AT BROWNSVILLE      ,TX,78520-4993,Public       ,890,1697,2587,8023,8054,16077
03071400,ITT TECHNICAL INSTITUTE                 ,TX,78249-3303,Proprietary  ,96,325,421,314,886,1200
03075400,ICC TECHNICAL INSTITUTE                 ,TX,77004-2930,Private      ,16,68,84,45,135,180
03076403,HIGH-TECH INSTITUTE - DALLAS            ,TX,75038-4201,Proprietary  ,13,54,67,50,162,212
03079201,WESTWOOD COLLEGE OF TECHNOLOGY          ,TX,76180-0000,Proprietary  ,38,119,157,205,532,737
03083701,GALEN HEALTH INSTITUTES - TEXAS CAMPUS  ,TX,78229-6041,Proprietary  ,0,0,0,48,188,236
03103400,SOUTH TEXAS COLLEGE                     ,TX,78501-6699,Public       ,2699,4358,7057,12338,12917,25255
03104700,TEXAS COLLEGE OF COSMETOLOGY            ,TX,76903-4708,Proprietary  ,23,79,102,46,155,201
03108700,ROYAL BEAUTY CAREERS                    ,TX,77069-4611,Proprietary  ,66,253,319,97,358,455
03111000,MID-CITIES BARBER COLLEGE               ,TX,75051-4810,Proprietary  ,17,54,71,39,105,144
03115800,KAPLAN COLLEGE                          ,TX,78238-4203,Proprietary  ,80,364,444,244,1283,1527
03115802,KAPLAN COLLEGE - LAREDO                 ,TX,78041-6181,Proprietary  ,49,110,159,171,360,531
03115803,KAPLAN COLLEGE-BEAUMONT                 ,TX,77701-3706,Proprietary  ,79,282,361,213,756,969
03115804,KAPLAN COLLEGE - LUBBOCK                ,TX,79401-2601,Proprietary  ,65,164,229,179,564,743
03128100,ACADEMY OF HEALTH CARE PROFESSIONS      ,TX,77092-8108,Proprietary  ,163,522,685,321,1034,1355
03144300,NATIONAL BEAUTY COLLEGE                 ,TX,75043-4046,Proprietary  ,7,26,33,12,43,55
03153300,AMER COLL OF ACUPUNCTURE & O.M.         ,TX,77063-4104,Proprietary  ,2,48,50,4,111,115
03156400,ACADEMY OF ORIENTAL MEDICINE AT AUSTIN  ,TX,78757-1132,Proprietary  ,5,56,61,30,266,296
03159300,ARLINGTON MEDICAL INSTITUTE             ,TX,76011-2645,Proprietary  ,18,128,146,122,389,511
03170300,TEXAS A&M UNIVERSITY-TEXARKANA          ,TX,75501-0000,Public       ,122,447,569,783,1681,2464
03179500,TEXAS COLG TRADITIONAL CHINESE MED      ,TX,78704-6748,Proprietary  ,0,37,37,2,115,117
03189400,COLLEGE OF SAINT THOMAS MORE            ,TX,76109-2323,Private      ,6,16,22,35,60,95
03237400,FARIS COMPUTER SCHOOL                   ,TX,77627-3829,Proprietary  ,0,19,19,3,33,36
03272300,KAPLAN COLLEGE                          ,TX,75234-7288,Proprietary  ,55,323,378,210,1188,1398
03272301,KAPLAN COLLEGE - MIDLAND                ,TX,79703-5531,Proprietary  ,48,132,180,129,544,673
03272303,KAPLAN COLLEGE - ARLINGTON              ,TX,76010-8121,Proprietary  ,62,275,337,152,709,861
03275300,TOUCH OF CLASS SCHOOL OF COSM           ,TX,75402-6314,Proprietary  ,8,39,47,33,114,147
03276300,ACADEMY OF HAIR DESIGN                  ,TX,75901-4900,Proprietary  ,33,103,136,59,147,206
03277300,ACADEMY OF HAIR DESIGN                  ,TX,77701-4650,Proprietary  ,22,69,91,39,113,152
03303300,NORTHWEST EDUCATIONAL CENTER            ,TX,77092-7055,Proprietary  ,22,136,158,39,324,363
03371300,TONI&GUY HAIRDRESSING ACADEMY           ,TX,75006-2351,Proprietary  ,22,42,64,73,125,198
03372300,NORTHWEST VISTA COLLEGE                 ,TX,78251-4217,Public       ,1549,2193,3742,7592,8352,15944
03396500,TEXAS STATE TECHNICAL COLG/MARSHALL     ,TX,75672-7402,Public       ,126,203,329,438,563,1001
03400300,CAREER QUEST                            ,TX,78229-3539,Proprietary  ,15,190,205,51,489,540
03412300,ADVANCED BARBER COLLEGE & HAIR DESI     ,TX,78596-0000,Proprietary  ,17,90,107,35,146,181
03416500,DALLAS NURSING INSTITUTE                ,TX,75243-5502,Proprietary  ,65,552,617,286,1910,2196
03422300,MILAN INSTITUTE                         ,TX,78238-3327,Proprietary  ,198,464,662,556,1186,1742
03422400,COLLEGE OF BIBLICAL STUDIES-HOUSTON     ,TX,77036-3211,Private      ,19,210,229,72,641,713
03424400,MEDVANCE INSTITUTE                      ,TX,77057-7386,Proprietary  ,136,470,606,258,1119,1377
03424401,MEDVANCE INSTITUTE -                    ,TX,77060-3551,Proprietary  ,12,67,79,47,243,290
03426300,CAREER ADVANCEMENT CENTER               ,TX,78752-1470,Proprietary  ,17,113,130,42,265,307
03480304,MEDVANCE INSTITUTE OF BATON ROUGE - GRAN,TX,75050-2342,Proprietary  ,44,151,195,111,408,519
03509400,CORYELL COSMETOLOGY COLLEGE             ,TX,76528-2036,Proprietary  ,0,3,3,3,11,14
03520300,LUBBOCK HAIR ACADEMY                    ,TX,79410-3524,Proprietary  ,7,47,54,23,122,145
03542300,CONCORDE CAREER INSTITUTE               ,TX,76011-4016,Proprietary  ,89,390,479,238,1217,1455
03551400,STATE BEAUTY ACADEMY                    ,TX,75116-3501,Proprietary  ,0,16,16,8,38,46
03556400,KUSSAD INSTITUTE OF COURT REPORTING     ,TX,78704-5712,Proprietary  ,2,16,18,6,51,57
03573300,AVIATION INSTITUTE OF MAINTENANCE       ,TX,75209-3017,Proprietary  ,61,202,263,179,763,942
03610300,MJ'S BEAUTY ACADEMY INC                 ,TX,75224-4409,Proprietary  ,11,52,63,30,87,117
03612400,VALLEY GRANDE INSTITUTE FOR ACADEMI     ,TX,78596-0000,Private      ,38,188,226,113,456,569
03627300,LAMAR INSTITUTE OF TECHNOLOGY           ,TX,77705-4142,Public       ,469,833,1302,1642,2640,4282
03676400,HEALTHY HAIR ACADEMY                    ,TX,75227-0000,Proprietary  ,27,141,168,37,239,276
03680300,JAY'S TECHNICAL INSTITUTE               ,TX,77031-3509,Proprietary  ,16,74,90,36,147,183
03682400,DALLAS BARBER & STYLIST COLLEGE         ,TX,75231-0000,Proprietary  ,30,168,198,92,340,432
03714300,TREND BARBER COLLEGE                    ,TX,77071-2104,Proprietary  ,45,158,203,101,381,482
03723300,CULINARY INST ALAIN & MARIE LENOTRE     ,TX,77022-4322,Proprietary  ,66,176,242,149,393,542
03727600,CULINARY ACADEMY OF AUSTIN              ,TX,78752-0000,Proprietary  ,39,104,143,182,259,441
03731300,INTERNATIONAL RENOWNED BEAUTY ACADE     ,TX,76103-2504,Proprietary  ,8,36,44,8,36,44
03733300,BAPTIST UNIVERSITY OF THE AMERICAS      ,TX,78224-1336,Private      ,17,71,88,69,211,280
03756300,ANAMARC COLLEGE                         ,TX,79930-6230,Proprietary  ,47,346,393,136,767,903
03885700,HOUSTON'S TRAINING AND EDUCATION CENTER ,TX,77036-2021,Proprietary  ,7,49,56,25,125,150
03922300,SOUTH TEXAS BARBER COLLEGE              ,TX,78415-3463,Proprietary  ,9,36,45,31,68,99
03944400,PROFESSIONAL CAREERS INSTITUTE          ,TX,77036-2252,Proprietary  ,19,114,133,46,236,282
03970300,HANDS ON THERAPY                        ,TX,75149-2294,Proprietary  ,9,34,43,26,140,166
03987300,TEXAS HEALTH SCHOOL                     ,TX,77079-2106,Proprietary  ,20,93,113,86,240,326
04036300,SOUTHEAST TEXAS CAREER INSTITUTE        ,TX,77656-8601,Proprietary  ,12,34,46,24,75,99
04045300,NORTHWEST BEAUTY SCHOOL                 ,TX,77091-1208,Proprietary  ,11,47,58,28,119,147
04045400,MAI-TRIX BEAUTY COLLEGE                 ,TX,77040-0000,Proprietary  ,12,36,48,25,89,114
04082300,PROFESSIONAL CAREER TRAINING INSTITUTE  ,TX,77090-0000,Proprietary  ,5,90,95,18,178,196
04089400,CCI TRAINING CENTER                     ,TX,76011-4857,Proprietary  ,7,155,162,35,348,383
04117900,CHAMPION BEAUTY COLLEGE                 ,TX,77069-4611,Proprietary  ,11,41,52,34,141,175
04125400,ACADEMY AT AUSTIN (THE)                 ,TX,78660-3287,Proprietary  ,35,70,105,112,236,348
04125500,MANUEL AND THERESA'S SCHOOL OF HAIR DESI,TX,77803-3236,Proprietary  ,13,34,47,21,51,72
04129800,MEDIATECH INSTITUTE DALLAS              ,TX,75039-3105,Proprietary  ,55,94,149,167,293,460
04129801,MEDIATECH INSTITUTE AUSTIN              ,TX,78704-8933,Proprietary  ,19,39,58,92,131,223
04129802,MEDIATECH INSTITUTE HOUSTON             ,TX,77042-4712,Proprietary  ,37,50,87,107,179,286
04131700,SOUTHWEST CAREER COLLEGE                ,TX,79925-6230,Proprietary  ,101,344,445,222,727,949
04135600,CANNON INSTITUTE OF HIGHER LEARNING     ,TX,75247-9998,Proprietary  ,4,20,24,10,48,58
04136500,PCCENTER                                ,TX,75115-4214,Proprietary  ,6,42,48,13,102,115
04138500,CARDIOTECH ULTRASOUND SCHOOL            ,TX,77099-1440,Proprietary  ,16,126,142,50,278,328
04142300,AVEDA INSTITUTE SAN ANTONIO             ,TX,78215-1260,Proprietary  ,51,115,166,145,308,453
04146600,360 DEGREES BEAUTY ACADEMY              ,TX,77084-2714,Proprietary  ,8,23,31,22,76,98
04146800,SOUTH TEXAS TRAINING CENTER             ,TX,78586-7721,Proprietary  ,8,18,26,17,56,73
04152700,ASTRODOME CAREER CENTERS                ,TX,77054-2678,Proprietary  ,8,46,54,18,90,108
04154800,DUVALL'S SCHOOL OF COSMETOLOGY          ,TX,76021-4159,Proprietary  ,28,32,60,41,63,104
04155800,ADVANCED BEAUTY COLLEGE                 ,TX,75061-1918,Proprietary  ,5,25,30,15,73,88
04158500,TEXAS BEAUTY COLLEGE                    ,TX,76117-3201,Proprietary  ,5,38,43,8,59,67
04160700,AVENUE FIVE INSTITUTE                   ,TX,78757-7000,Proprietary  ,27,77,104,76,242,318
04161100,CORPUS CHRISTI BEAUTY ACADEMY           ,TX,78412-3900,Proprietary  ,6,30,36,23,64,87
04165800,SALON PROFESSIONAL ACADEMY (THE)        ,TX,75067-5390,Proprietary  ,19,41,60,49,124,173
04168700,LAWYER'S ASSISTANT SCHOOL OF DALLAS     ,TX,75201-2829,Proprietary  ,12,51,63,19,92,111
04168800,ABC BEAUTY ACADEMY                      ,TX,75042-8682,Proprietary  ,4,20,24,4,20,24
04169000,SALON & SPA INSTITUTE                   ,TX,78521-1727,Proprietary  ,7,18,25,7,18,25
04169100,DIAMONDS COSMETOLOGY COLLEGE            ,TX,75090-2657,Proprietary  ,3,10,13,3,10,13
04177900,BUCKNER BARBER SCHOOL                   ,TX,75217-1775,Proprietary  ,1,2,3,1,2,3
00367000,BRIGHAM YOUNG UNIVERSITY                ,UT,84602-8406,Private      ,1581,3106,4687,10869,12453,23322
00367100,DIXIE STATE COLLEGE OF UTAH             ,UT,84770-3876,Public       ,965,1673,2638,3487,4658,8145
00367200,LDS BUSINESS COLLEGE                    ,UT,84101-3500,Private      ,265,330,595,788,795,1583
00367400,STEVENS HENAGER COLLEGE                 ,UT,84401-1420,Proprietary  ,323,2106,2429,1123,8340,9463
00367500,UNIVERSITY OF UTAH                      ,UT,84112-9055,Public       ,1645,3780,5425,10326,16249,26575
00367600,COLLEGE OF EASTERN UTAH                 ,UT,84501-2699,Public       ,304,440,744,911,980,1891
00367700,UTAH STATE UNIVERSITY                   ,UT,84322-1400,Public       ,1510,2770,4280,8454,10401,18855
00367800,SOUTHERN UTAH UNIVERSITY                ,UT,84720-2470,Public       ,766,979,1745,4499,3281,7780
00367900,SNOW COLLEGE                            ,UT,84627-1299,Public       ,430,318,748,2241,978,3219
00368000,WEBER STATE UNIVERSITY                  ,UT,84408-1136,Public       ,1511,3059,4570,6103,11346,17449
00368100,WESTMINSTER COLLEGE                     ,UT,84105-3697,Private      ,129,426,555,2137,1860,3997
00402700,UTAH VALLEY UNIVERSITY                  ,UT,84058-5999,Public       ,2661,5807,8468,8351,15955,24306
00522000,SALT LAKE COMMUNITY COLLEGE             ,UT,84123-0000,Public       ,2748,5824,8572,7593,16425,24018
00943300,SHERMAN KENDALL'S ACADEMY OF BEAUTY     ,UT,84106-1836,Proprietary  ,7,23,30,19,85,104
01009800,NEUMONT UNIVERSITY                      ,UT,84095-0000,Proprietary  ,14,15,29,485,105,590
01116500,UINTAH BASIN APPLIED TECHNOLOGY CLG     ,UT,84066-0000,Public       ,7,54,61,24,165,189
01116600,UTAH CAREER COLLEGE                     ,UT,84088-4021,Proprietary  ,175,470,645,447,1777,2224
02078800,SHERMAN KENDALL'S ACADEMY OF BEAUTY     ,UT,84047-0000,Proprietary  ,7,13,20,22,52,74
02115400,BRIDGERLAND APPLIED TECHNOLOGY COLLEGE  ,UT,84321-0000,Public       ,78,248,326,254,792,1046
02156600,DAVIS APPLIED TECHNOLOGY COLLEGE        ,UT,84037-0000,Public       ,129,516,645,428,1652,2080
02178500,EAGLE GATE COLLEGE                      ,UT,84123-0000,Proprietary  ,116,517,633,250,1418,1668
02178501,EAGLE GATE COLLEGE - LAYTON CAMPUS      ,UT,84041-2383,Proprietary  ,0,0,0,2,22,24
02178502,EAGLE GATE COLLEGE - SLC DOWNTOWN LEARNI,UT,84111-3407,Proprietary  ,0,0,0,4,19,23
02270800,AMERITECH COLLEGE                       ,UT,84604-6927,Proprietary  ,13,102,115,39,343,382
02270802,AMERITECH COLLEGE - DRAPER              ,UT,84020-6545,Proprietary  ,11,48,59,30,220,250
02298500,EVEREST COLLEGE                         ,UT,84119-2668,Proprietary  ,69,322,391,142,824,966
02346500,OGDEN-WEBER APPLIED TECHNOLOGY COLG     ,UT,84404-0000,Public       ,85,450,535,286,1471,1757
02360800,PROVO COLLEGE                           ,UT,84601-0000,Proprietary  ,86,322,408,261,891,1152
02360802,PROVO COLLEGE - AMERICAN FORK CAMPUS    ,UT,84003-3395,Proprietary  ,0,0,0,2,6,8
02361000,ITT TECHNICAL INSTITUTE                 ,UT,84123-0000,Proprietary  ,196,732,928,365,1527,1892
02504000,MARINELLO SCHOOL OF BEAUTY              ,UT,84041-0000,Proprietary  ,23,43,66,43,111,154
02504001,MARINELLO SCHOOL OF BEAUTY - MAIN STREET,UT,84041-3002,Proprietary  ,4,6,10,8,11,19
02516100,MARINELLO SCHOOL OF BEAUTY              ,UT,84405-1501,Proprietary  ,17,57,74,44,113,157
02531800,VON CURTIS ACADEMY OF HAIR DESIGN       ,UT,84606-0000,Proprietary  ,300,372,672,660,736,1396
02556800,PAUL MITCHELL THE SCHOOL                ,UT,84117-7204,Proprietary  ,86,111,197,175,285,460
02556801,PAUL MITCHELL THE SCHOOL                ,UT,84780-0000,Proprietary  ,4,1,5,4,1,5
02557700,PREMIER HAIR ACADEMY                    ,UT,84120-3603,Proprietary  ,5,20,25,11,54,65
02572700,EVANS HAIRSTYLING COLLEGE               ,UT,84770-0000,Proprietary  ,6,16,22,35,51,86
02572800,VISTA COLLEGE                           ,UT,84015-0000,Proprietary  ,11,39,50,30,140,170
02572802,VISTA COLLEGE - SALT LAKE CITY          ,UT,84119-1458,Proprietary  ,0,0,0,7,22,29
02573100,EVANS HAIRSTYLING COLLEGE               ,UT,84720-0000,Proprietary  ,9,15,24,35,49,84
02612200,MARINELLO SCHOOL OF BEAUTY              ,UT,84604-1585,Proprietary  ,26,36,62,82,113,195
03030600,UTAH COLLEGE OF MASSAGE THERAPY         ,UT,84111-1606,Proprietary  ,96,176,272,292,521,813
03030601,UTAH CLG OF MASSAGE THER-PROVO CMPS     ,UT,84042-0000,Proprietary  ,30,57,87,76,134,210
03082100,MYOTHERAPY COLLEGE OF UTAH              ,UT,84115-2522,Proprietary  ,3,34,37,16,103,119
03108200,ECHELON EDGE ACADEMY OF HAIR SKIN & NAIL,UT,84070-2004,Proprietary  ,17,42,59,23,74,97
03110400,HAIRITAGE HAIR ACADEMY                  ,UT,84770-5233,Proprietary  ,7,15,22,28,51,79
03339400,WESTERN GOVERNORS UNIVERSITY            ,UT,84107-2533,Private      ,233,8804,9037,586,21307,21893
03413300,MOUNTAINLAND APPLIED TECHNOLOGY COLLEGE ,UT,84058-5857,Public       ,52,179,231,152,517,669
03463300,CAREERS UNLIMITED                       ,UT,84058-0000,Proprietary  ,8,24,32,43,139,182
03617300,HEALING MOUNTAIN MASSAGE SCHOOL         ,UT,84111-3232,Proprietary  ,5,19,24,25,83,108
03829500,SKINWORKS SCHOOL OF ADVANCED SKINCARE   ,UT,84115-0000,Proprietary  ,8,23,31,15,77,92
03838300,OGDEN INSTITUTE OF MASSAGE THERAPY      ,UT,84403-0000,Proprietary  ,10,24,34,30,74,104
03902300,RENAISSANCE SCHOOL OF THERAPEUTIC MASSAG,UT,84010-2835,Proprietary  ,0,18,18,5,32,37
03909300,MAXIMUM STYLE TEC SCHOOL OF COSMETOLOGY ,UT,84323-4679,Proprietary  ,14,11,25,42,64,106
03921300,CAMEO COLLEGE OF ESSENTIAL BEAUTY       ,UT,84115-0000,Proprietary  ,29,123,152,85,295,380
04054300,SOUTHWEST APPLIED TECHNOLOGY COLLEGE    ,UT,84720-6608,Public       ,24,73,97,70,211,281
04072300,AVEDA INSTITUTE PROVO                   ,UT,84604-1008,Proprietary  ,15,26,41,31,61,92
04118100,IMAGEWORKS ACADEMY OF HAIR DESIGN       ,UT,84660-1210,Proprietary  ,10,30,40,27,60,87
04121700,DIXIE APPLIED TECHNOLOGY COLLEGE        ,UT,84770-3025,Public       ,55,138,193,242,391,633
04142100,SKIN INSTITUTE (THE)                    ,UT,84770-6452,Proprietary  ,4,13,17,15,35,50
04145500,SKIN SCIENCE INSTITUTE (THE)            ,UT,84115-0000,Proprietary  ,11,52,63,30,120,150
04153000,RENAISSANCE ACADEMIE                    ,UT,84604-0000,Proprietary  ,3,12,15,25,37,62
04161900,MANDALYN ACADEMY                        ,UT,84003-2161,Proprietary  ,4,9,13,4,9,13
04165500,ACAYDIA SCHOOL OF AESTHETICS            ,UT,84601-0000,Proprietary  ,0,1,1,0,1,1
04169900,AMERICAN BEAUTY ACADEMY                 ,UT,84651-0000,Proprietary  ,8,8,16,14,22,36
00368200,BENNINGTON COLLEGE                      ,VT,05201-6001,Private      ,15,45,60,1096,306,1402
00368300,CASTLETON STATE COLLEGE                 ,VT,05735-0000,Public       ,171,67,238,2971,437,3408
00368400,CHAMPLAIN COLLEGE                       ,VT,05401-3950,Private      ,81,233,314,3394,974,4368
00368402,WOODBURY COLLEGE                        ,VT,05602-0000,Private      ,0,2,2,3,22,25
00368500,COLLEGE OF ST JOSEPH                    ,VT,05701-3899,Private      ,17,64,81,177,288,465
00368600,GODDARD COLLEGE                         ,VT,05667-0000,Private      ,24,173,197,79,964,1043
00368700,GREEN MOUNTAIN COLLEGE                  ,VT,05764-1199,Private      ,53,36,89,1106,184,1290
00368800,JOHNSON STATE COLLEGE                   ,VT,05656-9898,Public       ,117,195,312,1474,960,2434
00368900,LYNDON STATE COLLEGE                    ,VT,05851-0919,Public       ,93,54,147,1703,331,2034
00369000,MARLBORO COLLEGE                        ,VT,05344-0300,Private      ,16,44,60,434,98,532
00369100,MIDDLEBURY COLLEGE                      ,VT,05753-0000,Private      ,50,18,68,3983,500,4483
00369200,NORWICH UNIVERSITY                      ,VT,05663-1035,Private      ,111,410,521,2917,1450,4367
00369300,SOUTHERN VERMONT COLLEGE                ,VT,05201-6002,Private      ,35,37,72,594,202,796
00369400,ST MICHAELS COLLEGE                     ,VT,05439-0001,Private      ,56,44,100,3150,200,3350
00369600,UNIVERSITY OF VERMONT                   ,VT,05405-0160,Public       ,268,233,501,18285,3180,21465
00369700,VERMONT COLLEGE OF FINE ARTS            ,VT,05602-3128,Private      ,2,59,61,15,363,378
00369800,VERMONT TECHNICAL COLLEGE               ,VT,05061-0000,Public       ,107,112,219,1265,857,2122
00857500,SALON PROFESSIONAL ACADEMY (THE)        ,VT,05495-4001,Proprietary  ,6,17,23,46,67,113
00865800,O'BRIENS AVEDA INSTITUTE                ,VT,05403-7747,Proprietary  ,5,18,23,37,58,95
00886000,SIT                                     ,VT,05301-4801,Private      ,0,81,81,8,541,549
01116700,COMMUNITY COLLEGE OF VERMONT            ,VT,05676-1552,Public       ,623,1260,1883,1759,4094,5853
01193400,VERMONT LAW SCHOOL                      ,VT,05068-0000,Private      ,0,35,35,4,1145,1149
01218300,BURLINGTON COLLEGE                      ,VT,05401-8477,Private      ,22,34,56,200,131,331
02143500,STERLING COLLEGE                        ,VT,05827-0000,Private      ,7,4,11,134,33,167
02254000,NEW ENGLAND CULINARY INSTITUTE          ,VT,05602-0000,Proprietary  ,53,62,115,410,329,739
02532600,LANDMARK COLLEGE                        ,VT,05346-0000,Private      ,65,25,90,413,74,487
03708300,BURLINGTON TECHNICAL CENTER             ,VT,05401-2721,Public       ,3,4,7,9,20,29
04146900,ADVANCED WELDING INSTITUTE              ,VT,05403-0000,Proprietary  ,0,6,6,15,23,38
00392800,CASPER COLLEGE                          ,WY,82601-4612,Public       ,283,584,867,1186,1789,2975
00392900,EASTERN WYOMING COLLEGE                 ,WY,82240-1603,Public       ,90,138,228,423,396,819
00393000,SHERIDAN COLLEGE                        ,WY,82801-9133,Public       ,222,312,534,910,1068,1978
00393100,NORTHWEST COLLEGE                       ,WY,82435-1895,Public       ,160,217,377,914,716,1630
00393200,UNIVERSITY OF WYOMING                   ,WY,82071-3663,Public       ,777,842,1619,6326,4607,10933
00393300,WESTERN WYOMING COMMUNITY COLLEGE       ,WY,82902-0000,Public       ,230,339,569,902,1138,2040
00728900,CENTRAL WYOMING COLLEGE                 ,WY,82501-0000,Public       ,113,279,392,500,854,1354
00915700,WYOMING TECHNICAL INSTITUTE             ,WY,82072-9519,Proprietary  ,451,347,798,2260,1257,3517
00925900,LARAMIE COUNTY COMMUNITY CLG            ,WY,82007-3299,Public       ,237,460,697,1276,1990,3266
02211900,CHEEKS INTERNATIONAL ACDMY              ,WY,82001-0000,Proprietary  ,14,82,96,50,157,207
00393500,UNIV OF GUAM                            ,GU,96923-0000,Public       ,634,458,1092,2105,1465,3570
01536100,GUAM COMMUNITY COLLEGE                  ,GU,96921-0000,Public       ,553,456,1009,1185,1257,2442
03438300,PACIFIC ISLANDS UNIVERSITY              ,GU,96913-2619,Private      ,26,33,59,63,68,131
00393600,PONTIFICAL CATHOLIC UNIV OF PR          ,PR,00717-0777,Private      ,1026,2065,3091,5755,5018,10773
00393700,UNIVERSITY OF THE SACRED HEART          ,PR,00914-0383,Private      ,994,1192,2186,3629,2373,6002
00393800,INTER-AMER UNIV PR-CNTRL ADMN           ,PR,00936-0000,Private      ,1122,2278,3400,3171,5496,8667
00393801,INTER-AMER UNIV PR SCHL LAW             ,PR,00936-8351,Private      ,6,97,103,26,422,448
00393802,INTER AMERICAN UNIVERSITY OF PUERTO RICO,PR,00926-0000,Private      ,231,503,734,1087,1354,2441
00393803,INTER AMERICAN UNIVERSITY OF PR         ,PR,00683-0000,Private      ,1076,872,1948,3605,1998,5603
00393804,INTER-AMER UNIV PR-RECINTO AGUADILA     ,PR,00605-2000,Private      ,836,1041,1877,2595,2289,4884
00393805,INTER-AMER UNIV PR-ARECIBO CAMPUS       ,PR,00614-4050,Private      ,805,989,1794,3083,2736,5819
00393806,INTER-AMER UNIV PR-BARRANQUITAS REG     ,PR,00794-0517,Private      ,348,385,733,1587,993,2580
00393807,INTER-AMER UNIV PR-FAJARDO REGIONAL     ,PR,00738-0000,Private      ,422,472,894,1430,1138,2568
00393808,INTER-AMER UNIV PR - GUAYAMA CAMPUS     ,PR,00785-4004,Private      ,362,579,941,1188,1371,2559
00393809,INTER-AMER UNIV PR-PONCE REGIONAL       ,PR,00715-0000,Private      ,745,1323,2068,3478,3509,6987
00393811,INTER-AMER UNIV PR-BAYAMON REG CLG      ,PR,00959-0000,Private      ,1095,801,1896,3973,1923,5896
00394100,COLEGIO UNIVERSITARIO DEL ESTE          ,PR,00983-0000,Private      ,2383,4145,6528,6697,8075,14772
00394200,UNIVERSITY OF PR-CENTRAL ADMINISTRATION ,PR,00936-4984,Public       ,26,33,59,187,97,284
00394300,UNIVERSITY OF PUERTO RICO - HUMACAO UNIV,PR,00791-4300,Public       ,910,251,1161,3646,683,4329
00394400,UNIVERSITY OF PUERTO RICO - MAYAGUEZ    ,PR,00680-0000,Public       ,1579,460,2039,9711,1970,11681
00501900,UNIV ADVENTISTA DE LAS ANTILLAS         ,PR,00681-0118,Private      ,250,177,427,746,418,1164
00502200,BAYAMON CENTRAL UNIVERSITY              ,PR,00960-0000,Private      ,253,396,649,1040,1065,2105
00710800,UNIVERSITY OF PUERTO RICO - RIO PIEDRAS ,PR,00931-3300,Public       ,1290,963,2253,9788,3303,13091
00720600,UNIVERSITY OF PUERTO RICO - CAYEY UNIVER,PR,00736-5534,Public       ,178,83,261,3366,560,3926
00722800,UNIVERSITY OF PUERTO RICO - ARECIBO     ,PR,00614-4010,Public       ,461,156,617,3984,650,4634
00890200,COLUMBIA CENTRO UNIVERSITARIO           ,PR,00726-0000,Proprietary  ,439,697,1136,949,1348,2297
00965200,"UNIVERSITY OF PUERTO RICO, PONCE TECH UN",PR,00716-0000,Public       ,374,134,508,3472,517,3989
01056700,COLEGIO TECNOLOGICO DE SAN JUAN         ,PR,00918-2973,Public       ,320,363,683,819,994,1813
01072400,CARLOS ALBIZU UNIVERSITY                ,PR,00902-3711,Private      ,13,133,146,93,779,872
01081900,CONSERVATORIO DE MUSICA DE PUERTO RICO  ,PR,00907-3373,Public       ,65,37,102,298,97,395
01092200,UNIVERSITY OF PUERTO RICO - UTUADO      ,PR,00641-2500,Public       ,300,90,390,1404,268,1672
01097500,UNIVERSITY OF PUERTO RICO BAYAMON TECHNI,PR,00959-1911,Public       ,415,188,603,4432,756,5188
01120300,RYDER MEMORIAL HOSP SCH OF NURSING      ,PR,00792-0000,Private      ,10,8,18,20,11,31
01171900,UNIVERSIDAD DEL TURABO                  ,PR,00778-0000,Private      ,2316,4523,6839,7087,9496,16583
01194000,ICPR JUNIOR COLLEGE                     ,PR,00919-0000,Proprietary  ,460,617,1077,1104,1461,2565
01194100,AMERICAN UNIVERSITY OF PUERTO RICO      ,PR,00960-2037,Private      ,283,235,518,867,611,1478
01194101,AMERICAN UNIVERSITY OF PUERTO RICO      ,PR,00674-0000,Private      ,228,227,455,687,543,1230
01212300,"UNIVERSITY OF PUERTO RICO, AGUADILLA REG",PR,00604-0160,Public       ,272,152,424,2601,603,3204
01252500,CARIBBEAN UNIVERSITY                    ,PR,00960-0493,Private      ,766,1314,2080,2595,3339,5934
01314800,RAMIREZ COLLEGE OF BUS & TECH           ,PR,00918-0000,Proprietary  ,0,0,0,0,3,3
02063100,MBTI BUSINESS TRNG INSTITUTE            ,PR,00907-3917,Proprietary  ,201,635,836,336,1008,1344
02100000,POLYTECHNIC UNIVERSITY OF PR            ,PR,00917-0000,Private      ,648,893,1541,2677,2198,4875
02163300,UNIVERSIDAD CENTRAL DEL CARIBE          ,PR,00960-0000,Private      ,52,160,212,203,459,662
02165100,EDP COLLEGE OF PUERTO RICO              ,PR,00919-0000,Private      ,470,795,1265,830,1385,2215
02166000,CENTER FOR ADVANCED STUDIES OF PUER     ,PR,00902-0000,Private      ,0,92,92,0,92,92
02166400,INSTITUTO DE BANCA Y COMERCIO           ,PR,00925-0000,Proprietary  ,3030,3944,6974,4939,6680,11619
02170300,INST EDUC TECNIA OCUP LA REINA          ,PR,00674-0000,Proprietary  ,139,183,322,282,372,654
02170301,INST EDUC TECNICA OCUPLA LA REINA       ,PR,00603-0000,Proprietary  ,0,1,1,1,6,7
02189100,CENTRO DE ESTUDIOS MULTIDISCIPLIN       ,PR,00926-0000,Private      ,964,1229,2193,1516,1924,3440
02189300,EMMA'S BEAUTY ACADEMY                   ,PR,00680-0000,Proprietary  ,93,54,147,224,198,422
02195400,MODERN HAIRSTYLING INSTITUTE            ,PR,00960-0000,Proprietary  ,371,289,660,535,409,944
02195500,MODERN HAIRSTYLING INSTITUTE            ,PR,00612-0000,Proprietary  ,0,0,0,7,5,12
02195800,LICEO E ARTE Y TECNOLGIA                ,PR,00919-0000,Proprietary  ,173,178,351,566,611,1177
02195900,MODERN HAIRSTYLING INSTITUTE            ,PR,00980-0000,Proprietary  ,1,4,5,9,9,18
02234900,ANTILLES SCHOOL OF TECH CAREERS         ,PR,00909-0000,Proprietary  ,75,95,170,109,129,238
02241901,COMMONWEALTH OF PR DEPT OF EDUC - CARLOS,PR,00986-0000,Public       ,2,7,9,12,12,24
02241902,COMMONWEALTH OF PR DEPT OF EDUC - TOMAS ,PR,00613-0000,Public       ,10,21,31,42,36,78
02241904,COMMONWEALTH OF PR DEPT OF EDUC - ITPR R,PR,00655-0000,Public       ,189,105,294,505,234,739
02241905,COMMONWEALTH OF PR DEPT OF EDUC - JOSE A,PR,00674-0000,Public       ,7,9,16,106,28,134
02241907,COMMONWEALTH OF PR DEPT OF EDUC - ITPR R,PR,00928-0000,Public       ,135,58,193,418,186,604
02241908,COMMONWEALTH OF PR DEPT OF EDUC - ITPR R,PR,00732-0000,Public       ,95,63,158,476,263,739
02241909,COMMONWEALTH OF PR DEPT OF EDUC - TROQUE,PR,00959-0000,Public       ,7,6,13,34,9,43
02241910,COMMONWEALTH OF PR DEPT OF EDUC - ITPR R,PR,00701-1091,Public       ,71,54,125,600,262,862
02260600,NATIONAL COLLEGE OF BUSINESS & TECH     ,PR,00960-2036,Proprietary  ,940,1408,2348,3244,4408,7652
02260601,NATIONAL COLLEGE OF BUSINESS & TECHNOLOG,PR,00612-0000,Proprietary  ,6,12,18,60,37,97
02260602,NATIONAL COLLEGE OF BUSINESS & TECHNOLOG,PR,00745-9903,Proprietary  ,6,10,16,35,36,71
02260800,HUERTAS JUNIOR COLLEGE                  ,PR,00726-0000,Proprietary  ,583,889,1472,925,1300,2225
02297700,AUTOMECA TECHNICAL COLLEGE              ,PR,00957-0000,Proprietary  ,506,322,828,1021,614,1635
02303800,AMERICAN EDUCATIONAL COLLEGE            ,PR,00961-0000,Proprietary  ,272,445,717,444,692,1136
02335500,COLEGIO BIBLICO PENTECOSTAL DE PR       ,PR,00978-0000,Private      ,6,75,81,21,155,176
02340600,HUMACAO COMMUNITY COLLEGE               ,PR,00792-0000,Private      ,203,250,453,277,345,622
02343600,INSTITUTE OF BEAUTY CAREERS             ,PR,00613-0000,Proprietary  ,132,167,299,297,363,660
02460000,UNIVERSITY OF PUERTO RICO - MEDICAL SCIE,PR,00936-0000,Public       ,43,323,366,613,1382,1995
02482400,PONCE SCHOOL OF MEDICINE                ,PR,00716-2347,Private      ,2,59,61,51,634,685
02502400,SERBIA'S SCHOOL OF BEAUTY CULTURE       ,PR,00785-0000,Proprietary  ,68,56,124,149,168,317
02504500,INSTITUCION CHAVIANO DE MAYAGUEZ        ,PR,00708-0000,Proprietary  ,14,97,111,18,104,122
02505400,ATLANTIC COLLEGE                        ,PR,00970-0000,Private      ,438,229,667,967,454,1421
02534900,PONCE PARAMEDICAL COLLEGE (POPAC)       ,PR,00731-0000,Proprietary  ,861,815,1676,1642,1384,3026
02552300,COLEGIO MAYOR DE TECHNOLOGIA            ,PR,00714-0000,Proprietary  ,86,90,176,166,215,381
02562500,INTERNATIONAL TECHNICAL COLLEGE         ,PR,00918-0000,Proprietary  ,10,49,59,30,97,127
02563500,ROGIES SCHOOL OF BEAUTY CULTURE         ,PR,00910-0000,Proprietary  ,54,106,160,118,206,324
02569400,ESCUELA DE ARTES PLASTICAS              ,PR,00902-1112,Public       ,67,46,113,391,182,573
02570400,EDUCATIONAL TECHNICAL COLLEGE           ,PR,00925-3404,Proprietary  ,202,339,541,406,690,1096
02576100,ESCUELA TECNICA DE ELECTRICIDAD         ,PR,00731-0000,Proprietary  ,92,161,253,206,301,507
02587500,UNIVERSIDAD METROPOLITANA               ,PR,00928-0000,Private      ,2363,4472,6835,5304,7828,13132
02588600,SEMINARIO EVANGELICO DE PUERTO RICO     ,PR,00925-0000,Private      ,0,3,3,0,25,25
02593700,HISPANIC AMERICAN COLLEGE               ,PR,00725-0000,Proprietary  ,105,158,263,128,201,329
03016000,UNIVERSITY OF PUERTO RICO CAROLINA REGIO,PR,00985-0000,Public       ,496,179,675,3544,642,4186
03021900,EDIC COLLEGE                            ,PR,00726-0000,Proprietary  ,372,548,920,859,1069,1928
03025500,MECH TECH COLLEGE                       ,PR,00725-6118,Proprietary  ,1257,834,2091,2906,1796,4702
03025900,"LICEO DE ARTE, DISENOS Y COMERCIO       ",PR,00726-0000,Proprietary  ,137,224,361,249,289,538
03029700,"UNIVERSAL TECHNOLOGY CLG OF PR, INC     ",PR,00605-1955,Private      ,262,593,855,326,687,1013
03061900,COLEGIO TECHNOLOGICO Y COMERCIAL        ,PR,00602-0960,Proprietary  ,27,50,77,28,53,81
03068400,STAR BEAUTY ACADEMY                     ,PR,00961-6312,Proprietary  ,31,48,79,31,48,79
03070500,D'MART INSTITUTE                        ,PR,00794-3517,Proprietary  ,420,549,969,708,988,1696
03075600,EMMA'S BEAUTY ACADEMY                   ,PR,00795-0000,Proprietary  ,158,137,295,327,243,570
03085700,PROFESSIONAL TECHNICAL INSTITUTION      ,PR,00960-7061,Proprietary  ,58,81,139,165,186,351
03104400,PROFESSIONAL ELECTRIC SCHOOL            ,PR,00674-1797,Proprietary  ,14,24,38,29,30,59
03106900,ESCUELA DE PERITOS ELECTRICITAS         ,PR,00662-0457,Proprietary  ,18,22,40,40,53,93
03112100,JOHN DEWEY COLLEGE                      ,PR,00915-9538,Private      ,1353,2484,3837,1767,3355,5122
03112101,JOHN DEWEY COLLEGE                      ,PR,00986-0000,Private      ,345,423,768,500,633,1133
03112102,JOHN DEWEY COLLEGE-BAYAMON CAMPUS       ,PR,00959-0000,Private      ,232,362,594,330,461,791
03112104,JOHN DEWEY COLLEGE - YABUCOA LRNING SITE,PR,00767-0767,Private      ,110,230,340,140,328,468
03112105,JOHN DEWEY COLLEGE - FAJARDO BRANCH     ,PR,00738-0738,Private      ,70,91,161,163,236,399
03112106,JOHN DEWEY COLLEGE - ARROYO BRANCH      ,PR,00714-0714,Private      ,19,33,52,38,80,118
03112107,JOHN DEWEY COLLEGE - JUANA DIAZ BRANCH  ,PR,00795-0000,Private      ,116,150,266,135,167,302
03112108,JOHN DEWEY COLLEGE - HATILLO CAMPUS     ,PR,00659-0000,Private      ,28,53,81,36,59,95
03112109,JOHN DEWEY COLLEGE - MANATI             ,PR,00674-0000,Private      ,124,184,308,136,203,339
03115900,TRINITY COLLEGE OF PUERTO RICO          ,PR,00734-0000,Private      ,47,99,146,81,131,212
03122500,ACADEMIA SERRANT INC.                   ,PR,00717-1568,Proprietary  ,66,152,218,99,207,306
03123100,GLOBELLE TECHNICAL INSTITUTE            ,PR,00693-4218,Proprietary  ,85,36,121,142,67,209
03124200,NOVA COLLEGE DE PUERTO RICO             ,PR,00960-4016,Proprietary  ,55,118,173,97,238,335
03157600,"COLEGIO DE CINEMATOGRAFIA, ARTES Y TELEV",PR,00961-6345,Proprietary  ,313,223,536,437,274,711
03177300,SAN JUAN BAUTISTA SCH OF MEDICINE       ,PR,00726-0000,Private      ,0,5,5,7,311,318
03326300,UNIVERSAL CAREER COMMUNITY COLLEGE      ,PR,00907-0000,Proprietary  ,233,264,497,420,542,962
03336300,CENTURY COLLEGE                         ,PR,00603-0000,Proprietary  ,50,117,167,129,220,349
03414300,MONTECLARO                              ,PR,00745-9612,Private      ,5,3,8,6,3,9
03452300,INSTITUTO PRE-VOCACIONAL E INDUSTRI     ,PR,00613-1800,Private      ,4,2,6,8,7,15
03469300,IVAEM COLLEGE                           ,PR,00725-0000,Proprietary  ,29,26,55,149,71,220
03531300,COLEGIO PENTECOSTAL MIZPA               ,PR,00928-0966,Private      ,9,90,99,20,237,257
03544300,ATENAS COLLEGE                          ,PR,00674-0000,Private      ,176,307,483,728,1073,1801
03552300,LESTON COLLEGE                          ,PR,00961-6309,Proprietary  ,28,19,47,48,50,98
03608300,CARIBBEAN FORENSIC & TECHNICAL COLL     ,PR,00926-0000,Proprietary  ,20,43,63,39,85,124
03638300,ROSSLYN TRAINING ACADEMY OF COSMETOLOGY ,PR,00602-3225,Proprietary  ,8,19,27,24,44,68
03735400,"CHARLIES GUARD,DETECTIVE BUREAU&ACA     ",PR,00605-0000,Proprietary  ,35,68,103,48,125,173
03751300,ESCUELA HOTELERA DE SAN JUAN            ,PR,00917-0091,Proprietary  ,177,143,320,595,388,983
03758300,BAYAMON COMMUNITY COLLEGE               ,PR,00960-0000,Proprietary  ,39,94,133,50,117,167
03781400,INDUSTRIAL TECHNICAL COLLEGE            ,PR,00792-0000,Proprietary  ,32,69,101,48,93,141
03785300,J.G. GUAYNABO TECHNICAL COLLEGE         ,PR,00960-0000,Proprietary  ,40,76,116,47,108,155
03800300,COLEGIO TECNICO DE ELECTRICIDAD GALLOSA ,PR,00602-0000,Proprietary  ,13,44,57,13,49,62
03800400,INSTITUTE OF BEAUTY OCCUPATIONS AND TECH,PR,00676-5071,Proprietary  ,22,50,72,54,83,137
03843300,ADVANCED TECH COLLEGE                   ,PR,00961-6321,Proprietary  ,87,155,242,93,180,273
03849300,AGUADILLA TECHNICAL COLLEGE             ,PR,00603-0000,Proprietary  ,9,29,38,24,41,65
03965400,MYRANGEL BEAUTY INSTITUTE               ,PR,00754-3917,Proprietary  ,60,132,192,64,140,204
04030300,ASPIRA  DE PUERTO RICO                  ,PR,00987-0000,Private      ,0,4,4,6,9,15
04107300,CARIB TECHNOLOGICAL INSTITUTE           ,PR,00960-0000,Proprietary  ,74,91,165,80,106,186
04117200,INSTITUTO EDUCATIVO PREMIER             ,PR,00731-0000,Proprietary  ,39,55,94,68,126,194
04131600,LIBERTY TECHNICAL COLLEGE               ,PR,00737-1298,Proprietary  ,31,65,96,38,85,123
04158600,SCOTLAND EDUCATIONAL INSTITUTE          ,PR,00961-6312,Proprietary  ,1,11,12,1,16,17
00394600,UNIVERSITY OF THE VIRGIN ISLANDS        ,VI,00802-6000,Public       ,158,171,329,1070,860,1930
00394601,UNIV OF THE VIRGIN ISLANDS-ST CROIX     ,VI,00850-0000,Public       ,70,139,209,504,595,1099
00667700,MCGILL UNIVERSITY                       ,CN,00000-0000,Public       ,95,54,149,1749,434,2183
00667900,QUEEN'S UNIVERSITY AT KINGSTON          ,CN,00000-0000,Public       ,10,8,18,99,43,142
00668100,ST FRANCIS XAVIER UNIVERSITY            ,CN,00000-0000,Public       ,8,2,10,31,8,39
00668200,ST THOMAS UNIVERSITY                    ,CN,00000-0000,Public       ,1,0,1,17,4,21
00668300,UNIVERSITY OF GUELPH                    ,CN,00000-0000,Public       ,1,5,6,37,52,89
00668400,UNIVERSITY OF MANITOBA                  ,CN,00000-0000,Public       ,3,9,12,30,31,61
00668500,UNIVERSITY OF NEW BRUNSWICK (THE)       ,CN,00000-0000,Public       ,3,3,6,13,12,25
00668600,UNIVERSITY OF OTTAWA                    ,CN,00000-0000,Public       ,1,8,9,42,38,80
00668800,UNIVERSITY OF TORONTO                   ,CN,00000-0000,Public       ,31,59,90,315,355,670
00668900,UNIVERSITY OF WINDSOR                   ,CN,00000-0000,Public       ,4,8,12,16,47,63
00683700,UNIVERSITE LAVAL                        ,CN,00000-0000,Public       ,0,2,2,5,16,21
00683800,DALHOUSIE UNIVERSITY                    ,CN,00000-0000,Public       ,8,15,23,108,75,183
00685200,BISHOP'S UNIVERSITY                     ,CN,00000-0000,Private      ,3,1,4,41,4,45
00685300,MCMASTER UNIVERSITY                     ,CN,00000-0000,Public       ,2,7,9,29,33,62
00767900,YORK UNIVERSITY                         ,CN,00000-0000,Public       ,11,16,27,106,105,211
00787400,UNIVERSITY AT CALGARY (THE)             ,CN,00000-0000,Public       ,2,2,4,40,44,84
00814800,UNIVERSITY OF WINNIPEG                  ,CN,00000-0000,Public       ,2,2,4,14,4,18
00836200,UNIVERSITY OF ALBERTA (THE)             ,CN,00000-0000,Public       ,0,12,12,32,47,79
00836300,MOUNT SAINT VINCENT UNIVERSITY          ,CN,00000-0000,Private      ,2,1,3,8,3,11
00836400,SAINT MARY'S UNIVERSITY                 ,CN,00000-0000,Public       ,3,4,7,23,12,35
00836500,CONCORDIA UNIVERSITY - SIR GEORGE W     ,CN,00000-0000,Public       ,33,27,60,222,159,381
00836600,UNIVERSITE DE MONTREAL                  ,CN,00000-0000,Public       ,2,9,11,8,32,40
00836800,CARLETON UNIVERSITY                     ,CN,00000-0000,Public       ,3,6,9,47,33,80
00836900,UNIVERSITY OF BRITISH COLUMBIA          ,CN,00000-0000,Public       ,63,71,134,727,513,1240
00837000,"SAFA, UNIVERSITY OF VICTORIA            ",CN,00000-0000,Public       ,8,12,20,109,72,181
00844400,SIMON FRASER UNIVERSITY                 ,CN,00000-0000,Public       ,6,15,21,107,112,219
00844600,UNIVERSITY OF WESTERN ONTARIO (THE)     ,CN,00000-0000,Public       ,6,16,22,35,52,87
00844800,UNIVERSITY OF REGINA                    ,CN,00000-0000,Public       ,3,3,6,7,8,15
00844900,ACADIA UNIVERSITY                       ,CN,00000-0000,Public       ,6,1,7,57,11,68
00852600,UNIVERSITY OF WATERLOO                  ,CN,00000-0000,Public       ,2,1,3,40,21,61
00858200,WILFRID LAURIER UNIVERSITY              ,CN,00000-0000,Public       ,1,2,3,11,8,19
00891300,LAKEHEAD UNIVERSITY                     ,CN,00000-0000,Public       ,0,2,2,7,4,11
00911900,UNIVERSITE DE MONCTON                   ,CN,00000-0000,Public       ,0,0,0,0,3,3
00925200,BROCK UNIVERSITY                        ,CN,00000-0000,Public       ,1,1,2,15,7,22
00936700,UNIVERSITY OF PRINCE EDWARD ISLAND      ,CN,00000-0000,Public       ,2,20,22,21,108,129
00942100,BRANDON UNIVERSITY                      ,CN,00000-0000,Public       ,1,6,7,6,7,13
00948600,TRINITY WESTERN UNIVERSITY              ,CN,00000-0000,Private      ,16,7,23,166,41,207
00950000,MEMORIAL UNIVERSITY OF NEWFOUNDLAND     ,CN,00000-0000,Public       ,2,5,7,15,23,38
00950100,UNIVERSITY OF KING'S COLLEGE            ,CN,00000-0000,Public       ,4,1,5,24,3,27
00950300,MOUNT ALLISON UNIVERSITY                ,CN,00000-0000,Public       ,4,0,4,43,2,45
00950400,NOVA SCOTIA AGRICULTURAL COLLEGE        ,CN,00000-0000,Public       ,1,0,1,3,2,5
00950500,TRENT UNIVERSITY                        ,CN,00000-0000,Public       ,1,5,6,9,7,16
00969700,LETHBRIDGE COLLEGE                      ,CN,00000-0000,Public       ,0,1,1,1,3,4
00969800,MEDICINE HAT COLLEGE                    ,CN,00000-0000,Public       ,0,0,0,1,1,2
00970100,SENECA COLG OF APPLIED ARTS & TECH      ,CN,00000-0000,Public       ,2,7,9,21,33,54
01012300,NOVA SCOTIA COLLEGE OF ART & DESIGN     ,CN,00000-0000,Public       ,4,2,6,21,15,36
01022100,SAINT PAUL UNIVERSITY                   ,CN,00000-0000,Public       ,0,0,0,0,7,7
01045800,SHERIDAN COLLEGE OF APPLIED ARTS AN     ,CN,00000-0000,Public       ,5,2,7,23,8,31
01067500,REGENT COLLEGE                          ,CN,00000-0000,Private      ,1,23,24,4,84,88
01070300,UNIVERSITY OF LETHBRIDGE                ,CN,00000-0000,Public       ,0,2,2,10,7,17
01072000,RYERSON UNIVERSITY                      ,CN,00000-0000,Public       ,3,8,11,54,51,105
01172200,BRIERCREST BIBLE COLLEGE                ,CN,00000-0000,Private      ,2,3,5,14,4,18
01221100,ALGONQUIN CLG OF APPLIED ARTS &TECH     ,CN,00000-0000,Public       ,1,4,5,10,12,22
01222800,HUMBER COLLEGE                          ,CN,00000-0000,Public       ,2,5,7,27,25,52
01227400,PROVIDENCE COLLEGE                      ,CN,00000-0000,Private      ,0,1,1,9,4,13
02102100,BETHANY BIBLE COLLEGE                   ,CN,00000-0000,Private      ,18,12,30,52,23,75
02116600,CANADIAN MEMORIAL CHIROPRACTIC COLL     ,CN,00000-0000,Private      ,0,0,0,2,3,5
02167000,PRAIRIE BIBLE INST                      ,CN,00000-0000,Private      ,0,1,1,24,6,30
02184600,INSTITUTE FOR CHRISTIAN STUDIES         ,CN,00000-0000,Private      ,0,3,3,0,6,6
02195600,LASALLE COLLEGE                         ,CN,00000-0000,Private      ,0,2,2,13,13,26
02195700,TAYLOR UNIVERSITY COLLEGE AND SEMINARY  ,CN,00000-0000,Private      ,0,1,1,0,1,1
02201100,COLUMBIA BIBLE COLLEGE                  ,CN,00000-0000,Private      ,7,2,9,16,6,22
02216400,TYNDALE COLLEGE & SEMINARY              ,CN,00000-0000,Private      ,0,1,1,4,4,8
02219000,ST. LAWRENCE COLLEGE                    ,CN,00000-0000,Public       ,1,0,1,5,4,9
02219200,UNIVERSITY OF SASKATCHEWAN              ,CN,00000-0000,Public       ,3,6,9,7,19,26
02324900,EMMANUEL BIBLE COLLEGE                  ,CN,00000-0000,Private      ,2,1,3,3,1,4
02338800,EMILY CARR UNIVERSITY OF ART AND DESIGN ,CN,00000-0000,Public       ,5,3,8,68,39,107
02354700,RED DEER COLLEGE                        ,CN,00000-0000,Public       ,0,0,0,2,0,2
02577200,SALVATION ARMY WM & CATHERINE BOOTH     ,CN,00000-0000,Private      ,0,1,1,0,1,1
02593800,CONCORDIA UNIVERSITY COLLEGE            ,CN,00000-0000,Private      ,0,0,0,6,2,8
02611900,THE KING'S UNIVERSITY COLLEGE           ,CN,00000-0000,Private      ,0,0,0,2,1,3
03018300,ROCKY MOUNTAIN COLLEGE: CENTRE FOR      ,CN,00000-0000,Private      ,1,0,1,2,1,3
03033800,UNIVERSITY COLLEGE OF CAPE BRETON       ,CN,00000-0000,Public       ,0,1,1,2,3,5
03078300,VANCOUVER SCHOOL OF THEOLOGY            ,CN,00000-0000,Private      ,1,1,2,4,4,8
03273300,CANADIAN COLLEGE OF NATUROPATHIC ME     ,CN,00000-0000,Private      ,0,4,4,1,20,21
03298300,ALBERTA COLLEGE OF ART & DESIGN         ,CN,00000-0000,Public       ,4,3,7,16,10,26
03332500,KWANTLEN UNIVERSITY COLLEGE             ,CN,00000-0000,Public       ,0,4,4,4,9,13
03335400,CANADIAN UNIVERSITY COLLEGE             ,CN,00000-0000,Private      ,8,3,11,27,14,41
03339300,ST. STEPHENS UNIVERSITY                 ,CN,00000-0000,Private      ,0,3,3,1,4,5
03348500,REDEEMER UNIVERSITY COLLEGE             ,CN,00000-0000,Private      ,1,1,2,11,1,12
03408300,CANDIAN NAZARENE UNIVERSITY COLLEGE     ,CN,00000-0000,Private      ,0,0,0,1,1,2
03420300,HOLLAND COLLEGE                         ,CN,00000-0000,Public       ,0,3,3,4,6,10
03511300,CN CLG ACUPUNCTURE & ORIENTAL MED       ,CN,00000-0000,Private      ,0,2,2,2,8,10
03560400,NIAGARA COLLEGE-WELLAND CAMPUS          ,CN,00000-0000,Public       ,3,0,3,5,4,9
03613300,UNIV OF NORTHERN BRITISH COLUMBIA       ,CN,00000-0000,Public       ,0,1,1,6,8,14
03644400,CANADIAN MENNONITE UNIVERSITY           ,CN,00000-0000,Private      ,2,0,2,6,2,8
03674400,CANADIAN SOUTHERN BAPTIST SEMINARY      ,CN,00000-0000,Private      ,0,2,2,0,4,4
03711300,CAPILANO UNIVERSITY                     ,CN,00000-0000,Public       ,2,5,7,20,10,30
03745300,BRITISH COLUMBIA INSTITUTE OF TECHNOLOGY,CN,00000-0000,Public       ,1,3,4,3,15,18
03846300,PACIFIC LIFE BIBLE COLLEGE              ,CN,00000-0000,Private      ,3,1,4,4,5,9
03847300,ATLANTIC BAPTIST UNIVERSITY             ,CN,00000-0000,Private      ,4,2,6,6,3,9
04122700,MCMASTER DIVINITY COLLEGE               ,CN,00000-0000,Private      ,0,1,1,0,9,9
04123100,ATLANTIC SCHOOL OF THEOLOGY             ,CN,00000-0000,Public       ,1,1,2,1,1,2
04156700,AMBROSE UNIVERSITY COLLEGE              ,CN,00000-0000,Private      ,2,2,4,10,6,16
00814700,UNIVERSIDAD AUTONOMA DE GUADALAJARA     ,MX,00000-0000,Private      ,9,133,142,63,894,957
01041800,INST TEC Y DE ESTSUPER DE MONTERRE      ,MX,00000-0000,Private      ,16,17,33,79,67,146
01067600,UNIVERSIDAD DE MONTERREY                ,MX,00000-0000,Private      ,7,9,16,19,34,53
01093800,UNIVERSIDAD DE GUANAJUATO               ,MX,00000-0000,Public       ,4,3,7,16,15,31
01097600,INSTITUTO ALLENDE                       ,MX,00000-0000,Private      ,3,5,8,7,16,23
02053300,CENTRO DE ESTUDIOS UNIVERSITARIOS D     ,MX,00000-0000,Private      ,31,41,72,71,140,211
01001000,AMERICAN SAMOA CMNTY COLLEGE            ,AS,96799-2609,Public       ,892,232,1124,1603,402,2005
01034300,COLLEGE OF MICRONESIA - FSM             ,FM,96941-0159,Public       ,714,404,1118,2052,1049,3101
01100900,PALAU COMMUNITY COLLEGE                 ,PW,96940-0009,Public       ,182,85,267,792,317,1109
03022400,COLLEGE OF THE MARSHALL ISLANDS         ,MH,96960-1258,Public       ,503,244,747,539,274,813
03033000,NORTHERN MARIANAS COLLEGE               ,MP,96950-0000,Public       ,340,214,554,588,401,989
