OPE ID,School,State,Zip Code,School Type,20102011Qtr6_Dependent Students,20102011Qtr6_Independent Students,Quarterly Total,YTD_20102011Qtr6_Dependent Students,YTD_20102011Qtr6_Independent Students,Award Year To Date Total
00100200,ALABAMA AGRCLTL & MECHL UNIV            ,AL,35762-1357,Public       ,32,55,87,6106,3532,9638
00100300,FAULKNER UNIVERSITY                     ,AL,36109-3398,Private      ,24,102,126,1635,4252,5887
00100400,UNIVERSITY OF MONTEVALLO                ,AL,35115-6000,Public       ,9,32,41,2119,1586,3705
00100500,ALABAMA STATE UNIVERSITY                ,AL,36101-0000,Public       ,154,121,275,8563,5315,13878
00100700,CENTRAL ALABAMA COMMUNITY COLLEGE       ,AL,35011-0000,Public       ,50,129,179,1584,2498,4082
00100800,ATHENS STATE UNIVERSITY                 ,AL,35611-1999,Public       ,10,70,80,821,3524,4345
00100900,AUBURN UNIVERSITY                       ,AL,36849-5113,Public       ,110,110,220,16613,6330,22943
00101200,BIRMINGHAM SOUTHERN COLLEGE             ,AL,35254-0002,Private      ,6,10,16,2127,622,2749
00101300,CALHOUN COMMUNITY COLLEGE               ,AL,35609-2216,Public       ,91,293,384,5203,9087,14290
00101500,ENTERPRISE STATE COMMUNITY COLLEGE      ,AL,36331-1300,Public       ,45,93,138,1389,2446,3835
00101600,UNIVERSITY OF NORTH ALABAMA             ,AL,35632-0001,Public       ,44,62,106,4839,3039,7878
00101700,GADSDEN STATE COMMUNITY COLLEGE         ,AL,35903-2269,Public       ,85,279,364,3611,7207,10818
00101800,GEORGE C WALLACE COMMUNITY COLLEGE      ,AL,36303-0943,Public       ,91,194,285,2298,4988,7286
00101900,HUNTINGDON COLLEGE                      ,AL,36106-2148,Private      ,8,15,23,1309,610,1919
00102000,JACKSONVILLE STATE UNIVERSITY           ,AL,36265-1602,Public       ,60,126,186,6598,6008,12606
00102100,JEFFERSON DAVIS COMMUNITY COLLEGE       ,AL,36427-2790,Public       ,34,41,75,734,1203,1937
00102200,JEFFERSON STATE COMMUNITY COLLEGE       ,AL,35215-3098,Public       ,79,297,376,4668,9040,13708
00102300,JUDSON COLLEGE                          ,AL,36756-2504,Private      ,0,1,1,356,123,479
00102400,UNIVERSITY OF WEST ALABAMA              ,AL,35470-0000,Public       ,65,213,278,2146,5451,7597
00102600,MARION MILITARY INSTITUTE               ,AL,36756-3214,Public       ,6,1,7,596,79,675
00102800,MILES COLLEGE                           ,AL,35064-2697,Private      ,31,34,65,2292,1479,3771
00102900,UNIVERSITY OF MOBILE                    ,AL,36613-0000,Private      ,8,52,60,1460,1980,3440
00103000,BISHOP STATE COMMUNITY COLLEGE          ,AL,36603-5898,Public       ,68,227,295,2223,5323,7546
00103001,BISHOP STATE COMM COLG-CARVER CMPS      ,AL,36617-0000,Public       ,0,0,0,179,480,659
00103002,BISHOP STAT COMM CLG-SW CMPS            ,AL,36605-0000,Public       ,0,0,0,128,292,420
00103100,NORTHEAST ALABAMA STATE CMNTY COLG      ,AL,35986-0159,Public       ,69,163,232,1451,2844,4295
00103300,OAKWOOD COLLEGE                         ,AL,35896-0001,Private      ,7,15,22,1969,945,2914
00103400,ALABAMA SOUTHERN COMMUNITY COLLEGE      ,AL,36460-5698,Public       ,53,55,108,1242,1498,2740
00103600,SAMFORD UNIVERSITY                      ,AL,35229-7000,Private      ,11,44,55,3175,3177,6352
00103700,SELMA UNIVERSITY                        ,AL,36701-0000,Private      ,0,0,0,0,3,3
00103800,SNEAD STATE COMMUNITY COLLEGE           ,AL,35957-0734,Public       ,11,59,70,1295,2266,3561
00104000,SOUTHERN UNION STATE COMMUNITY CLG      ,AL,36276-0000,Public       ,59,113,172,3275,3608,6883
00104100,SPRING HILL COLLEGE                     ,AL,36608-1791,Private      ,7,22,29,2024,772,2796
00104400,STILLMAN COLLEGE                        ,AL,35403-1430,Private      ,18,13,31,2241,657,2898
00104600,TALLADEGA COLLEGE                       ,AL,35160-2354,Private      ,4,11,15,688,432,1120
00104700,TROY UNIVERSITY                         ,AL,36082-0001,Public       ,144,781,925,8659,27432,36091
00105000,TUSKEGEE UNIVERSITY                     ,AL,36088-1645,Private      ,38,17,55,4951,1306,6257
00105100,UNIVERSITY OF ALABAMA (THE)             ,AL,35487-0120,Public       ,123,194,317,20303,10879,31182
00105200,UNIVERSITY OF ALABAMA AT BIRMINGHAM     ,AL,35294-1150,Public       ,75,235,310,9076,12086,21162
00105500,UNIVERSITY OF ALABAMA IN HUNTSVILLE     ,AL,35899-0001,Public       ,29,84,113,4354,4448,8802
00105700,UNIVERSITY OF SOUTH ALABAMA             ,AL,36688-0002,Public       ,87,212,299,8516,10307,18823
00105900,LAWSON STATE COMMUNITY COLLEGE          ,AL,35221-1798,Public       ,100,242,342,2905,5285,8190
00105901,LAWSON STATE COMMUNITY COLLEGE - BESSEME,AL,35021-0308,Public       ,23,70,93,662,1658,2320
00106000,FAULKNER STATE COMMUNITY COLLEGE        ,AL,36507-2698,Public       ,59,131,190,3197,3929,7126
00526000,J.F. DRAKE STATE TECH COLLEGE           ,AL,35811-1584,Public       ,23,127,150,613,2260,2873
00569100,SHELTON STATE COMMUNITY CLG             ,AL,35405-4017,Public       ,128,132,260,4747,4803,9550
00569200,REID STATE TECHNICAL COLLEGE            ,AL,36401-0000,Public       ,16,50,66,337,988,1325
00569700,NORTHWEST- SHOALS COMMUNITY COLLEGE     ,AL,35661-0000,Public       ,113,118,231,2339,3115,5454
00569702,NORTHWEST-SHOALS C.C.-PHIL CAMPBELL     ,AL,35581-0000,Public       ,0,0,0,334,351,685
00569900,GEORGE C WALLACE STATE CMTY COLLEGE     ,AL,36703-0000,Public       ,78,141,219,1328,2336,3664
00573300,BEVILL STATE CMTY COLLEGE-WALKER        ,AL,35148-0000,Public       ,64,144,208,1641,3323,4964
00573301,BEVILL STATE COMMUNITY COLLEGE - FAYETTE,AL,35555-0000,Public       ,0,0,0,468,805,1273
00573302,BEVILL STATE CMTY CLG-HAMILTON CAMP     ,AL,35570-0000,Public       ,0,0,0,210,417,627
00573305,BEVILL STATE CMTY CLG-WALKER CLG        ,AL,35501-0000,Public       ,0,0,0,403,575,978
00573400,H. COUNCILL TRENHOLM STATE TECH COLLEGE ,AL,36108-0020,Public       ,47,142,189,996,2606,3602
00573401,H. C. TRENHOLM ST TECH COL-PATTERSON CAM,AL,36116-2612,Public       ,9,35,44,444,1022,1466
00787100,GEORGE C WALLACE STATE CMTY CLG         ,AL,35077-2000,Public       ,82,149,231,3518,5494,9012
00831000,AUBURN UNIVERSITY-MONTGOMERY            ,AL,36124-0000,Public       ,74,114,188,3838,5156,8994
00898800,LURLEEN B WALLACE COMMUNITY COLLEGE     ,AL,36420-0418,Public       ,31,82,113,1111,1659,2770
00962107,HERZING UNIVERSITY - BIRMINGHAM         ,AL,35209-4816,Proprietary  ,5,44,49,153,1421,1574
01055400,CONCORDIA COLLEGE                       ,AL,36701-3323,Private      ,54,8,62,747,509,1256
01218200,CHATTAHOOCHEE VALLEY CMTY CLG           ,AL,36869-7917,Public       ,30,65,95,942,1774,2716
01303906,SOUTH UNIVERSITY - MONTGOMERY           ,AL,36116-1120,Proprietary  ,23,100,123,462,1869,2331
02170600,UNITED STATES SPORTS ACADEMY            ,AL,36526-7055,Private      ,0,14,14,35,787,822
02199700,HERITAGE CHRISTIAN UNIVERSITY           ,AL,35630-0000,Private      ,0,0,0,21,97,118
02270400,SOUTHEASTERN BIBLE COLLEGE              ,AL,35244-2083,Private      ,0,6,6,93,226,319
02285000,PAUL MITCHELL THE SCHOOL HUNTSVILLE     ,AL,35758-0000,Proprietary  ,4,13,17,76,136,212
02296000,PRINCE INSTITUTE OF PROFESSIONAL STUDIES,AL,36117-0000,Proprietary  ,0,2,2,31,227,258
02341000,FORTIS COLLEGE                          ,AL,36609-0000,Proprietary  ,49,166,215,712,1852,2564
02341002,CAPPS COLLEGE - MONTGOMERY              ,AL,36109-3624,Proprietary  ,0,0,0,60,190,250
02341004,FORTIS COLLEGE - SCHOOL OF COSMETOLOGY  ,AL,36609-1981,Proprietary  ,0,0,0,19,76,95
02503400,AMRIDGE UNIVERSITY                      ,AL,36124-0000,Private      ,4,39,43,74,1088,1162
02605500,REMINGTON COLLEGE - MOBILE CAMPUS       ,AL,36609-5593,Proprietary  ,56,261,317,894,3037,3931
03010600,VIRGINIA COLLEGE                        ,AL,35209-5154,Proprietary  ,251,2151,2402,2225,23347,25572
03010602,VIRGINIA COLLEGE - HUNTSVILLE           ,AL,35805-0000,Proprietary  ,16,99,115,341,1923,2264
03010607,VIRGINIA COLLEGE - MOBILE               ,AL,36608-1626,Proprietary  ,34,161,195,301,1737,2038
03010616,VIRGINIA COLLEGE - MONTGOMERY           ,AL,36117-2802,Proprietary  ,42,177,219,559,2323,2882
03010803,TRI-STATE BUSINESS INSTITUTE - TRI-STATE,AL,35211-0000,Proprietary  ,0,0,0,16,75,91
03032500,ALABAMA STATE CLG BARBER STYLING        ,AL,35215-8308,Proprietary  ,2,7,9,82,175,257
03361400,FORTIS COLLEGE                          ,AL,36535-3547,Proprietary  ,14,68,82,116,516,632
03459300,SOUTHEASTERN SCHOOL OF COSMETOLOGY      ,AL,35228-0000,Private      ,6,21,27,51,261,312
03783300,BLUE CLIFF CAREER COLLEGE               ,AL,63306-4749,Proprietary  ,2,14,16,83,321,404
03894300,HUNTSVILLE BIBLE COLLEGE                ,AL,35811-0000,Private      ,0,0,0,18,95,113
04066300,CARDIAC AND VASCULAR INSTITUTE OF ULTRAS,AL,36604-1411,Proprietary  ,0,4,4,25,158,183
04067300,SELMA UNIVERSITY                        ,AL,36701-0000,Private      ,10,29,39,189,596,785
04121500,COLUMBIA SOUTHERN UNIVERSITY            ,AL,36561-3815,Proprietary  ,12,262,274,368,9844,10212
04149200,XCELL ACADEMY-A PAUL MITCHELL PARTNER SC,AL,35216-4990,Proprietary  ,3,13,16,96,245,341
04187200,NEW BEGINNING COLLEGE OF COSMETOLOGY    ,AL,35950-2415,Proprietary  ,1,8,9,1,8,9
04187300,HAIR ACADEMY (THE)                      ,AL,36111-2201,Proprietary  ,2,7,9,2,7,9
00111100,ALLAN HANCOCK COLLEGE                   ,CA,93454-6399,Public       ,32,103,135,4074,5212,9286
00111300,ANTELOPE VALLEY COLLEGE                 ,CA,93536-5426,Public       ,97,269,366,6558,11046,17604
00111600,ART CENTER COLLEGE OF DESIGN            ,CA,91103-1999,Private      ,8,14,22,1601,1558,3159
00111700,AZUSA PACIFIC UNIVERSITY                ,CA,91702-7000,Private      ,18,185,203,8506,7558,16064
00111800,BAKERSFIELD COLLEGE                     ,CA,93305-1299,Public       ,138,328,466,10287,12955,23242
00111900,BARSTOW COMMUNITY COLLEGE               ,CA,92311-6608,Public       ,37,258,295,1192,4878,6070
00112000,AMER BAPT SEM OF THE WEST-BERKELEY      ,CA,94704-0000,Private      ,0,2,2,13,78,91
00112100,BETHANY UNIVERSITY /  ASSEMBLIES OF GOD ,CA,95066-2896,Private      ,1,6,7,457,363,820
00112200,BIOLA UNIVERSITY                        ,CA,90639-0001,Private      ,7,6,13,5675,2351,8026
00112300,BROOKS INSTITUTE                        ,CA,93103-1809,Proprietary  ,7,10,17,1003,825,1828
00112400,CABRILLO COLLEGE                        ,CA,95003-3194,Public       ,82,146,228,4664,5975,10639
00112500,CALIFORNIA BAPTIST UNIVERSITY           ,CA,92504-3297,Private      ,7,90,97,4694,3443,8137
00112700,CALIFORNIA COLLEGE OF THE ARTS          ,CA,94107-2206,Private      ,1,9,10,2058,2020,4078
00113100,CALIFORNIA INSTITUTE OF TECHNOLOGY      ,CA,91125-0001,Private      ,4,9,13,3351,629,3980
00113200,CALIFORNIA INSTITUTE OF THE ARTS        ,CA,91355-2397,Private      ,2,1,3,1948,1582,3530
00113300,CALIFORNIA LUTHERAN UNIVERSITY          ,CA,91360-2787,Private      ,8,56,64,4213,1984,6197
00113400,CALIFORNIA MARITIME ACADEMY             ,CA,94590-8181,Public       ,1,3,4,752,337,1089
00113700,CALIF STATE UNIV-FULLERTON              ,CA,92831-3599,Public       ,63,128,191,38738,20504,59242
00113800,"CALIFORNIA STATE UNIVERSITY, EAST BAY   ",CA,94542-3000,Public       ,27,120,147,11739,11452,23191
00113900,CALIF STATE UNIV-LONG BEACH             ,CA,90840-0006,Public       ,58,124,182,46749,22140,68889
00114000,CALIF STATE UNIV-LOS ANGELES            ,CA,90032-4226,Public       ,50,117,167,25727,19237,44964
00114100,"CALIF STATE UNIV, DOMINGUEZ HILLS       ",CA,90747-0001,Public       ,25,124,149,13716,14309,28025
00114200,CALIF STATE UNIV SAN BERNARDINO         ,CA,92407-2397,Public       ,69,135,204,16294,13144,29438
00114300,CAL POLY STATE UNIVERSITY               ,CA,93407-0001,Public       ,102,27,129,31312,4658,35970
00114400,CALIF STATE POLYTECHNIC UNIV POMONA     ,CA,91768-2500,Public       ,230,68,298,26069,10344,36413
00114600,CALIF STATE UNIV - CHICO                ,CA,95929-0001,Public       ,35,36,71,16285,6352,22637
00114700,CALIF STATE UNIV - FRESNO               ,CA,93740-8026,Public       ,27,75,102,19826,11286,31112
00114900,HUMBOLDT STATE UNIVERSITY               ,CA,95521-8299,Public       ,10,18,28,10023,3927,13950
00115000,CALIF STATE UNIV-SACRAMENTO             ,CA,95819-6044,Public       ,54,113,167,25556,18097,43653
00115100,SAN DIEGO STATE UNIVERSITY              ,CA,92182-1690,Public       ,85,148,233,44213,19042,63255
00115300,CALIF STATE UNIV-NORTHRIDGE             ,CA,91330-8307,Public       ,56,122,178,32323,19259,51582
00115400,SAN FRANCISCO STATE UNIVERSITY          ,CA,94132-1740,Public       ,104,133,237,32149,20202,52351
00115500,SAN JOSE STATE UNIVERSITY               ,CA,95192-0036,Public       ,35,104,139,25548,16347,41895
00115600,SONOMA STATE UNIVERSITY                 ,CA,94928-3609,Public       ,10,18,28,10085,3516,13601
00115700,CALIF STATE UNIV-STANISLAUS             ,CA,95382-0299,Public       ,15,60,75,8087,5880,13967
00116100,CERRITOS COLLEGE                        ,CA,90650-6296,Public       ,173,196,369,15136,12815,27951
00116200,CHABOT COLLEGE                          ,CA,94545-2400,Public       ,60,198,258,5837,7904,13741
00116300,CHAFFEY COLLEGE                         ,CA,91737-9400,Public       ,96,214,310,12299,14382,26681
00116400,CHAPMAN UNIVERSITY                      ,CA,92866-1099,Private      ,9,32,41,8714,5584,14298
00116415,CHAPMAN UNIVERSITY - IRVINE CAMPUS      ,CA,92618-3801,Private      ,0,0,0,409,3960,4369
00116453,CHAPMAN UNIVERSITY SCHOOL OF LAW        ,CA,92866-0000,Private      ,0,5,5,78,2062,2140
00116500,CHURCH DIV SCH OF THE PACIFIC           ,CA,94709-0000,Private      ,0,0,0,2,58,60
00116600,CITRUS COLLEGE                          ,CA,91741-1899,Public       ,138,187,325,8421,6917,15338
00116900,CLAREMONT GRADUATE UNIVERSITY           ,CA,91711-0000,Private      ,1,33,34,19,2073,2092
00117000,CLAREMONT MCKENNA COLLEGE               ,CA,91711-6400,Private      ,1,0,1,3141,179,3320
00117100,HARVEY MUDD COLLEGE                     ,CA,91711-5990,Private      ,0,0,0,2092,65,2157
00117200,PITZER COLLEGE                          ,CA,91711-6101,Private      ,0,0,0,2831,197,3028
00117300,POMONA COLLEGE                          ,CA,91711-6301,Private      ,0,0,0,4696,190,4886
00117400,SCRIPPS COLLEGE                         ,CA,91711-3948,Private      ,0,2,2,1617,104,1721
00117600,WEST HILLS COMMUNITY COLLEGE            ,CA,93210-1399,Public       ,6,40,46,1262,1577,2839
00117700,COGSWELL POLYTECHNICAL COLLEGE          ,CA,94089-1210,Proprietary  ,1,3,4,155,122,277
00117800,COLLEGE OF MARIN                        ,CA,94904-2590,Public       ,12,46,58,1069,2696,3765
00117801,COLG OF MARIN-INDIAN VALLEY CMPS        ,CA,94949-0000,Public       ,1,9,10,61,200,261
00117900,NOTRE DAME DE NAMUR UNIVERSITY          ,CA,94002-1997,Private      ,3,17,20,1095,1220,2315
00118100,COLLEGE OF SAN MATEO                    ,CA,94402-3784,Public       ,59,125,184,2661,3002,5663
00118200,COLLEGE OF THE DESERT                   ,CA,92260-9305,Public       ,30,114,144,4774,5395,10169
00118300,HOLY NAMES UNIVERSITY                   ,CA,94619-1699,Private      ,1,13,14,813,994,1807
00118500,COLLEGE OF THE REDWOODS                 ,CA,95501-9300,Public       ,29,85,114,2905,5036,7941
00118600,COLLEGE OF THE SEQUOIAS                 ,CA,93277-2234,Public       ,30,79,109,6752,8689,15441
00118700,COLLEGE OF THE SISKIYOUS                ,CA,96094-2899,Public       ,2,13,15,1028,1509,2537
00118701,COLLEGE OF THE SISKIYOUS - YREKA CENTER ,CA,96097-9538,Public       ,1,2,3,77,243,320
00119000,CONTRA COSTA COLLEGE                    ,CA,94806-3195,Public       ,49,170,219,2380,4633,7013
00119100,DIABLO VALLEY COLLEGE                   ,CA,94523-1544,Public       ,52,111,163,4915,5444,10359
00119200,CUESTA COLLEGE                          ,CA,93403-8106,Public       ,51,164,215,4230,4339,8569
00119300,CYPRESS COLLEGE                         ,CA,90630-5897,Public       ,55,116,171,8335,8547,16882
00119600,DOMINICAN UNIVERSITY OF CALIFORNIA      ,CA,94901-2298,Private      ,5,10,15,2556,1479,4035
00119700,EL CAMINO COLLEGE                       ,CA,90506-0002,Public       ,137,363,500,11715,12031,23746
00119701,COMPTON COMMUNITY COLLEGE               ,CA,90221-5393,Public       ,67,203,270,2577,5115,7692
00119900,FOOTHILL COLLEGE                        ,CA,94022-4597,Public       ,56,129,185,2812,4140,6952
00120000,FULLER THEOLOGICAL SEMINARY             ,CA,91182-0000,Private      ,0,19,19,18,2450,2468
00120100,FULLERTON COLLEGE                       ,CA,92832-2095,Public       ,117,176,293,11608,8522,20130
00120200,GAVILAN COLLEGE                         ,CA,95020-9599,Public       ,43,101,144,1792,2397,4189
00120300,GLENDALE COMMUNITY COLLEGE              ,CA,91208-2894,Public       ,104,161,265,8293,8963,17256
00120400,GOLDEN GATE BAPT THEOL SEMINARY         ,CA,94941-0000,Private      ,0,0,0,3,68,71
00120500,GOLDEN GATE UNIVERSITY                  ,CA,94105-2967,Private      ,5,74,79,181,4335,4516
00120600,GOLDEN WEST COLLEGE                     ,CA,92647-2748,Public       ,38,108,146,7026,7182,14208
00120700,GRADUATE THEOLOGICAL UNION              ,CA,94709-0000,Private      ,0,1,1,6,327,333
00120800,GROSSMONT COLLEGE                       ,CA,92020-1798,Public       ,73,198,271,7789,10369,18158
00120900,HARTNELL COMMUNITY COLLEGE              ,CA,93901-1697,Public       ,90,140,230,3456,3361,6817
00121200,HUMPHREYS COLLEGE                       ,CA,95207-3896,Private      ,3,15,18,342,1464,1806
00121400,IMPERIAL VALLEY COLLEGE                 ,CA,92251-9787,Public       ,35,49,84,5036,4362,9398
00121500,LA SIERRA UNIVERSITY                    ,CA,92515-3332,Private      ,9,16,25,2327,1085,3412
00121600,UNIVERSITY OF LA VERNE                  ,CA,91750-4443,Private      ,8,162,170,3820,7607,11427
00121700,LASSEN COLLEGE                          ,CA,96130-3000,Public       ,6,18,24,490,870,1360
00121800,LOMA LINDA UNIVERSITY                   ,CA,92350-0001,Private      ,1,34,35,940,5587,6527
00121900,LONG BEACH CITY COLLEGE                 ,CA,90808-1780,Public       ,179,520,699,14435,17239,31674
00122000,MASTER'S COLLEGE & SEMINARY (THE)       ,CA,91321-1200,Private      ,0,8,8,1265,462,1727
00122300,LOS ANGELES CITY COLLEGE                ,CA,90029-3588,Public       ,86,267,353,6973,12310,19283
00122400,LOS ANGELES HARBOR COLLEGE              ,CA,90744-2397,Public       ,47,82,129,3789,5109,8898
00122600,LOS ANGELES PIERCE COLLEGE              ,CA,91371-0001,Public       ,379,254,633,10053,9219,19272
00122700,LOS ANGELES TRADE TECH COLLEGE          ,CA,90015-4181,Public       ,101,352,453,5084,10885,15969
00122800,LOS ANGELES VALLEY COLLEGE              ,CA,91401-4096,Public       ,82,149,231,7374,9406,16780
00122900,SO CA UNIV  HEALTH SCIENCES             ,CA,90604-4051,Private      ,3,22,25,48,754,802
00123000,SOUTHERN CA COLLEGE OF OPTOMETRY        ,CA,92831-1699,Private      ,0,3,3,8,500,508
00123200,AMERICAN RIVER COLLEGE                  ,CA,95841-4286,Public       ,235,777,1012,12254,23566,35820
00123300,SACRAMENTO CITY COLLEGE                 ,CA,95822-1386,Public       ,277,640,917,12515,18605,31120
00123600,MENLO COLLEGE                           ,CA,94027-4301,Private      ,3,7,10,1329,173,1502
00123700,MERCED COMMUNITY COLLEGE                ,CA,95348-2898,Public       ,104,172,276,6334,6825,13159
00123800,MILLS COLLEGE                           ,CA,94613-1301,Private      ,2,7,9,1860,1926,3786
00123900,MIRACOSTA COLLEGE                       ,CA,92056-3899,Public       ,22,115,137,3523,5586,9109
00124000,MODESTO JUNIOR COLLEGE                  ,CA,95350-5800,Public       ,138,354,492,9744,12290,22034
00124200,MONTEREY PENINSULA COLLEGE              ,CA,93940-4799,Public       ,51,74,125,2604,2824,5428
00124300,MOUNT ST MARYS COLLEGE                  ,CA,90049-1599,Private      ,1,41,42,2715,2302,5017
00124500,MT. SAN ANTONIO COLLEGE                 ,CA,91789-1399,Public       ,117,178,295,16198,13809,30007
00124600,MT SAN JACINTO COLLEGE                  ,CA,92583-2399,Public       ,43,132,175,7706,12434,20140
00124700,NAPA VALLEY COLLEGE                     ,CA,94558-6236,Public       ,20,86,106,2301,2915,5216
00124900,OCCIDENTAL COLLEGE                      ,CA,90041-3314,Private      ,2,2,4,5086,325,5411
00125000,ORANGE COAST COLLEGE - FIN AID OFF      ,CA,92628-5005,Public       ,73,180,253,11792,9355,21147
00125100,OTIS COLLEGE OF ART AND DESIGN          ,CA,90045-3505,Private      ,1,4,5,1645,750,2395
00125200,HOPE INTERNATIONAL UNIVERSITY           ,CA,92631-0000,Private      ,1,18,19,673,986,1659
00125300,FRESNO PACIFIC UNIVERSITY               ,CA,93702-4798,Private      ,8,70,78,2195,3836,6031
00125307,FRESNO PACIFIC UNIVERSITY - BIBLICAL SEM,CA,93702-4798,Private      ,0,2,2,1,42,43
00125400,PACIFIC LUTHERAN THEOLOGICAL SEM        ,CA,94708-0000,Private      ,0,0,0,2,81,83
00125500,PACIFIC OAKS COLLEGE                    ,CA,91103-3592,Private      ,0,11,11,27,625,652
00125600,PACIFIC SCHOOL OF RELIGION              ,CA,94709-0000,Private      ,0,1,1,1,179,180
00125800,PACIFIC UNION COLLEGE                   ,CA,94508-9797,Private      ,3,3,6,1719,530,2249
00125900,PALO VERDE COLLEGE                      ,CA,92225-0000,Public       ,1,6,7,269,606,875
00126000,PALOMAR COLLEGE                         ,CA,92069-1486,Public       ,78,172,250,8055,8365,16420
00126100,PASADENA CITY COLLEGE                   ,CA,91106-2003,Public       ,139,240,379,16763,12112,28875
00126200,POINT LOMA NAZARENE UNIVERSITY          ,CA,92106-2899,Private      ,6,64,70,4307,1733,6040
00126600,LANEY COLLEGE                           ,CA,94607-4893,Public       ,88,281,369,4026,8445,12471
00126700,MERRITT COLLEGE                         ,CA,94619-3196,Public       ,46,194,240,1973,4902,6875
00126800,PORTERVILLE COLLEGE                     ,CA,93257-6059,Public       ,36,55,91,2043,2776,4819
00126900,RIO HONDO COLLEGE                       ,CA,90601-1699,Public       ,75,170,245,9749,8148,17897
00127000,RIVERSIDE CITY COLLEGE                  ,CA,92506-1299,Public       ,274,701,975,23080,27212,50292
00127200,SAN BERNARDINO VALLEY COLLEGE           ,CA,92410-2798,Public       ,92,305,397,7649,13268,20917
00127300,SAN DIEGO CITY COLLEGE                  ,CA,92101-4787,Public       ,68,177,245,8629,14784,23413
00127500,SAN DIEGO MESA COLLEGE                  ,CA,92111-4996,Public       ,43,131,174,8743,10925,19668
00127800,SAN FRANCISCO CONSERVATORY OF MUSIC     ,CA,94122-4498,Private      ,1,0,1,333,401,734
00127900,SAN FRANCISCO THEOLOGICAL SEMINARY      ,CA,94960-0000,Private      ,0,1,1,1,118,119
00128000,SAN JOAQUIN DELTA COLLEGE               ,CA,95207-6370,Public       ,254,622,876,9570,13053,22623
00128100,WILLIAM JESSUP UNIVERSITY               ,CA,95765-3707,Private      ,0,18,18,759,581,1340
00128200,SAN JOSE CITY COLLEGE                   ,CA,95128-2797,Public       ,44,153,197,4090,6538,10628
00128400,SANTA ANA COLLEGE                       ,CA,92706-3398,Public       ,67,182,249,6639,7384,14023
00128500,SANTA BARBARA CITY COLLEGE              ,CA,93109-2394,Public       ,119,238,357,6885,5773,12658
00128600,SANTA MONICA COLLEGE                    ,CA,90405-1644,Public       ,177,247,424,15828,10529,26357
00128700,SANTA ROSA JUNIOR COLLEGE               ,CA,95401-4395,Public       ,35,133,168,5811,8006,13817
00128800,CLAREMONT SCHOOL OF THEOLOGY            ,CA,91711-0000,Private      ,0,3,3,3,226,229
00128900,SHASTA COLLEGE                          ,CA,96049-7692,Public       ,30,132,162,4031,6329,10360
00129000,SIERRA COLLEGE                          ,CA,95677-3397,Public       ,94,213,307,7444,9840,17284
00129100,SIMPSON UNIVERSITY                      ,CA,96003-8606,Private      ,2,10,12,1166,997,2163
00129200,SOLANO COMMUNITY COLLEGE                ,CA,94534-3197,Public       ,62,174,236,3710,6422,10132
00129300,VANGUARD UNIVERSITY OF SOUTHERN CA      ,CA,92626-6597,Private      ,7,47,54,1941,1172,3113
00129400,SOUTHWESTERN COLLEGE                    ,CA,91910-7299,Public       ,133,252,385,8430,7718,16148
00129500,SOUTHWESTERN LAW SCHOOL                 ,CA,90010-1106,Private      ,1,10,11,38,2978,3016
00129600,DOMINICAN SCH PHILOSOPHY & THEOLOGY     ,CA,94709-0000,Private      ,0,0,0,15,61,76
00129900,ST JOHN'S SEMINARY COLLEGE              ,CA,93010-0000,Private      ,0,0,0,6,3,9
00130200,SAINT MARY'S COLLEGE OF CALIFORNIA      ,CA,94556-2744,Private      ,4,25,29,4361,1751,6112
00130500,STANFORD UNIVERSITY                     ,CA,94305-6106,Private      ,18,30,48,21587,3806,25393
00130501,STANFORD UNIVERSITY - GRADUATE SCHOOL OF,CA,94305-5301,Private      ,0,8,8,83,1581,1664
00130502,STANFORD UNIVERSITY - GRADUATE SCHOOL OF,CA,94305-5015,Private      ,0,13,13,69,1566,1635
00130503,STANFORD UNIVERSITY - STANFORD LAW SCHOO,CA,94305-3096,Private      ,2,3,5,69,2304,2373
00130700,FRESNO CITY COLLEGE                     ,CA,93741-0002,Public       ,83,297,380,15918,18695,34613
00130800,REEDLEY COLLEGE                         ,CA,93654-2099,Public       ,59,107,166,6408,5889,12297
00130900,TAFT COLLEGE                            ,CA,93268-2317,Public       ,29,40,69,1457,1677,3134
00131200,UNIVERSITY OF CALIFORNIA-BERKELEY       ,CA,94720-1520,Public       ,367,121,488,49856,20277,70133
00131300,UNIVERSITY OF CALIFORNIA-DAVIS          ,CA,95616-8558,Public       ,62,56,118,47426,15316,62742
00131400,UNIVERSITY OF CALIFORNIA-IRVINE         ,CA,92697-2825,Public       ,468,130,598,50755,12466,63221
00131500,UNIVERSITY OF CALIFORNIA (UCLA)         ,CA,90095-9000,Public       ,106,158,264,61880,29138,91018
00131502,UNIV OF CALIFORNIA LOS ANG SCH MED      ,CA,90095-0000,Public       ,1,0,1,147,965,1112
00131503,UNIV OF CALIFORNIA LOS ANG DENTAL       ,CA,90095-0000,Public       ,0,1,1,45,151,196
00131600,UNIVERSITY OF CALIFORNIA-RIVERSIDE      ,CA,92521-0209,Public       ,37,70,107,32105,8006,40111
00131700,UNIVERSITY OF CALIFORNIA-SAN DIEGO      ,CA,92093-0013,Public       ,49,49,98,46127,10325,56452
00131900,UNIVERSITY OF CALIFORNIA-SFRANCISCO     ,CA,94143-0246,Public       ,14,13,27,1087,4188,5275
00132000,UNIVERSITY OF CALIFORNIA-SANTA BARB     ,CA,93106-3180,Public       ,287,72,359,46052,7492,53544
00132100,UNIVERSITY OF CALIFORNIA-SANTA CRUZ     ,CA,95064-0001,Public       ,34,37,71,29480,4649,34129
00132200,UNIVERSITY OF REDLANDS                  ,CA,92373-0999,Private      ,4,108,112,4335,3087,7422
00132500,UNIVERSITY OF SAN FRANCISCO             ,CA,94117-1080,Private      ,17,97,114,9262,8821,18083
00132600,SANTA CLARA UNIVERSITY                  ,CA,95053-4956,Private      ,13,44,57,9786,5243,15029
00132604,JESUIT SCHOOL OF THEOLOGY - BERKELEY    ,CA,94709-1193,Private      ,0,0,0,0,44,44
00132800,UNIVERSITY OF SOUTHERN CALIFORNIA       ,CA,90089-0914,Private      ,29,218,247,31927,26942,58869
00132900,UNIVERSITY OF THE PACIFIC               ,CA,95211-0197,Private      ,12,23,35,11581,3396,14977
00132901,UNIVERSITY OF THE PACIFIC - MCGEORGE SCH,CA,95817-2799,Private      ,0,6,6,123,2335,2458
00132902,UNIV OF THE PACIFIC SCH OF DENT         ,CA,94115-0000,Private      ,0,1,1,39,589,628
00133400,VENTURA COLLEGE                         ,CA,93003-3899,Public       ,94,206,300,5295,5333,10628
00133500,VICTOR VALLEY COLLEGE                   ,CA,92395-5849,Public       ,126,414,540,6568,12268,18836
00133800,WEST VALLEY COLLEGE                     ,CA,95070-5697,Public       ,39,80,119,2663,3166,5829
00134100,WESTMONT COLLEGE                        ,CA,93108-1099,Private      ,2,1,3,2322,111,2433
00134200,WHITTIER COLLEGE                        ,CA,90601-4413,Private      ,5,12,17,3029,498,3527
00134201,WHITTIER COLLEGE - COLLEGE OF LAW       ,CA,92626-1501,Private      ,0,4,4,21,1513,1534
00134300,WOODBURY UNIVERSITY                     ,CA,91510-7846,Private      ,1,18,19,1088,1006,2094
00134400,YUBA COLLEGE                            ,CA,95901-7699,Public       ,103,180,283,3415,5549,8964
00134401,YUBA COLLEGE - WOODLAND COLLEGE - YOLO C,CA,95776-9327,Public       ,0,0,0,715,780,1495
00177212,TRINITY INTERNATIONAL UNIV-CA           ,CA,92705-0000,Private      ,0,4,4,5,252,257
00274100,AMERICAN JEWISH UNIVERSITY              ,CA,90077-1599,Private      ,0,1,1,106,168,274
00301002,ANTIOCH UNIV/LOS ANGELES                ,CA,90230-7615,Private      ,1,7,8,75,1170,1245
00301003,ANTIOCH  UNIV/SANTA BARBARA             ,CA,93101-0000,Private      ,1,5,6,500,610,1110
00369110,MIDDLEBURY COLLEGE - MONTEREY INSTITUTE ,CA,93940-2691,Private      ,0,7,7,27,927,954
00394700,UC-HASTINGS COLLEGE OF THE LAW          ,CA,94102-0000,Public       ,0,3,3,22,4009,4031
00394800,SAN FRANCISCO ART INSTITUTE             ,CA,94133-2299,Private      ,7,20,27,1592,1101,2693
00405500,HEBREW UNION COLLEGE - JEWISH INSTITUTE ,CA,90007-3796,Private      ,0,2,2,2,91,93
00408000,STARR KING SCHOOL FOR THE MINISTRY      ,CA,94709-1299,Private      ,0,0,0,1,75,76
00448000,DE ANZA COLLEGE                         ,CA,95014-5793,Public       ,100,192,292,7479,6695,14174
00448100,OHLONE COLLEGE                          ,CA,94539-5847,Public       ,31,49,80,2932,2866,5798
00448101,OHLONE COLLEGE - NEWARK CENTER FOR HEALT,CA,94560-4902,Public       ,0,0,0,181,184,365
00448400,JOHN F. KENNEDY UNIVERSITY              ,CA,94523-4817,Private      ,0,16,16,45,1806,1851
00449000,PATTEN UNIVERSITY                       ,CA,94601-2699,Private      ,3,21,24,281,553,834
00449400,EVEREST COLLEGE                         ,CA,92408-3752,Proprietary  ,25,70,95,576,1375,1951
00450200,CITY COLLEGE OF SAN FRANCISCO           ,CA,94112-0000,Public       ,199,609,808,9769,16138,25907
00450302,EVEREST COLLEGE - SANTA ANA             ,CA,92701-4559,Proprietary  ,36,42,78,163,329,492
00563800,DOWNEY ADULT SCHOOL                     ,CA,90241-5610,Public       ,9,25,34,126,471,597
00565500,HACIENDA LA PUENTE ADULT EDUC CTR       ,CA,91746-0000,Public       ,3,17,20,161,626,787
00616500,LA CNTY CLG OF NURSING & ALLD HLTH      ,CA,90033-1018,Public       ,0,5,5,95,488,583
00672000,COLLEGE OF ALAMEDA                      ,CA,94501-2109,Public       ,44,87,131,2182,3351,5533
00673100,CASA LOMA COLLEGE                       ,CA,91405-4523,Private      ,5,38,43,257,749,1006
00686300,VENTURA COUNTY CMTY CLG DISTRICT        ,CA,93010-8552,Public       ,0,0,0,34,34,68
00697300,CANADA COLLEGE                          ,CA,94061-1099,Public       ,21,78,99,1101,1978,3079
00697500,LINCOLN UNIVERSITY                      ,CA,94612-2801,Private      ,0,8,8,26,138,164
00701200,SAMUEL MERRITT COLLEGE                  ,CA,94609-3108,Private      ,3,25,28,394,2526,2920
00704700,LOS ANGELES SOUTHWEST COLLEGE           ,CA,90047-4810,Public       ,35,185,220,2945,7198,10143
00705000,BAY VISTA COLLEGE OF BEAUTY             ,CA,91950-3616,Proprietary  ,4,18,22,101,234,335
00711500,MOORPARK COLLEGE                        ,CA,93021-1695,Public       ,106,123,229,4193,3554,7747
00713000,NEWBERRY SCHOOLS OF BEAUTY              ,CA,91344-7404,Proprietary  ,9,13,22,77,128,205
00714200,LYLE'S COLLEGE OF BEAUTY                ,CA,93710-3948,Proprietary  ,8,15,23,125,228,353
00714201,LYLE'S CLG OF BTY BAKERSFIELD           ,CA,93301-0000,Proprietary  ,0,0,0,61,77,138
00716400,BRYAN COLLEGE                           ,CA,90057-0000,Proprietary  ,15,104,119,248,1722,1970
00717801,WESTERN SEMINARY - BAY AREA CENTER      ,CA,95032-0000,Private      ,0,0,0,2,20,22
00717804,WESTERN SEMINARY - SACRAMENTO           ,CA,95821-3939,Private      ,0,0,0,15,51,66
00718700,NORTH ADRIAN'S COLLEGE OF BEAUTY        ,CA,95350-2381,Proprietary  ,17,28,45,201,299,500
00719000,WYOTECH                                 ,CA,94539-7663,Proprietary  ,71,212,283,1103,2310,3413
00720300,SALON SUCCESS ACADEMY                   ,CA,91786-4060,Proprietary  ,15,14,29,132,150,282
00720400,MODERN BEAUTY ACADEMY                   ,CA,93030-7016,Proprietary  ,4,4,8,67,56,123
00722900,WESTERN BEAUTY INSTITUTE                ,CA,91402-3104,Proprietary  ,49,67,116,348,701,1049
00723400,HEALD COLLEGE                           ,CA,94105-2206,Proprietary  ,24,154,178,876,2515,3391
00723600,ART INST OF CALIFORNIA-LOS ANGELES      ,CA,90405-3035,Proprietary  ,92,152,244,7210,6015,13225
00725300,FEDERICO BEAUTY INSTITUTE               ,CA,95834-1905,Proprietary  ,15,33,48,283,423,706
00725800,MARINELLO SCH BTY                       ,CA,91606-3210,Proprietary  ,0,1,1,38,50,88
00729600,COLEMAN COLLEGE                         ,CA,92123-0000,Private      ,9,42,51,268,993,1261
00732909,ITT TECHNICAL INSTITUTE                 ,CA,92868-3506,Proprietary  ,39,151,190,1016,2645,3661
00732971,ITT TECHNICAL INSTITUTE                 ,CA,95670-6047,Proprietary  ,13,37,50,873,2452,3325
00732976,ITT TECHNICAL INSTITUTE                 ,CA,92408-3519,Proprietary  ,64,120,184,1384,2868,4252
00732981,ITT TECHNICAL INSTITUTE                 ,CA,92123-2662,Proprietary  ,33,128,161,1084,3057,4141
00732985,ITT TECHNICAL INSTITUTE                 ,CA,91773-2933,Proprietary  ,32,87,119,1043,2122,3165
00732989,ITT TECHNICAL INSTITUTE                 ,CA,90502-1356,Proprietary  ,32,87,119,936,2848,3784
00732994,ITT TECHNICAL INSTITUTE                 ,CA,91342-3664,Proprietary  ,19,63,82,988,2233,3221
00746501,AMERICAN ACADEMY OF DRAMATIC ARTS - HOLL,CA,90028-7504,Private      ,2,1,3,342,174,516
00747600,MARINELLO SCHOOLS OF BEAUTY             ,CA,90023-2666,Proprietary  ,196,332,528,1389,2597,3986
00747602,MARINELLO SCHOOLS OF BEAUTY - SPA ACADEM,CA,90048-5101,Proprietary  ,1,2,3,68,83,151
00747603,MARINELLO SCHOOLS OF BEAUTY - INGLEWOOD ,CA,90301-2306,Proprietary  ,1,2,3,16,23,39
00747604,MARINELLO SCHOOLS OF BEAUTY - RESEDA    ,CA,91335-4218,Proprietary  ,1,0,1,19,27,46
00747606,MARINELLO SCHOOLS OF BEAUTY - WEST COVIN,CA,91790-2805,Proprietary  ,0,1,1,25,44,69
00747607,MARINELLO SCHOOLS OF BEAUTY - SAN BERNAR,CA,92410-3261,Proprietary  ,3,5,8,102,85,187
00747608,MARINELLO SCHOOLS OF BEAUTY - ONTARIO   ,CA,91762-2113,Proprietary  ,2,5,7,96,112,208
00747609,MARINELLO SCHOOLS OF BEAUTY - WHITTIER  ,CA,90601-4107,Proprietary  ,0,0,0,49,30,79
00747611,MARINELLO SCHOOLS OF BEAUTY - SAN DIEGO ,CA,92126-4217,Proprietary  ,2,6,8,119,170,289
00747700,"HEALD COLLEGE,SCHOOLS OF BUS & TECH     ",CA,95670-6005,Proprietary  ,32,123,155,644,2260,2904
00753100,ACADEMY OF ART UNIVERSITY               ,CA,94105-3410,Proprietary  ,115,355,470,8447,14212,22659
00753600,COSUMNES RIVER COLLEGE                  ,CA,95823-5799,Public       ,131,286,417,7269,9389,16658
00754802,WESTWOOD COLLEGE OF TECHNOLOGY          ,CA,92801-0000,Proprietary  ,28,24,52,1332,912,2244
00754803,WESTWOOD COLLEGE OF TECHNOLOGY          ,CA,91786-0000,Proprietary  ,42,40,82,1285,1073,2358
00760600,EVEREST COLLEGE                         ,CA,90010-2221,Proprietary  ,19,43,62,424,772,1196
00760700,CONCORDE CAREER INSTITUTE               ,CA,91606-3134,Proprietary  ,27,67,94,427,957,1384
00770700,COLUMBIA COLLEGE                        ,CA,95370-8580,Public       ,12,41,53,1061,1529,2590
00771300,SKYLINE COLLEGE                         ,CA,94066-1698,Public       ,48,122,170,3036,3356,6392
00793000,CONCORDE CAREER INSTITUTE               ,CA,92108-0000,Proprietary  ,26,75,101,362,1205,1567
00799300,CALIF STATE UNIV BAKERSFIELD            ,CA,93311-1022,Public       ,35,64,99,7500,6673,14173
00807100,CONCORDE CAREER INSTITUTE               ,CA,92840-9201,Proprietary  ,23,56,79,465,1031,1496
00807300,BUTTE COMMUNITY COLLEGE                 ,CA,95965-0000,Public       ,41,151,192,6744,8969,15713
00809000,EVEREST COLLEGE                         ,CA,91803-1310,Proprietary  ,49,162,211,479,1070,1549
00809300,HEALD COLLEGE                           ,CA,93704-1706,Proprietary  ,36,181,217,1403,3239,4642
00853200,HEALD COLLEGE                           ,CA,94545-2352,Proprietary  ,41,129,170,1191,2840,4031
00853202,HEALD COLLEGE - MODESTO                 ,CA,95368-9095,Proprietary  ,31,78,109,254,670,924
00853700,CONCORDE CAREER INSTITUTE               ,CA,92401-0000,Proprietary  ,27,100,127,562,1591,2153
00859600,WEST LOS ANGELES COLLEGE                ,CA,90230-3500,Public       ,36,123,159,3390,6708,10098
00859700,FEATHER RIVER COLLEGE                   ,CA,95971-9124,Public       ,9,18,27,778,680,1458
00884400,CALIFORNIA CHRISTIAN COLLEGE            ,CA,93703-3599,Private      ,0,4,4,77,114,191
00884600,WRIGHT INSTITUTE                        ,CA,94704-0000,Private      ,0,3,3,1,505,506
00890300,COLLEGE OF THE CANYONS                  ,CA,91355-1899,Public       ,122,145,267,5579,4698,10277
00891800,SADDLEBACK COLLEGE                      ,CA,92692-3699,Public       ,89,224,313,4327,5883,10210
00902200,ASSOCIATED TECHNICAL COLLEGE            ,CA,90017-0000,Proprietary  ,14,106,120,287,1097,1384
00903200,EMPIRE COLLEGE                          ,CA,95403-2122,Proprietary  ,4,17,21,211,634,845
00915706,WYOMING TECHNICAL INSTITUTE - WEST SACRA,CA,95605-1507,Proprietary  ,101,136,237,1254,1882,3136
00927200,CRAFTON HILLS COLLEGE                   ,CA,92399-1799,Public       ,47,70,117,3206,3693,6899
00932500,ABRAM FRIEDMAN OCCUP CTR                ,CA,90015-3507,Public       ,1,7,8,115,325,440
00950900,SKILLS & BUSINESS EDUCATION CENTER      ,CA,95824-1529,Public       ,6,45,51,325,1429,1754
00974800,CARRINGTON COLLEGE CALIFORNIA           ,CA,95826-3203,Proprietary  ,43,163,206,1109,3175,4284
00974801,CARRINGTON COLLEGE CALIFORNIA - SAN LEAN,CA,94578-3711,Proprietary  ,15,61,76,485,1177,1662
00974802,CARRINGTON COLLEGE CALIFORNIA - PLEASANT,CA,94523-1984,Proprietary  ,15,20,35,310,665,975
00974803,CARRINGTON COLLEGE CALIFORNIA - STOCKTON,CA,95207-5509,Proprietary  ,28,45,73,509,849,1358
00974804,CARRINGTON COLLEGE CALIFORNIA - CITRUS H,CA,95621-5577,Proprietary  ,14,49,63,410,1070,1480
00974806,CARRINGTON COLLEGE CALIFORNIA -  ANTIOCH,CA,94531-1604,Proprietary  ,15,31,46,261,723,984
00974807,CARRINGTON COLLEGE CALIFORNIA - SAN JOSE,CA,95119-1325,Proprietary  ,27,59,86,659,1431,2090
00974808,CARRINGTON COLLEGE CALIFORNIA - EMERYVIL,CA,94608-3006,Proprietary  ,13,29,42,157,455,612
00974809,WESTERN CAREER COLLEGE -  EMERYVILLE SHE,CA,94608-3006,Proprietary  ,0,1,1,5,13,18
00974810,CARRINGTON COLLEGE CALIFORNIA - CONCORD ,CA,94520-5671,Proprietary  ,0,0,0,21,37,58
00998900,SANTA BARBARA BUSINESS COLLEGE          ,CA,93111-0000,Proprietary  ,9,50,59,287,730,1017
01011100,CERRO-COSO COMMUNITY COLLEGE            ,CA,93555-9571,Public       ,21,100,121,793,2308,3101
01014225,TOURO CLG OSEOPATHIC MEDICINE           ,CA,94592-1115,Private      ,0,0,0,11,593,604
01014900,PEPPERDINE UNIVERSITY                   ,CA,90263-0000,Private      ,9,100,109,7718,7582,15300
01034000,LOS MEDANOS COLLEGE                     ,CA,94565-5197,Public       ,61,135,196,3298,4965,8263
01036500,CHARLES R DREW UNIV OF MED & SCI        ,CA,90059-0000,Private      ,2,73,75,126,706,832
01039500,UNIVERSITY OF SAN DIEGO                 ,CA,92110-2492,Private      ,23,83,106,14409,5497,19906
01039501,UNIVERSITY OF SAN DIEGO - SCHOOL OF LAW ,CA,92110-2492,Private      ,2,9,11,627,3956,4583
01044100,PARDEE RAND GRADUATE SCHOOL             ,CA,90407-2138,Private      ,0,0,0,5,41,46
01047400,MARYMOUNT COLLEGE OF PALOS VERDES       ,CA,90275-0000,Private      ,4,3,7,1225,99,1324
01072706,DEVRY INST. TECH.                       ,CA,91768-0000,Proprietary  ,0,0,0,301,377,678
01083200,WESTERN STATE UNIV COLLEGE OF LAW       ,CA,92831-3014,Proprietary  ,0,3,3,12,1170,1182
01085400,THOMAS JEFFERSON SCHOOL OF LAW          ,CA,92110-0000,Private      ,0,43,43,27,2405,2432
01102400,EVEREST COLLEGE                         ,CA,94103-2091,Proprietary  ,14,44,58,269,719,988
01110700,EVEREST  COLLEGE                        ,CA,92801-5231,Proprietary  ,40,84,124,649,1222,1871
01110900,EVEREST COLLEGE                         ,CA,91335-4631,Proprietary  ,38,168,206,574,1386,1960
01111200,FIDM-FASHION INSTITUTE OF DESIGN        ,CA,90015-1421,Proprietary  ,32,19,51,6875,2695,9570
01111700,ALLIANT INTERNATIONAL UNIVERSITY        ,CA,92131-1799,Private      ,2,30,32,158,2980,3138
01111705,ALLIANT INTERNATIONAL UNIVERSITY - LOS A,CA,91803-1360,Private      ,0,3,3,13,620,633
01111706,ALLIANT INTERNATIONAL UNIVERSITY - SAN F,CA,94133-1221,Private      ,0,7,7,39,833,872
01111707,ALLIANT INTERNATIONAL UNIVERSITY - FRESN,CA,93727-2014,Private      ,0,9,9,57,575,632
01112100,EVEREST COLLEGE                         ,CA,94541-4007,Proprietary  ,8,56,64,206,762,968
01112300,EVEREST COLLEGE                         ,CA,90247-4163,Proprietary  ,26,88,114,455,1194,1649
01146000,NATIONAL UNIVERSITY                     ,CA,92037-1011,Private      ,41,1098,1139,751,18575,19326
01162600,PRACTICAL SCHOOLS                       ,CA,92805-0000,Proprietary  ,11,34,45,498,978,1476
01164900,LOYOLA MARYMOUNT UNIVERSITY             ,CA,90045-0000,Private      ,24,51,75,10913,3713,14626
01164901,LMU  - LOYOLA LAW SCHOOL                ,CA,90015-0019,Private      ,0,14,14,475,3960,4435
01167200,MENDOCINO COLLEGE                       ,CA,95482-3000,Public       ,35,82,117,1231,2192,3423
01169600,NATIONAL POLYTECHNIC COLLEGE OF SCIENCE ,CA,90744-6399,Private      ,0,0,0,30,143,173
01170700,NORTH-WEST COLLEGE                      ,CA,91790-2097,Proprietary  ,27,69,96,310,562,872
01179200,FRANCISCAN SCHOOL OF THEOLOGY           ,CA,94709-0000,Private      ,0,0,0,4,40,44
01182000,SAN DIEGO MIRAMAR COLLEGE               ,CA,92126-0000,Public       ,19,72,91,3558,5517,9075
01186500,CALIFORNIA HAIR DESIGN ACADEMY          ,CA,92115-0000,Proprietary  ,18,21,39,192,272,464
01186600,LU ROSS ACADEMY                         ,CA,93001-2927,Proprietary  ,10,23,33,147,214,361
01202600,JE BOUTIQUE COLLEGE OF BEAUTY           ,CA,92021-6247,Proprietary  ,2,9,11,66,159,225
01202700,GALEN COLLEGE OF CALIFORNIA             ,CA,93728-2381,Proprietary  ,4,13,17,92,172,264
01203100,SAN DIEGO CHRISTIAN COLLEGE             ,CA,92019-1157,Private      ,28,225,253,726,750,1476
01206100,EVEREST COLLEGE                         ,CA,95128-3908,Proprietary  ,19,57,76,326,780,1106
01215400,CALIFORNIA INSTITUTE OF INTEGRAL STUDIES,CA,94103-2557,Private      ,0,3,3,35,1701,1736
01230002,PALMER COLLEGE OF CHIROPRACTIC - WEST CA,CA,95134-1617,Private      ,0,1,1,20,389,409
01231600,MANCHESTER BEAUTY COLLEGE               ,CA,93726-5306,Proprietary  ,6,23,29,165,348,513
01231700,TULARE BEAUTY COLLEGE                   ,CA,93274-3432,Proprietary  ,3,4,7,38,89,127
01244600,UNIVERSAL COLLEGE OF BEAUTY             ,CA,90044-0044,Proprietary  ,2,10,12,77,129,206
01245200,EVERGREEN VALLEY COLLEGE                ,CA,95135-1598,Public       ,44,95,139,4589,4839,9428
01255000,LOS ANGELES MISSION COLLEGE             ,CA,91342-3200,Public       ,60,95,155,4117,4869,8986
01265000,MARINELLO SCHOOL OF BEAUTY              ,CA,91502-2828,Proprietary  ,27,51,78,226,499,725
01265100,MARINELLO SCHOOL OF BEAUTY              ,CA,91748-1674,Proprietary  ,7,15,22,68,170,238
01284200,OXNARD COLLEGE                          ,CA,93030-0000,Public       ,61,134,195,3031,4005,7036
01287200,NORTH-WEST COLLEGE                      ,CA,91768-3199,Proprietary  ,23,66,89,237,571,808
01287300,WYOTECH                                 ,CA,90810-3800,Proprietary  ,125,178,303,1236,2177,3413
01287301,WYOTECH - EVEREST  COLLEGE              ,CA,90034-3158,Proprietary  ,14,63,77,235,844,1079
01287302,WYOTECH - EVEREST  COLLEGE              ,CA,91746-3412,Proprietary  ,31,85,116,661,1201,1862
01290700,LAKE TAHOE COMMUNITY COLLEGE            ,CA,96150-4524,Public       ,23,52,75,708,1103,1811
01291100,MARINELLO SCHOOL OF BEAUTY              ,CA,92646-2552,Proprietary  ,10,12,22,100,171,271
01291200,MTI COLLEGE                             ,CA,95841-0000,Proprietary  ,27,98,125,583,1869,2452
01294200,ROSEMEAD BEAUTY SCHOOL                  ,CA,91770-1639,Proprietary  ,2,58,60,48,378,426
01298400,PROFESSIONAL INSTITUTE OF BEAUTY        ,CA,91731-2613,Proprietary  ,7,11,18,59,156,215
01298500,HAIR CALIFORNIA BEAUTY ACADEMY          ,CA,92867-7127,Proprietary  ,1,5,6,50,83,133
01298900,OCEANSIDE COLLEGE OF BEAUTY             ,CA,92054-5393,Proprietary  ,6,9,15,100,164,264
01301000,LANCASTER BEAUTY SCHOOL                 ,CA,93534-3098,Proprietary  ,9,21,30,125,284,409
01307400,AMERICAN BEAUTY COLLEGE                 ,CA,91790-2906,Proprietary  ,4,5,9,76,86,162
01309500,SALON SUCCESS ACADEMY                   ,CA,92879-6561,Proprietary  ,19,21,40,204,250,454
01310300,CALIFORNIA WESTERN SCHOOL OF LAW        ,CA,92101-0000,Private      ,3,3,6,114,2369,2483
01324000,LYTLE'S REDWOOD EMPIRE BEAUTY CLG       ,CA,95403-0000,Proprietary  ,1,1,2,147,224,371
02054900,MARINELLO SCHOOL OF BEAUTY              ,CA,92630-0000,Proprietary  ,14,38,52,89,178,267
02059800,PARIS BEAUTY COLLEGE                    ,CA,94520-2611,Proprietary  ,2,25,27,79,245,324
02063500,COASTLINE COMMUNITY COLLEGE             ,CA,92708-0000,Public       ,23,262,285,1339,5701,7040
02064300,SIERRA COLLEGE OF BEAUTY                ,CA,95340-0000,Proprietary  ,5,14,19,98,172,270
02065700,CALIFORNIA BEAUTY COLLEGE               ,CA,95354-0000,Proprietary  ,6,4,10,152,201,353
02070500,CONCORDIA UNIVERSITY                    ,CA,92612-0000,Private      ,2,45,47,2241,2133,4374
02075800,SOUTHERN CA INST OF ARCHITECTURE        ,CA,90013-0000,Private      ,0,2,2,176,619,795
02086400,MARINELLO SCHOOL OF BEAUTY              ,CA,95050-0000,Proprietary  ,43,74,117,395,786,1181
02091200,ELEGANCE INTERNATIONAL                  ,CA,90028-0000,Proprietary  ,8,9,17,159,201,360
02091700,KAPLAN COLLEGE                          ,CA,92123-1509,Proprietary  ,23,128,151,760,2488,3248
02091702,KAPLAN COLLEGE - CHULA VISTA            ,CA,91910-5342,Proprietary  ,26,32,58,224,352,576
02096100,FIELDING GRADUATE UNIVERSITY            ,CA,93105-0000,Private      ,0,8,8,10,1464,1474
02099200,AMERICAN CONSERVATORY THEATER           ,CA,94108-0000,Private      ,1,2,3,55,212,267
02110200,COLUMBIA COLLEGE                        ,CA,91356-0000,Private      ,3,2,5,365,195,560
02110800,CALIFORNIA COLLEGE SAN DIEGO            ,CA,92108-3821,Proprietary  ,23,111,134,1326,2647,3973
02111300,CUYAMACA COLLEGE                        ,CA,92019-0000,Public       ,37,79,116,3593,5925,9518
02113601,AMERICAN INTERCONTINENTAL UNIV - LOS ANG,CA,90066-7008,Proprietary  ,0,0,0,45,195,240
02119100,MISSION COLLEGE                         ,CA,95054-1897,Public       ,45,126,171,2762,4857,7619
02120600,SAYBROOK GRADUATE SCHOOL                ,CA,94111-1920,Private      ,0,4,4,2,731,733
02120700,SAN JOAQUIN VALLEY COLLEGE              ,CA,93291-0000,Proprietary  ,147,406,553,3338,7940,11278
02125000,CAREER ACADEMY OF BEAUTY                ,CA,92845-0000,Proprietary  ,8,13,21,95,176,271
02128200,"VICTOR VALLEY BEAUTY COLLEGE, INC       ",CA,92392-0000,Proprietary  ,3,13,16,145,253,398
02128300,INSTITUTE FOR BUSINESS & TECHNOLOGY     ,CA,95050-0000,Proprietary  ,9,67,76,163,1067,1230
02128301,INSTITUTE FOR BUSINESS & TECHNOLOGY - NA,CA,95670-6351,Proprietary  ,8,41,49,95,685,780
02138300,PALO ALTO UNIVERSITY                    ,CA,94304-1337,Private      ,0,5,5,41,705,746
02147400,CLEVELAND CHIROPRACTIC COLLEGE          ,CA,90004-0000,Private      ,0,1,1,49,357,406
02161800,MUSICIANS INSTITUTE                     ,CA,90028-6157,Proprietary  ,18,10,28,1729,1384,3113
02167800,ESTES INSTITUTE OF COSMETOLOGY          ,CA,93291-0000,Proprietary  ,0,4,4,137,152,289
02174600,MARINELLO SCHOOL OF BEAUTY              ,CA,90201-0000,Proprietary  ,14,22,36,123,181,304
02180600,BRIDGES  ACADEMY OF BEAUTY              ,CA,92311-2327,Proprietary  ,0,3,3,19,42,61
02185800,MOLER BARBER COLLEGE                    ,CA,94611-0000,Proprietary  ,1,4,5,48,103,151
02187500,"HEALD COLLEGE, SCH OF BUS & TECH        ",CA,94520-0000,Proprietary  ,50,157,207,1104,2685,3789
02188400,SIERRA VALLEY COLLEGE OF COURT REPORTING,CA,93726-0000,Proprietary  ,0,2,2,83,226,309
02208600,MADERA BEAUTY COLLEGE                   ,CA,93637-3519,Proprietary  ,1,8,9,73,127,200
02211000,SALON SUCCESS ACADEMY                   ,CA,92405-0000,Proprietary  ,7,8,15,69,87,156
02220000,COLLEEN O'HARA BEAUTY ACADEMY           ,CA,92701-0000,Proprietary  ,11,21,32,156,268,424
02220200,CALIFORNIA CULINARY ACADEMY             ,CA,94102-3336,Proprietary  ,17,34,51,829,1191,2020
02221300,MARINELLO SCHOOL OF BEAUTY              ,CA,92553-0000,Proprietary  ,38,52,90,256,466,722
02222000,AMERICAN FILM INSTITUTE                 ,CA,90027-0000,Private      ,3,6,9,271,770,1041
02226000,EAST LOS ANGELES COLLEGE                ,CA,91754-0000,Public       ,173,298,471,12935,11832,24767
02228500,LIFE CHIROPRACTIC COLLEGE WEST          ,CA,94545-0000,Private      ,0,2,2,12,419,431
02230900,FREDRICK & CHARLES BEAUTY COLLEGE       ,CA,95501-0000,Proprietary  ,1,2,3,63,92,155
02231900,GEMOLOGICAL INSTITUTE OF AMERICA        ,CA,92008-4698,Private      ,1,3,4,65,320,385
02234300,FASHION CAREERS OF CALIFORNIA           ,CA,92110-0000,Proprietary  ,1,2,3,204,180,384
02236400,"THANH LE COLG, SCH OF COSMETOLOGY       ",CA,92840-0000,Proprietary  ,3,16,19,11,78,89
02237200,PHILLIPS GRADUATE INSTITUTE             ,CA,91316-0000,Private      ,0,5,5,1,300,301
02241600,SAN DIEGO CONTINUING EDUCATION          ,CA,92113-0000,Public       ,3,22,25,149,733,882
02241800,AMERICAN CAREER COLLEGE                 ,CA,90004-0000,Proprietary  ,138,304,442,2228,4452,6680
02242700,BERKELEY CITY COLLEGE                   ,CA,94704-0000,Public       ,56,115,171,2512,3688,6200
02250602,EVEREST COLLEGE                         ,CA,91761-8525,Proprietary  ,10,53,63,498,1636,2134
02255400,INTERNATIONAL SCHOOL OF COSMETOLOGY     ,CA,90250-0000,Proprietary  ,20,6,26,135,184,319
02255600,MARINELLO SCHOOL OF BEAUTY              ,CA,90723-0000,Proprietary  ,10,14,24,124,215,339
02258600,ALAMEDA BEAUTY COLLEGE                  ,CA,94501-0000,Proprietary  ,6,7,13,193,317,510
02262400,YESHIVA OHR ELCHONON CHABAD             ,CA,90046-0000,Private      ,41,0,41,103,2,105
02263101,ANTHEM COLLEGE - SACRAMENTO             ,CA,95827-3378,Proprietary  ,1,6,7,38,136,174
02267600,INSTITUTE OF TRANSPERSONAL PSYCHLGY     ,CA,94303-4624,Private      ,0,2,2,4,522,526
02270600,LIFE PACIFIC COLLEGE                    ,CA,91773-0000,Private      ,1,5,6,335,247,582
02276800,WESTMINSTER SEMINARY CALIFORNIA         ,CA,92027-0000,Private      ,0,1,1,3,169,172
02277400,SOUTH COAST COLLEGE                     ,CA,92868-2616,Proprietary  ,3,13,16,160,518,678
02282300,ALHAMBRA BEAUTY COLLEGE                 ,CA,91802-0000,Proprietary  ,14,17,31,73,211,284
02285100,HILLTOP BEAUTY SCHOOL                   ,CA,94014-0000,Proprietary  ,1,11,12,51,201,252
02298000,DESIGN INSTITUTE OF SAN DIEGO           ,CA,92121-0000,Proprietary  ,0,8,8,201,310,511
02304300,"PLATT COLLEGE, SAN DIEGO                ",CA,92115-0000,Proprietary  ,6,18,24,249,485,734
02306300,KAPLAN COLLEGE                          ,CA,95368-0000,Proprietary  ,21,47,68,611,1114,1725
02306302,KAPLAN COLLEGE - FRESNO                 ,CA,93612-3802,Proprietary  ,9,38,47,356,770,1126
02309500,CLOVIS ADULT EDUC                       ,CA,93611-0000,Public       ,1,10,11,54,404,458
02312400,LA COLLEGE INTERNATIONAL                ,CA,90010-0000,Proprietary  ,3,75,78,168,2276,2444
02327600,ART INSTITUTE OF CALIFORNIA - SAN DIEGO ,CA,92108-4401,Proprietary  ,59,105,164,4131,4097,8228
02330500,LAGUNA COLLEGE OF ART AND DESIGN        ,CA,92651-0000,Private      ,1,3,4,471,220,691
02332800,CENTER FOR EMPLOYMENT TRAINING          ,CA,95110-0000,Private      ,109,485,594,776,3377,4153
02338500,GLENDALE CAREER COLLEGE                 ,CA,91203-1207,Proprietary  ,29,84,113,238,590,828
02338700,MARINELLO SCHOOL OF BEAUTY              ,CA,94103-0000,Proprietary  ,26,58,84,255,534,789
02342400,ACADEMY OF RADIO BROADCASTING           ,CA,92647-3809,Proprietary  ,7,23,30,117,406,523
02343400,"BELLUS ACADEMY, THE ACADEMY OF BEAUTY AN",CA,92064-4633,Proprietary  ,16,48,64,207,511,718
02345800,MONTEBELLO BEAUTY COLLEGE               ,CA,90640-0000,Proprietary  ,4,11,15,57,94,151
02351900,KAPLAN COLLEGE                          ,CA,95660-5512,Proprietary  ,10,57,67,488,1435,1923
02351901,KAPLAN COLLEGE - BAKERSFIELD            ,CA,93304-0000,Proprietary  ,23,52,75,650,1268,1918
02358000,THOMAS AQUINAS COLLEGE                  ,CA,93060-9622,Private      ,1,0,1,346,25,371
02359300,SHASTA BIBLE COLLEGE                    ,CA,96002-0000,Private      ,0,3,3,52,82,134
02482700,WESTERN UNIVERSITY OF HEALTH S          ,CA,91766-1854,Private      ,0,6,6,108,4507,4615
02494800,LOLA BEAUTY COLLEGE                     ,CA,92641-0000,Proprietary  ,3,7,10,28,45,73
02497300,TRINITY COLLEGE                         ,CA,93277-8109,Proprietary  ,17,67,84,273,1034,1307
02500000,SAN JOAQUIN COLLEGE OF LAW              ,CA,93612-0000,Private      ,0,2,2,20,331,351
02518400,THE NATIONAL HISPANIC UNIVERSITY        ,CA,95127-0000,Proprietary  ,11,25,36,382,590,972
02519800,AVANCE BEAUTY COLLEGE                   ,CA,92154-0000,Proprietary  ,4,12,16,105,188,293
02520200,CALIFORNIA CAREER SCHOOLS               ,CA,92805-0000,Proprietary  ,0,16,16,55,214,269
02520300,INTERIOR DESIGNERS INSTITUTE            ,CA,92660-0000,Proprietary  ,3,3,6,43,177,220
02520400,ADRIAN'S BEAUTY COLLEGE OF TURLOCK      ,CA,95382-0000,Proprietary  ,11,17,28,159,218,377
02537200,PALOMAR INSTITUTE OF COSMETOLOGY        ,CA,92069-0000,Proprietary  ,8,11,19,162,270,432
02539100,KAPLAN COLLEGE                          ,CA,91606-3231,Proprietary  ,30,49,79,646,1535,2181
02539102,KAPLAN COLLEGE -  RIVERSIDE             ,CA,92507-4223,Proprietary  ,24,48,72,541,1161,1702
02539500,IRVINE VALLEY COLLEGE                   ,CA,92620-0000,Public       ,62,143,205,3927,3833,7760
02542300,NATIONAL HOLISTIC INSTITUTE             ,CA,94608-0000,Proprietary  ,3,19,22,233,827,1060
02543400,BROWNSON TECHNICAL SCHOOL               ,CA,92805-0000,Proprietary  ,3,16,19,61,245,306
02545900,HYPNOSIS MOTIVATION INSTITUTE           ,CA,91356-0000,Private      ,2,33,35,6,200,206
02546400,MTI BUSINESS COLLEGE INC                ,CA,95207-0000,Proprietary  ,5,21,26,56,244,300
02549000,KAPLAN COLLEGE                          ,CA,92083-7736,Proprietary  ,28,61,89,657,1551,2208
02549005,KAPLAN COLLEGE -  PALM SPRINGS          ,CA,92262-7011,Proprietary  ,10,32,42,436,815,1251
02553500,ASSOCIATED TECHNICAL COLLEGE            ,CA,92101-0000,Proprietary  ,5,47,52,133,444,577
02553600,DIVERSIFIED LANGUAGE INSTITUTE          ,CA,90017-0000,Proprietary  ,13,201,214,86,1092,1178
02559300,UNITED EDUCATION INSTITUTE              ,CA,90020-0000,Proprietary  ,688,1540,2228,5600,12097,17697
02559301,UNITED EDUCATION INSTITUTE - SAN BERNARD,CA,92408-3740,Proprietary  ,0,0,0,35,67,102
02559303,UNITED EDUCATION INSTITUTE - SAN DIEGO  ,CA,92123-1949,Proprietary  ,0,0,0,59,134,193
02559304,UNITED EDUCATION INSTITUTE - ONTARIO    ,CA,91764-5574,Proprietary  ,0,0,0,32,54,86
02559305,UNITED EDUCATION INSTITUTE  - VAN NUYS  ,CA,91405-1951,Proprietary  ,0,0,0,20,22,42
02559400,INTERCOAST COLLEGES                     ,CA,92868-1656,Proprietary  ,23,362,385,407,3714,4121
02565400,KAPLAN COLLEGE                          ,CA,95207-6216,Proprietary  ,12,32,44,432,899,1331
02570300,LOS ANGELES ORT COLLEGE                 ,CA,90048-0000,Private      ,23,113,136,216,1035,1251
02577900,SANTA BARBARA BUSINESS COLLEGE          ,CA,93309-1664,Proprietary  ,16,34,50,646,1452,2098
02578000,SANTA BARBARA BUSINESS COLLEGE          ,CA,93454-6943,Proprietary  ,7,23,30,248,561,809
02584200,NEWBRIDGE COLLEGE                       ,CA,92701-0000,Proprietary  ,11,64,75,257,743,1000
02591600,NORTH-WEST COLLEGE                      ,CA,91101-1744,Proprietary  ,10,12,22,92,229,321
02593100,HEALD COLLEGE                           ,CA,95678-5303,Proprietary  ,26,150,176,773,2567,3340
02593200,HEALD COLLEGE                           ,CA,95035-8008,Proprietary  ,46,151,197,919,2472,3391
02593300,HEALD COLLEGE                           ,CA,95210-5667,Proprietary  ,45,146,191,1353,3498,4851
02595600,ASIAN AMERICAN INTERNATIONAL BTY CG     ,CA,92683-4043,Proprietary  ,8,15,23,35,110,145
02597300,SOUTH BAYLO UNIVERSITY                  ,CA,92801-1701,Private      ,0,9,9,4,271,275
02602300,CENTRAL COAST COLLEGE                   ,CA,93901-3301,Proprietary  ,7,13,20,255,502,757
02608900,PINNACLE COLLEGE                        ,CA,91803-8842,Proprietary  ,6,18,24,101,128,229
02608901,PINNACLE COLLEGE - SACRAMENTO           ,CA,95670-6386,Proprietary  ,8,6,14,84,188,272
02609000,EMPERORS COLG OF TRAD ORIENTAL MED      ,CA,90403-5609,Proprietary  ,0,6,6,18,218,236
02612800,LOS ANGELES RECORDING SCHOOL            ,CA,90028-3112,Proprietary  ,10,6,16,471,453,924
02619300,SAMRA UNIV OF ORIENTAL MEDICINE         ,CA,90015-1019,Private      ,0,0,0,5,43,48
03010611,VIRGINIA COLLEGE - GOLF ACADEMY OF AMERI,CA,92008-6512,Proprietary  ,4,23,27,103,330,433
03011300,"CALIF STATE UNIV, SAN MARCOS            ",CA,92096-0001,Public       ,87,54,141,11270,6389,17659
03019900,CAPSTONE COLLEGE                        ,CA,91402-4924,Proprietary  ,9,16,25,51,126,177
03025600,DELL'ARTE SCH OF PHYSICAL THEATRE       ,CA,95525-0816,Private      ,1,1,2,7,48,55
03027700,PACIFIC COLLEGE OF ORIENTAL MED         ,CA,92108-4408,Proprietary  ,3,26,29,57,701,758
03029600,POMONA ADULT SCHOOL                     ,CA,91766-0000,Public       ,3,12,15,104,299,403
03031409,INTERNATIONAL ACADEMY OF DESIGN AND TECH,CA,95834-9664,Proprietary  ,1,26,27,416,779,1195
03034000,HEALD COLLEGE                           ,CA,93906-5100,Proprietary  ,31,107,138,1041,1989,3030
03035700,LAS POSITAS COLLEGE                     ,CA,94551-6750,Public       ,28,68,96,2409,2703,5112
03039900,FREMONT COLLEGE                         ,CA,90703-5342,Proprietary  ,15,33,48,276,540,816
03043900,NEWSCHOOL OF ARCHITECTURE & DESIGN      ,CA,92101-6634,Proprietary  ,1,4,5,348,685,1033
03044500,KAPLAN COLLEGE                          ,CA,91402-4222,Proprietary  ,5,15,20,154,370,524
03054100,ROYALE COLLEGE OF BEAUTY                ,CA,92590-2525,Proprietary  ,8,2,10,82,92,174
03062300,WESTECH COLLEGE                         ,CA,91764-4988,Proprietary  ,24,115,139,217,908,1125
03062400,MT DIABLO ADULT EDUC LOMA VISTA CTR     ,CA,94518-1122,Public       ,1,3,4,80,216,296
03062700,PLATT COLLEGE                           ,CA,90041-0000,Proprietary  ,8,22,30,205,286,491
03062701,PLATT COLLEGE                           ,CA,91764-0000,Proprietary  ,12,28,40,345,568,913
03063400,MODERN TECHNOLOGY SCHOOL                ,CA,92708-9821,Proprietary  ,3,17,20,84,242,326
03067400,BALDWIN PARK ADULT SCHOOL               ,CA,91706-4897,Public       ,5,14,19,166,434,600
03067500,INSTITUTE OF TECHNOLOGY                 ,CA,93612-3217,Proprietary  ,123,392,515,1405,4515,5920
03067505,INSTITUTE OF TECHNOLOGY - REDDING       ,CA,96002-0926,Proprietary  ,0,0,0,62,181,243
03069500,SAGE COLLEGE                            ,CA,92557-6720,Proprietary  ,4,15,19,180,770,950
03072300,EVEREST COLLEGE                         ,CA,91761-3222,Proprietary  ,41,74,115,579,1210,1789
03072700,WESTWOOD COLLEGE - LOS ANGELES          ,CA,90010-1577,Proprietary  ,46,200,246,2305,7773,10078
03074900,MARTINEZ ADULT CENTER                   ,CA,94553-3298,Public       ,0,1,1,7,101,108
03078200,AMERICAN CLG TRADITIONAL CHINESE MD     ,CA,94107-2813,Private      ,1,1,2,10,326,336
03084700,VENTURA ADULT\CONTINUING EDUCATION      ,CA,93003-7313,Public       ,16,20,36,74,257,331
03094400,ELITE PROGRESSIVE SCHOOL OF COSM        ,CA,95841-2909,Proprietary  ,43,53,96,379,680,1059
03097700,CENTRAL CALIF SCH CONTINUING EDUC       ,CA,93401-6739,Proprietary  ,0,1,1,56,294,350
03098200,YO SAN UNIV TRADITIONAL CHINESE MED     ,CA,90066-1103,Private      ,0,8,8,6,194,200
03108100,SUMMIT CAREER COLLEGE                   ,CA,92324-3956,Proprietary  ,36,110,146,505,1688,2193
03109500,DONGGUK  UNIVERSITY LOS ANGELES         ,CA,90020-1765,Private      ,0,3,3,8,120,128
03113300,UEI COLLEGE                             ,CA,93727-1620,Proprietary  ,38,118,156,238,713,951
03113600,SOUTHERN CALIFORNIA INST OF TECHNOL     ,CA,92805-3758,Proprietary  ,12,84,96,144,1176,1320
03116600,EAST SAN GABRIEL VLY REG OCCUP PROG     ,CA,91790-2105,Public       ,25,183,208,167,928,1095
03125300,JOHN WESLEY INTER. BARBER & BTY CLG     ,CA,90813-4321,Proprietary  ,6,13,19,72,116,188
03125400,ART INSTITUTE OF CALIFORNIA-HOLLYWOOD (T,CA,91601-3112,Proprietary  ,34,48,82,3182,2556,5738
03125800,PREMIERE CAREER COLLEGE                 ,CA,91706-3746,Proprietary  ,12,44,56,202,478,680
03126800,PACIFICA GRADUATE INSTITUTE             ,CA,93013-0000,Proprietary  ,0,17,17,3,1044,1047
03128700,MT SIERRA COLLEGE                       ,CA,91016-3414,Proprietary  ,8,7,15,313,530,843
03131300,FIVE BRANCHES UNIVERSITY                ,CA,95062-4669,Private      ,1,5,6,45,428,473
03144400,AMERICAN CLG OF HEALTH PROFESSIONS      ,CA,92505-3038,Proprietary  ,7,59,66,182,605,787
03150500,VIRGINIA SEWING MACHINES & SCH CTR      ,CA,90015-3535,Proprietary  ,0,11,11,9,135,144
03162300,FOUR-D SUCCESS ACADEMY                  ,CA,92324-4218,Proprietary  ,14,89,103,268,1151,1419
03163300,PACIFIC STATES UNIVERSITY               ,CA,90006-0000,Private      ,1,1,2,29,45,74
03195400,EVEREST COLLEGE                         ,CA,90501-2867,Proprietary  ,8,24,32,177,358,535
03210300,LE CORDON BLEU COLLEGE OF CULINARY ARTS ,CA,91101-5221,Proprietary  ,380,887,1267,3170,7792,10962
03225300,AMERICAN UNIVERSITY OF HEALTH SCIENCES  ,CA,90755-3612,Proprietary  ,2,5,7,87,218,305
03242300,CAREER NETWORK INSTITUTE                ,CA,92868-4710,Proprietary  ,14,59,73,197,792,989
03250300,COMMUNITY BASED EDUCATION AND DEVEL     ,CA,90036-1137,Private      ,4,24,28,70,239,309
03260300,CALIFORNIA STATE U-MONTEREY BAY         ,CA,93955-8001,Public       ,18,49,67,8192,2931,11123
03266300,BETHESDA UNIVERSITY OF CALIFORNIA       ,CA,92801-4132,Private      ,0,4,4,25,98,123
03278300,CLARITA CAREER COLLEGE                  ,CA,91351-5432,Proprietary  ,87,180,267,937,2048,2985
03282300,KIM ANH ACADEMY OF BEAUTY               ,CA,92683-4605,Proprietary  ,0,0,0,10,110,120
03288300,ACAD CHINESE CULTURE & HEALTH SCIS      ,CA,94512-0000,Private      ,1,3,4,28,198,226
03299300,PACIFIC COLLEGE                         ,CA,92626-3160,Proprietary  ,6,65,71,99,648,747
03308300,KENSINGTON COLLEGE                      ,CA,92705-8708,Proprietary  ,0,2,2,5,66,71
03321300,SCRIPPS RESEARCH INSTITUTE (THE)        ,CA,92037-0000,Private      ,0,0,0,12,41,53
03327400,ACUPUNCTURE AND INTEGRATIVE MEDICINE COL,CA,94704-2724,Private      ,0,4,4,57,288,345
03332300,SOUTHERN CA BIBLE CLG & SEMINARY        ,CA,92019-1109,Private      ,0,7,7,13,192,205
03359300,ST. FRANCIS CAREER COLLEGE              ,CA,90262-2659,Private      ,0,3,3,83,277,360
03367300,PROFESSIONAL GOLFERS CAREER COLLEGE     ,CA,92591-6013,Proprietary  ,0,9,9,262,437,699
03394300,REMINGTON COLLEGE - SAN DIEGO CAMPUS    ,CA,92108-3002,Proprietary  ,0,0,0,192,360,552
03395300,INTERNATIONAL CAREER DEVELOPMENT        ,CA,90027-5794,Proprietary  ,101,794,895,1169,6331,7500
03399300,NORTHWESTERN TECHNICAL COLLEGE          ,CA,95670-4443,Proprietary  ,8,51,59,189,746,935
03403300,TRINITY LIFE BIBLE COLLEGE              ,CA,95842-0000,Private      ,1,21,22,98,467,565
03413400,ENGLISH CENTER  (THE)                   ,CA,94607-3734,Private      ,7,27,34,49,314,363
03427400,CAREER COLLEGES OF AMERICA              ,CA,90280-7420,Proprietary  ,50,199,249,627,2369,2996
03427500,ANTELOPE VALLEY MEDICAL COLLEGE         ,CA,93534-3324,Proprietary  ,37,102,139,586,1148,1734
03440400,MARIAN HEALTH CAREERS CENTER            ,CA,90010-1728,Proprietary  ,5,6,11,104,212,316
03441400,VALLEY CAREER COLLEGE                   ,CA,92020-3057,Proprietary  ,5,33,38,144,568,712
03458300,MY LE'S BEAUTY COLLEGE                  ,CA,95824-3039,Proprietary  ,6,35,41,107,288,395
03467300,MARINELLO SCHOOL OF BEAUTY              ,CA,92545-3661,Proprietary  ,75,117,192,291,608,899
03467301,CALIFORNIA BEAUTY COLLEGE - DESERT HOT S,CA,92240-1307,Proprietary  ,0,2,2,12,16,28
03479300,PROFESSIONAL CAREER INSTITUTE           ,CA,90703-2522,Proprietary  ,7,9,16,94,168,262
03485400,JAMES ALBERT SCHOOL OF COSMETOLOGY      ,CA,92627-3831,Proprietary  ,3,10,13,145,216,361
03485401,JAMES ALBERT SCHOOL OF COSMETOLOGY - ANA,CA,92804-5384,Proprietary  ,0,0,0,15,16,31
03516300,KING'S UNIVERSITY (THE)                 ,CA,91405-2233,Private      ,3,11,14,92,388,480
03532400,ADVANCED TRAINING ASSOCIATES            ,CA,92020-1236,Proprietary  ,1,11,12,28,134,162
03542400,COPPER MOUNTAIN COLLEGE                 ,CA,92252-6102,Public       ,6,49,55,764,2200,2964
03577300,COBA ACADEMY                            ,CA,92866-1407,Proprietary  ,3,2,5,81,86,167
03590400,NTMA TRAINING CENTERS OF SOUTHERN C     ,CA,90650-6099,Private      ,19,68,87,161,655,816
03592400,IRELL & MANELLA GRADUATE SCHOOL OF BIOLO,CA,91010-0000,Private      ,0,0,0,0,9,9
03598300,AVALON BEAUTY COLLEGE                   ,CA,93103-3137,Proprietary  ,12,9,21,124,130,254
03614300,UNITED BEAUTY COLLEGE                   ,CA,91733-0000,Proprietary  ,0,13,13,11,117,128
03621300,LIBERTY TRAINING INSTITUTE              ,CA,90057-3202,Proprietary  ,0,0,0,1,0,1
03639300,WEST COAST ULTRASOUND INSTITUTE         ,CA,90211-3312,Proprietary  ,2,10,12,362,1578,1940
03646300,DESIGN'S SCHOOL OF COSMETOLOGY          ,CA,93446-1471,Proprietary  ,7,11,18,99,196,295
03681300,CALIFORNIA HEALING ARTS COLLEGE         ,CA,90025-2589,Proprietary  ,5,21,26,72,247,319
03695300,COMMUNITY ENHANCEMENT SERVICES          ,CA,91502-2750,Private      ,1,23,24,18,164,182
03695700,SANTIAGO CANYON COLLEGE                 ,CA,92869-4512,Public       ,43,78,121,2600,1972,4572
03696300,UNIVERSITY OF THE WEST                  ,CA,91770-3709,Private      ,0,1,1,12,64,76
03698300,WEST COAST UNIVERSITY                   ,CA,91606-3206,Proprietary  ,51,100,151,1515,3028,4543
03698400,CA COLLEGE OF VOCATIONAL CAREER         ,CA,93301-1800,Proprietary  ,2,14,16,128,460,588
03736300,ADVANCE BEAUTY COLLEGE                  ,CA,92843-4752,Proprietary  ,9,75,84,88,629,717
03740400,ATI COLLEGE                             ,CA,90650-0000,Proprietary  ,7,20,27,115,326,441
03759300,COMPUTER TUTOR BUSINESS & TECH INST     ,CA,95356-0000,Proprietary  ,1,11,12,80,258,338
03786300,ADVANCED COLLEGE                        ,CA,90280-5255,Proprietary  ,15,66,81,135,535,670
03797400,CAREER CARE INSTITUTE                   ,CA,93534-4766,Proprietary  ,13,73,86,397,933,1330
03797401,CAREER CARE INSTITUTE - VENTURA         ,CA,93003-0000,Proprietary  ,1,3,4,25,101,126
03797402,CAREER CARE INSTITUTE - MORENO VALLEY   ,CA,92553-7519,Proprietary  ,1,11,12,9,52,61
03814400,SOKA UNIVERSITY OF AMERICA              ,CA,92656-8081,Private      ,0,1,1,513,39,552
03838400,WALTER JAY M.D. INSTITUTE AN EDUCATIONAL,CA,90057-0000,Proprietary  ,0,0,0,2,11,13
03852500,CIT COLLEGE OF INFOMEDICAL TECHNOLOGY   ,CA,92831-3703,Proprietary  ,7,57,64,197,859,1056
03852501,CIT COLLEGE OF INFOMEDICAL TECHNOLOGY - ,CA,90010-1308,Proprietary  ,0,0,0,22,29,51
03853300,KECK GRADUATE INSTITUTE OF APPLIED LIFE ,CA,91711-4817,Private      ,0,2,2,1,107,108
03853400,LADERA CAREER PATHS TRAINING CENTERS    ,CA,90045-1931,Proprietary  ,0,0,0,6,46,52
03868300,WORLD MISSION UNIVERSITY                ,CA,90020-1789,Private      ,0,2,2,12,82,94
03868400,LOS ANGELES MUSIC ACADEMY               ,CA,91105-2540,Proprietary  ,3,1,4,115,101,216
03871300,FOLSOM LAKE COLLEGE                     ,CA,95630-6798,Public       ,46,148,194,2718,3880,6598
03874300,CAMBRIDGE JUNIOR COLLEGE                ,CA,95993-0000,Proprietary  ,9,45,54,174,412,586
03874400,COMMMUNITY CHRISTIAN COLLEGE            ,CA,92373-4465,Private      ,0,3,3,152,161,313
03889300,STANBRIDGE COLLEGE                      ,CA,92612-0000,Proprietary  ,14,67,81,225,833,1058
03901300,PACIFIC COAST TRADE SCHOOL              ,CA,93033-2441,Proprietary  ,12,27,39,91,265,356
03910400,NATIONAL POLYTECHNIC COLLEGE            ,CA,90040-3066,Proprietary  ,10,30,40,115,293,408
03933300,MUELLER COLLEGE OF HOLISTIC STUDIES     ,CA,92116-2630,Proprietary  ,0,14,14,53,411,464
03933301,MUELLER COLLEGE OF HOLISTIC STUDIES -   ,CA,92120-3449,Proprietary  ,0,0,0,3,35,38
03935300,CALIFORNIA NURSES EDUCATIONAL INSTITUTE ,CA,92234-7248,Proprietary  ,0,10,10,73,201,274
03962300,AMERICAN INSTITUTE OF MASSAGE THERAPY   ,CA,92705-5463,Proprietary  ,2,5,7,47,94,141
03964400,INTERNATIONAL SCHOOL OF BEAUTY          ,CA,92260-2740,Proprietary  ,16,48,64,146,345,491
03969600,AMERICAN AUTO INSTITUTE                 ,CA,90703-2637,Proprietary  ,104,306,410,429,893,1322
03971300,AMERICAN CAREER COLLEGE                 ,CA,91764-4906,Proprietary  ,58,143,201,1115,2238,3353
03973300,EX'PRESSION COLLEGE FOR DIGTAL ARTS     ,CA,94608-1021,Proprietary  ,14,12,26,821,784,1605
03974500,CALIFORNIA CAREER COLLEGE               ,CA,91303-2006,Proprietary  ,5,10,15,72,212,284
03980300,CALIFORNIA STATE UNIVERSITY CHANNEL ISLA,CA,93012-8599,Public       ,16,16,32,4667,2273,6940
03995300,UNIVERSITY OF EAST-WEST MEDICINE        ,CA,94087-6106,Proprietary  ,0,10,10,10,81,91
03999300,BEAUMONT ADULT SCHOOL                   ,CA,92223-1927,Public       ,0,1,1,43,199,242
04001300,PALACE BEAUTY COLLEGE                   ,CA,90006-4233,Proprietary  ,6,25,31,68,184,252
04001400,MOJAVE BARBER COLLEGE                   ,CA,92395-3201,Proprietary  ,3,9,12,35,128,163
04003300,CSI CAREER COLLEGE                      ,CA,95687-3100,Proprietary  ,7,41,48,188,642,830
04004300,THUY PRINCESS BEAUTY COLLEGE            ,CA,91766-0000,Proprietary  ,2,12,14,28,128,156
04005300,INTERAMERICAN COLLEGE                   ,CA,91950-4437,Proprietary  ,0,28,28,29,386,415
04014400,PALLADIUM TECHNICAL ACADEMY             ,CA,91731-2429,Proprietary  ,2,17,19,39,108,147
04023400,PROTEUS                                 ,CA,93291-3014,Private      ,1,2,3,24,43,67
04037300,LOS ANGELES FILM SCHOOL (THE)           ,CA,90028-7300,Proprietary  ,68,62,130,1608,1842,3450
04049300,MAXINE WATERS EMPLOYMENT PREPARATION CEN,CA,90059-1023,Public       ,1,9,10,40,151,191
04056300,CAREER COLLEGE OF CALIFORNIA            ,CA,92705-5805,Proprietary  ,8,26,34,75,278,353
04057300,TECHSKILLS OF CALIFORNIA                ,CA,95815-4025,Proprietary  ,1,73,74,115,845,960
04076400,GNOMON SCHOOL OF VISUAL EFFECTS         ,CA,90038-2616,Proprietary  ,1,5,6,86,251,337
04092300,COASTLINE BEAUTY COLLEGE                ,CA,92708-3847,Proprietary  ,0,26,26,29,269,298
04092400,MAKE-UP DESIGNORY                       ,CA,91502-1322,Proprietary  ,5,15,20,369,410,779
04100400,TAFT UNIVERSITY SYSTEM (THE)            ,CA,92704-6954,Proprietary  ,0,23,23,2,498,500
04109300,ACADEMY OF BARBERING ARTS (THE)         ,CA,91324-3406,Proprietary  ,10,29,39,124,262,386
04111300,WEST HILLS COLLEGE LEMOORE              ,CA,93245-9248,Public       ,11,64,75,1633,2771,4404
04114500,VALLEY COLLEGE OF MEDICAL CAREERS       ,CA,91304-2354,Proprietary  ,6,8,14,89,290,379
04115300,COACHELLA VALLEY BEAUTY COLLEGE         ,CA,92253-2051,Proprietary  ,3,8,11,50,109,159
04115600,MAYFIELD COLLEGE                        ,CA,92234-7014,Proprietary  ,18,61,79,141,534,675
04116000,VIDEO SYMPHONY ENTERTRAINING            ,CA,91502-3253,Proprietary  ,4,17,21,94,422,516
04118800,NEW YORK FILM ACADEMY                   ,CA,91608-1002,Proprietary  ,1,15,16,181,315,496
04119200,CAREER COLLEGE CONSULTANTS              ,CA,90041-2088,Proprietary  ,4,28,32,50,185,235
04126400,CHAMPION INSTITUTE OF COSMETOLOGY       ,CA,92264-7458,Proprietary  ,2,5,7,36,81,117
04126500,COAST CAREER INSTITUTE                  ,CA,90015-3040,Proprietary  ,33,166,199,245,952,1197
04127100,"UNIVERSITY OF CALIFORNIA, MERCED        ",CA,95343-5001,Public       ,36,9,45,10207,1470,11677
04127800,HEALTHY HAIR ACADEMY                    ,CA,90303-3137,Proprietary  ,1,10,11,49,171,220
04127900,TUI UNIVERSITY                          ,CA,90630-5023,Proprietary  ,4,211,215,42,2887,2929
04129700,INTERNATIONAL POLYTECHNIC INSTITUTE     ,CA,92231-1737,Private      ,0,1,1,30,108,138
04132300,INSTITUTE OF MEDICAL EDUCATION          ,CA,95113-2207,Proprietary  ,7,53,60,209,1032,1241
04132400,ACADEMY OF ESTHETICS AND COSMETOLOGY    ,CA,91342-3373,Proprietary  ,6,8,14,74,116,190
04132700,INFOTECH CAREER COLLEGE                 ,CA,90706-5579,Proprietary  ,20,56,76,117,440,557
04133000,BIOHEALTH COLLEGE                       ,CA,95134-2033,Proprietary  ,2,42,44,67,327,394
04134500,CAREER COLLEGE OF SAN DIEGO             ,CA,92102-3348,Proprietary  ,2,29,31,167,495,662
04134700,INTERNATL PROFESSIONAL SCHL OF BODYWORK ,CA,92123-1520,Proprietary  ,0,2,2,35,265,300
04137200,BORNER'S BARBER COLLEGE                 ,CA,90047-3856,Proprietary  ,1,1,2,34,62,96
04138700,CAO INSTITUTE OF AESTHETICS (THE)       ,CA,91801-3903,Proprietary  ,9,14,23,80,135,215
04140500,HORIZON COLLEGE SAN DIEGO               ,CA,92131-9906,Private      ,0,5,5,30,95,125
04140600,MODERN INSTITUTE OF TECHNOLOGY          ,CA,93036-1387,Proprietary  ,1,3,4,11,54,65
04141300,SAN FRANCISCO INSTITUTE OF ESTHETICS    ,CA,94103-4083,Proprietary  ,3,2,5,160,265,425
04141400,LAURUS COLLEGE                          ,CA,93401-5405,Proprietary  ,10,39,49,101,474,575
04141700,HEALING HANDS SCHOOL OF HOLISTIC HEALTH ,CA,92025-1722,Proprietary  ,1,4,5,24,164,188
04142500,TOURO COLLEGE LOS ANGELES               ,CA,90046-4506,Private      ,0,5,5,29,27,56
04142600,TOURO UNIVERSITY                        ,CA,94592-1118,Private      ,0,19,19,14,1727,1741
04143800,WOODLAND COMMUNITY COLLEGE              ,CA,95776-5156,Public       ,10,34,44,298,626,924
04144200,CAREER DEVELOPMENT INSTITUTE            ,CA,90035-4364,Proprietary  ,0,1,1,34,99,133
04145000,SAN DIEGO CULINARY INSTITUTE            ,CA,91941-6435,Proprietary  ,2,17,19,205,373,578
04145600,INTERNATIONAL COLLEGE OF COSMETOLOGY    ,CA,94601-3525,Proprietary  ,3,27,30,15,101,116
04146000,NATIONAL CAREER COLLEGE                 ,CA,91605-1400,Proprietary  ,0,4,4,27,58,85
04148200,BEYOND 21ST CENTURY BEAUTY ACADEMY      ,CA,90670-6316,Proprietary  ,1,11,12,24,49,73
04148900,N CALIF INSTITUTE OF COSMETOLOGY        ,CA,94577-2820,Proprietary  ,2,9,11,7,67,74
04149700,HOMESTEAD SCHOOLS                       ,CA,90505-5945,Private      ,7,13,20,78,230,308
04150000,CENTRAL NURSING COLLEGE                 ,CA,90010-2444,Proprietary  ,3,16,19,192,334,526
04150100,GOLDEN STATE COLLEGE OF COURT REPORTING ,CA,94568-2948,Proprietary  ,1,3,4,9,45,54
04150300,RWM FIBER OPTICS                        ,CA,90746-1051,Proprietary  ,0,15,15,8,74,82
04150500,"PREFERRED COLLEGE OF NURSING, LOS ANGELE",CA,90010-2202,Proprietary  ,2,21,23,51,186,237
04152800,CALIFORNIA ACADEMY (THE) - A PAUL MITCHE,CA,95825-2276,Proprietary  ,4,28,32,309,508,817
04153900,PROVIDENCE CHRISTIAN COLLEGE            ,CA,91104-2635,Private      ,0,0,0,49,19,68
04154300,AMERICANA COLLEGE                       ,CA,90029-3765,Proprietary  ,0,4,4,8,29,37
04154400,FRANKLIN CAREER COLLEGE                 ,CA,91761-1522,Proprietary  ,5,44,49,61,222,283
04155500,"ACADEMY FOR JEWISH RELIGION, CALIFORNIA ",CA,90024-3234,Private      ,0,0,0,19,84,103
04156100,DIOR SCHOOL OF COSMETOLOGY              ,CA,95355-9695,Proprietary  ,14,22,36,30,73,103
04158200,PAUL MITCHELL THE SCHOOL SHERMAN OAKS   ,CA,91403-5882,Proprietary  ,7,15,22,221,268,489
04158700,HOLLYWOOD BEAUTY COLLEGE                ,CA,95210-3514,Proprietary  ,6,28,34,126,341,467
04159600,GALAXY MEDICAL COLLEGE                  ,CA,91606-1593,Proprietary  ,6,1,7,6,1,7
04159700,AMERICAN MEDICAL SCIENCES CENTER        ,CA,91204-5108,Proprietary  ,5,4,9,33,73,106
04160100,TRINITY VOCATIONAL CENTER               ,CA,90248-4334,Proprietary  ,2,1,3,38,136,174
04160400,ANGELES COLLEGE OF NURSING              ,CA,90010-2100,Proprietary  ,4,17,21,194,355,549
04161700,SHASTA SCHOOL OF COSMETOLOGY            ,CA,96003-0000,Proprietary  ,5,9,14,50,121,171
04161800,BRANDMAN UNIVERSITY                     ,CA,92618-3801,Private      ,12,367,379,87,1913,2000
04162800,S.I.C.E PAUL MITCHELL PARTNER SCHOOL    ,CA,95350-1440,Proprietary  ,31,24,55,131,156,287
04163400,COSMO BEAUTY ACADEMY                    ,CA,95605-1904,Proprietary  ,1,8,9,49,171,220
04163900,L.A. BARBER COLLEGE                     ,CA,90013-1121,Proprietary  ,5,11,16,38,90,128
04164400,ANGELES INSTITUTE                       ,CA,90712-2903,Proprietary  ,0,3,3,52,134,186
04165900,PAUL MITCHELL THE SCHOOL FRESNO         ,CA,93710-7617,Proprietary  ,8,5,13,95,91,186
04167000,ESTHETIQUES COSMETOLOGY INSTITUTE       ,CA,92591-4663,Proprietary  ,4,13,17,186,227,413
04169200,TRAMY BEAUTY SCHOOL                     ,CA,92115-6347,Proprietary  ,5,59,64,19,169,188
04169700,UNITEK COLLEGE                          ,CA,94538-3185,Proprietary  ,19,51,70,169,705,874
04169800,GURNICK ACADEMY OF MEDICAL ARTS         ,CA,94403-1849,Proprietary  ,1,9,10,118,703,821
04172000,SOUTHERN CALIFORNIA UNIVERSITY SOMA     ,CA,90017-2211,Proprietary  ,1,10,11,17,51,68
04173400,SANTA ANA BEAUTY ACADEMY                ,CA,92705-7820,Proprietary  ,0,1,1,5,20,25
04173500,MORENO VALLEY COLLEGE                   ,CA,92551-2204,Public       ,10,18,28,10,18,28
04175200,PAUL MITCHELL THE SCHOOL EAST BAY       ,CA,94523-5515,Proprietary  ,15,17,32,111,136,247
04175400,ELITE COSMETOLOGY SCHOOL                ,CA,92284-2860,Proprietary  ,3,4,7,10,48,58
04176100,NORCO COLLEGE                           ,CA,92860-2600,Public       ,11,12,23,11,12,23
04176200,TWIN RIVERS ADULT SCHOOL                ,CA,95660-5523,Public       ,4,102,106,8,165,173
04176300,BERGIN UNIVERSITY OF CANINE STUDIES     ,CA,95407-6834,Private      ,0,3,3,3,16,19
04177200,REAL BARBERS COLLEGE (THE)              ,CA,92805-2533,Proprietary  ,5,10,15,18,29,47
04178900,HANDS-ON MEDICAL MASSAGE SCHOOL         ,CA,92373-6271,Proprietary  ,2,1,3,5,12,17
04180000,CINTA AVEDA INSTITUTE                   ,CA,94108-3204,Proprietary  ,5,15,20,52,126,178
04181200,IPPT CAREER SCHOOL                      ,CA,91601-2028,Proprietary  ,4,53,57,5,59,64
04185200,SALINAS BEAUTY COLLEGE                  ,CA,93901-2405,Proprietary  ,6,9,15,7,15,22
04185700,ACADEMY FOR SALON PROFESSIONALS (THE)   ,CA,95050-4057,Proprietary  ,8,24,32,8,24,32
04189800,ACADEMY FOR SALON PROFESSIONALS         ,CA,91304-2305,Proprietary  ,6,6,12,6,8,14
00184600,BRIAR CLIFF UNIVERSITY                  ,IA,51104-2100,Private      ,2,6,8,1222,519,1741
00184700,BUENA VISTA UNIVERSITY                  ,IA,50588-9987,Private      ,5,72,77,1842,2120,3962
00184800,SOUTHEASTERN COMMUNITY COLLEGE          ,IA,52655-0000,Public       ,28,101,129,1318,2608,3926
00185000,CENTRAL COLLEGE                         ,IA,50219-1999,Private      ,1,0,1,2486,148,2634
00185200,CLARKE UNIVERSITY                       ,IA,52001-3198,Private      ,1,10,11,1027,591,1618
00185400,COE COLLEGE                             ,IA,52402-5092,Private      ,1,4,5,2025,248,2273
00185500,DES MOINES UNIV-OSTEOPATHIC MED CTR     ,IA,50312-0000,Private      ,1,13,14,35,1850,1885
00185600,CORNELL COLLEGE                         ,IA,52314-1098,Private      ,2,2,4,2002,95,2097
00185700,SOUTHWESTERN COMMUNITY COLLEGE          ,IA,50801-1098,Public       ,11,28,39,710,921,1631
00185800,DIVINE WORD COLLEGE                     ,IA,52045-0380,Private      ,0,0,0,16,18,34
00185900,DORDT COLLEGE                           ,IA,51250-1697,Private      ,0,6,6,1496,105,1601
00186000,DRAKE UNIVERSITY                        ,IA,50311-4505,Private      ,5,22,27,4725,2548,7273
00186200,ELLSWORTH COMMUNITY COLLEGE             ,IA,50126-1199,Public       ,3,19,22,822,438,1260
00186400,IOWA LAKES COMMUNITY COLLEGE            ,IA,51334-2234,Public       ,12,70,82,1401,1698,3099
00186500,IOWA CENTRAL COMMUNITY COLLEGE          ,IA,50501-0000,Public       ,16,128,144,2701,3355,6056
00186600,GRACELAND UNIVERSITY                    ,IA,50140-1699,Private      ,3,53,56,1074,1490,2564
00186700,GRAND VIEW UNIVERSITY                   ,IA,50316-1599,Private      ,2,23,25,1818,1442,3260
00186800,GRINNELL COLLEGE                        ,IA,50112-1690,Private      ,0,0,0,2283,59,2342
00186900,IOWA STATE UNIV SCIENCE & TECHNOLOG     ,IA,50011-2028,Public       ,84,88,172,21949,6201,28150
00187100,IOWA WESLEYAN COLLEGE                   ,IA,52641-1398,Private      ,3,10,13,767,463,1230
00187300,LORAS COLLEGE                           ,IA,52004-0178,Private      ,0,1,1,2259,194,2453
00187400,LUTHER COLLEGE                          ,IA,52101-1045,Private      ,0,0,0,3336,90,3426
00187500,MARSHALLTOWN COMMUNITY COLLEGE          ,IA,50158-4760,Public       ,22,45,67,749,1225,1974
00187700,NORTH IOWA AREA COMMUNITY COLLEGE       ,IA,50401-7299,Public       ,24,44,68,1591,1618,3209
00187900,MORNINGSIDE COLLEGE                     ,IA,51106-1751,Private      ,1,50,51,1739,677,2416
00188000,MOUNT MERCY UNIVERSITY                  ,IA,52402-4797,Private      ,0,25,25,1004,1020,2024
00188100,ASHFORD UNIVERSITY                      ,IA,52732-3910,Proprietary  ,326,9921,10247,4124,122639,126763
00188300,NORTHWESTERN COLLEGE                    ,IA,51041-1996,Private      ,0,2,2,1589,120,1709
00188700,SIMPSON COLLEGE                         ,IA,50125-1297,Private      ,4,13,17,2178,653,2831
00188900,ST AMBROSE UNIVERSITY                   ,IA,52803-2898,Private      ,5,23,28,2885,1440,4325
00189000,UNIVERSITY OF NORTHERN IOWA             ,IA,50614-0002,Public       ,19,72,91,10853,3365,14218
00189100,UNIVERSITY OF DUBUQUE                   ,IA,52001-5099,Private      ,4,8,12,1891,752,2643
00189200,UNIVERSITY OF IOWA                      ,IA,52242-1316,Public       ,31,115,146,19557,10700,30257
00189300,UPPER IOWA UNIVERSITY                   ,IA,52142-9206,Private      ,13,220,233,1495,5802,7297
00189500,WALDORF COLLEGE                         ,IA,50436-1700,Proprietary  ,3,16,19,807,233,1040
00189600,WARTBURG COLLEGE                        ,IA,50677-2200,Private      ,1,1,2,2491,100,2591
00189700,WARTBURG THEOLOGICAL SEMINARY           ,IA,52004-5004,Private      ,0,0,0,8,131,139
00190000,WILLIAM PENN UNIVERSITY                 ,IA,52577-1799,Private      ,5,44,49,1219,1434,2653
00396300,AIB COLLEGE OF BUSINESS                 ,IA,50321-1799,Private      ,1,14,15,621,820,1441
00407500,ESTRN IOWA COMMUNITY COLLEGE DIST       ,IA,52801-1221,Public       ,6,13,19,118,327,445
00407501,CLINTON COMMUNITY COLLEGE               ,IA,52732-0000,Public       ,8,42,50,485,1060,1545
00407502,MUSCATINE COMMUNITY COLLEGE             ,IA,52761-0000,Public       ,8,27,35,559,837,1396
00407503,SCOTT COMMUNITY COLLEGE                 ,IA,52722-0000,Public       ,29,137,166,1606,3925,5531
00407600,KIRKWOOD COMMUNITY COLLEGE              ,IA,52406-2068,Public       ,72,407,479,8227,10720,18947
00423300,MERCY/ST. LUKE'S SCH RAD TECH           ,IA,52402-0000,Private      ,0,0,0,19,38,57
00458600,KAPLAN UNIVERSITY                       ,IA,52807-2095,Proprietary  ,317,4459,4776,6592,120620,127212
00458604,KAPLAN UNIVERSITY - CEDAR RAPIDS        ,IA,52404-2998,Proprietary  ,8,75,83,233,2234,2467
00458605,KAPLAN UNIVERSITY - DES MOINES          ,IA,50323-5702,Proprietary  ,8,86,94,357,2694,3051
00458606,KAPLAN UNIVERSITY - MASON CITY          ,IA,50401-4665,Proprietary  ,5,44,49,109,1104,1213
00458607,KAPLAN UNIVERSITY - CEDAR FALLS         ,IA,50613-6309,Proprietary  ,10,46,56,243,1908,2151
00458610,KAPLAN UNIVERSITY - COUNCIL BLUFFS      ,IA,51503-5289,Proprietary  ,3,34,37,97,1049,1146
00458700,NORTHEAST IOWA COMMUNITY COLLEGE        ,IA,52132-0400,Public       ,18,30,48,748,1011,1759
00458701,NORTHEAST IOWA COMMUNITY COLLEGE        ,IA,52068-0000,Public       ,17,53,70,1238,1785,3023
00459500,HAWKEYE COMMUNITY COLLEGE               ,IA,50701-0000,Public       ,22,108,130,3555,3646,7201
00459800,IOWA WESTERN CMTY CLG-COUNCIL BLUFF     ,IA,51502-0000,Public       ,50,121,171,3388,3612,7000
00460000,NORTHWEST IOWA COMMUNITY COLLEGE        ,IA,51201-1046,Public       ,3,12,15,575,569,1144
00626700,IOWA METHODIST MEDICAL CENTER SCHOOLS   ,IA,50309-1499,Private      ,0,3,3,29,100,129
00627300,MERCY COLLEGE OF HEALTH SCIENCES        ,IA,50309-1239,Private      ,11,34,45,505,1100,1605
00712000,DES MOINES AREA CMTY COLLEGE            ,IA,50021-0000,Public       ,125,672,797,7390,13495,20885
00712100,FAITH BAPTIST BIBLE CLG & THEOL SEM     ,IA,50021-0000,Private      ,1,0,1,331,76,407
00729100,ST LUKE'S COLLEGE                       ,IA,51104-0263,Private      ,0,2,2,99,166,265
00731600,WESTERN IOWA TECH COMMUNITY COLLEGE     ,IA,51106-0000,Public       ,49,166,215,2038,3996,6034
00758800,CAPRI COLLEGE                           ,IA,52004-0873,Proprietary  ,6,6,12,115,176,291
00761100,EQ SCHOOL OF HAIR DESIGN                ,IA,51503-0813,Proprietary  ,2,0,2,46,55,101
00765600,AMERICAN COLLEGE OF HARISTYLING -CR     ,IA,52402-0000,Proprietary  ,1,3,4,8,45,53
00765800,AMER COLL OF HAIRSTYLING-DES MOINES     ,IA,50309-5446,Proprietary  ,0,6,6,11,90,101
00765900,LA JAMES COLLEGE OF HAIRSTYLING         ,IA,50401-3308,Proprietary  ,6,8,14,95,127,222
00771700,CAPRI COLLEGE                           ,IA,52807-2622,Proprietary  ,1,8,9,123,220,343
00794100,COLLEGE OF HAIR DESIGN                  ,IA,50703-1834,Proprietary  ,2,5,7,39,70,109
00826000,IOWA SCHOOL OF BEAUTY INC               ,IA,50322-0000,Proprietary  ,8,32,40,103,297,400
00840300,INDIAN HILLS COMMUNITY COLLEGE          ,IA,52501-1398,Public       ,51,127,178,2052,3416,5468
00840301,INDIAN HILLS COMMUNITY COLLEGE          ,IA,52544-0000,Public       ,9,22,31,295,456,751
00842400,LA JAMES INTERNATIONAL COLLEGE          ,IA,50501-5577,Proprietary  ,3,7,10,105,137,242
00959300,LA'JAMES COLLEGE OF HAIRSTYLING         ,IA,52240-0000,Proprietary  ,3,6,9,106,109,215
01111300,MAHARISHI UNIV OF MANAGEMENT            ,IA,52557-0001,Private      ,0,10,10,237,409,646
01206400,HAMILTON TECHNICAL COLLEGE              ,IA,52807-2653,Proprietary  ,9,28,37,154,444,598
01230000,PALMER COLLEGE OF CHIROPRACTIC          ,IA,52803-5287,Private      ,0,4,4,77,2351,2428
01300600,LA' JAMES INTERNATIONAL COLLEGE-CF      ,IA,50613-5242,Proprietary  ,2,6,8,88,118,206
02090300,CAPRI COLLEGE                           ,IA,52404-0000,Proprietary  ,5,16,21,140,224,364
02134500,LA JAMES INTERNATIONAL COLLEGE - DAV    ,IA,52806-3952,Proprietary  ,0,4,4,48,153,201
02160900,"SALON PROFESSIONAL ACADEMY, THE         ",IA,50010-0000,Proprietary  ,0,4,4,110,101,211
02262500,FAUST INSTITUTE OF COSMETOLOGY          ,IA,50588-0000,Proprietary  ,6,3,9,43,55,98
02274100,LA' JAMES INTERNATIONAL COLLEGE - DM    ,IA,50131-0000,Proprietary  ,7,13,20,143,250,393
02289000,AMERICAN HAIR ACADEMY                   ,IA,52627-4530,Proprietary  ,0,5,5,22,59,81
02306900,IOWA SCHOOL OF BEAUTY                   ,IA,52501-0000,Proprietary  ,4,5,9,44,80,124
02328900,EMMAUS BIBLE COLLEGE                    ,IA,52001-0000,Private      ,1,0,1,233,44,277
02330900,IOWA SCHOOL OF BEAUTY                   ,IA,50158-0000,Proprietary  ,2,4,6,14,49,63
02609200,VATTEROTT COLLEGE                       ,IA,50321-4704,Proprietary  ,2,30,32,159,1067,1226
03069100,ALLEN COLLEGE                           ,IA,50703-1916,Private      ,2,2,4,323,423,746
03441300,IOWA SCHOOL OF BEAUTY                   ,IA,51106-5111,Proprietary  ,3,9,12,45,101,146
03607400,TOTAL LOOK SCHOOL OF COSMETOLOGY AND MAS,IA,52136-1053,Proprietary  ,0,1,1,5,17,22
03720300,CARLSON COLLEGE OF MASSAGE THERAPY      ,IA,52205-7519,Proprietary  ,0,1,1,13,47,60
04051313,ART INSTITUTE OF PHOENIX (THE) - BROWN M,IA,52722-3628,Proprietary  ,9,43,52,163,692,855
04089300,BIO-CHI INSTITUTE OF MASSAGE THERAPY    ,IA,51103-2138,Proprietary  ,0,7,7,8,56,64
04177800,SALON PROFESSIONAL ACADEMY (THE)        ,IA,52240-6083,Proprietary  ,3,10,13,3,10,13
00259600,ATLANTIC COMMUNITY COLLEGE              ,NJ,08330-2699,Public       ,59,146,205,4279,5281,9560
00259700,BLOOMFIELD COLLEGE                      ,NJ,07003-3425,Private      ,10,21,31,2945,1680,4625
00259800,CALDWELL COLLEGE                        ,NJ,07006-6195,Private      ,6,35,41,1590,1290,2880
00259900,CENTENARY COLLEGE                       ,NJ,07840-2184,Private      ,5,33,38,1613,1042,2655
00260000,COLLEGE OF SAINT ELIZABETH              ,NJ,07960-6989,Private      ,1,10,11,725,814,1539
00260100,CUMBERLAND COUNTY COLLEGE               ,NJ,08362-0517,Public       ,10,37,47,2391,3448,5839
00260300,DREW UNIVERSITY                         ,NJ,07940-4063,Private      ,3,9,12,4249,802,5051
00260700,FAIRLEIGH DICKINSON UNIV-TEANECK        ,NJ,07666-1996,Private      ,17,59,76,4145,2718,6863
00260701,FAIRLEIGH DICKINSON UNIV-FLORHAM        ,NJ,07940-0000,Private      ,3,8,11,2806,692,3498
00260702,FAIRLEIGH DICKINSON UNIV-ED WMS CLG     ,NJ,07601-0000,Private      ,2,5,7,276,258,534
00260703,FAIRLEIGH DICKINSON UNIVERSITY          ,NJ,07940-0000,Private      ,9,23,32,2218,1152,3370
00260800,GEORGIAN COURT UNIVERSITY               ,NJ,08701-2697,Private      ,9,24,33,1557,1720,3277
00260900,ROWAN UNIVERSITY                        ,NJ,08028-1702,Public       ,21,70,91,13358,4620,17978
00261000,FELICIAN COLLEGE                        ,NJ,07644-2198,Private      ,4,37,41,1855,1587,3442
00261300,NEW JERSEY CITY UNIVERSITY              ,NJ,07305-1597,Public       ,22,56,78,4951,6207,11158
00261500,MIDDLESEX COUNTY COLLEGE                ,NJ,08818-3050,Public       ,66,95,161,6695,5429,12124
00261600,MONMOUTH UNIVERSITY                     ,NJ,07764-1898,Private      ,5,41,46,7458,2580,10038
00261700,MONTCLAIR STATE UNIVERSITY              ,NJ,07043-9987,Public       ,31,113,144,16877,7854,24731
00261900,NEW BRUNSWICK THEOLOGICAL SEMINARY      ,NJ,08901-0000,Private      ,1,1,2,30,167,197
00262100,NEW JERSEY INST OF TECHNOLOGY           ,NJ,07102-1982,Public       ,10,30,40,5894,3045,8939
00262200,KEAN UNIVERSITY                         ,NJ,07083-7131,Public       ,34,100,134,12408,9091,21499
00262400,OCEAN COUNTY COLLEGE                    ,NJ,08754-2001,Public       ,40,80,120,5620,4430,10050
00262500,WILLIAM PATERSON UNIVERSITY             ,NJ,07470-2152,Public       ,25,45,70,11442,5044,16486
00262600,PRINCETON THEOLOGICAL SEMINARY          ,NJ,08542-0000,Private      ,0,2,2,17,678,695
00262700,PRINCETON UNIVERSITY                    ,NJ,08544-0001,Private      ,11,13,24,16790,1758,18548
00262800,RIDER UNIVERSITY                        ,NJ,08648-3099,Private      ,9,17,26,7674,1850,9524
00262900,"RUTGERS, THE STATE UNIVERSITY OF NJ     ",NJ,08901-1281,Public       ,75,219,294,45651,23866,69517
00263200,SETON HALL UNIVERSITY                   ,NJ,07079-2697,Private      ,11,39,50,10801,4320,15121
00263201,SETON HALL UNIVERSITY - SCHOOL OF LAW   ,NJ,07079-5210,Private      ,1,16,17,333,2521,2854
00263800,ST PETER'S COLLEGE                      ,NJ,07306-5997,Private      ,4,35,39,3960,1407,5367
00263900,STEVENS INSTITUTE OF TECHNOLOGY         ,NJ,07030-5370,Private      ,3,4,7,3664,778,4442
00264200,COLLEGE OF NEW JERSEY (THE)             ,NJ,08628-0718,Public       ,11,36,47,11132,1366,12498
00264300,UNION COUNTY COLLEGE                    ,NJ,07016-1598,Public       ,61,262,323,5439,8643,14082
00473600,BERGEN COMMUNITY COLLEGE                ,NJ,07652-1595,Public       ,47,96,143,8357,6183,14540
00474000,MERCER COUNTY COMMUNITY COLLEGE         ,NJ,08690-0000,Public       ,42,136,178,3553,5113,8666
00539900,MONMOUTH COUNTY VOCATIONAL SCH DIST     ,NJ,07728-5033,Public       ,1,3,4,61,134,195
00545200,TETERBORO SCH OF AERONAUTICS            ,NJ,07608-1083,Proprietary  ,4,3,7,113,118,231
00546000,SOMERSET COUNTY TECHNICAL INSTITUTE     ,NJ,08807-0350,Public       ,0,0,0,14,63,77
00546100,SALEM COMMUNITY COLLEGE                 ,NJ,08069-2799,Public       ,11,26,37,721,914,1635
00641700,HOLY NAME HOSPITAL SCH OF NURSING       ,NJ,07666-4254,Private      ,1,2,3,80,197,277
00642000,MOUNTAINSIDE HOSP SCH NRSG              ,NJ,07042-4898,Proprietary  ,0,4,4,18,93,111
00642100,MUHLENBERG SNYDER SCHOOLS               ,NJ,07061-3399,Private      ,1,4,5,146,602,748
00642900,ST FRANCIS MEDICAL CTR SCH NURSING      ,NJ,08629-1986,Private      ,0,1,1,24,102,126
00642902,ST FRANCIS MED CTR RAD TECH             ,NJ,08629-0000,Private      ,0,0,0,10,37,47
00686500,CAMDEN COUNTY COLLEGE                   ,NJ,08012-3240,Public       ,81,244,325,6982,9717,16699
00690100,GLOUCESTER COUNTY COLLEGE               ,NJ,08080-4249,Public       ,33,83,116,3304,3253,6557
00710700,ESSEX COUNTY COLLEGE                    ,NJ,07102-1798,Public       ,44,151,195,6072,9998,16070
00750200,BERKELEY COLLEGE                        ,NJ,07424-3367,Proprietary  ,6,9,15,1805,1962,3767
00750201,BERKELEY COLLEGE                        ,NJ,07095-0000,Proprietary  ,8,8,16,883,982,1865
00750202,BERKELEY COLLEGE - PARAMUS              ,NJ,07652-2931,Proprietary  ,1,6,7,611,716,1327
00750600,LINCOLN TECHNICAL INSTITUTE             ,NJ,07083-5032,Proprietary  ,49,76,125,1046,1432,2478
00750601,LINCOLN TECHNICAL INSTITUTE             ,NJ,07430-0000,Proprietary  ,29,37,66,635,623,1258
00750700,GIBBS COLLEGE                           ,NJ,07039-1611,Proprietary  ,0,0,0,1,4,5
00759300,PARISIAN BEAUTY ACADEMY                 ,NJ,07601-5509,Proprietary  ,14,16,30,161,192,353
00772900,COUNTY COLLEGE OF MORRIS                ,NJ,07869-0000,Public       ,25,46,71,3749,2136,5885
00773000,BURLINGTON COUNTY COLLEGE               ,NJ,08068-1599,Public       ,33,175,208,4395,5093,9488
00773100,RARITAN VALLEY COMMUNITY COLLEGE        ,NJ,08876-1265,Public       ,30,61,91,2734,2362,5096
00780401,STAR CAREER ACADEMY - STAR LAKEWOOD     ,NJ,08701-5900,Proprietary  ,14,53,67,166,624,790
00780402,STAR CAREER ACADEMY - STAR EGG HARBOR   ,NJ,08234-4863,Proprietary  ,4,45,49,93,600,693
00794700,BETH MEDRASH GOVOHA OF AMERICA          ,NJ,08701-0000,Private      ,124,221,345,457,2212,2669
00840400,BROOKDALE COMMUNITY COLLEGE             ,NJ,07738-1597,Public       ,73,109,182,6680,5124,11804
00844101,ANTHEM INSTITUTE                        ,NJ,08002-0000,Proprietary  ,1,4,5,47,170,217
00849400,HO HO KUS SCHL OF TRADE & TECH SCIENCES ,NJ,07513-1402,Proprietary  ,5,19,24,121,273,394
00860900,RABBINICAL COLLEGE OF AMERICA           ,NJ,07960-3600,Private      ,8,0,8,115,6,121
00907800,CAPRI INSTITUTE OF HAIR DESIGN          ,NJ,07011-2111,Proprietary  ,11,44,55,116,264,380
00922800,DEVRY INSTITUTE                         ,NJ,08902-3362,Proprietary  ,0,0,0,126,183,309
00934400,RAMAPO COLLEGE OF NEW JERSEY            ,NJ,07430-1680,Public       ,9,12,21,6946,1227,8173
00934500,RICHARD STOCKTON COLLEGE OF NJ          ,NJ,08240-0195,Public       ,19,16,35,7987,3203,11190
00982804,EVEREST INSTITUTE - SOUTH PLAINFIELD    ,NJ,07080-1125,Proprietary  ,24,69,93,278,1002,1280
00999400,PASSAIC COUNTY COMMUNITY COLLEGE        ,NJ,07505-1179,Public       ,69,178,247,4237,6302,10539
01039400,UNIV OF MEDICINE & DENTISTRY OF NJ      ,NJ,07107-0000,Public       ,7,70,77,327,5464,5791
01062900,P B COSMETOLOGY EDUCATION CENTRE        ,NJ,08030-1750,Proprietary  ,1,5,6,104,159,263
01085100,ANTHEM INSTITUTE                        ,NJ,07054-3409,Proprietary  ,44,90,134,600,1276,1876
01085101,ANTHEM INSTITUTE                        ,NJ,07306-0000,Proprietary  ,2,13,15,61,188,249
01085102,ANTHEM INSTITUTE                        ,NJ,08902-0000,Proprietary  ,0,3,3,42,90,132
01090300,RIZZIERI INSTITUTE                      ,NJ,08043-4600,Proprietary  ,1,5,6,119,198,317
01152300,MORRIS COUNTY SCHOOL OF TECHNOLOGY      ,NJ,07834-0000,Public       ,1,1,2,63,69,132
01170800,NATURAL MOTION INST OF HAIR DESIGN      ,NJ,07306-5496,Proprietary  ,3,10,13,55,142,197
01198900,TALMUDICAL ACADEMY                      ,NJ,07710-0000,Private      ,1,1,2,57,7,64
01209000,REIGNBOW BEAUTY ACADEMY                 ,NJ,08861-4118,Proprietary  ,11,20,31,70,173,243
01234600,DOVER BUSINESS COLLEGE                  ,NJ,07011-2161,Proprietary  ,4,7,11,474,1206,1680
01234602,DOVER BUSINESS COLLEGE                  ,NJ,07801-4643,Proprietary  ,2,4,6,180,554,734
01246100,LINCOLN TECHNICAL INSTITUTE             ,NJ,08820-2896,Proprietary  ,15,66,81,494,1343,1837
01246102,LINCOLN TECHNICAL INSTITUTE             ,NJ,08057-3212,Proprietary  ,27,82,109,375,1502,1877
01246103,LINCOLN TECHNICAL INSTITUTE             ,NJ,07652-2106,Proprietary  ,18,72,90,561,1266,1827
01246200,HOHOKUS - HACKENSACK SCHOOL OF BUSINESS ,NJ,07601-7197,Proprietary  ,11,52,63,169,714,883
01295400,HUDSON COUNTY COMMUNITY COLLEGE         ,NJ,07306-4012,Public       ,44,138,182,4924,7481,12405
02053700,EASTWICK COLLEGE                        ,NJ,07446-0000,Proprietary  ,11,61,72,367,1310,1677
02061800,ROMAN ACADEMY OF BEAUTY CULTURE         ,NJ,07506-0000,Proprietary  ,6,5,11,53,57,110
02092300,HOHOKUS SCHOOL - RETS/NUTLEY            ,NJ,07110-0000,Proprietary  ,17,72,89,268,741,1009
02103700,CAPRI INSTITUTE OF HAIR DESIGN          ,NJ,07652-0000,Proprietary  ,3,11,14,80,135,215
02104000,HARRIS SCHOOL OF BUSINESS               ,NJ,08002-2983,Proprietary  ,22,116,138,336,1494,1830
02106601,AMERICAN INSTITUTE - CLIFTON            ,NJ,07011-2345,Proprietary  ,27,91,118,191,768,959
02131100,DU CRET SCHOOL OF THE ARTS              ,NJ,07060-0000,Private      ,0,0,0,41,32,73
02131600,PENNCO TECH                             ,NJ,08012-0000,Proprietary  ,32,65,97,524,1063,1587
02132300,BERDAN INSTITUTE                        ,NJ,07512-0000,Proprietary  ,30,95,125,320,683,1003
02146800,JOE KUBERT SCH OF CARTOON & GRAPHIC     ,NJ,07801-0000,Proprietary  ,1,2,3,62,67,129
02149800,EMPIRE BEAUTY SCHOOL                    ,NJ,08021-0000,Proprietary  ,3,17,20,115,364,479
02149801,EMPIRE BEAUTY SCHOOL - BORDENTOWN       ,NJ,08505-1513,Proprietary  ,1,4,5,29,68,97
02154000,DIVERS ACAD OF EASTERN SEABOARD         ,NJ,08081-1139,Proprietary  ,1,11,12,115,235,350
02183600,CAPRI INSTITUTE OF HAIR DESIGN          ,NJ,07033-0000,Proprietary  ,3,14,17,95,175,270
02192200,THOMAS EDISON STATE COLLEGE             ,NJ,08608-0000,Public       ,4,153,157,400,6368,6768
02219600,OMEGA INSTITUTE                         ,NJ,08109-0000,Proprietary  ,6,16,22,59,261,320
02223700,NEW HORIZON INST OF COSMETOLOGY         ,NJ,07093-0000,Proprietary  ,2,17,19,31,248,279
02223900,DRAKE COLLEGE OF BUSINESS               ,NJ,07201-0000,Proprietary  ,32,234,266,252,1748,2000
02223902,DRAKE COLLEGE OF BUSINESS - NEWARK CAMPU,NJ,07112-2760,Proprietary  ,45,242,287,401,1939,2340
02232500,UNION COUNTY VOCATIONAL TECH INST       ,NJ,07076-0000,Public       ,1,7,8,85,119,204
02234600,SHORE BEAUTY SCHOOL                     ,NJ,08232-0000,Proprietary  ,4,19,23,74,178,252
02246000,ROSS UNIVERSITY - MEDICAL SCHOOL        ,NJ,08837-0000,Proprietary  ,0,54,54,31,4654,4685
02248600,COOPER HEALTH SYS-CTR ALLIED HEALTH     ,NJ,08103-0000,Private      ,0,4,4,30,212,242
02252700,CONCORDE SCHOOL OF HAIR DESIGN          ,NJ,07712-0000,Proprietary  ,6,16,22,147,361,508
02252701,CONCORDE SCHOOL OF HAIR DESIGN - BLOOMFI,NJ,07003-2517,Proprietary  ,0,1,1,28,46,74
02261800,EUROPEAN ACADEMY OF COSMETOLOGY         ,NJ,07083-0000,Proprietary  ,0,7,7,84,198,282
02265500,CAPRI INSTITUTE OF HAIR DESIGN          ,NJ,08724-0000,Proprietary  ,6,13,19,65,160,225
02277900,ROSS UNIV - SCH OF VETERINARY MED       ,NJ,08837-0000,Proprietary  ,0,14,14,9,1322,1331
02291000,LINCOLN TECHNICAL INSTITUTE             ,NJ,07080-2424,Proprietary  ,2,15,17,182,282,464
02312000,BERGEN COUNTY TECHNICAL SCHOOLS         ,NJ,07601-6110,Public       ,1,8,9,70,186,256
02344200,EMPIRE BEAUTY SCHOOL                    ,NJ,08002-0000,Proprietary  ,6,20,26,169,404,573
02503900,WARREN COUNTY COMMUNITY COLLEGE         ,NJ,07882-0000,Public       ,2,10,12,781,756,1537
02523700,OCEAN COUNTY VOCATIONAL-TECH SCHOOL     ,NJ,08753-0000,Public       ,1,3,4,191,334,525
02525900,ARTISTIC ACADEMY OF HAIR DESIGN         ,NJ,07950-1409,Proprietary  ,2,8,10,120,136,256
02528200,REIGNBOW BEAUTY ACADEMY                 ,NJ,07060-0000,Proprietary  ,4,14,18,29,149,178
02558700,PRISM CAREER INSTITUTE                  ,NJ,08037-0000,Proprietary  ,6,38,44,235,1377,1612
02568800,SUSSEX COUNTY COMMUNITY COLLEGE         ,NJ,07860-1149,Public       ,28,45,73,1757,1285,3042
02586900,HARRIS SCHOOL OF BUSINESS               ,NJ,08043-2604,Proprietary  ,22,163,185,207,1134,1341
02616402,SANFORD-BROWN INSTITUTE - ISELIN        ,NJ,08830-0000,Proprietary  ,16,56,72,561,1303,1864
03077500,RABBI JACOB JOSEPH SCHOOL               ,NJ,08817-4494,Private      ,2,0,2,22,3,25
03122600,EASTERN INTERNATIONAL COLLEGE           ,NJ,07306-3906,Proprietary  ,10,51,61,117,441,558
03187300,STENOTECH CAREER INSTITUTE              ,NJ,07004-3490,Proprietary  ,1,3,4,57,122,179
03197300,INSTITUTE FOR HEALTH EDUCATION(THE)     ,NJ,07306-2929,Proprietary  ,1,41,42,57,375,432
03324300,CENTRAL CAREER SCHOOL                   ,NJ,07080-2408,Proprietary  ,0,13,13,48,205,253
03380302,STAR CAREER ACADEMY - STAR NEWARK       ,NJ,07102-4510,Proprietary  ,14,61,75,133,790,923
03380303,STAR CAREER ACADEMY - STAR CLIFTON      ,NJ,07011-2248,Proprietary  ,6,24,30,75,466,541
03389300,ACADEMY OF MASSAGE THERAPY              ,NJ,07631-0000,Proprietary  ,0,11,11,43,201,244
03424500,NEW COMMUNITY WORKFORCE DEVELOPMENT     ,NJ,07103-2402,Private      ,3,6,9,50,531,581
03530300,"KEY SKILLS LEARNING, INC.               ",NJ,07013-1900,Proprietary  ,0,11,11,5,78,83
03536300,INSTITUTE FOR THERAPEUTIC MASSAGE       ,NJ,07420-1452,Proprietary  ,4,14,18,29,191,220
03574400,CORTIVA INSTITUTE - SOMERSET SCHOOL OF M,NJ,08854-3908,Proprietary  ,0,0,0,6,26,32
03625300,PERFORMANCE TRAINING INSTITUTE          ,NJ,08753-0000,Proprietary  ,4,125,129,61,1049,1110
03637300,METRO AUTO ELECTRONICS TRAINING INSTITUT,NJ,07033-1798,Proprietary  ,2,33,35,21,204,225
03650600,PC AGE                                  ,NJ,07306-3936,Proprietary  ,3,25,28,45,298,343
03650603,PC AGE                                  ,NJ,08817-2842,Proprietary  ,0,3,3,7,36,43
03666300,SOMERSET CHRISTIAN COLLEGE              ,NJ,08890-9035,Private      ,1,15,16,82,452,534
03769300,PC TECH LEARNING CENTER                 ,NJ,07306-9900,Proprietary  ,0,0,0,3,17,20
03803300,HEALTHCARE TRAINING INSTITUTE           ,NJ,07083-3504,Proprietary  ,3,8,11,92,375,467
03811300,EASTERN SCHOOL OF ACUPUNCTURE AND TRADIT,NJ,07042-3562,Proprietary  ,0,0,0,8,74,82
04081300,BAIS MEDRASH TORAS CHESED               ,NJ,08701-0000,Private      ,1,1,2,34,19,53
04123400,YESHIVAS BE'ER YITZCHOK                 ,NJ,07208-2380,Private      ,2,3,5,11,46,57
04125000,GENTLE HEALING SCHOOL OF MASSAGE        ,NJ,08512-3600,Proprietary  ,1,1,2,9,56,65
04131100,YESHIVA TORAS CHAIM                     ,NJ,08701-2120,Private      ,6,0,6,135,2,137
04131200,TOTAL IMAGE BEAUTY ACADEMY              ,NJ,07307-2943,Proprietary  ,4,11,15,18,76,94
04134100,CENTER FOR ALLIED HEALTH & NURSING EDUCA,NJ,07601-5801,Proprietary  ,2,75,77,128,1305,1433
04136400,AMERICAN INSTITUTE OF MEDICAL SCIENCES &,NJ,07080-1183,Proprietary  ,2,16,18,47,241,288
04154500,STARTING POINTS FOR CHILDREN            ,NJ,07306-0001,Private      ,0,32,32,3,147,150
04154900,NATIONAL CAREER INSTITUTE               ,NJ,07018-2011,Proprietary  ,9,40,49,52,313,365
04173100,LAB PAUL MITCHELL PARTNER SCHOOL (THE)  ,NJ,08628-2500,Proprietary  ,1,4,5,38,39,77
04180300,MESIVTA KESER TORAH                     ,NJ,07719-2409,Private      ,31,0,31,33,0,33
04181400,BEST CARE TRAINING INSTITUTE            ,NJ,07018-1703,Proprietary  ,1,39,40,1,39,40
00266500,VAUGHN COLLEGE OF AERONAUTICS AND TECHNO,NY,11369-9997,Private      ,5,8,13,1123,873,1996
00266600,ADELPHI UNIVERSITY                      ,NY,11530-4299,Private      ,17,31,48,8275,5124,13399
00266700,DOWLING COLLEGE                         ,NY,11769-1999,Private      ,8,25,33,2864,2326,5190
00266800,ALFRED UNIVERSITY                       ,NY,14802-1205,Private      ,4,7,11,3469,753,4222
00266900,BANK STREET COLLEGE OF EDUCATION        ,NY,10025-0000,Private      ,1,13,14,13,1020,1033
00267100,BARD COLLEGE                            ,NY,12504-5000,Private      ,1,0,1,2726,716,3442
00267400,NEW YORK THEOLOGICAL SEMINARY           ,NY,10115-0002,Private      ,0,5,5,3,225,228
00267700,BROOKLYN LAW SCHOOL                     ,NY,11201-0000,Private      ,1,44,45,79,3936,4015
00267800,BRYANT & STRATTON COLLEGE               ,NY,14203-1713,Proprietary  ,120,896,1016,3090,14199,17289
00267803,BRYANT & STRATTON COLLEGE - GREECE      ,NY,14606-4227,Proprietary  ,15,93,108,371,1501,1872
00267805,BRYANT & STRATTON COLLEGE - SYRACUSE    ,NY,13203-2502,Proprietary  ,26,164,190,795,2003,2798
00267807,BRYANT & STRATTON COLLEGE - ALBANY      ,NY,12205-5230,Proprietary  ,1,12,13,363,1100,1463
00268100,CANISIUS COLLEGE                        ,NY,14208-1098,Private      ,6,25,31,4444,2051,6495
00268300,SEMINARY OF THE IMMACULATE CONCEPT      ,NY,11743-0000,Private      ,0,0,0,2,1,3
00268500,CAZENOVIA COLLEGE                       ,NY,13035-1085,Private      ,2,1,3,1887,195,2082
00268700,CUNY-BROOKLYN COLLEGE                   ,NY,11210-2814,Public       ,38,94,132,16744,12022,28766
00268800,CITY COLLEGE-CUNY                       ,NY,10031-9198,Public       ,48,86,134,19500,10608,30108
00268900,CUNY-HUNTER COLLEGE                     ,NY,10021-0000,Public       ,65,88,153,26777,16733,43510
00269000,QUEENS COLLEGE-CUNY                     ,NY,11367-1597,Public       ,73,60,133,16696,9341,26037
00269100,CUNY- BOROUGH OF MANHATTAN CMTY CLG     ,NY,10007-1047,Public       ,98,143,241,23151,15524,38675
00269200,CUNY BRONX COMMUNITY COLLEGE            ,NY,10453-3102,Public       ,35,57,92,11166,9484,20650
00269300,CUNY-JOHN JAY CLG CRIMINAL JUSTICE      ,NY,10019-1093,Public       ,47,47,94,15640,7843,23483
00269400,KINGSBOROUGH COMMUNITY COLLEGE          ,NY,11235-2398,Public       ,76,47,123,13590,8079,21669
00269600,NY CITY COLLEGE OF TECHNOLOGY-CUNY      ,NY,11201-2983,Public       ,56,73,129,15005,8513,23518
00269700,QUEENSBOROUGH COMMUNITY COLLEGE         ,NY,11364-1497,Public       ,57,51,108,12303,5948,18251
00269800,CUNY THE COLLEGE OF STATEN ISLAND       ,NY,10314-6600,Public       ,32,30,62,10936,5057,15993
00269900,CLARKSON UNIVERSITY                     ,NY,13699-5615,Private      ,2,1,3,4621,405,5026
00270000,COLGATE ROCHESTER CROZER DIVINITY S     ,NY,14620-0000,Private      ,0,2,2,11,96,107
00270100,COLGATE UNIVERSITY                      ,NY,13346-1386,Private      ,1,0,1,4197,81,4278
00270300,COLLEGE OF MOUNT SAINT VINCENT          ,NY,10471-1093,Private      ,3,4,7,2177,522,2699
00270400,COLLEGE OF NEW ROCHELLE                 ,NY,10805-2339,Private      ,10,102,112,1203,5376,6579
00270500,COLLEGE OF SAINT ROSE                   ,NY,12203-1490,Private      ,7,22,29,4899,2446,7345
00270700,COLUMBIA UNIVERSITY                     ,NY,10027-0000,Private      ,18,125,143,7171,6993,14164
00270701,COLUMBIA UNIV ARCHITECTURE              ,NY,10027-0000,Private      ,0,0,0,70,889,959
00270702,COLUMBIA UNIV SCHOOL OF THE ARTS        ,NY,10027-0000,Private      ,0,0,0,121,1387,1508
00270703,COLUMBIA UNIV BUSINESS GRAD             ,NY,10027-0000,Private      ,0,0,0,34,1561,1595
00270704,COLUMBIA UNIV SCHOOL ENGIN-UNDERGRA     ,NY,10027-0000,Private      ,0,0,0,1888,79,1967
00270705,COLUMBIA UNIV SCHOOL GENERAL STUDIE     ,NY,10027-0000,Private      ,0,0,0,377,1280,1657
00270706,COLUMBIA UNIV GRAD SCHL ARTS & SCI      ,NY,10027-0000,Private      ,0,0,0,63,1816,1879
00270707,COLUMBIA UNIV SCH INTL PUB AFFAIRS      ,NY,10027-0000,Private      ,0,0,0,13,1357,1370
00270708,COLUMBIA UNIV JOURNALISM GRAD           ,NY,10027-0000,Private      ,0,0,0,22,590,612
00270710,COLUMBIA UNIV COLUMBIA COLLEGE          ,NY,10027-0000,Private      ,0,0,0,8623,619,9242
00270711,COLUMBIA UNIV SCHOOL OF LAW             ,NY,10027-0000,Private      ,0,0,0,54,4500,4554
00270712,COLUMBIA UNIV SOCIAL WORK               ,NY,10025-0000,Private      ,0,0,0,19,1151,1170
00270713,COLUMBIA UNIV SCHL DENT & ORAL SURG     ,NY,10032-0000,Private      ,0,0,0,5,391,396
00270714,COLUMBIA UNIV INST HUMAN NUTRITION      ,NY,10032-0000,Private      ,0,0,0,10,130,140
00270715,COLUMBIA UNIV NURSING                   ,NY,10032-0000,Private      ,0,0,0,99,804,903
00270716,COLUMBIA UNIV COLL PHYS & SURGEONS      ,NY,10032-0000,Private      ,0,0,0,49,1155,1204
00270717,COLUMBIA UNIV PHYSICAL THERAPY          ,NY,10032-0000,Private      ,0,0,0,20,150,170
00270718,COLUMBIA UNIV OCCUPATIONAL THERAPY      ,NY,10032-0000,Private      ,0,0,0,7,127,134
00270719,COLUMBIA UNIV PUBLIC HEALTH             ,NY,10032-0000,Private      ,0,0,0,17,1179,1196
00270720,COLUMBIA UNIV - ENGINEERING (GRAD)      ,NY,10027-0000,Private      ,0,0,0,96,379,475
00270721,COLUMBIA UNIV-CONT ED & SP PROGMS       ,NY,10027-0000,Private      ,0,0,0,7,421,428
00270800,BARNARD COLLEGE-COLUMBIA UNIV           ,NY,10027-6598,Private      ,3,3,6,4081,247,4328
00270900,CONCORDIA COLLEGE                       ,NY,10708-1998,Private      ,1,3,4,849,424,1273
00271000,COOPER UNION                            ,NY,10003-7120,Private      ,5,1,6,1720,279,1999
00271100,CORNELL UNIVERSITY                      ,NY,14853-2801,Private      ,22,43,65,26466,7436,33902
00271101,WEILL CORNELL MEDICAL COLLEGE AND GRADUA,NY,10021-0000,Private      ,1,2,3,48,845,893
00271200,D'YOUVILLE COLLEGE                      ,NY,14201-1084,Private      ,2,21,23,1854,2160,4014
00271300,DOMINICAN COLLEGE                       ,NY,10962-1299,Private      ,8,23,31,1738,1039,2777
00271800,ELMIRA COLLEGE                          ,NY,14901-2099,Private      ,0,5,5,2421,635,3056
00272200,FORDHAM UNIVERSITY                      ,NY,10458-5157,Private      ,24,170,194,21290,11254,32544
00272600,GENERAL THEOLOGICAL SEMINARY            ,NY,10011-0000,Private      ,0,1,1,1,117,118
00272800,HAMILTON COLLEGE                        ,NY,13323-1218,Private      ,1,0,1,2914,57,2971
00272900,HARTWICK COLLEGE                        ,NY,13820-4020,Private      ,4,2,6,3177,135,3312
00273100,HOBART & WILLIAM SMITH COLLEGES         ,NY,14456-3397,Private      ,2,0,2,3387,80,3467
00273200,HOFSTRA UNIVERSITY                      ,NY,11549-1010,Private      ,21,31,52,14920,6661,21581
00273400,HOUGHTON COLLEGE                        ,NY,14744-0128,Private      ,0,10,10,1490,211,1701
00273500,HILBERT COLLEGE                         ,NY,14075-1597,Private      ,0,10,10,1079,336,1415
00273700,IONA COLLEGE                            ,NY,10801-1890,Private      ,5,14,19,7326,1355,8681
00273900,ITHACA COLLEGE                          ,NY,14850-7130,Private      ,4,7,11,13256,929,14185
00274000,JEWISH THEOLOGICAL SEMINARY OF AMER     ,NY,10027-4649,Private      ,0,0,0,144,199,343
00274200,THE JUILLIARD SCHOOL                    ,NY,10023-6588,Private      ,0,1,1,1310,701,2011
00274400,KEUKA COLLEGE                           ,NY,14478-0000,Private      ,3,15,18,1303,1347,2650
00274800,LEMOYNE COLLEGE                         ,NY,13214-1399,Private      ,6,14,20,4582,1064,5646
00274900,NEW YORK COLLEGE OF PODIATRIC MED       ,NY,10035-1940,Private      ,1,0,1,47,392,439
00275100,LONG ISLAND UNIVERSITY                  ,NY,11548-1326,Private      ,22,90,112,12671,11680,24351
00275800,MANHATTAN COLLEGE                       ,NY,10471-4098,Private      ,7,7,14,5895,677,6572
00275900,MANHATTAN SCHOOL OF MUSIC               ,NY,10027-4689,Private      ,1,3,4,697,815,1512
00276000,MANHATTANVILLE COLLEGE                  ,NY,10577-2132,Private      ,4,11,15,3077,1113,4190
00276300,MARIA COLLEGE                           ,NY,12208-1798,Private      ,3,17,20,233,981,1214
00276500,MARIST COLLEGE                          ,NY,12601-1387,Private      ,2,18,20,9418,1478,10896
00276900,MARYMOUNT MANHATTAN COLLEGE             ,NY,10021-4597,Private      ,4,3,7,3800,413,4213
00277200,MERCY COLLEGE                           ,NY,10522-1189,Private      ,25,247,272,4485,8456,12941
00277500,MOLLOY COLLEGE                          ,NY,11570-1100,Private      ,10,16,26,3189,2079,5268
00277700,MEDAILLE COLLEGE                        ,NY,14214-2695,Private      ,1,37,38,1756,1630,3386
00277800,MOUNT SAINT MARY COLLEGE                ,NY,12550-3494,Private      ,3,14,17,2853,1231,4084
00277900,NAZARETH COLLEGE OF ROCHESTER           ,NY,14618-3790,Private      ,3,13,16,3299,1733,5032
00278200,NEW YORK INSTITUTE OF TECHNOLOGY        ,NY,11568-8000,Private      ,15,28,43,5320,3123,8443
00278202,NY INSTITUTE OF TECHNOLOGY-OSTEOPATHIC M,NY,11568-0000,Private      ,0,1,1,74,1198,1272
00278300,NEW YORK LAW SCHOOL                     ,NY,10013-0000,Private      ,0,5,5,35,3543,3578
00278400,NEW YORK MEDICAL COLLEGE                ,NY,10595-0000,Private      ,0,3,3,31,2161,2192
00278500,NEW YORK UNIVERSITY                     ,NY,10012-1091,Private      ,44,275,319,36473,32953,69426
00278800,NIAGARA UNIVERSITY                      ,NY,14109-2010,Private      ,6,9,15,3853,973,4826
00279000,NYACK COLLEGE                           ,NY,10960-3698,Private      ,1,20,21,1387,2323,3710
00279100,PACE UNIVERSITY - NEW YORK              ,NY,10038-1598,Private      ,9,54,63,8540,3738,12278
00279101,PACE UNIVERSITY-PLEASANTVILLE           ,NY,10570-0000,Private      ,3,23,26,3610,1304,4914
00279102,PACE UNIVERSITY - WHITE PLAINS          ,NY,10603-0000,Private      ,1,15,16,372,2333,2705
00279500,PAUL SMITHS CLG OF ARTS & SCIENCES      ,NY,12970-0000,Private      ,0,0,0,1276,159,1435
00279600,POLYTECHNIC INTSTITUTE OF NEW YORK UNIV ,NY,11201-3840,Private      ,4,8,12,2610,1150,3760
00279800,PRATT INSTITUTE                         ,NY,11205-3899,Private      ,7,13,20,4839,2929,7768
00280300,RENSSELAER POLYTECHNIC INSTITUTE        ,NY,12180-3590,Private      ,3,7,10,10496,867,11363
00280500,ROBERTS WESLEYAN COLLEGE                ,NY,14624-1997,Private      ,1,25,26,1487,1407,2894
00280600,ROCHESTER INSTITUTE OF TECHNOLOGY       ,NY,14623-5608,Private      ,16,34,50,15299,3409,18708
00280700,ROCKEFELLER UNIVERSITY                  ,NY,10021-0000,Private      ,0,2,2,16,34,50
00280800,DAEMEN COLLEGE                          ,NY,14226-3592,Private      ,6,8,14,2435,1168,3603
00281000,THE SAGE COLLEGES                       ,NY,12180-4199,Private      ,0,20,20,1629,2008,3637
00281200,TROCAIRE COLLEGE                        ,NY,14220-2094,Private      ,3,22,25,677,1755,2432
00281300,SARAH LAWRENCE COLLEGE                  ,NY,10708-5999,Private      ,0,0,0,1757,718,2475
00281400,SKIDMORE COLLEGE                        ,NY,12866-1632,Private      ,3,1,4,3827,112,3939
00281401,SKIDMORE COLL-UNIV WITHOUT WALLS        ,NY,12866-0000,Private      ,0,0,0,33,7,40
00281500,ST BERNARDS SCH THEOLOGY & MINISTRY     ,NY,14618-3822,Private      ,0,0,0,2,43,45
00281600,SIENA COLLEGE                           ,NY,12211-1462,Private      ,3,3,6,6554,319,6873
00281700,ST BONAVENTURE UNIVERSITY               ,NY,14778-2284,Private      ,1,0,1,2693,610,3303
00282000,ST FRANCIS COLLEGE                      ,NY,11201-4398,Private      ,8,5,13,2543,673,3216
00282100,ST JOHN FISHER COLLEGE                  ,NY,14618-3597,Private      ,0,12,12,4636,1967,6603
00282200,CHRIST THE KING SEMINARY                ,NY,14052-0607,Private      ,0,1,1,1,11,12
00282300,ST JOHN'S UNIVERSITY                    ,NY,11439-1343,Private      ,31,31,62,24141,7325,31466
00282500,ST JOSEPH'S COLLEGE                     ,NY,11205-3688,Private      ,2,5,7,1255,796,2051
00282501,ST JOSEPH'S COLLEGE-SUFFOLK CAMPUS      ,NY,11772-0000,Private      ,11,18,29,3165,1509,4674
00282600,ST JOSEPH'S SEMINARY                    ,NY,10704-0000,Private      ,0,0,0,1,3,4
00282900,ST LAWRENCE UNIVERSITY                  ,NY,13617-1455,Private      ,0,0,0,2980,140,3120
00283200,ST THOMAS AQUINAS COLLEGE               ,NY,10976-1050,Private      ,4,4,8,1933,372,2305
00283300,ST VLADIMIR ORTHODOX THEOL SEM          ,NY,10707-0000,Private      ,0,0,0,1,46,47
00283400,EXCELSIOR COLLEGE                       ,NY,12203-5159,Private      ,10,337,347,301,8052,8353
00283500,SUNY AT ALBANY                          ,NY,12222-0001,Public       ,35,39,74,21475,5680,27155
00283600,BINGHAMTON UNIVERSITY (SUNY)            ,NY,13902-6000,Public       ,27,18,45,23810,3331,27141
00283700,SUNY AT BUFFALO                         ,NY,14260-0001,Public       ,30,45,75,23668,10536,34204
00283800,SUNY AT STONY BROOK                     ,NY,11794-0001,Public       ,39,66,105,25752,8184,33936
00283900,SUNY-DOWNSTATE MEDICAL CENTER           ,NY,11203-2098,Public       ,1,9,10,160,2195,2355
00284000,SUNY UPSTATE MEDICAL UNIVERSITY         ,NY,13210-2375,Public       ,1,9,10,221,1459,1680
00284100,SUNY BROCKPORT - FIN AID OFF            ,NY,14420-2914,Public       ,16,32,48,9997,3359,13356
00284200,BUFFALO STATE COLLEGE - SUNY            ,NY,14222-1095,Public       ,23,67,90,13210,5994,19204
00284300,SUNY COLLEGE-CORTLAND                   ,NY,13045-0900,Public       ,11,6,17,11940,1812,13752
00284400,SUNY AT FREDONIA                        ,NY,14063-1145,Public       ,7,4,11,7696,1129,8825
00284500,SUNY GENESEO                            ,NY,14454-1401,Public       ,12,3,15,9293,650,9943
00284600,SUNY COLLEGE-NEW PALTZ                  ,NY,12561-2499,Public       ,11,14,25,12372,2417,14789
00284700,SUNY COLLEGE-ONEONTA                    ,NY,13820-4015,Public       ,9,12,21,10998,899,11897
00284800,SUNY OSWEGO                             ,NY,13126-3599,Public       ,12,13,25,10857,2380,13237
00284900,SUNY COLLEGE AT PLATTSBURGH             ,NY,12901-2681,Public       ,15,8,23,7356,1605,8961
00285000,SUNY COLLEGE-POTSDAM                    ,NY,13676-2294,Public       ,5,10,15,5330,1155,6485
00285100,SUNY COLLEGE OF ENVIRONMENT SCIENCE AND ,NY,13210-2778,Public       ,2,2,4,2209,655,2864
00285300,SUNY MARITIME COLLEGE                   ,NY,10465-4198,Public       ,2,3,5,1623,370,1993
00285400,SUNY COLLEGE OF TECHNOLOGY-ALFRED       ,NY,14802-9951,Public       ,5,6,11,4144,1028,5172
00285500,SUNY CANTON COLG OF TECHNOLOGY          ,NY,13617-1098,Public       ,3,8,11,3195,1719,4914
00285600,SUNY AG & TECH COLLEGE-COBLESKILL       ,NY,12043-9986,Public       ,7,3,10,3126,574,3700
00285700,SUNY DELHI                              ,NY,13753-1190,Public       ,7,5,12,3741,955,4696
00285800,SUNY FARMINGDALE                        ,NY,11735-1021,Public       ,21,23,44,6031,2371,8402
00285900,SUNY COLLEGE OF AG & TECH AT MORRISVILLE,NY,13408-0901,Public       ,6,3,9,3717,1255,4972
00286000,ADIRONDACK COMMUNITY COLLEGE            ,NY,12804-2004,Public       ,10,21,31,2069,1963,4032
00286100,CAYUGA COMMUNITY COLLEGE                ,NY,13021-3099,Public       ,15,94,109,2069,2737,4806
00286200,BROOME COMMUNITY COLLEGE                ,NY,13902-0000,Public       ,28,38,66,3695,2980,6675
00286300,CORNING COMMUNITY COLLEGE               ,NY,14830-3297,Public       ,26,50,76,2208,2548,4756
00286400,DUTCHESS COMMUNITY COLLEGE              ,NY,12601-1595,Public       ,32,63,95,3651,2805,6456
00286600,FASHION INSTITUTE OF TECHNOLOGY         ,NY,10001-5992,Public       ,17,30,47,8259,3697,11956
00286700,SUNY FULTON MONTGOMERY COMM CLG         ,NY,12095-3790,Public       ,8,22,30,1482,1350,2832
00286800,HUDSON VALLEY COMMUNITY COLLEGE         ,NY,12180-6096,Public       ,22,42,64,7478,5420,12898
00286900,JAMESTOWN COMMUNITY COLLEGE             ,NY,14702-0020,Public       ,6,14,20,3000,2505,5505
00287000,JEFFERSON COMMUNITY COLLEGE             ,NY,13601-1897,Public       ,16,96,112,1632,2568,4200
00287100,"SUNY, MOHAWK VALLEY COMMUNITY CLG       ",NY,13501-5394,Public       ,13,26,39,4659,3785,8444
00287200,MONROE COMMUNITY COLLEGE                ,NY,14623-5780,Public       ,39,77,116,10831,10679,21510
00287300,NASSAU COMMUNITY COLLEGE                ,NY,11530-6793,Public       ,93,136,229,12775,7252,20027
00287400,NIAGARA COUNTY COMMUNITY COLLEGE        ,NY,14132-9460,Public       ,9,25,34,4422,3417,7839
00287500,ONONDAGA COMMUNITY COLLEGE              ,NY,13215-4585,Public       ,40,114,154,6775,4914,11689
00287600,ORANGE COUNTY COMMUNITY COLLEGE         ,NY,10940-6441,Public       ,19,53,72,3310,2717,6027
00287700,ROCKLAND COMMUNITY COLLEGE              ,NY,10901-3611,Public       ,21,24,45,2892,2216,5108
00287800,SUFFOLK COMMUNITY COLLEGE               ,NY,11784-2899,Public       ,43,55,98,8376,4588,12964
00287801,SUFFOLK COMMUNITY CLG-W. CAMPUS         ,NY,11717-0000,Public       ,20,32,52,3627,2666,6293
00287803,SUFFOLK COMMUNITY CLG-EASTRN CAMPUS     ,NY,11901-0000,Public       ,8,8,16,1198,990,2188
00287900,SULLIVAN COUNTY COMMUNITY COLLEGE       ,NY,12759-5151,Public       ,7,3,10,1502,936,2438
00288000,ULSTER COUNTY COMMUNITY COLLEGE         ,NY,12484-0557,Public       ,8,32,40,1374,1190,2564
00288100,SUNY WESTCHESTER COMMUNITY COLLEGE      ,NY,10595-1698,Public       ,50,94,144,6099,5170,11269
00288200,SYRACUSE UNIVERSITY                     ,NY,13244-2130,Private      ,29,142,171,22175,6757,28932
00288300,UTICA COLLEGE- UTICA                    ,NY,13502-4892,Private      ,2,38,40,3608,1956,5564
00288500,ALBANY COLLEGE OF PHARMACY AND HEALTH SC,NY,12208-3492,Private      ,2,1,3,1567,824,2391
00288600,ALBANY LAW SCHOOL                       ,NY,12208-0000,Private      ,1,1,2,74,1666,1740
00288700,ALBANY MEDICAL COLLEGE                  ,NY,12208-0000,Private      ,0,3,3,104,1095,1199
00288900,UNION COLLEGE                           ,NY,12308-2311,Private      ,4,2,6,3434,144,3578
00289000,UNION THEOLOGICAL SEMINARY              ,NY,10027-0000,Private      ,0,2,2,0,345,345
00289200,UNITED STATES MERCHANT MARINE ACADEMY   ,NY,11024-1699,Public       ,4,1,5,384,18,402
00289400,UNIVERSITY OF ROCHESTER                 ,NY,14627-9000,Private      ,5,64,69,8241,2183,10424
00289401,EASTMAN SCH OF MUSIC/UNIV ROCHESTER     ,NY,14604-0000,Private      ,0,3,3,784,426,1210
00289402,UNIV OF ROCHESTER SCHL OF MEDICINE      ,NY,14642-0000,Private      ,0,5,5,63,734,797
00289500,VASSAR COLLEGE                          ,NY,12604-0008,Private      ,2,3,5,5083,125,5208
00289600,VILLA MARIA COLLEGE-BUFFALO             ,NY,14225-3999,Private      ,1,3,4,493,315,808
00289900,WAGNER COLLEGE                          ,NY,10301-4495,Private      ,7,8,15,2729,490,3219
00290000,WEBB INSTITUTE                          ,NY,11542-1398,Private      ,0,0,0,52,8,60
00290100,WELLS COLLEGE                           ,NY,13026-0500,Private      ,1,1,2,1435,104,1539
00290300,YESHIVA UNIVERSITY                      ,NY,10033-3201,Private      ,10,15,25,2193,3593,5786
00290302,YESHIVA UNIVERSITY - BRONX CAMPUS       ,NY,10461-1975,Private      ,0,2,2,33,1245,1278
00397400,MESIVTHA TIFERETH JERUSALEM OF AMER     ,NY,10002-6382,Private      ,3,2,5,40,5,45
00397600,RABBINICAL ACAD MESIVTA RABBI CHAIM     ,NY,11230-4715,Private      ,7,0,7,37,5,42
00397700,RABBINICAL COLLEGE CH'SAN SOFER         ,NY,11204-1252,Private      ,0,0,0,19,24,43
00397800,RABBINICAL SEMINARY OF AMERICA          ,NY,11375-0000,Private      ,31,10,41,63,61,124
00397900,COLUMBIA UNIV TEACHERS COLLEGE          ,NY,10027-0000,Private      ,1,141,142,59,5328,5387
00405400,HEBREW UNION COL-JEWISH INST OF REL     ,NY,10012-0000,Private      ,0,1,1,3,80,83
00475900,"CUNY, YORK COLLEGE                      ",NY,11451-0001,Public       ,31,35,66,9943,5476,15419
00476500,CUNY GRADUATE SCH & UNIV CTR            ,NY,10016-4309,Public       ,3,36,39,119,3457,3576
00477600,CENTRAL YESHIVA TOMCHEI TMIMIM LUBA     ,NY,11230-2798,Private      ,215,9,224,510,56,566
00478800,HERKIMER COUNTY COMMUNITY COLLEGE       ,NY,13350-1598,Public       ,3,10,13,3059,1575,4634
00479800,MIRRER YESHIVA CENTRAL INST             ,NY,11223-2010,Private      ,13,4,17,115,65,180
00479900,MONROE COLLEGE                          ,NY,10468-4305,Proprietary  ,99,225,324,3691,6246,9937
00481100,EVEREST INSTITUTE                       ,NY,14621-3007,Proprietary  ,11,76,87,391,2166,2557
00506400,SAINT JAMES MERCY HOSPITAL SCHOOL OF RAD,NY,14843-2197,Private      ,0,0,0,13,14,27
00506600,FAXTON ST. LUKE'S SCHOOL OF RADIOGRAPHY ,NY,13502-4856,Private      ,0,0,0,23,55,78
00520800,THE COLLEGE OF WESTCHESTER              ,NY,10602-0000,Proprietary  ,14,36,50,885,992,1877
00587700,ROBERT J HOCHSTIM SCHOOL OF RADIOG      ,NY,11572-1151,Private      ,0,0,0,2,13,15
00643501,ARNOT OGDEN MEDICAL CENTER              ,NY,14905-1676,Private      ,0,2,2,43,67,110
00643800,PHILLIPS BETH ISRAEL SCH OF NURSING     ,NY,10001-6354,Private      ,0,2,2,116,363,479
00644300,COCHRAN SCH NSG-ST JOHN RVSDE HOSP      ,NY,10701-1399,Private      ,1,2,3,40,327,367
00644500,CROUSE HOSP SCH OF NURSING              ,NY,13210-1690,Private      ,0,2,2,148,310,458
00644800,ELLIS HOSPITAL SCHOOL OF NURSING        ,NY,12308-0000,Private      ,1,2,3,54,174,228
00646101,ST ELIZABETH COLLEGE OF NURSING         ,NY,13501-2998,Private      ,0,0,0,123,241,364
00646102,ST ELIZABETH SCH OF RADIOGRAPHY         ,NY,13501-0000,Private      ,0,0,0,19,44,63
00646700,SAINT JOSEPH'S COLLEGE OF NURSING       ,NY,13203-1806,Private      ,0,4,4,181,318,499
00678200,GENESEE COMMUNITY COLLEGE               ,NY,14020-9704,Public       ,20,64,84,3079,3107,6186
00678500,SCHENECTADY COUNTY COMMUNITY CLG        ,NY,12305-2294,Public       ,15,31,46,2221,2560,4781
00678700,CLINTON COMMUNITY COLLEGE               ,NY,12901-5690,Public       ,7,11,18,1431,966,2397
00678800,TOMPKINS CORTLAND COMMUNITY COLLEGE     ,NY,13053-8504,Public       ,10,15,25,2999,1875,4874
00678900,COLUMBIA-GREENE COMMUNITY COLLEGE       ,NY,12534-9543,Public       ,8,18,26,1047,960,2007
00679100,SUNY AT PURCHASE                        ,NY,10577-1400,Public       ,7,6,13,7560,1041,8601
00702200,CUNY-LEHMAN COLLEGE                     ,NY,10468-1589,Public       ,38,67,105,12528,10449,22977
00702600,MOUNT SINAI SCHOOL OF MEDICINE          ,NY,10029-0000,Private      ,0,2,2,18,1067,1085
00710900,SUNY COLLEGE-OLD WESTBURY               ,NY,11568-0210,Public       ,17,17,34,5811,2202,8013
00711100,NORTH COUNTRY COMMUNITY COLLEGE         ,NY,12983-2046,Public       ,2,3,5,808,839,1647
00726400,MESIFTA TORAH VODAATH RABBINCAL SEM     ,NY,11218-5209,Private      ,4,3,7,30,30,60
00727300,CUNY-BERNARD BARUCH COLLEGE             ,NY,10010-5518,Public       ,45,72,117,16902,9352,26254
00730400,CULINARY INSTITUTE OF AMERICA           ,NY,12538-1499,Private      ,68,57,125,3530,1852,5382
00732916,ITT TECHNICAL INSTITUTE                 ,NY,12205-1003,Proprietary  ,8,51,59,268,775,1043
00737200,AUSTIN'S SCHOOL OF SPA TECHNOLOGY       ,NY,12206-1513,Proprietary  ,9,37,46,207,496,703
00737500,ISLAND DRAFTING & TECHNICAL INST        ,NY,11701-2704,Proprietary  ,0,1,1,75,98,173
00738700,LONG ISLAND BEAUTY SCHOOL               ,NY,11788-4346,Proprietary  ,15,44,59,182,326,508
00738800,LONG ISLAND BEAUTY SCHOOL               ,NY,11550-3704,Proprietary  ,4,22,26,54,202,256
00739100,BEAUTY SCHOOL OF MIDDLETOWN             ,NY,10940-6574,Proprietary  ,2,8,10,37,95,132
00739400,BERKELEY COLLEGE                        ,NY,10017-0000,Proprietary  ,26,34,60,3282,4079,7361
00739402,BERKELEY COLLEGE-WESTCHESTER CAMPUS     ,NY,10601-1533,Proprietary  ,4,7,11,894,605,1499
00739800,KATHARINE GIBBS SCHOOL                  ,NY,10018-2602,Proprietary  ,0,0,0,4,2,6
00740100,MANDL SCHOOL                            ,NY,10019-5516,Proprietary  ,15,139,154,239,1082,1321
00740500,WOOD TOBE-COBURN SCHOOL                 ,NY,10016-0102,Proprietary  ,1,0,1,643,166,809
00746500,AMERICAN ACADEMY OF DRAMATIC ARTS       ,NY,10016-7089,Private      ,3,5,8,575,302,877
00746600,LIM COLLEGE                             ,NY,10022-5268,Proprietary  ,3,2,5,2005,304,2309
00746800,SCHOOL OF VISUAL ARTS                   ,NY,10010-3994,Proprietary  ,3,11,14,4206,1794,6000
00750602,LINCOLN TECHNICAL INSTITUTE             ,NY,11357-6092,Proprietary  ,38,36,74,729,516,1245
00751800,APEX TECHNICAL SCHOOL                   ,NY,10011-2008,Proprietary  ,106,244,350,1135,2848,3983
00752200,CONTINENTAL SCH OF BEAUTY CULTURE       ,NY,14623-3231,Proprietary  ,9,35,44,239,668,907
00752205,CONTINENTAL SCHOOL OF BEAUTY CULTURE - M,NY,13211-1003,Proprietary  ,0,0,0,3,7,10
00753200,FINGER LAKES COMMUNITY COLLEGE          ,NY,14424-8395,Public       ,13,44,57,3786,2832,6618
00757200,AMERICAN MUSICAL AND DRAMATIC ACAD      ,NY,10023-2106,Private      ,13,7,20,1962,414,2376
00757300,EMPIRE BEAUTY SCHOOL                    ,NY,11103-4028,Proprietary  ,10,30,40,171,414,585
00780400,STAR CAREER ACADEMY                     ,NY,10011-7307,Proprietary  ,29,88,117,269,1041,1310
00818900,CONTINENTAL SCHOOL OF BEAUTY CULTURE - B,NY,14224-3402,Proprietary  ,6,21,27,106,224,330
00818903,CONTINENTAL SCHOOL OF BEAUTY CULTURE - B,NY,14223-2911,Proprietary  ,0,1,1,7,18,25
00843700,CHAMPLAIN VALLEY - TEC/PRN              ,NY,12901-0000,Public       ,0,1,1,18,60,78
00849500,JAMESTOWN BUSINESS COLLEGE              ,NY,14702-0429,Proprietary  ,3,13,16,213,409,622
00861100,"CUNY, HOSTOS CMTY COLLEGE               ",NY,10451-1499,Public       ,26,39,65,6732,6502,13234
00861400,RABBINICAL CLG BOBOVER YESHIVA BNEI     ,NY,11219-3293,Private      ,27,21,48,169,60,229
00861700,RABBINICAL SEM MKOR CHAIM-YESHIVA       ,NY,11219-4300,Private      ,10,1,11,26,1,27
00878800,STATE UNIVERSITY OF NEW YORK STUDENT LOA,NY,12246-0000,Public       ,2,5,7,53,65,118
00900300,OLEAN BUSINESS INSTITUTE INC            ,NY,14760-2691,Proprietary  ,0,0,0,15,104,119
00902900,NEIGHBORHOOD PLAYHOUSE                  ,NY,10022-5017,Private      ,0,0,0,31,62,93
00904300,ELMIRA BUSINESS INSTITUTE               ,NY,14901-2731,Proprietary  ,5,72,77,143,1092,1235
00907700,UTICA SCHOOL OF COMMERCE                ,NY,13501-2280,Proprietary  ,5,36,41,170,601,771
00924800,SAMARITAN HOSPITAL SCH NURSING          ,NY,12180-2475,Private      ,1,2,3,51,188,239
00928300,MIDWAY-PARIS BEAUTY SCHOOL              ,NY,11385-3453,Proprietary  ,2,18,20,34,166,200
00928400,LEARNING INST FOR BEAUTY SCIENCES       ,NY,11756-1345,Proprietary  ,8,32,40,121,321,442
00933500,MESIVTA EASTERN PKWY RABBINICAL CLG     ,NY,11218-5559,Private      ,1,0,1,26,7,33
00947900,SAINT VINCENTS CMC SI NURSING SCHOOL    ,NY,10304-3850,Proprietary  ,12,17,29,137,331,468
00976900,METROPOLITAN COLLEGE OF NEW YORK        ,NY,10013-1919,Private      ,2,16,18,262,1854,2116
00992900,SUNY COLLEGE OF OPTOMETRY               ,NY,10036-8003,Public       ,0,1,1,23,331,354
01005100,LA GUARDIA CMTY COLLEGE - CUNY          ,NY,11101-3083,Public       ,47,78,125,13452,10555,24007
01005200,JEFFERSON-LEWIS BOCES PRAC NRSGPRG      ,NY,13601-9509,Public       ,0,3,3,21,141,162
01009700,CUNY-MEDGAR W EVERS COLLEGE             ,NY,11225-2010,Public       ,21,36,57,5839,6227,12066
01014200,TOURO COLLEGE                           ,NY,10010-4202,Private      ,43,113,156,3984,11669,15653
01014700,WESTERN SUFFOLK BOCES                   ,NY,11768-3499,Public       ,3,9,12,137,464,601
01015300,HELENE FULD COL OF NRSNG/N GEN HOSP     ,NY,10035-0000,Private      ,1,32,33,39,756,795
01028600,EMPIRE STATE COLLEGE                    ,NY,12866-4391,Public       ,12,127,139,929,12981,13910
01037800,RABBINICAL COLLEGE OF LONG ISLAND       ,NY,11561-3244,Private      ,7,0,7,50,1,51
01054900,KEHILATH YAKOV RABBINICAL SEMINARY      ,NY,10562-1001,Private      ,27,5,32,65,38,103
01055100,NEW YORK SCH MED & DENTAL ASSISTANT     ,NY,11101-2327,Proprietary  ,6,29,35,159,424,583
01064100,SOUTHERN WESTCHESTER BOCES              ,NY,10543-0000,Public       ,0,2,2,12,162,174
01068400,ERIE COMMUNITY COLLEGE-ALL CAMPUSES     ,NY,14203-2698,Public       ,26,80,106,9015,8923,17938
01081300,AMERICAN ACAD MCALLISTER INST           ,NY,10019-3604,Private      ,1,9,10,115,470,585
01083700,SIMMONS INST OF FUNERAL SERVICE         ,NY,13207-2098,Proprietary  ,0,3,3,29,46,75
01093000,SUBURBAN TECHNICAL SCHOOL               ,NY,11550-3771,Proprietary  ,0,3,3,268,1072,1340
01094300,RABBINICAL COLLEGE BETH SHRAGA          ,NY,10952-3033,Private      ,0,0,0,22,0,22
01095200,PNW BOCES LPN PROGRAM                   ,NY,10598-0000,Public       ,0,1,1,10,88,98
01103100,TECHNICAL CAREER INSTITUTE              ,NY,10001-2789,Proprietary  ,108,287,395,2349,5593,7942
01118900,UNITED TALMUDICAL SEMINARY              ,NY,11211-7984,Private      ,153,105,258,785,508,1293
01119200,BETH HAMEDRASH SHAAREI YOSHER INST      ,NY,11204-1052,Private      ,9,2,11,21,11,32
01161400,CHAMPLAIN VALLEY HOSP SCH RAD TECH      ,NY,12901-1490,Private      ,0,0,0,27,21,48
01161700,NEW YORK METHODIST HOSPITAL             ,NY,11229-9023,Private      ,0,3,3,77,251,328
01164700,SBI CAMPUS - AN AFFILIATE OF SANFORD-BRO,NY,11747-3785,Proprietary  ,15,34,49,364,781,1145
01167000,YESHIVA OF NITRA RABBINICAL COLLEGE     ,NY,11211-7108,Private      ,59,24,83,155,37,192
01167700,MEMORIAL SLOAN KETTERING CANCER CTR     ,NY,10021-6094,Private      ,0,1,1,4,30,34
01167800,SUNY INST OF TECHNOLOGY UTICA ROME      ,NY,13504-3050,Public       ,0,6,6,1790,1263,3053
01182100,YESHIVATH ZICHRON MOSHE                 ,NY,12779-0580,Private      ,12,0,12,97,3,100
01183000,BERK TRADE AND BUSINESS SCHOOL          ,NY,11101-0000,Proprietary  ,13,19,32,68,188,256
01185900,WORD OF LIFE BIBLE INSTITUTE            ,NY,12860-0129,Private      ,2,1,3,571,91,662
01186000,MERCY MED CNTR SCHL OF RADIOGRAPHY      ,NY,11570-1098,Private      ,0,1,1,7,29,36
01192100,WESTCHESTER SCH OF BEAUTY CULTURE       ,NY,10550-2295,Proprietary  ,0,11,11,14,116,130
01192200,BETH HATALMUD RABBINICAL CLG            ,NY,11214-2594,Private      ,0,0,0,35,2,37
01198400,OHR HAMEIR THEOLOGICAL SEMINARY         ,NY,10566-0990,Private      ,21,0,21,79,0,79
01201100,TALMUDICAL SEM OHOLEI TORAH             ,NY,11213-3310,Private      ,16,0,16,269,1,270
01207200,PHILLIPS HAIRSTYLING INSTITUTE          ,NY,13210-1509,Proprietary  ,1,4,5,40,135,175
01210700,INSTITUTE OF DESIGN & CONSTRUCTION      ,NY,11201-5380,Private      ,0,4,4,55,168,223
01220300,MEMORIAL HOSPITAL SCH OF NURSING        ,NY,12204-1083,Private      ,1,2,3,57,184,241
01227700,NEW YORK CHIROPRACTIC COLLEGE           ,NY,13148-0800,Private      ,0,3,3,22,780,802
01229300,VEEB NASSAU CNTY SCHL OF PRACT NURS     ,NY,11553-3037,Public       ,0,3,3,55,229,284
01235800,PLAZA COLLEGE                           ,NY,11372-6300,Proprietary  ,24,87,111,454,1154,1608
01236400,SAINT VINCENTS CATHOLIC MEDICAL CENTERS ,NY,11354-0000,Proprietary  ,2,7,9,56,344,400
01240700,SCHUYLER-CHEMUNG-TIOGA BOCES            ,NY,14903-1089,Public       ,0,2,2,18,165,183
01240701,STEUBEN SCHUYLER CHEMUNG TIOGA ALLEGANY ,NY,14870-9518,Public       ,0,0,0,0,4,4
01256100,FIVE TOWNS COLLEGE                      ,NY,11746-5871,Proprietary  ,12,8,20,1475,387,1862
01258900,ERIE 1 BOCES                            ,NY,14224-0000,Public       ,1,4,5,58,284,342
01265200,ONONDAGA CORTLAND MADISON BOCES         ,NY,13090-4500,Public       ,0,7,7,212,922,1134
01278300,OSWEGO COUNTY BOCES ADULT CAREERS       ,NY,13114-4498,Public       ,0,1,1,39,89,128
01292700,CENTRAL TECH NURSING PROGRAM            ,NY,13202-3092,Public       ,0,3,3,30,117,147
01302600,MACHZIKEI HADATH RABBINICAL COLLEGE     ,NY,11204-1805,Private      ,17,25,42,53,47,100
01302700,YESHIVATH VIZNITZ                       ,NY,10952-3021,Private      ,120,118,238,154,118,272
01302900,BORICUA COLLEGE                         ,NY,10032-1599,Private      ,1,4,5,549,1376,1925
02056400,CAPRI COSMETOLOGY LEARNING CENTER       ,NY,10954-0000,Proprietary  ,4,10,14,138,289,427
02056401,CAPRI COSMETOLOGY LEARNING CENTER       ,NY,12550-2118,Proprietary  ,0,0,0,7,11,18
02066200,THE NEW SCHOOL                          ,NY,10011-0000,Private      ,12,53,65,5441,6521,11962
02069000,NEW YORK SCHOOL OF INTERIOR DESIGN      ,NY,10021-0000,Private      ,0,3,3,180,432,612
02075700,BRIARCLIFFE COLLEGE                     ,NY,11714-0000,Proprietary  ,2,4,6,964,965,1929
02075702,BRIARCLIFFE COLLEGE - PATCHOGUE         ,NY,11772-3019,Proprietary  ,3,3,6,696,824,1520
02092400,RIDLEY-LOWELL SCHOOL OF BUSINESS        ,NY,13905-0000,Proprietary  ,6,51,57,41,354,395
02093700,LONG ISLAND BUSINESS INSTITUTE          ,NY,11725-0000,Proprietary  ,52,124,176,597,1318,1915
02093701,LONG ISLAND BUSINESS INSTITUTE - FLUSHIN,NY,11354-4429,Proprietary  ,9,27,36,20,54,74
02098400,HERKIMER COUNTY BOCES                   ,NY,13350-0000,Public       ,0,0,0,49,149,198
02104300,OTSEGO AREA SCHOOL OF PRAC NURSING      ,NY,12167-0000,Public       ,0,1,1,18,35,53
02105900,HAIR DESIGN INSTITUTE AT FIFTH AVE      ,NY,11220-0000,Proprietary  ,14,51,65,138,408,546
02106800,BRAMSON ORT COLLEGE                     ,NY,11375-0000,Private      ,57,82,139,549,893,1442
02110900,CATTARAUGUS/ALLEGANY BOCES              ,NY,14760-0000,Public       ,0,0,0,30,136,166
02112301,RIDLEY - LOWELL BUSINESS & TECHNICAL INS,NY,12601-3328,Proprietary  ,4,26,30,92,526,618
02116011,SANFORD-BROWN INSTITUTE - NEW YORK      ,NY,10003-2103,Proprietary  ,72,245,317,983,2625,3608
02118700,LONG ISLAND COLLEGE HOSPITAL - SCHOOL OF,NY,11201-6001,Private      ,0,3,3,131,378,509
02118702,LONG ISLAND COLLEGE HOSPITAL - SCHOOL OF,NY,11201-6001,Private      ,0,3,3,139,282,421
02124000,ORANGE ULSTER BOCES SCH OF PRAC NRS     ,NY,10924-9401,Public       ,0,2,2,33,147,180
02125500,CIRCLE IN THE SQUARE THEATRE SCHOOL     ,NY,10019-0000,Private      ,1,0,1,57,58,115
02126300,MADISON-ONEIDA BOCES PRAC NRS           ,NY,13478-0000,Public       ,0,3,3,27,162,189
02138500,BOCES RENSSELAER SCHOOL OF PN           ,NY,12033-3221,Public       ,0,0,0,27,95,122
02145800,CAYUGA ONONDAGA BOCES                   ,NY,13021-9430,Public       ,0,0,0,21,90,111
02146000,WAYNE-FINGER LAKES BOCES                ,NY,14513-0000,Public       ,2,0,2,34,172,206
02152000,YESHIVA SHAAR HATORAH ITRI TORAH        ,NY,11418-0000,Private      ,11,0,11,15,0,15
02153600,BROOME-TIOGA BOCES PN PROG              ,NY,13905-0000,Public       ,0,1,1,27,164,191
02157900,ROCHESTER GENERAL HOSPITAL              ,NY,14621-3001,Private      ,0,1,1,33,122,155
02158200,WSHNGTN-SARTGA-WARN-HMLTN-ESX BOCES     ,NY,12839-1051,Public       ,0,0,0,28,102,130
02160100,GENEVA GENERAL HOSPITAL                 ,NY,14456-0000,Private      ,0,1,1,32,145,177
02163400,NEW YORK CAREER INSTITUTE               ,NY,10007-2801,Proprietary  ,4,19,23,286,899,1185
02169100,DAVIS COLLEGE                           ,NY,13790-0000,Private      ,0,0,0,168,105,273
02170000,SWEDISH INSTITUTE                       ,NY,10001-0000,Proprietary  ,5,17,22,149,720,869
02170200,ALBANY SCHOHARIE SCHENECTADY            ,NY,12205-0000,Public       ,0,6,6,66,189,255
02171900,AILEY SCHOOL (THE)                      ,NY,10019-4402,Private      ,1,0,1,133,78,211
02172100,HAMILTON-FULTON-MONTGOMERY BOCES        ,NY,12095-0665,Public       ,0,1,1,61,95,156
02172800,DUTCHESS COUNTY BOCES SCH PRAC NURS     ,NY,12601-0000,Public       ,0,2,2,64,202,266
02173200,EMPIRE BEAUTY SCHOOL                    ,NY,10001-0000,Proprietary  ,20,61,81,583,1198,1781
02173201,LEARNING INSTITUTES FOR BEAUTY SCIENCES-,NY,11214-4347,Proprietary  ,0,0,0,6,21,27
02173900,ULSTER COUNTY BOCES PRACTICAL NRSG      ,NY,12466-0000,Public       ,1,1,2,41,192,233
02176000,CHERYL FELL'S SCHOOL OF BUSINESS        ,NY,14304-0000,Proprietary  ,0,6,6,10,89,99
02179400,EASTERN SUFFOLK BOCES                   ,NY,11713-0000,Public       ,1,3,4,199,491,690
02182200,NEW SCHOOL OF RADIO & TELEVISION        ,NY,12206-1106,Proprietary  ,6,8,14,59,111,170
02187300,DARKEI NOAM RABBINICAL COLLEGE          ,NY,11210-0000,Private      ,0,0,0,1,6,7
02191600,TORAH TEMIMAH TALMUDICAL SEMINARY       ,NY,11218-0000,Private      ,8,0,8,87,1,88
02192500,BELLEVUE HOSP CTR SCH RAD TECH          ,NY,10016-0000,Public       ,1,0,1,20,65,85
02193700,SAINT LAWRENCE LEWIS COUNTY BOCES       ,NY,13617-0000,Public       ,0,0,0,21,2,23
02199300,ORLEANS-NIAGARA BOCES                   ,NY,14132-0000,Public       ,0,1,1,18,79,97
02206000,HUNTER BUSINESS SCHOOL                  ,NY,11756-0000,Proprietary  ,11,57,68,313,959,1272
02217800,D.HOPFER SCH NURSING AT MT.VRN HOSP     ,NY,10550-0000,Private      ,0,2,2,45,272,317
02219500,MILDRED ELLEY                           ,NY,12206-1513,Proprietary  ,31,231,262,553,2798,3351
02235600,ERIE 2-CHAUTAUQUA-CATTARAUGUS BOCES     ,NY,14006-0000,Public       ,0,0,0,19,143,162
02256700,KOL YAAKOV TORAH CENTER                 ,NY,10952-0000,Private      ,4,2,6,7,5,12
02265100,YESHIVA DERECH CHAIM                    ,NY,11218-0000,Private      ,3,0,3,55,14,69
02265200,GLOBAL BUSINESS INSTITUTE               ,NY,11691-0000,Private      ,35,121,156,377,1343,1720
02272900,ROCKLAND COUNTY BOCES PRAC NRSG SCH     ,NY,10994-0000,Public       ,0,1,1,21,115,136
02275900,"MODERN WELDING SCHOOL, INC.             ",NY,12304-0000,Proprietary  ,20,20,40,71,160,231
02287800,NATIONAL TRACTOR TRAILER SCHOOL         ,NY,13088-2505,Proprietary  ,8,94,102,53,736,789
02294900,INSTITUTE OF AUDIO RESEARCH             ,NY,10003-0000,Proprietary  ,22,40,62,482,523,1005
02306500,PROFESSIONAL BUSINESS INSTITUTE         ,NY,10002-0000,Private      ,119,129,248,688,981,1669
02314200,NORTHERN WESTCHESTER SCH COSMETOL       ,NY,10566-0000,Proprietary  ,0,3,3,30,52,82
02320100,OHR SOMAYACH TANENBAUM EDUCATIONAL CENTE,NY,10952-0000,Private      ,0,0,0,1,0,1
02325600,NEW YORK INSTITUTE OF ENGLISH & BUS     ,NY,10001-0000,Private      ,21,38,59,199,401,600
02350600,YESHIVA AND KOLLEL HARBOTZAS TORAH      ,NY,11230-0000,Private      ,0,7,7,0,29,29
02491400,SPANISH AMERICAN INSTITUTE              ,NY,10036-0000,Private      ,1,7,8,3,37,40
02505800,YESHIVA KARLIN STOLIN RAB INSTITUTE     ,NY,11204-0000,Private      ,6,14,20,29,63,92
02505900,SH-OR YOSHUV RABBINICAL COLLEGE         ,NY,11691-0000,Private      ,7,0,7,48,17,65
02506000,ASSOCIATED BETH RIVKAH SCHOOLS          ,NY,11225-0000,Private      ,2,0,2,73,24,97
02506100,CITY UNIV OF NEW YORK-CENTRAL           ,NY,10021-0000,Public       ,4,4,8,1024,637,1661
02506200,MERCE CUNNINGHAM STUDIO                 ,NY,10014-0000,Private      ,0,3,3,5,7,12
02506800,YESHIVAT MIKDASH MELECH                 ,NY,11230-0000,Private      ,12,4,16,57,13,70
02511500,JOFFREY BALLET SCHOOL                   ,NY,10011-0000,Proprietary  ,3,0,3,78,9,87
02513500,MAR JON SCHOOL OF BEAUTY CULTURE        ,NY,14150-0000,Proprietary  ,0,1,1,26,85,111
02525600,ART INSTITUTE OF NEW YORK CITY (THE)    ,NY,10013-2429,Proprietary  ,32,29,61,2396,1500,3896
02540800,"GLOBE INSTITUTE OF TECHNOLOGY, INC.     ",NY,10007-0000,Proprietary  ,32,57,89,468,528,996
02546000,TRI-STATE COLLEGE OF ACUPUNCTURE        ,NY,10011-0000,Proprietary  ,0,1,1,1,159,160
02546300,YESHIVA OF THE TELSHE ALUMNI            ,NY,10471-0000,Private      ,16,0,16,44,2,46
02550600,TALMUDICAL INST OF UPSTATE NY           ,NY,14607-0000,Private      ,2,0,2,9,7,16
02556700,SEMINAR L'MOROS BAIS YAAKOV             ,NY,11219-0000,Private      ,1,1,2,282,1,283
02572900,BUSINESS INFORMATICS CENTER             ,NY,11580-0000,Proprietary  ,2,4,6,28,124,152
02575400,FRENCH CULINARY INSTITUTE               ,NY,10013-2618,Proprietary  ,10,58,68,449,1271,1720
02587600,ORLO SCH HAIR DESIGN & COSMETOLOGY      ,NY,12206-1723,Proprietary  ,3,9,12,77,118,195
02599400,NEW YORK COLLEGE OF HEALTH PROFESSIONS  ,NY,11791-4413,Private      ,0,8,8,209,752,961
02600100,NEW YORK ACADEMY OF ART (THE)           ,NY,10013-2911,Private      ,0,2,2,108,249,357
02614900,SANFORD-BROWN INSTITUTE                 ,NY,10604-2910,Proprietary  ,12,48,60,292,871,1163
02615001,SANFORD-BROWN COLLEGE - SANFORD-BROWN IN,NY,11530-4734,Proprietary  ,1,2,3,60,156,216
02616600,SHEAR EGO INTERNATIONAL SCHOOL OF HAIR D,NY,14617-3501,Proprietary  ,6,11,17,80,173,253
02617000,CONTINENTAL SCH OF BEAUTY CULTURE       ,NY,14020-0000,Proprietary  ,2,5,7,75,161,236
02617001,CONTINENTAL SCHOOL OF BEAUTY CULTURE - O,NY,14760-2618,Proprietary  ,0,0,0,7,10,17
02622900,BAIS MEDRASH ELYON                      ,NY,10952-3013,Private      ,15,0,15,16,1,17
03000100,YESHIVA GEDOLAH IMREI YOSEF DSPINKA     ,NY,11219-4696,Private      ,1,14,15,6,105,111
03007200,DANCE THEATRE OF HARLEM                 ,NY,10031-0000,Private      ,0,0,0,38,21,59
03027701,PACIFIC COLLEGE OF ORIENTAL MEDICINE - N,NY,10010-7108,Proprietary  ,2,17,19,33,634,667
03081600,DELAWARE CHENANGO MADISON OT. BOCES     ,NY,13815-9554,Public       ,0,0,0,27,118,145
03089700,COMPUTER CAREER CENTER                  ,NY,11530-3334,Proprietary  ,22,123,145,329,1261,1590
03095500,ASA INST BUSINESS & COMPUTER TECH       ,NY,11201-5208,Proprietary  ,215,512,727,3241,6759,10000
03096200,CHARLES STUART SCHOOL                   ,NY,11229-2004,Proprietary  ,0,5,5,8,57,65
03097801,CARSTEN INSTITUTE                       ,NY,10003-1901,Proprietary  ,0,0,0,10,24,34
03099100,SUNBRIDGE COLLEGE                       ,NY,10977-0000,Private      ,0,0,0,1,1,2
03103700,ADIRONDACK BEAUTY SCHOOL                ,NY,12801-3158,Proprietary  ,0,2,2,28,47,75
03104900,SULLIVAN COUNTY BOCES                   ,NY,12754-2116,Public       ,0,4,4,24,74,98
03115300,GENESEE VALLEY BOCES                    ,NY,14020-1099,Public       ,7,26,33,58,241,299
03120700,NEW YORK CONSERVATORY FOR DRAMATIC ARTS ,NY,10011-4225,Proprietary  ,1,1,2,486,144,630
03127100,YESHIVAS NOVOMINSK                      ,NY,11219-0000,Private      ,10,0,10,54,0,54
03129200,RABBINICAL CLG OHR SHIMAR YISROEL       ,NY,11211-8102,Private      ,1,2,3,32,121,153
03147300,YESHIVA D'MONSEY                        ,NY,10952-3106,Private      ,9,5,14,9,38,47
03169300,STUDIO JEWELERS                         ,NY,10016-4112,Proprietary  ,0,0,0,4,33,37
03181400,MERKAZ BNOS                             ,NY,11214-4911,Private      ,3,58,61,31,396,427
03191300,CUNY SCHOOL OF LAW @ QUEENS COLLEGE     ,NY,11367-0000,Public       ,2,3,5,500,1586,2086
03193300,MANHATTAN SCHOOL OF COMPUTER TECH       ,NY,11230-1617,Private      ,32,121,153,193,850,1043
03203300,NEW YORK INSTITUTE OF MASSAGE           ,NY,14221-6021,Proprietary  ,2,2,4,65,173,238
03216300,UNIFICATION THEOLOGICAL SEMINARY        ,NY,12507-5021,Private      ,0,1,1,0,23,23
03315300,HARLEM SCHOOL OF TECHNOLOGY             ,NY,10027-4426,Proprietary  ,0,0,0,15,38,53
03328300,FRANKLIN CAREER INSTITUTE               ,NY,11550-3003,Private      ,6,15,21,116,333,449
03328301,FRANKLIN CAREER INSTITUTE - BROOKLYN    ,NY,11220-3110,Private      ,9,20,29,189,457,646
03342400,AMERICAN BARBER INSTITUTE               ,NY,10001-5271,Proprietary  ,8,9,17,68,144,212
03358300,ALLEN SCHOOL                            ,NY,11432-4901,Proprietary  ,23,265,288,265,1648,1913
03358301,ALLEN SCHOOL - BROOKLYN                 ,NY,11201-0000,Proprietary  ,15,93,108,253,1011,1264
03380300,STAR CAREER ACADEMY                     ,NY,11791-5311,Proprietary  ,5,24,29,168,388,556
03419400,NORTHEASTERN SEMINARY                   ,NY,14624-1997,Private      ,0,3,3,10,127,137
03426400,ANTHEM INSTITUTE                        ,NY,10018-0000,Proprietary  ,22,75,97,414,845,1259
03433500,LIA SCHORR INSTITUTE OF COSMETIC SK     ,NY,10022-2614,Proprietary  ,0,3,3,16,85,101
03443300,NEW YORK COLLEGE OF TRADITIONAL CHINESE ,NY,11501-0000,Private      ,0,3,3,5,119,124
03496300,YESHIVA SHAAREI TORAH OF ROCKLAND       ,NY,10901-4003,Private      ,0,0,0,1,6,7
03537300,NEW YORK AUTOMOTIVE & DIESEL INSTIT     ,NY,11101-0000,Proprietary  ,22,54,76,228,519,747
03568300,LEON STUDIO ONE SCHOOL OF HAIR DESI     ,NY,14221-5323,Proprietary  ,1,0,1,54,93,147
03651300,SAINT JOSEPH'S MEDICAL CENTER SCHOO     ,NY,10701-4080,Private      ,0,1,1,7,24,31
03652300,METROPOLITAN LEARNING INSTITUTE         ,NY,11374-2101,Private      ,14,184,198,107,1415,1522
03691300,USA BEAUTY SCHOOL INTERNATIONAL         ,NY,10013-3530,Proprietary  ,0,1,1,35,105,140
03713300,BEIS MEDRASH HEICHAL DOVID              ,NY,11691-4433,Private      ,7,0,7,43,6,49
03773300,CENTER FOR NATURAL WELLNESS SCHOOL OF MA,NY,12205-1601,Proprietary  ,0,0,0,34,213,247
03802300,UTA MESIVTA OF KIRYAS JOEL              ,NY,10950-2169,Private      ,178,137,315,534,625,1159
03809400,MICROPOWER CAREER INSTITUTE             ,NY,10001-2812,Proprietary  ,13,103,116,71,748,819
03819400,HUDSON VALLEY SCHOOL OF ADVANCED AESTHET,NY,12493-0000,Proprietary  ,0,0,0,16,37,53
03839300,AVEDA INSTITUTE NEW YORK                ,NY,10013-1522,Proprietary  ,6,6,12,126,356,482
03881300,UNION GRADUATE COLLEGE                  ,NY,12308-3131,Private      ,0,3,3,20,252,272
03903400,AMERICAN BEAUTY SCHOOL                  ,NY,10462-8003,Proprietary  ,11,40,51,142,537,679
03941400,ELITE ACADEMY OF BEAUTY ARTS            ,NY,11223-1630,Proprietary  ,4,13,17,29,100,129
03983300,"SCHOOL OF PROFESSIONAL HORTICULTURE, AT ",NY,10458-5126,Private      ,0,1,1,4,25,29
03988300,"SAE INSTITUTE OF TECHNOLOGY, NEW YORK   ",NY,10001-2915,Proprietary  ,14,20,34,213,259,472
04043300,ACE COMPUTER TRAINING CENTER            ,NY,11375-5337,Proprietary  ,2,4,6,28,128,156
04092401,MAKE-UP DESIGNORY -                     ,NY,10012-0041,Proprietary  ,5,14,19,267,368,635
04095300,KING'S COLLEGE (THE)                    ,NY,10018-0110,Private      ,2,0,2,641,73,714
04102300,NEW AGE TRAINING                        ,NY,10001-4006,Proprietary  ,7,15,22,17,110,127
04115500,TALMUDICAL SEMINARY OF BOBOV            ,NY,11219-3826,Private      ,21,11,32,87,104,191
04117100,EDP SCHOOL OF COMPUTER PROGRAMMING      ,NY,11235-0000,Private      ,0,2,2,19,232,251
04117700,"MONROE 2-ORLEANS BOCES, CENTER FOR WORK ",NY,14624-1119,Public       ,1,9,10,41,159,200
04123200,INSTITUTE OF ALLIED MEDICAL PROFESSIONS ,NY,11373-5541,Private      ,1,12,13,83,418,501
04123300,HUDSON VALLEY SCHOOL OF MASSAGE THERAPY ,NY,12493-0000,Proprietary  ,1,4,5,21,101,122
04125600,CAREER SCHOOL OF NY                     ,NY,10301-2416,Private      ,6,7,13,79,115,194
04131500,COLLECTIVE (THE)                        ,NY,10011-2026,Proprietary  ,0,1,1,0,1,1
04133700,NEW YORK MEDICAL CAREER TRAINING CENTER ,NY,11354-6504,Proprietary  ,2,16,18,46,177,223
04134000,"JOHN PAOLO'S XTREME BEAUTY INSTITUTE, GO",NY,12020-1245,Proprietary  ,2,21,23,20,101,121
04137700,ANN MARIE'S WORLD OF BEAUTY SCHOOL      ,NY,13901-2308,Proprietary  ,0,2,2,12,33,45
04138100,YESHIVA OF MACHZIKAI HADAS              ,NY,11219-1408,Private      ,75,28,103,86,164,250
04144300,INSTITUTE OF CULINARY EDUCATION         ,NY,10010-5205,Proprietary  ,17,47,64,491,1134,1625
04148000,NEW LIFE BUSINESS INSTITUTE             ,NY,11432-6149,Proprietary  ,19,102,121,55,305,360
04151200,SALON PROFESSIONAL ACADEMY (THE)        ,NY,14150-9200,Proprietary  ,1,5,6,49,77,126
04155300,ONONDAGA SCHOOL OF THERAPEUTIC MASSAGE  ,NY,13210-1533,Proprietary  ,0,1,1,70,260,330
04156000,ACADEMY OF COSMETOLOGY & ESTHETICS NYC (,NY,10306-3003,Proprietary  ,6,9,15,105,130,235
04165700,"JOHN PAOLO'S XTREME BEAUTY INSTITUTE, GO",NY,12110-3053,Proprietary  ,0,6,6,5,39,44
04166000,MANHATTAN INSTITUTE (THE)               ,NY,10016-6516,Proprietary  ,4,11,15,6,21,27
04167600,FINGER LAKES SCHOOL OF MASSAGE (THE)    ,NY,14850-1384,Proprietary  ,5,12,17,46,157,203
04167601,FINGER LAKES SCHOOL OF MASSAGE (THE) -  ,NY,10549-1103,Proprietary  ,5,17,22,20,71,91
04178700,ATELIER ESTHETIQUE INSTITUTE OF ESTHETIC,NY,10016-8804,Proprietary  ,1,27,28,9,106,115
04180200,LONG ISLAND NAIL & SKIN CARE INSTITUTE  ,NY,11756-1316,Proprietary  ,0,8,8,10,36,46
00267808,BRYANT & STRATTON COLLEGE - PARMA       ,OH,44130-0000,Proprietary  ,23,148,171,843,4146,4989
00301000,ANTIOCH UNIVERSITY                      ,OH,45387-1608,Private      ,0,20,20,40,1189,1229
00301100,ART ACADEMY OF CINCINNATI               ,OH,45202-7106,Private      ,0,1,1,380,151,531
00301200,ASHLAND UNIVERSITY                      ,OH,44805-3799,Private      ,4,84,88,3937,3711,7648
00301221,ASHLAND UNIVERSITY - MANSFIELD          ,OH,44903-2269,Private      ,0,0,0,328,289,617
00301300,ATHENAEUM OF OHIO                       ,OH,45230-2000,Private      ,0,1,1,5,18,23
00301400,BALDWIN-WALLACE COLLEGE                 ,OH,44017-2088,Private      ,1,32,33,4695,1785,6480
00301600,BLUFFTON UNIVERSITY                     ,OH,45817-2104,Private      ,2,1,3,1588,409,1997
00301800,BOWLING GREEN STATE UNIVERSITY          ,OH,43403-0001,Public       ,22,65,87,18961,7341,26302
00302300,CAPITAL UNIVERSITY                      ,OH,43209-2394,Private      ,3,39,42,4139,3204,7343
00302400,CASE WESTERN RESERVE UNIV               ,OH,44106-0000,Private      ,2,8,10,6715,1349,8064
00302401,CASE WESTERN RESERVE UNIV - MED         ,OH,44106-0000,Private      ,0,2,2,62,1134,1196
00302402,CASE WESTERN RESERVE UNIV - DENTAL      ,OH,44106-0000,Private      ,0,0,0,25,304,329
00302403,CASE WESTERN RESERVE UNIV - LAW         ,OH,44106-0000,Private      ,1,2,3,27,1288,1315
00302404,CASE WESTERN RESERVE UNIV - UG          ,OH,44106-0000,Private      ,0,4,4,381,70,451
00302405,CASE WESTERN RESERVE UNIV - MSASS       ,OH,44106-0000,Private      ,0,1,1,48,522,570
00302406,CASE WESTERN RESERVE UNIV - NURS UG     ,OH,44106-0000,Private      ,0,1,1,226,210,436
00302407,CASE WESTERN RESERVE UNIV - WSOM        ,OH,44106-0000,Private      ,0,3,3,20,293,313
00302408,CASE WESTERN RESERVE UNIV -A&S GRAD     ,OH,44106-0000,Private      ,0,3,3,19,391,410
00302409,CASE WESTERN RESERVE UNIV -ENG GRAD     ,OH,44106-0000,Private      ,0,1,1,30,116,146
00302410,CASE WESTERN RESERVE UNIV -NURS GRD     ,OH,44106-0000,Private      ,0,3,3,15,421,436
00302500,CEDARVILLE UNIVERSITY                   ,OH,45314-8564,Private      ,4,5,9,4002,296,4298
00302600,CENTRAL STATE UNIVERSITY                ,OH,45384-1004,Public       ,11,19,30,3539,1654,5193
00302900,CINCINNATI CHRISTIAN UNIVERSITY         ,OH,45204-3200,Private      ,3,13,16,602,751,1353
00303000,OHIO CHRISTIAN UNIVERSITY               ,OH,43113-9487,Private      ,4,103,107,554,2237,2791
00303100,CLEVELAND INSTITUTE OF MUSIC            ,OH,44106-1776,Private      ,1,2,3,488,458,946
00303200,CLEVELAND STATE UNIVERSITY              ,OH,44115-2214,Public       ,29,239,268,8846,15722,24568
00303300,COLLEGE OF MT ST JOSEPH                 ,OH,45233-1670,Private      ,0,20,20,1835,1460,3295
00303500,OHIO DOMINICAN UNIVERSITY               ,OH,43219-2099,Private      ,2,50,52,2260,2949,5209
00303600,FRANCISCAN UNIV OF STEUBENVILLE         ,OH,43952-1763,Private      ,4,7,11,2273,723,2996
00303700,COLLEGE OF WOOSTER                      ,OH,44691-2363,Private      ,1,5,6,3117,121,3238
00303900,COLUMBUS COLLEGE OF ART AND DESIGN      ,OH,43215-1758,Private      ,3,7,10,1791,619,2410
00304000,CUYAHOGA COMMUNITY COLLEGE              ,OH,44115-2878,Public       ,93,538,631,11741,30192,41933
00304100,"DEFIANCE COLLEGE, THE                   ",OH,43512-1695,Private      ,5,6,11,1457,570,2027
00304200,DENISON UNIVERSITY                      ,OH,43023-1329,Private      ,4,0,4,2919,94,3013
00304300,CHANCELLOR UNIVERSITY                   ,OH,44114-1096,Proprietary  ,3,38,41,56,1053,1109
00304400,TRINITY LUTHERAN SEMINARY               ,OH,43209-0000,Private      ,0,0,0,2,160,162
00304500,UNIVERSITY OF FINDLAY                   ,OH,45840-3695,Private      ,1,21,22,3324,1771,5095
00304600,FRANKLIN UNIVERSITY                     ,OH,43215-5399,Private      ,7,136,143,1072,11362,12434
00304700,HEBREW UNION COLLEGE MAIN CAMPUS        ,OH,45220-0000,Private      ,0,0,0,4,116,120
00304800,HEIDELBERG UNIVERSITY                   ,OH,44883-2462,Private      ,6,8,14,2071,458,2529
00304900,HIRAM COLLEGE                           ,OH,44234-1808,Private      ,1,4,5,1770,400,2170
00305000,JOHN CARROLL UNIVERSITY                 ,OH,44118-4581,Private      ,3,36,39,4270,1217,5487
00305100,KENT STATE UNIV - KENT CAMPUS           ,OH,44242-0001,Public       ,26,99,125,22082,12295,34377
00305101,KENT STATE UNIV - GEAUGA CAMPUS         ,OH,44021-0000,Public       ,1,13,14,463,822,1285
00305102,KENT STATE UNIV - STARK CAMPUS          ,OH,44720-0000,Public       ,3,31,34,2616,3236,5852
00305103,KENT STATE UNIV - TUSCARAWAS CAMPUS     ,OH,44663-0000,Public       ,2,17,19,1087,1983,3070
00305104,KENT STATE UNIV - TRUMBULL CAMPUS       ,OH,44483-0000,Public       ,2,25,27,1009,2327,3336
00305105,KENT STATE UNIV - ASHTABULA CAMPUS      ,OH,44004-0000,Public       ,4,20,24,1007,2147,3154
00305106,KENT STATE UNIV -E.LIVERPOOL CAMPUS     ,OH,43920-0000,Public       ,0,9,9,408,896,1304
00305107,KENT STATE UNIV - SALEM CAMPUS          ,OH,44460-0000,Public       ,1,12,13,883,1420,2303
00306500,KENYON COLLEGE                          ,OH,43022-9623,Private      ,1,0,1,2523,40,2563
00306600,LAKE ERIE COLLEGE                       ,OH,44077-3389,Private      ,1,5,6,1634,544,2178
00306800,LORAIN COUNTY COMMUNITY COLLEGE         ,OH,44035-1691,Public       ,48,132,180,4186,9901,14087
00306900,LOURDES COLLEGE                         ,OH,43560-2898,Private      ,2,18,20,909,2533,3442
00307200,MALONE UNIVERSITY                       ,OH,44709-3897,Private      ,0,12,12,2243,1612,3855
00307300,MARIETTA COLLEGE                        ,OH,45750-4033,Private      ,3,6,9,2613,348,2961
00307500,METHODIST THEOLOGICAL SCH IN OHIO       ,OH,43015-0000,Private      ,0,1,1,1,220,221
00307600,MIAMI-JACOBS COLLEGE                    ,OH,45401-0000,Proprietary  ,1,43,44,227,1487,1714
00307602,MIAMI - JACOBS CAREER COLLEGE - SPRINGBO,OH,45066-1115,Proprietary  ,2,18,20,133,650,783
00307603,MIAMI - JACOBS CAREER COLLEGE - TROY    ,OH,45373-3837,Proprietary  ,5,34,39,222,1022,1244
00307700,MIAMI UNIVERSITY                        ,OH,45056-1831,Public       ,31,134,165,19951,6546,26497
00307800,WRIGHT STATE UNIVERSITY                 ,OH,45435-0002,Public       ,32,76,108,14361,12035,26396
00308300,UNIVERSITY OF MOUNT UNION               ,OH,44601-3993,Private      ,1,1,2,3664,324,3988
00308400,MUSKINGUM UNIVERSITY                    ,OH,43762-1199,Private      ,2,18,20,2392,825,3217
00308500,NOTRE DAME COLLEGE OF OHIO              ,OH,44121-4293,Private      ,5,30,35,1944,1621,3565
00308600,OBERLIN COLLEGE                         ,OH,44074-1090,Private      ,3,0,3,5089,182,5271
00308800,OHIO COLLEGE OF PODIATRIC MEDICINE      ,OH,44131-7304,Private      ,0,2,2,2,493,495
00308900,OHIO NORTHERN UNIVERSITY                ,OH,45810-1555,Private      ,3,5,8,4008,1225,5233
00309000,OHIO STATE UNIVERSITY-ALL CAMPUSES      ,OH,43210-1358,Public       ,84,219,303,49163,27254,76417
00310000,OHIO UNIVERSITY                         ,OH,45701-2979,Public       ,38,171,209,21035,9538,30573
00310002,"OHIO UNIVERSITY, ZANESVILLE CAMPUS      ",OH,43701-0000,Public       ,2,20,22,1195,1608,2803
00310003,"OHIO UNIVERSITY, LANCASTER CAMPUS       ",OH,43130-0000,Public       ,2,41,43,1285,2093,3378
00310004,"OHIO UNIVERSITY, SOUTHERN CAMPUS        ",OH,45638-0000,Public       ,4,25,29,1004,2146,3150
00310005,"OHIO UNIVERSITY, CHILLICOTHE CAMPUS     ",OH,45601-0000,Public       ,6,43,49,1183,2795,3978
00310006,"OHIO UNIVERSITY, EASTERN CAMPUS         ",OH,43950-0000,Public       ,0,8,8,551,368,919
00310008,OHIO UNIV COLL OF OSTEOPATHIC MED       ,OH,45701-0000,Public       ,0,1,1,8,481,489
00310900,OHIO WESLEYAN UNIVERSITY                ,OH,43015-2398,Private      ,2,1,3,2955,198,3153
00311000,OTTERBEIN UNIVERSITY                    ,OH,43081-2006,Private      ,8,28,36,4037,1257,5294
00311300,PONTIFICAL COLLEGE JOSEPHINUM           ,OH,43235-1498,Private      ,1,0,1,27,32,59
00311400,FIRELANDS REGIONAL MEDICAL CENTER - SOUT,OH,44870-4788,Private      ,1,1,2,61,175,236
00311500,RABBINICAL COLLEGE OF TELSHE            ,OH,44092-2584,Private      ,14,8,22,20,20,40
00311600,UNIV OF RIO GRANDE                      ,OH,45674-3131,Private      ,13,52,65,1623,2138,3761
00311900,SINCLAIR COMMUNITY COLLEGE              ,OH,45402-1460,Public       ,57,319,376,9396,23170,32566
00312100,TIFFIN UNIVERSITY                       ,OH,44883-2161,Private      ,17,80,97,2780,6782,9562
00312200,UNITED THEOLOGICAL SEMINARY             ,OH,45406-0000,Private      ,0,10,10,2,398,400
00312300,UNIVERSITY OF AKRON                     ,OH,44325-6211,Public       ,37,113,150,20660,16181,36841
00312500,UNIVERSITY OF CINCINNATI                ,OH,45221-0125,Public       ,122,542,664,26381,24321,50702
00312504,UNIVERSITY OF CINCINNATI - MEDICINE     ,OH,45267-0553,Public       ,2,18,20,713,1720,2433
00312700,UNIVERSITY OF DAYTON                    ,OH,45469-0002,Private      ,6,80,86,10748,4337,15085
00313100,UNIVERSITY OF TOLEDO                    ,OH,43606-3390,Public       ,29,79,108,18369,11079,29448
00313101,UNIVERSITY OF TOLEDO - HEALTH SCIENCE CA,OH,43614-2598,Public       ,3,15,18,888,1697,2585
00313300,URBANA UNIVERSITY                       ,OH,43078-2091,Private      ,5,9,14,1010,763,1773
00313400,URSULINE COLLEGE                        ,OH,44124-4398,Private      ,0,39,39,647,1441,2088
00313500,WALSH UNIVERSITY                        ,OH,44720-3396,Private      ,3,19,22,2448,1292,3740
00314100,WILBERFORCE UNIVERSITY                  ,OH,45384-1001,Private      ,3,7,10,938,518,1456
00314200,WILMINGTON COLLEGE                      ,OH,45177-2499,Private      ,4,6,10,1757,573,2330
00314300,WITTENBERG UNIVERSITY                   ,OH,45501-2199,Private      ,1,5,6,2840,303,3143
00314400,XAVIER UNIVERSITY                       ,OH,45207-1035,Private      ,14,42,56,6928,3595,10523
00314500,YOUNGSTOWN STATE UNIVERSITY             ,OH,44555-0001,Public       ,22,46,68,10022,8924,18946
00398200,CLEVELAND INSTITUTE OF ART              ,OH,44106-1700,Private      ,4,4,8,971,275,1246
00406000,WINEBRENNER THEOLOGICAL SEMINARY        ,OH,45840-0000,Private      ,0,0,0,2,63,65
00485200,CLARK STATE COMMUNITY COLLEGE           ,OH,45505-4795,Public       ,17,105,122,1880,6219,8099
00485300,BRADFORD SCHOOL                         ,OH,43219-0000,Proprietary  ,1,3,4,770,751,1521
00485500,DAVIS COLLEGE                           ,OH,43623-4307,Proprietary  ,0,8,8,182,933,1115
00486100,UNIVERSITY OF NORTHWESTERN OHIO         ,OH,45805-1498,Private      ,20,29,49,4659,2207,6866
00486600,STAUTZENBERGER COLLEGE                  ,OH,43537-4007,Proprietary  ,5,34,39,490,1973,2463
00510200,SCH OF DIAGNOSTIC IMAGING-CLEVELAND     ,OH,44119-0000,Private      ,0,0,0,7,47,54
00512728,BROWN MACKIE COLLEGE-CINCINNATI - LANDMA,OH,45215-1231,Proprietary  ,0,0,0,1,12,13
00521000,CLEVELAND INSTITUTE OF ELECTRONICS      ,OH,44114-0000,Proprietary  ,0,0,0,12,184,196
00531300,NORTH CENTRAL STATE COLLEGE             ,OH,44901-0000,Public       ,11,47,58,1516,3845,5361
00575300,OWENS STATE COMMUNITY COLLEGE           ,OH,43699-0000,Public       ,43,217,260,6756,15880,22636
00648700,AULTMAN COLLEGE OF NURSING AND HEALTH SC,OH,44710-1799,Private      ,0,1,1,156,458,614
00648900,CHRIST COLLEGE OF NURSING AND HEALTH SCI,OH,45219-2906,Private      ,0,9,9,98,333,431
00649400,GOOD SAMARITAN COLG-NURSING/HEALTH      ,OH,45220-2489,Private      ,1,4,5,246,497,743
00649800,MERIDIA HURON SCHOOL OF NURSING         ,OH,44112-4308,Private      ,0,2,2,74,700,774
00650700,TRINIT HEALTH SYSTEM SCH OF NURSING     ,OH,43952-2667,Private      ,0,1,1,53,112,165
00680400,LAKELAND COMMUNITY COLLEGE              ,OH,44094-5198,Public       ,12,136,148,3393,7516,10909
00686700,COLUMBUS STATE COMMUNITY COLLEGE        ,OH,43215-1786,Public       ,96,594,690,14252,32820,47072
00703500,KETTERING COLLEGE OF MEDICAL ARTS       ,OH,45429-1299,Private      ,4,14,18,577,1124,1701
00708500,MOUNT VERNON NAZARENE UNIVERSITY        ,OH,43050-9500,Private      ,2,12,14,1608,735,2343
00708501,MOUNT VERNON NAZARENE UNIV - AGS        ,OH,43050-0000,Private      ,0,12,12,100,1116,1216
00727500,EASTERN GATEWAY COMMUNITY COLLEGE       ,OH,43952-3598,Public       ,5,29,34,972,1805,2777
00732920,ITT TECHNICAL INSTITUTE                 ,OH,45414-3456,Proprietary  ,23,88,111,676,2670,3346
00732992,ITT TECHNICAL INSTITUTE                 ,OH,44509-4098,Proprietary  ,15,99,114,760,2111,2871
00747300,CHOFFIN CAREER & TECHNICAL CENTER       ,OH,44503-1628,Public       ,0,4,4,65,375,440
00759800,HOCKING TECHNICAL COLLEGE               ,OH,45764-9582,Public       ,23,85,108,4276,5282,9558
00777700,REMINGTON COLLEGE - CLEVELAND CAMPUS    ,OH,44125-1957,Proprietary  ,20,132,152,375,1935,2310
00777704,REMINGTON COLLEGE-CLEVELAND WEST CAMPUS ,OH,44070-3129,Proprietary  ,9,50,59,159,684,843
00812900,ADULT AND COMMUNITY EDUCATION @ HUDSON  ,OH,43211-2017,Public       ,2,24,26,58,557,615
00813200,TOLEDO SCHOOL OF PRACTICAL NURSING      ,OH,43613-5110,Public       ,2,12,14,94,434,528
00813300,ZANE STATE COLLEGE                      ,OH,43701-2626,Public       ,7,47,54,1237,3143,4380
00819400,AKRON SCHOOL OF PRACTICAL NRSG          ,OH,44311-0000,Public       ,0,3,3,86,254,340
00827800,TERRA COMMUNITY COLLEGE                 ,OH,43420-9670,Public       ,14,92,106,1067,2933,4000
00867700,NORTHWEST STATE COMMUNITY COLLEGE       ,OH,43502-9542,Public       ,6,42,48,1187,3456,4643
00888600,PORTAGE LAKES CAREER CENTER             ,OH,44685-9554,Public       ,0,0,0,24,187,211
00915600,WAYNE COUNTY SCHOOLS CAREER CENTER      ,OH,44677-9672,Public       ,0,3,3,51,289,340
00917200,SPRINGFIELD REGIONAL SCHOOL OF NURSING  ,OH,45501-0000,Private      ,0,1,1,53,139,192
00941200,FORTIS COLLEGE                          ,OH,44221-2998,Proprietary  ,17,121,138,407,1554,1961
00953000,GERBER AKRON BEAUTY SCHOOL              ,OH,44313-6995,Proprietary  ,1,2,3,23,132,155
00953100,SPA SCHOOL (THE)                        ,OH,43214-1524,Proprietary  ,1,9,10,75,251,326
00962105,HERZING UNIVERSITY - AKRON INSTITUTE    ,OH,44306-3958,Proprietary  ,13,55,68,409,1681,2090
00966000,TIFFIN ACADEMY OF HAIR DESIGN           ,OH,44883-2833,Proprietary  ,1,2,3,48,92,140
00994100,BELMONT TECHNICAL COLLEGE               ,OH,43950-9766,Public       ,6,16,22,1114,2284,3398
00994200,SHAWNEE STATE UNIVERSITY                ,OH,45662-4344,Public       ,8,30,38,4305,2699,7004
01001700,PAYNE THEOLOGICAL SEMINARY              ,OH,45384-0474,Private      ,0,3,3,2,166,168
01002700,JAMES A. RHODES STATE COLLEGE           ,OH,45804-3597,Public       ,14,65,79,1925,4331,6256
01016800,NATIONWIDE BEAUTY ACADEMY               ,OH,43228-1000,Proprietary  ,1,12,13,154,340,494
01028000,OHIO STATE BEAUTY ACADEMY               ,OH,45801-4950,Proprietary  ,2,8,10,94,236,330
01032300,HANNAH E MULLINS SCH-PRAC NRSG          ,OH,44460-2906,Public       ,0,0,0,31,134,165
01034500,CINCINNATI STATE TECH & COMM CLG        ,OH,45223-2690,Public       ,91,304,395,5944,14712,20656
01045300,WASHINGTON STATE CMTY COLLEGE           ,OH,45750-9225,Public       ,8,39,47,1054,1963,3017
01063000,NORTHERN INSTITUTE OF COSMETOLOGY       ,OH,44052-1803,Proprietary  ,0,5,5,21,75,96
01073600,MARION TECHNICAL COLLEGE                ,OH,43302-5694,Public       ,6,29,35,925,2650,3575
01088000,CHATFIELD COLLEGE                       ,OH,45118-9705,Private      ,5,37,42,89,407,496
01088100,STARK STATE COLLEGE OF TECHNOLOGY       ,OH,44720-7299,Public       ,22,149,171,4297,13587,17884
01090600,CINCINNATI CLG OF MORTUARY SCIENCE      ,OH,45224-1428,Private      ,0,1,1,90,202,292
01092300,UNION INSTITUTE & UNIVERSITY            ,OH,45206-1925,Private      ,2,122,124,51,2181,2232
01099300,HOBART INSTITUTE OF WELDING TECHNOLOGY  ,OH,45373-2400,Private      ,6,7,13,286,321,607
01100500,KAPLAN COLLEGE                          ,OH,43232-4827,Proprietary  ,16,78,94,275,1787,2062
01104600,CENTRAL OHIO TECHNICAL COLLEGE          ,OH,43055-1767,Public       ,6,74,80,1743,5756,7499
01170300,PENTA COUNTY JOINT VOCATIONAL SCH       ,OH,43551-0000,Public       ,0,1,1,28,143,171
01174400,NATIONAL BEAUTY COLLEGE                 ,OH,44720-0000,Proprietary  ,1,3,4,41,180,221
01174500,OHIO TECHNICAL COLLEGE                  ,OH,44103-1228,Proprietary  ,15,19,34,1545,1091,2636
01182500,OHIO STATE SCHOOL OF COSMETOLOGY        ,OH,43224-1107,Proprietary  ,1,7,8,81,252,333
01212800,SOUTHWESTERN COLLEGE                    ,OH,45402-3003,Proprietary  ,6,27,33,245,1941,2186
01212802,SOUTHWESTERN COLLEGE                    ,OH,45005-2267,Proprietary  ,4,15,19,81,686,767
01212803,SOUTHWESTERN COLLEGE                    ,OH,45202-4304,Proprietary  ,2,16,18,226,1702,1928
01212804,SOUTHWESTERN COLLEGE                    ,OH,45246-3121,Proprietary  ,5,49,54,329,2032,2361
01212806,LINCOLN COLLEGE OF TECHNOLOGY - TOLEDO  ,OH,43615-6800,Proprietary  ,3,11,14,208,1373,1581
01216600,CAROUSEL BEAUTY COLLEGE                 ,OH,45402-8935,Proprietary  ,6,22,28,83,252,335
01224800,CENTRAL SCHOOL OF PRACTICAL NURSING     ,OH,44103-4371,Private      ,0,3,3,95,494,589
01267200,CAROUSEL BEAUTY COLLEGE                 ,OH,45044-5113,Proprietary  ,1,1,2,18,43,61
01267400,CAROUSEL OF MIAMI VALLEY BEAUTY CLG     ,OH,45424-2063,Proprietary  ,0,0,0,3,17,20
01275000,EDISON COMMUNITY COLLEGE                ,OH,45356-9239,Public       ,8,35,43,1194,3064,4258
01283800,LAURA AND ALVIN SIEGAL COLLEGE OF JUDAIC,OH,44122-7197,Private      ,0,0,0,0,9,9
01284800,MOLER-HOLLYWOOD BEAUTY COLLEGE          ,OH,45202-2577,Proprietary  ,2,23,25,38,148,186
01287000,SOUTHERN STATE COMMUNITY COLLEGE        ,OH,45133-9406,Public       ,14,45,59,1283,3669,4952
01289100,ANTONELLI COLLEGE                       ,OH,45202-2592,Proprietary  ,3,22,25,241,671,912
01289600,VIRGINIA MARTI COLLEGE OF ART AND DESIGN,OH,44107-0778,Proprietary  ,3,1,4,232,226,458
01313200,INTERNATIONAL CLG OF BROADCASTING       ,OH,45431-1898,Proprietary  ,1,1,2,66,165,231
02052000,KAPLAN COLLEGE                          ,OH,45439-1984,Proprietary  ,6,91,97,293,1385,1678
02054300,TRUMBULL BUSINESS COLLEGE               ,OH,44484-0000,Proprietary  ,1,6,7,81,631,712
02056800,DAYMAR COLLEGE                          ,OH,45601-1038,Proprietary  ,8,62,70,99,928,1027
02056802,DAYMAR COLLEGE - LANCASTER              ,OH,43130-0000,Proprietary  ,3,28,31,38,346,384
02056803,DAYMAR COLLEGE - NEW BOSTON             ,OH,45662-4900,Proprietary  ,5,31,36,57,416,473
02056804,DAYMAR COLLEGE - JACKSON                ,OH,45640-1728,Proprietary  ,8,43,51,38,312,350
02066100,OHIO STATE COLLEGE/BARBER STYLING       ,OH,43213-0000,Proprietary  ,4,12,16,97,277,374
02073300,GALLIA-JACKSON-VINTON SCH ADULT ED      ,OH,45674-0000,Public       ,0,1,1,76,248,324
02110700,CLEVELAND INST OF DENTAL-MED ASST       ,OH,44115-2285,Proprietary  ,13,53,66,185,871,1056
02116009,SANFORD-BROWN COLLEGE - MIDDLEBURG HEIGH,OH,44130-8362,Proprietary  ,17,97,114,392,1974,2366
02116900,UPPER VALLEY JVS                        ,OH,45356-0000,Public       ,0,1,1,20,361,381
02117300,GREAT OAKS INSTITUTE OF TECHNOLOGY      ,OH,45241-1581,Public       ,3,15,18,223,894,1117
02128600,THE ART INSTITUTE OF CINCINNATI         ,OH,45246-0000,Proprietary  ,3,3,6,347,229,576
02140700,COMMUNITY EDUCATIONAL SERVICES          ,OH,44702-1710,Public       ,0,1,1,32,260,292
02152100,ACADEMY OF COURT REPORTING AND TECHNOLOG,OH,44115-0000,Proprietary  ,0,18,18,82,643,725
02152101,ACADEMY OF COURT REPORTING & TECHNOLOGY ,OH,43215-3902,Proprietary  ,3,33,36,126,866,992
02152102,ACADEMY OF COURT REPORTING - MIAMI-JACOB,OH,44313-3607,Proprietary  ,0,0,0,13,88,101
02152104,ACADEMY OF COURT REPORTING AND TECHNOLOG,OH,45202-2123,Proprietary  ,0,0,0,13,81,94
02152106,ACADEMY OF COURT REPORTING AND TECHNOLOG,OH,45241-5428,Proprietary  ,3,11,14,50,336,386
02158500,OHIO BUSINESS COLLEGE                   ,OH,44035-0701,Proprietary  ,2,20,22,128,960,1088
02158501,OHIO BUSINESS COLLEGE                   ,OH,44870-9953,Proprietary  ,3,8,11,100,774,874
02168100,TRI-COUNTY JOINT VOCATIONAL SCHOOL      ,OH,45764-0000,Public       ,1,0,1,48,160,208
02187900,ASHTABULA CO JOINT VOC SCH ADULT ED     ,OH,44047-0000,Public       ,0,8,8,31,269,300
02189000,ADULT CENTER FOR EDUCATION              ,OH,43701-0000,Public       ,4,16,20,101,474,575
02190700,FORTIS COLLEGE                          ,OH,45459-0000,Proprietary  ,29,398,427,563,4143,4706
02192100,BUTLER TECHNOLOGY AND CAREER DEVELOPMENT,OH,45011-0000,Public       ,5,28,33,213,913,1126
02196300,COLLINS CAREER CENTER                   ,OH,45619-0000,Public       ,2,4,6,255,671,926
02210800,MEDINA COUNTY CAREER CENTER             ,OH,44256-0000,Public       ,0,3,3,49,220,269
02215400,OHIO STATE SCHOOL OF COSMETOLOGY        ,OH,43207-0000,Proprietary  ,1,2,3,97,231,328
02220500,GOD'S BIBLE SCHOOL & COLLEGE            ,OH,45210-0000,Private      ,0,0,0,189,85,274
02220800,CAREER & TECHNOLOGY EDUCATION CENTERS OF,OH,43055-0000,Public       ,1,8,9,62,342,404
02239800,PIONEER CAREER & TECHNOLOGY CENTER      ,OH,44875-0000,Public       ,0,1,1,7,75,82
02245600,WARREN COUNTY CAREER CENTER             ,OH,45036-0000,Public       ,5,10,15,61,413,474
02246300,INSTITUTE OF MEDICAL-DENTAL TECH        ,OH,45246-3317,Proprietary  ,1,10,11,58,300,358
02263700,MIAMI VALLEY CAREER TECHNOLOGY CTR      ,OH,45315-0000,Public       ,2,6,8,112,584,696
02269400,EASTERN HILLS ACAD OF HAIR DESIGN       ,OH,45255-0000,Proprietary  ,1,5,6,32,125,157
02269500,WESTERN HILLS SCHOOL OF BEAUTY & HAIR DE,OH,45211-0000,Proprietary  ,0,24,24,61,336,397
02270100,OHIO HI-POINT CAREER CENTER             ,OH,43311-0000,Public       ,1,7,8,49,408,457
02272700,COLUMBIANA COUNTY CAREER CENTER         ,OH,44432-0000,Public       ,0,5,5,38,253,291
02287900,RAPHAEL'S SCHOOL OF BEAUTY CULTURE      ,OH,44446-0000,Proprietary  ,2,13,15,66,279,345
02289802,KAPLAN COLLEGE                          ,OH,45203-0000,Proprietary  ,10,72,82,193,1340,1533
02301400,OHIO VALLEY COLLEGE OF TECHNOLOGY       ,OH,43920-9139,Proprietary  ,5,12,17,112,294,406
02303600,FORTIS COLLEGE - RAVENNA CAMPUS         ,OH,44266-0000,Proprietary  ,6,29,35,145,851,996
02304700,TRI-RIVERS CAREER CENTER                ,OH,43302-0000,Public       ,0,3,3,59,296,355
02311200,AMERICAN SCHOOL OF TECHNOLOGY           ,OH,43229-0000,Proprietary  ,6,57,63,89,799,888
02315500,TOLEDO ACADEMY OF BEAUTY CULTURE - EAST ,OH,43616-0000,Proprietary  ,0,4,4,19,144,163
02324400,ALLSTATE HAIRSTYLING & BARBER CLG       ,OH,44113-0000,Proprietary  ,1,4,5,6,78,84
02328500,MOLER-PICKENS BEAUTY COLLEGE            ,OH,45014-0000,Proprietary  ,4,12,16,15,90,105
02334300,INTERNATIONAL ACAD OF HAIR DESIGN       ,OH,45239-0000,Proprietary  ,7,8,15,67,139,206
02336300,KNOX COUNTY CAREER CENTER               ,OH,43050-4298,Public       ,0,0,0,33,318,351
02336700,CUYAHOGA VALLEY CAREER CENTER           ,OH,44141-1296,Public       ,0,3,3,95,310,405
02337700,PROFESSIONAL SKILLS INSTITUTE           ,OH,43607-0000,Proprietary  ,0,8,8,129,858,987
02351500,WILLOUGHBY EASTLAKE SCH OF PRAC NSG     ,OH,44094-0000,Public       ,0,0,0,16,130,146
02352800,POLARIS CAREER CENTER-ADULT ED DEPT     ,OH,44130-0000,Public       ,0,4,4,90,448,538
02354200,SCIOTO COUNTY JOINT VOCATIONAL SCH      ,OH,45648-0000,Public       ,1,6,7,91,363,454
02454400,NORTHEASTERN OHIO UNIVS COL OF MED      ,OH,44272-0000,Public       ,0,1,1,123,832,955
02497800,GREENE COUNTY CAREER CENTER             ,OH,45385-0000,Public       ,1,3,4,43,269,312
02512600,ADULT VOCATIONAL SERVICES               ,OH,44308-0000,Public       ,0,2,2,3,71,74
02519300,OHIO STATE SCH COSMETOLOGY              ,OH,43110-2754,Proprietary  ,0,3,3,73,163,236
02522700,EASTLAND-FAIRFIELD CAREER AND TECHNICAL ,OH,43125-0000,Public       ,0,17,17,68,424,492
02528300,TDDS TECHNICAL INSTITUTE                ,OH,44429-0000,Proprietary  ,3,40,43,96,810,906
02529500,HAMRICK SCHOOL                          ,OH,44256-0000,Proprietary  ,2,8,10,34,365,399
02541400,TOLEDO ACADEMY OF BEAUTY CULTURE-SO     ,OH,43614-0000,Proprietary  ,1,9,10,59,234,293
02545800,INNER STATE BEAUTY SCHOOLS              ,OH,44124-0000,Proprietary  ,3,9,12,56,264,320
02553000,SCHOOL OF ADVERTISING ART               ,OH,45440-0000,Proprietary  ,0,1,1,180,34,214
02560000,CASAL AVEDA INSTITUTE                   ,OH,44515-0000,Proprietary  ,1,7,8,108,133,241
02560700,PICKAWAY ROSS CO JOINT VOC TECH SCH     ,OH,45601-0000,Public       ,1,15,16,70,475,545
02560701,PICKAWAY ROSS COUNTY JOINT VOCATIONAL SC,OH,45601-9010,Public       ,0,4,4,26,167,193
02562300,APOLLO CAREER CENTER-ADULT EDUC         ,OH,45806-0000,Public       ,0,10,10,106,777,883
02563000,RAPHAELS SCHOOL OF BEAUTY CULTURE       ,OH,44601-2847,Proprietary  ,1,5,6,30,129,159
02568600,MAHONING COUNTY CAREER & TECH CENTR     ,OH,44406-0000,Public       ,0,0,0,16,114,130
02582900,KAPLAN CAREER INSTITUTE                 ,OH,44129-6810,Proprietary  ,12,44,56,230,1167,1397
02586400,TRUMBULL CAREER & TECH CENTER-ADULT     ,OH,44483-1997,Public       ,0,5,5,69,422,491
02588500,OHIO STATE SCHOOL OF COSMETOLOGY        ,OH,43081-0000,Proprietary  ,5,7,12,122,220,342
02599711,VATTEROTT COLLEGE - CLEVELAND           ,OH,44147-3502,Proprietary  ,3,34,37,57,704,761
02603800,LORAIN COUNTY JVS ADULT CAREER CTR      ,OH,44074-9799,Public       ,0,7,7,73,381,454
02611007,HERITAGE COLLEGE - COLUMBUS             ,OH,43213-4440,Proprietary  ,2,29,31,2,29,31
02620000,SANDUSKY CAREER CENTER                  ,OH,44870-4786,Public       ,0,1,1,30,242,272
03007900,GALLIPOLIS CAREER COLLEGE               ,OH,45631-2600,Proprietary  ,1,3,4,26,268,294
03009702,"HARRISON COLLEGE - MUNCIE - COLUMBUS, OH",OH,43123-0000,Proprietary  ,10,35,45,67,286,353
03015100,ALLIANCE HIGH SCH-CMTY SERVICES DIV     ,OH,44601-2899,Public       ,0,6,6,32,190,222
03015300,EHOVE CAREER CENTER                     ,OH,44846-9500,Public       ,1,11,12,85,560,645
03023700,MADISON ADULT CAREER CENTER             ,OH,44905-2718,Public       ,1,5,6,40,275,315
03024300,VALLEY BEAUTY SCHOOL                    ,OH,43725-2332,Proprietary  ,4,4,8,52,136,188
03027100,FAIRVIEW ACADEMY                        ,OH,44126-2214,Proprietary  ,0,2,2,18,66,84
03034200,WASHINGTON COUNTY CAREER CENTER ADULT TE,OH,45750-9290,Public       ,0,7,7,73,471,544
03051400,AUBURN CAREER CENTER                    ,OH,44077-9723,Public       ,0,2,2,69,252,321
03051500,US GRANT JOINT VOCATIONAL SCHOOL        ,OH,45106-9502,Public       ,0,0,0,3,33,36
03065800,OHIO INSTITUTE OF HEALTH CAREERS        ,OH,44035-2394,Proprietary  ,0,0,0,52,204,256
03065900,BUCKEYE CAREER CENTER                   ,OH,44663-9437,Public       ,0,3,3,81,279,360
03067600,RAPHAEL'S SCHOOL OF BEAUTY CULTURE      ,OH,44512-2222,Proprietary  ,2,5,7,30,92,122
03068200,OHIO CENTER FOR BROADCASTING            ,OH,44125-6273,Proprietary  ,2,1,3,107,381,488
03068202,OHIO CENTER FOR BROADCASTING - COLUMBUS ,OH,43213-2571,Proprietary  ,7,11,18,78,300,378
03071900,MOUNT CARMEL COLLEGE OF NURSING         ,OH,43222-1598,Private      ,0,7,7,695,995,1690
03072303,EVEREST INSTITUTE - COLUMBUS            ,OH,43230-6653,Proprietary  ,12,76,88,208,1431,1639
03078000,OHIO CENTER FOR BROADCASTING            ,OH,45227-1509,Proprietary  ,1,5,6,43,138,181
03079000,ETI TECHNICAL COLLEGE                   ,OH,44446-4398,Proprietary  ,1,19,20,120,485,605
03084800,DELAWARE AREA CAREER CENTER             ,OH,43015-8969,Public       ,0,3,3,9,62,71
03084801,DELAWARE AREA CAREER CENTER -           ,OH,43015-9001,Public       ,0,1,1,1,29,30
03095600,VANTAGE CAREER CENTER                   ,OH,45891-1378,Public       ,0,6,6,17,174,191
03097000,MERCY COLLEGE OF NORTHWEST OHIO         ,OH,43604-1132,Private      ,1,9,10,637,1394,2031
03100100,PARAMOUNT BEAUTY ACADEMY                ,OH,45662-4136,Proprietary  ,1,6,7,50,133,183
03105400,CLEVELAND EXTENSION HIGH SCH-WEST       ,OH,44102-2298,Public       ,0,0,0,6,32,38
03116200,DAYTON BARBER COLLEGE                   ,OH,45342-0000,Proprietary  ,1,13,14,41,167,208
03116300,OHIO COLLEGE OF MASSOTHERAPY            ,OH,44321-1363,Private      ,0,9,9,52,217,269
03116400,VANGUARD-SENTINELL VOC SCH DISTRICT     ,OH,43420-1197,Public       ,0,1,1,7,70,77
03117000,ASHLAND COUNTY-W HOLMES CAREER CTR      ,OH,44805-0000,Public       ,4,4,8,31,221,252
03319300,CREATIVE IMAGES-A CERTIFIED MATRIX      ,OH,45414-2557,Proprietary  ,2,15,17,78,276,354
03319301,CREATIVE IMAGES-A CERTIFIED MATRIX      ,OH,45459-0000,Proprietary  ,3,12,15,60,245,305
03416400,VALLEY BEAUTY SCHOOL                    ,OH,43701-3624,Proprietary  ,0,3,3,16,86,102
03425300,ROSEDALE BIBLE COLLEGE                  ,OH,43029-9517,Private      ,0,0,0,85,18,103
03457300,ALLEGHENY WESLEYAN COLLEGE              ,OH,44460-9598,Private      ,0,1,1,45,32,77
03468400,NATIONAL INSTITUTE OF MASSOTHERAPY      ,OH,44319-2100,Proprietary  ,2,0,2,25,142,167
03468500,ATS INSTITUTE OF TECHNOLOGY             ,OH,44143-2216,Proprietary  ,1,32,33,48,823,871
03475400,TRI-STATE BIBLE COLLEGE                 ,OH,45680-8402,Private      ,2,2,4,5,50,55
03534400,AMERICAN INST OF ALTERNATIVE MEDICI     ,OH,43229-1113,Proprietary  ,2,24,26,54,428,482
03626300,BROWN AVEDA INSTITUTE                   ,OH,44060-6212,Proprietary  ,1,6,7,208,373,581
03693300,CARNEGIE CAREER COLLEGE                 ,OH,44260-9608,Private      ,1,49,50,26,408,434
03700300,REGENCY BEAUTY INSTITUTE - CLEVELAND    ,OH,44094-0000,Proprietary  ,3,21,24,153,399,552
03726300,TEMPLE BAPTIST COLLEGE                  ,OH,45240-0000,Private      ,0,0,0,14,47,61
03747300,BEXLEY HALL SEMINARY                    ,OH,43209-2325,Private      ,0,0,0,2,21,23
03776400,HEALING ARTS INSTITUTE                  ,OH,43551-3138,Proprietary  ,0,0,0,18,76,94
03837300,AVEDA FREDRIC'S INSTITUTE               ,OH,45208-1304,Proprietary  ,7,8,15,173,252,425
03882300,OREGON CAREER CENTER                    ,OH,43616-2631,Public       ,0,0,0,11,103,114
04050400,DESIGNER'S BEAUTY ACADEMY               ,OH,43920-0000,Proprietary  ,0,2,2,15,44,59
04051307,ART INSTITUTE OF PHOENIX (THE) - BROWN M,OH,45215-1107,Proprietary  ,54,282,336,1753,7618,9371
04051317,ART INSTITUTE OF PHOENIX (THE) - BROWN M,OH,45840-6848,Proprietary  ,37,195,232,904,4653,5557
04051326,ART INSTITUTE OF PHOENIX (THE) - BROWN M,OH,44718-3674,Proprietary  ,7,43,50,273,1765,2038
04068300,FOUR COUNTY CAREER CENTER               ,OH,43512-9541,Public       ,0,2,2,8,60,68
04074300,HONDROS COLLEGE                         ,OH,43081-3855,Proprietary  ,1,10,11,304,1920,2224
04116700,NEWLIFE TECHNICAL INSTITUTE             ,OH,43920-2920,Private      ,2,1,3,16,48,64
04117300,DAYTON SCHOOL OF MEDICAL MASSAGE        ,OH,45429-1111,Proprietary  ,16,46,62,256,785,1041
04118300,NORTHCOAST MEDICAL TRAINING ACADEMY     ,OH,44240-4174,Proprietary  ,3,7,10,133,423,556
04124500,TECHSKILLS                              ,OH,43231-0000,Proprietary  ,2,20,22,30,332,362
04125700,CUT BEAUTY SCHOOL (THE)                 ,OH,44118-2918,Proprietary  ,2,7,9,65,288,353
04126000,OHIO ACADEMY PAUL MITCHELL PARTNER SCHOO,OH,44087-3107,Proprietary  ,4,11,15,115,171,286
04137800,AVEDA INSTITUTE COLUMBUS                ,OH,43201-2333,Proprietary  ,14,15,29,171,306,477
04138000,INSTITUTE OF THERAPEUTIC MASSAGE        ,OH,45875-0350,Proprietary  ,0,6,6,25,105,130
04140100,CISORIA ACADEMY OF COSMETOLOGY          ,OH,44137-2915,Proprietary  ,0,1,1,26,100,126
04149100,CINCINNATI ACADEMY A PAUL MITCHELL PARTN,OH,45241-1702,Proprietary  ,7,18,25,161,206,367
04151400,VANITY SCHOOL OF COSMETOLOGY            ,OH,44035-0000,Proprietary  ,0,0,0,16,65,81
04152100,TOLEDO RESTAURANT TRAINING CENTER       ,OH,43604-6508,Private      ,0,1,1,3,64,67
04152600,PIKE COUNTY CAREER TECHNOLOGY CENTER    ,OH,45661-9114,Public       ,0,0,0,22,126,148
04153300,OHIO ACADEMY COLUMBUS (THE)             ,OH,43231-6038,Proprietary  ,2,12,14,108,173,281
04154000,TOLLES CAREER & TECHNICAL CENTER        ,OH,43064-8854,Public       ,0,1,1,8,25,33
04166800,SALON PROFESSIONAL ACADEMY (THE)        ,OH,45551-0000,Proprietary  ,2,2,4,62,144,206
04167700,ARTISAN COLLEGE OF COSMETOLOGY (THE)    ,OH,45840-6848,Proprietary  ,0,1,1,18,43,61
04185900,ELITE SCHOOL OF COSMETOLOGY             ,OH,44857-2714,Proprietary  ,1,7,8,1,7,8
        ,INVALID SCHOOL CODE                     ,  ,00000-0000,,82,389,471,2615,8758,11373
00134500,ADAMS STATE COLLEGE                     ,CO,81102-2373,Public       ,22,112,134,2626,2462,5088
00134600,ARAPAHOE COMMUNITY COLLEGE              ,CO,80160-9002,Public       ,67,294,361,2780,7108,9888
00134700,COLORADO COLLEGE                        ,CO,80903-3294,Private      ,2,10,12,2705,629,3334
00134800,COLORADO SCHOOL OF MINES                ,CO,80401-1887,Public       ,16,10,26,5336,1258,6594
00134900,UNIVERSITY OF NORTHERN COLORADO         ,CO,80639-0001,Public       ,28,136,164,10487,5022,15509
00135000,COLORADO STATE UNIVERSITY               ,CO,80523-0100,Public       ,63,230,293,21999,11320,33319
00135200,DENVER  SEMINARY                        ,CO,80120-2192,Private      ,0,8,8,4,750,754
00135300,FORT LEWIS COLLEGE                      ,CO,81301-3999,Public       ,12,15,27,4034,1581,5615
00135400,ILIFF SCHOOL OF THEOLOGY                ,CO,80210-0000,Private      ,0,4,4,2,301,303
00135500,LAMAR COMMUNITY COLLEGE                 ,CO,81052-3999,Public       ,5,24,29,409,489,898
00135800,MESA STATE COLLEGE                      ,CO,81501-7682,Public       ,22,85,107,5847,4317,10164
00135900,COLORADO NORTHWESTERN COMMUNITY COLLEGE ,CO,81648-3598,Public       ,4,14,18,471,687,1158
00136000,METROPOLITAN STATE CLG OF DENVER        ,CO,80204-0000,Public       ,142,402,544,12005,18384,30389
00136100,NORTHEASTERN JUNIOR COLLEGE             ,CO,80751-2399,Public       ,12,31,43,1286,690,1976
00136200,OTERO JUNIOR COLLEGE                    ,CO,81050-3346,Public       ,15,40,55,662,975,1637
00136300,REGIS UNIVERSITY                        ,CO,80221-1099,Private      ,5,150,155,2700,10416,13116
00136500,COLORADO STATE UNIVERSITY-PUEBLO        ,CO,81001-4901,Public       ,34,140,174,4967,4646,9613
00136800,TRINIDAD STATE JR COLLEGE               ,CO,81082-2396,Public       ,18,59,77,727,1502,2229
00137000,UNIVERSITY OF COLORADO-BOULDER          ,CO,80309-0077,Public       ,75,124,199,23407,10381,33788
00137100,UNIVERSITY OF DENVER                    ,CO,80208-2000,Private      ,16,187,203,7247,10874,18121
00137200,WESTERN STATE COLLEGE                   ,CO,81231-0000,Public       ,5,8,13,2350,658,3008
00163202,AQUINAS INSTITUTE OF THEOLOGY - AQUINAS ,CO,80903-1498,Private      ,0,0,0,5,36,41
00405702,NATIONAL AMERICAN UNIVERSITY - COLORADO ,CO,80920-4001,Proprietary  ,1,7,8,36,297,333
00405703,NATIONAL AMERICAN UNIVERSITY            ,CO,80222-0000,Proprietary  ,1,14,15,35,362,397
00450300,EVEREST COLLEGE                         ,CO,80916-3548,Proprietary  ,12,54,66,232,1387,1619
00450600,COLORADO MOUNTAIN COLLEGE               ,CO,81602-0000,Public       ,18,85,103,1554,1849,3403
00450700,EVEREST COLLEGE                         ,CO,80229-4339,Proprietary  ,8,42,50,225,1370,1595
00450701,"EVEREST COLLEGE- EVEREST COLLEGE, AURORA",CO,80012-5692,Proprietary  ,5,51,56,219,1174,1393
00450800,UNIVERSITY OF COLORADO DENVER           ,CO,80204-2029,Public       ,65,329,394,7787,16251,24038
00450900,UNIV OF COLORADO AT COLO SPRINGS        ,CO,80918-3735,Public       ,26,110,136,6025,5474,11499
00559600,EMILY GRIFFITH OPPORTUNITY SCH          ,CO,80204-2197,Public       ,14,94,108,619,2568,3187
00729700,REDSTONE COLLEGE                        ,CO,80020-9988,Proprietary  ,10,38,48,364,1256,1620
00732912,ITT TECHNICAL INSTITUTE                 ,CO,80229-5338,Proprietary  ,19,68,87,501,2005,2506
00754700,LINCOLN COLLEGE OF TECHNOLOGY           ,CO,80223-2013,Proprietary  ,33,73,106,949,1145,2094
00754800,WESTWOOD COLLEGE - DENVER NORTH         ,CO,80221-3653,Proprietary  ,11,37,48,746,3081,3827
00754801,WESTWOOD COLLEGE - DENVER SOUTH         ,CO,80227-3653,Proprietary  ,8,35,43,285,1446,1731
00758200,AIMS COMMUNITY COLLEGE                  ,CO,80632-0000,Public       ,33,116,149,2339,4449,6788
00764900,ROCKY MOUNTAIN COLG OF ART & DESIGN     ,CO,80214-0000,Proprietary  ,9,6,15,976,491,1467
00793300,FRONT RANGE COMMUNITY COLLEGE           ,CO,80031-2199,Public       ,101,488,589,7593,14864,22457
00863500,INTELLITEC MEDICAL INSTITUTE            ,CO,80909-1570,Proprietary  ,10,59,69,130,849,979
00887100,CONCORDE CAREER INSTITUTE               ,CO,80203-0000,Proprietary  ,19,67,86,314,1523,1837
00889600,PIKES PEAK COMMUNITY COLLEGE            ,CO,80906-5498,Public       ,136,669,805,5149,13877,19026
00940100,COLORADO CHRISTIAN UNIVERSITY           ,CO,80226-7449,Private      ,4,92,96,1693,2937,4630
00954200,COMMUNITY COLLEGE OF DENVER             ,CO,80217-2026,Public       ,121,504,625,5169,12669,17838
00954300,RED ROCKS COMMUNITY COLLEGE             ,CO,80228-1255,Public       ,60,309,369,3182,7331,10513
00998100,MORGAN COMMUNITY COLLEGE                ,CO,80701-4399,Public       ,21,42,63,378,1240,1618
01014800,COLORADO TECHNICAL UNIVERSITY           ,CO,80907-3896,Proprietary  ,19,317,336,563,9590,10153
01014802,COLORADO TECHNICAL UNIV - DENVER        ,CO,80111-3201,Proprietary  ,5,43,48,171,1289,1460
01014805,COLORADO TECH UNIV - ON LINE            ,CO,80907-0000,Proprietary  ,151,2521,2672,2054,50698,52752
01014806,COLORADO TECH UNIV - FED EXPRESS        ,CO,80921-3800,Proprietary  ,1,7,8,16,181,197
01014808,COLORADO TECH UNIV - USAA               ,CO,80920-1005,Proprietary  ,2,3,5,20,124,144
01014809,COLORADO TECH UNIV - SCHRIEVER AFB      ,CO,80912-7298,Proprietary  ,0,0,0,1,10,11
01014810,COLORADO TECH UNIV - PETERSON AFB       ,CO,80914-1586,Proprietary  ,0,0,0,5,25,30
01014811,COLORADO TECH UNIV-HEWLETT PACKARD      ,CO,80919-2303,Proprietary  ,1,3,4,11,75,86
01014812,COLORADO TECHNICAL UNIVERSITY - WESTMINS,CO,80021-3498,Proprietary  ,6,57,63,196,1895,2091
01014813,COLORADO TECH UNIV - ORACLE             ,CO,80921-3660,Proprietary  ,2,5,7,15,139,154
01014815,COLORADO TECHNCL UNIV PUEBLO            ,CO,81003-2315,Proprietary  ,2,15,17,98,633,731
01070900,EMPIRE BEAUTY SCHOOL-LAKEWOOD           ,CO,80215-0000,Proprietary  ,6,6,12,64,181,245
01073200,SAN JUAN BASIN TECHNICAL COLLEGE        ,CO,81328-9196,Public       ,0,0,0,35,63,98
01129100,PENROSE HOSPITAL SCHOOL OF MEDICAL TECHN,CO,80933-0000,Private      ,0,0,0,0,1,1
01157200,COLORADO SCHOOL OF TRADES               ,CO,80215-2996,Proprietary  ,0,10,10,92,344,436
01267000,BEL-REA INST OF ANIMAL TECH             ,CO,80247-3048,Proprietary  ,9,21,30,569,972,1541
01285000,INTERNATIONAL SALON AND SPA ACADEMY     ,CO,80918-3684,Proprietary  ,10,22,32,115,308,423
01287500,PICKENS TECHNICAL COLLEGE               ,CO,80011-9307,Public       ,4,10,14,305,1005,1310
01300700,NAZARENE BIBLE COLLEGE                  ,CO,80910-3717,Private      ,2,11,13,75,766,841
02072200,EMPIRE BEAUTY SCHOOL -ARVADA            ,CO,80212-0000,Proprietary  ,5,11,16,67,198,265
02078900,ART INSTITUTE OF COLORADO (THE)         ,CO,80203-2983,Proprietary  ,31,77,108,1965,2579,4544
02116300,PUEBLO COMMUNITY COLLEGE                ,CO,81004-0000,Public       ,60,310,370,2288,7204,9492
02117500,NAROPA UNIVERSITY                       ,CO,80302-0000,Private      ,0,21,21,390,1372,1762
02133100,COLORADO CENTER FOR MEDICAL LABORATORY S,CO,80218-0000,Private      ,0,5,5,32,144,176
02141100,EMPIRE BEAUTY SCHOOL-LITTLETON          ,CO,80030-0000,Proprietary  ,7,18,25,90,306,396
02141103,ARTISTIC BEAUTY COLLEGES-AURORA         ,CO,80017-3194,Proprietary  ,0,0,0,26,72,98
02156200,DELTA - MONTROSE TECHNICAL COLLEGE      ,CO,81416-0000,Public       ,0,5,5,110,284,394
02160600,EMPIRE BEAUTY SCHOOL -THORNTON          ,CO,80241-1659,Proprietary  ,8,12,20,98,223,321
02165200,SALON PROFESSIONAL ACADEMY (THE)        ,CO,81504-5309,Proprietary  ,2,3,5,47,93,140
02167600,KAPLAN COLLEGE                          ,CO,80229-5309,Proprietary  ,3,37,40,121,909,1030
02171300,TRINIDAD STATE JUNIOR COLLEGE           ,CO,81101-0000,Proprietary  ,0,0,0,0,1,1
02188700,DENVER ACAD OF COURT REPORTING          ,CO,80030-0000,Proprietary  ,0,5,5,31,269,300
02211901,CHEEKS INTERNATIONAL ACADEMY OF BEAUTY C,CO,80525-3053,Proprietary  ,2,4,6,17,50,67
02211902,CHEEKS INTERNATIONAL ACDMY BTY CULT     ,CO,80631-0000,Proprietary  ,1,0,1,14,33,47
02253700,INTELLITEC COLLEGE                      ,CO,80909-0000,Proprietary  ,10,63,73,184,914,1098
02267500,GLENWOOD BEAUTY ACADEMY                 ,CO,81601-0000,Proprietary  ,3,10,13,20,80,100
02276900,COMMUNITY COLLEGE OF AURORA             ,CO,80011-9036,Public       ,73,323,396,2406,7358,9764
02518500,HAIR DYNAMICS EDUCATION CENTER          ,CO,80525-0000,Proprietary  ,5,5,10,147,224,371
02594300,COLLEGE AMERICA - DENVER                ,CO,80222-3380,Proprietary  ,39,288,327,705,4102,4807
02611000,HERITAGE COLLEGE                        ,CO,80212-7413,Proprietary  ,31,104,135,311,1167,1478
03006300,INST OF BUSINESS & MEDICAL CAREERS      ,CO,80525-3044,Proprietary  ,42,144,186,366,1573,1939
03010622,VIRGINIA COLLEGE - ECOTECH INSTITUTE - A,CO,80014-1405,Proprietary  ,14,56,70,50,229,279
03012100,REMINGTON COLLEGE - COLORADO SPRINGS CAM,CO,80215-0000,Proprietary  ,2,16,18,56,304,360
03013100,BOULDER COLLEGE OF MASSAGE THERAPY      ,CO,80301-3295,Private      ,2,3,5,104,264,368
03014900,PLATT COLLEGE                           ,CO,80014-3141,Proprietary  ,2,7,9,55,307,362
03027400,XENON INTERNATIONAL ACADEMY III         ,CO,80014-1193,Proprietary  ,0,10,10,81,180,261
03030606,UTAH COLLEGE OF MASSAGE THERAPY - DENVER,CO,80031-2921,Proprietary  ,13,28,41,162,354,516
03030607,UTAH COLLEGE OF MASSAGE THERAPY - DENVER,CO,80012-2523,Proprietary  ,10,25,35,142,331,473
03066900,INTELLITEC COLLEGE                      ,CO,81506-3994,Proprietary  ,9,83,92,242,1138,1380
03068201,OHIO CENTER FOR BROADCASTING - COLORADO ,CO,80214-4129,Proprietary  ,3,7,10,63,245,308
03076401,BRYMAN SCHOOL OF ARIZONA (THE) - ANTHEM ,CO,80014-2622,Proprietary  ,0,2,2,8,51,59
03289300,COLORADO HEIGHTS UNIVERSITY             ,CO,80236-2711,Private      ,3,9,12,58,275,333
03306300,MONTESSORI EDUC CRT OF THE ROCKIES      ,CO,80301-2587,Private      ,0,3,3,4,54,58
03534300,JONES INTERNATIONAL UNIVERSITY          ,CO,80112-3446,Proprietary  ,39,919,958,657,10762,11419
03545300,UNIVERSITY OF THE ROCKIES               ,CO,80903-3612,Proprietary  ,2,266,268,40,2803,2843
03584400,COLORADO SCHOOL OF HEALING ARTS         ,CO,80226-4332,Proprietary  ,0,9,9,95,329,424
03670300,TONI & GUY HAIRDRESSING ACADEMY         ,CO,80911-1713,Proprietary  ,5,14,19,129,244,373
03686300,COLORADO SCHOOL OF TRADITIONAL CHINESE M,CO,80206-2127,Proprietary  ,0,6,6,9,206,215
03776300,CULINARY SCHOOL OF THE ROCKIES          ,CO,80305-5961,Proprietary  ,5,22,27,121,248,369
03972300,CUTTIN' UP BEAUTY ACADEMY               ,CO,80220-0000,Proprietary  ,2,7,9,36,101,137
03976300,MASSAGE THERAPY INSTITUTE OF COLORADO   ,CO,80206-2127,Proprietary  ,3,10,13,64,189,253
04080300,ASPEN UNIVERSITY                        ,CO,80246-1930,Proprietary  ,0,13,13,64,353,417
04093300,ACADEMY OF NATURAL THERAPY              ,CO,80631-3425,Proprietary  ,4,5,9,40,133,173
04121200,INSTITUTE OF TAOIST EDUCATION AND ACUPUN,CO,80027-1028,Private      ,0,2,2,4,61,65
04125100,MONTESSORI CASA INTERNATIONAL           ,CO,80111-5263,Private      ,0,1,1,3,16,19
04127700,AMERICAN SENTINEL UNIVERSITY            ,CO,80014-6510,Proprietary  ,2,44,46,5,345,350
04139300,NATIONAL BEAUTY COLLEGE                 ,CO,80221-0000,Proprietary  ,3,4,7,42,165,207
04140400,ACADEMY OF MEDICAL & HEALTH SCIENCE     ,CO,81005-2195,Proprietary  ,0,6,6,11,79,90
04148300,DENVER SCHOOL OF NURSING                ,CO,80202-1213,Proprietary  ,4,17,21,219,1130,1349
04151100,SUMMIT SALON & BEAUTY SCHOOL            ,CO,80866-4569,Proprietary  ,0,0,0,2,18,20
04167100,AVEDA INSTITUTE DENVER                  ,CO,80202-0000,Proprietary  ,12,19,31,171,283,454
04170200,PAUL MITCHELL THE SCHOOL COLORADO SPRING,CO,80903-0000,Proprietary  ,12,17,29,124,234,358
04172500,ROLF INSTITUTE OF STRUCTURAL INTEGRATION,CO,80301-0000,Private      ,0,1,1,3,59,62
04173800,SALON PROFESSIONAL ACADEMY (THE)        ,CO,80918-2932,Proprietary  ,0,9,9,48,126,174
04177100,PIMA MEDICAL INSTITUTE-SOUTH DENVER     ,CO,80231-0000,Proprietary  ,3,17,20,18,132,150
04179700,UNITED BEAUTY COLLEGE                   ,CO,80223-2936,Proprietary  ,3,13,16,3,13,16
04183700,HEALING ARTS INSTITUTE                  ,CO,80525-3479,Proprietary  ,5,4,9,5,4,9
04185000,COLORADO ACADEMY OF VETERINARY TECHNOLOG,CO,80906-4944,Proprietary  ,0,1,1,2,8,10
00267811,BRYANT & STRATTON COLLEGE - VIRGINIA BEA,VA,23462-4417,Proprietary  ,16,142,158,599,3032,3631
00370200,AVERETT UNIVERSITY                      ,VA,24541-3692,Private      ,6,129,135,1464,2204,3668
00370300,BLUEFIELD COLLEGE                       ,VA,24605-1799,Private      ,2,13,15,673,575,1248
00370400,BRIDGEWATER COLLEGE                     ,VA,22812-1599,Private      ,5,1,6,3395,169,3564
00370500,COLLEGE OF WILLIAM & MARY               ,VA,23187-8795,Public       ,15,25,40,10479,4858,15337
00370600,CHRISTOPHER NEWPORT UNIVERSITY          ,VA,23606-2998,Public       ,8,17,25,7214,1279,8493
00370700,RICHARD BLAND COLLEGE                   ,VA,23805-7100,Public       ,3,10,13,1345,649,1994
00370800,EASTERN MENNONITE UNIVERSITY            ,VA,22802-2462,Private      ,2,3,5,1118,597,1715
00370900,EMORY & HENRY COLLEGE                   ,VA,24327-0010,Private      ,1,2,3,1378,150,1528
00371100,FERRUM COLLEGE                          ,VA,24088-2612,Private      ,1,0,1,3051,281,3332
00371200,TIDEWATER COMMUNITY COLLEGE             ,VA,23510-1910,Public       ,169,1016,1185,11703,26132,37835
00371300,HAMPDEN-SYDNEY COLLEGE                  ,VA,23943-0128,Private      ,1,0,1,1332,52,1384
00371400,HAMPTON UNIVERSITY                      ,VA,23668-0099,Private      ,21,41,62,9330,3627,12957
00371500,HOLLINS UNIVERSITY                      ,VA,24020-0000,Private      ,1,11,12,974,706,1680
00371900,LONGWOOD UNIVERSITY                     ,VA,23909-1899,Public       ,5,21,26,5354,899,6253
00372000,LYNCHBURG COLLEGE                       ,VA,24501-3199,Private      ,3,14,17,3489,872,4361
00372100,JAMES MADISON UNIVERSITY                ,VA,22807-3780,Public       ,26,11,37,22251,2659,24910
00372300,MARY BALDWIN COLLEGE                    ,VA,24401-3610,Private      ,10,30,40,1470,1180,2650
00372400,MARYMOUNT UNIVERSITY                    ,VA,22207-4224,Private      ,8,33,41,2530,2412,4942
00372600,NATIONAL COLLEGE                        ,VA,24153-4524,Proprietary  ,39,344,383,925,8588,9513
00372700,NORTHERN VA CMTY CLG                    ,VA,22003-3743,Public       ,233,689,922,13712,19050,32762
00372800,OLD DOMINION UNIVERSITY                 ,VA,23529-0052,Public       ,64,239,303,18595,14331,32926
00373200,RADFORD UNIVERSITY                      ,VA,24142-6905,Public       ,6,32,38,9089,2471,11560
00373300,RANDOLPH-MACON COLLEGE                  ,VA,23005-5505,Private      ,0,1,1,2587,165,2752
00373400,RANDOLPH COLLEGE                        ,VA,24503-1526,Private      ,1,0,1,817,155,972
00373500,VIRGINIA COMMONWEALTH UNIVERSITY        ,VA,23284-9004,Public       ,69,142,211,22671,14660,37331
00373600,ROANOKE COLLEGE                         ,VA,24153-3794,Private      ,1,1,2,3249,264,3513
00373700,SHENANDOAH UNIVERSITY                   ,VA,22601-5195,Private      ,4,20,24,2699,2154,4853
00373800,SOUTHERN VIRGINIA UNIVERSITY            ,VA,24416-3038,Private      ,5,2,7,1071,252,1323
00373900,ST PAULS COLLEGE                        ,VA,23868-1299,Private      ,4,8,12,639,479,1118
00374200,SWEET BRIAR COLLEGE                     ,VA,24595-9998,Private      ,2,2,4,773,64,837
00374300,UNION PRESBYTERIAN SEMINARY             ,VA,23227-0000,Private      ,0,2,2,2,124,126
00374400,UNIVERSITY OF RICHMOND                  ,VA,23173-0001,Private      ,4,21,25,6328,2795,9123
00374500,UNIVERSITY OF VIRGINIA - SFS            ,VA,22903-0000,Public       ,20,59,79,19456,9909,29365
00374600,UNIVERSITY OF MARY WASHINGTON           ,VA,22401-5358,Public       ,10,16,26,5046,1371,6417
00374700,UNIV OF VIRGINIA'S COLLEGE AT WISE      ,VA,24293-4412,Public       ,2,1,3,1939,483,2422
00374800,EASTERN SHORE COMMUNITY COLLEGE         ,VA,23410-3000,Public       ,5,28,33,428,812,1240
00374900,GEORGE MASON UNIVERSITY                 ,VA,22030-4444,Public       ,64,174,238,18417,16256,34673
00375100,PATRICK HENRY COMMUNITY COLLEGE         ,VA,24112-5311,Public       ,12,121,133,1141,2987,4128
00375200,VIRGINIA INTERMONT COLLEGE              ,VA,24201-4298,Private      ,1,1,2,848,390,1238
00375300,VIRGINIA MILITARY INSTITUTE             ,VA,24450-2138,Public       ,2,2,4,1937,87,2024
00375400,VIRGINIA POLYTECH INST & STATE UNIV     ,VA,24061-2000,Public       ,40,66,106,25499,5602,31101
00375800,DANVILLE COMMUNITY COLLEGE              ,VA,24541-4004,Public       ,22,102,124,1507,3356,4863
00375900,J. SARGEANT REYNOLDS COMMUNITY CLG      ,VA,23285-0000,Public       ,55,284,339,5191,11194,16385
00376000,VIRGINIA WESTERN CMTY COLLEGE           ,VA,24038-0000,Public       ,39,145,184,2878,5016,7894
00376100,WYTHEVILLE COMMUNITY COLLEGE            ,VA,24382-3308,Public       ,28,97,125,1424,2463,3887
00376200,VIRGINIA UNIVERSITY OF LYNCHBURG        ,VA,24501-6400,Private      ,7,15,22,189,639,828
00376400,VIRGINIA STATE UNIVERSITY               ,VA,23806-0001,Public       ,17,42,59,9883,3297,13180
00376500,NORFOLK STATE UNIVERSITY                ,VA,23504-8000,Public       ,36,86,122,8785,7132,15917
00376600,VIRGINIA UNION UNIVERSITY               ,VA,23220-1711,Private      ,7,18,25,4523,1477,6000
00376700,VIRGINIA WESLEYAN COLLEGE               ,VA,23502-5599,Private      ,4,12,16,1979,738,2717
00376800,WASHINGTON & LEE UNIVERSITY             ,VA,24450-0303,Private      ,2,0,2,2561,1801,4362
00400400,JOHN TYLER COMMUNITY COLLEGE            ,VA,23831-5316,Public       ,45,243,288,3650,6545,10195
00450301,"EVEREST COLLEGE- EVEREST COLLEGE, MCLEAN",VA,22102-3000,Proprietary  ,12,61,73,213,746,959
00450702,"EVEREST COLLEGE- EVEREST COLLEGE, ARLING",VA,22203-1905,Proprietary  ,6,31,37,299,1124,1423
00498800,CENTRAL VIRGINIA COMMUNITY COLLEGE      ,VA,24502-2498,Public       ,16,70,86,1674,2769,4443
00499200,MILLER-MOTTE TECHNICAL COLLEGE          ,VA,24505-0000,Proprietary  ,11,43,54,219,763,982
00499600,DABNEY S LANCASTER COMMUNITY CLG        ,VA,24422-1000,Public       ,14,34,48,561,780,1341
00522300,NEW RIVER COMMUNITY COLLEGE             ,VA,24084-1127,Public       ,10,44,54,1690,2758,4448
00607500,ROANOKE MEM HOSP SCH RAD ONCOLOGY       ,VA,24033-0000,Private      ,0,0,0,12,21,33
00607501,ROANOKE MEM HOSP SCH RAD TECH           ,VA,24014-1850,Private      ,0,0,0,11,32,43
00662200,COLLEGE OF HEALTH SCIENCES - CHRV       ,VA,24031-0000,Private      ,5,13,18,566,1068,1634
00681900,BLUE RIDGE COMMUNITY COLLEGE            ,VA,24486-0080,Public       ,27,71,98,2039,2604,4643
00687100,THOMAS NELSON COMMUNITY COLLEGE         ,VA,23670-0000,Public       ,65,305,370,4092,9193,13285
00709900,VIRGINIA HIGHLANDS COMMUNITY CLG        ,VA,24210-4210,Public       ,3,27,30,1217,1952,3169
00726000,SOUTHWEST VIRGINIA COMMUNITY CLG        ,VA,24641-1510,Public       ,14,37,51,1204,2182,3386
00859200,LOUISE OBICI SCHOOL OF NURSING          ,VA,23434-8038,Private      ,0,3,3,27,103,130
00865900,LORD FAIRFAX COMMUNITY COLLEGE          ,VA,22645-0047,Public       ,36,104,140,2032,3102,5134
00866000,GERMANNA COMMUNITY COLLEGE              ,VA,22508-0339,Public       ,36,120,156,2260,3669,5929
00866100,SOUTHSIDE VIRGINIA CMTY CLG             ,VA,23821-2930,Public       ,60,232,292,1820,4123,5943
00915900,PAUL D CAMP COMMUNITY COLLEGE           ,VA,23851-0737,Public       ,12,82,94,545,1609,2154
00916000,RAPPAHANNOCK COMMUNITY COLLEGE          ,VA,23149-2616,Public       ,10,52,62,924,1538,2462
00926700,EVEREST COLLEGE                         ,VA,23606-4203,Proprietary  ,8,57,65,154,1168,1322
00926701,EVEREST COLLEGE - CHESAPEAKE            ,VA,23320-2637,Proprietary  ,18,120,138,228,1473,1701
00942000,SANFORD-BROWN COLLEGE                   ,VA,22182-3913,Proprietary  ,38,109,147,432,1301,1733
00953500,STAUNTON SCHOOL OF COSMETOLOGY          ,VA,24401-4323,Proprietary  ,3,3,6,26,57,83
00953700,VIRGINIA SCH OF HAIR DESIGN             ,VA,23669-0000,Proprietary  ,4,13,17,56,227,283
00962900,MOUNTAIN EMPIRE COMMUNITY COLLEGE       ,VA,24219-0700,Public       ,19,43,62,1302,2220,3522
00992800,PIEDMONT VIRGINIA COMMUNITY COLLEGE     ,VA,22902-7589,Public       ,25,97,122,1558,2962,4520
01004300,BON SECOURS MEMORIAL COLLEGE OF NURSING ,VA,23227-4612,Private      ,3,4,7,228,597,825
01019800,ECPI COLLEGE OF TECHNOLOGY              ,VA,23462-6542,Proprietary  ,101,647,748,3730,14547,18277
01033800,EASTERN VIRGINIA MEDICAL SCHOOL         ,VA,23501-1980,Private      ,2,7,9,64,1453,1517
01159600,RALPH'S VIRGINIA SCH OF COSMETOLOGY     ,VA,24501-2652,Proprietary  ,1,2,3,24,84,108
01162601,WESTWOOD COLLEGE - SOUTH BAY - ARLINGTON,VA,22203-4167,Proprietary  ,6,16,22,472,782,1254
01162602,WESTWOOD COLLEGE - SOUTH BAY - ANNANDALE,VA,22003-2602,Proprietary  ,6,29,35,309,687,996
01274400,SOUTHSIDE REGIONAL MED CTR PROF SCHOOLS ,VA,23803-5133,Proprietary  ,0,6,6,61,269,330
01274402,SOUTHSIDE REG MED CTR SCH RAD TECH      ,VA,23803-0000,Proprietary  ,0,0,0,12,61,73
02053000,LIBERTY UNIVERSITY                      ,VA,24502-0000,Private      ,143,2889,3032,18534,52731,71265
02083602,TESST COLLEGE OF TECHNOLOGY - KAPLAN COL,VA,23320-4422,Proprietary  ,0,8,8,0,8,8
02108800,WARDS CORNER BEAUTY ACADEMY             ,VA,23505-0000,Proprietary  ,4,25,29,92,446,538
02111600,DANVILLE REGIONAL MEDICAL CENTER SCHOOL ,VA,24541-0000,Proprietary  ,2,3,5,55,141,196
02128700,CENTRAL SCHOOL OF PRACTICAL NURSING     ,VA,23502-2230,Public       ,1,5,6,77,220,297
02140000,RIVERSIDE SCHOOL OF HEALTH CAREERS      ,VA,23608-3802,Private      ,2,12,14,159,717,876
02175800,LYNCHBURG GENERAL HOSP SCH OF NURSG     ,VA,24501-0000,Private      ,0,0,0,107,267,374
02197600,WOODROW WILSON REHABILITATION CTR       ,VA,22939-0000,Public       ,0,0,0,51,36,87
02242400,HENRICO CTY ST MARYS HOSP PRAC NRSG     ,VA,23075-0000,Public       ,0,2,2,18,69,87
02247200,MEDSPA CAREERS INSTITUTE                ,VA,23606-0000,Proprietary  ,0,0,0,80,312,392
02304500,HERITAGE INSTITUTE                      ,VA,20111-0000,Proprietary  ,0,4,4,99,459,558
02320900,TIDEWATER TECH                          ,VA,23502-1747,Proprietary  ,14,72,86,205,1053,1258
02334400,CENTURA COLLEGE                         ,VA,23452-0000,Proprietary  ,48,524,572,718,6784,7502
02342700,FORTIS COLLEGE                          ,VA,23502-4101,Proprietary  ,8,49,57,138,760,898
02342701,FORTIS COLLEGE - RICHMOND CAMPUS        ,VA,23236-3472,Proprietary  ,18,54,72,272,768,1040
02358500,BON SECOURS SAINT MARY'S HOSPITAL SCHOOL,VA,23227-4612,Private      ,1,10,11,59,233,292
02535400,SKYLINE COLLEGE - RICHMOND              ,VA,23236-0000,Proprietary  ,0,0,0,198,547,745
02538800,SUFFOLK BEAUTY ACADEMY                  ,VA,23434-0000,Proprietary  ,0,5,5,23,119,142
02541200,STRATFORD UNIVERSITY                    ,VA,22043-0000,Proprietary  ,6,68,74,251,1450,1701
02541201,STRATFORD UNIVERSITY-WOODBRIDGE         ,VA,22192-0000,Proprietary  ,0,17,17,114,534,648
02610100,WASHINGTON COUNTY ADULT SKILL CTR       ,VA,24210-2346,Public       ,0,5,5,30,155,185
03002400,GRAHAM WEBB INTERNATIONAL ACAD HAIR     ,VA,22209-2129,Proprietary  ,11,6,17,88,191,279
03010700,BAR PALMA BEAUTY CAREERS  ACADEMY       ,VA,24014-2255,Proprietary  ,0,9,9,34,133,167
03042800,"VIRGINIA BEACH CITY SCHOOLS, SCH.-PR.NSG",VA,23456-0038,Public       ,0,4,4,37,121,158
03091100,ACT COLLEGE                             ,VA,22209-2297,Proprietary  ,16,50,66,127,575,702
03091300,REGENT UNIVERSITY                       ,VA,23464-9800,Private      ,7,138,145,1256,7017,8273
03092700,SKYLINE COLLEGE                         ,VA,24012-1603,Proprietary  ,6,22,28,166,549,715
03096500,SPRINGFIELD BEAUTY ACADEMY              ,VA,22003-3016,Proprietary  ,2,17,19,8,132,140
03106500,SENTARA NORFOLK GENERAL HOSPITAL        ,VA,23320-2843,Private      ,3,14,17,139,655,794
03116900,BAPTIST THEOLOGICAL SEM.-RICHMOND       ,VA,23227-0000,Private      ,0,3,3,5,110,115
03126300,AVIATION INSTITUTE OF MAINTENANCE       ,VA,23320-5987,Proprietary  ,16,63,79,185,821,1006
03126400,CENTURA COLLEGE                         ,VA,23235-5230,Proprietary  ,10,85,95,229,1317,1546
03126401,CENTURA COLLEGE - WEST                  ,VA,23294-0000,Proprietary  ,0,0,0,33,166,199
03127500,ADVANCED TECHNOLOGY INSTITUTE           ,VA,23462-2409,Proprietary  ,16,41,57,724,1082,1806
03280400,VIRGINIA SCHOOL OF MASSAGE              ,VA,22903-0000,Proprietary  ,5,14,19,95,247,342
03409500,RICHMOND SCHOOL OF HEALTH AND TECH      ,VA,23227-0000,Proprietary  ,12,63,75,219,1011,1230
03455300,CRESCENT COSMETOLOGY UNIVERSITY         ,VA,23666-3115,Proprietary  ,0,0,0,18,44,62
03559300,APPALACHIAN SCHOOL OF LAW               ,VA,24614-0000,Private      ,0,1,1,11,706,717
03638400,TAP THIS VALLEY WORKS CTR FOR EMPLO     ,VA,24016-1901,Private      ,0,0,0,3,26,29
03645400,RUDY & KELLY ACADEMY OF HAIR AND NA     ,VA,23464-6857,Proprietary  ,5,10,15,141,329,470
03654300,CAREER TRAINING SOLUTIONS               ,VA,22406-1014,Proprietary  ,2,26,28,103,611,714
03709300,EDWARD VIA VIRGINIA CLG OSTEOPATHIC MED ,VA,24060-6360,Private      ,0,3,3,10,806,816
03872400,INSTITUTE FOR THE PSYCHOLOGICAL SCIENCES,VA,22202-3609,Private      ,2,2,4,13,131,144
03876300,CULPEPER COSMETOLOGY TRAINING CENTER    ,VA,22701-3155,Public       ,0,0,0,22,75,97
03883400,AVIATION INSTITUTE OF MAINTENANCE       ,VA,20110-4156,Proprietary  ,5,38,43,196,773,969
04038400,AVI CAREER INSTITUTE                    ,VA,22066-1839,Proprietary  ,1,10,11,12,132,144
04110300,UNIVERSITY OF MANAGEMENT AND TECHNOLOGY ,VA,22209-1609,Proprietary  ,0,9,9,2,55,57
04124000,DOMINION SCHOOL OF HAIR DESIGN          ,VA,23062-2221,Proprietary  ,0,2,2,17,54,71
04127300,COLUMBIA COLLEGE                        ,VA,22031-4413,Proprietary  ,5,27,32,48,404,452
04133400,CENTURA COLLEGE                         ,VA,22312-2670,Proprietary  ,2,11,13,52,325,377
04133800,SOUTHEAST CULINARY & HOSPITALITY COLLEGE,VA,24201-4159,Proprietary  ,1,4,5,77,147,224
04137300,CAYCE/REILLY SCHOOL OF MASSOTHERAPY     ,VA,23451-2061,Private      ,0,4,4,18,92,110
04140000,GLOBAL HEALTH NURSE TRAINING SERVICES   ,VA,22314-4585,Proprietary  ,1,9,10,51,401,452
04153800,BETHEL COLLEGE                          ,VA,23666-3122,Private      ,0,1,1,28,75,103
04156200,INSTITUTE OF ADVANCED MEDICAL ESTHETICS ,VA,23294-4701,Proprietary  ,2,6,8,16,163,179
04169400,NORTHERN VIRGINIA SCHOOL OF THERAPEUTIC ,VA,22046-4302,Proprietary  ,0,3,3,0,3,3
04171500,COSMOPOLITAN BEAUTY & TECH SCHOOL       ,VA,22003-3204,Proprietary  ,1,25,26,4,89,93
00107000,THUNDERBIRD SCHOOL OF GLOBAL MANAGEMENT ,AZ,85306-6000,Private      ,0,15,15,12,925,937
00107100,ARIZONA WESTERN COLLEGE                 ,AZ,85366-0000,Public       ,129,187,316,4822,5625,10447
00107200,COCHISE COLLEGE                         ,AZ,85607-6190,Public       ,36,127,163,1677,3184,4861
00107300,EASTERN ARIZONA COLLEGE                 ,AZ,85552-0769,Public       ,13,44,57,1844,2216,4060
00107400,GRAND CANYON UNIVERSITY                 ,AZ,85017-3030,Proprietary  ,153,3452,3605,5272,62639,67911
00107600,GLENDALE COMMUNITY COLLEGE              ,AZ,85302-3090,Public       ,213,481,694,10540,14645,25185
00107700,MESA COMMUNITY COLLEGE                  ,AZ,85202-4866,Public       ,201,549,750,11642,19224,30866
00107800,PHOENIX COLLEGE                         ,AZ,85013-4234,Public       ,107,421,528,5976,13803,19779
00107900,YAVAPAI COLLEGE                         ,AZ,86301-3297,Public       ,26,99,125,2398,4674,7072
00108100,ARIZONA STATE UNIV (ALL CAMPUSES)       ,AZ,85287-0412,Public       ,347,582,929,49819,37106,86925
00108200,NORTHERN ARIZONA UNIVERSITY             ,AZ,86011-0001,Public       ,99,352,451,24387,14078,38465
00108300,UNIVERSITY OF ARIZONA                   ,AZ,85721-0066,Public       ,268,216,484,29486,16497,45983
00165701,MIDWESTERN UNIVERSITY                   ,AZ,85308-0000,Private      ,2,16,18,124,3310,3434
00446700,TUCSON COLLEGE                          ,AZ,85711-3781,Proprietary  ,12,47,59,259,1013,1272
00711300,SOUTHWESTERN COLLEGE                    ,AZ,85032-7097,Private      ,0,7,7,530,342,872
00726600,PIMA COUNTY COMMUNITY COLLEGE           ,AZ,85709-1110,Public       ,138,521,659,11647,21235,32882
00728300,CENTRAL ARIZONA COLLEGE                 ,AZ,85228-9779,Public       ,62,232,294,2794,5452,8246
00732911,ITT TECHNICAL INSTITUTE                 ,AZ,85282-9272,Proprietary  ,45,129,174,878,3779,4657
00732990,ITT TECHNICAL INSTITUTE                 ,AZ,85704-5829,Proprietary  ,32,87,119,1031,2892,3923
00822100,UNIVERSAL TECHNICAL INSTITUTE           ,AZ,85323-7946,Proprietary  ,297,382,679,10760,9993,20753
00824600,DINè COLLEGE                            ,AZ,86556-0126,Public       ,27,65,92,1041,1755,2796
00830300,GATEWAY COMMUNITY COLLEGE               ,AZ,85034-1795,Public       ,75,278,353,2476,7979,10455
00830302,MARICOPA SKILL CENTER                   ,AZ,85034-0000,Public       ,19,88,107,480,2141,2621
00830400,SCOTTSDALE COMMUNITY COLLEGE            ,AZ,85250-0000,Public       ,60,181,241,4220,5416,9636
00832200,DEVRY INSTITUTE OF TECHNOLOGY           ,AZ,85021-2995,Proprietary  ,0,0,0,151,300,451
00886400,ARIZONA ACADEMY OF BEAUTY               ,AZ,85712-5021,Proprietary  ,4,3,7,74,158,232
00886500,ARTISTIC BEAUTY COLLEGES-TUCSON         ,AZ,85716-3999,Proprietary  ,6,31,37,173,435,608
00886501,ARTISTIC BEAUTY COLLEGES - TUCSON  - NOR,AZ,85705-1665,Proprietary  ,0,0,0,12,32,44
01084700,ARIZONA AUTOMOTIVE INSTITUTE            ,AZ,85301-3503,Proprietary  ,74,187,261,815,2431,3246
01085800,AVALON SCHOOL OF COSMETOLOGY            ,AZ,85210-4010,Proprietary  ,27,53,80,311,657,968
01168900,REFRIGERATION SCHOOL                    ,AZ,85034-0000,Proprietary  ,25,123,148,209,1290,1499
01180200,ARIZONA ACADEMY OF BEAUTY-NORTH         ,AZ,85705-2720,Proprietary  ,2,15,17,46,120,166
01180800,ARTISTIC BEAUTY COLLEGES-FLAGSTAFF      ,AZ,86004-5119,Proprietary  ,16,29,45,199,416,615
01180801,CLG OF BEAUTY ARTS & SCI/CHANDLER       ,AZ,85224-0000,Proprietary  ,0,0,0,8,28,36
01180802,CLG OF BEAUTY ARTS & SCI/PRESCOTT       ,AZ,86303-0000,Proprietary  ,0,0,0,15,23,38
01186200,NORTHLAND PIONEER COLLEGE               ,AZ,86025-2996,Public       ,16,61,77,748,2181,2929
01186400,MOHAVE COMMUNITY COLLEGE                ,AZ,86409-1238,Public       ,65,186,251,1866,6300,8166
01218400,INTERNATIONAL ACAD OF HAIR DESIGN       ,AZ,85225-7198,Proprietary  ,8,25,33,139,313,452
01234300,ARTISTIC BEAUTY COLLEGES-PHOENIX        ,AZ,85304-0000,Proprietary  ,25,26,51,205,383,588
01293700,ARTISTIC BEAUTY COLLEGES - PARADISE VALL,AZ,85257-0000,Proprietary  ,9,1,10,59,146,205
02065300,PRESCOTT COLLEGE                        ,AZ,86301-0000,Private      ,3,14,17,608,1267,1875
02071200,KAPLAN COLLEGE                          ,AZ,85029-4349,Proprietary  ,17,88,105,449,2398,2847
02098800,UNIVERSITY OF PHOENIX                   ,AZ,85040-0000,Proprietary  ,1497,28994,30491,29438,552960,582398
02100500,UNIVERSAL TECHNICAL INSTITUTE           ,AZ,85027-0000,Proprietary  ,220,403,623,8220,11881,20101
02100600,CARRINGTON COLLEGE                      ,AZ,85015-4096,Proprietary  ,58,213,271,2054,7698,9752
02113800,ROBERTO-VENN SCH OF LUTHIERY            ,AZ,85040-0000,Proprietary  ,1,0,1,44,76,120
02146600,SOUTH MOUNTAIN COMMUNITY COLLEGE        ,AZ,85040-0000,Public       ,62,169,231,2329,4224,6553
02160305,COLLINS COLLEGE                         ,AZ,85040-4000,Proprietary  ,24,34,58,1085,1278,2363
02160306,INTERNATIONAL ACADEMY OF DESIGN AND TECH,AZ,85281-6705,Proprietary  ,0,2,2,15,33,48
02171500,WESTERN INTERNATIONAL UNIVERSITY        ,AZ,85021-0000,Proprietary  ,6,233,239,93,3697,3790
02177500,RIO SALADO COMMUNITY COLLEGE            ,AZ,85281-6948,Public       ,164,1807,1971,2773,23093,25866
02179907,ARGOSY UNIVERSITY  -  PHOENIX           ,AZ,85021-0000,Proprietary  ,0,0,0,0,1,1
02190702,FORTIS COLLEGE - PHOENIX CAMPUS         ,AZ,85006-3759,Proprietary  ,0,0,0,14,68,82
02192300,MARICOPA BEAUTY COLLEGE                 ,AZ,85323-0000,Proprietary  ,3,11,14,91,196,287
02199900,AMERICAN INDIAN CLG-ASSEMBLIES GOD      ,AZ,85021-0000,Private      ,0,4,4,74,119,193
02217100,PIMA MEDICAL INSTITUTE                  ,AZ,85716-0000,Proprietary  ,209,598,807,3430,10361,13791
02218800,BROOKLINE COLLEGE                       ,AZ,85021-5815,Proprietary  ,66,313,379,509,3408,3917
02218804,BROOKLINE COLLEGE - MESA                ,AZ,85204-4448,Proprietary  ,28,90,118,221,1028,1249
02218805,BROOKLINE COLLEGE - TUCSON              ,AZ,85711-5444,Proprietary  ,51,154,205,387,1494,1881
02220300,ARTISTIC BEAUTY COLLEGES-GLENDALE       ,AZ,85051-0000,Proprietary  ,3,20,23,153,463,616
02263100,ANTHEM COLLEGE                          ,AZ,85014-0000,Proprietary  ,149,659,808,1084,5751,6835
02280500,CHARLES OF ITALY BEAUTY COLLEGE         ,AZ,86403-0000,Proprietary  ,5,11,16,53,100,153
02295000,EVEREST COLLEGE                         ,AZ,85021-1610,Proprietary  ,14,92,106,1201,10492,11693
02295002,EVEREST COLLEGE - MESA                  ,AZ,85206-4704,Proprietary  ,3,40,43,260,1342,1602
02317800,AMERICAN INSTITUTE OF TECHNOLOGY        ,AZ,85043-0000,Proprietary  ,9,215,224,146,2334,2480
02491500,THE ART CENTER DESIGN COLLEGE           ,AZ,85716-0000,Proprietary  ,5,12,17,274,551,825
02521500,LAMSON COLLEGE                          ,AZ,85284-1141,Proprietary  ,4,24,28,101,526,627
02533200,FRANK LLOYD WRIGHT SCHOOL OF ARCHITECTUR,AZ,85261-4430,Private      ,0,0,0,21,67,88
02559000,UNIVERSITY OF ADVANCING TECHNOLOGY      ,AZ,85283-0000,Proprietary  ,8,28,36,1152,935,2087
02561900,BRILLARE HAIRDRESSING ACADEMY           ,AZ,85254-3301,Proprietary  ,7,8,15,170,204,374
02582700,CORTIVA INSTITUTE - TUCSON              ,AZ,85710-3503,Proprietary  ,10,26,36,76,339,415
02616700,LE CORDON BLEU COLLEGE OF CULINARY ARTS ,AZ,85251-2729,Proprietary  ,51,113,164,1168,2920,4088
02623600,PARADISE VALLEY COMMUNITY COLLEGE       ,AZ,85032-1210,Public       ,59,160,219,3382,5325,8707
02623800,CORTIVA INSTITUTE - SCOTTSDALE          ,AZ,85257-4218,Proprietary  ,5,21,26,60,227,287
03005000,SAFFORD COLLEGE OF BEAUTY CULTURE       ,AZ,85546-3309,Proprietary  ,0,6,6,17,92,109
03010613,VIRGINIA COLLEGE - GOLF ACADEMY OF ARIZO,AZ,85225-6742,Proprietary  ,1,10,11,120,301,421
03030604,UTAH COLLEGE OF MASSAGE THERAPY - ARIZON,AZ,85282-0000,Proprietary  ,20,33,53,246,528,774
03030605,UTAH COLLEGE OF MASSAGE THERAPY - ARIZON,AZ,85051-3470,Proprietary  ,12,35,47,275,558,833
03034400,CONSERVATORY RECORDING ARTS & SCIS      ,AZ,85282-1707,Proprietary  ,24,19,43,744,908,1652
03072200,CHANDLER-GILBERT COMMUNITY COLLEGE      ,AZ,85225-2499,Public       ,64,211,275,5008,6516,11524
03076400,BRYMAN SCHOOL OF ARIZONA                ,AZ,85029-4919,Proprietary  ,132,386,518,1455,4574,6029
03097800,CARSTEN INSTITUTE OF HAIR & BEAUTY      ,AZ,85282-5404,Proprietary  ,3,27,30,138,318,456
03100400,COCONINO COUNTY COMMUNITY COLLEGE       ,AZ,86001-2701,Public       ,29,83,112,1496,2541,4037
03107000,SOUTHWEST CLG OF NATUROPATHIC MED       ,AZ,85282-0000,Private      ,0,3,3,18,511,529
03115000,ARIZONA COLLEGE OF ALLIED HEALTH        ,AZ,85302-3843,Proprietary  ,17,47,64,336,1386,1722
03120300,COLLEGE AMERICA                         ,AZ,86004-3936,Proprietary  ,22,104,126,284,1293,1577
03156300,ESTRELLA MOUNTAIN COMMUNITY COLLEGE     ,AZ,85392-1010,Public       ,82,208,290,3738,6291,10029
03156301,ESTRELLA MOUNTAIN COMMUNITY COLLEGE - SO,AZ,85392-1010,Public       ,0,0,0,1131,1782,2913
03347300,INTERNATIONAL BAPTIST COLLEGE           ,AZ,85282-6799,Private      ,2,2,4,59,35,94
03445300,HDS TRUCK DRIVING INSTITUTE             ,AZ,85731-0000,Proprietary  ,1,35,36,7,202,209
03478400,PHOENIX SEMINARY                        ,AZ,85018-7611,Private      ,0,5,5,4,139,143
03572300,EAST VALLEY INSTITUTE OF TECHNOLOGY     ,AZ,85201-6910,Public       ,14,22,36,207,370,577
03593300,SOUTHWEST INSTITUTE OF HEALING ARTS     ,AZ,85281-3658,Proprietary  ,3,52,55,177,1221,1398
03617500,PHOENIX INSTITUTE OF HERBAL MEDICINE & A,AZ,85012-0000,Proprietary  ,0,7,7,41,261,302
03695500,ARIZONA SCHOOL OF ACUPUNCTURE AND ORIENT,AZ,85712-1100,Proprietary  ,0,3,3,13,147,160
03784400,TOHONO O'ODHAM COMMUNITY COLLEGE        ,AZ,85634-3129,Public       ,3,8,11,31,99,130
03813300,NORTHCENTRAL UNIVERSITY                 ,AZ,86314-2336,Proprietary  ,1,224,225,62,5064,5126
03814300,TURNING POINT BEAUTY COLLEGE            ,AZ,85222-4229,Proprietary  ,1,8,9,29,98,127
04051300,ART INSTITUTE OF PHOENIX (THE)          ,AZ,85021-2859,Proprietary  ,319,1561,1880,8606,31481,40087
04051306,ART INSTITUTE OF PHOENIX (THE) - ART INS,AZ,85712-2732,Proprietary  ,8,15,23,470,673,1143
04051325,ART INSTITUTE OF PHOENIX (THE) - BROWN M,AZ,85712-5300,Proprietary  ,57,314,371,1296,5753,7049
04051327,ART INSTITUTE OF PHOENIX (THE) - BROWN M,AZ,85029-1348,Proprietary  ,0,7,7,6,15,21
04059300,TUCSON COLLEGE OF BEAUTY                ,AZ,85705-2451,Proprietary  ,0,11,11,60,158,218
04120900,ARIZONA CULINARY INSTITUTE              ,AZ,85259-4939,Proprietary  ,3,10,13,287,518,805
04131400,PHOENIX SCHOOL OF LAW                   ,AZ,85012-3330,Proprietary  ,0,8,8,68,1533,1601
04138800,MODERN TECHNIQUES BEAUTY COLLEGE        ,AZ,86403-2974,Proprietary  ,0,0,0,13,26,39
04139200,UNIVERSAL BARBER COLLEGE                ,AZ,85007-3914,Proprietary  ,1,5,6,67,243,310
04148700,AMERICAN INSTITUTE OF INTERIOR DESIGN   ,AZ,85268-3827,Proprietary  ,0,3,3,5,34,39
04152900,STUDIO ACADEMY OF BEAUTY (THE)          ,AZ,85224-3600,Proprietary  ,9,20,29,82,187,269
04157400,NATIONAL PARALEGAL COLLEGE              ,AZ,85014-1262,Proprietary  ,0,81,81,13,502,515
04172100,CCIC BEAUTY COLLEGE                     ,AZ,85345-2410,Proprietary  ,0,8,8,3,21,24
04174100,PAUL MITCHELL THE SCHOOL PHOENIX        ,AZ,85017-1919,Proprietary  ,18,21,39,115,177,292
04174200,ALL BEAUTY COLLEGE                      ,AZ,86426-8326,Proprietary  ,1,8,9,19,73,92
04175300,KOHLER ACADEMY                          ,AZ,85254-4065,Proprietary  ,4,13,17,56,107,163
04177500,PURE AESTHETICS                         ,AZ,85711-2328,Proprietary  ,1,9,10,1,9,10
00142800,DELAWARE STATE UNIVERSITY               ,DE,19901-2277,Public       ,27,16,43,7662,2237,9899
00142900,GOLDEY BEACOM COLLEGE                   ,DE,19808-1993,Private      ,1,10,11,551,543,1094
00143100,UNIVERSITY OF DELAWARE                  ,DE,19716-0099,Public       ,36,32,68,23325,3357,26682
00143300,WESLEY COLLEGE                          ,DE,19901-3875,Private      ,8,9,17,2683,704,3387
00143301,WESLEY COLLEGE-CTR FOR ADULT STUDIE     ,DE,19720-0000,Private      ,4,9,13,40,380,420
00331301,WIDENER UNIV SCHOOL OF LAW - DE         ,DE,19803-0000,Private      ,0,7,7,46,1755,1801
00705300,DELAWARE TECH & CMTY COLLEGE-OWENS      ,DE,19947-0000,Public       ,27,93,120,2319,3646,5965
00794800,WILMINGTON UNIVERSITY                   ,DE,19720-6491,Private      ,28,248,276,2481,8339,10820
01172700,DELAWARE TECH & CMTY CLG-TERRY          ,DE,19901-8736,Public       ,31,63,94,1870,2734,4604
02125200,BEEBE SCHOOL OF NURSING                 ,DE,19958-1462,Private      ,2,3,5,60,136,196
02144900,DELAWARE TECH & CMTY CLG-STANTN/WLM     ,DE,19801-0000,Public       ,44,127,171,3598,4570,8168
02190400,SCHILLING DOUGLAS SCH OF HAIR DSGN      ,DE,19711-0000,Proprietary  ,1,10,11,78,180,258
02586902,STAR TECHNICAL INSTITUTE -              ,DE,19901-4615,Proprietary  ,0,1,1,17,72,89
03025800,DAWN TRAINING CENTRE                    ,DE,19805-1511,Proprietary  ,16,108,124,179,1343,1522
03543300,HARRIS SCHOOL OF BUSINESS               ,DE,19803-5341,Proprietary  ,16,76,92,189,944,1133
03702300,DELAWARE LEARNING INSTITUTE OF COSMETOLO,DE,19939-9759,Proprietary  ,2,1,3,45,180,225
04130700,ACADEMY OF MASSAGE AND BODYWORK         ,DE,19701-1321,Proprietary  ,1,0,1,19,75,94
04139800,DELAWARE COLLEGE OF ART & DESIGN        ,DE,19801-3007,Private      ,4,2,6,419,116,535
04171100,DELAWARE ACADEMY PAUL MITCHELL PARTNER S,DE,19702-5108,Proprietary  ,3,4,7,65,121,186
        ,FEDERAL STUDENT AID USE ONLY            ,DC,20202-0000,,0,0,0,0,1,1
        ,OFFICIAL USE ONLY                       ,DC,20202-0000,,0,0,0,1,0,1
00143400,AMERICAN UNIVERSITY                     ,DC,20016-8020,Private      ,4,42,46,13046,11564,24610
00143700,CATHOLIC UNIVERSITY OF AMERICA          ,DC,20064-0002,Private      ,9,34,43,5742,3110,8852
00143711,"CATHOLIC UNIV AMERICA, LAW SCHOOL       ",DC,20064-0000,Private      ,0,0,0,39,1596,1635
00144100,UNIV OF THE DISTRICT OF COLUMBIA        ,DC,20008-0000,Public       ,25,107,132,2330,5882,8212
00144102,UNIV OF THE DIST OF COLU -SCHOOL OF LAW ,DC,20008-1173,Public       ,1,9,10,640,2165,2805
00144300,GALLAUDET UNIVERSITY                    ,DC,20002-3695,Private      ,4,12,16,923,1014,1937
00144400,GEORGE WASHINGTON UNIVERSITY            ,DC,20052-2353,Private      ,16,199,215,13476,12931,26407
00144402,GEORGE WASHINGTON UNIV LAW SCHL         ,DC,20052-0000,Private      ,0,4,4,63,4564,4627
00144403,GEORGE WASHINGTON UNIV SCH MED          ,DC,20052-0000,Private      ,1,7,8,55,1448,1503
00144500,GEORGETOWN UNIVERSITY                   ,DC,20057-1252,Private      ,17,100,117,12290,4975,17265
00144501,"GEORGETOWN UNIV, SCH OF MEDICINE        ",DC,20007-0000,Private      ,1,2,3,73,1342,1415
00144502,GEORGETOWN UNIVERSITY - GRADUATE SCHOOL ,DC,20057-0004,Private      ,0,32,32,64,3705,3769
00144503,GEORGETOWN UNIV LAW CENTER              ,DC,20001-0000,Private      ,0,5,5,45,6442,6487
00144800,HOWARD UNIVERSITY                       ,DC,20059-0001,Private      ,16,46,62,14690,9674,24364
00145900,STRAYER UNIVERSITY                      ,DC,20005-2603,Proprietary  ,43,900,943,2999,67604,70603
00146000,TRINITY UNIVERSITY                      ,DC,20017-1004,Private      ,1,71,72,1232,2639,3871
00146400,WESLEY THEOLOGICAL SEMINARY             ,DC,20016-0000,Private      ,0,3,3,0,374,374
00207701,JOHNS HOPKINS UNIV SCH ADV INTL STU     ,DC,20036-0000,Private      ,1,7,8,55,1574,1629
01006500,WASHINGTON THEOLOGICAL UNION            ,DC,20012-0000,Private      ,0,0,0,4,50,54
01195000,THE CORCORAN COLLEGE OF ART & DESIG     ,DC,20006-4804,Private      ,0,2,2,551,488,1039
01280300,DOMINICAN HOUSE OF STUDIES              ,DC,20017-1584,Private      ,0,1,1,3,28,31
02132800,NAT'L CONSERVATORY DRAMATIC ARTS        ,DC,20007-2758,Private      ,2,2,4,17,40,57
02279200,DUDLEY BEAUTY COLG-WASHINGTON           ,DC,20018-0000,Proprietary  ,1,20,21,70,221,291
02588900,SANZ SCHOOL                             ,DC,20006-0000,Proprietary  ,57,327,384,440,2139,2579
03104300,CAREER BLAZERS LEARNING CENTER OF WASHIN,DC,20037-1881,Proprietary  ,10,137,147,132,1031,1163
03218300,POTOMAC COLLEGE                         ,DC,20016-1860,Proprietary  ,2,42,44,63,642,705
03409600,BENNETT CAREER INSTITUTE                ,DC,20017-1754,Proprietary  ,5,22,27,128,422,550
03750300,TECHNICAL LEARNING CENTERS              ,DC,20006-3749,Proprietary  ,11,74,85,95,735,830
04114400,INSTITUTE OF WORLD POLITICS (THE)       ,DC,20036-1464,Private      ,0,2,2,4,212,216
04142700,PONTIFICAL JOHN PAUL II INSTITUTE FOR ST,DC,20064-0001,Private      ,0,0,0,0,31,31
00154100,ABRAHAM BALDWIN AGRICULTURAL CLG        ,GA,31794-0000,Public       ,68,36,104,3297,2017,5314
00154200,AGNES SCOTT COLLEGE                     ,GA,30030-3797,Private      ,2,11,13,1483,532,2015
00154300,DARTON COLLEGE                          ,GA,31707-3098,Public       ,88,226,314,3661,6825,10486
00154400,ALBANY STATE UNIVERSITY                 ,GA,31705-2796,Public       ,65,109,174,7339,5183,12522
00154500,ANDREW COLLEGE                          ,GA,39840-1395,Private      ,2,5,7,441,88,529
00154600,ARMSTRONG ATLANTIC STATE UNIVERSITY     ,GA,31419-1997,Public       ,63,127,190,5965,6650,12615
00154700,ATLANTA CHRISTIAN COLLEGE               ,GA,30344-1999,Private      ,9,53,62,517,1493,2010
00155200,AUGUSTA STATE UNIVERSITY                ,GA,30904-2200,Public       ,38,91,129,5585,5714,11299
00155400,BERRY COLLEGE                           ,GA,30149-5007,Private      ,8,22,30,3172,377,3549
00155500,THOMAS UNIVERSITY                       ,GA,31792-7499,Private      ,5,54,59,351,1473,1824
00155600,BRENAU UNIVERSITY                       ,GA,30501-3668,Private      ,6,83,89,1400,3436,4836
00155700,BREWTON PARKER COLLEGE                  ,GA,30445-0000,Private      ,12,10,22,611,421,1032
00155800,COASTAL GEORGIA COMMUNITY COLLEGE       ,GA,31520-3644,Public       ,42,97,139,2083,3714,5797
00155900,CLARK ATLANTA UNIVERSITY                ,GA,30314-4385,Private      ,46,68,114,13429,5708,19137
00156000,COLUMBIA THEOLOGICAL SEMINARY           ,GA,30031-0000,Private      ,0,3,3,6,255,261
00156100,COLUMBUS STATE UNIVERSITY               ,GA,31907-5645,Public       ,51,175,226,6701,6644,13345
00156200,GEORGIA PERIMETER COLLEGE               ,GA,30021-0000,Public       ,246,604,850,17588,26178,43766
00156300,EMMANUEL COLLEGE                        ,GA,30639-0000,Private      ,3,2,5,821,253,1074
00156400,EMORY UNIVERSITY                        ,GA,30322-1960,Private      ,25,93,118,11867,10949,22816
00156600,FORT VALLEY STATE UNIVERSITY            ,GA,31030-3298,Public       ,51,73,124,6598,2885,9483
00156700,GAINESVILLE STATE COLLEGE               ,GA,30503-0000,Public       ,90,73,163,6962,4191,11153
00156800,INTERDENOMINATIONAL THEOLOGY CENTER     ,GA,30314-0000,Private      ,0,1,1,4,612,616
00156900,GEORGIA INSTITUTE OF TECHNOLOGY         ,GA,30332-0002,Public       ,172,81,253,16896,5975,22871
00157000,SOUTHERN POLYTECHNIC STATE UNIV         ,GA,30060-2896,Public       ,48,55,103,3761,3902,7663
00157100,GEORGIA MILITARY COLLEGE                ,GA,31061-3398,Public       ,91,170,261,4335,5822,10157
00157200,GEORGIA SOUTHERN UNIVERSITY             ,GA,30460-8065,Public       ,356,186,542,21966,7892,29858
00157300,GEORGIA SOUTHWESTERN STATE UNIV         ,GA,31709-4693,Public       ,21,99,120,2723,2416,5139
00157400,GEORGIA STATE UNIVERSITY                ,GA,30303-3010,Public       ,163,492,655,29173,30456,59629
00157500,GORDON COLLEGE                          ,GA,30204-1762,Public       ,73,73,146,6130,3639,9769
00157700,KENNESAW STATE UNIVERSITY               ,GA,30144-5591,Public       ,106,315,421,18470,16645,35115
00157800,LAGRANGE COLLEGE                        ,GA,30240-2999,Private      ,4,31,35,1338,803,2141
00157900,MEDICAL COLLEGE OF GEORGIA              ,GA,30912-0004,Public       ,21,16,37,757,2992,3749
00158000,MERCER UNIVERSITY                       ,GA,31207-0003,Private      ,21,225,246,4618,9780,14398
00158100,MIDDLE GEORGIA COLLEGE                  ,GA,31014-1599,Public       ,41,64,105,3687,2576,6263
00158200,MOREHOUSE COLLEGE                       ,GA,30314-3773,Private      ,24,19,43,5091,1389,6480
00158500,NORTH GEORGIA COLLEGE & STATE UNIV      ,GA,30597-0001,Public       ,40,64,104,5411,2736,8147
00158600,OGLETHORPE UNIVERSITY                   ,GA,30319-2737,Private      ,4,15,19,2092,849,2941
00158700,PAINE COLLEGE                           ,GA,30901-3182,Private      ,12,10,22,1733,739,2472
00158800,PIEDMONT COLLEGE                        ,GA,30535-5644,Private      ,6,209,215,989,2887,3876
00158900,REINHARDT UNIVERSITY                    ,GA,30183-2981,Private      ,4,8,12,1142,677,1819
00159000,SAVANNAH STATE UNIVERSITY               ,GA,31404-5298,Public       ,64,60,124,7615,3546,11161
00159100,SHORTER UNIVERSITY                      ,GA,30165-4298,Private      ,7,139,146,2166,4165,6331
00159200,SOUTH GEORGIA COLLEGE                   ,GA,31533-8104,Public       ,32,48,80,1962,1590,3552
00159400,SPELMAN COLLEGE                         ,GA,30314-4399,Private      ,18,16,34,6886,1705,8591
00159600,TOCCOA FALLS COLLEGE                    ,GA,30598-0001,Private      ,2,5,7,872,270,1142
00159700,TRUETT MCCONNELL COLLEGE                ,GA,30528-1264,Private      ,2,1,3,549,191,740
00159800,UNIVERSITY OF GEORGIA                   ,GA,30602-6114,Public       ,192,197,389,26143,13864,40007
00159900,VALDOSTA STATE UNIVERSITY               ,GA,31698-0001,Public       ,105,256,361,14605,7024,21629
00160000,WESLEYAN COLLEGE                        ,GA,31210-4407,Private      ,0,19,19,507,604,1111
00160100,UNIV OF WEST GEORGIA                    ,GA,30118-0002,Public       ,65,220,285,11246,6386,17632
00160200,GEORGIA COLLEGE & STATE UNIVERSITY      ,GA,31061-0490,Public       ,79,62,141,6711,2719,9430
00160400,YOUNG HARRIS COLLEGE                    ,GA,30582-4137,Private      ,12,2,14,1166,131,1297
00348400,COVENANT COLLEGE                        ,GA,30750-4164,Private      ,2,2,4,1225,350,1575
00395600,DALTON STATE COLLEGE                    ,GA,30720-3797,Public       ,32,84,116,4267,4698,8965
00402300,APPALACHIAN TECHNICAL COLLEGE           ,GA,30143-0000,Public       ,0,0,0,3,25,28
00402400,GEORGIA NORTHWESTERN TECHNICAL COLLEGE  ,GA,30161-6757,Public       ,20,110,130,2762,9416,12178
00411700,GRADY HEALTH SYSTEM                     ,GA,30303-3050,Public       ,3,7,10,138,698,836
00525400,LANIER TECHNICAL COLLEGE                ,GA,30566-3499,Public       ,19,66,85,1416,5179,6595
00525500,MOULTRIE TECHNICAL COLLEGE              ,GA,31768-0000,Public       ,23,69,92,886,3242,4128
00525600,WIREGRASS GEORGIA TECHNICAL COLLEGE     ,GA,31602-0929,Public       ,38,169,207,2015,6854,8869
00525602,WIREGRASS GEORGIA TECHNICAL COLLEGE - BE,GA,31750-8806,Public       ,0,0,0,321,1286,1607
00551100,OKEFENOKEE TECHNICAL COLLEGE            ,GA,31501-4016,Public       ,12,52,64,572,2248,2820
00559900,AUGUSTA TECHNICAL COLLEGE               ,GA,30906-3399,Public       ,23,77,100,2587,7786,10373
00560000,ATHENS TECHNICAL COLLEGE                ,GA,30601-1579,Public       ,24,58,82,2865,7295,10160
00560100,ALBANY TECHNICAL COLLEGE                ,GA,31701-2648,Public       ,50,185,235,1965,7807,9772
00561400,WEST GEORGIA TECHNICAL COLLEGE          ,GA,30240-5957,Public       ,0,0,0,42,91,133
00561500,SOUTHWEST GEORGIA TECHNICAL COLLEGE     ,GA,31792-2622,Public       ,8,52,60,855,3029,3884
00561600,SWAINSBORO TECHNICAL COLLEGE (FORMERLY S,GA,30401-5700,Public       ,0,0,0,78,274,352
00561700,SOUTH GEORGIA TECHNICAL COLLEGE         ,GA,31709-8167,Public       ,49,96,145,1228,3054,4282
00561800,SAVANNAH TECHNICAL COLLEGE              ,GA,31405-5594,Public       ,81,375,456,3041,11012,14053
00561900,NORTH GEORGIA TECHNICAL COLLEGE         ,GA,30523-0000,Public       ,15,40,55,1545,3650,5195
00562000,CHATTAHOOCHEE TECHNICAL COLLEGE         ,GA,30060-3398,Public       ,57,182,239,6443,16062,22505
00562004,NORTH METRO TECHNICAL COLLEGE           ,GA,30102-3129,Public       ,0,0,0,17,46,63
00562100,SOUTHERN CRESCENT TECHNICAL COLLEGE     ,GA,30223-2097,Public       ,43,168,211,2241,7353,9594
00562101,FLINT RIVER TECHNICAL INSTITUTE         ,GA,30286-0014,Public       ,2,16,18,261,1047,1308
00562200,DEKALB TECHNICAL COLLEGE                ,GA,30021-0000,Public       ,40,141,181,2575,10920,13495
00562400,COLUMBUS TECHNICAL COLLEGE              ,GA,31904-6572,Public       ,42,115,157,2189,6033,8222
00576300,CENTRAL GEORGIA TECHNICAL COLLEGE       ,GA,31206-3628,Public       ,51,228,279,2817,11892,14709
00772800,MACON STATE COLLEGE                     ,GA,31206-5145,Public       ,49,152,201,3962,6709,10671
00854300,ATLANTA TECHNICAL COLLEGE               ,GA,30310-4499,Public       ,59,276,335,2932,11395,14327
00897600,CLAYTON STATE UNIVERSITY                ,GA,30260-0285,Public       ,42,186,228,5989,11074,17063
00927000,ART INSTITUTE OF ATLANTA (THE)          ,GA,30328-1649,Proprietary  ,115,201,316,9657,8797,18454
00950700,GEORGIA HIGHLANDS COLLEGE               ,GA,30162-0000,Public       ,46,94,140,3940,4018,7958
00962106,HERZING UNIVERSITY - ATLANTA            ,GA,30326-1162,Proprietary  ,5,68,73,294,1861,2155
01031903,MEDIX SCHOOL                            ,GA,30080-7630,Proprietary  ,36,85,121,344,1392,1736
01035601,EVEREST INSTITUTE - DEKALB              ,GA,30035-3420,Proprietary  ,11,85,96,310,1615,1925
01048700,WEST GEORGIA TECHNICAL COLLEGE          ,GA,30182-6476,Public       ,40,137,177,3537,9590,13127
01077100,GUPTON JONES COLLEGE                    ,GA,30035-4022,Private      ,2,7,9,178,505,683
01099700,EAST GEORGIA COLLEGE                    ,GA,30401-2699,Public       ,43,48,91,2980,1679,4659
01107400,BAINBRIDGE COLLEGE                      ,GA,39819-8400,Public       ,142,289,431,1639,4961,6600
01110901,EVEREST COLLEGE - EVEREST INSTITUTE     ,GA,30067-8340,Proprietary  ,8,36,44,199,1195,1394
01110902,EVEREST COLLEGE - ATLANTA               ,GA,30331-2620,Proprietary  ,0,20,20,22,113,135
01112301,EVEREST COLLEGE - EVEREST INSTITUTE- NOR,GA,30093-2813,Proprietary  ,14,87,101,269,1401,1670
01157400,BAUDER COLLEGE                          ,GA,30313-2439,Proprietary  ,18,69,87,817,1620,2437
01205100,PRO WAY HAIR SCHOOL                     ,GA,30083-2884,Proprietary  ,5,13,18,111,544,655
01216500,ATLANTA METROPOLITAN COLLEGE            ,GA,30310-4498,Public       ,56,185,241,3449,6513,9962
01303900,SOUTH UNIVERSITY                        ,GA,31406-4881,Proprietary  ,374,4577,4951,4447,51966,56413
02055000,WAYCROSS COLLEGE                        ,GA,31503-0000,Public       ,26,43,69,746,1041,1787
02060900,BROWN CLG OF COURT REPORTING & M.T.     ,GA,30318-2570,Proprietary  ,1,8,9,48,539,587
02074800,LIFE UNIVERSITY                         ,GA,30060-0000,Private      ,4,10,14,446,2868,3314
02113613,AMERICAN INTERCONTINENTAL UNIVERSITY    ,GA,30328-1649,Proprietary  ,10,99,109,1584,4656,6240
02116000,SANFORD-BROWN COLLEGE                   ,GA,30328-4803,Proprietary  ,24,128,152,504,2674,3178
02141500,SAVANNAH COLLEGE OF ART & DESIGN        ,GA,31402-3146,Private      ,40,43,83,10332,5236,15568
02202800,AUGUSTA AREA DIET INTERN UNIV HOSP      ,GA,30901-0000,Private      ,0,1,1,8,47,55
02217200,PORTFOLIO CENTER                        ,GA,30309-0000,Proprietary  ,0,1,1,27,144,171
02266200,AMERICAN PROFESSIONAL INSTITUTE         ,GA,31201-3185,Proprietary  ,37,151,188,519,2412,2931
02279500,HEART OF GEORGIA TECHNICAL COLLEGE      ,GA,31021-0000,Public       ,4,20,24,630,2227,2857
02284300,INTERACTIVE COLLEGE OF TECHNOLOGY       ,GA,30341-0000,Proprietary  ,25,194,219,361,2485,2846
02284308,INTERACTIVE LEARNING SYSTEMS            ,GA,30260-0000,Proprietary  ,11,40,51,77,421,498
02284309,INTERACTIVE COLLEGE OF TECHNOLOGY       ,GA,30501-0000,Proprietary  ,9,43,52,54,426,480
02285500,"CREATIVE CIRCUS, THE                    ",GA,30324-0000,Proprietary  ,0,2,2,83,344,427
02288400,GWINNETT TECHNICAL INSTITUTE            ,GA,30043-5702,Public       ,45,141,186,3798,11422,15220
02313902,WESTWOOD COLLEGE - O'HARE AIRPORT - ATLA,GA,30345-2807,Proprietary  ,7,43,50,400,1000,1400
02321400,ROFFLER-MOLER HAIRSTYLING COLLEGE       ,GA,30062-0000,Proprietary  ,4,3,7,65,213,278
02354500,SOUTHEASTERN BEAUTY SCHOOLS             ,GA,31906-0000,Proprietary  ,3,17,20,72,227,299
02482100,MOREHOUSE SCHOOL OF MEDICINE            ,GA,30310-0000,Private      ,3,3,6,166,742,908
02502700,ADVANCED CAREER TRAINING                ,GA,30329-0000,Proprietary  ,106,274,380,797,2676,3473
02502701,ADVANCED CAREER TRAINING-RIVERDALE      ,GA,30274-0000,Proprietary  ,55,198,253,313,1349,1662
02508600,MIDDLE GEORGIA TECHNICAL COLLEGE        ,GA,31088-0000,Public       ,30,101,131,1540,5076,6616
02520000,INTERNATIONAL SCH SKIN & NAILCARE       ,GA,30342-1119,Proprietary  ,7,44,51,74,513,587
02577000,ESANI INSTITUTE                         ,GA,30297-0000,Proprietary  ,5,6,11,113,333,446
02577700,BEAUTY COLLEGE OF AMERICA               ,GA,30297-0000,Proprietary  ,2,13,15,63,170,233
02578300,INTERNATIONAL CITY BEAUTY COLLEGE       ,GA,31093-3631,Proprietary  ,1,0,1,11,22,33
02580200,ATLANTA SCHOOL OF MASSAGE               ,GA,30338-0000,Proprietary  ,2,23,25,108,574,682
02583000,GWINNETT COLLEGE OF BUSINESS            ,GA,30047-3447,Proprietary  ,4,19,23,201,943,1144
02607600,CAPELLI LEARNING CTR FOR COSM           ,GA,30324-0000,Proprietary  ,5,13,18,136,421,557
02614206,MILLER - MOTTE TECHNICAL COLLEGE - COLUM,GA,31907-3222,Proprietary  ,3,48,51,114,825,939
02614207,MILLER - MOTTE TECHNICAL COLLEGE - AUGUS,GA,30907-0921,Proprietary  ,6,22,28,31,144,175
03005400,ARTISTIC BEAUTY COLLEGE                 ,GA,30013-2076,Proprietary  ,22,72,94,338,928,1266
03010619,VIRGINIA COLLEGE - AUGUSTA              ,GA,30909-5515,Proprietary  ,19,119,138,292,1852,2144
03010623,VIRGINIA COLLEGE - MACON                ,GA,31206-3180,Proprietary  ,7,70,77,14,137,151
03022601,WESTERN CULINARY INSTITUTE - LE CORDON B,GA,30084-5893,Proprietary  ,11,37,48,258,428,686
03030000,OGEECHEE TECHNICAL COLLEGE              ,GA,30458-8049,Public       ,12,62,74,1671,3990,5661
03032100,ALTAMAHA TECHNICAL COLLEGE              ,GA,31545-4465,Public       ,5,38,43,621,2372,2993
03042700,LAURUSTECHNICAL INSTITUTE               ,GA,30030-1506,Proprietary  ,13,44,57,144,700,844
03066500,SOUTHEASTERN TECHNICAL COLLEGE          ,GA,30474-8817,Public       ,5,32,37,632,2533,3165
03072304,EVEREST COLLEGE - EVEREST INSTITUTE     ,GA,30236-0000,Proprietary  ,5,64,69,278,1462,1740
03076300,BEULAH HEIGHTS BIBLE COLLEGE            ,GA,30316-1873,Private      ,0,28,28,62,931,993
03079202,WESTWOOD COLLEGE - ATLANTA MIDTOWN      ,GA,30309-2848,Proprietary  ,11,70,81,897,1998,2895
03081500,SOUTHEASTERN BEAUTY SCHOOL              ,GA,31917-0000,Proprietary  ,3,14,17,57,192,249
03089100,GEORGIA INSTITUTE OF COSMETOLOGY        ,GA,30606-3152,Proprietary  ,11,34,45,210,526,736
03090600,COBB BEAUTY COLLEGE                     ,GA,30144-2828,Proprietary  ,5,3,8,58,144,202
03100900,LUTHER RICE UNIVERSITY                  ,GA,30038-2454,Private      ,0,12,12,35,985,1020
03102000,RIVERTOWN SCHOOL OF BEAUTY              ,GA,31904-4747,Proprietary  ,7,32,39,95,300,395
03104500,ATLANTA INSTITUTE OF MUSIC              ,GA,30096-4988,Proprietary  ,5,10,15,387,425,812
03116100,VOGUE BEAUTY AND BARBER SCHOOL          ,GA,30141-2226,Proprietary  ,4,9,13,63,189,252
03155500,SANDERSVILLE REGIONAL TECH INST         ,GA,31082-6179,Public       ,17,31,48,325,1060,1385
03173300,ATLANTA'S JOHN MARSHALL LAW SCHOOL      ,GA,30309-0000,Proprietary  ,1,9,10,48,1528,1576
03232304,LINCOLN COLLEGE OF TECHNOLOGY           ,GA,30067-8638,Proprietary  ,3,45,48,252,945,1197
03418300,GWINNETT COLLEGE-SANDY SPRINGS          ,GA,30328-3161,Proprietary  ,1,6,7,85,418,503
03445500,FAYETTE BEAUTY ACADEMY                  ,GA,30214-1191,Proprietary  ,0,1,1,25,125,150
03523300,AVIATION INSTITUTE OF MAINTENANCE       ,GA,30045-0000,Proprietary  ,23,74,97,289,1068,1357
03635300,CARVER BIBLE COLLEGE                    ,GA,30331-1300,Private      ,1,4,5,29,168,197
03748300,KEVOSNIK SCHOOL OF HAIR DESIGN          ,GA,31021-0000,Proprietary  ,2,1,3,10,42,52
03753400,MICHAEL'S SCHOOL OF BEAUTY              ,GA,31211-1493,Proprietary  ,1,8,9,25,157,182
03804400,JAVELIN TECHNICAL TRAINING CENTER       ,GA,30339-6040,Proprietary  ,27,194,221,397,2025,2422
03804401,JAVELIN TECHNICAL TRAINING CENTER -     ,GA,30260-1756,Proprietary  ,0,0,0,26,174,200
03804402,JAVELIN TECHNICAL TRAINING CENTER -     ,GA,30084-5252,Proprietary  ,0,0,0,12,139,151
03812300,OMNITECH INSTITUTE                      ,GA,30035-1206,Proprietary  ,10,51,61,204,677,881
04021300,AUGUSTA SCHOOL OF MASSAGE               ,GA,30809-0000,Proprietary  ,0,5,5,26,97,123
04051331,ART INSTITUTE OF PHOENIX (THE) - BROWN M,GA,30319-3054,Proprietary  ,1,10,11,430,1295,1725
04091300,SAVANNAH SCHOOL OF MASSAGE THERAPY      ,GA,31406-2711,Private      ,1,3,4,52,204,256
04126800,ACADEMY OF SOMATIC HEALING ARTS (ASHA)  ,GA,30071-1024,Proprietary  ,0,5,5,47,289,336
04128500,SOUTHERN CATHOLIC COLLEGE               ,GA,30534-3111,Private      ,0,0,0,79,19,98
04142900,GEORGIA GWINNETT COLLEGE                ,GA,30043-7409,Public       ,66,87,153,4738,4002,8740
04147000,PAUL MITCHELL THE SCHOOL ATLANTA        ,GA,30318-5241,Proprietary  ,6,14,20,243,486,729
04147700,LAKE LANIER SCHOOL OF MASSAGE           ,GA,30501-4546,Proprietary  ,4,22,26,54,258,312
04149900,PROFILE INSTITUTE OF BARBER-STYLING     ,GA,30315-8459,Proprietary  ,2,12,14,59,229,288
04150900,PROCESS INSTITUTE OF COSMETOLOGY (THE)  ,GA,30043-7344,Proprietary  ,5,1,6,88,159,247
04152300,GEORGIA BEAUTY ACADEMY                  ,GA,30721-3952,Proprietary  ,4,11,15,59,171,230
04156500,GEORGIA CHRISTIAN UNIVERSITY            ,GA,30047-3778,Private      ,0,1,1,0,1,1
04160200,ATLANTA BEAUTY ACADEMY                  ,GA,30340-1334,Proprietary  ,4,32,36,56,323,379
00162800,AMERICAN ACADEMY OF ART                 ,IL,60604-4302,Proprietary  ,0,2,2,892,270,1162
00163300,AUGUSTANA COLLEGE                       ,IL,61201-2296,Private      ,3,4,7,4034,207,4241
00163400,AURORA UNIVERSITY                       ,IL,60506-4892,Private      ,6,113,119,3039,3160,6199
00163600,SOUTHWESTERN ILLINOIS COLLEGE           ,IL,62221-5899,Public       ,107,326,433,4518,8373,12891
00163800,BLACK HAWK COLLEGE                      ,IL,61265-5899,Public       ,33,78,111,2405,3781,6186
00163900,BLACKBURN COLLEGE                       ,IL,62626-1498,Private      ,0,2,2,829,158,987
00164000,PRAIRIE STATE COLLEGE                   ,IL,60411-8226,Public       ,36,147,183,2928,5752,8680
00164100,BRADLEY UNIVERSITY                      ,IL,61625-0002,Private      ,8,8,16,7193,1338,8531
00164300,SPOON RIVER COLLEGE                     ,IL,61520-8907,Public       ,5,15,20,811,1027,1838
00164700,CITY COLLEGES OF CHICAGO                ,IL,60606-6998,Public       ,8,56,64,904,1720,2624
00164800,TRUMAN COLLEGE                          ,IL,60640-5691,Public       ,47,249,296,4264,7155,11419
00164900,RICHARD J DALEY COLLEGE                 ,IL,60652-1299,Public       ,50,176,226,3468,5956,9424
00165000,CITY COLLEGES OF CHICAGO-MALCOLM X      ,IL,60612-3197,Public       ,43,266,309,3760,8786,12546
00165200,HAROLD WASHINGTON COLLEGE               ,IL,60601-2403,Public       ,80,243,323,7163,9333,16496
00165400,KENNEDY KING COLLEGE                    ,IL,60621-3798,Public       ,43,286,329,4163,10985,15148
00165500,WRIGHT COLLEGE                          ,IL,60634-1591,Public       ,49,163,212,6041,7133,13174
00165700,MIDWESTERN UNIVERSITY                   ,IL,60515-1200,Private      ,0,4,4,155,2976,3131
00165900,ROSALIND FRANKLIN UNIVERSITY OF MEDICINE,IL,60064-3095,Private      ,1,8,9,38,2441,2479
00166100,CHICAGO THEOLOGICAL SEMINARY            ,IL,60637-0000,Private      ,0,0,0,26,209,235
00166300,SPERTUS COLLEGE                         ,IL,60605-1995,Private      ,0,17,17,9,108,117
00166400,UNIVERSITY OF ST FRANCIS                ,IL,60435-6188,Private      ,2,50,52,1584,2049,3633
00166500,COLUMBIA COLLEGE                        ,IL,60605-1996,Private      ,39,81,120,14255,5914,20169
00166600,CONCORDIA UNIVERSITY                    ,IL,60305-1499,Private      ,2,101,103,2400,4072,6472
00166900,DANVILLE AREA COMMUNITY COLLEGE         ,IL,61832-5199,Public       ,19,96,115,1129,2368,3497
00167100,DEPAUL UNIVERSITY                       ,IL,60604-2287,Private      ,32,257,289,18664,18831,37495
00167400,EASTERN ILLINOIS UNIVERSITY             ,IL,61920-3099,Public       ,23,66,89,11705,4092,15797
00167500,ELGIN COMMUNITY COLLEGE                 ,IL,60123-7193,Public       ,29,109,138,3955,5456,9411
00167600,ELMHURST COLLEGE                        ,IL,60126-3296,Private      ,5,5,10,3848,1368,5216
00167800,EUREKA COLLEGE                          ,IL,61530-9976,Private      ,2,0,2,1108,264,1372
00168100,HIGHLAND COMMUNITY COLLEGE              ,IL,61032-9341,Public       ,24,35,59,1051,1642,2693
00168200,GARRETT-EVANGELICAL THEOLOGICAL SEM     ,IL,60201-0000,Private      ,0,2,2,3,230,233
00168400,GREENVILLE COLLEGE                      ,IL,62246-1199,Private      ,4,16,20,1628,900,2528
00168500,HEBREW THEOLOGICAL COLLEGE              ,IL,60077-3263,Private      ,11,0,11,463,31,494
00168800,ILLINOIS COLLEGE                        ,IL,62650-2299,Private      ,3,1,4,1432,159,1591
00168900,ILLINOIS COLLEGE OF OPTOMETRY           ,IL,60616-3878,Private      ,1,3,4,26,715,741
00169100,ILLINOIS INSTITUTE OF TECHNOLOGY        ,IL,60616-0000,Private      ,10,30,40,2637,2459,5096
00169101,ILLINOIS INSTITUTE OF TECHNOLOGY - IIT D,IL,60661-3691,Private      ,0,0,0,468,646,1114
00169103,CHICAGO KENT COLLEGE OF LAW             ,IL,60661-0000,Private      ,1,17,18,42,2298,2340
00169200,ILLINOIS STATE UNIVERSITY               ,IL,61790-1000,Public       ,40,62,102,21308,5362,26670
00169300,NORTHEASTERN ILLINOIS UNIV              ,IL,60625-4699,Public       ,23,103,126,7537,8698,16235
00169400,CHICAGO STATE UNIVERSITY                ,IL,60628-1598,Public       ,28,187,215,6470,12897,19367
00169600,ILLINOIS WESLEYAN UNIVERSITY            ,IL,61701-0000,Private      ,0,1,1,3282,200,3482
00169800,JOHN MARSHALL LAW SCHOOL                ,IL,60604-0000,Private      ,0,10,10,53,2865,2918
00169900,JOLIET JUNIOR COLLEGE                   ,IL,60431-8938,Public       ,79,168,247,7423,8287,15710
00170000,JUDSON UNIVERSITY                       ,IL,60123-1498,Private      ,2,39,41,1022,977,1999
00170100,KASKASKIA COLLEGE                       ,IL,62801-7878,Public       ,40,95,135,1688,2889,4577
00170300,KENDALL COLLEGE                         ,IL,60622-4278,Proprietary  ,9,35,44,1375,2851,4226
00170400,KNOX COLLEGE                            ,IL,61401-4999,Private      ,1,1,2,2259,121,2380
00170500,ILLINOIS VALLEY COMMUNITY COLLEGE       ,IL,61348-9692,Public       ,39,58,97,1648,2337,3985
00170600,LAKE FOREST COLLEGE                     ,IL,60045-2399,Private      ,1,3,4,1860,212,2072
00170700,LEWIS UNIVERSITY                        ,IL,60446-2200,Private      ,10,111,121,4671,4100,8771
00170800,LINCOLN CHRISTIAN UNIVERSITY            ,IL,62656-2167,Private      ,1,9,10,503,699,1202
00170900,LINCOLN COLLEGE                         ,IL,62656-1699,Private      ,5,14,19,1444,762,2206
00171000,LOYOLA UNIVERSITY CHICAGO               ,IL,60626-0000,Private      ,29,123,152,16160,12690,28850
00171002,LOYOLA STRITCH SCHOOL OF MEDICINE       ,IL,60153-0000,Private      ,0,0,0,32,460,492
00171200,LUTHERAN SCHOOL OF THEOL AT CHICAGO     ,IL,60615-0000,Private      ,1,1,2,6,150,156
00171600,MACCORMAC COLLEGE                       ,IL,60602-4405,Private      ,0,2,2,59,248,307
00171700,MACMURRAY COLLEGE                       ,IL,62650-2590,Private      ,0,8,8,618,313,931
00172100,MCCORMICK THEOLOGICAL SEMINARY          ,IL,60615-5108,Private      ,0,1,1,8,162,170
00172200,MCKENDREE UNIVERSITY                    ,IL,62254-1299,Private      ,2,52,54,1859,1771,3630
00172300,MEADVILLE LOMBARD THEOLOGICAL SCHOOL    ,IL,60637-1602,Private      ,0,0,0,1,93,94
00172400,MILLIKIN UNIVERSITY                     ,IL,62522-2084,Private      ,3,10,13,2938,980,3918
00172500,MONMOUTH COLLEGE                        ,IL,61462-1963,Private      ,1,0,1,2084,137,2221
00172700,MOODY BIBLE INSTITUTE                   ,IL,60610-3214,Private      ,3,31,34,1159,872,2031
00172800,MORTON COLLEGE                          ,IL,60804-4398,Public       ,39,96,135,2418,2623,5041
00173200,NATIONAL UNIV OF HEALTH SCIENCES        ,IL,60148-4583,Private      ,2,18,20,80,1105,1185
00173300,NATIONAL-LOUIS UNIVERSITY               ,IL,60603-3032,Private      ,1,167,168,379,7875,8254
00173400,NORTH CENTRAL COLLEGE                   ,IL,60540-4690,Private      ,2,11,13,3492,1048,4540
00173500,NORTH PARK UNIVERSITY                   ,IL,60625-4895,Private      ,5,25,30,2770,1991,4761
00173600,NORTHERN BAPTIST THEOL SEMINARY         ,IL,60148-0000,Private      ,0,1,1,3,64,67
00173700,NORTHERN ILLINOIS UNIVERSITY            ,IL,60115-2854,Public       ,56,110,166,23679,11533,35212
00173900,NORTHWESTERN UNIV                       ,IL,60208-0001,Private      ,15,116,131,18301,11873,30174
00174100,OLIVET NAZARENE UNIVERSITY              ,IL,60914-2271,Private      ,3,50,53,3383,2408,5791
00174200,IL EASTERN COMM COLGS-OLNEY CENTRAL     ,IL,62450-1099,Public       ,17,31,48,696,970,1666
00174500,QUINCY UNIVERSITY                       ,IL,62301-2699,Private      ,3,16,19,1594,1283,2877
00174600,ROBERT MORRIS UNIVERSITY ILLINOIS       ,IL,60605-1225,Private      ,14,74,88,5627,6848,12475
00174700,ROCK VALLEY COLLEGE                     ,IL,61114-5699,Public       ,32,93,125,3687,7023,10710
00174800,ROCKFORD COLLEGE                        ,IL,61108-2393,Private      ,6,21,27,1113,1588,2701
00174900,ROOSEVELT UNIVERSITY                    ,IL,60605-1394,Private      ,9,125,134,5002,8387,13389
00175000,DOMINICAN UNIVERSITY                    ,IL,60305-1066,Private      ,6,19,25,2877,2273,5150
00175200,SAUK VALLEY COMMUNITY COLLEGE           ,IL,61021-9112,Public       ,19,72,91,1205,1600,2805
00175300,SCHOOL OF ART INSTITUTE OF CHICAGO      ,IL,60603-3013,Private      ,10,18,28,3962,2832,6794
00175400,SEABURY-WESTERN THEO SEMINARY           ,IL,60201-0000,Private      ,0,0,0,2,1,3
00175600,SHIMER COLLEGE                          ,IL,60616-3893,Private      ,0,0,0,179,73,252
00175700,SOUTHEASTERN ILLINOIS COLLEGE           ,IL,62946-4925,Public       ,11,24,35,808,1083,1891
00175800,SOUTHERN ILL UNIV-CARBONDALE            ,IL,62901-0000,Public       ,66,186,252,16507,9748,26255
00175900,SOUTHERN ILL UNIV-EDWARDSVILLE          ,IL,62026-1060,Public       ,44,78,122,11848,6669,18517
00175924,SO IL UNIV-SCHL OF DENTAL MEDICINE      ,IL,62002-0000,Public       ,0,0,0,14,202,216
00176100,SPRINGFIELD COLLEGE IN ILLINOIS         ,IL,62702-2694,Private      ,0,6,6,383,548,931
00176500,UNIVERSITY OF ST MARY OF THE LAKE       ,IL,60060-0000,Private      ,0,1,1,2,18,20
00176700,BENEDICTINE UNIVERSITY                  ,IL,60532-0900,Private      ,7,106,113,2938,4879,7817
00176800,ST XAVIER UNIVERSITY                    ,IL,60655-3199,Private      ,4,70,74,4828,4029,8857
00176900,SOUTH SUBURBAN COLLEGE                  ,IL,60473-9978,Public       ,67,240,307,3313,8760,12073
00177100,TRINITY CHRISTIAN COLLEGE               ,IL,60463-0929,Private      ,0,4,4,1333,1048,2381
00177200,TRINITY INTERNATIONAL UNIVERSITY        ,IL,60015-1283,Private      ,4,11,15,931,1341,2272
00177300,TRITON COLLEGE                          ,IL,60171-1995,Public       ,60,197,257,4431,6463,10894
00177400,UNIVERSITY OF CHICAGO                   ,IL,60637-1476,Private      ,22,24,46,14589,3541,18130
00177401,UNIV OF CHICAGO PRITZKER SCH OF MED     ,IL,60637-0000,Private      ,0,2,2,60,648,708
00177403,"UNIV OF CHICAGO, BOOTH SCH OF BUS       ",IL,60637-0000,Private      ,0,22,22,56,1514,1570
00177405,UNIVERSITY OF CHICAGO GRADUATE          ,IL,60637-0000,Private      ,1,17,18,156,6030,6186
00177500,UNIV OF ILLINOIS @ URBANA-CHAMPAIGN     ,IL,61820-5796,Public       ,61,153,214,29081,10349,39430
00177600,UNIV OF ILLINOIS AT CHICAGO             ,IL,60607-0000,Public       ,42,134,176,22897,18643,41540
00177800,VANDERCOOK COLLEGE OF MUSIC             ,IL,60616-3731,Private      ,0,4,4,196,109,305
00177900,IL EASTERN COMM COLGS-WABASH VALLEY     ,IL,62863-2699,Public       ,10,36,46,501,669,1170
00178000,WESTERN ILLINOIS UNIVERSITY             ,IL,61455-1390,Public       ,26,56,82,11447,4479,15926
00178100,WHEATON COLLEGE                         ,IL,60187-5535,Private      ,4,8,12,2844,709,3553
00178300,WORSHAM COLLEGE OF MORTUARY SCIENCE     ,IL,60090-2646,Proprietary  ,1,0,1,78,167,245
00396100,HARPER COLLEGE                          ,IL,60067-7398,Public       ,68,231,299,5869,6615,12484
00418100,ADVOCATE TRINITY HOSPITAL SCHOOL OF RADI,IL,60617-3982,Private      ,0,1,1,66,257,323
00456000,GEM CITY COLLEGE                        ,IL,62301-4949,Proprietary  ,0,5,5,26,89,115
00456800,MIDSTATE COLLEGE                        ,IL,61614-3558,Proprietary  ,3,31,34,140,1202,1342
00621400,BLESSING RIEMAN COLLEGE OF NURSING      ,IL,62301-0000,Private      ,0,1,1,82,126,208
00621401,BLESSING HOSPITAL - SCHOOL OF MEDICAL LA,IL,62305-7005,Private      ,0,1,1,5,22,27
00621402,BLESSING HOSPITAL - SCHOOL OF RADIOLOGIC,IL,62305-7005,Private      ,0,0,0,16,24,40
00621403,BLESSING HOSPITAL - COLLEGE OF NURSING  ,IL,62305-7005,Private      ,0,0,0,22,27,49
00622500,TRINITY COLLEGE OF NURSING AND HEALTH SC,IL,61201-5317,Private      ,0,3,3,116,271,387
00622800,METHODIST MED CTR OF ILL SCH NRSNG      ,IL,61636-0000,Private      ,1,3,4,260,537,797
00624000,ST FRANCIS MED CLG OF NRSG              ,IL,61603-3783,Private      ,0,5,5,217,413,630
00638500,CHAMBERLAIN COLLEGE OF NURSING          ,IL,60101-0000,Proprietary  ,8,488,496,1374,12540,13914
00665600,COLLEGE OF DUPAGE                       ,IL,60137-6599,Public       ,145,334,479,9242,10477,19719
00675300,ILLINOIS CENTRAL COLLEGE                ,IL,61635-0001,Public       ,65,201,266,4560,7304,11864
00693100,WAUBONSEE COMMUNITY COLLEGE             ,IL,60554-0000,Public       ,43,140,183,2871,4290,7161
00711800,PARKLAND COLLEGE                        ,IL,61821-1899,Public       ,43,146,189,4679,4955,9634
00711900,REND LAKE COLLEGE                       ,IL,62846-9801,Public       ,22,52,74,1451,1948,3399
00717000,LINCOLN LAND COMMUNITY COLLEGE          ,IL,62794-9256,Public       ,17,61,78,2749,4823,7572
00726500,CARL SANDBURG COLLEGE                   ,IL,61401-9576,Public       ,18,54,72,1096,2012,3108
00754900,COYNE AMERICAN INSTITUTE                ,IL,60607-1300,Proprietary  ,12,81,93,471,1702,2173
00764400,LAKE LAND COLLEGE                       ,IL,61938-9366,Public       ,25,66,91,2459,3078,5537
00768400,KISHWAUKEE COLLEGE                      ,IL,60150-9699,Public       ,20,53,73,2260,2555,4815
00769000,KANKAKEE COMMUNITY COLLEGE              ,IL,60901-6505,Public       ,28,91,119,1673,3321,4994
00769100,MCHENRY COUNTY COLLEGE                  ,IL,60012-2761,Public       ,21,58,79,2818,2548,5366
00769200,MORAINE VALLEY COMMUNITY COLLEGE        ,IL,60465-0937,Public       ,95,203,298,6380,6430,12810
00769300,SHAWNEE COMMUNITY COLLEGE               ,IL,62992-9725,Public       ,39,74,113,947,1684,2631
00769400,COLLEGE OF LAKE COUNTY                  ,IL,60030-1198,Public       ,109,307,416,4608,6651,11259
00793700,MS ROBERTS ACADEMY OF BEAUTY CULT       ,IL,60181-2930,Proprietary  ,5,12,17,43,103,146
00807600,JOHN A LOGAN COLLEGE                    ,IL,62918-2500,Public       ,47,123,170,2384,3350,5734
00809003,EVEREST COLLEGE - BEDFORD PARK          ,IL,60629-5819,Proprietary  ,4,5,9,4,5,9
00814604,EVEREST UNIVERSITY - EVEREST  COLLEGE   ,IL,60803-4517,Proprietary  ,6,43,49,234,1241,1475
00825900,EDUCATORS OF BEAUTY                     ,IL,61081-3611,Proprietary  ,4,14,18,70,197,267
00825901,EDUCATORS OF BEAUTY                     ,IL,61104-0000,Proprietary  ,3,4,7,29,127,156
00832800,ALVAREITA'S COLLEGE OF COSMETOLOGY      ,IL,62025-2041,Proprietary  ,4,5,9,47,154,201
00832904,ITT TECHNICAL INSTITUTE                 ,IL,60521-7595,Proprietary  ,0,1,1,0,1,1
00854500,ROCKFORD BUSINESS COLLEGE               ,IL,61103-0000,Proprietary  ,8,40,48,256,1325,1581
00869402,RASMUSSEN COLLEGE - ROCKFORD            ,IL,61108-2513,Proprietary  ,5,24,29,440,2242,2682
00869403,RASMUSSEN COLLEGE - AURORA              ,IL,60506-6219,Proprietary  ,2,17,19,242,873,1115
00869404,RASMUSSEN COLLEGE - ROMEOVILLE          ,IL,60446-0000,Proprietary  ,4,22,26,196,722,918
00869418,RASMUSSEN COLLEGE -  MOKENA             ,IL,60448-0000,Proprietary  ,1,4,5,30,146,176
00888000,MORRISON INSTITUTE OF TECHNOLOGY        ,IL,61270-2959,Private      ,0,0,0,123,40,163
00893800,GRAHAM HOSPITAL SCH OF NURSING          ,IL,61520-2497,Private      ,0,1,1,28,94,122
00893900,CANNELLA SCHOOL OF HAIR DESIGN          ,IL,60406-2130,Proprietary  ,3,5,8,46,183,229
00914500,GOVERNORS STATE UNIVERSITY              ,IL,60466-0975,Public       ,10,133,143,1091,7269,8360
00923200,CATHOLIC THEOLOGICAL UNION              ,IL,60615-0000,Private      ,1,2,3,6,84,90
00933300,UNIV OF ILLINOIS AT SPRINGFIELD         ,IL,62703-5407,Public       ,3,44,47,2378,3393,5771
00947500,EDUCATORS OF BEAUTY                     ,IL,61301-2404,Proprietary  ,2,3,5,39,82,121
00959500,CANNELLA SCHOOL OF HAIR DESIGN          ,IL,60617-4303,Proprietary  ,3,11,14,77,211,288
00976700,OLIVE-HARVEY COLLEGE                    ,IL,60628-1696,Public       ,37,146,183,2073,5738,7811
00978600,IL EASTERN COMM COLGS-LINCOLN TRAIL     ,IL,62454-5708,Public       ,4,5,9,432,486,918
00980000,RUSH UNIVERSITY                         ,IL,60612-3806,Private      ,1,19,20,279,2973,3252
00989600,OAKTON COMMUNITY COLLEGE                ,IL,60016-1268,Public       ,36,110,146,3687,3916,7603
00998700,SAINT ANTHONY COLLEGE OF NURSING        ,IL,61108-2468,Private      ,0,4,4,159,379,538
01002000,LEWIS AND CLARK COMMUNITY COLLEGE       ,IL,62035-2466,Public       ,43,102,145,2297,3418,5715
01031600,LINCOLN COLLEGE OF TECHNOLOGY           ,IL,60160-1605,Proprietary  ,58,71,129,1282,1515,2797
01050100,LAKEVIEW  COLLEGE OF NURSING            ,IL,61832-3781,Private      ,0,3,3,165,270,435
01069500,TRI-COUNTY BEAUTY ACADEMY               ,IL,62056-2036,Proprietary  ,0,2,2,12,55,67
01071000,CAPITAL AREA SCH OF PRAC NRSG           ,IL,62707-0000,Public       ,2,3,5,85,556,641
01072700,DEVRY UNIVERSITY                        ,IL,60618-5994,Proprietary  ,430,3005,3435,24902,102569,127471
01083600,PIVOT POINT INTNL CSMTLGY RSRCH CTR     ,IL,60626-0000,Proprietary  ,12,16,28,456,650,1106
01087900,RICHLAND COMMUNITY COLLEGE              ,IL,62521-8513,Public       ,30,98,128,1073,2644,3717
01102401,EVEREST COLLEGE - CHICAGO               ,IL,60604-2052,Proprietary  ,13,93,106,691,2408,3099
01151002,EVEREST INSTITUTE - EVEREST COLLEGE     ,IL,60542-1610,Proprietary  ,10,45,55,219,859,1078
01181000,TAYLOR BUSINESS INSTITUTE               ,IL,60606-5111,Proprietary  ,1,23,24,54,301,355
01185800,EVEREST COLLEGE                         ,IL,60077-1074,Proprietary  ,24,124,148,459,1477,1936
01185802,EVEREST COLLEGE - BURR RIDGE            ,IL,60527-7826,Proprietary  ,4,33,37,161,660,821
01236200,NORTHWESTERN COLLEGE                    ,IL,60630-2298,Proprietary  ,26,137,163,1929,4518,6447
01238500,BLOOMINGTON-NORMAL SCH RADIOGRAPHY      ,IL,61761-4604,Private      ,0,0,0,22,38,60
01258400,ILLINOIS INSTITUTE OF ART (THE)         ,IL,60654-1593,Proprietary  ,53,108,161,5990,5099,11089
01281300,JOHN WOOD COMMUNITY COLLEGE             ,IL,62305-0401,Public       ,15,50,65,1311,1832,3143
01308700,CAPRI GARFIELD RIDGE SCH OF BTY CLR     ,IL,60629-1613,Proprietary  ,1,7,8,80,245,325
01308800,CAPRI OAK FOREST COLLEGE OF BEAUTY      ,IL,60452-2798,Proprietary  ,4,6,10,143,225,368
02055200,HARRINGTON COLLEGE OF DESIGN            ,IL,60606-3433,Proprietary  ,7,15,22,679,1020,1699
02068100,ADLER SCH OF PROFESSIONAL PSYCHLGY      ,IL,60601-0000,Private      ,2,6,8,68,1297,1365
02069300,VATTEROTT COLLEGE                       ,IL,62305-5938,Proprietary  ,5,16,21,181,719,900
02073200,TELSHE YESHIVA-CHICAGO                  ,IL,60625-0000,Private      ,4,0,4,37,10,47
02074400,IL EASTERN COMM COLGS-FRONTIER          ,IL,62837-0000,Public       ,15,23,38,224,519,743
02075400,KELLER GRADUATE SCHOOL OF MGMT.         ,IL,60515-5683,Proprietary  ,2,625,627,63,22093,22156
02113600,AMERICAN INTERCONTINENTAL UNIVERSITY    ,IL,60192-3713,Proprietary  ,193,2659,2852,3022,47722,50744
02117400,BECK AREA CAREER CENTER                 ,IL,62278-0000,Public       ,0,1,1,32,195,227
02124400,UNIVERSITY OF SPA & COSMETOLOGY ART     ,IL,62704-0000,Proprietary  ,11,14,25,129,219,348
02150600,COSMETOLOGY AND SPA INSTITUTE (THE)     ,IL,60014-4003,Proprietary  ,5,16,21,120,233,353
02155300,THE CHICAGO SCHOOL OF PROF PSYCHOLOGY   ,IL,60610-4705,Private      ,0,48,48,64,4892,4956
02160300,INTERNATIONAL ACAD OF DESIGN & TECH     ,IL,60602-3319,Proprietary  ,10,19,29,1092,1552,2644
02160304,INTERNATIONAL ACADEMY OF DESIGN AND TECH,IL,60173-5160,Proprietary  ,1,2,3,226,319,545
02168600,EAST WEST UNIVERSITY                    ,IL,60605-0000,Private      ,44,35,79,1254,1822,3076
02179900,ARGOSY UNIVERSITY                       ,IL,60601-7757,Proprietary  ,411,3904,4315,10198,58965,69163
02185400,ST AUGUSTINE COLLEGE                    ,IL,60640-0000,Private      ,3,8,11,569,2276,2845
02192400,MR JOHNS SCHOOL OF COSMETOLOGY          ,IL,62521-0000,Proprietary  ,2,8,10,34,125,159
02202600,CANNELLA SCHOOL OF HAIR DESIGN          ,IL,60181-1321,Proprietary  ,2,16,18,24,146,170
02214100,RESURRECTION UNIVERSITY                 ,IL,60302-2519,Private      ,0,8,8,124,484,608
02228100,MAC DANIEL'S BEAUTY SCHOOL              ,IL,60640-0000,Proprietary  ,2,2,4,42,110,152
02261200,HAIR PROFESSIONALS ACAD COSMETOLOGY     ,IL,60118-0000,Proprietary  ,2,24,26,86,299,385
02261201,HAIR PROFESSIONALS ACADEMY OF COSMETOLOG,IL,60118-9333,Proprietary  ,0,0,0,3,14,17
02262100,HAIR PROFESSIONALS SCH COSMETOLOGY      ,IL,60543-0000,Proprietary  ,3,6,9,53,116,169
02291200,CANNELLA SCHOOL OF HAIR DESIGN          ,IL,60639-0000,Proprietary  ,2,17,19,73,255,328
02295500,CANNELLA SCHOOL OF HAIR DESIGN          ,IL,60120-0000,Proprietary  ,0,7,7,28,115,143
02297500,OEHRLEIN SCHOOL OF COSMETOLOGY          ,IL,61611-0000,Proprietary  ,2,8,10,47,127,174
02312300,LA' JAMES COLLEGE HAIRSTYLING           ,IL,61244-0000,Proprietary  ,0,1,1,29,61,90
02313900,WESTWOOD COLLEGE - O'HARE AIRPORT       ,IL,60631-2801,Proprietary  ,8,51,59,648,1273,1921
02317300,CONCEPT COLLEGE OF COSMETOLOGY          ,IL,61832-0000,Proprietary  ,2,8,10,68,125,193
02319200,LAKE FOREST GRAD SCHL OF MGMT           ,IL,60045-4824,Private      ,0,26,26,9,395,404
02323300,PROFESSIONAL'S CHOICE HAIR DSN ACAD     ,IL,60435-0000,Proprietary  ,0,4,4,31,98,129
02332200,HAIR PROFESSIONALS CAREER COLLEGE       ,IL,60178-0000,Proprietary  ,8,9,17,32,97,129
02337800,THE COLLEGE OF OFFICE TECHNOLOGY        ,IL,60622-0000,Proprietary  ,7,21,28,239,712,951
02349400,ALVAREITA'S COLLEGE OF COSMETOLOGY      ,IL,62035-0000,Proprietary  ,1,1,2,33,82,115
02349500,CANNELLA SCHOOL OF HAIR DESIGN          ,IL,60632-0000,Proprietary  ,2,21,23,70,203,273
02352200,LE CORDON BLEU COLLEGE OF CULINARY ARTS ,IL,60610-3050,Proprietary  ,84,122,206,1024,2028,3052
02498200,G SKIN & BEAUTY INSTITUTE               ,IL,60523-1805,Proprietary  ,4,14,18,78,286,364
02498201,HAIR PROFESSIONALS ACADEMY OF COSMETOLOG,IL,60563-0000,Proprietary  ,0,3,3,24,63,87
02522800,FOX COLLEGE                             ,IL,60453-0000,Proprietary  ,1,2,3,573,491,1064
02527600,LEXINGTON COLLEGE                       ,IL,60607-0000,Private      ,2,1,3,91,88,179
02536700,BELL MAR BEAUTY COLLEGE                 ,IL,60650-0000,Proprietary  ,3,11,14,23,82,105
02556100,ENVIRONMENTAL TECHNICAL INSTITUTE       ,IL,60143-0000,Proprietary  ,3,19,22,106,443,549
02556600,NILES SCHOOL OF COSMETOLOGY             ,IL,60714-0000,Proprietary  ,1,3,4,33,97,130
02570305,LOS ANGELES ORT TECHNICAL INSTITUTE -D/B,IL,60077-0000,Private      ,0,0,0,0,3,3
02573700,INSTITUTE FOR CLINICAL SOCIAL WORK      ,IL,60605-1229,Private      ,0,3,3,9,185,194
02579200,INGALLS MEMORIAL HOSPITAL               ,IL,60426-0000,Private      ,0,1,1,8,69,77
02584900,"FIRST INSTITUTE, INC.                   ",IL,60014-7489,Proprietary  ,2,4,6,91,410,501
02587700,HAIR PROFESSIONALS CAREER COLLEGE       ,IL,60465-1929,Proprietary  ,0,10,10,57,146,203
02599500,HANOVER PARK COLLEGE OF BEAUTY CULT     ,IL,60133-5421,Proprietary  ,6,6,12,75,130,205
02622700,KNOWLEDGE SYSTEMS INSTITUTE             ,IL,60076-0000,Private      ,0,1,1,2,10,12
03002000,HAIRMASTERS INST OF COSMETOLOGY         ,IL,61701-5547,Proprietary  ,6,4,10,39,97,136
03027702,PACIFIC COLLEGE OF ORIENTAL MEDICINE - C,IL,60613-4418,Proprietary  ,1,20,21,27,369,396
03065300,TREND SETTERS COLL OF COSMETOLOGY       ,IL,60915-2101,Proprietary  ,18,24,42,212,280,492
03072701,WESTWOOD COLLEGE OF TECHNOLOGY          ,IL,60409-0000,Proprietary  ,3,64,67,353,1263,1616
03072702,WESTWOOD COLLEGE OF TECHNOLOGY          ,IL,60602-0000,Proprietary  ,10,50,60,725,1837,2562
03078400,CAMEO BEAUTY ACADEMY                    ,IL,60453-3196,Proprietary  ,5,9,14,70,140,210
03079200,WESTWOOD COLLEGE - DUPAGE               ,IL,60517-2321,Proprietary  ,9,26,35,526,771,1297
03082900,ROSEL SCHOOL OF COSMETOLOGY             ,IL,60659-1913,Proprietary  ,0,10,10,51,143,194
03083800,HEARTLAND COMMUNITY COLLEGE             ,IL,61761-9446,Public       ,29,71,100,2301,2901,5202
03098000,ST JOHN'S COLLEGE OF NURSING            ,IL,62702-5321,Private      ,1,1,2,127,144,271
03098002,ST JOHN'S HOSP SCH MED TECH             ,IL,62769-5324,Private      ,0,0,0,19,44,63
03099700,CAIN'S BARBER COLLEGE                   ,IL,60615-3510,Proprietary  ,5,18,23,138,453,591
03099800,ILLINOIS SCHOOL OF HEALTH CAREERS       ,IL,60604-0000,Proprietary  ,29,101,130,431,1246,1677
03101800,ILLINOIS CENTER FOR BROADCASTING        ,IL,60148-7015,Proprietary  ,7,16,23,159,525,684
03128300,PYRAMID CAREER INSTITUTE                ,IL,60657-4207,Proprietary  ,0,0,0,4,16,20
03128500,NATIONAL LATINO EDUCATION INSTITUTE     ,IL,60609-2205,Private      ,1,16,17,53,158,211
03199300,CHRISTIAN LIFE COLLEGE                  ,IL,60056-2522,Private      ,1,0,1,28,25,53
03368300,MIDWEST TECHNICAL INSTITUTE             ,IL,62707-8805,Proprietary  ,56,230,286,604,2508,3112
03416300,COMPUTER SYSTEMS INSTITUTE              ,IL,60077-0000,Proprietary  ,27,171,198,349,1621,1970
03448300,BUSINESS INDUSTRIAL RESOURCES           ,IL,60659-1298,Proprietary  ,18,156,174,123,1347,1470
03455700,CORTIVA INSTITUTE - CHICAGO             ,IL,60602-3315,Proprietary  ,15,48,63,239,743,982
03455701,CORTIVA INSTITUTE - CHICAGO             ,IL,60014-6285,Proprietary  ,0,4,4,16,50,66
03510300,ERIKSON INSTITUTE                       ,IL,60654-4510,Private      ,0,3,3,7,353,360
03623300,VEE'S SCHOOL OF BEAUTY CULTURE          ,IL,62205-2326,Proprietary  ,0,0,0,6,30,36
03643300,"MR. JOHN'S SCHOOL OF JACKSONVILLE,  INC,",IL,62650-3488,Proprietary  ,0,6,6,20,58,78
03655300,ILLINOIS CAREERPATH INSTITUTE           ,IL,60610-4705,Private      ,1,6,7,1,6,7
03684300,NORTHSHORE UNIVERSITY HEALTHSYSTEM SCHOO,IL,60201-9872,Private      ,0,1,1,25,77,102
03721400,AMERICAN CAREER COLLEGE                 ,IL,60402-0000,Proprietary  ,4,6,10,47,187,234
03881400,EUROPEAN MASSAGE THERAPY SCHOOL         ,IL,60077-2269,Proprietary  ,1,6,7,29,183,212
03891300,SOMA INSTITUTE - THE NATIONAL SCHOOL OF ,IL,60604-4466,Proprietary  ,9,33,42,96,360,456
03914300,"CALC, INSTITUTE OF TECHNOLOGY           ",IL,62002-5931,Proprietary  ,8,22,30,43,283,326
04117500,SOLEX MEDICAL ACADEMY                   ,IL,60090-3104,Proprietary  ,0,2,2,8,83,91
04118400,ZAREM /GOLDE ORT TECHNICAL INSTITUTE    ,IL,60077-3210,Private      ,10,81,91,86,616,702
04124700,AMERICARE INSTITUTE                     ,IL,60133-5456,Proprietary  ,7,37,44,128,693,821
04136900,UNIVERSITY OF AESTHETICS (THE)          ,IL,60622-2151,Proprietary  ,1,2,3,16,59,75
04137000,UNIVERSITY OF AESTHETICS (THE)          ,IL,60515-5602,Proprietary  ,0,4,4,6,32,38
04137500,TRICOCI UNIVERSITY OF BEAUTY CULTURE    ,IL,60656-1805,Proprietary  ,12,14,26,195,340,535
04139000,CITI COLLEGE OF ALLIED HEALTH           ,IL,60602-1032,Proprietary  ,0,8,8,83,525,608
04141000,AVEDA INSTITUTE CHICAGO                 ,IL,60647-0000,Proprietary  ,5,17,22,161,315,476
04147100,TRICOCI UNIVERSITY OF BEAUTY CULTURE    ,IL,60048-2906,Proprietary  ,8,14,22,90,189,279
04147200,TRICOCI UNIVERSITY OF BEAUTY CULTURE    ,IL,60455-1824,Proprietary  ,1,10,11,77,233,310
04147300,TRICOCI UNIVERSITY OF BEAUTY CULTURE    ,IL,60139-3119,Proprietary  ,3,10,13,66,98,164
04147400,TRICOCI UNIVERSITY OF BEAUTY CULTURE    ,IL,61614-4831,Proprietary  ,5,7,12,51,119,170
04147500,TRICOCI UNIVERSITY OF BEAUTY CULTURE    ,IL,61108-2337,Proprietary  ,7,14,21,91,276,367
04160600,PAUL MITCHELL THE SCHOOL NORMAL         ,IL,61761-0000,Proprietary  ,5,7,12,121,183,304
04167800,INNOVATIONS DESIGN ACADEMY              ,IL,61520-2625,Proprietary  ,0,2,2,13,56,69
04168500,SOLEX COLLEGE                           ,IL,60090-3192,Proprietary  ,1,10,11,6,76,82
04170800,UNITY COSMETOLOGY COLLEGE               ,IL,61764-9652,Proprietary  ,2,2,4,16,50,66
04171600,SALON PROFESSIONAL ACADEMY OF ELGIN (THE,IL,60123-2319,Proprietary  ,3,7,10,15,31,46
04174900,SKIN CARE AND SPA INSTITUTE             ,IL,60077-2200,Proprietary  ,0,4,4,12,95,107
04175000,UNIVERSAL SPA TRAINING ACADEMY          ,IL,60515-0000,Proprietary  ,4,5,9,16,73,89
04175800,J RENEE CAREER FACILITATION             ,IL,60014-7986,Proprietary  ,0,4,4,0,4,4
04189200,SALON PROFESSIONAL ACADEMY (THE)        ,IL,60404-8789,Proprietary  ,0,2,2,0,2,2
00195100,ALICE LLOYD COLLEGE                     ,KY,41844-9703,Private      ,1,1,2,912,179,1091
00195200,ASBURY COLLEGE                          ,KY,40390-1198,Private      ,1,14,15,1653,600,2253
00195300,ASBURY THEOLOGICAL SEMINARY             ,KY,40390-0000,Private      ,0,6,6,21,1464,1485
00195400,BELLARMINE UNIVERSITY                   ,KY,40205-1877,Private      ,10,60,70,3912,1913,5825
00195500,BEREA COLLEGE                           ,KY,40403-0000,Private      ,3,5,8,2843,769,3612
00195800,BRESCIA UNIVERSITY                      ,KY,42301-3023,Private      ,1,5,6,843,646,1489
00195900,CAMPBELLSVILLE UNIVERSITY               ,KY,42718-2799,Private      ,12,41,53,2535,1878,4413
00196000,SPALDING UNIVERSITY                     ,KY,40203-2188,Private      ,1,50,51,880,3022,3902
00196100,CENTRE COLLEGE                          ,KY,40422-1394,Private      ,3,4,7,2274,145,2419
00196200,UNIVERSITY OF THE CUMBERLANDS           ,KY,40769-1372,Private      ,2,46,48,2592,2080,4672
00196300,EASTERN KENTUCKY UNIVERSITY             ,KY,40475-3102,Public       ,113,187,300,12930,10075,23005
00196400,GEORGETOWN COLLEGE                      ,KY,40324-1628,Private      ,3,49,52,2284,986,3270
00196500,KENTUCKY CHRISTIAN UNIVERSITY           ,KY,41143-2205,Private      ,3,2,5,754,194,948
00196800,KENTUCKY STATE UNIVERSITY               ,KY,40601-2355,Public       ,17,28,45,3887,2194,6081
00196900,KENTUCKY WESLEYAN COLLEGE               ,KY,42301-6057,Private      ,1,7,8,1196,377,1573
00197100,LEXINGTON THEOLOGICAL SEMINARY          ,KY,40508-0000,Private      ,0,2,2,2,90,92
00197200,LINDSEY WILSON COLLEGE                  ,KY,42728-1223,Private      ,5,16,21,2764,1904,4668
00197400,LOUISVILLE PRESBYTERIAN THEOL SEM       ,KY,40205-0000,Private      ,1,0,1,6,176,182
00197500,MIDWAY COLLEGE                          ,KY,40347-1120,Private      ,2,53,55,693,2249,2942
00197600,MOREHEAD STATE UNIVERSITY               ,KY,40351-1689,Public       ,58,119,177,6447,5824,12271
00197700,MURRAY STATE UNIVERSITY                 ,KY,42071-0009,Public       ,52,71,123,6680,4497,11177
00197900,WEST KENTUCKY CMNTY & TECHNICAL COLG    ,KY,42002-7380,Public       ,41,113,154,2002,4420,6422
00198000,PIKEVILLE COLLEGE                       ,KY,41501-1194,Private      ,7,5,12,1682,505,2187
00198001,PIKEVILLE CLG-SCH OSTEOPATHIC MEDIC     ,KY,41501-0000,Private      ,0,0,0,23,348,371
00198200,SOUTHERN BAPTIST THEOL SEMINARY         ,KY,40280-0000,Private      ,0,0,0,59,214,273
00198300,ST. CATHARINE COLLEGE                   ,KY,40061-9499,Private      ,2,8,10,765,551,1316
00198700,TRANSYLVANIA UNIVERSITY                 ,KY,40508-1797,Private      ,0,4,4,1788,243,2031
00198800,UNION COLLEGE                           ,KY,40906-1499,Private      ,1,59,60,1309,1203,2512
00198900,UNIVERSITY OF KENTUCKY                  ,KY,40506-0054,Public       ,57,120,177,19555,10415,29970
00198901,UNIV OF KY-COLLEGE OF DENTISTRY         ,KY,40536-0000,Public       ,1,3,4,24,248,272
00198902,UNIV OF KY-COLLEGE OF MEDICINE          ,KY,40536-0000,Public       ,1,4,5,84,573,657
00199000,ASHLAND COMMUNITY AND TECHNICAL COLLEGE ,KY,41101-3683,Public       ,14,81,95,1706,3345,5051
00199100,ELIZABETHTOWN COMMUNITY  AND TECHNICAL C,KY,42701-3081,Public       ,33,194,227,2650,6568,9218
00199300,HENDERSON COMMUNITY COLLEGE             ,KY,42420-4699,Public       ,6,42,48,618,1794,2412
00199400,HOPKINSVILLE COMMUNITY COLLEGE          ,KY,42241-2621,Public       ,14,131,145,1232,4600,5832
00199600,BIG SANDY COMMUNITY AND TECHNICAL COLG  ,KY,41653-1815,Public       ,24,49,73,2079,3161,5240
00199700,SOMERSET COMMUNITY COLLEGE              ,KY,42501-2973,Public       ,33,181,214,3339,8274,11613
00199800,SOUTHEAST KENTUCKY COMMUNITY AND TECHNIC,KY,40823-1099,Public       ,14,43,57,1302,2125,3427
00199802,CUMBERLAND VLY TEC CLG MIDDLESBORO      ,KY,40965-2265,Public       ,0,0,0,55,53,108
00199804,SOUTHEAST COMMUNITY COLLEGE             ,KY,40831-1796,Public       ,0,0,0,159,209,368
00199900,UNIVERSITY OF LOUISVILLE                ,KY,40292-0000,Public       ,58,175,233,14105,13779,27884
00200100,THOMAS MORE COLLEGE                     ,KY,41017-3495,Private      ,3,27,30,1529,1084,2613
00200200,WESTERN KENTUCKY UNIVERSITY             ,KY,42101-3576,Public       ,71,192,263,15187,10899,26086
00461800,SPENCERIAN COLLEGE                      ,KY,40216-2605,Proprietary  ,18,124,142,871,3016,3887
00461900,SULLIVAN UNIVERSITY                     ,KY,40205-3000,Proprietary  ,132,377,509,2853,7790,10643
00493402,DAYMAR COLLEGE - BOWLING GREEN          ,KY,42101-4063,Proprietary  ,0,0,0,10,49,59
00493406,DAYMAR COLLEGE - RUSSELLVILLE           ,KY,42276-1622,Proprietary  ,0,0,0,1,0,1
00524400,BLUEGRASS COMMUNITY & TECHNICAL COLLEGE ,KY,40506-0235,Public       ,60,344,404,5568,12442,18010
00527100,BOWLING GREEN TECHNICAL COLLEGE         ,KY,42101-3601,Public       ,18,98,116,1354,3873,5227
00527300,GATEWAY COMMUNITY & TECHNOLOGY COLL     ,KY,41011-0000,Public       ,25,167,192,1553,4833,6386
00696000,MAYSVILLE CMNTY & TECHNCL COLG          ,KY,41056-8910,Public       ,16,80,96,1137,3503,4640
00696100,JEFFERSON COMMUNITY AND TECHNICAL COLLEG,KY,40202-2005,Public       ,69,306,375,6940,14826,21766
00696200,HAZARD COMMUNITY COLLEGE                ,KY,41701-2402,Public       ,15,61,76,1572,2779,4351
00696203,KY TECH-KNOTT CO. TECHNOLOGY CTR        ,KY,41822-0000,Public       ,0,1,1,8,17,25
00696204,KY TECH-LESLIE COUNTY AREA TECH CTR     ,KY,41749-0000,Public       ,0,0,0,3,10,13
00696205,KY TECH-LEE COUNTY AREA TECH CTR        ,KY,41311-0000,Public       ,0,0,0,2,7,9
00696206,KY TECH-LETCHER CNTY AREA TECH CTR      ,KY,41858-0000,Public       ,0,0,0,17,36,53
00696207,KY TECH-BREATHITT COUNTY VOC ED CTR     ,KY,41339-0000,Public       ,0,1,1,7,32,39
00736205,MEDTECH COLLEGE - LEXINGTON             ,KY,40511-1200,Proprietary  ,3,16,19,75,602,677
00842500,DAYMAR COLLEGE                          ,KY,42001-0000,Proprietary  ,5,38,43,107,785,892
00901000,MADISONVILLE COMMUNITY COLLEGE          ,KY,42431-9199,Public       ,10,49,59,1346,3175,4521
00927500,NORTHERN KENTUCKY UNIVERSITY            ,KY,41099-0001,Public       ,40,121,161,10005,8664,18669
00931300,DAYMAR COLLEGE                          ,KY,42301-5830,Proprietary  ,41,308,349,451,3779,4230
00931302,DAYMAR COLLEGE - LOUISVILLE CAMPUS      ,KY,40219-1973,Proprietary  ,0,0,0,94,585,679
00931304,DAYMAR COLLEGE - ALBANY                 ,KY,42602-1235,Proprietary  ,0,0,0,0,3,3
00931305,DAYMAR COLLEGE - BELLEVUE               ,KY,41073-2416,Proprietary  ,0,0,0,0,1,1
00931307,DAYMAR COLLEGE - PADUCAH                ,KY,42001-4181,Proprietary  ,0,0,0,0,1,1
00931308,DAYMAR COLLEGE -  SCOTTSVILLE           ,KY,42164-1505,Proprietary  ,0,0,0,0,1,1
00931309,DAYMAR COLLEGE - LOUISVILLE EAST        ,KY,40245-1629,Proprietary  ,0,0,0,0,2,2
01042400,SALON PROFESSIONAL ACADEMY THE          ,KY,40502-1776,Proprietary  ,3,18,21,83,248,331
01048901,NATIONAL COLLEGE - FLORENCE CAMPUS      ,KY,41042-1812,Proprietary  ,0,20,20,5,64,69
01048902,NATIONAL COLLEGE - PIKEVILLE CAMPUS     ,KY,41501-1518,Proprietary  ,4,22,26,11,70,81
01048903,NATIONAL COLLEGE - DANVILLE CAMPUS      ,KY,40422-1517,Proprietary  ,3,23,26,8,83,91
01048904,NATIONAL COLLEGE - RICHMOND CAMPUS      ,KY,40475-2309,Proprietary  ,1,7,8,7,75,82
01048906,NATIONAL COLLEGE - LOUISVILLE CAMPUS    ,KY,40216-4147,Proprietary  ,9,54,63,28,199,227
01048907,NATIONAL COLLEGE - LEXINGTON CAMPUS     ,KY,40509-2256,Proprietary  ,5,52,57,13,191,204
01172500,COLLINS SCHOOL OF COSMETOLOGY           ,KY,40965-2809,Proprietary  ,3,9,12,32,114,146
01208800,SULLIVAN COLLEGE OF TECHNOLOGY AND DESIG,KY,40218-4528,Proprietary  ,27,46,73,609,1247,1856
01212801,SOUTHWESTERN COLLEGE                    ,KY,41042-1466,Proprietary  ,6,25,31,180,1086,1266
01272300,KY TECH-WAYNE COUNTY AREA TECH CTR      ,KY,42633-1088,Public       ,0,0,0,4,12,16
01291400,EMPIRE BEAUTY SCHOOL                    ,KY,40218-0000,Proprietary  ,7,14,21,157,497,654
01291500,EMPIRE BEAUTY SCHOOL                    ,KY,41042-5113,Proprietary  ,3,14,17,118,232,350
01291600,EMPIRE BEAUTY SCHOOL                    ,KY,40216-4212,Proprietary  ,3,14,17,46,258,304
01291700,EMPIRE BEAUTY SCHOOL                    ,KY,40160-0000,Proprietary  ,5,16,21,115,310,425
01296800,EMPIRE BEAUTY SCHOOL                    ,KY,40207-2695,Proprietary  ,5,6,11,64,201,265
02159100,"APPALACHIAN BEAUTY SCHOOL, INC.         ",KY,41503-0000,Proprietary  ,0,0,0,28,48,76
02177100,EMPIRE BEAUTY SCHOOL                    ,KY,40204-0000,Proprietary  ,5,12,17,89,279,368
02251500,TREND SETTERS ACAD OF BEAUTY CULT       ,KY,40258-0000,Proprietary  ,9,28,37,79,322,401
02275000,JENNY LEA ACADEMY OF COSMETOLOGY        ,KY,40831-0000,Proprietary  ,4,20,24,80,365,445
02284306,INTERACTIVE LEARNING SYSTEMS            ,KY,41042-0000,Proprietary  ,2,12,14,11,124,135
02323700,PAT WILSON'S BEAUTY COLLEGE             ,KY,42420-0000,Proprietary  ,0,7,7,9,88,97
02337200,PJ'S COLLEGE OF COSMETOLOGY             ,KY,42101-0000,Proprietary  ,9,49,58,156,802,958
02340800,PAUL MITCHELL THE SCHOOL LEXINGTON      ,KY,40514-1545,Proprietary  ,6,17,23,140,237,377
02351700,PAUL MITCHELL THE SCHOOL - LOUISVILLE   ,KY,40222-0000,Proprietary  ,6,13,19,165,270,435
02491100,BECKFIELD COLLEGE                       ,KY,41042-0000,Proprietary  ,2,30,32,372,2344,2716
02518900,BARRETT & COMPANY SCH HAIR DESIGN       ,KY,40356-0000,Proprietary  ,1,10,11,47,166,213
02526100,JENNY LEA ACADEMY OF COSMETOLOGY        ,KY,41858-0000,Proprietary  ,0,1,1,16,37,53
02535600,CLEAR CREEK BAPTIST BIBLE COLLEGE       ,KY,40977-0000,Private      ,0,0,0,32,187,219
02551100,PJ'S COLLEGE OF COSMETOLOGY             ,KY,42141-2434,Proprietary  ,4,9,13,48,163,211
02560800,SOUTHEAST SCHOOL OF COSMETOLOGY         ,KY,40962-0000,Proprietary  ,1,5,6,20,70,90
02576200,MID-CONTINENT UNIVERSITY                ,KY,42066-9007,Private      ,5,43,48,407,3455,3862
03002100,KENTUCKY MOUNTAIN BIBLE COLLEGE         ,KY,41385-0010,Private      ,0,0,0,51,39,90
03007000,FRONTIER SCH OF MIDWIFERY&FAMILY NU     ,KY,41749-0000,Private      ,0,18,18,3,1473,1476
03026200,HEAD'S WEST KENTUCKY BEAUTY COLLEGE     ,KY,42431-0000,Proprietary  ,0,1,1,11,62,73
03029200,NU-TEK ACADEMY OF BEAUTY                ,KY,40353-9767,Proprietary  ,1,2,3,14,64,78
03034500,OWENSBORO COMMUNITY & TECHNICAL COLLEGE ,KY,42303-1899,Public       ,21,74,95,1722,3852,5574
03083700,GALEN HEALTH INSTITUTES                 ,KY,40207-1047,Proprietary  ,10,91,101,776,4561,5337
03103500,MR JIM'S BEAUTY COLLEGE                 ,KY,42301-2646,Proprietary  ,1,4,5,20,68,88
03516500,EZELL'S COSMETOLOGY SCHOOL              ,KY,42071-2530,Proprietary  ,3,6,9,32,96,128
03611300,BRIGHTON CENTER'S CENTER FOR EMPLOY     ,KY,41071-1968,Private      ,2,22,24,8,176,184
03804300,BELLEFONTE ACADEMY OF BEAUTY            ,KY,41169-2015,Proprietary  ,3,20,23,39,189,228
03885300,EMPLOYMENT SOLUTIONS                    ,KY,40517-3260,Private      ,3,25,28,41,342,383
03886300,REGENCY SCHOOL OF HAIR DESIGN           ,KY,41653-1278,Proprietary  ,0,0,0,15,59,74
04038300,ATA CAREER EDUCATION                    ,KY,40223-3832,Proprietary  ,12,88,100,264,1648,1912
04051316,ART INSTITUTE OF PHOENIX (THE) - ATS - (,KY,41017-2136,Proprietary  ,14,47,61,66,284,350
04051319,ART INSTITUTE OF PHOENIX (THE) - BROWN M,KY,40219-1916,Proprietary  ,3,8,11,263,920,1183
04051320,ART INSTITUTE OF PHOENIX (THE) - BROWN M,KY,42240-3579,Proprietary  ,5,34,39,112,740,852
04123900,LEXINGTON HEALING ARTS ACADEMY          ,KY,40503-1932,Proprietary  ,1,8,9,38,187,225
04177600,LINDSEY INSTITUTE OF COSMETOLOGY        ,KY,42103-8036,Proprietary  ,4,2,6,18,34,52
04178000,SIMMONS COLLEGE OF KENTUCKY             ,KY,40203-3322,Private      ,1,3,4,1,25,26
00200300,CENTENARY COLLEGE OF LOUISIANA          ,LA,71104-3396,Private      ,4,6,10,1187,362,1549
00200400,DILLARD UNIVERSITY                      ,LA,70122-3097,Private      ,69,20,89,2599,1106,3705
00200500,NICHOLLS STATE UNIVERSITY               ,LA,70310-0001,Public       ,35,64,99,5777,3125,8902
00200600,GRAMBLING STATE UNIVERSITY              ,LA,71245-2215,Public       ,143,98,241,6642,3518,10160
00200700,LOUISIANA COLLEGE                       ,LA,71359-0000,Private      ,8,97,105,1201,979,2180
00200800,LOUISIANA TECH UNIVERSITY               ,LA,71272-0001,Public       ,65,84,149,6938,3422,10360
00201000,LOUISIANA STATE UNIV & A&M COLG         ,LA,70803-5710,Public       ,85,88,173,22727,8482,31209
00201100,LOUISIANA STATE UNIV-ALEXANDRIA         ,LA,71302-9121,Public       ,18,58,76,1648,2454,4102
00201200,LOUISIANA STATE UNIV-EUNICE             ,LA,70535-6726,Public       ,24,34,58,2277,2157,4434
00201300,LOUISIANA STATE UNIV-SHREVEPORT         ,LA,71115-2399,Public       ,15,73,88,2710,3639,6349
00201400,LA STATE UNIV HEALTH SCIENCES CTR       ,LA,70112-2223,Public       ,0,21,21,520,2305,2825
00201409,LOUISIANA STATE UNIVERSITY HEALTH SCIENC,LA,70119-2799,Public       ,0,0,0,75,133,208
00201500,(THE) UNIVERSITY OF NEW ORLEANS         ,LA,70148-0001,Public       ,50,133,183,6883,8015,14898
00201600,LOYOLA UNIVERSITY NEW ORLEANS           ,LA,70118-6195,Private      ,16,58,74,3931,3184,7115
00201700,MCNEESE STATE UNIVERSITY                ,LA,70609-4510,Public       ,42,77,119,5571,4448,10019
00201900,NEW ORLEANS BAPTIST THEOL SEMINARY      ,LA,70126-0000,Private      ,0,1,1,45,195,240
00202000,UNIVERSITY OF LOUISIANA AT MONROE       ,LA,71209-9001,Public       ,59,112,171,6249,5153,11402
00202100,NORTHWESTERN STATE UNIVERSITY           ,LA,71497-0001,Public       ,50,178,228,6314,6226,12540
00202200,NOTRE DAME SEMINARY                     ,LA,70118-0000,Private      ,0,1,1,7,30,37
00202300,OUR LADY OF HOLY CROSS COLLEGE          ,LA,70131-7399,Private      ,4,28,32,686,1445,2131
00202400,SOUTHEASTERN LOUISIANA UNIV             ,LA,70402-0001,Public       ,94,130,224,11679,6728,18407
00202500,SOUTHERN UNIVERSITY A & M COLLEGE       ,LA,70813-9374,Public       ,76,134,210,8057,7727,15784
00202600,SOUTHERN UNIV NEW ORLEANS               ,LA,70126-0002,Public       ,42,68,110,2458,4654,7112
00202700,ST JOSEPH SEMINARY COLLEGE              ,LA,70457-9990,Private      ,1,0,1,32,20,52
00202900,TULANE UNIVERSITY                       ,LA,70118-5698,Private      ,30,98,128,13324,7891,21215
00203100,UNIV OF LOUISIANA AT LAFAYETTE          ,LA,70504-0001,Public       ,100,82,182,13235,5897,19132
00203200,XAVIER UNIVERSITY OF LOUISIANA          ,LA,70125-1098,Private      ,33,22,55,5116,2105,7221
00462100,AYERS CAREER COLLEGE                    ,LA,71108-5845,Proprietary  ,1,30,31,84,543,627
00462500,DELGADO COMMUNITY COLLEGE               ,LA,70119-0000,Public       ,171,473,644,9151,18329,27480
00546700,SOWELA TECHNICAL COMMUNITY COLLEGE      ,LA,70616-6950,Public       ,18,56,74,1130,1702,2832
00548800,LOUISIANA TECH COLG-BATON ROUGE         ,LA,70807-0000,Public       ,28,89,117,657,1632,2289
00548802,LOUISIANA TECH COLG-ACADIAN CMPS        ,LA,70526-0000,Public       ,2,17,19,140,331,471
00548803,LOUISIANA TECH COLG-ALEXANDRIA CMPS     ,LA,71302-3137,Public       ,19,44,63,278,866,1144
00548804,LOUISIANA TECHNICAL COLLEGE - ASCENSION ,LA,70778-3007,Public       ,0,0,0,126,273,399
00548805,LA TECH COLLEGE-AVOYELLES CAMPUS        ,LA,71327-0000,Public       ,6,11,17,122,207,329
00548806,LA TECHNICAL COLG-BASTROP CMPS          ,LA,71221-0000,Public       ,8,10,18,81,256,337
00548808,LA TECH COLG CHARLES B COREILCMPS       ,LA,70586-0000,Public       ,6,25,31,134,308,442
00548809,LA TECHNICAL COLG-DELTA-OUACHITA        ,LA,71292-9064,Public       ,15,45,60,233,841,1074
00548810,EVANGELINE TECHNICAL INST               ,LA,70582-3104,Public       ,2,16,18,94,286,380
00548811,LA TECHN COLLEGE - FLORIDA PARISHES     ,LA,70441-0000,Public       ,6,12,18,146,330,476
00548812,LOUISIANA TECH COLG-FOLKES CAMPUS       ,LA,70748-0000,Public       ,8,9,17,31,106,137
00548813,LA TECHNICAL INST-GULF AREA CMPS        ,LA,70510-0878,Public       ,11,22,33,201,420,621
00548814,LOUISIANA TECH COLG-HAMMOND CMPS        ,LA,70404-0000,Public       ,17,40,57,329,725,1054
00548815,LA TECH COLG-HUEY P. LONG CAMPUS        ,LA,71483-0000,Public       ,11,17,28,97,216,313
00548816,LA TECH COLLEGE-JEFFERSON CAMPUS        ,LA,70001-5605,Public       ,0,0,0,91,338,429
00548817,LOUISIANA TEC CLG-JUMONVILLE MEM CP     ,LA,70760-0000,Public       ,15,17,32,89,242,331
00548818,LA TECH COLLEGE-LAFAYETTE CAMPUS        ,LA,70506-0000,Public       ,20,53,73,776,1458,2234
00548819,LOUISIANA TECHNICAL COLLEGE-LAFOURC     ,LA,70301-4336,Public       ,11,29,40,176,341,517
00548820,LOUISIANA TEC CLG-LAMAR SALTER CMPS     ,LA,71446-0000,Public       ,7,19,26,110,370,480
00548822,LOUISIANA TECHNICAL CLG-MANSFIELD       ,LA,71052-1236,Public       ,4,10,14,82,181,263
00548823,LA. TECH COLG.-MORGAN SMITH CAMPUS      ,LA,70546-0000,Public       ,2,3,5,72,174,246
00548824,LOUISIANA TEC CLG-NATCHITOCHES CMPS     ,LA,71458-0000,Public       ,3,12,15,129,338,467
00548825,LOUISIANA TECH COLG-NORTH CTRL CMPS     ,LA,71241-0000,Public       ,2,14,16,47,158,205
00548826,LOUISIANA TECH CLG-NORTHEAST LA CMP     ,LA,71295-2999,Public       ,6,16,22,86,239,325
00548827,LOUISIANA TEC CLG-NW LOUISIANA CMPS     ,LA,71058-0000,Public       ,14,44,58,242,629,871
00548828,LA TECHNICAL COLG-OAKDALE CMPS          ,LA,71463-0000,Public       ,3,7,10,82,169,251
00548829,LTC-RIVER PARISHES CAMPUS               ,LA,70084-0000,Public       ,13,34,47,262,509,771
00548830,LOUISIANA TECHNICAL COLLEGE-RUSTON      ,LA,71273-0000,Public       ,10,12,22,377,443,820
00548831,LTC - SABINE VALLEY CAMPUS              ,LA,71449-3839,Public       ,5,16,21,52,168,220
00548832,LOUISIANA TECH COLG-SHELBY JACKSON      ,LA,71334-0000,Public       ,10,18,28,77,305,382
00548833,LA TECH COLG SHREVEPORT-BOSSIER         ,LA,71137-0000,Public       ,15,62,77,365,1576,1941
00548837,LOUISIANA TECH COLG-SULLIVAN CAMPUS     ,LA,70427-5866,Public       ,16,49,65,289,820,1109
00548839,LA TECH COLG-TECHE AREA CAMPUS          ,LA,70562-0000,Public       ,5,17,22,253,458,711
00548840,LOUISIANA TECH COLG-T.H.HARRIS CMPS     ,LA,70570-6113,Public       ,9,34,43,430,721,1151
00548841,LOUISIANA TECH COLG W JEFFERSON CMP     ,LA,70058-0000,Public       ,0,0,0,54,232,286
00548842,LOUISIANA TECHNICAL COLLEGE - WESTSIDE C,LA,70765-0733,Public       ,3,10,13,33,97,130
00548843,LTC-YOUNG MEMORIAL CAMPUS               ,LA,70381-0000,Public       ,6,23,29,148,495,643
00576100,L. E. FLETCHER TECHNICAL COMMUNITY COLLE,LA,70360-2863,Public       ,21,48,69,900,1389,2289
00768600,SOUTHERN UNIV AT SHREVEPORT/BOSSIER     ,LA,71107-4795,Public       ,45,87,132,1710,3429,5139
00777707,REMINGTON COLLEGE - CLEVELAND CAMPUS - L,LA,70508-5760,Proprietary  ,12,43,55,614,1577,2191
00777708,REMINGTON COLLEGE - CLEVELAND CAMPUS - B,LA,70816-4040,Proprietary  ,11,45,56,275,837,1112
00806700,LSU HEALTH SCIENCES CENTR-SHREVEPOR     ,LA,71130-3932,Public       ,4,31,35,392,1150,1542
00962110,HERZING UNIVERSITY - NEW ORLEANS        ,LA,70062-5538,Proprietary  ,0,8,8,93,581,674
00989800,DEMMON SCHOOL OF BEAUTY                 ,LA,70607-2128,Proprietary  ,0,5,5,23,92,115
01005701,AMERICAN COMMERCIAL COLLEGE             ,LA,71105-2502,Proprietary  ,6,23,29,39,334,373
01109700,CLOYD'S BEAUTY SCHOOL #1                ,LA,71291-3131,Proprietary  ,6,19,25,67,236,303
01163100,"D-JAY'S SCHL OF BEAUTY, ARTS & SCI      ",LA,70806-0000,Proprietary  ,2,5,7,57,147,204
01184100,JOHN JAY BEAUTY COLLEGE                 ,LA,70124-2592,Proprietary  ,3,1,4,79,126,205
01261100,RONNIE & DORMANS SCHOOL HAIR DESIGN     ,LA,70501-0000,Proprietary  ,0,0,0,7,8,15
01282300,PAT GOINS RUSTON BEAUTY SCHOOL          ,LA,71270-4301,Proprietary  ,5,4,9,35,68,103
01287900,PAT GOINS BENTON ROAD BEAUTY SCHOOL     ,LA,71111-4838,Proprietary  ,4,15,19,21,95,116
01288000,PAT GOINS BEAUTY SCHOOL                 ,LA,71201-5167,Proprietary  ,3,8,11,23,47,70
02055400,BOSSIER PARISH COMMUNITY COLLEGE        ,LA,71111-0000,Public       ,108,180,288,3032,5182,8214
02055500,DELTA SCH OF BUSINESS & TECHNOLOGY      ,LA,70601-0000,Proprietary  ,2,16,18,135,704,839
02117800,AVEDA INSTITUTE LAFAYETTE               ,LA,70503-3246,Proprietary  ,1,5,6,160,197,357
02166100,NUNEZ COMMUNITY COLLEGE                 ,LA,70043-0000,Public       ,25,75,100,689,1785,2474
02166200,ITI TECHNICAL COLLEGE                   ,LA,70817-0000,Proprietary  ,15,35,50,408,789,1197
02197500,BATON ROUGE SCHOOL OF COMPUTERS         ,LA,70809-8188,Proprietary  ,2,4,6,48,126,174
02234000,CAMERON COLLEGE                         ,LA,70119-0000,Proprietary  ,10,55,65,84,339,423
02258400,AVEDA INSTITUTE BATON ROUGE             ,LA,70816-2246,Proprietary  ,5,10,15,172,292,464
02260200,DIESEL DRIVING ACADEMY                  ,LA,71109-5617,Proprietary  ,5,56,61,66,544,610
02265600,JOHN JAY KENNER ACADEMY                 ,LA,70062-0000,Proprietary  ,2,6,8,58,117,175
02269300,STEVENSON'S ACADEMY OF HAIR DESIGN      ,LA,70116-0000,Proprietary  ,1,11,12,91,200,291
02327800,PINEVILLE BEAUTY SCHOOL                 ,LA,71360-0000,Proprietary  ,1,3,4,39,124,163
02335700,BATON ROUGE GENERAL MEDICAL CENTER      ,LA,70806-3889,Private      ,1,3,4,16,52,68
02335701,BATON ROUGE GEN MED CTR SCH NSG         ,LA,70821-0000,Private      ,2,4,6,95,269,364
02335702,BATON ROUGE GEN MED CTR-RAD TECH        ,LA,70806-0000,Private      ,0,2,2,37,110,147
02338000,"CLOYD'S BEAUTY SCHOOL #2, INC           ",LA,71202-3539,Proprietary  ,7,19,26,61,212,273
02352500,"CLOYD'S BEAUTY SCHOOL #3, INC           ",LA,71201-3211,Proprietary  ,6,18,24,68,237,305
02358600,"STAGE ONE THE HAIR SCHOOL, INC.         ",LA,70605-0000,Proprietary  ,8,9,17,79,134,213
02518300,SOUTH LOUISIANA BEAUTY COLLEGE          ,LA,70363-0000,Proprietary  ,2,2,4,35,70,105
02536400,LOUISIANA ACADEMY OF BEAUTY             ,LA,70535-0000,Proprietary  ,4,1,5,43,67,110
02538300,DELTA COLLEGE OF ARTS & TECH INC        ,LA,70806-1529,Proprietary  ,5,25,30,171,745,916
02538301,DELTA COLLEGE OF ARTS & TECHNOLOGY - LAF,LA,70508-6831,Proprietary  ,3,22,25,68,293,361
02548500,COSMETOLOGY TRAINING CENTER             ,LA,70503-0000,Proprietary  ,2,4,6,86,103,189
02554800,VANGUARD COLLEGE OF COSMETOLOGY         ,LA,70458-8823,Proprietary  ,8,17,25,160,227,387
02582200,"GUY'S ACADEMY HAIR, SKIN & NAILS        ",LA,71105-2404,Proprietary  ,1,11,12,87,247,334
02600900,AVEDA INSTITUTE                         ,LA,70433-2922,Proprietary  ,38,76,114,886,1761,2647
02601000,AMERICAN SCHOOL OF BUSINESS             ,LA,71105-5646,Proprietary  ,2,9,11,23,196,219
02601100,OPELOUSAS SCHOOL OF COSMETOLOGY         ,LA,70570-6156,Proprietary  ,3,6,9,24,56,80
02606800,CAREER TRAINING SPECIALISTS             ,LA,71201-6046,Proprietary  ,11,54,65,428,1140,1568
02606801,CAREER TECHNICAL COLLEGE - SHREVEPORT   ,LA,71105-2405,Proprietary  ,9,27,36,195,724,919
02617100,BATON ROUGE COLLEGE                     ,LA,70806-1725,Proprietary  ,2,8,10,106,235,341
02619200,DENHAM SPRINGS BEAUTY COLLEGE           ,LA,70726-3829,Proprietary  ,7,6,13,55,134,189
03010400,CRESCENT CITY SCH GAMING & BARTENDG     ,LA,70119-5507,Proprietary  ,15,155,170,106,969,1075
03010624,VIRGINIA COLLEGE - BATON ROUGE          ,LA,70815-8604,Proprietary  ,29,104,133,50,248,298
03023500,CAMELOT CAREER COLLEGE                  ,LA,70805-7539,Proprietary  ,13,35,48,158,408,566
03030900,DIESEL DRIVING ACADEMY                  ,LA,70815-8109,Proprietary  ,7,43,50,71,595,666
03061400,ASCENSION COLLEGE                       ,LA,70737-2912,Proprietary  ,0,0,0,36,66,102
03095100,GRETNA CAREER COLLEGE                   ,LA,70053-2436,Proprietary  ,4,32,36,85,456,541
03106200,OUR LADY OF THE LAKE COLLEGE            ,LA,70808-4345,Private      ,16,43,59,978,2344,3322
03253300,JONESVILLE BEAUTY SCHOOL                ,LA,71343-0000,Proprietary  ,13,6,19,100,168,268
03294300,BLUE CLIFF SCH THERAPEUTIC MASSAGE      ,LA,70002-3458,Proprietary  ,30,116,146,405,1445,1850
03332600,DELTA COLLEGE                           ,LA,70433-9042,Proprietary  ,6,7,13,114,425,539
03332601,DELTA COLLEGE - SLIDELL                 ,LA,70460-2624,Proprietary  ,2,12,14,70,326,396
03356300,MEDICAL TRAINING COLLEGE                ,LA,70816-5820,Proprietary  ,5,14,19,186,522,708
03422500,BLUE CLIFF COLLEGE                      ,LA,71107-6520,Proprietary  ,28,83,111,268,1248,1516
03422600,BLUE CLIFF COLLEGE                      ,LA,70508-3858,Proprietary  ,16,70,86,258,1102,1360
03480300,MEDVANCE INSTITUTE                      ,LA,70809-1908,Proprietary  ,17,75,92,297,980,1277
03498400,OMEGA INSTITUTE OF COSMETOLOGY          ,LA,70360-0000,Proprietary  ,2,1,3,55,71,126
03727500,MOORE CAREER COLLEGE                    ,LA,70808-4191,Proprietary  ,1,1,2,23,70,93
03730300,BATON ROUGE COMMUNITY COLLEGE           ,LA,78806-4129,Public       ,98,183,281,5674,7237,12911
03752400,SCHOOL OF URBAN MISSIONS                ,LA,70053-0000,Private      ,1,2,3,133,195,328
03789300,UNITECH TRAINING ACADEMY                ,LA,70503-5132,Proprietary  ,11,38,49,129,379,508
03789301,UNITECH TRAINING ACADEMY - WEST MONROE  ,LA,71291-2913,Proprietary  ,16,40,56,79,392,471
03789302,UNITECH TRAINING ACADEMY - HOUMA        ,LA,70363-5556,Proprietary  ,21,35,56,90,240,330
03789303,UNITECH TRAINING ACADEMY -  ALEXANDRIA  ,LA,71303-3625,Proprietary  ,15,76,91,74,451,525
03789304,UNITECH TRAINING ACADEMY - LAKE CHARLES ,LA,70601-7887,Proprietary  ,9,47,56,91,305,396
03789400,RIVER PARISHES COMMUNITY COLLEGE        ,LA,70778-0310,Public       ,32,61,93,685,1058,1743
03810500,COURT REPORTING INSTITUTE OF LOUISI     ,LA,70816-0000,Proprietary  ,0,6,6,12,112,124
03956300,SOUTH LOUISIANA COMMUNITY COLLEGE       ,LA,70506-0000,Public       ,38,61,99,1918,2146,4064
04040300,COMPASS CAREER COLLEGE                  ,LA,70403-0653,Proprietary  ,7,9,16,111,329,440
04112300,LOUISIANA CULINARY INSTITUTE            ,LA,70816-4109,Proprietary  ,1,1,2,182,284,466
04120700,ALDEN'S SCHOOL OF COSMETOLOGY           ,LA,70714-1502,Proprietary  ,1,12,13,25,134,159
04130100,LOUISIANA DELTA COMMUNITY COLLEGE       ,LA,71203-3618,Public       ,55,85,140,1400,2360,3760
04130101,LOUISIANA TECHNICAL COLG - TALLULAH     ,LA,71284-0000,Public       ,2,5,7,112,343,455
04149500,A & W HEALTHCARE EDUCATORS              ,LA,70122-3146,Proprietary  ,0,7,7,29,207,236
04151600,MY-LE'S BEAUTY COLLEGE                  ,LA,70056-3150,Proprietary  ,2,15,17,48,197,245
00143600,CAPITOL COLLEGE                         ,MD,20708-9759,Private      ,1,4,5,422,452,874
00146200,WASHINGTON BIBLE COLLEGE                ,MD,20706-3599,Private      ,0,5,5,98,454,552
00205700,ALLEGANY COLLEGE OF MARYLAND            ,MD,21502-2596,Public       ,13,68,81,2411,2219,4630
00205800,ANNE ARUNDEL COMMUNITY COLLEGE          ,MD,21012-1895,Public       ,76,308,384,4955,8809,13764
00206100,BALTIMORE CITY COMMUNITY COLLEGE        ,MD,21215-7893,Public       ,38,198,236,3778,10414,14192
00206200,BOWIE STATE UNIVERSITY                  ,MD,20715-9465,Public       ,14,53,67,7812,5531,13343
00206300,COMMUNITY COLLEGE OF BALTIMORE COUNTY   ,MD,21228-5381,Public       ,117,409,526,9338,17223,26561
00206400,COLLEGE OF SOUTHERN MARYLAND            ,MD,20646-0910,Public       ,29,94,123,3305,4960,8265
00206500,CLG NOTRE DAME OF MARYLAND              ,MD,21210-2476,Private      ,0,22,22,840,1838,2678
00206700,WASHINGTON ADVENTIST UNIVERSITY         ,MD,20912-7796,Private      ,2,22,24,751,1191,1942
00206800,COPPIN STATE UNIVERSITY                 ,MD,21216-3698,Public       ,14,44,58,4199,5067,9266
00207100,FREDERICK COMMUNITY COLLEGE             ,MD,21702-9745,Public       ,23,81,104,2054,2914,4968
00207200,FROSTBURG STATE UNIVERSITY              ,MD,21532-1099,Public       ,6,12,18,6877,1509,8386
00207300,GOUCHER COLLEGE                         ,MD,21204-2794,Private      ,3,11,14,2992,896,3888
00207400,HAGERSTOWN COMMUNITY COLLEGE            ,MD,21742-6590,Public       ,19,77,96,1881,3358,5239
00207500,HARFORD COMMUNITY COLLEGE               ,MD,21015-1696,Public       ,23,88,111,2201,3119,5320
00207600,HOOD COLLEGE                            ,MD,21701-8575,Private      ,1,20,21,2086,942,3028
00207700,JOHNS HOPKINS UNIVERSITY                ,MD,21218-2693,Private      ,8,41,49,8316,2763,11079
00207702,JOHNS HOPKINS UNIV SCH ARTS/SCI/ENG     ,MD,21218-0000,Private      ,2,59,61,4230,2431,6661
00207703,JOHNS HOPKINS UNIV SCH OF BUS/ED        ,MD,21046-0000,Private      ,2,14,16,92,1834,1926
00207705,JOHNS HOPKINS BLOOMBERG SCH OF PH       ,MD,21205-0000,Private      ,0,8,8,26,1559,1585
00207706,JOHNS HOPKINS UNIV SCH OF MEDICINE      ,MD,21205-0000,Private      ,0,8,8,189,1122,1311
00207707,JOHNS HOPKINS UNIV SCH OF NURSING       ,MD,21205-0000,Private      ,2,9,11,287,1181,1468
00207708,JOHNS HOPKINS UNIV PEABODY CONSERV      ,MD,21202-2397,Private      ,0,1,1,680,513,1193
00207800,LOYOLA UNIVERSITY MARYLAND              ,MD,21210-2699,Private      ,4,33,37,7830,2567,10397
00208000,MARYLAND INST COLLEGE OF ART            ,MD,21217-4191,Private      ,0,7,7,2923,855,3778
00208300,MORGAN STATE UNIVERSITY                 ,MD,21251-0002,Public       ,30,64,94,11983,6330,18313
00208600,MOUNT SAINT MARY'S UNIVERSITY           ,MD,21727-7799,Private      ,8,6,14,2985,476,3461
00208700,NER ISRAEL RABBINICAL COLLEGE           ,MD,21208-1198,Private      ,6,7,13,108,70,178
00208900,PRINCE GEORGES COMMUNITY COLLEGE        ,MD,20774-2199,Public       ,45,249,294,6599,11400,17999
00209100,SALISBURY UNIVERSITY                    ,MD,21801-6862,Public       ,11,22,33,10885,2212,13097
00209200,ST JOHN'S COLLEGE                       ,MD,21404-0000,Private      ,1,3,4,611,224,835
00209500,ST. MARY'S COLLEGE OF MARYLAND          ,MD,20686-3001,Public       ,0,1,1,2586,263,2849
00209600,ST MARY'S SEMINARY & UNIV               ,MD,21210-1994,Private      ,0,0,0,23,45,68
00209900,TOWSON UNIVERSITY                       ,MD,21252-0002,Public       ,34,102,136,22493,8311,30804
00210200,UNIVERSITY OF BALTIMORE                 ,MD,21201-5779,Public       ,3,63,66,1814,7373,9187
00210300,"UNIVERSITY OF MARYLAND, COLLEGE PARK    ",MD,20742-5145,Public       ,53,199,252,31610,15293,46903
00210400,"UNIVERSITY OF MARYLAND, BALTIMORE       ",MD,21201-1691,Public       ,7,62,69,2595,10305,12900
00210500,UMBC                                    ,MD,21250-0002,Public       ,20,68,88,10093,5318,15411
00210600,UNIVERSITY MARYLAND EASTERN SHORE       ,MD,21853-4053,Public       ,18,10,28,5928,2127,8055
00210700,STEVENSON UNIVERSITY                    ,MD,21153-0641,Private      ,5,20,25,5026,1744,6770
00210800,WASHINGTON COLLEGE                      ,MD,21620-1197,Private      ,1,0,1,2727,111,2838
00210900,MCDANIEL COLLEGE                        ,MD,21157-4390,Private      ,1,13,14,3026,789,3815
00458612,KAPLAN COLLEGE                          ,MD,21742-2797,Proprietary  ,12,88,100,479,1880,2359
00458614,KAPLAN COLLEGE - FREDERICK              ,MD,21704-8307,Proprietary  ,0,9,9,46,322,368
00465000,CHESAPEAKE COLLEGE                      ,MD,21679-0008,Public       ,10,36,46,1293,1937,3230
00691100,MONTGOMERY COLLEGE                      ,MD,20850-1195,Public       ,93,210,303,10673,11460,22133
00734100,INTERNATIONAL BEAUTY SCHOOL             ,MD,21502-2370,Proprietary  ,7,71,78,110,817,927
00744700,DEL-MAR-VA BEAUTY ACADEMY               ,MD,21804-0000,Proprietary  ,2,8,10,60,124,184
00749100,TESST COLLEGE OF TECHNOLOGY             ,MD,21227-1063,Proprietary  ,20,94,114,463,1845,2308
00793600,LINCOLN TECHNICAL INSTITUTE             ,MD,21046-1544,Proprietary  ,42,70,112,985,1345,2330
00817500,HOWARD COMMUNITY COLLEGE                ,MD,21044-3197,Public       ,41,108,149,3305,4417,7722
00826300,AWARD BEAUTY SCHOOL                     ,MD,21740-5624,Proprietary  ,13,52,65,100,440,540
00830800,CECIL COLLEGE                           ,MD,21901-1999,Public       ,10,26,36,1007,1360,2367
00907906,EVEREST COLLEGE- EVEREST INSTITUTE      ,MD,20910-3737,Proprietary  ,19,77,96,347,1127,1474
01001400,GARRETT COMMUNITY COLLEGE               ,MD,21541-1265,Public       ,4,4,8,785,390,1175
01031900,MEDIX SCHOOL                            ,MD,21204-2538,Proprietary  ,63,203,266,789,2975,3764
01041000,TESST COLLEGE OF TECHNOLOGY             ,MD,21286-2201,Proprietary  ,12,45,57,235,827,1062
01164400,UNIV OF MARYLAND UNIVERSITY COLLEGE     ,MD,20783-8078,Public       ,36,1223,1259,3004,32894,35898
01164402,U OF MD UNIVERSITY COLLEGE - EUROPE     ,MD,20832-0000,Public       ,0,43,43,310,1206,1516
01164404,U OF MD UNIVERSITY COLLEGE - ASIA       ,MD,31207-0000,Public       ,2,40,42,117,882,999
02073900,WOR-WIC COMMUNITY COLLEGE               ,MD,21804-0000,Public       ,27,93,120,1658,3350,5008
02083600,TESST COLLEGE OF TECHNOLOGY             ,MD,20705-2698,Proprietary  ,21,93,114,371,1123,1494
02116005,SANFORD-BROWN INSTITUTE - LANDOVER      ,MD,20785-2287,Proprietary  ,14,76,90,314,1371,1685
02127900,SOJOURNER DOUGLASS COLLEGE              ,MD,21205-0000,Private      ,3,18,21,262,3121,3383
02155100,MARYLAND COLLEGE OF ART AND DESIGN      ,MD,20902-0000,Private      ,0,1,1,126,127,253
02269700,INTERNATIONAL BEAUTY SCHOOL             ,MD,21014-0000,Proprietary  ,1,3,4,49,77,126
02314800,BALTIMORE INTERNATIONAL COLLEGE         ,MD,21202-0000,Private      ,5,16,21,626,774,1400
02331000,MARYLAND BEAUTY ACADEMY OF ESSEX        ,MD,21221-0000,Proprietary  ,4,24,28,74,240,314
02333000,HAIR ACADEMY                            ,MD,20784-0000,Proprietary  ,24,47,71,250,544,794
02343800,MONTGOMERY BEAUTY SCHOOL                ,MD,20901-0000,Proprietary  ,10,28,38,96,247,343
02494700,BALTIMORE STUDIO OF HAIR DESIGN         ,MD,21201-0000,Proprietary  ,17,29,46,105,328,433
02495000,ROBERT PAUL ACAD COSMTGY ARTS & SCI     ,MD,21093-0000,Proprietary  ,2,1,3,64,96,160
02495100,MARYLAND BEAUTY ACADEMY                 ,MD,21136-0000,Proprietary  ,3,2,5,47,71,118
02545400,NORTH AMERICAN TRADE SCHOOLS            ,MD,21244-0069,Proprietary  ,16,79,95,257,1232,1489
02573800,"L' ACADEMIE DE CUISINE, INC.            ",MD,20877-0000,Proprietary  ,0,3,3,63,224,287
02578400,TAI SOPHIA INSTITUTE                    ,MD,20723-6010,Private      ,0,11,11,0,384,384
03010802,TRI-STATE BUSINESS INSTITUTE -  FORTIS C,MD,20785-2223,Proprietary  ,0,0,0,3,11,14
03027200,BLADES SCHOOL OF HAIR DESIGN            ,MD,20619-0226,Proprietary  ,6,14,20,45,138,183
03064900,AARON'S ACADEMY OF BEAUTY               ,MD,20602-2715,Proprietary  ,0,4,4,40,103,143
03097200,AESTHETICS INSTITUTE OF COSMETOLOGY     ,MD,20877-1305,Proprietary  ,0,9,9,23,86,109
03100700,CARROLL COMMUNITY COLLEGE               ,MD,21157-6913,Public       ,9,39,48,1153,1321,2474
03148300,AMERICAN BEAUTY ACADEMY                 ,MD,20902-1911,Proprietary  ,45,104,149,351,901,1252
03296300,BALTIMORE SCHOOL OF MASSAGE             ,MD,21090-2261,Proprietary  ,20,75,95,303,904,1207
03327300,NEW CREATIONS ACADEMY OF HAIR DSN       ,MD,20746-2960,Proprietary  ,7,18,25,39,122,161
03455500,NATIONAL LABOR COLLEGE                  ,MD,20903-1790,Private      ,0,24,24,11,196,207
03493300,ALL-STATE CAREER SCHOOL                 ,MD,21224-6658,Proprietary  ,68,328,396,674,3219,3893
03771300,AMERICAN CAREER INSTITUTE               ,MD,20902-4637,Proprietary  ,92,513,605,714,3632,4346
03822400,MAPLE SPRINGS BAPTIST BIBLE COLLEGE & SE,MD,20743-5711,Private      ,0,0,0,3,63,66
03937300,YESHIVA COLLEGE OF THE NATION'S CAPITAL ,MD,20902-1700,Private      ,1,0,1,10,19,29
03965500,HAIR EXPRESSIONS ACADEMY                ,MD,20852-1729,Proprietary  ,6,11,17,62,157,219
04121600,FILA ACADEMY (THE)                      ,MD,21061-1634,Proprietary  ,0,2,2,68,211,279
04139700,FREDERICK SCHOOL OF COSMETOLOGY         ,MD,21701-0000,Proprietary  ,1,2,3,24,68,92
04141600,OMEGA STUDIOS' SCHOOL OF APPLIED RECORDI,MD,20852-1731,Proprietary  ,4,4,8,62,122,184
04151800,TEMPLE (THE): A PAUL MITCHELL PARTNER SC,MD,21701-5409,Proprietary  ,8,6,14,119,167,286
04168900,HOLISTIC MASSAGE TRAINING INSTITUTE     ,MD,21218-2407,Proprietary  ,1,2,3,1,2,3
00211400,AMERICAN INTERNATIONAL COLLEGE          ,MA,01109-3189,Private      ,3,34,37,2301,2783,5084
00211500,AMHERST COLLEGE                         ,MA,01002-5000,Private      ,4,2,6,4891,277,5168
00211600,ANDOVER NEWTON THEOLOGICAL SCHOOL       ,MA,02459-0000,Private      ,0,2,2,2,217,219
00211700,ANNA MARIA COLLEGE                      ,MA,01612-1198,Private      ,4,20,24,2076,643,2719
00211800,ASSUMPTION COLLEGE                      ,MA,01615-1294,Private      ,4,5,9,4623,760,5383
00211900,ATLANTIC UNION COLLEGE                  ,MA,01561-1000,Private      ,1,1,2,362,404,766
00212000,MERRIMACK COLLEGE                       ,MA,01845-5800,Private      ,5,3,8,3994,313,4307
00212100,BABSON COLLEGE                          ,MA,02457-0310,Private      ,0,15,15,2366,949,3315
00212200,BAY PATH COLLEGE                        ,MA,01106-2212,Private      ,4,22,26,909,2116,3025
00212300,BECKER COLLEGE-WORCESTER                ,MA,01615-0071,Private      ,2,14,16,2384,1074,3458
00212400,BENTLEY UNIVERSITY                      ,MA,02452-4705,Private      ,3,20,23,5455,959,6414
00212600,BERKLEE COLLEGE OF MUSIC                ,MA,02215-3693,Private      ,10,17,27,4719,1367,6086
00212800,BOSTON COLLEGE                          ,MA,02467-3800,Private      ,13,21,34,19603,7547,27150
00212900,BOSTON CONSERVATORY OF MUSIC            ,MA,02215-9830,Private      ,0,1,1,1155,350,1505
00213000,BOSTON UNIVERSITY                       ,MA,02215-1789,Private      ,12,118,130,31857,20137,51994
00213300,BRANDEIS UNIVERSITY                     ,MA,02453-2700,Private      ,4,7,11,5046,1448,6494
00213900,CLARK UNIVERSITY                        ,MA,01610-1473,Private      ,2,3,5,3695,777,4472
00214000,ELMS COLLEGE                            ,MA,01013-2839,Private      ,1,6,7,1118,765,1883
00214100,COLLEGE OF THE HOLY CROSS               ,MA,01610-2395,Private      ,3,0,3,5669,137,5806
00214300,CURRY COLLEGE                           ,MA,02186-2395,Private      ,2,25,27,4447,1343,5790
00214400,DEAN COLLEGE                            ,MA,02038-1994,Private      ,7,2,9,1811,263,2074
00214500,EASTERN NAZARENE COLLEGE                ,MA,02170-2999,Private      ,1,10,11,830,572,1402
00214507,EASTERN NAZARENE CLG - LEAD PROGRAM     ,MA,02170-0000,Private      ,0,2,2,21,90,111
00214600,EMERSON COLLEGE                         ,MA,02116-4624,Private      ,3,4,7,6833,1696,8529
00214700,EMMANUEL COLLEGE                        ,MA,02115-5798,Private      ,1,4,5,4721,546,5267
00214800,ENDICOTT COLLEGE                        ,MA,01915-2098,Private      ,1,13,14,4083,527,4610
00214900,EPISCOPAL DIVINITY SCHOOL               ,MA,02138-0000,Private      ,0,8,8,0,89,89
00215000,FISHER COLLEGE                          ,MA,02116-1500,Private      ,5,60,65,1415,1228,2643
00215100,BENJAMIN FRANKLIN INSTITUTE OF TECH     ,MA,02116-6296,Public       ,1,3,4,744,371,1115
00215300,GORDON COLLEGE                          ,MA,01984-1899,Private      ,1,2,3,2009,151,2160
00215400,HELLENIC COLLEGE                        ,MA,02445-7496,Private      ,0,0,0,75,153,228
00215500,HARVARD UNIVERSITY                      ,MA,02138-3800,Private      ,9,22,31,7279,1556,8835
00215501,AMRCN REPERTORY THTR INST ADV THTR      ,MA,02138-0000,Private      ,0,0,0,4,140,144
00215502,HARVARD BUSINESS SCHOOL                 ,MA,02163-0000,Private      ,1,10,11,201,1740,1941
00215503,HARVARD EXTENSION SCHOOL                ,MA,02138-0000,Private      ,8,29,37,189,1529,1718
00215504,HARVARD SCH OF DENTAL MEDICINE          ,MA,02115-0000,Private      ,0,0,0,30,212,242
00215505,HARVARD UNIV GRAD SCH DESIGN            ,MA,02138-0000,Private      ,1,2,3,17,1377,1394
00215506,HARVARD DIVINITY SCHOOL                 ,MA,02138-0000,Private      ,1,0,1,21,570,591
00215507,HARVARD UNIV GRAD SCH ED                ,MA,02138-0000,Private      ,1,2,3,6,1605,1611
00215508,HARVARD UNIV GRAD S OF ARTS & SCIEN     ,MA,02138-0000,Private      ,0,8,8,116,949,1065
00215509,HARVARD KENNEDY SCHOOL                  ,MA,02138-0000,Private      ,1,3,4,17,1509,1526
00215510,HARVARD LAW SCHOOL                      ,MA,02138-0000,Private      ,0,6,6,123,3904,4027
00215511,HARVARD UNIV MEDICAL SCHOOL             ,MA,02115-0000,Private      ,0,2,2,133,1120,1253
00215512,HARVARD UNIV SCH PUBLIC HEALTH          ,MA,02115-0000,Private      ,0,1,1,40,833,873
00215513,HARVARD UNIVERSITY-HARVARD COLLEGE      ,MA,02138-0000,Private      ,3,5,8,14826,445,15271
00215700,HEBREW COLLEGE                          ,MA,02459-2237,Private      ,0,1,1,1,104,105
00215800,LASELL COLLEGE                          ,MA,02466-2716,Private      ,4,11,15,3136,298,3434
00216000,LESLEY UNIVERSITY                       ,MA,02138-2790,Private      ,5,244,249,2822,5298,8120
00216100,UMASS LOWELL                            ,MA,01854-3089,Public       ,19,94,113,11909,5818,17727
00216400,NEW ENGLAND COLLEGE OF OPTOMETRY        ,MA,02115-1129,Private      ,0,1,1,11,412,423
00216500,MASS. COLLEGE OF PHARMACY  & HEALTH SCIE,MA,02115-5804,Private      ,4,12,16,4549,2935,7484
00216700,BERKSHIRE COMMUNITY COLLEGE             ,MA,01201-5786,Public       ,5,11,16,1021,1612,2633
00216800,CAPE COD COMMUNITY COLLEGE              ,MA,02668-1599,Public       ,5,16,21,1851,2481,4332
00216900,GREENFIELD COMMUNITY COLLEGE            ,MA,01301-9739,Public       ,9,21,30,974,1645,2619
00217000,HOLYOKE COMMUNITY COLLEGE               ,MA,01040-1099,Public       ,37,89,126,4002,5046,9048
00217100,MASSACHUSETTS BAY COMMUNITY COLLEGE     ,MA,02181-0000,Public       ,25,62,87,2388,2663,5051
00217200,MOUNT WACHUSETT COMMUNITY COLLEGE       ,MA,01440-1000,Public       ,25,111,136,2050,3468,5518
00217300,NORTH SHORE COMMUNITY COLLEGE           ,MA,01923-4093,Public       ,28,95,123,3567,4658,8225
00217400,NORTHERN ESSEX COMMUNITY COLLEGE        ,MA,01830-2399,Public       ,32,119,151,3094,4466,7560
00217500,QUINSIGAMOND COMMUNITY COLLEGE          ,MA,01606-2092,Public       ,31,116,147,4335,5634,9969
00217600,BRISTOL COMMUNITY COLLEGE               ,MA,02720-7399,Public       ,23,139,162,4397,5233,9630
00217700,MASSASOIT COMMUNITY COLLEGE             ,MA,02302-3996,Public       ,13,38,51,3594,4299,7893
00217800,MASSACHUSETTS INST OF TECHNOLOGY        ,MA,02139-4307,Private      ,6,36,42,11148,3423,14571
00218000,MASSACHUSETTS COLLEGE OF ART AND DESIGN ,MA,02115-5803,Public       ,3,7,10,2453,878,3331
00218100,MASSACHUSETTS MARITIME ACADEMY          ,MA,02532-3400,Public       ,1,2,3,1320,134,1454
00218300,BRIDGEWATER STATE COLLEGE               ,MA,02325-0001,Public       ,12,23,35,11805,3632,15437
00218400,FITCHBURG STATE COLLEGE                 ,MA,01420-2697,Public       ,6,17,23,5686,1654,7340
00218500,FRAMINGHAM STATE COLLEGE                ,MA,01702-2471,Public       ,8,12,20,5318,1410,6728
00218700,MASSACHUSETTS CLG OF LIBERAL ARTS       ,MA,01247-4100,Public       ,1,18,19,2244,628,2872
00218800,SALEM STATE UNIVERSITY                  ,MA,01970-5353,Public       ,96,63,159,8580,4141,12721
00218900,WESTFIELD STATE COLLEGE                 ,MA,01086-1630,Public       ,5,12,17,7766,1657,9423
00219000,WORCESTER STATE COLLEGE                 ,MA,01602-2597,Public       ,8,16,24,6299,2389,8688
00219200,MOUNT HOLYOKE COLLEGE                   ,MA,01075-1492,Private      ,2,2,4,2651,337,2988
00219300,MOUNT IDA COLLEGE                       ,MA,02459-3323,Private      ,1,4,5,2251,412,2663
00219400,NEW ENGLAND CONSERVATORY OF MUSIC       ,MA,02115-5018,Private      ,1,0,1,793,646,1439
00219700,NICHOLS COLLEGE                         ,MA,01571-6346,Private      ,2,8,10,2039,464,2503
00219900,NORTHEASTERN UNIVERSITY                 ,MA,02115-5000,Private      ,33,151,184,32594,12998,45592
00220100,PINE MANOR COLLEGE                      ,MA,02167-0000,Private      ,1,0,1,563,187,750
00220200,BLESSED JOHN XXIII NATIONAL SEMINARY    ,MA,02493-0000,Private      ,0,0,0,0,6,6
00220500,QUINCY COLLEGE                          ,MA,02169-4501,Public       ,10,64,74,1632,3401,5033
00220600,REGIS COLLEGE                           ,MA,02193-0000,Private      ,1,6,7,2067,803,2870
00220800,SIMMONS COLLEGE                         ,MA,02115-5898,Private      ,0,25,25,2933,4031,6964
00220900,SMITH COLLEGE                           ,MA,01063-2936,Private      ,2,3,5,3432,1012,4444
00220901,"SMITH COLLEGE, SCH FOR SOCIAL WORK      ",MA,01063-0000,Private      ,0,2,2,3,49,52
00221000,UNIV OF MASSACHUSETTS-DARTMOUTH         ,MA,02747-2300,Public       ,11,41,52,11738,2951,14689
00221007,UNIVERSITY OF MASSACHUSETTS - DARTMOUTH ,MA,02747-1252,Public       ,0,0,0,2,345,347
00221100,SPRINGFIELD COLLEGE                     ,MA,01109-3797,Private      ,7,162,169,4136,4780,8916
00221400,ST JOHN'S SEMINARY                      ,MA,02135-8839,Private      ,1,5,6,19,62,81
00221700,STONEHILL COLLEGE                       ,MA,02357-6110,Private      ,1,0,1,6582,158,6740
00221800,SUFFOLK UNIVERSITY                      ,MA,02108-2770,Private      ,10,12,22,9784,5174,14958
00221810,SUFFOLK UNIVERSITY - LAW SCHOOL         ,MA,02108-4977,Private      ,0,0,0,17,357,374
00221900,TUFTS UNIVERSITY                        ,MA,02155-5808,Private      ,3,6,9,10089,2876,12965
00221901,TUFTS UNIV SCH OF DENTAL MEDICINE       ,MA,02111-0000,Private      ,0,0,0,21,828,849
00221902,TUFTS UNIVERSITY - CUMMINGS SCHOOL OF VE,MA,01536-0000,Private      ,0,1,1,27,483,510
00221904,TUFTS UNIV SCHOOL OF MEDICINE           ,MA,02111-0000,Private      ,0,3,3,64,1949,2013
00222100,UNIV OF MASSACHUSETTS-AMHERST           ,MA,01003-0000,Public       ,17,47,64,35107,7581,42688
00222200,UNIV OF MASSACHUSETTS-BOSTON            ,MA,02125-3393,Public       ,24,166,190,11358,10687,22045
00222400,WELLESLEY COLLEGE                       ,MA,02481-8203,Private      ,1,0,1,3509,210,3719
00222500,WENTWORTH INSTITUTE OF TECHNOLOGY       ,MA,02115-5998,Private      ,17,17,34,4876,885,5761
00222600,WESTERN NEW ENGLAND COLLEGE             ,MA,01119-2654,Private      ,3,10,13,5292,1783,7075
00222700,WHEATON COLLEGE                         ,MA,02766-2322,Private      ,0,0,0,2591,90,2681
00222800,WHEELOCK COLLEGE                        ,MA,02215-4176,Private      ,1,4,5,1572,679,2251
00222900,WILLIAMS COLLEGE                        ,MA,01267-2600,Private      ,0,0,0,3894,116,4010
00223300,WORCESTER POLYTECHNIC INSTITUTE         ,MA,01609-2280,Private      ,2,7,9,6330,598,6928
00396500,BAY STATE COLLEGE                       ,MA,02116-2901,Proprietary  ,8,24,32,1503,961,2464
00396600,BOSTON ARCHITECTURAL COLLEGE            ,MA,02115-2795,Private      ,1,3,4,519,1068,1587
00466100,HAMPSHIRE COLLEGE                       ,MA,01002-3359,Private      ,4,2,6,2493,160,2653
00466600,SALTER COLLEGE                          ,MA,01583-1700,Proprietary  ,55,282,337,727,3696,4423
00466700,SCHOOL OF MUSEUM OF FINE ARTS           ,MA,02115-5534,Private      ,0,1,1,876,315,1191
00466900,UPPER CAPE COD REGIONAL VOC TECH        ,MA,02532-3310,Public       ,0,2,2,22,121,143
00527900,GREATER LOWELL REGNL VOC TECH SCH       ,MA,01879-0000,Public       ,0,0,0,23,100,123
00551900,DIMAN REGIONAL VOC TECH INST            ,MA,02723-3519,Public       ,0,2,2,24,95,119
00552300,BLUE HILLS REGIONAL VOC TECH            ,MA,02021-1398,Public       ,0,1,1,31,145,176
00555700,MCCANN TECHNICAL SCHOOL                 ,MA,01247-0000,Public       ,0,1,1,26,98,124
00613600,NATIONAL AVIATION ACADEMY - NEW ENGLAND ,MA,01730-2620,Proprietary  ,14,14,28,128,239,367
00632200,BROCKTON HOSPITAL SCH OF NURSING        ,MA,02302-0000,Private      ,0,2,2,124,496,620
00632400,LABOURE COLLEGE                         ,MA,02124-5698,Private      ,0,9,9,218,893,1111
00633100,LAWRENCE MEM HOSPITAL SCH OF NRSNG      ,MA,02155-1643,Private      ,0,3,3,66,405,471
00635200,BAYSTATE MEDICAL CENTER                 ,MA,01199-0001,Private      ,0,2,2,22,65,87
00687300,MARIAN COURT COLLEGE                    ,MA,01907-2896,Private      ,2,1,3,201,123,324
00748100,GIBBS COLLEGE                           ,MA,02116-2904,Proprietary  ,4,13,17,172,476,648
00748400,NEWBURY COLLEGE                         ,MA,02445-5796,Private      ,1,5,6,2280,318,2598
00748600,THE NEW ENGLAND INSTITUTE OF ART        ,MA,02445-7295,Proprietary  ,15,14,29,2020,812,2832
00748800,KAPLAN CAREER INSTITUTE                 ,MA,02129-1644,Proprietary  ,10,35,45,194,801,995
00748801,KAPLAN CAREER INSTITUTE -               ,MA,02215-2606,Proprietary  ,8,31,39,118,553,671
00807800,SPRINGFIELD TECHNICAL COMMUNITY CLG     ,MA,01105-0000,Public       ,18,72,90,3224,5699,8923
00809002,EVEREST COLLEGE - EVEREST INSTITUTE     ,MA,02150-2333,Proprietary  ,19,72,91,191,652,843
00891600,NEW ENGLAND SCHOOL OF LAW               ,MA,02116-0000,Private      ,0,0,0,10,2320,2330
00964500,BARD COLLEGE AT SIMON'S ROCK            ,MA,01230-9702,Private      ,2,0,2,519,24,543
00974700,GORDON-CONWELL THEOLOGICAL SEMINARY     ,MA,01982-0000,Private      ,0,7,7,11,557,568
00975600,UNIVERSITY OF MASS MEDICAL CENTER       ,MA,01655-0000,Public       ,0,8,8,43,877,920
00987700,HENRI'S SCHOOL OF HAIR DESIGN           ,MA,01420-5675,Proprietary  ,1,3,4,30,27,57
00989900,LOWELL ACADEMY HAIRSTYLING INST         ,MA,01852-1909,Proprietary  ,0,0,0,25,41,66
00993600,MIDDLESEX COMMUNITY COLLEGE             ,MA,01730-1197,Public       ,21,35,56,1860,1559,3419
00993602,"MIDDLESEX COMMUNITY COLLEGE, LOWELL     ",MA,01852-0000,Public       ,21,72,93,2757,2837,5594
01121000,BUNKER HILL COMMUNITY COLLEGE           ,MA,02129-2991,Public       ,35,89,124,5845,9255,15100
01151000,EVEREST INSTITUTE                       ,MA,02135-7638,Proprietary  ,8,72,80,197,733,930
01193000,ROXBURY COMMUNITY COLLEGE               ,MA,02120-3400,Public       ,5,21,26,1229,3147,4376
01204200,MANSFIELD BEAUTY SCHOOLS                ,MA,02169-5061,Proprietary  ,2,6,8,37,102,139
01206800,MANSFIELD BEAUTY SCHOOL                 ,MA,01103-1410,Proprietary  ,1,4,5,21,64,85
01218700,BLACKSTONE VALLEY VOCATIONAL REGIONAL SC,MA,01568-1499,Public       ,0,0,0,2,58,60
01238600,SOUTHEASTERN TECHNICAL INSTITUTE        ,MA,02375-1780,Public       ,0,3,3,49,192,241
01288100,MONTACHUSETT REG VOC TECH SCH           ,MA,01420-4649,Public       ,0,1,1,15,83,98
01292100,EMPIRE BEAUTY SCHOOL                    ,MA,02215-0000,Proprietary  ,12,44,56,204,436,640
01292101,EMPIRE BEAUTY SCHOOL - HYANNIS          ,MA,02601-2022,Proprietary  ,0,0,0,14,29,43
01294800,ROB ROY ACADEMY                         ,MA,02721-5330,Proprietary  ,6,17,23,85,145,230
02063000,MONTSERRAT COLLEGE OF ART               ,MA,01915-0000,Private      ,0,1,1,661,79,740
02063800,BUTERA SCHOOL OF ART                    ,MA,02116-0000,Proprietary  ,0,0,0,38,16,54
02076700,EMPIRE BEAUTY SCHOOL                    ,MA,02148-0000,Proprietary  ,4,20,24,83,241,324
02079400,EMPIRE BEAUTY SCHOOL                    ,MA,01702-5232,Proprietary  ,4,11,15,84,278,362
02092100,MASSACHUSETTS SCHOOL OF BARBERING       ,MA,02169-5058,Proprietary  ,3,8,11,38,143,181
02092200,EMPIRE BEAUTY SCHOOL                    ,MA,01852-0000,Proprietary  ,7,14,21,76,210,286
02122000,NEW ENGLAND HAIR ACADEMY                ,MA,02148-0000,Proprietary  ,3,8,11,101,178,279
02137000,ROB ROY ACADEMY                         ,MA,02780-0000,Proprietary  ,4,6,10,43,67,110
02137200,MASS GEN HOSP DIETETIC INTERNSHIP       ,MA,02114-0000,Private      ,0,0,0,2,19,21
02143000,LONGY SCHOOL OF MUSIC                   ,MA,02138-3599,Private      ,0,0,0,61,170,231
02163500,NEW ENGLAND SCHOOL OF PHOTOGRAPHY       ,MA,02215-0000,Proprietary  ,1,1,2,155,169,324
02163600,MASS SCH OF PROFESSIONAL PSYCHOLOGY     ,MA,02132-0000,Private      ,0,1,1,13,647,660
02169900,ASSABET VALLEY REGIONAL VOC SCHOOL      ,MA,01752-0000,Public       ,0,2,2,18,106,124
02181600,ROB ROY ACADEMY                         ,MA,01609-0000,Proprietary  ,7,16,23,152,253,405
02182900,CAMBRIDGE COLLEGE                       ,MA,02138-5304,Private      ,10,342,352,409,5099,5508
02197900,NORTH BENNET STREET SCHOOL              ,MA,02113-0000,Private      ,1,1,2,51,131,182
02215100,HALLMARK INSTITUTE OF PHOTOGRAPHY       ,MA,01376-0000,Proprietary  ,1,1,2,264,195,459
02219501,MILDRED ELLEY - PITTSFIELD              ,MA,01201-5300,Proprietary  ,0,0,0,14,38,52
02220400,CATHERINE HINDS INST OF ESTHETICS       ,MA,01801-0000,Proprietary  ,1,14,15,59,214,273
02231600,MGH INSTITUTE OF HEALTH PROFESSION      ,MA,02129-0000,Private      ,6,19,25,63,1415,1478
02274300,CONWAY SCHOOL OF LANDSCAPE DESIGN       ,MA,01341-0179,Private      ,0,0,0,2,18,20
02325700,LABARON HAIRDRESSING ACADEMY            ,MA,02740-0000,Proprietary  ,1,5,6,26,74,100
02325800,LABARON HAIRDRESSING ACAD-BROCKTON      ,MA,02301-0000,Proprietary  ,2,4,6,29,56,85
02337400,BANCROFT SCHOOL OF MASSAGE THERAPY      ,MA,01604-4614,Proprietary  ,0,2,2,15,89,104
02338200,BAY STATE SCHOOL OF TECHNOLOGY          ,MA,02021-0000,Proprietary  ,3,15,18,69,396,465
02339400,ROB ROY ACADEMY                         ,MA,02746-0000,Proprietary  ,1,2,3,14,33,47
02491700,CORTIVA INSTITUTE -  BOSTON             ,MA,02472-2577,Proprietary  ,4,19,23,46,290,336
02523900,ELIZABETH GRADY SCHOOL OF ESTHETICS     ,MA,02155-0000,Proprietary  ,0,6,6,49,181,230
02579800,NEW ENGLAND SCHOOL OF ACUPUNCTURE       ,MA,02458-0000,Private      ,0,5,5,4,171,175
03006802,PENNSYLVANIA CULINARY INSTITUTE - LE COR,MA,02142-1221,Proprietary  ,11,49,60,377,854,1231
03066700,AILANO SCHOOL OF COSMETOLOGY            ,MA,02303-4740,Proprietary  ,0,2,2,25,67,92
03104000,SHAWSHEEN ADULT TECHNICAL INSTITUTE     ,MA,01821-5499,Public       ,0,0,0,12,66,78
03115200,MOTORING TECHNICAL TRAINING INST        ,MA,02771-5933,Proprietary  ,7,27,34,131,263,394
03120800,KAY HARVEY HAIRDRESSING ACADEMY         ,MA,01089-2701,Proprietary  ,0,7,7,21,80,101
03130500,URBAN COLLEGE OF BOSTON                 ,MA,02111-1093,Private      ,5,30,35,54,733,787
03194300,BOSTON GRAD SCH OF PSYCHOANALYSIS       ,MA,02446-4602,Private      ,0,1,1,0,91,91
03196300,LINCOLN TECHNICAL INSTITUTE             ,MA,02145-1102,Proprietary  ,21,49,70,324,905,1229
03196302,LINCOLN TECHNICAL INSTITUTE             ,MA,01852-5119,Proprietary  ,9,40,49,268,753,1021
03205400,JOLIE HAIR & BEAUTY ACADEMY             ,MA,01056-2769,Proprietary  ,5,18,23,70,209,279
03232302,LINCOLN TECHNICAL INSTITUTE             ,MA,02401-1818,Proprietary  ,2,5,7,123,425,548
03235300,MASSACHUSETTS SCHOOL OF LAW             ,MA,01810-1094,Private      ,0,2,2,9,714,723
03240300,TONI & GUY HAIRDRESSING ACADEMY         ,MA,01605-2213,Proprietary  ,1,4,5,36,51,87
03248300,BOSTON BAPTIST COLLEGE                  ,MA,02136-4000,Private      ,0,1,1,138,78,216
03316400,FUNERAL INSTITUTE OF THE NORTHEAST      ,MA,02062-4766,Proprietary  ,0,3,3,25,90,115
03504300,NATL GRAD SCH OF QUALITY SYSTM MGMT     ,MA,02540-0000,Private      ,0,11,11,2,80,82
03570500,ZION BIBLE COLLEGE                      ,MA,01835-0000,Private      ,0,4,4,191,117,308
03763300,MEDICAL PROFESSIONAL INSTITUTE          ,MA,02148-8143,Proprietary  ,0,12,12,22,205,227
03859300,E.I.N.E.                                ,MA,01876-4709,Proprietary  ,0,0,0,3,73,76
03946300,FRANKLIN W. OLIN COLLEGE OF ENGINEERING ,MA,02492-1200,Private      ,0,0,0,401,9,410
03965300,NEW ENGLAND COLLEGE OF FINANCE          ,MA,02110-1605,Proprietary  ,3,69,72,56,733,789
04039300,SULLIVAN AND COGLIANO TRAINING CENTER   ,MA,02301-4921,Proprietary  ,14,343,357,108,2298,2406
04116900,DIGRIGOLI SCHOOL OF COSMETOLOGY         ,MA,01089-4623,Proprietary  ,4,0,4,39,75,114
04122000,TRI COUNTY REGIONAL VOCATIONAL TECHNICAL,MA,02038-0000,Public       ,0,0,0,6,40,46
04128000,MILLENNIUM TRAINING INSTITUTE           ,MA,01801-6386,Proprietary  ,2,17,19,17,198,215
04128900,CENTRAL MASS SCHOOL OF MASSAGE AND THERA,MA,01562-1712,Proprietary  ,0,4,4,3,44,47
04153200,SOUTHERN WORCESTER COUNTY REGIONAL VOC S,MA,01507-1331,Public       ,0,1,1,4,38,42
00324204,CARNEGIE MELLON UNIVERSITY - QATAR      ,FC,00000-0000,Private      ,0,0,0,2,4,6
00324206,CARNEGIE MELLON UNIVERSITY THE HEINZ COL,FC,00000-0000,Private      ,0,0,0,0,1,1
00337112,TEMPLE UNIVERSITY - JAPAN               ,FC,00000-0000,Private      ,0,0,0,63,48,111
00369101,MIDDLEBURY COLLEGE - FRANCE             ,FC,00000-0000,Private      ,0,0,0,5,8,13
00369102,MIDDLEBURY COLLEGE - GERMANY            ,FC,00000-0000,Private      ,0,0,0,3,5,8
00369103,MIDDLEBURY COLLEGE - ITALY              ,FC,00000-0000,Private      ,0,0,0,5,4,9
00369104,MIDDLEBURY COLLEGE - SPAIN              ,FC,00000-0000,Private      ,0,0,0,11,20,31
00369105,MIDDLEBURY COLLEGE - RUSSIA             ,FC,00000-0000,Private      ,0,0,0,1,5,6
00369107,MIDDLEBURY COLLEGE - BREAD LOAF SCHOOL/E,FC,00000-0000,Private      ,0,0,0,0,1,1
00401000,INSTITUT INTERNAT'L D'ETUDES FRANCA     ,FC,00000-0000,Public       ,0,0,0,1,4,5
00401200,HEBREW UNIVERSITY OF JERUSALEM (THE)    ,FC,00000-0000,Public       ,0,0,0,41,120,161
00403000,UNIVERSITY OF CAMBRIDGE                 ,FC,00000-0000,Public       ,0,0,0,2,101,103
00503400,AMERICAN UNIVERSITY OF CAIRO            ,FC,00000-0000,Private      ,0,2,2,82,259,341
00667100,KATHOLIEKE UNIVERSITEIT LEUVEN          ,FC,00000-0000,Private      ,0,1,1,0,46,46
00669100,UNIVERSITY OF CAMBRIDGE - PEMBROKE      ,FC,00000-0000,Public       ,0,0,0,2,13,15
00669200,UNIVERSITY OF LEEDS                     ,FC,00000-0000,Public       ,0,0,0,8,118,126
00669300,UNIV OF LONDON-LONDON SCHOOL ECON       ,FC,00000-0000,Public       ,0,2,2,17,497,514
00669400,SCH OF ORIENTAL & AFRICAN STUDIES       ,FC,00000-0000,Public       ,0,1,1,11,182,193
00669500,UNIV OF LONDON-UNIVERSITY COLLEGE       ,FC,00000-0000,Public       ,0,2,2,30,456,486
00669600,UNIV OF LONDON-SCH ADVANCED STUDY       ,FC,00000-0000,Public       ,0,0,0,1,23,24
00669700,"QUEEN MARY, UNIVERSITY OF LONDON        ",FC,00000-0000,Public       ,0,3,3,30,160,190
00669900,UNIVERSITY OF SUSSEX                    ,FC,00000-0000,Public       ,0,1,1,14,98,112
00670000,"UNIVERSITY OF YORK, THE                 ",FC,00000-0000,Public       ,0,0,0,11,131,142
00670400,UNIVERSITY COLLEGE CORK                 ,FC,00000-0000,Public       ,0,0,0,10,71,81
00671300,UPPSALA UNIVERSITY                      ,FC,00000-0000,Public       ,0,0,0,2,47,49
00671500,UNIVERSITY OF GENEVA                    ,FC,00000-0000,Public       ,0,1,1,3,85,88
00683900,UNIVERSITY OF EDINBURGH                 ,FC,00000-0000,Public       ,3,0,3,143,671,814
00684200,UNIVERSITY OF DUBLIN TRINITY COLLEG     ,FC,00000-0000,Public       ,0,0,0,43,195,238
00685000,UNIVERSITY OF CAMBRIDGE - DOWNING C     ,FC,00000-0000,Public       ,0,0,0,0,8,8
00763200,UNIVERSITY OF BRISTOL                   ,FC,00000-0000,Public       ,0,1,1,16,99,115
00768100,COLLEGE OF EUROPE                       ,FC,00000-0000,Private      ,0,0,0,1,9,10
00770500,ROYAL COLLEGE OF SURGEONS IN IRELAN     ,FC,00000-0000,Private      ,0,0,0,9,65,74
00788100,AMERICAN UNIVERSITY OF PARIS            ,FC,00000-0000,Private      ,0,3,3,246,283,529
00837100,AMERICAN UNIVERSITY OF BEIRUT           ,FC,00000-0000,Private      ,1,0,1,98,112,210
00837300,TEL-AVIV UNIVERSITY                     ,FC,00000-0000,Public       ,0,0,0,11,69,80
00837600,VRIJE UNIVERSITEIT AMSTERDAM            ,FC,00000-0000,Public       ,0,0,0,3,38,41
00837700,UNIVERSITEIT VAN AMSTERDAM(UNIVERSI     ,FC,00000-0000,Public       ,0,0,0,12,142,154
00838000,UNIVERSITY OF WARWICK                   ,FC,00000-0000,Public       ,0,0,0,9,78,87
00838300,UNIVERSITY OF GLASGOW                   ,FC,00000-0000,Public       ,0,3,3,39,394,433
00839300,UNIVERSITY OF OSLO                      ,FC,00000-0000,Public       ,0,0,0,3,21,24
00839400,UNIVERSITY OF OXFORD                    ,FC,00000-0000,Public       ,0,2,2,20,372,392
00839800,UNIVERSITY OF SHEFFIELD (THE)           ,FC,00000-0000,Public       ,0,0,0,8,102,110
00839900,UNIVERSITY OF SOUTHAMPTON               ,FC,00000-0000,Public       ,0,0,0,9,47,56
00845200,ABERYSTWYTH UNIVERSITY                  ,FC,00000-0000,Public       ,0,0,0,10,33,43
00845800,LOUGHBOROUGH UNIVERSITY                 ,FC,00000-0000,Public       ,0,0,0,2,12,14
00846000,UNIVERSITY OF NEWCASTLE UPON TYNE       ,FC,00000-0000,Public       ,0,0,0,14,94,108
00846100,UNIVERSITY OF SAINT ANDREWS             ,FC,00000-0000,Public       ,0,2,2,213,211,424
00850500,UNIVERSITY OF MELBOURNE                 ,FC,00000-0000,Public       ,0,2,2,18,183,201
00858600,SWANSEA UNIVERSITY                      ,FC,00000-0000,Public       ,0,0,0,13,30,43
00858700,UNIVERSITY OF DURHAM                    ,FC,00000-0000,Public       ,0,2,2,12,204,216
00866500,UNIVERSITY OF KENT AT CANTERBURY (THE)  ,FC,00000-0000,Public       ,1,0,1,20,146,166
00867000,UNIVERSITY OF NEW SOUTH WALES           ,FC,00000-0000,Public       ,0,1,1,10,132,142
00868700,UNIVERSITY OF ESSEX                     ,FC,00000-0000,Public       ,0,2,2,15,87,102
00869300,CITY UNIVERSITY                         ,FC,00000-0000,Public       ,0,3,3,15,195,210
00890800,THE UNIVERSITY OF BIRMINGHAM            ,FC,00000-0000,Public       ,0,0,0,10,105,115
00891000,UNIVERSITY OF HULL                      ,FC,00000-0000,Public       ,0,0,0,6,17,23
00892000,UNIVERSITY OF NOTTINGHAM                ,FC,00000-0000,Public       ,0,2,2,6,125,131
00900600,UNIVERSITY OF SALFORD (THE)             ,FC,00000-0000,Public       ,0,0,0,1,22,23
00908400,"UNIV OF LONDON, BIRKBECK                ",FC,00000-0000,Public       ,0,0,0,2,104,106
00908500,UNIV OF LONDON KING'S COLLEGE           ,FC,00000-0000,Public       ,0,1,1,38,352,390
00908600,UNIVERSITY OF LONDON - ROYAL HOLLOWAY   ,FC,00000-0000,Public       ,0,0,0,25,83,108
00914300,BAR-ILAN UNIVERSITY                     ,FC,00000-0000,Private      ,0,1,1,11,21,32
00924700,ARCHITECTURAL ASSOC SCH OF ARCHITEC     ,FC,00000-0000,Private      ,0,0,0,0,27,27
00924900,UNIVERSITY OF LIVERPOOL                 ,FC,00000-0000,Public       ,0,1,1,17,76,93
00936800,UNIVERSITY OF ABERDEEN                  ,FC,00000-0000,Public       ,0,0,0,52,122,174
00942300,ROYAL COLLEGE OF ART                    ,FC,00000-0000,Public       ,0,1,1,6,49,55
00942800,TECHNION-ISRAEL INST OF TECHLGY         ,FC,00000-0000,Public       ,0,0,0,1,89,90
00944200,UNIVERSITY OF EXETER                    ,FC,00000-0000,Public       ,0,0,0,8,83,91
00944400,UNIVERSITY OF LANCASTER                 ,FC,00000-0000,Public       ,0,0,0,5,36,41
00963400,UNIVERSITY OF OXFORD ST CATHERINE'S     ,FC,00000-0000,Public       ,0,0,0,0,6,6
00980800,UNIVERSITY OF STRATHCLYDE               ,FC,00000-0000,Public       ,0,0,0,1,38,39
00986000,UNIVERSITY OF SURREY                    ,FC,00000-0000,Public       ,0,0,0,5,24,29
00990600,PONTIFICAL NORTH AMERICAN COLLEGE       ,FC,00000-0000,Private      ,0,0,0,1,10,11
00992700,UNIVERSITY OF CAMBRIDGE - FITZWILLI     ,FC,00000-0000,Public       ,0,0,0,0,5,5
01006700,LUND UNIVERSITY                         ,FC,00000-0000,Public       ,0,1,1,1,101,102
01008400,UNIVERSITY OF CAPE TOWN                 ,FC,00000-0000,Private      ,0,2,2,10,92,102
01008700,UNIVERSITY OF OXFORD ST PETER'S COL     ,FC,00000-0000,Public       ,0,0,0,1,4,5
01008800,UNIVERSITY OF OXFORD - CORPUS CHRIS     ,FC,00000-0000,Public       ,0,0,0,0,6,6
01008900,CENTRAL SCHOOL OF SPEECH AND DRAMA      ,FC,00000-0000,Private      ,0,1,1,9,56,65
01009000,UNIVERSITY OF OXFORD - BALLIOL COLL     ,FC,00000-0000,Public       ,0,0,0,1,19,20
01014300,UNIVERSITY OF READING                   ,FC,00000-0000,Public       ,0,0,0,6,39,45
01015700,CARDIFF UNIVERSITY                      ,FC,00000-0000,Public       ,0,0,0,15,65,80
01015900,PONTIFICIA UNIVERSITA GREGORIANA        ,FC,00000-0000,Private      ,1,0,1,1,4,5
01016000,CG JUNG INST                            ,FC,00000-0000,Private      ,0,0,0,0,3,3
01018800,UNIVERSITY COLLEGE DUBLIN               ,FC,00000-0000,Public       ,0,0,0,10,201,211
01019000,UNIVERSITY OF CAMBRIDGE CHURCHILL C     ,FC,00000-0000,Public       ,0,0,0,0,10,10
01022800,UNIVERSITY OF STIRLING                  ,FC,00000-0000,Public       ,0,0,0,13,45,58
01033200,UNIVERSITY OF CAMBRIDGE - CLARE COL     ,FC,00000-0000,Public       ,0,0,0,2,8,10
01045600,UNIVERSITY OF HAIFA                     ,FC,00000-0000,Public       ,1,0,1,7,13,20
01047200,INST EUROPEEN OPEEN D'ADMINISTRATIO     ,FC,00000-0000,Private      ,0,0,0,0,75,75
01049300,CRANFIELD UNIVERSITY                    ,FC,00000-0000,Public       ,0,0,0,0,25,25
01052000,TRINITY LABAN CONSERVATOIRE OF MUSIC AND,FC,00000-0000,Public       ,0,0,0,5,8,13
01052001,LABAN CENTER FOR MOVEMENT & DANCE       ,FC,00000-0000,Public       ,0,0,0,3,12,15
01052500,UNIVERSITY OF HERTFORDSHIRE             ,FC,00000-0000,Public       ,0,0,0,17,20,37
01057400,LONDON INTRNTL FILM SCHOOL              ,FC,00000-0000,Private      ,0,0,0,4,37,41
01058600,INSTITUTE OF SOCIAL STUDIES             ,FC,00000-0000,Private      ,0,0,0,0,3,3
01058800,AUSTRALIAN NATIONAL UNIVERSITY          ,FC,00000-0000,Public       ,0,0,0,9,54,63
01058900,BANGOR UNIVERSITY                       ,FC,00000-0000,Public       ,0,2,2,6,27,33
01059400,"RICHMOND, THE AMERICAN INT UNI IN LONDON",FC,00000-0000,Private      ,3,1,4,321,74,395
01059900,INST D'ETUDES POLITIQUES DE PARIS       ,FC,00000-0000,Public       ,0,0,0,4,68,72
01068100,MACQUARIE UNIVERSITY                    ,FC,00000-0000,Public       ,0,2,2,11,91,102
01069200,UNIVERSITY OF QUEENSLAND (THE)          ,FC,00000-0000,Public       ,0,0,0,22,219,241
01078900,UNIVERSITY OF OXFORD - WORCESTER CO     ,FC,00000-0000,Public       ,0,0,0,0,8,8
01079200,CITY AND GUILDS OF LONDON INSTITUTE     ,FC,00000-0000,Private      ,0,0,0,0,5,5
01079700,"NATIONAL UNIVERSITY OF IRELAND, MAY     ",FC,00000-0000,Public       ,0,0,0,7,13,20
01080300,SEMMELWEIS UNIVERSITY OF BUDAPEST       ,FC,00000-0000,Public       ,0,0,0,4,24,28
01081600,KINGSTON UNIVERSITY                     ,FC,00000-0000,Public       ,0,0,0,33,138,171
01083800,UNIVERSITITY OF BERGEN (UOB)            ,FC,00000-0000,Public       ,0,0,0,0,9,9
01086400,UNIV OF DUNDEE                          ,FC,00000-0000,Public       ,0,0,0,10,50,60
01086600,UNIVERSITY OF OXFORD - MAGDALEN COLLEGE ,FC,00000-0000,Public       ,0,0,0,2,17,19
01086700,UNIVERSITY OF OXFORD ST JOHN'S COLL     ,FC,00000-0000,Public       ,0,0,0,2,10,12
01091400,MONASH UNIVERSITY                       ,FC,00000-0000,Public       ,0,0,0,12,56,68
01091500,UNIV OF EAST ANGLIA                     ,FC,00000-0000,Public       ,0,2,2,17,66,83
01094200,UNIVERSITY OF OXFORD - ST HUGH'S CO     ,FC,00000-0000,Public       ,0,0,0,1,4,5
01097700,UNIVERSIDAD CENTRAL DEL ESTE            ,FC,00000-0000,Private      ,2,13,15,161,1053,1214
01098000,SOMERVILLE COLLEGE                      ,FC,00000-0000,Public       ,0,1,1,1,3,4
01099900,UNIV OF OXFORD - WADHAM COLLEGE         ,FC,00000-0000,Public       ,0,0,0,1,4,5
01104400,PONTIFICIA UNIVERSITA SAN TOMMASO       ,FC,00000-0000,Private      ,0,0,0,5,22,27
01105300,UNIVERSITY OF OXFORD - ST HILDA'S C     ,FC,00000-0000,Public       ,0,0,0,0,5,5
01105400,UNIVERSITY OF OXFORD - ST ANNE'S CO     ,FC,00000-0000,Public       ,0,0,0,0,7,7
01105500,UNIV OF OXFORD - LADY MARGARET HALL     ,FC,00000-0000,Public       ,0,0,0,0,7,7
01105600,UNIVERSITY OF OXFORD - UNIVERSITY C     ,FC,00000-0000,Public       ,0,0,0,1,12,13
01105700,UNIVERSITY OF OXFORD - TRINITY COLL     ,FC,00000-0000,Public       ,0,1,1,1,12,13
01105800,UNIVERSITY OF OXFORD-ST EDMUND HALL     ,FC,00000-0000,Public       ,0,1,1,1,10,11
01105900,UNIVERSITY OF OXFORD ST ANTONY'S CO     ,FC,00000-0000,Public       ,0,1,1,0,34,34
01106000,UNIVERSITY OF OXFORD - QUEEN'S COLL     ,FC,00000-0000,Public       ,0,0,0,1,13,14
01106100,UNIVERSITY OF OXFORD - PEMBROKE COL     ,FC,00000-0000,Public       ,0,0,0,0,6,6
01106200,UNIVERSITY OF OXFORD - ORIEL COLLEG     ,FC,00000-0000,Public       ,0,0,0,1,9,10
01106300,UNIVERSITY OF OXFORD - NUFFIELD COL     ,FC,00000-0000,Public       ,0,0,0,0,2,2
01106400,UNIVERSITY OF OXFORD - NEW COLLEGE      ,FC,00000-0000,Public       ,0,0,0,0,10,10
01106500,UNIVERSITY OF OXFORD MERTON COLLEGE     ,FC,00000-0000,Public       ,0,0,0,0,16,16
01106600,UNIVERSITY OF OXFORD - LINCOLN COLL     ,FC,00000-0000,Public       ,0,1,1,0,16,16
01106700,UNIVERSITY OF OXFORD - KEBLE COLLEG     ,FC,00000-0000,Public       ,0,0,0,0,7,7
01106800,UNIVERSITY OF OXFORD - JESUS COLLEG     ,FC,00000-0000,Public       ,0,0,0,0,11,11
01106900,UNIVERSITY OF OXFORD - HERTFORD COL     ,FC,00000-0000,Public       ,0,0,0,0,10,10
01107000,UNIVERSITY OF OXFORD EXETER COLLEGE     ,FC,00000-0000,Public       ,0,0,0,2,17,19
01107100,UNIV OF OXFORD - CHRIST CHURCH          ,FC,00000-0000,Public       ,0,0,0,0,17,17
01107200,UNIVERSITY OF OXFORD - BRASENOSE CO     ,FC,00000-0000,Public       ,0,0,0,1,10,11
01109100,FLINDERS UNIVERSITY OF S AUSTRALIA      ,FC,00000-0000,Public       ,0,1,1,3,22,25
01109400,UNIVERSITY OF WESTERN AUSTRALIA (THE)   ,FC,00000-0000,Public       ,0,0,0,6,22,28
01122600,AARHUS UNIVERSITY                       ,FC,00000-0000,Public       ,0,0,0,0,6,6
01156700,"IMPERIAL COLLEGE OF SCIENCE, TECHNOLOGY ",FC,00000-0000,Public       ,0,0,0,9,85,94
01167900,UNIVERSITY OF BATH                      ,FC,00000-0000,Public       ,0,0,0,5,33,38
01168300,FRANKLIN COLLEGE  SWITZERLAND           ,FC,00000-0000,Private      ,2,0,2,345,12,357
01175800,UNIV OF CAMBRIDGE - PETERHOUSE          ,FC,00000-0000,Public       ,0,0,0,1,8,9
01176400,ROYAL ACADEMY OF MUSIC                  ,FC,00000-0000,Public       ,0,0,0,10,19,29
01176500,GOLDSMITHS' COLLEGE-UNIV OF LONDON      ,FC,00000-0000,Public       ,0,2,2,32,179,211
01176600,UNIV OF LONDON - INST OF EDUC           ,FC,00000-0000,Public       ,0,0,0,2,39,41
01178000,BRUNEL UNIVERSITY                       ,FC,00000-0000,Public       ,0,0,0,4,40,44
01183800,UNIVERSITY OF OXFORD - MANSFIELD CO     ,FC,00000-0000,Public       ,0,0,0,0,2,2
01207500,UNIVERSITY CAMBRIDGE - TRINITY COLL     ,FC,00000-0000,Public       ,0,0,0,3,11,14
01207800,VICTORIA UNIV OF WELLINGTON             ,FC,00000-0000,Public       ,0,1,1,16,58,74
01209600,ECOLE HåTELIERE DE LAUSANNE             ,FC,00000-0000,Private      ,0,0,0,0,9,9
01210100,UNIVERSITY OF CAMBRIDGE - GIRTON CO     ,FC,00000-0000,Public       ,0,0,0,2,6,8
01213600,VICTORIA UNIV OF MANCHESTER (THE)       ,FC,00000-0000,Public       ,0,0,0,22,171,193
01219800,UNIVERSITY OF BRADFORD                  ,FC,00000-0000,Public       ,0,0,0,1,30,31
01220100,UNIVERSITY OF OXFORD - REGENT'S PAR     ,FC,00000-0000,Public       ,0,0,0,0,6,6
01220600,JAMES COOK UNIVERSITY                   ,FC,00000-0000,Public       ,0,0,0,37,87,124
01221500,BIRMINGHAM CITY UNIVERSITY              ,FC,00000-0000,Public       ,0,0,0,4,12,16
01222300,JAGIELLONIAN UNIVERSITY COLLEGIUM M     ,FC,00000-0000,Public       ,0,0,0,2,52,54
01222500,UNIVERSITY OF SZEGED FACULTY OF MEDICINE,FC,00000-0000,Public       ,0,0,0,1,8,9
01225800,ASTON UNIVERSITY                        ,FC,00000-0000,Public       ,0,0,0,3,14,17
01227500,UNIVERSITY OF OXFORD - WOLFSON COLL     ,FC,00000-0000,Public       ,0,0,0,0,27,27
01230200,GONVILLE & CAIUS COLLEGE                ,FC,00000-0000,Public       ,0,0,0,1,4,5
01233300,UNIV OF THE ARTS LONDON- CAMBERWELL COLL,FC,00000-0000,Public       ,0,0,0,10,15,25
01233500,ROYAL COLLEGE OF MUSIC                  ,FC,00000-0000,Public       ,0,0,0,6,23,29
01234100,UNIVERSITY OF WALES - ST DAVID'S UN     ,FC,00000-0000,Public       ,0,0,0,4,22,26
01236000,EDINBURGH COLLEGE OF ART                ,FC,00000-0000,Public       ,0,0,0,11,51,62
01242100,UNIV OF AUCKLAND                        ,FC,00000-0000,Public       ,0,2,2,21,101,122
01253900,UNIVERSITY OF THE ARTS LONDON IDO - CENT,FC,00000-0000,Public       ,0,0,0,45,82,127
01254000,UNIVERSIDAD DE NAVARRA                  ,FC,00000-0000,Private      ,1,0,1,6,16,22
01276500,UNIVERSITY OF OXFORD - LINACRE COLL     ,FC,00000-0000,Public       ,0,0,0,0,17,17
01276600,"NATIONAL UNIVERSITY IRELAND, GALWAY     ",FC,00000-0000,Public       ,0,0,0,28,80,108
01280200,PONTIFICIA UNIV CATOLICA MAD Y MAES     ,FC,00000-0000,Private      ,3,4,7,154,209,363
01281100,INST TECNOLOGICO DE SANTO DOMINGO       ,FC,00000-0000,Private      ,1,2,3,38,166,204
01283900,UNIVERSITY OF CAMBRIDGE - SAINT JOH     ,FC,00000-0000,Public       ,0,0,0,0,16,16
01286200,MOUNTVIEW ACADEMY OF THEATRE ARTS       ,FC,00000-0000,Private      ,0,1,1,1,6,7
01297800,UNIVERSITY OF HUDDERSFIELD (THE)        ,FC,00000-0000,Public       ,0,0,0,3,9,12
01315300,MASSEY UNIVERSITY                       ,FC,00000-0000,Public       ,0,0,0,8,104,112
01322500,COLLEGE OF LAW                          ,FC,00000-0000,Private      ,0,0,0,1,32,33
02052400,DARWIN COLLEGE                          ,FC,00000-0000,Public       ,0,0,0,0,15,15
02082400,UNIVERSITY OF CAMBRIDGE - QUEEN'S C     ,FC,00000-0000,Public       ,0,0,0,1,14,15
02083400,UNIVERSITY OF CAMBRIDGE - WOLFSON C     ,FC,00000-0000,Public       ,0,0,0,0,14,14
02087400,UNIVERSITY OF CAMBRIDGE - NEWNHAM C     ,FC,00000-0000,Public       ,0,0,0,2,10,12
02087900,OXFORD BROOKES UNIVERSITY               ,FC,00000-0000,Public       ,0,0,0,20,64,84
02094100,BEN-GURION UNIV                         ,FC,00000-0000,Public       ,0,0,0,3,154,157
02094400,UNIV OF CAMBRIDGE - ST EDMUND'S HOU     ,FC,00000-0000,Public       ,0,1,1,0,10,10
02095500,LONDON BUS SCHOOL                       ,FC,00000-0000,Private      ,0,2,2,1,160,161
02098700,FATIMA COLLEGE OF MEDICINE              ,FC,00000-0000,Private      ,0,1,1,8,90,98
02101900,ROEHAMPTON UNIVERSITY                   ,FC,00000-0000,Public       ,0,1,1,10,71,81
02108600,LONDON ACADEMY OF MUSIC & DRAMATIC      ,FC,00000-0000,Private      ,0,1,1,9,21,30
02115900,UNIVERSITY OF PORTSMOUTH                ,FC,00000-0000,Public       ,0,0,0,4,20,24
02116700,UNIVERSITY OF CAMBRIDGE - LUCY CAVE     ,FC,00000-0000,Public       ,0,0,0,0,10,10
02120000,UNIV OF LONDON - COURTALD INST OF A     ,FC,00000-0000,Public       ,0,0,0,0,38,38
02133400,UNIVERSITY OF CAMBRIDGE - SIDNEY SU     ,FC,00000-0000,Public       ,0,0,0,2,8,10
02142000,UNIVERSITY OF CAMBRIDGE - HOMERTON      ,FC,00000-0000,Public       ,0,0,0,0,7,7
02149700,UNIVERSITY OF WINCHESTER (THE)          ,FC,00000-0000,Public       ,0,0,0,6,9,15
02156800,UNIV OF OTAGO                           ,FC,00000-0000,Public       ,0,2,2,8,53,61
02162300,"IESE BUSINESS SCH, UNIV OF NAVARRA      ",FC,00000-0000,Private      ,0,0,0,5,79,84
02167400,UNIVERSITY OF CAMBRIDGE - CORPUS CH     ,FC,00000-0000,Public       ,0,0,0,0,7,7
02175700,OHR SOMAYACH INSTITUTIONS               ,FC,00000-0000,Private      ,0,0,0,0,4,4
02177700,KING'S COLLEGE- UNIV OF CAMBRIDGE       ,FC,00000-0000,Public       ,0,0,0,6,31,37
02180500,MIDDLESEX UNIVERSITY                    ,FC,00000-0000,Public       ,0,2,2,21,82,103
02181000,UNIVERSITY OF SOUTH AUSTRALIA           ,FC,00000-0000,Public       ,0,0,0,3,16,19
02183500,UNIV OF OXFORD - WYCLIFFE HALL          ,FC,00000-0000,Public       ,0,0,0,0,2,2
02186000,UNIVERSITY OF CAMBRIDGE - MAGDALENE     ,FC,00000-0000,Public       ,0,0,0,1,3,4
02186100,UNIVERSITY OF CAMBRIDGE - EMMANUEL      ,FC,00000-0000,Public       ,0,0,0,0,7,7
02189600,UNIVERSITY OF GRONINGEN                 ,FC,00000-0000,Public       ,0,0,0,3,24,27
02194800,UNIVERSITY OF THE WEST OF ENGLAND -     ,FC,00000-0000,Public       ,0,1,1,6,20,26
02195100,UNIV OF WESTMINSTER                     ,FC,00000-0000,Public       ,0,0,0,27,121,148
02196700,GUILDHALL SCHOOL OF MUSIC & DRAMA       ,FC,00000-0000,Public       ,0,1,1,8,15,23
02207300,UNIVERSITY OF CAMBRIDGE - CHRIST'S      ,FC,00000-0000,Public       ,0,0,0,1,4,5
02207400,CHINESE UNIVERSITY OF HONG KONG (THE)   ,FC,00000-0000,Public       ,0,1,1,10,44,54
02209500,UNIVERSITEIT UTRECHT                    ,FC,00000-0000,Public       ,0,1,1,8,72,80
02210000,UNIV OF LONDON - LONDON SCHOOL OF H     ,FC,00000-0000,Public       ,0,0,0,3,43,46
02212300,UNIVERSITY OF CAMBRIDGE - ROBINSON      ,FC,00000-0000,Public       ,0,0,0,0,3,3
02225300,UNIV OF CANTERBURY                      ,FC,00000-0000,Public       ,0,3,3,12,51,63
02229100,UNIVERSITY OF LEICESTER                 ,FC,00000-0000,Public       ,0,0,0,8,91,99
02229600,SACKLER SCHOOL OF MEDICINE              ,FC,00000-0000,Public       ,0,0,0,0,181,181
02232100,UNIVERSITY OF CAMBRIDGE                 ,FC,00000-0000,Public       ,0,0,0,3,27,30
02233300,"ST GEORGE'S UNIVERSITY, SCHOOL OF MEDICI",FC,00000-0000,Proprietary  ,0,7,7,10,3129,3139
02235300,LONDON METROPOLITAN UNIVERSITY          ,FC,00000-0000,Public       ,0,1,1,26,176,202
02244400,AMERICAN UNIV OF THE CARIBBEAN          ,FC,00000-0000,Proprietary  ,0,22,22,10,1417,1427
02257100,COVENTRY UNIVERSITY                     ,FC,00000-0000,Public       ,0,0,0,1,3,4
02266600,UNIVERSITY OF LONDON - SAINT GEORGE     ,FC,00000-0000,Public       ,0,0,0,2,18,20
02271700,UNIVERSITY OF CAMBRIDGE - CLARE HAL     ,FC,00000-0000,Public       ,0,0,0,0,12,12
02271800,UNIV OF OXFORD - CAMPION HALL           ,FC,00000-0000,Public       ,0,0,0,0,3,3
02271900,UNIVERSITY OF OXFORD - BLACKFRIARS      ,FC,00000-0000,Public       ,0,0,0,0,3,3
02272100,UNIV OF OXFORD - GREYFRIARS             ,FC,00000-0000,Public       ,0,0,0,0,1,1
02272200,UNIV OF CAMBRIDGE - NEW HALL            ,FC,00000-0000,Public       ,0,0,0,0,4,4
02273600,QUEEN'S UNIV OF BELFAST (THE)           ,FC,00000-0000,Public       ,0,0,0,16,81,97
02273900,HERIOT WATT UNIVERSITY                  ,FC,00000-0000,Public       ,0,3,3,6,40,46
02276700,NYENRODE BUSINESS UNIVERSITEIT          ,FC,00000-0000,Private      ,0,0,0,0,4,4
02293400,ECOLE DES HAUTES ETUDES COMERCIALS      ,FC,00000-0000,Public       ,0,1,1,0,58,58
02296300,UNIVERSITY OF CAMBRIDGE - JESUS COL     ,FC,00000-0000,Public       ,0,0,0,0,10,10
02310500,DE MONTFORT UNIVERSITY                  ,FC,00000-0000,Public       ,0,0,0,1,13,14
02320500,ROYAL NORTHERN COLLEGE OF MUSIC         ,FC,00000-0000,Public       ,0,0,0,2,6,8
02335100,UNIV OF CAMBRIDGE - TRINITY HALL        ,FC,00000-0000,Public       ,0,0,0,1,13,14
02338900,UNIVERSITY  FOR THE CREATIVE ARTS       ,FC,00000-0000,Public       ,0,1,1,1,3,4
02338903,KENT INSTITUTE OF ART & DESIGN          ,FC,00000-0000,Public       ,0,0,0,2,4,6
02351800,UNIVERSIDAD IBEROAMERICANA (UNIBE       ,FC,00000-0000,Private      ,1,2,3,145,1142,1287
02355200,ECOLE SUPERIEURE DE CUISINE FRANCAISE-FE,FC,00000-0000,Public       ,0,1,1,2,37,39
02363000,GSA CONSERVATOIRE                       ,FC,00000-0000,Private      ,0,0,0,1,3,4
02496700,NATIONAL FILM & TV SCHOOL               ,FC,00000-0000,Public       ,0,0,0,0,1,1
02502600,PECSI ORVOSTUDOMANYI EGYETEM (PECS      ,FC,00000-0000,Public       ,0,1,1,2,22,24
02545700,GLASGOW SCHOOL OF ART                   ,FC,00000-0000,Public       ,0,1,1,14,33,47
02561600,SOUTHAMPTON SOLENT UNIVERSITY           ,FC,00000-0000,Public       ,0,0,0,0,4,4
02579600,MURDOCH UNIVERSITY                      ,FC,00000-0000,Public       ,0,2,2,6,71,77
02588000,UNIVERSITY OF ULSTER                    ,FC,00000-0000,Public       ,0,0,0,4,17,21
02591800,CURTIN UNIVERSITY OF TECHNOLOGY         ,FC,00000-0000,Public       ,0,0,0,4,16,20
02592300,MILLTOWN INST OF THEOLOGY & PHILOSO     ,FC,00000-0000,Private      ,0,0,0,1,1,2
02604300,AALBORG UNIVERSITY                      ,FC,00000-0000,Public       ,0,0,0,2,14,16
02611500,HELSINKI SCH OF ECONOMICS & BUS ADM     ,FC,00000-0000,Public       ,0,0,0,1,6,7
02611600,ECOL NATIONAL DES PONTS ET CHAUSSEE     ,FC,00000-0000,Public       ,0,0,0,4,7,11
02611700,DUBLIN CITY UNIVERSITY                  ,FC,00000-0000,Public       ,0,0,0,6,37,43
02622500,DENMARKS TEKNISKE UNIVERSITET           ,FC,00000-0000,Public       ,0,0,0,0,7,7
02623200,UNIVERSITY OF NEWCASTLE (THE)           ,FC,00000-0000,Public       ,0,1,1,12,31,43
03012700,UNIVERSITY OF BUCKINGHAM                ,FC,00000-0000,Private      ,0,0,0,8,14,22
03029400,KEELE UNIVERSITY                        ,FC,00000-0000,Public       ,0,0,0,4,12,16
03029500,NORTHUMBRIA UNIVERSITY                  ,FC,00000-0000,Public       ,0,0,0,4,31,35
03029800,NORGES HANDELSHOYSKOLE                  ,FC,00000-0000,Public       ,0,0,0,1,16,17
03033300,MANCHESTER METROPOLITAN UNIV            ,FC,00000-0000,Public       ,0,0,0,14,44,58
03045000,UNIVERSITY OF EAST LONDON               ,FC,00000-0000,Public       ,0,1,1,8,50,58
03050100,STUDIO ART CENTERS INTERNATIONAL        ,FC,00000-0000,Private      ,0,1,1,20,40,60
03061000,CHALMERS TEKNISKA HOGSKOLA AB           ,FC,00000-0000,Private      ,0,0,0,1,6,7
03066800,PONTIFICIO ATENEO DELLA SANTA CROCE     ,FC,00000-0000,Private      ,0,0,0,0,13,13
03067200,UNIVERSITY OF SYDNEY                    ,FC,00000-0000,Public       ,0,1,1,30,280,310
03073800,UNIV OF DEBRECEN MED & HEALTH SCI       ,FC,00000-0000,Public       ,0,0,0,4,27,31
03080300,SHEFFIELD HALLAM UNIVERSITY             ,FC,00000-0000,Public       ,0,1,1,1,12,13
03084300,UNIVERSITY OF LIMERICK                  ,FC,00000-0000,Public       ,0,0,0,11,37,48
03088700,ROYAL SCOTTISH ACAD MUSIC & DRAMA       ,FC,00000-0000,Public       ,0,0,0,16,20,36
03091400,UNIVERSITY OF WOLLONGONG                ,FC,00000-0000,Public       ,0,0,0,6,32,38
03091500,UNIVERSITY OF CANBERRA                  ,FC,00000-0000,Public       ,0,0,0,6,15,21
03091700,KAROL MARCINKOWSKI UNIV OF MED SCI      ,FC,00000-0000,Public       ,0,1,1,12,224,236
03092500,NOTTINGHAM TRENT UNIVERSITY             ,FC,00000-0000,Public       ,0,0,0,7,24,31
03095000,RMIT UNIVERSITY                         ,FC,00000-0000,Public       ,0,0,0,7,39,46
03095400,BOND UNIVERSITY                         ,FC,00000-0000,Private      ,0,2,2,42,102,144
03095900,ESSEC BUSINESS SCHOOL                   ,FC,00000-0000,Private      ,0,0,0,0,21,21
03096100,LA TROBE UNIVERSITY                     ,FC,00000-0000,Public       ,0,1,1,11,35,46
03096900,DEAKIN UNIVERSITY                       ,FC,00000-0000,Public       ,0,0,0,4,20,24
03097100,UNIVERSITY OF WESTERN SYDNEY            ,FC,00000-0000,Public       ,0,0,0,4,13,17
03097300,VICTORIA UNIVERSITY OF TECHNOLOGY       ,FC,00000-0000,Public       ,0,0,0,3,16,19
03097500,CENTRAL QUEENSLAND UNIVERSITY           ,FC,00000-0000,Public       ,0,0,0,3,7,10
03100000,UNIVERSITY OF ADELAIDE (THE)            ,FC,00000-0000,Public       ,0,0,0,7,29,36
03100200,INST DE MANAGEMENT HOTELIER INTERNA     ,FC,00000-0000,Private      ,0,0,0,0,1,1
03101600,ASIAN INSTITUTE OF MANAGEMENT           ,FC,00000-0000,Private      ,0,0,0,5,10,15
03102500,AMERICAN UNIVERSITY OF ROME             ,FC,00000-0000,Private      ,1,2,3,101,65,166
03102800,ROBERT GORDON UNIVERSITY (THE)          ,FC,00000-0000,Public       ,0,0,0,0,26,26
03104800,GRIFFITH UNIVERSITY                     ,FC,00000-0000,Public       ,0,0,0,16,58,74
03104801,GRIFFITH UNIVERSITY - MOUNT GRAVATT CAMP,FC,00000-0000,Public       ,0,0,0,3,7,10
03104802,GRIFFITH UNIVERSITY - GOLD COAST CAMPUS ,FC,00000-0000,Public       ,0,0,0,3,10,13
03104803,GRIFFITH UNIVERSITY - QUEENSLAND CONSERV,FC,00000-0000,Public       ,0,0,0,1,8,9
03104804,GRIFFITH UNIVERSITY - QUEENSLAND COLLEGE,FC,00000-0000,Public       ,0,0,0,6,8,14
03104805,GRIFFITH UNIVERSITY - LOGAN CAMPUS      ,FC,00000-0000,Public       ,0,0,0,1,1,2
03136300,AUSTRALIAN CATHOLIC UNIVERSITY          ,FC,00000-0000,Public       ,0,0,0,5,16,21
03140300,EDITH COWAN UNIVERSITY                  ,FC,00000-0000,Public       ,0,1,1,3,20,23
03140400,NORTHERN TERRITORY UNIVERSITY           ,FC,00000-0000,Public       ,0,0,0,0,2,2
03140500,QUEENSLAND UNIVERSITY OF TECHNOLOGY     ,FC,00000-0000,Public       ,0,0,0,5,39,44
03140600,SOUTHERN CROSS UNIVERSITY               ,FC,00000-0000,Public       ,0,0,0,3,18,21
03140700,SWINBURNE UNIVERSITY OF TECHNOLOGY      ,FC,00000-0000,Public       ,0,0,0,8,18,26
03140900,UNIVERSITY OF BALLARAT                  ,FC,00000-0000,Public       ,0,0,0,0,1,1
03150300,UNIVERSITY OF TASMANIA                  ,FC,00000-0000,Public       ,0,0,0,7,12,19
03150400,"UNIVERSITY OF TECHNOLOGY, SYDNEY        ",FC,00000-0000,Public       ,0,1,1,8,47,55
03274300,"KUNGLIGA TEKNISKA HOGSKOLAN, KTH        ",FC,00000-0000,Public       ,0,0,0,3,24,27
03287300,LIVERPOOL INSTITUTE FOR PERFORMING ARTS ,FC,00000-0000,Public       ,0,0,0,23,4,27
03300300,"2ND SCHOOL OF MEDICINE, CHARLES UNI     ",FC,00000-0000,Public       ,0,0,0,0,2,2
03300400,"FIRST FACULTY OF MEDICINE, CHARLES UNIV.",FC,00000-0000,Public       ,0,1,1,2,28,30
03329300,JOHN CABOT UNIVERSITY                   ,FC,00000-0000,Private      ,0,0,0,157,28,185
03332400,AGRICULTURE UNIVERSITY OF WROCLAW       ,FC,00000-0000,Public       ,0,1,1,1,2,3
03333300,MEDICAL UNIVERSITY SCHOOL OF LUBLIN     ,FC,00000-0000,Public       ,0,4,4,11,254,265
03334300,UNIVERSIDAD NORDESTANA                  ,FC,00000-0000,Private      ,0,4,4,7,80,87
03335300,MEDICAL UNIVERSITY OF SILESIA           ,FC,00000-0000,Public       ,0,2,2,7,108,115
03349400,"QUEEN MARGARET UNIVERSITY COLLEGE, EDINB",FC,00000-0000,Public       ,0,0,0,3,19,22
03350300,BOURNEMOUTH UNIVERSITY                  ,FC,00000-0000,Public       ,0,0,0,8,24,32
03352300,LONDON SOUTH BANK UNIVERSITY            ,FC,00000-0000,Private      ,0,0,0,12,39,51
03363300,THE ARTS EDUCATIONAL SCHOOLS LONDON     ,FC,00000-0000,Private      ,0,1,1,0,1,1
03364300,"FACULTY OF MEDICINE, PALACKY UNIVER     ",FC,00000-0000,Public       ,0,0,0,1,6,7
03365400,AUCKLAND INSTITUTE OF TECHNOLOGY        ,FC,00000-0000,Public       ,0,1,1,5,21,26
03377300,"UNIVERSITY OF WALES INSTITUTE, CARD     ",FC,00000-0000,Public       ,0,0,0,2,13,15
03378300,"THE 3RD FACULTY OF MEDICINE, CHARLE     ",FC,00000-0000,Public       ,0,0,0,0,3,3
03386300,CHARLES UNIVERSITY-MEDICAL FACULTY      ,FC,00000-0000,Public       ,0,0,0,1,8,9
03406300,"THE SCHOOL OF PHARMACY, UNIVERSITY      ",FC,00000-0000,Public       ,0,0,0,0,5,5
03418400,NAPIER UNIVERSITY                       ,FC,00000-0000,Public       ,0,0,0,4,25,29
03435300,ANGLIA POLYTECHNIC UNIVERSITY HIGHE     ,FC,00000-0000,Public       ,0,0,0,6,11,17
03460300,INTERNATIONALES THEOLOGISCHES INSTI     ,FC,00000-0000,Private      ,0,0,0,2,18,20
03462400,UNIV OF ARTS LONDON - LON COLL OF COMMUN,FC,00000-0000,Public       ,0,0,0,20,47,67
03466300,INSTITUTO CENTROAMERICANO DE ADMINI     ,FC,00000-0000,Private      ,0,0,0,0,11,11
03473300,UNIV OF ARTS LONDON - LON COLL FASHION  ,FC,00000-0000,Public       ,0,0,0,45,74,119
03475300,UNIV OF THE ARTS  LONDON - CHELSEA COLL ,FC,00000-0000,Public       ,0,0,0,13,24,37
03478300,ROYAL WELSH COLLEGE OF MUSIC AND DRAMA  ,FC,00000-0000,Public       ,0,0,0,6,8,14
03492300,UNIVERSITY OF OXFORD - GREEN TEMPLETON C,FC,00000-0000,Public       ,0,0,0,0,4,4
03492400,UNIV OF CAMBRIDGE-ST CATHERINE'S CG     ,FC,00000-0000,Public       ,0,0,0,0,4,4
03494400,UNIV OF CAMBRIDGE-SELWYN COLLEGE        ,FC,00000-0000,Public       ,0,0,0,0,6,6
03494500,UNIV OF OXFORD-SAINT BENET'S HALL       ,FC,00000-0000,Public       ,0,0,0,0,1,1
03494600,UNIV OF OXFORD-HARRIS MANCHESTER        ,FC,00000-0000,Public       ,0,0,0,2,6,8
03500300,WIMBLEDON COLLEGE OF ART                ,FC,00000-0000,Public       ,0,0,0,9,6,15
03501400,LEEDS METROPOLITAN UNIVERSITY           ,FC,00000-0000,Public       ,0,0,0,6,24,30
03507300,UNIVERSITY OF SUNDERLAND                ,FC,00000-0000,Public       ,0,0,0,3,8,11
03515300,UNIVERSITY OF CENTRAL LANCASHIRE        ,FC,00000-0000,Public       ,0,0,0,7,19,26
03517300,UNIVERSITY OF BRIGHTON                  ,FC,00000-0000,Public       ,0,0,0,9,25,34
03518300,EUROPEAN GRADUATE SCHOOL                ,FC,00000-0000,Private      ,0,20,20,0,125,125
03526300,INST CENTROAMERICANO DE ADM DE EMP      ,FC,00000-0000,Private      ,0,0,0,3,5,8
03527300,SOFIA UNIVERSITY ST. KLIMENT OHRIDSKI   ,FC,00000-0000,Public       ,0,0,0,0,4,4
03533300,BATH SPA UNIVERSITY                     ,FC,00000-0000,Public       ,0,0,0,7,23,30
03547300,UNIVERSITY OF GLAMORGAN                 ,FC,00000-0000,Public       ,0,0,0,4,9,13
03580300,LIVERPOOL JOHN MOORES UNIVERSITY        ,FC,00000-0000,Public       ,0,0,0,7,12,19
03589400,ARTS INSTITUTE AT BOURNEMOUTH (THE)     ,FC,00000-0000,Public       ,0,1,1,6,10,16
03590300,AVONDALE COLLEGE LIMITED                ,FC,00000-0000,Private      ,0,0,0,10,4,14
03594300,GROUP ESC GRENOBLE GRAD SCH OF BUS.     ,FC,00000-0000,Private      ,0,1,1,1,47,48
03597300,JAGIELLONIAN UNIVERSITY                 ,FC,00000-0000,Public       ,0,0,0,0,33,33
03601300,UNIVERSITAT JAUME I DE CASTELLO/UJI     ,FC,00000-0000,Public       ,0,0,0,1,5,6
03603300,LEEDS COLLEGE OF MUSIC                  ,FC,00000-0000,Public       ,0,0,0,2,1,3
03619300,UNIVERSITY OF GREENWICH                 ,FC,00000-0000,Public       ,0,0,0,8,45,53
03653400,UNIVERSIDAD DE IBEROAMERICA - UNIBE     ,FC,00000-0000,Private      ,0,0,0,2,23,25
03674300,UNIVERSITY OF ABERTAY DUNDEE            ,FC,00000-0000,Public       ,0,0,0,1,7,8
03684400,UNIVERSITY OF LINCOLN                   ,FC,00000-0000,Public       ,0,0,0,2,13,15
03684500,MEDICAL UNIVERSITY OF GDANSK            ,FC,00000-0000,Public       ,0,0,0,3,24,27
03685300,UNIVERSITAT POMPEU FABRA                ,FC,00000-0000,Public       ,0,0,0,4,52,56
03716300,"UNIVERSITY OF WALES, NEWPORT            ",FC,00000-0000,Public       ,0,0,0,2,9,11
03721300,WRITTLE COLLEGE                         ,FC,00000-0000,Public       ,0,0,0,2,1,3
03727400,UNIVERSITY OF WAIKATO (THE)             ,FC,00000-0000,Public       ,0,1,1,10,9,19
03738300,LONDON SCHOOL OF THEOLOGY               ,FC,00000-0000,Private      ,0,0,0,0,6,6
03741300,ALRA (ACADEMY OF LIVE AND RECORDED ARTS),FC,00000-0000,Private      ,0,0,0,1,6,7
03770300,NAZARENE THEOLOGICAL COLLEGE            ,FC,00000-0000,Private      ,0,0,0,0,13,13
03794400,ANGLO EUROPEAN COLLEGE OF CHIROPRACTIC  ,FC,00000-0000,Private      ,0,1,1,0,4,4
03807300,ROSE BRUFORD COLLEGE                    ,FC,00000-0000,Public       ,0,0,0,1,0,1
03816400,AMERICAN GRAD SCH OF INTERNTL REL & DIPL,FC,00000-0000,Private      ,0,0,0,6,86,92
03818300,LEIPZIG GRADUATE SCHOOL OF MANAGEMENT   ,FC,00000-0000,Private      ,0,0,0,0,18,18
03824300,"ROYAL VETERINARY COLLEGE (THE), UNIVERSI",FC,00000-0000,Public       ,0,1,1,4,119,123
03850400,UNIVERSITY OF NOTRE DAME AUSTRALIA (THE),FC,00000-0000,Private      ,0,0,0,1,1,2
03850500,MEDICAL UNIVERSITY OF LODZ              ,FC,00000-0000,Public       ,0,0,0,5,73,78
03859400,UNIVERSITY COLLEGE FALMOUTH             ,FC,00000-0000,Public       ,0,0,0,5,8,13
03867300,UNIVERSITAT AUTONOMA DE BARCELONA       ,FC,00000-0000,Public       ,0,0,0,1,24,25
03880300,UNIVERSITY OF GLOUCESTERSHIRE (THE)     ,FC,00000-0000,Public       ,0,0,0,2,11,13
03897400,INTERNATIONAL SPACE UNIVERSITY          ,FC,00000-0000,Private      ,0,0,0,1,9,10
03926400,NATIONAL COLLEGE OF ART AND DESIGN      ,FC,00000-0000,Public       ,0,1,1,3,7,10
03941301,AVE MARIA UNIVERSITY - LATIN AMERICA    ,FC,00000-0000,Private      ,2,0,2,207,33,240
03974300,"ST. GEORGE'S UNIVERSITY, SCHOOL OF VETER",FC,00000-0000,Proprietary  ,0,101,101,0,216,216
03978300,SPURGEON'S COLLEGE                      ,FC,00000-0000,Private      ,0,0,0,1,0,1
03993400,TRINITY UNIVERSITY COLLEGE CARMARTHEN   ,FC,00000-0000,Public       ,0,0,0,0,2,2
04021400,"AMERICAN COLLEGE, DUBLIN LIMITED (THE)  ",FC,00000-0000,Private      ,0,0,0,8,14,22
04021500,CENTRAL EUROPEAN UNIVERSITY             ,FC,00000-0000,Private      ,0,0,0,5,82,87
04032300,YORK ST JOHN UNIVERSITY                 ,FC,00000-0000,Public       ,0,0,0,2,3,5
04046300,HK UNIVERSITY OF SCI & TECH (HKUST)     ,FC,00000-0000,Public       ,0,0,0,1,22,23
04070300,"RAPHAEL RECANATI INTERNATIONAL SCHOOL, T",FC,00000-0000,Private      ,4,2,6,65,76,141
04085400,NEW ZEALAND COLLEGE OF CHIROPRACTIC     ,FC,00000-0000,Private      ,0,1,1,0,3,3
04113300,LEBANESE AMERICAN UNIVERSITY            ,FC,00000-0000,Private      ,1,0,1,18,11,29
04115900,LIVERPOOL HOPE UNIVERSITY               ,FC,00000-0000,Public       ,0,1,1,5,15,20
04116300,EDHEC BUSINESS SCHOOL                   ,FC,00000-0000,Private      ,0,0,0,1,19,20
04121400,ISAPZURICH (INTERNATIONAL SCHOOL OF ANAL,FC,00000-0000,Private      ,0,0,0,1,6,7
04128600,UNIVERSITY OF WORCESTER                 ,FC,00000-0000,Public       ,0,0,0,2,2,4
04139100,UNIVERSITA DEGLI STUDI DI SCIENZE GASTRO,FC,00000-0000,Private      ,0,1,1,2,39,41
04143700,ST MARY'S UNIVERSITY COLLEGE TWICKENHAM ,FC,00000-0000,Public       ,0,0,0,3,103,106
00380600,ALDERSON-BROADDUS COLLEGE               ,WV,26416-1051,Private      ,1,15,16,830,301,1131
00380700,MOUNTAIN STATE UNIVERSITY               ,WV,25801-5624,Private      ,17,183,200,1493,8096,9589
00380800,BETHANY COLLEGE                         ,WV,26032-0417,Private      ,1,0,1,1355,157,1512
00380900,BLUEFIELD STATE COLLEGE                 ,WV,24701-2198,Public       ,6,37,43,1256,1870,3126
00381000,CONCORD UNIVERSITY                      ,WV,24712-0000,Public       ,9,22,31,3032,1299,4331
00381100,DAVIS & ELKINS COLLEGE                  ,WV,26241-3996,Private      ,0,4,4,902,362,1264
00381200,FAIRMONT STATE UNIVERSITY               ,WV,26554-2470,Public       ,12,92,104,5091,4225,9316
00381300,GLENVILLE STATE COLLEGE                 ,WV,26351-1292,Public       ,5,11,16,1376,660,2036
00381500,MARSHALL UNIVERSITY                     ,WV,25755-3300,Public       ,29,125,154,9559,7576,17135
00381600,SOUTHERN WV COMMUNITY COLLEGE           ,WV,25637-2900,Public       ,6,20,26,1144,1378,2522
00381800,UNIVERSITY OF CHARLESTON                ,WV,25304-1099,Private      ,7,6,13,1587,916,2503
00381900,OHIO VALLEY COLLEGE                     ,WV,26105-8000,Private      ,1,5,6,482,230,712
00382000,SALEM INTERNATIONAL UNIVERSITY          ,WV,26426-0500,Proprietary  ,7,50,57,361,1235,1596
00382200,SHEPHERD UNIVERSITY                     ,WV,25443-3210,Public       ,6,11,17,3861,1599,5460
00382300,WEST LIBERTY UNIVERSITY                 ,WV,26074-0295,Public       ,2,12,14,2899,896,3795
00382600,WEST VIRGINIA STATE UNIVERSITY          ,WV,25112-0000,Public       ,6,24,30,2676,2825,5501
00382700,WEST VIRGINIA UNIVERSITY                ,WV,26506-6201,Public       ,49,121,170,24872,9996,34868
00382711,WEST VIRGINIA UNIVERSITY - POTOMAC STATE,WV,26726-3000,Public       ,5,18,23,1743,595,2338
00382721,WEST VIRGINIA UNIV INST OF TECH         ,WV,25136-2436,Public       ,3,8,11,1076,453,1529
00382800,WEST VIRGINIA UNIV AT PARKERSBURG       ,WV,26101-9577,Public       ,13,96,109,1733,3783,5516
00383000,WEST VIRGINIA WESLEYAN COLLEGE          ,WV,26201-2600,Private      ,1,2,3,1902,297,2199
00383100,WHEELING JESUIT UNIVERSITY              ,WV,26003-6243,Private      ,3,21,24,1255,752,2007
00500700,WEST VIRGINIA JUNIOR COLLEGE            ,WV,26505-5596,Proprietary  ,5,12,17,162,295,457
00500800,MOUNTAIN STATE COLLEGE                  ,WV,26101-3993,Proprietary  ,2,20,22,94,415,509
00754400,APPALACHIAN BIBLE COLLEGE               ,WV,25818-1353,Private      ,0,0,0,267,75,342
00757800,HUNTINGTON SCHOOL OF BEAUTY CULTURE     ,WV,25705-2030,Proprietary  ,0,14,14,51,179,230
00760000,INTERNATIONAL BEAUTY SCHOOL             ,WV,25401-3231,Proprietary  ,12,30,42,52,185,237
00835500,JAMES RUMSEY TECHNICAL INSTITUTE        ,WV,25403-0259,Public       ,1,1,2,94,333,427
00895900,CLARKSBURG BEAUTY ACADEMY               ,WV,26301-2903,Proprietary  ,7,8,15,71,103,174
00904700,HUNTINGTON JUNIOR COLLEGE               ,WV,25701-2004,Proprietary  ,20,94,114,266,1681,1947
00905400,WEST VIRGINIA NORTHERN CMTY COLLEGE     ,WV,26003-0000,Public       ,14,84,98,1259,3036,4295
01014000,MINERAL COUNTY VOCATIONAL TECH CTR      ,WV,26726-0000,Public       ,0,0,0,13,57,70
01035600,EVEREST INSTITUTE                       ,WV,25313-1304,Proprietary  ,7,40,47,216,1244,1460
01057300,WEST VIRGINIA JUNIOR COLLEGE            ,WV,25322-0000,Proprietary  ,2,13,15,193,452,645
01057302,WEST VIRGINIA JUNIOR COLLEGE            ,WV,26330-0000,Proprietary  ,10,39,49,218,477,695
01086100,WEST VIRGINIA BUSINESS COLLEGE          ,WV,26301-0000,Proprietary  ,0,22,22,44,278,322
01124500,WEST VIRGINIA SCH OSTEOPATHIC MED       ,WV,24901-1128,Public       ,0,2,2,7,870,877
01174900,WOOD COUNTY SCH OF PRAC NURSING         ,WV,26101-6424,Public       ,2,11,13,33,122,155
01235900,B M SPURR SCHOOL OF PRAC NURSING        ,WV,26038-1660,Private      ,0,0,0,14,27,41
01257300,WEST VIRGINIA UNIV-HOSP-RAD TECH        ,WV,26506-8062,Private      ,1,1,2,75,87,162
01274300,BENJAMIN FRANKLIN CAREER&TECH           ,WV,25064-0000,Public       ,0,3,3,70,208,278
01290400,MONONGALIA CNTY TECH ED CTR             ,WV,26501-6841,Public       ,0,1,1,66,164,230
01290500,ACADEMY OF CAREERS AND TECHNOLOGY       ,WV,25801-0000,Public       ,3,5,8,87,372,459
02057400,ROANE-JACKSON TECHNICAL CENTER          ,WV,25252-0000,Public       ,4,13,17,29,98,127
02068000,UNITED TECHNICAL CENTER                 ,WV,26301-0000,Public       ,0,2,2,36,133,169
02070100,BECKLEY BEAUTY ACADEMY                  ,WV,25801-0000,Proprietary  ,0,2,2,35,97,132
02073400,CARVER CAREER TECH ED CTR               ,WV,25306-6397,Public       ,1,2,3,184,343,527
02145100,SCOTT COLLEGE OF COSMETOLOGY            ,WV,26003-0000,Proprietary  ,1,3,4,69,66,135
02178200,CHARLESTON SCHOOL OF BEAUTY CULTURE     ,WV,25301-0000,Proprietary  ,1,13,14,49,172,221
02218200,GARNET CAREER CENTER                    ,WV,25301-0000,Public       ,5,29,34,106,432,538
02275300,CABELL COUNTY CAREER TECHNOLOGY CTR     ,WV,25705-0000,Public       ,2,19,21,108,257,365
02524500,RALPH R WILLIS VOCATIONAL CENTER        ,WV,25601-0000,Public       ,0,2,2,23,59,82
02534800,FRED W EBERLE TECHNICAL CENTER          ,WV,26201-0000,Public       ,0,1,1,66,177,243
02535500,MERCER COUNTY TECH EDUC CNTR            ,WV,24740-0000,Public       ,0,5,5,73,206,279
02579900,NORTH CENTRAL OPPORTUNITIES INDUSTRIALIZ,WV,26554-2936,Private      ,1,10,11,35,166,201
02609400,VALLEY COLLEGE                          ,WV,25404-5711,Proprietary  ,1,9,10,32,200,232
03052000,MEREDITH MANOR EQUESTRIAN CENTRE        ,WV,26184-9707,Proprietary  ,0,1,1,228,135,363
03076500,FAYETTE INSTITUTE OF TECHNOLOGY         ,WV,25901-2174,Public       ,0,0,0,28,100,128
03084200,VALLEY COLLEGE                          ,WV,24740-3141,Proprietary  ,0,7,7,19,99,118
03084400,VALLEY COLLEGE                          ,WV,25801-2643,Proprietary  ,0,13,13,28,163,191
03098300,PUTNAM CAREER & TECHNICAL CENTER        ,WV,25070-0000,Public       ,0,3,3,33,110,143
03099200,"MOUNTAINEER BEAUTY COLLEGE, INC         ",WV,25177-2917,Proprietary  ,0,1,1,44,89,133
03102100,MORGANTOWN BEAUTY COLLEGE               ,WV,26505-5430,Proprietary  ,1,6,7,62,129,191
03123200,STANLEY TECHNICAL INSTITUTE             ,WV,26505-3751,Private      ,0,0,0,12,75,87
03327500,SOUTH BRANCH VOCATIONAL TECH CENTER     ,WV,26847-1698,Public       ,0,0,0,12,39,51
03734300,JOHN D. ROCKEFELLER IV CAREER CENTER    ,WV,26047-9424,Public       ,1,1,2,7,36,43
03819300,AMERICAN PUBLIC UNIVERSITY SYSTEM       ,WV,25414-1621,Proprietary  ,74,2268,2342,908,25763,26671
03957300,BLUE RIDGE COMMUNITY AND TECHNICAL COLLE,WV,25401-3244,Public       ,13,66,79,805,2052,2857
03960300,NEW RIVER COMMUNITY AND TECHNICAL COLLEG,WV,25801-2636,Public       ,15,69,84,1079,2923,4002
04028300,MOUNTAIN STATE SCHOOL OF MASSAGE        ,WV,25304-2025,Proprietary  ,0,4,4,23,69,92
04038500,PIERPONT COMMUNITY & TECHNICAL COLLEGE  ,WV,26554-2451,Public       ,15,58,73,1344,1656,3000
04038600,KANAWHA VALLEY COMMUNITY & TECH COLLEGE ,WV,25112-1000,Public       ,7,28,35,639,1674,2313
04041400,MOUNTWEST COMMUNITY AND TECHNICAL COLLEG,WV,25755-3300,Public       ,11,53,64,1104,2300,3404
04047300,BRIDGEMONT COMMUNITY & TECHNICAL COLLEGE,WV,25136-2435,Public       ,2,4,6,440,386,826
04119000,EASTERN WEST VIRGINIA COMMUNITY & TECHNI,WV,26836-0000,Public       ,2,26,28,139,498,637
00106100,ALASKA PACIFIC UNIVERSITY               ,AK,99508-4672,Private      ,2,18,20,436,858,1294
00106300,UNIVERSITY OF ALASKA FAIRBANKS          ,AK,99775-7500,Public       ,35,108,143,2891,4126,7017
00106500,UNIVERSITY OF ALASKA SOUTHEAST          ,AK,99801-8680,Public       ,1,56,57,769,1613,2382
00884300,ALASKA BIBLE COLLEGE                    ,AK,99588-0000,Private      ,0,2,2,19,39,58
01146200,UNIVERSITY OF ALASKA ANCHORAGE          ,AK,99514-1608,Public       ,55,191,246,5964,9662,15626
02541000,CAREER ACADEMY                          ,AK,99507-0000,Proprietary  ,15,70,85,179,886,1065
02576900,CHARTER COLLEGE                         ,AK,99508-0000,Proprietary  ,79,399,478,870,4283,5153
03160300,AVTEC                                   ,AK,99664-0889,Public       ,1,15,16,206,452,658
03461300,ILISAGVIK COLLEGE                       ,AK,99723-0749,Public       ,0,2,2,22,86,108
04138600,ALASKA CHRISTIAN COLLEGE                ,AK,99669-9755,Private      ,0,3,3,35,44,79
00108500,UNIV ARKANSAS MONTICELLO                ,AR,71656-0000,Public       ,67,90,157,2476,2671,5147
00108600,UNIV OF ARKANSAS AT PINE BLUFF          ,AR,71601-2790,Public       ,54,31,85,4356,2255,6611
00108700,ARKANSAS BAPTIST COLLEGE                ,AR,72202-6099,Private      ,25,21,46,1093,1298,2391
00108800,LYON COLLEGE                            ,AR,72501-3699,Private      ,2,2,4,900,183,1083
00108900,ARKANSAS TECH UNIVERSITY                ,AR,72801-2222,Public       ,27,51,78,6711,4812,11523
00109000,ARKANSAS STATE UNIVERSITY               ,AR,72467-0000,Public       ,64,426,490,9102,12169,21271
00109002,ARKANSAS STATE UNIVERSITY - NEWPORT     ,AR,72112-1120,Public       ,0,0,0,26,84,110
00109003,ARKANSAS STATE UNIVERSITY - MOUNTAIN HOM,AR,72653-4405,Public       ,0,0,0,61,104,165
00109006,DELTA TECHNICAL INSTITUTE               ,AR,72365-9558,Public       ,0,3,3,78,175,253
00109100,ARKANSAS STATE UNIVERSITY - BEEBE       ,AR,72012-1000,Public       ,18,86,104,2226,3675,5901
00109200,UNIVERSITY OF CENTRAL ARKANSAS          ,AR,72035-0001,Public       ,77,113,190,9357,5208,14565
00109300,CENTRAL BAPTIST COLLEGE                 ,AR,72034-6470,Private      ,5,10,15,549,493,1042
00109400,UNIVERSITY OF THE OZARKS                ,AR,72830-2880,Private      ,1,2,3,807,199,1006
00109500,CROWLEYS RIDGE COLLEGE                  ,AR,72450-9775,Private      ,0,1,1,209,149,358
00109700,HARDING UNIVERSITY                      ,AR,72149-0001,Private      ,19,44,63,3824,1938,5762
00109800,HENDERSON STATE UNIVERSITY              ,AR,71999-0001,Public       ,28,33,61,3736,2027,5763
00109900,HENDRIX COLLEGE                         ,AR,72032-3080,Private      ,3,4,7,2237,254,2491
00110000,JOHN BROWN UNIVERSITY                   ,AR,72761-2747,Private      ,2,15,17,1407,1280,2687
00110100,UNIV ARKANSAS LITTLE ROCK               ,AR,72204-1099,Public       ,46,232,278,5418,11502,16920
00110200,OUACHITA BAPTIST UNIVERSITY             ,AR,71998-0001,Private      ,2,4,6,1864,193,2057
00110300,PHILANDER SMITH COLLEGE                 ,AR,72202-3718,Private      ,13,13,26,1053,933,1986
00110400,PHILLIPS COUNTY COMMUNITY COLLEGE       ,AR,72342-0000,Public       ,84,35,119,682,1219,1901
00110401,RICE BELT TECH INST                     ,AR,72042-0000,Public       ,0,0,0,5,14,19
00110600,WILLIAMS BAPTIST COLLEGE                ,AR,72476-4661,Private      ,0,0,0,602,243,845
00110700,SOUTHERN ARKANSAS UNIVERSITY            ,AR,71754-0000,Public       ,27,41,68,2715,2043,4758
00110800,UNIV ARKANSAS FAYETTEVILLE              ,AR,72701-0000,Public       ,68,123,191,14637,7242,21879
00110900,UNIVERSITY OF ARKANSAS FOR MEDICAL SCIEN,AR,72205-7102,Public       ,5,30,35,653,2298,2951
00110901,UNIVERSITY OF ARKANSAS FOR MEDICAL SCIEN,AR,71603-7000,Public       ,4,4,8,114,874,988
00111000,UNIVERSITY OF ARKANSAS-FORT SMITH       ,AR,72904-7397,Public       ,37,97,134,4468,5340,9808
00524500,U OF A COMM COLLEGE AT MORRILTON        ,AR,72110-9601,Public       ,13,46,59,1405,2273,3678
00570700,SEARK COLLEGE                           ,AR,71603-0000,Public       ,32,117,149,883,2577,3460
00573200,UNIV AR COMMUNITY COLLEGE AT HOPE       ,AR,71801-0000,Public       ,13,44,57,610,1535,2145
00704400,CROWLEYS RIDGE TECHNICAL INSTITUTE      ,AR,72336-0000,Public       ,3,4,7,151,370,521
00732967,ITT TECHNICAL INSTITUTE                 ,AR,72204-7739,Proprietary  ,6,49,55,401,1178,1579
00773800,SOUTHERN ARKANSAS UNIVERSITY TECH       ,AR,71701-1900,Public       ,10,37,47,569,1099,1668
00792100,PAUL MITCHELL THE SCHOOL ARKANSAS       ,AR,72701-0000,Proprietary  ,1,6,7,80,150,230
00997600,OUACHITA TECHNICAL COLLEGE              ,AR,72104-0816,Public       ,2,21,23,419,1261,1680
01074100,MELLIE'S BEAUTY COLLEGE                 ,AR,72901-3886,Proprietary  ,1,10,11,53,208,261
01210500,NATIONAL PARK COMMUNITY COLLEGE         ,AR,71913-9174,Public       ,31,108,139,1392,3494,4886
01226000,EAST ARKANSAS COMMUNITY COLLEGE         ,AR,72335-2204,Public       ,16,31,47,619,1171,1790
01226100,NORTH ARKANSAS COLLEGE                  ,AR,72601-5508,Public       ,11,40,51,1115,2233,3348
01286000,ARKANSAS NORTHEASTERN COLLEGE           ,AR,72316-1109,Public       ,56,72,128,935,2002,2937
02052200,BLACK RIVER TECHNICAL COLLEGE           ,AR,72455-0000,Public       ,14,74,88,896,2521,3417
02073500,UNIVERSITY OF ARKANSAS COMMUNITY COLLEGE,AR,72503-0000,Public       ,24,38,62,733,1652,2385
02073700,NORTHWEST TECHNICAL INSTITUTE           ,AR,72765-0000,Public       ,2,8,10,234,685,919
02074600,SOUTH ARKANSAS COMMUNITY COLLEGE        ,AR,71731-0000,Public       ,16,76,92,649,1986,2635
02075300,PULASKI TECHNICAL COLLEGE               ,AR,72118-0000,Public       ,47,254,301,4145,14618,18763
02087000,OZARKA COLLEGE                          ,AR,72556-0000,Public       ,13,43,56,427,1552,1979
02111100,RICH MOUNTAIN COMMUNITY COLLEGE         ,AR,71953-0000,Public       ,5,22,27,388,800,1188
02202400,PROFESSIONAL COSMETOLOGY EDUC CTR       ,AR,71730-5828,Proprietary  ,0,0,0,16,102,118
02220900,COSSATOT COMMUNITY COLLEGE              ,AR,71832-0000,Public       ,9,30,39,503,1236,1739
02260400,BEE JAY'S HAIRSTYLING ACADEMY           ,AR,72212-0000,Proprietary  ,0,3,3,16,89,105
02260401,BEE JAY'S HAIRSTYLING ACADEMY - BATESVIL,AR,72501-6709,Proprietary  ,0,2,2,15,54,69
02272400,EASTERN COLLEGE OF HEALTH VOCATIONS     ,AR,72205-3535,Proprietary  ,20,84,104,223,958,1181
02284200,NEW TYLER BARBER COLLEGE INC            ,AR,72114-0000,Proprietary  ,0,6,6,63,229,292
02287400,MARSHA KAY BEAUTY COLLEGE               ,AR,72653-0000,Proprietary  ,1,1,2,15,39,54
02330800,JEFFERSON SCHOOL OF NURSING             ,AR,71603-0000,Private      ,3,3,6,77,178,255
02339800,SOUTHERN INSTITUTE OF COSMETOLOGY       ,AR,72301-0000,Proprietary  ,3,17,20,47,115,162
02341700,CAREER ACADEMY OF HAIR DESIGN           ,AR,72764-4304,Proprietary  ,1,7,8,52,168,220
02341701,CAREER ACADEMY OF HAIR DESIGN - ROGERS  ,AR,72756-2102,Proprietary  ,0,15,15,53,189,242
02341702,CAREER ACADEMY OF HAIR DESIGN - SILOAM  ,AR,72761-4217,Proprietary  ,0,4,4,14,70,84
02348200,MID-SOUTH COMMUNITY COLLEGE             ,AR,72301-0000,Public       ,32,73,105,990,2483,3473
02363500,ARTHUR'S BEAUTY COLLEGE                 ,AR,72901-0000,Proprietary  ,4,6,10,39,144,183
02525800,LEE'S SCHOOL OF COSMETOLOGY             ,AR,72114-0000,Proprietary  ,3,4,7,34,120,154
02538500,ARTHUR'S BEAUTY COLLEGE                 ,AR,72076-0000,Proprietary  ,5,7,12,62,235,297
02569600,SEARCY BEAUTY COLLEGE                   ,AR,72143-0000,Proprietary  ,2,4,6,25,104,129
03005100,ARKANSAS BEAUTY SCHOOL                  ,AR,72209-5116,Proprietary  ,1,6,7,43,175,218
03007100,HOT SPRINGS BEAUTY COLLEGE              ,AR,71901-5432,Proprietary  ,1,11,12,45,111,156
03007600,ARKANSAS BEAUTY SCHOOL-CONWAY           ,AR,72032-4354,Proprietary  ,3,4,7,51,111,162
03023400,ARKANSAS COLLEGE OF BARBERING           ,AR,72114-5615,Proprietary  ,10,9,19,72,209,281
03063300,NORTHWEST ARKANSAS COMMUNITY COLLEG     ,AR,72712-5190,Public       ,58,153,211,3311,6089,9400
03065100,ABC BEAUTY COLLEGE                      ,AR,71923-4206,Proprietary  ,1,3,4,36,85,121
03066302,BRYAN COLLEGE -                         ,AR,72756-1825,Proprietary  ,4,27,31,98,463,561
03105200,BAPTIST HEALTH SCHOOLS LITTLE ROCK      ,AR,72210-2820,Private      ,1,11,12,471,1699,2170
03115102,HERITAGE COLLEGE - LITTLE ROCK          ,AR,72227-5544,Proprietary  ,20,71,91,211,1066,1277
03116800,"DELUXE BEAUTY SCHOOL, L.L.C.            ",AR,71603-0000,Proprietary  ,0,0,0,7,6,13
03124900,IMAGINE -  PAUL MITCHELL PARTNER SCHOOL ,AR,72117-2516,Proprietary  ,11,22,33,210,382,592
03127200,ASKINS VO-TECH                          ,AR,72908-8028,Proprietary  ,1,3,4,14,76,90
03214300,VELVATEX COLLEGE OF BEAUTY CULTURE      ,AR,72202-5452,Proprietary  ,0,4,4,19,52,71
03254300,MARGARET'S HAIR ACADEMY                 ,AR,71655-4905,Proprietary  ,3,6,9,31,81,112
03519400,LYNNDALE FUNDAMENTALS OF BEAUTY SCH     ,AR,71730-4804,Proprietary  ,1,5,6,12,53,65
03855300,ECCLESIA COLLEGE                        ,AR,72762-8159,Private      ,2,3,5,100,98,198
03912300,CROSSETT SCHOOL OF COSMETOLOGY          ,AR,71635-0000,Proprietary  ,2,6,8,7,47,54
03997300,ARKANSAS BEAUTY COLLEGE                 ,AR,72801-3741,Proprietary  ,0,5,5,33,86,119
04183100,WASHINGTON BARBER COLLEGE               ,AR,72209-3820,Proprietary  ,0,5,5,0,5,5
04183400,SALON PROFESSIONAL ACADEMY (THE)        ,AR,72116-7310,Proprietary  ,1,8,9,3,13,16
00133900,CORBAN UNIVERSITY                       ,OR,97301-9392,Private      ,3,3,6,1562,704,2266
00316505,CASCADE COLLEGE                         ,OR,97216-0000,Private      ,0,0,0,37,85,122
00318600,BLUE MOUNTAIN COMMUNITY COLLEGE         ,OR,97801-0000,Public       ,6,22,28,1103,2423,3526
00318800,CENTRAL OREGON COMMUNITY COLLEGE        ,OR,97701-5998,Public       ,22,94,116,3076,7622,10698
00318900,CLATSOP COMMUNITY COLLEGE               ,OR,97103-3698,Public       ,3,17,20,466,1274,1740
00319100,CONCORDIA UNIVERSITY                    ,OR,97211-6099,Private      ,1,59,60,1642,2858,4500
00319300,EASTERN OREGON UNIVERSITY               ,OR,97850-2899,Public       ,6,32,38,2559,3320,5879
00319400,GEORGE FOX UNIVERSITY                   ,OR,97132-2697,Private      ,2,31,33,3142,2389,5531
00319600,LANE COMMUNITY COLLEGE                  ,OR,97405-0640,Public       ,45,163,208,7277,15611,22888
00319700,LEWIS & CLARK COLLEGE                   ,OR,97219-7899,Private      ,3,11,14,4704,4118,8822
00319800,LINFIELD COLLEGE                        ,OR,97128-6894,Private      ,7,14,21,3225,1256,4481
00319801,LINFIELD COLLEGE - PORTLAND CAMPUS      ,OR,97210-0000,Private      ,3,8,11,440,1026,1466
00319900,MARYLHURST UNIVERSITY                   ,OR,97036-7036,Private      ,0,76,76,184,2474,2658
00320300,MOUNT ANGEL SEMINARY                    ,OR,97373-0505,Private      ,0,0,0,14,34,48
00320400,MOUNT HOOD COMMUNITY COLLEGE            ,OR,97030-3300,Public       ,38,148,186,5054,9900,14954
00320600,MULTNOMAH BIBLE COLLEGE/SEMINARY        ,OR,97220-5898,Private      ,1,7,8,569,859,1428
00320700,PACIFIC NORTHWEST COLLEGE OF ART        ,OR,97209-3023,Private      ,2,3,5,775,774,1549
00320800,NORTHWEST CHRISTIAN UNIVERSITY          ,OR,97401-3727,Private      ,0,4,4,802,710,1512
00320900,WESTERN OREGON UNIVERSITY               ,OR,97361-1394,Public       ,10,54,64,6626,3082,9708
00321000,OREGON STATE UNIVERSITY                 ,OR,97331-8507,Public       ,63,95,158,21432,11694,33126
00321100,OREGON INSTITUTE OF TECHNOLOGY          ,OR,97601-8801,Public       ,7,22,29,2507,2485,4992
00321200,PACIFIC UNIVERSITY                      ,OR,97116-1797,Private      ,4,17,21,3434,3225,6659
00321300,PORTLAND COMMUNITY COLLEGE              ,OR,97219-7198,Public       ,231,978,1209,13370,35605,48975
00321312,PORTLAND COMMUNITY COLLEGE - COLUMBIA GO,OR,97058-3447,Public       ,3,22,25,377,1015,1392
00321600,PORTLAND STATE UNIVERSITY               ,OR,97207-0000,Public       ,85,352,437,14592,25110,39702
00321700,REED COLLEGE                            ,OR,97202-8199,Private      ,1,7,8,2823,666,3489
00321800,CHEMEKETA COMMUNITY COLLEGE             ,OR,97309-1500,Public       ,39,171,210,6227,14895,21122
00321900,SOUTHERN OREGON UNIVERSITY              ,OR,97520-5010,Public       ,12,70,82,5171,3775,8946
00322000,SOUTHWESTERN OREGON COMMUNITY CLG       ,OR,97420-2956,Public       ,2,23,25,1735,2095,3830
00322100,TREASURE VALLEY COMMUNITY COLLEGE       ,OR,97914-3423,Public       ,29,123,152,1696,3320,5016
00322200,UMPQUA COMMUNITY COLLEGE                ,OR,97470-0226,Public       ,25,78,103,1604,4645,6249
00322300,UNIVERSITY OF OREGON                    ,OR,97403-1226,Public       ,88,244,332,24958,15245,40203
00322400,UNIVERSITY OF PORTLAND                  ,OR,97203-5798,Private      ,8,30,38,8974,2948,11922
00322500,WARNER PACIFIC COLLEGE                  ,OR,97215-4099,Private      ,6,48,54,844,2078,2922
00322700,WILLAMETTE UNIVERSITY                   ,OR,97301-3930,Private      ,2,8,10,4723,2132,6855
00487800,CLACKAMAS COMMUNITY COLLEGE             ,OR,97045-7998,Public       ,28,113,141,3849,6779,10628
00488200,OREGON HEALTH & SCIENCE UNIVERSITY      ,OR,97239-0000,Public       ,2,23,25,586,3880,4466
00693800,LINN BENTON COMMUNITY COLLEGE           ,OR,97321-3774,Public       ,17,57,74,4148,6741,10889
00717800,WESTERN SEMINARY                        ,OR,97215-0000,Private      ,0,6,6,7,396,403
00723402,HEALD COLLEGE - PORTLAND                ,OR,97205-3432,Proprietary  ,19,78,97,446,2078,2524
00732969,ITT TECHNICAL INSTITUTE                 ,OR,97220-6819,Proprietary  ,22,116,138,790,2382,3172
00781900,ART INSTITUTE OF PORTLAND (THE)         ,OR,97209-2911,Proprietary  ,6,27,33,2032,2383,4415
00888700,CONCORDE CAREER INSTITUTE               ,OR,97232-2242,Proprietary  ,5,32,37,369,1582,1951
00907900,EVEREST COLLEGE                         ,OR,97204-2296,Proprietary  ,8,46,54,388,1716,2104
00958100,SPRINGFIELD COLLEGE OF BEAUTY           ,OR,97477-5474,Proprietary  ,0,1,1,79,226,305
01012200,PHAGANS' MEDFORD BEAUTY SCHOOL          ,OR,97504-5297,Proprietary  ,3,8,11,65,196,261
01018200,ROGUE COMMUNITY COLLEGE                 ,OR,97527-0000,Public       ,21,76,97,2886,7509,10395
01050700,ACADEMY OF HAIR DESIGN                  ,OR,97301-3526,Proprietary  ,3,6,9,65,173,238
01230900,UNIVERSITY OF WESTERN STATES            ,OR,97230-3099,Private      ,1,5,6,53,633,686
01234700,PHAGANS CENTRAL OREGON BEAUTY CLG       ,OR,97701-5175,Proprietary  ,3,8,11,118,358,476
01234800,PHAGANS BEAUTY COLLEGE                  ,OR,97333-4716,Proprietary  ,1,4,5,53,134,187
01235000,PHAGANS SCHOOL OF HAIR DESIGN           ,OR,97267-0000,Proprietary  ,6,23,29,56,168,224
01235100,PHAGANS SCHOOL OF BEAUTY                ,OR,97301-4732,Proprietary  ,1,9,10,74,209,283
01300800,PHAGANS TIGARD BEAUTY SCHOOL            ,OR,97223-0000,Proprietary  ,1,4,5,25,88,113
02101000,NORTHWEST COLLEGE OF HAIR DESIGN        ,OR,97086-7702,Proprietary  ,16,23,39,217,534,751
02101002,NORTHWEST COLLEGE                       ,OR,97007-3954,Proprietary  ,0,6,6,28,95,123
02104900,COLLEGE OF LEGAL ARTS                   ,OR,97219-9998,Proprietary  ,2,19,21,82,452,534
02106100,COLLEGE OF COSMETOLOGY                  ,OR,97601-0000,Proprietary  ,1,1,2,46,101,147
02154400,BEAU MONDE CLG OF HAIR DESIGN           ,OR,97205-0000,Proprietary  ,4,15,19,138,396,534
02159700,NEW HOPE CHRISTIAN COLLEGE              ,OR,97405-1194,Private      ,0,0,0,146,162,308
02201900,PHAGANS' SCHOOL OF HAIR DESIGN          ,OR,97232-0000,Proprietary  ,8,25,33,145,435,580
02239203,ANTHEM COLLEGE - BEAVERTON              ,OR,97005-0000,Proprietary  ,3,9,12,66,196,262
02330100,PIONEER PACIFIC COLLEGE                 ,OR,97070-0000,Proprietary  ,15,59,74,479,1934,2413
02330102,PIONEER PACIFIC COLLEGE                 ,OR,97403-0000,Proprietary  ,2,33,35,229,1285,1514
02337900,COLLEGE OF HAIR DESIGN CAREERS          ,OR,97301-0000,Proprietary  ,1,6,7,81,134,215
02344100,ROSEBURG BEAUTY COLLEGE                 ,OR,97470-0000,Proprietary  ,0,3,3,33,110,143
02534000,NATIONAL COLLEGE OF NATURAL MEDICINE    ,OR,97201-0000,Private      ,0,2,2,47,845,892
02578800,NORTHWEST NANNIES INSTITUTE             ,OR,97035-0000,Proprietary  ,0,0,0,23,34,57
02603700,OREGON COL OF ORIENTAL MEDICINE         ,OR,97216-0000,Private      ,0,3,3,29,464,493
02617506,EVEREST COLLEGE - EVEREST INSTITUTE     ,OR,97223-6581,Proprietary  ,11,48,59,158,598,756
03007300,OREGON COLLEGE OF ART & CRAFT           ,OR,97225-6399,Private      ,2,2,4,206,401,607
03022600,LE CORDON BLEU COLLEGE OF CULINARY ARTS ,OR,97205-2793,Proprietary  ,90,135,225,1667,3307,4974
03042500,CARRINGTON COLLEGE                      ,OR,97232-1302,Proprietary  ,29,110,139,561,2302,2863
03074400,PHAGANS NEWPORT ACAD CSMTLGY CAREER     ,OR,97365-4963,Proprietary  ,2,3,5,19,82,101
03074500,EAST-WEST COLLEGE OF THE HEALING ARTS   ,OR,97232-2765,Proprietary  ,4,8,12,134,505,639
03185300,PHAGANS GRANTS PASS COLLEGE OF BTY      ,OR,97527-3039,Proprietary  ,1,4,5,46,126,172
03428300,KLAMATH COMMUNITY COLLEGE               ,OR,97603-7121,Public       ,7,36,43,647,2001,2648
03642300,VALLEY MEDICAL COLLEGE                  ,OR,97305-1373,Proprietary  ,2,11,13,155,708,863
03668300,BIRTHINGWAY COLLEGE OF MIDWIFERY        ,OR,97266-4042,Private      ,1,5,6,32,246,278
03783400,ABDILL CAREER COLLEGE                   ,OR,97504-7137,Proprietary  ,2,10,12,69,371,440
04146500,PORTLAND ACTORS CONSERVATORY            ,OR,97201-2557,Private      ,2,0,2,34,85,119
04151900,COLUMBIA GORGE COMMUNITY COLLEGE        ,OR,97058-3434,Public       ,0,2,2,0,2,2
04167400,SAGE SCHOOL OF MASSAGE & HEALING ARTS   ,OR,97701-4082,Proprietary  ,0,1,1,17,68,85
04171400,AVEDA INSTITUTE PORTLAND                ,OR,97209-3144,Proprietary  ,13,18,31,135,195,330
00137400,ALBERTUS MAGNUS COLLEGE                 ,CT,06511-1189,Private      ,3,16,19,878,1263,2141
00137403,ALBERTUS MAGNUS CLG-NEW DIMENSIONS      ,CT,06511-0000,Private      ,2,15,17,66,837,903
00137800,CENTRAL CONNECTICUT STATE UNIV          ,CT,06050-2490,Public       ,21,66,87,10143,5086,15229
00137900,CONNECTICUT COLLEGE                     ,CT,06320-4196,Private      ,3,0,3,3337,166,3503
00138000,WESTERN CONNECTICUT STATE UNIV          ,CT,06810-6826,Public       ,10,21,31,6268,1842,8110
00138500,FAIRFIELD UNIVERSITY                    ,CT,06430-0000,Private      ,5,25,30,6526,1272,7798
00138700,HARTFORD SEMINARY                       ,CT,06105-0000,Private      ,0,0,0,9,74,83
00138900,HOLY APOSTLES COLLEGE & SEMINARY        ,CT,06416-2005,Private      ,0,0,0,12,73,85
00139200,MANCHESTER COMMUNITY COLLEGE            ,CT,06045-1046,Public       ,26,80,106,3837,4038,7875
00139300,MITCHELL COLLEGE                        ,CT,06320-4498,Private      ,2,2,4,1198,272,1470
00139700,UNIVERSITY OF NEW HAVEN                 ,CT,06516-1999,Private      ,6,26,32,7690,2219,9909
00139800,NORTHWESTERN CT COMMUNITY COLLEGE       ,CT,06098-1747,Public       ,2,17,19,667,850,1517
00139900,NORWALK COMMUNITY TECHNICAL COLLEGE     ,CT,06854-1655,Public       ,9,54,63,2327,2956,5283
00140100,POST UNIVERSITY                         ,CT,06723-3240,Proprietary  ,33,330,363,1798,5134,6932
00140200,QUINNIPIAC UNIVERSITY                   ,CT,06518-1908,Private      ,8,14,22,12251,2006,14257
00140201,QUINNIPIAC UNIVERSITY SCHOOL OF LAW     ,CT,06518-0000,Private      ,0,4,4,143,1332,1475
00140300,SACRED HEART UNIVERSITY                 ,CT,06825-1000,Private      ,8,57,65,7929,2208,10137
00140600,SOUTHERN CONNECTICUT STATE UNIV         ,CT,06515-1355,Public       ,13,57,70,9842,5610,15452
00140900,SAINT JOSEPH COLLEGE                    ,CT,06117-2791,Private      ,0,20,20,1330,1707,3037
00141400,TRINITY COLLEGE                         ,CT,06106-3100,Private      ,1,7,8,2905,297,3202
00141600,UNIVERSITY OF BRIDGEPORT                ,CT,06601-5650,Private      ,6,32,38,3359,3229,6588
00141700,UNIVERSITY OF CONNECTICUT-STORRS        ,CT,06269-2151,Public       ,25,91,116,26801,6243,33044
00141702,UNIV CONN STAMFORD                      ,CT,06901-0000,Public       ,2,8,10,578,416,994
00141703,UNIV OF CONNECTICUT - TORINGTON         ,CT,06790-0000,Public       ,1,1,2,175,87,262
00141706,UNIV OF CONNECTICUT SCH LAW             ,CT,06105-0000,Public       ,1,4,5,32,1355,1387
00141707,UNIV OF CT - SCH OF SOCIAL WORK         ,CT,06117-0000,Public       ,1,8,9,110,579,689
00141708,UNIVERSITY OF CONNECTICUT - SCHOOL OF ME,CT,06030-1920,Public       ,0,3,3,257,758,1015
00141709,UNIVERSITY OF CONNECTICUT - SCHOOL OF DE,CT,06030-1920,Public       ,1,1,2,504,679,1183
00142200,UNIVERSITY OF HARTFORD                  ,CT,06117-1599,Private      ,9,17,26,9670,2158,11828
00142400,WESLEYAN UNIVERSITY                     ,CT,06459-3208,Private      ,2,2,4,5537,217,5754
00142500,EASTERN CONNECTICUT STATE UNIV          ,CT,06226-2295,Public       ,10,18,28,5811,1456,7267
00142600,YALE UNIVERSITY                         ,CT,06520-8288,Private      ,3,18,21,16026,9120,25146
00280301,RENSSELAER POLYTECHNIC INSTITUTE-RENSSEL,CT,06120-2991,Private      ,1,8,9,16,84,100
00451300,HOUSATONIC COMMUNITY COLLEGE            ,CT,06604-4704,Public       ,13,52,65,3024,4528,7552
00618100,BRIDGEPORT HOSP SCHL OF NURSING         ,CT,06610-2896,Private      ,1,6,7,167,487,654
00619100,ST. VINCENT'S COLLEGE                   ,CT,06606-9966,Private      ,2,15,17,313,794,1107
00698200,NAUGATUCK VALLEY COMM-TECH COLG         ,CT,06708-3089,Public       ,17,48,65,3205,3895,7100
00730000,ELI WHITNEY TECHNICAL HIGH SCHOOL       ,CT,06514-0000,Public       ,0,0,0,12,78,90
00730300,LINCOLN TECHNICAL INSTITUTE             ,CT,06051-0000,Proprietary  ,20,59,79,1092,2720,3812
00730500,PORTER AND CHESTER INSTITUTE OF BRANFORD,CT,06405-4022,Proprietary  ,8,25,33,314,656,970
00731100,WINDHAM TECHNICAL HIGH SCHOOL           ,CT,06226-2100,Public       ,0,0,0,3,21,24
00745900,PAIER COLLEGE OF ART                    ,CT,06514-3902,Proprietary  ,1,0,1,191,80,271
00763500,CAPITAL COMMUNITY COLLEGE               ,CT,06103-1207,Public       ,4,63,67,1875,4635,6510
00803700,GATEWAY COMMUNITY-TECHNICAL COLLEGE     ,CT,06511-0000,Public       ,12,40,52,3042,5171,8213
00803800,MIDDLESEX COMMUNITY CLG                 ,CT,06457-4889,Public       ,10,25,35,1248,1653,2901
00887300,PAUL MITCHELL THE SCHOOL                ,CT,06810-6716,Proprietary  ,3,7,10,95,127,222
00887400,BRIO ACADEMY OF COSMETOLOGY             ,CT,06450-4836,Proprietary  ,11,38,49,199,535,734
00887403,BRIO ACADEMY OF COSMETOLOGY - WILLIMANTI,CT,06226-1940,Proprietary  ,0,0,0,8,23,31
00906500,THE HARTFORD CONSERVATORY               ,CT,06105-2891,Private      ,0,0,0,25,17,42
00927700,E C GOODWIN TECHNICAL HIGH SCHOOL       ,CT,06053-0000,Public       ,0,0,0,28,33,61
00929100,J M WRIGHT TECHNICAL HIGH SCHOOL        ,CT,06904-0000,Public       ,0,0,0,1,8,9
00940700,LINCOLN COLLEGE OF NEW ENGLAND          ,CT,06489-1057,Proprietary  ,17,132,149,940,1035,1975
00940701,CLEMENS COLLEGE                         ,CT,06078-0000,Proprietary  ,1,1,2,145,54,199
00976400,TUNXIS COMMUNITY COLLEGE                ,CT,06032-3187,Public       ,17,59,76,1966,2401,4367
00976500,THREE RIVERS COMMUNITY TECH COLLEGE     ,CT,06360-0000,Public       ,9,75,84,1842,3123,4965
00982200,ALBERT I PRINCE TECHNICAL HIGH SCHOOL   ,CT,06106-3799,Public       ,0,0,0,12,74,86
01041700,BRIO ACADEMY OF EAST HARTFORD           ,CT,06108-2220,Proprietary  ,9,19,28,75,209,284
01053000,QUINEBAUG VALLEY COMMUNITY COLLEGE      ,CT,06239-1440,Public       ,5,11,16,884,1470,2354
01077900,PORTER AND CHESTER INSTITUTE-ALLCAMPUSES,CT,06615-7158,Proprietary  ,66,198,264,1780,4383,6163
01115000,ASNUNTUCK COMMUNITY COLLEGE             ,CT,06082-3800,Public       ,5,24,29,576,925,1501
01149600,BULLARD HAVENS VOC TECH SCHOOL          ,CT,06610-3499,Public       ,0,1,1,24,71,95
01169700,VINAL REGIONAL VOC TECH SCHOOL          ,CT,06457-4918,Public       ,0,0,0,4,37,41
01184300,NORWICH TECHNICAL HIGH SCHOOL           ,CT,06360-7097,Public       ,0,0,0,13,50,63
01218500,H C WILCOX TECHNICAL HIGH SCHOOL        ,CT,06450-0000,Public       ,0,0,0,3,4,7
01242500,STONE ACADEMY                           ,CT,06514-4125,Proprietary  ,7,71,78,242,1167,1409
01242503,STONE ACADEMY -WATERBURY                ,CT,06705-3823,Proprietary  ,0,2,2,28,95,123
01242504,STONE ACADEMY -  EAST HARTFORD          ,CT,06118-0000,Proprietary  ,1,0,1,24,136,160
01287700,SANFORD-BROWN COLLEGE                   ,CT,06855-1436,Proprietary  ,8,50,58,118,440,558
01291300,LEON INSTITUTE OF HAIR DESIGN           ,CT,06604-4226,Proprietary  ,1,6,7,16,69,85
01326400,HENRY ABBOTT TECHNICAL HIGH SCHOOL      ,CT,06811-4881,Public       ,0,0,0,6,27,33
02058900,HARVARD H ELLIS TECHNICAL HIGH SCHOOL   ,CT,06239-0000,Public       ,0,0,0,3,9,12
02074000,BRANFORD HALL CAREER INSTITUTE          ,CT,06405-0000,Proprietary  ,111,474,585,1272,5463,6735
02106600,AMERICAN INSTITUTE                      ,CT,06110-1922,Proprietary  ,11,49,60,128,780,908
02112300,RIDLEY LOWELL BUSINESS & TECH INST      ,CT,06320-0000,Proprietary  ,20,69,89,140,761,901
02112700,NORTH HAVEN ACADEMY                     ,CT,06473-3108,Proprietary  ,2,2,4,192,198,390
02115100,BUTLER BUSINESS SCHOOL                  ,CT,06604-0000,Proprietary  ,7,26,33,104,498,602
02148700,CONNECTICUT INST OF HAIR DESIGN         ,CT,06716-0000,Proprietary  ,0,2,2,29,57,86
02202500,NEW ENGLAND TRACTOR TRAILER SCH         ,CT,06071-2036,Proprietary  ,27,242,269,144,1804,1948
02213000,ELLA T GRASSO SOUTHEASTERN TECHNICAL HIG,CT,06340-0000,Public       ,0,0,0,3,12,15
02228800,LINCOLN TECHNICAL INSTITUTE - EAST WINDS,CT,06088-9631,Proprietary  ,42,53,95,1219,900,2119
02244900,GOODWIN COLLEGE                         ,CT,06118-9980,Private      ,42,268,310,1156,4881,6037
02245300,HOWELL CHENEY TECHNICAL HIGH SCHOOL     ,CT,06040-0000,Public       ,0,0,0,8,15,23
02265900,WINDHAM COMMUNITY MEM HOSP-RAD TECH     ,CT,06226-0000,Private      ,0,1,1,12,32,44
02296100,YALE-NEW HAVEN HOSP DIETETIC INTERN     ,CT,06510-8900,Private      ,0,0,0,18,31,49
02300000,W F KAYNOR TECHNICAL HIGH SCHOOL        ,CT,06708-0000,Public       ,0,1,1,14,54,68
02316600,CONNECTICUT CTR FOR MASSAGE THERAPY     ,CT,06111-3975,Proprietary  ,3,26,29,74,424,498
02316601,CONNECTICUT CENTER FOR MASSAGE THERAPY -,CT,06880-4619,Proprietary  ,2,12,14,42,234,276
02316603,CONNECTICUT CENTER FOR MASSAGE THERAPY -,CT,06340-4619,Proprietary  ,3,17,20,39,214,253
02562400,EMMETT O BRIEN REG VOC TECH SCHOOL      ,CT,06401-2500,Public       ,0,0,0,1,3,4
02565000,PLATT TECHNICAL HIGH SCHOOL             ,CT,06460-2105,Public       ,0,1,1,12,49,61
03079400,LYME ACADEMY COLLEGE OF FINE ARTS       ,CT,06371-2333,Private      ,0,0,0,80,45,125
03094800,INDUSTRIAL MANAGEMENT & TRAINING        ,CT,06706-1211,Proprietary  ,0,0,0,45,191,236
03231400,OLIVER WOLCOTT TECHNICAL HIGH SCHOOL    ,CT,06790-3859,Public       ,0,0,0,1,7,8
03234300,CHARTER OAK STATE COLLEGE               ,CT,06053-2150,Public       ,1,45,46,107,1617,1724
03316300,LINCOLN TECHNICAL INSTITUTE - HARTFORD  ,CT,06105-3630,Proprietary  ,10,22,32,618,787,1405
03381300,CONNECTICUT TRAINING CENTER             ,CT,06108-2705,Private      ,0,1,1,48,239,287
03927300,ALBERT SCHOOL (THE)                     ,CT,06357-2447,Proprietary  ,4,20,24,130,266,396
04104300,ACADEMY DI CAPELLI - SCHOOL OF COSMETOLO,CT,06492-0000,Proprietary  ,4,2,6,40,58,98
04128800,BRANFORD ACADEMY OF HAIR & COSMETOLOGY  ,CT,06405-0000,Proprietary  ,1,3,4,38,70,108
04145400,OXFORD ACADEMY OF HAIR DESIGN           ,CT,06483-2911,Proprietary  ,0,7,7,37,59,96
04148400,EUROPEAN ACADEMY OF COSMETOLOGY AND HAIR,CT,06437-0000,Proprietary  ,0,1,1,11,19,30
04152400,INTERNATIONAL INSTITUTE OF COSMETOLOGY  ,CT,06109-0000,Proprietary  ,1,0,1,72,79,151
04162900,TONSORIAL ACADEMY OF COSMETOLOGY AND BAR,CT,06516-0000,Proprietary  ,0,0,0,8,37,45
00146600,BARRY UNIVERSITY                        ,FL,33161-6695,Private      ,45,129,174,5256,9323,14579
00146601,BARRY UNIVERSITY - ORLANDO              ,FL,32807-3673,Private      ,8,19,27,227,1899,2126
00146700,BETHUNE COOKMAN UNIVERSITY              ,FL,32114-3099,Private      ,57,24,81,7964,1828,9792
00146800,ST THOMAS UNIVERSITY                    ,FL,33054-0000,Private      ,17,57,74,1482,2939,4421
00146900,FLORIDA INSTITUTE OF TECHNOLOGY         ,FL,32901-6988,Private      ,25,321,346,3755,10090,13845
00147000,BREVARD COMMUNITY COLLEGE               ,FL,32922-6503,Public       ,164,383,547,6218,11255,17473
00147100,CENTRAL FLORIDA COMMUNITY COLLEGE       ,FL,34478-1388,Public       ,91,225,316,5066,9221,14287
00147200,CHIPOLA  COLLEGE                        ,FL,32446-2053,Public       ,21,37,58,1043,1506,2549
00147300,CLEARWATER CHRISTIAN COLLEGE            ,FL,33759-0000,Private      ,3,5,8,852,220,1072
00147500,DAYTONA STATE COLLEGE                   ,FL,32114-2800,Public       ,168,508,676,8681,16786,25467
00147700,EDISON STATE COLLEGE                    ,FL,33906-6210,Public       ,100,313,413,8137,12248,20385
00147800,EDWARD WATERS COLLEGE                   ,FL,32209-6199,Private      ,15,13,28,1508,934,2442
00147900,EMBRY-RIDDLE AERONAUTICAL UNIV          ,FL,32114-3900,Private      ,72,358,430,7468,7398,14866
00148000,FLORIDA A & M UNIVERSITY                ,FL,32307-3100,Public       ,393,93,486,19872,9091,28963
00148100,FLORIDA ATLANTIC UNIVERSITY             ,FL,33431-6498,Public       ,428,300,728,19756,15968,35724
00148101,FLORIDA ATLANTIC UNIVERSITY/DAVIE       ,FL,33314-0000,Public       ,24,66,90,1725,3570,5295
00148103,FLORIDA ATLANTIC UNIV-JUPITER/PSL       ,FL,33458-0000,Public       ,3,21,24,607,775,1382
00148200,FLORIDA COLLEGE                         ,FL,33617-5578,Private      ,0,0,0,472,122,594
00148400,FLORIDA STATE COLLEGE AT JACKSONVILLE   ,FL,32202-4030,Public       ,222,971,1193,13772,30569,44341
00148500,FLORIDA KEYS COMMUNITY COLLEGE          ,FL,33040-4397,Public       ,13,26,39,585,1108,1693
00148600,FLORIDA MEMORIAL UNIVERSITY             ,FL,33054-6199,Private      ,50,40,90,3106,1685,4791
00148700,ECKERD COLLEGE                          ,FL,33711-4744,Private      ,7,22,29,2862,1307,4169
00148800,FLORIDA SOUTHERN COLLEGE                ,FL,33801-5698,Private      ,18,32,50,3343,1156,4499
00148900,FLORIDA STATE UNIVERSITY                ,FL,32306-2430,Public       ,755,281,1036,40302,19304,59606
00149000,GULF COAST COMMUNITY COLLEGE            ,FL,32401-1058,Public       ,33,150,183,2450,5676,8126
00149300,INDIAN RIVER STATE COLLEGE              ,FL,34981-5596,Public       ,163,440,603,6612,12069,18681
00149500,JACKSONVILLE UNIVERSITY                 ,FL,32211-3394,Private      ,42,145,187,5244,4467,9711
00149700,JONES COLLEGE                           ,FL,32211-5588,Private      ,3,51,54,134,1231,1365
00149900,EVEREST UNIVERSITY                      ,FL,32810-5601,Proprietary  ,16,128,144,619,3410,4029
00149901,EVEREST UNIVERSITY - ORLANDO SOUTH      ,FL,32819-7666,Proprietary  ,307,3094,3401,2987,31711,34698
00149902,EVEREST UNIVERSITY - MELBOURNE          ,FL,32905-6609,Proprietary  ,8,76,84,230,1832,2062
00150000,BROWARD COLLEGE- DOWNTOWN CTR           ,FL,33301-2298,Public       ,217,571,788,7713,13401,21114
00150001,BROWARD COLLEGE - DAVIE CAMPUS          ,FL,33314-0000,Public       ,176,297,473,8410,9279,17689
00150002,BROWARD COLLEGE- NORTH CAMPUS           ,FL,33066-0000,Public       ,123,261,384,5299,7705,13004
00150003,BROWARD COLLEGE- SOUTH CAMPUS           ,FL,33024-0000,Public       ,101,278,379,5817,7532,13349
00150100,LAKE CITY COMMUNITY COLLEGE             ,FL,32025-2007,Public       ,34,133,167,1280,3369,4649
00150200,LAKE SUMTER COMMUNITY COLLEGE           ,FL,34788-8751,Public       ,36,69,105,2416,3469,5885
00150400,MANATEE COMMUNITY COLLEGE               ,FL,34207-3596,Public       ,92,195,287,5580,9563,15143
00150500,LYNN UNIVERSITY                         ,FL,33431-5598,Private      ,8,17,25,2000,999,2999
00150600,MIAMI DADE COLLEGE ADMINISTRATION ONLY  ,FL,33176-3393,Public       ,42,60,102,1956,2022,3978
00150601,MIAMI DADE COLLEGE - NORTH CAMPUS       ,FL,33167-3495,Public       ,302,601,903,11956,16417,28373
00150602,MIAMI DADE COLLEGE - KENDALL CAMPUS     ,FL,33176-3393,Public       ,459,562,1021,17238,15924,33162
00150603,MIAMI DADE COLLEGE - WOLFSON CAMPUS     ,FL,33132-2297,Public       ,305,397,702,8570,10138,18708
00150604,MIAMI DADE COLLEGE - MEDICAL CAMPUS     ,FL,33127-4693,Public       ,81,183,264,2558,5997,8555
00150605,MIAMI DADE COLLEGE - HOMESTEAD CAMPUS   ,FL,33030-6009,Public       ,86,126,212,2260,3042,5302
00150606,MIAMI DADE COLLEGE -INTERAMERICAN CAMPUS,FL,33135-0000,Public       ,120,238,358,3951,7308,11259
00150607,MIAMI DADE COLLEGE - HIALEAH CAMPUS     ,FL,33012-2918,Public       ,69,131,200,2738,3630,6368
00150800,NORTH FLORIDA COMMUNITY COLLEGE         ,FL,32340-1699,Public       ,10,30,40,584,1146,1730
00150900,NOVA SOUTHEASTERN UNIVERSITY            ,FL,33314-7796,Private      ,39,824,863,6648,35469,42117
00151000,NORTHWEST FLORIDA STATE COLLEGE         ,FL,32578-1295,Public       ,48,167,215,2370,5611,7981
00151200,PALM BEACH COMMUNITY COLLEGE            ,FL,33461-4796,Public       ,284,498,782,13883,17927,31810
00151300,PENSACOLA STATE COLLEGE                 ,FL,32504-8998,Public       ,92,317,409,4785,10333,15118
00151400,POLK STATE COLLEGE                      ,FL,33881-4299,Public       ,74,232,306,4632,7831,12463
00151500,ROLLINS COLLEGE                         ,FL,32789-4499,Private      ,16,17,33,2623,1533,4156
00151900,SANTA FE COLLEGE                        ,FL,32606-6200,Public       ,189,306,495,9075,9857,18932
00152000,SEMINOLE STATE COLLEGE OF FLORIDA       ,FL,32773-6199,Public       ,211,516,727,8776,15399,24175
00152100,SOUTHEASTERN UNIVERSITY                 ,FL,33801-6099,Private      ,10,27,37,2902,1443,4345
00152200,SOUTH FLORIDA COMMUNITY COLLEGE         ,FL,33825-9399,Public       ,29,67,96,1536,2409,3945
00152300,SAINT JOHNS RIVER STATE COLLEGE         ,FL,32177-3897,Public       ,65,202,267,2477,4777,7254
00152600,SAINT LEO UNIVERSITY                    ,FL,33574-6665,Private      ,20,333,353,3517,15602,19119
00152800,ST. PETERSBURG COLLEGE                  ,FL,33760-3768,Public       ,199,731,930,9628,23711,33339
00153100,STETSON UNIVERSITY                      ,FL,32723-3761,Private      ,18,43,61,2912,1056,3968
00153101,STETSON UNIVERSITY - COLLEGE OF LAW     ,FL,33707-3299,Private      ,0,5,5,46,2033,2079
00153300,TALLAHASSEE COMMUNITY COLLEGE           ,FL,32304-2895,Public       ,249,393,642,9989,10450,20439
00153400,EVEREST UNIVERSITY                      ,FL,33614-5801,Proprietary  ,51,273,324,875,6281,7156
00153408,EVEREST UNIVERSITY - TAMPA BRANDON CAMPU,FL,33619-1354,Proprietary  ,112,1103,1215,1833,23978,25811
00153409,EVEREST UNIVERSITY - ORANGE PARK        ,FL,32073-1111,Proprietary  ,5,76,81,312,2021,2333
00153500,UNIVERSITY OF FLORIDA                   ,FL,32611-3150,Public       ,733,261,994,36986,20678,57664
00153600,UNIVERSITY OF MIAMI                     ,FL,33146-6531,Private      ,61,121,182,18397,7091,25488
00153601,UNIV OF MIAMI SCHOOL OF LAW             ,FL,33124-0000,Private      ,0,4,4,95,1975,2070
00153602,UNIV OF MIAMI-SCH OF MEDICINE           ,FL,33136-0000,Private      ,17,13,30,748,1403,2151
00153700,UNIVERSITY OF SOUTH FLORIDA             ,FL,33620-6960,Public       ,565,382,947,36769,26691,63460
00153701,UNIV OF SOUTH FLORIDA-ST PETERSBURG     ,FL,33701-0000,Public       ,39,33,72,726,911,1637
00153702,UNIV OF SOUTH FLORIDA-SARASOTA          ,FL,34243-2025,Public       ,4,21,25,327,857,1184
00153705,UNIV OF SOUTH FLORIDA                   ,FL,33803-0000,Public       ,18,21,39,1064,865,1929
00153706,UNIV OF SOUTH FLORIDA- MEDICINE         ,FL,33612-0000,Public       ,17,15,32,778,1263,2041
00153800,UNIVERSITY OF TAMPA                     ,FL,33606-1490,Private      ,42,53,95,9284,3141,12425
00154000,WEBBER INTERNATIONAL UNIVERSITY         ,FL,33827-0096,Private      ,4,3,7,843,299,1142
00173308,NATIONAL-LOUIS UNIVERSITY               ,FL,33609-0000,Private      ,0,1,1,16,106,122
00177201,TRINITY INTERNATIONAL UNIVERSITY - SOUTH,FL,33324-4611,Private      ,0,11,11,38,518,556
00395400,UNIV OF CENTRAL FLORIDA                 ,FL,32816-0001,Public       ,1077,409,1486,51270,26198,77468
00395500,UNIVERSITY OF WEST FLORIDA              ,FL,32514-5750,Public       ,73,129,202,7084,6937,14021
00407215,NORTHWOOD UNIVERSITY                    ,FL,33409-0000,Private      ,3,12,15,591,421,1012
00491004,KAPLAN CAREER INSTITUTE - KAPLAN COLLEGE,FL,33026-3978,Proprietary  ,5,87,92,245,3776,4021
00491005,KAPLAN COLLEGE JACKSONVILLE             ,FL,32216-3216,Proprietary  ,13,103,116,42,597,639
00558500,LIVELY TECHNICAL CENTER                 ,FL,32304-0000,Public       ,5,23,28,515,2177,2692
00558501,LIVELY TECHNICAL CENTER - AVIATION SCHOO,FL,32304-8723,Public       ,0,0,0,55,135,190
00558600,LINDSEY HOPKINS TECHNICAL ED CENTER     ,FL,33127-4692,Public       ,9,72,81,285,1234,1519
00559400,D G ERWIN TECHNICAL CENTER              ,FL,33610-8255,Public       ,20,68,88,663,2581,3244
00560500,PINELLAS TECH ED CTR-CLEARWATER         ,FL,33760-2194,Public       ,8,42,50,437,2015,2452
00560700,SARASOTA COUNTY TECHNICAL INSTITUTE     ,FL,34233-0000,Public       ,5,14,19,286,1068,1354
00560800,TRAVISS TECHNICAL CENTER                ,FL,33803-0000,Public       ,3,19,22,366,1438,1804
00561200,MANATEE TECHNICAL INSTITUTE             ,FL,34210-0000,Public       ,11,27,38,490,1644,2134
00561201,MANATEE TECHNICAL INSTITUTE-EAST        ,FL,34211-0000,Public       ,4,10,14,258,1015,1273
00675000,VALENCIA COMMUNITY COLLEGE              ,FL,32802-3028,Public       ,473,773,1246,28091,30069,58160
00732910,ITT TECHNICAL INSTITUTE                 ,FL,33634-7515,Proprietary  ,47,209,256,1531,4644,6175
00732947,ITT TECHNICAL INSTITUTE                 ,FL,32746-1607,Proprietary  ,47,124,171,1413,4099,5512
00752500,SUWANNEE-HAMILTON AREA VOC TECH CTR     ,FL,32060-0000,Public       ,3,6,9,92,382,474
00752600,WASHINGTON HOLMES TECHNICAL CENTER      ,FL,32428-1699,Public       ,2,16,18,165,642,807
00755800,LEE COUNTY HIGH TECH CENTER CENTRAL     ,FL,33916-2299,Public       ,2,22,24,429,1438,1867
00758600,REMINGTON COLLEGE - TAMPA CAMPUS        ,FL,33612-8410,Proprietary  ,6,46,52,208,963,1171
00758604,REMINGTON COLLEGE-LARGO CAMPUS          ,FL,33771-0000,Proprietary  ,0,0,0,0,1,1
00787000,HILLSBOROUGH COMMUNITY COLLEGE          ,FL,33606-3572,Public       ,266,587,853,15254,23942,39196
00789300,FLAGLER COLLEGE                         ,FL,32085-1027,Private      ,17,15,32,3535,695,4230
00789301,FLAGLER COLLEGE - TALLAHASSEE COMMUNITY ,FL,32304-2895,Private      ,5,11,16,443,812,1255
00807500,ST JOHN VIANNEY COLLEGE SEMINARY        ,FL,33165-3244,Private      ,0,1,1,25,13,38
00814600,EVEREST UNIVERSITY - POMPANO BEACH      ,FL,33062-2522,Proprietary  ,19,135,154,487,3769,4256
00822300,ST VINCENT DE PAUL REGIONL SEMINARY     ,FL,33436-0000,Private      ,0,0,0,4,7,11
00841700,STENOTYPE INST OF JACKSONVILLE          ,FL,32207-0000,Proprietary  ,3,8,11,49,535,584
00869410,RASMUSSEN COLLEGE - OCALA               ,FL,34471-7051,Proprietary  ,31,221,252,912,7180,8092
00869411,RASMUSSEN COLLEGE - NEW PORT RICHEY     ,FL,34690-4554,Proprietary  ,10,37,47,327,1545,1872
00869413,RASMUSSEN COLLEGE - FORT MYERS          ,FL,33905-7805,Proprietary  ,5,36,41,332,1279,1611
00869420,RASMUSSEN COLLEGE - TAMPA               ,FL,33610-9558,Proprietary  ,3,20,23,31,179,210
00884800,WARNER UNIVERSITY                       ,FL,33859-8725,Private      ,6,26,32,642,811,1453
00884900,PALM BEACH ATLANTIC UNIVERSITY          ,FL,33401-6505,Private      ,10,48,58,2954,2779,5733
00887800,MIAMI INTERNATIONAL UNIV ART&DESIGN     ,FL,33132-1418,Proprietary  ,40,71,111,3782,3604,7386
00910400,RIVERSIDE HAIRSTYLING ACADEMY           ,FL,32207-3810,Proprietary  ,0,3,3,39,135,174
00962111,HERZING UNIVERSITY - ORLANDO            ,FL,32792-5544,Proprietary  ,2,5,7,62,344,406
00963500,FLORIDA INTERNATIONAL UNIVERSITY        ,FL,33199-0001,Public       ,1050,471,1521,31276,30127,61403
00984100,UNIVERSITY OF NORTH FLORIDA             ,FL,32224-2645,Public       ,323,169,492,14198,9434,23632
00990200,SHERIDAN TECHNICAL CENTER               ,FL,33021-3399,Public       ,21,94,115,624,2403,3027
01016100,"LORAINE'S ACADEMY, INC                  ",FL,33710-0000,Proprietary  ,0,23,23,57,332,389
01019500,ART INSTITUTE OF FT LAUDERDALE          ,FL,33316-3000,Proprietary  ,29,50,79,2642,2939,5581
01065200,PASCO-HERNANDO COMMUNITY CLG            ,FL,34654-5199,Public       ,99,237,336,4979,8945,13924
01072401,CARLOS ALBIZU UNIVERSITY                ,FL,33172-0000,Private      ,2,37,39,149,1352,1501
01082600,TOM P. HANEY TECHNICAL CENTER           ,FL,32405-5099,Public       ,3,24,27,231,1282,1513
01112700,GOODING INST OF NUR ANES BAY MED CT     ,FL,32401-0000,Public       ,0,1,1,11,117,128
01226300,ATLANTIC TECHNICAL CENTER               ,FL,33063-3902,Public       ,13,52,65,552,1950,2502
01254400,FIRST COAST TECHNICAL COLLEGE           ,FL,32084-1921,Public       ,7,11,18,333,1142,1475
01257400,RINGLING SCHOOL OF ART AND DESIGN       ,FL,34234-5895,Private      ,4,1,5,1985,430,2415
01303904,SOUTH UNIVERSITY - WEST PALM BEACH CAMPU,FL,33409-5149,Proprietary  ,31,95,126,534,2197,2731
01323400,LORENZO WALKER INST OF TECHNOLOGY       ,FL,34104-4405,Public       ,2,16,18,262,864,1126
02052002,FLORIDA EDUCATION CENTER - LAUDERHILL   ,FL,33313-5857,Proprietary  ,0,0,0,10,32,42
02089600,CONCORDE CAREER INSTITUTE               ,FL,32211-0000,Proprietary  ,17,89,106,290,1864,2154
02106602,AMERICAN INSTITUTE - AMERICAN INSTITUTE ,FL,34747-5161,Proprietary  ,0,17,17,0,18,18
02113609,AMERICAN INTERCONTINENTAL UNIV - WESTON ,FL,33326-3233,Proprietary  ,3,26,29,453,1223,1676
02115300,PINELLAS TECHNICAL EDUCATION CENTERS - S,FL,33711-0000,Public       ,3,46,49,415,2215,2630
02116006,SANFORD-BROWN INSTITUTE - FT. LAUDERDALE,FL,33309-1906,Proprietary  ,18,72,90,272,1230,1502
02121800,EVEREST INSTITUTE                       ,FL,33169-4759,Proprietary  ,31,150,181,497,2041,2538
02121801,EVEREST INSTITUTE  - HIALEAH            ,FL,33012-7193,Proprietary  ,3,7,10,323,681,1004
02148200,FASHION FOCUS HAIR ACADEMY              ,FL,34231-0000,Proprietary  ,1,4,5,31,118,149
02148300,MANHATTAN BEAUTY SCHOOL                 ,FL,33611-0000,Proprietary  ,11,63,74,174,776,950
02149900,PAUL MITCHELL THE SCHOOL-JACKSONVILLE   ,FL,32205-0000,Proprietary  ,18,26,44,261,546,807
02151900,KEISER  UNIVERSITY                      ,FL,33309-0000,Proprietary  ,323,1494,1817,5510,21954,27464
02156300,MARGATE SCHOOL OF BEAUTY                ,FL,33063-0000,Proprietary  ,15,56,71,164,650,814
02156700,FLORIDA CHRISTIAN COLLEGE               ,FL,34744-0000,Private      ,1,2,3,302,280,582
02159600,BAPTIST COLLEGE OF FLORIDA (THE)        ,FL,32440-0000,Private      ,1,4,5,347,366,713
02172700,CONCORDE CAREER INSTITUTE               ,FL,33607-0000,Proprietary  ,12,38,50,204,1018,1222
02188900,HOBE SOUND BIBLE COLLEGE                ,FL,33475-0000,Private      ,1,3,4,94,103,197
02200100,BRADENTON BEAUTY & BARBER ACADEMY       ,FL,34209-0000,Proprietary  ,1,14,15,69,250,319
02215900,ATI CAREER TRAINING CENTER              ,FL,33309-1785,Proprietary  ,24,69,93,406,1420,1826
02218700,FLORIDA TECHNICAL COLLEGE               ,FL,32826-2707,Proprietary  ,81,403,484,621,3209,3830
02218707,FLORIDA TECHNICAL COLLEGE - LAKELAND    ,FL,33813-2101,Proprietary  ,3,10,13,96,596,692
02218709,FLORIDA TECHNICAL COLLEGE - DELAND      ,FL,32720-7415,Proprietary  ,7,102,109,97,579,676
02228300,LAKE TECHNICAL CENTER                   ,FL,32726-0000,Public       ,3,15,18,343,1229,1572
02245500,FORTIS COLLEGE                          ,FL,32789-4679,Proprietary  ,21,100,121,567,1124,1691
02257900,INTERNATIONAL ACADEMY                   ,FL,32119-3541,Proprietary  ,13,31,44,107,322,429
02275100,CONCORDE CAREER INSTITUTE               ,FL,33025-0000,Proprietary  ,15,60,75,184,880,1064
02278800,SOUTHWEST FLORIDA COLLEGE               ,FL,33907-0000,Proprietary  ,25,148,173,572,2589,3161
02278801,SOUTHWEST FLORIDA COLLEGE - TAMPA       ,FL,33619-1344,Proprietary  ,11,21,32,361,891,1252
02278802,SOUTHWEST FLORIDA COLLEGE - INSTITUTUE O,FL,33928-9469,Proprietary  ,0,1,1,14,30,44
02278803,SOUTHWEST FLORIDA COLLEGE - PORT CHARLOT,FL,33953-3100,Proprietary  ,8,57,65,136,745,881
02279600,CORTIVA INSTITUTE - FLORIDA             ,FL,33781-0000,Proprietary  ,7,26,33,78,333,411
02280800,NEW ENGLAND INST TECH-PALM BEACH        ,FL,33407-0000,Proprietary  ,33,96,129,1078,3752,4830
02283800,BEAUTY SCHOOLS OF AMERICA               ,FL,33012-3322,Proprietary  ,113,482,595,847,3781,4628
02287100,LA BELLE BEAUTY SCHOOL                  ,FL,33012-3224,Proprietary  ,3,68,71,45,410,455
02293200,ATI CAREER TRAINING CENTER              ,FL,33309-5916,Proprietary  ,109,325,434,1705,6245,7950
02293201,ATI CAREER TRAINING CENTER - MIAMI      ,FL,33122-1707,Proprietary  ,1,8,9,68,238,306
02293202,ATI CAREER TAINING CENTER - ATI COLLEGE ,FL,87109-2016,Proprietary  ,25,92,117,99,405,504
02293600,ADVANCED TECHNICAL CENTERS              ,FL,33266-1597,Private      ,0,6,6,24,111,135
02297000,CHARLOTTE TECHNICAL CENTER              ,FL,33948-0000,Public       ,3,13,16,218,723,941
02300900,WITHLACOOCHEE TECHNICAL INSTITUTE       ,FL,34450-0000,Public       ,3,6,9,230,856,1086
02305700,FORTIS COLLEGE                          ,FL,33619-1283,Proprietary  ,2,24,26,177,781,958
02305800,FLORIDA CAREER COLLEGE                  ,FL,33012-7028,Proprietary  ,266,799,1065,2521,8301,10822
02307400,GEORGE STONE AREA VOCATIONAL TECHNICAL  ,FL,32526-0000,Public       ,3,24,27,317,1333,1650
02314100,SCHILLER INTERNATIONAL UNIVERSITY       ,FL,33770-0000,Proprietary  ,0,8,8,70,245,315
02316200,MIAMI LAKES TECHNICAL EDUCATION CTR     ,FL,33014-0000,Public       ,50,100,150,473,1445,1918
02321200,ORANGE TECH EDUC CTR- WESTSIDE TECH     ,FL,34787-0000,Public       ,6,42,48,289,1001,1290
02325100,KEY COLLEGE                             ,FL,33004-3046,Proprietary  ,1,3,4,32,138,170
02326303,MEDVANCE INSTITUTE - WEST PALM          ,FL,33461-2171,Proprietary  ,28,97,125,326,1249,1575
02326306,MEDVANCE INSTITUTE - MIAMI              ,FL,33173-3431,Proprietary  ,3,14,17,114,457,571
02326800,MERIDIAN COLLEGE                        ,FL,34240-8478,Proprietary  ,2,12,14,87,456,543
02326801,MERIDIAN CAREER INSTITUTE -             ,FL,33619-1378,Proprietary  ,0,9,9,38,213,251
02326900,SUNSTATE ACADEMY OF HAIR DESIGN         ,FL,33907-1415,Proprietary  ,25,37,62,201,408,609
02329900,FLORIDA INSTITUTE OF ULTRASOUND         ,FL,32514-0000,Proprietary  ,0,6,6,84,340,424
02338400,FT PIERCE BEAUTY ACADEMY                ,FL,34982-0000,Proprietary  ,15,50,65,128,518,646
02341001,FORTIS COLLEGE - DBA FORTIS INSTITUTE   ,FL,32504-7322,Proprietary  ,0,0,0,56,233,289
02346200,WYOTECH                                 ,FL,32174-1010,Proprietary  ,59,78,137,789,1348,2137
02362100,FULL SAIL UNIVERSITY                    ,FL,32792-0000,Proprietary  ,294,813,1107,12001,19868,31869
02499000,ACADEMY OF COSMETOLOGY                  ,FL,32953-3311,Proprietary  ,8,20,28,79,231,310
02501500,"O*TEC, MID-FLORIDA TECH                 ",FL,32809-0000,Public       ,21,62,83,526,1684,2210
02504600,WINTER PARK TECH                        ,FL,32789-0000,Public       ,4,31,35,171,824,995
02508900,TALMUDIC COLLEGE OF FLORIDA             ,FL,33139-0000,Private      ,1,1,2,41,14,55
02511700,RIDGE TECHNICAL CENTER                  ,FL,33881-0000,Public       ,1,22,23,284,1236,1520
02513200,ORLANDO TECHNICAL CENTER                ,FL,32801-0000,Public       ,8,35,43,472,1803,2275
02515400,CITY COLLEGE                            ,FL,33309-3073,Private      ,24,161,185,561,2622,3183
02517100,SARASOTA SCHOOL OF MASSAGE THERAPY      ,FL,34243-6130,Proprietary  ,0,4,4,41,162,203
02524000,SUNSTATE ACADEMY OF HAIR DESIGN         ,FL,34624-0000,Proprietary  ,16,30,46,128,224,352
02524200,ROBERT MORGAN EDUCATIONAL CENTER        ,FL,33177-0000,Public       ,49,98,147,557,1373,1930
02547600,FLORIDA NATIONAL COLLEGE                ,FL,33012-0000,Proprietary  ,58,205,263,1131,3479,4610
02554200,RADFORD LOCKLIN TECH CENTER             ,FL,32570-0000,Public       ,0,4,4,64,247,311
02573200,LA BELLE BEAUTY ACADEMY                 ,FL,33135-0000,Proprietary  ,13,53,66,88,464,552
02586200,FLORIDA CAREER COLLEGE                  ,FL,33759-3924,Proprietary  ,13,64,77,178,958,1136
02586201,FLORIDA CAREER COLLEGE -                ,FL,33569-2553,Proprietary  ,0,0,0,17,42,59
02597100,HERITAGE INSTITUTE                      ,FL,33912-7132,Proprietary  ,21,113,134,432,1707,2139
02598200,SOUTHERN CAREER COLLEGE                 ,FL,32211-0000,Proprietary  ,4,45,49,135,616,751
02599800,EVEREST UNIVERSITY                      ,FL,33770-2556,Proprietary  ,5,56,61,242,1608,1850
02599801,EVEREST UNIVERSITY - TAMPA LAKELAND CAMP,FL,33801-3801,Proprietary  ,5,70,75,301,1922,2223
02599805,EVEREST UNIVERSITY - JACKSONVILLE       ,FL,32256-0000,Proprietary  ,14,72,86,424,2444,2868
02601600,HENRY W BREWSTER TECHNICAL CENTER       ,FL,33602-0000,Public       ,3,13,16,211,958,1169
02612700,ACADEMY OF COSMETOLOGY-PALM BAY         ,FL,32905-2805,Proprietary  ,6,13,19,35,181,216
02616400,SANFORD-BROWN INSTITUTE                 ,FL,32256-3520,Proprietary  ,56,206,262,717,3719,4436
02616401,SANFORD-BROWN INSTITUTE - TAMPA         ,FL,33610-8304,Proprietary  ,22,136,158,411,1989,2400
03003200,EVEREST INSTITUTE                       ,FL,33186-1410,Proprietary  ,16,74,90,472,1230,1702
03003201,EVEREST INSTITUTE - FT. LAUDERDALE      ,FL,33304-2522,Proprietary  ,4,36,40,183,868,1051
03003600,MCFATTER TECHNICAL CENTER               ,FL,33317-7499,Public       ,6,58,64,495,1594,2089
03006801,PENNSYLVANIA CULINARY INSTITUTE - LE COR,FL,33025-3929,Proprietary  ,24,111,135,536,1840,2376
03008600,FLORIDA COLLEGE OF NATURAL HEALTH       ,FL,33064-1342,Proprietary  ,31,126,157,426,1761,2187
03010608,VIRGINIA COLLEGE - PENSACOLA            ,FL,32501-5650,Proprietary  ,6,86,92,188,1506,1694
03010612,VIRGINIA COLLEGE - GOLF ACADEMY OF AMERI,FL,32701-0000,Proprietary  ,2,6,8,131,333,464
03010618,VIRGINIA COLLEGE - JACKSONVILLE         ,FL,32207-5167,Proprietary  ,7,28,35,85,592,677
03012300,ASM BEAUTY WORLD ACADEMY                ,FL,33021-0000,Proprietary  ,5,20,25,33,194,227
03018500,BENE'S INTERNATIONAL SCHOOL OF BEAUTY   ,FL,34652-1637,Proprietary  ,10,28,38,135,454,589
03028200,TRINITY COLLEGE OF FLORIDA              ,FL,34655-4401,Private      ,0,2,2,158,145,303
03031400,INTERNATIONAL ACADEMY OF DESIGN AND TECH,FL,33634-6313,Proprietary  ,148,322,470,2629,6728,9357
03031402,INTERNATIONAL ACADEMY OF DESIGN AND TECH,FL,32809-4613,Proprietary  ,13,39,52,925,1242,2167
03031403,IADT - ORLANDO CULINARY ACADEMY         ,FL,32819-0000,Proprietary  ,31,38,69,333,540,873
03035800,HERITAGE INSTITUTE                      ,FL,32216-0948,Proprietary  ,10,50,60,138,781,919
03035900,NATIONAL AVIATION ACADEMY               ,FL,33760-3931,Proprietary  ,18,55,73,309,804,1113
03037500,HODGES UNIVERSITY                       ,FL,34119-7932,Private      ,34,254,288,741,4522,5263
03054200,FORTIS COLLEGE                          ,FL,33144-2373,Proprietary  ,5,51,56,525,618,1143
03071600,COLLEGE OF BUSINESS & TECHNOLOGY        ,FL,33176-0000,Proprietary  ,11,120,131,257,1755,2012
03071601,COLLEGE OF BUSINESS & TECHNOLOGY -      ,FL,33144-2072,Proprietary  ,0,0,0,55,87,142
03071602,COLLEGE OF BUSINESS & TECHNOLOGY -      ,FL,33012-3436,Proprietary  ,0,0,0,10,35,45
03076402,BRYMAN SCHOOL OF ARIZONA (THE) - ANTHEM ,FL,32803-3509,Proprietary  ,3,8,11,98,298,396
03079800,GEORGE T BAKER AVIATION                 ,FL,33142-5687,Public       ,10,15,25,346,488,834
03079900,CITY COLLEGE                            ,FL,32707-5342,Private      ,2,34,36,80,631,711
03083702,GALEN HEALTH INSTITUTES - FLORIDA CAMPUS,FL,33702-2455,Proprietary  ,0,0,0,23,112,135
03089200,NOUVELLE INSTITUTE                      ,FL,33125-4141,Proprietary  ,4,51,55,55,610,665
03096300,FORTIS INSTITUTE                        ,FL,33860-0000,Proprietary  ,4,25,29,63,286,349
03099600,MERCY HOSPITAL SCHOOL OF PRACTICAL NSG  ,FL,33133-4237,Private      ,0,15,15,86,284,370
03100800,TAYLOR TECHNICAL INSTITUTE              ,FL,32348-0894,Public       ,1,5,6,73,311,384
03101900,TRINITY BAPTIST COLLEGE                 ,FL,32221-1398,Private      ,2,4,6,217,178,395
03103900,MARION COUNTY COMMUNITY TECH & ADUL     ,FL,34474-3172,Public       ,2,20,22,393,1455,1848
03108500,EVERGLADES UNIVERSITY                   ,FL,33431-0000,Private      ,10,124,134,232,1966,2198
03108600,COM-PU-MED VOCATIONAL CAREERS           ,FL,33012-4861,Proprietary  ,12,106,118,83,612,695
03113400,ACADEMY OF HEALING ARTS                 ,FL,33463-2113,Proprietary  ,7,30,37,39,220,259
03114700,PRAXIS INSTITUTE                        ,FL,33135-2657,Proprietary  ,9,61,70,153,1138,1291
03115500,FLORIDA HOSPITAL COLG OF HEALTH SCI     ,FL,32803-1237,Private      ,17,47,64,1369,3420,4789
03123900,KEISER CAREER COLLEGE                   ,FL,33413-0000,Proprietary  ,39,157,196,630,2305,2935
03125600,MIAMI AD SCHOOL                         ,FL,33139-5203,Proprietary  ,0,6,6,80,457,537
03127900,TECHNICAL EDUCATION CTR OSCEOLA         ,FL,34744-4459,Public       ,10,25,35,347,1128,1475
03158300,LEE COUNTY HIGH TECH CENTER NORTH       ,FL,33993-2479,Public       ,2,9,11,186,655,841
03171300,UNIVERSITY OF ST. AUGUSTINE FOR HEALTH S,FL,32084-4215,Proprietary  ,1,13,14,39,1365,1404
03178400,CORAL RIDGE NURSES ASST TRAINING        ,FL,33306-0000,Proprietary  ,0,1,1,25,154,179
03224300,NEW PROFESSIONS TECHNICAL INSTITUTE     ,FL,33134-1640,Proprietary  ,12,161,173,81,966,1047
03230300,CHOICE HIGH SCHOOL AND TECHNICAL CENTER ,FL,32547-1299,Public       ,3,6,9,126,731,857
03238300,FLORIDA COLLEGE OF INTEGRATIVE MED      ,FL,32809-5721,Proprietary  ,2,7,9,60,375,435
03255300,FLORIDA GULF COAST UNIVERSITY           ,FL,33965-6565,Public       ,143,74,217,11081,5099,16180
03256300,YESHIVA GEDOLAH RABBINICAL COLLEGE      ,FL,33139-4708,Private      ,3,1,4,26,8,34
03264300,SOUTH FLORIDA BIBLE COLLEGE AND THEOLOGI,FL,33441-5768,Private      ,0,3,3,10,87,97
03346300,ACAD FOR PRAC NURSING & HEALTH OCCP     ,FL,33417-4574,Private      ,16,90,106,234,998,1232
03348400,PROFESSIONAL TRAINING CENTERS           ,FL,33184-0000,Proprietary  ,3,19,22,160,768,928
03373300,BEACON COLLEGE                          ,FL,34748-5224,Private      ,1,0,1,146,90,236
03374300,FLORIDA COASTAL SCHOOL OF LAW           ,FL,32256-0000,Proprietary  ,1,14,15,55,3242,3297
03382300,BRADFORD-UNION AREA CAREERTECHNICAL CENT,FL,32091-2434,Public       ,2,10,12,48,296,344
03390300,LINCOLN TECHNICAL INSTITUTE             ,FL,32730-2351,Proprietary  ,5,29,34,191,1019,1210
03411400,INTERNATIONAL TRAINING CAREERS          ,FL,33155-1462,Private      ,7,61,68,59,510,569
03414500,ACUPUNCTURE AND MASSAGE COLLEGE         ,FL,33176-1509,Proprietary  ,2,19,21,61,352,413
03425400,CENTRAL FLORIDA INSTITUTE               ,FL,34684-4436,Proprietary  ,16,46,62,277,985,1262
03429600,ATLANTIC INST OF ORIENTAL MEDICINE      ,FL,33316-0000,Private      ,0,4,4,16,188,204
03429700,EAST WEST COLLG OF NATURAL MEDICINE     ,FL,34236-4959,Proprietary  ,0,5,5,24,229,253
03433400,NEW CONCEPT MASSAGE AND BEAUTY SCHO     ,FL,33135-0000,Proprietary  ,1,19,20,24,178,202
03434300,FORTIS COLLEGE                          ,FL,32073-2999,Proprietary  ,23,87,110,259,1056,1315
03459400,SAINT PETERSBURG THEOLOGICAL SEMINA     ,FL,33708-3116,Private      ,0,0,0,5,29,34
03480301,MEDVANCE INSTITUTE - FORT LAUDERDALE    ,FL,33313-7261,Proprietary  ,5,37,42,152,715,867
03480302,MEDVANCE INSTITUTE - STUART             ,FL,34994-3000,Proprietary  ,6,25,31,101,756,857
03491400,AMERICAN ADVANCED TECHNICIANS INST      ,FL,33014-4430,Proprietary  ,8,44,52,52,272,324
03549300,ULTIMATE MEDICAL ACADEMY                ,FL,33756-5802,Proprietary  ,127,1894,2021,945,11811,12756
03553300,KEISER CAREER COLLEGE                   ,FL,32216-0000,Proprietary  ,13,52,65,245,1226,1471
03557300,NORTH FLORIDA COSMETOLOGY INSTITUTE     ,FL,32312-0000,Proprietary  ,8,23,31,117,395,512
03564300,"INTERNATIONAL SCHOOL OF HEALTH, BEAUTY &",FL,33311-1141,Proprietary  ,17,88,105,101,604,705
03570400,ENGLISH CENTER (THE)                    ,FL,33133-2703,Public       ,1,57,58,32,361,393
03595400,ANGLEY COLLEGE                          ,FL,32720-4257,Proprietary  ,7,60,67,73,543,616
03611400,FLORIDA BARBER ACADEMY                  ,FL,33441-0000,Proprietary  ,11,86,97,86,627,713
03618300,FLORIDA INSTITUTE OF ANIMAL ARTS        ,FL,32792-1740,Proprietary  ,11,32,43,148,325,473
03627400,JACKSONVILLE BEAUTY INSTITUTE           ,FL,32208-1885,Proprietary  ,6,19,25,96,326,422
03627600,FLORIDA EDUCATION INSTITUTE             ,FL,33144-5036,Proprietary  ,6,29,35,103,544,647
03661400,SOUTH FLORIDA INSTITUTE OF TECHNOLO     ,FL,33135-0000,Proprietary  ,17,176,193,124,1073,1197
03691400,AVE MARIA SCHOOL OF LAW                 ,FL,34119-1376,Private      ,1,3,4,52,1017,1069
03696400,SABER                                   ,FL,33134-1604,Private      ,5,42,47,41,534,575
03706300,AMERICAN INSTITUTE                      ,FL,33319-5613,Proprietary  ,20,47,67,233,791,1024
03757300,ADVANCE SCIENCE INSTITUTE               ,FL,33012-0000,Proprietary  ,1,17,18,36,178,214
03801400,BEAUTY INSTITUTE (THE)                  ,FL,33409-2972,Proprietary  ,3,25,28,45,241,286
03801401,BEAUTY INSTITUTE (THE) - MARGATE        ,FL,33068-5704,Proprietary  ,0,0,0,8,32,40
03816300,ARTISTIC NAILS & BEAUTY ACADEMY         ,FL,33605-5919,Proprietary  ,11,58,69,149,511,660
03823300,FLORIDA ACADEMY OF HEALTH & BEAUTY      ,FL,33311-0000,Proprietary  ,0,13,13,31,112,143
03832300,DADE MEDICAL COLLEGE                    ,FL,33126-5534,Proprietary  ,18,170,188,598,2283,2881
03842500,CAMBRIDGE INSTITUTE OF ALLIED HEALTH    ,FL,32750-0000,Proprietary  ,2,9,11,50,299,349
03856300,UNIVERSAL BEAUTY SCHOOL                 ,FL,33174-4406,Proprietary  ,6,27,33,22,139,161
03856500,FLORIDA SCHOOL OF TRADITIONAL MIDWIFERY ,FL,32601-5507,Private      ,0,2,2,12,135,147
03866300,GALIANO CAREER ACADEMY                  ,FL,32701-5039,Proprietary  ,0,0,0,12,66,78
03875300,MCI INSTITUTE OF TECHNOLOGY             ,FL,33409-4937,Proprietary  ,36,99,135,171,692,863
03888300,DRAGON RISES COLLEGE OF ORIENTAL MEDICIN,FL,32601-5089,Proprietary  ,0,0,0,8,83,91
03903500,SOUTHERN TECHNICAL COLLEGE              ,FL,32809-0000,Proprietary  ,20,164,184,301,2029,2330
03906300,CAREER INSTITUTE OF FLORIDA             ,FL,33773-3434,Proprietary  ,2,19,21,52,487,539
03911300,TOTAL INTERNATIONAL CAREER INSTITUTE    ,FL,33012-0000,Proprietary  ,5,121,126,31,675,706
03939300,WOLFORD COLLEGE                         ,FL,34108-1931,Proprietary  ,0,1,1,19,358,377
03939400,CENTURA INSTITUTE                       ,FL,32807-3566,Proprietary  ,4,61,65,94,815,909
03939600,DAYTONA COLLEGE                         ,FL,32174-8445,Proprietary  ,6,39,45,142,456,598
03941300,AVE MARIA UNIVERSITY                    ,FL,34142-9505,Private      ,3,3,6,809,215,1024
03957400,NEW COLLEGE OF FLORIDA                  ,FL,34243-2109,Public       ,6,8,14,1619,433,2052
03985300,COMMERCIAL DIVING ACADEMY               ,FL,32208-0000,Proprietary  ,2,20,22,292,900,1192
03986300,AVIATOR COLLEGE OF AERONAUTICAL SCIENCE ,FL,34946-9022,Proprietary  ,2,8,10,75,172,247
04016500,AMERICAN INSTITUTE OF BEAUTY            ,FL,33773-0000,Proprietary  ,13,23,36,112,302,414
04029300,TRENDSETTERS OF FLORIDA SCHOOL OF BEAUTY,FL,32205-4737,Proprietary  ,1,7,8,25,109,134
04058300,HEALTH OPPORTUNITY TECHNICAL CENTER     ,FL,33169-4517,Proprietary  ,0,0,0,43,381,424
04083400,INSTITUTE OF ALLIED MEDICAL PROFESSIONS ,FL,33484-6543,Proprietary  ,2,7,9,62,451,513
04105400,PENSACOLA SCHOOL OF MASSAGE THERAPY & HE,FL,32504-7337,Proprietary  ,2,15,17,64,342,406
04106300,PALM BEACH ACADEMY OF HEALTH & BEAUTY   ,FL,33403-2130,Proprietary  ,3,17,20,50,211,261
04116400,FUTURE-TECH INSTITUTE                   ,FL,33135-4142,Proprietary  ,0,3,3,9,42,51
04116600,TAYLOR COLLEGE                          ,FL,34420-8714,Proprietary  ,0,12,12,51,417,468
04119400,AVEDA INSTITUTE - SAINT PETERSBURG      ,FL,33701-4242,Proprietary  ,42,58,100,563,945,1508
04120400,HI-TECH SCHOOL OF COSMETOLOGY           ,FL,33174-0000,Proprietary  ,6,15,21,106,165,271
04126900,ACADEMY OF CAREER TRAINING              ,FL,34741-4644,Proprietary  ,10,37,47,174,538,712
04127400,DIGITAL MEDIA ARTS COLLEGE              ,FL,33431-5919,Proprietary  ,6,10,16,290,285,575
04128400,MANAGEMENT RESOURCES INSTITUTE          ,FL,33126-5473,Proprietary  ,6,216,222,33,1068,1101
04129300,INTERNATIONAL B NATURALE BEAUTY SCHOOL  ,FL,33311-1152,Proprietary  ,1,5,6,7,40,47
04129900,FLORIDA SCHOOL OF MASSAGE               ,FL,32608-5419,Proprietary  ,6,15,21,106,299,405
04130400,SHEAR EXCELLENCE INTERNATIONAL HAIR ACAD,FL,33614-2783,Private      ,0,0,0,51,126,177
04131900,FASTTRAIN OF MIAMI                      ,FL,33134-1065,Proprietary  ,72,76,148,158,427,585
04132000,FASTTRAIN OF FORT LAUDERDALE            ,FL,33317-3127,Proprietary  ,42,100,142,140,625,765
04132100,FASTTRAIN OF TAMPA                      ,FL,33607-4153,Proprietary  ,14,63,77,52,269,321
04132200,FASTTRAIN OF JACKSONVILLE               ,FL,32256-4849,Proprietary  ,7,60,67,46,400,446
04133500,ACADEMY FOR FIVE ELEMENT ACUPUNCTURE    ,FL,32601-6811,Private      ,1,0,1,11,141,152
04134800,AVEDA INSTITUTE - TALLAHASSEE           ,FL,32304-3186,Proprietary  ,13,18,31,181,345,526
04134900,ORANGE PARK BEAUTY ACADEMY              ,FL,32073-5524,Proprietary  ,1,15,16,23,120,143
04135000,COZMO THE SCHOOL                        ,FL,34135-4810,Proprietary  ,3,12,15,47,114,161
04135900,ALLIED HEALTH INSTITUTE                 ,FL,33068-0000,Proprietary  ,3,105,108,77,1152,1229
04140800,NORTH FLORIDA ACADEMY                   ,FL,32065-7758,Proprietary  ,1,7,8,30,96,126
04143000,VOCATIONAL INSTITUTE OF FLORIDA         ,FL,33135-1939,Proprietary  ,2,14,16,2,14,16
04143100,PROFESSIONAL HANDS INSTITUTE            ,FL,33135-1939,Proprietary  ,4,22,26,52,679,731
04145900,CELEBRITY SCHOOL OF BEAUTY              ,FL,33144-4153,Proprietary  ,11,47,58,96,340,436
04146200,WALTON CAREER DEVELOPMENT CENTER        ,FL,32433-1557,Public       ,0,3,3,27,160,187
04146300,MARCHMAN TECHNICAL EDUCATION CENTER     ,FL,34653-1211,Public       ,2,3,5,41,142,183
04147800,ROSE TRAINING INSTITUTE                 ,FL,33881-4094,Proprietary  ,2,10,12,14,195,209
04148500,MEDICAL INSTITUTE OF PALM BEACH         ,FL,33460-5042,Proprietary  ,7,33,40,78,329,407
04150800,IMMOKALEE TECHNICAL CENTER              ,FL,34142-3146,Public       ,2,4,6,109,208,317
04151500,AMERICAN ACADEMY OF COSMETOLOGY         ,FL,32065-8026,Proprietary  ,5,17,22,49,163,212
04156300,UNIVERSITY OF FORT LAUDERDALE           ,FL,33313-5809,Private      ,0,9,9,20,105,125
04156400,AVIATION INSTITUTE OF MAINTENANCE       ,FL,32803-6487,Proprietary  ,14,20,34,112,356,468
04157100,AEROSIM FLIGHT ACADEMY                  ,FL,32773-9683,Proprietary  ,3,3,6,40,93,133
04158300,FLAGLER TECHNICAL INSTITUTE             ,FL,32137-4714,Public       ,7,12,19,11,64,75
04162000,JOSE MARIA VARGAS UNIVERSITY            ,FL,33025-4534,Proprietary  ,0,1,1,0,1,1
04162500,HOLLYWOOD INSTITUTE OF BEAUTY CAREERS   ,FL,33020-4807,Proprietary  ,16,56,72,81,416,497
04163000,SALON PROFESSIONAL ACADEMY (THE)        ,FL,33624-6321,Proprietary  ,1,6,7,71,142,213
04163100,SALON PROFESSIONAL ACADEMY (THE)        ,FL,32607-1672,Proprietary  ,2,6,8,62,138,200
04163200,SALON PROFESSIONAL ACADEMY (THE)        ,FL,32162-9311,Proprietary  ,3,25,28,76,212,288
04164500,EUREKA INSTITUTE OF HEALTH AND BEAUTY   ,FL,33174-4205,Proprietary  ,0,7,7,4,66,70
04164600,D. A. DORSEY EDUCATIONAL CENTER         ,FL,33147-6304,Public       ,0,1,1,0,1,1
04167300,SALON PROFESSIONAL ACADEMY (THE)        ,FL,33904-4824,Proprietary  ,2,5,7,43,79,122
04170300,BEAUTY ACADEMY OF SOUTH FLORIDA         ,FL,33012-3221,Proprietary  ,12,25,37,28,90,118
04173600,NOTTER SCHOOL OF PASTRY ARTS            ,FL,32809-7755,Proprietary  ,1,4,5,20,73,93
04176800,PROGRESSIVE TRAINING CENTERS            ,FL,33060-9238,Proprietary  ,0,22,22,0,22,22
04176900,AMERICAN HEALTH INSTITUTE               ,FL,34654-3743,Proprietary  ,3,23,26,12,67,79
04182500,MILLENNIA ATLANTIC UNIVERSITY           ,FL,33178-2369,Proprietary  ,2,7,9,2,7,9
04188300,FLORIDA ACADEMY                         ,FL,33966-1155,Proprietary  ,0,16,16,0,16,16
00160500,CHAMINADE UNIV OF HONOLULU              ,HI,96816-1578,Private      ,11,38,49,1809,2071,3880
00160600,BRIGHAM YOUNG UNIV-HAWAII CAMPUS        ,HI,96762-1294,Private      ,14,15,29,1633,954,2587
00161000,UNIVERSITY OF HAWAII AT MANOA           ,HI,96822-2399,Public       ,33,61,94,12280,9630,21910
00161100,UNIVERSITY OF HAWAII AT HILO            ,HI,96720-4091,Public       ,9,18,27,3468,2800,6268
00161200,HONOLULU COMMUNITY COLLEGE              ,HI,96817-4598,Public       ,16,34,50,1958,2442,4400
00161300,KAPIOLANI COMMUNITY COLLEGE             ,HI,96816-4421,Public       ,23,75,98,3255,3792,7047
00161400,KAUAI COMMUNITY COLLEGE                 ,HI,96766-9591,Public       ,8,3,11,493,759,1252
00161500,UNIVERSITY OF HAWAII MAUI COLLEGE       ,HI,96732-1644,Public       ,11,25,36,1567,3285,4852
00454900,LEEWARD COMMUNITY COLLEGE               ,HI,96782-3393,Public       ,18,59,77,2537,3230,5767
00525800,HAWAII COMMUNITY COLLEGE                ,HI,96720-4075,Public       ,7,24,31,1791,2746,4537
00723401,HEALD COLLEGE - HONOLULU                ,HI,96814-0000,Proprietary  ,44,161,205,1339,2598,3937
00727900,HAWAII PACIFIC UNIVERSITY               ,HI,96813-2882,Private      ,13,77,90,4751,4173,8924
01122000,WINDWARD COMMUNITY COLLEGE              ,HI,96744-0000,Public       ,7,27,34,1009,1550,2559
02100300,MED-ASSIST SCHOOL OF HAWAII             ,HI,96813-0000,Proprietary  ,3,1,4,97,319,416
02107800,UNIVERSITY OF HAWAII - WEST OAHU        ,HI,96782-0000,Public       ,12,20,32,980,1484,2464
02139500,HAWAII INSTITUTE OF HAIR DESIGN         ,HI,96817-5195,Proprietary  ,7,20,27,72,214,286
03017800,TRAVEL INSTITUTE OF THE PACIFIC         ,HI,96814-1946,Proprietary  ,3,37,40,63,209,272
03072500,WORLD MEDICINE INSTITUTE                ,HI,96826-0000,Private      ,0,0,0,29,107,136
03649300,HAWAII TECHNOLOGY INSTITUTE             ,HI,96813-3036,Private      ,1,6,7,45,171,216
03735300,INST OF CLINICAL ACUPUNCTURE & ORIENT MD,HI,96813-2307,Proprietary  ,0,0,0,5,51,56
03999400,TRADITIONAL CHINESE MEDICAL COLLEGE OF H,HI,96743-8324,Private      ,0,0,0,6,62,68
04154100,PACIFIC RIM CHRISTIAN COLLEGE           ,HI,96819-2228,Private      ,2,3,5,57,102,159
04165200,MAUNA LOA HELICOPTERS                   ,HI,96740-2650,Proprietary  ,0,2,2,0,2,2
04169600,HEISEI INTERNATIONAL INSTITUTE OF MASSAG,HI,96814-2254,Proprietary  ,0,0,0,4,21,25
04175100,PAUL MITCHELL THE SCHOOL HONOLULU       ,HI,96816-2433,Proprietary  ,9,23,32,27,77,104
04182200,HAWAII MEDICAL INSTITUTE                ,HI,96814-3518,Proprietary  ,7,35,42,20,141,161
00161600,BOISE STATE UNIVERSITY                  ,ID,83725-1000,Public       ,50,184,234,12636,13887,26523
00161700,"COLLEGE OF IDAHO, THE                   ",ID,83605-4432,Private      ,3,12,15,1548,433,1981
00161900,COLLEGE OF SOUTHERN IDAHO               ,ID,83301-0000,Public       ,28,137,165,3545,5277,8822
00161908,COLLEGE OF WESTERN IDAHO                ,ID,83687-1515,Public       ,73,235,308,3427,7127,10554
00162000,IDAHO STATE UNIVERSITY                  ,ID,83209-5377,Public       ,25,114,139,5726,10647,16373
00162100,LEWIS-CLARK STATE COLLEGE               ,ID,83501-2698,Public       ,8,48,56,2517,2763,5280
00162300,NORTH IDAHO COLLEGE                     ,ID,83814-2199,Public       ,29,145,174,3238,5236,8474
00162400,NORTHWEST NAZARENE UNIVERSITY           ,ID,83686-5897,Private      ,6,48,54,1547,1497,3044
00162500,BRIGHAM YOUNG UNIVERSITY-IDAHO          ,ID,83460-1650,Private      ,205,263,468,11239,8710,19949
00162600,UNIVERSITY OF IDAHO                     ,ID,83844-4291,Public       ,21,58,79,9585,5262,14847
00732915,ITT TECHNICAL INSTITUTE                 ,ID,83713-1529,Proprietary  ,32,99,131,957,2993,3950
00987300,MR JUAN'S CLG OF HAIR DESIGN            ,ID,83301-4154,Proprietary  ,0,3,3,29,66,95
01113300,EASTERN IDAHO TECHNICAL COLLEGE         ,ID,83404-5788,Public       ,8,24,32,440,1597,2037
02218000,CARRINGTON COLLEGE                      ,ID,83704-0000,Proprietary  ,14,82,96,390,1640,2030
02234500,BOISE BIBLE COLLEGE                     ,ID,83714-1220,Private      ,2,3,5,187,121,308
02275800,MR LEONS SCHOOL OF HAIR DESIGN          ,ID,83843-8384,Proprietary  ,2,7,9,34,74,108
02275801,MR. LEON'S SCHOOL OF HAIR DESIGN        ,ID,83501-1910,Proprietary  ,0,0,0,7,29,36
02314000,SCHOOL OF HAIRSTYLING (THE)             ,ID,83202-0000,Proprietary  ,1,2,3,45,105,150
02319800,HEADMASTERS SCHOOL OF HAIR DESIGN       ,ID,83814-0000,Proprietary  ,13,12,25,161,283,444
02349200,HEADMASTERS SCHOOL OF HAIR DESIGN       ,ID,83501-0000,Proprietary  ,1,5,6,39,77,116
02559500,RAZZLE DAZZLE CLG OF HAIR DESIGN        ,ID,83686-5104,Proprietary  ,3,11,14,64,206,270
02607100,PAUL MITCHELL THE SCHOOL BOISE          ,ID,83709-1662,Proprietary  ,5,5,10,160,278,438
03098700,ACADEMY OF COURT REPORTING              ,ID,83704-8320,Proprietary  ,23,109,132,273,1223,1496
03832400,COSMETOLOGY SCHOOL OF ARTS & SCIENCES   ,ID,83318-1327,Proprietary  ,0,5,5,17,101,118
04051323,ART INSTITUTE OF PHOENIX (THE) - BROWN M,ID,83709-2746,Proprietary  ,1,4,5,236,1166,1402
04134300,EVANS HAIRSTYLING COLLEGE               ,ID,83440-5277,Proprietary  ,4,3,7,61,70,131
04144500,HAIR ACDMY PAUL MITCHELL PARTNER SCHOOL ,ID,83440-2600,Proprietary  ,3,9,12,133,195,328
04150600,D & L ACADEMY OF HAIR DESIGN            ,ID,83301-6229,Proprietary  ,1,2,3,22,41,63
04155200,OLIVER FINLEY ACADEMY OF COSMETOLOGY    ,ID,83704-8011,Proprietary  ,3,13,16,101,219,320
04163800,MASTER EDUCATORS BEAUTY SCHOOL          ,ID,83301-4118,Proprietary  ,2,1,3,28,66,94
04168600,COLLEGE OF MASSAGE THERAPY              ,ID,83221-1758,Proprietary  ,0,0,0,11,31,42
04176700,D'SHAW INSTITUTE OF COSMETOLOGY         ,ID,83704-4406,Proprietary  ,0,4,4,15,30,45
00163200,AQUINAS INSTITUTE OF THEOLOGY           ,MO,63108-3323,Private      ,0,0,0,8,90,98
00244900,AVILA COLLEGE                           ,MO,64145-1698,Private      ,7,37,44,1188,1753,2941
00245000,CALVARY BIBLE COLLEGE                   ,MO,64147-1341,Private      ,2,7,9,170,257,427
00245200,CENTRAL BIBLE COLLEGE                   ,MO,65803-1096,Private      ,0,4,4,630,405,1035
00245300,CENTRAL METHODIST UNIVERSITY            ,MO,65248-1198,Private      ,3,42,45,1593,1346,2939
00245301,CENTRAL METHODIST UNIVERSITY            ,MO,63601-0000,Private      ,0,0,0,82,229,311
00245302,CENTRAL METHODIST UNIVERSITY- UNION     ,MO,63084-0000,Private      ,0,0,0,45,96,141
00245400,UNIVERSITY OF CENTRAL MISSOURI          ,MO,64093-5178,Public       ,25,121,146,8176,5191,13367
00245500,DEVRY INSTITUTE OF TECHNOLOGY           ,MO,64131-3626,Proprietary  ,0,0,0,181,278,459
00245600,COLUMBIA COLLEGE                        ,MO,65216-4581,Private      ,42,698,740,3123,20225,23348
00245700,CONCORDIA SEMINARY                      ,MO,63105-3199,Private      ,2,12,14,7,494,501
00245800,COTTEY COLLEGE                          ,MO,64772-2790,Private      ,2,0,2,347,52,399
00245900,CROWDER COLLEGE                         ,MO,64850-9165,Public       ,64,113,177,2569,3792,6361
00246000,CULVER STOCKTON COLLEGE                 ,MO,63435-1299,Private      ,2,1,3,1094,171,1265
00246100,DRURY UNIVERSITY                        ,MO,65802-3791,Private      ,19,90,109,2776,4702,7478
00246200,EDEN THEOLOGICAL SEMINARY               ,MO,63119-0000,Private      ,0,2,2,5,129,134
00246300,EVANGEL UNIVERSITY                      ,MO,65802-2125,Private      ,3,16,19,2268,969,3237
00246400,FONTBONNE UNIVERSITY                    ,MO,63105-3098,Private      ,4,38,42,1266,2978,4244
00246600,HARRIS-STOWE STATE COLLEGE              ,MO,63103-2199,Public       ,7,25,32,1655,2131,3786
00246700,CONCEPTION SEMINARY COLLEGE             ,MO,64433-0502,Private      ,1,0,1,69,18,87
00246800,JEFFERSON COLLEGE                       ,MO,63050-2441,Public       ,53,141,194,3044,3904,6948
00247100,ST LOUIS COMMUNITY COLLEGE              ,MO,63102-0000,Public       ,254,689,943,11921,21084,33005
00247300,KANSAS CITY ART INSTITUTE               ,MO,64111-1874,Private      ,2,7,9,1323,380,1703
00247400,KANSAS CITY UNIV OF MED AND BIOSCIENCES ,MO,64106-0000,Private      ,0,5,5,57,1138,1195
00247600,KENRICK-GLENNON SEMINARY                ,MO,63119-0000,Private      ,0,0,0,1,2,3
00247600,KENRICK-GLENNON SEMINARY                ,MO,63119-4330,Private      ,2,1,3,7,8,15
00247700,A.T. STILL UNIV OF HEALTH SCIENCES      ,MO,63501-0000,Private      ,1,28,29,18,3098,3116
00247900,LINCOLN UNIVERSITY                      ,MO,65101-3500,Public       ,20,44,64,2946,2161,5107
00248000,LINDENWOOD UNIVERSITY                   ,MO,63301-1695,Private      ,15,173,188,6003,8403,14406
00248200,MARYVILLE UNIVERSITY                    ,MO,63141-7299,Private      ,8,51,59,2319,2846,5165
00248400,METROPOLITAN COMMUNITY COLLEGE          ,MO,64111-2408,Public       ,206,644,850,10588,18613,29201
00248500,MIDWESTERN BAPTIST THEOL SEMINARY       ,MO,64118-4697,Private      ,1,5,6,77,335,412
00248600,MINERAL AREA COLLEGE                    ,MO,63601-1000,Public       ,33,75,108,2209,3157,5366
00248800,MISSOURI SOUTHERN STATE UNIVERSITY      ,MO,64801-1595,Public       ,31,76,107,4133,4200,8333
00248900,MISSOURI VALLEY COLLEGE                 ,MO,65340-3197,Private      ,2,12,14,1643,504,2147
00249000,MISSOURI WESTERN STATE UNIVERSITY       ,MO,64507-2294,Public       ,15,66,81,4820,3144,7964
00249100,MOBERLY AREA COMMUNITY COLLEGE          ,MO,65270-1304,Public       ,62,147,209,3107,3991,7098
00249400,NAZARENE THEOLOGICAL SEMINARY           ,MO,64131-1246,Private      ,0,1,1,5,221,226
00249500,TRUMAN STATE UNIVERSITY                 ,MO,63501-4221,Public       ,7,9,16,5939,655,6594
00249600,NORTHWEST MISSOURI STATE UNIV           ,MO,64468-6001,Public       ,10,45,55,7068,1592,8660
00249800,PARK UNIVERSITY                         ,MO,64152-3795,Private      ,20,346,366,1434,9055,10489
00249900,ROCKHURST UNIVERSITY                    ,MO,64110-2561,Private      ,3,26,29,2002,1532,3534
00250000,COLLEGE OF THE OZARKS                   ,MO,65726-2502,Private      ,5,1,6,3251,407,3658
00250100,SOUTHEAST MISSOURI STATE UNIV           ,MO,63701-4799,Public       ,32,78,110,8448,4718,13166
00250200,SOUTHWEST BAPTIST UNIVERSITY            ,MO,65613-2597,Private      ,6,30,36,2277,1815,4092
00250300,MISSOURI STATE UNIVERSITY               ,MO,65897-0094,Public       ,77,132,209,14718,8247,22965
00250400,ST LOUIS COLLEGE OF PHARMACY            ,MO,63110-1088,Private      ,1,14,15,823,653,1476
00250600,SAINT LOUIS UNIVERSITY                  ,MO,63103-2097,Private      ,19,108,127,9386,8697,18083
00250900,SAINT PAUL SCHOOL OF THEOLOGY           ,MO,64127-2499,Private      ,0,5,5,4,194,198
00251200,STEPHENS COLLEGE                        ,MO,65215-0001,Private      ,1,15,16,1034,715,1749
00251400,NORTH CENTRAL MISSOURI COLLEGE          ,MO,64683-1824,Public       ,10,40,50,892,1277,2169
00251600,UNIVERSITY OF MISSOURI-COLUMBIA         ,MO,65211-1600,Public       ,70,165,235,24449,9437,33886
00251700,MISSOURI UNIVERSITY OF SCIENCE & TECHNOL,MO,65409-0250,Public       ,26,13,39,5292,1374,6666
00251800,UNIVERSITY OF MISSOURI-KANSAS CITY      ,MO,64110-2497,Public       ,29,147,176,7431,10467,17898
00251900,UNIVERSITY OF MISSOURI-ST LOUIS         ,MO,63121-4499,Public       ,33,134,167,6177,10888,17065
00252000,WASHINGTON UNIVERSITY                   ,MO,63130-4899,Private      ,9,38,47,13515,6663,20178
00252001,WASHINGTON UNIV-SCHOOL OF MEDICINE      ,MO,63110-0000,Private      ,1,4,5,93,1357,1450
00252100,WEBSTER UNIVERSITY                      ,MO,63119-3194,Private      ,8,209,217,3357,14511,17868
00252200,WENTWORTH MILITARY ACADEMY              ,MO,64067-1799,Private      ,7,8,15,229,266,495
00252300,WESTMINSTER COLLEGE                     ,MO,65251-1299,Private      ,3,2,5,1411,139,1550
00252400,WILLIAM JEWELL COLLEGE                  ,MO,64068-1896,Private      ,1,9,10,1656,373,2029
00252500,WILLIAM WOODS UNIVERSITY                ,MO,65251-2388,Private      ,8,90,98,1159,2103,3262
00405704,NATIONAL AMERICAN UNIVERSITY            ,MO,64057-1791,Proprietary  ,0,18,18,79,715,794
00441300,ST JOHNS HOSP SCH RAD TECH              ,MO,65802-0000,Private      ,0,0,0,72,129,201
00470300,LOGAN COLLEGE OF CHIROPRACTIC           ,MO,63006-1065,Private      ,2,9,11,82,1196,1278
00470700,COVENANT THEOLOGICAL SEMINARY           ,MO,63141-8697,Private      ,1,3,4,8,570,578
00471100,LINN STATE TECHNICAL COLLEGE            ,MO,65051-9607,Public       ,28,8,36,1306,527,1833
00471300,THREE RIVERS COMMUNITY COLLEGE          ,MO,63901-2393,Public       ,85,136,221,2059,3446,5505
00528800,KIRKSVILLE AREA TECHNICAL CENTER        ,MO,63501-0000,Public       ,0,0,0,39,86,125
00528900,WAYNESVILLE CAREER CENTER               ,MO,65583-2131,Public       ,0,2,2,74,148,222
00542400,SOUTH CENTRAL CAREER CENTER             ,MO,65775-3334,Public       ,0,4,4,59,186,245
00542600,SIKESTON CAREER AND TECHNOLOGY CTR      ,MO,63801-0000,Public       ,1,2,3,66,172,238
00542900,ROLLA TECHNICAL INSTITUTE               ,MO,65401-3601,Public       ,2,6,8,301,370,671
00543000,POPLAR BLUFF TECHNICAL CAREER CNTR      ,MO,63901-0000,Public       ,1,0,1,57,162,219
00543800,SALINE COUNTY CAREER CENTER             ,MO,65340-0000,Public       ,0,0,0,15,78,93
00544500,TRUMAN MEDICAL CENTER SCHOOL OF NURSE AN,MO,64108-2677,Private      ,1,2,3,72,224,296
00553100,GRAND RIVER TECHNICAL SCHOOL            ,MO,64601-1299,Public       ,0,2,2,98,67,165
00553200,CAPE GIRARDEAU CAREER & TECHNOLOGY CENTE,MO,63703-7511,Public       ,4,9,13,176,516,692
00638900,BARNES JEWISH COLLEGE OF NURSING AND ALL,MO,63110-1091,Private      ,1,10,11,369,984,1353
00639200,RESEARCH COLLEGE OF NURSING             ,MO,64132-1199,Proprietary  ,0,6,6,136,398,534
00639201,RESEARCH MEDICAL CENTER - COLLEGE OF NUR,MO,64132-1199,Proprietary  ,0,1,1,24,88,112
00639202,RESEARCH MED CTR SCHL OF RAD TECH       ,MO,64132-0000,Proprietary  ,0,0,0,23,77,100
00666600,LUTHERAN  SCHOOL OF NURSING             ,MO,63118-3909,Proprietary  ,2,5,7,113,458,571
00732923,ITT TECHNICAL INSTITUTE                 ,MO,63045-1122,Proprietary  ,59,228,287,1585,5076,6661
00754000,MISSOURI BAPTIST UNIVERSITY             ,MO,63141-8698,Private      ,3,91,94,1615,2622,4237
00808000,STATE FAIR COMMUNITY COLLEGE            ,MO,65301-0000,Public       ,46,139,185,2487,3833,6320
00826900,HILLYARD TECHNICAL CENTER               ,MO,64506-0000,Public       ,1,4,5,121,291,412
00855200,STEVENS INSTITUTE OF BUSINESS & ARTS    ,MO,63103-0000,Proprietary  ,4,13,17,104,210,314
00860600,TRI-COUNTY TECHNICAL SCHOOL             ,MO,65026-0000,Public       ,0,5,5,18,102,120
00886200,EAST CENTRAL COLLEGE                    ,MO,63084-0529,Public       ,32,75,107,2267,2940,5207
00908900,HANNIBAL-LAGRANGE COLLEGE               ,MO,63401-1999,Private      ,1,5,6,834,592,1426
00952000,NATIONAL ACADEMY OF BEAUTY ARTS         ,MO,63128-1307,Proprietary  ,9,9,18,184,463,647
00959000,INDEPENDENCE COLLEGE OF COSMETOLOGY     ,MO,64055-1105,Proprietary  ,1,10,11,60,152,212
00960700,HOUSE OF HEAVILIN BEAUTY COLLEGE        ,MO,64110-2826,Proprietary  ,3,9,12,41,163,204
00978200,SAINT LUKE'S COLLEGE OF HEALTH SCIENCES ,MO,64114-3237,Private      ,0,0,0,88,267,355
00979500,MISSOURI COLLEGE                        ,MO,63144-2901,Proprietary  ,14,72,86,530,1579,2109
01014814,COLORADO TECHNL UNIV NORTH KANSAS CITY  ,MO,64116-3614,Proprietary  ,9,47,56,280,1701,1981
01027900,HICKEY COLLEGE                          ,MO,63146-0000,Proprietary  ,6,3,9,523,376,899
01040500,PINNACLE CAREER INSTITUTE               ,MO,64131-3367,Proprietary  ,31,302,333,375,3346,3721
01040501,PINNACLE CAREER INSTITUTE - NORTH KANSAS,MO,64153-1151,Proprietary  ,10,49,59,85,590,675
01050303,WICHITA TECHNICAL INSTITUTE - WTI JOPLIN,MO,64801-2970,Proprietary  ,0,11,11,56,400,456
01102600,WARRENSBURG AREA VOC TECH SCH           ,MO,64093-0000,Public       ,1,1,2,34,83,117
01173500,PIKE/LINCOLN TECHNICAL CENTER           ,MO,63344-0000,Public       ,0,2,2,49,127,176
01212000,ASSEMBLIES OF GOD THEO. SEMINARY        ,MO,65802-0000,Private      ,0,4,4,18,290,308
01250000,RANKEN TECHNICAL COLLEGE                ,MO,63113-2811,Private      ,15,56,71,1637,1984,3621
01258000,ST LOUIS CHRISTIAN COLLEGE              ,MO,63033-6499,Private      ,1,4,5,214,276,490
01320800,BAPTIST BIBLE COLLEGE                   ,MO,65803-3498,Private      ,1,2,3,367,265,632
02056100,FOUR RIVERS CAREER CENTER               ,MO,63090-0000,Public       ,0,0,0,20,71,91
02066900,NICHOLS CAREER CENTER                   ,MO,65101-2814,Public       ,0,3,3,97,173,270
02068200,COX HEALTH - COX COLLEGE                ,MO,65802-0000,Private      ,5,21,26,268,989,1257
02068202,COX HEALTH - RADIOLOGIC TECHNOLOGY      ,MO,65802-0000,Private      ,0,1,1,56,161,217
02068204,COX HEALTH - MEDICAL TECHNOLOGY         ,MO,65807-0000,Private      ,0,2,2,56,133,189
02073600,KENNETT CAREER & TECHNOLOGY CENTER      ,MO,63857-0000,Public       ,2,3,5,17,91,108
02090400,BOONSLICK TECHNICAL EDUCATION CTR       ,MO,65233-0000,Public       ,1,2,3,20,80,100
02121100,MIDWEST INSTITUTE                       ,MO,63122-0000,Proprietary  ,2,17,19,117,473,590
02124500,FRANKLIN TECHNOLOGY CENTER              ,MO,64801-0000,Public       ,0,4,4,108,476,584
02142200,LEX LA RAY TECHNICAL CENTER             ,MO,64067-0000,Public       ,0,0,0,27,97,124
02151000,HANNIBAL CAREER AND TECHNICAL CENTE     ,MO,63401-2285,Public       ,0,0,0,35,116,151
02154900,MISSOURI SCH OF BARB & HAIR             ,MO,63031-0000,Proprietary  ,2,5,7,7,29,36
02164200,FOREST INST PROFESSIONAL PSYCHOLOGY     ,MO,65807-0000,Private      ,1,2,3,21,412,433
02165900,CHILLICOTHE BEAUTY ACADEMY              ,MO,64601-0000,Proprietary  ,0,2,2,14,50,64
02180200,METRO BUSINESS COLLEGE                  ,MO,63701-0000,Proprietary  ,11,54,65,185,1227,1412
02188000,NORTHWEST TECHNICAL SCHOOL              ,MO,64468-0000,Public       ,0,1,1,5,3,8
02188100,NORTHLAND CAREER CENTER                 ,MO,64079-8333,Public       ,0,1,1,23,107,130
02202700,OZARK CHRISTIAN COLLEGE                 ,MO,64801-0000,Private      ,0,4,4,596,218,814
02203400,NEVADA REGIONAL TECHNICAL CENTER        ,MO,64772-0000,Public       ,0,0,0,35,68,103
02205200,SANFORD-BROWN COLLEGE                   ,MO,63026-7305,Proprietary  ,33,101,134,394,1988,2382
02205203,SANFORD BROWN COLLEGE-ST. PETERS        ,MO,63376-5950,Proprietary  ,16,73,89,277,1465,1742
02214500,SALEM COLLEGE OF HAIRSTYLING            ,MO,65401-0000,Proprietary  ,1,3,4,16,53,69
02239200,ANTHEM COLLEGE                          ,MO,63043-0000,Proprietary  ,41,134,175,665,1737,2402
02239202,ANTHEM COLLEGE - METRO SOUTH            ,MO,63026-0000,Proprietary  ,0,7,7,48,152,200
02250600,EVEREST COLLEGE                         ,MO,65807-2446,Proprietary  ,11,44,55,162,994,1156
02263106,ANTHEM COLLEGE - ANTHEM COLLEGE - KANSAS,MO,64114-3232,Proprietary  ,2,6,8,30,121,151
02263400,LAKE CAREER AND TECHNICAL CENTER        ,MO,65020-0000,Public       ,0,2,2,10,63,73
02266400,CENTRAL CHRISTIAN CLG OF THE BIBLE      ,MO,65270-0000,Private      ,1,2,3,243,174,417
02277500,HOUSE OF HEAVILIN OF BLUE SPRINGS       ,MO,64014-3953,Proprietary  ,3,10,13,84,157,241
02289200,COLUMBIA AREA CAREER CENTER             ,MO,65203-0000,Public       ,2,10,12,89,338,427
02295700,MISSOURI BEAUTY ACADEMY                 ,MO,63640-1827,Proprietary  ,3,9,12,71,194,265
02300105,EVEREST COLLEGE - EARTH CITY            ,MO,63045-1100,Proprietary  ,25,116,141,311,1563,1874
02304000,MISSOURI TECH                           ,MO,63303-3887,Proprietary  ,1,3,4,82,231,313
02309100,AMERICAN COLLEGE OF HAIR DESIGN         ,MO,65301-2144,Proprietary  ,2,6,8,41,94,135
02313000,CASS CAREER CENTER                      ,MO,64701-0000,Public       ,0,1,1,26,84,110
02340500,ST LOUIS COLLEGE OF HEALTH CAREERS      ,MO,63110-0000,Proprietary  ,12,60,72,248,1139,1387
02340501,ST LOUIS COLLEGE OF HEALTH              ,MO,63129-0000,Proprietary  ,0,0,0,39,121,160
02342100,CAREER & TECHNOLOGY CTR AT FT OSAGE     ,MO,64058-0000,Public       ,0,3,3,15,71,86
02361600,CONCORDE CAREER COLLEGE                 ,MO,64111-0000,Proprietary  ,41,125,166,329,1635,1964
02497500,CLINTON TECHNICAL SCHOOL                ,MO,64735-2966,Public       ,1,1,2,23,74,97
02520800,MERRELL UNIV OF BTY ARTS & SCIENCES     ,MO,65109-0000,Proprietary  ,2,12,14,87,212,299
02530600,SAINT CHARLES COMMUNITY COLLEGE         ,MO,63376-0975,Public       ,30,85,115,4174,4012,8186
02543800,PARIS II EDUCATIONAL CENTER (THE)       ,MO,64118-0000,Proprietary  ,10,9,19,95,238,333
02555300,PATSY AND ROB'S ACADEMY OF BEAUTY       ,MO,63074-0000,Proprietary  ,0,5,5,61,126,187
02564700,ELAINE STEVEN BEAUTY COLLEGE            ,MO,63136-0000,Proprietary  ,8,26,34,78,270,348
02564701,ELAINE STEVEN BEAUTY COLLEGE - ADVANCE B,MO,63383-2006,Proprietary  ,0,1,1,2,14,16
02564702,ELAINE STEVEN BEAUTY COLLEGE - ADVANCE B,MO,63401-2269,Proprietary  ,0,0,0,8,12,20
02568500,GRABBER SCHOOL OF HAIR DESIGN           ,MO,63011-0000,Proprietary  ,1,8,9,64,161,225
02599700,VATTEROTT COLLEGE                       ,MO,63134-2900,Proprietary  ,23,110,133,542,2455,2997
02599701,VATTEROTT COLLEGE - KANSAS CITY         ,MO,64129-1692,Proprietary  ,8,89,97,233,1587,1820
02599702,VATTEROTT COLLEGE - SPRINGFIELD LOCATION,MO,65807-5340,Proprietary  ,5,53,58,167,1091,1258
02599703,VATTEROTT COLLEGE - JOPLIN              ,MO,64801-5033,Proprietary  ,3,30,33,129,880,1009
02599705,VATTEROTT COLLEGE - SUNSET HILLS        ,MO,63127-1516,Proprietary  ,4,64,68,166,1158,1324
02599712,VATTEROTT COLLEGE - O'FALLON            ,MO,63366-2748,Proprietary  ,3,27,30,118,631,749
02608000,NEOSHO BEAUTY COLLEGE                   ,MO,64850-1525,Proprietary  ,1,5,6,23,80,103
02609202,VATTEROTT COLLEGE-ST JOSEPH             ,MO,64501-2911,Proprietary  ,9,33,42,163,605,768
02609203,VATTEROTT COLLEGE - L'ECOLE CULINAIRE   ,MO,63124-1103,Proprietary  ,7,31,38,224,924,1148
02611004,HERITAGE COLLEGE-KANSAS CITY            ,MO,64131-4203,Proprietary  ,29,99,128,303,1368,1671
03042400,LEBANON TECHNOLOGY & CAREER CENTER      ,MO,65536-3296,Public       ,1,2,3,45,173,218
03066300,BRYAN CAREER COLLEGE                    ,MO,65806-2507,Proprietary  ,10,51,61,107,865,972
03066303,BRYAN COLLEGE - COLUMBIA                ,MO,65201-8248,Proprietary  ,1,24,25,2,26,28
03068600,SPECIAL SCHOOL DISTRICT OF ST. LOUIS CO.,MO,63127-0000,Public       ,1,10,11,53,623,676
03070200,CENTRAL COLLEGE OF COSMETOLOGY          ,MO,65583-0000,Proprietary  ,2,3,5,33,137,170
03070900,SE MO HOSP CLG NURSING & HEALTH SCI     ,MO,63703-4507,Private      ,1,3,4,156,361,517
03077200,COSMETOLOGY CONCEPTS INSTITUTE          ,MO,65202-1972,Proprietary  ,1,4,5,37,128,165
03083000,OZARKS TECHNICAL COMMUNITY COLLEGE      ,MO,65802-3601,Public       ,114,341,455,7577,12546,20123
03092600,MESSENGER COLLEGE                       ,MO,64804-4909,Private      ,0,3,3,38,84,122
03097600,ST LOUIS HAIR ACADEMY                   ,MO,63107-1737,Proprietary  ,0,3,3,25,92,117
03101000,NEW DIMENSION SCHOOL OF HAIR DESIGN     ,MO,64801-5017,Proprietary  ,2,2,4,25,76,101
03106000,MISSOURI STATE UNIVERSITY - WEST PLAINS ,MO,65775-2715,Public       ,25,30,55,1260,1604,2864
03110900,HOUSE OF HEAVILIN BEAUTY COLLEGE        ,MO,64083-9195,Proprietary  ,6,6,12,30,69,99
03166300,MOBERLY AREA TECHNICAL CENTER           ,MO,65270-1904,Public       ,1,4,5,53,79,132
03174300,HERNDON CAREER CENTER                   ,MO,64138-2695,Public       ,1,1,2,6,5,11
03519300,MISSOURI COLLEGE OF COSMETOLOGY NORTH   ,MO,65803-1235,Proprietary  ,1,3,4,94,276,370
03528300,MIDWEST UNIVERSITY                      ,MO,63385-2905,Private      ,0,0,0,14,74,88
03579300,TEXAS COUNTY TECHNICAL INSTITUTE        ,MO,65483-2700,Private      ,0,11,11,48,336,384
03616300,AVIATION INSTITUTE OF MAINTENANCE       ,MO,64129-1811,Proprietary  ,6,25,31,88,542,630
03663400,UNIVERSITY OF COSMETOLOGY               ,MO,63080-1910,Proprietary  ,0,0,0,9,33,42
03878300,PROFESSIONAL MASSAGE TRAINING CENTER    ,MO,65803-2939,Proprietary  ,3,16,19,55,198,253
03916300,ECLIPS SCHOOL OF COSMETOLOGY AND BARBERI,MO,63703-5809,Proprietary  ,5,10,15,44,171,215
03924300,HAIR ACADEMY 110 (THE)                  ,MO,63501-2915,Proprietary  ,0,2,2,18,37,55
03970400,WELLSPRING SCHOOL OF ALLIED HEALTH      ,MO,64114-3313,Proprietary  ,2,5,7,42,184,226
04037500,ACADEMY OF HAIR DESIGN                  ,MO,65804-2303,Proprietary  ,3,13,16,69,250,319
04051329,ART INSTITUTE OF PHOENIX (THE) - BROWN M,MO,63026-2564,Proprietary  ,0,1,1,0,6,6
04118700,AMERICAN COLLEGE OF TECHNOLOGY          ,MO,64506-2006,Proprietary  ,0,12,12,32,202,234
04119100,CITY VISION COLLEGE                     ,MO,64141-3188,Private      ,1,2,3,16,120,136
04122300,GRANTHAM UNIVERSITY                     ,MO,64153-2262,Proprietary  ,0,75,75,2,295,297
04127000,PEMISCOT COUNTY SPECIAL SCHOOL DISTRICT ,MO,63851-1666,Public       ,0,0,0,8,63,71
04130300,VICTORY TRADE SCHOOL                    ,MO,65803-2754,Private      ,1,6,7,5,58,63
04130600,"CENTER FOR HEALING ARTS (THE), LLC      ",MO,63143-2103,Proprietary  ,6,3,9,40,152,192
04133300,TREND SETTERS SCHOOL OF COSMETOLOGY     ,MO,63702-7607,Proprietary  ,0,2,2,46,113,159
04145200,TRANSFORMED BARBER AND COSMETOLOGY ACADE,MO,64137-1207,Proprietary  ,5,17,22,77,298,375
04145700,THE SYSTEM A PAUL MITCHELL PARTNER SCHL ,MO,65807-5969,Proprietary  ,6,12,18,149,241,390
04146100,URSHAN GRADUATE SCHOOL OF THEOLOGY      ,MO,63031-7526,Private      ,0,0,0,7,45,52
04170600,SALON PROFESSIONAL ACADEMY (THE)        ,MO,63301-1021,Proprietary  ,2,11,13,19,50,69
04170700,PAUL MITCHELL THE SCHOOL ST LOUIS       ,MO,63108-1554,Proprietary  ,5,9,14,66,86,152
04173900,COSMETOLOGY COLLEGE OF FRANKLIN COUNTY  ,MO,63077-3448,Proprietary  ,0,1,1,1,4,5
04174000,SKIN INSTITUTE                          ,MO,63128-1307,Proprietary  ,1,3,4,7,45,52
04174800,AMERICAN TRADE SCHOOL                   ,MO,63074-1807,Proprietary  ,2,5,7,13,81,94
04184400,SEYMOUR BEAUTY ACADEMY                  ,MO,65746-8743,Proprietary  ,0,6,6,2,12,14
00163201,AQUINAS INSTITUTE OF THEOLOGY - MINISTRY,OK,73123-0380,Private      ,0,0,0,0,23,23
00314600,WESTERN OKLAHOMA STATE COLLEGE          ,OK,73521-1397,Public       ,20,53,73,722,1320,2042
00314700,BACONE COLLEGE                          ,OK,74403-1597,Private      ,18,31,49,1084,983,2067
00314900,SOUTHERN NAZARENE UNIVERSITY            ,OK,73008-2694,Private      ,1,75,76,1299,2093,3392
00315000,CAMERON UNIVERSITY                      ,OK,73505-6377,Public       ,31,174,205,2397,4391,6788
00315100,OKLAHOMA WESLEYAN UNIVERSITY            ,OK,74006-6299,Private      ,0,18,18,798,1121,1919
00315200,UNIV OF CENTRAL OKLAHOMA                ,OK,73034-5209,Public       ,42,155,197,9082,8272,17354
00315300,CONNORS STATE COLLEGE                   ,OK,74469-9700,Public       ,26,72,98,1219,1902,3121
00315400,EAST CENTRAL UNIVERSITY                 ,OK,74820-6999,Public       ,26,78,104,2714,3475,6189
00315500,EASTERN OKLAHOMA STATE COLLEGE          ,OK,74578-4999,Public       ,27,43,70,963,1484,2447
00315600,REDLANDS COMMUNITY COLLEGE              ,OK,73036-5304,Public       ,17,55,72,876,1540,2416
00315700,LANGSTON UNIVERSITY                     ,OK,73050-0000,Public       ,13,44,57,2091,2221,4312
00315800,MURRAY STATE COLLEGE                    ,OK,73460-3137,Public       ,43,79,122,1355,2376,3731
00316000,NORTHEASTERN OKLAHOMA A & M COLLEGE     ,OK,74354-6497,Public       ,61,49,110,1801,1466,3267
00316100,NORTHEASTERN STATE UNIVERSITY           ,OK,74464-2399,Public       ,19,134,153,5348,7064,12412
00316200,NORTHERN OKLAHOMA COLLEGE               ,OK,74653-0310,Public       ,28,68,96,2040,2685,4725
00316300,NORTHWESTERN OKLAHOMA STATE UNIV        ,OK,73717-2799,Public       ,9,26,35,1437,1081,2518
00316400,OKLAHOMA BAPTIST UNIVERSITY             ,OK,74801-2590,Private      ,7,3,10,2029,439,2468
00316500,OKLAHOMA CHRISTIAN UNIVERSITY           ,OK,73131-0000,Private      ,7,12,19,2156,856,3012
00316600,OKLAHOMA CITY UNIVERSITY                ,OK,73106-1493,Private      ,8,33,41,2611,2967,5578
00316700,UNIV OF SCIENCE & ARTS OF OKLAHOMA      ,OK,73018-5322,Public       ,5,15,20,816,560,1376
00316800,ROGERS STATE UNIVERSITY                 ,OK,74017-3252,Public       ,26,66,92,2665,3361,6026
00317000,OKLAHOMA STATE UNIVERSITY               ,OK,74078-1026,Public       ,82,124,206,15661,8522,24183
00317200,OKLAHOMA STATE UNIVERSITY-OKMULGEE      ,OK,74447-3901,Public       ,27,66,93,1962,2193,4155
00317400,OKLAHOMA PANHANDLE STATE UNIVERSITY     ,OK,73939-0000,Public       ,7,10,17,924,503,1427
00317600,CARL ALBERT STATE COLLEGE               ,OK,74953-5208,Public       ,19,65,84,1380,2353,3733
00317800,SEMINOLE STATE COLLEGE                  ,OK,74818-1902,Public       ,22,56,78,1000,1674,2674
00317900,SOUTHEASTERN OKLAHOMA STATE UNIV        ,OK,74701-0609,Public       ,30,67,97,2615,2740,5355
00318000,SOUTHWESTERN CHRISTIAN UNIVERSITY       ,OK,73008-2335,Private      ,1,25,26,344,408,752
00318100,SOUTHWESTERN OKLAHOMA STATE UNIV        ,OK,73096-3098,Public       ,30,65,95,3109,2262,5371
00318101,SOUTHWESTERN OK STATE UNIV AT SAYRE     ,OK,73662-0000,Public       ,7,10,17,189,329,518
00318300,ST GREGORY'S UNIVERSITY                 ,OK,74804-2499,Private      ,2,24,26,354,556,910
00318308,SAINT GREGORY'S UNIVERSITY - IPD TULSA  ,OK,74135-2499,Private      ,0,4,4,41,263,304
00318400,UNIVERSITY OF OKLAHOMA                  ,OK,73019-4078,Public       ,75,171,246,16736,11004,27740
00318401,UNIVERSITY OF OKLAHOMA-HLTH SCI CTR     ,OK,73190-0000,Public       ,3,32,35,582,3768,4350
00318500,UNIVERSITY OF TULSA                     ,OK,74104-3189,Private      ,18,22,40,3126,2204,5330
00398500,ORAL ROBERTS UNIVERSITY                 ,OK,74171-0001,Private      ,11,44,55,3157,1852,5009
00531100,TULSA COUNTY AREA VOC TECH SCHOOL       ,OK,74145-0000,Public       ,5,29,34,343,1859,2202
00531200,RED RIVER TECHNOLOGY CENTER             ,OK,73533-2700,Public       ,0,6,6,41,220,261
00533900,METRO TECHNOLOGY CENTERS SCH DIST22     ,OK,73111-0000,Public       ,7,42,49,269,1813,2082
00533903,METRO TECHNOLOGY CENTERS SCH DIST22     ,OK,73129-0000,Public       ,4,25,29,114,632,746
00694200,MID-AMERICA CHRISTIAN UNIVERSITY        ,OK,73170-4504,Private      ,4,134,138,451,2267,2718
00767800,SPARTAN COLLEGE OF AERONAUTICS AND TECHN,OK,74115-5800,Proprietary  ,24,31,55,1183,1259,2442
00791100,VIRGILS BEAUTY COLLEGE                  ,OK,74401-6802,Proprietary  ,2,4,6,32,65,97
00834300,AUTRY TECHNOLOGY CENTER                 ,OK,73703-2598,Public       ,1,1,2,97,376,473
00861900,TRI COUNTY TECHNOLOGY CENTER            ,OK,74006-6029,Public       ,1,0,1,108,269,377
00918500,ROSE STATE COLLEGE                      ,OK,73110-2799,Public       ,60,253,313,2937,6894,9831
00920400,KIAMICHI AREA VOC TECH SCHOOL           ,OK,74578-0548,Public       ,0,7,7,336,1158,1494
00920408,KIAMICHI AREA VOC TECH SCHOOL           ,OK,74953-0000,Public       ,0,6,6,55,205,260
00961800,TULSA WELDING SCHOOL                    ,OK,74104-0000,Proprietary  ,145,289,434,1481,2413,3894
00964700,"OKLAHOMA STATE UNIV, OKLA CITY          ",OK,73107-6159,Public       ,46,215,261,2636,7005,9641
00970800,EVES COLLEGE OF HAIRSTYLING             ,OK,73501-4359,Proprietary  ,3,6,9,37,154,191
00976300,TULSA COMMUNITY COLLEGE                 ,OK,74135-6198,Public       ,96,416,512,8413,14800,23213
00996300,CADDO KIOWA VOC TECH CENTER             ,OK,73038-0000,Public       ,0,4,4,101,442,543
00996400,CENTRAL OKLAHOMA AREA VOC TECH SCH      ,OK,74030-9613,Public       ,0,5,5,99,367,466
00996500,CANADIAN VALLEY TECHNOLOGY CENTER       ,OK,73036-9117,Public       ,2,7,9,108,558,666
00996800,GORDON COOPER TECHNOLOGY CENTER         ,OK,74804-9913,Public       ,0,6,6,122,539,661
01005300,INDIAN CAPITAL TECHNOLGY CENTER #4      ,OK,74403-9907,Public       ,2,8,10,189,808,997
01026600,HILLSDALE FREE WILL BAPTIST COLLEGE     ,OK,73153-0000,Private      ,0,3,3,215,89,304
01034200,SOUTHERN OKLAHOMA TECHNOLOGY CENTER     ,OK,73401-2100,Public       ,2,4,6,88,336,424
01039100,OKLAHOMA CITY COMMUNITY COLLEGE         ,OK,73159-4444,Public       ,90,385,475,5009,11093,16102
01050304,WTI TULSA CAMPUS                        ,OK,74112-3140,Proprietary  ,4,18,22,25,285,310
01071700,GREAT PLAINS TECHNOLOGY CENTER SCHOOL DI,OK,73505-8399,Public       ,2,25,27,145,665,810
01076200,WESTERN OK AREA VOC TECH SCH DIST12     ,OK,73624-1469,Public       ,1,0,1,65,171,236
01120600,PIONEER TECHNOLOGY CENTER               ,OK,74601-1106,Public       ,1,6,7,45,276,321
01128200,OKLAHOMA STATE UNV CLG OSTEOPTHC MD     ,OK,74107-0000,Public       ,2,0,2,84,693,777
01153700,MID-AMERICA TECHNOLOGY CENTER           ,OK,73095-0210,Public       ,4,2,6,53,122,175
01227200,MOORE-NORMAN TECHNOLOGY CENTER          ,OK,73069-8399,Public       ,2,13,15,211,976,1187
02052700,NORTHEAST TECHNOLOGY CENTER             ,OK,74361-0487,Public       ,1,14,15,143,690,833
02060800,MERIDIAN TECHNOLOGY CENTER              ,OK,74074-0000,Public       ,3,7,10,127,440,567
02126500,ENID BEAUTY COLLEGE                     ,OK,73701-0000,Proprietary  ,6,6,12,32,78,110
02184400,SAND SPRINGS BEAUTY COLLEGE             ,OK,74063-0000,Proprietary  ,3,17,20,44,194,238
02197300,HOLLYWOOD COSMETOLOGY CENTER            ,OK,73189-0000,Proprietary  ,1,3,4,15,63,78
02222700,FRANCIS TUTTLE TECHNOLOGY CENTER        ,OK,73142-0000,Public       ,8,30,38,352,1739,2091
02238500,CENTRAL STATE BEAUTY ACADEMY            ,OK,73162-6007,Proprietary  ,2,9,11,69,320,389
02250900,E OK COUNTY AREA VO-TECH                ,OK,73020-0000,Public       ,0,3,3,49,126,175
02256200,"BROKEN ARROW BEAUTY COLLEGE, INC        ",OK,74012-0000,Proprietary  ,5,19,24,110,309,419
02282100,HIGH PLAINS AREA VOC-TECH               ,OK,73801-0000,Public       ,0,0,0,40,131,171
02306800,PLATT COLLEGE                           ,OK,74145-0000,Proprietary  ,23,177,200,429,2824,3253
02510300,BEAUTY TECHNICAL COLLEGE                ,OK,74465-0000,Proprietary  ,1,7,8,16,61,77
02531200,WOODWARD BEAUTY COLLEGE                 ,OK,73801-0000,Proprietary  ,0,2,2,8,53,61
02554300,AMERICAN BEAUTY INSTITUTE               ,OK,74501-0000,Proprietary  ,0,1,1,19,79,98
02556500,YUKON BEAUTY COLLEGE                    ,OK,73099-4108,Proprietary  ,0,2,2,12,49,61
02560200,PHILLIPS THEOLOGICAL SEMINARY -         ,OK,74116-5612,Private      ,0,3,3,1,106,107
02581100,CLAREMORE BEAUTY COLLEGE                ,OK,74017-7034,Proprietary  ,0,3,3,6,42,48
02581200,CC'S COSMETOLOGY COLLEGE                ,OK,74129-0000,Proprietary  ,2,16,18,53,330,383
02591101,CAREER POINT INSTITUTE                  ,OK,74146-0000,Proprietary  ,1,4,5,42,230,272
02596501,ATI-CAREER TRAINING CENTER - OKLAHOMA CI,OK,73107-2442,Proprietary  ,22,98,120,55,287,342
02596502,ATI- CAREER TRAINING CENTER - OKLAHOMA C,OK,76101-2740,Proprietary  ,2,23,25,26,198,224
02597400,PONTOTOC TECHNOLOGY CENTER SCHOOL       ,OK,74820-8621,Public       ,0,16,16,84,271,355
02599706,VATTEROTT COLLEGE - TULSA               ,OK,74146-2205,Proprietary  ,3,24,27,81,660,741
02600000,NORTHWEST TECHNOLOG CTR SCH DIST 10     ,OK,73717-9600,Public       ,0,0,0,37,74,111
02600500,WES WATKINS TECHNOLOGY CENTER           ,OK,74883-9660,Public       ,0,4,4,39,240,279
02609205,VATTEROTT COLLEGE - OKLAHOMA CITY       ,OK,73127-2103,Proprietary  ,2,32,34,81,896,977
03008700,SOUTHWEST TECHNOLOGY CENTER             ,OK,73521-1527,Public       ,0,4,4,40,128,168
03024700,STILLWATER BEAUTY ACADEMY               ,OK,74075-3467,Proprietary  ,0,2,2,15,55,70
03030700,OKLAHOMA SCHOOL OF PHOTOGRAPHY          ,OK,73160-3320,Proprietary  ,1,6,7,42,164,206
03030800,AMERICAN BROADCASTING SCHOOL            ,OK,73115-3334,Proprietary  ,4,45,49,72,428,500
03051100,CHISHOLM TRAIL TECHNOLOGY CENTER        ,OK,73764-9720,Public       ,0,1,1,19,90,109
03078500,TECH INST OF COSMETOLOGY ARTS & SCI     ,OK,74120-3610,Proprietary  ,2,4,6,25,102,127
03103800,SOUTHERN SCHOOL OF BEAUTY               ,OK,74701-5008,Proprietary  ,0,3,3,23,74,97
03109800,PONCA CITY BEAUTY COLLEGE               ,OK,74601-4201,Proprietary  ,2,4,6,5,33,38
03109801,BARTLESVILLE BEAUTY COLLEGE             ,OK,74003-2835,Proprietary  ,0,3,3,4,48,52
03115100,HERITAGE COLLEGE                        ,OK,73119-0000,Proprietary  ,24,99,123,322,1626,1948
03124800,PLATT COLLEGE                           ,OK,73501-3808,Proprietary  ,7,36,43,83,499,582
03124901,IMAGINE -  PAUL MITCHELL PARTNER SCHOOL ,OK,73072-4831,Proprietary  ,10,15,25,52,101,153
03126200,GREEN COUNTRY AREA VOC TECH SCHOOL      ,OK,74447-1217,Public       ,3,2,5,41,148,189
03198400,MID-DEL AREA VOCATIONAL & TECH SCH      ,OK,73110-4825,Public       ,2,2,4,32,178,210
03329400,PRYOR BEAUTY COLLEGE                    ,OK,74361-0000,Proprietary  ,1,7,8,8,51,59
03329401,PRYOR BEAUTY COLLEGE - GROVE BEAUTY COLL,OK,74345-0009,Proprietary  ,1,5,6,11,31,42
03329402,PRYOR BEAUTY COLLEGE - NORTH EAST OKLAHO,OK,74338-0000,Proprietary  ,1,0,1,5,12,17
03367400,COMMUNITY CARE COLLEGE                  ,OK,74145-6420,Proprietary  ,50,180,230,552,2224,2776
03396300,OKLAHOMA HEALTH ACADEMY                 ,OK,74105-6220,Proprietary  ,4,13,17,77,368,445
03396400,OKLAHOMA HEALTH ACADEMY                 ,OK,73160-3667,Proprietary  ,10,22,32,74,279,353
03453400,SHAWNEE BEAUTY COLLEGE                  ,OK,74801-7014,Proprietary  ,1,9,10,15,62,77
03676300,FAMILY OF FAITH COLLEGE                 ,OK,74802-1805,Private      ,0,1,1,21,25,46
03831300,INSTITUTE OF HAIR DESIGN                ,OK,74804-0000,Proprietary  ,1,15,16,11,56,67
03928300,CENTRAL STATE MASSAGE ACADEMY           ,OK,73162-6007,Proprietary  ,2,4,6,34,126,160
04027300,4-STATES ACADEMY OF COSMETOLOGY         ,OK,74354-0000,Proprietary  ,0,1,1,13,50,63
04051324,ART INSTITUTE OF PHOENIX (THE) - BROWN M,OK,74146-5234,Proprietary  ,5,52,57,131,785,916
04060300,AMERICAN INSTITUTE OF MEDICAL TECHNOLOGY,OK,74146-5201,Proprietary  ,1,4,5,52,254,306
04062300,BROOKLINE COLLEGE                       ,OK,73114-6318,Proprietary  ,4,13,17,63,242,305
04121300,4-STATES OKMULGEE ACADEMY OF COSMETOLOGY,OK,74447-0000,Proprietary  ,1,0,1,9,45,54
04133600,CUTTER'S EDGE SCHOOL OF COSMETOLOGY     ,OK,74023-2905,Proprietary  ,0,0,0,8,29,37
04144400,ACADEMY OF HAIR DESIGN (THE)            ,OK,73120-6808,Proprietary  ,2,4,6,67,180,247
00163700,BETHANY THEOLOGICAL SEMINARY            ,IN,47374-0000,Private      ,0,2,2,4,68,72
00178400,ANCILLA COLLEGE-FINANCIAL AID OFFC      ,IN,46513-0001,Private      ,2,12,14,534,690,1224
00178500,ANDERSON UNIVERSITY                     ,IN,46012-3495,Private      ,5,23,28,2756,1296,4052
00178600,BALL STATE UNIVERSITY                   ,IN,47306-0880,Public       ,28,271,299,22221,10714,32935
00178700,BETHEL COLLEGE INC                      ,IN,46545-5591,Private      ,0,36,36,1701,1644,3345
00178800,BUTLER UNIVERSITY                       ,IN,46208-3487,Private      ,5,25,30,6728,2082,8810
00178900,CHRISTIAN THEOLOGICAL SEMINARY          ,IN,46208-0000,Private      ,0,2,2,5,292,297
00179200,DEPAUW UNIVERSITY                       ,IN,46135-0037,Private      ,3,0,3,3330,169,3499
00179300,EARLHAM COLLEGE                         ,IN,47374-4095,Private      ,1,1,2,1595,193,1788
00179301,EARLHAM SCHOOL OF RELIGION              ,IN,47374-0000,Private      ,0,0,0,19,64,83
00179500,UNIVERSITY OF EVANSVILLE                ,IN,47722-0002,Private      ,4,14,18,4066,994,5060
00179800,FRANKLIN COLLEGE OF INDIANA             ,IN,46131-2623,Private      ,0,2,2,1929,266,2195
00179900,GOSHEN COLLEGE                          ,IN,46526-4794,Private      ,2,5,7,1064,519,1583
00180000,GRACE COLLEGE & THEO SEMINARY           ,IN,46590-1224,Private      ,0,10,10,1615,898,2513
00180100,HANOVER COLLEGE                         ,IN,47243-0108,Private      ,1,2,3,2141,109,2250
00180300,HUNTINGTON UNIVERSITY                   ,IN,46750-1299,Private      ,1,14,15,1468,497,1965
00180400,UNIVERSITY OF INDIANAPOLIS              ,IN,46227-3697,Private      ,3,65,68,6039,5048,11087
00180500,INDIANA INSTITUTE OF TECHNOLOGY         ,IN,46803-1297,Private      ,6,67,73,2029,4266,6295
00180700,INDIANA STATE UNIVERSITY                ,IN,47809-2501,Public       ,22,105,127,11414,7911,19325
00180800,UNIVERSITY OF SOUTHERN INDIANA          ,IN,47712-3596,Public       ,15,59,74,9455,4295,13750
00180900,INDIANA UNIVERSITY-BLOOMINGTON          ,IN,47405-1223,Public       ,42,119,161,32801,13432,46233
00181100,INDIANA UNIV-EAST                       ,IN,47374-1289,Public       ,9,43,52,1583,2565,4148
00181300,INDIANA UNIV-PURDUE UNIV INDPLS         ,IN,46202-5145,Public       ,41,296,337,18046,23965,42011
00181301,INDIANA UNIVERSITY - PURDUE UNIVERSITY I,IN,47203-1769,Public       ,4,26,30,1744,2245,3989
00181400,INDIANA UNIV KOKOMO                     ,IN,46902-3557,Public       ,14,33,47,1813,2644,4457
00181500,INDIANA UNIV-NORTHWEST                  ,IN,46408-1197,Public       ,25,81,106,3394,5621,9015
00181600,INDIANA UNIVERSITY - SOUTH BEND         ,IN,46615-0000,Public       ,20,96,116,5182,6813,11995
00181700,INDIANA UNIVERSITY-SOUTHEAST            ,IN,47150-6405,Public       ,15,93,108,4393,4818,9211
00182000,MANCHESTER COLLEGE                      ,IN,46962-1276,Private      ,2,3,5,2394,206,2600
00182100,MARIAN UNIVERSITY                       ,IN,46222-1997,Private      ,2,35,37,2146,2421,4567
00182200,INDIANA WESLEYAN UNIVERSITY             ,IN,46953-4974,Private      ,2,435,437,4388,16329,20717
00182300,ASSOCIATED MENNONITE BIBLICAL SEM       ,IN,46517-1999,Private      ,0,2,2,5,122,127
00182400,OAKLAND CITY UNIVERSITY                 ,IN,47660-1099,Private      ,0,65,65,597,2203,2800
00182500,PURDUE UNIVERSITY                       ,IN,47907-2050,Public       ,28,63,91,32496,9119,41615
00182600,PURDUE UNIV NORTH CENTRAL CAMPUS        ,IN,46391-9542,Public       ,11,29,40,2953,3370,6323
00182700,PURDUE UNIV CALUMET                     ,IN,46323-2094,Public       ,23,93,116,5708,6723,12431
00182800,INDIANA UNIV-PURDUE UNIV FORT WAYNE     ,IN,46805-1499,Public       ,19,130,149,9834,9434,19268
00183000,ROSE HULMAN INSTITUTE OF TECHNOLOGY     ,IN,47803-3999,Private      ,1,2,3,3032,160,3192
00183200,UNIVERSITY OF SAINT FRANCIS             ,IN,46808-3994,Private      ,4,30,34,2215,2175,4390
00183300,ST JOSEPH'S COLLEGE                     ,IN,47978-0000,Private      ,0,4,4,1325,202,1527
00183400,CALUMET COLLEGE OF SAINT JOSEPH         ,IN,46394-2195,Private      ,1,15,16,589,1043,1632
00183500,SAINT MARY-OF-THE-WOODS COLLEGE         ,IN,47876-0067,Private      ,0,36,36,504,1497,2001
00183600,ST MARY'S COLLEGE                       ,IN,46556-5007,Private      ,1,0,1,1805,104,1909
00183800,TAYLOR UNIVERSITY                       ,IN,46989-1001,Private      ,1,12,13,2543,361,2904
00183900,TRINE UNIVERSITY                        ,IN,46703-1764,Private      ,2,12,14,2637,960,3597
00184000,UNIVERSITY OF NOTRE DAME                ,IN,46556-5602,Private      ,7,23,30,12494,3908,16402
00184200,VALPARAISO UNIVERSITY                   ,IN,46383-6493,Private      ,5,25,30,4450,2280,6730
00184300,VINCENNES UNIVERSITY                    ,IN,47591-1523,Public       ,38,101,139,7091,5374,12465
00184400,WABASH COLLEGE                          ,IN,47933-0352,Private      ,0,2,2,1366,78,1444
00420300,GOOD SAMARITAN HOSP RADIOGRAPHY PRG     ,IN,47591-0000,Public       ,0,0,0,17,28,45
00457900,INTERNATIONAL BUSINESS COLLEGE          ,IN,46804-0000,Proprietary  ,0,6,6,818,528,1346
00457901,INTERNATIONAL BUSINESS COLLEGE          ,IN,46256-0000,Proprietary  ,0,3,3,670,579,1249
00625700,SAINT ELIZABETH SCHOOL OF NURSING       ,IN,47904-2198,Private      ,0,2,2,145,367,512
00726300,HOLY CROSS COLLEGE                      ,IN,46556-0308,Private      ,1,2,3,655,131,786
00727600,SAINT MEINRAD SCHOOL OF THEOLOGY        ,IN,47577-1002,Private      ,0,2,2,1,137,138
00732900,ITT TECHNICAL INSTITUTE                 ,IN,46268-1119,Proprietary  ,199,1453,1652,3459,19383,22842
00732908,ITT TECHNICAL INSTITUTE                 ,IN,46143-1067,Proprietary  ,0,2,2,4,26,30
00732933,ITT TECHNICAL INSTITUTE                 ,IN,46635-1512,Proprietary  ,0,10,10,10,52,62
00732962,ITT TECHNICAL INSTITUTE                 ,IN,47630-7430,Proprietary  ,82,317,399,1989,6342,8331
00732968,ITT TECHNICAL INSTITUTE                 ,IN,46410-0000,Proprietary  ,0,7,7,7,40,47
00732993,ITT TECHNICAL INSTITUTE                 ,IN,46825-2393,Proprietary  ,51,213,264,1942,5941,7883
00736200,MEDTECH COLLEGE                         ,IN,46250-3970,Proprietary  ,2,41,43,320,2297,2617
00736202,MEDTECH COLLEGE - GREENWOOD             ,IN,46143-6478,Proprietary  ,5,28,33,175,1208,1383
00736204,MEDTECH COLLEGE - FORT WAYNE            ,IN,46804-2209,Proprietary  ,1,16,17,174,1037,1211
00793800,LINCOLN COLLEGE OF TECHNOLOGY           ,IN,46202-0000,Proprietary  ,31,67,98,2471,2059,4530
00842300,IVY TECH COMMUNITY COLLEGE OF INDIANA - ,IN,46601-3892,Public       ,39,311,350,3337,12248,15585
00854600,NOT FOR STUDENT USE                     ,IN,46208-4700,Public       ,0,0,0,38,72,110
00854700,IVY TECH COMMUNITY COLLEGE OF INDIANA - ,IN,47802-4898,Public       ,23,128,151,2422,6749,9171
00931306,DAYMAR COLLEGE - ROCKPORT               ,IN,47635-1506,Proprietary  ,0,0,0,0,1,1
00951500,J MICHAEL HARROLD BEAUTY ACADEMY        ,IN,47807-3390,Proprietary  ,1,8,9,41,113,154
00961200,"APEX SCHOOL OF BEAUTY CULTURE, INC      ",IN,46016-0000,Proprietary  ,0,2,2,27,65,92
00961300,MERRILLVILLE BEAUTY COLLEGE             ,IN,46410-3401,Proprietary  ,1,12,13,56,185,241
00967300,RUDAE'S SCHOOL OF BEAUTY CULTURE        ,IN,46825-5444,Proprietary  ,5,9,14,141,314,455
00977700,KAPLAN COLLEGE                          ,IN,46278-1736,Proprietary  ,8,83,91,396,2057,2453
00977702,KAPLAN COLLEGE - TEMPORARY FACILITY EXPA,IN,46268-4111,Proprietary  ,0,3,3,32,172,204
00977703,KAPLAN COLLEGE -  SE INDY               ,IN,46227-0000,Proprietary  ,14,59,73,293,1490,1783
00991700,IVY TECH COMMUNITY COLLEGE OF INDIANA   ,IN,46208-1763,Public       ,127,908,1035,11515,29964,41479
00992300,IVY TECH COMMUNITY COLLEGE OF INDIANA - ,IN,47250-1881,Public       ,17,58,75,1253,3330,4583
00992400,IVY TECH COMMUNITY COLLEGE OF INDIANA - ,IN,47302-9448,Public       ,43,261,304,4338,11576,15914
00992500,IVY TECH COMMUNITY COLLEGE OF INDIANA - ,IN,47710-3398,Public       ,29,183,212,2418,6904,9322
00992600,IVY TECH COMMUNITY COLLEGE OF INDIANA- R,IN,46805-1489,Public       ,55,314,369,5572,15383,20955
01003700,IVY TECH STATE COLLEGE - REGION 9       ,IN,47374-1220,Public       ,30,162,192,1348,5600,6948
01003800,IVY TECH COMMUNITY COLLEGE OF INDIANA - ,IN,47203-1868,Public       ,11,131,142,2103,5706,7809
01003900,IVY TECH COMMUNITY COLLEGE OF INDIANA - ,IN,47903-6299,Public       ,27,143,170,3803,8059,11862
01004000,IVY TECH COMMUNITY COLLEGE OF INDIANA - ,IN,46409-1303,Public       ,71,383,454,3894,12231,16125
01004100,IVY TECH STATE COLLEGE - REGION 5       ,IN,46903-1373,Public       ,23,165,188,1976,7524,9500
01010900,IVY TECH COMMUNITY COLLEGE OF INDIANA - ,IN,47172-1897,Public       ,28,113,141,1769,5219,6988
01015100,VINCENNES BEAUTY COLLEGE                ,IN,47591-1297,Proprietary  ,2,4,6,66,84,150
01040900,LAFAYETTE BEAUTY ACADEMY                ,IN,47901-1149,Proprietary  ,2,4,6,64,210,274
01048900,NATIONAL COLLEGE                        ,IN,46250-1930,Proprietary  ,3,53,56,527,4897,5424
01048910,NATIONAL COLLEGE - SOUTH BEND           ,IN,46617-3123,Proprietary  ,0,12,12,4,73,77
01048911,NATIONAL COLLEGE - FORT WAYNE           ,IN,46826-4905,Proprietary  ,0,15,15,3,39,42
01061800,MID-AMERICA CLG FUNERAL SERVICE         ,IN,47130-9990,Private      ,2,1,3,66,166,232
01150500,CREATIVE HAIR STYLING ACADEMY           ,IN,46322-1554,Proprietary  ,2,1,3,85,115,200
02084800,RAVENSCROFT BEAUTY COLLEGE              ,IN,46815-0000,Proprietary  ,3,23,26,92,321,413
02087600,CONCORDIA THEOLOGICAL SEMINARY          ,IN,46825-0000,Private      ,0,3,3,5,301,306
02100402,EVEREST INSTITUTE - EVEREST COLLEGE     ,IN,46410-7064,Proprietary  ,15,99,114,340,1698,2038
02140800,MARTIN UNIVERSITY                       ,IN,46218-0000,Private      ,9,54,63,272,1866,2138
02158400,HARRISON COLLEGE                        ,IN,46204-2611,Proprietary  ,18,231,249,824,5024,5848
02158401,HARRISON COLLEGE - COLUMBUS             ,IN,47203-1843,Proprietary  ,0,24,24,116,576,692
02158402,HARRISON COLLEGE - LAFAYETTE            ,IN,47905-4859,Proprietary  ,2,23,25,139,616,755
02158404,HARRISON COLLEGE - MARION               ,IN,46952-0000,Proprietary  ,0,0,0,28,100,128
02158405,HARRISON COLLEGE - TERRE HAUTE          ,IN,47802-0000,Proprietary  ,3,28,31,104,682,786
02158407,HARRISON COLLEGE - ANDERSON             ,IN,46013-0000,Proprietary  ,3,30,33,139,657,796
02158409,HARRISON COLLEGE - EVANSVILLE           ,IN,47715-3901,Proprietary  ,9,20,29,132,549,681
02158410,HARRISON COLLEGE - EAST                 ,IN,46239-8903,Proprietary  ,11,43,54,244,1113,1357
02158412,HARRISON COLLEGE - FORT WAYNE           ,IN,46825-0000,Proprietary  ,10,33,43,222,1125,1347
02158413,HARRISON COLLEGE - NORTHWEST            ,IN,46278-0000,Proprietary  ,2,14,16,256,572,828
02158800,DON ROBERTS BEAUTY SCHOOLS              ,IN,46383-0000,Proprietary  ,1,2,3,37,82,119
02164300,DON ROBERTS SCHOOL OF HAIR DESIGN       ,IN,46375-9999,Proprietary  ,1,2,3,38,114,152
02180108,ROSS MEDICAL EDUCATION CENTER -         ,IN,46530-4479,Proprietary  ,0,0,0,14,89,103
02201800,KAPLAN COLLEGE                          ,IN,46410-0000,Proprietary  ,4,39,43,178,1062,1240
02201802,KAPLAN COLLEGE - HAMMOND                ,IN,46324-3347,Proprietary  ,4,40,44,220,1274,1494
02241700,PJ'S COLLEGE OF COSMETOLOGY             ,IN,47129-0000,Proprietary  ,7,21,28,88,307,395
02245505,FORTIS COLLEGE - INDIANAPOLIS CAMPUS    ,IN,46268-0000,Proprietary  ,3,31,34,36,303,339
02302700,J EVERETT LIGHT CAREER CENTER           ,IN,46240-0000,Public       ,0,7,7,76,449,525
02304800,PJ'S COLLEGE OF COSMETOLOGY             ,IN,47374-0000,Proprietary  ,0,8,8,26,133,159
02308900,MASTER'S OF COSMETOLOGY COLLEGE         ,IN,46809-0000,Proprietary  ,3,3,6,119,180,299
02339600,ROGER'S ACADEMY OF HAIR DESIGN          ,IN,47712-0000,Proprietary  ,8,23,31,108,251,359
02345200,EMPIRE BEAUTY SCHOOL                    ,IN,46237-0000,Proprietary  ,7,29,36,159,689,848
02351300,KNOX BEAUTY COLLEGE                     ,IN,46534-0000,Proprietary  ,0,0,0,12,39,51
02490500,HAIR FASHIONS BY KAYE BEAUTY CLG        ,IN,46250-0000,Proprietary  ,0,14,14,55,259,314
02490800,HAIR FASHIONS BY KAYE BEAUTY CLG        ,IN,46060-0000,Proprietary  ,2,9,11,49,210,259
02607000,HAIR ARTS ACADEMY                       ,IN,47404-3581,Proprietary  ,0,4,4,37,128,165
02615800,COLLEGE OF COURT REPORTING              ,IN,46342-5969,Proprietary  ,1,13,14,46,397,443
03009700,HARRISON COLLEGE                        ,IN,47303-6413,Proprietary  ,3,30,33,114,519,633
03009701,HARRISON COLLEGE - MUNCIE - ELKHART     ,IN,46516-9795,Proprietary  ,3,22,25,116,705,821
03100600,MARION COMM TUCKER AREA VOC SCHOOL      ,IN,46952-3831,Public       ,1,5,6,51,159,210
03176300,AVIATION INSTITUTE OF MAINTENANCE       ,IN,46241-1445,Proprietary  ,9,52,61,165,641,806
03262300,DAVID DEMUTH INSTITUTE OF COSM          ,IN,47374-4101,Proprietary  ,0,2,2,14,62,76
03456700,CROSSROADS BIBLE COLLEGE                ,IN,46219-4912,Private      ,0,4,4,82,359,441
03521300,IVY TECH COMMUNITY COLLEGE OF INDIANA - ,IN,47404-9772,Public       ,25,163,188,3448,6485,9933
03538300,ALEXANDRIA SCH OF SCIENTIFIC THERAP     ,IN,46001-0287,Proprietary  ,0,1,1,40,91,131
04038700,IDEAL BEAUTY ACADEMY                    ,IN,47130-4215,Proprietary  ,1,4,5,35,94,129
04051304,ART INSTITUTE OF PHOENIX (THE) - ART  IN,IN,46268-1170,Proprietary  ,10,28,38,1487,1579,3066
04051311,ART INSTITUTE OF PHOENIX (THE) - BROWN M,IN,46410-5608,Proprietary  ,4,49,53,302,1679,1981
04051312,ART INSTITUTE OF PHOENIX (THE) - BROWN M,IN,46360-7362,Proprietary  ,3,30,33,161,951,1112
04051318,ART INSTITUTE OF PHOENIX (THE) - BROWN M,IN,46204-1017,Proprietary  ,15,98,113,549,3248,3797
04051321,ART INSTITUTE OF PHOENIX (THE) - BROWN M,IN,46635-1176,Proprietary  ,12,71,83,630,2865,3495
04051322,ART INSTITUTE OF PHOENIX (THE) - BROWN M,IN,46805-0000,Proprietary  ,12,84,96,550,3232,3782
04100300,SUCCESS SCHOOLS                         ,IN,46410-5310,Proprietary  ,9,10,19,84,252,336
04121000,TECHSKILLS - INDIANAPOLIS               ,IN,46240-4302,Proprietary  ,1,37,38,35,399,434
04130900,HONORS BEAUTY COLLEGE                   ,IN,46256-3317,Proprietary  ,0,8,8,102,321,423
04155900,AVEDA FREDRIC'S INSTITUTE               ,IN,46250-4746,Proprietary  ,2,3,5,146,206,352
04166700,REM SPA INC                             ,IN,46013-3136,Proprietary  ,0,6,6,51,122,173
04171700,AVANT GARD THE SCHOOL                   ,IN,46214-6500,Proprietary  ,0,1,1,11,42,53
04172700,SALON PROFESSIONAL ACADEMY (THE)        ,IN,47715-7822,Proprietary  ,3,8,11,33,92,125
04184000,PAUL MITCHELL THE SCHOOL INDIANAPOLIS   ,IN,46227-6252,Proprietary  ,8,7,15,23,46,69
04186600,SALON PROFESSIONAL ACADEMY (THE)        ,IN,46901-6248,Proprietary  ,7,16,23,7,16,23
00163203,AQUINAS INSTITUTE OF THEOLOGY - MINISTRY,KS,66109-3718,Private      ,0,0,0,5,7,12
00190100,ALLEN COUNTY COMMUNITY COLLEGE          ,KS,66749-1607,Public       ,38,96,134,1099,1666,2765
00190200,COWLEY COUNTY COMMUNITY COLLEGE & AREA V,KS,67005-2662,Public       ,49,117,166,1691,3111,4802
00190300,BAKER UNIVERSITY                        ,KS,66006-0065,Private      ,6,75,81,1499,2896,4395
00190400,BETHANY COLLEGE                         ,KS,67456-1897,Private      ,1,1,2,846,106,952
00190500,BETHEL COLLEGE                          ,KS,67117-0531,Private      ,3,1,4,551,150,701
00190600,BUTLER COUNTY COMMUNITY COLLEGE         ,KS,67042-3280,Public       ,55,156,211,4452,6031,10483
00190700,CENTRAL BAPTIST THEOLOGY SEMINARY       ,KS,66226-3513,Private      ,0,0,0,0,44,44
00190800,CENTRAL CHRISTIAN COLLEGE OF KANSAS     ,KS,67460-5799,Private      ,3,9,12,452,118,570
00190900,CLOUD COUNTY COMMUNITY COLLEGE          ,KS,66901-1002,Public       ,14,37,51,908,1219,2127
00191000,COFFEYVILLE COMMUNITY COLLEGE           ,KS,67337-5064,Public       ,59,24,83,1199,657,1856
00191100,COLBY COMMUNITY COLLEGE                 ,KS,67701-4099,Public       ,9,15,24,621,426,1047
00191300,DODGE CITY COMMUNITY COLLEGE            ,KS,67801-2399,Public       ,53,41,94,824,770,1594
00191400,DONNELLY COLLEGE                        ,KS,66102-4298,Private      ,12,58,70,239,948,1187
00191500,FORT HAYS STATE UNIVERSITY              ,KS,67601-4099,Public       ,10,127,137,3747,4835,8582
00191600,FORT SCOTT COMMUNITY COLLEGE            ,KS,66701-3199,Public       ,96,41,137,1477,1292,2769
00191700,BARCLAY COLLEGE                         ,KS,67059-0288,Private      ,1,0,1,160,129,289
00191800,FRIENDS UNIVERSITY                      ,KS,67213-3397,Private      ,6,53,59,1351,3190,4541
00191900,GARDEN CITY COMMUNITY COLLEGE           ,KS,67846-6398,Public       ,23,21,44,1032,746,1778
00192000,HESSTON COLLEGE                         ,KS,67062-2093,Private      ,3,1,4,456,210,666
00192100,HIGHLAND COMMUNITY COLLEGE              ,KS,66035-4062,Public       ,30,59,89,1344,1813,3157
00192114,HIGHLAND COMMUNITY COLLEGE - NOTHEAST KA,KS,66002-1513,Public       ,0,0,0,13,30,43
00192300,HUTCHINSON COMMUNITY COLLEGE            ,KS,67501-5894,Public       ,61,127,188,2388,2907,5295
00192400,INDEPENDENCE COMMUNITY COLLEGE          ,KS,67301-0708,Public       ,50,35,85,625,625,1250
00192500,KANSAS CITY KANSAS COMMUNITY CLG        ,KS,66112-9978,Public       ,35,221,256,2082,5578,7660
00192502,"KANSAS CITY KS AREA TECH SCHOOL, KS     ",KS,66104-0000,Public       ,1,6,7,114,385,499
00192600,PITTSBURG STATE UNIVERSITY              ,KS,66762-7500,Public       ,18,60,78,4810,3101,7911
00192700,EMPORIA STATE UNIVERSITY                ,KS,66801-5087,Public       ,6,43,49,3362,3020,6382
00192800,KANSAS STATE UNIVERSITY                 ,KS,66506-1104,Public       ,51,116,167,15161,6934,22095
00192900,KANSAS WESLEYAN UNIVERSITY              ,KS,67401-6196,Private      ,2,8,10,1049,419,1468
00193000,LABETTE COMMUNITY COLLEGE               ,KS,67357-4299,Public       ,5,33,38,624,1072,1696
00193100,MANHATTAN CHRISTIAN COLLEGE             ,KS,66502-4081,Private      ,2,1,3,340,134,474
00193300,MCPHERSON COLLEGE                       ,KS,67460-3899,Private      ,3,3,6,817,193,1010
00193600,NEOSHO COUNTY COMMUNITY COLLEGE         ,KS,66720-2699,Public       ,18,48,66,712,1237,1949
00193700,OTTAWA UNIVERSITY                       ,KS,66067-3399,Private      ,4,142,146,938,3310,4248
00193800,PRATT COMMUNITY COLLEGE                 ,KS,67124-8432,Public       ,4,28,32,614,735,1349
00193900,NEWMAN UNIVERSITY                       ,KS,67213-2084,Private      ,5,23,28,1300,1751,3051
00194000,SOUTHWESTERN COLLEGE                    ,KS,67156-2499,Private      ,2,29,31,800,1389,2189
00194300,UNIVERSITY OF ST MARY                   ,KS,66048-5023,Private      ,6,31,37,704,689,1393
00194500,STERLING COLLEGE                        ,KS,67579-1533,Private      ,1,6,7,919,205,1124
00194600,TABOR COLLEGE                           ,KS,67063-1799,Private      ,2,5,7,759,243,1002
00194800,UNIVERSITY OF KANSAS                    ,KS,66045-7535,Public       ,54,121,175,16091,11025,27116
00194900,WASHBURN UNIVERSITY                     ,KS,66621-1110,Public       ,10,72,82,3467,4924,8391
00194901,WASHBURN UNIVERSITY -TOPEKA - WASHBURN I,KS,66604-2199,Public       ,4,34,38,285,784,1069
00195000,WICHITA STATE UNIVERSITY                ,KS,67208-0001,Public       ,46,208,254,7023,9248,16271
00460800,BARTON COUNTY COMMUNITY COLLEGE         ,KS,67530-9283,Public       ,7,88,95,917,2051,2968
00526400,FLINT HILLS TECHNICAL COLLEGE           ,KS,66801-5999,Public       ,0,6,6,268,484,752
00526500,NORTH CENTRAL KANSAS TECH COLG          ,KS,67420-0000,Public       ,2,8,10,418,348,766
00526700,NORTHWEST KANSAS TECHNICAL SCHOOL       ,KS,67735-3441,Public       ,2,5,7,250,176,426
00549800,WICHITA AREA TECHNICAL COLLEGE          ,KS,67211-2099,Public       ,25,118,143,616,3187,3803
00549900,SALINA AREA TECHNICAL COLLEGE           ,KS,67401-8195,Public       ,0,3,3,185,290,475
00550000,MANHATTAN AREA TECHNICAL COLLEGE        ,KS,66503-2499,Public       ,4,16,20,421,710,1131
00675500,BROWN MACKIE COLLEGE (THE)              ,KS,67401-7307,Proprietary  ,10,66,76,423,1952,2375
00703200,MID AMERICA NAZARENE UNIVERSITY         ,KS,66062-1899,Private      ,1,91,92,1045,1358,2403
00822800,SEWARD CO COMM CO/AREA TECHNICAL SCHOOL ,KS,67905-0000,Public       ,7,20,27,521,581,1102
00824400,JOHNSON COUNTY COMMUNITY COLLEGE        ,KS,66210-1299,Public       ,74,294,368,6265,9124,15389
00833200,B-STREET DESIGN SCHOOL OF INTERNATIONAL ,KS,66502-6082,Proprietary  ,2,7,9,55,166,221
00868200,ACADEMY OF HAIR DESIGN                  ,KS,67401-2803,Proprietary  ,0,0,0,13,106,119
01025600,BENEDICTINE COLLEGE                     ,KS,66002-1499,Private      ,2,1,3,2071,193,2264
01043800,HASKELL INDIAN NATIONS UNIVERSITY       ,KS,66046-4800,Public       ,2,5,7,1056,800,1856
01050300,WICHITA TECHNICAL INSTITUTE             ,KS,67213-1927,Proprietary  ,8,65,73,244,1646,1890
01050302,WICHITA TECHNICAL INSTITUTE - WTI TOPEKA,KS,66609-1217,Proprietary  ,5,22,27,84,529,613
01050305,WICHITA TECHNICAL INSTITUTE - EAST CAMPU,KS,67208-4243,Proprietary  ,3,20,23,74,591,665
02090700,CLEVELAND CHIROPRACTIC COLLEGE          ,KS,66210-1613,Private      ,1,2,3,67,625,692
02134800,OLD TOWN BARBER AND BEAUTY COLLEGE      ,KS,67211-0000,Proprietary  ,0,2,2,41,113,154
02196400,CAPITOL CITY HAIR DESIGN COLLEGE        ,KS,66102-0000,Proprietary  ,1,6,7,45,207,252
02257700,HAYS ACADEMY OF HAIR DESIGN             ,KS,67601-0000,Proprietary  ,4,5,9,44,80,124
02303500,AMERICAN INSTITUTE OF BAKING            ,KS,66502-0000,Private      ,0,0,0,13,25,38
02340700,LABARON HAIRDRESSING ACADEMY            ,KS,66204-0000,Proprietary  ,2,9,11,18,93,111
02590900,WRIGHT CAREER COLLEGE                   ,KS,66212-0000,Private      ,77,384,461,552,3329,3881
02599709,VATTEROTT COLLEGE - WICHITA             ,KS,67226-1304,Proprietary  ,2,21,23,103,902,1005
02603100,XENON INTERNATIONAL ACADEMY             ,KS,67203-5428,Proprietary  ,5,17,22,143,311,454
02606300,PAUL MITCHELL THE SCHOOL WICHITA        ,KS,67226-2803,Proprietary  ,4,8,12,99,153,252
02611005,HERITAGE COLLEGE - WICHITA              ,KS,67210-1879,Proprietary  ,17,91,108,310,1412,1722
02613000,PINNACLE CAREER INSTITUTE               ,KS,66046-2703,Proprietary  ,1,36,37,98,500,598
03031300,XENON INTERNATIONAL ACADEMY IV          ,KS,66061-3765,Proprietary  ,2,4,6,58,114,172
03066200,BRYAN COLLEGE                           ,KS,66604-2496,Proprietary  ,2,18,20,50,414,464
03450300,B-STREET DESIGN SCHOOL OF INTERNATIONAL ,KS,66611-2373,Proprietary  ,6,18,24,70,208,278
03450301,B-STREET DESIGN SCHOOL OF INTERNATIONAL ,KS,67207-5148,Proprietary  ,7,6,13,43,163,206
03450302,B-STREET DESIGN SCHOOL OF INTERNATIONAL ,KS,66212-5451,Proprietary  ,9,12,21,88,223,311
03529300,SIDNEY'S HAIRDRESSING COLLEGE           ,KS,67501-7094,Proprietary  ,2,10,12,49,85,134
04132900,Z HAIR ACADEMY                          ,KS,66046-4040,Proprietary  ,1,4,5,38,66,104
04162700,ERIC FISHER ACADEMY                     ,KS,67212-3376,Proprietary  ,4,9,13,129,210,339
04175700,ACADEMY OF AESTHETIC ARTS               ,KS,66203-3502,Proprietary  ,0,5,5,3,25,28
04179600,ENTOURAGE INSTITUTE OF BEAUTY AND ESTHET,KS,66215-3803,Proprietary  ,4,10,14,4,14,18
00203300,UNIVERSITY OF MAINE-PRESQUE ISLE        ,ME,04769-2888,Public       ,0,4,4,807,607,1414
00203500,BANGOR THEOLOGICAL SEMINARY             ,ME,04402-0411,Private      ,0,0,0,1,84,85
00203600,BATES COLLEGE                           ,ME,04240-6028,Private      ,1,1,2,2703,111,2814
00203800,BOWDOIN COLLEGE                         ,ME,04011-8451,Private      ,0,2,2,3599,81,3680
00203900,COLBY COLLEGE                           ,ME,04901-8841,Private      ,2,3,5,2666,90,2756
00204000,UNIVERSITY OF MAINE-FARMINGTON          ,ME,04938-1990,Public       ,1,10,11,2754,556,3310
00204100,UNIVERSITY OF MAINE-FORT KENT           ,ME,04743-1292,Public       ,3,10,13,635,406,1041
00204300,HUSSON UNIVERSITY                       ,ME,04401-2999,Private      ,3,30,33,2536,1494,4030
00204400,MAINE MARITIME ACADEMY                  ,ME,04420-0001,Public       ,1,1,2,1067,181,1248
00205000,UNIVERSITY OF NEW ENGLAND               ,ME,04005-9599,Private      ,4,48,52,3847,3673,7520
00205100,SAINT JOSEPH'S COLLEGE                  ,ME,04084-5263,Private      ,1,39,40,1725,1003,2728
00205200,THOMAS COLLEGE                          ,ME,04901-5097,Private      ,0,5,5,1043,277,1320
00205300,UNIVERSITY OF MAINE                     ,ME,04469-0001,Public       ,7,40,47,10857,3571,14428
00205400,UNIVERSITY OF SOUTHERN MAINE            ,ME,04104-0000,Public       ,8,32,40,6809,5748,12557
00205500,UNIVERSITY OF MAINE-MACHIAS             ,ME,04654-1397,Public       ,1,5,6,533,392,925
00458615,KAPLAN UNIVERSITY - PORTLAND            ,ME,04106-2415,Proprietary  ,6,53,59,227,1050,1277
00458616,KAPLAN UNIVERSITY - LEWISTON            ,ME,04240-0000,Proprietary  ,8,53,61,173,1140,1313
00520400,BEAL COLLEGE                            ,ME,04401-6896,Proprietary  ,1,14,15,242,766,1008
00527600,CENTRAL MAINE COMMUNITY COLLEGE         ,ME,04210-6498,Public       ,2,20,22,1580,2256,3836
00527700,EASTERN MAINE COMMUNITY COLLEGE         ,ME,04401-4280,Public       ,2,13,15,1621,1833,3454
00552500,SOUTHERN MAINE COMMUNITY  COLLEGE       ,ME,04106-1698,Public       ,12,41,53,3828,4118,7946
00576000,NORTHERN MAINE COMMUNITY COLLEGE        ,ME,04769-2016,Public       ,1,5,6,547,890,1437
00577600,MERCY HOSP SCH OF RADIOLOGIC TECH       ,ME,04101-3795,Private      ,0,0,0,29,52,81
00630501,CENTRAL MAINE MEDICAL CENTER - COLLEGE O,ME,04240-4500,Private      ,0,5,5,79,311,390
00676000,UNIVERSITY OF MAINE-AUGUSTA             ,ME,04330-9410,Public       ,10,53,63,1725,5791,7516
00685800,UNITY COLLEGE                           ,ME,04988-9502,Private      ,1,0,1,942,120,1062
00903800,MR BERNARD'S SCH HAIR FASHION INC       ,ME,04243-1163,Proprietary  ,6,12,18,60,205,265
00923100,WASHINGTON COUNTY COMMUNITY COLLEGE     ,ME,04619-9704,Public       ,1,3,4,288,345,633
00945900,EMPIRE BEAUTY SCHOOL                    ,ME,04101-3348,Proprietary  ,9,27,36,195,509,704
00945902,PIERRE'S SCHOOL OF COSMETOLOGY - CARIBOU,ME,04736-2020,Proprietary  ,0,0,0,11,13,24
00945903,EMPIRE BEAUTY SCHOOL - BANGOR           ,ME,04401-6534,Proprietary  ,0,0,0,28,34,62
00982600,KENNEBEC VALLEY  COMMUNITY  COLLEGE     ,ME,04937-1367,Public       ,3,47,50,851,2000,2851
01138500,COLLEGE OF THE ATLANTIC                 ,ME,04609-1105,Private      ,0,2,2,521,81,602
01167300,MAINE COLLEGE OF ART                    ,ME,04101-3987,Private      ,0,1,1,602,222,824
02104400,SPA TECH INSTITUTE                      ,ME,04093-0000,Proprietary  ,5,27,32,196,739,935
02347100,NEW ENGLAND SCHOOL OF COMMUNICATIONS    ,ME,04401-0000,Private      ,1,0,1,595,122,717
02361300,LANDING SCHOOL OF BOATBUILDING & DESIGN ,ME,04046-1490,Private      ,0,0,0,19,54,73
03122900,YORK COUNTY COMMUNITY COLLEGE           ,ME,04090-0529,Public       ,9,41,50,640,1075,1715
03429300,SEACOAST CAREER SCHOOLS                 ,ME,04073-0000,Proprietary  ,34,99,133,277,1257,1534
03612300,BIRTHWISE MIDWIFERY SCHOOL              ,ME,04009-1110,Proprietary  ,0,0,0,9,70,79
04177400,CAPILO SCHOOL OF HAIR DESIGN            ,ME,04330-0000,Proprietary  ,4,10,14,34,71,105
04185100,NORTHEAST TECHNICAL INSTITUTE           ,ME,04074-0000,Proprietary  ,5,29,34,5,29,34
04188800,INSTITUTE FOR DOCTORAL STUDIES IN THE VI,ME,04102-0000,Private      ,0,20,20,0,20,20
00209300,ST JOHN'S COLLEGE                       ,NM,87505-4599,Private      ,0,4,4,474,231,705
00264900,SANTA FE UNIVERSITY OF ART AND DESIGN   ,NM,87505-7634,Proprietary  ,11,3,14,528,257,785
00265000,UNIVERSITY OF THE SOUTHWEST             ,NM,88240-9129,Private      ,0,26,26,307,490,797
00265100,EASTERN NEW MEXICO UNIV PORTALES        ,NM,88130-6000,Public       ,21,74,95,2814,3011,5825
00265101,EASTERN NEW MEXICO UNIV-ROSWELL CAM     ,NM,88202-0000,Public       ,29,75,104,1221,2155,3376
00265102,EASTERN NEW MEXICO UNIVERSITY - RUIDOSO ,NM,88345-0001,Public       ,0,7,7,12,79,91
00265300,NEW MEXICO HIGHLANDS UNIVERSITY         ,NM,87701-4436,Public       ,5,31,36,1758,2505,4263
00265400,NEW MEXICO INST OF MINING & TECH        ,NM,87801-4796,Public       ,6,5,11,1087,446,1533
00265500,NEW MEXICO JUNIOR COLLEGE               ,NM,88240-9123,Public       ,25,43,68,871,1393,2264
00265600,NEW MEXICO MILITARY INSTITUTE           ,NM,88201-5173,Public       ,1,3,4,494,53,547
00265700,NEW MEXICO STATE UNIVERSITY             ,NM,88003-8001,Public       ,62,146,208,12067,9571,21638
00265701,NEW MEXICO STATE UNIV-ALAMOGORDO        ,NM,88311-0000,Public       ,8,55,63,524,1518,2042
00265702,NEW MEXICO STATE UNIV.-DONA ANA CLG     ,NM,88003-0000,Public       ,38,125,163,2843,4786,7629
00265703,NEW MEXICO STATE UNIV-CARLSBAD          ,NM,88220-0000,Public       ,3,20,23,383,835,1218
00265704,NEW MEXICO STATE UNIV-GRANTS            ,NM,87020-0000,Public       ,8,29,37,275,642,917
00266000,SAN JUAN COLLEGE                        ,NM,87402-4699,Public       ,21,125,146,2003,4811,6814
00266300,THE UNIVERSITY OF NEW MEXICO            ,NM,87131-0001,Public       ,125,386,511,16173,18768,34941
00266301,UNIV OF NEW MEXICO - GALLUP BRANCH      ,NM,87301-5697,Public       ,13,24,37,710,1037,1747
00266302,UNIV OF NEW MEXICO - VALENCIA BRANCH    ,NM,87031-0000,Public       ,15,29,44,413,713,1126
00266303,UNIV OF NEW MEXICO - LOS ALAMOS         ,NM,87544-0000,Public       ,2,5,7,154,164,318
00266304,UNIVERSITY OF NEW MEXICO                ,NM,87571-6401,Public       ,2,12,14,367,532,899
00266400,WESTERN NEW MEXICO UNIVERSITY           ,NM,88061-5417,Public       ,3,31,34,1195,2295,3490
00369109,MIDDLEBURY COLLEGE - INSTITUTE OF AMERIC,NM,87505-0000,Private      ,0,0,0,6,2,8
00405701,NATIONAL AMERICAN UNIVERSITY            ,NM,87110-0000,Proprietary  ,3,13,16,65,502,567
00474200,CENTRAL NEW MEXICO COMMUNITY COLLEGE    ,NM,87106-4096,Public       ,300,1271,1571,8685,21983,30668
00474300,CLOVIS COMMUNITY COLLEGE                ,NM,88101-8381,Public       ,16,76,92,796,2198,2994
00996200,LUNA COMMUNITY COLLEGE                  ,NM,87701-0000,Public       ,7,25,32,483,764,1247
01063200,DEWOLFF CLG HAIRSTYLING/COSMETOLOGY     ,NM,87112-4113,Proprietary  ,4,18,22,68,239,307
01300500,OLYMPIAN UNIVERSITY OF COSMETOLOGY      ,NM,88310-5051,Proprietary  ,51,156,207,543,1749,2292
02083900,NORTHERN NEW MEXICO COLLEGE             ,NM,87530-0000,Public       ,6,50,56,732,1263,1995
02146400,INSTITUTE OF AMERICAN INDIAN ARTS       ,NM,87508-0000,Public       ,0,0,0,187,305,492
02218808,BROOKLINE COLLEGE - ALBUQUERQUE         ,NM,87105-1649,Proprietary  ,30,113,143,286,1098,1384
02278100,SANTA FE COMMUNITY COLLEGE              ,NM,87507-0000,Public       ,24,110,134,1040,2817,3857
02293203,ATI CAREER TRAINING CENTER - ALBUQUERQUE,NM,87109-2016,Proprietary  ,3,17,20,66,258,324
02357600,NAVAJO TECHNICAL COLLEGE                ,NM,87313-0000,Public       ,24,51,75,446,1024,1470
02511000,SOUTHWESTERN INDIAN POLYTECH INST       ,NM,87184-0000,Public       ,26,30,56,464,525,989
02572003,COMPUTER CAREER CENTER - LAS CRUCES CAMP,NM,88011-8220,Proprietary  ,24,60,84,163,721,884
02622000,SOUTHWEST ACUPUNCTURE COLLEGE           ,NM,87505-0000,Proprietary  ,0,5,5,4,303,307
03076100,SOUTHWESTERN COLLEGE                    ,NM,87507-0000,Private      ,0,0,0,11,204,215
03206300,MESALANDS COMMUNITY COLLEGE             ,NM,88401-3352,Public       ,6,11,17,194,322,516
03430300,UNIVERSAL THERAPEUTIC MASSAGE INSTITUTE ,NM,87107-4403,Proprietary  ,0,8,8,48,181,229
03678300,PIMA MEDICAL INSTITUTE                  ,NM,87110-4127,Proprietary  ,0,14,14,124,281,405
03944300,MASSAGE THERAPY TRAINING INSTITUTE      ,NM,88007-0000,Proprietary  ,0,1,1,37,84,121
04162400,URBAN ACADEMY                           ,NM,87106-4404,Proprietary  ,4,6,10,83,170,253
04174500,AVEDA INSTITUTE OF NEW MEXICO (THE)     ,NM,87110-3640,Proprietary  ,7,19,26,8,29,37
00223400,ADRIAN COLLEGE                          ,MI,49221-2575,Private      ,5,3,8,2791,360,3151
00223500,ALBION COLLEGE                          ,MI,49224-1831,Private      ,3,1,4,2448,147,2595
00223600,ALMA COLLEGE                            ,MI,48801-1599,Private      ,1,5,6,2332,162,2494
00223700,ALPENA COMMUNITY COLLEGE                ,MI,49707-1495,Public       ,4,23,27,1119,1540,2659
00223800,ANDREWS UNIVERSITY                      ,MI,49104-0750,Private      ,11,38,49,1918,1525,3443
00223900,AQUINAS COLLEGE                         ,MI,49506-1799,Private      ,3,21,24,2626,964,3590
00224000,BAY DE NOC COMMUNITY COLLEGE            ,MI,49829-2524,Public       ,12,27,39,1439,2084,3523
00224100,CALVIN COLLEGE                          ,MI,49546-4388,Private      ,6,7,13,4324,539,4863
00224200,CALVIN THEOLOGICAL SEMINARY             ,MI,49546-4387,Private      ,0,1,1,25,208,233
00224300,CENTRAL MICHIGAN UNIVERSITY             ,MI,48859-0001,Public       ,28,191,219,24292,11691,35983
00224600,CLEARY UNIVERSITY                       ,MI,48105-2659,Private      ,0,22,22,175,1053,1228
00224700,CONCORDIA UNIVERSITY-ANN ARBOR          ,MI,48105-2797,Private      ,2,8,10,630,410,1040
00224800,CRANBROOK ACADEMY OF ART                ,MI,48303-0000,Private      ,0,0,0,45,369,414
00224900,DAVENPORT UNIVERSITY                    ,MI,49503-0000,Private      ,27,434,461,3678,16717,20395
00225100,DELTA COLLEGE                           ,MI,48710-0001,Public       ,43,151,194,7103,10663,17766
00225400,MICHIGAN STATE UNIVERSITY COLLEGE OF LAW,MI,48824-1300,Private      ,1,5,6,614,2207,2821
00225900,EASTERN MICHIGAN UNIVERSITY             ,MI,48197-2214,Public       ,124,247,371,17135,16010,33145
00226000,FERRIS STATE UNIVERSITY                 ,MI,49307-2251,Public       ,29,84,113,13911,8121,22032
00226100,CHARLES STEWART MOTT COMMUNITY CLG      ,MI,48503-2089,Public       ,65,306,371,6536,14360,20896
00226200,KETTERING UNIVERSITY                    ,MI,48504-4898,Private      ,7,6,13,2291,556,2847
00226300,GLEN OAKS COMMUNITY COLLEGE             ,MI,49032-9784,Public       ,4,30,34,680,1325,2005
00226400,GOGEBIC COMMUNITY COLLEGE               ,MI,49938-1365,Public       ,6,22,28,760,833,1593
00226500,GRACE BIBLE COLLEGE                     ,MI,49509-1998,Private      ,0,3,3,304,165,469
00226600,CORNERSTONE UNIVERSITY                  ,MI,49525-5897,Private      ,1,31,32,1894,2236,4130
00226700,GRAND RAPIDS COMMUNITY COLLEGE          ,MI,49503-3295,Public       ,74,294,368,12254,15543,27797
00226800,GRAND VALLEY STATE UNIVERSITY           ,MI,49401-9403,Public       ,25,156,181,23109,9304,32413
00226900,GREAT LAKES CHRISTIAN COLLEGE           ,MI,48917-1299,Private      ,0,0,0,223,163,386
00227000,HENRY FORD COMMUNITY COLLEGE            ,MI,48128-1495,Public       ,155,468,623,11708,19730,31438
00227300,HOPE COLLEGE                            ,MI,49423-3607,Private      ,1,3,4,4243,249,4492
00227400,JACKSON COMMUNITY COLLEGE               ,MI,49201-8399,Public       ,30,209,239,4320,8272,12592
00227500,KALAMAZOO COLLEGE                       ,MI,49006-3295,Private      ,2,3,5,1940,263,2203
00227600,KELLOGG COMMUNITY COLLEGE               ,MI,49017-3397,Public       ,24,116,140,2851,6771,9622
00227700,LAKE MICHIGAN COLLEGE                   ,MI,49022-1899,Public       ,25,142,167,2062,4358,6420
00227800,LANSING COMMUNITY COLLEGE               ,MI,48933-1293,Public       ,145,528,673,10617,18735,29352
00227900,LAWRENCE TECHNOLOGICAL UNIVERSITY       ,MI,48075-1058,Private      ,8,34,42,1969,2101,4070
00228200,MADONNA UNIVERSITY                      ,MI,48150-1173,Private      ,9,47,56,1814,3950,5764
00228400,MARYGROVE COLLEGE                       ,MI,48221-2599,Private      ,7,102,109,1035,4095,5130
00228800,ROCHESTER COLLEGE                       ,MI,48307-2764,Private      ,3,22,25,802,959,1761
00228801,ROCHESTER COLLEGE - MACOMB COMMUNITY COL,MI,48038-1139,Private      ,0,0,0,428,560,988
00228802,ROCHESTER COLLEGE - MOTT COMMUNITY COLLE,MI,48503-2089,Private      ,0,0,0,230,361,591
00228803,ROCHESTER COLLEGE  - SPECS HOWARD       ,MI,48075-3953,Private      ,0,0,0,43,78,121
00229000,MICHIGAN STATE UNIVERSITY               ,MI,48824-1113,Public       ,97,325,422,37342,15112,52454
00229200,MICHIGAN TECHNOLOGICAL UNIV             ,MI,49931-1295,Public       ,6,11,17,5964,1242,7206
00229300,LAKE SUPERIOR STATE UNIVERSITY          ,MI,49783-1691,Public       ,1,15,16,2730,1140,3870
00229400,MONROE COUNTY COMMUNITY CLG             ,MI,48161-9746,Public       ,23,64,87,2012,3322,5334
00229500,MONTCALM COMMUNITY COLLEGE              ,MI,48885-9723,Public       ,15,59,74,1097,2198,3295
00229700,MUSKEGON COMMUNITY COLLEGE              ,MI,49442-1432,Public       ,20,80,100,3461,4740,8201
00229900,NORTH CENTRAL MICHIGAN COLLEGE          ,MI,49770-8740,Public       ,8,39,47,1197,2281,3478
00230100,NORTHERN MICHIGAN UNIVERSITY            ,MI,49855-5316,Public       ,20,47,67,8272,3401,11673
00230200,NORTHWESTERN MICHIGAN COLLEGE           ,MI,49686-3061,Public       ,17,68,85,2953,4133,7086
00230301,OAKLAND COMMUNITY COLLEGE - ORCHARD RIDG,MI,48334-4579,Public       ,46,112,158,3508,5725,9233
00230302,OAKLAND COMMUNITY COLLEGE - ROYAL OAK CA,MI,48067-3898,Public       ,54,173,227,3950,7546,11496
00230303,OAKLAND COMMUNITY COLLEGE - SOUTHFIELD C,MI,48075-4793,Public       ,33,169,202,3103,7575,10678
00230304,OAKLAND COMMUNITY COLLEGE - AUBURN HILLS,MI,48323-2845,Public       ,54,180,234,4505,7700,12205
00230305,OAKLAND COMMUNITY COLLEGE - HIGHLAND LAK,MI,48327-4187,Public       ,40,85,125,2588,4490,7078
00230700,OAKLAND UNIVERSITY                      ,MI,48309-4401,Public       ,60,150,210,14772,10847,25619
00230800,OLIVET COLLEGE                          ,MI,49076-9902,Private      ,20,5,25,1576,389,1965
00231000,ST. CLAIR COUNTY COMMUNITY COLLEGE      ,MI,48061-0000,Public       ,11,53,64,2528,4174,6702
00231100,KUYPER COLLEGE                          ,MI,49525-9749,Private      ,1,2,3,418,191,609
00231300,SACRED HEART MAJOR SEMINARY             ,MI,48206-1799,Private      ,0,1,1,40,186,226
00231400,SAGINAW VALLEY STATE UNIV               ,MI,48710-0001,Public       ,18,66,84,10023,4847,14870
00231500,SCHOOLCRAFT COLLEGE                     ,MI,48152-2696,Public       ,49,157,206,6934,10826,17760
00231600,SIENA HEIGHTS UNIVERSITY                ,MI,49221-1796,Private      ,2,45,47,1329,2207,3536
00231700,SOUTHWESTERN MICHIGAN COLLEGE           ,MI,49047-9793,Public       ,11,74,85,1958,2978,4936
00231800,SPRING ARBOR UNIVERSITY                 ,MI,49283-9984,Private      ,3,64,67,2454,3965,6419
00232200,FINLANDIA UNIVERSITY                    ,MI,49930-1882,Private      ,1,4,5,691,344,1035
00232300,UNIVERSITY OF DETROIT MERCY             ,MI,48221-3038,Private      ,8,56,64,3517,4776,8293
00232303,UNIV OF DETROIT MERCY - LAW SCHOOL      ,MI,48226-0000,Private      ,1,3,4,34,958,992
00232330,UNIV OF DETROIT MERCY - DENTAL SCHOOL   ,MI,48208-2576,Private      ,0,6,6,89,478,567
00232500,UNIVERSITY OF MICHIGAN - ANN ARBOR      ,MI,48109-1316,Public       ,209,97,306,29234,13691,42925
00232501,UNIVERSITY OF MICHIGAN-MEDICAL SCH      ,MI,48109-0000,Public       ,2,3,5,290,1154,1444
00232503,UNIVERSITY OF MICHIGAN LAW SCHOOL       ,MI,48109-0000,Public       ,3,3,6,105,3100,3205
00232600,UNIVERSITY OF MICHIGAN-DEARBORN         ,MI,48128-2406,Public       ,25,97,122,6154,6158,12312
00232700,UNIVERSITY OF MICHIGAN-FLINT            ,MI,48502-1950,Public       ,19,91,110,4972,7002,11974
00232800,WASHTENAW COMMUNITY COLLEGE             ,MI,48106-0000,Public       ,93,265,358,5983,10349,16332
00232900,WAYNE STATE UNIVERSITY                  ,MI,48202-0000,Public       ,89,349,438,19952,25410,45362
00232901,WAYNE STATE UNIV SCH OF MEDICINE        ,MI,48201-3359,Public       ,2,9,11,469,1935,2404
00232902,WAYNE STATE UNIVERSITY - LAW SCHOOL     ,MI,48202-3424,Public       ,2,9,11,233,1583,1816
00233000,WESTERN MICHIGAN UNIVERSITY             ,MI,49008-3899,Public       ,41,128,169,21542,10746,32288
00233100,WESTERN THEOLOGICAL SEMINARY            ,MI,49423-0000,Private      ,0,0,0,8,158,166
00407100,WALSH COLLEGE OF ACCT & BUS ADMN        ,MI,48007-7006,Private      ,3,83,86,341,3291,3632
00407200,NORTHWOOD UNIVERSITY                    ,MI,48640-2398,Private      ,4,28,32,2318,2130,4448
00467300,BAKER COLLEGE - FLINT                   ,MI,48507-5508,Private      ,52,361,413,3265,10337,13602
00467301,BAKER COLLEGE OF CADILLAC               ,MI,49601-0000,Private      ,11,76,87,615,2539,3154
00467302,BAKER COLLEGE OF CLINTON TOWNSHIP       ,MI,48035-0000,Private      ,34,146,180,2511,7359,9870
00467303,BAKER COLLEGE OF MUSKEGON               ,MI,49442-0000,Private      ,43,184,227,3174,6609,9783
00467304,BAKER COLLEGE OF OWOSSO                 ,MI,48867-0000,Private      ,30,99,129,2028,3238,5266
00467305,BAKER COLLEGE OF AUBURN HILLS           ,MI,48326-0000,Private      ,18,144,162,1459,5510,6969
00467306,BAKER COLLEGE OF PORT HURON             ,MI,48060-0000,Private      ,13,64,77,723,2249,2972
00467309,BAKER COLLEGE OF JACKSON                ,MI,49202-0000,Private      ,27,131,158,1071,3957,5028
00467311,BAKER COLLEGE-CASS CITY                 ,MI,48726-0000,Private      ,3,22,25,266,724,990
00467313,BAKER COLLEGE - GRADUATE ON-LINE        ,MI,48507-0000,Private      ,17,205,222,519,7556,8075
00467317,BAKER COLLEGE-ALLEN PARK                ,MI,48101-0000,Private      ,24,129,153,1464,5055,6519
00469200,DORSEY SCHOOL OF BUSINESS               ,MI,48195-2334,Proprietary  ,12,40,52,139,685,824
00469201,DORSEY SCHOOL OF BUSINESS               ,MI,48184-0000,Proprietary  ,12,27,39,113,548,661
00469202,DORSEY SCHOOL OF BUSINESS               ,MI,48071-0000,Proprietary  ,5,39,44,89,467,556
00469204,DORSEY SCHOOL OF BUSINESS               ,MI,48066-0000,Proprietary  ,11,62,73,160,831,991
00469205,DORSEY BUSINESS SCHOOL - FARMINGTON HILL,MI,48334-3385,Proprietary  ,6,19,25,61,378,439
00469206,DORSEY BUSINESS SCHOOL - ROSEVILLE CULIN,MI,48066-4555,Proprietary  ,9,36,45,120,579,699
00469207,DORSEY BUSINESS SCHOOL - WATERFORD/PONTI,MI,48341-1037,Proprietary  ,16,52,68,116,601,717
00469208,DORSEY BUSINESS SCHOOL - SAGINAW CAMPUS ,MI,48603-5201,Proprietary  ,14,52,66,68,280,348
00491003,KAPLAN CAREER INSTITUTE - DEARBORN      ,MI,48228-0000,Proprietary  ,7,38,45,200,1190,1390
00676800,MID MICHIGAN COMMUNITY COLLEGE          ,MI,48625-9447,Public       ,21,72,93,2950,4288,7238
00677100,COLLEGE FOR CREATIVE STUDIES            ,MI,48202-4034,Private      ,5,7,12,1612,804,2416
00694900,KALAMAZOO VALLEY COMMUNITY COLLEGE      ,MI,49003-4070,Public       ,51,223,274,6375,9716,16091
00717100,KIRTLAND COMMUNITY COLLEGE              ,MI,48653-0000,Public       ,8,50,58,1123,2177,3300
00732991,ITT TECHNICAL INSTITUTE                 ,MI,49519-1851,Proprietary  ,36,149,185,1387,4444,5831
00761700,CARNEGIE INSTITUTE                      ,MI,48083-1159,Proprietary  ,3,24,27,89,611,700
00795000,WEST SHORE COMMUNITY COLLEGE            ,MI,49454-0000,Public       ,3,14,17,702,1126,1828
00817800,EMPIRE BEAUTY SCHOOL                    ,MI,49525-2440,Proprietary  ,14,50,64,223,713,936
00817801,EMPIRE BEAUTY SCHOOL - KALAMAZOO CAMPUS ,MI,49024-2694,Proprietary  ,0,0,0,29,48,77
00832903,ITT TECHNICAL INSTITUTE                 ,MI,48083-2008,Proprietary  ,0,0,0,0,1,1
00890600,MACOMB COMMUNITY COLLEGE                ,MI,48088-3896,Public       ,123,350,473,12577,17545,30122
00894600,PORT HURON COSMETOLOGY COLLEGE          ,MI,48329-1618,Proprietary  ,1,1,2,31,65,96
00923000,WAYNE COUNTY COMMUNITY CLG-DISTRICT     ,MI,48226-3095,Public       ,124,500,624,11143,34233,45376
00973200,VIRGINIA FARRELL BEAUTY SCHOOL          ,MI,48080-1448,Proprietary  ,1,1,2,46,93,139
00973400,VIRGINIA FARRELL BEAUTY SCHOOL          ,MI,48220-1739,Proprietary  ,1,3,4,86,233,319
00982800,EVEREST INSTITUTE                       ,MI,48033-4400,Proprietary  ,14,70,84,439,2223,2662
00982801,EVEREST INSTITUTE- DEARBORN             ,MI,48124-1927,Proprietary  ,16,74,90,410,1613,2023
00982803,EVEREST INSTITUTE - DETROIT             ,MI,48207-4291,Proprietary  ,11,73,84,346,1328,1674
01047000,KALAMAZOO BEAUTY ACADEMY                ,MI,49002-5220,Proprietary  ,2,2,4,34,81,115
01082700,DAVID PRESSLEY PROF SCH OF COSMTLGY     ,MI,48067-3219,Proprietary  ,8,10,18,146,247,393
01109800,FLINT INSTITUTE OF BARBERING            ,MI,48504-4395,Proprietary  ,2,6,8,51,162,213
01164600,VIRGINIA FARRELL BEAUTY SCHOOL          ,MI,48185-3091,Proprietary  ,4,9,13,50,173,223
01229100,WRIGHT BEAUTY ACADEMY                   ,MI,49015-2696,Proprietary  ,1,2,3,36,131,167
01262700,THOMAS M. COOLEY LAW SCHOOL             ,MI,48901-1586,Private      ,0,53,53,27,5462,5489
01321800,M J MURPHY BTY CLG MT PLEASANT          ,MI,48858-2502,Proprietary  ,4,1,5,47,111,158
02060300,MICHIGAN INSTITUTE OF AERONAUTICS       ,MI,48188-2533,Proprietary  ,15,48,63,507,1126,1633
02068700,FISER'S COLLEGE OF COSMETOLOGY          ,MI,49221-0000,Proprietary  ,0,2,2,31,73,104
02099700,ROSS MEDICAL EDUCATION CENTER           ,MI,48532-0000,Proprietary  ,14,76,90,326,1870,2196
02099701,ROSS MEDICAL EDUCATION CENTER-SAGINAW   ,MI,48603-5227,Proprietary  ,0,3,3,37,174,211
02099702,ROSS MEDICAL EDUCATION CENTER-PORT HURON,MI,48060-1958,Proprietary  ,1,1,2,22,95,117
02099703,ROSS MEDICAL EDUCATION CENTER-ROOSEVELT ,MI,49441-4156,Proprietary  ,0,1,1,3,34,37
02100400,EVEREST INSTITUTE                       ,MI,49525-2301,Proprietary  ,5,82,87,269,1470,1739
02100401,EVEREST INSTITUTE - KALAMAZOO           ,MI,49009-3307,Proprietary  ,20,82,102,261,1206,1467
02125600,MICHIGAN COLLEGE OF BEAUTY              ,MI,48083-0000,Proprietary  ,7,21,28,174,452,626
02152103,ACADEMY OF COURT REPORTING & TECHNOLOGY ,MI,48017-1495,Proprietary  ,0,3,3,53,392,445
02158600,MR BELA'S SCHOOL OF COSMETOLOGY         ,MI,48092-4637,Proprietary  ,2,18,20,48,151,199
02160303,INTERNATIONAL ACADEMY OF DESIGN AND TECH,MI,48083-2160,Proprietary  ,18,24,42,834,1145,1979
02180100,ROSS MEDICAL EDUCATION CENTER           ,MI,48092-0000,Proprietary  ,10,49,59,247,1123,1370
02180105,ROSS MEDICAL EDUCATION CENTER-REDFORD   ,MI,48239-1260,Proprietary  ,0,4,4,20,138,158
02198900,MICHIGAN SCHOOL OF PROFESSIONAL PSYCHOLO,MI,48334-4512,Private      ,0,1,1,16,224,240
02209200,TAYLORTOWN SCHOOL OF BEAUTY             ,MI,48180-0000,Proprietary  ,0,2,2,23,120,143
02237800,SPECS HOWARD SCHOOL OF MEDIA ARTS       ,MI,48075-0000,Proprietary  ,13,23,36,665,1067,1732
02285700,BAYSHIRE BEAUTY ACADEMY                 ,MI,48708-5614,Proprietary  ,2,2,4,44,169,213
02289801,KAPLAN INSTITUTE - DETROIT CAMPUS       ,MI,48202-0000,Proprietary  ,13,63,76,303,1403,1706
02324500,MICHIGAN COLLEGE OF BEAUTY              ,MI,48161-3901,Proprietary  ,3,3,6,82,217,299
02339700,ROSS MEDICAL EDUCATION CENTER           ,MI,48116-0000,Proprietary  ,14,76,90,290,1425,1715
02339701,ROSS MEDICAL EDUCATION CENTER-ANN ARBOR ,MI,48108-1411,Proprietary  ,0,1,1,27,155,182
02339703,ROSS MEDICAL EDUCATION CENTER - DAVISON ,MI,48423-1751,Proprietary  ,0,1,1,18,88,106
02361500,MICHIGAN BARBER COLLEGE                 ,MI,48204-2244,Private      ,1,11,12,158,516,674
02363800,YESHIVA GEDOLAH OF GREATER DETROIT      ,MI,48237-0000,Private      ,10,0,10,45,7,52
02491000,WEST MI COLG OF BARBERING & BEAUTY      ,MI,49008-0000,Proprietary  ,0,4,4,33,142,175
02498300,VIRGINIA FARRELL BEAUTY SCHOOL          ,MI,48154-0000,Proprietary  ,2,4,6,41,151,192
02533600,ROSS MEDICAL EDUCATION CENTER           ,MI,48917-2108,Proprietary  ,8,67,75,270,1402,1672
02533601,ROSS MEDICAL EDUCATION CENTER - GRAND RA,MI,49546-2430,Proprietary  ,0,11,11,43,250,293
02588200,DOUGLAS J AVEDA INSTITUTE               ,MI,48823-4351,Proprietary  ,34,28,62,593,795,1388
02588201,DOUGLAS J AVEDA INSTITUTE - ANN ARBOR   ,MI,48104-2211,Proprietary  ,4,4,8,89,168,257
02595700,HILLSDALE BEAUTY COLLEGE                ,MI,49242-0000,Proprietary  ,1,1,2,69,49,118
02618400,MICHIGAN CAREER & TECHNICAL INST        ,MI,49080-9254,Public       ,26,13,39,366,192,558
03005700,DETROIT BUSINESS INST. DOWNRIVER        ,MI,48193-6761,Proprietary  ,3,4,7,64,230,294
03028500,LAWTON SCHOOL                           ,MI,48075-0000,Proprietary  ,6,40,46,72,355,427
03066600,BAY MILLS COMMUNITY COLLEGE             ,MI,49715-9750,Public       ,1,15,16,212,582,794
03075200,TWIN CITY BEAUTY COLLEGE                ,MI,49085-3305,Proprietary  ,2,16,18,87,322,409
03075201,TWIN CITY BEAUTY COLLEGE - TRAVERSE CITY,MI,49686-5119,Proprietary  ,0,0,0,21,24,45
03090000,SHARP'S ACADEMY OF HAIRSTYLING INC.     ,MI,48433-0000,Proprietary  ,0,6,6,18,66,84
03109700,HOUGHTON LAKE INST OF COSMETOLOGY       ,MI,48629-0669,Proprietary  ,2,1,3,15,34,49
03110300,THE SCHOOL OF CREATIVE HAIR DESIGN      ,MI,49036-1139,Proprietary  ,0,5,5,22,74,96
03124000,NORTHWESTERN TECHNOLOGICAL INST         ,MI,48075-2412,Proprietary  ,12,62,74,146,718,864
03135300,MICHIGAN THEOLOGICAL SEMINARY           ,MI,48170-4399,Private      ,0,0,0,2,34,36
03284300,MICHIGAN JEWISH INSTITUTE               ,MI,48237-0000,Private      ,3,3,6,1217,401,1618
03490300,PAUL MITCHELL THE SCHOOL ESCANABA       ,MI,49829-0000,Proprietary  ,12,13,25,299,366,665
03588300,IRENE'S MYOMASSOLOGY INSTITUTE          ,MI,48033-2404,Proprietary  ,2,30,32,101,543,644
03704300,BLUE WATER COLLEGE OF COSMETOLOGY       ,MI,48040-0000,Proprietary  ,5,9,14,43,84,127
03772300,SAGINAW CHIPPEWA TRIBAL COLLEGE         ,MI,48858-0000,Public       ,0,0,0,26,71,97
03815300,IN SESSION-ARTS OF COSMETOLOGY BEAU     ,MI,48609-0000,Proprietary  ,4,12,16,44,160,204
03907300,PAUL MITCHELL THE SCHOOL GREAT LAKES    ,MI,48060-0000,Proprietary  ,2,2,4,89,126,215
03915300,CAREER QUEST LEARNING CENTER            ,MI,48910-4732,Proprietary  ,14,72,86,178,1416,1594
03968300,LAKEWOOD SCHOOL OF THERAPEUTIC MASSAGE  ,MI,48060-0000,Proprietary  ,0,1,1,17,71,88
03976500,ANN ARBOR INSTITUTE OF MASSAGE THERAPY  ,MI,48103-0000,Proprietary  ,0,1,1,56,175,231
04002400,ECUMENICAL THEOLOGICAL SEMINARY         ,MI,48201-3035,Private      ,0,2,2,6,155,161
04006300,NUVO COLLEGE OF COSMETOLOGY             ,MI,49441-3822,Proprietary  ,1,1,2,27,103,130
04014300,P&A SCHOLARS BEAUTY SCHOOL              ,MI,48204-0000,Proprietary  ,5,18,23,175,439,614
04094300,ROBERT B. MILLER COLLEGE (THE)          ,MI,49017-3306,Private      ,1,11,12,78,510,588
04121100,GALLERY COLLEGE OF BEAUTY (THE)         ,MI,48036-3591,Proprietary  ,6,22,28,113,377,490
04136300,FOCUS:  HOPE INFORMATION TECHNOLOGIES CE,MI,48238-2949,Private      ,1,9,10,86,358,444
04138400,SCHOOL OF DESIGNING ARTS                ,MI,49015-2853,Proprietary  ,0,4,4,57,88,145
04139600,REGAL BEAUTY SCHOOL                     ,MI,48150-4013,Proprietary  ,0,0,0,3,6,9
04140900,INTERNATIONAL COSMETOLOGY ACADEMY       ,MI,49508-1308,Proprietary  ,0,9,9,43,241,284
04141100,FRENCH ACADEMY OF COSMETOLOGY           ,MI,49456-3207,Proprietary  ,1,0,1,33,101,134
04158400,L'ESPRIT ACADEMY                        ,MI,48150-0000,Proprietary  ,2,7,9,73,128,201
04159300,MARKETTI ACADEMY OF COSMETOLOGY         ,MI,48329-3506,Proprietary  ,1,13,14,45,160,205
04163300,COMPASS FILM ACADEMY                    ,MI,49504-5296,Private      ,1,0,1,15,38,53
04164700,KEWEENAW BAY OJIBWA COMMUNITY COLLEGE   ,MI,49908-0000,Public       ,0,16,16,2,46,48
04169300,SCHOLARS COSMETOLOGY UNIVERSITY         ,MI,48108-0000,Proprietary  ,2,8,10,3,15,18
04183300,ABCOTT INSTITUTE                        ,MI,48075-5227,Proprietary  ,6,22,28,9,43,52
04184700,PROTEGE ACADEMY                         ,MI,48823-8660,Proprietary  ,2,3,5,10,24,34
00233200,ANOKA-RAMSEY CC-CAMBRIDGE/COONRAPID     ,MN,55433-3499,Public       ,52,175,227,3882,5570,9452
00233400,AUGSBURG COLLEGE                        ,MN,55454-1351,Private      ,7,31,38,2950,2589,5539
00233500,RIVERLAND COMMUNITY COLLEGE             ,MN,55912-1473,Public       ,17,53,70,1168,2165,3333
00233600,BEMIDJI STATE UNIVERSITY                ,MN,56601-2699,Public       ,8,48,56,3624,2291,5915
00233700,BETHANY LUTHERAN COLLEGE INC            ,MN,56001-6163,Private      ,2,0,2,721,91,812
00233900,CENTRAL LAKES COLG-BRAINERD/STAPLES     ,MN,56401-3900,Public       ,27,61,88,1664,2553,4217
00234000,CARLETON COLLEGE                        ,MN,55057-4001,Private      ,2,1,3,3010,66,3076
00234100,COLLEGE OF ST BENEDICT                  ,MN,56374-2099,Private      ,1,1,2,2107,72,2179
00234200,ST. CATHERINE UNIVERSITY                ,MN,55105-1789,Private      ,7,49,56,2674,3696,6370
00234300,COLLEGE OF ST SCHOLASTICA               ,MN,55811-4199,Private      ,6,98,104,2511,2142,4653
00234500,UNIVERSITY OF ST THOMAS                 ,MN,55105-1096,Private      ,11,116,127,6645,4481,11126
00234600,CONCORDIA COLLEGE-MOORHEAD              ,MN,56562-0001,Private      ,5,9,14,3245,221,3466
00234700,"CONCORDIA UNIVERSITY, ST PAUL, MN       ",MN,55104-5494,Private      ,3,65,68,1332,2514,3846
00235000,VERMILION COMMUNITY COLLEGE             ,MN,55731-1996,Public       ,8,1,9,557,220,777
00235300,GUSTAVUS ADOLPHUS COLLEGE               ,MN,56082-1498,Private      ,1,0,1,2964,65,3029
00235400,HAMLINE UNIVERSITY                      ,MN,55104-1284,Private      ,3,95,98,2622,3723,6345
00235500,HIBBING COMMUNITY COLLEGE               ,MN,55746-3300,Public       ,7,17,24,743,1208,1951
00235600,ITASCA COMMUNITY COLLEGE                ,MN,55744-3397,Public       ,6,16,22,830,750,1580
00235700,LUTHER SEMINARY                         ,MN,55108-0000,Private      ,0,2,2,2,464,466
00235800,MACALESTER COLLEGE                      ,MN,55105-1899,Private      ,0,0,0,3358,163,3521
00236000,"MINNESOTA STATE UNIVERSITY, MANKATO     ",MN,56002-0000,Public       ,82,113,195,11558,4814,16372
00236100,MARTIN LUTHER COLLEGE                   ,MN,56073-3965,Private      ,0,2,2,678,89,767
00236200,MINNEAPOLIS COMM AND TECH COLLEGE       ,MN,55403-1779,Public       ,77,268,345,4715,11783,16498
00236500,MINNEAPOLIS COLLEGE OF ART & DESIGN     ,MN,55404-4343,Private      ,4,7,11,998,478,1476
00236600,CROSSROADS COLLEGE                      ,MN,55902-2382,Private      ,1,2,3,126,101,227
00236700,MINNESOTA STATE UNIVERSITY MOORHEAD     ,MN,56563-0001,Public       ,17,44,61,5368,2638,8006
00236900,NORTH CENTRAL UNIVERSITY                ,MN,55404-1391,Private      ,3,5,8,1313,496,1809
00237000,NORTH HENNEPIN COMMUNITY COLLEGE        ,MN,55445-2299,Public       ,54,175,229,3143,5807,8950
00237100,NORTHWESTERN COLLEGE                    ,MN,55113-1598,Private      ,2,52,54,2340,1061,3401
00237300,ROCHESTER COMMUNITY/TECH COLLEGE        ,MN,55904-4999,Public       ,29,88,117,2968,3920,6888
00237500,SOUTHWEST MINNESOTA STATE UNIVERSITY    ,MN,56258-1598,Public       ,3,21,24,2155,1176,3331
00237700,ST CLOUD STATE UNIVERSITY               ,MN,56301-4498,Public       ,46,137,183,11088,5840,16928
00237900,SAINT JOHNS UNIVERSITY                  ,MN,56321-0000,Private      ,0,0,0,1954,111,2065
00238000,SAINT MARY'S UNIVERSITY                 ,MN,55987-1399,Private      ,2,51,53,1710,3464,5174
00238200,ST OLAF COLLEGE                         ,MN,55057-1098,Private      ,2,1,3,3856,99,3955
00238300,CROWN COLLEGE                           ,MN,55375-9001,Private      ,0,14,14,781,758,1539
00238500,NORTHLAND COMMUNITY & TECHNICAL CLG     ,MN,56701-2598,Public       ,6,38,44,1606,2369,3975
00238600,UNITED THEOLGCL SEMINRY TWIN CITIES     ,MN,55112-0000,Private      ,0,0,0,2,123,125
00238800,"UNIVERSITY OF MINNESOTA, DULUTH         ",MN,55812-2496,Public       ,16,28,44,10352,2238,12590
00238900,"UNIVERSITY OF MINNESOTA, MORRIS         ",MN,56267-2113,Public       ,5,6,11,2089,280,2369
00239100,WILLIAM MITCHELL COLLEGE OF LAW         ,MN,55105-0000,Private      ,0,2,2,6,1380,1386
00239300,MINNESOTA STATE COLLEGE-SE TECH         ,MN,55987-0409,Public       ,8,27,35,984,1877,2861
00239400,WINONA STATE UNIVERSITY                 ,MN,55987-5838,Public       ,17,33,50,7243,1649,8892
00396900,UNIVERSITY OF MINNESOTA-TWIN CITIES     ,MN,55455-0422,Public       ,82,334,416,32547,21654,54201
00400900,MESABI RANGE CMNTY & TECH COLLEGE       ,MN,55792-0000,Public       ,7,15,22,630,834,1464
00405708,NATIONAL AMERICAN UNIVERSITY            ,MN,55113-0000,Proprietary  ,1,6,7,50,357,407
00405715,NATIONAL AMERICAN UNIVERSITY - BLOOMINGT,MN,55425-5550,Proprietary  ,1,8,9,48,396,444
00406900,UNIVERSITY OF MINNESOTA-CROOKSTON       ,MN,56716-5001,Public       ,7,26,33,1135,640,1775
00438600,VETERAN'S MEDICAL CTR- SCH RAD TECH     ,MN,55417-2399,Public       ,0,1,1,3,27,30
00464100,DUNWOODY COLLEGE OF TECHNOLOGY          ,MN,55403-1192,Private      ,25,24,49,954,1801,2755
00464200,GLOBE UNIVERSITY                        ,MN,55125-5408,Proprietary  ,18,73,91,1874,6294,8168
00464500,MINNEAPOLIS BUSINESS COLLEGE            ,MN,55113-4036,Proprietary  ,0,2,2,491,245,736
00464600,MINNESOTA SCHOOL OF BUSINESS            ,MN,55423-0000,Proprietary  ,7,46,53,2390,8047,10437
00525200,RIDGEWATER COLLEGE                      ,MN,56201-2098,Public       ,26,59,85,2161,2425,4586
00526300,MINNESOTA WEST CMNTY & TECH COLG        ,MN,56241-1096,Public       ,32,73,105,1014,1948,2962
00553300,"SAINT PAUL COLLEGE, COMMUNITY/TECHNICAL ",MN,55102-1800,Public       ,50,264,314,2726,7811,10537
00553400,SAINT CLOUD TECHNICAL COLLEGE AND COMMUN,MN,56303-1240,Public       ,25,84,109,2800,3286,6086
00553500,PINE TECHNICAL COLLEGE                  ,MN,55063-2198,Public       ,3,23,26,311,960,1271
00553700,SOUTH CENTRAL COLLEGE                   ,MN,56003-0000,Public       ,18,44,62,1847,2374,4221
00554100,MINNESOTA STATE COMMUNITY AND TECHNICAL ,MN,56573-1405,Public       ,30,105,135,2606,4176,6782
00554400,ALEXANDRIA TECHNICAL COLLEGE            ,MN,56308-3799,Public       ,7,13,20,1347,1103,2450
00575700,LAKE SUPERIOR COLLEGE                   ,MN,55811-3399,Public       ,16,74,90,2099,3228,5327
00575900,NORTHWEST TECHNICAL COLLEGE - BEMIDJI   ,MN,56601-4907,Public       ,9,35,44,455,1182,1637
00677500,RAINY RIVER COMMUNITY COLLEGE           ,MN,56649-2187,Public       ,0,1,1,143,140,283
00735000,ANOKA-HENNEPIN TECHNICAL COLLEGE        ,MN,55303-1590,Public       ,15,67,82,952,2915,3867
00735100,BROWN COLLEGE                           ,MN,55120-1004,Proprietary  ,26,73,99,884,1440,2324
00746200,COLLEGE OF VISUAL ARTS                  ,MN,55102-2199,Private      ,1,0,1,282,87,369
00795400,NORMANDALE COMMUNITY COLLEGE            ,MN,55431-4399,Public       ,51,185,236,4845,6029,10874
00826700,NORTHWEST TECHNICAL INSTITUTE           ,MN,55121-5001,Proprietary  ,0,1,1,117,85,202
00869400,RASMUSSEN COLLEGE - ST. CLOUD           ,MN,56301-3713,Proprietary  ,4,43,47,387,2034,2421
00869401,RASMUSSEN COLLEGE - BROOKLYN PARK       ,MN,55445-1512,Proprietary  ,6,39,45,407,1989,2396
00869406,RASMUSSEN COLLEGE - EAGAN               ,MN,55122-1346,Proprietary  ,5,30,35,354,1728,2082
00869407,RASMUSSEN COLLEGE - EDEN PRAIRIE        ,MN,55344-7220,Proprietary  ,27,176,203,635,5388,6023
00869409,RASMUSSEN COLLEGE - MANKATO             ,MN,56001-8658,Proprietary  ,2,25,27,371,1362,1733
00869412,RASMUSSEN COLLEGE - LAKE ELMO           ,MN,55042-8624,Proprietary  ,8,30,38,249,1298,1547
00869416,RASMUSSEN COLLEGE - MOORHEAD            ,MN,56560-4513,Proprietary  ,3,25,28,193,830,1023
00869417,RASMUSSEN COLLEGE - BLAINE              ,MN,55014-0000,Proprietary  ,5,27,32,117,489,606
00905800,BETHEL UNIVERSITY                       ,MN,55112-6999,Private      ,8,74,82,3195,2577,5772
00960000,COSMETOLOGY CAREERS UNLTD-DULUTH        ,MN,55802-2031,Proprietary  ,0,5,5,26,72,98
00962108,HERZING UNIVERSITY - MINNEAPOLIS        ,MN,55428-3568,Proprietary  ,3,35,38,201,671,872
00972200,EMPIRE BEAUTY SCHOOL                    ,MN,55119-7003,Proprietary  ,4,22,26,116,384,500
00974000,INVER HILLS COMMUNITY COLLEGE           ,MN,55076-3224,Public       ,31,123,154,2519,4203,6722
00983100,MODEL COLLEGE OF HAIR DESIGN            ,MN,56301-4280,Proprietary  ,2,6,8,122,117,239
00987000,EMPIRE BEAUTY SCHOOL                    ,MN,55420-2919,Proprietary  ,5,27,32,130,431,561
00989200,"DULUTH BUSINESS UNIV, INC.              ",MN,55807-0000,Proprietary  ,3,4,7,166,598,764
00999200,OAK HILLS CHRISTIAN COLLEGE             ,MN,56601-0000,Private      ,0,1,1,126,65,191
01024800,ART INSTITUTES INTL MINNESOTA           ,MN,55402-3137,Proprietary  ,24,49,73,1861,1690,3551
01035602,EVEREST INSTITUTE - EAGAN               ,MN,55121-1696,Proprietary  ,11,72,83,251,1274,1525
01037400,METROPOLITAN STATE UNIVERSITY           ,MN,55106-5000,Public       ,19,138,157,1779,8060,9839
01040200,DAKOTA COUNTY TECHNICAL COLLEGE         ,MN,55068-2999,Public       ,23,57,80,1281,2502,3783
01049000,REGENCY BEAUTY INSTITUTE                ,MN,55428-0000,Proprietary  ,304,727,1031,4335,9831,14166
01049100,HENNEPIN TECHNICAL COLLEGE              ,MN,55445-2399,Public       ,35,158,193,2216,6199,8415
01054600,CENTURY COLLEGE                         ,MN,55110-1894,Public       ,76,240,316,5257,8081,13338
01173200,"MAYO CLINIC, COLLEGE OF MEDICINE        ",MN,55905-0000,Private      ,0,3,3,44,382,426
01173201,MAYO SCHOOL OF HEALTH-RELATED SCIEN     ,MN,55905-0000,Private      ,1,1,2,51,158,209
01173206,MAYO GRAD SCHOOL                        ,MN,55901-0000,Private      ,0,0,0,4,41,45
01173207,MAYO MEDICAL SCHOOL                     ,MN,55901-0000,Private      ,0,0,0,15,166,181
01232800,NORTHWESTERN HEALTH SCIENCES UNIV       ,MN,55431-1599,Private      ,2,8,10,74,908,982
02050300,ACADEMY COLLEGE                         ,MN,55420-1554,Proprietary  ,2,19,21,53,313,366
02097300,HASTINGS BEAUTY SCHOOL                  ,MN,55033-1205,Proprietary  ,2,1,3,27,43,70
02123200,AVEDA INSTITUTE                         ,MN,55414-0000,Proprietary  ,14,21,35,448,529,977
02159800,COSMETOLOGY CAREERS UNLTD - HIBBING     ,MN,55746-0000,Proprietary  ,0,3,3,12,56,68
02160901,"SALON PROFESSIONAL ACADEMY, THE - THE SA",MN,55428-4928,Proprietary  ,0,1,1,39,82,121
02238100,MINNESOTA SCHOOL OF COSMETOLOGY         ,MN,55125-0000,Proprietary  ,8,5,13,162,249,411
02260500,SUMMIT ACAD OPPORTUNITIES IND CTR       ,MN,55405-0000,Private      ,5,47,52,69,524,593
02263102,ANTHEM COLLEGE - ST. LOUIS PARK         ,MN,55416-2467,Proprietary  ,2,3,5,23,102,125
02504200,WALDEN UNIVERSITY                       ,MN,55401-2511,Proprietary  ,11,2147,2158,195,53414,53609
02514100,AMERICAN INDIAN OPPORTUNITIES CTR       ,MN,55404-0000,Private      ,0,3,3,11,221,232
02543600,INGENUE                                 ,MN,56560-0000,Proprietary  ,0,0,0,6,5,11
02551200,EAST METRO OIC                          ,MN,55104-3435,Private      ,0,0,0,2,3,5
03001200,MCNALLY SMITH COLLEGE OF MUSIC          ,MN,55101-2220,Proprietary  ,6,9,15,815,295,1110
03051900,ALFRED ADLER GRADUATE SCHOOL            ,MN,55305-0000,Private      ,0,9,9,4,319,323
03096400,LEECH LAKE TRIBAL COLLEGE               ,MN,56633-0000,Public       ,1,7,8,48,308,356
03129100,FOND DU LAC TRIBAL & COMMUNITY CLG      ,MN,55720-2984,Public       ,15,27,42,569,1100,1669
03267300,CAPELLA UNIVERSITY                      ,MN,55402-3389,Proprietary  ,7,1618,1625,182,57927,58109
03833300,AMERICAN ACADEMY OF ACUPUNCTURE AND ORIE,MN,55113-0000,Proprietary  ,0,2,2,1,123,124
03921400,WHITE EARTH TRIBAL AND COMMUNITY COLLEGE,MN,56557-0478,Private      ,0,0,0,26,139,165
04044300,HAZELDEN GRADUATE SCHOOL OF ADDICTION ST,MN,55012-0000,Private      ,0,2,2,4,166,170
04130200,INST. OF PRODUCTION AND RECORDING       ,MN,55401-1315,Proprietary  ,3,1,4,594,425,1019
04148800,CENTERPOINT MASSAGE & SHIATSU THERAPY SC,MN,55414-4525,Proprietary  ,4,10,14,33,165,198
04157600,NOVA ACADEMY OF COSMETOLOGY             ,MN,55906-4103,Proprietary  ,5,2,7,23,59,82
04160000,ALLURE SCHOOL OF COSMETOLOGY            ,MN,55066-2086,Proprietary  ,4,8,12,27,60,87
04160500,AVALON SCHOOL OF COSMETOLOGY            ,MN,56187-1930,Proprietary  ,1,2,3,20,37,57
04174400,ROCHESTER SCHOOL OF HAIR DESIGN         ,MN,55901-4310,Proprietary  ,4,5,9,4,5,9
04175600,PARK AVENUE SCHOOL OF COSMETOLOGY       ,MN,56470-3361,Proprietary  ,1,1,2,3,20,23
00239600,ALCORN STATE UNIVERSITY                 ,MS,39096-7500,Public       ,253,143,396,4087,3928,8015
00239700,BELHAVEN UNIVERSITY                     ,MS,39202-1789,Private      ,12,122,134,1613,4335,5948
00239800,BLUE MOUNTAIN COLLEGE                   ,MS,38610-9370,Private      ,3,5,8,524,420,944
00240100,COAHOMA COMMUNITY COLLEGE               ,MS,38614-9799,Public       ,77,38,115,1908,3112,5020
00240200,COPIAH-LINCOLN COMMUNITY COLLEGE        ,MS,39191-0649,Public       ,120,98,218,2565,3184,5749
00240300,DELTA STATE UNIVERSITY                  ,MS,38733-0000,Public       ,78,86,164,3291,3483,6774
00240400,EAST CENTRAL COMMUNITY COLLEGE          ,MS,39327-0129,Public       ,76,79,155,1945,2659,4604
00240500,EAST MISSISSIPPI COMM COLLEGE           ,MS,39358-0000,Public       ,191,188,379,3397,4919,8316
00240700,HINDS COMMUNITY COLLEGE                 ,MS,39154-9799,Public       ,356,458,814,8420,13967,22387
00240800,HOLMES COMMUNITY COLLEGE                ,MS,39079-0000,Public       ,193,213,406,4431,7178,11609
00240900,ITAWAMBA COMMUNITY COLLEGE              ,MS,38843-1099,Public       ,168,255,423,4561,7524,12085
00241000,JACKSON STATE UNIVERSITY                ,MS,39217-0001,Public       ,262,225,487,8864,10580,19444
00241100,JONES COUNTY JUNIOR COLLEGE             ,MS,39437-3999,Public       ,133,119,252,4183,3671,7854
00241300,MERIDIAN COMMUNITY COLLEGE              ,MS,39307-5890,Public       ,73,119,192,2536,3637,6173
00241400,MILLSAPS COLLEGE                        ,MS,39201-0000,Private      ,9,13,22,1491,663,2154
00241500,MISSISSIPPI COLLEGE                     ,MS,39058-0001,Private      ,12,59,71,2840,3593,6433
00241501,MISSISSIPPI COLLEGE - SCHOOL OF LAW     ,MS,39201-1391,Private      ,1,12,13,81,956,1037
00241502,MISSISSIPPI COLLEGE - RANKIN CAMPUS     ,MS,39042-0000,Private      ,0,0,0,65,184,249
00241600,MISSISSIPPI DELTA CMTY COLLEGE          ,MS,38761-0000,Public       ,168,96,264,2519,2894,5413
00241700,MISSISSIPPI GULF CST CLG-PERKINSTON     ,MS,39573-0000,Public       ,57,34,91,2175,1380,3555
00241701,MISSISSIPPI GULF CST CLG-JEFF DAVIS     ,MS,39507-0000,Public       ,47,172,219,2084,4399,6483
00241702,MISSISSIPPI GULF CST CLG-JACKSON CN     ,MS,39553-0000,Public       ,43,129,172,1906,3192,5098
00242200,MISSISSIPPI UNIV FOR WOMEN              ,MS,39701-5818,Public       ,23,80,103,1778,2666,4444
00242300,MISSISSIPPI STATE UNIVERSITY            ,MS,39762-9698,Public       ,212,193,405,14907,8239,23146
00242400,MISSISSIPPI VALLEY STATE UNIVERSITY     ,MS,38941-1400,Public       ,227,86,313,3495,3644,7139
00242600,NORTHEAST MS CMNTY COLLEGE              ,MS,38829-1731,Public       ,58,50,108,2988,2891,5879
00242700,NORTHWEST MISSISSIPPI COMMUNITY CLG     ,MS,38668-1703,Public       ,166,135,301,5969,6407,12376
00243000,PEARL RIVER COMMUNITY COLLEGE           ,MS,39470-2201,Public       ,134,203,337,3589,4803,8392
00243300,RUST COLLEGE                            ,MS,38635-2328,Private      ,22,9,31,1382,684,2066
00243500,SOUTHEASTERN BAPTIST COLLEGE            ,MS,39440-0000,Private      ,1,4,5,25,108,133
00243600,SOUTHWEST MISSISSIPPI CMNTY CLG         ,MS,39666-8099,Public       ,77,53,130,1660,1755,3415
00243900,TOUGALOO COLLEGE                        ,MS,39174-9799,Private      ,37,26,63,1728,771,2499
00244000,UNIVERSITY OF MISSISSIPPI               ,MS,38677-1848,Public       ,217,156,373,12758,7635,20393
00244001,UNIVERSITY OF MISSISSIPPI - MED CTR     ,MS,39216-0000,Public       ,13,26,39,628,2150,2778
00244100,UNIVERSITY OF SOUTHERN MISSISSIPPI      ,MS,39406-0001,Public       ,161,261,422,12074,11091,23165
00244700,WILLIAM CAREY UNIVERSITY                ,MS,39401-5499,Private      ,27,110,137,1629,4335,5964
01146100,WESLEY COLLEGE                          ,MS,39073-1070,Private      ,0,0,0,31,62,93
01289101,ANTONELLI COLLEGE - JACKSON             ,MS,39232-9514,Proprietary  ,4,70,74,210,1679,1889
01289102,ANTONELLI COLLEGE - HATTIESBURG         ,MS,39401-3056,Proprietary  ,8,40,48,208,968,1176
02074900,CHRIS' BEAUTY COLLEGE                   ,MS,39501-0000,Proprietary  ,5,11,16,48,176,224
02160500,NORTH MISSISSIPPI MED CTR MED TECH      ,MS,38801-0000,Private      ,1,2,3,35,151,186
02235900,ACADEMY OF HAIR DESIGN #4               ,MS,39208-0000,Proprietary  ,6,18,24,57,190,247
02244300,ACADEMY OF HAIR DESIGN #1               ,MS,38901-0000,Proprietary  ,6,20,26,122,318,440
02249900,DELTA BEAUTY COLLEGE                    ,MS,38701-0000,Proprietary  ,3,7,10,34,131,165
02251600,ACADEMY OF HAIR DESIGN #6               ,MS,39401-7581,Proprietary  ,4,22,26,105,334,439
02251700,FOSTER'S COSMETOLOGY COLLEGE            ,MS,38663-0000,Proprietary  ,1,3,4,19,43,62
02302800,MISSISSIPPI COLLEGE OF BEAUTY CULT      ,MS,39440-0000,Proprietary  ,4,6,10,39,130,169
02320800,MAGNOLIA COLLEGE OF COSMETOLOGY         ,MS,39206-0000,Proprietary  ,7,20,27,110,322,432
02361200,MAGNOLIA BIBLE COLLEGE                  ,MS,39090-0000,Private      ,0,0,0,2,6,8
02502100,CREATIONS COLLEGE OF COSMETOLOGY        ,MS,38803-0000,Proprietary  ,0,3,3,37,154,191
02516200,WESLEY BIBLICAL SEMINARY                ,MS,39206-0000,Private      ,0,2,2,7,136,143
02586000,J & J HAIR DESIGN COLLEGE               ,MS,39051-3716,Proprietary  ,7,26,33,43,211,254
03004000,FINAL TOUCH BEAUTY SCHOOL               ,MS,39307-2934,Proprietary  ,3,4,7,28,105,133
03010401,CRESCENT CITY BARTENDING SCHOOL         ,MS,39501-0000,Proprietary  ,0,0,0,10,57,67
03010404,CRESCENT CITY SCHOOL OF GAMING & BARTEND,MS,38664-1903,Proprietary  ,0,0,0,6,35,41
03010603,VIRGINIA COLLEGE - JACKSON              ,MS,39206-5602,Proprietary  ,18,93,111,296,1819,2115
03010610,VIRGINIA COLLEGE - BILOXI               ,MS,39532-2124,Proprietary  ,10,105,115,142,1125,1267
03263300,TRAXLER'S SCHOOL OF HAIR                ,MS,39212-2529,Proprietary  ,4,8,12,26,130,156
03464300,ACADEMY OF HAIR DESIGN                  ,MS,39562-0000,Proprietary  ,2,16,18,24,124,148
03525300,BLUE CLIFF COLLEGE                      ,MS,39507-0000,Proprietary  ,20,35,55,216,776,992
03848300,DAY SPA CAREER COLLEGE                  ,MS,39564-0000,Proprietary  ,0,14,14,35,138,173
03963300,HEALING TOUCH SCHOOL OF MASSAGE THERAPY ,MS,39402-1300,Proprietary  ,2,11,13,27,107,134
04131300,CORINTH ACADEMY OF COSMETOLOGY          ,MS,38834-4813,Proprietary  ,2,19,21,34,100,134
04137400,MISSISSIPPI SCHOOL OF THERAPEUTIC MASSAG,MS,39216-5023,Proprietary  ,1,3,4,32,105,137
04140200,"MISSISSIPPI INSTITUTE OF AESTHETICS, NAI",MS,39056-5628,Proprietary  ,3,2,5,42,113,155
00252600,CARROLL COLLEGE                         ,MT,59625-0002,Private      ,2,0,2,1826,301,2127
00252700,UNIVERSITY OF GREAT FALLS               ,MT,59405-4996,Private      ,3,18,21,677,760,1437
00252800,MILES COMMUNITY COLLEGE                 ,MT,59301-4799,Public       ,2,3,5,362,285,647
00252900,DAWSON COMMUNITY COLLEGE                ,MT,59330-1405,Public       ,1,7,8,328,185,513
00253000,MONTANA STATE UNIVERSITY - BILLINGS     ,MT,59101-0298,Public       ,6,65,71,2868,4199,7067
00253100,MONTANA TECH OF THE UNIV OF MONTANA     ,MT,59701-8997,Public       ,1,11,12,1587,1561,3148
00253200,MONTANA STATE UNIVERSITY - BOZEMAN      ,MT,59717-0001,Public       ,19,88,107,10269,5108,15377
00253300,MONTANA STATE UNIVERSITY-NORTHERN       ,MT,59501-3148,Public       ,4,17,21,886,947,1833
00253400,ROCKY MOUNTAIN COLLEGE                  ,MT,59102-1796,Private      ,2,5,7,1288,426,1714
00253600,UNIVERSITY OF MONTANA (THE)             ,MT,59812-0001,Public       ,21,94,115,9465,9104,18569
00253700,UNIVERSITY OF MONTANA WESTERN (THE)     ,MT,59725-3598,Public       ,1,5,6,1258,688,1946
00677700,FLATHEAD VALLEY COMMUNITY COLLEGE       ,MT,59901-2699,Public       ,5,61,66,1055,2151,3206
00757000,HELENA COLLEGE OF TECHNOLOGY            ,MT,59601-3098,Public       ,9,21,30,537,1307,1844
00790000,BUTTE ACADEMY OF BEAUTY CULTURE         ,MT,59701-9197,Proprietary  ,0,2,2,35,56,91
00894700,"DAHL'S COLLEGE OF BEAUTY,INC            ",MT,59401-3731,Proprietary  ,0,6,6,13,73,86
00931400,MSU COLLEGE OF TECH-GREAT FALLS         ,MT,59405-4907,Public       ,15,43,58,738,1956,2694
02143400,SALISH KOOTENAI COLLEGE                 ,MT,59855-0000,Public       ,5,25,30,395,1229,1624
02286600,LITTLE BIG HORN COLLEGE                 ,MT,59022-0000,Public       ,1,1,2,141,348,489
02343000,FT PECK COMMUNITY COLLEGE               ,MT,59255-0000,Public       ,1,6,7,99,340,439
02510600,BLACKFEET COMMUNITY COLLEGE             ,MT,59417-0000,Private      ,1,7,8,199,505,704
02517500,FORT BELKNAP COLLEGE                    ,MT,59526-0000,Public       ,0,2,2,71,183,254
02545200,CHIEF DULL KNIFE COLLEGE                ,MT,59043-0098,Public       ,1,2,3,74,204,278
02610900,STONE CHILD COLLEGE                     ,MT,59521-9796,Public       ,8,21,29,75,287,362
02621300,ACADEMY OF COSMETOLOGY                  ,MT,59715-3544,Proprietary  ,0,0,0,36,60,96
03205300,MODERN BEAUTY SCHOOL                    ,MT,59801-8386,Proprietary  ,0,4,4,53,140,193
03763400,"ACADEMY OF NAIL, SKIN & HAIR            ",MT,59101-0000,Proprietary  ,5,12,17,65,180,245
03778300,HEALTH WORKS INSTITUTE                  ,MT,59715-0000,Proprietary  ,0,4,4,22,90,112
04163700,BITTERROOT SCHOOL OF COSMETOLOGY        ,MT,59840-3118,Proprietary  ,2,1,3,12,42,54
04164100,SALON PROFESSIONAL ACADEMY (THE)        ,MT,59405-0000,Proprietary  ,0,4,4,60,145,205
04187700,CREVIER'S SCHOOL OF COSMETOLOGY         ,MT,59901-4402,Proprietary  ,3,3,6,5,6,11
00253900,CHADRON STATE COLLEGE                   ,NE,69337-2690,Public       ,3,36,39,1640,1241,2881
00254000,COLLEGE OF ST MARY                      ,NE,68106-2606,Private      ,3,16,19,499,1253,1752
00254100,CONCORDIA UNIVERSITY                    ,NE,68434-1594,Private      ,0,6,6,1345,664,2009
00254200,CREIGHTON UNIVERSITY                    ,NE,68178-0001,Private      ,4,42,46,5105,5369,10474
00254300,DANA COLLEGE                            ,NE,68008-9905,Proprietary  ,0,0,0,965,117,1082
00254400,DOANE COLLEGE                           ,NE,68333-2421,Private      ,3,58,61,1643,1262,2905
00254700,GRACE UNIVERSITY                        ,NE,68108-3629,Private      ,0,5,5,350,349,699
00254800,HASTINGS COLLEGE                        ,NE,68901-7621,Private      ,3,3,6,1490,196,1686
00255100,UNIVERSITY OF NEBRASKA AT KEARNEY       ,NE,68849-0001,Public       ,17,61,78,4267,2171,6438
00255300,MIDLAND UNIVERSITY                      ,NE,68025-4254,Private      ,2,6,8,756,320,1076
00255400,UNIVERSITY OF NEBRASKA-OMAHA            ,NE,68182-0001,Public       ,30,132,162,8863,7135,15998
00255500,NEBRASKA WESLEYAN UNIVERSITY            ,NE,68504-2796,Private      ,3,19,22,1967,627,2594
00255700,MID-PLAINS COMM COLLEGE - NORTH PLATTE  ,NE,69101-9420,Public       ,2,28,30,529,811,1340
00255701,MID-PLAINS COMMUNITY COLLEGE - MCCOOK   ,NE,69001-2631,Public       ,3,12,15,270,266,536
00255900,PERU STATE COLLEGE                      ,NE,68421-0010,Public       ,11,39,50,1074,1154,2228
00256000,WESTERN NEBRASKA COMMUNITY COLLEGE      ,NE,69361-1815,Public       ,13,45,58,860,1398,2258
00256300,UNION COLLEGE                           ,NE,68506-4387,Private      ,3,4,7,784,382,1166
00256500,UNIVERSITY OF NEBRASKA-LINCOLN          ,NE,68588-0419,Public       ,24,75,99,15804,5981,21785
00256596,UNIVERSITY OF NEBRASKA - CURTIS         ,NE,69025-9522,Public       ,0,0,0,240,49,289
00256600,WAYNE STATE COLLEGE                     ,NE,68787-1172,Public       ,5,23,28,2999,976,3975
00256700,YORK COLLEGE                            ,NE,68467-2699,Private      ,1,1,2,561,151,712
00443100,MARY LANNING MEM HOSP SCH RAD TECH      ,NE,68901-4497,Private      ,0,0,0,7,10,17
00443600,REGNL WST MEDCL CTR SCHL RAD            ,NE,69361-0000,Private      ,0,0,0,17,12,29
00458608,KAPLAN UNIVERSITY - OMAHA               ,NE,68134-1002,Proprietary  ,4,76,80,262,1997,2259
00458609,KAPLAN UNIVERSITY - LINCOLN             ,NE,68508-2668,Proprietary  ,5,42,47,199,1315,1514
00639900,BRYANLGH COLLEGE OF HEALTH SCIENCES     ,NE,68506-1398,Private      ,0,3,3,350,345,695
00640400,NEBR METHODIST CLG OF NURS ALLD HLTH    ,NE,68114-2852,Private      ,2,14,16,452,824,1276
00689500,UNIVERSITY OF NEBRASKA-MED CTR          ,NE,68198-4265,Public       ,0,17,17,582,2454,3036
00750100,VATTEROTT COLLEGE                       ,NE,68137-1237,Proprietary  ,5,39,44,224,1205,1429
00849200,ALEGENT HEALTH SCHOOLS                  ,NE,68114-2767,Private      ,0,3,3,40,209,249
00952300,BAHNER COLLEGE OF HAIRSTYLING           ,NE,68025-3297,Proprietary  ,2,1,3,43,39,82
00961700,CAPITOL BEAUTY SCHOOL                   ,NE,68144-0000,Proprietary  ,4,5,9,141,177,318
00962109,HERZING UNIVERSITY - OMAHA SCHOOL OF MAS,NE,68127-5002,Proprietary  ,1,2,3,122,314,436
00974300,BELLEVUE UNIVERSITY                     ,NE,68005-0000,Private      ,17,389,406,862,8875,9737
00986200,CLARKSON COLLEGE                        ,NE,68131-2739,Private      ,2,30,32,527,1155,1682
01151900,JOSEPH'S COLLEGE OF BEAUTY/ALL CAMPUSES ,NE,68510-2226,Proprietary  ,6,25,31,179,374,553
01151909,JOSEPH'S COLLEGE OF BEAUTY - OMAHA      ,NE,68131-0000,Proprietary  ,0,0,0,15,30,45
01166700,NORTHEAST COMMUNITY COLLEGE             ,NE,68702-0000,Public       ,13,57,70,1813,1561,3374
01258600,METROPOLITAN COMMUNITY COLLEGE          ,NE,68103-0000,Public       ,58,231,289,5333,14236,19569
01297600,NEBRASKA CHRISTIAN COLLEGE              ,NE,68046-4256,Private      ,0,0,0,148,67,215
02079700,COLLEGE OF HAIR DESIGN                  ,NE,68508-0000,Proprietary  ,10,12,22,226,266,492
02099500,CENTRAL COMMUNITY COLLEGE- GI           ,NE,68801-0000,Public       ,13,56,69,731,1662,2393
02099501,CENTRAL COMMUNITY COLLEGE - HASTINGS    ,NE,68902-0000,Public       ,8,33,41,1071,1011,2082
02099502,CENTRAL COMMUNITY COLLEGE - COLUMBUS    ,NE,68602-0000,Public       ,5,21,26,557,613,1170
02508300,SOUTHEAST COMM. COLLEGE-ALL CAMPUSES    ,NE,68520-0000,Public       ,19,76,95,5591,7384,12975
02550800,NEBRASKA INDIAN COMMUNITY COLLEGE       ,NE,68039-0000,Public       ,2,10,12,28,107,135
02610500,XENON INTERNATIONAL ACADEMY II          ,NE,68127-3522,Proprietary  ,5,6,11,267,293,560
03164300,THE CREATIVE CENTER                     ,NE,68164-2911,Proprietary  ,1,0,1,176,57,233
03279300,MYOTHERAPY INSTITUTE                    ,NE,68516-3641,Proprietary  ,0,0,0,33,62,95
03323300,LITTLE PRIEST TRIBAL COLLEGE            ,NE,68071-0000,Private      ,0,8,8,38,122,160
03821400,UNIVERSAL COLLEGE OF HEALING ARTS       ,NE,68112-1810,Proprietary  ,1,4,5,16,83,99
00256800,UNIVERSITY OF NEVADA RENO               ,NV,89557-0002,Public       ,38,54,92,9897,6304,16201
00256900,UNIVERSITY OF NEVADA-LAS VEGAS          ,NV,89154-1001,Public       ,100,198,298,15330,17191,32521
00697700,GREAT BASIN COLLEGE                     ,NV,89801-3348,Public       ,3,28,31,660,1508,2168
00732954,ITT TECHNICAL INSTITUTE                 ,NV,89014-6712,Proprietary  ,8,30,38,431,1253,1684
00736700,MARINELLO SCHOOLS OF BEAUTY             ,NV,89110-3563,Proprietary  ,23,52,75,229,554,783
00737100,MARINELLO SCHOOL OF BEAUTY              ,NV,89502-5982,Proprietary  ,10,37,47,140,333,473
00844103,ANTHEM INSTITUTE - MORRISON UNIVERSITY  ,NV,89521-4826,Proprietary  ,1,8,9,23,205,228
00919200,SIERRA NEVADA COLLEGE                   ,NV,89451-0000,Private      ,0,23,23,475,629,1104
01036200,COLLEGE OF SOUTHERN NEVADA              ,NV,89146-1139,Public       ,219,710,929,13546,27260,40806
01036300,WESTERN NEVADA COLLEGE                  ,NV,89703-0000,Public       ,20,67,87,1398,3400,4798
01323200,ACADEMY OF HAIR DESIGN                  ,NV,89146-1617,Proprietary  ,8,19,27,149,329,478
02107700,TRUCKEE MEADOWS COMMUNITY CLG           ,NV,89512-0000,Public       ,65,205,270,4160,8581,12741
02237500,EVEREST COLLEGE                         ,NV,89103-0000,Proprietary  ,24,86,110,805,1975,2780
02338509,NEVADA CAREER INSTITUTE                 ,NV,89121-0000,Proprietary  ,0,0,0,12,48,60
02338512,GLENDALE CAREER COLLEGE - NEVADA CAREER ,NV,89131-3268,Proprietary  ,0,5,5,12,135,147
02616703,SCOTTSDALE CULINARY INSTITUTE - LE CORDO,NV,89144-7047,Proprietary  ,11,34,45,181,419,600
02621500,CAREER COLLEGE OF NORTHERN NEVADA       ,NV,89434-7905,Proprietary  ,12,50,62,185,1063,1248
03030603,UTAH CLG OF MASSAGE THERAPY-NSMT        ,NV,89123-0000,Proprietary  ,10,35,45,225,512,737
03031405,INTERNATIONAL ACADEMY OF DESIGN AND TECH,NV,89074-7750,Proprietary  ,21,54,75,510,901,1411
03043200,KAPLAN COLLEGE                          ,NV,89102-8618,Proprietary  ,32,145,177,537,2126,2663
03076404,BRYMAN SCHOOL OF ARIZONA (THE) - ANTHEM ,NV,89102-4514,Proprietary  ,1,11,12,76,324,400
03088200,CARSON CITY BEAUTY ACADEMY              ,NV,89706-0000,Proprietary  ,1,13,14,45,161,206
03110000,ACADEMY OF HEALING ARTS                 ,NV,89106-4031,Proprietary  ,36,82,118,418,1052,1470
03232306,EUPHORIA INSTITUTE - SUMMERLIN          ,NV,89117-8803,Proprietary  ,10,17,27,192,427,619
03232307,EUPHORIA INSTITUTE - GREEN VALLEY       ,NV,89052-4964,Proprietary  ,8,11,19,172,387,559
03232308,EUPHORIA INSTITUTE - ALIANTE            ,NV,89131-1036,Proprietary  ,5,10,15,191,400,591
03787300,EXPERTISE SCHOOL OF BEAUTY              ,NV,89106-2516,Private      ,2,26,28,67,343,410
03838500,NORTHWEST HEALTH CAREERS                ,NV,89128-0255,Proprietary  ,16,37,53,121,505,626
03975300,INSTITUTE OF PROFESSIONAL CAREERS       ,NV,89119-7825,Proprietary  ,0,4,4,70,332,402
04051303,ART INSTITUTE OF PHOENIX (THE) - ART INS,NV,89074-7737,Proprietary  ,23,44,67,1714,2210,3924
04065300,UNIVERSITY OF SOUTHERN NEVADA           ,NV,89014-2333,Private      ,9,32,41,425,1767,2192
04114300,NEVADA STATE COLLEGE                    ,NV,89002-9455,Public       ,23,67,90,1385,2589,3974
04142601,TOURO UNIVERSITY - NEVADA               ,NV,89014-8800,Private      ,2,6,8,20,224,244
04144800,INTERNATIONAL ACADEMY OF STYLE          ,NV,89509-3450,Proprietary  ,5,18,23,55,152,207
04147600,AVEDA INSTITUTE LAS VEGAS               ,NV,89119-6103,Proprietary  ,7,11,18,140,304,444
04171000,ADVANCED TRAINING INSTITUTE             ,NV,89115-7504,Proprietary  ,7,54,61,45,335,380
04186300,PAUL MITCHELL THE SCHOOL LAS VEGAS      ,NV,89123-8014,Proprietary  ,20,19,39,20,19,39
00257200,COLBY-SAWYER COLLEGE                    ,NH,03257-4648,Private      ,0,0,0,2566,90,2656
00257300,DARTMOUTH COLLEGE                       ,NH,03755-3529,Private      ,1,7,8,10688,1850,12538
00257500,FRANKLIN PIERCE UNIVERSITY              ,NH,03461-0060,Private      ,5,18,23,2494,1303,3797
00257900,NEW ENGLAND COLLEGE                     ,NH,03242-3293,Private      ,1,39,40,1525,1108,2633
00258000,SOUTHERN NEW HAMPSHIRE UNIVERSITY       ,NH,03106-1045,Private      ,21,284,305,4720,6547,11267
00258100,NHTI  - CONCORD'S COMMUNITY COLLEGE     ,NH,03301-7412,Public       ,11,18,29,2946,2098,5044
00258200,MANCHESTER COMMUNITY COLLEGE            ,NH,03102-8518,Public       ,8,22,30,1372,1727,3099
00258202,NEW HAMPSHIRE COMMUNITY TECHNICAL COLLEG,NH,03038-0000,Public       ,0,0,0,31,25,56
00258300,GREAT BAY COMMUNITY COLLEGE             ,NH,03801-0000,Public       ,5,16,21,896,1198,2094
00258600,RIVIER COLLEGE                          ,NH,03060-5086,Private      ,1,27,28,1420,1174,2594
00258700,SAINT ANSELM COLLEGE                    ,NH,03102-1310,Private      ,2,3,5,3880,149,4029
00258900,UNIVERSITY OF NEW HAMPSHIRE             ,NH,03824-2511,Public       ,5,13,18,19691,3737,23428
00259000,KEENE STATE COLLEGE                     ,NH,03431-0000,Public       ,6,9,15,8291,718,9009
00259100,PLYMOUTH STATE UNIVERSITY               ,NH,03264-1595,Public       ,5,10,15,6725,1519,8244
00301004,ANTIOCH UNIVERSITY                      ,NH,03431-0000,Private      ,1,5,6,5,945,950
00472900,HESSER COLLEGE                          ,NH,03103-7230,Proprietary  ,9,40,49,722,1514,2236
00472901,HESSER COLLEGE - NASHUA CAMPUS          ,NH,03063-1286,Proprietary  ,6,16,22,221,807,1028
00472904,HESSER COLLEGE - PORTSMOUTH CAMPUS      ,NH,03801-3245,Proprietary  ,1,26,27,228,802,1030
00472905,HESSER COLLEGE - SALEM CAMPUS           ,NH,03079-2842,Proprietary  ,7,27,34,327,865,1192
00472906,HESSER COLLEGE - CONCORD CAMPUS         ,NH,03301-3415,Proprietary  ,6,27,33,153,680,833
00473100,DANIEL WEBSTER COLLEGE                  ,NH,03063-1300,Proprietary  ,2,6,8,911,246,1157
00473300,CHESTER COLLEGE OF NEW ENGLAND          ,NH,03036-4331,Private      ,0,0,0,222,49,271
00529100,WHITE MOUNTAINS COMMUNITY COLLEGE       ,NH,03570-3799,Public       ,1,11,12,422,804,1226
00702500,LEBANON COLLEGE                         ,NH,03766-0000,Private      ,0,1,1,44,104,148
00755500,LAKES REGION COMMUNITY COLLEGE          ,NH,03246-1326,Public       ,0,14,14,698,758,1456
00756000,RIVER VALLEY COMMUNITY COLLEGE          ,NH,03743-9707,Public       ,2,17,19,364,838,1202
00849300,CONTINENTAL ACADEMIE OF HAIR DESIGN     ,NH,03103-4901,Proprietary  ,0,0,0,22,34,56
00864500,EMPIRE BEAUTY SCHOOL                    ,NH,03220-0000,Proprietary  ,4,15,19,157,186,343
00923600,NASHUA COMMUNITY COLLEGE                ,NH,03063-2052,Public       ,6,27,33,1070,1175,2245
01318900,CONTINENTAL ACADEMIE OF HAIR DESIGN     ,NH,03051-3754,Proprietary  ,1,0,1,62,52,114
02097900,UNIVERSITY NEW HAMPSHIRE SCHOOL OF LAW  ,NH,03301-0000,Private      ,0,2,2,18,843,861
02140400,ST JOSEPH SCH OF PRAC NRSG              ,NH,03060-0000,Private      ,1,8,9,71,192,263
02174800,MICHAEL'S SCHOOL OF HAIR DESIGN & ESTHET,NH,03110-0000,Proprietary  ,3,5,8,116,94,210
02179600,EMPIRE BEAUTY SCHOOL                    ,NH,03878-0000,Proprietary  ,8,13,21,137,176,313
02211600,PORTSMOUTH BTY SCH OF HAIR DESIGN       ,NH,03801-4084,Proprietary  ,1,1,2,24,27,51
02223300,MAGDALEN COLLEGE                        ,NH,03278-4012,Private      ,0,0,0,55,6,61
02245400,KEENE BEAUTY ACADEMY                    ,NH,03431-0000,Proprietary  ,0,4,4,50,44,94
02247000,NEW ENGLAND SCHOOL OF HAIR DESIGN       ,NH,03784-0000,Proprietary  ,4,2,6,35,63,98
03043100,THOMAS MORE COLLEGE OF LIBERAL ARTS     ,NH,03054-4818,Private      ,0,0,0,102,13,115
03101300,GRANITE STATE COLLEGE                   ,NH,03301-6400,Public       ,3,23,26,326,1735,2061
03182300,NEW HAMPSHIRE INSTITUTE OF ART          ,NH,03104-4858,Private      ,1,0,1,690,134,824
03437300,UPPER VALLEY TEACHER TRANING PROGRAM    ,NH,03766-1358,Private      ,0,1,1,2,48,50
03729300,NH INSTITUTE FOR THERAPEUTIC ARTS       ,NH,03051-4906,Proprietary  ,0,0,0,14,63,77
04162200,LAIRD INSTITUTE OF SPA THERAPY          ,NH,03102-5263,Proprietary  ,0,3,3,3,54,57
00267000,BAPTIST BIBLE COLG OF PENNSYLVANIA      ,PA,18411-1297,Private      ,1,5,6,611,290,901
00322800,BRYN ATHYN COLLEGE OF THE NEW CHURCH    ,PA,19009-0717,Private      ,0,0,0,271,29,300
00322900,ALBRIGHT COLLEGE                        ,PA,19612-5234,Private      ,6,44,50,3782,1241,5023
00323000,ALLEGHENY COLLEGE                       ,PA,16335-3902,Private      ,0,0,0,3586,122,3708
00323100,COMM CLG OF ALLEGHENY-ALLEGHENY CMP     ,PA,15212-0000,Public       ,52,176,228,3345,6186,9531
00323101,"COMM CLG OF ALLEGHENY, BOYCE CAMPUS     ",PA,15146-0000,Public       ,17,74,91,1700,2774,4474
00323102,"COMM CLG OF ALLEGHENY, NORTH CAMPUS     ",PA,15237-0000,Public       ,12,55,67,1463,1967,3430
00323103,"COMM CLG OF ALLEGHENY, SOUTH CAMPUS     ",PA,15122-0000,Public       ,28,75,103,2171,2781,4952
00323300,ALVERNIA UNIVERSITY                     ,PA,19607-1799,Private      ,2,46,48,2160,1759,3919
00323500,ARCADIA UNIVERSITY                      ,PA,19038-3295,Private      ,3,13,16,4561,2319,6880
00323700,BRYN MAWR COLLEGE                       ,PA,19010-2899,Private      ,1,3,4,1793,642,2435
00323800,BUCKNELL UNIVERSITY                     ,PA,17837-2122,Private      ,3,0,3,4977,179,5156
00323900,BUCKS COUNTY COMMUNITY COLLEGE          ,PA,18940-1320,Public       ,36,105,141,4195,4097,8292
00324000,BUTLER COUNTY COMMUNITY COLLEGE         ,PA,16001-0000,Public       ,16,58,74,2108,2373,4481
00324100,CABRINI COLLEGE                         ,PA,19087-3698,Private      ,2,93,95,2135,1940,4075
00324200,CARNEGIE MELLON UNIVERSITY              ,PA,15213-3890,Private      ,5,7,12,11361,1739,13100
00324201,CARNEGIE MELLON UNIV- THE HEINZ COLLEGE ,PA,15213-0000,Private      ,0,5,5,207,593,800
00324202,CARNEGIE MELLON- TEPPER SCHOOL OF BUSINE,PA,15213-0000,Private      ,0,2,2,222,605,827
00324300,CEDAR CREST COLLEGE                     ,PA,18104-6196,Private      ,3,12,15,1045,1247,2292
00324400,CHATHAM UNIVERSITY                      ,PA,15232-2826,Private      ,1,16,17,783,1861,2644
00324500,CHESTNUT HILL COLLEGE                   ,PA,19118-2693,Private      ,1,30,31,2064,2133,4197
00324700,MISERICORDIA  UNIVERSITY                ,PA,18612-1008,Private      ,0,14,14,2121,1256,3377
00324900,COMMUNITY COLLEGE OF PHILADELPHIA       ,PA,19130-3991,Public       ,150,548,698,12451,21672,34123
00325100,CURTIS INSTITUTE OF MUSIC               ,PA,19103-6187,Private      ,0,0,0,294,136,430
00325200,DELAWARE VALLEY COLLEGE                 ,PA,18901-2697,Private      ,6,17,23,2348,545,2893
00325300,DICKINSON COLLEGE                       ,PA,17013-2896,Private      ,1,0,1,3176,169,3345
00325600,DREXEL UNIVERSITY                       ,PA,19104-2875,Private      ,29,220,249,27389,17889,45278
00325800,DUQUESNE UNIVERSITY                     ,PA,15282-0001,Private      ,16,62,78,7952,4649,12601
00325900,EASTERN UNIVERSITY                      ,PA,19087-3696,Private      ,5,44,49,2331,2908,5239
00326200,ELIZABETHTOWN COLLEGE                   ,PA,17022-2298,Private      ,4,8,12,3011,632,3643
00326300,EVANGELICAL SCHOOL OF THEOLOGY          ,PA,17067-0000,Private      ,0,1,1,0,102,102
00326500,FRANKLIN & MARSHALL COLLEGE             ,PA,17604-0000,Private      ,4,2,6,3201,123,3324
00326600,GANNON UNIVERSITY                       ,PA,16541-0001,Private      ,3,10,13,3511,1514,5025
00326700,GENEVA COLLEGE                          ,PA,15010-3599,Private      ,1,10,11,2008,1069,3077
00326800,GETTYSBURG COLLEGE                      ,PA,17325-1486,Private      ,3,1,4,4132,133,4265
00326900,GROVE CITY COLLEGE                      ,PA,16127-0000,Private      ,0,0,0,1832,51,1883
00327000,GWYNEDD-MERCY COLLEGE                   ,PA,19437-0901,Private      ,6,28,34,1823,1642,3465
00327200,HARCUM COLLEGE                          ,PA,19010-3476,Private      ,4,9,13,673,1477,2150
00327300,HARRISBURG AREA COMMUNITY COLLEGE       ,PA,17110-2999,Public       ,109,486,595,9647,16737,26384
00327400,HAVERFORD COLLEGE                       ,PA,19041-1392,Private      ,1,0,1,2148,64,2212
00327500,HOLY FAMILY UNIVERSITY                  ,PA,19114-2094,Private      ,1,18,19,2166,2091,4257
00327600,IMMACULATA UNIVERSITY                   ,PA,19345-0647,Private      ,4,41,45,1598,2142,3740
00327700,INDIANA UNIVERSITY OF PENNSYLVANIA      ,PA,15705-1097,Public       ,109,93,202,14723,4228,18951
00327900,JUNIATA COLLEGE                         ,PA,16652-2196,Private      ,1,0,1,2322,86,2408
00328000,KEYSTONE COLLEGE                        ,PA,18440-0200,Private      ,2,16,18,1657,981,2638
00328200,KINGS COLLEGE                           ,PA,18711-0801,Private      ,4,14,18,3023,693,3716
00328300,LACKAWANNA COLLEGE                      ,PA,18509-9961,Private      ,21,17,38,1690,1289,2979
00328400,LAFAYETTE COLLEGE                       ,PA,18042-1768,Private      ,2,1,3,3855,108,3963
00328500,LANCASTER BIBLE COLLEGE                 ,PA,17601-5036,Private      ,1,8,9,683,571,1254
00328600,LANCASTER THEOLOGICAL SEMINARY          ,PA,17603-0000,Private      ,0,1,1,1,124,125
00328700,LASALLE UNIVERSITY                      ,PA,19141-1199,Private      ,9,81,90,5877,4106,9983
00328800,LEBANON VALLEY COLLEGE                  ,PA,17003-1400,Private      ,1,4,5,2647,300,2947
00328900,LEHIGH UNIVERSITY                       ,PA,18015-1588,Private      ,4,13,17,7786,1026,8812
00329000,LINCOLN UNIVERSITY                      ,PA,19352-0999,Public       ,18,28,46,3935,1408,5343
00329100,LUTHERAN THEOLOG SEMINARY-GETTYSBRG     ,PA,17325-0000,Private      ,0,1,1,2,150,152
00329200,LUTHERAN THEOLOGICAL SEMINARY           ,PA,19119-0000,Private      ,0,0,0,2,224,226
00329300,LYCOMING COLLEGE                        ,PA,17701-5192,Private      ,0,0,0,2027,173,2200
00329400,MANOR COLLEGE                           ,PA,19046-3399,Private      ,0,7,7,594,638,1232
00329600,MARYWOOD UNIVERSITY                     ,PA,18509-1598,Private      ,1,18,19,2900,1746,4646
00329700,MERCYHURST COLLEGE                      ,PA,16546-0001,Private      ,7,12,19,4144,2038,6182
00329800,MESSIAH COLLEGE                         ,PA,17027-0800,Private      ,3,2,5,3379,297,3676
00330000,MOORE COLLEGE OF ART & DESIGN           ,PA,19103-1179,Private      ,1,5,6,763,323,1086
00330100,MORAVIAN COLLEGE                        ,PA,18018-6650,Private      ,1,2,3,2316,323,2639
00330101,MORAVIAN THEOLOGICAL SEMINARY           ,PA,18018-0000,Private      ,0,0,0,21,78,99
00330200,MOUNT ALOYSIUS COLLEGE                  ,PA,16630-1999,Private      ,4,15,19,1337,904,2241
00330300,CARLOW UNIVERSITY                       ,PA,15213-3165,Private      ,3,18,21,1235,2048,3283
00330400,MUHLENBERG COLLEGE                      ,PA,18104-5586,Private      ,1,3,4,3541,374,3915
00330600,VALLEY FORGE CHRISTIAN COLLEGE          ,PA,19460-2399,Private      ,1,2,3,887,276,1163
00330900,PEIRCE COLLEGE                          ,PA,19102-4699,Private      ,12,110,122,361,2690,3051
00331100,SALUS UNIVERSITY                        ,PA,19027-1598,Private      ,0,0,0,11,957,968
00331300,WIDENER UNIVERSITY                      ,PA,19013-5792,Private      ,5,23,28,4342,2509,6851
00331302,WIDENER UNIV SCH OF LAW- HARRISBURG     ,PA,17106-9381,Private      ,1,2,3,13,804,817
00331500,BLOOMSBURG UNIVERSITY OF PA             ,PA,17815-1301,Public       ,24,16,40,12577,2253,14830
00331600,CALIFORNIA UNIV OF PENNSYLVANIA         ,PA,15419-1394,Public       ,14,49,63,7374,4861,12235
00331700,CHEYNEY UNIVERSITY OF PENNSYLVANIA      ,PA,19319-0200,Public       ,12,6,18,2426,1057,3483
00331800,CLARION UNIVERSITY OF PENNSYLVANIA      ,PA,16214-1232,Public       ,10,31,41,5713,2734,8447
00332000,EAST STROUDSBURG UNIVERSITY             ,PA,18301-2999,Public       ,16,16,32,8210,1981,10191
00332100,EDINBORO UNIVERSITY OF PENNSYLVANIA     ,PA,16444-0001,Public       ,12,74,86,6768,3926,10694
00332200,KUTZTOWN UNIVERSITY OF PENNSYLVANIA     ,PA,19530-9339,Public       ,21,27,48,11967,2433,14400
00332300,LOCK HAVEN UNIV OF PENNSYLVANIA         ,PA,17745-2439,Public       ,24,31,55,6031,1539,7570
00332400,MANSFIELD UNIVERSITY                    ,PA,16933-1123,Public       ,19,33,52,3272,1281,4553
00332500,MILLERSVILLE UNIVERSITY OF PA           ,PA,17551-1800,Public       ,10,25,35,8924,2535,11459
00332600,SHIPPENSBURG UNIVERSITY                 ,PA,17257-2299,Public       ,31,35,66,8546,1765,10311
00332700,SLIPPERY ROCK UNIVERSITY                ,PA,16057-1326,Public       ,17,41,58,8914,2361,11275
00332800,WEST CHESTER UNIVERSITY                 ,PA,19383-0001,Public       ,93,54,147,16247,4392,20639
00332900,PENN STATE UNIVERSITY                   ,PA,16802-1503,Public       ,498,436,934,74601,26943,101544
00335000,UNIVERSITY OF THE ARTS (THE)            ,PA,19102-9493,Private      ,3,6,9,3257,666,3923
00335100,PHILADELPHIA BIBLICAL UNIVERSITY        ,PA,19047-2942,Private      ,1,5,6,955,580,1535
00335200,PHILADELPHIA CLG OSTEOPATHIC MED        ,PA,19131-0000,Private      ,0,10,10,20,2904,2924
00335300,UNIVERSITY OF THE SCIENCES IN PHILADELPH,PA,19104-4495,Private      ,2,4,6,3631,1014,4645
00335400,PHILADELPHIA UNIVERSITY                 ,PA,19144-5497,Private      ,9,21,30,4319,1539,5858
00335600,PITTSBURGH THEOLOGICAL SEMINARY         ,PA,15206-0000,Private      ,0,1,1,1,246,247
00335700,POINT PARK UNIVERSITY                   ,PA,15222-1912,Private      ,11,26,37,3465,2495,5960
00335800,REFORMED PRESBYTERIAN THEOL SEMINAR     ,PA,15208-0000,Private      ,0,0,0,0,33,33
00335900,ROBERT MORRIS UNIVERSITY                ,PA,15108-1189,Private      ,9,36,45,4782,2242,7024
00336000,ROSEMONT COLLEGE                        ,PA,19010-1699,Private      ,1,22,23,744,614,1358
00336200,SETON HILL UNIVERSITY                   ,PA,15601-1599,Private      ,2,17,19,2030,1061,3091
00336400,ST. CHARLES BORROMEO SEMINARY           ,PA,19096-0000,Private      ,0,1,1,50,61,111
00336600,SAINT FRANCIS UNIVERSITY                ,PA,15940-0600,Private      ,3,21,24,2028,734,2762
00336700,SAINT JOSEPH'S UNIVERSITY               ,PA,19131-1395,Private      ,15,141,156,6491,3545,10036
00336800,ST VINCENT COLLEGE                      ,PA,15650-2690,Private      ,4,6,10,2096,344,2440
00336900,SUSQUEHANNA UNIVERSITY                  ,PA,17870-1001,Private      ,1,0,1,3182,137,3319
00337000,SWARTHMORE COLLEGE                      ,PA,19081-1397,Private      ,1,0,1,3871,102,3973
00337100,TEMPLE UNIVERSITY                       ,PA,19122-6003,Private      ,62,137,199,29217,9482,38699
00337101,TEMPLE UNIV - SCHOOL OF LAW             ,PA,19122-0000,Private      ,0,3,3,76,2823,2899
00337102,TEMPLE UNIV - SCHOOL OF MEDICINE        ,PA,19140-0000,Private      ,1,2,3,180,1586,1766
00337103,TEMPLE UNIV - SCHOOL OF DENTISTRY       ,PA,19140-0000,Private      ,0,1,1,37,624,661
00337104,TEMPLE UNIV - AMBLER CAMPUS             ,PA,19002-0000,Private      ,1,7,8,799,757,1556
00337105,TEMPLE UNIV - SCH OF ALLIED HEALTH      ,PA,19140-0000,Private      ,2,4,6,492,626,1118
00337106,TEMPLE UNIV - SCHOOL OF PHARMACY        ,PA,19140-0000,Private      ,2,0,2,241,755,996
00337107,TEMPLE UNIV - TYLER SCHOOL OF ART       ,PA,19122-0000,Private      ,1,2,3,1413,588,2001
00337108,TEMPLE UNIV - GRAD DIV HEALTH SCI       ,PA,19140-0000,Private      ,2,17,19,161,796,957
00337109,TEMPLE UNIV - GRADUATE DIVISION         ,PA,19122-0000,Private      ,1,13,14,157,3471,3628
00337111,TEMPLE UNIV-SCH OF PODIATRIC MED        ,PA,19107-0000,Private      ,0,1,1,8,448,456
00337600,THIEL COLLEGE                           ,PA,16125-2181,Private      ,7,0,7,1586,190,1776
00337800,UNIVERSITY OF PENNSYLVANIA              ,PA,19104-6216,Private      ,18,86,104,18674,13669,32343
00337900,UNIVERSITY OF PITTSBURGH                ,PA,15260-0000,Public       ,43,148,191,27633,12005,39638
00337906,UNIVERSITY OF PITTSBURGH - SCHOOL OF MED,PA,15261-0001,Public       ,2,4,6,247,1281,1528
00337907,UNIVERSITY OF PITTSBURGH - SCHOOL OF DEN,PA,15261-2523,Public       ,1,6,7,283,791,1074
00338400,UNIVERSITY OF SCRANTON                  ,PA,18510-4622,Private      ,3,83,86,6878,2067,8945
00338500,URSINUS COLLEGE                         ,PA,19426-2562,Private      ,0,0,0,3576,109,3685
00338600,VALLEY FORGE MILITARY COLLEGE           ,PA,19087-3695,Private      ,1,0,1,442,53,495
00338800,VILLANOVA UNIVERSITY                    ,PA,19085-1699,Private      ,5,44,49,12153,3046,15199
00338801,VILLANOVA UNIV SCH OF LAW               ,PA,19085-0000,Private      ,0,1,1,36,1873,1909
00338900,WASHINGTON & JEFFERSON COLLEGE          ,PA,15301-4801,Private      ,0,0,0,2695,72,2767
00339100,WAYNESBURG UNIVERSITY                   ,PA,15370-1222,Private      ,5,31,36,2091,1015,3106
00339200,WESTMINSTER COLLEGE                     ,PA,16172-0002,Private      ,1,2,3,2652,133,2785
00339300,WESTMINSTER THEOLOGICAL SEMINARY        ,PA,19038-0000,Private      ,0,1,1,2,273,275
00339400,WILKES UNIVERSITY                       ,PA,18766-0998,Private      ,4,36,40,3044,1336,4380
00339500,PENNSYLVANIA COLLEGE OF TECHNOLOGY      ,PA,17701-5779,Public       ,4,16,20,5440,2789,8229
00339600,WILSON COLLEGE                          ,PA,17201-1285,Private      ,0,13,13,470,546,1016
00339900,YORK COLLEGE OF PENNSYLVANIA            ,PA,17405-7199,Private      ,12,15,27,8521,1389,9910
00398600,DESALES UNIVERSITY                      ,PA,18034-9568,Private      ,4,24,28,2343,1399,3742
00398700,LA ROCHE COLLEGE                        ,PA,15237-5898,Private      ,3,10,13,1108,530,1638
00398800,NEUMANN UNIVERSITY                      ,PA,19014-1298,Private      ,14,35,49,3091,1259,4350
00405800,GRATZ COLLEGE                           ,PA,19027-3097,Private      ,0,11,11,8,162,170
00445200,MONTGOMERY COUNTY COMMUNITY COLLEGE     ,PA,19422-6300,Public       ,37,134,171,4910,6150,11060
00488700,BRANDYWINE SCHOOL OF NURSING            ,PA,19320-1536,Proprietary  ,0,0,0,14,30,44
00488900,CAMBRIA-ROWE BUSINESS COLLEGE           ,PA,15902-2494,Proprietary  ,7,21,28,162,391,553
00489000,CENTRAL PENNSYLVANIA COLLEGE            ,PA,17093-0309,Proprietary  ,6,6,12,1375,1501,2876
00489300,DU BOIS BUSINESS COLLEGE                ,PA,15801-2401,Proprietary  ,3,4,7,202,425,627
00489400,ERIE BUSINESS CENTER                    ,PA,16501-1305,Proprietary  ,1,18,19,88,484,572
00489401,ERIE BUSINESS CENTER - NEW CASTLE CAMPUS,PA,16101-3950,Proprietary  ,1,7,8,27,125,152
00489800,MCCANN SCHOOL OF BUSINESS & TECHNOL     ,PA,17901-1335,Proprietary  ,60,234,294,1517,4310,5827
00489807,MCCANN SCHOOL OF BUSINESS & TECHNOLOGY -,PA,17013-3180,Proprietary  ,1,2,3,20,50,70
00489900,MERCY HOSP SCH OF NURSING               ,PA,15219-5166,Private      ,0,1,1,94,221,315
00490100,NEWPORT BUSINESS INSTITUTE              ,PA,15068-3929,Proprietary  ,0,3,3,29,108,137
00490200,PENN COMMERCIAL BUSINESS/TECHNICAL SCHL ,PA,15301-2871,Proprietary  ,3,2,5,275,595,870
00491000,KAPLAN CAREER INSTITUTE                 ,PA,17111-3571,Proprietary  ,20,73,93,397,1283,1680
00491001,THOMPSON INSTITUTE-PHILADEPHIA CAMPUS   ,PA,19104-3386,Proprietary  ,19,77,96,394,1328,1722
00491400,NEWPORT BUSINESS INSTITUTE              ,PA,17701-5855,Proprietary  ,1,13,14,22,207,229
00500701,WEST VIRGINIA CAREER INSTITUTE          ,PA,15456-0000,Proprietary  ,12,10,22,91,220,311
00531000,PITTSBURGH INST OF AERONAUTICS          ,PA,15236-0000,Private      ,2,6,8,280,224,504
00533000,FAYETTE CNTY AREA VOC TECH PRC NRSG     ,PA,15401-0000,Public       ,1,1,2,28,90,118
00533500,CENTRAL PENN INST OF SCI & TECH PNP     ,PA,16823-0000,Public       ,1,4,5,86,204,290
00536500,YORK CO AREA VOC-TECH SCH-PRAC NSG      ,PA,17402-0000,Public       ,0,8,8,32,213,245
00594600,SCHOOL OF RADIOLOGIC TECHNOLOGY AT ST. C,PA,19134-1995,Proprietary  ,0,0,0,28,61,89
00653400,CITIZENS SCHOOL OF NURSING              ,PA,15068-6591,Private      ,1,1,2,112,175,287
00653700,CONEMAUGH VLY MEM HOSP SCH NRSNG        ,PA,15905-4398,Private      ,1,1,2,86,100,186
00653702,CONEMAUGH HOSP- SCH HISTOTECHNOLOGY     ,PA,15905-0000,Private      ,0,0,0,14,11,25
00653704,CONEMAUGH VLY MEM HOSP SCH RAD TECH     ,PA,15905-0000,Private      ,0,0,0,29,21,50
00653706,CONEMAUGH VLY MEM HOSP SCH  MED TECH    ,PA,15905-4398,Private      ,0,0,0,7,16,23
00653900,EPISCOPAL HOSPITAL SCHL OF NURSING      ,PA,19125-1000,Private      ,0,0,0,12,14,26
00655100,ST MARGARET SCHL OF NURSING             ,PA,15238-3205,Private      ,0,4,4,80,240,320
00656000,OHIO VALLEY HOSP SCH OF NURSING         ,PA,15136-1694,Private      ,0,0,0,35,69,104
00656500,READING HOSPITAL SCHOOL OF HEALTH SCIENC,PA,19611-1744,Private      ,0,4,4,209,371,580
00657400,"ST LUKE'S HOSPITAL OF BETHLEHEM, PA     ",PA,18015-1065,Private      ,0,1,1,51,189,240
00657600,SEWICKLEY VALLEY HOSP SCH NRSNG         ,PA,15143-1498,Private      ,0,1,1,47,62,109
00657700,UPMC SHADYSIDE SCHOOL OF NURSING        ,PA,15232-1381,Private      ,2,5,7,165,481,646
00657800,SHARON REGIONAL SCHOOL OF NURSING       ,PA,16146-3395,Private      ,0,0,0,15,62,77
00658200,WASHINGTON HOSP SCH OF NURSING          ,PA,15301-3398,Private      ,0,0,0,62,139,201
00658202,WASHINGTON HOSP SCH OF RAD TECH         ,PA,15301-3398,Private      ,0,0,0,20,26,46
00658300,WESTERN PENN HOSP-SCH OF NURSING        ,PA,15224-1790,Private      ,0,0,0,110,155,265
00680700,COMMUNITY COLLEGE OF BEAVER COUNTY      ,PA,15061-2588,Public       ,20,63,83,1406,1863,3269
00681000,LEHIGH CARBON COMMUNITY COLLEGE         ,PA,18078-2598,Public       ,19,77,96,3271,4343,7614
00681100,LUZERNE COUNTY COMMUNITY COLLEGE        ,PA,18634-3899,Public       ,36,81,117,3750,4352,8102
00708700,ABINGTON MEM HOSP SCHL OF NURSING       ,PA,19090-1284,Private      ,1,3,4,125,375,500
00709100,EVEREST INSTITUTE                       ,PA,15222-1320,Proprietary  ,21,87,108,289,1347,1636
00711000,DELAWARE COUNTY COMMUNITY COLLEGE       ,PA,19063-1094,Public       ,58,179,237,5394,7068,12462
00719100,NORTHAMPTON COMMUNITY COLLEGE           ,PA,18020-7599,Public       ,37,107,144,6165,6576,12741
00732955,ITT TECHNICAL INSTITUTE                 ,PA,19406-1212,Proprietary  ,3,14,17,434,726,1160
00739802,KATHERINE GIBBS-PHILADELPHIA            ,PA,19403-2422,Proprietary  ,0,0,0,0,1,1
00743000,ANTONELLI INST OF ART & PHOTOGRAPHY     ,PA,19038-8242,Proprietary  ,0,1,1,143,22,165
00743600,KAPLAN CAREER INSTITUTE - ICM CAMPUS    ,PA,15222-1977,Proprietary  ,9,39,48,539,1655,2194
00743700,PITTSBURGH TECHNICAL INSTITUTE          ,PA,15071-3205,Proprietary  ,9,23,32,2390,1165,3555
00746900,"HUSSIAN SCHOOL OF ART, INC.             ",PA,19106-0000,Proprietary  ,0,0,0,159,27,186
00747000,"ART INSTITUTE OF PITTSBURGH, THE        ",PA,15219-1328,Proprietary  ,452,2775,3227,8098,39708,47806
00752900,CTR ART TCH BRDYWN CMPS PRC NRS PRG     ,PA,19320-2459,Public       ,3,10,13,44,188,232
00775900,LINCOLN TECHNICAL INSTITUTE             ,PA,18104-3298,Proprietary  ,24,69,93,477,1039,1516
00777900,LANSDALE SCHOOL OF BUSINESS             ,PA,19454-4114,Proprietary  ,3,40,43,149,659,808
00778000,NEW CASTLE SCHOOL OF TRADES             ,PA,16143-9721,Proprietary  ,14,72,86,319,976,1295
00778100,CHI INSTITUTE/RETS CAMPUS               ,PA,19008-3516,Proprietary  ,21,49,70,317,862,1179
00783200,LINCOLN TECH INSTITUTE                  ,PA,19136-1595,Proprietary  ,48,31,79,588,661,1249
00783900,TRIANGLE TECH                           ,PA,15214-3897,Proprietary  ,10,21,31,245,410,655
00791200,THADDEUS STEVENS CLG OF TECHNOLOGY      ,PA,17602-0000,Public       ,4,6,10,1104,456,1560
00791600,FRANKLIN CNTY CAREER & TECH CTR-PNP     ,PA,17201-0000,Public       ,0,2,2,26,83,109
00820000,JAMESON MEMORIAL HOSP SCH NURSING       ,PA,16105-2595,Private      ,0,1,1,34,105,139
00826301,AWARD BEAUTY SCHOOL - CHAMBERSBURG BEAUT,PA,17201-2435,Proprietary  ,0,0,0,5,4,9
00835000,ART INSTITUTE OF PHILADELPHIA           ,PA,19103-5198,Proprietary  ,38,51,89,4212,3079,7291
00844100,ANTHEM INSTITUTE                        ,PA,19064-1243,Proprietary  ,16,89,105,339,1135,1474
00856800,VET TECH INSTITUTE                      ,PA,15222-3400,Proprietary  ,0,1,1,334,189,523
00865300,JEFFERSON CO DUBOIS VOC TECH-PR NSG     ,PA,15851-0000,Public       ,0,1,1,34,57,91
00888900,LEHIGH VALLEY COLLEGE                   ,PA,18034-8447,Proprietary  ,0,0,0,30,10,40
00895500,PRUONTOS HAIR DESIGN INSTITUTE          ,PA,16602-0000,Proprietary  ,2,3,5,19,44,63
00915705,WYOMING TECHNICAL INSTITUTE - BLAIRSVILL,PA,15717-8060,Proprietary  ,119,94,213,2076,1744,3820
00918600,DEAN INSTITUTE OF TECHNOLOGY            ,PA,15226-1197,Proprietary  ,3,7,10,56,198,254
00944900,PENNCO TECH                             ,PA,19007-0000,Proprietary  ,13,52,65,413,893,1306
00966400,EMPIRE BEAUTY SCHOOL                    ,PA,18052-5730,Proprietary  ,4,20,24,167,373,540
00966500,EMPIRE BEAUTY SCHOOL                    ,PA,17109-2210,Proprietary  ,7,11,18,116,265,381
00966600,EMPIRE BEAUTY SCHOOL                    ,PA,19605-2803,Proprietary  ,6,18,24,160,371,531
00972100,BRADFORD SCHOOL                         ,PA,15219-2602,Proprietary  ,0,0,0,758,178,936
00972300,ARIA HEALTH SCHOOL OF NURSING           ,PA,19124-2696,Private      ,0,3,3,207,404,611
00978300,GORDON PHILLIPS SCH OF BEAUTY CULT      ,PA,19135-0000,Proprietary  ,10,31,41,258,644,902
00986300,LANCASTER GENERAL COLLEGE OF NURSING AND,PA,17602-4955,Private      ,0,6,6,524,877,1401
01000600,GREATER JOHNSTOWN AREA VOC TECH SCH     ,PA,15904-0000,Public       ,0,0,0,89,348,437
01005500,CRAWFORD CNTY AREA VO-TECH PRAC NUR     ,PA,16335-0000,Public       ,0,0,0,12,36,48
01017600,WESTMORELAND COUNTY COMMUNITY CLG       ,PA,15697-1895,Public       ,45,129,174,3190,4268,7458
01038800,READING AREA COMMUNITY COLLEGE          ,PA,19603-1706,Public       ,68,247,315,2431,4971,7402
01054100,EMPIRE BEAUTY SCHOOL                    ,PA,15146-2229,Proprietary  ,5,15,20,146,350,496
01054200,EMPIRE BEAUTY SCHOOL                    ,PA,18701-0000,Proprietary  ,12,23,35,194,368,562
01054300,EMPIRE BEAUTY SCHOOL                    ,PA,17701-3914,Proprietary  ,4,17,21,119,266,385
01081400,PITTSBURGH INST MORTUARY SCIENCE        ,PA,15206-3706,Private      ,4,6,10,103,265,368
01086000,GREATER ALTOONA CAREER/TECH CENTER      ,PA,16602-0000,Public       ,0,1,1,60,231,291
01096300,GREENE COUNTY VOC-TECH SCHOOL           ,PA,15370-0000,Public       ,0,0,0,11,33,44
01097000,EMPIRE BEAUTY SCHOOL                    ,PA,17042-5209,Proprietary  ,1,2,3,36,93,129
01099800,PENNSYLVANIA INSTITUTE OF TECH          ,PA,19063-4098,Private      ,11,45,56,657,1234,1891
01102000,EMPIRE BEAUTY SCHOOL                    ,PA,17604-4335,Proprietary  ,5,17,22,157,358,515
01102100,EMPIRE BEAUTY SCHOOL                    ,PA,17402-2862,Proprietary  ,3,23,26,165,550,715
01162100,AUTOMOTIVE TRAINING CENTER              ,PA,19341-1310,Proprietary  ,113,43,156,845,441,1286
01162200,WELDER TRAINING & TESTING INST          ,PA,18109-3253,Proprietary  ,1,3,4,40,117,157
01163800,EMPIRE BEAUTY SCHOOL                    ,PA,17876-0000,Proprietary  ,1,2,3,42,75,117
01171500,SCHUYLKILL HEALTH SCHOOL OF NURSING     ,PA,17901-3692,Private      ,0,2,2,51,43,94
01191900,BEAVER FALLS BEAUTY ACADEMY             ,PA,15010-4208,Proprietary  ,6,7,13,36,64,100
01205000,ROSEDALE TECHNICAL INSTITUTE            ,PA,15205-9791,Private      ,11,29,40,254,360,614
01239300,THOMAS JEFF UNIV-CLG ALLIED HEALTH      ,PA,19107-0000,Private      ,0,6,6,295,1153,1448
01239301,THOMAS JEFFERSON UNIVERSITY - JEFFERSON ,PA,19107-5001,Private      ,1,4,5,236,1874,2110
01239303,THOMAS JEFFERSON UNIVERSITY - COLLEGE OF,PA,19107-6731,Private      ,3,8,11,222,1172,1394
01246104,LINCOLN TECHNICAL INSTITUTE             ,PA,19104-0202,Proprietary  ,24,50,74,559,1493,2052
01246105,LINCOLN TECHNICAL INSTITUTE             ,PA,19116-4202,Proprietary  ,13,40,53,298,627,925
01252300,TALMUDICAL YESHIVA OF PHILA             ,PA,19131-1296,Private      ,0,0,0,42,1,43
01260500,EMPIRE BEAUTY SCHOOL                    ,PA,17331-2405,Proprietary  ,5,24,29,99,262,361
01260600,EMPIRE BEAUTY SCHOOL                    ,PA,17901-2505,Proprietary  ,6,17,23,157,573,730
01260700,EMPIRE BEAUTY SCHOOL                    ,PA,16801-5218,Proprietary  ,2,2,4,23,63,86
01292900,SOUTH HILLS BEAUTY ACADEMY              ,PA,15216-2335,Proprietary  ,0,8,8,49,116,165
01301500,GORDON PHILLIPS SCH BEAUTY CULTURE      ,PA,19102-2701,Proprietary  ,13,27,40,368,875,1243
01313400,YESHIVATH BETH MOSHE                    ,PA,18505-2196,Private      ,3,0,3,51,1,52
01321400,ROXBOROUGH MEM HOSP SCH OF NURSING      ,PA,19128-0000,Proprietary  ,1,0,1,67,201,268
01326300,SOUTH HILLS SCHOOL OF BUSINESS & TECHNOL,PA,16801-4516,Proprietary  ,1,0,1,558,631,1189
01326304,SOUTH HILLS SCHOOL OF BUSINESS & TECHNOL,PA,16602-1188,Proprietary  ,0,0,0,10,16,26
02061000,VENUS BEAUTY ACADEMY                    ,PA,19079-0000,Proprietary  ,7,5,12,62,77,139
02068300,DOUGLAS SCHOOL OF BUSINESS              ,PA,15062-0000,Proprietary  ,7,8,15,301,355,656
02090200,TRIANGLE TECH                           ,PA,16502-0000,Proprietary  ,7,18,25,124,234,358
02092500,LAUREL TECHNICAL INSTITUTE              ,PA,16146-0000,Proprietary  ,5,17,22,126,455,581
02092502,BUSINESS INSTITUTE OF PENNSYLVANIA      ,PA,16335-0000,Proprietary  ,0,0,0,16,30,46
02107300,PENNSYLVANIA ACADEMY OF FINE ARTS       ,PA,19102-1424,Private      ,0,2,2,302,289,591
02112200,GREAT LAKES INSTITUTE OF TECHNOLOGY     ,PA,16509-0000,Proprietary  ,10,30,40,311,673,984
02114200,JOHNSON COLLEGE                         ,PA,18508-0000,Private      ,1,2,3,509,316,825
02116001,SANFORD-BROWN INSTITUTE - TREVOSE       ,PA,19053-4700,Proprietary  ,30,123,153,482,1705,2187
02118000,LEVITTOWN BEAUTY ACADEMY LLC            ,PA,19054-1713,Proprietary  ,2,5,7,33,51,84
02119300,PA ACAD OF COSMETOLOGY ARTS & SCI       ,PA,15904-0000,Proprietary  ,1,7,8,63,91,154
02119301,PA ACAD OF COSMTLGY ARTS & SCI          ,PA,15801-0000,Proprietary  ,0,0,0,4,2,6
02120800,"YORKTOWNE BUSINESS INSTITUTE, INC.      ",PA,17404-0000,Proprietary  ,5,20,25,144,375,519
02127400,YORK TECHNICAL INSTITUTE                ,PA,17402-0000,Proprietary  ,32,78,110,1473,2420,3893
02129000,TRIANGLE TECH                           ,PA,15601-0000,Proprietary  ,28,31,59,342,373,715
02129001,TRIANGLE TECH - BUSINESS CAREERS INSTITU,PA,15601-3304,Proprietary  ,0,0,0,8,13,21
02144000,"VISION ACADEMY, THE                     ",PA,18103-0000,Proprietary  ,2,4,6,53,107,160
02149000,EMPIRE BEAUTY SCHOOL                    ,PA,19341-2804,Proprietary  ,7,15,22,139,322,461
02151500,CENTRAL SUSQUEHANNA LPN CENTER          ,PA,17837-8818,Public       ,0,2,2,36,190,226
02152105,ACADEMY OF COURT REPORTING AND TECHNOLOG,PA,15222-1710,Proprietary  ,0,0,0,28,145,173
02153500,OAKBRIDGE ACADEMY OF ARTS               ,PA,15068-0000,Proprietary  ,0,2,2,84,26,110
02158300,JUNIATA-MIFFLIN CO AREA VOC TECH        ,PA,17044-0000,Public       ,1,0,1,29,71,100
02161400,NORTHEASTERN HOSP SCH OF NRSG           ,PA,19134-0000,Private      ,2,5,7,59,220,279
02169600,CLEARFIELD CTY CAREER AND TECH CNTR     ,PA,16830-0000,Public       ,1,1,2,53,133,186
02174400,TRIANGLE TECH                           ,PA,15801-0000,Proprietary  ,37,34,71,373,482,855
02178900,ACADEMY OF HAIR DESIGN                  ,PA,18202-1465,Proprietary  ,2,10,12,24,69,93
02183000,ORLEANS TECHNICAL INSTITUTE             ,PA,19111-0000,Private      ,14,70,84,244,794,1038
02192800,WALNUT HILL COLLEGE                     ,PA,19104-0000,Proprietary  ,4,9,13,467,355,822
02202300,SANFORD-BROWN INSTITUTE                 ,PA,15219-1907,Proprietary  ,35,104,139,421,1402,1823
02202301,SANFORD-BROWN INSTITUTE                 ,PA,15146-2141,Proprietary  ,9,36,45,201,823,1024
02203900,ERIE INSTITUTE OF TECHNOLOGY            ,PA,16565-1002,Proprietary  ,8,22,30,138,473,611
02206200,"VISION ACADEMY, THE                     ",PA,19002-0000,Proprietary  ,13,5,18,89,152,241
02206300,STROUDSBURG SCHOOL OF COSMETOLOGY       ,PA,18360-0000,Proprietary  ,2,0,2,44,49,93
02212700,LANCASTER SCHOOL OF COSMETOLOGY         ,PA,17602-0000,Proprietary  ,7,12,19,58,159,217
02234200,ACADEMY OF MEDICAL ARTS & BUSINESS      ,PA,17112-0000,Proprietary  ,18,30,48,244,570,814
02251200,SCHUYLKILL COUNTY AREA VOC TECH SCH     ,PA,17931-0000,Public       ,0,9,9,26,113,139
02251202,SCHUYLKILL COUNTY AREA VOC TECH SCH     ,PA,17931-0000,Public       ,0,1,1,20,50,70
02253900,BERKS TECHNICAL INSTITUTE               ,PA,19610-0000,Proprietary  ,23,52,75,715,1152,1867
02255200,PENNSYLVANIA SCHOOL OF BUSINESS         ,PA,18101-1604,Proprietary  ,15,65,80,218,852,1070
02269900,PENNSYLVANIA COLLEGE OF ART & DESIGN    ,PA,17603-3528,Private      ,4,2,6,454,92,546
02270500,BUCKS COUNTY SCHOOL OF BEAUTY CULT      ,PA,19053-0000,Proprietary  ,1,3,4,45,50,95
02273400,RECONSTRUCTIONIST RABBINICAL COLLEG     ,PA,19095-0000,Private      ,0,2,2,0,29,29
02276600,HANOVER PUBLIC SCH DIST PRAC NURSG      ,PA,17331-0000,Public       ,0,0,0,17,58,75
02282500,LENAPE SCHOOL OF PRACTICAL NURSING      ,PA,16226-0000,Public       ,0,1,1,38,214,252
02288800,EMPIRE BEAUTY SCHOOL                    ,PA,18974-4508,Proprietary  ,5,16,21,80,231,311
02289500,PACE INSTITUTE                          ,PA,19601-0000,Proprietary  ,11,43,54,98,400,498
02289600,CONSOLIDATED SCHOOL OF BUSINESS         ,PA,17404-0000,Proprietary  ,1,14,15,40,268,308
02289700,ACADEMY OF CREATIVE HAIR DESIGN         ,PA,18702-0000,Proprietary  ,2,14,16,83,200,283
02289800,CHI INSTITUTE - FRANKLIN MILLS          ,PA,19154-0000,Proprietary  ,21,72,93,543,1333,1876
02290400,"ALTOONA BEAUTY SCHOOL, INC              ",PA,16602-0000,Proprietary  ,2,4,6,41,96,137
02292700,LANSDALE SCHOOL OF COSMETOLOGY          ,PA,19446-0000,Proprietary  ,1,1,2,41,46,87
02299300,TRINITY EPISCOPAL SCHOOL MINISTRY       ,PA,15003-0000,Private      ,0,3,3,1,95,96
02301300,PRISM CAREER INSTITUTE                  ,PA,19082-2448,Proprietary  ,19,106,125,183,996,1179
02304400,YTI CAREER INSTITUTE - MECHANICSBURG    ,PA,17055-0000,Proprietary  ,7,24,31,191,401,592
02306200,VENANGO COUNTY AREA VOC TECH SCHOOL     ,PA,16301-0000,Public       ,1,0,1,19,54,73
02310800,LANCASTER COUNTY CAREER & TECH CTR      ,PA,17584-0000,Public       ,4,14,18,162,562,724
02323000,BIBLICAL THEOLOGICAL SEMINARY           ,PA,19440-2421,Private      ,0,6,6,0,82,82
02330300,LEBANON CO CAREER & TECHNOLOGY CTR      ,PA,17042-0000,Public       ,0,1,1,37,152,189
02330600,PENNSYLVANIA GUNSMITH SCHOOL            ,PA,15202-0000,Proprietary  ,1,2,3,61,88,149
02350100,WESTERN AREA CAREER & TECHNOLOGY CT     ,PA,15317-0000,Public       ,0,1,1,20,99,119
02350200,INDIANA COUNTY TECH CTR SCH PR NSG      ,PA,15701-1465,Public       ,0,1,1,38,142,180
02353100,NORTHERN TIER CAREER CENTER             ,PA,18848-0000,Public       ,0,1,1,18,79,97
02362300,MERCER COUNTY AREA VOC TECH SCHOOL      ,PA,16137-0000,Public       ,0,0,0,13,105,118
02492500,DELAWARE VLY ACAD MED DNTL ASSTS        ,PA,19114-0000,Proprietary  ,1,4,5,38,100,138
02492600,EASTERN CTR ARTS AND TECH PR NSG        ,PA,19090-0000,Public       ,1,3,4,27,168,195
02495500,ALL-STATE CAREER SCHOOL                 ,PA,19029-0000,Proprietary  ,14,186,200,311,1415,1726
02529800,WILKES BARRE AREA CAREER AND TECHNICAL C,PA,18705-0000,Public       ,0,2,2,57,244,301
02536600,COMMONWEALTH TECH INSTIT @ HIRAM G      ,PA,15905-0000,Public       ,12,0,12,276,135,411
02544300,BUTLER BEAUTY SCHOOL                    ,PA,16001-0000,Proprietary  ,7,27,34,71,156,227
02545000,LAWRENCE COUNTY CAREER AND TECHNICAL CEN,PA,16101-0000,Public       ,0,0,0,18,103,121
02546200,LAUREL BUSINESS INSTITUTE               ,PA,15401-0877,Proprietary  ,6,11,17,202,350,552
02550000,CLARION CO AREA VOC-TECH PRAC NRSG      ,PA,16254-4637,Public       ,0,0,0,16,87,103
02554500,HAZLETON AREA CAREER CENTER PRACTICAL NU,PA,18201-0000,Public       ,0,0,0,27,82,109
02557800,ART INSTITUTE OF YORK (THE) - PENNSYLVAN,PA,17402-9012,Proprietary  ,13,8,21,854,383,1237
02566400,ALBERT EINSTEIN MED CTR DEPT DNTL       ,PA,19141-3098,Private      ,0,2,2,16,50,66
02574800,PENNSYLVANIA INSTITUTE OF TAXIDERMY     ,PA,15931-0000,Proprietary  ,1,1,2,14,36,50
02609500,CAREER TRAINING ACADEMY                 ,PA,15068-6308,Proprietary  ,8,15,23,89,304,393
02609501,CAREER TRAINING ACADEMY                 ,PA,15146-0000,Proprietary  ,0,0,0,8,27,35
02616100,JEAN MADELINE ED CTR FOR COSM           ,PA,19147-1542,Proprietary  ,9,15,24,372,365,737
03006800,LE CORDON BLEU INSTITUTE OF CULINARY ART,PA,15222-3511,Proprietary  ,6,6,12,671,725,1396
03010800,TRI-STATE BUSINESS INSTITUTE            ,PA,16506-1013,Proprietary  ,129,327,456,1223,3538,4761
03011500,FORTIS INSTITUTE                        ,PA,18702-0000,Proprietary  ,10,21,31,210,409,619
03011600,FORTIS INSTITUTE                        ,PA,18509-2903,Proprietary  ,10,35,45,189,520,709
03029900,CONSOLIDATED SCHOOL OF BUSINESS         ,PA,17603-2389,Proprietary  ,0,3,3,57,223,280
03031600,DPT BUSINESS SCHOOL                     ,PA,19116-3961,Proprietary  ,14,58,72,113,618,731
03031601,DPT BUSINESS SCHOOL                     ,PA,19106-0000,Proprietary  ,10,43,53,111,319,430
03067000,ANTONELLI MEDICAL & PROF INST           ,PA,19464-9244,Proprietary  ,1,8,9,33,107,140
03072400,ALL-STATE CAREER SCHOOL                 ,PA,15122-0000,Proprietary  ,2,47,49,58,396,454
03072600,DCI CAREER INSTITUTE                    ,PA,15061-2307,Proprietary  ,0,19,19,43,215,258
03081900,YTI CAREER INSTITUTE - ALTOONA          ,PA,16602-4457,Proprietary  ,6,28,34,194,432,626
03090800,LAKE ERIE COLL OF OSTEOPATHIC MED       ,PA,16509-0000,Private      ,0,2,2,79,3272,3351
03098600,CAREER TECH CTR OF LACKAWANNA CNTY      ,PA,18508-0000,Public       ,1,3,4,46,178,224
03101400,FORBES ROAD CAREER & TECHNOLOGY CTR     ,PA,15146-1550,Public       ,0,1,1,7,15,22
03101500,BIDWELL TRAINING CENTER                 ,PA,15233-2233,Private      ,0,12,12,24,110,134
03103300,JNA INSTITUTE OF CULINARY ARTS          ,PA,19146-3119,Proprietary  ,2,2,4,95,167,262
03109100,METROPOLITAN CAREER CENTER              ,PA,19144-0000,Private      ,1,12,13,55,243,298
03110700,AVIATION INSTITUTE OF MAINTENANCE       ,PA,19114-1017,Proprietary  ,7,43,50,137,534,671
03120400,REGIONAL CAREER & TECHNICAL CENTER      ,PA,16509-4699,Public       ,1,0,1,8,11,19
03128400,DELAWARE COUNTY TECHNICAL SCHOOL        ,PA,19008-1928,Public       ,0,0,0,52,186,238
03180400,PENNSYLVANIA HIGHLANDS COMMUNITY COLLEGE,PA,15904-2927,Public       ,8,21,29,866,953,1819
03236400,LT INTERNATIONAL BEAUTY SCHOOL          ,PA,19130-2235,Proprietary  ,5,24,29,32,147,179
03353300,ACADEMY OF VOCAL ARTS                   ,PA,19103-6685,Private      ,0,0,0,22,57,79
03380301,STAR CAREER ACADEMY - STAR PHILADELPHIA ,PA,19114-2204,Proprietary  ,21,120,141,259,1119,1378
03380304,STAR CAREER ACADEMY - STAR NORRISTOWN   ,PA,19403-2422,Proprietary  ,4,23,27,6,27,33
03439400,NAWCC SCHOOL OF HOROLOGY                ,PA,17512-2130,Private      ,0,1,1,1,18,19
03535300,HUNTINGDON COUNTY CAREER AND TECHNO     ,PA,17060-0905,Public       ,0,0,0,6,36,42
03561400,SUSQUEHANNA COUNTY CAREER & TECHNOL     ,PA,18816-0100,Public       ,0,0,0,11,14,25
03766300,PENNSYLVANIA SCHOOL OF MUSCLE THERAPY   ,PA,19406-3101,Proprietary  ,4,27,31,60,278,338
03781300,PRINCETON INFORMATION TECHNOLOGY CENTER ,PA,19038-4535,Proprietary  ,2,33,35,8,142,150
03899300,CALVARY BAPTIST THEOLOGICAL SEMINARY    ,PA,19446-4718,Private      ,0,1,1,1,67,68
03923300,PRECISION MANUFACTURING INSTITUTE       ,PA,16335-8380,Private      ,0,0,0,14,68,82
03948300,HARRISBURG UNIVERSITY OF SCIENCE AND TEC,PA,17101-2116,Private      ,1,6,7,312,249,561
03949300,WON INSTITUTE OF GRADUATE STUDIES       ,PA,19038-4535,Private      ,0,1,1,0,39,39
03950500,NORTHWEST REGIONAL TECHNOLOGY INSTITUTE ,PA,16508-2820,Proprietary  ,0,18,18,7,92,99
03952300,NATIONAL MASSAGE THERAPY INSTITUTE      ,PA,19116-3965,Proprietary  ,25,120,145,219,977,1196
04024300,EDUCATION AND TECHNOLOGY INSTITUTE      ,PA,15601-9214,Private      ,0,1,1,10,52,62
04118000,BYZANTINE CATHOLIC SEMINARY OF SAINTS CY,PA,15214-2229,Private      ,0,1,1,0,9,9
04119900,PENNSYLVANIA MYOTHERAPY INSTITUTE       ,PA,17350-8426,Proprietary  ,0,0,0,3,20,23
04127500,CAREER DEVELOPMENT & EMPLOYMENT         ,PA,18702-5253,Proprietary  ,0,4,4,8,93,101
04137100,KIMBERLY'S BEAUTY SCHOOL                ,PA,19134-0000,Proprietary  ,0,1,1,13,49,62
04138300,INTERNATIONAL BEAUTY ACADEMY            ,PA,19149-2710,Proprietary  ,0,6,6,17,83,100
04145800,PULSE BEAUTY ACADEMY A PAUL MITCHELL PAR,PA,19335-0000,Proprietary  ,3,6,9,87,89,176
04149800,SOMERSET COUNTY TECHNOLOGY CENTER       ,PA,15501-1444,Public       ,0,1,1,5,28,33
04151700,BELLA CAPELLI ACADEMY                   ,PA,15146-2388,Proprietary  ,4,0,4,34,31,65
04155100,INSTITUTE OF MEDICAL CAREERS            ,PA,15235-3718,Proprietary  ,0,0,0,2,12,14
04158000,METRO BEAUTY ACADEMY                    ,PA,18106-9693,Proprietary  ,10,9,19,93,164,257
04164900,BARONE BEAUTY ACADEMY                   ,PA,17701-5316,Proprietary  ,2,4,6,23,42,65
04167200,COMMONWEALTH MEDICAL COLLEGE (THE)      ,PA,18503-3251,Private      ,0,2,2,3,29,32
00267813,BRYANT & STRATTON COLLEGE - MIL DOWNTOWN,WI,53203-2608,Proprietary  ,31,164,195,965,3565,4530
00383200,ALVERNO COLLEGE                         ,WI,53234-3922,Private      ,3,11,14,1546,2688,4234
00383500,BELOIT COLLEGE                          ,WI,53511-5595,Private      ,0,1,1,1966,143,2109
00383700,CARDINAL STRITCH UNIVERSITY             ,WI,53217-9884,Private      ,2,87,89,1162,5393,6555
00383800,CARROLL UNIVERSITY                      ,WI,53186-5593,Private      ,1,1,2,3414,882,4296
00383900,CARTHAGE COLLEGE                        ,WI,53141-0000,Private      ,7,21,28,4866,963,5829
00384000,WESTERN TECHNICAL COLLEGE               ,WI,54601-0908,Public       ,24,64,88,2250,3198,5448
00384200,CONCORDIA UNIVERSITY WISCONSIN          ,WI,53097-2402,Private      ,13,144,157,2619,4649,7268
00384800,EDGEWOOD COLLEGE                        ,WI,53711-1958,Private      ,7,20,27,1724,1346,3070
00385000,SILVER LAKE COLLEGE                     ,WI,54220-9319,Private      ,2,7,9,183,497,680
00385400,LAKELAND COLLEGE                        ,WI,53082-0000,Private      ,7,78,85,1205,2367,3572
00385600,LAWRENCE UNIVERSITY                     ,WI,54912-0599,Private      ,0,1,1,2494,112,2606
00386100,MARIAN UNIVERSITY                       ,WI,54935-4699,Private      ,2,29,31,1389,1525,2914
00386300,MARQUETTE UNIVERSITY                    ,WI,53201-1881,Private      ,2,34,36,13803,4859,18662
00386600,MILWAUKEE AREA TECH COLLEGE             ,WI,53233-1443,Public       ,37,157,194,7181,19535,26716
00386800,MILWAUKEE SCHOOL OF ENGINEERING         ,WI,53202-3109,Private      ,5,9,14,2779,922,3701
00386900,MOUNT MARY COLLEGE                      ,WI,53222-4597,Private      ,2,5,7,876,1709,2585
00387400,NASHOTAH HOUSE                          ,WI,53058-0000,Private      ,0,1,1,0,42,42
00387500,NORTHLAND COLLEGE                       ,WI,54806-3999,Private      ,2,0,2,682,130,812
00388400,RIPON COLLEGE                           ,WI,54971-0248,Private      ,0,0,0,1411,71,1482
00389200,ST. NORBERT COLLEGE                     ,WI,54115-2002,Private      ,1,1,2,2525,138,2663
00389500,UNIVERSITY OF WISCONSIN-MADISON         ,WI,53715-1382,Public       ,38,53,91,23304,11796,35100
00389600,UNIVERSITY OF WISCONSIN-MILWAUKEE       ,WI,53201-3165,Public       ,60,206,266,18664,13822,32486
00389700,UNIVERSITY OF WISCONSIN COLLEGES        ,WI,53708-8680,Public       ,13,54,67,3389,2629,6018
00389701,UNIVERSITY OF WISCONSIN-BARABOO         ,WI,53913-1098,Public       ,2,1,3,370,210,580
00389702,UNIVERSITY OF WISCONSIN-BARRON          ,WI,54868-2497,Public       ,0,4,4,332,222,554
00389703,UNIVERSITY OF WISCONSIN-FOND DU LAC     ,WI,54935-2998,Public       ,4,5,9,523,299,822
00389704,UNIVERSITY OF WISCONSIN-FOX VALLEY      ,WI,54952-1297,Public       ,1,6,7,906,541,1447
00389705,UNIVERSITY OF WISCONSIN-MANITOWOC       ,WI,54220-6699,Public       ,3,4,7,304,179,483
00389706,UNIVERSITY OF WISCONSIN-MARATHON        ,WI,54401-5396,Public       ,7,8,15,932,446,1378
00389707,UNIVERSITY OF WISCONSIN-MARINETTE       ,WI,54143-4299,Public       ,1,4,5,251,177,428
00389708,UNIVERSITY OF WISCONSIN-MARSHFIELD      ,WI,54449-3310,Public       ,2,2,4,342,210,552
00389709,UNIVERSITY OF WISCONSIN-RICHLAND        ,WI,53581-1399,Public       ,1,2,3,287,122,409
00389710,UNIVERSITY OF WISCONSIN COLLEGES - ROCK ,WI,53546-5699,Public       ,4,12,16,727,563,1290
00389711,UNIVERSITY OF WISCONSIN-SHEBOYGAN       ,WI,53081-4789,Public       ,3,3,6,515,311,826
00389712,UNIVERSITY OF WISCONSIN-WASHINGTON      ,WI,53095-3699,Public       ,2,1,3,557,300,857
00389713,UNIVERSITY OF WISCONSIN-WAUKESHA        ,WI,53188-2799,Public       ,4,4,8,1127,524,1651
00389900,UNIVERSITY OF WISCONSIN-GREEN BAY       ,WI,54311-7001,Public       ,7,25,32,4715,2384,7099
00391100,VITERBO UNIVERSITY                      ,WI,54601-4777,Private      ,1,43,44,1789,1397,3186
00391500,UNIVERSITY OF WISCONSIN-STOUT           ,WI,54751-0790,Public       ,7,49,56,6330,2522,8852
00391700,UNIVERSITY OF WISCONSIN-EAU CLAIRE      ,WI,54702-4004,Public       ,15,20,35,8991,2122,11113
00391900,UNIVERSITY OF WISCONSIN-LA CROSSE       ,WI,54601-3742,Public       ,12,18,30,7726,1808,9534
00392000,UNIVERSITY OF WISCONSIN-OSHKOSH         ,WI,54901-8604,Public       ,9,33,42,8311,3733,12044
00392100,UNIVERSITY OF WISCONSIN-PLATTEVILLE     ,WI,53818-3099,Public       ,10,26,36,6237,1912,8149
00392300,UNIVERSITY OF WISCONSIN-RIVER FALLS     ,WI,54022-5013,Public       ,10,35,45,5328,1649,6977
00392400,UNIVERSITY OF WISCONSIN-STEVENS POINT   ,WI,54481-3871,Public       ,18,15,33,7760,2081,9841
00392500,UNIVERSITY OF WISCONSIN-SUPERIOR        ,WI,54880-2898,Public       ,5,30,35,1794,1543,3337
00392600,UNIVERSITY OF WISCONSIN-WHITEWATER      ,WI,53190-1792,Public       ,33,43,76,9098,2843,11941
00400700,MADISON AREA TECHNICAL COLLEGE          ,WI,53704-2599,Public       ,38,95,133,5039,8944,13983
00501500,UNIVERSITY OF WISCONSIN-PARKSIDE        ,WI,53141-2000,Public       ,15,28,43,3913,2517,6430
00529400,WAUKESHA COUNTY TECHNICAL COLLEGE       ,WI,53072-4696,Public       ,7,29,36,1989,3779,5768
00530100,NORTHEAST WISCONSIN TECHNICAL COLLEGE   ,WI,54307-9042,Public       ,59,175,234,3056,6288,9344
00530400,CHIPPEWA VALLEY TECHNICAL COLLEGE       ,WI,54701-6162,Public       ,6,27,33,2673,4181,6854
00538000,MID-STATE TECHNICAL COLLEGE             ,WI,54494-5512,Public       ,7,26,33,1048,2431,3479
00538400,NICOLET AREA TECHNICAL COLLEGE          ,WI,54501-0000,Public       ,4,17,21,586,1149,1735
00538700,NORTHCENTRAL TECHNICAL COLLEGE          ,WI,54401-1899,Public       ,8,50,58,1236,3331,4567
00538900,GATEWAY TECHNICAL COLLEGE               ,WI,53144-1690,Public       ,15,87,102,2575,8626,11201
00539000,BLACKHAWK TECHNICAL COLLEGE             ,WI,53547-5009,Public       ,9,75,84,1103,3656,4759
00610800,BELLIN HOSP SCH OF RAD TECH             ,WI,54305-3505,Private      ,0,0,0,26,26,52
00611500,MERCY MED CTR SCH OF RAD TECH           ,WI,54904-3370,Private      ,0,0,0,10,24,34
00612601,ST LUKE'S MEDCL CTR SCHL RAD TECH       ,WI,53215-4330,Private      ,0,1,1,21,92,113
00612603,ST LUKE'S MED CTR SCH OF SONOGRAPHY     ,WI,53215-0000,Private      ,0,0,0,11,51,62
00613100,THEDA CLARK REG MED CTR SCH RAD TEC     ,WI,54957-0000,Private      ,0,0,0,13,13,26
00663900,BELLIN COLLEGE                          ,WI,54305-0000,Private      ,0,1,1,245,194,439
00732934,ITT TECHNICAL INSTITUTE                 ,WI,53220-4612,Proprietary  ,56,179,235,1380,4120,5500
00766900,SOUTHWEST WISCONSIN TECH COLLEGE        ,WI,53809-0000,Public       ,2,6,8,728,1025,1753
00821700,WISCONSIN COLLEGE OF COSMETOLOGY        ,WI,54324-0257,Proprietary  ,1,4,5,76,76,152
00869405,RASMUSSEN COLLEGE - WAUSAU              ,WI,54401-7804,Proprietary  ,4,29,33,136,657,793
00869414,RASMUSSEN COLLEGE - GREEN BAY           ,WI,54303-2349,Proprietary  ,2,30,32,264,1467,1731
00869419,RASMUSSEN COLLEGE - APPLETON            ,WI,54915-7305,Proprietary  ,4,25,29,34,250,284
00919400,LAKESHORE TECHNICAL COLLEGE             ,WI,53015-1412,Public       ,5,26,31,763,2353,3116
00925600,MORAINE PARK TECHNICAL COLLEGE          ,WI,54936-0000,Public       ,10,32,42,1187,3371,4558
00941900,STATE CLG OF BEAUTY CULT-WAUSAU         ,WI,54403-4667,Proprietary  ,1,3,4,56,111,167
00962100,HERZING UNIVERSITY                      ,WI,53718-4236,Proprietary  ,72,593,665,1183,9228,10411
00974400,FOX VALLEY TECHNICAL COLLEGE            ,WI,54913-0000,Public       ,22,135,157,3133,6387,9520
01091300,MADISON MEDIA INSTITUTE                 ,WI,53718-6787,Proprietary  ,20,31,51,601,597,1198
01148400,ADVANCED INSTITUTE OF HAIR DESIGN       ,WI,53225-0000,Proprietary  ,5,6,11,259,263,522
01182400,WISCONSIN INDIANHEAD TECH CLG WITC      ,WI,54871-9300,Public       ,4,34,38,1233,2786,4019
02077100,MILWAUKEE INST OF ART & DESIGN          ,WI,53202-0000,Private      ,2,3,5,978,306,1284
02078000,SACRED HEART SCHOOL OF THEOLOGY         ,WI,53130-0000,Private      ,0,0,0,1,9,10
02136600,WISCONSIN LUTHERAN COLLEGE              ,WI,53226-0000,Private      ,3,11,14,1078,208,1286
02201803,KAPLAN COLLEGE - MILWAUKEE              ,WI,53212-3939,Proprietary  ,10,50,60,269,1417,1686
02239204,ANTHEM COLLEGE - BROOKFIELD             ,WI,53005-4207,Proprietary  ,1,1,2,17,60,77
02271300,WI SCH OF PROFESSIONAL PSYCHOLOGY       ,WI,53225-0000,Private      ,0,0,0,22,136,158
02317200,MARANATHA BAPTIST BIBLE COLLEGE         ,WI,53094-0000,Private      ,1,5,6,848,144,992
02324700,EMPIRE BEAUTY SCHOOL                    ,WI,53717-0000,Proprietary  ,2,9,11,59,267,326
02332100,EMPIRE BEAUTY SCHOOL                    ,WI,54220-0000,Proprietary  ,12,24,36,147,400,547
02332101,EMPIRE BEAUTY SCHOOL - APPLETON         ,WI,54914-4644,Proprietary  ,0,1,1,23,34,57
02453500,MEDICAL COLLEGE OF WISCONSIN            ,WI,53226-0000,Private      ,1,2,3,64,1272,1336
02494300,GILL-TECH ACADEMY OF HAIR DESIGN        ,WI,54911-0000,Proprietary  ,7,5,12,105,98,203
02532200,LAC COURTE OREILLES OJIBWA CMTY CLG     ,WI,54843-0000,Public       ,1,7,8,84,470,554
03007400,LAKESIDE SCHOOL OF MASSAGE THERAPY      ,WI,53212-3969,Private      ,0,0,0,47,185,232
03061200,MIDWEST COLLEGE OF ORIENTAL MEDICINE    ,WI,53403-9747,Proprietary  ,1,2,3,6,217,223
03077600,EMPIRE BEAUTY SCHOOL                    ,WI,54304-4838,Proprietary  ,15,32,47,216,605,821
03125100,COLLEGE OF MENOMINEE NATION             ,WI,54135-0000,Private      ,2,8,10,168,717,885
03125102,COLLEGE OF  THE MENOMINEE NATION - GREEN,WI,54304-4964,Private      ,1,3,4,36,136,172
03220300,"SALON PROFESSIONAL ACADEMY, THE         ",WI,54701-7633,Proprietary  ,6,8,14,80,109,189
03309300,MONTESSORI INSTITUTE OF MILWAUKEE       ,WI,53207-0000,Private      ,0,1,1,3,28,31
03808300,INSTITUTE OF BEAUTY AND WELLNESS (THE)  ,WI,53202-5715,Proprietary  ,0,5,5,116,231,347
03822300,FOUR SEASONS SALON AND COSMETOLOGY SCHOO,WI,53566-0000,Proprietary  ,1,7,8,23,59,82
03872500,NORTHLAND INTERNATIONAL UNIVERSITY      ,WI,54119-9285,Private      ,0,1,1,517,79,596
03925300,BLUE SKY SCHOOL OF PROFESSIONAL MASSAGE ,WI,53024-9699,Private      ,0,1,1,44,179,223
04117400,MILWAUKEE CAREER COLLEGE                ,WI,53222-4305,Proprietary  ,10,32,42,236,1058,1294
04118600,ACADEMY OF COSMETOLOGY                  ,WI,53548-3307,Proprietary  ,2,5,7,34,112,146
04124800,VISIONS IN HAIR DESIGN INSTITUTE OF COSM,WI,53210-1120,Proprietary  ,0,1,1,22,70,92
04132600,WISCONSIN ACADEMY (THE)                 ,WI,54157-1726,Proprietary  ,1,4,5,15,61,76
04137900,PC PROSCHOOLS                           ,WI,53005-6003,Proprietary  ,13,74,87,99,635,734
04138200,SALON PROFESSIONAL ACADEMY (THE)        ,WI,54914-3921,Proprietary  ,2,4,6,57,82,139
04157700,SALON PROFESSIONAL ACADEMY (THE)        ,WI,54650-8699,Proprietary  ,1,1,2,69,103,172
04165300,ACADEMY WAUKESHA (THE)                  ,WI,53072-5524,Proprietary  ,4,9,13,77,124,201
04179200,ADVANCED COLLEGE OF COSMETOLOGY         ,WI,53963-0000,Proprietary  ,0,0,0,18,22,40
04182100,FIRST CLASS COSMETOLOGY SCHOOL          ,WI,52511-0000,Proprietary  ,3,9,12,7,20,27
04183600,SALON PROFESSIONAL ACADEMY OF KENOSHA (T,WI,53142-4950,Proprietary  ,5,12,17,26,65,91
00145944,STRAYER UNIVERSITY - GREENSBORO         ,NC,27407-2638,Proprietary  ,0,0,0,0,1,1
00290500,NORTH CAROLINA A&T STATE UNIV           ,NC,27411-0001,Public       ,40,61,101,14429,6750,21179
00290600,APPALACHIAN STATE UNIVERSITY            ,NC,28608-2059,Public       ,36,47,83,15937,4738,20675
00290700,UNIVERSITY OF NC AT ASHEVILLE           ,NC,28804-3299,Public       ,11,18,29,3751,1862,5613
00290800,BARTON COLLEGE                          ,NC,27893-3104,Private      ,3,21,24,1597,932,2529
00291000,BELMONT ABBEY COLLEGE                   ,NC,28012-1802,Private      ,4,20,24,1378,1451,2829
00291100,BENNETT COLLEGE                         ,NC,27401-3239,Private      ,3,4,7,1286,489,1775
00291200,BREVARD COLLEGE                         ,NC,28712-3306,Private      ,4,4,8,1048,184,1232
00291300,CAMPBELL UNIVERSITY                     ,NC,27506-0036,Private      ,3,71,74,4550,3772,8322
00291400,CATAWBA COLLEGE                         ,NC,28144-2488,Private      ,7,6,13,1667,729,2396
00291500,CENTRAL PIEDMONT COMMUNITY COLLEGE      ,NC,28204-2297,Public       ,120,585,705,9045,21076,30121
00291600,CHOWAN UNIVERSITY                       ,NC,27855-1850,Private      ,7,5,12,1885,441,2326
00291700,COLLEGE OF THE ALBEMARLE                ,NC,27909-2327,Public       ,14,37,51,947,2222,3169
00291800,DAVIDSON COLLEGE                        ,NC,28035-7157,Private      ,3,3,6,2992,175,3167
00291900,DAVIDSON COUNTY COMMUNITY COLLEGE       ,NC,27293-0000,Public       ,26,94,120,1707,4658,6365
00292000,DUKE UNIVERSITY                         ,NC,27708-0397,Private      ,9,22,31,16395,2205,18600
00292001,DUKE UNIV - SCHOOL OF MEDICINE          ,NC,27710-0000,Private      ,0,4,4,146,1366,1512
00292002,DUKE UNIV - SCHOOL OF LAW               ,NC,27708-0000,Private      ,1,8,9,64,3518,3582
00292003,DUKE UNIV - GRAD SCH ARTS & SCIENCE     ,NC,27708-0000,Private      ,0,8,8,139,744,883
00292004,DUKE UNIV - FUQUA SCH OF BUSINESS       ,NC,27708-0000,Private      ,1,12,13,85,1320,1405
00292005,DUKE UNIV/NICHOLAS SCH OF ENVIRON.      ,NC,27708-0000,Private      ,0,2,2,26,388,414
00292006,DUKE UNIV - DIVINITY SCHOOL             ,NC,27708-0000,Private      ,0,6,6,165,747,912
00292007,DUKE UNIV - SCHOOL OF NURSING           ,NC,27710-0000,Private      ,0,11,11,142,979,1121
00292010,DUKE UNIVERSITY - SCHOOL OF PUBLIC POLIC,NC,27708-0239,Private      ,0,3,3,83,374,457
00292300,EAST CAROLINA UNIVERSITY                ,NC,27858-1818,Public       ,68,265,333,21883,13240,35123
00292600,ELIZABETH CITY STATE UNIVERSITY         ,NC,27909-7806,Public       ,18,21,39,4091,1765,5856
00292700,ELON UNIVERSITY                         ,NC,27244-2010,Private      ,7,31,38,6970,1343,8313
00292800,FAYETTEVILLE STATE UNIVERSITY           ,NC,28301-4298,Public       ,18,119,137,5253,7144,12397
00292900,GARDNER-WEBB UNIVERSITY                 ,NC,28017-0000,Private      ,16,55,71,2890,3198,6088
00293000,GREENSBORO COLLEGE                      ,NC,27401-1875,Private      ,9,27,36,1776,1299,3075
00293100,GUILFORD COLLEGE                        ,NC,27410-4171,Private      ,7,66,73,3124,3150,6274
00293300,HIGH POINT UNIVERSITY                   ,NC,27262-4221,Private      ,40,20,60,4879,1519,6398
00293400,ISOTHERMAL COMMUNITY COLLEGE            ,NC,28160-0804,Public       ,4,25,29,1062,2383,3445
00293500,JOHN WESLEY COLLEGE                     ,NC,27265-0000,Private      ,0,12,12,48,256,304
00293600,JOHNSON C SMITH UNIVERSITY              ,NC,28216-5398,Private      ,8,28,36,3007,1525,4532
00293700,KING'S COLLEGE-CHARLOTTE                ,NC,28204-2435,Proprietary  ,3,7,10,881,831,1712
00293900,LEES MCRAE COLLEGE                      ,NC,28604-0000,Private      ,3,1,4,1103,326,1429
00294000,LENOIR COMMUNITY COLLEGE                ,NC,28502-0188,Public       ,21,94,115,1018,3135,4153
00294100,LENOIR-RHYNE UNIVERSITY                 ,NC,28603-0000,Private      ,8,12,20,2548,856,3404
00294200,LIVINGSTONE COLLEGE                     ,NC,28144-5298,Private      ,7,2,9,1823,555,2378
00294300,LOUISBURG COLLEGE                       ,NC,27549-2398,Private      ,13,5,18,1240,203,1443
00294400,MARS HILL COLLEGE                       ,NC,28754-0000,Private      ,6,5,11,1573,485,2058
00294500,MEREDITH COLLEGE                        ,NC,27607-5298,Private      ,6,12,18,2010,1129,3139
00294600,METHODIST UNIVERSITY                    ,NC,28311-1420,Private      ,13,26,39,2801,1879,4680
00294700,MITCHELL COMMUNITY COLLEGE              ,NC,28677-5264,Public       ,13,62,75,1344,3275,4619
00294800,MONTREAT COLLEGE                        ,NC,28757-1267,Private      ,1,31,32,629,867,1496
00294900,MOUNT OLIVE COLLEGE                     ,NC,28365-1299,Private      ,6,124,130,1396,4457,5853
00295000,NORTH CAROLINA CENTRAL UNIVERSITY       ,NC,27707-3198,Public       ,47,94,141,10499,8320,18819
00295100,NORTH CAROLINA WESLEYAN COLLEGE         ,NC,27804-8699,Private      ,1,21,22,1182,1290,2472
00295300,PEACE COLLEGE                           ,NC,27604-1194,Private      ,4,4,8,1041,570,1611
00295400,UNIV OF NORTH CAROLINA AT PEMBROKE      ,NC,28372-1510,Public       ,17,70,87,5844,4643,10487
00295500,PFEIFFER UNIVERSITY                     ,NC,28109-0000,Private      ,0,37,37,1050,1579,2629
00295600,PIEDMONT BAPTIST COLLEGE AND GRADUATE SC,NC,27101-5025,Private      ,0,5,5,233,274,507
00295700,QUEENS UNIVERSITY OF CHARLOTTE          ,NC,28274-0001,Private      ,10,48,58,2307,2747,5054
00295800,ROCKINGHAM COMMUNITY COLLEGE            ,NC,27375-0000,Public       ,9,34,43,935,2201,3136
00296000,SALEM COLLEGE                           ,NC,27108-0000,Private      ,1,6,7,699,869,1568
00296100,SANDHILLS COMMUNITY COLLEGE             ,NC,28374-8283,Public       ,25,98,123,1710,3946,5656
00296200,SHAW UNIVERSITY                         ,NC,27601-2393,Private      ,11,24,35,3204,2708,5912
00296300,SOUTHEASTERN BAPTIST THEOL SEMINARY     ,NC,27588-0000,Private      ,0,0,0,48,125,173
00296400,SOUTHEASTERN COMMUNITY COLLEGE          ,NC,28472-5422,Public       ,15,57,72,847,2066,2913
00296700,ST ANDREWS PRESBYTERIAN COLLEGE         ,NC,28352-9979,Private      ,0,4,4,580,156,736
00296800,ST AUGUSTINES COLLEGE                   ,NC,27610-2298,Private      ,9,8,17,2354,909,3263
00297000,SURRY COMMUNITY COLLEGE                 ,NC,27017-0304,Public       ,10,22,32,1343,2253,3596
00297200,NORTH CAROLINA STATE UNIV-RALEIGH       ,NC,27695-7001,Public       ,53,171,224,24651,11027,35678
00297300,GASTON COLLEGE                          ,NC,28034-1499,Public       ,31,99,130,2366,6168,8534
00297400,UNIVERSITY OF N C-CHAPEL HILL           ,NC,27514-0000,Public       ,39,159,198,21753,14139,35892
00297500,UNIVERSITY OF NC AT CHARLOTTE           ,NC,28223-0001,Public       ,66,241,307,19141,14275,33416
00297600,UNIVERSITY OF N C - GREENSBORO          ,NC,27412-0001,Public       ,30,116,146,16104,10849,26953
00297800,WAKE FOREST UNIV - UNDERGRADUATE        ,NC,27109-7246,Private      ,8,4,12,6553,493,7046
00297801,WAKE FOREST UNIV - SCH OF MEDICINE      ,NC,27157-1090,Private      ,0,7,7,105,986,1091
00297803,WAKE FOREST GRAD SCHOOLS OF BUSINESS    ,NC,27109-7659,Private      ,0,6,6,640,916,1556
00297805,WAKE FOREST UNIV - SCH OF LAW           ,NC,27109-7206,Private      ,0,4,4,42,1500,1542
00297806,WAKE FOREST UNIV - GRAD A&S/DIVINITY    ,NC,27109-7246,Private      ,1,0,1,83,578,661
00297900,WARREN WILSON COLLEGE                   ,NC,28815-0000,Private      ,0,3,3,1287,472,1759
00298000,WAYNE COMMUNITY COLLEGE                 ,NC,27533-0000,Public       ,19,69,88,1459,3539,4998
00298100,WESTERN CAROLINA UNIVERSITY             ,NC,28723-9731,Public       ,55,55,110,8729,4077,12806
00298200,WESTERN PIEDMONT COMMUNITY COLLEGE      ,NC,28655-4504,Public       ,25,67,92,1226,2824,4050
00298300,WILKES COMMUNITY COLLEGE                ,NC,28697-2100,Public       ,13,61,74,1132,2102,3234
00298400,UNIVERSITY OF N C-WILMINGTON            ,NC,28403-3297,Public       ,31,105,136,12219,5157,17376
00298500,WINGATE UNIVERSITY                      ,NC,28174-0159,Private      ,3,9,12,2934,1102,4036
00298600,WINSTON-SALEM STATE UNIVERSITY          ,NC,27102-0000,Public       ,17,56,73,7123,5184,12307
00398100,UNC SCHOOL OF THE ARTS                  ,NC,27127-2188,Public       ,2,2,4,1235,422,1657
00403300,ASHEVILLE BUNCOMBE TECH CMTY CLG        ,NC,28801-4897,Public       ,26,130,156,2156,5573,7729
00406200,PITT COMMUNITY COLLEGE                  ,NC,28590-0000,Public       ,59,161,220,4160,6904,11064
00483500,CALDWELL COMMUNITY CLG & TECH INST      ,NC,28638-2626,Public       ,20,100,120,1687,3639,5326
00483800,GUILFORD TECHNICAL COMMUNITY CLG        ,NC,27282-0309,Public       ,64,291,355,6878,15555,22433
00484400,WAKE TECHNICAL COMMUNITY COLLEGE        ,NC,27603-5696,Public       ,71,325,396,7000,14588,21588
00484500,WILSON COMMUNITY COLLEGE                ,NC,27893-3310,Public       ,22,78,100,703,2585,3288
00499201,MILLER-MOTTE TECHNICAL COLLEGE - MILLER-,NC,27511-9209,Proprietary  ,4,37,41,180,1102,1282
00499202,MILLER-MOTTE TECHNICAL COLLEGE - MILLER-,NC,27604-6072,Proprietary  ,6,61,67,276,1442,1718
00499203,MILLER-MOTTE TECHNICAL COLLEGE - FAYETTE,NC,28311-7651,Proprietary  ,10,58,68,291,1496,1787
00499205,MILLER-MOTTE TECHNICAL COLLEGE - MILLER-,NC,28540-5901,Proprietary  ,8,98,106,52,589,641
00531600,COASTAL CAROLINA COMMUNITY COLLEGE      ,NC,28546-6816,Public       ,25,147,172,1473,5110,6583
00531700,FORSYTH TECHNICAL COMMUNITY COLLEGE     ,NC,27103-5197,Public       ,41,208,249,3587,9750,13337
00531800,CATAWBA VALLEY COMMUNITY COLLEGE        ,NC,28602-8302,Public       ,14,59,73,2451,4803,7254
00532000,CAPE FEAR COMMUNITY COLLEGE             ,NC,28401-3910,Public       ,40,158,198,4081,7257,11338
00544700,RANDOLPH COMMUNITY COLLEGE              ,NC,27204-1009,Public       ,7,45,52,1065,2721,3786
00544800,DURHAM TECHNICAL CMNTY COLLEGE          ,NC,27703-5023,Public       ,25,122,147,1773,6433,8206
00544900,CENTRAL CAROLINA COMMUNITY COLLEGE      ,NC,27330-9000,Public       ,15,85,100,1466,4639,6105
00546300,ALAMANCE COMMUNITY COLLEGE              ,NC,27253-0000,Public       ,19,80,99,1705,4616,6321
00546400,RICHMOND COMMUNITY COLLEGE              ,NC,28345-4522,Public       ,17,59,76,745,2385,3130
00575400,ROWAN-CABARRUS COMMUNITY COLLEGE        ,NC,28146-8357,Public       ,33,171,204,2321,6325,8646
00647700,CABARRUS COLLEGE OF HEALTH SCIENCES     ,NC,28025-0000,Private      ,0,12,12,301,851,1152
00647800,MERCY HOSP SCH OF NURSING               ,NC,28207-0000,Public       ,1,11,12,183,866,1049
00648300,WATTS SCHOOL OF NURSING                 ,NC,27704-0000,Private      ,0,3,3,99,388,487
00679900,CRAVEN COMMUNITY COLLEGE                ,NC,28562-0000,Public       ,9,84,93,872,3545,4417
00703100,PAMLICO COMMUNITY COLLEGE               ,NC,28529-0000,Public       ,0,8,8,103,427,530
00764000,FAYETTEVILLE TECHNICAL CMTY COLLEGE     ,NC,28303-0236,Public       ,32,272,304,3722,14987,18709
00768700,JAMES SPRUNT COMMUNITY COLLEGE          ,NC,28349-0398,Public       ,3,16,19,461,1436,1897
00781400,BROOKSTONE COLLEGE OF BUSINESS          ,NC,28262-1294,Proprietary  ,3,22,25,116,704,820
00781401,BROOKSTONE COLLEGE OF BUSINESS          ,NC,27409-0000,Proprietary  ,5,24,29,105,638,743
00789200,SAMPSON COMMUNITY COLLEGE               ,NC,28328-0000,Public       ,1,16,17,584,1523,2107
00798500,SOUTH PIEDMONT COMMUNITY COLLEGE        ,NC,28135-9703,Public       ,9,45,54,923,2674,3597
00798600,HALIFAX COMMUNITY COLLEGE               ,NC,27890-0089,Public       ,9,41,50,738,1892,2630
00798700,BLADEN COMMUNITY COLLEGE                ,NC,28332-0266,Public       ,6,32,38,618,2196,2814
00798800,MARTIN COMMUNITY COLLEGE                ,NC,27892-8307,Public       ,0,10,10,291,986,1277
00808100,CARTERET COMMUNITY COLLEGE              ,NC,28557-2989,Public       ,5,35,40,669,1896,2565
00808200,CLEVELAND COMMUNITY COLLEGE             ,NC,28150-0000,Public       ,13,62,75,1126,3312,4438
00808300,HAYWOOD COMMUNITY COLLEGE               ,NC,28721-0000,Public       ,6,66,72,722,1756,2478
00808500,MCDOWELL TECHNICAL COMMUNITY CLG        ,NC,28752-8728,Public       ,8,48,56,375,1336,1711
00808700,MONTGOMERY COMMUNITY COLLEGE            ,NC,27371-0787,Public       ,2,16,18,299,858,1157
00846600,SOUTHWESTERN COMMUNITY COLLEGE          ,NC,28779-8581,Public       ,7,47,54,924,1919,2843
00855700,NASH COMMUNITY COLLEGE                  ,NC,27804-0488,Public       ,17,56,73,1192,2885,4077
00855800,BEAUFORT COUNTY COMMUNITY COLLEGE       ,NC,27889-7889,Public       ,10,38,48,689,1907,2596
00861200,ROBESON COMMUNITY COLLEGE               ,NC,28359-2151,Public       ,19,70,89,1230,3708,4938
00861300,ROANOKE-CHOWAN COMMUNITY COLLEGE        ,NC,27910-9522,Public       ,0,4,4,342,911,1253
00885500,EDGECOMBE COMMUNITY COLLEGE             ,NC,27886-9399,Public       ,7,101,108,895,3876,4771
00902500,EMPIRE BEAUTY SCHOOL                    ,NC,28105-2508,Proprietary  ,5,32,37,213,785,998
00933600,JOHNSTON COMMUNITY COLLEGE              ,NC,27577-0000,Public       ,7,41,48,1515,3728,5243
00943000,TRI-COUNTY COMMUNITY COLLEGE            ,NC,28906-7919,Public       ,15,42,57,393,1146,1539
00964600,PIEDMONT COMMUNITY COLLEGE              ,NC,27573-1197,Public       ,10,50,60,561,1743,2304
00968400,BLUE RIDGE COMMUNITY COLLEGE            ,NC,28731-9624,Public       ,9,58,67,803,1819,2622
00974701,GORDON-CONWELL THEO SEM - CHARLOTTE     ,NC,28273-0000,Private      ,0,3,3,8,253,261
00990300,VANCE-GRANVILLE CMTY COLLEGE            ,NC,27536-0917,Public       ,16,98,114,1372,3654,5026
01026400,SOUTH COLLEGE                           ,NC,28803-3152,Proprietary  ,4,24,28,91,691,782
01119400,STANLY COMMUNITY COLLEGE                ,NC,28001-7458,Public       ,8,75,83,930,2803,3733
01119700,MAYLAND COMMUNITY COLLEGE               ,NC,28777-2777,Public       ,3,12,15,405,769,1174
01179900,PAUL MITCHELL THE SCHOOL FAYETTEVILLE   ,NC,28303-5364,Proprietary  ,21,50,71,128,436,564
01192600,LEON'S BEAUTY SCHOOL                    ,NC,27403-2812,Proprietary  ,3,11,14,125,335,460
02056500,MITCHELL'S HAIR STYLING ACADEMY         ,NC,27893-0000,Proprietary  ,2,13,15,78,177,255
02056501,MITCHELL'S HAIR STYLING ACADEMY - MITCHE,NC,27606-3326,Proprietary  ,2,2,4,59,131,190
02110500,ART INSTITUTE OF CHARLOTTE (THE)        ,NC,28217-0000,Proprietary  ,49,159,208,2700,3746,6446
02170700,BRUNSWICK COMMUNITY COLLEGE             ,NC,28422-0000,Public       ,6,27,33,605,1200,1805
02205000,COLLEGE OF WILMINGTON                   ,NC,28403-0000,Proprietary  ,2,15,17,136,292,428
02210400,FAYETTEVILLE BEAUTY COLLEGE             ,NC,28303-0000,Proprietary  ,2,5,7,74,314,388
02227800,MITCHELL'S HAIR STYLING ACADEMY         ,NC,27534-0000,Proprietary  ,0,0,0,9,34,43
02227900,MITCHELL'S HAIR STYLING ACADEMY         ,NC,27858-0000,Proprietary  ,0,1,1,21,64,85
02238700,HAIRSTYLING INSTITUTE OF CHARLOTTE      ,NC,28204-0000,Proprietary  ,3,14,17,101,340,441
02280900,MID-ATLANTIC CHRISTIAN UNIVERSITY       ,NC,27909-0000,Private      ,2,0,2,128,124,252
02326203,KAPLAN CAREER INSTITUTE - KAPLAN COLLEGE,NC,28212-6830,Proprietary  ,14,82,96,103,656,759
02560600,PINNACLE INSTITUTE OF COSMETOLOGY       ,NC,28115-8020,Proprietary  ,0,8,8,55,124,179
02614201,MILLER-MOTTE BUSINESS COLLEGE           ,NC,28403-0000,Proprietary  ,20,155,175,529,3088,3617
02614205,MILLER - MOTTE TECHNICAL COLLEGE - MILLE,NC,27834-5052,Proprietary  ,11,59,70,231,1221,1452
03009500,WINSTON-SALEM BARBER SCHOOL             ,NC,27107-0000,Proprietary  ,1,3,4,81,179,260
03064400,REGENCY BEAUTY INSTITUTE                ,NC,27127-0000,Proprietary  ,8,15,23,249,519,768
03089300,HERITAGE BIBLE COLLEGE                  ,NC,28335-0000,Private      ,0,0,0,25,100,125
03104200,CAROLINAS COLLEGE OF HEALTH SCIENCE     ,NC,28232-2861,Public       ,5,26,31,331,1322,1653
03109000,LIVING ARTS COLLEGE                     ,NC,27614-7076,Proprietary  ,19,29,48,533,724,1257
03109001,LIVING ARTS INSTITUTE                   ,NC,27107-3217,Proprietary  ,0,0,0,44,102,146
03361300,MEDICAL ARTS MASSAGE SCHOOL             ,NC,27616-6453,Proprietary  ,2,13,15,54,347,401
03513400,APEX SCHOOL OF THEOLOGY                 ,NC,27703-8024,Private      ,1,7,8,39,954,993
03555300,SOUTHEASTERN INSTITUTE                  ,NC,28217-0000,Proprietary  ,18,82,100,169,880,1049
03555400,SOUTHEASTERN SCHOOL OF NEUROMUSCULAR  MA,NC,29406-0000,Proprietary  ,9,38,47,93,346,439
03570300,CAROLINA CHRISTIAN COLLEGE              ,NC,27105-3241,Private      ,0,3,3,14,117,131
03663300,HOOD THEOLOGICAL SEMINARY               ,NC,28144-5768,Private      ,0,4,4,3,258,261
03748500,LA SHE'S BEAUTY ACADEMY                 ,NC,27707-3569,Proprietary  ,3,18,21,41,179,220
03777300,CAROLINA ACAD OF COSMETIC ART & SCI     ,NC,28054-0460,Proprietary  ,7,21,28,125,360,485
03827300,NEW LIFE THEOLOGICAL SEMINARY           ,NC,28205-1648,Private      ,2,5,7,12,206,218
04073300,JUNG TAO SCHOOL OF CLASSICAL CHINESE MED,NC,28679-9657,Private      ,0,14,14,0,14,14
04098300,TECHSKILLS - CHARLOTTE                  ,NC,28217-0000,Proprietary  ,4,17,21,69,456,525
04101300,CAROLINA SCHOOL OF BROADCASTING         ,NC,28214-8085,Proprietary  ,2,9,11,89,311,400
04115700,REGINA'S COLLEGE OF BEAUTY              ,NC,28110-2831,Proprietary  ,2,17,19,46,295,341
04120300,"FILA ACADEMY, THE                       ",NC,27265-3114,Proprietary  ,4,4,8,36,126,162
04129400,CENTER FOR MASSAGE & NATURAL HEALTH     ,NC,28787-8331,Proprietary  ,1,4,5,35,143,178
04140700,AVEDA INSTITUTE CHAPEL HILL             ,NC,27516-2559,Proprietary  ,15,15,30,173,334,507
04143500,CHARLOTTE SCHOOL OF LAW                 ,NC,28208-2816,Proprietary  ,1,8,9,64,2002,2066
04146400,DAOIST TRADITIONS COLLEGE OF CHINESE MED,NC,28801-1060,Proprietary  ,0,1,1,1,103,104
04149300,PARK WEST BARBER SCHOOL                 ,NC,27701-4022,Proprietary  ,2,13,15,57,248,305
04154200,CAROLINA BIBLE COLLEGE                  ,NC,29303-5157,Private      ,0,4,4,5,83,88
04172800,BODY THERAPY INSTITUTE                  ,NC,27344-6728,Proprietary  ,0,4,4,5,61,66
04173000,SHEPHERDS THEOLOGICAL SEMINARY          ,NC,27518-9316,Private      ,0,1,1,0,1,1
04173700,GRACE COLLEGE OF DIVINITY               ,NC,28314-2343,Private      ,3,3,6,5,6,11
04178100,CAROLINA COLLEGE OF HAIR DESIGN         ,NC,28802-1232,Proprietary  ,0,5,5,6,31,37
00298800,BISMARCK STATE COLLEGE                  ,ND,58501-1299,Public       ,11,43,54,2171,1896,4067
00298900,DICKINSON STATE UNIVERSITY              ,ND,58601-4896,Public       ,3,10,13,1222,843,2065
00299000,JAMESTOWN COLLEGE                       ,ND,58405-3401,Private      ,1,5,6,985,163,1148
00299100,LAKE REGION STATE COLLEGE               ,ND,58301-1598,Public       ,7,32,39,394,512,906
00299200,UNIVERSITY OF MARY                      ,ND,58504-9652,Private      ,1,30,31,1551,1721,3272
00299300,MAYVILLE STATE UNIVERSITY               ,ND,58257-1299,Public       ,5,13,18,586,359,945
00299400,MINOT STATE UNIVERSITY                  ,ND,58707-0002,Public       ,4,29,33,1631,1639,3270
00299500,DAKOTA COLLEGE AT BOTTINEAU             ,ND,58318-1159,Public       ,0,9,9,327,347,674
00299600,NORTH DAKOTA STATE CLG OF SCIENCE       ,ND,58076-0002,Public       ,12,17,29,1541,856,2397
00299700,NORTH DAKOTA STATE UNIVERSITY           ,ND,58108-6050,Public       ,28,50,78,9760,3184,12944
00300500,UNIVERSITY OF NORTH DAKOTA              ,ND,58202-8193,Public       ,20,92,112,8058,5409,13467
00300700,WILLISTON STATE COLLEGE                 ,ND,58802-1326,Public       ,3,13,16,294,444,738
00300800,VALLEY CITY STATE UNIVERSITY            ,ND,58072-0000,Public       ,5,18,23,763,399,1162
00775600,JOSEF'S SCHOOL OF HAIR DESIGN INC       ,ND,58102-4977,Proprietary  ,2,2,4,95,113,208
00869408,RASMUSSEN COLLEGE - FARGO               ,ND,58103-7196,Proprietary  ,3,28,31,358,1482,1840
00869415,RASMUSSEN COLLEGE - BISMARCK            ,ND,58503-0000,Proprietary  ,2,14,16,149,706,855
00935400,MEDCENTER ONE COLLEGE OF NURSING        ,ND,58501-4494,Private      ,0,0,0,78,85,163
01040600,JOSEF'S SCHOOL OF HAIR DESIGN           ,ND,58201-6394,Proprietary  ,1,4,5,65,107,172
01205900,TRINITY BIBLE COLLEGE                   ,ND,58436-7150,Private      ,0,2,2,244,144,388
01229500,JZ TREND ACADEMY PAUL MITCHELL PARTNER S,ND,58501-0000,Proprietary  ,4,4,8,58,66,124
02188200,SITTING BULL COLLEGE                    ,ND,58538-9701,Public       ,0,19,19,76,393,469
02236500,LITTLE HOOP COMMUNITY COLLEGE           ,ND,58335-0000,Public       ,2,9,11,50,267,317
02242900,UNITED TRIBES TECHNICAL COLLEGE         ,ND,58504-0000,Private      ,1,32,33,279,898,1177
02298200,HEADQUARTERS ACADEMY OF HAIR DESIGN     ,ND,58701-0000,Proprietary  ,1,4,5,23,85,108
02301100,TURTLE MTN CMNTY COLG-FIN AID OFC       ,ND,58316-0000,Private      ,10,75,85,287,768,1055
02553700,FORT BERTHOLD COMMUNITY COLLEGE         ,ND,58763-0000,Public       ,1,2,3,57,212,269
03087200,MOLER BARBER CLG OF HAIRSTYLING         ,ND,58103-0000,Proprietary  ,1,2,3,4,27,31
04031300,SALON PROFESSIONAL ACADEMY (THE)        ,ND,58103-3337,Proprietary  ,1,3,4,73,90,163
04139400,HAIR ACADEMY (THE)                      ,ND,58501-4929,Proprietary  ,0,2,2,60,60,120
00133901,CORBAN UNIVERSITY - SCHOOL OF MINISTRY  ,WA,98402-6699,Private      ,0,0,0,8,41,49
00301005,ANTIOCH UNIV/SEATTLE                    ,WA,98121-0000,Private      ,3,10,13,84,1392,1476
00376900,BELLEVUE COLLEGE                        ,WA,98007-6484,Public       ,37,143,180,4788,8580,13368
00377000,BIG BEND COMMUNITY COLLEGE              ,WA,98837-3299,Public       ,2,17,19,1139,1964,3103
00377100,"CENTRAL WASHINGTON UNIV., FIN AID       ",WA,98926-7495,Public       ,40,87,127,10774,5486,16260
00377200,CENTRALIA COLLEGE                       ,WA,98531-4099,Public       ,12,82,94,1264,2703,3967
00377300,CLARK COLLEGE                           ,WA,98663-3598,Public       ,67,224,291,5805,12442,18247
00377400,COLUMBIA BASIN COLLEGE                  ,WA,99301-3379,Public       ,30,115,145,2956,4915,7871
00377500,EASTERN WASHINGTON UNIVERSITY           ,WA,99004-2447,Public       ,22,113,135,9665,7222,16887
00377600,EVERETT COMMUNITY COLLEGE               ,WA,98201-1352,Public       ,23,134,157,3017,7336,10353
00377700,HERITAGE UNIVERSITY                     ,WA,98948-9562,Private      ,0,24,24,472,1674,2146
00377800,GONZAGA UNIVERSITY                      ,WA,99258-0083,Private      ,17,116,133,7879,4670,12549
00377900,GRAYS HARBOR COLLEGE                    ,WA,98520-7599,Public       ,3,20,23,912,2105,3017
00378000,GREEN RIVER COMMUNITY COLLEGE           ,WA,98092-3622,Public       ,72,226,298,3448,6668,10116
00378100,HIGHLINE COMMUNITY COLLEGE              ,WA,98198-9800,Public       ,51,207,258,3473,7081,10554
00378200,LOWER COLUMBIA COLLEGE                  ,WA,98632-0310,Public       ,14,56,70,1399,4147,5546
00378300,NORTHWEST UNIVERSITY                    ,WA,98083-0000,Private      ,2,9,11,1290,1088,2378
00378400,OLYMPIC COLLEGE                         ,WA,98337-1600,Public       ,15,69,84,2263,6133,8396
00378500,PACIFIC LUTHERAN UNIVERSITY             ,WA,98447-0003,Private      ,8,19,27,4614,1957,6571
00378600,PENINSULA COLLEGE                       ,WA,98362-6660,Public       ,4,27,31,682,2133,2815
00378700,SEATTLE CENTRAL COMMUNITY COLLEGE       ,WA,98122-2413,Public       ,37,219,256,3386,8555,11941
00378703,SEATTLE VOCATIONAL INSTITUTE            ,WA,98144-0000,Public       ,9,48,57,135,845,980
00378800,SEATTLE PACIFIC UNIVERSITY              ,WA,98119-1997,Private      ,6,33,39,6005,2683,8688
00379000,SEATTLE UNIVERSITY                      ,WA,98122-1090,Private      ,9,39,48,8707,7672,16379
00379100,SHORELINE COMMUNITY COLLEGE             ,WA,98133-5696,Public       ,17,103,120,2352,5194,7546
00379200,SKAGIT VALLEY COLLEGE                   ,WA,98273-5899,Public       ,10,40,50,1827,4163,5990
00379300,SPOKANE COMMUNITY COLLEGE               ,WA,99207-5399,Public       ,48,276,324,4587,12579,17166
00379400,ST MARTIN'S UNIVERSITY                  ,WA,98503-7500,Private      ,5,23,28,1471,1337,2808
00379600,TACOMA COMMUNITY COLLEGE                ,WA,98466-6100,Public       ,29,161,190,3717,10263,13980
00379700,UNIVERSITY OF PUGET SOUND               ,WA,98416-1039,Private      ,4,14,18,4976,1570,6546
00379800,UNIVERSITY OF WASHINGTON                ,WA,98195-5880,Public       ,72,183,255,32316,29582,61898
00379900,WALLA WALLA UNIVERSITY                  ,WA,99324-1198,Private      ,13,12,25,1623,809,2432
00380000,WASHINGTON STATE UNIVERSITY             ,WA,99164-1035,Public       ,71,124,195,21856,13365,35221
00380100,WENATCHEE VALLEY COLLEGE                ,WA,98801-1799,Public       ,8,35,43,1681,3365,5046
00380200,WESTERN WASHINGTON UNIVERSITY           ,WA,98225-5946,Public       ,41,40,81,16140,5041,21181
00380300,WHITMAN COLLEGE                         ,WA,99362-2067,Private      ,2,3,5,2938,112,3050
00380400,WHITWORTH UNIVERSITY                    ,WA,99251-0001,Private      ,5,28,33,4331,1473,5804
00380500,YAKIMA VALLEY COMMUNITY COLLEGE         ,WA,98907-2520,Public       ,16,73,89,3107,5495,8602
00499900,BELLINGHAM TECHNICAL COLLEGE            ,WA,98225-0000,Public       ,12,36,48,1037,3385,4422
00500000,PIERCE COLLEGE                          ,WA,98498-1919,Public       ,23,163,186,3788,8969,12757
00500100,EDMONDS COMMUNITY COLLEGE               ,WA,98036-5999,Public       ,25,114,139,2685,6132,8817
00500600,WALLA WALLA COMMUNITY COLLEGE           ,WA,99362-9267,Public       ,10,77,87,1795,3191,4986
00530600,BATES TECHNICAL COLLEGE                 ,WA,98405-0000,Public       ,18,95,113,958,4097,5055
00537200,SOUTH PUGET SOUND COMMUNITY COLLEGE     ,WA,98512-6292,Public       ,20,82,102,2519,6006,8525
00537300,LAKE WASHINGTON TECHNICAL COLLEGE       ,WA,98034-8505,Public       ,7,59,66,883,3411,4294
00575200,CLOVER PARK TECHNICAL COLLEGE           ,WA,98499-0000,Public       ,16,100,116,1684,6872,8556
00815500,EVERGREEN STATE COLLEGE (THE)           ,WA,98505-0002,Public       ,12,32,44,4066,4422,8488
00907901,EVEREST COLLEGE                         ,WA,98684-6950,Proprietary  ,3,19,22,175,763,938
00938700,PERRY TECHNICAL INSTITUTE               ,WA,98903-1239,Private      ,12,27,39,644,1163,1807
00954400,SPOKANE FALLS COMMUNITY COLLEGE         ,WA,99224-5204,Public       ,52,155,207,4767,8167,12934
00970400,NORTH SEATTLE COMMUNITY COLLEGE         ,WA,98103-3599,Public       ,17,182,199,1785,5800,7585
00970600,SOUTH SEATTLE COMMUNITY COLLEGE         ,WA,98106-1499,Public       ,27,121,148,1995,5066,7061
00973900,GLEN DOW ACAD OF HAIR DESIGN            ,WA,99201-0209,Proprietary  ,4,9,13,145,310,455
01036400,WHATCOM COMMUNITY COLLEGE               ,WA,98226-8003,Public       ,14,36,50,2393,3554,5947
01043400,RENTON TECHNICAL COLLEGE                ,WA,98056-0000,Public       ,13,58,71,1051,3855,4906
01148100,DIVERS INSTITUTE OF TECHNOLOGY          ,WA,98107-0000,Proprietary  ,13,23,36,208,653,861
01231500,CORNISH COLLEGE OF THE ARTS             ,WA,98121-4604,Private      ,3,4,7,1592,503,2095
01249600,"BEAUTIWORKS SEATTLE, LLC                ",WA,98133-5615,Proprietary  ,0,5,5,47,137,184
01302200,CITY UNIVERSITY OF SEATTLE              ,WA,98005-3030,Private      ,2,44,46,208,2937,3145
01309400,BELLINGHAM BEAUTY SCHOOL                ,WA,98225-0000,Proprietary  ,0,5,5,49,126,175
02091701,KAPLAN COLLEGE - SEATTLE                ,WA,98055-4910,Proprietary  ,0,0,0,8,57,65
02105300,BELLEVUE BEAUTY SCHOOL                  ,WA,98007-0000,Proprietary  ,0,6,6,83,208,291
02106700,TRINITY LUTHERAN COLLEGE                ,WA,98201-3569,Private      ,3,0,3,172,121,293
02180000,NORTHWEST INDIAN COLLEGE                ,WA,98226-9278,Public       ,8,36,44,215,840,1055
02184200,PAROBA COLLEGE OF COSMETOLOGY           ,WA,98208-0000,Proprietary  ,0,6,6,75,161,236
02202200,STYLEMASTERS COLLEGE OF HAIR DESIGN     ,WA,98632-0000,Proprietary  ,5,13,18,54,150,204
02203300,GENE JUAREZ ACADEMY OF BEAUTY           ,WA,98125-0000,Proprietary  ,30,51,81,436,747,1183
02203301,GENE JUAREZ ACADEMY OF BEAUTY           ,WA,98003-0000,Proprietary  ,0,0,0,70,127,197
02222900,INTERNATIONAL AIR & HOSPITALITY ACADEMY ,WA,98661-4835,Proprietary  ,8,52,60,315,725,1040
02222906,INTERNATIONAL AIR & HOSPITALITY ACADEMY ,WA,98661-3805,Proprietary  ,0,0,0,19,25,44
02236800,PROFESSIONAL BEAUTY SCHOOL              ,WA,98902-0000,Proprietary  ,6,6,12,50,102,152
02242500,BASTYR UNIVERSITY                       ,WA,98028-0000,Private      ,2,3,5,146,1395,1541
02242504,SEATTLE MIDWIFERY SCHOOL                ,WA,98144-0000,Private      ,0,0,0,9,124,133
02291300,ART INSTITUTE OF SEATTLE                ,WA,98121-1622,Proprietary  ,17,52,69,2763,2705,5468
02300100,EVEREST COLLEGE                         ,WA,98367-1835,Proprietary  ,7,41,48,174,715,889
02300103,EVEREST COLLEGE - EVERETT               ,WA,98208-2610,Proprietary  ,25,79,104,351,1290,1641
02300104,EVEREST COLLEGE - TACOMA                ,WA,98402-3004,Proprietary  ,27,160,187,448,2094,2542
02326500,INTERFACE COLLEGE                       ,WA,99201-4326,Proprietary  ,0,11,11,33,333,366
02331400,NORTHWEST HAIR ACADEMY                  ,WA,98273-0000,Proprietary  ,8,19,27,127,214,341
02331402,NORTHWEST HAIR ACADEMY - EVERETT        ,WA,98204-0000,Proprietary  ,1,5,6,34,64,98
02504900,ACADEMY OF HAIR DESIGN (THE)            ,WA,98801-0000,Proprietary  ,0,0,0,59,105,164
02541900,BJ'S BEAUTY AND BARBER COLLEGE          ,WA,98409-0000,Proprietary  ,2,10,12,58,269,327
02602100,NORTHWEST COLLEGE OF ART                ,WA,98370-8625,Proprietary  ,3,1,4,207,59,266
02606200,EVEREST COLLEGE                         ,WA,98055-2990,Proprietary  ,19,95,114,318,1313,1631
02617500,EVEREST COLLEGE                         ,WA,98133-9018,Proprietary  ,3,41,44,193,716,909
02617501,EVEREST COLLEGE - FIFE                  ,WA,98424-2649,Proprietary  ,0,1,1,59,217,276
02617503,EVEREST COLLEGE - VANCOUVER             ,WA,98684-6951,Proprietary  ,2,16,18,140,451,591
03031406,INTERNATIONAL ACADEMY OF DESIGN & TECH  ,WA,98188-3319,Proprietary  ,1,3,4,186,312,498
03065000,CLARE'S BEAUTY COLLEGE                  ,WA,99301-0000,Proprietary  ,5,9,14,71,185,256
03071800,ITT TECHNICAL INSTITUTE                 ,WA,99216-1589,Proprietary  ,40,150,190,749,2908,3657
03071805,ITT TECHNICAL INSTITUTE - SEATTLE       ,WA,98168-3346,Proprietary  ,12,49,61,689,2633,3322
03099000,CORTIVA INSTITUTE - SEATTLE             ,WA,98109-5474,Proprietary  ,13,43,56,149,485,634
03110800,BAKKE GRADUATE UNIVERSITY               ,WA,98104-1222,Private      ,0,6,6,3,59,62
03139500,MONTESSORI SCHOOLS OF WASHINGTON        ,WA,98203-6600,Private      ,0,0,0,3,18,21
03280300,SEATTLE INST OF ORIENTAL MEDICINE       ,WA,98115-0000,Proprietary  ,0,1,1,27,97,124
03283300,NORTHWEST HVAC/R ASSOCIATION & TRAINING ,WA,99202-2125,Private      ,0,3,3,22,107,129
03466400,MARS HILL GRADUATE SCHOOL               ,WA,98121-0000,Private      ,0,1,1,0,311,311
03483500,CASCADIA COMMUNITY COLLEGE              ,WA,98011-9510,Public       ,4,25,29,1105,1712,2817
03490400,EMIL FRIES PIANO HOSPITAL & TRAININ     ,WA,98661-4323,Private      ,0,0,0,5,24,29
03670301,TONI&GUY HAIRDRESSING ACADEMY -         ,WA,98225-4526,Proprietary  ,0,0,0,0,1,1
03689400,FAITH EVANGELICAL COLLEGE & SEMINARY    ,WA,98407-2607,Private      ,0,7,7,23,290,313
03724300,DIGIPEN INSTITUTE OF TECHNOLOGY         ,WA,98052-5170,Proprietary  ,2,2,4,756,409,1165
03917300,EVERGREEN BEAUTY AND BARBER COLLEGE     ,WA,98208-3759,Proprietary  ,17,15,32,139,351,490
03932500,TOTAL COSMETOLOGY TRAINING CENTER       ,WA,99217-6231,Proprietary  ,1,14,15,70,280,350
03953300,YAKIMA BEAUTY SCHOOL                    ,WA,98901-2202,Proprietary  ,1,4,5,45,98,143
04043400,ALPINE COLLEGE                          ,WA,99206-5097,Proprietary  ,1,17,18,87,469,556
04120000,SUNNYSIDE BEAUTY ACADEMY                ,WA,98944-8711,Proprietary  ,1,2,3,18,60,78
04127200,VICTORIA'S ACADEMY OF COSMETOLOGY       ,WA,99336-3826,Proprietary  ,4,9,13,78,200,278
04130500,PACIFIC NORTHWEST UNIV OF HEALTH SCIENCE,WA,98901-1471,Private      ,0,0,0,30,364,394
04130800,CASCADE BEAUTY COLLEGE                  ,WA,98002-5504,Proprietary  ,2,4,6,31,79,110
04132800,INLAND MASSAGE INSTITUTE                ,WA,99218-5016,Proprietary  ,0,1,1,44,159,203
04135200,NORTHWEST AVIATION COLLEGE              ,WA,98002-1609,Proprietary  ,0,1,1,8,28,36
04149400,GARY MANUEL AVEDA INSTITUTE             ,WA,98122-3807,Proprietary  ,4,21,25,204,442,646
04149600,GP INSTITUTE OF COSMETOLOGY             ,WA,98118-2353,Proprietary  ,1,7,8,3,24,27
04155000,NORTHWEST SCHOOL OF WOODEN BOAT BUILDING,WA,98339-8706,Private      ,0,0,0,8,71,79
04161200,BAINBRIDGE GRADUATE INSTITUTE           ,WA,98110-2870,Private      ,0,3,3,0,164,164
04170100,SALON PROFESSIONAL ACADEMY (THE)        ,WA,98409-7360,Proprietary  ,3,2,5,61,149,210
04172900,ACADEMY OF COSMETOLOGY                  ,WA,99354-2651,Proprietary  ,1,4,5,7,33,40
04188900,NORTHWEST INSTITUTE OF LITERARY ARTS    ,WA,98249-0000,Private      ,0,3,3,0,3,3
04191900,PAUL MITCHELL THE SCHOOL SPOKANE        ,WA,99037-5041,Proprietary  ,9,12,21,9,12,21
00340100,BROWN UNIVERSITY                        ,RI,02912-9127,Private      ,4,5,9,20036,781,20817
00340101,BROWN UNIVERSITY - GRADUATE SCHOOL      ,RI,02912-1827,Private      ,0,7,7,92,1705,1797
00340102,BROWN MEDICAL SCHOOL                    ,RI,02912-0000,Private      ,0,0,0,27,476,503
00340200,BRYANT UNIVERSITY                       ,RI,02917-1284,Private      ,3,6,9,5049,552,5601
00340400,JOHNSON & WALES UNIVERSITY              ,RI,02903-3703,Private      ,51,55,106,20240,5350,25590
00340600,PROVIDENCE COLLEGE                      ,RI,02918-0001,Private      ,2,5,7,7677,891,8568
00340700,RHODE ISLAND COLLEGE                    ,RI,02908-1991,Public       ,6,28,34,7765,4384,12149
00340800,COMMUNITY COLLEGE OF RI - WARWICK       ,RI,02906-0000,Public       ,26,93,119,6264,8431,14695
00340801,COMMUNITY COLLEGE OF RI - LINCOLN       ,RI,02865-4585,Public       ,5,30,35,2068,2655,4723
00340802,COMMUNITY COLLEGE OF RI- PROVIDENCE     ,RI,02905-2313,Public       ,4,28,32,1698,2535,4233
00340900,RHODE ISLAND SCHOOL OF DESIGN           ,RI,02903-2784,Private      ,4,6,10,2814,1554,4368
00341000,ROGER WILLIAMS UNIVERSITY               ,RI,02809-2921,Private      ,2,12,14,8085,1838,9923
00341100,SALVE REGINA UNIVERSITY                 ,RI,02840-4192,Private      ,0,1,1,4399,529,4928
00341400,UNIVERSITY OF RHODE ISLAND              ,RI,02881-0000,Public       ,25,37,62,21687,4655,26342
00659100,ST. JOSEPH HOSP SCH OF NURSING          ,RI,02904-5199,Private      ,0,0,0,61,197,258
00784500,NEW ENGLAND INSTITUTE OF TECHNOLOGY     ,RI,02886-2266,Private      ,9,16,25,2910,3092,6002
01115900,"SAWYER SCHOOL,THE                       ",RI,02860-4117,Proprietary  ,20,96,116,396,1869,2265
01164702,SBI CAMPUS - AN AFFILIATE OF SANFORD-BRO,RI,02920-7807,Proprietary  ,21,92,113,196,812,1008
02071900,ARTHUR ANGELO SCH COSMET&HAIR DSGN      ,RI,02903-0000,Proprietary  ,7,14,21,125,268,393
02176900,WARWICK ACADEMY OF BEAUTY CULTURE       ,RI,02886-1534,Proprietary  ,3,11,14,94,189,283
02584400,NEW ENGLAND TRACTOR TRAILER TRAINING SCH,RI,02860-1752,Proprietary  ,24,178,202,114,983,1097
03080000,NEWPORT SCHOOL OF HAIRDRESSING          ,RI,02860-4038,Proprietary  ,0,5,5,20,110,130
03232300,LINCOLN TECHNICAL INSTITUTE             ,RI,02865-4211,Proprietary  ,45,116,161,694,1727,2421
03732300,INTERNATIONAL YACHT RESTORATION SCH     ,RI,02840-6720,Private      ,0,0,0,23,38,61
04141200,TONI & GUY HAIRDRESSING ACADEMY         ,RI,02920-0000,Proprietary  ,3,4,7,127,112,239
00341700,ALLEN UNIVERSITY                        ,SC,29204-1085,Private      ,9,11,20,1413,611,2024
00341800,ANDERSON UNIVERSITY                     ,SC,29621-4035,Private      ,3,24,27,2367,1216,3583
00341900,CHARLESTON SOUTHERN UNIVERSITY          ,SC,29406-2160,Private      ,52,49,101,4231,2497,6728
00342000,BENEDICT COLLEGE                        ,SC,29204-1086,Private      ,26,19,45,4534,1629,6163
00342100,BOB JONES UNIVERSITY                    ,SC,29614-1000,Proprietary  ,11,7,18,3060,505,3565
00342200,SOUTHERN WESLEYAN UNIVERSITY            ,SC,29630-1020,Private      ,2,59,61,1015,2061,3076
00342300,THE CITADEL                             ,SC,29409-0002,Public       ,14,47,61,2699,1315,4014
00342400,CLAFLIN UNIVERSITY                      ,SC,29115-4498,Private      ,49,15,64,2879,1127,4006
00342500,CLEMSON UNIVERSITY                      ,SC,29634-0001,Public       ,56,72,128,17536,4233,21769
00342600,UNIV OF SC AT SUMTER                    ,SC,29150-2498,Public       ,5,17,22,836,777,1613
00342700,COKER COLLEGE                           ,SC,29550-3797,Private      ,7,14,21,1108,975,2083
00342800,COLLEGE OF CHARLESTON                   ,SC,29424-0100,Public       ,30,38,68,10831,3197,14028
00342900,COLUMBIA INTERNATIONAL UNIVERSITY       ,SC,29203-1599,Private      ,1,14,15,624,837,1461
00343000,COLUMBIA COLLEGE                        ,SC,29203-5998,Private      ,5,41,46,1498,1497,2995
00343100,CONVERSE COLLEGE                        ,SC,29302-0006,Private      ,4,7,11,889,884,1773
00343200,ERSKINE COLLEGE                         ,SC,29639-0000,Private      ,3,2,5,723,69,792
00343201,ERSKINE THEOLOGICAL SEMINARY            ,SC,29639-0000,Private      ,0,2,2,5,149,154
00343400,FURMAN UNIVERSITY                       ,SC,29613-5253,Private      ,8,11,19,3528,557,4085
00343500,LANDER UNIVERSITY                       ,SC,29649-2099,Public       ,18,15,33,4033,1039,5072
00343600,LIMESTONE COLLEGE                       ,SC,29340-3799,Private      ,7,51,58,1449,3394,4843
00343700,LUTHERAN THEOLOGICAL SOUTHERN SEM       ,SC,29203-5898,Private      ,0,0,0,5,148,153
00343800,MEDICAL UNIV OF SOUTH CAROLINA - FA     ,SC,29425-1760,Public       ,1,22,23,285,3227,3512
00343900,MORRIS COLLEGE                          ,SC,29150-3599,Private      ,12,23,35,1595,644,2239
00344000,NEWBERRY COLLEGE                        ,SC,29108-2197,Private      ,7,3,10,1873,367,2240
00344100,NORTH GREENVILLE COLLEGE                ,SC,29688-1892,Private      ,15,5,20,2443,483,2926
00344500,PRESBYTERIAN COLLEGE                    ,SC,29325-2503,Private      ,2,1,3,1559,260,1819
00344600,SOUTH CAROLINA STATE UNIVERSITY         ,SC,29117-4427,Public       ,172,49,221,6870,3106,9976
00344700,SPARTANBURG METHODIST COLLEGE           ,SC,29301-5899,Private      ,7,2,9,1359,245,1604
00344800,UNIVERSITY OF SOUTH CAROLINA            ,SC,29208-3999,Public       ,89,201,290,23250,13019,36269
00344900,UNIVERSITY OF SOUTH CAROLINA AIKEN      ,SC,29801-6399,Public       ,12,17,29,3444,1508,4952
00345000,UNIV OF SC AT BEAUFORT                  ,SC,29902-4602,Public       ,15,27,42,1558,1232,2790
00345100,COASTAL CAROLINA UNIVERSITY             ,SC,29528-0000,Public       ,43,67,110,12070,2910,14980
00345300,UNIV OF SC AT LANCASTER                 ,SC,29721-0889,Public       ,11,14,25,956,830,1786
00345400,UNIV OF SC SYSTEM SALKEHATCHIE          ,SC,29810-0617,Public       ,9,25,34,659,874,1533
00345500,VOORHEES COLLEGE                        ,SC,29042-0000,Private      ,8,7,15,1161,468,1629
00345600,WINTHROP UNIVERSITY                     ,SC,29733-0001,Public       ,19,44,63,6182,2565,8747
00345700,WOFFORD COLLEGE                         ,SC,29303-3663,Private      ,4,4,8,2144,213,2357
00399000,FLORENCE-DARLINGTON TECH COLLEGE        ,SC,29501-0548,Public       ,58,175,233,3393,6881,10274
00399100,GREENVILLE TECHNICAL COLLEGE            ,SC,29607-2439,Public       ,92,427,519,8426,15362,23788
00399200,PIEDMONT TECHNICAL COLLEGE              ,SC,29648-1467,Public       ,64,291,355,2554,6317,8871
00399300,MIDLANDS TECHNICAL COLLEGE              ,SC,29202-0000,Public       ,95,327,422,7593,13511,21104
00399400,SPARTANBURG COMMUNITY COLLEGE           ,SC,29305-4386,Public       ,46,149,195,3608,6383,9991
00399500,CENTRAL CAROLINA TECHNICAL COLLEGE      ,SC,29150-2499,Public       ,33,159,192,1806,5113,6919
00399600,YORK TECHNICAL COLLEGE                  ,SC,29730-3395,Public       ,51,210,261,3099,6946,10045
00492000,TRIDENT TECHNICAL COLLEGE               ,SC,29423-8067,Public       ,162,591,753,7500,15651,23151
00492300,CLINTON JR COLLEGE                      ,SC,29730-5152,Private      ,2,3,5,166,123,289
00492400,FORREST JUNIOR COLLEGE                  ,SC,29624-2405,Proprietary  ,3,35,38,45,320,365
00492500,HORRY-GEORGETOWN TECH COLLEGE           ,SC,29526-9521,Public       ,56,200,256,4065,8469,12534
00492600,TRI-COUNTY TECHNICAL COLLEGE            ,SC,29670-9133,Public       ,21,138,159,4324,5542,9866
00492700,UNIV OF SC AT UNION                     ,SC,29379-0729,Public       ,1,3,4,298,341,639
00499204,MILLER-MOTTE TECHNICAL COLLEGE - CONWAY ,SC,29526-9508,Proprietary  ,12,66,78,130,742,872
00536300,DENMARK TECHNICAL COLLEGE               ,SC,29042-0000,Public       ,23,47,70,972,1357,2329
00681500,ORANGEBURG-CALHOUN TECHNICAL COLG       ,SC,29118-8299,Public       ,87,95,182,1711,3015,4726
00695100,UNIVERSITY OF SOUTH CAROLINA UPSTATE    ,SC,29303-9972,Public       ,26,50,76,5998,3310,9308
00760200,NORTHEASTERN TECHNICAL COLLEGE          ,SC,29520-7015,Public       ,11,41,52,655,1476,2131
00922600,FRANCIS MARION UNIVERSITY               ,SC,29501-0000,Public       ,18,37,55,4902,2225,7127
00932200,WILLIAMSBURG TECHNICAL COLLEGE          ,SC,29556-4197,Public       ,19,53,72,402,976,1378
00991000,TECHNICAL COLLEGE OF THE LOWCOUNTRY     ,SC,29902-5441,Public       ,24,103,127,1144,3636,4780
00991100,UNIV OF SC-REGIONAL CAMPUSES ADMIN      ,SC,29208-0001,Public       ,1,2,3,117,136,253
01005600,AIKEN TECHNICAL COLLEGE                 ,SC,29802-0696,Public       ,20,72,92,2096,4232,6328
01031906,MEDIX SCHOOL - FORTIS COLLEGE           ,SC,29210-0000,Proprietary  ,0,0,0,12,44,56
01209200,KENNETH SHULER SCHOOL OF COSMETOLOGY    ,SC,29732-2169,Proprietary  ,3,17,20,132,300,432
01303907,SOUTH UNIVERSITY                        ,SC,29203-6400,Proprietary  ,18,135,153,606,3425,4031
02063700,SHERMAN CLG STRAIGHT CHIROPRACTIC       ,SC,29316-0000,Private      ,0,3,3,18,252,270
02189800,NO AMER INST OF AVIATION OF SO CAR      ,SC,29527-0000,Proprietary  ,0,0,0,8,24,32
02338600,CHARZANNE BEAUTY COLLEGE                ,SC,29649-0000,Proprietary  ,1,8,9,21,102,123
02341100,KENNETH SHULER SCHOOL OF COSMETOLOGY & N,SC,29210-0000,Proprietary  ,9,42,51,205,784,989
02356600,CHARLESTON COSMETOLOGY INSTITUTE        ,SC,29420-0000,Proprietary  ,4,15,19,89,195,284
02552400,ACADEMY OF HAIR TECHNOLOGY              ,SC,29615-2363,Proprietary  ,0,3,3,79,182,261
02567600,SUMTER BEAUTY COLLEGE                   ,SC,29150-0000,Proprietary  ,1,8,9,34,117,151
02614202,MILLER - MOTTE TECHNICAL COLLEGE - NORTH,SC,29406-9239,Proprietary  ,6,63,69,328,1368,1696
03010614,VIRGINIA COLLEGE - GOLF ACADEMY OF AMERI,SC,29579-0000,Proprietary  ,1,8,9,222,396,618
03010617,VIRGINIA COLLEGE - GREENVILLE           ,SC,29607-7200,Proprietary  ,11,80,91,354,1730,2084
03010620,VIRGINIA COLLEGE - CHARLESTON           ,SC,29406-4999,Proprietary  ,23,87,110,280,1369,1649
03010621,VIRGINIA COLLEGE - COLUMBIA             ,SC,29223-7527,Proprietary  ,19,85,104,201,1137,1338
03052300,KENNETH SHULER SCH COSM & HAIR DESG     ,SC,29841-2013,Proprietary  ,6,23,29,102,393,495
03088300,ACADEMY OF COSMETOLOGY                  ,SC,29418-5667,Proprietary  ,5,12,17,63,213,276
03293300,STRAND COLLEGE OF HAIR DESIGN           ,SC,29572-4310,Proprietary  ,2,5,7,49,158,207
03304300,CENTURA COLLEGE                         ,SC,29406-9235,Proprietary  ,24,140,164,210,1505,1715
03513300,LACY COSMETOLOGY SCHOOL                 ,SC,29803-9084,Proprietary  ,2,6,8,29,85,114
03513301,LACY COSMETOLOGY SCHOOL -               ,SC,29072-0000,Proprietary  ,1,2,3,14,69,83
03513302,LACY COSMETOLOGY SCHOOL -               ,SC,29445-0000,Proprietary  ,2,6,8,25,85,110
03595300,CHARLESTON SCHOOL OF MASSAGE            ,SC,29412-8270,Proprietary  ,1,6,7,25,78,103
03709301,EDWARD VIA VIRGINIA COLLEGE OF OSTEOPATH,SC,29303-3639,Private      ,1,10,11,4,26,30
03746300,LEGRAND INSTITUTE OF COSMETOLOGY        ,SC,29020-0000,Proprietary  ,0,2,2,28,75,103
03746400,SOUTHEASTERN INSTITUTE                  ,SC,29210-0000,Proprietary  ,5,28,33,86,470,556
03768400,STYLETRENDS BARBER AND HAIRSTYLING ACADE,SC,29730-4511,Proprietary  ,1,2,3,28,100,128
03856400,W. L. BONNER COLLEGE                    ,SC,29203-0000,Private      ,0,1,1,5,72,77
03892300,HARLEY'S BEAUTY & BARBER CAREER INST.   ,SC,29204-1919,Proprietary  ,2,8,10,38,123,161
04083300,MARION COUNTY TECHNICAL EDUCATION CENTER,SC,29571-0000,Public       ,0,3,3,14,138,152
04096300,CHARLESTON SCHOOL OF LAW                ,SC,29402-0535,Proprietary  ,1,5,6,24,1364,1388
04158100,AIKEN SCHOOL OF COSMETOLOGY             ,SC,29801-4026,Proprietary  ,2,5,7,38,93,131
04166900,COSMETIC ARTS INSTITUTE                 ,SC,29488-2753,Proprietary  ,2,8,10,4,14,18
04172600,SALON 496 BARBER ACADEMY                ,SC,29607-2548,Proprietary  ,0,12,12,10,67,77
00345800,AUGUSTANA COLLEGE                       ,SD,57197-0001,Private      ,1,13,14,1872,284,2156
00345900,BLACK HILLS STATE UNIVERSITY            ,SD,57799-9670,Public       ,3,26,29,2475,2043,4518
00346100,DAKOTA WESLEYAN UNIVERSITY              ,SD,57301-4398,Private      ,1,2,3,648,314,962
00346300,DAKOTA STATE UNIVERSITY                 ,SD,57042-1799,Public       ,2,9,11,1292,850,2142
00346500,MOUNT MARTY COLLEGE                     ,SD,57078-3724,Private      ,1,4,5,558,539,1097
00346600,NORTHERN STATE UNIVERSITY               ,SD,57401-7198,Public       ,4,9,13,1607,815,2422
00346700,PRESENTATION COLLEGE                    ,SD,57401-1299,Private      ,0,6,6,349,503,852
00346900,UNIVERSITY OF SIOUX FALLS               ,SD,57105-1699,Private      ,1,13,14,1319,662,1981
00347000,SOUTH DAKOTA SCH OF MINES & TECH        ,SD,57701-3995,Public       ,1,5,6,1484,726,2210
00347100,SOUTH DAKOTA STATE UNIVERSITY           ,SD,57007-2298,Public       ,4,41,45,8430,3377,11807
00347400,UNIVERSITY OF SOUTH DAKOTA              ,SD,57069-2390,Public       ,5,63,68,4941,4894,9835
00405600,SIOUX FALLS SEMINARY                    ,SD,57105-2729,Private      ,0,1,1,3,89,92
00405700,NATIONAL AMERICAN UNIVERSITY            ,SD,57701-3692,Proprietary  ,28,380,408,1027,11956,12983
00405707,NATIONAL AMERICAN UNIVERSITY            ,SD,57105-0000,Proprietary  ,2,11,13,80,536,616
00492900,MCKENNAN HOSP-RADOLOGICAL TECH          ,SD,57101-0000,Private      ,0,1,1,23,30,53
00530900,LAKE AREA TECHNICAL INSTITUTE           ,SD,57201-2869,Public       ,1,5,6,960,657,1617
00598700,AVERA SACRED HEART HOSPITAL SCHOOL OF RA,SD,57078-3899,Private      ,0,0,0,6,17,23
00776400,SOUTHEAST TECHNICAL INST                ,SD,57107-0000,Public       ,13,42,55,1549,1761,3310
00828400,MITCHELL TECHNICAL INSTITUTE            ,SD,57301-2002,Public       ,2,1,3,721,482,1203
01013800,STEWART SCHOOL                          ,SD,57104-0000,Proprietary  ,0,5,5,106,122,228
01014804,COLORADO TECHNICAL UNIVERSITY           ,SD,57108-2272,Proprietary  ,0,8,8,321,1505,1826
01017000,WESTERN DAKOTA TECHNICAL INSTITUTE      ,SD,57701-4018,Public       ,11,36,47,607,1273,1880
01147701,SIOUX VALLEY HOSP-MEDICAL TECH          ,SD,57117-5039,Private      ,0,1,1,16,34,50
01465900,OGLALA LAKOTA COLLEGE                   ,SD,57752-0490,Public       ,3,23,26,369,1765,2134
02137100,BLACK HILLS BEAUTY COLLEGE              ,SD,57701-0000,Proprietary  ,6,8,14,91,129,220
02143700,SINTE GLESKA UNIVERSITY                 ,SD,57570-0000,Public       ,4,20,24,151,784,935
02144600,KILIAN COMMUNITY COLLEGE                ,SD,57103-7020,Private      ,0,11,11,118,548,666
02277300,SISSETON WAHPETON COLLEGE               ,SD,57262-0000,Public       ,1,5,6,51,261,312
02297800,HEADLINES ACADEMY                       ,SD,57701-0000,Proprietary  ,1,8,9,54,156,210
00347700,AQUINAS COLLEGE                         ,TN,37205-2086,Private      ,2,18,20,281,998,1279
00347701,AQUINAS COLLEGE -  PRIMETIME PROGRAM    ,TN,37214-3644,Private      ,0,1,1,11,169,180
00347800,AUSTIN PEAY STATE UNIVERSITY            ,TN,37044-0002,Public       ,26,200,226,8006,8885,16891
00347900,BELMONT UNIVERSITY                      ,TN,37212-3757,Private      ,6,36,42,6302,3832,10134
00348000,BETHEL UNIVERSITY                       ,TN,38201-1705,Private      ,11,339,350,1707,4863,6570
00348100,CARSON-NEWMAN COLLEGE                   ,TN,37760-2204,Private      ,5,12,17,3270,846,4116
00348200,CHRISTIAN BROTHERS UNIVERSITY           ,TN,38104-5581,Private      ,13,36,49,2302,1872,4174
00348300,COLUMBIA STATE COMMUNITY COLLEGE        ,TN,38401-5653,Public       ,27,101,128,3277,4343,7620
00348500,CUMBERLAND UNIVERSITY                   ,TN,37087-3554,Private      ,5,19,24,1596,1309,2905
00348600,LIPSCOMB UNIVERSITY                     ,TN,37204-3951,Private      ,11,46,57,3384,2244,5628
00348700,EAST TENNESSEE STATE UNIV - MAIN CAMPUS ,TN,37614-2857,Public       ,36,135,171,11775,8615,20390
00348701,EAST TENNESSEE STATE UNIV - MEDICINE    ,TN,37614-1708,Public       ,2,6,8,318,623,941
00348709,EAST TENNESSEE STATE UNIV - PHARMACY    ,TN,37614-1704,Public       ,1,3,4,137,485,622
00349000,FISK UNIVERSITY                         ,TN,37208-3045,Private      ,7,8,15,1344,627,1971
00349200,FREED-HARDEMAN UNIVERSITY               ,TN,38340-2399,Private      ,5,14,19,1869,1004,2873
00349400,HIWASSEE COLLEGE                        ,TN,37354-4001,Private      ,7,9,16,46,40,86
00349500,JOHNSON BIBLE COLLEGE                   ,TN,37998-9775,Private      ,0,6,6,658,425,1083
00349600,KING COLLEGE                            ,TN,37620-2699,Private      ,2,19,21,1332,1502,2834
00349800,LAMBUTH UNIVERSITY                      ,TN,38301-5296,Private      ,0,2,2,982,434,1416
00349900,LANE COLLEGE                            ,TN,38301-4598,Private      ,12,14,26,3473,1363,4836
00350000,LEE UNIVERSITY                          ,TN,37320-0000,Private      ,7,24,31,3853,1570,5423
00350100,LEMOYNE-OWEN COLLEGE                    ,TN,38126-6510,Private      ,12,32,44,1432,2167,3599
00350200,LINCOLN MEMORIAL UNIVERSITY             ,TN,37752-7920,Private      ,4,308,312,2017,4677,6694
00350400,MARTIN METHODIST COLLEGE                ,TN,38478-2799,Private      ,3,7,10,909,612,1521
00350500,MARYVILLE COLLEGE                       ,TN,37804-5907,Private      ,0,9,9,1868,342,2210
00350600,MEHARRY MEDICAL COLLEGE                 ,TN,37208-0000,Private      ,0,6,6,79,1444,1523
00350700,MEMPHIS COLLEGE OF ART                  ,TN,38104-2764,Private      ,5,3,8,742,364,1106
00350900,UNIVERSITY OF MEMPHIS (THE)             ,TN,38152-4611,Public       ,86,261,347,17240,19262,36502
00351000,MIDDLE TENNESSEE STATE UNIV             ,TN,37130-0000,Public       ,58,246,304,24111,14780,38891
00351100,MILLIGAN COLLEGE                        ,TN,37682-4001,Private      ,2,6,8,1177,650,1827
00351700,SOUTHERN COLLEGE OF OPTOMETRY           ,TN,38104-2222,Private      ,1,4,5,38,600,638
00351800,SOUTHERN ADVENTIST UNIVERSITY           ,TN,37315-0370,Private      ,16,12,28,2563,926,3489
00351900,RHODES COLLEGE                          ,TN,38112-1690,Private      ,4,11,15,3009,538,3547
00352200,TENNESSEE STATE UNIVERSITY              ,TN,37209-1561,Public       ,43,170,213,11800,10219,22019
00352300,TENNESSEE TECHNOLOGICAL UNIV            ,TN,38505-0001,Public       ,21,86,107,10212,4483,14695
00352400,TENNESSEE TEMPLE UNIVERSITY             ,TN,37404-3587,Private      ,6,54,60,445,1080,1525
00352500,TENNESSEE WESLEYAN COLLEGE              ,TN,37371-0040,Private      ,5,9,14,1246,608,1854
00352600,TREVECCA NAZARENE UNIVERSITY            ,TN,37210-2877,Private      ,3,29,32,1497,2461,3958
00352700,TUSCULUM COLLEGE                        ,TN,37743-0001,Private      ,6,29,35,2414,2088,4502
00352800,UNION UNIVERSITY                        ,TN,38305-3697,Private      ,4,83,87,2998,3099,6097
00352900,UNIVERSITY OF TENNESSEE-CHATTANOOGA     ,TN,37403-2598,Public       ,38,77,115,13116,5602,18718
00353000,UNIVERSITY OF TENNESSEE-KNOXVILLE       ,TN,37996-0150,Public       ,119,128,247,26674,11487,38161
00353006,UNIVERSITY OF TENNESSEE-HEALTH SCI CTR  ,TN,38103-0000,Public       ,3,54,57,460,3569,4029
00353100,UNIVERSITY OF TENNESSEE-MARTIN          ,TN,38238-0002,Public       ,22,74,96,7891,4129,12020
00353400,UNIVERSITY OF THE SOUTH                 ,TN,37383-1000,Private      ,1,13,14,1904,140,2044
00353500,VANDERBILT UNIVERSITY                   ,TN,37240-0001,Private      ,15,48,63,14682,7222,21904
00353501,VANDERBILT UNIV MED CTR ALLIEDHEAL      ,TN,37232-5510,Private      ,0,4,4,86,348,434
00353502,VANDERBILT UNIV - SCH OF MED            ,TN,37232-0000,Private      ,0,2,2,184,1084,1268
00353600,BRYAN COLLEGE                           ,TN,37321-7000,Private      ,0,18,18,1214,730,1944
00399800,CHATTANOOGA STATE COMMUNITY COLLEGE     ,TN,37406-1097,Public       ,130,307,437,5905,11038,16943
00399900,CLEVELAND STATE COMMUNITY COLLEGE       ,TN,37312-2858,Public       ,26,82,108,1945,3333,5278
00402500,TN TECHNOLOGY CTR AT KNOXVILLE          ,TN,37919-2327,Public       ,8,54,62,660,1872,2532
00402600,TENNESSEE TECH. CNTR AT CROSSVILLE      ,TN,38555-4142,Public       ,0,5,5,388,604,992
00461700,NATIONAL COLLEGE OF BUSINESS & TECH     ,TN,37211-6605,Proprietary  ,11,124,135,526,3239,3765
00493400,DAYMAR INSTITUTE                        ,TN,37217-1056,Proprietary  ,53,258,311,657,3762,4419
00493401,DAYMAR INSTITUTE - CLARKSVILLE          ,TN,37040-6718,Proprietary  ,0,0,0,38,192,230
00493404,DAYMAR INSTITUTE - MURFREESBORO         ,TN,37128-5508,Proprietary  ,0,0,0,0,6,6
00493700,JACKSON STATE COMMUNITY COLLEGE         ,TN,38301-3797,Public       ,29,76,105,3356,5396,8752
00493800,SOUTH COLLEGE                           ,TN,37909-3323,Proprietary  ,14,118,132,523,2570,3093
00494700,WEST TENNESSEE BUSINESS COLLEGE         ,TN,38301-3256,Proprietary  ,2,13,15,152,775,927
00528000,TN TECHNOLOGY CTR AT COVINGTON          ,TN,38019-0249,Public       ,2,6,8,155,498,653
00528100,TN TECHNOLOGY CTR AT ELIZABETHTON       ,TN,37643-0789,Public       ,21,41,62,358,1196,1554
00528200,TN TECHNOLOGY CTR AT HARTSVILLE         ,TN,37074-0000,Public       ,1,8,9,229,538,767
00528300,TN TECHNOLOGY CTR AT NEWBERN            ,TN,38059-1198,Public       ,6,21,27,180,589,769
00530700,TN TECHNOLOGY CTR AT MCMINNVILLE        ,TN,37110-1322,Public       ,3,10,13,199,620,819
00535100,TENNESSEE TECHNOLOGY CENTER AT MORRISTOW,TN,37813-2094,Public       ,3,16,19,497,1315,1812
00535200,TN TECHNOLOGY CENTER AT MCKENZIE        ,TN,38201-1620,Public       ,1,4,5,172,453,625
00535300,TN TECHNOLOGY CENTER AT LIVINGSTON      ,TN,38570-0219,Public       ,11,20,31,306,527,833
00535400,TN TECHNOLOGY CTR AT JACKSON            ,TN,38301-0000,Public       ,5,17,22,428,1473,1901
00535600,TENNESSEE TECHNOLOGY CENTER AT HOHENWALD,TN,38462-0000,Public       ,17,20,37,315,738,1053
00535700,TENNESSEE TECHNOLOGY CENTER AT CRUMP    ,TN,38327-3402,Public       ,5,14,19,262,653,915
00535800,TN TECHNOLOGY CENTER AT ATHENS          ,TN,37371-0848,Public       ,1,5,6,266,598,864
00535900,TENNESSEE TECHNOLOGY CENTER AT NASHVILLE,TN,37209-0000,Public       ,10,52,62,624,2344,2968
00536000,TENNESSEE TECHNOLOGY CENTER AT MEMPHIS  ,TN,38105-3604,Public       ,16,61,77,956,2642,3598
00537800,NORTHEAST STATE COMMUNITY COLLEGE       ,TN,37617-0246,Public       ,26,127,153,3605,6086,9691
00537900,TN TECHNOLOGY CTR AT SHELBYVILLE        ,TN,37160-3697,Public       ,4,11,15,345,1035,1380
00683500,DYERSBURG STATE COMMUNITY COLLEGE       ,TN,38024-0000,Public       ,14,61,75,1995,3832,5827
00683600,MOTLOW STATE COMMUNITY COLLEGE          ,TN,37388-7972,Public       ,22,96,118,3359,4057,7416
00732941,ITT TECHNICAL INSTITUTE                 ,TN,37932-3343,Proprietary  ,57,175,232,1562,4658,6220
00732958,ITT TECHNICAL INSTITUTE                 ,TN,37214-3717,Proprietary  ,31,91,122,1371,3722,5093
00743900,FOUNTAINHEAD COLLEGE OF TECHNOLOGY      ,TN,37918-2583,Proprietary  ,1,10,11,173,636,809
00744000,NASHVILLE AUTO DIESEL COLLEGE           ,TN,37206-3298,Proprietary  ,166,80,246,3304,1593,4897
00778200,TENNESSEE TECHNOLOGY CENTER AT DICKSON  ,TN,37055-0000,Public       ,2,29,31,374,1039,1413
00778300,MIDDLE TENNESSEE SCH OF ANESTHESIA      ,TN,37116-0000,Private      ,1,0,1,46,197,243
00814500,NASHVILLE STATE TECH CMNTY COLLEGE      ,TN,37209-0000,Public       ,53,239,292,4079,10201,14280
00865500,GENESIS CAREER COLLEGE OF COOKEVILLE    ,TN,38501-1959,Proprietary  ,19,78,97,163,562,725
00885900,JOHN A GUPTON COLLEGE                   ,TN,37203-2934,Private      ,0,5,5,113,213,326
00886300,WALTERS STATE COMMUNITY COLLEGE         ,TN,37813-6899,Public       ,20,89,109,4549,5864,10413
00946400,TN TECHNOLOGY CTR AT PULASKI            ,TN,38478-4541,Public       ,6,6,12,171,634,805
00956700,TENNESSEE SCHOOL OF BEAUTY              ,TN,37921-3303,Proprietary  ,2,23,25,272,609,881
00971000,TENNESSEE TECHNOLOGY CENTER AT ONEIDA/HU,TN,37756-4149,Public       ,0,2,2,137,471,608
00991200,VOLUNTEER STATE COMMUNITY COLLEGE       ,TN,37066-3188,Public       ,30,192,222,4368,6753,11121
00991400,ROANE STATE COMMUNITY COLLEGE           ,TN,37748-8664,Public       ,28,112,140,4003,5563,9566
00998200,CRICHTON COLLEGE                        ,TN,38111-4745,Proprietary  ,4,49,53,296,1688,1984
01032600,TN TECHNOLOGY CTR AT HARRIMAN           ,TN,37748-1109,Public       ,9,15,24,199,457,656
01043900,SOUTHWEST TENNESSEE COMMUNITY COLLG     ,TN,38104-3322,Public       ,164,506,670,8664,17489,26153
01044700,"PLAZA BEAUTY SCHOOL, INC.               ",TN,38117-4822,Proprietary  ,4,8,12,131,330,461
01046000,AMERICAN BAPTIST THEOLOGICAL SEMINA     ,TN,37207-4994,Private      ,1,2,3,22,178,200
01052900,MEMPHIS THEOLOGICAL SEMINARY            ,TN,38104-0000,Private      ,0,3,3,8,307,315
01070000,TN TECHNOLOGY CENTER AT JACKSBORO       ,TN,37757-2461,Public       ,2,1,3,155,333,488
01155300,WM R MOORE COLLEGE OF TECHNOLOGY        ,TN,38104-0000,Private      ,3,9,12,124,351,475
01216400,TENNESSEE TECHNICAL CNTR AT RIPLEY      ,TN,38063-7359,Public       ,0,10,10,107,443,550
01254700,EMMANUEL SCHOOL OF RELIGION             ,TN,37601-0000,Private      ,0,2,2,3,85,88
01269300,PELLISSIPPI STATE COMMUNITY COLLEGE     ,TN,37933-0990,Public       ,80,211,291,6188,7722,13910
02069303,VATTEROTT COLLEGE -                     ,TN,38016-5877,Proprietary  ,12,49,61,187,761,948
02092800,TENNESSEE TECHNOLOGY CENTER AT WHITEVILL,TN,38075-0000,Public       ,3,8,11,167,413,580
02103500,TN TECHNOLOGY CTR AT MURFREESBORO       ,TN,37129-0000,Public       ,0,18,18,359,998,1357
02106400,O'MORE COLLEGE OF DESIGN                ,TN,37064-0000,Private      ,0,2,2,213,109,322
02125300,NASHVILLE CLG OF MEDICAL CAREERS        ,TN,37115-0000,Proprietary  ,3,24,27,72,398,470
02153100,JON NAVE UNIVERSITY OF COSMETOLOGY      ,TN,37013-3347,Proprietary  ,18,18,36,273,535,808
02157100,CONCORDE CAREER COLLEGE                 ,TN,38137-0000,Proprietary  ,25,64,89,490,2312,2802
02160307,INTERNATIONAL ACADEMY OF DESIGN & TECH  ,TN,37212-0000,Proprietary  ,16,29,45,586,880,1466
02188300,PENTECOSTAL THEOLOGICAL SEMINARY        ,TN,37320-0000,Private      ,0,0,0,3,229,232
02204200,"CHATTANOOGA COLLEGE - MEDICAL, DENTAL AN",TN,37411-0000,Proprietary  ,5,36,41,221,908,1129
02237900,TN TECHNOLOGY CENTER AT PARIS           ,TN,38242-0000,Public       ,0,2,2,196,646,842
02255000,KNOXVILLE INSTITUTE OF HAIR DESIGN      ,TN,37917-0000,Proprietary  ,1,18,19,39,189,228
02257400,ARNOLD'S BEAUTY SCHOOL                  ,TN,38358-0000,Proprietary  ,2,7,9,60,95,155
02263104,ANTHEM COLLEGE - ANTHEM CAREER COLLEGE -,TN,37214-2531,Proprietary  ,1,11,12,69,247,316
02275500,REUBEN-ALLEN COLLEGE                    ,TN,37922-0000,Proprietary  ,4,7,11,67,161,228
02278700,MR WAYNES SCH OF UNISEX HAIR DESIGN     ,TN,38501-0000,Proprietary  ,3,3,6,24,72,96
02293900,VOLUNTEER BEAUTY ACADEMY-NASHVILLE      ,TN,37115-2112,Proprietary  ,0,5,5,32,120,152
02294000,VOLUNTEER BEAUTY ACADEMY-DYERSBURG      ,TN,38024-1622,Proprietary  ,3,13,16,28,136,164
02326200,KAPLAN CAREER INSTITUTE                 ,TN,37212-5318,Proprietary  ,11,75,86,393,2275,2668
02326300,MEDVANCE INSTITUTE                      ,TN,38501-4305,Proprietary  ,8,39,47,140,628,768
02335900,VOLUNTEER BEAUTY ACADEMY-NASHVILLE      ,TN,37209-3033,Proprietary  ,1,5,6,41,153,194
02539800,QUEEN CITY COLLEGE                      ,TN,37042-0000,Proprietary  ,2,22,24,66,317,383
02540000,TENNESSEE ACADEMY OF COSMETOLOGY        ,TN,38133-0000,Proprietary  ,7,23,30,111,352,463
02578200,NOSSI COLLEGE OF ART                    ,TN,37115-5138,Proprietary  ,3,7,10,320,337,657
02595000,FAYETTEVILLE BEAUTY SCHOOL              ,TN,37334-2909,Proprietary  ,2,8,10,30,105,135
02599710,VATTEROTT COLLEGE - MEMPHIS             ,TN,38132-1714,Proprietary  ,15,131,146,276,1309,1585
02605501,REMINGTON COLLEGE - MEMPHIS CAMPUS      ,TN,38132-0000,Proprietary  ,21,127,148,536,2143,2679
02609204,VATTEROTT COLLEGE - VATTEROTT CAREER COL,TN,38133-4727,Proprietary  ,10,53,63,158,846,1004
02614200,MILLER MOTTE BUSINESS COLLEGE           ,TN,37040-6023,Proprietary  ,5,42,47,322,1411,1733
02614203,MILLER - MOTTE TECHNICAL COLLEGE - CHATT,TN,37421-7220,Proprietary  ,8,39,47,322,1268,1590
02614204,MILLER - MOTTE TECHNICAL COLLEGE - MADIS,TN,37072-1870,Proprietary  ,7,65,72,198,859,1057
03001800,FREE WILL BAPTIST BIBLE COLLEGE         ,TN,37205-2498,Private      ,3,5,8,229,163,392
03008800,FRANKLIN ACADEMY                        ,TN,37312-3939,Private      ,8,7,15,51,147,198
03010606,VIRGINIA COLLEGE - SCH OF BUSNSS & HLTH ,TN,37411-5600,Proprietary  ,7,39,46,100,563,663
03024900,TENNESSEE ACADEMY OF COSMETOLOGY        ,TN,38125-3442,Proprietary  ,3,15,18,123,307,430
03061100,GENESIS CAREER COLLEGE OF LEBANON       ,TN,37087-2718,Proprietary  ,31,44,75,168,416,584
03076405,BRYMAN SCHOOL OF ARIZONA (THE) - ANTHEM ,TN,38134-7345,Proprietary  ,2,3,5,116,353,469
03079100,NORTH CENTRAL INSTITUTE                 ,TN,37042-3116,Proprietary  ,1,6,7,45,155,200
03088800,"WATKINS COLLEGE OF ART, DESIGN & FILM   ",TN,37228-1306,Private      ,3,5,8,557,378,935
03126900,STYLES & PROFILES BEAUTY COLLEGE        ,TN,38375-2109,Proprietary  ,0,2,2,15,45,60
03355400,RICHMONT GRADUATE UNIVERSITY            ,TN,37404-0000,Private      ,0,5,5,9,284,293
03440300,BAPTIST MEMORIAL COLLEGE OF HEALTH      ,TN,38104-3104,Private      ,9,25,34,846,2065,2911
03480303,MEDVANCE INSTITUTE - NASHVILLE          ,TN,37203-1536,Proprietary  ,18,88,106,231,1205,1436
03513500,WILLIAMSON CHRISTIAN COLLEGE            ,TN,37067-8237,Private      ,1,8,9,44,256,300
03647300,NEW CONCEPTS SCHOOL OF COSMETOLOGY      ,TN,37311-7373,Proprietary  ,1,11,12,23,97,120
03683300,INTERNATIONAL BARBER & STYLE COLLEGE    ,TN,37209-0000,Proprietary  ,5,13,18,76,260,336
03701300,MEMPHIS INSTITUTE OF BARBERING          ,TN,38107-4334,Proprietary  ,6,19,25,128,381,509
03774400,SHEAR ACADEMY                           ,TN,38555-4177,Proprietary  ,1,3,4,26,55,81
03830300,SAE INSTITUTE OF TECHNOLOGY             ,TN,37203-4310,Proprietary  ,1,8,9,209,381,590
03840300,OXFORD GRADUATE SCHOOL                  ,TN,37321-6736,Private      ,0,4,4,0,19,19
03841300,CAREER BEAUTY COLLEGE                   ,TN,38464-3634,Proprietary  ,2,6,8,20,74,94
03920300,INSTITUTE OF HAIR DESIGN                ,TN,38310-1801,Proprietary  ,6,7,13,35,53,88
03930300,BUCHANAN BEAUTY COLLEGE                 ,TN,37160-2741,Proprietary  ,2,12,14,20,120,140
03982300,VISIBLE SCHOOL - MUSIC AND WORSHIPS ARTS,TN,38104-5814,Private      ,0,1,1,118,80,198
04035300,NAVE COSMETOLOGY ACADEMY                ,TN,38401-6335,Proprietary  ,0,16,16,60,237,297
04124100,ELITE COLLEGE OF COSMETOLOGY            ,TN,38351-1431,Proprietary  ,2,5,7,34,87,121
04157200,LOVE BEAUTY SCHOOL                      ,TN,37355-2950,Proprietary  ,0,4,4,36,113,149
04165000,MERIDIAN INSTITUTE OF SURGICAL ASSISTING,TN,37080-0758,Proprietary  ,0,30,30,1,52,53
04174600,NASHVILLE BARBER AND STYLE ACADEMY      ,TN,37208-2826,Proprietary  ,2,10,12,2,10,12
00353700,ABILENE CHRISTIAN UNIVERSITY            ,TX,79699-3701,Private      ,23,39,62,4673,1872,6545
00353900,ALVIN COMMUNITY COLLEGE                 ,TX,77511-4807,Public       ,43,95,138,1401,3140,4541
00354000,AMARILLO COLLEGE                        ,TX,79109-2446,Public       ,51,231,282,3565,8190,11755
00354100,ANGELO STATE UNIVERSITY                 ,TX,76909-5069,Public       ,31,88,119,6875,3199,10074
00354300,AUSTIN COLLEGE                          ,TX,75090-4440,Private      ,3,3,6,2100,292,2392
00354400,AUSTIN PRESBYTERIAN THEOLOGICAL SEM     ,TX,78705-5797,Private      ,0,1,1,2,152,154
00354500,BAYLOR UNIVERSITY                       ,TX,76798-1458,Private      ,55,43,98,21232,5263,26495
00354600,COASTAL BEND COLLEGE                    ,TX,78102-2197,Public       ,38,65,103,1840,2938,4778
00354900,BLINN COLLEGE                           ,TX,77833-4098,Public       ,146,138,284,10644,5343,15987
00355300,CISCO JUNIOR COLLEGE                    ,TX,76437-9803,Public       ,4,33,37,2135,3234,5369
00355400,CLARENDON COLLEGE                       ,TX,79226-0000,Public       ,15,39,54,538,783,1321
00355600,COMMONWEALTH INST OF FUNERAL SVC        ,TX,77090-5918,Private      ,0,9,9,88,292,380
00355700,CONCORDIA UNIVERSITY TEXAS              ,TX,78726-4141,Private      ,5,83,88,1492,2897,4389
00355800,NORTH CENTRAL TEXAS COLLEGE             ,TX,76240-4699,Public       ,50,155,205,3180,5279,8459
00356000,DALLAS BAPTIST UNIVERSITY               ,TX,75211-9299,Private      ,19,136,155,2947,4833,7780
00356100,CEDAR VALLEY COLLEGE                    ,TX,75134-0000,Public       ,39,114,153,2280,5157,7437
00356200,DALLAS THEOLOGICAL SEM                  ,TX,75204-0000,Private      ,1,11,12,16,756,772
00356300,DEL MAR COLLEGE                         ,TX,78404-3897,Public       ,100,295,395,5460,9364,14824
00356400,EAST TEXAS BAPTIST UNIVERSITY           ,TX,75670-1423,Private      ,7,11,18,1553,453,2006
00356500,TEXAS A&M UNIVERSITY - COMMERCE         ,TX,75429-3011,Public       ,38,167,205,4809,7562,12371
00356600,EPISCOPAL THEOL SEM OF THE STHWST       ,TX,78768-0000,Private      ,0,0,0,2,19,21
00356800,FRANK PHILLIPS COLLEGE                  ,TX,79008-0000,Public       ,11,33,44,490,688,1178
00357000,GRAYSON COUNTY COLLEGE                  ,TX,75020-8299,Public       ,31,125,156,1888,4497,6385
00357100,HARDIN-SIMMONS UNIVERSITY               ,TX,79698-6050,Private      ,6,6,12,2399,1052,3451
00357200,TRINITY VALLEY COMMUNITY COLLEGE        ,TX,75751-2734,Public       ,47,123,170,2561,5136,7697
00357300,HILL COLLEGE                            ,TX,76645-2711,Public       ,16,40,56,997,1467,2464
00357301,HILL COLLEGE                            ,TX,76031-0000,Public       ,14,64,78,864,2314,3178
00357400,HOWARD COLLEGE                          ,TX,79720-0213,Public       ,17,74,91,1478,2857,4335
00357500,HOWARD PAYNE UNIVERSITY                 ,TX,76801-2715,Private      ,5,1,6,1517,433,1950
00357600,HOUSTON BAPTIST UNIVERSITY              ,TX,77074-3298,Private      ,11,20,31,4496,2616,7112
00357700,HUSTON - TILLOTSON UNIVERSITY           ,TX,78702-2795,Private      ,17,14,31,1227,857,2084
00357800,UNIVERSITY OF THE INCARNATE WORD        ,TX,78209-6398,Private      ,30,81,111,5114,5604,10718
00357900,JACKSONVILLE COLLEGE                    ,TX,75766-4759,Private      ,3,12,15,254,247,501
00358000,KILGORE COLLEGE                         ,TX,75662-3299,Public       ,46,97,143,3422,5325,8747
00358100,LAMAR UNIVERSITY-BEAUMONT               ,TX,77710-0042,Public       ,81,311,392,8828,8835,17663
00358200,LAREDO COMMUNITY COLLEGE                ,TX,78040-4395,Public       ,110,110,220,6415,5204,11619
00358300,LEE COLLEGE                             ,TX,77520-4796,Public       ,28,103,131,1929,4778,6707
00358400,LETOURNEAU UNIVERSITY                   ,TX,75607-0000,Private      ,3,72,75,1691,3484,5175
00358500,LON MORRIS COLLEGE                      ,TX,75766-2900,Private      ,17,8,25,1089,325,1414
00358600,LUBBOCK CHRISTIAN UNIVERSITY            ,TX,79407-2099,Private      ,7,26,33,1625,1498,3123
00358800,UNIVERSITY OF MARY HARDIN-BAYLOR        ,TX,76513-2599,Private      ,5,49,54,3493,1489,4982
00359000,MCLENNAN COMMUNITY COLLEGE              ,TX,76708-1498,Public       ,79,246,325,4429,8547,12976
00359100,MCMURRY UNIVERSITY                      ,TX,79697-0001,Private      ,6,16,22,1739,810,2549
00359200,MIDWESTERN STATE UNIVERSITY             ,TX,76308-2099,Public       ,25,55,80,4454,3451,7905
00359300,NAVARRO COLLEGE                         ,TX,75110-4818,Public       ,131,271,402,4863,7096,11959
00359400,UNIVERSITY OF NORTH TEXAS               ,TX,76203-5017,Public       ,126,329,455,27653,21640,49293
00359500,OBLATE SCHOOL OF THEOLOGY               ,TX,78216-0000,Private      ,0,0,0,8,49,57
00359600,ODESSA COLLEGE                          ,TX,79764-7127,Public       ,30,81,111,1923,3552,5475
00359800,OUR LADY OF THE LAKE UNIVERSITY         ,TX,78207-4689,Private      ,4,41,45,2466,3147,5613
00359900,UNIVERSITY OF TEXAS - PAN AMERICAN      ,TX,78541-2999,Public       ,206,232,438,16379,10752,27131
00360000,PANOLA COLLEGE                          ,TX,75633-2397,Public       ,22,58,80,951,2029,2980
00360100,PARIS JR COLLEGE                        ,TX,75460-6298,Public       ,66,158,224,2158,4278,6436
00360200,PAUL QUINN COLLEGE                      ,TX,75241-4398,Private      ,12,13,25,368,674,1042
00360300,RANGER COLLEGE                          ,TX,76470-3298,Public       ,14,31,45,624,654,1278
00360305,RANGER COLLEGE-STEPHENVILE BEAUTY COLLEG,TX,76401-5136,Public       ,3,4,7,8,40,48
00360400,RICE UNIVERSITY                         ,TX,77251-1892,Private      ,19,22,41,9192,2988,12180
00360600,SAM HOUSTON STATE UNIVERSITY            ,TX,77340-0000,Public       ,79,195,274,16655,8431,25086
00360700,ALAMO CMTY CLG DISTRICT PROGRAM         ,TX,78207-0000,Public       ,29,52,81,998,1745,2743
00360800,ST PHILLIPS COLLEGE                     ,TX,78203-2098,Public       ,82,286,368,5154,11925,17079
00360900,SAN JACINTO CLG-CENTRAL-NORTH-SOUTH     ,TX,77501-0000,Public       ,217,517,734,9531,15329,24860
00361000,SCHREINER UNIVERSITY                    ,TX,78028-5697,Private      ,4,12,16,1451,529,1980
00361100,SOUTH PLAINS COLLEGE                    ,TX,79336-6504,Public       ,70,122,192,5136,5950,11086
00361200,UNIV OF HOUSTON-DOWNTOWN                ,TX,77002-1001,Public       ,64,201,265,7191,11823,19014
00361300,SOUTHERN METHODIST UNIVERSITY           ,TX,75275-0181,Private      ,19,63,82,7098,6138,13236
00361400,SOUTHWEST TEXAS JR COLLEGE              ,TX,78801-6221,Public       ,64,104,168,2912,3751,6663
00361500,TEXAS STATE UNIVERSITY--SAN MARCOS      ,TX,78666-4602,Public       ,255,214,469,28311,15799,44110
00361600,SOUTHWESTERN ASSEMBLIES OF GOD UNIV     ,TX,75165-2397,Private      ,10,15,25,1700,1312,3012
00361700,SOUTHWESTERN BAPTIST THEOL SEMINARY     ,TX,76122-0000,Private      ,0,0,0,31,177,208
00361800,SOUTHWESTERN CHRISTIAN COLLEGE          ,TX,75160-3400,Private      ,1,0,1,225,128,353
00361900,SOUTHWESTERN ADVENTIST UNIVERSITY       ,TX,76059-1922,Private      ,3,5,8,657,440,1097
00362000,SOUTHWESTERN UNIVERSITY                 ,TX,78626-6111,Private      ,6,1,7,2413,262,2675
00362100,ST EDWARDS UNIVERSITY                   ,TX,78704-0000,Private      ,5,31,36,5196,3223,8419
00362300,ST MARY'S UNIV OF SAN ANTONIO           ,TX,78228-8500,Private      ,14,22,36,4284,3438,7722
00362400,STEPHEN F AUSTIN STATE UNIVERSITY       ,TX,75962-0001,Public       ,192,126,318,13971,5265,19236
00362500,SUL ROSS STATE UNIVERSITY               ,TX,79832-0113,Public       ,9,52,61,1719,2213,3932
00362600,TARRANT COUNTY COLLEGE                  ,TX,76102-6599,Public       ,365,1013,1378,17359,31399,48758
00362700,TEMPLE COLLEGE                          ,TX,76504-7435,Public       ,47,185,232,2308,5930,8238
00362800,TEXARKANA COLLEGE                       ,TX,75599-0001,Public       ,18,59,77,1892,3209,5101
00363000,PRAIRIE VIEW A&M UNIVERSITY             ,TX,77446-2967,Public       ,75,69,144,11431,6703,18134
00363100,TARLETON STATE UNIVERSITY               ,TX,76402-0000,Public       ,43,130,173,6928,6366,13294
00363200,TEXAS A&M UNIVERSITY                    ,TX,77842-0000,Public       ,189,157,346,39104,10091,49195
00363400,TEXAS STATE TECHNICAL CLG AT WACO       ,TX,76705-1695,Public       ,44,157,201,3240,4875,8115
00363500,TEXAS CHIROPRACTIC COLLEGE              ,TX,77505-1699,Private      ,0,3,3,14,369,383
00363600,TEXAS CHRISTIAN UNIVERSITY              ,TX,76129-0001,Private      ,23,40,63,11316,3849,15165
00363700,JARVIS CHRISTIAN COLLEGE                ,TX,75765-1470,Private      ,42,3,45,760,280,1040
00363800,TEXAS COLLEGE                           ,TX,75702-4500,Private      ,26,21,47,937,805,1742
00363900,TEXAS A&M UNIVERSITY-KINGSVILLE         ,TX,78363-8203,Public       ,56,95,151,7445,6222,13667
00364100,TEXAS LUTHERAN UNIVERSITY               ,TX,78155-5999,Private      ,4,2,6,2053,355,2408
00364200,TEXAS SOUTHERN UNIVERSITY               ,TX,77004-4598,Public       ,125,190,315,10406,13329,23735
00364300,TEXAS SOUTHMOST COLLEGE                 ,TX,78520-4992,Public       ,0,0,0,379,467,846
00364400,TEXAS TECH UNIVERSITY                   ,TX,79409-0000,Public       ,124,212,336,24630,11467,36097
00364500,TEXAS WESLEYAN UNIVERSITY               ,TX,76105-1536,Private      ,4,29,33,1455,4162,5617
00364600,TEXAS WOMAN'S UNIVERSITY                ,TX,76204-5587,Public       ,22,148,170,6401,12088,18489
00364700,TRINITY UNIVERSITY                      ,TX,78212-7200,Private      ,7,9,16,3495,744,4239
00364800,TYLER JUNIOR COLLEGE                    ,TX,75701-3436,Public       ,72,160,232,7731,8132,15863
00365100,UNIVERSITY OF DALLAS                    ,TX,75062-4799,Private      ,11,33,44,1907,1578,3485
00365200,UNIVERSITY OF HOUSTON                   ,TX,77204-2010,Public       ,224,395,619,31753,28381,60134
00365400,UNIVERSITY OF ST THOMAS                 ,TX,77006-4626,Private      ,14,52,66,1596,2414,4010
00365600,UNIVERSITY OF TEXAS-ARLINGTON           ,TX,76019-0000,Public       ,90,412,502,20157,25647,45804
00365800,UNIVERSITY OF TEXAS-AUSTIN              ,TX,78713-7758,Public       ,139,214,353,42506,22397,64903
00365900,UT HEALTH CENTER-SAN ANTONIO            ,TX,78229-3900,Public       ,7,40,47,982,3772,4754
00366100,UNIVERSITY OF TEXAS-EL PASO             ,TX,79968-0629,Public       ,100,246,346,14015,13085,27100
00366200,VICTORIA COLLEGE                        ,TX,77901-4494,Public       ,46,143,189,1806,3354,5160
00366300,WAYLAND BAPTIST UNIVERSITY              ,TX,79072-6998,Private      ,5,150,155,1224,4046,5270
00366400,WEATHERFORD COLLEGE                     ,TX,76086-5699,Public       ,46,89,135,2314,3678,5992
00366500,WEST TEXAS A&M UNIVERSITY               ,TX,79016-0000,Public       ,72,88,160,5559,4018,9577
00366800,WHARTON COUNTY JR COLLEGE               ,TX,77488-3298,Public       ,57,112,169,2765,3696,6461
00366900,WILEY COLLEGE                           ,TX,75670-5199,Private      ,10,17,27,1116,952,2068
00400300,CENTRAL TEXAS COLLEGE                   ,TX,76540-4199,Public       ,93,900,993,3055,17114,20169
00407221,NORTHWOOD UNIVERSITY                    ,TX,75104-0000,Private      ,2,25,27,596,990,1586
00445300,EL CENTRO COLLEGE                       ,TX,75202-0000,Public       ,93,358,451,4279,12308,16587
00450303,EVEREST COLLEGE - FORT WORTH SOUTH      ,TX,76115-1407,Proprietary  ,18,88,106,179,1175,1354
00481102,EVEREST INSTITUTE - EVEREST COLLEGE     ,TX,76011-6630,Proprietary  ,14,72,86,282,1458,1740
00494800,TEXAS A&M UNIV SYSTEM HEALTH SCI CT     ,TX,77840-7896,Public       ,3,13,16,826,1920,2746
00494900,BAYLOR COLLEGE OF MEDICINE              ,TX,77030-0000,Private      ,6,16,22,578,1677,2255
00495100,UNIV OF TEXAS HEALTH SCIENCE CENTER     ,TX,77225-0000,Public       ,7,33,40,538,3666,4204
00495200,UNIV OF TEXAS MEDICAL BRANCH            ,TX,77550-0000,Public       ,1,20,21,340,2476,2816
00497200,GALVESTON COLLEGE                       ,TX,77550-7447,Public       ,36,100,136,1250,2243,3493
00497700,SOUTH TEXAS COLLEGE OF LAW              ,TX,77002-0000,Private      ,2,5,7,66,2283,2349
00660600,BAPTIST HS SCHOOL OF HEALTH PROFESSIONS ,TX,78229-3234,Proprietary  ,1,18,19,217,1323,1540
00661200,COVENANT SCH OF NSG & ALLIED HEALTH     ,TX,79410-0000,Private      ,0,5,5,132,418,550
00666100,ANGELINA COLLEGE                        ,TX,75902-0000,Public       ,51,146,197,2589,4653,7242
00694100,DALLAS CHRISTIAN COLLEGE                ,TX,75234-7229,Private      ,5,12,17,323,510,833
00709600,COLLEGE OF THE MAINLAND                 ,TX,77591-2499,Public       ,43,148,191,1324,3491,4815
00728700,BRAZOSPORT COLLEGE                      ,TX,77566-3199,Public       ,76,84,160,1459,2176,3635
00732907,ITT TECHNICAL INSTITUTE                 ,TX,77063-3751,Proprietary  ,4,17,21,314,873,1187
00732913,ITT TECHNICAL INSTITUTE                 ,TX,76011-3919,Proprietary  ,18,42,60,599,1815,2414
00732975,ITT TECHNICAL INSTITUTE                 ,TX,78249-3303,Proprietary  ,19,70,89,450,1325,1775
00754805,WESTWOOD COLLEGE OF TECHNOLOGY          ,TX,77074-0000,Proprietary  ,4,12,16,480,885,1365
00835300,LINCOLN COLLEGE OF TECHNOLOGY           ,TX,75052-0000,Proprietary  ,55,71,126,1147,1541,2688
00849800,MIMS CLASSIC BEAUTY COLLEGE             ,TX,78216-0000,Proprietary  ,0,4,4,43,117,160
00850300,MOUNTAIN VIEW COLLEGE                   ,TX,75211-6599,Public       ,70,139,209,3704,6855,10559
00850400,RICHLAND COLLEGE                        ,TX,75243-2199,Public       ,103,263,366,5025,9498,14523
00851000,EASTFIELD COLLEGE                       ,TX,75150-2099,Public       ,71,267,338,4159,8804,12963
00907905,EVEREST COLLEGE                         ,TX,75206-5209,Proprietary  ,24,143,167,633,2677,3310
00908200,INTERNATIONAL BUSINESS COLLEGE          ,TX,79903-0000,Proprietary  ,18,120,138,225,897,1122
00916300,SAN ANTONIO COLLEGE                     ,TX,78212-4299,Public       ,166,422,588,13145,21991,35136
00922500,TEXAS STATE TECHNICAL COLLEGE  HARLINGEN,TX,78550-3697,Public       ,73,127,200,3580,4643,8223
00946600,KAPLAN COLLEGE                          ,TX,78216-1899,Proprietary  ,13,68,81,385,1902,2287
00946607,KAPLAN COLLEGE - MCALLEN                ,TX,78503-1622,Proprietary  ,24,47,71,492,1074,1566
00946609,KAPLAN COLLEGE - CAREER CENTERS OF TEXAS,TX,78416-9900,Proprietary  ,28,81,109,261,1191,1452
00946610,KAPLAN COLLEGE - CAREER CENTERS OF TEXAS,TX,76103-2310,Proprietary  ,12,39,51,262,1193,1455
00954900,WESTERN TEXAS COLLEGE                   ,TX,79549-9501,Public       ,4,10,14,672,534,1206
00965100,TEXAS A&M INTERNATIONAL UNIVERSITY      ,TX,78041-1900,Public       ,143,64,207,5467,3563,9030
00974100,UNIVERSITY OF TEXAS AT DALLAS           ,TX,75083-0000,Public       ,41,160,201,8337,9873,18210
00976800,UNIVERSITY OF NORTH TEXAS HEALTH SCIENCE,TX,76107-2699,Public       ,6,14,20,288,1999,2287
00979700,MIDLAND COLLEGE                         ,TX,79705-6397,Public       ,17,75,92,1868,3191,5059
00982802,EVEREST INSTITUTE- AUSTIN               ,TX,78754-0000,Proprietary  ,17,124,141,419,1890,2309
00993000,UNIVERSITY OF TEXAS-PERMIAN BASIN       ,TX,79762-0001,Public       ,13,47,60,1997,2768,4765
00993200,TEXAS STATE TECH CLG-WEST TEXAS         ,TX,79556-4108,Public       ,2,12,14,499,1000,1499
00993201,TEXAS STATE TECH COLLEGE-ABILENE        ,TX,79601-0000,Public       ,1,12,13,170,587,757
00993204,TEXAS STATE TECH CLG-BRECKENRIDGE       ,TX,76424-0000,Public       ,0,2,2,36,172,208
00993205,TEXAS STATE TECH COLLEGE-BROWNWOOD      ,TX,76801-0000,Public       ,1,3,4,97,345,442
01001900,UNIV OF TEXAS SOUTHWESTERN MED CTR      ,TX,75390-9096,Public       ,3,12,15,263,2123,2386
01005700,AMERICAN COMMERCIAL COLLEGE             ,TX,79602-1399,Proprietary  ,3,21,24,69,561,630
01005900,AMERICAN COMMERCIAL COLLEGE             ,TX,79761-0000,Proprietary  ,2,12,14,47,303,350
01005901,AMERICAN COMMERCIAL COLLEGE - AMERICAN C,TX,76310-2303,Proprietary  ,4,37,41,62,451,513
01006000,VERNON COLLEGE                          ,TX,76384-4092,Public       ,13,83,96,1254,2937,4191
01011500,UNIVERSITY OF TEXAS-SAN ANTONIO         ,TX,78249-0600,Public       ,156,203,359,29160,18503,47663
01013000,WADE COLLEGE                            ,TX,75207-3199,Proprietary  ,3,18,21,255,325,580
01038700,EL PASO COMMUNITY COLLEGE               ,TX,79998-0000,Public       ,207,436,643,15116,18447,33563
01050900,HALLMARK COLLEGE OF AERONAUTICS         ,TX,78214-0000,Proprietary  ,21,104,125,273,1374,1647
01050901,HALLMARK COLLEGE OF  TECHNOLOGY-        ,TX,78230-1736,Proprietary  ,0,0,0,0,4,4
01062400,CENTRAL TEXAS COMMERCIAL COLLEGE        ,TX,75231-5033,Private      ,0,0,0,61,240,301
01063300,HOUSTON COMMUNITY COLLEGE               ,TX,77002-0000,Public       ,534,1666,2200,22435,50255,72690
01067400,TEXAS TECH U HEALTH SCIENCES CENTER     ,TX,79430-0000,Public       ,4,40,44,971,3807,4778
01076100,DALLAS INSTITUTE OF FUNERAL SERVICE     ,TX,75227-4314,Private      ,1,17,18,87,408,495
01114500,LONE STAR COLLEGE SYSTEM                ,TX,77073-3499,Public       ,416,1069,1485,17196,32573,49769
01114501,LONE STAR COLLEGE-KINGWOOD              ,TX,77339-0000,Public       ,0,0,0,100,293,393
01114502,LONE STAR COLLEGE-TOMBALL               ,TX,77375-0000,Public       ,0,0,0,102,205,307
01114503,LONE STAR COLLEGE-MONTGOMERY            ,TX,77384-0000,Public       ,0,0,0,172,339,511
01114504,LONE STAR COLLEGE-CY-FAIR               ,TX,77433-1383,Public       ,0,0,0,178,305,483
01116100,TEXAS A&M UNIV CORPUS CHRISTI           ,TX,78412-5599,Public       ,54,122,176,8838,5709,14547
01116300,UNIVERSITY OF TEXAS AT TYLER            ,TX,75799-6699,Public       ,25,89,114,4504,4816,9320
01171100,UNIVERSITY OF HOUSTON-CLEAR LAKE        ,TX,77058-1002,Public       ,16,154,170,2278,8093,10371
01201500,AUSTIN COMMUNITY COLLEGE                ,TX,78752-4390,Public       ,272,931,1203,15835,29702,45537
01202000,VICTORIA BEAUTY COLLEGE                 ,TX,77901-6233,Proprietary  ,5,7,12,50,168,218
01226800,BALDWIN BEAUTY SCHOOL #5                ,TX,78704-4785,Proprietary  ,9,23,32,147,381,528
01229700,LAREDO BEAUTY COLLEGE                   ,TX,78040-1051,Proprietary  ,10,35,45,126,358,484
01248200,ATI TECHNICAL TRAINING CENTER           ,TX,75235-4622,Proprietary  ,93,317,410,1174,4450,5624
01248209,ATI CAREER TRAINING CENTER - GARLAND    ,TX,75041-2497,Proprietary  ,6,14,20,55,203,258
01248210,ATI CAREER TRAINING CENTER - WACO       ,TX,76711-1682,Proprietary  ,2,13,15,96,316,412
01248300,COSMETOLOGY CAREER CENTER-A PAUL MITCHEL,TX,75006-2567,Proprietary  ,23,51,74,365,604,969
01248800,INTERNATIONAL BEAUTY COLLEGE NO 3       ,TX,75040-0000,Proprietary  ,0,8,8,25,121,146
01276400,METROPLEX BEAUTY SCHOOL                 ,TX,75149-0000,Proprietary  ,6,14,20,38,195,233
01293000,CHARLES & SUE'S SCH OF HAIR DESIGN      ,TX,77801-0000,Proprietary  ,1,3,4,57,108,165
01293200,TINT SCHOOL OF MAKEUP & COSMETOLOGY     ,TX,75061-4235,Proprietary  ,3,11,14,31,100,131
01300300,NEILSON BEAUTY COLLEGE                  ,TX,75208-4637,Proprietary  ,1,5,6,32,152,184
01301600,OGLE SCHOOL HAIR SKIN NAILS             ,TX,76013-7400,Proprietary  ,9,33,42,210,479,689
01303912,SOUTH UNIVERSITY - THE ART INSTITUTE OF ,TX,75231-5993,Proprietary  ,28,57,85,2635,2732,5367
01323100,UNIVERSITY OF HOUSTON-VICTORIA          ,TX,77901-5731,Public       ,14,81,95,1162,3595,4757
02058600,CONLEE'S COLLEGE OF COSMETOLOGY         ,TX,78028-0000,Proprietary  ,1,5,6,14,55,69
02069302,VATTEROTT COLLEGE - VATTEROTT EDUCATION ,TX,75220-5441,Proprietary  ,10,26,36,105,469,574
02074100,CAPITOL CITY TRADE & TECHNICAL SCH      ,TX,78704-0000,Proprietary  ,34,60,94,387,745,1132
02077400,NORTH LAKE COLLEGE                      ,TX,75038-0000,Public       ,46,165,211,2849,5802,8651
02081400,ARLINGTON BAPTIST COLLEGE               ,TX,76012-0000,Private      ,0,4,4,220,278,498
02093600,SOUTHWEST SCHOOL OF ELECTRONIC          ,TX,78735-0000,Proprietary  ,0,2,2,46,89,135
02098300,WESTERN TECHNICAL COLLEGE               ,TX,79927-2105,Proprietary  ,56,163,219,1155,1829,2984
02100200,BROOKHAVEN COLLEGE                      ,TX,75244-0000,Public       ,41,227,268,2687,6996,9683
02113610,AMERICAN INTERCONTINENTAL UNIV - HOUSTON,TX,77042-4516,Proprietary  ,6,30,36,218,1098,1316
02116008,SANFORD-BROWN COLLEGE - HOUSTON         ,TX,77042-8900,Proprietary  ,58,149,207,592,2410,3002
02116012,SANFORD-BROWN COLLEGE - HOUSTON NORTH LO,TX,77008-1058,Proprietary  ,14,67,81,202,992,1194
02117100,ART INSTITUTE OF HOUSTON                ,TX,77056-0000,Proprietary  ,65,149,214,4273,4216,8489
02119200,COURT REPORTING INSTITUTE OF DALLAS     ,TX,75247-6913,Proprietary  ,3,32,35,87,907,994
02119202,COURT REPORTING INSTIUTE OF DALLAS - COU,TX,77040-6315,Proprietary  ,1,6,7,32,424,456
02128302,INSTITUTE FOR BUSINESS & TECHNOLOGY - LA,TX,78230-2520,Proprietary  ,9,42,51,172,644,816
02136800,AMERICAN COMMERCIAL COLLEGE             ,TX,76904-0000,Proprietary  ,4,25,29,63,373,436
02144800,VET TECH INSTITUTE OF HOUSTON           ,TX,77027-9881,Proprietary  ,1,5,6,283,300,583
02176100,PIPO ACADEMY OF HAIR DESIGN             ,TX,79903-0000,Proprietary  ,0,4,4,33,101,134
02200800,AMERICAN COMMERCIAL COLLEGE             ,TX,79411-0000,Proprietary  ,3,31,34,41,394,435
02218300,SOUTHWEST SCHOOL OF BUSINESS & TECHNICAL,TX,78221-0000,Proprietary  ,18,63,81,221,961,1182
02218305,SOUTHWEST SCHOOL OF BUSINESS AND TECHNIC,TX,78501-6053,Proprietary  ,8,13,21,83,218,301
02218306,SOUTHWEST SCHOOL OF BUSINESS AND TECHNIC,TX,78413-2045,Proprietary  ,0,13,13,32,269,301
02224600,TRI-STATE BEAUTY SCHOOL #1              ,TX,79915-0000,Proprietary  ,7,26,33,135,468,603
02228400,TEXAS AERO TECHNOLOGY                   ,TX,75209-0000,Proprietary  ,0,0,0,0,1,1
02230500,OGLE SCHOOL HAIR SKIN NAILS             ,TX,76132-3638,Proprietary  ,33,72,105,376,978,1354
02230600,OGLE SCHOOL HAIR SKIN NAILS             ,TX,76053-4650,Proprietary  ,1,19,20,89,227,316
02239100,CENTRAL TEXAS BEAUTY COLLEGE #2         ,TX,78664-4204,Proprietary  ,6,26,32,78,335,413
02248200,MILAN INSTITUTE OF COSMETOLOGY          ,TX,79103-0000,Proprietary  ,105,360,465,1086,2961,4047
02254800,TEXAS VOCATIONAL SCHOOLS                ,TX,77901-0000,Proprietary  ,3,11,14,67,214,281
02259400,AMBERTON UNIVERSITY                     ,TX,75041-0000,Private      ,2,12,14,40,431,471
02261300,EVEREST INSTITUTE                       ,TX,78213-3841,Proprietary  ,7,57,64,267,1436,1703
02261302,EVEREST INSTITUTE - HOUSTON GREENSPOINT ,TX,77060-3249,Proprietary  ,13,59,72,351,1592,1943
02261303,EVEREST INSTITUTE - HOUSTON HOBBY       ,TX,77087-2737,Proprietary  ,30,107,137,314,1497,1811
02267100,EXPOSITO SCHOOL OF HAIR DESIGN          ,TX,79109-0000,Proprietary  ,2,10,12,41,106,147
02276000,FRANKLIN BEAUTY SCHOOL #2               ,TX,77021-0000,Proprietary  ,10,13,23,85,264,349
02285900,UNIVERSITY OF COSMETOLOGY ARTS&SCI      ,TX,78504-0000,Proprietary  ,26,75,101,229,761,990
02294800,CAPITOL CITY CAREERS                    ,TX,78745-0000,Proprietary  ,9,31,40,52,306,358
02298501,EVEREST COLLEGE- FORT WORTH             ,TX,76137-2472,Proprietary  ,18,78,96,292,1435,1727
02305300,PARKER COLLEGE OF CHIROPRACTIC          ,TX,75229-0000,Private      ,1,8,9,76,1292,1368
02306700,FORT WORTH BEAUTY SCHOOL                ,TX,76116-3299,Proprietary  ,5,29,34,79,352,431
02312200,TEXAS SCHOOL OF BUSINESS                ,TX,77073-6032,Proprietary  ,15,55,70,340,1016,1356
02312201,TEXAS SCHOOL OF BUSINESS - SOUTHWEST CAM,TX,77057-5914,Proprietary  ,6,33,39,143,781,924
02312202,TEXAS SCHOOL OF BUSINESS - FRIENDSWOOD C,TX,77546-8938,Proprietary  ,3,26,29,91,623,714
02312203,TEXAS SCHOOL OF BUSINESS - EAST CAMPUS  ,TX,77029-1916,Proprietary  ,3,28,31,113,553,666
02313901,WESTWOOD COLLEGE - DALLAS               ,TX,75243-0000,Proprietary  ,9,30,39,503,1433,1936
02315400,NORTHEAST TEXAS COMMUNITY COLLEGE       ,TX,75456-0000,Public       ,33,80,113,1574,2474,4048
02318200,"KD STUDIO, ACTOR'S CONSERVATORY         ",TX,75207-2111,Proprietary  ,5,10,15,203,286,489
02320200,HOUSTON GRADUATE SCHOOL OF THEOLOGY     ,TX,77092-0000,Private      ,0,4,4,23,265,288
02326000,SAN ANTONIO BEAUTY COLLEGE NO 3         ,TX,78217-0000,Proprietary  ,1,12,13,43,161,204
02331200,BAPTIST MISSIONARY ASSN THEOL SEM       ,TX,75766-0000,Private      ,0,1,1,5,57,62
02331300,INTERACTIVE LEARNING SYSTEMS            ,TX,77502-1201,Proprietary  ,5,35,40,55,362,417
02331301,INTERACTIVE LEARNING SYSTEMS            ,TX,77081-0000,Proprietary  ,16,75,91,117,743,860
02331304,INTERACTIVE LEARNING SYSTEMS            ,TX,77060-0000,Proprietary  ,9,86,95,46,569,615
02341300,PALO ALTO COLLEGE                       ,TX,78224-0000,Public       ,82,184,266,5084,7683,12767
02348500,LAMAR STATE COLLEGE-PORT ARTHUR         ,TX,77640-0000,Public       ,13,82,95,1149,2175,3324
02357700,ACADEMY OF HAIR DESIGN                  ,TX,77043-3412,Proprietary  ,11,21,32,181,360,541
02358200,LAMAR STATE COLLEGE-ORANGE              ,TX,77630-0000,Public       ,20,92,112,950,2438,3388
02361400,COLLIN COUNTY COMMUNITY COLLEGE         ,TX,75071-0000,Public       ,147,451,598,7145,12145,19290
02362000,UNIVERSAL TECHNICAL INSTITUTE           ,TX,77073-0000,Proprietary  ,144,180,324,5749,4111,9860
02362800,AUSTIN GRADUATE SCHOOL OF THEOLOGY      ,TX,78752-1333,Private      ,0,5,5,23,130,153
02521200,ARLINGTON CAREER INSTITUTE              ,TX,75050-0000,Proprietary  ,0,6,6,72,545,617
02521800,SEGUIN BEAUTY SCHOOL                    ,TX,78155-0000,Proprietary  ,21,16,37,80,139,219
02521801,SEGUIN BEAUTY SCHOOL-NEW BRAUNFELS      ,TX,78130-7937,Proprietary  ,0,0,0,6,5,11
02527500,HOUSTON TRAINING SCHOOLS                ,TX,77029-0000,Proprietary  ,22,149,171,241,1292,1533
02530700,SEBRING CAREER SCHOOLS                  ,TX,77083-1510,Proprietary  ,4,38,42,24,183,207
02548800,SOUTH TEXAS VO-TECH INSTITUTE           ,TX,78596-0000,Proprietary  ,54,109,163,837,1852,2689
02548802,SOUTH TEXAS VOCATIONAL TECHNICAL INSTITU,TX,78520-8710,Proprietary  ,61,87,148,146,211,357
02549400,SOUTH TEXAS VO-TECH INSTITUTE           ,TX,78501-0000,Proprietary  ,113,266,379,1112,2918,4030
02549402,SOUTH TEXAS VOCATIONAL TECHNICAL INSTITU,TX,78416-1141,Proprietary  ,20,68,88,76,243,319
02555400,UNIV OF TX MD ANDERSON CANCER CTR       ,TX,77030-0000,Public       ,1,5,6,124,438,562
02568100,TEXAS BARBER COLLEGES & HAIRSTYLING     ,TX,75208-0000,Proprietary  ,75,181,256,576,1813,2389
02569300,LE CORDON BLEU COLLEGE OF CULINARY ARTS ,TX,78758-3647,Proprietary  ,118,487,605,2244,7537,9781
02572000,COMPUTER CAREER CENTER                  ,TX,79925-2021,Proprietary  ,40,187,227,412,1703,2115
02572004,COMPUTER CAREER CENTER - AMARILLO CAMPUS,TX,79101-2404,Proprietary  ,10,44,54,113,533,646
02572005,COMPUTER CAREER CENTER - LUBBOCK CAMPUS ,TX,79414-3517,Proprietary  ,8,76,84,67,486,553
02580100,IVERSON BUSINESS SCH & COURT REPORT     ,TX,76011-1344,Proprietary  ,6,50,56,93,558,651
02591100,CAREER POINT COLLEGE                    ,TX,78201-2027,Proprietary  ,56,438,494,577,3507,4084
02591900,KAPLAN COLLEGE                          ,TX,79907-1525,Proprietary  ,21,77,98,550,1841,2391
02591905,KAPLAN COLLEGE - BROWNSVILLE            ,TX,78521-9905,Proprietary  ,10,57,67,281,740,1021
02596400,REDSTONE COLLEGE - LOS ANGELES          ,TX,77061-0000,Proprietary  ,30,48,78,259,474,733
02596500,ATI CAREER TRAINING CENTER              ,TX,76180-1599,Proprietary  ,119,388,507,1334,5406,6740
02596503,ATI- CAREER TRAINING CENTER - HOUSTON (#,TX,77029-1978,Proprietary  ,21,97,118,96,354,450
02596600,ATI-CAREER TRAINING CENTER              ,TX,75220-4443,Proprietary  ,48,114,162,994,3293,4287
02596601,ATI CAREER TRAINING CENTER - RICHARDSON ,TX,75081-1948,Proprietary  ,1,11,12,48,212,260
02596602,ATI CAREER TRAINING CENTER - DALLAS (STE,TX,75247-6103,Proprietary  ,9,72,81,141,619,760
02600200,OCEAN CORPORATION (THE)                 ,TX,77099-3479,Proprietary  ,4,30,34,169,1012,1181
02604700,CENTER FOR ADVANCED LEGAL STUDIES       ,TX,77098-4151,Proprietary  ,0,27,27,29,499,528
02606202,EVEREST COLLEGE - EVEREST INSTITUTE - BI,TX,77036-8014,Proprietary  ,25,129,154,455,2123,2578
02615000,SANFORD-BROWN COLLEGE                   ,TX,75247-6931,Proprietary  ,55,185,240,950,3751,4701
03009400,SW SCH BUS & TECH CAREERS               ,TX,78212-2840,Proprietary  ,4,17,21,60,213,273
03010604,VIRGINIA COLLEGE - VIRGINIA COLLEGE AT A,TX,78723-0000,Proprietary  ,26,104,130,301,1565,1866
03011800,UNIVERSITY OF COSMETOLOGY ARTS & SCIENCE,TX,78226-1160,Proprietary  ,4,11,15,44,192,236
03019800,PCI HEALTH TRAINING CENTER              ,TX,75247-4720,Proprietary  ,40,67,107,510,1325,1835
03021500,SW SCH BUS & TECH CAREERS               ,TX,78852-4859,Proprietary  ,8,13,21,109,191,300
03025000,TEXAS COLLEGE OF COSMETOLOGY            ,TX,79605-2001,Proprietary  ,2,25,27,63,289,352
03026000,DALFORTH AIRCRAFT TECH                  ,TX,75209-3091,Proprietary  ,0,0,0,0,1,1
03026500,REMINGTON COLLEGE - HOUSTON CAMPUS      ,TX,77082-1849,Proprietary  ,64,293,357,904,2992,3896
03026501,REMINGTON COLLEGE - NORTH HOUSTON CAMPUS,TX,77067-1849,Proprietary  ,2,6,8,140,494,634
03026505,REMINGTON COLLEGE - HOUSTON CAMPUS - DAL,TX,75041-9935,Proprietary  ,4,9,13,132,419,551
03026506,REMINGTON COLLEGE - FT. WORTH CAMPUS    ,TX,76112-1280,Proprietary  ,15,76,91,363,1234,1597
03028800,CIRCLE J BEAUTY SCHOOL                  ,TX,77587-3714,Proprietary  ,3,36,39,62,229,291
03031408,INTERNATIONAL ACADEMY OF DESIGN & TECHNO,TX,78229-2263,Proprietary  ,17,38,55,462,880,1342
03032300,SCHOOL OF AUTOMOTIVE MACHINISTS         ,TX,77055-1803,Proprietary  ,4,1,5,156,237,393
03035200,TINT SCHOOL OF MAKEUP & COSMETOLOGY     ,TX,75229-3734,Proprietary  ,14,37,51,90,331,421
03035300,SOUTHERN CAREERS INSTITUTE              ,TX,78704-5252,Proprietary  ,123,578,701,925,4118,5043
03035301,SOUTHERN CAREERS INSTITUTE              ,TX,78577-0000,Proprietary  ,13,54,67,289,965,1254
03035302,SOUTHERN CAREERS INSTITUTE - CORPUS CHRI,TX,78414-2904,Proprietary  ,15,72,87,129,674,803
03035303,SOUTHERN CAREERS INSTITUTE - #1         ,TX,78221-4351,Proprietary  ,2,14,16,40,266,306
03035305,SOUTHERN CAREERS INSTITUTE - BROWNSVILLE,TX,78520-8680,Proprietary  ,0,2,2,24,49,73
03035306,SOUTHERN CAREERS INSTITUTE - HARLINGEN  ,TX,78550-7911,Proprietary  ,0,2,2,32,66,98
03035307,SOUTHERN CAREERS INSTITUTE - CORPUS CHRI,TX,78410-1609,Proprietary  ,0,3,3,22,74,96
03061800,STAR COLLEGE OF COSMETOLOGY             ,TX,75702-8214,Proprietary  ,9,11,20,99,200,299
03064600,UNIVERSITY OF TEXAS AT BROWNSVILLE      ,TX,78520-4993,Public       ,94,170,264,8785,9419,18204
03075400,ICC TECHNICAL INSTITUTE                 ,TX,77004-2930,Private      ,3,14,17,68,232,300
03076403,BRYMAN SCHOOL OF ARIZONA (THE) - ANTHEM ,TX,75038-4201,Proprietary  ,1,6,7,55,195,250
03079201,WESTWOOD COLLEGE OF TECHNOLOGY          ,TX,76180-0000,Proprietary  ,0,4,4,224,616,840
03083701,GALEN HEALTH INSTITUTES - TEXAS CAMPUS  ,TX,78229-6041,Proprietary  ,0,0,0,48,188,236
03103400,SOUTH TEXAS COLLEGE                     ,TX,78501-6699,Public       ,341,452,793,14166,15659,29825
03104700,TEXAS COLLEGE OF COSMETOLOGY            ,TX,76903-4708,Proprietary  ,2,20,22,59,245,304
03108700,ROYAL BEAUTY CAREERS                    ,TX,77069-4611,Proprietary  ,14,37,51,152,518,670
03111000,MID-CITIES BARBER COLLEGE               ,TX,75051-4810,Proprietary  ,4,10,14,81,218,299
03115800,KAPLAN COLLEGE                          ,TX,78238-4203,Proprietary  ,10,67,77,311,1699,2010
03115802,KAPLAN COLLEGE - LAREDO                 ,TX,78041-6181,Proprietary  ,3,35,38,214,498,712
03115803,KAPLAN COLLEGE-BEAUMONT                 ,TX,77701-3706,Proprietary  ,3,36,39,263,1007,1270
03115804,KAPLAN COLLEGE - LUBBOCK                ,TX,79401-2601,Proprietary  ,7,63,70,228,826,1054
03128100,ACADEMY OF HEALTH CARE PROFESSIONS      ,TX,77092-8108,Proprietary  ,44,151,195,537,1732,2269
03144300,NATIONAL BEAUTY COLLEGE                 ,TX,75043-4046,Proprietary  ,2,7,9,21,76,97
03153300,AMER COLL OF ACUPUNCTURE & O.M.         ,TX,77063-4104,Proprietary  ,0,5,5,5,144,149
03156400,ACADEMY OF ORIENTAL MEDICINE AT AUSTIN  ,TX,78757-1132,Proprietary  ,0,3,3,43,317,360
03159300,ARLINGTON MEDICAL INSTITUTE             ,TX,76011-0000,Proprietary  ,5,8,13,152,486,638
03170300,TEXAS A&M UNIVERSITY-TEXARKANA          ,TX,75501-0000,Public       ,4,64,68,834,1973,2807
03179500,TEXAS COLG TRADITIONAL CHINESE MED      ,TX,78704-6748,Proprietary  ,0,2,2,3,133,136
03189400,COLLEGE OF SAINT THOMAS MORE            ,TX,76109-2323,Private      ,1,3,4,41,77,118
03237400,FARIS COMPUTER SCHOOL                   ,TX,77627-3829,Proprietary  ,0,3,3,4,54,58
03272300,KAPLAN COLLEGE                          ,TX,75234-7288,Proprietary  ,7,52,59,255,1505,1760
03272301,KAPLAN COLLEGE - MIDLAND                ,TX,79703-5531,Proprietary  ,7,45,52,168,753,921
03272303,KAPLAN COLLEGE - ARLINGTON              ,TX,76010-8121,Proprietary  ,10,49,59,205,1024,1229
03275300,TOUCH OF CLASS SCHOOL OF COSM           ,TX,75402-6314,Proprietary  ,8,11,19,55,161,216
03276300,ACADEMY OF HAIR DESIGN                  ,TX,75901-4900,Proprietary  ,3,31,34,78,269,347
03277300,ACADEMY OF HAIR DESIGN                  ,TX,77701-4650,Proprietary  ,4,22,26,54,189,243
03303300,NORTHWEST EDUCATIONAL CENTER            ,TX,77092-7055,Proprietary  ,10,66,76,73,552,625
03371300,TONI&GUY HAIRDRESSING ACADEMY           ,TX,75006-2351,Proprietary  ,8,13,21,133,203,336
03372300,NORTHWEST VISTA COLLEGE                 ,TX,78251-4217,Public       ,125,217,342,8539,10136,18675
03396500,TEXAS STATE TECHNICAL COLG/MARSHALL     ,TX,75672-7402,Public       ,4,15,19,479,702,1181
03400300,CAREER QUEST                            ,TX,78229-3539,Proprietary  ,3,53,56,70,751,821
03412300,ADVANCED BARBER COLLEGE & HAIR DESI     ,TX,78596-0000,Proprietary  ,15,37,52,75,288,363
03416500,DALLAS NURSING INSTITUTE                ,TX,75243-5502,Proprietary  ,13,125,138,356,2577,2933
03422300,MILAN INSTITUTE                         ,TX,78238-4103,Proprietary  ,93,208,301,843,1977,2820
03422400,COLLEGE OF BIBLICAL STUDIES-HOUSTON     ,TX,77036-3211,Private      ,2,25,27,81,854,935
03424400,MEDVANCE INSTITUTE                      ,TX,77057-7386,Proprietary  ,45,141,186,469,1786,2255
03424401,MEDVANCE INSTITUTE -                    ,TX,77060-3551,Proprietary  ,0,0,0,47,243,290
03426300,CAREER ADVANCEMENT CENTER               ,TX,78752-1470,Proprietary  ,7,28,35,82,413,495
03480304,MEDVANCE INSTITUTE OF BATON ROUGE - GRAN,TX,75050-2342,Proprietary  ,6,30,36,156,580,736
03509400,CORYELL COSMETOLOGY COLLEGE             ,TX,76528-2036,Proprietary  ,3,8,11,8,24,32
03520300,LUBBOCK HAIR ACADEMY                    ,TX,79410-3524,Proprietary  ,0,5,5,29,158,187
03542300,CONCORDE CAREER INSTITUTE               ,TX,76011-4016,Proprietary  ,20,93,113,315,1622,1937
03551400,STATE BEAUTY ACADEMY                    ,TX,75116-3501,Proprietary  ,1,4,5,11,53,64
03556400,KUSSAD INSTITUTE OF COURT REPORTING     ,TX,78704-5712,Proprietary  ,0,1,1,6,63,69
03573300,AVIATION INSTITUTE OF MAINTENANCE       ,TX,75209-3017,Proprietary  ,20,67,87,258,1072,1330
03610300,MJ'S BEAUTY ACADEMY INC                 ,TX,75224-4409,Proprietary  ,1,13,14,39,131,170
03612400,VALLEY GRANDE INSTITUTE FOR ACADEMI     ,TX,78596-0000,Private      ,14,39,53,174,663,837
03627300,LAMAR INSTITUTE OF TECHNOLOGY           ,TX,77705-4142,Public       ,18,60,78,1868,3203,5071
03676400,HEALTHY HAIR ACADEMY                    ,TX,75227-0000,Proprietary  ,9,77,86,80,510,590
03680300,JAY'S TECHNICAL INSTITUTE               ,TX,77031-3509,Proprietary  ,2,26,28,52,232,284
03682400,DALLAS BARBER & STYLIST COLLEGE         ,TX,75231-0000,Proprietary  ,11,61,72,149,597,746
03714300,TREND BARBER COLLEGE                    ,TX,77071-2104,Proprietary  ,10,45,55,161,593,754
03723300,CULINARY INST ALAIN & MARIE LENOTRE     ,TX,77022-4322,Proprietary  ,8,19,27,194,531,725
03727600,CULINARY ACADEMY OF AUSTIN              ,TX,78752-0000,Proprietary  ,10,22,32,233,412,645
03731300,INTERNATIONAL RENOWNED BEAUTY ACADE     ,TX,76103-2504,Proprietary  ,2,3,5,14,76,90
03733300,BAPTIST UNIVERSITY OF THE AMERICAS      ,TX,78224-1336,Private      ,1,5,6,77,252,329
03756300,ANAMARC COLLEGE                         ,TX,79930-6230,Proprietary  ,3,63,66,181,1133,1314
03885700,HOUSTON'S TRAINING AND EDUCATION CENTER ,TX,77036-2021,Proprietary  ,0,0,0,34,176,210
03922300,SOUTH TEXAS BARBER COLLEGE              ,TX,78415-3463,Proprietary  ,1,4,5,36,90,126
03944400,PROFESSIONAL CAREERS INSTITUTE          ,TX,77036-2252,Proprietary  ,3,26,29,76,385,461
03970300,HANDS ON THERAPY                        ,TX,75149-2294,Proprietary  ,2,24,26,33,205,238
03987300,TEXAS HEALTH SCHOOL                     ,TX,77079-2106,Proprietary  ,5,19,24,109,371,480
04036300,SOUTHEAST TEXAS CAREER INSTITUTE        ,TX,77656-8601,Proprietary  ,4,6,10,36,113,149
04045300,NORTHWEST BEAUTY SCHOOL                 ,TX,77091-1208,Proprietary  ,3,7,10,42,183,225
04045400,MAI-TRIX BEAUTY COLLEGE                 ,TX,77040-0000,Proprietary  ,2,14,16,38,152,190
04082300,PROFESSIONAL CAREER TRAINING INSTITUTE  ,TX,77090-0000,Proprietary  ,1,19,20,29,259,288
04089400,CCI TRAINING CENTER                     ,TX,76011-4857,Proprietary  ,4,48,52,50,502,552
04117900,CHAMPION BEAUTY COLLEGE                 ,TX,77069-4611,Proprietary  ,2,14,16,45,202,247
04125400,ACADEMY AT AUSTIN (THE)                 ,TX,78660-3287,Proprietary  ,9,19,28,165,320,485
04125500,MANUEL AND THERESA'S SCHOOL OF HAIR DESI,TX,77803-3236,Proprietary  ,5,10,15,41,81,122
04129800,MEDIATECH INSTITUTE DALLAS              ,TX,75039-3105,Proprietary  ,2,8,10,215,382,597
04129801,MEDIATECH INSTITUTE - AUSTIN            ,TX,78704-8933,Proprietary  ,1,6,7,115,170,285
04129802,MEDIATECH INSTITUTE HOUSTON             ,TX,77042-4712,Proprietary  ,3,14,17,141,250,391
04131700,SOUTHWEST CAREER COLLEGE                ,TX,79925-6230,Proprietary  ,21,62,83,368,1217,1585
04135600,CANNON INSTITUTE OF HIGHER LEARNING     ,TX,75247-9998,Proprietary  ,1,6,7,13,67,80
04136500,PCCENTER                                ,TX,75115-4214,Proprietary  ,0,7,7,15,141,156
04138500,CARDIOTECH ULTRASOUND SCHOOL            ,TX,77099-1440,Proprietary  ,0,16,16,56,377,433
04142300,AVEDA INSTITUTE SAN ANTONIO             ,TX,78215-1260,Proprietary  ,8,22,30,211,436,647
04146600,360 DEGREES BEAUTY ACADEMY              ,TX,77084-2714,Proprietary  ,0,0,0,27,109,136
04146700,AVIATION INSTITUTE OF MAINTENANCE       ,TX,77061-4004,Proprietary  ,19,40,59,64,159,223
04146800,SOUTH TEXAS TRAINING CENTER             ,TX,78586-7721,Proprietary  ,5,12,17,33,98,131
04152700,ASTRODOME CAREER CENTERS                ,TX,77054-2678,Proprietary  ,9,14,23,40,151,191
04154800,DUVALL'S SCHOOL OF COSMETOLOGY          ,TX,76021-4159,Proprietary  ,3,9,12,63,105,168
04155800,ADVANCED BEAUTY COLLEGE                 ,TX,75061-1918,Proprietary  ,2,11,13,20,99,119
04158500,TEXAS BEAUTY COLLEGE                    ,TX,76117-3201,Proprietary  ,8,16,24,18,99,117
04160700,AVENUE FIVE INSTITUTE                   ,TX,78757-7000,Proprietary  ,7,12,19,109,353,462
04161100,CORPUS CHRISTI BEAUTY ACADEMY           ,TX,78412-3900,Proprietary  ,4,7,11,30,96,126
04165800,SALON PROFESSIONAL ACADEMY (THE)        ,TX,75067-5390,Proprietary  ,6,5,11,66,164,230
04168700,LAWYER'S ASSISTANT SCHOOL OF DALLAS     ,TX,75201-2829,Proprietary  ,1,18,19,27,156,183
04168800,ABC BEAUTY ACADEMY                      ,TX,75042-8682,Proprietary  ,2,17,19,14,74,88
04169000,SALON & SPA INSTITUTE                   ,TX,78521-1727,Proprietary  ,6,22,28,23,93,116
04169100,DIAMONDS COSMETOLOGY COLLEGE            ,TX,75090-2657,Proprietary  ,0,8,8,8,36,44
04177900,BUCKNER BARBER SCHOOL                   ,TX,75217-1775,Proprietary  ,3,6,9,16,51,67
04179500,NORTH AMERICAN COLLEGE                  ,TX,77038-0000,Private      ,1,3,4,2,5,7
00367000,BRIGHAM YOUNG UNIVERSITY                ,UT,84602-8406,Private      ,326,410,736,12868,14573,27441
00367100,DIXIE STATE COLLEGE OF UTAH             ,UT,84770-3876,Public       ,72,138,210,4046,5621,9667
00367200,LDS BUSINESS COLLEGE                    ,UT,84101-3500,Private      ,26,39,65,988,1035,2023
00367400,STEVENS HENAGER COLLEGE                 ,UT,84401-1420,Proprietary  ,218,1718,1936,1784,13843,15627
00367500,UNIVERSITY OF UTAH                      ,UT,84112-9055,Public       ,125,351,476,11535,18766,30301
00367600,COLLEGE OF EASTERN UTAH                 ,UT,84501-2699,Public       ,15,39,54,1050,1290,2340
00367700,UTAH STATE UNIVERSITY                   ,UT,84322-1400,Public       ,73,322,395,9550,12218,21768
00367800,SOUTHERN UTAH UNIVERSITY                ,UT,84720-2470,Public       ,33,121,154,5008,3883,8891
00367900,SNOW COLLEGE                            ,UT,84627-1299,Public       ,21,26,47,2585,1219,3804
00368000,WEBER STATE UNIVERSITY                  ,UT,84408-1136,Public       ,87,299,386,7098,13756,20854
00368100,WESTMINSTER COLLEGE                     ,UT,84105-3697,Private      ,11,53,64,2302,2195,4497
00402700,UTAH VALLEY UNIVERSITY                  ,UT,84058-5999,Public       ,177,584,761,10139,19461,29600
00522000,SALT LAKE COMMUNITY COLLEGE             ,UT,84123-0000,Public       ,256,839,1095,9449,21635,31084
00732953,ITT TECHNICAL INSTITUTE                 ,UT,84123-2500,Proprietary  ,21,128,149,555,2288,2843
00943300,SHERMAN KENDALL'S ACADEMY OF BEAUTY     ,UT,84106-1836,Proprietary  ,4,6,10,31,127,158
01009800,NEUMONT UNIVERSITY                      ,UT,84095-0000,Proprietary  ,2,2,4,509,116,625
01116500,UINTAH BASIN APPLIED TECHNOLOGY CLG     ,UT,84066-0000,Public       ,0,14,14,32,242,274
01116600,BROADVIEW UNIVERSITY                    ,UT,84088-4021,Proprietary  ,1,21,22,565,2122,2687
02078800,SHERMAN KENDALL'S ACADEMY OF BEAUTY     ,UT,84047-0000,Proprietary  ,1,7,8,30,76,106
02115400,BRIDGERLAND APPLIED TECHNOLOGY COLLEGE  ,UT,84321-0000,Public       ,14,54,68,343,1112,1455
02156600,DAVIS APPLIED TECHNOLOGY COLLEGE        ,UT,84037-0000,Public       ,12,72,84,567,2206,2773
02178500,EAGLE GATE COLLEGE                      ,UT,84123-0000,Proprietary  ,14,75,89,351,1956,2307
02178501,EAGLE GATE COLLEGE - LAYTON CAMPUS      ,UT,84041-2383,Proprietary  ,0,0,0,2,22,24
02178502,EAGLE GATE COLLEGE - SLC DOWNTOWN LEARNI,UT,84111-3407,Proprietary  ,0,0,0,4,19,23
02270800,AMERITECH COLLEGE                       ,UT,84604-6927,Proprietary  ,5,65,70,63,567,630
02270802,AMERITECH COLLEGE - DRAPER              ,UT,84020-6545,Proprietary  ,1,8,9,39,275,314
02298500,EVEREST COLLEGE                         ,UT,84119-2668,Proprietary  ,3,15,18,186,1105,1291
02346500,OGDEN-WEBER APPLIED TECHNOLOGY COLG     ,UT,84404-0000,Public       ,13,64,77,399,2060,2459
02360800,PROVO COLLEGE                           ,UT,84601-0000,Proprietary  ,5,38,43,358,1155,1513
02360802,PROVO COLLEGE - AMERICAN FORK CAMPUS    ,UT,84003-3395,Proprietary  ,0,0,0,2,6,8
02504000,MARINELLO SCHOOL OF BEAUTY              ,UT,84041-0000,Proprietary  ,1,14,15,64,196,260
02504001,MARINELLO SCHOOL OF BEAUTY - MAIN STREET,UT,84041-3002,Proprietary  ,0,2,2,8,20,28
02516100,MARINELLO SCHOOL OF BEAUTY              ,UT,84405-1501,Proprietary  ,10,21,31,80,241,321
02531800,VON CURTIS ACADEMY OF HAIR DESIGN       ,UT,84606-0000,Proprietary  ,58,81,139,1055,1233,2288
02556800,PAUL MITCHELL THE SCHOOL                ,UT,84117-7204,Proprietary  ,13,32,45,250,422,672
02556801,PAUL MITCHELL THE SCHOOL                ,UT,84780-0000,Proprietary  ,0,2,2,8,13,21
02557700,PREMIER HAIR ACADEMY                    ,UT,84120-3603,Proprietary  ,2,6,8,24,79,103
02572700,EVANS HAIRSTYLING COLLEGE               ,UT,84770-0000,Proprietary  ,2,4,6,45,66,111
02572800,VISTA COLLEGE                           ,UT,84015-0000,Proprietary  ,1,12,13,34,197,231
02572802,VISTA COLLEGE - SALT LAKE CITY          ,UT,84119-1458,Proprietary  ,0,0,0,7,22,29
02573100,EVANS HAIRSTYLING COLLEGE               ,UT,84720-0000,Proprietary  ,0,2,2,38,68,106
02612200,MARINELLO SCHOOL OF BEAUTY              ,UT,84604-1585,Proprietary  ,2,11,13,105,165,270
03030600,UTAH COLLEGE OF MASSAGE THERAPY         ,UT,84111-1606,Proprietary  ,18,43,61,396,759,1155
03030601,UTAH CLG OF MASSAGE THER-PROVO CMPS     ,UT,84042-0000,Proprietary  ,13,8,21,108,206,314
03082100,MYOTHERAPY COLLEGE OF UTAH              ,UT,84115-2522,Proprietary  ,1,6,7,25,142,167
03108200,ECHELON EDGE ACADEMY OF HAIR SKIN & NAIL,UT,84070-2004,Proprietary  ,5,7,12,48,114,162
03110400,HAIRITAGE HAIR ACADEMY                  ,UT,84770-5233,Proprietary  ,2,2,4,38,71,109
03339400,WESTERN GOVERNORS UNIVERSITY            ,UT,84107-2533,Private      ,44,1454,1498,835,30452,31287
03413300,MOUNTAINLAND APPLIED TECHNOLOGY COLLEGE ,UT,84058-5857,Public       ,2,20,22,189,687,876
03463300,CAREERS UNLIMITED                       ,UT,84058-0000,Proprietary  ,3,6,9,56,172,228
03617300,HEALING MOUNTAIN MASSAGE SCHOOL         ,UT,84111-0000,Proprietary  ,3,4,7,33,112,145
03829500,SKINWORKS SCHOOL OF ADVANCED SKINCARE   ,UT,84115-0000,Proprietary  ,3,5,8,23,102,125
03838300,OGDEN INSTITUTE OF MASSAGE THERAPY      ,UT,84403-0000,Proprietary  ,0,9,9,32,112,144
03902300,RENAISSANCE SCHOOL OF THERAPEUTIC MASSAG,UT,84010-2835,Proprietary  ,2,0,2,9,47,56
03909300,MAXIMUM STYLE TEC SCHOOL OF COSMETOLOGY ,UT,84323-4679,Proprietary  ,2,7,9,54,93,147
03921300,CAMEO COLLEGE OF ESSENTIAL BEAUTY       ,UT,84115-0000,Proprietary  ,7,20,27,131,430,561
04054300,SOUTHWEST APPLIED TECHNOLOGY COLLEGE    ,UT,84720-6608,Public       ,1,10,11,86,292,378
04072300,AVEDA INSTITUTE PROVO                   ,UT,84604-1008,Proprietary  ,3,4,7,51,100,151
04118100,IMAGEWORKS ACADEMY OF HAIR DESIGN       ,UT,84660-1210,Proprietary  ,1,8,9,35,96,131
04121700,DIXIE APPLIED TECHNOLOGY COLLEGE        ,UT,84770-3025,Public       ,5,18,23,283,527,810
04142100,SKIN INSTITUTE (THE)                    ,UT,84770-6452,Proprietary  ,0,4,4,19,53,72
04145500,SKIN SCIENCE INSTITUTE (THE)            ,UT,84115-0000,Proprietary  ,1,6,7,41,168,209
04153000,RENAISSANCE ACADEMIE                    ,UT,84604-0000,Proprietary  ,7,4,11,38,51,89
04161900,MANDALYN ACADEMY                        ,UT,84003-2161,Proprietary  ,2,4,6,14,38,52
04165500,ACAYDIA SCHOOL OF AESTHETICS            ,UT,84601-0000,Proprietary  ,2,2,4,8,28,36
04169900,AMERICAN BEAUTY ACADEMY                 ,UT,84651-0000,Proprietary  ,3,5,8,22,46,68
04173200,TAYLOR ANDREWS ACADEMY OF HAIR DESIGN   ,UT,84088-6577,Proprietary  ,10,19,29,21,47,68
04184200,TAYLOR ANDREWS ACADEMY-ST. GEORGE       ,UT,84790-2139,Proprietary  ,9,12,21,9,12,21
00368200,BENNINGTON COLLEGE                      ,VT,05201-6001,Private      ,1,1,2,1120,336,1456
00368300,CASTLETON STATE COLLEGE                 ,VT,05735-0000,Public       ,2,5,7,3041,479,3520
00368400,CHAMPLAIN COLLEGE                       ,VT,05401-3950,Private      ,1,26,27,3603,1199,4802
00368402,WOODBURY COLLEGE                        ,VT,05602-0000,Private      ,0,1,1,3,27,30
00368500,COLLEGE OF ST JOSEPH                    ,VT,05701-3899,Private      ,1,5,6,182,312,494
00368600,GODDARD COLLEGE                         ,VT,05667-0000,Private      ,1,10,11,89,1077,1166
00368700,GREEN MOUNTAIN COLLEGE                  ,VT,05764-1199,Private      ,1,2,3,1138,214,1352
00368800,JOHNSON STATE COLLEGE                   ,VT,05656-9898,Public       ,0,7,7,1514,1055,2569
00368900,LYNDON STATE COLLEGE                    ,VT,05851-0919,Public       ,0,1,1,1749,364,2113
00369000,MARLBORO COLLEGE                        ,VT,05344-0300,Private      ,0,8,8,447,135,582
00369100,MIDDLEBURY COLLEGE                      ,VT,05753-0000,Private      ,1,6,7,4058,542,4600
00369200,NORWICH UNIVERSITY                      ,VT,05663-1035,Private      ,9,44,53,2988,1794,4782
00369300,SOUTHERN VERMONT COLLEGE                ,VT,05201-6002,Private      ,1,2,3,613,225,838
00369400,ST MICHAELS COLLEGE                     ,VT,05439-0001,Private      ,3,9,12,3213,236,3449
00369600,UNIVERSITY OF VERMONT                   ,VT,05405-0160,Public       ,9,40,49,18603,3427,22030
00369700,VERMONT COLLEGE OF FINE ARTS            ,VT,05602-3128,Private      ,0,2,2,18,405,423
00369800,VERMONT TECHNICAL COLLEGE               ,VT,05061-0000,Public       ,1,2,3,1305,936,2241
00857500,SALON PROFESSIONAL ACADEMY (THE)        ,VT,05495-4001,Proprietary  ,1,4,5,55,92,147
00865800,O'BRIENS AVEDA INSTITUTE                ,VT,05403-7747,Proprietary  ,1,4,5,40,82,122
00886000,SIT                                     ,VT,05301-4801,Private      ,0,5,5,8,598,606
01116700,COMMUNITY COLLEGE OF VERMONT            ,VT,05676-0000,Public       ,14,88,102,1983,5100,7083
01193400,VERMONT LAW SCHOOL                      ,VT,05068-0000,Private      ,0,7,7,6,1173,1179
01218300,BURLINGTON COLLEGE                      ,VT,05401-8477,Private      ,1,3,4,212,153,365
02143500,STERLING COLLEGE                        ,VT,05827-0000,Private      ,0,1,1,145,35,180
02254000,NEW ENGLAND CULINARY INSTITUTE          ,VT,05602-0000,Proprietary  ,4,3,7,455,391,846
02532600,LANDMARK COLLEGE                        ,VT,05346-0000,Private      ,1,0,1,463,85,548
03708300,BURLINGTON TECHNICAL CENTER             ,VT,05401-2721,Public       ,0,0,0,11,23,34
04146900,ADVANCED WELDING INSTITUTE              ,VT,05403-0000,Proprietary  ,0,0,0,18,34,52
00392800,CASPER COLLEGE                          ,WY,82601-4612,Public       ,5,49,54,1297,2192,3489
00392900,EASTERN WYOMING COLLEGE                 ,WY,82240-1603,Public       ,0,10,10,454,486,940
00393000,SHERIDAN COLLEGE                        ,WY,82801-9133,Public       ,5,30,35,988,1293,2281
00393100,NORTHWEST COLLEGE                       ,WY,82435-1895,Public       ,4,18,22,996,877,1873
00393200,UNIVERSITY OF WYOMING                   ,WY,82071-3663,Public       ,32,84,116,6641,5146,11787
00393300,WESTERN WYOMING COMMUNITY COLLEGE       ,WY,82902-0000,Public       ,3,26,29,983,1405,2388
00728900,CENTRAL WYOMING COLLEGE                 ,WY,82501-0000,Public       ,8,35,43,585,1104,1689
00915700,WYOMING TECHNICAL INSTITUTE             ,WY,82072-9519,Proprietary  ,313,82,395,2879,1577,4456
00925900,LARAMIE COUNTY COMMUNITY CLG            ,WY,82007-3299,Public       ,16,67,83,1453,2454,3907
02211900,CHEEKS INTERNATIONAL ACDMY              ,WY,82001-0000,Proprietary  ,0,15,15,73,226,299
00393500,UNIV OF GUAM                            ,GU,96923-0000,Public       ,38,32,70,2387,1760,4147
01536100,GUAM COMMUNITY COLLEGE                  ,GU,96921-0000,Public       ,16,15,31,1436,1561,2997
03438300,PACIFIC ISLANDS UNIVERSITY              ,GU,96913-2619,Private      ,0,0,0,75,80,155
00393600,PONTIFICAL CATHOLIC UNIV OF PR          ,PR,00717-0777,Private      ,87,36,123,6043,5566,11609
00393700,UNIVERSITY OF THE SACRED HEART          ,PR,00914-0383,Private      ,31,29,60,3859,2765,6624
00393800,INTER-AMER UNIV PR-CNTRL ADMN           ,PR,00936-0000,Private      ,28,39,67,3593,6631,10224
00393801,INTER-AMER UNIV PR SCHL LAW             ,PR,00936-8351,Private      ,0,3,3,27,434,461
00393802,INTER AMERICAN UNIVERSITY OF PUERTO RICO,PR,00926-0000,Private      ,4,7,11,1150,1569,2719
00393803,INTER AMERICAN UNIVERSITY OF PR         ,PR,00683-0000,Private      ,8,14,22,3820,2281,6101
00393804,INTER-AMER UNIV PR-RECINTO AGUADILA     ,PR,00605-2000,Private      ,8,14,22,2833,2759,5592
00393805,INTER-AMER UNIV PR-ARECIBO CAMPUS       ,PR,00614-4050,Private      ,5,17,22,3248,3098,6346
00393806,INTER-AMER UNIV PR-BARRANQUITAS REG     ,PR,00794-0517,Private      ,101,12,113,1890,1162,3052
00393807,INTER-AMER UNIV PR-FAJARDO REGIONAL     ,PR,00738-0000,Private      ,5,6,11,1530,1307,2837
00393808,INTER-AMER UNIV PR - GUAYAMA CAMPUS     ,PR,00785-4004,Private      ,46,17,63,1350,1656,3006
00393809,INTER-AMER UNIV PR-PONCE REGIONAL       ,PR,00715-0000,Private      ,10,10,20,3638,4027,7665
00393811,INTER-AMER UNIV PR-BAYAMON REG CLG      ,PR,00959-0000,Private      ,11,8,19,4190,2182,6372
00394100,COLEGIO UNIVERSITARIO DEL ESTE          ,PR,00983-0000,Private      ,39,168,207,7256,9560,16816
00394200,UNIVERSITY OF PR-CENTRAL ADMINISTRATION ,PR,00936-4984,Public       ,2,4,6,201,140,341
00394300,UNIVERSITY OF PUERTO RICO - HUMACAO UNIV,PR,00791-4300,Public       ,8,1,9,3743,739,4482
00394400,UNIVERSITY OF PUERTO RICO - MAYAGUEZ    ,PR,00680-0000,Public       ,13,16,29,10130,2438,12568
00501900,UNIV ADVENTISTA DE LAS ANTILLAS         ,PR,00681-0118,Private      ,11,3,14,812,479,1291
00502200,BAYAMON CENTRAL UNIVERSITY              ,PR,00960-0000,Private      ,87,31,118,1227,1356,2583
00710800,UNIVERSITY OF PUERTO RICO - RIO PIEDRAS ,PR,00931-3300,Public       ,44,77,121,10133,4149,14282
00720600,UNIVERSITY OF PUERTO RICO - CAYEY UNIVER,PR,00736-5534,Public       ,14,1,15,3426,597,4023
00722800,UNIVERSITY OF PUERTO RICO - ARECIBO     ,PR,00614-4010,Public       ,9,3,12,4063,704,4767
00890200,COLUMBIA CENTRO UNIVERSITARIO           ,PR,00726-0000,Proprietary  ,37,95,132,1156,1819,2975
00965200,"UNIVERSITY OF PUERTO RICO, PONCE TECH UN",PR,00716-0000,Public       ,7,1,8,3532,551,4083
01056700,COLEGIO TECNOLOGICO DE SAN JUAN         ,PR,00918-2973,Public       ,1,3,4,888,1136,2024
01072400,CARLOS ALBIZU UNIVERSITY                ,PR,00902-3711,Private      ,1,5,6,97,832,929
01081900,CONSERVATORIO DE MUSICA DE PUERTO RICO  ,PR,00907-3373,Public       ,1,1,2,304,114,418
01092200,UNIVERSITY OF PUERTO RICO - UTUADO      ,PR,00641-2500,Public       ,2,2,4,1435,289,1724
01097500,UNIVERSITY OF PUERTO RICO BAYAMON TECHNI,PR,00959-1911,Public       ,7,2,9,4570,850,5420
01120300,RYDER MEMORIAL HOSP SCH OF NURSING      ,PR,00792-0000,Private      ,0,0,0,21,11,32
01171900,UNIVERSIDAD DEL TURABO                  ,PR,00778-0000,Private      ,30,188,218,7534,11292,18826
01194000,ICPR JUNIOR COLLEGE                     ,PR,00919-0000,Proprietary  ,164,213,377,1509,2042,3551
01194100,AMERICAN UNIVERSITY OF PUERTO RICO      ,PR,00960-2037,Private      ,45,21,66,1025,794,1819
01194101,AMERICAN UNIVERSITY OF PUERTO RICO      ,PR,00674-0000,Private      ,32,22,54,826,702,1528
01212300,"UNIVERSITY OF PUERTO RICO, AGUADILLA REG",PR,00604-0160,Public       ,7,0,7,2646,649,3295
01252500,CARIBBEAN UNIVERSITY                    ,PR,00960-0493,Private      ,70,115,185,2903,4131,7034
01314800,RAMIREZ COLLEGE OF BUS & TECH           ,PR,00918-0000,Proprietary  ,0,0,0,0,3,3
02063100,MBTI BUSINESS TRNG INSTITUTE            ,PR,00907-3917,Proprietary  ,24,36,60,575,1708,2283
02100000,POLYTECHNIC UNIVERSITY OF PR            ,PR,00917-0000,Private      ,9,13,22,2843,2563,5406
02163300,UNIVERSIDAD CENTRAL DEL CARIBE          ,PR,00960-0000,Private      ,1,3,4,213,499,712
02165100,EDP COLLEGE OF PUERTO RICO              ,PR,00919-0000,Private      ,51,74,125,1009,1750,2759
02166000,CENTER FOR ADVANCED STUDIES OF PUER     ,PR,00902-0000,Private      ,0,7,7,0,177,177
02166400,INSTITUTO DE BANCA Y COMERCIO           ,PR,00925-0000,Proprietary  ,255,261,516,7630,10818,18448
02170300,INST EDUC TECNIA OCUP LA REINA          ,PR,00674-0000,Proprietary  ,5,13,18,350,542,892
02170301,INST EDUC TECNICA OCUPLA LA REINA       ,PR,00603-0000,Proprietary  ,0,0,0,1,6,7
02189100,CENTRO DE ESTUDIOS MULTIDISCIPLIN       ,PR,00926-0000,Private      ,83,141,224,1885,2542,4427
02189300,EMMA'S BEAUTY ACADEMY                   ,PR,00680-0000,Proprietary  ,1,9,10,262,260,522
02195400,MODERN HAIRSTYLING INSTITUTE            ,PR,00961-0000,Proprietary  ,50,38,88,911,756,1667
02195500,MODERN HAIRSTYLING INSTITUTE            ,PR,00612-0000,Proprietary  ,0,1,1,7,7,14
02195800,LICEO E ARTE Y TECNOLGIA                ,PR,00919-0000,Proprietary  ,36,34,70,692,789,1481
02195900,MODERN HAIRSTYLING INSTITUTE            ,PR,00980-0000,Proprietary  ,0,1,1,11,12,23
02234900,ANTILLES SCHOOL OF TECH CAREERS         ,PR,00909-3006,Proprietary  ,24,26,50,183,250,433
02241901,COMMONWEALTH OF PR DEPT OF EDUC - CARLOS,PR,00986-0000,Public       ,1,9,10,33,67,100
02241902,COMMONWEALTH OF PR DEPT OF EDUC - TOMAS ,PR,00613-0000,Public       ,0,1,1,42,38,80
02241904,COMMONWEALTH OF PR DEPT OF EDUC - ITPR R,PR,00655-0000,Public       ,1,1,2,557,270,827
02241905,COMMONWEALTH OF PR DEPT OF EDUC - JOSE A,PR,00674-0000,Public       ,1,0,1,108,30,138
02241907,COMMONWEALTH OF PR DEPT OF EDUC - ITPR R,PR,00928-0000,Public       ,2,0,2,456,235,691
02241908,COMMONWEALTH OF PR DEPT OF EDUC - ITPR R,PR,00732-0000,Public       ,4,0,4,510,285,795
02241909,COMMONWEALTH OF PR DEPT OF EDUC - TROQUE,PR,00959-0000,Public       ,0,0,0,37,9,46
02241910,COMMONWEALTH OF PR DEPT OF EDUC - ITPR R,PR,00701-1091,Public       ,3,0,3,626,289,915
02260600,NATIONAL COLLEGE OF BUSINESS & TECH     ,PR,00960-2036,Proprietary  ,23,72,95,3883,5960,9843
02260601,NATIONAL COLLEGE OF BUSINESS & TECHNOLOG,PR,00612-0000,Proprietary  ,0,0,0,60,37,97
02260602,NATIONAL COLLEGE OF BUSINESS & TECHNOLOG,PR,00745-9903,Proprietary  ,0,0,0,35,36,71
02260800,HUERTAS JUNIOR COLLEGE                  ,PR,00726-0000,Proprietary  ,38,85,123,1109,1679,2788
02297700,AUTOMECA TECHNICAL COLLEGE              ,PR,00957-0000,Proprietary  ,1,1,2,1200,790,1990
02303800,AMERICAN EDUCATIONAL COLLEGE            ,PR,00961-0000,Proprietary  ,93,127,220,679,1052,1731
02335500,COLEGIO BIBLICO PENTECOSTAL DE PR       ,PR,00978-0000,Private      ,0,2,2,21,186,207
02340600,HUMACAO COMMUNITY COLLEGE               ,PR,00792-0000,Private      ,15,39,54,361,499,860
02343600,INSTITUTE OF BEAUTY CAREERS             ,PR,00613-0000,Proprietary  ,75,66,141,451,603,1054
02460000,UNIVERSITY OF PUERTO RICO - MEDICAL SCIE,PR,00936-0000,Public       ,3,15,18,641,1574,2215
02482400,PONCE SCHOOL OF MEDICINE AND HEALTH SCIE,PR,00716-2347,Private      ,1,0,1,55,652,707
02502400,SERBIA'S SCHOOL OF BEAUTY CULTURE       ,PR,00785-0000,Proprietary  ,5,29,34,188,307,495
02504500,INSTITUCION CHAVIANO DE MAYAGUEZ        ,PR,00708-0000,Proprietary  ,4,25,29,54,220,274
02505400,ATLANTIC COLLEGE                        ,PR,00970-0000,Private      ,13,16,29,1080,569,1649
02534900,PONCE PARAMEDICAL COLLEGE (POPAC)       ,PR,00731-0000,Proprietary  ,74,120,194,2115,1939,4054
02552300,COLEGIO MAYOR DE TECHNOLOGIA            ,PR,00714-0000,Proprietary  ,5,15,20,235,334,569
02562500,INTERNATIONAL TECHNICAL COLLEGE         ,PR,00918-0000,Proprietary  ,13,23,36,59,182,241
02563500,ROGIES SCHOOL OF BEAUTY CULTURE         ,PR,00910-0000,Proprietary  ,1,3,4,129,217,346
02569400,ESCUELA DE ARTES PLASTICAS              ,PR,00902-1112,Public       ,1,3,4,407,208,615
02570400,EDUCATIONAL TECHNICAL COLLEGE           ,PR,00925-3404,Proprietary  ,28,31,59,606,1092,1698
02576100,ESCUELA TECNICA DE ELECTRICIDAD         ,PR,00731-0000,Proprietary  ,6,25,31,246,424,670
02587500,UNIVERSIDAD METROPOLITANA               ,PR,00928-0000,Private      ,39,260,299,5775,9745,15520
02588600,SEMINARIO EVANGELICO DE PUERTO RICO     ,PR,00925-0000,Private      ,0,2,2,0,36,36
02593700,HISPANIC AMERICAN COLLEGE               ,PR,00725-0000,Proprietary  ,28,41,69,225,339,564
03016000,UNIVERSITY OF PUERTO RICO CAROLINA REGIO,PR,00985-0000,Public       ,17,11,28,3694,776,4470
03021900,EDIC COLLEGE                            ,PR,00726-0000,Proprietary  ,5,9,14,982,1351,2333
03025500,MECH TECH COLLEGE                       ,PR,00725-6118,Proprietary  ,98,140,238,3434,2431,5865
03025900,"LICEO DE ARTE, DISENOS Y COMERCIO       ",PR,00726-0000,Proprietary  ,7,32,39,328,478,806
03029700,"UNIVERSAL TECHNOLOGY CLG OF PR, INC     ",PR,00605-1955,Private      ,31,77,108,530,1164,1694
03061900,COLEGIO TECHNOLOGICO Y COMERCIAL        ,PR,00602-0960,Proprietary  ,2,3,5,37,78,115
03068400,STAR BEAUTY ACADEMY                     ,PR,00961-6312,Proprietary  ,8,5,13,67,98,165
03070500,D'MART INSTITUTE                        ,PR,00794-3517,Proprietary  ,43,105,148,926,1447,2373
03075600,EMMA'S BEAUTY ACADEMY                   ,PR,00795-0000,Proprietary  ,45,24,69,421,375,796
03085700,PROFESSIONAL TECHNICAL INSTITUTION      ,PR,00960-7061,Proprietary  ,10,20,30,226,278,504
03104400,PROFESSIONAL ELECTRIC SCHOOL            ,PR,00674-1797,Proprietary  ,2,4,6,38,50,88
03106900,ESCUELA DE PERITOS ELECTRICITAS         ,PR,00662-0457,Proprietary  ,0,2,2,44,75,119
03112100,JOHN DEWEY COLLEGE                      ,PR,00915-9538,Private      ,218,418,636,2882,5572,8454
03112101,JOHN DEWEY COLLEGE                      ,PR,00986-0000,Private      ,46,49,95,732,938,1670
03112102,JOHN DEWEY COLLEGE-BAYAMON CAMPUS       ,PR,00959-0000,Private      ,36,67,103,540,865,1405
03112104,JOHN DEWEY COLLEGE - YABUCOA LRNING SITE,PR,00767-0767,Private      ,12,25,37,219,533,752
03112105,JOHN DEWEY COLLEGE - FAJARDO BRANCH     ,PR,00738-0738,Private      ,9,15,24,228,344,572
03112106,JOHN DEWEY COLLEGE - ARROYO BRANCH      ,PR,00714-0714,Private      ,5,19,24,72,188,260
03112107,JOHN DEWEY COLLEGE - JUANA DIAZ BRANCH  ,PR,00795-0000,Private      ,19,30,49,234,286,520
03112108,JOHN DEWEY COLLEGE - HATILLO CAMPUS     ,PR,00659-0000,Private      ,20,31,51,133,267,400
03112109,JOHN DEWEY COLLEGE - MANATI             ,PR,00674-0000,Private      ,35,71,106,279,523,802
03115900,TRINITY COLLEGE OF PUERTO RICO          ,PR,00734-0000,Private      ,15,25,40,123,210,333
03122500,ACADEMIA SERRANT INC.                   ,PR,00717-1568,Proprietary  ,9,23,32,153,382,535
03123100,GLOBELLE TECHNICAL INSTITUTE            ,PR,00693-4218,Proprietary  ,15,11,26,245,108,353
03124200,NOVA COLLEGE DE PUERTO RICO             ,PR,00960-4016,Proprietary  ,7,44,51,126,408,534
03157600,"COLEGIO DE CINEMATOGRAFIA, ARTES Y TELEV",PR,00961-6345,Proprietary  ,19,25,44,531,367,898
03177300,SAN JUAN BAUTISTA SCH OF MEDICINE       ,PR,00726-0000,Private      ,0,2,2,8,317,325
03326300,UNIVERSAL CAREER COMMUNITY COLLEGE      ,PR,00907-0000,Proprietary  ,21,64,85,644,947,1591
03336300,CENTURY COLLEGE                         ,PR,00603-0000,Proprietary  ,4,4,8,168,286,454
03414300,MONTECLARO                              ,PR,00745-9612,Private      ,0,1,1,6,4,10
03452300,INSTITUTO PRE-VOCACIONAL E INDUSTRI     ,PR,00613-1800,Private      ,0,1,1,74,159,233
03469300,IVAEM COLLEGE                           ,PR,00725-0000,Proprietary  ,1,2,3,155,82,237
03531300,COLEGIO PENTECOSTAL MIZPA               ,PR,00928-0966,Private      ,0,0,0,21,295,316
03544300,ATENAS COLLEGE                          ,PR,00674-0000,Private      ,17,31,48,877,1318,2195
03552300,LESTON COLLEGE                          ,PR,00961-6309,Proprietary  ,10,33,43,98,136,234
03585300,CENTRO DE CAPACITACION Y ASESORAMIE     ,PR,00612-0000,Private      ,7,37,44,7,37,44
03608300,CARIBBEAN FORENSIC & TECHNICAL COLL     ,PR,00926-0000,Proprietary  ,7,10,17,55,125,180
03638300,ROSSLYN TRAINING ACADEMY OF COSMETOLOGY ,PR,00602-3225,Proprietary  ,1,5,6,28,78,106
03735400,"CHARLIES GUARD,DETECTIVE BUREAU&ACA     ",PR,00605-0000,Proprietary  ,12,10,22,89,192,281
03751300,ESCUELA HOTELERA DE SAN JUAN            ,PR,00917-0091,Proprietary  ,6,6,12,697,525,1222
03758300,BAYAMON COMMUNITY COLLEGE               ,PR,00960-0000,Proprietary  ,6,28,34,80,216,296
03781400,INDUSTRIAL TECHNICAL COLLEGE            ,PR,00792-0000,Proprietary  ,30,48,78,128,296,424
03785300,J.G. GUAYNABO TECHNICAL COLLEGE         ,PR,00960-0000,Proprietary  ,9,13,22,70,154,224
03800300,COLEGIO TECNICO DE ELECTRICIDAD GALLOSA ,PR,00602-0000,Proprietary  ,0,3,3,18,69,87
03800400,INSTITUTE OF BEAUTY OCCUPATIONS AND TECH,PR,00676-5071,Proprietary  ,6,13,19,70,118,188
03843300,ADVANCED TECH COLLEGE                   ,PR,00961-6321,Proprietary  ,9,10,19,157,319,476
03849300,AGUADILLA TECHNICAL COLLEGE             ,PR,00603-0000,Proprietary  ,1,6,7,27,67,94
03965400,MYRANGEL BEAUTY INSTITUTE               ,PR,00754-3917,Proprietary  ,13,20,33,109,253,362
04030300,"ASPIRA DE PUERTO RICO, ACADEMIA DE TECNO",PR,00987-0000,Private      ,0,0,0,6,9,15
04107300,CARIB TECHNOLOGICAL INSTITUTE           ,PR,00960-0000,Proprietary  ,25,35,60,220,254,474
04117200,INSTITUTO EDUCATIVO PREMIER             ,PR,00731-0000,Proprietary  ,11,35,46,116,267,383
04131600,LIBERTY TECHNICAL COLLEGE               ,PR,00737-1298,Proprietary  ,9,11,20,73,168,241
04158600,SCOTLAND EDUCATIONAL INSTITUTE          ,PR,00961-6312,Proprietary  ,7,4,11,11,27,38
04176000,AMERICAN TECHNICAL INSTITUTE            ,PR,00957-0000,Proprietary  ,23,13,36,23,13,36
00394600,UNIVERSITY OF THE VIRGIN ISLANDS        ,VI,00802-6000,Public       ,9,13,22,1154,962,2116
00394601,UNIV OF THE VIRGIN ISLANDS-ST CROIX     ,VI,00850-0000,Public       ,5,7,12,547,670,1217
00667700,MCGILL UNIVERSITY                       ,CN,00000-0000,Public       ,3,3,6,1801,457,2258
00667900,QUEEN'S UNIVERSITY AT KINGSTON          ,CN,00000-0000,Public       ,0,1,1,101,50,151
00668100,ST FRANCIS XAVIER UNIVERSITY            ,CN,00000-0000,Public       ,0,0,0,33,8,41
00668200,ST THOMAS UNIVERSITY                    ,CN,00000-0000,Public       ,0,0,0,18,4,22
00668300,UNIVERSITY OF GUELPH                    ,CN,00000-0000,Public       ,0,0,0,38,55,93
00668400,UNIVERSITY OF MANITOBA                  ,CN,00000-0000,Public       ,0,0,0,32,34,66
00668500,UNIVERSITY OF NEW BRUNSWICK (THE)       ,CN,00000-0000,Public       ,0,0,0,14,12,26
00668600,UNIVERSITY OF OTTAWA                    ,CN,00000-0000,Public       ,0,0,0,43,41,84
00668800,UNIVERSITY OF TORONTO                   ,CN,00000-0000,Public       ,1,2,3,329,386,715
00668900,UNIVERSITY OF WINDSOR                   ,CN,00000-0000,Public       ,0,1,1,17,52,69
00683700,UNIVERSITE LAVAL                        ,CN,00000-0000,Public       ,0,1,1,5,18,23
00683800,DALHOUSIE UNIVERSITY                    ,CN,00000-0000,Public       ,0,0,0,114,82,196
00685200,BISHOP'S UNIVERSITY                     ,CN,00000-0000,Private      ,0,0,0,44,6,50
00685300,MCMASTER UNIVERSITY                     ,CN,00000-0000,Public       ,1,0,1,32,34,66
00767900,YORK UNIVERSITY                         ,CN,00000-0000,Public       ,1,1,2,114,117,231
00787400,UNIVERSITY AT CALGARY (THE)             ,CN,00000-0000,Public       ,0,0,0,41,51,92
00814800,UNIVERSITY OF WINNIPEG                  ,CN,00000-0000,Public       ,0,0,0,15,5,20
00836200,UNIVERSITY OF ALBERTA (THE)             ,CN,00000-0000,Public       ,0,2,2,35,53,88
00836300,MOUNT SAINT VINCENT UNIVERSITY          ,CN,00000-0000,Private      ,0,0,0,8,3,11
00836400,SAINT MARY'S UNIVERSITY                 ,CN,00000-0000,Public       ,0,1,1,24,13,37
00836500,CONCORDIA UNIVERSITY - SIR GEORGE W     ,CN,00000-0000,Public       ,1,0,1,239,163,402
00836600,UNIVERSITE DE MONTREAL                  ,CN,00000-0000,Public       ,0,0,0,10,35,45
00836800,CARLETON UNIVERSITY                     ,CN,00000-0000,Public       ,0,1,1,49,38,87
00836900,UNIVERSITY OF BRITISH COLUMBIA          ,CN,00000-0000,Public       ,3,6,9,758,556,1314
00837000,"SAFA, UNIVERSITY OF VICTORIA            ",CN,00000-0000,Public       ,0,0,0,115,84,199
00844400,SIMON FRASER UNIVERSITY                 ,CN,00000-0000,Public       ,0,0,0,114,127,241
00844600,UNIVERSITY OF WESTERN ONTARIO (THE)     ,CN,00000-0000,Public       ,0,0,0,35,53,88
00844800,UNIVERSITY OF REGINA                    ,CN,00000-0000,Public       ,0,0,0,8,8,16
00844900,ACADIA UNIVERSITY                       ,CN,00000-0000,Public       ,0,1,1,58,14,72
00852600,UNIVERSITY OF WATERLOO                  ,CN,00000-0000,Public       ,0,0,0,41,22,63
00858200,WILFRID LAURIER UNIVERSITY              ,CN,00000-0000,Public       ,1,0,1,12,8,20
00891300,LAKEHEAD UNIVERSITY                     ,CN,00000-0000,Public       ,0,0,0,7,4,11
00911900,UNIVERSITE DE MONCTON                   ,CN,00000-0000,Public       ,0,0,0,0,3,3
00925200,BROCK UNIVERSITY                        ,CN,00000-0000,Public       ,0,0,0,15,7,22
00936700,UNIVERSITY OF PRINCE EDWARD ISLAND      ,CN,00000-0000,Public       ,0,0,0,21,110,131
00942100,BRANDON UNIVERSITY                      ,CN,00000-0000,Public       ,0,0,0,6,9,15
00948600,TRINITY WESTERN UNIVERSITY              ,CN,00000-0000,Private      ,0,1,1,174,47,221
00950000,MEMORIAL UNIVERSITY OF NEWFOUNDLAND     ,CN,00000-0000,Public       ,0,0,0,18,24,42
00950100,UNIVERSITY OF KING'S COLLEGE            ,CN,00000-0000,Public       ,0,0,0,25,3,28
00950300,MOUNT ALLISON UNIVERSITY                ,CN,00000-0000,Public       ,0,0,0,45,2,47
00950400,NOVA SCOTIA AGRICULTURAL COLLEGE        ,CN,00000-0000,Public       ,0,0,0,3,2,5
00950500,TRENT UNIVERSITY                        ,CN,00000-0000,Public       ,0,0,0,10,7,17
00969700,LETHBRIDGE COLLEGE                      ,CN,00000-0000,Public       ,0,0,0,1,3,4
00969800,MEDICINE HAT COLLEGE                    ,CN,00000-0000,Public       ,0,0,0,1,1,2
00970100,SENECA COLG OF APPLIED ARTS & TECH      ,CN,00000-0000,Public       ,0,0,0,21,41,62
01012300,NOVA SCOTIA COLLEGE OF ART & DESIGN     ,CN,00000-0000,Public       ,0,1,1,24,18,42
01022100,SAINT PAUL UNIVERSITY                   ,CN,00000-0000,Public       ,0,0,0,0,7,7
01045800,SHERIDAN COLLEGE OF APPLIED ARTS AN     ,CN,00000-0000,Public       ,0,1,1,23,13,36
01067500,REGENT COLLEGE                          ,CN,00000-0000,Private      ,0,0,0,4,91,95
01070300,UNIVERSITY OF LETHBRIDGE                ,CN,00000-0000,Public       ,0,1,1,10,8,18
01072000,RYERSON UNIVERSITY                      ,CN,00000-0000,Public       ,0,1,1,55,60,115
01172200,BRIERCREST BIBLE COLLEGE                ,CN,00000-0000,Private      ,0,0,0,15,4,19
01221100,ALGONQUIN COLLEGE OF APPLIED ARTS & TECH,CN,00000-0000,Public       ,0,0,0,14,14,28
01222800,HUMBER COLLEGE                          ,CN,00000-0000,Public       ,0,0,0,28,30,58
01227400,PROVIDENCE COLLEGE                      ,CN,00000-0000,Private      ,0,0,0,9,5,14
02102100,BETHANY BIBLE COLLEGE                   ,CN,00000-0000,Private      ,0,0,0,52,23,75
02116600,CANADIAN MEMORIAL CHIROPRACTIC COLL     ,CN,00000-0000,Private      ,0,0,0,3,3,6
02167000,PRAIRIE BIBLE INST                      ,CN,00000-0000,Private      ,0,0,0,25,6,31
02184600,INSTITUTE FOR CHRISTIAN STUDIES         ,CN,00000-0000,Private      ,0,0,0,0,6,6
02195600,LASALLE COLLEGE                         ,CN,00000-0000,Private      ,0,0,0,13,13,26
02195700,TAYLOR UNIVERSITY COLLEGE AND SEMINARY  ,CN,00000-0000,Private      ,0,0,0,0,1,1
02201100,COLUMBIA BIBLE COLLEGE                  ,CN,00000-0000,Private      ,0,0,0,17,6,23
02216400,TYNDALE COLLEGE & SEMINARY              ,CN,00000-0000,Private      ,0,0,0,4,4,8
02219000,ST. LAWRENCE COLLEGE                    ,CN,00000-0000,Public       ,0,0,0,5,4,9
02219200,UNIVERSITY OF SASKATCHEWAN              ,CN,00000-0000,Public       ,0,1,1,8,21,29
02324900,EMMANUEL BIBLE COLLEGE                  ,CN,00000-0000,Private      ,0,0,0,3,1,4
02338800,EMILY CARR UNIVERSITY OF ART AND DESIGN ,CN,00000-0000,Public       ,0,1,1,71,44,115
02354700,RED DEER COLLEGE                        ,CN,00000-0000,Public       ,0,0,0,2,0,2
02577200,SALVATION ARMY WM & CATHERINE BOOTH     ,CN,00000-0000,Private      ,0,0,0,0,1,1
02593800,CONCORDIA UNIVERSITY COLLEGE            ,CN,00000-0000,Private      ,0,0,0,6,3,9
02611900,THE KING'S UNIVERSITY COLLEGE           ,CN,00000-0000,Private      ,0,0,0,2,1,3
03018300,ROCKY MOUNTAIN COLLEGE: CENTRE FOR BIBLI,CN,00000-0000,Private      ,0,0,0,2,1,3
03033800,UNIVERSITY COLLEGE OF CAPE BRETON       ,CN,00000-0000,Public       ,0,0,0,2,4,6
03078300,VANCOUVER SCHOOL OF THEOLOGY            ,CN,00000-0000,Private      ,0,0,0,4,7,11
03273300,CANADIAN COLLEGE OF NATUROPATHIC ME     ,CN,00000-0000,Private      ,0,0,0,2,23,25
03298300,ALBERTA COLLEGE OF ART & DESIGN         ,CN,00000-0000,Public       ,0,1,1,17,13,30
03332500,KWANTLEN UNIVERSITY COLLEGE             ,CN,00000-0000,Public       ,0,0,0,5,10,15
03335400,CANADIAN UNIVERSITY COLLEGE             ,CN,00000-0000,Private      ,0,0,0,31,15,46
03339300,ST. STEPHENS UNIVERSITY                 ,CN,00000-0000,Private      ,0,0,0,1,5,6
03348500,REDEEMER UNIVERSITY COLLEGE             ,CN,00000-0000,Private      ,0,0,0,11,1,12
03408300,CANDIAN NAZARENE UNIVERSITY COLLEGE     ,CN,00000-0000,Private      ,0,0,0,1,1,2
03420300,HOLLAND COLLEGE                         ,CN,00000-0000,Public       ,0,0,0,5,6,11
03421300,LOYALIST COLLEGE OF APPLIED ARTS &      ,CN,00000-0000,Public       ,0,1,1,0,1,1
03511300,CN CLG ACUPUNCTURE & ORIENTAL MED       ,CN,00000-0000,Private      ,0,0,0,3,9,12
03560400,NIAGARA COLLEGE-WELLAND CAMPUS          ,CN,00000-0000,Public       ,0,0,0,5,4,9
03613300,UNIV OF NORTHERN BRITISH COLUMBIA       ,CN,00000-0000,Public       ,0,1,1,7,9,16
03644400,CANADIAN MENNONITE UNIVERSITY           ,CN,00000-0000,Private      ,0,0,0,6,2,8
03674400,CANADIAN SOUTHERN BAPTIST SEMINARY      ,CN,00000-0000,Private      ,0,0,0,0,4,4
03711300,CAPILANO UNIVERSITY                     ,CN,00000-0000,Public       ,0,0,0,22,14,36
03745300,BRITISH COLUMBIA INSTITUTE OF TECHNOLOGY,CN,00000-0000,Public       ,0,0,0,4,20,24
03846300,PACIFIC LIFE BIBLE COLLEGE              ,CN,00000-0000,Private      ,0,0,0,4,5,9
03847300,CRANDALL UNIVERSITY                     ,CN,00000-0000,Private      ,0,0,0,6,3,9
04122700,MCMASTER DIVINITY COLLEGE               ,CN,00000-0000,Private      ,0,0,0,0,9,9
04123100,ATLANTIC SCHOOL OF THEOLOGY             ,CN,00000-0000,Public       ,0,0,0,1,1,2
04156700,AMBROSE UNIVERSITY COLLEGE              ,CN,00000-0000,Private      ,0,0,0,10,7,17
00814700,UNIVERSIDAD AUTONOMA DE GUADALAJARA     ,MX,00000-0000,Private      ,0,7,7,70,1162,1232
01041800,INST TEC Y DE ESTSUPER DE MONTERRE      ,MX,00000-0000,Private      ,0,0,0,89,76,165
01067600,UNIVERSIDAD DE MONTERREY                ,MX,00000-0000,Private      ,0,0,0,23,38,61
01093800,UNIVERSIDAD DE GUANAJUATO               ,MX,00000-0000,Public       ,0,0,0,17,16,33
01097600,INSTITUTO ALLENDE                       ,MX,00000-0000,Private      ,0,0,0,7,18,25
02053300,CENTRO DE ESTUDIOS UNIVERSITARIOS D     ,MX,00000-0000,Private      ,3,4,7,103,213,316
01001000,AMERICAN SAMOA CMNTY COLLEGE            ,AS,96799-2609,Public       ,152,25,177,1924,516,2440
01034300,COLLEGE OF MICRONESIA - FSM             ,FM,96941-0159,Public       ,267,118,385,2652,1380,4032
01100900,PALAU COMMUNITY COLLEGE                 ,PW,96940-0009,Public       ,149,29,178,978,404,1382
03022400,COLLEGE OF THE MARSHALL ISLANDS         ,MH,96960-1258,Public       ,9,45,54,838,444,1282
03033000,NORTHERN MARIANAS COLLEGE               ,MP,96950-0000,Public       ,2,0,2,694,495,1189
,,,,,,,,,,
Data Source:  Central Processing System (CPS),,,,,,,,,,
"Date Run:  July 6, 2011",,,,,,,,,,
