OPE ID,School,State,Zip Code,School Type,20112012Qtr5_Dependent Students,20112012Qtr5_Independent Students,Quarterly Total,YTD_20112012Qtr5_Dependent Students,YTD_20112012Qtr5_Independent Students,Award Year To Date Total
00100200,ALABAMA AGRCLTL & MECHL UNIV            ,AL,35762-1357,Public       ,137,115,252,5899,3568,9467
00100300,FAULKNER UNIVERSITY                     ,AL,36109-3398,Private      ,50,203,253,1710,4303,6013
00100400,UNIVERSITY OF MONTEVALLO                ,AL,35115-6000,Public       ,31,45,76,2211,1610,3821
00100500,ALABAMA STATE UNIVERSITY                ,AL,36101-0000,Public       ,265,215,480,8100,5552,13652
00100700,CENTRAL ALABAMA COMMUNITY COLLEGE       ,AL,35011-0000,Public       ,47,86,133,1556,2521,4077
00100800,ATHENS STATE UNIVERSITY                 ,AL,35611-1999,Public       ,19,109,128,898,3515,4413
00100900,AUBURN UNIVERSITY                       ,AL,36849-5113,Public       ,287,209,496,18999,6979,25978
00101200,BIRMINGHAM SOUTHERN COLLEGE             ,AL,35254-0002,Private      ,41,32,73,1887,685,2572
00101300,CALHOUN COMMUNITY COLLEGE               ,AL,35609-2216,Public       ,205,423,628,5317,9221,14538
00101500,ENTERPRISE STATE COMMUNITY COLLEGE      ,AL,36331-1300,Public       ,42,88,130,1362,2236,3598
00101600,UNIVERSITY OF NORTH ALABAMA             ,AL,35632-0001,Public       ,104,122,226,4722,3126,7848
00101700,GADSDEN STATE COMMUNITY COLLEGE         ,AL,35903-2269,Public       ,114,340,454,3642,7435,11077
00101800,GEORGE C WALLACE COMMUNITY COLLEGE      ,AL,36303-0943,Public       ,102,240,342,2386,4901,7287
00101900,HUNTINGDON COLLEGE                      ,AL,36106-2148,Private      ,29,32,61,1418,721,2139
00102000,JACKSONVILLE STATE UNIVERSITY           ,AL,36265-1602,Public       ,129,218,347,7147,6380,13527
00102100,JEFFERSON DAVIS COMMUNITY COLLEGE       ,AL,36427-2790,Public       ,26,60,86,636,1067,1703
00102200,JEFFERSON STATE COMMUNITY COLLEGE       ,AL,35215-3098,Public       ,138,472,610,4742,9582,14324
00102300,JUDSON COLLEGE                          ,AL,36756-2504,Private      ,10,6,16,374,166,540
00102400,UNIVERSITY OF WEST ALABAMA              ,AL,35470-0000,Public       ,60,278,338,2205,5765,7970
00102600,MARION MILITARY INSTITUTE               ,AL,36756-3214,Public       ,5,4,9,500,90,590
00102800,MILES COLLEGE                           ,AL,35064-2697,Private      ,71,63,134,2172,1479,3651
00102900,UNIVERSITY OF MOBILE                    ,AL,36613-0000,Private      ,32,103,135,1552,2079,3631
00103000,BISHOP STATE COMMUNITY COLLEGE          ,AL,36603-5898,Public       ,106,236,342,2482,5847,8329
00103100,NORTHEAST ALABAMA STATE CMNTY COLG      ,AL,35986-0159,Public       ,92,151,243,1468,2697,4165
00103300,OAKWOOD COLLEGE                         ,AL,35896-0001,Private      ,28,68,96,1882,1113,2995
00103400,ALABAMA SOUTHERN COMMUNITY COLLEGE      ,AL,36460-5698,Public       ,62,61,123,1193,1427,2620
00103600,SAMFORD UNIVERSITY                      ,AL,35229-7000,Private      ,45,97,142,3259,3023,6282
00103800,SNEAD STATE COMMUNITY COLLEGE           ,AL,35957-0734,Public       ,46,114,160,1398,2167,3565
00104000,SOUTHERN UNION STATE COMMUNITY CLG      ,AL,36276-0000,Public       ,88,159,247,3542,3756,7298
00104100,SPRING HILL COLLEGE                     ,AL,36608-1791,Private      ,14,51,65,2248,857,3105
00104400,STILLMAN COLLEGE                        ,AL,35403-1430,Private      ,29,28,57,1820,701,2521
00104600,TALLADEGA COLLEGE                       ,AL,35160-2354,Private      ,24,20,44,730,475,1205
00104700,TROY UNIVERSITY                         ,AL,36082-0001,Public       ,190,1124,1314,8727,26418,35145
00105000,TUSKEGEE UNIVERSITY                     ,AL,36088-1645,Private      ,103,40,143,5226,1556,6782
00105100,UNIVERSITY OF ALABAMA (THE)             ,AL,35487-0120,Public       ,396,374,770,22300,11051,33351
00105200,UNIVERSITY OF ALABAMA AT BIRMINGHAM     ,AL,35294-1150,Public       ,192,361,553,9825,12616,22441
00105500,UNIVERSITY OF ALABAMA IN HUNTSVILLE     ,AL,35899-0001,Public       ,93,150,243,4531,4507,9038
00105700,UNIVERSITY OF SOUTH ALABAMA             ,AL,36688-0002,Public       ,204,376,580,9240,10568,19808
00105900,LAWSON STATE COMMUNITY COLLEGE          ,AL,35221-1798,Public       ,128,287,415,2746,4952,7698
00105901,LAWSON STATE COMMUNITY COLLEGE - BESSEME,AL,35021-0308,Public       ,38,92,130,700,1556,2256
00106000,FAULKNER STATE COMMUNITY COLLEGE        ,AL,36507-2698,Public       ,109,173,282,3471,4225,7696
00526000,J.F. DRAKE STATE TECH COLLEGE           ,AL,35811-1584,Public       ,34,141,175,624,2288,2912
00569100,SHELTON STATE COMMUNITY CLG             ,AL,35405-4017,Public       ,200,225,425,4537,4810,9347
00569200,REID STATE TECHNICAL COLLEGE            ,AL,36401-0000,Public       ,17,39,56,334,967,1301
00569700,NORTHWEST- SHOALS COMMUNITY COLLEGE     ,AL,35661-0000,Public       ,219,155,374,2382,3080,5462
00569900,GEORGE C WALLACE STATE CMTY COLLEGE     ,AL,36703-0000,Public       ,66,96,162,1203,2354,3557
00573300,BEVILL STATE CMTY COLLEGE-WALKER        ,AL,35148-0000,Public       ,91,158,249,2353,4165,6518
00573400,H. COUNCILL TRENHOLM STATE TECH COLLEGE ,AL,36108-0020,Public       ,50,171,221,1037,2731,3768
00573401,H. C. TRENHOLM ST TECH COL-PATTERSON CAM,AL,36116-2612,Public       ,38,89,127,457,1135,1592
00787100,GEORGE C WALLACE STATE CMTY CLG         ,AL,35077-2000,Public       ,127,201,328,3382,5376,8758
00831000,AUBURN UNIVERSITY-MONTGOMERY            ,AL,36124-0000,Public       ,105,201,306,4061,5111,9172
00898800,LURLEEN B WALLACE COMMUNITY COLLEGE     ,AL,36420-0418,Public       ,36,80,116,1149,1650,2799
01055400,CONCORDIA COLLEGE                       ,AL,36701-3323,Private      ,20,42,62,778,606,1384
01218200,CHATTAHOOCHEE VALLEY CMTY CLG           ,AL,36869-7917,Public       ,44,107,151,966,1892,2858
01303906,SOUTH UNIVERSITY - MONTGOMERY           ,AL,36116-1120,Proprietary  ,35,116,151,452,1820,2272
02170600,UNITED STATES SPORTS ACADEMY            ,AL,36526-7055,Private      ,1,61,62,31,821,852
02199700,HERITAGE CHRISTIAN UNIVERSITY           ,AL,35630-0000,Private      ,1,5,6,21,87,108
02270400,SOUTHEASTERN BIBLE COLLEGE              ,AL,35244-2083,Private      ,2,19,21,77,221,298
02285000,PAUL MITCHELL THE SCHOOL HUNTSVILLE     ,AL,35758-0000,Proprietary  ,7,19,26,85,194,279
02296000,PRINCE INSTITUTE OF PROFESSIONAL STUDIES,AL,36117-0000,Proprietary  ,5,38,43,37,331,368
02341000,FORTIS COLLEGE                          ,AL,36609-0000,Proprietary  ,77,277,354,764,2352,3116
02503400,AMRIDGE UNIVERSITY                      ,AL,36124-0000,Private      ,6,53,59,71,1167,1238
02605500,REMINGTON COLLEGE - MOBILE CAMPUS       ,AL,36609-5593,Private      ,95,480,575,1130,3319,4449
03010600,VIRGINIA COLLEGE                        ,AL,35209-5154,Proprietary  ,351,3059,3410,2330,23316,25646
03010602,VIRGINIA COLLEGE - HUNTSVILLE           ,AL,35805-0000,Proprietary  ,16,112,128,310,1763,2073
03010607,VIRGINIA COLLEGE - MOBILE               ,AL,36608-1626,Proprietary  ,20,133,153,338,1670,2008
03010616,VIRGINIA COLLEGE - MONTGOMERY           ,AL,36117-2802,Proprietary  ,39,196,235,491,2272,2763
03032500,ALABAMA STATE CLG BARBER STYLING        ,AL,35215-8308,Proprietary  ,5,19,24,63,160,223
03361400,FORTIS COLLEGE                          ,AL,36535-0000,Proprietary  ,26,103,129,156,753,909
03459300,SOUTHEASTERN SCHOOL OF COSMETOLOGY      ,AL,35228-0000,Private      ,4,27,31,53,262,315
03783300,BLUE CLIFF CAREER COLLEGE               ,AL,63306-4749,Proprietary  ,7,27,34,84,323,407
03894300,HUNTSVILLE BIBLE COLLEGE                ,AL,35811-0000,Private      ,1,14,15,17,139,156
04066300,CARDIAC AND VASCULAR INSTITUTE OF ULTRAS,AL,36604-1411,Proprietary  ,5,24,29,35,227,262
04067300,SELMA UNIVERSITY                        ,AL,36701-0000,Private      ,14,51,65,194,528,722
04121500,COLUMBIA SOUTHERN UNIVERSITY            ,AL,36561-3815,Proprietary  ,31,1158,1189,434,12438,12872
04149200,XCELL ACADEMY-A PAUL MITCHELL PARTNER SC,AL,35216-4990,Proprietary  ,9,19,28,117,262,379
04187200,NEW BEGINNING COLLEGE OF COSMETOLOGY    ,AL,35950-2415,Proprietary  ,5,24,29,31,111,142
04187300,HAIR ACADEMY (THE)                      ,AL,36111-2201,Proprietary  ,4,17,21,22,84,106
00111100,ALLAN HANCOCK COLLEGE                   ,CA,93454-6399,Public       ,174,373,547,4571,5690,10261
00111300,ANTELOPE VALLEY COLLEGE                 ,CA,93536-5426,Public       ,340,789,1129,6959,12367,19326
00111600,ART CENTER COLLEGE OF DESIGN            ,CA,91103-1999,Private      ,50,51,101,1763,1633,3396
00111700,AZUSA PACIFIC UNIVERSITY                ,CA,91702-7000,Private      ,122,496,618,9800,8477,18277
00111800,BAKERSFIELD COLLEGE                     ,CA,93305-1299,Public       ,331,685,1016,10795,13836,24631
00111900,BARSTOW COMMUNITY COLLEGE               ,CA,92311-6608,Public       ,70,424,494,1208,4981,6189
00112000,AMER BAPT SEM OF THE WEST-BERKELEY      ,CA,94704-0000,Private      ,0,3,3,8,78,86
00112100,BETHANY UNIVERSITY /  ASSEMBLIES OF GOD ,CA,95066-2896,Private      ,0,0,0,357,266,623
00112200,BIOLA UNIVERSITY                        ,CA,90639-0001,Private      ,63,55,118,6493,2437,8930
00112300,BROOKS INSTITUTE                        ,CA,93103-1809,Proprietary  ,20,31,51,834,695,1529
00112400,CABRILLO COLLEGE                        ,CA,95003-3194,Public       ,196,497,693,5064,6468,11532
00112500,CALIFORNIA BAPTIST UNIVERSITY           ,CA,92504-3297,Private      ,78,194,272,5372,4091,9463
00112700,CALIFORNIA COLLEGE OF THE ARTS          ,CA,94107-2206,Private      ,44,49,93,2199,2098,4297
00113100,CALIFORNIA INSTITUTE OF TECHNOLOGY      ,CA,91125-0001,Private      ,36,18,54,3435,697,4132
00113200,CALIFORNIA INSTITUTE OF THE ARTS        ,CA,91355-2397,Private      ,30,29,59,2145,1622,3767
00113300,CALIFORNIA LUTHERAN UNIVERSITY          ,CA,91360-2787,Private      ,52,79,131,5063,2089,7152
00113400,CALIFORNIA MARITIME ACADEMY             ,CA,94590-8181,Public       ,8,8,16,845,387,1232
00113700,CALIF STATE UNIV-FULLERTON              ,CA,92831-3599,Public       ,574,511,1085,42981,22811,65792
00113800,"CALIFORNIA STATE UNIVERSITY, EAST BAY   ",CA,94542-3000,Public       ,246,534,780,12497,12963,25460
00113900,CALIF STATE UNIV-LONG BEACH             ,CA,90840-0006,Public       ,665,519,1184,53937,24933,78870
00114000,CALIF STATE UNIV-LOS ANGELES            ,CA,90032-4226,Public       ,410,584,994,29278,22039,51317
00114100,"CALIF STATE UNIV, DOMINGUEZ HILLS       ",CA,90747-0001,Public       ,226,338,564,15630,15751,31381
00114200,CALIF STATE UNIV SAN BERNARDINO         ,CA,92407-2397,Public       ,293,483,776,18370,14539,32909
00114300,CAL POLY STATE UNIVERSITY               ,CA,93407-0001,Public       ,301,121,422,31838,5104,36942
00114400,CALIF STATE POLYTECHNIC UNIV POMONA     ,CA,91768-2500,Public       ,365,328,693,26641,11371,38012
00114600,CALIF STATE UNIV - CHICO                ,CA,95929-0001,Public       ,232,145,377,17516,6805,24321
00114700,CALIF STATE UNIV - FRESNO               ,CA,93740-8026,Public       ,283,274,557,22135,12583,34718
00114900,HUMBOLDT STATE UNIVERSITY               ,CA,95521-8299,Public       ,148,87,235,11020,4298,15318
00115000,CALIF STATE UNIV-SACRAMENTO             ,CA,95819-6044,Public       ,397,522,919,27262,20153,47415
00115100,SAN DIEGO STATE UNIVERSITY              ,CA,92182-1690,Public       ,654,543,1197,48280,21452,69732
00115300,CALIF STATE UNIV-NORTHRIDGE             ,CA,91330-8307,Public       ,516,544,1060,36565,22189,58754
00115400,SAN FRANCISCO STATE UNIVERSITY          ,CA,94132-1740,Public       ,409,470,879,34036,21351,55387
00115500,SAN JOSE STATE UNIVERSITY               ,CA,95192-0036,Public       ,353,410,763,27521,18139,45660
00115600,SONOMA STATE UNIVERSITY                 ,CA,94928-3609,Public       ,127,111,238,11015,3975,14990
00115700,CALIF STATE UNIV-STANISLAUS             ,CA,95382-0299,Public       ,119,143,262,8885,6617,15502
00116100,CERRITOS COLLEGE                        ,CA,90650-6296,Public       ,446,672,1118,16618,14371,30989
00116200,CHABOT COLLEGE                          ,CA,94545-2400,Public       ,222,484,706,6324,8736,15060
00116300,CHAFFEY COLLEGE                         ,CA,91737-9400,Public       ,373,702,1075,13730,15917,29647
00116400,CHAPMAN UNIVERSITY                      ,CA,92866-1099,Private      ,110,129,239,10023,4050,14073
00116453,CHAPMAN UNIVERSITY SCHOOL OF LAW        ,CA,92866-0000,Private      ,1,14,15,76,2082,2158
00116500,CHURCH DIV SCH OF THE PACIFIC           ,CA,94709-0000,Private      ,0,4,4,0,59,59
00116600,CITRUS COLLEGE                          ,CA,91741-1899,Public       ,461,586,1047,9508,7821,17329
00116900,CLAREMONT GRADUATE UNIVERSITY           ,CA,91711-0000,Private      ,0,68,68,19,2010,2029
00117000,CLAREMONT MCKENNA COLLEGE               ,CA,91711-6400,Private      ,26,3,29,3289,195,3484
00117100,HARVEY MUDD COLLEGE                     ,CA,91711-5990,Private      ,18,2,20,2384,95,2479
00117200,PITZER COLLEGE                          ,CA,91711-6101,Private      ,20,3,23,2879,221,3100
00117300,POMONA COLLEGE                          ,CA,91711-6301,Private      ,28,13,41,4908,245,5153
00117400,SCRIPPS COLLEGE                         ,CA,91711-3948,Private      ,22,6,28,1755,205,1960
00117600,WEST HILLS COMMUNITY COLLEGE            ,CA,93210-1399,Public       ,29,104,133,1361,1437,2798
00117700,COGSWELL POLYTECHNICAL COLLEGE          ,CA,94089-1210,Proprietary  ,5,5,10,268,190,458
00117800,COLLEGE OF MARIN                        ,CA,94904-2590,Public       ,59,271,330,1157,2969,4126
00117801,COLG OF MARIN-INDIAN VALLEY CMPS        ,CA,94949-0000,Public       ,17,66,83,96,264,360
00117900,NOTRE DAME DE NAMUR UNIVERSITY          ,CA,94002-1997,Private      ,22,63,85,1498,1389,2887
00118100,COLLEGE OF SAN MATEO                    ,CA,94402-3784,Public       ,145,220,365,2986,3402,6388
00118200,COLLEGE OF THE DESERT                   ,CA,92260-9305,Public       ,162,323,485,5686,6446,12132
00118300,HOLY NAMES UNIVERSITY                   ,CA,94619-1699,Private      ,20,53,73,922,1173,2095
00118500,COLLEGE OF THE REDWOODS                 ,CA,95501-9300,Public       ,79,240,319,2723,5112,7835
00118600,COLLEGE OF THE SEQUOIAS                 ,CA,93277-2234,Public       ,187,418,605,7001,8585,15586
00118700,COLLEGE OF THE SISKIYOUS                ,CA,96094-2899,Public       ,27,72,99,1083,1486,2569
00118701,COLLEGE OF THE SISKIYOUS - YREKA CENTER ,CA,96097-9538,Public       ,2,16,18,79,235,314
00119000,CONTRA COSTA COLLEGE                    ,CA,94806-3195,Public       ,160,403,563,2627,4942,7569
00119100,DIABLO VALLEY COLLEGE                   ,CA,94523-1544,Public       ,293,504,797,5476,6221,11697
00119200,CUESTA COLLEGE                          ,CA,93403-8106,Public       ,151,310,461,4596,4701,9297
00119300,CYPRESS COLLEGE                         ,CA,90630-5897,Public       ,283,531,814,9507,9542,19049
00119600,DOMINICAN UNIVERSITY OF CALIFORNIA      ,CA,94901-2298,Private      ,30,45,75,3068,1493,4561
00119700,EL CAMINO COLLEGE                       ,CA,90506-0002,Public       ,559,971,1530,13351,13996,27347
00119701,COMPTON COMMUNITY COLLEGE               ,CA,90221-5393,Public       ,187,546,733,2973,5776,8749
00119900,FOOTHILL COLLEGE                        ,CA,94022-4597,Public       ,161,366,527,3229,4596,7825
00120000,FULLER THEOLOGICAL SEMINARY             ,CA,91182-0000,Private      ,3,73,76,16,2442,2458
00120100,FULLERTON COLLEGE                       ,CA,92832-2095,Public       ,405,544,949,12703,9596,22299
00120200,GAVILAN COLLEGE                         ,CA,95020-9599,Public       ,112,235,347,1959,2716,4675
00120300,GLENDALE COMMUNITY COLLEGE              ,CA,91208-2894,Public       ,423,725,1148,9376,9936,19312
00120500,GOLDEN GATE UNIVERSITY                  ,CA,94105-2967,Private      ,4,106,110,150,4059,4209
00120600,GOLDEN WEST COLLEGE                     ,CA,92647-2748,Public       ,224,463,687,8100,8270,16370
00120700,GRADUATE THEOLOGICAL UNION              ,CA,94709-0000,Private      ,0,5,5,0,345,345
00120800,GROSSMONT COLLEGE                       ,CA,92020-1798,Public       ,301,603,904,8808,11608,20416
00120900,HARTNELL COMMUNITY COLLEGE              ,CA,93901-1697,Public       ,189,318,507,3802,3860,7662
00121200,HUMPHREYS COLLEGE                       ,CA,95207-3896,Private      ,15,88,103,383,1518,1901
00121400,IMPERIAL VALLEY COLLEGE                 ,CA,92251-9787,Public       ,122,249,371,4830,4278,9108
00121500,LA SIERRA UNIVERSITY                    ,CA,92515-3332,Private      ,59,74,133,2835,1372,4207
00121600,UNIVERSITY OF LA VERNE                  ,CA,91750-4443,Private      ,71,416,487,4933,7846,12779
00121700,LASSEN COLLEGE                          ,CA,96130-3000,Public       ,28,100,128,546,874,1420
00121800,LOMA LINDA UNIVERSITY                   ,CA,92350-0001,Private      ,33,122,155,1131,6091,7222
00121900,LONG BEACH CITY COLLEGE                 ,CA,90808-1780,Public       ,465,857,1322,16632,18756,35388
00122000,MASTER'S COLLEGE & SEMINARY (THE)       ,CA,91321-1200,Private      ,17,45,62,1440,564,2004
00122300,LOS ANGELES CITY COLLEGE                ,CA,90029-3588,Public       ,459,1376,1835,9276,15773,25049
00122400,LOS ANGELES HARBOR COLLEGE              ,CA,90744-2397,Public       ,289,467,756,4621,5936,10557
00122600,LOS ANGELES PIERCE COLLEGE              ,CA,91371-0001,Public       ,590,857,1447,11956,11195,23151
00122700,LOS ANGELES TRADE TECH COLLEGE          ,CA,90015-4181,Public       ,394,1241,1635,6407,13426,19833
00122800,LOS ANGELES VALLEY COLLEGE              ,CA,91401-4096,Public       ,451,920,1371,8727,11291,20018
00122900,SO CA UNIV  HEALTH SCIENCES             ,CA,90604-4051,Private      ,3,33,36,37,847,884
00123000,SOUTHERN CA COLLEGE OF OPTOMETRY        ,CA,92831-1699,Private      ,0,1,1,12,536,548
00123200,AMERICAN RIVER COLLEGE                  ,CA,95841-4286,Public       ,533,1417,1950,13467,25977,39444
00123300,SACRAMENTO CITY COLLEGE                 ,CA,95822-1386,Public       ,449,1127,1576,13725,20462,34187
00123600,MENLO COLLEGE                           ,CA,94027-4301,Private      ,20,9,29,1608,225,1833
00123700,MERCED COMMUNITY COLLEGE                ,CA,95348-2898,Public       ,248,425,673,6939,7404,14343
00123800,MILLS COLLEGE                           ,CA,94613-1301,Private      ,27,41,68,1990,1917,3907
00123900,MIRACOSTA COLLEGE                       ,CA,92056-3899,Public       ,174,468,642,4151,6554,10705
00124000,MODESTO JUNIOR COLLEGE                  ,CA,95350-5800,Public       ,409,706,1115,10498,13876,24374
00124200,MONTEREY PENINSULA COLLEGE              ,CA,93940-4799,Public       ,125,253,378,2706,3054,5760
00124300,MOUNT ST MARYS COLLEGE                  ,CA,90049-1599,Private      ,43,111,154,2871,2608,5479
00124500,MT. SAN ANTONIO COLLEGE                 ,CA,91789-1399,Public       ,876,1302,2178,18338,15981,34319
00124600,MT SAN JACINTO COLLEGE                  ,CA,92583-2399,Public       ,328,812,1140,8499,13330,21829
00124700,NAPA VALLEY COLLEGE                     ,CA,94558-6236,Public       ,104,204,308,2803,3370,6173
00124900,OCCIDENTAL COLLEGE                      ,CA,90041-3314,Private      ,41,15,56,5372,397,5769
00125000,ORANGE COAST COLLEGE - FIN AID OFF      ,CA,92628-5005,Public       ,382,680,1062,13425,10916,24341
00125100,OTIS COLLEGE OF ART AND DESIGN          ,CA,90045-3505,Private      ,31,29,60,1729,850,2579
00125200,HOPE INTERNATIONAL UNIVERSITY           ,CA,92631-0000,Private      ,11,59,70,733,1159,1892
00125300,FRESNO PACIFIC UNIVERSITY               ,CA,93702-4798,Private      ,45,219,264,2284,4053,6337
00125307,FRESNO PACIFIC UNIVERSITY - BIBLICAL SEM,CA,93702-4798,Private      ,0,0,0,10,71,81
00125400,PACIFIC LUTHERAN THEOLOGICAL SEM        ,CA,94708-0000,Private      ,0,1,1,4,86,90
00125500,PACIFIC OAKS COLLEGE                    ,CA,91103-3606,Private      ,2,67,69,37,880,917
00125600,PACIFIC SCHOOL OF RELIGION              ,CA,94709-0000,Private      ,0,1,1,1,184,185
00125800,PACIFIC UNION COLLEGE                   ,CA,94508-9797,Private      ,26,32,58,1900,587,2487
00125900,PALO VERDE COLLEGE                      ,CA,92225-0000,Public       ,13,42,55,280,622,902
00126000,PALOMAR COLLEGE                         ,CA,92069-1486,Public       ,338,634,972,9372,9905,19277
00126100,PASADENA CITY COLLEGE                   ,CA,91106-2003,Public       ,640,1070,1710,18622,14377,32999
00126200,POINT LOMA NAZARENE UNIVERSITY          ,CA,92106-2899,Private      ,46,105,151,4563,1801,6364
00126600,LANEY COLLEGE                           ,CA,94607-4893,Public       ,199,687,886,4029,9272,13301
00126700,MERRITT COLLEGE                         ,CA,94619-3196,Public       ,102,433,535,2144,5174,7318
00126800,PORTERVILLE COLLEGE                     ,CA,93257-6059,Public       ,83,149,232,2252,2764,5016
00126900,RIO HONDO COLLEGE                       ,CA,90601-1699,Public       ,371,600,971,11360,9291,20651
00127000,RIVERSIDE CITY COLLEGE                  ,CA,92506-1299,Public       ,846,1438,2284,20875,24259,45134
00127001,RIVERSIDE CITY COLLEGE - MORENO VALLEY C,CA,92551-2045,Public       ,0,0,0,1893,2247,4140
00127002,NORCO COLLEGE                           ,CA,91760-2600,Public       ,0,0,0,1561,1350,2911
00127200,SAN BERNARDINO VALLEY COLLEGE           ,CA,92410-2798,Public       ,292,785,1077,9087,14976,24063
00127300,SAN DIEGO CITY COLLEGE                  ,CA,92101-4787,Public       ,310,842,1152,10330,16584,26914
00127500,SAN DIEGO MESA COLLEGE                  ,CA,92111-4996,Public       ,361,788,1149,10339,12748,23087
00127800,SAN FRANCISCO CONSERVATORY OF MUSIC     ,CA,94122-4498,Private      ,5,7,12,318,478,796
00127900,SAN FRANCISCO THEOLOGICAL SEMINARY      ,CA,94960-0000,Private      ,0,3,3,1,108,109
00128000,SAN JOAQUIN DELTA COLLEGE               ,CA,95207-6370,Public       ,386,799,1185,10587,15201,25788
00128100,WILLIAM JESSUP UNIVERSITY               ,CA,95765-3707,Private      ,9,44,53,890,658,1548
00128200,SAN JOSE CITY COLLEGE                   ,CA,95128-2797,Public       ,253,595,848,4557,7517,12074
00128400,SANTA ANA COLLEGE                       ,CA,92706-3398,Public       ,305,596,901,7829,8502,16331
00128500,SANTA BARBARA CITY COLLEGE              ,CA,93109-2394,Public       ,321,384,705,7892,6707,14599
00128600,SANTA MONICA COLLEGE                    ,CA,90405-1644,Public       ,711,857,1568,19352,12831,32183
00128700,SANTA ROSA JUNIOR COLLEGE               ,CA,95401-4395,Public       ,327,584,911,6581,8892,15473
00128800,CLAREMONT SCHOOL OF THEOLOGY            ,CA,91711-0000,Private      ,0,6,6,4,226,230
00128900,SHASTA COLLEGE                          ,CA,96049-7692,Public       ,150,359,509,4262,6669,10931
00129000,SIERRA COLLEGE                          ,CA,95677-3397,Public       ,330,613,943,8258,11042,19300
00129100,SIMPSON UNIVERSITY                      ,CA,96003-8606,Private      ,7,35,42,1167,1203,2370
00129200,SOLANO COMMUNITY COLLEGE                ,CA,94534-3197,Public       ,198,444,642,4136,7150,11286
00129300,VANGUARD UNIVERSITY OF SOUTHERN CA      ,CA,92626-6597,Private      ,18,61,79,2276,1335,3611
00129400,SOUTHWESTERN COLLEGE                    ,CA,91910-7299,Public       ,348,563,911,9470,9665,19135
00129500,SOUTHWESTERN LAW SCHOOL                 ,CA,90010-1106,Private      ,2,31,33,38,2860,2898
00129600,DOMINICAN SCH PHILOSOPHY & THEOLOGY     ,CA,94709-0000,Private      ,1,2,3,9,62,71
00129900,ST JOHN'S SEMINARY COLLEGE              ,CA,93010-0000,Private      ,0,1,1,8,7,15
00130200,SAINT MARY'S COLLEGE OF CALIFORNIA      ,CA,94556-2744,Private      ,53,85,138,5752,1940,7692
00130500,STANFORD UNIVERSITY                     ,CA,94305-6106,Private      ,202,160,362,23129,3912,27041
00130501,STANFORD UNIVERSITY - GRADUATE SCHOOL OF,CA,94305-5301,Private      ,1,20,21,26,1747,1773
00130502,STANFORD UNIVERSITY - GRADUATE SCHOOL OF,CA,94305-5015,Private      ,3,35,38,35,1451,1486
00130503,STANFORD UNIVERSITY - STANFORD LAW SCHOO,CA,94305-3096,Private      ,4,15,19,65,2163,2228
00130700,FRESNO CITY COLLEGE                     ,CA,93741-0002,Public       ,352,897,1249,16626,19525,36151
00130800,REEDLEY COLLEGE                         ,CA,93654-2099,Public       ,165,299,464,7338,6423,13761
00130900,TAFT COLLEGE                            ,CA,93268-2317,Public       ,42,83,125,1750,1687,3437
00131200,UNIVERSITY OF CALIFORNIA-BERKELEY       ,CA,94720-1520,Public       ,521,547,1068,50201,21637,71838
00131300,UNIVERSITY OF CALIFORNIA-DAVIS          ,CA,95616-8558,Public       ,456,254,710,50011,16988,66999
00131400,UNIVERSITY OF CALIFORNIA-IRVINE         ,CA,92697-2825,Public       ,543,359,902,52084,14745,66829
00131500,UNIVERSITY OF CALIFORNIA (UCLA)         ,CA,90095-9000,Public       ,660,718,1378,64031,30830,94861
00131502,UNIV OF CALIFORNIA LOS ANG SCH MED      ,CA,90095-0000,Public       ,10,12,22,171,1026,1197
00131503,UNIV OF CALIFORNIA LOS ANG DENTAL       ,CA,90095-0000,Public       ,2,2,4,66,184,250
00131600,UNIVERSITY OF CALIFORNIA-RIVERSIDE      ,CA,92521-0209,Public       ,383,281,664,35543,9457,45000
00131700,UNIVERSITY OF CALIFORNIA-SAN DIEGO      ,CA,92093-0013,Public       ,420,234,654,48535,12094,60629
00131900,UNIVERSITY OF CALIFORNIA-SFRANCISCO     ,CA,94143-0246,Public       ,34,98,132,1432,4542,5974
00132000,UNIVERSITY OF CALIFORNIA-SANTA BARB     ,CA,93106-3180,Public       ,445,158,603,47859,8678,56537
00132100,UNIVERSITY OF CALIFORNIA-SANTA CRUZ     ,CA,95064-0001,Public       ,277,136,413,30333,5677,36010
00132200,UNIVERSITY OF REDLANDS                  ,CA,92373-0999,Private      ,49,275,324,5076,3502,8578
00132500,UNIVERSITY OF SAN FRANCISCO             ,CA,94117-1080,Private      ,149,268,417,11325,9115,20440
00132600,SANTA CLARA UNIVERSITY                  ,CA,95053-4956,Private      ,83,115,198,10948,4713,15661
00132604,JESUIT SCHOOL OF THEOLOGY - BERKELEY    ,CA,94709-1193,Private      ,0,0,0,0,46,46
00132800,UNIVERSITY OF SOUTHERN CALIFORNIA       ,CA,90089-0914,Private      ,419,684,1103,34005,29978,63983
00132900,UNIVERSITY OF THE PACIFIC               ,CA,95211-0197,Private      ,106,84,190,11899,3778,15677
00132901,UNIVERSITY OF THE PACIFIC - MCGEORGE SCH,CA,95817-2799,Private      ,0,20,20,134,2572,2706
00132902,UNIV OF THE PACIFIC SCH OF DENT         ,CA,94115-0000,Private      ,1,7,8,39,602,641
00133400,VENTURA COLLEGE                         ,CA,93003-3899,Public       ,202,341,543,6205,6457,12662
00133500,VICTOR VALLEY COLLEGE                   ,CA,92395-5849,Public       ,393,984,1377,6847,12788,19635
00133800,WEST VALLEY COLLEGE                     ,CA,95070-5697,Public       ,136,287,423,2859,3583,6442
00134100,WESTMONT COLLEGE                        ,CA,93108-1099,Private      ,25,6,31,2676,133,2809
00134200,WHITTIER COLLEGE                        ,CA,90601-4413,Private      ,43,33,76,3348,586,3934
00134201,WHITTIER COLLEGE - COLLEGE OF LAW       ,CA,92626-1501,Private      ,0,14,14,19,1596,1615
00134300,WOODBURY UNIVERSITY                     ,CA,91510-7846,Private      ,17,35,52,1023,991,2014
00134400,YUBA COLLEGE                            ,CA,95901-7699,Public       ,161,454,615,3281,5895,9176
00177212,TRINITY INTERNATIONAL UNIV-CA           ,CA,92705-0000,Private      ,0,9,9,8,315,323
00274100,AMERICAN JEWISH UNIVERSITY              ,CA,90077-1599,Private      ,1,0,1,106,161,267
00301002,ANTIOCH UNIV/LOS ANGELES                ,CA,90230-7615,Private      ,5,76,81,54,1136,1190
00301003,ANTIOCH  UNIV/SANTA BARBARA             ,CA,93101-0000,Private      ,10,27,37,323,602,925
00369110,MIDDLEBURY COLLEGE - MONTEREY INSTITUTE ,CA,93940-2691,Private      ,1,16,17,44,933,977
00394700,UC-HASTINGS COLLEGE OF THE LAW          ,CA,94102-0000,Public       ,1,13,14,18,3671,3689
00394800,SAN FRANCISCO ART INSTITUTE             ,CA,94133-2299,Private      ,52,50,102,1594,1203,2797
00405402,HEBREW UNION COLLEGE JEWISH INSTITUTE OF,CA,90007-3717,Private      ,0,0,0,1,85,86
00408000,STARR KING SCHOOL FOR THE MINISTRY      ,CA,94709-1299,Private      ,0,1,1,0,81,81
00448000,DE ANZA COLLEGE                         ,CA,95014-5793,Public       ,373,639,1012,7919,7848,15767
00448100,OHLONE COLLEGE                          ,CA,94539-5847,Public       ,138,219,357,3329,3448,6777
00448400,JOHN F. KENNEDY UNIVERSITY              ,CA,94523-4817,Private      ,2,86,88,49,1814,1863
00449000,PATTEN UNIVERSITY                       ,CA,94601-2699,Private      ,6,18,24,247,450,697
00449400,EVEREST COLLEGE                         ,CA,92408-3752,Proprietary  ,49,210,259,539,1207,1746
00450200,CITY COLLEGE OF SAN FRANCISCO           ,CA,94112-0000,Public       ,450,1217,1667,10554,17724,28278
00450302,EVEREST COLLEGE - SANTA ANA             ,CA,92701-4559,Proprietary  ,61,108,169,414,528,942
00563800,DOWNEY ADULT SCHOOL                     ,CA,90241-5610,Public       ,34,99,133,232,766,998
00565500,HACIENDA LA PUENTE ADULT EDUC CTR       ,CA,91746-0000,Public       ,22,87,109,156,599,755
00616500,LA CNTY CLG OF NURSING & ALLD HLTH      ,CA,90033-1018,Public       ,4,33,37,109,547,656
00672000,COLLEGE OF ALAMEDA                      ,CA,94501-2109,Public       ,131,277,408,2412,3593,6005
00673100,CASA LOMA COLLEGE                       ,CA,91405-4523,Private      ,21,60,81,244,753,997
00697300,CANADA COLLEGE                          ,CA,94061-1099,Public       ,69,185,254,1380,2372,3752
00697500,LINCOLN UNIVERSITY                      ,CA,94612-2801,Private      ,1,7,8,46,135,181
00701200,SAMUEL MERRITT COLLEGE                  ,CA,94609-3108,Private      ,13,98,111,358,2576,2934
00704700,LOS ANGELES SOUTHWEST COLLEGE           ,CA,90047-4810,Public       ,192,699,891,3088,7724,10812
00705000,BAY VISTA COLLEGE OF BEAUTY             ,CA,91950-3616,Proprietary  ,15,44,59,113,293,406
00711500,MOORPARK COLLEGE                        ,CA,93021-1695,Public       ,195,201,396,5181,4374,9555
00713000,NEWBERRY SCHOOLS OF BEAUTY              ,CA,91344-7404,Proprietary  ,11,26,37,77,119,196
00714200,LYLE'S COLLEGE OF BEAUTY                ,CA,93710-3948,Proprietary  ,10,28,38,145,219,364
00716400,BRYAN COLLEGE                           ,CA,90057-0000,Proprietary  ,32,254,286,269,1912,2181
00718700,NORTH ADRIAN'S COLLEGE OF BEAUTY        ,CA,95350-2381,Proprietary  ,19,43,62,171,254,425
00719000,WYOTECH                                 ,CA,94539-7663,Proprietary  ,116,267,383,952,2160,3112
00720300,SALON SUCCESS ACADEMY                   ,CA,91786-4060,Proprietary  ,19,37,56,139,157,296
00720400,MODERN BEAUTY ACADEMY                   ,CA,93030-7016,Proprietary  ,2,5,7,46,59,105
00722900,WESTERN BEAUTY INSTITUTE                ,CA,91402-3104,Proprietary  ,30,73,103,306,608,914
00723400,HEALD COLLEGE                           ,CA,94105-2206,Proprietary  ,53,200,253,750,2350,3100
00723600,ART INST OF CALIFORNIA-LOS ANGELES      ,CA,90405-3035,Proprietary  ,360,499,859,7939,6407,14346
00725300,FEDERICO BEAUTY INSTITUTE               ,CA,95834-1905,Proprietary  ,30,42,72,300,427,727
00725800,MARINELLO SCH BTY                       ,CA,91606-3210,Proprietary  ,0,0,0,26,36,62
00729600,COLEMAN COLLEGE                         ,CA,92123-0000,Private      ,20,126,146,211,923,1134
00732909,ITT TECHNICAL INSTITUTE                 ,CA,92868-3506,Proprietary  ,96,269,365,853,2517,3370
00732971,ITT TECHNICAL INSTITUTE                 ,CA,95670-6047,Proprietary  ,67,246,313,733,2283,3016
00732976,ITT TECHNICAL INSTITUTE                 ,CA,92408-3519,Proprietary  ,115,251,366,1270,2764,4034
00732981,ITT TECHNICAL INSTITUTE                 ,CA,92123-2662,Proprietary  ,80,336,416,976,3168,4144
00732985,ITT TECHNICAL INSTITUTE                 ,CA,91773-2933,Proprietary  ,103,202,305,879,2010,2889
00732989,ITT TECHNICAL INSTITUTE                 ,CA,90502-1356,Proprietary  ,85,269,354,810,2548,3358
00732994,ITT TECHNICAL INSTITUTE                 ,CA,91342-3664,Proprietary  ,87,177,264,741,1941,2682
00746501,AMERICAN ACADEMY OF DRAMATIC ARTS - HOLL,CA,90028-7504,Private      ,11,10,21,458,262,720
00747600,MARINELLO SCHOOLS OF BEAUTY             ,CA,90023-2666,Proprietary  ,149,361,510,1291,2396,3687
00747602,MARINELLO SCHOOLS OF BEAUTY - SPA ACADEM,CA,90048-5101,Proprietary  ,2,13,15,58,81,139
00747603,MARINELLO SCHOOLS OF BEAUTY - INGLEWOOD ,CA,90301-2306,Proprietary  ,0,6,6,21,31,52
00747604,MARINELLO SCHOOLS OF BEAUTY - RESEDA    ,CA,91335-4218,Proprietary  ,1,6,7,24,28,52
00747606,MARINELLO SCHOOLS OF BEAUTY - WEST COVIN,CA,91790-2805,Proprietary  ,2,4,6,39,46,85
00747607,MARINELLO SCHOOLS OF BEAUTY - SAN BERNAR,CA,92410-3261,Proprietary  ,9,28,37,137,148,285
00747608,MARINELLO SCHOOLS OF BEAUTY - ONTARIO   ,CA,91762-2113,Proprietary  ,9,18,27,97,137,234
00747609,MARINELLO SCHOOLS OF BEAUTY - WHITTIER  ,CA,90601-4107,Proprietary  ,4,19,23,49,79,128
00747610,MARINELLO SCHOOLS OF BEAUTY - LOMITA    ,CA,90717-1460,Proprietary  ,1,1,2,1,1,2
00747611,MARINELLO SCHOOLS OF BEAUTY - SAN DIEGO ,CA,92126-4217,Proprietary  ,5,25,30,142,226,368
00747612,MARINELLO SCHOOLS OF BEAUTY - EL CAJON  ,CA,92020-2503,Proprietary  ,2,6,8,2,6,8
00747613,MARINELLO SCHOOLS OF BEAUTY - VICTORVILL,CA,92392-5496,Proprietary  ,5,20,25,5,20,25
00747614,MARINELLO SCHOOLS OF BEAUTY - ANAHEIM   ,CA,92801-4622,Proprietary  ,5,9,14,5,9,14
00747615,MARINELLO SCHOOLS OF BEAUTY - SIMI VALLE,CA,93065-2801,Proprietary  ,2,3,5,2,3,5
00747700,"HEALD COLLEGE,SCHOOLS OF BUS & TECH     ",CA,95670-6005,Proprietary  ,51,180,231,598,2165,2763
00753100,ACADEMY OF ART UNIVERSITY               ,CA,94105-3410,Proprietary  ,263,642,905,8726,14635,23361
00753600,COSUMNES RIVER COLLEGE                  ,CA,95823-5799,Public       ,271,612,883,7953,10673,18626
00754802,WESTWOOD COLLEGE OF TECHNOLOGY          ,CA,92801-0000,Proprietary  ,39,48,87,1105,820,1925
00754803,WESTWOOD COLLEGE OF TECHNOLOGY          ,CA,91786-0000,Proprietary  ,59,67,126,1165,1036,2201
00760600,EVEREST COLLEGE                         ,CA,90010-2221,Proprietary  ,40,104,144,376,665,1041
00760700,CONCORDE CAREER INSTITUTE               ,CA,91606-3134,Proprietary  ,57,98,155,365,802,1167
00770700,COLUMBIA COLLEGE                        ,CA,95370-8580,Public       ,40,89,129,1203,1694,2897
00771300,SKYLINE COLLEGE                         ,CA,94066-1698,Public       ,141,243,384,3326,3844,7170
00793000,CONCORDE CAREER INSTITUTE               ,CA,92108-0000,Proprietary  ,31,154,185,302,1105,1407
00799300,CALIF STATE UNIV BAKERSFIELD            ,CA,93311-1022,Public       ,141,304,445,8322,7187,15509
00807100,CONCORDE CAREER INSTITUTE               ,CA,92840-9201,Proprietary  ,47,101,148,395,941,1336
00807300,BUTTE COMMUNITY COLLEGE                 ,CA,95965-0000,Public       ,190,461,651,7350,9829,17179
00809000,EVEREST COLLEGE                         ,CA,91803-1310,Proprietary  ,86,327,413,462,1549,2011
00809300,HEALD COLLEGE                           ,CA,93704-1706,Proprietary  ,73,291,364,1461,3311,4772
00853200,HEALD COLLEGE                           ,CA,94545-2352,Proprietary  ,83,227,310,986,2614,3600
00853202,HEALD COLLEGE - MODESTO                 ,CA,95368-9095,Proprietary  ,64,130,194,528,1080,1608
00853700,CONCORDE CAREER INSTITUTE               ,CA,92401-0000,Proprietary  ,56,138,194,446,1295,1741
00859600,WEST LOS ANGELES COLLEGE                ,CA,90230-3500,Public       ,254,574,828,3975,7441,11416
00859700,FEATHER RIVER COLLEGE                   ,CA,95971-9124,Public       ,19,38,57,697,657,1354
00884400,CALIFORNIA CHRISTIAN COLLEGE            ,CA,93703-3599,Private      ,2,9,11,67,129,196
00884600,WRIGHT INSTITUTE                        ,CA,94704-0000,Private      ,0,6,6,1,510,511
00890300,COLLEGE OF THE CANYONS                  ,CA,91355-1899,Public       ,463,567,1030,6453,5752,12205
00891800,SADDLEBACK COLLEGE                      ,CA,92692-3699,Public       ,212,418,630,5186,6824,12010
00902200,ASSOCIATED TECHNICAL COLLEGE            ,CA,90017-0000,Proprietary  ,25,106,131,171,643,814
00903200,EMPIRE COLLEGE                          ,CA,95403-2122,Proprietary  ,21,99,120,180,675,855
00915706,WYOMING TECHNICAL INSTITUTE - WEST SACRA,CA,95605-1507,Proprietary  ,131,267,398,994,1599,2593
00927200,CRAFTON HILLS COLLEGE                   ,CA,92399-1799,Public       ,121,176,297,3628,4066,7694
00932500,ABRAM FRIEDMAN OCCUP CTR                ,CA,90015-3507,Public       ,4,31,35,89,287,376
00950900,SKILLS & BUSINESS EDUCATION CENTER      ,CA,95824-1529,Public       ,17,134,151,321,1388,1709
00974800,CARRINGTON COLLEGE CALIFORNIA           ,CA,95826-3203,Proprietary  ,86,346,432,885,2716,3601
00974801,CARRINGTON COLLEGE CALIFORNIA - SAN LEAN,CA,94578-3711,Proprietary  ,27,75,102,403,870,1273
00974802,CARRINGTON COLLEGE CALIFORNIA - PLEASANT,CA,94523-1984,Proprietary  ,17,43,60,257,559,816
00974803,CARRINGTON COLLEGE CALIFORNIA - STOCKTON,CA,95207-5509,Proprietary  ,30,64,94,356,684,1040
00974804,CARRINGTON COLLEGE CALIFORNIA - CITRUS H,CA,95621-5577,Proprietary  ,34,87,121,312,826,1138
00974806,CARRINGTON COLLEGE CALIFORNIA -  ANTIOCH,CA,94531-1604,Proprietary  ,26,46,72,246,588,834
00974807,CARRINGTON COLLEGE CALIFORNIA - SAN JOSE,CA,95119-1325,Proprietary  ,42,112,154,475,1102,1577
00974808,CARRINGTON COLLEGE CALIFORNIA - EMERYVIL,CA,94608-3006,Proprietary  ,11,30,41,140,333,473
00974809,WESTERN CAREER COLLEGE -  EMERYVILLE SHE,CA,94608-3006,Proprietary  ,1,1,2,19,62,81
00998900,SANTA BARBARA BUSINESS COLLEGE          ,CA,93111-0000,Proprietary  ,19,60,79,285,667,952
01011100,CERRO-COSO COMMUNITY COLLEGE            ,CA,93555-9571,Public       ,64,226,290,842,2550,3392
01014900,PEPPERDINE UNIVERSITY                   ,CA,90263-0000,Private      ,84,240,324,8647,7413,16060
01034000,LOS MEDANOS COLLEGE                     ,CA,94565-5197,Public       ,247,473,720,3606,5525,9131
01036500,CHARLES R DREW UNIV OF MED & SCI        ,CA,90059-0000,Private      ,5,81,86,100,810,910
01039500,UNIVERSITY OF SAN DIEGO                 ,CA,92110-2492,Private      ,200,231,431,16570,6260,22830
01039501,UNIVERSITY OF SAN DIEGO - SCHOOL OF LAW ,CA,92110-2492,Private      ,6,31,37,800,3413,4213
01044100,PARDEE RAND GRADUATE SCHOOL             ,CA,90407-2138,Private      ,0,2,2,0,32,32
01047400,MARYMOUNT COLLEGE OF PALOS VERDES       ,CA,90275-0000,Private      ,17,6,23,1484,198,1682
01083200,WESTERN STATE UNIV COLLEGE OF LAW       ,CA,92831-3014,Proprietary  ,1,8,9,21,1211,1232
01085400,THOMAS JEFFERSON SCHOOL OF LAW          ,CA,92110-0000,Private      ,0,53,53,25,2393,2418
01102400,EVEREST COLLEGE                         ,CA,94103-2091,Proprietary  ,13,71,84,201,577,778
01110700,EVEREST  COLLEGE                        ,CA,92801-5231,Proprietary  ,66,138,204,565,932,1497
01110900,EVEREST COLLEGE                         ,CA,91335-4631,Proprietary  ,101,307,408,650,1624,2274
01111200,FIDM-FASHION INSTITUTE OF DESIGN        ,CA,90015-1421,Proprietary  ,189,117,306,6778,2838,9616
01111700,ALLIANT INTERNATIONAL UNIVERSITY        ,CA,92131-1799,Private      ,6,79,85,142,2711,2853
01111705,ALLIANT INTERNATIONAL UNIVERSITY - LOS A,CA,91803-1360,Private      ,1,16,17,7,614,621
01111706,ALLIANT INTERNATIONAL UNIVERSITY - SAN F,CA,94133-1221,Private      ,1,25,26,41,882,923
01111707,ALLIANT INTERNATIONAL UNIVERSITY - FRESN,CA,93727-2014,Private      ,2,21,23,70,642,712
01112100,EVEREST COLLEGE                         ,CA,94541-4007,Proprietary  ,21,80,101,129,516,645
01112300,EVEREST COLLEGE                         ,CA,90247-4163,Proprietary  ,14,94,108,276,759,1035
01146000,NATIONAL UNIVERSITY                     ,CA,92037-1011,Private      ,96,2442,2538,875,19296,20171
01162600,PRACTICAL SCHOOLS                       ,CA,92805-0000,Proprietary  ,28,65,93,446,861,1307
01164900,LOYOLA MARYMOUNT UNIVERSITY             ,CA,90045-0000,Private      ,98,106,204,12262,3883,16145
01164901,LMU  - LOYOLA LAW SCHOOL                ,CA,90015-0019,Private      ,4,31,35,267,3734,4001
01167200,MENDOCINO COLLEGE                       ,CA,95482-3000,Public       ,61,171,232,1316,2361,3677
01170700,NORTH-WEST COLLEGE                      ,CA,91790-2097,Proprietary  ,38,128,166,258,544,802
01179200,FRANCISCAN SCHOOL OF THEOLOGY           ,CA,94709-0000,Private      ,0,1,1,0,27,27
01182000,SAN DIEGO MIRAMAR COLLEGE               ,CA,92126-0000,Public       ,148,413,561,4138,6477,10615
01186500,CALIFORNIA HAIR DESIGN ACADEMY          ,CA,92115-0000,Proprietary  ,15,35,50,157,292,449
01186600,LU ROSS ACADEMY                         ,CA,93001-2927,Proprietary  ,26,37,63,154,220,374
01202600,JE BOUTIQUE COLLEGE OF BEAUTY           ,CA,92021-6247,Proprietary  ,12,34,46,91,212,303
01202700,GALEN COLLEGE OF CALIFORNIA             ,CA,93728-2381,Proprietary  ,5,10,15,58,129,187
01203100,SAN DIEGO CHRISTIAN COLLEGE             ,CA,92019-1157,Private      ,53,390,443,1003,2150,3153
01206100,EVEREST COLLEGE                         ,CA,95128-3908,Proprietary  ,41,91,132,299,665,964
01215400,CALIFORNIA INSTITUTE OF INTEGRAL STUDIES,CA,94103-2557,Private      ,1,21,22,31,1763,1794
01230002,PALMER COLLEGE OF CHIROPRACTIC - WEST CA,CA,95134-1617,Private      ,2,8,10,25,362,387
01231600,MANCHESTER BEAUTY COLLEGE               ,CA,93726-5306,Proprietary  ,9,34,43,146,293,439
01231700,TULARE BEAUTY COLLEGE                   ,CA,93274-3432,Proprietary  ,3,6,9,33,88,121
01244600,UNIVERSAL COLLEGE OF BEAUTY             ,CA,90044-0044,Proprietary  ,2,26,28,69,111,180
01245200,EVERGREEN VALLEY COLLEGE                ,CA,95135-1598,Public       ,261,406,667,4887,5887,10774
01255000,LOS ANGELES MISSION COLLEGE             ,CA,91342-3200,Public       ,260,463,723,5099,5664,10763
01265000,MARINELLO SCHOOL OF BEAUTY              ,CA,91502-2828,Proprietary  ,22,70,92,197,433,630
01265001,MARINELLO SCHOOL OF BEAUTY - PALMDALE   ,CA,93550-4686,Proprietary  ,3,9,12,3,9,12
01265100,MARINELLO SCHOOL OF BEAUTY              ,CA,91748-1674,Proprietary  ,7,27,34,72,144,216
01284200,OXNARD COLLEGE                          ,CA,93030-0000,Public       ,113,256,369,3398,4499,7897
01287200,NORTH-WEST COLLEGE                      ,CA,91768-3199,Proprietary  ,39,90,129,233,580,813
01287300,WYOTECH                                 ,CA,90810-3800,Proprietary  ,139,310,449,1167,1921,3088
01287301,WYOTECH - EVEREST  COLLEGE              ,CA,90034-3158,Proprietary  ,30,97,127,254,712,966
01287302,WYOTECH - EVEREST  COLLEGE              ,CA,91746-3412,Proprietary  ,93,166,259,575,1048,1623
01290700,LAKE TAHOE COMMUNITY COLLEGE            ,CA,96150-4524,Public       ,52,165,217,779,1278,2057
01291100,MARINELLO SCHOOL OF BEAUTY              ,CA,92646-2552,Proprietary  ,11,33,44,92,175,267
01291200,MTI COLLEGE                             ,CA,95841-0000,Proprietary  ,52,215,267,556,1809,2365
01294200,ROSEMEAD BEAUTY SCHOOL                  ,CA,91770-1639,Proprietary  ,4,41,45,45,305,350
01298400,PROFESSIONAL INSTITUTE OF BEAUTY        ,CA,91731-2613,Proprietary  ,6,27,33,35,130,165
01298500,HAIR CALIFORNIA BEAUTY ACADEMY          ,CA,92867-7127,Proprietary  ,0,2,2,24,64,88
01298900,OCEANSIDE COLLEGE OF BEAUTY             ,CA,92054-5393,Proprietary  ,7,24,31,98,183,281
01301000,LANCASTER BEAUTY SCHOOL                 ,CA,93534-3098,Proprietary  ,14,33,47,106,235,341
01307400,AMERICAN BEAUTY COLLEGE                 ,CA,91790-2906,Proprietary  ,11,17,28,82,99,181
01309500,SALON SUCCESS ACADEMY                   ,CA,92879-6561,Proprietary  ,21,42,63,176,273,449
01310300,CALIFORNIA WESTERN SCHOOL OF LAW        ,CA,92101-0000,Private      ,1,31,32,69,2091,2160
01324000,LYTLE'S REDWOOD EMPIRE BEAUTY CLG       ,CA,95403-0000,Proprietary  ,15,30,45,153,251,404
02054900,MARINELLO SCHOOL OF BEAUTY              ,CA,92630-0000,Proprietary  ,26,67,93,164,269,433
02054902,MARINELLO SCHOOL OF BEAUTY - BAKERSFIELD,CA,93309-5001,Proprietary  ,3,13,16,3,13,16
02059800,PARIS BEAUTY COLLEGE                    ,CA,94520-2611,Proprietary  ,14,35,49,66,188,254
02063500,COASTLINE COMMUNITY COLLEGE             ,CA,92708-0000,Public       ,59,509,568,1635,6822,8457
02064300,SIERRA COLLEGE OF BEAUTY                ,CA,95340-0000,Proprietary  ,18,28,46,110,212,322
02065700,CALIFORNIA BEAUTY COLLEGE               ,CA,95354-0000,Proprietary  ,17,15,32,176,207,383
02070500,CONCORDIA UNIVERSITY                    ,CA,92612-0000,Private      ,33,225,258,2316,2409,4725
02075800,SOUTHERN CA INST OF ARCHITECTURE        ,CA,90013-0000,Private      ,5,10,15,195,570,765
02086400,MARINELLO SCHOOL OF BEAUTY              ,CA,95050-0000,Proprietary  ,53,102,155,370,683,1053
02086401,MARINELLO SCHOOL OF BEAUTY - SEASIDE    ,CA,93955-3615,Proprietary  ,2,5,7,2,5,7
02086402,MARINELLO SCHOOL OF BEAUTY - SAN MATEO  ,CA,94401-3801,Proprietary  ,1,3,4,1,3,4
02086403,MARINELLO SCHOOL OF BEAUTY - HAYWARD    ,CA,94541-5111,Proprietary  ,3,11,14,3,11,14
02086404,MARINELLO SCHOOL OF BEAUTY - CASTRO VALL,CA,94546-5506,Proprietary  ,1,3,4,1,3,4
02091200,ELEGANCE INTERNATIONAL                  ,CA,90028-0000,Proprietary  ,8,11,19,133,189,322
02091700,KAPLAN COLLEGE                          ,CA,92123-1509,Proprietary  ,55,258,313,594,2326,2920
02091702,KAPLAN COLLEGE - CHULA VISTA            ,CA,91910-5342,Proprietary  ,27,79,106,223,463,686
02096100,FIELDING GRADUATE UNIVERSITY            ,CA,93105-0000,Private      ,0,47,47,3,1226,1229
02099200,AMERICAN CONSERVATORY THEATER           ,CA,94108-0000,Private      ,1,4,5,57,244,301
02110200,COLUMBIA COLLEGE                        ,CA,91356-0000,Private      ,10,10,20,349,184,533
02110800,CALIFORNIA COLLEGE SAN DIEGO            ,CA,92108-3821,Proprietary  ,75,230,305,1577,2891,4468
02111300,CUYAMACA COLLEGE                        ,CA,92019-0000,Public       ,161,351,512,4022,6581,10603
02113601,AMERICAN INTERCONTINENTAL UNIV - LOS ANG,CA,90066-7008,Proprietary  ,0,0,0,3,2,5
02119100,MISSION COLLEGE                         ,CA,95054-1897,Public       ,150,379,529,3149,5475,8624
02120600,SAYBROOK GRADUATE SCHOOL                ,CA,94111-1920,Private      ,0,19,19,2,699,701
02120700,SAN JOAQUIN VALLEY COLLEGE              ,CA,93291-0000,Proprietary  ,399,721,1120,3346,7220,10566
02125000,CAREER ACADEMY OF BEAUTY                ,CA,92845-0000,Proprietary  ,7,29,36,88,175,263
02128200,"VICTOR VALLEY BEAUTY COLLEGE, INC       ",CA,92392-0000,Proprietary  ,14,26,40,137,262,399
02128300,INSTITUTE FOR BUSINESS & TECHNOLOGY     ,CA,95050-0000,Proprietary  ,30,146,176,134,800,934
02128301,INSTITUTE FOR BUSINESS & TECHNOLOGY - NA,CA,95670-6351,Proprietary  ,5,55,60,61,467,528
02138300,PALO ALTO UNIVERSITY                    ,CA,94304-1337,Private      ,5,20,25,57,826,883
02147400,CLEVELAND CHIROPRACTIC COLLEGE          ,CA,90004-0000,Private      ,0,1,1,36,166,202
02161800,MUSICIANS INSTITUTE                     ,CA,90028-6157,Proprietary  ,96,101,197,1760,1418,3178
02167800,ESTES INSTITUTE OF COSMETOLOGY          ,CA,93291-0000,Proprietary  ,8,19,27,139,170,309
02174600,MARINELLO SCHOOL OF BEAUTY              ,CA,90201-0000,Proprietary  ,13,17,30,88,119,207
02180600,BRIDGES  ACADEMY OF BEAUTY              ,CA,92311-2327,Proprietary  ,1,9,10,9,39,48
02185800,MOLER BARBER COLLEGE                    ,CA,94611-0000,Proprietary  ,4,24,28,49,119,168
02187500,"HEALD COLLEGE, SCH OF BUS & TECH        ",CA,94520-0000,Proprietary  ,81,221,302,1074,2530,3604
02188400,SIERRA VALLEY COLLEGE OF COURT REPORTING,CA,93726-0000,Proprietary  ,5,16,21,68,238,306
02208600,MADERA BEAUTY COLLEGE                   ,CA,93637-3519,Proprietary  ,3,10,13,67,114,181
02211000,SALON SUCCESS ACADEMY                   ,CA,92405-0000,Proprietary  ,3,16,19,80,92,172
02220000,COLLEEN O'HARA BEAUTY ACADEMY           ,CA,92701-0000,Proprietary  ,16,29,45,108,183,291
02220200,CALIFORNIA CULINARY ACADEMY             ,CA,94102-3336,Proprietary  ,51,85,136,698,1042,1740
02221300,MARINELLO SCHOOL OF BEAUTY              ,CA,92553-0000,Proprietary  ,30,75,105,258,472,730
02221303,MARINELLO SCHOOL OF BEAUTY - SAN RAFAEL ,CA,94901-3224,Proprietary  ,3,11,14,3,11,14
02222000,AMERICAN FILM INSTITUTE                 ,CA,90027-0000,Private      ,10,38,48,315,832,1147
02226000,EAST LOS ANGELES COLLEGE                ,CA,91754-0000,Public       ,704,1071,1775,15565,14274,29839
02228500,LIFE CHIROPRACTIC COLLEGE WEST          ,CA,94545-0000,Private      ,0,19,19,18,437,455
02230900,FREDRICK & CHARLES BEAUTY COLLEGE       ,CA,95501-0000,Proprietary  ,8,17,25,64,95,159
02231900,GEMOLOGICAL INSTITUTE OF AMERICA        ,CA,92008-4698,Private      ,3,27,30,59,259,318
02234300,FASHION CAREERS OF CALIFORNIA           ,CA,92110-0000,Proprietary  ,4,16,20,165,181,346
02236400,"THANH LE COLG, SCH OF COSMETOLOGY       ",CA,92840-0000,Proprietary  ,0,15,15,9,63,72
02237200,PHILLIPS GRADUATE INSTITUTE             ,CA,91316-0000,Private      ,0,17,17,3,285,288
02241600,SAN DIEGO CONTINUING EDUCATION          ,CA,92113-0000,Public       ,9,65,74,117,771,888
02241800,AMERICAN CAREER COLLEGE                 ,CA,90004-0000,Proprietary  ,243,551,794,1850,3735,5585
02242700,BERKELEY CITY COLLEGE                   ,CA,94704-0000,Public       ,156,331,487,2991,4618,7609
02250602,EVEREST COLLEGE                         ,CA,91761-8525,Proprietary  ,27,96,123,456,1438,1894
02255400,INTERNATIONAL SCHOOL OF COSMETOLOGY     ,CA,90250-0000,Proprietary  ,21,26,47,176,244,420
02255600,MARINELLO SCHOOL OF BEAUTY              ,CA,90723-0000,Proprietary  ,16,19,35,120,195,315
02258600,ALAMEDA BEAUTY COLLEGE                  ,CA,94501-0000,Proprietary  ,19,31,50,135,319,454
02262400,YESHIVA OHR ELCHONON CHABAD             ,CA,90046-0000,Private      ,29,1,30,75,2,77
02263101,ANTHEM COLLEGE - SACRAMENTO             ,CA,95827-3378,Proprietary  ,8,21,29,54,165,219
02267600,INSTITUTE OF TRANSPERSONAL PSYCHLGY     ,CA,94303-4624,Private      ,0,16,16,5,613,618
02270600,LIFE PACIFIC COLLEGE                    ,CA,91773-0000,Private      ,7,13,20,354,266,620
02276800,WESTMINSTER SEMINARY CALIFORNIA         ,CA,92027-0000,Private      ,0,2,2,0,157,157
02277400,SOUTH COAST COLLEGE                     ,CA,92868-2616,Proprietary  ,12,54,66,187,558,745
02282300,ALHAMBRA BEAUTY COLLEGE                 ,CA,91802-0000,Proprietary  ,5,27,32,61,143,204
02285100,HILLTOP BEAUTY SCHOOL                   ,CA,94014-0000,Proprietary  ,3,21,24,28,154,182
02298000,DESIGN INSTITUTE OF SAN DIEGO           ,CA,92121-0000,Proprietary  ,9,14,23,180,311,491
02304300,"PLATT COLLEGE, SAN DIEGO                ",CA,92115-0000,Proprietary  ,15,54,69,225,465,690
02306300,KAPLAN COLLEGE                          ,CA,95368-0000,Proprietary  ,36,102,138,437,862,1299
02306302,KAPLAN COLLEGE - FRESNO                 ,CA,93612-3802,Proprietary  ,35,72,107,312,637,949
02309500,CLOVIS ADULT EDUC                       ,CA,93611-0000,Public       ,5,34,39,59,395,454
02312400,LA COLLEGE INTERNATIONAL                ,CA,90010-0000,Proprietary  ,0,13,13,62,916,978
02327600,ART INSTITUTE OF CALIFORNIA - SAN DIEGO ,CA,92108-4401,Proprietary  ,228,382,610,4458,4577,9035
02330500,LAGUNA COLLEGE OF ART AND DESIGN        ,CA,92651-0000,Private      ,17,8,25,591,285,876
02332800,CENTER FOR EMPLOYMENT TRAINING          ,CA,95110-0000,Private      ,180,769,949,681,3102,3783
02338500,GLENDALE CAREER COLLEGE                 ,CA,91203-1207,Proprietary  ,23,99,122,248,651,899
02338700,MARINELLO SCHOOL OF BEAUTY              ,CA,94103-0000,Proprietary  ,39,109,148,289,572,861
02338701,MARINELLO SCHOOL OF BEAUTY - CHICO      ,CA,95928-7184,Proprietary  ,3,15,18,3,15,18
02338702,MARINELLO SCHOOL OF BEAUTY - REDDING    ,CA,96001-1023,Proprietary  ,5,20,25,5,20,25
02338703,MARINELLO SCHOOL OF BEAUTY - FRESNO     ,CA,93711-3246,Proprietary  ,4,14,18,4,14,18
02342400,ACADEMY OF RADIO BROADCASTING           ,CA,92647-3809,Proprietary  ,5,47,52,106,344,450
02343400,"BELLUS ACADEMY, THE ACADEMY OF BEAUTY AN",CA,92064-4633,Proprietary  ,45,97,142,328,654,982
02345800,MONTEBELLO BEAUTY COLLEGE               ,CA,90640-0000,Proprietary  ,5,13,18,52,91,143
02351900,KAPLAN COLLEGE                          ,CA,95660-5512,Proprietary  ,48,198,246,456,1531,1987
02351901,KAPLAN COLLEGE - BAKERSFIELD            ,CA,93304-0000,Proprietary  ,45,101,146,626,1214,1840
02358000,THOMAS AQUINAS COLLEGE                  ,CA,93060-9622,Private      ,2,1,3,379,25,404
02359300,SHASTA BIBLE COLLEGE                    ,CA,96002-0000,Private      ,5,5,10,50,72,122
02482700,WESTERN UNIVERSITY OF HEALTH S          ,CA,91766-1854,Private      ,8,58,66,133,5164,5297
02494800,LOLA BEAUTY COLLEGE                     ,CA,92641-0000,Proprietary  ,5,18,23,40,81,121
02497300,TRINITY COLLEGE                         ,CA,93277-8109,Proprietary  ,48,155,203,260,956,1216
02500000,SAN JOAQUIN COLLEGE OF LAW              ,CA,93612-0000,Private      ,0,1,1,19,352,371
02518400,THE NATIONAL HISPANIC UNIVERSITY        ,CA,95127-0000,Proprietary  ,21,70,91,353,695,1048
02519800,AVANCE BEAUTY COLLEGE                   ,CA,92154-0000,Proprietary  ,5,20,25,85,176,261
02520200,CALIFORNIA CAREER SCHOOLS               ,CA,92805-0000,Proprietary  ,1,24,25,63,230,293
02520300,INTERIOR DESIGNERS INSTITUTE            ,CA,92660-0000,Proprietary  ,1,24,25,51,201,252
02520400,ADRIAN'S BEAUTY COLLEGE OF TURLOCK      ,CA,95382-0000,Proprietary  ,11,13,24,132,189,321
02537200,PALOMAR INSTITUTE OF COSMETOLOGY        ,CA,92069-0000,Proprietary  ,21,40,61,171,312,483
02539100,KAPLAN COLLEGE                          ,CA,91606-3231,Proprietary  ,58,119,177,607,1373,1980
02539102,KAPLAN COLLEGE -  RIVERSIDE             ,CA,92507-4223,Proprietary  ,39,124,163,392,952,1344
02539500,IRVINE VALLEY COLLEGE                   ,CA,92620-0000,Public       ,160,262,422,4917,4715,9632
02542300,NATIONAL HOLISTIC INSTITUTE             ,CA,94608-0000,Proprietary  ,35,165,200,257,1044,1301
02543400,BROWNSON TECHNICAL SCHOOL               ,CA,92805-0000,Proprietary  ,17,45,62,66,284,350
02545900,HYPNOSIS MOTIVATION INSTITUTE           ,CA,91356-0000,Private      ,0,34,34,3,162,165
02546400,MTI BUSINESS COLLEGE INC                ,CA,95207-0000,Proprietary  ,9,34,43,59,238,297
02549000,KAPLAN COLLEGE                          ,CA,92083-7736,Proprietary  ,56,191,247,507,1439,1946
02549005,KAPLAN COLLEGE -  PALM SPRINGS          ,CA,92262-7011,Proprietary  ,27,82,109,318,699,1017
02553500,ASSOCIATED TECHNICAL COLLEGE            ,CA,92101-0000,Proprietary  ,12,54,66,104,359,463
02553600,DIVERSIFIED LANGUAGE INSTITUTE          ,CA,90017-0000,Proprietary  ,9,275,284,84,1164,1248
02559300,UNITED EDUCATION INSTITUTE              ,CA,90020-0000,Proprietary  ,90,123,213,3650,7821,11471
02559400,INTERCOAST COLLEGES                     ,CA,92868-1656,Proprietary  ,77,524,601,336,3066,3402
02565400,KAPLAN COLLEGE                          ,CA,95207-6216,Proprietary  ,30,77,107,325,874,1199
02570300,LOS ANGELES ORT COLLEGE                 ,CA,90048-0000,Private      ,30,126,156,172,715,887
02577900,SANTA BARBARA BUSINESS COLLEGE          ,CA,93309-1664,Proprietary  ,33,97,130,575,1221,1796
02578000,SANTA BARBARA BUSINESS COLLEGE          ,CA,93454-6943,Proprietary  ,13,28,41,226,474,700
02584200,NEWBRIDGE COLLEGE                       ,CA,92701-0000,Proprietary  ,16,104,120,252,759,1011
02591600,NORTH-WEST COLLEGE                      ,CA,91101-1744,Proprietary  ,8,32,40,81,244,325
02593100,HEALD COLLEGE                           ,CA,95678-5303,Proprietary  ,57,222,279,739,2418,3157
02593200,HEALD COLLEGE                           ,CA,95035-8008,Proprietary  ,102,287,389,953,2505,3458
02593300,HEALD COLLEGE                           ,CA,95210-5667,Proprietary  ,62,249,311,1167,3005,4172
02595600,ASIAN AMERICAN INTERNATIONAL BTY CG     ,CA,92683-4043,Proprietary  ,3,15,18,30,75,105
02597300,SOUTH BAYLO UNIVERSITY                  ,CA,92801-1701,Private      ,1,16,17,10,310,320
02602300,CENTRAL COAST COLLEGE                   ,CA,93901-3301,Proprietary  ,39,43,82,281,371,652
02608900,PINNACLE COLLEGE                        ,CA,91803-8842,Proprietary  ,13,13,26,84,115,199
02608901,PINNACLE COLLEGE - SACRAMENTO           ,CA,95670-6386,Proprietary  ,14,25,39,89,150,239
02609000,EMPERORS COLG OF TRAD ORIENTAL MED      ,CA,90403-5609,Proprietary  ,0,20,20,17,241,258
02612800,LOS ANGELES RECORDING SCHOOL            ,CA,90028-3112,Proprietary  ,31,39,70,461,458,919
03010611,VIRGINIA COLLEGE - GOLF ACADEMY OF AMERI,CA,92008-6512,Proprietary  ,7,29,36,101,357,458
03011300,"CALIF STATE UNIV, SAN MARCOS            ",CA,92096-0001,Public       ,175,195,370,12283,7074,19357
03019900,CAPSTONE COLLEGE                        ,CA,91402-4924,Proprietary  ,2,16,18,21,79,100
03025600,DELL'ARTE SCH OF PHYSICAL THEATRE       ,CA,95525-0816,Private      ,0,1,1,6,43,49
03027700,PACIFIC COLLEGE OF ORIENTAL MED         ,CA,92108-4408,Proprietary  ,3,48,51,60,721,781
03029600,POMONA ADULT SCHOOL                     ,CA,91766-0000,Public       ,16,72,88,100,296,396
03031409,INTERNATIONAL ACADEMY OF DESIGN AND TECH,CA,95834-9664,Proprietary  ,13,38,51,323,664,987
03034000,HEALD COLLEGE                           ,CA,93906-5100,Proprietary  ,76,160,236,971,1892,2863
03035700,LAS POSITAS COLLEGE                     ,CA,94551-6750,Public       ,129,204,333,2851,2901,5752
03039900,FREMONT COLLEGE                         ,CA,90703-5342,Proprietary  ,27,45,72,273,511,784
03043900,NEWSCHOOL OF ARCHITECTURE & DESIGN      ,CA,92101-6634,Proprietary  ,6,31,37,363,659,1022
03044500,KAPLAN COLLEGE                          ,CA,91402-4222,Proprietary  ,0,3,3,103,232,335
03054100,ROYALE COLLEGE OF BEAUTY                ,CA,92590-2525,Proprietary  ,5,10,15,68,86,154
03062300,WESTECH COLLEGE                         ,CA,91764-4988,Proprietary  ,37,120,157,192,827,1019
03062400,MT DIABLO ADULT EDUC LOMA VISTA CTR     ,CA,94518-1122,Public       ,8,21,29,84,244,328
03062700,PLATT COLLEGE                           ,CA,90041-0000,Proprietary  ,26,31,57,261,378,639
03062701,PLATT COLLEGE                           ,CA,91764-0000,Proprietary  ,49,87,136,406,633,1039
03063400,MODERN TECHNOLOGY SCHOOL                ,CA,92708-9821,Proprietary  ,8,26,34,64,216,280
03067400,BALDWIN PARK ADULT SCHOOL               ,CA,91706-4897,Public       ,20,80,100,180,490,670
03067500,INSTITUTE OF TECHNOLOGY                 ,CA,93612-3217,Proprietary  ,191,580,771,1312,4097,5409
03067501,INSTITUTE OF TECHNOLOGY - MODESTO BRANCH,CA,95356-9000,Proprietary  ,0,0,0,0,1,1
03069500,SAGE COLLEGE                            ,CA,92557-6720,Proprietary  ,9,59,68,165,816,981
03072300,EVEREST COLLEGE                         ,CA,91761-3222,Proprietary  ,77,176,253,491,1080,1571
03072700,WESTWOOD COLLEGE - LOS ANGELES          ,CA,90010-1577,Proprietary  ,94,511,605,1723,5599,7322
03074900,MARTINEZ ADULT CENTER                   ,CA,94553-3298,Public       ,3,3,6,8,77,85
03078200,AMERICAN CLG TRADITIONAL CHINESE MD     ,CA,94107-2813,Private      ,0,19,19,7,345,352
03084700,VENTURA ADULT\CONTINUING EDUCATION      ,CA,93003-7313,Public       ,10,34,44,78,236,314
03094400,ELITE PROGRESSIVE SCHOOL OF COSM        ,CA,95841-2909,Proprietary  ,39,79,118,273,536,809
03094401,MARINELLO SCHOOL OF BEAUTY - CONCORD    ,CA,94520-2581,Proprietary  ,4,12,16,4,12,16
03094402,MARINELLO SCHOOL OF BEAUTY- STOCKTON    ,CA,95203-3149,Proprietary  ,3,15,18,3,15,18
03097700,CENTRAL CALIF SCH CONTINUING EDUC       ,CA,93401-6739,Proprietary  ,6,39,45,64,287,351
03098200,YO SAN UNIV TRADITIONAL CHINESE MED     ,CA,90066-1103,Private      ,0,12,12,6,222,228
03108100,SUMMIT CAREER COLLEGE                   ,CA,92324-3956,Proprietary  ,84,311,395,427,1659,2086
03109500,DONGGUK  UNIVERSITY LOS ANGELES         ,CA,90020-1765,Private      ,0,8,8,9,116,125
03113300,UEI COLLEGE                             ,CA,93727-1620,Proprietary  ,114,501,615,454,1441,1895
03113600,SOUTHERN CALIFORNIA INST OF TECHNOL     ,CA,92805-3758,Proprietary  ,19,113,132,142,860,1002
03116600,EAST SAN GABRIEL VLY REG OCCUP PROG     ,CA,91790-2105,Public       ,23,171,194,194,1039,1233
03125300,JOHN WESLEY INTER. BARBER & BTY CLG     ,CA,90813-4321,Proprietary  ,7,23,30,73,172,245
03125400,ART INSTITUTE OF CALIFORNIA-HOLLYWOOD (T,CA,91601-3112,Proprietary  ,140,193,333,3320,2786,6106
03125800,PREMIERE CAREER COLLEGE                 ,CA,91706-3746,Proprietary  ,33,85,118,182,461,643
03126800,PACIFICA GRADUATE INSTITUTE             ,CA,93013-0000,Proprietary  ,0,43,43,2,1090,1092
03128700,MT SIERRA COLLEGE                       ,CA,91016-3414,Proprietary  ,28,38,66,465,542,1007
03131300,FIVE BRANCHES UNIVERSITY                ,CA,95062-4669,Private      ,2,18,20,52,427,479
03144400,AMERICAN CLG OF HEALTH PROFESSIONS      ,CA,92505-3038,Proprietary  ,29,90,119,208,733,941
03150500,VIRGINIA SEWING MACHINES & SCH CTR      ,CA,90015-3535,Proprietary  ,0,12,12,3,64,67
03162300,FOUR-D SUCCESS ACADEMY                  ,CA,92324-4218,Proprietary  ,30,106,136,243,1085,1328
03163300,PACIFIC STATES UNIVERSITY               ,CA,90006-0000,Private      ,1,2,3,32,48,80
03195400,EVEREST COLLEGE                         ,CA,90501-2867,Proprietary  ,18,42,60,124,272,396
03210300,LE CORDON BLEU COLLEGE OF CULINARY ARTS ,CA,91101-5221,Proprietary  ,352,1090,1442,3716,9525,13241
03225300,AMERICAN UNIVERSITY OF HEALTH SCIENCES  ,CA,90755-3612,Proprietary  ,8,13,21,113,256,369
03242300,CAREER NETWORK INSTITUTE                ,CA,92868-4710,Proprietary  ,22,93,115,157,639,796
03250300,COMMUNITY BASED EDUCATION AND DEVEL     ,CA,90036-0000,Private      ,7,22,29,74,218,292
03260300,CALIFORNIA STATE U-MONTEREY BAY         ,CA,93955-8001,Public       ,135,130,265,9533,3547,13080
03266300,BETHESDA UNIVERSITY OF CALIFORNIA       ,CA,92801-4132,Private      ,7,29,36,76,178,254
03278300,CLARITA CAREER COLLEGE                  ,CA,91351-5432,Proprietary  ,120,256,376,795,1686,2481
03288300,ACAD CHINESE CULTURE & HEALTH SCIS      ,CA,94512-0000,Private      ,2,8,10,21,172,193
03299300,PACIFIC COLLEGE                         ,CA,92626-3160,Proprietary  ,4,51,55,91,546,637
03308300,KENSINGTON COLLEGE                      ,CA,92705-8708,Proprietary  ,0,21,21,6,58,64
03327400,ACUPUNCTURE AND INTEGRATIVE MEDICINE COL,CA,94704-2724,Private      ,4,18,22,32,297,329
03332300,SOUTHERN CA BIBLE CLG & SEMINARY        ,CA,92019-1109,Private      ,2,8,10,10,204,214
03359300,ST. FRANCIS CAREER COLLEGE              ,CA,90262-2659,Private      ,4,7,11,77,207,284
03367300,PROFESSIONAL GOLFERS CAREER COLLEGE     ,CA,92591-6013,Proprietary  ,7,22,29,197,357,554
03395300,INTERNATIONAL CAREER DEVELOPMENT        ,CA,90027-5794,Proprietary  ,231,1220,1451,1055,7761,8816
03399300,NORTHWESTERN TECHNICAL COLLEGE          ,CA,95670-4443,Proprietary  ,30,86,116,186,647,833
03403300,EPIC BIBLE COLLEGE                      ,CA,95841-3546,Private      ,4,37,41,87,513,600
03413400,ENGLISH CENTER  (THE)                   ,CA,94607-3734,Private      ,6,48,54,39,258,297
03427400,CAREER COLLEGES OF AMERICA              ,CA,90280-7420,Proprietary  ,77,284,361,480,1832,2312
03427500,ANTELOPE VALLEY MEDICAL COLLEGE         ,CA,93534-3324,Proprietary  ,45,96,141,604,1251,1855
03440400,MARIAN HEALTH CAREERS CENTER            ,CA,90010-1728,Proprietary  ,13,18,31,79,179,258
03441400,VALLEY CAREER COLLEGE                   ,CA,92020-3057,Proprietary  ,13,41,54,139,340,479
03458300,MY LE'S BEAUTY COLLEGE                  ,CA,95824-3039,Proprietary  ,3,38,41,76,261,337
03467300,MARINELLO SCHOOL OF BEAUTY              ,CA,92545-3661,Proprietary  ,60,125,185,332,654,986
03467301,MARINELLO SCHOOL OF BEAUTY - CATHEDRAL C,CA,92234-6656,Proprietary  ,5,5,10,10,19,29
03467302,MARINELLO SCHOOL OF BEAUTY - MURRIETA   ,CA,92563-5039,Proprietary  ,6,10,16,6,10,16
03467303,MARINELLO SCHOOL OF BEAUTY - NAPA       ,CA,94559-1237,Proprietary  ,1,6,7,1,6,7
03479300,PROFESSIONAL CAREER INSTITUTE           ,CA,90703-2522,Proprietary  ,4,16,20,81,134,215
03485400,JAMES ALBERT SCHOOL OF COSMETOLOGY      ,CA,92627-3831,Proprietary  ,1,6,7,107,189,296
03516300,KING'S UNIVERSITY (THE)                 ,CA,91405-2233,Private      ,4,23,27,101,389,490
03532400,ADVANCED TRAINING ASSOCIATES            ,CA,92020-1236,Proprietary  ,9,25,34,39,133,172
03542400,COPPER MOUNTAIN COLLEGE                 ,CA,92252-6102,Public       ,40,139,179,797,2333,3130
03577300,COBA ACADEMY                            ,CA,92866-1407,Proprietary  ,11,11,22,49,68,117
03590400,NTMA TRAINING CENTERS OF SOUTHERN C     ,CA,90650-6099,Private      ,42,225,267,158,749,907
03592400,IRELL & MANELLA GRADUATE SCHOOL OF BIOLO,CA,91010-0000,Private      ,0,0,0,3,8,11
03598300,AVALON BEAUTY COLLEGE                   ,CA,93103-3137,Proprietary  ,14,20,34,130,141,271
03614300,DAVID'S ACADEMY OF BEAUTY               ,CA,91780-1089,Proprietary  ,3,36,39,13,211,224
03639300,WEST COAST ULTRASOUND INSTITUTE         ,CA,90211-3312,Proprietary  ,36,134,170,398,1444,1842
03646300,DESIGN'S SCHOOL OF COSMETOLOGY          ,CA,93446-1471,Proprietary  ,12,31,43,76,168,244
03681300,CALIFORNIA HEALING ARTS COLLEGE         ,CA,90025-2589,Proprietary  ,6,38,44,85,247,332
03695300,COMMUNITY ENHANCEMENT SERVICES          ,CA,91502-2750,Private      ,6,17,23,20,147,167
03695700,SANTIAGO CANYON COLLEGE                 ,CA,92869-4512,Public       ,140,218,358,3121,2587,5708
03696300,UNIVERSITY OF THE WEST                  ,CA,91770-3709,Private      ,1,2,3,15,67,82
03698300,WEST COAST UNIVERSITY                   ,CA,91606-3206,Proprietary  ,200,410,610,1908,3736,5644
03698400,CA COLLEGE OF VOCATIONAL CAREER         ,CA,93301-1800,Proprietary  ,6,28,34,126,407,533
03736300,ADVANCE BEAUTY COLLEGE                  ,CA,92843-4752,Proprietary  ,2,71,73,73,471,544
03740400,ATI COLLEGE                             ,CA,90650-0000,Proprietary  ,15,41,56,119,323,442
03759300,COMPUTER TUTOR BUSINESS & TECH INST     ,CA,95356-0000,Proprietary  ,4,31,35,80,228,308
03786300,ADVANCED COLLEGE                        ,CA,90280-5255,Proprietary  ,11,38,49,115,445,560
03797400,CAREER CARE INSTITUTE                   ,CA,93534-4766,Proprietary  ,25,79,104,289,832,1121
03797401,CAREER CARE INSTITUTE - VENTURA         ,CA,93003-0000,Proprietary  ,4,18,22,41,116,157
03797402,CAREER CARE INSTITUTE - MORENO VALLEY   ,CA,92553-7519,Proprietary  ,2,10,12,32,114,146
03814400,SOKA UNIVERSITY OF AMERICA              ,CA,92656-8081,Private      ,5,2,7,512,64,576
03852500,CIT COLLEGE OF INFOMEDICAL TECHNOLOGY   ,CA,92831-3703,Proprietary  ,0,0,0,97,408,505
03853300,KECK GRADUATE INSTITUTE OF APPLIED LIFE ,CA,91711-4817,Private      ,0,0,0,6,131,137
03853400,LADERA CAREER PATHS TRAINING CENTERS    ,CA,90045-1931,Proprietary  ,0,3,3,6,50,56
03868300,WORLD MISSION UNIVERSITY                ,CA,90020-1789,Private      ,0,13,13,7,102,109
03868400,LOS ANGELES MUSIC ACADEMY               ,CA,91105-2540,Proprietary  ,7,10,17,166,141,307
03871300,FOLSOM LAKE COLLEGE                     ,CA,95630-6798,Public       ,114,257,371,3140,4443,7583
03874300,CAMBRIDGE JUNIOR COLLEGE                ,CA,95993-0000,Proprietary  ,18,70,88,140,462,602
03874400,COMMMUNITY CHRISTIAN COLLEGE            ,CA,92373-4465,Private      ,3,6,9,169,166,335
03889300,STANBRIDGE COLLEGE                      ,CA,92612-0000,Proprietary  ,26,129,155,211,975,1186
03901300,PACIFIC COAST TRADE SCHOOL              ,CA,93033-2441,Proprietary  ,16,56,72,65,252,317
03910400,NATIONAL POLYTECHNIC COLLEGE            ,CA,90040-3066,Proprietary  ,26,66,92,102,250,352
03933300,MUELLER COLLEGE OF HOLISTIC STUDIES     ,CA,92116-2630,Proprietary  ,6,45,51,62,388,450
03935300,CALIFORNIA NURSES EDUCATIONAL INSTITUTE ,CA,92234-7248,Proprietary  ,5,20,25,71,215,286
03962300,AMERICAN INSTITUTE OF MASSAGE THERAPY   ,CA,92705-5463,Proprietary  ,1,8,9,45,100,145
03964400,INTERNATIONAL SCHOOL OF BEAUTY          ,CA,92260-2740,Proprietary  ,10,58,68,115,294,409
03969600,AMERICAN AUTO INSTITUTE                 ,CA,90703-2637,Proprietary  ,225,519,744,956,2073,3029
03971300,AMERICAN CAREER COLLEGE                 ,CA,91764-4906,Proprietary  ,128,246,374,1020,2049,3069
03973300,EX'PRESSION COLLEGE FOR DIGTAL ARTS     ,CA,94608-1021,Proprietary  ,42,41,83,830,774,1604
03974500,CALIFORNIA CAREER COLLEGE               ,CA,91303-2006,Proprietary  ,2,13,15,38,162,200
03980300,CALIFORNIA STATE UNIVERSITY CHANNEL ISLA,CA,93012-8599,Public       ,78,91,169,6021,2792,8813
03995300,UNIVERSITY OF EAST-WEST MEDICINE        ,CA,94087-6106,Proprietary  ,0,10,10,11,80,91
03999300,BEAUMONT ADULT SCHOOL                   ,CA,92223-1927,Public       ,9,23,32,50,181,231
04001300,PALACE BEAUTY COLLEGE                   ,CA,90006-4233,Proprietary  ,8,23,31,88,178,266
04001400,MOJAVE BARBER COLLEGE                   ,CA,92395-3201,Proprietary  ,7,24,31,41,114,155
04003300,CSI CAREER COLLEGE                      ,CA,95687-3100,Proprietary  ,23,64,87,208,597,805
04004300,THUY PRINCESS BEAUTY COLLEGE            ,CA,91766-0000,Proprietary  ,4,12,16,27,90,117
04005300,INTERAMERICAN COLLEGE                   ,CA,91950-4437,Proprietary  ,2,37,39,20,367,387
04014400,PALLADIUM TECHNICAL ACADEMY             ,CA,91731-2429,Proprietary  ,5,3,8,25,89,114
04023400,PROTEUS                                 ,CA,93291-3014,Private      ,2,11,13,12,67,79
04037300,LOS ANGELES FILM SCHOOL (THE)           ,CA,90028-7300,Proprietary  ,225,275,500,1826,2412,4238
04049300,MAXINE WATERS EMPLOYMENT PREPARATION CEN,CA,90059-1023,Public       ,2,12,14,45,166,211
04056300,CAREER COLLEGE OF CALIFORNIA            ,CA,92705-5805,Proprietary  ,20,45,65,99,267,366
04057300,TECHSKILLS OF CALIFORNIA                ,CA,95815-4025,Proprietary  ,25,139,164,151,874,1025
04076400,GNOMON SCHOOL OF VISUAL EFFECTS         ,CA,90038-2616,Proprietary  ,5,17,22,84,208,292
04088300,WESTMED COLLEGE                         ,CA,95128-2541,Private      ,18,91,109,18,97,115
04088301,WESTMED COLLEGE - MERCED                ,CA,95340-9165,Private      ,14,35,49,14,35,49
04092300,COASTLINE BEAUTY COLLEGE                ,CA,92708-3847,Proprietary  ,2,42,44,36,204,240
04092400,MAKE-UP DESIGNORY                       ,CA,91502-1322,Proprietary  ,27,39,66,348,448,796
04100400,TAFT UNIVERSITY SYSTEM (THE)            ,CA,92704-6954,Proprietary  ,1,47,48,3,519,522
04109300,ACADEMY OF BARBERING ARTS (THE)         ,CA,91324-3406,Proprietary  ,22,41,63,146,238,384
04111300,WEST HILLS COLLEGE LEMOORE              ,CA,93245-9248,Public       ,57,167,224,1928,3190,5118
04114500,VALLEY COLLEGE OF MEDICAL CAREERS       ,CA,91304-2354,Proprietary  ,6,16,22,76,173,249
04115300,COACHELLA VALLEY BEAUTY COLLEGE         ,CA,92253-2051,Proprietary  ,5,11,16,48,87,135
04115600,MAYFIELD COLLEGE                        ,CA,92234-7014,Proprietary  ,24,74,98,143,444,587
04116000,VIDEO SYMPHONY ENTERTRAINING            ,CA,91502-3253,Proprietary  ,9,66,75,100,410,510
04118800,NEW YORK FILM ACADEMY                   ,CA,91608-1002,Proprietary  ,22,54,76,846,1149,1995
04119200,CAREER COLLEGE CONSULTANTS              ,CA,90041-2088,Proprietary  ,5,42,47,41,182,223
04126400,CHAMPION INSTITUTE OF COSMETOLOGY       ,CA,92264-7458,Proprietary  ,3,9,12,31,67,98
04126500,COAST CAREER INSTITUTE                  ,CA,90015-3040,Proprietary  ,47,138,185,205,852,1057
04127100,"UNIVERSITY OF CALIFORNIA, MERCED        ",CA,95343-5001,Public       ,130,41,171,11698,2017,13715
04127800,HEALTHY HAIR ACADEMY                    ,CA,90303-3137,Proprietary  ,1,5,6,41,102,143
04127900,TUI UNIVERSITY                          ,CA,90630-5023,Proprietary  ,3,367,370,43,3205,3248
04129700,INTERNATIONAL POLYTECHNIC INSTITUTE     ,CA,92231-1737,Private      ,2,18,20,34,74,108
04129803,MEDIATECH INSTITUTE - OCEANSIDE         ,CA,92054-5116,Proprietary  ,4,14,18,8,26,34
04132300,INSTITUTE OF MEDICAL EDUCATION          ,CA,95113-2207,Proprietary  ,5,33,38,218,929,1147
04132400,ACADEMY OF ESTHETICS AND COSMETOLOGY    ,CA,91342-3373,Proprietary  ,5,19,24,50,114,164
04132700,INFOTECH CAREER COLLEGE                 ,CA,90706-5579,Proprietary  ,1,28,29,71,285,356
04133000,BIOHEALTH COLLEGE                       ,CA,95134-2033,Proprietary  ,6,73,79,47,282,329
04133100,CALIFORNIA UNIVERSITY OF MANAGEMENT AND ,CA,92801-1702,Private      ,0,6,6,3,20,23
04134500,CAREER COLLEGE OF SAN DIEGO             ,CA,92102-3348,Proprietary  ,11,68,79,121,432,553
04134700,INTERNATL PROFESSIONAL SCHL OF BODYWORK ,CA,92123-1520,Proprietary  ,5,29,34,50,299,349
04137200,BORNER'S BARBER COLLEGE                 ,CA,90047-3856,Proprietary  ,4,10,14,39,80,119
04138700,CAO INSTITUTE OF AESTHETICS (THE)       ,CA,91801-3903,Proprietary  ,3,16,19,80,160,240
04140500,HORIZON COLLEGE SAN DIEGO               ,CA,92131-9906,Private      ,3,10,13,41,101,142
04140600,MODERN INSTITUTE OF TECHNOLOGY          ,CA,93036-1387,Proprietary  ,4,13,17,22,51,73
04141300,SAN FRANCISCO INSTITUTE OF ESTHETICS    ,CA,94103-4083,Proprietary  ,16,45,61,147,304,451
04141400,LAURUS COLLEGE                          ,CA,93401-5405,Proprietary  ,24,113,137,126,600,726
04141700,HEALING HANDS SCHOOL OF HOLISTIC HEALTH ,CA,92025-1722,Proprietary  ,4,19,23,30,174,204
04142500,TOURO COLLEGE LOS ANGELES               ,CA,90046-4506,Private      ,5,5,10,74,72,146
04142600,TOURO UNIVERSITY                        ,CA,94592-1118,Private      ,1,24,25,29,2712,2741
04143800,WOODLAND COMMUNITY COLLEGE              ,CA,95776-5156,Public       ,57,110,167,1317,1781,3098
04144200,CAREER DEVELOPMENT INSTITUTE            ,CA,90035-4364,Proprietary  ,1,6,7,17,129,146
04145000,SAN DIEGO CULINARY INSTITUTE            ,CA,91941-6435,Proprietary  ,16,79,95,268,500,768
04145600,INTERNATIONAL COLLEGE OF COSMETOLOGY    ,CA,94601-3525,Proprietary  ,10,26,36,53,197,250
04146000,NATIONAL CAREER COLLEGE                 ,CA,91605-1400,Proprietary  ,3,14,17,18,81,99
04148200,BEYOND 21ST CENTURY BEAUTY ACADEMY      ,CA,90670-6316,Proprietary  ,3,9,12,33,65,98
04148900,N CALIF INSTITUTE OF COSMETOLOGY        ,CA,94577-2820,Proprietary  ,1,8,9,12,71,83
04149700,HOMESTEAD SCHOOLS                       ,CA,90505-5945,Private      ,17,45,62,76,248,324
04150000,CENTRAL NURSING COLLEGE                 ,CA,90010-2444,Proprietary  ,6,14,20,129,268,397
04150100,GOLDEN STATE COLLEGE OF COURT REPORTING ,CA,94568-2948,Proprietary  ,1,6,7,11,73,84
04150300,RWM FIBER OPTICS                        ,CA,90746-1051,Proprietary  ,2,28,30,12,90,102
04150500,"PREFERRED COLLEGE OF NURSING, LOS ANGELE",CA,90010-2202,Proprietary  ,11,37,48,119,287,406
04152800,CALIFORNIA ACADEMY (THE) - A PAUL MITCHE,CA,95825-2276,Proprietary  ,25,68,93,308,515,823
04153900,PROVIDENCE CHRISTIAN COLLEGE            ,CA,91104-2635,Private      ,0,4,4,72,34,106
04154300,AMERICANA COLLEGE                       ,CA,90029-3765,Proprietary  ,0,1,1,21,47,68
04154400,FRANKLIN CAREER COLLEGE                 ,CA,91761-1522,Proprietary  ,6,30,36,32,167,199
04155500,"ACADEMY FOR JEWISH RELIGION, CALIFORNIA ",CA,90024-3234,Private      ,0,2,2,13,66,79
04156100,DIOR SCHOOL OF COSMETOLOGY              ,CA,95355-9695,Proprietary  ,11,23,34,113,186,299
04158200,PAUL MITCHELL THE SCHOOL SHERMAN OAKS   ,CA,91403-5882,Proprietary  ,29,41,70,251,315,566
04158700,HOLLYWOOD BEAUTY COLLEGE                ,CA,95210-3514,Proprietary  ,12,28,40,118,250,368
04158900,FLAIR BEAUTY COLLEGE                    ,CA,91351-3381,Proprietary  ,12,11,23,12,11,23
04159600,GALAXY MEDICAL COLLEGE                  ,CA,91606-1593,Proprietary  ,8,8,16,22,43,65
04159700,AMERICAN MEDICAL SCIENCES CENTER        ,CA,91204-5108,Proprietary  ,5,17,22,81,139,220
04160100,TRINITY VOCATIONAL CENTER               ,CA,90248-4334,Proprietary  ,6,11,17,50,179,229
04160400,ANGELES COLLEGE OF NURSING              ,CA,90010-2100,Proprietary  ,18,44,62,308,495,803
04161300,PREFERRED COLLEGE OF NURSING            ,CA,91401-1442,Proprietary  ,2,35,37,13,91,104
04161700,SHASTA SCHOOL OF COSMETOLOGY            ,CA,96003-0000,Proprietary  ,7,22,29,77,159,236
04161800,BRANDMAN UNIVERSITY                     ,CA,92618-3801,Private      ,27,699,726,417,7550,7967
04162800,S.I.C.E PAUL MITCHELL PARTNER SCHOOL    ,CA,95350-1440,Proprietary  ,31,58,89,295,342,637
04163400,COSMO BEAUTY ACADEMY                    ,CA,95605-1904,Proprietary  ,6,25,31,147,285,432
04163900,L.A. BARBER COLLEGE                     ,CA,90013-1121,Proprietary  ,6,14,20,53,127,180
04164400,ANGELES INSTITUTE                       ,CA,90712-2903,Proprietary  ,10,15,25,88,158,246
04165900,PAUL MITCHELL THE SCHOOL FRESNO         ,CA,93710-7617,Proprietary  ,20,25,45,267,287,554
04167000,ESTHETIQUES COSMETOLOGY INSTITUTE       ,CA,92591-4663,Proprietary  ,30,37,67,233,270,503
04169200,TRAMY BEAUTY SCHOOL                     ,CA,92115-6347,Proprietary  ,5,28,33,51,215,266
04169700,UNITEK COLLEGE                          ,CA,94538-3185,Proprietary  ,37,122,159,242,1044,1286
04169800,GURNICK ACADEMY OF MEDICAL ARTS         ,CA,94403-1849,Proprietary  ,12,55,67,228,1135,1363
04172000,SOUTHERN CALIFORNIA UNIVERSITY SOMA     ,CA,90017-2211,Proprietary  ,3,26,29,89,151,240
04173400,SANTA ANA BEAUTY ACADEMY                ,CA,92705-7820,Proprietary  ,1,7,8,26,48,74
04173500,MORENO VALLEY COLLEGE                   ,CA,92551-2204,Public       ,240,442,682,1357,2608,3965
04175200,PAUL MITCHELL THE SCHOOL EAST BAY       ,CA,94523-5515,Proprietary  ,33,36,69,223,238,461
04175400,ELITE COSMETOLOGY SCHOOL                ,CA,92284-2860,Proprietary  ,4,9,13,38,108,146
04176100,NORCO COLLEGE                           ,CA,92860-2600,Public       ,224,329,553,1235,1690,2925
04176200,TWIN RIVERS ADULT SCHOOL                ,CA,95660-5523,Public       ,12,135,147,56,656,712
04176300,BERGIN UNIVERSITY OF CANINE STUDIES     ,CA,95407-6834,Private      ,1,4,5,29,69,98
04177200,REAL BARBERS COLLEGE (THE)              ,CA,92805-2533,Proprietary  ,7,28,35,58,119,177
04178900,HANDS-ON MEDICAL MASSAGE SCHOOL         ,CA,92373-6271,Proprietary  ,2,3,5,25,66,91
04180000,CINTA AVEDA INSTITUTE                   ,CA,94108-3204,Proprietary  ,13,33,46,116,291,407
04181200,IPPT CAREER SCHOOL                      ,CA,91601-2028,Proprietary  ,23,82,105,66,336,402
04185200,SALINAS BEAUTY COLLEGE                  ,CA,93901-2405,Proprietary  ,1,13,14,28,62,90
04185500,ACADEMY OF COUTURE ART                  ,CA,90069-5701,Proprietary  ,4,10,14,18,37,55
04185600,MEDICAL ALLIED CAREER CENTER            ,CA,90670-4710,Proprietary  ,3,11,14,14,75,89
04185700,ACADEMY FOR SALON PROFESSIONALS (THE)   ,CA,95050-4057,Proprietary  ,10,29,39,64,165,229
04186900,"INTERNATIONAL COLLEGE OF BEAUTY, ARTS & ",CA,90039-1012,Proprietary  ,5,11,16,10,38,48
04187900,JOE BLASCO MAKEUP ARTIST TRAINING CENTER,CA,90027-5580,Proprietary  ,5,18,23,9,30,39
04189300,ALLIED AMERICAN UNIVERSITY              ,CA,92653-1337,Proprietary  ,6,96,102,9,208,217
04189800,ACADEMY FOR SALON PROFESSIONALS         ,CA,91304-2305,Proprietary  ,4,28,32,40,104,144
04191300,ANNENBERG SCHOOL OF NURSING             ,CA,91335-5426,Private      ,0,5,5,4,17,21
04193500,LEMELANGE ACADEMY OF HAIR               ,CA,94558-2935,Proprietary  ,6,9,15,6,9,15
04193700,JOHN PAUL THE GREAT CATHOLIC UNIVERSITY ,CA,92131-1652,Private      ,2,7,9,47,25,72
04195400,NCP COLLEGE OF NURSING                  ,CA,94080-1005,Proprietary  ,4,20,24,4,20,24
04195401,NCP COLLEGE OF NURSING - HAYWARD CAMPUS ,CA,94541-7026,Proprietary  ,0,1,1,0,1,1
00184600,BRIAR CLIFF UNIVERSITY                  ,IA,51104-2100,Private      ,9,18,27,1242,588,1830
00184700,BUENA VISTA UNIVERSITY                  ,IA,50588-9987,Private      ,11,89,100,1593,2085,3678
00184800,SOUTHEASTERN COMMUNITY COLLEGE          ,IA,52655-0000,Public       ,41,126,167,1261,2340,3601
00185000,CENTRAL COLLEGE                         ,IA,50219-1999,Private      ,8,10,18,2417,170,2587
00185200,CLARKE UNIVERSITY                       ,IA,52001-3198,Private      ,5,15,20,1055,593,1648
00185400,COE COLLEGE                             ,IA,52402-5092,Private      ,15,12,27,2146,274,2420
00185500,DES MOINES UNIV-OSTEOPATHIC MED CTR     ,IA,50312-0000,Private      ,0,16,16,15,1857,1872
00185600,CORNELL COLLEGE                         ,IA,52314-1098,Private      ,10,3,13,1994,120,2114
00185700,SOUTHWESTERN COMMUNITY COLLEGE          ,IA,50801-1098,Public       ,14,42,56,666,929,1595
00185800,DIVINE WORD COLLEGE                     ,IA,52045-0380,Private      ,2,1,3,29,26,55
00185900,DORDT COLLEGE                           ,IA,51250-1697,Private      ,4,4,8,1535,107,1642
00186000,DRAKE UNIVERSITY                        ,IA,50311-4505,Private      ,21,51,72,4810,2505,7315
00186200,ELLSWORTH COMMUNITY COLLEGE             ,IA,50126-1199,Public       ,15,15,30,769,436,1205
00186400,IOWA LAKES COMMUNITY COLLEGE            ,IA,51334-2234,Public       ,18,68,86,1288,1609,2897
00186500,IOWA CENTRAL COMMUNITY COLLEGE          ,IA,50501-0000,Public       ,56,246,302,2654,3643,6297
00186600,GRACELAND UNIVERSITY                    ,IA,50140-1699,Private      ,12,62,74,1180,1488,2668
00186700,GRAND VIEW UNIVERSITY                   ,IA,50316-1599,Private      ,7,57,64,2063,1567,3630
00186800,GRINNELL COLLEGE                        ,IA,50112-1690,Private      ,21,1,22,2244,68,2312
00186900,IOWA STATE UNIV SCIENCE & TECHNOLOG     ,IA,50011-2028,Public       ,169,178,347,23050,6457,29507
00187100,IOWA WESLEYAN COLLEGE                   ,IA,52641-1398,Private      ,4,16,20,827,439,1266
00187300,LORAS COLLEGE                           ,IA,52004-0178,Private      ,11,5,16,1937,190,2127
00187400,LUTHER COLLEGE                          ,IA,52101-1045,Private      ,10,3,13,3333,110,3443
00187500,MARSHALLTOWN COMMUNITY COLLEGE          ,IA,50158-4760,Public       ,24,51,75,777,1240,2017
00187700,NORTH IOWA AREA COMMUNITY COLLEGE       ,IA,50401-7299,Public       ,37,92,129,1491,1541,3032
00187900,MORNINGSIDE COLLEGE                     ,IA,51106-1751,Private      ,7,36,43,1912,665,2577
00188000,MOUNT MERCY UNIVERSITY                  ,IA,52402-4797,Private      ,5,43,48,1035,1095,2130
00188100,ASHFORD UNIVERSITY                      ,IA,52732-3910,Proprietary  ,535,15206,15741,4482,132562,137044
00188300,NORTHWESTERN COLLEGE                    ,IA,51041-1996,Private      ,7,0,7,1603,139,1742
00188700,SIMPSON COLLEGE                         ,IA,50125-1297,Private      ,13,18,31,2174,685,2859
00188900,ST AMBROSE UNIVERSITY                   ,IA,52803-2898,Private      ,28,63,91,2959,1450,4409
00189000,UNIVERSITY OF NORTHERN IOWA             ,IA,50614-0002,Public       ,70,99,169,10873,3335,14208
00189100,UNIVERSITY OF DUBUQUE                   ,IA,52001-5099,Private      ,16,24,40,1920,759,2679
00189200,UNIVERSITY OF IOWA                      ,IA,52242-1316,Public       ,164,198,362,20483,10829,31312
00189300,UPPER IOWA UNIVERSITY                   ,IA,52142-9206,Private      ,29,336,365,1523,5655,7178
00189500,WALDORF COLLEGE                         ,IA,50436-1700,Proprietary  ,9,37,46,834,451,1285
00189600,WARTBURG COLLEGE                        ,IA,50677-2200,Private      ,15,2,17,2469,116,2585
00189700,WARTBURG THEOLOGICAL SEMINARY           ,IA,52004-5004,Private      ,0,1,1,1,122,123
00190000,WILLIAM PENN UNIVERSITY                 ,IA,52577-1799,Private      ,5,78,83,1246,1396,2642
00396300,AIB COLLEGE OF BUSINESS                 ,IA,50321-1799,Private      ,11,49,60,568,874,1442
00407500,ESTRN IOWA COMMUNITY COLLEGE DIST       ,IA,52801-1221,Public       ,7,44,51,144,500,644
00407501,CLINTON COMMUNITY COLLEGE               ,IA,52732-0000,Public       ,12,81,93,483,1162,1645
00407502,MUSCATINE COMMUNITY COLLEGE             ,IA,52761-0000,Public       ,21,52,73,559,873,1432
00407503,SCOTT COMMUNITY COLLEGE                 ,IA,52722-0000,Public       ,64,212,276,1657,3887,5544
00407600,KIRKWOOD COMMUNITY COLLEGE              ,IA,52406-2068,Public       ,170,644,814,7645,10368,18013
00423300,MERCY/ST. LUKE'S SCH RAD TECH           ,IA,52402-0000,Private      ,0,5,5,20,31,51
00458600,KAPLAN UNIVERSITY                       ,IA,52807-2095,Proprietary  ,679,9870,10549,4677,91423,96100
00458604,KAPLAN UNIVERSITY - CEDAR RAPIDS        ,IA,52404-2998,Proprietary  ,16,204,220,212,2346,2558
00458605,KAPLAN UNIVERSITY - DES MOINES          ,IA,50323-5702,Proprietary  ,22,162,184,235,2173,2408
00458606,KAPLAN UNIVERSITY - MASON CITY          ,IA,50401-4665,Proprietary  ,9,51,60,70,733,803
00458607,KAPLAN UNIVERSITY - CEDAR FALLS         ,IA,50613-6309,Proprietary  ,11,98,109,166,1341,1507
00458610,KAPLAN UNIVERSITY - COUNCIL BLUFFS      ,IA,51503-5289,Proprietary  ,8,61,69,76,765,841
00458700,NORTHEAST IOWA COMMUNITY COLLEGE        ,IA,52132-0400,Public       ,15,40,55,720,964,1684
00458701,NORTHEAST IOWA COMMUNITY COLLEGE        ,IA,52068-0000,Public       ,36,82,118,1163,1691,2854
00459500,HAWKEYE COMMUNITY COLLEGE               ,IA,50701-0000,Public       ,88,214,302,3407,3623,7030
00459800,IOWA WESTERN CMTY CLG-COUNCIL BLUFF     ,IA,51502-0000,Public       ,72,224,296,3565,4026,7591
00460000,NORTHWEST IOWA COMMUNITY COLLEGE        ,IA,51201-1046,Public       ,11,26,37,591,598,1189
00626700,IOWA METHODIST MEDICAL CENTER SCHOOLS   ,IA,50309-1499,Private      ,0,5,5,28,89,117
00627300,MERCY COLLEGE OF HEALTH SCIENCES        ,IA,50309-1239,Private      ,5,50,55,509,1109,1618
00712000,DES MOINES AREA CMTY COLLEGE            ,IA,50021-0000,Public       ,198,758,956,7447,14190,21637
00712100,FAITH BAPTIST BIBLE CLG & THEOL SEM     ,IA,50021-0000,Private      ,0,0,0,336,63,399
00729100,ST LUKE'S COLLEGE                       ,IA,51104-0263,Private      ,4,4,8,115,162,277
00731600,WESTERN IOWA TECH COMMUNITY COLLEGE     ,IA,51106-0000,Public       ,60,229,289,2135,4243,6378
00758800,CAPRI COLLEGE                           ,IA,52004-0873,Proprietary  ,7,17,24,110,150,260
00761100,EQ SCHOOL OF HAIR DESIGN                ,IA,51503-0813,Proprietary  ,5,11,16,43,56,99
00765600,AMERICAN COLLEGE OF HARISTYLING -CR     ,IA,52402-0000,Proprietary  ,1,6,7,8,46,54
00765800,AMER COLL OF HAIRSTYLING-DES MOINES     ,IA,50309-5446,Proprietary  ,0,8,8,14,84,98
00765900,LA JAMES COLLEGE OF HAIRSTYLING         ,IA,50401-3308,Proprietary  ,10,11,21,101,87,188
00771700,CAPRI COLLEGE                           ,IA,52807-2622,Proprietary  ,15,24,39,129,230,359
00794100,COLLEGE OF HAIR DESIGN                  ,IA,50703-1834,Proprietary  ,4,9,13,25,58,83
00826000,IOWA SCHOOL OF BEAUTY INC               ,IA,50322-0000,Proprietary  ,6,27,33,126,339,465
00840300,INDIAN HILLS COMMUNITY COLLEGE          ,IA,52501-1398,Public       ,76,236,312,1870,3168,5038
00840301,INDIAN HILLS COMMUNITY COLLEGE          ,IA,52544-0000,Public       ,15,46,61,265,441,706
00842400,LA JAMES INTERNATIONAL COLLEGE          ,IA,50501-5577,Proprietary  ,5,7,12,89,128,217
00959300,LA'JAMES COLLEGE OF HAIRSTYLING         ,IA,52240-0000,Proprietary  ,5,9,14,73,87,160
01111300,MAHARISHI UNIV OF MANAGEMENT            ,IA,52557-0001,Private      ,4,13,17,218,496,714
01206400,HAMILTON TECHNICAL COLLEGE              ,IA,52807-2653,Proprietary  ,13,48,61,110,378,488
01230000,PALMER COLLEGE OF CHIROPRACTIC          ,IA,52803-5287,Private      ,3,54,57,87,2209,2296
01300600,LA' JAMES INTERNATIONAL COLLEGE-CF      ,IA,50613-5242,Proprietary  ,5,20,25,81,113,194
02090300,CAPRI COLLEGE                           ,IA,52404-0000,Proprietary  ,12,28,40,126,220,346
02134500,LA JAMES INTERNATIONAL COLLEGE - DAV    ,IA,52806-3952,Proprietary  ,2,12,14,35,135,170
02160900,"SALON PROFESSIONAL ACADEMY, THE         ",IA,50010-0000,Proprietary  ,1,9,10,122,100,222
02262500,FAUST INSTITUTE OF COSMETOLOGY          ,IA,50588-0000,Proprietary  ,1,7,8,29,57,86
02274100,LA' JAMES INTERNATIONAL COLLEGE - DM    ,IA,50131-0000,Proprietary  ,12,25,37,117,183,300
02289000,AMERICAN HAIR ACADEMY                   ,IA,52627-4530,Proprietary  ,1,4,5,23,51,74
02306900,IOWA SCHOOL OF BEAUTY                   ,IA,52501-0000,Proprietary  ,3,11,14,37,82,119
02328900,EMMAUS BIBLE COLLEGE                    ,IA,52001-0000,Private      ,5,1,6,255,59,314
02330900,IOWA SCHOOL OF BEAUTY                   ,IA,50158-0000,Proprietary  ,2,4,6,19,44,63
02609200,VATTEROTT COLLEGE                       ,IA,50321-4704,Proprietary  ,10,90,100,128,938,1066
03069100,ALLEN COLLEGE                           ,IA,50703-1916,Private      ,7,19,26,324,479,803
03441300,IOWA SCHOOL OF BEAUTY                   ,IA,51106-5111,Proprietary  ,1,5,6,43,104,147
03607400,TOTAL LOOK SCHOOL OF COSMETOLOGY AND MAS,IA,52136-1053,Proprietary  ,0,1,1,12,16,28
03720300,CARLSON COLLEGE OF MASSAGE THERAPY      ,IA,52205-7519,Proprietary  ,0,11,11,15,46,61
04051313,ART INSTITUTE OF PHOENIX (THE) - BROWN M,IA,52722-3628,Proprietary  ,0,4,4,38,206,244
04089300,BIO-CHI INSTITUTE OF MASSAGE THERAPY    ,IA,51103-2138,Proprietary  ,1,8,9,15,43,58
04177800,SALON PROFESSIONAL ACADEMY (THE)        ,IA,52240-6083,Proprietary  ,4,1,5,42,40,82
04203300,AVEDA INSTITUTE DES MOINES              ,IA,50266-8137,Proprietary  ,16,14,30,92,96,188
00259600,ATLANTIC COMMUNITY COLLEGE              ,NJ,08330-2699,Public       ,79,260,339,4163,5584,9747
00259700,BLOOMFIELD COLLEGE                      ,NJ,07003-3425,Private      ,46,63,109,3316,1968,5284
00259800,CALDWELL COLLEGE                        ,NJ,07006-6195,Private      ,32,79,111,1871,1350,3221
00259900,CENTENARY COLLEGE                       ,NJ,07840-2184,Private      ,16,65,81,1848,1098,2946
00260000,COLLEGE OF SAINT ELIZABETH              ,NJ,07960-6989,Private      ,8,42,50,845,830,1675
00260100,CUMBERLAND COUNTY COLLEGE               ,NJ,08362-0517,Public       ,35,82,117,2399,3633,6032
00260300,DREW UNIVERSITY                         ,NJ,07940-4063,Private      ,36,20,56,3875,855,4730
00260700,FAIRLEIGH DICKINSON UNIV-TEANECK        ,NJ,07666-1996,Private      ,68,154,222,4492,3042,7534
00260701,FAIRLEIGH DICKINSON UNIV-FLORHAM        ,NJ,07940-0000,Private      ,41,28,69,2993,736,3729
00260702,FAIRLEIGH DICKINSON UNIV-ED WMS CLG     ,NJ,07601-0000,Private      ,4,17,21,284,291,575
00260703,FAIRLEIGH DICKINSON UNIVERSITY          ,NJ,07940-0000,Private      ,33,28,61,2320,1072,3392
00260800,GEORGIAN COURT UNIVERSITY               ,NJ,08701-2697,Private      ,11,64,75,1595,1623,3218
00260900,ROWAN UNIVERSITY                        ,NJ,08028-1702,Public       ,114,146,260,13860,4823,18683
00261000,FELICIAN COLLEGE                        ,NJ,07644-2198,Private      ,34,102,136,2265,1758,4023
00261300,NEW JERSEY CITY UNIVERSITY              ,NJ,07305-1597,Public       ,81,261,342,5100,6730,11830
00261500,MIDDLESEX COUNTY COLLEGE                ,NJ,08818-3050,Public       ,140,265,405,6840,5942,12782
00261600,MONMOUTH UNIVERSITY                     ,NJ,07764-1898,Private      ,83,69,152,7904,2752,10656
00261700,MONTCLAIR STATE UNIVERSITY              ,NJ,07043-9987,Public       ,175,292,467,18145,8550,26695
00261900,NEW BRUNSWICK THEOLOGICAL SEMINARY      ,NJ,08901-0000,Private      ,0,6,6,24,172,196
00262100,NEW JERSEY INST OF TECHNOLOGY           ,NJ,07102-1982,Public       ,65,140,205,5986,3579,9565
00262200,KEAN UNIVERSITY                         ,NJ,07083-7131,Public       ,149,279,428,13372,9949,23321
00262400,OCEAN COUNTY COLLEGE                    ,NJ,08754-2001,Public       ,130,311,441,5318,4849,10167
00262500,WILLIAM PATERSON UNIVERSITY             ,NJ,07470-2152,Public       ,117,143,260,11359,5363,16722
00262600,PRINCETON THEOLOGICAL SEMINARY          ,NJ,08542-0000,Private      ,0,3,3,21,651,672
00262700,PRINCETON UNIVERSITY                    ,NJ,08544-0001,Private      ,98,36,134,17357,1923,19280
00262800,RIDER UNIVERSITY                        ,NJ,08648-3099,Private      ,90,66,156,7877,1919,9796
00262900,"RUTGERS, THE STATE UNIVERSITY OF NJ     ",NJ,08901-1281,Public       ,427,616,1043,46812,25301,72113
00263200,SETON HALL UNIVERSITY                   ,NJ,07079-2697,Private      ,104,150,254,8249,4383,12632
00263201,SETON HALL UNIVERSITY - SCHOOL OF LAW   ,NJ,07079-5210,Private      ,4,21,25,200,2199,2399
00263800,ST PETER'S COLLEGE                      ,NJ,07306-5997,Private      ,21,96,117,2864,1515,4379
00263900,STEVENS INSTITUTE OF TECHNOLOGY         ,NJ,07030-5370,Private      ,31,26,57,3876,819,4695
00264200,COLLEGE OF NEW JERSEY (THE)             ,NJ,08628-0718,Public       ,100,64,164,11518,1574,13092
00264300,UNION COUNTY COLLEGE                    ,NJ,07016-1598,Public       ,165,449,614,5378,8974,14352
00473600,BERGEN COMMUNITY COLLEGE                ,NJ,07652-1595,Public       ,207,311,518,8674,6885,15559
00474000,MERCER COUNTY COMMUNITY COLLEGE         ,NJ,08690-0000,Public       ,124,332,456,3590,5455,9045
00539900,MONMOUTH COUNTY VOCATIONAL SCH DIST     ,NJ,07728-5033,Public       ,6,6,12,99,156,255
00545200,TETERBORO SCH OF AERONAUTICS            ,NJ,07608-1083,Proprietary  ,12,29,41,129,137,266
00546000,SOMERSET COUNTY TECHNICAL INSTITUTE     ,NJ,08807-0350,Public       ,0,0,0,12,24,36
00546100,SALEM COMMUNITY COLLEGE                 ,NJ,08069-2799,Public       ,10,63,73,694,936,1630
00641700,HOLY NAME HOSPITAL SCH OF NURSING       ,NJ,07666-4254,Private      ,1,8,9,92,232,324
00642000,MOUNTAINSIDE HOSP SCH NRSG              ,NJ,07042-4898,Proprietary  ,0,5,5,20,86,106
00642100,MUHLENBERG SNYDER SCHOOLS               ,NJ,07061-3399,Private      ,5,18,23,126,584,710
00642900,ST FRANCIS MEDICAL CTR SCH NURSING      ,NJ,08629-1986,Private      ,1,2,3,32,85,117
00642902,ST FRANCIS MED CTR RAD TECH             ,NJ,08629-0000,Private      ,1,1,2,8,35,43
00686500,CAMDEN COUNTY COLLEGE                   ,NJ,08012-3240,Public       ,164,507,671,6827,10269,17096
00690100,GLOUCESTER COUNTY COLLEGE               ,NJ,08080-4249,Public       ,75,196,271,3548,3554,7102
00710700,ESSEX COUNTY COLLEGE                    ,NJ,07102-1798,Public       ,172,403,575,6133,10481,16614
00750200,BERKELEY COLLEGE                        ,NJ,07424-3367,Proprietary  ,36,120,156,1444,1790,3234
00750201,BERKELEY COLLEGE - WOODBRIDGE           ,NJ,07095-3305,Proprietary  ,16,37,53,839,1032,1871
00750202,BERKELEY COLLEGE - PARAMUS              ,NJ,07652-2931,Proprietary  ,11,41,52,604,831,1435
00750600,LINCOLN TECHNICAL INSTITUTE             ,NJ,07083-5032,Proprietary  ,86,143,229,799,941,1740
00750601,LINCOLN TECHNICAL INSTITUTE             ,NJ,07430-0000,Proprietary  ,42,54,96,529,447,976
00759300,PARISIAN BEAUTY ACADEMY                 ,NJ,07601-5509,Proprietary  ,21,34,55,170,208,378
00772900,COUNTY COLLEGE OF MORRIS                ,NJ,07869-0000,Public       ,73,118,191,3883,2390,6273
00773000,BURLINGTON COUNTY COLLEGE               ,NJ,08068-1599,Public       ,105,321,426,4525,6021,10546
00773100,RARITAN VALLEY COMMUNITY COLLEGE        ,NJ,08876-1265,Public       ,84,183,267,2844,2591,5435
00780401,STAR CAREER ACADEMY - STAR LAKEWOOD     ,NJ,08701-5900,Proprietary  ,26,108,134,182,587,769
00780402,STAR CAREER ACADEMY - STAR EGG HARBOR   ,NJ,08234-4863,Proprietary  ,11,47,58,86,445,531
00794700,BETH MEDRASH GOVOHA OF AMERICA          ,NJ,08701-0000,Private      ,94,225,319,432,1818,2250
00840400,BROOKDALE COMMUNITY COLLEGE             ,NJ,07738-1597,Public       ,188,333,521,6548,5094,11642
00844101,ANTHEM INSTITUTE                        ,NJ,08002-0000,Proprietary  ,7,22,29,46,205,251
00849400,HO HO KUS SCHL OF TRADE & TECH SCIENCES ,NJ,07513-1402,Proprietary  ,11,48,59,117,228,345
00860900,RABBINICAL COLLEGE OF AMERICA           ,NJ,07960-3600,Private      ,2,0,2,74,7,81
00907800,CAPRI INSTITUTE OF HAIR DESIGN          ,NJ,07011-2111,Proprietary  ,14,49,63,135,321,456
00934400,RAMAPO COLLEGE OF NEW JERSEY            ,NJ,07430-1680,Public       ,62,45,107,6932,1357,8289
00934500,RICHARD STOCKTON COLLEGE OF NJ          ,NJ,08240-0000,Public       ,99,88,187,9247,3517,12764
00982804,EVEREST INSTITUTE - SOUTH PLAINFIELD    ,NJ,07080-1125,Proprietary  ,52,172,224,289,798,1087
00999400,PASSAIC COUNTY COMMUNITY COLLEGE        ,NJ,07505-1179,Public       ,226,487,713,4388,6599,10987
01039400,UNIV OF MEDICINE & DENTISTRY OF NJ      ,NJ,07107-0000,Public       ,5,150,155,305,5559,5864
01062900,P B COSMETOLOGY EDUCATION CENTRE        ,NJ,08030-1750,Proprietary  ,12,28,40,135,174,309
01085100,ANTHEM INSTITUTE                        ,NJ,07054-3409,Proprietary  ,58,128,186,471,911,1382
01085101,ANTHEM INSTITUTE                        ,NJ,07306-0000,Proprietary  ,4,19,23,57,174,231
01085102,ANTHEM INSTITUTE                        ,NJ,08902-0000,Proprietary  ,0,12,12,32,125,157
01090300,RIZZIERI INSTITUTE                      ,NJ,08043-4600,Proprietary  ,15,35,50,151,207,358
01152300,MORRIS COUNTY SCHOOL OF TECHNOLOGY      ,NJ,07834-0000,Public       ,0,2,2,47,81,128
01170800,NATURAL MOTION INST OF HAIR DESIGN      ,NJ,07306-5496,Proprietary  ,5,23,28,60,136,196
01198900,TALMUDICAL ACADEMY                      ,NJ,07710-0000,Private      ,3,0,3,65,7,72
01209000,REIGNBOW BEAUTY ACADEMY                 ,NJ,08861-4118,Proprietary  ,11,20,31,73,146,219
01234600,DOVER BUSINESS COLLEGE                  ,NJ,07011-2161,Proprietary  ,35,96,131,435,1053,1488
01234602,DOVER BUSINESS COLLEGE                  ,NJ,07801-4643,Proprietary  ,15,57,72,160,481,641
01246100,LINCOLN TECHNICAL INSTITUTE             ,NJ,08820-2896,Proprietary  ,47,125,172,466,1153,1619
01246102,LINCOLN TECHNICAL INSTITUTE             ,NJ,08057-3212,Proprietary  ,30,128,158,292,1130,1422
01246103,LINCOLN TECHNICAL INSTITUTE             ,NJ,07652-2106,Proprietary  ,46,113,159,459,1120,1579
01246200,HOHOKUS - HACKENSACK SCHOOL OF BUSINESS ,NJ,07601-7197,Proprietary  ,14,95,109,163,679,842
01295400,HUDSON COUNTY COMMUNITY COLLEGE         ,NJ,07306-4012,Public       ,251,510,761,5199,8080,13279
02053700,EASTWICK COLLEGE                        ,NJ,07446-0000,Proprietary  ,31,128,159,350,1338,1688
02061800,ROMAN ACADEMY OF BEAUTY CULTURE         ,NJ,07506-0000,Proprietary  ,9,16,25,35,53,88
02092300,HOHOKUS SCHOOL - RETS/NUTLEY            ,NJ,07110-0000,Proprietary  ,31,109,140,214,626,840
02103700,CAPRI INSTITUTE OF HAIR DESIGN          ,NJ,07652-0000,Proprietary  ,11,17,28,76,125,201
02104000,HARRIS SCHOOL OF BUSINESS               ,NJ,08002-2983,Proprietary  ,76,344,420,418,1695,2113
02106601,AMERICAN INSTITUTE - CLIFTON            ,NJ,07011-2345,Proprietary  ,29,81,110,193,607,800
02131100,DU CRET SCHOOL OF THE ARTS              ,NJ,07060-0000,Private      ,0,1,1,27,30,57
02131600,PENNCO TECH                             ,NJ,08012-0000,Proprietary  ,51,141,192,450,897,1347
02132300,BERDAN INSTITUTE                        ,NJ,07512-0000,Proprietary  ,45,107,152,334,677,1011
02146800,JOE KUBERT SCH OF CARTOON & GRAPHIC     ,NJ,07801-0000,Proprietary  ,0,1,1,50,66,116
02149800,EMPIRE BEAUTY SCHOOL                    ,NJ,08021-0000,Proprietary  ,9,34,43,102,348,450
02149801,EMPIRE BEAUTY SCHOOL - BORDENTOWN       ,NJ,08505-1513,Proprietary  ,1,7,8,20,68,88
02154000,DIVERS ACAD OF EASTERN SEABOARD         ,NJ,08081-1139,Proprietary  ,13,62,75,99,278,377
02183600,CAPRI INSTITUTE OF HAIR DESIGN          ,NJ,07033-0000,Proprietary  ,5,17,22,78,193,271
02192200,THOMAS EDISON STATE COLLEGE             ,NJ,08608-0000,Public       ,31,637,668,508,7296,7804
02219600,OMEGA INSTITUTE                         ,NJ,08109-0000,Proprietary  ,4,41,45,42,245,287
02223700,NEW HORIZON INST OF COSMETOLOGY         ,NJ,07093-0000,Proprietary  ,6,24,30,39,190,229
02223900,DRAKE COLLEGE OF BUSINESS               ,NJ,07201-0000,Proprietary  ,61,203,264,254,1451,1705
02223902,DRAKE COLLEGE OF BUSINESS - NEWARK CAMPU,NJ,07112-2760,Proprietary  ,46,254,300,362,1891,2253
02232500,UNION COUNTY VOCATIONAL TECH INST       ,NJ,07076-0000,Public       ,12,10,22,73,103,176
02234600,SHORE BEAUTY SCHOOL                     ,NJ,08232-0000,Proprietary  ,11,17,28,71,195,266
02246000,ROSS UNIVERSITY - MEDICAL SCHOOL        ,NJ,08837-0000,Proprietary  ,3,155,158,24,4407,4431
02248600,COOPER HEALTH SYS-CTR ALLIED HEALTH     ,NJ,08103-0000,Private      ,1,29,30,59,227,286
02252700,CONCORDE SCHOOL OF HAIR DESIGN          ,NJ,07712-0000,Proprietary  ,13,44,57,135,313,448
02252701,CONCORDE SCHOOL OF HAIR DESIGN - BLOOMFI,NJ,07003-2517,Proprietary  ,1,12,13,35,62,97
02261800,EUROPEAN ACADEMY OF COSMETOLOGY         ,NJ,07083-0000,Proprietary  ,8,20,28,70,172,242
02265500,CAPRI INSTITUTE OF HAIR DESIGN          ,NJ,08724-0000,Proprietary  ,15,22,37,85,178,263
02277900,ROSS UNIV - SCH OF VETERINARY MED       ,NJ,08837-0000,Proprietary  ,3,43,46,14,1451,1465
02291000,LINCOLN TECHNICAL INSTITUTE             ,NJ,07080-2424,Proprietary  ,13,22,35,195,273,468
02312000,BERGEN COUNTY TECHNICAL SCHOOLS         ,NJ,07601-6110,Public       ,3,15,18,85,199,284
02344200,EMPIRE BEAUTY SCHOOL                    ,NJ,08002-0000,Proprietary  ,8,43,51,145,385,530
02503900,WARREN COUNTY COMMUNITY COLLEGE         ,NJ,07882-0000,Public       ,27,42,69,821,841,1662
02523700,OCEAN COUNTY VOCATIONAL-TECH SCHOOL     ,NJ,08753-0000,Public       ,5,14,19,217,377,594
02525900,ARTISTIC ACADEMY OF HAIR DESIGN         ,NJ,07950-1409,Proprietary  ,15,20,35,127,152,279
02528200,REIGNBOW BEAUTY ACADEMY                 ,NJ,07060-0000,Proprietary  ,4,18,22,31,112,143
02558700,PRISM CAREER INSTITUTE                  ,NJ,08037-0000,Proprietary  ,22,111,133,150,774,924
02568800,SUSSEX COUNTY COMMUNITY COLLEGE         ,NJ,07860-1149,Public       ,59,83,142,1717,1271,2988
02586900,HARRIS SCHOOL OF BUSINESS               ,NJ,08043-2604,Proprietary  ,40,251,291,224,1227,1451
02616402,SANFORD-BROWN INSTITUTE - ISELIN        ,NJ,08830-0000,Proprietary  ,42,134,176,467,1179,1646
03077500,RABBI JACOB JOSEPH SCHOOL               ,NJ,08817-4494,Private      ,5,0,5,24,2,26
03122600,EASTERN INTERNATIONAL COLLEGE           ,NJ,07306-3906,Proprietary  ,17,40,57,135,456,591
03187300,STENOTECH CAREER INSTITUTE              ,NJ,07004-3490,Proprietary  ,9,10,19,57,92,149
03197300,INSTITUTE FOR HEALTH EDUCATION(THE)     ,NJ,07306-2929,Proprietary  ,7,24,31,50,263,313
03324300,CENTRAL CAREER SCHOOL                   ,NJ,07080-2408,Proprietary  ,4,46,50,49,174,223
03380302,STAR CAREER ACADEMY - STAR NEWARK       ,NJ,07102-4510,Proprietary  ,31,154,185,178,752,930
03380303,STAR CAREER ACADEMY - STAR CLIFTON      ,NJ,07011-2248,Proprietary  ,14,86,100,118,491,609
03389300,ACADEMY OF MASSAGE THERAPY              ,NJ,07631-0000,Proprietary  ,5,22,27,45,143,188
03424500,NEW COMMUNITY WORKFORCE DEVELOPMENT     ,NJ,07103-2402,Private      ,1,43,44,44,490,534
03530300,"KEY SKILLS LEARNING, INC.               ",NJ,07013-1900,Proprietary  ,0,0,0,1,23,24
03536300,INSTITUTE FOR THERAPEUTIC MASSAGE       ,NJ,07420-1452,Proprietary  ,4,38,42,28,174,202
03625300,PERFORMANCE TRAINING INSTITUTE          ,NJ,08753-0000,Proprietary  ,8,196,204,76,1477,1553
03637300,METRO AUTO ELECTRONICS TRAINING INSTITUT,NJ,07033-1798,Proprietary  ,0,0,0,10,40,50
03650600,PC AGE                                  ,NJ,07306-3936,Proprietary  ,10,75,85,62,336,398
03650603,PC AGE                                  ,NJ,08817-2842,Proprietary  ,0,3,3,6,36,42
03666300,SOMERSET CHRISTIAN COLLEGE              ,NJ,08890-9035,Private      ,2,39,41,81,449,530
03803300,HEALTHCARE TRAINING INSTITUTE           ,NJ,07083-3504,Proprietary  ,8,57,65,102,414,516
03811300,EASTERN SCHOOL OF ACUPUNCTURE AND TRADIT,NJ,07042-3562,Proprietary  ,0,15,15,1,67,68
04081300,BAIS MEDRASH TORAS CHESED               ,NJ,08701-0000,Private      ,6,3,9,31,21,52
04123400,YESHIVAS BE'ER YITZCHOK                 ,NJ,07208-2380,Private      ,4,8,12,8,47,55
04125000,GENTLE HEALING SCHOOL OF MASSAGE        ,NJ,08512-3600,Proprietary  ,1,2,3,7,45,52
04131100,YESHIVA TORAS CHAIM                     ,NJ,08701-2120,Private      ,8,0,8,169,3,172
04131200,TOTAL IMAGE BEAUTY ACADEMY              ,NJ,07307-2943,Proprietary  ,5,10,15,17,81,98
04134100,CENTER FOR ALLIED HEALTH & NURSING EDUCA,NJ,07601-5801,Proprietary  ,12,187,199,142,1641,1783
04136400,AMERICAN INSTITUTE OF MEDICAL SCIENCES &,NJ,07080-1183,Proprietary  ,10,23,33,64,244,308
04154500,STARTING POINTS FOR CHILDREN            ,NJ,07306-0001,Private      ,3,24,27,11,141,152
04154900,NATIONAL CAREER INSTITUTE               ,NJ,07018-2011,Proprietary  ,9,74,83,58,300,358
04173100,LAB PAUL MITCHELL PARTNER SCHOOL (THE)  ,NJ,08628-2500,Proprietary  ,3,13,16,56,95,151
04180300,MESIVTA KESER TORAH                     ,NJ,07719-2409,Private      ,16,0,16,18,2,20
04181400,BEST CARE TRAINING INSTITUTE            ,NJ,07018-1703,Proprietary  ,3,25,28,26,217,243
04184500,CHRISTINE VALMY INTERNATIONAL SCHOOL OF ,NJ,07058-9589,Proprietary  ,5,22,27,6,26,32
04188700,ASI CAREER INSTITUTE                    ,NJ,08012-1043,Proprietary  ,5,36,41,6,50,56
04191400,SCHOOL OF COURT REPORTING (THE)         ,NJ,08053-1533,Proprietary  ,1,12,13,18,92,110
04192400,YESHIVA GEDOLAH ZICHRON LEYMA           ,NJ,07036-3905,Private      ,5,0,5,5,0,5
00266500,VAUGHN COLLEGE OF AERONAUTICS AND TECHNO,NY,11369-9997,Private      ,25,49,74,1225,1081,2306
00266600,ADELPHI UNIVERSITY                      ,NY,11530-4299,Private      ,80,137,217,8449,5156,13605
00266700,DOWLING COLLEGE                         ,NY,11769-1999,Private      ,41,108,149,2750,1988,4738
00266800,ALFRED UNIVERSITY                       ,NY,14802-1205,Private      ,40,24,64,3622,832,4454
00266900,BANK STREET COLLEGE OF EDUCATION        ,NY,10025-0000,Private      ,0,34,34,6,957,963
00267100,BARD COLLEGE                            ,NY,12504-5000,Private      ,15,22,37,2849,743,3592
00267400,NEW YORK THEOLOGICAL SEMINARY           ,NY,10115-0002,Private      ,0,18,18,2,246,248
00267700,BROOKLYN LAW SCHOOL                     ,NY,11201-0000,Private      ,3,25,28,71,3556,3627
00267800,BRYANT & STRATTON COLLEGE               ,NY,14203-1713,Proprietary  ,283,1464,1747,3155,16591,19746
00267803,BRYANT & STRATTON COLLEGE - GREECE      ,NY,14606-4227,Proprietary  ,26,116,142,352,1403,1755
00267805,BRYANT & STRATTON COLLEGE - SYRACUSE    ,NY,13203-2502,Proprietary  ,49,203,252,693,1980,2673
00267807,BRYANT & STRATTON COLLEGE - ALBANY      ,NY,12205-5230,Proprietary  ,18,91,109,298,1246,1544
00268100,CANISIUS COLLEGE                        ,NY,14208-1098,Private      ,35,92,127,4662,2151,6813
00268500,CAZENOVIA COLLEGE                       ,NY,13035-1085,Private      ,19,1,20,1906,266,2172
00268700,CUNY-BROOKLYN COLLEGE                   ,NY,11210-2814,Public       ,290,378,668,17911,13247,31158
00268800,CITY COLLEGE-CUNY                       ,NY,10031-9198,Public       ,296,414,710,20681,12156,32837
00268900,CUNY-HUNTER COLLEGE                     ,NY,10021-0000,Public       ,410,485,895,27948,18143,46091
00269000,QUEENS COLLEGE-CUNY                     ,NY,11367-1597,Public       ,319,412,731,17593,9981,27574
00269100,CUNY- BOROUGH OF MANHATTAN CMTY CLG     ,NY,10007-1047,Public       ,639,593,1232,26381,17447,43828
00269200,CUNY BRONX COMMUNITY COLLEGE            ,NY,10453-3102,Public       ,343,419,762,12362,11189,23551
00269300,CUNY-JOHN JAY CLG CRIMINAL JUSTICE      ,NY,10019-1093,Public       ,233,282,515,16007,8978,24985
00269400,KINGSBOROUGH COMMUNITY COLLEGE          ,NY,11235-2398,Public       ,723,624,1347,14867,9449,24316
00269600,NY CITY COLLEGE OF TECHNOLOGY-CUNY      ,NY,11201-2983,Public       ,412,481,893,16712,10080,26792
00269700,QUEENSBOROUGH COMMUNITY COLLEGE         ,NY,11364-1497,Public       ,317,260,577,13770,7241,21011
00269800,CUNY THE COLLEGE OF STATEN ISLAND       ,NY,10314-6600,Public       ,248,215,463,11350,5563,16913
00269900,CLARKSON UNIVERSITY                     ,NY,13699-5615,Private      ,24,7,31,4957,514,5471
00270000,COLGATE ROCHESTER CROZER DIVINITY S     ,NY,14620-0000,Private      ,0,4,4,15,96,111
00270100,COLGATE UNIVERSITY                      ,NY,13346-1386,Private      ,26,1,27,4252,118,4370
00270300,COLLEGE OF MOUNT SAINT VINCENT          ,NY,10471-1093,Private      ,34,25,59,2706,601,3307
00270400,COLLEGE OF NEW ROCHELLE                 ,NY,10805-2339,Private      ,33,437,470,1269,5084,6353
00270500,COLLEGE OF SAINT ROSE                   ,NY,12203-1490,Private      ,39,79,118,5051,2354,7405
00270700,COLUMBIA UNIVERSITY                     ,NY,10027-0000,Private      ,214,486,700,23401,25158,48559
00270800,BARNARD COLLEGE-COLUMBIA UNIV           ,NY,10027-6598,Private      ,29,12,41,4145,379,4524
00270900,CONCORDIA COLLEGE                       ,NY,10708-1998,Private      ,9,31,40,879,495,1374
00271000,COOPER UNION                            ,NY,10003-7120,Private      ,25,9,34,1822,318,2140
00271100,CORNELL UNIVERSITY                      ,NY,14853-2801,Private      ,176,106,282,27139,7214,34353
00271101,WEILL CORNELL MEDICAL COLLEGE AND GRADUA,NY,10021-0000,Private      ,2,40,42,28,831,859
00271200,D'YOUVILLE COLLEGE                      ,NY,14201-1084,Private      ,14,45,59,1881,2270,4151
00271300,DOMINICAN COLLEGE                       ,NY,10962-1299,Private      ,22,49,71,1838,1025,2863
00271800,ELMIRA COLLEGE                          ,NY,14901-2099,Private      ,14,24,38,2297,571,2868
00272200,FORDHAM UNIVERSITY                      ,NY,10458-5157,Private      ,198,232,430,23490,10310,33800
00272600,GENERAL THEOLOGICAL SEMINARY            ,NY,10011-0000,Private      ,0,2,2,1,102,103
00272800,HAMILTON COLLEGE                        ,NY,13323-1218,Private      ,19,0,19,3078,70,3148
00272900,HARTWICK COLLEGE                        ,NY,13820-4020,Private      ,42,5,47,3964,204,4168
00273100,HOBART & WILLIAM SMITH COLLEGES         ,NY,14456-3397,Private      ,18,4,22,3470,106,3576
00273200,HOFSTRA UNIVERSITY                      ,NY,11549-1010,Private      ,157,146,303,15418,6651,22069
00273400,HOUGHTON COLLEGE                        ,NY,14744-0128,Private      ,10,18,28,1507,248,1755
00273500,HILBERT COLLEGE                         ,NY,14075-1597,Private      ,11,14,25,1163,388,1551
00273700,IONA COLLEGE                            ,NY,10801-1890,Private      ,67,46,113,7131,1412,8543
00273900,ITHACA COLLEGE                          ,NY,14850-7130,Private      ,78,13,91,13628,1060,14688
00274000,JEWISH THEOLOGICAL SEMINARY OF AMER     ,NY,10027-4649,Private      ,0,2,2,139,182,321
00274200,THE JUILLIARD SCHOOL                    ,NY,10023-6588,Private      ,23,15,38,1395,745,2140
00274400,KEUKA COLLEGE                           ,NY,14478-0000,Private      ,8,95,103,1379,1390,2769
00274800,LEMOYNE COLLEGE                         ,NY,13214-1399,Private      ,31,41,72,4825,1143,5968
00274900,NEW YORK COLLEGE OF PODIATRIC MED       ,NY,10035-1940,Private      ,2,3,5,45,426,471
00275100,LONG ISLAND UNIVERSITY                  ,NY,11548-1326,Private      ,205,477,682,12971,11605,24576
00275800,MANHATTAN COLLEGE                       ,NY,10471-4098,Private      ,60,26,86,6126,731,6857
00275900,MANHATTAN SCHOOL OF MUSIC               ,NY,10027-4689,Private      ,3,4,7,686,828,1514
00276000,MANHATTANVILLE COLLEGE                  ,NY,10577-2132,Private      ,23,73,96,3184,1068,4252
00276300,MARIA COLLEGE                           ,NY,12208-1798,Private      ,11,29,40,255,1056,1311
00276500,MARIST COLLEGE                          ,NY,12601-1387,Private      ,73,58,131,10854,1522,12376
00276900,MARYMOUNT MANHATTAN COLLEGE             ,NY,10021-4597,Private      ,49,20,69,3846,433,4279
00277200,MERCY COLLEGE                           ,NY,10522-1189,Private      ,129,462,591,5822,8811,14633
00277500,MOLLOY COLLEGE                          ,NY,11570-1100,Private      ,34,77,111,3409,2314,5723
00277700,MEDAILLE COLLEGE                        ,NY,14214-2695,Private      ,27,116,143,1754,1717,3471
00277800,MOUNT SAINT MARY COLLEGE                ,NY,12550-3494,Private      ,40,61,101,3790,1298,5088
00277900,NAZARETH COLLEGE OF ROCHESTER           ,NY,14618-3790,Private      ,26,26,52,3555,1683,5238
00278200,NEW YORK INSTITUTE OF TECHNOLOGY        ,NY,11568-8000,Private      ,82,118,200,5548,3129,8677
00278202,NY INSTITUTE OF TECHNOLOGY-OSTEOPATHIC M,NY,11568-0000,Private      ,3,4,7,86,1245,1331
00278300,NEW YORK LAW SCHOOL                     ,NY,10013-0000,Private      ,1,18,19,33,3410,3443
00278400,NEW YORK MEDICAL COLLEGE                ,NY,10595-0000,Private      ,1,16,17,42,2029,2071
00278500,NEW YORK UNIVERSITY                     ,NY,10012-1091,Private      ,363,793,1156,38432,33398,71830
00278800,NIAGARA UNIVERSITY                      ,NY,14109-2010,Private      ,33,26,59,3924,1027,4951
00279000,NYACK COLLEGE                           ,NY,10960-3698,Private      ,25,133,158,1548,2284,3832
00279100,PACE UNIVERSITY - NEW YORK              ,NY,10038-1598,Private      ,149,184,333,9377,3869,13246
00279101,PACE UNIVERSITY-PLEASANTVILLE           ,NY,10570-0000,Private      ,35,52,87,3610,1338,4948
00279102,PACE UNIVERSITY - WHITE PLAINS          ,NY,10603-0000,Private      ,9,38,47,573,2130,2703
00279500,PAUL SMITHS CLG OF ARTS & SCIENCES      ,NY,12970-0000,Private      ,10,3,13,1331,225,1556
00279600,POLYTECHNIC INTSTITUTE OF NEW YORK UNIV ,NY,11201-3840,Private      ,37,56,93,2986,1170,4156
00279800,PRATT INSTITUTE                         ,NY,11205-3899,Private      ,56,70,126,5189,2936,8125
00280300,RENSSELAER POLYTECHNIC INSTITUTE        ,NY,12180-3590,Private      ,63,24,87,10905,893,11798
00280500,ROBERTS WESLEYAN COLLEGE                ,NY,14624-1997,Private      ,13,89,102,1581,1435,3016
00280600,ROCHESTER INSTITUTE OF TECHNOLOGY       ,NY,14623-5608,Private      ,127,110,237,16177,3609,19786
00280700,ROCKEFELLER UNIVERSITY                  ,NY,10021-0000,Private      ,1,3,4,19,44,63
00280800,DAEMEN COLLEGE                          ,NY,14226-3592,Private      ,22,59,81,2474,1235,3709
00281000,THE SAGE COLLEGES                       ,NY,12180-4199,Private      ,18,51,69,1826,2070,3896
00281200,TROCAIRE COLLEGE                        ,NY,14220-2094,Private      ,14,74,88,744,1801,2545
00281300,SARAH LAWRENCE COLLEGE                  ,NY,10708-5999,Private      ,12,10,22,1943,738,2681
00281400,SKIDMORE COLLEGE                        ,NY,12866-1632,Private      ,20,4,24,3824,141,3965
00281401,SKIDMORE COLLEGE - UNIV WITHOUT WALLS   ,NY,12866-1632,Private      ,0,0,0,113,16,129
00281500,ST BERNARDS SCH THEOLOGY & MINISTRY     ,NY,14618-3822,Private      ,0,1,1,0,37,37
00281600,SIENA COLLEGE                           ,NY,12211-1462,Private      ,52,5,57,6848,412,7260
00281700,ST BONAVENTURE UNIVERSITY               ,NY,14778-2284,Private      ,19,18,37,2861,625,3486
00282000,ST FRANCIS COLLEGE                      ,NY,11201-4398,Private      ,59,51,110,2735,827,3562
00282100,ST JOHN FISHER COLLEGE                  ,NY,14618-3597,Private      ,33,43,76,4602,1954,6556
00282200,CHRIST THE KING SEMINARY                ,NY,14052-0607,Private      ,0,2,2,0,10,10
00282300,ST JOHN'S UNIVERSITY                    ,NY,11439-1343,Private      ,282,168,450,25128,7959,33087
00282500,ST JOSEPH'S COLLEGE                     ,NY,11205-3688,Private      ,18,58,76,1278,906,2184
00282501,ST JOSEPH'S COLLEGE-SUFFOLK CAMPUS      ,NY,11772-0000,Private      ,59,103,162,3242,1697,4939
00282900,ST LAWRENCE UNIVERSITY                  ,NY,13617-1455,Private      ,12,3,15,2886,143,3029
00283200,ST THOMAS AQUINAS COLLEGE               ,NY,10976-1050,Private      ,25,16,41,1973,335,2308
00283300,ST VLADIMIR ORTHODOX THEOL SEM          ,NY,10707-0000,Private      ,0,0,0,0,42,42
00283400,EXCELSIOR COLLEGE                       ,NY,12203-5159,Private      ,22,996,1018,250,8999,9249
00283500,SUNY AT ALBANY                          ,NY,12222-0001,Public       ,257,131,388,20833,5755,26588
00283600,BINGHAMTON UNIVERSITY (SUNY)            ,NY,13902-6000,Public       ,260,101,361,24893,3707,28600
00283700,SUNY AT BUFFALO                         ,NY,14260-0001,Public       ,227,182,409,23281,10625,33906
00283800,SUNY AT STONY BROOK                     ,NY,11794-0701,Public       ,338,218,556,26640,9164,35804
00283900,SUNY-DOWNSTATE MEDICAL CENTER           ,NY,11203-2098,Public       ,7,45,52,181,2359,2540
00284000,SUNY UPSTATE MEDICAL UNIVERSITY         ,NY,13210-2375,Public       ,3,19,22,261,1562,1823
00284100,SUNY BROCKPORT - FIN AID OFF            ,NY,14420-2914,Public       ,108,96,204,10058,3436,13494
00284200,BUFFALO STATE COLLEGE - SUNY            ,NY,14222-1095,Public       ,197,212,409,13200,5879,19079
00284300,SUNY COLLEGE-CORTLAND                   ,NY,13045-0900,Public       ,101,43,144,12258,1849,14107
00284400,SUNY AT FREDONIA                        ,NY,14063-1145,Public       ,58,15,73,7777,1154,8931
00284500,SUNY GENESEO                            ,NY,14454-1401,Public       ,51,16,67,9468,763,10231
00284600,SUNY COLLEGE-NEW PALTZ                  ,NY,12561-2499,Public       ,135,55,190,12041,2667,14708
00284700,SUNY COLLEGE-ONEONTA                    ,NY,13820-4015,Public       ,89,23,112,11449,993,12442
00284800,SUNY OSWEGO                             ,NY,13126-3599,Public       ,95,57,152,11220,2428,13648
00284900,SUNY COLLEGE AT PLATTSBURGH             ,NY,12901-2681,Public       ,68,37,105,7807,1731,9538
00285000,SUNY COLLEGE-POTSDAM                    ,NY,13676-2294,Public       ,38,25,63,5806,1162,6968
00285100,SUNY COLLEGE OF ENVIRONMENT SCIENCE AND ,NY,13210-2778,Public       ,17,19,36,2369,677,3046
00285300,SUNY MARITIME COLLEGE                   ,NY,10465-4198,Public       ,24,14,38,1707,387,2094
00285400,SUNY COLLEGE OF TECHNOLOGY-ALFRED       ,NY,14802-9951,Public       ,46,42,88,4332,1139,5471
00285500,SUNY CANTON COLG OF TECHNOLOGY          ,NY,13617-1098,Public       ,44,63,107,3495,1795,5290
00285600,SUNY AG & TECH COLLEGE-COBLESKILL       ,NY,12043-9986,Public       ,46,27,73,2935,612,3547
00285700,SUNY DELHI                              ,NY,13753-1190,Public       ,54,47,101,3933,1188,5121
00285800,SUNY FARMINGDALE                        ,NY,11735-1021,Public       ,105,120,225,6307,2700,9007
00285900,SUNY COLLEGE OF AG & TECH AT MORRISVILLE,NY,13408-0901,Public       ,57,35,92,3786,1249,5035
00286000,ADIRONDACK COMMUNITY COLLEGE            ,NY,12804-2004,Public       ,50,104,154,1909,2079,3988
00286100,CAYUGA COMMUNITY COLLEGE                ,NY,13021-3099,Public       ,78,162,240,1979,2811,4790
00286200,BROOME COMMUNITY COLLEGE                ,NY,13902-0000,Public       ,107,161,268,3546,3145,6691
00286300,CORNING COMMUNITY COLLEGE               ,NY,14830-3297,Public       ,56,130,186,2040,2473,4513
00286400,DUTCHESS COMMUNITY COLLEGE              ,NY,12601-1595,Public       ,127,176,303,3735,2919,6654
00286600,FASHION INSTITUTE OF TECHNOLOGY         ,NY,10001-5992,Public       ,122,103,225,8560,3823,12383
00286700,SUNY FULTON MONTGOMERY COMM CLG         ,NY,12095-3790,Public       ,49,67,116,1648,1448,3096
00286800,HUDSON VALLEY COMMUNITY COLLEGE         ,NY,12180-6096,Public       ,197,246,443,7205,5845,13050
00286900,JAMESTOWN COMMUNITY COLLEGE             ,NY,14702-0020,Public       ,60,76,136,2773,2432,5205
00287000,JEFFERSON COMMUNITY COLLEGE             ,NY,13601-1897,Public       ,54,283,337,1561,2921,4482
00287100,"SUNY, MOHAWK VALLEY COMMUNITY CLG       ",NY,13501-5394,Public       ,112,168,280,4742,4207,8949
00287200,MONROE COMMUNITY COLLEGE                ,NY,14623-5780,Public       ,272,488,760,10670,11411,22081
00287300,NASSAU COMMUNITY COLLEGE                ,NY,11530-6793,Public       ,380,398,778,13353,8330,21683
00287400,NIAGARA COUNTY COMMUNITY COLLEGE        ,NY,14132-9460,Public       ,85,116,201,4382,3462,7844
00287500,ONONDAGA COMMUNITY COLLEGE              ,NY,13215-4585,Public       ,179,277,456,7109,5327,12436
00287600,ORANGE COUNTY COMMUNITY COLLEGE         ,NY,10940-6441,Public       ,106,135,241,3264,3047,6311
00287700,ROCKLAND COMMUNITY COLLEGE              ,NY,10901-3611,Public       ,157,162,319,3017,2429,5446
00287800,SUFFOLK COMMUNITY COLLEGE               ,NY,11784-2899,Public       ,230,201,431,8475,4865,13340
00287801,SUFFOLK COMMUNITY CLG-W. CAMPUS         ,NY,11717-0000,Public       ,137,172,309,4051,3202,7253
00287803,SUFFOLK COMMUNITY CLG-EASTRN CAMPUS     ,NY,11901-0000,Public       ,63,90,153,1440,1177,2617
00287900,SULLIVAN COUNTY COMMUNITY COLLEGE       ,NY,12759-5151,Public       ,46,53,99,1533,1019,2552
00288000,ULSTER COUNTY COMMUNITY COLLEGE         ,NY,12484-0557,Public       ,42,62,104,1415,1311,2726
00288100,SUNY WESTCHESTER COMMUNITY COLLEGE      ,NY,10595-1698,Public       ,182,256,438,6559,5711,12270
00288200,SYRACUSE UNIVERSITY                     ,NY,13244-2130,Private      ,187,198,385,24107,7281,31388
00288300,UTICA COLLEGE- UTICA                    ,NY,13502-4892,Private      ,29,91,120,3761,2135,5896
00288500,ALBANY COLLEGE OF PHARMACY AND HEALTH SC,NY,12208-3492,Private      ,17,10,27,1743,876,2619
00288600,ALBANY LAW SCHOOL                       ,NY,12208-0000,Private      ,4,10,14,65,1430,1495
00288700,ALBANY MEDICAL COLLEGE                  ,NY,12208-0000,Private      ,1,9,10,101,1177,1278
00288900,UNION COLLEGE                           ,NY,12308-2311,Private      ,25,2,27,3581,172,3753
00289000,UNION THEOLOGICAL SEMINARY              ,NY,10027-0000,Private      ,0,5,5,2,378,380
00289200,UNITED STATES MERCHANT MARINE ACADEMY   ,NY,11024-1699,Public       ,5,0,5,410,25,435
00289400,UNIVERSITY OF ROCHESTER                 ,NY,14627-9000,Private      ,64,97,161,8892,2329,11221
00289401,EASTMAN SCH OF MUSIC/UNIV ROCHESTER     ,NY,14604-0000,Private      ,5,5,10,757,400,1157
00289402,UNIV OF ROCHESTER SCHL OF MEDICINE      ,NY,14642-0000,Private      ,0,9,9,50,717,767
00289500,VASSAR COLLEGE                          ,NY,12604-0008,Private      ,29,5,34,5196,190,5386
00289600,VILLA MARIA COLLEGE-BUFFALO             ,NY,14225-3999,Private      ,13,14,27,459,326,785
00289900,WAGNER COLLEGE                          ,NY,10301-4495,Private      ,32,26,58,3014,548,3562
00290000,WEBB INSTITUTE                          ,NY,11542-1398,Private      ,1,1,2,75,7,82
00290100,WELLS COLLEGE                           ,NY,13026-0500,Private      ,18,4,22,1291,116,1407
00290300,YESHIVA UNIVERSITY                      ,NY,10033-3201,Private      ,25,35,60,2281,3255,5536
00290302,YESHIVA UNIVERSITY - BRONX CAMPUS       ,NY,10461-1975,Private      ,3,13,16,34,1159,1193
00397400,MESIVTHA TIFERETH JERUSALEM OF AMER     ,NY,10002-6382,Private      ,6,0,6,35,1,36
00397600,RABBINICAL ACAD MESIVTA RABBI CHAIM     ,NY,11230-4715,Private      ,12,0,12,26,2,28
00397700,RABBINICAL COLLEGE CH'SAN SOFER         ,NY,11204-1252,Private      ,1,20,21,1,29,30
00397800,RABBINICAL SEMINARY OF AMERICA          ,NY,11375-0000,Private      ,20,6,26,50,53,103
00397900,COLUMBIA UNIV TEACHERS COLLEGE          ,NY,10027-0000,Private      ,6,253,259,62,5353,5415
00405400,HEBREW UNION COL-JEWISH INST OF REL     ,NY,10012-0000,Private      ,0,2,2,0,88,88
00475900,"CUNY, YORK COLLEGE                      ",NY,11451-0001,Public       ,199,257,456,10876,6441,17317
00476500,CUNY GRADUATE SCH & UNIV CTR            ,NY,10016-4309,Public       ,2,137,139,180,3717,3897
00477600,CENTRAL YESHIVA TOMCHEI TMIMIM LUBA     ,NY,11230-2798,Private      ,236,5,241,387,48,435
00478800,HERKIMER COUNTY COMMUNITY COLLEGE       ,NY,13350-1598,Public       ,68,82,150,2843,1606,4449
00479800,MIRRER YESHIVA CENTRAL INST             ,NY,11223-2010,Private      ,11,3,14,98,51,149
00479900,MONROE COLLEGE                          ,NY,10468-4305,Proprietary  ,195,469,664,3839,6417,10256
00481100,EVEREST INSTITUTE                       ,NY,14621-3007,Proprietary  ,36,130,166,215,1461,1676
00506400,SAINT JAMES MERCY HOSPITAL SCHOOL OF RAD,NY,14843-2197,Private      ,0,0,0,18,15,33
00506600,FAXTON ST. LUKE'S SCHOOL OF RADIOGRAPHY ,NY,13502-4856,Private      ,0,2,2,28,33,61
00520800,THE COLLEGE OF WESTCHESTER              ,NY,10602-0000,Proprietary  ,31,111,142,823,961,1784
00587700,ROBERT J HOCHSTIM SCHOOL OF RADIOG      ,NY,11572-1151,Private      ,0,0,0,1,10,11
00643501,ARNOT OGDEN MEDICAL CENTER              ,NY,14905-1676,Private      ,0,1,1,49,67,116
00643800,PHILLIPS BETH ISRAEL SCH OF NURSING     ,NY,10001-6354,Private      ,1,13,14,116,416,532
00644300,COCHRAN SCH NSG-ST JOHN RVSDE HOSP      ,NY,10701-1399,Private      ,0,6,6,37,237,274
00644500,CROUSE HOSP SCH OF NURSING              ,NY,13210-1690,Private      ,6,11,17,190,358,548
00644800,ELLIS HOSPITAL SCHOOL OF NURSING        ,NY,12308-0000,Private      ,2,6,8,62,189,251
00646101,ST ELIZABETH COLLEGE OF NURSING         ,NY,13501-2998,Private      ,2,3,5,113,197,310
00646102,ST ELIZABETH SCH OF RADIOGRAPHY         ,NY,13501-0000,Private      ,1,0,1,21,28,49
00646700,SAINT JOSEPH'S COLLEGE OF NURSING       ,NY,13203-1806,Private      ,2,7,9,207,332,539
00678200,GENESEE COMMUNITY COLLEGE               ,NY,14020-9704,Public       ,64,159,223,3174,3192,6366
00678500,SCHENECTADY COUNTY COMMUNITY CLG        ,NY,12305-2294,Public       ,104,193,297,2254,2849,5103
00678700,CLINTON COMMUNITY COLLEGE               ,NY,12901-5690,Public       ,32,59,91,1344,995,2339
00678800,TOMPKINS CORTLAND COMMUNITY COLLEGE     ,NY,13053-8504,Public       ,84,117,201,3212,1955,5167
00678900,COLUMBIA-GREENE COMMUNITY COLLEGE       ,NY,12534-9543,Public       ,43,65,108,985,1035,2020
00679100,SUNY AT PURCHASE                        ,NY,10577-1400,Public       ,89,37,126,7679,1230,8909
00702200,CUNY-LEHMAN COLLEGE                     ,NY,10468-1589,Public       ,193,361,554,13211,12198,25409
00702600,MOUNT SINAI SCHOOL OF MEDICINE          ,NY,10029-0000,Private      ,2,5,7,28,1055,1083
00710900,SUNY COLLEGE-OLD WESTBURY               ,NY,11568-0210,Public       ,70,69,139,5742,2484,8226
00711100,NORTH COUNTRY COMMUNITY COLLEGE         ,NY,12983-2046,Public       ,21,37,58,874,880,1754
00726400,MESIFTA TORAH VODAATH RABBINCAL SEM     ,NY,11218-5209,Private      ,2,24,26,21,49,70
00727300,CUNY-BERNARD BARUCH COLLEGE             ,NY,10010-5518,Public       ,256,304,560,18073,10651,28724
00730400,CULINARY INSTITUTE OF AMERICA           ,NY,12538-1499,Private      ,175,149,324,3577,1921,5498
00732916,ITT TECHNICAL INSTITUTE                 ,NY,12205-1003,Proprietary  ,10,73,83,207,664,871
00737200,AUSTIN'S SCHOOL OF SPA TECHNOLOGY       ,NY,12206-1513,Proprietary  ,22,88,110,178,569,747
00737500,ISLAND DRAFTING & TECHNICAL INST        ,NY,11701-2704,Proprietary  ,6,7,13,70,81,151
00738700,LONG ISLAND BEAUTY SCHOOL               ,NY,11788-4346,Proprietary  ,31,74,105,195,414,609
00738800,LONG ISLAND BEAUTY SCHOOL               ,NY,11550-3704,Proprietary  ,9,28,37,52,196,248
00739100,BEAUTY SCHOOL OF MIDDLETOWN             ,NY,10940-6574,Proprietary  ,4,15,19,49,99,148
00739400,BERKELEY COLLEGE                        ,NY,10017-0000,Proprietary  ,127,319,446,3256,4639,7895
00739402,BERKELEY COLLEGE  -  WESTCHESTER CAMPUS ,NY,10601-9963,Proprietary  ,18,33,51,888,604,1492
00740100,MANDL SCHOOL                            ,NY,10019-5516,Proprietary  ,26,86,112,273,1127,1400
00740500,WOOD TOBE-COBURN SCHOOL                 ,NY,10016-0102,Proprietary  ,15,10,25,705,186,891
00746500,AMERICAN ACADEMY OF DRAMATIC ARTS       ,NY,10016-7089,Private      ,15,8,23,653,326,979
00746600,LIM COLLEGE                             ,NY,10022-5268,Proprietary  ,26,12,38,2249,418,2667
00746800,SCHOOL OF VISUAL ARTS                   ,NY,10010-3994,Proprietary  ,54,46,100,4338,1811,6149
00750602,LINCOLN TECHNICAL INSTITUTE             ,NY,11357-6092,Proprietary  ,72,63,135,712,443,1155
00751800,APEX TECHNICAL SCHOOL                   ,NY,10011-2008,Proprietary  ,159,419,578,949,2351,3300
00752200,CONTINENTAL SCH OF BEAUTY CULTURE       ,NY,14623-3231,Proprietary  ,32,99,131,228,600,828
00752205,CONTINENTAL SCHOOL OF BEAUTY CULTURE - M,NY,13211-1003,Proprietary  ,1,4,5,15,19,34
00753200,FINGER LAKES COMMUNITY COLLEGE          ,NY,14424-8395,Public       ,96,134,230,3701,3015,6716
00757200,AMERICAN MUSICAL AND DRAMATIC ACAD      ,NY,10023-2106,Private      ,52,18,70,2590,530,3120
00757300,EMPIRE BEAUTY SCHOOL                    ,NY,11103-4028,Proprietary  ,31,54,85,201,403,604
00780400,STAR CAREER ACADEMY                     ,NY,10011-7307,Proprietary  ,46,185,231,275,1035,1310
00818900,CONTINENTAL SCHOOL OF BEAUTY CULTURE - B,NY,14224-3402,Proprietary  ,20,31,51,105,244,349
00818903,CONTINENTAL SCHOOL OF BEAUTY CULTURE - B,NY,14223-2911,Proprietary  ,2,7,9,23,55,78
00843700,CHAMPLAIN VALLEY - TEC/PRN              ,NY,12901-0000,Public       ,0,3,3,16,50,66
00849500,JAMESTOWN BUSINESS COLLEGE              ,NY,14702-0429,Proprietary  ,7,37,44,187,368,555
00861100,"CUNY, HOSTOS CMTY COLLEGE               ",NY,10451-1499,Public       ,142,212,354,7772,7497,15269
00861400,RABBINICAL CLG BOBOVER YESHIVA BNEI     ,NY,11219-3293,Private      ,50,29,79,137,49,186
00861700,RABBINICAL SEM MKOR CHAIM-YESHIVA       ,NY,11219-4300,Private      ,4,0,4,11,0,11
00878800,STATE UNIVERSITY OF NEW YORK STUDENT LOA,NY,12246-0000,Public       ,4,14,18,814,432,1246
00900300,OLEAN BUSINESS INSTITUTE INC            ,NY,14760-2691,Proprietary  ,0,5,5,12,93,105
00902900,NEIGHBORHOOD PLAYHOUSE                  ,NY,10022-5017,Private      ,0,1,1,28,47,75
00904300,ELMIRA BUSINESS INSTITUTE               ,NY,14901-2731,Proprietary  ,22,138,160,130,897,1027
00907700,UTICA SCHOOL OF COMMERCE                ,NY,13501-2280,Proprietary  ,5,41,46,143,519,662
00924800,SAMARITAN HOSPITAL SCH NURSING          ,NY,12180-2475,Private      ,0,5,5,53,213,266
00928300,MIDWAY-PARIS BEAUTY SCHOOL              ,NY,11385-3453,Proprietary  ,3,29,32,37,110,147
00928400,LEARNING INST FOR BEAUTY SCIENCES       ,NY,11756-1345,Proprietary  ,16,65,81,108,334,442
00933500,MESIVTA EASTERN PKWY RABBINICAL CLG     ,NY,11218-5559,Private      ,4,0,4,29,3,32
00947900,SAINT VINCENTS CMC SI NURSING SCHOOL    ,NY,10304-3850,Proprietary  ,14,29,43,243,597,840
00976900,METROPOLITAN COLLEGE OF NEW YORK        ,NY,10013-1919,Private      ,15,134,149,302,1893,2195
00992900,SUNY COLLEGE OF OPTOMETRY               ,NY,10036-8003,Public       ,1,1,2,26,355,381
01005100,LA GUARDIA CMTY COLLEGE - CUNY          ,NY,11101-3083,Public       ,592,651,1243,15783,12096,27879
01005200,JEFFERSON-LEWIS BOCES PRAC NRSGPRG      ,NY,13601-9509,Public       ,1,11,12,30,177,207
01009700,CUNY-MEDGAR W EVERS COLLEGE             ,NY,11225-2010,Public       ,210,366,576,6388,6477,12865
01014200,TOURO COLLEGE                           ,NY,10010-4202,Private      ,233,789,1022,3809,11401,15210
01014700,WESTERN SUFFOLK BOCES                   ,NY,11768-3499,Public       ,19,47,66,142,449,591
01015300,HELENE FULD COL OF NRSNG/N GEN HOSP     ,NY,10035-0000,Private      ,2,88,90,33,703,736
01028600,EMPIRE STATE COLLEGE                    ,NY,12866-4391,Public       ,46,711,757,1062,13503,14565
01037800,RABBINICAL COLLEGE OF LONG ISLAND       ,NY,11561-3244,Private      ,12,0,12,47,3,50
01054900,KEHILATH YAKOV RABBINICAL SEMINARY      ,NY,10562-1001,Private      ,42,16,58,62,26,88
01055100,NEW YORK SCH MED & DENTAL ASSISTANT     ,NY,11101-2327,Proprietary  ,20,54,74,143,306,449
01064100,SOUTHERN WESTCHESTER BOCES              ,NY,10543-0000,Public       ,1,6,7,35,183,218
01068400,ERIE COMMUNITY COLLEGE-ALL CAMPUSES     ,NY,14203-2698,Public       ,282,413,695,8869,9506,18375
01081300,AMERICAN ACAD MCALLISTER INST           ,NY,10019-3604,Private      ,2,20,22,97,506,603
01083700,SIMMONS INST OF FUNERAL SERVICE         ,NY,13207-2098,Proprietary  ,0,4,4,24,51,75
01093000,SUBURBAN TECHNICAL SCHOOL               ,NY,11550-3771,Proprietary  ,1,0,1,23,132,155
01094300,RABBINICAL COLLEGE BETH SHRAGA          ,NY,10952-3033,Private      ,3,0,3,9,0,9
01095200,PNW BOCES LPN PROGRAM                   ,NY,10598-0000,Public       ,1,3,4,10,76,86
01103100,TECHNICAL CAREER INSTITUTE              ,NY,10001-2789,Proprietary  ,351,563,914,2240,5027,7267
01118900,UNITED TALMUDICAL SEMINARY              ,NY,11211-7984,Private      ,351,396,747,763,399,1162
01119200,BETH HAMEDRASH SHAAREI YOSHER INST      ,NY,11204-1052,Private      ,4,5,9,8,12,20
01161400,CHAMPLAIN VALLEY HOSP SCH RAD TECH      ,NY,12901-1490,Private      ,0,2,2,23,13,36
01161700,NEW YORK METHODIST HOSPITAL             ,NY,11229-9023,Private      ,16,53,69,112,392,504
01164700,SBI CAMPUS - AN AFFILIATE OF SANFORD-BRO,NY,11747-3785,Proprietary  ,12,59,71,354,813,1167
01167000,YESHIVA OF NITRA RABBINICAL COLLEGE     ,NY,11211-7108,Private      ,75,13,88,101,14,115
01167700,MEMORIAL SLOAN KETTERING CANCER CTR     ,NY,10021-6094,Private      ,0,1,1,6,29,35
01167800,SUNY INST OF TECHNOLOGY UTICA ROME      ,NY,13504-3050,Public       ,15,22,37,1686,1260,2946
01182100,YESHIVATH ZICHRON MOSHE                 ,NY,12779-0580,Private      ,28,3,31,101,3,104
01183000,BERK TRADE AND BUSINESS SCHOOL          ,NY,11101-0000,Proprietary  ,11,48,59,71,228,299
01185900,WORD OF LIFE BIBLE INSTITUTE            ,NY,12860-0129,Private      ,8,2,10,590,104,694
01186000,MERCY MED CNTR SCHL OF RADIOGRAPHY      ,NY,11570-1098,Private      ,0,2,2,7,15,22
01192100,WESTCHESTER SCH OF BEAUTY CULTURE       ,NY,10550-2295,Proprietary  ,7,17,24,30,100,130
01192200,BETH HATALMUD RABBINICAL CLG            ,NY,11214-2594,Private      ,31,0,31,31,2,33
01198400,OHR HAMEIR THEOLOGICAL SEMINARY         ,NY,10566-0990,Private      ,18,0,18,66,1,67
01201100,TALMUDICAL SEM OHOLEI TORAH             ,NY,11213-3310,Private      ,111,1,112,269,5,274
01207200,PHILLIPS HAIRSTYLING INSTITUTE          ,NY,13210-1509,Proprietary  ,6,16,22,33,111,144
01210700,INSTITUTE OF DESIGN & CONSTRUCTION      ,NY,11201-5380,Private      ,3,7,10,48,137,185
01220300,MEMORIAL HOSPITAL SCH OF NURSING        ,NY,12204-1083,Private      ,2,6,8,55,175,230
01227700,NEW YORK CHIROPRACTIC COLLEGE           ,NY,13148-0800,Private      ,0,7,7,10,799,809
01229300,VEEB NASSAU CNTY SCHL OF PRACT NURS     ,NY,11553-3037,Public       ,0,7,7,58,221,279
01235800,PLAZA COLLEGE                           ,NY,11372-6300,Proprietary  ,73,99,172,429,995,1424
01236400,SAINT VINCENTS CATHOLIC MEDICAL CENTERS ,NY,11354-0000,Proprietary  ,6,15,21,112,609,721
01240700,SCHUYLER-CHEMUNG-TIOGA BOCES            ,NY,14903-1089,Public       ,1,7,8,36,164,200
01240701,STEUBEN SCHUYLER CHEMUNG TIOGA ALLEGANY ,NY,14870-9518,Public       ,0,0,0,0,6,6
01256100,FIVE TOWNS COLLEGE                      ,NY,11746-5871,Proprietary  ,30,18,48,1333,362,1695
01258900,ERIE 1 BOCES                            ,NY,14224-0000,Public       ,5,14,19,93,298,391
01265200,ONONDAGA CORTLAND MADISON BOCES         ,NY,13090-4500,Public       ,20,116,136,220,882,1102
01278300,OSWEGO COUNTY BOCES ADULT CAREERS       ,NY,13114-4498,Public       ,3,4,7,43,84,127
01292700,CENTRAL TECH NURSING PROGRAM            ,NY,13202-3092,Public       ,2,6,8,28,128,156
01302600,MACHZIKEI HADATH RABBINICAL COLLEGE     ,NY,11204-1805,Private      ,24,18,42,24,19,43
01302700,YESHIVATH VIZNITZ                       ,NY,10952-3021,Private      ,28,59,87,28,77,105
01302900,BORICUA COLLEGE                         ,NY,10032-1599,Private      ,60,154,214,560,1395,1955
02056400,CAPRI COSMETOLOGY LEARNING CENTER       ,NY,10954-0000,Proprietary  ,18,42,60,144,312,456
02066200,THE NEW SCHOOL                          ,NY,10011-0000,Private      ,71,126,197,5715,6703,12418
02069000,NEW YORK SCHOOL OF INTERIOR DESIGN      ,NY,10021-0000,Private      ,5,6,11,206,437,643
02075700,BRIARCLIFFE COLLEGE                     ,NY,11714-0000,Proprietary  ,35,93,128,881,1223,2104
02075702,BRIARCLIFFE COLLEGE - PATCHOGUE         ,NY,11772-3019,Proprietary  ,20,76,96,659,905,1564
02092400,RIDLEY-LOWELL SCHOOL OF BUSINESS        ,NY,13905-0000,Proprietary  ,9,27,36,64,272,336
02093700,LONG ISLAND BUSINESS INSTITUTE          ,NY,11725-0000,Proprietary  ,31,66,97,298,754,1052
02093701,LONG ISLAND BUSINESS INSTITUTE - FLUSHIN,NY,11354-4429,Proprietary  ,50,90,140,191,515,706
02098400,HERKIMER COUNTY BOCES                   ,NY,13350-0000,Public       ,0,1,1,95,150,245
02104300,OTSEGO AREA SCHOOL OF PRAC NURSING      ,NY,12167-0000,Public       ,1,0,1,8,39,47
02105900,HAIR DESIGN INSTITUTE AT FIFTH AVE      ,NY,11220-0000,Proprietary  ,21,69,90,145,405,550
02106800,BRAMSON ORT COLLEGE                     ,NY,11375-0000,Private      ,70,131,201,491,863,1354
02110900,CATTARAUGUS/ALLEGANY BOCES              ,NY,14760-0000,Public       ,0,3,3,24,144,168
02112301,RIDLEY - LOWELL BUSINESS & TECHNICAL INS,NY,12601-3328,Proprietary  ,28,119,147,159,657,816
02116011,SANFORD-BROWN INSTITUTE - NEW YORK      ,NY,10003-2103,Proprietary  ,89,220,309,843,2338,3181
02118700,LONG ISLAND COLLEGE HOSPITAL - SCHOOL OF,NY,11201-6001,Private      ,8,10,18,110,288,398
02118702,LONG ISLAND COLLEGE HOSPITAL - SCHOOL OF,NY,11201-6001,Private      ,3,14,17,117,248,365
02124000,ORANGE ULSTER BOCES SCH OF PRAC NRS     ,NY,10924-9401,Public       ,0,4,4,35,134,169
02125500,CIRCLE IN THE SQUARE THEATRE SCHOOL     ,NY,10019-0000,Private      ,1,4,5,54,78,132
02126300,MADISON-ONEIDA BOCES PRAC NRS           ,NY,13478-0000,Public       ,0,2,2,21,123,144
02138500,BOCES RENSSELAER SCHOOL OF PN           ,NY,12033-3221,Public       ,0,0,0,15,90,105
02145800,CAYUGA ONONDAGA BOCES                   ,NY,13021-9430,Public       ,0,5,5,23,77,100
02146000,WAYNE-FINGER LAKES BOCES                ,NY,14513-0000,Public       ,0,3,3,50,284,334
02152000,YESHIVA SHAAR HATORAH ITRI TORAH        ,NY,11418-0000,Private      ,10,1,11,13,2,15
02153600,BROOME-TIOGA BOCES PN PROG              ,NY,13905-0000,Public       ,2,4,6,36,126,162
02157900,ROCHESTER GENERAL HOSPITAL              ,NY,14621-3001,Private      ,0,2,2,33,122,155
02158200,WSHNGTN-SARTGA-WARN-HMLTN-ESX BOCES     ,NY,12839-1051,Public       ,0,4,4,32,104,136
02160100,GENEVA GENERAL HOSPITAL                 ,NY,14456-0000,Private      ,0,2,2,32,136,168
02163400,NEW YORK CAREER INSTITUTE               ,NY,10007-2801,Proprietary  ,12,70,82,280,859,1139
02169100,DAVIS COLLEGE                           ,NY,13790-0000,Private      ,3,9,12,161,110,271
02170000,SWEDISH INSTITUTE                       ,NY,10001-0000,Proprietary  ,18,102,120,133,798,931
02170200,ALBANY SCHOHARIE SCHENECTADY            ,NY,12205-0000,Public       ,4,1,5,68,202,270
02171900,AILEY SCHOOL (THE)                      ,NY,10019-4402,Private      ,6,4,10,143,88,231
02172100,HAMILTON-FULTON-MONTGOMERY BOCES        ,NY,12095-0665,Public       ,2,1,3,94,93,187
02172800,DUTCHESS COUNTY BOCES SCH PRAC NURS     ,NY,12601-0000,Public       ,4,20,24,56,236,292
02173200,EMPIRE BEAUTY SCHOOL                    ,NY,10001-0000,Proprietary  ,62,104,166,593,975,1568
02173900,ULSTER COUNTY BOCES PRACTICAL NRSG      ,NY,12466-0000,Public       ,0,6,6,58,214,272
02176000,CHERYL FELL'S SCHOOL OF BUSINESS        ,NY,14304-0000,Proprietary  ,4,6,10,15,81,96
02179400,EASTERN SUFFOLK BOCES                   ,NY,11713-0000,Public       ,3,14,17,144,407,551
02182200,NEW SCHOOL OF RADIO & TELEVISION        ,NY,12206-1106,Proprietary  ,7,24,31,58,109,167
02187300,DARKEI NOAM RABBINICAL COLLEGE          ,NY,11210-0000,Private      ,0,1,1,1,6,7
02191600,TORAH TEMIMAH TALMUDICAL SEMINARY       ,NY,11218-0000,Private      ,20,0,20,76,0,76
02192500,BELLEVUE HOSP CTR SCH RAD TECH          ,NY,10016-0000,Public       ,0,4,4,22,79,101
02199300,ORLEANS-NIAGARA BOCES                   ,NY,14132-0000,Public       ,1,12,13,18,84,102
02206000,HUNTER BUSINESS SCHOOL                  ,NY,11756-0000,Proprietary  ,52,146,198,265,774,1039
02217800,D.HOPFER SCH NURSING AT MT.VRN HOSP     ,NY,10550-0000,Private      ,0,2,2,42,250,292
02219500,MILDRED ELLEY                           ,NY,12206-1513,Proprietary  ,70,347,417,476,2869,3345
02235600,ERIE 2-CHAUTAUQUA-CATTARAUGUS BOCES     ,NY,14006-0000,Public       ,1,8,9,26,99,125
02256700,KOL YAAKOV TORAH CENTER                 ,NY,10952-0000,Private      ,0,0,0,3,0,3
02265100,YESHIVA DERECH CHAIM                    ,NY,11218-0000,Private      ,21,0,21,49,10,59
02265200,GLOBAL BUSINESS INSTITUTE               ,NY,11691-0000,Private      ,34,134,168,179,827,1006
02272900,ROCKLAND COUNTY BOCES PRAC NRSG SCH     ,NY,10994-0000,Public       ,0,1,1,25,117,142
02275900,"MODERN WELDING SCHOOL, INC.             ",NY,12304-0000,Proprietary  ,13,30,43,74,117,191
02287800,NATIONAL TRACTOR TRAILER SCHOOL         ,NY,13088-2505,Proprietary  ,17,152,169,62,692,754
02294900,INSTITUTE OF AUDIO RESEARCH             ,NY,10003-0000,Proprietary  ,50,69,119,382,509,891
02306500,PROFESSIONAL BUSINESS INSTITUTE         ,NY,10002-0000,Private      ,114,134,248,613,877,1490
02314200,NORTHERN WESTCHESTER SCH COSMETOL       ,NY,10566-0000,Proprietary  ,4,9,13,49,69,118
02320100,OHR SOMAYACH TANENBAUM EDUCATIONAL CENTE,NY,10952-0000,Private      ,0,1,1,0,2,2
02325600,NEW YORK INSTITUTE OF ENGLISH & BUS     ,NY,10001-0000,Private      ,23,43,66,127,324,451
02350600,YESHIVA AND KOLLEL HARBOTZAS TORAH      ,NY,11230-0000,Private      ,0,17,17,0,35,35
02491400,SPANISH AMERICAN INSTITUTE              ,NY,10036-0000,Private      ,1,2,3,6,28,34
02505800,YESHIVA KARLIN STOLIN RAB INSTITUTE     ,NY,11204-0000,Private      ,26,9,35,32,36,68
02505900,SH-OR YOSHUV RABBINICAL COLLEGE         ,NY,11691-0000,Private      ,11,3,14,50,19,69
02506000,ASSOCIATED BETH RIVKAH SCHOOLS          ,NY,11225-0000,Private      ,3,3,6,94,16,110
02506100,CITY UNIV OF NEW YORK-CENTRAL           ,NY,10021-0000,Public       ,28,54,82,893,738,1631
02506200,MERCE CUNNINGHAM STUDIO                 ,NY,10014-0000,Private      ,0,0,0,0,1,1
02506800,YESHIVAT MIKDASH MELECH                 ,NY,11230-0000,Private      ,15,10,25,49,13,62
02511500,JOFFREY BALLET SCHOOL                   ,NY,10011-0000,Proprietary  ,0,0,0,77,9,86
02513500,MAR JON SCHOOL OF BEAUTY CULTURE        ,NY,14150-0000,Proprietary  ,5,19,24,42,97,139
02525600,ART INSTITUTE OF NEW YORK CITY (THE)    ,NY,10013-2429,Proprietary  ,146,136,282,2637,1701,4338
02540800,"GLOBE INSTITUTE OF TECHNOLOGY, INC.     ",NY,10007-0000,Proprietary  ,40,65,105,470,518,988
02546000,TRI-STATE COLLEGE OF ACUPUNCTURE        ,NY,10011-0000,Proprietary  ,0,8,8,3,170,173
02546300,YESHIVA OF THE TELSHE ALUMNI            ,NY,10471-0000,Private      ,41,0,41,43,1,44
02550600,TALMUDICAL INST OF UPSTATE NY           ,NY,14607-0000,Private      ,1,2,3,6,4,10
02556700,SEMINAR L'MOROS BAIS YAAKOV             ,NY,11219-0000,Private      ,6,0,6,260,4,264
02572900,BUSINESS INFORMATICS CENTER             ,NY,11580-0000,Proprietary  ,3,9,12,30,93,123
02575400,FRENCH CULINARY INSTITUTE               ,NY,10013-2618,Proprietary  ,36,145,181,516,1186,1702
02587600,ORLO SCH HAIR DESIGN & COSMETOLOGY      ,NY,12206-1723,Proprietary  ,5,20,25,60,110,170
02599400,NEW YORK COLLEGE OF HEALTH PROFESSIONS  ,NY,11791-4413,Private      ,8,71,79,179,886,1065
02600100,NEW YORK ACADEMY OF ART (THE)           ,NY,10013-2911,Private      ,5,8,13,136,254,390
02614900,SANFORD-BROWN INSTITUTE                 ,NY,10604-2910,Proprietary  ,20,68,88,256,692,948
02615001,SANFORD-BROWN COLLEGE - SANFORD-BROWN IN,NY,11530-4734,Proprietary  ,2,12,14,59,186,245
02616600,SHEAR EGO INTERNATIONAL SCHOOL OF HAIR D,NY,14617-3501,Proprietary  ,9,30,39,84,153,237
02617000,CONTINENTAL SCH OF BEAUTY CULTURE       ,NY,14020-0000,Proprietary  ,12,24,36,81,134,215
02617001,CONTINENTAL SCHOOL OF BEAUTY CULTURE - O,NY,14760-2618,Proprietary  ,0,0,0,7,1,8
02617002,CONTINENTAL SCHOOL OF BEAUTY CULTURE  - ,NY,14020-1908,Proprietary  ,1,0,1,4,1,5
02622900,BAIS MEDRASH ELYON                      ,NY,10952-3013,Private      ,0,3,3,1,4,5
03000100,YESHIVA GEDOLAH IMREI YOSEF DSPINKA     ,NY,11219-4696,Private      ,3,29,32,6,93,99
03007200,DANCE THEATRE OF HARLEM                 ,NY,10031-0000,Private      ,4,1,5,37,20,57
03027701,PACIFIC COLLEGE OF ORIENTAL MEDICINE - N,NY,10010-7108,Proprietary  ,2,53,55,43,650,693
03081600,DELAWARE CHENANGO MADISON OT. BOCES     ,NY,13815-9554,Public       ,3,21,24,18,115,133
03089700,COMPUTER CAREER CENTER                  ,NY,11530-3334,Proprietary  ,47,160,207,242,887,1129
03095500,ASA INST BUSINESS & COMPUTER TECH       ,NY,11201-5208,Proprietary  ,319,533,852,2637,5182,7819
03096200,CHARLES STUART SCHOOL                   ,NY,11229-2004,Proprietary  ,0,12,12,7,72,79
03103700,ADIRONDACK BEAUTY SCHOOL                ,NY,12801-3158,Proprietary  ,1,3,4,13,44,57
03104900,SULLIVAN COUNTY BOCES                   ,NY,12754-2116,Public       ,0,2,2,45,75,120
03115300,GENESEE VALLEY BOCES                    ,NY,14020-1099,Public       ,9,19,28,52,208,260
03120700,NEW YORK CONSERVATORY FOR DRAMATIC ARTS ,NY,10011-4225,Proprietary  ,2,4,6,492,180,672
03127100,YESHIVAS NOVOMINSK                      ,NY,11219-0000,Private      ,4,0,4,45,0,45
03129200,RABBINICAL CLG OHR SHIMAR YISROEL       ,NY,11211-8102,Private      ,4,59,63,12,99,111
03147300,YESHIVA D'MONSEY                        ,NY,10952-3106,Private      ,0,36,36,0,36,36
03169300,STUDIO JEWELERS                         ,NY,10016-4112,Proprietary  ,0,6,6,7,48,55
03181400,MERKAZ BNOS                             ,NY,11214-4911,Private      ,2,85,87,13,238,251
03191300,CUNY SCHOOL OF LAW @ QUEENS COLLEGE     ,NY,11367-0000,Public       ,12,13,25,526,1611,2137
03193300,MANHATTAN SCHOOL OF COMPUTER TECH       ,NY,11230-1617,Private      ,28,119,147,164,665,829
03203300,NEW YORK INSTITUTE OF MASSAGE           ,NY,14221-6021,Proprietary  ,8,17,25,63,197,260
03216300,UNIFICATION THEOLOGICAL SEMINARY        ,NY,12507-5021,Private      ,0,1,1,0,33,33
03328300,FRANKLIN CAREER INSTITUTE               ,NY,11550-3003,Private      ,18,38,56,106,262,368
03328301,FRANKLIN CAREER INSTITUTE - BROOKLYN    ,NY,11220-3110,Private      ,27,72,99,147,449,596
03342400,AMERICAN BARBER INSTITUTE               ,NY,10001-5271,Proprietary  ,5,19,24,57,116,173
03358300,ALLEN SCHOOL                            ,NY,11432-4901,Proprietary  ,40,336,376,221,1904,2125
03358301,ALLEN SCHOOL - BROOKLYN                 ,NY,11201-0000,Proprietary  ,31,147,178,188,935,1123
03380300,STAR CAREER ACADEMY                     ,NY,11791-5311,Proprietary  ,13,52,65,109,345,454
03419400,NORTHEASTERN SEMINARY                   ,NY,14624-1997,Private      ,0,8,8,15,142,157
03426400,ANTHEM INSTITUTE                        ,NY,10018-0000,Proprietary  ,12,34,46,286,628,914
03433500,LIA SCHORR INSTITUTE OF COSMETIC SK     ,NY,10022-2614,Proprietary  ,5,13,18,13,74,87
03443300,NEW YORK COLLEGE OF TRADITIONAL CHINESE ,NY,11501-0000,Private      ,0,6,6,4,92,96
03496300,YESHIVA SHAAREI TORAH OF ROCKLAND       ,NY,10901-4003,Private      ,0,0,0,17,21,38
03537300,NEW YORK AUTOMOTIVE & DIESEL INSTIT     ,NY,11101-0000,Proprietary  ,48,95,143,241,531,772
03568300,LEON STUDIO ONE SCHOOL OF HAIR DESI     ,NY,14221-5323,Proprietary  ,7,9,16,48,82,130
03651300,SAINT JOSEPH'S MEDICAL CENTER SCHOO     ,NY,10701-4080,Private      ,0,2,2,7,40,47
03652300,METROPOLITAN LEARNING INSTITUTE         ,NY,11374-2101,Private      ,22,225,247,100,1372,1472
03691300,USA BEAUTY SCHOOL INTERNATIONAL         ,NY,10013-3530,Proprietary  ,0,0,0,7,36,43
03713300,BEIS MEDRASH HEICHAL DOVID              ,NY,11691-4433,Private      ,19,3,22,36,4,40
03773300,CENTER FOR NATURAL WELLNESS SCHOOL OF MA,NY,12205-1601,Proprietary  ,2,30,32,33,237,270
03802300,UTA MESIVTA OF KIRYAS JOEL              ,NY,10950-2169,Private      ,90,237,327,380,441,821
03809400,MICROPOWER CAREER INSTITUTE             ,NY,10001-2812,Proprietary  ,18,77,95,64,510,574
03819400,HUDSON VALLEY SCHOOL OF ADVANCED AESTHET,NY,12493-0000,Proprietary  ,0,4,4,7,33,40
03839300,AVEDA INSTITUTE NEW YORK                ,NY,10013-1522,Proprietary  ,23,71,94,166,415,581
03881300,UNION GRADUATE COLLEGE                  ,NY,12308-3131,Private      ,1,9,10,6,226,232
03903400,AMERICAN BEAUTY SCHOOL                  ,NY,10462-8003,Proprietary  ,14,63,77,124,504,628
03941400,ELITE ACADEMY OF BEAUTY ARTS            ,NY,11223-1630,Proprietary  ,3,22,25,25,158,183
03983300,"SCHOOL OF PROFESSIONAL HORTICULTURE, AT ",NY,10458-5126,Private      ,0,3,3,4,25,29
03988300,"SAE INSTITUTE OF TECHNOLOGY, NEW YORK   ",NY,10001-2915,Proprietary  ,34,68,102,334,444,778
04043300,ACE COMPUTER TRAINING CENTER            ,NY,11375-5337,Proprietary  ,5,37,42,38,217,255
04092401,MAKE-UP DESIGNORY -                     ,NY,10012-0041,Proprietary  ,19,38,57,314,404,718
04095300,KING'S COLLEGE (THE)                    ,NY,10018-0110,Private      ,8,2,10,956,90,1046
04102300,NEW AGE TRAINING                        ,NY,10001-4006,Proprietary  ,7,27,34,21,198,219
04115500,TALMUDICAL SEMINARY OF BOBOV            ,NY,11219-3826,Private      ,35,43,78,65,78,143
04117100,EDP SCHOOL OF COMPUTER PROGRAMMING      ,NY,11235-0000,Private      ,1,49,50,11,247,258
04117700,"MONROE 2-ORLEANS BOCES, CENTER FOR WORK ",NY,14624-1119,Public       ,10,36,46,54,225,279
04123200,INSTITUTE OF ALLIED MEDICAL PROFESSIONS ,NY,11373-5541,Private      ,5,33,38,25,267,292
04123300,HUDSON VALLEY SCHOOL OF MASSAGE THERAPY ,NY,12493-0000,Proprietary  ,2,11,13,13,81,94
04125600,CAREER SCHOOL OF NY                     ,NY,10301-2416,Private      ,7,16,23,61,109,170
04131500,COLLECTIVE (THE)                        ,NY,10011-2026,Proprietary  ,1,1,2,7,16,23
04133700,NEW YORK MEDICAL CAREER TRAINING CENTER ,NY,11354-6504,Proprietary  ,11,48,59,68,266,334
04134000,"JOHN PAOLO'S XTREME BEAUTY INSTITUTE, GO",NY,12020-1245,Proprietary  ,8,35,43,46,200,246
04137700,ANN MARIE'S WORLD OF BEAUTY SCHOOL      ,NY,13901-2308,Proprietary  ,2,2,4,17,29,46
04138100,YESHIVA OF MACHZIKAI HADAS              ,NY,11219-1408,Private      ,26,17,43,94,112,206
04144300,INSTITUTE OF CULINARY EDUCATION         ,NY,10010-5205,Proprietary  ,47,138,185,504,1191,1695
04148000,NEW LIFE BUSINESS INSTITUTE             ,NY,11432-6149,Proprietary  ,11,69,80,29,202,231
04151200,SALON PROFESSIONAL ACADEMY (THE)        ,NY,14150-9200,Proprietary  ,5,15,20,42,101,143
04155300,ONONDAGA SCHOOL OF THERAPEUTIC MASSAGE  ,NY,13210-1533,Proprietary  ,0,3,3,61,232,293
04156000,ACADEMY OF COSMETOLOGY & ESTHETICS NYC (,NY,10306-3003,Proprietary  ,9,15,24,141,175,316
04157500,ACCESS CAREERS                          ,NY,11201-5826,Proprietary  ,3,19,22,3,19,22
04165700,"JOHN PAOLO'S XTREME BEAUTY INSTITUTE, GO",NY,12110-3053,Proprietary  ,2,12,14,12,55,67
04166000,MANHATTAN INSTITUTE (THE)               ,NY,10016-6516,Proprietary  ,8,27,35,76,161,237
04167600,FINGER LAKES SCHOOL OF MASSAGE (THE)    ,NY,14850-1384,Proprietary  ,5,24,29,58,195,253
04167601,FINGER LAKES SCHOOL OF MASSAGE (THE) -  ,NY,10549-1103,Proprietary  ,1,18,19,26,126,152
04178700,ATELIER ESTHETIQUE INSTITUTE OF ESTHETIC,NY,10016-8804,Proprietary  ,7,52,59,36,305,341
04180200,LONG ISLAND NAIL & SKIN CARE INSTITUTE  ,NY,11756-1316,Proprietary  ,2,22,24,14,117,131
04189000,LONG ISLAND BARBER INSTITUTE (THE)      ,NY,11550-6317,Proprietary  ,4,15,19,7,29,36
04190500,NEW YORK SCHOOL OF ESTHETICS & DAY SPA  ,NY,10591-3232,Proprietary  ,3,8,11,8,36,44
04192800,BE'ER YAAKOV TALMUDIC SEMINARY          ,NY,10977-1912,Private      ,6,70,76,6,151,157
04204300,AESTHETIC SCIENCE INSTITUTE (THE)       ,NY,12110-1095,Proprietary  ,0,4,4,0,4,4
00267808,BRYANT & STRATTON COLLEGE - PARMA       ,OH,44130-0000,Proprietary  ,92,305,397,738,4171,4909
00301000,ANTIOCH UNIVERSITY                      ,OH,45387-1608,Private      ,12,57,69,85,1017,1102
00301100,ART ACADEMY OF CINCINNATI               ,OH,45202-7106,Private      ,3,11,14,424,170,594
00301200,ASHLAND UNIVERSITY                      ,OH,44805-3799,Private      ,25,170,195,3994,3521,7515
00301300,ATHENAEUM OF OHIO                       ,OH,45230-2000,Private      ,0,1,1,5,10,15
00301400,BALDWIN-WALLACE COLLEGE                 ,OH,44017-2088,Private      ,24,62,86,4680,1735,6415
00301600,BLUFFTON UNIVERSITY                     ,OH,45817-2104,Private      ,18,6,24,1658,468,2126
00301800,BOWLING GREEN STATE UNIVERSITY          ,OH,43403-0001,Public       ,207,188,395,20541,7384,27925
00302300,CAPITAL UNIVERSITY                      ,OH,43209-2394,Private      ,46,118,164,4180,3199,7379
00302400,CASE WESTERN RESERVE UNIV               ,OH,44106-0000,Private      ,51,45,96,7965,1460,9425
00302401,CASE WESTERN RESERVE UNIV - MED         ,OH,44106-0000,Private      ,2,19,21,96,1215,1311
00302402,CASE WESTERN RESERVE UNIV - DENTAL      ,OH,44106-0000,Private      ,3,4,7,39,293,332
00302403,CASE WESTERN RESERVE UNIV - LAW         ,OH,44106-0000,Private      ,2,5,7,21,987,1008
00302404,CASE WESTERN RESERVE UNIV - UG          ,OH,44106-0000,Private      ,4,4,8,265,50,315
00302405,CASE WESTERN RESERVE UNIV - MSASS       ,OH,44106-0000,Private      ,0,3,3,43,548,591
00302406,CASE WESTERN RESERVE UNIV - NURS UG     ,OH,44106-0000,Private      ,1,5,6,224,209,433
00302407,CASE WESTERN RESERVE UNIV - WSOM        ,OH,44106-0000,Private      ,0,4,4,9,249,258
00302408,CASE WESTERN RESERVE UNIV -A&S GRAD     ,OH,44106-0000,Private      ,0,8,8,8,391,399
00302409,CASE WESTERN RESERVE UNIV -ENG GRAD     ,OH,44106-0000,Private      ,0,8,8,24,118,142
00302410,CASE WESTERN RESERVE UNIV -NURS GRD     ,OH,44106-0000,Private      ,1,12,13,18,467,485
00302500,CEDARVILLE UNIVERSITY                   ,OH,45314-8564,Private      ,37,13,50,4148,320,4468
00302600,CENTRAL STATE UNIVERSITY                ,OH,45384-1004,Public       ,53,61,114,3594,1870,5464
00302900,CINCINNATI CHRISTIAN UNIVERSITY         ,OH,45204-3200,Private      ,6,41,47,547,757,1304
00303000,OHIO CHRISTIAN UNIVERSITY               ,OH,43113-9487,Private      ,23,283,306,646,2874,3520
00303100,CLEVELAND INSTITUTE OF MUSIC            ,OH,44106-1776,Private      ,2,9,11,489,456,945
00303200,CLEVELAND STATE UNIVERSITY              ,OH,44115-2214,Public       ,140,500,640,9455,16022,25477
00303300,COLLEGE OF MT ST JOSEPH                 ,OH,45233-1670,Private      ,21,53,74,1845,1464,3309
00303500,OHIO DOMINICAN UNIVERSITY               ,OH,43219-2099,Private      ,34,138,172,2259,2727,4986
00303600,FRANCISCAN UNIV OF STEUBENVILLE         ,OH,43952-1763,Private      ,18,36,54,2352,769,3121
00303700,COLLEGE OF WOOSTER                      ,OH,44691-2363,Private      ,14,8,22,3126,171,3297
00303900,COLUMBUS COLLEGE OF ART AND DESIGN      ,OH,43215-1758,Private      ,16,42,58,1826,709,2535
00304000,CUYAHOGA COMMUNITY COLLEGE              ,OH,44115-2878,Public       ,374,1544,1918,11881,29921,41802
00304100,"DEFIANCE COLLEGE, THE                   ",OH,43512-1695,Private      ,7,15,22,1503,562,2065
00304200,DENISON UNIVERSITY                      ,OH,43023-1329,Private      ,12,7,19,2951,130,3081
00304300,CHANCELLOR UNIVERSITY                   ,OH,44114-0000,Proprietary  ,0,41,41,35,743,778
00304400,TRINITY LUTHERAN SEMINARY               ,OH,43209-0000,Private      ,0,5,5,0,140,140
00304500,UNIVERSITY OF FINDLAY                   ,OH,45840-3695,Private      ,16,42,58,3340,1775,5115
00304600,FRANKLIN UNIVERSITY                     ,OH,43215-5399,Private      ,35,495,530,1080,11636,12716
00304700,HEBREW UNION COLLEGE MAIN CAMPUS        ,OH,45220-0000,Private      ,0,0,0,2,94,96
00304800,HEIDELBERG UNIVERSITY                   ,OH,44883-2462,Private      ,12,9,21,1872,438,2310
00304900,HIRAM COLLEGE                           ,OH,44234-1808,Private      ,8,19,27,1783,456,2239
00305000,JOHN CARROLL UNIVERSITY                 ,OH,44118-4581,Private      ,27,31,58,4406,1131,5537
00305100,KENT STATE UNIV - KENT CAMPUS           ,OH,44242-0001,Public       ,203,354,557,23813,13032,36845
00305101,KENT STATE UNIV - GEAUGA CAMPUS         ,OH,44021-0000,Public       ,9,40,49,572,912,1484
00305102,KENT STATE UNIV - STARK CAMPUS          ,OH,44720-0000,Public       ,34,119,153,2794,3516,6310
00305103,KENT STATE UNIV - TUSCARAWAS CAMPUS     ,OH,44663-0000,Public       ,13,43,56,1079,1939,3018
00305104,KENT STATE UNIV - TRUMBULL CAMPUS       ,OH,44483-0000,Public       ,13,76,89,1051,2560,3611
00305105,KENT STATE UNIV - ASHTABULA CAMPUS      ,OH,44004-0000,Public       ,15,61,76,983,2310,3293
00305106,KENT STATE UNIV -E.LIVERPOOL CAMPUS     ,OH,43920-0000,Public       ,3,22,25,449,975,1424
00305107,KENT STATE UNIV - SALEM CAMPUS          ,OH,44460-0000,Public       ,11,43,54,948,1424,2372
00306500,KENYON COLLEGE                          ,OH,43022-9623,Private      ,17,1,18,2769,49,2818
00306600,LAKE ERIE COLLEGE                       ,OH,44077-3389,Private      ,18,30,48,1506,527,2033
00306800,LORAIN COUNTY COMMUNITY COLLEGE         ,OH,44035-1691,Public       ,141,447,588,4222,9741,13963
00306900,LOURDES COLLEGE                         ,OH,43560-2898,Private      ,21,94,115,1111,2554,3665
00307200,MALONE UNIVERSITY                       ,OH,44709-3897,Private      ,14,67,81,2163,1645,3808
00307300,MARIETTA COLLEGE                        ,OH,45750-4033,Private      ,27,15,42,2599,393,2992
00307500,METHODIST THEOLOGICAL SCH IN OHIO       ,OH,43015-0000,Private      ,0,7,7,1,218,219
00307600,MIAMI-JACOBS COLLEGE                    ,OH,45401-0000,Proprietary  ,12,93,105,134,919,1053
00307602,MIAMI - JACOBS CAREER COLLEGE - SPRINGBO,OH,45066-1115,Proprietary  ,12,42,54,120,355,475
00307603,MIAMI - JACOBS CAREER COLLEGE - TROY    ,OH,45373-3837,Proprietary  ,8,48,56,178,590,768
00307700,MIAMI UNIVERSITY                        ,OH,45056-1831,Public       ,196,224,420,20676,6815,27491
00307800,WRIGHT STATE UNIVERSITY                 ,OH,45435-0002,Public       ,171,444,615,14783,12525,27308
00308300,UNIVERSITY OF MOUNT UNION               ,OH,44601-3993,Private      ,24,17,41,3483,391,3874
00308400,MUSKINGUM UNIVERSITY                    ,OH,43762-1199,Private      ,18,61,79,2360,838,3198
00308500,NOTRE DAME COLLEGE OF OHIO              ,OH,44121-4293,Private      ,17,62,79,2277,1463,3740
00308600,OBERLIN COLLEGE                         ,OH,44074-1090,Private      ,15,6,21,5140,243,5383
00308800,OHIO COLLEGE OF PODIATRIC MEDICINE      ,OH,44131-7304,Private      ,0,7,7,2,481,483
00308900,OHIO NORTHERN UNIVERSITY                ,OH,45810-1555,Private      ,20,11,31,3824,1153,4977
00309000,OHIO STATE UNIVERSITY-ALL CAMPUSES      ,OH,43210-1358,Public       ,439,735,1174,51255,28057,79312
00310000,OHIO UNIVERSITY                         ,OH,45701-2979,Public       ,194,654,848,20796,11223,32019
00310002,"OHIO UNIVERSITY, ZANESVILLE CAMPUS      ",OH,43701-0000,Public       ,25,98,123,1181,1772,2953
00310003,"OHIO UNIVERSITY, LANCASTER CAMPUS       ",OH,43130-0000,Public       ,38,118,156,1388,2205,3593
00310004,"OHIO UNIVERSITY, SOUTHERN CAMPUS        ",OH,45638-0000,Public       ,25,149,174,936,2142,3078
00310005,"OHIO UNIVERSITY, CHILLICOTHE CAMPUS     ",OH,45601-0000,Public       ,22,165,187,1152,2664,3816
00310006,"OHIO UNIVERSITY, EASTERN CAMPUS         ",OH,43950-0000,Public       ,12,20,32,518,375,893
00310008,OHIO UNIV COLL OF OSTEOPATHIC MED       ,OH,45701-0000,Public       ,0,2,2,15,519,534
00310900,OHIO WESLEYAN UNIVERSITY                ,OH,43015-2398,Private      ,16,7,23,2906,203,3109
00311000,OTTERBEIN UNIVERSITY                    ,OH,43081-2006,Private      ,32,52,84,3990,1160,5150
00311300,PONTIFICAL COLLEGE JOSEPHINUM           ,OH,43235-1498,Private      ,0,4,4,34,28,62
00311400,FIRELANDS REGIONAL MEDICAL CENTER - SOUT,OH,44870-4788,Private      ,0,3,3,69,173,242
00311500,RABBINICAL COLLEGE OF TELSHE            ,OH,44092-2584,Private      ,2,1,3,13,17,30
00311600,UNIV OF RIO GRANDE                      ,OH,45674-3131,Private      ,23,79,102,1606,2213,3819
00311900,SINCLAIR COMMUNITY COLLEGE              ,OH,45402-1460,Public       ,322,1563,1885,9455,24359,33814
00312100,TIFFIN UNIVERSITY                       ,OH,44883-2161,Private      ,80,613,693,3235,8564,11799
00312200,UNITED THEOLOGICAL SEMINARY             ,OH,45406-0000,Private      ,0,41,41,1,524,525
00312300,UNIVERSITY OF AKRON                     ,OH,44325-6211,Public       ,187,357,544,21612,16671,38283
00312500,UNIVERSITY OF CINCINNATI                ,OH,45221-0125,Public       ,358,998,1356,27581,25152,52733
00312504,UNIVERSITY OF CINCINNATI - MEDICINE     ,OH,45267-0553,Public       ,10,33,43,347,1480,1827
00312700,UNIVERSITY OF DAYTON                    ,OH,45469-0002,Private      ,71,158,229,11303,3915,15218
00313100,UNIVERSITY OF TOLEDO                    ,OH,43606-3390,Public       ,199,273,472,18634,12230,30864
00313300,URBANA UNIVERSITY                       ,OH,43078-2091,Private      ,8,28,36,981,791,1772
00313400,URSULINE COLLEGE                        ,OH,44124-4398,Private      ,5,53,58,659,1523,2182
00313500,WALSH UNIVERSITY                        ,OH,44720-3396,Private      ,13,54,67,2604,1352,3956
00314100,WILBERFORCE UNIVERSITY                  ,OH,45384-1001,Private      ,20,7,27,912,547,1459
00314200,WILMINGTON COLLEGE                      ,OH,45177-2499,Private      ,19,26,45,1757,669,2426
00314300,WITTENBERG UNIVERSITY                   ,OH,45501-2199,Private      ,19,14,33,3594,380,3974
00314400,XAVIER UNIVERSITY                       ,OH,45207-1035,Private      ,59,113,172,7335,3594,10929
00314500,YOUNGSTOWN STATE UNIVERSITY             ,OH,44555-0001,Public       ,107,215,322,9952,8878,18830
00398200,CLEVELAND INSTITUTE OF ART              ,OH,44106-1700,Private      ,12,15,27,988,281,1269
00406000,WINEBRENNER THEOLOGICAL SEMINARY        ,OH,45840-0000,Private      ,0,3,3,2,64,66
00485200,CLARK STATE COMMUNITY COLLEGE           ,OH,45505-4795,Public       ,78,477,555,2034,7013,9047
00485300,BRADFORD SCHOOL                         ,OH,43219-0000,Proprietary  ,24,73,97,753,713,1466
00485500,DAVIS COLLEGE                           ,OH,43623-4307,Proprietary  ,11,62,73,140,918,1058
00486100,UNIVERSITY OF NORTHWESTERN OHIO         ,OH,45805-1498,Private      ,158,151,309,4564,2401,6965
00486600,STAUTZENBERGER COLLEGE                  ,OH,43537-4007,Proprietary  ,26,129,155,476,1890,2366
00510200,SCH OF DIAGNOSTIC IMAGING-CLEVELAND     ,OH,44119-0000,Private      ,0,3,3,7,64,71
00531300,NORTH CENTRAL STATE COLLEGE             ,OH,44901-0000,Public       ,35,190,225,1411,3577,4988
00575300,OWENS STATE COMMUNITY COLLEGE           ,OH,43699-0000,Public       ,162,520,682,6187,14436,20623
00648700,AULTMAN COLLEGE OF NURSING AND HEALTH SC,OH,44710-1799,Private      ,3,13,16,145,503,648
00648900,CHRIST COLLEGE OF NURSING AND HEALTH SCI,OH,45219-2906,Private      ,4,37,41,211,553,764
00649400,GOOD SAMARITAN COLG-NURSING/HEALTH      ,OH,45220-2489,Private      ,2,32,34,205,531,736
00649800,MERIDIA HURON SCHOOL OF NURSING         ,OH,44112-4308,Private      ,0,0,0,13,76,89
00650700,TRINIT HEALTH SYSTEM SCH OF NURSING     ,OH,43952-2667,Private      ,0,3,3,37,129,166
00680400,LAKELAND COMMUNITY COLLEGE              ,OH,44094-5198,Public       ,89,321,410,3334,7602,10936
00686700,COLUMBUS STATE COMMUNITY COLLEGE        ,OH,43215-1786,Public       ,535,2459,2994,14521,35454,49975
00703500,KETTERING COLLEGE OF MEDICAL ARTS       ,OH,45429-1299,Private      ,10,50,60,606,1134,1740
00708500,MOUNT VERNON NAZARENE UNIVERSITY        ,OH,43050-9500,Private      ,9,48,57,1591,820,2411
00708501,MOUNT VERNON NAZARENE UNIV - AGS        ,OH,43050-0000,Private      ,2,96,98,159,992,1151
00727500,EASTERN GATEWAY COMMUNITY COLLEGE       ,OH,43952-3598,Public       ,37,153,190,937,2252,3189
00732920,ITT TECHNICAL INSTITUTE                 ,OH,45414-3456,Proprietary  ,53,191,244,488,1978,2466
00732992,ITT TECHNICAL INSTITUTE                 ,OH,44509-4098,Proprietary  ,50,177,227,583,1852,2435
00747300,CHOFFIN CAREER & TECHNICAL CENTER       ,OH,44503-1628,Public       ,2,18,20,76,351,427
00759800,HOCKING TECHNICAL COLLEGE               ,OH,45764-9582,Public       ,103,295,398,3956,4749,8705
00777700,REMINGTON COLLEGE - CLEVELAND CAMPUS    ,OH,44125-1957,Private      ,83,293,376,545,2427,2972
00777704,REMINGTON COLLEGE-CLEVELAND WEST CAMPUS ,OH,44070-3129,Private      ,20,68,88,127,515,642
00812900,ADULT AND COMMUNITY EDUCATION @ HUDSON  ,OH,43211-2017,Public       ,5,35,40,52,529,581
00813200,TOLEDO SCHOOL OF PRACTICAL NURSING      ,OH,43613-5110,Public       ,8,39,47,110,458,568
00813300,ZANE STATE COLLEGE                      ,OH,43701-2626,Public       ,45,225,270,1343,3202,4545
00819400,AKRON SCHOOL OF PRACTICAL NRSG          ,OH,44311-0000,Public       ,2,12,14,127,346,473
00827800,TERRA COMMUNITY COLLEGE                 ,OH,43420-9670,Public       ,22,177,199,1037,3091,4128
00867700,NORTHWEST STATE COMMUNITY COLLEGE       ,OH,43502-9542,Public       ,12,73,85,1063,3006,4069
00888600,PORTAGE LAKES CAREER CENTER             ,OH,44685-9554,Public       ,0,4,4,24,140,164
00908803,ITT TECHNICAL INSTITUTE                 ,OH,44136-1758,Proprietary  ,0,0,0,0,1,1
00915600,WAYNE COUNTY SCHOOLS CAREER CENTER      ,OH,44677-9672,Public       ,1,17,18,50,250,300
00917200,SPRINGFIELD REGIONAL SCHOOL OF NURSING  ,OH,45501-0000,Private      ,1,11,12,17,92,109
00941200,FORTIS COLLEGE                          ,OH,44221-2998,Proprietary  ,39,159,198,358,1668,2026
00953000,GERBER AKRON BEAUTY SCHOOL              ,OH,44313-6995,Proprietary  ,1,13,14,32,144,176
00953100,SPA SCHOOL (THE)                        ,OH,43214-1524,Proprietary  ,7,38,45,60,281,341
00966000,TIFFIN ACADEMY OF HAIR DESIGN           ,OH,44883-2833,Proprietary  ,2,6,8,52,105,157
00994100,BELMONT TECHNICAL COLLEGE               ,OH,43950-9766,Public       ,30,102,132,972,2157,3129
00994200,SHAWNEE STATE UNIVERSITY                ,OH,45662-4344,Public       ,49,82,131,4654,3015,7669
01001700,PAYNE THEOLOGICAL SEMINARY              ,OH,45384-0474,Private      ,0,9,9,0,161,161
01002700,JAMES A. RHODES STATE COLLEGE           ,OH,45804-3597,Public       ,31,191,222,1813,3975,5788
01016800,NATIONWIDE BEAUTY ACADEMY               ,OH,43228-1000,Proprietary  ,4,25,29,102,258,360
01028000,OHIO STATE BEAUTY ACADEMY               ,OH,45801-4950,Proprietary  ,8,22,30,100,214,314
01032300,HANNAH E MULLINS SCH-PRAC NRSG          ,OH,44460-2906,Public       ,2,6,8,33,150,183
01034500,CINCINNATI STATE TECH & COMM CLG        ,OH,45223-2690,Public       ,218,1074,1292,5707,14910,20617
01045300,WASHINGTON STATE CMTY COLLEGE           ,OH,45750-9225,Public       ,34,134,168,1060,1935,2995
01063000,NORTHERN INSTITUTE OF COSMETOLOGY       ,OH,44052-1803,Proprietary  ,1,6,7,8,64,72
01073600,MARION TECHNICAL COLLEGE                ,OH,43302-5694,Public       ,21,135,156,930,2609,3539
01088000,CHATFIELD COLLEGE                       ,OH,45118-9705,Private      ,4,47,51,85,490,575
01088100,STARK STATE COLLEGE OF TECHNOLOGY       ,OH,44720-7299,Public       ,115,495,610,4373,14768,19141
01090600,CINCINNATI CLG OF MORTUARY SCIENCE      ,OH,45224-1428,Private      ,6,15,21,110,239,349
01092300,UNION INSTITUTE & UNIVERSITY            ,OH,45206-1925,Private      ,2,169,171,40,2126,2166
01099300,HOBART INSTITUTE OF WELDING TECHNOLOGY  ,OH,45373-2400,Private      ,18,40,58,270,325,595
01100500,KAPLAN COLLEGE                          ,OH,43232-4827,Proprietary  ,24,165,189,195,1479,1674
01104600,CENTRAL OHIO TECHNICAL COLLEGE          ,OH,43055-1767,Public       ,66,350,416,1751,5712,7463
01170300,PENTA COUNTY JOINT VOCATIONAL SCH       ,OH,43551-0000,Public       ,0,2,2,18,136,154
01174400,NATIONAL BEAUTY COLLEGE                 ,OH,44720-0000,Proprietary  ,1,11,12,37,175,212
01174500,OHIO TECHNICAL COLLEGE                  ,OH,44103-1228,Proprietary  ,38,70,108,1578,1057,2635
01182500,OHIO STATE SCHOOL OF COSMETOLOGY        ,OH,43224-1107,Proprietary  ,3,36,39,62,242,304
01212800,SOUTHWESTERN COLLEGE                    ,OH,45402-3003,Proprietary  ,16,104,120,125,1088,1213
01212802,SOUTHWESTERN COLLEGE                    ,OH,45005-2267,Proprietary  ,6,39,45,55,381,436
01212803,SOUTHWESTERN COLLEGE                    ,OH,45202-4304,Proprietary  ,15,108,123,75,810,885
01212804,SOUTHWESTERN COLLEGE                    ,OH,45246-3121,Proprietary  ,22,128,150,175,1111,1286
01212806,LINCOLN COLLEGE OF TECHNOLOGY - TOLEDO  ,OH,43615-6800,Proprietary  ,22,82,104,100,755,855
01212807,LINCOLN COLLEGE OF TECHNOLOGY - COLUMBUS,OH,43215-3602,Proprietary  ,2,28,30,17,112,129
01212808,LINCOLN COLLEGE OF TECHNOLOGY - CLEVELAN,OH,44114-3266,Proprietary  ,6,50,56,16,131,147
01216600,CAROUSEL BEAUTY COLLEGE                 ,OH,45402-8935,Proprietary  ,12,30,42,87,274,361
01224800,CENTRAL SCHOOL OF PRACTICAL NURSING     ,OH,44103-4371,Private      ,8,44,52,75,473,548
01267200,CAROUSEL BEAUTY COLLEGE                 ,OH,45044-5113,Proprietary  ,2,11,13,15,46,61
01267400,CAROUSEL OF MIAMI VALLEY BEAUTY CLG     ,OH,45424-2063,Proprietary  ,0,3,3,3,19,22
01275000,EDISON COMMUNITY COLLEGE                ,OH,45356-9239,Public       ,16,109,125,1156,2936,4092
01283800,LAURA AND ALVIN SIEGAL COLLEGE OF JUDAIC,OH,44122-7197,Private      ,0,1,1,2,6,8
01284800,MOLER-HOLLYWOOD BEAUTY COLLEGE          ,OH,45202-2577,Proprietary  ,3,32,35,24,140,164
01287000,SOUTHERN STATE COMMUNITY COLLEGE        ,OH,45133-9406,Public       ,39,206,245,1311,3450,4761
01289100,ANTONELLI COLLEGE                       ,OH,45202-2592,Proprietary  ,12,83,95,182,669,851
01289600,VIRGINIA MARTI COLLEGE OF ART AND DESIGN,OH,44107-0778,Proprietary  ,7,10,17,188,228,416
01313200,INTERNATIONAL CLG OF BROADCASTING       ,OH,45431-1898,Proprietary  ,2,17,19,50,137,187
02052000,KAPLAN COLLEGE                          ,OH,45439-1984,Proprietary  ,21,208,229,230,1357,1587
02054300,TRUMBULL BUSINESS COLLEGE               ,OH,44484-0000,Proprietary  ,6,37,43,45,521,566
02056800,DAYMAR COLLEGE                          ,OH,45601-1038,Proprietary  ,4,40,44,68,545,613
02056802,DAYMAR COLLEGE - LANCASTER              ,OH,43130-0000,Proprietary  ,3,24,27,33,296,329
02056803,DAYMAR COLLEGE - NEW BOSTON             ,OH,45662-4900,Proprietary  ,4,30,34,41,330,371
02056804,DAYMAR COLLEGE - JACKSON                ,OH,45640-1728,Proprietary  ,2,31,33,41,338,379
02066100,OHIO STATE COLLEGE/BARBER STYLING       ,OH,43213-0000,Proprietary  ,9,40,49,84,264,348
02073300,GALLIA-JACKSON-VINTON SCH ADULT ED      ,OH,45674-0000,Public       ,0,5,5,62,246,308
02110700,CLEVELAND INST OF DENTAL-MED ASST       ,OH,44115-2285,Proprietary  ,19,82,101,141,641,782
02116009,SANFORD-BROWN COLLEGE - MIDDLEBURG HEIGH,OH,44130-8362,Proprietary  ,15,70,85,252,1322,1574
02116900,UPPER VALLEY JVS                        ,OH,45356-0000,Public       ,1,8,9,24,228,252
02117300,GREAT OAKS INSTITUTE OF TECHNOLOGY      ,OH,45241-1581,Public       ,17,65,82,209,867,1076
02128600,THE ART INSTITUTE OF CINCINNATI         ,OH,45246-0000,Proprietary  ,20,20,40,425,290,715
02140700,COMMUNITY EDUCATIONAL SERVICES          ,OH,44702-1710,Public       ,0,5,5,22,245,267
02152100,ACADEMY OF COURT REPORTING AND TECHNOLOG,OH,44115-0000,Proprietary  ,9,43,52,69,548,617
02152101,ACADEMY OF COURT REPORTING & TECHNOLOGY ,OH,43215-3902,Proprietary  ,5,37,42,101,577,678
02152106,ACADEMY OF COURT REPORTING AND TECHNOLOG,OH,45241-5428,Proprietary  ,2,24,26,42,228,270
02158500,OHIO BUSINESS COLLEGE                   ,OH,44035-0701,Proprietary  ,7,81,88,116,807,923
02158501,OHIO BUSINESS COLLEGE                   ,OH,44870-9953,Proprietary  ,4,48,52,79,683,762
02158503,OHIO BUSINESS COLLEGE - COLUMBUS        ,OH,43229-3523,Proprietary  ,2,2,4,2,2,4
02168100,TRI-COUNTY JOINT VOCATIONAL SCHOOL      ,OH,45764-0000,Public       ,6,34,40,44,208,252
02187900,ASHTABULA CO JOINT VOC SCH ADULT ED     ,OH,44047-0000,Public       ,2,8,10,40,233,273
02189000,ADULT CENTER FOR EDUCATION              ,OH,43701-0000,Public       ,5,40,45,87,469,556
02190700,FORTIS COLLEGE                          ,OH,45459-0000,Proprietary  ,67,439,506,540,4216,4756
02192100,BUTLER TECHNOLOGY AND CAREER DEVELOPMENT,OH,45011-0000,Public       ,11,65,76,220,823,1043
02196300,COLLINS CAREER CENTER                   ,OH,45619-0000,Public       ,6,27,33,196,714,910
02210800,MEDINA COUNTY CAREER CENTER             ,OH,44256-0000,Public       ,2,13,15,44,161,205
02215400,OHIO STATE SCHOOL OF COSMETOLOGY        ,OH,43207-0000,Proprietary  ,1,12,13,87,219,306
02220500,GOD'S BIBLE SCHOOL & COLLEGE            ,OH,45210-0000,Private      ,4,5,9,191,90,281
02220800,CAREER & TECHNOLOGY EDUCATION CENTERS OF,OH,43055-0000,Public       ,7,52,59,65,389,454
02239800,PIONEER CAREER & TECHNOLOGY CENTER      ,OH,44875-0000,Public       ,1,5,6,9,99,108
02245600,WARREN COUNTY CAREER CENTER             ,OH,45036-0000,Public       ,5,60,65,84,432,516
02246300,INSTITUTE OF MEDICAL-DENTAL TECH        ,OH,45246-3317,Proprietary  ,6,76,82,49,264,313
02263700,MIAMI VALLEY CAREER TECHNOLOGY CTR      ,OH,45315-0000,Public       ,7,38,45,110,551,661
02269400,EASTERN HILLS ACAD OF HAIR DESIGN       ,OH,45255-0000,Proprietary  ,1,14,15,28,122,150
02269500,WESTERN HILLS SCHOOL OF BEAUTY & HAIR DE,OH,45211-0000,Proprietary  ,7,38,45,61,317,378
02270100,OHIO HI-POINT CAREER CENTER             ,OH,43311-0000,Public       ,1,15,16,48,301,349
02272700,COLUMBIANA COUNTY CAREER CENTER         ,OH,44432-0000,Public       ,5,38,43,46,317,363
02287900,RAPHAEL'S SCHOOL OF BEAUTY CULTURE      ,OH,44446-0000,Proprietary  ,5,41,46,65,231,296
02289802,KAPLAN COLLEGE                          ,OH,45203-0000,Proprietary  ,21,129,150,142,987,1129
02301400,OHIO VALLEY COLLEGE OF TECHNOLOGY       ,OH,43920-9139,Proprietary  ,4,16,20,134,256,390
02303600,FORTIS COLLEGE - RAVENNA CAMPUS         ,OH,44266-0000,Proprietary  ,9,81,90,137,641,778
02304700,TRI-RIVERS CAREER CENTER                ,OH,43302-0000,Public       ,1,25,26,44,287,331
02311200,AMERICAN SCHOOL OF TECHNOLOGY           ,OH,43229-0000,Proprietary  ,13,87,100,84,708,792
02315500,TOLEDO ACADEMY OF BEAUTY CULTURE - EAST ,OH,43616-0000,Proprietary  ,2,17,19,34,165,199
02324400,ALLSTATE HAIRSTYLING & BARBER CLG       ,OH,44113-0000,Proprietary  ,4,15,19,76,358,434
02328500,MOLER-PICKENS BEAUTY COLLEGE            ,OH,45014-0000,Proprietary  ,4,15,19,18,102,120
02334300,INTERNATIONAL ACAD OF HAIR DESIGN       ,OH,45239-0000,Proprietary  ,10,39,49,105,236,341
02336300,KNOX COUNTY CAREER CENTER               ,OH,43050-4298,Public       ,5,18,23,68,358,426
02336700,CUYAHOGA VALLEY CAREER CENTER           ,OH,44141-1296,Public       ,1,10,11,55,289,344
02337700,PROFESSIONAL SKILLS INSTITUTE           ,OH,43607-0000,Proprietary  ,8,44,52,126,833,959
02351500,WILLOUGHBY EASTLAKE SCH OF PRAC NSG     ,OH,44094-0000,Public       ,1,5,6,18,113,131
02352800,POLARIS CAREER CENTER-ADULT ED DEPT     ,OH,44130-0000,Public       ,5,31,36,108,447,555
02354200,SCIOTO COUNTY JOINT VOCATIONAL SCH      ,OH,45648-0000,Public       ,5,38,43,86,364,450
02454400,NORTHEASTERN OHIO UNIVS COL OF MED      ,OH,44272-0000,Public       ,1,3,4,130,836,966
02497800,GREENE COUNTY CAREER CENTER             ,OH,45385-0000,Public       ,2,23,25,27,211,238
02512600,ADULT VOCATIONAL SERVICES               ,OH,44308-0000,Public       ,1,8,9,14,106,120
02519300,OHIO STATE SCH COSMETOLOGY              ,OH,43110-2754,Proprietary  ,2,29,31,85,238,323
02522700,EASTLAND-FAIRFIELD CAREER AND TECHNICAL ,OH,43125-0000,Public       ,4,39,43,42,327,369
02528300,TDDS TECHNICAL INSTITUTE                ,OH,44429-0000,Proprietary  ,11,135,146,110,831,941
02529500,HAMRICK SCHOOL                          ,OH,44256-0000,Proprietary  ,5,55,60,19,276,295
02541400,TOLEDO ACADEMY OF BEAUTY CULTURE-SO     ,OH,43614-0000,Proprietary  ,5,22,27,58,241,299
02545800,INNER STATE BEAUTY SCHOOLS              ,OH,44124-0000,Proprietary  ,4,32,36,63,264,327
02553000,SCHOOL OF ADVERTISING ART               ,OH,45440-0000,Proprietary  ,3,1,4,195,37,232
02560000,CASAL AVEDA INSTITUTE                   ,OH,44515-0000,Proprietary  ,12,24,36,101,173,274
02560700,PICKAWAY ROSS CO JOINT VOC TECH SCH     ,OH,45601-0000,Public       ,2,14,16,79,384,463
02560701,PICKAWAY ROSS COUNTY JOINT VOCATIONAL SC,OH,45601-9010,Public       ,0,3,3,27,119,146
02562300,APOLLO CAREER CENTER-ADULT EDUC         ,OH,45806-0000,Public       ,5,60,65,86,642,728
02563000,RAPHAELS SCHOOL OF BEAUTY CULTURE       ,OH,44601-2847,Proprietary  ,5,21,26,39,146,185
02568600,MAHONING COUNTY CAREER & TECH CENTR     ,OH,44406-0000,Public       ,2,7,9,16,88,104
02582900,KAPLAN CAREER INSTITUTE                 ,OH,44129-6810,Proprietary  ,20,85,105,107,687,794
02586400,TRUMBULL CAREER & TECH CENTER-ADULT     ,OH,44483-1997,Public       ,2,25,27,62,339,401
02588500,OHIO STATE SCHOOL OF COSMETOLOGY        ,OH,43081-0000,Proprietary  ,4,25,29,112,242,354
02599711,VATTEROTT COLLEGE - CLEVELAND           ,OH,44147-3502,Proprietary  ,3,43,46,53,521,574
02603800,LORAIN COUNTY JVS ADULT CAREER CTR      ,OH,44074-9799,Public       ,1,9,10,81,301,382
02611007,HERITAGE COLLEGE - COLUMBUS             ,OH,43213-4440,Proprietary  ,20,109,129,74,466,540
02620000,SANDUSKY CAREER CENTER                  ,OH,44870-4786,Public       ,0,7,7,29,179,208
03007900,GALLIPOLIS CAREER COLLEGE               ,OH,45631-2600,Proprietary  ,3,27,30,27,263,290
03009702,"HARRISON COLLEGE - MUNCIE - COLUMBUS, OH",OH,43123-0000,Proprietary  ,13,41,54,110,380,490
03015100,ALLIANCE HIGH SCH-CMTY SERVICES DIV     ,OH,44601-2899,Public       ,1,24,25,31,137,168
03015300,EHOVE CAREER CENTER                     ,OH,44846-9500,Public       ,3,25,28,85,503,588
03023700,MADISON ADULT CAREER CENTER             ,OH,44905-2718,Public       ,2,27,29,33,296,329
03024300,VALLEY BEAUTY SCHOOL                    ,OH,43725-2332,Proprietary  ,2,3,5,42,95,137
03027100,FAIRVIEW ACADEMY                        ,OH,44126-2214,Proprietary  ,0,8,8,7,72,79
03034200,WASHINGTON COUNTY CAREER CENTER ADULT TE,OH,45750-9290,Public       ,7,22,29,81,459,540
03051400,AUBURN CAREER CENTER                    ,OH,44077-9723,Public       ,2,16,18,33,164,197
03051500,US GRANT JOINT VOCATIONAL SCHOOL        ,OH,45106-9502,Public       ,0,1,1,2,28,30
03065900,BUCKEYE CAREER CENTER                   ,OH,44663-9437,Public       ,0,7,7,74,254,328
03067600,RAPHAEL'S SCHOOL OF BEAUTY CULTURE      ,OH,44512-2222,Proprietary  ,4,20,24,31,110,141
03068200,OHIO CENTER FOR BROADCASTING            ,OH,44125-6273,Proprietary  ,4,37,41,69,291,360
03068202,OHIO CENTER FOR BROADCASTING - COLUMBUS ,OH,43213-2571,Proprietary  ,5,24,29,79,253,332
03071900,MOUNT CARMEL COLLEGE OF NURSING         ,OH,43222-1598,Private      ,23,63,86,812,1047,1859
03072303,EVEREST INSTITUTE - COLUMBUS            ,OH,43230-6653,Proprietary  ,12,163,175,143,991,1134
03078000,OHIO CENTER FOR BROADCASTING            ,OH,45227-1509,Proprietary  ,3,13,16,34,127,161
03079000,ETI TECHNICAL COLLEGE                   ,OH,44446-4398,Proprietary  ,3,22,25,97,359,456
03084800,DELAWARE AREA CAREER CENTER             ,OH,43015-8969,Public       ,0,7,7,8,60,68
03084801,DELAWARE AREA CAREER CENTER -           ,OH,43015-9001,Public       ,1,5,6,3,34,37
03095600,VANTAGE CAREER CENTER                   ,OH,45891-1378,Public       ,0,6,6,28,141,169
03097000,MERCY COLLEGE OF NORTHWEST OHIO         ,OH,43604-1132,Private      ,9,40,49,557,1441,1998
03100100,PARAMOUNT BEAUTY ACADEMY                ,OH,45662-4136,Proprietary  ,3,21,24,49,162,211
03116200,DAYTON BARBER COLLEGE                   ,OH,45342-0000,Proprietary  ,0,13,13,23,128,151
03116300,OHIO COLLEGE OF MASSOTHERAPY            ,OH,44321-1363,Private      ,2,17,19,41,222,263
03116400,VANGUARD-SENTINELL VOC SCH DISTRICT     ,OH,43420-1197,Public       ,0,1,1,7,62,69
03117000,ASHLAND COUNTY-W HOLMES CAREER CTR      ,OH,44805-0000,Public       ,0,13,13,34,187,221
03319300,CREATIVE IMAGES-A CERTIFIED MATRIX      ,OH,45414-2557,Proprietary  ,6,33,39,81,271,352
03319301,CREATIVE IMAGES-A CERTIFIED MATRIX      ,OH,45459-0000,Proprietary  ,5,14,19,71,216,287
03416400,VALLEY BEAUTY SCHOOL                    ,OH,43701-3624,Proprietary  ,1,6,7,16,76,92
03425300,ROSEDALE BIBLE COLLEGE                  ,OH,43029-9517,Private      ,0,0,0,58,15,73
03457300,ALLEGHENY WESLEYAN COLLEGE              ,OH,44460-9598,Private      ,1,3,4,35,38,73
03468400,NATIONAL INSTITUTE OF MASSOTHERAPY      ,OH,44319-2100,Proprietary  ,0,13,13,15,120,135
03468500,ATS INSTITUTE OF TECHNOLOGY             ,OH,44143-2216,Proprietary  ,3,59,62,45,879,924
03475400,TRI-STATE BIBLE COLLEGE                 ,OH,45680-8402,Private      ,1,7,8,10,70,80
03534400,AMERICAN INST OF ALTERNATIVE MEDICI     ,OH,43229-1113,Proprietary  ,9,63,72,65,615,680
03626300,BROWN AVEDA INSTITUTE                   ,OH,44060-6212,Proprietary  ,9,37,46,207,348,555
03693300,CARNEGIE CAREER COLLEGE                 ,OH,44260-9608,Private      ,0,6,6,26,456,482
03700300,REGENCY BEAUTY INSTITUTE - CLEVELAND    ,OH,44094-0000,Proprietary  ,3,43,46,101,338,439
03726300,TEMPLE BAPTIST COLLEGE                  ,OH,45240-0000,Private      ,8,14,22,75,88,163
03747300,BEXLEY HALL SEMINARY                    ,OH,43209-2325,Private      ,0,2,2,0,32,32
03776400,HEALING ARTS INSTITUTE                  ,OH,43551-3138,Proprietary  ,2,11,13,16,73,89
03837300,AVEDA FREDRIC'S INSTITUTE               ,OH,45208-1304,Proprietary  ,12,25,37,186,329,515
03882300,OREGON CAREER CENTER                    ,OH,43616-2631,Public       ,1,9,10,12,76,88
04050400,DESIGNER'S BEAUTY ACADEMY               ,OH,43920-0000,Proprietary  ,0,0,0,5,7,12
04051307,ART INSTITUTE OF PHOENIX (THE) - BROWN M,OH,45215-1107,Proprietary  ,58,225,283,626,2984,3610
04051308,ART INSTITUTE OF PHOENIX (THE) - BROWN M,OH,44320-4420,Proprietary  ,22,91,113,85,406,491
04051317,ART INSTITUTE OF PHOENIX (THE) - BROWN M,OH,45840-6848,Proprietary  ,66,353,419,628,2816,3444
04051326,ART INSTITUTE OF PHOENIX (THE) - BROWN M,OH,44718-3674,Proprietary  ,23,109,132,99,547,646
04068300,FOUR COUNTY CAREER CENTER               ,OH,43512-9541,Public       ,0,5,5,12,77,89
04074300,HONDROS COLLEGE                         ,OH,43081-3855,Proprietary  ,29,207,236,339,2477,2816
04116700,NEWLIFE TECHNICAL INSTITUTE             ,OH,43920-2920,Private      ,0,0,0,6,19,25
04117300,DAYTON SCHOOL OF MEDICAL MASSAGE        ,OH,45429-1111,Proprietary  ,29,113,142,209,743,952
04118300,NORTHCOAST MEDICAL TRAINING ACADEMY     ,OH,44240-4174,Proprietary  ,5,24,29,84,274,358
04124500,TECHSKILLS                              ,OH,43231-0000,Proprietary  ,2,15,17,23,252,275
04125700,CUT BEAUTY SCHOOL (THE)                 ,OH,44118-2918,Proprietary  ,7,23,30,59,280,339
04126000,OHIO ACADEMY PAUL MITCHELL PARTNER SCHOO,OH,44087-3107,Proprietary  ,12,21,33,118,191,309
04137800,AVEDA INSTITUTE COLUMBUS                ,OH,43201-2333,Proprietary  ,22,55,77,207,367,574
04138000,INSTITUTE OF THERAPEUTIC MASSAGE        ,OH,45875-0350,Proprietary  ,3,6,9,24,73,97
04140100,CISORIA ACADEMY OF COSMETOLOGY          ,OH,44137-2915,Proprietary  ,0,0,0,23,78,101
04149100,CINCINNATI ACADEMY A PAUL MITCHELL PARTN,OH,45241-1702,Proprietary  ,18,31,49,168,266,434
04151400,VANITY SCHOOL OF COSMETOLOGY            ,OH,44035-0000,Proprietary  ,1,8,9,20,44,64
04152100,TOLEDO RESTAURANT TRAINING CENTER       ,OH,43604-6508,Private      ,2,11,13,7,73,80
04152600,PIKE COUNTY CAREER TECHNOLOGY CENTER    ,OH,45661-9114,Public       ,0,3,3,20,124,144
04153300,OHIO ACADEMY COLUMBUS (THE)             ,OH,43231-6038,Proprietary  ,11,23,34,115,188,303
04154000,TOLLES CAREER & TECHNICAL CENTER        ,OH,43064-8854,Public       ,0,1,1,11,42,53
04166800,SALON PROFESSIONAL ACADEMY (THE)        ,OH,45551-0000,Proprietary  ,3,7,10,61,115,176
04167700,ARTISAN COLLEGE OF COSMETOLOGY (THE)    ,OH,45840-6848,Proprietary  ,3,13,16,34,81,115
04185900,ELITE SCHOOL OF COSMETOLOGY             ,OH,44857-2714,Proprietary  ,1,5,6,9,42,51
04189100,TONI & GUY HAIRDRESSING ACADEMY         ,OH,43615-1731,Proprietary  ,7,7,14,45,58,103
04192200,ATHENA CAREER ACADEMY                   ,OH,43560-2796,Proprietary  ,1,23,24,12,67,79
        ,INVALID SCHOOL CODE                     ,  ,00000-0000,,355,1089,1444,3836,9500,13336
00134500,ADAMS STATE COLLEGE                     ,CO,81102-2373,Public       ,45,139,184,2786,2656,5442
00134600,ARAPAHOE COMMUNITY COLLEGE              ,CO,80160-9002,Public       ,140,497,637,3025,8211,11236
00134700,COLORADO COLLEGE                        ,CO,80903-3294,Private      ,33,60,93,3036,826,3862
00134800,COLORADO SCHOOL OF MINES                ,CO,80401-1887,Public       ,48,44,92,5791,1437,7228
00134900,UNIVERSITY OF NORTHERN COLORADO         ,CO,80639-0001,Public       ,101,199,300,10862,5487,16349
00135000,COLORADO STATE UNIVERSITY               ,CO,80523-0100,Public       ,306,517,823,24191,12871,37062
00135200,DENVER  SEMINARY                        ,CO,80120-2192,Private      ,1,23,24,3,791,794
00135300,FORT LEWIS COLLEGE                      ,CO,81301-3999,Public       ,67,51,118,4142,1722,5864
00135400,ILIFF SCHOOL OF THEOLOGY                ,CO,80210-0000,Private      ,1,15,16,5,366,371
00135500,LAMAR COMMUNITY COLLEGE                 ,CO,81052-3999,Public       ,13,56,69,397,443,840
00135800,MESA STATE COLLEGE                      ,CO,81501-3122,Public       ,132,217,349,6747,4653,11400
00135900,COLORADO NORTHWESTERN COMMUNITY COLLEGE ,CO,81648-3598,Public       ,11,35,46,390,548,938
00136000,METROPOLITAN STATE CLG OF DENVER        ,CO,80204-0000,Public       ,311,738,1049,12249,19427,31676
00136100,NORTHEASTERN JUNIOR COLLEGE             ,CO,80751-2399,Public       ,19,45,64,1408,716,2124
00136200,OTERO JUNIOR COLLEGE                    ,CO,81050-3346,Public       ,21,71,92,692,987,1679
00136300,REGIS UNIVERSITY                        ,CO,80221-1099,Private      ,38,538,576,3200,10446,13646
00136500,COLORADO STATE UNIVERSITY-PUEBLO        ,CO,81001-4901,Public       ,90,365,455,5230,5660,10890
00136800,TRINIDAD STATE JR COLLEGE               ,CO,81082-2396,Public       ,36,146,182,717,1445,2162
00137000,UNIVERSITY OF COLORADO-BOULDER          ,CO,80309-0077,Public       ,336,295,631,24108,10650,34758
00137100,UNIVERSITY OF DENVER                    ,CO,80208-2000,Private      ,77,369,446,7740,10233,17973
00137200,WESTERN STATE COLLEGE                   ,CO,81231-0000,Public       ,24,21,45,2130,689,2819
00405702,NATIONAL AMERICAN UNIVERSITY - COLORADO ,CO,80920-4001,Proprietary  ,0,34,34,29,365,394
00405703,NATIONAL AMERICAN UNIVERSITY            ,CO,80222-0000,Proprietary  ,1,18,19,40,331,371
00450300,EVEREST COLLEGE                         ,CO,80916-3548,Proprietary  ,25,132,157,176,1207,1383
00450600,COLORADO MOUNTAIN COLLEGE               ,CO,81602-0000,Public       ,43,122,165,1612,2030,3642
00450700,EVEREST COLLEGE                         ,CO,80229-4339,Proprietary  ,29,118,147,157,803,960
00450701,"EVEREST COLLEGE- EVEREST COLLEGE, AURORA",CO,80012-5692,Proprietary  ,17,115,132,161,850,1011
00450800,UNIVERSITY OF COLORADO DENVER           ,CO,80204-2029,Public       ,149,623,772,7489,16109,23598
00450900,UNIV OF COLORADO AT COLO SPRINGS        ,CO,80918-3735,Public       ,159,322,481,6611,5962,12573
00559600,EMILY GRIFFITH OPPORTUNITY SCH          ,CO,80204-2197,Public       ,53,336,389,590,2758,3348
00729700,REDSTONE COLLEGE                        ,CO,80020-9988,Proprietary  ,41,138,179,385,1286,1671
00732912,ITT TECHNICAL INSTITUTE                 ,CO,80229-5338,Proprietary  ,37,190,227,403,1792,2195
00754700,LINCOLN COLLEGE OF TECHNOLOGY           ,CO,80223-0000,Proprietary  ,131,187,318,1089,1269,2358
00754800,WESTWOOD COLLEGE - DENVER NORTH         ,CO,80221-3653,Proprietary  ,28,156,184,419,1697,2116
00754801,WESTWOOD COLLEGE - DENVER SOUTH         ,CO,80227-3653,Proprietary  ,17,106,123,164,922,1086
00758200,AIMS COMMUNITY COLLEGE                  ,CO,80632-0000,Public       ,64,316,380,2482,4674,7156
00764900,ROCKY MOUNTAIN COLG OF ART & DESIGN     ,CO,80214-0000,Proprietary  ,12,48,60,905,583,1488
00793300,FRONT RANGE COMMUNITY COLLEGE           ,CO,80031-2199,Public       ,287,906,1193,7994,16295,24289
00863500,INTELLITEC MEDICAL INSTITUTE            ,CO,80909-0000,Proprietary  ,10,68,78,122,717,839
00887100,CONCORDE CAREER INSTITUTE               ,CO,80203-0000,Proprietary  ,42,204,246,303,1433,1736
00889600,PIKES PEAK COMMUNITY COLLEGE            ,CO,80906-5498,Public       ,273,1325,1598,5228,15231,20459
00940100,COLORADO CHRISTIAN UNIVERSITY           ,CO,80226-7449,Private      ,32,248,280,1838,3714,5552
00954200,COMMUNITY COLLEGE OF DENVER             ,CO,80217-2026,Public       ,204,892,1096,5670,14468,20138
00954300,RED ROCKS COMMUNITY COLLEGE             ,CO,80228-1255,Public       ,138,550,688,3211,7704,10915
00998100,MORGAN COMMUNITY COLLEGE                ,CO,80701-4399,Public       ,40,88,128,387,1112,1499
01014800,COLORADO TECHNICAL UNIVERSITY           ,CO,80907-3896,Proprietary  ,35,499,534,554,9381,9935
01014802,COLORADO TECHNICAL UNIV - DENVER        ,CO,80111-3201,Proprietary  ,11,98,109,99,1128,1227
01014805,COLORADO TECH UNIV - ON LINE            ,CO,80907-0000,Proprietary  ,266,4802,5068,1852,43690,45542
01014806,COLORADO TECH UNIV - FED EXPRESS        ,CO,80921-3800,Proprietary  ,3,21,24,18,143,161
01014808,COLORADO TECH UNIV - USAA               ,CO,80920-1005,Proprietary  ,3,16,19,14,130,144
01014811,COLORADO TECH UNIV-HEWLETT PACKARD      ,CO,80919-2303,Proprietary  ,0,6,6,4,41,45
01014812,COLORADO TECHNICAL UNIVERSITY - WESTMINS,CO,80021-3498,Proprietary  ,16,86,102,139,1438,1577
01014813,COLORADO TECH UNIV - ORACLE             ,CO,80921-3660,Proprietary  ,1,9,10,6,75,81
01014815,COLORADO TECHNCL UNIV PUEBLO            ,CO,81003-2315,Proprietary  ,6,51,57,66,578,644
01070900,EMPIRE BEAUTY SCHOOL-LAKEWOOD           ,CO,80215-0000,Proprietary  ,5,18,23,48,152,200
01073200,SAN JUAN BASIN TECHNICAL COLLEGE        ,CO,81328-9196,Public       ,0,0,0,2,8,10
01157200,COLORADO SCHOOL OF TRADES               ,CO,80215-2996,Proprietary  ,3,28,31,73,461,534
01267000,BEL-REA INST OF ANIMAL TECH             ,CO,80247-3048,Proprietary  ,28,53,81,534,966,1500
01285000,INTERNATIONAL SALON AND SPA ACADEMY     ,CO,80918-3684,Proprietary  ,10,44,54,102,328,430
01287500,PICKENS TECHNICAL COLLEGE               ,CO,80011-9307,Public       ,12,54,66,355,1004,1359
01300700,NAZARENE BIBLE COLLEGE                  ,CO,80910-3717,Private      ,2,55,57,56,734,790
02072200,EMPIRE BEAUTY SCHOOL -ARVADA            ,CO,80212-0000,Proprietary  ,6,12,18,69,216,285
02078900,ART INSTITUTE OF COLORADO (THE)         ,CO,80203-2983,Proprietary  ,111,264,375,1780,2600,4380
02116300,PUEBLO COMMUNITY COLLEGE                ,CO,81004-0000,Public       ,108,545,653,2237,7461,9698
02117500,NAROPA UNIVERSITY                       ,CO,80302-0000,Private      ,5,37,42,371,1444,1815
02133100,COLORADO CENTER FOR MEDICAL LABORATORY S,CO,80218-0000,Private      ,0,12,12,11,101,112
02141100,EMPIRE BEAUTY SCHOOL-LITTLETON          ,CO,80030-0000,Proprietary  ,11,29,40,113,282,395
02156200,DELTA - MONTROSE TECHNICAL COLLEGE      ,CO,81416-0000,Public       ,3,31,34,104,322,426
02160600,EMPIRE BEAUTY SCHOOL -THORNTON          ,CO,80241-1659,Proprietary  ,10,26,36,79,186,265
02165200,SALON PROFESSIONAL ACADEMY (THE)        ,CO,81504-5309,Proprietary  ,3,12,15,56,104,160
02167600,KAPLAN COLLEGE                          ,CO,80229-5309,Proprietary  ,1,35,36,107,668,775
02171300,TRINIDAD STATE JUNIOR COLLEGE           ,CO,81101-0000,Proprietary  ,0,0,0,0,4,4
02188700,DENVER ACAD OF COURT REPORTING          ,CO,80030-0000,Proprietary  ,1,16,17,28,232,260
02211901,CHEEKS INTERNATIONAL ACADEMY OF BEAUTY C,CO,80525-3053,Proprietary  ,3,11,14,28,67,95
02211902,CHEEKS INTERNATIONAL ACDMY BTY CULT     ,CO,80631-0000,Proprietary  ,1,6,7,15,54,69
02253700,INTELLITEC COLLEGE                      ,CO,80909-0000,Proprietary  ,36,153,189,165,828,993
02267500,GLENWOOD BEAUTY ACADEMY                 ,CO,81601-0000,Proprietary  ,5,15,20,19,57,76
02276900,COMMUNITY COLLEGE OF AURORA             ,CO,80011-9036,Public       ,117,554,671,2753,8265,11018
02518500,HAIR DYNAMICS EDUCATION CENTER          ,CO,80525-0000,Proprietary  ,10,36,46,125,208,333
02594300,COLLEGE AMERICA - DENVER                ,CO,80222-3380,Proprietary  ,66,456,522,542,3498,4040
02611000,HERITAGE COLLEGE                        ,CO,80212-7413,Proprietary  ,37,126,163,341,1089,1430
03006300,INST OF BUSINESS & MEDICAL CAREERS      ,CO,80525-3044,Proprietary  ,43,180,223,371,1592,1963
03010622,VIRGINIA COLLEGE - ECOTECH INSTITUTE - A,CO,80014-1405,Proprietary  ,6,25,31,124,558,682
03012100,REMINGTON COLLEGE - COLORADO SPRINGS CAM,CO,80215-0000,Private      ,3,34,37,42,262,304
03013100,BOULDER COLLEGE OF MASSAGE THERAPY      ,CO,80301-3295,Private      ,5,16,21,91,268,359
03014900,PLATT COLLEGE                           ,CO,80014-3141,Proprietary  ,5,23,28,45,297,342
03027400,XENON INTERNATIONAL ACADEMY III         ,CO,80014-1193,Proprietary  ,2,13,15,66,156,222
03030606,UTAH COLLEGE OF MASSAGE THERAPY - DENVER,CO,80031-2921,Proprietary  ,21,47,68,131,277,408
03030607,UTAH COLLEGE OF MASSAGE THERAPY - DENVER,CO,80012-2523,Proprietary  ,17,38,55,124,287,411
03066900,INTELLITEC COLLEGE                      ,CO,81506-3994,Proprietary  ,21,137,158,200,950,1150
03068201,OHIO CENTER FOR BROADCASTING - COLORADO ,CO,80214-4129,Proprietary  ,4,21,25,58,229,287
03076401,BRYMAN SCHOOL OF ARIZONA (THE) - ANTHEM ,CO,80014-2622,Proprietary  ,1,8,9,13,52,65
03289300,COLORADO HEIGHTS UNIVERSITY             ,CO,80236-2711,Private      ,11,77,88,75,355,430
03306300,MONTESSORI EDUC CRT OF THE ROCKIES      ,CO,80301-2587,Private      ,0,5,5,4,52,56
03534300,JONES INTERNATIONAL UNIVERSITY          ,CO,80112-3446,Proprietary  ,45,975,1020,391,9378,9769
03545300,UNIVERSITY OF THE ROCKIES               ,CO,80903-3612,Proprietary  ,1,366,367,32,2884,2916
03584400,COLORADO SCHOOL OF HEALING ARTS         ,CO,80226-4332,Proprietary  ,9,20,29,89,293,382
03670300,TONI & GUY HAIRDRESSING ACADEMY         ,CO,80911-1713,Proprietary  ,14,28,42,117,228,345
03686300,COLORADO SCHOOL OF TRADITIONAL CHINESE M,CO,80206-2127,Proprietary  ,0,18,18,7,225,232
03776300,CULINARY SCHOOL OF THE ROCKIES          ,CO,80305-5961,Proprietary  ,14,55,69,149,370,519
03972300,CUTTIN' UP BEAUTY ACADEMY               ,CO,80220-0000,Proprietary  ,2,11,13,30,124,154
03976300,MASSAGE THERAPY INSTITUTE OF COLORADO   ,CO,80206-2127,Proprietary  ,5,17,22,55,170,225
04080300,ASPEN UNIVERSITY                        ,CO,80246-1930,Proprietary  ,3,68,71,52,434,486
04093300,ACADEMY OF NATURAL THERAPY              ,CO,80631-3425,Proprietary  ,2,20,22,44,128,172
04121200,INSTITUTE OF TAOIST EDUCATION AND ACUPUN,CO,80027-1028,Private      ,0,0,0,0,49,49
04125100,MONTESSORI CASA INTERNATIONAL           ,CO,80111-5263,Private      ,0,2,2,1,16,17
04127700,AMERICAN SENTINEL UNIVERSITY            ,CO,80014-6510,Proprietary  ,1,130,131,17,976,993
04139300,NATIONAL BEAUTY COLLEGE                 ,CO,80221-0000,Proprietary  ,4,21,25,48,151,199
04140400,ACADEMY OF MEDICAL & HEALTH SCIENCE     ,CO,81005-2195,Proprietary  ,0,0,0,28,77,105
04148300,DENVER SCHOOL OF NURSING                ,CO,80202-1213,Proprietary  ,11,68,79,226,1182,1408
04151100,SUMMIT SALON & BEAUTY SCHOOL            ,CO,80866-4569,Proprietary  ,0,2,2,3,26,29
04167100,AVEDA INSTITUTE DENVER                  ,CO,80202-0000,Proprietary  ,26,54,80,253,492,745
04170200,PAUL MITCHELL THE SCHOOL COLORADO SPRING,CO,80903-0000,Proprietary  ,22,57,79,198,384,582
04172500,ROLF INSTITUTE OF STRUCTURAL INTEGRATION,CO,80301-0000,Private      ,1,8,9,5,106,111
04173800,SALON PROFESSIONAL ACADEMY (THE)        ,CO,80918-2932,Proprietary  ,9,23,32,73,186,259
04177100,PIMA MEDICAL INSTITUTE-SOUTH DENVER     ,CO,80231-0000,Proprietary  ,4,44,48,116,507,623
04179700,UNITED BEAUTY COLLEGE                   ,CO,80223-2936,Proprietary  ,1,14,15,16,91,107
04183700,HEALING ARTS INSTITUTE                  ,CO,80525-3479,Proprietary  ,4,14,18,22,62,84
04184900,COLLEGE OF INTERNATIONAL ESTHETICS      ,CO,80002-3754,Proprietary  ,8,32,40,19,108,127
04185000,COLORADO ACADEMY OF VETERINARY TECHNOLOG,CO,80906-4944,Proprietary  ,5,11,16,43,118,161
04185400,NATIONAL PERSONAL TRAINING INSTITUTE OF ,CO,80401-3304,Proprietary  ,5,26,31,26,100,126
04202600,NEW DIMENSIONS BEAUTY ACADEMY           ,CO,80138-9801,Proprietary  ,2,8,10,7,19,26
00145902,STRAYER UNIVERSITY - ALEXANDRIA CAMPUS  ,VA,22314-4553,Proprietary  ,0,0,0,0,1,1
00267811,BRYANT & STRATTON COLLEGE - VIRGINIA BEA,VA,23462-4417,Proprietary  ,45,288,333,650,3557,4207
00370200,AVERETT UNIVERSITY                      ,VA,24541-3692,Private      ,27,223,250,1509,2107,3616
00370300,BLUEFIELD COLLEGE                       ,VA,24605-1799,Private      ,9,47,56,831,711,1542
00370400,BRIDGEWATER COLLEGE                     ,VA,22812-1599,Private      ,29,9,38,3581,256,3837
00370500,COLLEGE OF WILLIAM & MARY               ,VA,23187-8795,Public       ,72,59,131,10640,4644,15284
00370600,CHRISTOPHER NEWPORT UNIVERSITY          ,VA,23606-2998,Public       ,82,48,130,7728,1383,9111
00370700,RICHARD BLAND COLLEGE                   ,VA,23805-7100,Public       ,28,20,48,1410,746,2156
00370800,EASTERN MENNONITE UNIVERSITY            ,VA,22802-2462,Private      ,2,25,27,1144,598,1742
00370900,EMORY & HENRY COLLEGE                   ,VA,24327-0010,Private      ,13,4,17,1510,192,1702
00371100,FERRUM COLLEGE                          ,VA,24088-2612,Private      ,24,5,29,2991,359,3350
00371200,TIDEWATER COMMUNITY COLLEGE             ,VA,23510-1910,Public       ,338,1646,1984,12256,29272,41528
00371300,HAMPDEN-SYDNEY COLLEGE                  ,VA,23943-0128,Private      ,3,0,3,1401,58,1459
00371400,HAMPTON UNIVERSITY                      ,VA,23668-0099,Private      ,134,150,284,9353,4240,13593
00371500,HOLLINS UNIVERSITY                      ,VA,24020-0000,Private      ,6,25,31,1001,707,1708
00371900,LONGWOOD UNIVERSITY                     ,VA,23909-1899,Public       ,50,19,69,5748,903,6651
00372000,LYNCHBURG COLLEGE                       ,VA,24501-3199,Private      ,24,26,50,3674,1052,4726
00372100,JAMES MADISON UNIVERSITY                ,VA,22807-3780,Public       ,199,61,260,23788,2998,26786
00372300,MARY BALDWIN COLLEGE                    ,VA,24401-3610,Private      ,22,40,62,1627,1243,2870
00372400,MARYMOUNT UNIVERSITY                    ,VA,22207-4224,Private      ,31,88,119,2659,2640,5299
00372600,NATIONAL COLLEGE                        ,VA,24153-4524,Proprietary  ,96,671,767,748,6920,7668
00372700,NORTHERN VA CMTY CLG                    ,VA,22003-3743,Public       ,486,1425,1911,15382,22165,37547
00372800,OLD DOMINION UNIVERSITY                 ,VA,23529-0052,Public       ,214,523,737,19418,15483,34901
00373200,RADFORD UNIVERSITY                      ,VA,24142-6905,Public       ,91,62,153,10037,2751,12788
00373300,RANDOLPH-MACON COLLEGE                  ,VA,23005-5505,Private      ,29,9,38,2708,200,2908
00373400,RANDOLPH COLLEGE                        ,VA,24503-1526,Private      ,5,5,10,885,150,1035
00373500,VIRGINIA COMMONWEALTH UNIVERSITY        ,VA,23284-9004,Public       ,334,419,753,23590,15119,38709
00373600,ROANOKE COLLEGE                         ,VA,24153-3794,Private      ,21,9,30,3321,322,3643
00373700,SHENANDOAH UNIVERSITY                   ,VA,22601-5195,Private      ,19,52,71,2666,2326,4992
00373800,SOUTHERN VIRGINIA UNIVERSITY            ,VA,24416-3038,Private      ,23,7,30,1208,339,1547
00373900,ST PAULS COLLEGE                        ,VA,23868-1299,Private      ,9,12,21,592,399,991
00374200,SWEET BRIAR COLLEGE                     ,VA,24595-9998,Private      ,12,1,13,849,83,932
00374300,UNION PRESBYTERIAN SEMINARY             ,VA,23227-0000,Private      ,0,9,9,5,104,109
00374400,UNIVERSITY OF RICHMOND                  ,VA,23173-0001,Private      ,55,72,127,6429,2938,9367
00374500,UNIVERSITY OF VIRGINIA - SFS            ,VA,22903-0000,Public       ,175,141,316,20294,9271,29565
00374600,UNIVERSITY OF MARY WASHINGTON           ,VA,22401-5358,Public       ,41,65,106,5289,1423,6712
00374700,UNIV OF VIRGINIA'S COLLEGE AT WISE      ,VA,24293-4412,Public       ,20,22,42,1932,550,2482
00374800,EASTERN SHORE COMMUNITY COLLEGE         ,VA,23410-3000,Public       ,12,25,37,454,798,1252
00374900,GEORGE MASON UNIVERSITY                 ,VA,22030-4444,Public       ,267,523,790,20053,17315,37368
00375100,PATRICK HENRY COMMUNITY COLLEGE         ,VA,24112-5311,Public       ,41,159,200,1317,3029,4346
00375200,VIRGINIA INTERMONT COLLEGE              ,VA,24201-4298,Private      ,5,15,20,543,340,883
00375300,VIRGINIA MILITARY INSTITUTE             ,VA,24450-2138,Public       ,21,4,25,2136,113,2249
00375400,VIRGINIA POLYTECH INST & STATE UNIV     ,VA,24061-2000,Public       ,208,156,364,26255,5909,32164
00375800,DANVILLE COMMUNITY COLLEGE              ,VA,24541-4004,Public       ,61,195,256,1581,3320,4901
00375900,J. SARGEANT REYNOLDS COMMUNITY CLG      ,VA,23285-0000,Public       ,139,593,732,5502,12456,17958
00376000,VIRGINIA WESTERN CMTY COLLEGE           ,VA,24038-0000,Public       ,69,262,331,2819,5220,8039
00376100,WYTHEVILLE COMMUNITY COLLEGE            ,VA,24382-3308,Public       ,68,129,197,1455,2379,3834
00376200,VIRGINIA UNIVERSITY OF LYNCHBURG        ,VA,24501-6400,Private      ,9,53,62,394,873,1267
00376400,VIRGINIA STATE UNIVERSITY               ,VA,23806-0001,Public       ,138,105,243,10003,3709,13712
00376500,NORFOLK STATE UNIVERSITY                ,VA,23504-8000,Public       ,114,232,346,8976,7904,16880
00376600,VIRGINIA UNION UNIVERSITY               ,VA,23220-1711,Private      ,69,64,133,4669,1702,6371
00376700,VIRGINIA WESLEYAN COLLEGE               ,VA,23502-5599,Private      ,31,34,65,2751,821,3572
00376800,WASHINGTON & LEE UNIVERSITY             ,VA,24450-0303,Private      ,21,6,27,2466,1300,3766
00400400,JOHN TYLER COMMUNITY COLLEGE            ,VA,23831-5316,Public       ,100,271,371,4013,7179,11192
00450301,"EVEREST COLLEGE- EVEREST COLLEGE, MCLEAN",VA,22102-3000,Proprietary  ,13,66,79,142,609,751
00450702,"EVEREST COLLEGE- EVEREST COLLEGE, ARLING",VA,22203-1905,Proprietary  ,15,60,75,185,792,977
00498800,CENTRAL VIRGINIA COMMUNITY COLLEGE      ,VA,24502-2498,Public       ,26,148,174,1804,2986,4790
00499200,MILLER-MOTTE TECHNICAL COLLEGE          ,VA,24505-0000,Proprietary  ,34,185,219,250,1035,1285
00499600,DABNEY S LANCASTER COMMUNITY CLG        ,VA,24422-1000,Public       ,10,34,44,578,730,1308
00522300,NEW RIVER COMMUNITY COLLEGE             ,VA,24084-1127,Public       ,37,128,165,1721,2877,4598
00662200,COLLEGE OF HEALTH SCIENCES - CHRV       ,VA,24031-0000,Private      ,5,31,36,581,1076,1657
00681900,BLUE RIDGE COMMUNITY COLLEGE            ,VA,24486-0080,Public       ,47,134,181,2290,2889,5179
00687100,THOMAS NELSON COMMUNITY COLLEGE         ,VA,23670-0000,Public       ,115,520,635,4232,10137,14369
00709900,VIRGINIA HIGHLANDS COMMUNITY CLG        ,VA,24210-4210,Public       ,28,100,128,1153,1981,3134
00726000,SOUTHWEST VIRGINIA COMMUNITY CLG        ,VA,24641-1510,Public       ,29,128,157,1169,1961,3130
00859200,LOUISE OBICI SCHOOL OF NURSING          ,VA,23434-8038,Private      ,1,3,4,22,118,140
00865900,LORD FAIRFAX COMMUNITY COLLEGE          ,VA,22645-0047,Public       ,57,170,227,2367,3523,5890
00866000,GERMANNA COMMUNITY COLLEGE              ,VA,22508-0339,Public       ,83,220,303,2629,4266,6895
00866100,SOUTHSIDE VIRGINIA CMTY CLG             ,VA,23821-2930,Public       ,76,296,372,1840,3847,5687
00915900,PAUL D CAMP COMMUNITY COLLEGE           ,VA,23851-0737,Public       ,15,100,115,546,1570,2116
00916000,RAPPAHANNOCK COMMUNITY COLLEGE          ,VA,23149-2616,Public       ,37,105,142,982,1690,2672
00926700,EVEREST COLLEGE                         ,VA,23606-4203,Proprietary  ,8,83,91,128,841,969
00926701,EVEREST COLLEGE - CHESAPEAKE            ,VA,23320-2637,Proprietary  ,27,169,196,185,1173,1358
00942000,SANFORD-BROWN COLLEGE                   ,VA,22182-3913,Proprietary  ,29,97,126,244,1124,1368
00953500,STAUNTON SCHOOL OF COSMETOLOGY          ,VA,24401-4323,Proprietary  ,6,5,11,31,84,115
00953700,VIRGINIA SCH OF HAIR DESIGN             ,VA,23669-0000,Proprietary  ,5,25,30,69,197,266
00962900,MOUNTAIN EMPIRE COMMUNITY COLLEGE       ,VA,24219-0700,Public       ,38,152,190,1301,2171,3472
00992800,PIEDMONT VIRGINIA COMMUNITY COLLEGE     ,VA,22902-7589,Public       ,68,228,296,1710,3167,4877
01004300,BON SECOURS MEMORIAL COLLEGE OF NURSING ,VA,23227-4612,Private      ,4,24,28,274,685,959
01019800,ECPI COLLEGE OF TECHNOLOGY              ,VA,23462-6542,Proprietary  ,270,1382,1652,3095,12849,15944
01033800,EASTERN VIRGINIA MEDICAL SCHOOL         ,VA,23501-1980,Private      ,4,21,25,89,1579,1668
01159600,RALPH'S VIRGINIA SCH OF COSMETOLOGY     ,VA,24501-2652,Proprietary  ,2,7,9,34,72,106
01162601,WESTWOOD COLLEGE - SOUTH BAY - ARLINGTON,VA,22203-4167,Proprietary  ,24,90,114,354,670,1024
01162602,WESTWOOD COLLEGE - SOUTH BAY - ANNANDALE,VA,22003-2602,Proprietary  ,11,45,56,221,589,810
01274400,SOUTHSIDE REGIONAL MED CTR PROF SCHOOLS ,VA,23803-5133,Proprietary  ,3,10,13,84,304,388
02053000,LIBERTY UNIVERSITY                      ,VA,24502-0000,Private      ,346,6400,6746,19153,68232,87385
02083602,TESST COLLEGE OF TECHNOLOGY - KAPLAN COL,VA,23320-4422,Proprietary  ,4,52,56,32,223,255
02108800,WARDS CORNER BEAUTY ACADEMY             ,VA,23505-0000,Proprietary  ,11,51,62,86,313,399
02111600,DANVILLE REGIONAL MEDICAL CENTER SCHOOL ,VA,24541-0000,Proprietary  ,1,4,5,50,135,185
02128700,CENTRAL SCHOOL OF PRACTICAL NURSING     ,VA,23502-2230,Public       ,4,13,17,81,271,352
02140000,RIVERSIDE SCHOOL OF HEALTH CAREERS      ,VA,23608-3802,Private      ,6,25,31,161,742,903
02175800,LYNCHBURG GENERAL HOSP SCH OF NURSG     ,VA,24501-0000,Private      ,1,9,10,75,243,318
02197600,WOODROW WILSON REHABILITATION CTR       ,VA,22939-0000,Public       ,1,4,5,47,37,84
02242400,HENRICO CTY ST MARYS HOSP PRAC NRSG     ,VA,23075-0000,Public       ,0,4,4,14,70,84
02247200,MEDSPA CAREERS INSTITUTE                ,VA,23606-0000,Proprietary  ,0,0,0,5,32,37
02247206,MEDICAL CAREERS COLLEGE - NEWPORT NEWS  ,VA,23606-4215,Proprietary  ,0,0,0,0,1,1
02304500,HERITAGE INSTITUTE                      ,VA,20111-0000,Proprietary  ,0,1,1,28,165,193
02320900,TIDEWATER TECH                          ,VA,23502-1747,Proprietary  ,25,99,124,159,875,1034
02334400,CENTURA COLLEGE                         ,VA,23452-0000,Proprietary  ,49,394,443,661,6075,6736
02342700,FORTIS COLLEGE                          ,VA,23502-4101,Proprietary  ,10,83,93,119,751,870
02342701,FORTIS COLLEGE - RICHMOND CAMPUS        ,VA,23236-3472,Proprietary  ,26,110,136,284,969,1253
02358500,BON SECOURS SAINT MARY'S HOSPITAL SCHOOL,VA,23227-4612,Private      ,1,13,14,72,314,386
02535400,SKYLINE COLLEGE - RICHMOND              ,VA,23236-0000,Proprietary  ,0,0,0,9,24,33
02538800,SUFFOLK BEAUTY ACADEMY                  ,VA,23434-0000,Proprietary  ,1,13,14,36,123,159
02541200,STRATFORD UNIVERSITY                    ,VA,22043-0000,Proprietary  ,38,210,248,290,1612,1902
02541201,STRATFORD UNIVERSITY-WOODBRIDGE         ,VA,22192-0000,Proprietary  ,5,54,59,110,578,688
02610100,WASHINGTON COUNTY ADULT SKILL CTR       ,VA,24210-2346,Public       ,3,25,28,42,149,191
03002400,GRAHAM WEBB INTERNATIONAL ACAD HAIR     ,VA,22209-2129,Proprietary  ,11,24,35,63,174,237
03010700,BAR PALMA BEAUTY CAREERS  ACADEMY       ,VA,24014-2255,Proprietary  ,4,18,22,21,105,126
03042800,"VIRGINIA BEACH CITY SCHOOLS, SCH.-PR.NSG",VA,23456-0038,Public       ,1,13,14,43,149,192
03091100,ACT COLLEGE                             ,VA,22209-2297,Proprietary  ,16,78,94,123,558,681
03091300,REGENT UNIVERSITY                       ,VA,23464-9800,Private      ,26,306,332,1621,7499,9120
03092700,SKYLINE COLLEGE                         ,VA,24012-1603,Proprietary  ,7,51,58,120,479,599
03096500,SPRINGFIELD BEAUTY ACADEMY              ,VA,22003-3016,Proprietary  ,2,25,27,17,121,138
03106500,SENTARA NORFOLK GENERAL HOSPITAL        ,VA,23320-2843,Private      ,2,26,28,157,655,812
03116900,BAPTIST THEOLOGICAL SEM.-RICHMOND       ,VA,23227-0000,Private      ,0,6,6,11,137,148
03126300,AVIATION INSTITUTE OF MAINTENANCE       ,VA,23320-5987,Proprietary  ,10,67,77,182,830,1012
03126400,CENTURA COLLEGE                         ,VA,23235-5230,Proprietary  ,14,94,108,183,1238,1421
03127500,ADVANCED TECHNOLOGY INSTITUTE           ,VA,23462-2409,Proprietary  ,39,101,140,583,859,1442
03280400,VIRGINIA SCHOOL OF MASSAGE              ,VA,22903-0000,Proprietary  ,8,36,44,80,184,264
03409500,RICHMOND SCHOOL OF HEALTH AND TECH      ,VA,23227-0000,Proprietary  ,7,58,65,147,829,976
03455300,CRESCENT COSMETOLOGY UNIVERSITY         ,VA,23666-3115,Proprietary  ,0,6,6,9,52,61
03559300,APPALACHIAN SCHOOL OF LAW               ,VA,24614-0000,Private      ,1,3,4,18,672,690
03645400,RUDY & KELLY ACADEMY OF HAIR AND NA     ,VA,23464-6857,Proprietary  ,19,47,66,134,402,536
03654300,CAREER TRAINING SOLUTIONS               ,VA,22406-1014,Proprietary  ,10,71,81,113,705,818
03709300,EDWARD VIA VIRGINIA CLG OSTEOPATHIC MED ,VA,24060-6360,Private      ,1,7,8,17,839,856
03872400,INSTITUTE FOR THE PSYCHOLOGICAL SCIENCES,VA,22202-3609,Private      ,2,0,2,12,135,147
03876300,CULPEPER COSMETOLOGY TRAINING CENTER    ,VA,22701-3155,Public       ,0,4,4,26,59,85
03883400,AVIATION INSTITUTE OF MAINTENANCE       ,VA,20110-4156,Proprietary  ,12,43,55,124,482,606
04038400,AVI CAREER INSTITUTE                    ,VA,22066-1839,Proprietary  ,0,15,15,7,99,106
04110300,UNIVERSITY OF MANAGEMENT AND TECHNOLOGY ,VA,22209-1609,Proprietary  ,0,98,98,7,241,248
04124000,DOMINION SCHOOL OF HAIR DESIGN          ,VA,23062-2221,Proprietary  ,1,8,9,14,57,71
04127300,COLUMBIA COLLEGE                        ,VA,22031-4413,Proprietary  ,7,72,79,61,536,597
04133400,CENTURA COLLEGE                         ,VA,22312-2670,Proprietary  ,3,22,25,35,242,277
04133800,SOUTHEAST CULINARY & HOSPITALITY COLLEGE,VA,24201-4159,Proprietary  ,4,11,15,78,148,226
04137300,CAYCE/REILLY SCHOOL OF MASSOTHERAPY     ,VA,23451-2061,Private      ,3,7,10,17,89,106
04140000,GLOBAL HEALTH NURSE TRAINING SERVICES   ,VA,22314-4585,Proprietary  ,3,42,45,32,446,478
04153800,BETHEL COLLEGE                          ,VA,23666-3122,Private      ,1,9,10,41,128,169
04156200,INSTITUTE OF ADVANCED MEDICAL ESTHETICS ,VA,23294-4701,Proprietary  ,1,8,9,22,141,163
04169400,NORTHERN VIRGINIA SCHOOL OF THERAPEUTIC ,VA,22046-4302,Proprietary  ,4,24,28,19,113,132
04171500,COSMOPOLITAN BEAUTY & TECH SCHOOL       ,VA,22003-3204,Proprietary  ,0,38,38,12,181,193
04180600,APPALACHIAN COLLEGE OF PHARMACY         ,VA,24631-9210,Private      ,1,24,25,2,144,146
00107000,THUNDERBIRD SCHOOL OF GLOBAL MANAGEMENT ,AZ,85306-6000,Private      ,0,23,23,10,809,819
00107100,ARIZONA WESTERN COLLEGE                 ,AZ,85366-0000,Public       ,134,229,363,4835,5802,10637
00107200,COCHISE COLLEGE                         ,AZ,85607-6190,Public       ,67,221,288,1736,3363,5099
00107300,EASTERN ARIZONA COLLEGE                 ,AZ,85552-0769,Public       ,57,100,157,1828,2172,4000
00107400,GRAND CANYON UNIVERSITY                 ,AZ,85017-3030,Proprietary  ,335,6123,6458,6799,58080,64879
00107600,GLENDALE COMMUNITY COLLEGE              ,AZ,85302-3090,Public       ,304,885,1189,11262,16490,27752
00107700,MESA COMMUNITY COLLEGE                  ,AZ,85202-4866,Public       ,419,1314,1733,12182,21231,33413
00107800,PHOENIX COLLEGE                         ,AZ,85013-4234,Public       ,212,909,1121,6164,15839,22003
00107900,YAVAPAI COLLEGE                         ,AZ,86301-3297,Public       ,64,223,287,2289,4844,7133
00108100,ARIZONA STATE UNIV (ALL CAMPUSES)       ,AZ,85287-0412,Public       ,805,1445,2250,52322,41073,93395
00108200,NORTHERN ARIZONA UNIVERSITY             ,AZ,86011-0001,Public       ,375,516,891,25584,15162,40746
00108300,UNIVERSITY OF ARIZONA                   ,AZ,85721-0066,Public       ,550,437,987,30874,16961,47835
00165701,MIDWESTERN UNIVERSITY                   ,AZ,85308-0000,Private      ,5,70,75,140,3803,3943
00446700,TUCSON COLLEGE                          ,AZ,85711-3781,Proprietary  ,41,130,171,280,831,1111
00711300,ARIZONA CHRISTIAN UNIVERSITY            ,AZ,85032-7097,Private      ,11,17,28,599,327,926
00726600,PIMA COUNTY COMMUNITY COLLEGE           ,AZ,85709-1110,Public       ,382,1172,1554,12007,22550,34557
00728300,CENTRAL ARIZONA COLLEGE                 ,AZ,85228-9779,Public       ,120,310,430,2859,5736,8595
00732911,ITT TECHNICAL INSTITUTE                 ,AZ,85282-9272,Proprietary  ,83,301,384,730,3247,3977
00732990,ITT TECHNICAL INSTITUTE                 ,AZ,85704-5829,Proprietary  ,86,302,388,797,2549,3346
00822100,UNIVERSAL TECHNICAL INSTITUTE           ,AZ,85323-7946,Proprietary  ,572,753,1325,10137,9368,19505
00824600,DINè COLLEGE                            ,AZ,86556-0126,Public       ,61,124,185,968,1870,2838
00830300,GATEWAY COMMUNITY COLLEGE               ,AZ,85034-1795,Public       ,108,552,660,2792,8907,11699
00830302,MARICOPA SKILL CENTER                   ,AZ,85034-0000,Public       ,19,153,172,460,1879,2339
00830400,SCOTTSDALE COMMUNITY COLLEGE            ,AZ,85250-0000,Public       ,126,338,464,4382,6065,10447
00886400,ARIZONA ACADEMY OF BEAUTY               ,AZ,85712-5021,Proprietary  ,6,22,28,60,176,236
00886500,ARTISTIC BEAUTY COLLEGES-TUCSON         ,AZ,85716-3999,Proprietary  ,15,41,56,143,353,496
01084700,ARIZONA AUTOMOTIVE INSTITUTE            ,AZ,85301-3503,Proprietary  ,49,149,198,594,1816,2410
01085800,AVALON SCHOOL OF COSMETOLOGY            ,AZ,85210-4010,Proprietary  ,54,132,186,405,788,1193
01168900,REFRIGERATION SCHOOL                    ,AZ,85034-0000,Proprietary  ,34,176,210,203,1330,1533
01180200,ARIZONA ACADEMY OF BEAUTY-NORTH         ,AZ,85705-2720,Proprietary  ,3,15,18,33,119,152
01180800,ARTISTIC BEAUTY COLLEGES-FLAGSTAFF      ,AZ,86004-5119,Proprietary  ,20,37,57,174,388,562
01186200,NORTHLAND PIONEER COLLEGE               ,AZ,86025-2996,Public       ,30,120,150,717,2320,3037
01186400,MOHAVE COMMUNITY COLLEGE                ,AZ,86409-1238,Public       ,74,298,372,1763,6094,7857
01218400,INTERNATIONAL ACAD OF HAIR DESIGN       ,AZ,85225-7198,Proprietary  ,13,35,48,115,312,427
01234300,ARTISTIC BEAUTY COLLEGES-PHOENIX        ,AZ,85304-0000,Proprietary  ,13,42,55,165,394,559
01293700,ARTISTIC BEAUTY COLLEGES - PARADISE VALL,AZ,85257-0000,Proprietary  ,14,41,55,75,221,296
02065300,PRESCOTT COLLEGE                        ,AZ,86301-0000,Private      ,8,41,49,641,1314,1955
02071200,KAPLAN COLLEGE                          ,AZ,85029-4349,Proprietary  ,30,218,248,350,2017,2367
02098800,UNIVERSITY OF PHOENIX                   ,AZ,85040-0000,Proprietary  ,3156,55540,58696,25035,485068,510103
02100500,UNIVERSAL TECHNICAL INSTITUTE           ,AZ,85027-0000,Proprietary  ,406,877,1283,7314,11013,18327
02100600,CARRINGTON COLLEGE                      ,AZ,85015-4096,Proprietary  ,131,502,633,1555,5352,6907
02113800,ROBERTO-VENN SCH OF LUTHIERY            ,AZ,85040-0000,Proprietary  ,4,6,10,50,78,128
02146600,SOUTH MOUNTAIN COMMUNITY COLLEGE        ,AZ,85040-0000,Public       ,102,358,460,2413,4812,7225
02160305,COLLINS COLLEGE                         ,AZ,85040-4000,Proprietary  ,49,73,122,804,1192,1996
02160306,INTERNATIONAL ACADEMY OF DESIGN AND TECH,AZ,85281-6705,Proprietary  ,1,8,9,19,52,71
02171500,WESTERN INTERNATIONAL UNIVERSITY        ,AZ,85021-0000,Proprietary  ,1,438,439,45,3251,3296
02177500,RIO SALADO COMMUNITY COLLEGE            ,AZ,85281-6948,Public       ,246,3033,3279,3014,27368,30382
02192300,MARICOPA BEAUTY COLLEGE                 ,AZ,85323-0000,Proprietary  ,1,4,5,63,156,219
02199900,AMERICAN INDIAN CLG-ASSEMBLIES GOD      ,AZ,85021-0000,Private      ,2,7,9,54,141,195
02217100,PIMA MEDICAL INSTITUTE                  ,AZ,85716-0000,Proprietary  ,442,1267,1709,3208,9738,12946
02218800,BROOKLINE COLLEGE                       ,AZ,85021-5815,Proprietary  ,48,279,327,443,2835,3278
02218804,BROOKLINE COLLEGE - MESA                ,AZ,85204-4448,Proprietary  ,38,98,136,240,951,1191
02218805,BROOKLINE COLLEGE - TUCSON              ,AZ,85711-5444,Proprietary  ,33,127,160,316,1250,1566
02220300,ARTISTIC BEAUTY COLLEGES-GLENDALE       ,AZ,85051-0000,Proprietary  ,10,50,60,121,428,549
02221302,MARINELLO SCHOOL OF BEAUTY - SPA ACADEMY,AZ,85201-5205,Proprietary  ,2,10,12,2,10,12
02263100,ANTHEM COLLEGE                          ,AZ,85014-0000,Proprietary  ,164,763,927,1113,5592,6705
02280500,CHARLES OF ITALY BEAUTY COLLEGE         ,AZ,86403-0000,Proprietary  ,7,15,22,53,114,167
02295000,EVEREST COLLEGE                         ,AZ,85021-1610,Proprietary  ,55,328,383,506,3846,4352
02295002,EVEREST COLLEGE - MESA                  ,AZ,85206-4704,Proprietary  ,18,85,103,167,826,993
02317800,AMERICAN INSTITUTE OF TECHNOLOGY        ,AZ,85043-0000,Proprietary  ,32,414,446,175,1980,2155
02491500,THE ART CENTER DESIGN COLLEGE           ,AZ,85716-0000,Proprietary  ,5,28,33,254,550,804
02521500,LAMSON COLLEGE                          ,AZ,85284-1141,Proprietary  ,0,5,5,64,349,413
02533200,FRANK LLOYD WRIGHT SCHOOL OF ARCHITECTUR,AZ,85261-4430,Private      ,1,2,3,19,55,74
02559000,UNIVERSITY OF ADVANCING TECHNOLOGY      ,AZ,85283-0000,Proprietary  ,52,66,118,1075,947,2022
02561900,BRILLARE HAIRDRESSING ACADEMY           ,AZ,85254-3301,Proprietary  ,8,17,25,90,161,251
02582700,CORTIVA INSTITUTE - TUCSON              ,AZ,85710-3503,Proprietary  ,13,40,53,100,381,481
02616700,LE CORDON BLEU COLLEGE OF CULINARY ARTS ,AZ,85251-2729,Proprietary  ,87,308,395,923,2726,3649
02623600,PARADISE VALLEY COMMUNITY COLLEGE       ,AZ,85032-1210,Public       ,106,317,423,3556,5810,9366
02623800,CORTIVA INSTITUTE - SCOTTSDALE          ,AZ,85257-4218,Proprietary  ,1,26,27,47,161,208
03005000,SAFFORD COLLEGE OF BEAUTY CULTURE       ,AZ,85546-3309,Proprietary  ,0,12,12,14,75,89
03010613,VIRGINIA COLLEGE - GOLF ACADEMY OF ARIZO,AZ,85225-6742,Proprietary  ,6,21,27,83,291,374
03030604,UTAH COLLEGE OF MASSAGE THERAPY - ARIZON,AZ,85282-0000,Proprietary  ,20,51,71,154,409,563
03030605,UTAH COLLEGE OF MASSAGE THERAPY - ARIZON,AZ,85051-3470,Proprietary  ,29,89,118,210,501,711
03034400,CONSERVATORY RECORDING ARTS & SCIS      ,AZ,85282-1707,Proprietary  ,49,72,121,748,921,1669
03072200,CHANDLER-GILBERT COMMUNITY COLLEGE      ,AZ,85225-2499,Public       ,192,422,614,5543,7322,12865
03076400,BRYMAN SCHOOL OF ARIZONA                ,AZ,85029-4919,Proprietary  ,151,490,641,1103,3561,4664
03097800,CARSTEN INSTITUTE OF HAIR & BEAUTY      ,AZ,85282-5404,Proprietary  ,7,42,49,113,285,398
03100400,COCONINO COUNTY COMMUNITY COLLEGE       ,AZ,86001-2701,Public       ,56,161,217,1633,2726,4359
03107000,SOUTHWEST CLG OF NATUROPATHIC MED       ,AZ,85282-0000,Private      ,0,14,14,19,599,618
03115000,ARIZONA COLLEGE OF ALLIED HEALTH        ,AZ,85302-3843,Proprietary  ,48,167,215,306,1317,1623
03120300,COLLEGE AMERICA                         ,AZ,86004-3936,Proprietary  ,43,234,277,283,1343,1626
03156300,ESTRELLA MOUNTAIN COMMUNITY COLLEGE     ,AZ,85392-1010,Public       ,152,451,603,4498,7898,12396
03347300,INTERNATIONAL BAPTIST COLLEGE           ,AZ,85282-6799,Private      ,0,2,2,50,32,82
03445300,HDS TRUCK DRIVING INSTITUTE             ,AZ,85731-0000,Proprietary  ,3,36,39,12,191,203
03478400,PHOENIX SEMINARY                        ,AZ,85018-7611,Private      ,1,11,12,6,146,152
03572300,EAST VALLEY INSTITUTE OF TECHNOLOGY     ,AZ,85201-6910,Public       ,39,59,98,294,601,895
03593300,SOUTHWEST INSTITUTE OF HEALING ARTS     ,AZ,85281-3658,Proprietary  ,13,194,207,213,1649,1862
03617500,PHOENIX INSTITUTE OF HERBAL MEDICINE & A,AZ,85012-0000,Proprietary  ,1,24,25,34,279,313
03695500,ARIZONA SCHOOL OF ACUPUNCTURE AND ORIENT,AZ,85712-1100,Proprietary  ,0,11,11,11,141,152
03784400,TOHONO O'ODHAM COMMUNITY COLLEGE        ,AZ,85634-3129,Public       ,7,13,20,56,144,200
03813300,NORTHCENTRAL UNIVERSITY                 ,AZ,86314-2336,Proprietary  ,7,796,803,66,5860,5926
03814300,TURNING POINT BEAUTY COLLEGE            ,AZ,85222-4229,Proprietary  ,4,12,16,27,109,136
04051300,ART INSTITUTE OF PHOENIX (THE)          ,AZ,85021-2859,Proprietary  ,692,2785,3477,9053,30573,39626
04051306,ART INSTITUTE OF PHOENIX (THE) - ART INS,AZ,85712-2732,Proprietary  ,22,62,84,467,636,1103
04051325,ART INSTITUTE OF PHOENIX (THE) - BROWN M,AZ,85712-5300,Proprietary  ,17,115,132,497,1841,2338
04051327,ART INSTITUTE OF PHOENIX (THE) - BROWN M,AZ,85029-1348,Proprietary  ,5,23,28,119,202,321
04059300,TUCSON COLLEGE OF BEAUTY                ,AZ,85705-2451,Proprietary  ,3,27,30,54,173,227
04120900,ARIZONA CULINARY INSTITUTE              ,AZ,85259-4939,Proprietary  ,18,54,72,313,527,840
04131400,PHOENIX SCHOOL OF LAW                   ,AZ,85012-3330,Proprietary  ,3,57,60,53,1701,1754
04139200,UNIVERSAL BARBER COLLEGE                ,AZ,85007-3914,Proprietary  ,8,27,35,71,292,363
04148700,AMERICAN INSTITUTE OF INTERIOR DESIGN   ,AZ,85268-3827,Proprietary  ,0,1,1,13,59,72
04152900,STUDIO ACADEMY OF BEAUTY (THE)          ,AZ,85224-3600,Proprietary  ,9,34,43,69,256,325
04157400,NATIONAL PARALEGAL COLLEGE              ,AZ,85014-1262,Proprietary  ,13,212,225,82,1485,1567
04172100,CCIC BEAUTY COLLEGE                     ,AZ,85345-2410,Proprietary  ,2,12,14,21,76,97
04174100,PAUL MITCHELL THE SCHOOL PHOENIX        ,AZ,85017-1919,Proprietary  ,12,37,49,180,320,500
04174200,ALL BEAUTY COLLEGE                      ,AZ,86426-8326,Proprietary  ,0,10,10,39,125,164
04175300,KOHLER ACADEMY                          ,AZ,85254-4065,Proprietary  ,13,22,35,108,192,300
04177500,PURE AESTHETICS                         ,AZ,85711-2328,Proprietary  ,2,11,13,11,100,111
04191200,CLASSIC COOKING ACADEMY                 ,AZ,85255-8699,Private      ,3,7,10,4,10,14
04194500,AVEDA INSTITUTE TUCSON                  ,AZ,85719-4876,Proprietary  ,15,30,45,15,32,47
00142800,DELAWARE STATE UNIVERSITY               ,DE,19901-2277,Public       ,122,86,208,8514,2794,11308
00142900,GOLDEY BEACOM COLLEGE                   ,DE,19808-1993,Private      ,9,41,50,647,612,1259
00143100,UNIVERSITY OF DELAWARE                  ,DE,19716-0099,Public       ,196,117,313,24699,3605,28304
00143300,WESLEY COLLEGE                          ,DE,19901-3875,Private      ,28,33,61,2462,765,3227
00143301,WESLEY COLLEGE-CTR FOR ADULT STUDIE     ,DE,19720-0000,Private      ,2,21,23,39,325,364
00145948,STRAYER UNIVERSITY - CHRISTIANA         ,DE,19713-4316,Proprietary  ,0,0,0,0,1,1
00331301,WIDENER UNIV SCHOOL OF LAW - DE         ,DE,19803-0000,Private      ,1,20,21,62,1639,1701
00705300,DELAWARE TECH & CMTY COLLEGE-OWENS      ,DE,19947-0000,Public       ,49,176,225,2332,3755,6087
00794800,WILMINGTON UNIVERSITY                   ,DE,19720-6491,Private      ,63,506,569,2709,9232,11941
01172700,DELAWARE TECH & CMTY CLG-TERRY          ,DE,19901-8736,Public       ,43,163,206,1908,2990,4898
02125200,BEEBE SCHOOL OF NURSING                 ,DE,19958-1462,Private      ,5,7,12,67,147,214
02144900,DELAWARE TECH & CMTY CLG-STANTN/WLM     ,DE,19801-0000,Public       ,88,304,392,3767,5107,8874
02190400,SCHILLING DOUGLAS SCH OF HAIR DSGN      ,DE,19711-0000,Proprietary  ,7,19,26,58,165,223
02586902,STAR TECHNICAL INSTITUTE -              ,DE,19901-4615,Proprietary  ,0,6,6,11,70,81
03025800,DAWN TRAINING CENTRE                    ,DE,19805-1511,Proprietary  ,25,204,229,164,1181,1345
03543300,HARRIS SCHOOL OF BUSINESS               ,DE,19803-5341,Proprietary  ,43,141,184,170,716,886
03702300,DELAWARE LEARNING INSTITUTE OF COSMETOLO,DE,19939-9759,Proprietary  ,2,32,34,51,205,256
04130700,ACADEMY OF MASSAGE AND BODYWORK         ,DE,19701-1321,Proprietary  ,7,16,23,20,100,120
04139800,DELAWARE COLLEGE OF ART & DESIGN        ,DE,19801-3007,Private      ,7,7,14,469,142,611
04171100,DELAWARE ACADEMY PAUL MITCHELL PARTNER S,DE,19702-5108,Proprietary  ,10,19,29,117,181,298
        ,OFFICIAL USE ONLY                       ,DC,20202-0000,,0,0,0,3,1,4
00143400,AMERICAN UNIVERSITY                     ,DC,20016-8020,Private      ,112,140,252,14326,11078,25404
00143700,CATHOLIC UNIVERSITY OF AMERICA          ,DC,20064-0002,Private      ,46,90,136,5879,2970,8849
00143711,"CATHOLIC UNIV AMERICA, LAW SCHOOL       ",DC,20064-0000,Private      ,4,8,12,111,1557,1668
00144100,UNIV OF THE DISTRICT OF COLUMBIA        ,DC,20008-0000,Public       ,81,338,419,2658,6725,9383
00144102,UNIV OF THE DIST OF COLU -SCHOOL OF LAW ,DC,20008-1173,Public       ,4,12,16,297,1593,1890
00144300,GALLAUDET UNIVERSITY                    ,DC,20002-3695,Private      ,14,43,57,960,1141,2101
00144400,GEORGE WASHINGTON UNIVERSITY            ,DC,20052-2353,Private      ,99,431,530,13770,13363,27133
00144402,GEORGE WASHINGTON UNIV LAW SCHL         ,DC,20052-0000,Private      ,1,20,21,49,3901,3950
00144403,GEORGE WASHINGTON UNIV SCH MED          ,DC,20052-0000,Private      ,2,35,37,77,1385,1462
00144500,GEORGETOWN UNIVERSITY                   ,DC,20057-1252,Private      ,83,221,304,12820,5847,18667
00144501,"GEORGETOWN UNIV, SCH OF MEDICINE        ",DC,20007-0000,Private      ,8,14,22,59,1307,1366
00144502,GEORGETOWN UNIVERSITY - GRADUATE SCHOOL ,DC,20057-0004,Private      ,2,101,103,39,3513,3552
00144503,GEORGETOWN UNIV LAW CENTER              ,DC,20001-0000,Private      ,1,42,43,49,5341,5390
00144800,HOWARD UNIVERSITY                       ,DC,20059-0001,Private      ,249,225,474,14828,10253,25081
00145900,STRAYER UNIVERSITY                      ,DC,20005-2603,Proprietary  ,316,6150,6466,2311,61237,63548
00146000,TRINITY UNIVERSITY                      ,DC,20017-1004,Private      ,15,114,129,1372,2909,4281
00146400,WESLEY THEOLOGICAL SEMINARY             ,DC,20016-0000,Private      ,0,16,16,2,334,336
00207701,JOHNS HOPKINS UNIV SCH ADV INTL STU     ,DC,20036-0000,Private      ,1,25,26,43,1521,1564
01006500,WASHINGTON THEOLOGICAL UNION            ,DC,20012-0000,Private      ,1,0,1,4,44,48
01195000,THE CORCORAN COLLEGE OF ART & DESIG     ,DC,20006-4804,Private      ,8,15,23,481,530,1011
01280300,DOMINICAN HOUSE OF STUDIES              ,DC,20017-1584,Private      ,0,0,0,0,22,22
02132800,NAT'L CONSERVATORY DRAMATIC ARTS        ,DC,20007-2758,Private      ,0,6,6,27,64,91
02279200,DUDLEY BEAUTY COLG-WASHINGTON           ,DC,20018-0000,Proprietary  ,0,0,0,63,135,198
02588900,SANZ SCHOOL                             ,DC,20006-0000,Proprietary  ,84,336,420,424,1950,2374
03104300,CAREER BLAZERS LEARNING CENTER OF WASHIN,DC,20037-1881,Proprietary  ,22,165,187,92,803,895
03218300,POTOMAC COLLEGE                         ,DC,20016-1860,Proprietary  ,11,96,107,67,566,633
03409600,BENNETT CAREER INSTITUTE                ,DC,20017-1754,Proprietary  ,17,45,62,155,396,551
03750300,TECHNICAL LEARNING CENTERS              ,DC,20006-3749,Proprietary  ,23,220,243,109,873,982
04114400,INSTITUTE OF WORLD POLITICS (THE)       ,DC,20036-1464,Private      ,0,5,5,5,217,222
04142700,PONTIFICAL JOHN PAUL II INSTITUTE FOR ST,DC,20064-0001,Private      ,0,0,0,2,38,40
00145959,STRAYER UNIVERSITY - DOUGLASVILLE       ,GA,30135-1224,Proprietary  ,0,0,0,0,1,1
00154100,ABRAHAM BALDWIN AGRICULTURAL CLG        ,GA,31794-0000,Public       ,66,64,130,3160,2157,5317
00154200,AGNES SCOTT COLLEGE                     ,GA,30030-3770,Private      ,16,17,33,1475,534,2009
00154300,DARTON COLLEGE                          ,GA,31707-3098,Public       ,100,286,386,3773,6894,10667
00154400,ALBANY STATE UNIVERSITY                 ,GA,31705-2796,Public       ,129,195,324,7685,5737,13422
00154500,ANDREW COLLEGE                          ,GA,39840-1395,Private      ,3,3,6,461,119,580
00154600,ARMSTRONG ATLANTIC STATE UNIVERSITY     ,GA,31419-1997,Public       ,126,263,389,6425,6731,13156
00154700,POINT UNIVERSITY                        ,GA,30344-1999,Private      ,13,90,103,597,1532,2129
00155200,AUGUSTA STATE UNIVERSITY                ,GA,30904-2200,Public       ,98,233,331,5657,5905,11562
00155400,BERRY COLLEGE                           ,GA,30149-5007,Private      ,43,15,58,3335,403,3738
00155500,THOMAS UNIVERSITY                       ,GA,31792-7499,Private      ,9,58,67,363,1555,1918
00155600,BRENAU UNIVERSITY                       ,GA,30501-3668,Private      ,58,357,415,1483,3767,5250
00155700,BREWTON PARKER COLLEGE                  ,GA,30445-0000,Private      ,15,17,32,510,358,868
00155800,COASTAL GEORGIA COMMUNITY COLLEGE       ,GA,31520-3644,Public       ,57,144,201,2309,3622,5931
00155900,CLARK ATLANTA UNIVERSITY                ,GA,30314-4385,Private      ,258,205,463,12570,6390,18960
00156000,COLUMBIA THEOLOGICAL SEMINARY           ,GA,30031-0000,Private      ,1,3,4,6,260,266
00156100,COLUMBUS STATE UNIVERSITY               ,GA,31907-5645,Public       ,118,270,388,7186,7239,14425
00156200,GEORGIA PERIMETER COLLEGE               ,GA,30021-0000,Public       ,436,1248,1684,17699,28252,45951
00156300,EMMANUEL COLLEGE                        ,GA,30639-0000,Private      ,8,5,13,862,279,1141
00156400,EMORY UNIVERSITY                        ,GA,30322-1960,Private      ,126,283,409,12892,10871,23763
00156600,FORT VALLEY STATE UNIVERSITY            ,GA,31030-3298,Public       ,82,86,168,6150,3289,9439
00156700,GAINESVILLE STATE COLLEGE               ,GA,30503-0000,Public       ,120,177,297,6714,4774,11488
00156800,INTERDENOMINATIONAL THEOLOGY CENTER     ,GA,30314-0000,Private      ,0,20,20,2,605,607
00156900,GEORGIA INSTITUTE OF TECHNOLOGY         ,GA,30332-0002,Public       ,264,215,479,17058,6212,23270
00157000,SOUTHERN POLYTECHNIC STATE UNIV         ,GA,30060-2896,Public       ,104,181,285,3952,4116,8068
00157100,GEORGIA MILITARY COLLEGE                ,GA,31061-3398,Public       ,285,545,830,4709,6697,11406
00157200,GEORGIA SOUTHERN UNIVERSITY             ,GA,30460-8065,Public       ,601,350,951,23206,8976,32182
00157300,GEORGIA SOUTHWESTERN STATE UNIV         ,GA,31709-4693,Public       ,55,67,122,2605,2560,5165
00157400,GEORGIA STATE UNIVERSITY                ,GA,30303-3010,Public       ,516,893,1409,29932,32129,62061
00157500,GORDON COLLEGE                          ,GA,30204-1762,Public       ,73,104,177,5414,3730,9144
00157700,KENNESAW STATE UNIVERSITY               ,GA,30144-5591,Public       ,326,615,941,20175,17574,37749
00157800,LAGRANGE COLLEGE                        ,GA,30240-2999,Private      ,18,23,41,1448,783,2231
00157900,MEDICAL COLLEGE OF GEORGIA              ,GA,30912-0004,Public       ,13,80,93,622,3069,3691
00158000,MERCER UNIVERSITY                       ,GA,31207-0003,Private      ,77,287,364,4354,9437,13791
00158100,MIDDLE GEORGIA COLLEGE                  ,GA,31014-1599,Public       ,53,85,138,3453,2723,6176
00158200,MOREHOUSE COLLEGE                       ,GA,30314-3773,Private      ,94,59,153,4520,1350,5870
00158500,NORTH GEORGIA COLLEGE & STATE UNIV      ,GA,30597-0001,Public       ,114,116,230,5832,2777,8609
00158600,OGLETHORPE UNIVERSITY                   ,GA,30319-2737,Private      ,29,37,66,1884,750,2634
00158700,PAINE COLLEGE                           ,GA,30901-3182,Private      ,26,44,70,1511,761,2272
00158800,PIEDMONT COLLEGE                        ,GA,30535-5644,Private      ,15,86,101,1048,2428,3476
00158900,REINHARDT UNIVERSITY                    ,GA,30183-2981,Private      ,22,30,52,1003,621,1624
00159000,SAVANNAH STATE UNIVERSITY               ,GA,31404-5298,Public       ,153,123,276,7034,3844,10878
00159100,SHORTER UNIVERSITY                      ,GA,30165-4298,Private      ,22,160,182,2127,3708,5835
00159200,SOUTH GEORGIA COLLEGE                   ,GA,31533-8104,Public       ,38,61,99,1929,1526,3455
00159400,SPELMAN COLLEGE                         ,GA,30314-4399,Private      ,132,58,190,6644,1620,8264
00159600,TOCCOA FALLS COLLEGE                    ,GA,30598-0001,Private      ,3,11,14,829,307,1136
00159700,TRUETT MCCONNELL COLLEGE                ,GA,30528-1264,Private      ,8,9,17,613,180,793
00159800,UNIVERSITY OF GEORGIA                   ,GA,30602-6114,Public       ,385,330,715,27235,13223,40458
00159900,VALDOSTA STATE UNIVERSITY               ,GA,31698-0001,Public       ,220,226,446,13894,7267,21161
00160000,WESLEYAN COLLEGE                        ,GA,31210-4407,Private      ,6,29,35,426,588,1014
00160100,UNIV OF WEST GEORGIA                    ,GA,30118-0002,Public       ,160,224,384,11310,6768,18078
00160200,GEORGIA COLLEGE & STATE UNIVERSITY      ,GA,31061-0490,Public       ,168,93,261,6794,2822,9616
00160400,YOUNG HARRIS COLLEGE                    ,GA,30582-4137,Private      ,12,2,14,1185,144,1329
00348400,COVENANT COLLEGE                        ,GA,30750-4164,Private      ,16,6,22,1350,187,1537
00395600,DALTON STATE COLLEGE                    ,GA,30720-3797,Public       ,74,152,226,4399,4548,8947
00402400,GEORGIA NORTHWESTERN TECHNICAL COLLEGE  ,GA,30161-6757,Public       ,92,478,570,2714,8736,11450
00411700,GRADY HEALTH SYSTEM                     ,GA,30303-3050,Public       ,0,37,37,117,691,808
00489808,MCCANN SCHOOL OF BUSINESS & TECHNOLOGY -,GA,31210-0246,Proprietary  ,0,6,6,2,18,20
00525400,LANIER TECHNICAL COLLEGE                ,GA,30566-3499,Public       ,53,310,363,1457,5116,6573
00525500,MOULTRIE TECHNICAL COLLEGE              ,GA,31768-0000,Public       ,37,193,230,715,2658,3373
00525600,WIREGRASS GEORGIA TECHNICAL COLLEGE     ,GA,31602-0929,Public       ,97,393,490,2103,7107,9210
00551100,OKEFENOKEE TECHNICAL COLLEGE            ,GA,31501-4016,Public       ,28,116,144,579,1923,2502
00559900,AUGUSTA TECHNICAL COLLEGE               ,GA,30906-3399,Public       ,84,419,503,2592,7514,10106
00560000,ATHENS TECHNICAL COLLEGE                ,GA,30601-1579,Public       ,71,334,405,2933,7054,9987
00560100,ALBANY TECHNICAL COLLEGE                ,GA,31701-2648,Public       ,84,332,416,1967,8011,9978
00561500,SOUTHWEST GEORGIA TECHNICAL COLLEGE     ,GA,31792-2622,Public       ,31,136,167,794,2687,3481
00561600,SWAINSBORO TECHNICAL COLLEGE (FORMERLY S,GA,30401-5700,Public       ,0,0,0,21,61,82
00561700,SOUTH GEORGIA TECHNICAL COLLEGE         ,GA,31709-8167,Public       ,57,187,244,1042,2661,3703
00561800,SAVANNAH TECHNICAL COLLEGE              ,GA,31405-5594,Public       ,137,661,798,2596,9938,12534
00561900,NORTH GEORGIA TECHNICAL COLLEGE         ,GA,30523-0000,Public       ,37,150,187,1600,3135,4735
00562000,CHATTAHOOCHEE TECHNICAL COLLEGE         ,GA,30060-3398,Public       ,199,710,909,6717,15872,22589
00562100,SOUTHERN CRESCENT TECHNICAL COLLEGE     ,GA,30223-2097,Public       ,127,376,503,2203,6984,9187
00562101,FLINT RIVER TECHNICAL INSTITUTE         ,GA,30286-0014,Public       ,9,24,33,132,500,632
00562200,DEKALB TECHNICAL COLLEGE                ,GA,30021-0000,Public       ,90,507,597,2366,9927,12293
00562400,COLUMBUS TECHNICAL COLLEGE              ,GA,31904-6572,Public       ,100,364,464,2194,6109,8303
00576300,CENTRAL GEORGIA TECHNICAL COLLEGE       ,GA,31206-3628,Public       ,84,371,455,2380,9836,12216
00772800,MACON STATE COLLEGE                     ,GA,31206-5145,Public       ,77,235,312,3879,6667,10546
00854300,ATLANTA TECHNICAL COLLEGE               ,GA,30310-4499,Public       ,119,636,755,2855,11213,14068
00897600,CLAYTON STATE UNIVERSITY                ,GA,30260-0285,Public       ,89,356,445,6076,11751,17827
00927000,ART INSTITUTE OF ATLANTA (THE)          ,GA,30328-1649,Proprietary  ,422,760,1182,9787,9126,18913
00950700,GEORGIA HIGHLANDS COLLEGE               ,GA,30162-0000,Public       ,81,193,274,4228,4509,8737
00962106,HERZING UNIVERSITY - ATLANTA            ,GA,30326-1162,Proprietary  ,5,44,49,6,53,59
01031903,MEDIX SCHOOL                            ,GA,30080-7630,Proprietary  ,28,123,151,277,1013,1290
01035601,EVEREST INSTITUTE - DEKALB              ,GA,30035-3420,Proprietary  ,16,167,183,225,1342,1567
01048700,WEST GEORGIA TECHNICAL COLLEGE          ,GA,30182-6476,Public       ,122,517,639,3545,9215,12760
01077100,GUPTON JONES COLLEGE                    ,GA,30035-4022,Private      ,9,44,53,149,488,637
01099700,EAST GEORGIA COLLEGE                    ,GA,30401-2699,Public       ,98,80,178,3582,1887,5469
01107400,BAINBRIDGE COLLEGE                      ,GA,39819-8400,Public       ,60,197,257,1506,5314,6820
01110901,EVEREST COLLEGE - EVEREST INSTITUTE     ,GA,30067-8340,Proprietary  ,14,118,132,144,764,908
01110902,EVEREST COLLEGE - ATLANTA               ,GA,30331-2620,Proprietary  ,6,75,81,193,813,1006
01112301,EVEREST COLLEGE - EVEREST INSTITUTE- NOR,GA,30093-2813,Proprietary  ,22,151,173,187,1007,1194
01157400,BAUDER COLLEGE                          ,GA,30313-2439,Proprietary  ,21,134,155,532,1608,2140
01205100,PRO WAY HAIR SCHOOL                     ,GA,30083-2884,Proprietary  ,9,50,59,84,329,413
01216500,ATLANTA METROPOLITAN COLLEGE            ,GA,30310-4498,Public       ,105,349,454,3328,6941,10269
01303900,SOUTH UNIVERSITY                        ,GA,31406-4881,Proprietary  ,544,5898,6442,5217,43649,48866
02055000,WAYCROSS COLLEGE                        ,GA,31503-0000,Public       ,18,46,64,695,1021,1716
02060900,BROWN CLG OF COURT REPORTING & M.T.     ,GA,30318-2570,Proprietary  ,1,51,52,36,563,599
02074800,LIFE UNIVERSITY                         ,GA,30060-0000,Private      ,17,77,94,488,3048,3536
02113613,AMERICAN INTERCONTINENTAL UNIVERSITY    ,GA,30328-1649,Proprietary  ,62,332,394,1359,4218,5577
02116000,SANFORD-BROWN COLLEGE                   ,GA,30328-4803,Proprietary  ,21,188,209,401,2077,2478
02141500,SAVANNAH COLLEGE OF ART & DESIGN        ,GA,31402-3146,Private      ,146,222,368,10274,5355,15629
02202800,AUGUSTA AREA DIET INTERN UNIV HOSP      ,GA,30901-0000,Private      ,0,7,7,11,55,66
02217200,PORTFOLIO CENTER                        ,GA,30309-0000,Proprietary  ,16,28,44,56,203,259
02266200,AMERICAN PROFESSIONAL INSTITUTE         ,GA,31201-3185,Proprietary  ,37,197,234,289,1524,1813
02284300,INTERACTIVE COLLEGE OF TECHNOLOGY       ,GA,30341-0000,Proprietary  ,58,317,375,278,1955,2233
02284308,INTERACTIVE LEARNING SYSTEMS            ,GA,30260-0000,Proprietary  ,5,55,60,75,326,401
02284309,INTERACTIVE COLLEGE OF TECHNOLOGY       ,GA,30501-0000,Proprietary  ,7,83,90,68,467,535
02285500,"CREATIVE CIRCUS, THE                    ",GA,30324-0000,Proprietary  ,9,13,22,110,329,439
02288400,GWINNETT TECHNICAL COLLEGE              ,GA,30043-5702,Public       ,127,533,660,3866,11475,15341
02313902,WESTWOOD COLLEGE - O'HARE AIRPORT - ATLA,GA,30345-2807,Proprietary  ,15,66,81,268,781,1049
02321400,ROFFLER-MOLER HAIRSTYLING COLLEGE       ,GA,30062-0000,Proprietary  ,10,12,22,68,107,175
02354500,SOUTHEASTERN BEAUTY SCHOOLS             ,GA,31906-0000,Proprietary  ,3,32,35,39,175,214
02482100,MOREHOUSE SCHOOL OF MEDICINE            ,GA,30310-0000,Private      ,3,15,18,98,677,775
02502700,ADVANCED CAREER TRAINING                ,GA,30329-0000,Proprietary  ,92,341,433,697,2407,3104
02502701,ADVANCED CAREER TRAINING-RIVERDALE      ,GA,30274-0000,Proprietary  ,9,57,66,244,1120,1364
02508600,MIDDLE GEORGIA TECHNICAL COLLEGE        ,GA,31088-2730,Public       ,83,316,399,1418,4488,5906
02520000,INTERNATIONAL SCH SKIN & NAILCARE       ,GA,30342-1119,Proprietary  ,5,68,73,69,485,554
02577000,ESANI INSTITUTE                         ,GA,30297-0000,Proprietary  ,14,20,34,114,259,373
02577700,BEAUTY COLLEGE OF AMERICA               ,GA,30297-0000,Proprietary  ,5,24,29,51,166,217
02578300,INTERNATIONAL CITY BEAUTY COLLEGE       ,GA,31093-3631,Proprietary  ,0,0,0,3,2,5
02580200,ATLANTA SCHOOL OF MASSAGE               ,GA,30338-0000,Proprietary  ,8,97,105,128,654,782
02583000,GWINNETT COLLEGE OF BUSINESS            ,GA,30047-3447,Proprietary  ,14,80,94,126,797,923
02607600,CAPELLI LEARNING CTR FOR COSM           ,GA,30324-0000,Proprietary  ,11,36,47,113,362,475
02614206,MILLER - MOTTE TECHNICAL COLLEGE - COLUM,GA,31907-3222,Proprietary  ,20,156,176,139,1090,1229
02614207,MILLER - MOTTE TECHNICAL COLLEGE - AUGUS,GA,30907-0921,Proprietary  ,12,96,108,107,601,708
03005400,GEORGIA CAREER INSTITUTE                ,GA,30013-2076,Proprietary  ,33,112,145,312,757,1069
03010619,VIRGINIA COLLEGE - AUGUSTA              ,GA,30909-5515,Proprietary  ,6,68,74,262,1608,1870
03010623,VIRGINIA COLLEGE - MACON                ,GA,31206-3180,Proprietary  ,18,88,106,129,876,1005
03022601,WESTERN CULINARY INSTITUTE - LE CORDON B,GA,30084-5893,Proprietary  ,31,116,147,267,737,1004
03030000,OGEECHEE TECHNICAL COLLEGE              ,GA,30458-8049,Public       ,70,221,291,1549,3564,5113
03032100,ALTAMAHA TECHNICAL COLLEGE              ,GA,31545-4465,Public       ,50,222,272,683,2564,3247
03042700,LAURUSTECHNICAL INSTITUTE               ,GA,30030-1506,Proprietary  ,15,77,92,95,521,616
03066500,SOUTHEASTERN TECHNICAL COLLEGE          ,GA,30474-8817,Public       ,38,121,159,671,2337,3008
03072304,EVEREST COLLEGE - EVEREST INSTITUTE     ,GA,30236-0000,Proprietary  ,20,127,147,146,951,1097
03076300,BEULAH HEIGHTS BIBLE COLLEGE            ,GA,30316-1873,Private      ,1,29,30,65,920,985
03079202,WESTWOOD COLLEGE - ATLANTA MIDTOWN      ,GA,30309-2848,Proprietary  ,34,133,167,654,1613,2267
03081500,SOUTHEASTERN BEAUTY SCHOOL              ,GA,31917-0000,Proprietary  ,6,23,29,63,168,231
03089100,GEORGIA INSTITUTE OF COSMETOLOGY        ,GA,30606-3152,Proprietary  ,30,60,90,217,562,779
03090600,COBB BEAUTY COLLEGE                     ,GA,30144-2828,Proprietary  ,3,18,21,56,162,218
03100900,LUTHER RICE UNIVERSITY                  ,GA,30038-2454,Private      ,1,43,44,42,1155,1197
03102000,RIVERTOWN SCHOOL OF BEAUTY              ,GA,31904-4747,Proprietary  ,11,46,57,96,334,430
03104500,ATLANTA INSTITUTE OF MUSIC              ,GA,30096-4988,Proprietary  ,33,45,78,391,505,896
03116100,VOGUE BEAUTY AND BARBER SCHOOL          ,GA,30141-2226,Proprietary  ,5,30,35,57,217,274
03155500,OCONEE FALL LINE TECHNICAL COLLEGE      ,GA,31082-6179,Public       ,22,75,97,543,1849,2392
03155504,OCONEE FALL LINE TECHNICAL COLLEGE - SOU,GA,31021-0560,Public       ,9,32,41,517,1644,2161
03173300,ATLANTA'S JOHN MARSHALL LAW SCHOOL      ,GA,30309-0000,Proprietary  ,3,31,34,51,1610,1661
03232304,LINCOLN COLLEGE OF TECHNOLOGY           ,GA,30067-8638,Proprietary  ,11,77,88,135,675,810
03418300,GWINNETT COLLEGE-SANDY SPRINGS          ,GA,30328-3161,Proprietary  ,7,37,44,77,372,449
03445500,FAYETTE BEAUTY ACADEMY                  ,GA,30214-1191,Proprietary  ,4,2,6,31,122,153
03523300,AVIATION INSTITUTE OF MAINTENANCE       ,GA,30045-0000,Proprietary  ,25,122,147,353,1183,1536
03635300,CARVER BIBLE COLLEGE                    ,GA,30331-1300,Private      ,1,10,11,32,180,212
03748300,KEVOSNIK SCHOOL OF HAIR DESIGN          ,GA,31021-0000,Proprietary  ,2,6,8,13,57,70
03753400,MICHAEL'S SCHOOL OF BEAUTY              ,GA,30909-0000,Proprietary  ,5,20,25,25,141,166
03804400,JAVELIN TECHNICAL TRAINING CENTER       ,GA,30339-6040,Proprietary  ,30,144,174,217,1165,1382
03812300,OMNITECH INSTITUTE                      ,GA,30035-1206,Proprietary  ,17,54,71,105,464,569
04021300,AUGUSTA SCHOOL OF MASSAGE               ,GA,30809-0000,Proprietary  ,1,11,12,30,132,162
04051331,ART INSTITUTE OF PHOENIX (THE) - BROWN M,GA,30319-3054,Proprietary  ,8,54,62,111,461,572
04091300,SAVANNAH SCHOOL OF MASSAGE THERAPY      ,GA,31406-2711,Private      ,5,18,23,49,208,257
04126800,ACADEMY OF SOMATIC HEALING ARTS (ASHA)  ,GA,30071-1024,Proprietary  ,4,26,30,26,215,241
04142900,GEORGIA GWINNETT COLLEGE                ,GA,30043-7409,Public       ,176,238,414,7929,6012,13941
04147000,PAUL MITCHELL THE SCHOOL ATLANTA        ,GA,30318-5241,Proprietary  ,20,51,71,228,511,739
04147700,LAKE LANIER SCHOOL OF MASSAGE           ,GA,30501-4546,Proprietary  ,6,68,74,53,315,368
04149900,PROFILE INSTITUTE OF BARBER-STYLING     ,GA,30315-8459,Proprietary  ,4,38,42,43,223,266
04150900,PROCESS INSTITUTE OF COSMETOLOGY (THE)  ,GA,30043-7344,Proprietary  ,18,26,44,105,138,243
04152300,GEORGIA BEAUTY ACADEMY                  ,GA,30721-3952,Proprietary  ,5,20,25,66,176,242
04156500,GEORGIA CHRISTIAN UNIVERSITY            ,GA,30047-3778,Private      ,1,6,7,9,39,48
04160200,ATLANTA BEAUTY ACADEMY                  ,GA,30340-1334,Proprietary  ,11,110,121,87,489,576
04204500,ELAINE STERLING INSTITUTE(THE)          ,GA,30342-2633,Proprietary  ,0,25,25,0,36,36
00162800,AMERICAN ACADEMY OF ART                 ,IL,60604-4302,Proprietary  ,17,14,31,946,311,1257
00163300,AUGUSTANA COLLEGE                       ,IL,61201-2296,Private      ,24,6,30,4408,286,4694
00163400,AURORA UNIVERSITY                       ,IL,60506-4892,Private      ,41,143,184,3310,3354,6664
00163600,SOUTHWESTERN ILLINOIS COLLEGE           ,IL,62221-5899,Public       ,177,486,663,4486,8216,12702
00163800,BLACK HAWK COLLEGE                      ,IL,61265-5899,Public       ,76,201,277,2574,3805,6379
00163900,BLACKBURN COLLEGE                       ,IL,62626-1498,Private      ,3,3,6,816,195,1011
00164000,PRAIRIE STATE COLLEGE                   ,IL,60411-8226,Public       ,108,345,453,3186,6039,9225
00164100,BRADLEY UNIVERSITY                      ,IL,61625-0002,Private      ,61,34,95,7503,1461,8964
00164300,SPOON RIVER COLLEGE                     ,IL,61520-8907,Public       ,14,55,69,836,1053,1889
00164700,CITY COLLEGES OF CHICAGO                ,IL,60606-6998,Public       ,58,224,282,2246,3467,5713
00164800,TRUMAN COLLEGE                          ,IL,60640-5691,Public       ,152,425,577,4196,7612,11808
00164900,RICHARD J DALEY COLLEGE                 ,IL,60652-1299,Public       ,138,407,545,3580,6390,9970
00165000,CITY COLLEGES OF CHICAGO-MALCOLM X      ,IL,60612-3197,Public       ,178,629,807,3990,9418,13408
00165200,HAROLD WASHINGTON COLLEGE               ,IL,60601-2403,Public       ,264,574,838,7896,10516,18412
00165400,KENNEDY KING COLLEGE                    ,IL,60621-3798,Public       ,147,700,847,3583,10484,14067
00165500,WRIGHT COLLEGE                          ,IL,60634-1591,Public       ,183,397,580,6125,7873,13998
00165700,MIDWESTERN UNIVERSITY                   ,IL,60515-1200,Private      ,3,27,30,146,3247,3393
00165900,ROSALIND FRANKLIN UNIVERSITY OF MEDICINE,IL,60064-3095,Private      ,3,41,44,40,2630,2670
00166100,CHICAGO THEOLOGICAL SEMINARY            ,IL,60637-0000,Private      ,0,9,9,16,209,225
00166300,SPERTUS COLLEGE                         ,IL,60605-1995,Private      ,0,16,16,1,130,131
00166400,UNIVERSITY OF ST FRANCIS                ,IL,60435-6188,Private      ,23,105,128,1757,2325,4082
00166500,COLUMBIA COLLEGE                        ,IL,60605-1996,Private      ,214,222,436,14843,6560,21403
00166600,CONCORDIA UNIVERSITY                    ,IL,60305-1499,Private      ,24,330,354,2627,4339,6966
00166900,DANVILLE AREA COMMUNITY COLLEGE         ,IL,61832-5199,Public       ,52,130,182,1107,2203,3310
00167100,DEPAUL UNIVERSITY                       ,IL,60604-2287,Private      ,301,624,925,22022,19103,41125
00167400,EASTERN ILLINOIS UNIVERSITY             ,IL,61920-3099,Public       ,144,129,273,11712,4387,16099
00167500,ELGIN COMMUNITY COLLEGE                 ,IL,60123-7193,Public       ,115,239,354,4333,5741,10074
00167600,ELMHURST COLLEGE                        ,IL,60126-3296,Private      ,41,37,78,4315,1448,5763
00167800,EUREKA COLLEGE                          ,IL,61530-9976,Private      ,7,5,12,1148,254,1402
00168100,HIGHLAND COMMUNITY COLLEGE              ,IL,61032-9341,Public       ,27,86,113,1055,1554,2609
00168200,GARRETT-EVANGELICAL THEOLOGICAL SEM     ,IL,60201-0000,Private      ,0,8,8,0,277,277
00168400,GREENVILLE COLLEGE                      ,IL,62246-1199,Private      ,10,57,67,1663,914,2577
00168500,HEBREW THEOLOGICAL COLLEGE              ,IL,60077-3263,Private      ,12,1,13,482,33,515
00168800,ILLINOIS COLLEGE                        ,IL,62650-2299,Private      ,29,10,39,1589,192,1781
00168900,ILLINOIS COLLEGE OF OPTOMETRY           ,IL,60616-3878,Private      ,1,3,4,33,746,779
00169100,ILLINOIS INSTITUTE OF TECHNOLOGY        ,IL,60616-0000,Private      ,38,99,137,3228,2805,6033
00169103,CHICAGO KENT COLLEGE OF LAW             ,IL,60661-0000,Private      ,2,25,27,68,2141,2209
00169200,ILLINOIS STATE UNIVERSITY               ,IL,61790-1000,Public       ,174,162,336,22295,5740,28035
00169300,NORTHEASTERN ILLINOIS UNIV              ,IL,60625-4699,Public       ,130,303,433,7672,8890,16562
00169400,CHICAGO STATE UNIVERSITY                ,IL,60628-1598,Public       ,139,491,630,7170,14143,21313
00169600,ILLINOIS WESLEYAN UNIVERSITY            ,IL,61701-0000,Private      ,15,8,23,3367,218,3585
00169800,JOHN MARSHALL LAW SCHOOL                ,IL,60604-0000,Private      ,2,39,41,41,2846,2887
00169900,JOLIET JUNIOR COLLEGE                   ,IL,60431-8938,Public       ,180,453,633,7902,9092,16994
00170000,JUDSON UNIVERSITY                       ,IL,60123-1498,Private      ,14,67,81,1066,908,1974
00170100,KASKASKIA COLLEGE                       ,IL,62801-7878,Public       ,63,189,252,1686,2875,4561
00170300,KENDALL COLLEGE                         ,IL,60622-4278,Proprietary  ,39,159,198,1325,2685,4010
00170400,KNOX COLLEGE                            ,IL,61401-4999,Private      ,16,6,22,2397,165,2562
00170500,ILLINOIS VALLEY COMMUNITY COLLEGE       ,IL,61348-9692,Public       ,42,120,162,1728,2423,4151
00170600,LAKE FOREST COLLEGE                     ,IL,60045-2399,Private      ,24,9,33,2300,237,2537
00170700,LEWIS UNIVERSITY                        ,IL,60446-2200,Private      ,72,199,271,5423,4219,9642
00170800,LINCOLN CHRISTIAN UNIVERSITY            ,IL,62656-2167,Private      ,3,46,49,479,754,1233
00170900,LINCOLN COLLEGE                         ,IL,62656-1699,Private      ,12,27,39,1312,762,2074
00171000,LOYOLA UNIVERSITY CHICAGO               ,IL,60626-0000,Private      ,163,267,430,16393,13263,29656
00171200,LUTHERAN SCHOOL OF THEOL AT CHICAGO     ,IL,60615-0000,Private      ,1,1,2,2,152,154
00171600,MACCORMAC COLLEGE                       ,IL,60602-4405,Private      ,4,14,18,68,212,280
00171700,MACMURRAY COLLEGE                       ,IL,62650-2590,Private      ,14,14,28,721,377,1098
00172100,MCCORMICK THEOLOGICAL SEMINARY          ,IL,60615-5108,Private      ,0,4,4,1,152,153
00172200,MCKENDREE UNIVERSITY                    ,IL,62254-1299,Private      ,14,88,102,1833,1804,3637
00172300,MEADVILLE LOMBARD THEOLOGICAL SCHOOL    ,IL,60637-1602,Private      ,0,2,2,3,85,88
00172400,MILLIKIN UNIVERSITY                     ,IL,62522-2084,Private      ,38,42,80,3067,1055,4122
00172500,MONMOUTH COLLEGE                        ,IL,61462-1963,Private      ,19,2,21,2209,173,2382
00172700,MOODY BIBLE INSTITUTE                   ,IL,60610-3214,Private      ,27,94,121,1934,1661,3595
00172800,MORTON COLLEGE                          ,IL,60804-4398,Public       ,103,138,241,2733,2678,5411
00173200,NATIONAL UNIV OF HEALTH SCIENCES        ,IL,60148-4583,Private      ,1,30,31,63,1064,1127
00173300,NATIONAL-LOUIS UNIVERSITY               ,IL,60603-3032,Private      ,11,470,481,374,7020,7394
00173400,NORTH CENTRAL COLLEGE                   ,IL,60540-4690,Private      ,31,41,72,3722,1098,4820
00173500,NORTH PARK UNIVERSITY                   ,IL,60625-4895,Private      ,50,113,163,3239,2158,5397
00173600,NORTHERN BAPTIST THEOL SEMINARY         ,IL,60148-0000,Private      ,0,6,6,2,124,126
00173700,NORTHERN ILLINOIS UNIVERSITY            ,IL,60115-2854,Public       ,248,297,545,23009,12015,35024
00173900,NORTHWESTERN UNIV                       ,IL,60208-0001,Private      ,125,327,452,19639,11931,31570
00174100,OLIVET NAZARENE UNIVERSITY              ,IL,60914-2271,Private      ,23,182,205,3551,2570,6121
00174200,IL EASTERN COMM COLGS-OLNEY CENTRAL     ,IL,62450-1099,Public       ,17,39,56,648,879,1527
00174500,QUINCY UNIVERSITY                       ,IL,62301-2699,Private      ,15,40,55,1640,1107,2747
00174600,ROBERT MORRIS UNIVERSITY ILLINOIS       ,IL,60605-1225,Private      ,123,315,438,5533,6242,11775
00174700,ROCK VALLEY COLLEGE                     ,IL,61114-5699,Public       ,97,331,428,3701,6856,10557
00174800,ROCKFORD COLLEGE                        ,IL,61108-2393,Private      ,24,62,86,1254,1539,2793
00174900,ROOSEVELT UNIVERSITY                    ,IL,60605-1394,Private      ,91,260,351,5718,8118,13836
00175000,DOMINICAN UNIVERSITY                    ,IL,60305-1066,Private      ,30,87,117,3045,2231,5276
00175200,SAUK VALLEY COMMUNITY COLLEGE           ,IL,61021-9112,Public       ,26,65,91,1143,1627,2770
00175300,SCHOOL OF ART INSTITUTE OF CHICAGO      ,IL,60603-3013,Private      ,70,60,130,4100,2844,6944
00175400,SEABURY-WESTERN THEO SEMINARY           ,IL,60201-0000,Private      ,0,0,0,0,4,4
00175600,SHIMER COLLEGE                          ,IL,60616-3893,Private      ,1,2,3,172,80,252
00175700,SOUTHEASTERN ILLINOIS COLLEGE           ,IL,62946-4925,Public       ,24,42,66,757,996,1753
00175800,SOUTHERN ILL UNIV-CARBONDALE            ,IL,62901-0000,Public       ,252,386,638,17219,10461,27680
00175900,SOUTHERN ILL UNIV-EDWARDSVILLE          ,IL,62026-1060,Public       ,146,198,344,12582,6956,19538
00175924,SO IL UNIV-SCHL OF DENTAL MEDICINE      ,IL,62002-0000,Public       ,0,2,2,15,201,216
00176100,SPRINGFIELD COLLEGE IN ILLINOIS         ,IL,62702-2694,Private      ,4,20,24,285,429,714
00176500,UNIVERSITY OF ST MARY OF THE LAKE       ,IL,60060-0000,Private      ,0,2,2,2,16,18
00176700,BENEDICTINE UNIVERSITY                  ,IL,60532-0900,Private      ,39,248,287,3133,5069,8202
00176800,ST XAVIER UNIVERSITY                    ,IL,60655-3199,Private      ,69,136,205,5153,4013,9166
00176900,SOUTH SUBURBAN COLLEGE                  ,IL,60473-9978,Public       ,97,368,465,3518,9045,12563
00177100,TRINITY CHRISTIAN COLLEGE               ,IL,60463-0929,Private      ,9,36,45,1449,988,2437
00177200,TRINITY INTERNATIONAL UNIVERSITY        ,IL,60015-1283,Private      ,10,34,44,916,1290,2206
00177300,TRITON COLLEGE                          ,IL,60171-1995,Public       ,194,455,649,4595,6585,11180
00177400,UNIVERSITY OF CHICAGO                   ,IL,60637-1476,Private      ,143,111,254,15668,3816,19484
00177401,UNIV OF CHICAGO PRITZKER SCH OF MED     ,IL,60637-0000,Private      ,4,11,15,55,595,650
00177403,"UNIV OF CHICAGO, BOOTH SCH OF BUS       ",IL,60637-0000,Private      ,2,67,69,42,1515,1557
00177405,UNIVERSITY OF CHICAGO GRADUATE          ,IL,60637-0000,Private      ,3,78,81,98,5641,5739
00177500,UNIV OF ILLINOIS @ URBANA-CHAMPAIGN     ,IL,61820-5796,Public       ,204,194,398,30294,10098,40392
00177600,UNIV OF ILLINOIS AT CHICAGO             ,IL,60607-0000,Public       ,302,475,777,24044,19711,43755
00177800,VANDERCOOK COLLEGE OF MUSIC             ,IL,60616-3731,Private      ,2,11,13,191,129,320
00177900,IL EASTERN COMM COLGS-WABASH VALLEY     ,IL,62863-2699,Public       ,9,25,34,447,536,983
00178000,WESTERN ILLINOIS UNIVERSITY             ,IL,61455-1390,Public       ,151,153,304,12681,4990,17671
00178100,WHEATON COLLEGE                         ,IL,60187-5535,Private      ,12,13,25,2904,671,3575
00178300,WORSHAM COLLEGE OF MORTUARY SCIENCE     ,IL,60090-2646,Proprietary  ,6,19,25,61,188,249
00396100,HARPER COLLEGE                          ,IL,60067-7398,Public       ,183,360,543,6171,7077,13248
00418100,ADVOCATE TRINITY HOSPITAL SCHOOL OF RADI,IL,60617-3982,Private      ,0,0,0,35,102,137
00456000,GEM CITY COLLEGE                        ,IL,62301-4949,Proprietary  ,0,5,5,18,68,86
00456800,MIDSTATE COLLEGE                        ,IL,61614-3558,Proprietary  ,11,70,81,118,1092,1210
00621400,BLESSING RIEMAN COLLEGE OF NURSING      ,IL,62301-0000,Private      ,2,17,19,113,184,297
00621401,BLESSING HOSPITAL - SCHOOL OF MEDICAL LA,IL,62305-7005,Private      ,0,1,1,14,22,36
00621402,BLESSING HOSPITAL - SCHOOL OF RADIOLOGIC,IL,62305-7005,Private      ,0,2,2,18,21,39
00622500,TRINITY COLLEGE OF NURSING AND HEALTH SC,IL,61201-5317,Private      ,3,10,13,90,222,312
00622800,METHODIST MED CTR OF ILL SCH NRSNG      ,IL,61636-0000,Private      ,3,4,7,298,619,917
00624000,ST FRANCIS MED CLG OF NRSG              ,IL,61603-3783,Private      ,2,15,17,237,487,724
00638500,CHAMBERLAIN COLLEGE OF NURSING          ,IL,60101-0000,Proprietary  ,62,1258,1320,1712,14787,16499
00665600,COLLEGE OF DUPAGE                       ,IL,60137-6599,Public       ,316,757,1073,9920,11612,21532
00675300,ILLINOIS CENTRAL COLLEGE                ,IL,61635-0001,Public       ,143,326,469,4601,7269,11870
00693100,WAUBONSEE COMMUNITY COLLEGE             ,IL,60554-0000,Public       ,120,337,457,3258,5023,8281
00711800,PARKLAND COLLEGE                        ,IL,61821-1899,Public       ,106,181,287,4856,5117,9973
00711900,REND LAKE COLLEGE                       ,IL,62846-9801,Public       ,31,107,138,1337,1970,3307
00717000,LINCOLN LAND COMMUNITY COLLEGE          ,IL,62794-9256,Public       ,62,162,224,2767,4961,7728
00726500,CARL SANDBURG COLLEGE                   ,IL,61401-9576,Public       ,36,110,146,1122,2037,3159
00754900,COYNE AMERICAN INSTITUTE                ,IL,60607-1300,Proprietary  ,39,187,226,412,1625,2037
00764400,LAKE LAND COLLEGE                       ,IL,61938-9366,Public       ,54,132,186,2379,3000,5379
00768400,KISHWAUKEE COLLEGE                      ,IL,60150-9699,Public       ,55,106,161,2385,2593,4978
00769000,KANKAKEE COMMUNITY COLLEGE              ,IL,60901-6505,Public       ,48,169,217,1761,3542,5303
00769100,MCHENRY COUNTY COLLEGE                  ,IL,60012-2761,Public       ,60,155,215,2456,2660,5116
00769200,MORAINE VALLEY COMMUNITY COLLEGE        ,IL,60465-0937,Public       ,191,382,573,7057,7163,14220
00769300,SHAWNEE COMMUNITY COLLEGE               ,IL,62992-9725,Public       ,51,114,165,911,1403,2314
00769400,COLLEGE OF LAKE COUNTY                  ,IL,60030-1198,Public       ,213,502,715,4937,7037,11974
00793700,MS ROBERTS ACADEMY OF BEAUTY CULT       ,IL,60181-2930,Proprietary  ,5,17,22,31,100,131
00807600,JOHN A LOGAN COLLEGE                    ,IL,62918-2500,Public       ,70,165,235,2351,3183,5534
00809003,EVEREST COLLEGE - BEDFORD PARK          ,IL,60629-5819,Proprietary  ,7,27,34,24,121,145
00814604,EVEREST UNIVERSITY - EVEREST  COLLEGE   ,IL,60803-4517,Proprietary  ,15,124,139,153,745,898
00825900,EDUCATORS OF BEAUTY                     ,IL,61081-3611,Proprietary  ,7,21,28,54,186,240
00825901,EDUCATORS OF BEAUTY                     ,IL,61104-0000,Proprietary  ,1,9,10,26,113,139
00832800,ALVAREITA'S COLLEGE OF COSMETOLOGY      ,IL,62025-2041,Proprietary  ,5,15,20,41,138,179
00854500,ROCKFORD BUSINESS COLLEGE               ,IL,61103-0000,Proprietary  ,17,90,107,232,1152,1384
00869402,RASMUSSEN COLLEGE - ROCKFORD            ,IL,61108-2513,Proprietary  ,22,144,166,340,1792,2132
00869403,RASMUSSEN COLLEGE - AURORA              ,IL,60506-6219,Proprietary  ,13,68,81,221,784,1005
00869404,RASMUSSEN COLLEGE - ROMEOVILLE          ,IL,60446-0000,Proprietary  ,12,73,85,181,804,985
00869418,RASMUSSEN COLLEGE -  MOKENA             ,IL,60448-0000,Proprietary  ,8,62,70,66,357,423
00888000,MORRISON INSTITUTE OF TECHNOLOGY        ,IL,61270-2959,Private      ,5,0,5,100,42,142
00893800,GRAHAM HOSPITAL SCH OF NURSING          ,IL,61520-2497,Private      ,0,4,4,31,111,142
00893900,CANNELLA SCHOOL OF HAIR DESIGN          ,IL,60406-2130,Proprietary  ,1,15,16,41,136,177
00914500,GOVERNORS STATE UNIVERSITY              ,IL,60466-0975,Public       ,16,285,301,1211,7510,8721
00923200,CATHOLIC THEOLOGICAL UNION              ,IL,60615-0000,Private      ,0,7,7,4,81,85
00933300,UNIV OF ILLINOIS AT SPRINGFIELD         ,IL,62703-5407,Public       ,41,122,163,2372,3510,5882
00947500,EDUCATORS OF BEAUTY                     ,IL,61301-2404,Proprietary  ,1,9,10,22,70,92
00959500,CANNELLA SCHOOL OF HAIR DESIGN          ,IL,60617-4303,Proprietary  ,6,26,32,50,199,249
00976700,OLIVE-HARVEY COLLEGE                    ,IL,60628-1696,Public       ,93,398,491,1955,5315,7270
00978600,IL EASTERN COMM COLGS-LINCOLN TRAIL     ,IL,62454-5708,Public       ,8,28,36,362,501,863
00980000,RUSH UNIVERSITY                         ,IL,60612-3806,Private      ,9,82,91,266,3306,3572
00989600,OAKTON COMMUNITY COLLEGE                ,IL,60016-1268,Public       ,106,237,343,3771,4087,7858
00998700,SAINT ANTHONY COLLEGE OF NURSING        ,IL,61108-2468,Private      ,1,18,19,152,396,548
01002000,LEWIS AND CLARK COMMUNITY COLLEGE       ,IL,62035-2466,Public       ,80,211,291,2354,3588,5942
01031600,LINCOLN COLLEGE OF TECHNOLOGY           ,IL,60160-1605,Proprietary  ,72,127,199,916,1022,1938
01050100,LAKEVIEW  COLLEGE OF NURSING            ,IL,61832-3781,Private      ,1,10,11,182,274,456
01069500,TRI-COUNTY BEAUTY ACADEMY               ,IL,62056-2036,Proprietary  ,1,5,6,16,47,63
01071000,CAPITAL AREA SCH OF PRAC NRSG           ,IL,62707-0000,Public       ,2,12,14,92,581,673
01072700,DEVRY UNIVERSITY                        ,IL,60618-5994,Proprietary  ,1002,7082,8084,21552,100170,121722
01083600,PIVOT POINT INTNL CSMTLGY RSRCH CTR     ,IL,60626-0000,Proprietary  ,39,65,104,433,635,1068
01087900,RICHLAND COMMUNITY COLLEGE              ,IL,62521-8513,Public       ,40,157,197,1069,2661,3730
01102401,EVEREST COLLEGE - CHICAGO               ,IL,60604-2052,Proprietary  ,26,93,119,592,1614,2206
01151002,EVEREST INSTITUTE - EVEREST COLLEGE     ,IL,60542-1610,Proprietary  ,16,87,103,156,637,793
01181000,TAYLOR BUSINESS INSTITUTE               ,IL,60606-5111,Proprietary  ,1,22,23,40,238,278
01185204,ITT TECHNICAL INSTITUTE - ORLAND PARK CA,IL,60467-4900,Proprietary  ,0,0,0,1,0,1
01185800,EVEREST COLLEGE                         ,IL,60077-1074,Proprietary  ,60,232,292,432,1488,1920
01185802,EVEREST COLLEGE - BURR RIDGE            ,IL,60527-7826,Proprietary  ,17,88,105,151,457,608
01185803,EVEREST COLLEGE - MELROSE PARK          ,IL,60160-1526,Proprietary  ,7,39,46,37,136,173
01236200,NORTHWESTERN COLLEGE                    ,IL,60630-2298,Proprietary  ,80,235,315,1990,4411,6401
01238500,BLOOMINGTON-NORMAL SCH RADIOGRAPHY      ,IL,61761-4604,Private      ,2,5,7,16,59,75
01258400,ILLINOIS INSTITUTE OF ART (THE)         ,IL,60654-1593,Proprietary  ,265,377,642,6273,5197,11470
01281300,JOHN WOOD COMMUNITY COLLEGE             ,IL,62305-0401,Public       ,30,96,126,1219,1679,2898
01308700,CAPRI GARFIELD RIDGE SCH OF BTY CLR     ,IL,60629-1613,Proprietary  ,4,19,23,75,231,306
01308800,CAPRI OAK FOREST COLLEGE OF BEAUTY      ,IL,60452-2798,Proprietary  ,11,14,25,137,219,356
02055200,HARRINGTON COLLEGE OF DESIGN            ,IL,60606-3433,Proprietary  ,13,47,60,531,822,1353
02068100,ADLER SCH OF PROFESSIONAL PSYCHLGY      ,IL,60601-0000,Private      ,2,30,32,66,1441,1507
02069300,VATTEROTT COLLEGE                       ,IL,62305-5938,Proprietary  ,9,55,64,123,531,654
02073200,TELSHE YESHIVA-CHICAGO                  ,IL,60625-0000,Private      ,1,1,2,41,9,50
02074400,IL EASTERN COMM COLGS-FRONTIER          ,IL,62837-0000,Public       ,5,23,28,224,458,682
02075400,KELLER GRADUATE SCHOOL OF MGMT.         ,IL,60515-5683,Proprietary  ,6,1435,1441,85,22023,22108
02113600,AMERICAN INTERCONTINENTAL UNIVERSITY    ,IL,60192-3713,Proprietary  ,274,3539,3813,2126,34929,37055
02117400,BECK AREA CAREER CENTER                 ,IL,62278-0000,Public       ,0,5,5,29,207,236
02124400,UNIVERSITY OF SPA & COSMETOLOGY ART     ,IL,62704-0000,Proprietary  ,7,26,33,130,224,354
02150600,COSMETOLOGY AND SPA INSTITUTE (THE)     ,IL,60014-4003,Proprietary  ,10,32,42,86,247,333
02155300,THE CHICAGO SCHOOL OF PROF PSYCHOLOGY   ,IL,60610-4705,Private      ,2,191,193,50,5438,5488
02160300,INTERNATIONAL ACAD OF DESIGN & TECH     ,IL,60602-3319,Proprietary  ,21,41,62,653,943,1596
02160304,INTERNATIONAL ACADEMY OF DESIGN AND TECH,IL,60173-5160,Proprietary  ,5,15,20,147,183,330
02168600,EAST WEST UNIVERSITY                    ,IL,60605-0000,Private      ,27,72,99,993,1830,2823
02179900,ARGOSY UNIVERSITY                       ,IL,60601-7757,Proprietary  ,730,4960,5690,11049,53472,64521
02185400,ST AUGUSTINE COLLEGE                    ,IL,60640-0000,Private      ,54,219,273,711,2486,3197
02192400,MR JOHNS SCHOOL OF COSMETOLOGY          ,IL,62521-0000,Proprietary  ,1,17,18,20,113,133
02202600,CANNELLA SCHOOL OF HAIR DESIGN          ,IL,60181-1321,Proprietary  ,1,11,12,19,113,132
02214100,RESURRECTION UNIVERSITY                 ,IL,60302-2519,Private      ,1,16,17,128,606,734
02228100,MAC DANIEL'S BEAUTY SCHOOL              ,IL,60640-0000,Proprietary  ,2,7,9,30,104,134
02261200,HAIR PROFESSIONALS ACAD COSMETOLOGY     ,IL,60118-0000,Proprietary  ,8,57,65,51,284,335
02261201,HAIR PROFESSIONALS ACADEMY OF COSMETOLOG,IL,60118-9333,Proprietary  ,1,0,1,10,15,25
02262100,HAIR PROFESSIONALS SCH COSMETOLOGY      ,IL,60543-0000,Proprietary  ,6,12,18,54,116,170
02291200,CANNELLA SCHOOL OF HAIR DESIGN          ,IL,60639-0000,Proprietary  ,8,16,24,93,256,349
02295500,CANNELLA SCHOOL OF HAIR DESIGN          ,IL,60120-0000,Proprietary  ,1,20,21,24,98,122
02297500,OEHRLEIN SCHOOL OF COSMETOLOGY          ,IL,61611-0000,Proprietary  ,4,10,14,50,123,173
02312300,LA' JAMES COLLEGE HAIRSTYLING           ,IL,61244-0000,Proprietary  ,1,3,4,26,64,90
02313900,WESTWOOD COLLEGE - O'HARE AIRPORT       ,IL,60631-2801,Proprietary  ,24,82,106,526,1188,1714
02317300,CONCEPT COLLEGE OF COSMETOLOGY          ,IL,61832-0000,Proprietary  ,4,17,21,59,112,171
02319200,LAKE FOREST GRAD SCHL OF MGMT           ,IL,60045-4824,Private      ,0,44,44,2,384,386
02323300,PROFESSIONAL'S CHOICE HAIR DSN ACAD     ,IL,60435-0000,Proprietary  ,5,6,11,33,84,117
02332200,HAIR PROFESSIONALS CAREER COLLEGE       ,IL,60178-0000,Proprietary  ,3,19,22,31,94,125
02337800,THE COLLEGE OF OFFICE TECHNOLOGY        ,IL,60622-0000,Proprietary  ,21,80,101,145,553,698
02349400,ALVAREITA'S COLLEGE OF COSMETOLOGY      ,IL,62035-0000,Proprietary  ,5,7,12,33,83,116
02349500,CANNELLA SCHOOL OF HAIR DESIGN          ,IL,60632-0000,Proprietary  ,3,26,29,72,215,287
02352200,LE CORDON BLEU COLLEGE OF CULINARY ARTS ,IL,60610-3050,Proprietary  ,56,190,246,1144,1953,3097
02498200,G SKIN & BEAUTY INSTITUTE               ,IL,60523-1805,Proprietary  ,11,42,53,89,302,391
02498201,HAIR PROFESSIONALS ACADEMY OF COSMETOLOG,IL,60563-0000,Proprietary  ,0,2,2,18,38,56
02522800,FOX COLLEGE                             ,IL,60453-0000,Proprietary  ,16,36,52,545,543,1088
02527600,LEXINGTON COLLEGE                       ,IL,60607-0000,Private      ,5,7,12,100,84,184
02536700,BELL MAR BEAUTY COLLEGE                 ,IL,60650-0000,Proprietary  ,5,17,22,33,119,152
02556100,ENVIRONMENTAL TECHNICAL INSTITUTE       ,IL,60143-0000,Proprietary  ,36,104,140,123,465,588
02556600,NILES SCHOOL OF COSMETOLOGY             ,IL,60714-0000,Proprietary  ,2,8,10,19,73,92
02573700,INSTITUTE FOR CLINICAL SOCIAL WORK      ,IL,60605-1229,Private      ,2,11,13,26,211,237
02579200,INGALLS MEMORIAL HOSPITAL               ,IL,60426-0000,Private      ,0,3,3,12,69,81
02584900,"FIRST INSTITUTE, INC.                   ",IL,60014-7489,Proprietary  ,12,45,57,98,344,442
02587700,HAIR PROFESSIONALS CAREER COLLEGE       ,IL,60465-1929,Proprietary  ,6,26,32,48,146,194
02599500,HANOVER PARK COLLEGE OF BEAUTY CULT     ,IL,60133-5421,Proprietary  ,2,13,15,67,118,185
02622700,KNOWLEDGE SYSTEMS INSTITUTE             ,IL,60076-0000,Private      ,0,0,0,0,10,10
03002000,HAIRMASTERS INST OF COSMETOLOGY         ,IL,61701-5547,Proprietary  ,1,10,11,35,109,144
03027702,PACIFIC COLLEGE OF ORIENTAL MEDICINE - C,IL,60613-4418,Proprietary  ,3,18,21,19,383,402
03065300,TREND SETTERS COLL OF COSMETOLOGY       ,IL,60915-2101,Proprietary  ,34,35,69,254,288,542
03072701,WESTWOOD COLLEGE OF TECHNOLOGY          ,IL,60409-0000,Proprietary  ,17,78,95,263,1082,1345
03072702,WESTWOOD COLLEGE OF TECHNOLOGY          ,IL,60602-0000,Proprietary  ,21,101,122,522,1539,2061
03078400,CAMEO BEAUTY ACADEMY                    ,IL,60453-3196,Proprietary  ,5,17,22,61,115,176
03079200,WESTWOOD COLLEGE - DUPAGE               ,IL,60517-2321,Proprietary  ,12,49,61,414,663,1077
03082900,ROSEL SCHOOL OF COSMETOLOGY             ,IL,60659-1913,Proprietary  ,3,21,24,42,163,205
03083800,HEARTLAND COMMUNITY COLLEGE             ,IL,61761-9446,Public       ,65,170,235,2577,3189,5766
03098000,ST JOHN'S COLLEGE OF NURSING            ,IL,62702-5321,Private      ,2,11,13,157,195,352
03098002,ST JOHN'S HOSP SCH MED TECH             ,IL,62769-5324,Private      ,1,9,10,9,58,67
03099700,CAIN'S BARBER COLLEGE                   ,IL,60615-3510,Proprietary  ,5,52,57,130,457,587
03099800,ILLINOIS SCHOOL OF HEALTH CAREERS       ,IL,60604-0000,Proprietary  ,46,165,211,402,1285,1687
03101800,ILLINOIS CENTER FOR BROADCASTING        ,IL,60148-7015,Proprietary  ,16,72,88,170,540,710
03128300,PYRAMID CAREER INSTITUTE                ,IL,60657-4207,Proprietary  ,0,0,0,0,7,7
03128500,NATIONAL LATINO EDUCATION INSTITUTE     ,IL,60609-2205,Private      ,6,17,23,37,130,167
03199300,CHRISTIAN LIFE COLLEGE                  ,IL,60056-2522,Private      ,0,0,0,21,41,62
03368300,MIDWEST TECHNICAL INSTITUTE             ,IL,62707-8805,Proprietary  ,90,487,577,690,2896,3586
03416300,COMPUTER SYSTEMS INSTITUTE              ,IL,60077-0000,Proprietary  ,78,317,395,359,1681,2040
03448300,BUSINESS INDUSTRIAL RESOURCES           ,IL,60659-1298,Proprietary  ,42,349,391,234,2218,2452
03455700,CORTIVA INSTITUTE - CHICAGO             ,IL,60602-3315,Proprietary  ,17,51,68,203,561,764
03455701,CORTIVA INSTITUTE - CHICAGO             ,IL,60014-6285,Proprietary  ,0,5,5,12,47,59
03510300,ERIKSON INSTITUTE                       ,IL,60654-4510,Private      ,0,10,10,5,362,367
03623300,VEE'S SCHOOL OF BEAUTY CULTURE          ,IL,62205-2326,Proprietary  ,0,0,0,1,6,7
03643300,"MR. JOHN'S SCHOOL OF JACKSONVILLE,  INC,",IL,62650-3488,Proprietary  ,0,4,4,8,48,56
03655300,ILLINOIS CAREERPATH INSTITUTE           ,IL,60610-4705,Private      ,2,14,16,11,107,118
03684300,NORTHSHORE UNIVERSITY HEALTHSYSTEM SCHOO,IL,60201-9872,Private      ,0,2,2,5,63,68
03721400,AMERICAN CAREER COLLEGE                 ,IL,60402-0000,Proprietary  ,0,0,0,29,67,96
03881400,EUROPEAN MASSAGE THERAPY SCHOOL         ,IL,60077-2269,Proprietary  ,6,38,44,34,198,232
03891300,SOMA INSTITUTE - THE NATIONAL SCHOOL OF ,IL,60604-4466,Proprietary  ,12,49,61,104,349,453
03914300,"CALC, INSTITUTE OF TECHNOLOGY           ",IL,62002-5931,Proprietary  ,6,48,54,54,292,346
04117500,SOLEX MEDICAL ACADEMY                   ,IL,60090-3104,Proprietary  ,1,8,9,12,53,65
04117600,LARRY'S BARBER COLLEGE                  ,IL,60628-2322,Proprietary  ,15,74,89,55,212,267
04118400,ZAREM /GOLDE ORT TECHNICAL INSTITUTE    ,IL,60077-3210,Private      ,6,66,72,46,467,513
04124700,AMERICARE INSTITUTE                     ,IL,60133-5456,Proprietary  ,8,38,46,130,837,967
04136900,UNIVERSITY OF AESTHETICS (THE)          ,IL,60622-2151,Proprietary  ,1,1,2,12,59,71
04137000,UNIVERSITY OF AESTHETICS (THE)          ,IL,60515-5602,Proprietary  ,0,1,1,2,27,29
04137500,TRICOCI UNIVERSITY OF BEAUTY CULTURE    ,IL,60656-1805,Proprietary  ,16,38,54,186,332,518
04139000,CITI COLLEGE OF ALLIED HEALTH           ,IL,60602-1032,Proprietary  ,4,79,83,82,627,709
04141000,AVEDA INSTITUTE CHICAGO                 ,IL,60647-0000,Proprietary  ,15,48,63,203,365,568
04147100,TRICOCI UNIVERSITY OF BEAUTY CULTURE    ,IL,60048-2906,Proprietary  ,9,21,30,115,185,300
04147200,TRICOCI UNIVERSITY OF BEAUTY CULTURE    ,IL,60455-1824,Proprietary  ,11,23,34,83,217,300
04147300,TRICOCI UNIVERSITY OF BEAUTY CULTURE    ,IL,60139-3119,Proprietary  ,12,25,37,87,149,236
04147400,TRICOCI UNIVERSITY OF BEAUTY CULTURE    ,IL,61614-4831,Proprietary  ,3,14,17,50,129,179
04147500,TRICOCI UNIVERSITY OF BEAUTY CULTURE    ,IL,61108-2337,Proprietary  ,16,33,49,94,283,377
04160600,PAUL MITCHELL THE SCHOOL NORMAL         ,IL,61761-0000,Proprietary  ,12,7,19,190,214,404
04167800,INNOVATIONS DESIGN ACADEMY              ,IL,61520-2625,Proprietary  ,1,7,8,23,50,73
04168500,SOLEX COLLEGE                           ,IL,60090-3192,Proprietary  ,1,18,19,5,121,126
04170800,UNITY COSMETOLOGY COLLEGE               ,IL,61764-9652,Proprietary  ,1,9,10,15,58,73
04171600,SALON PROFESSIONAL ACADEMY OF ELGIN (THE,IL,60123-2319,Proprietary  ,4,10,14,30,64,94
04172200,NORTHWESTERN INSTITUTE OF HEALTH AND TEC,IL,60640-4785,Private      ,9,41,50,40,275,315
04174900,SKIN CARE AND SPA INSTITUTE             ,IL,60077-2200,Proprietary  ,3,33,36,16,191,207
04175000,UNIVERSAL SPA TRAINING ACADEMY          ,IL,60515-0000,Proprietary  ,2,18,20,19,138,157
04175800,J RENEE CAREER FACILITATION             ,IL,60014-7986,Proprietary  ,0,15,15,8,84,92
04186000,CHICAGO SCHOOL FOR PIANO TECHNOLOGY (THE,IL,60612-1630,Private      ,0,2,2,1,12,13
04187400,COSMETOLOGY CONCEPTS                    ,IL,60452-2501,Proprietary  ,15,27,42,53,134,187
04189200,SALON PROFESSIONAL ACADEMY (THE)        ,IL,60404-8789,Proprietary  ,5,11,16,27,46,73
04189400,SHEAR LEARNING ACADEMY OF COSMETOLOGY   ,IL,62523-1208,Proprietary  ,2,3,5,4,14,18
04189600,STATE CAREER SCHOOL                     ,IL,60085-5129,Proprietary  ,2,10,12,6,48,54
04192000,CURVE METRIC SCHOOL OF HAIR DESIGN      ,IL,60707-1118,Proprietary  ,2,4,6,2,4,6
00195100,ALICE LLOYD COLLEGE                     ,KY,41844-9703,Private      ,24,12,36,1031,218,1249
00195200,ASBURY COLLEGE                          ,KY,40390-1198,Private      ,13,43,56,1677,696,2373
00195300,ASBURY THEOLOGICAL SEMINARY             ,KY,40390-0000,Private      ,1,47,48,19,1420,1439
00195400,BELLARMINE UNIVERSITY                   ,KY,40205-1877,Private      ,51,128,179,4310,2087,6397
00195500,BEREA COLLEGE                           ,KY,40403-0000,Private      ,43,26,69,2993,915,3908
00195800,BRESCIA UNIVERSITY                      ,KY,42301-3023,Private      ,9,34,43,848,769,1617
00195900,CAMPBELLSVILLE UNIVERSITY               ,KY,42718-2799,Private      ,33,109,142,2637,2110,4747
00196000,SPALDING UNIVERSITY                     ,KY,40203-2188,Private      ,17,157,174,1047,3344,4391
00196100,CENTRE COLLEGE                          ,KY,40422-1394,Private      ,19,8,27,2476,202,2678
00196200,UNIVERSITY OF THE CUMBERLANDS           ,KY,40769-1372,Private      ,34,191,225,2479,2548,5027
00196300,EASTERN KENTUCKY UNIVERSITY             ,KY,40475-3102,Public       ,241,454,695,13333,10841,24174
00196400,GEORGETOWN COLLEGE                      ,KY,40324-1628,Private      ,23,40,63,2456,989,3445
00196500,KENTUCKY CHRISTIAN UNIVERSITY           ,KY,41143-2205,Private      ,6,4,10,803,202,1005
00196800,KENTUCKY STATE UNIVERSITY               ,KY,40601-2355,Public       ,55,72,127,4015,2394,6409
00196900,KENTUCKY WESLEYAN COLLEGE               ,KY,42301-6057,Private      ,20,23,43,1325,395,1720
00197000,LEES COLLEGE                            ,KY,41339-0000,Private      ,0,0,0,0,1,1
00197100,LEXINGTON THEOLOGICAL SEMINARY          ,KY,40508-0000,Private      ,0,9,9,5,77,82
00197200,LINDSEY WILSON COLLEGE                  ,KY,42728-1223,Private      ,43,56,99,2906,1994,4900
00197400,LOUISVILLE PRESBYTERIAN THEOL SEM       ,KY,40205-0000,Private      ,0,6,6,12,174,186
00197500,MIDWAY COLLEGE                          ,KY,40347-1120,Private      ,10,115,125,738,2689,3427
00197600,MOREHEAD STATE UNIVERSITY               ,KY,40351-1689,Public       ,128,224,352,6937,6083,13020
00197700,MURRAY STATE UNIVERSITY                 ,KY,42071-0009,Public       ,109,161,270,7368,4673,12041
00197900,WEST KENTUCKY CMNTY & TECHNICAL COLG    ,KY,42002-7380,Public       ,68,250,318,2048,4698,6746
00198000,UNIVERSITY OF PIKEVILLE                 ,KY,41501-1194,Private      ,39,24,63,2036,739,2775
00198001,UNIVERSITY OF PIKEVILLE - KENTUCKY COLLE,KY,41501-1194,Private      ,0,0,0,20,351,371
00198300,ST. CATHARINE COLLEGE                   ,KY,40061-9499,Private      ,5,25,30,845,589,1434
00198700,TRANSYLVANIA UNIVERSITY                 ,KY,40508-1797,Private      ,21,14,35,1844,306,2150
00198800,UNION COLLEGE                           ,KY,40906-1499,Private      ,24,69,93,1334,1188,2522
00198900,UNIVERSITY OF KENTUCKY                  ,KY,40506-0054,Public       ,296,282,578,20987,10798,31785
00198901,UNIV OF KY-COLLEGE OF DENTISTRY         ,KY,40536-0000,Public       ,2,3,5,21,258,279
00198902,UNIV OF KY-COLLEGE OF MEDICINE          ,KY,40536-0000,Public       ,3,3,6,67,568,635
00199000,ASHLAND COMMUNITY AND TECHNICAL COLLEGE ,KY,41101-3683,Public       ,42,168,210,1662,3418,5080
00199100,ELIZABETHTOWN COMMUNITY  AND TECHNICAL C,KY,42701-3081,Public       ,100,423,523,2816,6940,9756
00199300,HENDERSON COMMUNITY COLLEGE             ,KY,42420-4699,Public       ,16,58,74,604,1732,2336
00199400,HOPKINSVILLE COMMUNITY COLLEGE          ,KY,42241-2621,Public       ,48,360,408,1305,4960,6265
00199600,BIG SANDY COMMUNITY AND TECHNICAL COLG  ,KY,41653-1815,Public       ,55,176,231,2066,3240,5306
00199700,SOMERSET COMMUNITY COLLEGE              ,KY,42501-2973,Public       ,109,366,475,3504,9075,12579
00199800,SOUTHEAST KENTUCKY COMMUNITY AND TECHNIC,KY,40823-1099,Public       ,75,137,212,1410,2216,3626
00199900,UNIVERSITY OF LOUISVILLE                ,KY,40292-0000,Public       ,205,430,635,14792,13922,28714
00200100,THOMAS MORE COLLEGE                     ,KY,41017-3495,Private      ,22,93,115,1545,1027,2572
00200200,WESTERN KENTUCKY UNIVERSITY             ,KY,42101-3576,Public       ,306,449,755,15975,11506,27481
00461800,SPENCERIAN COLLEGE                      ,KY,40216-2605,Proprietary  ,33,205,238,759,2538,3297
00461900,SULLIVAN UNIVERSITY                     ,KY,40205-3000,Proprietary  ,195,625,820,2617,7460,10077
00524400,BLUEGRASS COMMUNITY & TECHNICAL COLLEGE ,KY,40506-0235,Public       ,175,668,843,6114,13115,19229
00527100,BOWLING GREEN TECHNICAL COLLEGE         ,KY,42101-3601,Public       ,56,175,231,1446,4323,5769
00527300,GATEWAY COMMUNITY & TECHNOLOGY COLL     ,KY,41011-0000,Public       ,78,368,446,1585,5227,6812
00696000,MAYSVILLE CMNTY & TECHNCL COLG          ,KY,41056-8910,Public       ,37,186,223,1266,3632,4898
00696100,JEFFERSON COMMUNITY AND TECHNICAL COLLEG,KY,40202-2005,Public       ,184,697,881,7017,16010,23027
00696200,HAZARD COMMUNITY COLLEGE                ,KY,41701-2402,Public       ,40,153,193,1504,2748,4252
00696203,KY TECH-KNOTT CO. TECHNOLOGY CTR        ,KY,41822-0000,Public       ,0,2,2,7,8,15
00696204,KY TECH-LESLIE COUNTY AREA TECH CTR     ,KY,41749-0000,Public       ,0,2,2,1,7,8
00696205,KY TECH-LEE COUNTY AREA TECH CTR        ,KY,41311-0000,Public       ,0,0,0,1,6,7
00696206,KY TECH-LETCHER CNTY AREA TECH CTR      ,KY,41858-0000,Public       ,1,7,8,19,49,68
00696207,KY TECH-BREATHITT COUNTY VOC ED CTR     ,KY,41339-0000,Public       ,1,6,7,8,33,41
00736205,MEDTECH COLLEGE - LEXINGTON             ,KY,40511-1200,Proprietary  ,10,82,92,117,839,956
00842500,DAYMAR COLLEGE                          ,KY,42001-0000,Proprietary  ,3,38,41,64,566,630
00901000,MADISONVILLE COMMUNITY COLLEGE          ,KY,42431-9199,Public       ,22,120,142,1236,2931,4167
00927500,NORTHERN KENTUCKY UNIVERSITY            ,KY,41099-0001,Public       ,141,212,353,10431,8764,19195
00931300,DAYMAR COLLEGE                          ,KY,42301-5830,Proprietary  ,34,213,247,343,3150,3493
01042400,SALON PROFESSIONAL ACADEMY THE          ,KY,40502-1776,Proprietary  ,5,24,29,94,322,416
01048901,NATIONAL COLLEGE - FLORENCE CAMPUS      ,KY,41042-1812,Proprietary  ,0,33,33,34,314,348
01048902,NATIONAL COLLEGE - PIKEVILLE CAMPUS     ,KY,41501-1518,Proprietary  ,4,33,37,110,402,512
01048903,NATIONAL COLLEGE - DANVILLE CAMPUS      ,KY,40422-1517,Proprietary  ,7,41,48,47,465,512
01048904,NATIONAL COLLEGE - RICHMOND CAMPUS      ,KY,40475-2309,Proprietary  ,8,54,62,63,385,448
01048906,NATIONAL COLLEGE - LOUISVILLE CAMPUS    ,KY,40216-4147,Proprietary  ,11,86,97,158,1115,1273
01048907,NATIONAL COLLEGE - LEXINGTON CAMPUS     ,KY,40509-2256,Proprietary  ,5,64,69,108,929,1037
01172500,COLLINS SCHOOL OF COSMETOLOGY           ,KY,40965-2809,Proprietary  ,4,19,23,25,97,122
01208800,SULLIVAN COLLEGE OF TECHNOLOGY AND DESIG,KY,40218-4528,Proprietary  ,39,91,130,624,1247,1871
01212801,SOUTHWESTERN COLLEGE                    ,KY,41042-1466,Proprietary  ,11,64,75,147,673,820
01272300,KY TECH-WAYNE COUNTY AREA TECH CTR      ,KY,42633-1088,Public       ,0,1,1,0,10,10
01291400,EMPIRE BEAUTY SCHOOL                    ,KY,40218-0000,Proprietary  ,14,39,53,127,459,586
01291500,EMPIRE BEAUTY SCHOOL                    ,KY,41042-5113,Proprietary  ,13,27,40,88,259,347
01291600,EMPIRE BEAUTY SCHOOL                    ,KY,40216-4212,Proprietary  ,3,23,26,42,250,292
01291700,EMPIRE BEAUTY SCHOOL                    ,KY,40160-0000,Proprietary  ,2,34,36,92,282,374
01296800,EMPIRE BEAUTY SCHOOL                    ,KY,40207-2695,Proprietary  ,8,13,21,62,164,226
02159100,"APPALACHIAN BEAUTY SCHOOL, INC.         ",KY,41503-0000,Proprietary  ,1,3,4,28,48,76
02177100,EMPIRE BEAUTY SCHOOL                    ,KY,40204-0000,Proprietary  ,6,23,29,91,330,421
02251500,TREND SETTERS ACAD OF BEAUTY CULT       ,KY,40258-0000,Proprietary  ,12,47,59,77,320,397
02275000,JENNY LEA ACADEMY OF COSMETOLOGY        ,KY,40831-0000,Proprietary  ,9,27,36,121,375,496
02284306,INTERACTIVE LEARNING SYSTEMS            ,KY,41042-0000,Proprietary  ,4,20,24,17,90,107
02323700,PAT WILSON'S BEAUTY COLLEGE             ,KY,42420-0000,Proprietary  ,1,11,12,8,79,87
02337200,PJ'S COLLEGE OF COSMETOLOGY             ,KY,42101-0000,Proprietary  ,8,63,71,136,638,774
02340800,PAUL MITCHELL THE SCHOOL LEXINGTON      ,KY,40514-1545,Proprietary  ,9,31,40,168,335,503
02351700,PAUL MITCHELL THE SCHOOL - LOUISVILLE   ,KY,40222-0000,Proprietary  ,8,18,26,184,331,515
02491100,BECKFIELD COLLEGE                       ,KY,41042-0000,Proprietary  ,43,285,328,354,2609,2963
02518900,BARRETT & COMPANY SCH HAIR DESIGN       ,KY,40356-0000,Proprietary  ,5,27,32,38,203,241
02526100,JENNY LEA ACADEMY OF COSMETOLOGY        ,KY,41858-0000,Proprietary  ,2,9,11,21,48,69
02535600,CLEAR CREEK BAPTIST BIBLE COLLEGE       ,KY,40977-0000,Private      ,1,1,2,43,166,209
02551100,PJ'S COLLEGE OF COSMETOLOGY             ,KY,42141-2434,Proprietary  ,2,21,23,37,149,186
02560800,SOUTHEAST SCHOOL OF COSMETOLOGY         ,KY,40962-0000,Proprietary  ,4,15,19,25,89,114
02576200,MID-CONTINENT UNIVERSITY                ,KY,42066-9007,Private      ,16,335,351,412,4002,4414
03002100,KENTUCKY MOUNTAIN BIBLE COLLEGE         ,KY,41385-0010,Private      ,0,3,3,47,38,85
03007000,FRONTIER SCH OF MIDWIFERY&FAMILY NU     ,KY,41749-0000,Private      ,0,171,171,4,1769,1773
03026200,HEAD'S WEST KENTUCKY BEAUTY COLLEGE     ,KY,42431-0000,Proprietary  ,1,8,9,21,66,87
03029200,NU-TEK ACADEMY OF BEAUTY                ,KY,40353-9767,Proprietary  ,1,5,6,15,64,79
03034500,OWENSBORO COMMUNITY & TECHNICAL COLLEGE ,KY,42303-1899,Public       ,57,200,257,1753,3609,5362
03083700,GALEN HEALTH INSTITUTES                 ,KY,40207-1047,Proprietary  ,51,398,449,872,5162,6034
03103500,MR JIM'S BEAUTY COLLEGE                 ,KY,42301-2646,Proprietary  ,2,7,9,21,73,94
03516500,EZELL'S COSMETOLOGY SCHOOL              ,KY,42071-2530,Proprietary  ,3,5,8,35,87,122
03611300,BRIGHTON CENTER'S CENTER FOR EMPLOY     ,KY,41071-1968,Private      ,1,32,33,11,130,141
03804300,BELLEFONTE ACADEMY OF BEAUTY            ,KY,41169-2015,Proprietary  ,2,40,42,33,209,242
03885300,EMPLOYMENT SOLUTIONS                    ,KY,40517-3260,Private      ,11,60,71,50,401,451
03886300,REGENCY SCHOOL OF HAIR DESIGN           ,KY,41653-1278,Proprietary  ,1,4,5,18,88,106
04038300,ATA CAREER EDUCATION                    ,KY,40223-3832,Proprietary  ,18,154,172,246,1387,1633
04051316,ART INSTITUTE OF PHOENIX (THE) - ATS - (,KY,41017-2136,Proprietary  ,16,77,93,166,728,894
04051319,ART INSTITUTE OF PHOENIX (THE) - BROWN M,KY,40219-1916,Proprietary  ,4,54,58,126,488,614
04051320,ART INSTITUTE OF PHOENIX (THE) - BROWN M,KY,42240-3579,Proprietary  ,2,14,16,33,166,199
04123900,LEXINGTON HEALING ARTS ACADEMY          ,KY,40503-1932,Proprietary  ,5,21,26,46,212,258
04177600,LINDSEY INSTITUTE OF COSMETOLOGY        ,KY,42103-8036,Proprietary  ,3,14,17,59,136,195
04177700,TRI-STATE INSTITUTE OF HAIR DESIGN      ,KY,40744-5234,Proprietary  ,5,17,22,15,53,68
04178000,SIMMONS COLLEGE OF KENTUCKY             ,KY,40203-3322,Private      ,0,8,8,18,149,167
00200300,CENTENARY COLLEGE OF LOUISIANA          ,LA,71104-3396,Private      ,9,12,21,1166,377,1543
00200400,DILLARD UNIVERSITY                      ,LA,70122-3097,Private      ,63,51,114,2660,1199,3859
00200500,NICHOLLS STATE UNIVERSITY               ,LA,70310-0001,Public       ,92,110,202,5643,3157,8800
00200600,GRAMBLING STATE UNIVERSITY              ,LA,71245-2215,Public       ,136,143,279,6485,4216,10701
00200700,LOUISIANA COLLEGE                       ,LA,71359-0000,Private      ,20,57,77,1313,949,2262
00200800,LOUISIANA TECH UNIVERSITY               ,LA,71272-0001,Public       ,98,153,251,7152,3639,10791
00201000,LOUISIANA STATE UNIV & A&M COLG         ,LA,70803-5710,Public       ,297,236,533,23879,9156,33035
00201100,LOUISIANA STATE UNIV-ALEXANDRIA         ,LA,71302-9121,Public       ,41,94,135,1661,2433,4094
00201200,LOUISIANA STATE UNIV-EUNICE             ,LA,70535-6726,Public       ,55,72,127,2259,2160,4419
00201300,LOUISIANA STATE UNIV-SHREVEPORT         ,LA,71115-2399,Public       ,59,158,217,2617,3623,6240
00201400,LA STATE UNIV HEALTH SCIENCES CTR       ,LA,70112-2223,Public       ,11,41,52,542,2460,3002
00201500,(THE) UNIVERSITY OF NEW ORLEANS         ,LA,70148-0001,Public       ,122,310,432,6727,8365,15092
00201600,LOYOLA UNIVERSITY NEW ORLEANS           ,LA,70118-6195,Private      ,77,103,180,4819,3347,8166
00201700,MCNEESE STATE UNIVERSITY                ,LA,70609-4510,Public       ,80,157,237,5827,4666,10493
00201900,NEW ORLEANS BAPTIST THEOL SEMINARY      ,LA,70126-0000,Private      ,1,10,11,48,165,213
00202000,UNIVERSITY OF LOUISIANA AT MONROE       ,LA,71209-9001,Public       ,101,138,239,5986,5273,11259
00202100,NORTHWESTERN STATE UNIVERSITY           ,LA,71497-0001,Public       ,103,254,357,5925,6400,12325
00202200,NOTRE DAME SEMINARY                     ,LA,70118-0000,Private      ,0,3,3,7,26,33
00202300,OUR LADY OF HOLY CROSS COLLEGE          ,LA,70131-7399,Private      ,16,52,68,661,1496,2157
00202400,SOUTHEASTERN LOUISIANA UNIV             ,LA,70402-0001,Public       ,241,255,496,11609,6966,18575
00202500,SOUTHERN UNIVERSITY A & M COLLEGE       ,LA,70813-9374,Public       ,125,206,331,7223,7695,14918
00202600,SOUTHERN UNIV NEW ORLEANS               ,LA,70126-0002,Public       ,59,191,250,1878,4605,6483
00202700,ST JOSEPH SEMINARY COLLEGE              ,LA,70457-9990,Private      ,3,0,3,43,24,67
00202900,TULANE UNIVERSITY                       ,LA,70118-5698,Private      ,134,194,328,12798,8215,21013
00203100,UNIV OF LOUISIANA AT LAFAYETTE          ,LA,70504-0001,Public       ,243,219,462,13456,6201,19657
00203200,XAVIER UNIVERSITY OF LOUISIANA          ,LA,70125-1098,Private      ,91,64,155,5290,2143,7433
00462100,AYERS CAREER COLLEGE                    ,LA,71108-5845,Proprietary  ,7,58,65,79,522,601
00462500,DELGADO COMMUNITY COLLEGE               ,LA,70119-0000,Public       ,325,1005,1330,9591,20831,30422
00546700,SOWELA TECHNICAL COMMUNITY COLLEGE      ,LA,70616-6950,Public       ,34,102,136,1201,1875,3076
00546702,SOWELA TECHNICAL COMMUNITY COLLEGE - MOR,LA,70546-1327,Public       ,2,6,8,67,181,248
00547100,NORTHEAST LOUISIANA TECHNICAL COLLEGE   ,LA,71292-9064,Public       ,18,64,82,274,876,1150
00547101,NORTHEAST LOUISIANA TECHNICAL COLLEGE   ,LA,71241-0000,Public       ,2,1,3,21,96,117
00547102,NORTHEAST LOUISIANA TECHNICAL COLLEGE   ,LA,71270-0000,Public       ,5,12,17,360,436,796
00547103,NORTHEAST LOUISIANA TECHNICAL COLLEGE   ,LA,71295-0000,Public       ,8,17,25,93,277,370
00547104,NORTHEAST LOUISIANA TECHNICAL COLLEGE   ,LA,71220-0000,Public       ,4,14,18,89,211,300
00548800,LOUISIANA TECH COLG-BATON ROUGE         ,LA,70807-0000,Public       ,28,74,102,617,1618,2235
00548804,LOUISIANA TECHNICAL COLLEGE - ASCENSION ,LA,70778-3007,Public       ,0,0,0,17,29,46
00548812,LOUISIANA TECH COLG-FOLKES CAMPUS       ,LA,70748-0000,Public       ,3,12,15,44,112,156
00548817,LOUISIANA TEC CLG-JUMONVILLE MEM CP     ,LA,70760-0000,Public       ,4,10,14,71,183,254
00548842,LOUISIANA TECHNICAL COLLEGE - WESTSIDE C,LA,70765-0733,Public       ,0,5,5,52,161,213
00548900,CENTRAL LOUISIANA TECHNICAL COLLEGE     ,LA,71302-3137,Public       ,14,43,57,293,815,1108
00548901,CENTRAL LOUISIANA TECHNICAL COLLEGE     ,LA,71327-3743,Public       ,14,22,36,115,220,335
00548902,CENTRAL LOUISIANA TECHNICAL COLLEGE     ,LA,71483-3563,Public       ,9,11,20,98,259,357
00548903,CENTRAL LOUISIANA TECHNICAL COLLEGE     ,LA,71302-6511,Public       ,2,27,29,105,389,494
00548904,CENTRAL LOUISIANA TECHNICAL COLLEGE     ,LA,71463-3536,Public       ,7,17,24,75,185,260
00548905,CENTRAL LOUISIANA TECHNICAL COLLEGE     ,LA,71334-2232,Public       ,12,17,29,79,255,334
00552600,SOUTH CENTRAL LOUISIANA TECHNICAL COLG  ,LA,70381-2148,Public       ,13,28,41,151,468,619
00552602,SOUTH CENTRAL LOUISIANA TECHNICAL COLG  ,LA,70302-4336,Public       ,10,20,30,147,345,492
00552603,SOUTH CENTRAL LOUISIANA TECHNICAL COLG  ,LA,70084-6632,Public       ,16,32,48,332,671,1003
00576100,L. E. FLETCHER TECHNICAL COMMUNITY COLLE,LA,70360-2863,Public       ,30,52,82,983,1584,2567
00675600,NORTHSHORE TECHNICAL COLLEGE            ,LA,70427-5866,Public       ,17,72,89,289,980,1269
00675603,NORTHSHORE TECHNICAL COLLEGE - HAMMOND  ,LA,70401-0000,Public       ,32,58,90,403,922,1325
00675604,NORTHSHORE TECHNICAL COLLEGE - FLORIDA  ,LA,70441-0000,Public       ,7,23,30,140,418,558
00768600,SOUTHERN UNIV AT SHREVEPORT/BOSSIER     ,LA,71107-4795,Public       ,73,220,293,1448,3480,4928
00777707,REMINGTON COLLEGE - CLEVELAND CAMPUS - L,LA,70508-5760,Private      ,5,24,29,125,373,498
00777708,REMINGTON COLLEGE - CLEVELAND CAMPUS - B,LA,70816-4040,Private      ,24,81,105,212,621,833
00806700,LSU HEALTH SCIENCES CENTR-SHREVEPOR     ,LA,71130-3932,Public       ,7,44,51,361,1209,1570
00989800,DEMMON SCHOOL OF BEAUTY                 ,LA,70607-2128,Proprietary  ,6,14,20,24,95,119
00997500,NORTHWEST LOUISIANA TECHNICAL COLLEGE   ,LA,71055-2422,Public       ,15,38,53,230,611,841
00997503,NORTHWEST LOUISIANA TECHNICAL COLLEGE   ,LA,71137-8527,Public       ,24,88,112,334,1487,1821
00997504,NORTHWEST LOUISIANA TECHNICAL COLLEGE   ,LA,71052-1236,Public       ,1,11,12,51,189,240
00997505,NORTHWEST LOUISIANA TECHNICAL COLLEGE   ,LA,71449-0790,Public       ,1,20,21,50,174,224
00997506,NORTHWEST LOUISIANA TECHNICAL COLLEGE   ,LA,71458-0657,Public       ,11,36,47,166,391,557
01005701,AMERICAN COMMERCIAL COLLEGE             ,LA,71105-2502,Proprietary  ,3,19,22,34,257,291
01109700,CLOYD'S BEAUTY SCHOOL #1                ,LA,71291-3131,Proprietary  ,6,33,39,62,219,281
01163100,"D-JAY'S SCHL OF BEAUTY, ARTS & SCI      ",LA,70806-0000,Proprietary  ,2,20,22,60,177,237
01184100,JOHN JAY BEAUTY COLLEGE                 ,LA,70124-2592,Proprietary  ,6,13,19,80,165,245
01282300,PAT GOINS RUSTON BEAUTY SCHOOL          ,LA,71270-4301,Proprietary  ,2,9,11,28,56,84
01287900,PAT GOINS BENTON ROAD BEAUTY SCHOOL     ,LA,71111-4838,Proprietary  ,2,8,10,24,71,95
01288000,PAT GOINS BEAUTY SCHOOL                 ,LA,71201-5167,Proprietary  ,2,2,4,25,62,87
02055400,BOSSIER PARISH COMMUNITY COLLEGE        ,LA,71111-0000,Public       ,157,372,529,3391,5934,9325
02055500,DELTA SCH OF BUSINESS & TECHNOLOGY      ,LA,70601-0000,Proprietary  ,11,39,50,135,531,666
02117800,AVEDA INSTITUTE LAFAYETTE               ,LA,70503-3246,Proprietary  ,5,17,22,137,240,377
02166100,NUNEZ COMMUNITY COLLEGE                 ,LA,70043-0000,Public       ,43,160,203,689,2052,2741
02166200,ITI TECHNICAL COLLEGE                   ,LA,70817-0000,Proprietary  ,28,81,109,461,794,1255
02197500,BATON ROUGE SCHOOL OF COMPUTERS         ,LA,70809-8188,Proprietary  ,5,14,19,47,123,170
02214800,ACADIANA TECHNICAL COLLEGE              ,LA,70506-4109,Public       ,23,64,87,742,1543,2285
02214802,ACADIANA TECHNICAL COLLEGE - ACADIAN    ,LA,70526-4109,Public       ,6,21,27,146,348,494
02214803,ACADIANA TECHNICAL COLLEGE - C.B. COREIL,LA,70586-0000,Public       ,7,20,27,136,288,424
02214804,ACADIANA TECHNICAL COLLEGE - EVANGELINE ,LA,70582-0000,Public       ,8,10,18,77,270,347
02214805,ACADIANA TECHNICAL COLLEGE - GULF AREA  ,LA,70510-0000,Public       ,8,21,29,142,367,509
02214806,ACADIANA TECHNICAL COLLEGE - T.H. HARRIS,LA,70570-0000,Public       ,14,32,46,392,712,1104
02214807,ACADIANA TECHNICAL COLLEGE - TECHE AREA ,LA,70562-0000,Public       ,11,22,33,250,465,715
02234000,CAMERON COLLEGE                         ,LA,70119-0000,Proprietary  ,9,52,61,93,300,393
02258400,AVEDA INSTITUTE BATON ROUGE             ,LA,70816-2246,Proprietary  ,14,39,53,212,294,506
02260200,DIESEL DRIVING ACADEMY                  ,LA,71109-5617,Proprietary  ,18,126,144,84,654,738
02265600,JOHN JAY KENNER ACADEMY                 ,LA,70062-0000,Proprietary  ,3,5,8,43,105,148
02269300,STEVENSON'S ACADEMY OF HAIR DESIGN      ,LA,70116-0000,Proprietary  ,3,23,26,78,206,284
02327800,PINEVILLE BEAUTY SCHOOL                 ,LA,71360-0000,Proprietary  ,2,7,9,40,102,142
02335700,BATON ROUGE GENERAL MEDICAL CENTER      ,LA,70806-3889,Private      ,2,5,7,53,168,221
02335701,BATON ROUGE GEN MED CTR SCH NSG         ,LA,70821-0000,Private      ,2,10,12,73,234,307
02335702,BATON ROUGE GEN MED CTR-RAD TECH        ,LA,70806-0000,Private      ,2,5,7,42,94,136
02338000,"CLOYD'S BEAUTY SCHOOL #2, INC           ",LA,71202-3539,Proprietary  ,5,32,37,55,211,266
02352500,"CLOYD'S BEAUTY SCHOOL #3, INC           ",LA,71201-3211,Proprietary  ,6,33,39,52,204,256
02358600,"STAGE ONE THE HAIR SCHOOL, INC.         ",LA,70605-0000,Proprietary  ,4,16,20,80,158,238
02518300,SOUTH LOUISIANA BEAUTY COLLEGE          ,LA,70363-0000,Proprietary  ,5,8,13,47,81,128
02536400,LOUISIANA ACADEMY OF BEAUTY             ,LA,70535-0000,Proprietary  ,3,9,12,38,70,108
02538300,DELTA COLLEGE OF ARTS & TECH INC        ,LA,70806-1529,Proprietary  ,20,69,89,220,672,892
02538301,DELTA COLLEGE OF ARTS & TECHNOLOGY - LAF,LA,70508-6831,Proprietary  ,9,47,56,92,295,387
02548500,COSMETOLOGY TRAINING CENTER             ,LA,70503-0000,Proprietary  ,14,16,30,91,147,238
02554800,VANGUARD COLLEGE OF COSMETOLOGY         ,LA,70458-8823,Proprietary  ,21,19,40,183,273,456
02582200,"GUY'S ACADEMY HAIR, SKIN & NAILS        ",LA,71105-2404,Proprietary  ,1,26,27,41,212,253
02600900,AVEDA INSTITUTE                         ,LA,70433-2922,Proprietary  ,97,223,320,1027,1998,3025
02601000,AMERICAN SCHOOL OF BUSINESS             ,LA,71105-5646,Proprietary  ,3,33,36,37,250,287
02601100,OPELOUSAS SCHOOL OF COSMETOLOGY         ,LA,70570-6156,Proprietary  ,2,13,15,16,55,71
02606800,CAREER TRAINING SPECIALISTS             ,LA,71201-6046,Proprietary  ,27,92,119,377,1049,1426
02606801,CAREER TECHNICAL COLLEGE - SHREVEPORT   ,LA,71105-2405,Proprietary  ,18,91,109,231,764,995
02617100,BATON ROUGE COLLEGE                     ,LA,70806-1725,Proprietary  ,4,11,15,139,258,397
02619200,DENHAM SPRINGS BEAUTY COLLEGE           ,LA,70726-3829,Proprietary  ,0,16,16,55,140,195
03010400,CRESCENT CITY SCH GAMING & BARTENDG     ,LA,70119-5507,Proprietary  ,25,206,231,116,911,1027
03010624,VIRGINIA COLLEGE - BATON ROUGE          ,LA,70815-8604,Proprietary  ,14,66,80,236,920,1156
03023500,CAMELOT CAREER COLLEGE                  ,LA,70805-7539,Proprietary  ,17,38,55,150,311,461
03030900,DIESEL DRIVING ACADEMY                  ,LA,70815-8109,Proprietary  ,14,117,131,66,588,654
03095100,GRETNA CAREER COLLEGE                   ,LA,70053-2436,Proprietary  ,8,41,49,87,347,434
03106200,OUR LADY OF THE LAKE COLLEGE            ,LA,70808-4345,Private      ,22,62,84,953,2166,3119
03253300,JONESVILLE BEAUTY SCHOOL                ,LA,71343-0000,Proprietary  ,7,28,35,103,177,280
03294300,BLUE CLIFF SCH THERAPEUTIC MASSAGE      ,LA,70002-3458,Proprietary  ,30,164,194,371,1578,1949
03332600,DELTA COLLEGE                           ,LA,70433-9042,Proprietary  ,7,42,49,125,443,568
03332601,DELTA COLLEGE - SLIDELL                 ,LA,70460-2624,Proprietary  ,9,61,70,109,420,529
03356300,MEDICAL TRAINING COLLEGE                ,LA,70816-5820,Proprietary  ,18,68,86,165,440,605
03422500,BLUE CLIFF COLLEGE                      ,LA,71107-6520,Proprietary  ,27,174,201,297,1409,1706
03422600,BLUE CLIFF COLLEGE                      ,LA,70508-3858,Proprietary  ,26,184,210,300,1283,1583
03480300,MEDVANCE INSTITUTE                      ,LA,70809-1908,Proprietary  ,17,94,111,247,852,1099
03498400,OMEGA INSTITUTE OF COSMETOLOGY          ,LA,70360-0000,Proprietary  ,4,8,12,49,77,126
03727500,MOORE CAREER COLLEGE                    ,LA,70808-4191,Proprietary  ,2,5,7,19,67,86
03730300,BATON ROUGE COMMUNITY COLLEGE           ,LA,78806-4129,Public       ,194,323,517,6144,7978,14122
03752400,SCHOOL OF URBAN MISSIONS                ,LA,70053-0000,Private      ,7,18,25,163,262,425
03789300,UNITECH TRAINING ACADEMY                ,LA,70503-5132,Proprietary  ,12,64,76,135,403,538
03789301,UNITECH TRAINING ACADEMY - WEST MONROE  ,LA,71291-2913,Proprietary  ,4,48,52,78,318,396
03789302,UNITECH TRAINING ACADEMY - HOUMA        ,LA,70363-5556,Proprietary  ,9,35,44,73,246,319
03789303,UNITECH TRAINING ACADEMY -  ALEXANDRIA  ,LA,71303-3625,Proprietary  ,5,41,46,50,330,380
03789304,UNITECH TRAINING ACADEMY - LAKE CHARLES ,LA,70601-7887,Proprietary  ,12,53,65,81,332,413
03789400,RIVER PARISHES COMMUNITY COLLEGE        ,LA,70778-0310,Public       ,40,80,120,808,1366,2174
03810500,COURT REPORTING INSTITUTE OF LOUISI     ,LA,70816-0000,Proprietary  ,0,8,8,14,97,111
03956300,SOUTH LOUISIANA COMMUNITY COLLEGE       ,LA,70506-0000,Public       ,60,107,167,2115,2422,4537
04040300,COMPASS CAREER COLLEGE                  ,LA,70403-0653,Proprietary  ,9,52,61,99,363,462
04112300,LOUISIANA CULINARY INSTITUTE            ,LA,70816-4109,Proprietary  ,10,31,41,193,324,517
04120700,ALDEN'S SCHOOL OF COSMETOLOGY           ,LA,70714-1502,Proprietary  ,1,7,8,31,116,147
04130100,LOUISIANA DELTA COMMUNITY COLLEGE       ,LA,71203-3618,Public       ,53,145,198,1677,3026,4703
04130101,LOUISIANA TECHNICAL COLG - TALLULAH     ,LA,71284-0000,Public       ,1,10,11,34,114,148
04149500,A & W HEALTHCARE EDUCATORS              ,LA,70122-3146,Proprietary  ,2,10,12,33,231,264
04151600,MY-LE'S BEAUTY COLLEGE                  ,LA,70056-3150,Proprietary  ,6,33,39,41,207,248
00143600,CAPITOL COLLEGE                         ,MD,20708-9759,Private      ,7,29,36,467,526,993
00146200,WASHINGTON BIBLE COLLEGE                ,MD,20706-3599,Private      ,5,21,26,89,447,536
00205700,ALLEGANY COLLEGE OF MARYLAND            ,MD,21502-2596,Public       ,71,134,205,2592,2357,4949
00205800,ANNE ARUNDEL COMMUNITY COLLEGE          ,MD,21012-1895,Public       ,227,741,968,5253,10229,15482
00206100,BALTIMORE CITY COMMUNITY COLLEGE        ,MD,21215-7893,Public       ,160,654,814,3669,11176,14845
00206200,BOWIE STATE UNIVERSITY                  ,MD,20715-9465,Public       ,128,228,356,7768,6345,14113
00206300,COMMUNITY COLLEGE OF BALTIMORE COUNTY   ,MD,21228-5381,Public       ,484,1344,1828,10002,19712,29714
00206400,COLLEGE OF SOUTHERN MARYLAND            ,MD,20646-0910,Public       ,118,315,433,3652,5700,9352
00206500,NOTRE DAME OF MARYLAND UNIVERSITY       ,MD,21210-2476,Private      ,7,101,108,863,1906,2769
00206700,WASHINGTON ADVENTIST UNIVERSITY         ,MD,20912-7796,Private      ,12,49,61,966,1488,2454
00206800,COPPIN STATE UNIVERSITY                 ,MD,21216-3698,Public       ,111,206,317,4042,5581,9623
00207100,FREDERICK COMMUNITY COLLEGE             ,MD,21702-9745,Public       ,89,201,290,2174,3347,5521
00207200,FROSTBURG STATE UNIVERSITY              ,MD,21532-1099,Public       ,85,61,146,6857,1846,8703
00207300,GOUCHER COLLEGE                         ,MD,21204-2794,Private      ,35,36,71,3325,918,4243
00207400,HAGERSTOWN COMMUNITY COLLEGE            ,MD,21742-6514,Public       ,59,226,285,1918,3861,5779
00207500,HARFORD COMMUNITY COLLEGE               ,MD,21015-1696,Public       ,93,200,293,2380,3409,5789
00207600,HOOD COLLEGE                            ,MD,21701-8575,Private      ,29,38,67,2314,999,3313
00207700,JOHNS HOPKINS UNIVERSITY                ,MD,21218-2693,Private      ,79,84,163,9352,3053,12405
00207702,JOHNS HOPKINS UNIV SCH ARTS/SCI/ENG     ,MD,21218-0000,Private      ,19,117,136,3617,2342,5959
00207703,JOHNS HOPKINS UNIV SCH OF BUS/ED        ,MD,21046-0000,Private      ,3,74,77,72,1796,1868
00207705,JOHNS HOPKINS BLOOMBERG SCH OF PH       ,MD,21205-0000,Private      ,0,32,32,28,1582,1610
00207706,JOHNS HOPKINS UNIV SCH OF MEDICINE      ,MD,21205-0000,Private      ,9,23,32,201,1083,1284
00207707,JOHNS HOPKINS UNIV SCH OF NURSING       ,MD,21205-0000,Private      ,6,48,54,306,1209,1515
00207708,JOHNS HOPKINS UNIV PEABODY CONSERV      ,MD,21202-2397,Private      ,3,2,5,607,509,1116
00207800,LOYOLA UNIVERSITY MARYLAND              ,MD,21210-2699,Private      ,72,89,161,8790,2704,11494
00208000,MARYLAND INST COLLEGE OF ART            ,MD,21217-4191,Private      ,30,36,66,3044,1094,4138
00208300,MORGAN STATE UNIVERSITY                 ,MD,21251-0002,Public       ,171,255,426,11817,7590,19407
00208600,MOUNT SAINT MARY'S UNIVERSITY           ,MD,21727-7799,Private      ,32,25,57,3379,571,3950
00208700,NER ISRAEL RABBINICAL COLLEGE           ,MD,21208-1198,Private      ,8,13,21,118,58,176
00208900,PRINCE GEORGES COMMUNITY COLLEGE        ,MD,20774-2199,Public       ,277,739,1016,6920,12860,19780
00209100,SALISBURY UNIVERSITY                    ,MD,21801-6862,Public       ,137,80,217,11557,2561,14118
00209200,ST JOHN'S COLLEGE                       ,MD,21404-0000,Private      ,2,14,16,659,226,885
00209500,ST. MARY'S COLLEGE OF MARYLAND          ,MD,20686-3001,Public       ,15,9,24,2777,330,3107
00209600,ST MARY'S SEMINARY & UNIV               ,MD,21210-1994,Private      ,1,2,3,27,52,79
00209900,TOWSON UNIVERSITY                       ,MD,21252-0002,Public       ,327,268,595,24163,9517,33680
00210200,UNIVERSITY OF BALTIMORE                 ,MD,21201-5779,Public       ,49,228,277,1784,7486,9270
00210300,"UNIVERSITY OF MARYLAND, COLLEGE PARK    ",MD,20742-5145,Public       ,397,511,908,32776,15399,48175
00210400,"UNIVERSITY OF MARYLAND, BALTIMORE       ",MD,21201-1691,Public       ,73,286,359,3884,11311,15195
00210500,UMBC                                    ,MD,21250-0002,Public       ,160,218,378,10219,5720,15939
00210600,UNIVERSITY MARYLAND EASTERN SHORE       ,MD,21853-4053,Public       ,87,88,175,5662,2441,8103
00210700,STEVENSON UNIVERSITY                    ,MD,21153-0641,Private      ,89,99,188,6456,2184,8640
00210800,WASHINGTON COLLEGE                      ,MD,21620-1197,Private      ,26,9,35,2848,147,2995
00210900,MCDANIEL COLLEGE                        ,MD,21157-4390,Private      ,29,36,65,2929,825,3754
00458612,KAPLAN COLLEGE                          ,MD,21742-2797,Proprietary  ,37,178,215,325,1654,1979
00458614,KAPLAN COLLEGE - FREDERICK              ,MD,21704-8307,Proprietary  ,5,23,28,25,191,216
00465000,CHESAPEAKE COLLEGE                      ,MD,21679-0008,Public       ,33,148,181,1388,2049,3437
00691100,MONTGOMERY COLLEGE                      ,MD,20850-1195,Public       ,345,664,1009,11114,13039,24153
00734100,INTERNATIONAL BEAUTY SCHOOL             ,MD,21502-2370,Proprietary  ,11,93,104,79,559,638
00744700,DEL-MAR-VA BEAUTY ACADEMY               ,MD,21804-0000,Proprietary  ,6,11,17,59,134,193
00749100,TESST COLLEGE OF TECHNOLOGY             ,MD,21227-1063,Proprietary  ,33,184,217,350,1563,1913
00793600,LINCOLN TECHNICAL INSTITUTE             ,MD,21046-1544,Proprietary  ,83,134,217,763,1114,1877
00817500,HOWARD COMMUNITY COLLEGE                ,MD,21044-3197,Public       ,138,348,486,3569,4972,8541
00826300,AWARD BEAUTY SCHOOL                     ,MD,21740-5624,Proprietary  ,15,90,105,88,348,436
00830800,CECIL COLLEGE                           ,MD,21901-1999,Public       ,34,91,125,1105,1643,2748
00907906,EVEREST COLLEGE- EVEREST INSTITUTE      ,MD,20910-3737,Proprietary  ,44,120,164,294,920,1214
01001400,GARRETT COMMUNITY COLLEGE               ,MD,21541-1265,Public       ,19,18,37,939,481,1420
01031900,MEDIX SCHOOL                            ,MD,21204-2538,Proprietary  ,75,402,477,755,3117,3872
01041000,TESST COLLEGE OF TECHNOLOGY             ,MD,21286-2201,Proprietary  ,34,109,143,185,701,886
01164400,UNIV OF MARYLAND UNIVERSITY COLLEGE     ,MD,20783-8078,Public       ,181,5100,5281,3132,39783,42915
01164402,U OF MD UNIVERSITY COLLEGE - EUROPE     ,MD,20832-0000,Public       ,16,76,92,462,1124,1586
01164404,U OF MD UNIVERSITY COLLEGE - ASIA       ,MD,31207-0000,Public       ,2,82,84,72,852,924
02073900,WOR-WIC COMMUNITY COLLEGE               ,MD,21804-0000,Public       ,58,201,259,1743,3536,5279
02083600,TESST COLLEGE OF TECHNOLOGY             ,MD,20705-2698,Proprietary  ,23,110,133,296,977,1273
02116005,SANFORD-BROWN INSTITUTE - LANDOVER      ,MD,20785-2287,Proprietary  ,23,105,128,233,1090,1323
02127900,SOJOURNER DOUGLASS COLLEGE              ,MD,21205-0000,Private      ,19,224,243,236,3107,3343
02155100,MARYLAND COLLEGE OF ART AND DESIGN      ,MD,20902-0000,Private      ,6,8,14,158,153,311
02269700,"COLORLAB ACADEMY OF HAIR, THE           ",MD,21014-3639,Proprietary  ,7,18,25,38,88,126
02314800,BALTIMORE INTERNATIONAL COLLEGE         ,MD,21202-0000,Private      ,11,22,33,531,680,1211
02331000,MARYLAND BEAUTY ACADEMY OF ESSEX        ,MD,21221-0000,Proprietary  ,7,22,29,66,201,267
02333000,HAIR ACADEMY                            ,MD,20784-0000,Proprietary  ,37,81,118,268,576,844
02343800,MONTGOMERY BEAUTY SCHOOL                ,MD,20901-0000,Proprietary  ,15,34,49,87,240,327
02494700,BALTIMORE STUDIO OF HAIR DESIGN         ,MD,21201-0000,Proprietary  ,11,39,50,123,293,416
02495000,ROBERT PAUL ACAD COSMTGY ARTS & SCI     ,MD,21093-0000,Proprietary  ,5,4,9,60,99,159
02495100,MARYLAND BEAUTY ACADEMY                 ,MD,21136-0000,Proprietary  ,1,6,7,37,77,114
02545400,NORTH AMERICAN TRADE SCHOOLS            ,MD,21244-0069,Proprietary  ,21,191,212,221,1052,1273
02573800,"L' ACADEMIE DE CUISINE, INC.            ",MD,20877-0000,Proprietary  ,8,31,39,80,287,367
02578400,TAI SOPHIA INSTITUTE                    ,MD,20723-6010,Private      ,0,33,33,4,420,424
03027200,BLADES SCHOOL OF HAIR DESIGN            ,MD,20619-0226,Proprietary  ,1,27,28,41,147,188
03064900,AARON'S ACADEMY OF BEAUTY               ,MD,20602-2715,Proprietary  ,5,10,15,51,101,152
03097200,AESTHETICS INSTITUTE OF COSMETOLOGY     ,MD,20877-1305,Proprietary  ,3,22,25,29,124,153
03100700,CARROLL COMMUNITY COLLEGE               ,MD,21157-6913,Public       ,42,123,165,1213,1650,2863
03148300,AMERICAN BEAUTY ACADEMY                 ,MD,20902-1911,Proprietary  ,62,168,230,366,853,1219
03296300,BALTIMORE SCHOOL OF MASSAGE             ,MD,21090-2261,Proprietary  ,51,134,185,250,822,1072
03327300,NEW CREATIONS ACADEMY OF HAIR DSN       ,MD,20746-2960,Proprietary  ,9,19,28,49,160,209
03455500,NATIONAL LABOR COLLEGE                  ,MD,20903-1790,Private      ,0,39,39,12,329,341
03493300,ALL-STATE CAREER SCHOOL                 ,MD,21224-6658,Proprietary  ,84,493,577,599,3040,3639
03771300,AMERICAN CAREER INSTITUTE               ,MD,20902-4637,Proprietary  ,163,594,757,799,3750,4549
03822400,MAPLE SPRINGS BAPTIST BIBLE COLLEGE & SE,MD,20743-5711,Private      ,0,7,7,2,73,75
03937300,YESHIVA COLLEGE OF THE NATION'S CAPITAL ,MD,20902-1700,Private      ,2,2,4,13,11,24
03965500,HAIR EXPRESSIONS ACADEMY                ,MD,20852-1729,Proprietary  ,15,22,37,86,158,244
04121600,FILA ACADEMY (THE)                      ,MD,21061-1634,Proprietary  ,0,0,0,10,59,69
04139700,FREDERICK SCHOOL OF COSMETOLOGY         ,MD,21701-0000,Proprietary  ,7,3,10,35,59,94
04141600,OMEGA STUDIOS' SCHOOL OF APPLIED RECORDI,MD,20852-1731,Proprietary  ,8,13,21,60,121,181
04151800,TEMPLE (THE): A PAUL MITCHELL PARTNER SC,MD,21701-5409,Proprietary  ,22,20,42,95,113,208
04168900,HOLISTIC MASSAGE TRAINING INSTITUTE     ,MD,21218-2407,Proprietary  ,0,12,12,10,61,71
04188400,BAIS HAMEDRASH AND MESIVTA OF BALTIMORE ,MD,21209-1613,Private      ,2,0,2,2,0,2
04204000,ASPEN BEAUTY ACADEMY - LAUREL           ,MD,20724-2013,Proprietary  ,1,24,25,9,45,54
00211400,AMERICAN INTERNATIONAL COLLEGE          ,MA,01109-3189,Private      ,15,154,169,2044,3034,5078
00211500,AMHERST COLLEGE                         ,MA,01002-5000,Private      ,30,11,41,5137,408,5545
00211600,ANDOVER NEWTON THEOLOGICAL SCHOOL       ,MA,02459-0000,Private      ,0,5,5,2,218,220
00211700,ANNA MARIA COLLEGE                      ,MA,01612-1198,Private      ,14,47,61,1848,735,2583
00211800,ASSUMPTION COLLEGE                      ,MA,01615-1294,Private      ,27,21,48,4597,818,5415
00211900,ATLANTIC UNION COLLEGE                  ,MA,01561-1000,Private      ,0,0,0,278,247,525
00212000,MERRIMACK COLLEGE                       ,MA,01845-5800,Private      ,50,20,70,4015,399,4414
00212100,BABSON COLLEGE                          ,MA,02457-0310,Private      ,21,72,93,2583,992,3575
00212200,BAY PATH COLLEGE                        ,MA,01106-2212,Private      ,8,144,152,1026,2372,3398
00212300,BECKER COLLEGE-WORCESTER                ,MA,01615-0071,Private      ,35,56,91,2752,1173,3925
00212400,BENTLEY UNIVERSITY                      ,MA,02452-4705,Private      ,31,31,62,5710,963,6673
00212600,BERKLEE COLLEGE OF MUSIC                ,MA,02215-3693,Private      ,73,67,140,4790,1571,6361
00212800,BOSTON COLLEGE                          ,MA,02467-3800,Private      ,135,85,220,20920,7170,28090
00212900,BOSTON CONSERVATORY OF MUSIC            ,MA,02215-9830,Private      ,10,2,12,1133,384,1517
00213000,BOSTON UNIVERSITY                       ,MA,02215-1789,Private      ,230,387,617,34183,19893,54076
00213300,BRANDEIS UNIVERSITY                     ,MA,02453-2700,Private      ,37,24,61,5603,1658,7261
00213900,CLARK UNIVERSITY                        ,MA,01610-1473,Private      ,19,28,47,3747,861,4608
00214000,ELMS COLLEGE                            ,MA,01013-2839,Private      ,5,34,39,1158,879,2037
00214100,COLLEGE OF THE HOLY CROSS               ,MA,01610-2395,Private      ,23,8,31,5932,165,6097
00214300,CURRY COLLEGE                           ,MA,02186-2395,Private      ,41,65,106,4728,1490,6218
00214400,DEAN COLLEGE                            ,MA,02038-1994,Private      ,15,16,31,1992,332,2324
00214500,EASTERN NAZARENE COLLEGE                ,MA,02170-2999,Private      ,14,39,53,890,617,1507
00214507,EASTERN NAZARENE CLG - LEAD PROGRAM     ,MA,02170-0000,Private      ,11,232,243,62,386,448
00214600,EMERSON COLLEGE                         ,MA,02116-4624,Private      ,38,32,70,7203,1814,9017
00214700,EMMANUEL COLLEGE                        ,MA,02115-5798,Private      ,41,30,71,5087,604,5691
00214800,ENDICOTT COLLEGE                        ,MA,01915-2098,Private      ,25,55,80,4278,642,4920
00214900,EPISCOPAL DIVINITY SCHOOL               ,MA,02138-0000,Private      ,0,3,3,0,90,90
00215000,FISHER COLLEGE                          ,MA,02116-1500,Private      ,29,119,148,1527,1508,3035
00215100,BENJAMIN FRANKLIN INSTITUTE OF TECH     ,MA,02116-6296,Public       ,15,28,43,655,404,1059
00215300,GORDON COLLEGE                          ,MA,01984-1899,Private      ,11,13,24,2379,203,2582
00215400,HELLENIC COLLEGE                        ,MA,02445-7496,Private      ,3,3,6,98,151,249
00215500,HARVARD UNIVERSITY                      ,MA,02138-3800,Private      ,70,46,116,9636,1753,11389
00215501,AMRCN REPERTORY THTR INST ADV THTR      ,MA,02138-0000,Private      ,0,2,2,3,128,131
00215502,HARVARD BUSINESS SCHOOL                 ,MA,02163-0000,Private      ,9,25,34,260,1627,1887
00215503,HARVARD EXTENSION SCHOOL                ,MA,02138-0000,Private      ,5,97,102,161,1562,1723
00215504,HARVARD SCH OF DENTAL MEDICINE          ,MA,02115-0000,Private      ,2,0,2,27,195,222
00215505,HARVARD UNIV GRAD SCH DESIGN            ,MA,02138-0000,Private      ,1,19,20,17,1111,1128
00215506,HARVARD DIVINITY SCHOOL                 ,MA,02138-0000,Private      ,1,5,6,17,535,552
00215507,HARVARD UNIV GRAD SCH ED                ,MA,02138-0000,Private      ,3,25,28,11,1524,1535
00215508,HARVARD UNIV GRAD S OF ARTS & SCIEN     ,MA,02138-0000,Private      ,1,34,35,92,937,1029
00215509,HARVARD KENNEDY SCHOOL                  ,MA,02138-0000,Private      ,1,10,11,9,1416,1425
00215510,HARVARD LAW SCHOOL                      ,MA,02138-0000,Private      ,5,10,15,147,3407,3554
00215511,HARVARD UNIV MEDICAL SCHOOL             ,MA,02115-0000,Private      ,5,13,18,187,995,1182
00215512,HARVARD UNIV SCH PUBLIC HEALTH          ,MA,02115-0000,Private      ,1,11,12,55,839,894
00215513,HARVARD UNIVERSITY-HARVARD COLLEGE      ,MA,02138-0000,Private      ,119,23,142,15171,810,15981
00215700,HEBREW COLLEGE                          ,MA,02459-2237,Private      ,0,1,1,0,104,104
00215800,LASELL COLLEGE                          ,MA,02466-2716,Private      ,26,32,58,2982,395,3377
00216000,LESLEY UNIVERSITY                       ,MA,02138-2790,Private      ,19,229,248,2985,4802,7787
00216100,UMASS LOWELL                            ,MA,01854-3089,Public       ,148,289,437,12631,6631,19262
00216400,NEW ENGLAND COLLEGE OF OPTOMETRY        ,MA,02115-1129,Private      ,1,4,5,11,428,439
00216500,MASS. COLLEGE OF PHARMACY  & HEALTH SCIE,MA,02115-5804,Private      ,45,43,88,5105,3575,8680
00216700,BERKSHIRE COMMUNITY COLLEGE             ,MA,01201-5786,Public       ,36,78,114,1075,1689,2764
00216800,CAPE COD COMMUNITY COLLEGE              ,MA,02668-1599,Public       ,58,121,179,1846,2743,4589
00216900,GREENFIELD COMMUNITY COLLEGE            ,MA,01301-9739,Public       ,32,96,128,1004,1785,2789
00217000,HOLYOKE COMMUNITY COLLEGE               ,MA,01040-1099,Public       ,75,184,259,4093,5421,9514
00217100,MASSACHUSETTS BAY COMMUNITY COLLEGE     ,MA,02181-0000,Public       ,68,130,198,2413,2834,5247
00217200,MOUNT WACHUSETT COMMUNITY COLLEGE       ,MA,01440-1000,Public       ,61,224,285,2014,3647,5661
00217300,NORTH SHORE COMMUNITY COLLEGE           ,MA,01923-4093,Public       ,92,218,310,3610,5126,8736
00217400,NORTHERN ESSEX COMMUNITY COLLEGE        ,MA,01830-2399,Public       ,130,312,442,3184,4924,8108
00217500,QUINSIGAMOND COMMUNITY COLLEGE          ,MA,01606-2092,Public       ,130,244,374,4436,6363,10799
00217600,BRISTOL COMMUNITY COLLEGE               ,MA,02720-7399,Public       ,112,292,404,4549,5931,10480
00217700,MASSASOIT COMMUNITY COLLEGE             ,MA,02302-3996,Public       ,71,200,271,3691,4825,8516
00217800,MASSACHUSETTS INST OF TECHNOLOGY        ,MA,02139-4307,Private      ,85,192,277,11320,3286,14606
00218000,MASSACHUSETTS COLLEGE OF ART AND DESIGN ,MA,02115-5803,Public       ,18,22,40,2523,999,3522
00218100,MASSACHUSETTS MARITIME ACADEMY          ,MA,02532-3400,Public       ,14,4,18,1396,159,1555
00218300,BRIDGEWATER STATE COLLEGE               ,MA,02325-0001,Public       ,104,119,223,12187,4011,16198
00218400,FITCHBURG STATE COLLEGE                 ,MA,01420-2697,Public       ,41,65,106,5636,1778,7414
00218500,FRAMINGHAM STATE COLLEGE                ,MA,01702-2471,Public       ,58,51,109,6318,1674,7992
00218700,MASSACHUSETTS CLG OF LIBERAL ARTS       ,MA,01247-4100,Public       ,15,19,34,2238,656,2894
00218800,SALEM STATE UNIVERSITY                  ,MA,01970-5353,Public       ,133,124,257,8586,4407,12993
00218900,WESTFIELD STATE COLLEGE                 ,MA,01086-1630,Public       ,30,47,77,8206,2043,10249
00219000,WORCESTER STATE COLLEGE                 ,MA,01602-2597,Public       ,55,69,124,6364,2636,9000
00219200,MOUNT HOLYOKE COLLEGE                   ,MA,01075-1492,Private      ,18,3,21,2668,355,3023
00219300,MOUNT IDA COLLEGE                       ,MA,02459-3323,Private      ,14,9,23,2158,466,2624
00219400,NEW ENGLAND CONSERVATORY OF MUSIC       ,MA,02115-5018,Private      ,3,3,6,778,630,1408
00219700,NICHOLS COLLEGE                         ,MA,01571-6346,Private      ,15,28,43,1988,510,2498
00219900,NORTHEASTERN UNIVERSITY                 ,MA,02115-5000,Private      ,256,476,732,35192,13466,48658
00220100,PINE MANOR COLLEGE                      ,MA,02167-0000,Private      ,8,4,12,467,177,644
00220200,BLESSED JOHN XXIII NATIONAL SEMINARY    ,MA,02493-0000,Private      ,0,0,0,0,7,7
00220500,QUINCY COLLEGE                          ,MA,02169-4501,Public       ,43,181,224,1738,3828,5566
00220600,REGIS COLLEGE                           ,MA,02193-0000,Private      ,16,34,50,2030,901,2931
00220800,SIMMONS COLLEGE                         ,MA,02115-5898,Private      ,31,77,108,3292,3985,7277
00220900,SMITH COLLEGE                           ,MA,01063-2936,Private      ,15,5,20,3451,538,3989
00220901,"SMITH COLLEGE, SCH FOR SOCIAL WORK      ",MA,01063-0000,Private      ,0,21,21,6,487,493
00221000,UNIV OF MASSACHUSETTS-DARTMOUTH         ,MA,02747-2300,Public       ,116,112,228,11958,3783,15741
00221100,SPRINGFIELD COLLEGE                     ,MA,01109-3797,Private      ,29,184,213,4186,4850,9036
00221400,ST JOHN'S SEMINARY                      ,MA,02135-8839,Private      ,1,13,14,13,71,84
00221700,STONEHILL COLLEGE                       ,MA,02357-6110,Private      ,33,3,36,6539,185,6724
00221800,SUFFOLK UNIVERSITY                      ,MA,02108-2770,Private      ,88,69,157,9605,5387,14992
00221900,TUFTS UNIVERSITY                        ,MA,02155-5808,Private      ,55,35,90,10668,2915,13583
00221901,TUFTS UNIV SCH OF DENTAL MEDICINE       ,MA,02111-0000,Private      ,0,6,6,18,898,916
00221902,TUFTS UNIVERSITY - CUMMINGS SCHOOL OF VE,MA,01536-0000,Private      ,0,2,2,23,484,507
00221904,TUFTS UNIV SCHOOL OF MEDICINE           ,MA,02111-0000,Private      ,1,8,9,55,1756,1811
00222100,UNIV OF MASSACHUSETTS-AMHERST           ,MA,01003-0000,Public       ,266,224,490,37309,8311,45620
00222200,UNIV OF MASSACHUSETTS-BOSTON            ,MA,02125-3393,Public       ,165,393,558,11627,11389,23016
00222400,WELLESLEY COLLEGE                       ,MA,02481-8203,Private      ,24,3,27,3539,227,3766
00222500,WENTWORTH INSTITUTE OF TECHNOLOGY       ,MA,02115-5998,Private      ,45,32,77,5037,1017,6054
00222600,WESTERN NEW ENGLAND UNIVERSITY          ,MA,01119-2654,Private      ,36,45,81,5938,1933,7871
00222700,WHEATON COLLEGE                         ,MA,02766-2322,Private      ,18,3,21,2684,97,2781
00222800,WHEELOCK COLLEGE                        ,MA,02215-4176,Private      ,11,15,26,1704,830,2534
00222900,WILLIAMS COLLEGE                        ,MA,01267-2600,Private      ,15,4,19,4163,170,4333
00223300,WORCESTER POLYTECHNIC INSTITUTE         ,MA,01609-2280,Private      ,34,21,55,6610,659,7269
00396500,BAY STATE COLLEGE                       ,MA,02116-2901,Proprietary  ,22,53,75,1608,1185,2793
00396600,BOSTON ARCHITECTURAL COLLEGE            ,MA,02115-2795,Private      ,9,18,27,448,1034,1482
00466100,HAMPSHIRE COLLEGE                       ,MA,01002-3359,Private      ,14,8,22,2527,232,2759
00466600,SALTER COLLEGE                          ,MA,01583-1700,Proprietary  ,78,448,526,565,3027,3592
00466700,SCHOOL OF MUSEUM OF FINE ARTS           ,MA,02115-5534,Private      ,8,8,16,792,366,1158
00466900,UPPER CAPE COD REGIONAL VOC TECH        ,MA,02532-3310,Public       ,0,6,6,20,125,145
00527900,GREATER LOWELL REGNL VOC TECH SCH       ,MA,01879-0000,Public       ,0,0,0,20,111,131
00551900,DIMAN REGIONAL VOC TECH INST            ,MA,02723-3519,Public       ,0,6,6,32,123,155
00552300,BLUE HILLS REGIONAL VOC TECH            ,MA,02021-1398,Public       ,0,1,1,24,141,165
00555700,MCCANN TECHNICAL SCHOOL                 ,MA,01247-0000,Public       ,2,3,5,23,80,103
00613600,NATIONAL AVIATION ACADEMY - NEW ENGLAND ,MA,01730-2620,Proprietary  ,15,35,50,148,286,434
00632200,BROCKTON HOSPITAL SCH OF NURSING        ,MA,02302-0000,Private      ,1,12,13,137,570,707
00632400,LABOURE COLLEGE                         ,MA,02124-5698,Private      ,1,22,23,222,898,1120
00633100,LAWRENCE MEM HOSPITAL SCH OF NRSNG      ,MA,02155-1643,Private      ,1,9,10,78,426,504
00635200,BAYSTATE MEDICAL CENTER                 ,MA,01199-0001,Private      ,0,5,5,16,82,98
00687300,MARIAN COURT COLLEGE                    ,MA,01907-2896,Private      ,4,6,10,184,96,280
00748100,GIBBS COLLEGE                           ,MA,02116-2904,Proprietary  ,4,27,31,136,517,653
00748400,NEWBURY COLLEGE                         ,MA,02445-5796,Private      ,31,12,43,2490,429,2919
00748600,THE NEW ENGLAND INSTITUTE OF ART        ,MA,02445-7295,Proprietary  ,46,49,95,1729,772,2501
00748800,KAPLAN CAREER INSTITUTE                 ,MA,02129-1644,Proprietary  ,25,95,120,135,586,721
00748801,KAPLAN CAREER INSTITUTE -               ,MA,02215-2606,Proprietary  ,6,41,47,92,392,484
00807800,SPRINGFIELD TECHNICAL COMMUNITY CLG     ,MA,01105-0000,Public       ,77,224,301,3465,6276,9741
00809002,EVEREST COLLEGE - EVEREST INSTITUTE     ,MA,02150-2333,Proprietary  ,26,102,128,145,480,625
00891600,NEW ENGLAND SCHOOL OF LAW               ,MA,02116-0000,Private      ,0,7,7,18,2135,2153
00964500,BARD COLLEGE AT SIMON'S ROCK            ,MA,01230-9702,Private      ,8,0,8,465,31,496
00974700,GORDON-CONWELL THEOLOGICAL SEMINARY     ,MA,01982-0000,Private      ,1,7,8,6,545,551
00975600,UNIVERSITY OF MASS MEDICAL CENTER       ,MA,01655-0000,Public       ,1,12,13,44,947,991
00987700,HENRI'S SCHOOL OF HAIR DESIGN           ,MA,01420-5675,Proprietary  ,1,10,11,29,50,79
00989900,LOWELL ACADEMY HAIRSTYLING INST         ,MA,01852-1909,Proprietary  ,8,16,24,49,85,134
00993600,MIDDLESEX COMMUNITY COLLEGE             ,MA,01730-1197,Public       ,55,109,164,1810,1796,3606
00993602,"MIDDLESEX COMMUNITY COLLEGE, LOWELL     ",MA,01852-0000,Public       ,91,244,335,2789,3156,5945
01121000,BUNKER HILL COMMUNITY COLLEGE           ,MA,02129-2991,Public       ,156,361,517,6500,10873,17373
01151000,EVEREST INSTITUTE                       ,MA,02135-7638,Proprietary  ,25,75,100,125,477,602
01193000,ROXBURY COMMUNITY COLLEGE               ,MA,02120-3400,Public       ,59,184,243,1343,3398,4741
01204200,MANSFIELD BEAUTY SCHOOLS                ,MA,02169-5061,Proprietary  ,1,11,12,28,107,135
01206800,MANSFIELD BEAUTY SCHOOL                 ,MA,01103-1410,Proprietary  ,0,7,7,14,42,56
01218700,BLACKSTONE VALLEY VOCATIONAL REGIONAL SC,MA,01568-1499,Public       ,1,0,1,4,36,40
01238600,SOUTHEASTERN TECHNICAL INSTITUTE        ,MA,02375-1780,Public       ,1,6,7,42,202,244
01288100,MONTACHUSETT REG VOC TECH SCH           ,MA,01420-4649,Public       ,1,7,8,12,82,94
01292100,EMPIRE BEAUTY SCHOOL                    ,MA,02215-0000,Proprietary  ,29,71,100,235,467,702
01294800,ROB ROY ACADEMY                         ,MA,02721-5330,Proprietary  ,11,26,37,57,134,191
02063000,MONTSERRAT COLLEGE OF ART               ,MA,01915-0000,Private      ,4,2,6,640,65,705
02076700,EMPIRE BEAUTY SCHOOL                    ,MA,02148-0000,Proprietary  ,9,30,39,103,193,296
02079400,EMPIRE BEAUTY SCHOOL                    ,MA,01702-5232,Proprietary  ,10,43,53,89,240,329
02092100,MASSACHUSETTS SCHOOL OF BARBERING       ,MA,02169-5058,Proprietary  ,8,30,38,42,134,176
02092200,EMPIRE BEAUTY SCHOOL                    ,MA,01852-0000,Proprietary  ,14,36,50,92,212,304
02122000,NEW ENGLAND HAIR ACADEMY                ,MA,02148-0000,Proprietary  ,19,33,52,90,165,255
02137000,ROB ROY ACADEMY                         ,MA,02780-0000,Proprietary  ,5,7,12,38,57,95
02137200,MASS GEN HOSP DIETETIC INTERNSHIP       ,MA,02114-0000,Private      ,0,2,2,1,21,22
02143000,LONGY SCHOOL OF MUSIC                   ,MA,02138-3599,Private      ,0,2,2,50,149,199
02163500,NEW ENGLAND SCHOOL OF PHOTOGRAPHY       ,MA,02215-0000,Proprietary  ,3,4,7,116,133,249
02163600,MASS SCH OF PROFESSIONAL PSYCHOLOGY     ,MA,02132-0000,Private      ,0,8,8,17,704,721
02169900,ASSABET VALLEY REGIONAL VOC SCHOOL      ,MA,01752-0000,Public       ,1,1,2,22,108,130
02181600,ROB ROY ACADEMY                         ,MA,01609-0000,Proprietary  ,23,38,61,123,234,357
02182900,CAMBRIDGE COLLEGE                       ,MA,02138-5304,Private      ,52,295,347,440,4502,4942
02197900,NORTH BENNET STREET SCHOOL              ,MA,02113-0000,Private      ,2,5,7,40,159,199
02215100,HALLMARK INSTITUTE OF PHOTOGRAPHY       ,MA,01376-0000,Proprietary  ,1,1,2,165,134,299
02219501,MILDRED ELLEY - PITTSFIELD              ,MA,01201-5300,Proprietary  ,1,0,1,14,36,50
02220400,CATHERINE HINDS INST OF ESTHETICS       ,MA,01801-0000,Proprietary  ,2,28,30,67,235,302
02231600,MGH INSTITUTE OF HEALTH PROFESSION      ,MA,02129-0000,Private      ,5,60,65,51,1508,1559
02274300,CONWAY SCHOOL OF LANDSCAPE DESIGN       ,MA,01341-0179,Private      ,0,0,0,0,22,22
02325700,LABARON HAIRDRESSING ACADEMY            ,MA,02740-0000,Proprietary  ,0,11,11,18,63,81
02325800,LABARON HAIRDRESSING ACAD-BROCKTON      ,MA,02301-0000,Proprietary  ,2,10,12,25,74,99
02337400,BANCROFT SCHOOL OF MASSAGE THERAPY      ,MA,01604-4614,Proprietary  ,1,5,6,15,84,99
02338200,BAY STATE SCHOOL OF TECHNOLOGY          ,MA,02021-0000,Proprietary  ,7,43,50,64,336,400
02339400,ROB ROY ACADEMY                         ,MA,02746-0000,Proprietary  ,2,6,8,16,42,58
02491700,CORTIVA INSTITUTE -  BOSTON             ,MA,02472-2577,Proprietary  ,3,27,30,46,246,292
02523900,ELIZABETH GRADY SCHOOL OF ESTHETICS     ,MA,02155-0000,Proprietary  ,5,20,25,48,174,222
02579800,NEW ENGLAND SCHOOL OF ACUPUNCTURE       ,MA,02458-0000,Private      ,0,1,1,0,159,159
03006802,PENNSYLVANIA CULINARY INSTITUTE - LE COR,MA,02142-1221,Proprietary  ,31,109,140,342,868,1210
03066700,AILANO SCHOOL OF COSMETOLOGY            ,MA,02303-4740,Proprietary  ,1,11,12,18,72,90
03104000,SHAWSHEEN ADULT TECHNICAL INSTITUTE     ,MA,01821-5499,Public       ,1,2,3,13,76,89
03115200,MOTORING TECHNICAL TRAINING INST        ,MA,02771-5933,Proprietary  ,27,44,71,125,284,409
03120800,KAY HARVEY HAIRDRESSING ACADEMY         ,MA,01089-2701,Proprietary  ,3,6,9,19,58,77
03130500,URBAN COLLEGE OF BOSTON                 ,MA,02111-1093,Private      ,5,60,65,69,713,782
03194300,BOSTON GRAD SCH OF PSYCHOANALYSIS       ,MA,02446-4602,Private      ,0,2,2,2,107,109
03196300,LINCOLN TECHNICAL INSTITUTE             ,MA,02145-1102,Proprietary  ,20,73,93,167,543,710
03196302,LINCOLN TECHNICAL INSTITUTE             ,MA,01852-5119,Proprietary  ,18,67,85,147,480,627
03205400,JOLIE HAIR & BEAUTY ACADEMY             ,MA,01056-2769,Proprietary  ,10,35,45,61,195,256
03232302,LINCOLN TECHNICAL INSTITUTE             ,MA,02401-1818,Proprietary  ,2,16,18,40,138,178
03235300,MASSACHUSETTS SCHOOL OF LAW             ,MA,01810-1094,Private      ,1,19,20,10,701,711
03240300,TONI & GUY HAIRDRESSING ACADEMY         ,MA,01605-2213,Proprietary  ,12,12,24,81,61,142
03248300,BOSTON BAPTIST COLLEGE                  ,MA,02136-4000,Private      ,0,3,3,108,62,170
03316400,FUNERAL INSTITUTE OF THE NORTHEAST      ,MA,02062-4766,Proprietary  ,1,8,9,21,126,147
03504300,NATL GRAD SCH OF QUALITY SYSTM MGMT     ,MA,02540-0000,Private      ,0,44,44,0,112,112
03570500,ZION BIBLE COLLEGE                      ,MA,01835-0000,Private      ,4,5,9,203,143,346
03763300,MEDICAL PROFESSIONAL INSTITUTE          ,MA,02148-8143,Proprietary  ,3,21,24,39,267,306
03859300,E.I.N.E.                                ,MA,01876-4709,Proprietary  ,0,12,12,0,62,62
03946300,FRANKLIN W. OLIN COLLEGE OF ENGINEERING ,MA,02492-1200,Private      ,1,2,3,540,14,554
03965300,NEW ENGLAND COLLEGE OF FINANCE          ,MA,02110-1605,Proprietary  ,6,72,78,67,977,1044
04039300,SULLIVAN AND COGLIANO TRAINING CENTER   ,MA,02301-4921,Proprietary  ,17,343,360,90,1722,1812
04116900,DIGRIGOLI SCHOOL OF COSMETOLOGY         ,MA,01089-4623,Proprietary  ,4,6,10,52,82,134
04122000,TRI COUNTY REGIONAL VOCATIONAL TECHNICAL,MA,02038-0000,Public       ,0,4,4,12,78,90
04128000,MILLENNIUM TRAINING INSTITUTE           ,MA,01801-6386,Proprietary  ,0,29,29,11,223,234
04128900,CENTRAL MASS SCHOOL OF MASSAGE AND THERA,MA,01562-1712,Proprietary  ,1,4,5,7,32,39
04143200,HULT INTERNATIONAL BUSINESS SCHOOL      ,MA,02141-1805,Private      ,1,1,2,1,1,2
04153200,SOUTHERN WORCESTER COUNTY REGIONAL VOC S,MA,01507-1331,Public       ,0,1,1,5,39,44
04193100,ALEXANDER ACADEMY                       ,MA,01420-0000,Proprietary  ,2,19,21,5,30,35
00324204,CARNEGIE MELLON UNIVERSITY - QATAR      ,FC,00000-0000,Private      ,0,0,0,3,5,8
00401000,INSTITUT INTERNAT'L D'ETUDES FRANCA     ,FC,00000-0000,Public       ,0,0,0,1,5,6
00401200,HEBREW UNIVERSITY OF JERUSALEM (THE)    ,FC,00000-0000,Public       ,0,2,2,36,110,146
00403000,UNIVERSITY OF CAMBRIDGE                 ,FC,00000-0000,Public       ,0,4,4,5,98,103
00503400,AMERICAN UNIVERSITY OF CAIRO            ,FC,00000-0000,Private      ,0,11,11,71,237,308
00667100,KATHOLIEKE UNIVERSITEIT LEUVEN          ,FC,00000-0000,Private      ,0,1,1,1,25,26
00669100,UNIVERSITY OF CAMBRIDGE - PEMBROKE      ,FC,00000-0000,Public       ,0,0,0,4,12,16
00669200,UNIVERSITY OF LEEDS                     ,FC,00000-0000,Public       ,0,1,1,16,121,137
00669300,UNIV OF LONDON-LONDON SCHOOL ECON       ,FC,00000-0000,Public       ,0,3,3,16,478,494
00669400,SCH OF ORIENTAL & AFRICAN STUDIES       ,FC,00000-0000,Public       ,1,2,3,9,171,180
00669500,UNIV OF LONDON-UNIVERSITY COLLEGE       ,FC,00000-0000,Public       ,1,2,3,57,430,487
00669600,UNIV OF LONDON-SCH ADVANCED STUDY       ,FC,00000-0000,Public       ,0,0,0,0,18,18
00669700,"QUEEN MARY, UNIVERSITY OF LONDON        ",FC,00000-0000,Public       ,2,0,2,34,150,184
00669900,UNIVERSITY OF SUSSEX                    ,FC,00000-0000,Public       ,0,1,1,19,111,130
00670000,"UNIVERSITY OF YORK, THE                 ",FC,00000-0000,Public       ,0,2,2,16,158,174
00670400,UNIVERSITY COLLEGE CORK                 ,FC,00000-0000,Public       ,1,0,1,13,65,78
00671300,UPPSALA UNIVERSITY                      ,FC,00000-0000,Public       ,0,0,0,4,42,46
00671500,UNIVERSITY OF GENEVA                    ,FC,00000-0000,Public       ,0,1,1,6,81,87
00683900,UNIVERSITY OF EDINBURGH                 ,FC,00000-0000,Public       ,2,10,12,157,713,870
00684200,UNIVERSITY OF DUBLIN TRINITY COLLEG     ,FC,00000-0000,Public       ,2,6,8,42,196,238
00685000,UNIVERSITY OF CAMBRIDGE - DOWNING C     ,FC,00000-0000,Public       ,1,0,1,1,6,7
00763200,UNIVERSITY OF BRISTOL                   ,FC,00000-0000,Public       ,1,0,1,18,102,120
00768100,COLLEGE OF EUROPE                       ,FC,00000-0000,Private      ,0,0,0,2,7,9
00770500,ROYAL COLLEGE OF SURGEONS IN IRELAN     ,FC,00000-0000,Private      ,1,2,3,12,66,78
00788100,AMERICAN UNIVERSITY OF PARIS            ,FC,00000-0000,Private      ,8,3,11,242,308,550
00837100,AMERICAN UNIVERSITY OF BEIRUT           ,FC,00000-0000,Private      ,4,2,6,96,116,212
00837300,TEL-AVIV UNIVERSITY                     ,FC,00000-0000,Public       ,0,2,2,13,143,156
00837600,VRIJE UNIVERSITEIT AMSTERDAM            ,FC,00000-0000,Public       ,1,0,1,3,36,39
00837700,UNIVERSITEIT VAN AMSTERDAM(UNIVERSI     ,FC,00000-0000,Public       ,1,2,3,21,132,153
00838000,UNIVERSITY OF WARWICK                   ,FC,00000-0000,Public       ,0,0,0,6,89,95
00838300,UNIVERSITY OF GLASGOW                   ,FC,00000-0000,Public       ,0,2,2,41,388,429
00839300,UNIVERSITY OF OSLO                      ,FC,00000-0000,Public       ,0,2,2,4,30,34
00839400,UNIVERSITY OF OXFORD                    ,FC,00000-0000,Public       ,0,6,6,22,435,457
00839800,UNIVERSITY OF SHEFFIELD (THE)           ,FC,00000-0000,Public       ,0,0,0,16,80,96
00839900,UNIVERSITY OF SOUTHAMPTON               ,FC,00000-0000,Public       ,0,2,2,8,58,66
00845200,ABERYSTWYTH UNIVERSITY                  ,FC,00000-0000,Public       ,1,0,1,17,51,68
00845800,LOUGHBOROUGH UNIVERSITY                 ,FC,00000-0000,Public       ,0,0,0,6,9,15
00846000,UNIVERSITY OF NEWCASTLE UPON TYNE       ,FC,00000-0000,Public       ,0,0,0,12,101,113
00846100,UNIVERSITY OF SAINT ANDREWS             ,FC,00000-0000,Public       ,4,1,5,243,224,467
00850500,UNIVERSITY OF MELBOURNE                 ,FC,00000-0000,Public       ,1,13,14,13,199,212
00858600,SWANSEA UNIVERSITY                      ,FC,00000-0000,Public       ,0,0,0,8,44,52
00858700,UNIVERSITY OF DURHAM                    ,FC,00000-0000,Public       ,1,6,7,30,218,248
00866500,UNIVERSITY OF KENT AT CANTERBURY (THE)  ,FC,00000-0000,Public       ,1,2,3,29,113,142
00867000,UNIVERSITY OF NEW SOUTH WALES           ,FC,00000-0000,Public       ,2,11,13,16,126,142
00868700,UNIVERSITY OF ESSEX                     ,FC,00000-0000,Public       ,0,1,1,16,103,119
00869300,CITY UNIVERSITY                         ,FC,00000-0000,Public       ,1,2,3,20,184,204
00890800,THE UNIVERSITY OF BIRMINGHAM            ,FC,00000-0000,Public       ,1,1,2,13,86,99
00891000,UNIVERSITY OF HULL                      ,FC,00000-0000,Public       ,0,0,0,9,11,20
00892000,UNIVERSITY OF NOTTINGHAM                ,FC,00000-0000,Public       ,0,0,0,10,99,109
00900600,UNIVERSITY OF SALFORD (THE)             ,FC,00000-0000,Public       ,0,0,0,1,15,16
00908400,"UNIV OF LONDON, BIRKBECK                ",FC,00000-0000,Public       ,1,0,1,4,122,126
00908500,UNIV OF LONDON KING'S COLLEGE           ,FC,00000-0000,Public       ,1,6,7,39,379,418
00908600,UNIVERSITY OF LONDON - ROYAL HOLLOWAY   ,FC,00000-0000,Public       ,0,1,1,22,88,110
00914300,BAR-ILAN UNIVERSITY                     ,FC,00000-0000,Private      ,0,1,1,13,23,36
00924900,UNIVERSITY OF LIVERPOOL                 ,FC,00000-0000,Public       ,1,4,5,17,92,109
00936800,UNIVERSITY OF ABERDEEN                  ,FC,00000-0000,Public       ,0,0,0,42,131,173
00942300,ROYAL COLLEGE OF ART                    ,FC,00000-0000,Public       ,1,0,1,4,48,52
00942800,TECHNION-ISRAEL INST OF TECHLGY         ,FC,00000-0000,Public       ,0,2,2,2,64,66
00944200,UNIVERSITY OF EXETER                    ,FC,00000-0000,Public       ,0,2,2,10,117,127
00944400,UNIVERSITY OF LANCASTER                 ,FC,00000-0000,Public       ,0,1,1,12,41,53
00963400,UNIVERSITY OF OXFORD ST CATHERINE'S     ,FC,00000-0000,Public       ,0,1,1,1,5,6
00980800,UNIVERSITY OF STRATHCLYDE               ,FC,00000-0000,Public       ,0,0,0,5,52,57
00986000,UNIVERSITY OF SURREY                    ,FC,00000-0000,Public       ,0,0,0,8,44,52
00990600,PONTIFICAL NORTH AMERICAN COLLEGE       ,FC,00000-0000,Private      ,0,0,0,1,8,9
00992700,UNIVERSITY OF CAMBRIDGE - FITZWILLI     ,FC,00000-0000,Public       ,0,2,2,0,15,15
01006700,LUND UNIVERSITY                         ,FC,00000-0000,Public       ,0,2,2,6,101,107
01008400,UNIVERSITY OF CAPE TOWN                 ,FC,00000-0000,Private      ,3,13,16,9,88,97
01008700,UNIVERSITY OF OXFORD ST PETER'S COL     ,FC,00000-0000,Public       ,0,0,0,0,2,2
01008800,UNIVERSITY OF OXFORD - CORPUS CHRIS     ,FC,00000-0000,Public       ,0,0,0,0,3,3
01008900,CENTRAL SCHOOL OF SPEECH AND DRAMA      ,FC,00000-0000,Private      ,0,1,1,16,57,73
01009000,UNIVERSITY OF OXFORD - BALLIOL COLL     ,FC,00000-0000,Public       ,0,0,0,0,5,5
01014300,UNIVERSITY OF READING                   ,FC,00000-0000,Public       ,0,2,2,7,39,46
01015700,CARDIFF UNIVERSITY                      ,FC,00000-0000,Public       ,0,1,1,12,76,88
01015900,PONTIFICIA UNIVERSITA GREGORIANA        ,FC,00000-0000,Private      ,0,0,0,1,2,3
01016000,CG JUNG INST                            ,FC,00000-0000,Private      ,0,0,0,0,5,5
01018800,UNIVERSITY COLLEGE DUBLIN               ,FC,00000-0000,Public       ,1,7,8,28,259,287
01019000,UNIVERSITY OF CAMBRIDGE CHURCHILL C     ,FC,00000-0000,Public       ,0,0,0,0,8,8
01022800,UNIVERSITY OF STIRLING                  ,FC,00000-0000,Public       ,0,1,1,11,56,67
01033200,UNIVERSITY OF CAMBRIDGE - CLARE COL     ,FC,00000-0000,Public       ,0,0,0,1,15,16
01045600,UNIVERSITY OF HAIFA                     ,FC,00000-0000,Public       ,1,0,1,7,32,39
01047200,INST EUROPEEN OPEEN D'ADMINISTRATIO     ,FC,00000-0000,Private      ,0,1,1,0,50,50
01049300,CRANFIELD UNIVERSITY                    ,FC,00000-0000,Public       ,0,0,0,0,22,22
01052000,TRINITY LABAN CONSERVATOIRE OF MUSIC AND,FC,00000-0000,Public       ,0,0,0,3,22,25
01052500,UNIVERSITY OF HERTFORDSHIRE             ,FC,00000-0000,Public       ,0,0,0,18,22,40
01057400,LONDON INTRNTL FILM SCHOOL              ,FC,00000-0000,Private      ,0,0,0,4,32,36
01058800,AUSTRALIAN NATIONAL UNIVERSITY          ,FC,00000-0000,Public       ,0,7,7,7,61,68
01058900,BANGOR UNIVERSITY                       ,FC,00000-0000,Public       ,0,1,1,2,26,28
01059400,"RICHMOND, THE AMERICAN INT UNI IN LONDON",FC,00000-0000,Private      ,2,0,2,325,109,434
01059900,INST D'ETUDES POLITIQUES DE PARIS       ,FC,00000-0000,Public       ,0,0,0,2,99,101
01068100,MACQUARIE UNIVERSITY                    ,FC,00000-0000,Public       ,1,6,7,10,70,80
01069200,UNIVERSITY OF QUEENSLAND (THE)          ,FC,00000-0000,Public       ,1,30,31,20,301,321
01078900,UNIVERSITY OF OXFORD - WORCESTER CO     ,FC,00000-0000,Public       ,0,0,0,0,5,5
01079200,CITY AND GUILDS OF LONDON INSTITUTE     ,FC,00000-0000,Private      ,0,0,0,1,3,4
01079700,"NATIONAL UNIVERSITY OF IRELAND, MAY     ",FC,00000-0000,Public       ,0,0,0,8,12,20
01080300,SEMMELWEIS UNIVERSITY OF BUDAPEST       ,FC,00000-0000,Public       ,0,0,0,3,5,8
01081600,KINGSTON UNIVERSITY                     ,FC,00000-0000,Public       ,3,2,5,60,184,244
01083800,UNIVERSITITY OF BERGEN (UOB)            ,FC,00000-0000,Public       ,0,1,1,3,5,8
01086400,UNIV OF DUNDEE                          ,FC,00000-0000,Public       ,0,2,2,6,34,40
01086600,UNIVERSITY OF OXFORD - MAGDALEN COLLEGE ,FC,00000-0000,Public       ,0,0,0,3,13,16
01086700,UNIVERSITY OF OXFORD ST JOHN'S COLL     ,FC,00000-0000,Public       ,0,0,0,1,7,8
01091400,MONASH UNIVERSITY                       ,FC,00000-0000,Public       ,2,2,4,10,38,48
01091500,UNIV OF EAST ANGLIA                     ,FC,00000-0000,Public       ,0,0,0,16,77,93
01094200,UNIVERSITY OF OXFORD - ST HUGH'S CO     ,FC,00000-0000,Public       ,0,0,0,1,7,8
01097700,UNIVERSIDAD CENTRAL DEL ESTE            ,FC,00000-0000,Private      ,4,25,29,145,941,1086
01098000,SOMERVILLE COLLEGE                      ,FC,00000-0000,Public       ,0,0,0,1,3,4
01099900,UNIV OF OXFORD - WADHAM COLLEGE         ,FC,00000-0000,Public       ,0,0,0,2,6,8
01104400,PONTIFICIA UNIVERSITA SAN TOMMASO       ,FC,00000-0000,Private      ,0,1,1,1,7,8
01105300,UNIVERSITY OF OXFORD - ST HILDA'S C     ,FC,00000-0000,Public       ,0,0,0,0,7,7
01105400,UNIVERSITY OF OXFORD - ST ANNE'S CO     ,FC,00000-0000,Public       ,0,0,0,1,3,4
01105500,UNIV OF OXFORD - LADY MARGARET HALL     ,FC,00000-0000,Public       ,0,0,0,0,7,7
01105600,UNIVERSITY OF OXFORD - UNIVERSITY C     ,FC,00000-0000,Public       ,0,0,0,1,9,10
01105700,UNIVERSITY OF OXFORD - TRINITY COLL     ,FC,00000-0000,Public       ,0,0,0,1,6,7
01105800,UNIVERSITY OF OXFORD-ST EDMUND HALL     ,FC,00000-0000,Public       ,0,0,0,0,11,11
01105900,UNIVERSITY OF OXFORD ST ANTONY'S CO     ,FC,00000-0000,Public       ,0,0,0,0,23,23
01106000,UNIVERSITY OF OXFORD - QUEEN'S COLL     ,FC,00000-0000,Public       ,0,0,0,1,11,12
01106100,UNIVERSITY OF OXFORD - PEMBROKE COL     ,FC,00000-0000,Public       ,0,0,0,1,6,7
01106200,UNIVERSITY OF OXFORD - ORIEL COLLEG     ,FC,00000-0000,Public       ,0,0,0,1,6,7
01106300,UNIVERSITY OF OXFORD - NUFFIELD COL     ,FC,00000-0000,Public       ,0,0,0,0,2,2
01106400,UNIVERSITY OF OXFORD - NEW COLLEGE      ,FC,00000-0000,Public       ,0,0,0,0,9,9
01106500,UNIVERSITY OF OXFORD MERTON COLLEGE     ,FC,00000-0000,Public       ,0,1,1,2,16,18
01106600,UNIVERSITY OF OXFORD - LINCOLN COLL     ,FC,00000-0000,Public       ,0,0,0,0,12,12
01106700,UNIVERSITY OF OXFORD - KEBLE COLLEG     ,FC,00000-0000,Public       ,0,0,0,0,8,8
01106800,UNIVERSITY OF OXFORD - JESUS COLLEG     ,FC,00000-0000,Public       ,0,0,0,1,3,4
01106900,UNIVERSITY OF OXFORD - HERTFORD COL     ,FC,00000-0000,Public       ,0,0,0,1,7,8
01107000,UNIVERSITY OF OXFORD EXETER COLLEGE     ,FC,00000-0000,Public       ,0,1,1,0,14,14
01107100,UNIV OF OXFORD - CHRIST CHURCH          ,FC,00000-0000,Public       ,0,1,1,1,13,14
01107200,UNIVERSITY OF OXFORD - BRASENOSE CO     ,FC,00000-0000,Public       ,0,0,0,0,4,4
01109100,FLINDERS UNIVERSITY OF S AUSTRALIA      ,FC,00000-0000,Public       ,0,2,2,3,33,36
01109400,UNIVERSITY OF WESTERN AUSTRALIA (THE)   ,FC,00000-0000,Public       ,0,0,0,6,27,33
01122600,AARHUS UNIVERSITY                       ,FC,00000-0000,Public       ,0,2,2,4,27,31
01156700,"IMPERIAL COLLEGE OF SCIENCE, TECHNOLOGY ",FC,00000-0000,Public       ,0,2,2,12,65,77
01167900,UNIVERSITY OF BATH                      ,FC,00000-0000,Public       ,1,0,1,6,28,34
01168300,FRANKLIN COLLEGE  SWITZERLAND           ,FC,00000-0000,Public       ,3,0,3,317,23,340
01175800,UNIV OF CAMBRIDGE - PETERHOUSE          ,FC,00000-0000,Public       ,0,0,0,1,9,10
01176400,ROYAL ACADEMY OF MUSIC                  ,FC,00000-0000,Public       ,0,0,0,10,30,40
01176500,GOLDSMITHS' COLLEGE-UNIV OF LONDON      ,FC,00000-0000,Public       ,0,2,2,25,154,179
01176600,UNIV OF LONDON - INST OF EDUC           ,FC,00000-0000,Public       ,0,1,1,0,29,29
01178000,BRUNEL UNIVERSITY                       ,FC,00000-0000,Public       ,0,0,0,3,38,41
01183800,UNIVERSITY OF OXFORD - MANSFIELD CO     ,FC,00000-0000,Public       ,0,0,0,0,1,1
01207500,UNIVERSITY CAMBRIDGE - TRINITY COLL     ,FC,00000-0000,Public       ,0,0,0,4,14,18
01207800,VICTORIA UNIV OF WELLINGTON             ,FC,00000-0000,Public       ,0,6,6,15,71,86
01209600,ECOLE HåTELIERE DE LAUSANNE             ,FC,00000-0000,Private      ,0,1,1,2,8,10
01210100,UNIVERSITY OF CAMBRIDGE - GIRTON CO     ,FC,00000-0000,Public       ,0,0,0,1,3,4
01213600,VICTORIA UNIV OF MANCHESTER (THE)       ,FC,00000-0000,Public       ,0,5,5,18,173,191
01219800,UNIVERSITY OF BRADFORD                  ,FC,00000-0000,Public       ,0,0,0,5,14,19
01220100,UNIVERSITY OF OXFORD - REGENT'S PAR     ,FC,00000-0000,Public       ,0,0,0,1,5,6
01220600,JAMES COOK UNIVERSITY                   ,FC,00000-0000,Public       ,1,5,6,31,107,138
01221500,BIRMINGHAM CITY UNIVERSITY              ,FC,00000-0000,Public       ,0,0,0,6,30,36
01222300,JAGIELLONIAN UNIVERSITY COLLEGIUM M     ,FC,00000-0000,Public       ,0,3,3,2,50,52
01222500,UNIVERSITY OF SZEGED FACULTY OF MEDICINE,FC,00000-0000,Public       ,0,2,2,2,4,6
01225800,ASTON UNIVERSITY                        ,FC,00000-0000,Public       ,1,1,2,3,18,21
01227500,UNIVERSITY OF OXFORD - WOLFSON COLL     ,FC,00000-0000,Public       ,0,0,0,0,17,17
01230200,GONVILLE & CAIUS COLLEGE                ,FC,00000-0000,Public       ,0,0,0,0,3,3
01233500,ROYAL COLLEGE OF MUSIC                  ,FC,00000-0000,Public       ,0,0,0,5,20,25
01234100,UNIVERSITY OF WALES - ST DAVID'S UN     ,FC,00000-0000,Public       ,1,0,1,3,13,16
01236000,EDINBURGH COLLEGE OF ART                ,FC,00000-0000,Public       ,0,1,1,8,35,43
01242100,UNIV OF AUCKLAND                        ,FC,00000-0000,Public       ,3,10,13,24,107,131
01254000,UNIVERSIDAD DE NAVARRA                  ,FC,00000-0000,Private      ,0,0,0,8,21,29
01276500,UNIVERSITY OF OXFORD - LINACRE COLL     ,FC,00000-0000,Public       ,0,0,0,0,14,14
01276600,"NATIONAL UNIVERSITY IRELAND, GALWAY     ",FC,00000-0000,Public       ,1,1,2,35,108,143
01280200,PONTIFICIA UNIV CATOLICA MAD Y MAES     ,FC,00000-0000,Private      ,12,4,16,199,288,487
01281100,INST TECNOLOGICO DE SANTO DOMINGO       ,FC,00000-0000,Private      ,2,6,8,57,149,206
01283900,UNIVERSITY OF CAMBRIDGE - SAINT JOH     ,FC,00000-0000,Public       ,0,0,0,0,9,9
01286200,MOUNTVIEW ACADEMY OF THEATRE ARTS       ,FC,00000-0000,Private      ,0,0,0,0,4,4
01297800,UNIVERSITY OF HUDDERSFIELD (THE)        ,FC,00000-0000,Public       ,0,0,0,2,7,9
01315300,MASSEY UNIVERSITY                       ,FC,00000-0000,Public       ,3,13,16,14,113,127
01322500,COLLEGE OF LAW                          ,FC,00000-0000,Private      ,0,0,0,1,47,48
02052400,DARWIN COLLEGE                          ,FC,00000-0000,Public       ,0,0,0,0,17,17
02082400,UNIVERSITY OF CAMBRIDGE - QUEEN'S C     ,FC,00000-0000,Public       ,0,0,0,0,15,15
02083400,UNIVERSITY OF CAMBRIDGE - WOLFSON C     ,FC,00000-0000,Public       ,0,0,0,0,17,17
02087400,UNIVERSITY OF CAMBRIDGE - NEWNHAM C     ,FC,00000-0000,Public       ,0,1,1,2,9,11
02087900,OXFORD BROOKES UNIVERSITY               ,FC,00000-0000,Public       ,0,2,2,29,69,98
02094100,BEN-GURION UNIV                         ,FC,00000-0000,Public       ,0,1,1,6,149,155
02094400,UNIV OF CAMBRIDGE - ST EDMUND'S HOU     ,FC,00000-0000,Public       ,0,0,0,2,13,15
02095500,LONDON BUS SCHOOL                       ,FC,00000-0000,Private      ,0,11,11,2,128,130
02098700,FATIMA COLLEGE OF MEDICINE              ,FC,00000-0000,Private      ,0,0,0,1,24,25
02101900,ROEHAMPTON UNIVERSITY                   ,FC,00000-0000,Public       ,0,1,1,7,72,79
02108600,LONDON ACADEMY OF MUSIC & DRAMATIC      ,FC,00000-0000,Private      ,0,1,1,15,26,41
02115900,UNIVERSITY OF PORTSMOUTH                ,FC,00000-0000,Public       ,0,1,1,4,17,21
02116700,UNIVERSITY OF CAMBRIDGE - LUCY CAVE     ,FC,00000-0000,Public       ,0,1,1,0,9,9
02120000,UNIV OF LONDON - COURTALD INST OF A     ,FC,00000-0000,Public       ,0,0,0,1,39,40
02133400,UNIVERSITY OF CAMBRIDGE - SIDNEY SU     ,FC,00000-0000,Public       ,0,1,1,0,2,2
02142000,UNIVERSITY OF CAMBRIDGE - HOMERTON      ,FC,00000-0000,Public       ,0,1,1,0,8,8
02149700,UNIVERSITY OF WINCHESTER (THE)          ,FC,00000-0000,Public       ,0,0,0,3,11,14
02156800,UNIV OF OTAGO                           ,FC,00000-0000,Public       ,1,6,7,9,50,59
02162300,"IESE BUSINESS SCH, UNIV OF NAVARRA      ",FC,00000-0000,Private      ,0,2,2,4,71,75
02167400,UNIVERSITY OF CAMBRIDGE - CORPUS CH     ,FC,00000-0000,Public       ,0,0,0,0,11,11
02177700,KING'S COLLEGE- UNIV OF CAMBRIDGE       ,FC,00000-0000,Public       ,0,0,0,3,27,30
02180500,MIDDLESEX UNIVERSITY                    ,FC,00000-0000,Public       ,0,4,4,16,83,99
02181000,UNIVERSITY OF SOUTH AUSTRALIA           ,FC,00000-0000,Public       ,0,0,0,3,10,13
02183500,UNIV OF OXFORD - WYCLIFFE HALL          ,FC,00000-0000,Public       ,0,2,2,2,9,11
02186000,UNIVERSITY OF CAMBRIDGE - MAGDALENE     ,FC,00000-0000,Public       ,0,0,0,0,1,1
02186100,UNIVERSITY OF CAMBRIDGE - EMMANUEL      ,FC,00000-0000,Public       ,0,0,0,0,7,7
02189600,UNIVERSITY OF GRONINGEN                 ,FC,00000-0000,Public       ,0,0,0,13,26,39
02194800,UNIVERSITY OF THE WEST OF ENGLAND -     ,FC,00000-0000,Public       ,0,0,0,8,19,27
02195100,UNIV OF WESTMINSTER                     ,FC,00000-0000,Public       ,0,0,0,28,124,152
02196700,GUILDHALL SCHOOL OF MUSIC & DRAMA       ,FC,00000-0000,Public       ,0,1,1,8,15,23
02207300,UNIVERSITY OF CAMBRIDGE - CHRIST'S      ,FC,00000-0000,Public       ,0,0,0,0,10,10
02207400,CHINESE UNIVERSITY OF HONG KONG (THE)   ,FC,00000-0000,Public       ,1,1,2,15,40,55
02209500,UNIVERSITEIT UTRECHT                    ,FC,00000-0000,Public       ,0,1,1,9,69,78
02210000,UNIV OF LONDON - LONDON SCHOOL OF H     ,FC,00000-0000,Public       ,0,1,1,0,76,76
02212300,UNIVERSITY OF CAMBRIDGE - ROBINSON      ,FC,00000-0000,Public       ,0,0,0,0,2,2
02225300,UNIV OF CANTERBURY                      ,FC,00000-0000,Public       ,1,2,3,13,40,53
02229100,UNIVERSITY OF LEICESTER                 ,FC,00000-0000,Public       ,0,2,2,2,91,93
02229600,SACKLER SCHOOL OF MEDICINE              ,FC,00000-0000,Public       ,0,0,0,1,178,179
02232100,UNIVERSITY OF CAMBRIDGE                 ,FC,00000-0000,Public       ,0,1,1,4,51,55
02233300,"ST GEORGE'S UNIVERSITY, SCHOOL OF MEDICI",FC,00000-0000,Proprietary  ,0,34,34,17,3065,3082
02235300,LONDON METROPOLITAN UNIVERSITY          ,FC,00000-0000,Public       ,1,2,3,31,140,171
02240900,AISH HATORAH CLG OF JEWISH STUDIES      ,FC,00000-0000,Private      ,0,0,0,2,2,4
02244400,AMERICAN UNIV OF THE CARIBBEAN          ,FC,00000-0000,Proprietary  ,0,62,62,9,1506,1515
02266600,UNIVERSITY OF LONDON - SAINT GEORGE     ,FC,00000-0000,Public       ,0,0,0,1,25,26
02271700,UNIVERSITY OF CAMBRIDGE - CLARE HAL     ,FC,00000-0000,Public       ,0,0,0,0,9,9
02271900,UNIVERSITY OF OXFORD - BLACKFRIARS      ,FC,00000-0000,Public       ,0,0,0,0,3,3
02272100,UNIV OF OXFORD - GREYFRIARS             ,FC,00000-0000,Public       ,0,0,0,0,2,2
02272200,UNIV OF CAMBRIDGE - NEW HALL            ,FC,00000-0000,Public       ,0,0,0,0,2,2
02273600,QUEEN'S UNIV OF BELFAST (THE)           ,FC,00000-0000,Public       ,0,0,0,15,85,100
02273900,HERIOT WATT UNIVERSITY                  ,FC,00000-0000,Public       ,0,1,1,4,28,32
02276700,NYENRODE BUSINESS UNIVERSITEIT          ,FC,00000-0000,Private      ,0,0,0,0,2,2
02293400,ECOLE DES HAUTES ETUDES COMERCIALS      ,FC,00000-0000,Public       ,0,2,2,0,35,35
02296300,UNIVERSITY OF CAMBRIDGE - JESUS COL     ,FC,00000-0000,Public       ,0,0,0,0,6,6
02310500,DE MONTFORT UNIVERSITY                  ,FC,00000-0000,Public       ,0,0,0,0,15,15
02320500,ROYAL NORTHERN COLLEGE OF MUSIC         ,FC,00000-0000,Public       ,0,1,1,2,7,9
02335100,UNIV OF CAMBRIDGE - TRINITY HALL        ,FC,00000-0000,Public       ,0,0,0,0,10,10
02338900,UNIVERSITY  FOR THE CREATIVE ARTS       ,FC,00000-0000,Public       ,0,0,0,5,3,8
02351800,UNIVERSIDAD IBEROAMERICANA (UNIBE       ,FC,00000-0000,Private      ,1,12,13,136,929,1065
02352100,UNIVERSITY OF PLYMOUTH                  ,FC,00000-0000,Public       ,0,1,1,0,1,1
02355200,ECOLE SUPERIEURE DE CUISINE FRANCAISE-FE,FC,00000-0000,Public       ,0,1,1,3,24,27
02363000,GSA CONSERVATOIRE                       ,FC,00000-0000,Private      ,0,0,0,1,0,1
02493000,ESCUELA SUPERIOR ADMINISTRACION Y D     ,FC,00000-0000,Private      ,0,1,1,3,3,6
02496700,NATIONAL FILM & TV SCHOOL               ,FC,00000-0000,Public       ,0,0,0,0,7,7
02502600,PECSI ORVOSTUDOMANYI EGYETEM (PECS      ,FC,00000-0000,Public       ,0,0,0,1,26,27
02545700,GLASGOW SCHOOL OF ART                   ,FC,00000-0000,Public       ,0,1,1,8,34,42
02561600,SOUTHAMPTON SOLENT UNIVERSITY           ,FC,00000-0000,Public       ,0,1,1,3,8,11
02579600,MURDOCH UNIVERSITY                      ,FC,00000-0000,Public       ,0,9,9,2,60,62
02588000,UNIVERSITY OF ULSTER                    ,FC,00000-0000,Public       ,0,0,0,3,24,27
02591800,CURTIN UNIVERSITY OF TECHNOLOGY         ,FC,00000-0000,Public       ,0,0,0,4,15,19
02592300,MILLTOWN INST OF THEOLOGY & PHILOSO     ,FC,00000-0000,Private      ,0,0,0,1,0,1
02604300,AALBORG UNIVERSITY                      ,FC,00000-0000,Public       ,0,0,0,1,13,14
02611600,ECOL NATIONAL DES PONTS ET CHAUSSEE     ,FC,00000-0000,Public       ,0,0,0,3,4,7
02611700,DUBLIN CITY UNIVERSITY                  ,FC,00000-0000,Public       ,1,0,1,10,21,31
02622500,DENMARKS TEKNISKE UNIVERSITET           ,FC,00000-0000,Public       ,0,0,0,0,6,6
02623200,UNIVERSITY OF NEWCASTLE (THE)           ,FC,00000-0000,Public       ,1,4,5,9,29,38
03012700,UNIVERSITY OF BUCKINGHAM                ,FC,00000-0000,Private      ,0,0,0,7,14,21
03029400,KEELE UNIVERSITY                        ,FC,00000-0000,Public       ,0,0,0,7,9,16
03029500,NORTHUMBRIA UNIVERSITY                  ,FC,00000-0000,Public       ,0,0,0,11,19,30
03029800,NORGES HANDELSHOYSKOLE                  ,FC,00000-0000,Public       ,0,1,1,1,11,12
03033300,MANCHESTER METROPOLITAN UNIV            ,FC,00000-0000,Public       ,0,1,1,16,53,69
03045000,UNIVERSITY OF EAST LONDON               ,FC,00000-0000,Public       ,1,1,2,20,53,73
03050100,STUDIO ART CENTERS INTERNATIONAL        ,FC,00000-0000,Private      ,1,1,2,32,57,89
03061000,CHALMERS TEKNISKA HOGSKOLA AB           ,FC,00000-0000,Private      ,0,0,0,0,10,10
03066800,PONTIFICIO ATENEO DELLA SANTA CROCE     ,FC,00000-0000,Private      ,0,0,0,0,8,8
03067200,UNIVERSITY OF SYDNEY                    ,FC,00000-0000,Public       ,1,29,30,25,266,291
03073800,UNIV OF DEBRECEN MED & HEALTH SCI       ,FC,00000-0000,Public       ,0,0,0,4,28,32
03080300,SHEFFIELD HALLAM UNIVERSITY             ,FC,00000-0000,Public       ,0,0,0,3,15,18
03084300,UNIVERSITY OF LIMERICK                  ,FC,00000-0000,Public       ,1,1,2,13,42,55
03088700,ROYAL SCOTTISH ACAD MUSIC & DRAMA       ,FC,00000-0000,Public       ,0,0,0,10,26,36
03091400,UNIVERSITY OF WOLLONGONG                ,FC,00000-0000,Public       ,0,2,2,3,27,30
03091500,UNIVERSITY OF CANBERRA                  ,FC,00000-0000,Public       ,0,3,3,3,18,21
03091700,POZNAN UNIVERSITY OF MEDICAL SCIENCES   ,FC,00000-0000,Public       ,0,0,0,11,207,218
03092500,NOTTINGHAM TRENT UNIVERSITY             ,FC,00000-0000,Public       ,0,1,1,4,22,26
03095000,RMIT UNIVERSITY                         ,FC,00000-0000,Public       ,3,4,7,7,42,49
03095400,BOND UNIVERSITY                         ,FC,00000-0000,Private      ,2,4,6,26,82,108
03095900,ESSEC BUSINESS SCHOOL                   ,FC,00000-0000,Private      ,0,0,0,1,20,21
03096100,LA TROBE UNIVERSITY                     ,FC,00000-0000,Public       ,0,4,4,2,42,44
03096900,DEAKIN UNIVERSITY                       ,FC,00000-0000,Public       ,0,1,1,1,12,13
03097100,UNIVERSITY OF WESTERN SYDNEY            ,FC,00000-0000,Public       ,0,2,2,2,17,19
03097300,VICTORIA UNIVERSITY OF TECHNOLOGY       ,FC,00000-0000,Public       ,0,1,1,2,10,12
03097500,CENTRAL QUEENSLAND UNIVERSITY           ,FC,00000-0000,Public       ,0,2,2,1,9,10
03100000,UNIVERSITY OF ADELAIDE (THE)            ,FC,00000-0000,Public       ,0,1,1,5,23,28
03101600,ASIAN INSTITUTE OF MANAGEMENT           ,FC,00000-0000,Private      ,1,0,1,2,17,19
03102500,AMERICAN UNIVERSITY OF ROME             ,FC,00000-0000,Private      ,7,0,7,178,74,252
03102800,ROBERT GORDON UNIVERSITY (THE)          ,FC,00000-0000,Public       ,0,1,1,1,22,23
03104800,GRIFFITH UNIVERSITY                     ,FC,00000-0000,Public       ,1,2,3,11,76,87
03136300,AUSTRALIAN CATHOLIC UNIVERSITY          ,FC,00000-0000,Public       ,0,1,1,5,18,23
03140300,EDITH COWAN UNIVERSITY                  ,FC,00000-0000,Public       ,0,0,0,4,23,27
03140400,NORTHERN TERRITORY UNIVERSITY           ,FC,00000-0000,Public       ,0,0,0,1,3,4
03140500,QUEENSLAND UNIVERSITY OF TECHNOLOGY     ,FC,00000-0000,Public       ,0,5,5,6,31,37
03140600,SOUTHERN CROSS UNIVERSITY               ,FC,00000-0000,Public       ,0,1,1,3,7,10
03140700,SWINBURNE UNIVERSITY OF TECHNOLOGY      ,FC,00000-0000,Public       ,1,1,2,5,26,31
03140900,UNIVERSITY OF BALLARAT                  ,FC,00000-0000,Public       ,0,1,1,1,3,4
03150300,UNIVERSITY OF TASMANIA                  ,FC,00000-0000,Public       ,0,0,0,0,5,5
03150400,"UNIVERSITY OF TECHNOLOGY, SYDNEY        ",FC,00000-0000,Public       ,3,4,7,5,43,48
03274300,"KUNGLIGA TEKNISKA HOGSKOLAN, KTH        ",FC,00000-0000,Public       ,0,0,0,0,4,4
03287300,LIVERPOOL INSTITUTE FOR PERFORMING ARTS ,FC,00000-0000,Public       ,1,0,1,22,2,24
03300300,"2ND SCHOOL OF MEDICINE, CHARLES UNI     ",FC,00000-0000,Public       ,0,1,1,0,8,8
03300400,"FIRST FACULTY OF MEDICINE, CHARLES UNIV.",FC,00000-0000,Public       ,0,0,0,5,32,37
03329300,JOHN CABOT UNIVERSITY                   ,FC,00000-0000,Private      ,3,2,5,167,41,208
03332400,AGRICULTURE UNIVERSITY OF WROCLAW       ,FC,00000-0000,Public       ,0,0,0,0,3,3
03333300,MEDICAL UNIVERSITY SCHOOL OF LUBLIN     ,FC,00000-0000,Public       ,0,17,17,17,232,249
03334300,UNIVERSIDAD NORDESTANA                  ,FC,00000-0000,Private      ,4,6,10,25,206,231
03335300,MEDICAL UNIVERSITY OF SILESIA           ,FC,00000-0000,Public       ,0,6,6,7,96,103
03342300,GLASGOW CALEDONIAN UNIVERSITY           ,FC,00000-0000,Public       ,0,2,2,0,3,3
03349400,"QUEEN MARGARET UNIVERSITY, EDINBURGH    ",FC,00000-0000,Public       ,1,1,2,3,19,22
03350300,BOURNEMOUTH UNIVERSITY                  ,FC,00000-0000,Public       ,0,0,0,4,24,28
03352300,LONDON SOUTH BANK UNIVERSITY            ,FC,00000-0000,Private      ,2,0,2,14,29,43
03363300,THE ARTS EDUCATIONAL SCHOOLS LONDON     ,FC,00000-0000,Private      ,0,0,0,1,1,2
03364300,"FACULTY OF MEDICINE, PALACKY UNIVER     ",FC,00000-0000,Public       ,0,1,1,2,8,10
03365400,AUCKLAND INSTITUTE OF TECHNOLOGY        ,FC,00000-0000,Public       ,1,1,2,10,22,32
03366300,TROPICAL AGRICULTURE RESEARCH AND H     ,FC,00000-0000,Private      ,0,1,1,0,3,3
03377300,"UNIVERSITY OF WALES INSTITUTE, CARD     ",FC,00000-0000,Public       ,0,0,0,6,13,19
03378300,"THE 3RD FACULTY OF MEDICINE, CHARLE     ",FC,00000-0000,Public       ,0,0,0,2,13,15
03406300,"THE SCHOOL OF PHARMACY, UNIVERSITY      ",FC,00000-0000,Public       ,0,0,0,3,3,6
03418400,NAPIER UNIVERSITY                       ,FC,00000-0000,Public       ,0,0,0,7,23,30
03435300,ANGLIA  RUSKIN UNIVERSITY               ,FC,00000-0000,Private      ,0,1,1,2,16,18
03460300,INTERNATIONALES THEOLOGISCHES INSTI     ,FC,00000-0000,Private      ,0,0,0,5,13,18
03466300,INSTITUTO CENTROAMERICANO DE ADMINI     ,FC,00000-0000,Private      ,0,1,1,2,11,13
03473300,UNIV OF ARTS LONDON - LON COLL FASHION  ,FC,00000-0000,Public       ,0,2,2,54,78,132
03473304,UNIVERSITY OF THE ARTS LONDON - LCC     ,FC,00000-0000,Public       ,0,0,0,20,32,52
03473305,UNIVERSITY OF THE ARTS LONDON - CHELSEA ,FC,00000-0000,Public       ,0,1,1,12,22,34
03473306,UNIVERSITY OF THE ARTS LONDON - CAMBERWE,FC,00000-0000,Public       ,0,0,0,15,21,36
03473311,UNIVERSITY OF THE ARTS LONDON - WIMBLEDO,FC,00000-0000,Public       ,0,1,1,11,8,19
03473315,UNIVERSITY OF THE ARTS LONDON - CSM     ,FC,00000-0000,Public       ,0,0,0,63,60,123
03478300,ROYAL WELSH COLLEGE OF MUSIC AND DRAMA  ,FC,00000-0000,Public       ,0,0,0,6,12,18
03492300,UNIVERSITY OF OXFORD - GREEN TEMPLETON C,FC,00000-0000,Public       ,0,0,0,0,15,15
03492400,UNIV OF CAMBRIDGE-ST CATHERINE'S CG     ,FC,00000-0000,Public       ,0,0,0,1,4,5
03494400,UNIV OF CAMBRIDGE-SELWYN COLLEGE        ,FC,00000-0000,Public       ,0,0,0,0,7,7
03494600,UNIV OF OXFORD-HARRIS MANCHESTER        ,FC,00000-0000,Public       ,0,0,0,1,7,8
03501400,LEEDS METROPOLITAN UNIVERSITY           ,FC,00000-0000,Public       ,0,1,1,8,27,35
03507300,UNIVERSITY OF SUNDERLAND                ,FC,00000-0000,Public       ,0,0,0,0,7,7
03515300,UNIVERSITY OF CENTRAL LANCASHIRE        ,FC,00000-0000,Public       ,0,0,0,11,22,33
03517300,UNIVERSITY OF BRIGHTON                  ,FC,00000-0000,Public       ,0,0,0,8,28,36
03518300,EUROPEAN GRADUATE SCHOOL                ,FC,00000-0000,Private      ,0,22,22,0,125,125
03526300,INST CENTROAMERICANO DE ADM DE EMP      ,FC,00000-0000,Private      ,0,0,0,0,9,9
03527300,SOFIA UNIVERSITY ST. KLIMENT OHRIDSKI   ,FC,00000-0000,Public       ,0,0,0,0,6,6
03533300,BATH SPA UNIVERSITY                     ,FC,00000-0000,Public       ,0,1,1,4,17,21
03547300,UNIVERSITY OF GLAMORGAN                 ,FC,00000-0000,Public       ,0,0,0,6,10,16
03580300,LIVERPOOL JOHN MOORES UNIVERSITY        ,FC,00000-0000,Public       ,0,0,0,8,13,21
03589400,ARTS INSTITUTE AT BOURNEMOUTH (THE)     ,FC,00000-0000,Public       ,0,0,0,10,6,16
03590300,AVONDALE COLLEGE LIMITED                ,FC,00000-0000,Private      ,0,0,0,9,6,15
03594300,GROUP ESC GRENOBLE GRAD SCH OF BUS.     ,FC,00000-0000,Private      ,0,1,1,4,33,37
03597300,JAGIELLONIAN UNIVERSITY                 ,FC,00000-0000,Public       ,0,0,0,5,30,35
03601300,UNIVERSITAT JAUME I DE CASTELLO/UJI     ,FC,00000-0000,Public       ,0,0,0,1,8,9
03619300,UNIVERSITY OF GREENWICH                 ,FC,00000-0000,Public       ,0,0,0,20,48,68
03653400,UNIVERSIDAD DE IBEROAMERICA - UNIBE     ,FC,00000-0000,Private      ,0,1,1,7,23,30
03674300,UNIVERSITY OF ABERTAY DUNDEE            ,FC,00000-0000,Public       ,0,0,0,2,3,5
03684400,UNIVERSITY OF LINCOLN                   ,FC,00000-0000,Public       ,0,0,0,0,19,19
03684500,MEDICAL UNIVERSITY OF GDANSK            ,FC,00000-0000,Public       ,0,0,0,1,29,30
03685300,UNIVERSITAT POMPEU FABRA                ,FC,00000-0000,Public       ,0,0,0,5,24,29
03694300,UNIVERSITY COLLEGE CHICHESTER           ,FC,00000-0000,Public       ,0,0,0,0,1,1
03716300,"UNIVERSITY OF WALES, NEWPORT            ",FC,00000-0000,Public       ,0,0,0,2,7,9
03721300,WRITTLE COLLEGE                         ,FC,00000-0000,Public       ,0,0,0,1,0,1
03727400,UNIVERSITY OF WAIKATO (THE)             ,FC,00000-0000,Public       ,0,0,0,3,11,14
03738300,LONDON SCHOOL OF THEOLOGY               ,FC,00000-0000,Private      ,0,2,2,0,10,10
03741300,ALRA (ACADEMY OF LIVE AND RECORDED ARTS),FC,00000-0000,Private      ,1,0,1,3,5,8
03770300,NAZARENE THEOLOGICAL COLLEGE            ,FC,00000-0000,Private      ,0,0,0,0,11,11
03794400,ANGLO EUROPEAN COLLEGE OF CHIROPRACTIC  ,FC,00000-0000,Private      ,0,0,0,1,2,3
03807300,ROSE BRUFORD COLLEGE                    ,FC,00000-0000,Public       ,0,0,0,2,2,4
03816400,AMERICAN GRAD SCH OF INTERNTL REL & DIPL,FC,00000-0000,Private      ,0,2,2,7,68,75
03818300,LEIPZIG GRADUATE SCHOOL OF MANAGEMENT   ,FC,00000-0000,Private      ,0,0,0,0,15,15
03824300,"ROYAL VETERINARY COLLEGE (THE), UNIVERSI",FC,00000-0000,Public       ,0,1,1,1,139,140
03850500,MEDICAL UNIVERSITY OF LODZ              ,FC,00000-0000,Public       ,0,1,1,5,51,56
03859400,UNIVERSITY COLLEGE FALMOUTH             ,FC,00000-0000,Public       ,0,0,0,4,7,11
03880300,UNIVERSITY OF GLOUCESTERSHIRE (THE)     ,FC,00000-0000,Public       ,0,0,0,6,8,14
03897400,INTERNATIONAL SPACE UNIVERSITY          ,FC,00000-0000,Private      ,0,0,0,0,4,4
03926400,NATIONAL COLLEGE OF ART AND DESIGN      ,FC,00000-0000,Public       ,0,0,0,1,3,4
03941301,AVE MARIA UNIVERSITY - LATIN AMERICA    ,FC,00000-0000,Private      ,13,5,18,196,47,243
03974300,"ST. GEORGE'S UNIVERSITY, SCHOOL OF VETER",FC,00000-0000,Proprietary  ,0,12,12,2,746,748
03978300,SPURGEON'S COLLEGE                      ,FC,00000-0000,Private      ,0,0,0,0,2,2
03993400,TRINITY UNIVERSITY COLLEGE CARMARTHEN   ,FC,00000-0000,Public       ,0,0,0,0,1,1
04021400,"AMERICAN COLLEGE, DUBLIN LIMITED (THE)  ",FC,00000-0000,Private      ,2,0,2,8,14,22
04021500,CENTRAL EUROPEAN UNIVERSITY             ,FC,00000-0000,Private      ,0,3,3,4,108,112
04032300,YORK ST JOHN UNIVERSITY                 ,FC,00000-0000,Public       ,0,0,0,5,6,11
04046300,HK UNIVERSITY OF SCI & TECH (HKUST)     ,FC,00000-0000,Public       ,0,0,0,0,20,20
04070300,"RAPHAEL RECANATI INTERNATIONAL SCHOOL, T",FC,00000-0000,Private      ,2,2,4,69,75,144
04085400,NEW ZEALAND COLLEGE OF CHIROPRACTIC     ,FC,00000-0000,Private      ,0,0,0,0,1,1
04113300,LEBANESE AMERICAN UNIVERSITY            ,FC,00000-0000,Private      ,4,1,5,38,23,61
04115900,LIVERPOOL HOPE UNIVERSITY               ,FC,00000-0000,Public       ,0,0,0,4,21,25
04116300,EDHEC BUSINESS SCHOOL                   ,FC,00000-0000,Private      ,0,0,0,0,24,24
04121400,ISAPZURICH (INTERNATIONAL SCHOOL OF ANAL,FC,00000-0000,Private      ,0,0,0,1,4,5
04128600,UNIVERSITY OF WORCESTER                 ,FC,00000-0000,Public       ,0,0,0,1,6,7
04134200,LONDON CONTEMPORARY DANCE SCHOOL        ,FC,00000-0000,Private      ,0,0,0,1,2,3
04139100,UNIVERSITA DEGLI STUDI DI SCIENZE GASTRO,FC,00000-0000,Private      ,0,2,2,4,29,33
04143700,ST MARY'S UNIVERSITY COLLEGE TWICKENHAM ,FC,00000-0000,Public       ,0,13,13,3,91,94
04168200,EUROPEAN UNIVERSITY AT ST. PETERSBURG   ,FC,00000-0000,Private      ,0,0,0,0,16,16
04171800,"INTERNATIONAL UNIVERSITY OF NURSING, ST.",FC,00000-0000,Proprietary  ,1,2,3,7,14,21
00380600,ALDERSON-BROADDUS COLLEGE               ,WV,26416-1051,Private      ,20,8,28,843,340,1183
00380700,MOUNTAIN STATE UNIVERSITY               ,WV,25801-5624,Private      ,27,424,451,1380,7763,9143
00380800,BETHANY COLLEGE                         ,WV,26032-0417,Private      ,7,4,11,1251,161,1412
00380900,BLUEFIELD STATE COLLEGE                 ,WV,24701-2198,Public       ,22,68,90,1316,2045,3361
00381000,CONCORD UNIVERSITY                      ,WV,24712-0000,Public       ,33,72,105,2911,1516,4427
00381100,DAVIS & ELKINS COLLEGE                  ,WV,26241-3996,Private      ,10,18,28,927,353,1280
00381200,FAIRMONT STATE UNIVERSITY               ,WV,26554-2470,Public       ,54,138,192,5120,4334,9454
00381300,GLENVILLE STATE COLLEGE                 ,WV,26351-1292,Public       ,23,23,46,1385,739,2124
00381500,MARSHALL UNIVERSITY                     ,WV,25755-3300,Public       ,101,228,329,9786,7937,17723
00381600,SOUTHERN WV COMMUNITY COLLEGE           ,WV,25637-2900,Public       ,20,78,98,1162,1491,2653
00381800,UNIVERSITY OF CHARLESTON                ,WV,25304-1099,Private      ,14,22,36,1470,1018,2488
00381900,OHIO VALLEY COLLEGE                     ,WV,26105-8000,Private      ,7,10,17,543,232,775
00382000,SALEM INTERNATIONAL UNIVERSITY          ,WV,26426-0500,Proprietary  ,15,159,174,378,1156,1534
00382200,SHEPHERD UNIVERSITY                     ,WV,25443-3210,Public       ,42,70,112,4061,1832,5893
00382300,WEST LIBERTY UNIVERSITY                 ,WV,26074-0295,Public       ,22,42,64,2919,1010,3929
00382600,WEST VIRGINIA STATE UNIVERSITY          ,WV,25112-0000,Public       ,30,103,133,2544,2780,5324
00382700,WEST VIRGINIA UNIVERSITY                ,WV,26506-6201,Public       ,224,224,448,25739,10716,36455
00382711,WEST VIRGINIA UNIVERSITY - POTOMAC STATE,WV,26726-3000,Public       ,20,43,63,1713,684,2397
00382721,WEST VIRGINIA UNIV INST OF TECH         ,WV,25136-2436,Public       ,9,20,29,1133,534,1667
00382800,WEST VIRGINIA UNIV AT PARKERSBURG       ,WV,26101-9577,Public       ,38,162,200,1726,3803,5529
00383000,WEST VIRGINIA WESLEYAN COLLEGE          ,WV,26201-2600,Private      ,15,6,21,1958,327,2285
00383100,WHEELING JESUIT UNIVERSITY              ,WV,26003-6243,Private      ,7,58,65,1199,907,2106
00500700,WEST VIRGINIA JUNIOR COLLEGE            ,WV,26505-5596,Proprietary  ,12,17,29,195,283,478
00500800,MOUNTAIN STATE COLLEGE                  ,WV,26101-3993,Proprietary  ,6,31,37,77,433,510
00754400,APPALACHIAN BIBLE COLLEGE               ,WV,25818-1353,Private      ,1,3,4,268,78,346
00757800,HUNTINGTON SCHOOL OF BEAUTY CULTURE     ,WV,25705-2030,Proprietary  ,6,7,13,102,195,297
00760000,INTERNATIONAL BEAUTY SCHOOL             ,WV,25401-3231,Proprietary  ,2,41,43,51,208,259
00835500,JAMES RUMSEY TECHNICAL INSTITUTE        ,WV,25403-0259,Public       ,5,33,38,90,371,461
00895900,CLARKSBURG BEAUTY ACADEMY               ,WV,26301-2903,Proprietary  ,14,24,38,64,122,186
00904700,HUNTINGTON JUNIOR COLLEGE               ,WV,25701-2004,Proprietary  ,19,121,140,220,1477,1697
00905400,WEST VIRGINIA NORTHERN CMTY COLLEGE     ,WV,26003-0000,Public       ,31,153,184,1221,2781,4002
01014000,MINERAL COUNTY VOCATIONAL TECH CTR      ,WV,26726-0000,Public       ,1,3,4,19,48,67
01035600,EVEREST INSTITUTE                       ,WV,25313-1304,Proprietary  ,9,77,86,131,541,672
01057300,WEST VIRGINIA JUNIOR COLLEGE            ,WV,25322-0000,Proprietary  ,18,31,49,216,428,644
01057302,WEST VIRGINIA JUNIOR COLLEGE            ,WV,26330-0000,Proprietary  ,21,34,55,220,469,689
01086100,WEST VIRGINIA BUSINESS COLLEGE          ,WV,26301-0000,Proprietary  ,2,9,11,38,211,249
01124500,WEST VIRGINIA SCH OSTEOPATHIC MED       ,WV,24901-1128,Public       ,0,2,2,12,905,917
01174900,WOOD COUNTY SCH OF PRAC NURSING         ,WV,26101-6424,Public       ,1,8,9,28,98,126
01235900,B M SPURR SCHOOL OF PRAC NURSING        ,WV,26038-1660,Private      ,0,1,1,13,29,42
01257300,WEST VIRGINIA UNIV-HOSP-RAD TECH        ,WV,26506-8062,Private      ,2,4,6,76,77,153
01274300,BENJAMIN FRANKLIN CAREER&TECH           ,WV,25064-0000,Public       ,1,17,18,85,212,297
01290400,MONONGALIA CNTY TECH ED CTR             ,WV,26501-6841,Public       ,2,6,8,75,137,212
01290500,ACADEMY OF CAREERS AND TECHNOLOGY       ,WV,25801-0000,Public       ,7,22,29,102,375,477
02057400,ROANE-JACKSON TECHNICAL CENTER          ,WV,25252-0000,Public       ,1,5,6,23,77,100
02068000,UNITED TECHNICAL CENTER                 ,WV,26301-0000,Public       ,1,23,24,41,152,193
02070100,BECKLEY BEAUTY ACADEMY                  ,WV,25801-0000,Proprietary  ,4,6,10,38,86,124
02073400,CARVER CAREER TECH ED CTR               ,WV,25306-6397,Public       ,9,25,34,184,426,610
02145100,SCOTT COLLEGE OF COSMETOLOGY            ,WV,26003-0000,Proprietary  ,1,2,3,63,67,130
02178200,CHARLESTON SCHOOL OF BEAUTY CULTURE     ,WV,25301-0000,Proprietary  ,2,15,17,62,183,245
02218200,GARNET CAREER CENTER                    ,WV,25301-0000,Public       ,3,29,32,104,441,545
02275300,CABELL COUNTY CAREER TECHNOLOGY CTR     ,WV,25705-0000,Public       ,3,15,18,101,277,378
02524500,RALPH R WILLIS VOCATIONAL CENTER        ,WV,25601-0000,Public       ,0,5,5,26,69,95
02534800,FRED W EBERLE TECHNICAL CENTER          ,WV,26201-0000,Public       ,2,19,21,58,193,251
02535500,MERCER COUNTY TECH EDUC CNTR            ,WV,24740-0000,Public       ,4,27,31,76,270,346
02579900,NORTH CENTRAL OPPORTUNITIES INDUSTRIALIZ,WV,26554-2936,Private      ,4,21,25,32,142,174
02609400,VALLEY COLLEGE                          ,WV,25404-5711,Proprietary  ,1,27,28,17,196,213
03052000,MEREDITH MANOR EQUESTRIAN CENTRE        ,WV,26184-9707,Proprietary  ,5,6,11,230,148,378
03076500,FAYETTE INSTITUTE OF TECHNOLOGY         ,WV,25901-2174,Public       ,1,21,22,26,108,134
03084200,VALLEY COLLEGE                          ,WV,24740-3141,Proprietary  ,2,23,25,21,123,144
03084400,VALLEY COLLEGE                          ,WV,25801-2643,Proprietary  ,6,32,38,35,185,220
03098300,PUTNAM CAREER & TECHNICAL CENTER        ,WV,25070-0000,Public       ,0,1,1,71,119,190
03099200,"MOUNTAINEER BEAUTY COLLEGE, INC         ",WV,25177-2917,Proprietary  ,2,9,11,56,101,157
03102100,MORGANTOWN BEAUTY COLLEGE               ,WV,26505-5430,Proprietary  ,2,11,13,67,125,192
03123200,STANLEY TECHNICAL INSTITUTE             ,WV,26505-3751,Private      ,0,8,8,6,46,52
03327500,SOUTH BRANCH VOCATIONAL TECH CENTER     ,WV,26847-1698,Public       ,0,8,8,4,26,30
03734300,JOHN D. ROCKEFELLER IV CAREER CENTER    ,WV,26047-9424,Public       ,0,2,2,4,34,38
03819300,AMERICAN PUBLIC UNIVERSITY SYSTEM       ,WV,25414-1621,Proprietary  ,208,5665,5873,1921,50788,52709
03957300,BLUE RIDGE COMMUNITY AND TECHNICAL COLLE,WV,25401-3244,Public       ,34,154,188,802,2462,3264
03960300,NEW RIVER COMMUNITY AND TECHNICAL COLLEG,WV,25801-2636,Public       ,45,172,217,1101,2835,3936
04028300,MOUNTAIN STATE SCHOOL OF MASSAGE        ,WV,25304-2025,Proprietary  ,2,9,11,23,88,111
04038500,PIERPONT COMMUNITY & TECHNICAL COLLEGE  ,WV,26554-2451,Public       ,30,105,135,1514,1959,3473
04038600,KANAWHA VALLEY COMMUNITY & TECH COLLEGE ,WV,25112-1000,Public       ,14,74,88,662,1810,2472
04041400,MOUNTWEST COMMUNITY AND TECHNICAL COLLEG,WV,25755-3300,Public       ,27,142,169,887,2228,3115
04047300,BRIDGEMONT COMMUNITY & TECHNICAL COLLEGE,WV,25136-2435,Public       ,7,13,20,404,416,820
04119000,EASTERN WEST VIRGINIA COMMUNITY & TECHNI,WV,26836-0000,Public       ,11,59,70,195,662,857
00106100,ALASKA PACIFIC UNIVERSITY               ,AK,99508-4672,Private      ,9,51,60,498,930,1428
00106300,UNIVERSITY OF ALASKA FAIRBANKS          ,AK,99775-7500,Public       ,81,291,372,3134,4703,7837
00106500,UNIVERSITY OF ALASKA SOUTHEAST          ,AK,99801-8680,Public       ,26,91,117,818,1779,2597
00884300,ALASKA BIBLE COLLEGE                    ,AK,99588-0000,Private      ,2,2,4,27,29,56
01146200,UNIVERSITY OF ALASKA ANCHORAGE          ,AK,99514-1608,Public       ,167,505,672,6395,10532,16927
02541000,CAREER ACADEMY                          ,AK,99507-0000,Proprietary  ,16,105,121,193,840,1033
02576900,CHARTER COLLEGE                         ,AK,99508-0000,Proprietary  ,197,711,908,1126,4602,5728
03160300,AVTEC                                   ,AK,99664-0889,Public       ,13,32,45,242,495,737
03461300,ILISAGVIK COLLEGE                       ,AK,99723-0749,Public       ,1,4,5,30,80,110
04138600,ALASKA CHRISTIAN COLLEGE                ,AK,99669-9755,Private      ,2,16,18,56,62,118
00108500,UNIV ARKANSAS MONTICELLO                ,AR,71656-0000,Public       ,59,108,167,2467,2788,5255
00108600,UNIV OF ARKANSAS AT PINE BLUFF          ,AR,71601-2790,Public       ,65,62,127,3968,2113,6081
00108700,ARKANSAS BAPTIST COLLEGE                ,AR,72202-6099,Private      ,40,64,104,1050,1518,2568
00108800,LYON COLLEGE                            ,AR,72501-3699,Private      ,5,5,10,818,188,1006
00108900,ARKANSAS TECH UNIVERSITY                ,AR,72801-2222,Public       ,64,180,244,6704,5576,12280
00109000,ARKANSAS STATE UNIVERSITY               ,AR,72467-0000,Public       ,151,666,817,9290,12919,22209
00109006,DELTA TECHNICAL INSTITUTE               ,AR,72365-9558,Public       ,2,13,15,74,190,264
00109100,ARKANSAS STATE UNIVERSITY - BEEBE       ,AR,72012-1000,Public       ,39,145,184,2171,3645,5816
00109200,UNIVERSITY OF CENTRAL ARKANSAS          ,AR,72035-0001,Public       ,97,159,256,9339,5395,14734
00109300,CENTRAL BAPTIST COLLEGE                 ,AR,72034-6470,Private      ,6,22,28,650,532,1182
00109400,UNIVERSITY OF THE OZARKS                ,AR,72830-2880,Private      ,10,3,13,807,191,998
00109500,CROWLEYS RIDGE COLLEGE                  ,AR,72450-9775,Private      ,3,12,15,215,164,379
00109700,HARDING UNIVERSITY                      ,AR,72149-0001,Private      ,38,68,106,3927,1956,5883
00109800,HENDERSON STATE UNIVERSITY              ,AR,71999-0001,Public       ,69,74,143,3841,2256,6097
00109900,HENDRIX COLLEGE                         ,AR,72032-3080,Private      ,17,9,26,2173,266,2439
00110000,JOHN BROWN UNIVERSITY                   ,AR,72761-2747,Private      ,13,67,80,1586,1392,2978
00110100,UNIV ARKANSAS LITTLE ROCK               ,AR,72204-1099,Public       ,79,334,413,5428,11550,16978
00110200,OUACHITA BAPTIST UNIVERSITY             ,AR,71998-0001,Private      ,24,3,27,1871,206,2077
00110300,PHILANDER SMITH COLLEGE                 ,AR,72202-3718,Private      ,13,36,49,1064,959,2023
00110400,PHILLIPS COUNTY COMMUNITY COLLEGE       ,AR,72342-0000,Public       ,31,78,109,605,1098,1703
00110600,WILLIAMS BAPTIST COLLEGE                ,AR,72476-4661,Private      ,5,11,16,620,265,885
00110700,SOUTHERN ARKANSAS UNIVERSITY            ,AR,71754-0000,Public       ,47,85,132,2755,2086,4841
00110800,UNIV ARKANSAS FAYETTEVILLE              ,AR,72701-0000,Public       ,216,226,442,15966,7853,23819
00110900,UNIVERSITY OF ARKANSAS FOR MEDICAL SCIEN,AR,72205-7102,Public       ,4,50,54,701,2898,3599
00110901,UNIVERSITY OF ARKANSAS FOR MEDICAL SCIEN,AR,71603-7000,Public       ,0,0,0,77,264,341
00111000,UNIVERSITY OF ARKANSAS-FORT SMITH       ,AR,72904-7397,Public       ,70,164,234,4506,5473,9979
00524500,U OF A COMM COLLEGE AT MORRILTON        ,AR,72110-9601,Public       ,18,63,81,1323,2268,3591
00570700,SEARK COLLEGE                           ,AR,71603-0000,Public       ,30,93,123,829,2499,3328
00573200,UNIV AR COMMUNITY COLLEGE AT HOPE       ,AR,71801-0000,Public       ,19,62,81,545,1371,1916
00704400,CROWLEYS RIDGE TECHNICAL INSTITUTE      ,AR,72336-0000,Public       ,20,44,64,174,391,565
00732967,ITT TECHNICAL INSTITUTE                 ,AR,72204-7739,Proprietary  ,18,95,113,307,1038,1345
00773800,SOUTHERN ARKANSAS UNIVERSITY TECH       ,AR,71701-1900,Public       ,13,39,52,556,1130,1686
00792100,PAUL MITCHELL THE SCHOOL ARKANSAS       ,AR,72701-0000,Proprietary  ,3,18,21,97,171,268
00997600,OUACHITA TECHNICAL COLLEGE              ,AR,72104-0816,Public       ,17,38,55,380,1246,1626
01074100,MELLIE'S BEAUTY COLLEGE                 ,AR,72901-3886,Proprietary  ,8,20,28,49,230,279
01210500,NATIONAL PARK COMMUNITY COLLEGE         ,AR,71913-9174,Public       ,34,161,195,1333,3775,5108
01226000,EAST ARKANSAS COMMUNITY COLLEGE         ,AR,72335-2204,Public       ,25,70,95,562,1101,1663
01226100,NORTH ARKANSAS COLLEGE                  ,AR,72601-5508,Public       ,12,67,79,1126,2282,3408
01286000,ARKANSAS NORTHEASTERN COLLEGE           ,AR,72316-1109,Public       ,50,125,175,946,1830,2776
02052200,BLACK RIVER TECHNICAL COLLEGE           ,AR,72455-0000,Public       ,16,104,120,916,2635,3551
02073500,UNIVERSITY OF ARKANSAS COMMUNITY COLLEGE,AR,72503-0000,Public       ,17,69,86,679,1585,2264
02073700,NORTHWEST TECHNICAL INSTITUTE           ,AR,72765-0000,Public       ,9,29,38,228,641,869
02074600,SOUTH ARKANSAS COMMUNITY COLLEGE        ,AR,71731-0000,Public       ,23,101,124,654,2035,2689
02075300,PULASKI TECHNICAL COLLEGE               ,AR,72118-0000,Public       ,86,399,485,4189,15418,19607
02087000,OZARKA COLLEGE                          ,AR,72556-0000,Public       ,31,100,131,481,1673,2154
02111100,RICH MOUNTAIN COMMUNITY COLLEGE         ,AR,71953-0000,Public       ,14,48,62,394,722,1116
02202400,PROFESSIONAL COSMETOLOGY EDUC CTR       ,AR,71730-5828,Proprietary  ,2,10,12,23,105,128
02220900,COSSATOT COMMUNITY COLLEGE              ,AR,71832-0000,Public       ,12,57,69,465,1189,1654
02260400,BEE JAY'S HAIRSTYLING ACADEMY           ,AR,72212-0000,Proprietary  ,1,11,12,18,80,98
02260401,BEE JAY'S HAIRSTYLING ACADEMY - BATESVIL,AR,72501-6709,Proprietary  ,0,11,11,10,47,57
02272400,EASTERN COLLEGE OF HEALTH VOCATIONS     ,AR,72205-3535,Proprietary  ,31,116,147,189,846,1035
02284200,NEW TYLER BARBER COLLEGE INC            ,AR,72114-0000,Proprietary  ,6,20,26,63,190,253
02287400,MARSHA KAY BEAUTY COLLEGE               ,AR,72653-0000,Proprietary  ,1,6,7,12,29,41
02330800,JEFFERSON SCHOOL OF NURSING             ,AR,71603-0000,Private      ,4,8,12,69,184,253
02339800,SOUTHERN INSTITUTE OF COSMETOLOGY       ,AR,72301-0000,Proprietary  ,5,14,19,39,77,116
02341700,CAREER ACADEMY OF HAIR DESIGN           ,AR,72764-4304,Proprietary  ,3,22,25,41,171,212
02341701,CAREER ACADEMY OF HAIR DESIGN - ROGERS  ,AR,72756-2102,Proprietary  ,2,12,14,48,171,219
02341702,CAREER ACADEMY OF HAIR DESIGN - SILOAM  ,AR,72761-4217,Proprietary  ,2,12,14,18,66,84
02348200,MID-SOUTH COMMUNITY COLLEGE             ,AR,72301-0000,Public       ,59,184,243,844,2190,3034
02363500,ARTHUR'S BEAUTY COLLEGE                 ,AR,72901-0000,Proprietary  ,3,11,14,43,182,225
02525800,LEE'S SCHOOL OF COSMETOLOGY             ,AR,72114-0000,Proprietary  ,3,13,16,43,113,156
02538500,ARTHUR'S BEAUTY COLLEGE                 ,AR,72076-0000,Proprietary  ,10,34,44,100,275,375
02569600,SEARCY BEAUTY COLLEGE                   ,AR,72143-0000,Proprietary  ,2,7,9,22,95,117
03005100,ARKANSAS BEAUTY SCHOOL                  ,AR,72209-5116,Proprietary  ,2,26,28,56,200,256
03007100,HOT SPRINGS BEAUTY COLLEGE              ,AR,71901-5432,Proprietary  ,1,18,19,47,127,174
03007600,ARKANSAS BEAUTY SCHOOL-CONWAY           ,AR,72032-4354,Proprietary  ,4,12,16,57,131,188
03023400,ARKANSAS COLLEGE OF BARBERING           ,AR,72114-5615,Proprietary  ,7,22,29,66,177,243
03063300,NORTHWEST ARKANSAS COMMUNITY COLLEG     ,AR,72712-5190,Public       ,77,249,326,3335,6465,9800
03065100,ABC BEAUTY COLLEGE                      ,AR,71923-4206,Proprietary  ,3,13,16,32,91,123
03066302,BRYAN COLLEGE -                         ,AR,72756-1825,Proprietary  ,4,26,30,84,419,503
03105200,BAPTIST HEALTH SCHOOLS LITTLE ROCK      ,AR,72210-2820,Private      ,4,20,24,547,1692,2239
03115102,HERITAGE COLLEGE - LITTLE ROCK          ,AR,72227-5544,Proprietary  ,31,133,164,228,1087,1315
03124900,IMAGINE -  PAUL MITCHELL PARTNER SCHOOL ,AR,72117-2516,Proprietary  ,16,37,53,175,380,555
03127200,ASKINS VO-TECH                          ,AR,72908-8028,Proprietary  ,0,1,1,12,61,73
03214300,VELVATEX COLLEGE OF BEAUTY CULTURE      ,AR,72202-5452,Proprietary  ,2,6,8,17,54,71
03254300,MARGARET'S HAIR ACADEMY                 ,AR,71655-4905,Proprietary  ,3,13,16,38,87,125
03519400,LYNNDALE FUNDAMENTALS OF BEAUTY SCH     ,AR,71730-4804,Proprietary  ,1,0,1,9,44,53
03855300,ECCLESIA COLLEGE                        ,AR,72762-8159,Private      ,2,7,9,114,101,215
03912300,CROSSETT SCHOOL OF COSMETOLOGY          ,AR,71635-0000,Proprietary  ,3,4,7,21,43,64
03997300,ARKANSAS BEAUTY COLLEGE                 ,AR,72801-3741,Proprietary  ,5,13,18,35,100,135
04183100,WASHINGTON BARBER COLLEGE               ,AR,72209-3820,Proprietary  ,4,14,18,21,75,96
04183400,SALON PROFESSIONAL ACADEMY (THE)        ,AR,72116-7310,Proprietary  ,8,24,32,44,128,172
00133900,CORBAN UNIVERSITY                       ,OR,97301-9392,Private      ,28,36,64,1939,855,2794
00318600,BLUE MOUNTAIN COMMUNITY COLLEGE         ,OR,97801-0000,Public       ,54,202,256,1246,2594,3840
00318800,CENTRAL OREGON COMMUNITY COLLEGE        ,OR,97701-5998,Public       ,177,561,738,3134,8230,11364
00318900,CLATSOP COMMUNITY COLLEGE               ,OR,97103-3698,Public       ,30,119,149,608,1723,2331
00319100,CONCORDIA UNIVERSITY                    ,OR,97211-6099,Private      ,35,353,388,1857,3488,5345
00319300,EASTERN OREGON UNIVERSITY               ,OR,97850-2899,Public       ,58,168,226,2758,3698,6456
00319400,GEORGE FOX UNIVERSITY                   ,OR,97132-2697,Private      ,34,80,114,3500,2449,5949
00319600,LANE COMMUNITY COLLEGE                  ,OR,97405-0640,Public       ,301,1025,1326,7441,16821,24262
00319700,LEWIS & CLARK COLLEGE                   ,OR,97219-7899,Private      ,53,100,153,5249,3843,9092
00319800,LINFIELD COLLEGE                        ,OR,97128-6894,Private      ,49,87,136,3592,1374,4966
00319801,LINFIELD COLLEGE - PORTLAND CAMPUS      ,OR,97210-0000,Private      ,17,50,67,449,1070,1519
00319900,MARYLHURST UNIVERSITY                   ,OR,97036-7036,Private      ,6,128,134,173,2402,2575
00320300,MOUNT ANGEL SEMINARY                    ,OR,97373-0505,Private      ,1,0,1,19,37,56
00320400,MOUNT HOOD COMMUNITY COLLEGE            ,OR,97030-3300,Public       ,220,685,905,5341,10388,15729
00320600,MULTNOMAH BIBLE COLLEGE/SEMINARY        ,OR,97220-5898,Private      ,9,58,67,628,921,1549
00320700,PACIFIC NORTHWEST COLLEGE OF ART        ,OR,97209-3023,Private      ,19,35,54,784,752,1536
00320800,NORTHWEST CHRISTIAN UNIVERSITY          ,OR,97401-3727,Private      ,10,47,57,612,758,1370
00320900,WESTERN OREGON UNIVERSITY               ,OR,97361-1394,Public       ,118,121,239,7316,3464,10780
00321000,OREGON STATE UNIVERSITY                 ,OR,97331-8507,Public       ,394,449,843,23388,13327,36715
00321100,OREGON INSTITUTE OF TECHNOLOGY          ,OR,97601-8801,Public       ,56,120,176,2622,2724,5346
00321200,PACIFIC UNIVERSITY                      ,OR,97116-1797,Private      ,48,79,127,3619,3239,6858
00321300,PORTLAND COMMUNITY COLLEGE              ,OR,97219-7198,Public       ,752,2706,3458,14553,38406,52959
00321312,PORTLAND COMMUNITY COLLEGE - COLUMBIA GO,OR,97058-3447,Public       ,0,0,0,343,797,1140
00321600,PORTLAND STATE UNIVERSITY               ,OR,97207-0000,Public       ,361,1092,1453,15256,26058,41314
00321700,REED COLLEGE                            ,OR,97202-8199,Private      ,29,31,60,2770,621,3391
00321800,CHEMEKETA COMMUNITY COLLEGE             ,OR,97309-1500,Public       ,252,824,1076,6420,15441,21861
00321900,SOUTHERN OREGON UNIVERSITY              ,OR,97520-5010,Public       ,91,172,263,5572,4303,9875
00322000,SOUTHWESTERN OREGON COMMUNITY CLG       ,OR,97420-2956,Public       ,47,132,179,1706,2205,3911
00322100,TREASURE VALLEY COMMUNITY COLLEGE       ,OR,97914-3423,Public       ,76,287,363,1769,3413,5182
00322200,UMPQUA COMMUNITY COLLEGE                ,OR,97470-0226,Public       ,56,276,332,1537,4448,5985
00322300,UNIVERSITY OF OREGON                    ,OR,97403-1226,Public       ,400,479,879,28911,15140,44051
00322400,UNIVERSITY OF PORTLAND                  ,OR,97203-5798,Private      ,130,144,274,9506,2922,12428
00322500,WARNER PACIFIC COLLEGE                  ,OR,97215-4099,Private      ,19,191,210,965,2274,3239
00322700,WILLAMETTE UNIVERSITY                   ,OR,97301-3930,Private      ,59,45,104,5204,1955,7159
00487800,CLACKAMAS COMMUNITY COLLEGE             ,OR,97045-7998,Public       ,164,488,652,4113,7455,11568
00488200,OREGON HEALTH & SCIENCE UNIVERSITY      ,OR,97239-0000,Public       ,17,138,155,669,4062,4731
00693800,LINN BENTON COMMUNITY COLLEGE           ,OR,97321-3774,Public       ,126,387,513,4232,7132,11364
00717800,WESTERN SEMINARY                        ,OR,97215-0000,Private      ,0,29,29,12,511,523
00723402,HEALD COLLEGE - PORTLAND                ,OR,97205-3432,Proprietary  ,31,165,196,431,1923,2354
00732969,ITT TECHNICAL INSTITUTE                 ,OR,97220-6819,Proprietary  ,53,220,273,631,2321,2952
00737101,MARINELLO SCHOOL OF BEAUTY - PORTLAND   ,OR,97212-3732,Proprietary  ,1,19,20,1,19,20
00781900,ART INSTITUTE OF PORTLAND (THE)         ,OR,97209-2911,Proprietary  ,74,168,242,2072,2452,4524
00888700,CONCORDE CAREER INSTITUTE               ,OR,97232-2242,Proprietary  ,41,172,213,353,1333,1686
00907900,EVEREST COLLEGE                         ,OR,97204-2296,Proprietary  ,20,135,155,313,1343,1656
00958100,SPRINGFIELD COLLEGE OF BEAUTY           ,OR,97477-5474,Proprietary  ,3,13,16,89,208,297
01012200,PHAGANS' MEDFORD BEAUTY SCHOOL          ,OR,97504-5297,Proprietary  ,6,28,34,82,235,317
01018200,ROGUE COMMUNITY COLLEGE                 ,OR,97527-0000,Public       ,120,535,655,3070,8659,11729
01050700,ACADEMY OF HAIR DESIGN                  ,OR,97301-3526,Proprietary  ,4,14,18,56,168,224
01230900,UNIVERSITY OF WESTERN STATES            ,OR,97230-3099,Private      ,8,46,54,70,682,752
01234700,PHAGANS CENTRAL OREGON BEAUTY CLG       ,OR,97701-5175,Proprietary  ,15,38,53,114,352,466
01234800,PHAGANS BEAUTY COLLEGE                  ,OR,97333-4716,Proprietary  ,7,12,19,75,138,213
01235000,PHAGANS SCHOOL OF HAIR DESIGN           ,OR,97267-0000,Proprietary  ,11,22,33,100,208,308
01235100,PHAGANS SCHOOL OF BEAUTY                ,OR,97301-4732,Proprietary  ,10,19,29,76,202,278
01300800,PHAGANS TIGARD BEAUTY SCHOOL            ,OR,97223-0000,Proprietary  ,0,4,4,39,92,131
02101000,NORTHWEST COLLEGE OF HAIR DESIGN        ,OR,97086-7702,Proprietary  ,28,66,94,279,636,915
02101002,NORTHWEST COLLEGE                       ,OR,97007-3954,Proprietary  ,3,9,12,48,97,145
02104900,COLLEGE OF LEGAL ARTS                   ,OR,97219-9998,Proprietary  ,4,45,49,99,494,593
02106100,COLLEGE OF COSMETOLOGY                  ,OR,97601-0000,Proprietary  ,3,15,18,43,128,171
02154400,BEAU MONDE CLG OF HAIR DESIGN           ,OR,97205-0000,Proprietary  ,9,42,51,136,362,498
02159700,NEW HOPE CHRISTIAN COLLEGE              ,OR,97405-1194,Private      ,7,32,39,180,205,385
02201900,PHAGANS' SCHOOL OF HAIR DESIGN          ,OR,97232-0000,Proprietary  ,9,44,53,146,488,634
02239203,ANTHEM COLLEGE - BEAVERTON              ,OR,97005-0000,Proprietary  ,8,31,39,70,257,327
02330100,PIONEER PACIFIC COLLEGE                 ,OR,97070-0000,Proprietary  ,35,142,177,450,1688,2138
02330102,PIONEER PACIFIC COLLEGE                 ,OR,97403-0000,Proprietary  ,28,141,169,282,1229,1511
02337900,COLLEGE OF HAIR DESIGN CAREERS          ,OR,97301-0000,Proprietary  ,7,16,23,88,173,261
02344100,ROSEBURG BEAUTY COLLEGE                 ,OR,97470-0000,Proprietary  ,5,10,15,51,124,175
02534000,NATIONAL COLLEGE OF NATURAL MEDICINE    ,OR,97201-0000,Private      ,3,28,31,42,870,912
02578800,NORTHWEST NANNIES INSTITUTE             ,OR,97035-0000,Proprietary  ,3,2,5,31,23,54
02603700,OREGON COL OF ORIENTAL MEDICINE         ,OR,97216-0000,Private      ,0,11,11,26,438,464
02617506,EVEREST COLLEGE - EVEREST INSTITUTE     ,OR,97223-6581,Proprietary  ,14,88,102,118,551,669
03007300,OREGON COLLEGE OF ART & CRAFT           ,OR,97225-6399,Private      ,6,28,34,211,412,623
03022600,LE CORDON BLEU COLLEGE OF CULINARY ARTS ,OR,97205-2793,Proprietary  ,97,263,360,1396,3007,4403
03042500,CARRINGTON COLLEGE                      ,OR,97232-1302,Proprietary  ,48,183,231,434,1532,1966
03074400,PHAGANS NEWPORT ACAD CSMTLGY CAREER     ,OR,97365-4963,Proprietary  ,2,11,13,19,82,101
03074500,EAST-WEST COLLEGE OF THE HEALING ARTS   ,OR,97232-2765,Proprietary  ,9,64,73,134,530,664
03185300,PHAGANS GRANTS PASS COLLEGE OF BTY      ,OR,97527-3039,Proprietary  ,2,27,29,39,147,186
03428300,KLAMATH COMMUNITY COLLEGE               ,OR,97603-7121,Public       ,44,159,203,745,2261,3006
03642300,VALLEY MEDICAL COLLEGE                  ,OR,97305-1373,Proprietary  ,9,59,68,204,795,999
03668300,BIRTHINGWAY COLLEGE OF MIDWIFERY        ,OR,97266-4042,Private      ,0,15,15,22,240,262
03783400,ABDILL CAREER COLLEGE                   ,OR,97504-7137,Proprietary  ,9,53,62,71,371,442
04146500,PORTLAND ACTORS CONSERVATORY            ,OR,97201-2557,Private      ,0,7,7,41,92,133
04151900,COLUMBIA GORGE COMMUNITY COLLEGE        ,OR,97058-3434,Public       ,31,106,137,140,439,579
04167400,SAGE SCHOOL OF MASSAGE & HEALING ARTS   ,OR,97701-4082,Proprietary  ,4,8,12,35,120,155
04171400,AVEDA INSTITUTE PORTLAND                ,OR,97209-3144,Proprietary  ,19,57,76,310,578,888
00137400,ALBERTUS MAGNUS COLLEGE                 ,CT,06511-1189,Private      ,13,58,71,977,1383,2360
00137403,ALBERTUS MAGNUS CLG-NEW DIMENSIONS      ,CT,06511-0000,Private      ,6,69,75,102,852,954
00137800,CENTRAL CONNECTICUT STATE UNIV          ,CT,06050-2490,Public       ,105,161,266,10436,5488,15924
00137900,CONNECTICUT COLLEGE                     ,CT,06320-4196,Private      ,15,5,20,3360,224,3584
00138000,WESTERN CONNECTICUT STATE UNIV          ,CT,06810-6826,Public       ,62,61,123,6218,1974,8192
00138500,FAIRFIELD UNIVERSITY                    ,CT,06430-0000,Private      ,45,68,113,6836,1381,8217
00138700,HARTFORD SEMINARY                       ,CT,06105-0000,Private      ,2,3,5,16,98,114
00138900,HOLY APOSTLES COLLEGE & SEMINARY        ,CT,06416-2005,Private      ,1,3,4,17,83,100
00139200,MANCHESTER COMMUNITY COLLEGE            ,CT,06045-1046,Public       ,93,179,272,3925,4362,8287
00139300,MITCHELL COLLEGE                        ,CT,06320-4498,Private      ,14,6,20,1122,317,1439
00139700,UNIVERSITY OF NEW HAVEN                 ,CT,06516-1999,Private      ,77,79,156,10145,2439,12584
00139800,NORTHWESTERN CT COMMUNITY COLLEGE       ,CT,06098-1747,Public       ,6,40,46,629,872,1501
00139900,NORWALK COMMUNITY TECHNICAL COLLEGE     ,CT,06854-1655,Public       ,73,144,217,2460,3197,5657
00140100,POST UNIVERSITY                         ,CT,06723-3240,Proprietary  ,124,1079,1203,2081,7880,9961
00140200,QUINNIPIAC UNIVERSITY                   ,CT,06518-1908,Private      ,102,74,176,14927,2500,17427
00140201,QUINNIPIAC UNIVERSITY SCHOOL OF LAW     ,CT,06518-0000,Private      ,1,6,7,74,1096,1170
00140300,SACRED HEART UNIVERSITY                 ,CT,06825-1000,Private      ,63,141,204,8302,2572,10874
00140600,SOUTHERN CONNECTICUT STATE UNIV         ,CT,06515-1355,Public       ,110,188,298,9678,5684,15362
00140900,SAINT JOSEPH COLLEGE                    ,CT,06117-2791,Private      ,15,96,111,1349,2012,3361
00141400,TRINITY COLLEGE                         ,CT,06106-3100,Private      ,28,7,35,3607,367,3974
00141600,UNIVERSITY OF BRIDGEPORT                ,CT,06601-5650,Private      ,46,129,175,3283,3451,6734
00141700,UNIVERSITY OF CONNECTICUT-STORRS        ,CT,06269-2151,Public       ,216,187,403,30401,6874,37275
00141702,UNIV CONN STAMFORD                      ,CT,06901-0000,Public       ,15,30,45,649,550,1199
00141703,UNIV OF CONNECTICUT - TORINGTON         ,CT,06790-0000,Public       ,10,6,16,175,98,273
00141706,UNIV OF CONNECTICUT SCH LAW             ,CT,06105-0000,Public       ,2,11,13,29,1255,1284
00141707,UNIV OF CT - SCH OF SOCIAL WORK         ,CT,06117-0000,Public       ,0,12,12,105,692,797
00141708,UNIVERSITY OF CONNECTICUT - SCHOOL OF ME,CT,06030-1920,Public       ,3,3,6,329,723,1052
00141709,UNIVERSITY OF CONNECTICUT - SCHOOL OF DE,CT,06030-1920,Public       ,0,3,3,580,605,1185
00142200,UNIVERSITY OF HARTFORD                  ,CT,06117-1599,Private      ,113,73,186,9784,2421,12205
00142400,WESLEYAN UNIVERSITY                     ,CT,06459-3208,Private      ,29,7,36,5630,353,5983
00142500,EASTERN CONNECTICUT STATE UNIV          ,CT,06226-2295,Public       ,61,54,115,5717,1551,7268
00142600,YALE UNIVERSITY                         ,CT,06520-8288,Private      ,115,93,208,17351,8915,26266
00280301,RENSSELAER POLYTECHNIC INSTITUTE-RENSSEL,CT,06120-2991,Private      ,0,8,8,9,72,81
00451300,HOUSATONIC COMMUNITY COLLEGE            ,CT,06604-4704,Public       ,60,151,211,3095,4906,8001
00618100,BRIDGEPORT HOSP SCHL OF NURSING         ,CT,06610-2896,Private      ,3,20,23,146,544,690
00619100,ST. VINCENT'S COLLEGE                   ,CT,06606-9966,Private      ,4,20,24,344,949,1293
00698200,NAUGATUCK VALLEY COMM-TECH COLG         ,CT,06708-3089,Public       ,97,179,276,3280,4237,7517
00730000,ELI WHITNEY TECHNICAL HIGH SCHOOL       ,CT,06514-0000,Public       ,1,5,6,16,101,117
00730300,LINCOLN TECHNICAL INSTITUTE             ,CT,06051-0000,Proprietary  ,86,205,291,824,2082,2906
00730500,PORTER AND CHESTER INSTITUTE OF BRANFORD,CT,06405-4022,Proprietary  ,17,81,98,261,652,913
00731100,WINDHAM TECHNICAL HIGH SCHOOL           ,CT,06226-2100,Public       ,0,2,2,6,23,29
00745900,PAIER COLLEGE OF ART                    ,CT,06514-3902,Proprietary  ,5,4,9,156,91,247
00763500,CAPITAL COMMUNITY COLLEGE               ,CT,06103-1207,Public       ,66,188,254,1928,4923,6851
00803700,GATEWAY COMMUNITY-TECHNICAL COLLEGE     ,CT,06511-0000,Public       ,100,281,381,3269,5656,8925
00803800,MIDDLESEX COMMUNITY CLG                 ,CT,06457-4889,Public       ,59,98,157,1248,1745,2993
00887300,PAUL MITCHELL THE SCHOOL                ,CT,06810-6716,Proprietary  ,8,7,15,108,137,245
00887400,BRIO ACADEMY OF COSMETOLOGY             ,CT,06450-4836,Proprietary  ,32,74,106,238,503,741
00887401,BRIO ACADEMY OF COSMETOLOGY - HAMDEN    ,CT,06514-4132,Proprietary  ,0,2,2,0,2,2
00887402,BRIO ACADEMY OF COSMETOLOGY - FAIRFIELD ,CT,06824-6690,Proprietary  ,1,4,5,1,4,5
00887403,BRIO ACADEMY OF COSMETOLOGY - WILLIMANTI,CT,06226-1940,Proprietary  ,0,2,2,0,2,2
00887404,BRIO ACADEMY OF COSMETOLOGY -           ,CT,06605-4114,Proprietary  ,0,2,2,0,2,2
00906500,THE HARTFORD CONSERVATORY               ,CT,06105-2891,Private      ,0,0,0,30,9,39
00927700,E C GOODWIN TECHNICAL HIGH SCHOOL       ,CT,06053-0000,Public       ,0,2,2,34,62,96
00940700,LINCOLN COLLEGE OF NEW ENGLAND          ,CT,06489-1057,Proprietary  ,31,138,169,957,1657,2614
00940701,CLEMENS COLLEGE                         ,CT,06078-0000,Proprietary  ,2,0,2,23,15,38
00976400,TUNXIS COMMUNITY COLLEGE                ,CT,06032-3187,Public       ,49,124,173,2009,2662,4671
00976500,THREE RIVERS COMMUNITY COLLEGE          ,CT,06360-6598,Public       ,48,172,220,1975,3358,5333
00982200,ALBERT I PRINCE TECHNICAL HIGH SCHOOL   ,CT,06106-3799,Public       ,0,3,3,11,93,104
01041700,BRIO ACADEMY OF EAST HARTFORD           ,CT,06108-2220,Proprietary  ,12,20,32,93,196,289
01053000,QUINEBAUG VALLEY COMMUNITY COLLEGE      ,CT,06239-1440,Public       ,26,73,99,905,1580,2485
01077900,PORTER AND CHESTER INSTITUTE-ALLCAMPUSES,CT,06615-7158,Proprietary  ,237,644,881,1732,4467,6199
01115000,ASNUNTUCK COMMUNITY COLLEGE             ,CT,06082-3800,Public       ,27,73,100,608,965,1573
01149600,BULLARD HAVENS VOC TECH SCHOOL          ,CT,06610-3499,Public       ,1,3,4,17,92,109
01169700,VINAL REGIONAL VOC TECH SCHOOL          ,CT,06457-4918,Public       ,0,1,1,6,53,59
01184300,NORWICH TECHNICAL HIGH SCHOOL           ,CT,06360-7097,Public       ,0,2,2,10,43,53
01242500,STONE ACADEMY                           ,CT,06514-4125,Proprietary  ,35,194,229,256,1259,1515
01242503,STONE ACADEMY -WATERBURY                ,CT,06705-3823,Proprietary  ,3,7,10,27,132,159
01242504,STONE ACADEMY -  EAST HARTFORD          ,CT,06118-0000,Proprietary  ,4,15,19,25,175,200
01287700,SANFORD-BROWN COLLEGE                   ,CT,06855-1436,Proprietary  ,7,44,51,127,497,624
01291300,LEON INSTITUTE OF HAIR DESIGN           ,CT,06604-4226,Proprietary  ,3,14,17,14,65,79
01326400,HENRY ABBOTT TECHNICAL HIGH SCHOOL      ,CT,06811-4881,Public       ,0,0,0,5,8,13
02074000,BRANFORD HALL CAREER INSTITUTE          ,CT,06405-0000,Proprietary  ,180,897,1077,1083,4314,5397
02106600,AMERICAN INSTITUTE                      ,CT,06110-1922,Proprietary  ,9,68,77,83,500,583
02112300,RIDLEY LOWELL BUSINESS & TECH INST      ,CT,06320-0000,Proprietary  ,27,111,138,167,809,976
02112700,NORTH HAVEN ACADEMY                     ,CT,06473-3108,Proprietary  ,7,20,27,148,159,307
02115100,BUTLER BUSINESS SCHOOL                  ,CT,06604-0000,Proprietary  ,10,67,77,89,482,571
02148700,CONNECTICUT INST OF HAIR DESIGN         ,CT,06716-0000,Proprietary  ,2,6,8,28,64,92
02202500,NEW ENGLAND TRACTOR TRAILER SCH         ,CT,06071-2036,Proprietary  ,24,393,417,136,1577,1713
02228800,LINCOLN TECHNICAL INSTITUTE - EAST WINDS,CT,06088-9631,Proprietary  ,73,83,156,1127,809,1936
02244900,GOODWIN COLLEGE                         ,CT,06118-9980,Private      ,55,399,454,1141,5052,6193
02245300,HOWELL CHENEY TECHNICAL HIGH SCHOOL     ,CT,06040-0000,Public       ,0,2,2,10,17,27
02265900,WINDHAM COMMUNITY MEM HOSP-RAD TECH     ,CT,06226-0000,Private      ,0,1,1,14,35,49
02296100,YALE-NEW HAVEN HOSP DIETETIC INTERN     ,CT,06510-8900,Private      ,0,2,2,18,43,61
02300000,W F KAYNOR TECHNICAL HIGH SCHOOL        ,CT,06708-0000,Public       ,1,9,10,11,73,84
02316600,CONNECTICUT CTR FOR MASSAGE THERAPY     ,CT,06111-3975,Proprietary  ,10,48,58,73,388,461
02316601,CONNECTICUT CENTER FOR MASSAGE THERAPY -,CT,06880-4619,Proprietary  ,7,29,36,44,242,286
02316603,CONNECTICUT CENTER FOR MASSAGE THERAPY -,CT,06340-4619,Proprietary  ,8,22,30,42,181,223
02565000,PLATT TECHNICAL HIGH SCHOOL             ,CT,06460-2105,Public       ,1,0,1,12,30,42
03079400,LYME ACADEMY COLLEGE OF FINE ARTS       ,CT,06371-2333,Private      ,0,1,1,76,29,105
03094800,INDUSTRIAL MANAGEMENT & TRAINING        ,CT,06706-1211,Proprietary  ,8,32,40,37,199,236
03234300,CHARTER OAK STATE COLLEGE               ,CT,06053-2150,Public       ,7,129,136,110,1707,1817
03316300,LINCOLN TECHNICAL INSTITUTE - HARTFORD  ,CT,06105-3630,Proprietary  ,33,105,138,677,840,1517
03381300,CONNECTICUT TRAINING CENTER             ,CT,06108-2705,Private      ,0,12,12,6,45,51
03927300,ALBERT SCHOOL (THE)                     ,CT,06357-2447,Proprietary  ,18,43,61,143,262,405
03927302,BRIO ACADEMY OF COSMETOLOGY  -  ENFIELD ,CT,06082-2946,Proprietary  ,1,1,2,1,1,2
04104300,ACADEMY DI CAPELLI - SCHOOL OF COSMETOLO,CT,06492-0000,Proprietary  ,13,22,35,44,82,126
04128800,BRANFORD ACADEMY OF HAIR & COSMETOLOGY  ,CT,06405-0000,Proprietary  ,0,3,3,29,70,99
04145400,OXFORD ACADEMY OF HAIR DESIGN           ,CT,06483-2911,Proprietary  ,10,10,20,58,68,126
04148400,EUROPEAN ACADEMY OF COSMETOLOGY AND HAIR,CT,06437-0000,Proprietary  ,1,1,2,17,26,43
04152400,INTERNATIONAL INSTITUTE OF COSMETOLOGY  ,CT,06109-0000,Proprietary  ,17,12,29,106,105,211
04162900,TONSORIAL ACADEMY OF COSMETOLOGY AND BAR,CT,06516-0000,Proprietary  ,0,2,2,3,25,28
00146600,BARRY UNIVERSITY                        ,FL,33161-6695,Private      ,147,370,517,6078,9572,15650
00146601,BARRY UNIVERSITY - ORLANDO              ,FL,32807-3673,Private      ,14,49,63,298,1929,2227
00146700,BETHUNE COOKMAN UNIVERSITY              ,FL,32114-3099,Private      ,223,77,300,7640,2216,9856
00146800,ST THOMAS UNIVERSITY                    ,FL,33054-0000,Private      ,73,94,167,1575,3037,4612
00146900,FLORIDA INSTITUTE OF TECHNOLOGY         ,FL,32901-6988,Private      ,101,712,813,4215,9523,13738
00147000,BREVARD COMMUNITY COLLEGE               ,FL,32922-6503,Public       ,261,628,889,6917,11738,18655
00147100,CENTRAL FLORIDA COMMUNITY COLLEGE       ,FL,34478-1388,Public       ,149,417,566,5275,9720,14995
00147200,CHIPOLA  COLLEGE                        ,FL,32446-2053,Public       ,20,66,86,1258,1758,3016
00147300,CLEARWATER CHRISTIAN COLLEGE            ,FL,33759-0000,Private      ,6,8,14,806,263,1069
00147500,DAYTONA STATE COLLEGE                   ,FL,32114-2800,Public       ,282,933,1215,8946,17088,26034
00147700,EDISON STATE COLLEGE                    ,FL,33906-6210,Public       ,203,486,689,8956,12939,21895
00147800,EDWARD WATERS COLLEGE                   ,FL,32209-6199,Private      ,31,41,72,1318,1047,2365
00147900,EMBRY-RIDDLE AERONAUTICAL UNIV          ,FL,32114-3900,Private      ,101,770,871,7532,8506,16038
00148000,FLORIDA A & M UNIVERSITY                ,FL,32307-3100,Public       ,588,244,832,19790,9784,29574
00148100,FLORIDA ATLANTIC UNIVERSITY             ,FL,33431-6498,Public       ,1250,625,1875,27003,18096,45099
00148101,FLORIDA ATLANTIC UNIVERSITY/DAVIE       ,FL,33314-0000,Public       ,82,165,247,1730,3557,5287
00148103,FLORIDA ATLANTIC UNIV-JUPITER/PSL       ,FL,33458-0000,Public       ,50,60,110,787,818,1605
00148200,FLORIDA COLLEGE                         ,FL,33617-5578,Private      ,1,7,8,521,127,648
00148400,FLORIDA STATE COLLEGE AT JACKSONVILLE   ,FL,32202-4030,Public       ,555,1976,2531,15151,33227,48378
00148500,FLORIDA KEYS COMMUNITY COLLEGE          ,FL,33040-4397,Public       ,17,64,81,577,1057,1634
00148600,FLORIDA MEMORIAL UNIVERSITY             ,FL,33054-6199,Private      ,103,74,177,2922,1661,4583
00148700,ECKERD COLLEGE                          ,FL,33711-4744,Private      ,33,89,122,3225,1207,4432
00148800,FLORIDA SOUTHERN COLLEGE                ,FL,33801-5698,Private      ,68,88,156,3769,1269,5038
00148900,FLORIDA STATE UNIVERSITY                ,FL,32306-2430,Public       ,2108,575,2683,51396,20348,71744
00149000,GULF COAST COMMUNITY COLLEGE            ,FL,32401-1058,Public       ,88,287,375,2914,5964,8878
00149300,INDIAN RIVER STATE COLLEGE              ,FL,34981-5596,Public       ,239,629,868,7445,12966,20411
00149500,JACKSONVILLE UNIVERSITY                 ,FL,32211-3394,Private      ,102,309,411,4748,4608,9356
00149700,JONES COLLEGE                           ,FL,32211-5588,Private      ,8,60,68,138,1182,1320
00149900,EVEREST UNIVERSITY                      ,FL,32810-5601,Proprietary  ,66,315,381,534,3356,3890
00149901,EVEREST UNIVERSITY - ORLANDO SOUTH      ,FL,32819-7666,Proprietary  ,615,6136,6751,3626,41638,45264
00149902,EVEREST UNIVERSITY - MELBOURNE          ,FL,32905-6609,Proprietary  ,16,151,167,142,1368,1510
00150000,BROWARD COLLEGE- DOWNTOWN CTR           ,FL,33301-2298,Public       ,307,896,1203,7634,14791,22425
00150001,BROWARD COLLEGE - DAVIE CAMPUS          ,FL,33314-0000,Public       ,291,493,784,9691,11295,20986
00150002,BROWARD COLLEGE- NORTH CAMPUS           ,FL,33066-0000,Public       ,167,485,652,6317,9872,16189
00150003,BROWARD COLLEGE- SOUTH CAMPUS           ,FL,33024-0000,Public       ,229,435,664,6761,9263,16024
00150100,LAKE CITY COMMUNITY COLLEGE             ,FL,32025-2007,Public       ,43,136,179,1415,3399,4814
00150200,LAKE SUMTER COMMUNITY COLLEGE           ,FL,34788-8751,Public       ,80,189,269,2747,3787,6534
00150400,MANATEE COMMUNITY COLLEGE               ,FL,34207-3596,Public       ,127,320,447,5647,8995,14642
00150500,LYNN UNIVERSITY                         ,FL,33431-5598,Private      ,52,45,97,2114,993,3107
00150600,MIAMI DADE COLLEGE ADMINISTRATION ONLY  ,FL,33176-3393,Public       ,31,56,87,1280,1724,3004
00150601,MIAMI DADE COLLEGE - NORTH CAMPUS       ,FL,33167-3495,Public       ,543,914,1457,13060,18376,31436
00150602,MIAMI DADE COLLEGE - KENDALL CAMPUS     ,FL,33176-3393,Public       ,748,1067,1815,19198,18382,37580
00150603,MIAMI DADE COLLEGE - WOLFSON CAMPUS     ,FL,33132-2297,Public       ,417,676,1093,9936,11995,21931
00150604,MIAMI DADE COLLEGE - MEDICAL CAMPUS     ,FL,33127-4693,Public       ,109,329,438,2769,6909,9678
00150605,MIAMI DADE COLLEGE - HOMESTEAD CAMPUS   ,FL,33030-6009,Public       ,112,232,344,2429,3441,5870
00150606,MIAMI DADE COLLEGE -INTERAMERICAN CAMPUS,FL,33135-0000,Public       ,186,438,624,4073,8032,12105
00150607,MIAMI DADE COLLEGE - HIALEAH CAMPUS     ,FL,33012-2918,Public       ,155,343,498,3151,4320,7471
00150800,NORTH FLORIDA COMMUNITY COLLEGE         ,FL,32340-1699,Public       ,23,64,87,658,1138,1796
00150900,NOVA SOUTHEASTERN UNIVERSITY            ,FL,33314-7796,Private      ,212,1216,1428,6739,35258,41997
00151000,NORTHWEST FLORIDA STATE COLLEGE         ,FL,32578-1295,Public       ,68,303,371,2614,5932,8546
00151200,PALM BEACH COMMUNITY COLLEGE            ,FL,33461-4796,Public       ,469,894,1363,15350,19322,34672
00151300,PENSACOLA STATE COLLEGE                 ,FL,32504-8998,Public       ,193,639,832,5339,11122,16461
00151400,POLK STATE COLLEGE                      ,FL,33881-4256,Public       ,140,441,581,5522,8990,14512
00151500,ROLLINS COLLEGE                         ,FL,32789-4499,Private      ,59,68,127,3169,1666,4835
00151900,SANTA FE COLLEGE                        ,FL,32606-6200,Public       ,332,572,904,10478,11036,21514
00152000,SEMINOLE STATE COLLEGE OF FLORIDA       ,FL,32773-6199,Public       ,296,762,1058,10221,17578,27799
00152100,SOUTHEASTERN UNIVERSITY                 ,FL,33801-6099,Private      ,41,70,111,2809,1455,4264
00152200,SOUTH FLORIDA COMMUNITY COLLEGE         ,FL,33825-9399,Public       ,63,126,189,1724,2479,4203
00152300,SAINT JOHNS RIVER STATE COLLEGE         ,FL,32177-3897,Public       ,97,235,332,3057,5219,8276
00152600,SAINT LEO UNIVERSITY                    ,FL,33574-6665,Private      ,103,1127,1230,3554,16157,19711
00152800,ST. PETERSBURG COLLEGE                  ,FL,33760-3768,Public       ,356,1243,1599,11530,26588,38118
00153100,STETSON UNIVERSITY                      ,FL,32723-3761,Private      ,100,56,156,3722,1223,4945
00153101,STETSON UNIVERSITY - COLLEGE OF LAW     ,FL,33707-3299,Private      ,8,14,22,93,1929,2022
00153300,TALLAHASSEE COMMUNITY COLLEGE           ,FL,32304-2895,Public       ,407,504,911,11968,11724,23692
00153400,EVEREST UNIVERSITY                      ,FL,33614-5801,Proprietary  ,46,281,327,712,4732,5444
00153408,EVEREST UNIVERSITY - TAMPA BRANDON CAMPU,FL,33619-1354,Proprietary  ,174,1591,1765,1423,19613,21036
00153409,EVEREST UNIVERSITY - ORANGE PARK        ,FL,32073-1111,Proprietary  ,25,169,194,201,1490,1691
00153500,UNIVERSITY OF FLORIDA                   ,FL,32611-3150,Public       ,1712,684,2396,49148,21919,71067
00153600,UNIVERSITY OF MIAMI                     ,FL,33146-6531,Private      ,518,262,780,21916,7962,29878
00153601,UNIV OF MIAMI SCHOOL OF LAW             ,FL,33124-0000,Private      ,4,15,19,119,2171,2290
00153602,UNIV OF MIAMI-SCH OF MEDICINE           ,FL,33136-0000,Private      ,34,48,82,908,1515,2423
00153700,UNIVERSITY OF SOUTH FLORIDA             ,FL,33620-6960,Public       ,1785,773,2558,42625,28114,70739
00153701,UNIV OF SOUTH FLORIDA-ST PETERSBURG     ,FL,33701-0000,Public       ,142,157,299,1480,1483,2963
00153702,UNIV OF SOUTH FLORIDA-SARASOTA          ,FL,34243-2025,Public       ,24,73,97,540,1186,1726
00153705,UNIV OF SOUTH FLORIDA                   ,FL,33803-0000,Public       ,84,92,176,1523,1333,2856
00153706,UNIV OF SOUTH FLORIDA- MEDICINE         ,FL,33612-0000,Public       ,72,45,117,1329,1478,2807
00153800,UNIVERSITY OF TAMPA                     ,FL,33606-1490,Private      ,244,135,379,11173,3547,14720
00154000,WEBBER INTERNATIONAL UNIVERSITY         ,FL,33827-0096,Private      ,19,11,30,908,308,1216
00173308,NATIONAL-LOUIS UNIVERSITY               ,FL,33609-0000,Private      ,2,9,11,8,71,79
00177201,TRINITY INTERNATIONAL UNIVERSITY - SOUTH,FL,33324-4611,Private      ,6,33,39,58,537,595
00395400,UNIV OF CENTRAL FLORIDA                 ,FL,32816-0001,Public       ,2803,1045,3848,64598,31418,96016
00395500,UNIVERSITY OF WEST FLORIDA              ,FL,32514-5750,Public       ,439,389,828,9183,7680,16863
00407215,NORTHWOOD UNIVERSITY                    ,FL,33409-0000,Private      ,14,39,53,565,433,998
00491004,KAPLAN CAREER INSTITUTE - KAPLAN COLLEGE,FL,33026-3978,Proprietary  ,16,176,192,133,1725,1858
00491005,KAPLAN COLLEGE JACKSONVILLE             ,FL,32216-3216,Proprietary  ,17,198,215,162,2183,2345
00558500,LIVELY TECHNICAL CENTER                 ,FL,32304-0000,Public       ,35,102,137,646,2478,3124
00558600,LINDSEY HOPKINS TECHNICAL ED CENTER     ,FL,33127-4692,Public       ,11,125,136,241,1104,1345
00559400,D G ERWIN TECHNICAL CENTER              ,FL,33610-8255,Public       ,47,226,273,618,2577,3195
00560500,PINELLAS TECH ED CTR-CLEARWATER         ,FL,33760-2194,Public       ,35,184,219,384,1835,2219
00560700,SARASOTA COUNTY TECHNICAL INSTITUTE     ,FL,34233-0000,Public       ,15,52,67,350,1105,1455
00560800,TRAVISS TECHNICAL CENTER                ,FL,33803-0000,Public       ,22,106,128,409,1592,2001
00561200,MANATEE TECHNICAL INSTITUTE             ,FL,34210-0000,Public       ,26,117,143,524,1807,2331
00561201,MANATEE TECHNICAL INSTITUTE-EAST        ,FL,34211-0000,Public       ,10,52,62,257,928,1185
00675000,VALENCIA COMMUNITY COLLEGE              ,FL,32802-3028,Public       ,1529,1740,3269,31434,34370,65804
00732910,ITT TECHNICAL INSTITUTE                 ,FL,33634-7515,Proprietary  ,123,419,542,1182,4173,5355
00732947,ITT TECHNICAL INSTITUTE                 ,FL,32746-1607,Proprietary  ,117,357,474,972,3316,4288
00752500,SUWANNEE-HAMILTON AREA VOC TECH CTR     ,FL,32060-0000,Public       ,7,42,49,83,427,510
00752600,WASHINGTON HOLMES TECHNICAL CENTER      ,FL,32428-1699,Public       ,8,44,52,189,628,817
00755800,LEE COUNTY HIGH TECH CENTER CENTRAL     ,FL,33916-2299,Public       ,27,87,114,466,1353,1819
00758600,REMINGTON COLLEGE - TAMPA CAMPUS        ,FL,33612-8410,Private      ,15,113,128,207,961,1168
00787000,HILLSBOROUGH COMMUNITY COLLEGE          ,FL,33606-3572,Public       ,481,1095,1576,16682,25530,42212
00789300,FLAGLER COLLEGE                         ,FL,32085-1027,Private      ,71,34,105,4309,982,5291
00789301,FLAGLER COLLEGE - TALLAHASSEE COMMUNITY ,FL,32304-2895,Private      ,14,31,45,386,826,1212
00807500,ST JOHN VIANNEY COLLEGE SEMINARY        ,FL,33165-3244,Private      ,0,4,4,36,19,55
00814600,EVEREST UNIVERSITY - POMPANO BEACH      ,FL,33062-2522,Proprietary  ,63,468,531,463,5998,6461
00822300,ST VINCENT DE PAUL REGIONL SEMINARY     ,FL,33436-0000,Private      ,0,1,1,3,10,13
00841700,STENOTYPE INST OF JACKSONVILLE          ,FL,32207-0000,Proprietary  ,11,80,91,42,476,518
00869410,RASMUSSEN COLLEGE - OCALA               ,FL,34471-7051,Proprietary  ,59,628,687,850,6907,7757
00869411,RASMUSSEN COLLEGE - NEW PORT RICHEY     ,FL,34690-4554,Proprietary  ,23,112,135,316,1600,1916
00869413,RASMUSSEN COLLEGE - FORT MYERS          ,FL,33905-7805,Proprietary  ,30,130,160,342,1447,1789
00869420,RASMUSSEN COLLEGE - TAMPA               ,FL,33610-9558,Proprietary  ,10,79,89,97,587,684
00869422,RASMUSSEN COLLEGE - PASCO               ,FL,33558-0000,Proprietary  ,3,49,52,20,141,161
00884800,WARNER UNIVERSITY                       ,FL,33859-8725,Private      ,8,52,60,708,869,1577
00884900,PALM BEACH ATLANTIC UNIVERSITY          ,FL,33401-6505,Private      ,53,119,172,3291,2942,6233
00887800,MIAMI INTERNATIONAL UNIV ART&DESIGN     ,FL,33132-1418,Proprietary  ,150,280,430,3624,3620,7244
00910400,RIVERSIDE HAIRSTYLING ACADEMY           ,FL,32207-3810,Proprietary  ,1,21,22,36,116,152
00963500,FLORIDA INTERNATIONAL UNIVERSITY        ,FL,33199-0001,Public       ,1625,999,2624,37052,32555,69607
00984100,UNIVERSITY OF NORTH FLORIDA             ,FL,32224-2645,Public       ,806,449,1255,16952,10630,27582
00990200,SHERIDAN TECHNICAL CENTER               ,FL,33021-3399,Public       ,64,217,281,618,2619,3237
01016100,"LORAINE'S ACADEMY, INC                  ",FL,33710-0000,Proprietary  ,14,59,73,61,261,322
01019500,ART INSTITUTE OF FT LAUDERDALE          ,FL,33316-3000,Proprietary  ,85,176,261,2320,2802,5122
01065200,PASCO-HERNANDO COMMUNITY CLG            ,FL,34654-5199,Public       ,170,451,621,5564,9147,14711
01072401,CARLOS ALBIZU UNIVERSITY                ,FL,33172-0000,Private      ,4,59,63,132,1388,1520
01082600,TOM P. HANEY TECHNICAL CENTER           ,FL,32405-5099,Public       ,22,90,112,283,1351,1634
01112700,GOODING INST OF NUR ANES BAY MED CT     ,FL,32401-0000,Public       ,0,4,4,21,115,136
01226300,ATLANTIC TECHNICAL CENTER               ,FL,33063-3902,Public       ,40,144,184,585,2052,2637
01254400,FIRST COAST TECHNICAL COLLEGE           ,FL,32084-1921,Public       ,39,109,148,370,1121,1491
01257400,RINGLING SCHOOL OF ART AND DESIGN       ,FL,34234-5895,Private      ,29,10,39,2191,511,2702
01303904,SOUTH UNIVERSITY - WEST PALM BEACH CAMPU,FL,33409-5149,Proprietary  ,28,167,195,503,2119,2622
01323400,LORENZO WALKER INST OF TECHNOLOGY       ,FL,34104-4405,Public       ,7,36,43,254,769,1023
02089600,CONCORDE CAREER INSTITUTE               ,FL,32211-0000,Proprietary  ,30,206,236,249,1490,1739
02106602,AMERICAN INSTITUTE - AMERICAN INSTITUTE ,FL,34747-5161,Proprietary  ,2,62,64,13,248,261
02113609,AMERICAN INTERCONTINENTAL UNIV - WESTON ,FL,33326-3233,Proprietary  ,11,84,95,344,1219,1563
02115300,PINELLAS TECHNICAL EDUCATION CENTERS - S,FL,33711-0000,Public       ,35,173,208,407,1826,2233
02116006,SANFORD-BROWN INSTITUTE - FT. LAUDERDALE,FL,33309-1906,Proprietary  ,18,117,135,248,1012,1260
02121800,EVEREST INSTITUTE                       ,FL,33169-4759,Proprietary  ,42,169,211,350,1461,1811
02121801,EVEREST INSTITUTE  - HIALEAH            ,FL,33012-7193,Proprietary  ,10,38,48,119,309,428
02148200,FASHION FOCUS HAIR ACADEMY              ,FL,34231-0000,Proprietary  ,7,6,13,41,102,143
02148300,MANHATTAN BEAUTY SCHOOL                 ,FL,33611-0000,Proprietary  ,27,135,162,165,755,920
02149900,PAUL MITCHELL THE SCHOOL-JACKSONVILLE   ,FL,32205-0000,Proprietary  ,19,52,71,297,617,914
02151900,KEISER  UNIVERSITY                      ,FL,33309-0000,Private      ,430,2149,2579,4914,21718,26632
02156300,MARGATE SCHOOL OF BEAUTY                ,FL,33063-0000,Proprietary  ,0,0,0,90,337,427
02156700,FLORIDA CHRISTIAN COLLEGE               ,FL,34744-0000,Private      ,7,10,17,421,316,737
02159600,BAPTIST COLLEGE OF FLORIDA (THE)        ,FL,32440-0000,Private      ,3,18,21,352,379,731
02172700,CONCORDE CAREER INSTITUTE               ,FL,33607-0000,Proprietary  ,20,102,122,204,916,1120
02179909,ARGOSY UNIVERSITY - TAMPA               ,FL,33607-5325,Proprietary  ,0,0,0,0,1,1
02188900,HOBE SOUND BIBLE COLLEGE                ,FL,33475-0000,Private      ,1,7,8,83,100,183
02200100,BRADENTON BEAUTY & BARBER ACADEMY       ,FL,34209-0000,Proprietary  ,9,24,33,60,253,313
02215900,ATI CAREER TRAINING CENTER              ,FL,33309-1785,Proprietary  ,13,46,59,240,970,1210
02218700,FLORIDA TECHNICAL COLLEGE               ,FL,32826-2707,Proprietary  ,104,546,650,833,3813,4646
02218707,FLORIDA TECHNICAL COLLEGE - LAKELAND    ,FL,33813-2101,Proprietary  ,4,31,35,66,390,456
02218709,FLORIDA TECHNICAL COLLEGE - DELAND      ,FL,32720-7415,Proprietary  ,31,133,164,178,1029,1207
02228300,LAKE TECHNICAL CENTER                   ,FL,32726-0000,Public       ,16,110,126,367,1320,1687
02245500,FORTIS COLLEGE                          ,FL,32789-4679,Proprietary  ,21,128,149,174,974,1148
02257900,INTERNATIONAL ACADEMY                   ,FL,32119-3541,Proprietary  ,15,49,64,115,308,423
02275100,CONCORDE CAREER INSTITUTE               ,FL,33025-0000,Proprietary  ,30,100,130,168,733,901
02278800,SOUTHWEST FLORIDA COLLEGE               ,FL,33907-0000,Proprietary  ,39,249,288,506,2374,2880
02278801,SOUTHWEST FLORIDA COLLEGE - TAMPA       ,FL,33619-1344,Proprietary  ,18,60,78,326,847,1173
02278802,SOUTHWEST FLORIDA COLLEGE - INSTITUTUE O,FL,33928-9469,Proprietary  ,6,20,26,35,127,162
02278803,SOUTHWEST FLORIDA COLLEGE - PORT CHARLOT,FL,33953-3100,Proprietary  ,9,79,88,122,783,905
02279600,CORTIVA INSTITUTE - FLORIDA             ,FL,33781-0000,Proprietary  ,6,31,37,66,266,332
02280800,NEW ENGLAND INST TECH-PALM BEACH        ,FL,33407-0000,Proprietary  ,47,114,161,599,2184,2783
02283800,BEAUTY SCHOOLS OF AMERICA               ,FL,33012-3322,Proprietary  ,132,643,775,702,3265,3967
02286502,ITT TECHNICAL INSTITUTE                 ,FL,32244-6630,Proprietary  ,0,0,0,0,3,3
02287100,LA BELLE BEAUTY SCHOOL                  ,FL,33012-3224,Proprietary  ,16,79,95,38,295,333
02293200,ATI CAREER TRAINING CENTER              ,FL,33309-5916,Proprietary  ,68,197,265,824,2800,3624
02293201,ATI CAREER TRAINING CENTER - MIAMI      ,FL,33122-1707,Proprietary  ,5,16,21,71,327,398
02293202,ATI CAREER TAINING CENTER - ATI COLLEGE ,FL,87109-2016,Proprietary  ,20,103,123,251,1274,1525
02293600,ADVANCED TECHNICAL CENTERS              ,FL,33266-1597,Private      ,0,13,13,27,112,139
02297000,CHARLOTTE TECHNICAL CENTER              ,FL,33948-0000,Public       ,9,45,54,243,758,1001
02300900,WITHLACOOCHEE TECHNICAL INSTITUTE       ,FL,34450-0000,Public       ,8,40,48,238,898,1136
02305700,FORTIS COLLEGE                          ,FL,33619-1283,Proprietary  ,11,69,80,84,790,874
02305800,FLORIDA CAREER COLLEGE                  ,FL,33012-7028,Proprietary  ,321,1043,1364,2124,7168,9292
02307400,GEORGE STONE AREA VOCATIONAL TECHNICAL  ,FL,32526-0000,Public       ,31,175,206,290,1356,1646
02314100,SCHILLER INTERNATIONAL UNIVERSITY       ,FL,33770-0000,Proprietary  ,7,53,60,76,288,364
02316200,MIAMI LAKES TECHNICAL EDUCATION CTR     ,FL,33014-0000,Public       ,48,163,211,411,1294,1705
02321200,ORANGE TECH EDUC CTR- WESTSIDE TECH     ,FL,34787-0000,Public       ,37,91,128,334,1029,1363
02325100,KEY COLLEGE                             ,FL,33004-3046,Proprietary  ,1,6,7,23,88,111
02326303,MEDVANCE INSTITUTE - WEST PALM          ,FL,33461-2171,Proprietary  ,40,112,152,270,1031,1301
02326306,MEDVANCE INSTITUTE - MIAMI              ,FL,33173-3431,Proprietary  ,20,44,64,93,334,427
02326800,MERIDIAN COLLEGE                        ,FL,34240-8478,Proprietary  ,2,24,26,70,361,431
02326801,MERIDIAN CAREER INSTITUTE -             ,FL,33619-1378,Proprietary  ,0,5,5,19,131,150
02326900,SUNSTATE ACADEMY OF HAIR DESIGN         ,FL,33907-1415,Proprietary  ,28,76,104,179,466,645
02329900,FLORIDA INSTITUTE OF ULTRASOUND         ,FL,32514-0000,Proprietary  ,4,25,29,78,323,401
02338400,FT PIERCE BEAUTY ACADEMY                ,FL,34982-0000,Proprietary  ,11,54,65,94,408,502
02346200,WYOTECH                                 ,FL,32174-1010,Proprietary  ,68,172,240,651,1299,1950
02362100,FULL SAIL UNIVERSITY                    ,FL,32792-0000,Proprietary  ,988,3241,4229,14614,28767,43381
02499000,ACADEMY OF COSMETOLOGY                  ,FL,32953-3311,Proprietary  ,4,40,44,57,276,333
02501500,"O*TEC, MID-FLORIDA TECH                 ",FL,32809-0000,Public       ,61,194,255,530,1731,2261
02504600,WINTER PARK TECH                        ,FL,32789-0000,Public       ,9,83,92,150,856,1006
02508900,TALMUDIC COLLEGE OF FLORIDA             ,FL,33139-0000,Private      ,7,4,11,46,22,68
02511700,RIDGE TECHNICAL CENTER                  ,FL,33881-0000,Public       ,24,102,126,331,1298,1629
02513200,ORLANDO TECHNICAL CENTER                ,FL,32801-0000,Public       ,34,126,160,438,1715,2153
02515400,CITY COLLEGE                            ,FL,33309-3073,Private      ,49,199,248,482,2588,3070
02517100,SARASOTA SCHOOL OF MASSAGE THERAPY      ,FL,34243-6130,Proprietary  ,5,21,26,43,207,250
02524000,SUNSTATE ACADEMY OF HAIR DESIGN         ,FL,34624-0000,Proprietary  ,23,35,58,113,277,390
02524200,ROBERT MORGAN EDUCATIONAL CENTER        ,FL,33177-0000,Public       ,60,131,191,527,1342,1869
02547600,FLORIDA NATIONAL COLLEGE                ,FL,33012-0000,Proprietary  ,91,275,366,932,3279,4211
02554200,RADFORD LOCKLIN TECH CENTER             ,FL,32570-0000,Public       ,6,21,27,77,297,374
02573200,LA BELLE BEAUTY ACADEMY                 ,FL,33135-0000,Proprietary  ,9,58,67,85,396,481
02586200,FLORIDA CAREER COLLEGE                  ,FL,33759-3924,Proprietary  ,13,74,87,145,652,797
02597100,HERITAGE INSTITUTE                      ,FL,33912-7132,Proprietary  ,38,156,194,356,1345,1701
02598200,SOUTHERN CAREER COLLEGE                 ,FL,32211-0000,Proprietary  ,4,33,37,52,401,453
02599800,EVEREST UNIVERSITY                      ,FL,33770-2556,Proprietary  ,17,90,107,143,1109,1252
02599801,EVEREST UNIVERSITY - TAMPA LAKELAND CAMP,FL,33801-3801,Proprietary  ,20,151,171,170,1343,1513
02599805,EVEREST UNIVERSITY - JACKSONVILLE       ,FL,32256-0000,Proprietary  ,24,188,212,284,1917,2201
02601600,HENRY W BREWSTER TECHNICAL CENTER       ,FL,33602-0000,Public       ,17,87,104,179,852,1031
02612700,ACADEMY OF COSMETOLOGY-PALM BAY         ,FL,32905-2805,Proprietary  ,6,28,34,59,217,276
02616400,SANFORD-BROWN INSTITUTE                 ,FL,32256-3520,Proprietary  ,34,158,192,494,2707,3201
02616401,SANFORD-BROWN INSTITUTE - TAMPA         ,FL,33610-8304,Proprietary  ,11,97,108,275,1372,1647
03003200,EVEREST INSTITUTE                       ,FL,33186-1410,Proprietary  ,24,101,125,283,830,1113
03003201,EVEREST INSTITUTE - FT. LAUDERDALE      ,FL,33304-2522,Proprietary  ,21,68,89,147,614,761
03003600,MCFATTER TECHNICAL CENTER               ,FL,33317-7499,Public       ,40,154,194,457,1577,2034
03006801,PENNSYLVANIA CULINARY INSTITUTE - LE COR,FL,33025-3929,Proprietary  ,24,200,224,373,1754,2127
03008600,FLORIDA COLLEGE OF NATURAL HEALTH       ,FL,33064-1342,Proprietary  ,29,198,227,338,1431,1769
03010608,VIRGINIA COLLEGE - PENSACOLA            ,FL,32501-5650,Proprietary  ,15,107,122,152,1277,1429
03010612,VIRGINIA COLLEGE - GOLF ACADEMY OF AMERI,FL,32701-0000,Proprietary  ,10,30,40,111,328,439
03010618,VIRGINIA COLLEGE - JACKSONVILLE         ,FL,32207-5167,Proprietary  ,7,58,65,152,912,1064
03012300,ASM BEAUTY WORLD ACADEMY                ,FL,33021-0000,Proprietary  ,6,48,54,40,221,261
03018500,BENE'S INTERNATIONAL SCHOOL OF BEAUTY   ,FL,34652-1637,Proprietary  ,17,74,91,142,422,564
03028200,TRINITY COLLEGE OF FLORIDA              ,FL,34655-4401,Private      ,2,10,12,154,169,323
03031400,INTERNATIONAL ACADEMY OF DESIGN AND TECH,FL,33634-6313,Proprietary  ,105,495,600,2009,6216,8225
03031402,INTERNATIONAL ACADEMY OF DESIGN AND TECH,FL,32809-4613,Proprietary  ,17,61,78,687,1026,1713
03031403,IADT - ORLANDO CULINARY ACADEMY         ,FL,32819-0000,Proprietary  ,14,70,84,309,702,1011
03035800,HERITAGE INSTITUTE                      ,FL,32216-0948,Proprietary  ,8,95,103,104,683,787
03035900,NATIONAL AVIATION ACADEMY               ,FL,33760-3931,Proprietary  ,33,97,130,333,858,1191
03037500,HODGES UNIVERSITY                       ,FL,34119-7932,Private      ,49,330,379,688,4558,5246
03054200,FORTIS COLLEGE                          ,FL,33144-2373,Proprietary  ,20,70,90,318,459,777
03071600,COLLEGE OF BUSINESS & TECHNOLOGY        ,FL,33176-0000,Proprietary  ,37,245,282,298,1721,2019
03076402,BRYMAN SCHOOL OF ARIZONA (THE) - ANTHEM ,FL,32803-3509,Proprietary  ,7,12,19,27,102,129
03079800,GEORGE T BAKER AVIATION                 ,FL,33142-5687,Public       ,32,69,101,371,636,1007
03079900,CITY COLLEGE                            ,FL,32707-0000,Private      ,7,86,93,105,581,686
03087601,ITT TECHNICAL INSTITUTE                 ,FL,33126-1823,Proprietary  ,0,0,0,0,1,1
03089200,NOUVELLE INSTITUTE                      ,FL,33125-4141,Proprietary  ,7,68,75,45,496,541
03096300,FORTIS INSTITUTE                        ,FL,33860-0000,Proprietary  ,1,14,15,39,207,246
03099600,MERCY HOSPITAL SCHOOL OF PRACTICAL NSG  ,FL,33133-4237,Private      ,0,0,0,53,222,275
03100800,TAYLOR TECHNICAL INSTITUTE              ,FL,32348-0894,Public       ,3,19,22,54,248,302
03101900,TRINITY BAPTIST COLLEGE                 ,FL,32221-1398,Private      ,5,19,24,229,204,433
03103900,MARION COUNTY COMMUNITY TECH & ADUL     ,FL,34474-3172,Public       ,9,44,53,431,1372,1803
03108500,EVERGLADES UNIVERSITY                   ,FL,33431-0000,Private      ,12,155,167,226,2029,2255
03108600,COM-PU-MED VOCATIONAL CAREERS           ,FL,33012-4861,Proprietary  ,8,113,121,70,503,573
03113400,ACADEMY OF HEALING ARTS                 ,FL,33463-2113,Proprietary  ,4,14,18,35,201,236
03114700,PRAXIS INSTITUTE                        ,FL,33135-2657,Proprietary  ,10,90,100,114,821,935
03115500,FLORIDA HOSPITAL COLG OF HEALTH SCI     ,FL,32803-1237,Private      ,66,207,273,1373,3668,5041
03123900,KEISER CAREER COLLEGE                   ,FL,33413-0000,Proprietary  ,38,168,206,424,1799,2223
03125600,MIAMI AD SCHOOL                         ,FL,33139-5203,Proprietary  ,4,19,23,63,403,466
03127900,TECHNICAL EDUCATION CTR OSCEOLA         ,FL,34744-4459,Public       ,37,100,137,402,1372,1774
03158300,LEE COUNTY HIGH TECH CENTER NORTH       ,FL,33993-2479,Public       ,13,43,56,199,693,892
03171300,UNIVERSITY OF ST. AUGUSTINE FOR HEALTH S,FL,32084-4215,Proprietary  ,3,149,152,65,1566,1631
03178400,CORAL RIDGE NURSES ASST TRAINING        ,FL,33306-0000,Proprietary  ,7,44,51,26,157,183
03224300,NEW PROFESSIONS TECHNICAL INSTITUTE     ,FL,33134-1640,Proprietary  ,12,183,195,66,723,789
03230300,CHOICE HIGH SCHOOL AND TECHNICAL CENTER ,FL,32547-1299,Public       ,10,43,53,111,699,810
03238300,FLORIDA COLLEGE OF INTEGRATIVE MED      ,FL,32809-5721,Proprietary  ,6,22,28,74,347,421
03255300,FLORIDA GULF COAST UNIVERSITY           ,FL,33965-6565,Public       ,529,210,739,14232,5909,20141
03256300,YESHIVA GEDOLAH RABBINICAL COLLEGE      ,FL,33139-4708,Private      ,1,1,2,26,10,36
03264300,SOUTH FLORIDA BIBLE COLLEGE AND THEOLOGI,FL,33441-5768,Private      ,0,5,5,11,93,104
03346300,ACAD FOR PRAC NURSING & HEALTH OCCP     ,FL,33417-4574,Private      ,19,120,139,255,1084,1339
03348400,PROFESSIONAL TRAINING CENTERS           ,FL,33184-0000,Proprietary  ,9,58,67,153,727,880
03373300,BEACON COLLEGE                          ,FL,34748-5224,Private      ,2,6,8,151,121,272
03374300,FLORIDA COASTAL SCHOOL OF LAW           ,FL,32256-0000,Proprietary  ,2,34,36,56,3183,3239
03382300,BRADFORD-UNION AREA CAREERTECHNICAL CENT,FL,32091-2434,Public       ,5,20,25,61,326,387
03390300,LINCOLN TECHNICAL INSTITUTE             ,FL,32730-2351,Proprietary  ,11,73,84,164,773,937
03411400,INTERNATIONAL TRAINING CAREERS          ,FL,33155-1462,Private      ,13,110,123,63,430,493
03414500,ACUPUNCTURE AND MASSAGE COLLEGE         ,FL,33176-1509,Proprietary  ,3,36,39,58,392,450
03425400,CENTRAL FLORIDA INSTITUTE               ,FL,34684-4436,Proprietary  ,17,106,123,254,830,1084
03429600,ATLANTIC INST OF ORIENTAL MEDICINE      ,FL,33316-0000,Private      ,2,14,16,20,216,236
03429700,EAST WEST COLLG OF NATURAL MEDICINE     ,FL,34236-4959,Proprietary  ,1,12,13,33,243,276
03433400,NEW CONCEPT MASSAGE AND BEAUTY SCHO     ,FL,33135-0000,Proprietary  ,1,31,32,17,140,157
03434300,FORTIS COLLEGE                          ,FL,32073-2999,Proprietary  ,28,94,122,263,875,1138
03480301,MEDVANCE INSTITUTE - FORT LAUDERDALE    ,FL,33313-7261,Proprietary  ,7,49,56,86,433,519
03480302,MEDVANCE INSTITUTE - STUART             ,FL,34994-3000,Proprietary  ,16,104,120,117,763,880
03491400,AMERICAN ADVANCED TECHNICIANS INST      ,FL,33014-4430,Proprietary  ,7,56,63,37,217,254
03549300,ULTIMATE MEDICAL ACADEMY                ,FL,33756-5802,Proprietary  ,256,3190,3446,1194,16659,17853
03553300,KEISER CAREER COLLEGE                   ,FL,32216-0000,Proprietary  ,17,96,113,210,1149,1359
03557300,NORTH FLORIDA COSMETOLOGY INSTITUTE     ,FL,32312-0000,Proprietary  ,12,31,43,120,445,565
03564300,"INTERNATIONAL SCHOOL OF HEALTH, BEAUTY &",FL,33311-1141,Proprietary  ,14,47,61,75,399,474
03570400,ENGLISH CENTER (THE)                    ,FL,33133-2703,Public       ,5,60,65,27,399,426
03595400,ANGLEY COLLEGE                          ,FL,32720-4257,Proprietary  ,0,3,3,37,364,401
03611400,FLORIDA BARBER ACADEMY                  ,FL,33441-0000,Proprietary  ,9,87,96,60,438,498
03618300,FLORIDA INSTITUTE OF ANIMAL ARTS        ,FL,32792-1740,Proprietary  ,16,40,56,136,313,449
03627400,JACKSONVILLE BEAUTY INSTITUTE           ,FL,32208-1885,Proprietary  ,9,72,81,87,355,442
03627600,FLORIDA EDUCATION INSTITUTE             ,FL,33144-5036,Proprietary  ,5,57,62,90,404,494
03661400,SOUTH FLORIDA INSTITUTE OF TECHNOLO     ,FL,33135-0000,Proprietary  ,34,277,311,145,1162,1307
03691400,AVE MARIA SCHOOL OF LAW                 ,FL,34119-1376,Private      ,2,5,7,63,974,1037
03696400,SABER                                   ,FL,33134-1604,Private      ,8,88,96,59,558,617
03706300,AMERICAN INSTITUTE                      ,FL,33319-5613,Proprietary  ,12,36,48,107,378,485
03757300,ADVANCE SCIENCE INSTITUTE               ,FL,33012-0000,Proprietary  ,3,15,18,20,119,139
03801400,BEAUTY INSTITUTE (THE)                  ,FL,33409-2972,Proprietary  ,6,42,48,64,252,316
03801401,BEAUTY INSTITUTE (THE) - MARGATE        ,FL,33068-5704,Proprietary  ,0,10,10,14,77,91
03816300,ARTISTIC NAILS & BEAUTY ACADEMY         ,FL,33605-5919,Proprietary  ,24,86,110,142,516,658
03823300,FLORIDA ACADEMY OF HEALTH & BEAUTY      ,FL,33311-0000,Proprietary  ,2,9,11,18,83,101
03832300,DADE MEDICAL COLLEGE                    ,FL,33126-5534,Proprietary  ,55,309,364,637,2621,3258
03842500,CAMBRIDGE INSTITUTE OF ALLIED HEALTH    ,FL,32750-0000,Proprietary  ,7,53,60,50,312,362
03856300,UNIVERSAL BEAUTY SCHOOL                 ,FL,33174-4406,Proprietary  ,3,29,32,33,156,189
03856500,FLORIDA SCHOOL OF TRADITIONAL MIDWIFERY ,FL,32601-5507,Private      ,1,4,5,10,106,116
03875300,MCI INSTITUTE OF TECHNOLOGY             ,FL,33409-4937,Proprietary  ,22,99,121,134,547,681
03888300,DRAGON RISES COLLEGE OF ORIENTAL MEDICIN,FL,32601-5089,Proprietary  ,0,4,4,5,86,91
03903500,SOUTHERN TECHNICAL COLLEGE              ,FL,32809-0000,Proprietary  ,21,194,215,278,2000,2278
03911300,TOTAL INTERNATIONAL CAREER INSTITUTE    ,FL,33012-0000,Proprietary  ,2,86,88,17,459,476
03939300,WOLFORD COLLEGE                         ,FL,34108-1931,Proprietary  ,0,7,7,12,337,349
03939400,CENTURA INSTITUTE                       ,FL,32807-3566,Proprietary  ,5,71,76,66,704,770
03939600,DAYTONA COLLEGE                         ,FL,32174-8445,Proprietary  ,10,65,75,115,521,636
03941300,AVE MARIA UNIVERSITY                    ,FL,34142-9505,Private      ,14,5,19,1088,260,1348
03957400,NEW COLLEGE OF FLORIDA                  ,FL,34243-2109,Public       ,42,20,62,1760,466,2226
03985300,COMMERCIAL DIVING ACADEMY               ,FL,32208-0000,Proprietary  ,24,76,100,369,1123,1492
03986300,AVIATOR COLLEGE OF AERONAUTICAL SCIENCE ,FL,34946-9022,Proprietary  ,6,13,19,73,185,258
04016500,AMERICAN INSTITUTE OF BEAUTY            ,FL,33773-0000,Proprietary  ,27,60,87,116,298,414
04029300,TRENDSETTERS OF FLORIDA SCHOOL OF BEAUTY,FL,32205-4737,Proprietary  ,2,19,21,18,124,142
04038302,ATA COLLEGE-ATA CAREER EDUCATION        ,FL,34606-4300,Proprietary  ,1,0,1,1,0,1
04038303,ATA COLLEGE - ATA CAREER EDUCATION      ,FL,33773-3434,Proprietary  ,4,35,39,52,351,403
04058300,HEALTH OPPORTUNITY TECHNICAL CENTER     ,FL,33169-4517,Proprietary  ,0,0,0,2,19,21
04083400,INSTITUTE OF ALLIED MEDICAL PROFESSIONS ,FL,33484-6543,Proprietary  ,4,25,29,42,303,345
04105400,PENSACOLA SCHOOL OF MASSAGE THERAPY & HE,FL,32504-7337,Proprietary  ,9,44,53,53,258,311
04106300,PALM BEACH ACADEMY OF HEALTH & BEAUTY   ,FL,33403-2130,Proprietary  ,4,24,28,43,162,205
04116400,FUTURE-TECH INSTITUTE                   ,FL,33135-4142,Proprietary  ,2,14,16,16,76,92
04116600,TAYLOR COLLEGE                          ,FL,34420-8714,Proprietary  ,3,27,30,77,662,739
04119400,AVEDA INSTITUTE - SAINT PETERSBURG      ,FL,33701-4242,Proprietary  ,55,113,168,562,1004,1566
04120400,HI-TECH SCHOOL OF COSMETOLOGY           ,FL,33174-0000,Proprietary  ,14,18,32,103,168,271
04126900,ACADEMY OF CAREER TRAINING              ,FL,34741-4644,Proprietary  ,14,56,70,124,472,596
04127400,DIGITAL MEDIA ARTS COLLEGE              ,FL,33431-5919,Proprietary  ,11,18,29,301,295,596
04128400,MANAGEMENT RESOURCES INSTITUTE          ,FL,33126-5473,Proprietary  ,15,192,207,52,1046,1098
04129300,INTERNATIONAL B NATURALE BEAUTY SCHOOL  ,FL,33311-1152,Proprietary  ,0,0,0,2,13,15
04129900,FLORIDA SCHOOL OF MASSAGE               ,FL,32608-5419,Proprietary  ,5,23,28,79,278,357
04130400,SHEAR EXCELLENCE INTERNATIONAL HAIR ACAD,FL,33614-2783,Proprietary  ,15,35,50,29,105,134
04131900,FASTTRAIN OF MIAMI                      ,FL,33134-1065,Proprietary  ,71,106,177,295,495,790
04132000,FASTTRAIN OF FORT LAUDERDALE            ,FL,33317-3127,Proprietary  ,38,136,174,131,644,775
04132100,FASTTRAIN OF TAMPA                      ,FL,33607-4153,Proprietary  ,29,169,198,116,623,739
04132200,FASTTRAIN OF JACKSONVILLE               ,FL,32256-4849,Proprietary  ,4,87,91,49,449,498
04133500,ACADEMY FOR FIVE ELEMENT ACUPUNCTURE    ,FL,32601-6811,Private      ,0,5,5,11,140,151
04133900,FUTURA CAREER INSTITUTE                 ,FL,33012-3325,Proprietary  ,2,29,31,3,54,57
04134800,AVEDA INSTITUTE - TALLAHASSEE           ,FL,32304-3186,Proprietary  ,29,55,84,290,515,805
04134900,ORANGE PARK BEAUTY ACADEMY              ,FL,32073-5524,Proprietary  ,3,19,22,24,107,131
04135000,COZMO THE SCHOOL                        ,FL,34135-4810,Proprietary  ,2,13,15,25,128,153
04135900,ALLIED HEALTH INSTITUTE                 ,FL,33068-0000,Proprietary  ,13,166,179,85,1343,1428
04140800,NORTH FLORIDA ACADEMY                   ,FL,32065-7758,Proprietary  ,5,1,6,27,59,86
04143000,VOCATIONAL INSTITUTE OF FLORIDA         ,FL,33135-1939,Proprietary  ,2,22,24,15,115,130
04143100,PROFESSIONAL HANDS INSTITUTE            ,FL,33135-1939,Proprietary  ,3,81,84,49,525,574
04145900,CELEBRITY SCHOOL OF BEAUTY              ,FL,33144-4153,Proprietary  ,13,56,69,80,311,391
04146200,WALTON CAREER DEVELOPMENT CENTER        ,FL,32433-1557,Public       ,3,7,10,41,213,254
04146300,MARCHMAN TECHNICAL EDUCATION CENTER     ,FL,34653-1211,Public       ,7,25,32,141,320,461
04147800,ROSE TRAINING INSTITUTE                 ,FL,33881-4094,Proprietary  ,0,13,13,13,160,173
04148500,MEDICAL INSTITUTE OF PALM BEACH         ,FL,33460-5042,Proprietary  ,18,52,70,96,340,436
04150800,IMMOKALEE TECHNICAL CENTER              ,FL,34142-3146,Public       ,10,10,20,111,216,327
04151500,AMERICAN ACADEMY OF COSMETOLOGY         ,FL,32065-8026,Proprietary  ,11,23,34,58,169,227
04156300,UNIVERSITY OF FORT LAUDERDALE           ,FL,33313-5809,Private      ,1,6,7,20,140,160
04156400,AVIATION INSTITUTE OF MAINTENANCE       ,FL,32803-6487,Proprietary  ,18,62,80,196,520,716
04157100,AEROSIM FLIGHT ACADEMY                  ,FL,32773-9683,Proprietary  ,7,22,29,74,240,314
04158300,FLAGLER TECHNICAL INSTITUTE             ,FL,32137-4714,Public       ,5,34,39,66,362,428
04162000,JOSE MARIA VARGAS UNIVERSITY            ,FL,33025-4534,Proprietary  ,1,11,12,5,60,65
04162500,HOLLYWOOD INSTITUTE OF BEAUTY CAREERS   ,FL,33020-4807,Proprietary  ,22,113,135,99,485,584
04163000,SALON PROFESSIONAL ACADEMY (THE)        ,FL,33624-6321,Proprietary  ,8,17,25,85,195,280
04163100,SALON PROFESSIONAL ACADEMY (THE)        ,FL,32607-1672,Proprietary  ,13,24,37,68,185,253
04163200,SALON PROFESSIONAL ACADEMY (THE)        ,FL,32162-9311,Proprietary  ,9,50,59,83,314,397
04164500,EUREKA INSTITUTE OF HEALTH AND BEAUTY   ,FL,33174-4205,Proprietary  ,1,13,14,5,81,86
04164600,D. A. DORSEY EDUCATIONAL CENTER         ,FL,33147-6304,Public       ,1,17,18,10,112,122
04167300,SALON PROFESSIONAL ACADEMY (THE)        ,FL,33904-4824,Proprietary  ,4,18,22,49,155,204
04170300,BEAUTY ACADEMY OF SOUTH FLORIDA         ,FL,33012-3221,Proprietary  ,4,33,37,37,176,213
04172300,ETERNITY COSMETOLOGY SCHOOL             ,FL,33415-5719,Proprietary  ,8,57,65,17,140,157
04173600,NOTTER SCHOOL OF PASTRY ARTS            ,FL,32809-7755,Proprietary  ,4,29,33,64,235,299
04176800,PROGRESSIVE TRAINING CENTERS            ,FL,33060-9238,Proprietary  ,1,17,18,5,99,104
04176900,AMERICAN HEALTH INSTITUTE               ,FL,34654-3743,Proprietary  ,1,15,16,30,207,237
04182500,MILLENNIA ATLANTIC UNIVERSITY           ,FL,33178-2369,Proprietary  ,0,12,12,4,48,52
04188300,FLORIDA ACADEMY                         ,FL,33966-1155,Proprietary  ,4,30,34,29,173,202
04192100,AMERICAN MEDICAL ACADEMY                ,FL,33186-4830,Proprietary  ,5,11,16,5,11,16
04195100,AMBIANCE BEAUTY & BARBER ACADEMY        ,FL,32935-8771,Proprietary  ,0,5,5,0,5,5
04197600,"FLORIDA INSTITUTE OF RECORDING, SOUND AN",FL,32804-3309,Proprietary  ,2,9,11,2,9,11
00160500,CHAMINADE UNIV OF HONOLULU              ,HI,96816-1578,Private      ,37,107,144,2075,2187,4262
00160600,BRIGHAM YOUNG UNIV-HAWAII CAMPUS        ,HI,96762-1294,Private      ,62,47,109,1803,1125,2928
00161000,UNIVERSITY OF HAWAII AT MANOA           ,HI,96822-2399,Public       ,174,229,403,13181,10277,23458
00161100,UNIVERSITY OF HAWAII AT HILO            ,HI,96720-4091,Public       ,55,70,125,3599,3089,6688
00161200,HONOLULU COMMUNITY COLLEGE              ,HI,96817-4598,Public       ,56,113,169,2204,2923,5127
00161300,KAPIOLANI COMMUNITY COLLEGE             ,HI,96816-4421,Public       ,78,148,226,3357,4251,7608
00161400,KAUAI COMMUNITY COLLEGE                 ,HI,96766-9591,Public       ,16,26,42,569,861,1430
00161500,UNIVERSITY OF HAWAII MAUI COLLEGE       ,HI,96732-1644,Public       ,36,90,126,1806,3674,5480
00454900,LEEWARD COMMUNITY COLLEGE               ,HI,96782-3393,Public       ,82,160,242,2749,3744,6493
00525800,HAWAII COMMUNITY COLLEGE                ,HI,96720-4075,Public       ,41,77,118,1865,3274,5139
00723401,HEALD COLLEGE - HONOLULU                ,HI,96814-0000,Proprietary  ,100,228,328,1142,2634,3776
00727900,HAWAII PACIFIC UNIVERSITY               ,HI,96813-2882,Private      ,88,222,310,4877,4371,9248
01122000,WINDWARD COMMUNITY COLLEGE              ,HI,96744-0000,Public       ,38,54,92,1037,1753,2790
02100300,MED-ASSIST SCHOOL OF HAWAII             ,HI,96813-0000,Proprietary  ,11,40,51,89,287,376
02107800,UNIVERSITY OF HAWAII - WEST OAHU        ,HI,96782-0000,Public       ,31,62,93,1124,1795,2919
02139500,HAWAII INSTITUTE OF HAIR DESIGN         ,HI,96817-5195,Proprietary  ,14,21,35,82,198,280
02159701,NEW HOPE CHRISTIAN COLLEGE - HAWAII     ,HI,96819-2228,Private      ,5,36,41,78,149,227
03017800,TRAVEL INSTITUTE OF THE PACIFIC         ,HI,96814-1946,Proprietary  ,14,33,47,67,211,278
03072500,WORLD MEDICINE INSTITUTE                ,HI,96826-0000,Private      ,2,5,7,26,105,131
03649300,HAWAII TECHNOLOGY INSTITUTE             ,HI,96813-3036,Private      ,0,10,10,50,153,203
03735300,INST OF CLINICAL ACUPUNCTURE & ORIENT MD,HI,96813-2307,Proprietary  ,1,5,6,5,77,82
03999400,TRADITIONAL CHINESE MEDICAL COLLEGE OF H,HI,96743-8324,Private      ,0,3,3,2,48,50
04165200,MAUNA LOA HELICOPTERS                   ,HI,96740-2650,Proprietary  ,2,3,5,11,46,57
04169600,HEISEI INTERNATIONAL INSTITUTE OF MASSAG,HI,96814-2254,Proprietary  ,0,1,1,3,19,22
04175100,PAUL MITCHELL THE SCHOOL HONOLULU       ,HI,96816-2433,Proprietary  ,7,24,31,117,236,353
04182200,HAWAII MEDICAL INSTITUTE                ,HI,96814-3518,Proprietary  ,23,60,83,145,399,544
00161600,BOISE STATE UNIVERSITY                  ,ID,83725-1000,Public       ,246,415,661,14153,14674,28827
00161700,"COLLEGE OF IDAHO, THE                   ",ID,83605-4432,Private      ,17,28,45,1614,554,2168
00161900,COLLEGE OF SOUTHERN IDAHO               ,ID,83301-0000,Public       ,75,218,293,3696,5352,9048
00161908,COLLEGE OF WESTERN IDAHO                ,ID,83687-1515,Public       ,134,435,569,4321,9128,13449
00162000,IDAHO STATE UNIVERSITY                  ,ID,83209-5377,Public       ,106,290,396,6194,10858,17052
00162100,LEWIS-CLARK STATE COLLEGE               ,ID,83501-2698,Public       ,33,103,136,2534,2975,5509
00162300,NORTH IDAHO COLLEGE                     ,ID,83814-2199,Public       ,54,204,258,3383,5931,9314
00162400,NORTHWEST NAZARENE UNIVERSITY           ,ID,83686-5897,Private      ,26,68,94,1549,1621,3170
00162500,BRIGHAM YOUNG UNIVERSITY-IDAHO          ,ID,83460-1650,Private      ,589,588,1177,12278,9870,22148
00162600,UNIVERSITY OF IDAHO                     ,ID,83844-4291,Public       ,115,159,274,10736,5554,16290
00732915,ITT TECHNICAL INSTITUTE                 ,ID,83713-1529,Proprietary  ,56,204,260,771,2596,3367
00987300,MR JUAN'S CLG OF HAIR DESIGN            ,ID,83301-4154,Proprietary  ,4,5,9,23,61,84
01113300,EASTERN IDAHO TECHNICAL COLLEGE         ,ID,83404-5788,Public       ,13,44,57,459,1529,1988
02218000,CARRINGTON COLLEGE                      ,ID,83704-0000,Proprietary  ,36,187,223,339,1656,1995
02234500,BOISE BIBLE COLLEGE                     ,ID,83714-1220,Private      ,5,7,12,247,141,388
02275800,MR LEONS SCHOOL OF HAIR DESIGN          ,ID,83843-8384,Proprietary  ,7,6,13,35,73,108
02275801,MR. LEON'S SCHOOL OF HAIR DESIGN        ,ID,83501-1910,Proprietary  ,3,1,4,12,15,27
02314000,SCHOOL OF HAIRSTYLING (THE)             ,ID,83202-0000,Proprietary  ,2,8,10,36,111,147
02319800,HEADMASTERS SCHOOL OF HAIR DESIGN       ,ID,83814-0000,Proprietary  ,14,24,38,165,273,438
02349200,HEADMASTERS SCHOOL OF HAIR DESIGN       ,ID,83501-0000,Proprietary  ,2,8,10,30,83,113
02559500,RAZZLE DAZZLE CLG OF HAIR DESIGN        ,ID,83686-5104,Proprietary  ,9,22,31,94,233,327
02607100,PAUL MITCHELL THE SCHOOL BOISE          ,ID,83709-1662,Proprietary  ,20,24,44,178,306,484
03098700,ACADEMY OF COURT REPORTING              ,ID,83704-8320,Proprietary  ,26,137,163,220,993,1213
03832400,COSMETOLOGY SCHOOL OF ARTS & SCIENCES   ,ID,83318-1327,Proprietary  ,3,12,15,22,94,116
04051323,ART INSTITUTE OF PHOENIX (THE) - BROWN M,ID,83709-2746,Proprietary  ,3,22,25,60,254,314
04134300,EVANS HAIRSTYLING COLLEGE               ,ID,83440-5277,Proprietary  ,3,5,8,67,52,119
04144500,HAIR ACDMY PAUL MITCHELL PARTNER SCHOOL ,ID,83440-2600,Proprietary  ,7,7,14,124,167,291
04150600,D & L ACADEMY OF HAIR DESIGN            ,ID,83301-6229,Proprietary  ,1,5,6,26,61,87
04155200,OLIVER FINLEY ACADEMY OF COSMETOLOGY    ,ID,83704-8011,Proprietary  ,14,37,51,131,261,392
04163800,MASTER EDUCATORS BEAUTY SCHOOL          ,ID,83301-4118,Proprietary  ,1,8,9,31,66,97
04168600,COLLEGE OF MASSAGE THERAPY              ,ID,83221-1758,Proprietary  ,2,4,6,29,64,93
04176700,D'SHAW INSTITUTE OF COSMETOLOGY         ,ID,83704-4406,Proprietary  ,5,13,18,64,106,170
04194800,VELVET TOUCH ACADEMY OF COSMETOLOGY     ,ID,83687-5020,Proprietary  ,9,19,28,31,50,81
04203200,BOISE BARBER COLLEGE                    ,ID,83704-5919,Proprietary  ,6,13,19,9,34,43
04203500,AUSTIN KADE ACADEMY                     ,ID,83404-5540,Proprietary  ,7,42,49,22,87,109
00163200,AQUINAS INSTITUTE OF THEOLOGY           ,MO,63108-3323,Private      ,1,1,2,6,105,111
00244900,AVILA COLLEGE                           ,MO,64145-1698,Private      ,9,92,101,1272,1844,3116
00245000,CALVARY BIBLE COLLEGE                   ,MO,64147-1341,Private      ,2,16,18,180,255,435
00245200,CENTRAL BIBLE COLLEGE                   ,MO,65803-1096,Private      ,7,15,22,580,434,1014
00245300,CENTRAL METHODIST UNIVERSITY            ,MO,65248-1198,Private      ,20,103,123,1717,1815,3532
00245400,UNIVERSITY OF CENTRAL MISSOURI          ,MO,64093-5178,Public       ,88,177,265,8891,5402,14293
00245600,COLUMBIA COLLEGE                        ,MO,65216-4581,Private      ,131,1509,1640,3310,22507,25817
00245700,CONCORDIA SEMINARY                      ,MO,63105-3199,Private      ,0,21,21,4,470,474
00245800,COTTEY COLLEGE                          ,MO,64772-2790,Private      ,2,1,3,384,69,453
00245900,CROWDER COLLEGE                         ,MO,64850-9165,Public       ,90,247,337,2583,3885,6468
00246000,CULVER STOCKTON COLLEGE                 ,MO,63435-1299,Private      ,8,2,10,1087,219,1306
00246100,DRURY UNIVERSITY                        ,MO,65802-3791,Private      ,49,240,289,2759,4830,7589
00246200,EDEN THEOLOGICAL SEMINARY               ,MO,63119-0000,Private      ,0,2,2,4,125,129
00246300,EVANGEL UNIVERSITY                      ,MO,65802-2125,Private      ,14,25,39,2224,1022,3246
00246400,FONTBONNE UNIVERSITY                    ,MO,63105-3098,Private      ,9,105,114,1238,2755,3993
00246600,HARRIS-STOWE STATE COLLEGE              ,MO,63103-2199,Public       ,37,87,124,1522,2224,3746
00246700,CONCEPTION SEMINARY COLLEGE             ,MO,64433-0502,Private      ,1,0,1,75,15,90
00246800,JEFFERSON COLLEGE                       ,MO,63050-2441,Public       ,65,182,247,3088,4066,7154
00247100,ST LOUIS COMMUNITY COLLEGE              ,MO,63102-0000,Public       ,443,1272,1715,12404,22135,34539
00247300,KANSAS CITY ART INSTITUTE               ,MO,64111-1874,Private      ,11,16,27,1430,465,1895
00247400,KANSAS CITY UNIV OF MED AND BIOSCIENCES ,MO,64106-0000,Private      ,1,10,11,56,1212,1268
00247600,KENRICK-GLENNON SEMINARY                ,MO,63119-4330,Private      ,1,2,3,13,14,27
00247700,A.T. STILL UNIV OF HEALTH SCIENCES      ,MO,63501-0000,Private      ,1,95,96,15,2963,2978
00247900,LINCOLN UNIVERSITY                      ,MO,65101-3500,Public       ,44,85,129,2780,2252,5032
00248000,LINDENWOOD UNIVERSITY                   ,MO,63301-1695,Private      ,89,461,550,6270,8622,14892
00248200,MARYVILLE UNIVERSITY                    ,MO,63141-7299,Private      ,25,168,193,2336,3101,5437
00248400,METROPOLITAN COMMUNITY COLLEGE          ,MO,64111-2408,Public       ,280,988,1268,10913,19944,30857
00248500,MIDWESTERN BAPTIST THEOL SEMINARY       ,MO,64118-4697,Private      ,1,21,22,108,405,513
00248600,MINERAL AREA COLLEGE                    ,MO,63601-1000,Public       ,34,118,152,2187,3214,5401
00248800,MISSOURI SOUTHERN STATE UNIVERSITY      ,MO,64801-1595,Public       ,64,139,203,4108,4266,8374
00248900,MISSOURI VALLEY COLLEGE                 ,MO,65340-3197,Private      ,12,19,31,1709,530,2239
00249000,MISSOURI WESTERN STATE UNIVERSITY       ,MO,64507-2294,Public       ,50,122,172,4761,3309,8070
00249100,MOBERLY AREA COMMUNITY COLLEGE          ,MO,65270-1304,Public       ,56,184,240,3082,4157,7239
00249400,NAZARENE THEOLOGICAL SEMINARY           ,MO,64131-1246,Private      ,0,8,8,7,174,181
00249500,TRUMAN STATE UNIVERSITY                 ,MO,63501-4221,Public       ,31,13,44,5988,653,6641
00249600,NORTHWEST MISSOURI STATE UNIV           ,MO,64468-6001,Public       ,49,48,97,7110,1654,8764
00249800,PARK UNIVERSITY                         ,MO,64152-3795,Private      ,29,721,750,1622,9724,11346
00249900,ROCKHURST UNIVERSITY                    ,MO,64110-2561,Private      ,14,53,67,1941,1456,3397
00250000,COLLEGE OF THE OZARKS                   ,MO,65726-2502,Private      ,20,11,31,3181,483,3664
00250100,SOUTHEAST MISSOURI STATE UNIV           ,MO,63701-4799,Public       ,87,218,305,8781,4958,13739
00250200,SOUTHWEST BAPTIST UNIVERSITY            ,MO,65613-2597,Private      ,23,81,104,2187,1884,4071
00250300,MISSOURI STATE UNIVERSITY               ,MO,65897-0094,Public       ,187,295,482,15346,8805,24151
00250400,ST LOUIS COLLEGE OF PHARMACY            ,MO,63110-1088,Private      ,7,12,19,802,648,1450
00250600,SAINT LOUIS UNIVERSITY                  ,MO,63103-2097,Private      ,94,240,334,9672,8580,18252
00250900,SAINT PAUL SCHOOL OF THEOLOGY           ,MO,64127-2499,Private      ,0,5,5,2,157,159
00251200,STEPHENS COLLEGE                        ,MO,65215-0001,Private      ,8,19,27,1005,688,1693
00251400,NORTH CENTRAL MISSOURI COLLEGE          ,MO,64683-1824,Public       ,20,41,61,955,1251,2206
00251600,UNIVERSITY OF MISSOURI-COLUMBIA         ,MO,65211-1600,Public       ,257,281,538,26275,9949,36224
00251700,MISSOURI UNIVERSITY OF SCIENCE & TECHNOL,MO,65409-0250,Public       ,39,41,80,5513,1504,7017
00251800,UNIVERSITY OF MISSOURI-KANSAS CITY      ,MO,64110-2497,Public       ,117,287,404,7804,10698,18502
00251900,UNIVERSITY OF MISSOURI-ST LOUIS         ,MO,63121-4499,Public       ,97,378,475,6101,10908,17009
00252000,WASHINGTON UNIVERSITY                   ,MO,63130-4899,Private      ,110,118,228,14464,6199,20663
00252001,WASHINGTON UNIV-SCHOOL OF MEDICINE      ,MO,63110-0000,Private      ,6,11,17,82,1266,1348
00252100,WEBSTER UNIVERSITY                      ,MO,63119-3194,Private      ,42,699,741,3314,14240,17554
00252200,WENTWORTH MILITARY ACADEMY              ,MO,64067-1799,Private      ,8,16,24,277,277,554
00252300,WESTMINSTER COLLEGE                     ,MO,65251-1299,Private      ,8,6,14,1375,165,1540
00252400,WILLIAM JEWELL COLLEGE                  ,MO,64068-1896,Private      ,10,17,27,1595,382,1977
00252500,WILLIAM WOODS UNIVERSITY                ,MO,65251-2388,Private      ,10,184,194,1100,1780,2880
00405704,NATIONAL AMERICAN UNIVERSITY            ,MO,64057-1791,Proprietary  ,4,52,56,54,709,763
00441300,ST JOHNS HOSP SCH RAD TECH              ,MO,65802-0000,Private      ,1,5,6,69,150,219
00470300,LOGAN COLLEGE OF CHIROPRACTIC           ,MO,63006-1065,Private      ,0,21,21,67,1104,1171
00470700,COVENANT THEOLOGICAL SEMINARY           ,MO,63141-8697,Private      ,0,15,15,3,539,542
00471100,LINN STATE TECHNICAL COLLEGE            ,MO,65051-9607,Public       ,45,31,76,1418,577,1995
00471300,THREE RIVERS COMMUNITY COLLEGE          ,MO,63901-2393,Public       ,89,275,364,2161,4135,6296
00528800,KIRKSVILLE AREA TECHNICAL CENTER        ,MO,63501-0000,Public       ,0,7,7,52,89,141
00528900,WAYNESVILLE CAREER CENTER               ,MO,65583-2131,Public       ,0,7,7,46,162,208
00542400,SOUTH CENTRAL CAREER CENTER             ,MO,65775-3334,Public       ,2,6,8,57,173,230
00542600,SIKESTON CAREER AND TECHNOLOGY CTR      ,MO,63801-0000,Public       ,0,18,18,48,185,233
00542900,ROLLA TECHNICAL INSTITUTE               ,MO,65401-3601,Public       ,4,18,22,264,376,640
00543000,POPLAR BLUFF TECHNICAL CAREER CNTR      ,MO,63901-0000,Public       ,4,13,17,51,196,247
00543800,SALINE COUNTY CAREER CENTER             ,MO,65340-0000,Public       ,0,0,0,15,63,78
00544500,TRUMAN MEDICAL CENTER SCHOOL OF NURSE AN,MO,64108-2677,Private      ,2,11,13,50,171,221
00553100,GRAND RIVER TECHNICAL SCHOOL            ,MO,64601-1299,Public       ,0,3,3,92,97,189
00553200,CAPE GIRARDEAU CAREER & TECHNOLOGY CENTE,MO,63703-7511,Public       ,10,45,55,196,617,813
00638900,BARNES JEWISH COLLEGE OF NURSING AND ALL,MO,63110-1091,Private      ,18,41,59,438,1241,1679
00639200,RESEARCH COLLEGE OF NURSING             ,MO,64132-1199,Proprietary  ,1,19,20,109,414,523
00639201,RESEARCH MEDICAL CENTER - COLLEGE OF NUR,MO,64132-1199,Proprietary  ,1,7,8,13,58,71
00639202,RESEARCH MED CTR SCHL OF RAD TECH       ,MO,64132-0000,Proprietary  ,0,2,2,15,71,86
00666600,LUTHERAN  SCHOOL OF NURSING             ,MO,63118-3909,Proprietary  ,2,23,25,110,492,602
00732923,ITT TECHNICAL INSTITUTE                 ,MO,63045-1122,Proprietary  ,113,402,515,1235,4427,5662
00754000,MISSOURI BAPTIST UNIVERSITY             ,MO,63141-8698,Private      ,21,157,178,1644,2791,4435
00808000,STATE FAIR COMMUNITY COLLEGE            ,MO,65301-0000,Public       ,60,257,317,2604,4026,6630
00826900,HILLYARD TECHNICAL CENTER               ,MO,64506-0000,Public       ,4,18,22,116,304,420
00855200,STEVENS INSTITUTE OF BUSINESS & ARTS    ,MO,63103-0000,Proprietary  ,6,11,17,85,226,311
00860600,TRI-COUNTY TECHNICAL SCHOOL             ,MO,65026-0000,Public       ,0,2,2,21,90,111
00886200,EAST CENTRAL COLLEGE                    ,MO,63084-0529,Public       ,51,134,185,2254,2877,5131
00908900,HANNIBAL-LAGRANGE COLLEGE               ,MO,63401-1999,Private      ,12,38,50,878,625,1503
00952000,NATIONAL ACADEMY OF BEAUTY ARTS         ,MO,63128-1307,Proprietary  ,15,51,66,149,379,528
00959000,INDEPENDENCE COLLEGE OF COSMETOLOGY     ,MO,64055-1105,Proprietary  ,10,13,23,53,150,203
00960700,HOUSE OF HEAVILIN BEAUTY COLLEGE        ,MO,64110-2826,Proprietary  ,2,11,13,40,161,201
00978200,SAINT LUKE'S COLLEGE OF HEALTH SCIENCES ,MO,64114-3237,Private      ,4,13,17,84,216,300
00979500,MISSOURI COLLEGE                        ,MO,63144-2901,Proprietary  ,32,98,130,398,1372,1770
01014814,COLORADO TECHNL UNIV NORTH KANSAS CITY  ,MO,64116-3614,Proprietary  ,2,29,31,187,1231,1418
01027900,HICKEY COLLEGE                          ,MO,63146-0000,Proprietary  ,23,31,54,555,415,970
01040500,PINNACLE CAREER INSTITUTE               ,MO,64131-3367,Proprietary  ,38,357,395,349,3055,3404
01040501,PINNACLE CAREER INSTITUTE - NORTH KANSAS,MO,64153-1151,Proprietary  ,8,66,74,86,493,579
01050303,WICHITA TECHNICAL INSTITUTE - WTI JOPLIN,MO,64801-2970,Proprietary  ,8,50,58,40,336,376
01102600,WARRENSBURG AREA VOC TECH SCH           ,MO,64093-0000,Public       ,0,7,7,31,95,126
01173500,PIKE/LINCOLN TECHNICAL CENTER           ,MO,63344-0000,Public       ,0,4,4,70,114,184
01212000,ASSEMBLIES OF GOD THEO. SEMINARY        ,MO,65802-0000,Private      ,1,14,15,10,289,299
01250000,RANKEN TECHNICAL COLLEGE                ,MO,63113-2811,Private      ,52,166,218,1694,2224,3918
01258000,ST LOUIS CHRISTIAN COLLEGE              ,MO,63033-6499,Private      ,4,10,14,178,254,432
01320800,BAPTIST BIBLE COLLEGE                   ,MO,65803-3498,Private      ,6,15,21,345,271,616
02056100,FOUR RIVERS CAREER CENTER               ,MO,63090-0000,Public       ,1,4,5,27,79,106
02066900,NICHOLS CAREER CENTER                   ,MO,65101-2814,Public       ,1,12,13,77,183,260
02068200,COX HEALTH - COX COLLEGE                ,MO,65802-0000,Private      ,8,40,48,314,1135,1449
02068202,COX HEALTH - RADIOLOGIC TECHNOLOGY      ,MO,65802-0000,Private      ,0,7,7,49,138,187
02068204,COX HEALTH - MEDICAL TECHNOLOGY         ,MO,65807-0000,Private      ,0,0,0,32,81,113
02073600,KENNETT CAREER & TECHNOLOGY CENTER      ,MO,63857-0000,Public       ,0,8,8,8,95,103
02090400,BOONSLICK TECHNICAL EDUCATION CTR       ,MO,65233-0000,Public       ,0,2,2,17,60,77
02121100,MIDWEST INSTITUTE                       ,MO,63122-0000,Proprietary  ,10,48,58,87,373,460
02124500,FRANKLIN TECHNOLOGY CENTER              ,MO,64801-0000,Public       ,5,19,24,113,469,582
02142200,LEX LA RAY TECHNICAL CENTER             ,MO,64067-0000,Public       ,1,6,7,20,113,133
02151000,HANNIBAL CAREER AND TECHNICAL CENTE     ,MO,63401-2285,Public       ,0,5,5,29,131,160
02154900,MISSOURI SCH OF BARB & HAIR             ,MO,63031-0000,Proprietary  ,2,10,12,29,116,145
02164200,FOREST INST PROFESSIONAL PSYCHOLOGY     ,MO,65807-0000,Private      ,0,5,5,14,422,436
02165900,CHILLICOTHE BEAUTY ACADEMY              ,MO,64601-0000,Proprietary  ,0,3,3,8,42,50
02180200,METRO BUSINESS COLLEGE                  ,MO,63701-0000,Proprietary  ,14,88,102,150,1000,1150
02188000,NORTHWEST TECHNICAL SCHOOL              ,MO,64468-0000,Public       ,0,2,2,45,43,88
02188100,NORTHLAND CAREER CENTER                 ,MO,64079-8333,Public       ,0,3,3,24,99,123
02202700,OZARK CHRISTIAN COLLEGE                 ,MO,64801-0000,Private      ,8,6,14,616,212,828
02203400,NEVADA REGIONAL TECHNICAL CENTER        ,MO,64772-0000,Public       ,4,3,7,30,88,118
02205200,SANFORD-BROWN COLLEGE                   ,MO,63026-7305,Proprietary  ,17,68,85,326,1661,1987
02205203,SANFORD BROWN COLLEGE-ST. PETERS        ,MO,63376-5950,Proprietary  ,18,71,89,210,1053,1263
02214500,SALEM COLLEGE OF HAIRSTYLING            ,MO,65401-0000,Proprietary  ,1,9,10,14,58,72
02239200,ANTHEM COLLEGE                          ,MO,63043-0000,Proprietary  ,48,171,219,462,1323,1785
02239202,ANTHEM COLLEGE - METRO SOUTH            ,MO,63026-0000,Proprietary  ,0,11,11,33,122,155
02250600,EVEREST COLLEGE                         ,MO,65807-2446,Proprietary  ,14,94,108,171,821,992
02263106,ANTHEM COLLEGE - ANTHEM COLLEGE - KANSAS,MO,64114-3232,Proprietary  ,5,20,25,45,169,214
02263400,LAKE CAREER AND TECHNICAL CENTER        ,MO,65020-0000,Public       ,0,1,1,13,54,67
02266400,CENTRAL CHRISTIAN CLG OF THE BIBLE      ,MO,65270-0000,Private      ,1,4,5,224,178,402
02277500,HOUSE OF HEAVILIN OF BLUE SPRINGS       ,MO,64014-3953,Proprietary  ,8,19,27,66,167,233
02289200,COLUMBIA AREA CAREER CENTER             ,MO,65203-0000,Public       ,8,27,35,105,377,482
02295700,MISSOURI BEAUTY ACADEMY                 ,MO,63640-1827,Proprietary  ,8,23,31,73,194,267
02300105,EVEREST COLLEGE - EARTH CITY            ,MO,63045-1100,Proprietary  ,35,170,205,214,1026,1240
02304000,MISSOURI TECH                           ,MO,63303-3887,Proprietary  ,4,11,15,66,185,251
02309100,AMERICAN COLLEGE OF HAIR DESIGN         ,MO,65301-2144,Proprietary  ,4,3,7,41,90,131
02313000,CASS CAREER CENTER                      ,MO,64701-0000,Public       ,0,5,5,16,70,86
02340500,ST LOUIS COLLEGE OF HEALTH CAREERS      ,MO,63110-0000,Proprietary  ,23,131,154,268,1255,1523
02342100,CAREER & TECHNOLOGY CTR AT FT OSAGE     ,MO,64058-0000,Public       ,0,6,6,19,65,84
02361600,CONCORDE CAREER COLLEGE                 ,MO,64111-0000,Proprietary  ,51,226,277,364,1665,2029
02497500,CLINTON TECHNICAL SCHOOL                ,MO,64735-2966,Public       ,0,4,4,23,86,109
02520800,MERRELL UNIV OF BTY ARTS & SCIENCES     ,MO,65109-0000,Proprietary  ,5,21,26,89,192,281
02530600,SAINT CHARLES COMMUNITY COLLEGE         ,MO,63376-0975,Public       ,85,193,278,4287,4068,8355
02543800,PARIS II EDUCATIONAL CENTER (THE)       ,MO,64118-0000,Proprietary  ,12,42,54,64,260,324
02555300,PATSY AND ROB'S ACADEMY OF BEAUTY       ,MO,63074-0000,Proprietary  ,0,0,0,9,36,45
02564700,ELAINE STEVEN BEAUTY COLLEGE            ,MO,63136-0000,Proprietary  ,12,41,53,97,251,348
02564701,ELAINE STEVEN BEAUTY COLLEGE - ADVANCE B,MO,63383-2006,Proprietary  ,0,3,3,8,14,22
02564702,ELAINE STEVEN BEAUTY COLLEGE - ADVANCE B,MO,63401-2269,Proprietary  ,0,3,3,2,17,19
02568500,GRABBER SCHOOL OF HAIR DESIGN           ,MO,63011-0000,Proprietary  ,4,12,16,55,157,212
02599700,VATTEROTT COLLEGE                       ,MO,63134-2900,Proprietary  ,33,197,230,467,2285,2752
02599701,VATTEROTT COLLEGE - KANSAS CITY         ,MO,64129-1692,Proprietary  ,15,121,136,153,1432,1585
02599702,VATTEROTT COLLEGE - SPRINGFIELD LOCATION,MO,65807-5340,Proprietary  ,15,79,94,163,943,1106
02599703,VATTEROTT COLLEGE - JOPLIN              ,MO,64801-5033,Proprietary  ,8,51,59,106,676,782
02599705,VATTEROTT COLLEGE - SUNSET HILLS        ,MO,63127-1516,Proprietary  ,9,93,102,153,1117,1270
02599712,VATTEROTT COLLEGE - O'FALLON            ,MO,63366-2748,Proprietary  ,11,63,74,145,637,782
02608000,NEOSHO BEAUTY COLLEGE                   ,MO,64850-1525,Proprietary  ,3,8,11,21,63,84
02609202,VATTEROTT COLLEGE-ST JOSEPH             ,MO,64501-2911,Proprietary  ,15,58,73,120,555,675
02609203,VATTEROTT COLLEGE - L'ECOLE CULINAIRE   ,MO,63124-1103,Proprietary  ,17,78,95,225,818,1043
02611004,HERITAGE COLLEGE-KANSAS CITY            ,MO,64131-4203,Proprietary  ,38,191,229,297,1324,1621
03042400,LEBANON TECHNOLOGY & CAREER CENTER      ,MO,65536-3296,Public       ,3,12,15,43,181,224
03066300,BRYAN CAREER COLLEGE                    ,MO,65806-2507,Proprietary  ,6,127,133,95,926,1021
03066303,BRYAN COLLEGE - COLUMBIA                ,MO,65201-8248,Proprietary  ,4,38,42,37,278,315
03068600,SPECIAL SCHOOL DISTRICT OF ST. LOUIS CO.,MO,63127-0000,Public       ,3,48,51,64,592,656
03070200,CENTRAL COLLEGE OF COSMETOLOGY          ,MO,65583-0000,Proprietary  ,6,24,30,39,133,172
03070900,SE MO HOSP CLG NURSING & HEALTH SCI     ,MO,63703-4507,Private      ,10,18,28,155,377,532
03072800,DALLAS COUNTY CAREER CENTER             ,MO,65685-9152,Public       ,0,1,1,2,2,4
03077200,COSMETOLOGY CONCEPTS INSTITUTE          ,MO,65202-1972,Proprietary  ,2,9,11,49,112,161
03083000,OZARKS TECHNICAL COMMUNITY COLLEGE      ,MO,65802-3601,Public       ,168,652,820,8144,13964,22108
03092600,MESSENGER COLLEGE                       ,MO,64804-4909,Private      ,0,5,5,35,77,112
03097600,ST LOUIS HAIR ACADEMY                   ,MO,63107-1737,Proprietary  ,2,13,15,17,95,112
03101000,NEW DIMENSION SCHOOL OF HAIR DESIGN     ,MO,64801-5017,Proprietary  ,0,6,6,28,88,116
03106000,MISSOURI STATE UNIVERSITY - WEST PLAINS ,MO,65775-2715,Public       ,42,90,132,1176,1544,2720
03110900,HOUSE OF HEAVILIN BEAUTY COLLEGE        ,MO,64083-9195,Proprietary  ,3,12,15,39,86,125
03166300,MOBERLY AREA TECHNICAL CENTER           ,MO,65270-1904,Public       ,0,8,8,46,72,118
03174300,HERNDON CAREER CENTER                   ,MO,64138-2695,Public       ,2,6,8,20,42,62
03519300,MISSOURI COLLEGE OF COSMETOLOGY NORTH   ,MO,65803-0000,Proprietary  ,2,27,29,96,276,372
03579300,TEXAS COUNTY TECHNICAL INSTITUTE        ,MO,65483-2700,Private      ,1,13,14,36,266,302
03616300,AVIATION INSTITUTE OF MAINTENANCE       ,MO,64129-1811,Proprietary  ,6,52,58,85,446,531
03663400,UNIVERSITY OF COSMETOLOGY               ,MO,63080-1910,Proprietary  ,0,0,0,1,3,4
03878300,PROFESSIONAL MASSAGE TRAINING CENTER    ,MO,65803-2939,Proprietary  ,6,23,29,61,186,247
03916300,ECLIPS SCHOOL OF COSMETOLOGY AND BARBERI,MO,63703-5809,Proprietary  ,5,44,49,60,270,330
03924300,HAIR ACADEMY 110 (THE)                  ,MO,63501-2915,Proprietary  ,0,3,3,14,32,46
03970400,WELLSPRING SCHOOL OF ALLIED HEALTH      ,MO,64114-3313,Proprietary  ,8,30,38,51,187,238
04037500,ACADEMY OF HAIR DESIGN                  ,MO,65804-2303,Proprietary  ,4,31,35,88,270,358
04051329,ART INSTITUTE OF PHOENIX (THE) - BROWN M,MO,63026-2564,Proprietary  ,2,5,7,43,81,124
04118700,AMERICAN COLLEGE OF TECHNOLOGY          ,MO,64506-2006,Proprietary  ,2,23,25,38,256,294
04119100,CITY VISION COLLEGE                     ,MO,64141-3188,Private      ,2,7,9,8,106,114
04122300,GRANTHAM UNIVERSITY                     ,MO,64153-2262,Proprietary  ,16,405,421,63,1799,1862
04127000,PEMISCOT COUNTY SPECIAL SCHOOL DISTRICT ,MO,63851-1666,Public       ,0,0,0,11,38,49
04130300,VICTORY TRADE SCHOOL                    ,MO,65803-2754,Private      ,1,9,10,8,96,104
04130600,"CENTER FOR HEALING ARTS (THE), LLC      ",MO,63143-2103,Proprietary  ,1,24,25,29,178,207
04133300,TREND SETTERS SCHOOL OF COSMETOLOGY     ,MO,63702-7607,Proprietary  ,6,18,24,52,129,181
04145200,TRANSFORMED BARBER AND COSMETOLOGY ACADE,MO,64137-1207,Proprietary  ,4,29,33,50,279,329
04145700,THE SYSTEM A PAUL MITCHELL PARTNER SCHL ,MO,65807-5969,Proprietary  ,5,17,22,129,250,379
04146100,URSHAN GRADUATE SCHOOL OF THEOLOGY      ,MO,63031-7526,Private      ,1,0,1,2,46,48
04170600,SALON PROFESSIONAL ACADEMY (THE)        ,MO,63301-1021,Proprietary  ,6,14,20,57,117,174
04170700,PAUL MITCHELL THE SCHOOL ST LOUIS       ,MO,63108-1554,Proprietary  ,5,22,27,194,294,488
04173900,COSMETOLOGY COLLEGE OF FRANKLIN COUNTY  ,MO,63077-3448,Proprietary  ,1,1,2,18,37,55
04174000,SKIN INSTITUTE                          ,MO,63128-1307,Proprietary  ,1,10,11,22,112,134
04174800,AMERICAN TRADE SCHOOL                   ,MO,63074-1807,Proprietary  ,2,23,25,35,201,236
04184400,SEYMOUR BEAUTY ACADEMY                  ,MO,65746-8743,Proprietary  ,0,10,10,7,47,54
04187000,DONNA'S ACADEMY OF HAIR DESIGN          ,MO,64089-9042,Proprietary  ,4,3,7,5,8,13
00314600,WESTERN OKLAHOMA STATE COLLEGE          ,OK,73521-1397,Public       ,42,102,144,649,1281,1930
00314700,BACONE COLLEGE                          ,OK,74403-1597,Private      ,24,46,70,1014,1120,2134
00314900,SOUTHERN NAZARENE UNIVERSITY            ,OK,73008-2694,Private      ,22,184,206,1220,2157,3377
00315000,CAMERON UNIVERSITY                      ,OK,73505-6377,Public       ,73,265,338,2411,4900,7311
00315100,OKLAHOMA WESLEYAN UNIVERSITY            ,OK,74006-6299,Private      ,9,138,147,750,1226,1976
00315200,UNIV OF CENTRAL OKLAHOMA                ,OK,73034-5209,Public       ,175,305,480,8868,8537,17405
00315300,CONNORS STATE COLLEGE                   ,OK,74469-9700,Public       ,36,88,124,1182,2050,3232
00315400,EAST CENTRAL UNIVERSITY                 ,OK,74820-6999,Public       ,51,143,194,2698,3381,6079
00315500,EASTERN OKLAHOMA STATE COLLEGE          ,OK,74578-4999,Public       ,42,62,104,872,1482,2354
00315600,REDLANDS COMMUNITY COLLEGE              ,OK,73036-5304,Public       ,38,89,127,805,1500,2305
00315700,LANGSTON UNIVERSITY                     ,OK,73050-0000,Public       ,42,85,127,2144,2416,4560
00315800,MURRAY STATE COLLEGE                    ,OK,73460-3137,Public       ,49,116,165,1265,2205,3470
00316000,NORTHEASTERN OKLAHOMA A & M COLLEGE     ,OK,74354-6497,Public       ,39,97,136,1748,1542,3290
00316100,NORTHEASTERN STATE UNIVERSITY           ,OK,74464-2399,Public       ,71,206,277,5327,7394,12721
00316200,NORTHERN OKLAHOMA COLLEGE               ,OK,74653-0310,Public       ,61,124,185,2034,2730,4764
00316300,NORTHWESTERN OKLAHOMA STATE UNIV        ,OK,73717-2799,Public       ,26,34,60,1432,1112,2544
00316400,OKLAHOMA BAPTIST UNIVERSITY             ,OK,74801-2590,Private      ,30,17,47,2263,524,2787
00316500,OKLAHOMA CHRISTIAN UNIVERSITY           ,OK,73131-0000,Private      ,18,41,59,2091,971,3062
00316600,OKLAHOMA CITY UNIVERSITY                ,OK,73106-1493,Private      ,48,108,156,2558,3124,5682
00316700,UNIV OF SCIENCE & ARTS OF OKLAHOMA      ,OK,73018-5322,Public       ,11,20,31,756,531,1287
00316800,ROGERS STATE UNIVERSITY                 ,OK,74017-3252,Public       ,62,105,167,2711,3515,6226
00317000,OKLAHOMA STATE UNIVERSITY               ,OK,74078-1026,Public       ,298,275,573,17047,9020,26067
00317200,OKLAHOMA STATE UNIVERSITY-OKMULGEE      ,OK,74447-3901,Public       ,50,133,183,1885,2333,4218
00317400,OKLAHOMA PANHANDLE STATE UNIVERSITY     ,OK,73939-0000,Public       ,23,22,45,988,574,1562
00317600,CARL ALBERT STATE COLLEGE               ,OK,74953-5208,Public       ,43,99,142,1391,2419,3810
00317800,SEMINOLE STATE COLLEGE                  ,OK,74818-1902,Public       ,30,89,119,1105,1636,2741
00317900,SOUTHEASTERN OKLAHOMA STATE UNIV        ,OK,74701-0609,Public       ,65,142,207,2492,2838,5330
00318000,SOUTHWESTERN CHRISTIAN UNIVERSITY       ,OK,73008-2335,Private      ,39,325,364,459,1074,1533
00318100,SOUTHWESTERN OKLAHOMA STATE UNIV        ,OK,73096-3098,Public       ,68,92,160,3188,2390,5578
00318101,SOUTHWESTERN OK STATE UNIV AT SAYRE     ,OK,73662-0000,Public       ,2,13,15,156,314,470
00318300,ST GREGORY'S UNIVERSITY                 ,OK,74804-2499,Private      ,6,52,58,342,498,840
00318308,SAINT GREGORY'S UNIVERSITY - IPD TULSA  ,OK,74135-2499,Private      ,0,23,23,56,233,289
00318400,UNIVERSITY OF OKLAHOMA                  ,OK,73019-4078,Public       ,245,396,641,17812,11458,29270
00318401,UNIVERSITY OF OKLAHOMA-HLTH SCI CTR     ,OK,73190-0000,Public       ,8,96,104,546,3574,4120
00318500,UNIVERSITY OF TULSA                     ,OK,74104-3189,Private      ,43,73,116,3276,2178,5454
00398500,ORAL ROBERTS UNIVERSITY                 ,OK,74171-0001,Private      ,32,91,123,3016,1969,4985
00531100,TULSA COUNTY AREA VOC TECH SCHOOL       ,OK,74145-0000,Public       ,27,123,150,444,1784,2228
00531200,RED RIVER TECHNOLOGY CENTER             ,OK,73533-2700,Public       ,6,18,24,36,210,246
00533900,METRO TECHNOLOGY CENTERS SCH DIST22     ,OK,73111-0000,Public       ,19,103,122,264,1723,1987
00533903,METRO TECHNOLOGY CENTERS SCH DIST22     ,OK,73129-0000,Public       ,9,37,46,96,573,669
00694200,MID-AMERICA CHRISTIAN UNIVERSITY        ,OK,73170-4504,Private      ,10,261,271,488,2655,3143
00767800,SPARTAN COLLEGE OF AERONAUTICS AND TECHN,OK,74115-5800,Proprietary  ,43,79,122,1109,1161,2270
00791100,VIRGILS BEAUTY COLLEGE                  ,OK,74401-6802,Proprietary  ,0,6,6,22,68,90
00834300,AUTRY TECHNOLOGY CENTER                 ,OK,73703-2598,Public       ,3,9,12,102,330,432
00861900,TRI COUNTY TECHNOLOGY CENTER            ,OK,74006-6029,Public       ,2,10,12,78,269,347
00918500,ROSE STATE COLLEGE                      ,OK,73110-2799,Public       ,106,448,554,2873,7030,9903
00920400,KIAMICHI AREA VOC TECH SCHOOL           ,OK,74578-0548,Public       ,17,88,105,322,1209,1531
00920408,KIAMICHI AREA VOC TECH SCHOOL           ,OK,74953-0000,Public       ,4,21,25,63,211,274
00961800,TULSA WELDING SCHOOL                    ,OK,74104-0000,Proprietary  ,162,492,654,1488,2778,4266
00964700,"OKLAHOMA STATE UNIV, OKLA CITY          ",OK,73107-6159,Public       ,116,459,575,2635,7368,10003
00970800,EVES COLLEGE OF HAIRSTYLING             ,OK,73501-4359,Proprietary  ,3,24,27,44,152,196
00976300,TULSA COMMUNITY COLLEGE                 ,OK,74135-6198,Public       ,196,861,1057,8312,15901,24213
00996300,CADDO KIOWA VOC TECH CENTER             ,OK,73038-0000,Public       ,2,23,25,80,400,480
00996400,CENTRAL OKLAHOMA AREA VOC TECH SCH      ,OK,74030-9613,Public       ,5,21,26,102,373,475
00996500,CANADIAN VALLEY TECHNOLOGY CENTER       ,OK,73036-9117,Public       ,8,55,63,118,502,620
00996800,GORDON COOPER TECHNOLOGY CENTER         ,OK,74804-9913,Public       ,4,30,34,122,530,652
01005300,INDIAN CAPITAL TECHNOLGY CENTER #4      ,OK,74403-9907,Public       ,15,33,48,211,818,1029
01026600,HILLSDALE FREE WILL BAPTIST COLLEGE     ,OK,73153-0000,Private      ,2,6,8,202,95,297
01034200,SOUTHERN OKLAHOMA TECHNOLOGY CENTER     ,OK,73401-2100,Public       ,2,21,23,79,368,447
01039100,OKLAHOMA CITY COMMUNITY COLLEGE         ,OK,73159-4444,Public       ,227,686,913,4987,11720,16707
01050304,WTI TULSA CAMPUS                        ,OK,74112-3140,Proprietary  ,3,47,50,31,276,307
01071700,GREAT PLAINS TECHNOLOGY CENTER SCHOOL DI,OK,73505-8399,Public       ,7,67,74,132,759,891
01076200,WESTERN OK AREA VOC TECH SCH DIST12     ,OK,73624-1469,Public       ,3,7,10,48,149,197
01120600,PIONEER TECHNOLOGY CENTER               ,OK,74601-1106,Public       ,0,14,14,30,250,280
01128200,OKLAHOMA STATE UNV CLG OSTEOPTHC MD     ,OK,74107-0000,Public       ,1,20,21,74,638,712
01153700,MID-AMERICA TECHNOLOGY CENTER           ,OK,73095-0210,Public       ,2,8,10,55,151,206
01227200,MOORE-NORMAN TECHNOLOGY CENTER          ,OK,73069-8399,Public       ,10,62,72,221,1012,1233
02052700,NORTHEAST TECHNOLOGY CENTER             ,OK,74361-0487,Public       ,5,34,39,183,681,864
02060800,MERIDIAN TECHNOLOGY CENTER              ,OK,74074-0000,Public       ,7,21,28,139,460,599
02126500,ENID BEAUTY COLLEGE                     ,OK,73701-0000,Proprietary  ,6,14,20,26,79,105
02184400,SAND SPRINGS BEAUTY COLLEGE             ,OK,74063-0000,Proprietary  ,2,16,18,39,205,244
02197300,HOLLYWOOD COSMETOLOGY CENTER            ,OK,73189-0000,Proprietary  ,2,5,7,15,74,89
02222700,FRANCIS TUTTLE TECHNOLOGY CENTER        ,OK,73142-0000,Public       ,26,149,175,364,1820,2184
02238500,CENTRAL STATE BEAUTY ACADEMY            ,OK,73162-6007,Proprietary  ,7,52,59,63,407,470
02250900,E OK COUNTY AREA VO-TECH                ,OK,73020-0000,Public       ,0,3,3,32,101,133
02256200,"BROKEN ARROW BEAUTY COLLEGE, INC        ",OK,74012-0000,Proprietary  ,10,35,45,101,319,420
02282100,HIGH PLAINS AREA VOC-TECH               ,OK,73801-0000,Public       ,2,10,12,29,118,147
02306800,PLATT COLLEGE                           ,OK,74145-0000,Proprietary  ,42,310,352,406,2390,2796
02510300,BEAUTY TECHNICAL COLLEGE                ,OK,74465-0000,Proprietary  ,2,12,14,22,66,88
02531200,WOODWARD BEAUTY COLLEGE                 ,OK,73801-0000,Proprietary  ,0,9,9,9,45,54
02554300,AMERICAN BEAUTY INSTITUTE               ,OK,74501-0000,Proprietary  ,1,8,9,14,80,94
02556500,YUKON BEAUTY COLLEGE                    ,OK,73099-4108,Proprietary  ,2,5,7,8,36,44
02560200,PHILLIPS THEOLOGICAL SEMINARY -         ,OK,74116-5612,Private      ,1,7,8,4,102,106
02581100,CLAREMORE BEAUTY COLLEGE                ,OK,74017-7034,Proprietary  ,0,4,4,12,40,52
02581200,CC'S COSMETOLOGY COLLEGE                ,OK,74129-0000,Proprietary  ,3,29,32,67,218,285
02591101,CAREER POINT INSTITUTE                  ,OK,74146-0000,Proprietary  ,4,42,46,48,287,335
02596501,ATI-CAREER TRAINING CENTER - OKLAHOMA CI,OK,73107-2442,Proprietary  ,2,9,11,96,463,559
02596502,ATI- CAREER TRAINING CENTER - OKLAHOMA C,OK,76101-2740,Proprietary  ,5,43,48,38,240,278
02597400,PONTOTOC TECHNOLOGY CENTER SCHOOL       ,OK,74820-8621,Public       ,4,14,18,84,244,328
02599706,VATTEROTT COLLEGE - TULSA               ,OK,74146-2205,Proprietary  ,4,34,38,64,533,597
02600000,NORTHWEST TECHNOLOG CTR SCH DIST 10     ,OK,73717-9600,Public       ,1,2,3,45,83,128
02600500,WES WATKINS TECHNOLOGY CENTER           ,OK,74883-9660,Public       ,1,9,10,37,205,242
02609205,VATTEROTT COLLEGE - OKLAHOMA CITY       ,OK,73127-2103,Proprietary  ,6,85,91,70,816,886
03008700,SOUTHWEST TECHNOLOGY CENTER             ,OK,73521-1527,Public       ,3,13,16,40,158,198
03024700,STILLWATER BEAUTY ACADEMY               ,OK,74075-3467,Proprietary  ,1,5,6,14,66,80
03030700,OKLAHOMA SCHOOL OF PHOTOGRAPHY          ,OK,73160-3320,Proprietary  ,1,9,10,31,140,171
03030800,AMERICAN BROADCASTING SCHOOL            ,OK,73115-3334,Proprietary  ,5,62,67,64,413,477
03051100,CHISHOLM TRAIL TECHNOLOGY CENTER        ,OK,73764-9720,Public       ,1,6,7,12,75,87
03078500,TECH INST OF COSMETOLOGY ARTS & SCI     ,OK,74120-3610,Proprietary  ,3,14,17,46,119,165
03103800,SOUTHERN SCHOOL OF BEAUTY               ,OK,74701-5008,Proprietary  ,6,5,11,20,55,75
03109800,PONCA CITY BEAUTY COLLEGE               ,OK,74601-4201,Proprietary  ,0,5,5,4,27,31
03109801,BARTLESVILLE BEAUTY COLLEGE             ,OK,74003-2835,Proprietary  ,0,8,8,2,39,41
03115100,HERITAGE COLLEGE                        ,OK,73119-0000,Proprietary  ,34,177,211,285,1355,1640
03124800,PLATT COLLEGE                           ,OK,73501-3808,Proprietary  ,10,49,59,81,466,547
03124901,IMAGINE -  PAUL MITCHELL PARTNER SCHOOL ,OK,73072-4831,Proprietary  ,7,19,26,114,252,366
03126200,GREEN COUNTRY AREA VOC TECH SCHOOL      ,OK,74447-1217,Public       ,1,16,17,55,139,194
03198400,MID-DEL AREA VOCATIONAL & TECH SCH      ,OK,73110-4825,Public       ,2,15,17,26,188,214
03329400,PRYOR BEAUTY COLLEGE                    ,OK,74361-0000,Proprietary  ,1,5,6,11,52,63
03329401,PRYOR BEAUTY COLLEGE - GROVE BEAUTY COLL,OK,74345-0009,Proprietary  ,0,3,3,7,35,42
03329402,PRYOR BEAUTY COLLEGE - NORTH EAST OKLAHO,OK,74338-0000,Proprietary  ,3,5,8,6,15,21
03367400,COMMUNITY CARE COLLEGE                  ,OK,74145-6420,Proprietary  ,62,246,308,548,1919,2467
03396300,OKLAHOMA HEALTH ACADEMY                 ,OK,74105-6220,Proprietary  ,2,39,41,75,349,424
03396400,OKLAHOMA HEALTH ACADEMY                 ,OK,73160-3667,Proprietary  ,0,1,1,40,183,223
03453400,SHAWNEE BEAUTY COLLEGE                  ,OK,74801-7014,Proprietary  ,1,10,11,12,59,71
03676300,FAMILY OF FAITH COLLEGE                 ,OK,74802-1805,Private      ,0,2,2,12,23,35
03831300,INSTITUTE OF HAIR DESIGN                ,OK,74804-0000,Proprietary  ,2,2,4,5,40,45
03928300,CENTRAL STATE MASSAGE ACADEMY           ,OK,73162-6007,Proprietary  ,2,17,19,28,117,145
04027300,4-STATES ACADEMY OF COSMETOLOGY         ,OK,74354-0000,Proprietary  ,0,0,0,5,6,11
04051324,ART INSTITUTE OF PHOENIX (THE) - BROWN M,OK,74146-5234,Proprietary  ,4,29,33,143,757,900
04060300,AMERICAN INSTITUTE OF MEDICAL TECHNOLOGY,OK,74146-5201,Proprietary  ,5,29,34,56,299,355
04062300,BROOKLINE COLLEGE                       ,OK,73114-6318,Proprietary  ,0,5,5,26,173,199
04121300,4-STATES OKMULGEE ACADEMY OF COSMETOLOGY,OK,74447-0000,Proprietary  ,0,0,0,9,35,44
04133600,CUTTER'S EDGE SCHOOL OF COSMETOLOGY     ,OK,74023-2905,Proprietary  ,1,3,4,7,35,42
04144400,ACADEMY OF HAIR DESIGN (THE)            ,OK,73120-6808,Proprietary  ,2,16,18,48,189,237
00163700,BETHANY THEOLOGICAL SEMINARY            ,IN,47374-0000,Private      ,0,2,2,1,71,72
00178400,ANCILLA COLLEGE-FINANCIAL AID OFFC      ,IN,46513-0001,Private      ,8,18,26,466,605,1071
00178500,ANDERSON UNIVERSITY                     ,IN,46012-3495,Private      ,24,81,105,2943,1446,4389
00178600,BALL STATE UNIVERSITY                   ,IN,47306-0880,Public       ,202,313,515,22203,11526,33729
00178700,BETHEL COLLEGE INC                      ,IN,46545-5591,Private      ,14,74,88,1772,1778,3550
00178800,BUTLER UNIVERSITY                       ,IN,46208-3487,Private      ,85,80,165,8007,2312,10319
00178900,CHRISTIAN THEOLOGICAL SEMINARY          ,IN,46208-0000,Private      ,0,17,17,7,328,335
00179200,DEPAUW UNIVERSITY                       ,IN,46135-0037,Private      ,22,8,30,3210,181,3391
00179300,EARLHAM COLLEGE                         ,IN,47374-4095,Private      ,4,6,10,1477,229,1706
00179301,EARLHAM SCHOOL OF RELIGION              ,IN,47374-0000,Private      ,0,2,2,7,71,78
00179500,UNIVERSITY OF EVANSVILLE                ,IN,47722-0002,Private      ,22,36,58,3948,992,4940
00179800,FRANKLIN COLLEGE OF INDIANA             ,IN,46131-2623,Private      ,17,10,27,1953,339,2292
00179900,GOSHEN COLLEGE                          ,IN,46526-4794,Private      ,12,26,38,1039,548,1587
00180000,GRACE COLLEGE & THEO SEMINARY           ,IN,46590-1224,Private      ,12,16,28,1679,1080,2759
00180100,HANOVER COLLEGE                         ,IN,47243-0108,Private      ,14,5,19,2352,130,2482
00180300,HUNTINGTON UNIVERSITY                   ,IN,46750-1299,Private      ,8,11,19,1439,489,1928
00180400,UNIVERSITY OF INDIANAPOLIS              ,IN,46227-3697,Private      ,73,201,274,5875,5318,11193
00180500,INDIANA INSTITUTE OF TECHNOLOGY         ,IN,46803-1297,Private      ,39,293,332,2192,4830,7022
00180700,INDIANA STATE UNIVERSITY                ,IN,47809-2501,Public       ,130,246,376,12486,8836,21322
00180800,UNIVERSITY OF SOUTHERN INDIANA          ,IN,47712-3596,Public       ,78,141,219,9405,4509,13914
00180900,INDIANA UNIVERSITY-BLOOMINGTON          ,IN,47405-1223,Public       ,281,250,531,33544,13428,46972
00181100,INDIANA UNIV-EAST                       ,IN,47374-1289,Public       ,21,98,119,1679,2704,4383
00181300,INDIANA UNIV-PURDUE UNIV INDPLS         ,IN,46202-5145,Public       ,247,729,976,18776,25092,43868
00181301,INDIANA UNIVERSITY - PURDUE UNIVERSITY I,IN,47203-1769,Public       ,28,87,115,1910,2348,4258
00181400,INDIANA UNIV KOKOMO                     ,IN,46902-3557,Public       ,34,86,120,1918,2756,4674
00181500,INDIANA UNIV-NORTHWEST                  ,IN,46408-1197,Public       ,90,208,298,3618,5923,9541
00181600,INDIANA UNIVERSITY - SOUTH BEND         ,IN,46615-0000,Public       ,67,224,291,5155,6888,12043
00181700,INDIANA UNIVERSITY-SOUTHEAST            ,IN,47150-6405,Public       ,59,193,252,4619,4962,9581
00182000,MANCHESTER COLLEGE                      ,IN,46962-1276,Private      ,14,6,20,2592,317,2909
00182100,MARIAN UNIVERSITY                       ,IN,46222-1997,Private      ,29,133,162,2136,2626,4762
00182200,INDIANA WESLEYAN UNIVERSITY             ,IN,46953-4974,Private      ,50,1509,1559,4594,18078,22672
00182300,ASSOCIATED MENNONITE BIBLICAL SEM       ,IN,46517-1999,Private      ,1,5,6,3,115,118
00182400,OAKLAND CITY UNIVERSITY                 ,IN,47660-1099,Private      ,5,35,40,573,1975,2548
00182500,PURDUE UNIVERSITY                       ,IN,47907-2050,Public       ,194,216,410,32152,9317,41469
00182600,PURDUE UNIV NORTH CENTRAL CAMPUS        ,IN,46391-9542,Public       ,37,77,114,2745,3189,5934
00182700,PURDUE UNIV CALUMET                     ,IN,46323-2094,Public       ,93,293,386,5443,6969,12412
00182800,INDIANA UNIV-PURDUE UNIV FORT WAYNE     ,IN,46805-1499,Public       ,113,289,402,9819,9873,19692
00183000,ROSE HULMAN INSTITUTE OF TECHNOLOGY     ,IN,47803-3999,Private      ,20,3,23,3268,152,3420
00183200,UNIVERSITY OF SAINT FRANCIS             ,IN,46808-3994,Private      ,34,67,101,2317,2237,4554
00183300,ST JOSEPH'S COLLEGE                     ,IN,47978-0000,Private      ,12,7,19,1341,237,1578
00183400,CALUMET COLLEGE OF SAINT JOSEPH         ,IN,46394-2195,Private      ,18,48,66,602,979,1581
00183500,SAINT MARY-OF-THE-WOODS COLLEGE         ,IN,47876-0067,Private      ,1,67,68,432,1303,1735
00183600,ST MARY'S COLLEGE                       ,IN,46556-5007,Private      ,11,5,16,1784,100,1884
00183800,TAYLOR UNIVERSITY                       ,IN,46989-1001,Private      ,10,8,18,2469,302,2771
00183900,TRINE UNIVERSITY                        ,IN,46703-1764,Private      ,13,37,50,2782,1126,3908
00184000,UNIVERSITY OF NOTRE DAME                ,IN,46556-5602,Private      ,77,54,131,12772,3634,16406
00184200,VALPARAISO UNIVERSITY                   ,IN,46383-6493,Private      ,34,47,81,4593,2182,6775
00184300,VINCENNES UNIVERSITY                    ,IN,47591-1523,Public       ,73,218,291,6864,5283,12147
00184400,WABASH COLLEGE                          ,IN,47933-0352,Private      ,9,5,14,1336,79,1415
00457900,INTERNATIONAL BUSINESS COLLEGE          ,IN,46804-0000,Proprietary  ,12,32,44,809,528,1337
00457901,INTERNATIONAL BUSINESS COLLEGE          ,IN,46256-0000,Proprietary  ,18,27,45,704,500,1204
00625700,SAINT ELIZABETH SCHOOL OF NURSING       ,IN,47904-2198,Private      ,3,12,15,160,395,555
00726300,HOLY CROSS COLLEGE                      ,IN,46556-0308,Private      ,5,5,10,675,147,822
00727600,SAINT MEINRAD SCHOOL OF THEOLOGY        ,IN,47577-1002,Private      ,0,2,2,1,130,131
00732900,ITT TECHNICAL INSTITUTE                 ,IN,46268-1119,Proprietary  ,402,2250,2652,3031,16993,20024
00732908,ITT TECHNICAL INSTITUTE                 ,IN,46143-1067,Proprietary  ,0,9,9,68,163,231
00732933,ITT TECHNICAL INSTITUTE                 ,IN,46635-1512,Proprietary  ,14,99,113,218,698,916
00732962,ITT TECHNICAL INSTITUTE                 ,IN,47630-7430,Proprietary  ,165,549,714,1519,5309,6828
00732968,ITT TECHNICAL INSTITUTE                 ,IN,46410-0000,Proprietary  ,4,14,18,141,452,593
00732993,ITT TECHNICAL INSTITUTE                 ,IN,46825-2393,Proprietary  ,95,353,448,1415,4863,6278
00736200,MEDTECH COLLEGE                         ,IN,46250-3970,Proprietary  ,8,184,192,311,2235,2546
00736202,MEDTECH COLLEGE - GREENWOOD             ,IN,46143-6478,Proprietary  ,17,108,125,179,1163,1342
00736204,MEDTECH COLLEGE - FORT WAYNE            ,IN,46804-2209,Proprietary  ,11,108,119,186,1159,1345
00793800,LINCOLN COLLEGE OF TECHNOLOGY           ,IN,46202-0000,Proprietary  ,71,135,206,1906,1500,3406
00842300,IVY TECH COMMUNITY COLLEGE OF INDIANA - ,IN,46601-3892,Public       ,0,0,0,2693,9190,11883
00854600,NOT FOR STUDENT USE                     ,IN,46208-4700,Public       ,0,0,0,16,97,113
00854700,IVY TECH COMMUNITY COLLEGE OF INDIANA - ,IN,47802-4898,Public       ,0,0,0,2210,5388,7598
00931306,DAYMAR COLLEGE - ROCKPORT               ,IN,47635-1506,Proprietary  ,1,5,6,1,14,15
00951500,J MICHAEL HARROLD BEAUTY ACADEMY        ,IN,47807-3390,Proprietary  ,7,14,21,53,137,190
00961200,"APEX SCHOOL OF BEAUTY CULTURE, INC      ",IN,46016-0000,Proprietary  ,1,2,3,15,59,74
00961300,MERRILLVILLE BEAUTY COLLEGE             ,IN,46410-3401,Proprietary  ,1,6,7,29,135,164
00967300,RUDAE'S SCHOOL OF BEAUTY CULTURE        ,IN,46825-5444,Proprietary  ,5,29,34,156,274,430
00977700,KAPLAN COLLEGE                          ,IN,46278-1736,Proprietary  ,37,157,194,447,1976,2423
00977702,KAPLAN COLLEGE - TEMPORARY FACILITY EXPA,IN,46268-4111,Proprietary  ,1,7,8,15,112,127
00977703,KAPLAN COLLEGE -  SE INDY               ,IN,46227-0000,Proprietary  ,16,144,160,205,1132,1337
00991700,IVY TECH COMMUNITY COLLEGE OF INDIANA   ,IN,46208-1763,Public       ,1281,5431,6712,17353,55584,72937
00991713,IVY TECH COMMUNITY COLLEGE OF INDIANA - ,IN,47302-9448,Public       ,0,0,0,3641,8372,12013
00991715,IVY TECH COMMUNITY COLLEGE OF INDIANA - ,IN,47903-6299,Public       ,0,0,0,3485,6592,10077
00991720,IVY TECH COMMUNITY COLLEGE OF INDIANA - ,IN,46805-1489,Public       ,0,0,0,5020,11950,16970
00991725,IVY TECH COMMUNITY COLLEGE OF INDIANA - ,IN,47374-1220,Public       ,0,0,0,1253,4195,5448
00991731,IVY TECH COMMUNITY COLLEGE OF INDIANA - ,IN,46409-1303,Public       ,0,0,0,3172,8865,12037
00991735,IVY TECH COMMUNITY COLLEGE OF INDIANA - ,IN,46903-1373,Public       ,0,0,0,1648,5428,7076
00991736,IVY TECH COMMUNITY COLLEGE OF INDIANA - ,IN,47203-1868,Public       ,0,0,0,1822,4469,6291
00991745,IVY TECH COMMUNITY COLLEGE OF INDIANA - ,IN,47172-1897,Public       ,0,0,0,1662,4304,5966
00991747,IVY TECH COMMUNITY COLLEGE OF INDIANA - ,IN,47710-3398,Public       ,0,0,0,2086,5276,7362
00991750,IVY TECH COMMUNITY COLLEGE OF INDIANA - ,IN,47404-9772,Public       ,0,0,0,3168,5078,8246
00991752,IVY TECH COMMUNITY COLLEGE OF INDIANA - ,IN,47250-1881,Public       ,0,0,0,976,2408,3384
01015100,VINCENNES BEAUTY COLLEGE                ,IN,47591-1297,Proprietary  ,1,6,7,33,79,112
01040900,LAFAYETTE BEAUTY ACADEMY                ,IN,47901-1149,Proprietary  ,6,19,25,91,211,302
01048900,NATIONAL COLLEGE                        ,IN,46250-1930,Proprietary  ,6,28,34,111,1204,1315
01048910,NATIONAL COLLEGE - SOUTH BEND           ,IN,46617-3123,Proprietary  ,12,46,58,49,302,351
01048911,NATIONAL COLLEGE - FORT WAYNE           ,IN,46826-4905,Proprietary  ,3,20,23,40,200,240
01061800,MID-AMERICA CLG FUNERAL SERVICE         ,IN,47130-9990,Private      ,2,13,15,66,162,228
01150500,CREATIVE HAIR STYLING ACADEMY           ,IN,46322-1554,Proprietary  ,20,24,44,115,198,313
02084800,RAVENSCROFT BEAUTY COLLEGE              ,IN,46815-0000,Proprietary  ,14,45,59,106,285,391
02087600,CONCORDIA THEOLOGICAL SEMINARY          ,IN,46825-0000,Private      ,0,15,15,5,246,251
02100402,EVEREST INSTITUTE - EVEREST COLLEGE     ,IN,46410-7064,Proprietary  ,39,168,207,304,1424,1728
02140800,MARTIN UNIVERSITY                       ,IN,46218-0000,Private      ,22,105,127,231,1845,2076
02158400,HARRISON COLLEGE                        ,IN,46204-2611,Proprietary  ,48,370,418,788,4999,5787
02158401,HARRISON COLLEGE - COLUMBUS             ,IN,47203-1843,Proprietary  ,7,43,50,118,600,718
02158402,HARRISON COLLEGE - LAFAYETTE            ,IN,47905-4859,Proprietary  ,9,40,49,168,621,789
02158404,HARRISON COLLEGE - MARION               ,IN,46952-0000,Proprietary  ,0,0,0,0,1,1
02158405,HARRISON COLLEGE - TERRE HAUTE          ,IN,47802-0000,Proprietary  ,9,51,60,107,699,806
02158407,HARRISON COLLEGE - ANDERSON             ,IN,46013-0000,Proprietary  ,10,57,67,142,739,881
02158409,HARRISON COLLEGE - EVANSVILLE           ,IN,47715-3901,Proprietary  ,10,55,65,173,678,851
02158410,HARRISON COLLEGE - EAST                 ,IN,46239-8903,Proprietary  ,14,77,91,241,1245,1486
02158412,HARRISON COLLEGE - FORT WAYNE           ,IN,46825-0000,Proprietary  ,13,73,86,272,1155,1427
02158413,HARRISON COLLEGE - NORTHWEST            ,IN,46278-0000,Proprietary  ,10,28,38,235,530,765
02158800,DON ROBERTS BEAUTY SCHOOLS              ,IN,46383-0000,Proprietary  ,1,10,11,27,114,141
02164300,DON ROBERTS SCHOOL OF HAIR DESIGN       ,IN,46375-9999,Proprietary  ,5,8,13,44,86,130
02180108,ROSS MEDICAL EDUCATION CENTER -         ,IN,46530-4479,Proprietary  ,1,9,10,22,83,105
02201800,KAPLAN COLLEGE                          ,IN,46324-3347,Proprietary  ,22,115,137,162,785,947
02201802,KAPLAN COLLEGE - HAMMOND                ,IN,46324-3347,Proprietary  ,0,0,0,150,762,912
02241700,PJ'S COLLEGE OF COSMETOLOGY             ,IN,47129-0000,Proprietary  ,5,21,26,74,261,335
02245505,FORTIS COLLEGE - INDIANAPOLIS CAMPUS    ,IN,46268-0000,Proprietary  ,4,39,43,68,431,499
02302700,J EVERETT LIGHT CAREER CENTER           ,IN,46240-0000,Public       ,6,22,28,68,374,442
02304800,PJ'S COLLEGE OF COSMETOLOGY             ,IN,47374-0000,Proprietary  ,1,8,9,29,145,174
02308900,MASTER'S OF COSMETOLOGY COLLEGE         ,IN,46809-0000,Proprietary  ,10,19,29,129,185,314
02339600,ROGER'S ACADEMY OF HAIR DESIGN          ,IN,47712-0000,Proprietary  ,8,26,34,68,203,271
02345200,EMPIRE BEAUTY SCHOOL                    ,IN,46237-0000,Proprietary  ,26,68,94,245,744,989
02351300,KNOX BEAUTY COLLEGE                     ,IN,46534-0000,Proprietary  ,1,3,4,21,39,60
02490500,HAIR FASHIONS BY KAYE BEAUTY CLG        ,IN,46250-0000,Proprietary  ,11,34,45,80,320,400
02490800,HAIR FASHIONS BY KAYE BEAUTY CLG        ,IN,46060-0000,Proprietary  ,5,14,19,46,118,164
02607000,HAIR ARTS ACADEMY                       ,IN,47404-3581,Proprietary  ,3,12,15,43,159,202
02615800,COLLEGE OF COURT REPORTING              ,IN,46342-5969,Proprietary  ,1,28,29,31,398,429
03009700,HARRISON COLLEGE                        ,IN,47303-6413,Proprietary  ,13,50,63,117,590,707
03009701,HARRISON COLLEGE - MUNCIE - ELKHART     ,IN,46516-9795,Proprietary  ,6,40,46,119,652,771
03100600,MARION COMM TUCKER AREA VOC SCHOOL      ,IN,46952-3831,Public       ,2,10,12,38,195,233
03176300,AVIATION INSTITUTE OF MAINTENANCE       ,IN,46241-1445,Proprietary  ,11,48,59,143,650,793
03262300,DAVID DEMUTH INSTITUTE OF COSM          ,IN,47374-4101,Proprietary  ,1,4,5,13,71,84
03456700,CROSSROADS BIBLE COLLEGE                ,IN,46219-4912,Private      ,2,27,29,82,384,466
03538300,ALEXANDRIA SCH OF SCIENTIFIC THERAP     ,IN,46001-0287,Proprietary  ,0,5,5,29,110,139
04038700,IDEAL BEAUTY ACADEMY                    ,IN,47130-4215,Proprietary  ,2,11,13,28,95,123
04051304,ART INSTITUTE OF PHOENIX (THE) - ART  IN,IN,46268-1170,Proprietary  ,44,98,142,1258,1312,2570
04051311,ART INSTITUTE OF PHOENIX (THE) - BROWN M,IN,46410-5608,Proprietary  ,13,110,123,194,1066,1260
04051312,ART INSTITUTE OF PHOENIX (THE) - BROWN M,IN,46360-7362,Proprietary  ,6,63,69,117,663,780
04051318,ART INSTITUTE OF PHOENIX (THE) - BROWN M,IN,46204-1017,Proprietary  ,26,160,186,432,2017,2449
04051321,ART INSTITUTE OF PHOENIX (THE) - BROWN M,IN,46635-1176,Proprietary  ,19,95,114,346,1493,1839
04051322,ART INSTITUTE OF PHOENIX (THE) - BROWN M,IN,46805-0000,Proprietary  ,21,153,174,383,2068,2451
04100300,SUCCESS SCHOOLS                         ,IN,46410-5310,Proprietary  ,14,33,47,82,248,330
04121000,TECHSKILLS - INDIANAPOLIS               ,IN,46240-4302,Proprietary  ,4,17,21,27,238,265
04130900,HONORS BEAUTY COLLEGE                   ,IN,46256-3317,Proprietary  ,2,29,31,93,316,409
04155900,AVEDA FREDRIC'S INSTITUTE               ,IN,46250-4746,Proprietary  ,6,18,24,137,221,358
04166700,REM SPA INC                             ,IN,46013-3136,Proprietary  ,1,14,15,71,167,238
04171700,AVANT GARD THE SCHOOL                   ,IN,46214-6500,Proprietary  ,2,13,15,35,90,125
04172700,SALON PROFESSIONAL ACADEMY (THE)        ,IN,47715-7822,Proprietary  ,7,17,24,94,214,308
04184000,PAUL MITCHELL THE SCHOOL INDIANAPOLIS   ,IN,46227-6252,Proprietary  ,12,38,50,177,284,461
04186600,SALON PROFESSIONAL ACADEMY (THE)        ,IN,46901-6248,Proprietary  ,2,21,23,23,104,127
04205500,LIL LOU'S BARBER COLLEGE                ,IN,46409-2645,Proprietary  ,6,24,30,6,24,30
00190100,ALLEN COUNTY COMMUNITY COLLEGE          ,KS,66749-1607,Public       ,39,102,141,1094,1762,2856
00190200,COWLEY COUNTY COMMUNITY COLLEGE & AREA V,KS,67005-2662,Public       ,46,214,260,1737,3183,4920
00190300,BAKER UNIVERSITY                        ,KS,66006-0065,Private      ,16,281,297,1457,2625,4082
00190400,BETHANY COLLEGE                         ,KS,67456-1897,Private      ,3,2,5,834,134,968
00190500,BETHEL COLLEGE                          ,KS,67117-0531,Private      ,5,8,13,657,150,807
00190600,BUTLER COUNTY COMMUNITY COLLEGE         ,KS,67042-3280,Public       ,153,353,506,4557,6357,10914
00190700,CENTRAL BAPTIST THEOLOGY SEMINARY       ,KS,66226-3513,Private      ,0,4,4,0,65,65
00190800,CENTRAL CHRISTIAN COLLEGE OF KANSAS     ,KS,67460-5799,Private      ,7,137,144,510,422,932
00190900,CLOUD COUNTY COMMUNITY COLLEGE          ,KS,66901-1002,Public       ,25,79,104,879,1261,2140
00191000,COFFEYVILLE COMMUNITY COLLEGE           ,KS,67337-5064,Public       ,41,34,75,1110,728,1838
00191100,COLBY COMMUNITY COLLEGE                 ,KS,67701-4099,Public       ,15,24,39,638,466,1104
00191300,DODGE CITY COMMUNITY COLLEGE            ,KS,67801-2399,Public       ,41,53,94,862,847,1709
00191400,DONNELLY COLLEGE                        ,KS,66102-4298,Private      ,15,92,107,250,900,1150
00191500,FORT HAYS STATE UNIVERSITY              ,KS,67601-4099,Public       ,45,220,265,4064,5522,9586
00191600,FORT SCOTT COMMUNITY COLLEGE            ,KS,66701-3199,Public       ,39,66,105,1256,1275,2531
00191700,BARCLAY COLLEGE                         ,KS,67059-0288,Private      ,3,7,10,152,137,289
00191800,FRIENDS UNIVERSITY                      ,KS,67213-3397,Private      ,16,154,170,1376,3116,4492
00191900,GARDEN CITY COMMUNITY COLLEGE           ,KS,67846-6398,Public       ,30,46,76,933,763,1696
00192000,HESSTON COLLEGE                         ,KS,67062-2093,Private      ,3,10,13,480,210,690
00192100,HIGHLAND COMMUNITY COLLEGE              ,KS,66035-4062,Public       ,34,60,94,1296,1749,3045
00192300,HUTCHINSON COMMUNITY COLLEGE            ,KS,67501-5894,Public       ,76,212,288,2459,3174,5633
00192400,INDEPENDENCE COMMUNITY COLLEGE          ,KS,67301-0708,Public       ,28,33,61,591,610,1201
00192500,KANSAS CITY KANSAS COMMUNITY CLG        ,KS,66112-9978,Public       ,116,368,484,2176,6096,8272
00192502,KANSAS CITY KANSAS COMMUNITY COLLEGE - T,KS,66104-2821,Public       ,0,0,0,115,347,462
00192600,PITTSBURG STATE UNIVERSITY              ,KS,66762-7500,Public       ,62,113,175,5177,3202,8379
00192700,EMPORIA STATE UNIVERSITY                ,KS,66801-5087,Public       ,30,81,111,3301,3091,6392
00192800,KANSAS STATE UNIVERSITY                 ,KS,66506-1104,Public       ,177,246,423,15952,7491,23443
00192900,KANSAS WESLEYAN UNIVERSITY              ,KS,67401-6196,Private      ,10,10,20,1114,382,1496
00193000,LABETTE COMMUNITY COLLEGE               ,KS,67357-4299,Public       ,23,54,77,691,1038,1729
00193100,MANHATTAN CHRISTIAN COLLEGE             ,KS,66502-4081,Private      ,1,6,7,387,154,541
00193300,MCPHERSON COLLEGE                       ,KS,67460-3899,Private      ,8,6,14,883,198,1081
00193600,NEOSHO COUNTY COMMUNITY COLLEGE         ,KS,66720-2699,Public       ,22,97,119,739,1488,2227
00193700,OTTAWA UNIVERSITY                       ,KS,66067-3399,Private      ,11,310,321,966,3430,4396
00193800,PRATT COMMUNITY COLLEGE                 ,KS,67124-8432,Public       ,9,54,63,637,884,1521
00193900,NEWMAN UNIVERSITY                       ,KS,67213-2084,Private      ,18,73,91,1333,1869,3202
00194000,SOUTHWESTERN COLLEGE                    ,KS,67156-2499,Private      ,8,84,92,852,1381,2233
00194300,UNIVERSITY OF ST MARY                   ,KS,66048-5023,Private      ,6,55,61,702,727,1429
00194500,STERLING COLLEGE                        ,KS,67579-1533,Private      ,5,8,13,822,187,1009
00194600,TABOR COLLEGE                           ,KS,67063-1799,Private      ,8,15,23,784,287,1071
00194800,UNIVERSITY OF KANSAS                    ,KS,66045-7535,Public       ,183,279,462,16702,11326,28028
00194900,WASHBURN UNIVERSITY                     ,KS,66621-1110,Public       ,53,137,190,3468,4818,8286
00194901,WASHBURN UNIVERSITY -TOPEKA - WASHBURN I,KS,66604-2199,Public       ,9,50,59,631,1226,1857
00195000,WICHITA STATE UNIVERSITY                ,KS,67208-0001,Public       ,137,375,512,7264,9502,16766
00460800,BARTON COUNTY COMMUNITY COLLEGE         ,KS,67530-9283,Public       ,29,164,193,966,2152,3118
00526400,FLINT HILLS TECHNICAL COLLEGE           ,KS,66801-5999,Public       ,10,22,32,301,554,855
00526500,NORTH CENTRAL KANSAS TECH COLG          ,KS,67420-0000,Public       ,8,17,25,396,385,781
00526700,NORTHWEST KANSAS TECHNICAL SCHOOL       ,KS,67735-3441,Public       ,6,14,20,271,208,479
00549800,WICHITA AREA TECHNICAL COLLEGE          ,KS,67211-2099,Public       ,46,264,310,615,3182,3797
00549900,SALINA AREA TECHNICAL COLLEGE           ,KS,67401-8195,Public       ,3,8,11,206,309,515
00550000,MANHATTAN AREA TECHNICAL COLLEGE        ,KS,66503-2499,Public       ,7,37,44,422,833,1255
00675500,BROWN MACKIE COLLEGE (THE)              ,KS,67401-7307,Proprietary  ,50,209,259,555,1939,2494
00703200,MID AMERICA NAZARENE UNIVERSITY         ,KS,66062-1899,Private      ,11,132,143,1014,1377,2391
00822800,SEWARD CO COMM CO/AREA TECHNICAL SCHOOL ,KS,67905-0000,Public       ,19,35,54,548,657,1205
00824400,JOHNSON COUNTY COMMUNITY COLLEGE        ,KS,66210-1299,Public       ,166,467,633,6557,10259,16816
00833200,B-STREET DESIGN SCHOOL OF INTERNATIONAL ,KS,66502-6082,Proprietary  ,3,11,14,52,166,218
00833201,B-STREET DESIGN SCHOOL OF INTERNATIONAL ,KS,66046-2743,Proprietary  ,1,4,5,1,4,5
00868200,ACADEMY OF HAIR DESIGN                  ,KS,67401-2803,Proprietary  ,0,0,0,9,13,22
01025600,BENEDICTINE COLLEGE                     ,KS,66002-1499,Private      ,14,8,22,2254,226,2480
01043800,HASKELL INDIAN NATIONS UNIVERSITY       ,KS,66046-4800,Public       ,26,22,48,1031,822,1853
01050300,WICHITA TECHNICAL INSTITUTE             ,KS,67213-1927,Proprietary  ,32,170,202,260,1396,1656
01050302,WICHITA TECHNICAL INSTITUTE - WTI TOPEKA,KS,66609-1217,Proprietary  ,5,50,55,67,482,549
01050305,WICHITA TECHNICAL INSTITUTE - EAST CAMPU,KS,67208-4243,Proprietary  ,9,56,65,88,464,552
02090700,CLEVELAND CHIROPRACTIC COLLEGE          ,KS,66210-1613,Private      ,3,12,15,58,641,699
02134800,OLD TOWN BARBER AND BEAUTY COLLEGE      ,KS,67211-0000,Proprietary  ,8,31,39,52,129,181
02196400,CAPITOL CITY HAIR DESIGN COLLEGE        ,KS,66102-0000,Proprietary  ,0,0,0,6,14,20
02257700,HAYS ACADEMY OF HAIR DESIGN             ,KS,67601-0000,Proprietary  ,4,5,9,58,68,126
02303500,AMERICAN INSTITUTE OF BAKING            ,KS,66502-0000,Private      ,0,1,1,19,35,54
02340700,LABARON HAIRDRESSING ACADEMY            ,KS,66204-0000,Proprietary  ,0,6,6,15,65,80
02590900,WRIGHT CAREER COLLEGE                   ,KS,66212-0000,Private      ,101,550,651,557,3384,3941
02599709,VATTEROTT COLLEGE - WICHITA             ,KS,67226-1304,Proprietary  ,9,53,62,95,628,723
02603100,XENON INTERNATIONAL ACADEMY             ,KS,67203-5428,Proprietary  ,15,27,42,157,297,454
02606300,PAUL MITCHELL THE SCHOOL WICHITA        ,KS,67226-2803,Proprietary  ,7,26,33,139,223,362
02611005,HERITAGE COLLEGE - WICHITA              ,KS,67210-1879,Proprietary  ,39,139,178,256,1118,1374
02613000,PINNACLE CAREER INSTITUTE               ,KS,66046-2703,Proprietary  ,6,51,57,84,461,545
03031300,XENON INTERNATIONAL ACADEMY IV          ,KS,66061-3765,Proprietary  ,0,8,8,67,128,195
03066200,BRYAN COLLEGE                           ,KS,66604-2496,Proprietary  ,0,24,24,37,384,421
03450300,B-STREET DESIGN SCHOOL OF INTERNATIONAL ,KS,66611-2373,Proprietary  ,2,16,18,57,222,279
03450301,B-STREET DESIGN SCHOOL OF INTERNATIONAL ,KS,67207-5148,Proprietary  ,6,18,24,49,142,191
03450302,B-STREET DESIGN SCHOOL OF INTERNATIONAL ,KS,66212-5451,Proprietary  ,9,18,27,105,211,316
03529300,SIDNEY'S HAIRDRESSING COLLEGE           ,KS,67501-7094,Proprietary  ,3,4,7,37,75,112
04132900,Z HAIR ACADEMY                          ,KS,66046-4040,Proprietary  ,3,5,8,56,78,134
04162700,ERIC FISHER ACADEMY                     ,KS,67212-3376,Proprietary  ,7,27,34,162,230,392
04175700,ACADEMY OF AESTHETIC ARTS               ,KS,66203-3502,Proprietary  ,2,4,6,20,72,92
04179600,ENTOURAGE INSTITUTE OF BEAUTY AND ESTHET,KS,66215-3803,Proprietary  ,3,14,17,18,59,77
00203300,UNIVERSITY OF MAINE-PRESQUE ISLE        ,ME,04769-2888,Public       ,16,21,37,803,637,1440
00203500,BANGOR THEOLOGICAL SEMINARY             ,ME,04402-0411,Private      ,0,4,4,2,71,73
00203600,BATES COLLEGE                           ,ME,04240-6028,Private      ,14,11,25,3039,156,3195
00203800,BOWDOIN COLLEGE                         ,ME,04011-8451,Private      ,13,3,16,4006,130,4136
00203900,COLBY COLLEGE                           ,ME,04901-8841,Private      ,11,5,16,3157,98,3255
00204000,UNIVERSITY OF MAINE-FARMINGTON          ,ME,04938-1990,Public       ,12,20,32,2756,622,3378
00204100,UNIVERSITY OF MAINE-FORT KENT           ,ME,04743-1292,Public       ,4,25,29,638,450,1088
00204300,HUSSON UNIVERSITY                       ,ME,04401-2999,Private      ,17,30,47,2825,1668,4493
00204400,MAINE MARITIME ACADEMY                  ,ME,04420-0001,Public       ,4,2,6,1093,182,1275
00205000,UNIVERSITY OF NEW ENGLAND               ,ME,04005-9599,Private      ,37,119,156,4433,4230,8663
00205100,SAINT JOSEPH'S COLLEGE                  ,ME,04084-5263,Private      ,15,148,163,1791,1520,3311
00205200,THOMAS COLLEGE                          ,ME,04901-5097,Private      ,9,12,21,1072,349,1421
00205300,UNIVERSITY OF MAINE                     ,ME,04469-0001,Public       ,60,98,158,11324,3612,14936
00205400,UNIVERSITY OF SOUTHERN MAINE            ,ME,04104-0000,Public       ,72,179,251,6871,6308,13179
00205500,UNIVERSITY OF MAINE-MACHIAS             ,ME,04654-1397,Public       ,8,26,34,546,432,978
00458615,KAPLAN UNIVERSITY - PORTLAND            ,ME,04106-2415,Proprietary  ,19,116,135,150,931,1081
00458616,KAPLAN UNIVERSITY - LEWISTON            ,ME,04240-0000,Proprietary  ,15,111,126,117,1040,1157
00520400,BEAL COLLEGE                            ,ME,04401-6896,Proprietary  ,6,52,58,255,781,1036
00527600,CENTRAL MAINE COMMUNITY COLLEGE         ,ME,04210-6498,Public       ,37,89,126,1657,2403,4060
00527700,EASTERN MAINE COMMUNITY COLLEGE         ,ME,04401-4280,Public       ,27,60,87,1749,2049,3798
00552500,SOUTHERN MAINE COMMUNITY  COLLEGE       ,ME,04106-1698,Public       ,94,184,278,4129,4947,9076
00576000,NORTHERN MAINE COMMUNITY COLLEGE        ,ME,04769-2016,Public       ,12,25,37,494,821,1315
00630501,CENTRAL MAINE MEDICAL CENTER - COLLEGE O,ME,04240-4500,Private      ,0,14,14,107,383,490
00676000,UNIVERSITY OF MAINE-AUGUSTA             ,ME,04330-9410,Public       ,32,136,168,1790,6092,7882
00685800,UNITY COLLEGE                           ,ME,04988-9502,Private      ,4,3,7,930,139,1069
00903800,MR BERNARD'S SCH HAIR FASHION INC       ,ME,04243-1163,Proprietary  ,2,16,18,51,200,251
00923100,WASHINGTON COUNTY COMMUNITY COLLEGE     ,ME,04619-9704,Public       ,5,7,12,256,362,618
00945900,EMPIRE BEAUTY SCHOOL                    ,ME,04101-3348,Proprietary  ,22,67,89,219,518,737
00982600,KENNEBEC VALLEY  COMMUNITY  COLLEGE     ,ME,04937-1367,Public       ,13,69,82,888,2205,3093
01138500,COLLEGE OF THE ATLANTIC                 ,ME,04609-1105,Private      ,7,2,9,518,101,619
01167300,MAINE COLLEGE OF ART                    ,ME,04101-3987,Private      ,5,16,21,626,255,881
02104400,SPA TECH INSTITUTE                      ,ME,04093-0000,Proprietary  ,26,95,121,214,574,788
02347100,NEW ENGLAND SCHOOL OF COMMUNICATIONS    ,ME,04401-0000,Private      ,2,2,4,612,176,788
02361300,LANDING SCHOOL OF BOATBUILDING & DESIGN ,ME,04046-1490,Private      ,0,1,1,27,47,74
03122900,YORK COUNTY COMMUNITY COLLEGE           ,ME,04090-0529,Public       ,17,63,80,624,1169,1793
03429300,SEACOAST CAREER SCHOOLS                 ,ME,04073-0000,Proprietary  ,41,184,225,214,863,1077
03612300,BIRTHWISE MIDWIFERY SCHOOL              ,ME,04009-1110,Proprietary  ,0,4,4,12,73,85
04177400,CAPILO SCHOOL OF HAIR DESIGN            ,ME,04330-0000,Proprietary  ,8,24,32,83,145,228
04185100,NORTHEAST TECHNICAL INSTITUTE           ,ME,04074-0000,Proprietary  ,22,142,164,61,542,603
04188800,INSTITUTE FOR DOCTORAL STUDIES IN THE VI,ME,04102-0000,Private      ,0,9,9,0,37,37
00209300,ST JOHN'S COLLEGE                       ,NM,87505-4599,Private      ,4,5,9,434,218,652
00264900,SANTA FE UNIVERSITY OF ART AND DESIGN   ,NM,87505-7634,Proprietary  ,11,10,21,741,266,1007
00265000,UNIVERSITY OF THE SOUTHWEST             ,NM,88240-9129,Private      ,4,58,62,295,605,900
00265100,EASTERN NEW MEXICO UNIV PORTALES        ,NM,88130-6000,Public       ,53,169,222,2936,3296,6232
00265101,EASTERN NEW MEXICO UNIV-ROSWELL CAM     ,NM,88202-0000,Public       ,53,127,180,1214,2076,3290
00265102,EASTERN NEW MEXICO UNIVERSITY - RUIDOSO ,NM,88345-0001,Public       ,0,0,0,3,3,6
00265300,NEW MEXICO HIGHLANDS UNIVERSITY         ,NM,87701-4436,Public       ,41,87,128,1940,2647,4587
00265400,NEW MEXICO INST OF MINING & TECH        ,NM,87801-4796,Public       ,28,22,50,1218,508,1726
00265500,NEW MEXICO JUNIOR COLLEGE               ,NM,88240-9123,Public       ,22,71,93,777,1216,1993
00265600,NEW MEXICO MILITARY INSTITUTE           ,NM,88201-5173,Public       ,7,6,13,463,70,533
00265700,NEW MEXICO STATE UNIVERSITY             ,NM,88003-8001,Public       ,229,342,571,12787,10029,22816
00265701,NEW MEXICO STATE UNIV-ALAMOGORDO        ,NM,88311-0000,Public       ,35,120,155,531,1643,2174
00265702,NEW MEXICO STATE UNIV.-DONA ANA CLG     ,NM,88003-0000,Public       ,103,265,368,3216,5195,8411
00265703,NEW MEXICO STATE UNIV-CARLSBAD          ,NM,88220-0000,Public       ,14,51,65,352,769,1121
00265704,NEW MEXICO STATE UNIV-GRANTS            ,NM,87020-0000,Public       ,24,48,72,257,654,911
00266000,SAN JUAN COLLEGE                        ,NM,87402-4699,Public       ,58,254,312,2060,5221,7281
00266300,THE UNIVERSITY OF NEW MEXICO            ,NM,87131-0001,Public       ,415,790,1205,17078,20018,37096
00266301,UNIVERSITY OF NEW MEXICO                ,NM,87301-5697,Public       ,31,70,101,718,1176,1894
00266302,UNIVERSITY OF NEW MEXICO                ,NM,87031-0000,Public       ,21,49,70,450,735,1185
00266303,UNIVERSITY OF NEW MEXICO                ,NM,87544-2233,Public       ,5,11,16,150,164,314
00266304,UNIVERSITY OF NEW MEXICO                ,NM,87571-6401,Public       ,8,33,41,307,539,846
00266400,WESTERN NEW MEXICO UNIVERSITY           ,NM,88061-5417,Public       ,25,72,97,1234,2323,3557
00405701,NATIONAL AMERICAN UNIVERSITY            ,NM,87110-0000,Proprietary  ,2,33,35,59,562,621
00474200,CENTRAL NEW MEXICO COMMUNITY COLLEGE    ,NM,87106-4096,Public       ,392,1334,1726,9025,21976,31001
00474300,CLOVIS COMMUNITY COLLEGE                ,NM,88101-8381,Public       ,35,163,198,716,2143,2859
00996200,LUNA COMMUNITY COLLEGE                  ,NM,87701-0000,Public       ,28,66,94,546,842,1388
01063200,DEWOLFF CLG HAIRSTYLING/COSMETOLOGY     ,NM,87112-4113,Proprietary  ,6,29,35,68,214,282
01300500,OLYMPIAN UNIVERSITY OF COSMETOLOGY      ,NM,88310-5051,Proprietary  ,56,199,255,501,1704,2205
02083900,NORTHERN NEW MEXICO COLLEGE             ,NM,87530-0000,Public       ,23,56,79,739,1221,1960
02146400,INSTITUTE OF AMERICAN INDIAN ARTS       ,NM,87508-0000,Public       ,6,13,19,193,310,503
02218808,BROOKLINE COLLEGE - ALBUQUERQUE         ,NM,87105-1649,Proprietary  ,35,125,160,257,1106,1363
02278100,SANTA FE COMMUNITY COLLEGE              ,NM,87507-0000,Public       ,63,196,259,1089,2959,4048
02293203,ATI CAREER TRAINING CENTER - ALBUQUERQUE,NM,87109-2016,Proprietary  ,5,34,39,72,277,349
02357600,NAVAJO TECHNICAL COLLEGE                ,NM,87313-0000,Public       ,63,129,192,553,1215,1768
02511000,SOUTHWESTERN INDIAN POLYTECH INST       ,NM,87184-0000,Public       ,30,52,82,350,555,905
02572003,COMPUTER CAREER CENTER - LAS CRUCES CAMP,NM,88011-8220,Proprietary  ,20,112,132,188,799,987
02622000,SOUTHWEST ACUPUNCTURE COLLEGE           ,NM,87505-0000,Proprietary  ,0,8,8,6,327,333
03076100,SOUTHWESTERN COLLEGE                    ,NM,87507-0000,Private      ,1,6,7,20,234,254
03206300,MESALANDS COMMUNITY COLLEGE             ,NM,88401-3352,Public       ,12,24,36,183,293,476
03430300,UNIVERSAL THERAPEUTIC MASSAGE INSTITUTE ,NM,87107-4403,Proprietary  ,4,20,24,38,174,212
03678300,PIMA MEDICAL INSTITUTE                  ,NM,87110-0000,Proprietary  ,9,61,70,137,372,509
03944300,MASSAGE THERAPY TRAINING INSTITUTE      ,NM,88007-0000,Proprietary  ,1,9,10,45,99,144
04162400,URBAN ACADEMY                           ,NM,87106-4404,Proprietary  ,9,17,26,87,184,271
04174500,AVEDA INSTITUTE OF NEW MEXICO (THE)     ,NM,87110-3640,Proprietary  ,17,36,53,87,256,343
04178500,VOGUE COLLEGE OF COSMETOLOGY            ,NM,87505-7636,Proprietary  ,8,27,35,8,27,35
00223400,ADRIAN COLLEGE                          ,MI,49221-2575,Private      ,31,18,49,2685,404,3089
00223500,ALBION COLLEGE                          ,MI,49224-1831,Private      ,10,8,18,2305,163,2468
00223600,ALMA COLLEGE                            ,MI,48801-1599,Private      ,9,6,15,2331,228,2559
00223700,ALPENA COMMUNITY COLLEGE                ,MI,49707-1495,Public       ,33,90,123,1126,1462,2588
00223800,ANDREWS UNIVERSITY                      ,MI,49104-0750,Private      ,20,71,91,2102,1568,3670
00223900,AQUINAS COLLEGE                         ,MI,49506-1799,Private      ,17,38,55,2567,958,3525
00224000,BAY DE NOC COMMUNITY COLLEGE            ,MI,49829-2524,Public       ,30,85,115,1416,1976,3392
00224100,CALVIN COLLEGE                          ,MI,49546-4388,Private      ,27,18,45,4330,547,4877
00224200,CALVIN THEOLOGICAL SEMINARY             ,MI,49546-4387,Private      ,1,5,6,14,186,200
00224300,CENTRAL MICHIGAN UNIVERSITY             ,MI,48859-0001,Public       ,192,466,658,24733,11970,36703
00224600,CLEARY UNIVERSITY                       ,MI,48105-2659,Private      ,6,58,64,157,940,1097
00224700,CONCORDIA UNIVERSITY-ANN ARBOR          ,MI,48105-2797,Private      ,4,23,27,800,380,1180
00224800,CRANBROOK ACADEMY OF ART                ,MI,48303-0000,Private      ,0,4,4,31,349,380
00224900,DAVENPORT UNIVERSITY                    ,MI,49503-0000,Private      ,80,801,881,3559,15543,19102
00225100,DELTA COLLEGE                           ,MI,48710-0001,Public       ,155,500,655,6977,10523,17500
00225400,MICHIGAN STATE UNIVERSITY COLLEGE OF LAW,MI,48824-1300,Private      ,4,20,24,637,2301,2938
00225900,EASTERN MICHIGAN UNIVERSITY             ,MI,48197-2214,Public       ,264,481,745,17725,16651,34376
00226000,FERRIS STATE UNIVERSITY                 ,MI,49307-2251,Public       ,133,208,341,14458,8540,22998
00226100,CHARLES STEWART MOTT COMMUNITY CLG      ,MI,48503-2089,Public       ,191,740,931,6574,13606,20180
00226200,KETTERING UNIVERSITY                    ,MI,48504-4898,Private      ,36,24,60,2120,491,2611
00226300,GLEN OAKS COMMUNITY COLLEGE             ,MI,49032-9784,Public       ,15,100,115,727,1364,2091
00226400,GOGEBIC COMMUNITY COLLEGE               ,MI,49938-1365,Public       ,15,27,42,750,748,1498
00226500,GRACE BIBLE COLLEGE                     ,MI,49509-1998,Private      ,5,32,37,359,240,599
00226600,CORNERSTONE UNIVERSITY                  ,MI,49525-5897,Private      ,23,165,188,2001,2273,4274
00226700,GRAND RAPIDS COMMUNITY COLLEGE          ,MI,49503-3295,Public       ,211,792,1003,12128,15475,27603
00226800,GRAND VALLEY STATE UNIVERSITY           ,MI,49401-9403,Public       ,161,295,456,24746,9660,34406
00226900,GREAT LAKES CHRISTIAN COLLEGE           ,MI,48917-1299,Private      ,7,13,20,235,192,427
00227000,HENRY FORD COMMUNITY COLLEGE            ,MI,48128-1495,Public       ,359,1059,1418,11592,20539,32131
00227300,HOPE COLLEGE                            ,MI,49423-3607,Private      ,25,10,35,4436,289,4725
00227400,JACKSON COMMUNITY COLLEGE               ,MI,49201-8399,Public       ,99,400,499,4059,7337,11396
00227500,KALAMAZOO COLLEGE                       ,MI,49006-3295,Private      ,15,11,26,2062,257,2319
00227600,KELLOGG COMMUNITY COLLEGE               ,MI,49017-3397,Public       ,79,317,396,2947,6859,9806
00227700,LAKE MICHIGAN COLLEGE                   ,MI,49022-1899,Public       ,46,276,322,1937,4318,6255
00227800,LANSING COMMUNITY COLLEGE               ,MI,48933-1293,Public       ,171,564,735,10702,16940,27642
00227900,LAWRENCE TECHNOLOGICAL UNIVERSITY       ,MI,48075-1058,Private      ,30,109,139,1843,1878,3721
00228200,MADONNA UNIVERSITY                      ,MI,48150-1173,Private      ,24,107,131,1854,3867,5721
00228400,MARYGROVE COLLEGE                       ,MI,48221-2599,Private      ,30,197,227,1008,3720,4728
00228800,ROCHESTER COLLEGE                       ,MI,48307-2764,Private      ,9,37,46,783,952,1735
00229000,MICHIGAN STATE UNIVERSITY               ,MI,48824-1113,Public       ,383,492,875,38750,15506,54256
00229200,MICHIGAN TECHNOLOGICAL UNIV             ,MI,49931-1295,Public       ,37,18,55,6007,1196,7203
00229300,LAKE SUPERIOR STATE UNIVERSITY          ,MI,49783-1691,Public       ,14,21,35,2764,1176,3940
00229400,MONROE COUNTY COMMUNITY CLG             ,MI,48161-9746,Public       ,57,186,243,1938,3112,5050
00229500,MONTCALM COMMUNITY COLLEGE              ,MI,48885-9723,Public       ,17,98,115,1073,1994,3067
00229700,MUSKEGON COMMUNITY COLLEGE              ,MI,49442-1432,Public       ,77,245,322,3267,4481,7748
00229900,NORTH CENTRAL MICHIGAN COLLEGE          ,MI,49770-8740,Public       ,16,90,106,1265,2055,3320
00230100,NORTHERN MICHIGAN UNIVERSITY            ,MI,49855-5316,Public       ,88,117,205,8367,3586,11953
00230200,NORTHWESTERN MICHIGAN COLLEGE           ,MI,49686-3061,Public       ,45,160,205,2838,3977,6815
00230301,OAKLAND COMMUNITY COLLEGE - ORCHARD RIDG,MI,48334-4579,Public       ,115,299,414,3607,5596,9203
00230302,OAKLAND COMMUNITY COLLEGE - ROYAL OAK CA,MI,48067-3898,Public       ,114,516,630,4289,8089,12378
00230303,OAKLAND COMMUNITY COLLEGE - SOUTHFIELD C,MI,48075-4793,Public       ,134,416,550,3336,8263,11599
00230304,OAKLAND COMMUNITY COLLEGE - AUBURN HILLS,MI,48323-2845,Public       ,123,409,532,4469,7369,11838
00230305,OAKLAND COMMUNITY COLLEGE - HIGHLAND LAK,MI,48327-4187,Public       ,93,205,298,2600,4320,6920
00230700,OAKLAND UNIVERSITY                      ,MI,48309-4401,Public       ,228,379,607,15062,11328,26390
00230800,OLIVET COLLEGE                          ,MI,49076-9902,Private      ,20,9,29,1535,347,1882
00231000,ST. CLAIR COUNTY COMMUNITY COLLEGE      ,MI,48061-0000,Public       ,52,202,254,2465,3699,6164
00231100,KUYPER COLLEGE                          ,MI,49525-9749,Private      ,6,14,20,393,192,585
00231300,SACRED HEART MAJOR SEMINARY             ,MI,48206-1799,Private      ,0,9,9,37,174,211
00231400,SAGINAW VALLEY STATE UNIV               ,MI,48710-0001,Public       ,98,167,265,10150,4901,15051
00231500,SCHOOLCRAFT COLLEGE                     ,MI,48152-2696,Public       ,166,541,707,6685,10550,17235
00231600,SIENA HEIGHTS UNIVERSITY                ,MI,49221-1796,Private      ,12,91,103,1687,2306,3993
00231700,SOUTHWESTERN MICHIGAN COLLEGE           ,MI,49047-9793,Public       ,39,146,185,2009,2948,4957
00231800,SPRING ARBOR UNIVERSITY                 ,MI,49283-9984,Private      ,46,383,429,2684,4021,6705
00232200,FINLANDIA UNIVERSITY                    ,MI,49930-1882,Private      ,6,10,16,670,351,1021
00232300,UNIVERSITY OF DETROIT MERCY             ,MI,48221-3038,Private      ,54,144,198,3477,4245,7722
00232303,UNIV OF DETROIT MERCY - LAW SCHOOL      ,MI,48226-0000,Private      ,0,13,13,22,780,802
00232330,UNIV OF DETROIT MERCY - DENTAL SCHOOL   ,MI,48208-2576,Private      ,4,14,18,89,450,539
00232500,UNIVERSITY OF MICHIGAN - ANN ARBOR      ,MI,48109-1316,Public       ,348,303,651,32765,13978,46743
00232501,UNIVERSITY OF MICHIGAN-MEDICAL SCH      ,MI,48109-0000,Public       ,3,9,12,252,1128,1380
00232503,UNIVERSITY OF MICHIGAN LAW SCHOOL       ,MI,48109-0000,Public       ,1,16,17,95,2865,2960
00232600,UNIVERSITY OF MICHIGAN-DEARBORN         ,MI,48128-2406,Public       ,99,232,331,6553,6196,12749
00232700,UNIVERSITY OF MICHIGAN-FLINT            ,MI,48502-1950,Public       ,74,251,325,5088,7127,12215
00232800,WASHTENAW COMMUNITY COLLEGE             ,MI,48106-0000,Public       ,175,507,682,5732,9672,15404
00232900,WAYNE STATE UNIVERSITY                  ,MI,48202-0000,Public       ,310,828,1138,19455,24870,44325
00232901,WAYNE STATE UNIV SCH OF MEDICINE        ,MI,48201-3359,Public       ,19,44,63,458,1697,2155
00232902,WAYNE STATE UNIVERSITY - LAW SCHOOL     ,MI,48202-3424,Public       ,3,22,25,167,1368,1535
00233000,WESTERN MICHIGAN UNIVERSITY             ,MI,49008-3899,Public       ,224,327,551,21888,11477,33365
00233100,WESTERN THEOLOGICAL SEMINARY            ,MI,49423-0000,Private      ,0,3,3,9,167,176
00407100,WALSH COLLEGE OF ACCT & BUS ADMN        ,MI,48007-7006,Private      ,12,179,191,361,3011,3372
00407200,NORTHWOOD UNIVERSITY                    ,MI,48640-2398,Private      ,22,68,90,2086,2080,4166
00467300,BAKER COLLEGE - FLINT                   ,MI,48507-5508,Private      ,123,633,756,3182,9296,12478
00467301,BAKER COLLEGE OF CADILLAC               ,MI,49601-0000,Private      ,33,211,244,622,2456,3078
00467302,BAKER COLLEGE OF CLINTON TOWNSHIP       ,MI,48035-0000,Private      ,102,395,497,2335,6786,9121
00467303,BAKER COLLEGE OF MUSKEGON               ,MI,49442-0000,Private      ,90,370,460,2917,5703,8620
00467304,BAKER COLLEGE OF OWOSSO                 ,MI,48867-0000,Private      ,61,189,250,1909,2997,4906
00467305,BAKER COLLEGE OF AUBURN HILLS           ,MI,48326-0000,Private      ,53,301,354,1254,4741,5995
00467306,BAKER COLLEGE OF PORT HURON             ,MI,48060-0000,Private      ,24,108,132,653,1765,2418
00467309,BAKER COLLEGE OF JACKSON                ,MI,49202-0000,Private      ,43,248,291,1034,3661,4695
00467311,BAKER COLLEGE-CASS CITY                 ,MI,48726-0000,Private      ,9,42,51,234,605,839
00467313,BAKER COLLEGE - GRADUATE ON-LINE        ,MI,48507-0000,Private      ,23,491,514,490,7540,8030
00467317,BAKER COLLEGE-ALLEN PARK                ,MI,48101-0000,Private      ,66,331,397,1389,5300,6689
00469200,DORSEY SCHOOL OF BUSINESS               ,MI,48195-2334,Proprietary  ,18,85,103,123,507,630
00469201,DORSEY SCHOOL OF BUSINESS               ,MI,48184-0000,Proprietary  ,7,59,66,80,448,528
00469202,DORSEY SCHOOL OF BUSINESS               ,MI,48071-0000,Proprietary  ,7,49,56,90,419,509
00469204,DORSEY SCHOOL OF BUSINESS               ,MI,48066-0000,Proprietary  ,26,95,121,172,683,855
00469205,DORSEY BUSINESS SCHOOL - FARMINGTON HILL,MI,48334-3385,Proprietary  ,8,40,48,54,296,350
00469206,DORSEY BUSINESS SCHOOL - ROSEVILLE CULIN,MI,48066-4555,Proprietary  ,13,43,56,119,520,639
00469207,DORSEY BUSINESS SCHOOL - WATERFORD/PONTI,MI,48341-1037,Proprietary  ,22,72,94,133,534,667
00469208,DORSEY BUSINESS SCHOOL - SAGINAW CAMPUS ,MI,48603-5201,Proprietary  ,23,93,116,131,535,666
00491003,KAPLAN CAREER INSTITUTE - DEARBORN      ,MI,48228-0000,Proprietary  ,16,91,107,142,893,1035
00676800,MID MICHIGAN COMMUNITY COLLEGE          ,MI,48625-9447,Public       ,48,158,206,2826,3863,6689
00677100,COLLEGE FOR CREATIVE STUDIES            ,MI,48202-4034,Private      ,28,41,69,1719,904,2623
00694900,KALAMAZOO VALLEY COMMUNITY COLLEGE      ,MI,49003-4070,Public       ,133,474,607,6140,9688,15828
00717100,KIRTLAND COMMUNITY COLLEGE              ,MI,48653-0000,Public       ,23,101,124,1041,1994,3035
00732991,ITT TECHNICAL INSTITUTE                 ,MI,49519-1851,Proprietary  ,82,298,380,1048,3636,4684
00761700,CARNEGIE INSTITUTE                      ,MI,48083-1159,Proprietary  ,5,35,40,109,477,586
00795000,WEST SHORE COMMUNITY COLLEGE            ,MI,49454-0000,Public       ,14,31,45,674,1140,1814
00817800,EMPIRE BEAUTY SCHOOL                    ,MI,49525-2440,Proprietary  ,23,79,102,243,613,856
00832903,ITT TECHNICAL INSTITUTE                 ,MI,48083-2008,Proprietary  ,0,0,0,0,2,2
00890600,MACOMB COMMUNITY COLLEGE                ,MI,48088-3896,Public       ,355,969,1324,13184,18231,31415
00894600,PORT HURON COSMETOLOGY COLLEGE          ,MI,48329-1618,Proprietary  ,7,8,15,24,61,85
00923000,WAYNE COUNTY COMMUNITY CLG-DISTRICT     ,MI,48226-3010,Public       ,407,1712,2119,10570,33170,43740
00973200,VIRGINIA FARRELL BEAUTY SCHOOL          ,MI,48080-1448,Proprietary  ,0,0,0,29,63,92
00973400,VIRGINIA FARRELL BEAUTY SCHOOL          ,MI,48220-1739,Proprietary  ,0,0,0,11,55,66
00982800,EVEREST INSTITUTE                       ,MI,48033-4400,Proprietary  ,29,159,188,301,1681,1982
00982801,EVEREST INSTITUTE- DEARBORN             ,MI,48124-1927,Proprietary  ,53,149,202,264,1187,1451
00982803,EVEREST INSTITUTE - DETROIT             ,MI,48207-4291,Proprietary  ,26,137,163,262,1221,1483
01047000,KALAMAZOO BEAUTY ACADEMY                ,MI,49002-5220,Proprietary  ,2,13,15,27,75,102
01082700,DAVID PRESSLEY PROF SCH OF COSMTLGY     ,MI,48067-3219,Proprietary  ,10,34,44,161,288,449
01109800,FLINT INSTITUTE OF BARBERING            ,MI,48504-4395,Proprietary  ,1,8,9,40,149,189
01164600,VIRGINIA FARRELL BEAUTY SCHOOL          ,MI,48185-3091,Proprietary  ,0,0,0,31,104,135
01229100,WRIGHT BEAUTY ACADEMY                   ,MI,49015-2696,Proprietary  ,2,14,16,36,100,136
01262700,THOMAS M. COOLEY LAW SCHOOL             ,MI,48901-1586,Private      ,0,114,114,22,5130,5152
01321800,M J MURPHY BTY CLG MT PLEASANT          ,MI,48858-2502,Proprietary  ,1,19,20,76,114,190
02060300,MICHIGAN INSTITUTE OF AERONAUTICS       ,MI,48188-2533,Proprietary  ,36,103,139,485,896,1381
02068700,FISER'S COLLEGE OF COSMETOLOGY          ,MI,49221-0000,Proprietary  ,0,0,0,14,53,67
02099700,ROSS MEDICAL EDUCATION CENTER           ,MI,48532-0000,Proprietary  ,54,251,305,345,1578,1923
02099701,ROSS MEDICAL EDUCATION CENTER-SAGINAW   ,MI,48603-5227,Proprietary  ,2,10,12,31,140,171
02099702,ROSS MEDICAL EDUCATION CENTER-PORT HURON,MI,48060-1958,Proprietary  ,0,9,9,13,96,109
02099703,ROSS MEDICAL EDUCATION CENTER-ROOSEVELT ,MI,49441-4156,Proprietary  ,1,4,5,6,32,38
02100400,EVEREST INSTITUTE                       ,MI,49525-2301,Proprietary  ,32,160,192,262,1240,1502
02100401,EVEREST INSTITUTE - KALAMAZOO           ,MI,49009-3307,Proprietary  ,25,144,169,209,911,1120
02125600,MICHIGAN COLLEGE OF BEAUTY              ,MI,48083-0000,Proprietary  ,12,58,70,154,431,585
02152103,ACADEMY OF COURT REPORTING & TECHNOLOGY ,MI,48017-1495,Proprietary  ,1,2,3,17,146,163
02158600,MR BELA'S SCHOOL OF COSMETOLOGY         ,MI,48092-4637,Proprietary  ,10,19,29,49,144,193
02160303,INTERNATIONAL ACADEMY OF DESIGN AND TECH,MI,48083-2160,Proprietary  ,14,43,57,652,938,1590
02180100,ROSS MEDICAL EDUCATION CENTER           ,MI,48092-0000,Proprietary  ,28,142,170,189,864,1053
02180105,ROSS MEDICAL EDUCATION CENTER-REDFORD   ,MI,48239-1260,Proprietary  ,0,8,8,16,110,126
02198900,MICHIGAN SCHOOL OF PROFESSIONAL PSYCHOLO,MI,48334-4512,Private      ,0,6,6,6,218,224
02209200,TAYLORTOWN SCHOOL OF BEAUTY             ,MI,48180-0000,Proprietary  ,7,34,41,23,135,158
02237800,SPECS HOWARD SCHOOL OF MEDIA ARTS       ,MI,48075-0000,Proprietary  ,45,102,147,646,928,1574
02285700,BAYSHIRE BEAUTY ACADEMY                 ,MI,48708-5614,Proprietary  ,1,15,16,42,178,220
02289801,KAPLAN INSTITUTE - DETROIT CAMPUS       ,MI,48202-0000,Proprietary  ,20,101,121,185,950,1135
02324500,MICHIGAN COLLEGE OF BEAUTY              ,MI,48161-3901,Proprietary  ,7,31,38,90,246,336
02339700,ROSS MEDICAL EDUCATION CENTER           ,MI,48116-0000,Proprietary  ,41,216,257,232,1059,1291
02339701,ROSS MEDICAL EDUCATION CENTER-ANN ARBOR ,MI,48108-1411,Proprietary  ,1,8,9,22,106,128
02339703,ROSS MEDICAL EDUCATION CENTER - DAVISON ,MI,48423-1751,Proprietary  ,0,2,2,17,45,62
02361500,MICHIGAN BARBER COLLEGE                 ,MI,48204-2244,Private      ,18,44,62,139,498,637
02363800,YESHIVA GEDOLAH OF GREATER DETROIT      ,MI,48237-0000,Private      ,11,0,11,32,3,35
02491000,WEST MI COLG OF BARBERING & BEAUTY      ,MI,49008-0000,Proprietary  ,1,22,23,26,127,153
02498300,VIRGINIA FARRELL BEAUTY SCHOOL          ,MI,48154-0000,Proprietary  ,0,0,0,33,94,127
02533600,ROSS MEDICAL EDUCATION CENTER           ,MI,48917-2108,Proprietary  ,22,139,161,178,985,1163
02533601,ROSS MEDICAL EDUCATION CENTER - GRAND RA,MI,49546-2430,Proprietary  ,2,19,21,46,208,254
02588200,DOUGLAS J AVEDA INSTITUTE               ,MI,48823-4351,Proprietary  ,50,94,144,679,910,1589
02588201,DOUGLAS J AVEDA INSTITUTE - ANN ARBOR   ,MI,48104-2211,Proprietary  ,7,15,22,108,174,282
02595700,HILLSDALE BEAUTY COLLEGE                ,MI,49242-0000,Proprietary  ,0,3,3,45,52,97
02618400,MICHIGAN CAREER & TECHNICAL INST        ,MI,49080-9254,Public       ,31,13,44,304,146,450
03005700,DETROIT BUSINESS INST. DOWNRIVER        ,MI,48193-6761,Proprietary  ,1,21,22,32,229,261
03028500,LAWTON SCHOOL                           ,MI,48075-0000,Proprietary  ,6,38,44,49,280,329
03066600,BAY MILLS COMMUNITY COLLEGE             ,MI,49715-9750,Public       ,13,45,58,205,589,794
03075200,TWIN CITY BEAUTY COLLEGE                ,MI,49085-3305,Proprietary  ,7,36,43,79,281,360
03075201,TWIN CITY BEAUTY COLLEGE - TRAVERSE CITY,MI,49686-5119,Proprietary  ,1,1,2,12,48,60
03090000,SHARP'S ACADEMY OF HAIRSTYLING INC.     ,MI,48433-0000,Proprietary  ,2,3,5,15,58,73
03109700,HOUGHTON LAKE INST OF COSMETOLOGY       ,MI,48629-0669,Proprietary  ,1,3,4,11,27,38
03110300,THE SCHOOL OF CREATIVE HAIR DESIGN      ,MI,49036-1139,Proprietary  ,5,14,19,25,65,90
03124000,NORTHWESTERN TECHNOLOGICAL INST         ,MI,48075-2412,Proprietary  ,25,100,125,115,555,670
03284300,MICHIGAN JEWISH INSTITUTE               ,MI,48237-0000,Private      ,61,63,124,1708,878,2586
03490300,PAUL MITCHELL THE SCHOOL ESCANABA       ,MI,49829-0000,Proprietary  ,24,41,65,320,432,752
03588300,IRENE'S MYOMASSOLOGY INSTITUTE          ,MI,48033-2404,Proprietary  ,8,44,52,90,453,543
03704300,BLUE WATER COLLEGE OF COSMETOLOGY       ,MI,48040-0000,Proprietary  ,1,8,9,37,93,130
03772300,SAGINAW CHIPPEWA TRIBAL COLLEGE         ,MI,48858-0000,Public       ,3,7,10,26,75,101
03815300,IN SESSION-ARTS OF COSMETOLOGY BEAU     ,MI,48609-0000,Proprietary  ,4,19,23,43,169,212
03907300,PAUL MITCHELL THE SCHOOL GREAT LAKES    ,MI,48060-0000,Proprietary  ,9,29,38,109,182,291
03915300,CAREER QUEST LEARNING CENTER            ,MI,48910-4732,Proprietary  ,37,219,256,209,1428,1637
03968300,LAKEWOOD SCHOOL OF THERAPEUTIC MASSAGE  ,MI,48060-0000,Proprietary  ,0,7,7,22,79,101
03976500,ANN ARBOR INSTITUTE OF MASSAGE THERAPY  ,MI,48103-0000,Proprietary  ,5,13,18,44,169,213
04002400,ECUMENICAL THEOLOGICAL SEMINARY         ,MI,48201-3035,Private      ,0,12,12,0,156,156
04006300,NUVO COLLEGE OF COSMETOLOGY             ,MI,49441-3822,Proprietary  ,4,11,15,42,115,157
04014300,P&A SCHOLARS BEAUTY SCHOOL              ,MI,48204-0000,Proprietary  ,12,43,55,160,474,634
04094300,ROBERT B. MILLER COLLEGE (THE)          ,MI,49017-3306,Private      ,4,24,28,89,478,567
04121100,GALLERY COLLEGE OF BEAUTY (THE)         ,MI,48036-3591,Proprietary  ,10,48,58,109,413,522
04136300,FOCUS:  HOPE INFORMATION TECHNOLOGIES CE,MI,48238-2949,Private      ,4,27,31,46,213,259
04138400,SCHOOL OF DESIGNING ARTS                ,MI,49015-2853,Proprietary  ,4,8,12,48,91,139
04140900,INTERNATIONAL COSMETOLOGY ACADEMY       ,MI,49508-1308,Proprietary  ,2,30,32,48,193,241
04141100,FRENCH ACADEMY OF COSMETOLOGY           ,MI,49456-3207,Proprietary  ,6,13,19,45,99,144
04158400,L'ESPRIT ACADEMY                        ,MI,48150-0000,Proprietary  ,8,24,32,75,157,232
04159300,MARKETTI ACADEMY OF COSMETOLOGY         ,MI,48329-3506,Proprietary  ,8,13,21,55,146,201
04163300,COMPASS FILM ACADEMY                    ,MI,49504-5296,Private      ,0,2,2,81,84,165
04164700,KEWEENAW BAY OJIBWA COMMUNITY COLLEGE   ,MI,49908-0000,Public       ,3,15,18,18,81,99
04169300,SCHOLARS COSMETOLOGY UNIVERSITY         ,MI,48108-0000,Proprietary  ,1,10,11,25,86,111
04183300,ABCOTT INSTITUTE                        ,MI,48075-5227,Proprietary  ,3,36,39,30,241,271
04184700,PROTEGE ACADEMY                         ,MI,48823-8660,Proprietary  ,6,9,15,42,102,144
00233200,ANOKA-RAMSEY CC-CAMBRIDGE/COONRAPID     ,MN,55433-3499,Public       ,82,222,304,3769,5520,9289
00233400,AUGSBURG COLLEGE                        ,MN,55454-1351,Private      ,23,108,131,3119,2484,5603
00233500,RIVERLAND COMMUNITY COLLEGE             ,MN,55912-1473,Public       ,21,109,130,1137,2185,3322
00233600,BEMIDJI STATE UNIVERSITY                ,MN,56601-2699,Public       ,22,74,96,3705,2324,6029
00233700,BETHANY LUTHERAN COLLEGE INC            ,MN,56001-6163,Private      ,2,4,6,703,89,792
00233900,CENTRAL LAKES COLG-BRAINERD/STAPLES     ,MN,56401-3900,Public       ,32,108,140,1586,2500,4086
00234000,CARLETON COLLEGE                        ,MN,55057-4001,Private      ,14,1,15,3108,65,3173
00234100,COLLEGE OF ST BENEDICT                  ,MN,56374-2099,Private      ,7,3,10,2180,88,2268
00234200,ST. CATHERINE UNIVERSITY                ,MN,55105-1789,Private      ,22,123,145,2717,3700,6417
00234300,COLLEGE OF ST SCHOLASTICA               ,MN,55811-4199,Private      ,19,135,154,2471,2226,4697
00234500,UNIVERSITY OF ST THOMAS                 ,MN,55105-1096,Private      ,41,158,199,6701,4124,10825
00234600,CONCORDIA COLLEGE-MOORHEAD              ,MN,56562-0001,Private      ,7,5,12,3270,245,3515
00234700,"CONCORDIA UNIVERSITY, ST PAUL, MN       ",MN,55104-5494,Private      ,11,230,241,1327,2552,3879
00235000,VERMILION COMMUNITY COLLEGE             ,MN,55731-1996,Public       ,11,6,17,562,212,774
00235300,GUSTAVUS ADOLPHUS COLLEGE               ,MN,56082-1498,Private      ,19,0,19,3648,128,3776
00235400,HAMLINE UNIVERSITY                      ,MN,55104-1284,Private      ,30,144,174,2929,3461,6390
00235500,HIBBING COMMUNITY COLLEGE               ,MN,55746-3300,Public       ,21,47,68,719,1095,1814
00235600,ITASCA COMMUNITY COLLEGE                ,MN,55744-3397,Public       ,16,20,36,798,716,1514
00235700,LUTHER SEMINARY                         ,MN,55108-0000,Private      ,0,9,9,2,453,455
00235800,MACALESTER COLLEGE                      ,MN,55105-1899,Private      ,20,2,22,3653,151,3804
00236000,"MINNESOTA STATE UNIVERSITY, MANKATO     ",MN,56002-0000,Public       ,111,163,274,11943,4960,16903
00236100,MARTIN LUTHER COLLEGE                   ,MN,56073-3965,Private      ,0,1,1,659,69,728
00236200,MINNEAPOLIS COMM AND TECH COLLEGE       ,MN,55403-1779,Public       ,102,418,520,4407,11868,16275
00236500,MINNEAPOLIS COLLEGE OF ART & DESIGN     ,MN,55404-4343,Private      ,9,15,24,912,504,1416
00236600,CROSSROADS COLLEGE                      ,MN,55902-2382,Private      ,0,5,5,92,109,201
00236700,MINNESOTA STATE UNIVERSITY MOORHEAD     ,MN,56563-0001,Public       ,54,86,140,5375,2767,8142
00236900,NORTH CENTRAL UNIVERSITY                ,MN,55404-1391,Private      ,5,20,25,1378,458,1836
00237000,NORTH HENNEPIN COMMUNITY COLLEGE        ,MN,55445-2299,Public       ,99,238,337,3154,5972,9126
00237100,NORTHWESTERN COLLEGE                    ,MN,55113-1598,Private      ,12,50,62,2218,976,3194
00237300,ROCHESTER COMMUNITY/TECH COLLEGE        ,MN,55904-4999,Public       ,49,158,207,2855,4017,6872
00237500,SOUTHWEST MINNESOTA STATE UNIVERSITY    ,MN,56258-1598,Public       ,16,37,53,2111,1145,3256
00237700,ST CLOUD STATE UNIVERSITY               ,MN,56301-4498,Public       ,82,175,257,10412,5696,16108
00237900,SAINT JOHNS UNIVERSITY                  ,MN,56321-0000,Private      ,4,4,8,2067,120,2187
00238000,SAINT MARY'S UNIVERSITY                 ,MN,55987-1399,Private      ,11,161,172,1812,3411,5223
00238200,ST OLAF COLLEGE                         ,MN,55057-1098,Private      ,13,1,14,3975,104,4079
00238300,CROWN COLLEGE                           ,MN,55375-9001,Private      ,13,52,65,812,757,1569
00238500,NORTHLAND COMMUNITY & TECHNICAL CLG     ,MN,56701-2598,Public       ,22,77,99,1512,2325,3837
00238600,UNITED THEOLGCL SEMINRY TWIN CITIES     ,MN,55112-0000,Private      ,1,1,2,7,133,140
00238800,"UNIVERSITY OF MINNESOTA, DULUTH         ",MN,55812-2496,Public       ,72,70,142,10677,2455,13132
00238900,"UNIVERSITY OF MINNESOTA, MORRIS         ",MN,56267-2113,Public       ,17,9,26,2190,326,2516
00239100,WILLIAM MITCHELL COLLEGE OF LAW         ,MN,55105-0000,Private      ,1,6,7,4,1309,1313
00239300,MINNESOTA STATE COLLEGE-SE TECH         ,MN,55987-0409,Public       ,16,70,86,989,1825,2814
00239400,WINONA STATE UNIVERSITY                 ,MN,55987-5838,Public       ,54,52,106,7542,1682,9224
00396900,UNIVERSITY OF MINNESOTA-TWIN CITIES     ,MN,55455-0422,Public       ,246,529,775,32632,20070,52702
00400900,MESABI RANGE CMNTY & TECH COLLEGE       ,MN,55792-0000,Public       ,12,34,46,586,747,1333
00405708,NATIONAL AMERICAN UNIVERSITY            ,MN,55113-0000,Proprietary  ,1,21,22,38,319,357
00405715,NATIONAL AMERICAN UNIVERSITY - BLOOMINGT,MN,55425-5550,Proprietary  ,4,30,34,39,373,412
00406900,UNIVERSITY OF MINNESOTA-CROOKSTON       ,MN,56716-5001,Public       ,6,32,38,1185,739,1924
00438600,VETERAN'S MEDICAL CTR- SCH RAD TECH     ,MN,55417-2399,Public       ,0,3,3,4,22,26
00464100,DUNWOODY COLLEGE OF TECHNOLOGY          ,MN,55403-1192,Private      ,29,88,117,749,1472,2221
00464200,GLOBE UNIVERSITY                        ,MN,55125-5408,Proprietary  ,114,457,571,1615,5725,7340
00464500,MINNEAPOLIS BUSINESS COLLEGE            ,MN,55113-4036,Proprietary  ,1,4,5,429,193,622
00464600,MINNESOTA SCHOOL OF BUSINESS            ,MN,55423-0000,Proprietary  ,63,326,389,1839,6572,8411
00525200,RIDGEWATER COLLEGE                      ,MN,56201-2098,Public       ,41,96,137,2035,2301,4336
00526300,MINNESOTA WEST CMNTY & TECH COLG        ,MN,56241-1096,Public       ,21,84,105,899,1796,2695
00553300,"SAINT PAUL COLLEGE, COMMUNITY/TECHNICAL ",MN,55102-1800,Public       ,73,319,392,2881,8090,10971
00553400,SAINT CLOUD TECHNICAL COLLEGE AND COMMUN,MN,56303-1240,Public       ,47,127,174,2858,3321,6179
00553500,PINE TECHNICAL COLLEGE                  ,MN,55063-2198,Public       ,11,27,38,274,923,1197
00553700,SOUTH CENTRAL COLLEGE                   ,MN,56003-0000,Public       ,39,100,139,1773,2453,4226
00554100,MINNESOTA STATE COMMUNITY AND TECHNICAL ,MN,56573-1405,Public       ,57,136,193,2597,4302,6899
00554400,ALEXANDRIA TECHNICAL COLLEGE            ,MN,56308-3799,Public       ,14,26,40,1319,1142,2461
00575700,LAKE SUPERIOR COLLEGE                   ,MN,55811-3399,Public       ,45,118,163,2084,3329,5413
00575900,NORTHWEST TECHNICAL COLLEGE - BEMIDJI   ,MN,56601-4907,Public       ,7,49,56,449,1163,1612
00677500,RAINY RIVER COMMUNITY COLLEGE           ,MN,56649-2187,Public       ,2,4,6,149,151,300
00735000,ANOKA-HENNEPIN TECHNICAL COLLEGE        ,MN,55303-1590,Public       ,36,146,182,890,2969,3859
00735100,BROWN COLLEGE                           ,MN,55120-1004,Proprietary  ,19,63,82,595,1267,1862
00746200,COLLEGE OF VISUAL ARTS                  ,MN,55102-2199,Private      ,1,0,1,256,90,346
00795400,NORMANDALE COMMUNITY COLLEGE            ,MN,55431-4399,Public       ,88,244,332,4717,6172,10889
00826700,NORTHWEST TECHNICAL INSTITUTE           ,MN,55121-5001,Proprietary  ,0,2,2,80,68,148
00869400,RASMUSSEN COLLEGE - ST. CLOUD           ,MN,56301-3713,Proprietary  ,22,153,175,339,1745,2084
00869401,RASMUSSEN COLLEGE - BROOKLYN PARK       ,MN,55445-1512,Proprietary  ,8,100,108,289,1672,1961
00869406,RASMUSSEN COLLEGE - EAGAN               ,MN,55122-1346,Proprietary  ,17,121,138,282,1548,1830
00869407,RASMUSSEN COLLEGE - BLOOMINGTON         ,MN,55435-5444,Proprietary  ,35,368,403,476,4773,5249
00869409,RASMUSSEN COLLEGE - MANKATO             ,MN,56001-8658,Proprietary  ,7,97,104,311,1288,1599
00869412,RASMUSSEN COLLEGE - LAKE ELMO           ,MN,55042-8624,Proprietary  ,13,106,119,179,1091,1270
00869416,RASMUSSEN COLLEGE - MOORHEAD            ,MN,56560-4513,Proprietary  ,4,82,86,229,1069,1298
00869417,RASMUSSEN COLLEGE - BLAINE              ,MN,55014-0000,Proprietary  ,17,91,108,183,832,1015
00905800,BETHEL UNIVERSITY                       ,MN,55112-6999,Private      ,22,188,210,3348,2627,5975
00960000,COSMETOLOGY CAREERS UNLTD-DULUTH        ,MN,55802-2031,Proprietary  ,2,8,10,26,65,91
00972200,EMPIRE BEAUTY SCHOOL                    ,MN,55119-7003,Proprietary  ,10,37,47,83,374,457
00974000,INVER HILLS COMMUNITY COLLEGE           ,MN,55076-3224,Public       ,58,176,234,2561,4217,6778
00983100,MODEL COLLEGE OF HAIR DESIGN            ,MN,56301-4280,Proprietary  ,14,26,40,143,152,295
00987000,EMPIRE BEAUTY SCHOOL                    ,MN,55420-2919,Proprietary  ,7,46,53,152,427,579
00989200,"DULUTH BUSINESS UNIV, INC.              ",MN,55807-0000,Proprietary  ,2,41,43,146,507,653
00999200,OAK HILLS CHRISTIAN COLLEGE             ,MN,56601-0000,Private      ,2,1,3,115,63,178
01024800,ART INSTITUTES INTL MINNESOTA           ,MN,55402-3137,Proprietary  ,54,144,198,1750,1710,3460
01035602,EVEREST INSTITUTE - EAGAN               ,MN,55121-1696,Proprietary  ,15,93,108,157,744,901
01037400,METROPOLITAN STATE UNIVERSITY           ,MN,55106-5000,Public       ,33,262,295,1928,8694,10622
01040200,DAKOTA COUNTY TECHNICAL COLLEGE         ,MN,55068-2999,Public       ,32,96,128,1258,2646,3904
01049000,REGENCY BEAUTY INSTITUTE                ,MN,55428-0000,Proprietary  ,467,1122,1589,4126,9537,13663
01049100,HENNEPIN TECHNICAL COLLEGE              ,MN,55445-2399,Public       ,56,262,318,2139,6428,8567
01054600,CENTURY COLLEGE                         ,MN,55110-1894,Public       ,116,337,453,5423,8540,13963
01173200,"MAYO CLINIC, COLLEGE OF MEDICINE        ",MN,55905-0000,Private      ,1,9,10,36,356,392
01173201,MAYO SCHOOL OF HEALTH-RELATED SCIEN     ,MN,55905-0000,Private      ,2,4,6,69,205,274
01173206,MAYO GRAD SCHOOL                        ,MN,55901-0000,Private      ,0,1,1,3,52,55
01173207,MAYO MEDICAL SCHOOL                     ,MN,55901-0000,Private      ,2,4,6,12,217,229
01232800,NORTHWESTERN HEALTH SCIENCES UNIV       ,MN,55431-1599,Private      ,4,14,18,81,907,988
02050300,ACADEMY COLLEGE                         ,MN,55420-1554,Proprietary  ,3,22,25,57,279,336
02097300,HASTINGS BEAUTY SCHOOL                  ,MN,55033-1205,Proprietary  ,1,6,7,37,46,83
02123200,AVEDA INSTITUTE                         ,MN,55414-0000,Proprietary  ,22,52,74,452,525,977
02159800,COSMETOLOGY CAREERS UNLTD - HIBBING     ,MN,55746-0000,Proprietary  ,0,4,4,14,42,56
02160901,"SALON PROFESSIONAL ACADEMY, THE - THE SA",MN,55428-4928,Proprietary  ,2,7,9,31,89,120
02238100,MINNESOTA SCHOOL OF COSMETOLOGY         ,MN,55125-0000,Proprietary  ,14,46,60,172,307,479
02260500,SUMMIT ACAD OPPORTUNITIES IND CTR       ,MN,55405-0000,Private      ,17,98,115,62,479,541
02263102,ANTHEM COLLEGE - ST. LOUIS PARK         ,MN,55416-2467,Proprietary  ,2,6,8,30,114,144
02504200,WALDEN UNIVERSITY                       ,MN,55401-2511,Proprietary  ,26,4744,4770,266,56087,56353
02514100,AMERICAN INDIAN OPPORTUNITIES CTR       ,MN,55404-0000,Private      ,4,40,44,21,248,269
03001200,MCNALLY SMITH COLLEGE OF MUSIC          ,MN,55101-2220,Proprietary  ,19,8,27,810,335,1145
03051900,ALFRED ADLER GRADUATE SCHOOL            ,MN,55305-0000,Private      ,0,27,27,2,350,352
03096400,LEECH LAKE TRIBAL COLLEGE               ,MN,56633-0000,Public       ,3,18,21,42,266,308
03129100,FOND DU LAC TRIBAL & COMMUNITY CLG      ,MN,55720-2984,Public       ,20,71,91,569,1150,1719
03267300,CAPELLA UNIVERSITY                      ,MN,55402-3389,Proprietary  ,14,2794,2808,210,53787,53997
03833300,AMERICAN ACADEMY OF ACUPUNCTURE AND ORIE,MN,55113-0000,Proprietary  ,0,5,5,4,112,116
03921400,WHITE EARTH TRIBAL AND COMMUNITY COLLEGE,MN,56557-0478,Private      ,0,15,15,23,163,186
04044300,HAZELDEN GRADUATE SCHOOL OF ADDICTION ST,MN,55012-0000,Private      ,0,12,12,4,177,181
04130200,INST. OF PRODUCTION AND RECORDING       ,MN,55401-1315,Proprietary  ,17,39,56,490,454,944
04148800,CENTERPOINT MASSAGE & SHIATSU THERAPY SC,MN,55414-4525,Proprietary  ,8,36,44,47,181,228
04157600,NOVA ACADEMY OF COSMETOLOGY             ,MN,55906-4103,Proprietary  ,2,9,11,40,122,162
04160000,ALLURE SCHOOL OF COSMETOLOGY            ,MN,55066-2086,Proprietary  ,0,0,0,21,41,62
04160500,AVALON SCHOOL OF COSMETOLOGY            ,MN,56187-1930,Proprietary  ,2,2,4,23,43,66
04174400,ROCHESTER SCHOOL OF HAIR DESIGN         ,MN,55901-4310,Proprietary  ,4,8,12,19,45,64
04175600,PARK AVENUE SCHOOL OF COSMETOLOGY       ,MN,56470-3361,Proprietary  ,5,15,20,11,42,53
00239600,ALCORN STATE UNIVERSITY                 ,MS,39096-7500,Public       ,140,145,285,4223,4383,8606
00239700,BELHAVEN UNIVERSITY                     ,MS,39202-1789,Private      ,33,294,327,1560,4510,6070
00239800,BLUE MOUNTAIN COLLEGE                   ,MS,38610-9370,Private      ,4,11,15,534,408,942
00240100,COAHOMA COMMUNITY COLLEGE               ,MS,38614-9799,Public       ,113,190,303,1896,3297,5193
00240200,COPIAH-LINCOLN COMMUNITY COLLEGE        ,MS,39191-0649,Public       ,116,147,263,2461,3196,5657
00240300,DELTA STATE UNIVERSITY                  ,MS,38733-0000,Public       ,91,142,233,3171,3585,6756
00240400,EAST CENTRAL COMMUNITY COLLEGE          ,MS,39327-0129,Public       ,55,120,175,2041,2731,4772
00240500,EAST MISSISSIPPI COMM COLLEGE           ,MS,39358-0000,Public       ,147,210,357,3156,4788,7944
00240700,HINDS COMMUNITY COLLEGE                 ,MS,39154-9799,Public       ,344,596,940,8295,14319,22614
00240800,HOLMES COMMUNITY COLLEGE                ,MS,39079-0000,Public       ,201,335,536,4333,7152,11485
00240900,ITAWAMBA COMMUNITY COLLEGE              ,MS,38843-1099,Public       ,131,336,467,4394,6865,11259
00241000,JACKSON STATE UNIVERSITY                ,MS,39217-0001,Public       ,226,361,587,8619,11148,19767
00241100,JONES COUNTY JUNIOR COLLEGE             ,MS,39437-3999,Public       ,106,175,281,3913,3549,7462
00241300,MERIDIAN COMMUNITY COLLEGE              ,MS,39307-5890,Public       ,82,206,288,2435,3634,6069
00241400,MILLSAPS COLLEGE                        ,MS,39201-0000,Private      ,12,41,53,1519,626,2145
00241500,MISSISSIPPI COLLEGE                     ,MS,39058-0001,Private      ,48,125,173,2853,3827,6680
00241501,MISSISSIPPI COLLEGE - SCHOOL OF LAW     ,MS,39201-1391,Private      ,2,27,29,77,1009,1086
00241600,MISSISSIPPI DELTA CMTY COLLEGE          ,MS,38761-0000,Public       ,117,160,277,2338,2875,5213
00241700,MISSISSIPPI GULF CST CLG-PERKINSTON     ,MS,39573-0000,Public       ,70,69,139,2120,1451,3571
00241701,MISSISSIPPI GULF CST CLG-JEFF DAVIS     ,MS,39507-0000,Public       ,66,225,291,2139,4707,6846
00241702,MISSISSIPPI GULF CST CLG-JACKSON CN     ,MS,39553-0000,Public       ,80,188,268,1991,3301,5292
00242200,MISSISSIPPI UNIV FOR WOMEN              ,MS,39701-5818,Public       ,45,107,152,1757,2830,4587
00242300,MISSISSIPPI STATE UNIVERSITY            ,MS,39762-9698,Public       ,322,298,620,16576,8871,25447
00242400,MISSISSIPPI VALLEY STATE UNIVERSITY     ,MS,38941-1400,Public       ,140,127,267,3125,3469,6594
00242600,NORTHEAST MS CMNTY COLLEGE              ,MS,38829-1731,Public       ,75,93,168,2960,2930,5890
00242700,NORTHWEST MISSISSIPPI COMMUNITY CLG     ,MS,38668-1703,Public       ,204,277,481,5999,6412,12411
00243000,PEARL RIVER COMMUNITY COLLEGE           ,MS,39470-2201,Public       ,134,223,357,3516,4905,8421
00243300,RUST COLLEGE                            ,MS,38635-2328,Private      ,28,22,50,1169,732,1901
00243500,SOUTHEASTERN BAPTIST COLLEGE            ,MS,39440-0000,Private      ,1,3,4,28,88,116
00243600,SOUTHWEST MISSISSIPPI CMNTY CLG         ,MS,39666-8099,Public       ,44,65,109,1546,1864,3410
00243900,TOUGALOO COLLEGE                        ,MS,39174-9799,Private      ,36,38,74,1669,866,2535
00244000,UNIVERSITY OF MISSISSIPPI               ,MS,38677-1848,Public       ,265,271,536,14396,8143,22539
00244001,UNIVERSITY OF MISSISSIPPI - MED CTR     ,MS,39216-0000,Public       ,8,57,65,617,2269,2886
00244100,UNIVERSITY OF SOUTHERN MISSISSIPPI      ,MS,39406-0001,Public       ,281,507,788,12317,11428,23745
00244700,WILLIAM CAREY UNIVERSITY                ,MS,39401-5499,Private      ,70,315,385,1594,4569,6163
00489809,MCCANN SCHOOL OF BUSINESS & TECHNOLOGY -,MS,39503-3167,Proprietary  ,0,10,10,1,27,28
01289101,ANTONELLI COLLEGE - JACKSON             ,MS,39232-9514,Proprietary  ,16,136,152,221,1507,1728
01289102,ANTONELLI COLLEGE - HATTIESBURG         ,MS,39401-3056,Proprietary  ,19,59,78,192,817,1009
02074900,CHRIS' BEAUTY COLLEGE                   ,MS,39501-0000,Proprietary  ,5,22,27,55,164,219
02160500,NORTH MISSISSIPPI MED CTR MED TECH      ,MS,38801-0000,Private      ,1,8,9,38,160,198
02235900,ACADEMY OF HAIR DESIGN #4               ,MS,39208-0000,Proprietary  ,3,17,20,75,210,285
02244300,ACADEMY OF HAIR DESIGN #1               ,MS,38901-0000,Proprietary  ,9,40,49,105,334,439
02249900,DELTA BEAUTY COLLEGE                    ,MS,38701-0000,Proprietary  ,4,15,19,59,142,201
02251600,ACADEMY OF HAIR DESIGN #6               ,MS,39401-7581,Proprietary  ,8,17,25,123,299,422
02251700,FOSTER'S COSMETOLOGY COLLEGE            ,MS,38663-0000,Proprietary  ,1,6,7,12,33,45
02302800,MISSISSIPPI COLLEGE OF BEAUTY CULT      ,MS,39440-0000,Proprietary  ,6,16,22,42,129,171
02320800,MAGNOLIA COLLEGE OF COSMETOLOGY         ,MS,39206-0000,Proprietary  ,4,32,36,90,308,398
02502100,CREATIONS COLLEGE OF COSMETOLOGY        ,MS,38803-0000,Proprietary  ,1,9,10,56,154,210
02516200,WESLEY BIBLICAL SEMINARY                ,MS,39206-0000,Private      ,0,7,7,6,126,132
02586000,J & J HAIR DESIGN COLLEGE               ,MS,39051-3716,Proprietary  ,5,22,27,52,219,271
03004000,FINAL TOUCH BEAUTY SCHOOL               ,MS,39307-2934,Proprietary  ,3,11,14,27,108,135
03010603,VIRGINIA COLLEGE - JACKSON              ,MS,39206-5602,Proprietary  ,11,112,123,241,1317,1558
03010610,VIRGINIA COLLEGE - BILOXI               ,MS,39532-2124,Proprietary  ,4,35,39,136,1090,1226
03263300,TRAXLER'S SCHOOL OF HAIR                ,MS,39212-2529,Proprietary  ,5,16,21,27,108,135
03464300,ACADEMY OF HAIR DESIGN                  ,MS,39562-0000,Proprietary  ,2,18,20,24,124,148
03525300,BLUE CLIFF COLLEGE                      ,MS,39507-0000,Proprietary  ,17,76,93,180,835,1015
03848300,DAY SPA CAREER COLLEGE                  ,MS,39564-0000,Proprietary  ,4,10,14,34,151,185
03963300,HEALING TOUCH SCHOOL OF MASSAGE THERAPY ,MS,39402-1300,Proprietary  ,5,30,35,24,161,185
04131300,CORINTH ACADEMY OF COSMETOLOGY          ,MS,38834-4813,Proprietary  ,6,11,17,32,145,177
04137400,MISSISSIPPI SCHOOL OF THERAPEUTIC MASSAG,MS,39216-5023,Proprietary  ,1,2,3,18,88,106
04140200,"MISSISSIPPI INSTITUTE OF AESTHETICS, NAI",MS,39056-5628,Proprietary  ,3,8,11,42,108,150
00252600,CARROLL COLLEGE                         ,MT,59625-0002,Private      ,22,12,34,1857,361,2218
00252700,UNIVERSITY OF GREAT FALLS               ,MT,59405-4996,Private      ,8,29,37,722,807,1529
00252800,MILES COMMUNITY COLLEGE                 ,MT,59301-4799,Public       ,9,9,18,306,292,598
00252900,DAWSON COMMUNITY COLLEGE                ,MT,59330-1405,Public       ,8,5,13,285,194,479
00253000,MONTANA STATE UNIVERSITY - BILLINGS     ,MT,59101-0298,Public       ,44,169,213,2949,4358,7307
00253100,MONTANA TECH OF THE UNIV OF MONTANA     ,MT,59701-8997,Public       ,23,47,70,1627,1604,3231
00253200,MONTANA STATE UNIVERSITY - BOZEMAN      ,MT,59717-0001,Public       ,143,209,352,10950,5682,16632
00253300,MONTANA STATE UNIVERSITY-NORTHERN       ,MT,59501-3148,Public       ,12,34,46,839,958,1797
00253400,ROCKY MOUNTAIN COLLEGE                  ,MT,59102-1796,Private      ,11,20,31,1234,493,1727
00253600,UNIVERSITY OF MONTANA (THE)             ,MT,59812-0001,Public       ,135,278,413,9372,9400,18772
00253700,UNIVERSITY OF MONTANA WESTERN (THE)     ,MT,59725-3598,Public       ,14,13,27,1279,716,1995
00677700,FLATHEAD VALLEY COMMUNITY COLLEGE       ,MT,59901-2699,Public       ,24,117,141,979,2169,3148
00757000,HELENA COLLEGE OF TECHNOLOGY            ,MT,59601-3098,Public       ,18,65,83,525,1436,1961
00790000,BUTTE ACADEMY OF BEAUTY CULTURE         ,MT,59701-9197,Proprietary  ,1,9,10,25,60,85
00894700,"DAHL'S COLLEGE OF BEAUTY,INC            ",MT,59401-3731,Proprietary  ,1,7,8,26,77,103
00931400,MSU COLLEGE OF TECH-GREAT FALLS         ,MT,59405-4907,Public       ,25,104,129,716,1917,2633
02143400,SALISH KOOTENAI COLLEGE                 ,MT,59855-0000,Public       ,19,88,107,377,1286,1663
02286600,LITTLE BIG HORN COLLEGE                 ,MT,59022-0000,Public       ,11,48,59,135,294,429
02343000,FT PECK COMMUNITY COLLEGE               ,MT,59255-0000,Public       ,5,32,37,98,276,374
02510600,BLACKFEET COMMUNITY COLLEGE             ,MT,59417-0000,Private      ,17,81,98,172,492,664
02517500,FORT BELKNAP COLLEGE                    ,MT,59526-0000,Public       ,11,33,44,60,194,254
02545200,CHIEF DULL KNIFE COLLEGE                ,MT,59043-0098,Public       ,4,39,43,77,205,282
02610900,STONE CHILD COLLEGE                     ,MT,59521-9796,Public       ,12,45,57,85,300,385
02621300,ACADEMY OF COSMETOLOGY                  ,MT,59715-3544,Proprietary  ,1,3,4,54,72,126
03205300,MODERN BEAUTY SCHOOL                    ,MT,59801-8386,Proprietary  ,1,9,10,56,100,156
03763400,"ACADEMY OF NAIL, SKIN & HAIR            ",MT,59101-0000,Proprietary  ,6,22,28,93,190,283
03778300,HEALTH WORKS INSTITUTE                  ,MT,59715-0000,Proprietary  ,2,11,13,28,79,107
04163700,BITTERROOT SCHOOL OF COSMETOLOGY        ,MT,59840-3118,Proprietary  ,3,6,9,18,49,67
04164100,SALON PROFESSIONAL ACADEMY (THE)        ,MT,59405-0000,Proprietary  ,7,13,20,70,135,205
04187700,CREVIER'S SCHOOL OF COSMETOLOGY         ,MT,59901-4402,Proprietary  ,5,23,28,44,127,171
00253900,CHADRON STATE COLLEGE                   ,NE,69337-2690,Public       ,15,57,72,1791,1310,3101
00254000,COLLEGE OF ST MARY                      ,NE,68106-2606,Private      ,6,39,45,520,1260,1780
00254100,CONCORDIA UNIVERSITY                    ,NE,68434-1594,Private      ,3,79,82,1404,666,2070
00254200,CREIGHTON UNIVERSITY                    ,NE,68178-0001,Private      ,40,116,156,5292,5401,10693
00254400,DOANE COLLEGE                           ,NE,68333-2421,Private      ,12,97,109,1647,1313,2960
00254700,GRACE UNIVERSITY                        ,NE,68108-3629,Private      ,3,18,21,344,356,700
00254800,HASTINGS COLLEGE                        ,NE,68901-7621,Private      ,12,9,21,1573,208,1781
00255100,UNIVERSITY OF NEBRASKA AT KEARNEY       ,NE,68849-0001,Public       ,30,97,127,4535,2271,6806
00255300,MIDLAND UNIVERSITY                      ,NE,68025-4254,Private      ,8,10,18,1204,352,1556
00255400,UNIVERSITY OF NEBRASKA-OMAHA            ,NE,68182-0001,Public       ,118,291,409,9034,7532,16566
00255500,NEBRASKA WESLEYAN UNIVERSITY            ,NE,68504-2796,Private      ,16,29,45,1881,635,2516
00255700,MID-PLAINS COMM COLLEGE - NORTH PLATTE  ,NE,69101-9420,Public       ,17,72,89,546,836,1382
00255701,MID-PLAINS COMMUNITY COLLEGE - MCCOOK   ,NE,69001-2631,Public       ,5,18,23,272,250,522
00255900,PERU STATE COLLEGE                      ,NE,68421-0010,Public       ,9,49,58,990,1109,2099
00256000,WESTERN NEBRASKA COMMUNITY COLLEGE      ,NE,69361-1815,Public       ,24,71,95,772,1290,2062
00256300,UNION COLLEGE                           ,NE,68506-4387,Private      ,9,13,22,850,398,1248
00256500,UNIVERSITY OF NEBRASKA-LINCOLN          ,NE,68588-0419,Public       ,133,142,275,16018,6093,22111
00256596,UNIVERSITY OF NEBRASKA - CURTIS         ,NE,69025-9522,Public       ,3,7,10,256,66,322
00256600,WAYNE STATE COLLEGE                     ,NE,68787-1172,Public       ,26,32,58,3004,1040,4044
00256700,YORK COLLEGE                            ,NE,68467-2699,Private      ,3,5,8,579,183,762
00443600,REGNL WST MEDCL CTR SCHL RAD            ,NE,69361-0000,Private      ,0,0,0,17,15,32
00458608,KAPLAN UNIVERSITY - OMAHA               ,NE,68134-1002,Proprietary  ,11,140,151,169,1696,1865
00458609,KAPLAN UNIVERSITY - LINCOLN             ,NE,68508-2668,Proprietary  ,9,96,105,136,1010,1146
00639900,BRYANLGH COLLEGE OF HEALTH SCIENCES     ,NE,68506-1398,Private      ,2,8,10,412,356,768
00640400,NEBR METHODIST CLG OF NURS ALLD HLTH    ,NE,68114-2852,Private      ,9,46,55,465,921,1386
00689500,UNIVERSITY OF NEBRASKA-MED CTR          ,NE,68198-4265,Public       ,9,57,66,643,2633,3276
00750100,VATTEROTT COLLEGE                       ,NE,68137-1237,Proprietary  ,31,173,204,296,1410,1706
00849200,ALEGENT HEALTH SCHOOLS                  ,NE,68114-2767,Private      ,2,19,21,40,195,235
00952300,BAHNER COLLEGE OF HAIRSTYLING           ,NE,68025-3297,Proprietary  ,1,10,11,23,52,75
00961700,CAPITOL BEAUTY SCHOOL                   ,NE,68144-0000,Proprietary  ,8,16,24,148,212,360
00974300,BELLEVUE UNIVERSITY                     ,NE,68005-0000,Private      ,31,781,812,865,9215,10080
00986200,CLARKSON COLLEGE                        ,NE,68131-2739,Private      ,6,51,57,510,1299,1809
01151900,JOSEPH'S COLLEGE OF BEAUTY/ALL CAMPUSES ,NE,68510-2226,Proprietary  ,10,48,58,161,425,586
01166700,NORTHEAST COMMUNITY COLLEGE             ,NE,68702-0000,Public       ,36,90,126,1868,1654,3522
01258600,METROPOLITAN COMMUNITY COLLEGE          ,NE,68103-0000,Public       ,255,1069,1324,5699,15531,21230
01297600,NEBRASKA CHRISTIAN COLLEGE              ,NE,68046-4256,Private      ,1,1,2,132,66,198
02079700,COLLEGE OF HAIR DESIGN                  ,NE,68508-0000,Proprietary  ,9,21,30,202,282,484
02099500,CENTRAL COMMUNITY COLLEGE- GI           ,NE,68801-0000,Public       ,18,112,130,757,1782,2539
02099501,CENTRAL COMMUNITY COLLEGE - HASTINGS    ,NE,68902-0000,Public       ,17,59,76,1064,1034,2098
02099502,CENTRAL COMMUNITY COLLEGE - COLUMBUS    ,NE,68602-0000,Public       ,8,55,63,538,674,1212
02508300,SOUTHEAST COMM. COLLEGE-ALL CAMPUSES    ,NE,68520-0000,Public       ,164,467,631,5429,7947,13376
02550800,NEBRASKA INDIAN COMMUNITY COLLEGE       ,NE,68039-0000,Public       ,3,22,25,24,167,191
02610500,XENON INTERNATIONAL ACADEMY II          ,NE,68127-3522,Proprietary  ,13,29,42,220,302,522
03164300,THE CREATIVE CENTER                     ,NE,68164-2911,Proprietary  ,1,5,6,165,65,230
03279300,MYOTHERAPY INSTITUTE                    ,NE,68516-3641,Proprietary  ,0,0,0,27,56,83
03323300,LITTLE PRIEST TRIBAL COLLEGE            ,NE,68071-0000,Private      ,4,19,23,42,154,196
03821400,UNIVERSAL COLLEGE OF HEALING ARTS       ,NE,68112-1810,Proprietary  ,0,9,9,18,90,108
00256800,UNIVERSITY OF NEVADA RENO               ,NV,89557-0002,Public       ,257,267,524,12023,7132,19155
00256900,UNIVERSITY OF NEVADA-LAS VEGAS          ,NV,89154-1001,Public       ,363,688,1051,16304,18024,34328
00697700,GREAT BASIN COLLEGE                     ,NV,89801-3348,Public       ,37,88,125,677,1606,2283
00732954,ITT TECHNICAL INSTITUTE                 ,NV,89014-6712,Proprietary  ,30,79,109,366,1135,1501
00736700,MARINELLO SCHOOLS OF BEAUTY             ,NV,89110-3563,Proprietary  ,23,82,105,239,626,865
00736701,MARINELLO SCHOOLS OF BEAUTY -           ,NV,89014-2244,Proprietary  ,3,31,34,3,31,34
00737100,MARINELLO SCHOOL OF BEAUTY              ,NV,89502-6530,Proprietary  ,23,60,83,161,422,583
00844103,ANTHEM INSTITUTE - MORRISON UNIVERSITY  ,NV,89521-4826,Proprietary  ,7,27,34,42,289,331
00919200,SIERRA NEVADA COLLEGE                   ,NV,89451-0000,Private      ,10,54,64,550,654,1204
01036200,COLLEGE OF SOUTHERN NEVADA              ,NV,89146-1139,Public       ,596,1608,2204,14775,29489,44264
01036300,WESTERN NEVADA COLLEGE                  ,NV,89703-0000,Public       ,74,180,254,1305,3428,4733
01323200,ACADEMY OF HAIR DESIGN                  ,NV,89146-1617,Proprietary  ,14,49,63,162,382,544
02107700,TRUCKEE MEADOWS COMMUNITY CLG           ,NV,89512-0000,Public       ,160,491,651,4513,9542,14055
02237500,EVEREST COLLEGE                         ,NV,89103-0000,Proprietary  ,43,232,275,665,1982,2647
02338512,GLENDALE CAREER COLLEGE - NEVADA CAREER ,NV,89131-3268,Proprietary  ,2,14,16,37,167,204
02616703,SCOTTSDALE CULINARY INSTITUTE - LE CORDO,NV,89144-7047,Proprietary  ,12,47,59,176,544,720
02621500,CAREER COLLEGE OF NORTHERN NEVADA       ,NV,89434-7905,Proprietary  ,21,90,111,191,968,1159
03030603,UTAH CLG OF MASSAGE THERAPY-NSMT        ,NV,89123-0000,Proprietary  ,18,64,82,202,446,648
03031405,INTERNATIONAL ACADEMY OF DESIGN AND TECH,NV,89074-7750,Proprietary  ,29,57,86,461,849,1310
03043200,KAPLAN COLLEGE                          ,NV,89102-8618,Proprietary  ,63,289,352,514,2365,2879
03076404,BRYMAN SCHOOL OF ARIZONA (THE) - ANTHEM ,NV,89102-4514,Proprietary  ,11,25,36,51,152,203
03088200,CARSON CITY BEAUTY ACADEMY              ,NV,89706-0000,Proprietary  ,5,25,30,40,162,202
03110000,ACADEMY OF HEALING ARTS                 ,NV,89106-4031,Proprietary  ,0,0,0,126,330,456
03232306,EUPHORIA INSTITUTE - SUMMERLIN          ,NV,89117-8803,Proprietary  ,15,48,63,162,370,532
03232307,EUPHORIA INSTITUTE - GREEN VALLEY       ,NV,89052-4964,Proprietary  ,11,38,49,122,300,422
03232308,EUPHORIA INSTITUTE - ALIANTE            ,NV,89131-1036,Proprietary  ,14,22,36,152,351,503
03787300,EXPERTISE SCHOOL OF BEAUTY              ,NV,89106-2516,Private      ,5,39,44,81,310,391
03838500,NORTHWEST HEALTH CAREERS                ,NV,89128-0255,Proprietary  ,21,94,115,157,568,725
03975300,INSTITUTE OF PROFESSIONAL CAREERS       ,NV,89119-7825,Proprietary  ,2,30,32,77,338,415
04051303,ART INSTITUTE OF PHOENIX (THE) - ART INS,NV,89074-7737,Proprietary  ,13,31,44,1025,1114,2139
04065300,UNIVERSITY OF SOUTHERN NEVADA           ,NV,89014-2333,Private      ,24,49,73,456,2107,2563
04114300,NEVADA STATE COLLEGE                    ,NV,89002-9455,Public       ,68,159,227,1669,3252,4921
04142601,TOURO UNIVERSITY - NEVADA               ,NV,89014-8800,Private      ,2,25,27,66,820,886
04144800,INTERNATIONAL ACADEMY OF STYLE          ,NV,89509-3450,Proprietary  ,4,20,24,70,193,263
04147600,AVEDA INSTITUTE LAS VEGAS               ,NV,89119-6103,Proprietary  ,7,23,30,124,300,424
04171000,ADVANCED TRAINING INSTITUTE             ,NV,89115-7504,Proprietary  ,11,62,73,88,482,570
04186300,PAUL MITCHELL THE SCHOOL LAS VEGAS      ,NV,89123-8014,Proprietary  ,21,53,74,187,291,478
04190300,AMERICAN INSTITUTE OF MEDICAL SONOGRAPHY,NV,89146-6597,Proprietary  ,7,31,38,8,47,55
04191100,DESTINATION ACADEMY FOR SPA AND SALON PR,NV,89147-8397,Proprietary  ,8,22,30,10,29,39
04203100,PAUL MITCHELL THE SCHOOL RENO           ,NV,89501-3356,Proprietary  ,27,33,60,41,46,87
00257200,COLBY-SAWYER COLLEGE                    ,NH,03257-4648,Private      ,15,6,21,2815,129,2944
00257300,DARTMOUTH COLLEGE                       ,NH,03755-3529,Private      ,76,27,103,12147,1944,14091
00257500,FRANKLIN PIERCE UNIVERSITY              ,NH,03461-0060,Private      ,24,49,73,2680,1391,4071
00257900,NEW ENGLAND COLLEGE                     ,NH,03242-3293,Private      ,22,112,134,1541,1190,2731
00258000,SOUTHERN NEW HAMPSHIRE UNIVERSITY       ,NH,03106-1045,Private      ,116,1208,1324,5472,9563,15035
00258100,NHTI  - CONCORD'S COMMUNITY COLLEGE     ,NH,03301-7412,Public       ,68,96,164,2898,2327,5225
00258200,MANCHESTER COMMUNITY COLLEGE            ,NH,03102-8518,Public       ,36,101,137,1439,1932,3371
00258300,GREAT BAY COMMUNITY COLLEGE             ,NH,03801-0000,Public       ,35,73,108,953,1372,2325
00258600,RIVIER COLLEGE                          ,NH,03060-5086,Private      ,10,52,62,1351,1189,2540
00258700,SAINT ANSELM COLLEGE                    ,NH,03102-1310,Private      ,20,13,33,4268,169,4437
00258900,UNIVERSITY OF NEW HAMPSHIRE             ,NH,03824-2511,Public       ,98,108,206,20857,4136,24993
00259000,KEENE STATE COLLEGE                     ,NH,03431-0000,Public       ,44,24,68,8559,798,9357
00259100,PLYMOUTH STATE UNIVERSITY               ,NH,03264-1595,Public       ,43,80,123,7135,1751,8886
00301004,ANTIOCH UNIVERSITY                      ,NH,03431-0000,Private      ,0,12,12,7,926,933
00472900,HESSER COLLEGE                          ,NH,03103-7230,Proprietary  ,31,122,153,590,1348,1938
00472901,HESSER COLLEGE - NASHUA CAMPUS          ,NH,03063-1286,Proprietary  ,7,62,69,188,641,829
00472904,HESSER COLLEGE - PORTSMOUTH CAMPUS      ,NH,03801-3245,Proprietary  ,22,82,104,197,768,965
00472905,HESSER COLLEGE - SALEM CAMPUS           ,NH,03079-2842,Proprietary  ,16,61,77,265,769,1034
00472906,HESSER COLLEGE - CONCORD CAMPUS         ,NH,03301-3415,Proprietary  ,12,49,61,122,601,723
00473100,DANIEL WEBSTER COLLEGE                  ,NH,03063-1300,Proprietary  ,8,14,22,806,242,1048
00473300,CHESTER COLLEGE OF NEW ENGLAND          ,NH,03036-4331,Private      ,2,3,5,199,41,240
00529100,WHITE MOUNTAINS COMMUNITY COLLEGE       ,NH,03570-3799,Public       ,16,44,60,434,766,1200
00702500,LEBANON COLLEGE                         ,NH,03766-0000,Private      ,0,6,6,30,107,137
00755500,LAKES REGION COMMUNITY COLLEGE          ,NH,03246-1326,Public       ,24,42,66,671,772,1443
00756000,RIVER VALLEY COMMUNITY COLLEGE          ,NH,03743-9707,Public       ,13,32,45,382,944,1326
00849300,CONTINENTAL ACADEMIE OF HAIR DESIGN     ,NH,03103-4901,Proprietary  ,1,2,3,19,26,45
00864500,EMPIRE BEAUTY SCHOOL                    ,NH,03220-0000,Proprietary  ,16,26,42,119,170,289
00923600,NASHUA COMMUNITY COLLEGE                ,NH,03063-2052,Public       ,37,66,103,1195,1299,2494
01318900,CONTINENTAL ACADEMIE OF HAIR DESIGN     ,NH,03051-3754,Proprietary  ,5,2,7,55,46,101
02097900,UNIVERSITY NEW HAMPSHIRE SCHOOL OF LAW  ,NH,03301-0000,Private      ,0,4,4,71,759,830
02140400,ST JOSEPH SCH OF PRAC NRSG              ,NH,03060-0000,Private      ,0,12,12,55,198,253
02174800,MICHAEL'S SCHOOL OF HAIR DESIGN & ESTHET,NH,03110-0000,Proprietary  ,6,13,19,105,96,201
02179600,EMPIRE BEAUTY SCHOOL                    ,NH,03878-0000,Proprietary  ,24,30,54,125,160,285
02211600,PORTSMOUTH BTY SCH OF HAIR DESIGN       ,NH,03801-4084,Proprietary  ,0,4,4,21,24,45
02223300,MAGDALEN COLLEGE                        ,NH,03278-4012,Private      ,0,1,1,57,6,63
02245400,KEENE BEAUTY ACADEMY                    ,NH,03431-0000,Proprietary  ,2,7,9,29,51,80
02247000,NEW ENGLAND SCHOOL OF HAIR DESIGN       ,NH,03784-0000,Proprietary  ,3,8,11,39,63,102
03043100,THOMAS MORE COLLEGE OF LIBERAL ARTS     ,NH,03054-4818,Private      ,0,0,0,85,18,103
03101300,GRANITE STATE COLLEGE                   ,NH,03301-6400,Public       ,11,146,157,364,2039,2403
03182300,NEW HAMPSHIRE INSTITUTE OF ART          ,NH,03104-4858,Private      ,5,8,13,735,131,866
03437300,UPPER VALLEY TEACHER TRANING PROGRAM    ,NH,03766-1358,Private      ,0,2,2,1,49,50
03729300,NH INSTITUTE FOR THERAPEUTIC ARTS       ,NH,03051-4906,Proprietary  ,2,2,4,15,47,62
04162200,LAIRD INSTITUTE OF SPA THERAPY          ,NH,03102-5263,Proprietary  ,5,10,15,19,72,91
00267000,BAPTIST BIBLE COLG OF PENNSYLVANIA      ,PA,18411-1297,Private      ,3,26,29,660,362,1022
00322800,BRYN ATHYN COLLEGE OF THE NEW CHURCH    ,PA,19009-0717,Private      ,2,2,4,286,37,323
00322900,ALBRIGHT COLLEGE                        ,PA,19612-5234,Private      ,28,58,86,4026,1355,5381
00323000,ALLEGHENY COLLEGE                       ,PA,16335-3902,Private      ,28,6,34,3718,146,3864
00323100,COMM CLG OF ALLEGHENY-ALLEGHENY CMP     ,PA,15212-0000,Public       ,99,385,484,3483,6809,10292
00323101,"COMM CLG OF ALLEGHENY, BOYCE CAMPUS     ",PA,15146-0000,Public       ,29,177,206,1644,2957,4601
00323102,"COMM CLG OF ALLEGHENY, NORTH CAMPUS     ",PA,15237-0000,Public       ,50,144,194,1467,2083,3550
00323103,"COMM CLG OF ALLEGHENY, SOUTH CAMPUS     ",PA,15122-0000,Public       ,46,133,179,2049,2825,4874
00323300,ALVERNIA UNIVERSITY                     ,PA,19607-1799,Private      ,21,62,83,2421,1727,4148
00323500,ARCADIA UNIVERSITY                      ,PA,19038-3295,Private      ,47,77,124,5424,2419,7843
00323700,BRYN MAWR COLLEGE                       ,PA,19010-2899,Private      ,11,10,21,1851,672,2523
00323800,BUCKNELL UNIVERSITY                     ,PA,17837-2122,Private      ,25,5,30,5414,212,5626
00323900,BUCKS COUNTY COMMUNITY COLLEGE          ,PA,18940-1320,Public       ,110,260,370,4204,4380,8584
00324000,BUTLER COUNTY COMMUNITY COLLEGE         ,PA,16001-0000,Public       ,41,78,119,2181,2472,4653
00324100,CABRINI COLLEGE                         ,PA,19087-3698,Private      ,24,87,111,2117,1722,3839
00324200,CARNEGIE MELLON UNIVERSITY              ,PA,15213-3890,Private      ,78,38,116,12145,1958,14103
00324201,CARNEGIE MELLON UNIV- THE HEINZ COLLEGE ,PA,15213-0000,Private      ,0,11,11,95,597,692
00324202,CARNEGIE MELLON- TEPPER SCHOOL OF BUSINE,PA,15213-0000,Private      ,0,13,13,214,503,717
00324300,CEDAR CREST COLLEGE                     ,PA,18104-6196,Private      ,14,33,47,1066,1365,2431
00324400,CHATHAM UNIVERSITY                      ,PA,15232-2826,Private      ,9,36,45,791,1980,2771
00324500,CHESTNUT HILL COLLEGE                   ,PA,19118-2693,Private      ,25,83,108,1883,2325,4208
00324700,MISERICORDIA  UNIVERSITY                ,PA,18612-1008,Private      ,23,56,79,2298,1354,3652
00324900,COMMUNITY COLLEGE OF PHILADELPHIA       ,PA,19130-3991,Public       ,254,1022,1276,13071,23911,36982
00325100,CURTIS INSTITUTE OF MUSIC               ,PA,19103-6187,Private      ,2,0,2,298,140,438
00325200,DELAWARE VALLEY COLLEGE                 ,PA,18901-2697,Private      ,14,33,47,2279,588,2867
00325300,DICKINSON COLLEGE                       ,PA,17013-2896,Private      ,22,6,28,3863,191,4054
00325600,DREXEL UNIVERSITY                       ,PA,19104-2875,Private      ,266,872,1138,29712,19373,49085
00325800,DUQUESNE UNIVERSITY                     ,PA,15282-0001,Private      ,40,94,134,7613,4553,12166
00325900,EASTERN UNIVERSITY                      ,PA,19087-3696,Private      ,22,116,138,2421,3159,5580
00326200,ELIZABETHTOWN COLLEGE                   ,PA,17022-2298,Private      ,22,30,52,3232,691,3923
00326300,EVANGELICAL SCHOOL OF THEOLOGY          ,PA,17067-0000,Private      ,0,2,2,1,86,87
00326500,FRANKLIN & MARSHALL COLLEGE             ,PA,17604-0000,Private      ,17,16,33,3302,189,3491
00326600,GANNON UNIVERSITY                       ,PA,16541-0001,Private      ,21,41,62,3794,1595,5389
00326700,GENEVA COLLEGE                          ,PA,15010-3599,Private      ,11,48,59,1961,1062,3023
00326800,GETTYSBURG COLLEGE                      ,PA,17325-1486,Private      ,27,11,38,4434,164,4598
00326900,GROVE CITY COLLEGE                      ,PA,16127-2104,Private      ,5,1,6,37,8,45
00327000,GWYNEDD-MERCY COLLEGE                   ,PA,19437-0901,Private      ,13,75,88,1856,1711,3567
00327200,HARCUM COLLEGE                          ,PA,19010-3476,Private      ,21,34,55,905,1648,2553
00327300,HARRISBURG AREA COMMUNITY COLLEGE       ,PA,17110-2999,Public       ,214,902,1116,9751,18128,27879
00327400,HAVERFORD COLLEGE                       ,PA,19041-1392,Private      ,12,3,15,2237,65,2302
00327500,HOLY FAMILY UNIVERSITY                  ,PA,19114-2094,Private      ,15,54,69,2189,2116,4305
00327600,IMMACULATA UNIVERSITY                   ,PA,19345-0647,Private      ,12,110,122,1682,2131,3813
00327700,INDIANA UNIVERSITY OF PENNSYLVANIA      ,PA,15705-1097,Public       ,138,132,270,15467,4443,19910
00327900,JUNIATA COLLEGE                         ,PA,16652-2196,Private      ,13,3,16,2314,94,2408
00328000,KEYSTONE COLLEGE                        ,PA,18440-0200,Private      ,17,29,46,1672,966,2638
00328200,KINGS COLLEGE                           ,PA,18711-0801,Private      ,25,33,58,3134,699,3833
00328300,LACKAWANNA COLLEGE                      ,PA,18509-9961,Private      ,48,58,106,1794,1277,3071
00328400,LAFAYETTE COLLEGE                       ,PA,18042-1768,Private      ,28,4,32,4027,162,4189
00328500,LANCASTER BIBLE COLLEGE                 ,PA,17601-5036,Private      ,27,121,148,786,952,1738
00328600,LANCASTER THEOLOGICAL SEMINARY          ,PA,17603-0000,Private      ,0,5,5,1,121,122
00328700,LASALLE UNIVERSITY                      ,PA,19141-1199,Private      ,65,151,216,5971,4233,10204
00328800,LEBANON VALLEY COLLEGE                  ,PA,17003-1400,Private      ,11,12,23,2980,327,3307
00328900,LEHIGH UNIVERSITY                       ,PA,18015-1588,Private      ,54,26,80,8673,1064,9737
00329000,LINCOLN UNIVERSITY                      ,PA,19352-0999,Public       ,58,54,112,3751,1435,5186
00329100,LUTHERAN THEOLOG SEMINARY-GETTYSBRG     ,PA,17325-0000,Private      ,0,1,1,0,125,125
00329200,LUTHERAN THEOLOGICAL SEMINARY           ,PA,19119-0000,Private      ,0,8,8,0,198,198
00329300,LYCOMING COLLEGE                        ,PA,17701-5192,Private      ,5,3,8,2000,184,2184
00329400,MANOR COLLEGE                           ,PA,19046-3399,Private      ,7,16,23,735,728,1463
00329600,MARYWOOD UNIVERSITY                     ,PA,18509-1598,Private      ,26,32,58,3036,1682,4718
00329700,MERCYHURST COLLEGE                      ,PA,16546-0001,Private      ,38,98,136,4247,2083,6330
00329800,MESSIAH COLLEGE                         ,PA,17027-0800,Private      ,18,10,28,3542,373,3915
00330000,MOORE COLLEGE OF ART & DESIGN           ,PA,19103-1179,Private      ,7,23,30,708,333,1041
00330100,MORAVIAN COLLEGE                        ,PA,18018-6650,Private      ,18,13,31,2391,364,2755
00330101,MORAVIAN THEOLOGICAL SEMINARY           ,PA,18018-0000,Private      ,0,1,1,6,81,87
00330200,MOUNT ALOYSIUS COLLEGE                  ,PA,16630-1999,Private      ,16,25,41,1361,937,2298
00330300,CARLOW UNIVERSITY                       ,PA,15213-3165,Private      ,11,37,48,1233,2141,3374
00330400,MUHLENBERG COLLEGE                      ,PA,18104-5586,Private      ,17,16,33,3853,375,4228
00330600,VALLEY FORGE CHRISTIAN COLLEGE          ,PA,19460-2399,Private      ,4,4,8,939,291,1230
00330900,PEIRCE COLLEGE                          ,PA,19102-4699,Private      ,18,155,173,358,2745,3103
00331100,SALUS UNIVERSITY                        ,PA,19027-1598,Private      ,0,4,4,11,993,1004
00331300,WIDENER UNIVERSITY                      ,PA,19013-5792,Private      ,29,54,83,4702,2743,7445
00331302,WIDENER UNIV SCH OF LAW- HARRISBURG     ,PA,17106-9381,Private      ,0,10,10,33,738,771
00331500,BLOOMSBURG UNIVERSITY OF PA             ,PA,17815-1301,Public       ,122,54,176,12830,2447,15277
00331600,CALIFORNIA UNIV OF PENNSYLVANIA         ,PA,15419-1394,Public       ,57,175,232,7316,4962,12278
00331700,CHEYNEY UNIVERSITY OF PENNSYLVANIA      ,PA,19319-0200,Public       ,24,34,58,2308,1115,3423
00331800,CLARION UNIVERSITY OF PENNSYLVANIA      ,PA,16214-1232,Public       ,39,102,141,5699,2848,8547
00332000,EAST STROUDSBURG UNIVERSITY             ,PA,18301-2999,Public       ,87,58,145,8235,2118,10353
00332100,EDINBORO UNIVERSITY OF PENNSYLVANIA     ,PA,16444-0001,Public       ,62,116,178,6916,3735,10651
00332200,KUTZTOWN UNIVERSITY OF PENNSYLVANIA     ,PA,19530-9339,Public       ,90,51,141,12091,2504,14595
00332300,LOCK HAVEN UNIV OF PENNSYLVANIA         ,PA,17745-2439,Public       ,75,65,140,6186,1597,7783
00332400,MANSFIELD UNIVERSITY                    ,PA,16933-1123,Public       ,25,33,58,3131,1123,4254
00332500,MILLERSVILLE UNIVERSITY OF PA           ,PA,17551-1800,Public       ,63,70,133,9208,2730,11938
00332600,SHIPPENSBURG UNIVERSITY                 ,PA,17257-2299,Public       ,76,51,127,8838,1868,10706
00332700,SLIPPERY ROCK UNIVERSITY                ,PA,16057-1326,Public       ,51,62,113,9158,2364,11522
00332800,WEST CHESTER UNIVERSITY                 ,PA,19383-0001,Public       ,210,121,331,17452,5021,22473
00332900,PENN STATE UNIVERSITY                   ,PA,16802-1503,Public       ,1169,972,2141,75439,29435,104874
00335000,UNIVERSITY OF THE ARTS (THE)            ,PA,19102-9493,Private      ,47,24,71,3183,806,3989
00335100,PHILADELPHIA BIBLICAL UNIVERSITY        ,PA,19047-2942,Private      ,6,29,35,888,612,1500
00335200,PHILADELPHIA CLG OSTEOPATHIC MED        ,PA,19131-0000,Private      ,0,35,35,37,3077,3114
00335300,UNIVERSITY OF THE SCIENCES IN PHILADELPH,PA,19104-4495,Private      ,27,31,58,3483,1227,4710
00335400,PHILADELPHIA UNIVERSITY                 ,PA,19144-5497,Private      ,37,68,105,4608,1812,6420
00335600,PITTSBURGH THEOLOGICAL SEMINARY         ,PA,15206-0000,Private      ,0,1,1,4,231,235
00335700,POINT PARK UNIVERSITY                   ,PA,15222-1912,Private      ,33,95,128,3490,2473,5963
00335800,REFORMED PRESBYTERIAN THEOL SEMINAR     ,PA,15208-0000,Private      ,0,2,2,1,33,34
00335900,ROBERT MORRIS UNIVERSITY                ,PA,15108-1189,Private      ,44,99,143,4929,2325,7254
00336000,ROSEMONT COLLEGE                        ,PA,19010-1699,Private      ,6,29,35,756,627,1383
00336200,SETON HILL UNIVERSITY                   ,PA,15601-1599,Private      ,11,23,34,2096,1078,3174
00336400,ST. CHARLES BORROMEO SEMINARY           ,PA,19096-0000,Private      ,0,3,3,38,52,90
00336600,SAINT FRANCIS UNIVERSITY                ,PA,15940-0600,Private      ,15,20,35,2147,798,2945
00336700,SAINT JOSEPH'S UNIVERSITY               ,PA,19131-1395,Private      ,61,206,267,7202,3705,10907
00336800,ST VINCENT COLLEGE                      ,PA,15650-2690,Private      ,11,7,18,2042,339,2381
00336900,SUSQUEHANNA UNIVERSITY                  ,PA,17870-1001,Private      ,23,2,25,3391,153,3544
00337000,SWARTHMORE COLLEGE                      ,PA,19081-1397,Private      ,28,3,31,4050,129,4179
00337100,TEMPLE UNIVERSITY                       ,PA,19122-6003,Private      ,359,425,784,34607,21416,56023
00337600,THIEL COLLEGE                           ,PA,16125-2181,Private      ,8,4,12,1886,225,2111
00337800,UNIVERSITY OF PENNSYLVANIA              ,PA,19104-6216,Private      ,150,242,392,21361,13519,34880
00337900,UNIVERSITY OF PITTSBURGH                ,PA,15260-0000,Public       ,206,272,478,28769,11999,40768
00337906,UNIVERSITY OF PITTSBURGH - SCHOOL OF MED,PA,15261-0001,Public       ,1,5,6,224,1148,1372
00337907,UNIVERSITY OF PITTSBURGH - SCHOOL OF DEN,PA,15261-2523,Public       ,0,2,2,279,724,1003
00338400,UNIVERSITY OF SCRANTON                  ,PA,18510-4622,Private      ,57,129,186,7790,2078,9868
00338500,URSINUS COLLEGE                         ,PA,19426-2562,Private      ,11,3,14,3216,129,3345
00338600,VALLEY FORGE MILITARY COLLEGE           ,PA,19087-3695,Private      ,6,3,9,421,52,473
00338800,VILLANOVA UNIVERSITY                    ,PA,19085-1699,Private      ,64,180,244,12480,3167,15647
00338801,VILLANOVA UNIV SCH OF LAW               ,PA,19085-0000,Private      ,0,4,4,116,1675,1791
00338900,WASHINGTON & JEFFERSON COLLEGE          ,PA,15301-4801,Private      ,9,6,15,2717,99,2816
00339100,WAYNESBURG UNIVERSITY                   ,PA,15370-1222,Private      ,11,30,41,2155,966,3121
00339200,WESTMINSTER COLLEGE                     ,PA,16172-0002,Private      ,10,5,15,2514,143,2657
00339300,WESTMINSTER THEOLOGICAL SEMINARY        ,PA,19038-0000,Private      ,1,5,6,8,311,319
00339400,WILKES UNIVERSITY                       ,PA,18766-0998,Private      ,22,85,107,3208,1400,4608
00339500,PENNSYLVANIA COLLEGE OF TECHNOLOGY      ,PA,17701-5779,Public       ,28,39,67,5294,2602,7896
00339600,WILSON COLLEGE                          ,PA,17201-1285,Private      ,4,17,21,461,529,990
00339900,YORK COLLEGE OF PENNSYLVANIA            ,PA,17405-7199,Private      ,80,46,126,9027,1567,10594
00398600,DESALES UNIVERSITY                      ,PA,18034-9568,Private      ,23,76,99,2536,1610,4146
00398700,LA ROCHE COLLEGE                        ,PA,15237-5898,Private      ,7,14,21,1148,573,1721
00398800,NEUMANN UNIVERSITY                      ,PA,19014-1298,Private      ,35,71,106,3340,1359,4699
00405800,GRATZ COLLEGE                           ,PA,19027-3097,Private      ,0,12,12,3,156,159
00445200,MONTGOMERY COUNTY COMMUNITY COLLEGE     ,PA,19422-6300,Public       ,103,340,443,5060,6772,11832
00488900,CAMBRIA-ROWE BUSINESS COLLEGE           ,PA,15902-2494,Proprietary  ,8,26,34,150,339,489
00489000,CENTRAL PENNSYLVANIA COLLEGE            ,PA,17093-0309,Proprietary  ,17,77,94,1028,1680,2708
00489300,DU BOIS BUSINESS COLLEGE                ,PA,15801-2401,Proprietary  ,6,14,20,181,347,528
00489400,ERIE BUSINESS CENTER                    ,PA,16501-1305,Proprietary  ,7,40,47,90,415,505
00489401,ERIE BUSINESS CENTER - NEW CASTLE CAMPUS,PA,16101-3950,Proprietary  ,3,10,13,23,114,137
00489800,MCCANN SCHOOL OF BUSINESS & TECHNOL     ,PA,17901-1335,Proprietary  ,116,532,648,1552,4649,6201
00489807,MCCANN SCHOOL OF BUSINESS & TECHNOLOGY -,PA,17013-3180,Proprietary  ,0,5,5,27,93,120
00489900,MERCY HOSP SCH OF NURSING               ,PA,15219-5166,Private      ,2,5,7,92,193,285
00490100,NEWPORT BUSINESS INSTITUTE              ,PA,15068-3929,Proprietary  ,1,8,9,26,90,116
00490200,PENN COMMERCIAL BUSINESS/TECHNICAL SCHL ,PA,15301-2871,Proprietary  ,17,65,82,236,493,729
00491000,KAPLAN CAREER INSTITUTE                 ,PA,17111-3571,Proprietary  ,19,112,131,260,979,1239
00491001,THOMPSON INSTITUTE-PHILADEPHIA CAMPUS   ,PA,19104-3386,Proprietary  ,40,119,159,345,1105,1450
00491400,NEWPORT BUSINESS INSTITUTE              ,PA,17701-5855,Proprietary  ,3,15,18,26,133,159
00500701,WEST VIRGINIA CAREER INSTITUTE          ,PA,15456-0000,Proprietary  ,7,14,21,78,183,261
00531000,PITTSBURGH INST OF AERONAUTICS          ,PA,15236-0000,Private      ,5,22,27,284,274,558
00533000,FAYETTE CNTY AREA VOC TECH PRC NRSG     ,PA,15401-0000,Public       ,2,6,8,34,109,143
00533500,CENTRAL PENN INST OF SCI & TECH PNP     ,PA,16823-0000,Public       ,5,9,14,105,237,342
00536500,YORK CO AREA VOC-TECH SCH-PRAC NSG      ,PA,17402-0000,Public       ,2,31,33,43,323,366
00594600,SCHOOL OF RADIOLOGIC TECHNOLOGY AT ST. C,PA,19134-1995,Proprietary  ,0,0,0,7,23,30
00653400,CITIZENS SCHOOL OF NURSING              ,PA,15068-6591,Private      ,0,3,3,89,180,269
00653700,CONEMAUGH VLY MEM HOSP SCH NRSNG        ,PA,15905-4398,Private      ,1,2,3,74,115,189
00653702,CONEMAUGH HOSP- SCH HISTOTECHNOLOGY     ,PA,15905-0000,Private      ,1,1,2,7,8,15
00653704,CONEMAUGH VLY MEM HOSP SCH RAD TECH     ,PA,15905-0000,Private      ,0,0,0,21,22,43
00653706,CONEMAUGH VLY MEM HOSP SCH  MED TECH    ,PA,15905-4398,Private      ,0,1,1,5,7,12
00655100,ST MARGARET SCHL OF NURSING             ,PA,15238-3205,Private      ,6,10,16,77,243,320
00656000,OHIO VALLEY HOSP SCH OF NURSING         ,PA,15136-1694,Private      ,0,0,0,27,53,80
00656500,READING HOSPITAL SCHOOL OF HEALTH SCIENC,PA,19611-1744,Private      ,1,11,12,222,370,592
00657400,"ST LUKE'S HOSPITAL OF BETHLEHEM, PA     ",PA,18015-1065,Private      ,3,11,14,71,237,308
00657600,SEWICKLEY VALLEY HOSP SCH NRSNG         ,PA,15143-1498,Private      ,0,0,0,41,73,114
00657700,UPMC SHADYSIDE SCHOOL OF NURSING        ,PA,15232-1381,Private      ,5,25,30,131,411,542
00657800,SHARON REGIONAL SCHOOL OF NURSING       ,PA,16146-3395,Private      ,1,2,3,22,76,98
00658200,WASHINGTON HOSP SCH OF NURSING          ,PA,15301-3398,Private      ,2,3,5,73,149,222
00658202,WASHINGTON HOSP SCH OF RAD TECH         ,PA,15301-3398,Private      ,1,1,2,22,20,42
00658300,WESTERN PENN HOSP-SCH OF NURSING        ,PA,15224-1790,Private      ,2,3,5,79,129,208
00680700,COMMUNITY COLLEGE OF BEAVER COUNTY      ,PA,15061-2588,Public       ,26,71,97,1409,1872,3281
00681000,LEHIGH CARBON COMMUNITY COLLEGE         ,PA,18078-2598,Public       ,59,162,221,3283,4570,7853
00681100,LUZERNE COUNTY COMMUNITY COLLEGE        ,PA,18634-3899,Public       ,74,170,244,3687,4180,7867
00708700,ABINGTON MEM HOSP SCHL OF NURSING       ,PA,19090-1284,Private      ,2,8,10,124,386,510
00709100,EVEREST INSTITUTE                       ,PA,15222-1320,Proprietary  ,28,138,166,226,976,1202
00711000,DELAWARE COUNTY COMMUNITY COLLEGE       ,PA,19063-1094,Public       ,126,381,507,6021,8717,14738
00719100,NORTHAMPTON COMMUNITY COLLEGE           ,PA,18020-7599,Public       ,124,302,426,6814,7317,14131
00732955,ITT TECHNICAL INSTITUTE                 ,PA,19406-1212,Proprietary  ,24,76,100,326,680,1006
00743000,ANTONELLI INST OF ART & PHOTOGRAPHY     ,PA,19038-8242,Proprietary  ,3,3,6,239,45,284
00743600,KAPLAN CAREER INSTITUTE - ICM CAMPUS    ,PA,15222-1977,Proprietary  ,22,135,157,306,1186,1492
00743700,PITTSBURGH TECHNICAL INSTITUTE          ,PA,15071-3205,Proprietary  ,26,64,90,2181,1245,3426
00746900,"HUSSIAN SCHOOL OF ART, INC.             ",PA,19106-0000,Proprietary  ,3,1,4,150,38,188
00747000,"ART INSTITUTE OF PITTSBURGH, THE        ",PA,15219-1328,Proprietary  ,634,3164,3798,6529,28146,34675
00752900,CTR ART TCH BRDYWN CMPS PRC NRS PRG     ,PA,19320-2459,Public       ,2,16,18,34,181,215
00775900,LINCOLN TECHNICAL INSTITUTE             ,PA,18104-3298,Proprietary  ,27,121,148,332,776,1108
00777900,LANSDALE SCHOOL OF BUSINESS             ,PA,19454-4114,Proprietary  ,11,52,63,132,610,742
00778000,NEW CASTLE SCHOOL OF TRADES             ,PA,16143-0000,Proprietary  ,41,165,206,290,789,1079
00778100,CHI INSTITUTE/RETS CAMPUS               ,PA,19008-3516,Proprietary  ,26,97,123,267,746,1013
00783200,LINCOLN TECH INSTITUTE                  ,PA,19136-1595,Proprietary  ,43,55,98,547,585,1132
00783900,TRIANGLE TECH                           ,PA,15214-3897,Proprietary  ,18,42,60,241,365,606
00791200,THADDEUS STEVENS CLG OF TECHNOLOGY      ,PA,17602-0000,Public       ,11,11,22,1132,566,1698
00791600,FRANKLIN CNTY CAREER & TECH CTR-PNP     ,PA,17201-0000,Public       ,0,2,2,21,68,89
00820000,JAMESON MEMORIAL HOSP SCH NURSING       ,PA,16105-2595,Private      ,0,1,1,30,96,126
00835000,ART INSTITUTE OF PHILADELPHIA           ,PA,19103-5198,Proprietary  ,128,215,343,3952,3238,7190
00844100,ANTHEM INSTITUTE                        ,PA,19064-1243,Proprietary  ,29,101,130,263,893,1156
00856800,VET TECH INSTITUTE                      ,PA,15222-3400,Proprietary  ,3,6,9,359,199,558
00865300,JEFFERSON CO DUBOIS VOC TECH-PR NSG     ,PA,15851-0000,Public       ,0,3,3,18,57,75
00895500,PRUONTOS HAIR DESIGN INSTITUTE          ,PA,16602-0000,Proprietary  ,5,8,13,25,33,58
00915705,WYOMING TECHNICAL INSTITUTE - BLAIRSVILL,PA,15717-8060,Proprietary  ,124,117,241,1663,1317,2980
00918600,DEAN INSTITUTE OF TECHNOLOGY            ,PA,15226-1197,Proprietary  ,5,16,21,59,159,218
00944900,PENNCO TECH                             ,PA,19007-0000,Proprietary  ,54,112,166,379,689,1068
00966400,EMPIRE BEAUTY SCHOOL                    ,PA,18052-5730,Proprietary  ,18,52,70,159,390,549
00966500,EMPIRE BEAUTY SCHOOL                    ,PA,17109-2210,Proprietary  ,9,28,37,108,237,345
00966600,EMPIRE BEAUTY SCHOOL                    ,PA,19605-2803,Proprietary  ,6,43,49,115,360,475
00972100,BRADFORD SCHOOL                         ,PA,15219-2602,Proprietary  ,4,6,10,637,190,827
00972300,ARIA HEALTH SCHOOL OF NURSING           ,PA,19124-2696,Private      ,5,18,23,220,482,702
00978300,GORDON PHILLIPS SCH OF BEAUTY CULT      ,PA,19135-0000,Proprietary  ,28,48,76,268,557,825
00986300,LANCASTER GENERAL COLLEGE OF NURSING AND,PA,17602-4955,Private      ,3,33,36,539,975,1514
01000600,GREATER JOHNSTOWN AREA VOC TECH SCH     ,PA,15904-0000,Public       ,5,23,28,92,345,437
01005500,CRAWFORD CNTY AREA VO-TECH PRAC NUR     ,PA,16335-0000,Public       ,0,3,3,11,44,55
01017600,WESTMORELAND COUNTY COMMUNITY CLG       ,PA,15697-1895,Public       ,80,241,321,3095,4248,7343
01038800,READING AREA COMMUNITY COLLEGE          ,PA,19603-1706,Public       ,104,410,514,2439,5152,7591
01054100,EMPIRE BEAUTY SCHOOL                    ,PA,15146-2229,Proprietary  ,13,36,49,144,315,459
01054200,EMPIRE BEAUTY SCHOOL                    ,PA,18701-0000,Proprietary  ,12,42,54,185,333,518
01054300,EMPIRE BEAUTY SCHOOL                    ,PA,17701-3914,Proprietary  ,6,30,36,100,245,345
01081400,PITTSBURGH INST MORTUARY SCIENCE        ,PA,15206-3706,Private      ,2,17,19,111,302,413
01086000,GREATER ALTOONA CAREER/TECH CENTER      ,PA,16602-0000,Public       ,2,5,7,80,251,331
01096300,GREENE COUNTY VOC-TECH SCHOOL           ,PA,15370-0000,Public       ,1,2,3,9,40,49
01097000,EMPIRE BEAUTY SCHOOL                    ,PA,17042-5209,Proprietary  ,2,6,8,31,70,101
01099800,PENNSYLVANIA INSTITUTE OF TECH          ,PA,19063-4098,Private      ,28,103,131,476,1106,1582
01102000,EMPIRE BEAUTY SCHOOL                    ,PA,17604-4335,Proprietary  ,15,72,87,178,424,602
01102100,EMPIRE BEAUTY SCHOOL                    ,PA,17402-2862,Proprietary  ,16,48,64,157,431,588
01162100,AUTOMOTIVE TRAINING CENTER              ,PA,19341-1310,Proprietary  ,103,69,172,778,455,1233
01162200,WELDER TRAINING & TESTING INST          ,PA,18109-3253,Proprietary  ,12,30,42,46,134,180
01163800,EMPIRE BEAUTY SCHOOL                    ,PA,17876-0000,Proprietary  ,3,5,8,33,74,107
01171500,SCHUYLKILL HEALTH SCHOOL OF NURSING     ,PA,17901-3692,Private      ,0,2,2,47,72,119
01191900,BEAVER FALLS BEAUTY ACADEMY             ,PA,15010-4208,Proprietary  ,1,17,18,30,71,101
01205000,ROSEDALE TECHNICAL INSTITUTE            ,PA,15205-9791,Private      ,16,43,59,233,330,563
01239300,THOMAS JEFF UNIV-CLG ALLIED HEALTH      ,PA,19107-0000,Private      ,2,36,38,262,1183,1445
01239301,THOMAS JEFFERSON UNIVERSITY - JEFFERSON ,PA,19107-5001,Private      ,3,40,43,293,2314,2607
01239303,THOMAS JEFFERSON UNIVERSITY - COLLEGE OF,PA,19107-6731,Private      ,1,24,25,280,1395,1675
01246104,LINCOLN TECHNICAL INSTITUTE             ,PA,19104-0202,Proprietary  ,62,178,240,345,913,1258
01246105,LINCOLN TECHNICAL INSTITUTE             ,PA,19116-4202,Proprietary  ,23,50,73,242,443,685
01252300,TALMUDICAL YESHIVA OF PHILA             ,PA,19131-1296,Private      ,5,1,6,44,2,46
01260500,EMPIRE BEAUTY SCHOOL                    ,PA,17331-2405,Proprietary  ,11,38,49,121,342,463
01260600,EMPIRE BEAUTY SCHOOL                    ,PA,17901-2505,Proprietary  ,17,60,77,179,495,674
01260700,EMPIRE BEAUTY SCHOOL                    ,PA,16801-5218,Proprietary  ,2,4,6,39,51,90
01292900,SOUTH HILLS BEAUTY ACADEMY              ,PA,15216-2335,Proprietary  ,8,22,30,61,114,175
01301500,GORDON PHILLIPS SCH BEAUTY CULTURE      ,PA,19102-2701,Proprietary  ,22,71,93,292,654,946
01313400,YESHIVATH BETH MOSHE                    ,PA,18505-2196,Private      ,4,0,4,42,4,46
01321400,ROXBOROUGH MEM HOSP SCH OF NURSING      ,PA,19128-0000,Proprietary  ,1,9,10,67,255,322
01326300,SOUTH HILLS SCHOOL OF BUSINESS & TECHNOL,PA,16801-4516,Proprietary  ,0,5,5,555,680,1235
02061000,VENUS BEAUTY ACADEMY                    ,PA,19079-0000,Proprietary  ,4,12,16,43,100,143
02068300,DOUGLAS SCHOOL OF BUSINESS              ,PA,15062-0000,Proprietary  ,11,25,36,280,313,593
02090200,TRIANGLE TECH                           ,PA,16502-0000,Proprietary  ,7,18,25,83,175,258
02092500,LAUREL TECHNICAL INSTITUTE              ,PA,16146-0000,Proprietary  ,11,38,49,153,400,553
02092502,BUSINESS INSTITUTE OF PENNSYLVANIA      ,PA,16335-0000,Proprietary  ,0,3,3,7,29,36
02104003,HARRIS SCHOOL OF BUSINESS - UPPER DARBY ,PA,19082-2528,Proprietary  ,1,2,3,4,10,14
02107300,PENNSYLVANIA ACADEMY OF FINE ARTS       ,PA,19102-1424,Private      ,3,4,7,258,320,578
02112200,GREAT LAKES INSTITUTE OF TECHNOLOGY     ,PA,16509-0000,Proprietary  ,22,78,100,306,554,860
02114200,JOHNSON COLLEGE                         ,PA,18508-0000,Private      ,4,9,13,460,320,780
02116001,SANFORD-BROWN INSTITUTE - TREVOSE       ,PA,19053-4700,Proprietary  ,25,102,127,392,1389,1781
02118000,LEVITTOWN BEAUTY ACADEMY LLC            ,PA,19054-1713,Proprietary  ,4,10,14,27,57,84
02119300,PA ACAD OF COSMETOLOGY ARTS & SCI       ,PA,15904-0000,Proprietary  ,6,11,17,60,81,141
02120800,"YORKTOWNE BUSINESS INSTITUTE, INC.      ",PA,17404-0000,Proprietary  ,12,25,37,115,343,458
02127400,YORK TECHNICAL INSTITUTE                ,PA,17402-0000,Proprietary  ,66,224,290,1286,2270,3556
02129000,TRIANGLE TECH                           ,PA,15601-0000,Proprietary  ,38,32,70,320,295,615
02129001,TRIANGLE TECH - BUSINESS CAREERS INSTITU,PA,15601-3304,Proprietary  ,0,1,1,3,8,11
02144000,"VISION ACADEMY, THE                     ",PA,18103-0000,Proprietary  ,9,19,28,44,118,162
02149000,EMPIRE BEAUTY SCHOOL                    ,PA,19341-2804,Proprietary  ,12,56,68,205,440,645
02151500,CENTRAL SUSQUEHANNA LPN CENTER          ,PA,17837-8818,Public       ,0,2,2,41,168,209
02152105,ACADEMY OF COURT REPORTING AND TECHNOLOG,PA,15222-1710,Proprietary  ,0,0,0,11,47,58
02153500,OAKBRIDGE ACADEMY OF ARTS               ,PA,15068-0000,Proprietary  ,2,0,2,83,24,107
02158300,JUNIATA-MIFFLIN CO AREA VOC TECH        ,PA,17044-0000,Public       ,2,6,8,21,84,105
02161400,NORTHEASTERN HOSP SCH OF NRSG           ,PA,19134-0000,Private      ,3,12,15,57,191,248
02169600,CLEARFIELD CTY CAREER AND TECH CNTR     ,PA,16830-0000,Public       ,0,6,6,39,88,127
02174400,TRIANGLE TECH                           ,PA,15801-0000,Proprietary  ,47,25,72,325,298,623
02178900,ACADEMY OF HAIR DESIGN                  ,PA,18202-1465,Proprietary  ,18,66,84,69,180,249
02183000,ORLEANS TECHNICAL INSTITUTE             ,PA,19111-0000,Private      ,37,102,139,251,674,925
02192800,WALNUT HILL COLLEGE                     ,PA,19104-0000,Proprietary  ,17,31,48,502,413,915
02202300,SANFORD-BROWN INSTITUTE                 ,PA,15219-1907,Proprietary  ,24,113,137,347,1261,1608
02202301,SANFORD-BROWN INSTITUTE                 ,PA,15146-2141,Proprietary  ,15,50,65,164,602,766
02203900,ERIE INSTITUTE OF TECHNOLOGY            ,PA,16565-1002,Proprietary  ,12,42,54,129,342,471
02206200,"VISION ACADEMY, THE                     ",PA,19002-0000,Proprietary  ,5,21,26,57,109,166
02206300,STROUDSBURG SCHOOL OF COSMETOLOGY       ,PA,18360-0000,Proprietary  ,7,9,16,39,51,90
02212700,LANCASTER SCHOOL OF COSMETOLOGY         ,PA,17602-0000,Proprietary  ,7,32,39,72,192,264
02234200,ACADEMY OF MEDICAL ARTS & BUSINESS      ,PA,17112-0000,Proprietary  ,18,73,91,239,501,740
02240100,BARBER STYLING INSTITUTE                ,PA,17011-0000,Proprietary  ,0,1,1,0,1,1
02251200,SCHUYLKILL COUNTY AREA VOC TECH SCH     ,PA,17931-0000,Public       ,3,12,15,36,111,147
02251202,SCHUYLKILL COUNTY AREA VOC TECH SCH     ,PA,17931-0000,Public       ,0,3,3,3,23,26
02253900,BERKS TECHNICAL INSTITUTE               ,PA,19610-0000,Proprietary  ,45,88,133,807,1069,1876
02255200,PENNSYLVANIA SCHOOL OF BUSINESS         ,PA,18101-1604,Proprietary  ,25,77,102,139,658,797
02269900,PENNSYLVANIA COLLEGE OF ART & DESIGN    ,PA,17603-3528,Private      ,6,5,11,443,103,546
02270500,BUCKS COUNTY SCHOOL OF BEAUTY CULT      ,PA,19053-0000,Proprietary  ,6,9,15,46,63,109
02273400,RECONSTRUCTIONIST RABBINICAL COLLEG     ,PA,19095-0000,Private      ,0,0,0,0,32,32
02276600,HANOVER PUBLIC SCH DIST PRAC NURSG      ,PA,17331-0000,Public       ,0,2,2,9,57,66
02282500,LENAPE SCHOOL OF PRACTICAL NURSING      ,PA,16226-0000,Public       ,2,13,15,40,183,223
02288800,EMPIRE BEAUTY SCHOOL                    ,PA,18974-4508,Proprietary  ,13,40,53,161,416,577
02289500,PACE INSTITUTE                          ,PA,19601-0000,Proprietary  ,8,26,34,73,312,385
02289600,CONSOLIDATED SCHOOL OF BUSINESS         ,PA,17404-0000,Proprietary  ,3,22,25,36,229,265
02289700,ACADEMY OF CREATIVE HAIR DESIGN         ,PA,18702-0000,Proprietary  ,11,37,48,73,207,280
02289800,CHI INSTITUTE - FRANKLIN MILLS          ,PA,19154-0000,Proprietary  ,52,125,177,451,1155,1606
02290400,"ALTOONA BEAUTY SCHOOL, INC              ",PA,16602-0000,Proprietary  ,6,24,30,48,105,153
02292700,LANSDALE SCHOOL OF COSMETOLOGY          ,PA,19446-0000,Proprietary  ,2,8,10,34,48,82
02299300,TRINITY EPISCOPAL SCHOOL MINISTRY       ,PA,15003-0000,Private      ,0,1,1,1,118,119
02301300,PRISM CAREER INSTITUTE                  ,PA,19082-2448,Proprietary  ,11,88,99,216,1030,1246
02304400,YTI CAREER INSTITUTE - MECHANICSBURG    ,PA,17055-0000,Proprietary  ,22,35,57,164,358,522
02306200,VENANGO COUNTY AREA VOC TECH SCHOOL     ,PA,16301-0000,Public       ,0,5,5,18,76,94
02310800,LANCASTER COUNTY CAREER & TECH CTR      ,PA,17584-0000,Public       ,10,27,37,161,513,674
02323000,BIBLICAL THEOLOGICAL SEMINARY           ,PA,19440-2421,Private      ,0,6,6,2,122,124
02330300,LEBANON CO CAREER & TECHNOLOGY CTR      ,PA,17042-0000,Public       ,0,10,10,39,205,244
02330600,PENNSYLVANIA GUNSMITH SCHOOL            ,PA,15202-0000,Proprietary  ,9,8,17,81,96,177
02350100,WESTERN AREA CAREER & TECHNOLOGY CT     ,PA,15317-0000,Public       ,1,3,4,28,128,156
02350200,INDIANA COUNTY TECH CTR SCH PR NSG      ,PA,15701-1465,Public       ,1,2,3,75,131,206
02353100,NORTHERN TIER CAREER CENTER             ,PA,18848-0000,Public       ,1,4,5,17,54,71
02362300,MERCER COUNTY AREA VOC TECH SCHOOL      ,PA,16137-0000,Public       ,0,1,1,8,89,97
02492500,DELAWARE VLY ACAD MED DNTL ASSTS        ,PA,19114-0000,Proprietary  ,0,0,0,9,34,43
02492600,EASTERN CTR ARTS AND TECH PR NSG        ,PA,19090-0000,Public       ,7,12,19,32,172,204
02495500,ALL-STATE CAREER SCHOOL                 ,PA,19029-0000,Proprietary  ,43,225,268,267,1163,1430
02529800,WILKES BARRE AREA CAREER AND TECHNICAL C,PA,18705-0000,Public       ,6,25,31,85,224,309
02536600,COMMONWEALTH TECH INSTIT @ HIRAM G      ,PA,15905-0000,Public       ,30,22,52,278,143,421
02544300,BUTLER BEAUTY SCHOOL                    ,PA,16001-0000,Proprietary  ,7,30,37,57,145,202
02545000,LAWRENCE COUNTY CAREER AND TECHNICAL CEN,PA,16101-0000,Public       ,1,6,7,17,88,105
02546200,LAUREL BUSINESS INSTITUTE               ,PA,15401-0877,Proprietary  ,13,17,30,174,288,462
02550000,CLARION CO AREA VOC-TECH PRAC NRSG      ,PA,16254-4637,Public       ,1,1,2,36,93,129
02554500,HAZLETON AREA CAREER CENTER PRACTICAL NU,PA,18201-0000,Public       ,1,2,3,18,53,71
02557800,ART INSTITUTE OF YORK (THE) - PENNSYLVAN,PA,17402-9012,Proprietary  ,19,30,49,746,333,1079
02566400,ALBERT EINSTEIN MED CTR DEPT DNTL       ,PA,19141-3098,Private      ,1,5,6,25,88,113
02574800,PENNSYLVANIA INSTITUTE OF TAXIDERMY     ,PA,15931-0000,Proprietary  ,4,7,11,18,35,53
02609500,CAREER TRAINING ACADEMY                 ,PA,15068-6308,Proprietary  ,10,32,42,70,257,327
02609501,CAREER TRAINING ACADEMY                 ,PA,15146-0000,Proprietary  ,0,4,4,3,17,20
02616100,JEAN MADELINE ED CTR FOR COSM           ,PA,19147-1542,Proprietary  ,20,41,61,349,479,828
03006800,LE CORDON BLEU INSTITUTE OF CULINARY ART,PA,15222-3511,Proprietary  ,6,9,15,320,373,693
03010800,TRI-STATE BUSINESS INSTITUTE            ,PA,16506-1013,Proprietary  ,97,309,406,902,3108,4010
03011500,FORTIS INSTITUTE                        ,PA,18702-0000,Proprietary  ,15,52,67,138,305,443
03011600,FORTIS INSTITUTE                        ,PA,18509-2903,Proprietary  ,22,73,95,185,478,663
03029900,CONSOLIDATED SCHOOL OF BUSINESS         ,PA,17603-2389,Proprietary  ,5,27,32,62,192,254
03031600,DPT BUSINESS SCHOOL                     ,PA,19116-3961,Proprietary  ,0,0,0,69,430,499
03031601,DPT BUSINESS SCHOOL                     ,PA,19106-0000,Proprietary  ,0,1,1,55,195,250
03067000,ANTONELLI MEDICAL & PROF INST           ,PA,19464-9244,Proprietary  ,5,15,20,30,92,122
03072400,ALL-STATE CAREER SCHOOL                 ,PA,15122-0000,Proprietary  ,16,100,116,80,417,497
03072600,DCI CAREER INSTITUTE                    ,PA,15061-2307,Proprietary  ,5,20,25,35,154,189
03081900,YTI CAREER INSTITUTE - ALTOONA          ,PA,16602-4457,Proprietary  ,18,29,47,214,417,631
03090800,LAKE ERIE COLL OF OSTEOPATHIC MED       ,PA,16509-0000,Private      ,0,9,9,70,3500,3570
03098600,CAREER TECH CTR OF LACKAWANNA CNTY      ,PA,18508-0000,Public       ,3,29,32,66,208,274
03101400,FORBES ROAD CAREER & TECHNOLOGY CTR     ,PA,15146-1550,Public       ,1,0,1,15,26,41
03101500,BIDWELL TRAINING CENTER                 ,PA,15233-2233,Private      ,3,24,27,24,115,139
03103300,JNA INSTITUTE OF CULINARY ARTS          ,PA,19146-3119,Proprietary  ,10,23,33,77,174,251
03109100,METROPOLITAN CAREER CENTER              ,PA,19144-0000,Private      ,2,11,13,39,185,224
03110700,AVIATION INSTITUTE OF MAINTENANCE       ,PA,19114-1017,Proprietary  ,22,93,115,175,689,864
03120400,REGIONAL CAREER & TECHNICAL CENTER      ,PA,16509-4699,Public       ,0,3,3,2,20,22
03128400,DELAWARE COUNTY TECHNICAL SCHOOL        ,PA,19008-1928,Public       ,2,9,11,49,159,208
03180400,PENNSYLVANIA HIGHLANDS COMMUNITY COLLEGE,PA,15904-2927,Public       ,23,54,77,913,930,1843
03236400,LT INTERNATIONAL BEAUTY SCHOOL          ,PA,19130-2235,Proprietary  ,5,40,45,20,141,161
03353300,ACADEMY OF VOCAL ARTS                   ,PA,19103-6685,Private      ,1,0,1,20,68,88
03380301,STAR CAREER ACADEMY - STAR PHILADELPHIA ,PA,19114-2204,Proprietary  ,40,196,236,271,1073,1344
03380304,STAR CAREER ACADEMY - STAR NORRISTOWN   ,PA,19403-2422,Proprietary  ,10,39,49,60,216,276
03439400,NAWCC SCHOOL OF HOROLOGY                ,PA,17512-2130,Private      ,0,0,0,4,13,17
03535300,HUNTINGDON COUNTY CAREER AND TECHNO     ,PA,17060-0905,Public       ,0,1,1,10,43,53
03561400,SUSQUEHANNA COUNTY CAREER & TECHNOL     ,PA,18816-0100,Public       ,0,2,2,5,24,29
03766300,PENNSYLVANIA SCHOOL OF MUSCLE THERAPY   ,PA,19406-3101,Proprietary  ,11,40,51,55,229,284
03781300,PRINCETON INFORMATION TECHNOLOGY CENTER ,PA,19038-4535,Proprietary  ,2,26,28,44,296,340
03899300,CALVARY BAPTIST THEOLOGICAL SEMINARY    ,PA,19446-4718,Private      ,0,1,1,0,57,57
03923300,PRECISION MANUFACTURING INSTITUTE       ,PA,16335-8380,Private      ,1,8,9,12,46,58
03948300,HARRISBURG UNIVERSITY OF SCIENCE AND TEC,PA,17101-2116,Private      ,6,22,28,439,277,716
03949300,WON INSTITUTE OF GRADUATE STUDIES       ,PA,19038-4535,Private      ,0,1,1,0,50,50
03950500,NORTHWEST REGIONAL TECHNOLOGY INSTITUTE ,PA,16508-2820,Proprietary  ,4,25,29,10,93,103
03952300,NATIONAL MASSAGE THERAPY INSTITUTE      ,PA,19116-3965,Proprietary  ,34,130,164,225,756,981
04024300,EDUCATION AND TECHNOLOGY INSTITUTE      ,PA,15601-9214,Private      ,1,3,4,6,42,48
04118000,BYZANTINE CATHOLIC SEMINARY OF SAINTS CY,PA,15214-2229,Private      ,0,0,0,0,7,7
04127500,CAREER DEVELOPMENT & EMPLOYMENT         ,PA,18702-5253,Proprietary  ,3,9,12,13,67,80
04137100,KIMBERLY'S BEAUTY SCHOOL                ,PA,19134-0000,Proprietary  ,0,0,0,8,19,27
04138300,INTERNATIONAL BEAUTY ACADEMY            ,PA,19149-2710,Proprietary  ,2,14,16,20,73,93
04145800,PULSE BEAUTY ACADEMY A PAUL MITCHELL PAR,PA,19335-0000,Proprietary  ,11,5,16,84,82,166
04149800,SOMERSET COUNTY TECHNOLOGY CENTER       ,PA,15501-1444,Public       ,2,6,8,15,56,71
04151700,BELLA CAPELLI ACADEMY                   ,PA,15146-2388,Proprietary  ,6,12,18,82,72,154
04155100,INSTITUTE OF MEDICAL CAREERS            ,PA,15235-3718,Proprietary  ,1,5,6,19,67,86
04158000,METRO BEAUTY ACADEMY                    ,PA,18106-9693,Proprietary  ,11,15,26,115,143,258
04164900,BARONE BEAUTY ACADEMY                   ,PA,17701-5316,Proprietary  ,6,4,10,31,46,77
04167200,COMMONWEALTH MEDICAL COLLEGE (THE)      ,PA,18503-3251,Private      ,1,6,7,9,499,508
04175900,LEWISTOWN HOSPITAL SCHOOL OF NURSING    ,PA,17044-1167,Private      ,1,1,2,5,9,14
00153410,EVEREST UNIVERSITY - EVEREST COLLEGE - M,WI,53212-4006,Proprietary  ,42,189,231,148,691,839
00267813,BRYANT & STRATTON COLLEGE - MIL DOWNTOWN,WI,53203-2608,Proprietary  ,42,219,261,847,3478,4325
00383200,ALVERNO COLLEGE                         ,WI,53234-3922,Private      ,17,88,105,1481,2585,4066
00383500,BELOIT COLLEGE                          ,WI,53511-5595,Private      ,12,4,16,2010,159,2169
00383700,CARDINAL STRITCH UNIVERSITY             ,WI,53217-9884,Private      ,13,355,368,1149,5356,6505
00383800,CARROLL UNIVERSITY                      ,WI,53186-5593,Private      ,27,29,56,3742,1005,4747
00383900,CARTHAGE COLLEGE                        ,WI,53141-0000,Private      ,42,63,105,4906,1011,5917
00384000,WESTERN TECHNICAL COLLEGE               ,WI,54601-0908,Public       ,63,121,184,2278,3064,5342
00384200,CONCORDIA UNIVERSITY WISCONSIN          ,WI,53097-2402,Private      ,26,282,308,2901,4796,7697
00384800,EDGEWOOD COLLEGE                        ,WI,53711-1958,Private      ,16,72,88,1753,1406,3159
00385000,SILVER LAKE COLLEGE                     ,WI,54220-9319,Private      ,3,13,16,198,453,651
00385400,LAKELAND COLLEGE                        ,WI,53082-0000,Private      ,10,90,100,1136,2336,3472
00385600,LAWRENCE UNIVERSITY                     ,WI,54912-0599,Private      ,14,3,17,2461,161,2622
00386100,MARIAN UNIVERSITY                       ,WI,54935-4699,Private      ,7,46,53,1455,1366,2821
00386300,MARQUETTE UNIVERSITY                    ,WI,53201-1881,Private      ,91,97,188,15110,4812,19922
00386600,MILWAUKEE AREA TECH COLLEGE             ,WI,53233-1443,Public       ,141,527,668,7346,20270,27616
00386800,MILWAUKEE SCHOOL OF ENGINEERING         ,WI,53202-3109,Private      ,18,23,41,2804,897,3701
00386900,MOUNT MARY COLLEGE                      ,WI,53222-4597,Private      ,4,39,43,869,1636,2505
00387400,NASHOTAH HOUSE                          ,WI,53058-0000,Private      ,0,1,1,0,52,52
00387500,NORTHLAND COLLEGE                       ,WI,54806-3999,Private      ,1,4,5,677,138,815
00388400,RIPON COLLEGE                           ,WI,54971-0248,Private      ,5,1,6,1420,77,1497
00389200,ST. NORBERT COLLEGE                     ,WI,54115-2099,Private      ,13,1,14,2668,146,2814
00389500,UNIVERSITY OF WISCONSIN-MADISON         ,WI,53715-1382,Public       ,196,242,438,25178,12128,37306
00389600,UNIVERSITY OF WISCONSIN-MILWAUKEE       ,WI,53201-3165,Public       ,222,388,610,19210,14040,33250
00389700,UNIVERSITY OF WISCONSIN COLLEGES        ,WI,53708-8680,Public       ,72,138,210,4116,2754,6870
00389701,UNIVERSITY OF WISCONSIN-BARABOO         ,WI,53913-1098,Public       ,7,9,16,385,246,631
00389702,UNIVERSITY OF WISCONSIN-BARRON          ,WI,54868-2497,Public       ,6,17,23,375,229,604
00389703,UNIVERSITY OF WISCONSIN-FOND DU LAC     ,WI,54935-2998,Public       ,3,23,26,501,329,830
00389704,UNIVERSITY OF WISCONSIN-FOX VALLEY      ,WI,54952-1297,Public       ,22,32,54,917,562,1479
00389705,UNIVERSITY OF WISCONSIN-MANITOWOC       ,WI,54220-6699,Public       ,2,10,12,355,169,524
00389706,UNIVERSITY OF WISCONSIN-MARATHON        ,WI,54401-5396,Public       ,10,26,36,844,443,1287
00389707,UNIVERSITY OF WISCONSIN-MARINETTE       ,WI,54143-4299,Public       ,4,11,15,242,164,406
00389708,UNIVERSITY OF WISCONSIN-MARSHFIELD      ,WI,54449-3310,Public       ,6,9,15,327,191,518
00389709,UNIVERSITY OF WISCONSIN-RICHLAND        ,WI,53581-1399,Public       ,4,11,15,303,147,450
00389710,UNIVERSITY OF WISCONSIN COLLEGES - ROCK ,WI,53546-5699,Public       ,9,25,34,697,578,1275
00389711,UNIVERSITY OF WISCONSIN-SHEBOYGAN       ,WI,53081-4789,Public       ,12,16,28,564,338,902
00389712,UNIVERSITY OF WISCONSIN-WASHINGTON      ,WI,53095-3699,Public       ,15,17,32,514,310,824
00389713,UNIVERSITY OF WISCONSIN-WAUKESHA        ,WI,53188-2799,Public       ,29,36,65,1251,627,1878
00389900,UNIVERSITY OF WISCONSIN-GREEN BAY       ,WI,54311-7001,Public       ,42,90,132,4799,2729,7528
00391100,VITERBO UNIVERSITY                      ,WI,54601-4777,Private      ,7,61,68,1822,1429,3251
00391500,UNIVERSITY OF WISCONSIN-STOUT           ,WI,54751-0790,Public       ,48,69,117,6388,2537,8925
00391700,UNIVERSITY OF WISCONSIN-EAU CLAIRE      ,WI,54702-4004,Public       ,75,54,129,9154,2125,11279
00391900,UNIVERSITY OF WISCONSIN-LA CROSSE       ,WI,54601-3742,Public       ,59,70,129,8522,1978,10500
00392000,UNIVERSITY OF WISCONSIN-OSHKOSH         ,WI,54901-8604,Public       ,74,151,225,8865,3827,12692
00392100,UNIVERSITY OF WISCONSIN-PLATTEVILLE     ,WI,53818-3099,Public       ,56,66,122,6638,1951,8589
00392300,UNIVERSITY OF WISCONSIN-RIVER FALLS     ,WI,54022-5013,Public       ,47,58,105,5422,1688,7110
00392400,UNIVERSITY OF WISCONSIN-STEVENS POINT   ,WI,54481-3871,Public       ,60,48,108,8244,2188,10432
00392500,UNIVERSITY OF WISCONSIN-SUPERIOR        ,WI,54880-2898,Public       ,17,52,69,1764,1532,3296
00392600,UNIVERSITY OF WISCONSIN-WHITEWATER      ,WI,53190-1792,Public       ,73,82,155,9567,3023,12590
00400700,MADISON AREA TECHNICAL COLLEGE          ,WI,53704-2599,Public       ,137,370,507,5176,9286,14462
00501500,UNIVERSITY OF WISCONSIN-PARKSIDE        ,WI,53141-2000,Public       ,52,91,143,3816,2669,6485
00529400,WAUKESHA COUNTY TECHNICAL COLLEGE       ,WI,53072-4696,Public       ,56,168,224,1831,3775,5606
00530100,NORTHEAST WISCONSIN TECHNICAL COLLEGE   ,WI,54307-9042,Public       ,80,277,357,2997,6382,9379
00530400,CHIPPEWA VALLEY TECHNICAL COLLEGE       ,WI,54701-6162,Public       ,44,94,138,2700,4131,6831
00538000,MID-STATE TECHNICAL COLLEGE             ,WI,54494-5512,Public       ,32,83,115,1016,2311,3327
00538400,NICOLET AREA TECHNICAL COLLEGE          ,WI,54501-0000,Public       ,14,56,70,598,1130,1728
00538700,NORTHCENTRAL TECHNICAL COLLEGE          ,WI,54401-1899,Public       ,48,212,260,1272,3502,4774
00538900,GATEWAY TECHNICAL COLLEGE               ,WI,53144-1690,Public       ,63,269,332,2698,9541,12239
00539000,BLACKHAWK TECHNICAL COLLEGE             ,WI,53547-5009,Public       ,26,133,159,1136,3620,4756
00612601,ST LUKE'S MEDCL CTR SCHL RAD TECH       ,WI,53215-4330,Private      ,0,5,5,22,79,101
00663900,BELLIN COLLEGE                          ,WI,54305-0000,Private      ,3,11,14,278,235,513
00732934,ITT TECHNICAL INSTITUTE                 ,WI,53220-4612,Proprietary  ,87,291,378,948,3208,4156
00766900,SOUTHWEST WISCONSIN TECH COLLEGE        ,WI,53809-0000,Public       ,9,31,40,685,948,1633
00821700,WISCONSIN COLLEGE OF COSMETOLOGY        ,WI,54324-0257,Proprietary  ,7,18,25,103,139,242
00869405,RASMUSSEN COLLEGE - WAUSAU              ,WI,54401-7804,Proprietary  ,9,85,94,142,940,1082
00869414,RASMUSSEN COLLEGE - GREEN BAY           ,WI,54303-2349,Proprietary  ,13,61,74,209,1117,1326
00869419,RASMUSSEN COLLEGE - APPLETON            ,WI,54915-7305,Proprietary  ,8,77,85,67,536,603
00919400,LAKESHORE TECHNICAL COLLEGE             ,WI,53015-1412,Public       ,10,50,60,750,2216,2966
00925600,MORAINE PARK TECHNICAL COLLEGE          ,WI,54936-0000,Public       ,12,83,95,1127,3323,4450
00941900,STATE CLG OF BEAUTY CULT-WAUSAU         ,WI,54403-4667,Proprietary  ,5,5,10,55,83,138
00962100,HERZING UNIVERSITY                      ,WI,53718-4236,Proprietary  ,119,998,1117,1789,12668,14457
00974400,FOX VALLEY TECHNICAL COLLEGE            ,WI,54913-0000,Public       ,79,284,363,3332,6666,9998
01091300,MADISON MEDIA INSTITUTE                 ,WI,53718-6787,Proprietary  ,35,54,89,673,595,1268
01148400,ADVANCED INSTITUTE OF HAIR DESIGN       ,WI,53225-0000,Proprietary  ,15,46,61,224,289,513
01182400,WISCONSIN INDIANHEAD TECH CLG WITC      ,WI,54871-9300,Public       ,24,92,116,1102,2850,3952
02077100,MILWAUKEE INST OF ART & DESIGN          ,WI,53202-0000,Private      ,6,11,17,1013,309,1322
02078000,SACRED HEART SCHOOL OF THEOLOGY         ,WI,53130-0000,Private      ,0,1,1,1,7,8
02136600,WISCONSIN LUTHERAN COLLEGE              ,WI,53226-0000,Private      ,9,17,26,1060,259,1319
02201803,KAPLAN COLLEGE - MILWAUKEE              ,WI,53212-3939,Proprietary  ,16,99,115,188,996,1184
02239204,ANTHEM COLLEGE - BROOKFIELD             ,WI,53005-4207,Proprietary  ,0,11,11,19,70,89
02271300,WI SCH OF PROFESSIONAL PSYCHOLOGY       ,WI,53225-0000,Private      ,0,1,1,14,123,137
02317200,MARANATHA BAPTIST BIBLE COLLEGE         ,WI,53094-0000,Private      ,15,8,23,896,168,1064
02324700,EMPIRE BEAUTY SCHOOL                    ,WI,53717-0000,Proprietary  ,5,18,23,64,206,270
02332100,EMPIRE BEAUTY SCHOOL                    ,WI,54220-0000,Proprietary  ,7,45,52,115,380,495
02332101,EMPIRE BEAUTY SCHOOL - APPLETON         ,WI,54914-4644,Proprietary  ,1,6,7,16,45,61
02453500,MEDICAL COLLEGE OF WISCONSIN            ,WI,53226-0000,Private      ,1,18,19,64,1259,1323
02494300,GILL-TECH ACADEMY OF HAIR DESIGN        ,WI,54911-0000,Proprietary  ,9,11,20,97,93,190
02532200,LAC COURTE OREILLES OJIBWA CMTY CLG     ,WI,54843-0000,Public       ,16,62,78,80,456,536
03007400,LAKESIDE SCHOOL OF MASSAGE THERAPY      ,WI,53212-0000,Private      ,0,6,6,24,92,116
03061200,MIDWEST COLLEGE OF ORIENTAL MEDICINE    ,WI,53403-9747,Proprietary  ,0,21,21,10,236,246
03077600,EMPIRE BEAUTY SCHOOL                    ,WI,54304-4838,Proprietary  ,19,55,74,210,511,721
03125100,COLLEGE OF MENOMINEE NATION             ,WI,54135-0000,Private      ,11,64,75,161,716,877
03125102,COLLEGE OF  THE MENOMINEE NATION - GREEN,WI,54304-4964,Private      ,3,16,19,32,126,158
03220300,"SALON PROFESSIONAL ACADEMY, THE         ",WI,54701-7633,Proprietary  ,2,16,18,81,132,213
03309300,MONTESSORI INSTITUTE OF MILWAUKEE       ,WI,53207-0000,Private      ,0,0,0,7,29,36
03808300,INSTITUTE OF BEAUTY AND WELLNESS (THE)  ,WI,53202-5715,Proprietary  ,8,11,19,131,236,367
03822300,FOUR SEASONS SALON AND COSMETOLOGY SCHOO,WI,53566-0000,Proprietary  ,3,5,8,27,71,98
03872500,NORTHLAND INTERNATIONAL UNIVERSITY      ,WI,54119-9285,Private      ,3,3,6,489,74,563
03925300,BLUE SKY SCHOOL OF PROFESSIONAL MASSAGE ,WI,53024-9699,Private      ,2,35,37,30,190,220
04117400,MILWAUKEE CAREER COLLEGE                ,WI,53222-4305,Proprietary  ,12,48,60,175,600,775
04118600,ACADEMY OF COSMETOLOGY                  ,WI,53548-3307,Proprietary  ,4,10,14,35,107,142
04124800,VISIONS IN HAIR DESIGN INSTITUTE OF COSM,WI,53210-1120,Proprietary  ,0,3,3,23,59,82
04132600,WISCONSIN ACADEMY (THE)                 ,WI,54157-1726,Proprietary  ,0,5,5,12,45,57
04137900,PC PROSCHOOLS                           ,WI,53005-6003,Proprietary  ,13,130,143,76,614,690
04138200,SALON PROFESSIONAL ACADEMY (THE)        ,WI,54914-3921,Proprietary  ,6,2,8,59,60,119
04157700,SALON PROFESSIONAL ACADEMY (THE)        ,WI,54650-8699,Proprietary  ,1,10,11,76,94,170
04159400,COLUMBIA COLLEGE OF NURSING             ,WI,53211-2952,Private      ,2,6,8,13,46,59
04165300,ACADEMY WAUKESHA (THE)                  ,WI,53072-5524,Proprietary  ,8,16,24,118,191,309
04179200,ADVANCED COLLEGE OF COSMETOLOGY         ,WI,53963-0000,Proprietary  ,0,2,2,31,42,73
04182100,FIRST CLASS COSMETOLOGY SCHOOL          ,WI,52511-0000,Proprietary  ,5,15,20,20,70,90
04183600,SALON PROFESSIONAL ACADEMY OF KENOSHA (T,WI,53142-4950,Proprietary  ,9,22,31,94,195,289
04202800,PANACHE ACADEMY OF BEAUTY               ,WI,53913-2596,Proprietary  ,5,12,17,12,28,40
00145964,STRAYER UNIVERSITY -GARNER              ,NC,27603-0000,Proprietary  ,0,0,0,0,1,1
00290500,NORTH CAROLINA A&T STATE UNIV           ,NC,27411-0001,Public       ,174,201,375,14202,7444,21646
00290600,APPALACHIAN STATE UNIVERSITY            ,NC,28608-2059,Public       ,150,124,274,17257,5041,22298
00290700,UNIVERSITY OF NC AT ASHEVILLE           ,NC,28804-3299,Public       ,41,46,87,4178,2021,6199
00290800,BARTON COLLEGE                          ,NC,27893-3104,Private      ,14,27,41,1636,1040,2676
00291000,BELMONT ABBEY COLLEGE                   ,NC,28012-1802,Private      ,11,60,71,1322,1491,2813
00291100,BENNETT COLLEGE                         ,NC,27401-3239,Private      ,25,18,43,1192,627,1819
00291200,BREVARD COLLEGE                         ,NC,28712-3306,Private      ,14,12,26,1030,212,1242
00291300,CAMPBELL UNIVERSITY                     ,NC,27506-0036,Private      ,66,148,214,5263,4041,9304
00291400,CATAWBA COLLEGE                         ,NC,28144-2488,Private      ,24,12,36,1712,767,2479
00291500,CENTRAL PIEDMONT COMMUNITY COLLEGE      ,NC,28204-2297,Public       ,230,1028,1258,9570,21319,30889
00291600,CHOWAN UNIVERSITY                       ,NC,27855-1850,Private      ,27,16,43,2270,539,2809
00291700,COLLEGE OF THE ALBEMARLE                ,NC,27909-2327,Public       ,27,88,115,1022,2158,3180
00291800,DAVIDSON COLLEGE                        ,NC,28035-7157,Private      ,20,7,27,3348,236,3584
00291900,DAVIDSON COUNTY COMMUNITY COLLEGE       ,NC,27293-0000,Public       ,48,194,242,1837,4988,6825
00292000,DUKE UNIVERSITY                         ,NC,27708-0397,Private      ,142,62,204,18405,2696,21101
00292001,DUKE UNIV - SCHOOL OF MEDICINE          ,NC,27710-0000,Private      ,5,13,18,183,1402,1585
00292002,DUKE UNIV - SCHOOL OF LAW               ,NC,27708-0000,Private      ,1,8,9,57,2638,2695
00292003,DUKE UNIV - GRAD SCH ARTS & SCIENCE     ,NC,27708-0000,Private      ,0,34,34,80,765,845
00292004,DUKE UNIV - FUQUA SCH OF BUSINESS       ,NC,27708-0000,Private      ,0,29,29,64,1348,1412
00292005,DUKE UNIV/NICHOLAS SCH OF ENVIRON.      ,NC,27708-0000,Private      ,2,7,9,35,345,380
00292006,DUKE UNIV - DIVINITY SCHOOL             ,NC,27708-0000,Private      ,4,12,16,123,728,851
00292007,DUKE UNIV - SCHOOL OF NURSING           ,NC,27710-0000,Private      ,6,29,35,152,1179,1331
00292010,DUKE UNIVERSITY - SCHOOL OF PUBLIC POLIC,NC,27708-0239,Private      ,0,5,5,61,366,427
00292300,EAST CAROLINA UNIVERSITY                ,NC,27858-1818,Public       ,230,361,591,23474,13833,37307
00292600,ELIZABETH CITY STATE UNIVERSITY         ,NC,27909-7806,Public       ,58,56,114,3891,1893,5784
00292700,ELON UNIVERSITY                         ,NC,27244-2010,Private      ,59,35,94,6934,1424,8358
00292800,FAYETTEVILLE STATE UNIVERSITY           ,NC,28301-4298,Public       ,76,257,333,5056,7594,12650
00292900,GARDNER-WEBB UNIVERSITY                 ,NC,28017-0000,Private      ,23,165,188,3078,3952,7030
00293000,GREENSBORO COLLEGE                      ,NC,27401-1875,Private      ,25,54,79,1840,1420,3260
00293100,GUILFORD COLLEGE                        ,NC,27410-4171,Private      ,41,110,151,3019,3418,6437
00293300,HIGH POINT UNIVERSITY                   ,NC,27262-4221,Private      ,47,30,77,5373,1282,6655
00293400,ISOTHERMAL COMMUNITY COLLEGE            ,NC,28160-0804,Public       ,38,118,156,1046,2253,3299
00293500,LAUREL UNIVERSITY                       ,NC,27265-3197,Private      ,1,13,14,50,260,310
00293600,JOHNSON C SMITH UNIVERSITY              ,NC,28216-5398,Private      ,50,86,136,3070,1816,4886
00293700,KING'S COLLEGE-CHARLOTTE                ,NC,28204-2435,Proprietary  ,25,70,95,801,824,1625
00293900,LEES MCRAE COLLEGE                      ,NC,28604-0000,Private      ,17,5,22,1094,343,1437
00294000,LENOIR COMMUNITY COLLEGE                ,NC,28502-0188,Public       ,28,135,163,1121,2928,4049
00294100,LENOIR-RHYNE UNIVERSITY                 ,NC,28603-0000,Private      ,31,22,53,2865,991,3856
00294200,LIVINGSTONE COLLEGE                     ,NC,28144-5298,Private      ,37,15,52,1744,599,2343
00294300,LOUISBURG COLLEGE                       ,NC,27549-2398,Private      ,19,10,29,1269,265,1534
00294400,MARS HILL COLLEGE                       ,NC,28754-0000,Private      ,22,12,34,1928,614,2542
00294500,MEREDITH COLLEGE                        ,NC,27607-5298,Private      ,25,41,66,2006,1116,3122
00294600,METHODIST UNIVERSITY                    ,NC,28311-1420,Private      ,43,77,120,2791,2058,4849
00294700,MITCHELL COMMUNITY COLLEGE              ,NC,28677-5264,Public       ,28,93,121,1398,3253,4651
00294800,MONTREAT COLLEGE                        ,NC,28757-1267,Private      ,6,54,60,548,694,1242
00294900,MOUNT OLIVE COLLEGE                     ,NC,28365-1299,Private      ,23,290,313,1320,4370,5690
00295000,NORTH CAROLINA CENTRAL UNIVERSITY       ,NC,27707-3198,Public       ,134,213,347,10369,8222,18591
00295100,NORTH CAROLINA WESLEYAN COLLEGE         ,NC,27804-8699,Private      ,15,69,84,1045,1348,2393
00295300,PEACE COLLEGE                           ,NC,27604-1194,Private      ,15,36,51,891,551,1442
00295400,UNIV OF NORTH CAROLINA AT PEMBROKE      ,NC,28372-1510,Public       ,79,131,210,5956,4546,10502
00295500,PFEIFFER UNIVERSITY                     ,NC,28109-0000,Private      ,9,56,65,969,1625,2594
00295600,PIEDMONT BAPTIST COLLEGE AND GRADUATE SC,NC,27101-5025,Private      ,4,14,18,205,279,484
00295700,QUEENS UNIVERSITY OF CHARLOTTE          ,NC,28274-0001,Private      ,28,126,154,2455,2566,5021
00295800,ROCKINGHAM COMMUNITY COLLEGE            ,NC,27375-0000,Public       ,32,84,116,981,2120,3101
00296000,SALEM COLLEGE                           ,NC,27108-0000,Private      ,11,38,49,771,920,1691
00296100,SANDHILLS COMMUNITY COLLEGE             ,NC,28374-8283,Public       ,55,154,209,1793,3944,5737
00296200,SHAW UNIVERSITY                         ,NC,27601-2393,Private      ,45,96,141,2988,2579,5567
00296400,SOUTHEASTERN COMMUNITY COLLEGE          ,NC,28472-5422,Public       ,30,142,172,803,1924,2727
00296700,ST ANDREWS PRESBYTERIAN COLLEGE         ,NC,28352-9979,Private      ,0,0,0,534,113,647
00296800,ST AUGUSTINES COLLEGE                   ,NC,27610-2298,Private      ,35,47,82,2257,1029,3286
00297000,SURRY COMMUNITY COLLEGE                 ,NC,27017-0304,Public       ,19,83,102,1348,2258,3606
00297200,NORTH CAROLINA STATE UNIV-RALEIGH       ,NC,27695-7001,Public       ,253,301,554,26146,11516,37662
00297300,GASTON COLLEGE                          ,NC,28034-1499,Public       ,57,260,317,2464,6192,8656
00297400,UNIVERSITY OF N C-CHAPEL HILL           ,NC,27514-0000,Public       ,240,368,608,21735,13739,35474
00297500,UNIVERSITY OF NC AT CHARLOTTE           ,NC,28223-0001,Public       ,227,445,672,20431,14547,34978
00297600,UNIVERSITY OF N C - GREENSBORO          ,NC,27412-0001,Public       ,160,252,412,16087,11185,27272
00297800,WAKE FOREST UNIV - UNDERGRADUATE        ,NC,27109-7246,Private      ,50,21,71,6868,513,7381
00297801,WAKE FOREST UNIV - SCH OF MEDICINE      ,NC,27157-1090,Private      ,5,26,31,81,1054,1135
00297803,WAKE FOREST GRAD SCHOOLS OF BUSINESS    ,NC,27109-7659,Private      ,0,26,26,53,774,827
00297805,WAKE FOREST UNIV - SCH OF LAW           ,NC,27109-7206,Private      ,0,6,6,46,1444,1490
00297806,WAKE FOREST UNIV - GRAD A&S/DIVINITY    ,NC,27109-7246,Private      ,1,7,8,21,437,458
00297900,WARREN WILSON COLLEGE                   ,NC,28815-0000,Private      ,8,15,23,1240,501,1741
00298000,WAYNE COMMUNITY COLLEGE                 ,NC,27533-0000,Public       ,46,187,233,1501,3683,5184
00298100,WESTERN CAROLINA UNIVERSITY             ,NC,28723-9731,Public       ,138,120,258,9046,4289,13335
00298200,WESTERN PIEDMONT COMMUNITY COLLEGE      ,NC,28655-4504,Public       ,23,83,106,1215,2693,3908
00298300,WILKES COMMUNITY COLLEGE                ,NC,28697-2100,Public       ,17,84,101,1119,1975,3094
00298400,UNIVERSITY OF N C-WILMINGTON            ,NC,28403-3297,Public       ,129,148,277,13271,5496,18767
00298500,WINGATE UNIVERSITY                      ,NC,28174-0159,Private      ,40,27,67,3111,1116,4227
00298600,WINSTON-SALEM STATE UNIVERSITY          ,NC,27102-0000,Public       ,85,163,248,6718,5341,12059
00398100,UNC SCHOOL OF THE ARTS                  ,NC,27127-2188,Public       ,6,21,27,1266,446,1712
00403300,ASHEVILLE BUNCOMBE TECH CMTY CLG        ,NC,28801-4897,Public       ,78,309,387,2502,6520,9022
00406200,PITT COMMUNITY COLLEGE                  ,NC,28590-0000,Public       ,70,250,320,4457,7470,11927
00483500,CALDWELL COMMUNITY CLG & TECH INST      ,NC,28638-2626,Public       ,56,151,207,1763,3727,5490
00483800,GUILFORD TECHNICAL COMMUNITY CLG        ,NC,27282-0309,Public       ,145,602,747,7280,17072,24352
00484400,WAKE TECHNICAL COMMUNITY COLLEGE        ,NC,27603-5696,Public       ,141,631,772,7766,16627,24393
00484500,WILSON COMMUNITY COLLEGE                ,NC,27893-3310,Public       ,12,77,89,684,2242,2926
00499201,MILLER-MOTTE TECHNICAL COLLEGE - MILLER-,NC,27511-9209,Proprietary  ,8,61,69,150,896,1046
00499202,MILLER-MOTTE TECHNICAL COLLEGE - MILLER-,NC,27604-6072,Proprietary  ,29,154,183,297,1421,1718
00499203,MILLER-MOTTE TECHNICAL COLLEGE - FAYETTE,NC,28311-7651,Proprietary  ,35,176,211,323,1849,2172
00499205,MILLER-MOTTE TECHNICAL COLLEGE - MILLER-,NC,28540-5901,Proprietary  ,15,154,169,119,1109,1228
00531600,COASTAL CAROLINA COMMUNITY COLLEGE      ,NC,28546-6816,Public       ,48,308,356,1529,5137,6666
00531700,FORSYTH TECHNICAL COMMUNITY COLLEGE     ,NC,27103-5197,Public       ,80,406,486,3981,10731,14712
00531800,CATAWBA VALLEY COMMUNITY COLLEGE        ,NC,28602-8302,Public       ,39,185,224,2484,4721,7205
00532000,CAPE FEAR COMMUNITY COLLEGE             ,NC,28401-3910,Public       ,107,287,394,4557,8049,12606
00544700,RANDOLPH COMMUNITY COLLEGE              ,NC,27204-1009,Public       ,29,114,143,1066,2825,3891
00544800,DURHAM TECHNICAL CMNTY COLLEGE          ,NC,27703-5023,Public       ,61,283,344,2049,7028,9077
00544900,CENTRAL CAROLINA COMMUNITY COLLEGE      ,NC,27330-9000,Public       ,41,200,241,1551,4758,6309
00546300,ALAMANCE COMMUNITY COLLEGE              ,NC,27253-0000,Public       ,29,186,215,1845,4654,6499
00546400,RICHMOND COMMUNITY COLLEGE              ,NC,28345-4522,Public       ,29,82,111,816,2550,3366
00575400,ROWAN-CABARRUS COMMUNITY COLLEGE        ,NC,28146-8357,Public       ,58,276,334,2387,6250,8637
00647700,CABARRUS COLLEGE OF HEALTH SCIENCES     ,NC,28025-0000,Private      ,11,43,54,279,965,1244
00647800,MERCY HOSP SCH OF NURSING               ,NC,28207-0000,Public       ,4,50,54,218,972,1190
00648300,WATTS SCHOOL OF NURSING                 ,NC,27704-0000,Private      ,1,17,18,53,333,386
00679900,CRAVEN COMMUNITY COLLEGE                ,NC,28562-0000,Public       ,43,180,223,956,3827,4783
00703100,PAMLICO COMMUNITY COLLEGE               ,NC,28529-0000,Public       ,2,16,18,96,394,490
00764000,FAYETTEVILLE TECHNICAL CMTY COLLEGE     ,NC,28303-0236,Public       ,121,780,901,3853,15761,19614
00768700,JAMES SPRUNT COMMUNITY COLLEGE          ,NC,28349-0398,Public       ,16,67,83,426,1574,2000
00781400,BROOKSTONE COLLEGE OF BUSINESS          ,NC,28262-1294,Proprietary  ,9,54,63,102,617,719
00781401,BROOKSTONE COLLEGE OF BUSINESS          ,NC,27409-0000,Proprietary  ,10,35,45,98,525,623
00789200,SAMPSON COMMUNITY COLLEGE               ,NC,28328-0000,Public       ,12,51,63,562,1550,2112
00798500,SOUTH PIEDMONT COMMUNITY COLLEGE        ,NC,28135-9703,Public       ,33,111,144,923,2602,3525
00798600,HALIFAX COMMUNITY COLLEGE               ,NC,27890-0089,Public       ,15,72,87,667,1718,2385
00798700,BLADEN COMMUNITY COLLEGE                ,NC,28332-0266,Public       ,21,80,101,635,2004,2639
00798800,MARTIN COMMUNITY COLLEGE                ,NC,27892-8307,Public       ,3,23,26,297,886,1183
00808100,CARTERET COMMUNITY COLLEGE              ,NC,28557-2989,Public       ,20,74,94,661,1900,2561
00808200,CLEVELAND COMMUNITY COLLEGE             ,NC,28150-0000,Public       ,36,141,177,1191,3098,4289
00808300,HAYWOOD COMMUNITY COLLEGE               ,NC,28721-0000,Public       ,10,90,100,759,1847,2606
00808500,MCDOWELL TECHNICAL COMMUNITY CLG        ,NC,28752-8728,Public       ,18,77,95,375,1137,1512
00808700,MONTGOMERY COMMUNITY COLLEGE            ,NC,27371-0787,Public       ,8,29,37,352,924,1276
00846600,SOUTHWESTERN COMMUNITY COLLEGE          ,NC,28779-8581,Public       ,25,90,115,885,1968,2853
00855700,NASH COMMUNITY COLLEGE                  ,NC,27804-0488,Public       ,40,137,177,1201,3047,4248
00855800,BEAUFORT COUNTY COMMUNITY COLLEGE       ,NC,27889-7889,Public       ,8,78,86,704,1926,2630
00861200,ROBESON COMMUNITY COLLEGE               ,NC,28359-2151,Public       ,37,106,143,1246,3618,4864
00861300,ROANOKE-CHOWAN COMMUNITY COLLEGE        ,NC,27910-9522,Public       ,4,28,32,330,890,1220
00885500,EDGECOMBE COMMUNITY COLLEGE             ,NC,27886-9399,Public       ,39,160,199,907,3790,4697
00902500,EMPIRE BEAUTY SCHOOL                    ,NC,28105-2508,Proprietary  ,24,55,79,232,689,921
00933600,JOHNSTON COMMUNITY COLLEGE              ,NC,27577-0000,Public       ,23,111,134,1596,4092,5688
00943000,TRI-COUNTY COMMUNITY COLLEGE            ,NC,28906-7919,Public       ,17,60,77,435,1058,1493
00964600,PIEDMONT COMMUNITY COLLEGE              ,NC,27573-1197,Public       ,14,55,69,553,1615,2168
00968400,BLUE RIDGE COMMUNITY COLLEGE            ,NC,28731-9624,Public       ,12,100,112,799,1943,2742
00974701,GORDON-CONWELL THEO SEM - CHARLOTTE     ,NC,28273-0000,Private      ,0,14,14,3,273,276
00990300,VANCE-GRANVILLE CMTY COLLEGE            ,NC,27536-0917,Public       ,33,125,158,1411,3674,5085
01026400,SOUTH COLLEGE                           ,NC,28803-3152,Proprietary  ,7,98,105,109,723,832
01119400,STANLY COMMUNITY COLLEGE                ,NC,28001-7458,Public       ,38,125,163,1027,2838,3865
01119700,MAYLAND COMMUNITY COLLEGE               ,NC,28777-2777,Public       ,8,37,45,416,778,1194
01179900,PAUL MITCHELL THE SCHOOL FAYETTEVILLE   ,NC,28303-5364,Proprietary  ,26,54,80,262,717,979
01192600,LEON'S BEAUTY SCHOOL                    ,NC,27403-2812,Proprietary  ,10,25,35,159,435,594
02056500,MITCHELL'S HAIR STYLING ACADEMY         ,NC,27893-0000,Proprietary  ,1,11,12,57,127,184
02056501,MITCHELL'S HAIR STYLING ACADEMY - MITCHE,NC,27606-3326,Proprietary  ,15,35,50,53,181,234
02110500,ART INSTITUTE OF CHARLOTTE (THE)        ,NC,28217-0000,Proprietary  ,118,253,371,2990,3066,6056
02158414,HARRISON COLLEGE - THE CHEF'S ACADEMY - ,NC,27560-0000,Proprietary  ,8,36,44,35,130,165
02170700,BRUNSWICK COMMUNITY COLLEGE             ,NC,28422-0000,Public       ,26,62,88,706,1388,2094
02205000,COLLEGE OF WILMINGTON                   ,NC,28403-0000,Proprietary  ,4,36,40,252,383,635
02210400,FAYETTEVILLE BEAUTY COLLEGE             ,NC,28303-0000,Proprietary  ,4,20,24,88,345,433
02227800,MITCHELL'S HAIR STYLING ACADEMY         ,NC,27534-0000,Proprietary  ,2,0,2,11,33,44
02227900,MITCHELL'S HAIR STYLING ACADEMY         ,NC,27858-0000,Proprietary  ,0,4,4,21,62,83
02238700,HAIRSTYLING INSTITUTE OF CHARLOTTE      ,NC,28204-0000,Proprietary  ,0,0,0,58,258,316
02280900,MID-ATLANTIC CHRISTIAN UNIVERSITY       ,NC,27909-0000,Private      ,5,8,13,117,139,256
02326203,KAPLAN CAREER INSTITUTE - KAPLAN COLLEGE,NC,28212-6830,Proprietary  ,28,194,222,349,2038,2387
02558900,CHEVEUX SCHOOL OF HAIR DESIGN           ,NC,28540-0000,Proprietary  ,0,9,9,0,9,9
02560600,PINNACLE INSTITUTE OF COSMETOLOGY       ,NC,28115-8020,Proprietary  ,2,5,7,45,110,155
02614201,MILLER-MOTTE BUSINESS COLLEGE           ,NC,28403-0000,Proprietary  ,43,399,442,420,3032,3452
02614205,MILLER - MOTTE TECHNICAL COLLEGE - MILLE,NC,27834-5052,Proprietary  ,26,90,116,232,1149,1381
03009500,WINSTON-SALEM BARBER SCHOOL             ,NC,27107-0000,Proprietary  ,2,21,23,64,186,250
03064400,REGENCY BEAUTY INSTITUTE                ,NC,27127-0000,Proprietary  ,15,34,49,142,299,441
03089300,HERITAGE BIBLE COLLEGE                  ,NC,28335-0000,Private      ,1,5,6,23,105,128
03104200,CAROLINAS COLLEGE OF HEALTH SCIENCE     ,NC,28232-2861,Public       ,11,72,83,375,1462,1837
03109000,LIVING ARTS COLLEGE                     ,NC,27614-7076,Proprietary  ,47,71,118,604,790,1394
03361300,MEDICAL ARTS MASSAGE SCHOOL             ,NC,27616-6453,Proprietary  ,5,35,40,57,378,435
03513400,APEX SCHOOL OF THEOLOGY                 ,NC,27703-8024,Private      ,3,51,54,35,1168,1203
03555300,SOUTHEASTERN INSTITUTE                  ,NC,28217-0000,Proprietary  ,17,99,116,142,799,941
03555400,SOUTHEASTERN SCHOOL OF NEUROMUSCULAR  MA,NC,29406-0000,Proprietary  ,10,55,65,57,286,343
03570300,CAROLINA CHRISTIAN COLLEGE              ,NC,27105-3241,Private      ,3,9,12,26,147,173
03663300,HOOD THEOLOGICAL SEMINARY               ,NC,28144-5768,Private      ,0,6,6,0,258,258
03748500,LA SHE'S BEAUTY ACADEMY                 ,NC,27707-3569,Proprietary  ,1,29,30,35,191,226
03777300,CAROLINA ACAD OF COSMETIC ART & SCI     ,NC,28054-0460,Proprietary  ,25,48,73,180,442,622
03827300,NEW LIFE THEOLOGICAL SEMINARY           ,NC,28205-1648,Private      ,0,21,21,7,242,249
04073300,JUNG TAO SCHOOL OF CLASSICAL CHINESE MED,NC,28679-9657,Private      ,0,3,3,1,35,36
04098300,TECHSKILLS - CHARLOTTE                  ,NC,28217-0000,Proprietary  ,2,29,31,48,333,381
04101300,CAROLINA SCHOOL OF BROADCASTING         ,NC,28214-8085,Proprietary  ,2,25,27,92,327,419
04115700,REGINA'S COLLEGE OF BEAUTY              ,NC,28110-2831,Proprietary  ,7,37,44,62,305,367
04120300,"FILA ACADEMY, THE                       ",NC,27265-3114,Proprietary  ,4,51,55,30,145,175
04129400,CENTER FOR MASSAGE & NATURAL HEALTH     ,NC,28787-8331,Proprietary  ,2,19,21,26,117,143
04140700,AVEDA INSTITUTE CHAPEL HILL             ,NC,27516-2559,Proprietary  ,17,31,48,223,385,608
04143500,CHARLOTTE SCHOOL OF LAW                 ,NC,28208-2816,Proprietary  ,1,50,51,63,2412,2475
04146400,DAOIST TRADITIONS COLLEGE OF CHINESE MED,NC,28801-1060,Proprietary  ,0,2,2,6,98,104
04149300,PARK WEST BARBER SCHOOL                 ,NC,27701-4022,Proprietary  ,17,90,107,74,427,501
04154200,CAROLINA BIBLE COLLEGE                  ,NC,29303-5157,Private      ,1,18,19,23,244,267
04172800,BODY THERAPY INSTITUTE                  ,NC,27344-6728,Proprietary  ,0,21,21,23,151,174
04173000,SHEPHERDS THEOLOGICAL SEMINARY          ,NC,27518-9316,Private      ,0,1,1,0,22,22
04173700,GRACE COLLEGE OF DIVINITY               ,NC,28314-2343,Private      ,3,5,8,25,70,95
04178100,CAROLINA COLLEGE OF HAIR DESIGN         ,NC,28802-1232,Proprietary  ,6,8,14,54,136,190
04204700,PAUL MITCHELL THE SCHOOL RALEIGH        ,NC,27612-7358,Proprietary  ,16,22,38,16,22,38
00298800,BISMARCK STATE COLLEGE                  ,ND,58501-1299,Public       ,36,78,114,2116,1885,4001
00298900,DICKINSON STATE UNIVERSITY              ,ND,58601-4896,Public       ,14,36,50,1150,808,1958
00299000,JAMESTOWN COLLEGE                       ,ND,58405-3401,Private      ,6,4,10,881,158,1039
00299100,LAKE REGION STATE COLLEGE               ,ND,58301-1598,Public       ,9,29,38,414,506,920
00299200,UNIVERSITY OF MARY                      ,ND,58504-9652,Private      ,9,78,87,1633,1737,3370
00299300,MAYVILLE STATE UNIVERSITY               ,ND,58257-1299,Public       ,14,16,30,593,348,941
00299400,MINOT STATE UNIVERSITY                  ,ND,58707-0002,Public       ,18,57,75,1709,1572,3281
00299500,DAKOTA COLLEGE AT BOTTINEAU             ,ND,58318-1159,Public       ,6,6,12,338,335,673
00299600,NORTH DAKOTA STATE CLG OF SCIENCE       ,ND,58076-0002,Public       ,19,36,55,1599,939,2538
00299700,NORTH DAKOTA STATE UNIVERSITY           ,ND,58108-6050,Public       ,72,88,160,9975,3256,13231
00300500,UNIVERSITY OF NORTH DAKOTA              ,ND,58202-8193,Public       ,65,218,283,8482,5802,14284
00300700,WILLISTON STATE COLLEGE                 ,ND,58802-1326,Public       ,6,24,30,312,425,737
00300800,VALLEY CITY STATE UNIVERSITY            ,ND,58072-0000,Public       ,14,12,26,780,422,1202
00775600,JOSEF'S SCHOOL OF HAIR DESIGN INC       ,ND,58102-4977,Proprietary  ,2,15,17,72,113,185
00869408,RASMUSSEN COLLEGE - FARGO               ,ND,58103-7196,Proprietary  ,5,86,91,217,1098,1315
00869415,RASMUSSEN COLLEGE - BISMARCK            ,ND,58503-0000,Proprietary  ,11,29,40,103,507,610
00935400,MEDCENTER ONE COLLEGE OF NURSING        ,ND,58501-4494,Private      ,3,5,8,75,97,172
01040600,JOSEF'S SCHOOL OF HAIR DESIGN           ,ND,58201-6394,Proprietary  ,2,6,8,60,103,163
01205900,TRINITY BIBLE COLLEGE                   ,ND,58436-7150,Private      ,2,5,7,219,140,359
01229500,JZ TREND ACADEMY PAUL MITCHELL PARTNER S,ND,58501-0000,Proprietary  ,5,15,20,97,69,166
02188200,SITTING BULL COLLEGE                    ,ND,58538-9701,Public       ,3,41,44,76,421,497
02236500,LITTLE HOOP COMMUNITY COLLEGE           ,ND,58335-0000,Public       ,10,62,72,45,254,299
02242900,UNITED TRIBES TECHNICAL COLLEGE         ,ND,58504-0000,Private      ,17,39,56,291,918,1209
02298200,HEADQUARTERS ACADEMY OF HAIR DESIGN     ,ND,58701-0000,Proprietary  ,1,5,6,24,61,85
02301100,TURTLE MTN CMNTY COLG-FIN AID OFC       ,ND,58316-0000,Private      ,26,53,79,272,652,924
02553700,FORT BERTHOLD COMMUNITY COLLEGE         ,ND,58763-0000,Public       ,11,38,49,70,182,252
03087200,MOLER BARBER CLG OF HAIRSTYLING         ,ND,58103-0000,Proprietary  ,1,2,3,5,15,20
04031300,SALON PROFESSIONAL ACADEMY (THE)        ,ND,58103-3337,Proprietary  ,3,15,18,86,96,182
04139400,HAIR ACADEMY (THE)                      ,ND,58501-4929,Proprietary  ,5,3,8,61,51,112
00133901,CORBAN UNIVERSITY - SCHOOL OF MINISTRY  ,WA,98402-6699,Private      ,0,0,0,5,25,30
00301005,ANTIOCH UNIV/SEATTLE                    ,WA,98121-0000,Private      ,6,66,72,87,1353,1440
00376900,BELLEVUE COLLEGE                        ,WA,98007-6484,Public       ,244,651,895,5295,9000,14295
00377000,BIG BEND COMMUNITY COLLEGE              ,WA,98837-3299,Public       ,50,140,190,1203,2088,3291
00377100,"CENTRAL WASHINGTON UNIV., FIN AID       ",WA,98926-7495,Public       ,234,215,449,11328,6097,17425
00377200,CENTRALIA COLLEGE                       ,WA,98531-4099,Public       ,49,223,272,1394,2676,4070
00377300,CLARK COLLEGE                           ,WA,98663-3598,Public       ,322,990,1312,6002,13015,19017
00377400,COLUMBIA BASIN COLLEGE                  ,WA,99301-3379,Public       ,115,359,474,3283,5361,8644
00377500,EASTERN WASHINGTON UNIVERSITY           ,WA,99004-2447,Public       ,208,285,493,11196,7955,19151
00377600,EVERETT COMMUNITY COLLEGE               ,WA,98201-1352,Public       ,177,608,785,3337,8015,11352
00377700,HERITAGE UNIVERSITY                     ,WA,98948-9562,Private      ,13,44,57,582,1833,2415
00377800,GONZAGA UNIVERSITY                      ,WA,99258-0083,Private      ,80,203,283,8305,4678,12983
00377900,GRAYS HARBOR COLLEGE                    ,WA,98520-7599,Public       ,38,178,216,850,2265,3115
00378000,GREEN RIVER COMMUNITY COLLEGE           ,WA,98092-3622,Public       ,184,540,724,3620,6904,10524
00378100,HIGHLINE COMMUNITY COLLEGE              ,WA,98198-9800,Public       ,215,525,740,3674,7404,11078
00378200,LOWER COLUMBIA COLLEGE                  ,WA,98632-0310,Public       ,68,338,406,1457,4331,5788
00378300,NORTHWEST UNIVERSITY                    ,WA,98083-0000,Private      ,18,65,83,1381,1188,2569
00378400,OLYMPIC COLLEGE                         ,WA,98337-1600,Public       ,122,418,540,2443,6878,9321
00378500,PACIFIC LUTHERAN UNIVERSITY             ,WA,98447-0003,Private      ,65,102,167,4868,2179,7047
00378600,PENINSULA COLLEGE                       ,WA,98362-6660,Public       ,22,172,194,741,2276,3017
00378700,SEATTLE CENTRAL COMMUNITY COLLEGE       ,WA,98122-2413,Public       ,166,648,814,3532,8896,12428
00378703,SEATTLE VOCATIONAL INSTITUTE            ,WA,98144-0000,Public       ,27,101,128,187,892,1079
00378800,SEATTLE PACIFIC UNIVERSITY              ,WA,98119-1997,Private      ,95,110,205,6984,2937,9921
00379000,SEATTLE UNIVERSITY                      ,WA,98122-1090,Private      ,122,216,338,9266,7492,16758
00379100,SHORELINE COMMUNITY COLLEGE             ,WA,98133-5696,Public       ,100,380,480,2419,5608,8027
00379200,SKAGIT VALLEY COLLEGE                   ,WA,98273-5899,Public       ,97,327,424,1950,4337,6287
00379300,SPOKANE COMMUNITY COLLEGE               ,WA,99207-5399,Public       ,186,845,1031,4630,12850,17480
00379400,ST MARTIN'S UNIVERSITY                  ,WA,98503-7500,Private      ,24,61,85,1445,1422,2867
00379600,TACOMA COMMUNITY COLLEGE                ,WA,98466-6100,Public       ,235,858,1093,4215,11790,16005
00379700,UNIVERSITY OF PUGET SOUND               ,WA,98416-1039,Private      ,62,94,156,5452,1623,7075
00379800,UNIVERSITY OF WASHINGTON                ,WA,98195-5880,Public       ,530,857,1387,33944,31146,65090
00379900,WALLA WALLA UNIVERSITY                  ,WA,99324-1198,Private      ,22,30,52,1686,844,2530
00380000,WASHINGTON STATE UNIVERSITY             ,WA,99164-1035,Public       ,404,481,885,23709,14184,37893
00380100,WENATCHEE VALLEY COLLEGE                ,WA,98801-1799,Public       ,57,231,288,1867,3634,5501
00380200,WESTERN WASHINGTON UNIVERSITY           ,WA,98225-5946,Public       ,238,184,422,16687,5323,22010
00380300,WHITMAN COLLEGE                         ,WA,99362-2067,Private      ,19,4,23,2946,158,3104
00380400,WHITWORTH UNIVERSITY                    ,WA,99251-0001,Private      ,62,69,131,4526,1550,6076
00380500,YAKIMA VALLEY COMMUNITY COLLEGE         ,WA,98907-2520,Public       ,93,317,410,3277,5506,8783
00499900,BELLINGHAM TECHNICAL COLLEGE            ,WA,98225-0000,Public       ,51,294,345,1050,3607,4657
00500000,PIERCE COLLEGE                          ,WA,98498-1919,Public       ,180,805,985,3838,9659,13497
00500100,EDMONDS COMMUNITY COLLEGE               ,WA,98036-5999,Public       ,152,498,650,2824,6644,9468
00500600,WALLA WALLA COMMUNITY COLLEGE           ,WA,99362-9267,Public       ,49,212,261,1837,3281,5118
00530600,BATES TECHNICAL COLLEGE                 ,WA,98405-0000,Public       ,75,471,546,1059,4464,5523
00537200,SOUTH PUGET SOUND COMMUNITY COLLEGE     ,WA,98512-6292,Public       ,106,371,477,2616,6464,9080
00537300,LAKE WASHINGTON TECHNICAL COLLEGE       ,WA,98034-8505,Public       ,65,226,291,894,3580,4474
00575200,CLOVER PARK TECHNICAL COLLEGE           ,WA,98499-0000,Public       ,110,543,653,1698,7203,8901
00815500,EVERGREEN STATE COLLEGE (THE)           ,WA,98505-0002,Public       ,73,168,241,4083,4740,8823
00907901,EVEREST COLLEGE                         ,WA,98684-6950,Proprietary  ,16,102,118,181,766,947
00938700,PERRY TECHNICAL INSTITUTE               ,WA,98903-1239,Private      ,32,75,107,598,1134,1732
00954400,SPOKANE FALLS COMMUNITY COLLEGE         ,WA,99224-5204,Public       ,196,572,768,4841,8470,13311
00970400,NORTH SEATTLE COMMUNITY COLLEGE         ,WA,98103-3599,Public       ,89,444,533,1822,6188,8010
00970600,SOUTH SEATTLE COMMUNITY COLLEGE         ,WA,98106-1499,Public       ,126,410,536,2151,5303,7454
00973900,GLEN DOW ACAD OF HAIR DESIGN            ,WA,99201-0209,Proprietary  ,13,48,61,134,333,467
01036400,WHATCOM COMMUNITY COLLEGE               ,WA,98226-8003,Public       ,107,287,394,2500,4118,6618
01043400,RENTON TECHNICAL COLLEGE                ,WA,98056-0000,Public       ,60,299,359,1046,3894,4940
01148100,DIVERS INSTITUTE OF TECHNOLOGY          ,WA,98107-0000,Proprietary  ,23,67,90,168,624,792
01231500,CORNISH COLLEGE OF THE ARTS             ,WA,98121-4604,Private      ,18,18,36,1669,561,2230
01249600,"BEAUTIWORKS SEATTLE, LLC                ",WA,98133-5615,Proprietary  ,5,15,20,45,99,144
01302200,CITY UNIVERSITY OF SEATTLE              ,WA,98005-3030,Private      ,9,145,154,223,2623,2846
01309400,BELLINGHAM BEAUTY SCHOOL                ,WA,98225-0000,Proprietary  ,3,19,22,35,142,177
02105300,EVERGREEN BEAUTY AND BARBER COLLEGE     ,WA,98007-3722,Proprietary  ,10,35,45,80,228,308
02106700,TRINITY LUTHERAN COLLEGE                ,WA,98201-3569,Private      ,3,4,7,190,132,322
02180000,NORTHWEST INDIAN COLLEGE                ,WA,98226-9278,Public       ,25,105,130,199,959,1158
02184200,PAROBA COLLEGE OF COSMETOLOGY           ,WA,98208-0000,Proprietary  ,7,23,30,80,203,283
02202200,STYLEMASTERS COLLEGE OF HAIR DESIGN     ,WA,98632-0000,Proprietary  ,5,21,26,51,150,201
02203300,GENE JUAREZ ACADEMY OF BEAUTY           ,WA,98125-0000,Proprietary  ,45,75,120,464,831,1295
02222900,INTERNATIONAL AIR & HOSPITALITY ACADEMY ,WA,98661-4835,Proprietary  ,35,114,149,355,775,1130
02236800,PROFESSIONAL BEAUTY SCHOOL              ,WA,98902-0000,Proprietary  ,5,14,19,53,112,165
02242500,BASTYR UNIVERSITY                       ,WA,98028-0000,Private      ,3,45,48,163,1564,1727
02242504,SEATTLE MIDWIFERY SCHOOL                ,WA,98144-0000,Private      ,0,0,0,2,2,4
02291300,ART INSTITUTE OF SEATTLE                ,WA,98121-1622,Proprietary  ,119,210,329,2524,2853,5377
02300100,EVEREST COLLEGE                         ,WA,98367-1835,Proprietary  ,18,86,104,138,627,765
02300103,EVEREST COLLEGE - EVERETT               ,WA,98208-2610,Proprietary  ,50,146,196,284,1008,1292
02300104,EVEREST COLLEGE - TACOMA                ,WA,98402-3004,Proprietary  ,64,295,359,500,2167,2667
02326500,INTERFACE COLLEGE                       ,WA,99201-4326,Proprietary  ,4,37,41,28,292,320
02331400,NORTHWEST HAIR ACADEMY                  ,WA,98273-0000,Proprietary  ,19,24,43,103,186,289
02331402,NORTHWEST HAIR ACADEMY - EVERETT        ,WA,98204-0000,Proprietary  ,5,10,15,43,78,121
02504900,ACADEMY OF HAIR DESIGN (THE)            ,WA,98801-0000,Proprietary  ,5,13,18,48,141,189
02541900,BJ'S BEAUTY AND BARBER COLLEGE          ,WA,98409-0000,Proprietary  ,8,40,48,58,342,400
02602100,NORTHWEST COLLEGE OF ART                ,WA,98370-8625,Proprietary  ,5,1,6,191,92,283
02606200,EVEREST COLLEGE                         ,WA,98055-2990,Proprietary  ,29,127,156,240,961,1201
02617500,EVEREST COLLEGE                         ,WA,98133-9018,Proprietary  ,48,150,198,293,889,1182
02617501,EVEREST COLLEGE - FIFE                  ,WA,98424-2649,Proprietary  ,0,0,0,12,42,54
02617503,EVEREST COLLEGE - VANCOUVER             ,WA,98684-6951,Proprietary  ,5,43,48,108,426,534
03031406,INTERNATIONAL ACADEMY OF DESIGN & TECH  ,WA,98188-3319,Proprietary  ,20,48,68,161,384,545
03065000,CLARE'S BEAUTY COLLEGE                  ,WA,99301-0000,Proprietary  ,9,17,26,88,202,290
03071800,ITT TECHNICAL INSTITUTE                 ,WA,99216-1589,Proprietary  ,73,301,374,670,2798,3468
03071805,ITT TECHNICAL INSTITUTE - SEATTLE       ,WA,98168-3346,Proprietary  ,71,293,364,588,2474,3062
03099000,CORTIVA INSTITUTE - SEATTLE             ,WA,98109-5474,Proprietary  ,15,69,84,140,486,626
03110800,BAKKE GRADUATE UNIVERSITY               ,WA,98104-1222,Private      ,3,3,6,14,63,77
03139500,MONTESSORI SCHOOLS OF WASHINGTON        ,WA,98203-6600,Private      ,1,1,2,4,16,20
03280300,SEATTLE INST OF ORIENTAL MEDICINE       ,WA,98115-0000,Proprietary  ,1,7,8,16,99,115
03283300,NORTHWEST HVAC/R ASSOCIATION & TRAINING ,WA,99202-0000,Private      ,0,4,4,13,125,138
03466400,MARS HILL GRADUATE SCHOOL               ,WA,98121-0000,Private      ,2,5,7,4,327,331
03483500,CASCADIA COMMUNITY COLLEGE              ,WA,98011-9510,Public       ,63,123,186,1279,1800,3079
03490400,EMIL FRIES PIANO HOSPITAL & TRAININ     ,WA,98661-4323,Private      ,1,2,3,4,20,24
03689400,FAITH EVANGELICAL COLLEGE & SEMINARY    ,WA,98407-2607,Private      ,2,23,25,20,385,405
03724300,DIGIPEN INSTITUTE OF TECHNOLOGY         ,WA,98052-5170,Proprietary  ,14,13,27,845,524,1369
03917300,EVERGREEN BEAUTY AND BARBER COLLEGE     ,WA,98208-3759,Proprietary  ,14,59,73,132,411,543
03932500,TOTAL COSMETOLOGY TRAINING CENTER       ,WA,99217-6231,Proprietary  ,14,47,61,68,317,385
03953300,YAKIMA BEAUTY SCHOOL                    ,WA,98901-2202,Proprietary  ,5,6,11,49,116,165
04043400,ALPINE COLLEGE                          ,WA,99206-5097,Proprietary  ,0,0,0,51,306,357
04120000,SUNNYSIDE BEAUTY ACADEMY                ,WA,98944-8711,Proprietary  ,0,3,3,19,59,78
04127200,VICTORIA'S ACADEMY OF COSMETOLOGY       ,WA,99336-3826,Proprietary  ,9,24,33,73,212,285
04130500,PACIFIC NORTHWEST UNIV OF HEALTH SCIENCE,WA,98901-1471,Private      ,2,7,9,35,460,495
04130800,CASCADE BEAUTY COLLEGE                  ,WA,98002-5504,Proprietary  ,0,16,16,31,91,122
04132800,INLAND MASSAGE INSTITUTE                ,WA,99218-5016,Proprietary  ,8,25,33,44,154,198
04135200,NORTHWEST AVIATION COLLEGE              ,WA,98002-1609,Proprietary  ,2,19,21,35,128,163
04149400,GARY MANUEL AVEDA INSTITUTE             ,WA,98122-3807,Proprietary  ,17,55,72,202,469,671
04149600,GP INSTITUTE OF COSMETOLOGY             ,WA,98118-2353,Proprietary  ,1,9,10,15,108,123
04155000,NORTHWEST SCHOOL OF WOODEN BOAT BUILDING,WA,98339-8706,Private      ,0,2,2,16,87,103
04161200,BAINBRIDGE GRADUATE INSTITUTE           ,WA,98110-2870,Private      ,0,2,2,2,165,167
04170100,SALON PROFESSIONAL ACADEMY (THE)        ,WA,98409-7360,Proprietary  ,5,36,41,116,358,474
04172900,ACADEMY OF COSMETOLOGY                  ,WA,99354-2651,Proprietary  ,8,8,16,45,104,149
04188900,NORTHWEST INSTITUTE OF LITERARY ARTS    ,WA,98249-0000,Private      ,1,1,2,1,19,20
04191900,PAUL MITCHELL THE SCHOOL SPOKANE        ,WA,99037-5041,Proprietary  ,19,50,69,99,230,329
00340100,BROWN UNIVERSITY                        ,RI,02912-9127,Private      ,118,20,138,20563,1098,21661
00340101,BROWN UNIVERSITY - GRADUATE SCHOOL      ,RI,02912-1827,Private      ,1,22,23,48,1505,1553
00340102,BROWN MEDICAL SCHOOL                    ,RI,02912-0000,Private      ,0,5,5,41,512,553
00340200,BRYANT UNIVERSITY                       ,RI,02917-1284,Private      ,30,24,54,5027,632,5659
00340400,JOHNSON & WALES UNIVERSITY              ,RI,02903-3703,Private      ,252,241,493,20802,6029,26831
00340600,PROVIDENCE COLLEGE                      ,RI,02918-0001,Private      ,37,38,75,8493,911,9404
00340700,RHODE ISLAND COLLEGE                    ,RI,02908-1991,Public       ,90,137,227,7642,4599,12241
00340800,COMMUNITY COLLEGE OF RI - WARWICK       ,RI,02906-0000,Public       ,245,610,855,6854,9815,16669
00340801,COMMUNITY COLLEGE OF RHODE ISLAND - FLAN,RI,02865-4585,Public       ,0,0,0,2364,2844,5208
00340802,COMMUNITY COLLEGE OF RHODE ISLAND - PROV,RI,02905-2313,Public       ,0,0,0,1790,2644,4434
00340900,RHODE ISLAND SCHOOL OF DESIGN           ,RI,02903-2784,Private      ,30,25,55,2758,1607,4365
00341000,ROGER WILLIAMS UNIVERSITY               ,RI,02809-2921,Private      ,56,51,107,8376,1854,10230
00341100,SALVE REGINA UNIVERSITY                 ,RI,02840-4192,Private      ,20,24,44,4312,558,4870
00341400,UNIVERSITY OF RHODE ISLAND              ,RI,02881-0000,Public       ,201,167,368,22650,4911,27561
00659100,ST. JOSEPH HOSP SCH OF NURSING          ,RI,02904-5199,Private      ,3,10,13,78,243,321
00784500,NEW ENGLAND INSTITUTE OF TECHNOLOGY     ,RI,02886-2266,Private      ,78,237,315,2669,3153,5822
01115900,"SAWYER SCHOOL,THE                       ",RI,02860-4117,Proprietary  ,73,300,373,319,1749,2068
01164702,SBI CAMPUS - AN AFFILIATE OF SANFORD-BRO,RI,02920-7807,Proprietary  ,25,73,98,322,1021,1343
02071900,ARTHUR ANGELO SCH COSMET&HAIR DSGN      ,RI,02903-0000,Proprietary  ,9,25,34,93,230,323
02176900,WARWICK ACADEMY OF BEAUTY CULTURE       ,RI,02886-1534,Proprietary  ,8,16,24,73,163,236
02584400,NEW ENGLAND TRACTOR TRAILER TRAINING SCH,RI,02860-1752,Proprietary  ,45,330,375,148,1291,1439
03080000,NEWPORT SCHOOL OF HAIRDRESSING          ,RI,02860-4038,Proprietary  ,0,14,14,14,102,116
03232300,LINCOLN TECHNICAL INSTITUTE             ,RI,02865-4211,Proprietary  ,40,173,213,546,1363,1909
03732300,INTERNATIONAL YACHT RESTORATION SCH     ,RI,02840-6720,Private      ,1,1,2,24,39,63
04141200,TONI & GUY HAIRDRESSING ACADEMY         ,RI,02920-0000,Proprietary  ,8,8,16,117,129,246
00341700,ALLEN UNIVERSITY                        ,SC,29204-1085,Private      ,20,37,57,1060,676,1736
00341800,ANDERSON UNIVERSITY                     ,SC,29621-4035,Private      ,25,84,109,2541,1387,3928
00341900,CHARLESTON SOUTHERN UNIVERSITY          ,SC,29406-2160,Private      ,51,113,164,4291,2674,6965
00342000,BENEDICT COLLEGE                        ,SC,29204-1086,Private      ,79,66,145,4568,2001,6569
00342100,BOB JONES UNIVERSITY                    ,SC,29614-1000,Proprietary  ,23,22,45,2853,538,3391
00342200,SOUTHERN WESLEYAN UNIVERSITY            ,SC,29630-1020,Private      ,3,127,130,874,1940,2814
00342300,THE CITADEL                             ,SC,29409-0002,Public       ,29,54,83,2884,1326,4210
00342400,CLAFLIN UNIVERSITY                      ,SC,29115-4498,Private      ,42,37,79,2745,1170,3915
00342500,CLEMSON UNIVERSITY                      ,SC,29634-0001,Public       ,193,110,303,18459,4506,22965
00342600,UNIV OF SC AT SUMTER                    ,SC,29150-2498,Public       ,14,33,47,791,717,1508
00342700,COKER COLLEGE                           ,SC,29550-3797,Private      ,10,39,49,1130,1067,2197
00342800,COLLEGE OF CHARLESTON                   ,SC,29424-0100,Public       ,104,92,196,11603,3502,15105
00342900,COLUMBIA INTERNATIONAL UNIVERSITY       ,SC,29203-1599,Private      ,6,45,51,586,900,1486
00343000,COLUMBIA COLLEGE                        ,SC,29203-5998,Private      ,20,58,78,1356,1544,2900
00343100,CONVERSE COLLEGE                        ,SC,29302-0006,Private      ,7,44,51,953,805,1758
00343200,ERSKINE COLLEGE                         ,SC,29639-0000,Private      ,7,2,9,729,65,794
00343201,ERSKINE THEOLOGICAL SEMINARY            ,SC,29639-0000,Private      ,0,9,9,3,132,135
00343400,FURMAN UNIVERSITY                       ,SC,29613-5253,Private      ,34,30,64,3640,606,4246
00343500,LANDER UNIVERSITY                       ,SC,29649-2099,Public       ,39,29,68,4233,1180,5413
00343600,LIMESTONE COLLEGE                       ,SC,29340-3799,Private      ,17,143,160,1440,3358,4798
00343700,LUTHERAN THEOLOGICAL SOUTHERN SEM       ,SC,29203-5898,Private      ,0,2,2,6,143,149
00343800,MEDICAL UNIV OF SOUTH CAROLINA - FA     ,SC,29425-1760,Public       ,10,92,102,274,3317,3591
00343900,MORRIS COLLEGE                          ,SC,29150-3599,Private      ,23,21,44,1476,679,2155
00344000,NEWBERRY COLLEGE                        ,SC,29108-2197,Private      ,16,5,21,1761,336,2097
00344100,NORTH GREENVILLE COLLEGE                ,SC,29688-1892,Private      ,18,15,33,2422,481,2903
00344500,PRESBYTERIAN COLLEGE                    ,SC,29325-2503,Private      ,8,2,10,1659,289,1948
00344600,SOUTH CAROLINA STATE UNIVERSITY         ,SC,29117-4427,Public       ,87,98,185,6565,3319,9884
00344700,SPARTANBURG METHODIST COLLEGE           ,SC,29301-5899,Private      ,8,13,21,1315,274,1589
00344800,UNIVERSITY OF SOUTH CAROLINA            ,SC,29208-3999,Public       ,264,325,589,25759,13223,38982
00344900,UNIVERSITY OF SOUTH CAROLINA AIKEN      ,SC,29801-6399,Public       ,36,54,90,3485,1621,5106
00345000,UNIV OF SC AT BEAUFORT                  ,SC,29902-0000,Public       ,26,54,80,1710,1239,2949
00345100,COASTAL CAROLINA UNIVERSITY             ,SC,29528-0000,Public       ,134,110,244,13226,3450,16676
00345300,UNIV OF SC AT LANCASTER                 ,SC,29721-0889,Public       ,22,35,57,1060,866,1926
00345400,UNIV OF SC SYSTEM SALKEHATCHIE          ,SC,29810-0617,Public       ,18,64,82,698,1167,1865
00345500,VOORHEES COLLEGE                        ,SC,29042-0000,Private      ,11,13,24,996,482,1478
00345600,WINTHROP UNIVERSITY                     ,SC,29733-0001,Public       ,55,69,124,6036,2558,8594
00345700,WOFFORD COLLEGE                         ,SC,29303-3663,Private      ,26,10,36,2372,250,2622
00399000,FLORENCE-DARLINGTON TECH COLLEGE        ,SC,29501-0548,Public       ,84,355,439,3286,7271,10557
00399100,GREENVILLE TECHNICAL COLLEGE            ,SC,29607-2439,Public       ,168,667,835,7990,15057,23047
00399200,PIEDMONT TECHNICAL COLLEGE              ,SC,29648-1467,Public       ,105,359,464,2539,6532,9071
00399300,MIDLANDS TECHNICAL COLLEGE              ,SC,29202-0000,Public       ,162,644,806,7605,13873,21478
00399400,SPARTANBURG COMMUNITY COLLEGE           ,SC,29305-4386,Public       ,91,316,407,3538,6358,9896
00399500,CENTRAL CAROLINA TECHNICAL COLLEGE      ,SC,29150-2499,Public       ,75,365,440,1900,5301,7201
00399600,YORK TECHNICAL COLLEGE                  ,SC,29730-3395,Public       ,86,347,433,3122,6559,9681
00492000,TRIDENT TECHNICAL COLLEGE               ,SC,29423-8067,Public       ,256,864,1120,7691,17104,24795
00492300,CLINTON JR COLLEGE                      ,SC,29730-5152,Private      ,7,6,13,206,129,335
00492400,FORREST JUNIOR COLLEGE                  ,SC,29624-2405,Proprietary  ,4,42,46,36,320,356
00492500,HORRY-GEORGETOWN TECH COLLEGE           ,SC,29526-9521,Public       ,119,353,472,4151,8689,12840
00492600,TRI-COUNTY TECHNICAL COLLEGE            ,SC,29670-9133,Public       ,80,199,279,4372,5555,9927
00492700,UNIV OF SC AT UNION                     ,SC,29379-0729,Public       ,5,12,17,294,334,628
00499204,MILLER-MOTTE TECHNICAL COLLEGE - CONWAY ,SC,29526-9508,Proprietary  ,40,171,211,344,1418,1762
00536300,DENMARK TECHNICAL COLLEGE               ,SC,29042-0000,Public       ,132,261,393,1121,1742,2863
00681500,ORANGEBURG-CALHOUN TECHNICAL COLG       ,SC,29118-8299,Public       ,57,142,199,1700,2925,4625
00695100,UNIVERSITY OF SOUTH CAROLINA UPSTATE    ,SC,29303-9972,Public       ,57,124,181,5945,3575,9520
00760200,NORTHEASTERN TECHNICAL COLLEGE          ,SC,29520-7015,Public       ,24,62,86,673,1461,2134
00922600,FRANCIS MARION UNIVERSITY               ,SC,29501-0000,Public       ,45,72,117,4789,2406,7195
00932200,WILLIAMSBURG TECHNICAL COLLEGE          ,SC,29556-4197,Public       ,23,35,58,339,919,1258
00991000,TECHNICAL COLLEGE OF THE LOWCOUNTRY     ,SC,29902-5441,Public       ,46,172,218,1156,3687,4843
00991100,UNIV OF SC-REGIONAL CAMPUSES ADMIN      ,SC,29208-0001,Public       ,0,9,9,88,90,178
01005600,AIKEN TECHNICAL COLLEGE                 ,SC,29802-0696,Public       ,50,195,245,2063,3993,6056
01209200,KENNETH SHULER SCHOOL OF COSMETOLOGY    ,SC,29732-2169,Proprietary  ,9,41,50,169,465,634
01303907,SOUTH UNIVERSITY                        ,SC,29203-6400,Proprietary  ,30,226,256,513,3192,3705
02063700,SHERMAN CLG STRAIGHT CHIROPRACTIC       ,SC,29316-0000,Private      ,0,5,5,14,252,266
02338600,CHARZANNE BEAUTY COLLEGE                ,SC,29649-0000,Proprietary  ,2,12,14,19,93,112
02341100,KENNETH SHULER SCHOOL OF COSMETOLOGY & N,SC,29210-0000,Proprietary  ,7,98,105,206,829,1035
02356600,CHARLESTON COSMETOLOGY INSTITUTE        ,SC,29420-0000,Proprietary  ,7,30,37,62,201,263
02359802,ITT TECHNICAL INSTITUTE -               ,SC,29615-4506,Proprietary  ,0,2,2,0,2,2
02552400,ACADEMY OF HAIR TECHNOLOGY              ,SC,29615-2363,Proprietary  ,3,18,21,63,180,243
02567600,SUMTER BEAUTY COLLEGE                   ,SC,29150-0000,Proprietary  ,2,22,24,41,134,175
02614202,MILLER - MOTTE TECHNICAL COLLEGE - NORTH,SC,29406-9239,Proprietary  ,25,153,178,286,1340,1626
03010614,VIRGINIA COLLEGE - GOLF ACADEMY OF AMERI,SC,29579-0000,Proprietary  ,5,29,34,205,396,601
03010617,VIRGINIA COLLEGE - GREENVILLE           ,SC,29607-7200,Proprietary  ,4,48,52,256,1279,1535
03010620,VIRGINIA COLLEGE - CHARLESTON           ,SC,29406-4999,Proprietary  ,4,41,45,218,1210,1428
03010621,VIRGINIA COLLEGE - COLUMBIA             ,SC,29223-7527,Proprietary  ,4,61,65,275,1263,1538
03052300,KENNETH SHULER SCH COSM & HAIR DESG     ,SC,29841-2013,Proprietary  ,9,43,52,144,452,596
03088300,ACADEMY OF COSMETOLOGY                  ,SC,29418-5667,Proprietary  ,12,22,34,76,198,274
03293300,STRAND COLLEGE OF HAIR DESIGN           ,SC,29572-4310,Proprietary  ,4,20,24,34,140,174
03304300,CENTURA COLLEGE                         ,SC,29406-9235,Proprietary  ,29,248,277,204,1473,1677
03513300,LACY COSMETOLOGY SCHOOL                 ,SC,29803-9084,Proprietary  ,5,23,28,33,100,133
03513301,LACY COSMETOLOGY SCHOOL -               ,SC,29072-0000,Proprietary  ,3,4,7,12,50,62
03513302,LACY COSMETOLOGY SCHOOL -               ,SC,29445-0000,Proprietary  ,3,12,15,29,101,130
03595300,CHARLESTON SCHOOL OF MASSAGE            ,SC,29412-8270,Proprietary  ,3,8,11,33,92,125
03709301,EDWARD VIA VIRGINIA COLLEGE OF OSTEOPATH,SC,29303-3639,Private      ,0,4,4,30,378,408
03746300,LEGRAND INSTITUTE OF COSMETOLOGY        ,SC,29020-0000,Proprietary  ,3,9,12,27,70,97
03746400,SOUTHEASTERN INSTITUTE                  ,SC,29210-0000,Proprietary  ,1,58,59,65,385,450
03768400,STYLETRENDS BARBER AND HAIRSTYLING ACADE,SC,29730-4511,Proprietary  ,2,7,9,15,91,106
03856400,W. L. BONNER COLLEGE                    ,SC,29203-0000,Private      ,0,3,3,8,76,84
03892300,HARLEY'S BEAUTY & BARBER CAREER INST.   ,SC,29204-1919,Proprietary  ,2,14,16,30,126,156
04083300,MARION COUNTY TECHNICAL EDUCATION CENTER,SC,29571-0000,Public       ,1,8,9,23,129,152
04096300,CHARLESTON SCHOOL OF LAW                ,SC,29402-0535,Proprietary  ,0,16,16,33,1316,1349
04158100,AIKEN SCHOOL OF COSMETOLOGY             ,SC,29801-4026,Proprietary  ,3,11,14,34,99,133
04166900,COSMETIC ARTS INSTITUTE                 ,SC,29488-2753,Proprietary  ,2,12,14,11,85,96
04172600,SALON 496 BARBER ACADEMY                ,SC,29607-2548,Proprietary  ,2,12,14,31,160,191
04192600,PALMETTO BEAUTY SCHOOL                  ,SC,29307-1424,Proprietary  ,6,33,39,10,52,62
00345800,AUGUSTANA COLLEGE                       ,SD,57197-0001,Private      ,7,8,15,1912,279,2191
00345900,BLACK HILLS STATE UNIVERSITY            ,SD,57799-9670,Public       ,24,62,86,2565,2102,4667
00346100,DAKOTA WESLEYAN UNIVERSITY              ,SD,57301-4398,Private      ,6,11,17,690,317,1007
00346300,DAKOTA STATE UNIVERSITY                 ,SD,57042-1799,Public       ,13,24,37,1328,935,2263
00346500,MOUNT MARTY COLLEGE                     ,SD,57078-3724,Private      ,3,15,18,568,522,1090
00346600,NORTHERN STATE UNIVERSITY               ,SD,57401-7198,Public       ,16,27,43,1697,841,2538
00346700,PRESENTATION COLLEGE                    ,SD,57401-1299,Private      ,1,11,12,452,519,971
00346900,UNIVERSITY OF SIOUX FALLS               ,SD,57105-1699,Private      ,10,26,36,1231,642,1873
00347000,SOUTH DAKOTA SCH OF MINES & TECH        ,SD,57701-3995,Public       ,18,17,35,1583,711,2294
00347100,SOUTH DAKOTA STATE UNIVERSITY           ,SD,57007-2298,Public       ,42,98,140,8676,3503,12179
00347400,UNIVERSITY OF SOUTH DAKOTA              ,SD,57069-2390,Public       ,40,132,172,5167,5126,10293
00405600,SIOUX FALLS SEMINARY                    ,SD,57105-2729,Private      ,0,3,3,1,101,102
00405700,NATIONAL AMERICAN UNIVERSITY            ,SD,57701-3692,Proprietary  ,158,2001,2159,1102,14343,15445
00405707,NATIONAL AMERICAN UNIVERSITY            ,SD,57105-0000,Proprietary  ,4,38,42,88,827,915
00492900,MCKENNAN HOSP-RADOLOGICAL TECH          ,SD,57101-0000,Private      ,0,0,0,24,38,62
00530900,LAKE AREA TECHNICAL INSTITUTE           ,SD,57201-2869,Public       ,13,19,32,967,702,1669
00598700,AVERA SACRED HEART HOSPITAL SCHOOL OF RA,SD,57078-3899,Private      ,0,0,0,10,9,19
00776400,SOUTHEAST TECHNICAL INST                ,SD,57107-0000,Public       ,28,95,123,1459,1955,3414
00828400,MITCHELL TECHNICAL INSTITUTE            ,SD,57301-0000,Public       ,6,11,17,713,489,1202
01013800,STEWART SCHOOL                          ,SD,57104-0000,Proprietary  ,8,11,19,122,138,260
01014804,COLORADO TECHNICAL UNIVERSITY           ,SD,57108-2272,Proprietary  ,8,67,75,259,1318,1577
01017000,WESTERN DAKOTA TECHNICAL INSTITUTE      ,SD,57701-4018,Public       ,12,53,65,558,1210,1768
01147701,SIOUX VALLEY HOSP-MEDICAL TECH          ,SD,57117-5039,Private      ,0,1,1,18,35,53
01465900,OGLALA LAKOTA COLLEGE                   ,SD,57752-0490,Public       ,60,212,272,401,1687,2088
02137100,BLACK HILLS BEAUTY COLLEGE              ,SD,57701-0000,Proprietary  ,4,16,20,93,129,222
02143700,SINTE GLESKA UNIVERSITY                 ,SD,57570-0000,Public       ,28,121,149,155,736,891
02144600,KILIAN COMMUNITY COLLEGE                ,SD,57103-7020,Private      ,7,26,33,110,519,629
02277300,SISSETON WAHPETON COLLEGE               ,SD,57262-0000,Public       ,2,34,36,37,227,264
02297800,HEADLINES ACADEMY                       ,SD,57701-0000,Proprietary  ,2,18,20,59,147,206
00347700,AQUINAS COLLEGE                         ,TN,37205-2086,Private      ,6,26,32,284,962,1246
00347701,AQUINAS COLLEGE -  PRIMETIME PROGRAM    ,TN,37214-3644,Private      ,0,0,0,7,60,67
00347800,AUSTIN PEAY STATE UNIVERSITY            ,TN,37044-0002,Public       ,125,459,584,8313,9563,17876
00347900,BELMONT UNIVERSITY                      ,TN,37212-3757,Private      ,84,117,201,7091,4083,11174
00348000,BETHEL UNIVERSITY                       ,TN,38201-1705,Private      ,39,634,673,1942,6351,8293
00348100,CARSON-NEWMAN COLLEGE                   ,TN,37760-2204,Private      ,41,32,73,3253,929,4182
00348200,CHRISTIAN BROTHERS UNIVERSITY           ,TN,38104-5581,Private      ,31,101,132,2363,1991,4354
00348300,COLUMBIA STATE COMMUNITY COLLEGE        ,TN,38401-5653,Public       ,61,158,219,3323,4342,7665
00348500,CUMBERLAND UNIVERSITY                   ,TN,37087-3554,Private      ,17,58,75,1534,1266,2800
00348600,LIPSCOMB UNIVERSITY                     ,TN,37204-3951,Private      ,38,78,116,3646,2661,6307
00348700,EAST TENNESSEE STATE UNIV - MAIN CAMPUS ,TN,37614-2857,Public       ,143,244,387,12260,8980,21240
00348701,EAST TENNESSEE STATE UNIV - MEDICINE    ,TN,37614-1708,Public       ,8,10,18,387,675,1062
00348709,EAST TENNESSEE STATE UNIV - PHARMACY    ,TN,37614-1704,Public       ,3,7,10,152,462,614
00349000,FISK UNIVERSITY                         ,TN,37208-3045,Private      ,35,30,65,1444,730,2174
00349200,FREED-HARDEMAN UNIVERSITY               ,TN,38340-2399,Private      ,13,31,44,1902,982,2884
00349400,HIWASSEE COLLEGE                        ,TN,37354-4001,Private      ,10,7,17,327,160,487
00349500,JOHNSON UNIVERSITY                      ,TN,37998-9775,Private      ,6,19,25,719,466,1185
00349600,KING COLLEGE                            ,TN,37620-2699,Private      ,20,88,108,1403,1901,3304
00349800,LAMBUTH UNIVERSITY                      ,TN,38301-5296,Private      ,0,0,0,530,214,744
00349900,LANE COLLEGE                            ,TN,38301-4598,Private      ,28,26,54,3239,1463,4702
00350000,LEE UNIVERSITY                          ,TN,37320-0000,Private      ,47,78,125,4036,1779,5815
00350100,LEMOYNE-OWEN COLLEGE                    ,TN,38126-6510,Private      ,38,128,166,1516,2409,3925
00350200,LINCOLN MEMORIAL UNIVERSITY             ,TN,37752-7920,Private      ,24,93,117,2159,4488,6647
00350400,MARTIN METHODIST COLLEGE                ,TN,38478-2799,Private      ,8,20,28,988,584,1572
00350500,MARYVILLE COLLEGE                       ,TN,37804-5907,Private      ,27,9,36,1953,377,2330
00350600,MEHARRY MEDICAL COLLEGE                 ,TN,37208-0000,Private      ,8,16,24,104,1411,1515
00350700,MEMPHIS COLLEGE OF ART                  ,TN,38104-2764,Private      ,7,27,34,760,396,1156
00350900,UNIVERSITY OF MEMPHIS (THE)             ,TN,38152-4611,Public       ,251,518,769,17262,20154,37416
00351000,MIDDLE TENNESSEE STATE UNIV             ,TN,37130-0000,Public       ,308,390,698,24614,15906,40520
00351100,MILLIGAN COLLEGE                        ,TN,37682-4001,Private      ,11,19,30,1197,764,1961
00351700,SOUTHERN COLLEGE OF OPTOMETRY           ,TN,38104-2222,Private      ,1,5,6,33,660,693
00351800,SOUTHERN ADVENTIST UNIVERSITY           ,TN,37315-0370,Private      ,35,37,72,2808,1090,3898
00351900,RHODES COLLEGE                          ,TN,38112-1690,Private      ,37,29,66,3246,626,3872
00352200,TENNESSEE STATE UNIVERSITY              ,TN,37209-1561,Public       ,188,343,531,10624,10762,21386
00352300,TENNESSEE TECHNOLOGICAL UNIV            ,TN,38505-0001,Public       ,99,112,211,10375,4598,14973
00352400,TENNESSEE TEMPLE UNIVERSITY             ,TN,37404-3587,Private      ,16,55,71,426,1021,1447
00352500,TENNESSEE WESLEYAN COLLEGE              ,TN,37371-0040,Private      ,7,16,23,1174,594,1768
00352600,TREVECCA NAZARENE UNIVERSITY            ,TN,37210-2877,Private      ,14,104,118,1495,2273,3768
00352700,TUSCULUM COLLEGE                        ,TN,37743-0001,Private      ,36,103,139,2326,2043,4369
00352800,UNION UNIVERSITY                        ,TN,38305-3697,Private      ,27,153,180,2936,3077,6013
00352900,UNIVERSITY OF TENNESSEE-CHATTANOOGA     ,TN,37403-2598,Public       ,147,192,339,13317,5834,19151
00353000,UNIVERSITY OF TENNESSEE-KNOXVILLE       ,TN,37996-0150,Public       ,320,288,608,27304,11653,38957
00353006,UNIVERSITY OF TENNESSEE-HEALTH SCI CTR  ,TN,38103-0000,Public       ,6,70,76,429,3556,3985
00353100,UNIVERSITY OF TENNESSEE-MARTIN          ,TN,38238-0002,Public       ,98,135,233,7617,4233,11850
00353400,UNIVERSITY OF THE SOUTH                 ,TN,37383-1000,Private      ,20,4,24,2023,143,2166
00353500,VANDERBILT UNIVERSITY                   ,TN,37240-0001,Private      ,136,107,243,15993,6935,22928
00353501,VANDERBILT UNIV MED CTR ALLIEDHEAL      ,TN,37232-5510,Private      ,0,16,16,54,235,289
00353502,VANDERBILT UNIV - SCH OF MED            ,TN,37232-0000,Private      ,3,5,8,277,1009,1286
00353600,BRYAN COLLEGE                           ,TN,37321-7000,Private      ,8,72,80,1257,873,2130
00399800,CHATTANOOGA STATE COMMUNITY COLLEGE     ,TN,37406-1097,Public       ,178,582,760,5943,11419,17362
00399900,CLEVELAND STATE COMMUNITY COLLEGE       ,TN,37312-2858,Public       ,37,135,172,2048,3365,5413
00402500,TN TECHNOLOGY CTR AT KNOXVILLE          ,TN,37919-2327,Public       ,11,103,114,642,1905,2547
00402600,TENNESSEE TECH. CNTR AT CROSSVILLE      ,TN,38555-4142,Public       ,8,37,45,310,597,907
00461700,NATIONAL COLLEGE OF BUSINESS & TECH     ,TN,37211-6605,Proprietary  ,26,180,206,367,2690,3057
00493400,DAYMAR INSTITUTE                        ,TN,37217-1056,Proprietary  ,42,248,290,593,3231,3824
00493401,DAYMAR INSTITUTE - CLARKSVILLE          ,TN,37040-6718,Proprietary  ,2,6,8,2,6,8
00493404,DAYMAR INSTITUTE - MURFREESBORO         ,TN,37128-5508,Proprietary  ,0,2,2,0,2,2
00493700,JACKSON STATE COMMUNITY COLLEGE         ,TN,38301-3797,Public       ,55,190,245,3337,5438,8775
00493800,SOUTH COLLEGE                           ,TN,37909-3323,Proprietary  ,28,214,242,513,2430,2943
00494700,WEST TENNESSEE BUSINESS COLLEGE         ,TN,38301-3256,Proprietary  ,7,65,72,151,593,744
00528000,TN TECHNOLOGY CTR AT COVINGTON          ,TN,38019-0249,Public       ,10,28,38,127,409,536
00528100,TN TECHNOLOGY CTR AT ELIZABETHTON       ,TN,37643-0789,Public       ,16,84,100,350,1066,1416
00528200,TN TECHNOLOGY CTR AT HARTSVILLE         ,TN,37074-0000,Public       ,5,25,30,209,454,663
00528300,TN TECHNOLOGY CTR AT NEWBERN            ,TN,38059-1198,Public       ,5,62,67,135,680,815
00530700,TN TECHNOLOGY CTR AT MCMINNVILLE        ,TN,37110-1322,Public       ,7,24,31,201,426,627
00535100,TENNESSEE TECHNOLOGY CENTER AT MORRISTOW,TN,37813-2094,Public       ,23,73,96,499,1257,1756
00535200,TN TECHNOLOGY CENTER AT MCKENZIE        ,TN,38201-1620,Public       ,7,19,26,148,402,550
00535300,TN TECHNOLOGY CENTER AT LIVINGSTON      ,TN,38570-0219,Public       ,17,36,53,270,475,745
00535400,TN TECHNOLOGY CTR AT JACKSON            ,TN,38301-0000,Public       ,13,53,66,488,1220,1708
00535600,TENNESSEE TECHNOLOGY CENTER AT HOHENWALD,TN,38462-0000,Public       ,21,39,60,280,639,919
00535700,TENNESSEE TECHNOLOGY CENTER AT CRUMP    ,TN,38327-3402,Public       ,5,28,33,201,495,696
00535800,TN TECHNOLOGY CENTER AT ATHENS          ,TN,37371-0848,Public       ,6,18,24,224,497,721
00535900,TENNESSEE TECHNOLOGY CENTER AT NASHVILLE,TN,37209-0000,Public       ,20,144,164,595,2214,2809
00536000,TENNESSEE TECHNOLOGY CENTER AT MEMPHIS  ,TN,38105-3604,Public       ,52,200,252,869,2518,3387
00537800,NORTHEAST STATE COMMUNITY COLLEGE       ,TN,37617-0246,Public       ,92,243,335,3654,6264,9918
00537900,TN TECHNOLOGY CTR AT SHELBYVILLE        ,TN,37160-3697,Public       ,10,47,57,345,923,1268
00683500,DYERSBURG STATE COMMUNITY COLLEGE       ,TN,38024-0000,Public       ,36,144,180,1927,3902,5829
00683600,MOTLOW STATE COMMUNITY COLLEGE          ,TN,37388-7972,Public       ,54,178,232,3274,4235,7509
00732941,ITT TECHNICAL INSTITUTE                 ,TN,37932-3343,Proprietary  ,146,400,546,1272,3929,5201
00732958,ITT TECHNICAL INSTITUTE                 ,TN,37214-3717,Proprietary  ,107,386,493,1084,3247,4331
00743900,FOUNTAINHEAD COLLEGE OF TECHNOLOGY      ,TN,37918-2583,Proprietary  ,6,49,55,157,698,855
00778200,TENNESSEE TECHNOLOGY CENTER AT DICKSON  ,TN,37055-0000,Public       ,9,56,65,336,1035,1371
00778300,MIDDLE TENNESSEE SCH OF ANESTHESIA      ,TN,37116-0000,Private      ,1,3,4,55,256,311
00793803,NASHVILLE AUTO DIESEL COLLEGE - NASHVILL,TN,37206-3210,Proprietary  ,278,175,453,2830,1526,4356
00814500,NASHVILLE STATE TECH CMNTY COLLEGE      ,TN,37209-0000,Public       ,119,442,561,4434,11010,15444
00865500,GENESIS CAREER COLLEGE OF COOKEVILLE    ,TN,38501-1959,Proprietary  ,30,76,106,210,596,806
00885900,JOHN A GUPTON COLLEGE                   ,TN,37203-2934,Private      ,2,10,12,118,222,340
00886300,WALTERS STATE COMMUNITY COLLEGE         ,TN,37813-6899,Public       ,104,250,354,4545,5676,10221
00946400,TN TECHNOLOGY CTR AT PULASKI            ,TN,38478-4541,Public       ,11,34,45,132,357,489
00956700,TENNESSEE SCHOOL OF BEAUTY              ,TN,37921-3303,Proprietary  ,9,76,85,238,661,899
00971000,TENNESSEE TECHNOLOGY CENTER AT ONEIDA/HU,TN,37756-4149,Public       ,5,14,19,140,272,412
00991200,VOLUNTEER STATE COMMUNITY COLLEGE       ,TN,37066-3188,Public       ,100,307,407,4366,6756,11122
00991400,ROANE STATE COMMUNITY COLLEGE           ,TN,37748-8664,Public       ,73,220,293,3989,5863,9852
00998200,VICTORY UNIVERSITY                      ,TN,38111-4745,Proprietary  ,57,381,438,328,2054,2382
01032600,TN TECHNOLOGY CTR AT HARRIMAN           ,TN,37748-1109,Public       ,13,31,44,214,424,638
01043900,SOUTHWEST TENNESSEE COMMUNITY COLLG     ,TN,38104-3322,Public       ,241,767,1008,8818,18412,27230
01044700,"PLAZA BEAUTY SCHOOL, INC.               ",TN,38117-4822,Proprietary  ,10,38,48,130,372,502
01046000,AMERICAN BAPTIST THEOLOGICAL SEMINA     ,TN,37207-4994,Private      ,1,19,20,37,216,253
01052900,MEMPHIS THEOLOGICAL SEMINARY            ,TN,38104-0000,Private      ,0,27,27,10,328,338
01070000,TN TECHNOLOGY CENTER AT JACKSBORO       ,TN,37757-2461,Public       ,6,19,25,167,343,510
01155300,WM R MOORE COLLEGE OF TECHNOLOGY        ,TN,38104-0000,Private      ,7,41,48,115,352,467
01216400,TENNESSEE TECHNICAL CNTR AT RIPLEY      ,TN,38063-7359,Public       ,4,27,31,55,347,402
01254700,EMMANUEL SCHOOL OF RELIGION             ,TN,37601-0000,Private      ,0,3,3,5,82,87
01269300,PELLISSIPPI STATE COMMUNITY COLLEGE     ,TN,37933-0990,Public       ,142,331,473,6466,8320,14786
02069303,VATTEROTT COLLEGE -                     ,TN,38016-5877,Proprietary  ,8,89,97,178,757,935
02092800,TENNESSEE TECHNOLOGY CENTER AT WHITEVILL,TN,38075-0000,Public       ,8,15,23,147,326,473
02103500,TN TECHNOLOGY CTR AT MURFREESBORO       ,TN,37129-0000,Public       ,17,44,61,340,860,1200
02106400,O'MORE COLLEGE OF DESIGN                ,TN,37064-0000,Private      ,3,8,11,200,108,308
02125300,NASHVILLE CLG OF MEDICAL CAREERS        ,TN,37115-0000,Proprietary  ,8,40,48,61,321,382
02153100,JON NAVE UNIVERSITY OF COSMETOLOGY      ,TN,37013-3347,Proprietary  ,18,43,61,289,496,785
02157100,CONCORDE CAREER COLLEGE                 ,TN,38137-0000,Proprietary  ,49,238,287,562,2146,2708
02160307,INTERNATIONAL ACADEMY OF DESIGN & TECH  ,TN,37212-0000,Proprietary  ,24,52,76,466,783,1249
02188300,PENTECOSTAL THEOLOGICAL SEMINARY        ,TN,37320-0000,Private      ,0,26,26,2,224,226
02204200,"CHATTANOOGA COLLEGE - MEDICAL, DENTAL AN",TN,37411-0000,Proprietary  ,18,112,130,197,888,1085
02237900,TN TECHNOLOGY CENTER AT PARIS           ,TN,38242-0000,Public       ,5,33,38,181,651,832
02255000,KNOXVILLE INSTITUTE OF HAIR DESIGN      ,TN,37917-0000,Proprietary  ,8,46,54,88,348,436
02257400,ARNOLD'S BEAUTY SCHOOL                  ,TN,38358-0000,Proprietary  ,1,6,7,42,83,125
02263104,ANTHEM COLLEGE - ANTHEM CAREER COLLEGE -,TN,37214-2531,Proprietary  ,10,41,51,78,252,330
02275500,REUBEN-ALLEN COLLEGE                    ,TN,37922-0000,Proprietary  ,13,34,47,101,220,321
02278700,MR WAYNES SCH OF UNISEX HAIR DESIGN     ,TN,38501-0000,Proprietary  ,0,9,9,27,94,121
02293900,VOLUNTEER BEAUTY ACADEMY-NASHVILLE      ,TN,37115-2112,Proprietary  ,5,9,14,21,94,115
02294000,VOLUNTEER BEAUTY ACADEMY-DYERSBURG      ,TN,38024-1622,Proprietary  ,4,14,18,37,135,172
02326200,KAPLAN CAREER INSTITUTE                 ,TN,37212-5318,Proprietary  ,27,157,184,310,1524,1834
02326300,MEDVANCE INSTITUTE                      ,TN,38501-4305,Proprietary  ,13,45,58,123,492,615
02335900,VOLUNTEER BEAUTY ACADEMY-NASHVILLE      ,TN,37209-3033,Proprietary  ,4,11,15,43,143,186
02539800,QUEEN CITY COLLEGE                      ,TN,37042-0000,Proprietary  ,8,29,37,77,324,401
02540000,TENNESSEE ACADEMY OF COSMETOLOGY        ,TN,38133-0000,Proprietary  ,10,57,67,97,334,431
02578200,NOSSI COLLEGE OF ART                    ,TN,37115-5138,Proprietary  ,12,23,35,310,366,676
02595000,FAYETTEVILLE BEAUTY SCHOOL              ,TN,37334-2909,Proprietary  ,4,14,18,38,105,143
02599710,VATTEROTT COLLEGE - MEMPHIS             ,TN,38132-1714,Proprietary  ,40,191,231,313,1705,2018
02605501,REMINGTON COLLEGE - MEMPHIS CAMPUS      ,TN,38132-0000,Private      ,53,256,309,561,2193,2754
02609204,VATTEROTT COLLEGE - VATTEROTT CAREER COL,TN,38133-4727,Proprietary  ,13,79,92,164,811,975
02614200,MILLER MOTTE BUSINESS COLLEGE           ,TN,37040-6023,Proprietary  ,36,111,147,318,1220,1538
02614203,MILLER - MOTTE TECHNICAL COLLEGE - CHATT,TN,37421-7220,Proprietary  ,20,92,112,265,990,1255
02614204,MILLER - MOTTE TECHNICAL COLLEGE - MADIS,TN,37072-1870,Proprietary  ,17,92,109,181,856,1037
03001800,FREE WILL BAPTIST BIBLE COLLEGE         ,TN,37205-2498,Private      ,1,10,11,212,190,402
03008800,FRANKLIN ACADEMY                        ,TN,37312-3939,Private      ,5,15,20,42,124,166
03010606,VIRGINIA COLLEGE - SCH OF BUSNSS & HLTH ,TN,37411-5600,Proprietary  ,3,47,50,92,655,747
03024900,TENNESSEE ACADEMY OF COSMETOLOGY        ,TN,38125-3442,Proprietary  ,10,37,47,112,327,439
03061100,GENESIS CAREER COLLEGE OF LEBANON       ,TN,37087-2718,Proprietary  ,9,46,55,134,349,483
03076405,BRYMAN SCHOOL OF ARIZONA (THE) - ANTHEM ,TN,38134-7345,Proprietary  ,3,13,16,25,117,142
03079100,NORTH CENTRAL INSTITUTE                 ,TN,37042-3116,Proprietary  ,4,19,23,32,178,210
03088800,"WATKINS COLLEGE OF ART, DESIGN & FILM   ",TN,37228-1306,Private      ,5,15,20,550,352,902
03126900,STYLES & PROFILES BEAUTY COLLEGE        ,TN,38375-2109,Proprietary  ,1,2,3,17,34,51
03355400,RICHMONT GRADUATE UNIVERSITY            ,TN,37404-0000,Private      ,0,4,4,5,261,266
03440300,BAPTIST MEMORIAL COLLEGE OF HEALTH      ,TN,38104-3104,Private      ,13,66,79,842,2178,3020
03480303,MEDVANCE INSTITUTE - NASHVILLE          ,TN,37203-1536,Proprietary  ,17,110,127,210,1073,1283
03513500,WILLIAMSON CHRISTIAN COLLEGE            ,TN,37067-8237,Private      ,2,5,7,26,104,130
03647300,NEW CONCEPTS SCHOOL OF COSMETOLOGY      ,TN,37311-7373,Proprietary  ,3,9,12,27,90,117
03683300,INTERNATIONAL BARBER & STYLE COLLEGE    ,TN,37209-2205,Proprietary  ,4,29,33,57,224,281
03701300,MEMPHIS INSTITUTE OF BARBERING          ,TN,38107-4334,Proprietary  ,15,54,69,139,420,559
03774400,SHEAR ACADEMY                           ,TN,38555-4177,Proprietary  ,5,8,13,21,79,100
03830300,SAE INSTITUTE OF TECHNOLOGY             ,TN,37203-4310,Proprietary  ,13,28,41,215,330,545
03840300,OXFORD GRADUATE SCHOOL                  ,TN,37321-6736,Private      ,0,1,1,3,36,39
03841300,CAREER BEAUTY COLLEGE                   ,TN,38464-3634,Proprietary  ,0,16,16,18,81,99
03920300,INSTITUTE OF HAIR DESIGN                ,TN,38310-1801,Proprietary  ,3,5,8,23,45,68
03930300,BUCHANAN BEAUTY COLLEGE                 ,TN,37160-2741,Proprietary  ,3,17,20,37,113,150
03982300,VISIBLE SCHOOL - MUSIC AND WORSHIPS ARTS,TN,38104-5814,Private      ,0,6,6,125,80,205
04035300,TENNESSEE CAREER INSTITUTE              ,TN,38401-6335,Proprietary  ,9,30,39,64,183,247
04124100,ELITE COLLEGE OF COSMETOLOGY            ,TN,38351-1431,Proprietary  ,5,4,9,38,103,141
04157200,LOVE BEAUTY SCHOOL                      ,TN,37355-2950,Proprietary  ,6,13,19,35,108,143
04165000,MERIDIAN INSTITUTE OF SURGICAL ASSISTING,TN,37080-0758,Proprietary  ,3,53,56,6,275,281
04174600,NASHVILLE BARBER AND STYLE ACADEMY      ,TN,37208-2826,Proprietary  ,5,21,26,30,129,159
00353700,ABILENE CHRISTIAN UNIVERSITY            ,TX,79699-3701,Private      ,65,76,141,4772,1765,6537
00353900,ALVIN COMMUNITY COLLEGE                 ,TX,77511-4807,Public       ,50,188,238,1516,3466,4982
00354000,AMARILLO COLLEGE                        ,TX,79109-2446,Public       ,118,401,519,3594,8131,11725
00354100,ANGELO STATE UNIVERSITY                 ,TX,76909-5069,Public       ,84,141,225,7015,3666,10681
00354300,AUSTIN COLLEGE                          ,TX,75090-4440,Private      ,33,15,48,2433,310,2743
00354400,AUSTIN PRESBYTERIAN THEOLOGICAL SEM     ,TX,78705-5797,Private      ,0,4,4,1,153,154
00354500,BAYLOR UNIVERSITY                       ,TX,76798-1458,Private      ,396,152,548,23004,5804,28808
00354600,COASTAL BEND COLLEGE                    ,TX,78102-2197,Public       ,63,106,169,1623,2537,4160
00354900,BLINN COLLEGE                           ,TX,77833-4098,Public       ,273,221,494,12343,6118,18461
00355300,CISCO JUNIOR COLLEGE                    ,TX,76437-9803,Public       ,66,119,185,2282,3264,5546
00355400,CLARENDON COLLEGE                       ,TX,79226-0000,Public       ,30,55,85,578,759,1337
00355600,COMMONWEALTH INST OF FUNERAL SVC        ,TX,77090-5918,Private      ,4,36,40,85,419,504
00355700,CONCORDIA UNIVERSITY TEXAS              ,TX,78726-4141,Private      ,29,145,174,1657,2827,4484
00355800,NORTH CENTRAL TEXAS COLLEGE             ,TX,76240-4699,Public       ,103,230,333,3480,5636,9116
00356000,DALLAS BAPTIST UNIVERSITY               ,TX,75211-9299,Private      ,42,225,267,3145,4782,7927
00356100,CEDAR VALLEY COLLEGE                    ,TX,75134-0000,Public       ,62,291,353,2365,5307,7672
00356200,DALLAS THEOLOGICAL SEM                  ,TX,75204-0000,Private      ,1,38,39,26,751,777
00356300,DEL MAR COLLEGE                         ,TX,78404-3897,Public       ,146,458,604,5481,9843,15324
00356400,EAST TEXAS BAPTIST UNIVERSITY           ,TX,75670-1423,Private      ,18,13,31,1665,498,2163
00356500,TEXAS A&M UNIVERSITY - COMMERCE         ,TX,75429-3011,Public       ,77,401,478,5338,8323,13661
00356800,FRANK PHILLIPS COLLEGE                  ,TX,79008-0000,Public       ,13,44,57,384,615,999
00357000,GRAYSON COUNTY COLLEGE                  ,TX,75020-8299,Public       ,67,225,292,1945,4866,6811
00357100,HARDIN-SIMMONS UNIVERSITY               ,TX,79698-6050,Private      ,24,27,51,2246,996,3242
00357200,TRINITY VALLEY COMMUNITY COLLEGE        ,TX,75751-2734,Public       ,108,282,390,2520,5315,7835
00357300,HILL COLLEGE                            ,TX,76645-2711,Public       ,33,104,137,955,1487,2442
00357301,HILL COLLEGE                            ,TX,76031-0000,Public       ,35,142,177,870,2243,3113
00357400,HOWARD COLLEGE                          ,TX,79720-0213,Public       ,42,132,174,1619,3022,4641
00357500,HOWARD PAYNE UNIVERSITY                 ,TX,76801-2715,Private      ,17,12,29,1469,407,1876
00357600,HOUSTON BAPTIST UNIVERSITY              ,TX,77074-3298,Private      ,98,116,214,4512,2746,7258
00357700,HUSTON - TILLOTSON UNIVERSITY           ,TX,78702-2795,Private      ,20,52,72,1115,877,1992
00357800,UNIVERSITY OF THE INCARNATE WORD        ,TX,78209-6398,Private      ,109,522,631,6403,6616,13019
00357900,JACKSONVILLE COLLEGE                    ,TX,75766-4759,Private      ,10,9,19,231,235,466
00358000,KILGORE COLLEGE                         ,TX,75662-3299,Public       ,84,202,286,3221,5453,8674
00358100,LAMAR UNIVERSITY-BEAUMONT               ,TX,77710-0042,Public       ,171,710,881,8417,10184,18601
00358200,LAREDO COMMUNITY COLLEGE                ,TX,78040-4395,Public       ,164,168,332,6440,4790,11230
00358300,LEE COLLEGE                             ,TX,77520-4796,Public       ,60,187,247,1945,4906,6851
00358400,LETOURNEAU UNIVERSITY                   ,TX,75607-0000,Private      ,18,124,142,1675,3046,4721
00358500,LON MORRIS COLLEGE                      ,TX,75766-2900,Private      ,18,11,29,856,286,1142
00358600,LUBBOCK CHRISTIAN UNIVERSITY            ,TX,79407-2099,Private      ,32,73,105,1630,1642,3272
00358800,UNIVERSITY OF MARY HARDIN-BAYLOR        ,TX,76513-2599,Private      ,62,70,132,3925,1664,5589
00359000,MCLENNAN COMMUNITY COLLEGE              ,TX,76708-1498,Public       ,113,307,420,4592,9031,13623
00359100,MCMURRY UNIVERSITY                      ,TX,79697-0001,Private      ,26,34,60,1677,799,2476
00359200,MIDWESTERN STATE UNIVERSITY             ,TX,76308-2099,Public       ,60,116,176,4399,3505,7904
00359300,NAVARRO COLLEGE                         ,TX,75110-4818,Public       ,156,354,510,5115,7666,12781
00359400,UNIVERSITY OF NORTH TEXAS               ,TX,76203-5017,Public       ,422,650,1072,29555,22187,51742
00359500,OBLATE SCHOOL OF THEOLOGY               ,TX,78216-0000,Private      ,0,2,2,8,36,44
00359600,ODESSA COLLEGE                          ,TX,79764-7127,Public       ,49,174,223,1811,3148,4959
00359800,OUR LADY OF THE LAKE UNIVERSITY         ,TX,78207-4689,Private      ,33,114,147,2373,3270,5643
00359900,UNIVERSITY OF TEXAS - PAN AMERICAN      ,TX,78541-2999,Public       ,296,340,636,17334,11020,28354
00360000,PANOLA COLLEGE                          ,TX,75633-2397,Public       ,39,100,139,1026,2140,3166
00360100,PARIS JR COLLEGE                        ,TX,75460-6298,Public       ,93,336,429,2097,4371,6468
00360200,PAUL QUINN COLLEGE                      ,TX,75241-4398,Private      ,7,28,35,342,627,969
00360300,RANGER COLLEGE                          ,TX,76470-3298,Public       ,20,53,73,615,826,1441
00360305,RANGER COLLEGE-STEPHENVILE BEAUTY COLLEG,TX,76401-5136,Public       ,0,5,5,53,78,131
00360400,RICE UNIVERSITY                         ,TX,77251-1892,Private      ,94,90,184,9999,3060,13059
00360600,SAM HOUSTON STATE UNIVERSITY            ,TX,77340-0000,Public       ,297,403,700,17384,9437,26821
00360700,ALAMO CMTY CLG DISTRICT PROGRAM         ,TX,78207-0000,Public       ,48,150,198,1435,2782,4217
00360800,ST PHILLIPS COLLEGE                     ,TX,78203-2098,Public       ,134,598,732,5339,12528,17867
00360900,SAN JACINTO CLG-CENTRAL-NORTH-SOUTH     ,TX,77501-0000,Public       ,371,862,1233,10308,16960,27268
00361000,SCHREINER UNIVERSITY                    ,TX,78028-5697,Private      ,17,27,44,1373,628,2001
00361100,SOUTH PLAINS COLLEGE                    ,TX,79336-6504,Public       ,117,188,305,5238,6210,11448
00361200,UNIV OF HOUSTON-DOWNTOWN                ,TX,77002-1001,Public       ,250,606,856,7164,12697,19861
00361300,SOUTHERN METHODIST UNIVERSITY           ,TX,75275-0181,Private      ,86,156,242,7990,6077,14067
00361400,SOUTHWEST TEXAS JR COLLEGE              ,TX,78801-6221,Public       ,84,155,239,2856,3420,6276
00361500,TEXAS STATE UNIVERSITY--SAN MARCOS      ,TX,78666-4602,Public       ,495,495,990,32474,17232,49706
00361600,SOUTHWESTERN ASSEMBLIES OF GOD UNIV     ,TX,75165-2397,Private      ,20,42,62,1608,1340,2948
00361800,SOUTHWESTERN CHRISTIAN COLLEGE          ,TX,75160-3400,Private      ,4,4,8,221,146,367
00361900,SOUTHWESTERN ADVENTIST UNIVERSITY       ,TX,76059-1922,Private      ,24,24,48,715,478,1193
00362000,SOUTHWESTERN UNIVERSITY                 ,TX,78626-6111,Private      ,17,14,31,2407,319,2726
00362100,ST EDWARDS UNIVERSITY                   ,TX,78704-0000,Private      ,53,131,184,5327,3251,8578
00362300,ST MARY'S UNIV OF SAN ANTONIO           ,TX,78228-8500,Private      ,84,104,188,4609,3450,8059
00362400,STEPHEN F AUSTIN STATE UNIVERSITY       ,TX,75962-0001,Public       ,295,253,548,15455,5799,21254
00362500,SUL ROSS STATE UNIVERSITY               ,TX,79832-0113,Public       ,41,91,132,1866,2207,4073
00362600,TARRANT COUNTY COLLEGE                  ,TX,76102-6599,Public       ,542,1755,2297,18502,35333,53835
00362700,TEMPLE COLLEGE                          ,TX,76504-7435,Public       ,58,305,363,2258,6245,8503
00362800,TEXARKANA COLLEGE                       ,TX,75599-0001,Public       ,33,147,180,1897,3358,5255
00363000,PRAIRIE VIEW A&M UNIVERSITY             ,TX,77446-2967,Public       ,184,222,406,11352,6801,18153
00363100,TARLETON STATE UNIVERSITY               ,TX,76402-0000,Public       ,117,265,382,7862,7192,15054
00363200,TEXAS A&M UNIVERSITY                    ,TX,77842-0000,Public       ,752,332,1084,42667,11282,53949
00363400,TEXAS STATE TECHNICAL CLG AT WACO       ,TX,76705-1695,Public       ,80,213,293,3044,5022,8066
00363500,TEXAS CHIROPRACTIC COLLEGE              ,TX,77505-1699,Private      ,4,5,9,26,379,405
00363600,TEXAS CHRISTIAN UNIVERSITY              ,TX,76129-0001,Private      ,191,154,345,14155,4701,18856
00363700,JARVIS CHRISTIAN COLLEGE                ,TX,75765-1470,Private      ,14,7,21,619,244,863
00363800,TEXAS COLLEGE                           ,TX,75702-4500,Private      ,17,38,55,1122,940,2062
00363900,TEXAS A&M UNIVERSITY-KINGSVILLE         ,TX,78363-8203,Public       ,162,234,396,8177,7134,15311
00364100,TEXAS LUTHERAN UNIVERSITY               ,TX,78155-5999,Private      ,20,8,28,2045,383,2428
00364200,TEXAS SOUTHERN UNIVERSITY               ,TX,77004-4598,Public       ,177,415,592,10555,14465,25020
00364400,TEXAS TECH UNIVERSITY                   ,TX,79409-0000,Public       ,426,398,824,26198,12401,38599
00364500,TEXAS WESLEYAN UNIVERSITY               ,TX,76105-1536,Private      ,28,91,119,1445,4169,5614
00364600,TEXAS WOMAN'S UNIVERSITY                ,TX,76204-5587,Public       ,109,385,494,7198,13150,20348
00364700,TRINITY UNIVERSITY                      ,TX,78212-7200,Private      ,38,41,79,3714,832,4546
00364800,TYLER JUNIOR COLLEGE                    ,TX,75701-3436,Public       ,180,333,513,8201,9003,17204
00365100,UNIVERSITY OF DALLAS                    ,TX,75062-4799,Private      ,32,80,112,2107,1670,3777
00365200,UNIVERSITY OF HOUSTON                   ,TX,77204-2010,Public       ,597,870,1467,34956,31573,66529
00365400,UNIVERSITY OF ST THOMAS                 ,TX,77006-4626,Private      ,34,125,159,1591,2751,4342
00365600,UNIVERSITY OF TEXAS-ARLINGTON           ,TX,76019-0000,Public       ,281,1149,1430,21903,29128,51031
00365800,UNIVERSITY OF TEXAS-AUSTIN              ,TX,78713-7758,Public       ,509,529,1038,43796,22963,66759
00365900,UT HEALTH CENTER-SAN ANTONIO            ,TX,78229-3900,Public       ,27,113,140,1080,4049,5129
00366100,UNIVERSITY OF TEXAS-EL PASO             ,TX,79968-0629,Public       ,291,523,814,15599,14055,29654
00366200,VICTORIA COLLEGE                        ,TX,77901-4494,Public       ,60,187,247,1826,3598,5424
00366300,WAYLAND BAPTIST UNIVERSITY              ,TX,79072-6998,Private      ,29,340,369,1504,4520,6024
00366400,WEATHERFORD COLLEGE                     ,TX,76086-5699,Public       ,58,169,227,2446,4115,6561
00366500,WEST TEXAS A&M UNIVERSITY               ,TX,79016-0000,Public       ,91,136,227,5824,4175,9999
00366800,WHARTON COUNTY JR COLLEGE               ,TX,77488-3298,Public       ,97,170,267,3047,3893,6940
00366900,WILEY COLLEGE                           ,TX,75670-5199,Private      ,27,30,57,1106,981,2087
00400300,CENTRAL TEXAS COLLEGE                   ,TX,76540-4199,Public       ,160,2141,2301,3245,19768,23013
00407221,NORTHWOOD UNIVERSITY                    ,TX,75104-0000,Private      ,6,39,45,582,924,1506
00445300,EL CENTRO COLLEGE                       ,TX,75202-0000,Public       ,156,737,893,4685,13366,18051
00450303,EVEREST COLLEGE - FORT WORTH SOUTH      ,TX,76115-1407,Proprietary  ,29,174,203,216,1139,1355
00481102,EVEREST INSTITUTE - EVEREST COLLEGE     ,TX,76011-6630,Proprietary  ,36,170,206,216,1034,1250
00494800,TEXAS A&M UNIV SYSTEM HEALTH SCI CT     ,TX,77840-7896,Public       ,45,38,83,1601,2309,3910
00494900,BAYLOR COLLEGE OF MEDICINE              ,TX,77030-0000,Private      ,23,57,80,627,1863,2490
00495100,UNIV OF TEXAS HEALTH SCIENCE CENTER     ,TX,77225-0000,Public       ,16,108,124,607,4011,4618
00495200,UNIV OF TEXAS MEDICAL BRANCH            ,TX,77550-0000,Public       ,14,58,72,519,2802,3321
00497200,GALVESTON COLLEGE                       ,TX,77550-7447,Public       ,35,110,145,1203,2192,3395
00497700,SOUTH TEXAS COLLEGE OF LAW              ,TX,77002-0000,Private      ,3,24,27,57,2150,2207
00660600,BAPTIST HS SCHOOL OF HEALTH PROFESSIONS ,TX,78229-3234,Proprietary  ,5,48,53,197,1311,1508
00661200,COVENANT SCH OF NSG & ALLIED HEALTH     ,TX,79410-0000,Private      ,1,4,5,146,431,577
00666100,ANGELINA COLLEGE                        ,TX,75902-0000,Public       ,87,234,321,2568,4561,7129
00694100,DALLAS CHRISTIAN COLLEGE                ,TX,75234-7229,Private      ,7,43,50,344,570,914
00709600,COLLEGE OF THE MAINLAND                 ,TX,77591-2499,Public       ,52,183,235,1347,3719,5066
00728700,BRAZOSPORT COLLEGE                      ,TX,77566-3199,Public       ,51,118,169,1534,2360,3894
00732907,ITT TECHNICAL INSTITUTE                 ,TX,77063-3751,Proprietary  ,10,73,83,262,782,1044
00732913,ITT TECHNICAL INSTITUTE                 ,TX,76011-3919,Proprietary  ,63,236,299,472,1682,2154
00732975,ITT TECHNICAL INSTITUTE                 ,TX,78249-3303,Proprietary  ,37,150,187,383,1355,1738
00754805,WESTWOOD COLLEGE OF TECHNOLOGY          ,TX,77074-0000,Proprietary  ,5,16,21,179,466,645
00793804,LINCOLN COLLEGE OF TECHNOLOGY - GRAND PR,TX,75052-7605,Proprietary  ,53,133,186,791,992,1783
00849800,MIMS CLASSIC BEAUTY COLLEGE             ,TX,78216-0000,Proprietary  ,3,13,16,50,119,169
00850300,MOUNTAIN VIEW COLLEGE                   ,TX,75211-6599,Public       ,134,388,522,4104,7237,11341
00850400,RICHLAND COLLEGE                        ,TX,75243-2199,Public       ,177,601,778,5411,10089,15500
00851000,EASTFIELD COLLEGE                       ,TX,75150-2099,Public       ,128,483,611,4446,9644,14090
00907905,EVEREST COLLEGE                         ,TX,75206-5209,Proprietary  ,44,213,257,513,2073,2586
00908200,INTERNATIONAL BUSINESS COLLEGE          ,TX,79903-0000,Proprietary  ,31,137,168,196,706,902
00916300,SAN ANTONIO COLLEGE                     ,TX,78212-4299,Public       ,300,897,1197,13316,23154,36470
00922500,TEXAS STATE TECHNICAL COLLEGE  HARLINGEN,TX,78550-3697,Public       ,98,177,275,3662,4557,8219
00946600,KAPLAN COLLEGE                          ,TX,78216-1899,Proprietary  ,34,159,193,305,1457,1762
00946607,KAPLAN COLLEGE - MCALLEN                ,TX,78503-1622,Proprietary  ,62,126,188,511,975,1486
00946609,KAPLAN COLLEGE - CAREER CENTERS OF TEXAS,TX,78416-9900,Proprietary  ,24,125,149,245,986,1231
00946610,KAPLAN COLLEGE - CAREER CENTERS OF TEXAS,TX,76103-2310,Proprietary  ,19,103,122,195,900,1095
00954900,WESTERN TEXAS COLLEGE                   ,TX,79549-9501,Public       ,12,28,40,686,594,1280
00965100,TEXAS A&M INTERNATIONAL UNIVERSITY      ,TX,78041-1900,Public       ,113,118,231,5487,3671,9158
00974100,UNIVERSITY OF TEXAS AT DALLAS           ,TX,75083-0000,Public       ,144,333,477,9400,10678,20078
00976800,UNIVERSITY OF NORTH TEXAS HEALTH SCIENCE,TX,76107-2699,Public       ,21,65,86,353,2357,2710
00979700,MIDLAND COLLEGE                         ,TX,79705-6397,Public       ,42,142,184,1875,3253,5128
00982802,EVEREST INSTITUTE- AUSTIN               ,TX,78754-0000,Proprietary  ,52,255,307,378,1534,1912
00993000,UNIVERSITY OF TEXAS-PERMIAN BASIN       ,TX,79762-0001,Public       ,41,111,152,1979,2590,4569
00993200,TEXAS STATE TECH CLG-WEST TEXAS         ,TX,79556-4108,Public       ,11,37,48,341,834,1175
00993201,TEXAS STATE TECH COLLEGE-ABILENE        ,TX,79601-0000,Public       ,10,36,46,230,608,838
00993204,TEXAS STATE TECH CLG-BRECKENRIDGE       ,TX,76424-0000,Public       ,2,9,11,41,155,196
00993205,TEXAS STATE TECH COLLEGE-BROWNWOOD      ,TX,76801-0000,Public       ,3,27,30,95,353,448
01001900,UNIV OF TEXAS SOUTHWESTERN MED CTR      ,TX,75390-9096,Public       ,19,58,77,329,2226,2555
01005700,AMERICAN COMMERCIAL COLLEGE             ,TX,79602-1399,Proprietary  ,3,6,9,51,306,357
01005900,AMERICAN COMMERCIAL COLLEGE             ,TX,79761-0000,Proprietary  ,5,22,27,45,206,251
01005901,AMERICAN COMMERCIAL COLLEGE - AMERICAN C,TX,76310-2303,Proprietary  ,2,33,35,35,424,459
01006000,VERNON COLLEGE                          ,TX,76384-4092,Public       ,44,124,168,1270,3012,4282
01011500,UNIVERSITY OF TEXAS-SAN ANTONIO         ,TX,78249-0600,Public       ,478,615,1093,33101,20139,53240
01013000,WADE COLLEGE                            ,TX,75207-3199,Proprietary  ,11,23,34,231,367,598
01038700,EL PASO COMMUNITY COLLEGE               ,TX,79998-0000,Public       ,421,979,1400,15692,19493,35185
01050900,HALLMARK COLLEGE OF AERONAUTICS         ,TX,78214-0000,Proprietary  ,22,153,175,265,1344,1609
01050901,HALLMARK COLLEGE OF  TECHNOLOGY-        ,TX,78230-1736,Proprietary  ,0,1,1,0,1,1
01063300,HOUSTON COMMUNITY COLLEGE               ,TX,77002-0000,Public       ,868,3258,4126,25077,58685,83762
01067400,TEXAS TECH U HEALTH SCIENCES CENTER     ,TX,79430-0000,Public       ,23,89,112,1199,4529,5728
01076100,DALLAS INSTITUTE OF FUNERAL SERVICE     ,TX,75227-4314,Private      ,9,38,47,75,448,523
01114500,LONE STAR COLLEGE SYSTEM                ,TX,77073-3499,Public       ,788,2238,3026,20414,39754,60168
01116100,TEXAS A&M UNIV CORPUS CHRISTI           ,TX,78412-5599,Public       ,190,196,386,9774,6326,16100
01116300,UNIVERSITY OF TEXAS AT TYLER            ,TX,75799-6699,Public       ,75,180,255,4724,5205,9929
01171100,UNIVERSITY OF HOUSTON-CLEAR LAKE        ,TX,77058-1002,Public       ,61,286,347,2117,8278,10395
01201500,AUSTIN COMMUNITY COLLEGE                ,TX,78752-4390,Public       ,536,1779,2315,17060,31924,48984
01202000,VICTORIA BEAUTY COLLEGE                 ,TX,77901-6233,Proprietary  ,1,22,23,47,145,192
01226800,BALDWIN BEAUTY SCHOOL #5                ,TX,78704-4785,Proprietary  ,16,43,59,147,417,564
01229700,LAREDO BEAUTY COLLEGE                   ,TX,78040-1051,Proprietary  ,8,42,50,113,287,400
01248200,ATI TECHNICAL TRAINING CENTER           ,TX,75235-4622,Proprietary  ,16,45,61,501,2036,2537
01248209,ATI CAREER TRAINING CENTER - GARLAND    ,TX,75041-2497,Proprietary  ,2,7,9,58,218,276
01248210,ATI CAREER TRAINING CENTER - WACO       ,TX,76711-1682,Proprietary  ,5,13,18,79,348,427
01248300,COSMETOLOGY CAREER CENTER-A PAUL MITCHEL,TX,75006-2567,Proprietary  ,64,98,162,436,668,1104
01248800,INTERNATIONAL BEAUTY COLLEGE NO 3       ,TX,75040-0000,Proprietary  ,1,6,7,16,87,103
01276400,METROPLEX BEAUTY SCHOOL                 ,TX,75149-0000,Proprietary  ,6,23,29,27,152,179
01293000,CHARLES & SUE'S SCH OF HAIR DESIGN      ,TX,77801-0000,Proprietary  ,13,15,28,64,126,190
01293200,TINT SCHOOL OF MAKEUP & COSMETOLOGY     ,TX,75061-4235,Proprietary  ,8,20,28,42,124,166
01300300,NEILSON BEAUTY COLLEGE                  ,TX,75208-4637,Proprietary  ,4,15,19,24,119,143
01301600,OGLE SCHOOL HAIR SKIN NAILS             ,TX,76013-7400,Proprietary  ,33,101,134,247,680,927
01303912,SOUTH UNIVERSITY - THE ART INSTITUTE OF ,TX,75231-5993,Proprietary  ,46,83,129,1604,1732,3336
01323100,UNIVERSITY OF HOUSTON-VICTORIA          ,TX,77901-5731,Public       ,27,135,162,1554,3911,5465
02058600,CONLEE'S COLLEGE OF COSMETOLOGY         ,TX,78028-0000,Proprietary  ,2,8,10,29,51,80
02069302,VATTEROTT COLLEGE - VATTEROTT EDUCATION ,TX,75220-5441,Proprietary  ,0,2,2,39,277,316
02074100,CAPITOL CITY TRADE & TECHNICAL SCH      ,TX,78704-0000,Proprietary  ,34,77,111,248,588,836
02077400,NORTH LAKE COLLEGE                      ,TX,75038-0000,Public       ,78,315,393,2962,6043,9005
02081400,ARLINGTON BAPTIST COLLEGE               ,TX,76012-0000,Private      ,4,13,17,207,337,544
02093600,SOUTHWEST SCHOOL OF ELECTRONIC          ,TX,78735-0000,Proprietary  ,4,5,9,37,99,136
02098300,WESTERN TECHNICAL COLLEGE               ,TX,79927-2105,Proprietary  ,64,186,250,807,1859,2666
02100200,BROOKHAVEN COLLEGE                      ,TX,75244-0000,Public       ,99,382,481,2932,7579,10511
02113610,AMERICAN INTERCONTINENTAL UNIV - HOUSTON,TX,77042-4516,Proprietary  ,19,120,139,230,1191,1421
02116008,SANFORD-BROWN COLLEGE - HOUSTON         ,TX,77042-8900,Proprietary  ,29,150,179,441,1853,2294
02116012,SANFORD-BROWN COLLEGE - HOUSTON NORTH LO,TX,77008-1058,Proprietary  ,9,60,69,146,708,854
02117100,ART INSTITUTE OF HOUSTON                ,TX,77056-0000,Proprietary  ,313,494,807,5211,5319,10530
02119200,COURT REPORTING INSTITUTE OF DALLAS     ,TX,75247-6913,Proprietary  ,2,67,69,75,920,995
02119202,COURT REPORTING INSTIUTE OF DALLAS - COU,TX,77040-6315,Proprietary  ,0,2,2,24,194,218
02128302,INSTITUTE FOR BUSINESS & TECHNOLOGY - LA,TX,78230-2520,Proprietary  ,28,95,123,163,609,772
02136800,AMERICAN COMMERCIAL COLLEGE             ,TX,76904-0000,Proprietary  ,5,30,35,48,294,342
02144800,VET TECH INSTITUTE OF HOUSTON           ,TX,77027-9881,Proprietary  ,23,24,47,319,334,653
02176100,PIPO ACADEMY OF HAIR DESIGN             ,TX,79903-0000,Proprietary  ,4,15,19,40,126,166
02200800,AMERICAN COMMERCIAL COLLEGE             ,TX,79411-0000,Proprietary  ,0,6,6,27,231,258
02218300,SOUTHWEST SCHOOL OF BUSINESS & TECHNICAL,TX,78221-0000,Proprietary  ,21,81,102,175,590,765
02218305,SOUTHWEST SCHOOL OF BUSINESS AND TECHNIC,TX,78501-6053,Proprietary  ,4,21,25,66,159,225
02218306,SOUTHWEST SCHOOL OF BUSINESS AND TECHNIC,TX,78413-2045,Proprietary  ,3,21,24,39,169,208
02224600,TRI-STATE BEAUTY SCHOOL #1              ,TX,79915-0000,Proprietary  ,10,76,86,121,467,588
02230500,OGLE SCHOOL HAIR SKIN NAILS             ,TX,76132-3638,Proprietary  ,34,145,179,378,1051,1429
02230600,OGLE SCHOOL HAIR SKIN NAILS             ,TX,76053-4650,Proprietary  ,8,46,54,109,271,380
02239100,CENTRAL TEXAS BEAUTY COLLEGE #2         ,TX,78664-4204,Proprietary  ,18,52,70,102,331,433
02248200,MILAN INSTITUTE OF COSMETOLOGY          ,TX,79103-0000,Proprietary  ,144,472,616,1021,3063,4084
02254800,TEXAS VOCATIONAL SCHOOLS                ,TX,77901-0000,Proprietary  ,8,21,29,67,180,247
02259400,AMBERTON UNIVERSITY                     ,TX,75041-0000,Private      ,0,29,29,38,422,460
02261300,EVEREST INSTITUTE                       ,TX,78213-3841,Proprietary  ,46,167,213,221,1042,1263
02261302,EVEREST INSTITUTE - HOUSTON GREENSPOINT ,TX,77060-3249,Proprietary  ,24,166,190,210,944,1154
02261303,EVEREST INSTITUTE - HOUSTON HOBBY       ,TX,77087-2737,Proprietary  ,37,211,248,218,983,1201
02267100,EXPOSITO SCHOOL OF HAIR DESIGN          ,TX,79109-0000,Proprietary  ,2,20,22,39,103,142
02276000,FRANKLIN BEAUTY SCHOOL #2               ,TX,77021-0000,Proprietary  ,7,43,50,76,291,367
02285900,UNIVERSITY OF COSMETOLOGY ARTS&SCI      ,TX,78504-0000,Proprietary  ,25,81,106,218,523,741
02294800,CAPITOL CITY CAREERS                    ,TX,78745-0000,Proprietary  ,7,33,40,54,292,346
02298501,EVEREST COLLEGE- FORT WORTH             ,TX,76137-2472,Proprietary  ,28,145,173,186,958,1144
02305300,PARKER COLLEGE OF CHIROPRACTIC          ,TX,75229-0000,Private      ,4,29,33,75,1189,1264
02306700,FORT WORTH BEAUTY SCHOOL                ,TX,76116-3299,Proprietary  ,7,49,56,78,349,427
02312200,TEXAS SCHOOL OF BUSINESS                ,TX,77073-6032,Proprietary  ,33,129,162,291,1099,1390
02312201,TEXAS SCHOOL OF BUSINESS - SOUTHWEST CAM,TX,77057-5914,Proprietary  ,16,47,63,148,560,708
02312202,TEXAS SCHOOL OF BUSINESS - FRIENDSWOOD C,TX,77546-8938,Proprietary  ,10,74,84,86,480,566
02312203,TEXAS SCHOOL OF BUSINESS - EAST CAMPUS  ,TX,77029-1916,Proprietary  ,18,78,96,106,444,550
02313901,WESTWOOD COLLEGE - DALLAS               ,TX,75243-0000,Proprietary  ,7,30,37,306,857,1163
02315400,NORTHEAST TEXAS COMMUNITY COLLEGE       ,TX,75456-0000,Public       ,60,144,204,1606,2596,4202
02318200,"KD STUDIO, ACTOR'S CONSERVATORY         ",TX,75207-2111,Proprietary  ,17,27,44,191,288,479
02320200,HOUSTON GRADUATE SCHOOL OF THEOLOGY     ,TX,77092-0000,Private      ,1,16,17,7,233,240
02326000,SAN ANTONIO BEAUTY COLLEGE NO 3         ,TX,78217-0000,Proprietary  ,1,18,19,48,138,186
02331200,BAPTIST MISSIONARY ASSN THEOL SEM       ,TX,75766-0000,Private      ,1,6,7,17,81,98
02331300,INTERACTIVE LEARNING SYSTEMS            ,TX,77502-1201,Proprietary  ,3,60,63,28,277,305
02331301,INTERACTIVE LEARNING SYSTEMS            ,TX,77081-0000,Proprietary  ,33,132,165,127,657,784
02331304,INTERACTIVE LEARNING SYSTEMS            ,TX,77060-0000,Proprietary  ,5,79,84,31,404,435
02341300,PALO ALTO COLLEGE                       ,TX,78224-0000,Public       ,138,367,505,5121,7856,12977
02348500,LAMAR STATE COLLEGE-PORT ARTHUR         ,TX,77640-0000,Public       ,36,113,149,1151,2458,3609
02357700,ACADEMY OF HAIR DESIGN                  ,TX,77043-3412,Proprietary  ,18,50,68,226,570,796
02358200,LAMAR STATE COLLEGE-ORANGE              ,TX,77630-0000,Public       ,34,126,160,983,2452,3435
02361400,COLLIN COUNTY COMMUNITY COLLEGE         ,TX,75071-0000,Public       ,249,760,1009,7647,13522,21169
02362000,UNIVERSAL TECHNICAL INSTITUTE           ,TX,77073-0000,Proprietary  ,238,444,682,5635,4155,9790
02362800,AUSTIN GRADUATE SCHOOL OF THEOLOGY      ,TX,78752-1333,Private      ,1,9,10,12,112,124
02521200,ARLINGTON CAREER INSTITUTE              ,TX,75050-0000,Proprietary  ,4,35,39,54,436,490
02521800,SEGUIN BEAUTY SCHOOL                    ,TX,78155-0000,Proprietary  ,6,15,21,72,117,189
02527500,HOUSTON TRAINING SCHOOLS                ,TX,77029-0000,Proprietary  ,32,195,227,196,1239,1435
02530700,SEBRING CAREER SCHOOLS                  ,TX,77083-1510,Proprietary  ,1,39,40,16,136,152
02548800,SOUTH TEXAS VO-TECH INSTITUTE           ,TX,78596-0000,Proprietary  ,28,61,89,301,678,979
02548802,SOUTH TEXAS VOCATIONAL TECHNICAL INSTITU,TX,78520-8710,Proprietary  ,16,33,49,303,501,804
02549400,SOUTH TEXAS VO-TECH INSTITUTE           ,TX,78501-0000,Proprietary  ,50,117,167,759,1633,2392
02549402,SOUTH TEXAS VOCATIONAL TECHNICAL INSTITU,TX,78416-1141,Proprietary  ,3,23,26,83,319,402
02555400,UNIV OF TX MD ANDERSON CANCER CTR       ,TX,77030-0000,Public       ,3,23,26,129,539,668
02568100,TEXAS BARBER COLLEGES & HAIRSTYLING     ,TX,75208-0000,Proprietary  ,41,154,195,450,1630,2080
02569300,LE CORDON BLEU COLLEGE OF CULINARY ARTS ,TX,78758-3647,Proprietary  ,175,562,737,2059,6590,8649
02572000,COMPUTER CAREER CENTER                  ,TX,79925-2021,Proprietary  ,96,462,558,496,2104,2600
02572004,COMPUTER CAREER CENTER - AMARILLO CAMPUS,TX,79101-2404,Proprietary  ,19,104,123,93,505,598
02572005,COMPUTER CAREER CENTER - LUBBOCK CAMPUS ,TX,79414-3517,Proprietary  ,25,81,106,125,566,691
02580100,IVERSON BUSINESS SCH & COURT REPORT     ,TX,76011-1344,Proprietary  ,6,30,36,62,340,402
02591100,CAREER POINT COLLEGE                    ,TX,78201-2027,Proprietary  ,68,483,551,422,2928,3350
02591900,KAPLAN COLLEGE                          ,TX,79907-1525,Proprietary  ,61,170,231,464,1421,1885
02591905,KAPLAN COLLEGE - BROWNSVILLE            ,TX,78521-9905,Proprietary  ,33,83,116,230,570,800
02596400,REDSTONE COLLEGE - LOS ANGELES          ,TX,77061-0000,Proprietary  ,24,44,68,211,395,606
02596500,ATI CAREER TRAINING CENTER              ,TX,76180-1599,Proprietary  ,47,164,211,536,2229,2765
02596503,ATI- CAREER TRAINING CENTER - HOUSTON (#,TX,77029-1978,Proprietary  ,10,61,71,161,692,853
02596600,ATI-CAREER TRAINING CENTER              ,TX,75220-4443,Proprietary  ,7,42,49,313,1109,1422
02596601,ATI CAREER TRAINING CENTER - RICHARDSON ,TX,75081-1948,Proprietary  ,1,9,10,39,178,217
02596602,ATI CAREER TRAINING CENTER - DALLAS (STE,TX,75247-6103,Proprietary  ,22,77,99,212,890,1102
02600200,OCEAN CORPORATION (THE)                 ,TX,77099-3479,Proprietary  ,18,121,139,192,963,1155
02600907,AVEDA INSTITUTE COVINGTON - DALLAS      ,TX,75231-0000,Proprietary  ,0,0,0,0,1,1
02604700,CENTER FOR ADVANCED LEGAL STUDIES       ,TX,77098-4151,Proprietary  ,3,52,55,33,524,557
02606202,EVEREST COLLEGE - EVEREST INSTITUTE - BI,TX,77036-8014,Proprietary  ,21,236,257,325,1633,1958
02615000,SANFORD-BROWN COLLEGE                   ,TX,75247-6931,Proprietary  ,73,218,291,739,2772,3511
03009400,SW SCH BUS & TECH CAREERS               ,TX,78212-2840,Proprietary  ,10,24,34,51,207,258
03010604,VIRGINIA COLLEGE - VIRGINIA COLLEGE AT A,TX,78723-0000,Proprietary  ,21,124,145,251,1446,1697
03011800,UNIVERSITY OF COSMETOLOGY ARTS & SCIENCE,TX,78226-1160,Proprietary  ,0,15,15,62,161,223
03019800,PCI HEALTH TRAINING CENTER              ,TX,75247-4720,Proprietary  ,62,138,200,399,969,1368
03021500,SW SCH BUS & TECH CAREERS               ,TX,78852-4859,Proprietary  ,10,30,40,123,227,350
03025000,TEXAS COLLEGE OF COSMETOLOGY            ,TX,79605-2001,Proprietary  ,9,33,42,77,291,368
03025001,TEXAS COLLEGE OF COSMETOLOGY - SAN ANGEL,TX,76903-4708,Proprietary  ,3,19,22,45,166,211
03026500,REMINGTON COLLEGE - HOUSTON CAMPUS      ,TX,77082-1849,Private      ,135,443,578,1076,3333,4409
03026501,REMINGTON COLLEGE - NORTH HOUSTON CAMPUS,TX,77067-1849,Private      ,8,37,45,118,443,561
03026505,REMINGTON COLLEGE - HOUSTON CAMPUS - DAL,TX,75041-9935,Private      ,3,32,35,95,358,453
03026506,REMINGTON COLLEGE - FT. WORTH CAMPUS    ,TX,76112-1280,Private      ,30,132,162,268,867,1135
03028800,CIRCLE J BEAUTY SCHOOL                  ,TX,77587-3714,Proprietary  ,7,30,37,50,225,275
03030608,UTAH COLLEGE OF MASSAGE THERAPY - TEXAS ,TX,75801-4848,Proprietary  ,28,96,124,28,96,124
03031408,INTERNATIONAL ACADEMY OF DESIGN & TECHNO,TX,78229-2263,Proprietary  ,15,39,54,342,784,1126
03032300,SCHOOL OF AUTOMOTIVE MACHINISTS         ,TX,77055-1803,Proprietary  ,10,21,31,146,259,405
03035200,TINT SCHOOL OF MAKEUP & COSMETOLOGY     ,TX,75229-3734,Proprietary  ,18,60,78,115,376,491
03035300,SOUTHERN CAREERS INSTITUTE              ,TX,78704-5252,Proprietary  ,199,770,969,896,4019,4915
03035301,SOUTHERN CAREERS INSTITUTE-PHARR        ,TX,78577-2118,Proprietary  ,24,81,105,106,454,560
03035302,SOUTHERN CAREERS INSTITUTE - CORPUS CHRI,TX,78414-2904,Proprietary  ,16,81,97,113,557,670
03035303,SOUTHERN CAREERS INSTITUTE - SAN ANTONIO,TX,78221-4351,Proprietary  ,0,11,11,41,233,274
03035305,SOUTHERN CAREERS INSTITUTE - BROWNSVILLE,TX,78520-8680,Proprietary  ,2,16,18,21,70,91
03035306,SOUTHERN CAREERS INSTITUTE - HARLINGEN  ,TX,78550-7911,Proprietary  ,5,5,10,42,62,104
03035307,SOUTHERN CAREERS INSTITUTE - CORPUS CHRI,TX,78410-1609,Proprietary  ,1,4,5,30,80,110
03061800,STAR COLLEGE OF COSMETOLOGY             ,TX,75702-8214,Proprietary  ,10,30,40,98,238,336
03064600,UNIVERSITY OF TEXAS AT BROWNSVILLE      ,TX,78520-4993,Public       ,127,247,374,9395,9698,19093
03073402,ITT TECHNICAL INSTITUTE                 ,TX,75080-2208,Proprietary  ,0,0,0,0,4,4
03075400,ICC TECHNICAL INSTITUTE                 ,TX,77004-2930,Private      ,5,25,30,49,199,248
03076403,BRYMAN SCHOOL OF ARIZONA (THE) - ANTHEM ,TX,75038-4201,Proprietary  ,3,7,10,20,88,108
03079201,WESTWOOD COLLEGE OF TECHNOLOGY          ,TX,76180-0000,Proprietary  ,0,5,5,78,291,369
03103400,SOUTH TEXAS COLLEGE                     ,TX,78501-6699,Public       ,474,703,1177,14980,15505,30485
03108700,ROYAL BEAUTY CAREERS                    ,TX,77069-4611,Proprietary  ,10,56,66,132,466,598
03111000,MID-CITIES BARBER COLLEGE               ,TX,75051-4810,Proprietary  ,5,17,22,75,222,297
03115800,KAPLAN COLLEGE                          ,TX,78238-4203,Proprietary  ,32,139,171,291,1385,1676
03115802,KAPLAN COLLEGE - LAREDO                 ,TX,78041-6181,Proprietary  ,13,76,89,156,435,591
03115803,KAPLAN COLLEGE-BEAUMONT                 ,TX,77701-3706,Proprietary  ,18,95,113,164,786,950
03115804,KAPLAN COLLEGE - LUBBOCK                ,TX,79401-2601,Proprietary  ,20,103,123,197,814,1011
03128100,ACADEMY OF HEALTH CARE PROFESSIONS      ,TX,77092-8108,Proprietary  ,66,179,245,482,1595,2077
03144300,NATIONAL BEAUTY COLLEGE                 ,TX,75043-4046,Proprietary  ,3,9,12,20,71,91
03153300,AMER COLL OF ACUPUNCTURE & O.M.         ,TX,77063-4104,Proprietary  ,0,10,10,6,150,156
03156400,ACADEMY OF ORIENTAL MEDICINE AT AUSTIN  ,TX,78757-1132,Proprietary  ,0,19,19,28,340,368
03159300,ARLINGTON MEDICAL INSTITUTE             ,TX,76011-0000,Proprietary  ,6,25,31,115,389,504
03170300,TEXAS A&M UNIVERSITY-TEXARKANA          ,TX,75501-0000,Public       ,20,81,101,1112,2213,3325
03179500,TEXAS COLG TRADITIONAL CHINESE MED      ,TX,78704-6748,Proprietary  ,0,5,5,4,137,141
03189400,COLLEGE OF SAINT THOMAS MORE            ,TX,76109-2323,Private      ,1,5,6,45,87,132
03237400,FARIS COMPUTER SCHOOL                   ,TX,77627-3829,Proprietary  ,1,2,3,5,16,21
03272300,KAPLAN COLLEGE                          ,TX,75234-7288,Proprietary  ,36,129,165,254,1287,1541
03272301,KAPLAN COLLEGE - MIDLAND                ,TX,79703-5531,Proprietary  ,12,66,78,115,532,647
03272303,KAPLAN COLLEGE - ARLINGTON              ,TX,76010-8121,Proprietary  ,34,105,139,259,1125,1384
03275300,TOUCH OF CLASS SCHOOL OF COSM           ,TX,75402-6314,Proprietary  ,7,22,29,47,143,190
03276300,ACADEMY OF HAIR DESIGN                  ,TX,75901-4900,Proprietary  ,6,51,57,73,251,324
03277300,ACADEMY OF HAIR DESIGN                  ,TX,77701-4650,Proprietary  ,4,26,30,50,205,255
03303300,NORTHWEST EDUCATIONAL CENTER            ,TX,77092-7055,Proprietary  ,10,62,72,68,372,440
03371300,TONI&GUY HAIRDRESSING ACADEMY           ,TX,75006-2351,Proprietary  ,14,21,35,171,278,449
03372300,NORTHWEST VISTA COLLEGE                 ,TX,78251-4217,Public       ,210,469,679,9202,11377,20579
03396500,TEXAS STATE TECHNICAL COLG/MARSHALL     ,TX,75672-7402,Public       ,18,39,57,454,689,1143
03400300,CAREER QUEST                            ,TX,78229-3539,Proprietary  ,13,102,115,59,591,650
03412300,ADVANCED BARBER COLLEGE & HAIR DESI     ,TX,78596-0000,Proprietary  ,11,61,72,74,308,382
03416500,DALLAS NURSING INSTITUTE                ,TX,75243-5502,Proprietary  ,22,126,148,396,2404,2800
03422300,MILAN INSTITUTE                         ,TX,78238-4103,Proprietary  ,133,447,580,981,2580,3561
03422400,COLLEGE OF BIBLICAL STUDIES-HOUSTON     ,TX,77036-3211,Private      ,2,62,64,72,939,1011
03424400,MEDVANCE INSTITUTE                      ,TX,77057-7386,Proprietary  ,41,203,244,443,1580,2023
03426300,CAREER ADVANCEMENT CENTER               ,TX,78752-1470,Proprietary  ,10,36,46,77,317,394
03480304,MEDVANCE INSTITUTE OF BATON ROUGE - GRAN,TX,75050-2342,Proprietary  ,17,82,99,136,503,639
03509400,CORYELL COSMETOLOGY COLLEGE             ,TX,76528-2036,Proprietary  ,0,3,3,10,24,34
03520300,LUBBOCK HAIR ACADEMY                    ,TX,79410-3524,Proprietary  ,3,7,10,31,127,158
03542300,CONCORDE CAREER INSTITUTE               ,TX,76011-4016,Proprietary  ,21,143,164,251,1343,1594
03551400,STATE BEAUTY ACADEMY                    ,TX,75116-3501,Proprietary  ,1,8,9,14,63,77
03556400,KUSSAD INSTITUTE OF COURT REPORTING     ,TX,78704-5712,Proprietary  ,0,7,7,6,51,57
03573300,AVIATION INSTITUTE OF MAINTENANCE       ,TX,75209-3017,Proprietary  ,20,111,131,241,1068,1309
03610300,MJ'S BEAUTY ACADEMY INC                 ,TX,75224-4425,Proprietary  ,3,13,16,27,113,140
03612400,VALLEY GRANDE INSTITUTE FOR ACADEMI     ,TX,78596-0000,Private      ,16,79,95,126,500,626
03627300,LAMAR INSTITUTE OF TECHNOLOGY           ,TX,77705-4142,Public       ,58,194,252,1993,3559,5552
03676400,HEALTHY HAIR ACADEMY                    ,TX,75227-0000,Proprietary  ,7,75,82,53,375,428
03680300,JAY'S TECHNICAL INSTITUTE               ,TX,77031-3509,Proprietary  ,5,34,39,43,226,269
03682400,DALLAS BARBER & STYLIST COLLEGE         ,TX,75231-0000,Proprietary  ,20,72,92,147,588,735
03714300,TREND BARBER COLLEGE                    ,TX,77071-2104,Proprietary  ,22,77,99,134,530,664
03723300,CULINARY INST ALAIN & MARIE LENOTRE     ,TX,77022-4322,Proprietary  ,14,48,62,198,627,825
03727600,CULINARY ACADEMY OF AUSTIN              ,TX,78752-0000,Proprietary  ,19,68,87,293,505,798
03731300,INTERNATIONAL RENOWNED BEAUTY ACADE     ,TX,76103-2504,Proprietary  ,3,18,21,16,109,125
03733300,BAPTIST UNIVERSITY OF THE AMERICAS      ,TX,78224-1336,Private      ,2,24,26,79,291,370
03756300,ANAMARC COLLEGE                         ,TX,79930-6230,Proprietary  ,25,135,160,240,1280,1520
03922300,SOUTH TEXAS BARBER COLLEGE              ,TX,78415-3463,Proprietary  ,1,10,11,32,84,116
03944400,PROFESSIONAL CAREERS INSTITUTE          ,TX,77036-2252,Proprietary  ,16,53,69,80,350,430
03970300,HANDS ON THERAPY                        ,TX,75149-2294,Proprietary  ,3,17,20,36,151,187
03987300,TEXAS HEALTH SCHOOL                     ,TX,77079-2106,Proprietary  ,10,69,79,147,511,658
04036300,SOUTHEAST TEXAS CAREER INSTITUTE        ,TX,77656-8601,Proprietary  ,2,20,22,38,136,174
04045300,NORTHWEST BEAUTY SCHOOL                 ,TX,77091-1208,Proprietary  ,2,23,25,38,149,187
04045400,MAI-TRIX BEAUTY COLLEGE                 ,TX,77040-0000,Proprietary  ,5,27,32,42,179,221
04082300,PROFESSIONAL CAREER TRAINING INSTITUTE  ,TX,77090-0000,Proprietary  ,7,39,46,35,197,232
04089400,CCI TRAINING CENTER                     ,TX,76011-4857,Proprietary  ,6,71,77,41,413,454
04117900,CHAMPION BEAUTY COLLEGE                 ,TX,77069-4611,Proprietary  ,6,20,26,61,295,356
04121800,CRISWELL COLLEGE                        ,TX,75246-1537,Private      ,0,6,6,0,6,6
04125400,ACADEMY AT AUSTIN (THE)                 ,TX,78660-3287,Proprietary  ,12,35,47,119,301,420
04125500,MANUEL AND THERESA'S SCHOOL OF HAIR DESI,TX,77803-3236,Proprietary  ,6,16,22,20,74,94
04129800,MEDIATECH INSTITUTE DALLAS              ,TX,75039-3105,Proprietary  ,12,36,48,174,398,572
04129801,MEDIATECH INSTITUTE - AUSTIN            ,TX,78704-8933,Proprietary  ,6,24,30,106,199,305
04129802,MEDIATECH INSTITUTE HOUSTON             ,TX,77042-4712,Proprietary  ,6,18,24,120,228,348
04131700,SOUTHWEST CAREER COLLEGE                ,TX,79925-6230,Proprietary  ,62,242,304,482,1541,2023
04135600,CANNON INSTITUTE OF HIGHER LEARNING     ,TX,75247-9998,Proprietary  ,0,7,7,5,62,67
04136500,PCCENTER                                ,TX,75115-4214,Proprietary  ,0,15,15,11,107,118
04138500,CARDIOTECH ULTRASOUND SCHOOL            ,TX,77099-1440,Proprietary  ,4,20,24,73,458,531
04142300,AVEDA INSTITUTE SAN ANTONIO             ,TX,78215-1260,Proprietary  ,24,54,78,231,522,753
04146600,360 DEGREES BEAUTY ACADEMY              ,TX,77084-2714,Proprietary  ,0,0,0,7,27,34
04146700,AVIATION INSTITUTE OF MAINTENANCE       ,TX,77061-4004,Proprietary  ,15,61,76,174,544,718
04146800,SOUTH TEXAS TRAINING CENTER             ,TX,78586-7721,Proprietary  ,7,45,52,30,134,164
04152700,ASTRODOME CAREER CENTERS                ,TX,77054-2678,Proprietary  ,6,18,24,30,130,160
04154800,DUVALL'S SCHOOL OF COSMETOLOGY          ,TX,76021-4159,Proprietary  ,7,17,24,55,115,170
04155800,ADVANCED BEAUTY COLLEGE                 ,TX,75061-1918,Proprietary  ,0,4,4,11,81,92
04158500,TEXAS BEAUTY COLLEGE                    ,TX,76117-3201,Proprietary  ,3,11,14,20,84,104
04160700,AVENUE FIVE INSTITUTE                   ,TX,78757-7000,Proprietary  ,10,41,51,120,390,510
04161100,CORPUS CHRISTI BEAUTY ACADEMY           ,TX,78412-3900,Proprietary  ,1,12,13,56,102,158
04165800,SALON PROFESSIONAL ACADEMY (THE)        ,TX,75067-5390,Proprietary  ,8,16,24,57,151,208
04168700,LAWYER'S ASSISTANT SCHOOL OF DALLAS     ,TX,75201-2829,Proprietary  ,2,34,36,35,300,335
04168800,ABC BEAUTY ACADEMY                      ,TX,75042-8682,Proprietary  ,13,35,48,41,169,210
04169000,SALON & SPA INSTITUTE                   ,TX,78521-1727,Proprietary  ,6,32,38,42,167,209
04169100,DIAMONDS COSMETOLOGY COLLEGE            ,TX,75090-2657,Proprietary  ,7,12,19,22,86,108
04177900,BUCKNER BARBER SCHOOL                   ,TX,75217-1775,Proprietary  ,2,12,14,37,150,187
04178200,VOGUE COLLEGE - SAN ANTONIO             ,TX,78201-5035,Proprietary  ,11,48,59,11,48,59
04178300,VOGUE BEAUTY ACADEMY                    ,TX,78238-4402,Proprietary  ,5,53,58,5,53,58
04178400,VOGUE COLLEGE - MCALLEN                 ,TX,78501-1945,Proprietary  ,12,48,60,12,48,60
04179500,NORTH AMERICAN COLLEGE                  ,TX,77038-0000,Private      ,5,17,22,103,102,205
04193000,RGV CAREERS AN INSTITUTE FOR HIGHER LEAR,TX,78577-2106,Proprietary  ,2,21,23,2,21,23
04205200,WADE GORDON HAIRDRESSING ACADEMY        ,TX,79121-0548,Proprietary  ,6,12,18,6,12,18
00367000,BRIGHAM YOUNG UNIVERSITY                ,UT,84602-8406,Private      ,650,746,1396,13777,14312,28089
00367100,DIXIE STATE COLLEGE OF UTAH             ,UT,84770-3876,Public       ,148,264,412,4661,5837,10498
00367200,LDS BUSINESS COLLEGE                    ,UT,84101-3500,Private      ,65,76,141,1156,1189,2345
00367400,STEVENS HENAGER COLLEGE                 ,UT,84401-1420,Proprietary  ,307,2731,3038,2038,16734,18772
00367500,UNIVERSITY OF UTAH                      ,UT,84112-9055,Public       ,346,741,1087,13213,19887,33100
00367600,COLLEGE OF EASTERN UTAH                 ,UT,84501-2699,Public       ,22,29,51,758,770,1528
00367700,UTAH STATE UNIVERSITY                   ,UT,84322-1400,Public       ,231,557,788,11051,13837,24888
00367800,SOUTHERN UTAH UNIVERSITY                ,UT,84720-2470,Public       ,91,120,211,5151,3955,9106
00367900,SNOW COLLEGE                            ,UT,84627-1299,Public       ,60,57,117,2860,1358,4218
00368000,WEBER STATE UNIVERSITY                  ,UT,84408-1136,Public       ,207,590,797,7731,14835,22566
00368100,WESTMINSTER COLLEGE                     ,UT,84105-3697,Private      ,43,93,136,2859,2251,5110
00402700,UTAH VALLEY UNIVERSITY                  ,UT,84058-5999,Public       ,417,870,1287,10822,20308,31130
00522000,SALT LAKE COMMUNITY COLLEGE             ,UT,84123-0000,Public       ,461,1411,1872,10195,23572,33767
00732953,ITT TECHNICAL INSTITUTE                 ,UT,84123-2500,Proprietary  ,50,199,249,541,2225,2766
00943300,SHERMAN KENDALL'S ACADEMY OF BEAUTY     ,UT,84106-1836,Proprietary  ,6,16,22,37,96,133
01009800,NEUMONT UNIVERSITY                      ,UT,84095-0000,Proprietary  ,11,7,18,620,160,780
01116500,UINTAH BASIN APPLIED TECHNOLOGY CLG     ,UT,84066-0000,Public       ,0,23,23,27,191,218
01116600,BROADVIEW UNIVERSITY                    ,UT,84088-4021,Proprietary  ,42,168,210,547,1896,2443
02078800,SHERMAN KENDALL'S ACADEMY OF BEAUTY     ,UT,84047-0000,Proprietary  ,5,7,12,20,54,74
02115400,BRIDGERLAND APPLIED TECHNOLOGY COLLEGE  ,UT,84321-0000,Public       ,20,116,136,382,1219,1601
02156600,DAVIS APPLIED TECHNOLOGY COLLEGE        ,UT,84037-0000,Public       ,39,191,230,548,2165,2713
02178500,EAGLE GATE COLLEGE                      ,UT,84123-0000,Proprietary  ,28,201,229,316,1970,2286
02270800,AMERITECH COLLEGE                       ,UT,84604-6927,Proprietary  ,39,285,324,135,1155,1290
02270802,AMERITECH COLLEGE - DRAPER              ,UT,84020-6545,Proprietary  ,2,22,24,31,274,305
02298500,EVEREST COLLEGE                         ,UT,84119-2668,Proprietary  ,15,143,158,166,952,1118
02346500,OGDEN-WEBER APPLIED TECHNOLOGY COLG     ,UT,84404-0000,Public       ,44,276,320,509,2399,2908
02360800,PROVO COLLEGE                           ,UT,84601-0000,Proprietary  ,21,87,108,310,1013,1323
02504000,MARINELLO SCHOOL OF BEAUTY              ,UT,84041-0000,Proprietary  ,9,33,42,62,206,268
02504001,MARINELLO SCHOOL OF BEAUTY - MAIN STREET,UT,84041-3002,Proprietary  ,1,4,5,12,35,47
02516100,MARINELLO SCHOOL OF BEAUTY              ,UT,84405-1501,Proprietary  ,5,42,47,57,229,286
02531800,VON CURTIS ACADEMY OF HAIR DESIGN       ,UT,84606-0000,Proprietary  ,91,138,229,1017,1283,2300
02556800,PAUL MITCHELL THE SCHOOL                ,UT,84117-7204,Proprietary  ,27,65,92,235,437,672
02556801,PAUL MITCHELL THE SCHOOL                ,UT,84780-0000,Proprietary  ,4,8,12,35,57,92
02557700,PREMIER HAIR ACADEMY                    ,UT,84120-3603,Proprietary  ,2,5,7,17,55,72
02572700,EVANS HAIRSTYLING COLLEGE               ,UT,84770-0000,Proprietary  ,2,6,8,47,66,113
02572800,VISTA COLLEGE                           ,UT,84015-0000,Proprietary  ,6,76,82,25,266,291
02573100,EVANS HAIRSTYLING COLLEGE               ,UT,84720-0000,Proprietary  ,1,2,3,48,66,114
02612200,MARINELLO SCHOOL OF BEAUTY              ,UT,84604-1585,Proprietary  ,11,28,39,86,164,250
03030600,UTAH COLLEGE OF MASSAGE THERAPY         ,UT,84111-1606,Proprietary  ,32,68,100,315,610,925
03030601,UTAH CLG OF MASSAGE THER-PROVO CMPS     ,UT,84042-0000,Proprietary  ,9,27,36,99,162,261
03082100,MYOTHERAPY COLLEGE OF UTAH              ,UT,84115-2522,Proprietary  ,1,11,12,30,127,157
03108200,ECHELON EDGE ACADEMY OF HAIR SKIN & NAIL,UT,84070-2004,Proprietary  ,7,9,16,35,95,130
03110400,HAIRITAGE HAIR ACADEMY                  ,UT,84770-5233,Proprietary  ,3,11,14,43,58,101
03339400,WESTERN GOVERNORS UNIVERSITY            ,UT,84107-2533,Private      ,115,4935,5050,1152,41279,42431
03413300,MOUNTAINLAND APPLIED TECHNOLOGY COLLEGE ,UT,84058-5857,Public       ,26,94,120,260,734,994
03463300,CAREERS UNLIMITED                       ,UT,84058-0000,Proprietary  ,2,13,15,53,163,216
03617300,HEALING MOUNTAIN MASSAGE SCHOOL         ,UT,84111-0000,Proprietary  ,4,6,10,50,111,161
03829500,SKINWORKS SCHOOL OF ADVANCED SKINCARE   ,UT,84115-0000,Proprietary  ,6,18,24,28,108,136
03838300,NIGHTINGALE COLL. SCH. OF NURSING SCH. O,UT,84403-0000,Proprietary  ,2,13,15,22,106,128
03902300,RENAISSANCE SCHOOL OF THERAPEUTIC MASSAG,UT,84010-2835,Proprietary  ,0,2,2,6,30,36
03909300,MAXIMUM STYLE TEC SCHOOL OF COSMETOLOGY ,UT,84323-4679,Proprietary  ,3,8,11,41,90,131
03921300,CAMEO COLLEGE OF ESSENTIAL BEAUTY       ,UT,84115-0000,Proprietary  ,14,52,66,139,427,566
04054300,SOUTHWEST APPLIED TECHNOLOGY COLLEGE    ,UT,84720-6608,Public       ,5,34,39,71,288,359
04072300,AVEDA INSTITUTE PROVO                   ,UT,84604-1008,Proprietary  ,13,19,32,113,193,306
04118100,IMAGEWORKS ACADEMY OF HAIR DESIGN       ,UT,84660-1210,Proprietary  ,3,16,19,29,85,114
04121700,DIXIE APPLIED TECHNOLOGY COLLEGE        ,UT,84770-3025,Public       ,10,39,49,373,576,949
04142100,SKIN INSTITUTE (THE)                    ,UT,84770-6452,Proprietary  ,1,6,7,14,41,55
04145500,SKIN SCIENCE INSTITUTE (THE)            ,UT,84115-0000,Proprietary  ,4,16,20,49,188,237
04153000,RENAISSANCE ACADEMIE                    ,UT,84604-0000,Proprietary  ,4,3,7,48,61,109
04161900,MANDALYN ACADEMY                        ,UT,84003-2161,Proprietary  ,2,7,9,19,72,91
04165500,ACAYDIA SCHOOL OF AESTHETICS            ,UT,84601-0000,Proprietary  ,6,6,12,31,87,118
04169900,AMERICAN BEAUTY ACADEMY                 ,UT,84651-0000,Proprietary  ,3,7,10,35,54,89
04173200,TAYLOR ANDREWS ACADEMY OF HAIR DESIGN   ,UT,84088-6577,Proprietary  ,9,14,23,103,180,283
04184200,TAYLOR ANDREWS ACADEMY-ST. GEORGE       ,UT,84790-2139,Proprietary  ,5,15,20,54,79,133
04192700,BARBER SCHOOL (THE)                     ,UT,84047-3723,Proprietary  ,4,22,26,16,85,101
04193200,ROCKY MOUNTAIN UNIVERSITY OF HEALTH PROF,UT,84606-7312,Proprietary  ,1,117,118,1,117,118
00368200,BENNINGTON COLLEGE                      ,VT,05201-6001,Private      ,9,22,31,1145,283,1428
00368300,CASTLETON STATE COLLEGE                 ,VT,05735-0000,Public       ,29,16,45,3080,483,3563
00368400,CHAMPLAIN COLLEGE                       ,VT,05401-3950,Private      ,23,69,92,3377,1303,4680
00368402,WOODBURY COLLEGE                        ,VT,05602-0000,Private      ,0,0,0,2,16,18
00368500,COLLEGE OF ST JOSEPH                    ,VT,05701-3899,Private      ,3,7,10,157,304,461
00368600,GODDARD COLLEGE                         ,VT,05667-0000,Private      ,4,56,60,89,1121,1210
00368700,GREEN MOUNTAIN COLLEGE                  ,VT,05764-1199,Private      ,3,8,11,1063,233,1296
00368800,JOHNSON STATE COLLEGE                   ,VT,05656-9898,Public       ,11,26,37,1517,1078,2595
00368900,LYNDON STATE COLLEGE                    ,VT,05851-0919,Public       ,20,22,42,1867,402,2269
00369000,MARLBORO COLLEGE                        ,VT,05344-0300,Private      ,2,10,12,398,159,557
00369100,MIDDLEBURY COLLEGE                      ,VT,05753-0000,Private      ,26,13,39,4429,552,4981
00369200,NORWICH UNIVERSITY                      ,VT,05663-1035,Private      ,20,138,158,3160,1670,4830
00369300,SOUTHERN VERMONT COLLEGE                ,VT,05201-6002,Private      ,9,5,14,639,226,865
00369400,ST MICHAELS COLLEGE                     ,VT,05439-0001,Private      ,19,9,28,3896,281,4177
00369600,UNIVERSITY OF VERMONT                   ,VT,05405-0160,Public       ,110,78,188,19337,3584,22921
00369700,VERMONT COLLEGE OF FINE ARTS            ,VT,05602-3128,Private      ,0,16,16,11,456,467
00369800,VERMONT TECHNICAL COLLEGE               ,VT,05061-0000,Public       ,13,23,36,1235,962,2197
00857500,SALON PROFESSIONAL ACADEMY (THE)        ,VT,05495-4001,Proprietary  ,6,12,18,60,96,156
00865800,O'BRIENS AVEDA INSTITUTE                ,VT,05403-7747,Proprietary  ,3,12,15,38,90,128
00886000,SIT                                     ,VT,05301-4801,Private      ,0,13,13,12,598,610
01116700,COMMUNITY COLLEGE OF VERMONT            ,VT,05676-0000,Public       ,102,381,483,2079,5239,7318
01193400,VERMONT LAW SCHOOL                      ,VT,05068-0000,Private      ,0,14,14,2,1094,1096
01218300,BURLINGTON COLLEGE                      ,VT,05401-8477,Private      ,2,4,6,241,172,413
02143500,STERLING COLLEGE                        ,VT,05827-0000,Private      ,2,0,2,148,44,192
02254000,NEW ENGLAND CULINARY INSTITUTE          ,VT,05602-0000,Proprietary  ,10,38,48,485,330,815
02532600,LANDMARK COLLEGE                        ,VT,05346-0000,Private      ,9,2,11,484,91,575
03708300,BURLINGTON TECHNICAL CENTER             ,VT,05401-2721,Public       ,1,1,2,12,29,41
04146900,ADVANCED WELDING INSTITUTE              ,VT,05403-0000,Proprietary  ,3,5,8,28,30,58
00392800,CASPER COLLEGE                          ,WY,82601-4612,Public       ,35,99,134,1367,2164,3531
00392900,EASTERN WYOMING COLLEGE                 ,WY,82240-1603,Public       ,11,30,41,522,528,1050
00393000,SHERIDAN COLLEGE                        ,WY,82801-9133,Public       ,31,85,116,1003,1393,2396
00393100,NORTHWEST COLLEGE                       ,WY,82435-1895,Public       ,27,42,69,1001,843,1844
00393200,UNIVERSITY OF WYOMING                   ,WY,82071-3663,Public       ,91,158,249,7046,5311,12357
00393300,WESTERN WYOMING COMMUNITY COLLEGE       ,WY,82902-0000,Public       ,22,63,85,1006,1458,2464
00728900,CENTRAL WYOMING COLLEGE                 ,WY,82501-0000,Public       ,21,71,92,621,1143,1764
00915700,WYOMING TECHNICAL INSTITUTE             ,WY,82072-9519,Proprietary  ,193,116,309,2175,1271,3446
00925900,LARAMIE COUNTY COMMUNITY CLG            ,WY,82007-3299,Public       ,40,105,145,1596,2602,4198
02211900,CHEEKS INTERNATIONAL ACDMY              ,WY,82001-0000,Proprietary  ,10,26,36,85,237,322
00393500,UNIV OF GUAM                            ,GU,96923-0000,Public       ,89,105,194,2422,1814,4236
01536100,GUAM COMMUNITY COLLEGE                  ,GU,96921-0000,Public       ,85,116,201,1583,1757,3340
03438300,PACIFIC ISLANDS UNIVERSITY              ,GU,96913-2619,Private      ,7,6,13,83,76,159
00393600,PONTIFICAL CATHOLIC UNIV OF PR          ,PR,00717-0777,Private      ,107,298,405,6834,5851,12685
00393700,UNIVERSITY OF THE SACRED HEART          ,PR,00914-0383,Private      ,76,186,262,4255,2850,7105
00393800,INTER-AMER UNIV PR-CNTRL ADMN           ,PR,00936-0000,Private      ,134,412,546,4167,7018,11185
00393801,INTER-AMER UNIV PR SCHL LAW             ,PR,00936-8351,Private      ,0,4,4,23,314,337
00393802,INTER AMERICAN UNIVERSITY OF PUERTO RICO,PR,00926-0000,Private      ,24,67,91,1226,1538,2764
00393803,INTER AMERICAN UNIVERSITY OF PR         ,PR,00683-0000,Private      ,79,143,222,3962,2260,6222
00393804,INTER-AMER UNIV PR-RECINTO AGUADILA     ,PR,00605-2000,Private      ,116,223,339,3371,2720,6091
00393805,INTER-AMER UNIV PR-ARECIBO CAMPUS       ,PR,00614-4050,Private      ,98,179,277,3568,3086,6654
00393806,INTER-AMER UNIV PR-BARRANQUITAS REG     ,PR,00794-0517,Private      ,126,80,206,1830,1085,2915
00393807,INTER-AMER UNIV PR-FAJARDO REGIONAL     ,PR,00738-0000,Private      ,55,107,162,1451,1339,2790
00393808,INTER-AMER UNIV PR - GUAYAMA CAMPUS     ,PR,00785-4004,Private      ,53,146,199,1305,1694,2999
00393809,INTER-AMER UNIV PR-PONCE REGIONAL       ,PR,00715-0000,Private      ,97,252,349,3838,3962,7800
00393811,INTER-AMER UNIV PR-BAYAMON REG CLG      ,PR,00959-0000,Private      ,78,107,185,4391,2135,6526
00394100,COLEGIO UNIVERSITARIO DEL ESTE          ,PR,00983-0000,Private      ,267,881,1148,7664,9291,16955
00394200,UNIVERSITY OF PR-CENTRAL ADMINISTRATION ,PR,00936-4984,Public       ,10,16,26,363,180,543
00394300,UNIVERSITY OF PUERTO RICO - HUMACAO UNIV,PR,00791-4300,Public       ,22,28,50,3347,671,4018
00394400,UNIVERSITY OF PUERTO RICO - MAYAGUEZ    ,PR,00680-0000,Public       ,92,114,206,9444,2405,11849
00501900,UNIV ADVENTISTA DE LAS ANTILLAS         ,PR,00681-0118,Private      ,22,22,44,872,481,1353
00502200,BAYAMON CENTRAL UNIVERSITY              ,PR,00960-0000,Private      ,40,102,142,1150,1336,2486
00710800,UNIVERSITY OF PUERTO RICO - RIO PIEDRAS ,PR,00931-3300,Public       ,87,267,354,8163,3728,11891
00720600,UNIVERSITY OF PUERTO RICO - CAYEY UNIVER,PR,00736-5534,Public       ,16,18,34,3170,594,3764
00722800,UNIVERSITY OF PUERTO RICO - ARECIBO     ,PR,00614-4010,Public       ,28,22,50,3355,677,4032
00890200,COLUMBIA CENTRO UNIVERSITARIO           ,PR,00726-0000,Proprietary  ,77,177,254,1151,1558,2709
00965200,"UNIVERSITY OF PUERTO RICO, PONCE TECH UN",PR,00716-0000,Public       ,21,21,42,3059,515,3574
01056700,COLEGIO TECNOLOGICO DE SAN JUAN         ,PR,00918-2973,Public       ,43,74,117,851,1059,1910
01072400,CARLOS ALBIZU UNIVERSITY                ,PR,00902-3711,Private      ,3,12,15,110,873,983
01081900,CONSERVATORIO DE MUSICA DE PUERTO RICO  ,PR,00907-3373,Public       ,2,3,5,312,131,443
01092200,UNIVERSITY OF PUERTO RICO - UTUADO      ,PR,00641-2500,Public       ,5,6,11,1163,273,1436
01097500,UNIVERSITY OF PUERTO RICO BAYAMON TECHNI,PR,00959-1911,Public       ,43,24,67,4209,860,5069
01120300,RYDER MEMORIAL HOSP SCH OF NURSING      ,PR,00792-0000,Private      ,0,1,1,15,33,48
01171900,UNIVERSIDAD DEL TURABO                  ,PR,00778-0000,Private      ,223,1093,1316,8201,11535,19736
01194000,ICPR JUNIOR COLLEGE                     ,PR,00919-0000,Proprietary  ,161,281,442,1116,1546,2662
01194100,AMERICAN UNIVERSITY OF PUERTO RICO      ,PR,00960-2037,Private      ,74,64,138,922,737,1659
01194101,AMERICAN UNIVERSITY OF PUERTO RICO      ,PR,00674-0000,Private      ,71,48,119,766,623,1389
01212300,"UNIVERSITY OF PUERTO RICO, AGUADILLA REG",PR,00604-0160,Public       ,22,35,57,2484,667,3151
01252500,CARIBBEAN UNIVERSITY                    ,PR,00960-0493,Private      ,120,263,383,2831,4101,6932
02063100,MBTI BUSINESS TRNG INSTITUTE            ,PR,00907-3917,Proprietary  ,188,726,914,792,2760,3552
02100000,POLYTECHNIC UNIVERSITY OF PR            ,PR,00917-0000,Private      ,46,128,174,2875,2471,5346
02163300,UNIVERSIDAD CENTRAL DEL CARIBE          ,PR,00960-0000,Private      ,2,9,11,167,442,609
02165100,EDP COLLEGE OF PUERTO RICO              ,PR,00919-0000,Private      ,55,145,200,923,1792,2715
02166000,CENTER FOR ADVANCED STUDIES OF PUER     ,PR,00902-0000,Private      ,0,27,27,6,260,266
02166400,INSTITUTO DE BANCA Y COMERCIO           ,PR,00925-0000,Proprietary  ,1119,1777,2896,10559,13784,24343
02170300,INST EDUC TECNIA OCUP LA REINA          ,PR,00674-0000,Proprietary  ,59,84,143,340,480,820
02189100,CENTRO DE ESTUDIOS MULTIDISCIPLIN       ,PR,00926-0000,Private      ,110,182,292,1864,2434,4298
02189300,EMMA'S BEAUTY ACADEMY                   ,PR,00680-0000,Proprietary  ,16,20,36,273,222,495
02195400,MODERN HAIRSTYLING INSTITUTE            ,PR,00961-0000,Proprietary  ,117,101,218,855,617,1472
02195500,MODERN HAIRSTYLING INSTITUTE            ,PR,00612-0000,Proprietary  ,0,1,1,2,3,5
02195800,LICEO E ARTE Y TECNOLGIA                ,PR,00919-0000,Proprietary  ,45,67,112,563,655,1218
02195900,MODERN HAIRSTYLING INSTITUTE            ,PR,00980-0000,Proprietary  ,1,1,2,17,8,25
02234900,ANTILLES SCHOOL OF TECH CAREERS         ,PR,00909-3006,Proprietary  ,27,39,66,193,224,417
02241901,COMMONWEALTH OF PR DEPT OF EDUC - CARLOS,PR,00986-0000,Public       ,2,9,11,43,80,123
02241902,COMMONWEALTH OF PR DEPT OF EDUC - TOMAS ,PR,00613-0000,Public       ,1,1,2,24,28,52
02241904,COMMONWEALTH OF PR DEPT OF EDUC - ITPR R,PR,00655-0000,Public       ,17,21,38,544,331,875
02241905,COMMONWEALTH OF PR DEPT OF EDUC - JOSE A,PR,00674-0000,Public       ,1,0,1,85,33,118
02241907,COMMONWEALTH OF PR DEPT OF EDUC - ITPR R,PR,00928-0000,Public       ,10,10,20,457,325,782
02241908,COMMONWEALTH OF PR DEPT OF EDUC - ITPR R,PR,00732-0000,Public       ,15,11,26,461,332,793
02241909,COMMONWEALTH OF PR DEPT OF EDUC - TROQUE,PR,00959-0000,Public       ,0,0,0,62,16,78
02241910,COMMONWEALTH OF PR DEPT OF EDUC - ITPR R,PR,00701-1091,Public       ,1,4,5,660,275,935
02260600,NATIONAL COLLEGE OF BUSINESS & TECH     ,PR,00960-2036,Proprietary  ,309,1131,1440,3850,7368,11218
02260800,HUERTAS JUNIOR COLLEGE                  ,PR,00726-0000,Proprietary  ,91,184,275,936,1337,2273
02297700,AUTOMECA TECHNICAL COLLEGE              ,PR,00957-0000,Proprietary  ,121,135,256,1211,885,2096
02303800,AMERICAN EDUCATIONAL COLLEGE            ,PR,00961-0000,Proprietary  ,63,123,186,471,757,1228
02335500,COLEGIO BIBLICO PENTECOSTAL DE PR       ,PR,00978-0000,Private      ,2,20,22,19,199,218
02340600,HUMACAO COMMUNITY COLLEGE               ,PR,00792-0000,Private      ,35,63,98,395,485,880
02343600,INSTITUTE OF BEAUTY CAREERS             ,PR,00613-0000,Proprietary  ,70,53,123,440,480,920
02460000,UNIVERSITY OF PUERTO RICO - MEDICAL SCIE,PR,00936-0000,Public       ,3,30,33,689,1627,2316
02482400,PONCE SCHOOL OF MEDICINE AND HEALTH SCIE,PR,00716-2347,Private      ,0,8,8,46,671,717
02502400,SERBIA'S SCHOOL OF BEAUTY CULTURE       ,PR,00785-0000,Proprietary  ,29,68,97,148,269,417
02504500,INSTITUCION CHAVIANO DE MAYAGUEZ        ,PR,00708-0000,Proprietary  ,9,37,46,42,125,167
02505400,ATLANTIC COLLEGE                        ,PR,00970-0000,Private      ,62,46,108,1199,509,1708
02534900,PONCE PARAMEDICAL COLLEGE (POPAC)       ,PR,00731-0000,Proprietary  ,174,249,423,2108,1951,4059
02552300,COLEGIO MAYOR DE TECHNOLOGIA            ,PR,00714-0000,Proprietary  ,30,58,88,200,295,495
02562500,INTERNATIONAL TECHNICAL COLLEGE         ,PR,00918-0000,Proprietary  ,10,25,35,53,148,201
02563500,ROGIES SCHOOL OF BEAUTY CULTURE         ,PR,00910-0000,Proprietary  ,12,24,36,73,140,213
02569400,ESCUELA DE ARTES PLASTICAS              ,PR,00902-1112,Public       ,6,3,9,450,176,626
02570400,EDUCATIONAL TECHNICAL COLLEGE           ,PR,00925-3404,Proprietary  ,97,198,295,522,1042,1564
02576100,ESCUELA TECNICA DE ELECTRICIDAD         ,PR,00731-0000,Proprietary  ,23,51,74,191,328,519
02587500,UNIVERSIDAD METROPOLITANA               ,PR,00928-0000,Private      ,260,971,1231,6638,9964,16602
02588600,SEMINARIO EVANGELICO DE PUERTO RICO     ,PR,00925-0000,Private      ,0,4,4,3,44,47
02593700,HISPANIC AMERICAN COLLEGE               ,PR,00725-0000,Proprietary  ,20,51,71,187,260,447
03016000,UNIVERSITY OF PUERTO RICO CAROLINA REGIO,PR,00985-0000,Public       ,26,32,58,3102,772,3874
03021900,EDIC COLLEGE                            ,PR,00726-0000,Proprietary  ,86,166,252,1056,1258,2314
03025500,MECH TECH COLLEGE                       ,PR,00725-6118,Proprietary  ,221,230,451,3154,2072,5226
03025900,"LICEO DE ARTE, DISENOS Y COMERCIO       ",PR,00726-0000,Proprietary  ,23,54,77,262,450,712
03029700,"UNIVERSAL TECHNOLOGY CLG OF PR, INC     ",PR,00605-1955,Private      ,36,121,157,584,1187,1771
03061900,COLEGIO TECHNOLOGICO Y COMERCIAL        ,PR,00602-0960,Proprietary  ,2,9,11,34,66,100
03068400,STAR BEAUTY ACADEMY                     ,PR,00961-6312,Proprietary  ,17,54,71,61,117,178
03070500,D'MART INSTITUTE                        ,PR,00794-3517,Proprietary  ,103,203,306,693,1205,1898
03075600,EMMA'S BEAUTY ACADEMY                   ,PR,00795-0000,Proprietary  ,47,48,95,371,307,678
03085700,PROFESSIONAL TECHNICAL INSTITUTION      ,PR,00960-7061,Proprietary  ,34,39,73,178,216,394
03104400,PROFESSIONAL ELECTRIC SCHOOL            ,PR,00674-1797,Proprietary  ,1,1,2,35,39,74
03106900,ESCUELA DE PERITOS ELECTRICITAS         ,PR,00662-0457,Proprietary  ,5,5,10,43,54,97
03112100,JOHN DEWEY COLLEGE                      ,PR,00915-9538,Private      ,330,698,1028,2416,4806,7222
03112101,JOHN DEWEY COLLEGE                      ,PR,00986-0000,Private      ,84,180,264,652,970,1622
03112102,JOHN DEWEY COLLEGE-BAYAMON CAMPUS       ,PR,00959-0000,Private      ,41,86,127,293,555,848
03112104,JOHN DEWEY COLLEGE - YABUCOA LRNING SITE,PR,00767-0767,Private      ,29,48,77,204,387,591
03112105,JOHN DEWEY COLLEGE - FAJARDO BRANCH     ,PR,00738-0738,Private      ,25,26,51,186,257,443
03112106,JOHN DEWEY COLLEGE - ARROYO BRANCH      ,PR,00714-0714,Private      ,0,0,0,90,142,232
03112107,JOHN DEWEY COLLEGE - JUANA DIAZ BRANCH  ,PR,00795-0000,Private      ,19,44,63,205,277,482
03112108,JOHN DEWEY COLLEGE - HATILLO CAMPUS     ,PR,00659-0000,Private      ,27,40,67,148,278,426
03112109,JOHN DEWEY COLLEGE - MANATI             ,PR,00674-0000,Private      ,52,91,143,279,509,788
03115900,TRINITY COLLEGE OF PUERTO RICO          ,PR,00734-0000,Private      ,20,33,53,118,192,310
03122500,ACADEMIA SERRANT INC.                   ,PR,00717-1568,Proprietary  ,26,60,86,146,251,397
03123100,GLOBELLE TECHNICAL INSTITUTE            ,PR,00693-4218,Proprietary  ,26,11,37,164,60,224
03124200,NOVA COLLEGE DE PUERTO RICO             ,PR,00960-4016,Proprietary  ,33,59,92,168,414,582
03157600,"COLEGIO DE CINEMATOGRAFIA, ARTES Y TELEV",PR,00961-6345,Proprietary  ,57,58,115,627,383,1010
03177300,SAN JUAN BAUTISTA SCH OF MEDICINE       ,PR,00726-0000,Private      ,0,2,2,13,331,344
03326300,UNIVERSAL CAREER COMMUNITY COLLEGE      ,PR,00907-0000,Proprietary  ,2,10,12,414,747,1161
03336300,CENTURY COLLEGE                         ,PR,00603-0000,Proprietary  ,17,31,48,140,167,307
03414300,MONTECLARO                              ,PR,00745-9612,Private      ,0,2,2,14,8,22
03452300,INSTITUTO PRE-VOCACIONAL E INDUSTRI     ,PR,00613-1800,Private      ,13,26,39,86,201,287
03469300,IVAEM COLLEGE                           ,PR,00725-0000,Proprietary  ,10,11,21,144,79,223
03531300,UNIVERSIDAD PENTECOSTAL MIZPA           ,PR,00928-0966,Private      ,3,30,33,21,357,378
03544300,ATENAS COLLEGE                          ,PR,00674-0000,Private      ,41,64,105,1051,1332,2383
03552300,LESTON COLLEGE                          ,PR,00961-6309,Proprietary  ,30,41,71,101,197,298
03585300,CENTRO DE CAPACITACION Y ASESORAMIE     ,PR,00612-0000,Private      ,2,4,6,11,49,60
03608300,CARIBBEAN FORENSIC & TECHNICAL COLL     ,PR,00926-0000,Proprietary  ,6,12,18,49,87,136
03638300,ROSSLYN TRAINING ACADEMY OF COSMETOLOGY ,PR,00602-3225,Proprietary  ,4,9,13,15,65,80
03735400,"CHARLIES GUARD,DETECTIVE BUREAU&ACA     ",PR,00605-0000,Proprietary  ,12,31,43,80,131,211
03751300,ESCUELA HOTELERA DE SAN JUAN            ,PR,00917-0091,Proprietary  ,36,42,78,681,428,1109
03758300,BAYAMON COMMUNITY COLLEGE               ,PR,00960-0000,Proprietary  ,19,58,77,94,265,359
03781400,INDUSTRIAL TECHNICAL COLLEGE            ,PR,00792-0000,Proprietary  ,8,10,18,156,255,411
03785300,J.G. GUAYNABO TECHNICAL COLLEGE         ,PR,00960-0000,Proprietary  ,11,19,30,56,84,140
03800300,COLEGIO TECNICO DE ELECTRICIDAD GALLOSA ,PR,00602-0000,Proprietary  ,3,19,22,19,74,93
03800400,INSTITUTE OF BEAUTY OCCUPATIONS AND TECH,PR,00676-5071,Proprietary  ,18,99,117,84,225,309
03843300,ADVANCED TECH COLLEGE                   ,PR,00961-6321,Proprietary  ,22,56,78,118,235,353
03849300,AGUADILLA TECHNICAL COLLEGE             ,PR,00603-0000,Proprietary  ,1,8,9,22,47,69
03965400,MYRANGEL BEAUTY INSTITUTE               ,PR,00754-3917,Proprietary  ,20,34,54,110,238,348
04030300,"ASPIRA DE PUERTO RICO, ACADEMIA DE TECNO",PR,00987-0000,Private      ,0,0,0,6,3,9
04107300,CARIB TECHNOLOGICAL INSTITUTE           ,PR,00960-0000,Proprietary  ,9,27,36,84,139,223
04117200,INSTITUTO EDUCATIVO PREMIER             ,PR,00731-0000,Proprietary  ,33,66,99,135,334,469
04131600,LIBERTY TECHNICAL COLLEGE               ,PR,00737-1298,Proprietary  ,9,21,30,98,226,324
04158600,SCOTLAND EDUCATIONAL INSTITUTE          ,PR,00961-6312,Proprietary  ,0,0,0,3,8,11
04164300,GLOBAL INSTITUTE                        ,PR,00725-6485,Proprietary  ,1,13,14,3,14,17
04176000,AMERICAN TECHNICAL INSTITUTE            ,PR,00957-0000,Proprietary  ,4,2,6,37,28,65
00394600,UNIVERSITY OF THE VIRGIN ISLANDS        ,VI,00802-6000,Public       ,26,36,62,1175,1019,2194
00394601,UNIV OF THE VIRGIN ISLANDS-ST CROIX     ,VI,00850-0000,Public       ,7,25,32,614,714,1328
00667700,MCGILL UNIVERSITY                       ,CN,00000-0000,Public       ,16,8,24,1636,464,2100
00667900,QUEEN'S UNIVERSITY AT KINGSTON          ,CN,00000-0000,Public       ,1,1,2,96,50,146
00668100,ST FRANCIS XAVIER UNIVERSITY            ,CN,00000-0000,Public       ,1,0,1,30,10,40
00668200,ST THOMAS UNIVERSITY                    ,CN,00000-0000,Public       ,0,1,1,45,8,53
00668300,UNIVERSITY OF GUELPH                    ,CN,00000-0000,Public       ,1,1,2,36,76,112
00668400,UNIVERSITY OF MANITOBA                  ,CN,00000-0000,Public       ,1,0,1,34,41,75
00668500,UNIVERSITY OF NEW BRUNSWICK (THE)       ,CN,00000-0000,Public       ,0,0,0,20,24,44
00668600,UNIVERSITY OF OTTAWA                    ,CN,00000-0000,Public       ,1,0,1,49,49,98
00668800,UNIVERSITY OF TORONTO                   ,CN,00000-0000,Public       ,3,10,13,328,421,749
00668900,UNIVERSITY OF WINDSOR                   ,CN,00000-0000,Public       ,1,1,2,27,51,78
00683700,UNIVERSITE LAVAL                        ,CN,00000-0000,Public       ,0,2,2,8,21,29
00683800,DALHOUSIE UNIVERSITY                    ,CN,00000-0000,Public       ,1,1,2,112,79,191
00685200,BISHOP'S UNIVERSITY                     ,CN,00000-0000,Private      ,0,0,0,52,8,60
00685300,MCMASTER UNIVERSITY                     ,CN,00000-0000,Public       ,0,2,2,26,42,68
00767900,YORK UNIVERSITY                         ,CN,00000-0000,Public       ,3,1,4,102,138,240
00787400,UNIVERSITY AT CALGARY (THE)             ,CN,00000-0000,Public       ,2,0,2,48,56,104
00814800,UNIVERSITY OF WINNIPEG                  ,CN,00000-0000,Public       ,0,0,0,15,10,25
00836200,UNIVERSITY OF ALBERTA (THE)             ,CN,00000-0000,Public       ,1,5,6,40,84,124
00836300,MOUNT SAINT VINCENT UNIVERSITY          ,CN,00000-0000,Private      ,0,0,0,8,11,19
00836400,SAINT MARY'S UNIVERSITY                 ,CN,00000-0000,Public       ,0,0,0,33,16,49
00836500,CONCORDIA UNIVERSITY - SIR GEORGE W     ,CN,00000-0000,Public       ,3,2,5,253,154,407
00836600,UNIVERSITE DE MONTREAL                  ,CN,00000-0000,Public       ,0,3,3,18,41,59
00836800,CARLETON UNIVERSITY                     ,CN,00000-0000,Public       ,2,0,2,51,31,82
00836900,UNIVERSITY OF BRITISH COLUMBIA          ,CN,00000-0000,Public       ,11,8,19,806,574,1380
00837000,"SAFA, UNIVERSITY OF VICTORIA            ",CN,00000-0000,Public       ,1,1,2,107,75,182
00844400,SIMON FRASER UNIVERSITY                 ,CN,00000-0000,Public       ,2,2,4,113,119,232
00844600,UNIVERSITY OF WESTERN ONTARIO (THE)     ,CN,00000-0000,Public       ,2,1,3,59,73,132
00844800,UNIVERSITY OF REGINA                    ,CN,00000-0000,Public       ,0,0,0,9,8,17
00844900,ACADIA UNIVERSITY                       ,CN,00000-0000,Public       ,0,1,1,45,16,61
00852600,UNIVERSITY OF WATERLOO                  ,CN,00000-0000,Public       ,0,0,0,33,12,45
00858200,WILFRID LAURIER UNIVERSITY              ,CN,00000-0000,Public       ,0,0,0,10,5,15
00891300,LAKEHEAD UNIVERSITY                     ,CN,00000-0000,Public       ,0,0,0,7,8,15
00911900,UNIVERSITE DE MONCTON                   ,CN,00000-0000,Public       ,0,0,0,0,3,3
00925200,BROCK UNIVERSITY                        ,CN,00000-0000,Public       ,0,0,0,9,8,17
00936700,UNIVERSITY OF PRINCE EDWARD ISLAND      ,CN,00000-0000,Public       ,1,2,3,16,108,124
00942100,BRANDON UNIVERSITY                      ,CN,00000-0000,Public       ,0,0,0,12,6,18
00948600,TRINITY WESTERN UNIVERSITY              ,CN,00000-0000,Private      ,2,0,2,175,66,241
00950000,MEMORIAL UNIVERSITY OF NEWFOUNDLAND     ,CN,00000-0000,Public       ,0,0,0,15,25,40
00950100,UNIVERSITY OF KING'S COLLEGE            ,CN,00000-0000,Public       ,0,0,0,27,4,31
00950300,MOUNT ALLISON UNIVERSITY                ,CN,00000-0000,Public       ,2,0,2,39,3,42
00950400,NOVA SCOTIA AGRICULTURAL COLLEGE        ,CN,00000-0000,Public       ,0,0,0,4,0,4
00950500,TRENT UNIVERSITY                        ,CN,00000-0000,Public       ,0,0,0,6,7,13
00969700,LETHBRIDGE COLLEGE                      ,CN,00000-0000,Public       ,0,0,0,3,2,5
00969800,MEDICINE HAT COLLEGE                    ,CN,00000-0000,Public       ,0,0,0,1,4,5
00970100,SENECA COLG OF APPLIED ARTS & TECH      ,CN,00000-0000,Public       ,0,0,0,9,11,20
01012300,NOVA SCOTIA COLLEGE OF ART & DESIGN     ,CN,00000-0000,Public       ,1,0,1,14,17,31
01022100,SAINT PAUL UNIVERSITY                   ,CN,00000-0000,Public       ,0,0,0,1,6,7
01045800,SHERIDAN COLLEGE OF APPLIED ARTS AN     ,CN,00000-0000,Public       ,0,2,2,27,15,42
01067500,REGENT COLLEGE                          ,CN,00000-0000,Private      ,0,0,0,1,93,94
01070300,UNIVERSITY OF LETHBRIDGE                ,CN,00000-0000,Public       ,1,0,1,6,8,14
01072000,RYERSON UNIVERSITY                      ,CN,00000-0000,Public       ,1,0,1,48,73,121
01172200,BRIERCREST BIBLE COLLEGE                ,CN,00000-0000,Private      ,1,0,1,12,3,15
01221100,ALGONQUIN COLLEGE OF APPLIED ARTS & TECH,CN,00000-0000,Public       ,0,0,0,6,5,11
01222800,HUMBER COLLEGE                          ,CN,00000-0000,Public       ,0,1,1,29,43,72
01227400,PROVIDENCE COLLEGE                      ,CN,00000-0000,Private      ,0,0,0,46,6,52
02102100,BETHANY BIBLE COLLEGE                   ,CN,00000-0000,Private      ,4,1,5,67,11,78
02116600,CANADIAN MEMORIAL CHIROPRACTIC COLL     ,CN,00000-0000,Private      ,0,0,0,0,1,1
02167000,PRAIRIE BIBLE INST                      ,CN,00000-0000,Private      ,1,0,1,26,3,29
02184600,INSTITUTE FOR CHRISTIAN STUDIES         ,CN,00000-0000,Private      ,0,0,0,2,10,12
02195600,LASALLE COLLEGE                         ,CN,00000-0000,Private      ,0,0,0,12,13,25
02195700,TAYLOR UNIVERSITY COLLEGE AND SEMINARY  ,CN,00000-0000,Private      ,0,0,0,0,3,3
02201100,COLUMBIA BIBLE COLLEGE                  ,CN,00000-0000,Private      ,0,4,4,20,15,35
02216400,TYNDALE COLLEGE & SEMINARY              ,CN,00000-0000,Private      ,0,0,0,9,7,16
02219200,UNIVERSITY OF SASKATCHEWAN              ,CN,00000-0000,Public       ,0,4,4,10,22,32
02324900,EMMANUEL BIBLE COLLEGE                  ,CN,00000-0000,Private      ,0,0,0,1,1,2
02338800,EMILY CARR UNIVERSITY OF ART AND DESIGN ,CN,00000-0000,Public       ,0,0,0,68,43,111
02577200,SALVATION ARMY WM & CATHERINE BOOTH     ,CN,00000-0000,Private      ,0,0,0,0,1,1
02593800,CONCORDIA UNIVERSITY COLLEGE            ,CN,00000-0000,Private      ,0,1,1,5,11,16
02611900,THE KING'S UNIVERSITY COLLEGE           ,CN,00000-0000,Private      ,0,0,0,1,3,4
03018300,ROCKY MOUNTAIN COLLEGE: CENTRE FOR BIBLI,CN,00000-0000,Private      ,0,0,0,1,1,2
03033800,UNIVERSITY COLLEGE OF CAPE BRETON       ,CN,00000-0000,Public       ,1,0,1,7,4,11
03078300,VANCOUVER SCHOOL OF THEOLOGY            ,CN,00000-0000,Private      ,0,0,0,3,5,8
03273300,CANADIAN COLLEGE OF NATUROPATHIC ME     ,CN,00000-0000,Private      ,0,1,1,2,30,32
03298300,ALBERTA COLLEGE OF ART & DESIGN         ,CN,00000-0000,Public       ,0,0,0,18,9,27
03332500,KWANTLEN UNIVERSITY COLLEGE             ,CN,00000-0000,Public       ,0,0,0,5,13,18
03335400,CANADIAN UNIVERSITY COLLEGE             ,CN,00000-0000,Private      ,0,1,1,36,14,50
03339300,ST. STEPHENS UNIVERSITY                 ,CN,00000-0000,Private      ,0,0,0,7,4,11
03348500,REDEEMER UNIVERSITY COLLEGE             ,CN,00000-0000,Private      ,0,0,0,14,6,20
03408300,CANDIAN NAZARENE UNIVERSITY COLLEGE     ,CN,00000-0000,Private      ,0,0,0,1,1,2
03420300,HOLLAND COLLEGE                         ,CN,00000-0000,Public       ,1,0,1,15,5,20
03421300,LOYALIST COLLEGE OF APPLIED ARTS &      ,CN,00000-0000,Public       ,0,0,0,1,0,1
03511300,CN CLG ACUPUNCTURE & ORIENTAL MED       ,CN,00000-0000,Private      ,0,0,0,1,4,5
03560400,NIAGARA COLLEGE-WELLAND CAMPUS          ,CN,00000-0000,Public       ,0,0,0,5,9,14
03613300,UNIV OF NORTHERN BRITISH COLUMBIA       ,CN,00000-0000,Public       ,0,0,0,7,12,19
03644400,CANADIAN MENNONITE UNIVERSITY           ,CN,00000-0000,Private      ,0,0,0,11,3,14
03674400,CANADIAN SOUTHERN BAPTIST SEMINARY      ,CN,00000-0000,Private      ,0,0,0,0,1,1
03711300,CAPILANO UNIVERSITY                     ,CN,00000-0000,Public       ,0,0,0,24,18,42
03745300,BRITISH COLUMBIA INSTITUTE OF TECHNOLOGY,CN,00000-0000,Public       ,0,0,0,6,12,18
03846300,PACIFIC LIFE BIBLE COLLEGE              ,CN,00000-0000,Private      ,0,0,0,11,2,13
03847300,CRANDALL UNIVERSITY                     ,CN,00000-0000,Private      ,0,0,0,5,2,7
04075300,QUEST UNIVERSITY CANADA                 ,CN,00000-0000,Private      ,4,0,4,5,0,5
04123100,ATLANTIC SCHOOL OF THEOLOGY             ,CN,00000-0000,Public       ,0,1,1,1,3,4
04156700,AMBROSE UNIVERSITY COLLEGE              ,CN,00000-0000,Private      ,0,1,1,6,11,17
00814700,UNIVERSIDAD AUTONOMA DE GUADALAJARA     ,MX,00000-0000,Private      ,3,15,18,79,1173,1252
01041800,INST TEC Y DE ESTSUPER DE MONTERRE      ,MX,00000-0000,Private      ,3,6,9,74,73,147
01067600,UNIVERSIDAD DE MONTERREY                ,MX,00000-0000,Private      ,2,1,3,24,45,69
01093800,UNIVERSIDAD DE GUANAJUATO               ,MX,00000-0000,Public       ,1,2,3,16,33,49
01097600,INSTITUTO ALLENDE                       ,MX,00000-0000,Private      ,0,0,0,6,15,21
02053300,CENTRO DE ESTUDIOS UNIVERSITARIOS D     ,MX,00000-0000,Private      ,15,17,32,161,260,421
01001000,AMERICAN SAMOA CMNTY COLLEGE            ,AS,96799-2609,Public       ,78,62,140,1620,528,2148
01034300,COLLEGE OF MICRONESIA - FSM             ,FM,96941-0159,Public       ,161,150,311,2531,1207,3738
01100900,PALAU COMMUNITY COLLEGE                 ,PW,96940-0009,Public       ,64,45,109,998,452,1450
03022400,COLLEGE OF THE MARSHALL ISLANDS         ,MH,96960-1258,Public       ,78,24,102,872,387,1259
03033000,NORTHERN MARIANAS COLLEGE               ,MP,96950-0000,Public       ,61,51,112,782,510,1292
