OPE ID,School,State,Zip Code,School Type,20112012Qtr2_Dependent Students,20112012Qtr2_Independent Students,Quarterly Total,YTD_20112012Qtr2_Dependent Students,YTD_20112012Qtr2_Independent Students,Award Year To Date Total
00100200,ALABAMA AGRCLTL & MECHL UNIV            ,AL,35762-1357,Public       ,1578,1065,2643,4831,2329,7160
00100300,FAULKNER UNIVERSITY                     ,AL,36109-3398,Private      ,562,1477,2039,1318,2774,4092
00100400,UNIVERSITY OF MONTEVALLO                ,AL,35115-6000,Public       ,604,483,1087,1890,1146,3036
00100500,ALABAMA STATE UNIVERSITY                ,AL,36101-0000,Public       ,2180,1708,3888,6479,3579,10058
00100700,CENTRAL ALABAMA COMMUNITY COLLEGE       ,AL,35011-0000,Public       ,389,747,1136,1088,1574,2662
00100800,ATHENS STATE UNIVERSITY                 ,AL,35611-1999,Public       ,331,1304,1635,661,2308,2969
00100900,AUBURN UNIVERSITY                       ,AL,36849-5113,Public       ,3499,2022,5521,16594,5142,21736
00101200,BIRMINGHAM SOUTHERN COLLEGE             ,AL,35254-0002,Private      ,507,199,706,1646,436,2082
00101300,CALHOUN COMMUNITY COLLEGE               ,AL,35609-2216,Public       ,1688,2886,4574,3564,5533,9097
00101500,ENTERPRISE STATE COMMUNITY COLLEGE      ,AL,36331-1300,Public       ,405,776,1181,939,1441,2380
00101600,UNIVERSITY OF NORTH ALABAMA             ,AL,35632-0001,Public       ,1478,989,2467,3790,2030,5820
00101700,GADSDEN STATE COMMUNITY COLLEGE         ,AL,35903-2269,Public       ,1057,2108,3165,2371,4204,6575
00101800,GEORGE C WALLACE COMMUNITY COLLEGE      ,AL,36303-0943,Public       ,719,1412,2131,1556,2686,4242
00101900,HUNTINGDON COLLEGE                      ,AL,36106-2148,Private      ,409,218,627,1204,454,1658
00102000,JACKSONVILLE STATE UNIVERSITY           ,AL,36265-1602,Public       ,2070,2056,4126,5852,4129,9981
00102100,JEFFERSON DAVIS COMMUNITY COLLEGE       ,AL,36427-2790,Public       ,211,302,513,408,596,1004
00102200,JEFFERSON STATE COMMUNITY COLLEGE       ,AL,35215-3098,Public       ,1680,2929,4609,3180,5728,8908
00102300,JUDSON COLLEGE                          ,AL,36756-2504,Private      ,106,42,148,293,98,391
00102400,UNIVERSITY OF WEST ALABAMA              ,AL,35470-0000,Public       ,660,1823,2483,1767,3248,5015
00102600,MARION MILITARY INSTITUTE               ,AL,36756-3214,Public       ,200,28,228,375,56,431
00102800,MILES COLLEGE                           ,AL,35064-2697,Private      ,674,455,1129,1608,916,2524
00102900,UNIVERSITY OF MOBILE                    ,AL,36613-0000,Private      ,480,695,1175,1212,1263,2475
00103000,BISHOP STATE COMMUNITY COLLEGE          ,AL,36603-5898,Public       ,901,1799,2700,1535,3354,4889
00103100,NORTHEAST ALABAMA STATE CMNTY COLG      ,AL,35986-0159,Public       ,448,836,1284,807,1393,2200
00103300,OAKWOOD COLLEGE                         ,AL,35896-0001,Private      ,574,324,898,1463,669,2132
00103400,ALABAMA SOUTHERN COMMUNITY COLLEGE      ,AL,36460-5698,Public       ,469,552,1021,842,873,1715
00103600,SAMFORD UNIVERSITY                      ,AL,35229-7000,Private      ,466,851,1317,2911,2241,5152
00103800,SNEAD STATE COMMUNITY COLLEGE           ,AL,35957-0734,Public       ,371,587,958,996,1312,2308
00104000,SOUTHERN UNION STATE COMMUNITY CLG      ,AL,36276-0000,Public       ,1134,1227,2361,2661,2368,5029
00104100,SPRING HILL COLLEGE                     ,AL,36608-1791,Private      ,341,222,563,2100,562,2662
00104400,STILLMAN COLLEGE                        ,AL,35403-1430,Private      ,648,234,882,1541,490,2031
00104600,TALLADEGA COLLEGE                       ,AL,35160-2354,Private      ,201,136,337,512,276,788
00104700,TROY UNIVERSITY                         ,AL,36082-0001,Public       ,2679,9067,11746,6893,16674,23567
00105000,TUSKEGEE UNIVERSITY                     ,AL,36088-1645,Private      ,829,376,1205,4705,1210,5915
00105100,UNIVERSITY OF ALABAMA (THE)             ,AL,35487-0120,Public       ,4232,2941,7173,19346,7944,27290
00105200,UNIVERSITY OF ALABAMA AT BIRMINGHAM     ,AL,35294-1150,Public       ,2679,4211,6890,8205,8971,17176
00105500,UNIVERSITY OF ALABAMA IN HUNTSVILLE     ,AL,35899-0001,Public       ,1358,1481,2839,3614,2976,6590
00105700,UNIVERSITY OF SOUTH ALABAMA             ,AL,36688-0002,Public       ,3144,3979,7123,7353,7232,14585
00105900,LAWSON STATE COMMUNITY COLLEGE          ,AL,35221-1798,Public       ,891,1430,2321,1674,2765,4439
00105901,LAWSON STATE COMMUNITY COLLEGE - BESSEME,AL,35021-0308,Public       ,226,500,726,435,917,1352
00106000,FAULKNER STATE COMMUNITY COLLEGE        ,AL,36507-2698,Public       ,1287,1470,2757,2378,2584,4962
00526000,J.F. DRAKE STATE TECH COLLEGE           ,AL,35811-1584,Public       ,186,618,804,325,1186,1511
00569100,SHELTON STATE COMMUNITY CLG             ,AL,35405-4017,Public       ,1415,1419,2834,3134,2884,6018
00569200,REID STATE TECHNICAL COLLEGE            ,AL,36401-0000,Public       ,108,331,439,188,560,748
00569700,NORTHWEST- SHOALS COMMUNITY COLLEGE     ,AL,35661-0000,Public       ,650,846,1496,1345,1542,2887
00569900,GEORGE C WALLACE STATE CMTY COLLEGE     ,AL,36703-0000,Public       ,367,670,1037,676,1179,1855
00573300,BEVILL STATE CMTY COLLEGE-WALKER        ,AL,35148-0000,Public       ,622,1107,1729,1581,2386,3967
00573400,H. COUNCILL TRENHOLM STATE TECH COLLEGE ,AL,36108-0020,Public       ,345,798,1143,598,1544,2142
00573401,H. C. TRENHOLM ST TECH COL-PATTERSON CAM,AL,36116-2612,Public       ,159,342,501,275,628,903
00787100,GEORGE C WALLACE STATE CMTY CLG         ,AL,35077-2000,Public       ,1320,2020,3340,2451,3471,5922
00831000,AUBURN UNIVERSITY-MONTGOMERY            ,AL,36124-0000,Public       ,1148,1480,2628,3361,3577,6938
00898800,LURLEEN B WALLACE COMMUNITY COLLEGE     ,AL,36420-0418,Public       ,251,441,692,863,1044,1907
01055400,CONCORDIA COLLEGE                       ,AL,36701-3323,Private      ,317,213,530,555,353,908
01218200,CHATTAHOOCHEE VALLEY CMTY CLG           ,AL,36869-7917,Public       ,324,548,872,637,1070,1707
01303906,SOUTH UNIVERSITY - MONTGOMERY           ,AL,36116-1120,Proprietary  ,129,551,680,282,1112,1394
02170600,UNITED STATES SPORTS ACADEMY            ,AL,36526-7055,Private      ,7,244,251,21,437,458
02199700,HERITAGE CHRISTIAN UNIVERSITY           ,AL,35630-0000,Private      ,6,25,31,12,49,61
02270400,SOUTHEASTERN BIBLE COLLEGE              ,AL,35244-2083,Private      ,23,73,96,52,128,180
02285000,PAUL MITCHELL THE SCHOOL HUNTSVILLE     ,AL,35758-0000,Proprietary  ,28,61,89,46,100,146
02296000,PRINCE INSTITUTE OF PROFESSIONAL STUDIES,AL,36117-0000,Proprietary  ,18,123,141,20,188,208
02341000,FORTIS COLLEGE                          ,AL,36609-0000,Proprietary  ,328,842,1170,435,1256,1691
02503400,AMRIDGE UNIVERSITY                      ,AL,36124-0000,Private      ,22,293,315,36,554,590
02605500,REMINGTON COLLEGE - MOBILE CAMPUS       ,AL,36609-5593,Proprietary  ,384,1023,1407,538,1477,2015
03010600,VIRGINIA COLLEGE                        ,AL,35209-5154,Proprietary  ,694,6729,7423,1060,12863,13923
03010602,VIRGINIA COLLEGE - HUNTSVILLE           ,AL,35805-0000,Proprietary  ,114,646,760,192,1078,1270
03010607,VIRGINIA COLLEGE - MOBILE               ,AL,36608-1626,Proprietary  ,124,584,708,194,1003,1197
03010616,VIRGINIA COLLEGE - MONTGOMERY           ,AL,36117-2802,Proprietary  ,185,750,935,318,1427,1745
03032500,ALABAMA STATE CLG BARBER STYLING        ,AL,35215-8308,Proprietary  ,17,31,48,40,76,116
03361400,FORTIS COLLEGE                          ,AL,36535-3547,Proprietary  ,49,222,271,74,333,407
03459300,SOUTHEASTERN SCHOOL OF COSMETOLOGY      ,AL,35228-0000,Private      ,21,64,85,32,106,138
03783300,BLUE CLIFF CAREER COLLEGE               ,AL,63306-4749,Proprietary  ,24,90,114,42,149,191
03894300,HUNTSVILLE BIBLE COLLEGE                ,AL,35811-0000,Private      ,4,39,43,12,70,82
04066300,CARDIAC AND VASCULAR INSTITUTE OF ULTRAS,AL,36604-1411,Proprietary  ,9,70,79,18,122,140
04067300,SELMA UNIVERSITY                        ,AL,36701-0000,Private      ,44,96,140,99,221,320
04121500,COLUMBIA SOUTHERN UNIVERSITY            ,AL,36561-3815,Proprietary  ,133,3873,4006,262,7298,7560
04149200,XCELL ACADEMY-A PAUL MITCHELL PARTNER SC,AL,35216-4990,Proprietary  ,44,77,121,71,135,206
04187200,NEW BEGINNING COLLEGE OF COSMETOLOGY    ,AL,35950-2415,Proprietary  ,5,12,17,5,12,17
04187300,HAIR ACADEMY (THE)                      ,AL,36111-2201,Proprietary  ,6,13,19,6,13,19
00111100,ALLAN HANCOCK COLLEGE                   ,CA,93454-6399,Public       ,1075,1641,2716,3376,3583,6959
00111300,ANTELOPE VALLEY COLLEGE                 ,CA,93536-5426,Public       ,1246,2929,4175,4950,7353,12303
00111600,ART CENTER COLLEGE OF DESIGN            ,CA,91103-1999,Private      ,175,246,421,1529,1318,2847
00111700,AZUSA PACIFIC UNIVERSITY                ,CA,91702-7000,Private      ,773,1823,2596,8993,5657,14650
00111800,BAKERSFIELD COLLEGE                     ,CA,93305-1299,Public       ,1931,3439,5370,8991,9605,18596
00111900,BARSTOW COMMUNITY COLLEGE               ,CA,92311-6608,Public       ,252,1217,1469,661,2409,3070
00112000,AMER BAPT SEM OF THE WEST-BERKELEY      ,CA,94704-0000,Private      ,0,28,28,8,59,67
00112100,BETHANY UNIVERSITY /  ASSEMBLIES OF GOD ,CA,95066-2896,Private      ,54,75,129,350,251,601
00112200,BIOLA UNIVERSITY                        ,CA,90639-0001,Private      ,625,581,1206,6064,1946,8010
00112300,BROOKS INSTITUTE                        ,CA,93103-1809,Proprietary  ,160,181,341,638,502,1140
00112400,CABRILLO COLLEGE                        ,CA,95003-3194,Public       ,883,1528,2411,3918,4182,8100
00112500,CALIFORNIA BAPTIST UNIVERSITY           ,CA,92504-3297,Private      ,476,786,1262,4923,2866,7789
00112700,CALIFORNIA COLLEGE OF THE ARTS          ,CA,94107-2206,Private      ,273,357,630,1985,1795,3780
00113100,CALIFORNIA INSTITUTE OF TECHNOLOGY      ,CA,91125-0001,Private      ,130,69,199,3283,565,3848
00113200,CALIFORNIA INSTITUTE OF THE ARTS        ,CA,91355-2397,Private      ,90,88,178,2007,1489,3496
00113300,CALIFORNIA LUTHERAN UNIVERSITY          ,CA,91360-2787,Private      ,212,534,746,4853,1552,6405
00113400,CALIFORNIA MARITIME ACADEMY             ,CA,94590-8181,Public       ,58,50,108,778,327,1105
00113700,CALIF STATE UNIV-FULLERTON              ,CA,92831-3599,Public       ,1591,2716,4307,40370,19166,59536
00113800,"CALIFORNIA STATE UNIVERSITY, EAST BAY   ",CA,94542-3000,Public       ,644,2106,2750,11601,10505,22106
00113900,CALIF STATE UNIV-LONG BEACH             ,CA,90840-0006,Public       ,1826,2856,4682,51298,21660,72958
00114000,CALIF STATE UNIV-LOS ANGELES            ,CA,90032-4226,Public       ,1201,2901,4102,27553,18747,46300
00114100,"CALIF STATE UNIV, DOMINGUEZ HILLS       ",CA,90747-0001,Public       ,831,2912,3743,14762,13248,28010
00114200,CALIF STATE UNIV SAN BERNARDINO         ,CA,92407-2397,Public       ,1101,2488,3589,17027,11827,28854
00114300,CAL POLY STATE UNIVERSITY               ,CA,93407-0001,Public       ,1022,567,1589,30354,4293,34647
00114400,CALIF STATE POLYTECHNIC UNIV POMONA     ,CA,91768-2500,Public       ,1017,1230,2247,25090,9536,34626
00114600,CALIF STATE UNIV - CHICO                ,CA,95929-0001,Public       ,1317,1219,2536,16246,5682,21928
00114700,CALIF STATE UNIV - FRESNO               ,CA,93740-8026,Public       ,1245,2029,3274,20701,10455,31156
00114900,HUMBOLDT STATE UNIVERSITY               ,CA,95521-8299,Public       ,552,559,1111,10384,3745,14129
00115000,CALIF STATE UNIV-SACRAMENTO             ,CA,95819-6044,Public       ,1517,2875,4392,25583,17229,42812
00115100,SAN DIEGO STATE UNIVERSITY              ,CA,92182-1690,Public       ,2675,3496,6171,45142,17842,62984
00115300,CALIF STATE UNIV-NORTHRIDGE             ,CA,91330-8307,Public       ,1902,3295,5197,34304,18412,52716
00115400,SAN FRANCISCO STATE UNIVERSITY          ,CA,94132-1740,Public       ,1615,2859,4474,32141,18391,50532
00115500,SAN JOSE STATE UNIVERSITY               ,CA,95192-0036,Public       ,1444,2774,4218,25946,15385,41331
00115600,SONOMA STATE UNIVERSITY                 ,CA,94928-3609,Public       ,495,590,1085,10464,3300,13764
00115700,CALIF STATE UNIV-STANISLAUS             ,CA,95382-0299,Public       ,473,1026,1499,8284,5559,13843
00116100,CERRITOS COLLEGE                        ,CA,90650-6296,Public       ,2429,3197,5626,13098,9342,22440
00116200,CHABOT COLLEGE                          ,CA,94545-2400,Public       ,1197,2363,3560,5002,5817,10819
00116300,CHAFFEY COLLEGE                         ,CA,91737-9400,Public       ,2474,3827,6301,10509,10326,20835
00116400,CHAPMAN UNIVERSITY                      ,CA,92866-1099,Private      ,525,665,1190,9418,3281,12699
00116453,CHAPMAN UNIVERSITY SCHOOL OF LAW        ,CA,92866-0000,Private      ,6,246,252,61,1949,2010
00116500,CHURCH DIV SCH OF THE PACIFIC           ,CA,94709-0000,Private      ,0,10,10,0,54,54
00116600,CITRUS COLLEGE                          ,CA,91741-1899,Public       ,1102,1471,2573,7177,4880,12057
00116900,CLAREMONT GRADUATE UNIVERSITY           ,CA,91711-0000,Private      ,4,406,410,17,1567,1584
00117000,CLAREMONT MCKENNA COLLEGE               ,CA,91711-6400,Private      ,80,16,96,3176,167,3343
00117100,HARVEY MUDD COLLEGE                     ,CA,91711-5990,Private      ,36,11,47,2339,79,2418
00117200,PITZER COLLEGE                          ,CA,91711-6101,Private      ,24,31,55,2793,180,2973
00117300,POMONA COLLEGE                          ,CA,91711-6301,Private      ,315,28,343,4785,188,4973
00117400,SCRIPPS COLLEGE                         ,CA,91711-3948,Private      ,62,19,81,1673,176,1849
00117600,WEST HILLS COMMUNITY COLLEGE            ,CA,93210-1399,Public       ,239,404,643,1122,897,2019
00117700,COGSWELL POLYTECHNICAL COLLEGE          ,CA,94089-1210,Proprietary  ,43,49,92,207,132,339
00117800,COLLEGE OF MARIN                        ,CA,94904-2590,Public       ,157,518,675,797,1744,2541
00117801,COLG OF MARIN-INDIAN VALLEY CMPS        ,CA,94949-0000,Public       ,15,36,51,54,107,161
00117900,NOTRE DAME DE NAMUR UNIVERSITY          ,CA,94002-1997,Private      ,126,332,458,1363,988,2351
00118100,COLLEGE OF SAN MATEO                    ,CA,94402-3784,Public       ,429,736,1165,2231,2053,4284
00118200,COLLEGE OF THE DESERT                   ,CA,92260-9305,Public       ,1072,1719,2791,4298,3854,8152
00118300,HOLY NAMES UNIVERSITY                   ,CA,94619-1699,Private      ,63,224,287,813,782,1595
00118500,COLLEGE OF THE REDWOODS                 ,CA,95501-9300,Public       ,580,1464,2044,2170,3353,5523
00118600,COLLEGE OF THE SEQUOIAS                 ,CA,93277-2234,Public       ,1106,1847,2953,5685,5780,11465
00118700,COLLEGE OF THE SISKIYOUS                ,CA,96094-2899,Public       ,201,338,539,878,978,1856
00118701,COLLEGE OF THE SISKIYOUS - YREKA CENTER ,CA,96097-9538,Public       ,14,51,65,64,145,209
00119000,CONTRA COSTA COLLEGE                    ,CA,94806-3195,Public       ,521,1167,1688,1841,2997,4838
00119100,DIABLO VALLEY COLLEGE                   ,CA,94523-1544,Public       ,907,1387,2294,4089,3828,7917
00119200,CUESTA COLLEGE                          ,CA,93403-8106,Public       ,760,1101,1861,3563,2852,6415
00119300,CYPRESS COLLEGE                         ,CA,90630-5897,Public       ,1160,2041,3201,7414,6132,13546
00119600,DOMINICAN UNIVERSITY OF CALIFORNIA      ,CA,94901-2298,Private      ,103,301,404,2926,1195,4121
00119700,EL CAMINO COLLEGE                       ,CA,90506-0002,Public       ,2175,3188,5363,10383,9024,19407
00119701,COMPTON COMMUNITY COLLEGE               ,CA,90221-5393,Public       ,426,1042,1468,2032,3316,5348
00119900,FOOTHILL COLLEGE                        ,CA,94022-4597,Public       ,506,1006,1512,2350,2798,5148
00120000,FULLER THEOLOGICAL SEMINARY             ,CA,91182-0000,Private      ,2,331,333,9,2014,2023
00120100,FULLERTON COLLEGE                       ,CA,92832-2095,Public       ,1855,2109,3964,10030,6150,16180
00120200,GAVILAN COLLEGE                         ,CA,95020-9599,Public       ,559,845,1404,1428,1676,3104
00120300,GLENDALE COMMUNITY COLLEGE              ,CA,91208-2894,Public       ,1305,2113,3418,7352,6592,13944
00120500,GOLDEN GATE UNIVERSITY                  ,CA,94105-2967,Private      ,33,742,775,118,3219,3337
00120600,GOLDEN WEST COLLEGE                     ,CA,92647-2748,Public       ,981,1706,2687,6374,5353,11727
00120700,GRADUATE THEOLOGICAL UNION              ,CA,94709-0000,Private      ,0,39,39,0,317,317
00120800,GROSSMONT COLLEGE                       ,CA,92020-1798,Public       ,1395,2377,3772,6393,7047,13440
00120900,HARTNELL COMMUNITY COLLEGE              ,CA,93901-1697,Public       ,839,986,1825,2749,2330,5079
00121200,HUMPHREYS COLLEGE                       ,CA,95207-3896,Private      ,67,407,474,288,1083,1371
00121400,IMPERIAL VALLEY COLLEGE                 ,CA,92251-9787,Public       ,1145,1075,2220,3351,2280,5631
00121500,LA SIERRA UNIVERSITY                    ,CA,92515-3332,Private      ,273,284,557,2454,981,3435
00121600,UNIVERSITY OF LA VERNE                  ,CA,91750-4443,Private      ,257,1601,1858,4602,5748,10350
00121700,LASSEN COLLEGE                          ,CA,96130-3000,Public       ,145,203,348,366,462,828
00121800,LOMA LINDA UNIVERSITY                   ,CA,92350-0001,Private      ,159,1073,1232,985,5310,6295
00121900,LONG BEACH CITY COLLEGE                 ,CA,90808-1780,Public       ,2418,4121,6539,13368,12585,25953
00122000,MASTER'S COLLEGE & SEMINARY (THE)       ,CA,91321-1200,Private      ,99,107,206,1352,372,1724
00122300,LOS ANGELES CITY COLLEGE                ,CA,90029-3588,Public       ,1338,3175,4513,7145,10283,17428
00122400,LOS ANGELES HARBOR COLLEGE              ,CA,90744-2397,Public       ,661,1199,1860,3272,3722,6994
00122600,LOS ANGELES PIERCE COLLEGE              ,CA,91371-0001,Public       ,1767,2441,4208,9416,7390,16806
00122700,LOS ANGELES TRADE TECH COLLEGE          ,CA,90015-4181,Public       ,1016,2698,3714,4593,8004,12597
00122800,LOS ANGELES VALLEY COLLEGE              ,CA,91401-4096,Public       ,1219,2217,3436,6603,7347,13950
00122900,SO CA UNIV  HEALTH SCIENCES             ,CA,90604-4051,Private      ,8,231,239,29,603,632
00123000,SOUTHERN CA COLLEGE OF OPTOMETRY        ,CA,92831-1699,Private      ,3,239,242,12,521,533
00123200,AMERICAN RIVER COLLEGE                  ,CA,95841-4286,Public       ,2679,6906,9585,10771,17956,28727
00123300,SACRAMENTO CITY COLLEGE                 ,CA,95822-1386,Public       ,2425,5270,7695,11425,14156,25581
00123600,MENLO COLLEGE                           ,CA,94027-4301,Private      ,144,37,181,1490,173,1663
00123700,MERCED COMMUNITY COLLEGE                ,CA,95348-2898,Public       ,1167,1829,2996,5609,4976,10585
00123800,MILLS COLLEGE                           ,CA,94613-1301,Private      ,67,230,297,1905,1655,3560
00123900,MIRACOSTA COLLEGE                       ,CA,92056-3899,Public       ,728,1621,2349,2989,4117,7106
00124000,MODESTO JUNIOR COLLEGE                  ,CA,95350-5800,Public       ,1664,3050,4714,8305,9284,17589
00124200,MONTEREY PENINSULA COLLEGE              ,CA,93940-4799,Public       ,479,685,1164,2094,1943,4037
00124300,MOUNT ST MARYS COLLEGE                  ,CA,90049-1599,Private      ,129,455,584,2712,2043,4755
00124500,MT. SAN ANTONIO COLLEGE                 ,CA,91789-1399,Public       ,2393,3117,5510,14058,10228,24286
00124600,MT SAN JACINTO COLLEGE                  ,CA,92583-2399,Public       ,1790,3282,5072,6204,8436,14640
00124700,NAPA VALLEY COLLEGE                     ,CA,94558-6236,Public       ,406,734,1140,2093,2119,4212
00124900,OCCIDENTAL COLLEGE                      ,CA,90041-3314,Private      ,65,35,100,5212,332,5544
00125000,ORANGE COAST COLLEGE - FIN AID OFF      ,CA,92628-5005,Public       ,1544,2192,3736,10917,7029,17946
00125100,OTIS COLLEGE OF ART AND DESIGN          ,CA,90045-3505,Private      ,167,132,299,1552,670,2222
00125200,HOPE INTERNATIONAL UNIVERSITY           ,CA,92631-0000,Private      ,134,328,462,635,814,1449
00125300,FRESNO PACIFIC UNIVERSITY               ,CA,93702-4798,Private      ,191,724,915,2008,2839,4847
00125307,FRESNO PACIFIC UNIVERSITY - BIBLICAL SEM,CA,93702-4798,Private      ,8,37,45,9,49,58
00125400,PACIFIC LUTHERAN THEOLOGICAL SEM        ,CA,94708-0000,Private      ,0,13,13,3,75,78
00125500,PACIFIC OAKS COLLEGE                    ,CA,91103-3592,Private      ,8,224,232,33,514,547
00125600,PACIFIC SCHOOL OF RELIGION              ,CA,94709-0000,Private      ,0,12,12,1,169,170
00125800,PACIFIC UNION COLLEGE                   ,CA,94508-9797,Private      ,241,123,364,1635,391,2026
00125900,PALO VERDE COLLEGE                      ,CA,92225-0000,Public       ,87,184,271,175,339,514
00126000,PALOMAR COLLEGE                         ,CA,92069-1486,Public       ,1758,2339,4097,7100,5985,13085
00126100,PASADENA CITY COLLEGE                   ,CA,91106-2003,Public       ,2525,3211,5736,14913,9213,24126
00126200,POINT LOMA NAZARENE UNIVERSITY          ,CA,92106-2899,Private      ,289,397,686,4315,1143,5458
00126600,LANEY COLLEGE                           ,CA,94607-4893,Public       ,710,2206,2916,3019,5739,8758
00126700,MERRITT COLLEGE                         ,CA,94619-3196,Public       ,338,1273,1611,1570,3160,4730
00126800,PORTERVILLE COLLEGE                     ,CA,93257-6059,Public       ,388,701,1089,1792,1842,3634
00126900,RIO HONDO COLLEGE                       ,CA,90601-1699,Public       ,1527,1930,3457,9004,5993,14997
00127000,RIVERSIDE CITY COLLEGE                  ,CA,92506-1299,Public       ,3410,5760,9170,16156,16382,32538
00127001,MORENO VALLEY COLLEGE                   ,CA,92551-2045,Public       ,315,603,918,1804,2038,3842
00127002,NORCO COLLEGE                           ,CA,91760-2600,Public       ,259,369,628,1514,1274,2788
00127200,SAN BERNARDINO VALLEY COLLEGE           ,CA,92410-2798,Public       ,1551,3619,5170,6879,9343,16222
00127300,SAN DIEGO CITY COLLEGE                  ,CA,92101-4787,Public       ,1616,3435,5051,7604,9690,17294
00127500,SAN DIEGO MESA COLLEGE                  ,CA,92111-4996,Public       ,1575,2426,4001,7489,7372,14861
00127800,SAN FRANCISCO CONSERVATORY OF MUSIC     ,CA,94122-4498,Private      ,41,62,103,291,432,723
00127900,SAN FRANCISCO THEOLOGICAL SEMINARY      ,CA,94960-0000,Private      ,0,41,41,0,96,96
00128000,SAN JOAQUIN DELTA COLLEGE               ,CA,95207-6370,Public       ,1959,3995,5954,8123,9771,17894
00128100,WILLIAM JESSUP UNIVERSITY               ,CA,95765-3707,Private      ,79,124,203,787,431,1218
00128200,SAN JOSE CITY COLLEGE                   ,CA,95128-2797,Public       ,754,1809,2563,3377,4737,8114
00128400,SANTA ANA COLLEGE                       ,CA,92706-3398,Public       ,1009,1869,2878,6118,5355,11473
00128500,SANTA BARBARA CITY COLLEGE              ,CA,93109-2394,Public       ,1508,1902,3410,6413,4482,10895
00128600,SANTA MONICA COLLEGE                    ,CA,90405-1644,Public       ,3024,3043,6067,16236,8805,25041
00128700,SANTA ROSA JUNIOR COLLEGE               ,CA,95401-4395,Public       ,1083,1983,3066,4752,5513,10265
00128800,CLAREMONT SCHOOL OF THEOLOGY            ,CA,91711-0000,Private      ,0,64,64,3,204,207
00128900,SHASTA COLLEGE                          ,CA,96049-7692,Public       ,776,1589,2365,3382,4345,7727
00129000,SIERRA COLLEGE                          ,CA,95677-3397,Public       ,1788,2978,4766,6481,7450,13931
00129100,SIMPSON UNIVERSITY                      ,CA,96003-8606,Private      ,91,254,345,1095,900,1995
00129200,SOLANO COMMUNITY COLLEGE                ,CA,94534-3197,Public       ,758,1739,2497,3057,4550,7607
00129300,VANGUARD UNIVERSITY OF SOUTHERN CA      ,CA,92626-6597,Private      ,189,215,404,2111,888,2999
00129400,SOUTHWESTERN COLLEGE                    ,CA,91910-7299,Public       ,1626,2266,3892,7210,6094,13304
00129500,SOUTHWESTERN LAW SCHOOL                 ,CA,90010-1106,Private      ,1,398,399,31,2691,2722
00129600,DOMINICAN SCH PHILOSOPHY & THEOLOGY     ,CA,94709-0000,Private      ,1,13,14,7,49,56
00129900,ST JOHN'S SEMINARY COLLEGE              ,CA,93010-0000,Private      ,2,2,4,8,5,13
00130200,SAINT MARY'S COLLEGE OF CALIFORNIA      ,CA,94556-2744,Private      ,200,395,595,5489,1448,6937
00130500,STANFORD UNIVERSITY                     ,CA,94305-6106,Private      ,1451,492,1943,22073,3185,25258
00130501,STANFORD UNIVERSITY - GRADUATE SCHOOL OF,CA,94305-5301,Private      ,1,290,291,23,1507,1530
00130502,STANFORD UNIVERSITY - GRADUATE SCHOOL OF,CA,94305-5015,Private      ,4,298,302,31,1238,1269
00130503,STANFORD UNIVERSITY - STANFORD LAW SCHOO,CA,94305-3096,Private      ,7,290,297,50,2076,2126
00130700,FRESNO CITY COLLEGE                     ,CA,93741-0002,Public       ,2199,4378,6577,14370,13487,27857
00130800,REEDLEY COLLEGE                         ,CA,93654-2099,Public       ,1209,1591,2800,6255,4408,10663
00130900,TAFT COLLEGE                            ,CA,93268-2317,Public       ,301,439,740,1380,1099,2479
00131200,UNIVERSITY OF CALIFORNIA-BERKELEY       ,CA,94720-1520,Public       ,1592,2374,3966,48314,19286,67600
00131300,UNIVERSITY OF CALIFORNIA-DAVIS          ,CA,95616-8558,Public       ,1239,1593,2832,48290,15530,63820
00131400,UNIVERSITY OF CALIFORNIA-IRVINE         ,CA,92697-2825,Public       ,765,1273,2038,50522,13017,63539
00131500,UNIVERSITY OF CALIFORNIA (UCLA)         ,CA,90095-9000,Public       ,1680,3755,5435,61389,26465,87854
00131502,UNIV OF CALIFORNIA LOS ANG SCH MED      ,CA,90095-0000,Public       ,18,110,128,134,959,1093
00131503,UNIV OF CALIFORNIA LOS ANG DENTAL       ,CA,90095-0000,Public       ,9,39,48,55,159,214
00131600,UNIVERSITY OF CALIFORNIA-RIVERSIDE      ,CA,92521-0209,Public       ,856,1118,1974,34281,8000,42281
00131700,UNIVERSITY OF CALIFORNIA-SAN DIEGO      ,CA,92093-0013,Public       ,761,1037,1798,47231,10918,58149
00131900,UNIVERSITY OF CALIFORNIA-SFRANCISCO     ,CA,94143-0246,Public       ,132,546,678,1237,4028,5265
00132000,UNIVERSITY OF CALIFORNIA-SANTA BARB     ,CA,93106-3180,Public       ,980,621,1601,46312,7962,54274
00132100,UNIVERSITY OF CALIFORNIA-SANTA CRUZ     ,CA,95064-0001,Public       ,648,423,1071,29394,5056,34450
00132200,UNIVERSITY OF REDLANDS                  ,CA,92373-0999,Private      ,230,687,917,4869,2264,7133
00132500,UNIVERSITY OF SAN FRANCISCO             ,CA,94117-1080,Private      ,378,1374,1752,10756,7662,18418
00132600,SANTA CLARA UNIVERSITY                  ,CA,95053-4956,Private      ,411,606,1017,10504,4057,14561
00132604,JESUIT SCHOOL OF THEOLOGY - BERKELEY    ,CA,94709-1193,Private      ,0,5,5,0,44,44
00132800,UNIVERSITY OF SOUTHERN CALIFORNIA       ,CA,90089-0914,Private      ,1064,6170,7234,32205,25583,57788
00132900,UNIVERSITY OF THE PACIFIC               ,CA,95211-0197,Private      ,380,474,854,11426,3287,14713
00132901,UNIVERSITY OF THE PACIFIC - MCGEORGE SCH,CA,95817-2799,Private      ,6,201,207,125,2458,2583
00132902,UNIV OF THE PACIFIC SCH OF DENT         ,CA,94115-0000,Private      ,4,99,103,34,513,547
00133400,VENTURA COLLEGE                         ,CA,93003-3899,Public       ,1661,1807,3468,4881,4065,8946
00133500,VICTOR VALLEY COLLEGE                   ,CA,92395-5849,Public       ,1261,2894,4155,4532,7350,11882
00133800,WEST VALLEY COLLEGE                     ,CA,95070-5697,Public       ,632,1068,1700,2149,2344,4493
00134100,WESTMONT COLLEGE                        ,CA,93108-1099,Private      ,170,15,185,2541,110,2651
00134200,WHITTIER COLLEGE                        ,CA,90601-4413,Private      ,185,83,268,3149,447,3596
00134201,WHITTIER COLLEGE - COLLEGE OF LAW       ,CA,92626-1501,Private      ,0,360,360,16,1486,1502
00134300,WOODBURY UNIVERSITY                     ,CA,91510-7846,Private      ,85,157,242,912,758,1670
00134400,YUBA COLLEGE                            ,CA,95901-7699,Public       ,600,1515,2115,2358,3466,5824
00177212,TRINITY INTERNATIONAL UNIV-CA           ,CA,92705-0000,Private      ,1,85,86,8,206,214
00274100,AMERICAN JEWISH UNIVERSITY              ,CA,90077-1599,Private      ,13,32,45,86,138,224
00301002,ANTIOCH UNIV/LOS ANGELES                ,CA,90230-7615,Private      ,7,233,240,38,816,854
00301003,ANTIOCH  UNIV/SANTA BARBARA             ,CA,93101-0000,Private      ,27,172,199,283,442,725
00369110,MIDDLEBURY COLLEGE - MONTEREY INSTITUTE ,CA,93940-2691,Private      ,7,200,207,35,809,844
00394700,UC-HASTINGS COLLEGE OF THE LAW          ,CA,94102-0000,Public       ,2,148,150,11,3592,3603
00394800,SAN FRANCISCO ART INSTITUTE             ,CA,94133-2299,Private      ,191,184,375,1361,924,2285
00405500,HEBREW UNION COLLEGE - JEWISH INSTITUTE ,CA,90007-3796,Private      ,0,56,56,0,82,82
00408000,STARR KING SCHOOL FOR THE MINISTRY      ,CA,94709-1299,Private      ,0,33,33,0,67,67
00448000,DE ANZA COLLEGE                         ,CA,95014-5793,Public       ,1215,1652,2867,5788,4690,10478
00448100,OHLONE COLLEGE                          ,CA,94539-5847,Public       ,649,815,1464,2590,2244,4834
00448400,JOHN F. KENNEDY UNIVERSITY              ,CA,94523-4817,Private      ,8,434,442,35,1258,1293
00449000,PATTEN UNIVERSITY                       ,CA,94601-2699,Private      ,71,141,212,170,303,473
00449400,EVEREST COLLEGE                         ,CA,92408-3752,Proprietary  ,92,220,312,336,596,932
00450200,CITY COLLEGE OF SAN FRANCISCO           ,CA,94112-0000,Public       ,1682,4007,5689,7768,10392,18160
00450302,EVEREST COLLEGE - SANTA ANA             ,CA,92701-4559,Proprietary  ,35,62,97,159,122,281
00563800,DOWNEY ADULT SCHOOL                     ,CA,90241-5610,Public       ,46,171,217,123,361,484
00565500,HACIENDA LA PUENTE ADULT EDUC CTR       ,CA,91746-0000,Public       ,26,119,145,83,261,344
00616500,LA CNTY CLG OF NURSING & ALLD HLTH      ,CA,90033-1018,Public       ,16,91,107,93,392,485
00672000,COLLEGE OF ALAMEDA                      ,CA,94501-2109,Public       ,350,808,1158,1773,2166,3939
00673100,CASA LOMA COLLEGE                       ,CA,91405-4523,Private      ,86,289,375,144,464,608
00697300,CANADA COLLEGE                          ,CA,94061-1099,Public       ,219,547,766,933,1321,2254
00697500,LINCOLN UNIVERSITY                      ,CA,94612-2801,Private      ,8,33,41,38,83,121
00701200,SAMUEL MERRITT COLLEGE                  ,CA,94609-3108,Private      ,31,419,450,313,2088,2401
00704700,LOS ANGELES SOUTHWEST COLLEGE           ,CA,90047-4810,Public       ,529,1826,2355,2147,4792,6939
00705000,BAY VISTA COLLEGE OF BEAUTY             ,CA,91950-3616,Proprietary  ,22,56,78,51,132,183
00711500,MOORPARK COLLEGE                        ,CA,93021-1695,Public       ,1098,1214,2312,4070,2973,7043
00713000,NEWBERRY SCHOOLS OF BEAUTY              ,CA,91344-7404,Proprietary  ,18,46,64,29,58,87
00714200,LYLE'S COLLEGE OF BEAUTY                ,CA,93710-3948,Proprietary  ,30,80,110,87,117,204
00716400,BRYAN COLLEGE                           ,CA,90057-0000,Proprietary  ,58,454,512,144,927,1071
00718700,NORTH ADRIAN'S COLLEGE OF BEAUTY        ,CA,95350-2381,Proprietary  ,52,80,132,98,114,212
00719000,WYOTECH                                 ,CA,94539-7663,Proprietary  ,140,432,572,535,1179,1714
00720300,SALON SUCCESS ACADEMY                   ,CA,91786-4060,Proprietary  ,29,27,56,62,60,122
00720400,MODERN BEAUTY ACADEMY                   ,CA,93030-7016,Proprietary  ,7,17,24,19,27,46
00722900,WESTERN BEAUTY INSTITUTE                ,CA,91402-3104,Proprietary  ,103,237,340,137,256,393
00723400,HEALD COLLEGE                           ,CA,94105-2206,Proprietary  ,152,495,647,466,1521,1987
00723600,ART INST OF CALIFORNIA-LOS ANGELES      ,CA,90405-3035,Proprietary  ,998,1059,2057,6013,4548,10561
00725300,FEDERICO BEAUTY INSTITUTE               ,CA,95834-1905,Proprietary  ,75,115,190,196,241,437
00725800,MARINELLO SCH BTY                       ,CA,91606-3210,Proprietary  ,6,19,25,26,36,62
00729600,COLEMAN COLLEGE                         ,CA,92123-0000,Private      ,38,202,240,133,521,654
00732909,ITT TECHNICAL INSTITUTE                 ,CA,92868-3506,Proprietary  ,220,740,960,413,1138,1551
00732971,ITT TECHNICAL INSTITUTE                 ,CA,95670-6047,Proprietary  ,183,680,863,379,1128,1507
00732976,ITT TECHNICAL INSTITUTE                 ,CA,92408-3519,Proprietary  ,212,522,734,850,1661,2511
00732981,ITT TECHNICAL INSTITUTE                 ,CA,92123-2662,Proprietary  ,191,723,914,569,1621,2190
00732985,ITT TECHNICAL INSTITUTE                 ,CA,91773-2933,Proprietary  ,172,453,625,431,1000,1431
00732989,ITT TECHNICAL INSTITUTE                 ,CA,90502-1356,Proprietary  ,189,762,951,366,1155,1521
00732994,ITT TECHNICAL INSTITUTE                 ,CA,91342-3664,Proprietary  ,149,465,614,373,958,1331
00746501,AMERICAN ACADEMY OF DRAMATIC ARTS - HOLL,CA,90028-7504,Private      ,72,58,130,403,188,591
00747600,MARINELLO SCHOOLS OF BEAUTY             ,CA,90023-2666,Proprietary  ,395,723,1118,638,1094,1732
00747602,MARINELLO SCHOOLS OF BEAUTY - SPA ACADEM,CA,90048-5101,Proprietary  ,13,16,29,47,42,89
00747603,MARINELLO SCHOOLS OF BEAUTY - INGLEWOOD ,CA,90301-2306,Proprietary  ,7,9,16,18,18,36
00747604,MARINELLO SCHOOLS OF BEAUTY - RESEDA    ,CA,91335-4218,Proprietary  ,2,5,7,15,15,30
00747606,MARINELLO SCHOOLS OF BEAUTY - WEST COVIN,CA,91790-2805,Proprietary  ,6,10,16,33,30,63
00747607,MARINELLO SCHOOLS OF BEAUTY - SAN BERNAR,CA,92410-3261,Proprietary  ,23,34,57,110,82,192
00747608,MARINELLO SCHOOLS OF BEAUTY - ONTARIO   ,CA,91762-2113,Proprietary  ,13,27,40,74,81,155
00747609,MARINELLO SCHOOLS OF BEAUTY - WHITTIER  ,CA,90601-4107,Proprietary  ,7,10,17,39,34,73
00747611,MARINELLO SCHOOLS OF BEAUTY - SAN DIEGO ,CA,92126-4217,Proprietary  ,24,40,64,121,128,249
00747700,"HEALD COLLEGE,SCHOOLS OF BUS & TECH     ",CA,95670-6005,Proprietary  ,128,441,569,402,1444,1846
00753100,ACADEMY OF ART UNIVERSITY               ,CA,94105-3410,Proprietary  ,1503,3422,4925,7060,10058,17118
00753600,COSUMNES RIVER COLLEGE                  ,CA,95823-5799,Public       ,1347,2601,3948,6654,7595,14249
00754802,WESTWOOD COLLEGE OF TECHNOLOGY          ,CA,92801-0000,Proprietary  ,144,142,286,866,545,1411
00754803,WESTWOOD COLLEGE OF TECHNOLOGY          ,CA,91786-0000,Proprietary  ,157,170,327,923,719,1642
00760600,EVEREST COLLEGE                         ,CA,90010-2221,Proprietary  ,45,116,161,253,351,604
00760700,CONCORDE CAREER INSTITUTE               ,CA,91606-3134,Proprietary  ,67,206,273,186,436,622
00770700,COLUMBIA COLLEGE                        ,CA,95370-8580,Public       ,181,364,545,881,1005,1886
00771300,SKYLINE COLLEGE                         ,CA,94066-1698,Public       ,579,973,1552,2425,2364,4789
00793000,CONCORDE CAREER INSTITUTE               ,CA,92108-0000,Proprietary  ,64,239,303,165,521,686
00799300,CALIF STATE UNIV BAKERSFIELD            ,CA,93311-1022,Public       ,483,1053,1536,7675,5768,13443
00807100,CONCORDE CAREER INSTITUTE               ,CA,92840-9201,Proprietary  ,90,229,319,216,507,723
00807300,BUTTE COMMUNITY COLLEGE                 ,CA,95965-0000,Public       ,1712,2851,4563,6090,6898,12988
00809000,EVEREST COLLEGE                         ,CA,91803-1310,Proprietary  ,93,309,402,208,552,760
00809300,HEALD COLLEGE                           ,CA,93704-1706,Proprietary  ,239,729,968,1085,2265,3350
00853200,HEALD COLLEGE                           ,CA,94545-2352,Proprietary  ,225,518,743,637,1709,2346
00853202,HEALD COLLEGE - MODESTO                 ,CA,95368-9095,Proprietary  ,125,234,359,337,643,980
00853700,CONCORDE CAREER INSTITUTE               ,CA,92401-0000,Proprietary  ,119,299,418,272,778,1050
00859600,WEST LOS ANGELES COLLEGE                ,CA,90230-3500,Public       ,616,1584,2200,2858,4789,7647
00859700,FEATHER RIVER COLLEGE                   ,CA,95971-9124,Public       ,153,182,335,553,415,968
00884400,CALIFORNIA CHRISTIAN COLLEGE            ,CA,93703-3599,Private      ,12,32,44,57,80,137
00884600,WRIGHT INSTITUTE                        ,CA,94704-0000,Private      ,0,170,170,1,432,433
00890300,COLLEGE OF THE CANYONS                  ,CA,91355-1899,Public       ,999,1275,2274,4512,3342,7854
00891800,SADDLEBACK COLLEGE                      ,CA,92692-3699,Public       ,842,1508,2350,3554,3833,7387
00902200,ASSOCIATED TECHNICAL COLLEGE            ,CA,90017-0000,Proprietary  ,25,187,212,69,242,311
00903200,EMPIRE COLLEGE                          ,CA,95403-2122,Proprietary  ,39,173,212,93,332,425
00915706,WYOMING TECHNICAL INSTITUTE - WEST SACRA,CA,95605-1507,Proprietary  ,158,312,470,491,703,1194
00927200,CRAFTON HILLS COLLEGE                   ,CA,92399-1799,Public       ,653,1004,1657,2816,2670,5486
00932500,ABRAM FRIEDMAN OCCUP CTR                ,CA,90015-3507,Public       ,24,54,78,61,159,220
00950900,SKILLS & BUSINESS EDUCATION CENTER      ,CA,95824-1529,Public       ,75,326,401,228,828,1056
00974800,CARRINGTON COLLEGE CALIFORNIA           ,CA,95826-3203,Proprietary  ,182,695,877,589,1667,2256
00974801,CARRINGTON COLLEGE CALIFORNIA - SAN LEAN,CA,94578-3711,Proprietary  ,112,277,389,291,615,906
00974802,CARRINGTON COLLEGE CALIFORNIA - PLEASANT,CA,94523-1984,Proprietary  ,84,176,260,176,386,562
00974803,CARRINGTON COLLEGE CALIFORNIA - STOCKTON,CA,95207-5509,Proprietary  ,81,179,260,258,462,720
00974804,CARRINGTON COLLEGE CALIFORNIA - CITRUS H,CA,95621-5577,Proprietary  ,51,255,306,149,513,662
00974806,CARRINGTON COLLEGE CALIFORNIA -  ANTIOCH,CA,94531-1604,Proprietary  ,85,196,281,159,377,536
00974807,CARRINGTON COLLEGE CALIFORNIA - SAN JOSE,CA,95119-1325,Proprietary  ,94,213,307,327,722,1049
00974808,CARRINGTON COLLEGE CALIFORNIA - EMERYVIL,CA,94608-3006,Proprietary  ,28,65,93,104,221,325
00974809,WESTERN CAREER COLLEGE -  EMERYVILLE SHE,CA,94608-3006,Proprietary  ,4,13,17,15,48,63
00998900,SANTA BARBARA BUSINESS COLLEGE          ,CA,93111-0000,Proprietary  ,82,230,312,208,429,637
01011100,CERRO-COSO COMMUNITY COLLEGE            ,CA,93555-9571,Public       ,178,678,856,556,1468,2024
01014900,PEPPERDINE UNIVERSITY                   ,CA,90263-0000,Private      ,391,1580,1971,8082,6019,14101
01034000,LOS MEDANOS COLLEGE                     ,CA,94565-5197,Public       ,635,1160,1795,2468,3271,5739
01036500,CHARLES R DREW UNIV OF MED & SCI        ,CA,90059-0000,Private      ,12,192,204,82,540,622
01039500,UNIVERSITY OF SAN DIEGO                 ,CA,92110-2492,Private      ,527,939,1466,15576,5146,20722
01039501,UNIVERSITY OF SAN DIEGO - SCHOOL OF LAW ,CA,92110-2492,Private      ,33,362,395,744,3173,3917
01044100,PARDEE RAND GRADUATE SCHOOL             ,CA,90407-2138,Private      ,0,7,7,0,20,20
01047400,MARYMOUNT COLLEGE OF PALOS VERDES       ,CA,90275-0000,Private      ,104,18,122,1369,145,1514
01083200,WESTERN STATE UNIV COLLEGE OF LAW       ,CA,92831-3014,Proprietary  ,2,203,205,19,1114,1133
01085400,THOMAS JEFFERSON SCHOOL OF LAW          ,CA,92110-0000,Private      ,5,600,605,22,1954,1976
01102400,EVEREST COLLEGE                         ,CA,94103-2091,Proprietary  ,39,117,156,127,279,406
01110700,EVEREST  COLLEGE                        ,CA,92801-5231,Proprietary  ,88,166,254,362,522,884
01110900,EVEREST COLLEGE                         ,CA,91335-4631,Proprietary  ,148,426,574,350,706,1056
01111200,FIDM-FASHION INSTITUTE OF DESIGN        ,CA,90015-1421,Proprietary  ,1013,596,1609,5645,2114,7759
01111700,ALLIANT INTERNATIONAL UNIVERSITY        ,CA,92131-1799,Private      ,19,470,489,113,2075,2188
01111705,ALLIANT INTERNATIONAL UNIVERSITY - LOS A,CA,91803-1360,Private      ,0,91,91,6,519,525
01111706,ALLIANT INTERNATIONAL UNIVERSITY - SAN F,CA,94133-1221,Private      ,3,134,137,29,713,742
01111707,ALLIANT INTERNATIONAL UNIVERSITY - FRESN,CA,93727-2014,Private      ,9,103,112,57,508,565
01112100,EVEREST COLLEGE                         ,CA,94541-4007,Proprietary  ,22,110,132,69,238,307
01112300,EVEREST COLLEGE                         ,CA,90247-4163,Proprietary  ,58,171,229,194,429,623
01146000,NATIONAL UNIVERSITY                     ,CA,92037-1011,Private      ,179,4268,4447,514,10678,11192
01162600,PRACTICAL SCHOOLS                       ,CA,92805-0000,Proprietary  ,39,90,129,353,669,1022
01164900,LOYOLA MARYMOUNT UNIVERSITY             ,CA,90045-0000,Private      ,441,841,1282,11707,3252,14959
01164901,LMU  - LOYOLA LAW SCHOOL                ,CA,90015-0019,Private      ,12,385,397,244,3527,3771
01167200,MENDOCINO COLLEGE                       ,CA,95482-3000,Public       ,290,597,887,945,1444,2389
01170700,NORTH-WEST COLLEGE                      ,CA,91790-2097,Proprietary  ,58,123,181,108,192,300
01179200,FRANCISCAN SCHOOL OF THEOLOGY           ,CA,94709-0000,Private      ,0,6,6,0,18,18
01182000,SAN DIEGO MIRAMAR COLLEGE               ,CA,92126-0000,Public       ,656,1288,1944,3003,3651,6654
01186500,CALIFORNIA HAIR DESIGN ACADEMY          ,CA,92115-0000,Proprietary  ,32,60,92,76,116,192
01186600,LU ROSS ACADEMY                         ,CA,93001-2927,Proprietary  ,19,35,54,53,66,119
01202600,JE BOUTIQUE COLLEGE OF BEAUTY           ,CA,92021-6247,Proprietary  ,18,31,49,40,81,121
01202700,GALEN COLLEGE OF CALIFORNIA             ,CA,93728-2381,Proprietary  ,7,15,22,27,59,86
01203100,SAN DIEGO CHRISTIAN COLLEGE             ,CA,92019-1157,Private      ,163,458,621,759,740,1499
01206100,EVEREST COLLEGE                         ,CA,95128-3908,Proprietary  ,46,127,173,181,341,522
01215400,CALIFORNIA INSTITUTE OF INTEGRAL STUDIES,CA,94103-2557,Private      ,5,643,648,23,1531,1554
01230002,PALMER COLLEGE OF CHIROPRACTIC - WEST CA,CA,95134-1617,Private      ,2,120,122,17,323,340
01231600,MANCHESTER BEAUTY COLLEGE               ,CA,93726-5306,Proprietary  ,27,91,118,104,158,262
01231700,TULARE BEAUTY COLLEGE                   ,CA,93274-3432,Proprietary  ,5,24,29,20,44,64
01244600,UNIVERSAL COLLEGE OF BEAUTY             ,CA,90044-0044,Proprietary  ,13,15,28,48,41,89
01245200,EVERGREEN VALLEY COLLEGE                ,CA,95135-1598,Public       ,870,1494,2364,3643,3790,7433
01255000,LOS ANGELES MISSION COLLEGE             ,CA,91342-3200,Public       ,715,1167,1882,3953,3727,7680
01265000,MARINELLO SCHOOL OF BEAUTY              ,CA,91502-2828,Proprietary  ,55,161,216,83,191,274
01265100,MARINELLO SCHOOL OF BEAUTY              ,CA,91748-1674,Proprietary  ,13,36,49,32,60,92
01284200,OXNARD COLLEGE                          ,CA,93030-0000,Public       ,857,1299,2156,2602,2833,5435
01287200,NORTH-WEST COLLEGE                      ,CA,91768-3199,Proprietary  ,62,197,259,110,260,370
01287300,WYOTECH                                 ,CA,90810-3800,Proprietary  ,233,382,615,690,878,1568
01287301,WYOTECH - EVEREST  COLLEGE              ,CA,90034-3158,Proprietary  ,49,145,194,169,405,574
01287302,WYOTECH - EVEREST  COLLEGE              ,CA,91746-3412,Proprietary  ,88,198,286,326,538,864
01290700,LAKE TAHOE COMMUNITY COLLEGE            ,CA,96150-4524,Public       ,101,216,317,447,581,1028
01291100,MARINELLO SCHOOL OF BEAUTY              ,CA,92646-2552,Proprietary  ,6,19,25,36,51,87
01291200,MTI COLLEGE                             ,CA,95841-0000,Proprietary  ,88,313,401,361,1121,1482
01294200,ROSEMEAD BEAUTY SCHOOL                  ,CA,91770-1639,Proprietary  ,11,116,127,22,151,173
01298400,PROFESSIONAL INSTITUTE OF BEAUTY        ,CA,91731-2613,Proprietary  ,1,7,8,6,12,18
01298500,HAIR CALIFORNIA BEAUTY ACADEMY          ,CA,92867-7127,Proprietary  ,4,22,26,19,40,59
01298900,OCEANSIDE COLLEGE OF BEAUTY             ,CA,92054-5393,Proprietary  ,19,37,56,64,90,154
01301000,LANCASTER BEAUTY SCHOOL                 ,CA,93534-3098,Proprietary  ,25,63,88,49,101,150
01307400,AMERICAN BEAUTY COLLEGE                 ,CA,91790-2906,Proprietary  ,8,16,24,43,38,81
01309500,SALON SUCCESS ACADEMY                   ,CA,92879-6561,Proprietary  ,64,94,158,103,140,243
01310300,CALIFORNIA WESTERN SCHOOL OF LAW        ,CA,92101-0000,Private      ,5,351,356,52,1889,1941
01324000,LYTLE'S REDWOOD EMPIRE BEAUTY CLG       ,CA,95403-0000,Proprietary  ,46,65,111,100,148,248
02054900,MARINELLO SCHOOL OF BEAUTY              ,CA,92630-0000,Proprietary  ,8,26,34,27,36,63
02059800,PARIS BEAUTY COLLEGE                    ,CA,94520-2611,Proprietary  ,8,31,39,26,66,92
02063500,COASTLINE COMMUNITY COLLEGE             ,CA,92708-0000,Public       ,227,1640,1867,1236,4086,5322
02064300,SIERRA COLLEGE OF BEAUTY                ,CA,95340-0000,Proprietary  ,16,34,50,59,90,149
02065700,CALIFORNIA BEAUTY COLLEGE               ,CA,95354-0000,Proprietary  ,33,54,87,124,123,247
02070500,CONCORDIA UNIVERSITY                    ,CA,92612-0000,Private      ,220,647,867,2105,1606,3711
02075800,SOUTHERN CA INST OF ARCHITECTURE        ,CA,90013-0000,Private      ,21,125,146,174,500,674
02086400,MARINELLO SCHOOL OF BEAUTY              ,CA,95050-0000,Proprietary  ,129,234,363,170,308,478
02091200,ELEGANCE INTERNATIONAL                  ,CA,90028-0000,Proprietary  ,34,50,84,95,114,209
02091700,KAPLAN COLLEGE                          ,CA,92123-1509,Proprietary  ,97,502,599,377,1386,1763
02091702,KAPLAN COLLEGE - CHULA VISTA            ,CA,91910-5342,Proprietary  ,69,147,216,124,232,356
02096100,FIELDING GRADUATE UNIVERSITY            ,CA,93105-0000,Private      ,0,383,383,2,721,723
02099200,AMERICAN CONSERVATORY THEATER           ,CA,94108-0000,Private      ,9,30,39,46,222,268
02110200,COLUMBIA COLLEGE                        ,CA,91356-0000,Private      ,47,31,78,278,130,408
02110800,CALIFORNIA COLLEGE SAN DIEGO            ,CA,92108-3821,Proprietary  ,278,828,1106,1287,2048,3335
02111300,CUYAMACA COLLEGE                        ,CA,92019-0000,Public       ,633,1347,1980,2850,4240,7090
02113601,AMERICAN INTERCONTINENTAL UNIV - LOS ANG,CA,90066-7008,Proprietary  ,0,0,0,3,2,5
02119100,MISSION COLLEGE                         ,CA,95054-1897,Public       ,642,1430,2072,2433,3690,6123
02120600,SAYBROOK GRADUATE SCHOOL                ,CA,94111-1920,Private      ,1,274,275,2,520,522
02120700,SAN JOAQUIN VALLEY COLLEGE              ,CA,93291-0000,Proprietary  ,697,1660,2357,2040,4159,6199
02125000,CAREER ACADEMY OF BEAUTY                ,CA,92845-0000,Proprietary  ,10,26,36,26,39,65
02128200,"VICTOR VALLEY BEAUTY COLLEGE, INC       ",CA,92392-0000,Proprietary  ,51,85,136,85,143,228
02128300,INSTITUTE FOR BUSINESS & TECHNOLOGY     ,CA,95050-0000,Proprietary  ,24,177,201,59,334,393
02128301,INSTITUTE FOR BUSINESS & TECHNOLOGY - NA,CA,95670-6351,Proprietary  ,23,137,160,32,208,240
02138300,PALO ALTO UNIVERSITY                    ,CA,94304-1337,Private      ,7,164,171,41,635,676
02147400,CLEVELAND CHIROPRACTIC COLLEGE          ,CA,90004-0000,Private      ,3,35,38,33,158,191
02161800,MUSICIANS INSTITUTE                     ,CA,90028-6157,Proprietary  ,363,364,727,1297,907,2204
02167800,ESTES INSTITUTE OF COSMETOLOGY          ,CA,93291-0000,Proprietary  ,21,41,62,87,80,167
02174600,MARINELLO SCHOOL OF BEAUTY              ,CA,90201-0000,Proprietary  ,37,46,83,63,79,142
02180600,BRIDGES  ACADEMY OF BEAUTY              ,CA,92311-2327,Proprietary  ,2,10,12,7,18,25
02185800,MOLER BARBER COLLEGE                    ,CA,94611-0000,Proprietary  ,16,21,37,36,57,93
02187500,"HEALD COLLEGE, SCH OF BUS & TECH        ",CA,94520-0000,Proprietary  ,216,513,729,715,1712,2427
02188400,SIERRA VALLEY COLLEGE OF COURT REPORTING,CA,93726-0000,Proprietary  ,9,82,91,33,163,196
02208600,MADERA BEAUTY COLLEGE                   ,CA,93637-3519,Proprietary  ,11,29,40,45,61,106
02211000,SALON SUCCESS ACADEMY                   ,CA,92405-0000,Proprietary  ,19,25,44,64,47,111
02220000,COLLEEN O'HARA BEAUTY ACADEMY           ,CA,92701-0000,Proprietary  ,26,35,61,47,56,103
02220200,CALIFORNIA CULINARY ACADEMY             ,CA,94102-3336,Proprietary  ,121,249,370,507,659,1166
02221300,MARINELLO SCHOOL OF BEAUTY              ,CA,92553-0000,Proprietary  ,72,109,181,138,222,360
02222000,AMERICAN FILM INSTITUTE                 ,CA,90027-0000,Private      ,53,220,273,253,647,900
02226000,EAST LOS ANGELES COLLEGE                ,CA,91754-0000,Public       ,2243,3027,5270,12287,9713,22000
02228500,LIFE CHIROPRACTIC COLLEGE WEST          ,CA,94545-0000,Private      ,2,183,185,13,353,366
02230900,FREDRICK & CHARLES BEAUTY COLLEGE       ,CA,95501-0000,Proprietary  ,14,28,42,37,56,93
02231900,GEMOLOGICAL INSTITUTE OF AMERICA        ,CA,92008-4698,Private      ,19,80,99,47,161,208
02234300,FASHION CAREERS OF CALIFORNIA           ,CA,92110-0000,Proprietary  ,22,29,51,130,105,235
02236400,"THANH LE COLG, SCH OF COSMETOLOGY       ",CA,92840-0000,Proprietary  ,2,1,3,5,3,8
02237200,PHILLIPS GRADUATE INSTITUTE             ,CA,91316-0000,Private      ,0,64,64,2,165,167
02241600,SAN DIEGO CONTINUING EDUCATION          ,CA,92113-0000,Public       ,24,180,204,76,439,515
02241800,AMERICAN CAREER COLLEGE                 ,CA,90004-0000,Proprietary  ,454,910,1364,1040,1924,2964
02242700,BERKELEY CITY COLLEGE                   ,CA,94704-0000,Public       ,538,1057,1595,2217,2826,5043
02250602,EVEREST COLLEGE                         ,CA,91761-8525,Proprietary  ,84,241,325,330,1060,1390
02255400,INTERNATIONAL SCHOOL OF COSMETOLOGY     ,CA,90250-0000,Proprietary  ,60,90,150,90,148,238
02255600,MARINELLO SCHOOL OF BEAUTY              ,CA,90723-0000,Proprietary  ,34,46,80,64,90,154
02258600,ALAMEDA BEAUTY COLLEGE                  ,CA,94501-0000,Proprietary  ,24,70,94,79,152,231
02262400,YESHIVA OHR ELCHONON CHABAD             ,CA,90046-0000,Private      ,1,0,1,32,1,33
02263101,ANTHEM COLLEGE - SACRAMENTO             ,CA,95827-3378,Proprietary  ,7,31,38,34,94,128
02267600,INSTITUTE OF TRANSPERSONAL PSYCHLGY     ,CA,94303-4624,Private      ,2,207,209,3,442,445
02270600,LIFE PACIFIC COLLEGE                    ,CA,91773-0000,Private      ,90,90,180,280,190,470
02276800,WESTMINSTER SEMINARY CALIFORNIA         ,CA,92027-0000,Private      ,0,29,29,0,139,139
02277400,SOUTH COAST COLLEGE                     ,CA,92868-2616,Proprietary  ,27,113,140,139,376,515
02282300,ALHAMBRA BEAUTY COLLEGE                 ,CA,91802-0000,Proprietary  ,19,42,61,30,52,82
02285100,HILLTOP BEAUTY SCHOOL                   ,CA,94014-0000,Proprietary  ,5,50,55,7,69,76
02298000,DESIGN INSTITUTE OF SAN DIEGO           ,CA,92121-0000,Proprietary  ,25,62,87,147,205,352
02304300,"PLATT COLLEGE, SAN DIEGO                ",CA,92115-0000,Proprietary  ,28,106,134,158,263,421
02306300,KAPLAN COLLEGE                          ,CA,95368-0000,Proprietary  ,101,192,293,286,516,802
02306302,KAPLAN COLLEGE - FRESNO                 ,CA,93612-3802,Proprietary  ,42,116,158,209,382,591
02309500,CLOVIS ADULT EDUC                       ,CA,93611-0000,Public       ,14,90,104,37,220,257
02312400,LA COLLEGE INTERNATIONAL                ,CA,90010-0000,Proprietary  ,15,228,243,43,615,658
02327600,ART INSTITUTE OF CALIFORNIA - SAN DIEGO ,CA,92108-4401,Proprietary  ,743,840,1583,3165,2973,6138
02330500,LAGUNA COLLEGE OF ART AND DESIGN        ,CA,92651-0000,Private      ,73,57,130,501,222,723
02332800,CENTER FOR EMPLOYMENT TRAINING          ,CA,95110-0000,Private      ,111,492,603,147,602,749
02338500,GLENDALE CAREER COLLEGE                 ,CA,91203-1207,Proprietary  ,42,139,181,122,252,374
02338700,MARINELLO SCHOOL OF BEAUTY              ,CA,94103-0000,Proprietary  ,51,134,185,147,218,365
02342400,ACADEMY OF RADIO BROADCASTING           ,CA,92647-3809,Proprietary  ,21,76,97,66,167,233
02343400,"BELLUS ACADEMY, THE ACADEMY OF BEAUTY AN",CA,92064-4633,Proprietary  ,88,172,260,165,290,455
02345800,MONTEBELLO BEAUTY COLLEGE               ,CA,90640-0000,Proprietary  ,1,13,14,11,21,32
02351900,KAPLAN COLLEGE                          ,CA,95660-5512,Proprietary  ,63,299,362,298,871,1169
02351901,KAPLAN COLLEGE - BAKERSFIELD            ,CA,93304-0000,Proprietary  ,76,214,290,465,807,1272
02358000,THOMAS AQUINAS COLLEGE                  ,CA,93060-9622,Private      ,34,6,40,363,18,381
02359300,SHASTA BIBLE COLLEGE                    ,CA,96002-0000,Private      ,10,15,25,38,46,84
02482700,WESTERN UNIVERSITY OF HEALTH S          ,CA,91766-1854,Private      ,11,669,680,111,4947,5058
02494800,LOLA BEAUTY COLLEGE                     ,CA,92641-0000,Proprietary  ,3,11,14,10,17,27
02497300,TRINITY COLLEGE                         ,CA,93277-8109,Proprietary  ,63,228,291,123,430,553
02500000,SAN JOAQUIN COLLEGE OF LAW              ,CA,93612-0000,Private      ,3,138,141,16,318,334
02518400,THE NATIONAL HISPANIC UNIVERSITY        ,CA,95127-0000,Proprietary  ,31,109,140,272,409,681
02519800,AVANCE BEAUTY COLLEGE                   ,CA,92154-0000,Proprietary  ,10,36,46,58,74,132
02520200,CALIFORNIA CAREER SCHOOLS               ,CA,92805-0000,Proprietary  ,5,55,60,47,122,169
02520300,INTERIOR DESIGNERS INSTITUTE            ,CA,92660-0000,Proprietary  ,8,37,45,27,84,111
02520400,ADRIAN'S BEAUTY COLLEGE OF TURLOCK      ,CA,95382-0000,Proprietary  ,21,52,73,91,109,200
02537200,PALOMAR INSTITUTE OF COSMETOLOGY        ,CA,92069-0000,Proprietary  ,34,67,101,95,149,244
02539100,KAPLAN COLLEGE                          ,CA,91606-3231,Proprietary  ,97,258,355,405,936,1341
02539102,KAPLAN COLLEGE -  RIVERSIDE             ,CA,92507-4223,Proprietary  ,67,200,267,251,524,775
02539500,IRVINE VALLEY COLLEGE                   ,CA,92620-0000,Public       ,633,1005,1638,3867,2895,6762
02542300,NATIONAL HOLISTIC INSTITUTE             ,CA,94608-0000,Proprietary  ,53,230,283,133,475,608
02543400,BROWNSON TECHNICAL SCHOOL               ,CA,92805-0000,Proprietary  ,10,60,70,28,94,122
02545900,HYPNOSIS MOTIVATION INSTITUTE           ,CA,91356-0000,Private      ,2,35,37,2,56,58
02546400,MTI BUSINESS COLLEGE INC                ,CA,95207-0000,Proprietary  ,8,43,51,32,94,126
02549000,KAPLAN COLLEGE                          ,CA,92083-7736,Proprietary  ,103,337,440,295,837,1132
02549005,KAPLAN COLLEGE -  PALM SPRINGS          ,CA,92262-7011,Proprietary  ,56,122,178,201,388,589
02553500,ASSOCIATED TECHNICAL COLLEGE            ,CA,92101-0000,Proprietary  ,14,91,105,65,160,225
02553600,DIVERSIFIED LANGUAGE INSTITUTE          ,CA,90017-0000,Proprietary  ,26,308,334,36,388,424
02559300,UNITED EDUCATION INSTITUTE              ,CA,90020-0000,Proprietary  ,1121,2700,3821,1507,3778,5285
02559400,INTERCOAST COLLEGES                     ,CA,92868-1656,Proprietary  ,81,897,978,134,1385,1519
02565400,KAPLAN COLLEGE                          ,CA,95207-6216,Proprietary  ,56,189,245,239,552,791
02570300,LOS ANGELES ORT COLLEGE                 ,CA,90048-0000,Private      ,41,186,227,83,286,369
02577900,SANTA BARBARA BUSINESS COLLEGE          ,CA,93309-1664,Proprietary  ,136,357,493,412,828,1240
02578000,SANTA BARBARA BUSINESS COLLEGE          ,CA,93454-6943,Proprietary  ,56,94,150,168,320,488
02584200,NEWBRIDGE COLLEGE                       ,CA,92701-0000,Proprietary  ,40,162,202,123,348,471
02591600,NORTH-WEST COLLEGE                      ,CA,91101-1744,Proprietary  ,19,51,70,42,103,145
02593100,HEALD COLLEGE                           ,CA,95678-5303,Proprietary  ,147,450,597,524,1653,2177
02593200,HEALD COLLEGE                           ,CA,95035-8008,Proprietary  ,190,535,725,527,1443,1970
02593300,HEALD COLLEGE                           ,CA,95210-5667,Proprietary  ,176,559,735,878,2105,2983
02595600,ASIAN AMERICAN INTERNATIONAL BTY CG     ,CA,92683-4043,Proprietary  ,1,1,2,4,5,9
02597300,SOUTH BAYLO UNIVERSITY                  ,CA,92801-1701,Private      ,2,94,96,7,199,206
02602300,CENTRAL COAST COLLEGE                   ,CA,93901-3301,Proprietary  ,49,90,139,179,215,394
02608900,PINNACLE COLLEGE                        ,CA,91803-8842,Proprietary  ,18,40,58,46,58,104
02608901,PINNACLE COLLEGE - SACRAMENTO           ,CA,95670-6386,Proprietary  ,17,29,46,39,68,107
02609000,EMPERORS COLG OF TRAD ORIENTAL MED      ,CA,90403-5609,Proprietary  ,4,61,65,15,126,141
02612800,LOS ANGELES RECORDING SCHOOL            ,CA,90028-3112,Proprietary  ,84,117,201,323,272,595
03010611,VIRGINIA COLLEGE - GOLF ACADEMY OF AMERI,CA,92008-6512,Proprietary  ,33,109,142,66,203,269
03011300,"CALIF STATE UNIV, SAN MARCOS            ",CA,92096-0001,Public       ,815,1273,2088,11547,5890,17437
03019900,CAPSTONE COLLEGE                        ,CA,91402-4924,Proprietary  ,2,5,7,7,21,28
03025600,DELL'ARTE SCH OF PHYSICAL THEATRE       ,CA,95525-0816,Private      ,3,15,18,5,34,39
03027700,PACIFIC COLLEGE OF ORIENTAL MED         ,CA,92108-4408,Proprietary  ,20,202,222,40,464,504
03029600,POMONA ADULT SCHOOL                     ,CA,91766-0000,Public       ,15,62,77,43,114,157
03031409,INTERNATIONAL ACADEMY OF DESIGN AND TECH,CA,95834-9664,Proprietary  ,59,142,201,258,481,739
03034000,HEALD COLLEGE                           ,CA,93906-5100,Proprietary  ,148,305,453,715,1361,2076
03035700,LAS POSITAS COLLEGE                     ,CA,94551-6750,Public       ,650,851,1501,2224,1826,4050
03039900,FREMONT COLLEGE                         ,CA,90703-5342,Proprietary  ,47,109,156,187,308,495
03043900,NEWSCHOOL OF ARCHITECTURE & DESIGN      ,CA,92101-6634,Proprietary  ,43,137,180,313,478,791
03044500,KAPLAN COLLEGE                          ,CA,91402-4222,Proprietary  ,17,56,73,75,172,247
03054100,ROYALE COLLEGE OF BEAUTY                ,CA,92590-2525,Proprietary  ,17,25,42,37,40,77
03062300,WESTECH COLLEGE                         ,CA,91764-4988,Proprietary  ,31,209,240,65,331,396
03062400,MT DIABLO ADULT EDUC LOMA VISTA CTR     ,CA,94518-1122,Public       ,13,46,59,56,130,186
03062700,PLATT COLLEGE                           ,CA,90041-0000,Proprietary  ,34,72,106,160,221,381
03062701,PLATT COLLEGE                           ,CA,91764-0000,Proprietary  ,71,145,216,251,396,647
03063400,MODERN TECHNOLOGY SCHOOL                ,CA,92708-9821,Proprietary  ,18,54,72,37,120,157
03067400,BALDWIN PARK ADULT SCHOOL               ,CA,91706-4897,Public       ,42,128,170,86,205,291
03067500,INSTITUTE OF TECHNOLOGY                 ,CA,93612-3217,Proprietary  ,297,1004,1301,674,2111,2785
03069500,SAGE COLLEGE                            ,CA,92557-6720,Proprietary  ,32,209,241,94,490,584
03072300,EVEREST COLLEGE                         ,CA,91761-3222,Proprietary  ,81,212,293,292,557,849
03072700,WESTWOOD COLLEGE - LOS ANGELES          ,CA,90010-1577,Proprietary  ,269,1634,1903,1360,3526,4886
03074900,MARTINEZ ADULT CENTER                   ,CA,94553-3298,Public       ,0,26,26,3,47,50
03078200,AMERICAN CLG TRADITIONAL CHINESE MD     ,CA,94107-2813,Private      ,2,112,114,7,232,239
03084700,VENTURA ADULT\CONTINUING EDUCATION      ,CA,93003-7313,Public       ,24,48,72,39,94,133
03094400,ELITE PROGRESSIVE SCHOOL OF COSM        ,CA,95841-2909,Proprietary  ,73,138,211,119,209,328
03097700,CENTRAL CALIF SCH CONTINUING EDUC       ,CA,93401-6739,Proprietary  ,4,59,63,33,134,167
03098200,YO SAN UNIV TRADITIONAL CHINESE MED     ,CA,90066-1103,Private      ,0,61,61,6,116,122
03108100,SUMMIT CAREER COLLEGE                   ,CA,92324-3956,Proprietary  ,79,341,420,171,631,802
03109500,DONGGUK  UNIVERSITY LOS ANGELES         ,CA,90020-1765,Private      ,1,38,39,7,71,78
03113300,UEI COLLEGE                             ,CA,93727-1620,Proprietary  ,90,310,400,168,436,604
03113600,SOUTHERN CALIFORNIA INST OF TECHNOL     ,CA,92805-3758,Proprietary  ,18,180,198,71,481,552
03116600,EAST SAN GABRIEL VLY REG OCCUP PROG     ,CA,91790-2105,Public       ,48,275,323,87,426,513
03125300,JOHN WESLEY INTER. BARBER & BTY CLG     ,CA,90813-4321,Proprietary  ,10,18,28,31,64,95
03125400,ART INSTITUTE OF CALIFORNIA-HOLLYWOOD (T,CA,91601-3112,Proprietary  ,526,596,1122,2567,1981,4548
03125800,PREMIERE CAREER COLLEGE                 ,CA,91706-3746,Proprietary  ,57,123,180,80,197,277
03126800,PACIFICA GRADUATE INSTITUTE             ,CA,93013-0000,Proprietary  ,0,401,401,2,698,700
03128700,MT SIERRA COLLEGE                       ,CA,91016-3414,Proprietary  ,98,181,279,331,365,696
03131300,FIVE BRANCHES UNIVERSITY                ,CA,95062-4669,Private      ,5,118,123,46,306,352
03144400,AMERICAN CLG OF HEALTH PROFESSIONS      ,CA,92505-3038,Proprietary  ,36,184,220,117,368,485
03150500,VIRGINIA SEWING MACHINES & SCH CTR      ,CA,90015-3535,Proprietary  ,1,25,26,2,26,28
03162300,FOUR-D SUCCESS ACADEMY                  ,CA,92324-4218,Proprietary  ,51,261,312,102,486,588
03163300,PACIFIC STATES UNIVERSITY               ,CA,90006-0000,Private      ,6,16,22,28,35,63
03195400,EVEREST COLLEGE                         ,CA,90501-2867,Proprietary  ,21,44,65,75,128,203
03210300,LE CORDON BLEU COLLEGE OF CULINARY ARTS ,CA,91101-5221,Proprietary  ,887,2664,3551,2170,5146,7316
03225300,AMERICAN UNIVERSITY OF HEALTH SCIENCES  ,CA,90755-3612,Proprietary  ,21,59,80,76,178,254
03242300,CAREER NETWORK INSTITUTE                ,CA,92868-4710,Proprietary  ,29,160,189,42,235,277
03250300,COMMUNITY BASED EDUCATION AND DEVEL     ,CA,90036-1137,Private      ,4,28,32,31,81,112
03260300,CALIFORNIA STATE U-MONTEREY BAY         ,CA,93955-8001,Public       ,422,557,979,8980,2826,11806
03266300,BETHESDA UNIVERSITY OF CALIFORNIA       ,CA,92801-4132,Private      ,12,40,52,54,73,127
03278300,CLARITA CAREER COLLEGE                  ,CA,91351-5432,Proprietary  ,172,395,567,250,670,920
03288300,ACAD CHINESE CULTURE & HEALTH SCIS      ,CA,94512-0000,Private      ,2,35,37,10,78,88
03299300,PACIFIC COLLEGE                         ,CA,92626-3160,Proprietary  ,15,119,134,50,260,310
03308300,KENSINGTON COLLEGE                      ,CA,92705-8708,Proprietary  ,1,11,12,5,23,28
03327400,ACUPUNCTURE AND INTEGRATIVE MEDICINE COL,CA,94704-2724,Private      ,3,86,89,21,194,215
03332300,SOUTHERN CA BIBLE CLG & SEMINARY        ,CA,92019-1109,Private      ,1,48,49,7,126,133
03359300,ST. FRANCIS CAREER COLLEGE              ,CA,90262-2659,Private      ,8,40,48,57,155,212
03367300,PROFESSIONAL GOLFERS CAREER COLLEGE     ,CA,92591-6013,Proprietary  ,47,106,153,143,235,378
03395300,INTERNATIONAL CAREER DEVELOPMENT        ,CA,90027-5794,Proprietary  ,201,1809,2010,325,2710,3035
03399300,NORTHWESTERN TECHNICAL COLLEGE          ,CA,95670-4443,Proprietary  ,35,134,169,86,396,482
03403300,TRINITY LIFE BIBLE COLLEGE              ,CA,95842-0000,Private      ,9,67,76,67,302,369
03413400,ENGLISH CENTER  (THE)                   ,CA,94607-3734,Private      ,3,34,37,16,75,91
03427400,CAREER COLLEGES OF AMERICA              ,CA,90280-7420,Proprietary  ,137,549,686,224,861,1085
03427500,ANTELOPE VALLEY MEDICAL COLLEGE         ,CA,93534-3324,Proprietary  ,156,342,498,364,750,1114
03440400,MARIAN HEALTH CAREERS CENTER            ,CA,90010-1728,Proprietary  ,15,59,74,34,104,138
03441400,VALLEY CAREER COLLEGE                   ,CA,92020-3057,Proprietary  ,36,107,143,77,190,267
03458300,MY LE'S BEAUTY COLLEGE                  ,CA,95824-3039,Proprietary  ,6,33,39,50,85,135
03467300,MARINELLO SCHOOL OF BEAUTY              ,CA,92545-3661,Proprietary  ,66,121,187,104,195,299
03467301,CALIFORNIA BEAUTY COLLEGE - DESERT HOT S,CA,92240-1307,Proprietary  ,0,2,2,5,10,15
03479300,PROFESSIONAL CAREER INSTITUTE           ,CA,90703-2522,Proprietary  ,18,47,65,52,77,129
03485400,JAMES ALBERT SCHOOL OF COSMETOLOGY      ,CA,92627-3831,Proprietary  ,35,47,82,60,84,144
03516300,KING'S UNIVERSITY (THE)                 ,CA,91405-2233,Private      ,21,90,111,50,196,246
03532400,ADVANCED TRAINING ASSOCIATES            ,CA,92020-1236,Proprietary  ,7,28,35,18,56,74
03542400,COPPER MOUNTAIN COLLEGE                 ,CA,92252-6102,Public       ,252,797,1049,528,1467,1995
03577300,COBA ACADEMY                            ,CA,92866-1407,Proprietary  ,4,6,10,22,21,43
03590400,NTMA TRAINING CENTERS OF SOUTHERN C     ,CA,90650-6099,Private      ,35,155,190,45,194,239
03592400,IRELL & MANELLA GRADUATE SCHOOL OF BIOLO,CA,91010-0000,Private      ,0,0,0,2,7,9
03598300,AVALON BEAUTY COLLEGE                   ,CA,93103-3137,Proprietary  ,27,31,58,70,63,133
03614300,UNITED BEAUTY COLLEGE                   ,CA,91733-0000,Proprietary  ,1,20,21,3,24,27
03639300,WEST COAST ULTRASOUND INSTITUTE         ,CA,90211-3312,Proprietary  ,118,450,568,257,892,1149
03646300,DESIGN'S SCHOOL OF COSMETOLOGY          ,CA,93446-1471,Proprietary  ,12,43,55,25,73,98
03681300,CALIFORNIA HEALING ARTS COLLEGE         ,CA,90025-2589,Proprietary  ,11,45,56,46,114,160
03695300,COMMUNITY ENHANCEMENT SERVICES          ,CA,91502-2750,Private      ,5,14,19,8,30,38
03695700,SANTIAGO CANYON COLLEGE                 ,CA,92869-4512,Public       ,507,602,1109,2280,1574,3854
03696300,UNIVERSITY OF THE WEST                  ,CA,91770-3709,Private      ,4,24,28,12,51,63
03698300,WEST COAST UNIVERSITY                   ,CA,91606-3206,Proprietary  ,321,698,1019,1060,2076,3136
03698400,CA COLLEGE OF VOCATIONAL CAREER         ,CA,93301-1800,Proprietary  ,26,105,131,102,241,343
03736300,ADVANCE BEAUTY COLLEGE                  ,CA,92843-4752,Proprietary  ,9,145,154,39,193,232
03740400,ATI COLLEGE                             ,CA,90650-0000,Proprietary  ,18,57,75,53,123,176
03759300,COMPUTER TUTOR BUSINESS & TECH INST     ,CA,95356-0000,Proprietary  ,14,50,64,44,102,146
03786300,ADVANCED COLLEGE                        ,CA,90280-5255,Proprietary  ,28,138,166,67,254,321
03797400,CAREER CARE INSTITUTE                   ,CA,93534-4766,Proprietary  ,93,296,389,186,557,743
03797401,CAREER CARE INSTITUTE - VENTURA         ,CA,93003-0000,Proprietary  ,12,19,31,31,64,95
03797402,CAREER CARE INSTITUTE - MORENO VALLEY   ,CA,92553-7519,Proprietary  ,7,19,26,25,52,77
03814400,SOKA UNIVERSITY OF AMERICA              ,CA,92656-8081,Private      ,8,5,13,493,50,543
03852500,CIT COLLEGE OF INFOMEDICAL TECHNOLOGY   ,CA,92831-3703,Proprietary  ,25,162,187,67,297,364
03853300,KECK GRADUATE INSTITUTE OF APPLIED LIFE ,CA,91711-4817,Private      ,0,42,42,5,103,108
03853400,LADERA CAREER PATHS TRAINING CENTERS    ,CA,90045-1931,Proprietary  ,2,3,5,5,22,27
03868300,WORLD MISSION UNIVERSITY                ,CA,90020-1789,Private      ,3,26,29,5,52,57
03868400,LOS ANGELES MUSIC ACADEMY               ,CA,91105-2540,Proprietary  ,29,35,64,126,96,222
03871300,FOLSOM LAKE COLLEGE                     ,CA,95630-6798,Public       ,715,1249,1964,2536,3033,5569
03874300,CAMBRIDGE JUNIOR COLLEGE                ,CA,95993-0000,Proprietary  ,36,137,173,89,224,313
03874400,COMMMUNITY CHRISTIAN COLLEGE            ,CA,92373-4465,Private      ,22,29,51,130,105,235
03889300,STANBRIDGE COLLEGE                      ,CA,92612-0000,Proprietary  ,48,209,257,109,549,658
03901300,PACIFIC COAST TRADE SCHOOL              ,CA,93033-2441,Proprietary  ,12,45,57,21,61,82
03910400,NATIONAL POLYTECHNIC COLLEGE            ,CA,90040-3066,Proprietary  ,21,59,80,29,71,100
03933300,MUELLER COLLEGE OF HOLISTIC STUDIES     ,CA,92116-2630,Proprietary  ,13,98,111,34,186,220
03935300,CALIFORNIA NURSES EDUCATIONAL INSTITUTE ,CA,92234-7248,Proprietary  ,17,61,78,40,104,144
03962300,AMERICAN INSTITUTE OF MASSAGE THERAPY   ,CA,92705-5463,Proprietary  ,6,22,28,33,54,87
03964400,INTERNATIONAL SCHOOL OF BEAUTY          ,CA,92260-2740,Proprietary  ,31,79,110,70,126,196
03969600,AMERICAN AUTO INSTITUTE                 ,CA,90703-2637,Proprietary  ,227,498,725,313,650,963
03971300,AMERICAN CAREER COLLEGE                 ,CA,91764-4906,Proprietary  ,275,602,877,571,1146,1717
03973300,EX'PRESSION COLLEGE FOR DIGTAL ARTS     ,CA,94608-1021,Proprietary  ,159,171,330,598,504,1102
03974500,CALIFORNIA CAREER COLLEGE               ,CA,91303-2006,Proprietary  ,6,47,53,29,95,124
03980300,CALIFORNIA STATE UNIVERSITY CHANNEL ISLA,CA,93012-8599,Public       ,378,564,942,5649,2271,7920
03995300,UNIVERSITY OF EAST-WEST MEDICINE        ,CA,94087-6106,Proprietary  ,0,19,19,9,40,49
03999300,BEAUMONT ADULT SCHOOL                   ,CA,92223-1927,Public       ,12,38,50,22,93,115
04001300,PALACE BEAUTY COLLEGE                   ,CA,90006-4233,Proprietary  ,4,30,34,37,56,93
04001400,MOJAVE BARBER COLLEGE                   ,CA,92395-3201,Proprietary  ,8,35,43,14,49,63
04003300,CSI CAREER COLLEGE                      ,CA,95687-3100,Proprietary  ,52,179,231,102,333,435
04004300,THUY PRINCESS BEAUTY COLLEGE            ,CA,91766-0000,Proprietary  ,2,4,6,9,8,17
04005300,INTERAMERICAN COLLEGE                   ,CA,91950-4437,Proprietary  ,4,81,85,14,195,209
04014400,PALLADIUM TECHNICAL ACADEMY             ,CA,91731-2429,Proprietary  ,4,32,36,7,39,46
04023400,PROTEUS                                 ,CA,93291-3014,Private      ,1,9,10,7,37,44
04037300,LOS ANGELES FILM SCHOOL (THE)           ,CA,90028-7300,Proprietary  ,405,605,1010,1001,1269,2270
04049300,MAXINE WATERS EMPLOYMENT PREPARATION CEN,CA,90059-1023,Public       ,6,44,50,31,97,128
04056300,CAREER COLLEGE OF CALIFORNIA            ,CA,92705-5805,Proprietary  ,17,70,87,41,123,164
04057300,TECHSKILLS OF CALIFORNIA                ,CA,95815-4025,Proprietary  ,23,282,305,75,381,456
04076400,GNOMON SCHOOL OF VISUAL EFFECTS         ,CA,90038-2616,Proprietary  ,18,62,80,63,128,191
04092300,COASTLINE BEAUTY COLLEGE                ,CA,92708-3847,Proprietary  ,4,44,48,20,64,84
04092400,MAKE-UP DESIGNORY                       ,CA,91502-1322,Proprietary  ,77,115,192,209,269,478
04100400,TAFT UNIVERSITY SYSTEM (THE)            ,CA,92704-6954,Proprietary  ,0,126,126,1,296,297
04109300,ACADEMY OF BARBERING ARTS (THE)         ,CA,91324-3406,Proprietary  ,19,24,43,54,59,113
04111300,WEST HILLS COLLEGE LEMOORE              ,CA,93245-9248,Public       ,357,897,1254,1559,2128,3687
04114500,VALLEY COLLEGE OF MEDICAL CAREERS       ,CA,91304-2354,Proprietary  ,14,37,51,49,96,145
04115300,COACHELLA VALLEY BEAUTY COLLEGE         ,CA,92253-2051,Proprietary  ,9,30,39,33,49,82
04115600,MAYFIELD COLLEGE                        ,CA,92234-7014,Proprietary  ,34,121,155,62,199,261
04116000,VIDEO SYMPHONY ENTERTRAINING            ,CA,91502-3253,Proprietary  ,20,86,106,65,192,257
04118800,NEW YORK FILM ACADEMY                   ,CA,91608-1002,Proprietary  ,233,322,555,621,740,1361
04119200,CAREER COLLEGE CONSULTANTS              ,CA,90041-2088,Proprietary  ,11,45,56,19,67,86
04126400,CHAMPION INSTITUTE OF COSMETOLOGY       ,CA,92264-7458,Proprietary  ,5,20,25,19,33,52
04126500,COAST CAREER INSTITUTE                  ,CA,90015-3040,Proprietary  ,45,239,284,57,270,327
04127100,"UNIVERSITY OF CALIFORNIA, MERCED        ",CA,95343-5001,Public       ,189,135,324,11335,1831,13166
04127800,HEALTHY HAIR ACADEMY                    ,CA,90303-3137,Proprietary  ,14,36,50,21,69,90
04127900,TUI UNIVERSITY                          ,CA,90630-5023,Proprietary  ,9,866,875,20,1734,1754
04129700,INTERNATIONAL POLYTECHNIC INSTITUTE     ,CA,92231-1737,Private      ,5,12,17,8,14,22
04132300,INSTITUTE OF MEDICAL EDUCATION          ,CA,95113-2207,Proprietary  ,45,281,326,144,623,767
04132400,ACADEMY OF ESTHETICS AND COSMETOLOGY    ,CA,91342-3373,Proprietary  ,6,23,29,32,53,85
04132700,INFOTECH CAREER COLLEGE                 ,CA,90706-5579,Proprietary  ,30,106,136,40,139,179
04133000,BIOHEALTH COLLEGE                       ,CA,95134-2033,Proprietary  ,8,53,61,31,104,135
04134500,CAREER COLLEGE OF SAN DIEGO             ,CA,92102-3348,Proprietary  ,13,70,83,71,175,246
04134700,INTERNATL PROFESSIONAL SCHL OF BODYWORK ,CA,92123-1520,Proprietary  ,14,75,89,27,184,211
04137200,BORNER'S BARBER COLLEGE                 ,CA,90047-3856,Proprietary  ,7,9,16,22,28,50
04138700,CAO INSTITUTE OF AESTHETICS (THE)       ,CA,91801-3903,Proprietary  ,23,53,76,47,75,122
04140500,HORIZON COLLEGE SAN DIEGO               ,CA,92131-9906,Private      ,3,21,24,23,51,74
04140600,MODERN INSTITUTE OF TECHNOLOGY          ,CA,93036-1387,Proprietary  ,7,10,17,16,24,40
04141300,SAN FRANCISCO INSTITUTE OF ESTHETICS    ,CA,94103-4083,Proprietary  ,33,72,105,85,155,240
04141400,LAURUS COLLEGE                          ,CA,93401-5405,Proprietary  ,22,168,190,36,197,233
04141700,HEALING HANDS SCHOOL OF HOLISTIC HEALTH ,CA,92025-1722,Proprietary  ,8,38,46,15,86,101
04142500,TOURO COLLEGE LOS ANGELES               ,CA,90046-4506,Private      ,9,7,16,53,19,72
04142600,TOURO UNIVERSITY                        ,CA,94592-1118,Private      ,4,984,988,26,2449,2475
04143800,WOODLAND COMMUNITY COLLEGE              ,CA,95776-5156,Public       ,212,349,561,1032,1158,2190
04144200,CAREER DEVELOPMENT INSTITUTE            ,CA,90035-4364,Proprietary  ,3,42,45,11,75,86
04145000,SAN DIEGO CULINARY INSTITUTE            ,CA,91941-6435,Proprietary  ,36,106,142,192,259,451
04145600,INTERNATIONAL COLLEGE OF COSMETOLOGY    ,CA,94601-3525,Proprietary  ,4,48,52,21,85,106
04146000,NATIONAL CAREER COLLEGE                 ,CA,91605-1400,Proprietary  ,2,19,21,11,30,41
04148200,BEYOND 21ST CENTURY BEAUTY ACADEMY      ,CA,90670-6316,Proprietary  ,8,19,27,14,33,47
04148900,N CALIF INSTITUTE OF COSMETOLOGY        ,CA,94577-2820,Proprietary  ,0,16,16,1,31,32
04149700,HOMESTEAD SCHOOLS                       ,CA,90505-5945,Private      ,14,71,85,22,105,127
04150000,CENTRAL NURSING COLLEGE                 ,CA,90010-2444,Proprietary  ,19,75,94,101,162,263
04150100,GOLDEN STATE COLLEGE OF COURT REPORTING ,CA,94568-2948,Proprietary  ,4,29,33,7,51,58
04150300,RWM FIBER OPTICS                        ,CA,90746-1051,Proprietary  ,1,19,20,4,27,31
04150500,"PREFERRED COLLEGE OF NURSING, LOS ANGELE",CA,90010-2202,Proprietary  ,17,47,64,76,148,224
04152800,CALIFORNIA ACADEMY (THE) - A PAUL MITCHE,CA,95825-2276,Proprietary  ,51,115,166,185,270,455
04153900,PROVIDENCE CHRISTIAN COLLEGE            ,CA,91104-2635,Private      ,14,7,21,65,21,86
04154300,AMERICANA COLLEGE                       ,CA,90029-3765,Proprietary  ,2,9,11,18,26,44
04154400,FRANKLIN CAREER COLLEGE                 ,CA,91761-1522,Proprietary  ,9,59,68,11,68,79
04155500,"ACADEMY FOR JEWISH RELIGION, CALIFORNIA ",CA,90024-3234,Private      ,4,24,28,10,47,57
04156100,DIOR SCHOOL OF COSMETOLOGY              ,CA,95355-9695,Proprietary  ,10,35,45,71,84,155
04158200,PAUL MITCHELL THE SCHOOL SHERMAN OAKS   ,CA,91403-5882,Proprietary  ,45,83,128,128,161,289
04158700,HOLLYWOOD BEAUTY COLLEGE                ,CA,95210-3514,Proprietary  ,7,29,36,54,78,132
04159600,GALAXY MEDICAL COLLEGE                  ,CA,91606-1593,Proprietary  ,9,14,23,9,14,23
04159700,AMERICAN MEDICAL SCIENCES CENTER        ,CA,91204-5108,Proprietary  ,17,19,36,44,52,96
04160100,TRINITY VOCATIONAL CENTER               ,CA,90248-4334,Proprietary  ,25,88,113,32,104,136
04160400,ANGELES COLLEGE OF NURSING              ,CA,90010-2100,Proprietary  ,30,126,156,244,313,557
04161700,SHASTA SCHOOL OF COSMETOLOGY            ,CA,96003-0000,Proprietary  ,14,39,53,43,79,122
04161800,BRANDMAN UNIVERSITY                     ,CA,92618-3801,Private      ,73,1575,1648,255,4057,4312
04162800,S.I.C.E PAUL MITCHELL PARTNER SCHOOL    ,CA,95350-1440,Proprietary  ,60,78,138,169,169,338
04163400,COSMO BEAUTY ACADEMY                    ,CA,95605-1904,Proprietary  ,26,81,107,120,184,304
04163900,L.A. BARBER COLLEGE                     ,CA,90013-1121,Proprietary  ,8,32,40,32,56,88
04164400,ANGELES INSTITUTE                       ,CA,90712-2903,Proprietary  ,15,68,83,34,95,129
04165900,PAUL MITCHELL THE SCHOOL FRESNO         ,CA,93710-7617,Proprietary  ,39,72,111,160,160,320
04167000,ESTHETIQUES COSMETOLOGY INSTITUTE       ,CA,92591-4663,Proprietary  ,41,56,97,93,100,193
04169200,TRAMY BEAUTY SCHOOL                     ,CA,92115-6347,Proprietary  ,6,9,15,28,30,58
04169700,UNITEK COLLEGE                          ,CA,94538-3185,Proprietary  ,57,263,320,108,485,593
04169800,GURNICK ACADEMY OF MEDICAL ARTS         ,CA,94403-1849,Proprietary  ,40,318,358,129,683,812
04172000,SOUTHERN CALIFORNIA UNIVERSITY SOMA     ,CA,90017-2211,Proprietary  ,14,24,38,71,91,162
04173400,SANTA ANA BEAUTY ACADEMY                ,CA,92705-7820,Proprietary  ,1,6,7,23,16,39
04173500,MORENO VALLEY COLLEGE                   ,CA,92551-2204,Public       ,207,390,597,207,390,597
04175200,PAUL MITCHELL THE SCHOOL EAST BAY       ,CA,94523-5515,Proprietary  ,39,59,98,101,118,219
04175400,ELITE COSMETOLOGY SCHOOL                ,CA,92284-2860,Proprietary  ,10,39,49,22,65,87
04176100,NORCO COLLEGE                           ,CA,92860-2600,Public       ,191,255,446,191,255,446
04176200,TWIN RIVERS ADULT SCHOOL                ,CA,95660-5523,Public       ,14,212,226,19,264,283
04176300,BERGIN UNIVERSITY OF CANINE STUDIES     ,CA,95407-6834,Private      ,7,17,24,25,45,70
04177200,REAL BARBERS COLLEGE (THE)              ,CA,92805-2533,Proprietary  ,6,16,22,13,28,41
04178900,HANDS-ON MEDICAL MASSAGE SCHOOL         ,CA,92373-6271,Proprietary  ,6,14,20,18,42,60
04180000,CINTA AVEDA INSTITUTE                   ,CA,94108-3204,Proprietary  ,29,87,116,62,154,216
04181200,IPPT CAREER SCHOOL                      ,CA,91601-2028,Proprietary  ,4,68,72,7,77,84
04185200,SALINAS BEAUTY COLLEGE                  ,CA,93901-2405,Proprietary  ,3,11,14,14,15,29
04185700,ACADEMY FOR SALON PROFESSIONALS (THE)   ,CA,95050-4057,Proprietary  ,14,38,52,14,39,53
04189800,ACADEMY FOR SALON PROFESSIONALS         ,CA,91304-2305,Proprietary  ,12,24,36,14,26,40
00184600,BRIAR CLIFF UNIVERSITY                  ,IA,51104-2100,Private      ,194,177,371,1148,417,1565
00184700,BUENA VISTA UNIVERSITY                  ,IA,50588-9987,Private      ,456,829,1285,1470,1519,2989
00184800,SOUTHEASTERN COMMUNITY COLLEGE          ,IA,52655-0000,Public       ,346,647,993,870,1375,2245
00185000,CENTRAL COLLEGE                         ,IA,50219-1999,Private      ,466,46,512,2330,131,2461
00185200,CLARKE UNIVERSITY                       ,IA,52001-3198,Private      ,228,211,439,993,456,1449
00185400,COE COLLEGE                             ,IA,52402-5092,Private      ,231,66,297,2067,218,2285
00185500,DES MOINES UNIV-OSTEOPATHIC MED CTR     ,IA,50312-0000,Private      ,0,789,789,13,1665,1678
00185600,CORNELL COLLEGE                         ,IA,52314-1098,Private      ,163,16,179,1944,97,2041
00185700,SOUTHWESTERN COMMUNITY COLLEGE          ,IA,50801-1098,Public       ,185,300,485,521,553,1074
00185800,DIVINE WORD COLLEGE                     ,IA,52045-0380,Private      ,2,1,3,8,5,13
00185900,DORDT COLLEGE                           ,IA,51250-1697,Private      ,287,34,321,1484,84,1568
00186000,DRAKE UNIVERSITY                        ,IA,50311-4505,Private      ,360,606,966,4593,2053,6646
00186200,ELLSWORTH COMMUNITY COLLEGE             ,IA,50126-1199,Public       ,232,141,373,622,257,879
00186400,IOWA LAKES COMMUNITY COLLEGE            ,IA,51334-2234,Public       ,330,462,792,1028,911,1939
00186500,IOWA CENTRAL COMMUNITY COLLEGE          ,IA,50501-0000,Public       ,724,1030,1754,2041,2165,4206
00186600,GRACELAND UNIVERSITY                    ,IA,50140-1699,Private      ,365,535,900,1005,1029,2034
00186700,GRAND VIEW UNIVERSITY                   ,IA,50316-1599,Private      ,502,437,939,1938,1158,3096
00186800,GRINNELL COLLEGE                        ,IA,50112-1690,Private      ,115,10,125,2149,56,2205
00186900,IOWA STATE UNIV SCIENCE & TECHNOLOG     ,IA,50011-2028,Public       ,1935,1185,3120,21842,5301,27143
00187100,IOWA WESLEYAN COLLEGE                   ,IA,52641-1398,Private      ,237,139,376,746,316,1062
00187300,LORAS COLLEGE                           ,IA,52004-0178,Private      ,388,66,454,1832,141,1973
00187400,LUTHER COLLEGE                          ,IA,52101-1045,Private      ,430,20,450,3242,89,3331
00187500,MARSHALLTOWN COMMUNITY COLLEGE          ,IA,50158-4760,Public       ,225,370,595,581,786,1367
00187700,NORTH IOWA AREA COMMUNITY COLLEGE       ,IA,50401-7299,Public       ,385,442,827,1127,902,2029
00187900,MORNINGSIDE COLLEGE                     ,IA,51106-1751,Private      ,227,199,426,1832,419,2251
00188000,MOUNT MERCY UNIVERSITY                  ,IA,52402-4797,Private      ,310,433,743,947,783,1730
00188100,ASHFORD UNIVERSITY                      ,IA,52732-3910,Proprietary  ,1070,38773,39843,2468,71273,73741
00188300,NORTHWESTERN COLLEGE                    ,IA,51041-1996,Private      ,375,51,426,1523,112,1635
00188700,SIMPSON COLLEGE                         ,IA,50125-1297,Private      ,538,254,792,2076,485,2561
00188900,ST AMBROSE UNIVERSITY                   ,IA,52803-2898,Private      ,473,402,875,2664,1028,3692
00189000,UNIVERSITY OF NORTHERN IOWA             ,IA,50614-0002,Public       ,2468,1090,3558,9756,2477,12233
00189100,UNIVERSITY OF DUBUQUE                   ,IA,52001-5099,Private      ,470,277,747,1777,594,2371
00189200,UNIVERSITY OF IOWA                      ,IA,52242-1316,Public       ,3086,2764,5850,19074,9044,28118
00189300,UPPER IOWA UNIVERSITY                   ,IA,52142-9206,Private      ,389,1671,2060,1271,3293,4564
00189500,WALDORF COLLEGE                         ,IA,50436-1700,Proprietary  ,213,147,360,722,264,986
00189600,WARTBURG COLLEGE                        ,IA,50677-2200,Private      ,356,22,378,2387,96,2483
00189700,WARTBURG THEOLOGICAL SEMINARY           ,IA,52004-5004,Private      ,0,60,60,1,111,112
00190000,WILLIAM PENN UNIVERSITY                 ,IA,52577-1799,Private      ,439,539,978,1113,1008,2121
00396300,AIB COLLEGE OF BUSINESS                 ,IA,50321-1799,Private      ,143,228,371,514,602,1116
00407500,ESTRN IOWA COMMUNITY COLLEGE DIST       ,IA,52801-1221,Public       ,41,132,173,103,304,407
00407501,CLINTON COMMUNITY COLLEGE               ,IA,52732-0000,Public       ,155,314,469,333,650,983
00407502,MUSCATINE COMMUNITY COLLEGE             ,IA,52761-0000,Public       ,147,248,395,405,504,909
00407503,SCOTT COMMUNITY COLLEGE                 ,IA,52722-0000,Public       ,503,1155,1658,1039,2249,3288
00407600,KIRKWOOD COMMUNITY COLLEGE              ,IA,52406-2068,Public       ,2302,3030,5332,5722,5933,11655
00423300,MERCY/ST. LUKE'S SCH RAD TECH           ,IA,52402-0000,Private      ,3,11,14,18,21,39
00458600,KAPLAN UNIVERSITY                       ,IA,52807-2095,Proprietary  ,1277,30528,31805,2127,52440,54567
00458604,KAPLAN UNIVERSITY - CEDAR RAPIDS        ,IA,52404-2998,Proprietary  ,77,801,878,123,1422,1545
00458605,KAPLAN UNIVERSITY - DES MOINES          ,IA,50323-5702,Proprietary  ,95,804,899,157,1454,1611
00458606,KAPLAN UNIVERSITY - MASON CITY          ,IA,50401-4665,Proprietary  ,33,306,339,41,504,545
00458607,KAPLAN UNIVERSITY - CEDAR FALLS         ,IA,50613-6309,Proprietary  ,61,409,470,116,921,1037
00458610,KAPLAN UNIVERSITY - COUNCIL BLUFFS      ,IA,51503-5289,Proprietary  ,25,235,260,49,534,583
00458700,NORTHEAST IOWA COMMUNITY COLLEGE        ,IA,52132-0400,Public       ,207,261,468,537,585,1122
00458701,NORTHEAST IOWA COMMUNITY COLLEGE        ,IA,52068-0000,Public       ,341,520,861,802,1030,1832
00459500,HAWKEYE COMMUNITY COLLEGE               ,IA,50701-0000,Public       ,1059,1015,2074,2548,2120,4668
00459800,IOWA WESTERN CMTY CLG-COUNCIL BLUFF     ,IA,51502-0000,Public       ,1124,1185,2309,2665,2453,5118
00460000,NORTHWEST IOWA COMMUNITY COLLEGE        ,IA,51201-1046,Public       ,182,210,392,497,412,909
00626700,IOWA METHODIST MEDICAL CENTER SCHOOLS   ,IA,50309-1499,Private      ,9,30,39,22,59,81
00627300,MERCY COLLEGE OF HEALTH SCIENCES        ,IA,50309-1239,Private      ,159,390,549,419,762,1181
00712000,DES MOINES AREA CMTY COLLEGE            ,IA,50021-0000,Public       ,2271,4056,6327,5348,8293,13641
00712100,FAITH BAPTIST BIBLE CLG & THEOL SEM     ,IA,50021-0000,Private      ,127,13,140,301,39,340
00729100,ST LUKE'S COLLEGE                       ,IA,51104-0263,Private      ,34,46,80,103,112,215
00731600,WESTERN IOWA TECH COMMUNITY COLLEGE     ,IA,51106-0000,Public       ,665,1242,1907,1510,2478,3988
00758800,CAPRI COLLEGE                           ,IA,52004-0873,Proprietary  ,41,40,81,85,83,168
00761100,EQ SCHOOL OF HAIR DESIGN                ,IA,51503-0813,Proprietary  ,15,14,29,27,31,58
00765600,AMERICAN COLLEGE OF HARISTYLING -CR     ,IA,52402-0000,Proprietary  ,2,14,16,4,24,28
00765800,AMER COLL OF HAIRSTYLING-DES MOINES     ,IA,50309-5446,Proprietary  ,1,15,16,5,28,33
00765900,LA JAMES COLLEGE OF HAIRSTYLING         ,IA,50401-3308,Proprietary  ,32,15,47,62,37,99
00771700,CAPRI COLLEGE                           ,IA,52807-2622,Proprietary  ,38,60,98,83,124,207
00794100,COLLEGE OF HAIR DESIGN                  ,IA,50703-1834,Proprietary  ,11,14,25,15,23,38
00826000,IOWA SCHOOL OF BEAUTY INC               ,IA,50322-0000,Proprietary  ,38,120,158,69,210,279
00840300,INDIAN HILLS COMMUNITY COLLEGE          ,IA,52501-1398,Public       ,538,817,1355,1309,1751,3060
00840301,INDIAN HILLS COMMUNITY COLLEGE          ,IA,52544-0000,Public       ,68,116,184,182,238,420
00842400,LA JAMES INTERNATIONAL COLLEGE          ,IA,50501-5577,Proprietary  ,26,25,51,67,67,134
00959300,LA'JAMES COLLEGE OF HAIRSTYLING         ,IA,52240-0000,Proprietary  ,24,25,49,50,51,101
01111300,MAHARISHI UNIV OF MANAGEMENT            ,IA,52557-0001,Private      ,72,183,255,161,356,517
01206400,HAMILTON TECHNICAL COLLEGE              ,IA,52807-2653,Proprietary  ,32,116,148,61,185,246
01230000,PALMER COLLEGE OF CHIROPRACTIC          ,IA,52803-5287,Private      ,23,820,843,75,1940,2015
01300600,LA' JAMES INTERNATIONAL COLLEGE-CF      ,IA,50613-5242,Proprietary  ,33,31,64,55,56,111
02090300,CAPRI COLLEGE                           ,IA,52404-0000,Proprietary  ,42,65,107,90,127,217
02134500,LA JAMES INTERNATIONAL COLLEGE - DAV    ,IA,52806-3952,Proprietary  ,4,28,32,17,70,87
02160900,"SALON PROFESSIONAL ACADEMY, THE         ",IA,50010-0000,Proprietary  ,42,27,69,87,54,141
02262500,FAUST INSTITUTE OF COSMETOLOGY          ,IA,50588-0000,Proprietary  ,14,22,36,19,31,50
02274100,LA' JAMES INTERNATIONAL COLLEGE - DM    ,IA,50131-0000,Proprietary  ,34,62,96,65,103,168
02289000,AMERICAN HAIR ACADEMY                   ,IA,52627-4530,Proprietary  ,5,18,23,16,37,53
02306900,IOWA SCHOOL OF BEAUTY                   ,IA,52501-0000,Proprietary  ,14,32,46,19,41,60
02328900,EMMAUS BIBLE COLLEGE                    ,IA,52001-0000,Private      ,80,26,106,219,36,255
02330900,IOWA SCHOOL OF BEAUTY                   ,IA,50158-0000,Proprietary  ,9,18,27,12,29,41
02609200,VATTEROTT COLLEGE                       ,IA,50321-4704,Proprietary  ,42,222,264,85,597,682
03069100,ALLEN COLLEGE                           ,IA,50703-1916,Private      ,62,145,207,295,360,655
03441300,IOWA SCHOOL OF BEAUTY                   ,IA,51106-5111,Proprietary  ,8,37,45,22,69,91
03607400,TOTAL LOOK SCHOOL OF COSMETOLOGY AND MAS,IA,52136-1053,Proprietary  ,3,2,5,7,3,10
03720300,CARLSON COLLEGE OF MASSAGE THERAPY      ,IA,52205-7519,Proprietary  ,4,9,13,8,15,23
04051313,ART INSTITUTE OF PHOENIX (THE) - BROWN M,IA,52722-3628,Proprietary  ,14,105,119,31,183,214
04089300,BIO-CHI INSTITUTE OF MASSAGE THERAPY    ,IA,51103-2138,Proprietary  ,6,13,19,10,22,32
04177800,SALON PROFESSIONAL ACADEMY (THE)        ,IA,52240-6083,Proprietary  ,16,16,32,16,16,32
00259600,ATLANTIC COMMUNITY COLLEGE              ,NJ,08330-2699,Public       ,1898,2145,4043,3127,3482,6609
00259700,BLOOMFIELD COLLEGE                      ,NJ,07003-3425,Private      ,866,631,1497,3045,1463,4508
00259800,CALDWELL COLLEGE                        ,NJ,07006-6195,Private      ,457,463,920,1684,932,2616
00259900,CENTENARY COLLEGE                       ,NJ,07840-2184,Private      ,460,363,823,1683,695,2378
00260000,COLLEGE OF SAINT ELIZABETH              ,NJ,07960-6989,Private      ,237,295,532,788,578,1366
00260100,CUMBERLAND COUNTY COLLEGE               ,NJ,08362-0517,Public       ,1214,1558,2772,1881,2527,4408
00260300,DREW UNIVERSITY                         ,NJ,07940-4063,Private      ,374,211,585,3719,687,4406
00260700,FAIRLEIGH DICKINSON UNIV-TEANECK        ,NJ,07666-1996,Private      ,666,879,1545,4121,2012,6133
00260701,FAIRLEIGH DICKINSON UNIV-FLORHAM        ,NJ,07940-0000,Private      ,296,189,485,2829,525,3354
00260702,FAIRLEIGH DICKINSON UNIV-ED WMS CLG     ,NJ,07601-0000,Private      ,71,105,176,245,199,444
00260703,FAIRLEIGH DICKINSON UNIVERSITY          ,NJ,07940-0000,Private      ,325,328,653,2145,796,2941
00260800,GEORGIAN COURT UNIVERSITY               ,NJ,08701-2697,Private      ,557,666,1223,1447,1195,2642
00260900,ROWAN UNIVERSITY                        ,NJ,08028-1702,Public       ,3379,1748,5127,12872,3683,16555
00261000,FELICIAN COLLEGE                        ,NJ,07644-2198,Private      ,678,674,1352,2062,1217,3279
00261300,NEW JERSEY CITY UNIVERSITY              ,NJ,07305-1597,Public       ,1887,2711,4598,4447,4787,9234
00261500,MIDDLESEX COUNTY COLLEGE                ,NJ,08818-3050,Public       ,2809,2175,4984,5235,3966,9201
00261600,MONMOUTH UNIVERSITY                     ,NJ,07764-1898,Private      ,1457,997,2454,7372,2146,9518
00261700,MONTCLAIR STATE UNIVERSITY              ,NJ,07043-9987,Public       ,4135,2982,7117,16651,6441,23092
00261900,NEW BRUNSWICK THEOLOGICAL SEMINARY      ,NJ,08901-0000,Private      ,4,68,72,22,119,141
00262100,NEW JERSEY INST OF TECHNOLOGY           ,NJ,07102-1982,Public       ,1569,1315,2884,5488,2623,8111
00262200,KEAN UNIVERSITY                         ,NJ,07083-7131,Public       ,4197,3798,7995,12134,7723,19857
00262400,OCEAN COUNTY COLLEGE                    ,NJ,08754-2001,Public       ,2327,1714,4041,4151,2983,7134
00262500,WILLIAM PATERSON UNIVERSITY             ,NJ,07470-2152,Public       ,3377,2112,5489,10270,4134,14404
00262600,PRINCETON THEOLOGICAL SEMINARY          ,NJ,08542-0000,Private      ,0,249,249,19,608,627
00262700,PRINCETON UNIVERSITY                    ,NJ,08544-0001,Private      ,1454,227,1681,16758,1686,18444
00262800,RIDER UNIVERSITY                        ,NJ,08648-3099,Private      ,886,485,1371,7424,1445,8869
00262900,"RUTGERS, THE STATE UNIVERSITY OF NJ     ",NJ,08901-1281,Public       ,9244,7223,16467,43175,20444,63619
00263200,SETON HALL UNIVERSITY                   ,NJ,07079-2697,Private      ,855,993,1848,7753,3363,11116
00263201,SETON HALL UNIVERSITY - SCHOOL OF LAW   ,NJ,07079-5210,Private      ,29,388,417,175,2014,2189
00263800,ST PETER'S COLLEGE                      ,NJ,07306-5997,Private      ,930,512,1442,2649,992,3641
00263900,STEVENS INSTITUTE OF TECHNOLOGY         ,NJ,07030-5370,Private      ,714,278,992,3697,569,4266
00264200,COLLEGE OF NEW JERSEY (THE)             ,NJ,08628-0718,Public       ,1398,452,1850,10948,1191,12139
00264300,UNION COUNTY COLLEGE                    ,NJ,07016-1598,Public       ,2180,3407,5587,3593,5614,9207
00473600,BERGEN COMMUNITY COLLEGE                ,NJ,07652-1595,Public       ,3425,2495,5920,6460,4417,10877
00474000,MERCER COUNTY COMMUNITY COLLEGE         ,NJ,08690-0000,Public       ,1379,1815,3194,2439,3233,5672
00539900,MONMOUTH COUNTY VOCATIONAL SCH DIST     ,NJ,07728-5033,Public       ,30,70,100,84,100,184
00545200,TETERBORO SCH OF AERONAUTICS            ,NJ,07608-1083,Proprietary  ,39,36,75,51,44,95
00546000,SOMERSET COUNTY TECHNICAL INSTITUTE     ,NJ,08807-0350,Public       ,6,11,17,11,22,33
00546100,SALEM COMMUNITY COLLEGE                 ,NJ,08069-2799,Public       ,285,351,636,487,576,1063
00641700,HOLY NAME HOSPITAL SCH OF NURSING       ,NJ,07666-4254,Private      ,31,95,126,74,185,259
00642000,MOUNTAINSIDE HOSP SCH NRSG              ,NJ,07042-4898,Proprietary  ,8,34,42,16,53,69
00642100,MUHLENBERG SNYDER SCHOOLS               ,NJ,07061-3399,Private      ,58,273,331,106,431,537
00642900,ST FRANCIS MEDICAL CTR SCH NURSING      ,NJ,08629-1986,Private      ,12,37,49,29,62,91
00642902,ST FRANCIS MED CTR RAD TECH             ,NJ,08629-0000,Private      ,3,7,10,6,16,22
00686500,CAMDEN COUNTY COLLEGE                   ,NJ,08012-3240,Public       ,2814,3545,6359,5176,6641,11817
00690100,GLOUCESTER COUNTY COLLEGE               ,NJ,08080-4249,Public       ,1426,1250,2676,2701,2210,4911
00710700,ESSEX COUNTY COLLEGE                    ,NJ,07102-1798,Public       ,2281,3323,5604,4300,6666,10966
00750200,BERKELEY COLLEGE                        ,NJ,07424-3367,Proprietary  ,545,574,1119,1249,1258,2507
00750201,BERKELEY COLLEGE                        ,NJ,07095-0000,Proprietary  ,353,358,711,719,763,1482
00750202,BERKELEY COLLEGE - PARAMUS              ,NJ,07652-2931,Proprietary  ,234,304,538,504,606,1110
00750600,LINCOLN TECHNICAL INSTITUTE             ,NJ,07083-5032,Proprietary  ,233,234,467,368,326,694
00750601,LINCOLN TECHNICAL INSTITUTE             ,NJ,07430-0000,Proprietary  ,237,194,431,330,250,580
00759300,PARISIAN BEAUTY ACADEMY                 ,NJ,07601-5509,Proprietary  ,24,43,67,43,63,106
00772900,COUNTY COLLEGE OF MORRIS                ,NJ,07869-0000,Public       ,1398,908,2306,2959,1571,4530
00773000,BURLINGTON COUNTY COLLEGE               ,NJ,08068-1599,Public       ,1782,2053,3835,3407,3765,7172
00773100,RARITAN VALLEY COMMUNITY COLLEGE        ,NJ,08876-1265,Public       ,1150,945,2095,2120,1596,3716
00780401,STAR CAREER ACADEMY - STAR LAKEWOOD     ,NJ,08701-5900,Proprietary  ,55,165,220,68,242,310
00780402,STAR CAREER ACADEMY - STAR EGG HARBOR   ,NJ,08234-4863,Proprietary  ,17,121,138,28,163,191
00794700,BETH MEDRASH GOVOHA OF AMERICA          ,NJ,08701-0000,Private      ,52,740,792,56,749,805
00840400,BROOKDALE COMMUNITY COLLEGE             ,NJ,07738-1597,Public       ,2574,1813,4387,4724,3065,7789
00844101,ANTHEM INSTITUTE                        ,NJ,08002-0000,Proprietary  ,7,49,56,25,117,142
00849400,HO HO KUS SCHL OF TRADE & TECH SCIENCES ,NJ,07513-1402,Proprietary  ,32,52,84,55,94,149
00860900,RABBINICAL COLLEGE OF AMERICA           ,NJ,07960-3600,Private      ,11,0,11,15,3,18
00907800,CAPRI INSTITUTE OF HAIR DESIGN          ,NJ,07011-2111,Proprietary  ,31,77,108,43,93,136
00934400,RAMAPO COLLEGE OF NEW JERSEY            ,NJ,07430-1680,Public       ,1435,449,1884,6403,1031,7434
00934500,RICHARD STOCKTON COLLEGE OF NJ          ,NJ,08240-0195,Public       ,2204,1204,3408,8476,2730,11206
00982804,EVEREST INSTITUTE - SOUTH PLAINFIELD    ,NJ,07080-1125,Proprietary  ,88,200,288,114,301,415
00999400,PASSAIC COUNTY COMMUNITY COLLEGE        ,NJ,07505-1179,Public       ,1701,2451,4152,2643,3611,6254
01039400,UNIV OF MEDICINE & DENTISTRY OF NJ      ,NJ,07107-0000,Public       ,105,2271,2376,240,4450,4690
01062900,P B COSMETOLOGY EDUCATION CENTRE        ,NJ,08030-1750,Proprietary  ,37,42,79,49,53,102
01085100,ANTHEM INSTITUTE                        ,NJ,07054-3409,Proprietary  ,128,220,348,212,385,597
01085101,ANTHEM INSTITUTE                        ,NJ,07306-0000,Proprietary  ,13,54,67,28,102,130
01085102,ANTHEM INSTITUTE                        ,NJ,08902-0000,Proprietary  ,15,41,56,22,75,97
01090300,RIZZIERI INSTITUTE                      ,NJ,08043-4600,Proprietary  ,42,53,95,71,91,162
01152300,MORRIS COUNTY SCHOOL OF TECHNOLOGY      ,NJ,07834-0000,Public       ,24,29,53,37,47,84
01170800,NATURAL MOTION INST OF HAIR DESIGN      ,NJ,07306-5496,Proprietary  ,12,40,52,22,55,77
01198900,TALMUDICAL ACADEMY                      ,NJ,07710-0000,Private      ,21,3,24,21,5,26
01209000,REIGNBOW BEAUTY ACADEMY                 ,NJ,08861-4118,Proprietary  ,21,49,70,23,54,77
01234600,DOVER BUSINESS COLLEGE                  ,NJ,07011-2161,Proprietary  ,151,385,536,238,615,853
01234602,DOVER BUSINESS COLLEGE                  ,NJ,07801-4643,Proprietary  ,69,193,262,84,263,347
01246100,LINCOLN TECHNICAL INSTITUTE             ,NJ,08820-2896,Proprietary  ,153,357,510,263,645,908
01246102,LINCOLN TECHNICAL INSTITUTE             ,NJ,08057-3212,Proprietary  ,110,420,530,163,660,823
01246103,LINCOLN TECHNICAL INSTITUTE             ,NJ,07652-2106,Proprietary  ,159,353,512,255,611,866
01246200,HOHOKUS - HACKENSACK SCHOOL OF BUSINESS ,NJ,07601-7197,Proprietary  ,51,182,233,78,274,352
01295400,HUDSON COUNTY COMMUNITY COLLEGE         ,NJ,07306-4012,Public       ,2135,3262,5397,3335,4857,8192
02053700,EASTWICK COLLEGE                        ,NJ,07446-0000,Proprietary  ,136,507,643,214,820,1034
02061800,ROMAN ACADEMY OF BEAUTY CULTURE         ,NJ,07506-0000,Proprietary  ,1,5,6,3,7,10
02092300,HOHOKUS SCHOOL - RETS/NUTLEY            ,NJ,07110-0000,Proprietary  ,38,161,199,70,245,315
02103700,CAPRI INSTITUTE OF HAIR DESIGN          ,NJ,07652-0000,Proprietary  ,14,25,39,26,38,64
02104000,HARRIS SCHOOL OF BUSINESS               ,NJ,08002-2983,Proprietary  ,83,386,469,108,529,637
02106601,AMERICAN INSTITUTE - CLIFTON            ,NJ,07011-2345,Proprietary  ,45,185,230,69,255,324
02131100,DU CRET SCHOOL OF THE ARTS              ,NJ,07060-0000,Private      ,9,3,12,17,16,33
02131600,PENNCO TECH                             ,NJ,08012-0000,Proprietary  ,151,305,456,178,368,546
02132300,BERDAN INSTITUTE                        ,NJ,07512-0000,Proprietary  ,127,247,374,149,290,439
02146800,JOE KUBERT SCH OF CARTOON & GRAPHIC     ,NJ,07801-0000,Proprietary  ,20,32,52,41,53,94
02149800,EMPIRE BEAUTY SCHOOL                    ,NJ,08021-0000,Proprietary  ,43,157,200,58,203,261
02149801,EMPIRE BEAUTY SCHOOL - BORDENTOWN       ,NJ,08505-1513,Proprietary  ,8,26,34,14,38,52
02154000,DIVERS ACAD OF EASTERN SEABOARD         ,NJ,08081-1139,Proprietary  ,22,44,66,38,88,126
02183600,CAPRI INSTITUTE OF HAIR DESIGN          ,NJ,07033-0000,Proprietary  ,22,40,62,33,54,87
02192200,THOMAS EDISON STATE COLLEGE             ,NJ,08608-0000,Public       ,140,2266,2406,337,4338,4675
02219600,OMEGA INSTITUTE                         ,NJ,08109-0000,Proprietary  ,18,68,86,19,96,115
02223700,NEW HORIZON INST OF COSMETOLOGY         ,NJ,07093-0000,Proprietary  ,5,33,38,7,43,50
02223900,DRAKE COLLEGE OF BUSINESS               ,NJ,07201-0000,Proprietary  ,56,436,492,77,576,653
02223902,DRAKE COLLEGE OF BUSINESS - NEWARK CAMPU,NJ,07112-2760,Proprietary  ,94,536,630,134,770,904
02232500,UNION COUNTY VOCATIONAL TECH INST       ,NJ,07076-0000,Public       ,25,36,61,37,56,93
02234600,SHORE BEAUTY SCHOOL                     ,NJ,08232-0000,Proprietary  ,19,60,79,26,88,114
02246000,ROSS UNIVERSITY - MEDICAL SCHOOL        ,NJ,08837-0000,Proprietary  ,9,1192,1201,18,3365,3383
02248600,COOPER HEALTH SYS-CTR ALLIED HEALTH     ,NJ,08103-0000,Private      ,19,58,77,44,130,174
02252700,CONCORDE SCHOOL OF HAIR DESIGN          ,NJ,07712-0000,Proprietary  ,42,97,139,58,133,191
02252701,CONCORDE SCHOOL OF HAIR DESIGN - BLOOMFI,NJ,07003-2517,Proprietary  ,10,14,24,21,28,49
02261800,EUROPEAN ACADEMY OF COSMETOLOGY         ,NJ,07083-0000,Proprietary  ,20,58,78,34,87,121
02265500,CAPRI INSTITUTE OF HAIR DESIGN          ,NJ,08724-0000,Proprietary  ,13,35,48,16,51,67
02277900,ROSS UNIV - SCH OF VETERINARY MED       ,NJ,08837-0000,Proprietary  ,2,265,267,7,1200,1207
02291000,LINCOLN TECHNICAL INSTITUTE             ,NJ,07080-2424,Proprietary  ,103,117,220,130,163,293
02312000,BERGEN COUNTY TECHNICAL SCHOOLS         ,NJ,07601-6110,Public       ,28,45,73,60,103,163
02344200,EMPIRE BEAUTY SCHOOL                    ,NJ,08002-0000,Proprietary  ,66,142,208,89,216,305
02503900,WARREN COUNTY COMMUNITY COLLEGE         ,NJ,07882-0000,Public       ,309,306,615,557,508,1065
02523700,OCEAN COUNTY VOCATIONAL-TECH SCHOOL     ,NJ,08753-0000,Public       ,112,128,240,151,247,398
02525900,ARTISTIC ACADEMY OF HAIR DESIGN         ,NJ,07950-1409,Proprietary  ,42,44,86,70,72,142
02528200,REIGNBOW BEAUTY ACADEMY                 ,NJ,07060-0000,Proprietary  ,6,11,17,8,16,24
02558700,PRISM CAREER INSTITUTE                  ,NJ,08037-0000,Proprietary  ,45,162,207,64,368,432
02568800,SUSSEX COUNTY COMMUNITY COLLEGE         ,NJ,07860-1149,Public       ,735,468,1203,1247,755,2002
02586900,HARRIS SCHOOL OF BUSINESS               ,NJ,08043-2604,Proprietary  ,27,189,216,37,273,310
02616402,SANFORD-BROWN INSTITUTE - ISELIN        ,NJ,08830-0000,Proprietary  ,132,364,496,189,554,743
03077500,RABBI JACOB JOSEPH SCHOOL               ,NJ,08817-4494,Private      ,13,1,14,13,1,14
03122600,EASTERN INTERNATIONAL COLLEGE           ,NJ,07306-3906,Proprietary  ,30,128,158,56,201,257
03187300,STENOTECH CAREER INSTITUTE              ,NJ,07004-3490,Proprietary  ,9,21,30,20,31,51
03197300,INSTITUTE FOR HEALTH EDUCATION(THE)     ,NJ,07306-2929,Proprietary  ,8,43,51,14,58,72
03324300,CENTRAL CAREER SCHOOL                   ,NJ,07080-2408,Proprietary  ,9,36,45,11,51,62
03380302,STAR CAREER ACADEMY - STAR NEWARK       ,NJ,07102-4510,Proprietary  ,42,145,187,48,217,265
03380303,STAR CAREER ACADEMY - STAR CLIFTON      ,NJ,07011-2248,Proprietary  ,19,102,121,37,170,207
03389300,ACADEMY OF MASSAGE THERAPY              ,NJ,07631-0000,Proprietary  ,7,40,47,18,60,78
03424500,NEW COMMUNITY WORKFORCE DEVELOPMENT     ,NJ,07103-2402,Private      ,16,171,187,21,240,261
03530300,"KEY SKILLS LEARNING, INC.               ",NJ,07013-1900,Proprietary  ,0,9,9,1,12,13
03536300,INSTITUTE FOR THERAPEUTIC MASSAGE       ,NJ,07420-1452,Proprietary  ,10,48,58,16,71,87
03625300,PERFORMANCE TRAINING INSTITUTE          ,NJ,08753-0000,Proprietary  ,20,328,348,30,571,601
03637300,METRO AUTO ELECTRONICS TRAINING INSTITUT,NJ,07033-1798,Proprietary  ,2,18,20,6,26,32
03650600,PC AGE                                  ,NJ,07306-3936,Proprietary  ,21,127,148,28,149,177
03650603,PC AGE                                  ,NJ,08817-2842,Proprietary  ,3,6,9,4,26,30
03666300,SOMERSET CHRISTIAN COLLEGE              ,NJ,08890-9035,Private      ,35,137,172,52,270,322
03803300,HEALTHCARE TRAINING INSTITUTE           ,NJ,07083-3504,Proprietary  ,25,129,154,38,216,254
03811300,EASTERN SCHOOL OF ACUPUNCTURE AND TRADIT,NJ,07042-3562,Proprietary  ,0,15,15,1,29,30
04081300,BAIS MEDRASH TORAS CHESED               ,NJ,08701-0000,Private      ,2,9,11,5,13,18
04123400,YESHIVAS BE'ER YITZCHOK                 ,NJ,07208-2380,Private      ,1,20,21,1,21,22
04125000,GENTLE HEALING SCHOOL OF MASSAGE        ,NJ,08512-3600,Proprietary  ,2,20,22,4,24,28
04131100,YESHIVA TORAS CHAIM                     ,NJ,08701-2120,Private      ,92,2,94,92,2,94
04131200,TOTAL IMAGE BEAUTY ACADEMY              ,NJ,07307-2943,Proprietary  ,4,13,17,7,17,24
04134100,CENTER FOR ALLIED HEALTH & NURSING EDUCA,NJ,07601-5801,Proprietary  ,49,567,616,78,988,1066
04136400,AMERICAN INSTITUTE OF MEDICAL SCIENCES &,NJ,07080-1183,Proprietary  ,24,88,112,28,120,148
04154500,STARTING POINTS FOR CHILDREN            ,NJ,07306-0001,Private      ,3,60,63,4,66,70
04154900,NATIONAL CAREER INSTITUTE               ,NJ,07018-2011,Proprietary  ,10,51,61,12,62,74
04173100,LAB PAUL MITCHELL PARTNER SCHOOL (THE)  ,NJ,08628-2500,Proprietary  ,24,24,48,35,44,79
04180300,MESIVTA KESER TORAH                     ,NJ,07719-2409,Private      ,0,0,0,0,2,2
04181400,BEST CARE TRAINING INSTITUTE            ,NJ,07018-1703,Proprietary  ,6,77,83,6,77,83
00266500,VAUGHN COLLEGE OF AERONAUTICS AND TECHNO,NY,11369-9997,Private      ,378,394,772,899,670,1569
00266600,ADELPHI UNIVERSITY                      ,NY,11530-4299,Private      ,978,1447,2425,7849,3842,11691
00266700,DOWLING COLLEGE                         ,NY,11769-1999,Private      ,621,615,1236,2332,1311,3643
00266800,ALFRED UNIVERSITY                       ,NY,14802-1205,Private      ,398,179,577,3412,607,4019
00266900,BANK STREET COLLEGE OF EDUCATION        ,NY,10025-0000,Private      ,0,390,390,2,785,787
00267100,BARD COLLEGE                            ,NY,12504-5000,Private      ,149,90,239,2771,681,3452
00267400,NEW YORK THEOLOGICAL SEMINARY           ,NY,10115-0002,Private      ,0,95,95,1,145,146
00267700,BROOKLYN LAW SCHOOL                     ,NY,11201-0000,Private      ,19,940,959,49,3346,3395
00267800,BRYANT & STRATTON COLLEGE               ,NY,14203-1713,Proprietary  ,1003,4483,5486,1866,10187,12053
00267803,BRYANT & STRATTON COLLEGE - GREECE      ,NY,14606-4227,Proprietary  ,90,350,440,203,870,1073
00267805,BRYANT & STRATTON COLLEGE - SYRACUSE    ,NY,13203-2502,Proprietary  ,201,479,680,457,1188,1645
00267807,BRYANT & STRATTON COLLEGE - ALBANY      ,NY,12205-5230,Proprietary  ,104,350,454,203,792,995
00268100,CANISIUS COLLEGE                        ,NY,14208-1098,Private      ,768,655,1423,4327,1570,5897
00268500,CAZENOVIA COLLEGE                       ,NY,13035-1085,Private      ,182,75,257,1815,209,2024
00268700,CUNY-BROOKLYN COLLEGE                   ,NY,11210-2814,Public       ,4254,4461,8715,15675,9620,25295
00268800,CITY COLLEGE-CUNY                       ,NY,10031-9198,Public       ,4444,3696,8140,18441,8702,27143
00268900,CUNY-HUNTER COLLEGE                     ,NY,10021-0000,Public       ,5037,4765,9802,25287,14012,39299
00269000,QUEENS COLLEGE-CUNY                     ,NY,11367-1597,Public       ,4108,3190,7298,15220,6786,22006
00269100,CUNY- BOROUGH OF MANHATTAN CMTY CLG     ,NY,10007-1047,Public       ,8777,6121,14898,20145,11681,31826
00269200,CUNY BRONX COMMUNITY COLLEGE            ,NY,10453-3102,Public       ,4521,4193,8714,9323,7365,16688
00269300,CUNY-JOHN JAY CLG CRIMINAL JUSTICE      ,NY,10019-1093,Public       ,4323,2860,7183,14115,6549,20664
00269400,KINGSBOROUGH COMMUNITY COLLEGE          ,NY,11235-2398,Public       ,4280,2926,7206,10004,5495,15499
00269600,NY CITY COLLEGE OF TECHNOLOGY-CUNY      ,NY,11201-2983,Public       ,4825,3375,8200,13605,6641,20246
00269700,QUEENSBOROUGH COMMUNITY COLLEGE         ,NY,11364-1497,Public       ,5530,2848,8378,11010,4961,15971
00269800,CUNY THE COLLEGE OF STATEN ISLAND       ,NY,10314-6600,Public       ,3163,1821,4984,9477,3929,13406
00269900,CLARKSON UNIVERSITY                     ,NY,13699-5615,Private      ,704,132,836,4819,427,5246
00270000,COLGATE ROCHESTER CROZER DIVINITY S     ,NY,14620-0000,Private      ,1,44,45,15,76,91
00270100,COLGATE UNIVERSITY                      ,NY,13346-1386,Private      ,253,11,264,4105,98,4203
00270300,COLLEGE OF MOUNT SAINT VINCENT          ,NY,10471-1093,Private      ,508,157,665,2419,398,2817
00270400,COLLEGE OF NEW ROCHELLE                 ,NY,10805-2339,Private      ,331,2440,2771,1036,3003,4039
00270500,COLLEGE OF SAINT ROSE                   ,NY,12203-1490,Private      ,741,743,1484,4631,1682,6313
00270700,COLUMBIA UNIVERSITY                     ,NY,10027-0000,Private      ,2145,4443,6588,22363,22020,44383
00270800,BARNARD COLLEGE-COLUMBIA UNIV           ,NY,10027-6598,Private      ,481,79,560,3971,289,4260
00270900,CONCORDIA COLLEGE                       ,NY,10708-1998,Private      ,208,168,376,784,332,1116
00271000,COOPER UNION                            ,NY,10003-7120,Private      ,193,64,257,1708,251,1959
00271100,CORNELL UNIVERSITY                      ,NY,14853-2801,Private      ,2999,1287,4286,26130,6499,32629
00271101,WEILL CORNELL MEDICAL COLLEGE AND GRADUA,NY,10021-0000,Private      ,1,175,176,19,646,665
00271200,D'YOUVILLE COLLEGE                      ,NY,14201-1084,Private      ,462,815,1277,1722,1803,3525
00271300,DOMINICAN COLLEGE                       ,NY,10962-1299,Private      ,572,355,927,1640,650,2290
00271800,ELMIRA COLLEGE                          ,NY,14901-2099,Private      ,322,172,494,2186,373,2559
00272200,FORDHAM UNIVERSITY                      ,NY,10458-5157,Private      ,2284,2429,4713,22249,8159,30408
00272600,GENERAL THEOLOGICAL SEMINARY            ,NY,10011-0000,Private      ,0,36,36,0,81,81
00272800,HAMILTON COLLEGE                        ,NY,13323-1218,Private      ,378,14,392,2962,60,3022
00272900,HARTWICK COLLEGE                        ,NY,13820-4020,Private      ,460,31,491,3808,179,3987
00273100,HOBART & WILLIAM SMITH COLLEGES         ,NY,14456-3397,Private      ,631,16,647,3344,86,3430
00273200,HOFSTRA UNIVERSITY                      ,NY,11549-1010,Private      ,1539,1711,3250,14391,5516,19907
00273400,HOUGHTON COLLEGE                        ,NY,14744-0128,Private      ,318,65,383,1446,152,1598
00273500,HILBERT COLLEGE                         ,NY,14075-1597,Private      ,264,111,375,1008,251,1259
00273700,IONA COLLEGE                            ,NY,10801-1890,Private      ,1227,512,1739,6832,1128,7960
00273900,ITHACA COLLEGE                          ,NY,14850-7130,Private      ,917,232,1149,13038,947,13985
00274000,JEWISH THEOLOGICAL SEMINARY OF AMER     ,NY,10027-4649,Private      ,8,25,33,138,169,307
00274200,THE JUILLIARD SCHOOL                    ,NY,10023-6588,Private      ,159,114,273,1299,674,1973
00274400,KEUKA COLLEGE                           ,NY,14478-0000,Private      ,288,439,727,1301,921,2222
00274800,LEMOYNE COLLEGE                         ,NY,13214-1399,Private      ,721,384,1105,4468,856,5324
00274900,NEW YORK COLLEGE OF PODIATRIC MED       ,NY,10035-1940,Private      ,7,142,149,35,377,412
00275100,LONG ISLAND UNIVERSITY                  ,NY,11548-1326,Private      ,2345,3487,5832,11283,7765,19048
00275800,MANHATTAN COLLEGE                       ,NY,10471-4098,Private      ,929,196,1125,5747,529,6276
00275900,MANHATTAN SCHOOL OF MUSIC               ,NY,10027-4689,Private      ,103,135,238,633,775,1408
00276000,MANHATTANVILLE COLLEGE                  ,NY,10577-2132,Private      ,373,284,657,3052,720,3772
00276300,MARIA COLLEGE                           ,NY,12208-1798,Private      ,88,350,438,172,718,890
00276500,MARIST COLLEGE                          ,NY,12601-1387,Private      ,968,413,1381,10220,1002,11222
00276900,MARYMOUNT MANHATTAN COLLEGE             ,NY,10021-4597,Private      ,474,86,560,3612,319,3931
00277200,MERCY COLLEGE                           ,NY,10522-1189,Private      ,1123,2033,3156,4646,5346,9992
00277500,MOLLOY COLLEGE                          ,NY,11570-1100,Private      ,966,871,1837,3078,1677,4755
00277700,MEDAILLE COLLEGE                        ,NY,14214-2695,Private      ,414,485,899,1485,1022,2507
00277800,MOUNT SAINT MARY COLLEGE                ,NY,12550-3494,Private      ,610,421,1031,3488,870,4358
00277900,NAZARETH COLLEGE OF ROCHESTER           ,NY,14618-3790,Private      ,703,633,1336,3398,1348,4746
00278200,NEW YORK INSTITUTE OF TECHNOLOGY        ,NY,11568-8000,Private      ,1266,970,2236,4835,2190,7025
00278202,NY INSTITUTE OF TECHNOLOGY-OSTEOPATHIC M,NY,11568-0000,Private      ,19,785,804,77,1206,1283
00278300,NEW YORK LAW SCHOOL                     ,NY,10013-0000,Private      ,10,883,893,26,3046,3072
00278400,NEW YORK MEDICAL COLLEGE                ,NY,10595-0000,Private      ,6,864,870,33,1831,1864
00278500,NEW YORK UNIVERSITY                     ,NY,10012-1091,Private      ,3209,5962,9171,36552,28019,64571
00278800,NIAGARA UNIVERSITY                      ,NY,14109-2010,Private      ,515,253,768,3693,803,4496
00279000,NYACK COLLEGE                           ,NY,10960-3698,Private      ,408,713,1121,1291,1248,2539
00279100,PACE UNIVERSITY - NEW YORK              ,NY,10038-1598,Private      ,801,886,1687,8676,2795,11471
00279101,PACE UNIVERSITY-PLEASANTVILLE           ,NY,10570-0000,Private      ,327,311,638,3313,964,4277
00279102,PACE UNIVERSITY - WHITE PLAINS          ,NY,10603-0000,Private      ,61,450,511,526,1755,2281
00279500,PAUL SMITHS CLG OF ARTS & SCIENCES      ,NY,12970-0000,Private      ,334,84,418,1189,176,1365
00279600,POLYTECHNIC INTSTITUTE OF NEW YORK UNIV ,NY,11201-3840,Private      ,264,307,571,2779,818,3597
00279800,PRATT INSTITUTE                         ,NY,11205-3899,Private      ,567,534,1101,4772,2449,7221
00280300,RENSSELAER POLYTECHNIC INSTITUTE        ,NY,12180-3590,Private      ,923,180,1103,10419,754,11173
00280500,ROBERTS WESLEYAN COLLEGE                ,NY,14624-1997,Private      ,333,472,805,1430,913,2343
00280600,ROCHESTER INSTITUTE OF TECHNOLOGY       ,NY,14623-5608,Private      ,2660,1072,3732,14989,2715,17704
00280700,ROCKEFELLER UNIVERSITY                  ,NY,10021-0000,Private      ,5,7,12,9,30,39
00280800,DAEMEN COLLEGE                          ,NY,14226-3592,Private      ,472,390,862,2202,819,3021
00281000,THE SAGE COLLEGES                       ,NY,12180-4199,Private      ,423,763,1186,1608,1559,3167
00281200,TROCAIRE COLLEGE                        ,NY,14220-2094,Private      ,283,660,943,572,1131,1703
00281300,SARAH LAWRENCE COLLEGE                  ,NY,10708-5999,Private      ,141,90,231,1866,681,2547
00281400,SKIDMORE COLLEGE                        ,NY,12866-1632,Private      ,562,30,592,3704,112,3816
00281401,SKIDMORE COLL-UNIV WITHOUT WALLS        ,NY,12866-0000,Private      ,10,2,12,112,15,127
00281500,ST BERNARDS SCH THEOLOGY & MINISTRY     ,NY,14618-3822,Private      ,0,15,15,0,28,28
00281600,SIENA COLLEGE                           ,NY,12211-1462,Private      ,957,106,1063,6512,341,6853
00281700,ST BONAVENTURE UNIVERSITY               ,NY,14778-2284,Private      ,374,190,564,2691,451,3142
00282000,ST FRANCIS COLLEGE                      ,NY,11201-4398,Private      ,578,211,789,2110,453,2563
00282100,ST JOHN FISHER COLLEGE                  ,NY,14618-3597,Private      ,635,698,1333,4346,1590,5936
00282200,CHRIST THE KING SEMINARY                ,NY,14052-0607,Private      ,0,4,4,0,6,6
00282300,ST JOHN'S UNIVERSITY                    ,NY,11439-1343,Private      ,3181,2155,5336,24001,6799,30800
00282500,ST JOSEPH'S COLLEGE                     ,NY,11205-3688,Private      ,290,280,570,1067,499,1566
00282501,ST JOSEPH'S COLLEGE-SUFFOLK CAMPUS      ,NY,11772-0000,Private      ,955,567,1522,2624,1003,3627
00282900,ST LAWRENCE UNIVERSITY                  ,NY,13617-1455,Private      ,540,43,583,2811,112,2923
00283200,ST THOMAS AQUINAS COLLEGE               ,NY,10976-1050,Private      ,421,86,507,1715,206,1921
00283300,ST VLADIMIR ORTHODOX THEOL SEM          ,NY,10707-0000,Private      ,0,13,13,0,40,40
00283400,EXCELSIOR COLLEGE                       ,NY,12203-5159,Private      ,74,2324,2398,130,4459,4589
00283500,SUNY AT ALBANY                          ,NY,12222-0001,Public       ,3454,1703,5157,19078,4590,23668
00283600,BINGHAMTON UNIVERSITY (SUNY)            ,NY,13902-6000,Public       ,2357,872,3229,23417,2960,26377
00283700,SUNY AT BUFFALO                         ,NY,14260-0001,Public       ,3005,2525,5530,21550,8823,30373
00283800,SUNY AT STONY BROOK                     ,NY,11794-0001,Public       ,3536,2602,6138,24439,7271,31710
00283900,SUNY-DOWNSTATE MEDICAL CENTER           ,NY,11203-2098,Public       ,42,635,677,142,2039,2181
00284000,SUNY UPSTATE MEDICAL UNIVERSITY         ,NY,13210-2375,Public       ,58,281,339,225,1363,1588
00284100,SUNY BROCKPORT - FIN AID OFF            ,NY,14420-2914,Public       ,1885,1106,2991,9050,2497,11547
00284200,BUFFALO STATE COLLEGE - SUNY            ,NY,14222-1095,Public       ,3014,1869,4883,11358,4076,15434
00284300,SUNY COLLEGE-CORTLAND                   ,NY,13045-0900,Public       ,1632,526,2158,11485,1454,12939
00284400,SUNY AT FREDONIA                        ,NY,14063-1145,Public       ,1258,310,1568,7071,890,7961
00284500,SUNY GENESEO                            ,NY,14454-1401,Public       ,1040,216,1256,8960,626,9586
00284600,SUNY COLLEGE-NEW PALTZ                  ,NY,12561-2499,Public       ,1558,695,2253,11273,2165,13438
00284700,SUNY COLLEGE-ONEONTA                    ,NY,13820-4015,Public       ,1657,257,1914,10627,818,11445
00284800,SUNY OSWEGO                             ,NY,13126-3599,Public       ,1678,646,2324,10315,1916,12231
00284900,SUNY COLLEGE AT PLATTSBURGH             ,NY,12901-2681,Public       ,1606,542,2148,7171,1320,8491
00285000,SUNY COLLEGE-POTSDAM                    ,NY,13676-2294,Public       ,1006,357,1363,5247,865,6112
00285100,SUNY COLLEGE OF ENVIRONMENT SCIENCE AND ,NY,13210-2778,Public       ,232,126,358,2237,556,2793
00285300,SUNY MARITIME COLLEGE                   ,NY,10465-4198,Public       ,396,113,509,1479,276,1755
00285400,SUNY COLLEGE OF TECHNOLOGY-ALFRED       ,NY,14802-9951,Public       ,1131,372,1503,3861,824,4685
00285500,SUNY CANTON COLG OF TECHNOLOGY          ,NY,13617-1098,Public       ,718,448,1166,3084,1256,4340
00285600,SUNY AG & TECH COLLEGE-COBLESKILL       ,NY,12043-9986,Public       ,753,203,956,2495,422,2917
00285700,SUNY DELHI                              ,NY,13753-1190,Public       ,938,390,1328,3445,854,4299
00285800,SUNY FARMINGDALE                        ,NY,11735-1021,Public       ,1501,859,2360,5297,1748,7045
00285900,SUNY COLLEGE OF AG & TECH AT MORRISVILLE,NY,13408-0901,Public       ,1160,439,1599,3391,918,4309
00286000,ADIRONDACK COMMUNITY COLLEGE            ,NY,12804-2004,Public       ,664,697,1361,1315,1250,2565
00286100,CAYUGA COMMUNITY COLLEGE                ,NY,13021-3099,Public       ,625,809,1434,1241,1532,2773
00286200,BROOME COMMUNITY COLLEGE                ,NY,13902-0000,Public       ,1071,982,2053,2545,1845,4390
00286300,CORNING COMMUNITY COLLEGE               ,NY,14830-3297,Public       ,622,729,1351,1275,1368,2643
00286400,DUTCHESS COMMUNITY COLLEGE              ,NY,12601-1595,Public       ,1132,835,1967,2420,1608,4028
00286600,FASHION INSTITUTE OF TECHNOLOGY         ,NY,10001-5992,Public       ,1280,890,2170,7642,2853,10495
00286700,SUNY FULTON MONTGOMERY COMM CLG         ,NY,12095-3790,Public       ,484,431,915,1128,857,1985
00286800,HUDSON VALLEY COMMUNITY COLLEGE         ,NY,12180-6096,Public       ,2551,2008,4559,5240,3502,8742
00286900,JAMESTOWN COMMUNITY COLLEGE             ,NY,14702-0020,Public       ,790,726,1516,2118,1593,3711
00287000,JEFFERSON COMMUNITY COLLEGE             ,NY,13601-1897,Public       ,433,752,1185,995,1417,2412
00287100,"SUNY, MOHAWK VALLEY COMMUNITY CLG       ",NY,13501-5394,Public       ,1568,1391,2959,3425,2511,5936
00287200,MONROE COMMUNITY COLLEGE                ,NY,14623-5780,Public       ,3450,3788,7238,7518,6863,14381
00287300,NASSAU COMMUNITY COLLEGE                ,NY,11530-6793,Public       ,4221,2716,6937,8719,4647,13366
00287400,NIAGARA COUNTY COMMUNITY COLLEGE        ,NY,14132-9460,Public       ,1390,982,2372,3267,2211,5478
00287500,ONONDAGA COMMUNITY COLLEGE              ,NY,13215-4585,Public       ,2040,1654,3694,5242,3137,8379
00287600,ORANGE COUNTY COMMUNITY COLLEGE         ,NY,10940-6441,Public       ,1110,1017,2127,2190,1788,3978
00287700,ROCKLAND COMMUNITY COLLEGE              ,NY,10901-3611,Public       ,885,758,1643,1690,1265,2955
00287800,SUFFOLK COMMUNITY COLLEGE               ,NY,11784-2899,Public       ,2789,1569,4358,6047,2968,9015
00287801,SUFFOLK COMMUNITY CLG-W. CAMPUS         ,NY,11717-0000,Public       ,1343,1001,2344,2642,1831,4473
00287803,SUFFOLK COMMUNITY CLG-EASTRN CAMPUS     ,NY,11901-0000,Public       ,445,333,778,911,589,1500
00287900,SULLIVAN COUNTY COMMUNITY COLLEGE       ,NY,12759-5151,Public       ,497,314,811,1133,610,1743
00288000,ULSTER COUNTY COMMUNITY COLLEGE         ,NY,12484-0557,Public       ,467,423,890,912,747,1659
00288100,SUNY WESTCHESTER COMMUNITY COLLEGE      ,NY,10595-1698,Public       ,2262,2016,4278,4235,3308,7543
00288200,SYRACUSE UNIVERSITY                     ,NY,13244-2130,Private      ,2831,1490,4321,23057,6245,29302
00288300,UTICA COLLEGE- UTICA                    ,NY,13502-4892,Private      ,582,657,1239,3510,1504,5014
00288500,ALBANY COLLEGE OF PHARMACY AND HEALTH SC,NY,12208-3492,Private      ,92,133,225,1684,832,2516
00288600,ALBANY LAW SCHOOL                       ,NY,12208-0000,Private      ,13,417,430,47,1341,1388
00288700,ALBANY MEDICAL COLLEGE                  ,NY,12208-0000,Private      ,18,217,235,81,1065,1146
00288900,UNION COLLEGE                           ,NY,12308-2311,Private      ,169,41,210,3475,155,3630
00289000,UNION THEOLOGICAL SEMINARY              ,NY,10027-0000,Private      ,0,52,52,1,346,347
00289200,UNITED STATES MERCHANT MARINE ACADEMY   ,NY,11024-1699,Public       ,89,12,101,377,21,398
00289400,UNIVERSITY OF ROCHESTER                 ,NY,14627-9000,Private      ,939,660,1599,8584,1799,10383
00289401,EASTMAN SCH OF MUSIC/UNIV ROCHESTER     ,NY,14604-0000,Private      ,81,94,175,720,351,1071
00289402,UNIV OF ROCHESTER SCHL OF MEDICINE      ,NY,14642-0000,Private      ,6,254,260,45,653,698
00289500,VASSAR COLLEGE                          ,NY,12604-0008,Private      ,659,34,693,5028,160,5188
00289600,VILLA MARIA COLLEGE-BUFFALO             ,NY,14225-3999,Private      ,131,92,223,370,217,587
00289900,WAGNER COLLEGE                          ,NY,10301-4495,Private      ,445,141,586,2753,391,3144
00290000,WEBB INSTITUTE                          ,NY,11542-1398,Private      ,6,0,6,66,4,70
00290100,WELLS COLLEGE                           ,NY,13026-0500,Private      ,194,33,227,1249,96,1345
00290300,YESHIVA UNIVERSITY                      ,NY,10033-3201,Private      ,561,880,1441,1995,2892,4887
00290302,YESHIVA UNIVERSITY - BRONX CAMPUS       ,NY,10461-1975,Private      ,7,411,418,26,1063,1089
00397400,MESIVTHA TIFERETH JERUSALEM OF AMER     ,NY,10002-6382,Private      ,4,1,5,6,1,7
00397600,RABBINICAL ACAD MESIVTA RABBI CHAIM     ,NY,11230-4715,Private      ,0,0,0,0,2,2
00397800,RABBINICAL SEMINARY OF AMERICA          ,NY,11375-0000,Private      ,7,2,9,10,4,14
00397900,COLUMBIA UNIV TEACHERS COLLEGE          ,NY,10027-0000,Private      ,8,972,980,46,4548,4594
00405400,HEBREW UNION COL-JEWISH INST OF REL     ,NY,10012-0000,Private      ,0,63,63,0,81,81
00475900,"CUNY, YORK COLLEGE                      ",NY,11451-0001,Public       ,2936,2261,5197,9554,4548,14102
00476500,CUNY GRADUATE SCH & UNIV CTR            ,NY,10016-4309,Public       ,47,1058,1105,139,2603,2742
00477600,CENTRAL YESHIVA TOMCHEI TMIMIM LUBA     ,NY,11230-2798,Private      ,1,1,2,4,2,6
00478800,HERKIMER COUNTY COMMUNITY COLLEGE       ,NY,13350-1598,Public       ,918,509,1427,2282,1000,3282
00479800,MIRRER YESHIVA CENTRAL INST             ,NY,11223-2010,Private      ,3,1,4,6,1,7
00479900,MONROE COLLEGE                          ,NY,10468-4305,Proprietary  ,1188,2059,3247,2538,3502,6040
00481100,EVEREST INSTITUTE                       ,NY,14621-3007,Proprietary  ,64,592,656,87,894,981
00506400,SAINT JAMES MERCY HOSPITAL SCHOOL OF RAD,NY,14843-2197,Private      ,7,6,13,15,15,30
00506600,FAXTON ST. LUKE'S SCHOOL OF RADIOGRAPHY ,NY,13502-4856,Private      ,13,14,27,25,24,49
00520800,THE COLLEGE OF WESTCHESTER              ,NY,10602-0000,Proprietary  ,299,310,609,592,451,1043
00587700,ROBERT J HOCHSTIM SCHOOL OF RADIOG      ,NY,11572-1151,Private      ,0,5,5,1,6,7
00643501,ARNOT OGDEN MEDICAL CENTER              ,NY,14905-1676,Private      ,13,26,39,36,47,83
00643800,PHILLIPS BETH ISRAEL SCH OF NURSING     ,NY,10001-6354,Private      ,39,172,211,89,290,379
00644300,COCHRAN SCH NSG-ST JOHN RVSDE HOSP      ,NY,10701-1399,Private      ,17,120,137,30,189,219
00644500,CROUSE HOSP SCH OF NURSING              ,NY,13210-1690,Private      ,52,108,160,145,213,358
00644800,ELLIS HOSPITAL SCHOOL OF NURSING        ,NY,12308-0000,Private      ,18,83,101,48,139,187
00646101,ST ELIZABETH COLLEGE OF NURSING         ,NY,13501-2998,Private      ,37,68,105,104,164,268
00646102,ST ELIZABETH SCH OF RADIOGRAPHY         ,NY,13501-0000,Private      ,12,13,25,18,20,38
00646700,SAINT JOSEPH'S COLLEGE OF NURSING       ,NY,13203-1806,Private      ,43,103,146,193,259,452
00678200,GENESEE COMMUNITY COLLEGE               ,NY,14020-9704,Public       ,1015,1003,2018,2378,1860,4238
00678500,SCHENECTADY COUNTY COMMUNITY CLG        ,NY,12305-2294,Public       ,694,888,1582,1385,1591,2976
00678700,CLINTON COMMUNITY COLLEGE               ,NY,12901-5690,Public       ,435,323,758,977,599,1576
00678800,TOMPKINS CORTLAND COMMUNITY COLLEGE     ,NY,13053-8504,Public       ,1002,593,1595,2450,1183,3633
00678900,COLUMBIA-GREENE COMMUNITY COLLEGE       ,NY,12534-9543,Public       ,309,311,620,626,573,1199
00679100,SUNY AT PURCHASE                        ,NY,10577-1400,Public       ,1054,304,1358,7065,952,8017
00702200,CUNY-LEHMAN COLLEGE                     ,NY,10468-1589,Public       ,3148,4404,7552,11639,8772,20411
00702600,MOUNT SINAI SCHOOL OF MEDICINE          ,NY,10029-0000,Private      ,5,339,344,16,972,988
00710900,SUNY COLLEGE-OLD WESTBURY               ,NY,11568-0210,Public       ,1391,910,2301,5086,1871,6957
00711100,NORTH COUNTRY COMMUNITY COLLEGE         ,NY,12983-2046,Public       ,273,256,529,625,532,1157
00726400,MESIFTA TORAH VODAATH RABBINCAL SEM     ,NY,11218-5209,Private      ,2,0,2,3,0,3
00727300,CUNY-BERNARD BARUCH COLLEGE             ,NY,10010-5518,Public       ,3940,3695,7635,16099,7694,23793
00730400,CULINARY INSTITUTE OF AMERICA           ,NY,12538-1499,Private      ,786,497,1283,2761,1233,3994
00732916,ITT TECHNICAL INSTITUTE                 ,NY,12205-1003,Proprietary  ,60,230,290,112,348,460
00737200,AUSTIN'S SCHOOL OF SPA TECHNOLOGY       ,NY,12206-1513,Proprietary  ,52,175,227,69,230,299
00737500,ISLAND DRAFTING & TECHNICAL INST        ,NY,11701-2704,Proprietary  ,31,31,62,44,46,90
00738700,LONG ISLAND BEAUTY SCHOOL               ,NY,11788-4346,Proprietary  ,34,101,135,46,128,174
00738800,LONG ISLAND BEAUTY SCHOOL               ,NY,11550-3704,Proprietary  ,6,63,69,14,85,99
00739100,BEAUTY SCHOOL OF MIDDLETOWN             ,NY,10940-6574,Proprietary  ,13,12,25,17,23,40
00739400,BERKELEY COLLEGE                        ,NY,10017-0000,Proprietary  ,1286,1704,2990,2466,2992,5458
00739402,BERKELEY COLLEGE-WESTCHESTER CAMPUS     ,NY,10601-1533,Proprietary  ,344,237,581,737,411,1148
00740100,MANDL SCHOOL                            ,NY,10019-5516,Proprietary  ,113,481,594,144,675,819
00740500,WOOD TOBE-COBURN SCHOOL                 ,NY,10016-0102,Proprietary  ,372,70,442,603,131,734
00746500,AMERICAN ACADEMY OF DRAMATIC ARTS       ,NY,10016-7089,Private      ,151,74,225,527,218,745
00746600,LIM COLLEGE                             ,NY,10022-5268,Proprietary  ,381,93,474,2022,309,2331
00746800,SCHOOL OF VISUAL ARTS                   ,NY,10010-3994,Proprietary  ,668,364,1032,4001,1505,5506
00750602,LINCOLN TECHNICAL INSTITUTE             ,NY,11357-6092,Proprietary  ,247,127,374,381,197,578
00751800,APEX TECHNICAL SCHOOL                   ,NY,10011-2008,Proprietary  ,248,628,876,348,945,1293
00752200,CONTINENTAL SCH OF BEAUTY CULTURE       ,NY,14623-3231,Proprietary  ,35,82,117,58,113,171
00752205,CONTINENTAL SCHOOL OF BEAUTY CULTURE - M,NY,13211-1003,Proprietary  ,2,5,7,10,8,18
00753200,FINGER LAKES COMMUNITY COLLEGE          ,NY,14424-8395,Public       ,1043,815,1858,2819,1875,4694
00757200,AMERICAN MUSICAL AND DRAMATIC ACAD      ,NY,10023-2106,Private      ,527,116,643,2232,395,2627
00757300,EMPIRE BEAUTY SCHOOL                    ,NY,11103-4028,Proprietary  ,71,169,240,94,212,306
00780400,STAR CAREER ACADEMY                     ,NY,10011-7307,Proprietary  ,60,186,246,107,366,473
00818900,CONTINENTAL SCHOOL OF BEAUTY CULTURE - B,NY,14224-3402,Proprietary  ,22,59,81,29,64,93
00818903,CONTINENTAL SCHOOL OF BEAUTY CULTURE - B,NY,14223-2911,Proprietary  ,5,10,15,18,31,49
00843700,CHAMPLAIN VALLEY - TEC/PRN              ,NY,12901-0000,Public       ,5,13,18,9,22,31
00849500,JAMESTOWN BUSINESS COLLEGE              ,NY,14702-0429,Proprietary  ,39,93,132,133,219,352
00861100,"CUNY, HOSTOS CMTY COLLEGE               ",NY,10451-1499,Public       ,2509,2708,5217,5838,4872,10710
00878800,STATE UNIVERSITY OF NEW YORK STUDENT LOA,NY,12246-0000,Public       ,162,120,282,731,323,1054
00900300,OLEAN BUSINESS INSTITUTE INC            ,NY,14760-2691,Proprietary  ,3,30,33,9,55,64
00902900,NEIGHBORHOOD PLAYHOUSE                  ,NY,10022-5017,Private      ,7,11,18,19,33,52
00904300,ELMIRA BUSINESS INSTITUTE               ,NY,14901-2731,Proprietary  ,37,281,318,69,508,577
00907700,UTICA SCHOOL OF COMMERCE                ,NY,13501-2280,Proprietary  ,49,172,221,79,274,353
00924800,SAMARITAN HOSPITAL SCH NURSING          ,NY,12180-2475,Private      ,15,68,83,36,162,198
00928300,MIDWAY-PARIS BEAUTY SCHOOL              ,NY,11385-3453,Proprietary  ,6,12,18,9,13,22
00928400,LEARNING INST FOR BEAUTY SCIENCES       ,NY,11756-1345,Proprietary  ,20,66,86,27,79,106
00933500,MESIVTA EASTERN PKWY RABBINICAL CLG     ,NY,11218-5559,Private      ,0,0,0,1,0,1
00947900,SAINT VINCENTS CMC SI NURSING SCHOOL    ,NY,10304-3850,Proprietary  ,85,206,291,116,314,430
00976900,METROPOLITAN COLLEGE OF NEW YORK        ,NY,10013-1919,Private      ,92,564,656,216,1171,1387
00992900,SUNY COLLEGE OF OPTOMETRY               ,NY,10036-8003,Public       ,2,138,140,20,335,355
01005100,LA GUARDIA CMTY COLLEGE - CUNY          ,NY,11101-3083,Public       ,4787,3934,8721,11664,7589,19253
01005200,JEFFERSON-LEWIS BOCES PRAC NRSGPRG      ,NY,13601-9509,Public       ,12,75,87,17,100,117
01009700,CUNY-MEDGAR W EVERS COLLEGE             ,NY,11225-2010,Public       ,1822,2155,3977,4883,4041,8924
01014200,TOURO COLLEGE                           ,NY,10010-4202,Private      ,1266,4048,5314,2056,6853,8909
01014700,WESTERN SUFFOLK BOCES                   ,NY,11768-3499,Public       ,35,136,171,65,252,317
01015300,HELENE FULD COL OF NRSNG/N GEN HOSP     ,NY,10035-0000,Private      ,5,208,213,12,358,370
01028600,EMPIRE STATE COLLEGE                    ,NY,12866-4391,Public       ,333,3726,4059,685,9098,9783
01037800,RABBINICAL COLLEGE OF LONG ISLAND       ,NY,11561-3244,Private      ,2,0,2,4,2,6
01055100,NEW YORK SCH MED & DENTAL ASSISTANT     ,NY,11101-2327,Proprietary  ,32,71,103,58,126,184
01064100,SOUTHERN WESTCHESTER BOCES              ,NY,10543-0000,Public       ,8,57,65,14,83,97
01068400,ERIE COMMUNITY COLLEGE-ALL CAMPUSES     ,NY,14203-2698,Public       ,3188,3441,6629,6073,5699,11772
01081300,AMERICAN ACAD MCALLISTER INST           ,NY,10019-3604,Private      ,39,156,195,71,326,397
01083700,SIMMONS INST OF FUNERAL SERVICE         ,NY,13207-2098,Proprietary  ,7,12,19,15,33,48
01093000,SUBURBAN TECHNICAL SCHOOL               ,NY,11550-3771,Proprietary  ,16,85,101,16,89,105
01095200,PNW BOCES LPN PROGRAM                   ,NY,10598-0000,Public       ,4,14,18,6,24,30
01103100,TECHNICAL CAREER INSTITUTE              ,NY,10001-2789,Proprietary  ,727,2125,2852,859,2621,3480
01118900,UNITED TALMUDICAL SEMINARY              ,NY,11211-7984,Private      ,0,0,0,0,1,1
01119200,BETH HAMEDRASH SHAAREI YOSHER INST      ,NY,11204-1052,Private      ,0,1,1,1,1,2
01161400,CHAMPLAIN VALLEY HOSP SCH RAD TECH      ,NY,12901-1490,Private      ,14,6,20,22,10,32
01161700,NEW YORK METHODIST HOSPITAL             ,NY,11229-9023,Private      ,35,117,152,67,189,256
01164700,SBI CAMPUS - AN AFFILIATE OF SANFORD-BRO,NY,11747-3785,Proprietary  ,82,151,233,212,583,795
01167700,MEMORIAL SLOAN KETTERING CANCER CTR     ,NY,10021-6094,Private      ,1,10,11,5,19,24
01167800,SUNY INST OF TECHNOLOGY UTICA ROME      ,NY,13504-3050,Public       ,437,436,873,1508,845,2353
01183000,BERK TRADE AND BUSINESS SCHOOL          ,NY,11101-0000,Proprietary  ,20,48,68,28,64,92
01185900,WORD OF LIFE BIBLE INSTITUTE            ,NY,12860-0129,Private      ,183,28,211,433,63,496
01186000,MERCY MED CNTR SCHL OF RADIOGRAPHY      ,NY,11570-1098,Private      ,4,6,10,5,8,13
01192100,WESTCHESTER SCH OF BEAUTY CULTURE       ,NY,10550-2295,Proprietary  ,7,24,31,7,28,35
01192200,BETH HATALMUD RABBINICAL CLG            ,NY,11214-2594,Private      ,0,0,0,0,1,1
01198400,OHR HAMEIR THEOLOGICAL SEMINARY         ,NY,10566-0990,Private      ,1,0,1,4,0,4
01201100,TALMUDICAL SEM OHOLEI TORAH             ,NY,11213-3310,Private      ,6,0,6,14,2,16
01207200,PHILLIPS HAIRSTYLING INSTITUTE          ,NY,13210-1509,Proprietary  ,7,25,32,13,51,64
01210700,INSTITUTE OF DESIGN & CONSTRUCTION      ,NY,11201-5380,Private      ,9,42,51,22,65,87
01220300,MEMORIAL HOSPITAL SCH OF NURSING        ,NY,12204-1083,Private      ,15,58,73,38,122,160
01227700,NEW YORK CHIROPRACTIC COLLEGE           ,NY,13148-0800,Private      ,1,251,252,8,656,664
01229300,VEEB NASSAU CNTY SCHL OF PRACT NURS     ,NY,11553-3037,Public       ,29,138,167,41,172,213
01235800,PLAZA COLLEGE                           ,NY,11372-6300,Proprietary  ,98,332,430,101,354,455
01236400,SAINT VINCENTS CATHOLIC MEDICAL CENTERS ,NY,11354-0000,Proprietary  ,35,187,222,64,393,457
01240700,SCHUYLER-CHEMUNG-TIOGA BOCES            ,NY,14903-1089,Public       ,19,62,81,32,129,161
01240701,STEUBEN SCHUYLER CHEMUNG TIOGA ALLEGANY ,NY,14870-9518,Public       ,0,3,3,0,5,5
01256100,FIVE TOWNS COLLEGE                      ,NY,11746-5871,Proprietary  ,377,116,493,1056,234,1290
01258900,ERIE 1 BOCES                            ,NY,14224-0000,Public       ,20,52,72,42,140,182
01265200,ONONDAGA CORTLAND MADISON BOCES         ,NY,13090-4500,Public       ,83,273,356,134,422,556
01278300,OSWEGO COUNTY BOCES ADULT CAREERS       ,NY,13114-4498,Public       ,10,27,37,33,47,80
01292700,CENTRAL TECH NURSING PROGRAM            ,NY,13202-3092,Public       ,12,48,60,20,72,92
01302900,BORICUA COLLEGE                         ,NY,10032-1599,Private      ,197,465,662,308,781,1089
02056400,CAPRI COSMETOLOGY LEARNING CENTER       ,NY,10954-0000,Proprietary  ,47,98,145,64,119,183
02066200,THE NEW SCHOOL                          ,NY,10011-0000,Private      ,833,1473,2306,5048,5402,10450
02069000,NEW YORK SCHOOL OF INTERIOR DESIGN      ,NY,10021-0000,Private      ,52,146,198,168,311,479
02075700,BRIARCLIFFE COLLEGE                     ,NY,11714-0000,Proprietary  ,190,235,425,701,801,1502
02075702,BRIARCLIFFE COLLEGE - PATCHOGUE         ,NY,11772-3019,Proprietary  ,130,172,302,533,623,1156
02092400,RIDLEY-LOWELL SCHOOL OF BUSINESS        ,NY,13905-0000,Proprietary  ,7,27,34,14,60,74
02093700,LONG ISLAND BUSINESS INSTITUTE          ,NY,11725-0000,Proprietary  ,190,442,632,233,562,795
02093701,LONG ISLAND BUSINESS INSTITUTE - FLUSHIN,NY,11354-4429,Proprietary  ,20,53,73,26,63,89
02098400,HERKIMER COUNTY BOCES                   ,NY,13350-0000,Public       ,29,41,70,68,76,144
02104300,OTSEGO AREA SCHOOL OF PRAC NURSING      ,NY,12167-0000,Public       ,0,12,12,0,15,15
02105900,HAIR DESIGN INSTITUTE AT FIFTH AVE      ,NY,11220-0000,Proprietary  ,35,76,111,56,121,177
02106800,BRAMSON ORT COLLEGE                     ,NY,11375-0000,Private      ,115,223,338,126,254,380
02110900,CATTARAUGUS/ALLEGANY BOCES              ,NY,14760-0000,Public       ,10,59,69,18,78,96
02112301,RIDLEY - LOWELL BUSINESS & TECHNICAL INS,NY,12601-3328,Proprietary  ,42,173,215,58,269,327
02116011,SANFORD-BROWN INSTITUTE - NEW YORK      ,NY,10003-2103,Proprietary  ,260,671,931,417,1287,1704
02118700,LONG ISLAND COLLEGE HOSPITAL - SCHOOL OF,NY,11201-6001,Private      ,38,128,166,91,243,334
02118702,LONG ISLAND COLLEGE HOSPITAL - SCHOOL OF,NY,11201-6001,Private      ,36,73,109,96,176,272
02124000,ORANGE ULSTER BOCES SCH OF PRAC NRS     ,NY,10924-9401,Public       ,18,65,83,22,88,110
02125500,CIRCLE IN THE SQUARE THEATRE SCHOOL     ,NY,10019-0000,Private      ,20,18,38,47,51,98
02126300,MADISON-ONEIDA BOCES PRAC NRS           ,NY,13478-0000,Public       ,6,42,48,10,63,73
02138500,BOCES RENSSELAER SCHOOL OF PN           ,NY,12033-3221,Public       ,7,33,40,10,50,60
02145800,CAYUGA ONONDAGA BOCES                   ,NY,13021-9430,Public       ,9,26,35,16,45,61
02146000,WAYNE-FINGER LAKES BOCES                ,NY,14513-0000,Public       ,32,218,250,36,237,273
02152000,YESHIVA SHAAR HATORAH ITRI TORAH        ,NY,11418-0000,Private      ,0,0,0,3,1,4
02153600,BROOME-TIOGA BOCES PN PROG              ,NY,13905-0000,Public       ,18,59,77,30,99,129
02157900,ROCHESTER GENERAL HOSPITAL              ,NY,14621-3001,Private      ,10,46,56,23,83,106
02158200,WSHNGTN-SARTGA-WARN-HMLTN-ESX BOCES     ,NY,12839-1051,Public       ,20,67,87,27,83,110
02160100,GENEVA GENERAL HOSPITAL                 ,NY,14456-0000,Private      ,13,68,81,30,104,134
02163400,NEW YORK CAREER INSTITUTE               ,NY,10007-2801,Proprietary  ,128,369,497,174,523,697
02169100,DAVIS COLLEGE                           ,NY,13790-0000,Private      ,70,45,115,131,73,204
02170000,SWEDISH INSTITUTE                       ,NY,10001-0000,Proprietary  ,45,192,237,81,490,571
02170200,ALBANY SCHOHARIE SCHENECTADY            ,NY,12205-0000,Public       ,25,52,77,45,81,126
02171900,AILEY SCHOOL (THE)                      ,NY,10019-4402,Private      ,48,26,74,117,58,175
02172100,HAMILTON-FULTON-MONTGOMERY BOCES        ,NY,12095-0665,Public       ,32,54,86,79,77,156
02172800,DUTCHESS COUNTY BOCES SCH PRAC NURS     ,NY,12601-0000,Public       ,25,72,97,35,107,142
02173200,EMPIRE BEAUTY SCHOOL                    ,NY,10001-0000,Proprietary  ,189,416,605,281,588,869
02173900,ULSTER COUNTY BOCES PRACTICAL NRSG      ,NY,12466-0000,Public       ,21,87,108,29,124,153
02176000,CHERYL FELL'S SCHOOL OF BUSINESS        ,NY,14304-0000,Proprietary  ,5,36,41,6,42,48
02179400,EASTERN SUFFOLK BOCES                   ,NY,11713-0000,Public       ,58,197,255,95,277,372
02182200,NEW SCHOOL OF RADIO & TELEVISION        ,NY,12206-1106,Proprietary  ,15,21,36,30,34,64
02187300,DARKEI NOAM RABBINICAL COLLEGE          ,NY,11210-0000,Private      ,0,2,2,0,3,3
02191600,TORAH TEMIMAH TALMUDICAL SEMINARY       ,NY,11218-0000,Private      ,4,0,4,6,0,6
02192500,BELLEVUE HOSP CTR SCH RAD TECH          ,NY,10016-0000,Public       ,8,24,32,16,44,60
02199300,ORLEANS-NIAGARA BOCES                   ,NY,14132-0000,Public       ,8,25,33,14,46,60
02206000,HUNTER BUSINESS SCHOOL                  ,NY,11756-0000,Proprietary  ,57,200,257,105,319,424
02217800,D.HOPFER SCH NURSING AT MT.VRN HOSP     ,NY,10550-0000,Private      ,13,132,145,34,175,209
02219500,MILDRED ELLEY                           ,NY,12206-1513,Proprietary  ,132,860,992,180,1284,1464
02235600,ERIE 2-CHAUTAUQUA-CATTARAUGUS BOCES     ,NY,14006-0000,Public       ,8,54,62,10,63,73
02256700,KOL YAAKOV TORAH CENTER                 ,NY,10952-0000,Private      ,1,0,1,1,0,1
02265100,YESHIVA DERECH CHAIM                    ,NY,11218-0000,Private      ,0,0,0,2,0,2
02265200,GLOBAL BUSINESS INSTITUTE               ,NY,11691-0000,Private      ,76,386,462,79,386,465
02272900,ROCKLAND COUNTY BOCES PRAC NRSG SCH     ,NY,10994-0000,Public       ,10,65,75,15,76,91
02275900,"MODERN WELDING SCHOOL, INC.             ",NY,12304-0000,Proprietary  ,15,15,30,20,17,37
02287800,NATIONAL TRACTOR TRAILER SCHOOL         ,NY,13088-2505,Proprietary  ,4,155,159,5,169,174
02294900,INSTITUTE OF AUDIO RESEARCH             ,NY,10003-0000,Proprietary  ,96,135,231,162,227,389
02306500,PROFESSIONAL BUSINESS INSTITUTE         ,NY,10002-0000,Private      ,128,216,344,152,279,431
02314200,NORTHERN WESTCHESTER SCH COSMETOL       ,NY,10566-0000,Proprietary  ,14,32,46,19,39,58
02320100,OHR SOMAYACH TANENBAUM EDUCATIONAL CENTE,NY,10952-0000,Private      ,0,1,1,0,1,1
02325600,NEW YORK INSTITUTE OF ENGLISH & BUS     ,NY,10001-0000,Private      ,24,101,125,38,130,168
02491400,SPANISH AMERICAN INSTITUTE              ,NY,10036-0000,Private      ,2,4,6,4,5,9
02505900,SH-OR YOSHUV RABBINICAL COLLEGE         ,NY,11691-0000,Private      ,4,0,4,7,1,8
02506000,ASSOCIATED BETH RIVKAH SCHOOLS          ,NY,11225-0000,Private      ,21,2,23,28,3,31
02506100,CITY UNIV OF NEW YORK-CENTRAL           ,NY,10021-0000,Public       ,153,193,346,787,513,1300
02506200,MERCE CUNNINGHAM STUDIO                 ,NY,10014-0000,Private      ,0,0,0,0,1,1
02506800,YESHIVAT MIKDASH MELECH                 ,NY,11230-0000,Private      ,8,0,8,12,0,12
02511500,JOFFREY BALLET SCHOOL                   ,NY,10011-0000,Proprietary  ,32,3,35,63,8,71
02513500,MAR JON SCHOOL OF BEAUTY CULTURE        ,NY,14150-0000,Proprietary  ,11,21,32,13,27,40
02525600,ART INSTITUTE OF NEW YORK CITY (THE)    ,NY,10013-2429,Proprietary  ,866,539,1405,1902,1067,2969
02540800,"GLOBE INSTITUTE OF TECHNOLOGY, INC.     ",NY,10007-0000,Proprietary  ,135,206,341,200,254,454
02546000,TRI-STATE COLLEGE OF ACUPUNCTURE        ,NY,10011-0000,Proprietary  ,1,85,86,2,116,118
02550600,TALMUDICAL INST OF UPSTATE NY           ,NY,14607-0000,Private      ,1,0,1,3,1,4
02556700,SEMINAR L'MOROS BAIS YAAKOV             ,NY,11219-0000,Private      ,107,1,108,107,1,108
02572900,BUSINESS INFORMATICS CENTER             ,NY,11580-0000,Proprietary  ,3,8,11,6,14,20
02575400,FRENCH CULINARY INSTITUTE               ,NY,10013-2618,Proprietary  ,123,340,463,310,611,921
02587600,ORLO SCH HAIR DESIGN & COSMETOLOGY      ,NY,12206-1723,Proprietary  ,20,21,41,29,39,68
02599400,NEW YORK COLLEGE OF HEALTH PROFESSIONS  ,NY,11791-4413,Private      ,37,155,192,117,522,639
02600100,NEW YORK ACADEMY OF ART (THE)           ,NY,10013-2911,Private      ,36,59,95,97,192,289
02614900,SANFORD-BROWN INSTITUTE                 ,NY,10604-2910,Proprietary  ,59,189,248,109,376,485
02615001,SANFORD-BROWN COLLEGE - SANFORD-BROWN IN,NY,11530-4734,Proprietary  ,13,58,71,34,121,155
02616600,SHEAR EGO INTERNATIONAL SCHOOL OF HAIR D,NY,14617-3501,Proprietary  ,24,21,45,37,46,83
02617000,CONTINENTAL SCH OF BEAUTY CULTURE       ,NY,14020-0000,Proprietary  ,12,20,32,15,23,38
02617001,CONTINENTAL SCHOOL OF BEAUTY CULTURE - O,NY,14760-2618,Proprietary  ,1,1,2,7,1,8
03007200,DANCE THEATRE OF HARLEM                 ,NY,10031-0000,Private      ,10,5,15,24,11,35
03027701,PACIFIC COLLEGE OF ORIENTAL MEDICINE - N,NY,10010-7108,Proprietary  ,8,165,173,23,418,441
03081600,DELAWARE CHENANGO MADISON OT. BOCES     ,NY,13815-9554,Public       ,3,19,22,6,35,41
03089700,COMPUTER CAREER CENTER                  ,NY,11530-3334,Proprietary  ,52,195,247,69,243,312
03095500,ASA INST BUSINESS & COMPUTER TECH       ,NY,11201-5208,Proprietary  ,768,1829,2597,915,2136,3051
03096200,CHARLES STUART SCHOOL                   ,NY,11229-2004,Proprietary  ,4,17,21,5,24,29
03103700,ADIRONDACK BEAUTY SCHOOL                ,NY,12801-3158,Proprietary  ,3,14,17,7,28,35
03104900,SULLIVAN COUNTY BOCES                   ,NY,12754-2116,Public       ,9,29,38,31,48,79
03115300,GENESEE VALLEY BOCES                    ,NY,14020-1099,Public       ,11,35,46,20,69,89
03120700,NEW YORK CONSERVATORY FOR DRAMATIC ARTS ,NY,10011-4225,Proprietary  ,129,50,179,442,142,584
03127100,YESHIVAS NOVOMINSK                      ,NY,11219-0000,Private      ,6,0,6,6,0,6
03169300,STUDIO JEWELERS                         ,NY,10016-4112,Proprietary  ,1,11,12,4,25,29
03181400,MERKAZ BNOS                             ,NY,11214-4911,Private      ,3,46,49,3,46,49
03191300,CUNY SCHOOL OF LAW @ QUEENS COLLEGE     ,NY,11367-0000,Public       ,122,462,584,441,1470,1911
03193300,MANHATTAN SCHOOL OF COMPUTER TECH       ,NY,11230-1617,Private      ,27,207,234,49,257,306
03203300,NEW YORK INSTITUTE OF MASSAGE           ,NY,14221-6021,Proprietary  ,10,53,63,21,92,113
03216300,UNIFICATION THEOLOGICAL SEMINARY        ,NY,12507-5021,Private      ,0,10,10,0,16,16
03328300,FRANKLIN CAREER INSTITUTE               ,NY,11550-3003,Private      ,34,82,116,47,123,170
03328301,FRANKLIN CAREER INSTITUTE - BROOKLYN    ,NY,11220-3110,Private      ,37,169,206,67,243,310
03342400,AMERICAN BARBER INSTITUTE               ,NY,10001-5271,Proprietary  ,21,25,46,31,58,89
03358300,ALLEN SCHOOL                            ,NY,11432-4901,Proprietary  ,59,530,589,94,722,816
03358301,ALLEN SCHOOL - BROOKLYN                 ,NY,11201-0000,Proprietary  ,45,220,265,92,411,503
03380300,STAR CAREER ACADEMY                     ,NY,11791-5311,Proprietary  ,36,79,115,56,139,195
03419400,NORTHEASTERN SEMINARY                   ,NY,14624-1997,Private      ,1,43,44,14,82,96
03426400,ANTHEM INSTITUTE                        ,NY,10018-0000,Proprietary  ,62,161,223,143,364,507
03433500,LIA SCHORR INSTITUTE OF COSMETIC SK     ,NY,10022-2614,Proprietary  ,0,18,18,1,33,34
03443300,NEW YORK COLLEGE OF TRADITIONAL CHINESE ,NY,11501-0000,Private      ,0,22,22,2,47,49
03537300,NEW YORK AUTOMOTIVE & DIESEL INSTIT     ,NY,11101-0000,Proprietary  ,70,176,246,88,223,311
03568300,LEON STUDIO ONE SCHOOL OF HAIR DESI     ,NY,14221-5323,Proprietary  ,9,11,20,15,24,39
03651300,SAINT JOSEPH'S MEDICAL CENTER SCHOO     ,NY,10701-4080,Private      ,0,10,10,5,23,28
03652300,METROPOLITAN LEARNING INSTITUTE         ,NY,11374-2101,Private      ,34,647,681,41,723,764
03691300,USA BEAUTY SCHOOL INTERNATIONAL         ,NY,10013-3530,Proprietary  ,3,14,17,7,34,41
03713300,BEIS MEDRASH HEICHAL DOVID              ,NY,11691-4433,Private      ,1,0,1,1,0,1
03773300,CENTER FOR NATURAL WELLNESS SCHOOL OF MA,NY,12205-1601,Proprietary  ,13,58,71,20,99,119
03802300,UTA MESIVTA OF KIRYAS JOEL              ,NY,10950-2169,Private      ,0,0,0,0,2,2
03809400,MICROPOWER CAREER INSTITUTE             ,NY,10001-2812,Proprietary  ,13,115,128,13,139,152
03819400,HUDSON VALLEY SCHOOL OF ADVANCED AESTHET,NY,12493-0000,Proprietary  ,3,5,8,4,10,14
03839300,AVEDA INSTITUTE NEW YORK                ,NY,10013-1522,Proprietary  ,34,83,117,72,177,249
03881300,UNION GRADUATE COLLEGE                  ,NY,12308-3131,Private      ,0,81,81,5,157,162
03903400,AMERICAN BEAUTY SCHOOL                  ,NY,10462-8003,Proprietary  ,31,129,160,57,236,293
03941400,ELITE ACADEMY OF BEAUTY ARTS            ,NY,11223-1630,Proprietary  ,5,34,39,12,46,58
03983300,"SCHOOL OF PROFESSIONAL HORTICULTURE, AT ",NY,10458-5126,Private      ,1,5,6,3,8,11
03988300,"SAE INSTITUTE OF TECHNOLOGY, NEW YORK   ",NY,10001-2915,Proprietary  ,85,106,191,165,187,352
04043300,ACE COMPUTER TRAINING CENTER            ,NY,11375-5337,Proprietary  ,13,62,75,19,113,132
04092401,MAKE-UP DESIGNORY -                     ,NY,10012-0041,Proprietary  ,101,127,228,193,248,441
04095300,KING'S COLLEGE (THE)                    ,NY,10018-0110,Private      ,133,24,157,896,72,968
04102300,NEW AGE TRAINING                        ,NY,10001-4006,Proprietary  ,4,61,65,7,69,76
04115500,TALMUDICAL SEMINARY OF BOBOV            ,NY,11219-3826,Private      ,0,0,0,0,1,1
04117100,EDP SCHOOL OF COMPUTER PROGRAMMING      ,NY,11235-0000,Private      ,1,41,42,3,52,55
04117700,"MONROE 2-ORLEANS BOCES, CENTER FOR WORK ",NY,14624-1119,Public       ,13,52,65,23,69,92
04123200,INSTITUTE OF ALLIED MEDICAL PROFESSIONS ,NY,11373-5541,Private      ,8,83,91,16,154,170
04123300,HUDSON VALLEY SCHOOL OF MASSAGE THERAPY ,NY,12493-0000,Proprietary  ,3,23,26,5,33,38
04125600,CAREER SCHOOL OF NY                     ,NY,10301-2416,Private      ,25,46,71,30,52,82
04131500,COLLECTIVE (THE)                        ,NY,10011-2026,Proprietary  ,1,8,9,1,8,9
04133700,NEW YORK MEDICAL CAREER TRAINING CENTER ,NY,11354-6504,Proprietary  ,15,57,72,28,84,112
04134000,"JOHN PAOLO'S XTREME BEAUTY INSTITUTE, GO",NY,12020-1245,Proprietary  ,13,46,59,14,57,71
04137700,ANN MARIE'S WORLD OF BEAUTY SCHOOL      ,NY,13901-2308,Proprietary  ,8,9,17,10,12,22
04144300,INSTITUTE OF CULINARY EDUCATION         ,NY,10010-5205,Proprietary  ,122,341,463,296,561,857
04148000,NEW LIFE BUSINESS INSTITUTE             ,NY,11432-6149,Proprietary  ,0,4,4,1,7,8
04151200,SALON PROFESSIONAL ACADEMY (THE)        ,NY,14150-9200,Proprietary  ,5,18,23,13,32,45
04155300,ONONDAGA SCHOOL OF THERAPEUTIC MASSAGE  ,NY,13210-1533,Proprietary  ,26,82,108,42,135,177
04156000,ACADEMY OF COSMETOLOGY & ESTHETICS NYC (,NY,10306-3003,Proprietary  ,23,45,68,54,83,137
04165700,"JOHN PAOLO'S XTREME BEAUTY INSTITUTE, GO",NY,12110-3053,Proprietary  ,4,9,13,6,16,22
04166000,MANHATTAN INSTITUTE (THE)               ,NY,10016-6516,Proprietary  ,24,40,64,43,61,104
04167600,FINGER LAKES SCHOOL OF MASSAGE (THE)    ,NY,14850-1384,Proprietary  ,11,54,65,33,95,128
04167601,FINGER LAKES SCHOOL OF MASSAGE (THE) -  ,NY,10549-1103,Proprietary  ,7,38,45,15,49,64
04178700,ATELIER ESTHETIQUE INSTITUTE OF ESTHETIC,NY,10016-8804,Proprietary  ,13,85,98,17,135,152
04180200,LONG ISLAND NAIL & SKIN CARE INSTITUTE  ,NY,11756-1316,Proprietary  ,4,29,33,5,40,45
00267808,BRYANT & STRATTON COLLEGE - PARMA       ,OH,44130-0000,Proprietary  ,211,1158,1369,423,2747,3170
00301000,ANTIOCH UNIVERSITY                      ,OH,45387-1608,Private      ,9,403,412,67,714,781
00301100,ART ACADEMY OF CINCINNATI               ,OH,45202-7106,Private      ,99,32,131,358,103,461
00301200,ASHLAND UNIVERSITY                      ,OH,44805-3799,Private      ,597,962,1559,3729,2332,6061
00301300,ATHENAEUM OF OHIO                       ,OH,45230-2000,Private      ,0,2,2,4,6,10
00301400,BALDWIN-WALLACE COLLEGE                 ,OH,44017-2088,Private      ,843,547,1390,4233,1242,5475
00301600,BLUFFTON UNIVERSITY                     ,OH,45817-2104,Private      ,252,163,415,1543,353,1896
00301800,BOWLING GREEN STATE UNIVERSITY          ,OH,43403-0001,Public       ,3597,2037,5634,18518,5590,24108
00302300,CAPITAL UNIVERSITY                      ,OH,43209-2394,Private      ,569,874,1443,3836,2470,6306
00302400,CASE WESTERN RESERVE UNIV               ,OH,44106-0000,Private      ,1048,402,1450,7731,1161,8892
00302401,CASE WESTERN RESERVE UNIV - MED         ,OH,44106-0000,Private      ,13,372,385,84,1137,1221
00302402,CASE WESTERN RESERVE UNIV - DENTAL      ,OH,44106-0000,Private      ,9,119,128,35,274,309
00302403,CASE WESTERN RESERVE UNIV - LAW         ,OH,44106-0000,Private      ,6,287,293,17,906,923
00302404,CASE WESTERN RESERVE UNIV - UG          ,OH,44106-0000,Private      ,56,13,69,253,35,288
00302405,CASE WESTERN RESERVE UNIV - MSASS       ,OH,44106-0000,Private      ,3,169,172,42,503,545
00302406,CASE WESTERN RESERVE UNIV - NURS UG     ,OH,44106-0000,Private      ,38,53,91,210,154,364
00302407,CASE WESTERN RESERVE UNIV - WSOM        ,OH,44106-0000,Private      ,1,98,99,7,183,190
00302408,CASE WESTERN RESERVE UNIV -A&S GRAD     ,OH,44106-0000,Private      ,0,136,136,7,314,321
00302409,CASE WESTERN RESERVE UNIV -ENG GRAD     ,OH,44106-0000,Private      ,2,31,33,21,88,109
00302410,CASE WESTERN RESERVE UNIV -NURS GRD     ,OH,44106-0000,Private      ,3,166,169,14,374,388
00302500,CEDARVILLE UNIVERSITY                   ,OH,45314-8564,Private      ,665,74,739,3800,210,4010
00302600,CENTRAL STATE UNIVERSITY                ,OH,45384-1004,Public       ,643,476,1119,3128,1420,4548
00302900,CINCINNATI CHRISTIAN UNIVERSITY         ,OH,45204-3200,Private      ,128,218,346,421,476,897
00303000,OHIO CHRISTIAN UNIVERSITY               ,OH,43113-9487,Private      ,163,744,907,469,1541,2010
00303100,CLEVELAND INSTITUTE OF MUSIC            ,OH,44106-1776,Private      ,22,20,42,471,419,890
00303200,CLEVELAND STATE UNIVERSITY              ,OH,44115-2214,Public       ,2252,4669,6921,7945,11387,19332
00303300,COLLEGE OF MT ST JOSEPH                 ,OH,45233-1670,Private      ,312,389,701,1720,1163,2883
00303500,OHIO DOMINICAN UNIVERSITY               ,OH,43219-2099,Private      ,417,881,1298,2028,1946,3974
00303600,FRANCISCAN UNIV OF STEUBENVILLE         ,OH,43952-1763,Private      ,576,269,845,2096,540,2636
00303700,COLLEGE OF WOOSTER                      ,OH,44691-2363,Private      ,402,38,440,3026,123,3149
00303900,COLUMBUS COLLEGE OF ART AND DESIGN      ,OH,43215-1758,Private      ,164,120,284,1647,504,2151
00304000,CUYAHOGA COMMUNITY COLLEGE              ,OH,44115-2878,Public       ,3393,8421,11814,7857,18416,26273
00304100,"DEFIANCE COLLEGE, THE                   ",OH,43512-1695,Private      ,274,183,457,1415,455,1870
00304200,DENISON UNIVERSITY                      ,OH,43023-1329,Private      ,252,19,271,2835,99,2934
00304300,CHANCELLOR UNIVERSITY                   ,OH,44114-1096,Proprietary  ,14,170,184,23,402,425
00304400,TRINITY LUTHERAN SEMINARY               ,OH,43209-0000,Private      ,0,60,60,0,125,125
00304500,UNIVERSITY OF FINDLAY                   ,OH,45840-3695,Private      ,675,604,1279,3051,1340,4391
00304600,FRANKLIN UNIVERSITY                     ,OH,43215-5399,Private      ,304,2934,3238,829,8570,9399
00304700,HEBREW UNION COLLEGE MAIN CAMPUS        ,OH,45220-0000,Private      ,1,46,47,2,86,88
00304800,HEIDELBERG UNIVERSITY                   ,OH,44883-2462,Private      ,386,144,530,1745,323,2068
00304900,HIRAM COLLEGE                           ,OH,44234-1808,Private      ,433,128,561,1701,314,2015
00305000,JOHN CARROLL UNIVERSITY                 ,OH,44118-4581,Private      ,648,348,996,4126,857,4983
00305100,KENT STATE UNIV - KENT CAMPUS           ,OH,44242-0001,Public       ,4369,3322,7691,21483,10010,31493
00305101,KENT STATE UNIV - GEAUGA CAMPUS         ,OH,44021-0000,Public       ,166,228,394,457,658,1115
00305102,KENT STATE UNIV - STARK CAMPUS          ,OH,44720-0000,Public       ,735,977,1712,2231,2470,4701
00305103,KENT STATE UNIV - TUSCARAWAS CAMPUS     ,OH,44663-0000,Public       ,283,529,812,872,1373,2245
00305104,KENT STATE UNIV - TRUMBULL CAMPUS       ,OH,44483-0000,Public       ,278,642,920,780,1772,2552
00305105,KENT STATE UNIV - ASHTABULA CAMPUS      ,OH,44004-0000,Public       ,263,590,853,736,1658,2394
00305106,KENT STATE UNIV -E.LIVERPOOL CAMPUS     ,OH,43920-0000,Public       ,113,232,345,358,730,1088
00305107,KENT STATE UNIV - SALEM CAMPUS          ,OH,44460-0000,Public       ,236,330,566,805,1062,1867
00306500,KENYON COLLEGE                          ,OH,43022-9623,Private      ,127,7,134,2677,42,2719
00306600,LAKE ERIE COLLEGE                       ,OH,44077-3389,Private      ,300,175,475,1343,368,1711
00306800,LORAIN COUNTY COMMUNITY COLLEGE         ,OH,44035-1691,Public       ,1255,3165,4420,2719,6166,8885
00306900,LOURDES COLLEGE                         ,OH,43560-2898,Private      ,301,750,1051,905,1763,2668
00307200,MALONE UNIVERSITY                       ,OH,44709-3897,Private      ,298,525,823,2064,1141,3205
00307300,MARIETTA COLLEGE                        ,OH,45750-4033,Private      ,204,95,299,2457,313,2770
00307500,METHODIST THEOLOGICAL SCH IN OHIO       ,OH,43015-0000,Private      ,1,85,86,1,174,175
00307600,MIAMI-JACOBS COLLEGE                    ,OH,45401-0000,Proprietary  ,35,285,320,87,493,580
00307602,MIAMI - JACOBS CAREER COLLEGE - SPRINGBO,OH,45066-1115,Proprietary  ,30,103,133,53,207,260
00307603,MIAMI - JACOBS CAREER COLLEGE - TROY    ,OH,45373-3837,Proprietary  ,63,178,241,124,394,518
00307700,MIAMI UNIVERSITY                        ,OH,45056-1831,Public       ,1780,1311,3091,19062,4886,23948
00307800,WRIGHT STATE UNIVERSITY                 ,OH,45435-0002,Public       ,2207,3252,5459,13142,9740,22882
00308300,UNIVERSITY OF MOUNT UNION               ,OH,44601-3993,Private      ,654,109,763,3203,300,3503
00308400,MUSKINGUM UNIVERSITY                    ,OH,43762-1199,Private      ,472,321,793,2185,582,2767
00308500,NOTRE DAME COLLEGE OF OHIO              ,OH,44121-4293,Private      ,595,508,1103,2082,1060,3142
00308600,OBERLIN COLLEGE                         ,OH,44074-1090,Private      ,722,47,769,4983,197,5180
00308800,OHIO COLLEGE OF PODIATRIC MEDICINE      ,OH,44131-7304,Private      ,1,188,189,2,438,440
00308900,OHIO NORTHERN UNIVERSITY                ,OH,45810-1555,Private      ,644,327,971,3506,996,4502
00309000,OHIO STATE UNIVERSITY-ALL CAMPUSES      ,OH,43210-1358,Public       ,5295,5277,10572,47317,23327,70644
00310000,OHIO UNIVERSITY                         ,OH,45701-2979,Public       ,2764,2942,5706,19044,7921,26965
00310002,"OHIO UNIVERSITY, ZANESVILLE CAMPUS      ",OH,43701-0000,Public       ,209,428,637,1006,1255,2261
00310003,"OHIO UNIVERSITY, LANCASTER CAMPUS       ",OH,43130-0000,Public       ,286,611,897,1104,1567,2671
00310004,"OHIO UNIVERSITY, SOUTHERN CAMPUS        ",OH,45638-0000,Public       ,166,481,647,729,1436,2165
00310005,"OHIO UNIVERSITY, CHILLICOTHE CAMPUS     ",OH,45601-0000,Public       ,258,733,991,871,1831,2702
00310006,"OHIO UNIVERSITY, EASTERN CAMPUS         ",OH,43950-0000,Public       ,117,99,216,453,257,710
00310008,OHIO UNIV COLL OF OSTEOPATHIC MED       ,OH,45701-0000,Public       ,2,315,317,14,487,501
00310900,OHIO WESLEYAN UNIVERSITY                ,OH,43015-2398,Private      ,136,28,164,2806,157,2963
00311000,OTTERBEIN UNIVERSITY                    ,OH,43081-2006,Private      ,469,269,738,3725,866,4591
00311300,PONTIFICAL COLLEGE JOSEPHINUM           ,OH,43235-1498,Private      ,13,4,17,27,12,39
00311400,FIRELANDS REGIONAL MEDICAL CENTER - SOUT,OH,44870-4788,Private      ,15,45,60,58,135,193
00311500,RABBINICAL COLLEGE OF TELSHE            ,OH,44092-2584,Private      ,1,0,1,1,1,2
00311600,UNIV OF RIO GRANDE                      ,OH,45674-3131,Private      ,314,612,926,1314,1438,2752
00311900,SINCLAIR COMMUNITY COLLEGE              ,OH,45402-1460,Public       ,2848,7508,10356,6536,15342,21878
00312100,TIFFIN UNIVERSITY                       ,OH,44883-2161,Private      ,843,2844,3687,2641,5275,7916
00312200,UNITED THEOLOGICAL SEMINARY             ,OH,45406-0000,Private      ,0,162,162,0,313,313
00312300,UNIVERSITY OF AKRON                     ,OH,44325-6211,Public       ,4503,4662,9165,19065,12748,31813
00312500,UNIVERSITY OF CINCINNATI                ,OH,45221-0125,Public       ,5302,6756,12058,23357,17539,40896
00312504,UNIVERSITY OF CINCINNATI - MEDICINE     ,OH,45267-0553,Public       ,60,517,577,301,1308,1609
00312700,UNIVERSITY OF DAYTON                    ,OH,45469-0002,Private      ,913,944,1857,10777,2994,13771
00313100,UNIVERSITY OF TOLEDO                    ,OH,43606-3390,Public       ,4135,3601,7736,16425,9371,25796
00313300,URBANA UNIVERSITY                       ,OH,43078-2091,Private      ,203,246,449,902,605,1507
00313400,URSULINE COLLEGE                        ,OH,44124-4398,Private      ,132,452,584,573,1075,1648
00313500,WALSH UNIVERSITY                        ,OH,44720-3396,Private      ,303,374,677,2474,1021,3495
00314100,WILBERFORCE UNIVERSITY                  ,OH,45384-1001,Private      ,139,122,261,822,410,1232
00314200,WILMINGTON COLLEGE                      ,OH,45177-2499,Private      ,221,161,382,1662,515,2177
00314300,WITTENBERG UNIVERSITY                   ,OH,45501-2199,Private      ,137,99,236,3483,286,3769
00314400,XAVIER UNIVERSITY                       ,OH,45207-1035,Private      ,572,904,1476,6945,2770,9715
00314500,YOUNGSTOWN STATE UNIVERSITY             ,OH,44555-0001,Public       ,2071,2496,4567,8468,6526,14994
00398200,CLEVELAND INSTITUTE OF ART              ,OH,44106-1700,Private      ,146,63,209,924,212,1136
00406000,WINEBRENNER THEOLOGICAL SEMINARY        ,OH,45840-0000,Private      ,1,20,21,1,36,37
00485200,CLARK STATE COMMUNITY COLLEGE           ,OH,45505-4795,Public       ,556,2074,2630,1346,4291,5637
00485300,BRADFORD SCHOOL                         ,OH,43219-0000,Proprietary  ,359,250,609,618,457,1075
00485500,DAVIS COLLEGE                           ,OH,43623-4307,Proprietary  ,40,358,398,86,549,635
00486100,UNIVERSITY OF NORTHWESTERN OHIO         ,OH,45805-1498,Private      ,1178,713,1891,3960,1646,5606
00486600,STAUTZENBERGER COLLEGE                  ,OH,43537-4007,Proprietary  ,177,806,983,310,1212,1522
00510200,SCH OF DIAGNOSTIC IMAGING-CLEVELAND     ,OH,44119-0000,Private      ,1,24,25,2,46,48
00531300,NORTH CENTRAL STATE COLLEGE             ,OH,44901-0000,Public       ,382,1096,1478,1001,2296,3297
00575300,OWENS STATE COMMUNITY COLLEGE           ,OH,43699-0000,Public       ,1928,4646,6574,4074,9150,13224
00648700,AULTMAN COLLEGE OF NURSING AND HEALTH SC,OH,44710-1799,Private      ,42,148,190,120,367,487
00648900,CHRIST COLLEGE OF NURSING AND HEALTH SCI,OH,45219-2906,Private      ,61,145,206,179,399,578
00649400,GOOD SAMARITAN COLG-NURSING/HEALTH      ,OH,45220-2489,Private      ,66,163,229,162,371,533
00649800,MERIDIA HURON SCHOOL OF NURSING         ,OH,44112-4308,Private      ,5,22,27,13,69,82
00650700,TRINIT HEALTH SYSTEM SCH OF NURSING     ,OH,43952-2667,Private      ,13,45,58,34,104,138
00680400,LAKELAND COMMUNITY COLLEGE              ,OH,44094-5198,Public       ,1017,2471,3488,2280,4762,7042
00686700,COLUMBUS STATE COMMUNITY COLLEGE        ,OH,43215-1786,Public       ,4114,10803,14917,9975,22407,32382
00703500,KETTERING COLLEGE OF MEDICAL ARTS       ,OH,45429-1299,Private      ,120,310,430,524,847,1371
00708500,MOUNT VERNON NAZARENE UNIVERSITY        ,OH,43050-9500,Private      ,335,224,559,1493,576,2069
00708501,MOUNT VERNON NAZARENE UNIV - AGS        ,OH,43050-0000,Private      ,24,261,285,147,584,731
00727500,EASTERN GATEWAY COMMUNITY COLLEGE       ,OH,43952-3598,Public       ,246,619,865,621,1325,1946
00732920,ITT TECHNICAL INSTITUTE                 ,OH,45414-3456,Proprietary  ,161,731,892,256,1006,1262
00732992,ITT TECHNICAL INSTITUTE                 ,OH,44509-4098,Proprietary  ,239,644,883,383,1175,1558
00747300,CHOFFIN CAREER & TECHNICAL CENTER       ,OH,44503-1628,Public       ,32,112,144,56,248,304
00759800,HOCKING TECHNICAL COLLEGE               ,OH,45764-9582,Public       ,1267,1550,2817,3096,3180,6276
00777700,REMINGTON COLLEGE - CLEVELAND CAMPUS    ,OH,44125-1957,Proprietary  ,133,768,901,200,1149,1349
00777704,REMINGTON COLLEGE-CLEVELAND WEST CAMPUS ,OH,44070-3129,Proprietary  ,40,134,174,71,282,353
00812900,ADULT AND COMMUNITY EDUCATION @ HUDSON  ,OH,43211-2017,Public       ,19,187,206,31,336,367
00813200,TOLEDO SCHOOL OF PRACTICAL NURSING      ,OH,43613-5110,Public       ,24,149,173,76,267,343
00813300,ZANE STATE COLLEGE                      ,OH,43701-2626,Public       ,306,715,1021,971,2102,3073
00819400,AKRON SCHOOL OF PRACTICAL NRSG          ,OH,44311-0000,Public       ,32,106,138,107,234,341
00827800,TERRA COMMUNITY COLLEGE                 ,OH,43420-9670,Public       ,311,936,1247,659,1775,2434
00867700,NORTHWEST STATE COMMUNITY COLLEGE       ,OH,43502-9542,Public       ,310,916,1226,797,2150,2947
00888600,PORTAGE LAKES CAREER CENTER             ,OH,44685-9554,Public       ,8,60,68,13,96,109
00915600,WAYNE COUNTY SCHOOLS CAREER CENTER      ,OH,44677-9672,Public       ,25,92,117,36,164,200
00917200,SPRINGFIELD REGIONAL SCHOOL OF NURSING  ,OH,45501-0000,Private      ,9,26,35,14,55,69
00941200,FORTIS COLLEGE                          ,OH,44221-2998,Proprietary  ,122,640,762,201,970,1171
00953000,GERBER AKRON BEAUTY SCHOOL              ,OH,44313-6995,Proprietary  ,9,27,36,19,62,81
00953100,SPA SCHOOL (THE)                        ,OH,43214-1524,Proprietary  ,18,74,92,37,150,187
00966000,TIFFIN ACADEMY OF HAIR DESIGN           ,OH,44883-2833,Proprietary  ,23,32,55,39,70,109
00994100,BELMONT TECHNICAL COLLEGE               ,OH,43950-9766,Public       ,279,743,1022,686,1382,2068
00994200,SHAWNEE STATE UNIVERSITY                ,OH,45662-4344,Public       ,1003,892,1895,3948,2083,6031
01001700,PAYNE THEOLOGICAL SEMINARY              ,OH,45384-0474,Private      ,0,60,60,0,101,101
01002700,JAMES A. RHODES STATE COLLEGE           ,OH,45804-3597,Public       ,463,1258,1721,1366,2624,3990
01016800,NATIONWIDE BEAUTY ACADEMY               ,OH,43228-1000,Proprietary  ,47,76,123,74,163,237
01028000,OHIO STATE BEAUTY ACADEMY               ,OH,45801-4950,Proprietary  ,23,63,86,64,104,168
01032300,HANNAH E MULLINS SCH-PRAC NRSG          ,OH,44460-2906,Public       ,12,50,62,19,98,117
01034500,CINCINNATI STATE TECH & COMM CLG        ,OH,45223-2690,Public       ,1351,3856,5207,4047,9849,13896
01045300,WASHINGTON STATE CMTY COLLEGE           ,OH,45750-9225,Public       ,249,524,773,781,1111,1892
01063000,NORTHERN INSTITUTE OF COSMETOLOGY       ,OH,44052-1803,Proprietary  ,1,19,20,1,32,33
01073600,MARION TECHNICAL COLLEGE                ,OH,43302-5694,Public       ,265,795,1060,692,1684,2376
01088000,CHATFIELD COLLEGE                       ,OH,45118-9705,Private      ,25,146,171,50,251,301
01088100,STARK STATE COLLEGE OF TECHNOLOGY       ,OH,44720-7299,Public       ,1415,5073,6488,2959,9761,12720
01090600,CINCINNATI CLG OF MORTUARY SCIENCE      ,OH,45224-1428,Private      ,32,81,113,87,164,251
01092300,UNION INSTITUTE & UNIVERSITY            ,OH,45206-1925,Private      ,9,579,588,25,1196,1221
01099300,HOBART INSTITUTE OF WELDING TECHNOLOGY  ,OH,45373-2400,Private      ,59,79,138,188,170,358
01100500,KAPLAN COLLEGE                          ,OH,43232-4827,Proprietary  ,66,425,491,114,820,934
01104600,CENTRAL OHIO TECHNICAL COLLEGE          ,OH,43055-1767,Public       ,390,1233,1623,1320,3983,5303
01170300,PENTA COUNTY JOINT VOCATIONAL SCH       ,OH,43551-0000,Public       ,8,53,61,12,73,85
01174400,NATIONAL BEAUTY COLLEGE                 ,OH,44720-0000,Proprietary  ,14,64,78,24,116,140
01174500,OHIO TECHNICAL COLLEGE                  ,OH,44103-1228,Proprietary  ,397,234,631,1333,672,2005
01182500,OHIO STATE SCHOOL OF COSMETOLOGY        ,OH,43224-1107,Proprietary  ,12,64,76,41,124,165
01212800,SOUTHWESTERN COLLEGE                    ,OH,45402-3003,Proprietary  ,55,509,564,75,726,801
01212802,SOUTHWESTERN COLLEGE                    ,OH,45005-2267,Proprietary  ,29,178,207,34,256,290
01212803,SOUTHWESTERN COLLEGE                    ,OH,45202-4304,Proprietary  ,24,342,366,38,515,553
01212804,SOUTHWESTERN COLLEGE                    ,OH,45246-3121,Proprietary  ,66,390,456,106,713,819
01212806,LINCOLN COLLEGE OF TECHNOLOGY - TOLEDO  ,OH,43615-6800,Proprietary  ,29,273,302,53,494,547
01212807,LINCOLN COLLEGE OF TECHNOLOGY - COLUMBUS,OH,43215-3602,Proprietary  ,5,22,27,5,22,27
01216600,CAROUSEL BEAUTY COLLEGE                 ,OH,45402-8935,Proprietary  ,25,100,125,42,133,175
01224800,CENTRAL SCHOOL OF PRACTICAL NURSING     ,OH,44103-4371,Private      ,13,135,148,42,282,324
01267200,CAROUSEL BEAUTY COLLEGE                 ,OH,45044-5113,Proprietary  ,3,14,17,6,20,26
01267400,CAROUSEL OF MIAMI VALLEY BEAUTY CLG     ,OH,45424-2063,Proprietary  ,1,7,8,2,10,12
01275000,EDISON COMMUNITY COLLEGE                ,OH,45356-9239,Public       ,321,755,1076,954,2097,3051
01283800,LAURA AND ALVIN SIEGAL COLLEGE OF JUDAIC,OH,44122-7197,Private      ,1,3,4,2,5,7
01284800,MOLER-HOLLYWOOD BEAUTY COLLEGE          ,OH,45202-2577,Proprietary  ,5,20,25,9,41,50
01287000,SOUTHERN STATE COMMUNITY COLLEGE        ,OH,45133-9406,Public       ,363,1009,1372,912,2296,3208
01289100,ANTONELLI COLLEGE                       ,OH,45202-2592,Proprietary  ,60,224,284,133,374,507
01289600,VIRGINIA MARTI COLLEGE OF ART AND DESIGN,OH,44107-0778,Proprietary  ,64,65,129,142,149,291
01313200,INTERNATIONAL CLG OF BROADCASTING       ,OH,45431-1898,Proprietary  ,17,57,74,36,85,121
02052000,KAPLAN COLLEGE                          ,OH,45439-1984,Proprietary  ,73,416,489,138,691,829
02054300,TRUMBULL BUSINESS COLLEGE               ,OH,44484-0000,Proprietary  ,19,254,273,25,345,370
02056800,DAYMAR COLLEGE                          ,OH,45601-1038,Proprietary  ,17,169,186,35,353,388
02056802,DAYMAR COLLEGE - LANCASTER              ,OH,43130-0000,Proprietary  ,14,77,91,20,159,179
02056803,DAYMAR COLLEGE - NEW BOSTON             ,OH,45662-4900,Proprietary  ,11,121,132,19,144,163
02056804,DAYMAR COLLEGE - JACKSON                ,OH,45640-1728,Proprietary  ,13,96,109,22,152,174
02066100,OHIO STATE COLLEGE/BARBER STYLING       ,OH,43213-0000,Proprietary  ,17,52,69,50,104,154
02073300,GALLIA-JACKSON-VINTON SCH ADULT ED      ,OH,45674-0000,Public       ,17,74,91,37,148,185
02110700,CLEVELAND INST OF DENTAL-MED ASST       ,OH,44115-2285,Proprietary  ,48,174,222,66,297,363
02116009,SANFORD-BROWN COLLEGE - MIDDLEBURG HEIGH,OH,44130-8362,Proprietary  ,103,437,540,170,901,1071
02116900,UPPER VALLEY JVS                        ,OH,45356-0000,Public       ,5,90,95,13,162,175
02117300,GREAT OAKS INSTITUTE OF TECHNOLOGY      ,OH,45241-1581,Public       ,51,258,309,122,505,627
02128600,THE ART INSTITUTE OF CINCINNATI         ,OH,45246-0000,Proprietary  ,96,57,153,351,182,533
02140700,COMMUNITY EDUCATIONAL SERVICES          ,OH,44702-1710,Public       ,10,95,105,19,167,186
02152100,ACADEMY OF COURT REPORTING AND TECHNOLOG,OH,44115-0000,Proprietary  ,20,141,161,29,294,323
02152101,ACADEMY OF COURT REPORTING & TECHNOLOGY ,OH,43215-3902,Proprietary  ,51,261,312,72,431,503
02152106,ACADEMY OF COURT REPORTING AND TECHNOLOG,OH,45241-5428,Proprietary  ,14,52,66,21,124,145
02158500,OHIO BUSINESS COLLEGE                   ,OH,44035-0701,Proprietary  ,41,286,327,61,505,566
02158501,OHIO BUSINESS COLLEGE                   ,OH,44870-9953,Proprietary  ,31,257,288,50,461,511
02168100,TRI-COUNTY JOINT VOCATIONAL SCHOOL      ,OH,45764-0000,Public       ,12,46,58,25,81,106
02187900,ASHTABULA CO JOINT VOC SCH ADULT ED     ,OH,44047-0000,Public       ,16,56,72,19,108,127
02189000,ADULT CENTER FOR EDUCATION              ,OH,43701-0000,Public       ,33,151,184,59,273,332
02190700,FORTIS COLLEGE                          ,OH,45459-0000,Proprietary  ,174,1380,1554,263,2294,2557
02192100,BUTLER TECHNOLOGY AND CAREER DEVELOPMENT,OH,45011-0000,Public       ,51,262,313,133,477,610
02196300,COLLINS CAREER CENTER                   ,OH,45619-0000,Public       ,55,204,259,142,436,578
02210800,MEDINA COUNTY CAREER CENTER             ,OH,44256-0000,Public       ,18,48,66,26,87,113
02215400,OHIO STATE SCHOOL OF COSMETOLOGY        ,OH,43207-0000,Proprietary  ,21,60,81,66,145,211
02220500,GOD'S BIBLE SCHOOL & COLLEGE            ,OH,45210-0000,Private      ,93,31,124,144,50,194
02220800,CAREER & TECHNOLOGY EDUCATION CENTERS OF,OH,43055-0000,Public       ,13,99,112,34,198,232
02239800,PIONEER CAREER & TECHNOLOGY CENTER      ,OH,44875-0000,Public       ,3,25,28,3,43,46
02245600,WARREN COUNTY CAREER CENTER             ,OH,45036-0000,Public       ,15,79,94,45,191,236
02246300,INSTITUTE OF MEDICAL-DENTAL TECH        ,OH,45246-3317,Proprietary  ,7,68,75,11,114,125
02263700,MIAMI VALLEY CAREER TECHNOLOGY CTR      ,OH,45315-0000,Public       ,39,167,206,73,290,363
02269400,EASTERN HILLS ACAD OF HAIR DESIGN       ,OH,45255-0000,Proprietary  ,9,46,55,17,66,83
02269500,WESTERN HILLS SCHOOL OF BEAUTY & HAIR DE,OH,45211-0000,Proprietary  ,11,92,103,25,135,160
02270100,OHIO HI-POINT CAREER CENTER             ,OH,43311-0000,Public       ,19,111,130,35,209,244
02272700,COLUMBIANA COUNTY CAREER CENTER         ,OH,44432-0000,Public       ,10,87,97,15,132,147
02287900,RAPHAEL'S SCHOOL OF BEAUTY CULTURE      ,OH,44446-0000,Proprietary  ,12,59,71,23,82,105
02289802,KAPLAN COLLEGE                          ,OH,45203-0000,Proprietary  ,45,287,332,75,507,582
02301400,OHIO VALLEY COLLEGE OF TECHNOLOGY       ,OH,43920-9139,Proprietary  ,62,82,144,104,173,277
02303600,FORTIS COLLEGE - RAVENNA CAMPUS         ,OH,44266-0000,Proprietary  ,44,175,219,87,400,487
02304700,TRI-RIVERS CAREER CENTER                ,OH,43302-0000,Public       ,15,84,99,27,175,202
02311200,AMERICAN SCHOOL OF TECHNOLOGY           ,OH,43229-0000,Proprietary  ,19,192,211,39,320,359
02315500,TOLEDO ACADEMY OF BEAUTY CULTURE - EAST ,OH,43616-0000,Proprietary  ,10,56,66,17,84,101
02324400,ALLSTATE HAIRSTYLING & BARBER CLG       ,OH,44113-0000,Proprietary  ,17,105,122,44,200,244
02328500,MOLER-PICKENS BEAUTY COLLEGE            ,OH,45014-0000,Proprietary  ,4,13,17,6,22,28
02334300,INTERNATIONAL ACAD OF HAIR DESIGN       ,OH,45239-0000,Proprietary  ,37,67,104,58,121,179
02336300,KNOX COUNTY CAREER CENTER               ,OH,43050-4298,Public       ,16,91,107,38,243,281
02336700,CUYAHOGA VALLEY CAREER CENTER           ,OH,44141-1296,Public       ,16,113,129,36,189,225
02337700,PROFESSIONAL SKILLS INSTITUTE           ,OH,43607-0000,Proprietary  ,50,312,362,99,615,714
02351500,WILLOUGHBY EASTLAKE SCH OF PRAC NSG     ,OH,44094-0000,Public       ,4,47,51,8,82,90
02352800,POLARIS CAREER CENTER-ADULT ED DEPT     ,OH,44130-0000,Public       ,32,124,156,54,220,274
02354200,SCIOTO COUNTY JOINT VOCATIONAL SCH      ,OH,45648-0000,Public       ,27,94,121,49,184,233
02454400,NORTHEASTERN OHIO UNIVS COL OF MED      ,OH,44272-0000,Public       ,7,109,116,123,791,914
02497800,GREENE COUNTY CAREER CENTER             ,OH,45385-0000,Public       ,4,56,60,13,103,116
02512600,ADULT VOCATIONAL SERVICES               ,OH,44308-0000,Public       ,4,28,32,10,56,66
02519300,OHIO STATE SCH COSMETOLOGY              ,OH,43110-2754,Proprietary  ,39,65,104,61,131,192
02522700,EASTLAND-FAIRFIELD CAREER AND TECHNICAL ,OH,43125-0000,Public       ,13,87,100,23,171,194
02528300,TDDS TECHNICAL INSTITUTE                ,OH,44429-0000,Proprietary  ,32,195,227,54,322,376
02529500,HAMRICK SCHOOL                          ,OH,44256-0000,Proprietary  ,3,63,66,4,82,86
02541400,TOLEDO ACADEMY OF BEAUTY CULTURE-SO     ,OH,43614-0000,Proprietary  ,18,70,88,38,142,180
02545800,INNER STATE BEAUTY SCHOOLS              ,OH,44124-0000,Proprietary  ,12,59,71,22,112,134
02553000,SCHOOL OF ADVERTISING ART               ,OH,45440-0000,Proprietary  ,76,13,89,182,22,204
02560000,CASAL AVEDA INSTITUTE                   ,OH,44515-0000,Proprietary  ,21,36,57,45,84,129
02560700,PICKAWAY ROSS CO JOINT VOC TECH SCH     ,OH,45601-0000,Public       ,25,103,128,46,208,254
02560701,PICKAWAY ROSS COUNTY JOINT VOCATIONAL SC,OH,45601-9010,Public       ,13,29,42,22,68,90
02562300,APOLLO CAREER CENTER-ADULT EDUC         ,OH,45806-0000,Public       ,28,192,220,58,369,427
02563000,RAPHAELS SCHOOL OF BEAUTY CULTURE       ,OH,44601-2847,Proprietary  ,8,42,50,15,65,80
02568600,MAHONING COUNTY CAREER & TECH CENTR     ,OH,44406-0000,Public       ,3,20,23,7,34,41
02582900,KAPLAN CAREER INSTITUTE                 ,OH,44129-6810,Proprietary  ,42,246,288,51,378,429
02586400,TRUMBULL CAREER & TECH CENTER-ADULT     ,OH,44483-1997,Public       ,11,100,111,29,187,216
02588500,OHIO STATE SCHOOL OF COSMETOLOGY        ,OH,43081-0000,Proprietary  ,35,63,98,63,140,203
02599711,VATTEROTT COLLEGE - CLEVELAND           ,OH,44147-3502,Proprietary  ,22,156,178,32,334,366
02603800,LORAIN COUNTY JVS ADULT CAREER CTR      ,OH,44074-9799,Public       ,22,71,93,37,130,167
02611007,HERITAGE COLLEGE - COLUMBUS             ,OH,43213-4440,Proprietary  ,15,89,104,15,89,104
02620000,SANDUSKY CAREER CENTER                  ,OH,44870-4786,Public       ,8,52,60,18,91,109
03007900,GALLIPOLIS CAREER COLLEGE               ,OH,45631-2600,Proprietary  ,9,132,141,12,156,168
03009702,"HARRISON COLLEGE - MUNCIE - COLUMBUS, OH",OH,43123-0000,Proprietary  ,35,136,171,51,195,246
03015100,ALLIANCE HIGH SCH-CMTY SERVICES DIV     ,OH,44601-2899,Public       ,8,23,31,9,40,49
03015300,EHOVE CAREER CENTER                     ,OH,44846-9500,Public       ,27,163,190,55,336,391
03023700,MADISON ADULT CAREER CENTER             ,OH,44905-2718,Public       ,10,96,106,17,181,198
03024300,VALLEY BEAUTY SCHOOL                    ,OH,43725-2332,Proprietary  ,6,26,32,18,60,78
03027100,FAIRVIEW ACADEMY                        ,OH,44126-2214,Proprietary  ,3,18,21,5,41,46
03034200,WASHINGTON COUNTY CAREER CENTER ADULT TE,OH,45750-9290,Public       ,29,161,190,52,287,339
03051400,AUBURN CAREER CENTER                    ,OH,44077-9723,Public       ,9,25,34,18,72,90
03051500,US GRANT JOINT VOCATIONAL SCHOOL        ,OH,45106-9502,Public       ,0,2,2,2,6,8
03065900,BUCKEYE CAREER CENTER                   ,OH,44663-9437,Public       ,29,89,118,57,178,235
03067600,RAPHAEL'S SCHOOL OF BEAUTY CULTURE      ,OH,44512-2222,Proprietary  ,10,24,34,15,39,54
03068200,OHIO CENTER FOR BROADCASTING            ,OH,44125-6273,Proprietary  ,17,68,85,43,131,174
03068202,OHIO CENTER FOR BROADCASTING - COLUMBUS ,OH,43213-2571,Proprietary  ,26,73,99,50,135,185
03071900,MOUNT CARMEL COLLEGE OF NURSING         ,OH,43222-1598,Private      ,206,314,520,710,710,1420
03072303,EVEREST INSTITUTE - COLUMBUS            ,OH,43230-6653,Proprietary  ,36,217,253,72,447,519
03078000,OHIO CENTER FOR BROADCASTING            ,OH,45227-1509,Proprietary  ,5,28,33,16,70,86
03079000,ETI TECHNICAL COLLEGE                   ,OH,44446-4398,Proprietary  ,38,141,179,62,234,296
03084800,DELAWARE AREA CAREER CENTER             ,OH,43015-8969,Public       ,3,16,19,6,33,39
03084801,DELAWARE AREA CAREER CENTER -           ,OH,43015-9001,Public       ,0,6,6,1,17,18
03095600,VANTAGE CAREER CENTER                   ,OH,45891-1378,Public       ,8,36,44,17,76,93
03097000,MERCY COLLEGE OF NORTHWEST OHIO         ,OH,43604-1132,Private      ,146,457,603,466,1048,1514
03100100,PARAMOUNT BEAUTY ACADEMY                ,OH,45662-4136,Proprietary  ,18,43,61,27,69,96
03116200,DAYTON BARBER COLLEGE                   ,OH,45342-0000,Proprietary  ,6,31,37,15,55,70
03116300,OHIO COLLEGE OF MASSOTHERAPY            ,OH,44321-1363,Private      ,6,53,59,19,105,124
03116400,VANGUARD-SENTINELL VOC SCH DISTRICT     ,OH,43420-1197,Public       ,2,29,31,5,47,52
03117000,ASHLAND COUNTY-W HOLMES CAREER CTR      ,OH,44805-0000,Public       ,11,58,69,27,103,130
03319300,CREATIVE IMAGES-A CERTIFIED MATRIX      ,OH,45414-2557,Proprietary  ,35,108,143,52,137,189
03319301,CREATIVE IMAGES-A CERTIFIED MATRIX      ,OH,45459-0000,Proprietary  ,35,97,132,51,133,184
03416400,VALLEY BEAUTY SCHOOL                    ,OH,43701-3624,Proprietary  ,2,19,21,7,46,53
03425300,ROSEDALE BIBLE COLLEGE                  ,OH,43029-9517,Private      ,16,4,20,45,8,53
03457300,ALLEGHENY WESLEYAN COLLEGE              ,OH,44460-9598,Private      ,10,11,21,22,20,42
03468400,NATIONAL INSTITUTE OF MASSOTHERAPY      ,OH,44319-2100,Proprietary  ,7,39,46,13,62,75
03468500,ATS INSTITUTE OF TECHNOLOGY             ,OH,44143-2216,Proprietary  ,10,284,294,27,523,550
03475400,TRI-STATE BIBLE COLLEGE                 ,OH,45680-8402,Private      ,3,18,21,8,36,44
03534400,AMERICAN INST OF ALTERNATIVE MEDICI     ,OH,43229-1113,Proprietary  ,15,199,214,34,366,400
03626300,BROWN AVEDA INSTITUTE                   ,OH,44060-6212,Proprietary  ,72,100,172,131,191,322
03693300,CARNEGIE CAREER COLLEGE                 ,OH,44260-9608,Private      ,7,120,127,16,289,305
03700300,REGENCY BEAUTY INSTITUTE - CLEVELAND    ,OH,44094-0000,Proprietary  ,31,82,113,57,170,227
03726300,TEMPLE BAPTIST COLLEGE                  ,OH,45240-0000,Private      ,21,20,41,25,34,59
03747300,BEXLEY HALL SEMINARY                    ,OH,43209-2325,Private      ,0,12,12,0,22,22
03776400,HEALING ARTS INSTITUTE                  ,OH,43551-3138,Proprietary  ,2,17,19,8,40,48
03837300,AVEDA FREDRIC'S INSTITUTE               ,OH,45208-1304,Proprietary  ,61,106,167,115,192,307
03882300,OREGON CAREER CENTER                    ,OH,43616-2631,Public       ,0,11,11,3,23,26
04050400,DESIGNER'S BEAUTY ACADEMY               ,OH,43920-0000,Proprietary  ,0,0,0,5,7,12
04051307,ART INSTITUTE OF PHOENIX (THE) - BROWN M,OH,45215-1107,Proprietary  ,168,698,866,363,1694,2057
04051317,ART INSTITUTE OF PHOENIX (THE) - BROWN M,OH,45840-6848,Proprietary  ,137,698,835,242,1332,1574
04051326,ART INSTITUTE OF PHOENIX (THE) - BROWN M,OH,44718-3674,Proprietary  ,15,45,60,39,180,219
04068300,FOUR COUNTY CAREER CENTER               ,OH,43512-9541,Public       ,7,16,23,10,42,52
04074300,HONDROS COLLEGE                         ,OH,43081-3855,Proprietary  ,105,836,941,188,1463,1651
04116700,NEWLIFE TECHNICAL INSTITUTE             ,OH,43920-2920,Private      ,2,6,8,4,13,17
04117300,DAYTON SCHOOL OF MEDICAL MASSAGE        ,OH,45429-1111,Proprietary  ,60,213,273,104,356,460
04118300,NORTHCOAST MEDICAL TRAINING ACADEMY     ,OH,44240-4174,Proprietary  ,28,77,105,46,131,177
04124500,TECHSKILLS                              ,OH,43231-0000,Proprietary  ,10,95,105,16,137,153
04125700,CUT BEAUTY SCHOOL (THE)                 ,OH,44118-2918,Proprietary  ,15,81,96,36,149,185
04126000,OHIO ACADEMY PAUL MITCHELL PARTNER SCHOO,OH,44087-3107,Proprietary  ,25,46,71,52,93,145
04137800,AVEDA INSTITUTE COLUMBUS                ,OH,43201-2333,Proprietary  ,61,97,158,118,191,309
04138000,INSTITUTE OF THERAPEUTIC MASSAGE        ,OH,45875-0350,Proprietary  ,6,21,27,13,35,48
04140100,CISORIA ACADEMY OF COSMETOLOGY          ,OH,44137-2915,Proprietary  ,9,32,41,17,64,81
04149100,CINCINNATI ACADEMY A PAUL MITCHELL PARTN,OH,45241-1702,Proprietary  ,43,63,106,71,118,189
04151400,VANITY SCHOOL OF COSMETOLOGY            ,OH,44035-0000,Proprietary  ,6,12,18,9,22,31
04152100,TOLEDO RESTAURANT TRAINING CENTER       ,OH,43604-6508,Private      ,0,7,7,2,29,31
04152600,PIKE COUNTY CAREER TECHNOLOGY CENTER    ,OH,45661-9114,Public       ,7,53,60,11,84,95
04153300,OHIO ACADEMY COLUMBUS (THE)             ,OH,43231-6038,Proprietary  ,29,36,65,58,77,135
04154000,TOLLES CAREER & TECHNICAL CENTER        ,OH,43064-8854,Public       ,8,18,26,11,26,37
04166800,SALON PROFESSIONAL ACADEMY (THE)        ,OH,45551-0000,Proprietary  ,25,46,71,41,73,114
04167700,ARTISAN COLLEGE OF COSMETOLOGY (THE)    ,OH,45840-6848,Proprietary  ,7,24,31,19,33,52
04185900,ELITE SCHOOL OF COSMETOLOGY             ,OH,44857-2714,Proprietary  ,4,15,19,4,15,19
        ,INVALID SCHOOL CODE                     ,  ,00000-0000,,1327,2580,3907,2532,4417,6949
00134500,ADAMS STATE COLLEGE                     ,CO,81102-2373,Public       ,578,771,1349,2242,1560,3802
00134600,ARAPAHOE COMMUNITY COLLEGE              ,CO,80160-9002,Public       ,829,2405,3234,1931,4585,6516
00134700,COLORADO COLLEGE                        ,CO,80903-3294,Private      ,157,183,340,2833,529,3362
00134800,COLORADO SCHOOL OF MINES                ,CO,80401-1887,Public       ,377,292,669,5493,1126,6619
00134900,UNIVERSITY OF NORTHERN COLORADO         ,CO,80639-0001,Public       ,1377,1232,2609,9795,4213,14008
00135000,COLORADO STATE UNIVERSITY               ,CO,80523-0100,Public       ,3310,2989,6299,21740,9517,31257
00135200,DENVER  SEMINARY                        ,CO,80120-2192,Private      ,0,219,219,2,530,532
00135300,FORT LEWIS COLLEGE                      ,CO,81301-3999,Public       ,822,476,1298,3520,1212,4732
00135400,ILIFF SCHOOL OF THEOLOGY                ,CO,80210-0000,Private      ,0,96,96,2,288,290
00135500,LAMAR COMMUNITY COLLEGE                 ,CO,81052-3999,Public       ,93,100,193,263,177,440
00135800,MESA STATE COLLEGE                      ,CO,81501-7682,Public       ,1360,1300,2660,5426,3007,8433
00135900,COLORADO NORTHWESTERN COMMUNITY COLLEGE ,CO,81648-3598,Public       ,113,141,254,280,312,592
00136000,METROPOLITAN STATE CLG OF DENVER        ,CO,80204-0000,Public       ,3193,5587,8780,9393,13306,22699
00136100,NORTHEASTERN JUNIOR COLLEGE             ,CO,80751-2399,Public       ,310,186,496,1121,408,1529
00136200,OTERO JUNIOR COLLEGE                    ,CO,81050-3346,Public       ,186,240,426,489,432,921
00136300,REGIS UNIVERSITY                        ,CO,80221-1099,Private      ,294,2520,2814,2983,7582,10565
00136500,COLORADO STATE UNIVERSITY-PUEBLO        ,CO,81001-4901,Public       ,680,1445,2125,4562,3709,8271
00136800,TRINIDAD STATE JR COLLEGE               ,CO,81082-2396,Public       ,215,394,609,446,695,1141
00137000,UNIVERSITY OF COLORADO-BOULDER          ,CO,80309-0077,Public       ,3362,2314,5676,21375,8403,29778
00137100,UNIVERSITY OF DENVER                    ,CO,80208-2000,Private      ,585,1932,2517,7298,8242,15540
00137200,WESTERN STATE COLLEGE                   ,CO,81231-0000,Public       ,432,219,651,1885,511,2396
00405702,NATIONAL AMERICAN UNIVERSITY - COLORADO ,CO,80920-4001,Proprietary  ,7,82,89,15,189,204
00405703,NATIONAL AMERICAN UNIVERSITY            ,CO,80222-0000,Proprietary  ,9,91,100,21,193,214
00450300,EVEREST COLLEGE                         ,CO,80916-3548,Proprietary  ,42,332,374,85,611,696
00450600,COLORADO MOUNTAIN COLLEGE               ,CO,81602-0000,Public       ,411,535,946,1219,1173,2392
00450700,EVEREST COLLEGE                         ,CO,80229-4339,Proprietary  ,40,182,222,57,371,428
00450701,"EVEREST COLLEGE- EVEREST COLLEGE, AURORA",CO,80012-5692,Proprietary  ,50,309,359,76,447,523
00450800,UNIVERSITY OF COLORADO DENVER           ,CO,80204-2029,Public       ,1756,4759,6515,6369,11924,18293
00450900,UNIV OF COLORADO AT COLO SPRINGS        ,CO,80918-3735,Public       ,1131,1417,2548,5609,4122,9731
00559600,EMILY GRIFFITH OPPORTUNITY SCH          ,CO,80204-2197,Public       ,136,700,836,350,1338,1688
00729700,REDSTONE COLLEGE                        ,CO,80020-9988,Proprietary  ,128,370,498,246,782,1028
00732912,ITT TECHNICAL INSTITUTE                 ,CO,80229-5338,Proprietary  ,112,587,699,160,813,973
00754700,LINCOLN COLLEGE OF TECHNOLOGY           ,CO,80223-2013,Proprietary  ,376,377,753,690,657,1347
00754800,WESTWOOD COLLEGE - DENVER NORTH         ,CO,80221-3653,Proprietary  ,126,470,596,279,1088,1367
00754801,WESTWOOD COLLEGE - DENVER SOUTH         ,CO,80227-3653,Proprietary  ,48,267,315,97,536,633
00758200,AIMS COMMUNITY COLLEGE                  ,CO,80632-0000,Public       ,577,1114,1691,1812,2936,4748
00764900,ROCKY MOUNTAIN COLG OF ART & DESIGN     ,CO,80214-0000,Proprietary  ,139,123,262,764,370,1134
00793300,FRONT RANGE COMMUNITY COLLEGE           ,CO,80031-2199,Public       ,2201,4419,6620,5453,10325,15778
00863500,INTELLITEC MEDICAL INSTITUTE            ,CO,80909-1570,Proprietary  ,30,210,240,62,366,428
00887100,CONCORDE CAREER INSTITUTE               ,CO,80203-0000,Proprietary  ,93,374,467,152,708,860
00889600,PIKES PEAK COMMUNITY COLLEGE            ,CO,80906-5498,Public       ,1388,4219,5607,3128,8305,11433
00940100,COLORADO CHRISTIAN UNIVERSITY           ,CO,80226-7449,Private      ,351,1137,1488,1597,2208,3805
00954200,COMMUNITY COLLEGE OF DENVER             ,CO,80217-2026,Public       ,1499,3975,5474,3892,8626,12518
00954300,RED ROCKS COMMUNITY COLLEGE             ,CO,80228-1255,Public       ,847,2214,3061,2132,4498,6630
00998100,MORGAN COMMUNITY COLLEGE                ,CO,80701-4399,Public       ,79,316,395,238,608,846
01014800,COLORADO TECHNICAL UNIVERSITY           ,CO,80907-3896,Proprietary  ,156,2827,2983,330,5761,6091
01014802,COLORADO TECHNICAL UNIV - DENVER        ,CO,80111-3201,Proprietary  ,34,287,321,60,706,766
01014805,COLORADO TECH UNIV - ON LINE            ,CO,80907-0000,Proprietary  ,500,12764,13264,863,23468,24331
01014806,COLORADO TECH UNIV - FED EXPRESS        ,CO,80921-3800,Proprietary  ,5,33,38,8,67,75
01014808,COLORADO TECH UNIV - USAA               ,CO,80920-1005,Proprietary  ,5,31,36,10,60,70
01014811,COLORADO TECH UNIV-HEWLETT PACKARD      ,CO,80919-2303,Proprietary  ,2,10,12,3,22,25
01014812,COLORADO TECHNICAL UNIVERSITY - WESTMINS,CO,80021-3498,Proprietary  ,40,394,434,79,889,968
01014813,COLORADO TECH UNIV - ORACLE             ,CO,80921-3660,Proprietary  ,1,12,13,1,38,39
01014815,COLORADO TECHNCL UNIV PUEBLO            ,CO,81003-2315,Proprietary  ,13,187,200,36,397,433
01070900,EMPIRE BEAUTY SCHOOL-LAKEWOOD           ,CO,80215-0000,Proprietary  ,14,43,57,33,98,131
01073200,SAN JUAN BASIN TECHNICAL COLLEGE        ,CO,81328-9196,Public       ,0,0,0,2,8,10
01157200,COLORADO SCHOOL OF TRADES               ,CO,80215-2996,Proprietary  ,21,130,151,48,262,310
01267000,BEL-REA INST OF ANIMAL TECH             ,CO,80247-3048,Proprietary  ,193,321,514,362,675,1037
01285000,INTERNATIONAL SALON AND SPA ACADEMY     ,CO,80918-3684,Proprietary  ,37,109,146,56,148,204
01287500,PICKENS TECHNICAL COLLEGE               ,CO,80011-9307,Public       ,126,337,463,239,587,826
01300700,NAZARENE BIBLE COLLEGE                  ,CO,80910-3717,Private      ,21,200,221,43,449,492
02072200,EMPIRE BEAUTY SCHOOL -ARVADA            ,CO,80212-0000,Proprietary  ,27,91,118,43,145,188
02078900,ART INSTITUTE OF COLORADO (THE)         ,CO,80203-2983,Proprietary  ,545,824,1369,1256,1571,2827
02116300,PUEBLO COMMUNITY COLLEGE                ,CO,81004-0000,Public       ,553,1922,2475,1305,3964,5269
02117500,NAROPA UNIVERSITY                       ,CO,80302-0000,Private      ,57,234,291,315,1252,1567
02133100,COLORADO CENTER FOR MEDICAL LABORATORY S,CO,80218-0000,Private      ,3,22,25,8,54,62
02141100,EMPIRE BEAUTY SCHOOL-LITTLETON          ,CO,80030-0000,Proprietary  ,41,84,125,64,152,216
02156200,DELTA - MONTROSE TECHNICAL COLLEGE      ,CO,81416-0000,Public       ,32,98,130,68,181,249
02160600,EMPIRE BEAUTY SCHOOL -THORNTON          ,CO,80241-1659,Proprietary  ,23,53,76,36,98,134
02165200,SALON PROFESSIONAL ACADEMY (THE)        ,CO,81504-5309,Proprietary  ,12,20,32,22,46,68
02167600,KAPLAN COLLEGE                          ,CO,80229-5309,Proprietary  ,21,194,215,63,405,468
02171300,TRINIDAD STATE JUNIOR COLLEGE           ,CO,81101-0000,Proprietary  ,0,2,2,0,2,2
02188700,DENVER ACAD OF COURT REPORTING          ,CO,80030-0000,Proprietary  ,18,116,134,21,163,184
02211901,CHEEKS INTERNATIONAL ACADEMY OF BEAUTY C,CO,80525-3053,Proprietary  ,7,16,23,19,36,55
02211902,CHEEKS INTERNATIONAL ACDMY BTY CULT     ,CO,80631-0000,Proprietary  ,4,16,20,12,31,43
02253700,INTELLITEC COLLEGE                      ,CO,80909-0000,Proprietary  ,19,116,135,36,201,237
02267500,GLENWOOD BEAUTY ACADEMY                 ,CO,81601-0000,Proprietary  ,0,12,12,2,15,17
02276900,COMMUNITY COLLEGE OF AURORA             ,CO,80011-9036,Public       ,792,2493,3285,1760,4522,6282
02518500,HAIR DYNAMICS EDUCATION CENTER          ,CO,80525-0000,Proprietary  ,34,59,93,60,103,163
02594300,COLLEGE AMERICA - DENVER                ,CO,80222-3380,Proprietary  ,239,1244,1483,324,1967,2291
02611000,HERITAGE COLLEGE                        ,CO,80212-7413,Proprietary  ,101,318,419,163,561,724
03006300,INST OF BUSINESS & MEDICAL CAREERS      ,CO,80525-3044,Proprietary  ,140,541,681,232,979,1211
03010622,VIRGINIA COLLEGE - ECOTECH INSTITUTE - A,CO,80014-1405,Proprietary  ,48,170,218,80,358,438
03012100,REMINGTON COLLEGE - COLORADO SPRINGS CAM,CO,80215-0000,Proprietary  ,12,62,74,24,146,170
03013100,BOULDER COLLEGE OF MASSAGE THERAPY      ,CO,80301-3295,Private      ,16,76,92,57,144,201
03014900,PLATT COLLEGE                           ,CO,80014-3141,Proprietary  ,15,92,107,28,165,193
03027400,XENON INTERNATIONAL ACADEMY III         ,CO,80014-1193,Proprietary  ,12,46,58,29,82,111
03030606,UTAH COLLEGE OF MASSAGE THERAPY - DENVER,CO,80031-2921,Proprietary  ,31,66,97,48,122,170
03030607,UTAH COLLEGE OF MASSAGE THERAPY - DENVER,CO,80012-2523,Proprietary  ,35,66,101,58,134,192
03066900,INTELLITEC COLLEGE                      ,CO,81506-3994,Proprietary  ,63,258,321,86,322,408
03068201,OHIO CENTER FOR BROADCASTING - COLORADO ,CO,80214-4129,Proprietary  ,10,62,72,27,108,135
03076401,BRYMAN SCHOOL OF ARIZONA (THE) - ANTHEM ,CO,80014-2622,Proprietary  ,1,11,12,3,27,30
03289300,COLORADO HEIGHTS UNIVERSITY             ,CO,80236-2711,Private      ,21,54,75,39,111,150
03306300,MONTESSORI EDUC CRT OF THE ROCKIES      ,CO,80301-2587,Private      ,1,22,23,3,41,44
03534300,JONES INTERNATIONAL UNIVERSITY          ,CO,80112-3446,Proprietary  ,105,2618,2723,202,4722,4924
03545300,UNIVERSITY OF THE ROCKIES               ,CO,80903-3612,Proprietary  ,6,619,625,21,1355,1376
03584400,COLORADO SCHOOL OF HEALING ARTS         ,CO,80226-4332,Proprietary  ,30,108,138,45,164,209
03670300,TONI & GUY HAIRDRESSING ACADEMY         ,CO,80911-1713,Proprietary  ,30,69,99,55,116,171
03686300,COLORADO SCHOOL OF TRADITIONAL CHINESE M,CO,80206-2127,Proprietary  ,0,90,90,6,137,143
03776300,CULINARY SCHOOL OF THE ROCKIES          ,CO,80305-5961,Proprietary  ,41,96,137,105,191,296
03972300,CUTTIN' UP BEAUTY ACADEMY               ,CO,80220-0000,Proprietary  ,10,21,31,19,53,72
03976300,MASSAGE THERAPY INSTITUTE OF COLORADO   ,CO,80206-2127,Proprietary  ,19,39,58,40,84,124
04080300,ASPEN UNIVERSITY                        ,CO,80246-1930,Proprietary  ,14,81,95,35,189,224
04093300,ACADEMY OF NATURAL THERAPY              ,CO,80631-3425,Proprietary  ,11,27,38,25,62,87
04121200,INSTITUTE OF TAOIST EDUCATION AND ACUPUN,CO,80027-1028,Private      ,0,21,21,0,33,33
04125100,MONTESSORI CASA INTERNATIONAL           ,CO,80111-5263,Private      ,0,6,6,0,8,8
04127700,AMERICAN SENTINEL UNIVERSITY            ,CO,80014-6510,Proprietary  ,5,228,233,12,411,423
04139300,NATIONAL BEAUTY COLLEGE                 ,CO,80221-0000,Proprietary  ,13,45,58,31,82,113
04140400,ACADEMY OF MEDICAL & HEALTH SCIENCE     ,CO,81005-2195,Proprietary  ,3,23,26,28,77,105
04148300,DENVER SCHOOL OF NURSING                ,CO,80202-1213,Proprietary  ,60,353,413,160,760,920
04151100,SUMMIT SALON & BEAUTY SCHOOL            ,CO,80866-4569,Proprietary  ,0,9,9,3,11,14
04167100,AVEDA INSTITUTE DENVER                  ,CO,80202-0000,Proprietary  ,56,124,180,126,237,363
04170200,PAUL MITCHELL THE SCHOOL COLORADO SPRING,CO,80903-0000,Proprietary  ,56,84,140,95,168,263
04172500,ROLF INSTITUTE OF STRUCTURAL INTEGRATION,CO,80301-0000,Private      ,2,23,25,4,61,65
04173800,SALON PROFESSIONAL ACADEMY (THE)        ,CO,80918-2932,Proprietary  ,15,42,57,36,82,118
04177100,PIMA MEDICAL INSTITUTE-SOUTH DENVER     ,CO,80231-0000,Proprietary  ,33,139,172,83,295,378
04179700,UNITED BEAUTY COLLEGE                   ,CO,80223-2936,Proprietary  ,6,26,32,6,26,32
04183700,HEALING ARTS INSTITUTE                  ,CO,80525-3479,Proprietary  ,10,12,22,10,12,22
04185000,COLORADO ACADEMY OF VETERINARY TECHNOLOG,CO,80906-4944,Proprietary  ,13,38,51,23,51,74
00267811,BRYANT & STRATTON COLLEGE - VIRGINIA BEA,VA,23462-4417,Proprietary  ,181,940,1121,406,2145,2551
00370200,AVERETT UNIVERSITY                      ,VA,24541-3692,Private      ,309,545,854,1365,1171,2536
00370300,BLUEFIELD COLLEGE                       ,VA,24605-1799,Private      ,174,182,356,759,399,1158
00370400,BRIDGEWATER COLLEGE                     ,VA,22812-1599,Private      ,241,41,282,3470,210,3680
00370500,COLLEGE OF WILLIAM & MARY               ,VA,23187-8795,Public       ,375,477,852,10206,4257,14463
00370600,CHRISTOPHER NEWPORT UNIVERSITY          ,VA,23606-2998,Public       ,839,305,1144,7197,1004,8201
00370700,RICHARD BLAND COLLEGE                   ,VA,23805-7100,Public       ,413,219,632,1140,502,1642
00370800,EASTERN MENNONITE UNIVERSITY            ,VA,22802-2462,Private      ,239,150,389,1069,425,1494
00370900,EMORY & HENRY COLLEGE                   ,VA,24327-0010,Private      ,258,64,322,1424,160,1584
00371100,FERRUM COLLEGE                          ,VA,24088-2612,Private      ,504,77,581,2822,303,3125
00371200,TIDEWATER COMMUNITY COLLEGE             ,VA,23510-1910,Public       ,3206,7832,11038,7964,17265,25229
00371300,HAMPDEN-SYDNEY COLLEGE                  ,VA,23943-0128,Private      ,231,14,245,1332,48,1380
00371400,HAMPTON UNIVERSITY                      ,VA,23668-0099,Private      ,1189,987,2176,8542,3269,11811
00371500,HOLLINS UNIVERSITY                      ,VA,24020-0000,Private      ,133,170,303,956,570,1526
00371900,LONGWOOD UNIVERSITY                     ,VA,23909-1899,Public       ,701,213,914,5390,708,6098
00372000,LYNCHBURG COLLEGE                       ,VA,24501-3199,Private      ,624,313,937,3385,786,4171
00372100,JAMES MADISON UNIVERSITY                ,VA,22807-3780,Public       ,2152,589,2741,22408,2535,24943
00372300,MARY BALDWIN COLLEGE                    ,VA,24401-3610,Private      ,339,371,710,1486,860,2346
00372400,MARYMOUNT UNIVERSITY                    ,VA,22207-4224,Private      ,426,685,1111,2369,1975,4344
00372600,NATIONAL COLLEGE                        ,VA,24153-4524,Proprietary  ,140,1263,1403,456,4735,5191
00372700,NORTHERN VA CMTY CLG                    ,VA,22003-3743,Public       ,4896,6557,11453,10793,13485,24278
00372800,OLD DOMINION UNIVERSITY                 ,VA,23529-0052,Public       ,3192,4133,7325,17492,11548,29040
00373200,RADFORD UNIVERSITY                      ,VA,24142-6905,Public       ,1382,603,1985,9265,2272,11537
00373300,RANDOLPH-MACON COLLEGE                  ,VA,23005-5505,Private      ,343,34,377,2554,152,2706
00373400,RANDOLPH COLLEGE                        ,VA,24503-1526,Private      ,164,42,206,809,111,920
00373500,VIRGINIA COMMONWEALTH UNIVERSITY        ,VA,23284-9004,Public       ,4390,4563,8953,20936,11949,32885
00373600,ROANOKE COLLEGE                         ,VA,24153-3794,Private      ,341,69,410,3202,259,3461
00373700,SHENANDOAH UNIVERSITY                   ,VA,22601-5195,Private      ,458,652,1110,2428,1840,4268
00373800,SOUTHERN VIRGINIA UNIVERSITY            ,VA,24416-3038,Private      ,309,94,403,1025,255,1280
00373900,ST PAULS COLLEGE                        ,VA,23868-1299,Private      ,181,105,286,494,275,769
00374200,SWEET BRIAR COLLEGE                     ,VA,24595-9998,Private      ,190,22,212,798,69,867
00374300,UNION PRESBYTERIAN SEMINARY             ,VA,23227-0000,Private      ,2,35,37,5,72,77
00374400,UNIVERSITY OF RICHMOND                  ,VA,23173-0001,Private      ,723,580,1303,6181,2347,8528
00374500,UNIVERSITY OF VIRGINIA - SFS            ,VA,22903-0000,Public       ,1543,1938,3481,19171,8224,27395
00374600,UNIVERSITY OF MARY WASHINGTON           ,VA,22401-5358,Public       ,549,324,873,4964,1025,5989
00374700,UNIV OF VIRGINIA'S COLLEGE AT WISE      ,VA,24293-4412,Public       ,338,152,490,1787,431,2218
00374800,EASTERN SHORE COMMUNITY COLLEGE         ,VA,23410-3000,Public       ,146,253,399,327,526,853
00374900,GEORGE MASON UNIVERSITY                 ,VA,22030-4444,Public       ,2760,4439,7199,18114,13283,31397
00375100,PATRICK HENRY COMMUNITY COLLEGE         ,VA,24112-5311,Public       ,366,900,1266,861,1745,2606
00375200,VIRGINIA INTERMONT COLLEGE              ,VA,24201-4298,Private      ,112,89,201,471,223,694
00375300,VIRGINIA MILITARY INSTITUTE             ,VA,24450-2138,Public       ,248,17,265,1994,89,2083
00375400,VIRGINIA POLYTECH INST & STATE UNIV     ,VA,24061-2000,Public       ,1752,951,2703,25070,4908,29978
00375800,DANVILLE COMMUNITY COLLEGE              ,VA,24541-4004,Public       ,505,1051,1556,1045,1997,3042
00375900,J. SARGEANT REYNOLDS COMMUNITY CLG      ,VA,23285-0000,Public       ,1765,3604,5369,3934,8006,11940
00376000,VIRGINIA WESTERN CMTY COLLEGE           ,VA,24038-0000,Public       ,849,1716,2565,2135,3432,5567
00376100,WYTHEVILLE COMMUNITY COLLEGE            ,VA,24382-3308,Public       ,366,607,973,1158,1619,2777
00376200,VIRGINIA UNIVERSITY OF LYNCHBURG        ,VA,24501-6400,Private      ,136,279,415,254,500,754
00376400,VIRGINIA STATE UNIVERSITY               ,VA,23806-0001,Public       ,1706,910,2616,9081,2840,11921
00376500,NORFOLK STATE UNIVERSITY                ,VA,23504-8000,Public       ,1963,2287,4250,7826,5796,13622
00376600,VIRGINIA UNION UNIVERSITY               ,VA,23220-1711,Private      ,809,401,1210,4174,1175,5349
00376700,VIRGINIA WESLEYAN COLLEGE               ,VA,23502-5599,Private      ,361,209,570,2513,601,3114
00376800,WASHINGTON & LEE UNIVERSITY             ,VA,24450-0303,Private      ,419,142,561,2305,1245,3550
00400400,JOHN TYLER COMMUNITY COLLEGE            ,VA,23831-5316,Public       ,1236,2102,3338,2711,4578,7289
00450301,"EVEREST COLLEGE- EVEREST COLLEGE, MCLEAN",VA,22102-3000,Proprietary  ,46,184,230,62,296,358
00450702,"EVEREST COLLEGE- EVEREST COLLEGE, ARLING",VA,22203-1905,Proprietary  ,60,290,350,103,453,556
00498800,CENTRAL VIRGINIA COMMUNITY COLLEGE      ,VA,24502-2498,Public       ,585,866,1451,1353,1820,3173
00499200,MILLER-MOTTE TECHNICAL COLLEGE          ,VA,24505-0000,Proprietary  ,50,235,285,75,361,436
00499600,DABNEY S LANCASTER COMMUNITY CLG        ,VA,24422-1000,Public       ,133,193,326,455,464,919
00522300,NEW RIVER COMMUNITY COLLEGE             ,VA,24084-1127,Public       ,516,800,1316,1302,1958,3260
00662200,COLLEGE OF HEALTH SCIENCES - CHRV       ,VA,24031-0000,Private      ,163,336,499,521,870,1391
00681900,BLUE RIDGE COMMUNITY COLLEGE            ,VA,24486-0080,Public       ,447,661,1108,1793,1949,3742
00687100,THOMAS NELSON COMMUNITY COLLEGE         ,VA,23670-0000,Public       ,1346,3157,4503,2927,6356,9283
00709900,VIRGINIA HIGHLANDS COMMUNITY CLG        ,VA,24210-4210,Public       ,355,541,896,873,1244,2117
00726000,SOUTHWEST VIRGINIA COMMUNITY CLG        ,VA,24641-1510,Public       ,367,642,1009,831,1168,1999
00859200,LOUISE OBICI SCHOOL OF NURSING          ,VA,23434-8038,Private      ,5,34,39,11,69,80
00865900,LORD FAIRFAX COMMUNITY COLLEGE          ,VA,22645-0047,Public       ,730,1083,1813,1631,2174,3805
00866000,GERMANNA COMMUNITY COLLEGE              ,VA,22508-0339,Public       ,759,1195,1954,1812,2738,4550
00866100,SOUTHSIDE VIRGINIA CMTY CLG             ,VA,23821-2930,Public       ,591,1150,1741,1014,1880,2894
00915900,PAUL D CAMP COMMUNITY COLLEGE           ,VA,23851-0737,Public       ,155,428,583,353,852,1205
00916000,RAPPAHANNOCK COMMUNITY COLLEGE          ,VA,23149-2616,Public       ,257,393,650,635,902,1537
00926700,EVEREST COLLEGE                         ,VA,23606-4203,Proprietary  ,46,259,305,85,450,535
00926701,EVEREST COLLEGE - CHESAPEAKE            ,VA,23320-2637,Proprietary  ,44,312,356,85,470,555
00942000,SANFORD-BROWN COLLEGE                   ,VA,22182-3913,Proprietary  ,71,370,441,96,557,653
00953500,STAUNTON SCHOOL OF COSMETOLOGY          ,VA,24401-4323,Proprietary  ,10,24,34,18,42,60
00953700,VIRGINIA SCH OF HAIR DESIGN             ,VA,23669-0000,Proprietary  ,23,76,99,38,120,158
00962900,MOUNTAIN EMPIRE COMMUNITY COLLEGE       ,VA,24219-0700,Public       ,410,704,1114,888,1175,2063
00992800,PIEDMONT VIRGINIA COMMUNITY COLLEGE     ,VA,22902-7589,Public       ,515,835,1350,1232,1864,3096
01004300,BON SECOURS MEMORIAL COLLEGE OF NURSING ,VA,23227-4612,Private      ,71,211,282,226,524,750
01019800,ECPI COLLEGE OF TECHNOLOGY              ,VA,23462-6542,Proprietary  ,946,3704,4650,1652,6776,8428
01033800,EASTERN VIRGINIA MEDICAL SCHOOL         ,VA,23501-1980,Private      ,24,347,371,71,1379,1450
01159600,RALPH'S VIRGINIA SCH OF COSMETOLOGY     ,VA,24501-2652,Proprietary  ,9,22,31,13,33,46
01162601,WESTWOOD COLLEGE - SOUTH BAY - ARLINGTON,VA,22203-4167,Proprietary  ,111,173,284,237,367,604
01162602,WESTWOOD COLLEGE - SOUTH BAY - ANNANDALE,VA,22003-2602,Proprietary  ,57,134,191,160,395,555
01274400,SOUTHSIDE REGIONAL MED CTR PROF SCHOOLS ,VA,23803-5133,Proprietary  ,35,117,152,70,215,285
02053000,LIBERTY UNIVERSITY                      ,VA,24502-0000,Private      ,4376,18748,23124,16730,35468,52198
02083602,TESST COLLEGE OF TECHNOLOGY - KAPLAN COL,VA,23320-4422,Proprietary  ,4,40,44,4,40,44
02108800,WARDS CORNER BEAUTY ACADEMY             ,VA,23505-0000,Proprietary  ,17,87,104,32,120,152
02111600,DANVILLE REGIONAL MEDICAL CENTER SCHOOL ,VA,24541-0000,Proprietary  ,12,54,66,33,105,138
02128700,CENTRAL SCHOOL OF PRACTICAL NURSING     ,VA,23502-2230,Public       ,22,84,106,60,175,235
02140000,RIVERSIDE SCHOOL OF HEALTH CAREERS      ,VA,23608-3802,Private      ,40,245,285,121,510,631
02175800,LYNCHBURG GENERAL HOSP SCH OF NURSG     ,VA,24501-0000,Private      ,17,71,88,57,157,214
02197600,WOODROW WILSON REHABILITATION CTR       ,VA,22939-0000,Public       ,14,12,26,17,16,33
02242400,HENRICO CTY ST MARYS HOSP PRAC NRSG     ,VA,23075-0000,Public       ,6,24,30,11,50,61
02247200,MEDSPA CAREERS INSTITUTE                ,VA,23606-0000,Proprietary  ,0,0,0,5,32,37
02247206,MEDICAL CAREERS COLLEGE - NEWPORT NEWS  ,VA,23606-4215,Proprietary  ,0,0,0,0,1,1
02304500,HERITAGE INSTITUTE                      ,VA,20111-0000,Proprietary  ,12,59,71,24,113,137
02320900,TIDEWATER TECH                          ,VA,23502-1747,Proprietary  ,42,238,280,75,404,479
02334400,CENTURA COLLEGE                         ,VA,23452-0000,Proprietary  ,181,1691,1872,373,3844,4217
02342700,FORTIS COLLEGE                          ,VA,23502-4101,Proprietary  ,31,183,214,63,358,421
02342701,FORTIS COLLEGE - RICHMOND CAMPUS        ,VA,23236-3472,Proprietary  ,99,240,339,177,522,699
02358500,BON SECOURS SAINT MARY'S HOSPITAL SCHOOL,VA,23227-4612,Private      ,16,90,106,55,214,269
02535400,SKYLINE COLLEGE - RICHMOND              ,VA,23236-0000,Proprietary  ,0,0,0,9,24,33
02538800,SUFFOLK BEAUTY ACADEMY                  ,VA,23434-0000,Proprietary  ,13,40,53,20,65,85
02541200,STRATFORD UNIVERSITY                    ,VA,22043-0000,Proprietary  ,60,516,576,128,772,900
02541201,STRATFORD UNIVERSITY-WOODBRIDGE         ,VA,22192-0000,Proprietary  ,47,170,217,73,308,381
02610100,WASHINGTON COUNTY ADULT SKILL CTR       ,VA,24210-2346,Public       ,13,47,60,28,76,104
03002400,GRAHAM WEBB INTERNATIONAL ACAD HAIR     ,VA,22209-2129,Proprietary  ,7,26,33,17,55,72
03010700,BAR PALMA BEAUTY CAREERS  ACADEMY       ,VA,24014-2255,Proprietary  ,5,15,20,7,33,40
03042800,"VIRGINIA BEACH CITY SCHOOLS, SCH.-PR.NSG",VA,23456-0038,Public       ,12,38,50,28,97,125
03091100,ACT COLLEGE                             ,VA,22209-2297,Proprietary  ,21,97,118,40,173,213
03091300,REGENT UNIVERSITY                       ,VA,23464-9800,Private      ,365,2224,2589,1384,5153,6537
03092700,SKYLINE COLLEGE                         ,VA,24012-1603,Proprietary  ,30,106,136,67,238,305
03096500,SPRINGFIELD BEAUTY ACADEMY              ,VA,22003-3016,Proprietary  ,8,24,32,11,32,43
03106500,SENTARA NORFOLK GENERAL HOSPITAL        ,VA,23320-2843,Private      ,42,188,230,117,446,563
03116900,BAPTIST THEOLOGICAL SEM.-RICHMOND       ,VA,23227-0000,Private      ,2,38,40,8,89,97
03126300,AVIATION INSTITUTE OF MAINTENANCE       ,VA,23320-5987,Proprietary  ,50,290,340,86,449,535
03126400,CENTURA COLLEGE                         ,VA,23235-5230,Proprietary  ,61,348,409,111,730,841
03127500,ADVANCED TECHNOLOGY INSTITUTE           ,VA,23462-2409,Proprietary  ,198,233,431,366,438,804
03280400,VIRGINIA SCHOOL OF MASSAGE              ,VA,22903-0000,Proprietary  ,23,61,84,40,82,122
03409500,RICHMOND SCHOOL OF HEALTH AND TECH      ,VA,23227-0000,Proprietary  ,62,308,370,102,526,628
03455300,CRESCENT COSMETOLOGY UNIVERSITY         ,VA,23666-3115,Proprietary  ,4,10,14,6,33,39
03559300,APPALACHIAN SCHOOL OF LAW               ,VA,24614-0000,Private      ,6,188,194,13,595,608
03645400,RUDY & KELLY ACADEMY OF HAIR AND NA     ,VA,23464-6857,Proprietary  ,44,114,158,70,227,297
03654300,CAREER TRAINING SOLUTIONS               ,VA,22406-1014,Proprietary  ,28,195,223,52,357,409
03709300,EDWARD VIA VIRGINIA CLG OSTEOPATHIC MED ,VA,24060-6360,Private      ,2,362,364,13,762,775
03872400,INSTITUTE FOR THE PSYCHOLOGICAL SCIENCES,VA,22202-3609,Private      ,1,24,25,7,108,115
03876300,CULPEPER COSMETOLOGY TRAINING CENTER    ,VA,22701-3155,Public       ,5,14,19,12,25,37
03883400,AVIATION INSTITUTE OF MAINTENANCE       ,VA,20110-4156,Proprietary  ,26,98,124,64,264,328
04038400,AVI CAREER INSTITUTE                    ,VA,22066-1839,Proprietary  ,0,25,25,6,42,48
04110300,UNIVERSITY OF MANAGEMENT AND TECHNOLOGY ,VA,22209-1609,Proprietary  ,5,36,41,6,65,71
04124000,DOMINION SCHOOL OF HAIR DESIGN          ,VA,23062-2221,Proprietary  ,3,12,15,9,33,42
04127300,COLUMBIA COLLEGE                        ,VA,22031-4413,Proprietary  ,14,117,131,33,189,222
04133400,CENTURA COLLEGE                         ,VA,22312-2670,Proprietary  ,8,66,74,23,149,172
04133800,SOUTHEAST CULINARY & HOSPITALITY COLLEGE,VA,24201-4159,Proprietary  ,21,24,45,51,68,119
04137300,CAYCE/REILLY SCHOOL OF MASSOTHERAPY     ,VA,23451-2061,Private      ,4,28,32,7,49,56
04140000,GLOBAL HEALTH NURSE TRAINING SERVICES   ,VA,22314-4585,Proprietary  ,7,121,128,17,240,257
04153800,BETHEL COLLEGE                          ,VA,23666-3122,Private      ,11,39,50,27,82,109
04156200,INSTITUTE OF ADVANCED MEDICAL ESTHETICS ,VA,23294-4701,Proprietary  ,9,36,45,16,72,88
04169400,NORTHERN VIRGINIA SCHOOL OF THERAPEUTIC ,VA,22046-4302,Proprietary  ,1,10,11,1,10,11
04171500,COSMOPOLITAN BEAUTY & TECH SCHOOL       ,VA,22003-3204,Proprietary  ,6,55,61,11,73,84
00107000,THUNDERBIRD SCHOOL OF GLOBAL MANAGEMENT ,AZ,85306-6000,Private      ,4,234,238,10,530,540
00107100,ARIZONA WESTERN COLLEGE                 ,AZ,85366-0000,Public       ,2078,2384,4462,3819,3918,7737
00107200,COCHISE COLLEGE                         ,AZ,85607-6190,Public       ,595,1028,1623,1224,1962,3186
00107300,EASTERN ARIZONA COLLEGE                 ,AZ,85552-0769,Public       ,531,673,1204,1297,1271,2568
00107400,GRAND CANYON UNIVERSITY                 ,AZ,85017-3030,Proprietary  ,1602,15402,17004,5070,29725,34795
00107600,GLENDALE COMMUNITY COLLEGE              ,AZ,85302-3090,Public       ,3971,5295,9266,8033,10315,18348
00107700,MESA COMMUNITY COLLEGE                  ,AZ,85202-4866,Public       ,4113,6638,10751,8203,12808,21011
00107800,PHOENIX COLLEGE                         ,AZ,85013-4234,Public       ,2182,4969,7151,4428,9727,14155
00107900,YAVAPAI COLLEGE                         ,AZ,86301-3297,Public       ,716,1420,2136,1732,3203,4935
00108100,ARIZONA STATE UNIV (ALL CAMPUSES)       ,AZ,85287-0412,Public       ,10188,11624,21812,45872,30417,76289
00108200,NORTHERN ARIZONA UNIVERSITY             ,AZ,86011-0001,Public       ,4047,4362,8409,23205,11194,34399
00108300,UNIVERSITY OF ARIZONA                   ,AZ,85721-0066,Public       ,4737,4040,8777,27733,13702,41435
00165701,MIDWESTERN UNIVERSITY                   ,AZ,85308-0000,Private      ,31,987,1018,118,3483,3601
00446700,TUCSON COLLEGE                          ,AZ,85711-3781,Proprietary  ,72,188,260,144,328,472
00711300,SOUTHWESTERN COLLEGE                    ,AZ,85032-7097,Private      ,198,105,303,492,219,711
00726600,PIMA COUNTY COMMUNITY COLLEGE           ,AZ,85709-1110,Public       ,4055,7148,11203,8515,14138,22653
00728300,CENTRAL ARIZONA COLLEGE                 ,AZ,85228-9779,Public       ,993,1854,2847,1863,3340,5203
00732911,ITT TECHNICAL INSTITUTE                 ,AZ,85282-9272,Proprietary  ,228,1209,1437,357,1494,1851
00732990,ITT TECHNICAL INSTITUTE                 ,AZ,85704-5829,Proprietary  ,214,690,904,319,936,1255
00822100,UNIVERSAL TECHNICAL INSTITUTE           ,AZ,85323-7946,Proprietary  ,2768,2588,5356,7801,6343,14144
00824600,DINè COLLEGE                            ,AZ,86556-0126,Public       ,379,650,1029,570,1012,1582
00830300,GATEWAY COMMUNITY COLLEGE               ,AZ,85034-1795,Public       ,896,2762,3658,1998,5450,7448
00830302,MARICOPA SKILL CENTER                   ,AZ,85034-0000,Public       ,161,533,694,299,1099,1398
00830400,SCOTTSDALE COMMUNITY COLLEGE            ,AZ,85250-0000,Public       ,1550,2032,3582,3215,3795,7010
00886400,ARIZONA ACADEMY OF BEAUTY               ,AZ,85712-5021,Proprietary  ,14,41,55,32,74,106
00886500,ARTISTIC BEAUTY COLLEGES-TUCSON         ,AZ,85716-3999,Proprietary  ,54,113,167,87,200,287
01084700,ARIZONA AUTOMOTIVE INSTITUTE            ,AZ,85301-3503,Proprietary  ,231,684,915,356,1138,1494
01085800,AVALON SCHOOL OF COSMETOLOGY            ,AZ,85210-4010,Proprietary  ,101,203,304,163,339,502
01168900,REFRIGERATION SCHOOL                    ,AZ,85034-0000,Proprietary  ,56,355,411,89,567,656
01180200,ARIZONA ACADEMY OF BEAUTY-NORTH         ,AZ,85705-2720,Proprietary  ,9,37,46,21,48,69
01180800,ARTISTIC BEAUTY COLLEGES-FLAGSTAFF      ,AZ,86004-5119,Proprietary  ,70,158,228,98,223,321
01186200,NORTHLAND PIONEER COLLEGE               ,AZ,86025-2996,Public       ,239,735,974,463,1311,1774
01186400,MOHAVE COMMUNITY COLLEGE                ,AZ,86409-1238,Public       ,613,1927,2540,1046,3661,4707
01218400,INTERNATIONAL ACAD OF HAIR DESIGN       ,AZ,85225-7198,Proprietary  ,39,93,132,53,138,191
01234300,ARTISTIC BEAUTY COLLEGES-PHOENIX        ,AZ,85304-0000,Proprietary  ,78,138,216,113,214,327
01293700,ARTISTIC BEAUTY COLLEGES - PARADISE VALL,AZ,85257-0000,Proprietary  ,17,48,65,23,82,105
02065300,PRESCOTT COLLEGE                        ,AZ,86301-0000,Private      ,99,439,538,549,950,1499
02071200,KAPLAN COLLEGE                          ,AZ,85029-4349,Proprietary  ,98,575,673,194,1137,1331
02098800,UNIVERSITY OF PHOENIX                   ,AZ,85040-0000,Proprietary  ,5745,122741,128486,10377,215487,225864
02100500,UNIVERSAL TECHNICAL INSTITUTE           ,AZ,85027-0000,Proprietary  ,2087,3316,5403,5347,7139,12486
02100600,CARRINGTON COLLEGE                      ,AZ,85015-4096,Proprietary  ,486,1688,2174,850,2953,3803
02113800,ROBERTO-VENN SCH OF LUTHIERY            ,AZ,85040-0000,Proprietary  ,19,20,39,27,38,65
02146600,SOUTH MOUNTAIN COMMUNITY COLLEGE        ,AZ,85040-0000,Public       ,740,1425,2165,1565,2639,4204
02160305,COLLINS COLLEGE                         ,AZ,85040-4000,Proprietary  ,268,359,627,574,746,1320
02160306,INTERNATIONAL ACADEMY OF DESIGN AND TECH,AZ,85281-6705,Proprietary  ,7,15,22,15,37,52
02171500,WESTERN INTERNATIONAL UNIVERSITY        ,AZ,85021-0000,Proprietary  ,12,828,840,24,1489,1513
02177500,RIO SALADO COMMUNITY COLLEGE            ,AZ,85281-6948,Public       ,817,6348,7165,1640,12330,13970
02192300,MARICOPA BEAUTY COLLEGE                 ,AZ,85323-0000,Proprietary  ,22,45,67,42,82,124
02199900,AMERICAN INDIAN CLG-ASSEMBLIES GOD      ,AZ,85021-0000,Private      ,18,45,63,37,84,121
02217100,PIMA MEDICAL INSTITUTE                  ,AZ,85716-0000,Proprietary  ,822,2744,3566,1528,4979,6507
02218800,BROOKLINE COLLEGE                       ,AZ,85021-5815,Proprietary  ,143,797,940,219,1492,1711
02218804,BROOKLINE COLLEGE - MESA                ,AZ,85204-4448,Proprietary  ,71,297,368,105,473,578
02218805,BROOKLINE COLLEGE - TUCSON              ,AZ,85711-5444,Proprietary  ,96,367,463,150,583,733
02220300,ARTISTIC BEAUTY COLLEGES-GLENDALE       ,AZ,85051-0000,Proprietary  ,32,116,148,65,223,288
02263100,ANTHEM COLLEGE                          ,AZ,85014-0000,Proprietary  ,275,1534,1809,472,2669,3141
02280500,CHARLES OF ITALY BEAUTY COLLEGE         ,AZ,86403-0000,Proprietary  ,24,44,68,25,62,87
02295000,EVEREST COLLEGE                         ,AZ,85021-1610,Proprietary  ,150,1369,1519,286,2442,2728
02295002,EVEREST COLLEGE - MESA                  ,AZ,85206-4704,Proprietary  ,46,240,286,96,463,559
02317800,AMERICAN INSTITUTE OF TECHNOLOGY        ,AZ,85043-0000,Proprietary  ,41,477,518,82,625,707
02491500,THE ART CENTER DESIGN COLLEGE           ,AZ,85716-0000,Proprietary  ,72,212,284,147,333,480
02521500,LAMSON COLLEGE                          ,AZ,85284-1141,Proprietary  ,18,152,170,35,208,243
02533200,FRANK LLOYD WRIGHT SCHOOL OF ARCHITECTUR,AZ,85261-4430,Private      ,7,13,20,15,37,52
02559000,UNIVERSITY OF ADVANCING TECHNOLOGY      ,AZ,85283-0000,Proprietary  ,225,273,498,828,568,1396
02561900,BRILLARE HAIRDRESSING ACADEMY           ,AZ,85254-3301,Proprietary  ,32,64,96,40,84,124
02582700,CORTIVA INSTITUTE - TUCSON              ,AZ,85710-3503,Proprietary  ,36,137,173,55,218,273
02616700,LE CORDON BLEU COLLEGE OF CULINARY ARTS ,AZ,85251-2729,Proprietary  ,227,705,932,545,1600,2145
02623600,PARADISE VALLEY COMMUNITY COLLEGE       ,AZ,85032-1210,Public       ,1253,1874,3127,2425,3518,5943
02623800,CORTIVA INSTITUTE - SCOTTSDALE          ,AZ,85257-4218,Proprietary  ,18,49,67,29,79,108
03005000,SAFFORD COLLEGE OF BEAUTY CULTURE       ,AZ,85546-3309,Proprietary  ,4,8,12,7,15,22
03010613,VIRGINIA COLLEGE - GOLF ACADEMY OF ARIZO,AZ,85225-6742,Proprietary  ,28,85,113,53,177,230
03030604,UTAH COLLEGE OF MASSAGE THERAPY - ARIZON,AZ,85282-0000,Proprietary  ,49,101,150,72,171,243
03030605,UTAH COLLEGE OF MASSAGE THERAPY - ARIZON,AZ,85051-3470,Proprietary  ,57,112,169,86,193,279
03034400,CONSERVATORY RECORDING ARTS & SCIS      ,AZ,85282-1707,Proprietary  ,249,255,504,497,589,1086
03072200,CHANDLER-GILBERT COMMUNITY COLLEGE      ,AZ,85225-2499,Public       ,1908,2365,4273,3959,4591,8550
03076400,BRYMAN SCHOOL OF ARIZONA                ,AZ,85029-4919,Proprietary  ,284,945,1229,512,1721,2233
03097800,CARSTEN INSTITUTE OF HAIR & BEAUTY      ,AZ,85282-5404,Proprietary  ,32,78,110,56,126,182
03100400,COCONINO COUNTY COMMUNITY COLLEGE       ,AZ,86001-2701,Public       ,493,817,1310,1103,1664,2767
03107000,SOUTHWEST CLG OF NATUROPATHIC MED       ,AZ,85282-0000,Private      ,6,270,276,14,435,449
03115000,ARIZONA COLLEGE OF ALLIED HEALTH        ,AZ,85302-3843,Proprietary  ,83,394,477,144,654,798
03120300,COLLEGE AMERICA                         ,AZ,86004-3936,Proprietary  ,122,565,687,147,668,815
03156300,ESTRELLA MOUNTAIN COMMUNITY COLLEGE     ,AZ,85392-1010,Public       ,1536,2506,4042,3123,4827,7950
03347300,INTERNATIONAL BAPTIST COLLEGE           ,AZ,85282-6799,Private      ,20,14,34,28,20,48
03445300,HDS TRUCK DRIVING INSTITUTE             ,AZ,85731-0000,Proprietary  ,4,28,32,9,55,64
03478400,PHOENIX SEMINARY                        ,AZ,85018-7611,Private      ,1,55,56,5,84,89
03572300,EAST VALLEY INSTITUTE OF TECHNOLOGY     ,AZ,85201-6910,Public       ,82,161,243,164,283,447
03593300,SOUTHWEST INSTITUTE OF HEALING ARTS     ,AZ,85281-3658,Proprietary  ,66,466,532,117,882,999
03617500,PHOENIX INSTITUTE OF HERBAL MEDICINE & A,AZ,85012-0000,Proprietary  ,8,85,93,23,163,186
03695500,ARIZONA SCHOOL OF ACUPUNCTURE AND ORIENT,AZ,85712-1100,Proprietary  ,2,35,37,9,77,86
03784400,TOHONO O'ODHAM COMMUNITY COLLEGE        ,AZ,85634-3129,Public       ,16,27,43,22,43,65
03813300,NORTHCENTRAL UNIVERSITY                 ,AZ,86314-2336,Proprietary  ,13,1427,1440,45,2936,2981
03814300,TURNING POINT BEAUTY COLLEGE            ,AZ,85222-4229,Proprietary  ,10,22,32,10,32,42
04051300,ART INSTITUTE OF PHOENIX (THE)          ,AZ,85021-2859,Proprietary  ,2742,8919,11661,5372,17791,23163
04051306,ART INSTITUTE OF PHOENIX (THE) - ART INS,AZ,85712-2732,Proprietary  ,151,220,371,359,433,792
04051325,ART INSTITUTE OF PHOENIX (THE) - BROWN M,AZ,85712-5300,Proprietary  ,231,850,1081,354,1265,1619
04051327,ART INSTITUTE OF PHOENIX (THE) - BROWN M,AZ,85029-1348,Proprietary  ,37,50,87,85,100,185
04059300,TUCSON COLLEGE OF BEAUTY                ,AZ,85705-2451,Proprietary  ,13,52,65,29,89,118
04120900,ARIZONA CULINARY INSTITUTE              ,AZ,85259-4939,Proprietary  ,79,127,206,221,305,526
04131400,PHOENIX SCHOOL OF LAW                   ,AZ,85012-3330,Proprietary  ,10,521,531,39,1240,1279
04139200,UNIVERSAL BARBER COLLEGE                ,AZ,85007-3914,Proprietary  ,28,88,116,45,147,192
04148700,AMERICAN INSTITUTE OF INTERIOR DESIGN   ,AZ,85268-3827,Proprietary  ,6,9,15,11,33,44
04152900,STUDIO ACADEMY OF BEAUTY (THE)          ,AZ,85224-3600,Proprietary  ,8,46,54,16,86,102
04157400,NATIONAL PARALEGAL COLLEGE              ,AZ,85014-1262,Proprietary  ,27,311,338,47,655,702
04172100,CCIC BEAUTY COLLEGE                     ,AZ,85345-2410,Proprietary  ,6,13,19,10,31,41
04174100,PAUL MITCHELL THE SCHOOL PHOENIX        ,AZ,85017-1919,Proprietary  ,44,100,144,99,175,274
04174200,ALL BEAUTY COLLEGE                      ,AZ,86426-8326,Proprietary  ,8,26,34,17,54,71
04175300,KOHLER ACADEMY                          ,AZ,85254-4065,Proprietary  ,37,68,105,64,102,166
04177500,PURE AESTHETICS                         ,AZ,85711-2328,Proprietary  ,3,37,40,3,37,40
00142800,DELAWARE STATE UNIVERSITY               ,DE,19901-2277,Public       ,1306,652,1958,7820,2116,9936
00142900,GOLDEY BEACOM COLLEGE                   ,DE,19808-1993,Private      ,181,156,337,510,375,885
00143100,UNIVERSITY OF DELAWARE                  ,DE,19716-0099,Public       ,3625,1017,4642,23441,2834,26275
00143300,WESLEY COLLEGE                          ,DE,19901-3875,Private      ,506,194,700,2232,538,2770
00143301,WESLEY COLLEGE-CTR FOR ADULT STUDIE     ,DE,19720-0000,Private      ,7,92,99,30,184,214
00145948,STRAYER UNIVERSITY - CHRISTIANA         ,DE,19713-4316,Proprietary  ,0,0,0,0,1,1
00331301,WIDENER UNIV SCHOOL OF LAW - DE         ,DE,19803-0000,Private      ,17,494,511,52,1450,1502
00705300,DELAWARE TECH & CMTY COLLEGE-OWENS      ,DE,19947-0000,Public       ,875,1188,2063,1794,2311,4105
00794800,WILMINGTON UNIVERSITY                   ,DE,19720-6491,Private      ,857,2819,3676,1917,5433,7350
01172700,DELAWARE TECH & CMTY CLG-TERRY          ,DE,19901-8736,Public       ,694,997,1691,1451,1853,3304
02125200,BEEBE SCHOOL OF NURSING                 ,DE,19958-1462,Private      ,18,57,75,55,106,161
02144900,DELAWARE TECH & CMTY CLG-STANTN/WLM     ,DE,19801-0000,Public       ,1382,1721,3103,2885,3187,6072
02190400,SCHILLING DOUGLAS SCH OF HAIR DSGN      ,DE,19711-0000,Proprietary  ,12,42,54,20,79,99
02586902,STAR TECHNICAL INSTITUTE -              ,DE,19901-4615,Proprietary  ,0,21,21,7,46,53
03025800,DAWN TRAINING CENTRE                    ,DE,19805-1511,Proprietary  ,40,307,347,69,520,589
03543300,HARRIS SCHOOL OF BUSINESS               ,DE,19803-5341,Proprietary  ,17,107,124,29,166,195
03702300,DELAWARE LEARNING INSTITUTE OF COSMETOLO,DE,19939-9759,Proprietary  ,14,47,61,27,99,126
04130700,ACADEMY OF MASSAGE AND BODYWORK         ,DE,19701-1321,Proprietary  ,5,25,30,10,44,54
04139800,DELAWARE COLLEGE OF ART & DESIGN        ,DE,19801-3007,Private      ,92,42,134,404,102,506
04171100,DELAWARE ACADEMY PAUL MITCHELL PARTNER S,DE,19702-5108,Proprietary  ,35,53,88,60,88,148
        ,OFFICIAL USE ONLY                       ,DC,20202-0000,,0,0,0,1,1,2
00143400,AMERICAN UNIVERSITY                     ,DC,20016-8020,Private      ,454,1436,1890,13821,9988,23809
00143700,CATHOLIC UNIVERSITY OF AMERICA          ,DC,20064-0002,Private      ,670,702,1372,5558,2289,7847
00143711,"CATHOLIC UNIV AMERICA, LAW SCHOOL       ",DC,20064-0000,Private      ,13,318,331,101,1436,1537
00144100,UNIV OF THE DISTRICT OF COLUMBIA        ,DC,20008-0000,Public       ,760,1997,2757,2030,4560,6590
00144102,UNIV OF THE DIST OF COLU -SCHOOL OF LAW ,DC,20008-1173,Public       ,85,361,446,233,1341,1574
00144300,GALLAUDET UNIVERSITY                    ,DC,20002-3695,Private      ,319,378,697,789,896,1685
00144400,GEORGE WASHINGTON UNIVERSITY            ,DC,20052-2353,Private      ,1692,3268,4960,13114,10645,23759
00144402,GEORGE WASHINGTON UNIV LAW SCHL         ,DC,20052-0000,Private      ,9,668,677,40,3562,3602
00144403,GEORGE WASHINGTON UNIV SCH MED          ,DC,20052-0000,Private      ,13,444,457,63,1242,1305
00144500,GEORGETOWN UNIVERSITY                   ,DC,20057-1252,Private      ,1105,1449,2554,12225,4340,16565
00144501,"GEORGETOWN UNIV, SCH OF MEDICINE        ",DC,20007-0000,Private      ,4,253,257,46,1215,1261
00144502,GEORGETOWN UNIVERSITY - GRADUATE SCHOOL ,DC,20057-0004,Private      ,5,781,786,34,2861,2895
00144503,GEORGETOWN UNIV LAW CENTER              ,DC,20001-0000,Private      ,8,925,933,36,5004,5040
00144800,HOWARD UNIVERSITY                       ,DC,20059-0001,Private      ,1412,2004,3416,13607,8564,22171
00145900,STRAYER UNIVERSITY                      ,DC,20005-2603,Proprietary  ,745,22682,23427,1068,33474,34542
00146000,TRINITY UNIVERSITY                      ,DC,20017-1004,Private      ,227,831,1058,1243,2089,3332
00146400,WESLEY THEOLOGICAL SEMINARY             ,DC,20016-0000,Private      ,0,107,107,1,229,230
00207701,JOHNS HOPKINS UNIV SCH ADV INTL STU     ,DC,20036-0000,Private      ,8,127,135,39,1376,1415
01006500,WASHINGTON THEOLOGICAL UNION            ,DC,20012-0000,Private      ,0,9,9,2,29,31
01195000,THE CORCORAN COLLEGE OF ART & DESIG     ,DC,20006-4804,Private      ,68,125,193,424,408,832
01280300,DOMINICAN HOUSE OF STUDIES              ,DC,20017-1584,Private      ,0,11,11,0,19,19
02132800,NAT'L CONSERVATORY DRAMATIC ARTS        ,DC,20007-2758,Private      ,8,18,26,16,35,51
02279200,DUDLEY BEAUTY COLG-WASHINGTON           ,DC,20018-0000,Proprietary  ,24,53,77,51,111,162
02588900,SANZ SCHOOL                             ,DC,20006-0000,Proprietary  ,111,541,652,124,620,744
03104300,CAREER BLAZERS LEARNING CENTER OF WASHIN,DC,20037-1881,Proprietary  ,20,182,202,25,206,231
03218300,POTOMAC COLLEGE                         ,DC,20016-1860,Proprietary  ,17,121,138,31,244,275
03409600,BENNETT CAREER INSTITUTE                ,DC,20017-1754,Proprietary  ,24,81,105,58,159,217
03750300,TECHNICAL LEARNING CENTERS              ,DC,20006-3749,Proprietary  ,25,194,219,34,233,267
04114400,INSTITUTE OF WORLD POLITICS (THE)       ,DC,20036-1464,Private      ,1,61,62,5,170,175
04142700,PONTIFICAL JOHN PAUL II INSTITUTE FOR ST,DC,20064-0001,Private      ,0,16,16,2,27,29
00154100,ABRAHAM BALDWIN AGRICULTURAL CLG        ,GA,31794-0000,Public       ,1308,765,2073,2404,1403,3807
00154200,AGNES SCOTT COLLEGE                     ,GA,30030-3797,Private      ,288,153,441,1360,393,1753
00154300,DARTON COLLEGE                          ,GA,31707-3098,Public       ,1716,2821,4537,2874,4557,7431
00154400,ALBANY STATE UNIVERSITY                 ,GA,31705-2796,Public       ,2575,2172,4747,6697,4109,10806
00154500,ANDREW COLLEGE                          ,GA,39840-1395,Private      ,158,39,197,392,85,477
00154600,ARMSTRONG ATLANTIC STATE UNIVERSITY     ,GA,31419-1997,Public       ,1890,2062,3952,5353,4808,10161
00154700,ATLANTA CHRISTIAN COLLEGE               ,GA,30344-1999,Private      ,234,424,658,464,998,1462
00155200,AUGUSTA STATE UNIVERSITY                ,GA,30904-2200,Public       ,1236,1396,2632,4820,4333,9153
00155400,BERRY COLLEGE                           ,GA,30149-5007,Private      ,686,135,821,3019,294,3313
00155500,THOMAS UNIVERSITY                       ,GA,31792-7499,Private      ,146,580,726,255,917,1172
00155600,BRENAU UNIVERSITY                       ,GA,30501-3668,Private      ,377,1180,1557,1238,2476,3714
00155700,BREWTON PARKER COLLEGE                  ,GA,30445-0000,Private      ,211,132,343,414,244,658
00155800,COASTAL GEORGIA COMMUNITY COLLEGE       ,GA,31520-3644,Public       ,936,1313,2249,1639,2408,4047
00155900,CLARK ATLANTA UNIVERSITY                ,GA,30314-4385,Private      ,2202,1680,3882,11086,4801,15887
00156000,COLUMBIA THEOLOGICAL SEMINARY           ,GA,30031-0000,Private      ,1,115,116,2,202,204
00156100,COLUMBUS STATE UNIVERSITY               ,GA,31907-5645,Public       ,2634,2748,5382,5978,5036,11014
00156200,GEORGIA PERIMETER COLLEGE               ,GA,30021-0000,Public       ,6542,9110,15652,12699,18794,31493
00156300,EMMANUEL COLLEGE                        ,GA,30639-0000,Private      ,339,112,451,765,211,976
00156400,EMORY UNIVERSITY                        ,GA,30322-1960,Private      ,983,2120,3103,12214,9316,21530
00156600,FORT VALLEY STATE UNIVERSITY            ,GA,31030-3298,Public       ,1930,1072,3002,5284,2363,7647
00156700,GAINESVILLE STATE COLLEGE               ,GA,30503-0000,Public       ,2851,1737,4588,5065,3233,8298
00156800,INTERDENOMINATIONAL THEOLOGY CENTER     ,GA,30314-0000,Private      ,1,234,235,2,373,375
00156900,GEORGIA INSTITUTE OF TECHNOLOGY         ,GA,30332-0002,Public       ,3870,1915,5785,15637,4714,20351
00157000,SOUTHERN POLYTECHNIC STATE UNIV         ,GA,30060-2896,Public       ,1041,1162,2203,3391,3018,6409
00157100,GEORGIA MILITARY COLLEGE                ,GA,31061-3398,Public       ,1640,2188,3828,2908,3888,6796
00157200,GEORGIA SOUTHERN UNIVERSITY             ,GA,30460-8065,Public       ,7741,3111,10852,20134,6477,26611
00157300,GEORGIA SOUTHWESTERN STATE UNIV         ,GA,31709-4693,Public       ,991,1037,2028,2211,1855,4066
00157400,GEORGIA STATE UNIVERSITY                ,GA,30303-3010,Public       ,8532,9904,18436,25448,23781,49229
00157500,GORDON COLLEGE                          ,GA,30204-1762,Public       ,2195,1323,3518,4464,2679,7143
00157700,KENNESAW STATE UNIVERSITY               ,GA,30144-5591,Public       ,6773,5983,12756,17116,13003,30119
00157800,LAGRANGE COLLEGE                        ,GA,30240-2999,Private      ,294,284,578,1335,597,1932
00157900,MEDICAL COLLEGE OF GEORGIA              ,GA,30912-0004,Public       ,235,1304,1539,504,2531,3035
00158000,MERCER UNIVERSITY                       ,GA,31207-0003,Private      ,948,3176,4124,3739,6771,10510
00158100,MIDDLE GEORGIA COLLEGE                  ,GA,31014-1599,Public       ,1273,925,2198,2851,1962,4813
00158200,MOREHOUSE COLLEGE                       ,GA,30314-3773,Private      ,927,327,1254,3852,938,4790
00158500,NORTH GEORGIA COLLEGE & STATE UNIV      ,GA,30597-0001,Public       ,1511,872,2383,5045,2005,7050
00158600,OGLETHORPE UNIVERSITY                   ,GA,30319-2737,Private      ,392,244,636,1711,537,2248
00158700,PAINE COLLEGE                           ,GA,30901-3182,Private      ,356,196,552,1324,504,1828
00158800,PIEDMONT COLLEGE                        ,GA,30535-5644,Private      ,388,1120,1508,867,1738,2605
00158900,REINHARDT UNIVERSITY                    ,GA,30183-2981,Private      ,325,230,555,790,405,1195
00159000,SAVANNAH STATE UNIVERSITY               ,GA,31404-5298,Public       ,2400,1301,3701,5795,2654,8449
00159100,SHORTER UNIVERSITY                      ,GA,30165-4298,Private      ,654,1380,2034,1884,2536,4420
00159200,SOUTH GEORGIA COLLEGE                   ,GA,31533-8104,Public       ,880,547,1427,1462,980,2442
00159400,SPELMAN COLLEGE                         ,GA,30314-4399,Private      ,752,359,1111,5982,1251,7233
00159600,TOCCOA FALLS COLLEGE                    ,GA,30598-0001,Private      ,310,127,437,714,216,930
00159700,TRUETT MCCONNELL COLLEGE                ,GA,30528-1264,Private      ,243,58,301,491,110,601
00159800,UNIVERSITY OF GEORGIA                   ,GA,30602-6114,Public       ,7658,4365,12023,23863,10384,34247
00159900,VALDOSTA STATE UNIVERSITY               ,GA,31698-0001,Public       ,5103,2835,7938,11844,5159,17003
00160000,WESLEYAN COLLEGE                        ,GA,31210-4407,Private      ,111,221,332,377,414,791
00160100,UNIV OF WEST GEORGIA                    ,GA,30118-0002,Public       ,4370,2549,6919,9642,4771,14413
00160200,GEORGIA COLLEGE & STATE UNIVERSITY      ,GA,31061-0490,Public       ,2061,1038,3099,5848,2007,7855
00160400,YOUNG HARRIS COLLEGE                    ,GA,30582-4137,Private      ,345,46,391,1058,105,1163
00348400,COVENANT COLLEGE                        ,GA,30750-4164,Private      ,219,55,274,1216,131,1347
00395600,DALTON STATE COLLEGE                    ,GA,30720-3797,Public       ,2182,1872,4054,3862,3463,7325
00402400,GEORGIA NORTHWESTERN TECHNICAL COLLEGE  ,GA,30161-6757,Public       ,1034,3376,4410,1697,5501,7198
00411700,GRADY HEALTH SYSTEM                     ,GA,30303-3050,Public       ,43,221,264,93,466,559
00525400,LANIER TECHNICAL COLLEGE                ,GA,30566-3499,Public       ,607,1796,2403,967,3451,4418
00525500,MOULTRIE TECHNICAL COLLEGE              ,GA,31768-0000,Public       ,238,1004,1242,325,1444,1769
00525600,WIREGRASS GEORGIA TECHNICAL COLLEGE     ,GA,31602-0929,Public       ,886,2855,3741,1246,4501,5747
00551100,OKEFENOKEE TECHNICAL COLLEGE            ,GA,31501-4016,Public       ,217,797,1014,298,1137,1435
00559900,AUGUSTA TECHNICAL COLLEGE               ,GA,30906-3399,Public       ,903,2613,3516,1569,4498,6067
00560000,ATHENS TECHNICAL COLLEGE                ,GA,30601-1579,Public       ,1147,2603,3750,1971,4650,6621
00560100,ALBANY TECHNICAL COLLEGE                ,GA,31701-2648,Public       ,848,3508,4356,1278,5503,6781
00561500,SOUTHWEST GEORGIA TECHNICAL COLLEGE     ,GA,31792-2622,Public       ,297,945,1242,488,1633,2121
00561600,SWAINSBORO TECHNICAL COLLEGE (FORMERLY S,GA,30401-5700,Public       ,0,0,0,21,61,82
00561700,SOUTH GEORGIA TECHNICAL COLLEGE         ,GA,31709-8167,Public       ,447,1190,1637,648,1605,2253
00561800,SAVANNAH TECHNICAL COLLEGE              ,GA,31405-5594,Public       ,907,3339,4246,1526,5935,7461
00561900,NORTH GEORGIA TECHNICAL COLLEGE         ,GA,30523-0000,Public       ,558,978,1536,1058,2006,3064
00562000,CHATTAHOOCHEE TECHNICAL COLLEGE         ,GA,30060-3398,Public       ,2417,5568,7985,4046,10298,14344
00562100,SOUTHERN CRESCENT TECHNICAL COLLEGE     ,GA,30223-2097,Public       ,727,2167,2894,1246,4278,5524
00562101,FLINT RIVER TECHNICAL INSTITUTE         ,GA,30286-0014,Public       ,34,156,190,80,323,403
00562200,DEKALB TECHNICAL COLLEGE                ,GA,30021-0000,Public       ,873,3421,4294,1530,6430,7960
00562400,COLUMBUS TECHNICAL COLLEGE              ,GA,31904-6572,Public       ,825,2344,3169,1372,3817,5189
00576300,CENTRAL GEORGIA TECHNICAL COLLEGE       ,GA,31206-3628,Public       ,771,3208,3979,1510,6791,8301
00772800,MACON STATE COLLEGE                     ,GA,31206-5145,Public       ,1606,2526,4132,2998,4734,7732
00854300,ATLANTA TECHNICAL COLLEGE               ,GA,30310-4499,Public       ,899,3524,4423,1715,6742,8457
00897600,CLAYTON STATE UNIVERSITY                ,GA,30260-0285,Public       ,2273,4404,6677,4978,8321,13299
00927000,ART INSTITUTE OF ATLANTA (THE)          ,GA,30328-1649,Proprietary  ,3388,2892,6280,7236,5737,12973
00950700,GEORGIA HIGHLANDS COLLEGE               ,GA,30162-0000,Public       ,1650,1509,3159,3060,2973,6033
01031903,MEDIX SCHOOL                            ,GA,30080-7630,Proprietary  ,85,262,347,147,489,636
01035601,EVEREST INSTITUTE - DEKALB              ,GA,30035-3420,Proprietary  ,57,307,364,111,595,706
01048700,WEST GEORGIA TECHNICAL COLLEGE          ,GA,30182-6476,Public       ,1368,3322,4690,2158,5714,7872
01077100,GUPTON JONES COLLEGE                    ,GA,30035-4022,Private      ,45,160,205,96,288,384
01099700,EAST GEORGIA COLLEGE                    ,GA,30401-2699,Public       ,1462,655,2117,2555,1143,3698
01107400,BAINBRIDGE COLLEGE                      ,GA,39819-8400,Public       ,526,1504,2030,853,2916,3769
01110901,EVEREST COLLEGE - EVEREST INSTITUTE     ,GA,30067-8340,Proprietary  ,45,191,236,84,332,416
01110902,EVEREST COLLEGE - ATLANTA               ,GA,30331-2620,Proprietary  ,65,219,284,131,418,549
01112301,EVEREST COLLEGE - EVEREST INSTITUTE- NOR,GA,30093-2813,Proprietary  ,55,259,314,97,506,603
01157400,BAUDER COLLEGE                          ,GA,30313-2439,Proprietary  ,178,479,657,373,843,1216
01205100,PRO WAY HAIR SCHOOL                     ,GA,30083-2884,Proprietary  ,38,148,186,52,197,249
01216500,ATLANTA METROPOLITAN COLLEGE            ,GA,30310-4498,Public       ,1144,2264,3408,2257,4324,6581
01303900,SOUTH UNIVERSITY                        ,GA,31406-4881,Proprietary  ,1576,10133,11709,2698,21044,23742
02055000,WAYCROSS COLLEGE                        ,GA,31503-0000,Public       ,327,410,737,522,673,1195
02060900,BROWN CLG OF COURT REPORTING & M.T.     ,GA,30318-2570,Proprietary  ,16,199,215,24,341,365
02074800,LIFE UNIVERSITY                         ,GA,30060-0000,Private      ,118,545,663,381,2535,2916
02113613,AMERICAN INTERCONTINENTAL UNIVERSITY    ,GA,30328-1649,Proprietary  ,405,1106,1511,978,2607,3585
02116000,SANFORD-BROWN COLLEGE                   ,GA,30328-4803,Proprietary  ,156,738,894,228,1200,1428
02141500,SAVANNAH COLLEGE OF ART & DESIGN        ,GA,31402-3146,Private      ,2350,1517,3867,8820,3878,12698
02202800,AUGUSTA AREA DIET INTERN UNIV HOSP      ,GA,30901-0000,Private      ,4,16,20,9,34,43
02217200,PORTFOLIO CENTER                        ,GA,30309-0000,Proprietary  ,10,36,46,15,72,87
02266200,AMERICAN PROFESSIONAL INSTITUTE         ,GA,31201-3185,Proprietary  ,73,433,506,122,695,817
02279500,HEART OF GEORGIA TECHNICAL COLLEGE      ,GA,31021-0000,Public       ,223,700,923,364,1170,1534
02284300,INTERACTIVE COLLEGE OF TECHNOLOGY       ,GA,30341-0000,Proprietary  ,50,483,533,82,680,762
02284308,INTERACTIVE LEARNING SYSTEMS            ,GA,30260-0000,Proprietary  ,20,90,110,36,154,190
02284309,INTERACTIVE COLLEGE OF TECHNOLOGY       ,GA,30501-0000,Proprietary  ,22,102,124,31,159,190
02285500,"CREATIVE CIRCUS, THE                    ",GA,30324-0000,Proprietary  ,43,109,152,73,236,309
02288400,GWINNETT TECHNICAL INSTITUTE            ,GA,30043-5702,Public       ,1483,3974,5457,2518,7756,10274
02313902,WESTWOOD COLLEGE - O'HARE AIRPORT - ATLA,GA,30345-2807,Proprietary  ,99,225,324,190,500,690
02321400,ROFFLER-MOLER HAIRSTYLING COLLEGE       ,GA,30062-0000,Proprietary  ,13,24,37,23,43,66
02354500,SOUTHEASTERN BEAUTY SCHOOLS             ,GA,31906-0000,Proprietary  ,15,46,61,16,58,74
02482100,MOREHOUSE SCHOOL OF MEDICINE            ,GA,30310-0000,Private      ,25,122,147,69,602,671
02502700,ADVANCED CAREER TRAINING                ,GA,30329-0000,Proprietary  ,156,611,767,192,800,992
02502701,ADVANCED CAREER TRAINING-RIVERDALE      ,GA,30274-0000,Proprietary  ,86,371,457,104,461,565
02508600,MIDDLE GEORGIA TECHNICAL COLLEGE        ,GA,31088-0000,Public       ,534,1656,2190,805,2623,3428
02520000,INTERNATIONAL SCH SKIN & NAILCARE       ,GA,30342-1119,Proprietary  ,23,110,133,33,205,238
02577000,ESANI INSTITUTE                         ,GA,30297-0000,Proprietary  ,35,52,87,49,112,161
02577700,BEAUTY COLLEGE OF AMERICA               ,GA,30297-0000,Proprietary  ,14,34,48,31,70,101
02578300,INTERNATIONAL CITY BEAUTY COLLEGE       ,GA,31093-3631,Proprietary  ,3,2,5,3,2,5
02580200,ATLANTA SCHOOL OF MASSAGE               ,GA,30338-0000,Proprietary  ,44,189,233,80,356,436
02583000,GWINNETT COLLEGE OF BUSINESS            ,GA,30047-3447,Proprietary  ,29,300,329,67,415,482
02607600,CAPELLI LEARNING CTR FOR COSM           ,GA,30324-0000,Proprietary  ,49,145,194,71,219,290
02614206,MILLER - MOTTE TECHNICAL COLLEGE - COLUM,GA,31907-3222,Proprietary  ,38,317,355,51,484,535
02614207,MILLER - MOTTE TECHNICAL COLLEGE - AUGUS,GA,30907-0921,Proprietary  ,28,140,168,44,217,261
03005400,ARTISTIC BEAUTY COLLEGE                 ,GA,30013-2076,Proprietary  ,87,215,302,138,326,464
03010619,VIRGINIA COLLEGE - AUGUSTA              ,GA,30909-5515,Proprietary  ,122,621,743,181,1062,1243
03010623,VIRGINIA COLLEGE - MACON                ,GA,31206-3180,Proprietary  ,42,291,333,69,524,593
03022601,WESTERN CULINARY INSTITUTE - LE CORDON B,GA,30084-5893,Proprietary  ,83,223,306,164,386,550
03030000,OGEECHEE TECHNICAL COLLEGE              ,GA,30458-8049,Public       ,584,1217,1801,911,2217,3128
03032100,ALTAMAHA TECHNICAL COLLEGE              ,GA,31545-4465,Public       ,273,920,1193,385,1405,1790
03042700,LAURUSTECHNICAL INSTITUTE               ,GA,30030-1506,Proprietary  ,25,118,143,39,212,251
03066500,SOUTHEASTERN TECHNICAL COLLEGE          ,GA,30474-8817,Public       ,300,980,1280,419,1408,1827
03072304,EVEREST COLLEGE - EVEREST INSTITUTE     ,GA,30236-0000,Proprietary  ,40,270,310,67,435,502
03076300,BEULAH HEIGHTS BIBLE COLLEGE            ,GA,30316-1873,Private      ,25,326,351,38,531,569
03079202,WESTWOOD COLLEGE - ATLANTA MIDTOWN      ,GA,30309-2848,Proprietary  ,231,510,741,448,930,1378
03081500,SOUTHEASTERN BEAUTY SCHOOL              ,GA,31917-0000,Proprietary  ,17,41,58,23,72,95
03089100,GEORGIA INSTITUTE OF COSMETOLOGY        ,GA,30606-3152,Proprietary  ,72,168,240,120,263,383
03090600,COBB BEAUTY COLLEGE                     ,GA,30144-2828,Proprietary  ,13,44,57,27,82,109
03100900,LUTHER RICE UNIVERSITY                  ,GA,30038-2454,Private      ,15,372,387,27,764,791
03102000,RIVERTOWN SCHOOL OF BEAUTY              ,GA,31904-4747,Proprietary  ,24,76,100,41,118,159
03104500,ATLANTA INSTITUTE OF MUSIC              ,GA,30096-4988,Proprietary  ,117,157,274,209,259,468
03116100,VOGUE BEAUTY AND BARBER SCHOOL          ,GA,30141-2226,Proprietary  ,16,75,91,25,100,125
03155500,SANDERSVILLE REGIONAL TECH INST         ,GA,31082-6179,Public       ,209,753,962,292,1120,1412
03173300,ATLANTA'S JOHN MARSHALL LAW SCHOOL      ,GA,30309-0000,Proprietary  ,10,564,574,36,1292,1328
03232304,LINCOLN COLLEGE OF TECHNOLOGY           ,GA,30067-8638,Proprietary  ,44,191,235,68,373,441
03418300,GWINNETT COLLEGE-SANDY SPRINGS          ,GA,30328-3161,Proprietary  ,15,107,122,40,177,217
03445500,FAYETTE BEAUTY ACADEMY                  ,GA,30214-1191,Proprietary  ,9,31,40,17,61,78
03523300,AVIATION INSTITUTE OF MAINTENANCE       ,GA,30045-0000,Proprietary  ,97,305,402,171,637,808
03635300,CARVER BIBLE COLLEGE                    ,GA,30331-1300,Private      ,13,56,69,24,109,133
03748300,KEVOSNIK SCHOOL OF HAIR DESIGN          ,GA,31021-0000,Proprietary  ,2,21,23,8,32,40
03753400,MICHAEL'S SCHOOL OF BEAUTY              ,GA,31211-1493,Proprietary  ,8,48,56,12,70,82
03804400,JAVELIN TECHNICAL TRAINING CENTER       ,GA,30339-6040,Proprietary  ,77,393,470,111,598,709
03812300,OMNITECH INSTITUTE                      ,GA,30035-1206,Proprietary  ,23,122,145,43,215,258
04021300,AUGUSTA SCHOOL OF MASSAGE               ,GA,30809-0000,Proprietary  ,11,33,44,19,57,76
04051331,ART INSTITUTE OF PHOENIX (THE) - BROWN M,GA,30319-3054,Proprietary  ,22,104,126,85,252,337
04091300,SAVANNAH SCHOOL OF MASSAGE THERAPY      ,GA,31406-2711,Private      ,17,68,85,31,126,157
04126800,ACADEMY OF SOMATIC HEALING ARTS (ASHA)  ,GA,30071-1024,Proprietary  ,6,52,58,9,111,120
04142900,GEORGIA GWINNETT COLLEGE                ,GA,30043-7409,Public       ,3438,2249,5687,6060,4190,10250
04147000,PAUL MITCHELL THE SCHOOL ATLANTA        ,GA,30318-5241,Proprietary  ,73,152,225,136,269,405
04147700,LAKE LANIER SCHOOL OF MASSAGE           ,GA,30501-4546,Proprietary  ,10,79,89,20,111,131
04149900,PROFILE INSTITUTE OF BARBER-STYLING     ,GA,30315-8459,Proprietary  ,14,77,91,28,105,133
04150900,PROCESS INSTITUTE OF COSMETOLOGY (THE)  ,GA,30043-7344,Proprietary  ,39,28,67,53,51,104
04152300,GEORGIA BEAUTY ACADEMY                  ,GA,30721-3952,Proprietary  ,25,50,75,38,89,127
04156500,GEORGIA CHRISTIAN UNIVERSITY            ,GA,30047-3778,Private      ,2,8,10,2,8,10
04160200,ATLANTA BEAUTY ACADEMY                  ,GA,30340-1334,Proprietary  ,29,117,146,50,188,238
00162800,AMERICAN ACADEMY OF ART                 ,IL,60604-4302,Proprietary  ,200,69,269,846,223,1069
00163300,AUGUSTANA COLLEGE                       ,IL,61201-2296,Private      ,193,41,234,4275,232,4507
00163400,AURORA UNIVERSITY                       ,IL,60506-4892,Private      ,342,651,993,3046,2419,5465
00163600,SOUTHWESTERN ILLINOIS COLLEGE           ,IL,62221-5899,Public       ,1224,2297,3521,2990,4730,7720
00163800,BLACK HAWK COLLEGE                      ,IL,61265-5899,Public       ,644,956,1600,1963,2374,4337
00163900,BLACKBURN COLLEGE                       ,IL,62626-1498,Private      ,96,47,143,767,150,917
00164000,PRAIRIE STATE COLLEGE                   ,IL,60411-8226,Public       ,671,1325,1996,2381,3982,6363
00164100,BRADLEY UNIVERSITY                      ,IL,61625-0002,Private      ,534,275,809,7154,1186,8340
00164300,SPOON RIVER COLLEGE                     ,IL,61520-8907,Public       ,191,255,446,669,710,1379
00164700,CITY COLLEGES OF CHICAGO                ,IL,60606-6998,Public       ,333,712,1045,1956,2395,4351
00164800,TRUMAN COLLEGE                          ,IL,60640-5691,Public       ,689,1619,2308,3270,4971,8241
00164900,RICHARD J DALEY COLLEGE                 ,IL,60652-1299,Public       ,555,1304,1859,2665,4137,6802
00165000,CITY COLLEGES OF CHICAGO-MALCOLM X      ,IL,60612-3197,Public       ,596,1713,2309,3089,6111,9200
00165200,HAROLD WASHINGTON COLLEGE               ,IL,60601-2403,Public       ,1372,2099,3471,6010,6754,12764
00165400,KENNEDY KING COLLEGE                    ,IL,60621-3798,Public       ,588,2087,2675,2609,6474,9083
00165500,WRIGHT COLLEGE                          ,IL,60634-1591,Public       ,1147,1816,2963,4852,5215,10067
00165700,MIDWESTERN UNIVERSITY                   ,IL,60515-1200,Private      ,15,667,682,139,3041,3180
00165900,ROSALIND FRANKLIN UNIVERSITY OF MEDICINE,IL,60064-3095,Private      ,3,569,572,32,2411,2443
00166100,CHICAGO THEOLOGICAL SEMINARY            ,IL,60637-0000,Private      ,2,44,46,16,150,166
00166300,SPERTUS COLLEGE                         ,IL,60605-1995,Private      ,0,30,30,1,66,67
00166400,UNIVERSITY OF ST FRANCIS                ,IL,60435-6188,Private      ,135,478,613,1620,1613,3233
00166500,COLUMBIA COLLEGE                        ,IL,60605-1996,Private      ,2012,1172,3184,13328,5169,18497
00166600,CONCORDIA UNIVERSITY                    ,IL,60305-1499,Private      ,183,1227,1410,2506,2792,5298
00166900,DANVILLE AREA COMMUNITY COLLEGE         ,IL,61832-5199,Public       ,242,584,826,813,1376,2189
00167100,DEPAUL UNIVERSITY                       ,IL,60604-2287,Private      ,1712,3173,4885,20560,15205,35765
00167400,EASTERN ILLINOIS UNIVERSITY             ,IL,61920-3099,Public       ,1378,811,2189,10690,3467,14157
00167500,ELGIN COMMUNITY COLLEGE                 ,IL,60123-7193,Public       ,1177,1576,2753,3208,3821,7029
00167600,ELMHURST COLLEGE                        ,IL,60126-3296,Private      ,491,286,777,4005,1111,5116
00167800,EUREKA COLLEGE                          ,IL,61530-9976,Private      ,116,37,153,1087,213,1300
00168100,HIGHLAND COMMUNITY COLLEGE              ,IL,61032-9341,Public       ,299,459,758,800,985,1785
00168200,GARRETT-EVANGELICAL THEOLOGICAL SEM     ,IL,60201-0000,Private      ,0,70,70,0,189,189
00168400,GREENVILLE COLLEGE                      ,IL,62246-1199,Private      ,248,243,491,1560,623,2183
00168500,HEBREW THEOLOGICAL COLLEGE              ,IL,60077-3263,Private      ,165,5,170,413,21,434
00168800,ILLINOIS COLLEGE                        ,IL,62650-2299,Private      ,111,26,137,1519,153,1672
00168900,ILLINOIS COLLEGE OF OPTOMETRY           ,IL,60616-3878,Private      ,4,99,103,26,718,744
00169100,ILLINOIS INSTITUTE OF TECHNOLOGY        ,IL,60616-0000,Private      ,369,599,968,2998,2141,5139
00169103,CHICAGO KENT COLLEGE OF LAW             ,IL,60661-0000,Private      ,7,390,397,57,1910,1967
00169200,ILLINOIS STATE UNIVERSITY               ,IL,61790-1000,Public       ,2157,919,3076,20842,4813,25655
00169300,NORTHEASTERN ILLINOIS UNIV              ,IL,60625-4699,Public       ,1008,1795,2803,6913,6830,13743
00169400,CHICAGO STATE UNIVERSITY                ,IL,60628-1598,Public       ,888,2674,3562,6259,10737,16996
00169600,ILLINOIS WESLEYAN UNIVERSITY            ,IL,61701-0000,Private      ,138,40,178,3288,172,3460
00169800,JOHN MARSHALL LAW SCHOOL                ,IL,60604-0000,Private      ,4,580,584,33,2486,2519
00169900,JOLIET JUNIOR COLLEGE                   ,IL,60431-8938,Public       ,2128,2620,4748,6401,6123,12524
00170000,JUDSON UNIVERSITY                       ,IL,60123-1498,Private      ,147,176,323,977,631,1608
00170100,KASKASKIA COLLEGE                       ,IL,62801-7878,Public       ,394,721,1115,1204,1644,2848
00170300,KENDALL COLLEGE                         ,IL,60622-4278,Proprietary  ,224,562,786,1064,1799,2863
00170400,KNOX COLLEGE                            ,IL,61401-4999,Private      ,218,16,234,2329,128,2457
00170500,ILLINOIS VALLEY COMMUNITY COLLEGE       ,IL,61348-9692,Public       ,353,523,876,1429,1712,3141
00170600,LAKE FOREST COLLEGE                     ,IL,60045-2399,Private      ,129,34,163,2195,181,2376
00170700,LEWIS UNIVERSITY                        ,IL,60446-2200,Private      ,515,1021,1536,5027,3001,8028
00170800,LINCOLN CHRISTIAN UNIVERSITY            ,IL,62656-2167,Private      ,68,150,218,432,526,958
00170900,LINCOLN COLLEGE                         ,IL,62656-1699,Private      ,167,146,313,1180,586,1766
00171000,LOYOLA UNIVERSITY CHICAGO               ,IL,60626-0000,Private      ,1325,2452,3777,15404,11039,26443
00171200,LUTHERAN SCHOOL OF THEOL AT CHICAGO     ,IL,60615-0000,Private      ,0,55,55,1,112,113
00171600,MACCORMAC COLLEGE                       ,IL,60602-4405,Private      ,9,38,47,42,151,193
00171700,MACMURRAY COLLEGE                       ,IL,62650-2590,Private      ,104,73,177,632,293,925
00172100,MCCORMICK THEOLOGICAL SEMINARY          ,IL,60615-5108,Private      ,0,50,50,1,130,131
00172200,MCKENDREE UNIVERSITY                    ,IL,62254-1299,Private      ,231,409,640,1711,1237,2948
00172300,MEADVILLE LOMBARD THEOLOGICAL SCHOOL    ,IL,60637-1602,Private      ,0,5,5,3,74,77
00172400,MILLIKIN UNIVERSITY                     ,IL,62522-2084,Private      ,237,206,443,2886,847,3733
00172500,MONMOUTH COLLEGE                        ,IL,61462-1963,Private      ,109,13,122,2150,155,2305
00172700,MOODY BIBLE INSTITUTE                   ,IL,60610-3214,Private      ,426,439,865,1421,970,2391
00172800,MORTON COLLEGE                          ,IL,60804-4398,Public       ,641,667,1308,1929,1625,3554
00173200,NATIONAL UNIV OF HEALTH SCIENCES        ,IL,60148-4583,Private      ,14,442,456,50,840,890
00173300,NATIONAL-LOUIS UNIVERSITY               ,IL,60603-3032,Private      ,54,1750,1804,309,4602,4911
00173400,NORTH CENTRAL COLLEGE                   ,IL,60540-4690,Private      ,389,251,640,3533,814,4347
00173500,NORTH PARK UNIVERSITY                   ,IL,60625-4895,Private      ,359,423,782,2943,1496,4439
00173600,NORTHERN BAPTIST THEOL SEMINARY         ,IL,60148-0000,Private      ,0,36,36,2,75,77
00173700,NORTHERN ILLINOIS UNIVERSITY            ,IL,60115-2854,Public       ,2808,2409,5217,21179,9745,30924
00173900,NORTHWESTERN UNIV                       ,IL,60208-0001,Private      ,1563,2671,4234,18997,9793,28790
00174100,OLIVET NAZARENE UNIVERSITY              ,IL,60914-2271,Private      ,244,617,861,3349,1605,4954
00174200,IL EASTERN COMM COLGS-OLNEY CENTRAL     ,IL,62450-1099,Public       ,127,221,348,545,603,1148
00174500,QUINCY UNIVERSITY                       ,IL,62301-2699,Private      ,150,261,411,1572,899,2471
00174600,ROBERT MORRIS UNIVERSITY ILLINOIS       ,IL,60605-1225,Private      ,602,941,1543,4952,4558,9510
00174700,ROCK VALLEY COLLEGE                     ,IL,61114-5699,Public       ,1012,1730,2742,2908,4591,7499
00174800,ROCKFORD COLLEGE                        ,IL,61108-2393,Private      ,138,269,407,1119,1112,2231
00174900,ROOSEVELT UNIVERSITY                    ,IL,60605-1394,Private      ,549,1442,1991,5255,6206,11461
00175000,DOMINICAN UNIVERSITY                    ,IL,60305-1066,Private      ,251,587,838,2912,1683,4595
00175200,SAUK VALLEY COMMUNITY COLLEGE           ,IL,61021-9112,Public       ,280,380,660,905,1071,1976
00175300,SCHOOL OF ART INSTITUTE OF CHICAGO      ,IL,60603-3013,Private      ,466,427,893,3696,2415,6111
00175400,SEABURY-WESTERN THEO SEMINARY           ,IL,60201-0000,Private      ,0,2,2,0,4,4
00175600,SHIMER COLLEGE                          ,IL,60616-3893,Private      ,26,20,46,137,63,200
00175700,SOUTHEASTERN ILLINOIS COLLEGE           ,IL,62946-4925,Public       ,193,242,435,611,638,1249
00175800,SOUTHERN ILL UNIV-CARBONDALE            ,IL,62901-0000,Public       ,2514,2460,4974,15571,7945,23516
00175900,SOUTHERN ILL UNIV-EDWARDSVILLE          ,IL,62026-1060,Public       ,1797,1600,3397,11551,5562,17113
00175924,SO IL UNIV-SCHL OF DENTAL MEDICINE      ,IL,62002-0000,Public       ,1,76,77,14,173,187
00176100,SPRINGFIELD COLLEGE IN ILLINOIS         ,IL,62702-2694,Private      ,43,96,139,252,296,548
00176500,UNIVERSITY OF ST MARY OF THE LAKE       ,IL,60060-0000,Private      ,0,4,4,2,11,13
00176700,BENEDICTINE UNIVERSITY                  ,IL,60532-0900,Private      ,230,1144,1374,2892,3678,6570
00176800,ST XAVIER UNIVERSITY                    ,IL,60655-3199,Private      ,268,708,976,4869,3007,7876
00176900,SOUTH SUBURBAN COLLEGE                  ,IL,60473-9978,Public       ,735,2072,2807,2371,5751,8122
00177100,TRINITY CHRISTIAN COLLEGE               ,IL,60463-0929,Private      ,82,122,204,1375,781,2156
00177200,TRINITY INTERNATIONAL UNIVERSITY        ,IL,60015-1283,Private      ,138,303,441,821,849,1670
00177300,TRITON COLLEGE                          ,IL,60171-1995,Public       ,841,1413,2254,3321,4180,7501
00177400,UNIVERSITY OF CHICAGO                   ,IL,60637-1476,Private      ,1413,644,2057,14835,3146,17981
00177401,UNIV OF CHICAGO PRITZKER SCH OF MED     ,IL,60637-0000,Private      ,7,161,168,48,561,609
00177403,"UNIV OF CHICAGO, BOOTH SCH OF BUS       ",IL,60637-0000,Private      ,5,521,526,35,935,970
00177405,UNIVERSITY OF CHICAGO GRADUATE          ,IL,60637-0000,Private      ,15,981,996,80,4994,5074
00177500,UNIV OF ILLINOIS @ URBANA-CHAMPAIGN     ,IL,61820-5796,Public       ,2234,1495,3729,28875,8788,37663
00177600,UNIV OF ILLINOIS AT CHICAGO             ,IL,60607-0000,Public       ,2164,3596,5760,22368,16342,38710
00177800,VANDERCOOK COLLEGE OF MUSIC             ,IL,60616-3731,Private      ,12,21,33,182,88,270
00177900,IL EASTERN COMM COLGS-WABASH VALLEY     ,IL,62863-2699,Public       ,89,137,226,369,334,703
00178000,WESTERN ILLINOIS UNIVERSITY             ,IL,61455-1390,Public       ,1754,1058,2812,11457,3847,15304
00178100,WHEATON COLLEGE                         ,IL,60187-5535,Private      ,419,181,600,2813,549,3362
00178300,WORSHAM COLLEGE OF MORTUARY SCIENCE     ,IL,60090-2646,Proprietary  ,12,42,54,45,131,176
00396100,HARPER COLLEGE                          ,IL,60067-7398,Public       ,1339,1787,3126,4762,4652,9414
00418100,ADVOCATE TRINITY HOSPITAL SCHOOL OF RADI,IL,60617-3982,Private      ,2,7,9,35,102,137
00456000,GEM CITY COLLEGE                        ,IL,62301-4949,Proprietary  ,8,19,27,12,34,46
00456800,MIDSTATE COLLEGE                        ,IL,61614-3558,Proprietary  ,18,167,185,83,728,811
00621400,BLESSING RIEMAN COLLEGE OF NURSING      ,IL,62301-0000,Private      ,9,29,38,100,143,243
00621401,BLESSING HOSPITAL - SCHOOL OF MEDICAL LA,IL,62305-7005,Private      ,2,7,9,14,16,30
00621402,BLESSING HOSPITAL - SCHOOL OF RADIOLOGIC,IL,62305-7005,Private      ,1,1,2,18,10,28
00622500,TRINITY COLLEGE OF NURSING AND HEALTH SC,IL,61201-5317,Private      ,15,56,71,71,166,237
00622800,METHODIST MED CTR OF ILL SCH NRSNG      ,IL,61636-0000,Private      ,45,142,187,269,520,789
00624000,ST FRANCIS MED CLG OF NRSG              ,IL,61603-3783,Private      ,40,109,149,215,401,616
00638500,CHAMBERLAIN COLLEGE OF NURSING          ,IL,60101-0000,Proprietary  ,584,5327,5911,1381,9712,11093
00665600,COLLEGE OF DUPAGE                       ,IL,60137-6599,Public       ,2314,2866,5180,7491,7445,14936
00675300,ILLINOIS CENTRAL COLLEGE                ,IL,61635-0001,Public       ,1124,1739,2863,3682,4780,8462
00693100,WAUBONSEE COMMUNITY COLLEGE             ,IL,60554-0000,Public       ,770,1134,1904,2396,3159,5555
00711800,PARKLAND COLLEGE                        ,IL,61821-1899,Public       ,1113,1461,2574,3812,3366,7178
00711900,REND LAKE COLLEGE                       ,IL,62846-9801,Public       ,371,517,888,1043,1237,2280
00717000,LINCOLN LAND COMMUNITY COLLEGE          ,IL,62794-9256,Public       ,667,1429,2096,2177,3305,5482
00726500,CARL SANDBURG COLLEGE                   ,IL,61401-9576,Public       ,179,407,586,896,1375,2271
00754900,COYNE AMERICAN INSTITUTE                ,IL,60607-1300,Proprietary  ,94,417,511,202,793,995
00764400,LAKE LAND COLLEGE                       ,IL,61938-9366,Public       ,405,634,1039,1999,2042,4041
00768400,KISHWAUKEE COLLEGE                      ,IL,60150-9699,Public       ,512,584,1096,1897,1814,3711
00769000,KANKAKEE COMMUNITY COLLEGE              ,IL,60901-6505,Public       ,457,865,1322,1401,2330,3731
00769100,MCHENRY COUNTY COLLEGE                  ,IL,60012-2761,Public       ,739,748,1487,1924,1735,3659
00769200,MORAINE VALLEY COMMUNITY COLLEGE        ,IL,60465-0937,Public       ,1473,1613,3086,5665,4834,10499
00769300,SHAWNEE COMMUNITY COLLEGE               ,IL,62992-9725,Public       ,138,290,428,633,717,1350
00769400,COLLEGE OF LAKE COUNTY                  ,IL,60030-1198,Public       ,1087,1793,2880,3358,4077,7435
00793700,MS ROBERTS ACADEMY OF BEAUTY CULT       ,IL,60181-2930,Proprietary  ,7,21,28,13,43,56
00807600,JOHN A LOGAN COLLEGE                    ,IL,62918-2500,Public       ,637,840,1477,1735,1977,3712
00809003,EVEREST COLLEGE - BEDFORD PARK          ,IL,60629-5819,Proprietary  ,11,35,46,11,35,46
00814604,EVEREST UNIVERSITY - EVEREST  COLLEGE   ,IL,60803-4517,Proprietary  ,35,170,205,81,327,408
00825900,EDUCATORS OF BEAUTY                     ,IL,61081-3611,Proprietary  ,23,66,89,30,82,112
00825901,EDUCATORS OF BEAUTY                     ,IL,61104-0000,Proprietary  ,5,24,29,18,64,82
00832800,ALVAREITA'S COLLEGE OF COSMETOLOGY      ,IL,62025-2041,Proprietary  ,10,40,50,24,72,96
00854500,ROCKFORD BUSINESS COLLEGE               ,IL,61103-0000,Proprietary  ,87,460,547,157,763,920
00869402,RASMUSSEN COLLEGE - ROCKFORD            ,IL,61108-2513,Proprietary  ,130,593,723,228,1224,1452
00869403,RASMUSSEN COLLEGE - AURORA              ,IL,60506-6219,Proprietary  ,75,272,347,150,521,671
00869404,RASMUSSEN COLLEGE - ROMEOVILLE          ,IL,60446-0000,Proprietary  ,72,282,354,124,507,631
00869418,RASMUSSEN COLLEGE -  MOKENA             ,IL,60448-0000,Proprietary  ,23,79,102,41,155,196
00888000,MORRISON INSTITUTE OF TECHNOLOGY        ,IL,61270-2959,Private      ,7,9,16,88,30,118
00893800,GRAHAM HOSPITAL SCH OF NURSING          ,IL,61520-2497,Private      ,4,18,22,27,93,120
00893900,CANNELLA SCHOOL OF HAIR DESIGN          ,IL,60406-2130,Proprietary  ,12,44,56,25,71,96
00914500,GOVERNORS STATE UNIVERSITY              ,IL,60466-0975,Public       ,246,1729,1975,1012,5569,6581
00923200,CATHOLIC THEOLOGICAL UNION              ,IL,60615-0000,Private      ,0,28,28,4,57,61
00933300,UNIV OF ILLINOIS AT SPRINGFIELD         ,IL,62703-5407,Public       ,346,763,1109,2132,2632,4764
00947500,EDUCATORS OF BEAUTY                     ,IL,61301-2404,Proprietary  ,8,10,18,14,24,38
00959500,CANNELLA SCHOOL OF HAIR DESIGN          ,IL,60617-4303,Proprietary  ,5,26,31,25,59,84
00976700,OLIVE-HARVEY COLLEGE                    ,IL,60628-1696,Public       ,323,945,1268,1349,3337,4686
00978600,IL EASTERN COMM COLGS-LINCOLN TRAIL     ,IL,62454-5708,Public       ,58,106,164,295,322,617
00980000,RUSH UNIVERSITY                         ,IL,60612-3806,Private      ,43,984,1027,229,2849,3078
00989600,OAKTON COMMUNITY COLLEGE                ,IL,60016-1268,Public       ,782,947,1729,2977,2664,5641
00998700,SAINT ANTHONY COLLEGE OF NURSING        ,IL,61108-2468,Private      ,28,93,121,133,313,446
01002000,LEWIS AND CLARK COMMUNITY COLLEGE       ,IL,62035-2466,Public       ,590,923,1513,1596,2083,3679
01031600,LINCOLN COLLEGE OF TECHNOLOGY           ,IL,60160-1605,Proprietary  ,291,353,644,657,583,1240
01050100,LAKEVIEW  COLLEGE OF NURSING            ,IL,61832-3781,Private      ,39,53,92,159,229,388
01069500,TRI-COUNTY BEAUTY ACADEMY               ,IL,62056-2036,Proprietary  ,8,6,14,10,24,34
01071000,CAPITAL AREA SCH OF PRAC NRSG           ,IL,62707-0000,Public       ,29,182,211,79,431,510
01072700,DEVRY UNIVERSITY                        ,IL,60618-5994,Proprietary  ,6446,30583,37029,16748,72329,89077
01083600,PIVOT POINT INTNL CSMTLGY RSRCH CTR     ,IL,60626-0000,Proprietary  ,96,139,235,274,345,619
01087900,RICHLAND COMMUNITY COLLEGE              ,IL,62521-8513,Public       ,260,667,927,718,1495,2213
01102401,EVEREST COLLEGE - CHICAGO               ,IL,60604-2052,Proprietary  ,107,379,486,448,1017,1465
01151002,EVEREST INSTITUTE - EVEREST COLLEGE     ,IL,60542-1610,Proprietary  ,37,163,200,71,295,366
01181000,TAYLOR BUSINESS INSTITUTE               ,IL,60606-5111,Proprietary  ,8,68,76,19,98,117
01185204,ITT TECHNICAL INSTITUTE - ORLAND PARK CA,IL,60467-4900,Proprietary  ,0,0,0,1,0,1
01185800,EVEREST COLLEGE                         ,IL,60077-1074,Proprietary  ,100,368,468,196,608,804
01185802,EVEREST COLLEGE - BURR RIDGE            ,IL,60527-7826,Proprietary  ,35,95,130,68,190,258
01185803,EVEREST COLLEGE - MELROSE PARK          ,IL,60160-1526,Proprietary  ,6,23,29,6,23,29
01236200,NORTHWESTERN COLLEGE                    ,IL,60630-2298,Proprietary  ,175,583,758,1648,3362,5010
01238500,BLOOMINGTON-NORMAL SCH RADIOGRAPHY      ,IL,61761-4604,Private      ,3,13,16,12,36,48
01258400,ILLINOIS INSTITUTE OF ART (THE)         ,IL,60654-1593,Proprietary  ,1174,1129,2303,4795,3521,8316
01281300,JOHN WOOD COMMUNITY COLLEGE             ,IL,62305-0401,Public       ,204,346,550,950,1043,1993
01308700,CAPRI GARFIELD RIDGE SCH OF BTY CLR     ,IL,60629-1613,Proprietary  ,20,91,111,48,150,198
01308800,CAPRI OAK FOREST COLLEGE OF BEAUTY      ,IL,60452-2798,Proprietary  ,34,65,99,81,132,213
02055200,HARRINGTON COLLEGE OF DESIGN            ,IL,60606-3433,Proprietary  ,117,235,352,431,599,1030
02068100,ADLER SCH OF PROFESSIONAL PSYCHLGY      ,IL,60601-0000,Private      ,10,507,517,53,1206,1259
02069300,VATTEROTT COLLEGE                       ,IL,62305-5938,Proprietary  ,39,142,181,80,320,400
02073200,TELSHE YESHIVA-CHICAGO                  ,IL,60625-0000,Private      ,5,0,5,32,2,34
02074400,IL EASTERN COMM COLGS-FRONTIER          ,IL,62837-0000,Public       ,59,89,148,187,310,497
02075400,KELLER GRADUATE SCHOOL OF MGMT.         ,IL,60515-5683,Proprietary  ,22,8476,8498,59,15515,15574
02113600,AMERICAN INTERCONTINENTAL UNIVERSITY    ,IL,60192-3713,Proprietary  ,646,11721,12367,1104,19370,20474
02117400,BECK AREA CAREER CENTER                 ,IL,62278-0000,Public       ,11,60,71,22,131,153
02124400,UNIVERSITY OF SPA & COSMETOLOGY ART     ,IL,62704-0000,Proprietary  ,48,88,136,87,135,222
02150600,COSMETOLOGY AND SPA INSTITUTE (THE)     ,IL,60014-4003,Proprietary  ,20,69,89,42,124,166
02155300,THE CHICAGO SCHOOL OF PROF PSYCHOLOGY   ,IL,60610-4705,Private      ,11,1541,1552,44,4148,4192
02160300,INTERNATIONAL ACAD OF DESIGN & TECH     ,IL,60602-3319,Proprietary  ,165,243,408,514,665,1179
02160304,INTERNATIONAL ACADEMY OF DESIGN AND TECH,IL,60173-5160,Proprietary  ,22,47,69,120,121,241
02168600,EAST WEST UNIVERSITY                    ,IL,60605-0000,Private      ,78,152,230,872,1472,2344
02179900,ARGOSY UNIVERSITY                       ,IL,60601-7757,Proprietary  ,1896,13081,14977,6948,30428,37376
02185400,ST AUGUSTINE COLLEGE                    ,IL,60640-0000,Private      ,65,186,251,556,1744,2300
02192400,MR JOHNS SCHOOL OF COSMETOLOGY          ,IL,62521-0000,Proprietary  ,7,19,26,9,32,41
02202600,CANNELLA SCHOOL OF HAIR DESIGN          ,IL,60181-1321,Proprietary  ,7,54,61,11,61,72
02214100,RESURRECTION UNIVERSITY                 ,IL,60302-2519,Private      ,24,138,162,115,474,589
02228100,MAC DANIEL'S BEAUTY SCHOOL              ,IL,60640-0000,Proprietary  ,2,22,24,21,60,81
02261200,HAIR PROFESSIONALS ACAD COSMETOLOGY     ,IL,60118-0000,Proprietary  ,17,68,85,27,113,140
02261201,HAIR PROFESSIONALS ACADEMY OF COSMETOLOG,IL,60118-9333,Proprietary  ,2,6,8,7,12,19
02262100,HAIR PROFESSIONALS SCH COSMETOLOGY      ,IL,60543-0000,Proprietary  ,10,37,47,25,55,80
02291200,CANNELLA SCHOOL OF HAIR DESIGN          ,IL,60639-0000,Proprietary  ,17,76,93,63,149,212
02295500,CANNELLA SCHOOL OF HAIR DESIGN          ,IL,60120-0000,Proprietary  ,4,21,25,8,27,35
02297500,OEHRLEIN SCHOOL OF COSMETOLOGY          ,IL,61611-0000,Proprietary  ,14,34,48,30,63,93
02312300,LA' JAMES COLLEGE HAIRSTYLING           ,IL,61244-0000,Proprietary  ,3,17,20,8,33,41
02313900,WESTWOOD COLLEGE - O'HARE AIRPORT       ,IL,60631-2801,Proprietary  ,122,295,417,377,805,1182
02317300,CONCEPT COLLEGE OF COSMETOLOGY          ,IL,61832-0000,Proprietary  ,5,14,19,24,41,65
02319200,LAKE FOREST GRAD SCHL OF MGMT           ,IL,60045-4824,Private      ,0,87,87,2,142,144
02323300,PROFESSIONAL'S CHOICE HAIR DSN ACAD     ,IL,60435-0000,Proprietary  ,11,27,38,18,43,61
02332200,HAIR PROFESSIONALS CAREER COLLEGE       ,IL,60178-0000,Proprietary  ,8,19,27,16,31,47
02337800,THE COLLEGE OF OFFICE TECHNOLOGY        ,IL,60622-0000,Proprietary  ,39,148,187,62,210,272
02349400,ALVAREITA'S COLLEGE OF COSMETOLOGY      ,IL,62035-0000,Proprietary  ,7,17,24,14,31,45
02349500,CANNELLA SCHOOL OF HAIR DESIGN          ,IL,60632-0000,Proprietary  ,7,48,55,44,79,123
02352200,LE CORDON BLEU COLLEGE OF CULINARY ARTS ,IL,60610-3050,Proprietary  ,211,430,641,875,1207,2082
02498200,G SKIN & BEAUTY INSTITUTE               ,IL,60523-1805,Proprietary  ,10,75,85,33,123,156
02498201,HAIR PROFESSIONALS ACADEMY OF COSMETOLOG,IL,60563-0000,Proprietary  ,2,12,14,12,22,34
02522800,FOX COLLEGE                             ,IL,60453-0000,Proprietary  ,97,103,200,460,395,855
02527600,LEXINGTON COLLEGE                       ,IL,60607-0000,Private      ,9,16,25,82,50,132
02536700,BELL MAR BEAUTY COLLEGE                 ,IL,60650-0000,Proprietary  ,6,27,33,19,55,74
02556100,ENVIRONMENTAL TECHNICAL INSTITUTE       ,IL,60143-0000,Proprietary  ,18,69,87,29,101,130
02556600,NILES SCHOOL OF COSMETOLOGY             ,IL,60714-0000,Proprietary  ,8,21,29,14,39,53
02573700,INSTITUTE FOR CLINICAL SOCIAL WORK      ,IL,60605-1229,Private      ,8,60,68,22,137,159
02579200,INGALLS MEMORIAL HOSPITAL               ,IL,60426-0000,Private      ,1,16,17,11,54,65
02584900,"FIRST INSTITUTE, INC.                   ",IL,60014-7489,Proprietary  ,35,145,180,47,178,225
02587700,HAIR PROFESSIONALS CAREER COLLEGE       ,IL,60465-1929,Proprietary  ,7,44,51,21,64,85
02599500,HANOVER PARK COLLEGE OF BEAUTY CULT     ,IL,60133-5421,Proprietary  ,28,52,80,38,69,107
02622700,KNOWLEDGE SYSTEMS INSTITUTE             ,IL,60076-0000,Private      ,0,0,0,0,4,4
03002000,HAIRMASTERS INST OF COSMETOLOGY         ,IL,61701-5547,Proprietary  ,6,22,28,20,46,66
03027702,PACIFIC COLLEGE OF ORIENTAL MEDICINE - C,IL,60613-4418,Proprietary  ,6,107,113,12,232,244
03065300,TREND SETTERS COLL OF COSMETOLOGY       ,IL,60915-2101,Proprietary  ,66,72,138,106,115,221
03072701,WESTWOOD COLLEGE OF TECHNOLOGY          ,IL,60409-0000,Proprietary  ,77,231,308,185,730,915
03072702,WESTWOOD COLLEGE OF TECHNOLOGY          ,IL,60602-0000,Proprietary  ,131,284,415,410,981,1391
03078400,CAMEO BEAUTY ACADEMY                    ,IL,60453-3196,Proprietary  ,11,33,44,32,62,94
03079200,WESTWOOD COLLEGE - DUPAGE               ,IL,60517-2321,Proprietary  ,145,169,314,315,442,757
03082900,ROSEL SCHOOL OF COSMETOLOGY             ,IL,60659-1913,Proprietary  ,5,17,22,31,37,68
03083800,HEARTLAND COMMUNITY COLLEGE             ,IL,61761-9446,Public       ,499,728,1227,2062,2138,4200
03098000,ST JOHN'S COLLEGE OF NURSING            ,IL,62702-5321,Private      ,30,39,69,151,142,293
03098002,ST JOHN'S HOSP SCH MED TECH             ,IL,62769-5324,Private      ,3,11,14,6,29,35
03099700,CAIN'S BARBER COLLEGE                   ,IL,60615-3510,Proprietary  ,25,83,108,83,212,295
03099800,ILLINOIS SCHOOL OF HEALTH CAREERS       ,IL,60604-0000,Proprietary  ,83,308,391,219,630,849
03101800,ILLINOIS CENTER FOR BROADCASTING        ,IL,60148-7015,Proprietary  ,38,134,172,86,247,333
03128300,PYRAMID CAREER INSTITUTE                ,IL,60657-4207,Proprietary  ,0,1,1,0,5,5
03128500,NATIONAL LATINO EDUCATION INSTITUTE     ,IL,60609-2205,Private      ,7,51,58,18,73,91
03199300,CHRISTIAN LIFE COLLEGE                  ,IL,60056-2522,Private      ,8,9,17,16,25,41
03368300,MIDWEST TECHNICAL INSTITUTE             ,IL,62707-8805,Proprietary  ,153,647,800,282,1102,1384
03416300,COMPUTER SYSTEMS INSTITUTE              ,IL,60077-0000,Proprietary  ,67,369,436,148,661,809
03448300,BUSINESS INDUSTRIAL RESOURCES           ,IL,60659-1298,Proprietary  ,62,766,828,103,928,1031
03455700,CORTIVA INSTITUTE - CHICAGO             ,IL,60602-3315,Proprietary  ,61,195,256,98,298,396
03455701,CORTIVA INSTITUTE - CHICAGO             ,IL,60014-6285,Proprietary  ,0,12,12,7,29,36
03510300,ERIKSON INSTITUTE                       ,IL,60654-4510,Private      ,2,69,71,5,304,309
03623300,VEE'S SCHOOL OF BEAUTY CULTURE          ,IL,62205-2326,Proprietary  ,0,0,0,1,6,7
03643300,"MR. JOHN'S SCHOOL OF JACKSONVILLE,  INC,",IL,62650-3488,Proprietary  ,1,6,7,2,12,14
03655300,ILLINOIS CAREERPATH INSTITUTE           ,IL,60610-4705,Private      ,1,23,24,1,23,24
03684300,NORTHSHORE UNIVERSITY HEALTHSYSTEM SCHOO,IL,60201-9872,Private      ,0,12,12,4,51,55
03721400,AMERICAN CAREER COLLEGE                 ,IL,60402-0000,Proprietary  ,9,21,30,23,53,76
03881400,EUROPEAN MASSAGE THERAPY SCHOOL         ,IL,60077-2269,Proprietary  ,7,48,55,17,67,84
03891300,SOMA INSTITUTE - THE NATIONAL SCHOOL OF ,IL,60604-4466,Proprietary  ,18,99,117,46,145,191
03914300,"CALC, INSTITUTE OF TECHNOLOGY           ",IL,62002-5931,Proprietary  ,13,84,97,34,158,192
04117500,SOLEX MEDICAL ACADEMY                   ,IL,60090-3104,Proprietary  ,4,13,17,6,25,31
04118400,ZAREM /GOLDE ORT TECHNICAL INSTITUTE    ,IL,60077-3210,Private      ,9,144,153,14,218,232
04124700,AMERICARE INSTITUTE                     ,IL,60133-5456,Proprietary  ,42,252,294,84,553,637
04136900,UNIVERSITY OF AESTHETICS (THE)          ,IL,60622-2151,Proprietary  ,3,15,18,6,36,42
04137000,UNIVERSITY OF AESTHETICS (THE)          ,IL,60515-5602,Proprietary  ,0,7,7,1,16,17
04137500,TRICOCI UNIVERSITY OF BEAUTY CULTURE    ,IL,60656-1805,Proprietary  ,49,106,155,121,208,329
04139000,CITI COLLEGE OF ALLIED HEALTH           ,IL,60602-1032,Proprietary  ,19,135,154,63,350,413
04141000,AVEDA INSTITUTE CHICAGO                 ,IL,60647-0000,Proprietary  ,48,87,135,118,203,321
04147100,TRICOCI UNIVERSITY OF BEAUTY CULTURE    ,IL,60048-2906,Proprietary  ,31,46,77,69,102,171
04147200,TRICOCI UNIVERSITY OF BEAUTY CULTURE    ,IL,60455-1824,Proprietary  ,11,72,83,44,136,180
04147300,TRICOCI UNIVERSITY OF BEAUTY CULTURE    ,IL,60139-3119,Proprietary  ,17,39,56,40,80,120
04147400,TRICOCI UNIVERSITY OF BEAUTY CULTURE    ,IL,61614-4831,Proprietary  ,18,27,45,35,66,101
04147500,TRICOCI UNIVERSITY OF BEAUTY CULTURE    ,IL,61108-2337,Proprietary  ,39,92,131,59,166,225
04160600,PAUL MITCHELL THE SCHOOL NORMAL         ,IL,61761-0000,Proprietary  ,53,58,111,123,129,252
04167800,INNOVATIONS DESIGN ACADEMY              ,IL,61520-2625,Proprietary  ,10,20,30,18,27,45
04168500,SOLEX COLLEGE                           ,IL,60090-3192,Proprietary  ,1,30,31,2,42,44
04170800,UNITY COSMETOLOGY COLLEGE               ,IL,61764-9652,Proprietary  ,5,20,25,10,30,40
04171600,SALON PROFESSIONAL ACADEMY OF ELGIN (THE,IL,60123-2319,Proprietary  ,10,13,23,15,24,39
04174900,SKIN CARE AND SPA INSTITUTE             ,IL,60077-2200,Proprietary  ,5,78,83,10,98,108
04175000,UNIVERSAL SPA TRAINING ACADEMY          ,IL,60515-0000,Proprietary  ,2,26,28,7,58,65
04175800,J RENEE CAREER FACILITATION             ,IL,60014-7986,Proprietary  ,0,12,12,0,12,12
04189200,SALON PROFESSIONAL ACADEMY (THE)        ,IL,60404-8789,Proprietary  ,2,3,5,2,3,5
04189600,STATE CAREER SCHOOL                     ,IL,60085-5129,Proprietary  ,1,2,3,1,2,3
00195100,ALICE LLOYD COLLEGE                     ,KY,41844-9703,Private      ,77,32,109,948,167,1115
00195200,ASBURY COLLEGE                          ,KY,40390-1198,Private      ,223,174,397,1569,467,2036
00195300,ASBURY THEOLOGICAL SEMINARY             ,KY,40390-0000,Private      ,2,149,151,17,1213,1230
00195400,BELLARMINE UNIVERSITY                   ,KY,40205-1877,Private      ,265,441,706,4030,1455,5485
00195500,BEREA COLLEGE                           ,KY,40403-0000,Private      ,208,136,344,2823,776,3599
00195800,BRESCIA UNIVERSITY                      ,KY,42301-3023,Private      ,76,176,252,787,550,1337
00195900,CAMPBELLSVILLE UNIVERSITY               ,KY,42718-2799,Private      ,268,459,727,2425,1495,3920
00196000,SPALDING UNIVERSITY                     ,KY,40203-2188,Private      ,142,752,894,898,2549,3447
00196100,CENTRE COLLEGE                          ,KY,40422-1394,Private      ,88,29,117,2393,150,2543
00196200,UNIVERSITY OF THE CUMBERLANDS           ,KY,40769-1372,Private      ,174,802,976,2329,1628,3957
00196300,EASTERN KENTUCKY UNIVERSITY             ,KY,40475-3102,Public       ,1885,2358,4243,11717,8051,19768
00196400,GEORGETOWN COLLEGE                      ,KY,40324-1628,Private      ,188,215,403,2307,647,2954
00196500,KENTUCKY CHRISTIAN UNIVERSITY           ,KY,41143-2205,Private      ,120,38,158,740,158,898
00196800,KENTUCKY STATE UNIVERSITY               ,KY,40601-2355,Public       ,640,522,1162,3613,1832,5445
00196900,KENTUCKY WESLEYAN COLLEGE               ,KY,42301-6057,Private      ,126,75,201,1224,295,1519
00197000,LEES COLLEGE                            ,KY,41339-0000,Private      ,0,1,1,0,1,1
00197100,LEXINGTON THEOLOGICAL SEMINARY          ,KY,40508-0000,Private      ,2,17,19,4,39,43
00197200,LINDSEY WILSON COLLEGE                  ,KY,42728-1223,Private      ,148,322,470,2739,1598,4337
00197400,LOUISVILLE PRESBYTERIAN THEOL SEM       ,KY,40205-0000,Private      ,4,80,84,11,147,158
00197500,MIDWAY COLLEGE                          ,KY,40347-1120,Private      ,96,585,681,657,1892,2549
00197600,MOREHEAD STATE UNIVERSITY               ,KY,40351-1689,Public       ,1048,1570,2618,6076,4306,10382
00197700,MURRAY STATE UNIVERSITY                 ,KY,42071-0009,Public       ,1168,1214,2382,6515,3418,9933
00197900,WEST KENTUCKY CMNTY & TECHNICAL COLG    ,KY,42002-7380,Public       ,460,1234,1694,1598,3071,4669
00198000,PIKEVILLE COLLEGE                       ,KY,41501-1194,Private      ,199,124,323,1861,543,2404
00198001,PIKEVILLE CLG-SCH OSTEOPATHIC MEDIC     ,KY,41501-0000,Private      ,2,89,91,18,340,358
00198300,ST. CATHARINE COLLEGE                   ,KY,40061-9499,Private      ,106,123,229,761,470,1231
00198700,TRANSYLVANIA UNIVERSITY                 ,KY,40508-1797,Private      ,131,54,185,1758,219,1977
00198800,UNION COLLEGE                           ,KY,40906-1499,Private      ,124,227,351,1221,715,1936
00198900,UNIVERSITY OF KENTUCKY                  ,KY,40506-0054,Public       ,2348,2223,4571,18850,8544,27394
00198901,UNIV OF KY-COLLEGE OF DENTISTRY         ,KY,40536-0000,Public       ,5,119,124,16,237,253
00198902,UNIV OF KY-COLLEGE OF MEDICINE          ,KY,40536-0000,Public       ,6,158,164,56,523,579
00199000,ASHLAND COMMUNITY AND TECHNICAL COLLEGE ,KY,41101-3683,Public       ,338,841,1179,1257,2071,3328
00199100,ELIZABETHTOWN COMMUNITY  AND TECHNICAL C,KY,42701-3081,Public       ,544,1482,2026,2076,4388,6464
00199300,HENDERSON COMMUNITY COLLEGE             ,KY,42420-4699,Public       ,132,391,523,467,1237,1704
00199400,HOPKINSVILLE COMMUNITY COLLEGE          ,KY,42241-2621,Public       ,285,1193,1478,908,3053,3961
00199600,BIG SANDY COMMUNITY AND TECHNICAL COLG  ,KY,41653-1815,Public       ,390,750,1140,1616,2050,3666
00199700,SOMERSET COMMUNITY COLLEGE              ,KY,42501-2973,Public       ,596,1693,2289,2767,6008,8775
00199800,SOUTHEAST KENTUCKY COMMUNITY AND TECHNIC,KY,40823-1099,Public       ,295,519,814,996,1344,2340
00199900,UNIVERSITY OF LOUISVILLE                ,KY,40292-0000,Public       ,1825,3152,4977,13266,11102,24368
00200100,THOMAS MORE COLLEGE                     ,KY,41017-3495,Private      ,161,237,398,1426,661,2087
00200200,WESTERN KENTUCKY UNIVERSITY             ,KY,42101-3576,Public       ,2475,2522,4997,13721,8386,22107
00461800,SPENCERIAN COLLEGE                      ,KY,40216-2605,Proprietary  ,154,635,789,560,1611,2171
00461900,SULLIVAN UNIVERSITY                     ,KY,40205-3000,Proprietary  ,461,1521,1982,2025,4912,6937
00524400,BLUEGRASS COMMUNITY & TECHNICAL COLLEGE ,KY,40506-0235,Public       ,1367,3041,4408,4659,8768,13427
00527100,BOWLING GREEN TECHNICAL COLLEGE         ,KY,42101-3601,Public       ,359,1199,1558,1056,2861,3917
00527300,GATEWAY COMMUNITY & TECHNOLOGY COLL     ,KY,41011-0000,Public       ,355,1338,1693,1044,3212,4256
00696000,MAYSVILLE CMNTY & TECHNCL COLG          ,KY,41056-8910,Public       ,240,767,1007,952,2447,3399
00696100,JEFFERSON COMMUNITY AND TECHNICAL COLLEG,KY,40202-2005,Public       ,1392,3338,4730,5341,10915,16256
00696200,HAZARD COMMUNITY COLLEGE                ,KY,41701-2402,Public       ,281,608,889,1138,1689,2827
00696203,KY TECH-KNOTT CO. TECHNOLOGY CTR        ,KY,41822-0000,Public       ,1,3,4,6,5,11
00696204,KY TECH-LESLIE COUNTY AREA TECH CTR     ,KY,41749-0000,Public       ,0,1,1,1,4,5
00696205,KY TECH-LEE COUNTY AREA TECH CTR        ,KY,41311-0000,Public       ,0,4,4,1,5,6
00696206,KY TECH-LETCHER CNTY AREA TECH CTR      ,KY,41858-0000,Public       ,7,11,18,15,26,41
00696207,KY TECH-BREATHITT COUNTY VOC ED CTR     ,KY,41339-0000,Public       ,0,7,7,5,16,21
00736205,MEDTECH COLLEGE - LEXINGTON             ,KY,40511-1200,Proprietary  ,27,219,246,58,465,523
00842500,DAYMAR COLLEGE                          ,KY,42001-0000,Proprietary  ,12,163,175,33,383,416
00901000,MADISONVILLE COMMUNITY COLLEGE          ,KY,42431-9199,Public       ,245,697,942,926,1951,2877
00927500,NORTHERN KENTUCKY UNIVERSITY            ,KY,41099-0001,Public       ,2061,2576,4637,9060,6489,15549
00931300,DAYMAR COLLEGE                          ,KY,42301-5830,Proprietary  ,106,929,1035,219,2091,2310
01042400,SALON PROFESSIONAL ACADEMY THE          ,KY,40502-1776,Proprietary  ,26,90,116,56,174,230
01048901,NATIONAL COLLEGE - FLORENCE CAMPUS      ,KY,41042-1812,Proprietary  ,6,56,62,26,214,240
01048902,NATIONAL COLLEGE - PIKEVILLE CAMPUS     ,KY,41501-1518,Proprietary  ,20,72,92,85,274,359
01048903,NATIONAL COLLEGE - DANVILLE CAMPUS      ,KY,40422-1517,Proprietary  ,8,71,79,34,317,351
01048904,NATIONAL COLLEGE - RICHMOND CAMPUS      ,KY,40475-2309,Proprietary  ,5,45,50,39,197,236
01048906,NATIONAL COLLEGE - LOUISVILLE CAMPUS    ,KY,40216-4147,Proprietary  ,28,193,221,116,817,933
01048907,NATIONAL COLLEGE - LEXINGTON CAMPUS     ,KY,40509-2256,Proprietary  ,31,197,228,72,664,736
01172500,COLLINS SCHOOL OF COSMETOLOGY           ,KY,40965-2809,Proprietary  ,4,22,26,14,45,59
01208800,SULLIVAN COLLEGE OF TECHNOLOGY AND DESIG,KY,40218-4528,Proprietary  ,117,278,395,464,814,1278
01212801,SOUTHWESTERN COLLEGE                    ,KY,41042-1466,Proprietary  ,55,200,255,93,439,532
01272300,KY TECH-WAYNE COUNTY AREA TECH CTR      ,KY,42633-1088,Public       ,0,2,2,0,7,7
01291400,EMPIRE BEAUTY SCHOOL                    ,KY,40218-0000,Proprietary  ,51,170,221,88,305,393
01291500,EMPIRE BEAUTY SCHOOL                    ,KY,41042-5113,Proprietary  ,22,75,97,55,166,221
01291600,EMPIRE BEAUTY SCHOOL                    ,KY,40216-4212,Proprietary  ,13,82,95,24,157,181
01291700,EMPIRE BEAUTY SCHOOL                    ,KY,40160-0000,Proprietary  ,37,93,130,71,166,237
01296800,EMPIRE BEAUTY SCHOOL                    ,KY,40207-2695,Proprietary  ,21,68,89,42,115,157
02159100,"APPALACHIAN BEAUTY SCHOOL, INC.         ",KY,41503-0000,Proprietary  ,11,17,28,23,33,56
02177100,EMPIRE BEAUTY SCHOOL                    ,KY,40204-0000,Proprietary  ,29,78,107,67,212,279
02251500,TREND SETTERS ACAD OF BEAUTY CULT       ,KY,40258-0000,Proprietary  ,19,57,76,32,99,131
02275000,JENNY LEA ACADEMY OF COSMETOLOGY        ,KY,40831-0000,Proprietary  ,23,102,125,64,197,261
02284306,INTERACTIVE LEARNING SYSTEMS            ,KY,41042-0000,Proprietary  ,6,19,25,7,33,40
02323700,PAT WILSON'S BEAUTY COLLEGE             ,KY,42420-0000,Proprietary  ,4,30,34,6,37,43
02337200,PJ'S COLLEGE OF COSMETOLOGY             ,KY,42101-0000,Proprietary  ,39,173,212,85,384,469
02340800,PAUL MITCHELL THE SCHOOL LEXINGTON      ,KY,40514-1545,Proprietary  ,57,93,150,97,147,244
02351700,PAUL MITCHELL THE SCHOOL - LOUISVILLE   ,KY,40222-0000,Proprietary  ,47,96,143,114,218,332
02491100,BECKFIELD COLLEGE                       ,KY,41042-0000,Proprietary  ,101,786,887,216,1676,1892
02518900,BARRETT & COMPANY SCH HAIR DESIGN       ,KY,40356-0000,Proprietary  ,9,50,59,16,95,111
02526100,JENNY LEA ACADEMY OF COSMETOLOGY        ,KY,41858-0000,Proprietary  ,3,10,13,12,20,32
02535600,CLEAR CREEK BAPTIST BIBLE COLLEGE       ,KY,40977-0000,Private      ,4,52,56,25,112,137
02551100,PJ'S COLLEGE OF COSMETOLOGY             ,KY,42141-2434,Proprietary  ,19,44,63,30,83,113
02560800,SOUTHEAST SCHOOL OF COSMETOLOGY         ,KY,40962-0000,Proprietary  ,4,18,22,11,39,50
02576200,MID-CONTINENT UNIVERSITY                ,KY,42066-9007,Private      ,82,519,601,328,2934,3262
03002100,KENTUCKY MOUNTAIN BIBLE COLLEGE         ,KY,41385-0010,Private      ,20,15,35,38,29,67
03007000,FRONTIER SCH OF MIDWIFERY&FAMILY NU     ,KY,41749-0000,Private      ,1,666,667,4,1173,1177
03026200,HEAD'S WEST KENTUCKY BEAUTY COLLEGE     ,KY,42431-0000,Proprietary  ,7,20,27,17,34,51
03029200,NU-TEK ACADEMY OF BEAUTY                ,KY,40353-9767,Proprietary  ,4,11,15,10,35,45
03034500,OWENSBORO COMMUNITY & TECHNICAL COLLEGE ,KY,42303-1899,Public       ,348,864,1212,1289,2304,3593
03083700,GALEN HEALTH INSTITUTES                 ,KY,40207-1047,Proprietary  ,225,1531,1756,587,3448,4035
03103500,MR JIM'S BEAUTY COLLEGE                 ,KY,42301-2646,Proprietary  ,3,13,16,12,34,46
03516500,EZELL'S COSMETOLOGY SCHOOL              ,KY,42071-2530,Proprietary  ,14,26,40,23,54,77
03611300,BRIGHTON CENTER'S CENTER FOR EMPLOY     ,KY,41071-1968,Private      ,2,16,18,3,22,25
03804300,BELLEFONTE ACADEMY OF BEAUTY            ,KY,41169-2015,Proprietary  ,3,20,23,14,34,48
03885300,EMPLOYMENT SOLUTIONS                    ,KY,40517-3260,Private      ,14,129,143,19,196,215
03886300,REGENCY SCHOOL OF HAIR DESIGN           ,KY,41653-1278,Proprietary  ,4,27,31,13,50,63
04038300,ATA CAREER EDUCATION                    ,KY,40223-3832,Proprietary  ,69,343,412,151,787,938
04051316,ART INSTITUTE OF PHOENIX (THE) - ATS - (,KY,41017-2136,Proprietary  ,57,250,307,66,304,370
04051319,ART INSTITUTE OF PHOENIX (THE) - BROWN M,KY,40219-1916,Proprietary  ,24,91,115,101,339,440
04051320,ART INSTITUTE OF PHOENIX (THE) - BROWN M,KY,42240-3579,Proprietary  ,6,34,40,26,128,154
04123900,LEXINGTON HEALING ARTS ACADEMY          ,KY,40503-1932,Proprietary  ,13,52,65,29,116,145
04177600,LINDSEY INSTITUTE OF COSMETOLOGY        ,KY,42103-8036,Proprietary  ,18,35,53,41,79,120
04178000,SIMMONS COLLEGE OF KENTUCKY             ,KY,40203-3322,Private      ,2,37,39,14,89,103
00200300,CENTENARY COLLEGE OF LOUISIANA          ,LA,71104-3396,Private      ,419,112,531,1042,240,1282
00200400,DILLARD UNIVERSITY                      ,LA,70122-3097,Private      ,733,344,1077,2287,819,3106
00200500,NICHOLLS STATE UNIVERSITY               ,LA,70310-0001,Public       ,2500,1182,3682,4921,2274,7195
00200600,GRAMBLING STATE UNIVERSITY              ,LA,71245-2215,Public       ,1983,1428,3411,5501,2982,8483
00200700,LOUISIANA COLLEGE                       ,LA,71359-0000,Private      ,658,361,1019,1133,592,1725
00200800,LOUISIANA TECH UNIVERSITY               ,LA,71272-0001,Public       ,3249,1359,4608,6119,2432,8551
00201000,LOUISIANA STATE UNIV & A&M COLG         ,LA,70803-5710,Public       ,9573,3439,13012,20820,7098,27918
00201100,LOUISIANA STATE UNIV-ALEXANDRIA         ,LA,71302-9121,Public       ,704,905,1609,1325,1677,3002
00201200,LOUISIANA STATE UNIV-EUNICE             ,LA,70535-6726,Public       ,1038,823,1861,1851,1558,3409
00201300,LOUISIANA STATE UNIV-SHREVEPORT         ,LA,71115-2399,Public       ,1222,1394,2616,2046,2361,4407
00201400,LA STATE UNIV HEALTH SCIENCES CTR       ,LA,70112-2223,Public       ,292,1131,1423,456,2115,2571
00201500,(THE) UNIVERSITY OF NEW ORLEANS         ,LA,70148-0001,Public       ,2749,3035,5784,5363,5589,10952
00201600,LOYOLA UNIVERSITY NEW ORLEANS           ,LA,70118-6195,Private      ,1035,1048,2083,4243,2393,6636
00201700,MCNEESE STATE UNIVERSITY                ,LA,70609-4510,Public       ,2579,1766,4345,4898,3254,8152
00201900,NEW ORLEANS BAPTIST THEOL SEMINARY      ,LA,70126-0000,Private      ,18,54,72,33,92,125
00202000,UNIVERSITY OF LOUISIANA AT MONROE       ,LA,71209-9001,Public       ,2779,2215,4994,5015,3678,8693
00202100,NORTHWESTERN STATE UNIVERSITY           ,LA,71497-0001,Public       ,2854,2552,5406,5126,4366,9492
00202200,NOTRE DAME SEMINARY                     ,LA,70118-0000,Private      ,1,8,9,5,14,19
00202300,OUR LADY OF HOLY CROSS COLLEGE          ,LA,70131-7399,Private      ,291,587,878,522,965,1487
00202400,SOUTHEASTERN LOUISIANA UNIV             ,LA,70402-0001,Public       ,5284,2664,7948,9386,4676,14062
00202500,SOUTHERN UNIVERSITY A & M COLLEGE       ,LA,70813-9374,Public       ,2867,3138,6005,6098,5773,11871
00202600,SOUTHERN UNIV NEW ORLEANS               ,LA,70126-0002,Public       ,696,1645,2341,1260,2735,3995
00202700,ST JOSEPH SEMINARY COLLEGE              ,LA,70457-9990,Private      ,13,7,20,20,9,29
00202900,TULANE UNIVERSITY                       ,LA,70118-5698,Private      ,1404,2211,3615,11918,6704,18622
00203100,UNIV OF LOUISIANA AT LAFAYETTE          ,LA,70504-0001,Public       ,6113,2424,8537,11539,4525,16064
00203200,XAVIER UNIVERSITY OF LOUISIANA          ,LA,70125-1098,Private      ,1384,862,2246,4699,1678,6377
00462100,AYERS CAREER COLLEGE                    ,LA,71108-5845,Proprietary  ,37,186,223,43,274,317
00462500,DELGADO COMMUNITY COLLEGE               ,LA,70119-0000,Public       ,3843,7178,11021,6034,12305,18339
00546700,SOWELA TECHNICAL COMMUNITY COLLEGE      ,LA,70616-6950,Public       ,443,534,977,707,944,1651
00548800,LOUISIANA TECH COLG-BATON ROUGE         ,LA,70807-0000,Public       ,216,475,691,355,884,1239
00548802,LOUISIANA TECH COLG-ACADIAN CMPS        ,LA,70526-0000,Public       ,53,103,156,87,194,281
00548803,LOUISIANA TECH COLG-ALEXANDRIA CMPS     ,LA,71302-3137,Public       ,102,258,360,169,450,619
00548804,LOUISIANA TECHNICAL COLLEGE - ASCENSION ,LA,70778-3007,Public       ,0,0,0,17,29,46
00548805,LA TECH COLLEGE-AVOYELLES CAMPUS        ,LA,71327-0000,Public       ,36,76,112,49,104,153
00548806,LA TECHNICAL COLG-BASTROP CMPS          ,LA,71221-0000,Public       ,22,51,73,43,104,147
00548808,LA TECH COLG CHARLES B COREILCMPS       ,LA,70586-0000,Public       ,59,118,177,92,183,275
00548809,LA TECHNICAL COLG-DELTA-OUACHITA        ,LA,71292-9064,Public       ,103,299,402,167,491,658
00548810,EVANGELINE TECHNICAL INST               ,LA,70582-3104,Public       ,17,89,106,36,132,168
00548811,LA TECHN COLLEGE - FLORIDA PARISHES     ,LA,70441-0000,Public       ,50,140,190,76,232,308
00548812,LOUISIANA TECH COLG-FOLKES CAMPUS       ,LA,70748-0000,Public       ,6,23,29,9,40,49
00548813,LA TECHNICAL INST-GULF AREA CMPS        ,LA,70510-0878,Public       ,49,116,165,80,231,311
00548814,LOUISIANA TECH COLG-HAMMOND CMPS        ,LA,70404-0000,Public       ,131,345,476,213,484,697
00548815,LA TECH COLG-HUEY P. LONG CAMPUS        ,LA,71483-0000,Public       ,40,105,145,58,157,215
00548817,LOUISIANA TEC CLG-JUMONVILLE MEM CP     ,LA,70760-0000,Public       ,13,25,38,18,50,68
00548818,LA TECH COLLEGE-LAFAYETTE CAMPUS        ,LA,70506-0000,Public       ,265,467,732,502,927,1429
00548819,LOUISIANA TECHNICAL COLLEGE-LAFOURC     ,LA,70301-4336,Public       ,46,103,149,84,198,282
00548820,LOUISIANA TEC CLG-LAMAR SALTER CMPS     ,LA,71446-0000,Public       ,40,117,157,62,185,247
00548822,LOUISIANA TECHNICAL CLG-MANSFIELD       ,LA,71052-1236,Public       ,20,65,85,34,122,156
00548823,LA. TECH COLG.-MORGAN SMITH CAMPUS      ,LA,70546-0000,Public       ,25,54,79,35,94,129
00548824,LOUISIANA TEC CLG-NATCHITOCHES CMPS     ,LA,71458-0000,Public       ,51,93,144,98,177,275
00548825,LOUISIANA TECH COLG-NORTH CTRL CMPS     ,LA,71241-0000,Public       ,10,40,50,13,68,81
00548826,LOUISIANA TECH CLG-NORTHEAST LA CMP     ,LA,71295-2999,Public       ,27,57,84,55,153,208
00548827,LOUISIANA TEC CLG-NW LOUISIANA CMPS     ,LA,71058-0000,Public       ,80,222,302,136,344,480
00548828,LA TECHNICAL COLG-OAKDALE CMPS          ,LA,71463-0000,Public       ,15,48,63,44,86,130
00548829,LTC-RIVER PARISHES CAMPUS               ,LA,70084-0000,Public       ,107,180,287,173,300,473
00548830,LOUISIANA TECHNICAL COLLEGE-RUSTON      ,LA,71273-0000,Public       ,154,134,288,299,275,574
00548831,LTC - SABINE VALLEY CAMPUS              ,LA,71449-3839,Public       ,13,41,54,20,84,104
00548832,LOUISIANA TECH COLG-SHELBY JACKSON      ,LA,71334-0000,Public       ,27,72,99,39,136,175
00548833,LA TECH COLG SHREVEPORT-BOSSIER         ,LA,71137-0000,Public       ,119,480,599,198,844,1042
00548837,LOUISIANA TECH COLG-SULLIVAN CAMPUS     ,LA,70427-5866,Public       ,107,343,450,164,534,698
00548839,LA TECH COLG-TECHE AREA CAMPUS          ,LA,70562-0000,Public       ,87,133,220,153,265,418
00548840,LOUISIANA TECH COLG-T.H.HARRIS CMPS     ,LA,70570-6113,Public       ,164,252,416,245,403,648
00548842,LOUISIANA TECHNICAL COLLEGE - WESTSIDE C,LA,70765-0733,Public       ,11,30,41,20,51,71
00548843,LTC-YOUNG MEMORIAL CAMPUS               ,LA,70381-0000,Public       ,52,142,194,86,269,355
00576100,L. E. FLETCHER TECHNICAL COMMUNITY COLLE,LA,70360-2863,Public       ,422,529,951,700,1018,1718
00768600,SOUTHERN UNIV AT SHREVEPORT/BOSSIER     ,LA,71107-4795,Public       ,524,1121,1645,823,1805,2628
00777707,REMINGTON COLLEGE - CLEVELAND CAMPUS - L,LA,70508-5760,Proprietary  ,65,175,240,86,242,328
00777708,REMINGTON COLLEGE - CLEVELAND CAMPUS - B,LA,70816-4040,Proprietary  ,89,252,341,106,304,410
00806700,LSU HEALTH SCIENCES CENTR-SHREVEPOR     ,LA,71130-3932,Public       ,106,595,701,277,981,1258
00989800,DEMMON SCHOOL OF BEAUTY                 ,LA,70607-2128,Proprietary  ,6,30,36,9,44,53
01005701,AMERICAN COMMERCIAL COLLEGE             ,LA,71105-2502,Proprietary  ,15,75,90,24,149,173
01109700,CLOYD'S BEAUTY SCHOOL #1                ,LA,71291-3131,Proprietary  ,17,38,55,24,49,73
01163100,"D-JAY'S SCHL OF BEAUTY, ARTS & SCI      ",LA,70806-0000,Proprietary  ,27,43,70,38,70,108
01184100,JOHN JAY BEAUTY COLLEGE                 ,LA,70124-2592,Proprietary  ,33,50,83,51,91,142
01282300,PAT GOINS RUSTON BEAUTY SCHOOL          ,LA,71270-4301,Proprietary  ,8,6,14,11,12,23
01287900,PAT GOINS BENTON ROAD BEAUTY SCHOOL     ,LA,71111-4838,Proprietary  ,5,9,14,8,18,26
01288000,PAT GOINS BEAUTY SCHOOL                 ,LA,71201-5167,Proprietary  ,5,16,21,13,29,42
02055400,BOSSIER PARISH COMMUNITY COLLEGE        ,LA,71111-0000,Public       ,1413,2048,3461,2115,3450,5565
02055500,DELTA SCH OF BUSINESS & TECHNOLOGY      ,LA,70601-0000,Proprietary  ,59,187,246,90,317,407
02117800,AVEDA INSTITUTE LAFAYETTE               ,LA,70503-3246,Proprietary  ,63,72,135,97,141,238
02166100,NUNEZ COMMUNITY COLLEGE                 ,LA,70043-0000,Public       ,173,501,674,298,833,1131
02166200,ITI TECHNICAL COLLEGE                   ,LA,70817-0000,Proprietary  ,153,219,372,232,322,554
02197500,BATON ROUGE SCHOOL OF COMPUTERS         ,LA,70809-8188,Proprietary  ,21,42,63,30,62,92
02234000,CAMERON COLLEGE                         ,LA,70119-0000,Proprietary  ,18,58,76,35,103,138
02258400,AVEDA INSTITUTE BATON ROUGE             ,LA,70816-2246,Proprietary  ,112,95,207,147,163,310
02260200,DIESEL DRIVING ACADEMY                  ,LA,71109-5617,Proprietary  ,20,177,197,23,212,235
02265600,JOHN JAY KENNER ACADEMY                 ,LA,70062-0000,Proprietary  ,19,40,59,24,55,79
02269300,STEVENSON'S ACADEMY OF HAIR DESIGN      ,LA,70116-0000,Proprietary  ,23,56,79,36,90,126
02327800,PINEVILLE BEAUTY SCHOOL                 ,LA,71360-0000,Proprietary  ,14,36,50,23,64,87
02335700,BATON ROUGE GENERAL MEDICAL CENTER      ,LA,70806-3889,Private      ,21,51,72,45,113,158
02335701,BATON ROUGE GEN MED CTR SCH NSG         ,LA,70821-0000,Private      ,30,90,120,50,152,202
02335702,BATON ROUGE GEN MED CTR-RAD TECH        ,LA,70806-0000,Private      ,15,24,39,26,49,75
02338000,"CLOYD'S BEAUTY SCHOOL #2, INC           ",LA,71202-3539,Proprietary  ,11,38,49,17,53,70
02352500,"CLOYD'S BEAUTY SCHOOL #3, INC           ",LA,71201-3211,Proprietary  ,11,32,43,18,46,64
02358600,"STAGE ONE THE HAIR SCHOOL, INC.         ",LA,70605-0000,Proprietary  ,21,39,60,34,73,107
02518300,SOUTH LOUISIANA BEAUTY COLLEGE          ,LA,70363-0000,Proprietary  ,15,19,34,21,29,50
02536400,LOUISIANA ACADEMY OF BEAUTY             ,LA,70535-0000,Proprietary  ,14,12,26,17,31,48
02538300,DELTA COLLEGE OF ARTS & TECH INC        ,LA,70806-1529,Proprietary  ,90,234,324,125,393,518
02538301,DELTA COLLEGE OF ARTS & TECHNOLOGY - LAF,LA,70508-6831,Proprietary  ,34,104,138,59,179,238
02548500,COSMETOLOGY TRAINING CENTER             ,LA,70503-0000,Proprietary  ,25,36,61,44,59,103
02554800,VANGUARD COLLEGE OF COSMETOLOGY         ,LA,70458-8823,Proprietary  ,59,97,156,77,140,217
02582200,"GUY'S ACADEMY HAIR, SKIN & NAILS        ",LA,71105-2404,Proprietary  ,7,65,72,17,108,125
02600900,AVEDA INSTITUTE                         ,LA,70433-2922,Proprietary  ,334,665,999,479,990,1469
02601000,AMERICAN SCHOOL OF BUSINESS             ,LA,71105-5646,Proprietary  ,11,41,52,17,80,97
02601100,OPELOUSAS SCHOOL OF COSMETOLOGY         ,LA,70570-6156,Proprietary  ,8,15,23,9,25,34
02606800,CAREER TRAINING SPECIALISTS             ,LA,71201-6046,Proprietary  ,138,388,526,214,602,816
02606801,CAREER TECHNICAL COLLEGE - SHREVEPORT   ,LA,71105-2405,Proprietary  ,73,221,294,115,353,468
02617100,BATON ROUGE COLLEGE                     ,LA,70806-1725,Proprietary  ,59,68,127,109,151,260
02619200,DENHAM SPRINGS BEAUTY COLLEGE           ,LA,70726-3829,Proprietary  ,27,40,67,38,73,111
03010400,CRESCENT CITY SCH GAMING & BARTENDG     ,LA,70119-5507,Proprietary  ,23,146,169,34,205,239
03010624,VIRGINIA COLLEGE - BATON ROUGE          ,LA,70815-8604,Proprietary  ,116,389,505,144,556,700
03023500,CAMELOT CAREER COLLEGE                  ,LA,70805-7539,Proprietary  ,43,94,137,76,138,214
03030900,DIESEL DRIVING ACADEMY                  ,LA,70815-8109,Proprietary  ,18,153,171,25,174,199
03095100,GRETNA CAREER COLLEGE                   ,LA,70053-2436,Proprietary  ,28,100,128,46,184,230
03106200,OUR LADY OF THE LAKE COLLEGE            ,LA,70808-4345,Private      ,415,796,1211,787,1572,2359
03253300,JONESVILLE BEAUTY SCHOOL                ,LA,71343-0000,Proprietary  ,29,33,62,53,70,123
03294300,BLUE CLIFF SCH THERAPEUTIC MASSAGE      ,LA,70002-3458,Proprietary  ,114,392,506,155,656,811
03332600,DELTA COLLEGE                           ,LA,70433-9042,Proprietary  ,46,173,219,81,262,343
03332601,DELTA COLLEGE - SLIDELL                 ,LA,70460-2624,Proprietary  ,40,108,148,61,192,253
03356300,MEDICAL TRAINING COLLEGE                ,LA,70816-5820,Proprietary  ,65,117,182,93,201,294
03422500,BLUE CLIFF COLLEGE                      ,LA,71107-6520,Proprietary  ,96,386,482,146,731,877
03422600,BLUE CLIFF COLLEGE                      ,LA,70508-3858,Proprietary  ,106,371,477,179,662,841
03480300,MEDVANCE INSTITUTE                      ,LA,70809-1908,Proprietary  ,93,274,367,133,401,534
03498400,OMEGA INSTITUTE OF COSMETOLOGY          ,LA,70360-0000,Proprietary  ,23,27,50,26,38,64
03727500,MOORE CAREER COLLEGE                    ,LA,70808-4191,Proprietary  ,5,25,30,7,39,46
03730300,BATON ROUGE COMMUNITY COLLEGE           ,LA,78806-4129,Public       ,2778,2835,5613,4279,4896,9175
03752400,SCHOOL OF URBAN MISSIONS                ,LA,70053-0000,Private      ,55,113,168,87,152,239
03789300,UNITECH TRAINING ACADEMY                ,LA,70503-5132,Proprietary  ,22,57,79,41,85,126
03789301,UNITECH TRAINING ACADEMY - WEST MONROE  ,LA,71291-2913,Proprietary  ,21,71,92,35,103,138
03789302,UNITECH TRAINING ACADEMY - HOUMA        ,LA,70363-5556,Proprietary  ,19,49,68,23,72,95
03789303,UNITECH TRAINING ACADEMY -  ALEXANDRIA  ,LA,71303-3625,Proprietary  ,9,44,53,12,80,92
03789304,UNITECH TRAINING ACADEMY - LAKE CHARLES ,LA,70601-7887,Proprietary  ,18,40,58,24,71,95
03789400,RIVER PARISHES COMMUNITY COLLEGE        ,LA,70778-0310,Public       ,273,427,700,455,701,1156
03810500,COURT REPORTING INSTITUTE OF LOUISI     ,LA,70816-0000,Proprietary  ,6,26,32,9,49,58
03956300,SOUTH LOUISIANA COMMUNITY COLLEGE       ,LA,70506-0000,Public       ,953,807,1760,1497,1447,2944
04040300,COMPASS CAREER COLLEGE                  ,LA,70403-0653,Proprietary  ,29,99,128,50,167,217
04112300,LOUISIANA CULINARY INSTITUTE            ,LA,70816-4109,Proprietary  ,56,80,136,140,182,322
04120700,ALDEN'S SCHOOL OF COSMETOLOGY           ,LA,70714-1502,Proprietary  ,3,21,24,8,41,49
04130100,LOUISIANA DELTA COMMUNITY COLLEGE       ,LA,71203-3618,Public       ,668,908,1576,1194,1862,3056
04130101,LOUISIANA TECHNICAL COLG - TALLULAH     ,LA,71284-0000,Public       ,12,32,44,20,76,96
04149500,A & W HEALTHCARE EDUCATORS              ,LA,70122-3146,Proprietary  ,7,73,80,21,134,155
04151600,MY-LE'S BEAUTY COLLEGE                  ,LA,70056-3150,Proprietary  ,14,51,65,14,60,74
00143600,CAPITOL COLLEGE                         ,MD,20708-9759,Private      ,48,108,156,407,333,740
00146200,WASHINGTON BIBLE COLLEGE                ,MD,20706-3599,Private      ,18,120,138,64,283,347
00205700,ALLEGANY COLLEGE OF MARYLAND            ,MD,21502-2596,Public       ,509,564,1073,2158,1629,3787
00205800,ANNE ARUNDEL COMMUNITY COLLEGE          ,MD,21012-1895,Public       ,890,2036,2926,3755,6452,10207
00206100,BALTIMORE CITY COMMUNITY COLLEGE        ,MD,21215-7893,Public       ,588,2330,2918,2686,7338,10024
00206200,BOWIE STATE UNIVERSITY                  ,MD,20715-9465,Public       ,1036,1346,2382,6833,4818,11651
00206300,COMMUNITY COLLEGE OF BALTIMORE COUNTY   ,MD,21228-5381,Public       ,1586,3981,5567,7052,12405,19457
00206400,COLLEGE OF SOUTHERN MARYLAND            ,MD,20646-0910,Public       ,672,1149,1821,2711,3582,6293
00206500,CLG NOTRE DAME OF MARYLAND              ,MD,21210-2476,Private      ,49,311,360,811,1505,2316
00206700,WASHINGTON ADVENTIST UNIVERSITY         ,MD,20912-7796,Private      ,239,337,576,761,1026,1787
00206800,COPPIN STATE UNIVERSITY                 ,MD,21216-3698,Public       ,527,1074,1601,3480,4122,7602
00207100,FREDERICK COMMUNITY COLLEGE             ,MD,21702-9745,Public       ,424,802,1226,1668,2193,3861
00207200,FROSTBURG STATE UNIVERSITY              ,MD,21532-1099,Public       ,568,293,861,6379,1471,7850
00207300,GOUCHER COLLEGE                         ,MD,21204-2794,Private      ,243,187,430,3185,703,3888
00207400,HAGERSTOWN COMMUNITY COLLEGE            ,MD,21742-6590,Public       ,327,790,1117,1494,2456,3950
00207500,HARFORD COMMUNITY COLLEGE               ,MD,21015-1696,Public       ,457,819,1276,1731,2156,3887
00207600,HOOD COLLEGE                            ,MD,21701-8575,Private      ,175,210,385,2157,747,2904
00207700,JOHNS HOPKINS UNIVERSITY                ,MD,21218-2693,Private      ,480,566,1046,9036,2469,11505
00207702,JOHNS HOPKINS UNIV SCH ARTS/SCI/ENG     ,MD,21218-0000,Private      ,573,619,1192,3499,1664,5163
00207703,JOHNS HOPKINS UNIV SCH OF BUS/ED        ,MD,21046-0000,Private      ,12,492,504,58,1372,1430
00207705,JOHNS HOPKINS BLOOMBERG SCH OF PH       ,MD,21205-0000,Private      ,7,340,347,25,1411,1436
00207706,JOHNS HOPKINS UNIV SCH OF MEDICINE      ,MD,21205-0000,Private      ,22,143,165,155,985,1140
00207707,JOHNS HOPKINS UNIV SCH OF NURSING       ,MD,21205-0000,Private      ,42,225,267,264,975,1239
00207708,JOHNS HOPKINS UNIV PEABODY CONSERV      ,MD,21202-2397,Private      ,36,81,117,569,469,1038
00207800,LOYOLA UNIVERSITY MARYLAND              ,MD,21210-2699,Private      ,275,601,876,8503,2131,10634
00208000,MARYLAND INST COLLEGE OF ART            ,MD,21217-4191,Private      ,264,150,414,2904,950,3854
00208300,MORGAN STATE UNIVERSITY                 ,MD,21251-0002,Public       ,1640,1526,3166,10525,5815,16340
00208600,MOUNT SAINT MARY'S UNIVERSITY           ,MD,21727-7799,Private      ,177,105,282,3274,409,3683
00208700,NER ISRAEL RABBINICAL COLLEGE           ,MD,21208-1198,Private      ,21,5,26,93,30,123
00208900,PRINCE GEORGES COMMUNITY COLLEGE        ,MD,20774-2199,Public       ,1351,2822,4173,5056,8499,13555
00209100,SALISBURY UNIVERSITY                    ,MD,21801-6862,Public       ,988,432,1420,10671,2038,12709
00209200,ST JOHN'S COLLEGE                       ,MD,21404-0000,Private      ,32,38,70,633,165,798
00209500,ST. MARY'S COLLEGE OF MARYLAND          ,MD,20686-3001,Public       ,124,46,170,2664,259,2923
00209600,ST MARY'S SEMINARY & UNIV               ,MD,21210-1994,Private      ,3,10,13,25,39,64
00209900,TOWSON UNIVERSITY                       ,MD,21252-0002,Public       ,1738,1547,3285,22393,7692,30085
00210200,UNIVERSITY OF BALTIMORE                 ,MD,21201-5779,Public       ,206,1356,1562,1518,5959,7477
00210300,"UNIVERSITY OF MARYLAND, COLLEGE PARK    ",MD,20742-5145,Public       ,2561,2778,5339,30340,12165,42505
00210400,"UNIVERSITY OF MARYLAND, BALTIMORE       ",MD,21201-1691,Public       ,330,1688,2018,3493,9713,13206
00210500,UMBC                                    ,MD,21250-0002,Public       ,781,1004,1785,9381,4475,13856
00210600,UNIVERSITY MARYLAND EASTERN SHORE       ,MD,21853-4053,Public       ,665,369,1034,5043,1969,7012
00210700,STEVENSON UNIVERSITY                    ,MD,21153-0641,Private      ,428,340,768,6033,1684,7717
00210800,WASHINGTON COLLEGE                      ,MD,21620-1197,Private      ,109,9,118,2724,105,2829
00210900,MCDANIEL COLLEGE                        ,MD,21157-4390,Private      ,135,199,334,2803,622,3425
00458612,KAPLAN COLLEGE                          ,MD,21742-2797,Proprietary  ,114,558,672,206,945,1151
00458614,KAPLAN COLLEGE - FREDERICK              ,MD,21704-8307,Proprietary  ,6,38,44,17,101,118
00465000,CHESAPEAKE COLLEGE                      ,MD,21679-0008,Public       ,280,458,738,1118,1263,2381
00691100,MONTGOMERY COLLEGE                      ,MD,20850-1195,Public       ,2141,2921,5062,8759,8841,17600
00734100,INTERNATIONAL BEAUTY SCHOOL             ,MD,21502-2370,Proprietary  ,12,75,87,20,97,117
00744700,DEL-MAR-VA BEAUTY ACADEMY               ,MD,21804-0000,Proprietary  ,6,22,28,20,53,73
00749100,TESST COLLEGE OF TECHNOLOGY             ,MD,21227-1063,Proprietary  ,61,311,372,210,836,1046
00793600,LINCOLN TECHNICAL INSTITUTE             ,MD,21046-1544,Proprietary  ,187,260,447,375,483,858
00817500,HOWARD COMMUNITY COLLEGE                ,MD,21044-3197,Public       ,664,1079,1743,2710,3264,5974
00826300,AWARD BEAUTY SCHOOL                     ,MD,21740-5624,Proprietary  ,7,51,58,21,71,92
00830800,CECIL COLLEGE                           ,MD,21901-1999,Public       ,226,382,608,812,997,1809
00907906,EVEREST COLLEGE- EVEREST INSTITUTE      ,MD,20910-3737,Proprietary  ,49,181,230,114,341,455
01001400,GARRETT COMMUNITY COLLEGE               ,MD,21541-1265,Public       ,140,84,224,814,337,1151
01031900,MEDIX SCHOOL                            ,MD,21204-2538,Proprietary  ,246,996,1242,406,1559,1965
01041000,TESST COLLEGE OF TECHNOLOGY             ,MD,21286-2201,Proprietary  ,41,150,191,97,361,458
01164400,UNIV OF MARYLAND UNIVERSITY COLLEGE     ,MD,20783-8078,Public       ,543,8184,8727,2213,22929,25142
01164402,U OF MD UNIVERSITY COLLEGE - EUROPE     ,MD,20832-0000,Public       ,53,260,313,393,700,1093
01164404,U OF MD UNIVERSITY COLLEGE - ASIA       ,MD,31207-0000,Public       ,21,189,210,53,457,510
02073900,WOR-WIC COMMUNITY COLLEGE               ,MD,21804-0000,Public       ,283,704,987,1224,2188,3412
02083600,TESST COLLEGE OF TECHNOLOGY             ,MD,20705-2698,Proprietary  ,72,260,332,185,617,802
02116005,SANFORD-BROWN INSTITUTE - LANDOVER      ,MD,20785-2287,Proprietary  ,51,269,320,118,643,761
02127900,SOJOURNER DOUGLASS COLLEGE              ,MD,21205-0000,Private      ,30,457,487,166,2123,2289
02155100,MARYLAND COLLEGE OF ART AND DESIGN      ,MD,20902-0000,Private      ,21,33,54,131,104,235
02269700,INTERNATIONAL BEAUTY SCHOOL             ,MD,21014-0000,Proprietary  ,7,19,26,13,32,45
02314800,BALTIMORE INTERNATIONAL COLLEGE         ,MD,21202-0000,Private      ,77,160,237,486,543,1029
02331000,MARYLAND BEAUTY ACADEMY OF ESSEX        ,MD,21221-0000,Proprietary  ,13,40,53,33,87,120
02333000,HAIR ACADEMY                            ,MD,20784-0000,Proprietary  ,54,124,178,106,236,342
02343800,MONTGOMERY BEAUTY SCHOOL                ,MD,20901-0000,Proprietary  ,15,43,58,38,87,125
02494700,BALTIMORE STUDIO OF HAIR DESIGN         ,MD,21201-0000,Proprietary  ,23,64,87,69,134,203
02495000,ROBERT PAUL ACAD COSMTGY ARTS & SCI     ,MD,21093-0000,Proprietary  ,15,36,51,36,66,102
02495100,MARYLAND BEAUTY ACADEMY                 ,MD,21136-0000,Proprietary  ,5,8,13,22,32,54
02545400,NORTH AMERICAN TRADE SCHOOLS            ,MD,21244-0069,Proprietary  ,70,291,361,120,442,562
02573800,"L' ACADEMIE DE CUISINE, INC.            ",MD,20877-0000,Proprietary  ,13,82,95,47,162,209
02578400,TAI SOPHIA INSTITUTE                    ,MD,20723-6010,Private      ,1,110,111,3,212,215
03027200,BLADES SCHOOL OF HAIR DESIGN            ,MD,20619-0226,Proprietary  ,10,22,32,17,50,67
03064900,AARON'S ACADEMY OF BEAUTY               ,MD,20602-2715,Proprietary  ,7,24,31,23,47,70
03097200,AESTHETICS INSTITUTE OF COSMETOLOGY     ,MD,20877-1305,Proprietary  ,1,9,10,11,22,33
03100700,CARROLL COMMUNITY COLLEGE               ,MD,21157-6913,Public       ,210,369,579,942,1075,2017
03148300,AMERICAN BEAUTY ACADEMY                 ,MD,20902-1911,Proprietary  ,88,254,342,120,319,439
03296300,BALTIMORE SCHOOL OF MASSAGE             ,MD,21090-2261,Proprietary  ,39,193,232,92,328,420
03327300,NEW CREATIONS ACADEMY OF HAIR DSN       ,MD,20746-2960,Proprietary  ,11,39,50,20,60,80
03455500,NATIONAL LABOR COLLEGE                  ,MD,20903-1790,Private      ,2,56,58,6,117,123
03493300,ALL-STATE CAREER SCHOOL                 ,MD,21224-6658,Proprietary  ,179,843,1022,283,1268,1551
03771300,AMERICAN CAREER INSTITUTE               ,MD,20902-4637,Proprietary  ,241,1300,1541,297,1602,1899
03822400,MAPLE SPRINGS BAPTIST BIBLE COLLEGE & SE,MD,20743-5711,Private      ,0,15,15,2,44,46
03937300,YESHIVA COLLEGE OF THE NATION'S CAPITAL ,MD,20902-1700,Private      ,1,1,2,8,4,12
03965500,HAIR EXPRESSIONS ACADEMY                ,MD,20852-1729,Proprietary  ,16,32,48,30,49,79
04121600,FILA ACADEMY (THE)                      ,MD,21061-1634,Proprietary  ,1,16,17,10,59,69
04139700,FREDERICK SCHOOL OF COSMETOLOGY         ,MD,21701-0000,Proprietary  ,6,18,24,18,34,52
04141600,OMEGA STUDIOS' SCHOOL OF APPLIED RECORDI,MD,20852-1731,Proprietary  ,17,20,37,32,60,92
04151800,TEMPLE (THE): A PAUL MITCHELL PARTNER SC,MD,21701-5409,Proprietary  ,24,33,57,27,34,61
04168900,HOLISTIC MASSAGE TRAINING INSTITUTE     ,MD,21218-2407,Proprietary  ,2,23,25,3,24,27
00211400,AMERICAN INTERNATIONAL COLLEGE          ,MA,01109-3189,Private      ,448,805,1253,1852,1733,3585
00211500,AMHERST COLLEGE                         ,MA,01002-5000,Private      ,430,77,507,4921,332,5253
00211600,ANDOVER NEWTON THEOLOGICAL SCHOOL       ,MA,02459-0000,Private      ,1,81,82,2,176,178
00211700,ANNA MARIA COLLEGE                      ,MA,01612-1198,Private      ,295,173,468,1765,471,2236
00211800,ASSUMPTION COLLEGE                      ,MA,01615-1294,Private      ,337,197,534,4430,631,5061
00211900,ATLANTIC UNION COLLEGE                  ,MA,01561-1000,Private      ,129,128,257,267,234,501
00212000,MERRIMACK COLLEGE                       ,MA,01845-5800,Private      ,393,97,490,3815,292,4107
00212100,BABSON COLLEGE                          ,MA,02457-0310,Private      ,330,300,630,2463,708,3171
00212200,BAY PATH COLLEGE                        ,MA,01106-2212,Private      ,139,692,831,958,1559,2517
00212300,BECKER COLLEGE-WORCESTER                ,MA,01615-0071,Private      ,529,336,865,2553,889,3442
00212400,BENTLEY UNIVERSITY                      ,MA,02452-4705,Private      ,680,267,947,5499,743,6242
00212600,BERKLEE COLLEGE OF MUSIC                ,MA,02215-3693,Private      ,690,332,1022,4362,1194,5556
00212800,BOSTON COLLEGE                          ,MA,02467-3800,Private      ,1348,1031,2379,20282,6579,26861
00212900,BOSTON CONSERVATORY OF MUSIC            ,MA,02215-9830,Private      ,132,69,201,1084,359,1443
00213000,BOSTON UNIVERSITY                       ,MA,02215-1789,Private      ,3234,4268,7502,32854,16981,49835
00213300,BRANDEIS UNIVERSITY                     ,MA,02453-2700,Private      ,832,355,1187,5423,1434,6857
00213900,CLARK UNIVERSITY                        ,MA,01610-1473,Private      ,537,198,735,3609,684,4293
00214000,ELMS COLLEGE                            ,MA,01013-2839,Private      ,224,285,509,1099,656,1755
00214100,COLLEGE OF THE HOLY CROSS               ,MA,01610-2395,Private      ,542,19,561,5781,129,5910
00214300,CURRY COLLEGE                           ,MA,02186-2395,Private      ,519,371,890,4521,990,5511
00214400,DEAN COLLEGE                            ,MA,02038-1994,Private      ,363,87,450,1853,243,2096
00214500,EASTERN NAZARENE COLLEGE                ,MA,02170-2999,Private      ,204,182,386,798,369,1167
00214507,EASTERN NAZARENE CLG - LEAD PROGRAM     ,MA,02170-0000,Private      ,8,32,40,42,79,121
00214600,EMERSON COLLEGE                         ,MA,02116-4624,Private      ,547,253,800,6974,1643,8617
00214700,EMMANUEL COLLEGE                        ,MA,02115-5798,Private      ,231,120,351,4931,456,5387
00214800,ENDICOTT COLLEGE                        ,MA,01915-2098,Private      ,206,139,345,4128,384,4512
00214900,EPISCOPAL DIVINITY SCHOOL               ,MA,02138-0000,Private      ,0,37,37,0,71,71
00215000,FISHER COLLEGE                          ,MA,02116-1500,Private      ,377,376,753,1356,848,2204
00215100,BENJAMIN FRANKLIN INSTITUTE OF TECH     ,MA,02116-6296,Public       ,139,107,246,524,243,767
00215300,GORDON COLLEGE                          ,MA,01984-1899,Private      ,433,58,491,2287,145,2432
00215400,HELLENIC COLLEGE                        ,MA,02445-7496,Private      ,34,61,95,82,127,209
00215500,HARVARD UNIVERSITY                      ,MA,02138-3800,Private      ,329,299,628,9206,1471,10677
00215501,AMRCN REPERTORY THTR INST ADV THTR      ,MA,02138-0000,Private      ,2,7,9,3,116,119
00215502,HARVARD BUSINESS SCHOOL                 ,MA,02163-0000,Private      ,31,448,479,226,1448,1674
00215503,HARVARD EXTENSION SCHOOL                ,MA,02138-0000,Private      ,50,541,591,116,1027,1143
00215504,HARVARD SCH OF DENTAL MEDICINE          ,MA,02115-0000,Private      ,1,43,44,20,174,194
00215505,HARVARD UNIV GRAD SCH DESIGN            ,MA,02138-0000,Private      ,0,159,159,12,1055,1067
00215506,HARVARD DIVINITY SCHOOL                 ,MA,02138-0000,Private      ,0,123,123,12,502,514
00215507,HARVARD UNIV GRAD SCH ED                ,MA,02138-0000,Private      ,1,168,169,7,1450,1457
00215508,HARVARD UNIV GRAD S OF ARTS & SCIEN     ,MA,02138-0000,Private      ,7,86,93,83,801,884
00215509,HARVARD KENNEDY SCHOOL                  ,MA,02138-0000,Private      ,2,112,114,7,1346,1353
00215510,HARVARD LAW SCHOOL                      ,MA,02138-0000,Private      ,29,889,918,119,3282,3401
00215511,HARVARD UNIV MEDICAL SCHOOL             ,MA,02115-0000,Private      ,31,371,402,154,949,1103
00215512,HARVARD UNIV SCH PUBLIC HEALTH          ,MA,02115-0000,Private      ,4,58,62,43,769,812
00215513,HARVARD UNIVERSITY-HARVARD COLLEGE      ,MA,02138-0000,Private      ,1229,114,1343,14778,692,15470
00215700,HEBREW COLLEGE                          ,MA,02459-2237,Private      ,0,16,16,0,90,90
00215800,LASELL COLLEGE                          ,MA,02466-2716,Private      ,379,92,471,2842,281,3123
00216000,LESLEY UNIVERSITY                       ,MA,02138-2790,Private      ,407,1552,1959,2788,3270,6058
00216100,UMASS LOWELL                            ,MA,01854-3089,Public       ,1837,1809,3646,11584,4732,16316
00216400,NEW ENGLAND COLLEGE OF OPTOMETRY        ,MA,02115-1129,Private      ,0,84,84,8,407,415
00216500,MASS. COLLEGE OF PHARMACY  & HEALTH SCIE,MA,02115-5804,Private      ,282,505,787,4922,3150,8072
00216700,BERKSHIRE COMMUNITY COLLEGE             ,MA,01201-5786,Public       ,478,679,1157,832,1135,1967
00216800,CAPE COD COMMUNITY COLLEGE              ,MA,02668-1599,Public       ,583,869,1452,1399,1770,3169
00216900,GREENFIELD COMMUNITY COLLEGE            ,MA,01301-9739,Public       ,315,533,848,709,1089,1798
00217000,HOLYOKE COMMUNITY COLLEGE               ,MA,01040-1099,Public       ,1639,1953,3592,3316,3728,7044
00217100,MASSACHUSETTS BAY COMMUNITY COLLEGE     ,MA,02181-0000,Public       ,809,1050,1859,1840,1888,3728
00217200,MOUNT WACHUSETT COMMUNITY COLLEGE       ,MA,01440-1000,Public       ,635,1067,1702,1523,2288,3811
00217300,NORTH SHORE COMMUNITY COLLEGE           ,MA,01923-4093,Public       ,1287,1723,3010,2509,3165,5674
00217400,NORTHERN ESSEX COMMUNITY COLLEGE        ,MA,01830-2399,Public       ,1118,1647,2765,2160,2945,5105
00217500,QUINSIGAMOND COMMUNITY COLLEGE          ,MA,01606-2092,Public       ,1307,1760,3067,3292,4231,7523
00217600,BRISTOL COMMUNITY COLLEGE               ,MA,02720-7399,Public       ,1437,1882,3319,3298,3774,7072
00217700,MASSASOIT COMMUNITY COLLEGE             ,MA,02302-3996,Public       ,1234,1645,2879,2806,3295,6101
00217800,MASSACHUSETTS INST OF TECHNOLOGY        ,MA,02139-4307,Private      ,993,535,1528,10919,2645,13564
00218000,MASSACHUSETTS COLLEGE OF ART AND DESIGN ,MA,02115-5803,Public       ,252,187,439,2373,861,3234
00218100,MASSACHUSETTS MARITIME ACADEMY          ,MA,02532-3400,Public       ,357,56,413,1317,118,1435
00218300,BRIDGEWATER STATE COLLEGE               ,MA,02325-0001,Public       ,1465,973,2438,11299,3095,14394
00218400,FITCHBURG STATE COLLEGE                 ,MA,01420-2697,Public       ,474,384,858,5336,1359,6695
00218500,FRAMINGHAM STATE COLLEGE                ,MA,01702-2471,Public       ,689,431,1120,5921,1282,7203
00218700,MASSACHUSETTS CLG OF LIBERAL ARTS       ,MA,01247-4100,Public       ,284,167,451,2117,503,2620
00218800,SALEM STATE UNIVERSITY                  ,MA,01970-5353,Public       ,1341,1212,2553,7767,3385,11152
00218900,WESTFIELD STATE COLLEGE                 ,MA,01086-1630,Public       ,843,514,1357,7753,1634,9387
00219000,WORCESTER STATE COLLEGE                 ,MA,01602-2597,Public       ,754,601,1355,5914,2053,7967
00219200,MOUNT HOLYOKE COLLEGE                   ,MA,01075-1492,Private      ,498,87,585,2587,323,2910
00219300,MOUNT IDA COLLEGE                       ,MA,02459-3323,Private      ,367,123,490,1993,366,2359
00219400,NEW ENGLAND CONSERVATORY OF MUSIC       ,MA,02115-5018,Private      ,40,46,86,750,596,1346
00219700,NICHOLS COLLEGE                         ,MA,01571-6346,Private      ,248,120,368,1854,359,2213
00219900,NORTHEASTERN UNIVERSITY                 ,MA,02115-5000,Private      ,1540,2720,4260,33628,10605,44233
00220100,PINE MANOR COLLEGE                      ,MA,02167-0000,Private      ,139,60,199,431,144,575
00220200,BLESSED JOHN XXIII NATIONAL SEMINARY    ,MA,02493-0000,Private      ,0,1,1,0,2,2
00220500,QUINCY COLLEGE                          ,MA,02169-4501,Public       ,545,1247,1792,1226,2543,3769
00220600,REGIS COLLEGE                           ,MA,02193-0000,Private      ,267,266,533,1923,730,2653
00220800,SIMMONS COLLEGE                         ,MA,02115-5898,Private      ,176,624,800,3164,3441,6605
00220900,SMITH COLLEGE                           ,MA,01063-2936,Private      ,212,70,282,3345,497,3842
00220901,"SMITH COLLEGE, SCH FOR SOCIAL WORK      ",MA,01063-0000,Private      ,2,18,20,5,451,456
00221000,UNIV OF MASSACHUSETTS-DARTMOUTH         ,MA,02747-2300,Public       ,1048,772,1820,11299,3001,14300
00221100,SPRINGFIELD COLLEGE                     ,MA,01109-3797,Private      ,552,1562,2114,3992,3431,7423
00221400,ST JOHN'S SEMINARY                      ,MA,02135-8839,Private      ,2,23,25,4,30,34
00221700,STONEHILL COLLEGE                       ,MA,02357-6110,Private      ,186,34,220,6397,157,6554
00221800,SUFFOLK UNIVERSITY                      ,MA,02108-2770,Private      ,554,1021,1575,9249,4767,14016
00221900,TUFTS UNIVERSITY                        ,MA,02155-5808,Private      ,816,492,1308,10418,2586,13004
00221901,TUFTS UNIV SCH OF DENTAL MEDICINE       ,MA,02111-0000,Private      ,0,312,312,13,868,881
00221902,TUFTS UNIVERSITY - CUMMINGS SCHOOL OF VE,MA,01536-0000,Private      ,0,107,107,23,462,485
00221904,TUFTS UNIV SCHOOL OF MEDICINE           ,MA,02111-0000,Private      ,4,269,273,48,1675,1723
00222100,UNIV OF MASSACHUSETTS-AMHERST           ,MA,01003-0000,Public       ,2446,1520,3966,35739,6867,42606
00222200,UNIV OF MASSACHUSETTS-BOSTON            ,MA,02125-3393,Public       ,2050,3357,5407,10615,8844,19459
00222400,WELLESLEY COLLEGE                       ,MA,02481-8203,Private      ,467,41,508,3434,191,3625
00222500,WENTWORTH INSTITUTE OF TECHNOLOGY       ,MA,02115-5998,Private      ,732,286,1018,4745,746,5491
00222600,WESTERN NEW ENGLAND COLLEGE             ,MA,01119-2654,Private      ,589,475,1064,5743,1606,7349
00222700,WHEATON COLLEGE                         ,MA,02766-2322,Private      ,278,9,287,2576,84,2660
00222800,WHEELOCK COLLEGE                        ,MA,02215-4176,Private      ,240,251,491,1649,701,2350
00222900,WILLIAMS COLLEGE                        ,MA,01267-2600,Private      ,533,23,556,4049,157,4206
00223300,WORCESTER POLYTECHNIC INSTITUTE         ,MA,01609-2280,Private      ,692,157,849,6440,515,6955
00396500,BAY STATE COLLEGE                       ,MA,02116-2901,Proprietary  ,348,293,641,1369,814,2183
00396600,BOSTON ARCHITECTURAL COLLEGE            ,MA,02115-2795,Private      ,118,454,572,366,813,1179
00466100,HAMPSHIRE COLLEGE                       ,MA,01002-3359,Private      ,448,58,506,2419,189,2608
00466600,SALTER COLLEGE                          ,MA,01583-1700,Proprietary  ,126,699,825,212,1237,1449
00466700,SCHOOL OF MUSEUM OF FINE ARTS           ,MA,02115-5534,Private      ,137,77,214,750,316,1066
00466900,UPPER CAPE COD REGIONAL VOC TECH        ,MA,02532-3310,Public       ,6,40,46,15,104,119
00527900,GREATER LOWELL REGNL VOC TECH SCH       ,MA,01879-0000,Public       ,13,51,64,19,96,115
00551900,DIMAN REGIONAL VOC TECH INST            ,MA,02723-3519,Public       ,9,43,52,29,88,117
00552300,BLUE HILLS REGIONAL VOC TECH            ,MA,02021-1398,Public       ,12,49,61,20,105,125
00555700,MCCANN TECHNICAL SCHOOL                 ,MA,01247-0000,Public       ,9,31,40,13,45,58
00613600,NATIONAL AVIATION ACADEMY - NEW ENGLAND ,MA,01730-2620,Proprietary  ,48,69,117,101,165,266
00632200,BROCKTON HOSPITAL SCH OF NURSING        ,MA,02302-0000,Private      ,31,145,176,127,491,618
00632400,LABOURE COLLEGE                         ,MA,02124-5698,Private      ,61,314,375,172,613,785
00633100,LAWRENCE MEM HOSPITAL SCH OF NRSNG      ,MA,02155-1643,Private      ,21,149,170,64,327,391
00635200,BAYSTATE MEDICAL CENTER                 ,MA,01199-0001,Private      ,5,21,26,13,52,65
00687300,MARIAN COURT COLLEGE                    ,MA,01907-2896,Private      ,60,32,92,145,63,208
00748100,GIBBS COLLEGE                           ,MA,02116-2904,Proprietary  ,50,191,241,89,369,458
00748400,NEWBURY COLLEGE                         ,MA,02445-5796,Private      ,232,85,317,2380,364,2744
00748600,THE NEW ENGLAND INSTITUTE OF ART        ,MA,02445-7295,Proprietary  ,312,172,484,1404,547,1951
00748800,KAPLAN CAREER INSTITUTE                 ,MA,02129-1644,Proprietary  ,22,152,174,36,246,282
00748801,KAPLAN CAREER INSTITUTE -               ,MA,02215-2606,Proprietary  ,34,111,145,59,210,269
00807800,SPRINGFIELD TECHNICAL COMMUNITY CLG     ,MA,01105-0000,Public       ,1205,2139,3344,2569,4181,6750
00809002,EVEREST COLLEGE - EVEREST INSTITUTE     ,MA,02150-2333,Proprietary  ,28,110,138,52,191,243
00891600,NEW ENGLAND SCHOOL OF LAW               ,MA,02116-0000,Private      ,2,454,456,14,2050,2064
00964500,BARD COLLEGE AT SIMON'S ROCK            ,MA,01230-9702,Private      ,120,3,123,426,26,452
00974700,GORDON-CONWELL THEOLOGICAL SEMINARY     ,MA,01982-0000,Private      ,0,226,226,3,440,443
00975600,UNIVERSITY OF MASS MEDICAL CENTER       ,MA,01655-0000,Public       ,7,383,390,38,837,875
00987700,HENRI'S SCHOOL OF HAIR DESIGN           ,MA,01420-5675,Proprietary  ,5,11,16,14,22,36
00993600,MIDDLESEX COMMUNITY COLLEGE             ,MA,01730-1197,Public       ,646,689,1335,1345,1149,2494
00993602,"MIDDLESEX COMMUNITY COLLEGE, LOWELL     ",MA,01852-0000,Public       ,1024,1133,2157,2085,1945,4030
01121000,BUNKER HILL COMMUNITY COLLEGE           ,MA,02129-2991,Public       ,2263,3854,6117,4832,7329,12161
01151000,EVEREST INSTITUTE                       ,MA,02135-7638,Proprietary  ,32,132,164,53,213,266
01193000,ROXBURY COMMUNITY COLLEGE               ,MA,02120-3400,Public       ,450,1208,1658,950,2210,3160
01204200,MANSFIELD BEAUTY SCHOOLS                ,MA,02169-5061,Proprietary  ,8,28,36,12,46,58
01206800,MANSFIELD BEAUTY SCHOOL                 ,MA,01103-1410,Proprietary  ,5,16,21,6,21,27
01218700,BLACKSTONE VALLEY VOCATIONAL REGIONAL SC,MA,01568-1499,Public       ,1,7,8,3,23,26
01238600,SOUTHEASTERN TECHNICAL INSTITUTE        ,MA,02375-1780,Public       ,16,74,90,27,129,156
01288100,MONTACHUSETT REG VOC TECH SCH           ,MA,01420-4649,Public       ,3,28,31,8,60,68
01292100,EMPIRE BEAUTY SCHOOL                    ,MA,02215-0000,Proprietary  ,84,149,233,130,254,384
01294800,ROB ROY ACADEMY                         ,MA,02721-5330,Proprietary  ,8,21,29,13,37,50
02063000,MONTSERRAT COLLEGE OF ART               ,MA,01915-0000,Private      ,64,15,79,606,58,664
02076700,EMPIRE BEAUTY SCHOOL                    ,MA,02148-0000,Proprietary  ,40,78,118,48,109,157
02079400,EMPIRE BEAUTY SCHOOL                    ,MA,01702-5232,Proprietary  ,29,82,111,49,118,167
02092100,MASSACHUSETTS SCHOOL OF BARBERING       ,MA,02169-5058,Proprietary  ,10,22,32,15,32,47
02092200,EMPIRE BEAUTY SCHOOL                    ,MA,01852-0000,Proprietary  ,37,62,99,50,93,143
02122000,NEW ENGLAND HAIR ACADEMY                ,MA,02148-0000,Proprietary  ,15,34,49,25,49,74
02137000,ROB ROY ACADEMY                         ,MA,02780-0000,Proprietary  ,10,15,25,15,21,36
02137200,MASS GEN HOSP DIETETIC INTERNSHIP       ,MA,02114-0000,Private      ,0,2,2,1,15,16
02143000,LONGY SCHOOL OF MUSIC                   ,MA,02138-3599,Private      ,9,30,39,46,136,182
02163500,NEW ENGLAND SCHOOL OF PHOTOGRAPHY       ,MA,02215-0000,Proprietary  ,30,38,68,96,91,187
02163600,MASS SCH OF PROFESSIONAL PSYCHOLOGY     ,MA,02132-0000,Private      ,2,128,130,15,614,629
02169900,ASSABET VALLEY REGIONAL VOC SCHOOL      ,MA,01752-0000,Public       ,10,52,62,18,86,104
02181600,ROB ROY ACADEMY                         ,MA,01609-0000,Proprietary  ,30,66,96,39,87,126
02182900,CAMBRIDGE COLLEGE                       ,MA,02138-5304,Private      ,117,1283,1400,242,2337,2579
02197900,NORTH BENNET STREET SCHOOL              ,MA,02113-0000,Private      ,9,28,37,31,114,145
02215100,HALLMARK INSTITUTE OF PHOTOGRAPHY       ,MA,01376-0000,Proprietary  ,48,48,96,139,98,237
02219501,MILDRED ELLEY - PITTSFIELD              ,MA,01201-5300,Proprietary  ,7,16,23,9,27,36
02220400,CATHERINE HINDS INST OF ESTHETICS       ,MA,01801-0000,Proprietary  ,23,71,94,39,99,138
02231600,MGH INSTITUTE OF HEALTH PROFESSION      ,MA,02129-0000,Private      ,12,286,298,38,1301,1339
02274300,CONWAY SCHOOL OF LANDSCAPE DESIGN       ,MA,01341-0179,Private      ,0,11,11,0,19,19
02325700,LABARON HAIRDRESSING ACADEMY            ,MA,02740-0000,Proprietary  ,8,18,26,11,33,44
02325800,LABARON HAIRDRESSING ACAD-BROCKTON      ,MA,02301-0000,Proprietary  ,7,21,28,11,39,50
02337400,BANCROFT SCHOOL OF MASSAGE THERAPY      ,MA,01604-4614,Proprietary  ,3,18,21,8,46,54
02338200,BAY STATE SCHOOL OF TECHNOLOGY          ,MA,02021-0000,Proprietary  ,21,126,147,38,183,221
02339400,ROB ROY ACADEMY                         ,MA,02746-0000,Proprietary  ,3,12,15,4,15,19
02491700,CORTIVA INSTITUTE -  BOSTON             ,MA,02472-2577,Proprietary  ,12,70,82,20,114,134
02523900,ELIZABETH GRADY SCHOOL OF ESTHETICS     ,MA,02155-0000,Proprietary  ,12,41,53,23,81,104
02579800,NEW ENGLAND SCHOOL OF ACUPUNCTURE       ,MA,02458-0000,Private      ,0,77,77,0,128,128
03006802,PENNSYLVANIA CULINARY INSTITUTE - LE COR,MA,02142-1221,Proprietary  ,114,261,375,220,493,713
03066700,AILANO SCHOOL OF COSMETOLOGY            ,MA,02303-4740,Proprietary  ,4,15,19,7,29,36
03104000,SHAWSHEEN ADULT TECHNICAL INSTITUTE     ,MA,01821-5499,Public       ,7,34,41,11,55,66
03115200,MOTORING TECHNICAL TRAINING INST        ,MA,02771-5933,Proprietary  ,18,64,82,37,107,144
03120800,KAY HARVEY HAIRDRESSING ACADEMY         ,MA,01089-2701,Proprietary  ,2,11,13,6,17,23
03130500,URBAN COLLEGE OF BOSTON                 ,MA,02111-1093,Private      ,20,259,279,46,438,484
03194300,BOSTON GRAD SCH OF PSYCHOANALYSIS       ,MA,02446-4602,Private      ,0,39,39,2,70,72
03196300,LINCOLN TECHNICAL INSTITUTE             ,MA,02145-1102,Proprietary  ,57,170,227,98,300,398
03196302,LINCOLN TECHNICAL INSTITUTE             ,MA,01852-5119,Proprietary  ,50,160,210,86,272,358
03205400,JOLIE HAIR & BEAUTY ACADEMY             ,MA,01056-2769,Proprietary  ,23,73,96,28,93,121
03232302,LINCOLN TECHNICAL INSTITUTE             ,MA,02401-1818,Proprietary  ,12,34,46,29,74,103
03235300,MASSACHUSETTS SCHOOL OF LAW             ,MA,01810-1094,Private      ,5,306,311,8,529,537
03240300,TONI & GUY HAIRDRESSING ACADEMY         ,MA,01605-2213,Proprietary  ,31,19,50,41,28,69
03248300,BOSTON BAPTIST COLLEGE                  ,MA,02136-4000,Private      ,29,19,48,72,41,113
03316400,FUNERAL INSTITUTE OF THE NORTHEAST      ,MA,02062-4766,Proprietary  ,11,42,53,18,91,109
03504300,NATL GRAD SCH OF QUALITY SYSTM MGMT     ,MA,02540-0000,Private      ,0,7,7,0,23,23
03570500,ZION BIBLE COLLEGE                      ,MA,01835-0000,Private      ,69,51,120,155,105,260
03763300,MEDICAL PROFESSIONAL INSTITUTE          ,MA,02148-8143,Proprietary  ,6,94,100,17,144,161
03859300,E.I.N.E.                                ,MA,01876-4709,Proprietary  ,0,18,18,0,30,30
03946300,FRANKLIN W. OLIN COLLEGE OF ENGINEERING ,MA,02492-1200,Private      ,45,3,48,530,10,540
03965300,NEW ENGLAND COLLEGE OF FINANCE          ,MA,02110-1605,Proprietary  ,17,295,312,43,631,674
04039300,SULLIVAN AND COGLIANO TRAINING CENTER   ,MA,02301-4921,Proprietary  ,20,439,459,26,548,574
04116900,DIGRIGOLI SCHOOL OF COSMETOLOGY         ,MA,01089-4623,Proprietary  ,13,22,35,26,38,64
04122000,TRI COUNTY REGIONAL VOCATIONAL TECHNICAL,MA,02038-0000,Public       ,4,32,36,10,50,60
04128000,MILLENNIUM TRAINING INSTITUTE           ,MA,01801-6386,Proprietary  ,3,34,37,4,51,55
04128900,CENTRAL MASS SCHOOL OF MASSAGE AND THERA,MA,01562-1712,Proprietary  ,2,4,6,2,12,14
04153200,SOUTHERN WORCESTER COUNTY REGIONAL VOC S,MA,01507-1331,Public       ,3,20,23,4,33,37
00324204,CARNEGIE MELLON UNIVERSITY - QATAR      ,FC,00000-0000,Private      ,0,1,1,2,4,6
00401000,INSTITUT INTERNAT'L D'ETUDES FRANCA     ,FC,00000-0000,Public       ,1,2,3,1,4,5
00401200,HEBREW UNIVERSITY OF JERUSALEM (THE)    ,FC,00000-0000,Public       ,11,38,49,28,89,117
00403000,UNIVERSITY OF CAMBRIDGE                 ,FC,00000-0000,Public       ,3,33,36,3,72,75
00503400,AMERICAN UNIVERSITY OF CAIRO            ,FC,00000-0000,Private      ,19,72,91,59,153,212
00667100,KATHOLIEKE UNIVERSITEIT LEUVEN          ,FC,00000-0000,Private      ,0,5,5,1,19,20
00669100,UNIVERSITY OF CAMBRIDGE - PEMBROKE      ,FC,00000-0000,Public       ,0,3,3,3,12,15
00669200,UNIVERSITY OF LEEDS                     ,FC,00000-0000,Public       ,7,37,44,15,98,113
00669300,UNIV OF LONDON-LONDON SCHOOL ECON       ,FC,00000-0000,Public       ,2,150,152,12,415,427
00669400,SCH OF ORIENTAL & AFRICAN STUDIES       ,FC,00000-0000,Public       ,1,60,61,4,137,141
00669500,UNIV OF LONDON-UNIVERSITY COLLEGE       ,FC,00000-0000,Public       ,10,133,143,46,351,397
00669600,UNIV OF LONDON-SCH ADVANCED STUDY       ,FC,00000-0000,Public       ,0,4,4,0,14,14
00669700,"QUEEN MARY, UNIVERSITY OF LONDON        ",FC,00000-0000,Public       ,7,49,56,28,136,164
00669900,UNIVERSITY OF SUSSEX                    ,FC,00000-0000,Public       ,5,41,46,18,96,114
00670000,"UNIVERSITY OF YORK, THE                 ",FC,00000-0000,Public       ,2,49,51,14,126,140
00670400,UNIVERSITY COLLEGE CORK                 ,FC,00000-0000,Public       ,1,19,20,9,47,56
00671300,UPPSALA UNIVERSITY                      ,FC,00000-0000,Public       ,2,14,16,4,40,44
00671500,UNIVERSITY OF GENEVA                    ,FC,00000-0000,Public       ,2,25,27,3,66,69
00683900,UNIVERSITY OF EDINBURGH                 ,FC,00000-0000,Public       ,39,253,292,134,614,748
00684200,UNIVERSITY OF DUBLIN TRINITY COLLEG     ,FC,00000-0000,Public       ,9,69,78,34,147,181
00685000,UNIVERSITY OF CAMBRIDGE - DOWNING C     ,FC,00000-0000,Public       ,0,2,2,0,6,6
00763200,UNIVERSITY OF BRISTOL                   ,FC,00000-0000,Public       ,4,35,39,16,83,99
00768100,COLLEGE OF EUROPE                       ,FC,00000-0000,Private      ,0,3,3,2,6,8
00770500,ROYAL COLLEGE OF SURGEONS IN IRELAN     ,FC,00000-0000,Private      ,4,29,33,8,53,61
00788100,AMERICAN UNIVERSITY OF PARIS            ,FC,00000-0000,Private      ,59,85,144,192,240,432
00837100,AMERICAN UNIVERSITY OF BEIRUT           ,FC,00000-0000,Private      ,21,41,62,75,100,175
00837300,TEL-AVIV UNIVERSITY                     ,FC,00000-0000,Public       ,4,56,60,8,99,107
00837600,VRIJE UNIVERSITEIT AMSTERDAM            ,FC,00000-0000,Public       ,1,12,13,2,32,34
00837700,UNIVERSITEIT VAN AMSTERDAM(UNIVERSI     ,FC,00000-0000,Public       ,8,44,52,19,103,122
00838000,UNIVERSITY OF WARWICK                   ,FC,00000-0000,Public       ,0,27,27,6,64,70
00838300,UNIVERSITY OF GLASGOW                   ,FC,00000-0000,Public       ,10,159,169,30,323,353
00839300,UNIVERSITY OF OSLO                      ,FC,00000-0000,Public       ,1,3,4,4,18,22
00839400,UNIVERSITY OF OXFORD                    ,FC,00000-0000,Public       ,8,149,157,19,351,370
00839800,UNIVERSITY OF SHEFFIELD (THE)           ,FC,00000-0000,Public       ,5,26,31,14,70,84
00839900,UNIVERSITY OF SOUTHAMPTON               ,FC,00000-0000,Public       ,1,17,18,7,43,50
00845200,ABERYSTWYTH UNIVERSITY                  ,FC,00000-0000,Public       ,5,15,20,14,43,57
00845800,LOUGHBOROUGH UNIVERSITY                 ,FC,00000-0000,Public       ,1,4,5,6,5,11
00846000,UNIVERSITY OF NEWCASTLE UPON TYNE       ,FC,00000-0000,Public       ,7,33,40,12,83,95
00846100,UNIVERSITY OF SAINT ANDREWS             ,FC,00000-0000,Public       ,48,76,124,194,177,371
00850500,UNIVERSITY OF MELBOURNE                 ,FC,00000-0000,Public       ,4,36,40,12,109,121
00858600,SWANSEA UNIVERSITY                      ,FC,00000-0000,Public       ,1,15,16,6,38,44
00858700,UNIVERSITY OF DURHAM                    ,FC,00000-0000,Public       ,8,79,87,27,169,196
00866500,UNIVERSITY OF KENT AT CANTERBURY (THE)  ,FC,00000-0000,Public       ,6,29,35,21,91,112
00867000,UNIVERSITY OF NEW SOUTH WALES           ,FC,00000-0000,Public       ,5,29,34,13,72,85
00868700,UNIVERSITY OF ESSEX                     ,FC,00000-0000,Public       ,7,32,39,16,89,105
00869300,CITY UNIVERSITY                         ,FC,00000-0000,Public       ,5,60,65,15,147,162
00890800,THE UNIVERSITY OF BIRMINGHAM            ,FC,00000-0000,Public       ,3,34,37,12,65,77
00891000,UNIVERSITY OF HULL                      ,FC,00000-0000,Public       ,2,6,8,7,9,16
00892000,UNIVERSITY OF NOTTINGHAM                ,FC,00000-0000,Public       ,1,36,37,9,81,90
00900600,UNIVERSITY OF SALFORD (THE)             ,FC,00000-0000,Public       ,0,6,6,1,12,13
00908400,"UNIV OF LONDON, BIRKBECK                ",FC,00000-0000,Public       ,3,46,49,3,92,95
00908500,UNIV OF LONDON KING'S COLLEGE           ,FC,00000-0000,Public       ,5,115,120,33,302,335
00908600,UNIVERSITY OF LONDON - ROYAL HOLLOWAY   ,FC,00000-0000,Public       ,9,31,40,18,74,92
00914300,BAR-ILAN UNIVERSITY                     ,FC,00000-0000,Private      ,4,6,10,8,14,22
00924900,UNIVERSITY OF LIVERPOOL                 ,FC,00000-0000,Public       ,1,30,31,13,67,80
00936800,UNIVERSITY OF ABERDEEN                  ,FC,00000-0000,Public       ,9,40,49,36,107,143
00942300,ROYAL COLLEGE OF ART                    ,FC,00000-0000,Public       ,0,11,11,3,33,36
00942800,TECHNION-ISRAEL INST OF TECHLGY         ,FC,00000-0000,Public       ,0,16,16,1,34,35
00944200,UNIVERSITY OF EXETER                    ,FC,00000-0000,Public       ,0,40,40,10,93,103
00944400,UNIVERSITY OF LANCASTER                 ,FC,00000-0000,Public       ,4,15,19,12,35,47
00963400,UNIVERSITY OF OXFORD ST CATHERINE'S     ,FC,00000-0000,Public       ,1,2,3,1,2,3
00980800,UNIVERSITY OF STRATHCLYDE               ,FC,00000-0000,Public       ,4,16,20,5,45,50
00986000,UNIVERSITY OF SURREY                    ,FC,00000-0000,Public       ,1,10,11,5,36,41
00990600,PONTIFICAL NORTH AMERICAN COLLEGE       ,FC,00000-0000,Private      ,1,0,1,1,5,6
00992700,UNIVERSITY OF CAMBRIDGE - FITZWILLI     ,FC,00000-0000,Public       ,0,5,5,0,10,10
01006700,LUND UNIVERSITY                         ,FC,00000-0000,Public       ,2,26,28,6,88,94
01008400,UNIVERSITY OF CAPE TOWN                 ,FC,00000-0000,Private      ,3,14,17,5,46,51
01008700,UNIVERSITY OF OXFORD ST PETER'S COL     ,FC,00000-0000,Public       ,0,1,1,0,2,2
01008800,UNIVERSITY OF OXFORD - CORPUS CHRIS     ,FC,00000-0000,Public       ,0,1,1,0,2,2
01008900,CENTRAL SCHOOL OF SPEECH AND DRAMA      ,FC,00000-0000,Private      ,2,19,21,15,49,64
01009000,UNIVERSITY OF OXFORD - BALLIOL COLL     ,FC,00000-0000,Public       ,0,0,0,0,2,2
01014300,UNIVERSITY OF READING                   ,FC,00000-0000,Public       ,1,14,15,5,26,31
01015700,CARDIFF UNIVERSITY                      ,FC,00000-0000,Public       ,2,20,22,10,62,72
01015900,PONTIFICIA UNIVERSITA GREGORIANA        ,FC,00000-0000,Private      ,1,0,1,1,2,3
01016000,CG JUNG INST                            ,FC,00000-0000,Private      ,0,2,2,0,4,4
01018800,UNIVERSITY COLLEGE DUBLIN               ,FC,00000-0000,Public       ,7,91,98,25,212,237
01019000,UNIVERSITY OF CAMBRIDGE CHURCHILL C     ,FC,00000-0000,Public       ,0,3,3,0,8,8
01022800,UNIVERSITY OF STIRLING                  ,FC,00000-0000,Public       ,4,14,18,10,43,53
01033200,UNIVERSITY OF CAMBRIDGE - CLARE COL     ,FC,00000-0000,Public       ,0,6,6,1,14,15
01045600,UNIVERSITY OF HAIFA                     ,FC,00000-0000,Public       ,3,10,13,6,24,30
01047200,INST EUROPEEN OPEEN D'ADMINISTRATIO     ,FC,00000-0000,Private      ,0,13,13,0,26,26
01049300,CRANFIELD UNIVERSITY                    ,FC,00000-0000,Public       ,0,6,6,0,17,17
01052000,TRINITY LABAN CONSERVATOIRE OF MUSIC AND,FC,00000-0000,Public       ,0,11,11,2,20,22
01052500,UNIVERSITY OF HERTFORDSHIRE             ,FC,00000-0000,Public       ,5,7,12,17,13,30
01057400,LONDON INTRNTL FILM SCHOOL              ,FC,00000-0000,Private      ,2,5,7,3,16,19
01058800,AUSTRALIAN NATIONAL UNIVERSITY          ,FC,00000-0000,Public       ,2,13,15,7,36,43
01058900,BANGOR UNIVERSITY                       ,FC,00000-0000,Public       ,1,6,7,2,20,22
01059400,"RICHMOND, THE AMERICAN INT UNI IN LONDON",FC,00000-0000,Private      ,69,27,96,291,101,392
01059900,INST D'ETUDES POLITIQUES DE PARIS       ,FC,00000-0000,Public       ,0,37,37,2,81,83
01068100,MACQUARIE UNIVERSITY                    ,FC,00000-0000,Public       ,1,10,11,8,38,46
01069200,UNIVERSITY OF QUEENSLAND (THE)          ,FC,00000-0000,Public       ,8,40,48,16,134,150
01078900,UNIVERSITY OF OXFORD - WORCESTER CO     ,FC,00000-0000,Public       ,0,2,2,0,4,4
01079200,CITY AND GUILDS OF LONDON INSTITUTE     ,FC,00000-0000,Private      ,0,0,0,1,1,2
01079700,"NATIONAL UNIVERSITY OF IRELAND, MAY     ",FC,00000-0000,Public       ,2,3,5,7,11,18
01080300,SEMMELWEIS UNIVERSITY OF BUDAPEST       ,FC,00000-0000,Public       ,0,0,0,3,5,8
01081600,KINGSTON UNIVERSITY                     ,FC,00000-0000,Public       ,13,57,70,51,149,200
01083800,UNIVERSITITY OF BERGEN (UOB)            ,FC,00000-0000,Public       ,0,2,2,3,3,6
01086400,UNIV OF DUNDEE                          ,FC,00000-0000,Public       ,2,18,20,6,27,33
01086600,UNIVERSITY OF OXFORD - MAGDALEN COLLEGE ,FC,00000-0000,Public       ,0,5,5,2,13,15
01086700,UNIVERSITY OF OXFORD ST JOHN'S COLL     ,FC,00000-0000,Public       ,0,1,1,1,7,8
01091400,MONASH UNIVERSITY                       ,FC,00000-0000,Public       ,2,9,11,6,22,28
01091500,UNIV OF EAST ANGLIA                     ,FC,00000-0000,Public       ,3,14,17,11,62,73
01094200,UNIVERSITY OF OXFORD - ST HUGH'S CO     ,FC,00000-0000,Public       ,0,3,3,1,4,5
01097700,UNIVERSIDAD CENTRAL DEL ESTE            ,FC,00000-0000,Private      ,25,172,197,69,560,629
01098000,SOMERVILLE COLLEGE                      ,FC,00000-0000,Public       ,1,1,2,1,3,4
01099900,UNIV OF OXFORD - WADHAM COLLEGE         ,FC,00000-0000,Public       ,0,1,1,0,4,4
01104400,PONTIFICIA UNIVERSITA SAN TOMMASO       ,FC,00000-0000,Private      ,1,1,2,1,5,6
01105300,UNIVERSITY OF OXFORD - ST HILDA'S C     ,FC,00000-0000,Public       ,0,3,3,0,5,5
01105400,UNIVERSITY OF OXFORD - ST ANNE'S CO     ,FC,00000-0000,Public       ,0,0,0,1,2,3
01105500,UNIV OF OXFORD - LADY MARGARET HALL     ,FC,00000-0000,Public       ,0,1,1,0,6,6
01105600,UNIVERSITY OF OXFORD - UNIVERSITY C     ,FC,00000-0000,Public       ,0,2,2,1,9,10
01105700,UNIVERSITY OF OXFORD - TRINITY COLL     ,FC,00000-0000,Public       ,0,4,4,1,6,7
01105800,UNIVERSITY OF OXFORD-ST EDMUND HALL     ,FC,00000-0000,Public       ,0,3,3,0,7,7
01105900,UNIVERSITY OF OXFORD ST ANTONY'S CO     ,FC,00000-0000,Public       ,0,4,4,0,15,15
01106000,UNIVERSITY OF OXFORD - QUEEN'S COLL     ,FC,00000-0000,Public       ,0,4,4,1,9,10
01106100,UNIVERSITY OF OXFORD - PEMBROKE COL     ,FC,00000-0000,Public       ,0,3,3,0,5,5
01106200,UNIVERSITY OF OXFORD - ORIEL COLLEG     ,FC,00000-0000,Public       ,0,3,3,0,6,6
01106300,UNIVERSITY OF OXFORD - NUFFIELD COL     ,FC,00000-0000,Public       ,0,0,0,0,1,1
01106400,UNIVERSITY OF OXFORD - NEW COLLEGE      ,FC,00000-0000,Public       ,0,5,5,0,8,8
01106500,UNIVERSITY OF OXFORD MERTON COLLEGE     ,FC,00000-0000,Public       ,1,7,8,2,13,15
01106600,UNIVERSITY OF OXFORD - LINCOLN COLL     ,FC,00000-0000,Public       ,0,2,2,0,9,9
01106700,UNIVERSITY OF OXFORD - KEBLE COLLEG     ,FC,00000-0000,Public       ,0,4,4,0,5,5
01106800,UNIVERSITY OF OXFORD - JESUS COLLEG     ,FC,00000-0000,Public       ,0,0,0,0,2,2
01106900,UNIVERSITY OF OXFORD - HERTFORD COL     ,FC,00000-0000,Public       ,1,3,4,1,6,7
01107000,UNIVERSITY OF OXFORD EXETER COLLEGE     ,FC,00000-0000,Public       ,0,2,2,0,9,9
01107100,UNIV OF OXFORD - CHRIST CHURCH          ,FC,00000-0000,Public       ,1,1,2,1,11,12
01107200,UNIVERSITY OF OXFORD - BRASENOSE CO     ,FC,00000-0000,Public       ,0,2,2,0,2,2
01109100,FLINDERS UNIVERSITY OF S AUSTRALIA      ,FC,00000-0000,Public       ,0,7,7,3,19,22
01109400,UNIVERSITY OF WESTERN AUSTRALIA (THE)   ,FC,00000-0000,Public       ,0,6,6,4,17,21
01122600,AARHUS UNIVERSITY                       ,FC,00000-0000,Public       ,2,5,7,4,19,23
01156700,"IMPERIAL COLLEGE OF SCIENCE, TECHNOLOGY ",FC,00000-0000,Public       ,4,21,25,10,49,59
01167900,UNIVERSITY OF BATH                      ,FC,00000-0000,Public       ,1,13,14,5,25,30
01168300,FRANKLIN COLLEGE  SWITZERLAND           ,FC,00000-0000,Private      ,36,7,43,289,19,308
01175800,UNIV OF CAMBRIDGE - PETERHOUSE          ,FC,00000-0000,Public       ,1,3,4,1,7,8
01176400,ROYAL ACADEMY OF MUSIC                  ,FC,00000-0000,Public       ,2,8,10,7,27,34
01176500,GOLDSMITHS' COLLEGE-UNIV OF LONDON      ,FC,00000-0000,Public       ,9,54,63,17,123,140
01176600,UNIV OF LONDON - INST OF EDUC           ,FC,00000-0000,Public       ,0,8,8,0,19,19
01178000,BRUNEL UNIVERSITY                       ,FC,00000-0000,Public       ,1,16,17,2,31,33
01183800,UNIVERSITY OF OXFORD - MANSFIELD CO     ,FC,00000-0000,Public       ,0,1,1,0,1,1
01207500,UNIVERSITY CAMBRIDGE - TRINITY COLL     ,FC,00000-0000,Public       ,0,0,0,2,13,15
01207800,VICTORIA UNIV OF WELLINGTON             ,FC,00000-0000,Public       ,2,13,15,8,31,39
01209600,ECOLE HåTELIERE DE LAUSANNE             ,FC,00000-0000,Private      ,1,5,6,1,6,7
01210100,UNIVERSITY OF CAMBRIDGE - GIRTON CO     ,FC,00000-0000,Public       ,0,1,1,0,3,3
01213600,VICTORIA UNIV OF MANCHESTER (THE)       ,FC,00000-0000,Public       ,3,74,77,17,137,154
01219800,UNIVERSITY OF BRADFORD                  ,FC,00000-0000,Public       ,2,5,7,5,10,15
01220100,UNIVERSITY OF OXFORD - REGENT'S PAR     ,FC,00000-0000,Public       ,0,2,2,1,5,6
01220600,JAMES COOK UNIVERSITY                   ,FC,00000-0000,Public       ,11,28,39,24,69,93
01221500,BIRMINGHAM CITY UNIVERSITY              ,FC,00000-0000,Public       ,3,13,16,5,27,32
01222300,JAGIELLONIAN UNIVERSITY COLLEGIUM M     ,FC,00000-0000,Public       ,0,18,18,2,31,33
01222500,UNIVERSITY OF SZEGED FACULTY OF MEDICINE,FC,00000-0000,Public       ,1,1,2,1,1,2
01225800,ASTON UNIVERSITY                        ,FC,00000-0000,Public       ,0,7,7,2,14,16
01227500,UNIVERSITY OF OXFORD - WOLFSON COLL     ,FC,00000-0000,Public       ,0,6,6,0,11,11
01230200,GONVILLE & CAIUS COLLEGE                ,FC,00000-0000,Public       ,0,1,1,0,3,3
01233300,UNIV OF THE ARTS LONDON- CAMBERWELL COLL,FC,00000-0000,Public       ,4,6,10,14,13,27
01233500,ROYAL COLLEGE OF MUSIC                  ,FC,00000-0000,Public       ,2,9,11,5,20,25
01234100,UNIVERSITY OF WALES - ST DAVID'S UN     ,FC,00000-0000,Public       ,0,2,2,1,12,13
01236000,EDINBURGH COLLEGE OF ART                ,FC,00000-0000,Public       ,3,13,16,8,28,36
01242100,UNIV OF AUCKLAND                        ,FC,00000-0000,Public       ,7,18,25,19,60,79
01253900,UNIVERSITY OF THE ARTS LONDON IDO - CENT,FC,00000-0000,Public       ,25,19,44,56,44,100
01254000,UNIVERSIDAD DE NAVARRA                  ,FC,00000-0000,Private      ,1,7,8,4,15,19
01276500,UNIVERSITY OF OXFORD - LINACRE COLL     ,FC,00000-0000,Public       ,0,7,7,0,11,11
01276600,"NATIONAL UNIVERSITY IRELAND, GALWAY     ",FC,00000-0000,Public       ,10,42,52,28,86,114
01280200,PONTIFICIA UNIV CATOLICA MAD Y MAES     ,FC,00000-0000,Private      ,44,76,120,82,123,205
01281100,INST TECNOLOGICO DE SANTO DOMINGO       ,FC,00000-0000,Private      ,22,52,74,29,106,135
01283900,UNIVERSITY OF CAMBRIDGE - SAINT JOH     ,FC,00000-0000,Public       ,0,2,2,0,8,8
01286200,MOUNTVIEW ACADEMY OF THEATRE ARTS       ,FC,00000-0000,Private      ,0,1,1,0,4,4
01297800,UNIVERSITY OF HUDDERSFIELD (THE)        ,FC,00000-0000,Public       ,0,2,2,0,3,3
01315300,MASSEY UNIVERSITY                       ,FC,00000-0000,Public       ,0,13,13,6,45,51
01322500,COLLEGE OF LAW                          ,FC,00000-0000,Private      ,0,18,18,1,38,39
02052400,DARWIN COLLEGE                          ,FC,00000-0000,Public       ,0,9,9,0,15,15
02082400,UNIVERSITY OF CAMBRIDGE - QUEEN'S C     ,FC,00000-0000,Public       ,0,6,6,0,10,10
02083400,UNIVERSITY OF CAMBRIDGE - WOLFSON C     ,FC,00000-0000,Public       ,0,7,7,0,14,14
02087400,UNIVERSITY OF CAMBRIDGE - NEWNHAM C     ,FC,00000-0000,Public       ,0,3,3,1,7,8
02087900,OXFORD BROOKES UNIVERSITY               ,FC,00000-0000,Public       ,7,22,29,22,55,77
02094100,BEN-GURION UNIV                         ,FC,00000-0000,Public       ,0,49,49,3,138,141
02094400,UNIV OF CAMBRIDGE - ST EDMUND'S HOU     ,FC,00000-0000,Public       ,1,5,6,2,10,12
02095500,LONDON BUS SCHOOL                       ,FC,00000-0000,Private      ,0,49,49,2,92,94
02098700,FATIMA COLLEGE OF MEDICINE              ,FC,00000-0000,Private      ,0,1,1,1,24,25
02101900,ROEHAMPTON UNIVERSITY                   ,FC,00000-0000,Public       ,2,22,24,7,59,66
02108600,LONDON ACADEMY OF MUSIC & DRAMATIC      ,FC,00000-0000,Private      ,2,15,17,13,23,36
02115900,UNIVERSITY OF PORTSMOUTH                ,FC,00000-0000,Public       ,1,2,3,3,13,16
02116700,UNIVERSITY OF CAMBRIDGE - LUCY CAVE     ,FC,00000-0000,Public       ,0,2,2,0,4,4
02120000,UNIV OF LONDON - COURTALD INST OF A     ,FC,00000-0000,Public       ,1,12,13,1,34,35
02133400,UNIVERSITY OF CAMBRIDGE - SIDNEY SU     ,FC,00000-0000,Public       ,0,1,1,0,1,1
02142000,UNIVERSITY OF CAMBRIDGE - HOMERTON      ,FC,00000-0000,Public       ,0,2,2,0,7,7
02149700,UNIVERSITY OF WINCHESTER (THE)          ,FC,00000-0000,Public       ,0,6,6,0,8,8
02156800,UNIV OF OTAGO                           ,FC,00000-0000,Public       ,2,11,13,6,23,29
02162300,"IESE BUSINESS SCH, UNIV OF NAVARRA      ",FC,00000-0000,Private      ,1,21,22,2,42,44
02167400,UNIVERSITY OF CAMBRIDGE - CORPUS CH     ,FC,00000-0000,Public       ,0,4,4,0,8,8
02177700,KING'S COLLEGE- UNIV OF CAMBRIDGE       ,FC,00000-0000,Public       ,1,6,7,3,22,25
02180500,MIDDLESEX UNIVERSITY                    ,FC,00000-0000,Public       ,8,25,33,15,65,80
02181000,UNIVERSITY OF SOUTH AUSTRALIA           ,FC,00000-0000,Public       ,1,2,3,3,6,9
02183500,UNIV OF OXFORD - WYCLIFFE HALL          ,FC,00000-0000,Public       ,0,3,3,2,7,9
02186000,UNIVERSITY OF CAMBRIDGE - MAGDALENE     ,FC,00000-0000,Public       ,0,0,0,0,1,1
02186100,UNIVERSITY OF CAMBRIDGE - EMMANUEL      ,FC,00000-0000,Public       ,0,2,2,0,5,5
02189600,UNIVERSITY OF GRONINGEN                 ,FC,00000-0000,Public       ,3,7,10,13,23,36
02194800,UNIVERSITY OF THE WEST OF ENGLAND -     ,FC,00000-0000,Public       ,2,7,9,5,16,21
02195100,UNIV OF WESTMINSTER                     ,FC,00000-0000,Public       ,13,48,61,26,100,126
02196700,GUILDHALL SCHOOL OF MUSIC & DRAMA       ,FC,00000-0000,Public       ,1,5,6,6,14,20
02207300,UNIVERSITY OF CAMBRIDGE - CHRIST'S      ,FC,00000-0000,Public       ,0,1,1,0,7,7
02207400,CHINESE UNIVERSITY OF HONG KONG (THE)   ,FC,00000-0000,Public       ,0,10,10,14,32,46
02209500,UNIVERSITEIT UTRECHT                    ,FC,00000-0000,Public       ,2,26,28,8,56,64
02210000,UNIV OF LONDON - LONDON SCHOOL OF H     ,FC,00000-0000,Public       ,0,30,30,0,61,61
02212300,UNIVERSITY OF CAMBRIDGE - ROBINSON      ,FC,00000-0000,Public       ,0,1,1,0,2,2
02225300,UNIV OF CANTERBURY                      ,FC,00000-0000,Public       ,1,15,16,10,26,36
02229100,UNIVERSITY OF LEICESTER                 ,FC,00000-0000,Public       ,0,27,27,1,63,64
02229600,SACKLER SCHOOL OF MEDICINE              ,FC,00000-0000,Public       ,1,100,101,1,139,140
02232100,UNIVERSITY OF CAMBRIDGE                 ,FC,00000-0000,Public       ,2,13,15,3,42,45
02233300,"ST GEORGE'S UNIVERSITY, SCHOOL OF MEDICI",FC,00000-0000,Proprietary  ,5,1394,1399,14,2290,2304
02235300,LONDON METROPOLITAN UNIVERSITY          ,FC,00000-0000,Public       ,8,41,49,29,106,135
02240900,AISH HATORAH CLG OF JEWISH STUDIES      ,FC,00000-0000,Private      ,0,0,0,2,2,4
02244400,AMERICAN UNIV OF THE CARIBBEAN          ,FC,00000-0000,Proprietary  ,3,331,334,8,1003,1011
02266600,UNIVERSITY OF LONDON - SAINT GEORGE     ,FC,00000-0000,Public       ,0,11,11,1,18,19
02271700,UNIVERSITY OF CAMBRIDGE - CLARE HAL     ,FC,00000-0000,Public       ,0,1,1,0,6,6
02271900,UNIVERSITY OF OXFORD - BLACKFRIARS      ,FC,00000-0000,Public       ,0,1,1,0,2,2
02272100,UNIV OF OXFORD - GREYFRIARS             ,FC,00000-0000,Public       ,0,0,0,0,2,2
02272200,UNIV OF CAMBRIDGE - NEW HALL            ,FC,00000-0000,Public       ,0,0,0,0,2,2
02273600,QUEEN'S UNIV OF BELFAST (THE)           ,FC,00000-0000,Public       ,5,36,41,13,75,88
02273900,HERIOT WATT UNIVERSITY                  ,FC,00000-0000,Public       ,2,8,10,3,21,24
02276700,NYENRODE BUSINESS UNIVERSITEIT          ,FC,00000-0000,Private      ,0,0,0,0,1,1
02293400,ECOLE DES HAUTES ETUDES COMERCIALS      ,FC,00000-0000,Public       ,0,7,7,0,24,24
02296300,UNIVERSITY OF CAMBRIDGE - JESUS COL     ,FC,00000-0000,Public       ,0,3,3,0,6,6
02310500,DE MONTFORT UNIVERSITY                  ,FC,00000-0000,Public       ,0,1,1,0,9,9
02320500,ROYAL NORTHERN COLLEGE OF MUSIC         ,FC,00000-0000,Public       ,1,1,2,2,3,5
02335100,UNIV OF CAMBRIDGE - TRINITY HALL        ,FC,00000-0000,Public       ,0,2,2,0,8,8
02338900,UNIVERSITY  FOR THE CREATIVE ARTS       ,FC,00000-0000,Public       ,1,1,2,5,3,8
02351800,UNIVERSIDAD IBEROAMERICANA (UNIBE       ,FC,00000-0000,Private      ,41,301,342,92,710,802
02355200,ECOLE SUPERIEURE DE CUISINE FRANCAISE-FE,FC,00000-0000,Public       ,1,8,9,3,15,18
02363000,GSA CONSERVATOIRE                       ,FC,00000-0000,Private      ,0,0,0,1,0,1
02496700,NATIONAL FILM & TV SCHOOL               ,FC,00000-0000,Public       ,0,2,2,0,4,4
02502600,PECSI ORVOSTUDOMANYI EGYETEM (PECS      ,FC,00000-0000,Public       ,1,6,7,1,9,10
02545700,GLASGOW SCHOOL OF ART                   ,FC,00000-0000,Public       ,3,13,16,7,30,37
02561600,SOUTHAMPTON SOLENT UNIVERSITY           ,FC,00000-0000,Public       ,0,2,2,1,5,6
02579600,MURDOCH UNIVERSITY                      ,FC,00000-0000,Public       ,1,9,10,2,38,40
02588000,UNIVERSITY OF ULSTER                    ,FC,00000-0000,Public       ,2,9,11,3,21,24
02591800,CURTIN UNIVERSITY OF TECHNOLOGY         ,FC,00000-0000,Public       ,1,3,4,4,11,15
02592300,MILLTOWN INST OF THEOLOGY & PHILOSO     ,FC,00000-0000,Private      ,1,0,1,1,0,1
02604300,AALBORG UNIVERSITY                      ,FC,00000-0000,Public       ,0,1,1,1,13,14
02611600,ECOL NATIONAL DES PONTS ET CHAUSSEE     ,FC,00000-0000,Public       ,1,0,1,3,1,4
02611700,DUBLIN CITY UNIVERSITY                  ,FC,00000-0000,Public       ,5,6,11,8,17,25
02622500,DENMARKS TEKNISKE UNIVERSITET           ,FC,00000-0000,Public       ,0,1,1,0,6,6
02623200,UNIVERSITY OF NEWCASTLE (THE)           ,FC,00000-0000,Public       ,1,10,11,7,18,25
03012700,UNIVERSITY OF BUCKINGHAM                ,FC,00000-0000,Private      ,1,2,3,4,10,14
03029400,KEELE UNIVERSITY                        ,FC,00000-0000,Public       ,4,4,8,6,8,14
03029500,NORTHUMBRIA UNIVERSITY                  ,FC,00000-0000,Public       ,1,5,6,9,14,23
03029800,NORGES HANDELSHOYSKOLE                  ,FC,00000-0000,Public       ,1,4,5,1,7,8
03033300,MANCHESTER METROPOLITAN UNIV            ,FC,00000-0000,Public       ,9,15,24,15,41,56
03045000,UNIVERSITY OF EAST LONDON               ,FC,00000-0000,Public       ,5,16,21,15,36,51
03050100,STUDIO ART CENTERS INTERNATIONAL        ,FC,00000-0000,Private      ,3,12,15,30,51,81
03061000,CHALMERS TEKNISKA HOGSKOLA AB           ,FC,00000-0000,Private      ,0,2,2,0,9,9
03066800,PONTIFICIO ATENEO DELLA SANTA CROCE     ,FC,00000-0000,Private      ,0,2,2,0,6,6
03067200,UNIVERSITY OF SYDNEY                    ,FC,00000-0000,Public       ,4,52,56,20,140,160
03073800,UNIV OF DEBRECEN MED & HEALTH SCI       ,FC,00000-0000,Public       ,1,12,13,3,21,24
03080300,SHEFFIELD HALLAM UNIVERSITY             ,FC,00000-0000,Public       ,0,6,6,1,12,13
03084300,UNIVERSITY OF LIMERICK                  ,FC,00000-0000,Public       ,1,9,10,9,34,43
03088700,ROYAL SCOTTISH ACAD MUSIC & DRAMA       ,FC,00000-0000,Public       ,1,8,9,7,22,29
03091400,UNIVERSITY OF WOLLONGONG                ,FC,00000-0000,Public       ,1,8,9,2,18,20
03091500,UNIVERSITY OF CANBERRA                  ,FC,00000-0000,Public       ,1,6,7,1,13,14
03091700,KAROL MARCINKOWSKI UNIV OF MED SCI      ,FC,00000-0000,Public       ,3,75,78,10,129,139
03092500,NOTTINGHAM TRENT UNIVERSITY             ,FC,00000-0000,Public       ,1,7,8,3,18,21
03095000,RMIT UNIVERSITY                         ,FC,00000-0000,Public       ,3,7,10,4,22,26
03095400,BOND UNIVERSITY                         ,FC,00000-0000,Private      ,3,22,25,19,48,67
03095900,ESSEC BUSINESS SCHOOL                   ,FC,00000-0000,Private      ,0,8,8,1,14,15
03096100,LA TROBE UNIVERSITY                     ,FC,00000-0000,Public       ,1,9,10,2,25,27
03096900,DEAKIN UNIVERSITY                       ,FC,00000-0000,Public       ,0,3,3,1,8,9
03097100,UNIVERSITY OF WESTERN SYDNEY            ,FC,00000-0000,Public       ,1,1,2,1,11,12
03097300,VICTORIA UNIVERSITY OF TECHNOLOGY       ,FC,00000-0000,Public       ,2,0,2,2,6,8
03097500,CENTRAL QUEENSLAND UNIVERSITY           ,FC,00000-0000,Public       ,0,3,3,0,5,5
03100000,UNIVERSITY OF ADELAIDE (THE)            ,FC,00000-0000,Public       ,0,4,4,4,17,21
03101600,ASIAN INSTITUTE OF MANAGEMENT           ,FC,00000-0000,Private      ,1,7,8,1,11,12
03102500,AMERICAN UNIVERSITY OF ROME             ,FC,00000-0000,Private      ,30,19,49,156,60,216
03102800,ROBERT GORDON UNIVERSITY (THE)          ,FC,00000-0000,Public       ,0,12,12,1,17,18
03104800,GRIFFITH UNIVERSITY                     ,FC,00000-0000,Public       ,2,17,19,8,50,58
03136300,AUSTRALIAN CATHOLIC UNIVERSITY          ,FC,00000-0000,Public       ,2,4,6,5,11,16
03140300,EDITH COWAN UNIVERSITY                  ,FC,00000-0000,Public       ,1,6,7,4,15,19
03140400,NORTHERN TERRITORY UNIVERSITY           ,FC,00000-0000,Public       ,0,3,3,1,3,4
03140500,QUEENSLAND UNIVERSITY OF TECHNOLOGY     ,FC,00000-0000,Public       ,1,2,3,3,16,19
03140600,SOUTHERN CROSS UNIVERSITY               ,FC,00000-0000,Public       ,0,1,1,2,4,6
03140700,SWINBURNE UNIVERSITY OF TECHNOLOGY      ,FC,00000-0000,Public       ,2,6,8,4,15,19
03150300,UNIVERSITY OF TASMANIA                  ,FC,00000-0000,Public       ,0,1,1,0,5,5
03150400,"UNIVERSITY OF TECHNOLOGY, SYDNEY        ",FC,00000-0000,Public       ,0,12,12,1,22,23
03274300,"KUNGLIGA TEKNISKA HOGSKOLAN, KTH        ",FC,00000-0000,Public       ,0,1,1,0,4,4
03287300,LIVERPOOL INSTITUTE FOR PERFORMING ARTS ,FC,00000-0000,Public       ,5,1,6,15,2,17
03300400,"FIRST FACULTY OF MEDICINE, CHARLES UNIV.",FC,00000-0000,Public       ,2,6,8,4,17,21
03329300,JOHN CABOT UNIVERSITY                   ,FC,00000-0000,Private      ,49,11,60,147,31,178
03332400,AGRICULTURE UNIVERSITY OF WROCLAW       ,FC,00000-0000,Public       ,0,1,1,0,3,3
03333300,MEDICAL UNIVERSITY SCHOOL OF LUBLIN     ,FC,00000-0000,Public       ,1,44,45,6,108,114
03334300,UNIVERSIDAD NORDESTANA                  ,FC,00000-0000,Private      ,9,42,51,16,139,155
03335300,MEDICAL UNIVERSITY OF SILESIA           ,FC,00000-0000,Public       ,0,17,17,1,43,44
03349400,"QUEEN MARGARET UNIVERSITY COLLEGE, EDINB",FC,00000-0000,Public       ,0,0,0,2,16,18
03350300,BOURNEMOUTH UNIVERSITY                  ,FC,00000-0000,Public       ,2,9,11,3,19,22
03352300,LONDON SOUTH BANK UNIVERSITY            ,FC,00000-0000,Private      ,5,6,11,10,21,31
03363300,THE ARTS EDUCATIONAL SCHOOLS LONDON     ,FC,00000-0000,Private      ,0,0,0,1,1,2
03364300,"FACULTY OF MEDICINE, PALACKY UNIVER     ",FC,00000-0000,Public       ,1,1,2,2,4,6
03365400,AUCKLAND INSTITUTE OF TECHNOLOGY        ,FC,00000-0000,Public       ,3,7,10,8,16,24
03366300,TROPICAL AGRICULTURE RESEARCH AND H     ,FC,00000-0000,Private      ,0,2,2,0,2,2
03377300,"UNIVERSITY OF WALES INSTITUTE, CARD     ",FC,00000-0000,Public       ,3,3,6,3,6,9
03378300,"THE 3RD FACULTY OF MEDICINE, CHARLE     ",FC,00000-0000,Public       ,1,4,5,1,9,10
03406300,"THE SCHOOL OF PHARMACY, UNIVERSITY      ",FC,00000-0000,Public       ,1,2,3,2,3,5
03418400,NAPIER UNIVERSITY                       ,FC,00000-0000,Public       ,2,9,11,7,17,24
03435300,ANGLIA POLYTECHNIC UNIVERSITY HIGHE     ,FC,00000-0000,Public       ,0,3,3,1,8,9
03460300,INTERNATIONALES THEOLOGISCHES INSTI     ,FC,00000-0000,Private      ,3,2,5,4,7,11
03462400,UNIV OF ARTS LONDON - LON COLL OF COMMUN,FC,00000-0000,Public       ,8,10,18,17,26,43
03466300,INSTITUTO CENTROAMERICANO DE ADMINI     ,FC,00000-0000,Private      ,0,3,3,2,8,10
03473300,UNIV OF ARTS LONDON - LON COLL FASHION  ,FC,00000-0000,Public       ,17,25,42,43,55,98
03475300,UNIV OF THE ARTS  LONDON - CHELSEA COLL ,FC,00000-0000,Public       ,5,5,10,10,14,24
03478300,ROYAL WELSH COLLEGE OF MUSIC AND DRAMA  ,FC,00000-0000,Public       ,1,2,3,4,11,15
03492300,UNIVERSITY OF OXFORD - GREEN TEMPLETON C,FC,00000-0000,Public       ,0,9,9,0,13,13
03492400,UNIV OF CAMBRIDGE-ST CATHERINE'S CG     ,FC,00000-0000,Public       ,0,2,2,1,4,5
03494400,UNIV OF CAMBRIDGE-SELWYN COLLEGE        ,FC,00000-0000,Public       ,0,1,1,0,4,4
03494600,UNIV OF OXFORD-HARRIS MANCHESTER        ,FC,00000-0000,Public       ,0,0,0,1,2,3
03500300,WIMBLEDON COLLEGE OF ART                ,FC,00000-0000,Public       ,6,3,9,8,5,13
03501400,LEEDS METROPOLITAN UNIVERSITY           ,FC,00000-0000,Public       ,3,4,7,7,16,23
03507300,UNIVERSITY OF SUNDERLAND                ,FC,00000-0000,Public       ,0,2,2,0,5,5
03515300,UNIVERSITY OF CENTRAL LANCASHIRE        ,FC,00000-0000,Public       ,3,7,10,9,19,28
03517300,UNIVERSITY OF BRIGHTON                  ,FC,00000-0000,Public       ,3,10,13,8,24,32
03518300,EUROPEAN GRADUATE SCHOOL                ,FC,00000-0000,Private      ,0,22,22,0,79,79
03526300,INST CENTROAMERICANO DE ADM DE EMP      ,FC,00000-0000,Private      ,0,2,2,0,9,9
03527300,SOFIA UNIVERSITY ST. KLIMENT OHRIDSKI   ,FC,00000-0000,Public       ,0,1,1,0,6,6
03533300,BATH SPA UNIVERSITY                     ,FC,00000-0000,Public       ,2,5,7,3,9,12
03547300,UNIVERSITY OF GLAMORGAN                 ,FC,00000-0000,Public       ,3,7,10,5,8,13
03580300,LIVERPOOL JOHN MOORES UNIVERSITY        ,FC,00000-0000,Public       ,0,4,4,7,9,16
03589400,ARTS INSTITUTE AT BOURNEMOUTH (THE)     ,FC,00000-0000,Public       ,3,1,4,9,4,13
03590300,AVONDALE COLLEGE LIMITED                ,FC,00000-0000,Private      ,0,3,3,7,3,10
03594300,GROUP ESC GRENOBLE GRAD SCH OF BUS.     ,FC,00000-0000,Private      ,2,19,21,4,27,31
03597300,JAGIELLONIAN UNIVERSITY                 ,FC,00000-0000,Public       ,1,7,8,5,18,23
03601300,UNIVERSITAT JAUME I DE CASTELLO/UJI     ,FC,00000-0000,Public       ,0,3,3,1,5,6
03619300,UNIVERSITY OF GREENWICH                 ,FC,00000-0000,Public       ,6,16,22,17,39,56
03653400,UNIVERSIDAD DE IBEROAMERICA - UNIBE     ,FC,00000-0000,Private      ,2,8,10,3,18,21
03674300,UNIVERSITY OF ABERTAY DUNDEE            ,FC,00000-0000,Public       ,2,2,4,2,3,5
03684400,UNIVERSITY OF LINCOLN                   ,FC,00000-0000,Public       ,0,6,6,0,13,13
03684500,MEDICAL UNIVERSITY OF GDANSK            ,FC,00000-0000,Public       ,0,1,1,1,14,15
03685300,UNIVERSITAT POMPEU FABRA                ,FC,00000-0000,Public       ,1,3,4,5,24,29
03716300,"UNIVERSITY OF WALES, NEWPORT            ",FC,00000-0000,Public       ,1,0,1,2,4,6
03721300,WRITTLE COLLEGE                         ,FC,00000-0000,Public       ,0,0,0,1,0,1
03727400,UNIVERSITY OF WAIKATO (THE)             ,FC,00000-0000,Public       ,1,4,5,3,9,12
03738300,LONDON SCHOOL OF THEOLOGY               ,FC,00000-0000,Private      ,0,2,2,0,5,5
03741300,ALRA (ACADEMY OF LIVE AND RECORDED ARTS),FC,00000-0000,Private      ,0,1,1,2,3,5
03770300,NAZARENE THEOLOGICAL COLLEGE            ,FC,00000-0000,Private      ,0,1,1,0,6,6
03794400,ANGLO EUROPEAN COLLEGE OF CHIROPRACTIC  ,FC,00000-0000,Private      ,1,1,2,1,2,3
03807300,ROSE BRUFORD COLLEGE                    ,FC,00000-0000,Public       ,1,0,1,2,2,4
03816400,AMERICAN GRAD SCH OF INTERNTL REL & DIPL,FC,00000-0000,Private      ,2,23,25,6,50,56
03818300,LEIPZIG GRADUATE SCHOOL OF MANAGEMENT   ,FC,00000-0000,Private      ,0,8,8,0,11,11
03824300,"ROYAL VETERINARY COLLEGE (THE), UNIVERSI",FC,00000-0000,Public       ,0,59,59,1,126,127
03850500,MEDICAL UNIVERSITY OF LODZ              ,FC,00000-0000,Public       ,0,13,13,3,26,29
03859400,UNIVERSITY COLLEGE FALMOUTH             ,FC,00000-0000,Public       ,1,2,3,4,5,9
03880300,UNIVERSITY OF GLOUCESTERSHIRE (THE)     ,FC,00000-0000,Public       ,0,1,1,5,4,9
03897400,INTERNATIONAL SPACE UNIVERSITY          ,FC,00000-0000,Private      ,0,2,2,0,4,4
03926400,NATIONAL COLLEGE OF ART AND DESIGN      ,FC,00000-0000,Public       ,1,0,1,1,3,4
03941301,AVE MARIA UNIVERSITY - LATIN AMERICA    ,FC,00000-0000,Private      ,62,17,79,113,28,141
03974300,"ST. GEORGE'S UNIVERSITY, SCHOOL OF VETER",FC,00000-0000,Proprietary  ,0,419,419,1,536,537
03978300,SPURGEON'S COLLEGE                      ,FC,00000-0000,Private      ,0,0,0,0,2,2
03993400,TRINITY UNIVERSITY COLLEGE CARMARTHEN   ,FC,00000-0000,Public       ,0,0,0,0,1,1
04021400,"AMERICAN COLLEGE, DUBLIN LIMITED (THE)  ",FC,00000-0000,Private      ,3,7,10,6,11,17
04021500,CENTRAL EUROPEAN UNIVERSITY             ,FC,00000-0000,Private      ,0,40,40,3,93,96
04032300,YORK ST JOHN UNIVERSITY                 ,FC,00000-0000,Public       ,1,2,3,5,5,10
04046300,HK UNIVERSITY OF SCI & TECH (HKUST)     ,FC,00000-0000,Public       ,0,9,9,0,19,19
04070300,"RAPHAEL RECANATI INTERNATIONAL SCHOOL, T",FC,00000-0000,Private      ,17,19,36,35,46,81
04113300,LEBANESE AMERICAN UNIVERSITY            ,FC,00000-0000,Private      ,10,5,15,21,15,36
04115900,LIVERPOOL HOPE UNIVERSITY               ,FC,00000-0000,Public       ,0,6,6,4,15,19
04116300,EDHEC BUSINESS SCHOOL                   ,FC,00000-0000,Private      ,0,7,7,0,16,16
04121400,ISAPZURICH (INTERNATIONAL SCHOOL OF ANAL,FC,00000-0000,Private      ,0,1,1,1,4,5
04128600,UNIVERSITY OF WORCESTER                 ,FC,00000-0000,Public       ,0,1,1,1,3,4
04139100,UNIVERSITA DEGLI STUDI DI SCIENZE GASTRO,FC,00000-0000,Private      ,1,13,14,4,22,26
04143700,ST MARY'S UNIVERSITY COLLEGE TWICKENHAM ,FC,00000-0000,Public       ,0,24,24,2,42,44
04168200,EUROPEAN UNIVERSITY AT ST. PETERSBURG   ,FC,00000-0000,Private      ,0,10,10,0,10,10
00380600,ALDERSON-BROADDUS COLLEGE               ,WV,26416-1051,Private      ,54,63,117,783,292,1075
00380700,MOUNTAIN STATE UNIVERSITY               ,WV,25801-5624,Private      ,319,2019,2338,1131,4967,6098
00380800,BETHANY COLLEGE                         ,WV,26032-0417,Private      ,219,40,259,1164,130,1294
00380900,BLUEFIELD STATE COLLEGE                 ,WV,24701-2198,Public       ,217,494,711,1105,1418,2523
00381000,CONCORD UNIVERSITY                      ,WV,24712-0000,Public       ,315,305,620,2692,1101,3793
00381100,DAVIS & ELKINS COLLEGE                  ,WV,26241-3996,Private      ,133,77,210,862,278,1140
00381200,FAIRMONT STATE UNIVERSITY               ,WV,26554-2470,Public       ,628,966,1594,4642,3149,7791
00381300,GLENVILLE STATE COLLEGE                 ,WV,26351-1292,Public       ,178,144,322,1245,533,1778
00381500,MARSHALL UNIVERSITY                     ,WV,25755-3300,Public       ,1246,1946,3192,9017,6048,15065
00381600,SOUTHERN WV COMMUNITY COLLEGE           ,WV,25637-2900,Public       ,221,340,561,894,897,1791
00381800,UNIVERSITY OF CHARLESTON                ,WV,25304-1099,Private      ,189,240,429,1341,813,2154
00381900,OHIO VALLEY COLLEGE                     ,WV,26105-8000,Private      ,108,33,141,454,122,576
00382000,SALEM INTERNATIONAL UNIVERSITY          ,WV,26426-0500,Proprietary  ,96,288,384,285,605,890
00382200,SHEPHERD UNIVERSITY                     ,WV,25443-3210,Public       ,365,308,673,3751,1438,5189
00382300,WEST LIBERTY UNIVERSITY                 ,WV,26074-0295,Public       ,326,202,528,2681,758,3439
00382600,WEST VIRGINIA STATE UNIVERSITY          ,WV,25112-0000,Public       ,441,786,1227,2279,2088,4367
00382700,WEST VIRGINIA UNIVERSITY                ,WV,26506-6201,Public       ,2157,1705,3862,24392,8980,33372
00382711,WEST VIRGINIA UNIVERSITY - POTOMAC STATE,WV,26726-3000,Public       ,209,120,329,1549,479,2028
00382721,WEST VIRGINIA UNIV INST OF TECH         ,WV,25136-2436,Public       ,125,86,211,1036,399,1435
00382800,WEST VIRGINIA UNIV AT PARKERSBURG       ,WV,26101-9577,Public       ,316,990,1306,1380,2491,3871
00383000,WEST VIRGINIA WESLEYAN COLLEGE          ,WV,26201-2600,Private      ,209,69,278,1843,265,2108
00383100,WHEELING JESUIT UNIVERSITY              ,WV,26003-6243,Private      ,233,256,489,1114,593,1707
00500700,WEST VIRGINIA JUNIOR COLLEGE            ,WV,26505-5596,Proprietary  ,34,31,65,143,173,316
00500800,MOUNTAIN STATE COLLEGE                  ,WV,26101-3993,Proprietary  ,13,104,117,53,267,320
00754400,APPALACHIAN BIBLE COLLEGE               ,WV,25818-1353,Private      ,80,22,102,256,55,311
00757800,HUNTINGTON SCHOOL OF BEAUTY CULTURE     ,WV,25705-2030,Proprietary  ,27,53,80,60,102,162
00760000,INTERNATIONAL BEAUTY SCHOOL             ,WV,25401-3231,Proprietary  ,18,51,69,26,68,94
00835500,JAMES RUMSEY TECHNICAL INSTITUTE        ,WV,25403-0259,Public       ,23,104,127,65,254,319
00895900,CLARKSBURG BEAUTY ACADEMY               ,WV,26301-2903,Proprietary  ,11,13,24,24,35,59
00904700,HUNTINGTON JUNIOR COLLEGE               ,WV,25701-2004,Proprietary  ,57,371,428,148,990,1138
00905400,WEST VIRGINIA NORTHERN CMTY COLLEGE     ,WV,26003-0000,Public       ,253,768,1021,884,1714,2598
01014000,MINERAL COUNTY VOCATIONAL TECH CTR      ,WV,26726-0000,Public       ,1,17,18,12,34,46
01035600,EVEREST INSTITUTE                       ,WV,25313-1304,Proprietary  ,30,122,152,83,261,344
01057300,WEST VIRGINIA JUNIOR COLLEGE            ,WV,25322-0000,Proprietary  ,58,121,179,145,260,405
01057302,WEST VIRGINIA JUNIOR COLLEGE            ,WV,26330-0000,Proprietary  ,23,67,90,140,303,443
01086100,WEST VIRGINIA BUSINESS COLLEGE          ,WV,26301-0000,Proprietary  ,11,89,100,29,139,168
01124500,WEST VIRGINIA SCH OSTEOPATHIC MED       ,WV,24901-1128,Public       ,5,223,228,11,886,897
01174900,WOOD COUNTY SCH OF PRAC NURSING         ,WV,26101-6424,Public       ,5,36,41,20,69,89
01235900,B M SPURR SCHOOL OF PRAC NURSING        ,WV,26038-1660,Private      ,4,13,17,11,22,33
01257300,WEST VIRGINIA UNIV-HOSP-RAD TECH        ,WV,26506-8062,Private      ,6,17,23,74,61,135
01274300,BENJAMIN FRANKLIN CAREER&TECH           ,WV,25064-0000,Public       ,18,62,80,57,122,179
01290400,MONONGALIA CNTY TECH ED CTR             ,WV,26501-6841,Public       ,17,41,58,68,98,166
01290500,ACADEMY OF CAREERS AND TECHNOLOGY       ,WV,25801-0000,Public       ,22,89,111,55,214,269
02057400,ROANE-JACKSON TECHNICAL CENTER          ,WV,25252-0000,Public       ,7,22,29,20,45,65
02068000,UNITED TECHNICAL CENTER                 ,WV,26301-0000,Public       ,8,34,42,35,102,137
02070100,BECKLEY BEAUTY ACADEMY                  ,WV,25801-0000,Proprietary  ,5,20,25,26,51,77
02073400,CARVER CAREER TECH ED CTR               ,WV,25306-6397,Public       ,43,118,161,140,251,391
02145100,SCOTT COLLEGE OF COSMETOLOGY            ,WV,26003-0000,Proprietary  ,16,27,43,40,45,85
02178200,CHARLESTON SCHOOL OF BEAUTY CULTURE     ,WV,25301-0000,Proprietary  ,11,31,42,40,60,100
02218200,GARNET CAREER CENTER                    ,WV,25301-0000,Public       ,19,113,132,73,243,316
02275300,CABELL COUNTY CAREER TECHNOLOGY CTR     ,WV,25705-0000,Public       ,28,57,85,66,146,212
02524500,RALPH R WILLIS VOCATIONAL CENTER        ,WV,25601-0000,Public       ,6,26,32,22,51,73
02534800,FRED W EBERLE TECHNICAL CENTER          ,WV,26201-0000,Public       ,14,37,51,41,82,123
02535500,MERCER COUNTY TECH EDUC CNTR            ,WV,24740-0000,Public       ,19,63,82,55,136,191
02579900,NORTH CENTRAL OPPORTUNITIES INDUSTRIALIZ,WV,26554-2936,Private      ,1,28,29,7,51,58
02609400,VALLEY COLLEGE                          ,WV,25404-5711,Proprietary  ,2,45,47,12,123,135
03052000,MEREDITH MANOR EQUESTRIAN CENTRE        ,WV,26184-9707,Proprietary  ,60,32,92,177,86,263
03076500,FAYETTE INSTITUTE OF TECHNOLOGY         ,WV,25901-2174,Public       ,9,18,27,21,52,73
03084200,VALLEY COLLEGE                          ,WV,24740-3141,Proprietary  ,5,30,35,16,66,82
03084400,VALLEY COLLEGE                          ,WV,25801-2643,Proprietary  ,7,57,64,23,120,143
03098300,PUTNAM CAREER & TECHNICAL CENTER        ,WV,25070-0000,Public       ,12,37,49,36,71,107
03099200,"MOUNTAINEER BEAUTY COLLEGE, INC         ",WV,25177-2917,Proprietary  ,19,27,46,44,56,100
03102100,MORGANTOWN BEAUTY COLLEGE               ,WV,26505-5430,Proprietary  ,15,33,48,47,68,115
03123200,STANLEY TECHNICAL INSTITUTE             ,WV,26505-3751,Private      ,1,10,11,6,17,23
03327500,SOUTH BRANCH VOCATIONAL TECH CENTER     ,WV,26847-1698,Public       ,1,4,5,3,5,8
03734300,JOHN D. ROCKEFELLER IV CAREER CENTER    ,WV,26047-9424,Public       ,1,22,23,4,27,31
03819300,AMERICAN PUBLIC UNIVERSITY SYSTEM       ,WV,25414-1621,Proprietary  ,438,11771,12209,835,22033,22868
03957300,BLUE RIDGE COMMUNITY AND TECHNICAL COLLE,WV,25401-3244,Public       ,178,558,736,557,1499,2056
03960300,NEW RIVER COMMUNITY AND TECHNICAL COLLEG,WV,25801-2636,Public       ,197,629,826,816,1849,2665
04028300,MOUNTAIN STATE SCHOOL OF MASSAGE        ,WV,25304-2025,Proprietary  ,7,18,25,16,36,52
04038500,PIERPONT COMMUNITY & TECHNICAL COLLEGE  ,WV,26554-2451,Public       ,210,431,641,1302,1295,2597
04038600,KANAWHA VALLEY COMMUNITY & TECH COLLEGE ,WV,25112-1000,Public       ,163,582,745,507,1295,1802
04041400,MOUNTWEST COMMUNITY AND TECHNICAL COLLEG,WV,25755-3300,Public       ,213,565,778,638,1311,1949
04047300,BRIDGEMONT COMMUNITY & TECHNICAL COLLEGE,WV,25136-2435,Public       ,79,104,183,323,299,622
04119000,EASTERN WEST VIRGINIA COMMUNITY & TECHNI,WV,26836-0000,Public       ,38,124,162,127,272,399
00106100,ALASKA PACIFIC UNIVERSITY               ,AK,99508-4672,Private      ,98,270,368,427,616,1043
00106300,UNIVERSITY OF ALASKA FAIRBANKS          ,AK,99775-7500,Public       ,689,1168,1857,2497,2974,5471
00106500,UNIVERSITY OF ALASKA SOUTHEAST          ,AK,99801-8680,Public       ,166,438,604,643,1166,1809
00884300,ALASKA BIBLE COLLEGE                    ,AK,99588-0000,Private      ,8,11,19,19,18,37
01146200,UNIVERSITY OF ALASKA ANCHORAGE          ,AK,99514-1608,Public       ,1659,2822,4481,4963,7171,12134
02541000,CAREER ACADEMY                          ,AK,99507-0000,Proprietary  ,57,257,314,115,403,518
02576900,CHARTER COLLEGE                         ,AK,99508-0000,Proprietary  ,316,1426,1742,457,2144,2601
03160300,AVTEC                                   ,AK,99664-0889,Public       ,70,127,197,179,285,464
03461300,ILISAGVIK COLLEGE                       ,AK,99723-0749,Public       ,6,18,24,15,24,39
04138600,ALASKA CHRISTIAN COLLEGE                ,AK,99669-9755,Private      ,15,15,30,29,25,54
00108500,UNIV ARKANSAS MONTICELLO                ,AR,71656-0000,Public       ,976,990,1966,1909,1651,3560
00108600,UNIV OF ARKANSAS AT PINE BLUFF          ,AR,71601-2790,Public       ,1276,755,2031,3318,1481,4799
00108700,ARKANSAS BAPTIST COLLEGE                ,AR,72202-6099,Private      ,394,535,929,663,925,1588
00108800,LYON COLLEGE                            ,AR,72501-3699,Private      ,242,66,308,741,146,887
00108900,ARKANSAS TECH UNIVERSITY                ,AR,72801-2222,Public       ,2827,2240,5067,5857,3799,9656
00109000,ARKANSAS STATE UNIVERSITY               ,AR,72467-0000,Public       ,3576,4757,8333,7808,8270,16078
00109006,DELTA TECHNICAL INSTITUTE               ,AR,72365-9558,Public       ,29,48,77,51,92,143
00109100,ARKANSAS STATE UNIVERSITY - BEEBE       ,AR,72012-1000,Public       ,1014,1355,2369,1784,2468,4252
00109200,UNIVERSITY OF CENTRAL ARKANSAS          ,AR,72035-0001,Public       ,3840,2183,6023,8170,3898,12068
00109300,CENTRAL BAPTIST COLLEGE                 ,AR,72034-6470,Private      ,284,209,493,533,346,879
00109400,UNIVERSITY OF THE OZARKS                ,AR,72830-2880,Private      ,236,60,296,704,146,850
00109500,CROWLEYS RIDGE COLLEGE                  ,AR,72450-9775,Private      ,81,46,127,162,88,250
00109700,HARDING UNIVERSITY                      ,AR,72149-0001,Private      ,1246,721,1967,3319,1369,4688
00109800,HENDERSON STATE UNIVERSITY              ,AR,71999-0001,Public       ,1603,910,2513,3352,1622,4974
00109900,HENDRIX COLLEGE                         ,AR,72032-3080,Private      ,171,78,249,2053,193,2246
00110000,JOHN BROWN UNIVERSITY                   ,AR,72761-2747,Private      ,298,500,798,1474,977,2451
00110100,UNIV ARKANSAS LITTLE ROCK               ,AR,72204-1099,Public       ,2071,4386,6457,4549,8491,13040
00110200,OUACHITA BAPTIST UNIVERSITY             ,AR,71998-0001,Private      ,630,62,692,1679,158,1837
00110300,PHILANDER SMITH COLLEGE                 ,AR,72202-3718,Private      ,329,336,665,938,645,1583
00110400,PHILLIPS COUNTY COMMUNITY COLLEGE       ,AR,72342-0000,Public       ,211,324,535,375,531,906
00110600,WILLIAMS BAPTIST COLLEGE                ,AR,72476-4661,Private      ,213,103,316,560,188,748
00110700,SOUTHERN ARKANSAS UNIVERSITY            ,AR,71754-0000,Public       ,1119,845,1964,2267,1421,3688
00110800,UNIV ARKANSAS FAYETTEVILLE              ,AR,72701-0000,Public       ,5029,2742,7771,14160,5750,19910
00110900,UNIVERSITY OF ARKANSAS FOR MEDICAL SCIEN,AR,72205-7102,Public       ,303,1375,1678,598,2317,2915
00110901,UNIVERSITY OF ARKANSAS FOR MEDICAL SCIEN,AR,71603-7000,Public       ,18,90,108,77,264,341
00111000,UNIVERSITY OF ARKANSAS-FORT SMITH       ,AR,72904-7397,Public       ,1779,1939,3718,3771,3750,7521
00524500,U OF A COMM COLLEGE AT MORRILTON        ,AR,72110-9601,Public       ,664,885,1549,1082,1556,2638
00570700,SEARK COLLEGE                           ,AR,71603-0000,Public       ,388,921,1309,589,1522,2111
00573200,UNIV AR COMMUNITY COLLEGE AT HOPE       ,AR,71801-0000,Public       ,211,471,682,372,822,1194
00704400,CROWLEYS RIDGE TECHNICAL INSTITUTE      ,AR,72336-0000,Public       ,50,108,158,77,183,260
00732967,ITT TECHNICAL INSTITUTE                 ,AR,72204-7739,Proprietary  ,97,286,383,184,479,663
00773800,SOUTHERN ARKANSAS UNIVERSITY TECH       ,AR,71701-1900,Public       ,241,412,653,428,703,1131
00792100,PAUL MITCHELL THE SCHOOL ARKANSAS       ,AR,72701-0000,Proprietary  ,38,45,83,57,80,137
00997600,OUACHITA TECHNICAL COLLEGE              ,AR,72104-0816,Public       ,184,471,655,279,807,1086
01074100,MELLIE'S BEAUTY COLLEGE                 ,AR,72901-3886,Proprietary  ,19,73,92,27,131,158
01210500,NATIONAL PARK COMMUNITY COLLEGE         ,AR,71913-9174,Public       ,551,1334,1885,895,2204,3099
01226000,EAST ARKANSAS COMMUNITY COLLEGE         ,AR,72335-2204,Public       ,194,351,545,344,614,958
01226100,NORTH ARKANSAS COLLEGE                  ,AR,72601-5508,Public       ,470,874,1344,887,1523,2410
01286000,ARKANSAS NORTHEASTERN COLLEGE           ,AR,72316-1109,Public       ,329,489,818,637,987,1624
02052200,BLACK RIVER TECHNICAL COLLEGE           ,AR,72455-0000,Public       ,359,797,1156,622,1531,2153
02073500,UNIVERSITY OF ARKANSAS COMMUNITY COLLEGE,AR,72503-0000,Public       ,240,546,786,504,998,1502
02073700,NORTHWEST TECHNICAL INSTITUTE           ,AR,72765-0000,Public       ,90,196,286,151,384,535
02074600,SOUTH ARKANSAS COMMUNITY COLLEGE        ,AR,71731-0000,Public       ,260,709,969,437,1176,1613
02075300,PULASKI TECHNICAL COLLEGE               ,AR,72118-0000,Public       ,1881,6142,8023,2942,10150,13092
02087000,OZARKA COLLEGE                          ,AR,72556-0000,Public       ,174,561,735,295,943,1238
02111100,RICH MOUNTAIN COMMUNITY COLLEGE         ,AR,71953-0000,Public       ,137,256,393,287,407,694
02202400,PROFESSIONAL COSMETOLOGY EDUC CTR       ,AR,71730-5828,Proprietary  ,8,32,40,12,48,60
02220900,COSSATOT COMMUNITY COLLEGE              ,AR,71832-0000,Public       ,222,434,656,374,789,1163
02260400,BEE JAY'S HAIRSTYLING ACADEMY           ,AR,72212-0000,Proprietary  ,11,20,31,14,38,52
02260401,BEE JAY'S HAIRSTYLING ACADEMY - BATESVIL,AR,72501-6709,Proprietary  ,6,19,25,6,25,31
02272400,EASTERN COLLEGE OF HEALTH VOCATIONS     ,AR,72205-3535,Proprietary  ,43,226,269,75,387,462
02284200,NEW TYLER BARBER COLLEGE INC            ,AR,72114-0000,Proprietary  ,25,57,82,34,100,134
02287400,MARSHA KAY BEAUTY COLLEGE               ,AR,72653-0000,Proprietary  ,6,10,16,9,14,23
02330800,JEFFERSON SCHOOL OF NURSING             ,AR,71603-0000,Private      ,32,66,98,53,133,186
02339800,SOUTHERN INSTITUTE OF COSMETOLOGY       ,AR,72301-0000,Proprietary  ,1,5,6,6,13,19
02341700,CAREER ACADEMY OF HAIR DESIGN           ,AR,72764-4304,Proprietary  ,11,46,57,18,74,92
02341701,CAREER ACADEMY OF HAIR DESIGN - ROGERS  ,AR,72756-2102,Proprietary  ,17,40,57,24,73,97
02341702,CAREER ACADEMY OF HAIR DESIGN - SILOAM  ,AR,72761-4217,Proprietary  ,5,12,17,11,20,31
02348200,MID-SOUTH COMMUNITY COLLEGE             ,AR,72301-0000,Public       ,252,588,840,482,1158,1640
02363500,ARTHUR'S BEAUTY COLLEGE                 ,AR,72901-0000,Proprietary  ,27,46,73,33,89,122
02525800,LEE'S SCHOOL OF COSMETOLOGY             ,AR,72114-0000,Proprietary  ,12,27,39,24,68,92
02538500,ARTHUR'S BEAUTY COLLEGE                 ,AR,72076-0000,Proprietary  ,46,101,147,58,145,203
02569600,SEARCY BEAUTY COLLEGE                   ,AR,72143-0000,Proprietary  ,10,16,26,12,39,51
03005100,ARKANSAS BEAUTY SCHOOL                  ,AR,72209-5116,Proprietary  ,16,78,94,34,121,155
03007100,HOT SPRINGS BEAUTY COLLEGE              ,AR,71901-5432,Proprietary  ,16,27,43,29,57,86
03007600,ARKANSAS BEAUTY SCHOOL-CONWAY           ,AR,72032-4354,Proprietary  ,20,33,53,35,61,96
03023400,ARKANSAS COLLEGE OF BARBERING           ,AR,72114-5615,Proprietary  ,13,36,49,23,57,80
03063300,NORTHWEST ARKANSAS COMMUNITY COLLEG     ,AR,72712-5190,Public       ,1474,2364,3838,2577,4322,6899
03065100,ABC BEAUTY COLLEGE                      ,AR,71923-4206,Proprietary  ,8,22,30,16,32,48
03066302,BRYAN COLLEGE -                         ,AR,72756-1825,Proprietary  ,31,149,180,51,261,312
03105200,BAPTIST HEALTH SCHOOLS LITTLE ROCK      ,AR,72210-2820,Private      ,285,750,1035,472,1299,1771
03115102,HERITAGE COLLEGE - LITTLE ROCK          ,AR,72227-5544,Proprietary  ,70,321,391,116,536,652
03124900,IMAGINE -  PAUL MITCHELL PARTNER SCHOOL ,AR,72117-2516,Proprietary  ,61,151,212,105,224,329
03127200,ASKINS VO-TECH                          ,AR,72908-8028,Proprietary  ,5,12,17,10,34,44
03214300,VELVATEX COLLEGE OF BEAUTY CULTURE      ,AR,72202-5452,Proprietary  ,7,19,26,8,35,43
03254300,MARGARET'S HAIR ACADEMY                 ,AR,71655-4905,Proprietary  ,13,23,36,19,35,54
03519400,LYNNDALE FUNDAMENTALS OF BEAUTY SCH     ,AR,71730-4804,Proprietary  ,4,17,21,7,23,30
03855300,ECCLESIA COLLEGE                        ,AR,72762-8159,Private      ,46,33,79,81,60,141
03912300,CROSSETT SCHOOL OF COSMETOLOGY          ,AR,71635-0000,Proprietary  ,5,11,16,10,18,28
03997300,ARKANSAS BEAUTY COLLEGE                 ,AR,72801-3741,Proprietary  ,13,27,40,21,49,70
04183100,WASHINGTON BARBER COLLEGE               ,AR,72209-3820,Proprietary  ,5,25,30,5,25,30
04183400,SALON PROFESSIONAL ACADEMY (THE)        ,AR,72116-7310,Proprietary  ,15,34,49,22,48,70
00133900,CORBAN UNIVERSITY                       ,OR,97301-9392,Private      ,141,190,331,1816,656,2472
00318600,BLUE MOUNTAIN COMMUNITY COLLEGE         ,OR,97801-0000,Public       ,224,546,770,972,1717,2689
00318800,CENTRAL OREGON COMMUNITY COLLEGE        ,OR,97701-5998,Public       ,720,1976,2696,2326,5598,7924
00318900,CLATSOP COMMUNITY COLLEGE               ,OR,97103-3698,Public       ,100,368,468,471,1172,1643
00319100,CONCORDIA UNIVERSITY                    ,OR,97211-6099,Private      ,254,838,1092,1634,2187,3821
00319300,EASTERN OREGON UNIVERSITY               ,OR,97850-2899,Public       ,291,794,1085,2409,2836,5245
00319400,GEORGE FOX UNIVERSITY                   ,OR,97132-2697,Private      ,245,557,802,3247,1723,4970
00319600,LANE COMMUNITY COLLEGE                  ,OR,97405-0640,Public       ,1261,3039,4300,5791,12406,18197
00319700,LEWIS & CLARK COLLEGE                   ,OR,97219-7899,Private      ,176,515,691,5050,3445,8495
00319800,LINFIELD COLLEGE                        ,OR,97128-6894,Private      ,199,263,462,3415,1080,4495
00319801,LINFIELD COLLEGE - PORTLAND CAMPUS      ,OR,97210-0000,Private      ,46,149,195,409,894,1303
00319900,MARYLHURST UNIVERSITY                   ,OR,97036-7036,Private      ,30,506,536,137,1585,1722
00320300,MOUNT ANGEL SEMINARY                    ,OR,97373-0505,Private      ,4,13,17,10,21,31
00320400,MOUNT HOOD COMMUNITY COLLEGE            ,OR,97030-3300,Public       ,1005,2241,3246,3987,7177,11164
00320600,MULTNOMAH BIBLE COLLEGE/SEMINARY        ,OR,97220-5898,Private      ,115,212,327,542,623,1165
00320700,PACIFIC NORTHWEST COLLEGE OF ART        ,OR,97209-3023,Private      ,123,133,256,687,581,1268
00320800,NORTHWEST CHRISTIAN UNIVERSITY          ,OR,97401-3727,Private      ,74,150,224,565,592,1157
00320900,WESTERN OREGON UNIVERSITY               ,OR,97361-1394,Public       ,617,587,1204,6684,2793,9477
00321000,OREGON STATE UNIVERSITY                 ,OR,97331-8507,Public       ,2052,2298,4350,21451,10755,32206
00321100,OREGON INSTITUTE OF TECHNOLOGY          ,OR,97601-8801,Public       ,270,512,782,2342,2165,4507
00321200,PACIFIC UNIVERSITY                      ,OR,97116-1797,Private      ,208,468,676,3401,2881,6282
00321300,PORTLAND COMMUNITY COLLEGE              ,OR,97219-7198,Public       ,2882,7936,10818,10513,25915,36428
00321312,PORTLAND COMMUNITY COLLEGE - COLUMBIA GO,OR,97058-3447,Public       ,77,236,313,339,785,1124
00321600,PORTLAND STATE UNIVERSITY               ,OR,97207-0000,Public       ,2048,5063,7111,13076,20010,33086
00321700,REED COLLEGE                            ,OR,97202-8199,Private      ,201,98,299,2664,462,3126
00321800,CHEMEKETA COMMUNITY COLLEGE             ,OR,97309-1500,Public       ,1163,3311,4474,4996,11086,16082
00321900,SOUTHERN OREGON UNIVERSITY              ,OR,97520-5010,Public       ,561,750,1311,5018,3388,8406
00322000,SOUTHWESTERN OREGON COMMUNITY CLG       ,OR,97420-2956,Public       ,300,443,743,1455,1581,3036
00322100,TREASURE VALLEY COMMUNITY COLLEGE       ,OR,97914-3423,Public       ,349,839,1188,1336,2104,3440
00322200,UMPQUA COMMUNITY COLLEGE                ,OR,97470-0226,Public       ,318,953,1271,1216,3261,4477
00322300,UNIVERSITY OF OREGON                    ,OR,97403-1226,Public       ,2193,2348,4541,26544,12018,38562
00322400,UNIVERSITY OF PORTLAND                  ,OR,97203-5798,Private      ,469,485,954,9018,2322,11340
00322500,WARNER PACIFIC COLLEGE                  ,OR,97215-4099,Private      ,176,600,776,869,1616,2485
00322700,WILLAMETTE UNIVERSITY                   ,OR,97301-3930,Private      ,203,327,530,5011,1695,6706
00487800,CLACKAMAS COMMUNITY COLLEGE             ,OR,97045-7998,Public       ,842,1774,2616,3161,5201,8362
00488200,OREGON HEALTH & SCIENCE UNIVERSITY      ,OR,97239-0000,Public       ,88,651,739,589,3515,4104
00693800,LINN BENTON COMMUNITY COLLEGE           ,OR,97321-3774,Public       ,830,1660,2490,3349,5160,8509
00717800,WESTERN SEMINARY                        ,OR,97215-0000,Private      ,2,130,132,12,324,336
00723402,HEALD COLLEGE - PORTLAND                ,OR,97205-3432,Proprietary  ,140,535,675,248,1211,1459
00732969,ITT TECHNICAL INSTITUTE                 ,OR,97220-6819,Proprietary  ,161,794,955,372,1286,1658
00781900,ART INSTITUTE OF PORTLAND (THE)         ,OR,97209-2911,Proprietary  ,378,503,881,1643,1770,3413
00888700,CONCORDE CAREER INSTITUTE               ,OR,97232-2242,Proprietary  ,82,283,365,196,741,937
00907900,EVEREST COLLEGE                         ,OR,97204-2296,Proprietary  ,109,409,518,229,824,1053
00958100,SPRINGFIELD COLLEGE OF BEAUTY           ,OR,97477-5474,Proprietary  ,21,58,79,65,143,208
01012200,PHAGANS' MEDFORD BEAUTY SCHOOL          ,OR,97504-5297,Proprietary  ,19,43,62,45,120,165
01018200,ROGUE COMMUNITY COLLEGE                 ,OR,97527-0000,Public       ,575,1536,2111,2412,6146,8558
01050700,ACADEMY OF HAIR DESIGN                  ,OR,97301-3526,Proprietary  ,7,35,42,33,93,126
01230900,UNIVERSITY OF WESTERN STATES            ,OR,97230-3099,Private      ,18,124,142,57,531,588
01234700,PHAGANS CENTRAL OREGON BEAUTY CLG       ,OR,97701-5175,Proprietary  ,21,83,104,64,188,252
01234800,PHAGANS BEAUTY COLLEGE                  ,OR,97333-4716,Proprietary  ,24,42,66,55,85,140
01235000,PHAGANS SCHOOL OF HAIR DESIGN           ,OR,97267-0000,Proprietary  ,35,67,102,61,133,194
01235100,PHAGANS SCHOOL OF BEAUTY                ,OR,97301-4732,Proprietary  ,20,45,65,45,126,171
01300800,PHAGANS TIGARD BEAUTY SCHOOL            ,OR,97223-0000,Proprietary  ,8,22,30,28,59,87
02101000,NORTHWEST COLLEGE OF HAIR DESIGN        ,OR,97086-7702,Proprietary  ,64,169,233,146,361,507
02101002,NORTHWEST COLLEGE                       ,OR,97007-3954,Proprietary  ,12,30,42,36,62,98
02104900,COLLEGE OF LEGAL ARTS                   ,OR,97219-9998,Proprietary  ,31,144,175,75,302,377
02106100,COLLEGE OF COSMETOLOGY                  ,OR,97601-0000,Proprietary  ,9,28,37,26,58,84
02154400,BEAU MONDE CLG OF HAIR DESIGN           ,OR,97205-0000,Proprietary  ,28,80,108,91,193,284
02159700,NEW HOPE CHRISTIAN COLLEGE              ,OR,97405-1194,Private      ,38,52,90,133,124,257
02201900,PHAGANS' SCHOOL OF HAIR DESIGN          ,OR,97232-0000,Proprietary  ,41,139,180,95,288,383
02239203,ANTHEM COLLEGE - BEAVERTON              ,OR,97005-0000,Proprietary  ,9,57,66,48,139,187
02330100,PIONEER PACIFIC COLLEGE                 ,OR,97070-0000,Proprietary  ,107,467,574,261,1045,1306
02330102,PIONEER PACIFIC COLLEGE                 ,OR,97403-0000,Proprietary  ,73,334,407,174,763,937
02337900,COLLEGE OF HAIR DESIGN CAREERS          ,OR,97301-0000,Proprietary  ,22,46,68,59,103,162
02344100,ROSEBURG BEAUTY COLLEGE                 ,OR,97470-0000,Proprietary  ,10,21,31,31,82,113
02534000,NATIONAL COLLEGE OF NATURAL MEDICINE    ,OR,97201-0000,Private      ,6,295,301,30,739,769
02578800,NORTHWEST NANNIES INSTITUTE             ,OR,97035-0000,Proprietary  ,6,2,8,17,10,27
02603700,OREGON COL OF ORIENTAL MEDICINE         ,OR,97216-0000,Private      ,3,99,102,19,376,395
02617506,EVEREST COLLEGE - EVEREST INSTITUTE     ,OR,97223-6581,Proprietary  ,35,166,201,63,254,317
03007300,OREGON COLLEGE OF ART & CRAFT           ,OR,97225-6399,Private      ,35,62,97,182,309,491
03022600,LE CORDON BLEU COLLEGE OF CULINARY ARTS ,OR,97205-2793,Proprietary  ,402,788,1190,1004,1893,2897
03042500,CARRINGTON COLLEGE                      ,OR,97232-1302,Proprietary  ,110,384,494,254,825,1079
03074400,PHAGANS NEWPORT ACAD CSMTLGY CAREER     ,OR,97365-4963,Proprietary  ,5,16,21,11,39,50
03074500,EAST-WEST COLLEGE OF THE HEALING ARTS   ,OR,97232-2765,Proprietary  ,42,141,183,95,316,411
03185300,PHAGANS GRANTS PASS COLLEGE OF BTY      ,OR,97527-3039,Proprietary  ,5,20,25,23,59,82
03428300,KLAMATH COMMUNITY COLLEGE               ,OR,97603-7121,Public       ,140,525,665,507,1506,2013
03642300,VALLEY MEDICAL COLLEGE                  ,OR,97305-1373,Proprietary  ,79,272,351,154,529,683
03668300,BIRTHINGWAY COLLEGE OF MIDWIFERY        ,OR,97266-4042,Private      ,5,67,72,17,180,197
03783400,ABDILL CAREER COLLEGE                   ,OR,97504-7137,Proprietary  ,10,61,71,36,201,237
04146500,PORTLAND ACTORS CONSERVATORY            ,OR,97201-2557,Private      ,12,25,37,33,63,96
04151900,COLUMBIA GORGE COMMUNITY COLLEGE        ,OR,97058-3434,Public       ,14,33,47,14,33,47
04167400,SAGE SCHOOL OF MASSAGE & HEALING ARTS   ,OR,97701-4082,Proprietary  ,4,28,32,22,67,89
04171400,AVEDA INSTITUTE PORTLAND                ,OR,97209-3144,Proprietary  ,81,150,231,197,326,523
00137400,ALBERTUS MAGNUS COLLEGE                 ,CT,06511-1189,Private      ,87,328,415,899,974,1873
00137403,ALBERTUS MAGNUS CLG-NEW DIMENSIONS      ,CT,06511-0000,Private      ,19,213,232,79,517,596
00137800,CENTRAL CONNECTICUT STATE UNIV          ,CT,06050-2490,Public       ,1791,1667,3458,9626,4258,13884
00137900,CONNECTICUT COLLEGE                     ,CT,06320-4196,Private      ,359,50,409,3265,177,3442
00138000,WESTERN CONNECTICUT STATE UNIV          ,CT,06810-6826,Public       ,514,392,906,5760,1515,7275
00138500,FAIRFIELD UNIVERSITY                    ,CT,06430-0000,Private      ,201,300,501,6645,1049,7694
00138700,HARTFORD SEMINARY                       ,CT,06105-0000,Private      ,1,33,34,11,70,81
00138900,HOLY APOSTLES COLLEGE & SEMINARY        ,CT,06416-2005,Private      ,4,20,24,13,46,59
00139200,MANCHESTER COMMUNITY COLLEGE            ,CT,06045-1046,Public       ,1295,1426,2721,3017,2840,5857
00139300,MITCHELL COLLEGE                        ,CT,06320-4498,Private      ,196,85,281,1035,242,1277
00139700,UNIVERSITY OF NEW HAVEN                 ,CT,06516-1999,Private      ,572,487,1059,9724,1887,11611
00139800,NORTHWESTERN CT COMMUNITY COLLEGE       ,CT,06098-1747,Public       ,190,267,457,493,574,1067
00139900,NORWALK COMMUNITY TECHNICAL COLLEGE     ,CT,06854-1655,Public       ,808,1039,1847,1654,2016,3670
00140100,POST UNIVERSITY                         ,CT,06723-3240,Proprietary  ,466,1963,2429,1566,3771,5337
00140200,QUINNIPIAC UNIVERSITY                   ,CT,06518-1908,Private      ,730,543,1273,14519,2021,16540
00140201,QUINNIPIAC UNIVERSITY SCHOOL OF LAW     ,CT,06518-0000,Private      ,6,177,183,69,1022,1091
00140300,SACRED HEART UNIVERSITY                 ,CT,06825-1000,Private      ,443,607,1050,8008,1667,9675
00140600,SOUTHERN CONNECTICUT STATE UNIV         ,CT,06515-1355,Public       ,1176,1278,2454,8953,4516,13469
00140900,SAINT JOSEPH COLLEGE                    ,CT,06117-2791,Private      ,141,534,675,1283,1334,2617
00141400,TRINITY COLLEGE                         ,CT,06106-3100,Private      ,320,95,415,3477,294,3771
00141600,UNIVERSITY OF BRIDGEPORT                ,CT,06601-5650,Private      ,447,916,1363,2998,2572,5570
00141700,UNIVERSITY OF CONNECTICUT-STORRS        ,CT,06269-2151,Public       ,1508,1082,2590,29235,5737,34972
00141702,UNIV CONN STAMFORD                      ,CT,06901-0000,Public       ,83,154,237,589,385,974
00141703,UNIV OF CONNECTICUT - TORINGTON         ,CT,06790-0000,Public       ,18,24,42,155,67,222
00141706,UNIV OF CONNECTICUT SCH LAW             ,CT,06105-0000,Public       ,9,208,217,26,1196,1222
00141707,UNIV OF CT - SCH OF SOCIAL WORK         ,CT,06117-0000,Public       ,24,102,126,100,636,736
00141708,UNIVERSITY OF CONNECTICUT - SCHOOL OF ME,CT,06030-1920,Public       ,29,227,256,308,656,964
00141709,UNIVERSITY OF CONNECTICUT - SCHOOL OF DE,CT,06030-1920,Public       ,54,166,220,540,543,1083
00142200,UNIVERSITY OF HARTFORD                  ,CT,06117-1599,Private      ,639,588,1227,9306,1953,11259
00142400,WESLEYAN UNIVERSITY                     ,CT,06459-3208,Private      ,593,70,663,5479,297,5776
00142500,EASTERN CONNECTICUT STATE UNIV          ,CT,06226-2295,Public       ,675,362,1037,5259,1141,6400
00142600,YALE UNIVERSITY                         ,CT,06520-8288,Private      ,1153,1063,2216,16670,8329,24999
00280301,RENSSELAER POLYTECHNIC INSTITUTE-RENSSEL,CT,06120-2991,Private      ,0,18,18,6,33,39
00451300,HOUSATONIC COMMUNITY COLLEGE            ,CT,06604-4704,Public       ,1052,1734,2786,2248,3258,5506
00618100,BRIDGEPORT HOSP SCHL OF NURSING         ,CT,06610-2896,Private      ,25,175,200,123,398,521
00619100,ST. VINCENT'S COLLEGE                   ,CT,06606-9966,Private      ,78,251,329,280,667,947
00698200,NAUGATUCK VALLEY COMM-TECH COLG         ,CT,06708-3089,Public       ,935,1302,2237,2368,2762,5130
00730000,ELI WHITNEY TECHNICAL HIGH SCHOOL       ,CT,06514-0000,Public       ,1,47,48,10,74,84
00730300,LINCOLN TECHNICAL INSTITUTE             ,CT,06051-0000,Proprietary  ,276,685,961,451,1112,1563
00730500,PORTER AND CHESTER INSTITUTE OF BRANFORD,CT,06405-4022,Proprietary  ,91,241,332,156,387,543
00731100,WINDHAM TECHNICAL HIGH SCHOOL           ,CT,06226-2100,Public       ,2,5,7,4,9,13
00745900,PAIER COLLEGE OF ART                    ,CT,06514-3902,Proprietary  ,33,31,64,114,60,174
00763500,CAPITAL COMMUNITY COLLEGE               ,CT,06103-1207,Public       ,643,1810,2453,1303,3192,4495
00803700,GATEWAY COMMUNITY-TECHNICAL COLLEGE     ,CT,06511-0000,Public       ,945,1795,2740,2271,3526,5797
00803800,MIDDLESEX COMMUNITY CLG                 ,CT,06457-4889,Public       ,381,576,957,883,1075,1958
00887300,PAUL MITCHELL THE SCHOOL                ,CT,06810-6716,Proprietary  ,24,40,64,62,75,137
00887400,BRIO ACADEMY OF COSMETOLOGY             ,CT,06450-4836,Proprietary  ,65,97,162,97,140,237
00906500,THE HARTFORD CONSERVATORY               ,CT,06105-2891,Private      ,3,1,4,30,8,38
00927700,E C GOODWIN TECHNICAL HIGH SCHOOL       ,CT,06053-0000,Public       ,14,11,25,23,25,48
00940700,LINCOLN COLLEGE OF NEW ENGLAND          ,CT,06489-1057,Proprietary  ,315,544,859,696,852,1548
00940701,CLEMENS COLLEGE                         ,CT,06078-0000,Proprietary  ,8,6,14,21,12,33
00976400,TUNXIS COMMUNITY COLLEGE                ,CT,06032-3187,Public       ,630,827,1457,1493,1694,3187
00976500,THREE RIVERS COMMUNITY TECH COLLEGE     ,CT,06360-0000,Public       ,681,1127,1808,1503,2183,3686
00982200,ALBERT I PRINCE TECHNICAL HIGH SCHOOL   ,CT,06106-3799,Public       ,3,32,35,6,53,59
01041700,BRIO ACADEMY OF EAST HARTFORD           ,CT,06108-2220,Proprietary  ,16,37,53,27,56,83
01053000,QUINEBAUG VALLEY COMMUNITY COLLEGE      ,CT,06239-1440,Public       ,260,517,777,589,946,1535
01077900,PORTER AND CHESTER INSTITUTE-ALLCAMPUSES,CT,06615-7158,Proprietary  ,657,1555,2212,950,2452,3402
01115000,ASNUNTUCK COMMUNITY COLLEGE             ,CT,06082-3800,Public       ,183,283,466,404,530,934
01149600,BULLARD HAVENS VOC TECH SCHOOL          ,CT,06610-3499,Public       ,2,26,28,7,56,63
01169700,VINAL REGIONAL VOC TECH SCHOOL          ,CT,06457-4918,Public       ,2,12,14,6,39,45
01184300,NORWICH TECHNICAL HIGH SCHOOL           ,CT,06360-7097,Public       ,6,18,24,10,33,43
01242500,STONE ACADEMY                           ,CT,06514-4125,Proprietary  ,67,309,376,103,481,584
01242503,STONE ACADEMY -WATERBURY                ,CT,06705-3823,Proprietary  ,6,23,29,16,74,90
01242504,STONE ACADEMY -  EAST HARTFORD          ,CT,06118-0000,Proprietary  ,10,52,62,13,98,111
01287700,SANFORD-BROWN COLLEGE                   ,CT,06855-1436,Proprietary  ,49,168,217,79,285,364
01291300,LEON INSTITUTE OF HAIR DESIGN           ,CT,06604-4226,Proprietary  ,6,15,21,8,24,32
01326400,HENRY ABBOTT TECHNICAL HIGH SCHOOL      ,CT,06811-4881,Public       ,1,3,4,4,8,12
02074000,BRANFORD HALL CAREER INSTITUTE          ,CT,06405-0000,Proprietary  ,222,890,1112,287,1253,1540
02106600,AMERICAN INSTITUTE                      ,CT,06110-1922,Proprietary  ,28,147,175,39,258,297
02112300,RIDLEY LOWELL BUSINESS & TECH INST      ,CT,06320-0000,Proprietary  ,39,188,227,72,415,487
02112700,NORTH HAVEN ACADEMY                     ,CT,06473-3108,Proprietary  ,41,24,65,73,69,142
02115100,BUTLER BUSINESS SCHOOL                  ,CT,06604-0000,Proprietary  ,14,104,118,47,258,305
02148700,CONNECTICUT INST OF HAIR DESIGN         ,CT,06716-0000,Proprietary  ,9,17,26,11,31,42
02202500,NEW ENGLAND TRACTOR TRAILER SCH         ,CT,06071-2036,Proprietary  ,34,385,419,36,422,458
02228800,LINCOLN TECHNICAL INSTITUTE - EAST WINDS,CT,06088-9631,Proprietary  ,346,241,587,772,455,1227
02244900,GOODWIN COLLEGE                         ,CT,06118-9980,Private      ,268,1130,1398,751,2999,3750
02245300,HOWELL CHENEY TECHNICAL HIGH SCHOOL     ,CT,06040-0000,Public       ,3,4,7,7,12,19
02265900,WINDHAM COMMUNITY MEM HOSP-RAD TECH     ,CT,06226-0000,Private      ,3,18,21,14,26,40
02296100,YALE-NEW HAVEN HOSP DIETETIC INTERN     ,CT,06510-8900,Private      ,2,10,12,13,30,43
02300000,W F KAYNOR TECHNICAL HIGH SCHOOL        ,CT,06708-0000,Public       ,3,18,21,8,41,49
02316600,CONNECTICUT CTR FOR MASSAGE THERAPY     ,CT,06111-3975,Proprietary  ,14,126,140,22,198,220
02316601,CONNECTICUT CENTER FOR MASSAGE THERAPY -,CT,06880-4619,Proprietary  ,13,57,70,23,122,145
02316603,CONNECTICUT CENTER FOR MASSAGE THERAPY -,CT,06340-4619,Proprietary  ,16,57,73,25,99,124
02565000,PLATT TECHNICAL HIGH SCHOOL             ,CT,06460-2105,Public       ,2,12,14,6,17,23
03079400,LYME ACADEMY COLLEGE OF FINE ARTS       ,CT,06371-2333,Private      ,20,9,29,73,23,96
03094800,INDUSTRIAL MANAGEMENT & TRAINING        ,CT,06706-1211,Proprietary  ,11,40,51,16,95,111
03234300,CHARTER OAK STATE COLLEGE               ,CT,06053-2150,Public       ,35,591,626,76,1144,1220
03316300,LINCOLN TECHNICAL INSTITUTE - HARTFORD  ,CT,06105-3630,Proprietary  ,240,240,480,522,495,1017
03381300,CONNECTICUT TRAINING CENTER             ,CT,06108-2705,Private      ,4,12,16,5,29,34
03927300,ALBERT SCHOOL (THE)                     ,CT,06357-2447,Proprietary  ,33,40,73,45,49,94
04104300,ACADEMY DI CAPELLI - SCHOOL OF COSMETOLO,CT,06492-0000,Proprietary  ,10,9,19,13,20,33
04128800,BRANFORD ACADEMY OF HAIR & COSMETOLOGY  ,CT,06405-0000,Proprietary  ,11,27,38,15,43,58
04145400,OXFORD ACADEMY OF HAIR DESIGN           ,CT,06483-2911,Proprietary  ,17,14,31,23,17,40
04148400,EUROPEAN ACADEMY OF COSMETOLOGY AND HAIR,CT,06437-0000,Proprietary  ,5,6,11,10,12,22
04152400,INTERNATIONAL INSTITUTE OF COSMETOLOGY  ,CT,06109-0000,Proprietary  ,26,39,65,39,50,89
04162900,TONSORIAL ACADEMY OF COSMETOLOGY AND BAR,CT,06516-0000,Proprietary  ,0,4,4,0,5,5
00146600,BARRY UNIVERSITY                        ,FL,33161-6695,Private      ,1366,3161,4527,5303,6976,12279
00146601,BARRY UNIVERSITY - ORLANDO              ,FL,32807-3673,Private      ,70,628,698,232,1512,1744
00146700,BETHUNE COOKMAN UNIVERSITY              ,FL,32114-3099,Private      ,1681,563,2244,6637,1701,8338
00146800,ST THOMAS UNIVERSITY                    ,FL,33054-0000,Private      ,387,881,1268,1242,2071,3313
00146900,FLORIDA INSTITUTE OF TECHNOLOGY         ,FL,32901-6988,Private      ,608,3102,3710,3685,6379,10064
00147000,BREVARD COMMUNITY COLLEGE               ,FL,32922-6503,Public       ,2456,3893,6349,4234,7141,11375
00147100,CENTRAL FLORIDA COMMUNITY COLLEGE       ,FL,34478-1388,Public       ,1837,2955,4792,3714,6359,10073
00147200,CHIPOLA  COLLEGE                        ,FL,32446-2053,Public       ,502,568,1070,875,1066,1941
00147300,CLEARWATER CHRISTIAN COLLEGE            ,FL,33759-0000,Private      ,245,87,332,714,175,889
00147500,DAYTONA STATE COLLEGE                   ,FL,32114-2800,Public       ,3046,4952,7998,6081,10925,17006
00147700,EDISON STATE COLLEGE                    ,FL,33906-6210,Public       ,3439,4844,8283,6484,8884,15368
00147800,EDWARD WATERS COLLEGE                   ,FL,32209-6199,Private      ,437,296,733,1042,679,1721
00147900,EMBRY-RIDDLE AERONAUTICAL UNIV          ,FL,32114-3900,Private      ,1298,2230,3528,6653,4995,11648
00148000,FLORIDA A & M UNIVERSITY                ,FL,32307-3100,Public       ,4069,2550,6619,17040,7594,24634
00148100,FLORIDA ATLANTIC UNIVERSITY             ,FL,33431-6498,Public       ,6161,5607,11768,21193,13142,34335
00148101,FLORIDA ATLANTIC UNIVERSITY/DAVIE       ,FL,33314-0000,Public       ,477,1107,1584,1325,2562,3887
00148103,FLORIDA ATLANTIC UNIV-JUPITER/PSL       ,FL,33458-0000,Public       ,175,232,407,613,510,1123
00148200,FLORIDA COLLEGE                         ,FL,33617-5578,Private      ,210,42,252,414,77,491
00148400,FLORIDA STATE COLLEGE AT JACKSONVILLE   ,FL,32202-4030,Public       ,5034,9719,14753,9845,20491,30336
00148500,FLORIDA KEYS COMMUNITY COLLEGE          ,FL,33040-4397,Public       ,204,294,498,383,595,978
00148600,FLORIDA MEMORIAL UNIVERSITY             ,FL,33054-6199,Private      ,776,534,1310,2397,1188,3585
00148700,ECKERD COLLEGE                          ,FL,33711-4744,Private      ,452,289,741,2950,766,3716
00148800,FLORIDA SOUTHERN COLLEGE                ,FL,33801-5698,Private      ,825,359,1184,3231,800,4031
00148900,FLORIDA STATE UNIVERSITY                ,FL,32306-2430,Public       ,10185,4867,15052,39213,15782,54995
00149000,GULF COAST COMMUNITY COLLEGE            ,FL,32401-1058,Public       ,1045,1902,2947,1880,3539,5419
00149300,INDIAN RIVER STATE COLLEGE              ,FL,34981-5596,Public       ,2286,3790,6076,4585,7592,12177
00149500,JACKSONVILLE UNIVERSITY                 ,FL,32211-3394,Private      ,785,1172,1957,4068,2978,7046
00149700,JONES COLLEGE                           ,FL,32211-5588,Private      ,52,396,448,103,788,891
00149900,EVEREST UNIVERSITY                      ,FL,32810-5601,Proprietary  ,161,1051,1212,313,2042,2355
00149901,EVEREST UNIVERSITY - ORLANDO SOUTH      ,FL,32819-7666,Proprietary  ,1006,13690,14696,1465,20175,21640
00149902,EVEREST UNIVERSITY - MELBOURNE          ,FL,32905-6609,Proprietary  ,45,483,528,74,750,824
00150000,BROWARD COLLEGE- DOWNTOWN CTR           ,FL,33301-2298,Public       ,2720,4916,7636,4811,8908,13719
00150001,BROWARD COLLEGE - DAVIE CAMPUS          ,FL,33314-0000,Public       ,3540,3840,7380,6794,7389,14183
00150002,BROWARD COLLEGE- NORTH CAMPUS           ,FL,33066-0000,Public       ,2370,3261,5631,4547,6419,10966
00150003,BROWARD COLLEGE- SOUTH CAMPUS           ,FL,33024-0000,Public       ,2478,3062,5540,4754,5944,10698
00150100,LAKE CITY COMMUNITY COLLEGE             ,FL,32025-2007,Public       ,519,1158,1677,888,2092,2980
00150200,LAKE SUMTER COMMUNITY COLLEGE           ,FL,34788-8751,Public       ,946,1130,2076,1942,2477,4419
00150400,MANATEE COMMUNITY COLLEGE               ,FL,34207-3596,Public       ,2110,3041,5151,3865,5945,9810
00150500,LYNN UNIVERSITY                         ,FL,33431-5598,Private      ,419,276,695,1786,668,2454
00150600,MIAMI DADE COLLEGE ADMINISTRATION ONLY  ,FL,33176-3393,Public       ,391,491,882,922,1059,1981
00150601,MIAMI DADE COLLEGE - NORTH CAMPUS       ,FL,33167-3495,Public       ,4163,5522,9685,9067,11622,20689
00150602,MIAMI DADE COLLEGE - KENDALL CAMPUS     ,FL,33176-3393,Public       ,6407,5686,12093,12852,11157,24009
00150603,MIAMI DADE COLLEGE - WOLFSON CAMPUS     ,FL,33132-2297,Public       ,3171,3493,6664,6791,7320,14111
00150604,MIAMI DADE COLLEGE - MEDICAL CAMPUS     ,FL,33127-4693,Public       ,854,2165,3019,1967,4445,6412
00150605,MIAMI DADE COLLEGE - HOMESTEAD CAMPUS   ,FL,33030-6009,Public       ,716,991,1707,1565,2016,3581
00150606,MIAMI DADE COLLEGE -INTERAMERICAN CAMPUS,FL,33135-0000,Public       ,1331,2390,3721,2655,4991,7646
00150607,MIAMI DADE COLLEGE - HIALEAH CAMPUS     ,FL,33012-2918,Public       ,1084,1348,2432,2128,2650,4778
00150800,NORTH FLORIDA COMMUNITY COLLEGE         ,FL,32340-1699,Public       ,176,326,502,372,645,1017
00150900,NOVA SOUTHEASTERN UNIVERSITY            ,FL,33314-7796,Private      ,1751,12076,13827,5674,26988,32662
00151000,NORTHWEST FLORIDA STATE COLLEGE         ,FL,32578-1295,Public       ,818,1622,2440,1631,3550,5181
00151200,PALM BEACH COMMUNITY COLLEGE            ,FL,33461-4796,Public       ,5552,6080,11632,9973,11419,21392
00151300,PENSACOLA STATE COLLEGE                 ,FL,32504-8998,Public       ,1806,3254,5060,3379,6795,10174
00151400,POLK STATE COLLEGE                      ,FL,33881-4299,Public       ,2160,3000,5160,3991,5957,9948
00151500,ROLLINS COLLEGE                         ,FL,32789-4499,Private      ,611,512,1123,2730,1149,3879
00151900,SANTA FE COLLEGE                        ,FL,32606-6200,Public       ,3282,3141,6423,7581,7321,14902
00152000,SEMINOLE STATE COLLEGE OF FLORIDA       ,FL,32773-6199,Public       ,3527,5479,9006,6623,10819,17442
00152100,SOUTHEASTERN UNIVERSITY                 ,FL,33801-6099,Private      ,847,443,1290,2340,902,3242
00152200,SOUTH FLORIDA COMMUNITY COLLEGE         ,FL,33825-9399,Public       ,623,829,1452,1186,1452,2638
00152300,SAINT JOHNS RIVER STATE COLLEGE         ,FL,32177-3897,Public       ,958,1470,2428,1885,3204,5089
00152600,SAINT LEO UNIVERSITY                    ,FL,33574-6665,Private      ,831,4672,5503,2885,10615,13500
00152800,ST. PETERSBURG COLLEGE                  ,FL,33760-3768,Public       ,4196,8587,12783,7413,17370,24783
00153100,STETSON UNIVERSITY                      ,FL,32723-3761,Private      ,571,312,883,3193,824,4017
00153101,STETSON UNIVERSITY - COLLEGE OF LAW     ,FL,33707-3299,Private      ,21,560,581,60,1638,1698
00153300,TALLAHASSEE COMMUNITY COLLEGE           ,FL,32304-2895,Public       ,3994,3683,7677,8619,7783,16402
00153400,EVEREST UNIVERSITY                      ,FL,33614-5801,Proprietary  ,212,1415,1627,384,2976,3360
00153408,EVEREST UNIVERSITY - TAMPA BRANDON CAMPU,FL,33619-1354,Proprietary  ,432,7820,8252,716,12558,13274
00153409,EVEREST UNIVERSITY - ORANGE PARK        ,FL,32073-1111,Proprietary  ,56,405,461,111,839,950
00153500,UNIVERSITY OF FLORIDA                   ,FL,32611-3150,Public       ,8240,5098,13338,36644,17162,53806
00153600,UNIVERSITY OF MIAMI                     ,FL,33146-6531,Private      ,1764,1578,3342,19275,6332,25607
00153601,UNIV OF MIAMI SCHOOL OF LAW             ,FL,33124-0000,Private      ,16,393,409,100,1984,2084
00153602,UNIV OF MIAMI-SCH OF MEDICINE           ,FL,33136-0000,Private      ,168,470,638,740,1288,2028
00153700,UNIVERSITY OF SOUTH FLORIDA             ,FL,33620-6960,Public       ,7910,7107,15017,33672,20902,54574
00153701,UNIV OF SOUTH FLORIDA-ST PETERSBURG     ,FL,33701-0000,Public       ,308,376,684,1038,933,1971
00153702,UNIV OF SOUTH FLORIDA-SARASOTA          ,FL,34243-2025,Public       ,140,318,458,413,797,1210
00153705,UNIV OF SOUTH FLORIDA                   ,FL,33803-0000,Public       ,302,335,637,1206,896,2102
00153706,UNIV OF SOUTH FLORIDA- MEDICINE         ,FL,33612-0000,Public       ,248,325,573,1071,1240,2311
00153800,UNIVERSITY OF TAMPA                     ,FL,33606-1490,Private      ,2132,1036,3168,9955,2610,12565
00154000,WEBBER INTERNATIONAL UNIVERSITY         ,FL,33827-0096,Private      ,318,108,426,779,221,1000
00173308,NATIONAL-LOUIS UNIVERSITY               ,FL,33609-0000,Private      ,4,20,24,5,41,46
00177201,TRINITY INTERNATIONAL UNIVERSITY - SOUTH,FL,33324-4611,Private      ,12,176,188,31,323,354
00395400,UNIV OF CENTRAL FLORIDA                 ,FL,32816-0001,Public       ,14188,8834,23022,50443,23499,73942
00395500,UNIVERSITY OF WEST FLORIDA              ,FL,32514-5750,Public       ,2759,2283,5042,7069,5243,12312
00407215,NORTHWOOD UNIVERSITY                    ,FL,33409-0000,Private      ,162,123,285,480,272,752
00491004,KAPLAN CAREER INSTITUTE - KAPLAN COLLEGE,FL,33026-3978,Proprietary  ,40,481,521,64,967,1031
00491005,KAPLAN COLLEGE JACKSONVILLE             ,FL,32216-3216,Proprietary  ,43,599,642,89,1248,1337
00558500,LIVELY TECHNICAL CENTER                 ,FL,32304-0000,Public       ,188,708,896,339,1291,1630
00558600,LINDSEY HOPKINS TECHNICAL ED CENTER     ,FL,33127-4692,Public       ,67,287,354,123,527,650
00559400,D G ERWIN TECHNICAL CENTER              ,FL,33610-8255,Public       ,194,696,890,367,1538,1905
00560500,PINELLAS TECH ED CTR-CLEARWATER         ,FL,33760-2194,Public       ,134,547,681,221,1011,1232
00560700,SARASOTA COUNTY TECHNICAL INSTITUTE     ,FL,34233-0000,Public       ,134,346,480,234,682,916
00560800,TRAVISS TECHNICAL CENTER                ,FL,33803-0000,Public       ,136,488,624,238,929,1167
00561200,MANATEE TECHNICAL INSTITUTE             ,FL,34210-0000,Public       ,177,557,734,287,1007,1294
00561201,MANATEE TECHNICAL INSTITUTE-EAST        ,FL,34211-0000,Public       ,102,312,414,155,571,726
00675000,VALENCIA COMMUNITY COLLEGE              ,FL,32802-3028,Public       ,10150,9991,20141,21492,21888,43380
00732910,ITT TECHNICAL INSTITUTE                 ,FL,33634-7515,Proprietary  ,425,1659,2084,582,2184,2766
00732947,ITT TECHNICAL INSTITUTE                 ,FL,32746-1607,Proprietary  ,328,1045,1373,409,1411,1820
00752500,SUWANNEE-HAMILTON AREA VOC TECH CTR     ,FL,32060-0000,Public       ,19,118,137,51,234,285
00752600,WASHINGTON HOLMES TECHNICAL CENTER      ,FL,32428-1699,Public       ,83,241,324,115,352,467
00755800,LEE COUNTY HIGH TECH CENTER CENTRAL     ,FL,33916-2299,Public       ,160,434,594,274,765,1039
00758600,REMINGTON COLLEGE - TAMPA CAMPUS        ,FL,33612-8410,Proprietary  ,62,317,379,113,526,639
00787000,HILLSBOROUGH COMMUNITY COLLEGE          ,FL,33606-3572,Public       ,6184,8468,14652,11610,16753,28363
00789300,FLAGLER COLLEGE                         ,FL,32085-1027,Private      ,918,243,1161,3672,586,4258
00789301,FLAGLER COLLEGE - TALLAHASSEE COMMUNITY ,FL,32304-2895,Private      ,132,305,437,297,599,896
00807500,ST JOHN VIANNEY COLLEGE SEMINARY        ,FL,33165-3244,Private      ,13,3,16,20,7,27
00814600,EVEREST UNIVERSITY - POMPANO BEACH      ,FL,33062-2522,Proprietary  ,189,3410,3599,247,4206,4453
00822300,ST VINCENT DE PAUL REGIONL SEMINARY     ,FL,33436-0000,Private      ,1,2,3,2,6,8
00841700,STENOTYPE INST OF JACKSONVILLE          ,FL,32207-0000,Proprietary  ,5,65,70,12,108,120
00869410,RASMUSSEN COLLEGE - OCALA               ,FL,34471-7051,Proprietary  ,297,2134,2431,553,4380,4933
00869411,RASMUSSEN COLLEGE - NEW PORT RICHEY     ,FL,34690-4554,Proprietary  ,117,520,637,220,1065,1285
00869413,RASMUSSEN COLLEGE - FORT MYERS          ,FL,33905-7805,Proprietary  ,101,408,509,215,900,1115
00869420,RASMUSSEN COLLEGE - TAMPA               ,FL,33610-9558,Proprietary  ,33,169,202,57,313,370
00884800,WARNER UNIVERSITY                       ,FL,33859-8725,Private      ,254,275,529,568,553,1121
00884900,PALM BEACH ATLANTIC UNIVERSITY          ,FL,33401-6505,Private      ,985,1092,2077,2756,1962,4718
00887800,MIAMI INTERNATIONAL UNIV ART&DESIGN     ,FL,33132-1418,Proprietary  ,1217,1155,2372,2676,2326,5002
00910400,RIVERSIDE HAIRSTYLING ACADEMY           ,FL,32207-3810,Proprietary  ,11,32,43,27,56,83
00963500,FLORIDA INTERNATIONAL UNIVERSITY        ,FL,33199-0001,Public       ,8154,8582,16736,29181,24334,53515
00984100,UNIVERSITY OF NORTH FLORIDA             ,FL,32224-2645,Public       ,4715,3342,8057,12781,7627,20408
00990200,SHERIDAN TECHNICAL CENTER               ,FL,33021-3399,Public       ,177,715,892,305,1333,1638
01016100,"LORAINE'S ACADEMY, INC                  ",FL,33710-0000,Proprietary  ,14,64,78,16,84,100
01019500,ART INSTITUTE OF FT LAUDERDALE          ,FL,33316-3000,Proprietary  ,979,1178,2157,1788,1943,3731
01065200,PASCO-HERNANDO COMMUNITY CLG            ,FL,34654-5199,Public       ,1972,2866,4838,3550,5564,9114
01072401,CARLOS ALBIZU UNIVERSITY                ,FL,33172-0000,Private      ,42,512,554,90,910,1000
01082600,TOM P. HANEY TECHNICAL CENTER           ,FL,32405-5099,Public       ,90,408,498,133,682,815
01112700,GOODING INST OF NUR ANES BAY MED CT     ,FL,32401-0000,Public       ,7,38,45,16,80,96
01226300,ATLANTIC TECHNICAL CENTER               ,FL,33063-3902,Public       ,190,641,831,323,1067,1390
01254400,FIRST COAST TECHNICAL COLLEGE           ,FL,32084-1921,Public       ,102,272,374,196,568,764
01257400,RINGLING SCHOOL OF ART AND DESIGN       ,FL,34234-5895,Private      ,310,106,416,1959,407,2366
01303904,SOUTH UNIVERSITY - WEST PALM BEACH CAMPU,FL,33409-5149,Proprietary  ,159,638,797,317,1255,1572
01323400,LORENZO WALKER INST OF TECHNOLOGY       ,FL,34104-4405,Public       ,89,274,363,151,470,621
02089600,CONCORDE CAREER INSTITUTE               ,FL,32211-0000,Proprietary  ,78,423,501,138,796,934
02106602,AMERICAN INSTITUTE - AMERICAN INSTITUTE ,FL,34747-5161,Proprietary  ,1,35,36,2,36,38
02113609,AMERICAN INTERCONTINENTAL UNIV - WESTON ,FL,33326-3233,Proprietary  ,117,388,505,250,794,1044
02115300,PINELLAS TECHNICAL EDUCATION CENTERS - S,FL,33711-0000,Public       ,130,523,653,212,1029,1241
02116006,SANFORD-BROWN INSTITUTE - FT. LAUDERDALE,FL,33309-1906,Proprietary  ,89,338,427,148,579,727
02121800,EVEREST INSTITUTE                       ,FL,33169-4759,Proprietary  ,128,552,680,197,806,1003
02121801,EVEREST INSTITUTE  - HIALEAH            ,FL,33012-7193,Proprietary  ,56,129,185,80,172,252
02148200,FASHION FOCUS HAIR ACADEMY              ,FL,34231-0000,Proprietary  ,10,40,50,22,55,77
02148300,MANHATTAN BEAUTY SCHOOL                 ,FL,33611-0000,Proprietary  ,44,211,255,62,267,329
02149900,PAUL MITCHELL THE SCHOOL-JACKSONVILLE   ,FL,32205-0000,Proprietary  ,100,178,278,171,340,511
02151900,KEISER  UNIVERSITY                      ,FL,33309-0000,Proprietary  ,1510,6647,8157,2507,11473,13980
02156300,MARGATE SCHOOL OF BEAUTY                ,FL,33063-0000,Proprietary  ,33,140,173,69,274,343
02156700,FLORIDA CHRISTIAN COLLEGE               ,FL,34744-0000,Private      ,164,100,264,326,220,546
02159600,BAPTIST COLLEGE OF FLORIDA (THE)        ,FL,32440-0000,Private      ,116,127,243,258,227,485
02172700,CONCORDE CAREER INSTITUTE               ,FL,33607-0000,Proprietary  ,59,262,321,110,489,599
02188900,HOBE SOUND BIBLE COLLEGE                ,FL,33475-0000,Private      ,25,35,60,44,59,103
02200100,BRADENTON BEAUTY & BARBER ACADEMY       ,FL,34209-0000,Proprietary  ,11,78,89,19,111,130
02215900,ATI CAREER TRAINING CENTER              ,FL,33309-1785,Proprietary  ,95,347,442,171,651,822
02218700,FLORIDA TECHNICAL COLLEGE               ,FL,32826-2707,Proprietary  ,263,1159,1422,406,1745,2151
02218707,FLORIDA TECHNICAL COLLEGE - LAKELAND    ,FL,33813-2101,Proprietary  ,20,115,135,47,229,276
02218709,FLORIDA TECHNICAL COLLEGE - DELAND      ,FL,32720-7415,Proprietary  ,37,318,355,63,448,511
02228300,LAKE TECHNICAL CENTER                   ,FL,32726-0000,Public       ,109,365,474,201,684,885
02245500,FORTIS COLLEGE                          ,FL,32789-4679,Proprietary  ,52,304,356,82,469,551
02257900,INTERNATIONAL ACADEMY                   ,FL,32119-3541,Proprietary  ,16,47,63,27,81,108
02275100,CONCORDE CAREER INSTITUTE               ,FL,33025-0000,Proprietary  ,42,200,242,75,367,442
02278800,SOUTHWEST FLORIDA COLLEGE               ,FL,33907-0000,Proprietary  ,158,657,815,282,1243,1525
02278801,SOUTHWEST FLORIDA COLLEGE - TAMPA       ,FL,33619-1344,Proprietary  ,88,235,323,230,504,734
02278802,SOUTHWEST FLORIDA COLLEGE - INSTITUTUE O,FL,33928-9469,Proprietary  ,7,9,16,13,21,34
02278803,SOUTHWEST FLORIDA COLLEGE - PORT CHARLOT,FL,33953-3100,Proprietary  ,42,222,264,80,397,477
02279600,CORTIVA INSTITUTE - FLORIDA             ,FL,33781-0000,Proprietary  ,24,94,118,36,138,174
02280800,NEW ENGLAND INST TECH-PALM BEACH        ,FL,33407-0000,Proprietary  ,237,928,1165,328,1477,1805
02283800,BEAUTY SCHOOLS OF AMERICA               ,FL,33012-3322,Proprietary  ,127,761,888,154,853,1007
02286502,ITT TECHNICAL INSTITUTE                 ,FL,32244-6630,Proprietary  ,0,1,1,0,2,2
02287100,LA BELLE BEAUTY SCHOOL                  ,FL,33012-3224,Proprietary  ,2,36,38,7,42,49
02293200,ATI CAREER TRAINING CENTER              ,FL,33309-5916,Proprietary  ,282,1053,1335,389,1647,2036
02293201,ATI CAREER TRAINING CENTER - MIAMI      ,FL,33122-1707,Proprietary  ,19,76,95,48,194,242
02293202,ATI CAREER TAINING CENTER - ATI COLLEGE ,FL,87109-2016,Proprietary  ,113,644,757,144,817,961
02293600,ADVANCED TECHNICAL CENTERS              ,FL,33266-1597,Private      ,15,33,48,23,59,82
02297000,CHARLOTTE TECHNICAL CENTER              ,FL,33948-0000,Public       ,98,212,310,151,408,559
02300900,WITHLACOOCHEE TECHNICAL INSTITUTE       ,FL,34450-0000,Public       ,88,241,329,146,489,635
02305700,FORTIS COLLEGE                          ,FL,33619-1283,Proprietary  ,33,239,272,51,457,508
02305800,FLORIDA CAREER COLLEGE                  ,FL,33012-7028,Proprietary  ,648,1954,2602,969,3437,4406
02307400,GEORGE STONE AREA VOCATIONAL TECHNICAL  ,FL,32526-0000,Public       ,63,296,359,125,606,731
02314100,SCHILLER INTERNATIONAL UNIVERSITY       ,FL,33770-0000,Proprietary  ,28,78,106,51,150,201
02316200,MIAMI LAKES TECHNICAL EDUCATION CTR     ,FL,33014-0000,Public       ,116,292,408,206,603,809
02321200,ORANGE TECH EDUC CTR- WESTSIDE TECH     ,FL,34787-0000,Public       ,91,271,362,147,482,629
02325100,KEY COLLEGE                             ,FL,33004-3046,Proprietary  ,12,31,43,17,55,72
02326303,MEDVANCE INSTITUTE - WEST PALM          ,FL,33461-2171,Proprietary  ,77,298,375,111,525,636
02326306,MEDVANCE INSTITUTE - MIAMI              ,FL,33173-3431,Proprietary  ,20,88,108,35,151,186
02326800,MERIDIAN COLLEGE                        ,FL,34240-8478,Proprietary  ,26,134,160,39,204,243
02326801,MERIDIAN CAREER INSTITUTE -             ,FL,33619-1378,Proprietary  ,6,47,53,13,93,106
02326900,SUNSTATE ACADEMY OF HAIR DESIGN         ,FL,33907-1415,Proprietary  ,43,101,144,68,173,241
02329900,FLORIDA INSTITUTE OF ULTRASOUND         ,FL,32514-0000,Proprietary  ,29,103,132,62,194,256
02338400,FT PIERCE BEAUTY ACADEMY                ,FL,34982-0000,Proprietary  ,22,72,94,37,123,160
02346200,WYOTECH                                 ,FL,32174-1010,Proprietary  ,204,405,609,377,598,975
02362100,FULL SAIL UNIVERSITY                    ,FL,32792-0000,Proprietary  ,4138,7770,11908,9676,14997,24673
02499000,ACADEMY OF COSMETOLOGY                  ,FL,32953-3311,Proprietary  ,15,72,87,21,105,126
02501500,"O*TEC, MID-FLORIDA TECH                 ",FL,32809-0000,Public       ,149,428,577,283,855,1138
02504600,WINTER PARK TECH                        ,FL,32789-0000,Public       ,46,209,255,91,456,547
02508900,TALMUDIC COLLEGE OF FLORIDA             ,FL,33139-0000,Private      ,12,3,15,21,8,29
02511700,RIDGE TECHNICAL CENTER                  ,FL,33881-0000,Public       ,110,403,513,188,726,914
02513200,ORLANDO TECHNICAL CENTER                ,FL,32801-0000,Public       ,133,456,589,269,929,1198
02515400,CITY COLLEGE                            ,FL,33309-3073,Private      ,161,868,1029,282,1573,1855
02517100,SARASOTA SCHOOL OF MASSAGE THERAPY      ,FL,34243-6130,Proprietary  ,10,53,63,23,96,119
02524000,SUNSTATE ACADEMY OF HAIR DESIGN         ,FL,34624-0000,Proprietary  ,20,53,73,31,83,114
02524200,ROBERT MORGAN EDUCATIONAL CENTER        ,FL,33177-0000,Public       ,136,322,458,242,622,864
02547600,FLORIDA NATIONAL COLLEGE                ,FL,33012-0000,Proprietary  ,431,1541,1972,501,1779,2280
02554200,RADFORD LOCKLIN TECH CENTER             ,FL,32570-0000,Public       ,22,81,103,36,140,176
02573200,LA BELLE BEAUTY ACADEMY                 ,FL,33135-0000,Proprietary  ,32,148,180,43,171,214
02586200,FLORIDA CAREER COLLEGE                  ,FL,33759-3924,Proprietary  ,37,180,217,74,356,430
02597100,HERITAGE INSTITUTE                      ,FL,33912-7132,Proprietary  ,101,360,461,166,603,769
02598200,SOUTHERN CAREER COLLEGE                 ,FL,32211-0000,Proprietary  ,9,150,159,28,205,233
02599800,EVEREST UNIVERSITY                      ,FL,33770-2556,Proprietary  ,50,390,440,72,659,731
02599801,EVEREST UNIVERSITY - TAMPA LAKELAND CAMP,FL,33801-3801,Proprietary  ,58,453,511,96,744,840
02599805,EVEREST UNIVERSITY - JACKSONVILLE       ,FL,32256-0000,Proprietary  ,84,658,742,161,1115,1276
02601600,HENRY W BREWSTER TECHNICAL CENTER       ,FL,33602-0000,Public       ,68,265,333,103,433,536
02612700,ACADEMY OF COSMETOLOGY-PALM BAY         ,FL,32905-2805,Proprietary  ,21,58,79,32,95,127
02616400,SANFORD-BROWN INSTITUTE                 ,FL,32256-3520,Proprietary  ,151,868,1019,244,1568,1812
02616401,SANFORD-BROWN INSTITUTE - TAMPA         ,FL,33610-8304,Proprietary  ,91,404,495,158,812,970
03003200,EVEREST INSTITUTE                       ,FL,33186-1410,Proprietary  ,123,344,467,152,448,600
03003201,EVEREST INSTITUTE - FT. LAUDERDALE      ,FL,33304-2522,Proprietary  ,38,187,225,80,328,408
03003600,MCFATTER TECHNICAL CENTER               ,FL,33317-7499,Public       ,141,450,591,252,814,1066
03006801,PENNSYLVANIA CULINARY INSTITUTE - LE COR,FL,33025-3929,Proprietary  ,102,445,547,234,1042,1276
03008600,FLORIDA COLLEGE OF NATURAL HEALTH       ,FL,33064-1342,Proprietary  ,114,427,541,165,727,892
03010608,VIRGINIA COLLEGE - PENSACOLA            ,FL,32501-5650,Proprietary  ,49,395,444,90,824,914
03010612,VIRGINIA COLLEGE - GOLF ACADEMY OF AMERI,FL,32701-0000,Proprietary  ,32,101,133,65,204,269
03010618,VIRGINIA COLLEGE - JACKSONVILLE         ,FL,32207-5167,Proprietary  ,38,214,252,83,451,534
03012300,ASM BEAUTY WORLD ACADEMY                ,FL,33021-0000,Proprietary  ,14,55,69,19,76,95
03018500,BENE'S INTERNATIONAL SCHOOL OF BEAUTY   ,FL,34652-1637,Proprietary  ,36,89,125,57,166,223
03028200,TRINITY COLLEGE OF FLORIDA              ,FL,34655-4401,Private      ,42,46,88,111,98,209
03031400,INTERNATIONAL ACADEMY OF DESIGN AND TECH,FL,33634-6313,Proprietary  ,672,1889,2561,1323,3607,4930
03031402,INTERNATIONAL ACADEMY OF DESIGN AND TECH,FL,32809-4613,Proprietary  ,249,338,587,532,705,1237
03031403,IADT - ORLANDO CULINARY ACADEMY         ,FL,32819-0000,Proprietary  ,118,238,356,222,420,642
03035800,HERITAGE INSTITUTE                      ,FL,32216-0948,Proprietary  ,23,176,199,41,294,335
03035900,NATIONAL AVIATION ACADEMY               ,FL,33760-3931,Proprietary  ,111,257,368,188,514,702
03037500,HODGES UNIVERSITY                       ,FL,34119-7932,Private      ,240,1330,1570,436,3000,3436
03054200,FORTIS COLLEGE                          ,FL,33144-2373,Proprietary  ,145,152,297,200,209,409
03071600,COLLEGE OF BUSINESS & TECHNOLOGY        ,FL,33176-0000,Proprietary  ,68,494,562,140,699,839
03076402,BRYMAN SCHOOL OF ARIZONA (THE) - ANTHEM ,FL,32803-3509,Proprietary  ,6,35,41,13,58,71
03079800,GEORGE T BAKER AVIATION                 ,FL,33142-5687,Public       ,108,148,256,180,275,455
03079900,CITY COLLEGE                            ,FL,32707-5342,Private      ,29,212,241,71,303,374
03087601,ITT TECHNICAL INSTITUTE                 ,FL,33126-1823,Proprietary  ,0,0,0,0,1,1
03089200,NOUVELLE INSTITUTE                      ,FL,33125-4141,Proprietary  ,7,120,127,7,125,132
03096300,FORTIS INSTITUTE                        ,FL,33860-0000,Proprietary  ,17,90,107,22,116,138
03099600,MERCY HOSPITAL SCHOOL OF PRACTICAL NSG  ,FL,33133-4237,Private      ,18,80,98,44,169,213
03100800,TAYLOR TECHNICAL INSTITUTE              ,FL,32348-0894,Public       ,18,70,88,26,115,141
03101900,TRINITY BAPTIST COLLEGE                 ,FL,32221-1398,Private      ,89,66,155,156,112,268
03103900,MARION COUNTY COMMUNITY TECH & ADUL     ,FL,34474-3172,Public       ,160,408,568,311,913,1224
03108500,EVERGLADES UNIVERSITY                   ,FL,33431-0000,Private      ,73,592,665,141,1115,1256
03108600,COM-PU-MED VOCATIONAL CAREERS           ,FL,33012-4861,Proprietary  ,10,68,78,17,89,106
03113400,ACADEMY OF HEALING ARTS                 ,FL,33463-2113,Proprietary  ,9,60,69,16,87,103
03114700,PRAXIS INSTITUTE                        ,FL,33135-2657,Proprietary  ,46,336,382,48,368,416
03115500,FLORIDA HOSPITAL COLG OF HEALTH SCI     ,FL,32803-1237,Private      ,426,1146,1572,996,2298,3294
03123900,KEISER CAREER COLLEGE                   ,FL,33413-0000,Proprietary  ,135,599,734,198,942,1140
03125600,MIAMI AD SCHOOL                         ,FL,33139-5203,Proprietary  ,18,122,140,39,248,287
03127900,TECHNICAL EDUCATION CTR OSCEOLA         ,FL,34744-4459,Public       ,118,381,499,211,719,930
03158300,LEE COUNTY HIGH TECH CENTER NORTH       ,FL,33993-2479,Public       ,63,184,247,99,362,461
03171300,UNIVERSITY OF ST. AUGUSTINE FOR HEALTH S,FL,32084-4215,Proprietary  ,18,313,331,54,988,1042
03178400,CORAL RIDGE NURSES ASST TRAINING        ,FL,33306-0000,Proprietary  ,3,35,38,14,72,86
03224300,NEW PROFESSIONS TECHNICAL INSTITUTE     ,FL,33134-1640,Proprietary  ,12,132,144,15,152,167
03230300,CHOICE HIGH SCHOOL AND TECHNICAL CENTER ,FL,32547-1299,Public       ,33,165,198,53,348,401
03238300,FLORIDA COLLEGE OF INTEGRATIVE MED      ,FL,32809-5721,Proprietary  ,21,117,138,56,231,287
03255300,FLORIDA GULF COAST UNIVERSITY           ,FL,33965-6565,Public       ,2993,1676,4669,11085,4357,15442
03256300,YESHIVA GEDOLAH RABBINICAL COLLEGE      ,FL,33139-4708,Private      ,2,1,3,3,2,5
03264300,SOUTH FLORIDA BIBLE COLLEGE AND THEOLOGI,FL,33441-5768,Private      ,5,27,32,8,55,63
03346300,ACAD FOR PRAC NURSING & HEALTH OCCP     ,FL,33417-4574,Private      ,92,392,484,168,574,742
03348400,PROFESSIONAL TRAINING CENTERS           ,FL,33184-0000,Proprietary  ,74,246,320,111,503,614
03373300,BEACON COLLEGE                          ,FL,34748-5224,Private      ,40,31,71,111,70,181
03374300,FLORIDA COASTAL SCHOOL OF LAW           ,FL,32256-0000,Proprietary  ,16,1144,1160,36,2716,2752
03382300,BRADFORD-UNION AREA CAREERTECHNICAL CENT,FL,32091-2434,Public       ,12,74,86,34,188,222
03390300,LINCOLN TECHNICAL INSTITUTE             ,FL,32730-2351,Proprietary  ,45,200,245,85,358,443
03411400,INTERNATIONAL TRAINING CAREERS          ,FL,33155-1462,Private      ,10,59,69,20,88,108
03414500,ACUPUNCTURE AND MASSAGE COLLEGE         ,FL,33176-1509,Proprietary  ,13,125,138,36,203,239
03425400,CENTRAL FLORIDA INSTITUTE               ,FL,34684-4436,Proprietary  ,96,255,351,158,460,618
03429600,ATLANTIC INST OF ORIENTAL MEDICINE      ,FL,33316-0000,Private      ,6,65,71,14,116,130
03429700,EAST WEST COLLG OF NATURAL MEDICINE     ,FL,34236-4959,Proprietary  ,11,71,82,25,143,168
03433400,NEW CONCEPT MASSAGE AND BEAUTY SCHO     ,FL,33135-0000,Proprietary  ,3,26,29,7,37,44
03434300,FORTIS COLLEGE                          ,FL,32073-2999,Proprietary  ,107,262,369,142,448,590
03480301,MEDVANCE INSTITUTE - FORT LAUDERDALE    ,FL,33313-7261,Proprietary  ,29,150,179,45,226,271
03480302,MEDVANCE INSTITUTE - STUART             ,FL,34994-3000,Proprietary  ,34,222,256,48,363,411
03491400,AMERICAN ADVANCED TECHNICIANS INST      ,FL,33014-4430,Proprietary  ,6,35,41,10,53,63
03549300,ULTIMATE MEDICAL ACADEMY                ,FL,33756-5802,Proprietary  ,270,4682,4952,350,5992,6342
03553300,KEISER CAREER COLLEGE                   ,FL,32216-0000,Proprietary  ,59,332,391,125,642,767
03557300,NORTH FLORIDA COSMETOLOGY INSTITUTE     ,FL,32312-0000,Proprietary  ,33,117,150,72,226,298
03564300,"INTERNATIONAL SCHOOL OF HEALTH, BEAUTY &",FL,33311-1141,Proprietary  ,23,143,166,30,174,204
03570400,ENGLISH CENTER (THE)                    ,FL,33133-2703,Public       ,9,105,114,13,154,167
03595400,ANGLEY COLLEGE                          ,FL,32720-4257,Proprietary  ,14,180,194,26,238,264
03611400,FLORIDA BARBER ACADEMY                  ,FL,33441-0000,Proprietary  ,3,13,16,8,22,30
03618300,FLORIDA INSTITUTE OF ANIMAL ARTS        ,FL,32792-1740,Proprietary  ,37,108,145,65,154,219
03627400,JACKSONVILLE BEAUTY INSTITUTE           ,FL,32208-1885,Proprietary  ,24,72,96,44,122,166
03627600,FLORIDA EDUCATION INSTITUTE             ,FL,33144-5036,Proprietary  ,28,104,132,54,199,253
03661400,SOUTH FLORIDA INSTITUTE OF TECHNOLO     ,FL,33135-0000,Proprietary  ,39,306,345,61,328,389
03691400,AVE MARIA SCHOOL OF LAW                 ,FL,34119-1376,Private      ,13,345,358,54,856,910
03696400,SABER                                   ,FL,33134-1604,Private      ,23,161,184,28,263,291
03706300,AMERICAN INSTITUTE                      ,FL,33319-5613,Proprietary  ,25,106,131,45,178,223
03757300,ADVANCE SCIENCE INSTITUTE               ,FL,33012-0000,Proprietary  ,2,22,24,7,31,38
03801400,BEAUTY INSTITUTE (THE)                  ,FL,33409-2972,Proprietary  ,19,59,78,40,102,142
03801401,BEAUTY INSTITUTE (THE) - MARGATE        ,FL,33068-5704,Proprietary  ,4,15,19,10,30,40
03816300,ARTISTIC NAILS & BEAUTY ACADEMY         ,FL,33605-5919,Proprietary  ,18,76,94,44,131,175
03823300,FLORIDA ACADEMY OF HEALTH & BEAUTY      ,FL,33311-0000,Proprietary  ,2,19,21,10,34,44
03832300,DADE MEDICAL COLLEGE                    ,FL,33126-5534,Proprietary  ,198,869,1067,371,1405,1776
03842500,CAMBRIDGE INSTITUTE OF ALLIED HEALTH    ,FL,32750-0000,Proprietary  ,6,57,63,17,132,149
03856300,UNIVERSAL BEAUTY SCHOOL                 ,FL,33174-4406,Proprietary  ,16,56,72,18,56,74
03856500,FLORIDA SCHOOL OF TRADITIONAL MIDWIFERY ,FL,32601-5507,Private      ,1,35,36,4,75,79
03875300,MCI INSTITUTE OF TECHNOLOGY             ,FL,33409-4937,Proprietary  ,15,74,89,30,121,151
03888300,DRAGON RISES COLLEGE OF ORIENTAL MEDICIN,FL,32601-5089,Proprietary  ,2,31,33,4,63,67
03903500,SOUTHERN TECHNICAL COLLEGE              ,FL,32809-0000,Proprietary  ,110,720,830,155,1076,1231
03906300,CAREER INSTITUTE OF FLORIDA             ,FL,33773-3434,Proprietary  ,20,100,120,30,162,192
03911300,TOTAL INTERNATIONAL CAREER INSTITUTE    ,FL,33012-0000,Proprietary  ,6,110,116,8,113,121
03939300,WOLFORD COLLEGE                         ,FL,34108-1931,Proprietary  ,5,204,209,10,252,262
03939400,CENTURA INSTITUTE                       ,FL,32807-3566,Proprietary  ,21,143,164,40,387,427
03939600,DAYTONA COLLEGE                         ,FL,32174-8445,Proprietary  ,34,164,198,72,276,348
03941300,AVE MARIA UNIVERSITY                    ,FL,34142-9505,Private      ,243,84,327,908,189,1097
03957400,NEW COLLEGE OF FLORIDA                  ,FL,34243-2109,Public       ,225,115,340,1478,303,1781
03985300,COMMERCIAL DIVING ACADEMY               ,FL,32208-0000,Proprietary  ,112,304,416,190,590,780
03986300,AVIATOR COLLEGE OF AERONAUTICAL SCIENCE ,FL,34946-9022,Proprietary  ,10,61,71,52,105,157
04016500,AMERICAN INSTITUTE OF BEAUTY            ,FL,33773-0000,Proprietary  ,37,97,134,48,121,169
04029300,TRENDSETTERS OF FLORIDA SCHOOL OF BEAUTY,FL,32205-4737,Proprietary  ,7,36,43,9,57,66
04058300,HEALTH OPPORTUNITY TECHNICAL CENTER     ,FL,33169-4517,Proprietary  ,0,0,0,2,19,21
04083400,INSTITUTE OF ALLIED MEDICAL PROFESSIONS ,FL,33484-6543,Proprietary  ,18,83,101,27,171,198
04105400,PENSACOLA SCHOOL OF MASSAGE THERAPY & HE,FL,32504-7337,Proprietary  ,12,49,61,23,104,127
04106300,PALM BEACH ACADEMY OF HEALTH & BEAUTY   ,FL,33403-2130,Proprietary  ,10,48,58,20,71,91
04116400,FUTURE-TECH INSTITUTE                   ,FL,33135-4142,Proprietary  ,6,20,26,11,26,37
04116600,TAYLOR COLLEGE                          ,FL,34420-8714,Proprietary  ,33,236,269,53,383,436
04119400,AVEDA INSTITUTE - SAINT PETERSBURG      ,FL,33701-4242,Proprietary  ,196,313,509,310,549,859
04120400,HI-TECH SCHOOL OF COSMETOLOGY           ,FL,33174-0000,Proprietary  ,20,49,69,38,77,115
04126900,ACADEMY OF CAREER TRAINING              ,FL,34741-4644,Proprietary  ,33,136,169,53,241,294
04127400,DIGITAL MEDIA ARTS COLLEGE              ,FL,33431-5919,Proprietary  ,71,83,154,220,173,393
04128400,MANAGEMENT RESOURCES INSTITUTE          ,FL,33126-5473,Proprietary  ,9,283,292,13,367,380
04129300,INTERNATIONAL B NATURALE BEAUTY SCHOOL  ,FL,33311-1152,Proprietary  ,2,5,7,2,13,15
04129900,FLORIDA SCHOOL OF MASSAGE               ,FL,32608-5419,Proprietary  ,20,74,94,45,139,184
04131900,FASTTRAIN OF MIAMI                      ,FL,33134-1065,Proprietary  ,66,108,174,89,150,239
04132000,FASTTRAIN OF FORT LAUDERDALE            ,FL,33317-3127,Proprietary  ,14,68,82,21,112,133
04132100,FASTTRAIN OF TAMPA                      ,FL,33607-4153,Proprietary  ,17,95,112,26,135,161
04132200,FASTTRAIN OF JACKSONVILLE               ,FL,32256-4849,Proprietary  ,14,92,106,18,121,139
04133500,ACADEMY FOR FIVE ELEMENT ACUPUNCTURE    ,FL,32601-6811,Private      ,3,62,65,10,96,106
04134800,AVEDA INSTITUTE - TALLAHASSEE           ,FL,32304-3186,Proprietary  ,103,155,258,171,271,442
04134900,ORANGE PARK BEAUTY ACADEMY              ,FL,32073-5524,Proprietary  ,9,21,30,15,41,56
04135000,COZMO THE SCHOOL                        ,FL,34135-4810,Proprietary  ,7,34,41,8,44,52
04135900,ALLIED HEALTH INSTITUTE                 ,FL,33068-0000,Proprietary  ,19,304,323,38,606,644
04140800,NORTH FLORIDA ACADEMY                   ,FL,32065-7758,Proprietary  ,10,17,27,16,37,53
04143000,VOCATIONAL INSTITUTE OF FLORIDA         ,FL,33135-1939,Proprietary  ,5,35,40,5,35,40
04143100,PROFESSIONAL HANDS INSTITUTE            ,FL,33135-1939,Proprietary  ,21,144,165,29,204,233
04145900,CELEBRITY SCHOOL OF BEAUTY              ,FL,33144-4153,Proprietary  ,16,29,45,38,71,109
04146200,WALTON CAREER DEVELOPMENT CENTER        ,FL,32433-1557,Public       ,13,72,85,20,115,135
04146300,MARCHMAN TECHNICAL EDUCATION CENTER     ,FL,34653-1211,Public       ,38,75,113,71,159,230
04147800,ROSE TRAINING INSTITUTE                 ,FL,33881-4094,Proprietary  ,5,44,49,10,91,101
04148500,MEDICAL INSTITUTE OF PALM BEACH         ,FL,33460-5042,Proprietary  ,16,62,78,34,101,135
04150800,IMMOKALEE TECHNICAL CENTER              ,FL,34142-3146,Public       ,34,65,99,58,107,165
04151500,AMERICAN ACADEMY OF COSMETOLOGY         ,FL,32065-8026,Proprietary  ,8,45,53,23,72,95
04156300,UNIVERSITY OF FORT LAUDERDALE           ,FL,33313-5809,Private      ,2,46,48,13,77,90
04156400,AVIATION INSTITUTE OF MAINTENANCE       ,FL,32803-6487,Proprietary  ,65,117,182,131,298,429
04157100,AEROSIM FLIGHT ACADEMY                  ,FL,32773-9683,Proprietary  ,27,77,104,42,140,182
04158300,FLAGLER TECHNICAL INSTITUTE             ,FL,32137-4714,Public       ,19,99,118,34,176,210
04162000,JOSE MARIA VARGAS UNIVERSITY            ,FL,33025-4534,Proprietary  ,1,12,13,1,12,13
04162500,HOLLYWOOD INSTITUTE OF BEAUTY CAREERS   ,FL,33020-4807,Proprietary  ,15,50,65,22,68,90
04163000,SALON PROFESSIONAL ACADEMY (THE)        ,FL,33624-6321,Proprietary  ,24,51,75,40,98,138
04163100,SALON PROFESSIONAL ACADEMY (THE)        ,FL,32607-1672,Proprietary  ,20,46,66,33,86,119
04163200,SALON PROFESSIONAL ACADEMY (THE)        ,FL,32162-9311,Proprietary  ,37,98,135,48,140,188
04164500,EUREKA INSTITUTE OF HEALTH AND BEAUTY   ,FL,33174-4205,Proprietary  ,1,8,9,4,20,24
04164600,D. A. DORSEY EDUCATIONAL CENTER         ,FL,33147-6304,Public       ,4,18,22,4,18,22
04167300,SALON PROFESSIONAL ACADEMY (THE)        ,FL,33904-4824,Proprietary  ,16,42,58,29,72,101
04170300,BEAUTY ACADEMY OF SOUTH FLORIDA         ,FL,33012-3221,Proprietary  ,10,25,35,14,37,51
04173600,NOTTER SCHOOL OF PASTRY ARTS            ,FL,32809-7755,Proprietary  ,23,65,88,47,125,172
04176800,PROGRESSIVE TRAINING CENTERS            ,FL,33060-9238,Proprietary  ,1,28,29,1,28,29
04176900,AMERICAN HEALTH INSTITUTE               ,FL,34654-3743,Proprietary  ,9,48,57,23,95,118
04182500,MILLENNIA ATLANTIC UNIVERSITY           ,FL,33178-2369,Proprietary  ,2,14,16,2,14,16
04188300,FLORIDA ACADEMY                         ,FL,33966-1155,Proprietary  ,1,20,21,1,20,21
00160500,CHAMINADE UNIV OF HONOLULU              ,HI,96816-1578,Private      ,433,606,1039,1793,1565,3358
00160600,BRIGHAM YOUNG UNIV-HAWAII CAMPUS        ,HI,96762-1294,Private      ,330,307,637,1370,780,2150
00161000,UNIVERSITY OF HAWAII AT MANOA           ,HI,96822-2399,Public       ,1887,2241,4128,12014,8628,20642
00161100,UNIVERSITY OF HAWAII AT HILO            ,HI,96720-4091,Public       ,601,706,1307,3269,2560,5829
00161200,HONOLULU COMMUNITY COLLEGE              ,HI,96817-4598,Public       ,671,909,1580,1730,2005,3735
00161300,KAPIOLANI COMMUNITY COLLEGE             ,HI,96816-4421,Public       ,938,1251,2189,2787,3105,5892
00161400,KAUAI COMMUNITY COLLEGE                 ,HI,96766-9591,Public       ,179,294,473,409,590,999
00161500,UNIVERSITY OF HAWAII MAUI COLLEGE       ,HI,96732-1644,Public       ,538,1152,1690,1452,2632,4084
00454900,LEEWARD COMMUNITY COLLEGE               ,HI,96782-3393,Public       ,846,1161,2007,2071,2471,4542
00525800,HAWAII COMMUNITY COLLEGE                ,HI,96720-4075,Public       ,528,960,1488,1526,2414,3940
00723401,HEALD COLLEGE - HONOLULU                ,HI,96814-0000,Proprietary  ,287,719,1006,647,1575,2222
00727900,HAWAII PACIFIC UNIVERSITY               ,HI,96813-2882,Private      ,501,1050,1551,4442,3203,7645
01122000,WINDWARD COMMUNITY COLLEGE              ,HI,96744-0000,Public       ,279,485,764,774,1269,2043
02100300,MED-ASSIST SCHOOL OF HAWAII             ,HI,96813-0000,Proprietary  ,23,73,96,40,148,188
02107800,UNIVERSITY OF HAWAII - WEST OAHU        ,HI,96782-0000,Public       ,221,514,735,951,1366,2317
02139500,HAWAII INSTITUTE OF HAIR DESIGN         ,HI,96817-5195,Proprietary  ,32,62,94,46,93,139
03017800,TRAVEL INSTITUTE OF THE PACIFIC         ,HI,96814-1946,Proprietary  ,10,52,62,27,75,102
03072500,WORLD MEDICINE INSTITUTE                ,HI,96826-0000,Private      ,6,20,26,16,58,74
03649300,HAWAII TECHNOLOGY INSTITUTE             ,HI,96813-3036,Private      ,14,42,56,35,89,124
03735300,INST OF CLINICAL ACUPUNCTURE & ORIENT MD,HI,96813-2307,Proprietary  ,0,18,18,3,41,44
03999400,TRADITIONAL CHINESE MEDICAL COLLEGE OF H,HI,96743-8324,Private      ,0,17,17,2,33,35
04154100,PACIFIC RIM CHRISTIAN COLLEGE           ,HI,96819-2228,Private      ,24,43,67,52,70,122
04165200,MAUNA LOA HELICOPTERS                   ,HI,96740-2650,Proprietary  ,6,15,21,6,15,21
04169600,HEISEI INTERNATIONAL INSTITUTE OF MASSAG,HI,96814-2254,Proprietary  ,0,3,3,2,9,11
04175100,PAUL MITCHELL THE SCHOOL HONOLULU       ,HI,96816-2433,Proprietary  ,44,74,118,85,136,221
04182200,HAWAII MEDICAL INSTITUTE                ,HI,96814-3518,Proprietary  ,25,101,126,71,196,267
00161600,BOISE STATE UNIVERSITY                  ,ID,83725-1000,Public       ,1472,2752,4224,12807,11483,24290
00161700,"COLLEGE OF IDAHO, THE                   ",ID,83605-4432,Private      ,182,132,314,1465,387,1852
00161900,COLLEGE OF SOUTHERN IDAHO               ,ID,83301-0000,Public       ,784,1416,2200,2912,3620,6532
00161908,COLLEGE OF WESTERN IDAHO                ,ID,83687-1515,Public       ,967,2565,3532,3149,5928,9077
00162000,IDAHO STATE UNIVERSITY                  ,ID,83209-5377,Public       ,1300,3222,4522,5002,7597,12599
00162100,LEWIS-CLARK STATE COLLEGE               ,ID,83501-2698,Public       ,242,551,793,2276,2285,4561
00162300,NORTH IDAHO COLLEGE                     ,ID,83814-2199,Public       ,673,1405,2078,2755,4097,6852
00162400,NORTHWEST NAZARENE UNIVERSITY           ,ID,83686-5897,Private      ,156,438,594,1395,1097,2492
00162500,BRIGHAM YOUNG UNIVERSITY-IDAHO          ,ID,83460-1650,Private      ,3325,3228,6553,8741,6157,14898
00162600,UNIVERSITY OF IDAHO                     ,ID,83844-4291,Public       ,753,1000,1753,10019,4436,14455
00732915,ITT TECHNICAL INSTITUTE                 ,ID,83713-1529,Proprietary  ,229,914,1143,378,1423,1801
00987300,MR JUAN'S CLG OF HAIR DESIGN            ,ID,83301-4154,Proprietary  ,10,16,26,12,36,48
01113300,EASTERN IDAHO TECHNICAL COLLEGE         ,ID,83404-5788,Public       ,127,433,560,343,1029,1372
02218000,CARRINGTON COLLEGE                      ,ID,83704-0000,Proprietary  ,60,438,498,175,902,1077
02234500,BOISE BIBLE COLLEGE                     ,ID,83714-1220,Private      ,61,45,106,192,95,287
02275800,MR LEONS SCHOOL OF HAIR DESIGN          ,ID,83843-8384,Proprietary  ,4,13,17,14,31,45
02275801,MR. LEON'S SCHOOL OF HAIR DESIGN        ,ID,83501-1910,Proprietary  ,2,2,4,8,7,15
02314000,SCHOOL OF HAIRSTYLING (THE)             ,ID,83202-0000,Proprietary  ,12,26,38,26,72,98
02319800,HEADMASTERS SCHOOL OF HAIR DESIGN       ,ID,83814-0000,Proprietary  ,34,72,106,74,136,210
02349200,HEADMASTERS SCHOOL OF HAIR DESIGN       ,ID,83501-0000,Proprietary  ,6,23,29,18,36,54
02559500,RAZZLE DAZZLE CLG OF HAIR DESIGN        ,ID,83686-5104,Proprietary  ,22,74,96,59,131,190
02607100,PAUL MITCHELL THE SCHOOL BOISE          ,ID,83709-1662,Proprietary  ,47,92,139,105,176,281
03098700,ACADEMY OF COURT REPORTING              ,ID,83704-8320,Proprietary  ,49,259,308,94,439,533
03832400,COSMETOLOGY SCHOOL OF ARTS & SCIENCES   ,ID,83318-1327,Proprietary  ,4,28,32,12,48,60
04051323,ART INSTITUTE OF PHOENIX (THE) - BROWN M,ID,83709-2746,Proprietary  ,8,56,64,40,172,212
04134300,EVANS HAIRSTYLING COLLEGE               ,ID,83440-5277,Proprietary  ,18,11,29,45,28,73
04144500,HAIR ACDMY PAUL MITCHELL PARTNER SCHOOL ,ID,83440-2600,Proprietary  ,29,65,94,70,111,181
04150600,D & L ACADEMY OF HAIR DESIGN            ,ID,83301-6229,Proprietary  ,9,17,26,16,37,53
04155200,OLIVER FINLEY ACADEMY OF COSMETOLOGY    ,ID,83704-8011,Proprietary  ,25,70,95,68,115,183
04163800,MASTER EDUCATORS BEAUTY SCHOOL          ,ID,83301-4118,Proprietary  ,14,24,38,21,37,58
04168600,COLLEGE OF MASSAGE THERAPY              ,ID,83221-1758,Proprietary  ,6,11,17,17,30,47
04176700,D'SHAW INSTITUTE OF COSMETOLOGY         ,ID,83704-4406,Proprietary  ,17,24,41,41,53,94
00163200,AQUINAS INSTITUTE OF THEOLOGY           ,MO,63108-3323,Private      ,0,30,30,3,81,84
00244900,AVILA COLLEGE                           ,MO,64145-1698,Private      ,277,505,782,1142,1270,2412
00245000,CALVARY BIBLE COLLEGE                   ,MO,64147-1341,Private      ,42,93,135,131,167,298
00245200,CENTRAL BIBLE COLLEGE                   ,MO,65803-1096,Private      ,213,159,372,470,293,763
00245300,CENTRAL METHODIST UNIVERSITY            ,MO,65248-1198,Private      ,282,465,747,1573,1211,2784
00245400,UNIVERSITY OF CENTRAL MISSOURI          ,MO,64093-5178,Public       ,1756,1516,3272,7959,4065,12024
00245600,COLUMBIA COLLEGE                        ,MO,65216-4581,Private      ,689,4497,5186,2519,15049,17568
00245700,CONCORDIA SEMINARY                      ,MO,63105-3199,Private      ,0,45,45,3,428,431
00245800,COTTEY COLLEGE                          ,MO,64772-2790,Private      ,44,13,57,358,53,411
00245900,CROWDER COLLEGE                         ,MO,64850-9165,Public       ,745,1106,1851,1940,2424,4364
00246000,CULVER STOCKTON COLLEGE                 ,MO,63435-1299,Private      ,188,66,254,1022,180,1202
00246100,DRURY UNIVERSITY                        ,MO,65802-3791,Private      ,543,1299,1842,2376,3229,5605
00246200,EDEN THEOLOGICAL SEMINARY               ,MO,63119-0000,Private      ,2,39,41,3,82,85
00246300,EVANGEL UNIVERSITY                      ,MO,65802-2125,Private      ,424,266,690,1946,701,2647
00246400,FONTBONNE UNIVERSITY                    ,MO,63105-3098,Private      ,263,824,1087,1134,2094,3228
00246600,HARRIS-STOWE STATE COLLEGE              ,MO,63103-2199,Public       ,368,605,973,1163,1479,2642
00246700,CONCEPTION SEMINARY COLLEGE             ,MO,64433-0502,Private      ,19,2,21,48,8,56
00246800,JEFFERSON COLLEGE                       ,MO,63050-2441,Public       ,1030,1302,2332,2383,2524,4907
00247100,ST LOUIS COMMUNITY COLLEGE              ,MO,63102-0000,Public       ,3664,6466,10130,8449,12671,21120
00247300,KANSAS CITY ART INSTITUTE               ,MO,64111-1874,Private      ,235,99,334,1303,349,1652
00247400,KANSAS CITY UNIV OF MED AND BIOSCIENCES ,MO,64106-0000,Private      ,7,598,605,47,1127,1174
00247600,KENRICK-GLENNON SEMINARY                ,MO,63119-4330,Private      ,3,2,5,11,8,19
00247700,A.T. STILL UNIV OF HEALTH SCIENCES      ,MO,63501-0000,Private      ,4,1077,1081,13,2470,2483
00247900,LINCOLN UNIVERSITY                      ,MO,65101-3500,Public       ,573,608,1181,2306,1540,3846
00248000,LINDENWOOD UNIVERSITY                   ,MO,63301-1695,Private      ,1350,2260,3610,5563,6031,11594
00248200,MARYVILLE UNIVERSITY                    ,MO,63141-7299,Private      ,308,806,1114,2133,2164,4297
00248400,METROPOLITAN COMMUNITY COLLEGE          ,MO,64111-2408,Public       ,3621,6182,9803,8412,12867,21279
00248500,MIDWESTERN BAPTIST THEOL SEMINARY       ,MO,64118-4697,Private      ,30,131,161,80,227,307
00248600,MINERAL AREA COLLEGE                    ,MO,63601-1000,Public       ,666,934,1600,1704,2038,3742
00248800,MISSOURI SOUTHERN STATE UNIVERSITY      ,MO,64801-1595,Public       ,930,1121,2051,3642,3242,6884
00248900,MISSOURI VALLEY COLLEGE                 ,MO,65340-3197,Private      ,326,136,462,1563,394,1957
00249000,MISSOURI WESTERN STATE UNIVERSITY       ,MO,64507-2294,Public       ,714,656,1370,4207,2364,6571
00249100,MOBERLY AREA COMMUNITY COLLEGE          ,MO,65270-1304,Public       ,901,1185,2086,2478,2886,5364
00249400,NAZARENE THEOLOGICAL SEMINARY           ,MO,64131-1246,Private      ,5,42,47,7,124,131
00249500,TRUMAN STATE UNIVERSITY                 ,MO,63501-4221,Public       ,770,138,908,5640,546,6186
00249600,NORTHWEST MISSOURI STATE UNIV           ,MO,64468-6001,Public       ,1270,447,1717,6485,1245,7730
00249800,PARK UNIVERSITY                         ,MO,64152-3795,Private      ,464,2608,3072,1285,5898,7183
00249900,ROCKHURST UNIVERSITY                    ,MO,64110-2561,Private      ,269,390,659,1785,1077,2862
00250000,COLLEGE OF THE OZARKS                   ,MO,65726-2502,Private      ,223,77,300,2992,405,3397
00250100,SOUTHEAST MISSOURI STATE UNIV           ,MO,63701-4799,Public       ,1337,1103,2440,8030,3613,11643
00250200,SOUTHWEST BAPTIST UNIVERSITY            ,MO,65613-2597,Private      ,291,498,789,1933,1285,3218
00250300,MISSOURI STATE UNIVERSITY               ,MO,65897-0094,Public       ,2709,2301,5010,13750,6629,20379
00250400,ST LOUIS COLLEGE OF PHARMACY            ,MO,63110-1088,Private      ,90,186,276,764,569,1333
00250600,SAINT LOUIS UNIVERSITY                  ,MO,63103-2097,Private      ,723,1856,2579,9138,6998,16136
00250900,SAINT PAUL SCHOOL OF THEOLOGY           ,MO,64127-2499,Private      ,0,38,38,2,111,113
00251200,STEPHENS COLLEGE                        ,MO,65215-0001,Private      ,80,197,277,942,554,1496
00251400,NORTH CENTRAL MISSOURI COLLEGE          ,MO,64683-1824,Public       ,206,359,565,806,864,1670
00251600,UNIVERSITY OF MISSOURI-COLUMBIA         ,MO,65211-1600,Public       ,2845,1837,4682,24225,8129,32354
00251700,MISSOURI UNIVERSITY OF SCIENCE & TECHNOL,MO,65409-0250,Public       ,615,305,920,5160,1170,6330
00251800,UNIVERSITY OF MISSOURI-KANSAS CITY      ,MO,64110-2497,Public       ,1480,2938,4418,6795,8037,14832
00251900,UNIVERSITY OF MISSOURI-ST LOUIS         ,MO,63121-4499,Public       ,1423,3230,4653,5137,7768,12905
00252000,WASHINGTON UNIVERSITY                   ,MO,63130-4899,Private      ,594,1244,1838,13949,5395,19344
00252001,WASHINGTON UNIV-SCHOOL OF MEDICINE      ,MO,63110-0000,Private      ,9,395,404,63,1205,1268
00252100,WEBSTER UNIVERSITY                      ,MO,63119-3194,Private      ,469,4513,4982,3029,10419,13448
00252200,WENTWORTH MILITARY ACADEMY              ,MO,64067-1799,Private      ,74,64,138,202,171,373
00252300,WESTMINSTER COLLEGE                     ,MO,65251-1299,Private      ,112,44,156,1286,135,1421
00252400,WILLIAM JEWELL COLLEGE                  ,MO,64068-1896,Private      ,176,88,264,1467,282,1749
00252500,WILLIAM WOODS UNIVERSITY                ,MO,65251-2388,Private      ,232,422,654,962,935,1897
00405704,NATIONAL AMERICAN UNIVERSITY            ,MO,64057-1791,Proprietary  ,27,200,227,39,477,516
00441300,ST JOHNS HOSP SCH RAD TECH              ,MO,65802-0000,Private      ,20,45,65,55,94,149
00470300,LOGAN COLLEGE OF CHIROPRACTIC           ,MO,63006-1065,Private      ,16,204,220,54,942,996
00470700,COVENANT THEOLOGICAL SEMINARY           ,MO,63141-8697,Private      ,1,211,212,3,470,473
00471100,LINN STATE TECHNICAL COLLEGE            ,MO,65051-9607,Public       ,292,146,438,1233,409,1642
00471300,THREE RIVERS COMMUNITY COLLEGE          ,MO,63901-2393,Public       ,622,1157,1779,1595,2405,4000
00528800,KIRKSVILLE AREA TECHNICAL CENTER        ,MO,63501-0000,Public       ,18,26,44,44,67,111
00528900,WAYNESVILLE CAREER CENTER               ,MO,65583-2131,Public       ,12,33,45,40,85,125
00542400,SOUTH CENTRAL CAREER CENTER             ,MO,65775-3334,Public       ,20,49,69,43,87,130
00542600,SIKESTON CAREER AND TECHNOLOGY CTR      ,MO,63801-0000,Public       ,17,47,64,43,113,156
00542900,ROLLA TECHNICAL INSTITUTE               ,MO,65401-3601,Public       ,54,125,179,229,286,515
00543000,POPLAR BLUFF TECHNICAL CAREER CNTR      ,MO,63901-0000,Public       ,14,40,54,40,131,171
00543800,SALINE COUNTY CAREER CENTER             ,MO,65340-0000,Public       ,6,13,19,13,53,66
00544500,TRUMAN MEDICAL CENTER SCHOOL OF NURSE AN,MO,64108-2677,Private      ,9,56,65,39,129,168
00553100,GRAND RIVER TECHNICAL SCHOOL            ,MO,64601-1299,Public       ,25,25,50,81,58,139
00553200,CAPE GIRARDEAU CAREER & TECHNOLOGY CENTE,MO,63703-7511,Public       ,39,160,199,146,393,539
00638900,BARNES JEWISH COLLEGE OF NURSING AND ALL,MO,63110-1091,Private      ,113,342,455,365,906,1271
00639200,RESEARCH COLLEGE OF NURSING             ,MO,64132-1199,Proprietary  ,26,135,161,98,315,413
00639201,RESEARCH MEDICAL CENTER - COLLEGE OF NUR,MO,64132-1199,Proprietary  ,2,12,14,8,33,41
00639202,RESEARCH MED CTR SCHL OF RAD TECH       ,MO,64132-0000,Proprietary  ,1,17,18,13,38,51
00666600,LUTHERAN  SCHOOL OF NURSING             ,MO,63118-3909,Proprietary  ,34,137,171,90,360,450
00732923,ITT TECHNICAL INSTITUTE                 ,MO,63045-1122,Proprietary  ,378,1351,1729,592,1976,2568
00754000,MISSOURI BAPTIST UNIVERSITY             ,MO,63141-8698,Private      ,384,777,1161,1424,1805,3229
00808000,STATE FAIR COMMUNITY COLLEGE            ,MO,65301-0000,Public       ,742,1170,1912,1959,2452,4411
00826900,HILLYARD TECHNICAL CENTER               ,MO,64506-0000,Public       ,34,78,112,97,196,293
00855200,STEVENS INSTITUTE OF BUSINESS & ARTS    ,MO,63103-0000,Proprietary  ,29,69,98,54,146,200
00860600,TRI-COUNTY TECHNICAL SCHOOL             ,MO,65026-0000,Public       ,6,35,41,14,62,76
00886200,EAST CENTRAL COLLEGE                    ,MO,63084-0529,Public       ,576,755,1331,1831,1922,3753
00908900,HANNIBAL-LAGRANGE COLLEGE               ,MO,63401-1999,Private      ,185,158,343,769,434,1203
00952000,NATIONAL ACADEMY OF BEAUTY ARTS         ,MO,63128-1307,Proprietary  ,41,83,124,74,175,249
00959000,INDEPENDENCE COLLEGE OF COSMETOLOGY     ,MO,64055-1105,Proprietary  ,7,28,35,21,71,92
00960700,HOUSE OF HEAVILIN BEAUTY COLLEGE        ,MO,64110-2826,Proprietary  ,10,53,63,27,105,132
00978200,SAINT LUKE'S COLLEGE OF HEALTH SCIENCES ,MO,64114-3237,Private      ,0,0,0,64,101,165
00979500,MISSOURI COLLEGE                        ,MO,63144-2901,Proprietary  ,130,517,647,214,764,978
01014814,COLORADO TECHNL UNIV NORTH KANSAS CITY  ,MO,64116-3614,Proprietary  ,61,355,416,163,1058,1221
01027900,HICKEY COLLEGE                          ,MO,63146-0000,Proprietary  ,146,127,273,310,227,537
01040500,PINNACLE CAREER INSTITUTE               ,MO,64131-3367,Proprietary  ,92,737,829,190,1740,1930
01040501,PINNACLE CAREER INSTITUTE - NORTH KANSAS,MO,64153-1151,Proprietary  ,35,119,154,54,258,312
01050303,WICHITA TECHNICAL INSTITUTE - WTI JOPLIN,MO,64801-2970,Proprietary  ,11,94,105,19,168,187
01102600,WARRENSBURG AREA VOC TECH SCH           ,MO,64093-0000,Public       ,9,19,28,31,67,98
01173500,PIKE/LINCOLN TECHNICAL CENTER           ,MO,63344-0000,Public       ,10,30,40,61,82,143
01212000,ASSEMBLIES OF GOD THEO. SEMINARY        ,MO,65802-0000,Private      ,2,104,106,5,192,197
01250000,RANKEN TECHNICAL COLLEGE                ,MO,63113-2811,Private      ,552,694,1246,1248,1278,2526
01258000,ST LOUIS CHRISTIAN COLLEGE              ,MO,63033-6499,Private      ,56,79,135,116,162,278
01320800,BAPTIST BIBLE COLLEGE                   ,MO,65803-3498,Private      ,95,86,181,240,161,401
02056100,FOUR RIVERS CAREER CENTER               ,MO,63090-0000,Public       ,6,29,35,22,51,73
02066900,NICHOLS CAREER CENTER                   ,MO,65101-2814,Public       ,19,56,75,71,142,213
02068200,COX HEALTH - COX COLLEGE                ,MO,65802-0000,Private      ,97,361,458,278,786,1064
02068202,COX HEALTH - RADIOLOGIC TECHNOLOGY      ,MO,65802-0000,Private      ,11,43,54,42,89,131
02068204,COX HEALTH - MEDICAL TECHNOLOGY         ,MO,65807-0000,Private      ,11,38,49,32,81,113
02073600,KENNETT CAREER & TECHNOLOGY CENTER      ,MO,63857-0000,Public       ,4,24,28,8,61,69
02090400,BOONSLICK TECHNICAL EDUCATION CTR       ,MO,65233-0000,Public       ,7,12,19,15,53,68
02121100,MIDWEST INSTITUTE                       ,MO,63122-0000,Proprietary  ,31,116,147,46,166,212
02124500,FRANKLIN TECHNOLOGY CENTER              ,MO,64801-0000,Public       ,47,152,199,93,337,430
02142200,LEX LA RAY TECHNICAL CENTER             ,MO,64067-0000,Public       ,2,22,24,15,93,108
02151000,HANNIBAL CAREER AND TECHNICAL CENTE     ,MO,63401-2285,Public       ,8,31,39,24,106,130
02154900,MISSOURI SCH OF BARB & HAIR             ,MO,63031-0000,Proprietary  ,4,26,30,12,54,66
02164200,FOREST INST PROFESSIONAL PSYCHOLOGY     ,MO,65807-0000,Private      ,5,142,147,13,328,341
02165900,CHILLICOTHE BEAUTY ACADEMY              ,MO,64601-0000,Proprietary  ,3,6,9,5,13,18
02180200,METRO BUSINESS COLLEGE                  ,MO,63701-0000,Proprietary  ,42,402,444,85,622,707
02188000,NORTHWEST TECHNICAL SCHOOL              ,MO,64468-0000,Public       ,12,14,26,33,29,62
02188100,NORTHLAND CAREER CENTER                 ,MO,64079-8333,Public       ,11,28,39,19,80,99
02202700,OZARK CHRISTIAN COLLEGE                 ,MO,64801-0000,Private      ,153,60,213,504,137,641
02203400,NEVADA REGIONAL TECHNICAL CENTER        ,MO,64772-0000,Public       ,8,36,44,23,74,97
02205200,SANFORD-BROWN COLLEGE                   ,MO,63026-7305,Proprietary  ,140,727,867,218,1162,1380
02205203,SANFORD BROWN COLLEGE-ST. PETERS        ,MO,63376-5950,Proprietary  ,67,366,433,121,660,781
02214500,SALEM COLLEGE OF HAIRSTYLING            ,MO,65401-0000,Proprietary  ,2,12,14,6,22,28
02239200,ANTHEM COLLEGE                          ,MO,63043-0000,Proprietary  ,124,345,469,225,648,873
02239202,ANTHEM COLLEGE - METRO SOUTH            ,MO,63026-0000,Proprietary  ,7,30,37,22,70,92
02250600,EVEREST COLLEGE                         ,MO,65807-2446,Proprietary  ,52,263,315,104,468,572
02263106,ANTHEM COLLEGE - ANTHEM COLLEGE - KANSAS,MO,64114-3232,Proprietary  ,18,37,55,31,95,126
02263400,LAKE CAREER AND TECHNICAL CENTER        ,MO,65020-0000,Public       ,1,5,6,9,25,34
02266400,CENTRAL CHRISTIAN CLG OF THE BIBLE      ,MO,65270-0000,Private      ,79,56,135,175,108,283
02277500,HOUSE OF HEAVILIN OF BLUE SPRINGS       ,MO,64014-3953,Proprietary  ,14,51,65,33,85,118
02289200,COLUMBIA AREA CAREER CENTER             ,MO,65203-0000,Public       ,31,104,135,82,262,344
02295700,MISSOURI BEAUTY ACADEMY                 ,MO,63640-1827,Proprietary  ,16,45,61,41,83,124
02300105,EVEREST COLLEGE - EARTH CITY            ,MO,63045-1100,Proprietary  ,45,245,290,109,482,591
02304000,MISSOURI TECH                           ,MO,63303-3887,Proprietary  ,21,57,78,51,97,148
02309100,AMERICAN COLLEGE OF HAIR DESIGN         ,MO,65301-2144,Proprietary  ,10,26,36,26,46,72
02313000,CASS CAREER CENTER                      ,MO,64701-0000,Public       ,3,20,23,15,51,66
02340500,ST LOUIS COLLEGE OF HEALTH CAREERS      ,MO,63110-0000,Proprietary  ,84,377,461,140,649,789
02342100,CAREER & TECHNOLOGY CTR AT FT OSAGE     ,MO,64058-0000,Public       ,9,16,25,15,36,51
02361600,CONCORDE CAREER COLLEGE                 ,MO,64111-0000,Proprietary  ,102,423,525,176,831,1007
02497500,CLINTON TECHNICAL SCHOOL                ,MO,64735-2966,Public       ,6,22,28,19,49,68
02520800,MERRELL UNIV OF BTY ARTS & SCIENCES     ,MO,65109-0000,Proprietary  ,14,60,74,54,107,161
02530600,SAINT CHARLES COMMUNITY COLLEGE         ,MO,63376-0975,Public       ,1606,1310,2916,3404,2643,6047
02543800,PARIS II EDUCATIONAL CENTER (THE)       ,MO,64118-0000,Proprietary  ,18,54,72,30,120,150
02555300,PATSY AND ROB'S ACADEMY OF BEAUTY       ,MO,63074-0000,Proprietary  ,4,13,17,9,36,45
02564700,ELAINE STEVEN BEAUTY COLLEGE            ,MO,63136-0000,Proprietary  ,13,38,51,28,74,102
02564701,ELAINE STEVEN BEAUTY COLLEGE - ADVANCE B,MO,63383-2006,Proprietary  ,2,1,3,6,5,11
02564702,ELAINE STEVEN BEAUTY COLLEGE - ADVANCE B,MO,63401-2269,Proprietary  ,0,4,4,1,7,8
02568500,GRABBER SCHOOL OF HAIR DESIGN           ,MO,63011-0000,Proprietary  ,15,44,59,28,89,117
02599700,VATTEROTT COLLEGE                       ,MO,63134-2900,Proprietary  ,150,699,849,240,1344,1584
02599701,VATTEROTT COLLEGE - KANSAS CITY         ,MO,64129-1692,Proprietary  ,51,439,490,98,904,1002
02599702,VATTEROTT COLLEGE - SPRINGFIELD LOCATION,MO,65807-5340,Proprietary  ,45,286,331,84,533,617
02599703,VATTEROTT COLLEGE - JOPLIN              ,MO,64801-5033,Proprietary  ,24,178,202,76,492,568
02599705,VATTEROTT COLLEGE - SUNSET HILLS        ,MO,63127-1516,Proprietary  ,37,320,357,73,679,752
02599712,VATTEROTT COLLEGE - O'FALLON            ,MO,63366-2748,Proprietary  ,48,162,210,76,363,439
02608000,NEOSHO BEAUTY COLLEGE                   ,MO,64850-1525,Proprietary  ,4,12,16,11,26,37
02609202,VATTEROTT COLLEGE-ST JOSEPH             ,MO,64501-2911,Proprietary  ,39,113,152,71,325,396
02609203,VATTEROTT COLLEGE - L'ECOLE CULINAIRE   ,MO,63124-1103,Proprietary  ,77,211,288,154,498,652
02611004,HERITAGE COLLEGE-KANSAS CITY            ,MO,64131-4203,Proprietary  ,86,319,405,156,658,814
03042400,LEBANON TECHNOLOGY & CAREER CENTER      ,MO,65536-3296,Public       ,13,44,57,27,96,123
03066300,BRYAN CAREER COLLEGE                    ,MO,65806-2507,Proprietary  ,28,240,268,55,474,529
03066303,BRYAN COLLEGE - COLUMBIA                ,MO,65201-8248,Proprietary  ,15,95,110,20,118,138
03068600,SPECIAL SCHOOL DISTRICT OF ST. LOUIS CO.,MO,63127-0000,Public       ,26,188,214,45,357,402
03070200,CENTRAL COLLEGE OF COSMETOLOGY          ,MO,65583-0000,Proprietary  ,4,13,17,11,31,42
03070900,SE MO HOSP CLG NURSING & HEALTH SCI     ,MO,63703-4507,Private      ,31,97,128,121,268,389
03077200,COSMETOLOGY CONCEPTS INSTITUTE          ,MO,65202-1972,Proprietary  ,7,20,27,30,62,92
03083000,OZARKS TECHNICAL COMMUNITY COLLEGE      ,MO,65802-3601,Public       ,2809,4438,7247,6125,8890,15015
03092600,MESSENGER COLLEGE                       ,MO,64804-4909,Private      ,9,21,30,19,50,69
03097600,ST LOUIS HAIR ACADEMY                   ,MO,63107-1737,Proprietary  ,3,24,27,7,45,52
03101000,NEW DIMENSION SCHOOL OF HAIR DESIGN     ,MO,64801-5017,Proprietary  ,11,24,35,18,45,63
03106000,MISSOURI STATE UNIVERSITY - WEST PLAINS ,MO,65775-2715,Public       ,273,418,691,919,962,1881
03110900,HOUSE OF HEAVILIN BEAUTY COLLEGE        ,MO,64083-9195,Proprietary  ,11,31,42,22,47,69
03166300,MOBERLY AREA TECHNICAL CENTER           ,MO,65270-1904,Public       ,19,20,39,42,40,82
03174300,HERNDON CAREER CENTER                   ,MO,64138-2695,Public       ,7,11,18,13,24,37
03519300,MISSOURI COLLEGE OF COSMETOLOGY NORTH   ,MO,65803-1235,Proprietary  ,27,71,98,61,154,215
03579300,TEXAS COUNTY TECHNICAL INSTITUTE        ,MO,65483-2700,Private      ,10,69,79,27,174,201
03616300,AVIATION INSTITUTE OF MAINTENANCE       ,MO,64129-1811,Proprietary  ,29,89,118,53,265,318
03663400,UNIVERSITY OF COSMETOLOGY               ,MO,63080-1910,Proprietary  ,0,0,0,1,3,4
03878300,PROFESSIONAL MASSAGE TRAINING CENTER    ,MO,65803-2939,Proprietary  ,23,54,77,37,82,119
03916300,ECLIPS SCHOOL OF COSMETOLOGY AND BARBERI,MO,63703-5809,Proprietary  ,10,59,69,22,106,128
03924300,HAIR ACADEMY 110 (THE)                  ,MO,63501-2915,Proprietary  ,3,8,11,9,20,29
03970400,WELLSPRING SCHOOL OF ALLIED HEALTH      ,MO,64114-3313,Proprietary  ,15,51,66,26,74,100
04037500,ACADEMY OF HAIR DESIGN                  ,MO,65804-2303,Proprietary  ,23,66,89,54,128,182
04051329,ART INSTITUTE OF PHOENIX (THE) - BROWN M,MO,63026-2564,Proprietary  ,11,16,27,30,45,75
04118700,AMERICAN COLLEGE OF TECHNOLOGY          ,MO,64506-2006,Proprietary  ,9,52,61,16,119,135
04119100,CITY VISION COLLEGE                     ,MO,64141-3188,Private      ,1,27,28,2,76,78
04122300,GRANTHAM UNIVERSITY                     ,MO,64153-2262,Proprietary  ,9,255,264,25,473,498
04127000,PEMISCOT COUNTY SPECIAL SCHOOL DISTRICT ,MO,63851-1666,Public       ,5,18,23,9,35,44
04130300,VICTORY TRADE SCHOOL                    ,MO,65803-2754,Private      ,1,41,42,6,65,71
04130600,"CENTER FOR HEALING ARTS (THE), LLC      ",MO,63143-2103,Proprietary  ,9,47,56,20,105,125
04133300,TREND SETTERS SCHOOL OF COSMETOLOGY     ,MO,63702-7607,Proprietary  ,10,37,47,24,72,96
04145200,TRANSFORMED BARBER AND COSMETOLOGY ACADE,MO,64137-1207,Proprietary  ,14,77,91,35,158,193
04145700,THE SYSTEM A PAUL MITCHELL PARTNER SCHL ,MO,65807-5969,Proprietary  ,46,72,118,86,142,228
04146100,URSHAN GRADUATE SCHOOL OF THEOLOGY      ,MO,63031-7526,Private      ,0,25,25,1,39,40
04170600,SALON PROFESSIONAL ACADEMY (THE)        ,MO,63301-1021,Proprietary  ,17,44,61,28,61,89
04170700,PAUL MITCHELL THE SCHOOL ST LOUIS       ,MO,63108-1554,Proprietary  ,79,114,193,137,193,330
04173900,COSMETOLOGY COLLEGE OF FRANKLIN COUNTY  ,MO,63077-3448,Proprietary  ,3,10,13,11,19,30
04174000,SKIN INSTITUTE                          ,MO,63128-1307,Proprietary  ,5,32,37,8,60,68
04174800,AMERICAN TRADE SCHOOL                   ,MO,63074-1807,Proprietary  ,12,69,81,21,102,123
04184400,SEYMOUR BEAUTY ACADEMY                  ,MO,65746-8743,Proprietary  ,1,15,16,2,19,21
00314600,WESTERN OKLAHOMA STATE COLLEGE          ,OK,73521-1397,Public       ,179,363,542,402,678,1080
00314700,BACONE COLLEGE                          ,OK,74403-1597,Private      ,348,301,649,823,766,1589
00314900,SOUTHERN NAZARENE UNIVERSITY            ,OK,73008-2694,Private      ,339,577,916,983,1143,2126
00315000,CAMERON UNIVERSITY                      ,OK,73505-6377,Public       ,685,1455,2140,1755,2988,4743
00315100,OKLAHOMA WESLEYAN UNIVERSITY            ,OK,74006-6299,Private      ,184,322,506,661,769,1430
00315200,UNIV OF CENTRAL OKLAHOMA                ,OK,73034-5209,Public       ,2700,2932,5632,7041,5756,12797
00315300,CONNORS STATE COLLEGE                   ,OK,74469-9700,Public       ,346,599,945,898,1338,2236
00315400,EAST CENTRAL UNIVERSITY                 ,OK,74820-6999,Public       ,725,1005,1730,2170,2204,4374
00315500,EASTERN OKLAHOMA STATE COLLEGE          ,OK,74578-4999,Public       ,228,402,630,630,905,1535
00315600,REDLANDS COMMUNITY COLLEGE              ,OK,73036-5304,Public       ,227,416,643,582,873,1455
00315700,LANGSTON UNIVERSITY                     ,OK,73050-0000,Public       ,591,711,1302,1704,1743,3447
00315800,MURRAY STATE COLLEGE                    ,OK,73460-3137,Public       ,366,645,1011,925,1432,2357
00316000,NORTHEASTERN OKLAHOMA A & M COLLEGE     ,OK,74354-6497,Public       ,532,440,972,1343,911,2254
00316100,NORTHEASTERN STATE UNIVERSITY           ,OK,74464-2399,Public       ,1546,2317,3863,4497,5304,9801
00316200,NORTHERN OKLAHOMA COLLEGE               ,OK,74653-0310,Public       ,603,719,1322,1461,1739,3200
00316300,NORTHWESTERN OKLAHOMA STATE UNIV        ,OK,73717-2799,Public       ,398,344,742,1106,733,1839
00316400,OKLAHOMA BAPTIST UNIVERSITY             ,OK,74801-2590,Private      ,421,124,545,2004,366,2370
00316500,OKLAHOMA CHRISTIAN UNIVERSITY           ,OK,73131-0000,Private      ,604,277,881,1852,613,2465
00316600,OKLAHOMA CITY UNIVERSITY                ,OK,73106-1493,Private      ,498,896,1394,2168,2337,4505
00316700,UNIV OF SCIENCE & ARTS OF OKLAHOMA      ,OK,73018-5322,Public       ,217,146,363,623,365,988
00316800,ROGERS STATE UNIVERSITY                 ,OK,74017-3252,Public       ,652,855,1507,2248,2537,4785
00317000,OKLAHOMA STATE UNIVERSITY               ,OK,74078-1026,Public       ,3874,2685,6559,14340,6447,20787
00317200,OKLAHOMA STATE UNIVERSITY-OKMULGEE      ,OK,74447-3901,Public       ,500,582,1082,1396,1451,2847
00317400,OKLAHOMA PANHANDLE STATE UNIVERSITY     ,OK,73939-0000,Public       ,288,166,454,714,328,1042
00317600,CARL ALBERT STATE COLLEGE               ,OK,74953-5208,Public       ,401,673,1074,1097,1574,2671
00317800,SEMINOLE STATE COLLEGE                  ,OK,74818-1902,Public       ,328,422,750,797,953,1750
00317900,SOUTHEASTERN OKLAHOMA STATE UNIV        ,OK,74701-0609,Public       ,695,838,1533,1894,1795,3689
00318000,SOUTHWESTERN CHRISTIAN UNIVERSITY       ,OK,73008-2335,Private      ,120,147,267,327,305,632
00318100,SOUTHWESTERN OKLAHOMA STATE UNIV        ,OK,73096-3098,Public       ,778,736,1514,2552,1550,4102
00318101,SOUTHWESTERN OK STATE UNIV AT SAYRE     ,OK,73662-0000,Public       ,32,90,122,113,188,301
00318300,ST GREGORY'S UNIVERSITY                 ,OK,74804-2499,Private      ,91,152,243,287,269,556
00318308,SAINT GREGORY'S UNIVERSITY - IPD TULSA  ,OK,74135-2499,Private      ,11,64,75,49,139,188
00318400,UNIVERSITY OF OKLAHOMA                  ,OK,73019-4078,Public       ,3389,3180,6569,15741,8478,24219
00318401,UNIVERSITY OF OKLAHOMA-HLTH SCI CTR     ,OK,73190-0000,Public       ,181,1365,1546,468,3021,3489
00318500,UNIVERSITY OF TULSA                     ,OK,74104-3189,Private      ,533,621,1154,2925,1650,4575
00398500,ORAL ROBERTS UNIVERSITY                 ,OK,74171-0001,Private      ,769,574,1343,2705,1411,4116
00531100,TULSA COUNTY AREA VOC TECH SCHOOL       ,OK,74145-0000,Public       ,133,505,638,289,1030,1319
00531200,RED RIVER TECHNOLOGY CENTER             ,OK,73533-2700,Public       ,9,75,84,16,110,126
00533900,METRO TECHNOLOGY CENTERS SCH DIST22     ,OK,73111-0000,Public       ,88,507,595,149,1002,1151
00533903,METRO TECHNOLOGY CENTERS SCH DIST22     ,OK,73129-0000,Public       ,37,172,209,63,328,391
00694200,MID-AMERICA CHRISTIAN UNIVERSITY        ,OK,73170-4504,Private      ,181,621,802,378,1379,1757
00767800,SPARTAN COLLEGE OF AERONAUTICS AND TECHN,OK,74115-5800,Proprietary  ,424,435,859,854,754,1608
00791100,VIRGILS BEAUTY COLLEGE                  ,OK,74401-6802,Proprietary  ,7,20,27,13,29,42
00834300,AUTRY TECHNOLOGY CENTER                 ,OK,73703-2598,Public       ,36,106,142,75,212,287
00861900,TRI COUNTY TECHNOLOGY CENTER            ,OK,74006-6029,Public       ,34,92,126,59,165,224
00918500,ROSE STATE COLLEGE                      ,OK,73110-2799,Public       ,913,2076,2989,1975,4124,6099
00920400,KIAMICHI AREA VOC TECH SCHOOL           ,OK,74578-0548,Public       ,110,310,420,213,709,922
00920408,KIAMICHI AREA VOC TECH SCHOOL           ,OK,74953-0000,Public       ,19,49,68,43,120,163
00961800,TULSA WELDING SCHOOL                    ,OK,74104-0000,Proprietary  ,471,701,1172,854,1095,1949
00964700,"OKLAHOMA STATE UNIV, OKLA CITY          ",OK,73107-6159,Public       ,762,2112,2874,1808,4432,6240
00970800,EVES COLLEGE OF HAIRSTYLING             ,OK,73501-4359,Proprietary  ,5,39,44,20,61,81
00976300,TULSA COMMUNITY COLLEGE                 ,OK,74135-6198,Public       ,3063,4812,7875,6374,10053,16427
00996300,CADDO KIOWA VOC TECH CENTER             ,OK,73038-0000,Public       ,25,93,118,46,217,263
00996400,CENTRAL OKLAHOMA AREA VOC TECH SCH      ,OK,74030-9613,Public       ,30,103,133,65,213,278
00996500,CANADIAN VALLEY TECHNOLOGY CENTER       ,OK,73036-9117,Public       ,39,99,138,72,244,316
00996800,GORDON COOPER TECHNOLOGY CENTER         ,OK,74804-9913,Public       ,34,114,148,70,303,373
01005300,INDIAN CAPITAL TECHNOLGY CENTER #4      ,OK,74403-9907,Public       ,56,213,269,127,523,650
01026600,HILLSDALE FREE WILL BAPTIST COLLEGE     ,OK,73153-0000,Private      ,64,29,93,143,62,205
01034200,SOUTHERN OKLAHOMA TECHNOLOGY CENTER     ,OK,73401-2100,Public       ,29,102,131,56,236,292
01039100,OKLAHOMA CITY COMMUNITY COLLEGE         ,OK,73159-4444,Public       ,1513,3524,5037,3288,7110,10398
01050304,WTI TULSA CAMPUS                        ,OK,74112-3140,Proprietary  ,12,84,96,19,134,153
01071700,GREAT PLAINS TECHNOLOGY CENTER SCHOOL DI,OK,73505-8399,Public       ,44,226,270,83,454,537
01076200,WESTERN OK AREA VOC TECH SCH DIST12     ,OK,73624-1469,Public       ,16,59,75,32,88,120
01120600,PIONEER TECHNOLOGY CENTER               ,OK,74601-1106,Public       ,7,74,81,17,153,170
01128200,OKLAHOMA STATE UNV CLG OSTEOPTHC MD     ,OK,74107-0000,Public       ,22,251,273,61,534,595
01153700,MID-AMERICA TECHNOLOGY CENTER           ,OK,73095-0210,Public       ,10,38,48,22,88,110
01227200,MOORE-NORMAN TECHNOLOGY CENTER          ,OK,73069-8399,Public       ,70,275,345,140,580,720
02052700,NORTHEAST TECHNOLOGY CENTER             ,OK,74361-0487,Public       ,55,179,234,108,399,507
02060800,MERIDIAN TECHNOLOGY CENTER              ,OK,74074-0000,Public       ,41,114,155,87,279,366
02126500,ENID BEAUTY COLLEGE                     ,OK,73701-0000,Proprietary  ,12,23,35,12,37,49
02184400,SAND SPRINGS BEAUTY COLLEGE             ,OK,74063-0000,Proprietary  ,12,87,99,22,129,151
02197300,HOLLYWOOD COSMETOLOGY CENTER            ,OK,73189-0000,Proprietary  ,1,20,21,12,44,56
02222700,FRANCIS TUTTLE TECHNOLOGY CENTER        ,OK,73142-0000,Public       ,118,462,580,224,1042,1266
02238500,CENTRAL STATE BEAUTY ACADEMY            ,OK,73162-6007,Proprietary  ,21,115,136,36,198,234
02250900,E OK COUNTY AREA VO-TECH                ,OK,73020-0000,Public       ,12,28,40,20,53,73
02256200,"BROKEN ARROW BEAUTY COLLEGE, INC        ",OK,74012-0000,Proprietary  ,20,102,122,42,176,218
02282100,HIGH PLAINS AREA VOC-TECH               ,OK,73801-0000,Public       ,7,35,42,16,63,79
02306800,PLATT COLLEGE                           ,OK,74145-0000,Proprietary  ,140,865,1005,208,1210,1418
02510300,BEAUTY TECHNICAL COLLEGE                ,OK,74465-0000,Proprietary  ,3,9,12,11,21,32
02531200,WOODWARD BEAUTY COLLEGE                 ,OK,73801-0000,Proprietary  ,0,14,14,1,20,21
02554300,AMERICAN BEAUTY INSTITUTE               ,OK,74501-0000,Proprietary  ,1,19,20,7,45,52
02556500,YUKON BEAUTY COLLEGE                    ,OK,73099-4108,Proprietary  ,3,8,11,5,12,17
02560200,PHILLIPS THEOLOGICAL SEMINARY -         ,OK,74116-5612,Private      ,0,35,35,1,65,66
02581100,CLAREMORE BEAUTY COLLEGE                ,OK,74017-7034,Proprietary  ,1,9,10,6,25,31
02581200,CC'S COSMETOLOGY COLLEGE                ,OK,74129-0000,Proprietary  ,22,47,69,48,92,140
02591101,CAREER POINT INSTITUTE                  ,OK,74146-0000,Proprietary  ,14,72,86,37,155,192
02596501,ATI-CAREER TRAINING CENTER - OKLAHOMA CI,OK,73107-2442,Proprietary  ,40,188,228,64,312,376
02596502,ATI- CAREER TRAINING CENTER - OKLAHOMA C,OK,76101-2740,Proprietary  ,9,70,79,27,134,161
02597400,PONTOTOC TECHNOLOGY CENTER SCHOOL       ,OK,74820-8621,Public       ,33,83,116,54,144,198
02599706,VATTEROTT COLLEGE - TULSA               ,OK,74146-2205,Proprietary  ,25,169,194,40,333,373
02600000,NORTHWEST TECHNOLOG CTR SCH DIST 10     ,OK,73717-9600,Public       ,15,22,37,29,37,66
02600500,WES WATKINS TECHNOLOGY CENTER           ,OK,74883-9660,Public       ,9,56,65,25,125,150
02609205,VATTEROTT COLLEGE - OKLAHOMA CITY       ,OK,73127-2103,Proprietary  ,20,173,193,39,505,544
03008700,SOUTHWEST TECHNOLOGY CENTER             ,OK,73521-1527,Public       ,6,37,43,23,68,91
03024700,STILLWATER BEAUTY ACADEMY               ,OK,74075-3467,Proprietary  ,6,21,27,11,26,37
03030700,OKLAHOMA SCHOOL OF PHOTOGRAPHY          ,OK,73160-3320,Proprietary  ,11,39,50,24,69,93
03030800,AMERICAN BROADCASTING SCHOOL            ,OK,73115-3334,Proprietary  ,15,119,134,35,230,265
03051100,CHISHOLM TRAIL TECHNOLOGY CENTER        ,OK,73764-9720,Public       ,4,16,20,5,46,51
03078500,TECH INST OF COSMETOLOGY ARTS & SCI     ,OK,74120-3610,Proprietary  ,17,38,55,30,63,93
03103800,SOUTHERN SCHOOL OF BEAUTY               ,OK,74701-5008,Proprietary  ,3,13,16,8,31,39
03109800,PONCA CITY BEAUTY COLLEGE               ,OK,74601-4201,Proprietary  ,2,2,4,2,7,9
03109801,BARTLESVILLE BEAUTY COLLEGE             ,OK,74003-2835,Proprietary  ,0,4,4,0,11,11
03115100,HERITAGE COLLEGE                        ,OK,73119-0000,Proprietary  ,95,349,444,156,648,804
03124800,PLATT COLLEGE                           ,OK,73501-3808,Proprietary  ,26,168,194,45,251,296
03124901,IMAGINE -  PAUL MITCHELL PARTNER SCHOOL ,OK,73072-4831,Proprietary  ,47,92,139,71,158,229
03126200,GREEN COUNTRY AREA VOC TECH SCHOOL      ,OK,74447-1217,Public       ,24,31,55,43,76,119
03198400,MID-DEL AREA VOCATIONAL & TECH SCH      ,OK,73110-4825,Public       ,8,35,43,19,91,110
03329400,PRYOR BEAUTY COLLEGE                    ,OK,74361-0000,Proprietary  ,0,15,15,2,23,25
03329401,PRYOR BEAUTY COLLEGE - GROVE BEAUTY COLL,OK,74345-0009,Proprietary  ,2,10,12,2,11,13
03329402,PRYOR BEAUTY COLLEGE - NORTH EAST OKLAHO,OK,74338-0000,Proprietary  ,0,1,1,0,4,4
03367400,COMMUNITY CARE COLLEGE                  ,OK,74145-6420,Proprietary  ,202,623,825,274,948,1222
03396300,OKLAHOMA HEALTH ACADEMY                 ,OK,74105-6220,Proprietary  ,22,100,122,49,174,223
03396400,OKLAHOMA HEALTH ACADEMY                 ,OK,73160-3667,Proprietary  ,23,72,95,34,128,162
03453400,SHAWNEE BEAUTY COLLEGE                  ,OK,74801-7014,Proprietary  ,2,7,9,5,19,24
03676300,FAMILY OF FAITH COLLEGE                 ,OK,74802-1805,Private      ,3,8,11,9,11,20
03831300,INSTITUTE OF HAIR DESIGN                ,OK,74804-0000,Proprietary  ,1,6,7,1,16,17
03928300,CENTRAL STATE MASSAGE ACADEMY           ,OK,73162-6007,Proprietary  ,12,35,47,22,49,71
04027300,4-STATES ACADEMY OF COSMETOLOGY         ,OK,74354-0000,Proprietary  ,2,2,4,4,5,9
04051324,ART INSTITUTE OF PHOENIX (THE) - BROWN M,OK,74146-5234,Proprietary  ,38,246,284,71,423,494
04060300,AMERICAN INSTITUTE OF MEDICAL TECHNOLOGY,OK,74146-5201,Proprietary  ,17,92,109,39,180,219
04062300,BROOKLINE COLLEGE                       ,OK,73114-6318,Proprietary  ,12,64,76,20,111,131
04121300,4-STATES OKMULGEE ACADEMY OF COSMETOLOGY,OK,74447-0000,Proprietary  ,1,10,11,7,19,26
04133600,CUTTER'S EDGE SCHOOL OF COSMETOLOGY     ,OK,74023-2905,Proprietary  ,3,11,14,5,19,24
04144400,ACADEMY OF HAIR DESIGN (THE)            ,OK,73120-6808,Proprietary  ,10,53,63,28,103,131
00163700,BETHANY THEOLOGICAL SEMINARY            ,IN,47374-0000,Private      ,0,29,29,1,54,55
00178400,ANCILLA COLLEGE-FINANCIAL AID OFFC      ,IN,46513-0001,Private      ,30,69,99,435,486,921
00178500,ANDERSON UNIVERSITY                     ,IN,46012-3495,Private      ,182,208,390,2784,1032,3816
00178600,BALL STATE UNIVERSITY                   ,IN,47306-0880,Public       ,859,1273,2132,21169,9716,30885
00178700,BETHEL COLLEGE INC                      ,IN,46545-5591,Private      ,71,180,251,1712,1426,3138
00178800,BUTLER UNIVERSITY                       ,IN,46208-3487,Private      ,247,294,541,7715,1887,9602
00178900,CHRISTIAN THEOLOGICAL SEMINARY          ,IN,46208-0000,Private      ,0,49,49,7,248,255
00179200,DEPAUW UNIVERSITY                       ,IN,46135-0037,Private      ,95,14,109,3128,152,3280
00179300,EARLHAM COLLEGE                         ,IN,47374-4095,Private      ,219,57,276,1426,191,1617
00179301,EARLHAM SCHOOL OF RELIGION              ,IN,47374-0000,Private      ,0,29,29,7,61,68
00179500,UNIVERSITY OF EVANSVILLE                ,IN,47722-0002,Private      ,179,125,304,3827,802,4629
00179800,FRANKLIN COLLEGE OF INDIANA             ,IN,46131-2623,Private      ,38,38,76,1899,270,2169
00179900,GOSHEN COLLEGE                          ,IN,46526-4794,Private      ,86,63,149,985,393,1378
00180000,GRACE COLLEGE & THEO SEMINARY           ,IN,46590-1224,Private      ,91,81,172,1611,928,2539
00180100,HANOVER COLLEGE                         ,IN,47243-0108,Private      ,56,13,69,2274,107,2381
00180300,HUNTINGTON UNIVERSITY                   ,IN,46750-1299,Private      ,76,85,161,1384,373,1757
00180400,UNIVERSITY OF INDIANAPOLIS              ,IN,46227-3697,Private      ,179,609,788,5617,4318,9935
00180500,INDIANA INSTITUTE OF TECHNOLOGY         ,IN,46803-1297,Private      ,137,493,630,2010,3482,5492
00180700,INDIANA STATE UNIVERSITY                ,IN,47809-2501,Public       ,708,1336,2044,11828,7249,19077
00180800,UNIVERSITY OF SOUTHERN INDIANA          ,IN,47712-3596,Public       ,474,599,1073,8914,3594,12508
00180900,INDIANA UNIVERSITY-BLOOMINGTON          ,IN,47405-1223,Public       ,1401,1647,3048,32003,11696,43699
00181100,INDIANA UNIV-EAST                       ,IN,47374-1289,Public       ,84,314,398,1529,2078,3607
00181300,INDIANA UNIV-PURDUE UNIV INDPLS         ,IN,46202-5145,Public       ,816,3147,3963,17582,21069,38651
00181301,INDIANA UNIVERSITY - PURDUE UNIVERSITY I,IN,47203-1769,Public       ,104,296,400,1782,1865,3647
00181400,INDIANA UNIV KOKOMO                     ,IN,46902-3557,Public       ,73,280,353,1761,2246,4007
00181500,INDIANA UNIV-NORTHWEST                  ,IN,46408-1197,Public       ,282,827,1109,3138,4533,7671
00181600,INDIANA UNIVERSITY - SOUTH BEND         ,IN,46615-0000,Public       ,225,773,998,4748,5588,10336
00181700,INDIANA UNIVERSITY-SOUTHEAST            ,IN,47150-6405,Public       ,423,842,1265,4172,3784,7956
00182000,MANCHESTER COLLEGE                      ,IN,46962-1276,Private      ,47,32,79,2531,275,2806
00182100,MARIAN UNIVERSITY                       ,IN,46222-1997,Private      ,86,320,406,2017,2033,4050
00182200,INDIANA WESLEYAN UNIVERSITY             ,IN,46953-4974,Private      ,271,3519,3790,4320,12341,16661
00182300,ASSOCIATED MENNONITE BIBLICAL SEM       ,IN,46517-1999,Private      ,0,39,39,1,92,93
00182400,OAKLAND CITY UNIVERSITY                 ,IN,47660-1099,Private      ,23,122,145,551,1791,2342
00182500,PURDUE UNIVERSITY                       ,IN,47907-2050,Public       ,1111,1121,2232,30954,7853,38807
00182600,PURDUE UNIV NORTH CENTRAL CAMPUS        ,IN,46391-9542,Public       ,182,350,532,2490,2654,5144
00182700,PURDUE UNIV CALUMET                     ,IN,46323-2094,Public       ,547,1174,1721,4804,5300,10104
00182800,INDIANA UNIV-PURDUE UNIV FORT WAYNE     ,IN,46805-1499,Public       ,597,1357,1954,9126,7890,17016
00183000,ROSE HULMAN INSTITUTE OF TECHNOLOGY     ,IN,47803-3999,Private      ,133,14,147,3172,118,3290
00183200,UNIVERSITY OF SAINT FRANCIS             ,IN,46808-3994,Private      ,79,240,319,2206,1886,4092
00183300,ST JOSEPH'S COLLEGE                     ,IN,47978-0000,Private      ,59,33,92,1302,186,1488
00183400,CALUMET COLLEGE OF SAINT JOSEPH         ,IN,46394-2195,Private      ,59,144,203,488,697,1185
00183500,SAINT MARY-OF-THE-WOODS COLLEGE         ,IN,47876-0067,Private      ,20,177,197,408,1003,1411
00183600,ST MARY'S COLLEGE                       ,IN,46556-5007,Private      ,43,5,48,1746,80,1826
00183800,TAYLOR UNIVERSITY                       ,IN,46989-1001,Private      ,93,42,135,2403,243,2646
00183900,TRINE UNIVERSITY                        ,IN,46703-1764,Private      ,70,101,171,2719,895,3614
00184000,UNIVERSITY OF NOTRE DAME                ,IN,46556-5602,Private      ,362,408,770,12411,3247,15658
00184200,VALPARAISO UNIVERSITY                   ,IN,46383-6493,Private      ,218,347,565,4395,1829,6224
00184300,VINCENNES UNIVERSITY                    ,IN,47591-1523,Public       ,432,738,1170,6296,3996,10292
00184400,WABASH COLLEGE                          ,IN,47933-0352,Private      ,33,8,41,1298,65,1363
00457900,INTERNATIONAL BUSINESS COLLEGE          ,IN,46804-0000,Proprietary  ,85,70,155,745,389,1134
00457901,INTERNATIONAL BUSINESS COLLEGE          ,IN,46256-0000,Proprietary  ,70,65,135,649,387,1036
00625700,SAINT ELIZABETH SCHOOL OF NURSING       ,IN,47904-2198,Private      ,3,35,38,152,342,494
00726300,HOLY CROSS COLLEGE                      ,IN,46556-0308,Private      ,52,18,70,628,118,746
00727600,SAINT MEINRAD SCHOOL OF THEOLOGY        ,IN,47577-1002,Private      ,0,28,28,1,67,68
00732900,ITT TECHNICAL INSTITUTE                 ,IN,46268-1119,Proprietary  ,779,4988,5767,1454,7437,8891
00732908,ITT TECHNICAL INSTITUTE                 ,IN,46143-1067,Proprietary  ,6,20,26,60,100,160
00732933,ITT TECHNICAL INSTITUTE                 ,IN,46635-1512,Proprietary  ,22,83,105,182,438,620
00732962,ITT TECHNICAL INSTITUTE                 ,IN,47630-7430,Proprietary  ,451,1444,1895,763,2536,3299
00732968,ITT TECHNICAL INSTITUTE                 ,IN,46410-0000,Proprietary  ,9,73,82,122,361,483
00732993,ITT TECHNICAL INSTITUTE                 ,IN,46825-2393,Proprietary  ,313,1410,1723,748,2564,3312
00736200,MEDTECH COLLEGE                         ,IN,46250-3970,Proprietary  ,33,356,389,230,1645,1875
00736202,MEDTECH COLLEGE - GREENWOOD             ,IN,46143-6478,Proprietary  ,35,202,237,127,795,922
00736204,MEDTECH COLLEGE - FORT WAYNE            ,IN,46804-2209,Proprietary  ,29,174,203,144,798,942
00793800,LINCOLN COLLEGE OF TECHNOLOGY           ,IN,46202-0000,Proprietary  ,330,240,570,1591,1029,2620
00842300,IVY TECH COMMUNITY COLLEGE OF INDIANA - ,IN,46601-3892,Public       ,278,1482,1760,2432,7960,10392
00854600,NOT FOR STUDENT USE                     ,IN,46208-4700,Public       ,1,3,4,6,20,26
00854700,IVY TECH COMMUNITY COLLEGE OF INDIANA - ,IN,47802-4898,Public       ,218,887,1105,2004,4634,6638
00951500,J MICHAEL HARROLD BEAUTY ACADEMY        ,IN,47807-3390,Proprietary  ,6,28,34,29,76,105
00961200,"APEX SCHOOL OF BEAUTY CULTURE, INC      ",IN,46016-0000,Proprietary  ,1,11,12,12,42,54
00961300,MERRILLVILLE BEAUTY COLLEGE             ,IN,46410-3401,Proprietary  ,3,21,24,19,69,88
00967300,RUDAE'S SCHOOL OF BEAUTY CULTURE        ,IN,46825-5444,Proprietary  ,23,54,77,102,144,246
00977700,KAPLAN COLLEGE                          ,IN,46278-1736,Proprietary  ,55,381,436,326,1320,1646
00977702,KAPLAN COLLEGE - TEMPORARY FACILITY EXPA,IN,46268-4111,Proprietary  ,1,12,13,13,79,92
00977703,KAPLAN COLLEGE -  SE INDY               ,IN,46227-0000,Proprietary  ,47,239,286,154,643,797
00991700,IVY TECH COMMUNITY COLLEGE OF INDIANA   ,IN,46208-1763,Public       ,1442,6908,8350,11270,28673,39943
00992300,IVY TECH COMMUNITY COLLEGE OF INDIANA - ,IN,47250-1881,Public       ,97,420,517,889,2106,2995
00992400,IVY TECH COMMUNITY COLLEGE OF INDIANA - ,IN,47302-9448,Public       ,302,1237,1539,3418,7435,10853
00992500,IVY TECH COMMUNITY COLLEGE OF INDIANA - ,IN,47710-3398,Public       ,220,999,1219,1874,4444,6318
00992600,IVY TECH COMMUNITY COLLEGE OF INDIANA- R,IN,46805-1489,Public       ,424,1769,2193,4545,10333,14878
01003700,IVY TECH STATE COLLEGE - REGION 9       ,IN,47374-1220,Public       ,123,782,905,1120,3559,4679
01003800,IVY TECH COMMUNITY COLLEGE OF INDIANA - ,IN,47203-1868,Public       ,172,756,928,1686,3859,5545
01003900,IVY TECH COMMUNITY COLLEGE OF INDIANA - ,IN,47903-6299,Public       ,272,1044,1316,3193,5696,8889
01004000,IVY TECH COMMUNITY COLLEGE OF INDIANA - ,IN,46409-1303,Public       ,338,1579,1917,2820,7662,10482
01004100,IVY TECH STATE COLLEGE - REGION 5       ,IN,46903-1373,Public       ,140,913,1053,1510,4776,6286
01010900,IVY TECH COMMUNITY COLLEGE OF INDIANA - ,IN,47172-1897,Public       ,206,830,1036,1472,3651,5123
01015100,VINCENNES BEAUTY COLLEGE                ,IN,47591-1297,Proprietary  ,2,10,12,22,45,67
01040900,LAFAYETTE BEAUTY ACADEMY                ,IN,47901-1149,Proprietary  ,9,44,53,60,124,184
01048900,NATIONAL COLLEGE                        ,IN,46250-1930,Proprietary  ,13,165,178,96,1066,1162
01048910,NATIONAL COLLEGE - SOUTH BEND           ,IN,46617-3123,Proprietary  ,5,56,61,26,155,181
01048911,NATIONAL COLLEGE - FORT WAYNE           ,IN,46826-4905,Proprietary  ,9,45,54,30,137,167
01061800,MID-AMERICA CLG FUNERAL SERVICE         ,IN,47130-9990,Private      ,13,47,60,45,104,149
01150500,CREATIVE HAIR STYLING ACADEMY           ,IN,46322-1554,Proprietary  ,20,39,59,51,89,140
02084800,RAVENSCROFT BEAUTY COLLEGE              ,IN,46815-0000,Proprietary  ,11,35,46,68,104,172
02087600,CONCORDIA THEOLOGICAL SEMINARY          ,IN,46825-0000,Private      ,1,96,97,4,197,201
02100402,EVEREST INSTITUTE - EVEREST COLLEGE     ,IN,46410-7064,Proprietary  ,51,330,381,188,765,953
02140800,MARTIN UNIVERSITY                       ,IN,46218-0000,Private      ,23,218,241,160,1211,1371
02158400,HARRISON COLLEGE                        ,IN,46204-2611,Proprietary  ,108,852,960,586,3583,4169
02158401,HARRISON COLLEGE - COLUMBUS             ,IN,47203-1843,Proprietary  ,11,78,89,94,426,520
02158402,HARRISON COLLEGE - LAFAYETTE            ,IN,47905-4859,Proprietary  ,17,72,89,130,437,567
02158404,HARRISON COLLEGE - MARION               ,IN,46952-0000,Proprietary  ,0,0,0,0,1,1
02158405,HARRISON COLLEGE - TERRE HAUTE          ,IN,47802-0000,Proprietary  ,11,79,90,75,500,575
02158407,HARRISON COLLEGE - ANDERSON             ,IN,46013-0000,Proprietary  ,10,107,117,105,508,613
02158409,HARRISON COLLEGE - EVANSVILLE           ,IN,47715-3901,Proprietary  ,22,128,150,137,447,584
02158410,HARRISON COLLEGE - EAST                 ,IN,46239-8903,Proprietary  ,36,185,221,189,906,1095
02158412,HARRISON COLLEGE - FORT WAYNE           ,IN,46825-0000,Proprietary  ,44,143,187,213,842,1055
02158413,HARRISON COLLEGE - NORTHWEST            ,IN,46278-0000,Proprietary  ,18,70,88,195,383,578
02158800,DON ROBERTS BEAUTY SCHOOLS              ,IN,46383-0000,Proprietary  ,2,22,24,19,63,82
02164300,DON ROBERTS SCHOOL OF HAIR DESIGN       ,IN,46375-9999,Proprietary  ,12,19,31,33,54,87
02180108,ROSS MEDICAL EDUCATION CENTER -         ,IN,46530-4479,Proprietary  ,1,9,10,16,46,62
02201800,KAPLAN COLLEGE                          ,IN,46410-0000,Proprietary  ,16,103,119,103,472,575
02201802,KAPLAN COLLEGE - HAMMOND                ,IN,46324-3347,Proprietary  ,40,164,204,124,567,691
02241700,PJ'S COLLEGE OF COSMETOLOGY             ,IN,47129-0000,Proprietary  ,27,85,112,44,142,186
02245505,FORTIS COLLEGE - INDIANAPOLIS CAMPUS    ,IN,46268-0000,Proprietary  ,7,88,95,45,283,328
02302700,J EVERETT LIGHT CAREER CENTER           ,IN,46240-0000,Public       ,10,52,62,55,291,346
02304800,PJ'S COLLEGE OF COSMETOLOGY             ,IN,47374-0000,Proprietary  ,7,37,44,17,96,113
02308900,MASTER'S OF COSMETOLOGY COLLEGE         ,IN,46809-0000,Proprietary  ,14,32,46,90,100,190
02339600,ROGER'S ACADEMY OF HAIR DESIGN          ,IN,47712-0000,Proprietary  ,13,56,69,39,99,138
02345200,EMPIRE BEAUTY SCHOOL                    ,IN,46237-0000,Proprietary  ,46,185,231,161,479,640
02351300,KNOX BEAUTY COLLEGE                     ,IN,46534-0000,Proprietary  ,1,11,12,15,23,38
02490500,HAIR FASHIONS BY KAYE BEAUTY CLG        ,IN,46250-0000,Proprietary  ,10,82,92,54,204,258
02490800,HAIR FASHIONS BY KAYE BEAUTY CLG        ,IN,46060-0000,Proprietary  ,7,30,37,30,65,95
02607000,HAIR ARTS ACADEMY                       ,IN,47404-3581,Proprietary  ,4,40,44,26,87,113
02615800,COLLEGE OF COURT REPORTING              ,IN,46342-5969,Proprietary  ,13,140,153,26,270,296
03009700,HARRISON COLLEGE                        ,IN,47303-6413,Proprietary  ,12,102,114,94,380,474
03009701,HARRISON COLLEGE - MUNCIE - ELKHART     ,IN,46516-9795,Proprietary  ,13,92,105,87,463,550
03100600,MARION COMM TUCKER AREA VOC SCHOOL      ,IN,46952-3831,Public       ,2,36,38,32,139,171
03176300,AVIATION INSTITUTE OF MAINTENANCE       ,IN,46241-1445,Proprietary  ,37,119,156,99,384,483
03262300,DAVID DEMUTH INSTITUTE OF COSM          ,IN,47374-4101,Proprietary  ,3,15,18,8,47,55
03456700,CROSSROADS BIBLE COLLEGE                ,IN,46219-4912,Private      ,9,40,49,74,280,354
03521300,IVY TECH COMMUNITY COLLEGE OF INDIANA - ,IN,47404-9772,Public       ,302,857,1159,2911,4394,7305
03538300,ALEXANDRIA SCH OF SCIENTIFIC THERAP     ,IN,46001-0287,Proprietary  ,4,21,25,25,69,94
04038700,IDEAL BEAUTY ACADEMY                    ,IN,47130-4215,Proprietary  ,5,8,13,15,35,50
04051304,ART INSTITUTE OF PHOENIX (THE) - ART  IN,IN,46268-1170,Proprietary  ,134,217,351,1026,899,1925
04051311,ART INSTITUTE OF PHOENIX (THE) - BROWN M,IN,46410-5608,Proprietary  ,38,236,274,137,673,810
04051312,ART INSTITUTE OF PHOENIX (THE) - BROWN M,IN,46360-7362,Proprietary  ,24,113,137,86,420,506
04051318,ART INSTITUTE OF PHOENIX (THE) - BROWN M,IN,46204-1017,Proprietary  ,63,397,460,325,1348,1673
04051321,ART INSTITUTE OF PHOENIX (THE) - BROWN M,IN,46635-1176,Proprietary  ,55,294,349,266,1115,1381
04051322,ART INSTITUTE OF PHOENIX (THE) - BROWN M,IN,46805-0000,Proprietary  ,76,369,445,282,1391,1673
04100300,SUCCESS SCHOOLS                         ,IN,46410-5310,Proprietary  ,22,53,75,40,121,161
04121000,TECHSKILLS - INDIANAPOLIS               ,IN,46240-4302,Proprietary  ,6,42,48,18,131,149
04130900,HONORS BEAUTY COLLEGE                   ,IN,46256-3317,Proprietary  ,14,76,90,66,195,261
04155900,AVEDA FREDRIC'S INSTITUTE               ,IN,46250-4746,Proprietary  ,21,43,64,107,145,252
04166700,REM SPA INC                             ,IN,46013-3136,Proprietary  ,13,43,56,41,100,141
04171700,AVANT GARD THE SCHOOL                   ,IN,46214-6500,Proprietary  ,6,23,29,21,54,75
04172700,SALON PROFESSIONAL ACADEMY (THE)        ,IN,47715-7822,Proprietary  ,25,61,86,59,129,188
04184000,PAUL MITCHELL THE SCHOOL INDIANAPOLIS   ,IN,46227-6252,Proprietary  ,29,56,85,123,155,278
04186600,SALON PROFESSIONAL ACADEMY (THE)        ,IN,46901-6248,Proprietary  ,14,44,58,14,44,58
00190100,ALLEN COUNTY COMMUNITY COLLEGE          ,KS,66749-1607,Public       ,316,494,810,767,954,1721
00190200,COWLEY COUNTY COMMUNITY COLLEGE & AREA V,KS,67005-2662,Public       ,443,897,1340,1218,1798,3016
00190300,BAKER UNIVERSITY                        ,KS,66006-0065,Private      ,200,622,822,1312,1470,2782
00190400,BETHANY COLLEGE                         ,KS,67456-1897,Private      ,135,38,173,778,107,885
00190500,BETHEL COLLEGE                          ,KS,67117-0531,Private      ,132,32,164,601,111,712
00190600,BUTLER COUNTY COMMUNITY COLLEGE         ,KS,67042-3280,Public       ,1329,2014,3343,3341,3802,7143
00190700,CENTRAL BAPTIST THEOLOGY SEMINARY       ,KS,66226-3513,Private      ,0,24,24,0,40,40
00190800,CENTRAL CHRISTIAN COLLEGE OF KANSAS     ,KS,67460-5799,Private      ,148,49,197,461,98,559
00190900,CLOUD COUNTY COMMUNITY COLLEGE          ,KS,66901-1002,Public       ,202,351,553,672,714,1386
00191000,COFFEYVILLE COMMUNITY COLLEGE           ,KS,67337-5064,Public       ,348,252,600,837,407,1244
00191100,COLBY COMMUNITY COLLEGE                 ,KS,67701-4099,Public       ,191,163,354,501,308,809
00191300,DODGE CITY COMMUNITY COLLEGE            ,KS,67801-2399,Public       ,263,262,525,603,456,1059
00191400,DONNELLY COLLEGE                        ,KS,66102-4298,Private      ,68,215,283,156,419,575
00191500,FORT HAYS STATE UNIVERSITY              ,KS,67601-4099,Public       ,917,1617,2534,3529,3817,7346
00191600,FORT SCOTT COMMUNITY COLLEGE            ,KS,66701-3199,Public       ,401,402,803,988,766,1754
00191700,BARCLAY COLLEGE                         ,KS,67059-0288,Private      ,43,39,82,114,81,195
00191800,FRIENDS UNIVERSITY                      ,KS,67213-3397,Private      ,195,1070,1265,1239,2198,3437
00191900,GARDEN CITY COMMUNITY COLLEGE           ,KS,67846-6398,Public       ,254,212,466,713,452,1165
00192000,HESSTON COLLEGE                         ,KS,67062-2093,Private      ,83,51,134,446,171,617
00192100,HIGHLAND COMMUNITY COLLEGE              ,KS,66035-4062,Public       ,326,495,821,972,1091,2063
00192300,HUTCHINSON COMMUNITY COLLEGE            ,KS,67501-5894,Public       ,616,885,1501,1913,1850,3763
00192400,INDEPENDENCE COMMUNITY COLLEGE          ,KS,67301-0708,Public       ,157,188,345,388,330,718
00192500,KANSAS CITY KANSAS COMMUNITY CLG        ,KS,66112-9978,Public       ,576,1694,2270,1410,3648,5058
00192502,"KANSAS CITY KS AREA TECH SCHOOL, KS     ",KS,66104-0000,Public       ,33,107,140,92,247,339
00192600,PITTSBURG STATE UNIVERSITY              ,KS,66762-7500,Public       ,1185,1012,2197,4337,2194,6531
00192700,EMPORIA STATE UNIVERSITY                ,KS,66801-5087,Public       ,794,954,1748,2887,2346,5233
00192800,KANSAS STATE UNIVERSITY                 ,KS,66506-1104,Public       ,2475,1726,4201,14217,5553,19770
00192900,KANSAS WESLEYAN UNIVERSITY              ,KS,67401-6196,Private      ,189,73,262,1032,285,1317
00193000,LABETTE COMMUNITY COLLEGE               ,KS,67357-4299,Public       ,205,312,517,489,592,1081
00193100,MANHATTAN CHRISTIAN COLLEGE             ,KS,66502-4081,Private      ,101,39,140,335,94,429
00193300,MCPHERSON COLLEGE                       ,KS,67460-3899,Private      ,120,52,172,801,151,952
00193600,NEOSHO COUNTY COMMUNITY COLLEGE         ,KS,66720-2699,Public       ,210,390,600,561,913,1474
00193700,OTTAWA UNIVERSITY                       ,KS,66067-3399,Private      ,204,1049,1253,842,1881,2723
00193800,PRATT COMMUNITY COLLEGE                 ,KS,67124-8432,Public       ,210,295,505,508,551,1059
00193900,NEWMAN UNIVERSITY                       ,KS,67213-2084,Private      ,193,501,694,1179,1332,2511
00194000,SOUTHWESTERN COLLEGE                    ,KS,67156-2499,Private      ,145,401,546,797,885,1682
00194300,UNIVERSITY OF ST MARY                   ,KS,66048-5023,Private      ,177,188,365,611,423,1034
00194500,STERLING COLLEGE                        ,KS,67579-1533,Private      ,206,57,263,725,128,853
00194600,TABOR COLLEGE                           ,KS,67063-1799,Private      ,137,67,204,717,171,888
00194800,UNIVERSITY OF KANSAS                    ,KS,66045-7535,Public       ,2169,2217,4386,15143,9503,24646
00194900,WASHBURN UNIVERSITY                     ,KS,66621-1110,Public       ,583,1162,1745,2923,3571,6494
00194901,WASHBURN UNIVERSITY -TOPEKA - WASHBURN I,KS,66604-2199,Public       ,165,358,523,500,806,1306
00195000,WICHITA STATE UNIVERSITY                ,KS,67208-0001,Public       ,1447,2466,3913,6048,6725,12773
00460800,BARTON COUNTY COMMUNITY COLLEGE         ,KS,67530-9283,Public       ,248,571,819,743,1158,1901
00526400,FLINT HILLS TECHNICAL COLLEGE           ,KS,66801-5999,Public       ,101,184,285,207,364,571
00526500,NORTH CENTRAL KANSAS TECH COLG          ,KS,67420-0000,Public       ,123,136,259,304,248,552
00526700,NORTHWEST KANSAS TECHNICAL SCHOOL       ,KS,67735-3441,Public       ,96,62,158,196,124,320
00549800,WICHITA AREA TECHNICAL COLLEGE          ,KS,67211-2099,Public       ,158,842,1000,330,1589,1919
00549900,SALINA AREA TECHNICAL COLLEGE           ,KS,67401-8195,Public       ,56,75,131,155,167,322
00550000,MANHATTAN AREA TECHNICAL COLLEGE        ,KS,66503-2499,Public       ,128,251,379,308,530,838
00675500,BROWN MACKIE COLLEGE (THE)              ,KS,67401-7307,Proprietary  ,167,604,771,319,1069,1388
00703200,MID AMERICA NAZARENE UNIVERSITY         ,KS,66062-1899,Private      ,151,341,492,900,753,1653
00822800,SEWARD CO COMM CO/AREA TECHNICAL SCHOOL ,KS,67905-0000,Public       ,176,193,369,385,363,748
00824400,JOHNSON COUNTY COMMUNITY COLLEGE        ,KS,66210-1299,Public       ,1687,2911,4598,4966,6628,11594
00833200,B-STREET DESIGN SCHOOL OF INTERNATIONAL ,KS,66502-6082,Proprietary  ,6,39,45,22,74,96
00868200,ACADEMY OF HAIR DESIGN                  ,KS,67401-2803,Proprietary  ,0,0,0,9,13,22
01025600,BENEDICTINE COLLEGE                     ,KS,66002-1499,Private      ,264,38,302,2109,145,2254
01043800,HASKELL INDIAN NATIONS UNIVERSITY       ,KS,66046-4800,Public       ,352,258,610,773,555,1328
01050300,WICHITA TECHNICAL INSTITUTE             ,KS,67213-1927,Proprietary  ,68,441,509,128,691,819
01050302,WICHITA TECHNICAL INSTITUTE - WTI TOPEKA,KS,66609-1217,Proprietary  ,24,147,171,39,264,303
01050305,WICHITA TECHNICAL INSTITUTE - EAST CAMPU,KS,67208-4243,Proprietary  ,29,154,183,55,259,314
02090700,CLEVELAND CHIROPRACTIC COLLEGE          ,KS,66210-1613,Private      ,19,177,196,41,430,471
02134800,OLD TOWN BARBER AND BEAUTY COLLEGE      ,KS,67211-0000,Proprietary  ,13,27,40,26,47,73
02196400,CAPITOL CITY HAIR DESIGN COLLEGE        ,KS,66102-0000,Proprietary  ,0,5,5,6,14,20
02257700,HAYS ACADEMY OF HAIR DESIGN             ,KS,67601-0000,Proprietary  ,18,18,36,43,46,89
02303500,AMERICAN INSTITUTE OF BAKING            ,KS,66502-0000,Private      ,5,10,15,17,24,41
02340700,LABARON HAIRDRESSING ACADEMY            ,KS,66204-0000,Proprietary  ,2,17,19,7,33,40
02590900,WRIGHT CAREER COLLEGE                   ,KS,66212-0000,Private      ,134,929,1063,192,1395,1587
02599709,VATTEROTT COLLEGE - WICHITA             ,KS,67226-1304,Proprietary  ,26,153,179,64,412,476
02603100,XENON INTERNATIONAL ACADEMY             ,KS,67203-5428,Proprietary  ,59,108,167,91,176,267
02606300,PAUL MITCHELL THE SCHOOL WICHITA        ,KS,67226-2803,Proprietary  ,45,64,109,74,106,180
02611005,HERITAGE COLLEGE - WICHITA              ,KS,67210-1879,Proprietary  ,68,321,389,127,571,698
02613000,PINNACLE CAREER INSTITUTE               ,KS,66046-2703,Proprietary  ,19,115,134,53,265,318
03031300,XENON INTERNATIONAL ACADEMY IV          ,KS,66061-3765,Proprietary  ,19,33,52,45,77,122
03066200,BRYAN COLLEGE                           ,KS,66604-2496,Proprietary  ,16,101,117,25,240,265
03450300,B-STREET DESIGN SCHOOL OF INTERNATIONAL ,KS,66611-2373,Proprietary  ,20,63,83,32,103,135
03450301,B-STREET DESIGN SCHOOL OF INTERNATIONAL ,KS,67207-5148,Proprietary  ,13,35,48,22,62,84
03450302,B-STREET DESIGN SCHOOL OF INTERNATIONAL ,KS,66212-5451,Proprietary  ,34,72,106,56,123,179
03529300,SIDNEY'S HAIRDRESSING COLLEGE           ,KS,67501-7094,Proprietary  ,6,29,35,22,44,66
04132900,Z HAIR ACADEMY                          ,KS,66046-4040,Proprietary  ,10,20,30,28,44,72
04162700,ERIC FISHER ACADEMY                     ,KS,67212-3376,Proprietary  ,52,62,114,100,117,217
04175700,ACADEMY OF AESTHETIC ARTS               ,KS,66203-3502,Proprietary  ,6,17,23,12,31,43
04179600,ENTOURAGE INSTITUTE OF BEAUTY AND ESTHET,KS,66215-3803,Proprietary  ,3,25,28,6,29,35
00203300,UNIVERSITY OF MAINE-PRESQUE ISLE        ,ME,04769-2888,Public       ,133,164,297,740,481,1221
00203500,BANGOR THEOLOGICAL SEMINARY             ,ME,04402-0411,Private      ,1,19,20,2,49,51
00203600,BATES COLLEGE                           ,ME,04240-6028,Private      ,306,26,332,2919,121,3040
00203800,BOWDOIN COLLEGE                         ,ME,04011-8451,Private      ,338,18,356,3908,100,4008
00203900,COLBY COLLEGE                           ,ME,04901-8841,Private      ,229,21,250,3057,77,3134
00204000,UNIVERSITY OF MAINE-FARMINGTON          ,ME,04938-1990,Public       ,178,116,294,2649,504,3153
00204100,UNIVERSITY OF MAINE-FORT KENT           ,ME,04743-1292,Public       ,92,102,194,592,326,918
00204300,HUSSON UNIVERSITY                       ,ME,04401-2999,Private      ,486,498,984,2692,1396,4088
00204400,MAINE MARITIME ACADEMY                  ,ME,04420-0001,Public       ,163,47,210,1060,160,1220
00205000,UNIVERSITY OF NEW ENGLAND               ,ME,04005-9599,Private      ,442,1367,1809,4278,3488,7766
00205100,SAINT JOSEPH'S COLLEGE                  ,ME,04084-5263,Private      ,182,396,578,1703,855,2558
00205200,THOMAS COLLEGE                          ,ME,04901-5097,Private      ,181,100,281,999,268,1267
00205300,UNIVERSITY OF MAINE                     ,ME,04469-0001,Public       ,800,635,1435,10844,2993,13837
00205400,UNIVERSITY OF SOUTHERN MAINE            ,ME,04104-0000,Public       ,641,967,1608,6377,5189,11566
00205500,UNIVERSITY OF MAINE-MACHIAS             ,ME,04654-1397,Public       ,68,95,163,502,318,820
00458615,KAPLAN UNIVERSITY - PORTLAND            ,ME,04106-2415,Proprietary  ,45,247,292,90,546,636
00458616,KAPLAN UNIVERSITY - LEWISTON            ,ME,04240-0000,Proprietary  ,30,261,291,70,578,648
00520400,BEAL COLLEGE                            ,ME,04401-6896,Proprietary  ,72,214,286,202,539,741
00527600,CENTRAL MAINE COMMUNITY COLLEGE         ,ME,04210-6498,Public       ,430,643,1073,1348,1658,3006
00527700,EASTERN MAINE COMMUNITY COLLEGE         ,ME,04401-4280,Public       ,439,589,1028,1501,1456,2957
00552500,SOUTHERN MAINE COMMUNITY  COLLEGE       ,ME,04106-1698,Public       ,1022,1296,2318,3354,3419,6773
00576000,NORTHERN MAINE COMMUNITY COLLEGE        ,ME,04769-2016,Public       ,145,241,386,393,542,935
00630501,CENTRAL MAINE MEDICAL CENTER - COLLEGE O,ME,04240-4500,Private      ,18,108,126,95,305,400
00676000,UNIVERSITY OF MAINE-AUGUSTA             ,ME,04330-9410,Public       ,414,1479,1893,1500,4652,6152
00685800,UNITY COLLEGE                           ,ME,04988-9502,Private      ,119,36,155,886,111,997
00903800,MR BERNARD'S SCH HAIR FASHION INC       ,ME,04243-1163,Proprietary  ,14,72,86,25,95,120
00923100,WASHINGTON COUNTY COMMUNITY COLLEGE     ,ME,04619-9704,Public       ,60,97,157,220,246,466
00945900,EMPIRE BEAUTY SCHOOL                    ,ME,04101-3348,Proprietary  ,68,162,230,134,253,387
00982600,KENNEBEC VALLEY  COMMUNITY  COLLEGE     ,ME,04937-1367,Public       ,242,682,924,743,1579,2322
01138500,COLLEGE OF THE ATLANTIC                 ,ME,04609-1105,Private      ,18,13,31,490,84,574
01167300,MAINE COLLEGE OF ART                    ,ME,04101-3987,Private      ,65,52,117,601,208,809
02104400,SPA TECH INSTITUTE                      ,ME,04093-0000,Proprietary  ,65,163,228,116,273,389
02347100,NEW ENGLAND SCHOOL OF COMMUNICATIONS    ,ME,04401-0000,Private      ,133,48,181,596,140,736
02361300,LANDING SCHOOL OF BOATBUILDING & DESIGN ,ME,04046-1490,Private      ,18,19,37,25,38,63
03122900,YORK COUNTY COMMUNITY COLLEGE           ,ME,04090-0529,Public       ,165,293,458,478,746,1224
03429300,SEACOAST CAREER SCHOOLS                 ,ME,04073-0000,Proprietary  ,43,164,207,60,224,284
03612300,BIRTHWISE MIDWIFERY SCHOOL              ,ME,04009-1110,Proprietary  ,4,20,24,11,53,64
04177400,CAPILO SCHOOL OF HAIR DESIGN            ,ME,04330-0000,Proprietary  ,21,40,61,44,58,102
04185100,NORTHEAST TECHNICAL INSTITUTE           ,ME,04074-0000,Proprietary  ,12,107,119,12,107,119
04188800,INSTITUTE FOR DOCTORAL STUDIES IN THE VI,ME,04102-0000,Private      ,0,7,7,0,7,7
00209300,ST JOHN'S COLLEGE                       ,NM,87505-4599,Private      ,34,52,86,404,173,577
00264900,SANTA FE UNIVERSITY OF ART AND DESIGN   ,NM,87505-7634,Proprietary  ,168,76,244,629,189,818
00265000,UNIVERSITY OF THE SOUTHWEST             ,NM,88240-9129,Private      ,137,174,311,242,253,495
00265100,EASTERN NEW MEXICO UNIV PORTALES        ,NM,88130-6000,Public       ,907,1120,2027,2335,2004,4339
00265101,EASTERN NEW MEXICO UNIV-ROSWELL CAM     ,NM,88202-0000,Public       ,396,651,1047,826,1182,2008
00265102,EASTERN NEW MEXICO UNIVERSITY - RUIDOSO ,NM,88345-0001,Public       ,0,0,0,3,3,6
00265300,NEW MEXICO HIGHLANDS UNIVERSITY         ,NM,87701-4436,Public       ,461,913,1374,1637,1890,3527
00265400,NEW MEXICO INST OF MINING & TECH        ,NM,87801-4796,Public       ,285,174,459,1043,366,1409
00265500,NEW MEXICO JUNIOR COLLEGE               ,NM,88240-9123,Public       ,271,383,654,514,661,1175
00265600,NEW MEXICO MILITARY INSTITUTE           ,NM,88201-5173,Public       ,143,20,163,351,47,398
00265700,NEW MEXICO STATE UNIVERSITY             ,NM,88003-8001,Public       ,2374,2677,5051,10998,7451,18449
00265701,NEW MEXICO STATE UNIV-ALAMOGORDO        ,NM,88311-0000,Public       ,151,423,574,317,928,1245
00265702,NEW MEXICO STATE UNIV.-DONA ANA CLG     ,NM,88003-0000,Public       ,769,1415,2184,2400,3479,5879
00265703,NEW MEXICO STATE UNIV-CARLSBAD          ,NM,88220-0000,Public       ,102,205,307,221,418,639
00265704,NEW MEXICO STATE UNIV-GRANTS            ,NM,87020-0000,Public       ,70,171,241,162,355,517
00266000,SAN JUAN COLLEGE                        ,NM,87402-4699,Public       ,836,1869,2705,1355,3178,4533
00266300,THE UNIVERSITY OF NEW MEXICO            ,NM,87131-0001,Public       ,3770,5378,9148,14173,14416,28589
00266301,UNIV OF NEW MEXICO - GALLUP BRANCH      ,NM,87301-5697,Public       ,225,358,583,473,723,1196
00266302,UNIV OF NEW MEXICO - VALENCIA BRANCH    ,NM,87031-0000,Public       ,119,170,289,345,494,839
00266303,UNIV OF NEW MEXICO - LOS ALAMOS         ,NM,87544-0000,Public       ,33,43,76,110,105,215
00266304,UNIVERSITY OF NEW MEXICO                ,NM,87571-6401,Public       ,50,131,181,244,371,615
00266400,WESTERN NEW MEXICO UNIVERSITY           ,NM,88061-5417,Public       ,362,847,1209,968,1530,2498
00405701,NATIONAL AMERICAN UNIVERSITY            ,NM,87110-0000,Proprietary  ,15,148,163,41,343,384
00474200,CENTRAL NEW MEXICO COMMUNITY COLLEGE    ,NM,87106-4096,Public       ,2825,6137,8962,5538,11960,17498
00474300,CLOVIS COMMUNITY COLLEGE                ,NM,88101-8381,Public       ,189,542,731,380,956,1336
00996200,LUNA COMMUNITY COLLEGE                  ,NM,87701-0000,Public       ,169,254,423,338,432,770
01063200,DEWOLFF CLG HAIRSTYLING/COSMETOLOGY     ,NM,87112-4113,Proprietary  ,16,62,78,38,96,134
01300500,OLYMPIAN UNIVERSITY OF COSMETOLOGY      ,NM,88310-5051,Proprietary  ,166,533,699,239,830,1069
02083900,NORTHERN NEW MEXICO COLLEGE             ,NM,87530-0000,Public       ,220,391,611,484,710,1194
02146400,INSTITUTE OF AMERICAN INDIAN ARTS       ,NM,87508-0000,Public       ,64,110,174,125,212,337
02218808,BROOKLINE COLLEGE - ALBUQUERQUE         ,NM,87105-1649,Proprietary  ,73,335,408,116,498,614
02278100,SANTA FE COMMUNITY COLLEGE              ,NM,87507-0000,Public       ,375,1014,1389,684,1715,2399
02293203,ATI CAREER TRAINING CENTER - ALBUQUERQUE,NM,87109-2016,Proprietary  ,27,84,111,51,153,204
02357600,NAVAJO TECHNICAL COLLEGE                ,NM,87313-0000,Public       ,167,321,488,252,547,799
02511000,SOUTHWESTERN INDIAN POLYTECH INST       ,NM,87184-0000,Public       ,75,136,211,157,242,399
02572003,COMPUTER CAREER CENTER - LAS CRUCES CAMP,NM,88011-8220,Proprietary  ,56,192,248,104,443,547
02622000,SOUTHWEST ACUPUNCTURE COLLEGE           ,NM,87505-0000,Proprietary  ,3,110,113,5,229,234
03076100,SOUTHWESTERN COLLEGE                    ,NM,87507-0000,Private      ,4,106,110,18,175,193
03206300,MESALANDS COMMUNITY COLLEGE             ,NM,88401-3352,Public       ,51,73,124,113,143,256
03430300,UNIVERSAL THERAPEUTIC MASSAGE INSTITUTE ,NM,87107-4403,Proprietary  ,9,41,50,22,77,99
03678300,PIMA MEDICAL INSTITUTE                  ,NM,87110-4127,Proprietary  ,34,83,117,96,185,281
03944300,MASSAGE THERAPY TRAINING INSTITUTE      ,NM,88007-0000,Proprietary  ,10,22,32,31,52,83
04162400,URBAN ACADEMY                           ,NM,87106-4404,Proprietary  ,22,59,81,48,100,148
04174500,AVEDA INSTITUTE OF NEW MEXICO (THE)     ,NM,87110-3640,Proprietary  ,20,81,101,31,109,140
00223400,ADRIAN COLLEGE                          ,MI,49221-2575,Private      ,386,79,465,2502,288,2790
00223500,ALBION COLLEGE                          ,MI,49224-1831,Private      ,157,31,188,2175,117,2292
00223600,ALMA COLLEGE                            ,MI,48801-1599,Private      ,135,48,183,2252,171,2423
00223700,ALPENA COMMUNITY COLLEGE                ,MI,49707-1495,Public       ,210,342,552,788,804,1592
00223800,ANDREWS UNIVERSITY                      ,MI,49104-0750,Private      ,451,345,796,1794,1100,2894
00223900,AQUINAS COLLEGE                         ,MI,49506-1799,Private      ,286,200,486,2436,665,3101
00224000,BAY DE NOC COMMUNITY COLLEGE            ,MI,49829-2524,Public       ,300,570,870,1056,1167,2223
00224100,CALVIN COLLEGE                          ,MI,49546-4388,Private      ,301,118,419,4154,396,4550
00224200,CALVIN THEOLOGICAL SEMINARY             ,MI,49546-4387,Private      ,1,14,15,11,158,169
00224300,CENTRAL MICHIGAN UNIVERSITY             ,MI,48859-0001,Public       ,3226,2821,6047,22690,8593,31283
00224600,CLEARY UNIVERSITY                       ,MI,48105-2659,Private      ,30,202,232,116,611,727
00224700,CONCORDIA UNIVERSITY-ANN ARBOR          ,MI,48105-2797,Private      ,182,94,276,713,230,943
00224800,CRANBROOK ACADEMY OF ART                ,MI,48303-0000,Private      ,4,45,49,23,316,339
00224900,DAVENPORT UNIVERSITY                    ,MI,49503-0000,Private      ,596,3493,4089,2807,10220,13027
00225100,DELTA COLLEGE                           ,MI,48710-0001,Public       ,1431,2474,3905,5619,7121,12740
00225400,MICHIGAN STATE UNIVERSITY COLLEGE OF LAW,MI,48824-1300,Private      ,93,370,463,580,2049,2629
00225900,EASTERN MICHIGAN UNIVERSITY             ,MI,48197-2214,Public       ,3030,4155,7185,15321,12088,27409
00226000,FERRIS STATE UNIVERSITY                 ,MI,49307-2251,Public       ,1729,1779,3508,13198,6758,19956
00226100,CHARLES STEWART MOTT COMMUNITY CLG      ,MI,48503-2089,Public       ,1516,3606,5122,4463,8291,12754
00226200,KETTERING UNIVERSITY                    ,MI,48504-4898,Private      ,282,120,402,1919,338,2257
00226300,GLEN OAKS COMMUNITY COLLEGE             ,MI,49032-9784,Public       ,135,282,417,563,776,1339
00226400,GOGEBIC COMMUNITY COLLEGE               ,MI,49938-1365,Public       ,178,186,364,597,482,1079
00226500,GRACE BIBLE COLLEGE                     ,MI,49509-1998,Private      ,42,54,96,319,141,460
00226600,CORNERSTONE UNIVERSITY                  ,MI,49525-5897,Private      ,212,644,856,1871,1493,3364
00226700,GRAND RAPIDS COMMUNITY COLLEGE          ,MI,49503-3295,Public       ,2360,3876,6236,9731,9857,19588
00226800,GRAND VALLEY STATE UNIVERSITY           ,MI,49401-9403,Public       ,2079,1908,3987,23156,7347,30503
00226900,GREAT LAKES CHRISTIAN COLLEGE           ,MI,48917-1299,Private      ,47,50,97,173,112,285
00227000,HENRY FORD COMMUNITY COLLEGE            ,MI,48128-1495,Public       ,2905,5081,7986,7739,12720,20459
00227300,HOPE COLLEGE                            ,MI,49423-3607,Private      ,214,64,278,4309,216,4525
00227400,JACKSON COMMUNITY COLLEGE               ,MI,49201-8399,Public       ,700,1627,2327,3026,4353,7379
00227500,KALAMAZOO COLLEGE                       ,MI,49006-3295,Private      ,124,51,175,1968,184,2152
00227600,KELLOGG COMMUNITY COLLEGE               ,MI,49017-3397,Public       ,705,1847,2552,2247,4310,6557
00227700,LAKE MICHIGAN COLLEGE                   ,MI,49022-1899,Public       ,346,962,1308,1443,2587,4030
00227800,LANSING COMMUNITY COLLEGE               ,MI,48933-1293,Public       ,2406,5331,7737,8001,10791,18792
00227900,LAWRENCE TECHNOLOGICAL UNIVERSITY       ,MI,48075-1058,Private      ,245,497,742,1637,1267,2904
00228200,MADONNA UNIVERSITY                      ,MI,48150-1173,Private      ,397,1052,1449,1550,2665,4215
00228400,MARYGROVE COLLEGE                       ,MI,48221-2599,Private      ,250,880,1130,752,2196,2948
00228800,ROCHESTER COLLEGE                       ,MI,48307-2764,Private      ,196,267,463,628,628,1256
00229000,MICHIGAN STATE UNIVERSITY               ,MI,48824-1113,Public       ,4518,3601,8119,35681,12638,48319
00229200,MICHIGAN TECHNOLOGICAL UNIV             ,MI,49931-1295,Public       ,544,222,766,5649,966,6615
00229300,LAKE SUPERIOR STATE UNIVERSITY          ,MI,49783-1691,Public       ,294,261,555,2571,885,3456
00229400,MONROE COUNTY COMMUNITY CLG             ,MI,48161-9746,Public       ,476,863,1339,1335,1863,3198
00229500,MONTCALM COMMUNITY COLLEGE              ,MI,48885-9723,Public       ,239,537,776,850,1244,2094
00229700,MUSKEGON COMMUNITY COLLEGE              ,MI,49442-1432,Public       ,642,1039,1681,2532,2796,5328
00229900,NORTH CENTRAL MICHIGAN COLLEGE          ,MI,49770-8740,Public       ,249,479,728,978,1289,2267
00230100,NORTHERN MICHIGAN UNIVERSITY            ,MI,49855-5316,Public       ,1218,805,2023,7467,2589,10056
00230200,NORTHWESTERN MICHIGAN COLLEGE           ,MI,49686-3061,Public       ,554,1054,1608,2335,2670,5005
00230301,OAKLAND COMMUNITY COLLEGE - ORCHARD RIDG,MI,48334-4579,Public       ,792,1366,2158,2497,3516,6013
00230302,OAKLAND COMMUNITY COLLEGE - ROYAL OAK CA,MI,48067-3898,Public       ,999,1869,2868,2906,4893,7799
00230303,OAKLAND COMMUNITY COLLEGE - SOUTHFIELD C,MI,48075-4793,Public       ,795,2052,2847,2151,4989,7140
00230304,OAKLAND COMMUNITY COLLEGE - AUBURN HILLS,MI,48323-2845,Public       ,973,1704,2677,3231,4571,7802
00230305,OAKLAND COMMUNITY COLLEGE - HIGHLAND LAK,MI,48327-4187,Public       ,582,1070,1652,1840,2787,4627
00230700,OAKLAND UNIVERSITY                      ,MI,48309-4401,Public       ,2410,2746,5156,13148,8141,21289
00230800,OLIVET COLLEGE                          ,MI,49076-9902,Private      ,217,66,283,1428,261,1689
00231000,ST. CLAIR COUNTY COMMUNITY COLLEGE      ,MI,48061-0000,Public       ,556,1009,1565,1903,2418,4321
00231100,KUYPER COLLEGE                          ,MI,49525-9749,Private      ,38,38,76,366,145,511
00231300,SACRED HEART MAJOR SEMINARY             ,MI,48206-1799,Private      ,4,34,38,26,111,137
00231400,SAGINAW VALLEY STATE UNIV               ,MI,48710-0001,Public       ,1330,1204,2534,9452,3728,13180
00231500,SCHOOLCRAFT COLLEGE                     ,MI,48152-2696,Public       ,1773,2870,4643,4977,6832,11809
00231600,SIENA HEIGHTS UNIVERSITY                ,MI,49221-1796,Private      ,235,605,840,1515,1600,3115
00231700,SOUTHWESTERN MICHIGAN COLLEGE           ,MI,49047-9793,Public       ,364,725,1089,1597,1816,3413
00231800,SPRING ARBOR UNIVERSITY                 ,MI,49283-9984,Private      ,292,978,1270,2514,2518,5032
00232200,FINLANDIA UNIVERSITY                    ,MI,49930-1882,Private      ,82,82,164,592,261,853
00232300,UNIVERSITY OF DETROIT MERCY             ,MI,48221-3038,Private      ,466,1025,1491,3079,3026,6105
00232303,UNIV OF DETROIT MERCY - LAW SCHOOL      ,MI,48226-0000,Private      ,4,176,180,18,665,683
00232330,UNIV OF DETROIT MERCY - DENTAL SCHOOL   ,MI,48208-2576,Private      ,21,94,115,67,362,429
00232500,UNIVERSITY OF MICHIGAN - ANN ARBOR      ,MI,48109-1316,Public       ,3012,2591,5603,31014,12056,43070
00232501,UNIVERSITY OF MICHIGAN-MEDICAL SCH      ,MI,48109-0000,Public       ,34,125,159,208,1066,1274
00232503,UNIVERSITY OF MICHIGAN LAW SCHOOL       ,MI,48109-0000,Public       ,20,412,432,81,2716,2797
00232600,UNIVERSITY OF MICHIGAN-DEARBORN         ,MI,48128-2406,Public       ,1169,1553,2722,5606,4400,10006
00232700,UNIVERSITY OF MICHIGAN-FLINT            ,MI,48502-1950,Public       ,682,1456,2138,4413,5151,9564
00232800,WASHTENAW COMMUNITY COLLEGE             ,MI,48106-0000,Public       ,1241,2283,3524,3687,5429,9116
00232900,WAYNE STATE UNIVERSITY                  ,MI,48202-0000,Public       ,3411,5843,9254,16623,18277,34900
00232901,WAYNE STATE UNIV SCH OF MEDICINE        ,MI,48201-3359,Public       ,76,377,453,370,1472,1842
00232902,WAYNE STATE UNIVERSITY - LAW SCHOOL     ,MI,48202-3424,Public       ,39,314,353,135,1153,1288
00233000,WESTERN MICHIGAN UNIVERSITY             ,MI,49008-3899,Public       ,3021,2869,5890,19607,8786,28393
00233100,WESTERN THEOLOGICAL SEMINARY            ,MI,49423-0000,Private      ,3,43,46,7,117,124
00407100,WALSH COLLEGE OF ACCT & BUS ADMN        ,MI,48007-7006,Private      ,78,648,726,268,1687,1955
00407200,NORTHWOOD UNIVERSITY                    ,MI,48640-2398,Private      ,317,585,902,1943,1555,3498
00467300,BAKER COLLEGE - FLINT                   ,MI,48507-5508,Private      ,768,2404,3172,2306,5893,8199
00467301,BAKER COLLEGE OF CADILLAC               ,MI,49601-0000,Private      ,124,548,672,427,1319,1746
00467302,BAKER COLLEGE OF CLINTON TOWNSHIP       ,MI,48035-0000,Private      ,551,1762,2313,1587,4251,5838
00467303,BAKER COLLEGE OF MUSKEGON               ,MI,49442-0000,Private      ,457,1184,1641,2306,3628,5934
00467304,BAKER COLLEGE OF OWOSSO                 ,MI,48867-0000,Private      ,356,593,949,1512,1974,3486
00467305,BAKER COLLEGE OF AUBURN HILLS           ,MI,48326-0000,Private      ,319,1326,1645,835,2884,3719
00467306,BAKER COLLEGE OF PORT HURON             ,MI,48060-0000,Private      ,139,440,579,482,1180,1662
00467309,BAKER COLLEGE OF JACKSON                ,MI,49202-0000,Private      ,196,699,895,702,2201,2903
00467311,BAKER COLLEGE-CASS CITY                 ,MI,48726-0000,Private      ,46,143,189,167,368,535
00467313,BAKER COLLEGE - GRADUATE ON-LINE        ,MI,48507-0000,Private      ,114,1979,2093,326,4968,5294
00467317,BAKER COLLEGE-ALLEN PARK                ,MI,48101-0000,Private      ,263,1211,1474,837,3118,3955
00469200,DORSEY SCHOOL OF BUSINESS               ,MI,48195-2334,Proprietary  ,39,129,168,58,245,303
00469201,DORSEY SCHOOL OF BUSINESS               ,MI,48184-0000,Proprietary  ,19,92,111,38,194,232
00469202,DORSEY SCHOOL OF BUSINESS               ,MI,48071-0000,Proprietary  ,19,103,122,39,160,199
00469204,DORSEY SCHOOL OF BUSINESS               ,MI,48066-0000,Proprietary  ,38,182,220,64,333,397
00469205,DORSEY BUSINESS SCHOOL - FARMINGTON HILL,MI,48334-3385,Proprietary  ,12,66,78,24,146,170
00469206,DORSEY BUSINESS SCHOOL - ROSEVILLE CULIN,MI,48066-4555,Proprietary  ,29,132,161,61,261,322
00469207,DORSEY BUSINESS SCHOOL - WATERFORD/PONTI,MI,48341-1037,Proprietary  ,34,130,164,46,219,265
00469208,DORSEY BUSINESS SCHOOL - SAGINAW CAMPUS ,MI,48603-5201,Proprietary  ,31,133,164,53,219,272
00491003,KAPLAN CAREER INSTITUTE - DEARBORN      ,MI,48228-0000,Proprietary  ,44,252,296,77,471,548
00676800,MID MICHIGAN COMMUNITY COLLEGE          ,MI,48625-9447,Public       ,716,1119,1835,2135,2326,4461
00677100,COLLEGE FOR CREATIVE STUDIES            ,MI,48202-4034,Private      ,286,209,495,1427,612,2039
00694900,KALAMAZOO VALLEY COMMUNITY COLLEGE      ,MI,49003-4070,Public       ,1393,2514,3907,4541,5812,10353
00717100,KIRTLAND COMMUNITY COLLEGE              ,MI,48653-0000,Public       ,249,549,798,787,1272,2059
00732991,ITT TECHNICAL INSTITUTE                 ,MI,49519-1851,Proprietary  ,322,1350,1672,561,1927,2488
00761700,CARNEGIE INSTITUTE                      ,MI,48083-1159,Proprietary  ,40,151,191,66,296,362
00795000,WEST SHORE COMMUNITY COLLEGE            ,MI,49454-0000,Public       ,139,308,447,487,723,1210
00817800,EMPIRE BEAUTY SCHOOL                    ,MI,49525-2440,Proprietary  ,91,241,332,146,372,518
00832903,ITT TECHNICAL INSTITUTE                 ,MI,48083-2008,Proprietary  ,0,0,0,0,1,1
00890600,MACOMB COMMUNITY COLLEGE                ,MI,48088-3896,Public       ,3153,4640,7793,9227,11020,20247
00894600,PORT HURON COSMETOLOGY COLLEGE          ,MI,48329-1618,Proprietary  ,3,9,12,5,23,28
00923000,WAYNE COUNTY COMMUNITY CLG-DISTRICT     ,MI,48226-3095,Public       ,2207,7286,9493,6546,20065,26611
00973200,VIRGINIA FARRELL BEAUTY SCHOOL          ,MI,48080-1448,Proprietary  ,9,32,41,17,47,64
00973400,VIRGINIA FARRELL BEAUTY SCHOOL          ,MI,48220-1739,Proprietary  ,2,10,12,11,55,66
00982800,EVEREST INSTITUTE                       ,MI,48033-4400,Proprietary  ,72,463,535,153,818,971
00982801,EVEREST INSTITUTE- DEARBORN             ,MI,48124-1927,Proprietary  ,71,281,352,116,551,667
00982803,EVEREST INSTITUTE - DETROIT             ,MI,48207-4291,Proprietary  ,47,323,370,111,578,689
01047000,KALAMAZOO BEAUTY ACADEMY                ,MI,49002-5220,Proprietary  ,12,17,29,17,33,50
01082700,DAVID PRESSLEY PROF SCH OF COSMTLGY     ,MI,48067-3219,Proprietary  ,33,76,109,76,159,235
01109800,FLINT INSTITUTE OF BARBERING            ,MI,48504-4395,Proprietary  ,11,55,66,20,96,116
01164600,VIRGINIA FARRELL BEAUTY SCHOOL          ,MI,48185-3091,Proprietary  ,12,44,56,20,74,94
01229100,WRIGHT BEAUTY ACADEMY                   ,MI,49015-2696,Proprietary  ,12,23,35,20,42,62
01262700,THOMAS M. COOLEY LAW SCHOOL             ,MI,48901-1586,Private      ,6,1198,1204,18,3755,3773
01321800,M J MURPHY BTY CLG MT PLEASANT          ,MI,48858-2502,Proprietary  ,23,21,44,49,48,97
02060300,MICHIGAN INSTITUTE OF AERONAUTICS       ,MI,48188-2533,Proprietary  ,186,325,511,320,536,856
02068700,FISER'S COLLEGE OF COSMETOLOGY          ,MI,49221-0000,Proprietary  ,1,13,14,11,43,54
02099700,ROSS MEDICAL EDUCATION CENTER           ,MI,48532-0000,Proprietary  ,84,403,487,156,683,839
02099701,ROSS MEDICAL EDUCATION CENTER-SAGINAW   ,MI,48603-5227,Proprietary  ,10,30,40,25,86,111
02099702,ROSS MEDICAL EDUCATION CENTER-PORT HURON,MI,48060-1958,Proprietary  ,1,28,29,7,57,64
02099703,ROSS MEDICAL EDUCATION CENTER-ROOSEVELT ,MI,49441-4156,Proprietary  ,0,8,8,4,19,23
02100400,EVEREST INSTITUTE                       ,MI,49525-2301,Proprietary  ,53,314,367,137,617,754
02100401,EVEREST INSTITUTE - KALAMAZOO           ,MI,49009-3307,Proprietary  ,55,219,274,117,422,539
02125600,MICHIGAN COLLEGE OF BEAUTY              ,MI,48083-0000,Proprietary  ,31,96,127,71,166,237
02152103,ACADEMY OF COURT REPORTING & TECHNOLOGY ,MI,48017-1495,Proprietary  ,2,43,45,9,106,115
02158600,MR BELA'S SCHOOL OF COSMETOLOGY         ,MI,48092-4637,Proprietary  ,6,24,30,11,36,47
02160303,INTERNATIONAL ACADEMY OF DESIGN AND TECH,MI,48083-2160,Proprietary  ,240,290,530,520,631,1151
02180100,ROSS MEDICAL EDUCATION CENTER           ,MI,48092-0000,Proprietary  ,55,243,298,74,366,440
02180105,ROSS MEDICAL EDUCATION CENTER-REDFORD   ,MI,48239-1260,Proprietary  ,5,17,22,11,54,65
02198900,MICHIGAN SCHOOL OF PROFESSIONAL PSYCHOLO,MI,48334-4512,Private      ,1,84,85,6,147,153
02209200,TAYLORTOWN SCHOOL OF BEAUTY             ,MI,48180-0000,Proprietary  ,5,11,16,8,25,33
02237800,SPECS HOWARD SCHOOL OF MEDIA ARTS       ,MI,48075-0000,Proprietary  ,191,263,454,405,490,895
02285700,BAYSHIRE BEAUTY ACADEMY                 ,MI,48708-5614,Proprietary  ,8,41,49,23,93,116
02289801,KAPLAN INSTITUTE - DETROIT CAMPUS       ,MI,48202-0000,Proprietary  ,47,237,284,99,478,577
02324500,MICHIGAN COLLEGE OF BEAUTY              ,MI,48161-3901,Proprietary  ,22,59,81,43,95,138
02339700,ROSS MEDICAL EDUCATION CENTER           ,MI,48116-0000,Proprietary  ,67,248,315,88,383,471
02339701,ROSS MEDICAL EDUCATION CENTER-ANN ARBOR ,MI,48108-1411,Proprietary  ,3,20,23,10,58,68
02339703,ROSS MEDICAL EDUCATION CENTER - DAVISON ,MI,48423-1751,Proprietary  ,5,8,13,14,23,37
02361500,MICHIGAN BARBER COLLEGE                 ,MI,48204-2244,Private      ,25,107,132,61,229,290
02363800,YESHIVA GEDOLAH OF GREATER DETROIT      ,MI,48237-0000,Private      ,1,0,1,2,2,4
02491000,WEST MI COLG OF BARBERING & BEAUTY      ,MI,49008-0000,Proprietary  ,9,26,35,13,45,58
02498300,VIRGINIA FARRELL BEAUTY SCHOOL          ,MI,48154-0000,Proprietary  ,17,35,52,23,61,84
02533600,ROSS MEDICAL EDUCATION CENTER           ,MI,48917-2108,Proprietary  ,49,288,337,88,465,553
02533601,ROSS MEDICAL EDUCATION CENTER - GRAND RA,MI,49546-2430,Proprietary  ,5,45,50,33,116,149
02588200,DOUGLAS J AVEDA INSTITUTE               ,MI,48823-4351,Proprietary  ,180,232,412,409,457,866
02588201,DOUGLAS J AVEDA INSTITUTE - ANN ARBOR   ,MI,48104-2211,Proprietary  ,36,46,82,77,99,176
02595700,HILLSDALE BEAUTY COLLEGE                ,MI,49242-0000,Proprietary  ,7,8,15,33,19,52
02618400,MICHIGAN CAREER & TECHNICAL INST        ,MI,49080-9254,Public       ,87,59,146,164,88,252
03005700,DETROIT BUSINESS INST. DOWNRIVER        ,MI,48193-6761,Proprietary  ,5,47,52,15,109,124
03028500,LAWTON SCHOOL                           ,MI,48075-0000,Proprietary  ,15,62,77,23,111,134
03066600,BAY MILLS COMMUNITY COLLEGE             ,MI,49715-9750,Public       ,33,132,165,120,321,441
03075200,TWIN CITY BEAUTY COLLEGE                ,MI,49085-3305,Proprietary  ,17,74,91,26,103,129
03075201,TWIN CITY BEAUTY COLLEGE - TRAVERSE CITY,MI,49686-5119,Proprietary  ,2,9,11,6,30,36
03090000,SHARP'S ACADEMY OF HAIRSTYLING INC.     ,MI,48433-0000,Proprietary  ,6,26,32,8,44,52
03109700,HOUGHTON LAKE INST OF COSMETOLOGY       ,MI,48629-0669,Proprietary  ,3,7,10,6,16,22
03110300,THE SCHOOL OF CREATIVE HAIR DESIGN      ,MI,49036-1139,Proprietary  ,7,11,18,11,17,28
03124000,NORTHWESTERN TECHNOLOGICAL INST         ,MI,48075-2412,Proprietary  ,32,146,178,56,232,288
03284300,MICHIGAN JEWISH INSTITUTE               ,MI,48237-0000,Private      ,536,186,722,664,229,893
03490300,PAUL MITCHELL THE SCHOOL ESCANABA       ,MI,49829-0000,Proprietary  ,96,156,252,197,272,469
03588300,IRENE'S MYOMASSOLOGY INSTITUTE          ,MI,48033-2404,Proprietary  ,15,105,120,42,244,286
03704300,BLUE WATER COLLEGE OF COSMETOLOGY       ,MI,48040-0000,Proprietary  ,9,29,38,19,47,66
03772300,SAGINAW CHIPPEWA TRIBAL COLLEGE         ,MI,48858-0000,Public       ,3,24,27,12,44,56
03815300,IN SESSION-ARTS OF COSMETOLOGY BEAU     ,MI,48609-0000,Proprietary  ,17,47,64,29,86,115
03907300,PAUL MITCHELL THE SCHOOL GREAT LAKES    ,MI,48060-0000,Proprietary  ,11,27,38,37,58,95
03915300,CAREER QUEST LEARNING CENTER            ,MI,48910-4732,Proprietary  ,62,373,435,101,677,778
03968300,LAKEWOOD SCHOOL OF THERAPEUTIC MASSAGE  ,MI,48060-0000,Proprietary  ,4,30,34,14,51,65
03976500,ANN ARBOR INSTITUTE OF MASSAGE THERAPY  ,MI,48103-0000,Proprietary  ,9,40,49,22,86,108
04002400,ECUMENICAL THEOLOGICAL SEMINARY         ,MI,48201-3035,Private      ,0,47,47,0,103,103
04006300,NUVO COLLEGE OF COSMETOLOGY             ,MI,49441-3822,Proprietary  ,8,28,36,19,53,72
04014300,P&A SCHOLARS BEAUTY SCHOOL              ,MI,48204-0000,Proprietary  ,31,117,148,69,230,299
04094300,ROBERT B. MILLER COLLEGE (THE)          ,MI,49017-3306,Private      ,22,112,134,67,305,372
04121100,GALLERY COLLEGE OF BEAUTY (THE)         ,MI,48036-3591,Proprietary  ,30,107,137,56,189,245
04136300,FOCUS:  HOPE INFORMATION TECHNOLOGIES CE,MI,48238-2949,Private      ,7,36,43,7,40,47
04138400,SCHOOL OF DESIGNING ARTS                ,MI,49015-2853,Proprietary  ,15,26,41,29,48,77
04140900,INTERNATIONAL COSMETOLOGY ACADEMY       ,MI,49508-1308,Proprietary  ,16,37,53,31,71,102
04141100,FRENCH ACADEMY OF COSMETOLOGY           ,MI,49456-3207,Proprietary  ,8,21,29,17,47,64
04158400,L'ESPRIT ACADEMY                        ,MI,48150-0000,Proprietary  ,24,45,69,37,87,124
04159300,MARKETTI ACADEMY OF COSMETOLOGY         ,MI,48329-3506,Proprietary  ,15,36,51,27,64,91
04163300,COMPASS FILM ACADEMY                    ,MI,49504-5296,Private      ,25,30,55,74,56,130
04164700,KEWEENAW BAY OJIBWA COMMUNITY COLLEGE   ,MI,49908-0000,Public       ,4,6,10,5,13,18
04169300,SCHOLARS COSMETOLOGY UNIVERSITY         ,MI,48108-0000,Proprietary  ,8,28,36,15,38,53
04183300,ABCOTT INSTITUTE                        ,MI,48075-5227,Proprietary  ,12,79,91,13,107,120
04184700,PROTEGE ACADEMY                         ,MI,48823-8660,Proprietary  ,7,23,30,20,46,66
00233200,ANOKA-RAMSEY CC-CAMBRIDGE/COONRAPID     ,MN,55433-3499,Public       ,1359,1926,3285,2156,3130,5286
00233400,AUGSBURG COLLEGE                        ,MN,55454-1351,Private      ,747,817,1564,2896,1636,4532
00233500,RIVERLAND COMMUNITY COLLEGE             ,MN,55912-1473,Public       ,394,696,1090,715,1215,1930
00233600,BEMIDJI STATE UNIVERSITY                ,MN,56601-2699,Public       ,1237,794,2031,3179,1501,4680
00233700,BETHANY LUTHERAN COLLEGE INC            ,MN,56001-6163,Private      ,231,27,258,628,64,692
00233900,CENTRAL LAKES COLG-BRAINERD/STAPLES     ,MN,56401-3900,Public       ,645,830,1475,1044,1400,2444
00234000,CARLETON COLLEGE                        ,MN,55057-4001,Private      ,132,10,142,3021,55,3076
00234100,COLLEGE OF ST BENEDICT                  ,MN,56374-2099,Private      ,512,22,534,2038,59,2097
00234200,ST. CATHERINE UNIVERSITY                ,MN,55105-1789,Private      ,810,1367,2177,2507,2746,5253
00234300,COLLEGE OF ST SCHOLASTICA               ,MN,55811-4199,Private      ,627,692,1319,2100,1295,3395
00234500,UNIVERSITY OF ST THOMAS                 ,MN,55105-1096,Private      ,1036,1457,2493,6280,2921,9201
00234600,CONCORDIA COLLEGE-MOORHEAD              ,MN,56562-0001,Private      ,913,70,983,3065,190,3255
00234700,"CONCORDIA UNIVERSITY, ST PAUL, MN       ",MN,55104-5494,Private      ,330,637,967,1097,1158,2255
00235000,VERMILION COMMUNITY COLLEGE             ,MN,55731-1996,Public       ,222,76,298,464,150,614
00235300,GUSTAVUS ADOLPHUS COLLEGE               ,MN,56082-1498,Private      ,685,25,710,3478,106,3584
00235400,HAMLINE UNIVERSITY                      ,MN,55104-1284,Private      ,581,1089,1670,2608,2271,4879
00235500,HIBBING COMMUNITY COLLEGE               ,MN,55746-3300,Public       ,233,382,615,419,591,1010
00235600,ITASCA COMMUNITY COLLEGE                ,MN,55744-3397,Public       ,279,241,520,615,445,1060
00235700,LUTHER SEMINARY                         ,MN,55108-0000,Private      ,0,100,100,2,373,375
00235800,MACALESTER COLLEGE                      ,MN,55105-1899,Private      ,605,34,639,3531,109,3640
00236000,"MINNESOTA STATE UNIVERSITY, MANKATO     ",MN,56002-0000,Public       ,3191,1354,4545,10309,3449,13758
00236100,MARTIN LUTHER COLLEGE                   ,MN,56073-3965,Private      ,266,31,297,642,46,688
00236200,MINNEAPOLIS COMM AND TECH COLLEGE       ,MN,55403-1779,Public       ,1725,4134,5859,2747,6723,9470
00236500,MINNEAPOLIS COLLEGE OF ART & DESIGN     ,MN,55404-4343,Private      ,105,104,209,842,397,1239
00236600,CROSSROADS COLLEGE                      ,MN,55902-2382,Private      ,36,38,74,66,65,131
00236700,MINNESOTA STATE UNIVERSITY MOORHEAD     ,MN,56563-0001,Public       ,1445,829,2274,4484,1788,6272
00236900,NORTH CENTRAL UNIVERSITY                ,MN,55404-1391,Private      ,502,147,649,1197,283,1480
00237000,NORTH HENNEPIN COMMUNITY COLLEGE        ,MN,55445-2299,Public       ,1085,1990,3075,1820,3293,5113
00237100,NORTHWESTERN COLLEGE                    ,MN,55113-1598,Private      ,665,307,972,1987,532,2519
00237300,ROCHESTER COMMUNITY/TECH COLLEGE        ,MN,55904-4999,Public       ,1090,1393,2483,2072,2474,4546
00237500,SOUTHWEST MINNESOTA STATE UNIVERSITY    ,MN,56258-1598,Public       ,449,349,798,1828,725,2553
00237700,ST CLOUD STATE UNIVERSITY               ,MN,56301-4498,Public       ,3417,1815,5232,8451,3588,12039
00237900,SAINT JOHNS UNIVERSITY                  ,MN,56321-0000,Private      ,514,27,541,1923,87,2010
00238000,SAINT MARY'S UNIVERSITY                 ,MN,55987-1399,Private      ,215,1044,1259,1685,1953,3638
00238200,ST OLAF COLLEGE                         ,MN,55057-1098,Private      ,621,28,649,3818,88,3906
00238300,CROWN COLLEGE                           ,MN,55375-9001,Private      ,268,235,503,716,398,1114
00238500,NORTHLAND COMMUNITY & TECHNICAL CLG     ,MN,56701-2598,Public       ,499,761,1260,924,1294,2218
00238600,UNITED THEOLGCL SEMINRY TWIN CITIES     ,MN,55112-0000,Private      ,1,63,64,5,103,108
00238800,"UNIVERSITY OF MINNESOTA, DULUTH         ",MN,55812-2496,Public       ,2986,825,3811,8942,1656,10598
00238900,"UNIVERSITY OF MINNESOTA, MORRIS         ",MN,56267-2113,Public       ,380,104,484,2006,252,2258
00239100,WILLIAM MITCHELL COLLEGE OF LAW         ,MN,55105-0000,Private      ,0,433,433,2,1165,1167
00239300,MINNESOTA STATE COLLEGE-SE TECH         ,MN,55987-0409,Public       ,353,609,962,632,973,1605
00239400,WINONA STATE UNIVERSITY                 ,MN,55987-5838,Public       ,2297,596,2893,6361,1090,7451
00396900,UNIVERSITY OF MINNESOTA-TWIN CITIES     ,MN,55455-0422,Public       ,6763,5938,12701,29072,14852,43924
00400900,MESABI RANGE CMNTY & TECH COLLEGE       ,MN,55792-0000,Public       ,211,236,447,349,362,711
00405708,NATIONAL AMERICAN UNIVERSITY            ,MN,55113-0000,Proprietary  ,11,78,89,19,180,199
00405715,NATIONAL AMERICAN UNIVERSITY - BLOOMINGT,MN,55425-5550,Proprietary  ,12,83,95,22,204,226
00406900,UNIVERSITY OF MINNESOTA-CROOKSTON       ,MN,56716-5001,Public       ,317,222,539,1027,431,1458
00438600,VETERAN'S MEDICAL CTR- SCH RAD TECH     ,MN,55417-2399,Public       ,1,5,6,2,11,13
00464100,DUNWOODY COLLEGE OF TECHNOLOGY          ,MN,55403-1192,Private      ,301,522,823,523,890,1413
00464200,GLOBE UNIVERSITY                        ,MN,55125-5408,Proprietary  ,683,2365,3048,1049,3729,4778
00464500,MINNEAPOLIS BUSINESS COLLEGE            ,MN,55113-4036,Proprietary  ,190,74,264,385,143,528
00464600,MINNESOTA SCHOOL OF BUSINESS            ,MN,55423-0000,Proprietary  ,921,3003,3924,1279,4652,5931
00525200,RIDGEWATER COLLEGE                      ,MN,56201-2098,Public       ,723,712,1435,1359,1237,2596
00526300,MINNESOTA WEST CMNTY & TECH COLG        ,MN,56241-1096,Public       ,324,642,966,617,1056,1673
00553300,"SAINT PAUL COLLEGE, COMMUNITY/TECHNICAL ",MN,55102-1800,Public       ,1157,2965,4122,1962,4707,6669
00553400,SAINT CLOUD TECHNICAL COLLEGE AND COMMUN,MN,56303-1240,Public       ,1035,1068,2103,1810,1856,3666
00553500,PINE TECHNICAL COLLEGE                  ,MN,55063-2198,Public       ,105,353,458,162,532,694
00553700,SOUTH CENTRAL COLLEGE                   ,MN,56003-0000,Public       ,650,854,1504,1163,1411,2574
00554100,MINNESOTA STATE COMMUNITY AND TECHNICAL ,MN,56573-1405,Public       ,904,1470,2374,1624,2592,4216
00554400,ALEXANDRIA TECHNICAL COLLEGE            ,MN,56308-3799,Public       ,523,420,943,1023,720,1743
00575700,LAKE SUPERIOR COLLEGE                   ,MN,55811-3399,Public       ,733,1173,1906,1308,1936,3244
00575900,NORTHWEST TECHNICAL COLLEGE - BEMIDJI   ,MN,56601-4907,Public       ,195,392,587,318,720,1038
00677500,RAINY RIVER COMMUNITY COLLEGE           ,MN,56649-2187,Public       ,49,43,92,90,72,162
00735000,ANOKA-HENNEPIN TECHNICAL COLLEGE        ,MN,55303-1590,Public       ,314,1029,1343,508,1673,2181
00735100,BROWN COLLEGE                           ,MN,55120-1004,Proprietary  ,189,399,588,457,878,1335
00746200,COLLEGE OF VISUAL ARTS                  ,MN,55102-2199,Private      ,81,25,106,203,51,254
00795400,NORMANDALE COMMUNITY COLLEGE            ,MN,55431-4399,Public       ,1558,1984,3542,3004,3527,6531
00826700,NORTHWEST TECHNICAL INSTITUTE           ,MN,55121-5001,Proprietary  ,43,23,66,65,40,105
00869400,RASMUSSEN COLLEGE - ST. CLOUD           ,MN,56301-3713,Proprietary  ,139,752,891,226,1195,1421
00869401,RASMUSSEN COLLEGE - BROOKLYN PARK       ,MN,55445-1512,Proprietary  ,128,713,841,209,1150,1359
00869406,RASMUSSEN COLLEGE - EAGAN               ,MN,55122-1346,Proprietary  ,101,454,555,177,1025,1202
00869407,RASMUSSEN COLLEGE - EDEN PRAIRIE        ,MN,55344-7220,Proprietary  ,163,1564,1727,299,3179,3478
00869409,RASMUSSEN COLLEGE - MANKATO             ,MN,56001-8658,Proprietary  ,99,349,448,222,884,1106
00869412,RASMUSSEN COLLEGE - LAKE ELMO           ,MN,55042-8624,Proprietary  ,78,413,491,115,732,847
00869416,RASMUSSEN COLLEGE - MOORHEAD            ,MN,56560-4513,Proprietary  ,95,378,473,162,750,912
00869417,RASMUSSEN COLLEGE - BLAINE              ,MN,55014-0000,Proprietary  ,76,316,392,102,494,596
00905800,BETHEL UNIVERSITY                       ,MN,55112-6999,Private      ,1009,814,1823,3088,1414,4502
00960000,COSMETOLOGY CAREERS UNLTD-DULUTH        ,MN,55802-2031,Proprietary  ,8,13,21,15,24,39
00972200,EMPIRE BEAUTY SCHOOL                    ,MN,55119-7003,Proprietary  ,32,140,172,47,210,257
00974000,INVER HILLS COMMUNITY COLLEGE           ,MN,55076-3224,Public       ,879,1302,2181,1608,2472,4080
00983100,MODEL COLLEGE OF HAIR DESIGN            ,MN,56301-4280,Proprietary  ,66,48,114,99,78,177
00987000,EMPIRE BEAUTY SCHOOL                    ,MN,55420-2919,Proprietary  ,62,170,232,98,247,345
00989200,"DULUTH BUSINESS UNIV, INC.              ",MN,55807-0000,Proprietary  ,59,155,214,97,291,388
00999200,OAK HILLS CHRISTIAN COLLEGE             ,MN,56601-0000,Private      ,36,24,60,79,38,117
01024800,ART INSTITUTES INTL MINNESOTA           ,MN,55402-3137,Proprietary  ,629,559,1188,1262,980,2242
01035602,EVEREST INSTITUTE - EAGAN               ,MN,55121-1696,Proprietary  ,48,207,255,78,363,441
01037400,METROPOLITAN STATE UNIVERSITY           ,MN,55106-5000,Public       ,735,3329,4064,1422,5623,7045
01040200,DAKOTA COUNTY TECHNICAL COLLEGE         ,MN,55068-2999,Public       ,397,781,1178,716,1369,2085
01049000,REGENCY BEAUTY INSTITUTE                ,MN,55428-0000,Proprietary  ,1116,2711,3827,1873,4541,6414
01049100,HENNEPIN TECHNICAL COLLEGE              ,MN,55445-2399,Public       ,762,2215,2977,1259,3549,4808
01054600,CENTURY COLLEGE                         ,MN,55110-1894,Public       ,2154,3335,5489,3634,5284,8918
01173200,"MAYO CLINIC, COLLEGE OF MEDICINE        ",MN,55905-0000,Private      ,11,105,116,28,308,336
01173201,MAYO SCHOOL OF HEALTH-RELATED SCIEN     ,MN,55905-0000,Private      ,15,60,75,59,171,230
01173206,MAYO GRAD SCHOOL                        ,MN,55901-0000,Private      ,2,12,14,3,36,39
01173207,MAYO MEDICAL SCHOOL                     ,MN,55901-0000,Private      ,3,45,48,10,199,209
01232800,NORTHWESTERN HEALTH SCIENCES UNIV       ,MN,55431-1599,Private      ,26,368,394,52,650,702
02050300,ACADEMY COLLEGE                         ,MN,55420-1554,Proprietary  ,23,137,160,35,178,213
02097300,HASTINGS BEAUTY SCHOOL                  ,MN,55033-1205,Proprietary  ,9,13,22,18,26,44
02123200,AVEDA INSTITUTE                         ,MN,55414-0000,Proprietary  ,163,176,339,294,298,592
02159800,COSMETOLOGY CAREERS UNLTD - HIBBING     ,MN,55746-0000,Proprietary  ,3,6,9,7,22,29
02160901,"SALON PROFESSIONAL ACADEMY, THE - THE SA",MN,55428-4928,Proprietary  ,9,19,28,19,45,64
02238100,MINNESOTA SCHOOL OF COSMETOLOGY         ,MN,55125-0000,Proprietary  ,64,106,170,96,151,247
02260500,SUMMIT ACAD OPPORTUNITIES IND CTR       ,MN,55405-0000,Private      ,13,72,85,16,124,140
02263102,ANTHEM COLLEGE - ST. LOUIS PARK         ,MN,55416-2467,Proprietary  ,8,30,38,17,54,71
02504200,WALDEN UNIVERSITY                       ,MN,55401-2511,Proprietary  ,74,15214,15288,141,30249,30390
02514100,AMERICAN INDIAN OPPORTUNITIES CTR       ,MN,55404-0000,Private      ,7,74,81,12,133,145
03001200,MCNALLY SMITH COLLEGE OF MUSIC          ,MN,55101-2220,Proprietary  ,194,111,305,618,203,821
03051900,ALFRED ADLER GRADUATE SCHOOL            ,MN,55305-0000,Private      ,2,88,90,2,164,166
03096400,LEECH LAKE TRIBAL COLLEGE               ,MN,56633-0000,Public       ,13,86,99,22,149,171
03129100,FOND DU LAC TRIBAL & COMMUNITY CLG      ,MN,55720-2984,Public       ,179,361,540,301,569,870
03267300,CAPELLA UNIVERSITY                      ,MN,55402-3389,Proprietary  ,59,24672,24731,120,39621,39741
03833300,AMERICAN ACADEMY OF ACUPUNCTURE AND ORIE,MN,55113-0000,Proprietary  ,0,27,27,3,49,52
03921400,WHITE EARTH TRIBAL AND COMMUNITY COLLEGE,MN,56557-0478,Private      ,6,45,51,12,57,69
04044300,HAZELDEN GRADUATE SCHOOL OF ADDICTION ST,MN,55012-0000,Private      ,1,52,53,4,98,102
04130200,INST. OF PRODUCTION AND RECORDING       ,MN,55401-1315,Proprietary  ,184,146,330,317,250,567
04148800,CENTERPOINT MASSAGE & SHIATSU THERAPY SC,MN,55414-4525,Proprietary  ,11,47,58,21,79,100
04157600,NOVA ACADEMY OF COSMETOLOGY             ,MN,55906-4103,Proprietary  ,8,39,47,18,57,75
04160000,ALLURE SCHOOL OF COSMETOLOGY            ,MN,55066-2086,Proprietary  ,6,16,22,16,26,42
04160500,AVALON SCHOOL OF COSMETOLOGY            ,MN,56187-1930,Proprietary  ,8,17,25,14,25,39
04174400,ROCHESTER SCHOOL OF HAIR DESIGN         ,MN,55901-4310,Proprietary  ,7,7,14,7,7,14
04175600,PARK AVENUE SCHOOL OF COSMETOLOGY       ,MN,56470-3361,Proprietary  ,0,15,15,1,19,20
00239600,ALCORN STATE UNIVERSITY                 ,MS,39096-7500,Public       ,1356,1523,2879,3452,2847,6299
00239700,BELHAVEN UNIVERSITY                     ,MS,39202-1789,Private      ,346,1374,1720,1286,2731,4017
00239800,BLUE MOUNTAIN COLLEGE                   ,MS,38610-9370,Private      ,149,118,267,401,233,634
00240100,COAHOMA COMMUNITY COLLEGE               ,MS,38614-9799,Public       ,547,741,1288,1071,1389,2460
00240200,COPIAH-LINCOLN COMMUNITY COLLEGE        ,MS,39191-0649,Public       ,787,1006,1793,1622,1820,3442
00240300,DELTA STATE UNIVERSITY                  ,MS,38733-0000,Public       ,887,1192,2079,2562,2284,4846
00240400,EAST CENTRAL COMMUNITY COLLEGE          ,MS,39327-0129,Public       ,633,846,1479,1461,1498,2959
00240500,EAST MISSISSIPPI COMM COLLEGE           ,MS,39358-0000,Public       ,1076,1567,2643,2026,2643,4669
00240700,HINDS COMMUNITY COLLEGE                 ,MS,39154-9799,Public       ,2823,4709,7532,5623,8474,14097
00240800,HOLMES COMMUNITY COLLEGE                ,MS,39079-0000,Public       ,1378,2285,3663,2948,4203,7151
00240900,ITAWAMBA COMMUNITY COLLEGE              ,MS,38843-1099,Public       ,1537,2101,3638,3099,3936,7035
00241000,JACKSON STATE UNIVERSITY                ,MS,39217-0001,Public       ,2569,4161,6730,7185,7481,14666
00241100,JONES COUNTY JUNIOR COLLEGE             ,MS,39437-3999,Public       ,1307,1131,2438,2888,2203,5091
00241300,MERIDIAN COMMUNITY COLLEGE              ,MS,39307-5890,Public       ,803,1132,1935,1601,1993,3594
00241400,MILLSAPS COLLEGE                        ,MS,39201-0000,Private      ,269,192,461,1374,400,1774
00241500,MISSISSIPPI COLLEGE                     ,MS,39058-0001,Private      ,868,1493,2361,2377,2737,5114
00241501,MISSISSIPPI COLLEGE - SCHOOL OF LAW     ,MS,39201-1391,Private      ,21,382,403,59,884,943
00241600,MISSISSIPPI DELTA CMTY COLLEGE          ,MS,38761-0000,Public       ,775,838,1613,1525,1565,3090
00241700,MISSISSIPPI GULF CST CLG-PERKINSTON     ,MS,39573-0000,Public       ,728,468,1196,1550,839,2389
00241701,MISSISSIPPI GULF CST CLG-JEFF DAVIS     ,MS,39507-0000,Public       ,732,1573,2305,1360,2652,4012
00241702,MISSISSIPPI GULF CST CLG-JACKSON CN     ,MS,39553-0000,Public       ,661,1064,1725,1253,1818,3071
00242200,MISSISSIPPI UNIV FOR WOMEN              ,MS,39701-5818,Public       ,535,928,1463,1423,1866,3289
00242300,MISSISSIPPI STATE UNIVERSITY            ,MS,39762-9698,Public       ,4366,2985,7351,14092,6261,20353
00242400,MISSISSIPPI VALLEY STATE UNIVERSITY     ,MS,38941-1400,Public       ,903,1131,2034,2472,2146,4618
00242600,NORTHEAST MS CMNTY COLLEGE              ,MS,38829-1731,Public       ,1024,920,1944,2248,1844,4092
00242700,NORTHWEST MISSISSIPPI COMMUNITY CLG     ,MS,38668-1703,Public       ,1952,1993,3945,4229,3816,8045
00243000,PEARL RIVER COMMUNITY COLLEGE           ,MS,39470-2201,Public       ,1199,1615,2814,2303,2872,5175
00243300,RUST COLLEGE                            ,MS,38635-2328,Private      ,302,188,490,875,430,1305
00243500,SOUTHEASTERN BAPTIST COLLEGE            ,MS,39440-0000,Private      ,8,28,36,15,41,56
00243600,SOUTHWEST MISSISSIPPI CMNTY CLG         ,MS,39666-8099,Public       ,556,628,1184,1053,1061,2114
00243900,TOUGALOO COLLEGE                        ,MS,39174-9799,Private      ,480,294,774,1413,575,1988
00244000,UNIVERSITY OF MISSISSIPPI               ,MS,38677-1848,Public       ,3308,2644,5952,12035,5698,17733
00244001,UNIVERSITY OF MISSISSIPPI - MED CTR     ,MS,39216-0000,Public       ,160,666,826,536,1880,2416
00244100,UNIVERSITY OF SOUTHERN MISSISSIPPI      ,MS,39406-0001,Public       ,3282,3434,6716,10040,7768,17808
00244700,WILLIAM CAREY UNIVERSITY                ,MS,39401-5499,Private      ,506,1593,2099,1154,2924,4078
01289101,ANTONELLI COLLEGE - JACKSON             ,MS,39232-9514,Proprietary  ,90,537,627,145,866,1011
01289102,ANTONELLI COLLEGE - HATTIESBURG         ,MS,39401-3056,Proprietary  ,75,310,385,123,500,623
02074900,CHRIS' BEAUTY COLLEGE                   ,MS,39501-0000,Proprietary  ,20,53,73,28,81,109
02160500,NORTH MISSISSIPPI MED CTR MED TECH      ,MS,38801-0000,Private      ,11,40,51,30,87,117
02235900,ACADEMY OF HAIR DESIGN #4               ,MS,39208-0000,Proprietary  ,35,76,111,53,124,177
02244300,ACADEMY OF HAIR DESIGN #1               ,MS,38901-0000,Proprietary  ,36,133,169,46,177,223
02249900,DELTA BEAUTY COLLEGE                    ,MS,38701-0000,Proprietary  ,23,51,74,35,79,114
02251600,ACADEMY OF HAIR DESIGN #6               ,MS,39401-7581,Proprietary  ,37,111,148,59,164,223
02251700,FOSTER'S COSMETOLOGY COLLEGE            ,MS,38663-0000,Proprietary  ,1,5,6,1,8,9
02302800,MISSISSIPPI COLLEGE OF BEAUTY CULT      ,MS,39440-0000,Proprietary  ,9,37,46,21,57,78
02320800,MAGNOLIA COLLEGE OF COSMETOLOGY         ,MS,39206-0000,Proprietary  ,28,68,96,49,134,183
02502100,CREATIONS COLLEGE OF COSMETOLOGY        ,MS,38803-0000,Proprietary  ,25,44,69,39,76,115
02516200,WESLEY BIBLICAL SEMINARY                ,MS,39206-0000,Private      ,1,43,44,4,81,85
02586000,J & J HAIR DESIGN COLLEGE               ,MS,39051-3716,Proprietary  ,17,52,69,29,74,103
03004000,FINAL TOUCH BEAUTY SCHOOL               ,MS,39307-2934,Proprietary  ,3,24,27,9,41,50
03010603,VIRGINIA COLLEGE - JACKSON              ,MS,39206-5602,Proprietary  ,88,486,574,140,731,871
03010610,VIRGINIA COLLEGE - BILOXI               ,MS,39532-2124,Proprietary  ,50,414,464,85,740,825
03263300,TRAXLER'S SCHOOL OF HAIR                ,MS,39212-2529,Proprietary  ,7,30,37,13,51,64
03464300,ACADEMY OF HAIR DESIGN                  ,MS,39562-0000,Proprietary  ,5,40,45,14,50,64
03525300,BLUE CLIFF COLLEGE                      ,MS,39507-0000,Proprietary  ,73,225,298,114,472,586
03848300,DAY SPA CAREER COLLEGE                  ,MS,39564-0000,Proprietary  ,12,57,69,21,75,96
03963300,HEALING TOUCH SCHOOL OF MASSAGE THERAPY ,MS,39402-1300,Proprietary  ,2,26,28,10,46,56
04131300,CORINTH ACADEMY OF COSMETOLOGY          ,MS,38834-4813,Proprietary  ,10,49,59,17,69,86
04137400,MISSISSIPPI SCHOOL OF THERAPEUTIC MASSAG,MS,39216-5023,Proprietary  ,4,28,32,9,52,61
04140200,"MISSISSIPPI INSTITUTE OF AESTHETICS, NAI",MS,39056-5628,Proprietary  ,12,27,39,19,46,65
00252600,CARROLL COLLEGE                         ,MT,59625-0002,Private      ,120,53,173,1746,281,2027
00252700,UNIVERSITY OF GREAT FALLS               ,MT,59405-4996,Private      ,147,200,347,617,528,1145
00252800,MILES COMMUNITY COLLEGE                 ,MT,59301-4799,Public       ,52,63,115,229,189,418
00252900,DAWSON COMMUNITY COLLEGE                ,MT,59330-1405,Public       ,53,53,106,219,115,334
00253000,MONTANA STATE UNIVERSITY - BILLINGS     ,MT,59101-0298,Public       ,479,1021,1500,2421,2982,5403
00253100,MONTANA TECH OF THE UNIV OF MONTANA     ,MT,59701-8997,Public       ,230,362,592,1380,1117,2497
00253200,MONTANA STATE UNIVERSITY - BOZEMAN      ,MT,59717-0001,Public       ,1286,1214,2500,9826,4217,14043
00253300,MONTANA STATE UNIVERSITY-NORTHERN       ,MT,59501-3148,Public       ,163,245,408,671,612,1283
00253400,ROCKY MOUNTAIN COLLEGE                  ,MT,59102-1796,Private      ,228,113,341,1107,352,1459
00253600,UNIVERSITY OF MONTANA (THE)             ,MT,59812-0001,Public       ,1455,1997,3452,8079,7035,15114
00253700,UNIVERSITY OF MONTANA WESTERN (THE)     ,MT,59725-3598,Public       ,213,208,421,1151,541,1692
00677700,FLATHEAD VALLEY COMMUNITY COLLEGE       ,MT,59901-2699,Public       ,194,449,643,705,1358,2063
00757000,HELENA COLLEGE OF TECHNOLOGY            ,MT,59601-3098,Public       ,120,402,522,367,951,1318
00790000,BUTTE ACADEMY OF BEAUTY CULTURE         ,MT,59701-9197,Proprietary  ,7,19,26,17,33,50
00894700,"DAHL'S COLLEGE OF BEAUTY,INC            ",MT,59401-3731,Proprietary  ,5,21,26,17,44,61
00931400,MSU COLLEGE OF TECH-GREAT FALLS         ,MT,59405-4907,Public       ,177,519,696,488,1147,1635
02143400,SALISH KOOTENAI COLLEGE                 ,MT,59855-0000,Public       ,91,282,373,212,680,892
02286600,LITTLE BIG HORN COLLEGE                 ,MT,59022-0000,Public       ,28,31,59,66,93,159
02343000,FT PECK COMMUNITY COLLEGE               ,MT,59255-0000,Public       ,16,39,55,35,98,133
02510600,BLACKFEET COMMUNITY COLLEGE             ,MT,59417-0000,Private      ,25,41,66,75,150,225
02517500,FORT BELKNAP COLLEGE                    ,MT,59526-0000,Public       ,15,42,57,30,84,114
02545200,CHIEF DULL KNIFE COLLEGE                ,MT,59043-0098,Public       ,16,31,47,52,71,123
02610900,STONE CHILD COLLEGE                     ,MT,59521-9796,Public       ,6,23,29,32,88,120
02621300,ACADEMY OF COSMETOLOGY                  ,MT,59715-3544,Proprietary  ,19,21,40,44,48,92
03205300,MODERN BEAUTY SCHOOL                    ,MT,59801-8386,Proprietary  ,12,29,41,41,68,109
03763400,"ACADEMY OF NAIL, SKIN & HAIR            ",MT,59101-0000,Proprietary  ,22,43,65,64,90,154
03778300,HEALTH WORKS INSTITUTE                  ,MT,59715-0000,Proprietary  ,3,18,21,18,40,58
04163700,BITTERROOT SCHOOL OF COSMETOLOGY        ,MT,59840-3118,Proprietary  ,3,9,12,8,16,24
04164100,SALON PROFESSIONAL ACADEMY (THE)        ,MT,59405-0000,Proprietary  ,17,48,65,45,84,129
04187700,CREVIER'S SCHOOL OF COSMETOLOGY         ,MT,59901-4402,Proprietary  ,11,33,44,21,47,68
00253900,CHADRON STATE COLLEGE                   ,NE,69337-2690,Public       ,425,432,857,1572,850,2422
00254000,COLLEGE OF ST MARY                      ,NE,68106-2606,Private      ,152,407,559,452,899,1351
00254100,CONCORDIA UNIVERSITY                    ,NE,68434-1594,Private      ,383,224,607,1304,388,1692
00254200,CREIGHTON UNIVERSITY                    ,NE,68178-0001,Private      ,743,1525,2268,4916,4553,9469
00254400,DOANE COLLEGE                           ,NE,68333-2421,Private      ,303,329,632,1486,719,2205
00254700,GRACE UNIVERSITY                        ,NE,68108-3629,Private      ,86,109,195,295,229,524
00254800,HASTINGS COLLEGE                        ,NE,68901-7621,Private      ,403,57,460,1447,137,1584
00255100,UNIVERSITY OF NEBRASKA AT KEARNEY       ,NE,68849-0001,Public       ,970,680,1650,3958,1487,5445
00255300,MIDLAND UNIVERSITY                      ,NE,68025-4254,Private      ,314,111,425,1028,249,1277
00255400,UNIVERSITY OF NEBRASKA-OMAHA            ,NE,68182-0001,Public       ,1710,1862,3572,7725,5480,13205
00255500,NEBRASKA WESLEYAN UNIVERSITY            ,NE,68504-2796,Private      ,396,186,582,1641,414,2055
00255700,MID-PLAINS COMM COLLEGE - NORTH PLATTE  ,NE,69101-9420,Public       ,146,206,352,383,438,821
00255701,MID-PLAINS COMMUNITY COLLEGE - MCCOOK   ,NE,69001-2631,Public       ,65,70,135,204,141,345
00255900,PERU STATE COLLEGE                      ,NE,68421-0010,Public       ,215,300,515,812,757,1569
00256000,WESTERN NEBRASKA COMMUNITY COLLEGE      ,NE,69361-1815,Public       ,171,357,528,570,793,1363
00256300,UNION COLLEGE                           ,NE,68506-4387,Private      ,249,131,380,684,303,987
00256500,UNIVERSITY OF NEBRASKA-LINCOLN          ,NE,68588-0419,Public       ,3401,1679,5080,14219,4625,18844
00256596,UNIVERSITY OF NEBRASKA - CURTIS         ,NE,69025-9522,Public       ,59,21,80,196,39,235
00256600,WAYNE STATE COLLEGE                     ,NE,68787-1172,Public       ,649,310,959,2658,735,3393
00256700,YORK COLLEGE                            ,NE,68467-2699,Private      ,183,61,244,479,116,595
00443600,REGNL WST MEDCL CTR SCHL RAD            ,NE,69361-0000,Private      ,2,5,7,11,11,22
00458608,KAPLAN UNIVERSITY - OMAHA               ,NE,68134-1002,Proprietary  ,55,641,696,100,1076,1176
00458609,KAPLAN UNIVERSITY - LINCOLN             ,NE,68508-2668,Proprietary  ,43,304,347,85,610,695
00639900,BRYANLGH COLLEGE OF HEALTH SCIENCES     ,NE,68506-1398,Private      ,113,117,230,373,274,647
00640400,NEBR METHODIST CLG OF NURS ALLD HLTH    ,NE,68114-2852,Private      ,144,297,441,378,636,1014
00689500,UNIVERSITY OF NEBRASKA-MED CTR          ,NE,68198-4265,Public       ,177,861,1038,592,2301,2893
00750100,VATTEROTT COLLEGE                       ,NE,68137-1237,Proprietary  ,77,320,397,154,729,883
00849200,ALEGENT HEALTH SCHOOLS                  ,NE,68114-2767,Private      ,6,60,66,34,133,167
00952300,BAHNER COLLEGE OF HAIRSTYLING           ,NE,68025-3297,Proprietary  ,7,14,21,13,29,42
00961700,CAPITOL BEAUTY SCHOOL                   ,NE,68144-0000,Proprietary  ,54,64,118,103,123,226
00974300,BELLEVUE UNIVERSITY                     ,NE,68005-0000,Private      ,254,2686,2940,539,5424,5963
00986200,CLARKSON COLLEGE                        ,NE,68131-2739,Private      ,80,306,386,450,952,1402
01151900,JOSEPH'S COLLEGE OF BEAUTY/ALL CAMPUSES ,NE,68510-2226,Proprietary  ,62,112,174,103,188,291
01166700,NORTHEAST COMMUNITY COLLEGE             ,NE,68702-0000,Public       ,525,468,993,1525,952,2477
01258600,METROPOLITAN COMMUNITY COLLEGE          ,NE,68103-0000,Public       ,1597,4298,5895,3765,10152,13917
01297600,NEBRASKA CHRISTIAN COLLEGE              ,NE,68046-4256,Private      ,38,14,52,97,33,130
02079700,COLLEGE OF HAIR DESIGN                  ,NE,68508-0000,Proprietary  ,54,92,146,127,152,279
02099500,CENTRAL COMMUNITY COLLEGE- GI           ,NE,68801-0000,Public       ,185,482,667,561,1019,1580
02099501,CENTRAL COMMUNITY COLLEGE - HASTINGS    ,NE,68902-0000,Public       ,272,256,528,845,576,1421
02099502,CENTRAL COMMUNITY COLLEGE - COLUMBUS    ,NE,68602-0000,Public       ,127,181,308,399,365,764
02508300,SOUTHEAST COMM. COLLEGE-ALL CAMPUSES    ,NE,68520-0000,Public       ,1499,2227,3726,3963,5195,9158
02550800,NEBRASKA INDIAN COMMUNITY COLLEGE       ,NE,68039-0000,Public       ,3,14,17,9,36,45
02610500,XENON INTERNATIONAL ACADEMY II          ,NE,68127-3522,Proprietary  ,84,94,178,152,174,326
03164300,THE CREATIVE CENTER                     ,NE,68164-2911,Proprietary  ,65,22,87,135,45,180
03279300,MYOTHERAPY INSTITUTE                    ,NE,68516-3641,Proprietary  ,9,12,21,14,29,43
03323300,LITTLE PRIEST TRIBAL COLLEGE            ,NE,68071-0000,Private      ,8,24,32,11,43,54
03821400,UNIVERSAL COLLEGE OF HEALING ARTS       ,NE,68112-1810,Proprietary  ,3,29,32,8,59,67
00256800,UNIVERSITY OF NEVADA RENO               ,NV,89557-0002,Public       ,1933,1877,3810,10472,5422,15894
00256900,UNIVERSITY OF NEVADA-LAS VEGAS          ,NV,89154-1001,Public       ,3347,4831,8178,13784,13412,27196
00697700,GREAT BASIN COLLEGE                     ,NV,89801-3348,Public       ,172,459,631,458,893,1351
00732954,ITT TECHNICAL INSTITUTE                 ,NV,89014-6712,Proprietary  ,108,380,488,181,560,741
00736700,MARINELLO SCHOOLS OF BEAUTY             ,NV,89110-3563,Proprietary  ,54,144,198,113,278,391
00737100,MARINELLO SCHOOL OF BEAUTY              ,NV,89502-5982,Proprietary  ,46,107,153,75,174,249
00844103,ANTHEM INSTITUTE - MORRISON UNIVERSITY  ,NV,89521-4826,Proprietary  ,8,72,80,20,166,186
00919200,SIERRA NEVADA COLLEGE                   ,NV,89451-0000,Private      ,114,170,284,460,354,814
01036200,COLLEGE OF SOUTHERN NEVADA              ,NV,89146-1139,Public       ,4402,8908,13310,10306,18827,29133
01036300,WESTERN NEVADA COLLEGE                  ,NV,89703-0000,Public       ,374,909,1283,891,2126,3017
01323200,ACADEMY OF HAIR DESIGN                  ,NV,89146-1617,Proprietary  ,38,76,114,81,171,252
02107700,TRUCKEE MEADOWS COMMUNITY CLG           ,NV,89512-0000,Public       ,1360,2850,4210,3222,6049,9271
02237500,EVEREST COLLEGE                         ,NV,89103-0000,Proprietary  ,177,598,775,351,1012,1363
02338512,GLENDALE CAREER COLLEGE - NEVADA CAREER ,NV,89131-3268,Proprietary  ,8,42,50,26,84,110
02616703,SCOTTSDALE CULINARY INSTITUTE - LE CORDO,NV,89144-7047,Proprietary  ,63,224,287,123,344,467
02621500,CAREER COLLEGE OF NORTHERN NEVADA       ,NV,89434-7905,Proprietary  ,75,414,489,111,584,695
03030603,UTAH CLG OF MASSAGE THERAPY-NSMT        ,NV,89123-0000,Proprietary  ,49,126,175,75,178,253
03031405,INTERNATIONAL ACADEMY OF DESIGN AND TECH,NV,89074-7750,Proprietary  ,152,281,433,302,551,853
03043200,KAPLAN COLLEGE                          ,NV,89102-8618,Proprietary  ,119,537,656,283,1202,1485
03076404,BRYMAN SCHOOL OF ARIZONA (THE) - ANTHEM ,NV,89102-4514,Proprietary  ,11,38,49,22,72,94
03088200,CARSON CITY BEAUTY ACADEMY              ,NV,89706-0000,Proprietary  ,11,44,55,18,71,89
03110000,ACADEMY OF HEALING ARTS                 ,NV,89106-4031,Proprietary  ,63,151,214,125,327,452
03232306,EUPHORIA INSTITUTE - SUMMERLIN          ,NV,89117-8803,Proprietary  ,50,95,145,94,199,293
03232307,EUPHORIA INSTITUTE - GREEN VALLEY       ,NV,89052-4964,Proprietary  ,48,76,124,72,154,226
03232308,EUPHORIA INSTITUTE - ALIANTE            ,NV,89131-1036,Proprietary  ,51,149,200,88,241,329
03787300,EXPERTISE SCHOOL OF BEAUTY              ,NV,89106-2516,Private      ,22,84,106,44,157,201
03838500,NORTHWEST HEALTH CAREERS                ,NV,89128-0255,Proprietary  ,30,107,137,82,216,298
03975300,INSTITUTE OF PROFESSIONAL CAREERS       ,NV,89119-7825,Proprietary  ,16,76,92,52,173,225
04051303,ART INSTITUTE OF PHOENIX (THE) - ART INS,NV,89074-7737,Proprietary  ,300,318,618,942,969,1911
04065300,UNIVERSITY OF SOUTHERN NEVADA           ,NV,89014-2333,Private      ,117,609,726,346,1703,2049
04114300,NEVADA STATE COLLEGE                    ,NV,89002-9455,Public       ,391,934,1325,1310,2290,3600
04142601,TOURO UNIVERSITY - NEVADA               ,NV,89014-8800,Private      ,19,206,225,52,682,734
04144800,INTERNATIONAL ACADEMY OF STYLE          ,NV,89509-3450,Proprietary  ,27,52,79,41,104,145
04147600,AVEDA INSTITUTE LAS VEGAS               ,NV,89119-6103,Proprietary  ,49,99,148,85,178,263
04171000,ADVANCED TRAINING INSTITUTE             ,NV,89115-7504,Proprietary  ,20,142,162,33,200,233
04186300,PAUL MITCHELL THE SCHOOL LAS VEGAS      ,NV,89123-8014,Proprietary  ,52,82,134,52,82,134
00257200,COLBY-SAWYER COLLEGE                    ,NH,03257-4648,Private      ,99,14,113,2759,109,2868
00257300,DARTMOUTH COLLEGE                       ,NH,03755-3529,Private      ,318,462,780,11844,1780,13624
00257500,FRANKLIN PIERCE UNIVERSITY              ,NH,03461-0060,Private      ,203,494,697,2568,1096,3664
00257900,NEW ENGLAND COLLEGE                     ,NH,03242-3293,Private      ,182,329,511,1431,723,2154
00258000,SOUTHERN NEW HAMPSHIRE UNIVERSITY       ,NH,03106-1045,Private      ,580,2487,3067,4994,5272,10266
00258100,NHTI  - CONCORD'S COMMUNITY COLLEGE     ,NH,03301-7412,Public       ,856,841,1697,2305,1589,3894
00258200,MANCHESTER COMMUNITY COLLEGE            ,NH,03102-8518,Public       ,416,560,976,1072,1256,2328
00258300,GREAT BAY COMMUNITY COLLEGE             ,NH,03801-0000,Public       ,259,373,632,716,948,1664
00258600,RIVIER COLLEGE                          ,NH,03060-5086,Private      ,140,296,436,1255,873,2128
00258700,SAINT ANSELM COLLEGE                    ,NH,03102-1310,Private      ,386,33,419,4168,121,4289
00258900,UNIVERSITY OF NEW HAMPSHIRE             ,NH,03824-2511,Public       ,687,634,1321,20286,3551,23837
00259000,KEENE STATE COLLEGE                     ,NH,03431-0000,Public       ,709,155,864,8224,647,8871
00259100,PLYMOUTH STATE UNIVERSITY               ,NH,03264-1595,Public       ,436,380,816,6892,1350,8242
00301004,ANTIOCH UNIVERSITY                      ,NH,03431-0000,Private      ,1,235,236,7,815,822
00472900,HESSER COLLEGE                          ,NH,03103-7230,Proprietary  ,152,368,520,390,801,1191
00472901,HESSER COLLEGE - NASHUA CAMPUS          ,NH,03063-1286,Proprietary  ,50,112,162,120,401,521
00472904,HESSER COLLEGE - PORTSMOUTH CAMPUS      ,NH,03801-3245,Proprietary  ,49,178,227,110,415,525
00472905,HESSER COLLEGE - SALEM CAMPUS           ,NH,03079-2842,Proprietary  ,81,235,316,146,429,575
00472906,HESSER COLLEGE - CONCORD CAMPUS         ,NH,03301-3415,Proprietary  ,29,136,165,74,367,441
00473100,DANIEL WEBSTER COLLEGE                  ,NH,03063-1300,Proprietary  ,153,67,220,719,151,870
00473300,CHESTER COLLEGE OF NEW ENGLAND          ,NH,03036-4331,Private      ,17,2,19,190,33,223
00529100,WHITE MOUNTAINS COMMUNITY COLLEGE       ,NH,03570-3799,Public       ,115,224,339,338,499,837
00702500,LEBANON COLLEGE                         ,NH,03766-0000,Private      ,9,28,37,25,68,93
00755500,LAKES REGION COMMUNITY COLLEGE          ,NH,03246-1326,Public       ,204,253,457,496,516,1012
00756000,RIVER VALLEY COMMUNITY COLLEGE          ,NH,03743-9707,Public       ,111,327,438,281,672,953
00849300,CONTINENTAL ACADEMIE OF HAIR DESIGN     ,NH,03103-4901,Proprietary  ,4,7,11,14,16,30
00864500,EMPIRE BEAUTY SCHOOL                    ,NH,03220-0000,Proprietary  ,24,40,64,38,58,96
00923600,NASHUA COMMUNITY COLLEGE                ,NH,03063-2052,Public       ,402,415,817,841,849,1690
01318900,CONTINENTAL ACADEMIE OF HAIR DESIGN     ,NH,03051-3754,Proprietary  ,7,9,16,22,17,39
02097900,UNIVERSITY NEW HAMPSHIRE SCHOOL OF LAW  ,NH,03301-0000,Private      ,9,143,152,65,713,778
02140400,ST JOSEPH SCH OF PRAC NRSG              ,NH,03060-0000,Private      ,16,61,77,42,132,174
02174800,MICHAEL'S SCHOOL OF HAIR DESIGN & ESTHET,NH,03110-0000,Proprietary  ,27,17,44,55,36,91
02179600,EMPIRE BEAUTY SCHOOL                    ,NH,03878-0000,Proprietary  ,21,36,57,36,54,90
02211600,PORTSMOUTH BTY SCH OF HAIR DESIGN       ,NH,03801-4084,Proprietary  ,4,5,9,13,7,20
02223300,MAGDALEN COLLEGE                        ,NH,03278-4012,Private      ,9,2,11,41,4,45
02245400,KEENE BEAUTY ACADEMY                    ,NH,03431-0000,Proprietary  ,14,21,35,21,29,50
02247000,NEW ENGLAND SCHOOL OF HAIR DESIGN       ,NH,03784-0000,Proprietary  ,17,13,30,29,30,59
03043100,THOMAS MORE COLLEGE OF LIBERAL ARTS     ,NH,03054-4818,Private      ,28,6,34,77,12,89
03101300,GRANITE STATE COLLEGE                   ,NH,03301-6400,Public       ,103,642,745,256,1267,1523
03182300,NEW HAMPSHIRE INSTITUTE OF ART          ,NH,03104-4858,Private      ,129,32,161,684,101,785
03437300,UPPER VALLEY TEACHER TRANING PROGRAM    ,NH,03766-1358,Private      ,0,21,21,0,30,30
03729300,NH INSTITUTE FOR THERAPEUTIC ARTS       ,NH,03051-4906,Proprietary  ,5,9,14,8,21,29
04162200,LAIRD INSTITUTE OF SPA THERAPY          ,NH,03102-5263,Proprietary  ,2,20,22,8,30,38
00267000,BAPTIST BIBLE COLG OF PENNSYLVANIA      ,PA,18411-1297,Private      ,228,86,314,579,196,775
00322800,BRYN ATHYN COLLEGE OF THE NEW CHURCH    ,PA,19009-0717,Private      ,56,12,68,268,31,299
00322900,ALBRIGHT COLLEGE                        ,PA,19612-5234,Private      ,592,420,1012,3822,1029,4851
00323000,ALLEGHENY COLLEGE                       ,PA,16335-3902,Private      ,343,31,374,3612,115,3727
00323100,COMM CLG OF ALLEGHENY-ALLEGHENY CMP     ,PA,15212-0000,Public       ,1527,2372,3899,2535,4233,6768
00323101,"COMM CLG OF ALLEGHENY, BOYCE CAMPUS     ",PA,15146-0000,Public       ,736,1088,1824,1191,1902,3093
00323102,"COMM CLG OF ALLEGHENY, NORTH CAMPUS     ",PA,15237-0000,Public       ,624,729,1353,1074,1262,2336
00323103,"COMM CLG OF ALLEGHENY, SOUTH CAMPUS     ",PA,15122-0000,Public       ,925,993,1918,1507,1773,3280
00323300,ALVERNIA UNIVERSITY                     ,PA,19607-1799,Private      ,596,596,1192,2292,1327,3619
00323500,ARCADIA UNIVERSITY                      ,PA,19038-3295,Private      ,580,613,1193,5201,1959,7160
00323700,BRYN MAWR COLLEGE                       ,PA,19010-2899,Private      ,297,172,469,1788,605,2393
00323800,BUCKNELL UNIVERSITY                     ,PA,17837-2122,Private      ,654,42,696,5259,192,5451
00323900,BUCKS COUNTY COMMUNITY COLLEGE          ,PA,18940-1320,Public       ,1576,1386,2962,3249,2831,6080
00324000,BUTLER COUNTY COMMUNITY COLLEGE         ,PA,16001-0000,Public       ,985,899,1884,1727,1729,3456
00324100,CABRINI COLLEGE                         ,PA,19087-3698,Private      ,436,465,901,1980,918,2898
00324200,CARNEGIE MELLON UNIVERSITY              ,PA,15213-3890,Private      ,1157,397,1554,11780,1662,13442
00324201,CARNEGIE MELLON UNIV- THE HEINZ COLLEGE ,PA,15213-0000,Private      ,11,113,124,87,529,616
00324202,CARNEGIE MELLON- TEPPER SCHOOL OF BUSINE,PA,15213-0000,Private      ,8,218,226,206,396,602
00324300,CEDAR CREST COLLEGE                     ,PA,18104-6196,Private      ,331,583,914,993,1093,2086
00324400,CHATHAM UNIVERSITY                      ,PA,15232-2826,Private      ,111,596,707,747,1517,2264
00324500,CHESTNUT HILL COLLEGE                   ,PA,19118-2693,Private      ,376,731,1107,1692,1648,3340
00324700,MISERICORDIA  UNIVERSITY                ,PA,18612-1008,Private      ,565,481,1046,2154,1071,3225
00324900,COMMUNITY COLLEGE OF PHILADELPHIA       ,PA,19130-3991,Public       ,4442,7431,11873,9696,15526,25222
00325100,CURTIS INSTITUTE OF MUSIC               ,PA,19103-6187,Private      ,32,25,57,282,126,408
00325200,DELAWARE VALLEY COLLEGE                 ,PA,18901-2697,Private      ,477,175,652,2156,400,2556
00325300,DICKINSON COLLEGE                       ,PA,17013-2896,Private      ,451,28,479,3709,161,3870
00325600,DREXEL UNIVERSITY                       ,PA,19104-2875,Private      ,3404,5605,9009,28391,14929,43320
00325800,DUQUESNE UNIVERSITY                     ,PA,15282-0001,Private      ,2133,1821,3954,7323,3829,11152
00325900,EASTERN UNIVERSITY                      ,PA,19087-3696,Private      ,589,1044,1633,2243,2393,4636
00326200,ELIZABETHTOWN COLLEGE                   ,PA,17022-2298,Private      ,338,200,538,3137,523,3660
00326300,EVANGELICAL SCHOOL OF THEOLOGY          ,PA,17067-0000,Private      ,0,52,52,1,80,81
00326500,FRANKLIN & MARSHALL COLLEGE             ,PA,17604-0000,Private      ,412,33,445,3148,135,3283
00326600,GANNON UNIVERSITY                       ,PA,16541-0001,Private      ,427,375,802,3656,1294,4950
00326700,GENEVA COLLEGE                          ,PA,15010-3599,Private      ,225,343,568,1894,783,2677
00326800,GETTYSBURG COLLEGE                      ,PA,17325-1486,Private      ,577,38,615,4294,126,4420
00327000,GWYNEDD-MERCY COLLEGE                   ,PA,19437-0901,Private      ,389,569,958,1761,1312,3073
00327200,HARCUM COLLEGE                          ,PA,19010-3476,Private      ,321,571,892,756,1185,1941
00327300,HARRISBURG AREA COMMUNITY COLLEGE       ,PA,17110-2999,Public       ,3028,4631,7659,7704,12545,20249
00327400,HAVERFORD COLLEGE                       ,PA,19041-1392,Private      ,298,11,309,2161,52,2213
00327500,HOLY FAMILY UNIVERSITY                  ,PA,19114-2094,Private      ,471,588,1059,2035,1635,3670
00327600,IMMACULATA UNIVERSITY                   ,PA,19345-0647,Private      ,394,688,1082,1544,1380,2924
00327700,INDIANA UNIVERSITY OF PENNSYLVANIA      ,PA,15705-1097,Public       ,4559,1597,6156,14593,3579,18172
00327900,JUNIATA COLLEGE                         ,PA,16652-2196,Private      ,196,12,208,2262,80,2342
00328000,KEYSTONE COLLEGE                        ,PA,18440-0200,Private      ,527,357,884,1544,787,2331
00328200,KINGS COLLEGE                           ,PA,18711-0801,Private      ,451,194,645,2974,517,3491
00328300,LACKAWANNA COLLEGE                      ,PA,18509-9961,Private      ,766,488,1254,1482,911,2393
00328400,LAFAYETTE COLLEGE                       ,PA,18042-1768,Private      ,428,24,452,3883,127,4010
00328500,LANCASTER BIBLE COLLEGE                 ,PA,17601-5036,Private      ,306,206,512,682,432,1114
00328600,LANCASTER THEOLOGICAL SEMINARY          ,PA,17603-0000,Private      ,0,49,49,1,100,101
00328700,LASALLE UNIVERSITY                      ,PA,19141-1199,Private      ,1185,1312,2497,5562,3225,8787
00328800,LEBANON VALLEY COLLEGE                  ,PA,17003-1400,Private      ,288,77,365,2918,275,3193
00328900,LEHIGH UNIVERSITY                       ,PA,18015-1588,Private      ,890,290,1180,8480,849,9329
00329000,LINCOLN UNIVERSITY                      ,PA,19352-0999,Public       ,757,372,1129,3375,1031,4406
00329100,LUTHERAN THEOLOG SEMINARY-GETTYSBRG     ,PA,17325-0000,Private      ,0,52,52,0,113,113
00329200,LUTHERAN THEOLOGICAL SEMINARY           ,PA,19119-0000,Private      ,0,83,83,0,148,148
00329300,LYCOMING COLLEGE                        ,PA,17701-5192,Private      ,319,50,369,1923,151,2074
00329400,MANOR COLLEGE                           ,PA,19046-3399,Private      ,186,186,372,640,563,1203
00329600,MARYWOOD UNIVERSITY                     ,PA,18509-1598,Private      ,628,604,1232,2894,1376,4270
00329700,MERCYHURST COLLEGE                      ,PA,16546-0001,Private      ,912,655,1567,3896,1528,5424
00329800,MESSIAH COLLEGE                         ,PA,17027-0800,Private      ,409,100,509,3349,279,3628
00330000,MOORE COLLEGE OF ART & DESIGN           ,PA,19103-1179,Private      ,66,69,135,671,257,928
00330100,MORAVIAN COLLEGE                        ,PA,18018-6650,Private      ,362,99,461,2292,274,2566
00330101,MORAVIAN THEOLOGICAL SEMINARY           ,PA,18018-0000,Private      ,0,41,41,6,64,70
00330200,MOUNT ALOYSIUS COLLEGE                  ,PA,16630-1999,Private      ,291,289,580,1307,769,2076
00330300,CARLOW UNIVERSITY                       ,PA,15213-3165,Private      ,296,665,961,1155,1679,2834
00330400,MUHLENBERG COLLEGE                      ,PA,18104-5586,Private      ,461,115,576,3729,270,3999
00330600,VALLEY FORGE CHRISTIAN COLLEGE          ,PA,19460-2399,Private      ,314,90,404,862,210,1072
00330900,PEIRCE COLLEGE                          ,PA,19102-4699,Private      ,133,1000,1133,243,1885,2128
00331100,SALUS UNIVERSITY                        ,PA,19027-1598,Private      ,3,387,390,10,950,960
00331300,WIDENER UNIVERSITY                      ,PA,19013-5792,Private      ,637,720,1357,4432,2292,6724
00331302,WIDENER UNIV SCH OF LAW- HARRISBURG     ,PA,17106-9381,Private      ,5,231,236,32,664,696
00331500,BLOOMSBURG UNIVERSITY OF PA             ,PA,17815-1301,Public       ,3046,754,3800,11946,2034,13980
00331600,CALIFORNIA UNIV OF PENNSYLVANIA         ,PA,15419-1394,Public       ,2609,2007,4616,6707,3713,10420
00331700,CHEYNEY UNIVERSITY OF PENNSYLVANIA      ,PA,19319-0200,Public       ,611,329,940,2052,855,2907
00331800,CLARION UNIVERSITY OF PENNSYLVANIA      ,PA,16214-1232,Public       ,2090,1064,3154,5329,2195,7524
00332000,EAST STROUDSBURG UNIVERSITY             ,PA,18301-2999,Public       ,2003,676,2679,7570,1669,9239
00332100,EDINBORO UNIVERSITY OF PENNSYLVANIA     ,PA,16444-0001,Public       ,1519,1113,2632,6327,2850,9177
00332200,KUTZTOWN UNIVERSITY OF PENNSYLVANIA     ,PA,19530-9339,Public       ,2470,796,3266,11307,2067,13374
00332300,LOCK HAVEN UNIV OF PENNSYLVANIA         ,PA,17745-2439,Public       ,1048,350,1398,5874,1341,7215
00332400,MANSFIELD UNIVERSITY                    ,PA,16933-1123,Public       ,921,409,1330,2893,886,3779
00332500,MILLERSVILLE UNIVERSITY OF PA           ,PA,17551-1800,Public       ,1685,720,2405,8710,2244,10954
00332600,SHIPPENSBURG UNIVERSITY                 ,PA,17257-2299,Public       ,2055,532,2587,8230,1480,9710
00332700,SLIPPERY ROCK UNIVERSITY                ,PA,16057-1326,Public       ,2867,922,3789,8552,1866,10418
00332800,WEST CHESTER UNIVERSITY                 ,PA,19383-0001,Public       ,2922,1342,4264,16361,4043,20404
00332900,PENN STATE UNIVERSITY                   ,PA,16802-1503,Public       ,15476,8152,23628,69677,22928,92605
00335000,UNIVERSITY OF THE ARTS (THE)            ,PA,19102-9493,Private      ,430,170,600,2995,663,3658
00335100,PHILADELPHIA BIBLICAL UNIVERSITY        ,PA,19047-2942,Private      ,286,197,483,790,375,1165
00335200,PHILADELPHIA CLG OSTEOPATHIC MED        ,PA,19131-0000,Private      ,12,842,854,34,2852,2886
00335300,UNIVERSITY OF THE SCIENCES IN PHILADELPH,PA,19104-4495,Private      ,385,276,661,3353,1073,4426
00335400,PHILADELPHIA UNIVERSITY                 ,PA,19144-5497,Private      ,912,573,1485,4402,1377,5779
00335600,PITTSBURGH THEOLOGICAL SEMINARY         ,PA,15206-0000,Private      ,0,38,38,4,202,206
00335700,POINT PARK UNIVERSITY                   ,PA,15222-1912,Private      ,986,889,1875,3259,1811,5070
00335800,REFORMED PRESBYTERIAN THEOL SEMINAR     ,PA,15208-0000,Private      ,1,9,10,1,21,22
00335900,ROBERT MORRIS UNIVERSITY                ,PA,15108-1189,Private      ,1440,826,2266,4694,1631,6325
00336000,ROSEMONT COLLEGE                        ,PA,19010-1699,Private      ,160,181,341,715,418,1133
00336200,SETON HILL UNIVERSITY                   ,PA,15601-1599,Private      ,646,459,1105,2030,904,2934
00336400,ST. CHARLES BORROMEO SEMINARY           ,PA,19096-0000,Private      ,12,14,26,34,30,64
00336600,SAINT FRANCIS UNIVERSITY                ,PA,15940-0600,Private      ,549,263,812,1973,655,2628
00336700,SAINT JOSEPH'S UNIVERSITY               ,PA,19131-1395,Private      ,1048,1138,2186,6733,2266,8999
00336800,ST VINCENT COLLEGE                      ,PA,15650-2690,Private      ,563,128,691,1954,268,2222
00336900,SUSQUEHANNA UNIVERSITY                  ,PA,17870-1001,Private      ,365,34,399,3300,126,3426
00337000,SWARTHMORE COLLEGE                      ,PA,19081-1397,Private      ,380,13,393,3929,114,4043
00337100,TEMPLE UNIVERSITY                       ,PA,19122-6003,Private      ,4044,4481,8525,32616,18152,50768
00337600,THIEL COLLEGE                           ,PA,16125-2181,Private      ,426,78,504,1789,195,1984
00337800,UNIVERSITY OF PENNSYLVANIA              ,PA,19104-6216,Private      ,2246,3256,5502,20530,11759,32289
00337900,UNIVERSITY OF PITTSBURGH                ,PA,15260-0000,Public       ,4817,3474,8291,27206,9905,37111
00337906,UNIVERSITY OF PITTSBURGH - SCHOOL OF MED,PA,15261-0001,Public       ,63,353,416,206,1087,1293
00337907,UNIVERSITY OF PITTSBURGH - SCHOOL OF DEN,PA,15261-2523,Public       ,78,274,352,257,663,920
00338400,UNIVERSITY OF SCRANTON                  ,PA,18510-4622,Private      ,1098,619,1717,7515,1393,8908
00338500,URSINUS COLLEGE                         ,PA,19426-2562,Private      ,518,25,543,3136,112,3248
00338600,VALLEY FORGE MILITARY COLLEGE           ,PA,19087-3695,Private      ,116,15,131,348,39,387
00338800,VILLANOVA UNIVERSITY                    ,PA,19085-1699,Private      ,1353,948,2301,12139,2351,14490
00338801,VILLANOVA UNIV SCH OF LAW               ,PA,19085-0000,Private      ,11,293,304,110,1557,1667
00338900,WASHINGTON & JEFFERSON COLLEGE          ,PA,15301-4801,Private      ,346,19,365,2617,83,2700
00339100,WAYNESBURG UNIVERSITY                   ,PA,15370-1222,Private      ,556,327,883,2074,632,2706
00339200,WESTMINSTER COLLEGE                     ,PA,16172-0002,Private      ,587,38,625,2432,106,2538
00339300,WESTMINSTER THEOLOGICAL SEMINARY        ,PA,19038-0000,Private      ,2,131,133,6,254,260
00339400,WILKES UNIVERSITY                       ,PA,18766-0998,Private      ,710,469,1179,3003,973,3976
00339500,PENNSYLVANIA COLLEGE OF TECHNOLOGY      ,PA,17701-5779,Public       ,1405,749,2154,4878,2120,6998
00339600,WILSON COLLEGE                          ,PA,17201-1285,Private      ,102,180,282,428,395,823
00339900,YORK COLLEGE OF PENNSYLVANIA            ,PA,17405-7199,Private      ,1399,430,1829,8601,1208,9809
00398600,DESALES UNIVERSITY                      ,PA,18034-9568,Private      ,512,629,1141,2397,1240,3637
00398700,LA ROCHE COLLEGE                        ,PA,15237-5898,Private      ,414,227,641,1065,455,1520
00398800,NEUMANN UNIVERSITY                      ,PA,19014-1298,Private      ,764,404,1168,3101,1043,4144
00405800,GRATZ COLLEGE                           ,PA,19027-3097,Private      ,1,30,31,3,72,75
00445200,MONTGOMERY COUNTY COMMUNITY COLLEGE     ,PA,19422-6300,Public       ,1965,2195,4160,3871,4418,8289
00488900,CAMBRIA-ROWE BUSINESS COLLEGE           ,PA,15902-2494,Proprietary  ,50,89,139,115,225,340
00489000,CENTRAL PENNSYLVANIA COLLEGE            ,PA,17093-0309,Proprietary  ,193,401,594,926,1280,2206
00489300,DU BOIS BUSINESS COLLEGE                ,PA,15801-2401,Proprietary  ,71,113,184,144,261,405
00489400,ERIE BUSINESS CENTER                    ,PA,16501-1305,Proprietary  ,33,178,211,57,241,298
00489401,ERIE BUSINESS CENTER - NEW CASTLE CAMPUS,PA,16101-3950,Proprietary  ,10,38,48,14,62,76
00489800,MCCANN SCHOOL OF BUSINESS & TECHNOL     ,PA,17901-1335,Proprietary  ,651,1534,2185,1021,2716,3737
00489807,MCCANN SCHOOL OF BUSINESS & TECHNOLOGY -,PA,17013-3180,Proprietary  ,14,45,59,21,66,87
00489900,MERCY HOSP SCH OF NURSING               ,PA,15219-5166,Private      ,30,68,98,82,158,240
00490100,NEWPORT BUSINESS INSTITUTE              ,PA,15068-3929,Proprietary  ,16,28,44,21,66,87
00490200,PENN COMMERCIAL BUSINESS/TECHNICAL SCHL ,PA,15301-2871,Proprietary  ,79,147,226,141,262,403
00491000,KAPLAN CAREER INSTITUTE                 ,PA,17111-3571,Proprietary  ,71,224,295,171,529,700
00491001,THOMPSON INSTITUTE-PHILADEPHIA CAMPUS   ,PA,19104-3386,Proprietary  ,90,282,372,170,534,704
00491400,NEWPORT BUSINESS INSTITUTE              ,PA,17701-5855,Proprietary  ,8,43,51,17,90,107
00500701,WEST VIRGINIA CAREER INSTITUTE          ,PA,15456-0000,Proprietary  ,34,77,111,58,119,177
00531000,PITTSBURGH INST OF AERONAUTICS          ,PA,15236-0000,Private      ,122,82,204,234,162,396
00533000,FAYETTE CNTY AREA VOC TECH PRC NRSG     ,PA,15401-0000,Public       ,16,61,77,25,82,107
00533500,CENTRAL PENN INST OF SCI & TECH PNP     ,PA,16823-0000,Public       ,42,65,107,73,143,216
00536500,YORK CO AREA VOC-TECH SCH-PRAC NSG      ,PA,17402-0000,Public       ,8,105,113,21,161,182
00594600,SCHOOL OF RADIOLOGIC TECHNOLOGY AT ST. C,PA,19134-1995,Proprietary  ,0,0,0,7,23,30
00653400,CITIZENS SCHOOL OF NURSING              ,PA,15068-6591,Private      ,42,60,102,83,152,235
00653700,CONEMAUGH VLY MEM HOSP SCH NRSNG        ,PA,15905-4398,Private      ,28,60,88,68,98,166
00653702,CONEMAUGH HOSP- SCH HISTOTECHNOLOGY     ,PA,15905-0000,Private      ,4,2,6,5,4,9
00653704,CONEMAUGH VLY MEM HOSP SCH RAD TECH     ,PA,15905-0000,Private      ,9,10,19,21,18,39
00653706,CONEMAUGH VLY MEM HOSP SCH  MED TECH    ,PA,15905-4398,Private      ,2,2,4,5,4,9
00655100,ST MARGARET SCHL OF NURSING             ,PA,15238-3205,Private      ,31,77,108,62,188,250
00656000,OHIO VALLEY HOSP SCH OF NURSING         ,PA,15136-1694,Private      ,15,21,36,20,35,55
00656500,READING HOSPITAL SCHOOL OF HEALTH SCIENC,PA,19611-1744,Private      ,66,149,215,197,302,499
00657400,"ST LUKE'S HOSPITAL OF BETHLEHEM, PA     ",PA,18015-1065,Private      ,33,80,113,58,183,241
00657600,SEWICKLEY VALLEY HOSP SCH NRSNG         ,PA,15143-1498,Private      ,25,35,60,35,62,97
00657700,UPMC SHADYSIDE SCHOOL OF NURSING        ,PA,15232-1381,Private      ,55,149,204,109,290,399
00657800,SHARON REGIONAL SCHOOL OF NURSING       ,PA,16146-3395,Private      ,9,25,34,18,68,86
00658200,WASHINGTON HOSP SCH OF NURSING          ,PA,15301-3398,Private      ,31,70,101,61,121,182
00658202,WASHINGTON HOSP SCH OF RAD TECH         ,PA,15301-3398,Private      ,8,7,15,20,16,36
00658300,WESTERN PENN HOSP-SCH OF NURSING        ,PA,15224-1790,Private      ,43,66,109,69,106,175
00680700,COMMUNITY COLLEGE OF BEAVER COUNTY      ,PA,15061-2588,Public       ,594,700,1294,1085,1246,2331
00681000,LEHIGH CARBON COMMUNITY COLLEGE         ,PA,18078-2598,Public       ,1465,1767,3232,2677,3269,5946
00681100,LUZERNE COUNTY COMMUNITY COLLEGE        ,PA,18634-3899,Public       ,1576,1447,3023,2988,2977,5965
00708700,ABINGTON MEM HOSP SCHL OF NURSING       ,PA,19090-1284,Private      ,27,89,116,107,325,432
00709100,EVEREST INSTITUTE                       ,PA,15222-1320,Proprietary  ,76,355,431,107,511,618
00711000,DELAWARE COUNTY COMMUNITY COLLEGE       ,PA,19063-1094,Public       ,2227,2768,4995,4558,5694,10252
00719100,NORTHAMPTON COMMUNITY COLLEGE           ,PA,18020-7599,Public       ,1826,1823,3649,5627,5187,10814
00732955,ITT TECHNICAL INSTITUTE                 ,PA,19406-1212,Proprietary  ,98,230,328,201,355,556
00743000,ANTONELLI INST OF ART & PHOTOGRAPHY     ,PA,19038-8242,Proprietary  ,88,14,102,217,30,247
00743600,KAPLAN CAREER INSTITUTE - ICM CAMPUS    ,PA,15222-1977,Proprietary  ,108,403,511,184,721,905
00743700,PITTSBURGH TECHNICAL INSTITUTE          ,PA,15071-3205,Proprietary  ,705,357,1062,1929,955,2884
00746900,"HUSSIAN SCHOOL OF ART, INC.             ",PA,19106-0000,Proprietary  ,59,15,74,131,28,159
00747000,"ART INSTITUTE OF PITTSBURGH, THE        ",PA,15219-1328,Proprietary  ,1518,5894,7412,3855,14410,18265
00752900,CTR ART TCH BRDYWN CMPS PRC NRS PRG     ,PA,19320-2459,Public       ,14,61,75,21,123,144
00775900,LINCOLN TECHNICAL INSTITUTE             ,PA,18104-3298,Proprietary  ,108,214,322,202,341,543
00777900,LANSDALE SCHOOL OF BUSINESS             ,PA,19454-4114,Proprietary  ,54,261,315,75,384,459
00778000,NEW CASTLE SCHOOL OF TRADES             ,PA,16143-9721,Proprietary  ,72,188,260,141,333,474
00778100,CHI INSTITUTE/RETS CAMPUS               ,PA,19008-3516,Proprietary  ,89,211,300,144,390,534
00783200,LINCOLN TECH INSTITUTE                  ,PA,19136-1595,Proprietary  ,171,141,312,378,345,723
00783900,TRIANGLE TECH                           ,PA,15214-3897,Proprietary  ,123,174,297,170,218,388
00791200,THADDEUS STEVENS CLG OF TECHNOLOGY      ,PA,17602-0000,Public       ,357,169,526,1052,461,1513
00791600,FRANKLIN CNTY CAREER & TECH CTR-PNP     ,PA,17201-0000,Public       ,5,22,27,12,43,55
00820000,JAMESON MEMORIAL HOSP SCH NURSING       ,PA,16105-2595,Private      ,8,32,40,27,84,111
00835000,ART INSTITUTE OF PHILADELPHIA           ,PA,19103-5198,Proprietary  ,1103,872,1975,3090,2152,5242
00844100,ANTHEM INSTITUTE                        ,PA,19064-1243,Proprietary  ,48,208,256,117,402,519
00856800,VET TECH INSTITUTE                      ,PA,15222-3400,Proprietary  ,162,59,221,304,150,454
00865300,JEFFERSON CO DUBOIS VOC TECH-PR NSG     ,PA,15851-0000,Public       ,10,31,41,16,41,57
00895500,PRUONTOS HAIR DESIGN INSTITUTE          ,PA,16602-0000,Proprietary  ,10,9,19,15,16,31
00915705,WYOMING TECHNICAL INSTITUTE - BLAIRSVILL,PA,15717-8060,Proprietary  ,580,518,1098,1049,766,1815
00918600,DEAN INSTITUTE OF TECHNOLOGY            ,PA,15226-1197,Proprietary  ,24,53,77,39,74,113
00944900,PENNCO TECH                             ,PA,19007-0000,Proprietary  ,138,200,338,192,294,486
00966400,EMPIRE BEAUTY SCHOOL                    ,PA,18052-5730,Proprietary  ,61,154,215,88,228,316
00966500,EMPIRE BEAUTY SCHOOL                    ,PA,17109-2210,Proprietary  ,43,70,113,71,139,210
00966600,EMPIRE BEAUTY SCHOOL                    ,PA,19605-2803,Proprietary  ,51,133,184,66,193,259
00972100,BRADFORD SCHOOL                         ,PA,15219-2602,Proprietary  ,249,61,310,594,132,726
00972300,ARIA HEALTH SCHOOL OF NURSING           ,PA,19124-2696,Private      ,94,190,284,196,376,572
00978300,GORDON PHILLIPS SCH OF BEAUTY CULT      ,PA,19135-0000,Proprietary  ,93,211,304,145,322,467
00986300,LANCASTER GENERAL COLLEGE OF NURSING AND,PA,17602-4955,Private      ,169,354,523,491,758,1249
01000600,GREATER JOHNSTOWN AREA VOC TECH SCH     ,PA,15904-0000,Public       ,30,101,131,53,180,233
01005500,CRAWFORD CNTY AREA VO-TECH PRAC NUR     ,PA,16335-0000,Public       ,9,27,36,10,34,44
01017600,WESTMORELAND COUNTY COMMUNITY CLG       ,PA,15697-1895,Public       ,1302,1287,2589,2335,2789,5124
01038800,READING AREA COMMUNITY COLLEGE          ,PA,19603-1706,Public       ,967,1696,2663,1744,3156,4900
01054100,EMPIRE BEAUTY SCHOOL                    ,PA,15146-2229,Proprietary  ,52,102,154,72,164,236
01054200,EMPIRE BEAUTY SCHOOL                    ,PA,18701-0000,Proprietary  ,72,96,168,114,148,262
01054300,EMPIRE BEAUTY SCHOOL                    ,PA,17701-3914,Proprietary  ,47,110,157,58,147,205
01081400,PITTSBURGH INST MORTUARY SCIENCE        ,PA,15206-3706,Private      ,34,86,120,91,196,287
01086000,GREATER ALTOONA CAREER/TECH CENTER      ,PA,16602-0000,Public       ,33,96,129,60,192,252
01096300,GREENE COUNTY VOC-TECH SCHOOL           ,PA,15370-0000,Public       ,6,17,23,7,34,41
01097000,EMPIRE BEAUTY SCHOOL                    ,PA,17042-5209,Proprietary  ,12,22,34,20,38,58
01099800,PENNSYLVANIA INSTITUTE OF TECH          ,PA,19063-4098,Private      ,126,284,410,274,515,789
01102000,EMPIRE BEAUTY SCHOOL                    ,PA,17604-4335,Proprietary  ,65,161,226,94,216,310
01102100,EMPIRE BEAUTY SCHOOL                    ,PA,17402-2862,Proprietary  ,65,169,234,85,241,326
01162100,AUTOMOTIVE TRAINING CENTER              ,PA,19341-1310,Proprietary  ,286,124,410,499,233,732
01162200,WELDER TRAINING & TESTING INST          ,PA,18109-3253,Proprietary  ,9,33,42,16,54,70
01163800,EMPIRE BEAUTY SCHOOL                    ,PA,17876-0000,Proprietary  ,7,28,35,14,40,54
01171500,SCHUYLKILL HEALTH SCHOOL OF NURSING     ,PA,17901-3692,Private      ,18,28,46,46,64,110
01191900,BEAVER FALLS BEAUTY ACADEMY             ,PA,15010-4208,Proprietary  ,13,16,29,16,27,43
01205000,ROSEDALE TECHNICAL INSTITUTE            ,PA,15205-9791,Private      ,80,100,180,167,191,358
01239300,THOMAS JEFF UNIV-CLG ALLIED HEALTH      ,PA,19107-0000,Private      ,54,240,294,248,1026,1274
01239301,THOMAS JEFFERSON UNIVERSITY - JEFFERSON ,PA,19107-5001,Private      ,73,526,599,268,2082,2350
01239303,THOMAS JEFFERSON UNIVERSITY - COLLEGE OF,PA,19107-6731,Private      ,53,386,439,255,1175,1430
01246104,LINCOLN TECHNICAL INSTITUTE             ,PA,19104-0202,Proprietary  ,68,196,264,124,316,440
01246105,LINCOLN TECHNICAL INSTITUTE             ,PA,19116-4202,Proprietary  ,80,140,220,168,251,419
01252300,TALMUDICAL YESHIVA OF PHILA             ,PA,19131-1296,Private      ,2,0,2,4,1,5
01260500,EMPIRE BEAUTY SCHOOL                    ,PA,17331-2405,Proprietary  ,41,120,161,68,208,276
01260600,EMPIRE BEAUTY SCHOOL                    ,PA,17901-2505,Proprietary  ,64,186,250,80,274,354
01260700,EMPIRE BEAUTY SCHOOL                    ,PA,16801-5218,Proprietary  ,13,17,30,26,31,57
01292900,SOUTH HILLS BEAUTY ACADEMY              ,PA,15216-2335,Proprietary  ,18,22,40,26,40,66
01301500,GORDON PHILLIPS SCH BEAUTY CULTURE      ,PA,19102-2701,Proprietary  ,133,280,413,187,398,585
01313400,YESHIVATH BETH MOSHE                    ,PA,18505-2196,Private      ,2,2,4,3,4,7
01321400,ROXBOROUGH MEM HOSP SCH OF NURSING      ,PA,19128-0000,Proprietary  ,32,90,122,61,208,269
01326300,SOUTH HILLS SCHOOL OF BUSINESS & TECHNOL,PA,16801-4516,Proprietary  ,261,238,499,491,531,1022
02061000,VENUS BEAUTY ACADEMY                    ,PA,19079-0000,Proprietary  ,10,21,31,13,34,47
02068300,DOUGLAS SCHOOL OF BUSINESS              ,PA,15062-0000,Proprietary  ,115,98,213,223,212,435
02090200,TRIANGLE TECH                           ,PA,16502-0000,Proprietary  ,40,77,117,59,111,170
02092500,LAUREL TECHNICAL INSTITUTE              ,PA,16146-0000,Proprietary  ,64,132,196,109,270,379
02092502,BUSINESS INSTITUTE OF PENNSYLVANIA      ,PA,16335-0000,Proprietary  ,1,6,7,5,12,17
02104003,HARRIS SCHOOL OF BUSINESS - UPPER DARBY ,PA,19082-2528,Proprietary  ,0,1,1,0,1,1
02107300,PENNSYLVANIA ACADEMY OF FINE ARTS       ,PA,19102-1424,Private      ,65,86,151,238,291,529
02112200,GREAT LAKES INSTITUTE OF TECHNOLOGY     ,PA,16509-0000,Proprietary  ,117,191,308,190,312,502
02114200,JOHNSON COLLEGE                         ,PA,18508-0000,Private      ,202,117,319,405,246,651
02116001,SANFORD-BROWN INSTITUTE - TREVOSE       ,PA,19053-4700,Proprietary  ,131,375,506,284,984,1268
02118000,LEVITTOWN BEAUTY ACADEMY LLC            ,PA,19054-1713,Proprietary  ,6,4,10,6,8,14
02119300,PA ACAD OF COSMETOLOGY ARTS & SCI       ,PA,15904-0000,Proprietary  ,16,18,34,28,28,56
02120800,"YORKTOWNE BUSINESS INSTITUTE, INC.      ",PA,17404-0000,Proprietary  ,43,124,167,77,252,329
02127400,YORK TECHNICAL INSTITUTE                ,PA,17402-0000,Proprietary  ,540,516,1056,977,1477,2454
02129000,TRIANGLE TECH                           ,PA,15601-0000,Proprietary  ,146,132,278,193,180,373
02129001,TRIANGLE TECH - BUSINESS CAREERS INSTITU,PA,15601-3304,Proprietary  ,1,2,3,3,4,7
02144000,"VISION ACADEMY, THE                     ",PA,18103-0000,Proprietary  ,14,30,44,17,39,56
02149000,EMPIRE BEAUTY SCHOOL                    ,PA,19341-2804,Proprietary  ,90,189,279,124,242,366
02151500,CENTRAL SUSQUEHANNA LPN CENTER          ,PA,17837-8818,Public       ,15,72,87,35,131,166
02152105,ACADEMY OF COURT REPORTING AND TECHNOLOG,PA,15222-1710,Proprietary  ,3,27,30,7,40,47
02153500,OAKBRIDGE ACADEMY OF ARTS               ,PA,15068-0000,Proprietary  ,41,9,50,74,18,92
02158300,JUNIATA-MIFFLIN CO AREA VOC TECH        ,PA,17044-0000,Public       ,7,32,39,16,66,82
02161400,NORTHEASTERN HOSP SCH OF NRSG           ,PA,19134-0000,Private      ,21,48,69,50,129,179
02169600,CLEARFIELD CTY CAREER AND TECH CNTR     ,PA,16830-0000,Public       ,13,27,40,32,68,100
02174400,TRIANGLE TECH                           ,PA,15801-0000,Proprietary  ,159,133,292,203,220,423
02178900,ACADEMY OF HAIR DESIGN                  ,PA,18202-1465,Proprietary  ,11,27,38,19,40,59
02183000,ORLEANS TECHNICAL INSTITUTE             ,PA,19111-0000,Private      ,72,202,274,117,340,457
02192800,WALNUT HILL COLLEGE                     ,PA,19104-0000,Proprietary  ,181,120,301,429,260,689
02202300,SANFORD-BROWN INSTITUTE                 ,PA,15219-1907,Proprietary  ,150,464,614,225,828,1053
02202301,SANFORD-BROWN INSTITUTE                 ,PA,15146-2141,Proprietary  ,58,196,254,93,377,470
02203900,ERIE INSTITUTE OF TECHNOLOGY            ,PA,16565-1002,Proprietary  ,35,107,142,87,192,279
02206200,"VISION ACADEMY, THE                     ",PA,19002-0000,Proprietary  ,12,23,35,16,30,46
02206300,STROUDSBURG SCHOOL OF COSMETOLOGY       ,PA,18360-0000,Proprietary  ,12,7,19,15,15,30
02212700,LANCASTER SCHOOL OF COSMETOLOGY         ,PA,17602-0000,Proprietary  ,31,44,75,43,71,114
02234200,ACADEMY OF MEDICAL ARTS & BUSINESS      ,PA,17112-0000,Proprietary  ,124,216,340,156,293,449
02251200,SCHUYLKILL COUNTY AREA VOC TECH SCH     ,PA,17931-0000,Public       ,21,35,56,25,59,84
02251202,SCHUYLKILL COUNTY AREA VOC TECH SCH     ,PA,17931-0000,Public       ,2,7,9,2,14,16
02253900,BERKS TECHNICAL INSTITUTE               ,PA,19610-0000,Proprietary  ,311,384,695,614,756,1370
02255200,PENNSYLVANIA SCHOOL OF BUSINESS         ,PA,18101-1604,Proprietary  ,37,161,198,68,380,448
02269900,PENNSYLVANIA COLLEGE OF ART & DESIGN    ,PA,17603-3528,Private      ,138,37,175,415,82,497
02270500,BUCKS COUNTY SCHOOL OF BEAUTY CULT      ,PA,19053-0000,Proprietary  ,15,19,34,23,30,53
02273400,RECONSTRUCTIONIST RABBINICAL COLLEG     ,PA,19095-0000,Private      ,0,17,17,0,24,24
02276600,HANOVER PUBLIC SCH DIST PRAC NURSG      ,PA,17331-0000,Public       ,2,22,24,6,37,43
02282500,LENAPE SCHOOL OF PRACTICAL NURSING      ,PA,16226-0000,Public       ,15,49,64,29,125,154
02288800,EMPIRE BEAUTY SCHOOL                    ,PA,18974-4508,Proprietary  ,55,154,209,83,230,313
02289500,PACE INSTITUTE                          ,PA,19601-0000,Proprietary  ,28,141,169,48,201,249
02289600,CONSOLIDATED SCHOOL OF BUSINESS         ,PA,17404-0000,Proprietary  ,14,77,91,25,130,155
02289700,ACADEMY OF CREATIVE HAIR DESIGN         ,PA,18702-0000,Proprietary  ,20,53,73,33,90,123
02289800,CHI INSTITUTE - FRANKLIN MILLS          ,PA,19154-0000,Proprietary  ,146,354,500,279,660,939
02290400,"ALTOONA BEAUTY SCHOOL, INC              ",PA,16602-0000,Proprietary  ,10,19,29,19,34,53
02292700,LANSDALE SCHOOL OF COSMETOLOGY          ,PA,19446-0000,Proprietary  ,14,13,27,20,25,45
02299300,TRINITY EPISCOPAL SCHOOL MINISTRY       ,PA,15003-0000,Private      ,1,57,58,1,79,80
02301300,PRISM CAREER INSTITUTE                  ,PA,19082-2448,Proprietary  ,74,250,324,139,684,823
02304400,YTI CAREER INSTITUTE - MECHANICSBURG    ,PA,17055-0000,Proprietary  ,60,127,187,112,228,340
02306200,VENANGO COUNTY AREA VOC TECH SCHOOL     ,PA,16301-0000,Public       ,8,43,51,14,56,70
02310800,LANCASTER COUNTY CAREER & TECH CTR      ,PA,17584-0000,Public       ,51,160,211,96,313,409
02323000,BIBLICAL THEOLOGICAL SEMINARY           ,PA,19440-2421,Private      ,1,38,39,2,67,69
02330300,LEBANON CO CAREER & TECHNOLOGY CTR      ,PA,17042-0000,Public       ,12,73,85,25,148,173
02330600,PENNSYLVANIA GUNSMITH SCHOOL            ,PA,15202-0000,Proprietary  ,27,21,48,63,50,113
02350100,WESTERN AREA CAREER & TECHNOLOGY CT     ,PA,15317-0000,Public       ,16,79,95,19,104,123
02350200,INDIANA COUNTY TECH CTR SCH PR NSG      ,PA,15701-1465,Public       ,31,53,84,59,91,150
02353100,NORTHERN TIER CAREER CENTER             ,PA,18848-0000,Public       ,8,20,28,11,36,47
02362300,MERCER COUNTY AREA VOC TECH SCHOOL      ,PA,16137-0000,Public       ,1,40,41,5,63,68
02492500,DELAWARE VLY ACAD MED DNTL ASSTS        ,PA,19114-0000,Proprietary  ,2,15,17,9,34,43
02492600,EASTERN CTR ARTS AND TECH PR NSG        ,PA,19090-0000,Public       ,10,48,58,18,96,114
02495500,ALL-STATE CAREER SCHOOL                 ,PA,19029-0000,Proprietary  ,78,319,397,115,440,555
02529800,WILKES BARRE AREA CAREER AND TECHNICAL C,PA,18705-0000,Public       ,18,64,82,58,143,201
02536600,COMMONWEALTH TECH INSTIT @ HIRAM G      ,PA,15905-0000,Public       ,85,39,124,141,75,216
02544300,BUTLER BEAUTY SCHOOL                    ,PA,16001-0000,Proprietary  ,15,39,54,28,60,88
02545000,LAWRENCE COUNTY CAREER AND TECHNICAL CEN,PA,16101-0000,Public       ,7,36,43,13,60,73
02546200,LAUREL BUSINESS INSTITUTE               ,PA,15401-0877,Proprietary  ,96,129,225,133,205,338
02550000,CLARION CO AREA VOC-TECH PRAC NRSG      ,PA,16254-4637,Public       ,12,19,31,25,56,81
02554500,HAZLETON AREA CAREER CENTER PRACTICAL NU,PA,18201-0000,Public       ,2,16,18,12,34,46
02557800,ART INSTITUTE OF YORK (THE) - PENNSYLVAN,PA,17402-9012,Proprietary  ,290,126,416,656,236,892
02566400,ALBERT EINSTEIN MED CTR DEPT DNTL       ,PA,19141-3098,Private      ,6,20,26,20,61,81
02574800,PENNSYLVANIA INSTITUTE OF TAXIDERMY     ,PA,15931-0000,Proprietary  ,6,7,13,10,21,31
02609500,CAREER TRAINING ACADEMY                 ,PA,15068-6308,Proprietary  ,26,60,86,39,140,179
02609501,CAREER TRAINING ACADEMY                 ,PA,15146-0000,Proprietary  ,0,1,1,3,5,8
02616100,JEAN MADELINE ED CTR FOR COSM           ,PA,19147-1542,Proprietary  ,132,141,273,248,272,520
03006800,LE CORDON BLEU INSTITUTE OF CULINARY ART,PA,15222-3511,Proprietary  ,85,108,193,266,285,551
03010800,TRI-STATE BUSINESS INSTITUTE            ,PA,16506-1013,Proprietary  ,327,901,1228,573,1889,2462
03011500,FORTIS INSTITUTE                        ,PA,18702-0000,Proprietary  ,53,81,134,73,116,189
03011600,FORTIS INSTITUTE                        ,PA,18509-2903,Proprietary  ,69,141,210,110,209,319
03029900,CONSOLIDATED SCHOOL OF BUSINESS         ,PA,17603-2389,Proprietary  ,23,55,78,42,111,153
03031600,DPT BUSINESS SCHOOL                     ,PA,19116-3961,Proprietary  ,14,114,128,23,146,169
03031601,DPT BUSINESS SCHOOL                     ,PA,19106-0000,Proprietary  ,25,90,115,26,97,123
03067000,ANTONELLI MEDICAL & PROF INST           ,PA,19464-9244,Proprietary  ,8,26,34,17,42,59
03072400,ALL-STATE CAREER SCHOOL                 ,PA,15122-0000,Proprietary  ,16,94,110,24,121,145
03072600,DCI CAREER INSTITUTE                    ,PA,15061-2307,Proprietary  ,7,51,58,14,69,83
03081900,YTI CAREER INSTITUTE - ALTOONA          ,PA,16602-4457,Proprietary  ,76,105,181,139,262,401
03090800,LAKE ERIE COLL OF OSTEOPATHIC MED       ,PA,16509-0000,Private      ,10,1093,1103,68,3384,3452
03098600,CAREER TECH CTR OF LACKAWANNA CNTY      ,PA,18508-0000,Public       ,30,70,100,54,134,188
03101400,FORBES ROAD CAREER & TECHNOLOGY CTR     ,PA,15146-1550,Public       ,1,8,9,5,12,17
03101500,BIDWELL TRAINING CENTER                 ,PA,15233-2233,Private      ,9,23,32,16,36,52
03103300,JNA INSTITUTE OF CULINARY ARTS          ,PA,19146-3119,Proprietary  ,21,36,57,39,89,128
03109100,METROPOLITAN CAREER CENTER              ,PA,19144-0000,Private      ,12,57,69,28,115,143
03110700,AVIATION INSTITUTE OF MAINTENANCE       ,PA,19114-1017,Proprietary  ,47,152,199,92,337,429
03120400,REGIONAL CAREER & TECHNICAL CENTER      ,PA,16509-4699,Public       ,0,1,1,2,11,13
03128400,DELAWARE COUNTY TECHNICAL SCHOOL        ,PA,19008-1928,Public       ,19,39,58,30,87,117
03180400,PENNSYLVANIA HIGHLANDS COMMUNITY COLLEGE,PA,15904-2927,Public       ,331,285,616,730,579,1309
03236400,LT INTERNATIONAL BEAUTY SCHOOL          ,PA,19130-2235,Proprietary  ,1,9,10,5,18,23
03353300,ACADEMY OF VOCAL ARTS                   ,PA,19103-6685,Private      ,4,20,24,16,55,71
03380301,STAR CAREER ACADEMY - STAR PHILADELPHIA ,PA,19114-2204,Proprietary  ,50,228,278,68,311,379
03380304,STAR CAREER ACADEMY - STAR NORRISTOWN   ,PA,19403-2422,Proprietary  ,11,51,62,12,58,70
03439400,NAWCC SCHOOL OF HOROLOGY                ,PA,17512-2130,Private      ,2,7,9,4,11,15
03535300,HUNTINGDON COUNTY CAREER AND TECHNO     ,PA,17060-0905,Public       ,2,19,21,7,33,40
03561400,SUSQUEHANNA COUNTY CAREER & TECHNOL     ,PA,18816-0100,Public       ,1,7,8,2,11,13
03766300,PENNSYLVANIA SCHOOL OF MUSCLE THERAPY   ,PA,19406-3101,Proprietary  ,18,60,78,24,86,110
03781300,PRINCETON INFORMATION TECHNOLOGY CENTER ,PA,19038-4535,Proprietary  ,11,85,96,22,186,208
03899300,CALVARY BAPTIST THEOLOGICAL SEMINARY    ,PA,19446-4718,Private      ,0,41,41,0,47,47
03923300,PRECISION MANUFACTURING INSTITUTE       ,PA,16335-8380,Private      ,4,5,9,9,14,23
03948300,HARRISBURG UNIVERSITY OF SCIENCE AND TEC,PA,17101-2116,Private      ,95,89,184,415,193,608
03949300,WON INSTITUTE OF GRADUATE STUDIES       ,PA,19038-4535,Private      ,0,24,24,0,32,32
03950500,NORTHWEST REGIONAL TECHNOLOGY INSTITUTE ,PA,16508-2820,Proprietary  ,2,4,6,3,10,13
03952300,NATIONAL MASSAGE THERAPY INSTITUTE      ,PA,19116-3965,Proprietary  ,57,188,245,85,292,377
04024300,EDUCATION AND TECHNOLOGY INSTITUTE      ,PA,15601-9214,Private      ,3,8,11,5,16,21
04118000,BYZANTINE CATHOLIC SEMINARY OF SAINTS CY,PA,15214-2229,Private      ,0,1,1,0,4,4
04127500,CAREER DEVELOPMENT & EMPLOYMENT         ,PA,18702-5253,Proprietary  ,1,14,15,5,30,35
04137100,KIMBERLY'S BEAUTY SCHOOL                ,PA,19134-0000,Proprietary  ,2,6,8,7,15,22
04138300,INTERNATIONAL BEAUTY ACADEMY            ,PA,19149-2710,Proprietary  ,2,18,20,10,26,36
04145800,PULSE BEAUTY ACADEMY A PAUL MITCHELL PAR,PA,19335-0000,Proprietary  ,17,16,33,40,35,75
04149800,SOMERSET COUNTY TECHNOLOGY CENTER       ,PA,15501-1444,Public       ,7,20,27,10,34,44
04151700,BELLA CAPELLI ACADEMY                   ,PA,15146-2388,Proprietary  ,27,18,45,42,34,76
04155100,INSTITUTE OF MEDICAL CAREERS            ,PA,15235-3718,Proprietary  ,5,13,18,11,37,48
04158000,METRO BEAUTY ACADEMY                    ,PA,18106-9693,Proprietary  ,37,34,71,54,56,110
04164900,BARONE BEAUTY ACADEMY                   ,PA,17701-5316,Proprietary  ,10,10,20,13,22,35
04167200,COMMONWEALTH MEDICAL COLLEGE (THE)      ,PA,18503-3251,Private      ,3,174,177,8,462,470
00153410,EVEREST UNIVERSITY - EVEREST COLLEGE - M,WI,53212-4006,Proprietary  ,9,46,55,9,46,55
00267813,BRYANT & STRATTON COLLEGE - MIL DOWNTOWN,WI,53203-2608,Proprietary  ,269,935,1204,554,2337,2891
00383200,ALVERNO COLLEGE                         ,WI,53234-3922,Private      ,220,517,737,1309,1960,3269
00383500,BELOIT COLLEGE                          ,WI,53511-5595,Private      ,183,25,208,1947,109,2056
00383700,CARDINAL STRITCH UNIVERSITY             ,WI,53217-9884,Private      ,329,1742,2071,1006,3391,4397
00383800,CARROLL UNIVERSITY                      ,WI,53186-5593,Private      ,584,255,839,3504,768,4272
00383900,CARTHAGE COLLEGE                        ,WI,53141-0000,Private      ,615,261,876,4575,695,5270
00384000,WESTERN TECHNICAL COLLEGE               ,WI,54601-0908,Public       ,739,1010,1749,1554,1797,3351
00384200,CONCORDIA UNIVERSITY WISCONSIN          ,WI,53097-2402,Private      ,409,1134,1543,2644,3012,5656
00384800,EDGEWOOD COLLEGE                        ,WI,53711-1958,Private      ,351,482,833,1609,972,2581
00385000,SILVER LAKE COLLEGE                     ,WI,54220-9319,Private      ,40,150,190,168,309,477
00385400,LAKELAND COLLEGE                        ,WI,53082-0000,Private      ,197,761,958,1044,1504,2548
00385600,LAWRENCE UNIVERSITY                     ,WI,54912-0599,Private      ,208,23,231,2351,123,2474
00386100,MARIAN UNIVERSITY                       ,WI,54935-4699,Private      ,275,370,645,1319,950,2269
00386300,MARQUETTE UNIVERSITY                    ,WI,53201-1881,Private      ,460,669,1129,14661,4164,18825
00386600,MILWAUKEE AREA TECH COLLEGE             ,WI,53233-1443,Public       ,2419,6659,9078,4828,12829,17657
00386800,MILWAUKEE SCHOOL OF ENGINEERING         ,WI,53202-3109,Private      ,242,191,433,2652,654,3306
00386900,MOUNT MARY COLLEGE                      ,WI,53222-4597,Private      ,150,418,568,783,1287,2070
00387400,NASHOTAH HOUSE                          ,WI,53058-0000,Private      ,0,18,18,0,33,33
00387500,NORTHLAND COLLEGE                       ,WI,54806-3999,Private      ,115,43,158,623,108,731
00388400,RIPON COLLEGE                           ,WI,54971-0248,Private      ,122,15,137,1373,62,1435
00389200,ST. NORBERT COLLEGE                     ,WI,54115-2002,Private      ,306,36,342,2544,112,2656
00389500,UNIVERSITY OF WISCONSIN-MADISON         ,WI,53715-1382,Public       ,4613,3068,7681,23145,10310,33455
00389600,UNIVERSITY OF WISCONSIN-MILWAUKEE       ,WI,53201-3165,Public       ,4407,3761,8168,16320,10538,26858
00389700,UNIVERSITY OF WISCONSIN COLLEGES        ,WI,53708-8680,Public       ,868,800,1668,3416,1891,5307
00389701,UNIVERSITY OF WISCONSIN-BARABOO         ,WI,53913-1098,Public       ,134,71,205,316,162,478
00389702,UNIVERSITY OF WISCONSIN-BARRON          ,WI,54868-2497,Public       ,128,71,199,305,148,453
00389703,UNIVERSITY OF WISCONSIN-FOND DU LAC     ,WI,54935-2998,Public       ,152,96,248,388,205,593
00389704,UNIVERSITY OF WISCONSIN-FOX VALLEY      ,WI,54952-1297,Public       ,253,177,430,725,389,1114
00389705,UNIVERSITY OF WISCONSIN-MANITOWOC       ,WI,54220-6699,Public       ,122,59,181,270,102,372
00389706,UNIVERSITY OF WISCONSIN-MARATHON        ,WI,54401-5396,Public       ,318,138,456,721,306,1027
00389707,UNIVERSITY OF WISCONSIN-MARINETTE       ,WI,54143-4299,Public       ,62,50,112,186,96,282
00389708,UNIVERSITY OF WISCONSIN-MARSHFIELD      ,WI,54449-3310,Public       ,108,59,167,265,130,395
00389709,UNIVERSITY OF WISCONSIN-RICHLAND        ,WI,53581-1399,Public       ,109,45,154,260,94,354
00389710,UNIVERSITY OF WISCONSIN COLLEGES - ROCK ,WI,53546-5699,Public       ,235,165,400,565,393,958
00389711,UNIVERSITY OF WISCONSIN-SHEBOYGAN       ,WI,53081-4789,Public       ,172,100,272,434,211,645
00389712,UNIVERSITY OF WISCONSIN-WASHINGTON      ,WI,53095-3699,Public       ,164,86,250,395,194,589
00389713,UNIVERSITY OF WISCONSIN-WAUKESHA        ,WI,53188-2799,Public       ,415,174,589,969,402,1371
00389900,UNIVERSITY OF WISCONSIN-GREEN BAY       ,WI,54311-7001,Public       ,1291,930,2221,4221,1951,6172
00391100,VITERBO UNIVERSITY                      ,WI,54601-4777,Private      ,204,322,526,1711,1035,2746
00391500,UNIVERSITY OF WISCONSIN-STOUT           ,WI,54751-0790,Public       ,1714,811,2525,5331,1695,7026
00391700,UNIVERSITY OF WISCONSIN-EAU CLAIRE      ,WI,54702-4004,Public       ,2393,663,3056,8156,1563,9719
00391900,UNIVERSITY OF WISCONSIN-LA CROSSE       ,WI,54601-3742,Public       ,1612,586,2198,7718,1516,9234
00392000,UNIVERSITY OF WISCONSIN-OSHKOSH         ,WI,54901-8604,Public       ,2116,1135,3251,7644,2722,10366
00392100,UNIVERSITY OF WISCONSIN-PLATTEVILLE     ,WI,53818-3099,Public       ,1575,613,2188,5890,1325,7215
00392300,UNIVERSITY OF WISCONSIN-RIVER FALLS     ,WI,54022-5013,Public       ,1697,526,2223,4562,1076,5638
00392400,UNIVERSITY OF WISCONSIN-STEVENS POINT   ,WI,54481-3871,Public       ,2252,746,2998,7508,1716,9224
00392500,UNIVERSITY OF WISCONSIN-SUPERIOR        ,WI,54880-2898,Public       ,545,514,1059,1428,990,2418
00392600,UNIVERSITY OF WISCONSIN-WHITEWATER      ,WI,53190-1792,Public       ,1886,790,2676,8600,2313,10913
00400700,MADISON AREA TECHNICAL COLLEGE          ,WI,53704-2599,Public       ,1780,3311,5091,3605,5872,9477
00501500,UNIVERSITY OF WISCONSIN-PARKSIDE        ,WI,53141-2000,Public       ,1015,831,1846,3085,1818,4903
00529400,WAUKESHA COUNTY TECHNICAL COLLEGE       ,WI,53072-4696,Public       ,619,1299,1918,1220,2388,3608
00530100,NORTHEAST WISCONSIN TECHNICAL COLLEGE   ,WI,54307-9042,Public       ,1037,2180,3217,2087,3881,5968
00530400,CHIPPEWA VALLEY TECHNICAL COLLEGE       ,WI,54701-6162,Public       ,1029,1404,2433,2048,2864,4912
00538000,MID-STATE TECHNICAL COLLEGE             ,WI,54494-5512,Public       ,355,780,1135,665,1559,2224
00538400,NICOLET AREA TECHNICAL COLLEGE          ,WI,54501-0000,Public       ,165,326,491,449,705,1154
00538700,NORTHCENTRAL TECHNICAL COLLEGE          ,WI,54401-1899,Public       ,444,1232,1676,821,2156,2977
00538900,GATEWAY TECHNICAL COLLEGE               ,WI,53144-1690,Public       ,892,2836,3728,1815,6626,8441
00539000,BLACKHAWK TECHNICAL COLLEGE             ,WI,53547-5009,Public       ,396,1057,1453,830,2440,3270
00612601,ST LUKE'S MEDCL CTR SCHL RAD TECH       ,WI,53215-4330,Private      ,6,21,27,16,53,69
00663900,BELLIN COLLEGE                          ,WI,54305-0000,Private      ,87,68,155,258,160,418
00732934,ITT TECHNICAL INSTITUTE                 ,WI,53220-4612,Proprietary  ,353,1190,1543,459,1542,2001
00766900,SOUTHWEST WISCONSIN TECH COLLEGE        ,WI,53809-0000,Public       ,214,328,542,534,650,1184
00821700,WISCONSIN COLLEGE OF COSMETOLOGY        ,WI,54324-0257,Proprietary  ,47,48,95,73,82,155
00869405,RASMUSSEN COLLEGE - WAUSAU              ,WI,54401-7804,Proprietary  ,56,326,382,96,606,702
00869414,RASMUSSEN COLLEGE - GREEN BAY           ,WI,54303-2349,Proprietary  ,72,438,510,145,806,951
00869419,RASMUSSEN COLLEGE - APPLETON            ,WI,54915-7305,Proprietary  ,20,160,180,36,266,302
00919400,LAKESHORE TECHNICAL COLLEGE             ,WI,53015-1412,Public       ,288,869,1157,563,1547,2110
00925600,MORAINE PARK TECHNICAL COLLEGE          ,WI,54936-0000,Public       ,447,1148,1595,871,2385,3256
00941900,STATE CLG OF BEAUTY CULT-WAUSAU         ,WI,54403-4667,Proprietary  ,24,21,45,34,41,75
00962100,HERZING UNIVERSITY                      ,WI,53718-4236,Proprietary  ,580,3809,4389,1141,8156,9297
00974400,FOX VALLEY TECHNICAL COLLEGE            ,WI,54913-0000,Public       ,1168,2155,3323,2373,4212,6585
01091300,MADISON MEDIA INSTITUTE                 ,WI,53718-6787,Proprietary  ,243,191,434,467,338,805
01148400,ADVANCED INSTITUTE OF HAIR DESIGN       ,WI,53225-0000,Proprietary  ,63,57,120,131,125,256
01182400,WISCONSIN INDIANHEAD TECH CLG WITC      ,WI,54871-9300,Public       ,457,1031,1488,798,1867,2665
02077100,MILWAUKEE INST OF ART & DESIGN          ,WI,53202-0000,Private      ,215,76,291,902,210,1112
02078000,SACRED HEART SCHOOL OF THEOLOGY         ,WI,53130-0000,Private      ,1,1,2,1,5,6
02136600,WISCONSIN LUTHERAN COLLEGE              ,WI,53226-0000,Private      ,222,76,298,976,175,1151
02201803,KAPLAN COLLEGE - MILWAUKEE              ,WI,53212-3939,Proprietary  ,45,255,300,100,547,647
02239204,ANTHEM COLLEGE - BROOKFIELD             ,WI,53005-4207,Proprietary  ,2,14,16,13,40,53
02271300,WI SCH OF PROFESSIONAL PSYCHOLOGY       ,WI,53225-0000,Private      ,6,47,53,12,90,102
02317200,MARANATHA BAPTIST BIBLE COLLEGE         ,WI,53094-0000,Private      ,292,47,339,687,87,774
02324700,EMPIRE BEAUTY SCHOOL                    ,WI,53717-0000,Proprietary  ,21,75,96,41,116,157
02332100,EMPIRE BEAUTY SCHOOL                    ,WI,54220-0000,Proprietary  ,58,146,204,72,230,302
02332101,EMPIRE BEAUTY SCHOOL - APPLETON         ,WI,54914-4644,Proprietary  ,5,7,12,10,26,36
02453500,MEDICAL COLLEGE OF WISCONSIN            ,WI,53226-0000,Private      ,20,167,187,50,1177,1227
02494300,GILL-TECH ACADEMY OF HAIR DESIGN        ,WI,54911-0000,Proprietary  ,28,31,59,58,51,109
02532200,LAC COURTE OREILLES OJIBWA CMTY CLG     ,WI,54843-0000,Public       ,14,100,114,23,191,214
03007400,LAKESIDE SCHOOL OF MASSAGE THERAPY      ,WI,53212-3969,Private      ,6,29,35,20,56,76
03061200,MIDWEST COLLEGE OF ORIENTAL MEDICINE    ,WI,53403-9747,Proprietary  ,4,60,64,7,139,146
03077600,EMPIRE BEAUTY SCHOOL                    ,WI,54304-4838,Proprietary  ,76,198,274,120,276,396
03125100,COLLEGE OF MENOMINEE NATION             ,WI,54135-0000,Private      ,46,216,262,87,371,458
03125102,COLLEGE OF  THE MENOMINEE NATION - GREEN,WI,54304-4964,Private      ,13,41,54,17,65,82
03220300,"SALON PROFESSIONAL ACADEMY, THE         ",WI,54701-7633,Proprietary  ,28,48,76,54,82,136
03309300,MONTESSORI INSTITUTE OF MILWAUKEE       ,WI,53207-0000,Private      ,0,16,16,2,24,26
03808300,INSTITUTE OF BEAUTY AND WELLNESS (THE)  ,WI,53202-5715,Proprietary  ,43,69,112,77,137,214
03822300,FOUR SEASONS SALON AND COSMETOLOGY SCHOO,WI,53566-0000,Proprietary  ,11,27,38,18,39,57
03872500,NORTHLAND INTERNATIONAL UNIVERSITY      ,WI,54119-9285,Private      ,166,21,187,370,46,416
03925300,BLUE SKY SCHOOL OF PROFESSIONAL MASSAGE ,WI,53024-9699,Private      ,7,41,48,22,82,104
04117400,MILWAUKEE CAREER COLLEGE                ,WI,53222-4305,Proprietary  ,43,135,178,101,354,455
04118600,ACADEMY OF COSMETOLOGY                  ,WI,53548-3307,Proprietary  ,10,19,29,14,46,60
04124800,VISIONS IN HAIR DESIGN INSTITUTE OF COSM,WI,53210-1120,Proprietary  ,9,19,28,15,38,53
04132600,WISCONSIN ACADEMY (THE)                 ,WI,54157-1726,Proprietary  ,4,19,23,9,29,38
04137900,PC PROSCHOOLS                           ,WI,53005-6003,Proprietary  ,15,123,138,24,157,181
04138200,SALON PROFESSIONAL ACADEMY (THE)        ,WI,54914-3921,Proprietary  ,24,16,40,41,37,78
04157700,SALON PROFESSIONAL ACADEMY (THE)        ,WI,54650-8699,Proprietary  ,25,22,47,53,41,94
04165300,ACADEMY WAUKESHA (THE)                  ,WI,53072-5524,Proprietary  ,32,53,85,61,92,153
04179200,ADVANCED COLLEGE OF COSMETOLOGY         ,WI,53963-0000,Proprietary  ,14,13,27,24,25,49
04182100,FIRST CLASS COSMETOLOGY SCHOOL          ,WI,52511-0000,Proprietary  ,6,23,29,8,32,40
04183600,SALON PROFESSIONAL ACADEMY OF KENOSHA (T,WI,53142-4950,Proprietary  ,32,69,101,61,119,180
00290500,NORTH CAROLINA A&T STATE UNIV           ,NC,27411-0001,Public       ,2678,2068,4746,12819,5570,18389
00290600,APPALACHIAN STATE UNIVERSITY            ,NC,28608-2059,Public       ,2385,1169,3554,15869,3990,19859
00290700,UNIVERSITY OF NC AT ASHEVILLE           ,NC,28804-3299,Public       ,701,582,1283,3812,1547,5359
00290800,BARTON COLLEGE                          ,NC,27893-3104,Private      ,360,326,686,1496,748,2244
00291000,BELMONT ABBEY COLLEGE                   ,NC,28012-1802,Private      ,311,445,756,1217,1085,2302
00291100,BENNETT COLLEGE                         ,NC,27401-3239,Private      ,191,143,334,1067,450,1517
00291200,BREVARD COLLEGE                         ,NC,28712-3306,Private      ,268,58,326,933,149,1082
00291300,CAMPBELL UNIVERSITY                     ,NC,27506-0036,Private      ,923,1132,2055,4680,3008,7688
00291400,CATAWBA COLLEGE                         ,NC,28144-2488,Private      ,266,200,466,1549,559,2108
00291500,CENTRAL PIEDMONT COMMUNITY COLLEGE      ,NC,28204-2297,Public       ,3194,6719,9913,6461,13137,19598
00291600,CHOWAN UNIVERSITY                       ,NC,27855-1850,Private      ,522,164,686,2105,414,2519
00291700,COLLEGE OF THE ALBEMARLE                ,NC,27909-2327,Public       ,339,633,972,726,1426,2152
00291800,DAVIDSON COLLEGE                        ,NC,28035-7157,Private      ,428,69,497,3195,168,3363
00291900,DAVIDSON COUNTY COMMUNITY COLLEGE       ,NC,27293-0000,Public       ,650,1578,2228,1322,3367,4689
00292000,DUKE UNIVERSITY                         ,NC,27708-0397,Private      ,1496,607,2103,17536,2262,19798
00292001,DUKE UNIV - SCHOOL OF MEDICINE          ,NC,27710-0000,Private      ,21,338,359,135,1299,1434
00292002,DUKE UNIV - SCHOOL OF LAW               ,NC,27708-0000,Private      ,12,150,162,43,2552,2595
00292003,DUKE UNIV - GRAD SCH ARTS & SCIENCE     ,NC,27708-0000,Private      ,7,131,138,66,614,680
00292004,DUKE UNIV - FUQUA SCH OF BUSINESS       ,NC,27708-0000,Private      ,4,486,490,55,1176,1231
00292005,DUKE UNIV/NICHOLAS SCH OF ENVIRON.      ,NC,27708-0000,Private      ,1,77,78,30,313,343
00292006,DUKE UNIV - DIVINITY SCHOOL             ,NC,27708-0000,Private      ,13,238,251,108,660,768
00292007,DUKE UNIV - SCHOOL OF NURSING           ,NC,27710-0000,Private      ,21,336,357,114,886,1000
00292010,DUKE UNIVERSITY - SCHOOL OF PUBLIC POLIC,NC,27708-0239,Private      ,9,95,104,50,338,388
00292300,EAST CAROLINA UNIVERSITY                ,NC,27858-1818,Public       ,4708,4137,8845,21247,10687,31934
00292600,ELIZABETH CITY STATE UNIVERSITY         ,NC,27909-7806,Public       ,529,367,896,3570,1469,5039
00292700,ELON UNIVERSITY                         ,NC,27244-2010,Private      ,556,330,886,6562,1194,7756
00292800,FAYETTEVILLE STATE UNIVERSITY           ,NC,28301-4298,Public       ,1196,2386,3582,4341,5413,9754
00292900,GARDNER-WEBB UNIVERSITY                 ,NC,28017-0000,Private      ,526,1147,1673,2806,2309,5115
00293000,GREENSBORO COLLEGE                      ,NC,27401-1875,Private      ,410,405,815,1615,1011,2626
00293100,GUILFORD COLLEGE                        ,NC,27410-4171,Private      ,561,1008,1569,2713,2335,5048
00293300,HIGH POINT UNIVERSITY                   ,NC,27262-4221,Private      ,705,376,1081,5044,955,5999
00293400,ISOTHERMAL COMMUNITY COLLEGE            ,NC,28160-0804,Public       ,350,775,1125,747,1428,2175
00293500,JOHN WESLEY COLLEGE                     ,NC,27265-0000,Private      ,15,70,85,35,153,188
00293600,JOHNSON C SMITH UNIVERSITY              ,NC,28216-5398,Private      ,679,497,1176,2684,1244,3928
00293700,KING'S COLLEGE-CHARLOTTE                ,NC,28204-2435,Proprietary  ,334,238,572,649,522,1171
00293900,LEES MCRAE COLLEGE                      ,NC,28604-0000,Private      ,248,115,363,980,250,1230
00294000,LENOIR COMMUNITY COLLEGE                ,NC,28502-0188,Public       ,340,942,1282,717,1744,2461
00294100,LENOIR-RHYNE UNIVERSITY                 ,NC,28603-0000,Private      ,545,307,852,2631,756,3387
00294200,LIVINGSTONE COLLEGE                     ,NC,28144-5298,Private      ,489,166,655,1425,417,1842
00294300,LOUISBURG COLLEGE                       ,NC,27549-2398,Private      ,397,74,471,1042,180,1222
00294400,MARS HILL COLLEGE                       ,NC,28754-0000,Private      ,321,159,480,1782,449,2231
00294500,MEREDITH COLLEGE                        ,NC,27607-5298,Private      ,249,277,526,1856,834,2690
00294600,METHODIST UNIVERSITY                    ,NC,28311-1420,Private      ,694,675,1369,2532,1433,3965
00294700,MITCHELL COMMUNITY COLLEGE              ,NC,28677-5264,Public       ,458,1072,1530,964,2175,3139
00294800,MONTREAT COLLEGE                        ,NC,28757-1267,Private      ,138,212,350,496,462,958
00294900,MOUNT OLIVE COLLEGE                     ,NC,28365-1299,Private      ,353,1277,1630,1093,2849,3942
00295000,NORTH CAROLINA CENTRAL UNIVERSITY       ,NC,27707-3198,Public       ,1658,2069,3727,9450,6503,15953
00295100,NORTH CAROLINA WESLEYAN COLLEGE         ,NC,27804-8699,Private      ,243,465,708,891,883,1774
00295300,PEACE COLLEGE                           ,NC,27604-1194,Private      ,182,133,315,795,370,1165
00295400,UNIV OF NORTH CAROLINA AT PEMBROKE      ,NC,28372-1510,Public       ,1190,1214,2404,5360,3450,8810
00295500,PFEIFFER UNIVERSITY                     ,NC,28109-0000,Private      ,224,530,754,849,976,1825
00295600,PIEDMONT BAPTIST COLLEGE AND GRADUATE SC,NC,27101-5025,Private      ,61,75,136,155,157,312
00295700,QUEENS UNIVERSITY OF CHARLOTTE          ,NC,28274-0001,Private      ,519,785,1304,2185,1731,3916
00295800,ROCKINGHAM COMMUNITY COLLEGE            ,NC,27375-0000,Public       ,250,548,798,679,1363,2042
00296000,SALEM COLLEGE                           ,NC,27108-0000,Private      ,143,237,380,675,652,1327
00296100,SANDHILLS COMMUNITY COLLEGE             ,NC,28374-8283,Public       ,529,1211,1740,1179,2515,3694
00296200,SHAW UNIVERSITY                         ,NC,27601-2393,Private      ,714,720,1434,2528,1831,4359
00296400,SOUTHEASTERN COMMUNITY COLLEGE          ,NC,28472-5422,Public       ,246,618,864,488,1106,1594
00296700,ST ANDREWS PRESBYTERIAN COLLEGE         ,NC,28352-9979,Private      ,162,50,212,487,92,579
00296800,ST AUGUSTINES COLLEGE                   ,NC,27610-2298,Private      ,490,264,754,1968,703,2671
00297000,SURRY COMMUNITY COLLEGE                 ,NC,27017-0304,Public       ,419,684,1103,1060,1497,2557
00297200,NORTH CAROLINA STATE UNIV-RALEIGH       ,NC,27695-7001,Public       ,2714,2551,5265,24472,9128,33600
00297300,GASTON COLLEGE                          ,NC,28034-1499,Public       ,850,2079,2929,1790,4111,5901
00297400,UNIVERSITY OF N C-CHAPEL HILL           ,NC,27514-0000,Public       ,1174,2073,3247,20477,11867,32344
00297500,UNIVERSITY OF NC AT CHARLOTTE           ,NC,28223-0001,Public       ,4442,4499,8941,18440,10921,29361
00297600,UNIVERSITY OF N C - GREENSBORO          ,NC,27412-0001,Public       ,2651,2960,5611,14792,8958,23750
00297800,WAKE FOREST UNIV - UNDERGRADUATE        ,NC,27109-7246,Private      ,327,100,427,6498,403,6901
00297801,WAKE FOREST UNIV - SCH OF MEDICINE      ,NC,27157-1090,Private      ,9,275,284,58,967,1025
00297803,WAKE FOREST GRAD SCHOOLS OF BUSINESS    ,NC,27109-7659,Private      ,7,251,258,41,586,627
00297805,WAKE FOREST UNIV - SCH OF LAW           ,NC,27109-7206,Private      ,4,227,231,41,1361,1402
00297806,WAKE FOREST UNIV - GRAD A&S/DIVINITY    ,NC,27109-7246,Private      ,2,100,102,19,361,380
00297900,WARREN WILSON COLLEGE                   ,NC,28815-0000,Private      ,172,79,251,1168,364,1532
00298000,WAYNE COMMUNITY COLLEGE                 ,NC,27533-0000,Public       ,554,1282,1836,1020,2299,3319
00298100,WESTERN CAROLINA UNIVERSITY             ,NC,28723-9731,Public       ,1336,1025,2361,8309,3366,11675
00298200,WESTERN PIEDMONT COMMUNITY COLLEGE      ,NC,28655-4504,Public       ,405,723,1128,856,1676,2532
00298300,WILKES COMMUNITY COLLEGE                ,NC,28697-2100,Public       ,446,770,1216,875,1357,2232
00298400,UNIVERSITY OF N C-WILMINGTON            ,NC,28403-3297,Public       ,2539,1740,4279,12040,4328,16368
00298500,WINGATE UNIVERSITY                      ,NC,28174-0159,Private      ,567,316,883,2834,875,3709
00298600,WINSTON-SALEM STATE UNIVERSITY          ,NC,27102-0000,Public       ,922,1385,2307,6207,4142,10349
00398100,UNC SCHOOL OF THE ARTS                  ,NC,27127-2188,Public       ,173,110,283,1168,344,1512
00403300,ASHEVILLE BUNCOMBE TECH CMTY CLG        ,NC,28801-4897,Public       ,709,1771,2480,1753,4102,5855
00406200,PITT COMMUNITY COLLEGE                  ,NC,28590-0000,Public       ,1573,2470,4043,3352,5079,8431
00483500,CALDWELL COMMUNITY CLG & TECH INST      ,NC,28638-2626,Public       ,520,1085,1605,1266,2454,3720
00483800,GUILFORD TECHNICAL COMMUNITY CLG        ,NC,27282-0309,Public       ,2332,4762,7094,5580,12091,17671
00484400,WAKE TECHNICAL COMMUNITY COLLEGE        ,NC,27603-5696,Public       ,2723,5453,8176,5829,11196,17025
00484500,WILSON COMMUNITY COLLEGE                ,NC,27893-3310,Public       ,225,692,917,413,1340,1753
00499201,MILLER-MOTTE TECHNICAL COLLEGE - MILLER-,NC,27511-9209,Proprietary  ,53,321,374,76,524,600
00499202,MILLER-MOTTE TECHNICAL COLLEGE - MILLER-,NC,27604-6072,Proprietary  ,93,408,501,162,715,877
00499203,MILLER-MOTTE TECHNICAL COLLEGE - FAYETTE,NC,28311-7651,Proprietary  ,90,514,604,130,793,923
00499205,MILLER-MOTTE TECHNICAL COLLEGE - MILLER-,NC,28540-5901,Proprietary  ,29,301,330,47,469,516
00531600,COASTAL CAROLINA COMMUNITY COLLEGE      ,NC,28546-6816,Public       ,461,1419,1880,997,2861,3858
00531700,FORSYTH TECHNICAL COMMUNITY COLLEGE     ,NC,27103-5197,Public       ,1212,3173,4385,2824,7126,9950
00531800,CATAWBA VALLEY COMMUNITY COLLEGE        ,NC,28602-8302,Public       ,848,1392,2240,1995,3301,5296
00532000,CAPE FEAR COMMUNITY COLLEGE             ,NC,28401-3910,Public       ,1471,2593,4064,3013,4948,7961
00544700,RANDOLPH COMMUNITY COLLEGE              ,NC,27204-1009,Public       ,304,815,1119,722,1850,2572
00544800,DURHAM TECHNICAL CMNTY COLLEGE          ,NC,27703-5023,Public       ,667,2272,2939,1396,4571,5967
00544900,CENTRAL CAROLINA COMMUNITY COLLEGE      ,NC,27330-9000,Public       ,493,1539,2032,1063,2926,3989
00546300,ALAMANCE COMMUNITY COLLEGE              ,NC,27253-0000,Public       ,604,1388,1992,1258,2988,4246
00546400,RICHMOND COMMUNITY COLLEGE              ,NC,28345-4522,Public       ,241,777,1018,465,1492,1957
00575400,ROWAN-CABARRUS COMMUNITY COLLEGE        ,NC,28146-8357,Public       ,707,1916,2623,1408,3536,4944
00647700,CABARRUS COLLEGE OF HEALTH SCIENCES     ,NC,28025-0000,Private      ,89,308,397,220,664,884
00647800,MERCY HOSP SCH OF NURSING               ,NC,28207-0000,Public       ,66,275,341,171,648,819
00648300,WATTS SCHOOL OF NURSING                 ,NC,27704-0000,Private      ,16,98,114,42,224,266
00679900,CRAVEN COMMUNITY COLLEGE                ,NC,28562-0000,Public       ,299,1117,1416,627,2464,3091
00703100,PAMLICO COMMUNITY COLLEGE               ,NC,28529-0000,Public       ,34,115,149,57,221,278
00764000,FAYETTEVILLE TECHNICAL CMTY COLLEGE     ,NC,28303-0236,Public       ,1384,5157,6541,2580,10006,12586
00768700,JAMES SPRUNT COMMUNITY COLLEGE          ,NC,28349-0398,Public       ,122,468,590,267,928,1195
00781400,BROOKSTONE COLLEGE OF BUSINESS          ,NC,28262-1294,Proprietary  ,23,155,178,54,293,347
00781401,BROOKSTONE COLLEGE OF BUSINESS          ,NC,27409-0000,Proprietary  ,28,176,204,51,287,338
00789200,SAMPSON COMMUNITY COLLEGE               ,NC,28328-0000,Public       ,180,435,615,434,1032,1466
00798500,SOUTH PIEDMONT COMMUNITY COLLEGE        ,NC,28135-9703,Public       ,275,817,1092,585,1652,2237
00798600,HALIFAX COMMUNITY COLLEGE               ,NC,27890-0089,Public       ,193,515,708,409,969,1378
00798700,BLADEN COMMUNITY COLLEGE                ,NC,28332-0266,Public       ,184,609,793,367,1211,1578
00798800,MARTIN COMMUNITY COLLEGE                ,NC,27892-8307,Public       ,94,299,393,204,560,764
00808100,CARTERET COMMUNITY COLLEGE              ,NC,28557-2989,Public       ,207,543,750,404,1168,1572
00808200,CLEVELAND COMMUNITY COLLEGE             ,NC,28150-0000,Public       ,353,924,1277,757,1818,2575
00808300,HAYWOOD COMMUNITY COLLEGE               ,NC,28721-0000,Public       ,233,585,818,510,1045,1555
00808500,MCDOWELL TECHNICAL COMMUNITY CLG        ,NC,28752-8728,Public       ,105,308,413,197,576,773
00808700,MONTGOMERY COMMUNITY COLLEGE            ,NC,27371-0787,Public       ,115,273,388,262,618,880
00846600,SOUTHWESTERN COMMUNITY COLLEGE          ,NC,28779-8581,Public       ,309,644,953,671,1369,2040
00855700,NASH COMMUNITY COLLEGE                  ,NC,27804-0488,Public       ,328,878,1206,726,1744,2470
00855800,BEAUFORT COUNTY COMMUNITY COLLEGE       ,NC,27889-7889,Public       ,284,646,930,493,1240,1733
00861200,ROBESON COMMUNITY COLLEGE               ,NC,28359-2151,Public       ,487,1410,1897,844,2418,3262
00861300,ROANOKE-CHOWAN COMMUNITY COLLEGE        ,NC,27910-9522,Public       ,75,259,334,182,524,706
00885500,EDGECOMBE COMMUNITY COLLEGE             ,NC,27886-9399,Public       ,269,1075,1344,503,2099,2602
00902500,EMPIRE BEAUTY SCHOOL                    ,NC,28105-2508,Proprietary  ,82,267,349,124,418,542
00933600,JOHNSTON COMMUNITY COLLEGE              ,NC,27577-0000,Public       ,570,1394,1964,1169,2812,3981
00943000,TRI-COUNTY COMMUNITY COLLEGE            ,NC,28906-7919,Public       ,121,292,413,267,580,847
00964600,PIEDMONT COMMUNITY COLLEGE              ,NC,27573-1197,Public       ,165,444,609,313,860,1173
00968400,BLUE RIDGE COMMUNITY COLLEGE            ,NC,28731-9624,Public       ,212,520,732,509,1183,1692
00974701,GORDON-CONWELL THEO SEM - CHARLOTTE     ,NC,28273-0000,Private      ,2,102,104,2,177,179
00990300,VANCE-GRANVILLE CMTY COLLEGE            ,NC,27536-0917,Public       ,345,936,1281,779,1923,2702
01026400,SOUTH COLLEGE                           ,NC,28803-3152,Proprietary  ,32,226,258,70,387,457
01119400,STANLY COMMUNITY COLLEGE                ,NC,28001-7458,Public       ,316,819,1135,637,1690,2327
01119700,MAYLAND COMMUNITY COLLEGE               ,NC,28777-2777,Public       ,121,219,340,273,482,755
01179900,PAUL MITCHELL THE SCHOOL FAYETTEVILLE   ,NC,28303-5364,Proprietary  ,87,235,322,143,409,552
01192600,LEON'S BEAUTY SCHOOL                    ,NC,27403-2812,Proprietary  ,52,119,171,102,258,360
02056500,MITCHELL'S HAIR STYLING ACADEMY         ,NC,27893-0000,Proprietary  ,22,35,57,32,58,90
02056501,MITCHELL'S HAIR STYLING ACADEMY - MITCHE,NC,27606-3326,Proprietary  ,14,40,54,27,76,103
02110500,ART INSTITUTE OF CHARLOTTE (THE)        ,NC,28217-0000,Proprietary  ,950,961,1911,2149,1916,4065
02158414,HARRISON COLLEGE - THE CHEF'S ACADEMY - ,NC,27560-0000,Proprietary  ,4,18,22,4,18,22
02170700,BRUNSWICK COMMUNITY COLLEGE             ,NC,28422-0000,Public       ,265,428,693,525,874,1399
02205000,COLLEGE OF WILMINGTON                   ,NC,28403-0000,Proprietary  ,61,117,178,195,217,412
02210400,FAYETTEVILLE BEAUTY COLLEGE             ,NC,28303-0000,Proprietary  ,17,100,117,56,205,261
02227800,MITCHELL'S HAIR STYLING ACADEMY         ,NC,27534-0000,Proprietary  ,5,14,19,6,23,29
02227900,MITCHELL'S HAIR STYLING ACADEMY         ,NC,27858-0000,Proprietary  ,12,17,29,17,35,52
02238700,HAIRSTYLING INSTITUTE OF CHARLOTTE      ,NC,28204-0000,Proprietary  ,28,113,141,52,222,274
02280900,MID-ATLANTIC CHRISTIAN UNIVERSITY       ,NC,27909-0000,Private      ,23,39,62,88,83,171
02326203,KAPLAN CAREER INSTITUTE - KAPLAN COLLEGE,NC,28212-6830,Proprietary  ,79,471,550,189,1095,1284
02560600,PINNACLE INSTITUTE OF COSMETOLOGY       ,NC,28115-8020,Proprietary  ,17,25,42,29,51,80
02614201,MILLER-MOTTE BUSINESS COLLEGE           ,NC,28403-0000,Proprietary  ,126,831,957,182,1321,1503
02614205,MILLER - MOTTE TECHNICAL COLLEGE - MILLE,NC,27834-5052,Proprietary  ,58,264,322,132,687,819
03009500,WINSTON-SALEM BARBER SCHOOL             ,NC,27107-0000,Proprietary  ,19,59,78,53,108,161
03064400,REGENCY BEAUTY INSTITUTE                ,NC,27127-0000,Proprietary  ,47,80,127,78,161,239
03089300,HERITAGE BIBLE COLLEGE                  ,NC,28335-0000,Private      ,8,41,49,17,78,95
03104200,CAROLINAS COLLEGE OF HEALTH SCIENCE     ,NC,28232-2861,Public       ,116,458,574,303,968,1271
03109000,LIVING ARTS COLLEGE                     ,NC,27614-7076,Proprietary  ,199,274,473,396,433,829
03361300,MEDICAL ARTS MASSAGE SCHOOL             ,NC,27616-6453,Proprietary  ,11,71,82,23,141,164
03513400,APEX SCHOOL OF THEOLOGY                 ,NC,27703-8024,Private      ,7,419,426,19,666,685
03555300,SOUTHEASTERN INSTITUTE                  ,NC,28217-0000,Proprietary  ,43,215,258,63,359,422
03555400,SOUTHEASTERN SCHOOL OF NEUROMUSCULAR  MA,NC,29406-0000,Proprietary  ,12,81,93,22,125,147
03570300,CAROLINA CHRISTIAN COLLEGE              ,NC,27105-3241,Private      ,6,36,42,20,88,108
03663300,HOOD THEOLOGICAL SEMINARY               ,NC,28144-5768,Private      ,0,96,96,0,161,161
03748500,LA SHE'S BEAUTY ACADEMY                 ,NC,27707-3569,Proprietary  ,6,51,57,19,68,87
03777300,CAROLINA ACAD OF COSMETIC ART & SCI     ,NC,28054-0460,Proprietary  ,56,103,159,78,166,244
03827300,NEW LIFE THEOLOGICAL SEMINARY           ,NC,28205-1648,Private      ,5,66,71,6,133,139
04073300,JUNG TAO SCHOOL OF CLASSICAL CHINESE MED,NC,28679-9657,Private      ,1,22,23,1,22,23
04098300,TECHSKILLS - CHARLOTTE                  ,NC,28217-0000,Proprietary  ,16,93,109,33,176,209
04101300,CAROLINA SCHOOL OF BROADCASTING         ,NC,28214-8085,Proprietary  ,31,79,110,71,180,251
04115700,REGINA'S COLLEGE OF BEAUTY              ,NC,28110-2831,Proprietary  ,15,67,82,21,100,121
04120300,"FILA ACADEMY, THE                       ",NC,27265-3114,Proprietary  ,14,31,45,20,57,77
04129400,CENTER FOR MASSAGE & NATURAL HEALTH     ,NC,28787-8331,Proprietary  ,7,26,33,17,67,84
04140700,AVEDA INSTITUTE CHAPEL HILL             ,NC,27516-2559,Proprietary  ,103,138,241,153,226,379
04143500,CHARLOTTE SCHOOL OF LAW                 ,NC,28208-2816,Proprietary  ,14,776,790,42,1962,2004
04146400,DAOIST TRADITIONS COLLEGE OF CHINESE MED,NC,28801-1060,Proprietary  ,5,42,47,6,60,66
04149300,PARK WEST BARBER SCHOOL                 ,NC,27701-4022,Proprietary  ,13,97,110,21,164,185
04154200,CAROLINA BIBLE COLLEGE                  ,NC,29303-5157,Private      ,8,57,65,18,145,163
04172800,BODY THERAPY INSTITUTE                  ,NC,27344-6728,Proprietary  ,3,34,37,14,74,88
04173000,SHEPHERDS THEOLOGICAL SEMINARY          ,NC,27518-9316,Private      ,0,11,11,0,11,11
04173700,GRACE COLLEGE OF DIVINITY               ,NC,28314-2343,Private      ,10,24,34,13,46,59
04178100,CAROLINA COLLEGE OF HAIR DESIGN         ,NC,28802-1232,Proprietary  ,17,43,60,30,82,112
00298800,BISMARCK STATE COLLEGE                  ,ND,58501-1299,Public       ,405,438,843,1730,1218,2948
00298900,DICKINSON STATE UNIVERSITY              ,ND,58601-4896,Public       ,188,205,393,982,550,1532
00299000,JAMESTOWN COLLEGE                       ,ND,58405-3401,Private      ,194,40,234,756,103,859
00299100,LAKE REGION STATE COLLEGE               ,ND,58301-1598,Public       ,84,126,210,321,289,610
00299200,UNIVERSITY OF MARY                      ,ND,58504-9652,Private      ,297,480,777,1471,1145,2616
00299300,MAYVILLE STATE UNIVERSITY               ,ND,58257-1299,Public       ,134,104,238,470,243,713
00299400,MINOT STATE UNIVERSITY                  ,ND,58707-0002,Public       ,316,385,701,1461,1091,2552
00299500,DAKOTA COLLEGE AT BOTTINEAU             ,ND,58318-1159,Public       ,79,72,151,253,221,474
00299600,NORTH DAKOTA STATE CLG OF SCIENCE       ,ND,58076-0002,Public       ,409,276,685,1231,549,1780
00299700,NORTH DAKOTA STATE UNIVERSITY           ,ND,58108-6050,Public       ,2336,967,3303,8584,2311,10895
00300500,UNIVERSITY OF NORTH DAKOTA              ,ND,58202-8193,Public       ,1814,1576,3390,7320,4147,11467
00300700,WILLISTON STATE COLLEGE                 ,ND,58802-1326,Public       ,57,100,157,229,258,487
00300800,VALLEY CITY STATE UNIVERSITY            ,ND,58072-0000,Public       ,175,127,302,661,292,953
00775600,JOSEF'S SCHOOL OF HAIR DESIGN INC       ,ND,58102-4977,Proprietary  ,24,22,46,43,52,95
00869408,RASMUSSEN COLLEGE - FARGO               ,ND,58103-7196,Proprietary  ,84,367,451,153,769,922
00869415,RASMUSSEN COLLEGE - BISMARCK            ,ND,58503-0000,Proprietary  ,33,149,182,70,379,449
00935400,MEDCENTER ONE COLLEGE OF NURSING        ,ND,58501-4494,Private      ,17,17,34,62,63,125
01040600,JOSEF'S SCHOOL OF HAIR DESIGN           ,ND,58201-6394,Proprietary  ,17,23,40,34,47,81
01205900,TRINITY BIBLE COLLEGE                   ,ND,58436-7150,Private      ,70,43,113,158,89,247
01229500,JZ TREND ACADEMY PAUL MITCHELL PARTNER S,ND,58501-0000,Proprietary  ,21,12,33,60,38,98
02188200,SITTING BULL COLLEGE                    ,ND,58538-9701,Public       ,18,122,140,45,199,244
02236500,LITTLE HOOP COMMUNITY COLLEGE           ,ND,58335-0000,Public       ,1,12,13,9,46,55
02242900,UNITED TRIBES TECHNICAL COLLEGE         ,ND,58504-0000,Private      ,69,276,345,161,532,693
02298200,HEADQUARTERS ACADEMY OF HAIR DESIGN     ,ND,58701-0000,Proprietary  ,7,15,22,16,30,46
02301100,TURTLE MTN CMNTY COLG-FIN AID OFC       ,ND,58316-0000,Private      ,43,136,179,142,310,452
02553700,FORT BERTHOLD COMMUNITY COLLEGE         ,ND,58763-0000,Public       ,13,20,33,27,72,99
03087200,MOLER BARBER CLG OF HAIRSTYLING         ,ND,58103-0000,Proprietary  ,0,5,5,1,7,8
04031300,SALON PROFESSIONAL ACADEMY (THE)        ,ND,58103-3337,Proprietary  ,27,22,49,60,54,114
04139400,HAIR ACADEMY (THE)                      ,ND,58501-4929,Proprietary  ,10,8,18,42,30,72
00133901,CORBAN UNIVERSITY - SCHOOL OF MINISTRY  ,WA,98402-6699,Private      ,2,5,7,5,18,23
00301005,ANTIOCH UNIV/SEATTLE                    ,WA,98121-0000,Private      ,14,416,430,66,1083,1149
00376900,BELLEVUE COLLEGE                        ,WA,98007-6484,Public       ,1170,2142,3312,4132,6125,10257
00377000,BIG BEND COMMUNITY COLLEGE              ,WA,98837-3299,Public       ,252,452,704,914,1405,2319
00377100,"CENTRAL WASHINGTON UNIV., FIN AID       ",WA,98926-7495,Public       ,1616,1280,2896,9896,4824,14720
00377200,CENTRALIA COLLEGE                       ,WA,98531-4099,Public       ,314,635,949,1108,1730,2838
00377300,CLARK COLLEGE                           ,WA,98663-3598,Public       ,1575,3333,4908,4437,8956,13393
00377400,COLUMBIA BASIN COLLEGE                  ,WA,99301-3379,Public       ,635,1201,1836,2650,3617,6267
00377500,EASTERN WASHINGTON UNIVERSITY           ,WA,99004-2447,Public       ,1069,1367,2436,10140,6448,16588
00377600,EVERETT COMMUNITY COLLEGE               ,WA,98201-1352,Public       ,895,2101,2996,2471,5285,7756
00377700,HERITAGE UNIVERSITY                     ,WA,98948-9562,Private      ,99,546,645,496,1446,1942
00377800,GONZAGA UNIVERSITY                      ,WA,99258-0083,Private      ,376,966,1342,7930,3661,11591
00377900,GRAYS HARBOR COLLEGE                    ,WA,98520-7599,Public       ,180,515,695,632,1471,2103
00378000,GREEN RIVER COMMUNITY COLLEGE           ,WA,98092-3622,Public       ,1060,1850,2910,2676,4517,7193
00378100,HIGHLINE COMMUNITY COLLEGE              ,WA,98198-9800,Public       ,989,2124,3113,2710,4977,7687
00378200,LOWER COLUMBIA COLLEGE                  ,WA,98632-0310,Public       ,400,1279,1679,1010,2802,3812
00378300,NORTHWEST UNIVERSITY                    ,WA,98083-0000,Private      ,236,279,515,1227,763,1990
00378400,OLYMPIC COLLEGE                         ,WA,98337-1600,Public       ,507,1472,1979,1767,4670,6437
00378500,PACIFIC LUTHERAN UNIVERSITY             ,WA,98447-0003,Private      ,550,414,964,4568,1702,6270
00378600,PENINSULA COLLEGE                       ,WA,98362-6660,Public       ,209,564,773,531,1435,1966
00378700,SEATTLE CENTRAL COMMUNITY COLLEGE       ,WA,98122-2413,Public       ,867,2266,3133,2703,5992,8695
00378703,SEATTLE VOCATIONAL INSTITUTE            ,WA,98144-0000,Public       ,31,200,231,76,398,474
00378800,SEATTLE PACIFIC UNIVERSITY              ,WA,98119-1997,Private      ,820,674,1494,6620,2357,8977
00379000,SEATTLE UNIVERSITY                      ,WA,98122-1090,Private      ,706,1263,1969,8484,6387,14871
00379100,SHORELINE COMMUNITY COLLEGE             ,WA,98133-5696,Public       ,561,1369,1930,1835,3956,5791
00379200,SKAGIT VALLEY COLLEGE                   ,WA,98273-5899,Public       ,413,944,1357,1492,2926,4418
00379300,SPOKANE COMMUNITY COLLEGE               ,WA,99207-5399,Public       ,1117,3554,4671,3658,8981,12639
00379400,ST MARTIN'S UNIVERSITY                  ,WA,98503-7500,Private      ,290,363,653,1351,1124,2475
00379600,TACOMA COMMUNITY COLLEGE                ,WA,98466-6100,Public       ,918,2796,3714,3171,7976,11147
00379700,UNIVERSITY OF PUGET SOUND               ,WA,98416-1039,Private      ,324,274,598,5189,1223,6412
00379800,UNIVERSITY OF WASHINGTON                ,WA,98195-5880,Public       ,2314,4268,6582,31235,26584,57819
00379900,WALLA WALLA UNIVERSITY                  ,WA,99324-1198,Private      ,455,210,665,1467,636,2103
00380000,WASHINGTON STATE UNIVERSITY             ,WA,99164-1035,Public       ,1834,2228,4062,21745,11539,33284
00380100,WENATCHEE VALLEY COLLEGE                ,WA,98801-1799,Public       ,345,785,1130,1452,2452,3904
00380200,WESTERN WASHINGTON UNIVERSITY           ,WA,98225-5946,Public       ,1221,728,1949,15442,4357,19799
00380300,WHITMAN COLLEGE                         ,WA,99362-2067,Private      ,315,23,338,2854,132,2986
00380400,WHITWORTH UNIVERSITY                    ,WA,99251-0001,Private      ,486,383,869,4305,1172,5477
00380500,YAKIMA VALLEY COMMUNITY COLLEGE         ,WA,98907-2520,Public       ,651,1197,1848,2711,3982,6693
00499900,BELLINGHAM TECHNICAL COLLEGE            ,WA,98225-0000,Public       ,271,969,1240,762,2395,3157
00500000,PIERCE COLLEGE                          ,WA,98498-1919,Public       ,947,2149,3096,2890,6257,9147
00500100,EDMONDS COMMUNITY COLLEGE               ,WA,98036-5999,Public       ,693,1686,2379,2091,4519,6610
00500600,WALLA WALLA COMMUNITY COLLEGE           ,WA,99362-9267,Public       ,282,606,888,1502,2286,3788
00530600,BATES TECHNICAL COLLEGE                 ,WA,98405-0000,Public       ,264,1095,1359,697,2558,3255
00537200,SOUTH PUGET SOUND COMMUNITY COLLEGE     ,WA,98512-6292,Public       ,803,1683,2486,2074,4496,6570
00537300,LAKE WASHINGTON TECHNICAL COLLEGE       ,WA,98034-8505,Public       ,233,955,1188,611,2408,3019
00575200,CLOVER PARK TECHNICAL COLLEGE           ,WA,98499-0000,Public       ,406,1778,2184,1141,4686,5827
00815500,EVERGREEN STATE COLLEGE (THE)           ,WA,98505-0002,Public       ,511,815,1326,3623,3799,7422
00907901,EVEREST COLLEGE                         ,WA,98684-6950,Proprietary  ,59,250,309,119,445,564
00938700,PERRY TECHNICAL INSTITUTE               ,WA,98903-1239,Private      ,130,286,416,446,782,1228
00954400,SPOKANE FALLS COMMUNITY COLLEGE         ,WA,99224-5204,Public       ,1060,2043,3103,3902,5882,9784
00970400,NORTH SEATTLE COMMUNITY COLLEGE         ,WA,98103-3599,Public       ,412,1639,2051,1350,4171,5521
00970600,SOUTH SEATTLE COMMUNITY COLLEGE         ,WA,98106-1499,Public       ,504,1424,1928,1651,3555,5206
00973900,GLEN DOW ACAD OF HAIR DESIGN            ,WA,99201-0209,Proprietary  ,40,112,152,93,194,287
01036400,WHATCOM COMMUNITY COLLEGE               ,WA,98226-8003,Public       ,552,798,1350,1993,2865,4858
01043400,RENTON TECHNICAL COLLEGE                ,WA,98056-0000,Public       ,287,1080,1367,718,2455,3173
01148100,DIVERS INSTITUTE OF TECHNOLOGY          ,WA,98107-0000,Proprietary  ,45,143,188,100,313,413
01231500,CORNISH COLLEGE OF THE ARTS             ,WA,98121-4604,Private      ,149,97,246,1551,436,1987
01249600,"BEAUTIWORKS SEATTLE, LLC                ",WA,98133-5615,Proprietary  ,12,26,38,21,55,76
01302200,CITY UNIVERSITY OF SEATTLE              ,WA,98005-3030,Private      ,55,737,792,181,1774,1955
01309400,BELLINGHAM BEAUTY SCHOOL                ,WA,98225-0000,Proprietary  ,10,37,47,21,77,98
02105300,BELLEVUE BEAUTY SCHOOL                  ,WA,98007-0000,Proprietary  ,17,48,65,44,99,143
02106700,TRINITY LUTHERAN COLLEGE                ,WA,98201-3569,Private      ,32,23,55,149,88,237
02180000,NORTHWEST INDIAN COLLEGE                ,WA,98226-9278,Public       ,45,204,249,104,477,581
02184200,PAROBA COLLEGE OF COSMETOLOGY           ,WA,98208-0000,Proprietary  ,16,47,63,39,85,124
02202200,STYLEMASTERS COLLEGE OF HAIR DESIGN     ,WA,98632-0000,Proprietary  ,5,31,36,12,49,61
02203300,GENE JUAREZ ACADEMY OF BEAUTY           ,WA,98125-0000,Proprietary  ,132,214,346,303,544,847
02222900,INTERNATIONAL AIR & HOSPITALITY ACADEMY ,WA,98661-4835,Proprietary  ,81,190,271,156,329,485
02236800,PROFESSIONAL BEAUTY SCHOOL              ,WA,98902-0000,Proprietary  ,16,26,42,36,59,95
02242500,BASTYR UNIVERSITY                       ,WA,98028-0000,Private      ,41,503,544,136,1231,1367
02242504,SEATTLE MIDWIFERY SCHOOL                ,WA,98144-0000,Private      ,0,0,0,2,2,4
02291300,ART INSTITUTE OF SEATTLE                ,WA,98121-1622,Proprietary  ,410,533,943,2033,1919,3952
02300100,EVEREST COLLEGE                         ,WA,98367-1835,Proprietary  ,32,167,199,68,315,383
02300103,EVEREST COLLEGE - EVERETT               ,WA,98208-2610,Proprietary  ,60,261,321,140,526,666
02300104,EVEREST COLLEGE - TACOMA                ,WA,98402-3004,Proprietary  ,131,575,706,273,1008,1281
02326500,INTERFACE COLLEGE                       ,WA,99201-4326,Proprietary  ,6,79,85,18,163,181
02331400,NORTHWEST HAIR ACADEMY                  ,WA,98273-0000,Proprietary  ,18,48,66,35,83,118
02331402,NORTHWEST HAIR ACADEMY - EVERETT        ,WA,98204-0000,Proprietary  ,13,16,29,28,45,73
02504900,ACADEMY OF HAIR DESIGN (THE)            ,WA,98801-0000,Proprietary  ,10,38,48,28,81,109
02541900,BJ'S BEAUTY AND BARBER COLLEGE          ,WA,98409-0000,Proprietary  ,13,73,86,27,163,190
02602100,NORTHWEST COLLEGE OF ART                ,WA,98370-8625,Proprietary  ,39,19,58,165,75,240
02606200,EVEREST COLLEGE                         ,WA,98055-2990,Proprietary  ,55,241,296,118,459,577
02617500,EVEREST COLLEGE                         ,WA,98133-9018,Proprietary  ,43,176,219,138,362,500
02617501,EVEREST COLLEGE - FIFE                  ,WA,98424-2649,Proprietary  ,0,3,3,12,42,54
02617503,EVEREST COLLEGE - VANCOUVER             ,WA,98684-6951,Proprietary  ,38,135,173,67,242,309
03031406,INTERNATIONAL ACADEMY OF DESIGN & TECH  ,WA,98188-3319,Proprietary  ,38,65,103,96,223,319
03065000,CLARE'S BEAUTY COLLEGE                  ,WA,99301-0000,Proprietary  ,22,59,81,47,104,151
03071800,ITT TECHNICAL INSTITUTE                 ,WA,99216-1589,Proprietary  ,234,1025,1259,368,1498,1866
03071805,ITT TECHNICAL INSTITUTE - SEATTLE       ,WA,98168-3346,Proprietary  ,133,682,815,282,1078,1360
03099000,CORTIVA INSTITUTE - SEATTLE             ,WA,98109-5474,Proprietary  ,50,154,204,82,271,353
03110800,BAKKE GRADUATE UNIVERSITY               ,WA,98104-1222,Private      ,4,18,22,10,36,46
03139500,MONTESSORI SCHOOLS OF WASHINGTON        ,WA,98203-6600,Private      ,1,4,5,3,12,15
03280300,SEATTLE INST OF ORIENTAL MEDICINE       ,WA,98115-0000,Proprietary  ,2,38,40,11,78,89
03283300,NORTHWEST HVAC/R ASSOCIATION & TRAINING ,WA,99202-2125,Private      ,2,48,50,8,87,95
03466400,MARS HILL GRADUATE SCHOOL               ,WA,98121-0000,Private      ,0,137,137,2,245,247
03483500,CASCADIA COMMUNITY COLLEGE              ,WA,98011-9510,Public       ,287,466,753,926,1207,2133
03490400,EMIL FRIES PIANO HOSPITAL & TRAININ     ,WA,98661-4323,Private      ,0,7,7,3,14,17
03689400,FAITH EVANGELICAL COLLEGE & SEMINARY    ,WA,98407-2607,Private      ,7,116,123,13,246,259
03724300,DIGIPEN INSTITUTE OF TECHNOLOGY         ,WA,98052-5170,Proprietary  ,177,161,338,729,421,1150
03917300,EVERGREEN BEAUTY AND BARBER COLLEGE     ,WA,98208-3759,Proprietary  ,47,108,155,74,195,269
03932500,TOTAL COSMETOLOGY TRAINING CENTER       ,WA,99217-6231,Proprietary  ,12,69,81,36,150,186
03953300,YAKIMA BEAUTY SCHOOL                    ,WA,98901-2202,Proprietary  ,19,29,48,38,65,103
04043400,ALPINE COLLEGE                          ,WA,99206-5097,Proprietary  ,10,123,133,50,305,355
04120000,SUNNYSIDE BEAUTY ACADEMY                ,WA,98944-8711,Proprietary  ,5,14,19,10,32,42
04127200,VICTORIA'S ACADEMY OF COSMETOLOGY       ,WA,99336-3826,Proprietary  ,19,51,70,47,113,160
04130500,PACIFIC NORTHWEST UNIV OF HEALTH SCIENCE,WA,98901-1471,Private      ,5,137,142,27,411,438
04130800,CASCADE BEAUTY COLLEGE                  ,WA,98002-5504,Proprietary  ,5,13,18,17,39,56
04132800,INLAND MASSAGE INSTITUTE                ,WA,99218-5016,Proprietary  ,5,41,46,27,86,113
04135200,NORTHWEST AVIATION COLLEGE              ,WA,98002-1609,Proprietary  ,10,32,42,22,74,96
04149400,GARY MANUEL AVEDA INSTITUTE             ,WA,98122-3807,Proprietary  ,60,141,201,115,261,376
04149600,GP INSTITUTE OF COSMETOLOGY             ,WA,98118-2353,Proprietary  ,1,24,25,7,55,62
04155000,NORTHWEST SCHOOL OF WOODEN BOAT BUILDING,WA,98339-8706,Private      ,1,27,28,11,61,72
04161200,BAINBRIDGE GRADUATE INSTITUTE           ,WA,98110-2870,Private      ,1,44,45,2,93,95
04170100,SALON PROFESSIONAL ACADEMY (THE)        ,WA,98409-7360,Proprietary  ,32,95,127,68,191,259
04172900,ACADEMY OF COSMETOLOGY                  ,WA,99354-2651,Proprietary  ,9,27,36,27,70,97
04188900,NORTHWEST INSTITUTE OF LITERARY ARTS    ,WA,98249-0000,Private      ,0,11,11,0,11,11
04191900,PAUL MITCHELL THE SCHOOL SPOKANE        ,WA,99037-5041,Proprietary  ,23,44,67,23,44,67
00340100,BROWN UNIVERSITY                        ,RI,02912-9127,Private      ,972,92,1064,20063,966,21029
00340101,BROWN UNIVERSITY - GRADUATE SCHOOL      ,RI,02912-1827,Private      ,2,98,100,39,1315,1354
00340102,BROWN MEDICAL SCHOOL                    ,RI,02912-0000,Private      ,3,47,50,37,485,522
00340200,BRYANT UNIVERSITY                       ,RI,02917-1284,Private      ,309,103,412,4759,489,5248
00340400,JOHNSON & WALES UNIVERSITY              ,RI,02903-3703,Private      ,2778,1192,3970,19261,4658,23919
00340600,PROVIDENCE COLLEGE                      ,RI,02918-0001,Private      ,590,168,758,8268,684,8952
00340700,RHODE ISLAND COLLEGE                    ,RI,02908-1991,Public       ,542,700,1242,7138,3762,10900
00340800,COMMUNITY COLLEGE OF RI - WARWICK       ,RI,02906-0000,Public       ,996,1692,2688,5150,6601,11751
00340801,COMMUNITY COLLEGE OF RI - LINCOLN       ,RI,02865-4585,Public       ,347,570,917,2099,2333,4432
00340802,COMMUNITY COLLEGE OF RI- PROVIDENCE     ,RI,02905-2313,Public       ,248,449,697,1546,2111,3657
00340900,RHODE ISLAND SCHOOL OF DESIGN           ,RI,02903-2784,Private      ,201,127,328,2551,1412,3963
00341000,ROGER WILLIAMS UNIVERSITY               ,RI,02809-2921,Private      ,221,238,459,8144,1634,9778
00341100,SALVE REGINA UNIVERSITY                 ,RI,02840-4192,Private      ,157,86,243,4168,415,4583
00341400,UNIVERSITY OF RHODE ISLAND              ,RI,02881-0000,Public       ,1474,741,2215,21387,3892,25279
00659100,ST. JOSEPH HOSP SCH OF NURSING          ,RI,02904-5199,Private      ,12,55,67,65,186,251
00784500,NEW ENGLAND INSTITUTE OF TECHNOLOGY     ,RI,02886-2266,Private      ,497,633,1130,2165,2157,4322
01115900,"SAWYER SCHOOL,THE                       ",RI,02860-4117,Proprietary  ,55,334,389,141,771,912
01164702,SBI CAMPUS - AN AFFILIATE OF SANFORD-BRO,RI,02920-7807,Proprietary  ,65,225,290,190,656,846
02071900,ARTHUR ANGELO SCH COSMET&HAIR DSGN      ,RI,02903-0000,Proprietary  ,30,58,88,62,139,201
02176900,WARWICK ACADEMY OF BEAUTY CULTURE       ,RI,02886-1534,Proprietary  ,21,45,66,45,100,145
02584400,NEW ENGLAND TRACTOR TRAILER TRAINING SCH,RI,02860-1752,Proprietary  ,32,283,315,41,325,366
03080000,NEWPORT SCHOOL OF HAIRDRESSING          ,RI,02860-4038,Proprietary  ,5,16,21,11,45,56
03232300,LINCOLN TECHNICAL INSTITUTE             ,RI,02865-4211,Proprietary  ,136,345,481,334,722,1056
03732300,INTERNATIONAL YACHT RESTORATION SCH     ,RI,02840-6720,Private      ,6,9,15,22,25,47
04141200,TONI & GUY HAIRDRESSING ACADEMY         ,RI,02920-0000,Proprietary  ,42,48,90,77,85,162
00341700,ALLEN UNIVERSITY                        ,SC,29204-1085,Private      ,389,227,616,848,463,1311
00341800,ANDERSON UNIVERSITY                     ,SC,29621-4035,Private      ,823,515,1338,2367,974,3341
00341900,CHARLESTON SOUTHERN UNIVERSITY          ,SC,29406-2160,Private      ,1301,978,2279,3835,1869,5704
00342000,BENEDICT COLLEGE                        ,SC,29204-1086,Private      ,1337,647,1984,3786,1461,5247
00342100,BOB JONES UNIVERSITY                    ,SC,29614-1000,Proprietary  ,1032,175,1207,2403,351,2754
00342200,SOUTHERN WESLEYAN UNIVERSITY            ,SC,29630-1020,Private      ,241,732,973,792,1364,2156
00342300,THE CITADEL                             ,SC,29409-0002,Public       ,684,431,1115,2497,879,3376
00342400,CLAFLIN UNIVERSITY                      ,SC,29115-4498,Private      ,1014,415,1429,2466,857,3323
00342500,CLEMSON UNIVERSITY                      ,SC,29634-0001,Public       ,3484,1383,4867,17001,3340,20341
00342600,UNIV OF SC AT SUMTER                    ,SC,29150-2498,Public       ,281,255,536,601,494,1095
00342700,COKER COLLEGE                           ,SC,29550-3797,Private      ,395,444,839,1049,774,1823
00342800,COLLEGE OF CHARLESTON                   ,SC,29424-0100,Public       ,2376,1143,3519,10483,2621,13104
00342900,COLUMBIA INTERNATIONAL UNIVERSITY       ,SC,29203-1599,Private      ,174,322,496,531,638,1169
00343000,COLUMBIA COLLEGE                        ,SC,29203-5998,Private      ,439,547,986,1186,1078,2264
00343100,CONVERSE COLLEGE                        ,SC,29302-0006,Private      ,258,303,561,878,594,1472
00343200,ERSKINE COLLEGE                         ,SC,29639-0000,Private      ,264,24,288,686,50,736
00343201,ERSKINE THEOLOGICAL SEMINARY            ,SC,29639-0000,Private      ,0,59,59,1,88,89
00343400,FURMAN UNIVERSITY                       ,SC,29613-5253,Private      ,566,192,758,3386,404,3790
00343500,LANDER UNIVERSITY                       ,SC,29649-2099,Public       ,870,306,1176,3831,862,4693
00343600,LIMESTONE COLLEGE                       ,SC,29340-3799,Private      ,476,1368,1844,1280,2463,3743
00343700,LUTHERAN THEOLOGICAL SOUTHERN SEM       ,SC,29203-5898,Private      ,2,72,74,5,112,117
00343800,MEDICAL UNIV OF SOUTH CAROLINA - FA     ,SC,29425-1760,Public       ,67,991,1058,221,2879,3100
00343900,MORRIS COLLEGE                          ,SC,29150-3599,Private      ,552,261,813,1238,506,1744
00344000,NEWBERRY COLLEGE                        ,SC,29108-2197,Private      ,482,91,573,1673,267,1940
00344100,NORTH GREENVILLE COLLEGE                ,SC,29688-1892,Private      ,972,194,1166,2264,359,2623
00344500,PRESBYTERIAN COLLEGE                    ,SC,29325-2503,Private      ,404,79,483,1562,252,1814
00344600,SOUTH CAROLINA STATE UNIVERSITY         ,SC,29117-4427,Public       ,2147,1290,3437,5870,2535,8405
00344700,SPARTANBURG METHODIST COLLEGE           ,SC,29301-5899,Private      ,534,84,618,1188,191,1379
00344800,UNIVERSITY OF SOUTH CAROLINA            ,SC,29208-3999,Public       ,5898,4418,10316,22988,10350,33338
00344900,UNIVERSITY OF SOUTH CAROLINA AIKEN      ,SC,29801-6399,Public       ,992,509,1501,3070,1180,4250
00345000,UNIV OF SC AT BEAUFORT                  ,SC,29902-4602,Public       ,585,399,984,1450,887,2337
00345100,COASTAL CAROLINA UNIVERSITY             ,SC,29528-0000,Public       ,2844,1020,3864,11912,2519,14431
00345300,UNIV OF SC AT LANCASTER                 ,SC,29721-0889,Public       ,370,261,631,807,529,1336
00345400,UNIV OF SC SYSTEM SALKEHATCHIE          ,SC,29810-0617,Public       ,259,320,579,485,579,1064
00345500,VOORHEES COLLEGE                        ,SC,29042-0000,Private      ,403,190,593,868,350,1218
00345600,WINTHROP UNIVERSITY                     ,SC,29733-0001,Public       ,1435,870,2305,5415,1891,7306
00345700,WOFFORD COLLEGE                         ,SC,29303-3663,Private      ,137,51,188,2241,167,2408
00399000,FLORENCE-DARLINGTON TECH COLLEGE        ,SC,29501-0548,Public       ,1238,2363,3601,2179,4326,6505
00399100,GREENVILLE TECHNICAL COLLEGE            ,SC,29607-2439,Public       ,2966,5245,8211,5457,9427,14884
00399200,PIEDMONT TECHNICAL COLLEGE              ,SC,29648-1467,Public       ,945,2239,3184,1549,3612,5161
00399300,MIDLANDS TECHNICAL COLLEGE              ,SC,29202-0000,Public       ,3075,4628,7703,5271,8976,14247
00399400,SPARTANBURG COMMUNITY COLLEGE           ,SC,29305-4386,Public       ,1353,2145,3498,2489,3986,6475
00399500,CENTRAL CAROLINA TECHNICAL COLLEGE      ,SC,29150-2499,Public       ,600,1551,2151,1047,2785,3832
00399600,YORK TECHNICAL COLLEGE                  ,SC,29730-3395,Public       ,1312,2176,3488,2185,4115,6300
00492000,TRIDENT TECHNICAL COLLEGE               ,SC,29423-8067,Public       ,2731,5466,8197,4659,9923,14582
00492300,CLINTON JR COLLEGE                      ,SC,29730-5152,Private      ,63,37,100,118,71,189
00492400,FORREST JUNIOR COLLEGE                  ,SC,29624-2405,Proprietary  ,13,108,121,25,180,205
00492500,HORRY-GEORGETOWN TECH COLLEGE           ,SC,29526-9521,Public       ,1422,2641,4063,2876,5796,8672
00492600,TRI-COUNTY TECHNICAL COLLEGE            ,SC,29670-9133,Public       ,1491,1693,3184,3314,3645,6959
00492700,UNIV OF SC AT UNION                     ,SC,29379-0729,Public       ,74,88,162,207,204,411
00499204,MILLER-MOTTE TECHNICAL COLLEGE - CONWAY ,SC,29526-9508,Proprietary  ,107,437,544,155,689,844
00536300,DENMARK TECHNICAL COLLEGE               ,SC,29042-0000,Public       ,296,349,645,450,566,1016
00681500,ORANGEBURG-CALHOUN TECHNICAL COLG       ,SC,29118-8299,Public       ,618,969,1587,1078,1796,2874
00695100,UNIVERSITY OF SOUTH CAROLINA UPSTATE    ,SC,29303-9972,Public       ,1621,1248,2869,5278,2629,7907
00760200,NORTHEASTERN TECHNICAL COLLEGE          ,SC,29520-7015,Public       ,206,474,680,404,883,1287
00922600,FRANCIS MARION UNIVERSITY               ,SC,29501-0000,Public       ,1500,862,2362,4211,1732,5943
00932200,WILLIAMSBURG TECHNICAL COLLEGE          ,SC,29556-4197,Public       ,115,304,419,204,577,781
00991000,TECHNICAL COLLEGE OF THE LOWCOUNTRY     ,SC,29902-5441,Public       ,383,1199,1582,677,2135,2812
00991100,UNIV OF SC-REGIONAL CAMPUSES ADMIN      ,SC,29208-0001,Public       ,30,22,52,80,58,138
01005600,AIKEN TECHNICAL COLLEGE                 ,SC,29802-0696,Public       ,709,1281,1990,1341,2441,3782
01209200,KENNETH SHULER SCHOOL OF COSMETOLOGY    ,SC,29732-2169,Proprietary  ,73,158,231,100,234,334
01303907,SOUTH UNIVERSITY                        ,SC,29203-6400,Proprietary  ,167,1108,1275,344,1976,2320
02063700,SHERMAN CLG STRAIGHT CHIROPRACTIC       ,SC,29316-0000,Private      ,4,135,139,12,209,221
02338600,CHARZANNE BEAUTY COLLEGE                ,SC,29649-0000,Proprietary  ,4,16,20,8,24,32
02341100,KENNETH SHULER SCHOOL OF COSMETOLOGY & N,SC,29210-0000,Proprietary  ,98,320,418,143,484,627
02356600,CHARLESTON COSMETOLOGY INSTITUTE        ,SC,29420-0000,Proprietary  ,11,45,56,22,76,98
02552400,ACADEMY OF HAIR TECHNOLOGY              ,SC,29615-2363,Proprietary  ,26,66,92,38,98,136
02567600,SUMTER BEAUTY COLLEGE                   ,SC,29150-0000,Proprietary  ,11,36,47,20,66,86
02614202,MILLER - MOTTE TECHNICAL COLLEGE - NORTH,SC,29406-9239,Proprietary  ,83,438,521,136,718,854
03010614,VIRGINIA COLLEGE - GOLF ACADEMY OF AMERI,SC,29579-0000,Proprietary  ,74,108,182,149,231,380
03010617,VIRGINIA COLLEGE - GREENVILLE           ,SC,29607-7200,Proprietary  ,121,555,676,199,901,1100
03010620,VIRGINIA COLLEGE - CHARLESTON           ,SC,29406-4999,Proprietary  ,83,441,524,131,740,871
03010621,VIRGINIA COLLEGE - COLUMBIA             ,SC,29223-7527,Proprietary  ,121,553,674,197,885,1082
03052300,KENNETH SHULER SCH COSM & HAIR DESG     ,SC,29841-2013,Proprietary  ,60,174,234,82,242,324
03088300,ACADEMY OF COSMETOLOGY                  ,SC,29418-5667,Proprietary  ,13,41,54,35,97,132
03293300,STRAND COLLEGE OF HAIR DESIGN           ,SC,29572-4310,Proprietary  ,8,33,41,17,69,86
03304300,CENTURA COLLEGE                         ,SC,29406-9235,Proprietary  ,55,403,458,84,642,726
03513300,LACY COSMETOLOGY SCHOOL                 ,SC,29803-9084,Proprietary  ,9,19,28,13,36,49
03513301,LACY COSMETOLOGY SCHOOL -               ,SC,29072-0000,Proprietary  ,2,8,10,5,21,26
03513302,LACY COSMETOLOGY SCHOOL -               ,SC,29445-0000,Proprietary  ,6,17,23,8,32,40
03595300,CHARLESTON SCHOOL OF MASSAGE            ,SC,29412-8270,Proprietary  ,6,21,27,18,46,64
03709301,EDWARD VIA VIRGINIA COLLEGE OF OSTEOPATH,SC,29303-3639,Private      ,8,143,151,25,300,325
03746300,LEGRAND INSTITUTE OF COSMETOLOGY        ,SC,29020-0000,Proprietary  ,11,14,25,17,28,45
03746400,SOUTHEASTERN INSTITUTE                  ,SC,29210-0000,Proprietary  ,17,90,107,38,166,204
03768400,STYLETRENDS BARBER AND HAIRSTYLING ACADE,SC,29730-4511,Proprietary  ,3,17,20,5,41,46
03856400,W. L. BONNER COLLEGE                    ,SC,29203-0000,Private      ,2,17,19,5,48,53
03892300,HARLEY'S BEAUTY & BARBER CAREER INST.   ,SC,29204-1919,Proprietary  ,10,32,42,17,68,85
04083300,MARION COUNTY TECHNICAL EDUCATION CENTER,SC,29571-0000,Public       ,7,51,58,17,97,114
04096300,CHARLESTON SCHOOL OF LAW                ,SC,29402-0535,Proprietary  ,6,358,364,20,998,1018
04158100,AIKEN SCHOOL OF COSMETOLOGY             ,SC,29801-4026,Proprietary  ,17,27,44,22,46,68
04166900,COSMETIC ARTS INSTITUTE                 ,SC,29488-2753,Proprietary  ,1,17,18,3,28,31
04172600,SALON 496 BARBER ACADEMY                ,SC,29607-2548,Proprietary  ,15,65,80,19,82,101
00345800,AUGUSTANA COLLEGE                       ,SD,57197-0001,Private      ,407,91,498,1755,197,1952
00345900,BLACK HILLS STATE UNIVERSITY            ,SD,57799-9670,Public       ,626,611,1237,2169,1465,3634
00346100,DAKOTA WESLEYAN UNIVERSITY              ,SD,57301-4398,Private      ,147,93,240,606,249,855
00346300,DAKOTA STATE UNIVERSITY                 ,SD,57042-1799,Public       ,365,284,649,1134,649,1783
00346500,MOUNT MARTY COLLEGE                     ,SD,57078-3724,Private      ,141,147,288,487,326,813
00346600,NORTHERN STATE UNIVERSITY               ,SD,57401-7198,Public       ,267,209,476,1546,617,2163
00346700,PRESENTATION COLLEGE                    ,SD,57401-1299,Private      ,103,169,272,407,380,787
00346900,UNIVERSITY OF SIOUX FALLS               ,SD,57105-1699,Private      ,178,183,361,1118,419,1537
00347000,SOUTH DAKOTA SCH OF MINES & TECH        ,SD,57701-3995,Public       ,334,223,557,1370,495,1865
00347100,SOUTH DAKOTA STATE UNIVERSITY           ,SD,57007-2298,Public       ,2235,1257,3492,7504,2535,10039
00347400,UNIVERSITY OF SOUTH DAKOTA              ,SD,57069-2390,Public       ,1317,1662,2979,4430,3783,8213
00405600,SIOUX FALLS SEMINARY                    ,SD,57105-2729,Private      ,1,38,39,1,63,64
00405700,NATIONAL AMERICAN UNIVERSITY            ,SD,57701-3692,Proprietary  ,232,3458,3690,379,6061,6440
00405707,NATIONAL AMERICAN UNIVERSITY            ,SD,57105-0000,Proprietary  ,20,220,240,48,549,597
00492900,MCKENNAN HOSP-RADOLOGICAL TECH          ,SD,57101-0000,Private      ,6,7,13,23,29,52
00530900,LAKE AREA TECHNICAL INSTITUTE           ,SD,57201-2869,Public       ,296,207,503,776,469,1245
00598700,AVERA SACRED HEART HOSPITAL SCHOOL OF RA,SD,57078-3899,Private      ,7,4,11,9,9,18
00776400,SOUTHEAST TECHNICAL INST                ,SD,57107-0000,Public       ,442,545,987,1007,1046,2053
00828400,MITCHELL TECHNICAL INSTITUTE            ,SD,57301-2002,Public       ,221,158,379,567,303,870
01013800,STEWART SCHOOL                          ,SD,57104-0000,Proprietary  ,40,37,77,87,86,173
01014804,COLORADO TECHNICAL UNIVERSITY           ,SD,57108-2272,Proprietary  ,70,233,303,211,989,1200
01017000,WESTERN DAKOTA TECHNICAL INSTITUTE      ,SD,57701-4018,Public       ,206,391,597,396,719,1115
01147701,SIOUX VALLEY HOSP-MEDICAL TECH          ,SD,57117-5039,Private      ,3,5,8,17,22,39
01465900,OGLALA LAKOTA COLLEGE                   ,SD,57752-0490,Public       ,113,460,573,161,718,879
02137100,BLACK HILLS BEAUTY COLLEGE              ,SD,57701-0000,Proprietary  ,29,33,62,59,69,128
02143700,SINTE GLESKA UNIVERSITY                 ,SD,57570-0000,Public       ,20,114,134,44,268,312
02144600,KILIAN COMMUNITY COLLEGE                ,SD,57103-7020,Private      ,27,180,207,61,319,380
02277300,SISSETON WAHPETON COLLEGE               ,SD,57262-0000,Public       ,3,34,37,9,71,80
02297800,HEADLINES ACADEMY                       ,SD,57701-0000,Proprietary  ,20,45,65,36,82,118
00347700,AQUINAS COLLEGE                         ,TN,37205-2086,Private      ,70,257,327,237,730,967
00347701,AQUINAS COLLEGE -  PRIMETIME PROGRAM    ,TN,37214-3644,Private      ,4,24,28,7,55,62
00347800,AUSTIN PEAY STATE UNIVERSITY            ,TN,37044-0002,Public       ,1775,2563,4338,7113,6506,13619
00347900,BELMONT UNIVERSITY                      ,TN,37212-3757,Private      ,845,1106,1951,6460,3196,9656
00348000,BETHEL UNIVERSITY                       ,TN,38201-1705,Private      ,293,1370,1663,1698,3742,5440
00348100,CARSON-NEWMAN COLLEGE                   ,TN,37760-2204,Private      ,413,236,649,2945,690,3635
00348200,CHRISTIAN BROTHERS UNIVERSITY           ,TN,38104-5581,Private      ,280,475,755,2142,1379,3521
00348300,COLUMBIA STATE COMMUNITY COLLEGE        ,TN,38401-5653,Public       ,855,1224,2079,2575,2807,5382
00348500,CUMBERLAND UNIVERSITY                   ,TN,37087-3554,Private      ,266,290,556,1365,848,2213
00348600,LIPSCOMB UNIVERSITY                     ,TN,37204-3951,Private      ,646,808,1454,3251,1801,5052
00348700,EAST TENNESSEE STATE UNIV - MAIN CAMPUS ,TN,37614-2857,Public       ,2508,2334,4842,10923,6947,17870
00348701,EAST TENNESSEE STATE UNIV - MEDICINE    ,TN,37614-1708,Public       ,81,198,279,337,569,906
00348709,EAST TENNESSEE STATE UNIV - PHARMACY    ,TN,37614-1704,Public       ,25,169,194,129,409,538
00349000,FISK UNIVERSITY                         ,TN,37208-3045,Private      ,171,189,360,1298,546,1844
00349200,FREED-HARDEMAN UNIVERSITY               ,TN,38340-2399,Private      ,451,340,791,1730,697,2427
00349400,HIWASSEE COLLEGE                        ,TN,37354-4001,Private      ,70,42,112,264,112,376
00349500,JOHNSON BIBLE COLLEGE                   ,TN,37998-9775,Private      ,131,118,249,619,337,956
00349600,KING COLLEGE                            ,TN,37620-2699,Private      ,268,528,796,1259,1279,2538
00349800,LAMBUTH UNIVERSITY                      ,TN,38301-5296,Private      ,34,38,72,530,214,744
00349900,LANE COLLEGE                            ,TN,38301-4598,Private      ,408,219,627,2926,1159,4085
00350000,LEE UNIVERSITY                          ,TN,37320-0000,Private      ,836,413,1249,3474,1152,4626
00350100,LEMOYNE-OWEN COLLEGE                    ,TN,38126-6510,Private      ,265,524,789,1254,1637,2891
00350200,LINCOLN MEMORIAL UNIVERSITY             ,TN,37752-7920,Private      ,338,1568,1906,1966,3701,5667
00350400,MARTIN METHODIST COLLEGE                ,TN,38478-2799,Private      ,199,105,304,888,424,1312
00350500,MARYVILLE COLLEGE                       ,TN,37804-5907,Private      ,229,70,299,1838,285,2123
00350600,MEHARRY MEDICAL COLLEGE                 ,TN,37208-0000,Private      ,18,403,421,79,1279,1358
00350700,MEMPHIS COLLEGE OF ART                  ,TN,38104-2764,Private      ,169,89,258,692,276,968
00350900,UNIVERSITY OF MEMPHIS (THE)             ,TN,38152-4611,Public       ,3634,5580,9214,14906,15156,30062
00351000,MIDDLE TENNESSEE STATE UNIV             ,TN,37130-0000,Public       ,6045,5161,11206,21193,11556,32749
00351100,MILLIGAN COLLEGE                        ,TN,37682-4001,Private      ,167,192,359,1098,563,1661
00351700,SOUTHERN COLLEGE OF OPTOMETRY           ,TN,38104-2222,Private      ,9,123,132,26,616,642
00351800,SOUTHERN ADVENTIST UNIVERSITY           ,TN,37315-0370,Private      ,543,285,828,2465,802,3267
00351900,RHODES COLLEGE                          ,TN,38112-1690,Private      ,294,143,437,2962,441,3403
00352200,TENNESSEE STATE UNIVERSITY              ,TN,37209-1561,Public       ,1919,3123,5042,9356,7706,17062
00352300,TENNESSEE TECHNOLOGICAL UNIV            ,TN,38505-0001,Public       ,2098,1282,3380,9283,3407,12690
00352400,TENNESSEE TEMPLE UNIVERSITY             ,TN,37404-3587,Private      ,138,264,402,346,634,980
00352500,TENNESSEE WESLEYAN COLLEGE              ,TN,37371-0040,Private      ,137,112,249,1069,471,1540
00352600,TREVECCA NAZARENE UNIVERSITY            ,TN,37210-2877,Private      ,297,730,1027,1321,1619,2940
00352700,TUSCULUM COLLEGE                        ,TN,37743-0001,Private      ,247,354,601,2177,1574,3751
00352800,UNION UNIVERSITY                        ,TN,38305-3697,Private      ,482,877,1359,2673,2142,4815
00352900,UNIVERSITY OF TENNESSEE-CHATTANOOGA     ,TN,37403-2598,Public       ,2908,1736,4644,11955,4282,16237
00353000,UNIVERSITY OF TENNESSEE-KNOXVILLE       ,TN,37996-0150,Public       ,4285,2985,7270,24233,9042,33275
00353006,UNIVERSITY OF TENNESSEE-HEALTH SCI CTR  ,TN,38103-0000,Public       ,99,1313,1412,372,3016,3388
00353100,UNIVERSITY OF TENNESSEE-MARTIN          ,TN,38238-0002,Public       ,1360,1003,2363,6709,3077,9786
00353400,UNIVERSITY OF THE SOUTH                 ,TN,37383-1000,Private      ,102,29,131,1929,113,2042
00353500,VANDERBILT UNIVERSITY                   ,TN,37240-0001,Private      ,1285,1465,2750,15139,6026,21165
00353501,VANDERBILT UNIV MED CTR ALLIEDHEAL      ,TN,37232-5510,Private      ,10,72,82,46,184,230
00353502,VANDERBILT UNIV - SCH OF MED            ,TN,37232-0000,Private      ,27,188,215,239,938,1177
00353600,BRYAN COLLEGE                           ,TN,37321-7000,Private      ,175,200,375,1164,536,1700
00399800,CHATTANOOGA STATE COMMUNITY COLLEGE     ,TN,37406-1097,Public       ,1746,3419,5165,4344,7278,11622
00399900,CLEVELAND STATE COMMUNITY COLLEGE       ,TN,37312-2858,Public       ,469,954,1423,1566,2193,3759
00402500,TN TECHNOLOGY CTR AT KNOXVILLE          ,TN,37919-2327,Public       ,174,493,667,479,1205,1684
00402600,TENNESSEE TECH. CNTR AT CROSSVILLE      ,TN,38555-4142,Public       ,52,153,205,244,418,662
00461700,NATIONAL COLLEGE OF BUSINESS & TECH     ,TN,37211-6605,Proprietary  ,82,453,535,265,1938,2203
00493400,DAYMAR INSTITUTE                        ,TN,37217-1056,Proprietary  ,180,1020,1200,347,1945,2292
00493700,JACKSON STATE COMMUNITY COLLEGE         ,TN,38301-3797,Public       ,640,1271,1911,2769,3749,6518
00493800,SOUTH COLLEGE                           ,TN,37909-3323,Proprietary  ,110,533,643,369,1430,1799
00494700,WEST TENNESSEE BUSINESS COLLEGE         ,TN,38301-3256,Proprietary  ,34,146,180,97,363,460
00528000,TN TECHNOLOGY CTR AT COVINGTON          ,TN,38019-0249,Public       ,28,109,137,71,236,307
00528100,TN TECHNOLOGY CTR AT ELIZABETHTON       ,TN,37643-0789,Public       ,72,237,309,226,611,837
00528200,TN TECHNOLOGY CTR AT HARTSVILLE         ,TN,37074-0000,Public       ,42,110,152,157,300,457
00528300,TN TECHNOLOGY CTR AT NEWBERN            ,TN,38059-1198,Public       ,33,149,182,90,376,466
00530700,TN TECHNOLOGY CTR AT MCMINNVILLE        ,TN,37110-1322,Public       ,52,95,147,150,259,409
00535100,TENNESSEE TECHNOLOGY CENTER AT MORRISTOW,TN,37813-2094,Public       ,148,357,505,391,852,1243
00535200,TN TECHNOLOGY CENTER AT MCKENZIE        ,TN,38201-1620,Public       ,30,87,117,108,232,340
00535300,TN TECHNOLOGY CENTER AT LIVINGSTON      ,TN,38570-0219,Public       ,55,105,160,202,307,509
00535400,TN TECHNOLOGY CTR AT JACKSON            ,TN,38301-0000,Public       ,91,271,362,392,835,1227
00535600,TENNESSEE TECHNOLOGY CENTER AT HOHENWALD,TN,38462-0000,Public       ,82,196,278,201,420,621
00535700,TENNESSEE TECHNOLOGY CENTER AT CRUMP    ,TN,38327-3402,Public       ,43,122,165,159,345,504
00535800,TN TECHNOLOGY CENTER AT ATHENS          ,TN,37371-0848,Public       ,57,143,200,166,363,529
00535900,TENNESSEE TECHNOLOGY CENTER AT NASHVILLE,TN,37209-0000,Public       ,162,565,727,399,1307,1706
00536000,TENNESSEE TECHNOLOGY CENTER AT MEMPHIS  ,TN,38105-3604,Public       ,252,688,940,558,1472,2030
00537800,NORTHEAST STATE COMMUNITY COLLEGE       ,TN,37617-0246,Public       ,768,1438,2206,2806,4206,7012
00537900,TN TECHNOLOGY CTR AT SHELBYVILLE        ,TN,37160-3697,Public       ,89,241,330,250,590,840
00683500,DYERSBURG STATE COMMUNITY COLLEGE       ,TN,38024-0000,Public       ,415,883,1298,1468,2539,4007
00683600,MOTLOW STATE COMMUNITY COLLEGE          ,TN,37388-7972,Public       ,902,1248,2150,2488,2736,5224
00732941,ITT TECHNICAL INSTITUTE                 ,TN,37932-3343,Proprietary  ,352,1274,1626,594,1786,2380
00732958,ITT TECHNICAL INSTITUTE                 ,TN,37214-3717,Proprietary  ,332,971,1303,583,1438,2021
00743900,FOUNTAINHEAD COLLEGE OF TECHNOLOGY      ,TN,37918-2583,Proprietary  ,33,131,164,109,408,517
00744000,NASHVILLE AUTO DIESEL COLLEGE           ,TN,37206-3298,Proprietary  ,651,374,1025,2050,928,2978
00778200,TENNESSEE TECHNOLOGY CENTER AT DICKSON  ,TN,37055-0000,Public       ,78,281,359,220,671,891
00778300,MIDDLE TENNESSEE SCH OF ANESTHESIA      ,TN,37116-0000,Private      ,12,119,131,47,214,261
00814500,NASHVILLE STATE TECH CMNTY COLLEGE      ,TN,37209-0000,Public       ,1309,3126,4435,3256,7333,10589
00865500,GENESIS CAREER COLLEGE OF COOKEVILLE    ,TN,38501-1959,Proprietary  ,53,181,234,84,272,356
00885900,JOHN A GUPTON COLLEGE                   ,TN,37203-2934,Private      ,41,55,96,102,147,249
00886300,WALTERS STATE COMMUNITY COLLEGE         ,TN,37813-6899,Public       ,1054,1555,2609,3763,3953,7716
00946400,TN TECHNOLOGY CTR AT PULASKI            ,TN,38478-4541,Public       ,40,85,125,90,190,280
00956700,TENNESSEE SCHOOL OF BEAUTY              ,TN,37921-3303,Proprietary  ,66,156,222,158,351,509
00971000,TENNESSEE TECHNOLOGY CENTER AT ONEIDA/HU,TN,37756-4149,Public       ,26,61,87,82,149,231
00991200,VOLUNTEER STATE COMMUNITY COLLEGE       ,TN,37066-3188,Public       ,1170,1925,3095,3276,4442,7718
00991400,ROANE STATE COMMUNITY COLLEGE           ,TN,37748-8664,Public       ,962,1479,2441,3274,4024,7298
00998200,CRICHTON COLLEGE                        ,TN,38111-4745,Proprietary  ,61,376,437,188,1095,1283
01032600,TN TECHNOLOGY CTR AT HARRIMAN           ,TN,37748-1109,Public       ,47,131,178,130,276,406
01043900,SOUTHWEST TENNESSEE COMMUNITY COLLG     ,TN,38104-3322,Public       ,2179,4728,6907,6254,11695,17949
01044700,"PLAZA BEAUTY SCHOOL, INC.               ",TN,38117-4822,Proprietary  ,42,107,149,88,208,296
01046000,AMERICAN BAPTIST THEOLOGICAL SEMINA     ,TN,37207-4994,Private      ,10,41,51,26,129,155
01052900,MEMPHIS THEOLOGICAL SEMINARY            ,TN,38104-0000,Private      ,7,104,111,10,201,211
01070000,TN TECHNOLOGY CENTER AT JACKSBORO       ,TN,37757-2461,Public       ,49,71,120,138,231,369
01155300,WM R MOORE COLLEGE OF TECHNOLOGY        ,TN,38104-0000,Private      ,30,92,122,82,182,264
01216400,TENNESSEE TECHNICAL CNTR AT RIPLEY      ,TN,38063-7359,Public       ,12,74,86,41,237,278
01254700,EMMANUEL SCHOOL OF RELIGION             ,TN,37601-0000,Private      ,1,16,17,4,48,52
01269300,PELLISSIPPI STATE COMMUNITY COLLEGE     ,TN,37933-0990,Public       ,1556,2199,3755,4751,5228,9979
02069303,VATTEROTT COLLEGE -                     ,TN,38016-5877,Proprietary  ,41,166,207,118,459,577
02092800,TENNESSEE TECHNOLOGY CENTER AT WHITEVILL,TN,38075-0000,Public       ,40,83,123,94,218,312
02103500,TN TECHNOLOGY CTR AT MURFREESBORO       ,TN,37129-0000,Public       ,97,242,339,226,487,713
02106400,O'MORE COLLEGE OF DESIGN                ,TN,37064-0000,Private      ,41,27,68,156,64,220
02125300,NASHVILLE CLG OF MEDICAL CAREERS        ,TN,37115-0000,Proprietary  ,12,77,89,34,156,190
02153100,JON NAVE UNIVERSITY OF COSMETOLOGY      ,TN,37013-3347,Proprietary  ,114,161,275,196,298,494
02157100,CONCORDE CAREER COLLEGE                 ,TN,38137-0000,Proprietary  ,151,551,702,356,1237,1593
02160307,INTERNATIONAL ACADEMY OF DESIGN & TECH  ,TN,37212-0000,Proprietary  ,123,182,305,345,529,874
02188300,PENTECOSTAL THEOLOGICAL SEMINARY        ,TN,37320-0000,Private      ,1,89,90,1,135,136
02204200,"CHATTANOOGA COLLEGE - MEDICAL, DENTAL AN",TN,37411-0000,Proprietary  ,46,284,330,111,480,591
02237900,TN TECHNOLOGY CENTER AT PARIS           ,TN,38242-0000,Public       ,42,113,155,120,388,508
02255000,KNOXVILLE INSTITUTE OF HAIR DESIGN      ,TN,37917-0000,Proprietary  ,22,72,94,55,167,222
02257400,ARNOLD'S BEAUTY SCHOOL                  ,TN,38358-0000,Proprietary  ,8,13,21,22,37,59
02263104,ANTHEM COLLEGE - ANTHEM CAREER COLLEGE -,TN,37214-2531,Proprietary  ,18,64,82,50,121,171
02275500,REUBEN-ALLEN COLLEGE                    ,TN,37922-0000,Proprietary  ,28,44,72,59,96,155
02278700,MR WAYNES SCH OF UNISEX HAIR DESIGN     ,TN,38501-0000,Proprietary  ,5,22,27,16,43,59
02293900,VOLUNTEER BEAUTY ACADEMY-NASHVILLE      ,TN,37115-2112,Proprietary  ,4,28,32,10,43,53
02294000,VOLUNTEER BEAUTY ACADEMY-DYERSBURG      ,TN,38024-1622,Proprietary  ,8,33,41,16,68,84
02326200,KAPLAN CAREER INSTITUTE                 ,TN,37212-5318,Proprietary  ,83,403,486,190,876,1066
02326300,MEDVANCE INSTITUTE                      ,TN,38501-4305,Proprietary  ,29,138,167,73,252,325
02335900,VOLUNTEER BEAUTY ACADEMY-NASHVILLE      ,TN,37209-3033,Proprietary  ,10,36,46,27,67,94
02539800,QUEEN CITY COLLEGE                      ,TN,37042-0000,Proprietary  ,22,101,123,48,188,236
02540000,TENNESSEE ACADEMY OF COSMETOLOGY        ,TN,38133-0000,Proprietary  ,22,79,101,53,150,203
02578200,NOSSI COLLEGE OF ART                    ,TN,37115-5138,Proprietary  ,92,97,189,233,230,463
02595000,FAYETTEVILLE BEAUTY SCHOOL              ,TN,37334-2909,Proprietary  ,8,18,26,14,28,42
02599710,VATTEROTT COLLEGE - MEMPHIS             ,TN,38132-1714,Proprietary  ,68,394,462,185,973,1158
02605501,REMINGTON COLLEGE - MEMPHIS CAMPUS      ,TN,38132-0000,Proprietary  ,119,516,635,331,1131,1462
02609204,VATTEROTT COLLEGE - VATTEROTT CAREER COL,TN,38133-4727,Proprietary  ,35,167,202,91,465,556
02614200,MILLER MOTTE BUSINESS COLLEGE           ,TN,37040-6023,Proprietary  ,96,366,462,191,737,928
02614203,MILLER - MOTTE TECHNICAL COLLEGE - CHATT,TN,37421-7220,Proprietary  ,65,245,310,158,585,743
02614204,MILLER - MOTTE TECHNICAL COLLEGE - MADIS,TN,37072-1870,Proprietary  ,58,282,340,97,476,573
03001800,FREE WILL BAPTIST BIBLE COLLEGE         ,TN,37205-2498,Private      ,52,56,108,183,114,297
03008800,FRANKLIN ACADEMY                        ,TN,37312-3939,Private      ,10,31,41,21,59,80
03010606,VIRGINIA COLLEGE - SCH OF BUSNSS & HLTH ,TN,37411-5600,Proprietary  ,35,194,229,64,410,474
03024900,TENNESSEE ACADEMY OF COSMETOLOGY        ,TN,38125-3442,Proprietary  ,18,61,79,65,161,226
03061100,GENESIS CAREER COLLEGE OF LEBANON       ,TN,37087-2718,Proprietary  ,49,96,145,65,140,205
03076405,BRYMAN SCHOOL OF ARIZONA (THE) - ANTHEM ,TN,38134-7345,Proprietary  ,9,27,36,19,69,88
03079100,NORTH CENTRAL INSTITUTE                 ,TN,37042-3116,Proprietary  ,10,47,57,20,93,113
03088800,"WATKINS COLLEGE OF ART, DESIGN & FILM   ",TN,37228-1306,Private      ,109,89,198,482,259,741
03126900,STYLES & PROFILES BEAUTY COLLEGE        ,TN,38375-2109,Proprietary  ,5,8,13,9,13,22
03355400,RICHMONT GRADUATE UNIVERSITY            ,TN,37404-0000,Private      ,1,100,101,2,167,169
03440300,BAPTIST MEMORIAL COLLEGE OF HEALTH      ,TN,38104-3104,Private      ,147,496,643,746,1669,2415
03480303,MEDVANCE INSTITUTE - NASHVILLE          ,TN,37203-1536,Proprietary  ,72,323,395,123,562,685
03513500,WILLIAMSON CHRISTIAN COLLEGE            ,TN,37067-8237,Private      ,7,25,32,15,42,57
03647300,NEW CONCEPTS SCHOOL OF COSMETOLOGY      ,TN,37311-7373,Proprietary  ,8,36,44,14,55,69
03683300,INTERNATIONAL BARBER & STYLE COLLEGE    ,TN,37209-0000,Proprietary  ,16,47,63,28,82,110
03701300,MEMPHIS INSTITUTE OF BARBERING          ,TN,38107-4334,Proprietary  ,36,116,152,79,197,276
03774400,SHEAR ACADEMY                           ,TN,38555-4177,Proprietary  ,7,28,35,8,51,59
03830300,SAE INSTITUTE OF TECHNOLOGY             ,TN,37203-4310,Proprietary  ,52,81,133,147,191,338
03840300,OXFORD GRADUATE SCHOOL                  ,TN,37321-6736,Private      ,0,12,12,3,21,24
03841300,CAREER BEAUTY COLLEGE                   ,TN,38464-3634,Proprietary  ,6,13,19,13,31,44
03920300,INSTITUTE OF HAIR DESIGN                ,TN,38310-1801,Proprietary  ,10,11,21,17,17,34
03930300,BUCHANAN BEAUTY COLLEGE                 ,TN,37160-2741,Proprietary  ,13,31,44,17,55,72
03982300,VISIBLE SCHOOL - MUSIC AND WORSHIPS ARTS,TN,38104-5814,Private      ,58,27,85,106,46,152
04035300,NAVE COSMETOLOGY ACADEMY                ,TN,38401-6335,Proprietary  ,17,51,68,34,84,118
04124100,ELITE COLLEGE OF COSMETOLOGY            ,TN,38351-1431,Proprietary  ,11,33,44,18,58,76
04157200,LOVE BEAUTY SCHOOL                      ,TN,37355-2950,Proprietary  ,3,22,25,11,35,46
04165000,MERIDIAN INSTITUTE OF SURGICAL ASSISTING,TN,37080-0758,Proprietary  ,2,78,80,3,113,116
04174600,NASHVILLE BARBER AND STYLE ACADEMY      ,TN,37208-2826,Proprietary  ,5,27,32,5,27,32
00353700,ABILENE CHRISTIAN UNIVERSITY            ,TX,79699-3701,Private      ,1412,665,2077,4228,1292,5520
00353900,ALVIN COMMUNITY COLLEGE                 ,TX,77511-4807,Public       ,480,1015,1495,1012,2167,3179
00354000,AMARILLO COLLEGE                        ,TX,79109-2446,Public       ,1338,2771,4109,2483,4935,7418
00354100,ANGELO STATE UNIVERSITY                 ,TX,76909-5069,Public       ,1747,1213,2960,6166,2729,8895
00354300,AUSTIN COLLEGE                          ,TX,75090-4440,Private      ,501,80,581,2254,229,2483
00354400,AUSTIN PRESBYTERIAN THEOLOGICAL SEM     ,TX,78705-5797,Private      ,0,96,96,0,130,130
00354500,BAYLOR UNIVERSITY                       ,TX,76798-1458,Private      ,2512,1213,3725,21022,4755,25777
00354600,COASTAL BEND COLLEGE                    ,TX,78102-2197,Public       ,557,827,1384,1122,1598,2720
00354900,BLINN COLLEGE                           ,TX,77833-4098,Public       ,4348,2128,6476,9741,4041,13782
00355300,CISCO JUNIOR COLLEGE                    ,TX,76437-9803,Public       ,732,1114,1846,1500,1979,3479
00355400,CLARENDON COLLEGE                       ,TX,79226-0000,Public       ,161,212,373,338,343,681
00355600,COMMONWEALTH INST OF FUNERAL SVC        ,TX,77090-5918,Private      ,33,149,182,63,248,311
00355700,CONCORDIA UNIVERSITY TEXAS              ,TX,78726-4141,Private      ,450,875,1325,1413,1675,3088
00355800,NORTH CENTRAL TEXAS COLLEGE             ,TX,76240-4699,Public       ,1271,1856,3127,2347,3548,5895
00356000,DALLAS BAPTIST UNIVERSITY               ,TX,75211-9299,Private      ,852,1575,2427,2588,3001,5589
00356100,CEDAR VALLEY COLLEGE                    ,TX,75134-0000,Public       ,734,1535,2269,1555,2973,4528
00356200,DALLAS THEOLOGICAL SEM                  ,TX,75204-0000,Private      ,7,251,258,19,509,528
00356300,DEL MAR COLLEGE                         ,TX,78404-3897,Public       ,1881,3154,5035,3997,6277,10274
00356400,EAST TEXAS BAPTIST UNIVERSITY           ,TX,75670-1423,Private      ,607,176,783,1520,374,1894
00356500,TEXAS A&M UNIVERSITY - COMMERCE         ,TX,75429-3011,Public       ,1491,2770,4261,4514,5717,10231
00356800,FRANK PHILLIPS COLLEGE                  ,TX,79008-0000,Public       ,133,176,309,261,312,573
00357000,GRAYSON COUNTY COLLEGE                  ,TX,75020-8299,Public       ,666,1644,2310,1296,3031,4327
00357100,HARDIN-SIMMONS UNIVERSITY               ,TX,79698-6050,Private      ,647,385,1032,2010,751,2761
00357200,TRINITY VALLEY COMMUNITY COLLEGE        ,TX,75751-2734,Public       ,879,1702,2581,1724,3315,5039
00357300,HILL COLLEGE                            ,TX,76645-2711,Public       ,318,463,781,635,871,1506
00357301,HILL COLLEGE                            ,TX,76031-0000,Public       ,312,697,1009,555,1342,1897
00357400,HOWARD COLLEGE                          ,TX,79720-0213,Public       ,585,1038,1623,1137,1995,3132
00357500,HOWARD PAYNE UNIVERSITY                 ,TX,76801-2715,Private      ,388,142,530,1317,299,1616
00357600,HOUSTON BAPTIST UNIVERSITY              ,TX,77074-3298,Private      ,849,790,1639,3976,1953,5929
00357700,HUSTON - TILLOTSON UNIVERSITY           ,TX,78702-2795,Private      ,307,235,542,937,563,1500
00357800,UNIVERSITY OF THE INCARNATE WORD        ,TX,78209-6398,Private      ,1483,2232,3715,5659,4546,10205
00357900,JACKSONVILLE COLLEGE                    ,TX,75766-4759,Private      ,95,70,165,165,130,295
00358000,KILGORE COLLEGE                         ,TX,75662-3299,Public       ,1221,2024,3245,2355,3532,5887
00358100,LAMAR UNIVERSITY-BEAUMONT               ,TX,77710-0042,Public       ,2487,3260,5747,6844,6238,13082
00358200,LAREDO COMMUNITY COLLEGE                ,TX,78040-4395,Public       ,1699,1431,3130,4979,3199,8178
00358300,LEE COLLEGE                             ,TX,77520-4796,Public       ,717,1725,2442,1319,3193,4512
00358400,LETOURNEAU UNIVERSITY                   ,TX,75607-0000,Private      ,350,1044,1394,1530,2126,3656
00358500,LON MORRIS COLLEGE                      ,TX,75766-2900,Private      ,302,104,406,673,192,865
00358600,LUBBOCK CHRISTIAN UNIVERSITY            ,TX,79407-2099,Private      ,510,567,1077,1304,1086,2390
00358800,UNIVERSITY OF MARY HARDIN-BAYLOR        ,TX,76513-2599,Private      ,534,461,995,3614,1260,4874
00359000,MCLENNAN COMMUNITY COLLEGE              ,TX,76708-1498,Public       ,1767,3489,5256,3378,5891,9269
00359100,MCMURRY UNIVERSITY                      ,TX,79697-0001,Private      ,460,259,719,1450,578,2028
00359200,MIDWESTERN STATE UNIVERSITY             ,TX,76308-2099,Public       ,1234,1207,2441,3731,2549,6280
00359300,NAVARRO COLLEGE                         ,TX,75110-4818,Public       ,1774,2355,4129,3463,4434,7897
00359400,UNIVERSITY OF NORTH TEXAS               ,TX,76203-5017,Public       ,7537,6916,14453,25600,16676,42276
00359500,OBLATE SCHOOL OF THEOLOGY               ,TX,78216-0000,Private      ,5,13,18,6,27,33
00359600,ODESSA COLLEGE                          ,TX,79764-7127,Public       ,668,1083,1751,1215,1931,3146
00359800,OUR LADY OF THE LAKE UNIVERSITY         ,TX,78207-4689,Private      ,514,1048,1562,2188,2407,4595
00359900,UNIVERSITY OF TEXAS - PAN AMERICAN      ,TX,78541-2999,Public       ,3522,3191,6713,15411,8169,23580
00360000,PANOLA COLLEGE                          ,TX,75633-2397,Public       ,373,684,1057,701,1246,1947
00360100,PARIS JR COLLEGE                        ,TX,75460-6298,Public       ,602,1182,1784,1270,2281,3551
00360200,PAUL QUINN COLLEGE                      ,TX,75241-4398,Private      ,94,199,293,256,380,636
00360300,RANGER COLLEGE                          ,TX,76470-3298,Public       ,233,264,497,413,474,887
00360305,RANGER COLLEGE-STEPHENVILE BEAUTY COLLEG,TX,76401-5136,Public       ,24,24,48,39,46,85
00360400,RICE UNIVERSITY                         ,TX,77251-1892,Private      ,936,746,1682,9384,2292,11676
00360600,SAM HOUSTON STATE UNIVERSITY            ,TX,77340-0000,Public       ,4753,3122,7875,14795,6707,21502
00360700,ALAMO CMTY CLG DISTRICT PROGRAM         ,TX,78207-0000,Public       ,510,884,1394,1097,1780,2877
00360800,ST PHILLIPS COLLEGE                     ,TX,78203-2098,Public       ,2158,4460,6618,4037,8277,12314
00360900,SAN JACINTO CLG-CENTRAL-NORTH-SOUTH     ,TX,77501-0000,Public       ,3677,5508,9185,6800,10088,16888
00361000,SCHREINER UNIVERSITY                    ,TX,78028-5697,Private      ,314,174,488,1254,415,1669
00361100,SOUTH PLAINS COLLEGE                    ,TX,79336-6504,Public       ,1968,2174,4142,3857,3915,7772
00361200,UNIV OF HOUSTON-DOWNTOWN                ,TX,77002-1001,Public       ,2209,4406,6615,5667,8836,14503
00361300,SOUTHERN METHODIST UNIVERSITY           ,TX,75275-0181,Private      ,1165,1786,2951,7360,4748,12108
00361400,SOUTHWEST TEXAS JR COLLEGE              ,TX,78801-6221,Public       ,865,1032,1897,1905,1981,3886
00361500,TEXAS STATE UNIVERSITY--SAN MARCOS      ,TX,78666-4602,Public       ,7303,4927,12230,28387,13493,41880
00361600,SOUTHWESTERN ASSEMBLIES OF GOD UNIV     ,TX,75165-2397,Private      ,508,417,925,1230,832,2062
00361800,SOUTHWESTERN CHRISTIAN COLLEGE          ,TX,75160-3400,Private      ,62,45,107,142,86,228
00361900,SOUTHWESTERN ADVENTIST UNIVERSITY       ,TX,76059-1922,Private      ,191,131,322,544,305,849
00362000,SOUTHWESTERN UNIVERSITY                 ,TX,78626-6111,Private      ,208,61,269,2276,240,2516
00362100,ST EDWARDS UNIVERSITY                   ,TX,78704-0000,Private      ,1036,1017,2053,5005,2403,7408
00362300,ST MARY'S UNIV OF SAN ANTONIO           ,TX,78228-8500,Private      ,559,911,1470,4254,2811,7065
00362400,STEPHEN F AUSTIN STATE UNIVERSITY       ,TX,75962-0001,Public       ,3819,1877,5696,13299,4020,17319
00362500,SUL ROSS STATE UNIVERSITY               ,TX,79832-0113,Public       ,530,714,1244,1505,1393,2898
00362600,TARRANT COUNTY COLLEGE                  ,TX,76102-6599,Public       ,6227,10385,16612,12933,21727,34660
00362700,TEMPLE COLLEGE                          ,TX,76504-7435,Public       ,788,1920,2708,1583,3836,5419
00362800,TEXARKANA COLLEGE                       ,TX,75599-0001,Public       ,752,1076,1828,1468,2036,3504
00363000,PRAIRIE VIEW A&M UNIVERSITY             ,TX,77446-2967,Public       ,3184,2320,5504,9894,4857,14751
00363100,TARLETON STATE UNIVERSITY               ,TX,76402-0000,Public       ,2290,2461,4751,6580,5059,11639
00363200,TEXAS A&M UNIVERSITY                    ,TX,77842-0000,Public       ,7016,3079,10095,37824,8689,46513
00363400,TEXAS STATE TECHNICAL CLG AT WACO       ,TX,76705-1695,Public       ,1126,1628,2754,2133,2989,5122
00363500,TEXAS CHIROPRACTIC COLLEGE              ,TX,77505-1699,Private      ,8,172,180,19,295,314
00363600,TEXAS CHRISTIAN UNIVERSITY              ,TX,76129-0001,Private      ,2072,1342,3414,12956,3572,16528
00363700,JARVIS CHRISTIAN COLLEGE                ,TX,75765-1470,Private      ,242,80,322,457,168,625
00363800,TEXAS COLLEGE                           ,TX,75702-4500,Private      ,390,295,685,878,591,1469
00363900,TEXAS A&M UNIVERSITY-KINGSVILLE         ,TX,78363-8203,Public       ,2003,2397,4400,7208,5333,12541
00364100,TEXAS LUTHERAN UNIVERSITY               ,TX,78155-5999,Private      ,514,106,620,1884,297,2181
00364200,TEXAS SOUTHERN UNIVERSITY               ,TX,77004-4598,Public       ,3054,4904,7958,8600,10205,18805
00364400,TEXAS TECH UNIVERSITY                   ,TX,79409-0000,Public       ,5988,3864,9852,22485,9277,31762
00364500,TEXAS WESLEYAN UNIVERSITY               ,TX,76105-1536,Private      ,461,1363,1824,1193,3284,4477
00364600,TEXAS WOMAN'S UNIVERSITY                ,TX,76204-5587,Public       ,1674,3832,5506,6368,10269,16637
00364700,TRINITY UNIVERSITY                      ,TX,78212-7200,Private      ,522,250,772,3430,642,4072
00364800,TYLER JUNIOR COLLEGE                    ,TX,75701-3436,Public       ,2917,3163,6080,6305,5962,12267
00365100,UNIVERSITY OF DALLAS                    ,TX,75062-4799,Private      ,373,504,877,1863,1105,2968
00365200,UNIVERSITY OF HOUSTON                   ,TX,77204-2010,Public       ,9015,10111,19126,30021,23747,53768
00365400,UNIVERSITY OF ST THOMAS                 ,TX,77006-4626,Private      ,393,851,1244,1386,1668,3054
00365600,UNIVERSITY OF TEXAS-ARLINGTON           ,TX,76019-0000,Public       ,5562,9082,14644,19406,21632,41038
00365800,UNIVERSITY OF TEXAS-AUSTIN              ,TX,78713-7758,Public       ,5900,5225,11125,40272,19171,59443
00365900,UT HEALTH CENTER-SAN ANTONIO            ,TX,78229-3900,Public       ,312,1209,1521,917,3336,4253
00366100,UNIVERSITY OF TEXAS-EL PASO             ,TX,79968-0629,Public       ,3922,4293,8215,13375,9881,23256
00366200,VICTORIA COLLEGE                        ,TX,77901-4494,Public       ,663,1159,1822,1313,2237,3550
00366300,WAYLAND BAPTIST UNIVERSITY              ,TX,79072-6998,Private      ,520,1426,1946,1180,2558,3738
00366400,WEATHERFORD COLLEGE                     ,TX,76086-5699,Public       ,948,1346,2294,1837,2636,4473
00366500,WEST TEXAS A&M UNIVERSITY               ,TX,79016-0000,Public       ,1888,1473,3361,4902,2844,7746
00366800,WHARTON COUNTY JR COLLEGE               ,TX,77488-3298,Public       ,1085,1239,2324,2091,2355,4446
00366900,WILEY COLLEGE                           ,TX,75670-5199,Private      ,393,363,756,773,605,1378
00400300,CENTRAL TEXAS COLLEGE                   ,TX,76540-4199,Public       ,1003,4960,5963,1994,10173,12167
00407221,NORTHWOOD UNIVERSITY                    ,TX,75104-0000,Private      ,187,314,501,505,594,1099
00445300,EL CENTRO COLLEGE                       ,TX,75202-0000,Public       ,1573,4089,5662,3298,7950,11248
00450303,EVEREST COLLEGE - FORT WORTH SOUTH      ,TX,76115-1407,Proprietary  ,71,311,382,110,480,590
00481102,EVEREST INSTITUTE - EVEREST COLLEGE     ,TX,76011-6630,Proprietary  ,71,282,353,101,448,549
00494800,TEXAS A&M UNIV SYSTEM HEALTH SCI CT     ,TX,77840-7896,Public       ,303,955,1258,1362,1981,3343
00494900,BAYLOR COLLEGE OF MEDICINE              ,TX,77030-0000,Private      ,135,501,636,481,1493,1974
00495100,UNIV OF TEXAS HEALTH SCIENCE CENTER     ,TX,77225-0000,Public       ,199,1280,1479,512,3301,3813
00495200,UNIV OF TEXAS MEDICAL BRANCH            ,TX,77550-0000,Public       ,150,1055,1205,418,2291,2709
00497200,GALVESTON COLLEGE                       ,TX,77550-7447,Public       ,349,680,1029,708,1303,2011
00497700,SOUTH TEXAS COLLEGE OF LAW              ,TX,77002-0000,Private      ,21,633,654,45,1933,1978
00660600,BAPTIST HS SCHOOL OF HEALTH PROFESSIONS ,TX,78229-3234,Proprietary  ,75,442,517,156,978,1134
00661200,COVENANT SCH OF NSG & ALLIED HEALTH     ,TX,79410-0000,Private      ,64,191,255,116,339,455
00666100,ANGELINA COLLEGE                        ,TX,75902-0000,Public       ,831,1412,2243,1708,2601,4309
00694100,DALLAS CHRISTIAN COLLEGE                ,TX,75234-7229,Private      ,105,162,267,250,331,581
00709600,COLLEGE OF THE MAINLAND                 ,TX,77591-2499,Public       ,451,1154,1605,796,2069,2865
00728700,BRAZOSPORT COLLEGE                      ,TX,77566-3199,Public       ,571,770,1341,1062,1416,2478
00732907,ITT TECHNICAL INSTITUTE                 ,TX,77063-3751,Proprietary  ,70,202,272,171,407,578
00732913,ITT TECHNICAL INSTITUTE                 ,TX,76011-3919,Proprietary  ,123,433,556,188,591,779
00732975,ITT TECHNICAL INSTITUTE                 ,TX,78249-3303,Proprietary  ,113,412,525,203,587,790
00754805,WESTWOOD COLLEGE OF TECHNOLOGY          ,TX,77074-0000,Proprietary  ,66,137,203,147,337,484
00835300,LINCOLN COLLEGE OF TECHNOLOGY           ,TX,75052-0000,Proprietary  ,259,289,548,489,449,938
00849800,MIMS CLASSIC BEAUTY COLLEGE             ,TX,78216-0000,Proprietary  ,16,42,58,32,61,93
00850300,MOUNTAIN VIEW COLLEGE                   ,TX,75211-6599,Public       ,1389,2210,3599,2920,4314,7234
00850400,RICHLAND COLLEGE                        ,TX,75243-2199,Public       ,1877,3153,5030,3695,5963,9658
00851000,EASTFIELD COLLEGE                       ,TX,75150-2099,Public       ,1513,2986,4499,3023,5669,8692
00907905,EVEREST COLLEGE                         ,TX,75206-5209,Proprietary  ,177,734,911,295,1130,1425
00908200,INTERNATIONAL BUSINESS COLLEGE          ,TX,79903-0000,Proprietary  ,45,203,248,92,288,380
00916300,SAN ANTONIO COLLEGE                     ,TX,78212-4299,Public       ,5381,8793,14174,10170,15884,26054
00922500,TEXAS STATE TECHNICAL COLLEGE  HARLINGEN,TX,78550-3697,Public       ,958,1230,2188,2746,2936,5682
00946600,KAPLAN COLLEGE                          ,TX,78216-1899,Proprietary  ,107,478,585,160,782,942
00946607,KAPLAN COLLEGE - MCALLEN                ,TX,78503-1622,Proprietary  ,183,307,490,283,479,762
00946609,KAPLAN COLLEGE - CAREER CENTERS OF TEXAS,TX,78416-9900,Proprietary  ,76,267,343,147,532,679
00946610,KAPLAN COLLEGE - CAREER CENTERS OF TEXAS,TX,76103-2310,Proprietary  ,56,229,285,107,446,553
00954900,WESTERN TEXAS COLLEGE                   ,TX,79549-9501,Public       ,246,210,456,501,381,882
00965100,TEXAS A&M INTERNATIONAL UNIVERSITY      ,TX,78041-1900,Public       ,1147,1123,2270,4745,2615,7360
00974100,UNIVERSITY OF TEXAS AT DALLAS           ,TX,75083-0000,Public       ,2243,3591,5834,8143,7877,16020
00976800,UNIVERSITY OF NORTH TEXAS HEALTH SCIENCE,TX,76107-2699,Public       ,93,672,765,283,1990,2273
00979700,MIDLAND COLLEGE                         ,TX,79705-6397,Public       ,680,1064,1744,1316,2006,3322
00982802,EVEREST INSTITUTE- AUSTIN               ,TX,78754-0000,Proprietary  ,85,344,429,159,582,741
00993000,UNIVERSITY OF TEXAS-PERMIAN BASIN       ,TX,79762-0001,Public       ,647,882,1529,1534,1670,3204
00993200,TEXAS STATE TECH CLG-WEST TEXAS         ,TX,79556-4108,Public       ,138,290,428,245,527,772
00993201,TEXAS STATE TECH COLLEGE-ABILENE        ,TX,79601-0000,Public       ,72,219,291,156,373,529
00993204,TEXAS STATE TECH CLG-BRECKENRIDGE       ,TX,76424-0000,Public       ,17,56,73,29,93,122
00993205,TEXAS STATE TECH COLLEGE-BROWNWOOD      ,TX,76801-0000,Public       ,24,113,137,68,228,296
01001900,UNIV OF TEXAS SOUTHWESTERN MED CTR      ,TX,75390-9096,Public       ,79,491,570,259,1894,2153
01005700,AMERICAN COMMERCIAL COLLEGE             ,TX,79602-1399,Proprietary  ,17,122,139,27,184,211
01005900,AMERICAN COMMERCIAL COLLEGE             ,TX,79761-0000,Proprietary  ,12,63,75,18,89,107
01005901,AMERICAN COMMERCIAL COLLEGE - AMERICAN C,TX,76310-2303,Proprietary  ,12,150,162,15,199,214
01006000,VERNON COLLEGE                          ,TX,76384-4092,Public       ,473,1066,1539,949,2052,3001
01011500,UNIVERSITY OF TEXAS-SAN ANTONIO         ,TX,78249-0600,Public       ,6728,5734,12462,29609,15747,45356
01013000,WADE COLLEGE                            ,TX,75207-3199,Proprietary  ,83,125,208,147,237,384
01038700,EL PASO COMMUNITY COLLEGE               ,TX,79998-0000,Public       ,4899,5819,10718,11759,12438,24197
01050900,HALLMARK COLLEGE OF AERONAUTICS         ,TX,78214-0000,Proprietary  ,75,455,530,113,678,791
01063300,HOUSTON COMMUNITY COLLEGE               ,TX,77002-0000,Public       ,8552,18332,26884,17101,35748,52849
01067400,TEXAS TECH U HEALTH SCIENCES CENTER     ,TX,79430-0000,Public       ,325,1723,2048,973,3675,4648
01076100,DALLAS INSTITUTE OF FUNERAL SERVICE     ,TX,75227-4314,Private      ,20,120,140,46,245,291
01114500,LONE STAR COLLEGE SYSTEM                ,TX,77073-3499,Public       ,6741,11981,18722,13261,23646,36907
01116100,TEXAS A&M UNIV CORPUS CHRISTI           ,TX,78412-5599,Public       ,2300,1994,4294,8520,4601,13121
01116300,UNIVERSITY OF TEXAS AT TYLER            ,TX,75799-6699,Public       ,1459,1819,3278,3951,3718,7669
01171100,UNIVERSITY OF HOUSTON-CLEAR LAKE        ,TX,77058-1002,Public       ,711,2866,3577,1598,5825,7423
01201500,AUSTIN COMMUNITY COLLEGE                ,TX,78752-4390,Public       ,5344,9667,15011,12941,21124,34065
01202000,VICTORIA BEAUTY COLLEGE                 ,TX,77901-6233,Proprietary  ,10,27,37,15,47,62
01226800,BALDWIN BEAUTY SCHOOL #5                ,TX,78704-4785,Proprietary  ,38,101,139,79,196,275
01229700,LAREDO BEAUTY COLLEGE                   ,TX,78040-1051,Proprietary  ,29,84,113,64,102,166
01248200,ATI TECHNICAL TRAINING CENTER           ,TX,75235-4622,Proprietary  ,245,843,1088,339,1436,1775
01248209,ATI CAREER TRAINING CENTER - GARLAND    ,TX,75041-2497,Proprietary  ,19,77,96,35,131,166
01248210,ATI CAREER TRAINING CENTER - WACO       ,TX,76711-1682,Proprietary  ,26,127,153,58,224,282
01248300,COSMETOLOGY CAREER CENTER-A PAUL MITCHEL,TX,75006-2567,Proprietary  ,106,142,248,159,240,399
01248800,INTERNATIONAL BEAUTY COLLEGE NO 3       ,TX,75040-0000,Proprietary  ,6,35,41,12,65,77
01276400,METROPLEX BEAUTY SCHOOL                 ,TX,75149-0000,Proprietary  ,6,27,33,9,47,56
01293000,CHARLES & SUE'S SCH OF HAIR DESIGN      ,TX,77801-0000,Proprietary  ,10,37,47,20,55,75
01293200,TINT SCHOOL OF MAKEUP & COSMETOLOGY     ,TX,75061-4235,Proprietary  ,10,34,44,14,56,70
01300300,NEILSON BEAUTY COLLEGE                  ,TX,75208-4637,Proprietary  ,6,36,42,13,61,74
01301600,OGLE SCHOOL HAIR SKIN NAILS             ,TX,76013-7400,Proprietary  ,52,145,197,112,312,424
01303912,SOUTH UNIVERSITY - THE ART INSTITUTE OF ,TX,75231-5993,Proprietary  ,635,634,1269,1288,1221,2509
01323100,UNIVERSITY OF HOUSTON-VICTORIA          ,TX,77901-5731,Public       ,484,1351,1835,1318,2637,3955
02058600,CONLEE'S COLLEGE OF COSMETOLOGY         ,TX,78028-0000,Proprietary  ,10,14,24,14,22,36
02069302,VATTEROTT COLLEGE - VATTEROTT EDUCATION ,TX,75220-5441,Proprietary  ,24,101,125,39,232,271
02074100,CAPITOL CITY TRADE & TECHNICAL SCH      ,TX,78704-0000,Proprietary  ,87,165,252,112,242,354
02077400,NORTH LAKE COLLEGE                      ,TX,75038-0000,Public       ,1072,1866,2938,2077,3652,5729
02081400,ARLINGTON BAPTIST COLLEGE               ,TX,76012-0000,Private      ,81,101,182,128,196,324
02093600,SOUTHWEST SCHOOL OF ELECTRONIC          ,TX,78735-0000,Proprietary  ,11,24,35,23,53,76
02098300,WESTERN TECHNICAL COLLEGE               ,TX,79927-2105,Proprietary  ,258,609,867,491,977,1468
02100200,BROOKHAVEN COLLEGE                      ,TX,75244-0000,Public       ,1003,2383,3386,2032,4696,6728
02113610,AMERICAN INTERCONTINENTAL UNIV - HOUSTON,TX,77042-4516,Proprietary  ,67,309,376,153,684,837
02116008,SANFORD-BROWN COLLEGE - HOUSTON         ,TX,77042-8900,Proprietary  ,129,488,617,203,916,1119
02116012,SANFORD-BROWN COLLEGE - HOUSTON NORTH LO,TX,77008-1058,Proprietary  ,39,191,230,66,381,447
02117100,ART INSTITUTE OF HOUSTON                ,TX,77056-0000,Proprietary  ,1546,1560,3106,3447,3160,6607
02119200,COURT REPORTING INSTITUTE OF DALLAS     ,TX,75247-6913,Proprietary  ,26,278,304,50,562,612
02119202,COURT REPORTING INSTIUTE OF DALLAS - COU,TX,77040-6315,Proprietary  ,11,67,78,19,152,171
02128302,INSTITUTE FOR BUSINESS & TECHNOLOGY - LA,TX,78230-2520,Proprietary  ,37,155,192,67,282,349
02136800,AMERICAN COMMERCIAL COLLEGE             ,TX,76904-0000,Proprietary  ,15,82,97,27,109,136
02144800,VET TECH INSTITUTE OF HOUSTON           ,TX,77027-9881,Proprietary  ,117,90,207,191,187,378
02176100,PIPO ACADEMY OF HAIR DESIGN             ,TX,79903-0000,Proprietary  ,12,36,48,22,69,91
02200800,AMERICAN COMMERCIAL COLLEGE             ,TX,79411-0000,Proprietary  ,5,47,52,16,84,100
02218300,SOUTHWEST SCHOOL OF BUSINESS & TECHNICAL,TX,78221-0000,Proprietary  ,38,142,180,67,203,270
02218305,SOUTHWEST SCHOOL OF BUSINESS AND TECHNIC,TX,78501-6053,Proprietary  ,14,33,47,35,63,98
02218306,SOUTHWEST SCHOOL OF BUSINESS AND TECHNIC,TX,78413-2045,Proprietary  ,16,64,80,27,90,117
02224600,TRI-STATE BEAUTY SCHOOL #1              ,TX,79915-0000,Proprietary  ,48,144,192,78,221,299
02230500,OGLE SCHOOL HAIR SKIN NAILS             ,TX,76132-3638,Proprietary  ,99,273,372,183,547,730
02230600,OGLE SCHOOL HAIR SKIN NAILS             ,TX,76053-4650,Proprietary  ,33,59,92,53,125,178
02239100,CENTRAL TEXAS BEAUTY COLLEGE #2         ,TX,78664-4204,Proprietary  ,22,84,106,39,137,176
02248200,MILAN INSTITUTE OF COSMETOLOGY          ,TX,79103-0000,Proprietary  ,268,798,1066,434,1296,1730
02254800,TEXAS VOCATIONAL SCHOOLS                ,TX,77901-0000,Proprietary  ,21,46,67,30,85,115
02259400,AMBERTON UNIVERSITY                     ,TX,75041-0000,Private      ,9,115,124,28,235,263
02261300,EVEREST INSTITUTE                       ,TX,78213-3841,Proprietary  ,46,267,313,73,413,486
02261302,EVEREST INSTITUTE - HOUSTON GREENSPOINT ,TX,77060-3249,Proprietary  ,58,217,275,95,402,497
02261303,EVEREST INSTITUTE - HOUSTON HOBBY       ,TX,77087-2737,Proprietary  ,64,258,322,91,367,458
02267100,EXPOSITO SCHOOL OF HAIR DESIGN          ,TX,79109-0000,Proprietary  ,12,29,41,23,45,68
02276000,FRANKLIN BEAUTY SCHOOL #2               ,TX,77021-0000,Proprietary  ,19,60,79,40,119,159
02285900,UNIVERSITY OF COSMETOLOGY ARTS&SCI      ,TX,78504-0000,Proprietary  ,53,134,187,94,179,273
02294800,CAPITOL CITY CAREERS                    ,TX,78745-0000,Proprietary  ,24,84,108,30,135,165
02298501,EVEREST COLLEGE- FORT WORTH             ,TX,76137-2472,Proprietary  ,53,263,316,84,378,462
02305300,PARKER COLLEGE OF CHIROPRACTIC          ,TX,75229-0000,Private      ,26,324,350,54,956,1010
02306700,FORT WORTH BEAUTY SCHOOL                ,TX,76116-3299,Proprietary  ,20,80,100,33,128,161
02312200,TEXAS SCHOOL OF BUSINESS                ,TX,77073-6032,Proprietary  ,98,299,397,159,565,724
02312201,TEXAS SCHOOL OF BUSINESS - SOUTHWEST CAM,TX,77057-5914,Proprietary  ,49,163,212,78,280,358
02312202,TEXAS SCHOOL OF BUSINESS - FRIENDSWOOD C,TX,77546-8938,Proprietary  ,29,147,176,41,248,289
02312203,TEXAS SCHOOL OF BUSINESS - EAST CAMPUS  ,TX,77029-1916,Proprietary  ,23,112,135,55,195,250
02313901,WESTWOOD COLLEGE - DALLAS               ,TX,75243-0000,Proprietary  ,101,303,404,230,590,820
02315400,NORTHEAST TEXAS COMMUNITY COLLEGE       ,TX,75456-0000,Public       ,562,802,1364,1085,1452,2537
02318200,"KD STUDIO, ACTOR'S CONSERVATORY         ",TX,75207-2111,Proprietary  ,79,92,171,119,176,295
02320200,HOUSTON GRADUATE SCHOOL OF THEOLOGY     ,TX,77092-0000,Private      ,3,88,91,5,133,138
02326000,SAN ANTONIO BEAUTY COLLEGE NO 3         ,TX,78217-0000,Proprietary  ,16,21,37,35,52,87
02331200,BAPTIST MISSIONARY ASSN THEOL SEM       ,TX,75766-0000,Private      ,8,24,32,13,42,55
02331300,INTERACTIVE LEARNING SYSTEMS            ,TX,77502-1201,Proprietary  ,3,41,44,4,48,52
02331301,INTERACTIVE LEARNING SYSTEMS            ,TX,77081-0000,Proprietary  ,17,134,151,29,208,237
02331304,INTERACTIVE LEARNING SYSTEMS            ,TX,77060-0000,Proprietary  ,11,119,130,12,152,164
02341300,PALO ALTO COLLEGE                       ,TX,78224-0000,Public       ,2129,3000,5129,3944,5185,9129
02348500,LAMAR STATE COLLEGE-PORT ARTHUR         ,TX,77640-0000,Public       ,428,887,1315,781,1506,2287
02357700,ACADEMY OF HAIR DESIGN                  ,TX,77043-3412,Proprietary  ,50,143,193,105,250,355
02358200,LAMAR STATE COLLEGE-ORANGE              ,TX,77630-0000,Public       ,351,848,1199,660,1434,2094
02361400,COLLIN COUNTY COMMUNITY COLLEGE         ,TX,75071-0000,Public       ,2585,4220,6805,5186,8314,13500
02362000,UNIVERSAL TECHNICAL INSTITUTE           ,TX,77073-0000,Proprietary  ,1722,1096,2818,4256,2525,6781
02362800,AUSTIN GRADUATE SCHOOL OF THEOLOGY      ,TX,78752-1333,Private      ,5,33,38,8,60,68
02521200,ARLINGTON CAREER INSTITUTE              ,TX,75050-0000,Proprietary  ,19,132,151,29,233,262
02521800,SEGUIN BEAUTY SCHOOL                    ,TX,78155-0000,Proprietary  ,21,43,64,34,61,95
02527500,HOUSTON TRAINING SCHOOLS                ,TX,77029-0000,Proprietary  ,45,225,270,56,294,350
02530700,SEBRING CAREER SCHOOLS                  ,TX,77083-1510,Proprietary  ,3,11,14,4,15,19
02548800,SOUTH TEXAS VO-TECH INSTITUTE           ,TX,78596-0000,Proprietary  ,100,230,330,165,423,588
02548802,SOUTH TEXAS VOCATIONAL TECHNICAL INSTITU,TX,78520-8710,Proprietary  ,122,176,298,188,318,506
02549400,SOUTH TEXAS VO-TECH INSTITUTE           ,TX,78501-0000,Proprietary  ,250,600,850,412,944,1356
02549402,SOUTH TEXAS VOCATIONAL TECHNICAL INSTITU,TX,78416-1141,Proprietary  ,38,153,191,68,242,310
02555400,UNIV OF TX MD ANDERSON CANCER CTR       ,TX,77030-0000,Public       ,55,177,232,110,403,513
02568100,TEXAS BARBER COLLEGES & HAIRSTYLING     ,TX,75208-0000,Proprietary  ,160,536,696,233,785,1018
02569300,LE CORDON BLEU COLLEGE OF CULINARY ARTS ,TX,78758-3647,Proprietary  ,623,1817,2440,1247,3639,4886
02572000,COMPUTER CAREER CENTER                  ,TX,79925-2021,Proprietary  ,181,632,813,234,862,1096
02572004,COMPUTER CAREER CENTER - AMARILLO CAMPUS,TX,79101-2404,Proprietary  ,29,139,168,39,191,230
02572005,COMPUTER CAREER CENTER - LUBBOCK CAMPUS ,TX,79414-3517,Proprietary  ,31,209,240,37,269,306
02580100,IVERSON BUSINESS SCH & COURT REPORT     ,TX,76011-1344,Proprietary  ,17,125,142,26,179,205
02591100,CAREER POINT COLLEGE                    ,TX,78201-2027,Proprietary  ,116,796,912,171,1191,1362
02591900,KAPLAN COLLEGE                          ,TX,79907-1525,Proprietary  ,129,363,492,250,769,1019
02591905,KAPLAN COLLEGE - BROWNSVILLE            ,TX,78521-9905,Proprietary  ,76,147,223,125,268,393
02596400,REDSTONE COLLEGE - LOS ANGELES          ,TX,77061-0000,Proprietary  ,60,85,145,107,208,315
02596500,ATI CAREER TRAINING CENTER              ,TX,76180-1599,Proprietary  ,215,921,1136,286,1393,1679
02596503,ATI- CAREER TRAINING CENTER - HOUSTON (#,TX,77029-1978,Proprietary  ,59,284,343,92,405,497
02596600,ATI-CAREER TRAINING CENTER              ,TX,75220-4443,Proprietary  ,150,340,490,220,798,1018
02596601,ATI CAREER TRAINING CENTER - RICHARDSON ,TX,75081-1948,Proprietary  ,17,47,64,33,119,152
02596602,ATI CAREER TRAINING CENTER - DALLAS (STE,TX,75247-6103,Proprietary  ,69,281,350,125,502,627
02600200,OCEAN CORPORATION (THE)                 ,TX,77099-3479,Proprietary  ,51,235,286,96,428,524
02604700,CENTER FOR ADVANCED LEGAL STUDIES       ,TX,77098-4151,Proprietary  ,8,154,162,20,274,294
02606202,EVEREST COLLEGE - EVEREST INSTITUTE - BI,TX,77036-8014,Proprietary  ,87,358,445,181,679,860
02615000,SANFORD-BROWN COLLEGE                   ,TX,75247-6931,Proprietary  ,239,957,1196,341,1601,1942
03009400,SW SCH BUS & TECH CAREERS               ,TX,78212-2840,Proprietary  ,5,41,46,16,74,90
03010604,VIRGINIA COLLEGE - VIRGINIA COLLEGE AT A,TX,78723-0000,Proprietary  ,101,551,652,158,878,1036
03011800,UNIVERSITY OF COSMETOLOGY ARTS & SCIENCE,TX,78226-1160,Proprietary  ,17,46,63,46,84,130
03019800,PCI HEALTH TRAINING CENTER              ,TX,75247-4720,Proprietary  ,111,234,345,180,411,591
03021500,SW SCH BUS & TECH CAREERS               ,TX,78852-4859,Proprietary  ,38,66,104,82,110,192
03025000,TEXAS COLLEGE OF COSMETOLOGY            ,TX,79605-2001,Proprietary  ,20,67,87,37,109,146
03026500,REMINGTON COLLEGE - HOUSTON CAMPUS      ,TX,77082-1849,Proprietary  ,310,943,1253,386,1288,1674
03026501,REMINGTON COLLEGE - NORTH HOUSTON CAMPUS,TX,77067-1849,Proprietary  ,33,112,145,70,237,307
03026505,REMINGTON COLLEGE - HOUSTON CAMPUS - DAL,TX,75041-9935,Proprietary  ,34,89,123,72,184,256
03026506,REMINGTON COLLEGE - FT. WORTH CAMPUS    ,TX,76112-1280,Proprietary  ,58,233,291,92,340,432
03028800,CIRCLE J BEAUTY SCHOOL                  ,TX,77587-3714,Proprietary  ,11,75,86,15,96,111
03031408,INTERNATIONAL ACADEMY OF DESIGN & TECHNO,TX,78229-2263,Proprietary  ,95,269,364,214,537,751
03032300,SCHOOL OF AUTOMOTIVE MACHINISTS         ,TX,77055-1803,Proprietary  ,49,69,118,96,137,233
03035200,TINT SCHOOL OF MAKEUP & COSMETOLOGY     ,TX,75229-3734,Proprietary  ,37,105,142,61,166,227
03035300,SOUTHERN CAREERS INSTITUTE              ,TX,78704-5252,Proprietary  ,87,485,572,101,626,727
03035301,SOUTHERN CAREERS INSTITUTE              ,TX,78577-0000,Proprietary  ,5,13,18,17,24,41
03035302,SOUTHERN CAREERS INSTITUTE - CORPUS CHRI,TX,78414-2904,Proprietary  ,22,62,84,37,101,138
03035303,SOUTHERN CAREERS INSTITUTE - #1         ,TX,78221-4351,Proprietary  ,25,103,128,33,164,197
03035305,SOUTHERN CAREERS INSTITUTE - BROWNSVILLE,TX,78520-8680,Proprietary  ,6,16,22,15,35,50
03035306,SOUTHERN CAREERS INSTITUTE - HARLINGEN  ,TX,78550-7911,Proprietary  ,12,16,28,31,38,69
03035307,SOUTHERN CAREERS INSTITUTE - CORPUS CHRI,TX,78410-1609,Proprietary  ,14,22,36,21,48,69
03061800,STAR COLLEGE OF COSMETOLOGY             ,TX,75702-8214,Proprietary  ,39,67,106,61,127,188
03064600,UNIVERSITY OF TEXAS AT BROWNSVILLE      ,TX,78520-4993,Public       ,1888,2541,4429,8180,7266,15446
03073402,ITT TECHNICAL INSTITUTE                 ,TX,75080-2208,Proprietary  ,0,1,1,0,1,1
03075400,ICC TECHNICAL INSTITUTE                 ,TX,77004-2930,Private      ,11,41,52,25,86,111
03076403,BRYMAN SCHOOL OF ARIZONA (THE) - ANTHEM ,TX,75038-4201,Proprietary  ,8,22,30,12,55,67
03079201,WESTWOOD COLLEGE OF TECHNOLOGY          ,TX,76180-0000,Proprietary  ,36,108,144,69,249,318
03103400,SOUTH TEXAS COLLEGE                     ,TX,78501-6699,Public       ,4030,4518,8548,10847,9289,20136
03104700,TEXAS COLLEGE OF COSMETOLOGY            ,TX,76903-4708,Proprietary  ,15,48,63,25,71,96
03108700,ROYAL BEAUTY CAREERS                    ,TX,77069-4611,Proprietary  ,26,108,134,47,179,226
03111000,MID-CITIES BARBER COLLEGE               ,TX,75051-4810,Proprietary  ,15,61,76,28,90,118
03115800,KAPLAN COLLEGE                          ,TX,78238-4203,Proprietary  ,86,405,491,156,779,935
03115802,KAPLAN COLLEGE - LAREDO                 ,TX,78041-6181,Proprietary  ,45,150,195,75,205,280
03115803,KAPLAN COLLEGE-BEAUMONT                 ,TX,77701-3706,Proprietary  ,59,232,291,91,390,481
03115804,KAPLAN COLLEGE - LUBBOCK                ,TX,79401-2601,Proprietary  ,59,247,306,97,382,479
03128100,ACADEMY OF HEALTH CARE PROFESSIONS      ,TX,77092-8108,Proprietary  ,124,450,574,192,674,866
03144300,NATIONAL BEAUTY COLLEGE                 ,TX,75043-4046,Proprietary  ,3,19,22,4,25,29
03153300,AMER COLL OF ACUPUNCTURE & O.M.         ,TX,77063-4104,Proprietary  ,1,36,37,4,82,86
03156400,ACADEMY OF ORIENTAL MEDICINE AT AUSTIN  ,TX,78757-1132,Proprietary  ,8,140,148,20,226,246
03159300,ARLINGTON MEDICAL INSTITUTE             ,TX,76011-0000,Proprietary  ,28,98,126,76,217,293
03170300,TEXAS A&M UNIVERSITY-TEXARKANA          ,TX,75501-0000,Public       ,361,754,1115,863,1519,2382
03179500,TEXAS COLG TRADITIONAL CHINESE MED      ,TX,78704-6748,Proprietary  ,0,40,40,3,78,81
03189400,COLLEGE OF SAINT THOMAS MORE            ,TX,76109-2323,Private      ,16,24,40,37,55,92
03237400,FARIS COMPUTER SCHOOL                   ,TX,77627-3829,Proprietary  ,1,1,2,4,3,7
03272300,KAPLAN COLLEGE                          ,TX,75234-7288,Proprietary  ,81,360,441,127,700,827
03272301,KAPLAN COLLEGE - MIDLAND                ,TX,79703-5531,Proprietary  ,42,149,191,62,253,315
03272303,KAPLAN COLLEGE - ARLINGTON              ,TX,76010-8121,Proprietary  ,74,300,374,121,573,694
03275300,TOUCH OF CLASS SCHOOL OF COSM           ,TX,75402-6314,Proprietary  ,12,33,45,19,53,72
03276300,ACADEMY OF HAIR DESIGN                  ,TX,75901-4900,Proprietary  ,15,30,45,30,60,90
03277300,ACADEMY OF HAIR DESIGN                  ,TX,77701-4650,Proprietary  ,9,40,49,18,67,85
03303300,NORTHWEST EDUCATIONAL CENTER            ,TX,77092-7055,Proprietary  ,19,83,102,23,115,138
03371300,TONI&GUY HAIRDRESSING ACADEMY           ,TX,75006-2351,Proprietary  ,47,78,125,82,153,235
03372300,NORTHWEST VISTA COLLEGE                 ,TX,78251-4217,Public       ,3659,4234,7893,7014,7680,14694
03396500,TEXAS STATE TECHNICAL COLG/MARSHALL     ,TX,75672-7402,Public       ,172,224,396,294,397,691
03400300,CAREER QUEST                            ,TX,78229-3539,Proprietary  ,11,126,137,23,220,243
03412300,ADVANCED BARBER COLLEGE & HAIR DESI     ,TX,78596-0000,Proprietary  ,16,67,83,29,104,133
03416500,DALLAS NURSING INSTITUTE                ,TX,75243-5502,Proprietary  ,123,878,1001,256,1588,1844
03422300,MILAN INSTITUTE                         ,TX,78238-4103,Proprietary  ,242,565,807,459,1013,1472
03422400,COLLEGE OF BIBLICAL STUDIES-HOUSTON     ,TX,77036-3211,Private      ,18,276,294,43,506,549
03424400,MEDVANCE INSTITUTE                      ,TX,77057-7386,Proprietary  ,155,482,637,226,722,948
03426300,CAREER ADVANCEMENT CENTER               ,TX,78752-1470,Proprietary  ,20,88,108,27,145,172
03480304,MEDVANCE INSTITUTE OF BATON ROUGE - GRAN,TX,75050-2342,Proprietary  ,60,174,234,66,262,328
03509400,CORYELL COSMETOLOGY COLLEGE             ,TX,76528-2036,Proprietary  ,3,8,11,5,13,18
03520300,LUBBOCK HAIR ACADEMY                    ,TX,79410-3524,Proprietary  ,9,34,43,16,59,75
03542300,CONCORDE CAREER INSTITUTE               ,TX,76011-4016,Proprietary  ,71,344,415,130,723,853
03551400,STATE BEAUTY ACADEMY                    ,TX,75116-3501,Proprietary  ,8,22,30,10,29,39
03556400,KUSSAD INSTITUTE OF COURT REPORTING     ,TX,78704-5712,Proprietary  ,4,15,19,5,27,32
03573300,AVIATION INSTITUTE OF MAINTENANCE       ,TX,75209-3017,Proprietary  ,79,350,429,150,582,732
03610300,MJ'S BEAUTY ACADEMY INC                 ,TX,75224-4409,Proprietary  ,6,20,26,13,38,51
03612400,VALLEY GRANDE INSTITUTE FOR ACADEMI     ,TX,78596-0000,Private      ,37,157,194,68,261,329
03627300,LAMAR INSTITUTE OF TECHNOLOGY           ,TX,77705-4142,Public       ,653,1097,1750,1333,2085,3418
03676400,HEALTHY HAIR ACADEMY                    ,TX,75227-0000,Proprietary  ,10,55,65,12,83,95
03680300,JAY'S TECHNICAL INSTITUTE               ,TX,77031-3509,Proprietary  ,12,57,69,20,78,98
03682400,DALLAS BARBER & STYLIST COLLEGE         ,TX,75231-0000,Proprietary  ,36,138,174,71,230,301
03714300,TREND BARBER COLLEGE                    ,TX,77071-2104,Proprietary  ,32,139,171,59,236,295
03723300,CULINARY INST ALAIN & MARIE LENOTRE     ,TX,77022-4322,Proprietary  ,65,249,314,120,378,498
03727600,CULINARY ACADEMY OF AUSTIN              ,TX,78752-0000,Proprietary  ,91,139,230,211,277,488
03731300,INTERNATIONAL RENOWNED BEAUTY ACADE     ,TX,76103-2504,Proprietary  ,4,30,34,6,44,50
03733300,BAPTIST UNIVERSITY OF THE AMERICAS      ,TX,78224-1336,Private      ,33,91,124,52,163,215
03756300,ANAMARC COLLEGE                         ,TX,79930-6230,Proprietary  ,65,368,433,121,605,726
03922300,SOUTH TEXAS BARBER COLLEGE              ,TX,78415-3463,Proprietary  ,11,21,32,17,46,63
03944400,PROFESSIONAL CAREERS INSTITUTE          ,TX,77036-2252,Proprietary  ,20,114,134,28,156,184
03970300,HANDS ON THERAPY                        ,TX,75149-2294,Proprietary  ,8,40,48,14,57,71
03987300,TEXAS HEALTH SCHOOL                     ,TX,77079-2106,Proprietary  ,36,124,160,87,254,341
04036300,SOUTHEAST TEXAS CAREER INSTITUTE        ,TX,77656-8601,Proprietary  ,14,28,42,17,52,69
04045300,NORTHWEST BEAUTY SCHOOL                 ,TX,77091-1208,Proprietary  ,11,27,38,22,51,73
04045400,MAI-TRIX BEAUTY COLLEGE                 ,TX,77040-0000,Proprietary  ,5,35,40,16,69,85
04082300,PROFESSIONAL CAREER TRAINING INSTITUTE  ,TX,77090-0000,Proprietary  ,5,39,44,12,68,80
04089400,CCI TRAINING CENTER                     ,TX,76011-4857,Proprietary  ,3,79,82,11,138,149
04117900,CHAMPION BEAUTY COLLEGE                 ,TX,77069-4611,Proprietary  ,22,81,103,40,144,184
04125400,ACADEMY AT AUSTIN (THE)                 ,TX,78660-3287,Proprietary  ,33,78,111,62,150,212
04125500,MANUEL AND THERESA'S SCHOOL OF HAIR DESI,TX,77803-3236,Proprietary  ,1,11,12,3,18,21
04129800,MEDIATECH INSTITUTE DALLAS              ,TX,75039-3105,Proprietary  ,43,101,144,100,212,312
04129801,MEDIATECH INSTITUTE - AUSTIN            ,TX,78704-8933,Proprietary  ,30,50,80,65,106,171
04129802,MEDIATECH INSTITUTE HOUSTON             ,TX,77042-4712,Proprietary  ,33,65,98,62,115,177
04131700,SOUTHWEST CAREER COLLEGE                ,TX,79925-6230,Proprietary  ,151,434,585,250,737,987
04135600,CANNON INSTITUTE OF HIGHER LEARNING     ,TX,75247-9998,Proprietary  ,1,13,14,2,28,30
04136500,PCCENTER                                ,TX,75115-4214,Proprietary  ,4,25,29,8,40,48
04138500,CARDIOTECH ULTRASOUND SCHOOL            ,TX,77099-1440,Proprietary  ,19,154,173,51,262,313
04142300,AVEDA INSTITUTE SAN ANTONIO             ,TX,78215-1260,Proprietary  ,65,144,209,120,246,366
04146600,360 DEGREES BEAUTY ACADEMY              ,TX,77084-2714,Proprietary  ,0,2,2,7,27,34
04146700,AVIATION INSTITUTE OF MAINTENANCE       ,TX,77061-4004,Proprietary  ,45,152,197,64,206,270
04146800,SOUTH TEXAS TRAINING CENTER             ,TX,78586-7721,Proprietary  ,14,27,41,18,39,57
04152700,ASTRODOME CAREER CENTERS                ,TX,77054-2678,Proprietary  ,7,24,31,11,58,69
04154800,DUVALL'S SCHOOL OF COSMETOLOGY          ,TX,76021-4159,Proprietary  ,10,29,39,13,43,56
04155800,ADVANCED BEAUTY COLLEGE                 ,TX,75061-1918,Proprietary  ,3,29,32,10,47,57
04158500,TEXAS BEAUTY COLLEGE                    ,TX,76117-3201,Proprietary  ,0,10,10,5,18,23
04160700,AVENUE FIVE INSTITUTE                   ,TX,78757-7000,Proprietary  ,47,94,141,71,189,260
04161100,CORPUS CHRISTI BEAUTY ACADEMY           ,TX,78412-3900,Proprietary  ,17,31,48,40,55,95
04165800,SALON PROFESSIONAL ACADEMY (THE)        ,TX,75067-5390,Proprietary  ,18,53,71,26,82,108
04168700,LAWYER'S ASSISTANT SCHOOL OF DALLAS     ,TX,75201-2829,Proprietary  ,5,71,76,19,142,161
04168800,ABC BEAUTY ACADEMY                      ,TX,75042-8682,Proprietary  ,7,33,40,15,63,78
04169000,SALON & SPA INSTITUTE                   ,TX,78521-1727,Proprietary  ,8,27,35,13,38,51
04169100,DIAMONDS COSMETOLOGY COLLEGE            ,TX,75090-2657,Proprietary  ,3,21,24,5,41,46
04177900,BUCKNER BARBER SCHOOL                   ,TX,75217-1775,Proprietary  ,5,35,40,15,60,75
04179500,NORTH AMERICAN COLLEGE                  ,TX,77038-0000,Private      ,32,23,55,58,34,92
00367000,BRIGHAM YOUNG UNIVERSITY                ,UT,84602-8406,Private      ,3604,4796,8400,10339,9241,19580
00367100,DIXIE STATE COLLEGE OF UTAH             ,UT,84770-3876,Public       ,1403,1946,3349,3167,3556,6723
00367200,LDS BUSINESS COLLEGE                    ,UT,84101-3500,Private      ,317,305,622,686,671,1357
00367400,STEVENS HENAGER COLLEGE                 ,UT,84401-1420,Proprietary  ,662,4742,5404,914,7963,8877
00367500,UNIVERSITY OF UTAH                      ,UT,84112-9055,Public       ,2952,5617,8569,10374,14080,24454
00367600,COLLEGE OF EASTERN UTAH                 ,UT,84501-2699,Public       ,225,220,445,526,467,993
00367700,UTAH STATE UNIVERSITY                   ,UT,84322-1400,Public       ,3116,4643,7759,8296,9009,17305
00367800,SOUTHERN UTAH UNIVERSITY                ,UT,84720-2470,Public       ,1524,1400,2924,3991,2577,6568
00367900,SNOW COLLEGE                            ,UT,84627-1299,Public       ,1033,493,1526,2229,883,3112
00368000,WEBER STATE UNIVERSITY                  ,UT,84408-1136,Public       ,1995,4468,6463,5478,9544,15022
00368100,WESTMINSTER COLLEGE                     ,UT,84105-3697,Private      ,626,798,1424,2569,1584,4153
00402700,UTAH VALLEY UNIVERSITY                  ,UT,84058-5999,Public       ,3144,6340,9484,6705,11679,18384
00522000,SALT LAKE COMMUNITY COLLEGE             ,UT,84123-0000,Public       ,3098,7296,10394,5829,13177,19006
00732953,ITT TECHNICAL INSTITUTE                 ,UT,84123-2500,Proprietary  ,175,962,1137,223,1213,1436
00943300,SHERMAN KENDALL'S ACADEMY OF BEAUTY     ,UT,84106-1836,Proprietary  ,10,25,35,15,43,58
01009800,NEUMONT UNIVERSITY                      ,UT,84095-0000,Proprietary  ,161,42,203,568,123,691
01116500,UINTAH BASIN APPLIED TECHNOLOGY CLG     ,UT,84066-0000,Public       ,8,41,49,17,97,114
01116600,BROADVIEW UNIVERSITY                    ,UT,84088-4021,Proprietary  ,214,813,1027,312,1159,1471
02078800,SHERMAN KENDALL'S ACADEMY OF BEAUTY     ,UT,84047-0000,Proprietary  ,8,18,26,9,30,39
02115400,BRIDGERLAND APPLIED TECHNOLOGY COLLEGE  ,UT,84321-0000,Public       ,124,366,490,240,740,980
02156600,DAVIS APPLIED TECHNOLOGY COLLEGE        ,UT,84037-0000,Public       ,192,657,849,321,1197,1518
02178500,EAGLE GATE COLLEGE                      ,UT,84123-0000,Proprietary  ,83,570,653,134,1029,1163
02270800,AMERITECH COLLEGE                       ,UT,84604-6927,Proprietary  ,19,195,214,48,424,472
02270802,AMERITECH COLLEGE - DRAPER              ,UT,84020-6545,Proprietary  ,6,53,59,16,168,184
02298500,EVEREST COLLEGE                         ,UT,84119-2668,Proprietary  ,57,341,398,87,537,624
02346500,OGDEN-WEBER APPLIED TECHNOLOGY COLG     ,UT,84404-0000,Public       ,147,688,835,278,1259,1537
02360800,PROVO COLLEGE                           ,UT,84601-0000,Proprietary  ,84,340,424,165,546,711
02504000,MARINELLO SCHOOL OF BEAUTY              ,UT,84041-0000,Proprietary  ,11,54,65,18,87,105
02504001,MARINELLO SCHOOL OF BEAUTY - MAIN STREET,UT,84041-3002,Proprietary  ,4,9,13,7,21,28
02516100,MARINELLO SCHOOL OF BEAUTY              ,UT,84405-1501,Proprietary  ,15,47,62,23,76,99
02531800,VON CURTIS ACADEMY OF HAIR DESIGN       ,UT,84606-0000,Proprietary  ,227,345,572,463,574,1037
02556800,PAUL MITCHELL THE SCHOOL                ,UT,84117-7204,Proprietary  ,50,127,177,87,183,270
02556801,PAUL MITCHELL THE SCHOOL                ,UT,84780-0000,Proprietary  ,6,15,21,17,33,50
02557700,PREMIER HAIR ACADEMY                    ,UT,84120-3603,Proprietary  ,1,9,10,5,22,27
02572700,EVANS HAIRSTYLING COLLEGE               ,UT,84770-0000,Proprietary  ,16,22,38,27,37,64
02572800,VISTA COLLEGE                           ,UT,84015-0000,Proprietary  ,4,43,47,7,83,90
02573100,EVANS HAIRSTYLING COLLEGE               ,UT,84720-0000,Proprietary  ,16,20,36,29,33,62
02612200,MARINELLO SCHOOL OF BEAUTY              ,UT,84604-1585,Proprietary  ,15,37,52,33,65,98
03030600,UTAH COLLEGE OF MASSAGE THERAPY         ,UT,84111-1606,Proprietary  ,106,187,293,173,331,504
03030601,UTAH CLG OF MASSAGE THER-PROVO CMPS     ,UT,84042-0000,Proprietary  ,35,39,74,60,77,137
03082100,MYOTHERAPY COLLEGE OF UTAH              ,UT,84115-2522,Proprietary  ,12,36,48,16,65,81
03108200,ECHELON EDGE ACADEMY OF HAIR SKIN & NAIL,UT,84070-2004,Proprietary  ,6,13,19,12,34,46
03110400,HAIRITAGE HAIR ACADEMY                  ,UT,84770-5233,Proprietary  ,8,17,25,22,26,48
03339400,WESTERN GOVERNORS UNIVERSITY            ,UT,84107-2533,Private      ,263,9540,9803,557,18742,19299
03413300,MOUNTAINLAND APPLIED TECHNOLOGY COLLEGE ,UT,84058-5857,Public       ,67,183,250,145,362,507
03463300,CAREERS UNLIMITED                       ,UT,84058-0000,Proprietary  ,13,44,57,26,114,140
03617300,HEALING MOUNTAIN MASSAGE SCHOOL         ,UT,84111-0000,Proprietary  ,19,38,57,31,60,91
03829500,SKINWORKS SCHOOL OF ADVANCED SKINCARE   ,UT,84115-0000,Proprietary  ,4,31,35,8,42,50
03838300,OGDEN INSTITUTE OF MASSAGE THERAPY      ,UT,84403-0000,Proprietary  ,13,39,52,19,69,88
03902300,RENAISSANCE SCHOOL OF THERAPEUTIC MASSAG,UT,84010-2835,Proprietary  ,2,11,13,4,17,21
03909300,MAXIMUM STYLE TEC SCHOOL OF COSMETOLOGY ,UT,84323-4679,Proprietary  ,10,24,34,21,52,73
03921300,CAMEO COLLEGE OF ESSENTIAL BEAUTY       ,UT,84115-0000,Proprietary  ,40,145,185,82,231,313
04054300,SOUTHWEST APPLIED TECHNOLOGY COLLEGE    ,UT,84720-6608,Public       ,23,75,98,43,142,185
04072300,AVEDA INSTITUTE PROVO                   ,UT,84604-1008,Proprietary  ,33,54,87,53,90,143
04118100,IMAGEWORKS ACADEMY OF HAIR DESIGN       ,UT,84660-1210,Proprietary  ,7,22,29,13,37,50
04121700,DIXIE APPLIED TECHNOLOGY COLLEGE        ,UT,84770-3025,Public       ,110,179,289,264,339,603
04142100,SKIN INSTITUTE (THE)                    ,UT,84770-6452,Proprietary  ,4,11,15,8,15,23
04145500,SKIN SCIENCE INSTITUTE (THE)            ,UT,84115-0000,Proprietary  ,11,56,67,20,89,109
04153000,RENAISSANCE ACADEMIE                    ,UT,84604-0000,Proprietary  ,21,32,53,29,44,73
04161900,MANDALYN ACADEMY                        ,UT,84003-2161,Proprietary  ,2,22,24,5,30,35
04165500,ACAYDIA SCHOOL OF AESTHETICS            ,UT,84601-0000,Proprietary  ,10,22,32,16,48,64
04169900,AMERICAN BEAUTY ACADEMY                 ,UT,84651-0000,Proprietary  ,9,10,19,17,20,37
04173200,TAYLOR ANDREWS ACADEMY OF HAIR DESIGN   ,UT,84088-6577,Proprietary  ,31,56,87,46,103,149
04184200,TAYLOR ANDREWS ACADEMY-ST. GEORGE       ,UT,84790-2139,Proprietary  ,14,23,37,14,23,37
00368200,BENNINGTON COLLEGE                      ,VT,05201-6001,Private      ,69,48,117,1094,221,1315
00368300,CASTLETON STATE COLLEGE                 ,VT,05735-0000,Public       ,441,118,559,2818,380,3198
00368400,CHAMPLAIN COLLEGE                       ,VT,05401-3950,Private      ,411,337,748,3007,844,3851
00368402,WOODBURY COLLEGE                        ,VT,05602-0000,Private      ,0,6,6,2,15,17
00368500,COLLEGE OF ST JOSEPH                    ,VT,05701-3899,Private      ,25,109,134,127,227,354
00368600,GODDARD COLLEGE                         ,VT,05667-0000,Private      ,21,444,465,56,824,880
00368700,GREEN MOUNTAIN COLLEGE                  ,VT,05764-1199,Private      ,210,55,265,995,154,1149
00368800,JOHNSON STATE COLLEGE                   ,VT,05656-9898,Public       ,294,334,628,1380,784,2164
00368900,LYNDON STATE COLLEGE                    ,VT,05851-0919,Public       ,212,80,292,1717,292,2009
00369000,MARLBORO COLLEGE                        ,VT,05344-0300,Private      ,62,27,89,381,89,470
00369100,MIDDLEBURY COLLEGE                      ,VT,05753-0000,Private      ,516,152,668,4288,497,4785
00369200,NORWICH UNIVERSITY                      ,VT,05663-1035,Private      ,277,434,711,2997,1014,4011
00369300,SOUTHERN VERMONT COLLEGE                ,VT,05201-6002,Private      ,98,77,175,588,188,776
00369400,ST MICHAELS COLLEGE                     ,VT,05439-0001,Private      ,403,63,466,3804,206,4010
00369600,UNIVERSITY OF VERMONT                   ,VT,05405-0160,Public       ,697,515,1212,18797,3154,21951
00369700,VERMONT COLLEGE OF FINE ARTS            ,VT,05602-3128,Private      ,0,148,148,10,346,356
00369800,VERMONT TECHNICAL COLLEGE               ,VT,05061-0000,Public       ,227,214,441,1081,773,1854
00857500,SALON PROFESSIONAL ACADEMY (THE)        ,VT,05495-4001,Proprietary  ,12,29,41,29,49,78
00865800,O'BRIENS AVEDA INSTITUTE                ,VT,05403-7747,Proprietary  ,8,24,32,20,45,65
00886000,SIT                                     ,VT,05301-4801,Private      ,5,201,206,11,479,490
01116700,COMMUNITY COLLEGE OF VERMONT            ,VT,05676-0000,Public       ,574,1746,2320,1256,3086,4342
01193400,VERMONT LAW SCHOOL                      ,VT,05068-0000,Private      ,0,227,227,1,1008,1009
01218300,BURLINGTON COLLEGE                      ,VT,05401-8477,Private      ,52,57,109,207,125,332
02143500,STERLING COLLEGE                        ,VT,05827-0000,Private      ,29,14,43,127,38,165
02254000,NEW ENGLAND CULINARY INSTITUTE          ,VT,05602-0000,Proprietary  ,88,86,174,399,211,610
02532600,LANDMARK COLLEGE                        ,VT,05346-0000,Private      ,127,23,150,401,64,465
03708300,BURLINGTON TECHNICAL CENTER             ,VT,05401-2721,Public       ,6,6,12,10,19,29
04146900,ADVANCED WELDING INSTITUTE              ,VT,05403-0000,Proprietary  ,6,7,13,13,15,28
00392800,CASPER COLLEGE                          ,WY,82601-4612,Public       ,355,646,1001,1016,1381,2397
00392900,EASTERN WYOMING COLLEGE                 ,WY,82240-1603,Public       ,111,133,244,396,294,690
00393000,SHERIDAN COLLEGE                        ,WY,82801-9133,Public       ,238,406,644,741,830,1571
00393100,NORTHWEST COLLEGE                       ,WY,82435-1895,Public       ,211,278,489,758,518,1276
00393200,UNIVERSITY OF WYOMING                   ,WY,82071-3663,Public       ,1382,1307,2689,6017,3981,9998
00393300,WESTERN WYOMING COMMUNITY COLLEGE       ,WY,82902-0000,Public       ,298,460,758,750,883,1633
00728900,CENTRAL WYOMING COLLEGE                 ,WY,82501-0000,Public       ,155,289,444,447,644,1091
00915700,WYOMING TECHNICAL INSTITUTE             ,WY,82072-9519,Proprietary  ,718,448,1166,1407,730,2137
00925900,LARAMIE COUNTY COMMUNITY CLG            ,WY,82007-3299,Public       ,428,721,1149,1274,1758,3032
02211900,CHEEKS INTERNATIONAL ACDMY              ,WY,82001-0000,Proprietary  ,26,58,84,48,94,142
00393500,UNIV OF GUAM                            ,GU,96923-0000,Public       ,961,583,1544,1530,1068,2598
01536100,GUAM COMMUNITY COLLEGE                  ,GU,96921-0000,Public       ,598,612,1210,841,998,1839
03438300,PACIFIC ISLANDS UNIVERSITY              ,GU,96913-2619,Private      ,34,23,57,49,51,100
00393600,PONTIFICAL CATHOLIC UNIV OF PR          ,PR,00717-0777,Private      ,3434,2114,5548,5439,3211,8650
00393700,UNIVERSITY OF THE SACRED HEART          ,PR,00914-0383,Private      ,2272,912,3184,3133,1433,4566
00393800,INTER-AMER UNIV PR-CNTRL ADMN           ,PR,00936-0000,Private      ,2197,2797,4994,2659,3732,6391
00393801,INTER-AMER UNIV PR SCHL LAW             ,PR,00936-8351,Private      ,10,175,185,19,263,282
00393802,INTER AMERICAN UNIVERSITY OF PUERTO RICO,PR,00926-0000,Private      ,619,606,1225,959,906,1865
00393803,INTER AMERICAN UNIVERSITY OF PR         ,PR,00683-0000,Private      ,2375,909,3284,2833,1169,4002
00393804,INTER-AMER UNIV PR-RECINTO AGUADILA     ,PR,00605-2000,Private      ,1963,1019,2982,2461,1449,3910
00393805,INTER-AMER UNIV PR-ARECIBO CAMPUS       ,PR,00614-4050,Private      ,2219,1384,3603,2647,1744,4391
00393806,INTER-AMER UNIV PR-BARRANQUITAS REG     ,PR,00794-0517,Private      ,1052,456,1508,1364,580,1944
00393807,INTER-AMER UNIV PR-FAJARDO REGIONAL     ,PR,00738-0000,Private      ,863,572,1435,966,700,1666
00393808,INTER-AMER UNIV PR - GUAYAMA CAMPUS     ,PR,00785-4004,Private      ,701,633,1334,849,803,1652
00393809,INTER-AMER UNIV PR-PONCE REGIONAL       ,PR,00715-0000,Private      ,2559,1755,4314,2985,2282,5267
00393811,INTER-AMER UNIV PR-BAYAMON REG CLG      ,PR,00959-0000,Private      ,2719,924,3643,3225,1171,4396
00394100,COLEGIO UNIVERSITARIO DEL ESTE          ,PR,00983-0000,Private      ,4095,3352,7447,4848,4232,9080
00394200,UNIVERSITY OF PR-CENTRAL ADMINISTRATION ,PR,00936-4984,Public       ,201,68,269,321,127,448
00394300,UNIVERSITY OF PUERTO RICO - HUMACAO UNIV,PR,00791-4300,Public       ,2552,377,2929,3022,491,3513
00394400,UNIVERSITY OF PUERTO RICO - MAYAGUEZ    ,PR,00680-0000,Public       ,5545,899,6444,8769,1894,10663
00501900,UNIV ADVENTISTA DE LAS ANTILLAS         ,PR,00681-0118,Private      ,367,155,522,510,213,723
00502200,BAYAMON CENTRAL UNIVERSITY              ,PR,00960-0000,Private      ,730,610,1340,848,777,1625
00710800,UNIVERSITY OF PUERTO RICO - RIO PIEDRAS ,PR,00931-3300,Public       ,6127,2113,8240,7377,2791,10168
00720600,UNIVERSITY OF PUERTO RICO - CAYEY UNIVER,PR,00736-5534,Public       ,2136,274,2410,3043,502,3545
00722800,UNIVERSITY OF PUERTO RICO - ARECIBO     ,PR,00614-4010,Public       ,1929,296,2225,3177,535,3712
00890200,COLUMBIA CENTRO UNIVERSITARIO           ,PR,00726-0000,Proprietary  ,451,506,957,542,613,1155
00965200,"UNIVERSITY OF PUERTO RICO, PONCE TECH UN",PR,00716-0000,Public       ,2040,260,2300,2898,409,3307
01056700,COLEGIO TECNOLOGICO DE SAN JUAN         ,PR,00918-2973,Public       ,481,532,1013,540,661,1201
01072400,CARLOS ALBIZU UNIVERSITY                ,PR,00902-3711,Private      ,58,513,571,95,692,787
01081900,CONSERVATORIO DE MUSICA DE PUERTO RICO  ,PR,00907-3373,Public       ,221,71,292,264,89,353
01092200,UNIVERSITY OF PUERTO RICO - UTUADO      ,PR,00641-2500,Public       ,765,119,884,1043,219,1262
01097500,UNIVERSITY OF PUERTO RICO BAYAMON TECHNI,PR,00959-1911,Public       ,3006,466,3472,3913,665,4578
01120300,RYDER MEMORIAL HOSP SCH OF NURSING      ,PR,00792-0000,Private      ,8,14,22,11,16,27
01171900,UNIVERSIDAD DEL TURABO                  ,PR,00778-0000,Private      ,4046,3725,7771,5760,5731,11491
01194000,ICPR JUNIOR COLLEGE                     ,PR,00919-0000,Proprietary  ,228,269,497,281,342,623
01194100,AMERICAN UNIVERSITY OF PUERTO RICO      ,PR,00960-2037,Private      ,447,268,715,535,379,914
01194101,AMERICAN UNIVERSITY OF PUERTO RICO      ,PR,00674-0000,Private      ,319,192,511,432,318,750
01212300,"UNIVERSITY OF PUERTO RICO, AGUADILLA REG",PR,00604-0160,Public       ,1898,417,2315,2249,512,2761
01252500,CARIBBEAN UNIVERSITY                    ,PR,00960-0493,Private      ,1476,1681,3157,1807,2147,3954
02063100,MBTI BUSINESS TRNG INSTITUTE            ,PR,00907-3917,Proprietary  ,122,408,530,142,485,627
02100000,POLYTECHNIC UNIVERSITY OF PR            ,PR,00917-0000,Private      ,1803,1031,2834,2245,1452,3697
02163300,UNIVERSIDAD CENTRAL DEL CARIBE          ,PR,00960-0000,Private      ,100,207,307,116,275,391
02165100,EDP COLLEGE OF PUERTO RICO              ,PR,00919-0000,Private      ,369,686,1055,414,832,1246
02166000,CENTER FOR ADVANCED STUDIES OF PUER     ,PR,00902-0000,Private      ,1,39,40,4,68,72
02166400,INSTITUTO DE BANCA Y COMERCIO           ,PR,00925-0000,Proprietary  ,4109,5055,9164,4405,5667,10072
02170300,INST EDUC TECNIA OCUP LA REINA          ,PR,00674-0000,Proprietary  ,112,165,277,116,165,281
02189100,CENTRO DE ESTUDIOS MULTIDISCIPLIN       ,PR,00926-0000,Private      ,477,582,1059,484,596,1080
02189300,EMMA'S BEAUTY ACADEMY                   ,PR,00680-0000,Proprietary  ,134,102,236,140,110,250
02195400,MODERN HAIRSTYLING INSTITUTE            ,PR,00961-0000,Proprietary  ,163,116,279,165,118,283
02195500,MODERN HAIRSTYLING INSTITUTE            ,PR,00612-0000,Proprietary  ,1,2,3,1,2,3
02195800,LICEO E ARTE Y TECNOLGIA                ,PR,00919-0000,Proprietary  ,287,275,562,361,375,736
02195900,MODERN HAIRSTYLING INSTITUTE            ,PR,00980-0000,Proprietary  ,8,4,12,14,6,20
02234900,ANTILLES SCHOOL OF TECH CAREERS         ,PR,00909-3006,Proprietary  ,54,42,96,61,48,109
02241901,COMMONWEALTH OF PR DEPT OF EDUC - CARLOS,PR,00986-0000,Public       ,17,16,33,30,43,73
02241902,COMMONWEALTH OF PR DEPT OF EDUC - TOMAS ,PR,00613-0000,Public       ,7,10,17,12,12,24
02241904,COMMONWEALTH OF PR DEPT OF EDUC - ITPR R,PR,00655-0000,Public       ,316,170,486,372,208,580
02241905,COMMONWEALTH OF PR DEPT OF EDUC - JOSE A,PR,00674-0000,Public       ,58,18,76,73,25,98
02241907,COMMONWEALTH OF PR DEPT OF EDUC - ITPR R,PR,00928-0000,Public       ,332,217,549,366,239,605
02241908,COMMONWEALTH OF PR DEPT OF EDUC - ITPR R,PR,00732-0000,Public       ,311,202,513,346,227,573
02241909,COMMONWEALTH OF PR DEPT OF EDUC - TROQUE,PR,00959-0000,Public       ,48,10,58,53,12,65
02241910,COMMONWEALTH OF PR DEPT OF EDUC - ITPR R,PR,00701-1091,Public       ,455,163,618,570,209,779
02260600,NATIONAL COLLEGE OF BUSINESS & TECH     ,PR,00960-2036,Proprietary  ,1450,2019,3469,2143,3345,5488
02260800,HUERTAS JUNIOR COLLEGE                  ,PR,00726-0000,Proprietary  ,200,218,418,245,279,524
02297700,AUTOMECA TECHNICAL COLLEGE              ,PR,00957-0000,Proprietary  ,433,251,684,467,289,756
02303800,AMERICAN EDUCATIONAL COLLEGE            ,PR,00961-0000,Proprietary  ,122,201,323,127,204,331
02335500,COLEGIO BIBLICO PENTECOSTAL DE PR       ,PR,00978-0000,Private      ,5,60,65,8,87,95
02340600,HUMACAO COMMUNITY COLLEGE               ,PR,00792-0000,Private      ,52,32,84,55,37,92
02343600,INSTITUTE OF BEAUTY CAREERS             ,PR,00613-0000,Proprietary  ,188,211,399,192,226,418
02460000,UNIVERSITY OF PUERTO RICO - MEDICAL SCIE,PR,00936-0000,Public       ,482,1079,1561,638,1249,1887
02482400,PONCE SCHOOL OF MEDICINE AND HEALTH SCIE,PR,00716-2347,Private      ,21,436,457,40,578,618
02502400,SERBIA'S SCHOOL OF BEAUTY CULTURE       ,PR,00785-0000,Proprietary  ,19,42,61,26,57,83
02504500,INSTITUCION CHAVIANO DE MAYAGUEZ        ,PR,00708-0000,Proprietary  ,4,11,15,5,14,19
02505400,ATLANTIC COLLEGE                        ,PR,00970-0000,Private      ,408,109,517,478,140,618
02534900,PONCE PARAMEDICAL COLLEGE (POPAC)       ,PR,00731-0000,Proprietary  ,882,712,1594,988,784,1772
02552300,COLEGIO MAYOR DE TECHNOLOGIA            ,PR,00714-0000,Proprietary  ,47,49,96,55,65,120
02562500,INTERNATIONAL TECHNICAL COLLEGE         ,PR,00918-0000,Proprietary  ,5,13,18,10,41,51
02563500,ROGIES SCHOOL OF BEAUTY CULTURE         ,PR,00910-0000,Proprietary  ,2,10,12,2,10,12
02569400,ESCUELA DE ARTES PLASTICAS              ,PR,00902-1112,Public       ,257,68,325,351,118,469
02570400,EDUCATIONAL TECHNICAL COLLEGE           ,PR,00925-3404,Proprietary  ,136,286,422,140,299,439
02576100,ESCUELA TECNICA DE ELECTRICIDAD         ,PR,00731-0000,Proprietary  ,57,86,143,72,106,178
02587500,UNIVERSIDAD METROPOLITANA               ,PR,00928-0000,Private      ,3213,3361,6574,4228,4664,8892
02588600,SEMINARIO EVANGELICO DE PUERTO RICO     ,PR,00925-0000,Private      ,3,12,15,3,17,20
02593700,HISPANIC AMERICAN COLLEGE               ,PR,00725-0000,Proprietary  ,14,13,27,18,16,34
03016000,UNIVERSITY OF PUERTO RICO CAROLINA REGIO,PR,00985-0000,Public       ,2197,402,2599,2755,537,3292
03021900,EDIC COLLEGE                            ,PR,00726-0000,Proprietary  ,497,429,926,527,451,978
03025500,MECH TECH COLLEGE                       ,PR,00725-6118,Proprietary  ,1193,607,1800,1780,942,2722
03025900,"LICEO DE ARTE, DISENOS Y COMERCIO       ",PR,00726-0000,Proprietary  ,94,71,165,99,79,178
03029700,"UNIVERSAL TECHNOLOGY CLG OF PR, INC     ",PR,00605-1955,Private      ,223,432,655,318,633,951
03061900,COLEGIO TECHNOLOGICO Y COMERCIAL        ,PR,00602-0960,Proprietary  ,5,1,6,7,1,8
03068400,STAR BEAUTY ACADEMY                     ,PR,00961-6312,Proprietary  ,0,0,0,1,0,1
03070500,D'MART INSTITUTE                        ,PR,00794-3517,Proprietary  ,201,263,464,283,494,777
03075600,EMMA'S BEAUTY ACADEMY                   ,PR,00795-0000,Proprietary  ,183,122,305,183,124,307
03085700,PROFESSIONAL TECHNICAL INSTITUTION      ,PR,00960-7061,Proprietary  ,30,30,60,31,32,63
03104400,PROFESSIONAL ELECTRIC SCHOOL            ,PR,00674-1797,Proprietary  ,7,8,15,8,9,17
03106900,ESCUELA DE PERITOS ELECTRICITAS         ,PR,00662-0457,Proprietary  ,19,19,38,21,23,44
03112100,JOHN DEWEY COLLEGE                      ,PR,00915-9538,Private      ,528,1070,1598,565,1230,1795
03112101,JOHN DEWEY COLLEGE                      ,PR,00986-0000,Private      ,162,222,384,169,232,401
03112102,JOHN DEWEY COLLEGE-BAYAMON CAMPUS       ,PR,00959-0000,Private      ,51,63,114,52,65,117
03112104,JOHN DEWEY COLLEGE - YABUCOA LRNING SITE,PR,00767-0767,Private      ,34,57,91,49,100,149
03112105,JOHN DEWEY COLLEGE - FAJARDO BRANCH     ,PR,00738-0738,Private      ,72,114,186,85,136,221
03112106,JOHN DEWEY COLLEGE - ARROYO BRANCH      ,PR,00714-0714,Private      ,26,37,63,30,54,84
03112107,JOHN DEWEY COLLEGE - JUANA DIAZ BRANCH  ,PR,00795-0000,Private      ,27,29,56,29,32,61
03112108,JOHN DEWEY COLLEGE - HATILLO CAMPUS     ,PR,00659-0000,Private      ,36,73,109,36,74,110
03112109,JOHN DEWEY COLLEGE - MANATI             ,PR,00674-0000,Private      ,24,46,70,26,50,76
03115900,TRINITY COLLEGE OF PUERTO RICO          ,PR,00734-0000,Private      ,12,30,42,17,33,50
03122500,ACADEMIA SERRANT INC.                   ,PR,00717-1568,Proprietary  ,19,15,34,25,20,45
03123100,GLOBELLE TECHNICAL INSTITUTE            ,PR,00693-4218,Proprietary  ,3,6,9,3,7,10
03124200,NOVA COLLEGE DE PUERTO RICO             ,PR,00960-4016,Proprietary  ,47,132,179,51,150,201
03157600,"COLEGIO DE CINEMATOGRAFIA, ARTES Y TELEV",PR,00961-6345,Proprietary  ,126,80,206,150,97,247
03177300,SAN JUAN BAUTISTA SCH OF MEDICINE       ,PR,00726-0000,Private      ,4,159,163,8,281,289
03326300,UNIVERSAL CAREER COMMUNITY COLLEGE      ,PR,00907-0000,Proprietary  ,105,151,256,177,280,457
03336300,CENTURY COLLEGE                         ,PR,00603-0000,Proprietary  ,13,22,35,17,25,42
03414300,MONTECLARO                              ,PR,00745-9612,Private      ,6,1,7,7,2,9
03452300,INSTITUTO PRE-VOCACIONAL E INDUSTRI     ,PR,00613-1800,Private      ,3,5,8,3,8,11
03469300,IVAEM COLLEGE                           ,PR,00725-0000,Proprietary  ,100,41,141,104,44,148
03531300,COLEGIO PENTECOSTAL MIZPA               ,PR,00928-0966,Private      ,6,171,177,9,182,191
03544300,ATENAS COLLEGE                          ,PR,00674-0000,Private      ,467,469,936,794,1040,1834
03552300,LESTON COLLEGE                          ,PR,00961-6309,Proprietary  ,11,27,38,20,41,61
03585300,CENTRO DE CAPACITACION Y ASESORAMIE     ,PR,00612-0000,Private      ,0,2,2,0,2,2
03608300,CARIBBEAN FORENSIC & TECHNICAL COLL     ,PR,00926-0000,Proprietary  ,12,16,28,18,21,39
03638300,ROSSLYN TRAINING ACADEMY OF COSMETOLOGY ,PR,00602-3225,Proprietary  ,5,10,15,6,24,30
03735400,"CHARLIES GUARD,DETECTIVE BUREAU&ACA     ",PR,00605-0000,Proprietary  ,20,26,46,22,28,50
03751300,ESCUELA HOTELERA DE SAN JUAN            ,PR,00917-0091,Proprietary  ,359,167,526,402,201,603
03758300,BAYAMON COMMUNITY COLLEGE               ,PR,00960-0000,Proprietary  ,10,21,31,14,27,41
03781400,INDUSTRIAL TECHNICAL COLLEGE            ,PR,00792-0000,Proprietary  ,34,65,99,36,76,112
03785300,J.G. GUAYNABO TECHNICAL COLLEGE         ,PR,00960-0000,Proprietary  ,16,22,38,17,27,44
03800300,COLEGIO TECNICO DE ELECTRICIDAD GALLOSA ,PR,00602-0000,Proprietary  ,2,4,6,2,5,7
03800400,INSTITUTE OF BEAUTY OCCUPATIONS AND TECH,PR,00676-5071,Proprietary  ,0,0,0,0,1,1
03843300,ADVANCED TECH COLLEGE                   ,PR,00961-6321,Proprietary  ,25,53,78,27,56,83
03849300,AGUADILLA TECHNICAL COLLEGE             ,PR,00603-0000,Proprietary  ,12,20,32,16,23,39
03965400,MYRANGEL BEAUTY INSTITUTE               ,PR,00754-3917,Proprietary  ,9,19,28,9,19,28
04030300,"ASPIRA DE PUERTO RICO, ACADEMIA DE TECNO",PR,00987-0000,Private      ,3,1,4,3,2,5
04107300,CARIB TECHNOLOGICAL INSTITUTE           ,PR,00960-0000,Proprietary  ,29,30,59,31,34,65
04117200,INSTITUTO EDUCATIVO PREMIER             ,PR,00731-0000,Proprietary  ,5,12,17,8,16,24
04131600,LIBERTY TECHNICAL COLLEGE               ,PR,00737-1298,Proprietary  ,32,64,96,35,74,109
04158600,SCOTLAND EDUCATIONAL INSTITUTE          ,PR,00961-6312,Proprietary  ,1,0,1,1,0,1
04176000,AMERICAN TECHNICAL INSTITUTE            ,PR,00957-0000,Proprietary  ,2,2,4,5,3,8
00394600,UNIVERSITY OF THE VIRGIN ISLANDS        ,VI,00802-6000,Public       ,277,273,550,965,714,1679
00394601,UNIV OF THE VIRGIN ISLANDS-ST CROIX     ,VI,00850-0000,Public       ,183,212,395,489,500,989
00667700,MCGILL UNIVERSITY                       ,CN,00000-0000,Public       ,188,109,297,1489,377,1866
00667900,QUEEN'S UNIVERSITY AT KINGSTON          ,CN,00000-0000,Public       ,14,21,35,83,42,125
00668100,ST FRANCIS XAVIER UNIVERSITY            ,CN,00000-0000,Public       ,8,2,10,25,7,32
00668200,ST THOMAS UNIVERSITY                    ,CN,00000-0000,Public       ,8,1,9,42,7,49
00668300,UNIVERSITY OF GUELPH                    ,CN,00000-0000,Public       ,5,21,26,32,66,98
00668400,UNIVERSITY OF MANITOBA                  ,CN,00000-0000,Public       ,6,11,17,27,30,57
00668500,UNIVERSITY OF NEW BRUNSWICK (THE)       ,CN,00000-0000,Public       ,5,9,14,16,19,35
00668600,UNIVERSITY OF OTTAWA                    ,CN,00000-0000,Public       ,6,11,17,41,44,85
00668800,UNIVERSITY OF TORONTO                   ,CN,00000-0000,Public       ,53,115,168,291,353,644
00668900,UNIVERSITY OF WINDSOR                   ,CN,00000-0000,Public       ,5,18,23,20,41,61
00683700,UNIVERSITE LAVAL                        ,CN,00000-0000,Public       ,2,5,7,6,13,19
00683800,DALHOUSIE UNIVERSITY                    ,CN,00000-0000,Public       ,20,22,42,101,58,159
00685200,BISHOP'S UNIVERSITY                     ,CN,00000-0000,Private      ,5,2,7,49,6,55
00685300,MCMASTER UNIVERSITY                     ,CN,00000-0000,Public       ,1,12,13,25,34,59
00767900,YORK UNIVERSITY                         ,CN,00000-0000,Public       ,19,44,63,86,96,182
00787400,UNIVERSITY AT CALGARY (THE)             ,CN,00000-0000,Public       ,1,8,9,39,35,74
00814800,UNIVERSITY OF WINNIPEG                  ,CN,00000-0000,Public       ,1,2,3,9,8,17
00836200,UNIVERSITY OF ALBERTA (THE)             ,CN,00000-0000,Public       ,8,18,26,36,59,95
00836300,MOUNT SAINT VINCENT UNIVERSITY          ,CN,00000-0000,Private      ,5,4,9,7,6,13
00836400,SAINT MARY'S UNIVERSITY                 ,CN,00000-0000,Public       ,5,4,9,28,9,37
00836500,CONCORDIA UNIVERSITY - SIR GEORGE W     ,CN,00000-0000,Public       ,57,44,101,213,125,338
00836600,UNIVERSITE DE MONTREAL                  ,CN,00000-0000,Public       ,4,11,15,13,31,44
00836800,CARLETON UNIVERSITY                     ,CN,00000-0000,Public       ,11,12,23,40,28,68
00836900,UNIVERSITY OF BRITISH COLUMBIA          ,CN,00000-0000,Public       ,89,116,205,718,470,1188
00837000,"SAFA, UNIVERSITY OF VICTORIA            ",CN,00000-0000,Public       ,11,16,27,98,60,158
00844400,SIMON FRASER UNIVERSITY                 ,CN,00000-0000,Public       ,23,37,60,100,95,195
00844600,UNIVERSITY OF WESTERN ONTARIO (THE)     ,CN,00000-0000,Public       ,5,14,19,49,55,104
00844800,UNIVERSITY OF REGINA                    ,CN,00000-0000,Public       ,2,4,6,8,8,16
00844900,ACADIA UNIVERSITY                       ,CN,00000-0000,Public       ,8,6,14,41,10,51
00852600,UNIVERSITY OF WATERLOO                  ,CN,00000-0000,Public       ,0,0,0,33,12,45
00858200,WILFRID LAURIER UNIVERSITY              ,CN,00000-0000,Public       ,1,3,4,7,3,10
00891300,LAKEHEAD UNIVERSITY                     ,CN,00000-0000,Public       ,0,2,2,6,7,13
00911900,UNIVERSITE DE MONCTON                   ,CN,00000-0000,Public       ,0,2,2,0,3,3
00925200,BROCK UNIVERSITY                        ,CN,00000-0000,Public       ,2,1,3,7,6,13
00936700,UNIVERSITY OF PRINCE EDWARD ISLAND      ,CN,00000-0000,Public       ,3,39,42,13,90,103
00942100,BRANDON UNIVERSITY                      ,CN,00000-0000,Public       ,4,4,8,11,6,17
00948600,TRINITY WESTERN UNIVERSITY              ,CN,00000-0000,Private      ,37,19,56,164,58,222
00950000,MEMORIAL UNIVERSITY OF NEWFOUNDLAND     ,CN,00000-0000,Public       ,3,5,8,12,21,33
00950100,UNIVERSITY OF KING'S COLLEGE            ,CN,00000-0000,Public       ,5,1,6,24,2,26
00950300,MOUNT ALLISON UNIVERSITY                ,CN,00000-0000,Public       ,4,3,7,30,3,33
00950400,NOVA SCOTIA AGRICULTURAL COLLEGE        ,CN,00000-0000,Public       ,1,0,1,3,0,3
00950500,TRENT UNIVERSITY                        ,CN,00000-0000,Public       ,1,3,4,6,5,11
00969700,LETHBRIDGE COLLEGE                      ,CN,00000-0000,Public       ,1,0,1,3,2,5
00969800,MEDICINE HAT COLLEGE                    ,CN,00000-0000,Public       ,0,1,1,1,2,3
00970100,SENECA COLG OF APPLIED ARTS & TECH      ,CN,00000-0000,Public       ,4,1,5,9,11,20
01012300,NOVA SCOTIA COLLEGE OF ART & DESIGN     ,CN,00000-0000,Public       ,2,2,4,8,14,22
01022100,SAINT PAUL UNIVERSITY                   ,CN,00000-0000,Public       ,0,2,2,0,3,3
01045800,SHERIDAN COLLEGE OF APPLIED ARTS AN     ,CN,00000-0000,Public       ,8,3,11,23,10,33
01067500,REGENT COLLEGE                          ,CN,00000-0000,Private      ,1,26,27,1,70,71
01070300,UNIVERSITY OF LETHBRIDGE                ,CN,00000-0000,Public       ,1,1,2,5,3,8
01072000,RYERSON UNIVERSITY                      ,CN,00000-0000,Public       ,11,19,30,43,54,97
01172200,BRIERCREST BIBLE COLLEGE                ,CN,00000-0000,Private      ,3,0,3,8,3,11
01221100,ALGONQUIN COLLEGE OF APPLIED ARTS & TECH,CN,00000-0000,Public       ,0,2,2,6,5,11
01222800,HUMBER COLLEGE                          ,CN,00000-0000,Public       ,10,11,21,24,32,56
01227400,PROVIDENCE COLLEGE                      ,CN,00000-0000,Private      ,6,1,7,45,4,49
02102100,BETHANY BIBLE COLLEGE                   ,CN,00000-0000,Private      ,16,4,20,36,7,43
02116600,CANADIAN MEMORIAL CHIROPRACTIC COLL     ,CN,00000-0000,Private      ,0,0,0,0,1,1
02167000,PRAIRIE BIBLE INST                      ,CN,00000-0000,Private      ,6,0,6,21,2,23
02184600,INSTITUTE FOR CHRISTIAN STUDIES         ,CN,00000-0000,Private      ,0,1,1,1,4,5
02195600,LASALLE COLLEGE                         ,CN,00000-0000,Private      ,4,6,10,9,12,21
02201100,COLUMBIA BIBLE COLLEGE                  ,CN,00000-0000,Private      ,5,5,10,15,6,21
02216400,TYNDALE COLLEGE & SEMINARY              ,CN,00000-0000,Private      ,1,3,4,8,5,13
02219200,UNIVERSITY OF SASKATCHEWAN              ,CN,00000-0000,Public       ,2,8,10,5,14,19
02324900,EMMANUEL BIBLE COLLEGE                  ,CN,00000-0000,Private      ,1,0,1,1,0,1
02338800,EMILY CARR UNIVERSITY OF ART AND DESIGN ,CN,00000-0000,Public       ,17,12,29,61,36,97
02577200,SALVATION ARMY WM & CATHERINE BOOTH     ,CN,00000-0000,Private      ,0,1,1,0,1,1
02593800,CONCORDIA UNIVERSITY COLLEGE            ,CN,00000-0000,Private      ,1,5,6,5,8,13
02611900,THE KING'S UNIVERSITY COLLEGE           ,CN,00000-0000,Private      ,1,0,1,1,2,3
03018300,ROCKY MOUNTAIN COLLEGE: CENTRE FOR BIBLI,CN,00000-0000,Private      ,0,1,1,0,1,1
03033800,UNIVERSITY COLLEGE OF CAPE BRETON       ,CN,00000-0000,Public       ,2,2,4,6,4,10
03078300,VANCOUVER SCHOOL OF THEOLOGY            ,CN,00000-0000,Private      ,1,1,2,3,3,6
03273300,CANADIAN COLLEGE OF NATUROPATHIC ME     ,CN,00000-0000,Private      ,0,13,13,0,21,21
03298300,ALBERTA COLLEGE OF ART & DESIGN         ,CN,00000-0000,Public       ,4,3,7,15,8,23
03332500,KWANTLEN UNIVERSITY COLLEGE             ,CN,00000-0000,Public       ,2,2,4,4,8,12
03335400,CANADIAN UNIVERSITY COLLEGE             ,CN,00000-0000,Private      ,7,3,10,32,8,40
03339300,ST. STEPHENS UNIVERSITY                 ,CN,00000-0000,Private      ,2,1,3,7,3,10
03348500,REDEEMER UNIVERSITY COLLEGE             ,CN,00000-0000,Private      ,2,2,4,13,5,18
03408300,CANDIAN NAZARENE UNIVERSITY COLLEGE     ,CN,00000-0000,Private      ,0,0,0,1,1,2
03420300,HOLLAND COLLEGE                         ,CN,00000-0000,Public       ,5,2,7,13,4,17
03421300,LOYALIST COLLEGE OF APPLIED ARTS &      ,CN,00000-0000,Public       ,0,0,0,1,0,1
03511300,CN CLG ACUPUNCTURE & ORIENTAL MED       ,CN,00000-0000,Private      ,1,1,2,1,4,5
03560400,NIAGARA COLLEGE-WELLAND CAMPUS          ,CN,00000-0000,Public       ,0,4,4,1,8,9
03613300,UNIV OF NORTHERN BRITISH COLUMBIA       ,CN,00000-0000,Public       ,1,3,4,6,7,13
03644400,CANADIAN MENNONITE UNIVERSITY           ,CN,00000-0000,Private      ,0,1,1,9,2,11
03674400,CANADIAN SOUTHERN BAPTIST SEMINARY      ,CN,00000-0000,Private      ,0,0,0,0,1,1
03711300,CAPILANO UNIVERSITY                     ,CN,00000-0000,Public       ,5,9,14,19,16,35
03745300,BRITISH COLUMBIA INSTITUTE OF TECHNOLOGY,CN,00000-0000,Public       ,0,5,5,6,9,15
03846300,PACIFIC LIFE BIBLE COLLEGE              ,CN,00000-0000,Private      ,5,0,5,9,2,11
03847300,CRANDALL UNIVERSITY                     ,CN,00000-0000,Private      ,2,2,4,5,2,7
04123100,ATLANTIC SCHOOL OF THEOLOGY             ,CN,00000-0000,Public       ,0,1,1,1,1,2
04156700,AMBROSE UNIVERSITY COLLEGE              ,CN,00000-0000,Private      ,2,5,7,3,7,10
00814700,UNIVERSIDAD AUTONOMA DE GUADALAJARA     ,MX,00000-0000,Private      ,15,442,457,64,780,844
01041800,INST TEC Y DE ESTSUPER DE MONTERRE      ,MX,00000-0000,Private      ,26,24,50,58,52,110
01067600,UNIVERSIDAD DE MONTERREY                ,MX,00000-0000,Private      ,4,14,18,21,32,53
01093800,UNIVERSIDAD DE GUANAJUATO               ,MX,00000-0000,Public       ,3,8,11,10,26,36
01097600,INSTITUTO ALLENDE                       ,MX,00000-0000,Private      ,2,7,9,6,15,21
02053300,CENTRO DE ESTUDIOS UNIVERSITARIOS D     ,MX,00000-0000,Private      ,37,78,115,72,143,215
01001000,AMERICAN SAMOA CMNTY COLLEGE            ,AS,96799-2609,Public       ,476,130,606,648,224,872
01034300,COLLEGE OF MICRONESIA - FSM             ,FM,96941-0159,Public       ,1008,297,1305,1310,443,1753
01100900,PALAU COMMUNITY COLLEGE                 ,PW,96940-0009,Public       ,168,70,238,758,266,1024
03022400,COLLEGE OF THE MARSHALL ISLANDS         ,MH,96960-1258,Public       ,258,166,424,267,180,447
03033000,NORTHERN MARIANAS COLLEGE               ,MP,96950-0000,Public       ,276,146,422,342,212,554
,,,,,,,,,,
Data Source:  Central Processing System (CPS),,,,,,,,,,
"Date Run:  July 6, 2011",,,,,,,,,,
