OPE ID,School,State,Zip Code,School Type,20112012Qtr3_Dependent Students,20112012Qtr3_Independent Students,Quarterly Total,YTD_20112012Qtr3_Dependent Students,YTD_20112012Qtr3_Independent Students,Award Year To Date Total
00100200,ALABAMA AGRCLTL & MECHL UNIV            ,AL,35762-1357,Public       ,784,901,1685,5615,3230,8845
00100300,FAULKNER UNIVERSITY                     ,AL,36109-3398,Private      ,262,1044,1306,1580,3818,5398
00100400,UNIVERSITY OF MONTEVALLO                ,AL,35115-6000,Public       ,219,311,530,2109,1457,3566
00100500,ALABAMA STATE UNIVERSITY                ,AL,36101-0000,Public       ,1030,1345,2375,7509,4924,12433
00100700,CENTRAL ALABAMA COMMUNITY COLLEGE       ,AL,35011-0000,Public       ,330,585,915,1418,2159,3577
00100800,ATHENS STATE UNIVERSITY                 ,AL,35611-1999,Public       ,186,846,1032,847,3154,4001
00100900,AUBURN UNIVERSITY                       ,AL,36849-5113,Public       ,1496,1188,2684,18090,6330,24420
00101200,BIRMINGHAM SOUTHERN COLLEGE             ,AL,35254-0002,Private      ,136,140,276,1782,576,2358
00101300,CALHOUN COMMUNITY COLLEGE               ,AL,35609-2216,Public       ,1166,2186,3352,4730,7719,12449
00101500,ENTERPRISE STATE COMMUNITY COLLEGE      ,AL,36331-1300,Public       ,282,475,757,1221,1916,3137
00101600,UNIVERSITY OF NORTH ALABAMA             ,AL,35632-0001,Public       ,682,714,1396,4472,2744,7216
00101700,GADSDEN STATE COMMUNITY COLLEGE         ,AL,35903-2269,Public       ,881,2022,2903,3252,6226,9478
00101800,GEORGE C WALLACE COMMUNITY COLLEGE      ,AL,36303-0943,Public       ,564,1421,1985,2120,4107,6227
00101900,HUNTINGDON COLLEGE                      ,AL,36106-2148,Private      ,139,173,312,1343,627,1970
00102000,JACKSONVILLE STATE UNIVERSITY           ,AL,36265-1602,Public       ,896,1527,2423,6748,5656,12404
00102100,JEFFERSON DAVIS COMMUNITY COLLEGE       ,AL,36427-2790,Public       ,155,324,479,563,920,1483
00102200,JEFFERSON STATE COMMUNITY COLLEGE       ,AL,35215-3098,Public       ,1061,2312,3373,4241,8040,12281
00102300,JUDSON COLLEGE                          ,AL,36756-2504,Private      ,58,43,101,351,141,492
00102400,UNIVERSITY OF WEST ALABAMA              ,AL,35470-0000,Public       ,302,1793,2095,2069,5041,7110
00102600,MARION MILITARY INSTITUTE               ,AL,36756-3214,Public       ,99,17,116,474,73,547
00102800,MILES COLLEGE                           ,AL,35064-2697,Private      ,414,414,828,2022,1330,3352
00102900,UNIVERSITY OF MOBILE                    ,AL,36613-0000,Private      ,228,538,766,1440,1801,3241
00103000,BISHOP STATE COMMUNITY COLLEGE          ,AL,36603-5898,Public       ,615,1545,2160,2150,4899,7049
00103100,NORTHEAST ALABAMA STATE CMNTY COLG      ,AL,35986-0159,Public       ,466,889,1355,1273,2282,3555
00103300,OAKWOOD COLLEGE                         ,AL,35896-0001,Private      ,346,271,617,1809,940,2749
00103400,ALABAMA SOUTHERN COMMUNITY COLLEGE      ,AL,36460-5698,Public       ,228,344,572,1070,1217,2287
00103600,SAMFORD UNIVERSITY                      ,AL,35229-7000,Private      ,216,486,702,3127,2727,5854
00103800,SNEAD STATE COMMUNITY COLLEGE           ,AL,35957-0734,Public       ,275,511,786,1271,1823,3094
00104000,SOUTHERN UNION STATE COMMUNITY CLG      ,AL,36276-0000,Public       ,591,776,1367,3252,3144,6396
00104100,SPRING HILL COLLEGE                     ,AL,36608-1791,Private      ,94,176,270,2194,738,2932
00104400,STILLMAN COLLEGE                        ,AL,35403-1430,Private      ,205,128,333,1746,618,2364
00104600,TALLADEGA COLLEGE                       ,AL,35160-2354,Private      ,158,143,301,670,419,1089
00104700,TROY UNIVERSITY                         ,AL,36082-0001,Public       ,1274,6630,7904,8167,23304,31471
00105000,TUSKEGEE UNIVERSITY                     ,AL,36088-1645,Private      ,286,213,499,4991,1423,6414
00105100,UNIVERSITY OF ALABAMA (THE)             ,AL,35487-0120,Public       ,1788,1937,3725,21134,9881,31015
00105200,UNIVERSITY OF ALABAMA AT BIRMINGHAM     ,AL,35294-1150,Public       ,1022,2265,3287,9227,11236,20463
00105500,UNIVERSITY OF ALABAMA IN HUNTSVILLE     ,AL,35899-0001,Public       ,651,1010,1661,4265,3986,8251
00105700,UNIVERSITY OF SOUTH ALABAMA             ,AL,36688-0002,Public       ,1246,2094,3340,8599,9326,17925
00105900,LAWSON STATE COMMUNITY COLLEGE          ,AL,35221-1798,Public       ,819,1482,2301,2493,4247,6740
00105901,LAWSON STATE COMMUNITY COLLEGE - BESSEME,AL,35021-0308,Public       ,188,393,581,623,1310,1933
00106000,FAULKNER STATE COMMUNITY COLLEGE        ,AL,36507-2698,Public       ,638,948,1586,3016,3532,6548
00526000,J.F. DRAKE STATE TECH COLLEGE           ,AL,35811-1584,Public       ,198,699,897,523,1885,2408
00569100,SHELTON STATE COMMUNITY CLG             ,AL,35405-4017,Public       ,869,1106,1975,4003,3990,7993
00569200,REID STATE TECHNICAL COLLEGE            ,AL,36401-0000,Public       ,103,259,362,291,819,1110
00569700,NORTHWEST- SHOALS COMMUNITY COLLEGE     ,AL,35661-0000,Public       ,655,1035,1690,2000,2577,4577
00569900,GEORGE C WALLACE STATE CMTY COLLEGE     ,AL,36703-0000,Public       ,379,838,1217,1055,2017,3072
00573300,BEVILL STATE CMTY COLLEGE-WALKER        ,AL,35148-0000,Public       ,524,1192,1716,2105,3578,5683
00573400,H. COUNCILL TRENHOLM STATE TECH COLLEGE ,AL,36108-0020,Public       ,294,678,972,892,2222,3114
00573401,H. C. TRENHOLM ST TECH COL-PATTERSON CAM,AL,36116-2612,Public       ,109,289,398,384,917,1301
00787100,GEORGE C WALLACE STATE CMTY CLG         ,AL,35077-2000,Public       ,604,1187,1791,3055,4658,7713
00831000,AUBURN UNIVERSITY-MONTGOMERY            ,AL,36124-0000,Public       ,424,928,1352,3785,4505,8290
00898800,LURLEEN B WALLACE COMMUNITY COLLEGE     ,AL,36420-0418,Public       ,193,354,547,1056,1398,2454
01055400,CONCORDIA COLLEGE                       ,AL,36701-3323,Private      ,174,164,338,729,517,1246
01218200,CHATTAHOOCHEE VALLEY CMTY CLG           ,AL,36869-7917,Public       ,231,501,732,868,1571,2439
01303906,SOUTH UNIVERSITY - MONTGOMERY           ,AL,36116-1120,Proprietary  ,92,400,492,374,1512,1886
02170600,UNITED STATES SPORTS ACADEMY            ,AL,36526-7055,Private      ,6,216,222,27,653,680
02199700,HERITAGE CHRISTIAN UNIVERSITY           ,AL,35630-0000,Private      ,6,20,26,18,69,87
02270400,SOUTHEASTERN BIBLE COLLEGE              ,AL,35244-2083,Private      ,20,55,75,72,183,255
02285000,PAUL MITCHELL THE SCHOOL HUNTSVILLE     ,AL,35758-0000,Proprietary  ,24,48,72,70,148,218
02296000,PRINCE INSTITUTE OF PROFESSIONAL STUDIES,AL,36117-0000,Proprietary  ,7,60,67,27,248,275
02341000,FORTIS COLLEGE                          ,AL,36609-0000,Proprietary  ,165,524,689,600,1780,2380
02503400,AMRIDGE UNIVERSITY                      ,AL,36124-0000,Private      ,25,454,479,61,1008,1069
02605500,REMINGTON COLLEGE - MOBILE CAMPUS       ,AL,36609-5593,Proprietary  ,368,890,1258,906,2367,3273
03010600,VIRGINIA COLLEGE                        ,AL,35209-5154,Proprietary  ,597,4886,5483,1657,17749,19406
03010602,VIRGINIA COLLEGE - HUNTSVILLE           ,AL,35805-0000,Proprietary  ,77,391,468,269,1469,1738
03010607,VIRGINIA COLLEGE - MOBILE               ,AL,36608-1626,Proprietary  ,88,376,464,282,1379,1661
03010616,VIRGINIA COLLEGE - MONTGOMERY           ,AL,36117-2802,Proprietary  ,89,437,526,407,1864,2271
03032500,ALABAMA STATE CLG BARBER STYLING        ,AL,35215-8308,Proprietary  ,10,39,49,50,115,165
03361400,FORTIS COLLEGE                          ,AL,36535-0000,Proprietary  ,36,200,236,110,533,643
03459300,SOUTHEASTERN SCHOOL OF COSMETOLOGY      ,AL,35228-0000,Private      ,11,93,104,43,199,242
03783300,BLUE CLIFF CAREER COLLEGE               ,AL,63306-4749,Proprietary  ,22,85,107,64,234,298
03894300,HUNTSVILLE BIBLE COLLEGE                ,AL,35811-0000,Private      ,3,39,42,15,109,124
04066300,CARDIAC AND VASCULAR INSTITUTE OF ULTRAS,AL,36604-1411,Proprietary  ,11,56,67,29,178,207
04067300,SELMA UNIVERSITY                        ,AL,36701-0000,Private      ,73,222,295,172,443,615
04121500,COLUMBIA SOUTHERN UNIVERSITY            ,AL,36561-3815,Proprietary  ,94,2573,2667,356,9871,10227
04149200,XCELL ACADEMY-A PAUL MITCHELL PARTNER SC,AL,35216-4990,Proprietary  ,31,79,110,102,214,316
04187200,NEW BEGINNING COLLEGE OF COSMETOLOGY    ,AL,35950-2415,Proprietary  ,14,55,69,19,67,86
04187300,HAIR ACADEMY (THE)                      ,AL,36111-2201,Proprietary  ,7,33,40,13,46,59
00111100,ALLAN HANCOCK COLLEGE                   ,CA,93454-6399,Public       ,660,1015,1675,4036,4598,8634
00111300,ANTELOPE VALLEY COLLEGE                 ,CA,93536-5426,Public       ,1157,2720,3877,6107,10073,16180
00111600,ART CENTER COLLEGE OF DESIGN            ,CA,91103-1999,Private      ,107,171,278,1636,1489,3125
00111700,AZUSA PACIFIC UNIVERSITY                ,CA,91702-7000,Private      ,423,1634,2057,9416,7291,16707
00111800,BAKERSFIELD COLLEGE                     ,CA,93305-1299,Public       ,797,1983,2780,9788,11588,21376
00111900,BARSTOW COMMUNITY COLLEGE               ,CA,92311-6608,Public       ,347,1438,1785,1008,3847,4855
00112000,AMER BAPT SEM OF THE WEST-BERKELEY      ,CA,94704-0000,Private      ,0,13,13,8,72,80
00112100,BETHANY UNIVERSITY /  ASSEMBLIES OF GOD ,CA,95066-2896,Private      ,7,11,18,357,262,619
00112200,BIOLA UNIVERSITY                        ,CA,90639-0001,Private      ,223,295,518,6287,2241,8528
00112300,BROOKS INSTITUTE                        ,CA,93103-1809,Proprietary  ,112,105,217,750,607,1357
00112400,CABRILLO COLLEGE                        ,CA,95003-3194,Public       ,614,1114,1728,4532,5296,9828
00112500,CALIFORNIA BAPTIST UNIVERSITY           ,CA,92504-3297,Private      ,239,774,1013,5162,3640,8802
00112700,CALIFORNIA COLLEGE OF THE ARTS          ,CA,94107-2206,Private      ,111,154,265,2096,1949,4045
00113100,CALIFORNIA INSTITUTE OF TECHNOLOGY      ,CA,91125-0001,Private      ,48,63,111,3331,628,3959
00113200,CALIFORNIA INSTITUTE OF THE ARTS        ,CA,91355-2397,Private      ,52,49,101,2059,1538,3597
00113300,CALIFORNIA LUTHERAN UNIVERSITY          ,CA,91360-2787,Private      ,90,353,443,4943,1905,6848
00113400,CALIFORNIA MARITIME ACADEMY             ,CA,94590-8181,Public       ,48,36,84,826,363,1189
00113700,CALIF STATE UNIV-FULLERTON              ,CA,92831-3599,Public       ,1045,2015,3060,41415,21181,62596
00113800,"CALIFORNIA STATE UNIVERSITY, EAST BAY   ",CA,94542-3000,Public       ,337,1230,1567,11938,11735,23673
00113900,CALIF STATE UNIV-LONG BEACH             ,CA,90840-0006,Public       ,856,1676,2532,52154,23336,75490
00114000,CALIF STATE UNIV-LOS ANGELES            ,CA,90032-4226,Public       ,687,1822,2509,28240,20569,48809
00114100,"CALIF STATE UNIV, DOMINGUEZ HILLS       ",CA,90747-0001,Public       ,326,1455,1781,15088,14703,29791
00114200,CALIF STATE UNIV SAN BERNARDINO         ,CA,92407-2397,Public       ,644,1555,2199,17671,13382,31053
00114300,CAL POLY STATE UNIVERSITY               ,CA,93407-0001,Public       ,637,409,1046,30991,4702,35693
00114400,CALIF STATE POLYTECHNIC UNIV POMONA     ,CA,91768-2500,Public       ,727,1016,1743,25817,10552,36369
00114600,CALIF STATE UNIV - CHICO                ,CA,95929-0001,Public       ,579,614,1193,16825,6296,23121
00114700,CALIF STATE UNIV - FRESNO               ,CA,93740-8026,Public       ,639,1225,1864,21340,11680,33020
00114900,HUMBOLDT STATE UNIVERSITY               ,CA,95521-8299,Public       ,253,295,548,10637,4040,14677
00115000,CALIF STATE UNIV-SACRAMENTO             ,CA,95819-6044,Public       ,597,1391,1988,26180,18620,44800
00115100,SAN DIEGO STATE UNIVERSITY              ,CA,92182-1690,Public       ,1371,1905,3276,46513,19747,66260
00115300,CALIF STATE UNIV-NORTHRIDGE             ,CA,91330-8307,Public       ,992,2164,3156,35296,20576,55872
00115400,SAN FRANCISCO STATE UNIVERSITY          ,CA,94132-1740,Public       ,722,1546,2268,32863,19937,52800
00115500,SAN JOSE STATE UNIVERSITY               ,CA,95192-0036,Public       ,666,1423,2089,26612,16808,43420
00115600,SONOMA STATE UNIVERSITY                 ,CA,94928-3609,Public       ,209,374,583,10673,3674,14347
00115700,CALIF STATE UNIV-STANISLAUS             ,CA,95382-0299,Public       ,304,635,939,8588,6194,14782
00116100,CERRITOS COLLEGE                        ,CA,90650-6296,Public       ,2245,2927,5172,15343,12269,27612
00116200,CHABOT COLLEGE                          ,CA,94545-2400,Public       ,722,1437,2159,5724,7254,12978
00116300,CHAFFEY COLLEGE                         ,CA,91737-9400,Public       ,2026,3171,5197,12535,13497,26032
00116400,CHAPMAN UNIVERSITY                      ,CA,92866-1099,Private      ,280,462,742,9698,3743,13441
00116453,CHAPMAN UNIVERSITY SCHOOL OF LAW        ,CA,92866-0000,Private      ,7,93,100,68,2042,2110
00116500,CHURCH DIV SCH OF THE PACIFIC           ,CA,94709-0000,Private      ,0,0,0,0,54,54
00116600,CITRUS COLLEGE                          ,CA,91741-1899,Public       ,1480,1747,3227,8657,6627,15284
00116900,CLAREMONT GRADUATE UNIVERSITY           ,CA,91711-0000,Private      ,1,287,288,18,1854,1872
00117000,CLAREMONT MCKENNA COLLEGE               ,CA,91711-6400,Private      ,31,15,46,3207,182,3389
00117100,HARVEY MUDD COLLEGE                     ,CA,91711-5990,Private      ,10,11,21,2349,90,2439
00117200,PITZER COLLEGE                          ,CA,91711-6101,Private      ,20,20,40,2813,200,3013
00117300,POMONA COLLEGE                          ,CA,91711-6301,Private      ,34,18,52,4819,206,5025
00117400,SCRIPPS COLLEGE                         ,CA,91711-3948,Private      ,22,14,36,1695,190,1885
00117600,WEST HILLS COMMUNITY COLLEGE            ,CA,93210-1399,Public       ,159,265,424,1281,1162,2443
00117700,COGSWELL POLYTECHNICAL COLLEGE          ,CA,94089-1210,Proprietary  ,32,31,63,239,163,402
00117800,COLLEGE OF MARIN                        ,CA,94904-2590,Public       ,222,659,881,1019,2403,3422
00117801,COLG OF MARIN-INDIAN VALLEY CMPS        ,CA,94949-0000,Public       ,17,59,76,71,166,237
00117900,NOTRE DAME DE NAMUR UNIVERSITY          ,CA,94002-1997,Private      ,74,237,311,1437,1225,2662
00118100,COLLEGE OF SAN MATEO                    ,CA,94402-3784,Public       ,417,721,1138,2648,2774,5422
00118200,COLLEGE OF THE DESERT                   ,CA,92260-9305,Public       ,939,1522,2461,5237,5376,10613
00118300,HOLY NAMES UNIVERSITY                   ,CA,94619-1699,Private      ,63,239,302,876,1021,1897
00118500,COLLEGE OF THE REDWOODS                 ,CA,95501-9300,Public       ,310,922,1232,2480,4275,6755
00118600,COLLEGE OF THE SEQUOIAS                 ,CA,93277-2234,Public       ,715,1348,2063,6400,7128,13528
00118700,COLLEGE OF THE SISKIYOUS                ,CA,96094-2899,Public       ,120,249,369,998,1227,2225
00118701,COLLEGE OF THE SISKIYOUS - YREKA CENTER ,CA,96097-9538,Public       ,6,35,41,70,180,250
00119000,CONTRA COSTA COLLEGE                    ,CA,94806-3195,Public       ,437,989,1426,2278,3986,6264
00119100,DIABLO VALLEY COLLEGE                   ,CA,94523-1544,Public       ,720,1170,1890,4809,4998,9807
00119200,CUESTA COLLEGE                          ,CA,93403-8106,Public       ,601,950,1551,4164,3802,7966
00119300,CYPRESS COLLEGE                         ,CA,90630-5897,Public       ,1243,1880,3123,8657,8012,16669
00119600,DOMINICAN UNIVERSITY OF CALIFORNIA      ,CA,94901-2298,Private      ,61,168,229,2987,1363,4350
00119700,EL CAMINO COLLEGE                       ,CA,90506-0002,Public       ,1765,2717,4482,12148,11741,23889
00119701,COMPTON COMMUNITY COLLEGE               ,CA,90221-5393,Public       ,611,1478,2089,2643,4794,7437
00119900,FOOTHILL COLLEGE                        ,CA,94022-4597,Public       ,518,1012,1530,2868,3810,6678
00120000,FULLER THEOLOGICAL SEMINARY             ,CA,91182-0000,Private      ,1,258,259,10,2272,2282
00120100,FULLERTON COLLEGE                       ,CA,92832-2095,Public       ,1638,1888,3526,11668,8038,19706
00120200,GAVILAN COLLEGE                         ,CA,95020-9599,Public       ,313,543,856,1741,2219,3960
00120300,GLENDALE COMMUNITY COLLEGE              ,CA,91208-2894,Public       ,1307,1934,3241,8659,8526,17185
00120500,GOLDEN GATE UNIVERSITY                  ,CA,94105-2967,Private      ,18,500,518,136,3719,3855
00120600,GOLDEN WEST COLLEGE                     ,CA,92647-2748,Public       ,1029,1622,2651,7403,6975,14378
00120700,GRADUATE THEOLOGICAL UNION              ,CA,94709-0000,Private      ,0,19,19,0,336,336
00120800,GROSSMONT COLLEGE                       ,CA,92020-1798,Public       ,1532,2650,4182,7925,9697,17622
00120900,HARTNELL COMMUNITY COLLEGE              ,CA,93901-1697,Public       ,666,794,1460,3415,3124,6539
00121200,HUMPHREYS COLLEGE                       ,CA,95207-3896,Private      ,60,243,303,348,1326,1674
00121400,IMPERIAL VALLEY COLLEGE                 ,CA,92251-9787,Public       ,1096,1231,2327,4447,3511,7958
00121500,LA SIERRA UNIVERSITY                    ,CA,92515-3332,Private      ,254,226,480,2708,1207,3915
00121600,UNIVERSITY OF LA VERNE                  ,CA,91750-4443,Private      ,135,1249,1384,4737,6997,11734
00121700,LASSEN COLLEGE                          ,CA,96130-3000,Public       ,116,228,344,482,690,1172
00121800,LOMA LINDA UNIVERSITY                   ,CA,92350-0001,Private      ,70,467,537,1055,5777,6832
00121900,LONG BEACH CITY COLLEGE                 ,CA,90808-1780,Public       ,1922,3356,5278,15290,15941,31231
00122000,MASTER'S COLLEGE & SEMINARY (THE)       ,CA,91321-1200,Private      ,47,92,139,1399,464,1863
00122300,LOS ANGELES CITY COLLEGE                ,CA,90029-3588,Public       ,1206,2761,3967,8351,13044,21395
00122400,LOS ANGELES HARBOR COLLEGE              ,CA,90744-2397,Public       ,778,1246,2024,4050,4968,9018
00122600,LOS ANGELES PIERCE COLLEGE              ,CA,91371-0001,Public       ,1343,1861,3204,10759,9251,20010
00122700,LOS ANGELES TRADE TECH COLLEGE          ,CA,90015-4181,Public       ,1030,2756,3786,5623,10760,16383
00122800,LOS ANGELES VALLEY COLLEGE              ,CA,91401-4096,Public       ,1180,2015,3195,7783,9362,17145
00122900,SO CA UNIV  HEALTH SCIENCES             ,CA,90604-4051,Private      ,3,161,164,32,764,796
00123000,SOUTHERN CA COLLEGE OF OPTOMETRY        ,CA,92831-1699,Private      ,0,11,11,12,532,544
00123200,AMERICAN RIVER COLLEGE                  ,CA,95841-4286,Public       ,1185,3440,4625,11956,21396,33352
00123300,SACRAMENTO CITY COLLEGE                 ,CA,95822-1386,Public       ,963,2701,3664,12388,16857,29245
00123600,MENLO COLLEGE                           ,CA,94027-4301,Private      ,61,28,89,1551,201,1752
00123700,MERCED COMMUNITY COLLEGE                ,CA,95348-2898,Public       ,717,1090,1807,6326,6066,12392
00123800,MILLS COLLEGE                           ,CA,94613-1301,Private      ,17,130,147,1922,1785,3707
00123900,MIRACOSTA COLLEGE                       ,CA,92056-3899,Public       ,681,1256,1937,3670,5373,9043
00124000,MODESTO JUNIOR COLLEGE                  ,CA,95350-5800,Public       ,1109,2242,3351,9414,11526,20940
00124200,MONTEREY PENINSULA COLLEGE              ,CA,93940-4799,Public       ,342,538,880,2436,2481,4917
00124300,MOUNT ST MARYS COLLEGE                  ,CA,90049-1599,Private      ,70,292,362,2782,2335,5117
00124500,MT. SAN ANTONIO COLLEGE                 ,CA,91789-1399,Public       ,2745,3304,6049,16803,13532,30335
00124600,MT SAN JACINTO COLLEGE                  ,CA,92583-2399,Public       ,1288,2487,3775,7492,10923,18415
00124700,NAPA VALLEY COLLEGE                     ,CA,94558-6236,Public       ,447,675,1122,2540,2794,5334
00124900,OCCIDENTAL COLLEGE                      ,CA,90041-3314,Private      ,46,29,75,5258,361,5619
00125000,ORANGE COAST COLLEGE - FIN AID OFF      ,CA,92628-5005,Public       ,1484,2117,3601,12401,9146,21547
00125100,OTIS COLLEGE OF ART AND DESIGN          ,CA,90045-3505,Private      ,94,95,189,1646,765,2411
00125200,HOPE INTERNATIONAL UNIVERSITY           ,CA,92631-0000,Private      ,68,173,241,703,987,1690
00125300,FRESNO PACIFIC UNIVERSITY               ,CA,93702-4798,Private      ,154,724,878,2162,3563,5725
00125307,FRESNO PACIFIC UNIVERSITY - BIBLICAL SEM,CA,93702-4798,Private      ,1,22,23,10,71,81
00125400,PACIFIC LUTHERAN THEOLOGICAL SEM        ,CA,94708-0000,Private      ,0,9,9,3,84,87
00125500,PACIFIC OAKS COLLEGE                    ,CA,91103-3592,Private      ,2,182,184,35,696,731
00125600,PACIFIC SCHOOL OF RELIGION              ,CA,94709-0000,Private      ,0,10,10,1,179,180
00125800,PACIFIC UNION COLLEGE                   ,CA,94508-9797,Private      ,202,112,314,1837,503,2340
00125900,PALO VERDE COLLEGE                      ,CA,92225-0000,Public       ,74,180,254,249,519,768
00126000,PALOMAR COLLEGE                         ,CA,92069-1486,Public       ,1392,2132,3524,8492,8117,16609
00126100,PASADENA CITY COLLEGE                   ,CA,91106-2003,Public       ,2391,2853,5244,17304,12066,29370
00126200,POINT LOMA NAZARENE UNIVERSITY          ,CA,92106-2899,Private      ,97,424,521,4412,1567,5979
00126600,LANEY COLLEGE                           ,CA,94607-4893,Public       ,577,1861,2438,3596,7600,11196
00126700,MERRITT COLLEGE                         ,CA,94619-3196,Public       ,348,1076,1424,1918,4236,6154
00126800,PORTERVILLE COLLEGE                     ,CA,93257-6059,Public       ,245,472,717,2037,2314,4351
00126900,RIO HONDO COLLEGE                       ,CA,90601-1699,Public       ,1520,1881,3401,10524,7874,18398
00127000,RIVERSIDE CITY COLLEGE                  ,CA,92506-1299,Public       ,2929,4439,7368,19085,20821,39906
00127001,RIVERSIDE CITY COLLEGE - MORENO VALLEY C,CA,92551-2045,Public       ,89,209,298,1893,2247,4140
00127002,NORCO COLLEGE                           ,CA,91760-2600,Public       ,47,76,123,1561,1350,2911
00127200,SAN BERNARDINO VALLEY COLLEGE           ,CA,92410-2798,Public       ,1351,3152,4503,8230,12495,20725
00127300,SAN DIEGO CITY COLLEGE                  ,CA,92101-4787,Public       ,1738,4015,5753,9342,13705,23047
00127500,SAN DIEGO MESA COLLEGE                  ,CA,92111-4996,Public       ,1793,3208,5001,9282,10580,19862
00127800,SAN FRANCISCO CONSERVATORY OF MUSIC     ,CA,94122-4498,Private      ,11,22,33,302,454,756
00127900,SAN FRANCISCO THEOLOGICAL SEMINARY      ,CA,94960-0000,Private      ,1,7,8,1,103,104
00128000,SAN JOAQUIN DELTA COLLEGE               ,CA,95207-6370,Public       ,1369,2923,4292,9492,12694,22186
00128100,WILLIAM JESSUP UNIVERSITY               ,CA,95765-3707,Private      ,59,119,178,846,550,1396
00128200,SAN JOSE CITY COLLEGE                   ,CA,95128-2797,Public       ,637,1409,2046,4014,6146,10160
00128400,SANTA ANA COLLEGE                       ,CA,92706-3398,Public       ,1030,1784,2814,7148,7139,14287
00128500,SANTA BARBARA CITY COLLEGE              ,CA,93109-2394,Public       ,773,1110,1883,7186,5592,12778
00128600,SANTA MONICA COLLEGE                    ,CA,90405-1644,Public       ,1615,1997,3612,17851,10802,28653
00128700,SANTA ROSA JUNIOR COLLEGE               ,CA,95401-4395,Public       ,1081,1757,2838,5833,7270,13103
00128800,CLAREMONT SCHOOL OF THEOLOGY            ,CA,91711-0000,Private      ,1,9,10,4,213,217
00128900,SHASTA COLLEGE                          ,CA,96049-7692,Public       ,462,1211,1673,3844,5556,9400
00129000,SIERRA COLLEGE                          ,CA,95677-3397,Public       ,819,1621,2440,7300,9071,16371
00129100,SIMPSON UNIVERSITY                      ,CA,96003-8606,Private      ,38,169,207,1133,1069,2202
00129200,SOLANO COMMUNITY COLLEGE                ,CA,94534-3197,Public       ,566,1261,1827,3623,5811,9434
00129300,VANGUARD UNIVERSITY OF SOUTHERN CA      ,CA,92626-6597,Private      ,95,255,350,2206,1143,3349
00129400,SOUTHWESTERN COLLEGE                    ,CA,91910-7299,Public       ,1310,1898,3208,8520,7992,16512
00129500,SOUTHWESTERN LAW SCHOOL                 ,CA,90010-1106,Private      ,3,97,100,34,2788,2822
00129600,DOMINICAN SCH PHILOSOPHY & THEOLOGY     ,CA,94709-0000,Private      ,1,9,10,8,58,66
00129900,ST JOHN'S SEMINARY COLLEGE              ,CA,93010-0000,Private      ,0,1,1,8,6,14
00130200,SAINT MARY'S COLLEGE OF CALIFORNIA      ,CA,94556-2744,Private      ,113,266,379,5602,1714,7316
00130500,STANFORD UNIVERSITY                     ,CA,94305-6106,Private      ,402,330,732,22475,3515,25990
00130501,STANFORD UNIVERSITY - GRADUATE SCHOOL OF,CA,94305-5301,Private      ,1,140,141,24,1647,1671
00130502,STANFORD UNIVERSITY - GRADUATE SCHOOL OF,CA,94305-5015,Private      ,1,125,126,32,1363,1395
00130503,STANFORD UNIVERSITY - STANFORD LAW SCHOO,CA,94305-3096,Private      ,5,47,52,55,2123,2178
00130700,FRESNO CITY COLLEGE                     ,CA,93741-0002,Public       ,1025,2783,3808,15395,16270,31665
00130800,REEDLEY COLLEGE                         ,CA,93654-2099,Public       ,505,945,1450,6760,5353,12113
00130900,TAFT COLLEGE                            ,CA,93268-2317,Public       ,219,328,547,1599,1427,3026
00131200,UNIVERSITY OF CALIFORNIA-BERKELEY       ,CA,94720-1520,Public       ,668,1060,1728,48982,20346,69328
00131300,UNIVERSITY OF CALIFORNIA-DAVIS          ,CA,95616-8558,Public       ,681,823,1504,48971,16353,65324
00131400,UNIVERSITY OF CALIFORNIA-IRVINE         ,CA,92697-2825,Public       ,444,897,1341,50966,13914,64880
00131500,UNIVERSITY OF CALIFORNIA (UCLA)         ,CA,90095-9000,Public       ,944,2374,3318,62333,28839,91172
00131502,UNIV OF CALIFORNIA LOS ANG SCH MED      ,CA,90095-0000,Public       ,12,26,38,146,985,1131
00131503,UNIV OF CALIFORNIA LOS ANG DENTAL       ,CA,90095-0000,Public       ,1,12,13,56,171,227
00131600,UNIVERSITY OF CALIFORNIA-RIVERSIDE      ,CA,92521-0209,Public       ,450,799,1249,34731,8799,43530
00131700,UNIVERSITY OF CALIFORNIA-SAN DIEGO      ,CA,92093-0013,Public       ,399,569,968,47630,11487,59117
00131900,UNIVERSITY OF CALIFORNIA-SFRANCISCO     ,CA,94143-0246,Public       ,61,260,321,1298,4288,5586
00132000,UNIVERSITY OF CALIFORNIA-SANTA BARB     ,CA,93106-3180,Public       ,513,327,840,46825,8289,55114
00132100,UNIVERSITY OF CALIFORNIA-SANTA CRUZ     ,CA,95064-0001,Public       ,293,264,557,29687,5320,35007
00132200,UNIVERSITY OF REDLANDS                  ,CA,92373-0999,Private      ,72,598,670,4941,2862,7803
00132500,UNIVERSITY OF SAN FRANCISCO             ,CA,94117-1080,Private      ,196,766,962,10952,8428,19380
00132600,SANTA CLARA UNIVERSITY                  ,CA,95053-4956,Private      ,212,381,593,10716,4438,15154
00132604,JESUIT SCHOOL OF THEOLOGY - BERKELEY    ,CA,94709-1193,Private      ,0,2,2,0,46,46
00132800,UNIVERSITY OF SOUTHERN CALIFORNIA       ,CA,90089-0914,Private      ,633,2328,2961,32838,27911,60749
00132900,UNIVERSITY OF THE PACIFIC               ,CA,95211-0197,Private      ,200,262,462,11626,3549,15175
00132901,UNIVERSITY OF THE PACIFIC - MCGEORGE SCH,CA,95817-2799,Private      ,6,60,66,131,2518,2649
00132902,UNIV OF THE PACIFIC SCH OF DENT         ,CA,94115-0000,Private      ,2,50,52,36,563,599
00133400,VENTURA COLLEGE                         ,CA,93003-3899,Public       ,693,1208,1901,5574,5273,10847
00133500,VICTOR VALLEY COLLEGE                   ,CA,92395-5849,Public       ,1481,3156,4637,6013,10506,16519
00133800,WEST VALLEY COLLEGE                     ,CA,95070-5697,Public       ,407,639,1046,2556,2983,5539
00134100,WESTMONT COLLEGE                        ,CA,93108-1099,Private      ,70,8,78,2611,118,2729
00134200,WHITTIER COLLEGE                        ,CA,90601-4413,Private      ,87,82,169,3236,529,3765
00134201,WHITTIER COLLEGE - COLLEGE OF LAW       ,CA,92626-1501,Private      ,3,80,83,19,1566,1585
00134300,WOODBURY UNIVERSITY                     ,CA,91510-7846,Private      ,69,131,200,981,889,1870
00134400,YUBA COLLEGE                            ,CA,95901-7699,Public       ,491,1160,1651,2849,4626,7475
00177212,TRINITY INTERNATIONAL UNIV-CA           ,CA,92705-0000,Private      ,0,87,87,8,293,301
00274100,AMERICAN JEWISH UNIVERSITY              ,CA,90077-1599,Private      ,14,16,30,100,154,254
00301002,ANTIOCH UNIV/LOS ANGELES                ,CA,90230-7615,Private      ,8,161,169,46,977,1023
00301003,ANTIOCH  UNIV/SANTA BARBARA             ,CA,93101-0000,Private      ,12,83,95,295,525,820
00369110,MIDDLEBURY COLLEGE - MONTEREY INSTITUTE ,CA,93940-2691,Private      ,6,67,73,41,876,917
00394700,UC-HASTINGS COLLEGE OF THE LAW          ,CA,94102-0000,Public       ,2,42,44,13,3634,3647
00394800,SAN FRANCISCO ART INSTITUTE             ,CA,94133-2299,Private      ,105,126,231,1466,1050,2516
00405402,HEBREW UNION COLLEGE JEWISH INSTITUTE OF,CA,90007-3717,Private      ,0,3,3,0,85,85
00408000,STARR KING SCHOOL FOR THE MINISTRY      ,CA,94709-1299,Private      ,0,9,9,0,76,76
00448000,DE ANZA COLLEGE                         ,CA,95014-5793,Public       ,1269,1759,3028,7057,6449,13506
00448100,OHLONE COLLEGE                          ,CA,94539-5847,Public       ,372,615,987,2962,2859,5821
00448400,JOHN F. KENNEDY UNIVERSITY              ,CA,94523-4817,Private      ,11,336,347,46,1594,1640
00449000,PATTEN UNIVERSITY                       ,CA,94601-2699,Private      ,62,101,163,232,404,636
00449400,EVEREST COLLEGE                         ,CA,92408-3752,Proprietary  ,102,234,336,438,830,1268
00450200,CITY COLLEGE OF SAN FRANCISCO           ,CA,94112-0000,Public       ,1640,4098,5738,9408,14490,23898
00450302,EVEREST COLLEGE - SANTA ANA             ,CA,92701-4559,Proprietary  ,148,208,356,307,330,637
00563800,DOWNEY ADULT SCHOOL                     ,CA,90241-5610,Public       ,53,183,236,176,544,720
00565500,HACIENDA LA PUENTE ADULT EDUC CTR       ,CA,91746-0000,Public       ,39,182,221,122,443,565
00616500,LA CNTY CLG OF NURSING & ALLD HLTH      ,CA,90033-1018,Public       ,8,79,87,101,471,572
00672000,COLLEGE OF ALAMEDA                      ,CA,94501-2109,Public       ,396,799,1195,2169,2965,5134
00673100,CASA LOMA COLLEGE                       ,CA,91405-4523,Private      ,61,166,227,205,630,835
00697300,CANADA COLLEGE                          ,CA,94061-1099,Public       ,270,543,813,1203,1864,3067
00697500,LINCOLN UNIVERSITY                      ,CA,94612-2801,Private      ,6,29,35,44,112,156
00701200,SAMUEL MERRITT COLLEGE                  ,CA,94609-3108,Private      ,19,233,252,332,2321,2653
00704700,LOS ANGELES SOUTHWEST COLLEGE           ,CA,90047-4810,Public       ,568,1621,2189,2715,6413,9128
00705000,BAY VISTA COLLEGE OF BEAUTY             ,CA,91950-3616,Proprietary  ,22,77,99,73,209,282
00711500,MOORPARK COLLEGE                        ,CA,93021-1695,Public       ,539,696,1235,4609,3669,8278
00713000,NEWBERRY SCHOOLS OF BEAUTY              ,CA,91344-7404,Proprietary  ,27,27,54,56,85,141
00714200,LYLE'S COLLEGE OF BEAUTY                ,CA,93710-3948,Proprietary  ,39,37,76,126,154,280
00716400,BRYAN COLLEGE                           ,CA,90057-0000,Proprietary  ,59,449,508,203,1376,1579
00718700,NORTH ADRIAN'S COLLEGE OF BEAUTY        ,CA,95350-2381,Proprietary  ,40,71,111,138,185,323
00719000,WYOTECH                                 ,CA,94539-7663,Proprietary  ,189,392,581,724,1571,2295
00720300,SALON SUCCESS ACADEMY                   ,CA,91786-4060,Proprietary  ,43,40,83,105,100,205
00720400,MODERN BEAUTY ACADEMY                   ,CA,93030-7016,Proprietary  ,17,19,36,36,46,82
00722900,WESTERN BEAUTY INSTITUTE                ,CA,91402-3104,Proprietary  ,95,185,280,232,441,673
00723400,HEALD COLLEGE                           ,CA,94105-2206,Proprietary  ,142,382,524,608,1903,2511
00723600,ART INST OF CALIFORNIA-LOS ANGELES      ,CA,90405-3035,Proprietary  ,729,802,1531,6742,5350,12092
00725300,FEDERICO BEAUTY INSTITUTE               ,CA,95834-1905,Proprietary  ,40,87,127,236,328,564
00725800,MARINELLO SCH BTY                       ,CA,91606-3210,Proprietary  ,0,0,0,26,36,62
00729600,COLEMAN COLLEGE                         ,CA,92123-0000,Private      ,32,144,176,165,665,830
00732909,ITT TECHNICAL INSTITUTE                 ,CA,92868-3506,Proprietary  ,205,712,917,618,1850,2468
00732971,ITT TECHNICAL INSTITUTE                 ,CA,95670-6047,Proprietary  ,165,573,738,544,1701,2245
00732976,ITT TECHNICAL INSTITUTE                 ,CA,92408-3519,Proprietary  ,199,540,739,1049,2201,3250
00732981,ITT TECHNICAL INSTITUTE                 ,CA,92123-2662,Proprietary  ,211,758,969,780,2379,3159
00732985,ITT TECHNICAL INSTITUTE                 ,CA,91773-2933,Proprietary  ,198,494,692,629,1494,2123
00732989,ITT TECHNICAL INSTITUTE                 ,CA,90502-1356,Proprietary  ,232,730,962,598,1885,2483
00732994,ITT TECHNICAL INSTITUTE                 ,CA,91342-3664,Proprietary  ,171,523,694,544,1481,2025
00746501,AMERICAN ACADEMY OF DRAMATIC ARTS - HOLL,CA,90028-7504,Private      ,30,37,67,433,225,658
00747600,MARINELLO SCHOOLS OF BEAUTY             ,CA,90023-2666,Proprietary  ,315,552,867,953,1646,2599
00747602,MARINELLO SCHOOLS OF BEAUTY - SPA ACADEM,CA,90048-5101,Proprietary  ,4,13,17,51,55,106
00747603,MARINELLO SCHOOLS OF BEAUTY - INGLEWOOD ,CA,90301-2306,Proprietary  ,2,4,6,20,22,42
00747604,MARINELLO SCHOOLS OF BEAUTY - RESEDA    ,CA,91335-4218,Proprietary  ,4,3,7,19,18,37
00747606,MARINELLO SCHOOLS OF BEAUTY - WEST COVIN,CA,91790-2805,Proprietary  ,4,6,10,37,36,73
00747607,MARINELLO SCHOOLS OF BEAUTY - SAN BERNAR,CA,92410-3261,Proprietary  ,10,30,40,120,112,232
00747608,MARINELLO SCHOOLS OF BEAUTY - ONTARIO   ,CA,91762-2113,Proprietary  ,10,26,36,84,107,191
00747609,MARINELLO SCHOOLS OF BEAUTY - WHITTIER  ,CA,90601-4107,Proprietary  ,2,13,15,41,47,88
00747611,MARINELLO SCHOOLS OF BEAUTY - SAN DIEGO ,CA,92126-4217,Proprietary  ,13,48,61,134,176,310
00747700,"HEALD COLLEGE,SCHOOLS OF BUS & TECH     ",CA,95670-6005,Proprietary  ,82,360,442,484,1804,2288
00753100,ACADEMY OF ART UNIVERSITY               ,CA,94105-3410,Proprietary  ,1011,2912,3923,8071,12970,21041
00753600,COSUMNES RIVER COLLEGE                  ,CA,95823-5799,Public       ,542,1284,1826,7196,8879,16075
00754802,WESTWOOD COLLEGE OF TECHNOLOGY          ,CA,92801-0000,Proprietary  ,123,149,272,989,694,1683
00754803,WESTWOOD COLLEGE OF TECHNOLOGY          ,CA,91786-0000,Proprietary  ,131,154,285,1054,873,1927
00760600,EVEREST COLLEGE                         ,CA,90010-2221,Proprietary  ,45,124,169,298,475,773
00760700,CONCORDE CAREER INSTITUTE               ,CA,91606-3134,Proprietary  ,66,155,221,252,591,843
00770700,COLUMBIA COLLEGE                        ,CA,95370-8580,Public       ,199,381,580,1080,1386,2466
00771300,SKYLINE COLLEGE                         ,CA,94066-1698,Public       ,525,780,1305,2950,3144,6094
00793000,CONCORDE CAREER INSTITUTE               ,CA,92108-0000,Proprietary  ,64,215,279,229,736,965
00799300,CALIF STATE UNIV BAKERSFIELD            ,CA,93311-1022,Public       ,308,764,1072,7983,6532,14515
00807100,CONCORDE CAREER INSTITUTE               ,CA,92840-9201,Proprietary  ,91,223,314,307,730,1037
00807300,BUTTE COMMUNITY COLLEGE                 ,CA,95965-0000,Public       ,620,1349,1969,6710,8247,14957
00809000,EVEREST COLLEGE                         ,CA,91803-1310,Proprietary  ,96,361,457,304,913,1217
00809300,HEALD COLLEGE                           ,CA,93704-1706,Proprietary  ,199,453,652,1284,2718,4002
00853200,HEALD COLLEGE                           ,CA,94545-2352,Proprietary  ,182,420,602,819,2129,2948
00853202,HEALD COLLEGE - MODESTO                 ,CA,95368-9095,Proprietary  ,81,178,259,418,821,1239
00853700,CONCORDE CAREER INSTITUTE               ,CA,92401-0000,Proprietary  ,75,249,324,347,1027,1374
00859600,WEST LOS ANGELES COLLEGE                ,CA,90230-3500,Public       ,612,1421,2033,3470,6210,9680
00859700,FEATHER RIVER COLLEGE                   ,CA,95971-9124,Public       ,87,168,255,640,583,1223
00884400,CALIFORNIA CHRISTIAN COLLEGE            ,CA,93703-3599,Private      ,3,24,27,60,104,164
00884600,WRIGHT INSTITUTE                        ,CA,94704-0000,Private      ,0,56,56,1,488,489
00890300,COLLEGE OF THE CANYONS                  ,CA,91355-1899,Public       ,1192,1390,2582,5704,4732,10436
00891800,SADDLEBACK COLLEGE                      ,CA,92692-3699,Public       ,1012,1680,2692,4566,5513,10079
00902200,ASSOCIATED TECHNICAL COLLEGE            ,CA,90017-0000,Proprietary  ,50,154,204,119,396,515
00903200,EMPIRE COLLEGE                          ,CA,95403-2122,Proprietary  ,40,152,192,133,484,617
00915706,WYOMING TECHNICAL INSTITUTE - WEST SACRA,CA,95605-1507,Proprietary  ,246,409,655,737,1112,1849
00927200,CRAFTON HILLS COLLEGE                   ,CA,92399-1799,Public       ,469,749,1218,3285,3419,6704
00932500,ABRAM FRIEDMAN OCCUP CTR                ,CA,90015-3507,Public       ,14,54,68,75,213,288
00950900,SKILLS & BUSINESS EDUCATION CENTER      ,CA,95824-1529,Public       ,45,288,333,273,1116,1389
00974800,CARRINGTON COLLEGE CALIFORNIA           ,CA,95826-3203,Proprietary  ,136,430,566,725,2097,2822
00974801,CARRINGTON COLLEGE CALIFORNIA - SAN LEAN,CA,94578-3711,Proprietary  ,58,110,168,349,725,1074
00974802,CARRINGTON COLLEGE CALIFORNIA - PLEASANT,CA,94523-1984,Proprietary  ,42,74,116,218,460,678
00974803,CARRINGTON COLLEGE CALIFORNIA - STOCKTON,CA,95207-5509,Proprietary  ,45,86,131,303,548,851
00974804,CARRINGTON COLLEGE CALIFORNIA - CITRUS H,CA,95621-5577,Proprietary  ,80,145,225,229,658,887
00974806,CARRINGTON COLLEGE CALIFORNIA -  ANTIOCH,CA,94531-1604,Proprietary  ,36,101,137,195,478,673
00974807,CARRINGTON COLLEGE CALIFORNIA - SAN JOSE,CA,95119-1325,Proprietary  ,65,149,214,392,871,1263
00974808,CARRINGTON COLLEGE CALIFORNIA - EMERYVIL,CA,94608-3006,Proprietary  ,18,51,69,122,272,394
00974809,WESTERN CAREER COLLEGE -  EMERYVILLE SHE,CA,94608-3006,Proprietary  ,2,10,12,17,58,75
00998900,SANTA BARBARA BUSINESS COLLEGE          ,CA,93111-0000,Proprietary  ,36,97,133,244,526,770
01011100,CERRO-COSO COMMUNITY COLLEGE            ,CA,93555-9571,Public       ,150,542,692,706,2010,2716
01014900,PEPPERDINE UNIVERSITY                   ,CA,90263-0000,Private      ,291,812,1103,8373,6831,15204
01034000,LOS MEDANOS COLLEGE                     ,CA,94565-5197,Public       ,603,1104,1707,3071,4375,7446
01036500,CHARLES R DREW UNIV OF MED & SCI        ,CA,90059-0000,Private      ,9,137,146,91,677,768
01039500,UNIVERSITY OF SAN DIEGO                 ,CA,92110-2492,Private      ,288,513,801,15864,5659,21523
01039501,UNIVERSITY OF SAN DIEGO - SCHOOL OF LAW ,CA,92110-2492,Private      ,21,135,156,765,3308,4073
01044100,PARDEE RAND GRADUATE SCHOOL             ,CA,90407-2138,Private      ,0,5,5,0,25,25
01047400,MARYMOUNT COLLEGE OF PALOS VERDES       ,CA,90275-0000,Private      ,57,28,85,1426,173,1599
01083200,WESTERN STATE UNIV COLLEGE OF LAW       ,CA,92831-3014,Proprietary  ,1,60,61,20,1174,1194
01085400,THOMAS JEFFERSON SCHOOL OF LAW          ,CA,92110-0000,Private      ,1,289,290,23,2243,2266
01102400,EVEREST COLLEGE                         ,CA,94103-2091,Proprietary  ,38,129,167,165,408,573
01110700,EVEREST  COLLEGE                        ,CA,92801-5231,Proprietary  ,84,172,256,446,694,1140
01110900,EVEREST COLLEGE                         ,CA,91335-4631,Proprietary  ,136,346,482,486,1052,1538
01111200,FIDM-FASHION INSTITUTE OF DESIGN        ,CA,90015-1421,Proprietary  ,652,375,1027,6297,2489,8786
01111700,ALLIANT INTERNATIONAL UNIVERSITY        ,CA,92131-1799,Private      ,10,429,439,123,2504,2627
01111705,ALLIANT INTERNATIONAL UNIVERSITY - LOS A,CA,91803-1360,Private      ,0,66,66,6,585,591
01111706,ALLIANT INTERNATIONAL UNIVERSITY - SAN F,CA,94133-1221,Private      ,5,117,122,34,830,864
01111707,ALLIANT INTERNATIONAL UNIVERSITY - FRESN,CA,93727-2014,Private      ,4,76,80,61,584,645
01112100,EVEREST COLLEGE                         ,CA,94541-4007,Proprietary  ,21,115,136,90,353,443
01112300,EVEREST COLLEGE                         ,CA,90247-4163,Proprietary  ,48,150,198,242,579,821
01146000,NATIONAL UNIVERSITY                     ,CA,92037-1011,Private      ,155,3809,3964,669,14487,15156
01162600,PRACTICAL SCHOOLS                       ,CA,92805-0000,Proprietary  ,41,79,120,394,748,1142
01164900,LOYOLA MARYMOUNT UNIVERSITY             ,CA,90045-0000,Private      ,273,355,628,11980,3607,15587
01164901,LMU  - LOYOLA LAW SCHOOL                ,CA,90015-0019,Private      ,5,130,135,249,3657,3906
01167200,MENDOCINO COLLEGE                       ,CA,95482-3000,Public       ,226,491,717,1171,1935,3106
01170700,NORTH-WEST COLLEGE                      ,CA,91790-2097,Proprietary  ,70,159,229,178,351,529
01179200,FRANCISCAN SCHOOL OF THEOLOGY           ,CA,94709-0000,Private      ,0,7,7,0,25,25
01182000,SAN DIEGO MIRAMAR COLLEGE               ,CA,92126-0000,Public       ,722,1602,2324,3725,5253,8978
01186500,CALIFORNIA HAIR DESIGN ACADEMY          ,CA,92115-0000,Proprietary  ,50,92,142,126,208,334
01186600,LU ROSS ACADEMY                         ,CA,93001-2927,Proprietary  ,46,82,128,99,148,247
01202600,JE BOUTIQUE COLLEGE OF BEAUTY           ,CA,92021-6247,Proprietary  ,23,63,86,63,144,207
01202700,GALEN COLLEGE OF CALIFORNIA             ,CA,93728-2381,Proprietary  ,22,47,69,49,106,155
01203100,SAN DIEGO CHRISTIAN COLLEGE             ,CA,92019-1157,Private      ,123,596,719,882,1336,2218
01206100,EVEREST COLLEGE                         ,CA,95128-3908,Proprietary  ,48,121,169,229,462,691
01215400,CALIFORNIA INSTITUTE OF INTEGRAL STUDIES,CA,94103-2557,Private      ,2,133,135,25,1664,1689
01230002,PALMER COLLEGE OF CHIROPRACTIC - WEST CA,CA,95134-1617,Private      ,4,26,30,21,349,370
01231600,MANCHESTER BEAUTY COLLEGE               ,CA,93726-5306,Proprietary  ,26,67,93,130,225,355
01231700,TULARE BEAUTY COLLEGE                   ,CA,93274-3432,Proprietary  ,8,25,33,28,69,97
01244600,UNIVERSAL COLLEGE OF BEAUTY             ,CA,90044-0044,Proprietary  ,14,25,39,62,66,128
01245200,EVERGREEN VALLEY COLLEGE                ,CA,95135-1598,Public       ,699,1076,1775,4342,4866,9208
01255000,LOS ANGELES MISSION COLLEGE             ,CA,91342-3200,Public       ,629,987,1616,4582,4714,9296
01265000,MARINELLO SCHOOL OF BEAUTY              ,CA,91502-2828,Proprietary  ,69,115,184,152,306,458
01265100,MARINELLO SCHOOL OF BEAUTY              ,CA,91748-1674,Proprietary  ,22,33,55,54,93,147
01284200,OXNARD COLLEGE                          ,CA,93030-0000,Public       ,439,863,1302,3041,3696,6737
01287200,NORTH-WEST COLLEGE                      ,CA,91768-3199,Proprietary  ,47,132,179,157,392,549
01287300,WYOTECH                                 ,CA,90810-3800,Proprietary  ,227,411,638,917,1289,2206
01287301,WYOTECH - EVEREST  COLLEGE              ,CA,90034-3158,Proprietary  ,35,114,149,204,519,723
01287302,WYOTECH - EVEREST  COLLEGE              ,CA,91746-3412,Proprietary  ,100,192,292,426,730,1156
01290700,LAKE TAHOE COMMUNITY COLLEGE            ,CA,96150-4524,Public       ,208,369,577,655,950,1605
01291100,MARINELLO SCHOOL OF BEAUTY              ,CA,92646-2552,Proprietary  ,15,32,47,51,83,134
01291200,MTI COLLEGE                             ,CA,95841-0000,Proprietary  ,93,267,360,454,1388,1842
01294200,ROSEMEAD BEAUTY SCHOOL                  ,CA,91770-1639,Proprietary  ,13,67,80,35,218,253
01298400,PROFESSIONAL INSTITUTE OF BEAUTY        ,CA,91731-2613,Proprietary  ,16,61,77,22,73,95
01298500,HAIR CALIFORNIA BEAUTY ACADEMY          ,CA,92867-7127,Proprietary  ,5,11,16,24,51,75
01298900,OCEANSIDE COLLEGE OF BEAUTY             ,CA,92054-5393,Proprietary  ,21,39,60,85,129,214
01301000,LANCASTER BEAUTY SCHOOL                 ,CA,93534-3098,Proprietary  ,31,75,106,80,176,256
01307400,AMERICAN BEAUTY COLLEGE                 ,CA,91790-2906,Proprietary  ,17,27,44,60,65,125
01309500,SALON SUCCESS ACADEMY                   ,CA,92879-6561,Proprietary  ,39,65,104,142,205,347
01310300,CALIFORNIA WESTERN SCHOOL OF LAW        ,CA,92101-0000,Private      ,7,92,99,59,1981,2040
01324000,LYTLE'S REDWOOD EMPIRE BEAUTY CLG       ,CA,95403-0000,Proprietary  ,24,44,68,124,192,316
02054900,MARINELLO SCHOOL OF BEAUTY              ,CA,92630-0000,Proprietary  ,47,85,132,74,121,195
02059800,PARIS BEAUTY COLLEGE                    ,CA,94520-2611,Proprietary  ,20,63,83,46,129,175
02063500,COASTLINE COMMUNITY COLLEGE             ,CA,92708-0000,Public       ,240,1499,1739,1476,5585,7061
02064300,SIERRA COLLEGE OF BEAUTY                ,CA,95340-0000,Proprietary  ,28,72,100,87,162,249
02065700,CALIFORNIA BEAUTY COLLEGE               ,CA,95354-0000,Proprietary  ,21,37,58,145,160,305
02070500,CONCORDIA UNIVERSITY                    ,CA,92612-0000,Private      ,104,392,496,2209,1998,4207
02075800,SOUTHERN CA INST OF ARCHITECTURE        ,CA,90013-0000,Private      ,7,40,47,181,540,721
02086400,MARINELLO SCHOOL OF BEAUTY              ,CA,95050-0000,Proprietary  ,104,173,277,274,481,755
02091200,ELEGANCE INTERNATIONAL                  ,CA,90028-0000,Proprietary  ,20,40,60,115,154,269
02091700,KAPLAN COLLEGE                          ,CA,92123-1509,Proprietary  ,96,437,533,473,1823,2296
02091702,KAPLAN COLLEGE - CHULA VISTA            ,CA,91910-5342,Proprietary  ,48,76,124,172,308,480
02096100,FIELDING GRADUATE UNIVERSITY            ,CA,93105-0000,Private      ,0,259,259,2,980,982
02099200,AMERICAN CONSERVATORY THEATER           ,CA,94108-0000,Private      ,6,6,12,52,228,280
02110200,COLUMBIA COLLEGE                        ,CA,91356-0000,Private      ,47,32,79,325,162,487
02110800,CALIFORNIA COLLEGE SAN DIEGO            ,CA,92108-3821,Proprietary  ,133,354,487,1420,2402,3822
02111300,CUYAMACA COLLEGE                        ,CA,92019-0000,Public       ,712,1310,2022,3562,5550,9112
02113601,AMERICAN INTERCONTINENTAL UNIV - LOS ANG,CA,90066-7008,Proprietary  ,0,0,0,3,2,5
02119100,MISSION COLLEGE                         ,CA,95054-1897,Public       ,410,900,1310,2843,4590,7433
02120600,SAYBROOK GRADUATE SCHOOL                ,CA,94111-1920,Private      ,0,120,120,2,640,642
02120700,SAN JOAQUIN VALLEY COLLEGE              ,CA,93291-0000,Proprietary  ,651,1495,2146,2691,5654,8345
02125000,CAREER ACADEMY OF BEAUTY                ,CA,92845-0000,Proprietary  ,39,79,118,65,118,183
02128200,"VICTOR VALLEY BEAUTY COLLEGE, INC       ",CA,92392-0000,Proprietary  ,28,60,88,113,203,316
02128300,INSTITUTE FOR BUSINESS & TECHNOLOGY     ,CA,95050-0000,Proprietary  ,26,213,239,85,547,632
02128301,INSTITUTE FOR BUSINESS & TECHNOLOGY - NA,CA,95670-6351,Proprietary  ,19,118,137,51,326,377
02138300,PALO ALTO UNIVERSITY                    ,CA,94304-1337,Private      ,8,142,150,49,777,826
02147400,CLEVELAND CHIROPRACTIC COLLEGE          ,CA,90004-0000,Private      ,3,3,6,36,161,197
02161800,MUSICIANS INSTITUTE                     ,CA,90028-6157,Proprietary  ,262,265,527,1559,1172,2731
02167800,ESTES INSTITUTE OF COSMETOLOGY          ,CA,93291-0000,Proprietary  ,32,42,74,119,122,241
02174600,MARINELLO SCHOOL OF BEAUTY              ,CA,90201-0000,Proprietary  ,6,14,20,69,93,162
02180600,BRIDGES  ACADEMY OF BEAUTY              ,CA,92311-2327,Proprietary  ,0,10,10,7,28,35
02185800,MOLER BARBER COLLEGE                    ,CA,94611-0000,Proprietary  ,5,11,16,41,68,109
02187500,"HEALD COLLEGE, SCH OF BUS & TECH        ",CA,94520-0000,Proprietary  ,169,371,540,884,2083,2967
02188400,SIERRA VALLEY COLLEGE OF COURT REPORTING,CA,93726-0000,Proprietary  ,24,39,63,57,202,259
02208600,MADERA BEAUTY COLLEGE                   ,CA,93637-3519,Proprietary  ,13,20,33,58,81,139
02211000,SALON SUCCESS ACADEMY                   ,CA,92405-0000,Proprietary  ,9,20,29,73,67,140
02220000,COLLEEN O'HARA BEAUTY ACADEMY           ,CA,92701-0000,Proprietary  ,24,45,69,71,101,172
02220200,CALIFORNIA CULINARY ACADEMY             ,CA,94102-3336,Proprietary  ,93,188,281,600,847,1447
02221300,MARINELLO SCHOOL OF BEAUTY              ,CA,92553-0000,Proprietary  ,50,106,156,188,328,516
02222000,AMERICAN FILM INSTITUTE                 ,CA,90027-0000,Private      ,41,98,139,294,745,1039
02226000,EAST LOS ANGELES COLLEGE                ,CA,91754-0000,Public       ,1885,2415,4300,14172,12128,26300
02228500,LIFE CHIROPRACTIC COLLEGE WEST          ,CA,94545-0000,Private      ,3,40,43,16,393,409
02230900,FREDRICK & CHARLES BEAUTY COLLEGE       ,CA,95501-0000,Proprietary  ,15,14,29,52,70,122
02231900,GEMOLOGICAL INSTITUTE OF AMERICA        ,CA,92008-4698,Private      ,8,50,58,55,211,266
02234300,FASHION CAREERS OF CALIFORNIA           ,CA,92110-0000,Proprietary  ,23,34,57,153,139,292
02236400,"THANH LE COLG, SCH OF COSMETOLOGY       ",CA,92840-0000,Proprietary  ,2,23,25,7,26,33
02237200,PHILLIPS GRADUATE INSTITUTE             ,CA,91316-0000,Private      ,0,60,60,2,225,227
02241600,SAN DIEGO CONTINUING EDUCATION          ,CA,92113-0000,Public       ,18,173,191,94,612,706
02241800,AMERICAN CAREER COLLEGE                 ,CA,90004-0000,Proprietary  ,383,771,1154,1423,2695,4118
02242700,BERKELEY CITY COLLEGE                   ,CA,94704-0000,Public       ,428,1008,1436,2645,3834,6479
02250602,EVEREST COLLEGE                         ,CA,91761-8525,Proprietary  ,77,170,247,407,1230,1637
02255400,INTERNATIONAL SCHOOL OF COSMETOLOGY     ,CA,90250-0000,Proprietary  ,49,42,91,139,190,329
02255600,MARINELLO SCHOOL OF BEAUTY              ,CA,90723-0000,Proprietary  ,23,56,79,87,146,233
02258600,ALAMEDA BEAUTY COLLEGE                  ,CA,94501-0000,Proprietary  ,19,92,111,98,244,342
02262400,YESHIVA OHR ELCHONON CHABAD             ,CA,90046-0000,Private      ,1,0,1,33,1,34
02263101,ANTHEM COLLEGE - SACRAMENTO             ,CA,95827-3378,Proprietary  ,4,26,30,38,120,158
02267600,INSTITUTE OF TRANSPERSONAL PSYCHLGY     ,CA,94303-4624,Private      ,1,121,122,4,563,567
02270600,LIFE PACIFIC COLLEGE                    ,CA,91773-0000,Private      ,54,50,104,334,240,574
02276800,WESTMINSTER SEMINARY CALIFORNIA         ,CA,92027-0000,Private      ,0,9,9,0,148,148
02277400,SOUTH COAST COLLEGE                     ,CA,92868-2616,Proprietary  ,23,95,118,162,471,633
02282300,ALHAMBRA BEAUTY COLLEGE                 ,CA,91802-0000,Proprietary  ,20,49,69,50,101,151
02285100,HILLTOP BEAUTY SCHOOL                   ,CA,94014-0000,Proprietary  ,14,49,63,21,118,139
02298000,DESIGN INSTITUTE OF SAN DIEGO           ,CA,92121-0000,Proprietary  ,17,62,79,164,267,431
02304300,"PLATT COLLEGE, SAN DIEGO                ",CA,92115-0000,Proprietary  ,32,81,113,190,344,534
02306300,KAPLAN COLLEGE                          ,CA,95368-0000,Proprietary  ,72,143,215,358,659,1017
02306302,KAPLAN COLLEGE - FRESNO                 ,CA,93612-3802,Proprietary  ,42,112,154,251,494,745
02309500,CLOVIS ADULT EDUC                       ,CA,93611-0000,Public       ,11,98,109,48,318,366
02312400,LA COLLEGE INTERNATIONAL                ,CA,90010-0000,Proprietary  ,16,229,245,59,844,903
02327600,ART INSTITUTE OF CALIFORNIA - SAN DIEGO ,CA,92108-4401,Proprietary  ,598,756,1354,3763,3729,7492
02330500,LAGUNA COLLEGE OF ART AND DESIGN        ,CA,92651-0000,Private      ,51,33,84,552,255,807
02332800,CENTER FOR EMPLOYMENT TRAINING          ,CA,95110-0000,Private      ,197,1001,1198,344,1603,1947
02338500,GLENDALE CAREER COLLEGE                 ,CA,91203-1207,Proprietary  ,65,169,234,187,421,608
02338700,MARINELLO SCHOOL OF BEAUTY              ,CA,94103-0000,Proprietary  ,74,159,233,221,377,598
02342400,ACADEMY OF RADIO BROADCASTING           ,CA,92647-3809,Proprietary  ,23,85,108,89,252,341
02343400,"BELLUS ACADEMY, THE ACADEMY OF BEAUTY AN",CA,92064-4633,Proprietary  ,77,175,252,242,465,707
02345800,MONTEBELLO BEAUTY COLLEGE               ,CA,90640-0000,Proprietary  ,32,51,83,43,72,115
02351900,KAPLAN COLLEGE                          ,CA,95660-5512,Proprietary  ,74,276,350,372,1147,1519
02351901,KAPLAN COLLEGE - BAKERSFIELD            ,CA,93304-0000,Proprietary  ,62,181,243,527,988,1515
02358000,THOMAS AQUINAS COLLEGE                  ,CA,93060-9622,Private      ,10,4,14,373,22,395
02359300,SHASTA BIBLE COLLEGE                    ,CA,96002-0000,Private      ,5,13,18,43,59,102
02482700,WESTERN UNIVERSITY OF HEALTH S          ,CA,91766-1854,Private      ,6,104,110,117,5051,5168
02494800,LOLA BEAUTY COLLEGE                     ,CA,92641-0000,Proprietary  ,18,33,51,28,50,78
02497300,TRINITY COLLEGE                         ,CA,93277-8109,Proprietary  ,60,229,289,183,659,842
02500000,SAN JOAQUIN COLLEGE OF LAW              ,CA,93612-0000,Private      ,1,26,27,17,344,361
02518400,THE NATIONAL HISPANIC UNIVERSITY        ,CA,95127-0000,Proprietary  ,39,148,187,311,557,868
02519800,AVANCE BEAUTY COLLEGE                   ,CA,92154-0000,Proprietary  ,16,57,73,74,131,205
02520200,CALIFORNIA CAREER SCHOOLS               ,CA,92805-0000,Proprietary  ,7,44,51,54,166,220
02520300,INTERIOR DESIGNERS INSTITUTE            ,CA,92660-0000,Proprietary  ,13,48,61,40,132,172
02520400,ADRIAN'S BEAUTY COLLEGE OF TURLOCK      ,CA,95382-0000,Proprietary  ,16,52,68,107,161,268
02537200,PALOMAR INSTITUTE OF COSMETOLOGY        ,CA,92069-0000,Proprietary  ,43,78,121,138,227,365
02539100,KAPLAN COLLEGE                          ,CA,91606-3231,Proprietary  ,89,181,270,494,1117,1611
02539102,KAPLAN COLLEGE -  RIVERSIDE             ,CA,92507-4223,Proprietary  ,78,173,251,329,697,1026
02539500,IRVINE VALLEY COLLEGE                   ,CA,92620-0000,Public       ,663,1092,1755,4530,3987,8517
02542300,NATIONAL HOLISTIC INSTITUTE             ,CA,94608-0000,Proprietary  ,57,242,299,190,717,907
02543400,BROWNSON TECHNICAL SCHOOL               ,CA,92805-0000,Proprietary  ,17,101,118,45,195,240
02545900,HYPNOSIS MOTIVATION INSTITUTE           ,CA,91356-0000,Private      ,1,43,44,3,99,102
02546400,MTI BUSINESS COLLEGE INC                ,CA,95207-0000,Proprietary  ,15,60,75,47,154,201
02549000,KAPLAN COLLEGE                          ,CA,92083-7736,Proprietary  ,95,237,332,390,1074,1464
02549005,KAPLAN COLLEGE -  PALM SPRINGS          ,CA,92262-7011,Proprietary  ,63,142,205,264,530,794
02553500,ASSOCIATED TECHNICAL COLLEGE            ,CA,92101-0000,Proprietary  ,15,70,85,80,230,310
02553600,DIVERSIFIED LANGUAGE INSTITUTE          ,CA,90017-0000,Proprietary  ,17,226,243,53,614,667
02559300,UNITED EDUCATION INSTITUTE              ,CA,90020-0000,Proprietary  ,1399,2498,3897,2906,6276,9182
02559400,INTERCOAST COLLEGES                     ,CA,92868-1656,Proprietary  ,78,680,758,212,2065,2277
02565400,KAPLAN COLLEGE                          ,CA,95207-6216,Proprietary  ,41,130,171,280,682,962
02570300,LOS ANGELES ORT COLLEGE                 ,CA,90048-0000,Private      ,32,186,218,115,472,587
02577900,SANTA BARBARA BUSINESS COLLEGE          ,CA,93309-1664,Proprietary  ,89,204,293,501,1032,1533
02578000,SANTA BARBARA BUSINESS COLLEGE          ,CA,93454-6943,Proprietary  ,29,73,102,197,393,590
02584200,NEWBRIDGE COLLEGE                       ,CA,92701-0000,Proprietary  ,88,209,297,211,557,768
02591600,NORTH-WEST COLLEGE                      ,CA,91101-1744,Proprietary  ,21,78,99,63,181,244
02593100,HEALD COLLEGE                           ,CA,95678-5303,Proprietary  ,102,328,430,626,1981,2607
02593200,HEALD COLLEGE                           ,CA,95035-8008,Proprietary  ,190,482,672,717,1925,2642
02593300,HEALD COLLEGE                           ,CA,95210-5667,Proprietary  ,149,440,589,1027,2545,3572
02595600,ASIAN AMERICAN INTERNATIONAL BTY CG     ,CA,92683-4043,Proprietary  ,17,43,60,21,48,69
02597300,SOUTH BAYLO UNIVERSITY                  ,CA,92801-1701,Private      ,2,67,69,9,266,275
02602300,CENTRAL COAST COLLEGE                   ,CA,93901-3301,Proprietary  ,38,63,101,217,278,495
02608900,PINNACLE COLLEGE                        ,CA,91803-8842,Proprietary  ,12,26,38,58,84,142
02608901,PINNACLE COLLEGE - SACRAMENTO           ,CA,95670-6386,Proprietary  ,28,32,60,67,100,167
02609000,EMPERORS COLG OF TRAD ORIENTAL MED      ,CA,90403-5609,Proprietary  ,1,63,64,16,189,205
02612800,LOS ANGELES RECORDING SCHOOL            ,CA,90028-3112,Proprietary  ,74,95,169,397,367,764
03010611,VIRGINIA COLLEGE - GOLF ACADEMY OF AMERI,CA,92008-6512,Proprietary  ,17,85,102,83,288,371
03011300,"CALIF STATE UNIV, SAN MARCOS            ",CA,92096-0001,Public       ,311,636,947,11858,6526,18384
03019900,CAPSTONE COLLEGE                        ,CA,91402-4924,Proprietary  ,10,33,43,17,54,71
03025600,DELL'ARTE SCH OF PHYSICAL THEATRE       ,CA,95525-0816,Private      ,0,7,7,5,41,46
03027700,PACIFIC COLLEGE OF ORIENTAL MED         ,CA,92108-4408,Proprietary  ,13,115,128,53,579,632
03029600,POMONA ADULT SCHOOL                     ,CA,91766-0000,Public       ,29,89,118,72,203,275
03031409,INTERNATIONAL ACADEMY OF DESIGN AND TECH,CA,95834-9664,Proprietary  ,43,89,132,301,570,871
03034000,HEALD COLLEGE                           ,CA,93906-5100,Proprietary  ,120,209,329,835,1570,2405
03035700,LAS POSITAS COLLEGE                     ,CA,94551-6750,Public       ,305,497,802,2529,2323,4852
03039900,FREMONT COLLEGE                         ,CA,90703-5342,Proprietary  ,36,100,136,223,408,631
03043900,NEWSCHOOL OF ARCHITECTURE & DESIGN      ,CA,92101-6634,Proprietary  ,27,110,137,340,588,928
03044500,KAPLAN COLLEGE                          ,CA,91402-4222,Proprietary  ,24,38,62,99,210,309
03054100,ROYALE COLLEGE OF BEAUTY                ,CA,92590-2525,Proprietary  ,20,24,44,57,64,121
03062300,WESTECH COLLEGE                         ,CA,91764-4988,Proprietary  ,56,243,299,121,574,695
03062400,MT DIABLO ADULT EDUC LOMA VISTA CTR     ,CA,94518-1122,Public       ,17,65,82,73,195,268
03062700,PLATT COLLEGE                           ,CA,90041-0000,Proprietary  ,54,81,135,214,302,516
03062701,PLATT COLLEGE                           ,CA,91764-0000,Proprietary  ,67,102,169,318,498,816
03063400,MODERN TECHNOLOGY SCHOOL                ,CA,92708-9821,Proprietary  ,11,39,50,48,159,207
03067400,BALDWIN PARK ADULT SCHOOL               ,CA,91706-4897,Public       ,54,146,200,140,351,491
03067500,INSTITUTE OF TECHNOLOGY                 ,CA,93612-3217,Proprietary  ,294,866,1160,968,2977,3945
03067501,INSTITUTE OF TECHNOLOGY - MODESTO BRANCH,CA,95356-9000,Proprietary  ,0,1,1,0,1,1
03069500,SAGE COLLEGE                            ,CA,92557-6720,Proprietary  ,40,193,233,134,683,817
03072300,EVEREST COLLEGE                         ,CA,91761-3222,Proprietary  ,86,200,286,378,757,1135
03072700,WESTWOOD COLLEGE - LOS ANGELES          ,CA,90010-1577,Proprietary  ,194,995,1189,1554,4521,6075
03074900,MARTINEZ ADULT CENTER                   ,CA,94553-3298,Public       ,2,18,20,5,65,70
03078200,AMERICAN CLG TRADITIONAL CHINESE MD     ,CA,94107-2813,Private      ,0,52,52,7,284,291
03084700,VENTURA ADULT\CONTINUING EDUCATION      ,CA,93003-7313,Public       ,17,59,76,56,153,209
03094400,ELITE PROGRESSIVE SCHOOL OF COSM        ,CA,95841-2909,Proprietary  ,82,154,236,201,363,564
03097700,CENTRAL CALIF SCH CONTINUING EDUC       ,CA,93401-6739,Proprietary  ,16,61,77,49,195,244
03098200,YO SAN UNIV TRADITIONAL CHINESE MED     ,CA,90066-1103,Private      ,0,51,51,6,167,173
03108100,SUMMIT CAREER COLLEGE                   ,CA,92324-3956,Proprietary  ,127,474,601,298,1105,1403
03109500,DONGGUK  UNIVERSITY LOS ANGELES         ,CA,90020-1765,Private      ,2,23,25,9,94,103
03113300,UEI COLLEGE                             ,CA,93727-1620,Proprietary  ,102,329,431,270,765,1035
03113600,SOUTHERN CALIFORNIA INST OF TECHNOL     ,CA,92805-3758,Proprietary  ,31,148,179,102,629,731
03116600,EAST SAN GABRIEL VLY REG OCCUP PROG     ,CA,91790-2105,Public       ,47,292,339,134,718,852
03125300,JOHN WESLEY INTER. BARBER & BTY CLG     ,CA,90813-4321,Proprietary  ,21,57,78,52,121,173
03125400,ART INSTITUTE OF CALIFORNIA-HOLLYWOOD (T,CA,91601-3112,Proprietary  ,320,364,684,2887,2345,5232
03125800,PREMIERE CAREER COLLEGE                 ,CA,91706-3746,Proprietary  ,53,109,162,133,306,439
03126800,PACIFICA GRADUATE INSTITUTE             ,CA,93013-0000,Proprietary  ,0,283,283,2,981,983
03128700,MT SIERRA COLLEGE                       ,CA,91016-3414,Proprietary  ,79,90,169,410,455,865
03131300,FIVE BRANCHES UNIVERSITY                ,CA,95062-4669,Private      ,3,66,69,49,372,421
03144400,AMERICAN CLG OF HEALTH PROFESSIONS      ,CA,92505-3038,Proprietary  ,36,182,218,153,550,703
03150500,VIRGINIA SEWING MACHINES & SCH CTR      ,CA,90015-3535,Proprietary  ,1,13,14,3,39,42
03162300,FOUR-D SUCCESS ACADEMY                  ,CA,92324-4218,Proprietary  ,77,358,435,179,844,1023
03163300,PACIFIC STATES UNIVERSITY               ,CA,90006-0000,Private      ,2,7,9,30,42,72
03195400,EVEREST COLLEGE                         ,CA,90501-2867,Proprietary  ,18,60,78,93,188,281
03210300,LE CORDON BLEU COLLEGE OF CULINARY ARTS ,CA,91101-5221,Proprietary  ,819,2084,2903,2989,7230,10219
03225300,AMERICAN UNIVERSITY OF HEALTH SCIENCES  ,CA,90755-3612,Proprietary  ,23,44,67,99,222,321
03242300,CAREER NETWORK INSTITUTE                ,CA,92868-4710,Proprietary  ,44,158,202,86,393,479
03250300,COMMUNITY BASED EDUCATION AND DEVEL     ,CA,90036-1137,Private      ,20,72,92,51,153,204
03260300,CALIFORNIA STATE U-MONTEREY BAY         ,CA,93955-8001,Public       ,205,385,590,9185,3211,12396
03266300,BETHESDA UNIVERSITY OF CALIFORNIA       ,CA,92801-4132,Private      ,14,45,59,68,118,186
03278300,CLARITA CAREER COLLEGE                  ,CA,91351-5432,Proprietary  ,266,493,759,516,1163,1679
03288300,ACAD CHINESE CULTURE & HEALTH SCIS      ,CA,94512-0000,Private      ,6,61,67,16,139,155
03299300,PACIFIC COLLEGE                         ,CA,92626-3160,Proprietary  ,21,140,161,71,400,471
03308300,KENSINGTON COLLEGE                      ,CA,92705-8708,Proprietary  ,0,6,6,5,29,34
03327400,ACUPUNCTURE AND INTEGRATIVE MEDICINE COL,CA,94704-2724,Private      ,3,56,59,24,250,274
03332300,SOUTHERN CA BIBLE CLG & SEMINARY        ,CA,92019-1109,Private      ,0,49,49,7,175,182
03359300,ST. FRANCIS CAREER COLLEGE              ,CA,90262-2659,Private      ,11,25,36,68,180,248
03367300,PROFESSIONAL GOLFERS CAREER COLLEGE     ,CA,92591-6013,Proprietary  ,32,62,94,175,297,472
03395300,INTERNATIONAL CAREER DEVELOPMENT        ,CA,90027-5794,Proprietary  ,268,2144,2412,593,4854,5447
03399300,NORTHWESTERN TECHNICAL COLLEGE          ,CA,95670-4443,Proprietary  ,48,122,170,134,518,652
03403300,TRINITY LIFE BIBLE COLLEGE              ,CA,95842-0000,Private      ,13,124,137,80,426,506
03413400,ENGLISH CENTER  (THE)                   ,CA,94607-3734,Private      ,12,84,96,28,159,187
03427400,CAREER COLLEGES OF AMERICA              ,CA,90280-7420,Proprietary  ,144,482,626,368,1343,1711
03427500,ANTELOPE VALLEY MEDICAL COLLEGE         ,CA,93534-3324,Proprietary  ,136,269,405,500,1019,1519
03440400,MARIAN HEALTH CAREERS CENTER            ,CA,90010-1728,Proprietary  ,21,43,64,55,147,202
03441400,VALLEY CAREER COLLEGE                   ,CA,92020-3057,Proprietary  ,29,72,101,106,262,368
03458300,MY LE'S BEAUTY COLLEGE                  ,CA,95824-3039,Proprietary  ,17,93,110,67,178,245
03467300,MARINELLO SCHOOL OF BEAUTY              ,CA,92545-3661,Proprietary  ,65,160,225,169,355,524
03467301,CALIFORNIA BEAUTY COLLEGE - DESERT HOT S,CA,92240-1307,Proprietary  ,0,2,2,5,12,17
03479300,PROFESSIONAL CAREER INSTITUTE           ,CA,90703-2522,Proprietary  ,15,25,40,67,102,169
03485400,JAMES ALBERT SCHOOL OF COSMETOLOGY      ,CA,92627-3831,Proprietary  ,40,65,105,100,149,249
03516300,KING'S UNIVERSITY (THE)                 ,CA,91405-2233,Private      ,37,137,174,87,333,420
03532400,ADVANCED TRAINING ASSOCIATES            ,CA,92020-1236,Proprietary  ,9,35,44,27,91,118
03542400,COPPER MOUNTAIN COLLEGE                 ,CA,92252-6102,Public       ,140,403,543,668,1870,2538
03577300,COBA ACADEMY                            ,CA,92866-1407,Proprietary  ,14,27,41,36,48,84
03590400,NTMA TRAINING CENTERS OF SOUTHERN C     ,CA,90650-6099,Private      ,38,188,226,83,382,465
03592400,IRELL & MANELLA GRADUATE SCHOOL OF BIOLO,CA,91010-0000,Private      ,1,0,1,3,7,10
03598300,AVALON BEAUTY COLLEGE                   ,CA,93103-3137,Proprietary  ,23,37,60,93,100,193
03614300,UNITED BEAUTY COLLEGE                   ,CA,91733-0000,Proprietary  ,7,100,107,10,124,134
03639300,WEST COAST ULTRASOUND INSTITUTE         ,CA,90211-3312,Proprietary  ,65,237,302,322,1129,1451
03646300,DESIGN'S SCHOOL OF COSMETOLOGY          ,CA,93446-1471,Proprietary  ,25,36,61,50,109,159
03681300,CALIFORNIA HEALING ARTS COLLEGE         ,CA,90025-2589,Proprietary  ,21,55,76,67,169,236
03695300,COMMUNITY ENHANCEMENT SERVICES          ,CA,91502-2750,Private      ,3,56,59,11,86,97
03695700,SANTIAGO CANYON COLLEGE                 ,CA,92869-4512,Public       ,539,564,1103,2819,2138,4957
03696300,UNIVERSITY OF THE WEST                  ,CA,91770-3709,Private      ,0,12,12,12,63,75
03698300,WEST COAST UNIVERSITY                   ,CA,91606-3206,Proprietary  ,425,750,1175,1485,2826,4311
03698400,CA COLLEGE OF VOCATIONAL CAREER         ,CA,93301-1800,Proprietary  ,10,96,106,112,337,449
03736300,ADVANCE BEAUTY COLLEGE                  ,CA,92843-4752,Proprietary  ,27,127,154,66,320,386
03740400,ATI COLLEGE                             ,CA,90650-0000,Proprietary  ,30,98,128,83,221,304
03759300,COMPUTER TUTOR BUSINESS & TECH INST     ,CA,95356-0000,Proprietary  ,24,58,82,68,160,228
03786300,ADVANCED COLLEGE                        ,CA,90280-5255,Proprietary  ,20,106,126,87,360,447
03797400,CAREER CARE INSTITUTE                   ,CA,93534-4766,Proprietary  ,52,117,169,238,674,912
03797401,CAREER CARE INSTITUTE - VENTURA         ,CA,93003-0000,Proprietary  ,3,17,20,34,81,115
03797402,CAREER CARE INSTITUTE - MORENO VALLEY   ,CA,92553-7519,Proprietary  ,1,35,36,26,87,113
03814400,SOKA UNIVERSITY OF AMERICA              ,CA,92656-8081,Private      ,1,12,13,494,62,556
03852500,CIT COLLEGE OF INFOMEDICAL TECHNOLOGY   ,CA,92831-3703,Proprietary  ,30,107,137,97,404,501
03853300,KECK GRADUATE INSTITUTE OF APPLIED LIFE ,CA,91711-4817,Private      ,1,27,28,6,130,136
03853400,LADERA CAREER PATHS TRAINING CENTERS    ,CA,90045-1931,Proprietary  ,1,16,17,6,38,44
03868300,WORLD MISSION UNIVERSITY                ,CA,90020-1789,Private      ,1,29,30,6,81,87
03868400,LOS ANGELES MUSIC ACADEMY               ,CA,91105-2540,Proprietary  ,22,25,47,148,121,269
03871300,FOLSOM LAKE COLLEGE                     ,CA,95630-6798,Public       ,260,645,905,2796,3678,6474
03874300,CAMBRIDGE JUNIOR COLLEGE                ,CA,95993-0000,Proprietary  ,18,103,121,107,327,434
03874400,COMMMUNITY CHRISTIAN COLLEGE            ,CA,92373-4465,Private      ,28,37,65,158,142,300
03889300,STANBRIDGE COLLEGE                      ,CA,92612-0000,Proprietary  ,51,184,235,160,733,893
03901300,PACIFIC COAST TRADE SCHOOL              ,CA,93033-2441,Proprietary  ,15,84,99,36,145,181
03910400,NATIONAL POLYTECHNIC COLLEGE            ,CA,90040-3066,Proprietary  ,21,57,78,50,128,178
03933300,MUELLER COLLEGE OF HOLISTIC STUDIES     ,CA,92116-2630,Proprietary  ,14,99,113,48,285,333
03935300,CALIFORNIA NURSES EDUCATIONAL INSTITUTE ,CA,92234-7248,Proprietary  ,19,59,78,59,163,222
03962300,AMERICAN INSTITUTE OF MASSAGE THERAPY   ,CA,92705-5463,Proprietary  ,3,20,23,36,74,110
03964400,INTERNATIONAL SCHOOL OF BEAUTY          ,CA,92260-2740,Proprietary  ,21,61,82,91,187,278
03969600,AMERICAN AUTO INSTITUTE                 ,CA,90703-2637,Proprietary  ,283,590,873,596,1240,1836
03971300,AMERICAN CAREER COLLEGE                 ,CA,91764-4906,Proprietary  ,220,408,628,791,1554,2345
03973300,EX'PRESSION COLLEGE FOR DIGTAL ARTS     ,CA,94608-1021,Proprietary  ,125,153,278,723,657,1380
03974500,CALIFORNIA CAREER COLLEGE               ,CA,91303-2006,Proprietary  ,4,39,43,33,134,167
03980300,CALIFORNIA STATE UNIVERSITY CHANNEL ISLA,CA,93012-8599,Public       ,144,256,400,5793,2527,8320
03995300,UNIVERSITY OF EAST-WEST MEDICINE        ,CA,94087-6106,Proprietary  ,1,17,18,10,57,67
03999300,BEAUMONT ADULT SCHOOL                   ,CA,92223-1927,Public       ,12,36,48,34,129,163
04001300,PALACE BEAUTY COLLEGE                   ,CA,90006-4233,Proprietary  ,29,66,95,66,122,188
04001400,MOJAVE BARBER COLLEGE                   ,CA,92395-3201,Proprietary  ,18,27,45,32,76,108
04003300,CSI CAREER COLLEGE                      ,CA,95687-3100,Proprietary  ,38,114,152,140,447,587
04004300,THUY PRINCESS BEAUTY COLLEGE            ,CA,91766-0000,Proprietary  ,10,54,64,19,62,81
04005300,INTERAMERICAN COLLEGE                   ,CA,91950-4437,Proprietary  ,4,75,79,18,270,288
04014400,PALLADIUM TECHNICAL ACADEMY             ,CA,91731-2429,Proprietary  ,9,34,43,16,73,89
04023400,PROTEUS                                 ,CA,93291-3014,Private      ,1,10,11,8,47,55
04037300,LOS ANGELES FILM SCHOOL (THE)           ,CA,90028-7300,Proprietary  ,391,534,925,1392,1803,3195
04049300,MAXINE WATERS EMPLOYMENT PREPARATION CEN,CA,90059-1023,Public       ,8,44,52,39,141,180
04056300,CAREER COLLEGE OF CALIFORNIA            ,CA,92705-5805,Proprietary  ,25,74,99,66,197,263
04057300,TECHSKILLS OF CALIFORNIA                ,CA,95815-4025,Proprietary  ,35,214,249,110,595,705
04076400,GNOMON SCHOOL OF VISUAL EFFECTS         ,CA,90038-2616,Proprietary  ,11,41,52,74,169,243
04092300,COASTLINE BEAUTY COLLEGE                ,CA,92708-3847,Proprietary  ,12,77,89,32,141,173
04092400,MAKE-UP DESIGNORY                       ,CA,91502-1322,Proprietary  ,80,95,175,289,364,653
04100400,TAFT UNIVERSITY SYSTEM (THE)            ,CA,92704-6954,Proprietary  ,1,105,106,2,401,403
04109300,ACADEMY OF BARBERING ARTS (THE)         ,CA,91324-3406,Proprietary  ,38,90,128,92,149,241
04111300,WEST HILLS COLLEGE LEMOORE              ,CA,93245-9248,Public       ,204,534,738,1763,2662,4425
04114500,VALLEY COLLEGE OF MEDICAL CAREERS       ,CA,91304-2354,Proprietary  ,13,51,64,62,147,209
04115300,COACHELLA VALLEY BEAUTY COLLEGE         ,CA,92253-2051,Proprietary  ,9,18,27,42,67,109
04115600,MAYFIELD COLLEGE                        ,CA,92234-7014,Proprietary  ,35,110,145,97,309,406
04116000,VIDEO SYMPHONY ENTERTRAINING            ,CA,91502-3253,Proprietary  ,14,75,89,79,267,346
04118800,NEW YORK FILM ACADEMY                   ,CA,91608-1002,Proprietary  ,130,225,355,751,965,1716
04119200,CAREER COLLEGE CONSULTANTS              ,CA,90041-2088,Proprietary  ,11,48,59,30,115,145
04126400,CHAMPION INSTITUTE OF COSMETOLOGY       ,CA,92264-7458,Proprietary  ,7,15,22,26,48,74
04126500,COAST CAREER INSTITUTE                  ,CA,90015-3040,Proprietary  ,66,277,343,123,547,670
04127100,"UNIVERSITY OF CALIFORNIA, MERCED        ",CA,95343-5001,Public       ,95,83,178,11430,1914,13344
04127800,HEALTHY HAIR ACADEMY                    ,CA,90303-3137,Proprietary  ,13,21,34,34,90,124
04127900,TUI UNIVERSITY                          ,CA,90630-5023,Proprietary  ,9,684,693,29,2418,2447
04129700,INTERNATIONAL POLYTECHNIC INSTITUTE     ,CA,92231-1737,Private      ,22,32,54,30,46,76
04132300,INSTITUTE OF MEDICAL EDUCATION          ,CA,95113-2207,Proprietary  ,45,170,215,189,793,982
04132400,ACADEMY OF ESTHETICS AND COSMETOLOGY    ,CA,91342-3373,Proprietary  ,7,27,34,39,80,119
04132700,INFOTECH CAREER COLLEGE                 ,CA,90706-5579,Proprietary  ,23,73,96,63,212,275
04133000,BIOHEALTH COLLEGE                       ,CA,95134-2033,Proprietary  ,8,74,82,39,178,217
04134500,CAREER COLLEGE OF SAN DIEGO             ,CA,92102-3348,Proprietary  ,14,107,121,85,282,367
04134700,INTERNATL PROFESSIONAL SCHL OF BODYWORK ,CA,92123-1520,Proprietary  ,14,60,74,41,244,285
04137200,BORNER'S BARBER COLLEGE                 ,CA,90047-3856,Proprietary  ,9,30,39,31,58,89
04138700,CAO INSTITUTE OF AESTHETICS (THE)       ,CA,91801-3903,Proprietary  ,24,44,68,71,119,190
04140500,HORIZON COLLEGE SAN DIEGO               ,CA,92131-9906,Private      ,9,29,38,32,80,112
04140600,MODERN INSTITUTE OF TECHNOLOGY          ,CA,93036-1387,Proprietary  ,1,7,8,17,31,48
04141300,SAN FRANCISCO INSTITUTE OF ESTHETICS    ,CA,94103-4083,Proprietary  ,30,67,97,115,222,337
04141400,LAURUS COLLEGE                          ,CA,93401-5405,Proprietary  ,38,180,218,74,377,451
04141700,HEALING HANDS SCHOOL OF HOLISTIC HEALTH ,CA,92025-1722,Proprietary  ,8,36,44,23,122,145
04142500,TOURO COLLEGE LOS ANGELES               ,CA,90046-4506,Private      ,12,27,39,65,46,111
04142600,TOURO UNIVERSITY                        ,CA,94592-1118,Private      ,2,183,185,28,2632,2660
04143800,WOODLAND COMMUNITY COLLEGE              ,CA,95776-5156,Public       ,126,274,400,1158,1432,2590
04144200,CAREER DEVELOPMENT INSTITUTE            ,CA,90035-4364,Proprietary  ,2,29,31,13,104,117
04145000,SAN DIEGO CULINARY INSTITUTE            ,CA,91941-6435,Proprietary  ,31,107,138,223,366,589
04145600,INTERNATIONAL COLLEGE OF COSMETOLOGY    ,CA,94601-3525,Proprietary  ,17,53,70,38,138,176
04146000,NATIONAL CAREER COLLEGE                 ,CA,91605-1400,Proprietary  ,0,21,21,11,51,62
04148200,BEYOND 21ST CENTURY BEAUTY ACADEMY      ,CA,90670-6316,Proprietary  ,15,15,30,29,48,77
04148900,N CALIF INSTITUTE OF COSMETOLOGY        ,CA,94577-2820,Proprietary  ,4,28,32,5,59,64
04149700,HOMESTEAD SCHOOLS                       ,CA,90505-5945,Private      ,28,68,96,50,173,223
04150000,CENTRAL NURSING COLLEGE                 ,CA,90010-2444,Proprietary  ,15,54,69,116,216,332
04150100,GOLDEN STATE COLLEGE OF COURT REPORTING ,CA,94568-2948,Proprietary  ,2,7,9,9,58,67
04150300,RWM FIBER OPTICS                        ,CA,90746-1051,Proprietary  ,2,16,18,6,43,49
04150500,"PREFERRED COLLEGE OF NURSING, LOS ANGELE",CA,90010-2202,Proprietary  ,19,63,82,95,211,306
04152800,CALIFORNIA ACADEMY (THE) - A PAUL MITCHE,CA,95825-2276,Proprietary  ,67,123,190,252,393,645
04153900,PROVIDENCE CHRISTIAN COLLEGE            ,CA,91104-2635,Private      ,4,5,9,69,26,95
04154300,AMERICANA COLLEGE                       ,CA,90029-3765,Proprietary  ,1,12,13,19,38,57
04154400,FRANKLIN CAREER COLLEGE                 ,CA,91761-1522,Proprietary  ,12,55,67,23,123,146
04155500,"ACADEMY FOR JEWISH RELIGION, CALIFORNIA ",CA,90024-3234,Private      ,1,9,10,11,56,67
04156100,DIOR SCHOOL OF COSMETOLOGY              ,CA,95355-9695,Proprietary  ,22,60,82,93,144,237
04158200,PAUL MITCHELL THE SCHOOL SHERMAN OAKS   ,CA,91403-5882,Proprietary  ,72,74,146,200,235,435
04158700,HOLLYWOOD BEAUTY COLLEGE                ,CA,95210-3514,Proprietary  ,40,110,150,94,188,282
04159600,GALAXY MEDICAL COLLEGE                  ,CA,91606-1593,Proprietary  ,2,11,13,11,25,36
04159700,AMERICAN MEDICAL SCIENCES CENTER        ,CA,91204-5108,Proprietary  ,14,36,50,58,88,146
04160100,TRINITY VOCATIONAL CENTER               ,CA,90248-4334,Proprietary  ,10,38,48,42,142,184
04160400,ANGELES COLLEGE OF NURSING              ,CA,90010-2100,Proprietary  ,21,76,97,265,389,654
04161700,SHASTA SCHOOL OF COSMETOLOGY            ,CA,96003-0000,Proprietary  ,19,32,51,62,111,173
04161800,BRANDMAN UNIVERSITY                     ,CA,92618-3801,Private      ,93,1924,2017,348,5981,6329
04162800,S.I.C.E PAUL MITCHELL PARTNER SCHOOL    ,CA,95350-1440,Proprietary  ,63,84,147,232,253,485
04163400,COSMO BEAUTY ACADEMY                    ,CA,95605-1904,Proprietary  ,11,40,51,131,224,355
04163900,L.A. BARBER COLLEGE                     ,CA,90013-1121,Proprietary  ,11,36,47,43,92,135
04164400,ANGELES INSTITUTE                       ,CA,90712-2903,Proprietary  ,31,24,55,65,119,184
04165900,PAUL MITCHELL THE SCHOOL FRESNO         ,CA,93710-7617,Proprietary  ,63,63,126,223,223,446
04167000,ESTHETIQUES COSMETOLOGY INSTITUTE       ,CA,92591-4663,Proprietary  ,81,90,171,174,190,364
04169200,TRAMY BEAUTY SCHOOL                     ,CA,92115-6347,Proprietary  ,13,118,131,41,148,189
04169700,UNITEK COLLEGE                          ,CA,94538-3185,Proprietary  ,62,261,323,170,746,916
04169800,GURNICK ACADEMY OF MEDICAL ARTS         ,CA,94403-1849,Proprietary  ,69,304,373,198,987,1185
04172000,SOUTHERN CALIFORNIA UNIVERSITY SOMA     ,CA,90017-2211,Proprietary  ,8,24,32,79,115,194
04173400,SANTA ANA BEAUTY ACADEMY                ,CA,92705-7820,Proprietary  ,1,19,20,24,35,59
04173500,MORENO VALLEY COLLEGE                   ,CA,92551-2204,Public       ,707,1203,1910,914,1593,2507
04175200,PAUL MITCHELL THE SCHOOL EAST BAY       ,CA,94523-5515,Proprietary  ,69,55,124,170,173,343
04175400,ELITE COSMETOLOGY SCHOOL                ,CA,92284-2860,Proprietary  ,8,22,30,30,87,117
04176100,NORCO COLLEGE                           ,CA,92860-2600,Public       ,659,782,1441,850,1037,1887
04176200,TWIN RIVERS ADULT SCHOOL                ,CA,95660-5523,Public       ,12,153,165,31,417,448
04176300,BERGIN UNIVERSITY OF CANINE STUDIES     ,CA,95407-6834,Private      ,3,10,13,28,55,83
04177200,REAL BARBERS COLLEGE (THE)              ,CA,92805-2533,Proprietary  ,28,50,78,41,78,119
04178900,HANDS-ON MEDICAL MASSAGE SCHOOL         ,CA,92373-6271,Proprietary  ,3,16,19,21,58,79
04180000,CINTA AVEDA INSTITUTE                   ,CA,94108-3204,Proprietary  ,21,68,89,83,222,305
04181200,IPPT CAREER SCHOOL                      ,CA,91601-2028,Proprietary  ,21,104,125,28,181,209
04185200,SALINAS BEAUTY COLLEGE                  ,CA,93901-2405,Proprietary  ,7,17,24,21,32,53
04185500,ACADEMY OF COUTURE ART                  ,CA,90069-5701,Proprietary  ,7,19,26,7,19,26
04185600,MEDICAL ALLIED CAREER CENTER            ,CA,90670-4710,Proprietary  ,9,48,57,9,48,57
04185700,ACADEMY FOR SALON PROFESSIONALS (THE)   ,CA,95050-4057,Proprietary  ,25,59,84,39,98,137
04186900,"INTERNATIONAL COLLEGE OF BEAUTY, ARTS & ",CA,90039-1012,Proprietary  ,3,16,19,3,16,19
04189300,ALLIED AMERICAN UNIVERSITY              ,CA,92653-1337,Proprietary  ,0,5,5,0,5,5
04189800,ACADEMY FOR SALON PROFESSIONALS         ,CA,91304-2305,Proprietary  ,12,23,35,26,49,75
04193700,JOHN PAUL THE GREAT CATHOLIC UNIVERSITY ,CA,92131-1652,Private      ,36,14,50,36,14,50
00184600,BRIAR CLIFF UNIVERSITY                  ,IA,51104-2100,Private      ,69,108,177,1217,525,1742
00184700,BUENA VISTA UNIVERSITY                  ,IA,50588-9987,Private      ,94,368,462,1564,1887,3451
00184800,SOUTHEASTERN COMMUNITY COLLEGE          ,IA,52655-0000,Public       ,272,602,874,1142,1977,3119
00185000,CENTRAL COLLEGE                         ,IA,50219-1999,Private      ,59,18,77,2389,149,2538
00185200,CLARKE UNIVERSITY                       ,IA,52001-3198,Private      ,50,85,135,1043,541,1584
00185400,COE COLLEGE                             ,IA,52402-5092,Private      ,36,26,62,2103,244,2347
00185500,DES MOINES UNIV-OSTEOPATHIC MED CTR     ,IA,50312-0000,Private      ,1,140,141,14,1805,1819
00185600,CORNELL COLLEGE                         ,IA,52314-1098,Private      ,24,10,34,1968,107,2075
00185700,SOUTHWESTERN COMMUNITY COLLEGE          ,IA,50801-1098,Public       ,117,245,362,638,798,1436
00185800,DIVINE WORD COLLEGE                     ,IA,52045-0380,Private      ,9,16,25,17,21,38
00185900,DORDT COLLEGE                           ,IA,51250-1697,Private      ,35,14,49,1519,98,1617
00186000,DRAKE UNIVERSITY                        ,IA,50311-4505,Private      ,124,255,379,4717,2308,7025
00186200,ELLSWORTH COMMUNITY COLLEGE             ,IA,50126-1199,Public       ,99,112,211,721,369,1090
00186400,IOWA LAKES COMMUNITY COLLEGE            ,IA,51334-2234,Public       ,191,471,662,1219,1382,2601
00186500,IOWA CENTRAL COMMUNITY COLLEGE          ,IA,50501-0000,Public       ,451,863,1314,2492,3028,5520
00186600,GRACELAND UNIVERSITY                    ,IA,50140-1699,Private      ,140,284,424,1145,1313,2458
00186700,GRAND VIEW UNIVERSITY                   ,IA,50316-1599,Private      ,81,240,321,2019,1398,3417
00186800,GRINNELL COLLEGE                        ,IA,50112-1690,Private      ,31,6,37,2180,62,2242
00186900,IOWA STATE UNIV SCIENCE & TECHNOLOG     ,IA,50011-2028,Public       ,802,668,1470,22644,5969,28613
00187100,IOWA WESLEYAN COLLEGE                   ,IA,52641-1398,Private      ,68,80,148,814,396,1210
00187300,LORAS COLLEGE                           ,IA,52004-0178,Private      ,78,29,107,1910,170,2080
00187400,LUTHER COLLEGE                          ,IA,52101-1045,Private      ,63,9,72,3305,98,3403
00187500,MARSHALLTOWN COMMUNITY COLLEGE          ,IA,50158-4760,Public       ,116,251,367,697,1037,1734
00187700,NORTH IOWA AREA COMMUNITY COLLEGE       ,IA,50401-7299,Public       ,276,409,685,1403,1311,2714
00187900,MORNINGSIDE COLLEGE                     ,IA,51106-1751,Private      ,56,151,207,1888,570,2458
00188000,MOUNT MERCY UNIVERSITY                  ,IA,52402-4797,Private      ,71,202,273,1018,985,2003
00188100,ASHFORD UNIVERSITY                      ,IA,52732-3910,Proprietary  ,965,30478,31443,3433,101751,105184
00188300,NORTHWESTERN COLLEGE                    ,IA,51041-1996,Private      ,56,19,75,1579,131,1710
00188700,SIMPSON COLLEGE                         ,IA,50125-1297,Private      ,68,138,206,2144,623,2767
00188900,ST AMBROSE UNIVERSITY                   ,IA,52803-2898,Private      ,224,286,510,2888,1314,4202
00189000,UNIVERSITY OF NORTHERN IOWA             ,IA,50614-0002,Public       ,910,596,1506,10666,3073,13739
00189100,UNIVERSITY OF DUBUQUE                   ,IA,52001-5099,Private      ,99,108,207,1876,702,2578
00189200,UNIVERSITY OF IOWA                      ,IA,52242-1316,Public       ,942,1175,2117,20016,10219,30235
00189300,UPPER IOWA UNIVERSITY                   ,IA,52142-9206,Private      ,180,1530,1710,1451,4823,6274
00189500,WALDORF COLLEGE                         ,IA,50436-1700,Proprietary  ,90,99,189,812,363,1175
00189600,WARTBURG COLLEGE                        ,IA,50677-2200,Private      ,54,12,66,2441,108,2549
00189700,WARTBURG THEOLOGICAL SEMINARY           ,IA,52004-5004,Private      ,0,8,8,1,119,120
00190000,WILLIAM PENN UNIVERSITY                 ,IA,52577-1799,Private      ,113,209,322,1226,1217,2443
00396300,AIB COLLEGE OF BUSINESS                 ,IA,50321-1799,Private      ,34,145,179,548,747,1295
00407500,ESTRN IOWA COMMUNITY COLLEGE DIST       ,IA,52801-1221,Public       ,25,107,132,128,411,539
00407501,CLINTON COMMUNITY COLLEGE               ,IA,52732-0000,Public       ,116,303,419,449,953,1402
00407502,MUSCATINE COMMUNITY COLLEGE             ,IA,52761-0000,Public       ,104,223,327,509,727,1236
00407503,SCOTT COMMUNITY COLLEGE                 ,IA,52722-0000,Public       ,434,1040,1474,1473,3289,4762
00407600,KIRKWOOD COMMUNITY COLLEGE              ,IA,52406-2068,Public       ,1430,2745,4175,7152,8678,15830
00423300,MERCY/ST. LUKE'S SCH RAD TECH           ,IA,52402-0000,Private      ,0,4,4,18,25,43
00458600,KAPLAN UNIVERSITY                       ,IA,52807-2095,Proprietary  ,1131,18321,19452,3258,70761,74019
00458604,KAPLAN UNIVERSITY - CEDAR RAPIDS        ,IA,52404-2998,Proprietary  ,43,467,510,166,1889,2055
00458605,KAPLAN UNIVERSITY - DES MOINES          ,IA,50323-5702,Proprietary  ,36,325,361,193,1779,1972
00458606,KAPLAN UNIVERSITY - MASON CITY          ,IA,50401-4665,Proprietary  ,13,105,118,54,609,663
00458607,KAPLAN UNIVERSITY - CEDAR FALLS         ,IA,50613-6309,Proprietary  ,28,196,224,144,1117,1261
00458610,KAPLAN UNIVERSITY - COUNCIL BLUFFS      ,IA,51503-5289,Proprietary  ,12,99,111,61,633,694
00458700,NORTHEAST IOWA COMMUNITY COLLEGE        ,IA,52132-0400,Public       ,140,237,377,677,822,1499
00458701,NORTHEAST IOWA COMMUNITY COLLEGE        ,IA,52068-0000,Public       ,249,368,617,1051,1398,2449
00459500,HAWKEYE COMMUNITY COLLEGE               ,IA,50701-0000,Public       ,630,913,1543,3178,3033,6211
00459800,IOWA WESTERN CMTY CLG-COUNCIL BLUFF     ,IA,51502-0000,Public       ,657,931,1588,3322,3384,6706
00460000,NORTHWEST IOWA COMMUNITY COLLEGE        ,IA,51201-1046,Public       ,73,109,182,570,521,1091
00626700,IOWA METHODIST MEDICAL CENTER SCHOOLS   ,IA,50309-1499,Private      ,5,16,21,27,75,102
00627300,MERCY COLLEGE OF HEALTH SCIENCES        ,IA,50309-1239,Private      ,66,209,275,485,971,1456
00712000,DES MOINES AREA CMTY COLLEGE            ,IA,50021-0000,Public       ,1428,3561,4989,6776,11854,18630
00712100,FAITH BAPTIST BIBLE CLG & THEOL SEM     ,IA,50021-0000,Private      ,29,22,51,330,61,391
00729100,ST LUKE'S COLLEGE                       ,IA,51104-0263,Private      ,6,30,36,109,142,251
00731600,WESTERN IOWA TECH COMMUNITY COLLEGE     ,IA,51106-0000,Public       ,461,1074,1535,1971,3552,5523
00758800,CAPRI COLLEGE                           ,IA,52004-0873,Proprietary  ,14,33,47,99,116,215
00761100,EQ SCHOOL OF HAIR DESIGN                ,IA,51503-0813,Proprietary  ,10,9,19,37,40,77
00765600,AMERICAN COLLEGE OF HARISTYLING -CR     ,IA,52402-0000,Proprietary  ,3,10,13,7,34,41
00765800,AMER COLL OF HAIRSTYLING-DES MOINES     ,IA,50309-5446,Proprietary  ,6,37,43,11,65,76
00765900,LA JAMES COLLEGE OF HAIRSTYLING         ,IA,50401-3308,Proprietary  ,14,23,37,76,60,136
00771700,CAPRI COLLEGE                           ,IA,52807-2622,Proprietary  ,19,62,81,102,186,288
00794100,COLLEGE OF HAIR DESIGN                  ,IA,50703-1834,Proprietary  ,2,19,21,17,42,59
00826000,IOWA SCHOOL OF BEAUTY INC               ,IA,50322-0000,Proprietary  ,39,72,111,108,282,390
00840300,INDIAN HILLS COMMUNITY COLLEGE          ,IA,52501-1398,Public       ,354,868,1222,1663,2619,4282
00840301,INDIAN HILLS COMMUNITY COLLEGE          ,IA,52544-0000,Public       ,53,109,162,235,347,582
00842400,LA JAMES INTERNATIONAL COLLEGE          ,IA,50501-5577,Proprietary  ,9,37,46,76,104,180
00959300,LA'JAMES COLLEGE OF HAIRSTYLING         ,IA,52240-0000,Proprietary  ,16,18,34,66,69,135
01111300,MAHARISHI UNIV OF MANAGEMENT            ,IA,52557-0001,Private      ,33,87,120,194,443,637
01206400,HAMILTON TECHNICAL COLLEGE              ,IA,52807-2653,Proprietary  ,19,97,116,80,282,362
01230000,PALMER COLLEGE OF CHIROPRACTIC          ,IA,52803-5287,Private      ,6,148,154,81,2088,2169
01300600,LA' JAMES INTERNATIONAL COLLEGE-CF      ,IA,50613-5242,Proprietary  ,11,24,35,66,80,146
02090300,CAPRI COLLEGE                           ,IA,52404-0000,Proprietary  ,13,45,58,103,172,275
02134500,LA JAMES INTERNATIONAL COLLEGE - DAV    ,IA,52806-3952,Proprietary  ,9,34,43,26,104,130
02160900,"SALON PROFESSIONAL ACADEMY, THE         ",IA,50010-0000,Proprietary  ,20,24,44,107,78,185
02262500,FAUST INSTITUTE OF COSMETOLOGY          ,IA,50588-0000,Proprietary  ,6,10,16,25,41,66
02274100,LA' JAMES INTERNATIONAL COLLEGE - DM    ,IA,50131-0000,Proprietary  ,24,28,52,89,131,220
02289000,AMERICAN HAIR ACADEMY                   ,IA,52627-4530,Proprietary  ,4,9,13,20,46,66
02306900,IOWA SCHOOL OF BEAUTY                   ,IA,52501-0000,Proprietary  ,10,21,31,29,62,91
02328900,EMMAUS BIBLE COLLEGE                    ,IA,52001-0000,Private      ,30,16,46,249,52,301
02330900,IOWA SCHOOL OF BEAUTY                   ,IA,50158-0000,Proprietary  ,2,7,9,14,36,50
02609200,VATTEROTT COLLEGE                       ,IA,50321-4704,Proprietary  ,25,160,185,110,757,867
03069100,ALLEN COLLEGE                           ,IA,50703-1916,Private      ,18,68,86,313,428,741
03441300,IOWA SCHOOL OF BEAUTY                   ,IA,51106-5111,Proprietary  ,12,22,34,34,91,125
03607400,TOTAL LOOK SCHOOL OF COSMETOLOGY AND MAS,IA,52136-1053,Proprietary  ,2,7,9,9,10,19
03720300,CARLSON COLLEGE OF MASSAGE THERAPY      ,IA,52205-7519,Proprietary  ,6,15,21,14,30,44
04051313,ART INSTITUTE OF PHOENIX (THE) - BROWN M,IA,52722-3628,Proprietary  ,5,15,20,36,198,234
04089300,BIO-CHI INSTITUTE OF MASSAGE THERAPY    ,IA,51103-2138,Proprietary  ,3,9,12,13,31,44
04177800,SALON PROFESSIONAL ACADEMY (THE)        ,IA,52240-6083,Proprietary  ,13,12,25,29,28,57
04203300,AVEDA INSTITUTE DES MOINES              ,IA,50266-8137,Proprietary  ,48,50,98,48,50,98
00259600,ATLANTIC COMMUNITY COLLEGE              ,NJ,08330-2699,Public       ,675,1106,1781,3802,4588,8390
00259700,BLOOMFIELD COLLEGE                      ,NJ,07003-3425,Private      ,160,298,458,3205,1761,4966
00259800,CALDWELL COLLEGE                        ,NJ,07006-6195,Private      ,119,262,381,1803,1194,2997
00259900,CENTENARY COLLEGE                       ,NJ,07840-2184,Private      ,109,204,313,1792,899,2691
00260000,COLLEGE OF SAINT ELIZABETH              ,NJ,07960-6989,Private      ,39,163,202,827,741,1568
00260100,CUMBERLAND COUNTY COLLEGE               ,NJ,08362-0517,Public       ,325,619,944,2206,3146,5352
00260300,DREW UNIVERSITY                         ,NJ,07940-4063,Private      ,65,97,162,3784,784,4568
00260700,FAIRLEIGH DICKINSON UNIV-TEANECK        ,NJ,07666-1996,Private      ,197,599,796,4318,2611,6929
00260701,FAIRLEIGH DICKINSON UNIV-FLORHAM        ,NJ,07940-0000,Private      ,77,122,199,2906,647,3553
00260702,FAIRLEIGH DICKINSON UNIV-ED WMS CLG     ,NJ,07601-0000,Private      ,20,53,73,265,252,517
00260703,FAIRLEIGH DICKINSON UNIVERSITY          ,NJ,07940-0000,Private      ,83,172,255,2228,968,3196
00260800,GEORGIAN COURT UNIVERSITY               ,NJ,08701-2697,Private      ,103,271,374,1550,1466,3016
00260900,ROWAN UNIVERSITY                        ,NJ,08028-1702,Public       ,615,692,1307,13487,4375,17862
00261000,FELICIAN COLLEGE                        ,NJ,07644-2198,Private      ,120,278,398,2182,1495,3677
00261300,NEW JERSEY CITY UNIVERSITY              ,NJ,07305-1597,Public       ,414,1170,1584,4861,5957,10818
00261500,MIDDLESEX COUNTY COLLEGE                ,NJ,08818-3050,Public       ,1051,1078,2129,6286,5044,11330
00261600,MONMOUTH UNIVERSITY                     ,NJ,07764-1898,Private      ,306,359,665,7678,2505,10183
00261700,MONTCLAIR STATE UNIVERSITY              ,NJ,07043-9987,Public       ,914,1189,2103,17565,7630,25195
00261900,NEW BRUNSWICK THEOLOGICAL SEMINARY      ,NJ,08901-0000,Private      ,1,35,36,23,154,177
00262100,NEW JERSEY INST OF TECHNOLOGY           ,NJ,07102-1982,Public       ,287,557,844,5775,3180,8955
00262200,KEAN UNIVERSITY                         ,NJ,07083-7131,Public       ,767,1331,2098,12901,9054,21955
00262400,OCEAN COUNTY COLLEGE                    ,NJ,08754-2001,Public       ,775,1004,1779,4926,3987,8913
00262500,WILLIAM PATERSON UNIVERSITY             ,NJ,07470-2152,Public       ,761,758,1519,11031,4892,15923
00262600,PRINCETON THEOLOGICAL SEMINARY          ,NJ,08542-0000,Private      ,1,26,27,20,634,654
00262700,PRINCETON UNIVERSITY                    ,NJ,08544-0001,Private      ,208,103,311,16966,1789,18755
00262800,RIDER UNIVERSITY                        ,NJ,08648-3099,Private      ,266,284,550,7690,1729,9419
00262900,"RUTGERS, THE STATE UNIVERSITY OF NJ     ",NJ,08901-1281,Public       ,2343,2981,5324,45518,23425,68943
00263200,SETON HALL UNIVERSITY                   ,NJ,07079-2697,Private      ,247,608,855,8000,3971,11971
00263201,SETON HALL UNIVERSITY - SCHOOL OF LAW   ,NJ,07079-5210,Private      ,8,117,125,183,2131,2314
00263800,ST PETER'S COLLEGE                      ,NJ,07306-5997,Private      ,145,285,430,2794,1277,4071
00263900,STEVENS INSTITUTE OF TECHNOLOGY         ,NJ,07030-5370,Private      ,96,153,249,3793,722,4515
00264200,COLLEGE OF NEW JERSEY (THE)             ,NJ,08628-0718,Public       ,326,191,517,11274,1382,12656
00264300,UNION COUNTY COLLEGE                    ,NJ,07016-1598,Public       ,1229,2070,3299,4822,7684,12506
00473600,BERGEN COMMUNITY COLLEGE                ,NJ,07652-1595,Public       ,1536,1506,3042,7996,5923,13919
00474000,MERCER COUNTY COMMUNITY COLLEGE         ,NJ,08690-0000,Public       ,791,1285,2076,3230,4518,7748
00539900,MONMOUTH COUNTY VOCATIONAL SCH DIST     ,NJ,07728-5033,Public       ,8,38,46,92,138,230
00545200,TETERBORO SCH OF AERONAUTICS            ,NJ,07608-1083,Proprietary  ,40,30,70,91,74,165
00546000,SOMERSET COUNTY TECHNICAL INSTITUTE     ,NJ,08807-0350,Public       ,1,2,3,12,24,36
00546100,SALEM COMMUNITY COLLEGE                 ,NJ,08069-2799,Public       ,173,219,392,660,795,1455
00641700,HOLY NAME HOSPITAL SCH OF NURSING       ,NJ,07666-4254,Private      ,14,26,40,88,211,299
00642000,MOUNTAINSIDE HOSP SCH NRSG              ,NJ,07042-4898,Proprietary  ,3,20,23,19,73,92
00642100,MUHLENBERG SNYDER SCHOOLS               ,NJ,07061-3399,Private      ,12,96,108,118,527,645
00642900,ST FRANCIS MEDICAL CTR SCH NURSING      ,NJ,08629-1986,Private      ,2,14,16,31,76,107
00642902,ST FRANCIS MED CTR RAD TECH             ,NJ,08629-0000,Private      ,1,12,13,7,28,35
00686500,CAMDEN COUNTY COLLEGE                   ,NJ,08012-3240,Public       ,1091,2076,3167,6267,8717,14984
00690100,GLOUCESTER COUNTY COLLEGE               ,NJ,08080-4249,Public       ,639,791,1430,3340,3001,6341
00710700,ESSEX COUNTY COLLEGE                    ,NJ,07102-1798,Public       ,1236,2238,3474,5536,8904,14440
00750200,BERKELEY COLLEGE                        ,NJ,07424-3367,Proprietary  ,121,265,386,1370,1523,2893
00750201,BERKELEY COLLEGE                        ,NJ,07095-0000,Proprietary  ,82,133,215,801,896,1697
00750202,BERKELEY COLLEGE - PARAMUS              ,NJ,07652-2931,Proprietary  ,63,130,193,567,736,1303
00750600,LINCOLN TECHNICAL INSTITUTE             ,NJ,07083-5032,Proprietary  ,225,292,517,593,618,1211
00750601,LINCOLN TECHNICAL INSTITUTE             ,NJ,07430-0000,Proprietary  ,112,86,198,442,336,778
00759300,PARISIAN BEAUTY ACADEMY                 ,NJ,07601-5509,Proprietary  ,63,75,138,106,138,244
00772900,COUNTY COLLEGE OF MORRIS                ,NJ,07869-0000,Public       ,657,490,1147,3616,2061,5677
00773000,BURLINGTON COUNTY COLLEGE               ,NJ,08068-1599,Public       ,723,1277,2000,4130,5042,9172
00773100,RARITAN VALLEY COMMUNITY COLLEGE        ,NJ,08876-1265,Public       ,512,568,1080,2632,2164,4796
00780401,STAR CAREER ACADEMY - STAR LAKEWOOD     ,NJ,08701-5900,Proprietary  ,58,157,215,126,399,525
00780402,STAR CAREER ACADEMY - STAR EGG HARBOR   ,NJ,08234-4863,Proprietary  ,37,168,205,65,331,396
00794700,BETH MEDRASH GOVOHA OF AMERICA          ,NJ,08701-0000,Private      ,117,466,583,173,1215,1388
00840400,BROOKDALE COMMUNITY COLLEGE             ,NJ,07738-1597,Public       ,1374,1241,2615,6098,4306,10404
00844101,ANTHEM INSTITUTE                        ,NJ,08002-0000,Proprietary  ,7,35,42,32,152,184
00849400,HO HO KUS SCHL OF TRADE & TECH SCIENCES ,NJ,07513-1402,Proprietary  ,37,44,81,92,138,230
00860900,RABBINICAL COLLEGE OF AMERICA           ,NJ,07960-3600,Private      ,39,2,41,54,5,59
00907800,CAPRI INSTITUTE OF HAIR DESIGN          ,NJ,07011-2111,Proprietary  ,46,105,151,89,198,287
00934400,RAMAPO COLLEGE OF NEW JERSEY            ,NJ,07430-1680,Public       ,328,182,510,6731,1213,7944
00934500,RICHARD STOCKTON COLLEGE OF NJ          ,NJ,08240-0195,Public       ,500,492,992,8976,3222,12198
00982804,EVEREST INSTITUTE - SOUTH PLAINFIELD    ,NJ,07080-1125,Proprietary  ,87,183,270,201,484,685
00999400,PASSAIC COUNTY COMMUNITY COLLEGE        ,NJ,07505-1179,Public       ,1247,1845,3092,3890,5456,9346
01039400,UNIV OF MEDICINE & DENTISTRY OF NJ      ,NJ,07107-0000,Public       ,43,694,737,283,5144,5427
01062900,P B COSMETOLOGY EDUCATION CENTRE        ,NJ,08030-1750,Proprietary  ,43,65,108,92,118,210
01085100,ANTHEM INSTITUTE                        ,NJ,07054-3409,Proprietary  ,133,220,353,345,605,950
01085101,ANTHEM INSTITUTE                        ,NJ,07306-0000,Proprietary  ,17,28,45,45,130,175
01085102,ANTHEM INSTITUTE                        ,NJ,08902-0000,Proprietary  ,5,19,24,27,94,121
01090300,RIZZIERI INSTITUTE                      ,NJ,08043-4600,Proprietary  ,44,42,86,115,133,248
01152300,MORRIS COUNTY SCHOOL OF TECHNOLOGY      ,NJ,07834-0000,Public       ,10,28,38,47,75,122
01170800,NATURAL MOTION INST OF HAIR DESIGN      ,NJ,07306-5496,Proprietary  ,23,34,57,45,89,134
01198900,TALMUDICAL ACADEMY                      ,NJ,07710-0000,Private      ,36,2,38,57,7,64
01209000,REIGNBOW BEAUTY ACADEMY                 ,NJ,08861-4118,Proprietary  ,33,57,90,56,111,167
01234600,DOVER BUSINESS COLLEGE                  ,NJ,07011-2161,Proprietary  ,133,247,380,371,862,1233
01234602,DOVER BUSINESS COLLEGE                  ,NJ,07801-4643,Proprietary  ,46,110,156,130,373,503
01246100,LINCOLN TECHNICAL INSTITUTE             ,NJ,08820-2896,Proprietary  ,96,243,339,359,888,1247
01246102,LINCOLN TECHNICAL INSTITUTE             ,NJ,08057-3212,Proprietary  ,76,226,302,239,886,1125
01246103,LINCOLN TECHNICAL INSTITUTE             ,NJ,07652-2106,Proprietary  ,100,262,362,355,873,1228
01246200,HOHOKUS - HACKENSACK SCHOOL OF BUSINESS ,NJ,07601-7197,Proprietary  ,42,202,244,120,476,596
01295400,HUDSON COUNTY COMMUNITY COLLEGE         ,NJ,07306-4012,Public       ,1283,1815,3098,4618,6672,11290
02053700,EASTWICK COLLEGE                        ,NJ,07446-0000,Proprietary  ,76,268,344,290,1088,1378
02061800,ROMAN ACADEMY OF BEAUTY CULTURE         ,NJ,07506-0000,Proprietary  ,14,16,30,17,23,40
02092300,HOHOKUS SCHOOL - RETS/NUTLEY            ,NJ,07110-0000,Proprietary  ,77,172,249,147,417,564
02103700,CAPRI INSTITUTE OF HAIR DESIGN          ,NJ,07652-0000,Proprietary  ,27,42,69,53,80,133
02104000,HARRIS SCHOOL OF BUSINESS               ,NJ,08002-2983,Proprietary  ,172,555,727,280,1084,1364
02106601,AMERICAN INSTITUTE - CLIFTON            ,NJ,07011-2345,Proprietary  ,65,153,218,134,408,542
02131100,DU CRET SCHOOL OF THE ARTS              ,NJ,07060-0000,Private      ,8,8,16,25,24,49
02131600,PENNCO TECH                             ,NJ,08012-0000,Proprietary  ,163,218,381,341,586,927
02132300,BERDAN INSTITUTE                        ,NJ,07512-0000,Proprietary  ,97,187,284,246,477,723
02146800,JOE KUBERT SCH OF CARTOON & GRAPHIC     ,NJ,07801-0000,Proprietary  ,6,10,16,47,63,110
02149800,EMPIRE BEAUTY SCHOOL                    ,NJ,08021-0000,Proprietary  ,23,71,94,81,274,355
02149801,EMPIRE BEAUTY SCHOOL - BORDENTOWN       ,NJ,08505-1513,Proprietary  ,2,15,17,16,53,69
02154000,DIVERS ACAD OF EASTERN SEABOARD         ,NJ,08081-1139,Proprietary  ,25,62,87,63,150,213
02183600,CAPRI INSTITUTE OF HAIR DESIGN          ,NJ,07033-0000,Proprietary  ,29,91,120,62,145,207
02192200,THOMAS EDISON STATE COLLEGE             ,NJ,08608-0000,Public       ,86,1499,1585,423,5837,6260
02219600,OMEGA INSTITUTE                         ,NJ,08109-0000,Proprietary  ,8,67,75,27,163,190
02223700,NEW HORIZON INST OF COSMETOLOGY         ,NJ,07093-0000,Proprietary  ,18,96,114,25,139,164
02223900,DRAKE COLLEGE OF BUSINESS               ,NJ,07201-0000,Proprietary  ,72,412,484,149,988,1137
02223902,DRAKE COLLEGE OF BUSINESS - NEWARK CAMPU,NJ,07112-2760,Proprietary  ,115,511,626,249,1281,1530
02232500,UNION COUNTY VOCATIONAL TECH INST       ,NJ,07076-0000,Public       ,12,25,37,49,81,130
02234600,SHORE BEAUTY SCHOOL                     ,NJ,08232-0000,Proprietary  ,30,53,83,56,141,197
02246000,ROSS UNIVERSITY - MEDICAL SCHOOL        ,NJ,08837-0000,Proprietary  ,2,614,616,20,3979,3999
02248600,COOPER HEALTH SYS-CTR ALLIED HEALTH     ,NJ,08103-0000,Private      ,6,35,41,50,165,215
02252700,CONCORDE SCHOOL OF HAIR DESIGN          ,NJ,07712-0000,Proprietary  ,49,88,137,107,221,328
02252701,CONCORDE SCHOOL OF HAIR DESIGN - BLOOMFI,NJ,07003-2517,Proprietary  ,8,15,23,29,43,72
02261800,EUROPEAN ACADEMY OF COSMETOLOGY         ,NJ,07083-0000,Proprietary  ,19,43,62,53,130,183
02265500,CAPRI INSTITUTE OF HAIR DESIGN          ,NJ,08724-0000,Proprietary  ,24,62,86,40,113,153
02277900,ROSS UNIV - SCH OF VETERINARY MED       ,NJ,08837-0000,Proprietary  ,2,145,147,9,1345,1354
02291000,LINCOLN TECHNICAL INSTITUTE             ,NJ,07080-2424,Proprietary  ,37,57,94,167,220,387
02312000,BERGEN COUNTY TECHNICAL SCHOOLS         ,NJ,07601-6110,Public       ,10,47,57,70,150,220
02344200,EMPIRE BEAUTY SCHOOL                    ,NJ,08002-0000,Proprietary  ,34,82,116,123,298,421
02503900,WARREN COUNTY COMMUNITY COLLEGE         ,NJ,07882-0000,Public       ,193,185,378,750,693,1443
02523700,OCEAN COUNTY VOCATIONAL-TECH SCHOOL     ,NJ,08753-0000,Public       ,55,80,135,206,327,533
02525900,ARTISTIC ACADEMY OF HAIR DESIGN         ,NJ,07950-1409,Proprietary  ,35,43,78,105,115,220
02528200,REIGNBOW BEAUTY ACADEMY                 ,NJ,07060-0000,Proprietary  ,11,36,47,19,52,71
02558700,PRISM CAREER INSTITUTE                  ,NJ,08037-0000,Proprietary  ,40,156,196,104,524,628
02568800,SUSSEX COUNTY COMMUNITY COLLEGE         ,NJ,07860-1149,Public       ,355,336,691,1602,1091,2693
02586900,HARRIS SCHOOL OF BUSINESS               ,NJ,08043-2604,Proprietary  ,111,478,589,148,751,899
02616402,SANFORD-BROWN INSTITUTE - ISELIN        ,NJ,08830-0000,Proprietary  ,168,299,467,357,853,1210
03077500,RABBI JACOB JOSEPH SCHOOL               ,NJ,08817-4494,Private      ,5,1,6,18,2,20
03122600,EASTERN INTERNATIONAL COLLEGE           ,NJ,07306-3906,Proprietary  ,47,154,201,103,355,458
03187300,STENOTECH CAREER INSTITUTE              ,NJ,07004-3490,Proprietary  ,16,38,54,36,69,105
03197300,INSTITUTE FOR HEALTH EDUCATION(THE)     ,NJ,07306-2929,Proprietary  ,21,133,154,35,191,226
03324300,CENTRAL CAREER SCHOOL                   ,NJ,07080-2408,Proprietary  ,27,44,71,38,95,133
03380302,STAR CAREER ACADEMY - STAR NEWARK       ,NJ,07102-4510,Proprietary  ,57,205,262,105,422,527
03380303,STAR CAREER ACADEMY - STAR CLIFTON      ,NJ,07011-2248,Proprietary  ,45,157,202,82,327,409
03389300,ACADEMY OF MASSAGE THERAPY              ,NJ,07631-0000,Proprietary  ,17,40,57,35,100,135
03424500,NEW COMMUNITY WORKFORCE DEVELOPMENT     ,NJ,07103-2402,Private      ,19,178,197,40,418,458
03530300,"KEY SKILLS LEARNING, INC.               ",NJ,07013-1900,Proprietary  ,0,11,11,1,23,24
03536300,INSTITUTE FOR THERAPEUTIC MASSAGE       ,NJ,07420-1452,Proprietary  ,4,35,39,20,106,126
03625300,PERFORMANCE TRAINING INSTITUTE          ,NJ,08753-0000,Proprietary  ,27,430,457,57,1001,1058
03637300,METRO AUTO ELECTRONICS TRAINING INSTITUT,NJ,07033-1798,Proprietary  ,4,13,17,10,39,49
03650600,PC AGE                                  ,NJ,07306-3936,Proprietary  ,18,73,91,46,222,268
03650603,PC AGE                                  ,NJ,08817-2842,Proprietary  ,0,3,3,4,29,33
03666300,SOMERSET CHRISTIAN COLLEGE              ,NJ,08890-9035,Private      ,19,103,122,71,373,444
03803300,HEALTHCARE TRAINING INSTITUTE           ,NJ,07083-3504,Proprietary  ,44,89,133,82,305,387
03811300,EASTERN SCHOOL OF ACUPUNCTURE AND TRADIT,NJ,07042-3562,Proprietary  ,0,19,19,1,48,49
04081300,BAIS MEDRASH TORAS CHESED               ,NJ,08701-0000,Private      ,10,4,14,15,17,32
04123400,YESHIVAS BE'ER YITZCHOK                 ,NJ,07208-2380,Private      ,3,6,9,4,27,31
04125000,GENTLE HEALING SCHOOL OF MASSAGE        ,NJ,08512-3600,Proprietary  ,1,10,11,5,34,39
04131100,YESHIVA TORAS CHAIM                     ,NJ,08701-2120,Private      ,61,1,62,153,3,156
04131200,TOTAL IMAGE BEAUTY ACADEMY              ,NJ,07307-2943,Proprietary  ,3,36,39,10,53,63
04134100,CENTER FOR ALLIED HEALTH & NURSING EDUCA,NJ,07601-5801,Proprietary  ,35,292,327,113,1280,1393
04136400,AMERICAN INSTITUTE OF MEDICAL SCIENCES &,NJ,07080-1183,Proprietary  ,15,53,68,43,173,216
04154500,STARTING POINTS FOR CHILDREN            ,NJ,07306-0001,Private      ,2,38,40,6,104,110
04154900,NATIONAL CAREER INSTITUTE               ,NJ,07018-2011,Proprietary  ,26,98,124,38,160,198
04173100,LAB PAUL MITCHELL PARTNER SCHOOL (THE)  ,NJ,08628-2500,Proprietary  ,9,27,36,44,71,115
04180300,MESIVTA KESER TORAH                     ,NJ,07719-2409,Private      ,1,0,1,1,2,3
04181400,BEST CARE TRAINING INSTITUTE            ,NJ,07018-1703,Proprietary  ,15,75,90,21,152,173
04191400,SCHOOL OF COURT REPORTING (THE)         ,NJ,08053-1533,Proprietary  ,10,51,61,10,51,61
00266500,VAUGHN COLLEGE OF AERONAUTICS AND TECHNO,NY,11369-9997,Private      ,230,246,476,1129,916,2045
00266600,ADELPHI UNIVERSITY                      ,NY,11530-4299,Private      ,350,836,1186,8199,4678,12877
00266700,DOWLING COLLEGE                         ,NY,11769-1999,Private      ,300,438,738,2632,1749,4381
00266800,ALFRED UNIVERSITY                       ,NY,14802-1205,Private      ,114,147,261,3526,754,4280
00266900,BANK STREET COLLEGE OF EDUCATION        ,NY,10025-0000,Private      ,3,93,96,5,878,883
00267100,BARD COLLEGE                            ,NY,12504-5000,Private      ,22,22,44,2793,703,3496
00267400,NEW YORK THEOLOGICAL SEMINARY           ,NY,10115-0002,Private      ,1,62,63,2,207,209
00267700,BROOKLYN LAW SCHOOL                     ,NY,11201-0000,Private      ,10,146,156,59,3492,3551
00267800,BRYANT & STRATTON COLLEGE               ,NY,14203-1713,Proprietary  ,702,3213,3915,2568,13400,15968
00267803,BRYANT & STRATTON COLLEGE - GREECE      ,NY,14606-4227,Proprietary  ,83,291,374,286,1161,1447
00267805,BRYANT & STRATTON COLLEGE - SYRACUSE    ,NY,13203-2502,Proprietary  ,115,385,500,572,1573,2145
00267807,BRYANT & STRATTON COLLEGE - ALBANY      ,NY,12205-5230,Proprietary  ,54,236,290,257,1028,1285
00268100,CANISIUS COLLEGE                        ,NY,14208-1098,Private      ,243,367,610,4570,1937,6507
00268500,CAZENOVIA COLLEGE                       ,NY,13035-1085,Private      ,56,41,97,1871,250,2121
00268700,CUNY-BROOKLYN COLLEGE                   ,NY,11210-2814,Public       ,1287,2170,3457,16962,11790,28752
00268800,CITY COLLEGE-CUNY                       ,NY,10031-9198,Public       ,1282,1986,3268,19723,10688,30411
00268900,CUNY-HUNTER COLLEGE                     ,NY,10021-0000,Public       ,1385,2152,3537,26672,16164,42836
00269000,QUEENS COLLEGE-CUNY                     ,NY,11367-1597,Public       ,1478,1991,3469,16698,8777,25475
00269100,CUNY- BOROUGH OF MANHATTAN CMTY CLG     ,NY,10007-1047,Public       ,3798,3373,7171,23943,15054,38997
00269200,CUNY BRONX COMMUNITY COLLEGE            ,NY,10453-3102,Public       ,1754,2134,3888,11077,9499,20576
00269300,CUNY-JOHN JAY CLG CRIMINAL JUSTICE      ,NY,10019-1093,Public       ,1086,1349,2435,15201,7898,23099
00269400,KINGSBOROUGH COMMUNITY COLLEGE          ,NY,11235-2398,Public       ,3316,2491,5807,13320,7986,21306
00269600,NY CITY COLLEGE OF TECHNOLOGY-CUNY      ,NY,11201-2983,Public       ,1936,2016,3952,15541,8657,24198
00269700,QUEENSBOROUGH COMMUNITY COLLEGE         ,NY,11364-1497,Public       ,1601,1308,2909,12611,6269,18880
00269800,CUNY THE COLLEGE OF STATEN ISLAND       ,NY,10314-6600,Public       ,1249,1004,2253,10726,4933,15659
00269900,CLARKSON UNIVERSITY                     ,NY,13699-5615,Private      ,85,45,130,4904,472,5376
00270000,COLGATE ROCHESTER CROZER DIVINITY S     ,NY,14620-0000,Private      ,0,9,9,15,85,100
00270100,COLGATE UNIVERSITY                      ,NY,13346-1386,Private      ,64,12,76,4169,110,4279
00270300,COLLEGE OF MOUNT SAINT VINCENT          ,NY,10471-1093,Private      ,204,135,339,2623,533,3156
00270400,COLLEGE OF NEW ROCHELLE                 ,NY,10805-2339,Private      ,159,1277,1436,1195,4280,5475
00270500,COLLEGE OF SAINT ROSE                   ,NY,12203-1490,Private      ,305,431,736,4936,2113,7049
00270700,COLUMBIA UNIVERSITY                     ,NY,10027-0000,Private      ,377,1685,2062,22740,23705,46445
00270800,BARNARD COLLEGE-COLUMBIA UNIV           ,NY,10027-6598,Private      ,75,34,109,4046,323,4369
00270900,CONCORDIA COLLEGE                       ,NY,10708-1998,Private      ,66,87,153,850,419,1269
00271000,COOPER UNION                            ,NY,10003-7120,Private      ,50,35,85,1758,286,2044
00271100,CORNELL UNIVERSITY                      ,NY,14853-2801,Private      ,465,382,847,26595,6881,33476
00271101,WEILL CORNELL MEDICAL COLLEGE AND GRADUA,NY,10021-0000,Private      ,4,114,118,23,760,783
00271200,D'YOUVILLE COLLEGE                      ,NY,14201-1084,Private      ,108,303,411,1830,2106,3936
00271300,DOMINICAN COLLEGE                       ,NY,10962-1299,Private      ,118,236,354,1758,886,2644
00271800,ELMIRA COLLEGE                          ,NY,14901-2099,Private      ,64,126,190,2250,499,2749
00272200,FORDHAM UNIVERSITY                      ,NY,10458-5157,Private      ,670,1369,2039,22919,9528,32447
00272600,GENERAL THEOLOGICAL SEMINARY            ,NY,10011-0000,Private      ,0,17,17,0,98,98
00272800,HAMILTON COLLEGE                        ,NY,13323-1218,Private      ,47,6,53,3009,66,3075
00272900,HARTWICK COLLEGE                        ,NY,13820-4020,Private      ,78,14,92,3886,193,4079
00273100,HOBART & WILLIAM SMITH COLLEGES         ,NY,14456-3397,Private      ,71,10,81,3415,96,3511
00273200,HOFSTRA UNIVERSITY                      ,NY,11549-1010,Private      ,577,718,1295,14968,6234,21202
00273400,HOUGHTON COLLEGE                        ,NY,14744-0128,Private      ,41,56,97,1487,208,1695
00273500,HILBERT COLLEGE                         ,NY,14075-1597,Private      ,120,104,224,1128,355,1483
00273700,IONA COLLEGE                            ,NY,10801-1890,Private      ,125,174,299,6957,1302,8259
00273900,ITHACA COLLEGE                          ,NY,14850-7130,Private      ,327,59,386,13365,1006,14371
00274000,JEWISH THEOLOGICAL SEMINARY OF AMER     ,NY,10027-4649,Private      ,1,9,10,139,178,317
00274200,THE JUILLIARD SCHOOL                    ,NY,10023-6588,Private      ,24,26,50,1323,700,2023
00274400,KEUKA COLLEGE                           ,NY,14478-0000,Private      ,53,275,328,1354,1196,2550
00274800,LEMOYNE COLLEGE                         ,NY,13214-1399,Private      ,274,190,464,4742,1046,5788
00274900,NEW YORK COLLEGE OF PODIATRIC MED       ,NY,10035-1940,Private      ,4,27,31,39,404,443
00275100,LONG ISLAND UNIVERSITY                  ,NY,11548-1326,Private      ,1114,2523,3637,12397,10288,22685
00275800,MANHATTAN COLLEGE                       ,NY,10471-4098,Private      ,202,131,333,5949,660,6609
00275900,MANHATTAN SCHOOL OF MUSIC               ,NY,10027-4689,Private      ,24,27,51,657,802,1459
00276000,MANHATTANVILLE COLLEGE                  ,NY,10577-2132,Private      ,70,187,257,3122,907,4029
00276300,MARIA COLLEGE                           ,NY,12208-1798,Private      ,63,228,291,235,946,1181
00276500,MARIST COLLEGE                          ,NY,12601-1387,Private      ,390,336,726,10610,1338,11948
00276900,MARYMOUNT MANHATTAN COLLEGE             ,NY,10021-4597,Private      ,110,54,164,3722,373,4095
00277200,MERCY COLLEGE                           ,NY,10522-1189,Private      ,796,2179,2975,5442,7525,12967
00277500,MOLLOY COLLEGE                          ,NY,11570-1100,Private      ,235,417,652,3313,2094,5407
00277700,MEDAILLE COLLEGE                        ,NY,14214-2695,Private      ,194,425,619,1679,1447,3126
00277800,MOUNT SAINT MARY COLLEGE                ,NY,12550-3494,Private      ,204,258,462,3692,1128,4820
00277900,NAZARETH COLLEGE OF ROCHESTER           ,NY,14618-3790,Private      ,81,226,307,3479,1574,5053
00278200,NEW YORK INSTITUTE OF TECHNOLOGY        ,NY,11568-8000,Private      ,511,652,1163,5346,2842,8188
00278202,NY INSTITUTE OF TECHNOLOGY-OSTEOPATHIC M,NY,11568-0000,Private      ,3,25,28,80,1231,1311
00278300,NEW YORK LAW SCHOOL                     ,NY,10013-0000,Private      ,3,299,302,29,3345,3374
00278400,NEW YORK MEDICAL COLLEGE                ,NY,10595-0000,Private      ,4,130,134,37,1961,1998
00278500,NEW YORK UNIVERSITY                     ,NY,10012-1091,Private      ,667,2917,3584,37219,30936,68155
00278800,NIAGARA UNIVERSITY                      ,NY,14109-2010,Private      ,135,141,276,3828,944,4772
00279000,NYACK COLLEGE                           ,NY,10960-3698,Private      ,196,679,875,1487,1927,3414
00279100,PACE UNIVERSITY - NEW YORK              ,NY,10038-1598,Private      ,364,614,978,9040,3409,12449
00279101,PACE UNIVERSITY-PLEASANTVILLE           ,NY,10570-0000,Private      ,195,215,410,3508,1179,4687
00279102,PACE UNIVERSITY - WHITE PLAINS          ,NY,10603-0000,Private      ,20,242,262,546,1997,2543
00279500,PAUL SMITHS CLG OF ARTS & SCIENCES      ,NY,12970-0000,Private      ,113,37,150,1302,213,1515
00279600,POLYTECHNIC INTSTITUTE OF NEW YORK UNIV ,NY,11201-3840,Private      ,130,235,365,2909,1053,3962
00279800,PRATT INSTITUTE                         ,NY,11205-3899,Private      ,222,273,495,4994,2722,7716
00280300,RENSSELAER POLYTECHNIC INSTITUTE        ,NY,12180-3590,Private      ,276,78,354,10695,832,11527
00280500,ROBERTS WESLEYAN COLLEGE                ,NY,14624-1997,Private      ,107,322,429,1537,1235,2772
00280600,ROCHESTER INSTITUTE OF TECHNOLOGY       ,NY,14623-5608,Private      ,810,578,1388,15799,3293,19092
00280700,ROCKEFELLER UNIVERSITY                  ,NY,10021-0000,Private      ,6,4,10,15,34,49
00280800,DAEMEN COLLEGE                          ,NY,14226-3592,Private      ,210,292,502,2412,1111,3523
00281000,THE SAGE COLLEGES                       ,NY,12180-4199,Private      ,160,320,480,1768,1879,3647
00281200,TROCAIRE COLLEGE                        ,NY,14220-2094,Private      ,118,411,529,690,1542,2232
00281300,SARAH LAWRENCE COLLEGE                  ,NY,10708-5999,Private      ,31,28,59,1897,709,2606
00281400,SKIDMORE COLLEGE                        ,NY,12866-1632,Private      ,45,16,61,3749,128,3877
00281401,SKIDMORE COLLEGE - UNIV WITHOUT WALLS   ,NY,12866-1632,Private      ,1,1,2,113,16,129
00281500,ST BERNARDS SCH THEOLOGY & MINISTRY     ,NY,14618-3822,Private      ,0,6,6,0,34,34
00281600,SIENA COLLEGE                           ,NY,12211-1462,Private      ,212,47,259,6724,388,7112
00281700,ST BONAVENTURE UNIVERSITY               ,NY,14778-2284,Private      ,121,128,249,2812,579,3391
00282000,ST FRANCIS COLLEGE                      ,NY,11201-4398,Private      ,461,241,702,2571,694,3265
00282100,ST JOHN FISHER COLLEGE                  ,NY,14618-3597,Private      ,164,229,393,4510,1819,6329
00282200,CHRIST THE KING SEMINARY                ,NY,14052-0607,Private      ,0,2,2,0,8,8
00282300,ST JOHN'S UNIVERSITY                    ,NY,11439-1343,Private      ,545,688,1233,24546,7487,32033
00282500,ST JOSEPH'S COLLEGE                     ,NY,11205-3688,Private      ,147,262,409,1214,761,1975
00282501,ST JOSEPH'S COLLEGE-SUFFOLK CAMPUS      ,NY,11772-0000,Private      ,457,448,905,3081,1451,4532
00282900,ST LAWRENCE UNIVERSITY                  ,NY,13617-1455,Private      ,39,18,57,2850,130,2980
00283200,ST THOMAS AQUINAS COLLEGE               ,NY,10976-1050,Private      ,191,87,278,1906,293,2199
00283300,ST VLADIMIR ORTHODOX THEOL SEM          ,NY,10707-0000,Private      ,0,2,2,0,42,42
00283400,EXCELSIOR COLLEGE                       ,NY,12203-5159,Private      ,54,2189,2243,184,6648,6832
00283500,SUNY AT ALBANY                          ,NY,12222-0001,Public       ,1086,779,1865,20164,5369,25533
00283600,BINGHAMTON UNIVERSITY (SUNY)            ,NY,13902-6000,Public       ,872,491,1363,24289,3451,27740
00283700,SUNY AT BUFFALO                         ,NY,14260-0001,Public       ,1122,1243,2365,22672,10066,32738
00283800,SUNY AT STONY BROOK                     ,NY,11794-0001,Public       ,1348,1218,2566,25787,8489,34276
00283900,SUNY-DOWNSTATE MEDICAL CENTER           ,NY,11203-2098,Public       ,21,213,234,163,2252,2415
00284000,SUNY UPSTATE MEDICAL UNIVERSITY         ,NY,13210-2375,Public       ,16,127,143,241,1490,1731
00284100,SUNY BROCKPORT - FIN AID OFF            ,NY,14420-2914,Public       ,736,628,1364,9786,3125,12911
00284200,BUFFALO STATE COLLEGE - SUNY            ,NY,14222-1095,Public       ,1320,1190,2510,12678,5266,17944
00284300,SUNY COLLEGE-CORTLAND                   ,NY,13045-0900,Public       ,498,266,764,11983,1720,13703
00284400,SUNY AT FREDONIA                        ,NY,14063-1145,Public       ,524,184,708,7595,1074,8669
00284500,SUNY GENESEO                            ,NY,14454-1401,Public       ,338,85,423,9298,711,10009
00284600,SUNY COLLEGE-NEW PALTZ                  ,NY,12561-2499,Public       ,458,299,757,11731,2464,14195
00284700,SUNY COLLEGE-ONEONTA                    ,NY,13820-4015,Public       ,566,107,673,11193,925,12118
00284800,SUNY OSWEGO                             ,NY,13126-3599,Public       ,638,337,975,10953,2253,13206
00284900,SUNY COLLEGE AT PLATTSBURGH             ,NY,12901-2681,Public       ,429,300,729,7600,1620,9220
00285000,SUNY COLLEGE-POTSDAM                    ,NY,13676-2294,Public       ,432,205,637,5679,1070,6749
00285100,SUNY COLLEGE OF ENVIRONMENT SCIENCE AND ,NY,13210-2778,Public       ,80,69,149,2317,625,2942
00285300,SUNY MARITIME COLLEGE                   ,NY,10465-4198,Public       ,170,71,241,1649,347,1996
00285400,SUNY COLLEGE OF TECHNOLOGY-ALFRED       ,NY,14802-9951,Public       ,361,192,553,4222,1016,5238
00285500,SUNY CANTON COLG OF TECHNOLOGY          ,NY,13617-1098,Public       ,275,324,599,3359,1580,4939
00285600,SUNY AG & TECH COLLEGE-COBLESKILL       ,NY,12043-9986,Public       ,347,139,486,2842,561,3403
00285700,SUNY DELHI                              ,NY,13753-1190,Public       ,320,184,504,3765,1038,4803
00285800,SUNY FARMINGDALE                        ,NY,11735-1021,Public       ,706,588,1294,6003,2336,8339
00285900,SUNY COLLEGE OF AG & TECH AT MORRISVILLE,NY,13408-0901,Public       ,273,218,491,3664,1136,4800
00286000,ADIRONDACK COMMUNITY COLLEGE            ,NY,12804-2004,Public       ,450,526,976,1765,1776,3541
00286100,CAYUGA COMMUNITY COLLEGE                ,NY,13021-3099,Public       ,543,752,1295,1784,2284,4068
00286200,BROOME COMMUNITY COLLEGE                ,NY,13902-0000,Public       ,751,834,1585,3296,2679,5975
00286300,CORNING COMMUNITY COLLEGE               ,NY,14830-3297,Public       ,604,709,1313,1879,2077,3956
00286400,DUTCHESS COMMUNITY COLLEGE              ,NY,12601-1595,Public       ,961,833,1794,3381,2441,5822
00286600,FASHION INSTITUTE OF TECHNOLOGY         ,NY,10001-5992,Public       ,497,553,1050,8139,3406,11545
00286700,SUNY FULTON MONTGOMERY COMM CLG         ,NY,12095-3790,Public       ,399,405,804,1527,1262,2789
00286800,HUDSON VALLEY COMMUNITY COLLEGE         ,NY,12180-6096,Public       ,1368,1411,2779,6608,4913,11521
00286900,JAMESTOWN COMMUNITY COLLEGE             ,NY,14702-0020,Public       ,477,516,993,2595,2109,4704
00287000,JEFFERSON COMMUNITY COLLEGE             ,NY,13601-1897,Public       ,436,825,1261,1431,2242,3673
00287100,"SUNY, MOHAWK VALLEY COMMUNITY CLG       ",NY,13501-5394,Public       ,972,1000,1972,4397,3511,7908
00287200,MONROE COMMUNITY COLLEGE                ,NY,14623-5780,Public       ,2159,2602,4761,9677,9465,19142
00287300,NASSAU COMMUNITY COLLEGE                ,NY,11530-6793,Public       ,3384,2356,5740,12103,7003,19106
00287400,NIAGARA COUNTY COMMUNITY COLLEGE        ,NY,14132-9460,Public       ,790,749,1539,4057,2960,7017
00287500,ONONDAGA COMMUNITY COLLEGE              ,NY,13215-4585,Public       ,1263,1251,2514,6505,4388,10893
00287600,ORANGE COUNTY COMMUNITY COLLEGE         ,NY,10940-6441,Public       ,751,724,1475,2941,2512,5453
00287700,ROCKLAND COMMUNITY COLLEGE              ,NY,10901-3611,Public       ,1000,755,1755,2690,2020,4710
00287800,SUFFOLK COMMUNITY COLLEGE               ,NY,11784-2899,Public       ,1716,1100,2816,7763,4068,11831
00287801,SUFFOLK COMMUNITY CLG-W. CAMPUS         ,NY,11717-0000,Public       ,959,785,1744,3601,2616,6217
00287803,SUFFOLK COMMUNITY CLG-EASTRN CAMPUS     ,NY,11901-0000,Public       ,358,320,678,1269,909,2178
00287900,SULLIVAN COUNTY COMMUNITY COLLEGE       ,NY,12759-5151,Public       ,269,250,519,1402,860,2262
00288000,ULSTER COUNTY COMMUNITY COLLEGE         ,NY,12484-0557,Public       ,359,335,694,1271,1082,2353
00288100,SUNY WESTCHESTER COMMUNITY COLLEGE      ,NY,10595-1698,Public       ,1662,1473,3135,5897,4781,10678
00288200,SYRACUSE UNIVERSITY                     ,NY,13244-2130,Private      ,425,573,998,23482,6818,30300
00288300,UTICA COLLEGE- UTICA                    ,NY,13502-4892,Private      ,169,351,520,3679,1855,5534
00288500,ALBANY COLLEGE OF PHARMACY AND HEALTH SC,NY,12208-3492,Private      ,19,21,40,1703,853,2556
00288600,ALBANY LAW SCHOOL                       ,NY,12208-0000,Private      ,10,66,76,57,1407,1464
00288700,ALBANY MEDICAL COLLEGE                  ,NY,12208-0000,Private      ,10,81,91,91,1146,1237
00288900,UNION COLLEGE                           ,NY,12308-2311,Private      ,45,7,52,3520,162,3682
00289000,UNION THEOLOGICAL SEMINARY              ,NY,10027-0000,Private      ,0,24,24,1,370,371
00289200,UNITED STATES MERCHANT MARINE ACADEMY   ,NY,11024-1699,Public       ,18,2,20,395,23,418
00289400,UNIVERSITY OF ROCHESTER                 ,NY,14627-9000,Private      ,97,280,377,8681,2079,10760
00289401,EASTMAN SCH OF MUSIC/UNIV ROCHESTER     ,NY,14604-0000,Private      ,14,34,48,734,385,1119
00289402,UNIV OF ROCHESTER SCHL OF MEDICINE      ,NY,14642-0000,Private      ,2,45,47,47,698,745
00289500,VASSAR COLLEGE                          ,NY,12604-0008,Private      ,70,15,85,5098,175,5273
00289600,VILLA MARIA COLLEGE-BUFFALO             ,NY,14225-3999,Private      ,65,68,133,435,285,720
00289900,WAGNER COLLEGE                          ,NY,10301-4495,Private      ,152,87,239,2905,478,3383
00290000,WEBB INSTITUTE                          ,NY,11542-1398,Private      ,6,2,8,72,6,78
00290100,WELLS COLLEGE                           ,NY,13026-0500,Private      ,12,12,24,1261,108,1369
00290300,YESHIVA UNIVERSITY                      ,NY,10033-3201,Private      ,204,228,432,2199,3120,5319
00290302,YESHIVA UNIVERSITY - BRONX CAMPUS       ,NY,10461-1975,Private      ,3,64,67,29,1127,1156
00397400,MESIVTHA TIFERETH JERUSALEM OF AMER     ,NY,10002-6382,Private      ,3,0,3,9,1,10
00397600,RABBINICAL ACAD MESIVTA RABBI CHAIM     ,NY,11230-4715,Private      ,0,0,0,0,2,2
00397700,RABBINICAL COLLEGE CH'SAN SOFER         ,NY,11204-1252,Private      ,0,1,1,0,1,1
00397800,RABBINICAL SEMINARY OF AMERICA          ,NY,11375-0000,Private      ,17,18,35,27,22,49
00397900,COLUMBIA UNIV TEACHERS COLLEGE          ,NY,10027-0000,Private      ,5,347,352,51,4895,4946
00405400,HEBREW UNION COL-JEWISH INST OF REL     ,NY,10012-0000,Private      ,0,4,4,0,85,85
00475900,"CUNY, YORK COLLEGE                      ",NY,11451-0001,Public       ,724,1016,1740,10278,5564,15842
00476500,CUNY GRADUATE SCH & UNIV CTR            ,NY,10016-4309,Public       ,18,707,725,157,3310,3467
00477600,CENTRAL YESHIVA TOMCHEI TMIMIM LUBA     ,NY,11230-2798,Private      ,30,5,35,34,7,41
00478800,HERKIMER COUNTY COMMUNITY COLLEGE       ,NY,13350-1598,Public       ,381,363,744,2663,1363,4026
00479800,MIRRER YESHIVA CENTRAL INST             ,NY,11223-2010,Private      ,50,32,82,56,33,89
00479900,MONROE COLLEGE                          ,NY,10468-4305,Proprietary  ,883,1792,2675,3421,5294,8715
00481100,EVEREST INSTITUTE                       ,NY,14621-3007,Proprietary  ,61,286,347,148,1180,1328
00506400,SAINT JAMES MERCY HOSPITAL SCHOOL OF RAD,NY,14843-2197,Private      ,3,0,3,18,15,33
00506600,FAXTON ST. LUKE'S SCHOOL OF RADIOGRAPHY ,NY,13502-4856,Private      ,2,2,4,27,26,53
00520800,THE COLLEGE OF WESTCHESTER              ,NY,10602-0000,Proprietary  ,156,275,431,748,726,1474
00587700,ROBERT J HOCHSTIM SCHOOL OF RADIOG      ,NY,11572-1151,Private      ,0,4,4,1,10,11
00643501,ARNOT OGDEN MEDICAL CENTER              ,NY,14905-1676,Private      ,13,13,26,49,60,109
00643800,PHILLIPS BETH ISRAEL SCH OF NURSING     ,NY,10001-6354,Private      ,24,85,109,113,375,488
00644300,COCHRAN SCH NSG-ST JOHN RVSDE HOSP      ,NY,10701-1399,Private      ,6,34,40,36,223,259
00644500,CROUSE HOSP SCH OF NURSING              ,NY,13210-1690,Private      ,26,86,112,171,299,470
00644800,ELLIS HOSPITAL SCHOOL OF NURSING        ,NY,12308-0000,Private      ,10,29,39,58,168,226
00646101,ST ELIZABETH COLLEGE OF NURSING         ,NY,13501-2998,Private      ,4,19,23,108,183,291
00646102,ST ELIZABETH SCH OF RADIOGRAPHY         ,NY,13501-0000,Private      ,1,6,7,19,26,45
00646700,SAINT JOSEPH'S COLLEGE OF NURSING       ,NY,13203-1806,Private      ,8,43,51,201,302,503
00678200,GENESEE COMMUNITY COLLEGE               ,NY,14020-9704,Public       ,592,813,1405,2970,2673,5643
00678500,SCHENECTADY COUNTY COMMUNITY CLG        ,NY,12305-2294,Public       ,643,772,1415,2028,2363,4391
00678700,CLINTON COMMUNITY COLLEGE               ,NY,12901-5690,Public       ,267,247,514,1244,846,2090
00678800,TOMPKINS CORTLAND COMMUNITY COLLEGE     ,NY,13053-8504,Public       ,527,447,974,2977,1630,4607
00678900,COLUMBIA-GREENE COMMUNITY COLLEGE       ,NY,12534-9543,Public       ,266,293,559,892,866,1758
00679100,SUNY AT PURCHASE                        ,NY,10577-1400,Public       ,377,163,540,7442,1115,8557
00702200,CUNY-LEHMAN COLLEGE                     ,NY,10468-1589,Public       ,895,2039,2934,12534,10811,23345
00702600,MOUNT SINAI SCHOOL OF MEDICINE          ,NY,10029-0000,Private      ,5,60,65,21,1032,1053
00710900,SUNY COLLEGE-OLD WESTBURY               ,NY,11568-0210,Public       ,449,394,843,5535,2265,7800
00711100,NORTH COUNTRY COMMUNITY COLLEGE         ,NY,12983-2046,Public       ,198,229,427,823,761,1584
00726400,MESIFTA TORAH VODAATH RABBINCAL SEM     ,NY,11218-5209,Private      ,6,16,22,9,16,25
00727300,CUNY-BERNARD BARUCH COLLEGE             ,NY,10010-5518,Public       ,1201,1752,2953,17300,9446,26746
00730400,CULINARY INSTITUTE OF AMERICA           ,NY,12538-1499,Private      ,380,308,688,3141,1541,4682
00732916,ITT TECHNICAL INSTITUTE                 ,NY,12205-1003,Proprietary  ,56,133,189,168,481,649
00737200,AUSTIN'S SCHOOL OF SPA TECHNOLOGY       ,NY,12206-1513,Proprietary  ,60,153,213,129,383,512
00737500,ISLAND DRAFTING & TECHNICAL INST        ,NY,11701-2704,Proprietary  ,13,20,33,57,66,123
00738700,LONG ISLAND BEAUTY SCHOOL               ,NY,11788-4346,Proprietary  ,83,154,237,129,282,411
00738800,LONG ISLAND BEAUTY SCHOOL               ,NY,11550-3704,Proprietary  ,21,45,66,35,130,165
00739100,BEAUTY SCHOOL OF MIDDLETOWN             ,NY,10940-6574,Proprietary  ,20,41,61,37,64,101
00739400,BERKELEY COLLEGE                        ,NY,10017-0000,Proprietary  ,466,861,1327,2932,3853,6785
00739402,BERKELEY COLLEGE-WESTCHESTER CAMPUS     ,NY,10601-1533,Proprietary  ,98,114,212,835,525,1360
00740100,MANDL SCHOOL                            ,NY,10019-5516,Proprietary  ,68,218,286,212,893,1105
00740500,WOOD TOBE-COBURN SCHOOL                 ,NY,10016-0102,Proprietary  ,81,42,123,684,173,857
00746500,AMERICAN ACADEMY OF DRAMATIC ARTS       ,NY,10016-7089,Private      ,69,52,121,596,270,866
00746600,LIM COLLEGE                             ,NY,10022-5268,Proprietary  ,142,61,203,2164,370,2534
00746800,SCHOOL OF VISUAL ARTS                   ,NY,10010-3994,Proprietary  ,189,169,358,4190,1674,5864
00750602,LINCOLN TECHNICAL INSTITUTE             ,NY,11357-6092,Proprietary  ,184,119,303,565,316,881
00751800,APEX TECHNICAL SCHOOL                   ,NY,10011-2008,Proprietary  ,264,571,835,612,1516,2128
00752200,CONTINENTAL SCH OF BEAUTY CULTURE       ,NY,14623-3231,Proprietary  ,93,272,365,151,385,536
00752205,CONTINENTAL SCHOOL OF BEAUTY CULTURE - M,NY,13211-1003,Proprietary  ,2,6,8,12,14,26
00753200,FINGER LAKES COMMUNITY COLLEGE          ,NY,14424-8395,Public       ,642,705,1347,3461,2580,6041
00757200,AMERICAN MUSICAL AND DRAMATIC ACAD      ,NY,10023-2106,Private      ,198,67,265,2430,462,2892
00757300,EMPIRE BEAUTY SCHOOL                    ,NY,11103-4028,Proprietary  ,51,103,154,145,315,460
00780400,STAR CAREER ACADEMY                     ,NY,10011-7307,Proprietary  ,84,299,383,191,665,856
00818900,CONTINENTAL SCHOOL OF BEAUTY CULTURE - B,NY,14224-3402,Proprietary  ,42,92,134,71,156,227
00818903,CONTINENTAL SCHOOL OF BEAUTY CULTURE - B,NY,14223-2911,Proprietary  ,1,10,11,19,41,60
00843700,CHAMPLAIN VALLEY - TEC/PRN              ,NY,12901-0000,Public       ,7,23,30,16,45,61
00849500,JAMESTOWN BUSINESS COLLEGE              ,NY,14702-0429,Proprietary  ,38,80,118,171,299,470
00861100,"CUNY, HOSTOS CMTY COLLEGE               ",NY,10451-1499,Public       ,1168,1558,2726,7006,6430,13436
00861400,RABBINICAL CLG BOBOVER YESHIVA BNEI     ,NY,11219-3293,Private      ,25,1,26,25,1,26
00878800,STATE UNIVERSITY OF NEW YORK STUDENT LOA,NY,12246-0000,Public       ,58,65,123,789,388,1177
00900300,OLEAN BUSINESS INSTITUTE INC            ,NY,14760-2691,Proprietary  ,0,22,22,9,77,86
00902900,NEIGHBORHOOD PLAYHOUSE                  ,NY,10022-5017,Private      ,7,9,16,26,42,68
00904300,ELMIRA BUSINESS INSTITUTE               ,NY,14901-2731,Proprietary  ,26,147,173,95,655,750
00907700,UTICA SCHOOL OF COMMERCE                ,NY,13501-2280,Proprietary  ,42,131,173,121,405,526
00924800,SAMARITAN HOSPITAL SCH NURSING          ,NY,12180-2475,Private      ,9,28,37,45,190,235
00928300,MIDWAY-PARIS BEAUTY SCHOOL              ,NY,11385-3453,Proprietary  ,13,37,50,22,50,72
00928400,LEARNING INST FOR BEAUTY SCIENCES       ,NY,11756-1345,Proprietary  ,46,122,168,73,201,274
00933500,MESIVTA EASTERN PKWY RABBINICAL CLG     ,NY,11218-5559,Private      ,11,0,11,12,0,12
00947900,SAINT VINCENTS CMC SI NURSING SCHOOL    ,NY,10304-3850,Proprietary  ,78,165,243,194,479,673
00976900,METROPOLITAN COLLEGE OF NEW YORK        ,NY,10013-1919,Private      ,56,398,454,272,1569,1841
00992900,SUNY COLLEGE OF OPTOMETRY               ,NY,10036-8003,Public       ,3,13,16,23,348,371
01005100,LA GUARDIA CMTY COLLEGE - CUNY          ,NY,11101-3083,Public       ,2492,2549,5041,14156,10138,24294
01005200,JEFFERSON-LEWIS BOCES PRAC NRSGPRG      ,NY,13601-9509,Public       ,8,37,45,25,137,162
01009700,CUNY-MEDGAR W EVERS COLLEGE             ,NY,11225-2010,Public       ,1005,1523,2528,5888,5564,11452
01014200,TOURO COLLEGE                           ,NY,10010-4202,Private      ,1204,3002,4206,3260,9855,13115
01014700,WESTERN SUFFOLK BOCES                   ,NY,11768-3499,Public       ,47,116,163,112,368,480
01015300,HELENE FULD COL OF NRSNG/N GEN HOSP     ,NY,10035-0000,Private      ,13,173,186,25,531,556
01028600,EMPIRE STATE COLLEGE                    ,NY,12866-4391,Public       ,218,2439,2657,903,11537,12440
01037800,RABBINICAL COLLEGE OF LONG ISLAND       ,NY,11561-3244,Private      ,4,1,5,8,3,11
01055100,NEW YORK SCH MED & DENTAL ASSISTANT     ,NY,11101-2327,Proprietary  ,45,80,125,103,206,309
01064100,SOUTHERN WESTCHESTER BOCES              ,NY,10543-0000,Public       ,17,81,98,31,164,195
01068400,ERIE COMMUNITY COLLEGE-ALL CAMPUSES     ,NY,14203-2698,Public       ,1963,2247,4210,8036,7946,15982
01081300,AMERICAN ACAD MCALLISTER INST           ,NY,10019-3604,Private      ,16,105,121,87,431,518
01083700,SIMMONS INST OF FUNERAL SERVICE         ,NY,13207-2098,Proprietary  ,6,8,14,21,41,62
01093000,SUBURBAN TECHNICAL SCHOOL               ,NY,11550-3771,Proprietary  ,6,41,47,22,130,152
01094300,RABBINICAL COLLEGE BETH SHRAGA          ,NY,10952-3033,Private      ,3,0,3,3,0,3
01095200,PNW BOCES LPN PROGRAM                   ,NY,10598-0000,Public       ,2,40,42,8,64,72
01103100,TECHNICAL CAREER INSTITUTE              ,NY,10001-2789,Proprietary  ,752,1307,2059,1611,3928,5539
01118900,UNITED TALMUDICAL SEMINARY              ,NY,11211-7984,Private      ,3,0,3,3,1,4
01119200,BETH HAMEDRASH SHAAREI YOSHER INST      ,NY,11204-1052,Private      ,1,1,2,2,2,4
01161400,CHAMPLAIN VALLEY HOSP SCH RAD TECH      ,NY,12901-1490,Private      ,1,0,1,23,10,33
01161700,NEW YORK METHODIST HOSPITAL             ,NY,11229-9023,Private      ,20,90,110,87,279,366
01164700,SBI CAMPUS - AN AFFILIATE OF SANFORD-BRO,NY,11747-3785,Proprietary  ,94,127,221,306,710,1016
01167700,MEMORIAL SLOAN KETTERING CANCER CTR     ,NY,10021-6094,Private      ,0,6,6,5,25,30
01167800,SUNY INST OF TECHNOLOGY UTICA ROME      ,NY,13504-3050,Public       ,138,304,442,1646,1149,2795
01182100,YESHIVATH ZICHRON MOSHE                 ,NY,12779-0580,Private      ,11,0,11,11,0,11
01183000,BERK TRADE AND BUSINESS SCHOOL          ,NY,11101-0000,Proprietary  ,20,78,98,48,142,190
01185900,WORD OF LIFE BIBLE INSTITUTE            ,NY,12860-0129,Private      ,132,36,168,565,99,664
01186000,MERCY MED CNTR SCHL OF RADIOGRAPHY      ,NY,11570-1098,Private      ,2,2,4,7,10,17
01192100,WESTCHESTER SCH OF BEAUTY CULTURE       ,NY,10550-2295,Proprietary  ,10,36,46,17,64,81
01192200,BETH HATALMUD RABBINICAL CLG            ,NY,11214-2594,Private      ,0,0,0,0,1,1
01198400,OHR HAMEIR THEOLOGICAL SEMINARY         ,NY,10566-0990,Private      ,0,1,1,4,1,5
01201100,TALMUDICAL SEM OHOLEI TORAH             ,NY,11213-3310,Private      ,40,2,42,54,4,58
01207200,PHILLIPS HAIRSTYLING INSTITUTE          ,NY,13210-1509,Proprietary  ,10,29,39,23,80,103
01210700,INSTITUTE OF DESIGN & CONSTRUCTION      ,NY,11201-5380,Private      ,17,52,69,39,117,156
01220300,MEMORIAL HOSPITAL SCH OF NURSING        ,NY,12204-1083,Private      ,7,27,34,45,149,194
01227700,NEW YORK CHIROPRACTIC COLLEGE           ,NY,13148-0800,Private      ,0,86,86,8,742,750
01229300,VEEB NASSAU CNTY SCHL OF PRACT NURS     ,NY,11553-3037,Public       ,14,35,49,55,207,262
01235800,PLAZA COLLEGE                           ,NY,11372-6300,Proprietary  ,193,450,643,294,804,1098
01236400,SAINT VINCENTS CATHOLIC MEDICAL CENTERS ,NY,11354-0000,Proprietary  ,24,101,125,88,494,582
01240700,SCHUYLER-CHEMUNG-TIOGA BOCES            ,NY,14903-1089,Public       ,2,19,21,34,148,182
01240701,STEUBEN SCHUYLER CHEMUNG TIOGA ALLEGANY ,NY,14870-9518,Public       ,0,0,0,0,5,5
01256100,FIVE TOWNS COLLEGE                      ,NY,11746-5871,Proprietary  ,181,80,261,1237,314,1551
01258900,ERIE 1 BOCES                            ,NY,14224-0000,Public       ,37,120,157,79,260,339
01265200,ONONDAGA CORTLAND MADISON BOCES         ,NY,13090-4500,Public       ,39,181,220,173,603,776
01278300,OSWEGO COUNTY BOCES ADULT CAREERS       ,NY,13114-4498,Public       ,7,26,33,40,73,113
01292700,CENTRAL TECH NURSING PROGRAM            ,NY,13202-3092,Public       ,5,24,29,25,96,121
01302900,BORICUA COLLEGE                         ,NY,10032-1599,Private      ,154,370,524,462,1151,1613
02056400,CAPRI COSMETOLOGY LEARNING CENTER       ,NY,10954-0000,Proprietary  ,43,91,134,107,210,317
02066200,THE NEW SCHOOL                          ,NY,10011-0000,Private      ,358,766,1124,5406,6168,11574
02069000,NEW YORK SCHOOL OF INTERIOR DESIGN      ,NY,10021-0000,Private      ,22,81,103,190,392,582
02075700,BRIARCLIFFE COLLEGE                     ,NY,11714-0000,Proprietary  ,98,202,300,799,1003,1802
02075702,BRIARCLIFFE COLLEGE - PATCHOGUE         ,NY,11772-3019,Proprietary  ,77,123,200,610,746,1356
02092400,RIDLEY-LOWELL SCHOOL OF BUSINESS        ,NY,13905-0000,Proprietary  ,16,120,136,30,180,210
02093700,LONG ISLAND BUSINESS INSTITUTE          ,NY,11725-0000,Proprietary  ,28,113,141,261,675,936
02093701,LONG ISLAND BUSINESS INSTITUTE - FLUSHIN,NY,11354-4429,Proprietary  ,37,145,182,63,208,271
02098400,HERKIMER COUNTY BOCES                   ,NY,13350-0000,Public       ,24,66,90,92,142,234
02104300,OTSEGO AREA SCHOOL OF PRAC NURSING      ,NY,12167-0000,Public       ,7,24,31,7,39,46
02105900,HAIR DESIGN INSTITUTE AT FIFTH AVE      ,NY,11220-0000,Proprietary  ,48,137,185,104,258,362
02106800,BRAMSON ORT COLLEGE                     ,NY,11375-0000,Private      ,225,380,605,351,634,985
02110900,CATTARAUGUS/ALLEGANY BOCES              ,NY,14760-0000,Public       ,6,61,67,24,139,163
02112301,RIDLEY - LOWELL BUSINESS & TECHNICAL INS,NY,12601-3328,Proprietary  ,48,168,216,106,437,543
02116011,SANFORD-BROWN INSTITUTE - NEW YORK      ,NY,10003-2103,Proprietary  ,215,548,763,632,1835,2467
02118700,LONG ISLAND COLLEGE HOSPITAL - SCHOOL OF,NY,11201-6001,Private      ,6,22,28,97,265,362
02118702,LONG ISLAND COLLEGE HOSPITAL - SCHOOL OF,NY,11201-6001,Private      ,11,36,47,107,212,319
02124000,ORANGE ULSTER BOCES SCH OF PRAC NRS     ,NY,10924-9401,Public       ,13,36,49,35,124,159
02125500,CIRCLE IN THE SQUARE THEATRE SCHOOL     ,NY,10019-0000,Private      ,5,12,17,52,63,115
02126300,MADISON-ONEIDA BOCES PRAC NRS           ,NY,13478-0000,Public       ,6,33,39,16,96,112
02138500,BOCES RENSSELAER SCHOOL OF PN           ,NY,12033-3221,Public       ,5,39,44,15,89,104
02145800,CAYUGA ONONDAGA BOCES                   ,NY,13021-9430,Public       ,7,19,26,23,64,87
02146000,WAYNE-FINGER LAKES BOCES                ,NY,14513-0000,Public       ,12,35,47,48,272,320
02152000,YESHIVA SHAAR HATORAH ITRI TORAH        ,NY,11418-0000,Private      ,0,0,0,3,1,4
02153600,BROOME-TIOGA BOCES PN PROG              ,NY,13905-0000,Public       ,3,16,19,33,115,148
02157900,ROCHESTER GENERAL HOSPITAL              ,NY,14621-3001,Private      ,7,21,28,30,104,134
02158200,WSHNGTN-SARTGA-WARN-HMLTN-ESX BOCES     ,NY,12839-1051,Public       ,5,11,16,32,94,126
02160100,GENEVA GENERAL HOSPITAL                 ,NY,14456-0000,Private      ,2,18,20,32,122,154
02163400,NEW YORK CAREER INSTITUTE               ,NY,10007-2801,Proprietary  ,75,176,251,249,699,948
02169100,DAVIS COLLEGE                           ,NY,13790-0000,Private      ,21,20,41,152,93,245
02170000,SWEDISH INSTITUTE                       ,NY,10001-0000,Proprietary  ,17,95,112,98,585,683
02170200,ALBANY SCHOHARIE SCHENECTADY            ,NY,12205-0000,Public       ,13,80,93,58,161,219
02171900,AILEY SCHOOL (THE)                      ,NY,10019-4402,Private      ,12,17,29,129,75,204
02172100,HAMILTON-FULTON-MONTGOMERY BOCES        ,NY,12095-0665,Public       ,10,10,20,89,87,176
02172800,DUTCHESS COUNTY BOCES SCH PRAC NURS     ,NY,12601-0000,Public       ,9,65,74,44,172,216
02173200,EMPIRE BEAUTY SCHOOL                    ,NY,10001-0000,Proprietary  ,164,163,327,445,751,1196
02173900,ULSTER COUNTY BOCES PRACTICAL NRSG      ,NY,12466-0000,Public       ,15,46,61,44,170,214
02176000,CHERYL FELL'S SCHOOL OF BUSINESS        ,NY,14304-0000,Proprietary  ,3,22,25,9,64,73
02179400,EASTERN SUFFOLK BOCES                   ,NY,11713-0000,Public       ,42,93,135,137,370,507
02182200,NEW SCHOOL OF RADIO & TELEVISION        ,NY,12206-1106,Proprietary  ,13,34,47,43,68,111
02187300,DARKEI NOAM RABBINICAL COLLEGE          ,NY,11210-0000,Private      ,1,1,2,1,4,5
02191600,TORAH TEMIMAH TALMUDICAL SEMINARY       ,NY,11218-0000,Private      ,12,0,12,18,0,18
02192500,BELLEVUE HOSP CTR SCH RAD TECH          ,NY,10016-0000,Public       ,3,17,20,19,61,80
02199300,ORLEANS-NIAGARA BOCES                   ,NY,14132-0000,Public       ,2,13,15,16,59,75
02206000,HUNTER BUSINESS SCHOOL                  ,NY,11756-0000,Proprietary  ,61,190,251,166,509,675
02217800,D.HOPFER SCH NURSING AT MT.VRN HOSP     ,NY,10550-0000,Private      ,6,45,51,40,220,260
02219500,MILDRED ELLEY                           ,NY,12206-1513,Proprietary  ,156,874,1030,336,2158,2494
02235600,ERIE 2-CHAUTAUQUA-CATTARAUGUS BOCES     ,NY,14006-0000,Public       ,10,18,28,20,81,101
02256700,KOL YAAKOV TORAH CENTER                 ,NY,10952-0000,Private      ,1,0,1,2,0,2
02265100,YESHIVA DERECH CHAIM                    ,NY,11218-0000,Private      ,20,7,27,22,7,29
02265200,GLOBAL BUSINESS INSTITUTE               ,NY,11691-0000,Private      ,30,164,194,109,550,659
02272900,ROCKLAND COUNTY BOCES PRAC NRSG SCH     ,NY,10994-0000,Public       ,9,36,45,24,112,136
02275900,"MODERN WELDING SCHOOL, INC.             ",NY,12304-0000,Proprietary  ,26,49,75,46,66,112
02287800,NATIONAL TRACTOR TRAILER SCHOOL         ,NY,13088-2505,Proprietary  ,28,210,238,33,379,412
02294900,INSTITUTE OF AUDIO RESEARCH             ,NY,10003-0000,Proprietary  ,107,131,238,269,358,627
02306500,PROFESSIONAL BUSINESS INSTITUTE         ,NY,10002-0000,Private      ,263,331,594,415,610,1025
02314200,NORTHERN WESTCHESTER SCH COSMETOL       ,NY,10566-0000,Proprietary  ,14,15,29,33,54,87
02320100,OHR SOMAYACH TANENBAUM EDUCATIONAL CENTE,NY,10952-0000,Private      ,0,0,0,0,1,1
02325600,NEW YORK INSTITUTE OF ENGLISH & BUS     ,NY,10001-0000,Private      ,50,88,138,88,218,306
02350600,YESHIVA AND KOLLEL HARBOTZAS TORAH      ,NY,11230-0000,Private      ,0,6,6,0,6,6
02491400,SPANISH AMERICAN INSTITUTE              ,NY,10036-0000,Private      ,1,8,9,5,13,18
02505900,SH-OR YOSHUV RABBINICAL COLLEGE         ,NY,11691-0000,Private      ,28,14,42,35,15,50
02506000,ASSOCIATED BETH RIVKAH SCHOOLS          ,NY,11225-0000,Private      ,52,0,52,80,3,83
02506100,CITY UNIV OF NEW YORK-CENTRAL           ,NY,10021-0000,Public       ,42,100,142,829,613,1442
02506200,MERCE CUNNINGHAM STUDIO                 ,NY,10014-0000,Private      ,0,0,0,0,1,1
02506800,YESHIVAT MIKDASH MELECH                 ,NY,11230-0000,Private      ,13,2,15,25,2,27
02511500,JOFFREY BALLET SCHOOL                   ,NY,10011-0000,Proprietary  ,14,0,14,77,8,85
02513500,MAR JON SCHOOL OF BEAUTY CULTURE        ,NY,14150-0000,Proprietary  ,15,25,40,28,52,80
02525600,ART INSTITUTE OF NEW YORK CITY (THE)    ,NY,10013-2429,Proprietary  ,385,286,671,2287,1353,3640
02540800,"GLOBE INSTITUTE OF TECHNOLOGY, INC.     ",NY,10007-0000,Proprietary  ,155,106,261,355,360,715
02546000,TRI-STATE COLLEGE OF ACUPUNCTURE        ,NY,10011-0000,Proprietary  ,1,30,31,3,146,149
02546300,YESHIVA OF THE TELSHE ALUMNI            ,NY,10471-0000,Private      ,1,1,2,1,1,2
02550600,TALMUDICAL INST OF UPSTATE NY           ,NY,14607-0000,Private      ,0,1,1,3,2,5
02556700,SEMINAR L'MOROS BAIS YAAKOV             ,NY,11219-0000,Private      ,129,2,131,236,3,239
02572900,BUSINESS INFORMATICS CENTER             ,NY,11580-0000,Proprietary  ,16,57,73,22,71,93
02575400,FRENCH CULINARY INSTITUTE               ,NY,10013-2618,Proprietary  ,88,233,321,398,844,1242
02587600,ORLO SCH HAIR DESIGN & COSMETOLOGY      ,NY,12206-1723,Proprietary  ,16,35,51,45,74,119
02599400,NEW YORK COLLEGE OF HEALTH PROFESSIONS  ,NY,11791-4413,Private      ,31,181,212,148,703,851
02600100,NEW YORK ACADEMY OF ART (THE)           ,NY,10013-2911,Private      ,20,36,56,117,228,345
02614900,SANFORD-BROWN INSTITUTE                 ,NY,10604-2910,Proprietary  ,89,161,250,198,537,735
02615001,SANFORD-BROWN COLLEGE - SANFORD-BROWN IN,NY,11530-4734,Proprietary  ,20,31,51,54,152,206
02616600,SHEAR EGO INTERNATIONAL SCHOOL OF HAIR D,NY,14617-3501,Proprietary  ,27,44,71,64,90,154
02617000,CONTINENTAL SCH OF BEAUTY CULTURE       ,NY,14020-0000,Proprietary  ,42,63,105,57,86,143
02617001,CONTINENTAL SCHOOL OF BEAUTY CULTURE - O,NY,14760-2618,Proprietary  ,0,0,0,7,1,8
02617002,CONTINENTAL SCHOOL OF BEAUTY CULTURE  - ,NY,14020-1908,Proprietary  ,2,0,2,2,0,2
02622900,BAIS MEDRASH ELYON                      ,NY,10952-3013,Private      ,1,0,1,1,0,1
03000100,YESHIVA GEDOLAH IMREI YOSEF DSPINKA     ,NY,11219-4696,Private      ,0,35,35,0,35,35
03007200,DANCE THEATRE OF HARLEM                 ,NY,10031-0000,Private      ,4,6,10,28,17,45
03027701,PACIFIC COLLEGE OF ORIENTAL MEDICINE - N,NY,10010-7108,Proprietary  ,7,114,121,30,532,562
03081600,DELAWARE CHENANGO MADISON OT. BOCES     ,NY,13815-9554,Public       ,9,54,63,15,89,104
03089700,COMPUTER CAREER CENTER                  ,NY,11530-3334,Proprietary  ,71,273,344,140,516,656
03095500,ASA INST BUSINESS & COMPUTER TECH       ,NY,11201-5208,Proprietary  ,953,1809,2762,1868,3945,5813
03096200,CHARLES STUART SCHOOL                   ,NY,11229-2004,Proprietary  ,1,19,20,6,43,49
03103700,ADIRONDACK BEAUTY SCHOOL                ,NY,12801-3158,Proprietary  ,4,8,12,11,36,47
03104900,SULLIVAN COUNTY BOCES                   ,NY,12754-2116,Public       ,10,19,29,41,67,108
03115300,GENESEE VALLEY BOCES                    ,NY,14020-1099,Public       ,9,65,74,29,134,163
03120700,NEW YORK CONSERVATORY FOR DRAMATIC ARTS ,NY,10011-4225,Proprietary  ,26,18,44,468,160,628
03127100,YESHIVAS NOVOMINSK                      ,NY,11219-0000,Private      ,25,0,25,31,0,31
03169300,STUDIO JEWELERS                         ,NY,10016-4112,Proprietary  ,3,13,16,7,38,45
03181400,MERKAZ BNOS                             ,NY,11214-4911,Private      ,1,37,38,4,83,87
03191300,CUNY SCHOOL OF LAW @ QUEENS COLLEGE     ,NY,11367-0000,Public       ,49,77,126,490,1547,2037
03193300,MANHATTAN SCHOOL OF COMPUTER TECH       ,NY,11230-1617,Private      ,59,172,231,108,429,537
03203300,NEW YORK INSTITUTE OF MASSAGE           ,NY,14221-6021,Proprietary  ,17,57,74,38,149,187
03216300,UNIFICATION THEOLOGICAL SEMINARY        ,NY,12507-5021,Private      ,0,14,14,0,30,30
03328300,FRANKLIN CAREER INSTITUTE               ,NY,11550-3003,Private      ,25,61,86,72,184,256
03328301,FRANKLIN CAREER INSTITUTE - BROOKLYN    ,NY,11220-3110,Private      ,31,79,110,98,322,420
03342400,AMERICAN BARBER INSTITUTE               ,NY,10001-5271,Proprietary  ,13,23,36,44,81,125
03358300,ALLEN SCHOOL                            ,NY,11432-4901,Proprietary  ,61,483,544,155,1205,1360
03358301,ALLEN SCHOOL - BROOKLYN                 ,NY,11201-0000,Proprietary  ,40,212,252,132,623,755
03380300,STAR CAREER ACADEMY                     ,NY,11791-5311,Proprietary  ,33,94,127,89,233,322
03419400,NORTHEASTERN SEMINARY                   ,NY,14624-1997,Private      ,0,38,38,14,120,134
03426400,ANTHEM INSTITUTE                        ,NY,10018-0000,Proprietary  ,83,142,225,226,506,732
03433500,LIA SCHORR INSTITUTE OF COSMETIC SK     ,NY,10022-2614,Proprietary  ,3,13,16,4,46,50
03443300,NEW YORK COLLEGE OF TRADITIONAL CHINESE ,NY,11501-0000,Private      ,2,33,35,4,80,84
03537300,NEW YORK AUTOMOTIVE & DIESEL INSTIT     ,NY,11101-0000,Proprietary  ,59,115,174,147,338,485
03568300,LEON STUDIO ONE SCHOOL OF HAIR DESI     ,NY,14221-5323,Proprietary  ,20,33,53,35,57,92
03651300,SAINT JOSEPH'S MEDICAL CENTER SCHOO     ,NY,10701-4080,Private      ,1,12,13,6,35,41
03652300,METROPOLITAN LEARNING INSTITUTE         ,NY,11374-2101,Private      ,21,219,240,62,942,1004
03691300,USA BEAUTY SCHOOL INTERNATIONAL         ,NY,10013-3530,Proprietary  ,0,2,2,7,36,43
03713300,BEIS MEDRASH HEICHAL DOVID              ,NY,11691-4433,Private      ,0,0,0,1,0,1
03773300,CENTER FOR NATURAL WELLNESS SCHOOL OF MA,NY,12205-1601,Proprietary  ,10,78,88,30,177,207
03802300,UTA MESIVTA OF KIRYAS JOEL              ,NY,10950-2169,Private      ,0,14,14,0,16,16
03809400,MICROPOWER CAREER INSTITUTE             ,NY,10001-2812,Proprietary  ,29,201,230,42,340,382
03819400,HUDSON VALLEY SCHOOL OF ADVANCED AESTHET,NY,12493-0000,Proprietary  ,2,6,8,6,16,22
03839300,AVEDA INSTITUTE NEW YORK                ,NY,10013-1522,Proprietary  ,43,93,136,115,270,385
03881300,UNION GRADUATE COLLEGE                  ,NY,12308-3131,Private      ,0,51,51,5,208,213
03903400,AMERICAN BEAUTY SCHOOL                  ,NY,10462-8003,Proprietary  ,38,133,171,95,369,464
03941400,ELITE ACADEMY OF BEAUTY ARTS            ,NY,11223-1630,Proprietary  ,5,57,62,17,103,120
03983300,"SCHOOL OF PROFESSIONAL HORTICULTURE, AT ",NY,10458-5126,Private      ,0,5,5,3,13,16
03988300,"SAE INSTITUTE OF TECHNOLOGY, NEW YORK   ",NY,10001-2915,Proprietary  ,90,110,200,255,297,552
04043300,ACE COMPUTER TRAINING CENTER            ,NY,11375-5337,Proprietary  ,5,44,49,24,157,181
04092401,MAKE-UP DESIGNORY -                     ,NY,10012-0041,Proprietary  ,71,59,130,264,307,571
04095300,KING'S COLLEGE (THE)                    ,NY,10018-0110,Private      ,29,10,39,925,82,1007
04102300,NEW AGE TRAINING                        ,NY,10001-4006,Proprietary  ,3,51,54,10,120,130
04115500,TALMUDICAL SEMINARY OF BOBOV            ,NY,11219-3826,Private      ,0,0,0,0,1,1
04117100,EDP SCHOOL OF COMPUTER PROGRAMMING      ,NY,11235-0000,Private      ,4,56,60,7,108,115
04117700,"MONROE 2-ORLEANS BOCES, CENTER FOR WORK ",NY,14624-1119,Public       ,12,80,92,35,149,184
04123200,INSTITUTE OF ALLIED MEDICAL PROFESSIONS ,NY,11373-5541,Private      ,1,55,56,17,209,226
04123300,HUDSON VALLEY SCHOOL OF MASSAGE THERAPY ,NY,12493-0000,Proprietary  ,4,24,28,9,57,66
04125600,CAREER SCHOOL OF NY                     ,NY,10301-2416,Private      ,17,27,44,47,79,126
04131500,COLLECTIVE (THE)                        ,NY,10011-2026,Proprietary  ,3,4,7,4,12,16
04133700,NEW YORK MEDICAL CAREER TRAINING CENTER ,NY,11354-6504,Proprietary  ,15,81,96,43,165,208
04134000,"JOHN PAOLO'S XTREME BEAUTY INSTITUTE, GO",NY,12020-1245,Proprietary  ,17,70,87,31,127,158
04137700,ANN MARIE'S WORLD OF BEAUTY SCHOOL      ,NY,13901-2308,Proprietary  ,3,8,11,13,20,33
04138100,YESHIVA OF MACHZIKAI HADAS              ,NY,11219-1408,Private      ,1,51,52,1,51,52
04144300,INSTITUTE OF CULINARY EDUCATION         ,NY,10010-5205,Proprietary  ,103,288,391,399,849,1248
04148000,NEW LIFE BUSINESS INSTITUTE             ,NY,11432-6149,Proprietary  ,9,57,66,10,64,74
04151200,SALON PROFESSIONAL ACADEMY (THE)        ,NY,14150-9200,Proprietary  ,20,33,53,33,65,98
04155300,ONONDAGA SCHOOL OF THERAPEUTIC MASSAGE  ,NY,13210-1533,Proprietary  ,10,56,66,52,191,243
04156000,ACADEMY OF COSMETOLOGY & ESTHETICS NYC (,NY,10306-3003,Proprietary  ,51,43,94,105,126,231
04165700,"JOHN PAOLO'S XTREME BEAUTY INSTITUTE, GO",NY,12110-3053,Proprietary  ,1,16,17,7,32,39
04166000,MANHATTAN INSTITUTE (THE)               ,NY,10016-6516,Proprietary  ,14,41,55,57,102,159
04167600,FINGER LAKES SCHOOL OF MASSAGE (THE)    ,NY,14850-1384,Proprietary  ,11,39,50,44,134,178
04167601,FINGER LAKES SCHOOL OF MASSAGE (THE) -  ,NY,10549-1103,Proprietary  ,5,29,34,20,78,98
04178700,ATELIER ESTHETIQUE INSTITUTE OF ESTHETIC,NY,10016-8804,Proprietary  ,5,72,77,22,207,229
04180200,LONG ISLAND NAIL & SKIN CARE INSTITUTE  ,NY,11756-1316,Proprietary  ,4,42,46,9,82,91
04190500,NEW YORK SCHOOL OF ESTHETICS & DAY SPA  ,NY,10591-3232,Proprietary  ,3,17,20,3,17,20
00267808,BRYANT & STRATTON COLLEGE - PARMA       ,OH,44130-0000,Proprietary  ,165,731,896,588,3478,4066
00301000,ANTIOCH UNIVERSITY                      ,OH,45387-1608,Private      ,5,214,219,72,928,1000
00301100,ART ACADEMY OF CINCINNATI               ,OH,45202-7106,Private      ,52,38,90,410,141,551
00301200,ASHLAND UNIVERSITY                      ,OH,44805-3799,Private      ,182,721,903,3911,3053,6964
00301300,ATHENAEUM OF OHIO                       ,OH,45230-2000,Private      ,1,0,1,5,6,11
00301400,BALDWIN-WALLACE COLLEGE                 ,OH,44017-2088,Private      ,360,317,677,4593,1559,6152
00301600,BLUFFTON UNIVERSITY                     ,OH,45817-2104,Private      ,78,80,158,1621,433,2054
00301800,BOWLING GREEN STATE UNIVERSITY          ,OH,43403-0001,Public       ,1454,1096,2550,19972,6686,26658
00302300,CAPITAL UNIVERSITY                      ,OH,43209-2394,Private      ,217,416,633,4053,2886,6939
00302400,CASE WESTERN RESERVE UNIV               ,OH,44106-0000,Private      ,85,186,271,7816,1347,9163
00302401,CASE WESTERN RESERVE UNIV - MED         ,OH,44106-0000,Private      ,4,43,47,88,1180,1268
00302402,CASE WESTERN RESERVE UNIV - DENTAL      ,OH,44106-0000,Private      ,1,11,12,36,285,321
00302403,CASE WESTERN RESERVE UNIV - LAW         ,OH,44106-0000,Private      ,2,71,73,19,977,996
00302404,CASE WESTERN RESERVE UNIV - UG          ,OH,44106-0000,Private      ,3,9,12,256,44,300
00302405,CASE WESTERN RESERVE UNIV - MSASS       ,OH,44106-0000,Private      ,1,35,36,43,538,581
00302406,CASE WESTERN RESERVE UNIV - NURS UG     ,OH,44106-0000,Private      ,5,31,36,215,185,400
00302407,CASE WESTERN RESERVE UNIV - WSOM        ,OH,44106-0000,Private      ,1,51,52,8,234,242
00302408,CASE WESTERN RESERVE UNIV -A&S GRAD     ,OH,44106-0000,Private      ,0,62,62,7,376,383
00302409,CASE WESTERN RESERVE UNIV -ENG GRAD     ,OH,44106-0000,Private      ,2,17,19,23,105,128
00302410,CASE WESTERN RESERVE UNIV -NURS GRD     ,OH,44106-0000,Private      ,0,58,58,14,432,446
00302500,CEDARVILLE UNIVERSITY                   ,OH,45314-8564,Private      ,252,71,323,4052,281,4333
00302600,CENTRAL STATE UNIVERSITY                ,OH,45384-1004,Public       ,327,287,614,3455,1707,5162
00302900,CINCINNATI CHRISTIAN UNIVERSITY         ,OH,45204-3200,Private      ,103,196,299,524,672,1196
00303000,OHIO CHRISTIAN UNIVERSITY               ,OH,43113-9487,Private      ,127,730,857,596,2271,2867
00303100,CLEVELAND INSTITUTE OF MUSIC            ,OH,44106-1776,Private      ,12,18,30,483,437,920
00303200,CLEVELAND STATE UNIVERSITY              ,OH,44115-2214,Public       ,1119,3163,4282,9064,14550,23614
00303300,COLLEGE OF MT ST JOSEPH                 ,OH,45233-1670,Private      ,90,175,265,1810,1338,3148
00303500,OHIO DOMINICAN UNIVERSITY               ,OH,43219-2099,Private      ,141,448,589,2169,2394,4563
00303600,FRANCISCAN UNIV OF STEUBENVILLE         ,OH,43952-1763,Private      ,192,141,333,2288,681,2969
00303700,COLLEGE OF WOOSTER                      ,OH,44691-2363,Private      ,63,22,85,3089,145,3234
00303900,COLUMBUS COLLEGE OF ART AND DESIGN      ,OH,43215-1758,Private      ,125,97,222,1772,601,2373
00304000,CUYAHOGA COMMUNITY COLLEGE              ,OH,44115-2878,Public       ,2798,6789,9587,10655,25205,35860
00304100,"DEFIANCE COLLEGE, THE                   ",OH,43512-1695,Private      ,74,65,139,1489,520,2009
00304200,DENISON UNIVERSITY                      ,OH,43023-1329,Private      ,57,13,70,2892,112,3004
00304300,CHANCELLOR UNIVERSITY                   ,OH,44114-1096,Proprietary  ,7,236,243,30,638,668
00304400,TRINITY LUTHERAN SEMINARY               ,OH,43209-0000,Private      ,0,8,8,0,133,133
00304500,UNIVERSITY OF FINDLAY                   ,OH,45840-3695,Private      ,227,273,500,3278,1613,4891
00304600,FRANKLIN UNIVERSITY                     ,OH,43215-5399,Private      ,143,1778,1921,972,10348,11320
00304800,HEIDELBERG UNIVERSITY                   ,OH,44883-2462,Private      ,91,80,171,1836,403,2239
00304900,HIRAM COLLEGE                           ,OH,44234-1808,Private      ,49,99,148,1750,413,2163
00305000,JOHN CARROLL UNIVERSITY                 ,OH,44118-4581,Private      ,192,182,374,4318,1039,5357
00305100,KENT STATE UNIV - KENT CAMPUS           ,OH,44242-0001,Public       ,1713,1915,3628,23196,11925,35121
00305101,KENT STATE UNIV - GEAUGA CAMPUS         ,OH,44021-0000,Public       ,85,155,240,542,813,1355
00305102,KENT STATE UNIV - STARK CAMPUS          ,OH,44720-0000,Public       ,444,674,1118,2675,3144,5819
00305103,KENT STATE UNIV - TUSCARAWAS CAMPUS     ,OH,44663-0000,Public       ,160,389,549,1032,1762,2794
00305104,KENT STATE UNIV - TRUMBULL CAMPUS       ,OH,44483-0000,Public       ,186,493,679,966,2265,3231
00305105,KENT STATE UNIV - ASHTABULA CAMPUS      ,OH,44004-0000,Public       ,173,405,578,909,2063,2972
00305106,KENT STATE UNIV -E.LIVERPOOL CAMPUS     ,OH,43920-0000,Public       ,72,158,230,430,888,1318
00305107,KENT STATE UNIV - SALEM CAMPUS          ,OH,44460-0000,Public       ,92,227,319,897,1289,2186
00306500,KENYON COLLEGE                          ,OH,43022-9623,Private      ,40,4,44,2717,46,2763
00306600,LAKE ERIE COLLEGE                       ,OH,44077-3389,Private      ,117,94,211,1460,462,1922
00306800,LORAIN COUNTY COMMUNITY COLLEGE         ,OH,44035-1691,Public       ,1129,2258,3387,3848,8424,12272
00306900,LOURDES COLLEGE                         ,OH,43560-2898,Private      ,145,524,669,1050,2287,3337
00307200,MALONE UNIVERSITY                       ,OH,44709-3897,Private      ,59,311,370,2123,1452,3575
00307300,MARIETTA COLLEGE                        ,OH,45750-4033,Private      ,98,46,144,2555,359,2914
00307500,METHODIST THEOLOGICAL SCH IN OHIO       ,OH,43015-0000,Private      ,0,33,33,1,207,208
00307600,MIAMI-JACOBS COLLEGE                    ,OH,45401-0000,Proprietary  ,25,233,258,112,726,838
00307602,MIAMI - JACOBS CAREER COLLEGE - SPRINGBO,OH,45066-1115,Proprietary  ,29,65,94,82,272,354
00307603,MIAMI - JACOBS CAREER COLLEGE - TROY    ,OH,45373-3837,Proprietary  ,30,97,127,154,491,645
00307700,MIAMI UNIVERSITY                        ,OH,45056-1831,Public       ,1110,1165,2275,20172,6051,26223
00307800,WRIGHT STATE UNIVERSITY                 ,OH,45435-0002,Public       ,1209,1650,2859,14351,11390,25741
00308300,UNIVERSITY OF MOUNT UNION               ,OH,44601-3993,Private      ,205,55,260,3408,355,3763
00308400,MUSKINGUM UNIVERSITY                    ,OH,43762-1199,Private      ,139,144,283,2324,726,3050
00308500,NOTRE DAME COLLEGE OF OHIO              ,OH,44121-4293,Private      ,137,257,394,2219,1317,3536
00308600,OBERLIN COLLEGE                         ,OH,44074-1090,Private      ,62,18,80,5045,215,5260
00308800,OHIO COLLEGE OF PODIATRIC MEDICINE      ,OH,44131-7304,Private      ,0,34,34,2,472,474
00308900,OHIO NORTHERN UNIVERSITY                ,OH,45810-1555,Private      ,264,121,385,3770,1117,4887
00309000,OHIO STATE UNIVERSITY-ALL CAMPUSES      ,OH,43210-1358,Public       ,2664,2734,5398,49981,26061,76042
00310000,OHIO UNIVERSITY                         ,OH,45701-2979,Public       ,1244,1781,3025,20288,9702,29990
00310002,"OHIO UNIVERSITY, ZANESVILLE CAMPUS      ",OH,43701-0000,Public       ,119,292,411,1125,1547,2672
00310003,"OHIO UNIVERSITY, LANCASTER CAMPUS       ",OH,43130-0000,Public       ,191,348,539,1295,1915,3210
00310004,"OHIO UNIVERSITY, SOUTHERN CAMPUS        ",OH,45638-0000,Public       ,150,414,564,879,1850,2729
00310005,"OHIO UNIVERSITY, CHILLICOTHE CAMPUS     ",OH,45601-0000,Public       ,204,456,660,1075,2287,3362
00310006,"OHIO UNIVERSITY, EASTERN CAMPUS         ",OH,43950-0000,Public       ,48,72,120,501,329,830
00310008,OHIO UNIV COLL OF OSTEOPATHIC MED       ,OH,45701-0000,Public       ,1,27,28,15,514,529
00310900,OHIO WESLEYAN UNIVERSITY                ,OH,43015-2398,Private      ,54,22,76,2860,179,3039
00311000,OTTERBEIN UNIVERSITY                    ,OH,43081-2006,Private      ,165,172,337,3890,1038,4928
00311300,PONTIFICAL COLLEGE JOSEPHINUM           ,OH,43235-1498,Private      ,7,8,15,34,20,54
00311400,FIRELANDS REGIONAL MEDICAL CENTER - SOUT,OH,44870-4788,Private      ,5,25,30,63,160,223
00311500,RABBINICAL COLLEGE OF TELSHE            ,OH,44092-2584,Private      ,5,4,9,6,5,11
00311600,UNIV OF RIO GRANDE                      ,OH,45674-3131,Private      ,236,507,743,1550,1945,3495
00311900,SINCLAIR COMMUNITY COLLEGE              ,OH,45402-1460,Public       ,2009,4955,6964,8545,20297,28842
00312100,TIFFIN UNIVERSITY                       ,OH,44883-2161,Private      ,370,1686,2056,3011,6961,9972
00312200,UNITED THEOLOGICAL SEMINARY             ,OH,45406-0000,Private      ,1,132,133,1,445,446
00312300,UNIVERSITY OF AKRON                     ,OH,44325-6211,Public       ,1838,2552,4390,20903,15300,36203
00312500,UNIVERSITY OF CINCINNATI                ,OH,45221-0125,Public       ,3187,5022,8209,26544,22561,49105
00312504,UNIVERSITY OF CINCINNATI - MEDICINE     ,OH,45267-0553,Public       ,24,94,118,325,1402,1727
00312700,UNIVERSITY OF DAYTON                    ,OH,45469-0002,Private      ,326,555,881,11103,3549,14652
00313100,UNIVERSITY OF TOLEDO                    ,OH,43606-3390,Public       ,1633,1948,3581,18058,11319,29377
00313300,URBANA UNIVERSITY                       ,OH,43078-2091,Private      ,50,109,159,952,714,1666
00313400,URSULINE COLLEGE                        ,OH,44124-4398,Private      ,64,288,352,637,1363,2000
00313500,WALSH UNIVERSITY                        ,OH,44720-3396,Private      ,87,195,282,2561,1216,3777
00314100,WILBERFORCE UNIVERSITY                  ,OH,45384-1001,Private      ,55,96,151,877,506,1383
00314200,WILMINGTON COLLEGE                      ,OH,45177-2499,Private      ,49,91,140,1711,606,2317
00314300,WITTENBERG UNIVERSITY                   ,OH,45501-2199,Private      ,52,62,114,3535,348,3883
00314400,XAVIER UNIVERSITY                       ,OH,45207-1035,Private      ,239,504,743,7184,3274,10458
00314500,YOUNGSTOWN STATE UNIVERSITY             ,OH,44555-0001,Public       ,1125,1543,2668,9593,8069,17662
00398200,CLEVELAND INSTITUTE OF ART              ,OH,44106-1700,Private      ,35,36,71,959,248,1207
00405401,HEBREW UNION COLLEGE JEWISH INSTITUTE OF,OH,45220-2488,Private      ,0,3,3,2,89,91
00406000,WINEBRENNER THEOLOGICAL SEMINARY        ,OH,45840-0000,Private      ,0,17,17,1,53,54
00485200,CLARK STATE COMMUNITY COLLEGE           ,OH,45505-4795,Public       ,469,1413,1882,1815,5704,7519
00485300,BRADFORD SCHOOL                         ,OH,43219-0000,Proprietary  ,79,134,213,697,591,1288
00485500,DAVIS COLLEGE                           ,OH,43623-4307,Proprietary  ,29,216,245,115,765,880
00486100,UNIVERSITY OF NORTHWESTERN OHIO         ,OH,45805-1498,Private      ,301,409,710,4261,2055,6316
00486600,STAUTZENBERGER COLLEGE                  ,OH,43537-4007,Proprietary  ,102,378,480,412,1590,2002
00510200,SCH OF DIAGNOSTIC IMAGING-CLEVELAND     ,OH,44119-0000,Private      ,4,10,14,6,56,62
00531300,NORTH CENTRAL STATE COLLEGE             ,OH,44901-0000,Public       ,294,773,1067,1295,3069,4364
00575300,OWENS STATE COMMUNITY COLLEGE           ,OH,43699-0000,Public       ,1573,3376,4949,5647,12526,18173
00648700,AULTMAN COLLEGE OF NURSING AND HEALTH SC,OH,44710-1799,Private      ,15,95,110,135,462,597
00648900,CHRIST COLLEGE OF NURSING AND HEALTH SCI,OH,45219-2906,Private      ,17,71,88,196,470,666
00649400,GOOD SAMARITAN COLG-NURSING/HEALTH      ,OH,45220-2489,Private      ,31,89,120,193,460,653
00649800,MERIDIA HURON SCHOOL OF NURSING         ,OH,44112-4308,Private      ,0,7,7,13,76,89
00650700,TRINIT HEALTH SYSTEM SCH OF NURSING     ,OH,43952-2667,Private      ,3,16,19,37,120,157
00680400,LAKELAND COMMUNITY COLLEGE              ,OH,44094-5198,Public       ,757,1785,2542,3037,6547,9584
00686700,COLUMBUS STATE COMMUNITY COLLEGE        ,OH,43215-1786,Public       ,2989,6905,9894,12964,29312,42276
00703500,KETTERING COLLEGE OF MEDICAL ARTS       ,OH,45429-1299,Private      ,51,164,215,575,1011,1586
00708500,MOUNT VERNON NAZARENE UNIVERSITY        ,OH,43050-9500,Private      ,82,133,215,1575,709,2284
00708501,MOUNT VERNON NAZARENE UNIV - AGS        ,OH,43050-0000,Private      ,9,191,200,156,775,931
00727500,EASTERN GATEWAY COMMUNITY COLLEGE       ,OH,43952-3598,Public       ,237,558,795,858,1883,2741
00732920,ITT TECHNICAL INSTITUTE                 ,OH,45414-3456,Proprietary  ,123,532,655,379,1538,1917
00732992,ITT TECHNICAL INSTITUTE                 ,OH,44509-4098,Proprietary  ,86,309,395,469,1484,1953
00747300,CHOFFIN CAREER & TECHNICAL CENTER       ,OH,44503-1628,Public       ,18,65,83,74,313,387
00759800,HOCKING TECHNICAL COLLEGE               ,OH,45764-9582,Public       ,594,917,1511,3690,4097,7787
00777700,REMINGTON COLLEGE - CLEVELAND CAMPUS    ,OH,44125-1957,Proprietary  ,200,690,890,400,1839,2239
00777704,REMINGTON COLLEGE-CLEVELAND WEST CAMPUS ,OH,44070-3129,Proprietary  ,23,101,124,94,383,477
00812900,ADULT AND COMMUNITY EDUCATION @ HUDSON  ,OH,43211-2017,Public       ,11,113,124,42,449,491
00813200,TOLEDO SCHOOL OF PRACTICAL NURSING      ,OH,43613-5110,Public       ,19,113,132,95,380,475
00813300,ZANE STATE COLLEGE                      ,OH,43701-2626,Public       ,236,568,804,1207,2670,3877
00819400,AKRON SCHOOL OF PRACTICAL NRSG          ,OH,44311-0000,Public       ,11,69,80,118,303,421
00827800,TERRA COMMUNITY COLLEGE                 ,OH,43420-9670,Public       ,286,800,1086,945,2575,3520
00867700,NORTHWEST STATE COMMUNITY COLLEGE       ,OH,43502-9542,Public       ,194,537,731,991,2687,3678
00888600,PORTAGE LAKES CAREER CENTER             ,OH,44685-9554,Public       ,11,37,48,24,133,157
00915600,WAYNE COUNTY SCHOOLS CAREER CENTER      ,OH,44677-9672,Public       ,9,55,64,45,219,264
00917200,SPRINGFIELD REGIONAL SCHOOL OF NURSING  ,OH,45501-0000,Private      ,2,19,21,16,74,90
00941200,FORTIS COLLEGE                          ,OH,44221-2998,Proprietary  ,76,332,408,277,1302,1579
00953000,GERBER AKRON BEAUTY SCHOOL              ,OH,44313-6995,Proprietary  ,11,45,56,30,107,137
00953100,SPA SCHOOL (THE)                        ,OH,43214-1524,Proprietary  ,12,57,69,49,207,256
00966000,TIFFIN ACADEMY OF HAIR DESIGN           ,OH,44883-2833,Proprietary  ,10,17,27,49,87,136
00994100,BELMONT TECHNICAL COLLEGE               ,OH,43950-9766,Public       ,221,512,733,907,1894,2801
00994200,SHAWNEE STATE UNIVERSITY                ,OH,45662-4344,Public       ,542,574,1116,4490,2657,7147
01001700,PAYNE THEOLOGICAL SEMINARY              ,OH,45384-0474,Private      ,0,42,42,0,143,143
01002700,JAMES A. RHODES STATE COLLEGE           ,OH,45804-3597,Public       ,326,887,1213,1692,3511,5203
01016800,NATIONWIDE BEAUTY ACADEMY               ,OH,43228-1000,Proprietary  ,15,46,61,89,209,298
01028000,OHIO STATE BEAUTY ACADEMY               ,OH,45801-4950,Proprietary  ,15,60,75,79,164,243
01032300,HANNAH E MULLINS SCH-PRAC NRSG          ,OH,44460-2906,Public       ,8,29,37,27,127,154
01034500,CINCINNATI STATE TECH & COMM CLG        ,OH,45223-2690,Public       ,1049,2700,3749,5096,12549,17645
01045300,WASHINGTON STATE CMTY COLLEGE           ,OH,45750-9225,Public       ,197,492,689,978,1603,2581
01063000,NORTHERN INSTITUTE OF COSMETOLOGY       ,OH,44052-1803,Proprietary  ,5,13,18,6,45,51
01073600,MARION TECHNICAL COLLEGE                ,OH,43302-5694,Public       ,166,571,737,858,2255,3113
01088000,CHATFIELD COLLEGE                       ,OH,45118-9705,Private      ,26,152,178,76,403,479
01088100,STARK STATE COLLEGE OF TECHNOLOGY       ,OH,44720-7299,Public       ,1004,3147,4151,3963,12908,16871
01090600,CINCINNATI CLG OF MORTUARY SCIENCE      ,OH,45224-1428,Private      ,15,42,57,102,206,308
01092300,UNION INSTITUTE & UNIVERSITY            ,OH,45206-1925,Private      ,10,478,488,35,1674,1709
01099300,HOBART INSTITUTE OF WELDING TECHNOLOGY  ,OH,45373-2400,Private      ,43,68,111,231,238,469
01100500,KAPLAN COLLEGE                          ,OH,43232-4827,Proprietary  ,35,308,343,149,1128,1277
01104600,CENTRAL OHIO TECHNICAL COLLEGE          ,OH,43055-1767,Public       ,276,909,1185,1596,4892,6488
01170300,PENTA COUNTY JOINT VOCATIONAL SCH       ,OH,43551-0000,Public       ,4,55,59,16,128,144
01174400,NATIONAL BEAUTY COLLEGE                 ,OH,44720-0000,Proprietary  ,12,25,37,36,141,177
01174500,OHIO TECHNICAL COLLEGE                  ,OH,44103-1228,Proprietary  ,158,201,359,1491,873,2364
01182500,OHIO STATE SCHOOL OF COSMETOLOGY        ,OH,43224-1107,Proprietary  ,17,59,76,58,183,241
01212800,SOUTHWESTERN COLLEGE                    ,OH,45402-3003,Proprietary  ,27,172,199,102,898,1000
01212802,SOUTHWESTERN COLLEGE                    ,OH,45005-2267,Proprietary  ,9,63,72,43,319,362
01212803,SOUTHWESTERN COLLEGE                    ,OH,45202-4304,Proprietary  ,16,116,132,54,631,685
01212804,SOUTHWESTERN COLLEGE                    ,OH,45246-3121,Proprietary  ,31,182,213,137,895,1032
01212806,LINCOLN COLLEGE OF TECHNOLOGY - TOLEDO  ,OH,43615-6800,Proprietary  ,13,111,124,66,605,671
01212807,LINCOLN COLLEGE OF TECHNOLOGY - COLUMBUS,OH,43215-3602,Proprietary  ,9,39,48,14,61,75
01212808,LINCOLN COLLEGE OF TECHNOLOGY - CLEVELAN,OH,44114-3266,Proprietary  ,3,36,39,3,36,39
01216600,CAROUSEL BEAUTY COLLEGE                 ,OH,45402-8935,Proprietary  ,27,73,100,69,206,275
01224800,CENTRAL SCHOOL OF PRACTICAL NURSING     ,OH,44103-4371,Private      ,17,108,125,59,390,449
01267200,CAROUSEL BEAUTY COLLEGE                 ,OH,45044-5113,Proprietary  ,5,14,19,11,34,45
01267400,CAROUSEL OF MIAMI VALLEY BEAUTY CLG     ,OH,45424-2063,Proprietary  ,1,4,5,3,14,17
01275000,EDISON COMMUNITY COLLEGE                ,OH,45356-9239,Public       ,137,474,611,1091,2571,3662
01283800,LAURA AND ALVIN SIEGAL COLLEGE OF JUDAIC,OH,44122-7197,Private      ,0,0,0,2,5,7
01284800,MOLER-HOLLYWOOD BEAUTY COLLEGE          ,OH,45202-2577,Proprietary  ,11,48,59,20,89,109
01287000,SOUTHERN STATE COMMUNITY COLLEGE        ,OH,45133-9406,Public       ,297,693,990,1209,2989,4198
01289100,ANTONELLI COLLEGE                       ,OH,45202-2592,Proprietary  ,32,116,148,165,490,655
01289600,VIRGINIA MARTI COLLEGE OF ART AND DESIGN,OH,44107-0778,Proprietary  ,22,41,63,164,190,354
01313200,INTERNATIONAL CLG OF BROADCASTING       ,OH,45431-1898,Proprietary  ,8,25,33,44,110,154
02052000,KAPLAN COLLEGE                          ,OH,45439-1984,Proprietary  ,53,295,348,191,986,1177
02054300,TRUMBULL BUSINESS COLLEGE               ,OH,44484-0000,Proprietary  ,8,97,105,33,442,475
02056800,DAYMAR COLLEGE                          ,OH,45601-1038,Proprietary  ,19,116,135,54,469,523
02056802,DAYMAR COLLEGE - LANCASTER              ,OH,43130-0000,Proprietary  ,9,83,92,29,242,271
02056803,DAYMAR COLLEGE - NEW BOSTON             ,OH,45662-4900,Proprietary  ,15,125,140,34,269,303
02056804,DAYMAR COLLEGE - JACKSON                ,OH,45640-1728,Proprietary  ,9,103,112,31,255,286
02066100,OHIO STATE COLLEGE/BARBER STYLING       ,OH,43213-0000,Proprietary  ,12,79,91,62,183,245
02073300,GALLIA-JACKSON-VINTON SCH ADULT ED      ,OH,45674-0000,Public       ,21,78,99,58,226,284
02110700,CLEVELAND INST OF DENTAL-MED ASST       ,OH,44115-2285,Proprietary  ,45,164,209,111,461,572
02116009,SANFORD-BROWN COLLEGE - MIDDLEBURG HEIGH,OH,44130-8362,Proprietary  ,54,239,293,224,1140,1364
02116900,UPPER VALLEY JVS                        ,OH,45356-0000,Public       ,8,45,53,21,207,228
02117300,GREAT OAKS INSTITUTE OF TECHNOLOGY      ,OH,45241-1581,Public       ,62,231,293,184,736,920
02128600,THE ART INSTITUTE OF CINCINNATI         ,OH,45246-0000,Proprietary  ,34,56,90,385,238,623
02140700,COMMUNITY EDUCATIONAL SERVICES          ,OH,44702-1710,Public       ,3,59,62,22,226,248
02152100,ACADEMY OF COURT REPORTING AND TECHNOLOG,OH,44115-0000,Proprietary  ,29,169,198,58,463,521
02152101,ACADEMY OF COURT REPORTING & TECHNOLOGY ,OH,43215-3902,Proprietary  ,18,65,83,90,496,586
02152106,ACADEMY OF COURT REPORTING AND TECHNOLOG,OH,45241-5428,Proprietary  ,15,59,74,36,183,219
02158500,OHIO BUSINESS COLLEGE                   ,OH,44035-0701,Proprietary  ,32,149,181,93,654,747
02158501,OHIO BUSINESS COLLEGE                   ,OH,44870-9953,Proprietary  ,20,104,124,70,565,635
02168100,TRI-COUNTY JOINT VOCATIONAL SCHOOL      ,OH,45764-0000,Public       ,7,60,67,32,141,173
02187900,ASHTABULA CO JOINT VOC SCH ADULT ED     ,OH,44047-0000,Public       ,17,95,112,36,203,239
02189000,ADULT CENTER FOR EDUCATION              ,OH,43701-0000,Public       ,19,120,139,78,393,471
02190700,FORTIS COLLEGE                          ,OH,45459-0000,Proprietary  ,139,995,1134,402,3289,3691
02192100,BUTLER TECHNOLOGY AND CAREER DEVELOPMENT,OH,45011-0000,Public       ,52,185,237,185,662,847
02196300,COLLINS CAREER CENTER                   ,OH,45619-0000,Public       ,35,188,223,177,624,801
02210800,MEDINA COUNTY CAREER CENTER             ,OH,44256-0000,Public       ,12,47,59,38,134,172
02215400,OHIO STATE SCHOOL OF COSMETOLOGY        ,OH,43207-0000,Proprietary  ,13,43,56,79,188,267
02220500,GOD'S BIBLE SCHOOL & COLLEGE            ,OH,45210-0000,Private      ,39,26,65,183,76,259
02220800,CAREER & TECHNOLOGY EDUCATION CENTERS OF,OH,43055-0000,Public       ,14,88,102,48,286,334
02239800,PIONEER CAREER & TECHNOLOGY CENTER      ,OH,44875-0000,Public       ,4,40,44,7,83,90
02245600,WARREN COUNTY CAREER CENTER             ,OH,45036-0000,Public       ,21,124,145,66,315,381
02246300,INSTITUTE OF MEDICAL-DENTAL TECH        ,OH,45246-3317,Proprietary  ,17,46,63,28,160,188
02263700,MIAMI VALLEY CAREER TECHNOLOGY CTR      ,OH,45315-0000,Public       ,22,146,168,95,436,531
02269400,EASTERN HILLS ACAD OF HAIR DESIGN       ,OH,45255-0000,Proprietary  ,4,30,34,21,96,117
02269500,WESTERN HILLS SCHOOL OF BEAUTY & HAIR DE,OH,45211-0000,Proprietary  ,20,90,110,45,225,270
02270100,OHIO HI-POINT CAREER CENTER             ,OH,43311-0000,Public       ,7,53,60,42,262,304
02272700,COLUMBIANA COUNTY CAREER CENTER         ,OH,44432-0000,Public       ,22,118,140,37,250,287
02287900,RAPHAEL'S SCHOOL OF BEAUTY CULTURE      ,OH,44446-0000,Proprietary  ,31,69,100,54,151,205
02289802,KAPLAN COLLEGE                          ,OH,45203-0000,Proprietary  ,31,215,246,106,722,828
02301400,OHIO VALLEY COLLEGE OF TECHNOLOGY       ,OH,43920-9139,Proprietary  ,21,48,69,125,221,346
02303600,FORTIS COLLEGE - RAVENNA CAMPUS         ,OH,44266-0000,Proprietary  ,27,99,126,114,499,613
02304700,TRI-RIVERS CAREER CENTER                ,OH,43302-0000,Public       ,13,60,73,40,235,275
02311200,AMERICAN SCHOOL OF TECHNOLOGY           ,OH,43229-0000,Proprietary  ,17,210,227,56,530,586
02315500,TOLEDO ACADEMY OF BEAUTY CULTURE - EAST ,OH,43616-0000,Proprietary  ,9,46,55,26,130,156
02324400,ALLSTATE HAIRSTYLING & BARBER CLG       ,OH,44113-0000,Proprietary  ,21,95,116,65,295,360
02328500,MOLER-PICKENS BEAUTY COLLEGE            ,OH,45014-0000,Proprietary  ,7,46,53,13,68,81
02334300,INTERNATIONAL ACAD OF HAIR DESIGN       ,OH,45239-0000,Proprietary  ,29,51,80,87,172,259
02336300,KNOX COUNTY CAREER CENTER               ,OH,43050-4298,Public       ,17,74,91,55,317,372
02336700,CUYAHOGA VALLEY CAREER CENTER           ,OH,44141-1296,Public       ,16,76,92,52,265,317
02337700,PROFESSIONAL SKILLS INSTITUTE           ,OH,43607-0000,Proprietary  ,14,128,142,113,743,856
02351500,WILLOUGHBY EASTLAKE SCH OF PRAC NSG     ,OH,44094-0000,Public       ,4,11,15,12,93,105
02352800,POLARIS CAREER CENTER-ADULT ED DEPT     ,OH,44130-0000,Public       ,40,146,186,94,366,460
02354200,SCIOTO COUNTY JOINT VOCATIONAL SCH      ,OH,45648-0000,Public       ,25,107,132,74,291,365
02454400,NORTHEASTERN OHIO UNIVS COL OF MED      ,OH,44272-0000,Public       ,3,39,42,126,830,956
02497800,GREENE COUNTY CAREER CENTER             ,OH,45385-0000,Public       ,8,60,68,21,163,184
02512600,ADULT VOCATIONAL SERVICES               ,OH,44308-0000,Public       ,2,21,23,12,77,89
02519300,OHIO STATE SCH COSMETOLOGY              ,OH,43110-2754,Proprietary  ,15,52,67,76,183,259
02522700,EASTLAND-FAIRFIELD CAREER AND TECHNICAL ,OH,43125-0000,Public       ,13,87,100,36,258,294
02528300,TDDS TECHNICAL INSTITUTE                ,OH,44429-0000,Proprietary  ,22,195,217,76,517,593
02529500,HAMRICK SCHOOL                          ,OH,44256-0000,Proprietary  ,4,84,88,8,166,174
02541400,TOLEDO ACADEMY OF BEAUTY CULTURE-SO     ,OH,43614-0000,Proprietary  ,10,50,60,48,192,240
02545800,INNER STATE BEAUTY SCHOOLS              ,OH,44124-0000,Proprietary  ,30,89,119,52,201,253
02553000,SCHOOL OF ADVERTISING ART               ,OH,45440-0000,Proprietary  ,8,7,15,190,29,219
02560000,CASAL AVEDA INSTITUTE                   ,OH,44515-0000,Proprietary  ,34,47,81,79,131,210
02560700,PICKAWAY ROSS CO JOINT VOC TECH SCH     ,OH,45601-0000,Public       ,25,130,155,71,338,409
02560701,PICKAWAY ROSS COUNTY JOINT VOCATIONAL SC,OH,45601-9010,Public       ,4,29,33,26,97,123
02562300,APOLLO CAREER CENTER-ADULT EDUC         ,OH,45806-0000,Public       ,12,138,150,70,507,577
02563000,RAPHAELS SCHOOL OF BEAUTY CULTURE       ,OH,44601-2847,Proprietary  ,13,39,52,28,104,132
02568600,MAHONING COUNTY CAREER & TECH CENTR     ,OH,44406-0000,Public       ,7,33,40,14,67,81
02582900,KAPLAN CAREER INSTITUTE                 ,OH,44129-6810,Proprietary  ,21,137,158,72,515,587
02586400,TRUMBULL CAREER & TECH CENTER-ADULT     ,OH,44483-1997,Public       ,23,86,109,52,273,325
02588500,OHIO STATE SCHOOL OF COSMETOLOGY        ,OH,43081-0000,Proprietary  ,37,50,87,100,190,290
02599711,VATTEROTT COLLEGE - CLEVELAND           ,OH,44147-3502,Proprietary  ,14,77,91,46,411,457
02603800,LORAIN COUNTY JVS ADULT CAREER CTR      ,OH,44074-9799,Public       ,39,135,174,76,265,341
02611007,HERITAGE COLLEGE - COLUMBUS             ,OH,43213-4440,Proprietary  ,22,169,191,37,258,295
02620000,SANDUSKY CAREER CENTER                  ,OH,44870-4786,Public       ,6,53,59,24,144,168
03007900,GALLIPOLIS CAREER COLLEGE               ,OH,45631-2600,Proprietary  ,6,58,64,18,214,232
03009702,"HARRISON COLLEGE - MUNCIE - COLUMBUS, OH",OH,43123-0000,Proprietary  ,24,98,122,75,293,368
03015100,ALLIANCE HIGH SCH-CMTY SERVICES DIV     ,OH,44601-2899,Public       ,17,55,72,26,95,121
03015300,EHOVE CAREER CENTER                     ,OH,44846-9500,Public       ,22,95,117,77,431,508
03023700,MADISON ADULT CAREER CENTER             ,OH,44905-2718,Public       ,10,59,69,27,240,267
03024300,VALLEY BEAUTY SCHOOL                    ,OH,43725-2332,Proprietary  ,20,31,51,38,91,129
03027100,FAIRVIEW ACADEMY                        ,OH,44126-2214,Proprietary  ,2,14,16,7,55,62
03034200,WASHINGTON COUNTY CAREER CENTER ADULT TE,OH,45750-9290,Public       ,14,101,115,66,388,454
03051400,AUBURN CAREER CENTER                    ,OH,44077-9723,Public       ,12,47,59,30,119,149
03051500,US GRANT JOINT VOCATIONAL SCHOOL        ,OH,45106-9502,Public       ,0,20,20,2,26,28
03065900,BUCKEYE CAREER CENTER                   ,OH,44663-9437,Public       ,15,52,67,72,230,302
03067600,RAPHAEL'S SCHOOL OF BEAUTY CULTURE      ,OH,44512-2222,Proprietary  ,7,31,38,22,70,92
03068200,OHIO CENTER FOR BROADCASTING            ,OH,44125-6273,Proprietary  ,20,78,98,63,209,272
03068202,OHIO CENTER FOR BROADCASTING - COLUMBUS ,OH,43213-2571,Proprietary  ,20,61,81,70,196,266
03071900,MOUNT CARMEL COLLEGE OF NURSING         ,OH,43222-1598,Private      ,65,158,223,775,868,1643
03072303,EVEREST INSTITUTE - COLUMBUS            ,OH,43230-6653,Proprietary  ,38,245,283,110,692,802
03078000,OHIO CENTER FOR BROADCASTING            ,OH,45227-1509,Proprietary  ,9,24,33,25,94,119
03079000,ETI TECHNICAL COLLEGE                   ,OH,44446-4398,Proprietary  ,28,67,95,90,301,391
03084800,DELAWARE AREA CAREER CENTER             ,OH,43015-8969,Public       ,2,13,15,8,46,54
03084801,DELAWARE AREA CAREER CENTER -           ,OH,43015-9001,Public       ,1,8,9,2,25,27
03095600,VANTAGE CAREER CENTER                   ,OH,45891-1378,Public       ,9,48,57,26,124,150
03097000,MERCY COLLEGE OF NORTHWEST OHIO         ,OH,43604-1132,Private      ,68,257,325,534,1305,1839
03100100,PARAMOUNT BEAUTY ACADEMY                ,OH,45662-4136,Proprietary  ,13,48,61,40,117,157
03116200,DAYTON BARBER COLLEGE                   ,OH,45342-0000,Proprietary  ,6,41,47,21,96,117
03116300,OHIO COLLEGE OF MASSOTHERAPY            ,OH,44321-1363,Private      ,15,74,89,34,179,213
03116400,VANGUARD-SENTINELL VOC SCH DISTRICT     ,OH,43420-1197,Public       ,2,10,12,7,57,64
03117000,ASHLAND COUNTY-W HOLMES CAREER CTR      ,OH,44805-0000,Public       ,5,49,54,32,152,184
03319300,CREATIVE IMAGES-A CERTIFIED MATRIX      ,OH,45414-2557,Proprietary  ,14,58,72,66,195,261
03319301,CREATIVE IMAGES-A CERTIFIED MATRIX      ,OH,45459-0000,Proprietary  ,14,43,57,65,176,241
03416400,VALLEY BEAUTY SCHOOL                    ,OH,43701-3624,Proprietary  ,6,17,23,13,63,76
03425300,ROSEDALE BIBLE COLLEGE                  ,OH,43029-9517,Private      ,12,5,17,57,13,70
03457300,ALLEGHENY WESLEYAN COLLEGE              ,OH,44460-9598,Private      ,11,9,20,33,29,62
03468400,NATIONAL INSTITUTE OF MASSOTHERAPY      ,OH,44319-2100,Proprietary  ,1,28,29,14,90,104
03468500,ATS INSTITUTE OF TECHNOLOGY             ,OH,44143-2216,Proprietary  ,11,144,155,38,667,705
03475400,TRI-STATE BIBLE COLLEGE                 ,OH,45680-8402,Private      ,1,20,21,9,56,65
03534400,AMERICAN INST OF ALTERNATIVE MEDICI     ,OH,43229-1113,Proprietary  ,15,109,124,49,475,524
03626300,BROWN AVEDA INSTITUTE                   ,OH,44060-6212,Proprietary  ,44,67,111,175,258,433
03693300,CARNEGIE CAREER COLLEGE                 ,OH,44260-9608,Private      ,10,128,138,26,417,443
03700300,REGENCY BEAUTY INSTITUTE - CLEVELAND    ,OH,44094-0000,Proprietary  ,31,85,116,88,255,343
03726300,TEMPLE BAPTIST COLLEGE                  ,OH,45240-0000,Private      ,35,33,68,60,67,127
03747300,BEXLEY HALL SEMINARY                    ,OH,43209-2325,Private      ,0,6,6,0,28,28
03776400,HEALING ARTS INSTITUTE                  ,OH,43551-3138,Proprietary  ,6,16,22,14,56,70
03837300,AVEDA FREDRIC'S INSTITUTE               ,OH,45208-1304,Proprietary  ,42,74,116,157,266,423
03882300,OREGON CAREER CENTER                    ,OH,43616-2631,Public       ,6,28,34,9,51,60
04050400,DESIGNER'S BEAUTY ACADEMY               ,OH,43920-0000,Proprietary  ,0,0,0,5,7,12
04051307,ART INSTITUTE OF PHOENIX (THE) - BROWN M,OH,45215-1107,Proprietary  ,129,703,832,492,2397,2889
04051308,ART INSTITUTE OF PHOENIX (THE) - BROWN M,OH,44320-4420,Proprietary  ,42,193,235,42,193,235
04051317,ART INSTITUTE OF PHOENIX (THE) - BROWN M,OH,45840-6848,Proprietary  ,195,771,966,437,2103,2540
04051326,ART INSTITUTE OF PHOENIX (THE) - BROWN M,OH,44718-3674,Proprietary  ,21,121,142,60,301,361
04068300,FOUR COUNTY CAREER CENTER               ,OH,43512-9541,Public       ,1,27,28,11,69,80
04074300,HONDROS COLLEGE                         ,OH,43081-3855,Proprietary  ,85,502,587,273,1965,2238
04116700,NEWLIFE TECHNICAL INSTITUTE             ,OH,43920-2920,Private      ,2,3,5,6,16,22
04117300,DAYTON SCHOOL OF MEDICAL MASSAGE        ,OH,45429-1111,Proprietary  ,44,153,197,148,509,657
04118300,NORTHCOAST MEDICAL TRAINING ACADEMY     ,OH,44240-4174,Proprietary  ,20,83,103,66,214,280
04124500,TECHSKILLS                              ,OH,43231-0000,Proprietary  ,3,76,79,19,213,232
04125700,CUT BEAUTY SCHOOL (THE)                 ,OH,44118-2918,Proprietary  ,12,69,81,48,218,266
04126000,OHIO ACADEMY PAUL MITCHELL PARTNER SCHOO,OH,44087-3107,Proprietary  ,39,48,87,91,141,232
04137800,AVEDA INSTITUTE COLUMBUS                ,OH,43201-2333,Proprietary  ,42,74,116,160,265,425
04138000,INSTITUTE OF THERAPEUTIC MASSAGE        ,OH,45875-0350,Proprietary  ,6,19,25,19,54,73
04140100,CISORIA ACADEMY OF COSMETOLOGY          ,OH,44137-2915,Proprietary  ,6,14,20,23,78,101
04149100,CINCINNATI ACADEMY A PAUL MITCHELL PARTN,OH,45241-1702,Proprietary  ,53,79,132,124,197,321
04151400,VANITY SCHOOL OF COSMETOLOGY            ,OH,44035-0000,Proprietary  ,7,9,16,16,31,47
04152100,TOLEDO RESTAURANT TRAINING CENTER       ,OH,43604-6508,Private      ,3,19,22,5,48,53
04152600,PIKE COUNTY CAREER TECHNOLOGY CENTER    ,OH,45661-9114,Public       ,4,20,24,15,104,119
04153300,OHIO ACADEMY COLUMBUS (THE)             ,OH,43231-6038,Proprietary  ,28,60,88,86,137,223
04154000,TOLLES CAREER & TECHNICAL CENTER        ,OH,43064-8854,Public       ,0,13,13,11,39,50
04166800,SALON PROFESSIONAL ACADEMY (THE)        ,OH,45551-0000,Proprietary  ,13,25,38,54,98,152
04167700,ARTISAN COLLEGE OF COSMETOLOGY (THE)    ,OH,45840-6848,Proprietary  ,8,28,36,27,61,88
04185900,ELITE SCHOOL OF COSMETOLOGY             ,OH,44857-2714,Proprietary  ,4,14,18,8,29,37
04189100,TONI & GUY HAIRDRESSING ACADEMY         ,OH,43615-1731,Proprietary  ,28,33,61,28,33,61
04192200,ATHENA CAREER ACADEMY                   ,OH,43560-2796,Proprietary  ,7,21,28,7,21,28
        ,INVALID SCHOOL CODE                     ,  ,00000-0000,,628,2344,2972,3160,6761,9921
00134500,ADAMS STATE COLLEGE                     ,CO,81102-2373,Public       ,426,656,1082,2668,2216,4884
00134600,ARAPAHOE COMMUNITY COLLEGE              ,CO,80160-9002,Public       ,685,2075,2760,2616,6660,9276
00134700,COLORADO COLLEGE                        ,CO,80903-3294,Private      ,79,120,199,2912,649,3561
00134800,COLORADO SCHOOL OF MINES                ,CO,80401-1887,Public       ,155,165,320,5648,1291,6939
00134900,UNIVERSITY OF NORTHERN COLORADO         ,CO,80639-0001,Public       ,722,769,1491,10517,4982,15499
00135000,COLORADO STATE UNIVERSITY               ,CO,80523-0100,Public       ,1543,1917,3460,23283,11434,34717
00135200,DENVER  SEMINARY                        ,CO,80120-2192,Private      ,0,181,181,2,711,713
00135300,FORT LEWIS COLLEGE                      ,CO,81301-3999,Public       ,397,317,714,3917,1529,5446
00135400,ILIFF SCHOOL OF THEOLOGY                ,CO,80210-0000,Private      ,1,44,45,3,332,335
00135500,LAMAR COMMUNITY COLLEGE                 ,CO,81052-3999,Public       ,109,168,277,372,345,717
00135800,MESA STATE COLLEGE                      ,CO,81501-3122,Public       ,913,1038,1951,6339,4045,10384
00135900,COLORADO NORTHWESTERN COMMUNITY COLLEGE ,CO,81648-3598,Public       ,72,134,206,352,446,798
00136000,METROPOLITAN STATE CLG OF DENVER        ,CO,80204-0000,Public       ,1872,3612,5484,11265,16918,28183
00136100,NORTHEASTERN JUNIOR COLLEGE             ,CO,80751-2399,Public       ,216,198,414,1337,606,1943
00136200,OTERO JUNIOR COLLEGE                    ,CO,81050-3346,Public       ,151,393,544,640,825,1465
00136300,REGIS UNIVERSITY                        ,CO,80221-1099,Private      ,113,1487,1600,3096,9069,12165
00136500,COLORADO STATE UNIVERSITY-PUEBLO        ,CO,81001-4901,Public       ,425,1109,1534,4987,4818,9805
00136800,TRINIDAD STATE JR COLLEGE               ,CO,81082-2396,Public       ,189,438,627,635,1133,1768
00137000,UNIVERSITY OF COLORADO-BOULDER          ,CO,80309-0077,Public       ,1762,1438,3200,23137,9841,32978
00137100,UNIVERSITY OF DENVER                    ,CO,80208-2000,Private      ,198,1116,1314,7496,9358,16854
00137200,WESTERN STATE COLLEGE                   ,CO,81231-0000,Public       ,158,120,278,2043,631,2674
00405702,NATIONAL AMERICAN UNIVERSITY - COLORADO ,CO,80920-4001,Proprietary  ,10,98,108,25,287,312
00405703,NATIONAL AMERICAN UNIVERSITY            ,CO,80222-0000,Proprietary  ,12,77,89,33,270,303
00450300,EVEREST COLLEGE                         ,CO,80916-3548,Proprietary  ,46,283,329,131,894,1025
00450600,COLORADO MOUNTAIN COLLEGE               ,CO,81602-0000,Public       ,242,488,730,1461,1661,3122
00450700,EVEREST COLLEGE                         ,CO,80229-4339,Proprietary  ,55,202,257,112,573,685
00450701,"EVEREST COLLEGE- EVEREST COLLEGE, AURORA",CO,80012-5692,Proprietary  ,50,180,230,126,627,753
00450800,UNIVERSITY OF COLORADO DENVER           ,CO,80204-2029,Public       ,690,2497,3187,7059,14421,21480
00450900,UNIV OF COLORADO AT COLO SPRINGS        ,CO,80918-3735,Public       ,635,1038,1673,6244,5160,11404
00559600,EMILY GRIFFITH OPPORTUNITY SCH          ,CO,80204-2197,Public       ,128,637,765,478,1975,2453
00729700,REDSTONE COLLEGE                        ,CO,80020-9988,Proprietary  ,62,214,276,308,996,1304
00732912,ITT TECHNICAL INSTITUTE                 ,CO,80229-5338,Proprietary  ,133,528,661,293,1341,1634
00754700,LINCOLN COLLEGE OF TECHNOLOGY           ,CO,80223-0000,Proprietary  ,147,233,380,837,890,1727
00754800,WESTWOOD COLLEGE - DENVER NORTH         ,CO,80221-3653,Proprietary  ,62,282,344,341,1370,1711
00754801,WESTWOOD COLLEGE - DENVER SOUTH         ,CO,80227-3653,Proprietary  ,32,177,209,129,713,842
00758200,AIMS COMMUNITY COLLEGE                  ,CO,80632-0000,Public       ,424,848,1272,2236,3784,6020
00764900,ROCKY MOUNTAIN COLG OF ART & DESIGN     ,CO,80214-0000,Proprietary  ,88,100,188,852,470,1322
00793300,FRONT RANGE COMMUNITY COLLEGE           ,CO,80031-2199,Public       ,1557,3152,4709,7010,13477,20487
00863500,INTELLITEC MEDICAL INSTITUTE            ,CO,80909-1570,Proprietary  ,31,199,230,93,565,658
00887100,CONCORDE CAREER INSTITUTE               ,CO,80203-0000,Proprietary  ,65,290,355,217,998,1215
00889600,PIKES PEAK COMMUNITY COLLEGE            ,CO,80906-5498,Public       ,1376,3715,5091,4504,12020,16524
00940100,COLORADO CHRISTIAN UNIVERSITY           ,CO,80226-7449,Private      ,137,790,927,1734,2998,4732
00954200,COMMUNITY COLLEGE OF DENVER             ,CO,80217-2026,Public       ,1098,3203,4301,4990,11829,16819
00954300,RED ROCKS COMMUNITY COLLEGE             ,CO,80228-1255,Public       ,683,1759,2442,2815,6257,9072
00998100,MORGAN COMMUNITY COLLEGE                ,CO,80701-4399,Public       ,83,300,383,321,908,1229
01014800,COLORADO TECHNICAL UNIVERSITY           ,CO,80907-3896,Proprietary  ,116,1975,2091,446,7736,8182
01014802,COLORADO TECHNICAL UNIV - DENVER        ,CO,80111-3201,Proprietary  ,14,182,196,74,888,962
01014805,COLORADO TECH UNIV - ON LINE            ,CO,80907-0000,Proprietary  ,422,9633,10055,1285,33101,34386
01014806,COLORADO TECH UNIV - FED EXPRESS        ,CO,80921-3800,Proprietary  ,1,29,30,9,96,105
01014808,COLORADO TECH UNIV - USAA               ,CO,80920-1005,Proprietary  ,0,32,32,10,92,102
01014811,COLORADO TECH UNIV-HEWLETT PACKARD      ,CO,80919-2303,Proprietary  ,0,5,5,3,27,30
01014812,COLORADO TECHNICAL UNIVERSITY - WESTMINS,CO,80021-3498,Proprietary  ,23,291,314,102,1180,1282
01014813,COLORADO TECH UNIV - ORACLE             ,CO,80921-3660,Proprietary  ,2,17,19,3,55,58
01014815,COLORADO TECHNCL UNIV PUEBLO            ,CO,81003-2315,Proprietary  ,17,85,102,53,482,535
01070900,EMPIRE BEAUTY SCHOOL-LAKEWOOD           ,CO,80215-0000,Proprietary  ,5,19,24,38,117,155
01073200,SAN JUAN BASIN TECHNICAL COLLEGE        ,CO,81328-9196,Public       ,0,0,0,2,8,10
01157200,COLORADO SCHOOL OF TRADES               ,CO,80215-2996,Proprietary  ,16,95,111,64,357,421
01267000,BEL-REA INST OF ANIMAL TECH             ,CO,80247-3048,Proprietary  ,101,159,260,463,834,1297
01285000,INTERNATIONAL SALON AND SPA ACADEMY     ,CO,80918-3684,Proprietary  ,23,73,96,79,221,300
01287500,PICKENS TECHNICAL COLLEGE               ,CO,80011-9307,Public       ,68,212,280,307,799,1106
01300700,NAZARENE BIBLE COLLEGE                  ,CO,80910-3717,Private      ,8,162,170,51,611,662
02072200,EMPIRE BEAUTY SCHOOL -ARVADA            ,CO,80212-0000,Proprietary  ,9,36,45,52,181,233
02078900,ART INSTITUTE OF COLORADO (THE)         ,CO,80203-2983,Proprietary  ,255,512,767,1511,2083,3594
02116300,PUEBLO COMMUNITY COLLEGE                ,CO,81004-0000,Public       ,633,1981,2614,1938,5945,7883
02117500,NAROPA UNIVERSITY                       ,CO,80302-0000,Private      ,23,91,114,338,1343,1681
02133100,COLORADO CENTER FOR MEDICAL LABORATORY S,CO,80218-0000,Private      ,1,22,23,9,76,85
02141100,EMPIRE BEAUTY SCHOOL-LITTLETON          ,CO,80030-0000,Proprietary  ,24,64,88,88,216,304
02156200,DELTA - MONTROSE TECHNICAL COLLEGE      ,CO,81416-0000,Public       ,23,69,92,91,250,341
02160600,EMPIRE BEAUTY SCHOOL -THORNTON          ,CO,80241-1659,Proprietary  ,24,39,63,60,137,197
02165200,SALON PROFESSIONAL ACADEMY (THE)        ,CO,81504-5309,Proprietary  ,16,30,46,38,76,114
02167600,KAPLAN COLLEGE                          ,CO,80229-5309,Proprietary  ,35,157,192,98,562,660
02171300,TRINIDAD STATE JUNIOR COLLEGE           ,CO,81101-0000,Proprietary  ,0,2,2,0,4,4
02188700,DENVER ACAD OF COURT REPORTING          ,CO,80030-0000,Proprietary  ,4,35,39,25,198,223
02211901,CHEEKS INTERNATIONAL ACADEMY OF BEAUTY C,CO,80525-3053,Proprietary  ,3,7,10,22,43,65
02211902,CHEEKS INTERNATIONAL ACDMY BTY CULT     ,CO,80631-0000,Proprietary  ,2,10,12,14,41,55
02253700,INTELLITEC COLLEGE                      ,CO,80909-0000,Proprietary  ,49,243,292,85,444,529
02267500,GLENWOOD BEAUTY ACADEMY                 ,CO,81601-0000,Proprietary  ,11,18,29,13,33,46
02276900,COMMUNITY COLLEGE OF AURORA             ,CO,80011-9036,Public       ,617,2134,2751,2377,6656,9033
02518500,HAIR DYNAMICS EDUCATION CENTER          ,CO,80525-0000,Proprietary  ,34,45,79,94,148,242
02594300,COLLEGE AMERICA - DENVER                ,CO,80222-3380,Proprietary  ,97,568,665,421,2535,2956
02611000,HERITAGE COLLEGE                        ,CO,80212-7413,Proprietary  ,96,245,341,259,806,1065
03006300,INST OF BUSINESS & MEDICAL CAREERS      ,CO,80525-3044,Proprietary  ,66,260,326,298,1239,1537
03010622,VIRGINIA COLLEGE - ECOTECH INSTITUTE - A,CO,80014-1405,Proprietary  ,32,129,161,112,487,599
03012100,REMINGTON COLLEGE - COLORADO SPRINGS CAM,CO,80215-0000,Proprietary  ,12,55,67,36,201,237
03013100,BOULDER COLLEGE OF MASSAGE THERAPY      ,CO,80301-3295,Private      ,22,66,88,79,210,289
03014900,PLATT COLLEGE                           ,CO,80014-3141,Proprietary  ,8,74,82,36,239,275
03027400,XENON INTERNATIONAL ACADEMY III         ,CO,80014-1193,Proprietary  ,20,46,66,49,128,177
03030606,UTAH COLLEGE OF MASSAGE THERAPY - DENVER,CO,80031-2921,Proprietary  ,37,62,99,85,184,269
03030607,UTAH COLLEGE OF MASSAGE THERAPY - DENVER,CO,80012-2523,Proprietary  ,27,74,101,85,208,293
03066900,INTELLITEC COLLEGE                      ,CO,81506-3994,Proprietary  ,62,328,390,148,650,798
03068201,OHIO CENTER FOR BROADCASTING - COLORADO ,CO,80214-4129,Proprietary  ,16,61,77,43,169,212
03076401,BRYMAN SCHOOL OF ARIZONA (THE) - ANTHEM ,CO,80014-2622,Proprietary  ,7,12,19,10,39,49
03289300,COLORADO HEIGHTS UNIVERSITY             ,CO,80236-2711,Private      ,11,93,104,50,204,254
03306300,MONTESSORI EDUC CRT OF THE ROCKIES      ,CO,80301-2587,Private      ,1,3,4,4,44,48
03534300,JONES INTERNATIONAL UNIVERSITY          ,CO,80112-3446,Proprietary  ,89,2253,2342,291,6975,7266
03545300,UNIVERSITY OF THE ROCKIES               ,CO,80903-3612,Proprietary  ,7,753,760,28,2108,2136
03584400,COLORADO SCHOOL OF HEALING ARTS         ,CO,80226-4332,Proprietary  ,23,68,91,68,232,300
03670300,TONI & GUY HAIRDRESSING ACADEMY         ,CO,80911-1713,Proprietary  ,35,52,87,90,168,258
03686300,COLORADO SCHOOL OF TRADITIONAL CHINESE M,CO,80206-2127,Proprietary  ,1,46,47,7,183,190
03776300,CULINARY SCHOOL OF THE ROCKIES          ,CO,80305-5961,Proprietary  ,15,58,73,120,249,369
03972300,CUTTIN' UP BEAUTY ACADEMY               ,CO,80220-0000,Proprietary  ,7,36,43,26,89,115
03976300,MASSAGE THERAPY INSTITUTE OF COLORADO   ,CO,80206-2127,Proprietary  ,7,39,46,47,123,170
04080300,ASPEN UNIVERSITY                        ,CO,80246-1930,Proprietary  ,8,100,108,43,289,332
04093300,ACADEMY OF NATURAL THERAPY              ,CO,80631-3425,Proprietary  ,11,26,37,36,88,124
04121200,INSTITUTE OF TAOIST EDUCATION AND ACUPUN,CO,80027-1028,Private      ,0,15,15,0,48,48
04125100,MONTESSORI CASA INTERNATIONAL           ,CO,80111-5263,Private      ,1,5,6,1,13,14
04127700,AMERICAN SENTINEL UNIVERSITY            ,CO,80014-6510,Proprietary  ,2,254,256,14,665,679
04139300,NATIONAL BEAUTY COLLEGE                 ,CO,80221-0000,Proprietary  ,10,32,42,41,114,155
04140400,ACADEMY OF MEDICAL & HEALTH SCIENCE     ,CO,81005-2195,Proprietary  ,0,0,0,28,77,105
04148300,DENVER SCHOOL OF NURSING                ,CO,80202-1213,Proprietary  ,31,230,261,191,990,1181
04151100,SUMMIT SALON & BEAUTY SCHOOL            ,CO,80866-4569,Proprietary  ,0,9,9,3,20,23
04167100,AVEDA INSTITUTE DENVER                  ,CO,80202-0000,Proprietary  ,72,126,198,198,363,561
04170200,PAUL MITCHELL THE SCHOOL COLORADO SPRING,CO,80903-0000,Proprietary  ,48,112,160,143,280,423
04172500,ROLF INSTITUTE OF STRUCTURAL INTEGRATION,CO,80301-0000,Private      ,0,20,20,4,81,85
04173800,SALON PROFESSIONAL ACADEMY (THE)        ,CO,80918-2932,Proprietary  ,20,62,82,56,144,200
04177100,PIMA MEDICAL INSTITUTE-SOUTH DENVER     ,CO,80231-0000,Proprietary  ,24,110,134,107,405,512
04179700,UNITED BEAUTY COLLEGE                   ,CO,80223-2936,Proprietary  ,5,30,35,11,56,67
04183700,HEALING ARTS INSTITUTE                  ,CO,80525-3479,Proprietary  ,5,18,23,15,30,45
04184900,COLLEGE OF INTERNATIONAL ESTHETICS      ,CO,80002-3754,Proprietary  ,3,41,44,3,41,44
04185000,COLORADO ACADEMY OF VETERINARY TECHNOLOG,CO,80906-4944,Proprietary  ,13,33,46,36,84,120
04185400,NATIONAL PERSONAL TRAINING INSTITUTE OF ,CO,80401-3304,Proprietary  ,14,43,57,14,43,57
00267811,BRYANT & STRATTON COLLEGE - VIRGINIA BEA,VA,23462-4417,Proprietary  ,134,766,900,540,2911,3451
00370200,AVERETT UNIVERSITY                      ,VA,24541-3692,Private      ,95,463,558,1460,1634,3094
00370300,BLUEFIELD COLLEGE                       ,VA,24605-1799,Private      ,47,168,215,806,567,1373
00370400,BRIDGEWATER COLLEGE                     ,VA,22812-1599,Private      ,49,23,72,3519,233,3752
00370500,COLLEGE OF WILLIAM & MARY               ,VA,23187-8795,Public       ,184,198,382,10390,4455,14845
00370600,CHRISTOPHER NEWPORT UNIVERSITY          ,VA,23606-2998,Public       ,296,208,504,7493,1212,8705
00370700,RICHARD BLAND COLLEGE                   ,VA,23805-7100,Public       ,185,143,328,1325,645,1970
00370800,EASTERN MENNONITE UNIVERSITY            ,VA,22802-2462,Private      ,59,103,162,1128,528,1656
00370900,EMORY & HENRY COLLEGE                   ,VA,24327-0010,Private      ,48,24,72,1472,184,1656
00371100,FERRUM COLLEGE                          ,VA,24088-2612,Private      ,98,35,133,2920,338,3258
00371200,TIDEWATER COMMUNITY COLLEGE             ,VA,23510-1910,Public       ,2910,6635,9545,10874,23900,34774
00371300,HAMPDEN-SYDNEY COLLEGE                  ,VA,23943-0128,Private      ,57,7,64,1389,55,1444
00371400,HAMPTON UNIVERSITY                      ,VA,23668-0099,Private      ,467,579,1046,9009,3848,12857
00371500,HOLLINS UNIVERSITY                      ,VA,24020-0000,Private      ,24,77,101,980,647,1627
00371900,LONGWOOD UNIVERSITY                     ,VA,23909-1899,Public       ,210,125,335,5600,833,6433
00372000,LYNCHBURG COLLEGE                       ,VA,24501-3199,Private      ,213,174,387,3598,960,4558
00372100,JAMES MADISON UNIVERSITY                ,VA,22807-3780,Public       ,780,261,1041,23188,2796,25984
00372300,MARY BALDWIN COLLEGE                    ,VA,24401-3610,Private      ,92,248,340,1578,1108,2686
00372400,MARYMOUNT UNIVERSITY                    ,VA,22207-4224,Private      ,176,376,552,2545,2351,4896
00372600,NATIONAL COLLEGE                        ,VA,24153-4524,Proprietary  ,133,944,1077,589,5679,6268
00372700,NORTHERN VA CMTY CLG                    ,VA,22003-3743,Public       ,2871,4530,7401,13664,18015,31679
00372800,OLD DOMINION UNIVERSITY                 ,VA,23529-0052,Public       ,1252,2372,3624,18744,13920,32664
00373200,RADFORD UNIVERSITY                      ,VA,24142-6905,Public       ,485,290,775,9750,2562,12312
00373300,RANDOLPH-MACON COLLEGE                  ,VA,23005-5505,Private      ,86,25,111,2640,177,2817
00373400,RANDOLPH COLLEGE                        ,VA,24503-1526,Private      ,54,25,79,863,136,999
00373500,VIRGINIA COMMONWEALTH UNIVERSITY        ,VA,23284-9004,Public       ,1732,1994,3726,22668,13943,36611
00373600,ROANOKE COLLEGE                         ,VA,24153-3794,Private      ,65,34,99,3267,293,3560
00373700,SHENANDOAH UNIVERSITY                   ,VA,22601-5195,Private      ,165,301,466,2593,2141,4734
00373800,SOUTHERN VIRGINIA UNIVERSITY            ,VA,24416-3038,Private      ,107,68,175,1132,323,1455
00373900,ST PAULS COLLEGE                        ,VA,23868-1299,Private      ,76,87,163,570,362,932
00374200,SWEET BRIAR COLLEGE                     ,VA,24595-9998,Private      ,23,10,33,821,79,900
00374300,UNION PRESBYTERIAN SEMINARY             ,VA,23227-0000,Private      ,0,18,18,5,90,95
00374400,UNIVERSITY OF RICHMOND                  ,VA,23173-0001,Private      ,85,340,425,6266,2687,8953
00374500,UNIVERSITY OF VIRGINIA - SFS            ,VA,22903-0000,Public       ,564,644,1208,19735,8868,28603
00374600,UNIVERSITY OF MARY WASHINGTON           ,VA,22401-5358,Public       ,192,198,390,5156,1223,6379
00374700,UNIV OF VIRGINIA'S COLLEGE AT WISE      ,VA,24293-4412,Public       ,91,71,162,1878,502,2380
00374800,EASTERN SHORE COMMUNITY COLLEGE         ,VA,23410-3000,Public       ,76,150,226,403,676,1079
00374900,GEORGE MASON UNIVERSITY                 ,VA,22030-4444,Public       ,1188,2437,3625,19302,15720,35022
00375100,PATRICK HENRY COMMUNITY COLLEGE         ,VA,24112-5311,Public       ,334,783,1117,1195,2528,3723
00375200,VIRGINIA INTERMONT COLLEGE              ,VA,24201-4298,Private      ,57,73,130,528,296,824
00375300,VIRGINIA MILITARY INSTITUTE             ,VA,24450-2138,Public       ,64,5,69,2058,94,2152
00375400,VIRGINIA POLYTECH INST & STATE UNIV     ,VA,24061-2000,Public       ,637,582,1219,25707,5490,31197
00375800,DANVILLE COMMUNITY COLLEGE              ,VA,24541-4004,Public       ,323,695,1018,1368,2692,4060
00375900,J. SARGEANT REYNOLDS COMMUNITY CLG      ,VA,23285-0000,Public       ,1005,2515,3520,4939,10521,15460
00376000,VIRGINIA WESTERN CMTY COLLEGE           ,VA,24038-0000,Public       ,440,962,1402,2575,4394,6969
00376100,WYTHEVILLE COMMUNITY COLLEGE            ,VA,24382-3308,Public       ,167,377,544,1325,1996,3321
00376200,VIRGINIA UNIVERSITY OF LYNCHBURG        ,VA,24501-6400,Private      ,107,220,327,361,720,1081
00376400,VIRGINIA STATE UNIVERSITY               ,VA,23806-0001,Public       ,580,532,1112,9661,3372,13033
00376500,NORFOLK STATE UNIVERSITY                ,VA,23504-8000,Public       ,793,1328,2121,8619,7124,15743
00376600,VIRGINIA UNION UNIVERSITY               ,VA,23220-1711,Private      ,312,338,650,4486,1513,5999
00376700,VIRGINIA WESLEYAN COLLEGE               ,VA,23502-5599,Private      ,153,120,273,2666,721,3387
00376800,WASHINGTON & LEE UNIVERSITY             ,VA,24450-0303,Private      ,94,38,132,2399,1283,3682
00400400,JOHN TYLER COMMUNITY COLLEGE            ,VA,23831-5316,Public       ,886,1545,2431,3597,6123,9720
00450301,"EVEREST COLLEGE- EVEREST COLLEGE, MCLEAN",VA,22102-3000,Proprietary  ,52,151,203,114,447,561
00450702,"EVEREST COLLEGE- EVEREST COLLEGE, ARLING",VA,22203-1905,Proprietary  ,48,191,239,151,644,795
00498800,CENTRAL VIRGINIA COMMUNITY COLLEGE      ,VA,24502-2498,Public       ,305,664,969,1658,2484,4142
00499200,MILLER-MOTTE TECHNICAL COLLEGE          ,VA,24505-0000,Proprietary  ,57,191,248,132,552,684
00499600,DABNEY S LANCASTER COMMUNITY CLG        ,VA,24422-1000,Public       ,94,167,261,549,631,1180
00522300,NEW RIVER COMMUNITY COLLEGE             ,VA,24084-1127,Public       ,275,492,767,1577,2450,4027
00662200,COLLEGE OF HEALTH SCIENCES - CHRV       ,VA,24031-0000,Private      ,41,125,166,562,995,1557
00681900,BLUE RIDGE COMMUNITY COLLEGE            ,VA,24486-0080,Public       ,314,501,815,2107,2450,4557
00687100,THOMAS NELSON COMMUNITY COLLEGE         ,VA,23670-0000,Public       ,806,2011,2817,3733,8367,12100
00709900,VIRGINIA HIGHLANDS COMMUNITY CLG        ,VA,24210-4210,Public       ,208,421,629,1081,1665,2746
00726000,SOUTHWEST VIRGINIA COMMUNITY CLG        ,VA,24641-1510,Public       ,260,487,747,1091,1655,2746
00859200,LOUISE OBICI SCHOOL OF NURSING          ,VA,23434-8038,Private      ,7,24,31,18,93,111
00865900,LORD FAIRFAX COMMUNITY COLLEGE          ,VA,22645-0047,Public       ,474,714,1188,2105,2888,4993
00866000,GERMANNA COMMUNITY COLLEGE              ,VA,22508-0339,Public       ,513,853,1366,2325,3591,5916
00866100,SOUTHSIDE VIRGINIA CMTY CLG             ,VA,23821-2930,Public       ,599,1161,1760,1613,3041,4654
00915900,PAUL D CAMP COMMUNITY COLLEGE           ,VA,23851-0737,Public       ,128,431,559,481,1283,1764
00916000,RAPPAHANNOCK COMMUNITY COLLEGE          ,VA,23149-2616,Public       ,227,481,708,862,1383,2245
00926700,EVEREST COLLEGE                         ,VA,23606-4203,Proprietary  ,23,188,211,108,638,746
00926701,EVEREST COLLEGE - CHESAPEAKE            ,VA,23320-2637,Proprietary  ,52,345,397,137,815,952
00942000,SANFORD-BROWN COLLEGE                   ,VA,22182-3913,Proprietary  ,75,294,369,171,851,1022
00953500,STAUNTON SCHOOL OF COSMETOLOGY          ,VA,24401-4323,Proprietary  ,5,30,35,23,72,95
00953700,VIRGINIA SCH OF HAIR DESIGN             ,VA,23669-0000,Proprietary  ,18,37,55,56,157,213
00962900,MOUNTAIN EMPIRE COMMUNITY COLLEGE       ,VA,24219-0700,Public       ,307,619,926,1195,1794,2989
00992800,PIEDMONT VIRGINIA COMMUNITY COLLEGE     ,VA,22902-7589,Public       ,300,697,997,1532,2561,4093
01004300,BON SECOURS MEMORIAL COLLEGE OF NURSING ,VA,23227-4612,Private      ,21,80,101,247,604,851
01019800,ECPI COLLEGE OF TECHNOLOGY              ,VA,23462-6542,Proprietary  ,803,3117,3920,2455,9893,12348
01033800,EASTERN VIRGINIA MEDICAL SCHOOL         ,VA,23501-1980,Private      ,9,136,145,80,1515,1595
01159600,RALPH'S VIRGINIA SCH OF COSMETOLOGY     ,VA,24501-2652,Proprietary  ,17,18,35,30,51,81
01162601,WESTWOOD COLLEGE - SOUTH BAY - ARLINGTON,VA,22203-4167,Proprietary  ,59,138,197,296,505,801
01162602,WESTWOOD COLLEGE - SOUTH BAY - ANNANDALE,VA,22003-2602,Proprietary  ,32,87,119,192,482,674
01274400,SOUTHSIDE REGIONAL MED CTR PROF SCHOOLS ,VA,23803-5133,Proprietary  ,6,51,57,76,266,342
02053000,LIBERTY UNIVERSITY                      ,VA,24502-0000,Private      ,1386,18369,19755,18116,53837,71953
02083602,TESST COLLEGE OF TECHNOLOGY - KAPLAN COL,VA,23320-4422,Proprietary  ,19,76,95,23,116,139
02108800,WARDS CORNER BEAUTY ACADEMY             ,VA,23505-0000,Proprietary  ,32,91,123,64,211,275
02111600,DANVILLE REGIONAL MEDICAL CENTER SCHOOL ,VA,24541-0000,Proprietary  ,12,16,28,45,121,166
02128700,CENTRAL SCHOOL OF PRACTICAL NURSING     ,VA,23502-2230,Public       ,11,53,64,71,228,299
02140000,RIVERSIDE SCHOOL OF HEALTH CAREERS      ,VA,23608-3802,Private      ,18,144,162,139,654,793
02175800,LYNCHBURG GENERAL HOSP SCH OF NURSG     ,VA,24501-0000,Private      ,13,61,74,70,218,288
02197600,WOODROW WILSON REHABILITATION CTR       ,VA,22939-0000,Public       ,14,7,21,31,23,54
02242400,HENRICO CTY ST MARYS HOSP PRAC NRSG     ,VA,23075-0000,Public       ,3,11,14,14,61,75
02247200,MEDSPA CAREERS INSTITUTE                ,VA,23606-0000,Proprietary  ,0,0,0,5,32,37
02247206,MEDICAL CAREERS COLLEGE - NEWPORT NEWS  ,VA,23606-4215,Proprietary  ,0,0,0,0,1,1
02304500,HERITAGE INSTITUTE                      ,VA,20111-0000,Proprietary  ,3,27,30,27,140,167
02320900,TIDEWATER TECH                          ,VA,23502-1747,Proprietary  ,31,226,257,106,630,736
02334400,CENTURA COLLEGE                         ,VA,23452-0000,Proprietary  ,148,1250,1398,521,5094,5615
02342700,FORTIS COLLEGE                          ,VA,23502-4101,Proprietary  ,27,197,224,90,555,645
02342701,FORTIS COLLEGE - RICHMOND CAMPUS        ,VA,23236-3472,Proprietary  ,45,205,250,222,727,949
02358500,BON SECOURS SAINT MARY'S HOSPITAL SCHOOL,VA,23227-4612,Private      ,8,50,58,63,264,327
02535400,SKYLINE COLLEGE - RICHMOND              ,VA,23236-0000,Proprietary  ,0,0,0,9,24,33
02538800,SUFFOLK BEAUTY ACADEMY                  ,VA,23434-0000,Proprietary  ,14,25,39,34,90,124
02541200,STRATFORD UNIVERSITY                    ,VA,22043-0000,Proprietary  ,77,393,470,205,1165,1370
02541201,STRATFORD UNIVERSITY-WOODBRIDGE         ,VA,22192-0000,Proprietary  ,16,128,144,89,436,525
02610100,WASHINGTON COUNTY ADULT SKILL CTR       ,VA,24210-2346,Public       ,7,29,36,35,105,140
03002400,GRAHAM WEBB INTERNATIONAL ACAD HAIR     ,VA,22209-2129,Proprietary  ,26,50,76,43,105,148
03010700,BAR PALMA BEAUTY CAREERS  ACADEMY       ,VA,24014-2255,Proprietary  ,7,30,37,14,63,77
03042800,"VIRGINIA BEACH CITY SCHOOLS, SCH.-PR.NSG",VA,23456-0038,Public       ,11,26,37,39,123,162
03091100,ACT COLLEGE                             ,VA,22209-2297,Proprietary  ,44,217,261,84,390,474
03091300,REGENT UNIVERSITY                       ,VA,23464-9800,Private      ,145,1500,1645,1529,6653,8182
03092700,SKYLINE COLLEGE                         ,VA,24012-1603,Proprietary  ,35,132,167,102,370,472
03096500,SPRINGFIELD BEAUTY ACADEMY              ,VA,22003-3016,Proprietary  ,3,42,45,14,74,88
03106500,SENTARA NORFOLK GENERAL HOSPITAL        ,VA,23320-2843,Private      ,26,132,158,143,578,721
03116900,BAPTIST THEOLOGICAL SEM.-RICHMOND       ,VA,23227-0000,Private      ,0,29,29,8,118,126
03126300,AVIATION INSTITUTE OF MAINTENANCE       ,VA,23320-5987,Proprietary  ,59,197,256,145,646,791
03126400,CENTURA COLLEGE                         ,VA,23235-5230,Proprietary  ,34,253,287,145,983,1128
03127500,ADVANCED TECHNOLOGY INSTITUTE           ,VA,23462-2409,Proprietary  ,124,167,291,490,605,1095
03280400,VIRGINIA SCHOOL OF MASSAGE              ,VA,22903-0000,Proprietary  ,23,35,58,63,117,180
03409500,RICHMOND SCHOOL OF HEALTH AND TECH      ,VA,23227-0000,Proprietary  ,25,156,181,127,682,809
03455300,CRESCENT COSMETOLOGY UNIVERSITY         ,VA,23666-3115,Proprietary  ,1,8,9,7,41,48
03559300,APPALACHIAN SCHOOL OF LAW               ,VA,24614-0000,Private      ,1,67,68,14,662,676
03645400,RUDY & KELLY ACADEMY OF HAIR AND NA     ,VA,23464-6857,Proprietary  ,35,82,117,105,309,414
03654300,CAREER TRAINING SOLUTIONS               ,VA,22406-1014,Proprietary  ,25,175,200,77,532,609
03709300,EDWARD VIA VIRGINIA CLG OSTEOPATHIC MED ,VA,24060-6360,Private      ,2,67,69,15,829,844
03872400,INSTITUTE FOR THE PSYCHOLOGICAL SCIENCES,VA,22202-3609,Private      ,1,16,17,8,124,132
03876300,CULPEPER COSMETOLOGY TRAINING CENTER    ,VA,22701-3155,Public       ,12,12,24,24,37,61
03883400,AVIATION INSTITUTE OF MAINTENANCE       ,VA,20110-4156,Proprietary  ,29,104,133,93,368,461
04038400,AVI CAREER INSTITUTE                    ,VA,22066-1839,Proprietary  ,1,18,19,7,60,67
04110300,UNIVERSITY OF MANAGEMENT AND TECHNOLOGY ,VA,22209-1609,Proprietary  ,1,47,48,7,112,119
04124000,DOMINION SCHOOL OF HAIR DESIGN          ,VA,23062-2221,Proprietary  ,3,10,13,12,43,55
04127300,COLUMBIA COLLEGE                        ,VA,22031-4413,Proprietary  ,9,160,169,42,349,391
04133400,CENTURA COLLEGE                         ,VA,22312-2670,Proprietary  ,4,40,44,27,189,216
04133800,SOUTHEAST CULINARY & HOSPITALITY COLLEGE,VA,24201-4159,Proprietary  ,19,52,71,70,120,190
04137300,CAYCE/REILLY SCHOOL OF MASSOTHERAPY     ,VA,23451-2061,Private      ,4,21,25,11,70,81
04140000,GLOBAL HEALTH NURSE TRAINING SERVICES   ,VA,22314-4585,Proprietary  ,8,117,125,25,357,382
04153800,BETHEL COLLEGE                          ,VA,23666-3122,Private      ,7,24,31,34,106,140
04156200,INSTITUTE OF ADVANCED MEDICAL ESTHETICS ,VA,23294-4701,Proprietary  ,4,36,40,20,108,128
04169400,NORTHERN VIRGINIA SCHOOL OF THERAPEUTIC ,VA,22046-4302,Proprietary  ,6,45,51,7,55,62
04171500,COSMOPOLITAN BEAUTY & TECH SCHOOL       ,VA,22003-3204,Proprietary  ,1,47,48,12,120,132
04180600,APPALACHIAN COLLEGE OF PHARMACY         ,VA,24631-9210,Private      ,0,3,3,0,3,3
00107000,THUNDERBIRD SCHOOL OF GLOBAL MANAGEMENT ,AZ,85306-6000,Private      ,0,202,202,10,732,742
00107100,ARIZONA WESTERN COLLEGE                 ,AZ,85366-0000,Public       ,591,1031,1622,4410,4949,9359
00107200,COCHISE COLLEGE                         ,AZ,85607-6190,Public       ,330,815,1145,1554,2777,4331
00107300,EASTERN ARIZONA COLLEGE                 ,AZ,85552-0769,Public       ,338,574,912,1635,1845,3480
00107400,GRAND CANYON UNIVERSITY                 ,AZ,85017-3030,Proprietary  ,897,14402,15299,5967,44127,50094
00107600,GLENDALE COMMUNITY COLLEGE              ,AZ,85302-3090,Public       ,2015,3392,5407,10048,13707,23755
00107700,MESA COMMUNITY COLLEGE                  ,AZ,85202-4866,Public       ,2632,4956,7588,10835,17764,28599
00107800,PHOENIX COLLEGE                         ,AZ,85013-4234,Public       ,1079,3487,4566,5507,13214,18721
00107900,YAVAPAI COLLEGE                         ,AZ,86301-3297,Public       ,295,794,1089,2027,3997,6024
00108100,ARIZONA STATE UNIV (ALL CAMPUSES)       ,AZ,85287-0412,Public       ,4142,6554,10696,50014,36971,86985
00108200,NORTHERN ARIZONA UNIVERSITY             ,AZ,86011-0001,Public       ,1319,2493,3812,24524,13687,38211
00108300,UNIVERSITY OF ARIZONA                   ,AZ,85721-0066,Public       ,1834,1981,3815,29567,15683,45250
00165701,MIDWESTERN UNIVERSITY                   ,AZ,85308-0000,Private      ,13,183,196,131,3666,3797
00446700,TUCSON COLLEGE                          ,AZ,85711-3781,Proprietary  ,56,216,272,200,544,744
00711300,SOUTHWESTERN COLLEGE                    ,AZ,85032-7097,Private      ,73,69,142,565,288,853
00726600,PIMA COUNTY COMMUNITY COLLEGE           ,AZ,85709-1110,Public       ,2300,4774,7074,10815,18912,29727
00728300,CENTRAL ARIZONA COLLEGE                 ,AZ,85228-9779,Public       ,642,1390,2032,2505,4730,7235
00732911,ITT TECHNICAL INSTITUTE                 ,AZ,85282-9272,Proprietary  ,187,947,1134,544,2441,2985
00732990,ITT TECHNICAL INSTITUTE                 ,AZ,85704-5829,Proprietary  ,233,807,1040,552,1743,2295
00822100,UNIVERSAL TECHNICAL INSTITUTE           ,AZ,85323-7946,Proprietary  ,1063,1287,2350,8864,7630,16494
00824600,DINè COLLEGE                            ,AZ,86556-0126,Public       ,262,551,813,832,1563,2395
00830300,GATEWAY COMMUNITY COLLEGE               ,AZ,85034-1795,Public       ,502,1977,2479,2500,7427,9927
00830302,MARICOPA SKILL CENTER                   ,AZ,85034-0000,Public       ,99,418,517,398,1517,1915
00830400,SCOTTSDALE COMMUNITY COLLEGE            ,AZ,85250-0000,Public       ,775,1312,2087,3990,5107,9097
00886400,ARIZONA ACADEMY OF BEAUTY               ,AZ,85712-5021,Proprietary  ,10,52,62,42,126,168
00886500,ARTISTIC BEAUTY COLLEGES-TUCSON         ,AZ,85716-3999,Proprietary  ,30,69,99,117,269,386
01084700,ARIZONA AUTOMOTIVE INSTITUTE            ,AZ,85301-3503,Proprietary  ,138,348,486,494,1486,1980
01085800,AVALON SCHOOL OF COSMETOLOGY            ,AZ,85210-4010,Proprietary  ,125,207,332,288,546,834
01168900,REFRIGERATION SCHOOL                    ,AZ,85034-0000,Proprietary  ,51,386,437,140,953,1093
01180200,ARIZONA ACADEMY OF BEAUTY-NORTH         ,AZ,85705-2720,Proprietary  ,6,42,48,27,90,117
01180800,ARTISTIC BEAUTY COLLEGES-FLAGSTAFF      ,AZ,86004-5119,Proprietary  ,32,87,119,130,310,440
01186200,NORTHLAND PIONEER COLLEGE               ,AZ,86025-2996,Public       ,156,537,693,619,1848,2467
01186400,MOHAVE COMMUNITY COLLEGE                ,AZ,86409-1238,Public       ,437,1385,1822,1483,5046,6529
01218400,INTERNATIONAL ACAD OF HAIR DESIGN       ,AZ,85225-7198,Proprietary  ,35,85,120,88,223,311
01234300,ARTISTIC BEAUTY COLLEGES-PHOENIX        ,AZ,85304-0000,Proprietary  ,25,75,100,138,289,427
01293700,ARTISTIC BEAUTY COLLEGES - PARADISE VALL,AZ,85257-0000,Proprietary  ,15,58,73,38,140,178
02065300,PRESCOTT COLLEGE                        ,AZ,86301-0000,Private      ,47,210,257,596,1160,1756
02071200,KAPLAN COLLEGE                          ,AZ,85029-4349,Proprietary  ,88,425,513,282,1562,1844
02098800,UNIVERSITY OF PHOENIX                   ,AZ,85040-0000,Proprietary  ,7554,142294,149848,17931,357781,375712
02100500,UNIVERSAL TECHNICAL INSTITUTE           ,AZ,85027-0000,Proprietary  ,919,1738,2657,6266,8877,15143
02100600,CARRINGTON COLLEGE                      ,AZ,85015-4096,Proprietary  ,418,1291,1709,1268,4244,5512
02113800,ROBERTO-VENN SCH OF LUTHIERY            ,AZ,85040-0000,Proprietary  ,6,16,22,33,54,87
02146600,SOUTH MOUNTAIN COMMUNITY COLLEGE        ,AZ,85040-0000,Public       ,583,1319,1902,2148,3958,6106
02160305,COLLINS COLLEGE                         ,AZ,85040-4000,Proprietary  ,117,232,349,691,978,1669
02160306,INTERNATIONAL ACADEMY OF DESIGN AND TECH,AZ,85281-6705,Proprietary  ,1,3,4,16,40,56
02171500,WESTERN INTERNATIONAL UNIVERSITY        ,AZ,85021-0000,Proprietary  ,12,816,828,36,2305,2341
02177500,RIO SALADO COMMUNITY COLLEGE            ,AZ,85281-6948,Public       ,757,6574,7331,2397,18904,21301
02192300,MARICOPA BEAUTY COLLEGE                 ,AZ,85323-0000,Proprietary  ,19,48,67,61,130,191
02199900,AMERICAN INDIAN CLG-ASSEMBLIES GOD      ,AZ,85021-0000,Private      ,8,36,44,45,120,165
02217100,PIMA MEDICAL INSTITUTE                  ,AZ,85716-0000,Proprietary  ,824,2291,3115,2352,7270,9622
02218800,BROOKLINE COLLEGE                       ,AZ,85021-5815,Proprietary  ,126,703,829,345,2195,2540
02218804,BROOKLINE COLLEGE - MESA                ,AZ,85204-4448,Proprietary  ,62,235,297,167,708,875
02218805,BROOKLINE COLLEGE - TUCSON              ,AZ,85711-5444,Proprietary  ,94,323,417,244,906,1150
02220300,ARTISTIC BEAUTY COLLEGES-GLENDALE       ,AZ,85051-0000,Proprietary  ,32,96,128,97,319,416
02263100,ANTHEM COLLEGE                          ,AZ,85014-0000,Proprietary  ,285,1233,1518,757,3902,4659
02280500,CHARLES OF ITALY BEAUTY COLLEGE         ,AZ,86403-0000,Proprietary  ,17,23,40,42,85,127
02295000,EVEREST COLLEGE                         ,AZ,85021-1610,Proprietary  ,118,796,914,404,3238,3642
02295002,EVEREST COLLEGE - MESA                  ,AZ,85206-4704,Proprietary  ,37,184,221,133,647,780
02317800,AMERICAN INSTITUTE OF TECHNOLOGY        ,AZ,85043-0000,Proprietary  ,34,524,558,116,1149,1265
02491500,THE ART CENTER DESIGN COLLEGE           ,AZ,85716-0000,Proprietary  ,87,152,239,234,485,719
02521500,LAMSON COLLEGE                          ,AZ,85284-1141,Proprietary  ,22,114,136,57,322,379
02533200,FRANK LLOYD WRIGHT SCHOOL OF ARCHITECTUR,AZ,85261-4430,Private      ,3,13,16,18,50,68
02559000,UNIVERSITY OF ADVANCING TECHNOLOGY      ,AZ,85283-0000,Proprietary  ,127,200,327,955,768,1723
02561900,BRILLARE HAIRDRESSING ACADEMY           ,AZ,85254-3301,Proprietary  ,32,43,75,72,127,199
02582700,CORTIVA INSTITUTE - TUCSON              ,AZ,85710-3503,Proprietary  ,21,68,89,76,286,362
02616700,LE CORDON BLEU COLLEGE OF CULINARY ARTS ,AZ,85251-2729,Proprietary  ,193,502,695,738,2102,2840
02623600,PARADISE VALLEY COMMUNITY COLLEGE       ,AZ,85032-1210,Public       ,744,1283,2027,3169,4801,7970
02623800,CORTIVA INSTITUTE - SCOTTSDALE          ,AZ,85257-4218,Proprietary  ,12,38,50,41,117,158
03005000,SAFFORD COLLEGE OF BEAUTY CULTURE       ,AZ,85546-3309,Proprietary  ,6,37,43,13,52,65
03010613,VIRGINIA COLLEGE - GOLF ACADEMY OF ARIZO,AZ,85225-6742,Proprietary  ,17,69,86,70,246,316
03030604,UTAH COLLEGE OF MASSAGE THERAPY - ARIZON,AZ,85282-0000,Proprietary  ,48,113,161,120,284,404
03030605,UTAH COLLEGE OF MASSAGE THERAPY - ARIZON,AZ,85051-3470,Proprietary  ,61,136,197,147,329,476
03034400,CONSERVATORY RECORDING ARTS & SCIS      ,AZ,85282-1707,Proprietary  ,124,145,269,621,734,1355
03072200,CHANDLER-GILBERT COMMUNITY COLLEGE      ,AZ,85225-2499,Public       ,978,1601,2579,4937,6192,11129
03076400,BRYMAN SCHOOL OF ARIZONA                ,AZ,85029-4919,Proprietary  ,276,845,1121,788,2566,3354
03097800,CARSTEN INSTITUTE OF HAIR & BEAUTY      ,AZ,85282-5404,Proprietary  ,38,67,105,94,193,287
03100400,COCONINO COUNTY COMMUNITY COLLEGE       ,AZ,86001-2701,Public       ,327,619,946,1430,2283,3713
03107000,SOUTHWEST CLG OF NATUROPATHIC MED       ,AZ,85282-0000,Private      ,4,112,116,18,547,565
03115000,ARIZONA COLLEGE OF ALLIED HEALTH        ,AZ,85302-3843,Proprietary  ,70,301,371,214,955,1169
03120300,COLLEGE AMERICA                         ,AZ,86004-3936,Proprietary  ,59,286,345,206,954,1160
03156300,ESTRELLA MOUNTAIN COMMUNITY COLLEGE     ,AZ,85392-1010,Public       ,894,1821,2715,4017,6648,10665
03347300,INTERNATIONAL BAPTIST COLLEGE           ,AZ,85282-6799,Private      ,19,8,27,47,28,75
03445300,HDS TRUCK DRIVING INSTITUTE             ,AZ,85731-0000,Proprietary  ,0,75,75,9,130,139
03478400,PHOENIX SEMINARY                        ,AZ,85018-7611,Private      ,0,35,35,5,119,124
03572300,EAST VALLEY INSTITUTE OF TECHNOLOGY     ,AZ,85201-6910,Public       ,64,167,231,228,450,678
03593300,SOUTHWEST INSTITUTE OF HEALING ARTS     ,AZ,85281-3658,Proprietary  ,53,355,408,170,1237,1407
03617500,PHOENIX INSTITUTE OF HERBAL MEDICINE & A,AZ,85012-0000,Proprietary  ,5,63,68,28,226,254
03695500,ARIZONA SCHOOL OF ACUPUNCTURE AND ORIENT,AZ,85712-1100,Proprietary  ,1,40,41,10,117,127
03784400,TOHONO O'ODHAM COMMUNITY COLLEGE        ,AZ,85634-3129,Public       ,26,69,95,48,112,160
03813300,NORTHCENTRAL UNIVERSITY                 ,AZ,86314-2336,Proprietary  ,9,1232,1241,54,4168,4222
03814300,TURNING POINT BEAUTY COLLEGE            ,AZ,85222-4229,Proprietary  ,13,51,64,23,83,106
04051300,ART INSTITUTE OF PHOENIX (THE)          ,AZ,85021-2859,Proprietary  ,1938,6764,8702,7310,24555,31865
04051306,ART INSTITUTE OF PHOENIX (THE) - ART INS,AZ,85712-2732,Proprietary  ,49,73,122,408,506,914
04051325,ART INSTITUTE OF PHOENIX (THE) - BROWN M,AZ,85712-5300,Proprietary  ,104,333,437,458,1598,2056
04051327,ART INSTITUTE OF PHOENIX (THE) - BROWN M,AZ,85029-1348,Proprietary  ,23,49,72,108,149,257
04059300,TUCSON COLLEGE OF BEAUTY                ,AZ,85705-2451,Proprietary  ,12,33,45,41,122,163
04120900,ARIZONA CULINARY INSTITUTE              ,AZ,85259-4939,Proprietary  ,56,97,153,277,402,679
04131400,PHOENIX SCHOOL OF LAW                   ,AZ,85012-3330,Proprietary  ,7,328,335,46,1568,1614
04139200,UNIVERSAL BARBER COLLEGE                ,AZ,85007-3914,Proprietary  ,11,59,70,56,206,262
04148700,AMERICAN INSTITUTE OF INTERIOR DESIGN   ,AZ,85268-3827,Proprietary  ,2,17,19,13,50,63
04152900,STUDIO ACADEMY OF BEAUTY (THE)          ,AZ,85224-3600,Proprietary  ,25,86,111,41,172,213
04157400,NATIONAL PARALEGAL COLLEGE              ,AZ,85014-1262,Proprietary  ,13,385,398,60,1040,1100
04172100,CCIC BEAUTY COLLEGE                     ,AZ,85345-2410,Proprietary  ,5,15,20,15,46,61
04174100,PAUL MITCHELL THE SCHOOL PHOENIX        ,AZ,85017-1919,Proprietary  ,51,61,112,150,236,386
04174200,ALL BEAUTY COLLEGE                      ,AZ,86426-8326,Proprietary  ,15,40,55,32,94,126
04175300,KOHLER ACADEMY                          ,AZ,85254-4065,Proprietary  ,22,40,62,86,142,228
04177500,PURE AESTHETICS                         ,AZ,85711-2328,Proprietary  ,5,30,35,8,67,75
00142800,DELAWARE STATE UNIVERSITY               ,DE,19901-2277,Public       ,359,401,760,8179,2517,10696
00142900,GOLDEY BEACOM COLLEGE                   ,DE,19808-1993,Private      ,100,128,228,610,503,1113
00143100,UNIVERSITY OF DELAWARE                  ,DE,19716-0099,Public       ,681,440,1121,24122,3274,27396
00143300,WESLEY COLLEGE                          ,DE,19901-3875,Private      ,145,125,270,2377,663,3040
00143301,WESLEY COLLEGE-CTR FOR ADULT STUDIE     ,DE,19720-0000,Private      ,5,87,92,35,271,306
00145948,STRAYER UNIVERSITY - CHRISTIANA         ,DE,19713-4316,Proprietary  ,0,0,0,0,1,1
00331301,WIDENER UNIV SCHOOL OF LAW - DE         ,DE,19803-0000,Private      ,5,134,139,57,1584,1641
00705300,DELAWARE TECH & CMTY COLLEGE-OWENS      ,DE,19947-0000,Public       ,369,814,1183,2163,3125,5288
00794800,WILMINGTON UNIVERSITY                   ,DE,19720-6491,Private      ,569,2365,2934,2486,7798,10284
01172700,DELAWARE TECH & CMTY CLG-TERRY          ,DE,19901-8736,Public       ,314,651,965,1765,2504,4269
02125200,BEEBE SCHOOL OF NURSING                 ,DE,19958-1462,Private      ,3,20,23,58,126,184
02144900,DELAWARE TECH & CMTY CLG-STANTN/WLM     ,DE,19801-0000,Public       ,573,1025,1598,3458,4212,7670
02190400,SCHILLING DOUGLAS SCH OF HAIR DSGN      ,DE,19711-0000,Proprietary  ,27,45,72,47,124,171
02586902,STAR TECHNICAL INSTITUTE -              ,DE,19901-4615,Proprietary  ,3,10,13,10,56,66
03025800,DAWN TRAINING CENTRE                    ,DE,19805-1511,Proprietary  ,48,270,318,117,790,907
03543300,HARRIS SCHOOL OF BUSINESS               ,DE,19803-5341,Proprietary  ,56,271,327,85,437,522
03702300,DELAWARE LEARNING INSTITUTE OF COSMETOLO,DE,19939-9759,Proprietary  ,13,50,63,40,149,189
04130700,ACADEMY OF MASSAGE AND BODYWORK         ,DE,19701-1321,Proprietary  ,1,23,24,11,67,78
04139800,DELAWARE COLLEGE OF ART & DESIGN        ,DE,19801-3007,Private      ,39,19,58,443,121,564
04171100,DELAWARE ACADEMY PAUL MITCHELL PARTNER S,DE,19702-5108,Proprietary  ,31,50,81,91,138,229
        ,OFFICIAL USE ONLY                       ,DC,20202-0000,,0,0,0,1,1,2
00143400,AMERICAN UNIVERSITY                     ,DC,20016-8020,Private      ,204,610,814,14025,10598,24623
00143700,CATHOLIC UNIVERSITY OF AMERICA          ,DC,20064-0002,Private      ,196,419,615,5754,2708,8462
00143711,"CATHOLIC UNIV AMERICA, LAW SCHOOL       ",DC,20064-0000,Private      ,3,96,99,104,1532,1636
00144100,UNIV OF THE DISTRICT OF COLUMBIA        ,DC,20008-0000,Public       ,410,1194,1604,2440,5754,8194
00144102,UNIV OF THE DIST OF COLU -SCHOOL OF LAW ,DC,20008-1173,Public       ,48,169,217,281,1510,1791
00144300,GALLAUDET UNIVERSITY                    ,DC,20002-3695,Private      ,121,145,266,910,1041,1951
00144400,GEORGE WASHINGTON UNIVERSITY            ,DC,20052-2353,Private      ,327,1548,1875,13441,12193,25634
00144402,GEORGE WASHINGTON UNIV LAW SCHL         ,DC,20052-0000,Private      ,3,255,258,43,3817,3860
00144403,GEORGE WASHINGTON UNIV SCH MED          ,DC,20052-0000,Private      ,6,80,86,69,1322,1391
00144500,GEORGETOWN UNIVERSITY                   ,DC,20057-1252,Private      ,285,820,1105,12510,5160,17670
00144501,"GEORGETOWN UNIV, SCH OF MEDICINE        ",DC,20007-0000,Private      ,2,49,51,48,1264,1312
00144502,GEORGETOWN UNIVERSITY - GRADUATE SCHOOL ,DC,20057-0004,Private      ,2,357,359,36,3218,3254
00144503,GEORGETOWN UNIV LAW CENTER              ,DC,20001-0000,Private      ,5,246,251,41,5250,5291
00144800,HOWARD UNIVERSITY                       ,DC,20059-0001,Private      ,641,1015,1656,14248,9579,23827
00145900,STRAYER UNIVERSITY                      ,DC,20005-2603,Proprietary  ,667,15456,16123,1735,48930,50665
00146000,TRINITY UNIVERSITY                      ,DC,20017-1004,Private      ,74,476,550,1317,2565,3882
00146400,WESLEY THEOLOGICAL SEMINARY             ,DC,20016-0000,Private      ,0,69,69,1,298,299
00207701,JOHNS HOPKINS UNIV SCH ADV INTL STU     ,DC,20036-0000,Private      ,1,70,71,40,1446,1486
01006500,WASHINGTON THEOLOGICAL UNION            ,DC,20012-0000,Private      ,0,9,9,2,38,40
01195000,THE CORCORAN COLLEGE OF ART & DESIG     ,DC,20006-4804,Private      ,30,66,96,454,474,928
01280300,DOMINICAN HOUSE OF STUDIES              ,DC,20017-1584,Private      ,0,2,2,0,21,21
02132800,NAT'L CONSERVATORY DRAMATIC ARTS        ,DC,20007-2758,Private      ,7,14,21,23,49,72
02279200,DUDLEY BEAUTY COLG-WASHINGTON           ,DC,20018-0000,Proprietary  ,12,24,36,63,135,198
02588900,SANZ SCHOOL                             ,DC,20006-0000,Proprietary  ,141,647,788,265,1267,1532
03104300,CAREER BLAZERS LEARNING CENTER OF WASHIN,DC,20037-1881,Proprietary  ,25,240,265,50,446,496
03218300,POTOMAC COLLEGE                         ,DC,20016-1860,Proprietary  ,15,124,139,46,368,414
03409600,BENNETT CAREER INSTITUTE                ,DC,20017-1754,Proprietary  ,60,131,191,118,290,408
03750300,TECHNICAL LEARNING CENTERS              ,DC,20006-3749,Proprietary  ,25,250,275,59,483,542
04114400,INSTITUTE OF WORLD POLITICS (THE)       ,DC,20036-1464,Private      ,0,31,31,5,201,206
04142700,PONTIFICAL JOHN PAUL II INSTITUTE FOR ST,DC,20064-0001,Private      ,0,9,9,2,36,38
00154100,ABRAHAM BALDWIN AGRICULTURAL CLG        ,GA,31794-0000,Public       ,565,484,1049,2969,1887,4856
00154200,AGNES SCOTT COLLEGE                     ,GA,30030-3797,Private      ,75,78,153,1435,471,1906
00154300,DARTON COLLEGE                          ,GA,31707-3098,Public       ,602,1532,2134,3476,6089,9565
00154400,ALBANY STATE UNIVERSITY                 ,GA,31705-2796,Public       ,597,1037,1634,7294,5146,12440
00154500,ANDREW COLLEGE                          ,GA,39840-1395,Private      ,53,18,71,445,103,548
00154600,ARMSTRONG ATLANTIC STATE UNIVERSITY     ,GA,31419-1997,Public       ,689,1139,1828,6042,5947,11989
00154700,ATLANTA CHRISTIAN COLLEGE               ,GA,30344-1999,Private      ,96,286,382,560,1284,1844
00155200,AUGUSTA STATE UNIVERSITY                ,GA,30904-2200,Public       ,523,919,1442,5343,5252,10595
00155400,BERRY COLLEGE                           ,GA,30149-5007,Private      ,191,68,259,3210,362,3572
00155500,THOMAS UNIVERSITY                       ,GA,31792-7499,Private      ,75,429,504,330,1346,1676
00155600,BRENAU UNIVERSITY                       ,GA,30501-3668,Private      ,130,660,790,1368,3136,4504
00155700,BREWTON PARKER COLLEGE                  ,GA,30445-0000,Private      ,71,80,151,485,324,809
00155800,COASTAL GEORGIA COMMUNITY COLLEGE       ,GA,31520-3644,Public       ,452,732,1184,2091,3140,5231
00155900,CLARK ATLANTA UNIVERSITY                ,GA,30314-4385,Private      ,787,942,1729,11873,5743,17616
00156000,COLUMBIA THEOLOGICAL SEMINARY           ,GA,30031-0000,Private      ,3,37,40,5,239,244
00156100,COLUMBUS STATE UNIVERSITY               ,GA,31907-5645,Public       ,801,1266,2067,6779,6302,13081
00156200,GEORGIA PERIMETER COLLEGE               ,GA,30021-0000,Public       ,3297,5398,8695,15996,24192,40188
00156300,EMMANUEL COLLEGE                        ,GA,30639-0000,Private      ,78,45,123,843,256,1099
00156400,EMORY UNIVERSITY                        ,GA,30322-1960,Private      ,273,823,1096,12487,10139,22626
00156600,FORT VALLEY STATE UNIVERSITY            ,GA,31030-3298,Public       ,604,613,1217,5888,2976,8864
00156700,GAINESVILLE STATE COLLEGE               ,GA,30503-0000,Public       ,1119,879,1998,6184,4112,10296
00156800,INTERDENOMINATIONAL THEOLOGY CENTER     ,GA,30314-0000,Private      ,0,178,178,2,551,553
00156900,GEORGIA INSTITUTE OF TECHNOLOGY         ,GA,30332-0002,Public       ,822,908,1730,16459,5622,22081
00157000,SOUTHERN POLYTECHNIC STATE UNIV         ,GA,30060-2896,Public       ,322,595,917,3713,3613,7326
00157100,GEORGIA MILITARY COLLEGE                ,GA,31061-3398,Public       ,1132,1613,2745,4040,5501,9541
00157200,GEORGIA SOUTHERN UNIVERSITY             ,GA,30460-8065,Public       ,1832,1541,3373,21966,8018,29984
00157300,GEORGIA SOUTHWESTERN STATE UNIV         ,GA,31709-4693,Public       ,280,475,755,2491,2330,4821
00157400,GEORGIA STATE UNIVERSITY                ,GA,30303-3010,Public       ,2927,5144,8071,28375,28925,57300
00157500,GORDON COLLEGE                          ,GA,30204-1762,Public       ,644,623,1267,5108,3302,8410
00157700,KENNESAW STATE UNIVERSITY               ,GA,30144-5591,Public       ,2006,2681,4687,19122,15684,34806
00157800,LAGRANGE COLLEGE                        ,GA,30240-2999,Private      ,55,113,168,1390,710,2100
00157900,MEDICAL COLLEGE OF GEORGIA              ,GA,30912-0004,Public       ,87,346,433,591,2877,3468
00158000,MERCER UNIVERSITY                       ,GA,31207-0003,Private      ,395,1799,2194,4134,8570,12704
00158100,MIDDLE GEORGIA COLLEGE                  ,GA,31014-1599,Public       ,418,458,876,3269,2420,5689
00158200,MOREHOUSE COLLEGE                       ,GA,30314-3773,Private      ,451,243,694,4303,1181,5484
00158500,NORTH GEORGIA COLLEGE & STATE UNIV      ,GA,30597-0001,Public       ,460,442,902,5505,2447,7952
00158600,OGLETHORPE UNIVERSITY                   ,GA,30319-2737,Private      ,95,114,209,1806,651,2457
00158700,PAINE COLLEGE                           ,GA,30901-3182,Private      ,129,145,274,1453,649,2102
00158800,PIEDMONT COLLEGE                        ,GA,30535-5644,Private      ,139,446,585,1006,2184,3190
00158900,REINHARDT UNIVERSITY                    ,GA,30183-2981,Private      ,161,128,289,951,533,1484
00159000,SAVANNAH STATE UNIVERSITY               ,GA,31404-5298,Public       ,815,752,1567,6610,3406,10016
00159100,SHORTER UNIVERSITY                      ,GA,30165-4298,Private      ,168,732,900,2052,3268,5320
00159200,SOUTH GEORGIA COLLEGE                   ,GA,31533-8104,Public       ,338,335,673,1800,1315,3115
00159400,SPELMAN COLLEGE                         ,GA,30314-4399,Private      ,317,186,503,6299,1437,7736
00159600,TOCCOA FALLS COLLEGE                    ,GA,30598-0001,Private      ,90,56,146,804,272,1076
00159700,TRUETT MCCONNELL COLLEGE                ,GA,30528-1264,Private      ,100,46,146,591,156,747
00159800,UNIVERSITY OF GEORGIA                   ,GA,30602-6114,Public       ,2287,1827,4114,26150,12211,38361
00159900,VALDOSTA STATE UNIVERSITY               ,GA,31698-0001,Public       ,1421,1349,2770,13265,6508,19773
00160000,WESLEYAN COLLEGE                        ,GA,31210-4407,Private      ,29,105,134,406,519,925
00160100,UNIV OF WEST GEORGIA                    ,GA,30118-0002,Public       ,1165,1236,2401,10807,6007,16814
00160200,GEORGIA COLLEGE & STATE UNIVERSITY      ,GA,31061-0490,Public       ,593,520,1113,6441,2527,8968
00160400,YOUNG HARRIS COLLEGE                    ,GA,30582-4137,Private      ,92,29,121,1150,134,1284
00348400,COVENANT COLLEGE                        ,GA,30750-4164,Private      ,72,33,105,1288,164,1452
00395600,DALTON STATE COLLEGE                    ,GA,30720-3797,Public       ,317,574,891,4179,4037,8216
00402400,GEORGIA NORTHWESTERN TECHNICAL COLLEGE  ,GA,30161-6757,Public       ,667,1724,2391,2364,7225,9589
00411700,GRADY HEALTH SYSTEM                     ,GA,30303-3050,Public       ,15,122,137,108,588,696
00489808,MCCANN SCHOOL OF BUSINESS & TECHNOLOGY -,GA,31210-0246,Proprietary  ,0,3,3,0,3,3
00525400,LANIER TECHNICAL COLLEGE                ,GA,30566-3499,Public       ,236,780,1016,1203,4231,5434
00525500,MOULTRIE TECHNICAL COLLEGE              ,GA,31768-0000,Public       ,288,730,1018,613,2174,2787
00525600,WIREGRASS GEORGIA TECHNICAL COLLEGE     ,GA,31602-0929,Public       ,563,1467,2030,1809,5968,7777
00551100,OKEFENOKEE TECHNICAL COLLEGE            ,GA,31501-4016,Public       ,176,446,622,474,1583,2057
00559900,AUGUSTA TECHNICAL COLLEGE               ,GA,30906-3399,Public       ,637,1669,2306,2206,6167,8373
00560000,ATHENS TECHNICAL COLLEGE                ,GA,30601-1579,Public       ,660,1326,1986,2631,5976,8607
00560100,ALBANY TECHNICAL COLLEGE                ,GA,31701-2648,Public       ,422,1501,1923,1700,7004,8704
00561500,SOUTHWEST GEORGIA TECHNICAL COLLEGE     ,GA,31792-2622,Public       ,193,632,825,681,2265,2946
00561600,SWAINSBORO TECHNICAL COLLEGE (FORMERLY S,GA,30401-5700,Public       ,0,0,0,21,61,82
00561700,SOUTH GEORGIA TECHNICAL COLLEGE         ,GA,31709-8167,Public       ,271,655,926,919,2260,3179
00561800,SAVANNAH TECHNICAL COLLEGE              ,GA,31405-5594,Public       ,649,2160,2809,2175,8095,10270
00561900,NORTH GEORGIA TECHNICAL COLLEGE         ,GA,30523-0000,Public       ,323,630,953,1381,2636,4017
00562000,CHATTAHOOCHEE TECHNICAL COLLEGE         ,GA,30060-3398,Public       ,1724,3064,4788,5770,13362,19132
00562100,SOUTHERN CRESCENT TECHNICAL COLLEGE     ,GA,30223-2097,Public       ,616,1565,2181,1862,5843,7705
00562101,FLINT RIVER TECHNICAL INSTITUTE         ,GA,30286-0014,Public       ,33,105,138,113,428,541
00562200,DEKALB TECHNICAL COLLEGE                ,GA,30021-0000,Public       ,538,1961,2499,2068,8391,10459
00562400,COLUMBUS TECHNICAL COLLEGE              ,GA,31904-6572,Public       ,516,1255,1771,1888,5072,6960
00576300,CENTRAL GEORGIA TECHNICAL COLLEGE       ,GA,31206-3628,Public       ,545,1752,2297,2055,8543,10598
00772800,MACON STATE COLLEGE                     ,GA,31206-5145,Public       ,597,1132,1729,3595,5866,9461
00854300,ATLANTA TECHNICAL COLLEGE               ,GA,30310-4499,Public       ,640,2328,2968,2355,9070,11425
00897600,CLAYTON STATE UNIVERSITY                ,GA,30260-0285,Public       ,745,2123,2868,5723,10444,16167
00927000,ART INSTITUTE OF ATLANTA (THE)          ,GA,30328-1649,Proprietary  ,1467,1692,3159,8703,7429,16132
00950700,GEORGIA HIGHLANDS COLLEGE               ,GA,30162-0000,Public       ,765,841,1606,3825,3814,7639
01031903,MEDIX SCHOOL                            ,GA,30080-7630,Proprietary  ,60,270,330,207,759,966
01035601,EVEREST INSTITUTE - DEKALB              ,GA,30035-3420,Proprietary  ,64,343,407,175,938,1113
01048700,WEST GEORGIA TECHNICAL COLLEGE          ,GA,30182-6476,Public       ,895,1947,2842,3053,7661,10714
01077100,GUPTON JONES COLLEGE                    ,GA,30035-4022,Private      ,34,109,143,130,397,527
01099700,EAST GEORGIA COLLEGE                    ,GA,30401-2699,Public       ,735,482,1217,3290,1625,4915
01107400,BAINBRIDGE COLLEGE                      ,GA,39819-8400,Public       ,471,1611,2082,1324,4527,5851
01110901,EVEREST COLLEGE - EVEREST INSTITUTE     ,GA,30067-8340,Proprietary  ,26,198,224,110,530,640
01110902,EVEREST COLLEGE - ATLANTA               ,GA,30331-2620,Proprietary  ,35,207,242,166,625,791
01112301,EVEREST COLLEGE - EVEREST INSTITUTE- NOR,GA,30093-2813,Proprietary  ,46,211,257,143,717,860
01157400,BAUDER COLLEGE                          ,GA,30313-2439,Proprietary  ,99,409,508,472,1252,1724
01205100,PRO WAY HAIR SCHOOL                     ,GA,30083-2884,Proprietary  ,12,57,69,64,254,318
01216500,ATLANTA METROPOLITAN COLLEGE            ,GA,30310-4498,Public       ,716,1541,2257,2973,5865,8838
01303900,SOUTH UNIVERSITY                        ,GA,31406-4881,Proprietary  ,1208,10002,11210,3906,31046,34952
02055000,WAYCROSS COLLEGE                        ,GA,31503-0000,Public       ,104,201,305,626,874,1500
02060900,BROWN CLG OF COURT REPORTING & M.T.     ,GA,30318-2570,Proprietary  ,8,122,130,32,463,495
02074800,LIFE UNIVERSITY                         ,GA,30060-0000,Private      ,58,297,355,439,2832,3271
02113613,AMERICAN INTERCONTINENTAL UNIVERSITY    ,GA,30328-1649,Proprietary  ,225,820,1045,1203,3427,4630
02116000,SANFORD-BROWN COLLEGE                   ,GA,30328-4803,Proprietary  ,103,442,545,331,1642,1973
02141500,SAVANNAH COLLEGE OF ART & DESIGN        ,GA,31402-3146,Private      ,993,879,1872,9813,4757,14570
02202800,AUGUSTA AREA DIET INTERN UNIV HOSP      ,GA,30901-0000,Private      ,1,8,9,10,42,52
02217200,PORTFOLIO CENTER                        ,GA,30309-0000,Proprietary  ,12,56,68,27,128,155
02266200,AMERICAN PROFESSIONAL INSTITUTE         ,GA,31201-3185,Proprietary  ,87,397,484,209,1092,1301
02284300,INTERACTIVE COLLEGE OF TECHNOLOGY       ,GA,30341-0000,Proprietary  ,91,639,730,173,1319,1492
02284308,INTERACTIVE LEARNING SYSTEMS            ,GA,30260-0000,Proprietary  ,20,80,100,56,234,290
02284309,INTERACTIVE COLLEGE OF TECHNOLOGY       ,GA,30501-0000,Proprietary  ,20,155,175,51,314,365
02285500,"CREATIVE CIRCUS, THE                    ",GA,30324-0000,Proprietary  ,21,56,77,94,292,386
02288400,GWINNETT TECHNICAL INSTITUTE            ,GA,30043-5702,Public       ,825,1980,2805,3343,9736,13079
02313902,WESTWOOD COLLEGE - O'HARE AIRPORT - ATLA,GA,30345-2807,Proprietary  ,43,143,186,233,643,876
02321400,ROFFLER-MOLER HAIRSTYLING COLLEGE       ,GA,30062-0000,Proprietary  ,23,30,53,46,73,119
02354500,SOUTHEASTERN BEAUTY SCHOOLS             ,GA,31906-0000,Proprietary  ,17,58,75,33,116,149
02482100,MOREHOUSE SCHOOL OF MEDICINE            ,GA,30310-0000,Private      ,15,41,56,84,643,727
02502700,ADVANCED CAREER TRAINING                ,GA,30329-0000,Proprietary  ,251,708,959,443,1508,1951
02502701,ADVANCED CAREER TRAINING-RIVERDALE      ,GA,30274-0000,Proprietary  ,78,383,461,182,844,1026
02508600,MIDDLE GEORGIA TECHNICAL COLLEGE        ,GA,31088-0000,Public       ,416,1091,1507,1221,3714,4935
02520000,INTERNATIONAL SCH SKIN & NAILCARE       ,GA,30342-1119,Proprietary  ,17,146,163,50,351,401
02577000,ESANI INSTITUTE                         ,GA,30297-0000,Proprietary  ,31,85,116,80,197,277
02577700,BEAUTY COLLEGE OF AMERICA               ,GA,30297-0000,Proprietary  ,10,55,65,41,125,166
02578300,INTERNATIONAL CITY BEAUTY COLLEGE       ,GA,31093-3631,Proprietary  ,0,0,0,3,2,5
02580200,ATLANTA SCHOOL OF MASSAGE               ,GA,30338-0000,Proprietary  ,19,132,151,99,488,587
02583000,GWINNETT COLLEGE OF BUSINESS            ,GA,30047-3447,Proprietary  ,34,205,239,101,620,721
02607600,CAPELLI LEARNING CTR FOR COSM           ,GA,30324-0000,Proprietary  ,22,67,89,93,286,379
02614206,MILLER - MOTTE TECHNICAL COLLEGE - COLUM,GA,31907-3222,Proprietary  ,45,314,359,96,798,894
02614207,MILLER - MOTTE TECHNICAL COLLEGE - AUGUS,GA,30907-0921,Proprietary  ,36,209,245,80,426,506
03005400,ARTISTIC BEAUTY COLLEGE                 ,GA,30013-2076,Proprietary  ,92,204,296,230,530,760
03010619,VIRGINIA COLLEGE - AUGUSTA              ,GA,30909-5515,Proprietary  ,60,388,448,241,1450,1691
03010623,VIRGINIA COLLEGE - MACON                ,GA,31206-3180,Proprietary  ,30,175,205,99,699,798
03022601,WESTERN CULINARY INSTITUTE - LE CORDON B,GA,30084-5893,Proprietary  ,48,136,184,212,522,734
03030000,OGEECHEE TECHNICAL COLLEGE              ,GA,30458-8049,Public       ,417,727,1144,1328,2944,4272
03032100,ALTAMAHA TECHNICAL COLLEGE              ,GA,31545-4465,Public       ,166,574,740,551,1979,2530
03042700,LAURUSTECHNICAL INSTITUTE               ,GA,30030-1506,Proprietary  ,24,150,174,63,362,425
03066500,SOUTHEASTERN TECHNICAL COLLEGE          ,GA,30474-8817,Public       ,163,533,696,582,1941,2523
03072304,EVEREST COLLEGE - EVEREST INSTITUTE     ,GA,30236-0000,Proprietary  ,36,247,283,103,682,785
03076300,BEULAH HEIGHTS BIBLE COLLEGE            ,GA,30316-1873,Private      ,26,298,324,64,829,893
03079202,WESTWOOD COLLEGE - ATLANTA MIDTOWN      ,GA,30309-2848,Proprietary  ,118,359,477,566,1289,1855
03081500,SOUTHEASTERN BEAUTY SCHOOL              ,GA,31917-0000,Proprietary  ,23,35,58,46,107,153
03089100,GEORGIA INSTITUTE OF COSMETOLOGY        ,GA,30606-3152,Proprietary  ,44,149,193,164,412,576
03090600,COBB BEAUTY COLLEGE                     ,GA,30144-2828,Proprietary  ,21,41,62,48,123,171
03100900,LUTHER RICE UNIVERSITY                  ,GA,30038-2454,Private      ,11,235,246,38,999,1037
03102000,RIVERTOWN SCHOOL OF BEAUTY              ,GA,31904-4747,Proprietary  ,23,97,120,64,215,279
03104500,ATLANTA INSTITUTE OF MUSIC              ,GA,30096-4988,Proprietary  ,100,120,220,309,379,688
03116100,VOGUE BEAUTY AND BARBER SCHOOL          ,GA,30141-2226,Proprietary  ,22,63,85,47,163,210
03155500,OCONEE FALL LINE TECHNICAL COLLEGE      ,GA,31082-6179,Public       ,158,398,556,450,1518,1968
03155504,OCONEE FALL LINE TECHNICAL COLLEGE - SOU,GA,31021-0560,Public       ,107,307,414,471,1477,1948
03173300,ATLANTA'S JOHN MARSHALL LAW SCHOOL      ,GA,30309-0000,Proprietary  ,6,242,248,42,1534,1576
03232304,LINCOLN COLLEGE OF TECHNOLOGY           ,GA,30067-8638,Proprietary  ,38,142,180,106,515,621
03418300,GWINNETT COLLEGE-SANDY SPRINGS          ,GA,30328-3161,Proprietary  ,22,111,133,62,288,350
03445500,FAYETTE BEAUTY ACADEMY                  ,GA,30214-1191,Proprietary  ,6,35,41,23,96,119
03523300,AVIATION INSTITUTE OF MAINTENANCE       ,GA,30045-0000,Proprietary  ,113,263,376,284,900,1184
03635300,CARVER BIBLE COLLEGE                    ,GA,30331-1300,Private      ,7,42,49,31,151,182
03748300,KEVOSNIK SCHOOL OF HAIR DESIGN          ,GA,31021-0000,Proprietary  ,2,11,13,10,43,53
03753400,MICHAEL'S SCHOOL OF BEAUTY              ,GA,30909-0000,Proprietary  ,5,41,46,17,111,128
03804400,JAVELIN TECHNICAL TRAINING CENTER       ,GA,30339-6040,Proprietary  ,45,280,325,156,878,1034
03812300,OMNITECH INSTITUTE                      ,GA,30035-1206,Proprietary  ,35,120,155,78,335,413
04021300,AUGUSTA SCHOOL OF MASSAGE               ,GA,30809-0000,Proprietary  ,7,42,49,26,99,125
04051331,ART INSTITUTE OF PHOENIX (THE) - BROWN M,GA,30319-3054,Proprietary  ,10,99,109,95,351,446
04091300,SAVANNAH SCHOOL OF MASSAGE THERAPY      ,GA,31406-2711,Private      ,10,45,55,41,171,212
04126800,ACADEMY OF SOMATIC HEALING ARTS (ASHA)  ,GA,30071-1024,Proprietary  ,11,49,60,20,160,180
04142900,GEORGIA GWINNETT COLLEGE                ,GA,30043-7409,Public       ,1148,938,2086,7208,5128,12336
04147000,PAUL MITCHELL THE SCHOOL ATLANTA        ,GA,30318-5241,Proprietary  ,52,129,181,188,398,586
04147700,LAKE LANIER SCHOOL OF MASSAGE           ,GA,30501-4546,Proprietary  ,16,80,96,36,191,227
04149900,PROFILE INSTITUTE OF BARBER-STYLING     ,GA,30315-8459,Proprietary  ,9,54,63,37,159,196
04150900,PROCESS INSTITUTE OF COSMETOLOGY (THE)  ,GA,30043-7344,Proprietary  ,23,33,56,76,84,160
04152300,GEORGIA BEAUTY ACADEMY                  ,GA,30721-3952,Proprietary  ,15,46,61,53,135,188
04156500,GEORGIA CHRISTIAN UNIVERSITY            ,GA,30047-3778,Private      ,3,17,20,5,25,30
04160200,ATLANTA BEAUTY ACADEMY                  ,GA,30340-1334,Proprietary  ,18,107,125,68,295,363
00162800,AMERICAN ACADEMY OF ART                 ,IL,60604-4302,Proprietary  ,52,48,100,898,271,1169
00163300,AUGUSTANA COLLEGE                       ,IL,61201-2296,Private      ,69,32,101,4344,264,4608
00163400,AURORA UNIVERSITY                       ,IL,60506-4892,Private      ,160,516,676,3206,2935,6141
00163600,SOUTHWESTERN ILLINOIS COLLEGE           ,IL,62221-5899,Public       ,984,1983,2967,3974,6713,10687
00163800,BLACK HAWK COLLEGE                      ,IL,61265-5899,Public       ,369,760,1129,2332,3134,5466
00163900,BLACKBURN COLLEGE                       ,IL,62626-1498,Private      ,36,27,63,803,177,980
00164000,PRAIRIE STATE COLLEGE                   ,IL,60411-8226,Public       ,516,1124,1640,2897,5106,8003
00164100,BRADLEY UNIVERSITY                      ,IL,61625-0002,Private      ,187,153,340,7341,1339,8680
00164300,SPOON RIVER COLLEGE                     ,IL,61520-8907,Public       ,118,179,297,787,889,1676
00164700,CITY COLLEGES OF CHICAGO                ,IL,60606-6998,Public       ,159,539,698,2115,2934,5049
00164800,TRUMAN COLLEGE                          ,IL,60640-5691,Public       ,577,1461,2038,3847,6432,10279
00164900,RICHARD J DALEY COLLEGE                 ,IL,60652-1299,Public       ,579,1302,1881,3244,5439,8683
00165000,CITY COLLEGES OF CHICAGO-MALCOLM X      ,IL,60612-3197,Public       ,545,1814,2359,3634,7925,11559
00165200,HAROLD WASHINGTON COLLEGE               ,IL,60601-2403,Public       ,1136,2071,3207,7146,8825,15971
00165400,KENNEDY KING COLLEGE                    ,IL,60621-3798,Public       ,601,2259,2860,3210,8733,11943
00165500,WRIGHT COLLEGE                          ,IL,60634-1591,Public       ,765,1466,2231,5617,6681,12298
00165700,MIDWESTERN UNIVERSITY                   ,IL,60515-1200,Private      ,2,142,144,141,3183,3324
00165900,ROSALIND FRANKLIN UNIVERSITY OF MEDICINE,IL,60064-3095,Private      ,4,127,131,36,2538,2574
00166100,CHICAGO THEOLOGICAL SEMINARY            ,IL,60637-0000,Private      ,0,40,40,16,190,206
00166300,SPERTUS COLLEGE                         ,IL,60605-1995,Private      ,0,30,30,1,96,97
00166400,UNIVERSITY OF ST FRANCIS                ,IL,60435-6188,Private      ,58,376,434,1678,1989,3667
00166500,COLUMBIA COLLEGE                        ,IL,60605-1996,Private      ,845,708,1553,14173,5877,20050
00166600,CONCORDIA UNIVERSITY                    ,IL,60305-1499,Private      ,63,707,770,2569,3499,6068
00166900,DANVILLE AREA COMMUNITY COLLEGE         ,IL,61832-5199,Public       ,177,469,646,990,1845,2835
00167100,DEPAUL UNIVERSITY                       ,IL,60604-2287,Private      ,769,2249,3018,21329,17454,38783
00167400,EASTERN ILLINOIS UNIVERSITY             ,IL,61920-3099,Public       ,617,522,1139,11307,3989,15296
00167500,ELGIN COMMUNITY COLLEGE                 ,IL,60123-7193,Public       ,659,1048,1707,3867,4869,8736
00167600,ELMHURST COLLEGE                        ,IL,60126-3296,Private      ,207,205,412,4212,1316,5528
00167800,EUREKA COLLEGE                          ,IL,61530-9976,Private      ,39,20,59,1126,233,1359
00168100,HIGHLAND COMMUNITY COLLEGE              ,IL,61032-9341,Public       ,156,319,475,956,1304,2260
00168200,GARRETT-EVANGELICAL THEOLOGICAL SEM     ,IL,60201-0000,Private      ,0,69,69,0,258,258
00168400,GREENVILLE COLLEGE                      ,IL,62246-1199,Private      ,64,180,244,1624,803,2427
00168500,HEBREW THEOLOGICAL COLLEGE              ,IL,60077-3263,Private      ,38,6,44,451,27,478
00168800,ILLINOIS COLLEGE                        ,IL,62650-2299,Private      ,23,23,46,1542,176,1718
00168900,ILLINOIS COLLEGE OF OPTOMETRY           ,IL,60616-3878,Private      ,3,13,16,29,731,760
00169100,ILLINOIS INSTITUTE OF TECHNOLOGY        ,IL,60616-0000,Private      ,136,404,540,3134,2545,5679
00169103,CHICAGO KENT COLLEGE OF LAW             ,IL,60661-0000,Private      ,7,164,171,64,2074,2138
00169200,ILLINOIS STATE UNIVERSITY               ,IL,61790-1000,Public       ,905,497,1402,21747,5310,27057
00169300,NORTHEASTERN ILLINOIS UNIV              ,IL,60625-4699,Public       ,464,1184,1648,7377,8014,15391
00169400,CHICAGO STATE UNIVERSITY                ,IL,60628-1598,Public       ,562,2066,2628,6821,12803,19624
00169600,ILLINOIS WESLEYAN UNIVERSITY            ,IL,61701-0000,Private      ,34,21,55,3322,193,3515
00169800,JOHN MARSHALL LAW SCHOOL                ,IL,60604-0000,Private      ,3,213,216,36,2699,2735
00169900,JOLIET JUNIOR COLLEGE                   ,IL,60431-8938,Public       ,838,1494,2332,7239,7617,14856
00170000,JUDSON UNIVERSITY                       ,IL,60123-1498,Private      ,52,147,199,1029,778,1807
00170100,KASKASKIA COLLEGE                       ,IL,62801-7878,Public       ,324,695,1019,1528,2339,3867
00170300,KENDALL COLLEGE                         ,IL,60622-4278,Proprietary  ,142,476,618,1206,2275,3481
00170400,KNOX COLLEGE                            ,IL,61401-4999,Private      ,29,15,44,2358,143,2501
00170500,ILLINOIS VALLEY COMMUNITY COLLEGE       ,IL,61348-9692,Public       ,161,337,498,1590,2049,3639
00170600,LAKE FOREST COLLEGE                     ,IL,60045-2399,Private      ,41,33,74,2236,214,2450
00170700,LEWIS UNIVERSITY                        ,IL,60446-2200,Private      ,217,686,903,5244,3687,8931
00170800,LINCOLN CHRISTIAN UNIVERSITY            ,IL,62656-2167,Private      ,36,129,165,468,655,1123
00170900,LINCOLN COLLEGE                         ,IL,62656-1699,Private      ,81,94,175,1261,680,1941
00171000,LOYOLA UNIVERSITY CHICAGO               ,IL,60626-0000,Private      ,534,1371,1905,15938,12410,28348
00171200,LUTHERAN SCHOOL OF THEOL AT CHICAGO     ,IL,60615-0000,Private      ,0,32,32,1,144,145
00171600,MACCORMAC COLLEGE                       ,IL,60602-4405,Private      ,20,38,58,62,189,251
00171700,MACMURRAY COLLEGE                       ,IL,62650-2590,Private      ,58,46,104,690,339,1029
00172100,MCCORMICK THEOLOGICAL SEMINARY          ,IL,60615-5108,Private      ,0,15,15,1,145,146
00172200,MCKENDREE UNIVERSITY                    ,IL,62254-1299,Private      ,86,346,432,1797,1583,3380
00172300,MEADVILLE LOMBARD THEOLOGICAL SCHOOL    ,IL,60637-1602,Private      ,0,7,7,3,81,84
00172400,MILLIKIN UNIVERSITY                     ,IL,62522-2084,Private      ,93,104,197,2979,951,3930
00172500,MONMOUTH COLLEGE                        ,IL,61462-1963,Private      ,26,10,36,2176,165,2341
00172700,MOODY BIBLE INSTITUTE                   ,IL,60610-3214,Private      ,425,409,834,1846,1379,3225
00172800,MORTON COLLEGE                          ,IL,60804-4398,Public       ,551,677,1228,2480,2302,4782
00173200,NATIONAL UNIV OF HEALTH SCIENCES        ,IL,60148-4583,Private      ,7,150,157,57,990,1047
00173300,NATIONAL-LOUIS UNIVERSITY               ,IL,60603-3032,Private      ,38,1373,1411,347,5975,6322
00173400,NORTH CENTRAL COLLEGE                   ,IL,60540-4690,Private      ,109,164,273,3642,978,4620
00173500,NORTH PARK UNIVERSITY                   ,IL,60625-4895,Private      ,180,390,570,3123,1886,5009
00173600,NORTHERN BAPTIST THEOL SEMINARY         ,IL,60148-0000,Private      ,0,31,31,2,106,108
00173700,NORTHERN ILLINOIS UNIVERSITY            ,IL,60115-2854,Public       ,1103,1389,2492,22282,11134,33416
00173900,NORTHWESTERN UNIV                       ,IL,60208-0001,Private      ,274,1303,1577,19271,11096,30367
00174100,OLIVET NAZARENE UNIVERSITY              ,IL,60914-2271,Private      ,137,483,620,3486,2088,5574
00174200,IL EASTERN COMM COLGS-OLNEY CENTRAL     ,IL,62450-1099,Public       ,67,157,224,612,760,1372
00174500,QUINCY UNIVERSITY                       ,IL,62301-2699,Private      ,33,115,148,1605,1014,2619
00174600,ROBERT MORRIS UNIVERSITY ILLINOIS       ,IL,60605-1225,Private      ,330,1023,1353,5282,5581,10863
00174700,ROCK VALLEY COLLEGE                     ,IL,61114-5699,Public       ,447,1157,1604,3355,5748,9103
00174800,ROCKFORD COLLEGE                        ,IL,61108-2393,Private      ,69,248,317,1188,1360,2548
00174900,ROOSEVELT UNIVERSITY                    ,IL,60605-1394,Private      ,253,1140,1393,5508,7346,12854
00175000,DOMINICAN UNIVERSITY                    ,IL,60305-1066,Private      ,62,329,391,2974,2012,4986
00175200,SAUK VALLEY COMMUNITY COLLEGE           ,IL,61021-9112,Public       ,151,302,453,1056,1373,2429
00175300,SCHOOL OF ART INSTITUTE OF CHICAGO      ,IL,60603-3013,Private      ,216,225,441,3912,2640,6552
00175400,SEABURY-WESTERN THEO SEMINARY           ,IL,60201-0000,Private      ,0,0,0,0,4,4
00175600,SHIMER COLLEGE                          ,IL,60616-3893,Private      ,22,4,26,159,67,226
00175700,SOUTHEASTERN ILLINOIS COLLEGE           ,IL,62946-4925,Public       ,91,208,299,702,846,1548
00175800,SOUTHERN ILL UNIV-CARBONDALE            ,IL,62901-0000,Public       ,1015,1575,2590,16586,9520,26106
00175900,SOUTHERN ILL UNIV-EDWARDSVILLE          ,IL,62026-1060,Public       ,604,843,1447,12155,6405,18560
00175924,SO IL UNIV-SCHL OF DENTAL MEDICINE      ,IL,62002-0000,Public       ,1,23,24,15,196,211
00176100,SPRINGFIELD COLLEGE IN ILLINOIS         ,IL,62702-2694,Private      ,21,69,90,273,365,638
00176500,UNIVERSITY OF ST MARY OF THE LAKE       ,IL,60060-0000,Private      ,0,1,1,2,12,14
00176700,BENEDICTINE UNIVERSITY                  ,IL,60532-0900,Private      ,137,784,921,3029,4462,7491
00176800,ST XAVIER UNIVERSITY                    ,IL,60655-3199,Private      ,143,609,752,5012,3616,8628
00176900,SOUTH SUBURBAN COLLEGE                  ,IL,60473-9978,Public       ,841,2103,2944,3212,7854,11066
00177100,TRINITY CHRISTIAN COLLEGE               ,IL,60463-0929,Private      ,46,124,170,1421,905,2326
00177200,TRINITY INTERNATIONAL UNIVERSITY        ,IL,60015-1283,Private      ,65,311,376,886,1160,2046
00177300,TRITON COLLEGE                          ,IL,60171-1995,Public       ,843,1365,2208,4164,5545,9709
00177400,UNIVERSITY OF CHICAGO                   ,IL,60637-1476,Private      ,284,337,621,15119,3483,18602
00177401,UNIV OF CHICAGO PRITZKER SCH OF MED     ,IL,60637-0000,Private      ,1,15,16,49,576,625
00177403,"UNIV OF CHICAGO, BOOTH SCH OF BUS       ",IL,60637-0000,Private      ,2,405,407,37,1340,1377
00177405,UNIVERSITY OF CHICAGO GRADUATE          ,IL,60637-0000,Private      ,9,372,381,89,5366,5455
00177500,UNIV OF ILLINOIS @ URBANA-CHAMPAIGN     ,IL,61820-5796,Public       ,837,745,1582,29712,9533,39245
00177600,UNIV OF ILLINOIS AT CHICAGO             ,IL,60607-0000,Public       ,927,1976,2903,23295,18318,41613
00177800,VANDERCOOK COLLEGE OF MUSIC             ,IL,60616-3731,Private      ,3,21,24,185,109,294
00177900,IL EASTERN COMM COLGS-WABASH VALLEY     ,IL,62863-2699,Public       ,54,123,177,423,457,880
00178000,WESTERN ILLINOIS UNIVERSITY             ,IL,61455-1390,Public       ,793,726,1519,12250,4573,16823
00178100,WHEATON COLLEGE                         ,IL,60187-5535,Private      ,49,79,128,2862,628,3490
00178300,WORSHAM COLLEGE OF MORTUARY SCIENCE     ,IL,60090-2646,Proprietary  ,8,22,30,53,153,206
00396100,HARPER COLLEGE                          ,IL,60067-7398,Public       ,906,1364,2270,5668,6016,11684
00418100,ADVOCATE TRINITY HOSPITAL SCHOOL OF RADI,IL,60617-3982,Private      ,0,0,0,35,102,137
00456000,GEM CITY COLLEGE                        ,IL,62301-4949,Proprietary  ,6,23,29,18,57,75
00456800,MIDSTATE COLLEGE                        ,IL,61614-3558,Proprietary  ,14,178,192,97,906,1003
00621400,BLESSING RIEMAN COLLEGE OF NURSING      ,IL,62301-0000,Private      ,9,15,24,109,158,267
00621401,BLESSING HOSPITAL - SCHOOL OF MEDICAL LA,IL,62305-7005,Private      ,0,4,4,14,20,34
00621402,BLESSING HOSPITAL - SCHOOL OF RADIOLOGIC,IL,62305-7005,Private      ,0,4,4,18,14,32
00622500,TRINITY COLLEGE OF NURSING AND HEALTH SC,IL,61201-5317,Private      ,13,37,50,84,203,287
00622800,METHODIST MED CTR OF ILL SCH NRSNG      ,IL,61636-0000,Private      ,14,46,60,283,566,849
00624000,ST FRANCIS MED CLG OF NRSG              ,IL,61603-3783,Private      ,15,35,50,230,436,666
00638500,CHAMBERLAIN COLLEGE OF NURSING          ,IL,60101-0000,Proprietary  ,179,2283,2462,1560,11995,13555
00665600,COLLEGE OF DUPAGE                       ,IL,60137-6599,Public       ,1554,2167,3721,9045,9612,18657
00675300,ILLINOIS CENTRAL COLLEGE                ,IL,61635-0001,Public       ,564,1397,1961,4246,6177,10423
00693100,WAUBONSEE COMMUNITY COLLEGE             ,IL,60554-0000,Public       ,510,974,1484,2906,4133,7039
00711800,PARKLAND COLLEGE                        ,IL,61821-1899,Public       ,701,1033,1734,4513,4399,8912
00711900,REND LAKE COLLEGE                       ,IL,62846-9801,Public       ,200,383,583,1243,1620,2863
00717000,LINCOLN LAND COMMUNITY COLLEGE          ,IL,62794-9256,Public       ,338,895,1233,2515,4200,6715
00726500,CARL SANDBURG COLLEGE                   ,IL,61401-9576,Public       ,121,329,450,1017,1704,2721
00754900,COYNE AMERICAN INSTITUTE                ,IL,60607-1300,Proprietary  ,121,432,553,323,1225,1548
00764400,LAKE LAND COLLEGE                       ,IL,61938-9366,Public       ,222,504,726,2221,2546,4767
00768400,KISHWAUKEE COLLEGE                      ,IL,60150-9699,Public       ,314,434,748,2211,2248,4459
00769000,KANKAKEE COMMUNITY COLLEGE              ,IL,60901-6505,Public       ,222,680,902,1623,3010,4633
00769100,MCHENRY COUNTY COLLEGE                  ,IL,60012-2761,Public       ,307,458,765,2231,2193,4424
00769200,MORAINE VALLEY COMMUNITY COLLEGE        ,IL,60465-0937,Public       ,845,1294,2139,6510,6128,12638
00769300,SHAWNEE COMMUNITY COLLEGE               ,IL,62992-9725,Public       ,188,458,646,821,1175,1996
00769400,COLLEGE OF LAKE COUNTY                  ,IL,60030-1198,Public       ,1024,1641,2665,4382,5718,10100
00793700,MS ROBERTS ACADEMY OF BEAUTY CULT       ,IL,60181-2930,Proprietary  ,9,27,36,22,70,92
00807600,JOHN A LOGAN COLLEGE                    ,IL,62918-2500,Public       ,419,688,1107,2154,2665,4819
00809003,EVEREST COLLEGE - BEDFORD PARK          ,IL,60629-5819,Proprietary  ,0,40,40,11,75,86
00814604,EVEREST UNIVERSITY - EVEREST  COLLEGE   ,IL,60803-4517,Proprietary  ,34,173,207,115,500,615
00825900,EDUCATORS OF BEAUTY                     ,IL,61081-3611,Proprietary  ,14,61,75,44,143,187
00825901,EDUCATORS OF BEAUTY                     ,IL,61104-0000,Proprietary  ,5,25,30,23,89,112
00832800,ALVAREITA'S COLLEGE OF COSMETOLOGY      ,IL,62025-2041,Proprietary  ,9,35,44,33,107,140
00854500,ROCKFORD BUSINESS COLLEGE               ,IL,61103-0000,Proprietary  ,39,191,230,196,954,1150
00869402,RASMUSSEN COLLEGE - ROCKFORD            ,IL,61108-2513,Proprietary  ,68,258,326,296,1482,1778
00869403,RASMUSSEN COLLEGE - AURORA              ,IL,60506-6219,Proprietary  ,41,115,156,191,636,827
00869404,RASMUSSEN COLLEGE - ROMEOVILLE          ,IL,60446-0000,Proprietary  ,28,139,167,152,646,798
00869418,RASMUSSEN COLLEGE -  MOKENA             ,IL,60448-0000,Proprietary  ,15,90,105,56,245,301
00888000,MORRISON INSTITUTE OF TECHNOLOGY        ,IL,61270-2959,Private      ,6,8,14,94,38,132
00893800,GRAHAM HOSPITAL SCH OF NURSING          ,IL,61520-2497,Private      ,2,7,9,29,100,129
00893900,CANNELLA SCHOOL OF HAIR DESIGN          ,IL,60406-2130,Proprietary  ,9,41,50,34,112,146
00914500,GOVERNORS STATE UNIVERSITY              ,IL,60466-0975,Public       ,124,1198,1322,1136,6767,7903
00923200,CATHOLIC THEOLOGICAL UNION              ,IL,60615-0000,Private      ,0,11,11,4,68,72
00933300,UNIV OF ILLINOIS AT SPRINGFIELD         ,IL,62703-5407,Public       ,148,528,676,2280,3160,5440
00947500,EDUCATORS OF BEAUTY                     ,IL,61301-2404,Proprietary  ,2,22,24,16,46,62
00959500,CANNELLA SCHOOL OF HAIR DESIGN          ,IL,60617-4303,Proprietary  ,15,87,102,40,146,186
00976700,OLIVE-HARVEY COLLEGE                    ,IL,60628-1696,Public       ,398,1123,1521,1747,4460,6207
00978600,IL EASTERN COMM COLGS-LINCOLN TRAIL     ,IL,62454-5708,Public       ,46,102,148,341,424,765
00980000,RUSH UNIVERSITY                         ,IL,60612-3806,Private      ,20,270,290,249,3119,3368
00989600,OAKTON COMMUNITY COLLEGE                ,IL,60016-1268,Public       ,482,753,1235,3459,3417,6876
00998700,SAINT ANTHONY COLLEGE OF NURSING        ,IL,61108-2468,Private      ,11,43,54,144,356,500
01002000,LEWIS AND CLARK COMMUNITY COLLEGE       ,IL,62035-2466,Public       ,534,906,1440,2130,2989,5119
01031600,LINCOLN COLLEGE OF TECHNOLOGY           ,IL,60160-1605,Proprietary  ,140,185,325,797,768,1565
01050100,LAKEVIEW  COLLEGE OF NURSING            ,IL,61832-3781,Private      ,16,22,38,175,251,426
01069500,TRI-COUNTY BEAUTY ACADEMY               ,IL,62056-2036,Proprietary  ,3,13,16,13,37,50
01071000,CAPITAL AREA SCH OF PRAC NRSG           ,IL,62707-0000,Public       ,6,88,94,85,519,604
01072700,DEVRY UNIVERSITY                        ,IL,60618-5994,Proprietary  ,2461,12510,14971,19209,84839,104048
01083600,PIVOT POINT INTNL CSMTLGY RSRCH CTR     ,IL,60626-0000,Proprietary  ,87,160,247,361,505,866
01087900,RICHLAND COMMUNITY COLLEGE              ,IL,62521-8513,Public       ,236,685,921,954,2180,3134
01102401,EVEREST COLLEGE - CHICAGO               ,IL,60604-2052,Proprietary  ,74,336,410,522,1353,1875
01151002,EVEREST INSTITUTE - EVEREST COLLEGE     ,IL,60542-1610,Proprietary  ,35,153,188,106,448,554
01181000,TAYLOR BUSINESS INSTITUTE               ,IL,60606-5111,Proprietary  ,11,67,78,30,165,195
01185204,ITT TECHNICAL INSTITUTE - ORLAND PARK CA,IL,60467-4900,Proprietary  ,0,0,0,1,0,1
01185800,EVEREST COLLEGE                         ,IL,60077-1074,Proprietary  ,113,397,510,309,1005,1314
01185802,EVEREST COLLEGE - BURR RIDGE            ,IL,60527-7826,Proprietary  ,41,106,147,109,296,405
01185803,EVEREST COLLEGE - MELROSE PARK          ,IL,60160-1526,Proprietary  ,17,50,67,23,73,96
01236200,NORTHWESTERN COLLEGE                    ,IL,60630-2298,Proprietary  ,177,554,731,1825,3916,5741
01238500,BLOOMINGTON-NORMAL SCH RADIOGRAPHY      ,IL,61761-4604,Private      ,1,11,12,13,47,60
01258400,ILLINOIS INSTITUTE OF ART (THE)         ,IL,60654-1593,Proprietary  ,686,837,1523,5481,4358,9839
01281300,JOHN WOOD COMMUNITY COLLEGE             ,IL,62305-0401,Public       ,187,347,534,1137,1390,2527
01308700,CAPRI GARFIELD RIDGE SCH OF BTY CLR     ,IL,60629-1613,Proprietary  ,19,37,56,67,187,254
01308800,CAPRI OAK FOREST COLLEGE OF BEAUTY      ,IL,60452-2798,Proprietary  ,25,52,77,106,184,290
02055200,HARRINGTON COLLEGE OF DESIGN            ,IL,60606-3433,Proprietary  ,63,111,174,494,710,1204
02068100,ADLER SCH OF PROFESSIONAL PSYCHLGY      ,IL,60601-0000,Private      ,6,147,153,59,1353,1412
02069300,VATTEROTT COLLEGE                       ,IL,62305-5938,Proprietary  ,23,107,130,103,427,530
02073200,TELSHE YESHIVA-CHICAGO                  ,IL,60625-0000,Private      ,4,4,8,36,6,42
02074400,IL EASTERN COMM COLGS-FRONTIER          ,IL,62837-0000,Public       ,24,71,95,211,381,592
02075400,KELLER GRADUATE SCHOOL OF MGMT.         ,IL,60515-5683,Proprietary  ,13,3271,3284,72,18786,18858
02113600,AMERICAN INTERCONTINENTAL UNIVERSITY    ,IL,60192-3713,Proprietary  ,473,7628,8101,1577,26998,28575
02117400,BECK AREA CAREER CENTER                 ,IL,62278-0000,Public       ,6,39,45,28,170,198
02124400,UNIVERSITY OF SPA & COSMETOLOGY ART     ,IL,62704-0000,Proprietary  ,27,39,66,114,174,288
02150600,COSMETOLOGY AND SPA INSTITUTE (THE)     ,IL,60014-4003,Proprietary  ,24,64,88,66,188,254
02155300,THE CHICAGO SCHOOL OF PROF PSYCHOLOGY   ,IL,60610-4705,Private      ,3,805,808,47,4953,5000
02160300,INTERNATIONAL ACAD OF DESIGN & TECH     ,IL,60602-3319,Proprietary  ,88,159,247,602,824,1426
02160304,INTERNATIONAL ACADEMY OF DESIGN AND TECH,IL,60173-5160,Proprietary  ,13,37,50,133,158,291
02168600,EAST WEST UNIVERSITY                    ,IL,60605-0000,Private      ,71,198,269,943,1670,2613
02179900,ARGOSY UNIVERSITY                       ,IL,60601-7757,Proprietary  ,1810,11569,13379,8758,41997,50755
02185400,ST AUGUSTINE COLLEGE                    ,IL,60640-0000,Private      ,72,334,406,628,2078,2706
02192400,MR JOHNS SCHOOL OF COSMETOLOGY          ,IL,62521-0000,Proprietary  ,7,47,54,16,79,95
02202600,CANNELLA SCHOOL OF HAIR DESIGN          ,IL,60181-1321,Proprietary  ,6,26,32,17,87,104
02214100,RESURRECTION UNIVERSITY                 ,IL,60302-2519,Private      ,8,79,87,123,553,676
02228100,MAC DANIEL'S BEAUTY SCHOOL              ,IL,60640-0000,Proprietary  ,4,20,24,25,80,105
02261200,HAIR PROFESSIONALS ACAD COSMETOLOGY     ,IL,60118-0000,Proprietary  ,11,72,83,38,185,223
02261201,HAIR PROFESSIONALS ACADEMY OF COSMETOLOG,IL,60118-9333,Proprietary  ,2,2,4,9,14,23
02262100,HAIR PROFESSIONALS SCH COSMETOLOGY      ,IL,60543-0000,Proprietary  ,14,34,48,39,89,128
02291200,CANNELLA SCHOOL OF HAIR DESIGN          ,IL,60639-0000,Proprietary  ,12,54,66,75,203,278
02295500,CANNELLA SCHOOL OF HAIR DESIGN          ,IL,60120-0000,Proprietary  ,10,39,49,18,66,84
02297500,OEHRLEIN SCHOOL OF COSMETOLOGY          ,IL,61611-0000,Proprietary  ,9,29,38,39,92,131
02312300,LA' JAMES COLLEGE HAIRSTYLING           ,IL,61244-0000,Proprietary  ,11,14,25,19,47,66
02313900,WESTWOOD COLLEGE - O'HARE AIRPORT       ,IL,60631-2801,Proprietary  ,82,179,261,459,984,1443
02317300,CONCEPT COLLEGE OF COSMETOLOGY          ,IL,61832-0000,Proprietary  ,19,36,55,43,77,120
02319200,LAKE FOREST GRAD SCHL OF MGMT           ,IL,60045-4824,Private      ,0,155,155,2,297,299
02323300,PROFESSIONAL'S CHOICE HAIR DSN ACAD     ,IL,60435-0000,Proprietary  ,7,21,28,25,64,89
02332200,HAIR PROFESSIONALS CAREER COLLEGE       ,IL,60178-0000,Proprietary  ,8,28,36,24,59,83
02337800,THE COLLEGE OF OFFICE TECHNOLOGY        ,IL,60622-0000,Proprietary  ,42,171,213,104,381,485
02349400,ALVAREITA'S COLLEGE OF COSMETOLOGY      ,IL,62035-0000,Proprietary  ,11,29,40,25,60,85
02349500,CANNELLA SCHOOL OF HAIR DESIGN          ,IL,60632-0000,Proprietary  ,20,66,86,64,145,209
02352200,LE CORDON BLEU COLLEGE OF CULINARY ARTS ,IL,60610-3050,Proprietary  ,138,312,450,1013,1519,2532
02498200,G SKIN & BEAUTY INSTITUTE               ,IL,60523-1805,Proprietary  ,25,92,117,58,215,273
02498201,HAIR PROFESSIONALS ACADEMY OF COSMETOLOG,IL,60563-0000,Proprietary  ,2,9,11,14,31,45
02522800,FOX COLLEGE                             ,IL,60453-0000,Proprietary  ,45,73,118,505,468,973
02527600,LEXINGTON COLLEGE                       ,IL,60607-0000,Private      ,11,17,28,93,67,160
02536700,BELL MAR BEAUTY COLLEGE                 ,IL,60650-0000,Proprietary  ,5,23,28,24,78,102
02556100,ENVIRONMENTAL TECHNICAL INSTITUTE       ,IL,60143-0000,Proprietary  ,36,151,187,65,252,317
02556600,NILES SCHOOL OF COSMETOLOGY             ,IL,60714-0000,Proprietary  ,2,17,19,16,56,72
02573700,INSTITUTE FOR CLINICAL SOCIAL WORK      ,IL,60605-1229,Private      ,2,43,45,24,180,204
02579200,INGALLS MEMORIAL HOSPITAL               ,IL,60426-0000,Private      ,0,7,7,11,61,72
02584900,"FIRST INSTITUTE, INC.                   ",IL,60014-7489,Proprietary  ,22,79,101,69,257,326
02587700,HAIR PROFESSIONALS CAREER COLLEGE       ,IL,60465-1929,Proprietary  ,15,28,43,36,92,128
02599500,HANOVER PARK COLLEGE OF BEAUTY CULT     ,IL,60133-5421,Proprietary  ,20,27,47,58,96,154
02622700,KNOWLEDGE SYSTEMS INSTITUTE             ,IL,60076-0000,Private      ,0,6,6,0,10,10
03002000,HAIRMASTERS INST OF COSMETOLOGY         ,IL,61701-5547,Proprietary  ,9,43,52,29,89,118
03027702,PACIFIC COLLEGE OF ORIENTAL MEDICINE - C,IL,60613-4418,Proprietary  ,0,77,77,12,309,321
03065300,TREND SETTERS COLL OF COSMETOLOGY       ,IL,60915-2101,Proprietary  ,77,101,178,183,216,399
03072701,WESTWOOD COLLEGE OF TECHNOLOGY          ,IL,60409-0000,Proprietary  ,45,181,226,230,911,1141
03072702,WESTWOOD COLLEGE OF TECHNOLOGY          ,IL,60602-0000,Proprietary  ,67,307,374,477,1288,1765
03078400,CAMEO BEAUTY ACADEMY                    ,IL,60453-3196,Proprietary  ,12,29,41,44,91,135
03079200,WESTWOOD COLLEGE - DUPAGE               ,IL,60517-2321,Proprietary  ,59,112,171,374,554,928
03082900,ROSEL SCHOOL OF COSMETOLOGY             ,IL,60659-1913,Proprietary  ,7,74,81,38,111,149
03083800,HEARTLAND COMMUNITY COLLEGE             ,IL,61761-9446,Public       ,304,545,849,2366,2683,5049
03098000,ST JOHN'S COLLEGE OF NURSING            ,IL,62702-5321,Private      ,2,27,29,153,169,322
03098002,ST JOHN'S HOSP SCH MED TECH             ,IL,62769-5324,Private      ,2,11,13,8,40,48
03099700,CAIN'S BARBER COLLEGE                   ,IL,60615-3510,Proprietary  ,24,124,148,107,336,443
03099800,ILLINOIS SCHOOL OF HEALTH CAREERS       ,IL,60604-0000,Proprietary  ,95,299,394,314,929,1243
03101800,ILLINOIS CENTER FOR BROADCASTING        ,IL,60148-7015,Proprietary  ,44,140,184,130,387,517
03128300,PYRAMID CAREER INSTITUTE                ,IL,60657-4207,Proprietary  ,0,2,2,0,7,7
03128500,NATIONAL LATINO EDUCATION INSTITUTE     ,IL,60609-2205,Private      ,9,23,32,27,96,123
03199300,CHRISTIAN LIFE COLLEGE                  ,IL,60056-2522,Private      ,5,8,13,21,33,54
03368300,MIDWEST TECHNICAL INSTITUTE             ,IL,62707-8805,Proprietary  ,199,736,935,481,1838,2319
03416300,COMPUTER SYSTEMS INSTITUTE              ,IL,60077-0000,Proprietary  ,72,402,474,220,1063,1283
03448300,BUSINESS INDUSTRIAL RESOURCES           ,IL,60659-1298,Proprietary  ,67,530,597,170,1458,1628
03455700,CORTIVA INSTITUTE - CHICAGO             ,IL,60602-3315,Proprietary  ,53,136,189,151,434,585
03455701,CORTIVA INSTITUTE - CHICAGO             ,IL,60014-6285,Proprietary  ,3,10,13,10,39,49
03510300,ERIKSON INSTITUTE                       ,IL,60654-4510,Private      ,0,21,21,5,325,330
03623300,VEE'S SCHOOL OF BEAUTY CULTURE          ,IL,62205-2326,Proprietary  ,0,0,0,1,6,7
03643300,"MR. JOHN'S SCHOOL OF JACKSONVILLE,  INC,",IL,62650-3488,Proprietary  ,5,14,19,7,26,33
03655300,ILLINOIS CAREERPATH INSTITUTE           ,IL,60610-4705,Private      ,7,44,51,8,67,75
03684300,NORTHSHORE UNIVERSITY HEALTHSYSTEM SCHOO,IL,60201-9872,Private      ,0,7,7,4,58,62
03721400,AMERICAN CAREER COLLEGE                 ,IL,60402-0000,Proprietary  ,6,14,20,29,67,96
03881400,EUROPEAN MASSAGE THERAPY SCHOOL         ,IL,60077-2269,Proprietary  ,7,61,68,24,128,152
03891300,SOMA INSTITUTE - THE NATIONAL SCHOOL OF ,IL,60604-4466,Proprietary  ,20,95,115,66,240,306
03914300,"CALC, INSTITUTE OF TECHNOLOGY           ",IL,62002-5931,Proprietary  ,9,63,72,43,221,264
04117500,SOLEX MEDICAL ACADEMY                   ,IL,60090-3104,Proprietary  ,5,10,15,11,35,46
04117600,LARRY'S BARBER COLLEGE                  ,IL,60628-2322,Proprietary  ,23,75,98,23,75,98
04118400,ZAREM /GOLDE ORT TECHNICAL INSTITUTE    ,IL,60077-3210,Private      ,15,110,125,29,328,357
04124700,AMERICARE INSTITUTE                     ,IL,60133-5456,Proprietary  ,29,172,201,113,725,838
04136900,UNIVERSITY OF AESTHETICS (THE)          ,IL,60622-2151,Proprietary  ,2,14,16,8,50,58
04137000,UNIVERSITY OF AESTHETICS (THE)          ,IL,60515-5602,Proprietary  ,0,6,6,1,22,23
04137500,TRICOCI UNIVERSITY OF BEAUTY CULTURE    ,IL,60656-1805,Proprietary  ,30,49,79,151,257,408
04139000,CITI COLLEGE OF ALLIED HEALTH           ,IL,60602-1032,Proprietary  ,9,109,118,72,459,531
04141000,AVEDA INSTITUTE CHICAGO                 ,IL,60647-0000,Proprietary  ,52,71,123,170,274,444
04147100,TRICOCI UNIVERSITY OF BEAUTY CULTURE    ,IL,60048-2906,Proprietary  ,23,39,62,92,141,233
04147200,TRICOCI UNIVERSITY OF BEAUTY CULTURE    ,IL,60455-1824,Proprietary  ,18,35,53,62,171,233
04147300,TRICOCI UNIVERSITY OF BEAUTY CULTURE    ,IL,60139-3119,Proprietary  ,24,29,53,64,109,173
04147400,TRICOCI UNIVERSITY OF BEAUTY CULTURE    ,IL,61614-4831,Proprietary  ,6,28,34,41,94,135
04147500,TRICOCI UNIVERSITY OF BEAUTY CULTURE    ,IL,61108-2337,Proprietary  ,13,52,65,72,218,290
04160600,PAUL MITCHELL THE SCHOOL NORMAL         ,IL,61761-0000,Proprietary  ,46,56,102,169,185,354
04167800,INNOVATIONS DESIGN ACADEMY              ,IL,61520-2625,Proprietary  ,3,7,10,21,34,55
04168500,SOLEX COLLEGE                           ,IL,60090-3192,Proprietary  ,1,39,40,3,81,84
04170800,UNITY COSMETOLOGY COLLEGE               ,IL,61764-9652,Proprietary  ,4,13,17,14,43,57
04171600,SALON PROFESSIONAL ACADEMY OF ELGIN (THE,IL,60123-2319,Proprietary  ,6,13,19,21,37,58
04172200,NORTHWESTERN INSTITUTE OF HEALTH AND TEC,IL,60640-4785,Private      ,18,162,180,18,162,180
04174900,SKIN CARE AND SPA INSTITUTE             ,IL,60077-2200,Proprietary  ,2,37,39,12,135,147
04175000,UNIVERSAL SPA TRAINING ACADEMY          ,IL,60515-0000,Proprietary  ,9,48,57,16,106,122
04175800,J RENEE CAREER FACILITATION             ,IL,60014-7986,Proprietary  ,4,41,45,4,53,57
04186000,CHICAGO SCHOOL FOR PIANO TECHNOLOGY (THE,IL,60612-1630,Private      ,1,5,6,1,5,6
04187400,COSMETOLOGY CONCEPTS                    ,IL,60452-2501,Proprietary  ,25,65,90,25,65,90
04189200,SALON PROFESSIONAL ACADEMY (THE)        ,IL,60404-8789,Proprietary  ,18,18,36,20,21,41
04189600,STATE CAREER SCHOOL                     ,IL,60085-5129,Proprietary  ,1,22,23,2,24,26
00195100,ALICE LLOYD COLLEGE                     ,KY,41844-9703,Private      ,44,32,76,992,199,1191
00195200,ASBURY COLLEGE                          ,KY,40390-1198,Private      ,65,128,193,1634,595,2229
00195300,ASBURY THEOLOGICAL SEMINARY             ,KY,40390-0000,Private      ,1,114,115,18,1327,1345
00195400,BELLARMINE UNIVERSITY                   ,KY,40205-1877,Private      ,147,336,483,4177,1791,5968
00195500,BEREA COLLEGE                           ,KY,40403-0000,Private      ,60,66,126,2883,842,3725
00195800,BRESCIA UNIVERSITY                      ,KY,42301-3023,Private      ,37,128,165,824,678,1502
00195900,CAMPBELLSVILLE UNIVERSITY               ,KY,42718-2799,Private      ,114,332,446,2539,1827,4366
00196000,SPALDING UNIVERSITY                     ,KY,40203-2188,Private      ,89,440,529,987,2989,3976
00196100,CENTRE COLLEGE                          ,KY,40422-1394,Private      ,34,31,65,2427,181,2608
00196200,UNIVERSITY OF THE CUMBERLANDS           ,KY,40769-1372,Private      ,64,479,543,2393,2107,4500
00196300,EASTERN KENTUCKY UNIVERSITY             ,KY,40475-3102,Public       ,1036,1602,2638,12753,9653,22406
00196400,GEORGETOWN COLLEGE                      ,KY,40324-1628,Private      ,83,222,305,2390,869,3259
00196500,KENTUCKY CHRISTIAN UNIVERSITY           ,KY,41143-2205,Private      ,44,29,73,784,187,971
00196800,KENTUCKY STATE UNIVERSITY               ,KY,40601-2355,Public       ,253,352,605,3866,2184,6050
00196900,KENTUCKY WESLEYAN COLLEGE               ,KY,42301-6057,Private      ,55,49,104,1279,344,1623
00197000,LEES COLLEGE                            ,KY,41339-0000,Private      ,0,0,0,0,1,1
00197100,LEXINGTON THEOLOGICAL SEMINARY          ,KY,40508-0000,Private      ,1,20,21,5,59,64
00197200,LINDSEY WILSON COLLEGE                  ,KY,42728-1223,Private      ,69,214,283,2808,1812,4620
00197400,LOUISVILLE PRESBYTERIAN THEOL SEM       ,KY,40205-0000,Private      ,1,15,16,12,162,174
00197500,MIDWAY COLLEGE                          ,KY,40347-1120,Private      ,52,451,503,709,2343,3052
00197600,MOREHEAD STATE UNIVERSITY               ,KY,40351-1689,Public       ,553,1133,1686,6629,5439,12068
00197700,MURRAY STATE UNIVERSITY                 ,KY,42071-0009,Public       ,562,756,1318,7077,4174,11251
00197900,WEST KENTUCKY CMNTY & TECHNICAL COLG    ,KY,42002-7380,Public       ,259,867,1126,1857,3938,5795
00198000,PIKEVILLE COLLEGE                       ,KY,41501-1194,Private      ,104,120,224,1965,663,2628
00198001,PIKEVILLE CLG-SCH OSTEOPATHIC MEDIC     ,KY,41501-0000,Private      ,2,11,13,20,351,371
00198300,ST. CATHARINE COLLEGE                   ,KY,40061-9499,Private      ,57,59,116,818,529,1347
00198700,TRANSYLVANIA UNIVERSITY                 ,KY,40508-1797,Private      ,42,48,90,1800,267,2067
00198800,UNION COLLEGE                           ,KY,40906-1499,Private      ,64,306,370,1285,1021,2306
00198900,UNIVERSITY OF KENTUCKY                  ,KY,40506-0054,Public       ,1334,1410,2744,20184,9954,30138
00198901,UNIV OF KY-COLLEGE OF DENTISTRY         ,KY,40536-0000,Public       ,3,14,17,19,251,270
00198902,UNIV OF KY-COLLEGE OF MEDICINE          ,KY,40536-0000,Public       ,6,28,34,62,551,613
00199000,ASHLAND COMMUNITY AND TECHNICAL COLLEGE ,KY,41101-3683,Public       ,290,774,1064,1547,2845,4392
00199100,ELIZABETHTOWN COMMUNITY  AND TECHNICAL C,KY,42701-3081,Public       ,494,1432,1926,2570,5820,8390
00199300,HENDERSON COMMUNITY COLLEGE             ,KY,42420-4699,Public       ,90,288,378,557,1525,2082
00199400,HOPKINSVILLE COMMUNITY COLLEGE          ,KY,42241-2621,Public       ,260,1021,1281,1168,4074,5242
00199600,BIG SANDY COMMUNITY AND TECHNICAL COLG  ,KY,41653-1815,Public       ,319,706,1025,1935,2756,4691
00199700,SOMERSET COMMUNITY COLLEGE              ,KY,42501-2973,Public       ,440,1713,2153,3207,7721,10928
00199800,SOUTHEAST KENTUCKY COMMUNITY AND TECHNIC,KY,40823-1099,Public       ,284,543,827,1280,1887,3167
00199900,UNIVERSITY OF LOUISVILLE                ,KY,40292-0000,Public       ,925,1650,2575,14191,12752,26943
00200100,THOMAS MORE COLLEGE                     ,KY,41017-3495,Private      ,74,180,254,1500,841,2341
00200200,WESTERN KENTUCKY UNIVERSITY             ,KY,42101-3576,Public       ,1513,1927,3440,15234,10313,25547
00461800,SPENCERIAN COLLEGE                      ,KY,40216-2605,Proprietary  ,129,525,654,689,2136,2825
00461900,SULLIVAN UNIVERSITY                     ,KY,40205-3000,Proprietary  ,277,1298,1575,2302,6210,8512
00524400,BLUEGRASS COMMUNITY & TECHNICAL COLLEGE ,KY,40506-0235,Public       ,953,2442,3395,5612,11210,16822
00527100,BOWLING GREEN TECHNICAL COLLEGE         ,KY,42101-3601,Public       ,231,841,1072,1287,3702,4989
00527300,GATEWAY COMMUNITY & TECHNOLOGY COLL     ,KY,41011-0000,Public       ,344,1140,1484,1388,4352,5740
00696000,MAYSVILLE CMNTY & TECHNCL COLG          ,KY,41056-8910,Public       ,199,659,858,1151,3106,4257
00696100,JEFFERSON COMMUNITY AND TECHNICAL COLLEG,KY,40202-2005,Public       ,992,2599,3591,6333,13514,19847
00696200,HAZARD COMMUNITY COLLEGE                ,KY,41701-2402,Public       ,261,644,905,1399,2333,3732
00696203,KY TECH-KNOTT CO. TECHNOLOGY CTR        ,KY,41822-0000,Public       ,1,1,2,7,6,13
00696204,KY TECH-LESLIE COUNTY AREA TECH CTR     ,KY,41749-0000,Public       ,0,0,0,1,4,5
00696205,KY TECH-LEE COUNTY AREA TECH CTR        ,KY,41311-0000,Public       ,0,1,1,1,6,7
00696206,KY TECH-LETCHER CNTY AREA TECH CTR      ,KY,41858-0000,Public       ,2,9,11,17,35,52
00696207,KY TECH-BREATHITT COUNTY VOC ED CTR     ,KY,41339-0000,Public       ,1,6,7,6,22,28
00736205,MEDTECH COLLEGE - LEXINGTON             ,KY,40511-1200,Proprietary  ,34,196,230,92,661,753
00842500,DAYMAR COLLEGE                          ,KY,42001-0000,Proprietary  ,18,102,120,51,485,536
00901000,MADISONVILLE COMMUNITY COLLEGE          ,KY,42431-9199,Public       ,231,567,798,1157,2518,3675
00927500,NORTHERN KENTUCKY UNIVERSITY            ,KY,41099-0001,Public       ,993,1545,2538,10053,8034,18087
00931300,DAYMAR COLLEGE                          ,KY,42301-5830,Proprietary  ,55,620,675,274,2711,2985
01042400,SALON PROFESSIONAL ACADEMY THE          ,KY,40502-1776,Proprietary  ,23,80,103,79,254,333
01048901,NATIONAL COLLEGE - FLORENCE CAMPUS      ,KY,41042-1812,Proprietary  ,5,43,48,31,257,288
01048902,NATIONAL COLLEGE - PIKEVILLE CAMPUS     ,KY,41501-1518,Proprietary  ,12,59,71,97,333,430
01048903,NATIONAL COLLEGE - DANVILLE CAMPUS      ,KY,40422-1517,Proprietary  ,4,73,77,38,390,428
01048904,NATIONAL COLLEGE - RICHMOND CAMPUS      ,KY,40475-2309,Proprietary  ,9,83,92,48,280,328
01048906,NATIONAL COLLEGE - LOUISVILLE CAMPUS    ,KY,40216-4147,Proprietary  ,21,144,165,137,961,1098
01048907,NATIONAL COLLEGE - LEXINGTON CAMPUS     ,KY,40509-2256,Proprietary  ,24,138,162,96,802,898
01172500,COLLINS SCHOOL OF COSMETOLOGY           ,KY,40965-2809,Proprietary  ,5,22,27,19,67,86
01208800,SULLIVAN COLLEGE OF TECHNOLOGY AND DESIG,KY,40218-4528,Proprietary  ,89,215,304,553,1029,1582
01212801,SOUTHWESTERN COLLEGE                    ,KY,41042-1466,Proprietary  ,29,110,139,122,549,671
01272300,KY TECH-WAYNE COUNTY AREA TECH CTR      ,KY,42633-1088,Public       ,0,0,0,0,7,7
01291400,EMPIRE BEAUTY SCHOOL                    ,KY,40218-0000,Proprietary  ,20,71,91,108,376,484
01291500,EMPIRE BEAUTY SCHOOL                    ,KY,41042-5113,Proprietary  ,17,43,60,72,209,281
01291600,EMPIRE BEAUTY SCHOOL                    ,KY,40216-4212,Proprietary  ,8,44,52,32,201,233
01291700,EMPIRE BEAUTY SCHOOL                    ,KY,40160-0000,Proprietary  ,11,51,62,82,217,299
01296800,EMPIRE BEAUTY SCHOOL                    ,KY,40207-2695,Proprietary  ,8,26,34,50,141,191
02159100,"APPALACHIAN BEAUTY SCHOOL, INC.         ",KY,41503-0000,Proprietary  ,2,6,8,25,39,64
02177100,EMPIRE BEAUTY SCHOOL                    ,KY,40204-0000,Proprietary  ,11,60,71,78,272,350
02251500,TREND SETTERS ACAD OF BEAUTY CULT       ,KY,40258-0000,Proprietary  ,22,118,140,54,217,271
02275000,JENNY LEA ACADEMY OF COSMETOLOGY        ,KY,40831-0000,Proprietary  ,37,100,137,101,297,398
02284306,INTERACTIVE LEARNING SYSTEMS            ,KY,41042-0000,Proprietary  ,6,22,28,13,55,68
02323700,PAT WILSON'S BEAUTY COLLEGE             ,KY,42420-0000,Proprietary  ,1,25,26,7,62,69
02337200,PJ'S COLLEGE OF COSMETOLOGY             ,KY,42101-0000,Proprietary  ,34,129,163,119,513,632
02340800,PAUL MITCHELL THE SCHOOL LEXINGTON      ,KY,40514-1545,Proprietary  ,42,109,151,139,256,395
02351700,PAUL MITCHELL THE SCHOOL - LOUISVILLE   ,KY,40222-0000,Proprietary  ,49,69,118,163,287,450
02491100,BECKFIELD COLLEGE                       ,KY,41042-0000,Proprietary  ,65,441,506,281,2117,2398
02518900,BARRETT & COMPANY SCH HAIR DESIGN       ,KY,40356-0000,Proprietary  ,15,53,68,31,148,179
02526100,JENNY LEA ACADEMY OF COSMETOLOGY        ,KY,41858-0000,Proprietary  ,6,15,21,18,35,53
02535600,CLEAR CREEK BAPTIST BIBLE COLLEGE       ,KY,40977-0000,Private      ,12,43,55,37,155,192
02551100,PJ'S COLLEGE OF COSMETOLOGY             ,KY,42141-2434,Proprietary  ,4,32,36,34,115,149
02560800,SOUTHEAST SCHOOL OF COSMETOLOGY         ,KY,40962-0000,Proprietary  ,9,23,32,20,62,82
02576200,MID-CONTINENT UNIVERSITY                ,KY,42066-9007,Private      ,50,533,583,378,3467,3845
03002100,KENTUCKY MOUNTAIN BIBLE COLLEGE         ,KY,41385-0010,Private      ,5,5,10,43,34,77
03007000,FRONTIER SCH OF MIDWIFERY&FAMILY NU     ,KY,41749-0000,Private      ,0,253,253,4,1426,1430
03026200,HEAD'S WEST KENTUCKY BEAUTY COLLEGE     ,KY,42431-0000,Proprietary  ,2,15,17,19,49,68
03029200,NU-TEK ACADEMY OF BEAUTY                ,KY,40353-9767,Proprietary  ,3,16,19,13,51,64
03034500,OWENSBORO COMMUNITY & TECHNICAL COLLEGE ,KY,42303-1899,Public       ,324,746,1070,1613,3050,4663
03083700,GALEN HEALTH INSTITUTES                 ,KY,40207-1047,Proprietary  ,160,825,985,747,4273,5020
03103500,MR JIM'S BEAUTY COLLEGE                 ,KY,42301-2646,Proprietary  ,4,23,27,16,57,73
03516500,EZELL'S COSMETOLOGY SCHOOL              ,KY,42071-2530,Proprietary  ,6,19,25,29,73,102
03611300,BRIGHTON CENTER'S CENTER FOR EMPLOY     ,KY,41071-1968,Private      ,2,36,38,5,58,63
03804300,BELLEFONTE ACADEMY OF BEAUTY            ,KY,41169-2015,Proprietary  ,11,89,100,25,123,148
03885300,EMPLOYMENT SOLUTIONS                    ,KY,40517-3260,Private      ,15,89,104,34,285,319
03886300,REGENCY SCHOOL OF HAIR DESIGN           ,KY,41653-1278,Proprietary  ,3,18,21,16,68,84
04038300,ATA CAREER EDUCATION                    ,KY,40223-3832,Proprietary  ,58,272,330,209,1059,1268
04051316,ART INSTITUTE OF PHOENIX (THE) - ATS - (,KY,41017-2136,Proprietary  ,54,238,292,120,542,662
04051319,ART INSTITUTE OF PHOENIX (THE) - BROWN M,KY,40219-1916,Proprietary  ,13,59,72,114,398,512
04051320,ART INSTITUTE OF PHOENIX (THE) - BROWN M,KY,42240-3579,Proprietary  ,4,13,17,30,141,171
04123900,LEXINGTON HEALING ARTS ACADEMY          ,KY,40503-1932,Proprietary  ,8,51,59,37,167,204
04177600,LINDSEY INSTITUTE OF COSMETOLOGY        ,KY,42103-8036,Proprietary  ,12,32,44,53,111,164
04177700,TRI-STATE INSTITUTE OF HAIR DESIGN      ,KY,40744-5234,Proprietary  ,4,14,18,4,14,18
04178000,SIMMONS COLLEGE OF KENTUCKY             ,KY,40203-3322,Private      ,2,39,41,16,128,144
00200300,CENTENARY COLLEGE OF LOUISIANA          ,LA,71104-3396,Private      ,85,82,167,1127,322,1449
00200400,DILLARD UNIVERSITY                      ,LA,70122-3097,Private      ,242,221,463,2529,1040,3569
00200500,NICHOLLS STATE UNIVERSITY               ,LA,70310-0001,Public       ,519,537,1056,5440,2811,8251
00200600,GRAMBLING STATE UNIVERSITY              ,LA,71245-2215,Public       ,622,800,1422,6123,3782,9905
00200700,LOUISIANA COLLEGE                       ,LA,71359-0000,Private      ,141,228,369,1274,820,2094
00200800,LOUISIANA TECH UNIVERSITY               ,LA,71272-0001,Public       ,782,782,1564,6901,3214,10115
00201000,LOUISIANA STATE UNIV & A&M COLG         ,LA,70803-5710,Public       ,2225,1316,3541,23045,8414,31459
00201100,LOUISIANA STATE UNIV-ALEXANDRIA         ,LA,71302-9121,Public       ,228,462,690,1553,2139,3692
00201200,LOUISIANA STATE UNIV-EUNICE             ,LA,70535-6726,Public       ,244,327,571,2095,1885,3980
00201300,LOUISIANA STATE UNIV-SHREVEPORT         ,LA,71115-2399,Public       ,412,788,1200,2458,3149,5607
00201400,LA STATE UNIV HEALTH SCIENCES CTR       ,LA,70112-2223,Public       ,56,208,264,512,2323,2835
00201500,(THE) UNIVERSITY OF NEW ORLEANS         ,LA,70148-0001,Public       ,986,1746,2732,6349,7335,13684
00201600,LOYOLA UNIVERSITY NEW ORLEANS           ,LA,70118-6195,Private      ,365,648,1013,4608,3041,7649
00201700,MCNEESE STATE UNIVERSITY                ,LA,70609-4510,Public       ,640,852,1492,5538,4106,9644
00201900,NEW ORLEANS BAPTIST THEOL SEMINARY      ,LA,70126-0000,Private      ,13,49,62,46,141,187
00202000,UNIVERSITY OF LOUISIANA AT MONROE       ,LA,71209-9001,Public       ,723,1051,1774,5738,4729,10467
00202100,NORTHWESTERN STATE UNIVERSITY           ,LA,71497-0001,Public       ,548,1236,1784,5674,5602,11276
00202200,NOTRE DAME SEMINARY                     ,LA,70118-0000,Private      ,2,5,7,7,19,26
00202300,OUR LADY OF HOLY CROSS COLLEGE          ,LA,70131-7399,Private      ,106,353,459,628,1318,1946
00202400,SOUTHEASTERN LOUISIANA UNIV             ,LA,70402-0001,Public       ,1682,1465,3147,11068,6141,17209
00202500,SOUTHERN UNIVERSITY A & M COLLEGE       ,LA,70813-9374,Public       ,813,1307,2120,6911,7080,13991
00202600,SOUTHERN UNIV NEW ORLEANS               ,LA,70126-0002,Public       ,488,1285,1773,1748,4020,5768
00202700,ST JOSEPH SEMINARY COLLEGE              ,LA,70457-9990,Private      ,17,14,31,37,23,60
00202900,TULANE UNIVERSITY                       ,LA,70118-5698,Private      ,486,928,1414,12404,7632,20036
00203100,UNIV OF LOUISIANA AT LAFAYETTE          ,LA,70504-0001,Public       ,1347,1024,2371,12886,5549,18435
00203200,XAVIER UNIVERSITY OF LOUISIANA          ,LA,70125-1098,Private      ,385,298,683,5084,1976,7060
00462100,AYERS CAREER COLLEGE                    ,LA,71108-5845,Proprietary  ,24,123,147,67,397,464
00462500,DELGADO COMMUNITY COLLEGE               ,LA,70119-0000,Public       ,2476,4997,7473,8510,17302,25812
00546700,SOWELA TECHNICAL COMMUNITY COLLEGE      ,LA,70616-6950,Public       ,319,552,871,1026,1496,2522
00548800,LOUISIANA TECH COLG-BATON ROUGE         ,LA,70807-0000,Public       ,178,486,664,533,1370,1903
00548802,LOUISIANA TECH COLG-ACADIAN CMPS        ,LA,70526-0000,Public       ,37,86,123,124,280,404
00548803,LOUISIANA TECH COLG-ALEXANDRIA CMPS     ,LA,71302-3137,Public       ,63,202,265,232,652,884
00548804,LOUISIANA TECHNICAL COLLEGE - ASCENSION ,LA,70778-3007,Public       ,0,0,0,17,29,46
00548805,LA TECH COLLEGE-AVOYELLES CAMPUS        ,LA,71327-0000,Public       ,40,61,101,89,165,254
00548806,LA TECHNICAL COLG-BASTROP CMPS          ,LA,71221-0000,Public       ,25,51,76,68,155,223
00548808,LA TECH COLG CHARLES B COREILCMPS       ,LA,70586-0000,Public       ,24,62,86,116,245,361
00548809,LA TECHNICAL COLG-DELTA-OUACHITA        ,LA,71292-9064,Public       ,60,221,281,227,712,939
00548810,EVANGELINE TECHNICAL INST               ,LA,70582-3104,Public       ,27,91,118,63,223,286
00548811,LA TECHN COLLEGE - FLORIDA PARISHES     ,LA,70441-0000,Public       ,43,110,153,119,342,461
00548812,LOUISIANA TECH COLG-FOLKES CAMPUS       ,LA,70748-0000,Public       ,26,50,76,35,90,125
00548813,LA TECHNICAL INST-GULF AREA CMPS        ,LA,70510-0878,Public       ,45,91,136,125,322,447
00548814,LOUISIANA TECH COLG-HAMMOND CMPS        ,LA,70404-0000,Public       ,108,256,364,321,740,1061
00548815,LA TECH COLG-HUEY P. LONG CAMPUS        ,LA,71483-0000,Public       ,23,59,82,81,216,297
00548817,LOUISIANA TEC CLG-JUMONVILLE MEM CP     ,LA,70760-0000,Public       ,45,105,150,63,155,218
00548818,LA TECH COLLEGE-LAFAYETTE CAMPUS        ,LA,70506-0000,Public       ,164,389,553,666,1316,1982
00548819,LOUISIANA TECHNICAL COLLEGE-LAFOURC     ,LA,70301-4336,Public       ,43,94,137,127,292,419
00548820,LOUISIANA TEC CLG-LAMAR SALTER CMPS     ,LA,71446-0000,Public       ,32,128,160,94,313,407
00548822,LOUISIANA TECHNICAL CLG-MANSFIELD       ,LA,71052-1236,Public       ,13,42,55,47,164,211
00548823,LA. TECH COLG.-MORGAN SMITH CAMPUS      ,LA,70546-0000,Public       ,25,59,84,60,153,213
00548824,LOUISIANA TEC CLG-NATCHITOCHES CMPS     ,LA,71458-0000,Public       ,45,117,162,143,294,437
00548825,LOUISIANA TECH COLG-NORTH CTRL CMPS     ,LA,71241-0000,Public       ,5,21,26,18,89,107
00548826,LOUISIANA TECH CLG-NORTHEAST LA CMP     ,LA,71295-2999,Public       ,24,80,104,79,233,312
00548827,LOUISIANA TEC CLG-NW LOUISIANA CMPS     ,LA,71058-0000,Public       ,60,151,211,196,495,691
00548828,LA TECHNICAL COLG-OAKDALE CMPS          ,LA,71463-0000,Public       ,21,63,84,65,149,214
00548829,LTC-RIVER PARISHES CAMPUS               ,LA,70084-0000,Public       ,122,237,359,295,537,832
00548830,LOUISIANA TECHNICAL COLLEGE-RUSTON      ,LA,71273-0000,Public       ,49,109,158,348,384,732
00548831,LTC - SABINE VALLEY CAMPUS              ,LA,71449-3839,Public       ,26,52,78,46,136,182
00548832,LOUISIANA TECH COLG-SHELBY JACKSON      ,LA,71334-0000,Public       ,22,79,101,61,215,276
00548833,LA TECH COLG SHREVEPORT-BOSSIER         ,LA,71137-0000,Public       ,82,408,490,280,1252,1532
00548837,LOUISIANA TECH COLG-SULLIVAN CAMPUS     ,LA,70427-5866,Public       ,80,277,357,244,811,1055
00548839,LA TECH COLG-TECHE AREA CAMPUS          ,LA,70562-0000,Public       ,65,116,181,218,381,599
00548840,LOUISIANA TECH COLG-T.H.HARRIS CMPS     ,LA,70570-6113,Public       ,96,184,280,341,587,928
00548842,LOUISIANA TECHNICAL COLLEGE - WESTSIDE C,LA,70765-0733,Public       ,31,92,123,51,143,194
00548843,LTC-YOUNG MEMORIAL CAMPUS               ,LA,70381-0000,Public       ,37,134,171,123,403,526
00576100,L. E. FLETCHER TECHNICAL COMMUNITY COLLE,LA,70360-2863,Public       ,184,326,510,884,1344,2228
00768600,SOUTHERN UNIV AT SHREVEPORT/BOSSIER     ,LA,71107-4795,Public       ,495,1147,1642,1318,2952,4270
00777707,REMINGTON COLLEGE - CLEVELAND CAMPUS - L,LA,70508-5760,Proprietary  ,24,80,104,110,322,432
00777708,REMINGTON COLLEGE - CLEVELAND CAMPUS - B,LA,70816-4040,Proprietary  ,57,148,205,163,452,615
00806700,LSU HEALTH SCIENCES CENTR-SHREVEPOR     ,LA,71130-3932,Public       ,46,124,170,323,1105,1428
00989800,DEMMON SCHOOL OF BEAUTY                 ,LA,70607-2128,Proprietary  ,8,23,31,17,67,84
01005701,AMERICAN COMMERCIAL COLLEGE             ,LA,71105-2502,Proprietary  ,4,59,63,28,208,236
01109700,CLOYD'S BEAUTY SCHOOL #1                ,LA,71291-3131,Proprietary  ,15,99,114,39,148,187
01163100,"D-JAY'S SCHL OF BEAUTY, ARTS & SCI      ",LA,70806-0000,Proprietary  ,13,55,68,51,125,176
01184100,JOHN JAY BEAUTY COLLEGE                 ,LA,70124-2592,Proprietary  ,18,44,62,69,135,204
01282300,PAT GOINS RUSTON BEAUTY SCHOOL          ,LA,71270-4301,Proprietary  ,12,29,41,23,41,64
01287900,PAT GOINS BENTON ROAD BEAUTY SCHOOL     ,LA,71111-4838,Proprietary  ,9,29,38,17,47,64
01288000,PAT GOINS BEAUTY SCHOOL                 ,LA,71201-5167,Proprietary  ,10,28,38,23,57,80
02055400,BOSSIER PARISH COMMUNITY COLLEGE        ,LA,71111-0000,Public       ,913,1479,2392,3028,4929,7957
02055500,DELTA SCH OF BUSINESS & TECHNOLOGY      ,LA,70601-0000,Proprietary  ,24,123,147,114,440,554
02117800,AVEDA INSTITUTE LAFAYETTE               ,LA,70503-3246,Proprietary  ,20,58,78,117,199,316
02166100,NUNEZ COMMUNITY COLLEGE                 ,LA,70043-0000,Public       ,291,823,1114,589,1656,2245
02166200,ITI TECHNICAL COLLEGE                   ,LA,70817-0000,Proprietary  ,140,235,375,372,557,929
02197500,BATON ROUGE SCHOOL OF COMPUTERS         ,LA,70809-8188,Proprietary  ,7,31,38,37,93,130
02234000,CAMERON COLLEGE                         ,LA,70119-0000,Proprietary  ,27,92,119,62,195,257
02258400,AVEDA INSTITUTE BATON ROUGE             ,LA,70816-2246,Proprietary  ,32,54,86,179,217,396
02260200,DIESEL DRIVING ACADEMY                  ,LA,71109-5617,Proprietary  ,27,179,206,50,391,441
02265600,JOHN JAY KENNER ACADEMY                 ,LA,70062-0000,Proprietary  ,12,30,42,36,85,121
02269300,STEVENSON'S ACADEMY OF HAIR DESIGN      ,LA,70116-0000,Proprietary  ,33,62,95,69,152,221
02327800,PINEVILLE BEAUTY SCHOOL                 ,LA,71360-0000,Proprietary  ,10,21,31,33,85,118
02335700,BATON ROUGE GENERAL MEDICAL CENTER      ,LA,70806-3889,Private      ,3,35,38,48,148,196
02335701,BATON ROUGE GEN MED CTR SCH NSG         ,LA,70821-0000,Private      ,14,49,63,64,201,265
02335702,BATON ROUGE GEN MED CTR-RAD TECH        ,LA,70806-0000,Private      ,6,25,31,32,74,106
02338000,"CLOYD'S BEAUTY SCHOOL #2, INC           ",LA,71202-3539,Proprietary  ,15,90,105,32,143,175
02352500,"CLOYD'S BEAUTY SCHOOL #3, INC           ",LA,71201-3211,Proprietary  ,12,90,102,30,136,166
02358600,"STAGE ONE THE HAIR SCHOOL, INC.         ",LA,70605-0000,Proprietary  ,30,43,73,64,116,180
02518300,SOUTH LOUISIANA BEAUTY COLLEGE          ,LA,70363-0000,Proprietary  ,16,30,46,37,59,96
02536400,LOUISIANA ACADEMY OF BEAUTY             ,LA,70535-0000,Proprietary  ,15,23,38,32,54,86
02538300,DELTA COLLEGE OF ARTS & TECH INC        ,LA,70806-1529,Proprietary  ,55,141,196,180,534,714
02538301,DELTA COLLEGE OF ARTS & TECHNOLOGY - LAF,LA,70508-6831,Proprietary  ,20,42,62,79,221,300
02548500,COSMETOLOGY TRAINING CENTER             ,LA,70503-0000,Proprietary  ,19,45,64,63,104,167
02554800,VANGUARD COLLEGE OF COSMETOLOGY         ,LA,70458-8823,Proprietary  ,66,83,149,143,223,366
02582200,"GUY'S ACADEMY HAIR, SKIN & NAILS        ",LA,71105-2404,Proprietary  ,17,49,66,34,157,191
02600900,AVEDA INSTITUTE                         ,LA,70433-2922,Proprietary  ,315,500,815,794,1490,2284
02601000,AMERICAN SCHOOL OF BUSINESS             ,LA,71105-5646,Proprietary  ,7,78,85,24,158,182
02601100,OPELOUSAS SCHOOL OF COSMETOLOGY         ,LA,70570-6156,Proprietary  ,2,12,14,11,37,48
02606800,CAREER TRAINING SPECIALISTS             ,LA,71201-6046,Proprietary  ,109,253,362,323,855,1178
02606801,CAREER TECHNICAL COLLEGE - SHREVEPORT   ,LA,71105-2405,Proprietary  ,77,217,294,192,570,762
02617100,BATON ROUGE COLLEGE                     ,LA,70806-1725,Proprietary  ,20,61,81,129,212,341
02619200,DENHAM SPRINGS BEAUTY COLLEGE           ,LA,70726-3829,Proprietary  ,12,35,47,50,108,158
03010400,CRESCENT CITY SCH GAMING & BARTENDG     ,LA,70119-5507,Proprietary  ,38,300,338,72,505,577
03010624,VIRGINIA COLLEGE - BATON ROUGE          ,LA,70815-8604,Proprietary  ,52,184,236,196,740,936
03023500,CAMELOT CAREER COLLEGE                  ,LA,70805-7539,Proprietary  ,39,84,123,115,222,337
03030900,DIESEL DRIVING ACADEMY                  ,LA,70815-8109,Proprietary  ,18,187,205,43,361,404
03095100,GRETNA CAREER COLLEGE                   ,LA,70053-2436,Proprietary  ,28,74,102,74,258,332
03106200,OUR LADY OF THE LAKE COLLEGE            ,LA,70808-4345,Private      ,116,327,443,903,1899,2802
03253300,JONESVILLE BEAUTY SCHOOL                ,LA,71343-0000,Proprietary  ,26,55,81,79,125,204
03294300,BLUE CLIFF SCH THERAPEUTIC MASSAGE      ,LA,70002-3458,Proprietary  ,131,510,641,286,1166,1452
03332600,DELTA COLLEGE                           ,LA,70433-9042,Proprietary  ,26,98,124,107,360,467
03332601,DELTA COLLEGE - SLIDELL                 ,LA,70460-2624,Proprietary  ,31,95,126,92,287,379
03356300,MEDICAL TRAINING COLLEGE                ,LA,70816-5820,Proprietary  ,30,109,139,123,310,433
03422500,BLUE CLIFF COLLEGE                      ,LA,71107-6520,Proprietary  ,68,303,371,214,1034,1248
03422600,BLUE CLIFF COLLEGE                      ,LA,70508-3858,Proprietary  ,75,280,355,254,942,1196
03480300,MEDVANCE INSTITUTE                      ,LA,70809-1908,Proprietary  ,73,239,312,206,640,846
03498400,OMEGA INSTITUTE OF COSMETOLOGY          ,LA,70360-0000,Proprietary  ,15,19,34,41,57,98
03727500,MOORE CAREER COLLEGE                    ,LA,70808-4191,Proprietary  ,7,16,23,14,55,69
03730300,BATON ROUGE COMMUNITY COLLEGE           ,LA,78806-4129,Public       ,1260,1906,3166,5539,6802,12341
03752400,SCHOOL OF URBAN MISSIONS                ,LA,70053-0000,Private      ,59,76,135,146,228,374
03789300,UNITECH TRAINING ACADEMY                ,LA,70503-5132,Proprietary  ,58,187,245,99,272,371
03789301,UNITECH TRAINING ACADEMY - WEST MONROE  ,LA,71291-2913,Proprietary  ,26,119,145,61,222,283
03789302,UNITECH TRAINING ACADEMY - HOUMA        ,LA,70363-5556,Proprietary  ,31,99,130,54,171,225
03789303,UNITECH TRAINING ACADEMY -  ALEXANDRIA  ,LA,71303-3625,Proprietary  ,19,148,167,31,228,259
03789304,UNITECH TRAINING ACADEMY - LAKE CHARLES ,LA,70601-7887,Proprietary  ,33,149,182,57,220,277
03789400,RIVER PARISHES COMMUNITY COLLEGE        ,LA,70778-0310,Public       ,259,452,711,714,1153,1867
03810500,COURT REPORTING INSTITUTE OF LOUISI     ,LA,70816-0000,Proprietary  ,4,32,36,13,81,94
03956300,SOUTH LOUISIANA COMMUNITY COLLEGE       ,LA,70506-0000,Public       ,400,550,950,1897,1997,3894
04040300,COMPASS CAREER COLLEGE                  ,LA,70403-0653,Proprietary  ,32,102,134,82,269,351
04112300,LOUISIANA CULINARY INSTITUTE            ,LA,70816-4109,Proprietary  ,22,52,74,162,234,396
04120700,ALDEN'S SCHOOL OF COSMETOLOGY           ,LA,70714-1502,Proprietary  ,13,35,48,21,76,97
04130100,LOUISIANA DELTA COMMUNITY COLLEGE       ,LA,71203-3618,Public       ,325,657,982,1519,2519,4038
04130101,LOUISIANA TECHNICAL COLG - TALLULAH     ,LA,71284-0000,Public       ,11,20,31,31,96,127
04149500,A & W HEALTHCARE EDUCATORS              ,LA,70122-3146,Proprietary  ,5,48,53,26,182,208
04151600,MY-LE'S BEAUTY COLLEGE                  ,LA,70056-3150,Proprietary  ,15,77,92,29,137,166
00143600,CAPITOL COLLEGE                         ,MD,20708-9759,Private      ,41,107,148,448,440,888
00146200,WASHINGTON BIBLE COLLEGE                ,MD,20706-3599,Private      ,16,112,128,80,395,475
00205700,ALLEGANY COLLEGE OF MARYLAND            ,MD,21502-2596,Public       ,287,397,684,2445,2026,4471
00205800,ANNE ARUNDEL COMMUNITY COLLEGE          ,MD,21012-1895,Public       ,991,2048,3039,4746,8500,13246
00206100,BALTIMORE CITY COMMUNITY COLLEGE        ,MD,21215-7893,Public       ,625,2237,2862,3311,9575,12886
00206200,BOWIE STATE UNIVERSITY                  ,MD,20715-9465,Public       ,619,886,1505,7452,5704,13156
00206300,COMMUNITY COLLEGE OF BALTIMORE COUNTY   ,MD,21228-5381,Public       ,2002,4287,6289,9054,16692,25746
00206400,COLLEGE OF SOUTHERN MARYLAND            ,MD,20646-0910,Public       ,600,1172,1772,3311,4754,8065
00206500,CLG NOTRE DAME OF MARYLAND              ,MD,21210-2476,Private      ,24,176,200,835,1681,2516
00206700,WASHINGTON ADVENTIST UNIVERSITY         ,MD,20912-7796,Private      ,170,320,490,931,1346,2277
00206800,COPPIN STATE UNIVERSITY                 ,MD,21216-3698,Public       ,336,903,1239,3816,5025,8841
00207100,FREDERICK COMMUNITY COLLEGE             ,MD,21702-9745,Public       ,291,596,887,1959,2789,4748
00207200,FROSTBURG STATE UNIVERSITY              ,MD,21532-1099,Public       ,281,211,492,6660,1682,8342
00207300,GOUCHER COLLEGE                         ,MD,21204-2794,Private      ,46,107,153,3231,810,4041
00207400,HAGERSTOWN COMMUNITY COLLEGE            ,MD,21742-6590,Public       ,242,757,999,1736,3213,4949
00207500,HARFORD COMMUNITY COLLEGE               ,MD,21015-1696,Public       ,417,702,1119,2148,2858,5006
00207600,HOOD COLLEGE                            ,MD,21701-8575,Private      ,79,150,229,2236,897,3133
00207700,JOHNS HOPKINS UNIVERSITY                ,MD,21218-2693,Private      ,94,316,410,9130,2785,11915
00207702,JOHNS HOPKINS UNIV SCH ARTS/SCI/ENG     ,MD,21218-0000,Private      ,71,368,439,3570,2032,5602
00207703,JOHNS HOPKINS UNIV SCH OF BUS/ED        ,MD,21046-0000,Private      ,4,229,233,62,1601,1663
00207705,JOHNS HOPKINS BLOOMBERG SCH OF PH       ,MD,21205-0000,Private      ,1,83,84,26,1494,1520
00207706,JOHNS HOPKINS UNIV SCH OF MEDICINE      ,MD,21205-0000,Private      ,14,42,56,169,1027,1196
00207707,JOHNS HOPKINS UNIV SCH OF NURSING       ,MD,21205-0000,Private      ,15,98,113,279,1073,1352
00207708,JOHNS HOPKINS UNIV PEABODY CONSERV      ,MD,21202-2397,Private      ,20,27,47,589,496,1085
00207800,LOYOLA UNIVERSITY MARYLAND              ,MD,21210-2699,Private      ,111,342,453,8614,2473,11087
00208000,MARYLAND INST COLLEGE OF ART            ,MD,21217-4191,Private      ,61,51,112,2965,1001,3966
00208300,MORGAN STATE UNIVERSITY                 ,MD,21251-0002,Public       ,822,1115,1937,11347,6930,18277
00208600,MOUNT SAINT MARY'S UNIVERSITY           ,MD,21727-7799,Private      ,36,98,134,3310,507,3817
00208700,NER ISRAEL RABBINICAL COLLEGE           ,MD,21208-1198,Private      ,12,7,19,105,37,142
00208900,PRINCE GEORGES COMMUNITY COLLEGE        ,MD,20774-2199,Public       ,1191,2379,3570,6247,10878,17125
00209100,SALISBURY UNIVERSITY                    ,MD,21801-6862,Public       ,535,302,837,11206,2340,13546
00209200,ST JOHN'S COLLEGE                       ,MD,21404-0000,Private      ,14,20,34,647,185,832
00209500,ST. MARY'S COLLEGE OF MARYLAND          ,MD,20686-3001,Public       ,51,36,87,2715,295,3010
00209600,ST MARY'S SEMINARY & UNIV               ,MD,21210-1994,Private      ,0,8,8,25,47,72
00209900,TOWSON UNIVERSITY                       ,MD,21252-0002,Public       ,901,979,1880,23294,8671,31965
00210200,UNIVERSITY OF BALTIMORE                 ,MD,21201-5779,Public       ,138,929,1067,1656,6888,8544
00210300,"UNIVERSITY OF MARYLAND, COLLEGE PARK    ",MD,20742-5145,Public       ,1382,1786,3168,31722,13951,45673
00210400,"UNIVERSITY OF MARYLAND, BALTIMORE       ",MD,21201-1691,Public       ,155,827,982,3648,10540,14188
00210500,UMBC                                    ,MD,21250-0002,Public       ,471,680,1151,9852,5155,15007
00210600,UNIVERSITY MARYLAND EASTERN SHORE       ,MD,21853-4053,Public       ,389,267,656,5432,2236,7668
00210700,STEVENSON UNIVERSITY                    ,MD,21153-0641,Private      ,204,264,468,6237,1948,8185
00210800,WASHINGTON COLLEGE                      ,MD,21620-1197,Private      ,59,18,77,2783,123,2906
00210900,MCDANIEL COLLEGE                        ,MD,21157-4390,Private      ,45,106,151,2848,728,3576
00458612,KAPLAN COLLEGE                          ,MD,21742-2797,Proprietary  ,52,316,368,258,1261,1519
00458614,KAPLAN COLLEGE - FREDERICK              ,MD,21704-8307,Proprietary  ,2,43,45,19,144,163
00465000,CHESAPEAKE COLLEGE                      ,MD,21679-0008,Public       ,161,390,551,1279,1653,2932
00691100,MONTGOMERY COLLEGE                      ,MD,20850-1195,Public       ,1431,2212,3643,10190,11053,21243
00734100,INTERNATIONAL BEAUTY SCHOOL             ,MD,21502-2370,Proprietary  ,27,237,264,47,334,381
00744700,DEL-MAR-VA BEAUTY ACADEMY               ,MD,21804-0000,Proprietary  ,26,53,79,46,106,152
00749100,TESST COLLEGE OF TECHNOLOGY             ,MD,21227-1063,Proprietary  ,71,320,391,281,1156,1437
00793600,LINCOLN TECHNICAL INSTITUTE             ,MD,21046-1544,Proprietary  ,197,340,537,572,823,1395
00817500,HOWARD COMMUNITY COLLEGE                ,MD,21044-3197,Public       ,538,904,1442,3248,4168,7416
00826300,AWARD BEAUTY SCHOOL                     ,MD,21740-5624,Proprietary  ,32,110,142,53,181,234
00830800,CECIL COLLEGE                           ,MD,21901-1999,Public       ,189,363,552,1001,1360,2361
00907906,EVEREST COLLEGE- EVEREST INSTITUTE      ,MD,20910-3737,Proprietary  ,90,300,390,204,641,845
01001400,GARRETT COMMUNITY COLLEGE               ,MD,21541-1265,Public       ,77,92,169,891,429,1320
01031900,MEDIX SCHOOL                            ,MD,21204-2538,Proprietary  ,173,757,930,579,2316,2895
01041000,TESST COLLEGE OF TECHNOLOGY             ,MD,21286-2201,Proprietary  ,24,128,152,121,489,610
01164400,UNIV OF MARYLAND UNIVERSITY COLLEGE     ,MD,20783-8078,Public       ,510,7529,8039,2723,30458,33181
01164402,U OF MD UNIVERSITY COLLEGE - EUROPE     ,MD,20832-0000,Public       ,35,195,230,428,895,1323
01164404,U OF MD UNIVERSITY COLLEGE - ASIA       ,MD,31207-0000,Public       ,15,181,196,68,638,706
02073900,WOR-WIC COMMUNITY COLLEGE               ,MD,21804-0000,Public       ,338,767,1105,1562,2955,4517
02083600,TESST COLLEGE OF TECHNOLOGY             ,MD,20705-2698,Proprietary  ,64,151,215,249,768,1017
02116005,SANFORD-BROWN INSTITUTE - LANDOVER      ,MD,20785-2287,Proprietary  ,62,199,261,180,842,1022
02127900,SOJOURNER DOUGLASS COLLEGE              ,MD,21205-0000,Private      ,36,468,504,202,2591,2793
02155100,MARYLAND COLLEGE OF ART AND DESIGN      ,MD,20902-0000,Private      ,11,17,28,142,121,263
02269700,INTERNATIONAL BEAUTY SCHOOL             ,MD,21014-0000,Proprietary  ,14,24,38,27,56,83
02314800,BALTIMORE INTERNATIONAL COLLEGE         ,MD,21202-0000,Private      ,23,65,88,509,608,1117
02331000,MARYLAND BEAUTY ACADEMY OF ESSEX        ,MD,21221-0000,Proprietary  ,16,61,77,49,148,197
02333000,HAIR ACADEMY                            ,MD,20784-0000,Proprietary  ,72,161,233,178,397,575
02343800,MONTGOMERY BEAUTY SCHOOL                ,MD,20901-0000,Proprietary  ,28,71,99,66,158,224
02494700,BALTIMORE STUDIO OF HAIR DESIGN         ,MD,21201-0000,Proprietary  ,24,82,106,93,216,309
02495000,ROBERT PAUL ACAD COSMTGY ARTS & SCI     ,MD,21093-0000,Proprietary  ,13,21,34,49,87,136
02495100,MARYLAND BEAUTY ACADEMY                 ,MD,21136-0000,Proprietary  ,10,31,41,32,63,95
02545400,NORTH AMERICAN TRADE SCHOOLS            ,MD,21244-0069,Proprietary  ,59,243,302,179,685,864
02573800,"L' ACADEMIE DE CUISINE, INC.            ",MD,20877-0000,Proprietary  ,13,53,66,60,215,275
02578400,TAI SOPHIA INSTITUTE                    ,MD,20723-6010,Private      ,1,90,91,4,302,306
03027200,BLADES SCHOOL OF HAIR DESIGN            ,MD,20619-0226,Proprietary  ,14,47,61,31,97,128
03064900,AARON'S ACADEMY OF BEAUTY               ,MD,20602-2715,Proprietary  ,16,23,39,39,70,109
03097200,AESTHETICS INSTITUTE OF COSMETOLOGY     ,MD,20877-1305,Proprietary  ,8,51,59,19,73,92
03100700,CARROLL COMMUNITY COLLEGE               ,MD,21157-6913,Public       ,169,297,466,1111,1372,2483
03148300,AMERICAN BEAUTY ACADEMY                 ,MD,20902-1911,Proprietary  ,112,198,310,232,517,749
03296300,BALTIMORE SCHOOL OF MASSAGE             ,MD,21090-2261,Proprietary  ,61,216,277,153,544,697
03327300,NEW CREATIONS ACADEMY OF HAIR DSN       ,MD,20746-2960,Proprietary  ,14,52,66,34,112,146
03455500,NATIONAL LABOR COLLEGE                  ,MD,20903-1790,Private      ,5,100,105,11,217,228
03493300,ALL-STATE CAREER SCHOOL                 ,MD,21224-6658,Proprietary  ,159,756,915,442,2024,2466
03771300,AMERICAN CAREER INSTITUTE               ,MD,20902-4637,Proprietary  ,215,945,1160,512,2547,3059
03822400,MAPLE SPRINGS BAPTIST BIBLE COLLEGE & SE,MD,20743-5711,Private      ,0,16,16,2,60,62
03937300,YESHIVA COLLEGE OF THE NATION'S CAPITAL ,MD,20902-1700,Private      ,3,2,5,11,6,17
03965500,HAIR EXPRESSIONS ACADEMY                ,MD,20852-1729,Proprietary  ,26,53,79,56,102,158
04121600,FILA ACADEMY (THE)                      ,MD,21061-1634,Proprietary  ,0,0,0,10,59,69
04139700,FREDERICK SCHOOL OF COSMETOLOGY         ,MD,21701-0000,Proprietary  ,6,14,20,24,48,72
04141600,OMEGA STUDIOS' SCHOOL OF APPLIED RECORDI,MD,20852-1731,Proprietary  ,13,37,50,45,97,142
04151800,TEMPLE (THE): A PAUL MITCHELL PARTNER SC,MD,21701-5409,Proprietary  ,32,37,69,59,71,130
04168900,HOLISTIC MASSAGE TRAINING INSTITUTE     ,MD,21218-2407,Proprietary  ,3,16,19,6,40,46
00211400,AMERICAN INTERNATIONAL COLLEGE          ,MA,01109-3189,Private      ,142,783,925,1994,2516,4510
00211500,AMHERST COLLEGE                         ,MA,01002-5000,Private      ,99,44,143,5020,376,5396
00211600,ANDOVER NEWTON THEOLOGICAL SCHOOL       ,MA,02459-0000,Private      ,0,24,24,2,200,202
00211700,ANNA MARIA COLLEGE                      ,MA,01612-1198,Private      ,56,142,198,1821,613,2434
00211800,ASSUMPTION COLLEGE                      ,MA,01615-1294,Private      ,73,99,172,4503,730,5233
00211900,ATLANTIC UNION COLLEGE                  ,MA,01561-1000,Private      ,11,13,24,278,247,525
00212000,MERRIMACK COLLEGE                       ,MA,01845-5800,Private      ,83,52,135,3898,344,4242
00212100,BABSON COLLEGE                          ,MA,02457-0310,Private      ,46,147,193,2509,855,3364
00212200,BAY PATH COLLEGE                        ,MA,01106-2212,Private      ,43,499,542,1001,2058,3059
00212300,BECKER COLLEGE-WORCESTER                ,MA,01615-0071,Private      ,111,148,259,2664,1037,3701
00212400,BENTLEY UNIVERSITY                      ,MA,02452-4705,Private      ,90,130,220,5589,873,6462
00212600,BERKLEE COLLEGE OF MUSIC                ,MA,02215-3693,Private      ,223,173,396,4585,1367,5952
00212800,BOSTON COLLEGE                          ,MA,02467-3800,Private      ,225,306,531,20507,6885,27392
00212900,BOSTON CONSERVATORY OF MUSIC            ,MA,02215-9830,Private      ,20,13,33,1104,372,1476
00213000,BOSTON UNIVERSITY                       ,MA,02215-1789,Private      ,476,1616,2092,33330,18597,51927
00213300,BRANDEIS UNIVERSITY                     ,MA,02453-2700,Private      ,73,148,221,5496,1582,7078
00213900,CLARK UNIVERSITY                        ,MA,01610-1473,Private      ,59,102,161,3668,786,4454
00214000,ELMS COLLEGE                            ,MA,01013-2839,Private      ,45,139,184,1144,795,1939
00214100,COLLEGE OF THE HOLY CROSS               ,MA,01610-2395,Private      ,57,15,72,5838,144,5982
00214300,CURRY COLLEGE                           ,MA,02186-2395,Private      ,86,304,390,4607,1294,5901
00214400,DEAN COLLEGE                            ,MA,02038-1994,Private      ,95,41,136,1948,284,2232
00214500,EASTERN NAZARENE COLLEGE                ,MA,02170-2999,Private      ,67,151,218,865,520,1385
00214507,EASTERN NAZARENE CLG - LEAD PROGRAM     ,MA,02170-0000,Private      ,3,22,25,45,101,146
00214600,EMERSON COLLEGE                         ,MA,02116-4624,Private      ,84,84,168,7058,1727,8785
00214700,EMMANUEL COLLEGE                        ,MA,02115-5798,Private      ,60,81,141,4991,537,5528
00214800,ENDICOTT COLLEGE                        ,MA,01915-2098,Private      ,62,120,182,4190,504,4694
00214900,EPISCOPAL DIVINITY SCHOOL               ,MA,02138-0000,Private      ,0,11,11,0,82,82
00215000,FISHER COLLEGE                          ,MA,02116-1500,Private      ,104,349,453,1460,1197,2657
00215100,BENJAMIN FRANKLIN INSTITUTE OF TECH     ,MA,02116-6296,Public       ,87,90,177,611,333,944
00215300,GORDON COLLEGE                          ,MA,01984-1899,Private      ,58,27,85,2345,172,2517
00215400,HELLENIC COLLEGE                        ,MA,02445-7496,Private      ,12,15,27,94,142,236
00215500,HARVARD UNIVERSITY                      ,MA,02138-3800,Private      ,165,139,304,9371,1610,10981
00215501,AMRCN REPERTORY THTR INST ADV THTR      ,MA,02138-0000,Private      ,0,9,9,3,125,128
00215502,HARVARD BUSINESS SCHOOL                 ,MA,02163-0000,Private      ,9,107,116,235,1555,1790
00215503,HARVARD EXTENSION SCHOOL                ,MA,02138-0000,Private      ,23,294,317,139,1321,1460
00215504,HARVARD SCH OF DENTAL MEDICINE          ,MA,02115-0000,Private      ,1,16,17,21,190,211
00215505,HARVARD UNIV GRAD SCH DESIGN            ,MA,02138-0000,Private      ,2,25,27,14,1080,1094
00215506,HARVARD DIVINITY SCHOOL                 ,MA,02138-0000,Private      ,2,16,18,14,518,532
00215507,HARVARD UNIV GRAD SCH ED                ,MA,02138-0000,Private      ,1,23,24,8,1473,1481
00215508,HARVARD UNIV GRAD S OF ARTS & SCIEN     ,MA,02138-0000,Private      ,5,59,64,88,860,948
00215509,HARVARD KENNEDY SCHOOL                  ,MA,02138-0000,Private      ,1,36,37,8,1382,1390
00215510,HARVARD LAW SCHOOL                      ,MA,02138-0000,Private      ,9,77,86,128,3359,3487
00215511,HARVARD UNIV MEDICAL SCHOOL             ,MA,02115-0000,Private      ,12,22,34,166,971,1137
00215512,HARVARD UNIV SCH PUBLIC HEALTH          ,MA,02115-0000,Private      ,5,27,32,48,796,844
00215513,HARVARD UNIVERSITY-HARVARD COLLEGE      ,MA,02138-0000,Private      ,140,54,194,14918,746,15664
00215700,HEBREW COLLEGE                          ,MA,02459-2237,Private      ,0,8,8,0,98,98
00215800,LASELL COLLEGE                          ,MA,02466-2716,Private      ,79,57,136,2921,338,3259
00216000,LESLEY UNIVERSITY                       ,MA,02138-2790,Private      ,124,929,1053,2912,4199,7111
00216100,UMASS LOWELL                            ,MA,01854-3089,Public       ,619,1138,1757,12203,5870,18073
00216400,NEW ENGLAND COLLEGE OF OPTOMETRY        ,MA,02115-1129,Private      ,1,6,7,9,413,422
00216500,MASS. COLLEGE OF PHARMACY  & HEALTH SCIE,MA,02115-5804,Private      ,72,261,333,4994,3411,8405
00216700,BERKSHIRE COMMUNITY COLLEGE             ,MA,01201-5786,Public       ,157,321,478,989,1456,2445
00216800,CAPE COD COMMUNITY COLLEGE              ,MA,02668-1599,Public       ,272,526,798,1671,2296,3967
00216900,GREENFIELD COMMUNITY COLLEGE            ,MA,01301-9739,Public       ,196,447,643,905,1536,2441
00217000,HOLYOKE COMMUNITY COLLEGE               ,MA,01040-1099,Public       ,494,952,1446,3810,4680,8490
00217100,MASSACHUSETTS BAY COMMUNITY COLLEGE     ,MA,02181-0000,Public       ,390,545,935,2230,2433,4663
00217200,MOUNT WACHUSETT COMMUNITY COLLEGE       ,MA,01440-1000,Public       ,321,752,1073,1844,3040,4884
00217300,NORTH SHORE COMMUNITY COLLEGE           ,MA,01923-4093,Public       ,789,1163,1952,3298,4328,7626
00217400,NORTHERN ESSEX COMMUNITY COLLEGE        ,MA,01830-2399,Public       ,691,1160,1851,2851,4105,6956
00217500,QUINSIGAMOND COMMUNITY COLLEGE          ,MA,01606-2092,Public       ,761,1275,2036,4053,5506,9559
00217600,BRISTOL COMMUNITY COLLEGE               ,MA,02720-7399,Public       ,876,1240,2116,4174,5014,9188
00217700,MASSASOIT COMMUNITY COLLEGE             ,MA,02302-3996,Public       ,558,816,1374,3364,4111,7475
00217800,MASSACHUSETTS INST OF TECHNOLOGY        ,MA,02139-4307,Private      ,148,257,405,11067,2902,13969
00218000,MASSACHUSETTS COLLEGE OF ART AND DESIGN ,MA,02115-5803,Public       ,89,67,156,2462,928,3390
00218100,MASSACHUSETTS MARITIME ACADEMY          ,MA,02532-3400,Public       ,50,26,76,1367,144,1511
00218300,BRIDGEWATER STATE COLLEGE               ,MA,02325-0001,Public       ,560,519,1079,11859,3614,15473
00218400,FITCHBURG STATE COLLEGE                 ,MA,01420-2697,Public       ,172,246,418,5508,1605,7113
00218500,FRAMINGHAM STATE COLLEGE                ,MA,01702-2471,Public       ,226,196,422,6147,1478,7625
00218700,MASSACHUSETTS CLG OF LIBERAL ARTS       ,MA,01247-4100,Public       ,80,92,172,2197,595,2792
00218800,SALEM STATE UNIVERSITY                  ,MA,01970-5353,Public       ,481,605,1086,8248,3990,12238
00218900,WESTFIELD STATE COLLEGE                 ,MA,01086-1630,Public       ,318,238,556,8071,1872,9943
00219000,WORCESTER STATE COLLEGE                 ,MA,01602-2597,Public       ,270,334,604,6184,2387,8571
00219200,MOUNT HOLYOKE COLLEGE                   ,MA,01075-1492,Private      ,29,17,46,2616,340,2956
00219300,MOUNT IDA COLLEGE                       ,MA,02459-3323,Private      ,109,63,172,2102,429,2531
00219400,NEW ENGLAND CONSERVATORY OF MUSIC       ,MA,02115-5018,Private      ,8,12,20,758,608,1366
00219700,NICHOLS COLLEGE                         ,MA,01571-6346,Private      ,91,84,175,1945,443,2388
00219900,NORTHEASTERN UNIVERSITY                 ,MA,02115-5000,Private      ,774,1492,2266,34402,12097,46499
00220100,PINE MANOR COLLEGE                      ,MA,02167-0000,Private      ,21,19,40,452,163,615
00220200,BLESSED JOHN XXIII NATIONAL SEMINARY    ,MA,02493-0000,Private      ,0,5,5,0,7,7
00220500,QUINCY COLLEGE                          ,MA,02169-4501,Public       ,337,744,1081,1563,3287,4850
00220600,REGIS COLLEGE                           ,MA,02193-0000,Private      ,65,96,161,1988,826,2814
00220800,SIMMONS COLLEGE                         ,MA,02115-5898,Private      ,58,284,342,3222,3725,6947
00220900,SMITH COLLEGE                           ,MA,01063-2936,Private      ,49,18,67,3394,515,3909
00220901,"SMITH COLLEGE, SCH FOR SOCIAL WORK      ",MA,01063-0000,Private      ,1,6,7,6,457,463
00221000,UNIV OF MASSACHUSETTS-DARTMOUTH         ,MA,02747-2300,Public       ,389,456,845,11688,3457,15145
00221100,SPRINGFIELD COLLEGE                     ,MA,01109-3797,Private      ,119,900,1019,4111,4331,8442
00221400,ST JOHN'S SEMINARY                      ,MA,02135-8839,Private      ,5,17,22,9,47,56
00221700,STONEHILL COLLEGE                       ,MA,02357-6110,Private      ,38,10,48,6435,167,6602
00221800,SUFFOLK UNIVERSITY                      ,MA,02108-2770,Private      ,130,368,498,9379,5135,14514
00221900,TUFTS UNIVERSITY                        ,MA,02155-5808,Private      ,67,200,267,10485,2786,13271
00221901,TUFTS UNIV SCH OF DENTAL MEDICINE       ,MA,02111-0000,Private      ,3,13,16,16,881,897
00221902,TUFTS UNIVERSITY - CUMMINGS SCHOOL OF VE,MA,01536-0000,Private      ,0,13,13,23,475,498
00221904,TUFTS UNIV SCHOOL OF MEDICINE           ,MA,02111-0000,Private      ,2,58,60,50,1733,1783
00222100,UNIV OF MASSACHUSETTS-AMHERST           ,MA,01003-0000,Public       ,851,819,1670,36590,7686,44276
00222200,UNIV OF MASSACHUSETTS-BOSTON            ,MA,02125-3393,Public       ,537,1373,1910,11152,10217,21369
00222400,WELLESLEY COLLEGE                       ,MA,02481-8203,Private      ,41,13,54,3475,204,3679
00222500,WENTWORTH INSTITUTE OF TECHNOLOGY       ,MA,02115-5998,Private      ,160,144,304,4905,890,5795
00222600,WESTERN NEW ENGLAND COLLEGE             ,MA,01119-2654,Private      ,100,189,289,5843,1795,7638
00222700,WHEATON COLLEGE                         ,MA,02766-2322,Private      ,50,5,55,2626,89,2715
00222800,WHEELOCK COLLEGE                        ,MA,02215-4176,Private      ,24,77,101,1673,778,2451
00222900,WILLIAMS COLLEGE                        ,MA,01267-2600,Private      ,52,5,57,4101,162,4263
00223300,WORCESTER POLYTECHNIC INSTITUTE         ,MA,01609-2280,Private      ,79,96,175,6519,611,7130
00396500,BAY STATE COLLEGE                       ,MA,02116-2901,Proprietary  ,142,204,346,1511,1018,2529
00396600,BOSTON ARCHITECTURAL COLLEGE            ,MA,02115-2795,Private      ,59,137,196,425,950,1375
00466100,HAMPSHIRE COLLEGE                       ,MA,01002-3359,Private      ,33,23,56,2452,212,2664
00466600,SALTER COLLEGE                          ,MA,01583-1700,Proprietary  ,182,839,1021,394,2076,2470
00466700,SCHOOL OF MUSEUM OF FINE ARTS           ,MA,02115-5534,Private      ,22,26,48,772,342,1114
00466900,UPPER CAPE COD REGIONAL VOC TECH        ,MA,02532-3310,Public       ,3,11,14,18,115,133
00527900,GREATER LOWELL REGNL VOC TECH SCH       ,MA,01879-0000,Public       ,0,13,13,19,109,128
00551900,DIMAN REGIONAL VOC TECH INST            ,MA,02723-3519,Public       ,1,9,10,30,97,127
00552300,BLUE HILLS REGIONAL VOC TECH            ,MA,02021-1398,Public       ,3,22,25,23,127,150
00555700,MCCANN TECHNICAL SCHOOL                 ,MA,01247-0000,Public       ,6,20,26,19,65,84
00613600,NATIONAL AVIATION ACADEMY - NEW ENGLAND ,MA,01730-2620,Proprietary  ,18,46,64,119,211,330
00632200,BROCKTON HOSPITAL SCH OF NURSING        ,MA,02302-0000,Private      ,5,39,44,132,530,662
00632400,LABOURE COLLEGE                         ,MA,02124-5698,Private      ,33,177,210,205,790,995
00633100,LAWRENCE MEM HOSPITAL SCH OF NRSNG      ,MA,02155-1643,Private      ,9,65,74,73,392,465
00635200,BAYSTATE MEDICAL CENTER                 ,MA,01199-0001,Private      ,1,12,13,14,64,78
00687300,MARIAN COURT COLLEGE                    ,MA,01907-2896,Private      ,29,18,47,174,81,255
00748100,GIBBS COLLEGE                           ,MA,02116-2904,Proprietary  ,33,73,106,122,442,564
00748400,NEWBURY COLLEGE                         ,MA,02445-5796,Private      ,52,35,87,2432,399,2831
00748600,THE NEW ENGLAND INSTITUTE OF ART        ,MA,02445-7295,Proprietary  ,144,109,253,1548,656,2204
00748800,KAPLAN CAREER INSTITUTE                 ,MA,02129-1644,Proprietary  ,53,152,205,89,398,487
00748801,KAPLAN CAREER INSTITUTE -               ,MA,02215-2606,Proprietary  ,21,85,106,80,295,375
00807800,SPRINGFIELD TECHNICAL COMMUNITY CLG     ,MA,01105-0000,Public       ,603,1230,1833,3172,5411,8583
00809002,EVEREST COLLEGE - EVEREST INSTITUTE     ,MA,02150-2333,Proprietary  ,44,102,146,96,293,389
00891600,NEW ENGLAND SCHOOL OF LAW               ,MA,02116-0000,Private      ,0,64,64,14,2114,2128
00964500,BARD COLLEGE AT SIMON'S ROCK            ,MA,01230-9702,Private      ,17,1,18,443,27,470
00974700,GORDON-CONWELL THEOLOGICAL SEMINARY     ,MA,01982-0000,Private      ,0,67,67,3,507,510
00975600,UNIVERSITY OF MASS MEDICAL CENTER       ,MA,01655-0000,Public       ,3,69,72,41,906,947
00987700,HENRI'S SCHOOL OF HAIR DESIGN           ,MA,01420-5675,Proprietary  ,11,11,22,25,33,58
00989900,LOWELL ACADEMY HAIRSTYLING INST         ,MA,01852-1909,Proprietary  ,30,50,80,30,50,80
00993600,MIDDLESEX COMMUNITY COLLEGE             ,MA,01730-1197,Public       ,325,384,709,1670,1533,3203
00993602,"MIDDLESEX COMMUNITY COLLEGE, LOWELL     ",MA,01852-0000,Public       ,488,703,1191,2573,2648,5221
01121000,BUNKER HILL COMMUNITY COLLEGE           ,MA,02129-2991,Public       ,991,1920,2911,5823,9249,15072
01151000,EVEREST INSTITUTE                       ,MA,02135-7638,Proprietary  ,34,111,145,87,324,411
01193000,ROXBURY COMMUNITY COLLEGE               ,MA,02120-3400,Public       ,237,694,931,1187,2904,4091
01204200,MANSFIELD BEAUTY SCHOOLS                ,MA,02169-5061,Proprietary  ,9,35,44,21,81,102
01206800,MANSFIELD BEAUTY SCHOOL                 ,MA,01103-1410,Proprietary  ,2,7,9,8,28,36
01218700,BLACKSTONE VALLEY VOCATIONAL REGIONAL SC,MA,01568-1499,Public       ,0,5,5,3,28,31
01238600,SOUTHEASTERN TECHNICAL INSTITUTE        ,MA,02375-1780,Public       ,9,42,51,36,171,207
01288100,MONTACHUSETT REG VOC TECH SCH           ,MA,01420-4649,Public       ,2,13,15,10,73,83
01292100,EMPIRE BEAUTY SCHOOL                    ,MA,02215-0000,Proprietary  ,47,86,133,177,340,517
01294800,ROB ROY ACADEMY                         ,MA,02721-5330,Proprietary  ,18,43,61,31,80,111
02063000,MONTSERRAT COLLEGE OF ART               ,MA,01915-0000,Private      ,16,4,20,622,62,684
02076700,EMPIRE BEAUTY SCHOOL                    ,MA,02148-0000,Proprietary  ,35,31,66,83,140,223
02079400,EMPIRE BEAUTY SCHOOL                    ,MA,01702-5232,Proprietary  ,26,54,80,75,172,247
02092100,MASSACHUSETTS SCHOOL OF BARBERING       ,MA,02169-5058,Proprietary  ,13,42,55,28,74,102
02092200,EMPIRE BEAUTY SCHOOL                    ,MA,01852-0000,Proprietary  ,17,50,67,67,143,210
02122000,NEW ENGLAND HAIR ACADEMY                ,MA,02148-0000,Proprietary  ,29,48,77,54,97,151
02137000,ROB ROY ACADEMY                         ,MA,02780-0000,Proprietary  ,12,18,30,27,39,66
02137200,MASS GEN HOSP DIETETIC INTERNSHIP       ,MA,02114-0000,Private      ,0,2,2,1,17,18
02143000,LONGY SCHOOL OF MUSIC                   ,MA,02138-3599,Private      ,2,11,13,48,147,195
02163500,NEW ENGLAND SCHOOL OF PHOTOGRAPHY       ,MA,02215-0000,Proprietary  ,15,21,36,111,112,223
02163600,MASS SCH OF PROFESSIONAL PSYCHOLOGY     ,MA,02132-0000,Private      ,1,62,63,16,676,692
02169900,ASSABET VALLEY REGIONAL VOC SCHOOL      ,MA,01752-0000,Public       ,3,18,21,21,104,125
02181600,ROB ROY ACADEMY                         ,MA,01609-0000,Proprietary  ,42,61,103,81,148,229
02182900,CAMBRIDGE COLLEGE                       ,MA,02138-5304,Private      ,111,1403,1514,353,3740,4093
02197900,NORTH BENNET STREET SCHOOL              ,MA,02113-0000,Private      ,6,28,34,37,142,179
02215100,HALLMARK INSTITUTE OF PHOTOGRAPHY       ,MA,01376-0000,Proprietary  ,12,18,30,151,116,267
02219501,MILDRED ELLEY - PITTSFIELD              ,MA,01201-5300,Proprietary  ,3,8,11,12,35,47
02220400,CATHERINE HINDS INST OF ESTHETICS       ,MA,01801-0000,Proprietary  ,19,68,87,58,167,225
02231600,MGH INSTITUTE OF HEALTH PROFESSION      ,MA,02129-0000,Private      ,5,91,96,43,1392,1435
02274300,CONWAY SCHOOL OF LANDSCAPE DESIGN       ,MA,01341-0179,Private      ,0,2,2,0,21,21
02325700,LABARON HAIRDRESSING ACADEMY            ,MA,02740-0000,Proprietary  ,5,11,16,16,44,60
02325800,LABARON HAIRDRESSING ACAD-BROCKTON      ,MA,02301-0000,Proprietary  ,11,16,27,22,55,77
02337400,BANCROFT SCHOOL OF MASSAGE THERAPY      ,MA,01604-4614,Proprietary  ,3,22,25,11,68,79
02338200,BAY STATE SCHOOL OF TECHNOLOGY          ,MA,02021-0000,Proprietary  ,11,68,79,49,251,300
02339400,ROB ROY ACADEMY                         ,MA,02746-0000,Proprietary  ,8,8,16,12,23,35
02491700,CORTIVA INSTITUTE -  BOSTON             ,MA,02472-2577,Proprietary  ,16,59,75,36,173,209
02523900,ELIZABETH GRADY SCHOOL OF ESTHETICS     ,MA,02155-0000,Proprietary  ,12,60,72,35,141,176
02579800,NEW ENGLAND SCHOOL OF ACUPUNCTURE       ,MA,02458-0000,Private      ,0,26,26,0,154,154
03006802,PENNSYLVANIA CULINARY INSTITUTE - LE COR,MA,02142-1221,Proprietary  ,65,169,234,285,662,947
03066700,AILANO SCHOOL OF COSMETOLOGY            ,MA,02303-4740,Proprietary  ,7,16,23,14,45,59
03104000,SHAWSHEEN ADULT TECHNICAL INSTITUTE     ,MA,01821-5499,Public       ,1,14,15,12,69,81
03115200,MOTORING TECHNICAL TRAINING INST        ,MA,02771-5933,Proprietary  ,36,94,130,73,201,274
03120800,KAY HARVEY HAIRDRESSING ACADEMY         ,MA,01089-2701,Proprietary  ,7,19,26,13,36,49
03130500,URBAN COLLEGE OF BOSTON                 ,MA,02111-1093,Private      ,12,164,176,58,602,660
03194300,BOSTON GRAD SCH OF PSYCHOANALYSIS       ,MA,02446-4602,Private      ,0,25,25,2,95,97
03196300,LINCOLN TECHNICAL INSTITUTE             ,MA,02145-1102,Proprietary  ,30,97,127,128,397,525
03196302,LINCOLN TECHNICAL INSTITUTE             ,MA,01852-5119,Proprietary  ,25,82,107,111,354,465
03205400,JOLIE HAIR & BEAUTY ACADEMY             ,MA,01056-2769,Proprietary  ,16,45,61,44,138,182
03232302,LINCOLN TECHNICAL INSTITUTE             ,MA,02401-1818,Proprietary  ,5,26,31,34,100,134
03235300,MASSACHUSETTS SCHOOL OF LAW             ,MA,01810-1094,Private      ,1,112,113,9,641,650
03240300,TONI & GUY HAIRDRESSING ACADEMY         ,MA,01605-2213,Proprietary  ,19,11,30,60,39,99
03248300,BOSTON BAPTIST COLLEGE                  ,MA,02136-4000,Private      ,31,15,46,103,56,159
03316400,FUNERAL INSTITUTE OF THE NORTHEAST      ,MA,02062-4766,Proprietary  ,1,14,15,19,105,124
03504300,NATL GRAD SCH OF QUALITY SYSTM MGMT     ,MA,02540-0000,Private      ,0,15,15,0,38,38
03570500,ZION BIBLE COLLEGE                      ,MA,01835-0000,Private      ,36,30,66,191,135,326
03763300,MEDICAL PROFESSIONAL INSTITUTE          ,MA,02148-8143,Proprietary  ,16,63,79,33,207,240
03859300,E.I.N.E.                                ,MA,01876-4709,Proprietary  ,0,9,9,0,39,39
03946300,FRANKLIN W. OLIN COLLEGE OF ENGINEERING ,MA,02492-1200,Private      ,2,2,4,532,12,544
03965300,NEW ENGLAND COLLEGE OF FINANCE          ,MA,02110-1605,Proprietary  ,15,160,175,58,791,849
04039300,SULLIVAN AND COGLIANO TRAINING CENTER   ,MA,02301-4921,Proprietary  ,30,464,494,56,1012,1068
04116900,DIGRIGOLI SCHOOL OF COSMETOLOGY         ,MA,01089-4623,Proprietary  ,11,30,41,37,68,105
04122000,TRI COUNTY REGIONAL VOCATIONAL TECHNICAL,MA,02038-0000,Public       ,1,16,17,11,66,77
04128000,MILLENNIUM TRAINING INSTITUTE           ,MA,01801-6386,Proprietary  ,5,96,101,9,147,156
04128900,CENTRAL MASS SCHOOL OF MASSAGE AND THERA,MA,01562-1712,Proprietary  ,1,9,10,3,21,24
04153200,SOUTHERN WORCESTER COUNTY REGIONAL VOC S,MA,01507-1331,Public       ,0,2,2,4,35,39
00324204,CARNEGIE MELLON UNIVERSITY - QATAR      ,FC,00000-0000,Private      ,1,1,2,3,5,8
00401000,INSTITUT INTERNAT'L D'ETUDES FRANCA     ,FC,00000-0000,Public       ,0,1,1,1,5,6
00401200,HEBREW UNIVERSITY OF JERUSALEM (THE)    ,FC,00000-0000,Public       ,2,11,13,30,100,130
00403000,UNIVERSITY OF CAMBRIDGE                 ,FC,00000-0000,Public       ,1,15,16,4,87,91
00503400,AMERICAN UNIVERSITY OF CAIRO            ,FC,00000-0000,Private      ,9,61,70,68,214,282
00667100,KATHOLIEKE UNIVERSITEIT LEUVEN          ,FC,00000-0000,Private      ,0,3,3,1,22,23
00669100,UNIVERSITY OF CAMBRIDGE - PEMBROKE      ,FC,00000-0000,Public       ,0,0,0,3,12,15
00669200,UNIVERSITY OF LEEDS                     ,FC,00000-0000,Public       ,1,18,19,16,116,132
00669300,UNIV OF LONDON-LONDON SCHOOL ECON       ,FC,00000-0000,Public       ,4,49,53,16,464,480
00669400,SCH OF ORIENTAL & AFRICAN STUDIES       ,FC,00000-0000,Public       ,4,29,33,8,166,174
00669500,UNIV OF LONDON-UNIVERSITY COLLEGE       ,FC,00000-0000,Public       ,10,71,81,56,422,478
00669600,UNIV OF LONDON-SCH ADVANCED STUDY       ,FC,00000-0000,Public       ,0,3,3,0,17,17
00669700,"QUEEN MARY, UNIVERSITY OF LONDON        ",FC,00000-0000,Public       ,3,10,13,31,146,177
00669900,UNIVERSITY OF SUSSEX                    ,FC,00000-0000,Public       ,1,11,12,19,107,126
00670000,"UNIVERSITY OF YORK, THE                 ",FC,00000-0000,Public       ,2,25,27,16,151,167
00670400,UNIVERSITY COLLEGE CORK                 ,FC,00000-0000,Public       ,3,17,20,12,64,76
00671300,UPPSALA UNIVERSITY                      ,FC,00000-0000,Public       ,0,1,1,4,41,45
00671500,UNIVERSITY OF GENEVA                    ,FC,00000-0000,Public       ,2,13,15,5,79,84
00683900,UNIVERSITY OF EDINBURGH                 ,FC,00000-0000,Public       ,16,74,90,150,688,838
00684200,UNIVERSITY OF DUBLIN TRINITY COLLEG     ,FC,00000-0000,Public       ,6,40,46,40,187,227
00685000,UNIVERSITY OF CAMBRIDGE - DOWNING C     ,FC,00000-0000,Public       ,0,0,0,0,6,6
00763200,UNIVERSITY OF BRISTOL                   ,FC,00000-0000,Public       ,1,15,16,17,98,115
00768100,COLLEGE OF EUROPE                       ,FC,00000-0000,Private      ,0,0,0,2,6,8
00770500,ROYAL COLLEGE OF SURGEONS IN IRELAN     ,FC,00000-0000,Private      ,3,11,14,11,64,75
00788100,AMERICAN UNIVERSITY OF PARIS            ,FC,00000-0000,Private      ,26,47,73,218,287,505
00837100,AMERICAN UNIVERSITY OF BEIRUT           ,FC,00000-0000,Private      ,15,8,23,90,108,198
00837300,TEL-AVIV UNIVERSITY                     ,FC,00000-0000,Public       ,3,35,38,11,134,145
00837600,VRIJE UNIVERSITEIT AMSTERDAM            ,FC,00000-0000,Public       ,0,3,3,2,35,37
00837700,UNIVERSITEIT VAN AMSTERDAM(UNIVERSI     ,FC,00000-0000,Public       ,0,23,23,19,126,145
00838000,UNIVERSITY OF WARWICK                   ,FC,00000-0000,Public       ,0,15,15,6,79,85
00838300,UNIVERSITY OF GLASGOW                   ,FC,00000-0000,Public       ,11,59,70,41,382,423
00839300,UNIVERSITY OF OSLO                      ,FC,00000-0000,Public       ,0,6,6,4,24,28
00839400,UNIVERSITY OF OXFORD                    ,FC,00000-0000,Public       ,2,61,63,21,412,433
00839800,UNIVERSITY OF SHEFFIELD (THE)           ,FC,00000-0000,Public       ,0,10,10,14,80,94
00839900,UNIVERSITY OF SOUTHAMPTON               ,FC,00000-0000,Public       ,1,11,12,8,54,62
00845200,ABERYSTWYTH UNIVERSITY                  ,FC,00000-0000,Public       ,1,7,8,15,50,65
00845800,LOUGHBOROUGH UNIVERSITY                 ,FC,00000-0000,Public       ,0,1,1,6,6,12
00846000,UNIVERSITY OF NEWCASTLE UPON TYNE       ,FC,00000-0000,Public       ,0,16,16,12,99,111
00846100,UNIVERSITY OF SAINT ANDREWS             ,FC,00000-0000,Public       ,43,37,80,237,214,451
00850500,UNIVERSITY OF MELBOURNE                 ,FC,00000-0000,Public       ,0,28,28,12,137,149
00858600,SWANSEA UNIVERSITY                      ,FC,00000-0000,Public       ,2,6,8,8,44,52
00858700,UNIVERSITY OF DURHAM                    ,FC,00000-0000,Public       ,1,34,35,28,203,231
00866500,UNIVERSITY OF KENT AT CANTERBURY (THE)  ,FC,00000-0000,Public       ,6,17,23,27,108,135
00867000,UNIVERSITY OF NEW SOUTH WALES           ,FC,00000-0000,Public       ,0,21,21,13,93,106
00868700,UNIVERSITY OF ESSEX                     ,FC,00000-0000,Public       ,0,8,8,16,97,113
00869300,CITY UNIVERSITY                         ,FC,00000-0000,Public       ,1,25,26,16,172,188
00890800,THE UNIVERSITY OF BIRMINGHAM            ,FC,00000-0000,Public       ,0,16,16,12,81,93
00891000,UNIVERSITY OF HULL                      ,FC,00000-0000,Public       ,1,2,3,8,11,19
00892000,UNIVERSITY OF NOTTINGHAM                ,FC,00000-0000,Public       ,1,15,16,10,96,106
00900600,UNIVERSITY OF SALFORD (THE)             ,FC,00000-0000,Public       ,0,1,1,1,13,14
00908400,"UNIV OF LONDON, BIRKBECK                ",FC,00000-0000,Public       ,0,25,25,3,117,120
00908500,UNIV OF LONDON KING'S COLLEGE           ,FC,00000-0000,Public       ,5,62,67,38,364,402
00908600,UNIVERSITY OF LONDON - ROYAL HOLLOWAY   ,FC,00000-0000,Public       ,3,8,11,21,82,103
00914300,BAR-ILAN UNIVERSITY                     ,FC,00000-0000,Private      ,2,7,9,10,21,31
00924900,UNIVERSITY OF LIVERPOOL                 ,FC,00000-0000,Public       ,2,14,16,15,81,96
00936800,UNIVERSITY OF ABERDEEN                  ,FC,00000-0000,Public       ,6,18,24,42,125,167
00942300,ROYAL COLLEGE OF ART                    ,FC,00000-0000,Public       ,0,14,14,3,47,50
00942800,TECHNION-ISRAEL INST OF TECHLGY         ,FC,00000-0000,Public       ,1,23,24,2,57,59
00944200,UNIVERSITY OF EXETER                    ,FC,00000-0000,Public       ,0,19,19,10,112,122
00944400,UNIVERSITY OF LANCASTER                 ,FC,00000-0000,Public       ,0,4,4,12,39,51
00963400,UNIVERSITY OF OXFORD ST CATHERINE'S     ,FC,00000-0000,Public       ,0,2,2,1,4,5
00980800,UNIVERSITY OF STRATHCLYDE               ,FC,00000-0000,Public       ,0,5,5,5,50,55
00986000,UNIVERSITY OF SURREY                    ,FC,00000-0000,Public       ,2,6,8,7,42,49
00990600,PONTIFICAL NORTH AMERICAN COLLEGE       ,FC,00000-0000,Private      ,0,3,3,1,8,9
00992700,UNIVERSITY OF CAMBRIDGE - FITZWILLI     ,FC,00000-0000,Public       ,0,2,2,0,12,12
01006700,LUND UNIVERSITY                         ,FC,00000-0000,Public       ,0,8,8,6,96,102
01008400,UNIVERSITY OF CAPE TOWN                 ,FC,00000-0000,Private      ,1,10,11,6,56,62
01008700,UNIVERSITY OF OXFORD ST PETER'S COL     ,FC,00000-0000,Public       ,0,0,0,0,2,2
01008800,UNIVERSITY OF OXFORD - CORPUS CHRIS     ,FC,00000-0000,Public       ,0,1,1,0,3,3
01008900,CENTRAL SCHOOL OF SPEECH AND DRAMA      ,FC,00000-0000,Private      ,1,4,5,16,53,69
01009000,UNIVERSITY OF OXFORD - BALLIOL COLL     ,FC,00000-0000,Public       ,0,3,3,0,5,5
01014300,UNIVERSITY OF READING                   ,FC,00000-0000,Public       ,2,10,12,7,36,43
01015700,CARDIFF UNIVERSITY                      ,FC,00000-0000,Public       ,1,12,13,11,74,85
01015900,PONTIFICIA UNIVERSITA GREGORIANA        ,FC,00000-0000,Private      ,0,0,0,1,2,3
01016000,CG JUNG INST                            ,FC,00000-0000,Private      ,0,1,1,0,5,5
01018800,UNIVERSITY COLLEGE DUBLIN               ,FC,00000-0000,Public       ,2,35,37,27,247,274
01019000,UNIVERSITY OF CAMBRIDGE CHURCHILL C     ,FC,00000-0000,Public       ,0,0,0,0,8,8
01022800,UNIVERSITY OF STIRLING                  ,FC,00000-0000,Public       ,1,10,11,11,53,64
01033200,UNIVERSITY OF CAMBRIDGE - CLARE COL     ,FC,00000-0000,Public       ,0,1,1,1,15,16
01045600,UNIVERSITY OF HAIFA                     ,FC,00000-0000,Public       ,0,5,5,6,29,35
01047200,INST EUROPEEN OPEEN D'ADMINISTRATIO     ,FC,00000-0000,Private      ,0,16,16,0,42,42
01049300,CRANFIELD UNIVERSITY                    ,FC,00000-0000,Public       ,0,2,2,0,19,19
01052000,TRINITY LABAN CONSERVATOIRE OF MUSIC AND,FC,00000-0000,Public       ,1,1,2,3,21,24
01052500,UNIVERSITY OF HERTFORDSHIRE             ,FC,00000-0000,Public       ,1,4,5,18,17,35
01057400,LONDON INTRNTL FILM SCHOOL              ,FC,00000-0000,Private      ,1,13,14,4,29,33
01058800,AUSTRALIAN NATIONAL UNIVERSITY          ,FC,00000-0000,Public       ,0,8,8,7,44,51
01058900,BANGOR UNIVERSITY                       ,FC,00000-0000,Public       ,0,4,4,2,24,26
01059400,"RICHMOND, THE AMERICAN INT UNI IN LONDON",FC,00000-0000,Private      ,26,5,31,317,106,423
01059900,INST D'ETUDES POLITIQUES DE PARIS       ,FC,00000-0000,Public       ,0,18,18,2,99,101
01068100,MACQUARIE UNIVERSITY                    ,FC,00000-0000,Public       ,0,15,15,8,53,61
01069200,UNIVERSITY OF QUEENSLAND (THE)          ,FC,00000-0000,Public       ,1,47,48,17,181,198
01078900,UNIVERSITY OF OXFORD - WORCESTER CO     ,FC,00000-0000,Public       ,0,1,1,0,5,5
01079200,CITY AND GUILDS OF LONDON INSTITUTE     ,FC,00000-0000,Private      ,0,0,0,1,1,2
01079700,"NATIONAL UNIVERSITY OF IRELAND, MAY     ",FC,00000-0000,Public       ,1,1,2,8,12,20
01080300,SEMMELWEIS UNIVERSITY OF BUDAPEST       ,FC,00000-0000,Public       ,0,0,0,3,5,8
01081600,KINGSTON UNIVERSITY                     ,FC,00000-0000,Public       ,6,23,29,57,172,229
01083800,UNIVERSITITY OF BERGEN (UOB)            ,FC,00000-0000,Public       ,0,0,0,3,3,6
01086400,UNIV OF DUNDEE                          ,FC,00000-0000,Public       ,0,5,5,6,32,38
01086600,UNIVERSITY OF OXFORD - MAGDALEN COLLEGE ,FC,00000-0000,Public       ,1,0,1,3,13,16
01086700,UNIVERSITY OF OXFORD ST JOHN'S COLL     ,FC,00000-0000,Public       ,0,0,0,1,7,8
01091400,MONASH UNIVERSITY                       ,FC,00000-0000,Public       ,1,7,8,7,29,36
01091500,UNIV OF EAST ANGLIA                     ,FC,00000-0000,Public       ,5,7,12,16,69,85
01094200,UNIVERSITY OF OXFORD - ST HUGH'S CO     ,FC,00000-0000,Public       ,0,3,3,1,7,8
01097700,UNIVERSIDAD CENTRAL DEL ESTE            ,FC,00000-0000,Private      ,45,252,297,114,812,926
01098000,SOMERVILLE COLLEGE                      ,FC,00000-0000,Public       ,0,0,0,1,3,4
01099900,UNIV OF OXFORD - WADHAM COLLEGE         ,FC,00000-0000,Public       ,2,2,4,2,6,8
01104400,PONTIFICIA UNIVERSITA SAN TOMMASO       ,FC,00000-0000,Private      ,0,0,0,1,5,6
01105300,UNIVERSITY OF OXFORD - ST HILDA'S C     ,FC,00000-0000,Public       ,0,2,2,0,7,7
01105400,UNIVERSITY OF OXFORD - ST ANNE'S CO     ,FC,00000-0000,Public       ,0,1,1,1,3,4
01105500,UNIV OF OXFORD - LADY MARGARET HALL     ,FC,00000-0000,Public       ,0,1,1,0,7,7
01105600,UNIVERSITY OF OXFORD - UNIVERSITY C     ,FC,00000-0000,Public       ,0,0,0,1,9,10
01105700,UNIVERSITY OF OXFORD - TRINITY COLL     ,FC,00000-0000,Public       ,0,0,0,1,6,7
01105800,UNIVERSITY OF OXFORD-ST EDMUND HALL     ,FC,00000-0000,Public       ,0,4,4,0,11,11
01105900,UNIVERSITY OF OXFORD ST ANTONY'S CO     ,FC,00000-0000,Public       ,0,6,6,0,21,21
01106000,UNIVERSITY OF OXFORD - QUEEN'S COLL     ,FC,00000-0000,Public       ,0,2,2,1,11,12
01106100,UNIVERSITY OF OXFORD - PEMBROKE COL     ,FC,00000-0000,Public       ,1,1,2,1,6,7
01106200,UNIVERSITY OF OXFORD - ORIEL COLLEG     ,FC,00000-0000,Public       ,0,0,0,0,6,6
01106300,UNIVERSITY OF OXFORD - NUFFIELD COL     ,FC,00000-0000,Public       ,0,1,1,0,2,2
01106400,UNIVERSITY OF OXFORD - NEW COLLEGE      ,FC,00000-0000,Public       ,0,1,1,0,9,9
01106500,UNIVERSITY OF OXFORD MERTON COLLEGE     ,FC,00000-0000,Public       ,0,2,2,2,15,17
01106600,UNIVERSITY OF OXFORD - LINCOLN COLL     ,FC,00000-0000,Public       ,0,3,3,0,12,12
01106700,UNIVERSITY OF OXFORD - KEBLE COLLEG     ,FC,00000-0000,Public       ,0,1,1,0,6,6
01106800,UNIVERSITY OF OXFORD - JESUS COLLEG     ,FC,00000-0000,Public       ,1,0,1,1,2,3
01106900,UNIVERSITY OF OXFORD - HERTFORD COL     ,FC,00000-0000,Public       ,0,1,1,1,7,8
01107000,UNIVERSITY OF OXFORD EXETER COLLEGE     ,FC,00000-0000,Public       ,0,2,2,0,11,11
01107100,UNIV OF OXFORD - CHRIST CHURCH          ,FC,00000-0000,Public       ,0,1,1,1,12,13
01107200,UNIVERSITY OF OXFORD - BRASENOSE CO     ,FC,00000-0000,Public       ,0,2,2,0,4,4
01109100,FLINDERS UNIVERSITY OF S AUSTRALIA      ,FC,00000-0000,Public       ,0,7,7,3,26,29
01109400,UNIVERSITY OF WESTERN AUSTRALIA (THE)   ,FC,00000-0000,Public       ,2,5,7,6,22,28
01122600,AARHUS UNIVERSITY                       ,FC,00000-0000,Public       ,0,5,5,4,24,28
01156700,"IMPERIAL COLLEGE OF SCIENCE, TECHNOLOGY ",FC,00000-0000,Public       ,1,12,13,11,61,72
01167900,UNIVERSITY OF BATH                      ,FC,00000-0000,Public       ,0,3,3,5,28,33
01168300,FRANKLIN COLLEGE  SWITZERLAND           ,FC,00000-0000,Private      ,11,2,13,300,21,321
01175800,UNIV OF CAMBRIDGE - PETERHOUSE          ,FC,00000-0000,Public       ,0,2,2,1,9,10
01176400,ROYAL ACADEMY OF MUSIC                  ,FC,00000-0000,Public       ,3,3,6,10,30,40
01176500,GOLDSMITHS' COLLEGE-UNIV OF LONDON      ,FC,00000-0000,Public       ,5,24,29,22,147,169
01176600,UNIV OF LONDON - INST OF EDUC           ,FC,00000-0000,Public       ,0,7,7,0,26,26
01178000,BRUNEL UNIVERSITY                       ,FC,00000-0000,Public       ,1,6,7,3,37,40
01183800,UNIVERSITY OF OXFORD - MANSFIELD CO     ,FC,00000-0000,Public       ,0,0,0,0,1,1
01207500,UNIVERSITY CAMBRIDGE - TRINITY COLL     ,FC,00000-0000,Public       ,1,1,2,3,14,17
01207800,VICTORIA UNIV OF WELLINGTON             ,FC,00000-0000,Public       ,2,14,16,10,45,55
01209600,ECOLE HåTELIERE DE LAUSANNE             ,FC,00000-0000,Private      ,0,1,1,1,7,8
01210100,UNIVERSITY OF CAMBRIDGE - GIRTON CO     ,FC,00000-0000,Public       ,1,0,1,1,3,4
01213600,VICTORIA UNIV OF MANCHESTER (THE)       ,FC,00000-0000,Public       ,1,21,22,18,158,176
01219800,UNIVERSITY OF BRADFORD                  ,FC,00000-0000,Public       ,0,3,3,5,13,18
01220100,UNIVERSITY OF OXFORD - REGENT'S PAR     ,FC,00000-0000,Public       ,0,0,0,1,5,6
01220600,JAMES COOK UNIVERSITY                   ,FC,00000-0000,Public       ,2,11,13,26,80,106
01221500,BIRMINGHAM CITY UNIVERSITY              ,FC,00000-0000,Public       ,0,3,3,5,30,35
01222300,JAGIELLONIAN UNIVERSITY COLLEGIUM M     ,FC,00000-0000,Public       ,0,13,13,2,44,46
01222500,UNIVERSITY OF SZEGED FACULTY OF MEDICINE,FC,00000-0000,Public       ,1,1,2,2,2,4
01225800,ASTON UNIVERSITY                        ,FC,00000-0000,Public       ,0,1,1,2,15,17
01227500,UNIVERSITY OF OXFORD - WOLFSON COLL     ,FC,00000-0000,Public       ,0,5,5,0,16,16
01230200,GONVILLE & CAIUS COLLEGE                ,FC,00000-0000,Public       ,0,0,0,0,3,3
01233300,UNIV OF THE ARTS LONDON- CAMBERWELL COLL,FC,00000-0000,Public       ,1,5,6,15,18,33
01233500,ROYAL COLLEGE OF MUSIC                  ,FC,00000-0000,Public       ,0,0,0,5,20,25
01234100,UNIVERSITY OF WALES - ST DAVID'S UN     ,FC,00000-0000,Public       ,1,1,2,2,13,15
01236000,EDINBURGH COLLEGE OF ART                ,FC,00000-0000,Public       ,0,6,6,8,34,42
01242100,UNIV OF AUCKLAND                        ,FC,00000-0000,Public       ,2,19,21,21,79,100
01253900,UNIVERSITY OF THE ARTS LONDON IDO - CENT,FC,00000-0000,Public       ,5,12,17,61,56,117
01254000,UNIVERSIDAD DE NAVARRA                  ,FC,00000-0000,Private      ,3,5,8,7,20,27
01276500,UNIVERSITY OF OXFORD - LINACRE COLL     ,FC,00000-0000,Public       ,0,2,2,0,13,13
01276600,"NATIONAL UNIVERSITY IRELAND, GALWAY     ",FC,00000-0000,Public       ,6,18,24,34,104,138
01280200,PONTIFICIA UNIV CATOLICA MAD Y MAES     ,FC,00000-0000,Private      ,73,149,222,155,272,427
01281100,INST TECNOLOGICO DE SANTO DOMINGO       ,FC,00000-0000,Private      ,15,21,36,44,127,171
01283900,UNIVERSITY OF CAMBRIDGE - SAINT JOH     ,FC,00000-0000,Public       ,0,1,1,0,9,9
01286200,MOUNTVIEW ACADEMY OF THEATRE ARTS       ,FC,00000-0000,Private      ,0,0,0,0,4,4
01297800,UNIVERSITY OF HUDDERSFIELD (THE)        ,FC,00000-0000,Public       ,2,4,6,2,7,9
01315300,MASSEY UNIVERSITY                       ,FC,00000-0000,Public       ,3,11,14,9,56,65
01322500,COLLEGE OF LAW                          ,FC,00000-0000,Private      ,0,7,7,1,45,46
02052400,DARWIN COLLEGE                          ,FC,00000-0000,Public       ,0,2,2,0,17,17
02082400,UNIVERSITY OF CAMBRIDGE - QUEEN'S C     ,FC,00000-0000,Public       ,0,5,5,0,15,15
02083400,UNIVERSITY OF CAMBRIDGE - WOLFSON C     ,FC,00000-0000,Public       ,0,2,2,0,16,16
02087400,UNIVERSITY OF CAMBRIDGE - NEWNHAM C     ,FC,00000-0000,Public       ,1,1,2,2,8,10
02087900,OXFORD BROOKES UNIVERSITY               ,FC,00000-0000,Public       ,5,8,13,27,63,90
02094100,BEN-GURION UNIV                         ,FC,00000-0000,Public       ,0,6,6,3,144,147
02094400,UNIV OF CAMBRIDGE - ST EDMUND'S HOU     ,FC,00000-0000,Public       ,0,3,3,2,13,15
02095500,LONDON BUS SCHOOL                       ,FC,00000-0000,Private      ,0,18,18,2,110,112
02098700,FATIMA COLLEGE OF MEDICINE              ,FC,00000-0000,Private      ,0,0,0,1,24,25
02101900,ROEHAMPTON UNIVERSITY                   ,FC,00000-0000,Public       ,0,9,9,7,68,75
02108600,LONDON ACADEMY OF MUSIC & DRAMATIC      ,FC,00000-0000,Private      ,2,1,3,15,24,39
02115900,UNIVERSITY OF PORTSMOUTH                ,FC,00000-0000,Public       ,1,3,4,4,16,20
02116700,UNIVERSITY OF CAMBRIDGE - LUCY CAVE     ,FC,00000-0000,Public       ,0,4,4,0,8,8
02120000,UNIV OF LONDON - COURTALD INST OF A     ,FC,00000-0000,Public       ,0,5,5,1,39,40
02133400,UNIVERSITY OF CAMBRIDGE - SIDNEY SU     ,FC,00000-0000,Public       ,0,0,0,0,1,1
02142000,UNIVERSITY OF CAMBRIDGE - HOMERTON      ,FC,00000-0000,Public       ,0,0,0,0,7,7
02149700,UNIVERSITY OF WINCHESTER (THE)          ,FC,00000-0000,Public       ,3,2,5,3,10,13
02156800,UNIV OF OTAGO                           ,FC,00000-0000,Public       ,1,5,6,7,28,35
02162300,"IESE BUSINESS SCH, UNIV OF NAVARRA      ",FC,00000-0000,Private      ,1,23,24,3,65,68
02167400,UNIVERSITY OF CAMBRIDGE - CORPUS CH     ,FC,00000-0000,Public       ,0,1,1,0,9,9
02177700,KING'S COLLEGE- UNIV OF CAMBRIDGE       ,FC,00000-0000,Public       ,0,4,4,3,26,29
02180500,MIDDLESEX UNIVERSITY                    ,FC,00000-0000,Public       ,1,10,11,16,75,91
02181000,UNIVERSITY OF SOUTH AUSTRALIA           ,FC,00000-0000,Public       ,0,2,2,3,8,11
02183500,UNIV OF OXFORD - WYCLIFFE HALL          ,FC,00000-0000,Public       ,0,0,0,2,7,9
02186000,UNIVERSITY OF CAMBRIDGE - MAGDALENE     ,FC,00000-0000,Public       ,0,0,0,0,1,1
02186100,UNIVERSITY OF CAMBRIDGE - EMMANUEL      ,FC,00000-0000,Public       ,0,2,2,0,7,7
02189600,UNIVERSITY OF GRONINGEN                 ,FC,00000-0000,Public       ,0,3,3,13,26,39
02194800,UNIVERSITY OF THE WEST OF ENGLAND -     ,FC,00000-0000,Public       ,3,3,6,8,19,27
02195100,UNIV OF WESTMINSTER                     ,FC,00000-0000,Public       ,2,18,20,28,118,146
02196700,GUILDHALL SCHOOL OF MUSIC & DRAMA       ,FC,00000-0000,Public       ,1,0,1,7,14,21
02207300,UNIVERSITY OF CAMBRIDGE - CHRIST'S      ,FC,00000-0000,Public       ,0,3,3,0,10,10
02207400,CHINESE UNIVERSITY OF HONG KONG (THE)   ,FC,00000-0000,Public       ,0,5,5,14,37,51
02209500,UNIVERSITEIT UTRECHT                    ,FC,00000-0000,Public       ,1,9,10,9,65,74
02210000,UNIV OF LONDON - LONDON SCHOOL OF H     ,FC,00000-0000,Public       ,0,10,10,0,71,71
02212300,UNIVERSITY OF CAMBRIDGE - ROBINSON      ,FC,00000-0000,Public       ,0,0,0,0,2,2
02225300,UNIV OF CANTERBURY                      ,FC,00000-0000,Public       ,0,8,8,10,34,44
02229100,UNIVERSITY OF LEICESTER                 ,FC,00000-0000,Public       ,1,18,19,2,81,83
02229600,SACKLER SCHOOL OF MEDICINE              ,FC,00000-0000,Public       ,0,39,39,1,178,179
02232100,UNIVERSITY OF CAMBRIDGE                 ,FC,00000-0000,Public       ,1,6,7,4,48,52
02233300,"ST GEORGE'S UNIVERSITY, SCHOOL OF MEDICI",FC,00000-0000,Proprietary  ,1,474,475,15,2764,2779
02235300,LONDON METROPOLITAN UNIVERSITY          ,FC,00000-0000,Public       ,1,19,20,30,125,155
02240900,AISH HATORAH CLG OF JEWISH STUDIES      ,FC,00000-0000,Private      ,0,0,0,2,2,4
02244400,AMERICAN UNIV OF THE CARIBBEAN          ,FC,00000-0000,Proprietary  ,0,316,316,8,1319,1327
02266600,UNIVERSITY OF LONDON - SAINT GEORGE     ,FC,00000-0000,Public       ,0,5,5,1,23,24
02271700,UNIVERSITY OF CAMBRIDGE - CLARE HAL     ,FC,00000-0000,Public       ,0,2,2,0,8,8
02271900,UNIVERSITY OF OXFORD - BLACKFRIARS      ,FC,00000-0000,Public       ,0,1,1,0,3,3
02272100,UNIV OF OXFORD - GREYFRIARS             ,FC,00000-0000,Public       ,0,0,0,0,2,2
02272200,UNIV OF CAMBRIDGE - NEW HALL            ,FC,00000-0000,Public       ,0,0,0,0,2,2
02273600,QUEEN'S UNIV OF BELFAST (THE)           ,FC,00000-0000,Public       ,2,10,12,15,85,100
02273900,HERIOT WATT UNIVERSITY                  ,FC,00000-0000,Public       ,0,4,4,3,25,28
02276700,NYENRODE BUSINESS UNIVERSITEIT          ,FC,00000-0000,Private      ,0,1,1,0,2,2
02293400,ECOLE DES HAUTES ETUDES COMERCIALS      ,FC,00000-0000,Public       ,0,5,5,0,29,29
02296300,UNIVERSITY OF CAMBRIDGE - JESUS COL     ,FC,00000-0000,Public       ,0,0,0,0,6,6
02310500,DE MONTFORT UNIVERSITY                  ,FC,00000-0000,Public       ,0,6,6,0,15,15
02320500,ROYAL NORTHERN COLLEGE OF MUSIC         ,FC,00000-0000,Public       ,0,3,3,2,6,8
02335100,UNIV OF CAMBRIDGE - TRINITY HALL        ,FC,00000-0000,Public       ,0,2,2,0,10,10
02338900,UNIVERSITY  FOR THE CREATIVE ARTS       ,FC,00000-0000,Public       ,0,0,0,5,3,8
02351800,UNIVERSIDAD IBEROAMERICANA (UNIBE       ,FC,00000-0000,Private      ,25,130,155,117,840,957
02355200,ECOLE SUPERIEURE DE CUISINE FRANCAISE-FE,FC,00000-0000,Public       ,0,5,5,3,20,23
02363000,GSA CONSERVATOIRE                       ,FC,00000-0000,Private      ,0,0,0,1,0,1
02493000,ESCUELA SUPERIOR ADMINISTRACION Y D     ,FC,00000-0000,Private      ,2,1,3,2,1,3
02496700,NATIONAL FILM & TV SCHOOL               ,FC,00000-0000,Public       ,0,2,2,0,6,6
02502600,PECSI ORVOSTUDOMANYI EGYETEM (PECS      ,FC,00000-0000,Public       ,0,17,17,1,26,27
02545700,GLASGOW SCHOOL OF ART                   ,FC,00000-0000,Public       ,1,2,3,8,32,40
02561600,SOUTHAMPTON SOLENT UNIVERSITY           ,FC,00000-0000,Public       ,2,2,4,3,7,10
02579600,MURDOCH UNIVERSITY                      ,FC,00000-0000,Public       ,0,8,8,2,46,48
02588000,UNIVERSITY OF ULSTER                    ,FC,00000-0000,Public       ,0,2,2,3,23,26
02591800,CURTIN UNIVERSITY OF TECHNOLOGY         ,FC,00000-0000,Public       ,0,2,2,4,13,17
02592300,MILLTOWN INST OF THEOLOGY & PHILOSO     ,FC,00000-0000,Private      ,0,0,0,1,0,1
02604300,AALBORG UNIVERSITY                      ,FC,00000-0000,Public       ,0,0,0,1,13,14
02611600,ECOL NATIONAL DES PONTS ET CHAUSSEE     ,FC,00000-0000,Public       ,0,2,2,3,3,6
02611700,DUBLIN CITY UNIVERSITY                  ,FC,00000-0000,Public       ,1,3,4,9,20,29
02622500,DENMARKS TEKNISKE UNIVERSITET           ,FC,00000-0000,Public       ,0,0,0,0,6,6
02623200,UNIVERSITY OF NEWCASTLE (THE)           ,FC,00000-0000,Public       ,0,5,5,7,23,30
03012700,UNIVERSITY OF BUCKINGHAM                ,FC,00000-0000,Private      ,2,3,5,6,13,19
03029400,KEELE UNIVERSITY                        ,FC,00000-0000,Public       ,1,1,2,7,9,16
03029500,NORTHUMBRIA UNIVERSITY                  ,FC,00000-0000,Public       ,1,4,5,10,18,28
03029800,NORGES HANDELSHOYSKOLE                  ,FC,00000-0000,Public       ,0,3,3,1,10,11
03033300,MANCHESTER METROPOLITAN UNIV            ,FC,00000-0000,Public       ,1,8,9,16,49,65
03045000,UNIVERSITY OF EAST LONDON               ,FC,00000-0000,Public       ,3,12,15,18,48,66
03050100,STUDIO ART CENTERS INTERNATIONAL        ,FC,00000-0000,Private      ,0,4,4,30,55,85
03061000,CHALMERS TEKNISKA HOGSKOLA AB           ,FC,00000-0000,Private      ,0,1,1,0,10,10
03066800,PONTIFICIO ATENEO DELLA SANTA CROCE     ,FC,00000-0000,Private      ,0,2,2,0,8,8
03067200,UNIVERSITY OF SYDNEY                    ,FC,00000-0000,Public       ,4,36,40,24,176,200
03073800,UNIV OF DEBRECEN MED & HEALTH SCI       ,FC,00000-0000,Public       ,1,7,8,4,28,32
03080300,SHEFFIELD HALLAM UNIVERSITY             ,FC,00000-0000,Public       ,2,3,5,3,15,18
03084300,UNIVERSITY OF LIMERICK                  ,FC,00000-0000,Public       ,2,6,8,11,40,51
03088700,ROYAL SCOTTISH ACAD MUSIC & DRAMA       ,FC,00000-0000,Public       ,3,3,6,10,25,35
03091400,UNIVERSITY OF WOLLONGONG                ,FC,00000-0000,Public       ,0,2,2,2,20,22
03091500,UNIVERSITY OF CANBERRA                  ,FC,00000-0000,Public       ,2,1,3,3,14,17
03091700,KAROL MARCINKOWSKI UNIV OF MED SCI      ,FC,00000-0000,Public       ,1,63,64,11,192,203
03092500,NOTTINGHAM TRENT UNIVERSITY             ,FC,00000-0000,Public       ,0,2,2,3,20,23
03095000,RMIT UNIVERSITY                         ,FC,00000-0000,Public       ,0,7,7,4,29,33
03095400,BOND UNIVERSITY                         ,FC,00000-0000,Private      ,2,20,22,21,68,89
03095900,ESSEC BUSINESS SCHOOL                   ,FC,00000-0000,Private      ,0,6,6,1,20,21
03096100,LA TROBE UNIVERSITY                     ,FC,00000-0000,Public       ,0,6,6,2,31,33
03096900,DEAKIN UNIVERSITY                       ,FC,00000-0000,Public       ,0,2,2,1,10,11
03097100,UNIVERSITY OF WESTERN SYDNEY            ,FC,00000-0000,Public       ,0,1,1,1,12,13
03097300,VICTORIA UNIVERSITY OF TECHNOLOGY       ,FC,00000-0000,Public       ,0,2,2,2,8,10
03097500,CENTRAL QUEENSLAND UNIVERSITY           ,FC,00000-0000,Public       ,1,1,2,1,6,7
03100000,UNIVERSITY OF ADELAIDE (THE)            ,FC,00000-0000,Public       ,1,4,5,5,21,26
03101600,ASIAN INSTITUTE OF MANAGEMENT           ,FC,00000-0000,Private      ,0,5,5,1,16,17
03102500,AMERICAN UNIVERSITY OF ROME             ,FC,00000-0000,Private      ,9,10,19,165,70,235
03102800,ROBERT GORDON UNIVERSITY (THE)          ,FC,00000-0000,Public       ,0,4,4,1,21,22
03104800,GRIFFITH UNIVERSITY                     ,FC,00000-0000,Public       ,1,10,11,9,60,69
03136300,AUSTRALIAN CATHOLIC UNIVERSITY          ,FC,00000-0000,Public       ,0,2,2,5,13,18
03140300,EDITH COWAN UNIVERSITY                  ,FC,00000-0000,Public       ,0,7,7,4,22,26
03140400,NORTHERN TERRITORY UNIVERSITY           ,FC,00000-0000,Public       ,0,0,0,1,3,4
03140500,QUEENSLAND UNIVERSITY OF TECHNOLOGY     ,FC,00000-0000,Public       ,1,2,3,4,18,22
03140600,SOUTHERN CROSS UNIVERSITY               ,FC,00000-0000,Public       ,1,1,2,3,5,8
03140700,SWINBURNE UNIVERSITY OF TECHNOLOGY      ,FC,00000-0000,Public       ,0,5,5,4,20,24
03140900,UNIVERSITY OF BALLARAT                  ,FC,00000-0000,Public       ,0,2,2,0,2,2
03150300,UNIVERSITY OF TASMANIA                  ,FC,00000-0000,Public       ,0,0,0,0,5,5
03150400,"UNIVERSITY OF TECHNOLOGY, SYDNEY        ",FC,00000-0000,Public       ,0,7,7,1,29,30
03274300,"KUNGLIGA TEKNISKA HOGSKOLAN, KTH        ",FC,00000-0000,Public       ,0,0,0,0,4,4
03287300,LIVERPOOL INSTITUTE FOR PERFORMING ARTS ,FC,00000-0000,Public       ,6,0,6,21,2,23
03300300,"2ND SCHOOL OF MEDICINE, CHARLES UNI     ",FC,00000-0000,Public       ,0,5,5,0,5,5
03300400,"FIRST FACULTY OF MEDICINE, CHARLES UNIV.",FC,00000-0000,Public       ,1,14,15,5,31,36
03329300,JOHN CABOT UNIVERSITY                   ,FC,00000-0000,Private      ,10,7,17,157,38,195
03332400,AGRICULTURE UNIVERSITY OF WROCLAW       ,FC,00000-0000,Public       ,0,0,0,0,3,3
03333300,MEDICAL UNIVERSITY SCHOOL OF LUBLIN     ,FC,00000-0000,Public       ,9,81,90,15,189,204
03334300,UNIVERSIDAD NORDESTANA                  ,FC,00000-0000,Private      ,4,45,49,20,184,204
03335300,MEDICAL UNIVERSITY OF SILESIA           ,FC,00000-0000,Public       ,6,41,47,7,84,91
03349400,"QUEEN MARGARET UNIVERSITY COLLEGE, EDINB",FC,00000-0000,Public       ,0,0,0,2,16,18
03350300,BOURNEMOUTH UNIVERSITY                  ,FC,00000-0000,Public       ,1,4,5,4,23,27
03352300,LONDON SOUTH BANK UNIVERSITY            ,FC,00000-0000,Private      ,2,5,7,12,26,38
03363300,THE ARTS EDUCATIONAL SCHOOLS LONDON     ,FC,00000-0000,Private      ,0,0,0,1,1,2
03364300,"FACULTY OF MEDICINE, PALACKY UNIVER     ",FC,00000-0000,Public       ,0,3,3,2,7,9
03365400,AUCKLAND INSTITUTE OF TECHNOLOGY        ,FC,00000-0000,Public       ,0,1,1,8,17,25
03366300,TROPICAL AGRICULTURE RESEARCH AND H     ,FC,00000-0000,Private      ,0,0,0,0,2,2
03377300,"UNIVERSITY OF WALES INSTITUTE, CARD     ",FC,00000-0000,Public       ,3,4,7,6,10,16
03378300,"THE 3RD FACULTY OF MEDICINE, CHARLE     ",FC,00000-0000,Public       ,1,4,5,2,13,15
03406300,"THE SCHOOL OF PHARMACY, UNIVERSITY      ",FC,00000-0000,Public       ,0,0,0,2,3,5
03418400,NAPIER UNIVERSITY                       ,FC,00000-0000,Public       ,0,5,5,7,22,29
03435300,ANGLIA  RUSKIN UNIVERSITY               ,FC,00000-0000,Private      ,1,4,5,2,12,14
03460300,INTERNATIONALES THEOLOGISCHES INSTI     ,FC,00000-0000,Private      ,1,6,7,5,13,18
03462400,UNIV OF ARTS LONDON - LON COLL OF COMMUN,FC,00000-0000,Public       ,3,5,8,20,31,51
03466300,INSTITUTO CENTROAMERICANO DE ADMINI     ,FC,00000-0000,Private      ,0,1,1,2,9,11
03473300,UNIV OF ARTS LONDON - LON COLL FASHION  ,FC,00000-0000,Public       ,9,20,29,52,75,127
03475300,UNIV OF THE ARTS  LONDON - CHELSEA COLL ,FC,00000-0000,Public       ,2,4,6,12,18,30
03478300,ROYAL WELSH COLLEGE OF MUSIC AND DRAMA  ,FC,00000-0000,Public       ,2,0,2,6,11,17
03492300,UNIVERSITY OF OXFORD - GREEN TEMPLETON C,FC,00000-0000,Public       ,0,1,1,0,14,14
03492400,UNIV OF CAMBRIDGE-ST CATHERINE'S CG     ,FC,00000-0000,Public       ,0,0,0,1,4,5
03494400,UNIV OF CAMBRIDGE-SELWYN COLLEGE        ,FC,00000-0000,Public       ,0,2,2,0,6,6
03494600,UNIV OF OXFORD-HARRIS MANCHESTER        ,FC,00000-0000,Public       ,0,4,4,1,6,7
03500300,WIMBLEDON COLLEGE OF ART                ,FC,00000-0000,Public       ,2,0,2,10,5,15
03501400,LEEDS METROPOLITAN UNIVERSITY           ,FC,00000-0000,Public       ,0,7,7,7,23,30
03507300,UNIVERSITY OF SUNDERLAND                ,FC,00000-0000,Public       ,0,2,2,0,7,7
03515300,UNIVERSITY OF CENTRAL LANCASHIRE        ,FC,00000-0000,Public       ,1,2,3,10,21,31
03517300,UNIVERSITY OF BRIGHTON                  ,FC,00000-0000,Public       ,0,4,4,8,28,36
03518300,EUROPEAN GRADUATE SCHOOL                ,FC,00000-0000,Private      ,0,15,15,0,94,94
03526300,INST CENTROAMERICANO DE ADM DE EMP      ,FC,00000-0000,Private      ,0,0,0,0,9,9
03527300,SOFIA UNIVERSITY ST. KLIMENT OHRIDSKI   ,FC,00000-0000,Public       ,0,0,0,0,6,6
03533300,BATH SPA UNIVERSITY                     ,FC,00000-0000,Public       ,1,6,7,4,15,19
03547300,UNIVERSITY OF GLAMORGAN                 ,FC,00000-0000,Public       ,1,1,2,6,9,15
03580300,LIVERPOOL JOHN MOORES UNIVERSITY        ,FC,00000-0000,Public       ,1,3,4,8,12,20
03589400,ARTS INSTITUTE AT BOURNEMOUTH (THE)     ,FC,00000-0000,Public       ,1,0,1,10,4,14
03590300,AVONDALE COLLEGE LIMITED                ,FC,00000-0000,Private      ,2,1,3,9,4,13
03594300,GROUP ESC GRENOBLE GRAD SCH OF BUS.     ,FC,00000-0000,Private      ,0,3,3,4,30,34
03597300,JAGIELLONIAN UNIVERSITY                 ,FC,00000-0000,Public       ,0,10,10,5,28,33
03601300,UNIVERSITAT JAUME I DE CASTELLO/UJI     ,FC,00000-0000,Public       ,0,2,2,1,7,8
03619300,UNIVERSITY OF GREENWICH                 ,FC,00000-0000,Public       ,3,8,11,20,47,67
03653400,UNIVERSIDAD DE IBEROAMERICA - UNIBE     ,FC,00000-0000,Private      ,2,1,3,5,19,24
03674300,UNIVERSITY OF ABERTAY DUNDEE            ,FC,00000-0000,Public       ,0,0,0,2,3,5
03684400,UNIVERSITY OF LINCOLN                   ,FC,00000-0000,Public       ,0,6,6,0,19,19
03684500,MEDICAL UNIVERSITY OF GDANSK            ,FC,00000-0000,Public       ,0,7,7,1,21,22
03685300,UNIVERSITAT POMPEU FABRA                ,FC,00000-0000,Public       ,0,0,0,5,24,29
03694300,UNIVERSITY COLLEGE CHICHESTER           ,FC,00000-0000,Public       ,0,1,1,0,1,1
03716300,"UNIVERSITY OF WALES, NEWPORT            ",FC,00000-0000,Public       ,0,3,3,2,7,9
03721300,WRITTLE COLLEGE                         ,FC,00000-0000,Public       ,0,0,0,1,0,1
03727400,UNIVERSITY OF WAIKATO (THE)             ,FC,00000-0000,Public       ,0,1,1,3,10,13
03738300,LONDON SCHOOL OF THEOLOGY               ,FC,00000-0000,Private      ,0,1,1,0,6,6
03741300,ALRA (ACADEMY OF LIVE AND RECORDED ARTS),FC,00000-0000,Private      ,0,1,1,2,4,6
03770300,NAZARENE THEOLOGICAL COLLEGE            ,FC,00000-0000,Private      ,0,3,3,0,9,9
03794400,ANGLO EUROPEAN COLLEGE OF CHIROPRACTIC  ,FC,00000-0000,Private      ,0,0,0,1,2,3
03807300,ROSE BRUFORD COLLEGE                    ,FC,00000-0000,Public       ,0,0,0,2,2,4
03816400,AMERICAN GRAD SCH OF INTERNTL REL & DIPL,FC,00000-0000,Private      ,1,14,15,7,64,71
03818300,LEIPZIG GRADUATE SCHOOL OF MANAGEMENT   ,FC,00000-0000,Private      ,0,1,1,0,12,12
03824300,"ROYAL VETERINARY COLLEGE (THE), UNIVERSI",FC,00000-0000,Public       ,0,11,11,1,137,138
03850500,MEDICAL UNIVERSITY OF LODZ              ,FC,00000-0000,Public       ,2,23,25,5,49,54
03859400,UNIVERSITY COLLEGE FALMOUTH             ,FC,00000-0000,Public       ,0,2,2,4,7,11
03880300,UNIVERSITY OF GLOUCESTERSHIRE (THE)     ,FC,00000-0000,Public       ,1,4,5,6,8,14
03897400,INTERNATIONAL SPACE UNIVERSITY          ,FC,00000-0000,Private      ,0,0,0,0,4,4
03926400,NATIONAL COLLEGE OF ART AND DESIGN      ,FC,00000-0000,Public       ,0,0,0,1,3,4
03941301,AVE MARIA UNIVERSITY - LATIN AMERICA    ,FC,00000-0000,Private      ,50,7,57,163,35,198
03974300,"ST. GEORGE'S UNIVERSITY, SCHOOL OF VETER",FC,00000-0000,Proprietary  ,1,143,144,2,679,681
03978300,SPURGEON'S COLLEGE                      ,FC,00000-0000,Private      ,0,0,0,0,2,2
03993400,TRINITY UNIVERSITY COLLEGE CARMARTHEN   ,FC,00000-0000,Public       ,0,0,0,0,1,1
04021400,"AMERICAN COLLEGE, DUBLIN LIMITED (THE)  ",FC,00000-0000,Private      ,0,2,2,6,13,19
04021500,CENTRAL EUROPEAN UNIVERSITY             ,FC,00000-0000,Private      ,1,9,10,4,102,106
04032300,YORK ST JOHN UNIVERSITY                 ,FC,00000-0000,Public       ,0,1,1,5,6,11
04046300,HK UNIVERSITY OF SCI & TECH (HKUST)     ,FC,00000-0000,Public       ,0,1,1,0,20,20
04070300,"RAPHAEL RECANATI INTERNATIONAL SCHOOL, T",FC,00000-0000,Private      ,24,18,42,59,64,123
04113300,LEBANESE AMERICAN UNIVERSITY            ,FC,00000-0000,Private      ,10,6,16,31,21,52
04115900,LIVERPOOL HOPE UNIVERSITY               ,FC,00000-0000,Public       ,0,3,3,4,18,22
04116300,EDHEC BUSINESS SCHOOL                   ,FC,00000-0000,Private      ,0,7,7,0,23,23
04121400,ISAPZURICH (INTERNATIONAL SCHOOL OF ANAL,FC,00000-0000,Private      ,0,0,0,1,4,5
04128600,UNIVERSITY OF WORCESTER                 ,FC,00000-0000,Public       ,0,3,3,1,6,7
04134200,LONDON CONTEMPORARY DANCE SCHOOL        ,FC,00000-0000,Private      ,0,1,1,0,1,1
04139100,UNIVERSITA DEGLI STUDI DI SCIENZE GASTRO,FC,00000-0000,Private      ,0,1,1,4,23,27
04143700,ST MARY'S UNIVERSITY COLLEGE TWICKENHAM ,FC,00000-0000,Public       ,0,28,28,2,70,72
04168200,EUROPEAN UNIVERSITY AT ST. PETERSBURG   ,FC,00000-0000,Private      ,0,4,4,0,14,14
04171800,"INTERNATIONAL UNIVERSITY OF NURSING, ST.",FC,00000-0000,Proprietary  ,5,6,11,5,6,11
00380600,ALDERSON-BROADDUS COLLEGE               ,WV,26416-1051,Private      ,24,21,45,807,313,1120
00380700,MOUNTAIN STATE UNIVERSITY               ,WV,25801-5624,Private      ,166,1686,1852,1297,6653,7950
00380800,BETHANY COLLEGE                         ,WV,26032-0417,Private      ,62,20,82,1226,150,1376
00380900,BLUEFIELD STATE COLLEGE                 ,WV,24701-2198,Public       ,145,394,539,1250,1812,3062
00381000,CONCORD UNIVERSITY                      ,WV,24712-0000,Public       ,143,235,378,2835,1336,4171
00381100,DAVIS & ELKINS COLLEGE                  ,WV,26241-3996,Private      ,40,39,79,902,317,1219
00381200,FAIRMONT STATE UNIVERSITY               ,WV,26554-2470,Public       ,332,707,1039,4974,3856,8830
00381300,GLENVILLE STATE COLLEGE                 ,WV,26351-1292,Public       ,89,131,220,1334,664,1998
00381500,MARSHALL UNIVERSITY                     ,WV,25755-3300,Public       ,490,1220,1710,9507,7268,16775
00381600,SOUTHERN WV COMMUNITY COLLEGE           ,WV,25637-2900,Public       ,193,364,557,1087,1261,2348
00381800,UNIVERSITY OF CHARLESTON                ,WV,25304-1099,Private      ,90,112,202,1431,925,2356
00381900,OHIO VALLEY COLLEGE                     ,WV,26105-8000,Private      ,66,82,148,520,204,724
00382000,SALEM INTERNATIONAL UNIVERSITY          ,WV,26426-0500,Proprietary  ,67,266,333,352,871,1223
00382200,SHEPHERD UNIVERSITY                     ,WV,25443-3210,Public       ,189,231,420,3940,1669,5609
00382300,WEST LIBERTY UNIVERSITY                 ,WV,26074-0295,Public       ,173,152,325,2854,910,3764
00382600,WEST VIRGINIA STATE UNIVERSITY          ,WV,25112-0000,Public       ,166,402,568,2445,2490,4935
00382700,WEST VIRGINIA UNIVERSITY                ,WV,26506-6201,Public       ,780,1039,1819,25172,10019,35191
00382711,WEST VIRGINIA UNIVERSITY - POTOMAC STATE,WV,26726-3000,Public       ,110,105,215,1659,584,2243
00382721,WEST VIRGINIA UNIV INST OF TECH         ,WV,25136-2436,Public       ,69,83,152,1105,482,1587
00382800,WEST VIRGINIA UNIV AT PARKERSBURG       ,WV,26101-9577,Public       ,238,791,1029,1618,3282,4900
00383000,WEST VIRGINIA WESLEYAN COLLEGE          ,WV,26201-2600,Private      ,73,36,109,1916,301,2217
00383100,WHEELING JESUIT UNIVERSITY              ,WV,26003-6243,Private      ,66,200,266,1180,793,1973
00500700,WEST VIRGINIA JUNIOR COLLEGE            ,WV,26505-5596,Proprietary  ,29,67,96,172,240,412
00500800,MOUNTAIN STATE COLLEGE                  ,WV,26101-3993,Proprietary  ,11,93,104,64,360,424
00754400,APPALACHIAN BIBLE COLLEGE               ,WV,25818-1353,Private      ,10,12,22,266,67,333
00757800,HUNTINGTON SCHOOL OF BEAUTY CULTURE     ,WV,25705-2030,Proprietary  ,26,73,99,86,175,261
00760000,INTERNATIONAL BEAUTY SCHOOL             ,WV,25401-3231,Proprietary  ,15,58,73,41,126,167
00835500,JAMES RUMSEY TECHNICAL INSTITUTE        ,WV,25403-0259,Public       ,13,57,70,78,311,389
00895900,CLARKSBURG BEAUTY ACADEMY               ,WV,26301-2903,Proprietary  ,19,44,63,43,79,122
00904700,HUNTINGTON JUNIOR COLLEGE               ,WV,25701-2004,Proprietary  ,37,258,295,185,1248,1433
00905400,WEST VIRGINIA NORTHERN CMTY COLLEGE     ,WV,26003-0000,Public       ,259,668,927,1143,2382,3525
01014000,MINERAL COUNTY VOCATIONAL TECH CTR      ,WV,26726-0000,Public       ,2,4,6,14,38,52
01035600,EVEREST INSTITUTE                       ,WV,25313-1304,Proprietary  ,22,117,139,105,378,483
01057300,WEST VIRGINIA JUNIOR COLLEGE            ,WV,25322-0000,Proprietary  ,33,81,114,178,341,519
01057302,WEST VIRGINIA JUNIOR COLLEGE            ,WV,26330-0000,Proprietary  ,24,77,101,164,380,544
01086100,WEST VIRGINIA BUSINESS COLLEGE          ,WV,26301-0000,Proprietary  ,5,49,54,34,188,222
01124500,WEST VIRGINIA SCH OSTEOPATHIC MED       ,WV,24901-1128,Public       ,1,12,13,12,898,910
01174900,WOOD COUNTY SCH OF PRAC NURSING         ,WV,26101-6424,Public       ,6,15,21,26,84,110
01235900,B M SPURR SCHOOL OF PRAC NURSING        ,WV,26038-1660,Private      ,2,4,6,13,26,39
01257300,WEST VIRGINIA UNIV-HOSP-RAD TECH        ,WV,26506-8062,Private      ,0,8,8,74,69,143
01274300,BENJAMIN FRANKLIN CAREER&TECH           ,WV,25064-0000,Public       ,20,50,70,77,172,249
01290400,MONONGALIA CNTY TECH ED CTR             ,WV,26501-6841,Public       ,4,22,26,72,120,192
01290500,ACADEMY OF CAREERS AND TECHNOLOGY       ,WV,25801-0000,Public       ,34,117,151,89,331,420
02057400,ROANE-JACKSON TECHNICAL CENTER          ,WV,25252-0000,Public       ,2,14,16,22,59,81
02068000,UNITED TECHNICAL CENTER                 ,WV,26301-0000,Public       ,5,17,22,40,119,159
02070100,BECKLEY BEAUTY ACADEMY                  ,WV,25801-0000,Proprietary  ,8,22,30,34,73,107
02073400,CARVER CAREER TECH ED CTR               ,WV,25306-6397,Public       ,29,106,135,169,357,526
02145100,SCOTT COLLEGE OF COSMETOLOGY            ,WV,26003-0000,Proprietary  ,15,9,24,55,54,109
02178200,CHARLESTON SCHOOL OF BEAUTY CULTURE     ,WV,25301-0000,Proprietary  ,13,74,87,53,134,187
02218200,GARNET CAREER CENTER                    ,WV,25301-0000,Public       ,15,113,128,88,356,444
02275300,CABELL COUNTY CAREER TECHNOLOGY CTR     ,WV,25705-0000,Public       ,29,95,124,95,241,336
02524500,RALPH R WILLIS VOCATIONAL CENTER        ,WV,25601-0000,Public       ,3,9,12,25,60,85
02534800,FRED W EBERLE TECHNICAL CENTER          ,WV,26201-0000,Public       ,12,67,79,53,149,202
02535500,MERCER COUNTY TECH EDUC CNTR            ,WV,24740-0000,Public       ,14,67,81,69,203,272
02579900,NORTH CENTRAL OPPORTUNITIES INDUSTRIALIZ,WV,26554-2936,Private      ,14,51,65,21,102,123
02609400,VALLEY COLLEGE                          ,WV,25404-5711,Proprietary  ,4,23,27,16,146,162
03052000,MEREDITH MANOR EQUESTRIAN CENTRE        ,WV,26184-9707,Proprietary  ,31,26,57,208,112,320
03076500,FAYETTE INSTITUTE OF TECHNOLOGY         ,WV,25901-2174,Public       ,2,20,22,23,72,95
03084200,VALLEY COLLEGE                          ,WV,24740-3141,Proprietary  ,2,15,17,18,81,99
03084400,VALLEY COLLEGE                          ,WV,25801-2643,Proprietary  ,5,11,16,28,131,159
03098300,PUTNAM CAREER & TECHNICAL CENTER        ,WV,25070-0000,Public       ,33,36,69,69,107,176
03099200,"MOUNTAINEER BEAUTY COLLEGE, INC         ",WV,25177-2917,Proprietary  ,9,27,36,53,83,136
03102100,MORGANTOWN BEAUTY COLLEGE               ,WV,26505-5430,Proprietary  ,14,33,47,61,101,162
03123200,STANLEY TECHNICAL INSTITUTE             ,WV,26505-3751,Private      ,0,13,13,6,30,36
03327500,SOUTH BRANCH VOCATIONAL TECH CENTER     ,WV,26847-1698,Public       ,1,11,12,4,16,20
03734300,JOHN D. ROCKEFELLER IV CAREER CENTER    ,WV,26047-9424,Public       ,0,3,3,4,30,34
03819300,AMERICAN PUBLIC UNIVERSITY SYSTEM       ,WV,25414-1621,Proprietary  ,480,13472,13952,1315,35505,36820
03957300,BLUE RIDGE COMMUNITY AND TECHNICAL COLLE,WV,25401-3244,Public       ,150,517,667,707,2016,2723
03960300,NEW RIVER COMMUNITY AND TECHNICAL COLLEG,WV,25801-2636,Public       ,187,562,749,1003,2411,3414
04028300,MOUNTAIN STATE SCHOOL OF MASSAGE        ,WV,25304-2025,Proprietary  ,3,23,26,19,59,78
04038500,PIERPONT COMMUNITY & TECHNICAL COLLEGE  ,WV,26554-2451,Public       ,132,353,485,1434,1648,3082
04038600,KANAWHA VALLEY COMMUNITY & TECH COLLEGE ,WV,25112-1000,Public       ,108,277,385,615,1572,2187
04041400,MOUNTWEST COMMUNITY AND TECHNICAL COLLEG,WV,25755-3300,Public       ,172,580,752,810,1891,2701
04047300,BRIDGEMONT COMMUNITY & TECHNICAL COLLEGE,WV,25136-2435,Public       ,68,73,141,391,372,763
04119000,EASTERN WEST VIRGINIA COMMUNITY & TECHNI,WV,26836-0000,Public       ,45,255,300,172,527,699
00106100,ALASKA PACIFIC UNIVERSITY               ,AK,99508-4672,Private      ,37,171,208,464,787,1251
00106300,UNIVERSITY OF ALASKA FAIRBANKS          ,AK,99775-7500,Public       ,418,1035,1453,2915,4009,6924
00106500,UNIVERSITY OF ALASKA SOUTHEAST          ,AK,99801-8680,Public       ,108,346,454,751,1512,2263
00884300,ALASKA BIBLE COLLEGE                    ,AK,99588-0000,Private      ,2,7,9,21,25,46
01146200,UNIVERSITY OF ALASKA ANCHORAGE          ,AK,99514-1608,Public       ,893,1886,2779,5856,9057,14913
02541000,CAREER ACADEMY                          ,AK,99507-0000,Proprietary  ,37,188,225,152,591,743
02576900,CHARTER COLLEGE                         ,AK,99508-0000,Proprietary  ,288,1007,1295,745,3151,3896
03160300,AVTEC                                   ,AK,99664-0889,Public       ,26,109,135,205,394,599
03461300,ILISAGVIK COLLEGE                       ,AK,99723-0749,Public       ,10,41,51,25,65,90
04138600,ALASKA CHRISTIAN COLLEGE                ,AK,99669-9755,Private      ,18,15,33,47,40,87
00108500,UNIV ARKANSAS MONTICELLO                ,AR,71656-0000,Public       ,398,739,1137,2307,2390,4697
00108600,UNIV OF ARKANSAS AT PINE BLUFF          ,AR,71601-2790,Public       ,477,431,908,3795,1912,5707
00108700,ARKANSAS BAPTIST COLLEGE                ,AR,72202-6099,Private      ,284,406,690,947,1331,2278
00108800,LYON COLLEGE                            ,AR,72501-3699,Private      ,51,22,73,792,168,960
00108900,ARKANSAS TECH UNIVERSITY                ,AR,72801-2222,Public       ,603,1079,1682,6460,4878,11338
00109000,ARKANSAS STATE UNIVERSITY               ,AR,72467-0000,Public       ,1006,2860,3866,8814,11130,19944
00109006,DELTA TECHNICAL INSTITUTE               ,AR,72365-9558,Public       ,16,62,78,67,154,221
00109100,ARKANSAS STATE UNIVERSITY - BEEBE       ,AR,72012-1000,Public       ,227,667,894,2011,3135,5146
00109200,UNIVERSITY OF CENTRAL ARKANSAS          ,AR,72035-0001,Public       ,842,968,1810,9012,4866,13878
00109300,CENTRAL BAPTIST COLLEGE                 ,AR,72034-6470,Private      ,97,124,221,630,470,1100
00109400,UNIVERSITY OF THE OZARKS                ,AR,72830-2880,Private      ,64,23,87,768,169,937
00109500,CROWLEYS RIDGE COLLEGE                  ,AR,72450-9775,Private      ,39,48,87,201,136,337
00109700,HARDING UNIVERSITY                      ,AR,72149-0001,Private      ,464,420,884,3783,1789,5572
00109800,HENDERSON STATE UNIVERSITY              ,AR,71999-0001,Public       ,317,421,738,3669,2043,5712
00109900,HENDRIX COLLEGE                         ,AR,72032-3080,Private      ,60,37,97,2113,230,2343
00110000,JOHN BROWN UNIVERSITY                   ,AR,72761-2747,Private      ,66,243,309,1540,1220,2760
00110100,UNIV ARKANSAS LITTLE ROCK               ,AR,72204-1099,Public       ,579,1947,2526,5128,10438,15566
00110200,OUACHITA BAPTIST UNIVERSITY             ,AR,71998-0001,Private      ,134,28,162,1813,186,1999
00110300,PHILANDER SMITH COLLEGE                 ,AR,72202-3718,Private      ,87,204,291,1025,849,1874
00110400,PHILLIPS COUNTY COMMUNITY COLLEGE       ,AR,72342-0000,Public       ,169,403,572,544,934,1478
00110600,WILLIAMS BAPTIST COLLEGE                ,AR,72476-4661,Private      ,42,49,91,602,237,839
00110700,SOUTHERN ARKANSAS UNIVERSITY            ,AR,71754-0000,Public       ,364,426,790,2631,1847,4478
00110800,UNIV ARKANSAS FAYETTEVILLE              ,AR,72701-0000,Public       ,1131,1389,2520,15291,7139,22430
00110900,UNIVERSITY OF ARKANSAS FOR MEDICAL SCIEN,AR,72205-7102,Public       ,64,375,439,662,2692,3354
00110901,UNIVERSITY OF ARKANSAS FOR MEDICAL SCIEN,AR,71603-7000,Public       ,0,0,0,77,264,341
00111000,UNIVERSITY OF ARKANSAS-FORT SMITH       ,AR,72904-7397,Public       ,493,1071,1564,4264,4821,9085
00524500,U OF A COMM COLLEGE AT MORRILTON        ,AR,72110-9601,Public       ,142,385,527,1224,1941,3165
00570700,SEARK COLLEGE                           ,AR,71603-0000,Public       ,149,597,746,738,2119,2857
00573200,UNIV AR COMMUNITY COLLEGE AT HOPE       ,AR,71801-0000,Public       ,119,349,468,491,1171,1662
00704400,CROWLEYS RIDGE TECHNICAL INSTITUTE      ,AR,72336-0000,Public       ,65,132,197,142,315,457
00732967,ITT TECHNICAL INSTITUTE                 ,AR,72204-7739,Proprietary  ,58,305,363,242,784,1026
00773800,SOUTHERN ARKANSAS UNIVERSITY TECH       ,AR,71701-1900,Public       ,88,266,354,516,969,1485
00792100,PAUL MITCHELL THE SCHOOL ARKANSAS       ,AR,72701-0000,Proprietary  ,30,54,84,87,134,221
00997600,OUACHITA TECHNICAL COLLEGE              ,AR,72104-0816,Public       ,60,252,312,339,1059,1398
01074100,MELLIE'S BEAUTY COLLEGE                 ,AR,72901-3886,Proprietary  ,12,49,61,39,180,219
01210500,NATIONAL PARK COMMUNITY COLLEGE         ,AR,71913-9174,Public       ,301,934,1235,1196,3138,4334
01226000,EAST ARKANSAS COMMUNITY COLLEGE         ,AR,72335-2204,Public       ,163,317,480,507,931,1438
01226100,NORTH ARKANSAS COLLEGE                  ,AR,72601-5508,Public       ,158,392,550,1045,1915,2960
01286000,ARKANSAS NORTHEASTERN COLLEGE           ,AR,72316-1109,Public       ,218,556,774,855,1543,2398
02052200,BLACK RIVER TECHNICAL COLLEGE           ,AR,72455-0000,Public       ,209,664,873,831,2195,3026
02073500,UNIVERSITY OF ARKANSAS COMMUNITY COLLEGE,AR,72503-0000,Public       ,119,381,500,623,1379,2002
02073700,NORTHWEST TECHNICAL INSTITUTE           ,AR,72765-0000,Public       ,47,139,186,198,523,721
02074600,SOUTH ARKANSAS COMMUNITY COLLEGE        ,AR,71731-0000,Public       ,145,500,645,582,1676,2258
02075300,PULASKI TECHNICAL COLLEGE               ,AR,72118-0000,Public       ,781,3148,3929,3723,13298,17021
02087000,OZARKA COLLEGE                          ,AR,72556-0000,Public       ,106,457,563,401,1400,1801
02111100,RICH MOUNTAIN COMMUNITY COLLEGE         ,AR,71953-0000,Public       ,73,196,269,360,603,963
02202400,PROFESSIONAL COSMETOLOGY EDUC CTR       ,AR,71730-5828,Proprietary  ,7,25,32,19,73,92
02220900,COSSATOT COMMUNITY COLLEGE              ,AR,71832-0000,Public       ,54,211,265,428,1000,1428
02260400,BEE JAY'S HAIRSTYLING ACADEMY           ,AR,72212-0000,Proprietary  ,3,18,21,17,56,73
02260401,BEE JAY'S HAIRSTYLING ACADEMY - BATESVIL,AR,72501-6709,Proprietary  ,3,9,12,9,34,43
02272400,EASTERN COLLEGE OF HEALTH VOCATIONS     ,AR,72205-3535,Proprietary  ,50,208,258,125,595,720
02284200,NEW TYLER BARBER COLLEGE INC            ,AR,72114-0000,Proprietary  ,19,50,69,53,150,203
02287400,MARSHA KAY BEAUTY COLLEGE               ,AR,72653-0000,Proprietary  ,1,3,4,10,17,27
02330800,JEFFERSON SCHOOL OF NURSING             ,AR,71603-0000,Private      ,7,29,36,60,162,222
02339800,SOUTHERN INSTITUTE OF COSMETOLOGY       ,AR,72301-0000,Proprietary  ,23,41,64,29,54,83
02341700,CAREER ACADEMY OF HAIR DESIGN           ,AR,72764-4304,Proprietary  ,11,46,57,29,120,149
02341701,CAREER ACADEMY OF HAIR DESIGN - ROGERS  ,AR,72756-2102,Proprietary  ,15,58,73,39,131,170
02341702,CAREER ACADEMY OF HAIR DESIGN - SILOAM  ,AR,72761-4217,Proprietary  ,3,19,22,14,39,53
02348200,MID-SOUTH COMMUNITY COLLEGE             ,AR,72301-0000,Public       ,254,672,926,736,1830,2566
02363500,ARTHUR'S BEAUTY COLLEGE                 ,AR,72901-0000,Proprietary  ,5,54,59,38,143,181
02525800,LEE'S SCHOOL OF COSMETOLOGY             ,AR,72114-0000,Proprietary  ,11,20,31,35,88,123
02538500,ARTHUR'S BEAUTY COLLEGE                 ,AR,72076-0000,Proprietary  ,21,66,87,79,211,290
02569600,SEARCY BEAUTY COLLEGE                   ,AR,72143-0000,Proprietary  ,6,32,38,18,71,89
03005100,ARKANSAS BEAUTY SCHOOL                  ,AR,72209-5116,Proprietary  ,13,30,43,47,151,198
03007100,HOT SPRINGS BEAUTY COLLEGE              ,AR,71901-5432,Proprietary  ,14,34,48,43,91,134
03007600,ARKANSAS BEAUTY SCHOOL-CONWAY           ,AR,72032-4354,Proprietary  ,10,36,46,45,97,142
03023400,ARKANSAS COLLEGE OF BARBERING           ,AR,72114-5615,Proprietary  ,26,67,93,49,124,173
03063300,NORTHWEST ARKANSAS COMMUNITY COLLEG     ,AR,72712-5190,Public       ,501,1197,1698,3078,5519,8597
03065100,ABC BEAUTY COLLEGE                      ,AR,71923-4206,Proprietary  ,8,33,41,24,65,89
03066302,BRYAN COLLEGE -                         ,AR,72756-1825,Proprietary  ,22,79,101,73,340,413
03105200,BAPTIST HEALTH SCHOOLS LITTLE ROCK      ,AR,72210-2820,Private      ,46,221,267,518,1520,2038
03115102,HERITAGE COLLEGE - LITTLE ROCK          ,AR,72227-5544,Proprietary  ,54,272,326,170,808,978
03124900,IMAGINE -  PAUL MITCHELL PARTNER SCHOOL ,AR,72117-2516,Proprietary  ,40,79,119,145,303,448
03127200,ASKINS VO-TECH                          ,AR,72908-8028,Proprietary  ,1,14,15,11,48,59
03214300,VELVATEX COLLEGE OF BEAUTY CULTURE      ,AR,72202-5452,Proprietary  ,5,7,12,13,42,55
03254300,MARGARET'S HAIR ACADEMY                 ,AR,71655-4905,Proprietary  ,12,26,38,31,61,92
03519400,LYNNDALE FUNDAMENTALS OF BEAUTY SCH     ,AR,71730-4804,Proprietary  ,1,13,14,8,36,44
03855300,ECCLESIA COLLEGE                        ,AR,72762-8159,Private      ,25,21,46,106,81,187
03912300,CROSSETT SCHOOL OF COSMETOLOGY          ,AR,71635-0000,Proprietary  ,6,15,21,16,33,49
03997300,ARKANSAS BEAUTY COLLEGE                 ,AR,72801-3741,Proprietary  ,6,22,28,27,71,98
04183100,WASHINGTON BARBER COLLEGE               ,AR,72209-3820,Proprietary  ,5,25,30,10,50,60
04183400,SALON PROFESSIONAL ACADEMY (THE)        ,AR,72116-7310,Proprietary  ,12,32,44,34,80,114
00133900,CORBAN UNIVERSITY                       ,OR,97301-9392,Private      ,65,109,174,1881,765,2646
00318600,BLUE MOUNTAIN COMMUNITY COLLEGE         ,OR,97801-0000,Public       ,155,426,581,1127,2143,3270
00318800,CENTRAL OREGON COMMUNITY COLLEGE        ,OR,97701-5998,Public       ,400,1228,1628,2726,6826,9552
00318900,CLATSOP COMMUNITY COLLEGE               ,OR,97103-3698,Public       ,65,260,325,536,1432,1968
00319100,CONCORDIA UNIVERSITY                    ,OR,97211-6099,Private      ,134,602,736,1768,2789,4557
00319300,EASTERN OREGON UNIVERSITY               ,OR,97850-2899,Public       ,197,491,688,2606,3327,5933
00319400,GEORGE FOX UNIVERSITY                   ,OR,97132-2697,Private      ,137,454,591,3384,2177,5561
00319600,LANE COMMUNITY COLLEGE                  ,OR,97405-0640,Public       ,876,2114,2990,6667,14520,21187
00319700,LEWIS & CLARK COLLEGE                   ,OR,97219-7899,Private      ,65,190,255,5115,3635,8750
00319800,LINFIELD COLLEGE                        ,OR,97128-6894,Private      ,51,130,181,3466,1210,4676
00319801,LINFIELD COLLEGE - PORTLAND CAMPUS      ,OR,97210-0000,Private      ,14,74,88,423,968,1391
00319900,MARYLHURST UNIVERSITY                   ,OR,97036-7036,Private      ,19,487,506,156,2072,2228
00320300,MOUNT ANGEL SEMINARY                    ,OR,97373-0505,Private      ,8,16,24,18,37,55
00320400,MOUNT HOOD COMMUNITY COLLEGE            ,OR,97030-3300,Public       ,762,1544,2306,4749,8721,13470
00320600,MULTNOMAH BIBLE COLLEGE/SEMINARY        ,OR,97220-5898,Private      ,65,160,225,607,783,1390
00320700,PACIFIC NORTHWEST COLLEGE OF ART        ,OR,97209-3023,Private      ,50,97,147,737,678,1415
00320800,NORTHWEST CHRISTIAN UNIVERSITY          ,OR,97401-3727,Private      ,26,77,103,591,669,1260
00320900,WESTERN OREGON UNIVERSITY               ,OR,97361-1394,Public       ,322,377,699,7006,3170,10176
00321000,OREGON STATE UNIVERSITY                 ,OR,97331-8507,Public       ,936,1391,2327,22387,12146,34533
00321100,OREGON INSTITUTE OF TECHNOLOGY          ,OR,97601-8801,Public       ,155,300,455,2497,2465,4962
00321200,PACIFIC UNIVERSITY                      ,OR,97116-1797,Private      ,85,190,275,3486,3071,6557
00321300,PORTLAND COMMUNITY COLLEGE              ,OR,97219-7198,Public       ,2189,6102,8291,12702,32017,44719
00321312,PORTLAND COMMUNITY COLLEGE - COLUMBIA GO,OR,97058-3447,Public       ,0,0,0,339,785,1124
00321600,PORTLAND STATE UNIVERSITY               ,OR,97207-0000,Public       ,1230,3447,4677,14306,23457,37763
00321700,REED COLLEGE                            ,OR,97202-8199,Private      ,32,73,105,2696,535,3231
00321800,CHEMEKETA COMMUNITY COLLEGE             ,OR,97309-1500,Public       ,737,2120,2857,5733,13206,18939
00321900,SOUTHERN OREGON UNIVERSITY              ,OR,97520-5010,Public       ,290,494,784,5308,3882,9190
00322000,SOUTHWESTERN OREGON COMMUNITY CLG       ,OR,97420-2956,Public       ,148,321,469,1603,1902,3505
00322100,TREASURE VALLEY COMMUNITY COLLEGE       ,OR,97914-3423,Public       ,238,654,892,1574,2758,4332
00322200,UMPQUA COMMUNITY COLLEGE                ,OR,97470-0226,Public       ,181,574,755,1397,3835,5232
00322300,UNIVERSITY OF OREGON                    ,OR,97403-1226,Public       ,1236,1671,2907,27780,13689,41469
00322400,UNIVERSITY OF PORTLAND                  ,OR,97203-5798,Private      ,172,270,442,9190,2592,11782
00322500,WARNER PACIFIC COLLEGE                  ,OR,97215-4099,Private      ,56,284,340,925,1900,2825
00322700,WILLAMETTE UNIVERSITY                   ,OR,97301-3930,Private      ,59,139,198,5070,1834,6904
00487800,CLACKAMAS COMMUNITY COLLEGE             ,OR,97045-7998,Public       ,508,1083,1591,3669,6284,9953
00488200,OREGON HEALTH & SCIENCE UNIVERSITY      ,OR,97239-0000,Public       ,33,270,303,622,3785,4407
00693800,LINN BENTON COMMUNITY COLLEGE           ,OR,97321-3774,Public       ,523,942,1465,3872,6102,9974
00717800,WESTERN SEMINARY                        ,OR,97215-0000,Private      ,0,83,83,12,407,419
00723402,HEALD COLLEGE - PORTLAND                ,OR,97205-3432,Proprietary  ,105,351,456,353,1562,1915
00732969,ITT TECHNICAL INSTITUTE                 ,OR,97220-6819,Proprietary  ,142,527,669,514,1813,2327
00781900,ART INSTITUTE OF PORTLAND (THE)         ,OR,97209-2911,Proprietary  ,197,318,515,1840,2088,3928
00888700,CONCORDE CAREER INSTITUTE               ,OR,97232-2242,Proprietary  ,76,255,331,272,996,1268
00907900,EVEREST COLLEGE                         ,OR,97204-2296,Proprietary  ,48,219,267,277,1043,1320
00958100,SPRINGFIELD COLLEGE OF BEAUTY           ,OR,97477-5474,Proprietary  ,12,30,42,77,173,250
01012200,PHAGANS' MEDFORD BEAUTY SCHOOL          ,OR,97504-5297,Proprietary  ,20,58,78,65,178,243
01018200,ROGUE COMMUNITY COLLEGE                 ,OR,97527-0000,Public       ,341,1122,1463,2753,7268,10021
01050700,ACADEMY OF HAIR DESIGN                  ,OR,97301-3526,Proprietary  ,14,34,48,47,127,174
01230900,UNIVERSITY OF WESTERN STATES            ,OR,97230-3099,Private      ,4,72,76,61,603,664
01234700,PHAGANS CENTRAL OREGON BEAUTY CLG       ,OR,97701-5175,Proprietary  ,13,80,93,77,268,345
01234800,PHAGANS BEAUTY COLLEGE                  ,OR,97333-4716,Proprietary  ,8,21,29,63,106,169
01235000,PHAGANS SCHOOL OF HAIR DESIGN           ,OR,97267-0000,Proprietary  ,18,38,56,79,171,250
01235100,PHAGANS SCHOOL OF BEAUTY                ,OR,97301-4732,Proprietary  ,13,32,45,58,158,216
01300800,PHAGANS TIGARD BEAUTY SCHOOL            ,OR,97223-0000,Proprietary  ,6,20,26,34,79,113
02101000,NORTHWEST COLLEGE OF HAIR DESIGN        ,OR,97086-7702,Proprietary  ,76,132,208,222,493,715
02101002,NORTHWEST COLLEGE                       ,OR,97007-3954,Proprietary  ,6,18,24,42,80,122
02104900,COLLEGE OF LEGAL ARTS                   ,OR,97219-9998,Proprietary  ,11,88,99,86,390,476
02106100,COLLEGE OF COSMETOLOGY                  ,OR,97601-0000,Proprietary  ,10,34,44,36,92,128
02154400,BEAU MONDE CLG OF HAIR DESIGN           ,OR,97205-0000,Proprietary  ,22,76,98,113,269,382
02159700,NEW HOPE CHRISTIAN COLLEGE              ,OR,97405-1194,Private      ,28,34,62,161,158,319
02201900,PHAGANS' SCHOOL OF HAIR DESIGN          ,OR,97232-0000,Proprietary  ,26,100,126,121,388,509
02239203,ANTHEM COLLEGE - BEAVERTON              ,OR,97005-0000,Proprietary  ,10,51,61,58,190,248
02330100,PIONEER PACIFIC COLLEGE                 ,OR,97070-0000,Proprietary  ,104,327,431,365,1372,1737
02330102,PIONEER PACIFIC COLLEGE                 ,OR,97403-0000,Proprietary  ,53,211,264,227,974,1201
02337900,COLLEGE OF HAIR DESIGN CAREERS          ,OR,97301-0000,Proprietary  ,14,39,53,73,142,215
02344100,ROSEBURG BEAUTY COLLEGE                 ,OR,97470-0000,Proprietary  ,12,17,29,43,99,142
02534000,NATIONAL COLLEGE OF NATURAL MEDICINE    ,OR,97201-0000,Private      ,6,68,74,36,807,843
02578800,NORTHWEST NANNIES INSTITUTE             ,OR,97035-0000,Proprietary  ,8,5,13,25,15,40
02603700,OREGON COL OF ORIENTAL MEDICINE         ,OR,97216-0000,Private      ,4,36,40,23,412,435
02617506,EVEREST COLLEGE - EVEREST INSTITUTE     ,OR,97223-6581,Proprietary  ,22,116,138,85,370,455
03007300,OREGON COLLEGE OF ART & CRAFT           ,OR,97225-6399,Private      ,12,42,54,194,351,545
03022600,LE CORDON BLEU COLLEGE OF CULINARY ARTS ,OR,97205-2793,Proprietary  ,199,489,688,1203,2382,3585
03042500,CARRINGTON COLLEGE                      ,OR,97232-1302,Proprietary  ,89,326,415,343,1151,1494
03074400,PHAGANS NEWPORT ACAD CSMTLGY CAREER     ,OR,97365-4963,Proprietary  ,2,17,19,13,56,69
03074500,EAST-WEST COLLEGE OF THE HEALING ARTS   ,OR,97232-2765,Proprietary  ,17,95,112,112,411,523
03185300,PHAGANS GRANTS PASS COLLEGE OF BTY      ,OR,97527-3039,Proprietary  ,11,39,50,34,98,132
03428300,KLAMATH COMMUNITY COLLEGE               ,OR,97603-7121,Public       ,128,376,504,635,1882,2517
03642300,VALLEY MEDICAL COLLEGE                  ,OR,97305-1373,Proprietary  ,22,128,150,176,657,833
03668300,BIRTHINGWAY COLLEGE OF MIDWIFERY        ,OR,97266-4042,Private      ,2,22,24,19,202,221
03783400,ABDILL CAREER COLLEGE                   ,OR,97504-7137,Proprietary  ,16,67,83,52,268,320
04146500,PORTLAND ACTORS CONSERVATORY            ,OR,97201-2557,Private      ,6,14,20,39,77,116
04151900,COLUMBIA GORGE COMMUNITY COLLEGE        ,OR,97058-3434,Public       ,69,186,255,83,219,302
04167400,SAGE SCHOOL OF MASSAGE & HEALING ARTS   ,OR,97701-4082,Proprietary  ,7,29,36,29,96,125
04171400,AVEDA INSTITUTE PORTLAND                ,OR,97209-3144,Proprietary  ,65,128,193,262,454,716
00137400,ALBERTUS MAGNUS COLLEGE                 ,CT,06511-1189,Private      ,41,238,279,940,1212,2152
00137403,ALBERTUS MAGNUS CLG-NEW DIMENSIONS      ,CT,06511-0000,Private      ,9,164,173,88,681,769
00137800,CENTRAL CONNECTICUT STATE UNIV          ,CT,06050-2490,Public       ,493,738,1231,10119,4996,15115
00137900,CONNECTICUT COLLEGE                     ,CT,06320-4196,Private      ,31,26,57,3296,203,3499
00138000,WESTERN CONNECTICUT STATE UNIV          ,CT,06810-6826,Public       ,266,271,537,6026,1786,7812
00138500,FAIRFIELD UNIVERSITY                    ,CT,06430-0000,Private      ,62,158,220,6707,1207,7914
00138700,HARTFORD SEMINARY                       ,CT,06105-0000,Private      ,1,18,19,12,88,100
00138900,HOLY APOSTLES COLLEGE & SEMINARY        ,CT,06416-2005,Private      ,3,24,27,16,70,86
00139200,MANCHESTER COMMUNITY COLLEGE            ,CT,06045-1046,Public       ,597,883,1480,3614,3723,7337
00139300,MITCHELL COLLEGE                        ,CT,06320-4498,Private      ,57,50,107,1092,292,1384
00139700,UNIVERSITY OF NEW HAVEN                 ,CT,06516-1999,Private      ,208,320,528,9932,2207,12139
00139800,NORTHWESTERN CT COMMUNITY COLLEGE       ,CT,06098-1747,Public       ,87,171,258,580,745,1325
00139900,NORWALK COMMUNITY TECHNICAL COLLEGE     ,CT,06854-1655,Public       ,566,694,1260,2220,2710,4930
00140100,POST UNIVERSITY                         ,CT,06723-3240,Proprietary  ,240,1765,2005,1806,5536,7342
00140200,QUINNIPIAC UNIVERSITY                   ,CT,06518-1908,Private      ,150,256,406,14669,2277,16946
00140201,QUINNIPIAC UNIVERSITY SCHOOL OF LAW     ,CT,06518-0000,Private      ,2,62,64,71,1084,1155
00140300,SACRED HEART UNIVERSITY                 ,CT,06825-1000,Private      ,137,566,703,8145,2233,10378
00140600,SOUTHERN CONNECTICUT STATE UNIV         ,CT,06515-1355,Public       ,419,625,1044,9372,5141,14513
00140900,SAINT JOSEPH COLLEGE                    ,CT,06117-2791,Private      ,33,426,459,1316,1760,3076
00141400,TRINITY COLLEGE                         ,CT,06106-3100,Private      ,45,32,77,3522,326,3848
00141600,UNIVERSITY OF BRIDGEPORT                ,CT,06601-5650,Private      ,165,509,674,3163,3081,6244
00141700,UNIVERSITY OF CONNECTICUT-STORRS        ,CT,06269-2151,Public       ,564,662,1226,29799,6399,36198
00141702,UNIV CONN STAMFORD                      ,CT,06901-0000,Public       ,34,92,126,623,477,1100
00141703,UNIV OF CONNECTICUT - TORINGTON         ,CT,06790-0000,Public       ,7,15,22,162,82,244
00141706,UNIV OF CONNECTICUT SCH LAW             ,CT,06105-0000,Public       ,0,36,36,26,1232,1258
00141707,UNIV OF CT - SCH OF SOCIAL WORK         ,CT,06117-0000,Public       ,4,23,27,104,659,763
00141708,UNIVERSITY OF CONNECTICUT - SCHOOL OF ME,CT,06030-1920,Public       ,12,47,59,320,703,1023
00141709,UNIVERSITY OF CONNECTICUT - SCHOOL OF DE,CT,06030-1920,Public       ,22,44,66,562,587,1149
00142200,UNIVERSITY OF HARTFORD                  ,CT,06117-1599,Private      ,226,259,485,9532,2212,11744
00142400,WESLEYAN UNIVERSITY                     ,CT,06459-3208,Private      ,55,33,88,5534,330,5864
00142500,EASTERN CONNECTICUT STATE UNIV          ,CT,06226-2295,Public       ,246,231,477,5505,1372,6877
00142600,YALE UNIVERSITY                         ,CT,06520-8288,Private      ,249,279,528,16919,8608,25527
00280301,RENSSELAER POLYTECHNIC INSTITUTE-RENSSEL,CT,06120-2991,Private      ,2,19,21,8,52,60
00451300,HOUSATONIC COMMUNITY COLLEGE            ,CT,06604-4704,Public       ,541,885,1426,2789,4143,6932
00618100,BRIDGEPORT HOSP SCHL OF NURSING         ,CT,06610-2896,Private      ,15,79,94,138,477,615
00619100,ST. VINCENT'S COLLEGE                   ,CT,06606-9966,Private      ,32,120,152,312,787,1099
00698200,NAUGATUCK VALLEY COMM-TECH COLG         ,CT,06708-3089,Public       ,604,874,1478,2972,3636,6608
00730000,ELI WHITNEY TECHNICAL HIGH SCHOOL       ,CT,06514-0000,Public       ,2,10,12,12,84,96
00730300,LINCOLN TECHNICAL INSTITUTE             ,CT,06051-0000,Proprietary  ,185,504,689,636,1616,2252
00730500,PORTER AND CHESTER INSTITUTE OF BRANFORD,CT,06405-4022,Proprietary  ,60,107,167,216,494,710
00731100,WINDHAM TECHNICAL HIGH SCHOOL           ,CT,06226-2100,Public       ,2,11,13,6,20,26
00745900,PAIER COLLEGE OF ART                    ,CT,06514-3902,Proprietary  ,32,25,57,146,85,231
00763500,CAPITAL COMMUNITY COLLEGE               ,CT,06103-1207,Public       ,410,1035,1445,1713,4227,5940
00803700,GATEWAY COMMUNITY-TECHNICAL COLLEGE     ,CT,06511-0000,Public       ,663,1176,1839,2934,4702,7636
00803800,MIDDLESEX COMMUNITY CLG                 ,CT,06457-4889,Public       ,235,367,602,1118,1442,2560
00887300,PAUL MITCHELL THE SCHOOL                ,CT,06810-6716,Proprietary  ,22,33,55,84,108,192
00887400,BRIO ACADEMY OF COSMETOLOGY             ,CT,06450-4836,Proprietary  ,82,193,275,179,333,512
00906500,THE HARTFORD CONSERVATORY               ,CT,06105-2891,Private      ,0,1,1,30,9,39
00927700,E C GOODWIN TECHNICAL HIGH SCHOOL       ,CT,06053-0000,Public       ,9,25,34,32,50,82
00940700,LINCOLN COLLEGE OF NEW ENGLAND          ,CT,06489-1057,Proprietary  ,168,444,612,864,1296,2160
00940701,CLEMENS COLLEGE                         ,CT,06078-0000,Proprietary  ,0,1,1,21,13,34
00976400,TUNXIS COMMUNITY COLLEGE                ,CT,06032-3187,Public       ,328,561,889,1821,2255,4076
00976500,THREE RIVERS COMMUNITY TECH COLLEGE     ,CT,06360-0000,Public       ,277,653,930,1780,2836,4616
00982200,ALBERT I PRINCE TECHNICAL HIGH SCHOOL   ,CT,06106-3799,Public       ,5,27,32,11,80,91
01041700,BRIO ACADEMY OF EAST HARTFORD           ,CT,06108-2220,Proprietary  ,29,72,101,56,128,184
01053000,QUINEBAUG VALLEY COMMUNITY COLLEGE      ,CT,06239-1440,Public       ,212,368,580,801,1314,2115
01077900,PORTER AND CHESTER INSTITUTE-ALLCAMPUSES,CT,06615-7158,Proprietary  ,352,749,1101,1302,3201,4503
01115000,ASNUNTUCK COMMUNITY COLLEGE             ,CT,06082-3800,Public       ,144,258,402,548,788,1336
01149600,BULLARD HAVENS VOC TECH SCHOOL          ,CT,06610-3499,Public       ,6,20,26,13,76,89
01169700,VINAL REGIONAL VOC TECH SCHOOL          ,CT,06457-4918,Public       ,0,7,7,6,46,52
01184300,NORWICH TECHNICAL HIGH SCHOOL           ,CT,06360-7097,Public       ,0,7,7,10,40,50
01242500,STONE ACADEMY                           ,CT,06514-4125,Proprietary  ,78,393,471,181,874,1055
01242503,STONE ACADEMY -WATERBURY                ,CT,06705-3823,Proprietary  ,5,31,36,21,105,126
01242504,STONE ACADEMY -  EAST HARTFORD          ,CT,06118-0000,Proprietary  ,7,50,57,20,148,168
01287700,SANFORD-BROWN COLLEGE                   ,CT,06855-1436,Proprietary  ,30,107,137,109,392,501
01291300,LEON INSTITUTE OF HAIR DESIGN           ,CT,06604-4226,Proprietary  ,3,16,19,11,40,51
01326400,HENRY ABBOTT TECHNICAL HIGH SCHOOL      ,CT,06811-4881,Public       ,1,0,1,5,8,13
02074000,BRANFORD HALL CAREER INSTITUTE          ,CT,06405-0000,Proprietary  ,400,1405,1805,687,2658,3345
02106600,AMERICAN INSTITUTE                      ,CT,06110-1922,Proprietary  ,16,109,125,55,367,422
02112300,RIDLEY LOWELL BUSINESS & TECH INST      ,CT,06320-0000,Proprietary  ,41,166,207,113,581,694
02112700,NORTH HAVEN ACADEMY                     ,CT,06473-3108,Proprietary  ,59,59,118,132,128,260
02115100,BUTLER BUSINESS SCHOOL                  ,CT,06604-0000,Proprietary  ,15,81,96,62,339,401
02148700,CONNECTICUT INST OF HAIR DESIGN         ,CT,06716-0000,Proprietary  ,15,19,34,26,50,76
02202500,NEW ENGLAND TRACTOR TRAILER SCH         ,CT,06071-2036,Proprietary  ,40,406,446,76,828,904
02228800,LINCOLN TECHNICAL INSTITUTE - EAST WINDS,CT,06088-9631,Proprietary  ,184,178,362,956,633,1589
02244900,GOODWIN COLLEGE                         ,CT,06118-9980,Private      ,237,1125,1362,988,4124,5112
02245300,HOWELL CHENEY TECHNICAL HIGH SCHOOL     ,CT,06040-0000,Public       ,1,2,3,8,14,22
02265900,WINDHAM COMMUNITY MEM HOSP-RAD TECH     ,CT,06226-0000,Private      ,0,6,6,14,32,46
02296100,YALE-NEW HAVEN HOSP DIETETIC INTERN     ,CT,06510-8900,Private      ,5,3,8,18,33,51
02300000,W F KAYNOR TECHNICAL HIGH SCHOOL        ,CT,06708-0000,Public       ,1,11,12,9,52,61
02316600,CONNECTICUT CTR FOR MASSAGE THERAPY     ,CT,06111-3975,Proprietary  ,33,87,120,55,285,340
02316601,CONNECTICUT CENTER FOR MASSAGE THERAPY -,CT,06880-4619,Proprietary  ,12,43,55,35,165,200
02316603,CONNECTICUT CENTER FOR MASSAGE THERAPY -,CT,06340-4619,Proprietary  ,7,35,42,32,134,166
02565000,PLATT TECHNICAL HIGH SCHOOL             ,CT,06460-2105,Public       ,1,7,8,7,24,31
03079400,LYME ACADEMY COLLEGE OF FINE ARTS       ,CT,06371-2333,Private      ,3,3,6,76,26,102
03094800,INDUSTRIAL MANAGEMENT & TRAINING        ,CT,06706-1211,Proprietary  ,12,49,61,28,144,172
03234300,CHARTER OAK STATE COLLEGE               ,CT,06053-2150,Public       ,20,293,313,96,1437,1533
03316300,LINCOLN TECHNICAL INSTITUTE - HARTFORD  ,CT,06105-3630,Proprietary  ,84,152,236,606,647,1253
03381300,CONNECTICUT TRAINING CENTER             ,CT,06108-2705,Private      ,1,2,3,6,31,37
03927300,ALBERT SCHOOL (THE)                     ,CT,06357-2447,Proprietary  ,52,117,169,97,166,263
04104300,ACADEMY DI CAPELLI - SCHOOL OF COSMETOLO,CT,06492-0000,Proprietary  ,9,13,22,22,33,55
04128800,BRANFORD ACADEMY OF HAIR & COSMETOLOGY  ,CT,06405-0000,Proprietary  ,10,10,20,25,53,78
04145400,OXFORD ACADEMY OF HAIR DESIGN           ,CT,06483-2911,Proprietary  ,20,28,48,43,45,88
04148400,EUROPEAN ACADEMY OF COSMETOLOGY AND HAIR,CT,06437-0000,Proprietary  ,6,10,16,16,22,38
04152400,INTERNATIONAL INSTITUTE OF COSMETOLOGY  ,CT,06109-0000,Proprietary  ,39,31,70,78,81,159
04162900,TONSORIAL ACADEMY OF COSMETOLOGY AND BAR,CT,06516-0000,Proprietary  ,2,11,13,2,16,18
00146600,BARRY UNIVERSITY                        ,FL,33161-6695,Private      ,394,1529,1923,5697,8505,14202
00146601,BARRY UNIVERSITY - ORLANDO              ,FL,32807-3673,Private      ,34,287,321,266,1799,2065
00146700,BETHUNE COOKMAN UNIVERSITY              ,FL,32114-3099,Private      ,498,272,770,7135,1973,9108
00146800,ST THOMAS UNIVERSITY                    ,FL,33054-0000,Private      ,209,672,881,1451,2743,4194
00146900,FLORIDA INSTITUTE OF TECHNOLOGY         ,FL,32901-6988,Private      ,295,1567,1862,3980,7946,11926
00147000,BREVARD COMMUNITY COLLEGE               ,FL,32922-6503,Public       ,1914,2650,4564,6148,9791,15939
00147100,CENTRAL FLORIDA COMMUNITY COLLEGE       ,FL,34478-1388,Public       ,1047,1914,2961,4761,8273,13034
00147200,CHIPOLA  COLLEGE                        ,FL,32446-2053,Public       ,292,438,730,1167,1504,2671
00147300,CLEARWATER CHRISTIAN COLLEGE            ,FL,33759-0000,Private      ,72,49,121,786,224,1010
00147500,DAYTONA STATE COLLEGE                   ,FL,32114-2800,Public       ,1925,3539,5464,8006,14464,22470
00147700,EDISON STATE COLLEGE                    ,FL,33906-6210,Public       ,1679,2417,4096,8163,11301,19464
00147800,EDWARD WATERS COLLEGE                   ,FL,32209-6199,Private      ,204,236,440,1246,915,2161
00147900,EMBRY-RIDDLE AERONAUTICAL UNIV          ,FL,32114-3900,Private      ,588,1696,2284,7241,6691,13932
00148000,FLORIDA A & M UNIVERSITY                ,FL,32307-3100,Public       ,1526,1436,2962,18566,9030,27596
00148100,FLORIDA ATLANTIC UNIVERSITY             ,FL,33431-6498,Public       ,3265,3077,6342,24458,16219,40677
00148101,FLORIDA ATLANTIC UNIVERSITY/DAVIE       ,FL,33314-0000,Public       ,227,567,794,1552,3129,4681
00148103,FLORIDA ATLANTIC UNIV-JUPITER/PSL       ,FL,33458-0000,Public       ,79,164,243,692,674,1366
00148200,FLORIDA COLLEGE                         ,FL,33617-5578,Private      ,84,33,117,498,110,608
00148400,FLORIDA STATE COLLEGE AT JACKSONVILLE   ,FL,32202-4030,Public       ,3545,7111,10656,13390,27602,40992
00148500,FLORIDA KEYS COMMUNITY COLLEGE          ,FL,33040-4397,Public       ,128,264,392,511,859,1370
00148600,FLORIDA MEMORIAL UNIVERSITY             ,FL,33054-6199,Private      ,298,302,600,2695,1490,4185
00148700,ECKERD COLLEGE                          ,FL,33711-4744,Private      ,162,240,402,3112,1006,4118
00148800,FLORIDA SOUTHERN COLLEGE                ,FL,33801-5698,Private      ,347,242,589,3578,1042,4620
00148900,FLORIDA STATE UNIVERSITY                ,FL,32306-2430,Public       ,7799,2905,10704,47012,18687,65699
00149000,GULF COAST COMMUNITY COLLEGE            ,FL,32401-1058,Public       ,721,1405,2126,2601,4944,7545
00149300,INDIAN RIVER STATE COLLEGE              ,FL,34981-5596,Public       ,2015,3329,5344,6600,10921,17521
00149500,JACKSONVILLE UNIVERSITY                 ,FL,32211-3394,Private      ,364,865,1229,4432,3843,8275
00149700,JONES COLLEGE                           ,FL,32211-5588,Private      ,20,245,265,123,1033,1156
00149900,EVEREST UNIVERSITY                      ,FL,32810-5601,Proprietary  ,108,619,727,421,2661,3082
00149901,EVEREST UNIVERSITY - ORLANDO SOUTH      ,FL,32819-7666,Proprietary  ,950,8741,9691,2415,28916,31331
00149902,EVEREST UNIVERSITY - MELBOURNE          ,FL,32905-6609,Proprietary  ,40,291,331,114,1041,1155
00150000,BROWARD COLLEGE- DOWNTOWN CTR           ,FL,33301-2298,Public       ,1841,3270,5111,6652,12178,18830
00150001,BROWARD COLLEGE - DAVIE CAMPUS          ,FL,33314-0000,Public       ,2102,2350,4452,8896,9739,18635
00150002,BROWARD COLLEGE- NORTH CAMPUS           ,FL,33066-0000,Public       ,1250,2012,3262,5797,8431,14228
00150003,BROWARD COLLEGE- SOUTH CAMPUS           ,FL,33024-0000,Public       ,1374,2012,3386,6128,7956,14084
00150100,LAKE CITY COMMUNITY COLLEGE             ,FL,32025-2007,Public       ,355,744,1099,1243,2836,4079
00150200,LAKE SUMTER COMMUNITY COLLEGE           ,FL,34788-8751,Public       ,491,686,1177,2433,3163,5596
00150400,MANATEE COMMUNITY COLLEGE               ,FL,34207-3596,Public       ,1246,1801,3047,5111,7746,12857
00150500,LYNN UNIVERSITY                         ,FL,33431-5598,Private      ,187,197,384,1973,865,2838
00150600,MIAMI DADE COLLEGE ADMINISTRATION ONLY  ,FL,33176-3393,Public       ,233,417,650,1155,1476,2631
00150601,MIAMI DADE COLLEGE - NORTH CAMPUS       ,FL,33167-3495,Public       ,2643,4004,6647,11710,15626,27336
00150602,MIAMI DADE COLLEGE - KENDALL CAMPUS     ,FL,33176-3393,Public       ,4307,4117,8424,17159,15274,32433
00150603,MIAMI DADE COLLEGE - WOLFSON CAMPUS     ,FL,33132-2297,Public       ,2088,2644,4732,8879,9964,18843
00150604,MIAMI DADE COLLEGE - MEDICAL CAMPUS     ,FL,33127-4693,Public       ,498,1411,1909,2465,5856,8321
00150605,MIAMI DADE COLLEGE - HOMESTEAD CAMPUS   ,FL,33030-6009,Public       ,559,782,1341,2124,2798,4922
00150606,MIAMI DADE COLLEGE -INTERAMERICAN CAMPUS,FL,33135-0000,Public       ,897,1726,2623,3552,6717,10269
00150607,MIAMI DADE COLLEGE - HIALEAH CAMPUS     ,FL,33012-2918,Public       ,599,799,1398,2727,3449,6176
00150800,NORTH FLORIDA COMMUNITY COLLEGE         ,FL,32340-1699,Public       ,228,289,517,600,934,1534
00150900,NOVA SOUTHEASTERN UNIVERSITY            ,FL,33314-7796,Private      ,563,4918,5481,6237,31906,38143
00151000,NORTHWEST FLORIDA STATE COLLEGE         ,FL,32578-1295,Public       ,686,1377,2063,2317,4927,7244
00151200,PALM BEACH COMMUNITY COLLEGE            ,FL,33461-4796,Public       ,3840,4909,8749,13813,16328,30141
00151300,PENSACOLA STATE COLLEGE                 ,FL,32504-8998,Public       ,1315,2363,3678,4694,9158,13852
00151400,POLK STATE COLLEGE                      ,FL,33881-4256,Public       ,1043,1648,2691,5034,7605,12639
00151500,ROLLINS COLLEGE                         ,FL,32789-4499,Private      ,238,318,556,2968,1467,4435
00151900,SANTA FE COLLEGE                        ,FL,32606-6200,Public       ,1862,2043,3905,9443,9364,18807
00152000,SEMINOLE STATE COLLEGE OF FLORIDA       ,FL,32773-6199,Public       ,2572,4077,6649,9195,14896,24091
00152100,SOUTHEASTERN UNIVERSITY                 ,FL,33801-6099,Private      ,342,353,695,2682,1255,3937
00152200,SOUTH FLORIDA COMMUNITY COLLEGE         ,FL,33825-9399,Public       ,349,567,916,1535,2019,3554
00152300,SAINT JOHNS RIVER STATE COLLEGE         ,FL,32177-3897,Public       ,859,1232,2091,2744,4436,7180
00152600,SAINT LEO UNIVERSITY                    ,FL,33574-6665,Private      ,416,2940,3356,3301,13555,16856
00152800,ST. PETERSBURG COLLEGE                  ,FL,33760-3768,Public       ,2974,5432,8406,10387,22802,33189
00153100,STETSON UNIVERSITY                      ,FL,32723-3761,Private      ,298,235,533,3491,1059,4550
00153101,STETSON UNIVERSITY - COLLEGE OF LAW     ,FL,33707-3299,Private      ,13,239,252,73,1877,1950
00153300,TALLAHASSEE COMMUNITY COLLEGE           ,FL,32304-2895,Public       ,2268,2380,4648,10887,10163,21050
00153400,EVEREST UNIVERSITY                      ,FL,33614-5801,Proprietary  ,219,1039,1258,603,4015,4618
00153408,EVEREST UNIVERSITY - TAMPA BRANDON CAMPU,FL,33619-1354,Proprietary  ,351,3472,3823,1067,16030,17097
00153409,EVEREST UNIVERSITY - ORANGE PARK        ,FL,32073-1111,Proprietary  ,44,275,319,155,1114,1269
00153500,UNIVERSITY OF FLORIDA                   ,FL,32611-3150,Public       ,8682,2947,11629,45326,20109,65435
00153600,UNIVERSITY OF MIAMI                     ,FL,33146-6531,Private      ,1150,904,2054,20425,7236,27661
00153601,UNIV OF MIAMI SCHOOL OF LAW             ,FL,33124-0000,Private      ,8,149,157,108,2133,2241
00153602,UNIV OF MIAMI-SCH OF MEDICINE           ,FL,33136-0000,Private      ,68,110,178,808,1398,2206
00153700,UNIVERSITY OF SOUTH FLORIDA             ,FL,33620-6960,Public       ,5511,4573,10084,39183,25475,64658
00153701,UNIV OF SOUTH FLORIDA-ST PETERSBURG     ,FL,33701-0000,Public       ,219,254,473,1257,1187,2444
00153702,UNIV OF SOUTH FLORIDA-SARASOTA          ,FL,34243-2025,Public       ,71,211,282,484,1008,1492
00153705,UNIV OF SOUTH FLORIDA                   ,FL,33803-0000,Public       ,135,226,361,1341,1122,2463
00153706,UNIV OF SOUTH FLORIDA- MEDICINE         ,FL,33612-0000,Public       ,94,120,214,1165,1360,2525
00153800,UNIVERSITY OF TAMPA                     ,FL,33606-1490,Private      ,603,517,1120,10558,3127,13685
00154000,WEBBER INTERNATIONAL UNIVERSITY         ,FL,33827-0096,Private      ,87,61,148,866,282,1148
00173308,NATIONAL-LOUIS UNIVERSITY               ,FL,33609-0000,Private      ,0,11,11,5,52,57
00177201,TRINITY INTERNATIONAL UNIVERSITY - SOUTH,FL,33324-4611,Private      ,17,143,160,48,466,514
00395400,UNIV OF CENTRAL FLORIDA                 ,FL,32816-0001,Public       ,8684,4924,13608,59127,28423,87550
00395500,UNIVERSITY OF WEST FLORIDA              ,FL,32514-5750,Public       ,1225,1417,2642,8294,6660,14954
00407215,NORTHWOOD UNIVERSITY                    ,FL,33409-0000,Private      ,54,85,139,534,357,891
00491004,KAPLAN CAREER INSTITUTE - KAPLAN COLLEGE,FL,33026-3978,Proprietary  ,32,378,410,96,1345,1441
00491005,KAPLAN COLLEGE JACKSONVILLE             ,FL,32216-3216,Proprietary  ,35,459,494,124,1707,1831
00558500,LIVELY TECHNICAL CENTER                 ,FL,32304-0000,Public       ,203,722,925,542,2013,2555
00558600,LINDSEY HOPKINS TECHNICAL ED CENTER     ,FL,33127-4692,Public       ,88,336,424,211,863,1074
00559400,D G ERWIN TECHNICAL CENTER              ,FL,33610-8255,Public       ,137,519,656,504,2057,2561
00560500,PINELLAS TECH ED CTR-CLEARWATER         ,FL,33760-2194,Public       ,95,409,504,316,1420,1736
00560700,SARASOTA COUNTY TECHNICAL INSTITUTE     ,FL,34233-0000,Public       ,72,239,311,306,921,1227
00560800,TRAVISS TECHNICAL CENTER                ,FL,33803-0000,Public       ,100,403,503,338,1332,1670
00561200,MANATEE TECHNICAL INSTITUTE             ,FL,34210-0000,Public       ,141,486,627,428,1493,1921
00561201,MANATEE TECHNICAL INSTITUTE-EAST        ,FL,34211-0000,Public       ,57,216,273,212,787,999
00675000,VALENCIA COMMUNITY COLLEGE              ,FL,32802-3028,Public       ,6219,6973,13192,27711,28861,56572
00732910,ITT TECHNICAL INSTITUTE                 ,FL,33634-7515,Proprietary  ,304,1042,1346,886,3226,4112
00732947,ITT TECHNICAL INSTITUTE                 ,FL,32746-1607,Proprietary  ,287,993,1280,696,2404,3100
00752500,SUWANNEE-HAMILTON AREA VOC TECH CTR     ,FL,32060-0000,Public       ,16,101,117,67,335,402
00752600,WASHINGTON HOLMES TECHNICAL CENTER      ,FL,32428-1699,Public       ,49,156,205,164,508,672
00755800,LEE COUNTY HIGH TECH CENTER CENTRAL     ,FL,33916-2299,Public       ,103,342,445,377,1107,1484
00758600,REMINGTON COLLEGE - TAMPA CAMPUS        ,FL,33612-8410,Proprietary  ,55,199,254,168,725,893
00787000,HILLSBOROUGH COMMUNITY COLLEGE          ,FL,33606-3572,Public       ,3244,4741,7985,14854,21494,36348
00789300,FLAGLER COLLEGE                         ,FL,32085-1027,Private      ,400,268,668,4072,854,4926
00789301,FLAGLER COLLEGE - TALLAHASSEE COMMUNITY ,FL,32304-2895,Private      ,56,138,194,353,737,1090
00807500,ST JOHN VIANNEY COLLEGE SEMINARY        ,FL,33165-3244,Private      ,10,6,16,30,13,43
00814600,EVEREST UNIVERSITY - POMPANO BEACH      ,FL,33062-2522,Proprietary  ,109,865,974,356,5071,5427
00822300,ST VINCENT DE PAUL REGIONL SEMINARY     ,FL,33436-0000,Private      ,1,2,3,3,8,11
00841700,STENOTYPE INST OF JACKSONVILLE          ,FL,32207-0000,Proprietary  ,11,170,181,23,278,301
00869410,RASMUSSEN COLLEGE - OCALA               ,FL,34471-7051,Proprietary  ,157,1140,1297,710,5520,6230
00869411,RASMUSSEN COLLEGE - NEW PORT RICHEY     ,FL,34690-4554,Proprietary  ,47,254,301,267,1319,1586
00869413,RASMUSSEN COLLEGE - FORT MYERS          ,FL,33905-7805,Proprietary  ,64,286,350,279,1186,1465
00869420,RASMUSSEN COLLEGE - TAMPA               ,FL,33610-9558,Proprietary  ,18,115,133,75,428,503
00869422,RASMUSSEN COLLEGE - PASCO               ,FL,33558-0000,Proprietary  ,10,55,65,10,55,65
00884800,WARNER UNIVERSITY                       ,FL,33859-8725,Private      ,108,203,311,676,756,1432
00884900,PALM BEACH ATLANTIC UNIVERSITY          ,FL,33401-6505,Private      ,380,633,1013,3136,2595,5731
00887800,MIAMI INTERNATIONAL UNIV ART&DESIGN     ,FL,33132-1418,Proprietary  ,573,687,1260,3249,3013,6262
00910400,RIVERSIDE HAIRSTYLING ACADEMY           ,FL,32207-3810,Proprietary  ,5,25,30,32,81,113
00963500,FLORIDA INTERNATIONAL UNIVERSITY        ,FL,33199-0001,Public       ,4779,5158,9937,33960,29492,63452
00984100,UNIVERSITY OF NORTH FLORIDA             ,FL,32224-2645,Public       ,2521,1836,4357,15302,9463,24765
00990200,SHERIDAN TECHNICAL CENTER               ,FL,33021-3399,Public       ,180,739,919,485,2072,2557
01016100,"LORAINE'S ACADEMY, INC                  ",FL,33710-0000,Proprietary  ,25,79,104,41,163,204
01019500,ART INSTITUTE OF FT LAUDERDALE          ,FL,33316-3000,Proprietary  ,320,448,768,2108,2391,4499
01065200,PASCO-HERNANDO COMMUNITY CLG            ,FL,34654-5199,Public       ,1420,2153,3573,4970,7717,12687
01072401,CARLOS ALBIZU UNIVERSITY                ,FL,33172-0000,Private      ,29,293,322,119,1203,1322
01082600,TOM P. HANEY TECHNICAL CENTER           ,FL,32405-5099,Public       ,91,378,469,224,1060,1284
01112700,GOODING INST OF NUR ANES BAY MED CT     ,FL,32401-0000,Public       ,4,23,27,20,103,123
01226300,ATLANTIC TECHNICAL CENTER               ,FL,33063-3902,Public       ,156,569,725,479,1636,2115
01254400,FIRST COAST TECHNICAL COLLEGE           ,FL,32084-1921,Public       ,93,285,378,289,853,1142
01257400,RINGLING SCHOOL OF ART AND DESIGN       ,FL,34234-5895,Private      ,150,63,213,2109,470,2579
01303904,SOUTH UNIVERSITY - WEST PALM BEACH CAMPU,FL,33409-5149,Proprietary  ,116,488,604,433,1743,2176
01323400,LORENZO WALKER INST OF TECHNOLOGY       ,FL,34104-4405,Public       ,66,177,243,217,647,864
02089600,CONCORDE CAREER INSTITUTE               ,FL,32211-0000,Proprietary  ,55,292,347,193,1088,1281
02106602,AMERICAN INSTITUTE - AMERICAN INSTITUTE ,FL,34747-5161,Proprietary  ,5,78,83,7,114,121
02113609,AMERICAN INTERCONTINENTAL UNIV - WESTON ,FL,33326-3233,Proprietary  ,63,238,301,313,1032,1345
02115300,PINELLAS TECHNICAL EDUCATION CENTERS - S,FL,33711-0000,Public       ,121,411,532,333,1440,1773
02116006,SANFORD-BROWN INSTITUTE - FT. LAUDERDALE,FL,33309-1906,Proprietary  ,56,210,266,204,789,993
02121800,EVEREST INSTITUTE                       ,FL,33169-4759,Proprietary  ,68,300,368,265,1106,1371
02121801,EVEREST INSTITUTE  - HIALEAH            ,FL,33012-7193,Proprietary  ,19,65,84,99,237,336
02148200,FASHION FOCUS HAIR ACADEMY              ,FL,34231-0000,Proprietary  ,8,24,32,30,79,109
02148300,MANHATTAN BEAUTY SCHOOL                 ,FL,33611-0000,Proprietary  ,49,218,267,111,485,596
02149900,PAUL MITCHELL THE SCHOOL-JACKSONVILLE   ,FL,32205-0000,Proprietary  ,77,148,225,248,488,736
02151900,KEISER  UNIVERSITY                      ,FL,33309-0000,Private      ,1391,5541,6932,3898,17014,20912
02156300,MARGATE SCHOOL OF BEAUTY                ,FL,33063-0000,Proprietary  ,21,63,84,90,337,427
02156700,FLORIDA CHRISTIAN COLLEGE               ,FL,34744-0000,Private      ,70,58,128,396,278,674
02159600,BAPTIST COLLEGE OF FLORIDA (THE)        ,FL,32440-0000,Private      ,81,100,181,339,327,666
02172700,CONCORDE CAREER INSTITUTE               ,FL,33607-0000,Proprietary  ,58,199,257,168,688,856
02179909,ARGOSY UNIVERSITY - TAMPA               ,FL,33607-5325,Proprietary  ,0,1,1,0,1,1
02188900,HOBE SOUND BIBLE COLLEGE                ,FL,33475-0000,Private      ,33,32,65,77,91,168
02200100,BRADENTON BEAUTY & BARBER ACADEMY       ,FL,34209-0000,Proprietary  ,20,87,107,39,198,237
02215900,ATI CAREER TRAINING CENTER              ,FL,33309-1785,Proprietary  ,44,189,233,215,840,1055
02218700,FLORIDA TECHNICAL COLLEGE               ,FL,32826-2707,Proprietary  ,213,920,1133,619,2665,3284
02218707,FLORIDA TECHNICAL COLLEGE - LAKELAND    ,FL,33813-2101,Proprietary  ,7,93,100,54,322,376
02218709,FLORIDA TECHNICAL COLLEGE - DELAND      ,FL,32720-7415,Proprietary  ,57,283,340,120,731,851
02228300,LAKE TECHNICAL CENTER                   ,FL,32726-0000,Public       ,90,312,402,291,996,1287
02245500,FORTIS COLLEGE                          ,FL,32789-4679,Proprietary  ,47,243,290,129,712,841
02257900,INTERNATIONAL ACADEMY                   ,FL,32119-3541,Proprietary  ,44,113,157,71,194,265
02275100,CONCORDE CAREER INSTITUTE               ,FL,33025-0000,Proprietary  ,46,158,204,121,525,646
02278800,SOUTHWEST FLORIDA COLLEGE               ,FL,33907-0000,Proprietary  ,106,525,631,388,1768,2156
02278801,SOUTHWEST FLORIDA COLLEGE - TAMPA       ,FL,33619-1344,Proprietary  ,40,158,198,270,662,932
02278802,SOUTHWEST FLORIDA COLLEGE - INSTITUTUE O,FL,33928-9469,Proprietary  ,9,55,64,22,76,98
02278803,SOUTHWEST FLORIDA COLLEGE - PORT CHARLOT,FL,33953-3100,Proprietary  ,18,193,211,98,590,688
02279600,CORTIVA INSTITUTE - FLORIDA             ,FL,33781-0000,Proprietary  ,13,57,70,49,195,244
02280800,NEW ENGLAND INST TECH-PALM BEACH        ,FL,33407-0000,Proprietary  ,175,469,644,503,1946,2449
02283800,BEAUTY SCHOOLS OF AMERICA               ,FL,33012-3322,Proprietary  ,307,1236,1543,461,2089,2550
02286502,ITT TECHNICAL INSTITUTE                 ,FL,32244-6630,Proprietary  ,0,1,1,0,3,3
02287100,LA BELLE BEAUTY SCHOOL                  ,FL,33012-3224,Proprietary  ,9,90,99,16,132,148
02293200,ATI CAREER TRAINING CENTER              ,FL,33309-5916,Proprietary  ,265,668,933,654,2315,2969
02293201,ATI CAREER TRAINING CENTER - MIAMI      ,FL,33122-1707,Proprietary  ,14,75,89,62,269,331
02293202,ATI CAREER TAINING CENTER - ATI COLLEGE ,FL,87109-2016,Proprietary  ,69,257,326,213,1074,1287
02293600,ADVANCED TECHNICAL CENTERS              ,FL,33266-1597,Private      ,2,22,24,25,81,106
02297000,CHARLOTTE TECHNICAL CENTER              ,FL,33948-0000,Public       ,59,199,258,210,607,817
02300900,WITHLACOOCHEE TECHNICAL INSTITUTE       ,FL,34450-0000,Public       ,48,209,257,194,698,892
02305700,FORTIS COLLEGE                          ,FL,33619-1283,Proprietary  ,14,161,175,65,618,683
02305800,FLORIDA CAREER COLLEGE                  ,FL,33012-7028,Proprietary  ,491,1547,2038,1460,4984,6444
02307400,GEORGE STONE AREA VOCATIONAL TECHNICAL  ,FL,32526-0000,Public       ,90,362,452,215,968,1183
02314100,SCHILLER INTERNATIONAL UNIVERSITY       ,FL,33770-0000,Proprietary  ,12,40,52,63,190,253
02316200,MIAMI LAKES TECHNICAL EDUCATION CTR     ,FL,33014-0000,Public       ,113,357,470,319,960,1279
02321200,ORANGE TECH EDUC CTR- WESTSIDE TECH     ,FL,34787-0000,Public       ,111,338,449,258,820,1078
02325100,KEY COLLEGE                             ,FL,33004-3046,Proprietary  ,4,23,27,21,78,99
02326303,MEDVANCE INSTITUTE - WEST PALM          ,FL,33461-2171,Proprietary  ,85,235,320,196,760,956
02326306,MEDVANCE INSTITUTE - MIAMI              ,FL,33173-3431,Proprietary  ,27,101,128,62,252,314
02326800,MERIDIAN COLLEGE                        ,FL,34240-8478,Proprietary  ,20,87,107,59,291,350
02326801,MERIDIAN CAREER INSTITUTE -             ,FL,33619-1378,Proprietary  ,5,26,31,18,119,137
02326900,SUNSTATE ACADEMY OF HAIR DESIGN         ,FL,33907-1415,Proprietary  ,57,127,184,125,300,425
02329900,FLORIDA INSTITUTE OF ULTRASOUND         ,FL,32514-0000,Proprietary  ,9,65,74,71,259,330
02338400,FT PIERCE BEAUTY ACADEMY                ,FL,34982-0000,Proprietary  ,28,136,164,65,259,324
02346200,WYOTECH                                 ,FL,32174-1010,Proprietary  ,150,315,465,527,913,1440
02362100,FULL SAIL UNIVERSITY                    ,FL,32792-0000,Proprietary  ,2492,6339,8831,12168,21336,33504
02499000,ACADEMY OF COSMETOLOGY                  ,FL,32953-3311,Proprietary  ,17,89,106,38,194,232
02501500,"O*TEC, MID-FLORIDA TECH                 ",FL,32809-0000,Public       ,134,445,579,417,1300,1717
02504600,WINTER PARK TECH                        ,FL,32789-0000,Public       ,33,218,251,124,674,798
02508900,TALMUDIC COLLEGE OF FLORIDA             ,FL,33139-0000,Private      ,12,5,17,33,13,46
02511700,RIDGE TECHNICAL CENTER                  ,FL,33881-0000,Public       ,84,329,413,272,1055,1327
02513200,ORLANDO TECHNICAL CENTER                ,FL,32801-0000,Public       ,98,422,520,367,1351,1718
02515400,CITY COLLEGE                            ,FL,33309-3073,Private      ,95,528,623,377,2101,2478
02517100,SARASOTA SCHOOL OF MASSAGE THERAPY      ,FL,34243-6130,Proprietary  ,9,57,66,32,153,185
02524000,SUNSTATE ACADEMY OF HAIR DESIGN         ,FL,34624-0000,Proprietary  ,40,90,130,71,173,244
02524200,ROBERT MORGAN EDUCATIONAL CENTER        ,FL,33177-0000,Public       ,162,394,556,404,1016,1420
02547600,FLORIDA NATIONAL COLLEGE                ,FL,33012-0000,Proprietary  ,225,819,1044,726,2598,3324
02554200,RADFORD LOCKLIN TECH CENTER             ,FL,32570-0000,Public       ,22,91,113,58,231,289
02573200,LA BELLE BEAUTY ACADEMY                 ,FL,33135-0000,Proprietary  ,23,94,117,66,265,331
02586200,FLORIDA CAREER COLLEGE                  ,FL,33759-3924,Proprietary  ,33,131,164,107,487,594
02597100,HERITAGE INSTITUTE                      ,FL,33912-7132,Proprietary  ,101,387,488,267,990,1257
02598200,SOUTHERN CAREER COLLEGE                 ,FL,32211-0000,Proprietary  ,11,96,107,39,301,340
02599800,EVEREST UNIVERSITY                      ,FL,33770-2556,Proprietary  ,41,227,268,113,886,999
02599801,EVEREST UNIVERSITY - TAMPA LAKELAND CAMP,FL,33801-3801,Proprietary  ,38,286,324,134,1030,1164
02599805,EVEREST UNIVERSITY - JACKSONVILLE       ,FL,32256-0000,Proprietary  ,64,410,474,225,1525,1750
02601600,HENRY W BREWSTER TECHNICAL CENTER       ,FL,33602-0000,Public       ,50,230,280,153,663,816
02612700,ACADEMY OF COSMETOLOGY-PALM BAY         ,FL,32905-2805,Proprietary  ,15,60,75,47,155,202
02616400,SANFORD-BROWN INSTITUTE                 ,FL,32256-3520,Proprietary  ,150,687,837,394,2255,2649
02616401,SANFORD-BROWN INSTITUTE - TAMPA         ,FL,33610-8304,Proprietary  ,74,317,391,232,1129,1361
03003200,EVEREST INSTITUTE                       ,FL,33186-1410,Proprietary  ,76,188,264,228,636,864
03003201,EVEREST INSTITUTE - FT. LAUDERDALE      ,FL,33304-2522,Proprietary  ,28,144,172,108,472,580
03003600,MCFATTER TECHNICAL CENTER               ,FL,33317-7499,Public       ,128,427,555,380,1241,1621
03006801,PENNSYLVANIA CULINARY INSTITUTE - LE COR,FL,33025-3929,Proprietary  ,71,332,403,305,1374,1679
03008600,FLORIDA COLLEGE OF NATURAL HEALTH       ,FL,33064-1342,Proprietary  ,95,328,423,260,1055,1315
03010608,VIRGINIA COLLEGE - PENSACOLA            ,FL,32501-5650,Proprietary  ,34,221,255,124,1045,1169
03010612,VIRGINIA COLLEGE - GOLF ACADEMY OF AMERI,FL,32701-0000,Proprietary  ,24,62,86,89,266,355
03010618,VIRGINIA COLLEGE - JACKSONVILLE         ,FL,32207-5167,Proprietary  ,48,309,357,131,760,891
03012300,ASM BEAUTY WORLD ACADEMY                ,FL,33021-0000,Proprietary  ,11,58,69,30,134,164
03018500,BENE'S INTERNATIONAL SCHOOL OF BEAUTY   ,FL,34652-1637,Proprietary  ,45,123,168,102,289,391
03028200,TRINITY COLLEGE OF FLORIDA              ,FL,34655-4401,Private      ,28,44,72,139,142,281
03031400,INTERNATIONAL ACADEMY OF DESIGN AND TECH,FL,33634-6313,Proprietary  ,413,1407,1820,1736,5014,6750
03031402,INTERNATIONAL ACADEMY OF DESIGN AND TECH,FL,32809-4613,Proprietary  ,94,173,267,626,878,1504
03031403,IADT - ORLANDO CULINARY ACADEMY         ,FL,32819-0000,Proprietary  ,42,128,170,264,548,812
03035800,HERITAGE INSTITUTE                      ,FL,32216-0948,Proprietary  ,41,183,224,82,477,559
03035900,NATIONAL AVIATION ACADEMY               ,FL,33760-3931,Proprietary  ,66,151,217,254,665,919
03037500,HODGES UNIVERSITY                       ,FL,34119-7932,Private      ,137,844,981,573,3844,4417
03054200,FORTIS COLLEGE                          ,FL,33144-2373,Proprietary  ,76,123,199,276,332,608
03071600,COLLEGE OF BUSINESS & TECHNOLOGY        ,FL,33176-0000,Proprietary  ,79,479,558,219,1178,1397
03076402,BRYMAN SCHOOL OF ARIZONA (THE) - ANTHEM ,FL,32803-3509,Proprietary  ,5,16,21,18,74,92
03079800,GEORGE T BAKER AVIATION                 ,FL,33142-5687,Public       ,122,199,321,302,474,776
03079900,CITY COLLEGE                            ,FL,32707-0000,Private      ,17,103,120,88,406,494
03087601,ITT TECHNICAL INSTITUTE                 ,FL,33126-1823,Proprietary  ,0,0,0,0,1,1
03089200,NOUVELLE INSTITUTE                      ,FL,33125-4141,Proprietary  ,25,237,262,32,362,394
03096300,FORTIS INSTITUTE                        ,FL,33860-0000,Proprietary  ,13,52,65,35,168,203
03099600,MERCY HOSPITAL SCHOOL OF PRACTICAL NSG  ,FL,33133-4237,Private      ,9,53,62,53,222,275
03100800,TAYLOR TECHNICAL INSTITUTE              ,FL,32348-0894,Public       ,23,93,116,49,208,257
03101900,TRINITY BAPTIST COLLEGE                 ,FL,32221-1398,Private      ,57,50,107,213,162,375
03103900,MARION COUNTY COMMUNITY TECH & ADUL     ,FL,34474-3172,Public       ,67,249,316,378,1162,1540
03108500,EVERGLADES UNIVERSITY                   ,FL,33431-0000,Private      ,50,502,552,191,1617,1808
03108600,COM-PU-MED VOCATIONAL CAREERS           ,FL,33012-4861,Proprietary  ,25,179,204,42,268,310
03113400,ACADEMY OF HEALING ARTS                 ,FL,33463-2113,Proprietary  ,12,61,73,28,148,176
03114700,PRAXIS INSTITUTE                        ,FL,33135-2657,Proprietary  ,41,240,281,89,608,697
03115500,FLORIDA HOSPITAL COLG OF HEALTH SCI     ,FL,32803-1237,Private      ,216,775,991,1212,3073,4285
03123900,KEISER CAREER COLLEGE                   ,FL,33413-0000,Proprietary  ,120,455,575,318,1397,1715
03125600,MIAMI AD SCHOOL                         ,FL,33139-5203,Proprietary  ,17,90,107,56,338,394
03127900,TECHNICAL EDUCATION CTR OSCEOLA         ,FL,34744-4459,Public       ,104,376,480,315,1095,1410
03158300,LEE COUNTY HIGH TECH CENTER NORTH       ,FL,33993-2479,Public       ,66,189,255,165,551,716
03171300,UNIVERSITY OF ST. AUGUSTINE FOR HEALTH S,FL,32084-4215,Proprietary  ,6,209,215,60,1197,1257
03178400,CORAL RIDGE NURSES ASST TRAINING        ,FL,33306-0000,Proprietary  ,1,31,32,15,103,118
03224300,NEW PROFESSIONS TECHNICAL INSTITUTE     ,FL,33134-1640,Proprietary  ,28,272,300,43,424,467
03230300,CHOICE HIGH SCHOOL AND TECHNICAL CENTER ,FL,32547-1299,Public       ,33,188,221,86,536,622
03238300,FLORIDA COLLEGE OF INTEGRATIVE MED      ,FL,32809-5721,Proprietary  ,5,42,47,61,273,334
03255300,FLORIDA GULF COAST UNIVERSITY           ,FL,33965-6565,Public       ,1957,939,2896,13042,5296,18338
03256300,YESHIVA GEDOLAH RABBINICAL COLLEGE      ,FL,33139-4708,Private      ,2,3,5,5,5,10
03264300,SOUTH FLORIDA BIBLE COLLEGE AND THEOLOGI,FL,33441-5768,Private      ,3,23,26,11,78,89
03346300,ACAD FOR PRAC NURSING & HEALTH OCCP     ,FL,33417-4574,Private      ,47,214,261,215,788,1003
03348400,PROFESSIONAL TRAINING CENTERS           ,FL,33184-0000,Proprietary  ,22,104,126,133,607,740
03373300,BEACON COLLEGE                          ,FL,34748-5224,Private      ,23,29,52,134,99,233
03374300,FLORIDA COASTAL SCHOOL OF LAW           ,FL,32256-0000,Proprietary  ,12,330,342,48,3046,3094
03382300,BRADFORD-UNION AREA CAREERTECHNICAL CENT,FL,32091-2434,Public       ,16,84,100,50,272,322
03390300,LINCOLN TECHNICAL INSTITUTE             ,FL,32730-2351,Proprietary  ,50,257,307,135,615,750
03411400,INTERNATIONAL TRAINING CAREERS          ,FL,33155-1462,Private      ,23,154,177,43,242,285
03414500,ACUPUNCTURE AND MASSAGE COLLEGE         ,FL,33176-1509,Proprietary  ,12,106,118,48,309,357
03425400,CENTRAL FLORIDA INSTITUTE               ,FL,34684-4436,Proprietary  ,48,157,205,206,617,823
03429600,ATLANTIC INST OF ORIENTAL MEDICINE      ,FL,33316-0000,Private      ,3,53,56,17,169,186
03429700,EAST WEST COLLG OF NATURAL MEDICINE     ,FL,34236-4959,Proprietary  ,7,65,72,32,208,240
03433400,NEW CONCEPT MASSAGE AND BEAUTY SCHO     ,FL,33135-0000,Proprietary  ,6,46,52,13,83,96
03434300,FORTIS COLLEGE                          ,FL,32073-2999,Proprietary  ,71,242,313,213,690,903
03480301,MEDVANCE INSTITUTE - FORT LAUDERDALE    ,FL,33313-7261,Proprietary  ,22,115,137,67,341,408
03480302,MEDVANCE INSTITUTE - STUART             ,FL,34994-3000,Proprietary  ,24,197,221,72,560,632
03491400,AMERICAN ADVANCED TECHNICIANS INST      ,FL,33014-4430,Proprietary  ,14,46,60,24,99,123
03549300,ULTIMATE MEDICAL ACADEMY                ,FL,33756-5802,Proprietary  ,320,4106,4426,670,10098,10768
03553300,KEISER CAREER COLLEGE                   ,FL,32216-0000,Proprietary  ,54,275,329,179,917,1096
03557300,NORTH FLORIDA COSMETOLOGY INSTITUTE     ,FL,32312-0000,Proprietary  ,32,132,164,104,358,462
03564300,"INTERNATIONAL SCHOOL OF HEALTH, BEAUTY &",FL,33311-1141,Proprietary  ,23,140,163,53,314,367
03570400,ENGLISH CENTER (THE)                    ,FL,33133-2703,Public       ,9,135,144,22,289,311
03595400,ANGLEY COLLEGE                          ,FL,32720-4257,Proprietary  ,6,78,84,32,316,348
03611400,FLORIDA BARBER ACADEMY                  ,FL,33441-0000,Proprietary  ,19,126,145,27,148,175
03618300,FLORIDA INSTITUTE OF ANIMAL ARTS        ,FL,32792-1740,Proprietary  ,40,76,116,105,230,335
03627400,JACKSONVILLE BEAUTY INSTITUTE           ,FL,32208-1885,Proprietary  ,25,98,123,69,220,289
03627600,FLORIDA EDUCATION INSTITUTE             ,FL,33144-5036,Proprietary  ,22,101,123,76,300,376
03661400,SOUTH FLORIDA INSTITUTE OF TECHNOLO     ,FL,33135-0000,Proprietary  ,32,367,399,93,695,788
03691400,AVE MARIA SCHOOL OF LAW                 ,FL,34119-1376,Private      ,3,94,97,57,950,1007
03696400,SABER                                   ,FL,33134-1604,Private      ,14,141,155,42,404,446
03706300,AMERICAN INSTITUTE                      ,FL,33319-5613,Proprietary  ,35,101,136,80,279,359
03757300,ADVANCE SCIENCE INSTITUTE               ,FL,33012-0000,Proprietary  ,9,50,59,16,81,97
03801400,BEAUTY INSTITUTE (THE)                  ,FL,33409-2972,Proprietary  ,10,67,77,50,169,219
03801401,BEAUTY INSTITUTE (THE) - MARGATE        ,FL,33068-5704,Proprietary  ,1,22,23,11,52,63
03816300,ARTISTIC NAILS & BEAUTY ACADEMY         ,FL,33605-5919,Proprietary  ,46,189,235,90,320,410
03823300,FLORIDA ACADEMY OF HEALTH & BEAUTY      ,FL,33311-0000,Proprietary  ,5,26,31,15,60,75
03832300,DADE MEDICAL COLLEGE                    ,FL,33126-5534,Proprietary  ,139,598,737,510,2003,2513
03842500,CAMBRIDGE INSTITUTE OF ALLIED HEALTH    ,FL,32750-0000,Proprietary  ,17,80,97,34,212,246
03856300,UNIVERSAL BEAUTY SCHOOL                 ,FL,33174-4406,Proprietary  ,7,37,44,25,93,118
03856500,FLORIDA SCHOOL OF TRADITIONAL MIDWIFERY ,FL,32601-5507,Private      ,4,15,19,8,90,98
03875300,MCI INSTITUTE OF TECHNOLOGY             ,FL,33409-4937,Proprietary  ,42,188,230,72,309,381
03888300,DRAGON RISES COLLEGE OF ORIENTAL MEDICIN,FL,32601-5089,Proprietary  ,1,14,15,5,77,82
03903500,SOUTHERN TECHNICAL COLLEGE              ,FL,32809-0000,Proprietary  ,73,479,552,228,1555,1783
03906300,CAREER INSTITUTE OF FLORIDA             ,FL,33773-3434,Proprietary  ,13,92,105,43,254,297
03911300,TOTAL INTERNATIONAL CAREER INSTITUTE    ,FL,33012-0000,Proprietary  ,3,149,152,11,262,273
03939300,WOLFORD COLLEGE                         ,FL,34108-1931,Proprietary  ,1,43,44,11,295,306
03939400,CENTURA INSTITUTE                       ,FL,32807-3566,Proprietary  ,16,154,170,56,541,597
03939600,DAYTONA COLLEGE                         ,FL,32174-8445,Proprietary  ,24,113,137,96,389,485
03941300,AVE MARIA UNIVERSITY                    ,FL,34142-9505,Private      ,136,55,191,1044,244,1288
03957400,NEW COLLEGE OF FLORIDA                  ,FL,34243-2109,Public       ,188,96,284,1666,399,2065
03985300,COMMERCIAL DIVING ACADEMY               ,FL,32208-0000,Proprietary  ,103,284,387,293,874,1167
03986300,AVIATOR COLLEGE OF AERONAUTICAL SCIENCE ,FL,34946-9022,Proprietary  ,7,34,41,59,139,198
04016500,AMERICAN INSTITUTE OF BEAUTY            ,FL,33773-0000,Proprietary  ,21,67,88,69,188,257
04029300,TRENDSETTERS OF FLORIDA SCHOOL OF BEAUTY,FL,32205-4737,Proprietary  ,5,35,40,14,92,106
04058300,HEALTH OPPORTUNITY TECHNICAL CENTER     ,FL,33169-4517,Proprietary  ,0,0,0,2,19,21
04083400,INSTITUTE OF ALLIED MEDICAL PROFESSIONS ,FL,33484-6543,Proprietary  ,9,74,83,36,245,281
04105400,PENSACOLA SCHOOL OF MASSAGE THERAPY & HE,FL,32504-7337,Proprietary  ,13,67,80,36,171,207
04106300,PALM BEACH ACADEMY OF HEALTH & BEAUTY   ,FL,33403-2130,Proprietary  ,11,46,57,31,117,148
04116400,FUTURE-TECH INSTITUTE                   ,FL,33135-4142,Proprietary  ,1,22,23,12,48,60
04116600,TAYLOR COLLEGE                          ,FL,34420-8714,Proprietary  ,17,165,182,70,548,618
04119400,AVEDA INSTITUTE - SAINT PETERSBURG      ,FL,33701-4242,Proprietary  ,123,198,321,433,747,1180
04120400,HI-TECH SCHOOL OF COSMETOLOGY           ,FL,33174-0000,Proprietary  ,38,44,82,76,121,197
04126900,ACADEMY OF CAREER TRAINING              ,FL,34741-4644,Proprietary  ,30,120,150,83,361,444
04127400,DIGITAL MEDIA ARTS COLLEGE              ,FL,33431-5919,Proprietary  ,39,69,108,259,242,501
04128400,MANAGEMENT RESOURCES INSTITUTE          ,FL,33126-5473,Proprietary  ,12,297,309,25,664,689
04129300,INTERNATIONAL B NATURALE BEAUTY SCHOOL  ,FL,33311-1152,Proprietary  ,0,0,0,2,13,15
04129900,FLORIDA SCHOOL OF MASSAGE               ,FL,32608-5419,Proprietary  ,20,78,98,65,217,282
04130400,SHEAR EXCELLENCE INTERNATIONAL HAIR ACAD,FL,33614-2783,Proprietary  ,12,54,66,12,54,66
04131900,FASTTRAIN OF MIAMI                      ,FL,33134-1065,Proprietary  ,85,127,212,174,277,451
04132000,FASTTRAIN OF FORT LAUDERDALE            ,FL,33317-3127,Proprietary  ,35,210,245,56,322,378
04132100,FASTTRAIN OF TAMPA                      ,FL,33607-4153,Proprietary  ,31,141,172,57,276,333
04132200,FASTTRAIN OF JACKSONVILLE               ,FL,32256-4849,Proprietary  ,18,122,140,36,243,279
04133500,ACADEMY FOR FIVE ELEMENT ACUPUNCTURE    ,FL,32601-6811,Private      ,1,24,25,11,120,131
04134800,AVEDA INSTITUTE - TALLAHASSEE           ,FL,32304-3186,Proprietary  ,57,123,180,228,394,622
04134900,ORANGE PARK BEAUTY ACADEMY              ,FL,32073-5524,Proprietary  ,2,30,32,17,71,88
04135000,COZMO THE SCHOOL                        ,FL,34135-4810,Proprietary  ,14,52,66,22,96,118
04135900,ALLIED HEALTH INSTITUTE                 ,FL,33068-0000,Proprietary  ,18,318,336,56,924,980
04140800,NORTH FLORIDA ACADEMY                   ,FL,32065-7758,Proprietary  ,4,16,20,20,53,73
04143000,VOCATIONAL INSTITUTE OF FLORIDA         ,FL,33135-1939,Proprietary  ,6,42,48,11,77,88
04143100,PROFESSIONAL HANDS INSTITUTE            ,FL,33135-1939,Proprietary  ,13,158,171,42,362,404
04145900,CELEBRITY SCHOOL OF BEAUTY              ,FL,33144-4153,Proprietary  ,14,107,121,52,178,230
04146200,WALTON CAREER DEVELOPMENT CENTER        ,FL,32433-1557,Public       ,11,57,68,31,172,203
04146300,MARCHMAN TECHNICAL EDUCATION CENTER     ,FL,34653-1211,Public       ,40,78,118,111,237,348
04147800,ROSE TRAINING INSTITUTE                 ,FL,33881-4094,Proprietary  ,1,45,46,11,136,147
04148500,MEDICAL INSTITUTE OF PALM BEACH         ,FL,33460-5042,Proprietary  ,27,107,134,61,208,269
04150800,IMMOKALEE TECHNICAL CENTER              ,FL,34142-3146,Public       ,31,68,99,89,175,264
04151500,AMERICAN ACADEMY OF COSMETOLOGY         ,FL,32065-8026,Proprietary  ,15,51,66,38,123,161
04156300,UNIVERSITY OF FORT LAUDERDALE           ,FL,33313-5809,Private      ,2,42,44,15,119,134
04156400,AVIATION INSTITUTE OF MAINTENANCE       ,FL,32803-6487,Proprietary  ,31,98,129,162,396,558
04157100,AEROSIM FLIGHT ACADEMY                  ,FL,32773-9683,Proprietary  ,14,41,55,56,181,237
04158300,FLAGLER TECHNICAL INSTITUTE             ,FL,32137-4714,Public       ,16,94,110,50,270,320
04162000,JOSE MARIA VARGAS UNIVERSITY            ,FL,33025-4534,Proprietary  ,2,22,24,3,34,37
04162500,HOLLYWOOD INSTITUTE OF BEAUTY CAREERS   ,FL,33020-4807,Proprietary  ,37,211,248,59,279,338
04163000,SALON PROFESSIONAL ACADEMY (THE)        ,FL,33624-6321,Proprietary  ,30,55,85,70,153,223
04163100,SALON PROFESSIONAL ACADEMY (THE)        ,FL,32607-1672,Proprietary  ,16,45,61,49,131,180
04163200,SALON PROFESSIONAL ACADEMY (THE)        ,FL,32162-9311,Proprietary  ,19,61,80,67,201,268
04164500,EUREKA INSTITUTE OF HEALTH AND BEAUTY   ,FL,33174-4205,Proprietary  ,0,29,29,4,49,53
04164600,D. A. DORSEY EDUCATIONAL CENTER         ,FL,33147-6304,Public       ,4,51,55,8,69,77
04167300,SALON PROFESSIONAL ACADEMY (THE)        ,FL,33904-4824,Proprietary  ,15,46,61,44,118,162
04170300,BEAUTY ACADEMY OF SOUTH FLORIDA         ,FL,33012-3221,Proprietary  ,14,82,96,28,119,147
04172300,ETERNITY COSMETOLOGY SCHOOL             ,FL,33415-5719,Proprietary  ,1,29,30,1,29,30
04173600,NOTTER SCHOOL OF PASTRY ARTS            ,FL,32809-7755,Proprietary  ,9,46,55,56,171,227
04176800,PROGRESSIVE TRAINING CENTERS            ,FL,33060-9238,Proprietary  ,2,24,26,3,52,55
04176900,AMERICAN HEALTH INSTITUTE               ,FL,34654-3743,Proprietary  ,3,58,61,26,153,179
04182500,MILLENNIA ATLANTIC UNIVERSITY           ,FL,33178-2369,Proprietary  ,2,17,19,4,31,35
04188300,FLORIDA ACADEMY                         ,FL,33966-1155,Proprietary  ,13,90,103,14,110,124
00160500,CHAMINADE UNIV OF HONOLULU              ,HI,96816-1578,Private      ,173,371,544,1966,1936,3902
00160600,BRIGHAM YOUNG UNIV-HAWAII CAMPUS        ,HI,96762-1294,Private      ,263,213,476,1633,993,2626
00161000,UNIVERSITY OF HAWAII AT MANOA           ,HI,96822-2399,Public       ,607,923,1530,12621,9551,22172
00161100,UNIVERSITY OF HAWAII AT HILO            ,HI,96720-4091,Public       ,177,276,453,3446,2836,6282
00161200,HONOLULU COMMUNITY COLLEGE              ,HI,96817-4598,Public       ,243,480,723,1973,2485,4458
00161300,KAPIOLANI COMMUNITY COLLEGE             ,HI,96816-4421,Public       ,276,565,841,3063,3670,6733
00161400,KAUAI COMMUNITY COLLEGE                 ,HI,96766-9591,Public       ,95,147,242,504,737,1241
00161500,UNIVERSITY OF HAWAII MAUI COLLEGE       ,HI,96732-1644,Public       ,186,540,726,1638,3172,4810
00454900,LEEWARD COMMUNITY COLLEGE               ,HI,96782-3393,Public       ,359,660,1019,2430,3131,5561
00525800,HAWAII COMMUNITY COLLEGE                ,HI,96720-4075,Public       ,187,452,639,1713,2866,4579
00723401,HEALD COLLEGE - HONOLULU                ,HI,96814-0000,Proprietary  ,271,542,813,918,2117,3035
00727900,HAWAII PACIFIC UNIVERSITY               ,HI,96813-2882,Private      ,206,608,814,4648,3811,8459
01122000,WINDWARD COMMUNITY COLLEGE              ,HI,96744-0000,Public       ,153,256,409,927,1525,2452
02100300,MED-ASSIST SCHOOL OF HAWAII             ,HI,96813-0000,Proprietary  ,23,56,79,63,204,267
02107800,UNIVERSITY OF HAWAII - WEST OAHU        ,HI,96782-0000,Public       ,82,240,322,1033,1606,2639
02139500,HAWAII INSTITUTE OF HAIR DESIGN         ,HI,96817-5195,Proprietary  ,17,60,77,63,153,216
03017800,TRAVEL INSTITUTE OF THE PACIFIC         ,HI,96814-1946,Proprietary  ,17,70,87,44,145,189
03072500,WORLD MEDICINE INSTITUTE                ,HI,96826-0000,Private      ,3,35,38,19,93,112
03649300,HAWAII TECHNOLOGY INSTITUTE             ,HI,96813-3036,Private      ,8,32,40,43,121,164
03735300,INST OF CLINICAL ACUPUNCTURE & ORIENT MD,HI,96813-2307,Proprietary  ,0,22,22,3,63,66
03999400,TRADITIONAL CHINESE MEDICAL COLLEGE OF H,HI,96743-8324,Private      ,0,10,10,2,43,45
04154100,PACIFIC RIM CHRISTIAN COLLEGE           ,HI,96819-2228,Private      ,11,27,38,63,97,160
04165200,MAUNA LOA HELICOPTERS                   ,HI,96740-2650,Proprietary  ,2,21,23,8,36,44
04169600,HEISEI INTERNATIONAL INSTITUTE OF MASSAG,HI,96814-2254,Proprietary  ,0,5,5,2,14,16
04175100,PAUL MITCHELL THE SCHOOL HONOLULU       ,HI,96816-2433,Proprietary  ,18,47,65,103,183,286
04182200,HAWAII MEDICAL INSTITUTE                ,HI,96814-3518,Proprietary  ,25,95,120,96,291,387
00161600,BOISE STATE UNIVERSITY                  ,ID,83725-1000,Public       ,645,1707,2352,13452,13190,26642
00161700,"COLLEGE OF IDAHO, THE                   ",ID,83605-4432,Private      ,84,92,176,1549,479,2028
00161900,COLLEGE OF SOUTHERN IDAHO               ,ID,83301-0000,Public       ,489,946,1435,3401,4566,7967
00161908,COLLEGE OF WESTERN IDAHO                ,ID,83687-1515,Public       ,643,1644,2287,3792,7572,11364
00162000,IDAHO STATE UNIVERSITY                  ,ID,83209-5377,Public       ,746,2057,2803,5748,9654,15402
00162100,LEWIS-CLARK STATE COLLEGE               ,ID,83501-2698,Public       ,164,370,534,2440,2655,5095
00162300,NORTH IDAHO COLLEGE                     ,ID,83814-2199,Public       ,353,952,1305,3108,5049,8157
00162400,NORTHWEST NAZARENE UNIVERSITY           ,ID,83686-5897,Private      ,87,326,413,1482,1423,2905
00162500,BRIGHAM YOUNG UNIVERSITY-IDAHO          ,ID,83460-1650,Private      ,1771,2091,3862,10512,8248,18760
00162600,UNIVERSITY OF IDAHO                     ,ID,83844-4291,Public       ,400,677,1077,10419,5113,15532
00732915,ITT TECHNICAL INSTITUTE                 ,ID,83713-1529,Proprietary  ,226,677,903,604,2100,2704
00987300,MR JUAN'S CLG OF HAIR DESIGN            ,ID,83301-4154,Proprietary  ,1,9,10,13,45,58
01113300,EASTERN IDAHO TECHNICAL COLLEGE         ,ID,83404-5788,Public       ,60,275,335,403,1304,1707
02218000,CARRINGTON COLLEGE                      ,ID,83704-0000,Proprietary  ,73,361,434,248,1263,1511
02234500,BOISE BIBLE COLLEGE                     ,ID,83714-1220,Private      ,39,25,64,231,120,351
02275800,MR LEONS SCHOOL OF HAIR DESIGN          ,ID,83843-8384,Proprietary  ,10,26,36,24,57,81
02275801,MR. LEON'S SCHOOL OF HAIR DESIGN        ,ID,83501-1910,Proprietary  ,1,6,7,9,13,22
02314000,SCHOOL OF HAIRSTYLING (THE)             ,ID,83202-0000,Proprietary  ,6,16,22,32,88,120
02319800,HEADMASTERS SCHOOL OF HAIR DESIGN       ,ID,83814-0000,Proprietary  ,49,73,122,123,209,332
02349200,HEADMASTERS SCHOOL OF HAIR DESIGN       ,ID,83501-0000,Proprietary  ,8,33,41,26,69,95
02559500,RAZZLE DAZZLE CLG OF HAIR DESIGN        ,ID,83686-5104,Proprietary  ,17,59,76,76,190,266
02607100,PAUL MITCHELL THE SCHOOL BOISE          ,ID,83709-1662,Proprietary  ,29,79,108,134,255,389
03098700,ACADEMY OF COURT REPORTING              ,ID,83704-8320,Proprietary  ,64,264,328,158,703,861
03832400,COSMETOLOGY SCHOOL OF ARTS & SCIENCES   ,ID,83318-1327,Proprietary  ,4,21,25,16,69,85
04051323,ART INSTITUTE OF PHOENIX (THE) - BROWN M,ID,83709-2746,Proprietary  ,11,33,44,51,205,256
04134300,EVANS HAIRSTYLING COLLEGE               ,ID,83440-5277,Proprietary  ,12,12,24,57,40,97
04144500,HAIR ACDMY PAUL MITCHELL PARTNER SCHOOL ,ID,83440-2600,Proprietary  ,33,34,67,103,145,248
04150600,D & L ACADEMY OF HAIR DESIGN            ,ID,83301-6229,Proprietary  ,5,7,12,21,44,65
04155200,OLIVER FINLEY ACADEMY OF COSMETOLOGY    ,ID,83704-8011,Proprietary  ,36,71,107,104,186,290
04163800,MASTER EDUCATORS BEAUTY SCHOOL          ,ID,83301-4118,Proprietary  ,7,12,19,28,49,77
04168600,COLLEGE OF MASSAGE THERAPY              ,ID,83221-1758,Proprietary  ,7,17,24,24,47,71
04176700,D'SHAW INSTITUTE OF COSMETOLOGY         ,ID,83704-4406,Proprietary  ,14,25,39,55,78,133
04194800,VELVET TOUCH ACADEMY OF COSMETOLOGY     ,ID,83687-5020,Proprietary  ,12,17,29,12,17,29
00163200,AQUINAS INSTITUTE OF THEOLOGY           ,MO,63108-3323,Private      ,0,14,14,3,95,98
00244900,AVILA COLLEGE                           ,MO,64145-1698,Private      ,94,345,439,1236,1615,2851
00245000,CALVARY BIBLE COLLEGE                   ,MO,64147-1341,Private      ,35,52,87,166,219,385
00245200,CENTRAL BIBLE COLLEGE                   ,MO,65803-1096,Private      ,92,89,181,562,382,944
00245300,CENTRAL METHODIST UNIVERSITY            ,MO,65248-1198,Private      ,87,380,467,1660,1591,3251
00245400,UNIVERSITY OF CENTRAL MISSOURI          ,MO,64093-5178,Public       ,591,797,1388,8550,4862,13412
00245600,COLUMBIA COLLEGE                        ,MO,65216-4581,Private      ,450,3978,4428,2969,19027,21996
00245700,CONCORDIA SEMINARY                      ,MO,63105-3199,Private      ,1,16,17,4,444,448
00245800,COTTEY COLLEGE                          ,MO,64772-2790,Private      ,10,11,21,368,64,432
00245900,CROWDER COLLEGE                         ,MO,64850-9165,Public       ,414,825,1239,2354,3249,5603
00246000,CULVER STOCKTON COLLEGE                 ,MO,63435-1299,Private      ,38,21,59,1060,201,1261
00246100,DRURY UNIVERSITY                        ,MO,65802-3791,Private      ,226,980,1206,2602,4209,6811
00246200,EDEN THEOLOGICAL SEMINARY               ,MO,63119-0000,Private      ,0,37,37,3,119,122
00246300,EVANGEL UNIVERSITY                      ,MO,65802-2125,Private      ,215,214,429,2161,915,3076
00246400,FONTBONNE UNIVERSITY                    ,MO,63105-3098,Private      ,59,377,436,1193,2471,3664
00246600,HARRIS-STOWE STATE COLLEGE              ,MO,63103-2199,Public       ,266,491,757,1429,1970,3399
00246700,CONCEPTION SEMINARY COLLEGE             ,MO,64433-0502,Private      ,26,3,29,74,11,85
00246800,JEFFERSON COLLEGE                       ,MO,63050-2441,Public       ,469,892,1361,2852,3416,6268
00247100,ST LOUIS COMMUNITY COLLEGE              ,MO,63102-0000,Public       ,2674,5588,8262,11123,18259,29382
00247300,KANSAS CITY ART INSTITUTE               ,MO,64111-1874,Private      ,72,64,136,1375,413,1788
00247400,KANSAS CITY UNIV OF MED AND BIOSCIENCES ,MO,64106-0000,Private      ,6,51,57,53,1178,1231
00247600,KENRICK-GLENNON SEMINARY                ,MO,63119-4330,Private      ,1,4,5,12,12,24
00247700,A.T. STILL UNIV OF HEALTH SCIENCES      ,MO,63501-0000,Private      ,0,307,307,13,2777,2790
00247900,LINCOLN UNIVERSITY                      ,MO,65101-3500,Public       ,357,446,803,2663,1986,4649
00248000,LINDENWOOD UNIVERSITY                   ,MO,63301-1695,Private      ,409,1533,1942,5972,7564,13536
00248200,MARYVILLE UNIVERSITY                    ,MO,63141-7299,Private      ,124,542,666,2257,2706,4963
00248400,METROPOLITAN COMMUNITY COLLEGE          ,MO,64111-2408,Public       ,1505,3715,5220,9917,16582,26499
00248500,MIDWESTERN BAPTIST THEOL SEMINARY       ,MO,64118-4697,Private      ,23,123,146,103,350,453
00248600,MINERAL AREA COLLEGE                    ,MO,63601-1000,Public       ,337,701,1038,2041,2739,4780
00248800,MISSOURI SOUTHERN STATE UNIVERSITY      ,MO,64801-1595,Public       ,292,576,868,3934,3818,7752
00248900,MISSOURI VALLEY COLLEGE                 ,MO,65340-3197,Private      ,113,86,199,1676,480,2156
00249000,MISSOURI WESTERN STATE UNIVERSITY       ,MO,64507-2294,Public       ,376,583,959,4583,2947,7530
00249100,MOBERLY AREA COMMUNITY COLLEGE          ,MO,65270-1304,Public       ,401,692,1093,2879,3578,6457
00249400,NAZARENE THEOLOGICAL SEMINARY           ,MO,64131-1246,Private      ,0,38,38,7,162,169
00249500,TRUMAN STATE UNIVERSITY                 ,MO,63501-4221,Public       ,209,72,281,5849,618,6467
00249600,NORTHWEST MISSOURI STATE UNIV           ,MO,64468-6001,Public       ,449,251,700,6934,1496,8430
00249800,PARK UNIVERSITY                         ,MO,64152-3795,Private      ,249,2112,2361,1534,8010,9544
00249900,ROCKHURST UNIVERSITY                    ,MO,64110-2561,Private      ,115,231,346,1900,1308,3208
00250000,COLLEGE OF THE OZARKS                   ,MO,65726-2502,Private      ,80,38,118,3072,443,3515
00250100,SOUTHEAST MISSOURI STATE UNIV           ,MO,63701-4799,Public       ,436,734,1170,8466,4347,12813
00250200,SOUTHWEST BAPTIST UNIVERSITY            ,MO,65613-2597,Private      ,168,375,543,2101,1660,3761
00250300,MISSOURI STATE UNIVERSITY               ,MO,65897-0094,Public       ,978,1262,2240,14728,7891,22619
00250400,ST LOUIS COLLEGE OF PHARMACY            ,MO,63110-1088,Private      ,17,42,59,781,611,1392
00250600,SAINT LOUIS UNIVERSITY                  ,MO,63103-2097,Private      ,277,980,1257,9415,7978,17393
00250900,SAINT PAUL SCHOOL OF THEOLOGY           ,MO,64127-2499,Private      ,0,31,31,2,142,144
00251200,STEPHENS COLLEGE                        ,MO,65215-0001,Private      ,35,66,101,977,620,1597
00251400,NORTH CENTRAL MISSOURI COLLEGE          ,MO,64683-1824,Public       ,98,214,312,904,1078,1982
00251600,UNIVERSITY OF MISSOURI-COLUMBIA         ,MO,65211-1600,Public       ,1073,1034,2107,25298,9163,34461
00251700,MISSOURI UNIVERSITY OF SCIENCE & TECHNOL,MO,65409-0250,Public       ,195,210,405,5355,1380,6735
00251800,UNIVERSITY OF MISSOURI-KANSAS CITY      ,MO,64110-2497,Public       ,637,1763,2400,7432,9800,17232
00251900,UNIVERSITY OF MISSOURI-ST LOUIS         ,MO,63121-4499,Public       ,663,2055,2718,5800,9823,15623
00252000,WASHINGTON UNIVERSITY                   ,MO,63130-4899,Private      ,181,508,689,14130,5903,20033
00252001,WASHINGTON UNIV-SCHOOL OF MEDICINE      ,MO,63110-0000,Private      ,5,38,43,68,1243,1311
00252100,WEBSTER UNIVERSITY                      ,MO,63119-3194,Private      ,159,2120,2279,3188,12539,15727
00252200,WENTWORTH MILITARY ACADEMY              ,MO,64067-1799,Private      ,56,61,117,258,232,490
00252300,WESTMINSTER COLLEGE                     ,MO,65251-1299,Private      ,40,15,55,1326,150,1476
00252400,WILLIAM JEWELL COLLEGE                  ,MO,64068-1896,Private      ,82,51,133,1549,333,1882
00252500,WILLIAM WOODS UNIVERSITY                ,MO,65251-2388,Private      ,102,425,527,1064,1360,2424
00405704,NATIONAL AMERICAN UNIVERSITY            ,MO,64057-1791,Proprietary  ,8,118,126,47,595,642
00441300,ST JOHNS HOSP SCH RAD TECH              ,MO,65802-0000,Private      ,6,32,38,61,126,187
00470300,LOGAN COLLEGE OF CHIROPRACTIC           ,MO,63006-1065,Private      ,11,92,103,65,1034,1099
00470700,COVENANT THEOLOGICAL SEMINARY           ,MO,63141-8697,Private      ,0,34,34,3,504,507
00471100,LINN STATE TECHNICAL COLLEGE            ,MO,65051-9607,Public       ,102,88,190,1335,497,1832
00471300,THREE RIVERS COMMUNITY COLLEGE          ,MO,63901-2393,Public       ,334,952,1286,1929,3357,5286
00528800,KIRKSVILLE AREA TECHNICAL CENTER        ,MO,63501-0000,Public       ,5,11,16,49,78,127
00528900,WAYNESVILLE CAREER CENTER               ,MO,65583-2131,Public       ,5,52,57,45,137,182
00542400,SOUTH CENTRAL CAREER CENTER             ,MO,65775-3334,Public       ,9,65,74,52,152,204
00542600,SIKESTON CAREER AND TECHNOLOGY CTR      ,MO,63801-0000,Public       ,3,34,37,46,147,193
00542900,ROLLA TECHNICAL INSTITUTE               ,MO,65401-3601,Public       ,23,43,66,252,329,581
00543000,POPLAR BLUFF TECHNICAL CAREER CNTR      ,MO,63901-0000,Public       ,5,30,35,45,161,206
00543800,SALINE COUNTY CAREER CENTER             ,MO,65340-0000,Public       ,2,8,10,15,61,76
00544500,TRUMAN MEDICAL CENTER SCHOOL OF NURSE AN,MO,64108-2677,Private      ,5,19,24,44,148,192
00553100,GRAND RIVER TECHNICAL SCHOOL            ,MO,64601-1299,Public       ,10,21,31,91,79,170
00553200,CAPE GIRARDEAU CAREER & TECHNOLOGY CENTE,MO,63703-7511,Public       ,32,112,144,178,505,683
00638900,BARNES JEWISH COLLEGE OF NURSING AND ALL,MO,63110-1091,Private      ,32,173,205,397,1079,1476
00639200,RESEARCH COLLEGE OF NURSING             ,MO,64132-1199,Proprietary  ,6,43,49,104,358,462
00639201,RESEARCH MEDICAL CENTER - COLLEGE OF NUR,MO,64132-1199,Proprietary  ,3,11,14,11,44,55
00639202,RESEARCH MED CTR SCHL OF RAD TECH       ,MO,64132-0000,Proprietary  ,1,16,17,14,54,68
00666600,LUTHERAN  SCHOOL OF NURSING             ,MO,63118-3909,Proprietary  ,15,75,90,105,435,540
00732923,ITT TECHNICAL INSTITUTE                 ,MO,63045-1122,Proprietary  ,318,1223,1541,910,3199,4109
00754000,MISSOURI BAPTIST UNIVERSITY             ,MO,63141-8698,Private      ,147,592,739,1571,2397,3968
00808000,STATE FAIR COMMUNITY COLLEGE            ,MO,65301-0000,Public       ,428,878,1306,2387,3330,5717
00826900,HILLYARD TECHNICAL CENTER               ,MO,64506-0000,Public       ,14,57,71,111,253,364
00855200,STEVENS INSTITUTE OF BUSINESS & ARTS    ,MO,63103-0000,Proprietary  ,17,41,58,71,187,258
00860600,TRI-COUNTY TECHNICAL SCHOOL             ,MO,65026-0000,Public       ,5,14,19,19,76,95
00886200,EAST CENTRAL COLLEGE                    ,MO,63084-0529,Public       ,258,497,755,2089,2419,4508
00908900,HANNIBAL-LAGRANGE COLLEGE               ,MO,63401-1999,Private      ,76,117,193,845,551,1396
00952000,NATIONAL ACADEMY OF BEAUTY ARTS         ,MO,63128-1307,Proprietary  ,37,93,130,111,268,379
00959000,INDEPENDENCE COLLEGE OF COSMETOLOGY     ,MO,64055-1105,Proprietary  ,13,38,51,34,109,143
00960700,HOUSE OF HEAVILIN BEAUTY COLLEGE        ,MO,64110-2826,Proprietary  ,8,27,35,35,132,167
00978200,SAINT LUKE'S COLLEGE OF HEALTH SCIENCES ,MO,64114-3237,Private      ,11,57,68,75,158,233
00979500,MISSOURI COLLEGE                        ,MO,63144-2901,Proprietary  ,94,351,445,308,1115,1423
01014814,COLORADO TECHNL UNIV NORTH KANSAS CITY  ,MO,64116-3614,Proprietary  ,14,110,124,177,1168,1345
01027900,HICKEY COLLEGE                          ,MO,63146-0000,Proprietary  ,194,117,311,504,344,848
01040500,PINNACLE CAREER INSTITUTE               ,MO,64131-3367,Proprietary  ,76,556,632,266,2296,2562
01040501,PINNACLE CAREER INSTITUTE - NORTH KANSAS,MO,64153-1151,Proprietary  ,16,89,105,70,347,417
01050303,WICHITA TECHNICAL INSTITUTE - WTI JOPLIN,MO,64801-2970,Proprietary  ,8,81,89,27,249,276
01102600,WARRENSBURG AREA VOC TECH SCH           ,MO,64093-0000,Public       ,0,13,13,31,80,111
01173500,PIKE/LINCOLN TECHNICAL CENTER           ,MO,63344-0000,Public       ,5,22,27,66,104,170
01212000,ASSEMBLIES OF GOD THEO. SEMINARY        ,MO,65802-0000,Private      ,2,66,68,7,258,265
01250000,RANKEN TECHNICAL COLLEGE                ,MO,63113-2811,Private      ,272,483,755,1520,1761,3281
01258000,ST LOUIS CHRISTIAN COLLEGE              ,MO,63033-6499,Private      ,43,71,114,159,233,392
01320800,BAPTIST BIBLE COLLEGE                   ,MO,65803-3498,Private      ,88,69,157,328,230,558
02056100,FOUR RIVERS CAREER CENTER               ,MO,63090-0000,Public       ,4,16,20,26,67,93
02066900,NICHOLS CAREER CENTER                   ,MO,65101-2814,Public       ,4,16,20,75,158,233
02068200,COX HEALTH - COX COLLEGE                ,MO,65802-0000,Private      ,18,190,208,296,976,1272
02068202,COX HEALTH - RADIOLOGIC TECHNOLOGY      ,MO,65802-0000,Private      ,4,29,33,46,118,164
02068204,COX HEALTH - MEDICAL TECHNOLOGY         ,MO,65807-0000,Private      ,0,0,0,32,81,113
02073600,KENNETT CAREER & TECHNOLOGY CENTER      ,MO,63857-0000,Public       ,0,14,14,8,75,83
02090400,BOONSLICK TECHNICAL EDUCATION CTR       ,MO,65233-0000,Public       ,2,4,6,17,57,74
02121100,MIDWEST INSTITUTE                       ,MO,63122-0000,Proprietary  ,15,85,100,61,251,312
02124500,FRANKLIN TECHNOLOGY CENTER              ,MO,64801-0000,Public       ,14,81,95,107,418,525
02142200,LEX LA RAY TECHNICAL CENTER             ,MO,64067-0000,Public       ,4,11,15,19,104,123
02151000,HANNIBAL CAREER AND TECHNICAL CENTE     ,MO,63401-2285,Public       ,5,17,22,29,123,152
02154900,MISSOURI SCH OF BARB & HAIR             ,MO,63031-0000,Proprietary  ,9,37,46,21,91,112
02164200,FOREST INST PROFESSIONAL PSYCHOLOGY     ,MO,65807-0000,Private      ,0,74,74,13,402,415
02165900,CHILLICOTHE BEAUTY ACADEMY              ,MO,64601-0000,Proprietary  ,2,10,12,7,23,30
02180200,METRO BUSINESS COLLEGE                  ,MO,63701-0000,Proprietary  ,38,198,236,123,820,943
02188000,NORTHWEST TECHNICAL SCHOOL              ,MO,64468-0000,Public       ,8,7,15,41,36,77
02188100,NORTHLAND CAREER CENTER                 ,MO,64079-8333,Public       ,4,12,16,23,92,115
02202700,OZARK CHRISTIAN COLLEGE                 ,MO,64801-0000,Private      ,81,53,134,585,190,775
02203400,NEVADA REGIONAL TECHNICAL CENTER        ,MO,64772-0000,Public       ,2,8,10,25,82,107
02205200,SANFORD-BROWN COLLEGE                   ,MO,63026-7305,Proprietary  ,58,298,356,276,1460,1736
02205203,SANFORD BROWN COLLEGE-ST. PETERS        ,MO,63376-5950,Proprietary  ,51,222,273,172,882,1054
02214500,SALEM COLLEGE OF HAIRSTYLING            ,MO,65401-0000,Proprietary  ,6,22,28,12,44,56
02239200,ANTHEM COLLEGE                          ,MO,63043-0000,Proprietary  ,114,309,423,339,957,1296
02239202,ANTHEM COLLEGE - METRO SOUTH            ,MO,63026-0000,Proprietary  ,7,27,34,29,97,126
02250600,EVEREST COLLEGE                         ,MO,65807-2446,Proprietary  ,31,141,172,135,609,744
02263106,ANTHEM COLLEGE - ANTHEM COLLEGE - KANSAS,MO,64114-3232,Proprietary  ,5,29,34,36,124,160
02263400,LAKE CAREER AND TECHNICAL CENTER        ,MO,65020-0000,Public       ,4,20,24,13,45,58
02266400,CENTRAL CHRISTIAN CLG OF THE BIBLE      ,MO,65270-0000,Private      ,38,54,92,213,162,375
02277500,HOUSE OF HEAVILIN OF BLUE SPRINGS       ,MO,64014-3953,Proprietary  ,19,42,61,52,127,179
02289200,COLUMBIA AREA CAREER CENTER             ,MO,65203-0000,Public       ,11,43,54,93,305,398
02295700,MISSOURI BEAUTY ACADEMY                 ,MO,63640-1827,Proprietary  ,17,58,75,58,141,199
02300105,EVEREST COLLEGE - EARTH CITY            ,MO,63045-1100,Proprietary  ,44,239,283,153,721,874
02304000,MISSOURI TECH                           ,MO,63303-3887,Proprietary  ,6,48,54,57,145,202
02309100,AMERICAN COLLEGE OF HAIR DESIGN         ,MO,65301-2144,Proprietary  ,9,22,31,35,68,103
02313000,CASS CAREER CENTER                      ,MO,64701-0000,Public       ,0,8,8,15,59,74
02340500,ST LOUIS COLLEGE OF HEALTH CAREERS      ,MO,63110-0000,Proprietary  ,75,302,377,215,951,1166
02342100,CAREER & TECHNOLOGY CTR AT FT OSAGE     ,MO,64058-0000,Public       ,2,15,17,17,51,68
02361600,CONCORDE CAREER COLLEGE                 ,MO,64111-0000,Proprietary  ,84,368,452,260,1199,1459
02497500,CLINTON TECHNICAL SCHOOL                ,MO,64735-2966,Public       ,3,15,18,22,64,86
02520800,MERRELL UNIV OF BTY ARTS & SCIENCES     ,MO,65109-0000,Proprietary  ,21,42,63,75,149,224
02530600,SAINT CHARLES COMMUNITY COLLEGE         ,MO,63376-0975,Public       ,559,743,1302,3963,3386,7349
02543800,PARIS II EDUCATIONAL CENTER (THE)       ,MO,64118-0000,Proprietary  ,18,66,84,48,186,234
02555300,PATSY AND ROB'S ACADEMY OF BEAUTY       ,MO,63074-0000,Proprietary  ,0,0,0,9,36,45
02564700,ELAINE STEVEN BEAUTY COLLEGE            ,MO,63136-0000,Proprietary  ,40,93,133,68,167,235
02564701,ELAINE STEVEN BEAUTY COLLEGE - ADVANCE B,MO,63383-2006,Proprietary  ,1,4,5,7,9,16
02564702,ELAINE STEVEN BEAUTY COLLEGE - ADVANCE B,MO,63401-2269,Proprietary  ,1,6,7,2,13,15
02568500,GRABBER SCHOOL OF HAIR DESIGN           ,MO,63011-0000,Proprietary  ,18,40,58,46,129,175
02599700,VATTEROTT COLLEGE                       ,MO,63134-2900,Proprietary  ,140,517,657,380,1861,2241
02599701,VATTEROTT COLLEGE - KANSAS CITY         ,MO,64129-1692,Proprietary  ,24,242,266,122,1146,1268
02599702,VATTEROTT COLLEGE - SPRINGFIELD LOCATION,MO,65807-5340,Proprietary  ,43,206,249,127,739,866
02599703,VATTEROTT COLLEGE - JOPLIN              ,MO,64801-5033,Proprietary  ,14,85,99,90,577,667
02599705,VATTEROTT COLLEGE - SUNSET HILLS        ,MO,63127-1516,Proprietary  ,44,230,274,117,909,1026
02599712,VATTEROTT COLLEGE - O'FALLON            ,MO,63366-2748,Proprietary  ,38,125,163,114,488,602
02608000,NEOSHO BEAUTY COLLEGE                   ,MO,64850-1525,Proprietary  ,4,20,24,15,46,61
02609202,VATTEROTT COLLEGE-ST JOSEPH             ,MO,64501-2911,Proprietary  ,22,116,138,93,441,534
02609203,VATTEROTT COLLEGE - L'ECOLE CULINAIRE   ,MO,63124-1103,Proprietary  ,35,150,185,189,648,837
02611004,HERITAGE COLLEGE-KANSAS CITY            ,MO,64131-4203,Proprietary  ,69,298,367,225,956,1181
03042400,LEBANON TECHNOLOGY & CAREER CENTER      ,MO,65536-3296,Public       ,8,50,58,35,146,181
03066300,BRYAN CAREER COLLEGE                    ,MO,65806-2507,Proprietary  ,19,175,194,74,649,723
03066303,BRYAN COLLEGE - COLUMBIA                ,MO,65201-8248,Proprietary  ,9,75,84,29,193,222
03068600,SPECIAL SCHOOL DISTRICT OF ST. LOUIS CO.,MO,63127-0000,Public       ,10,110,120,55,467,522
03070200,CENTRAL COLLEGE OF COSMETOLOGY          ,MO,65583-0000,Proprietary  ,19,50,69,30,81,111
03070900,SE MO HOSP CLG NURSING & HEALTH SCI     ,MO,63703-4507,Private      ,20,61,81,141,329,470
03072800,DALLAS COUNTY CAREER CENTER             ,MO,65685-9152,Public       ,2,0,2,2,0,2
03077200,COSMETOLOGY CONCEPTS INSTITUTE          ,MO,65202-1972,Proprietary  ,10,29,39,40,91,131
03083000,OZARKS TECHNICAL COMMUNITY COLLEGE      ,MO,65802-3601,Public       ,1267,2732,3999,7392,11622,19014
03092600,MESSENGER COLLEGE                       ,MO,64804-4909,Private      ,10,17,27,29,67,96
03097600,ST LOUIS HAIR ACADEMY                   ,MO,63107-1737,Proprietary  ,4,20,24,11,65,76
03101000,NEW DIMENSION SCHOOL OF HAIR DESIGN     ,MO,64801-5017,Proprietary  ,7,26,33,25,71,96
03106000,MISSOURI STATE UNIVERSITY - WEST PLAINS ,MO,65775-2715,Public       ,147,337,484,1066,1299,2365
03110900,HOUSE OF HEAVILIN BEAUTY COLLEGE        ,MO,64083-9195,Proprietary  ,13,13,26,35,60,95
03166300,MOBERLY AREA TECHNICAL CENTER           ,MO,65270-1904,Public       ,4,17,21,46,57,103
03174300,HERNDON CAREER CENTER                   ,MO,64138-2695,Public       ,4,7,11,17,31,48
03519300,MISSOURI COLLEGE OF COSMETOLOGY NORTH   ,MO,65803-1235,Proprietary  ,27,58,85,88,212,300
03579300,TEXAS COUNTY TECHNICAL INSTITUTE        ,MO,65483-2700,Private      ,6,57,63,33,231,264
03616300,AVIATION INSTITUTE OF MAINTENANCE       ,MO,64129-1811,Proprietary  ,20,74,94,73,339,412
03663400,UNIVERSITY OF COSMETOLOGY               ,MO,63080-1910,Proprietary  ,0,0,0,1,3,4
03878300,PROFESSIONAL MASSAGE TRAINING CENTER    ,MO,65803-2939,Proprietary  ,14,64,78,51,146,197
03916300,ECLIPS SCHOOL OF COSMETOLOGY AND BARBERI,MO,63703-5809,Proprietary  ,18,57,75,40,163,203
03924300,HAIR ACADEMY 110 (THE)                  ,MO,63501-2915,Proprietary  ,3,4,7,12,24,36
03970400,WELLSPRING SCHOOL OF ALLIED HEALTH      ,MO,64114-3313,Proprietary  ,10,54,64,36,128,164
04037500,ACADEMY OF HAIR DESIGN                  ,MO,65804-2303,Proprietary  ,16,68,84,70,196,266
04051329,ART INSTITUTE OF PHOENIX (THE) - BROWN M,MO,63026-2564,Proprietary  ,8,18,26,38,63,101
04118700,AMERICAN COLLEGE OF TECHNOLOGY          ,MO,64506-2006,Proprietary  ,14,68,82,30,187,217
04119100,CITY VISION COLLEGE                     ,MO,64141-3188,Private      ,4,15,19,6,91,97
04122300,GRANTHAM UNIVERSITY                     ,MO,64153-2262,Proprietary  ,15,484,499,40,957,997
04127000,PEMISCOT COUNTY SPECIAL SCHOOL DISTRICT ,MO,63851-1666,Public       ,2,3,5,11,38,49
04130300,VICTORY TRADE SCHOOL                    ,MO,65803-2754,Private      ,1,14,15,7,79,86
04130600,"CENTER FOR HEALING ARTS (THE), LLC      ",MO,63143-2103,Proprietary  ,5,35,40,25,140,165
04133300,TREND SETTERS SCHOOL OF COSMETOLOGY     ,MO,63702-7607,Proprietary  ,19,27,46,43,99,142
04145200,TRANSFORMED BARBER AND COSMETOLOGY ACADE,MO,64137-1207,Proprietary  ,8,59,67,43,217,260
04145700,THE SYSTEM A PAUL MITCHELL PARTNER SCHL ,MO,65807-5969,Proprietary  ,34,54,88,120,196,316
04146100,URSHAN GRADUATE SCHOOL OF THEOLOGY      ,MO,63031-7526,Private      ,0,4,4,1,43,44
04170600,SALON PROFESSIONAL ACADEMY (THE)        ,MO,63301-1021,Proprietary  ,17,32,49,45,93,138
04170700,PAUL MITCHELL THE SCHOOL ST LOUIS       ,MO,63108-1554,Proprietary  ,31,50,81,168,243,411
04173900,COSMETOLOGY COLLEGE OF FRANKLIN COUNTY  ,MO,63077-3448,Proprietary  ,5,7,12,16,26,42
04174000,SKIN INSTITUTE                          ,MO,63128-1307,Proprietary  ,10,29,39,18,89,107
04174800,AMERICAN TRADE SCHOOL                   ,MO,63074-1807,Proprietary  ,9,45,54,30,147,177
04184400,SEYMOUR BEAUTY ACADEMY                  ,MO,65746-8743,Proprietary  ,4,9,13,6,28,34
00314600,WESTERN OKLAHOMA STATE COLLEGE          ,OK,73521-1397,Public       ,180,401,581,582,1079,1661
00314700,BACONE COLLEGE                          ,OK,74403-1597,Private      ,149,227,376,972,993,1965
00314900,SOUTHERN NAZARENE UNIVERSITY            ,OK,73008-2694,Private      ,189,575,764,1172,1718,2890
00315000,CAMERON UNIVERSITY                      ,OK,73505-6377,Public       ,458,1146,1604,2213,4134,6347
00315100,OKLAHOMA WESLEYAN UNIVERSITY            ,OK,74006-6299,Private      ,66,225,291,727,994,1721
00315200,UNIV OF CENTRAL OKLAHOMA                ,OK,73034-5209,Public       ,1313,1840,3153,8354,7596,15950
00315300,CONNORS STATE COLLEGE                   ,OK,74469-9700,Public       ,192,437,629,1090,1775,2865
00315400,EAST CENTRAL UNIVERSITY                 ,OK,74820-6999,Public       ,389,787,1176,2559,2991,5550
00315500,EASTERN OKLAHOMA STATE COLLEGE          ,OK,74578-4999,Public       ,157,366,523,787,1271,2058
00315600,REDLANDS COMMUNITY COLLEGE              ,OK,73036-5304,Public       ,155,364,519,737,1237,1974
00315700,LANGSTON UNIVERSITY                     ,OK,73050-0000,Public       ,336,450,786,2040,2193,4233
00315800,MURRAY STATE COLLEGE                    ,OK,73460-3137,Public       ,232,459,691,1157,1891,3048
00316000,NORTHEASTERN OKLAHOMA A & M COLLEGE     ,OK,74354-6497,Public       ,298,391,689,1641,1302,2943
00316100,NORTHEASTERN STATE UNIVERSITY           ,OK,74464-2399,Public       ,598,1423,2021,5095,6727,11822
00316200,NORTHERN OKLAHOMA COLLEGE               ,OK,74653-0310,Public       ,410,616,1026,1871,2355,4226
00316300,NORTHWESTERN OKLAHOMA STATE UNIV        ,OK,73717-2799,Public       ,253,257,510,1359,990,2349
00316400,OKLAHOMA BAPTIST UNIVERSITY             ,OK,74801-2590,Private      ,165,100,265,2169,466,2635
00316500,OKLAHOMA CHRISTIAN UNIVERSITY           ,OK,73131-0000,Private      ,186,241,427,2038,854,2892
00316600,OKLAHOMA CITY UNIVERSITY                ,OK,73106-1493,Private      ,229,461,690,2397,2798,5195
00316700,UNIV OF SCIENCE & ARTS OF OKLAHOMA      ,OK,73018-5322,Public       ,107,114,221,730,479,1209
00316800,ROGERS STATE UNIVERSITY                 ,OK,74017-3252,Public       ,300,610,910,2548,3147,5695
00317000,OKLAHOMA STATE UNIVERSITY               ,OK,74078-1026,Public       ,1812,1696,3508,16152,8143,24295
00317200,OKLAHOMA STATE UNIVERSITY-OKMULGEE      ,OK,74447-3901,Public       ,335,534,869,1731,1985,3716
00317400,OKLAHOMA PANHANDLE STATE UNIVERSITY     ,OK,73939-0000,Public       ,188,175,363,902,503,1405
00317600,CARL ALBERT STATE COLLEGE               ,OK,74953-5208,Public       ,190,516,706,1287,2090,3377
00317800,SEMINOLE STATE COLLEGE                  ,OK,74818-1902,Public       ,222,449,671,1019,1402,2421
00317900,SOUTHEASTERN OKLAHOMA STATE UNIV        ,OK,74701-0609,Public       ,434,645,1079,2328,2440,4768
00318000,SOUTHWESTERN CHRISTIAN UNIVERSITY       ,OK,73008-2335,Private      ,66,226,292,393,531,924
00318100,SOUTHWESTERN OKLAHOMA STATE UNIV        ,OK,73096-3098,Public       ,468,580,1048,3020,2130,5150
00318101,SOUTHWESTERN OK STATE UNIV AT SAYRE     ,OK,73662-0000,Public       ,36,91,127,149,279,428
00318300,ST GREGORY'S UNIVERSITY                 ,OK,74804-2499,Private      ,44,133,177,331,402,733
00318308,SAINT GREGORY'S UNIVERSITY - IPD TULSA  ,OK,74135-2499,Private      ,5,48,53,54,187,241
00318400,UNIVERSITY OF OKLAHOMA                  ,OK,73019-4078,Public       ,1330,1862,3192,17071,10340,27411
00318401,UNIVERSITY OF OKLAHOMA-HLTH SCI CTR     ,OK,73190-0000,Public       ,49,317,366,517,3338,3855
00318500,UNIVERSITY OF TULSA                     ,OK,74104-3189,Private      ,217,331,548,3142,1981,5123
00398500,ORAL ROBERTS UNIVERSITY                 ,OK,74171-0001,Private      ,223,333,556,2928,1744,4672
00531100,TULSA COUNTY AREA VOC TECH SCHOOL       ,OK,74145-0000,Public       ,90,439,529,379,1469,1848
00531200,RED RIVER TECHNOLOGY CENTER             ,OK,73533-2700,Public       ,10,54,64,26,164,190
00533900,METRO TECHNOLOGY CENTERS SCH DIST22     ,OK,73111-0000,Public       ,74,418,492,223,1420,1643
00533903,METRO TECHNOLOGY CENTERS SCH DIST22     ,OK,73129-0000,Public       ,16,135,151,79,463,542
00694200,MID-AMERICA CHRISTIAN UNIVERSITY        ,OK,73170-4504,Private      ,77,677,754,455,2056,2511
00767800,SPARTAN COLLEGE OF AERONAUTICS AND TECHN,OK,74115-5800,Proprietary  ,146,212,358,1000,966,1966
00791100,VIRGILS BEAUTY COLLEGE                  ,OK,74401-6802,Proprietary  ,6,25,31,19,54,73
00834300,AUTRY TECHNOLOGY CENTER                 ,OK,73703-2598,Public       ,22,83,105,97,295,392
00861900,TRI COUNTY TECHNOLOGY CENTER            ,OK,74006-6029,Public       ,9,58,67,68,223,291
00918500,ROSE STATE COLLEGE                      ,OK,73110-2799,Public       ,624,1794,2418,2599,5918,8517
00920400,KIAMICHI AREA VOC TECH SCHOOL           ,OK,74578-0548,Public       ,78,306,384,291,1015,1306
00920408,KIAMICHI AREA VOC TECH SCHOOL           ,OK,74953-0000,Public       ,14,46,60,57,166,223
00961800,TULSA WELDING SCHOOL                    ,OK,74104-0000,Proprietary  ,289,647,936,1143,1742,2885
00964700,"OKLAHOMA STATE UNIV, OKLA CITY          ",OK,73107-6159,Public       ,517,1714,2231,2325,6146,8471
00970800,EVES COLLEGE OF HAIRSTYLING             ,OK,73501-4359,Proprietary  ,12,44,56,32,105,137
00976300,TULSA COMMUNITY COLLEGE                 ,OK,74135-6198,Public       ,1275,3430,4705,7649,13483,21132
00996300,CADDO KIOWA VOC TECH CENTER             ,OK,73038-0000,Public       ,21,114,135,67,331,398
00996400,CENTRAL OKLAHOMA AREA VOC TECH SCH      ,OK,74030-9613,Public       ,23,95,118,88,308,396
00996500,CANADIAN VALLEY TECHNOLOGY CENTER       ,OK,73036-9117,Public       ,27,127,154,99,371,470
00996800,GORDON COOPER TECHNOLOGY CENTER         ,OK,74804-9913,Public       ,39,125,164,109,428,537
01005300,INDIAN CAPITAL TECHNOLGY CENTER #4      ,OK,74403-9907,Public       ,52,178,230,179,701,880
01026600,HILLSDALE FREE WILL BAPTIST COLLEGE     ,OK,73153-0000,Private      ,40,22,62,183,84,267
01034200,SOUTHERN OKLAHOMA TECHNOLOGY CENTER     ,OK,73401-2100,Public       ,19,71,90,75,307,382
01039100,OKLAHOMA CITY COMMUNITY COLLEGE         ,OK,73159-4444,Public       ,1151,2777,3928,4439,9887,14326
01050304,WTI TULSA CAMPUS                        ,OK,74112-3140,Proprietary  ,5,54,59,24,188,212
01071700,GREAT PLAINS TECHNOLOGY CENTER SCHOOL DI,OK,73505-8399,Public       ,33,146,179,116,600,716
01076200,WESTERN OK AREA VOC TECH SCH DIST12     ,OK,73624-1469,Public       ,12,45,57,44,133,177
01120600,PIONEER TECHNOLOGY CENTER               ,OK,74601-1106,Public       ,11,55,66,28,208,236
01128200,OKLAHOMA STATE UNV CLG OSTEOPTHC MD     ,OK,74107-0000,Public       ,9,64,73,70,598,668
01153700,MID-AMERICA TECHNOLOGY CENTER           ,OK,73095-0210,Public       ,24,46,70,46,134,180
01227200,MOORE-NORMAN TECHNOLOGY CENTER          ,OK,73069-8399,Public       ,52,241,293,192,821,1013
02052700,NORTHEAST TECHNOLOGY CENTER             ,OK,74361-0487,Public       ,47,176,223,155,575,730
02060800,MERIDIAN TECHNOLOGY CENTER              ,OK,74074-0000,Public       ,27,103,130,114,382,496
02126500,ENID BEAUTY COLLEGE                     ,OK,73701-0000,Proprietary  ,4,18,22,16,55,71
02184400,SAND SPRINGS BEAUTY COLLEGE             ,OK,74063-0000,Proprietary  ,11,38,49,33,167,200
02197300,HOLLYWOOD COSMETOLOGY CENTER            ,OK,73189-0000,Proprietary  ,1,16,17,13,60,73
02222700,FRANCIS TUTTLE TECHNOLOGY CENTER        ,OK,73142-0000,Public       ,75,386,461,299,1428,1727
02238500,CENTRAL STATE BEAUTY ACADEMY            ,OK,73162-6007,Proprietary  ,14,97,111,50,295,345
02250900,E OK COUNTY AREA VO-TECH                ,OK,73020-0000,Public       ,7,25,32,27,78,105
02256200,"BROKEN ARROW BEAUTY COLLEGE, INC        ",OK,74012-0000,Proprietary  ,34,75,109,76,251,327
02282100,HIGH PLAINS AREA VOC-TECH               ,OK,73801-0000,Public       ,10,38,48,26,101,127
02306800,PLATT COLLEGE                           ,OK,74145-0000,Proprietary  ,103,557,660,311,1767,2078
02510300,BEAUTY TECHNICAL COLLEGE                ,OK,74465-0000,Proprietary  ,5,22,27,16,43,59
02531200,WOODWARD BEAUTY COLLEGE                 ,OK,73801-0000,Proprietary  ,6,12,18,7,32,39
02554300,AMERICAN BEAUTY INSTITUTE               ,OK,74501-0000,Proprietary  ,4,18,22,11,63,74
02556500,YUKON BEAUTY COLLEGE                    ,OK,73099-4108,Proprietary  ,1,13,14,6,25,31
02560200,PHILLIPS THEOLOGICAL SEMINARY -         ,OK,74116-5612,Private      ,1,23,24,2,88,90
02581100,CLAREMORE BEAUTY COLLEGE                ,OK,74017-7034,Proprietary  ,5,8,13,11,33,44
02581200,CC'S COSMETOLOGY COLLEGE                ,OK,74129-0000,Proprietary  ,14,66,80,62,158,220
02591101,CAREER POINT INSTITUTE                  ,OK,74146-0000,Proprietary  ,5,55,60,42,210,252
02596501,ATI-CAREER TRAINING CENTER - OKLAHOMA CI,OK,73107-2442,Proprietary  ,22,89,111,86,401,487
02596502,ATI- CAREER TRAINING CENTER - OKLAHOMA C,OK,76101-2740,Proprietary  ,4,37,41,31,171,202
02597400,PONTOTOC TECHNOLOGY CENTER SCHOOL       ,OK,74820-8621,Public       ,20,55,75,74,199,273
02599706,VATTEROTT COLLEGE - TULSA               ,OK,74146-2205,Proprietary  ,15,109,124,55,442,497
02600000,NORTHWEST TECHNOLOG CTR SCH DIST 10     ,OK,73717-9600,Public       ,12,32,44,41,69,110
02600500,WES WATKINS TECHNOLOGY CENTER           ,OK,74883-9660,Public       ,6,48,54,31,173,204
02609205,VATTEROTT COLLEGE - OKLAHOMA CITY       ,OK,73127-2103,Proprietary  ,13,132,145,52,637,689
03008700,SOUTHWEST TECHNOLOGY CENTER             ,OK,73521-1527,Public       ,8,52,60,31,120,151
03024700,STILLWATER BEAUTY ACADEMY               ,OK,74075-3467,Proprietary  ,2,21,23,13,47,60
03030700,OKLAHOMA SCHOOL OF PHOTOGRAPHY          ,OK,73160-3320,Proprietary  ,4,35,39,28,104,132
03030800,AMERICAN BROADCASTING SCHOOL            ,OK,73115-3334,Proprietary  ,15,62,77,50,292,342
03051100,CHISHOLM TRAIL TECHNOLOGY CENTER        ,OK,73764-9720,Public       ,5,21,26,10,67,77
03078500,TECH INST OF COSMETOLOGY ARTS & SCI     ,OK,74120-3610,Proprietary  ,10,27,37,40,90,130
03103800,SOUTHERN SCHOOL OF BEAUTY               ,OK,74701-5008,Proprietary  ,5,13,18,13,44,57
03109800,PONCA CITY BEAUTY COLLEGE               ,OK,74601-4201,Proprietary  ,2,13,15,4,20,24
03109801,BARTLESVILLE BEAUTY COLLEGE             ,OK,74003-2835,Proprietary  ,0,16,16,0,27,27
03115100,HERITAGE COLLEGE                        ,OK,73119-0000,Proprietary  ,61,328,389,217,976,1193
03124800,PLATT COLLEGE                           ,OK,73501-3808,Proprietary  ,14,98,112,59,349,408
03124901,IMAGINE -  PAUL MITCHELL PARTNER SCHOOL ,OK,73072-4831,Proprietary  ,23,48,71,94,206,300
03126200,GREEN COUNTRY AREA VOC TECH SCHOOL      ,OK,74447-1217,Public       ,9,30,39,52,106,158
03198400,MID-DEL AREA VOCATIONAL & TECH SCH      ,OK,73110-4825,Public       ,5,60,65,24,151,175
03329400,PRYOR BEAUTY COLLEGE                    ,OK,74361-0000,Proprietary  ,6,18,24,8,41,49
03329401,PRYOR BEAUTY COLLEGE - GROVE BEAUTY COLL,OK,74345-0009,Proprietary  ,5,14,19,7,25,32
03329402,PRYOR BEAUTY COLLEGE - NORTH EAST OKLAHO,OK,74338-0000,Proprietary  ,1,4,5,1,8,9
03367400,COMMUNITY CARE COLLEGE                  ,OK,74145-6420,Proprietary  ,147,459,606,421,1407,1828
03396300,OKLAHOMA HEALTH ACADEMY                 ,OK,74105-6220,Proprietary  ,14,91,105,63,265,328
03396400,OKLAHOMA HEALTH ACADEMY                 ,OK,73160-3667,Proprietary  ,3,41,44,37,169,206
03453400,SHAWNEE BEAUTY COLLEGE                  ,OK,74801-7014,Proprietary  ,2,18,20,7,37,44
03676300,FAMILY OF FAITH COLLEGE                 ,OK,74802-1805,Private      ,3,7,10,12,18,30
03831300,INSTITUTE OF HAIR DESIGN                ,OK,74804-0000,Proprietary  ,1,12,13,2,28,30
03928300,CENTRAL STATE MASSAGE ACADEMY           ,OK,73162-6007,Proprietary  ,3,28,31,25,77,102
04027300,4-STATES ACADEMY OF COSMETOLOGY         ,OK,74354-0000,Proprietary  ,1,1,2,5,6,11
04051324,ART INSTITUTE OF PHOENIX (THE) - BROWN M,OK,74146-5234,Proprietary  ,51,237,288,122,660,782
04060300,AMERICAN INSTITUTE OF MEDICAL TECHNOLOGY,OK,74146-5201,Proprietary  ,7,57,64,46,237,283
04062300,BROOKLINE COLLEGE                       ,OK,73114-6318,Proprietary  ,4,40,44,24,151,175
04121300,4-STATES OKMULGEE ACADEMY OF COSMETOLOGY,OK,74447-0000,Proprietary  ,2,11,13,9,30,39
04133600,CUTTER'S EDGE SCHOOL OF COSMETOLOGY     ,OK,74023-2905,Proprietary  ,0,6,6,5,25,30
04144400,ACADEMY OF HAIR DESIGN (THE)            ,OK,73120-6808,Proprietary  ,11,41,52,39,144,183
00163700,BETHANY THEOLOGICAL SEMINARY            ,IN,47374-0000,Private      ,0,11,11,1,65,66
00178400,ANCILLA COLLEGE-FINANCIAL AID OFFC      ,IN,46513-0001,Private      ,21,67,88,456,553,1009
00178500,ANDERSON UNIVERSITY                     ,IN,46012-3495,Private      ,101,228,329,2885,1260,4145
00178600,BALL STATE UNIVERSITY                   ,IN,47306-0880,Public       ,553,979,1532,21722,10695,32417
00178700,BETHEL COLLEGE INC                      ,IN,46545-5591,Private      ,30,193,223,1742,1619,3361
00178800,BUTLER UNIVERSITY                       ,IN,46208-3487,Private      ,110,221,331,7825,2108,9933
00178900,CHRISTIAN THEOLOGICAL SEMINARY          ,IN,46208-0000,Private      ,0,35,35,7,283,290
00179200,DEPAUW UNIVERSITY                       ,IN,46135-0037,Private      ,37,6,43,3165,158,3323
00179300,EARLHAM COLLEGE                         ,IN,47374-4095,Private      ,26,20,46,1452,211,1663
00179301,EARLHAM SCHOOL OF RELIGION              ,IN,47374-0000,Private      ,0,7,7,7,68,75
00179500,UNIVERSITY OF EVANSVILLE                ,IN,47722-0002,Private      ,61,93,154,3888,895,4783
00179800,FRANKLIN COLLEGE OF INDIANA             ,IN,46131-2623,Private      ,21,40,61,1920,310,2230
00179900,GOSHEN COLLEGE                          ,IN,46526-4794,Private      ,33,79,112,1018,472,1490
00180000,GRACE COLLEGE & THEO SEMINARY           ,IN,46590-1224,Private      ,39,94,133,1650,1022,2672
00180100,HANOVER COLLEGE                         ,IN,47243-0108,Private      ,26,12,38,2300,119,2419
00180300,HUNTINGTON UNIVERSITY                   ,IN,46750-1299,Private      ,35,64,99,1419,437,1856
00180400,UNIVERSITY OF INDIANAPOLIS              ,IN,46227-3697,Private      ,96,522,618,5713,4840,10553
00180500,INDIANA INSTITUTE OF TECHNOLOGY         ,IN,46803-1297,Private      ,104,702,806,2114,4184,6298
00180700,INDIANA STATE UNIVERSITY                ,IN,47809-2501,Public       ,336,840,1176,12164,8089,20253
00180800,UNIVERSITY OF SOUTHERN INDIANA          ,IN,47712-3596,Public       ,277,528,805,9191,4122,13313
00180900,INDIANA UNIVERSITY-BLOOMINGTON          ,IN,47405-1223,Public       ,830,1046,1876,32833,12742,45575
00181100,INDIANA UNIV-EAST                       ,IN,47374-1289,Public       ,100,355,455,1629,2433,4062
00181300,INDIANA UNIV-PURDUE UNIV INDPLS         ,IN,46202-5145,Public       ,611,2145,2756,18193,23214,41407
00181301,INDIANA UNIVERSITY - PURDUE UNIVERSITY I,IN,47203-1769,Public       ,60,251,311,1842,2116,3958
00181400,INDIANA UNIV KOKOMO                     ,IN,46902-3557,Public       ,91,258,349,1852,2504,4356
00181500,INDIANA UNIV-NORTHWEST                  ,IN,46408-1197,Public       ,264,760,1024,3402,5293,8695
00181600,INDIANA UNIVERSITY - SOUTH BEND         ,IN,46615-0000,Public       ,222,684,906,4970,6272,11242
00181700,INDIANA UNIVERSITY-SOUTHEAST            ,IN,47150-6405,Public       ,299,674,973,4471,4458,8929
00182000,MANCHESTER COLLEGE                      ,IN,46962-1276,Private      ,23,24,47,2554,299,2853
00182100,MARIAN UNIVERSITY                       ,IN,46222-1997,Private      ,60,283,343,2077,2316,4393
00182200,INDIANA WESLEYAN UNIVERSITY             ,IN,46953-4974,Private      ,154,2613,2767,4474,14954,19428
00182300,ASSOCIATED MENNONITE BIBLICAL SEM       ,IN,46517-1999,Private      ,1,12,13,2,104,106
00182400,OAKLAND CITY UNIVERSITY                 ,IN,47660-1099,Private      ,12,104,116,563,1895,2458
00182500,PURDUE UNIVERSITY                       ,IN,47907-2050,Public       ,645,845,1490,31599,8698,40297
00182600,PURDUE UNIV NORTH CENTRAL CAMPUS        ,IN,46391-9542,Public       ,160,311,471,2650,2965,5615
00182700,PURDUE UNIV CALUMET                     ,IN,46323-2094,Public       ,425,950,1375,5229,6250,11479
00182800,INDIANA UNIV-PURDUE UNIV FORT WAYNE     ,IN,46805-1499,Public       ,422,1132,1554,9548,9022,18570
00183000,ROSE HULMAN INSTITUTE OF TECHNOLOGY     ,IN,47803-3999,Private      ,43,17,60,3215,135,3350
00183200,UNIVERSITY OF SAINT FRANCIS             ,IN,46808-3994,Private      ,49,183,232,2255,2069,4324
00183300,ST JOSEPH'S COLLEGE                     ,IN,47978-0000,Private      ,13,29,42,1315,215,1530
00183400,CALUMET COLLEGE OF SAINT JOSEPH         ,IN,46394-2195,Private      ,75,186,261,563,883,1446
00183500,SAINT MARY-OF-THE-WOODS COLLEGE         ,IN,47876-0067,Private      ,16,170,186,424,1173,1597
00183600,ST MARY'S COLLEGE                       ,IN,46556-5007,Private      ,14,10,24,1760,90,1850
00183800,TAYLOR UNIVERSITY                       ,IN,46989-1001,Private      ,34,32,66,2437,275,2712
00183900,TRINE UNIVERSITY                        ,IN,46703-1764,Private      ,32,129,161,2751,1024,3775
00184000,UNIVERSITY OF NOTRE DAME                ,IN,46556-5602,Private      ,128,179,307,12539,3426,15965
00184200,VALPARAISO UNIVERSITY                   ,IN,46383-6493,Private      ,86,228,314,4481,2057,6538
00184300,VINCENNES UNIVERSITY                    ,IN,47591-1523,Public       ,349,734,1083,6645,4730,11375
00184400,WABASH COLLEGE                          ,IN,47933-0352,Private      ,20,5,25,1318,70,1388
00457900,INTERNATIONAL BUSINESS COLLEGE          ,IN,46804-0000,Proprietary  ,37,67,104,782,456,1238
00457901,INTERNATIONAL BUSINESS COLLEGE          ,IN,46256-0000,Proprietary  ,20,55,75,669,442,1111
00625700,SAINT ELIZABETH SCHOOL OF NURSING       ,IN,47904-2198,Private      ,0,19,19,152,361,513
00726300,HOLY CROSS COLLEGE                      ,IN,46556-0308,Private      ,29,21,50,657,139,796
00727600,SAINT MEINRAD SCHOOL OF THEOLOGY        ,IN,47577-1002,Private      ,0,57,57,1,124,125
00732900,ITT TECHNICAL INSTITUTE                 ,IN,46268-1119,Proprietary  ,724,4298,5022,2178,11735,13913
00732908,ITT TECHNICAL INSTITUTE                 ,IN,46143-1067,Proprietary  ,6,35,41,66,135,201
00732933,ITT TECHNICAL INSTITUTE                 ,IN,46635-1512,Proprietary  ,9,74,83,191,512,703
00732962,ITT TECHNICAL INSTITUTE                 ,IN,47630-7430,Proprietary  ,357,1365,1722,1120,3901,5021
00732968,ITT TECHNICAL INSTITUTE                 ,IN,46410-0000,Proprietary  ,10,49,59,132,410,542
00732993,ITT TECHNICAL INSTITUTE                 ,IN,46825-2393,Proprietary  ,382,1295,1677,1130,3859,4989
00736200,MEDTECH COLLEGE                         ,IN,46250-3970,Proprietary  ,44,230,274,274,1875,2149
00736202,MEDTECH COLLEGE - GREENWOOD             ,IN,46143-6478,Proprietary  ,25,158,183,152,953,1105
00736204,MEDTECH COLLEGE - FORT WAYNE            ,IN,46804-2209,Proprietary  ,16,163,179,160,961,1121
00793800,LINCOLN COLLEGE OF TECHNOLOGY           ,IN,46202-0000,Proprietary  ,144,199,343,1735,1228,2963
00842300,IVY TECH COMMUNITY COLLEGE OF INDIANA - ,IN,46601-3892,Public       ,261,1230,1491,2693,9190,11883
00854600,NOT FOR STUDENT USE                     ,IN,46208-4700,Public       ,10,77,87,16,97,113
00854700,IVY TECH COMMUNITY COLLEGE OF INDIANA - ,IN,47802-4898,Public       ,206,754,960,2210,5388,7598
00931306,DAYMAR COLLEGE - ROCKPORT               ,IN,47635-1506,Proprietary  ,0,3,3,0,3,3
00951500,J MICHAEL HARROLD BEAUTY ACADEMY        ,IN,47807-3390,Proprietary  ,16,37,53,45,113,158
00961200,"APEX SCHOOL OF BEAUTY CULTURE, INC      ",IN,46016-0000,Proprietary  ,1,6,7,13,48,61
00961300,MERRILLVILLE BEAUTY COLLEGE             ,IN,46410-3401,Proprietary  ,7,32,39,26,101,127
00967300,RUDAE'S SCHOOL OF BEAUTY CULTURE        ,IN,46825-5444,Proprietary  ,40,66,106,142,210,352
00977700,KAPLAN COLLEGE                          ,IN,46278-1736,Proprietary  ,55,307,362,381,1627,2008
00977702,KAPLAN COLLEGE - TEMPORARY FACILITY EXPA,IN,46268-4111,Proprietary  ,0,16,16,13,95,108
00977703,KAPLAN COLLEGE -  SE INDY               ,IN,46227-0000,Proprietary  ,23,212,235,177,855,1032
00991700,IVY TECH COMMUNITY COLLEGE OF INDIANA   ,IN,46208-1763,Public       ,2327,9897,12224,13597,38570,52167
00991713,IVY TECH COMMUNITY COLLEGE OF INDIANA - ,IN,47302-9448,Public       ,223,937,1160,3641,8372,12013
00991715,IVY TECH COMMUNITY COLLEGE OF INDIANA - ,IN,47903-6299,Public       ,292,896,1188,3485,6592,10077
00991720,IVY TECH COMMUNITY COLLEGE OF INDIANA - ,IN,46805-1489,Public       ,475,1617,2092,5020,11950,16970
00991725,IVY TECH COMMUNITY COLLEGE OF INDIANA - ,IN,47374-1220,Public       ,133,636,769,1253,4195,5448
00991731,IVY TECH COMMUNITY COLLEGE OF INDIANA - ,IN,46409-1303,Public       ,352,1203,1555,3172,8865,12037
00991735,IVY TECH COMMUNITY COLLEGE OF INDIANA - ,IN,46903-1373,Public       ,138,652,790,1648,5428,7076
00991736,IVY TECH COMMUNITY COLLEGE OF INDIANA - ,IN,47203-1868,Public       ,136,610,746,1822,4469,6291
00991745,IVY TECH COMMUNITY COLLEGE OF INDIANA - ,IN,47172-1897,Public       ,190,653,843,1662,4304,5966
00991747,IVY TECH COMMUNITY COLLEGE OF INDIANA - ,IN,47710-3398,Public       ,212,832,1044,2086,5276,7362
00991750,IVY TECH COMMUNITY COLLEGE OF INDIANA - ,IN,47404-9772,Public       ,257,684,941,3168,5078,8246
00991752,IVY TECH COMMUNITY COLLEGE OF INDIANA - ,IN,47250-1881,Public       ,87,302,389,976,2408,3384
01015100,VINCENNES BEAUTY COLLEGE                ,IN,47591-1297,Proprietary  ,3,19,22,25,64,89
01040900,LAFAYETTE BEAUTY ACADEMY                ,IN,47901-1149,Proprietary  ,17,36,53,77,160,237
01048900,NATIONAL COLLEGE                        ,IN,46250-1930,Proprietary  ,7,75,82,103,1141,1244
01048910,NATIONAL COLLEGE - SOUTH BEND           ,IN,46617-3123,Proprietary  ,4,58,62,30,213,243
01048911,NATIONAL COLLEGE - FORT WAYNE           ,IN,46826-4905,Proprietary  ,5,23,28,35,160,195
01061800,MID-AMERICA CLG FUNERAL SERVICE         ,IN,47130-9990,Private      ,17,34,51,62,138,200
01150500,CREATIVE HAIR STYLING ACADEMY           ,IN,46322-1554,Proprietary  ,29,50,79,80,139,219
02084800,RAVENSCROFT BEAUTY COLLEGE              ,IN,46815-0000,Proprietary  ,20,96,116,88,200,288
02087600,CONCORDIA THEOLOGICAL SEMINARY          ,IN,46825-0000,Private      ,1,25,26,5,222,227
02100402,EVEREST INSTITUTE - EVEREST COLLEGE     ,IN,46410-7064,Proprietary  ,59,301,360,247,1066,1313
02140800,MARTIN UNIVERSITY                       ,IN,46218-0000,Private      ,34,381,415,194,1592,1786
02158400,HARRISON COLLEGE                        ,IN,46204-2611,Proprietary  ,97,666,763,683,4249,4932
02158401,HARRISON COLLEGE - COLUMBUS             ,IN,47203-1843,Proprietary  ,10,73,83,104,499,603
02158402,HARRISON COLLEGE - LAFAYETTE            ,IN,47905-4859,Proprietary  ,17,73,90,147,510,657
02158404,HARRISON COLLEGE - MARION               ,IN,46952-0000,Proprietary  ,0,0,0,0,1,1
02158405,HARRISON COLLEGE - TERRE HAUTE          ,IN,47802-0000,Proprietary  ,12,84,96,87,584,671
02158407,HARRISON COLLEGE - ANDERSON             ,IN,46013-0000,Proprietary  ,11,110,121,116,618,734
02158409,HARRISON COLLEGE - EVANSVILLE           ,IN,47715-3901,Proprietary  ,13,102,115,150,549,699
02158410,HARRISON COLLEGE - EAST                 ,IN,46239-8903,Proprietary  ,26,173,199,215,1079,1294
02158412,HARRISON COLLEGE - FORT WAYNE           ,IN,46825-0000,Proprietary  ,24,142,166,237,984,1221
02158413,HARRISON COLLEGE - NORTHWEST            ,IN,46278-0000,Proprietary  ,22,75,97,217,458,675
02158800,DON ROBERTS BEAUTY SCHOOLS              ,IN,46383-0000,Proprietary  ,7,30,37,26,93,119
02164300,DON ROBERTS SCHOOL OF HAIR DESIGN       ,IN,46375-9999,Proprietary  ,4,17,21,37,71,108
02180108,ROSS MEDICAL EDUCATION CENTER -         ,IN,46530-4479,Proprietary  ,4,13,17,20,59,79
02201800,KAPLAN COLLEGE                          ,IN,46410-0000,Proprietary  ,16,81,97,119,553,672
02201802,KAPLAN COLLEGE - HAMMOND                ,IN,46324-3347,Proprietary  ,25,188,213,149,755,904
02241700,PJ'S COLLEGE OF COSMETOLOGY             ,IN,47129-0000,Proprietary  ,16,60,76,60,202,262
02245505,FORTIS COLLEGE - INDIANAPOLIS CAMPUS    ,IN,46268-0000,Proprietary  ,14,69,83,59,352,411
02302700,J EVERETT LIGHT CAREER CENTER           ,IN,46240-0000,Public       ,4,32,36,59,323,382
02304800,PJ'S COLLEGE OF COSMETOLOGY             ,IN,47374-0000,Proprietary  ,7,24,31,24,120,144
02308900,MASTER'S OF COSMETOLOGY COLLEGE         ,IN,46809-0000,Proprietary  ,14,42,56,104,142,246
02339600,ROGER'S ACADEMY OF HAIR DESIGN          ,IN,47712-0000,Proprietary  ,13,59,72,52,158,210
02345200,EMPIRE BEAUTY SCHOOL                    ,IN,46237-0000,Proprietary  ,36,129,165,197,608,805
02351300,KNOX BEAUTY COLLEGE                     ,IN,46534-0000,Proprietary  ,4,7,11,19,30,49
02490500,HAIR FASHIONS BY KAYE BEAUTY CLG        ,IN,46250-0000,Proprietary  ,13,56,69,67,260,327
02490800,HAIR FASHIONS BY KAYE BEAUTY CLG        ,IN,46060-0000,Proprietary  ,10,28,38,40,93,133
02607000,HAIR ARTS ACADEMY                       ,IN,47404-3581,Proprietary  ,12,44,56,38,131,169
02615800,COLLEGE OF COURT REPORTING              ,IN,46342-5969,Proprietary  ,2,67,69,28,337,365
03009700,HARRISON COLLEGE                        ,IN,47303-6413,Proprietary  ,8,97,105,102,477,579
03009701,HARRISON COLLEGE - MUNCIE - ELKHART     ,IN,46516-9795,Proprietary  ,17,79,96,104,542,646
03100600,MARION COMM TUCKER AREA VOC SCHOOL      ,IN,46952-3831,Public       ,2,19,21,34,158,192
03176300,AVIATION INSTITUTE OF MAINTENANCE       ,IN,46241-1445,Proprietary  ,23,106,129,122,490,612
03262300,DAVID DEMUTH INSTITUTE OF COSM          ,IN,47374-4101,Proprietary  ,2,12,14,10,59,69
03456700,CROSSROADS BIBLE COLLEGE                ,IN,46219-4912,Private      ,5,49,54,79,329,408
03538300,ALEXANDRIA SCH OF SCIENTIFIC THERAP     ,IN,46001-0287,Proprietary  ,1,26,27,26,95,121
04038700,IDEAL BEAUTY ACADEMY                    ,IN,47130-4215,Proprietary  ,9,32,41,24,67,91
04051304,ART INSTITUTE OF PHOENIX (THE) - ART  IN,IN,46268-1170,Proprietary  ,103,197,300,1129,1096,2225
04051311,ART INSTITUTE OF PHOENIX (THE) - BROWN M,IN,46410-5608,Proprietary  ,24,168,192,161,841,1002
04051312,ART INSTITUTE OF PHOENIX (THE) - BROWN M,IN,46360-7362,Proprietary  ,17,115,132,103,535,638
04051318,ART INSTITUTE OF PHOENIX (THE) - BROWN M,IN,46204-1017,Proprietary  ,53,317,370,378,1665,2043
04051321,ART INSTITUTE OF PHOENIX (THE) - BROWN M,IN,46635-1176,Proprietary  ,39,195,234,305,1310,1615
04051322,ART INSTITUTE OF PHOENIX (THE) - BROWN M,IN,46805-0000,Proprietary  ,49,366,415,331,1757,2088
04100300,SUCCESS SCHOOLS                         ,IN,46410-5310,Proprietary  ,22,58,80,62,179,241
04121000,TECHSKILLS - INDIANAPOLIS               ,IN,46240-4302,Proprietary  ,4,62,66,22,193,215
04130900,HONORS BEAUTY COLLEGE                   ,IN,46256-3317,Proprietary  ,20,64,84,86,259,345
04155900,AVEDA FREDRIC'S INSTITUTE               ,IN,46250-4746,Proprietary  ,15,33,48,122,178,300
04166700,REM SPA INC                             ,IN,46013-3136,Proprietary  ,18,41,59,59,141,200
04171700,AVANT GARD THE SCHOOL                   ,IN,46214-6500,Proprietary  ,11,13,24,32,67,99
04172700,SALON PROFESSIONAL ACADEMY (THE)        ,IN,47715-7822,Proprietary  ,15,44,59,74,173,247
04184000,PAUL MITCHELL THE SCHOOL INDIANAPOLIS   ,IN,46227-6252,Proprietary  ,29,47,76,152,202,354
04186600,SALON PROFESSIONAL ACADEMY (THE)        ,IN,46901-6248,Proprietary  ,7,19,26,21,63,84
00190100,ALLEN COUNTY COMMUNITY COLLEGE          ,KS,66749-1607,Public       ,227,485,712,994,1439,2433
00190200,COWLEY COUNTY COMMUNITY COLLEGE & AREA V,KS,67005-2662,Public       ,352,844,1196,1570,2642,4212
00190300,BAKER UNIVERSITY                        ,KS,66006-0065,Private      ,93,572,665,1405,2042,3447
00190400,BETHANY COLLEGE                         ,KS,67456-1897,Private      ,42,19,61,820,126,946
00190500,BETHEL COLLEGE                          ,KS,67117-0531,Private      ,44,26,70,645,137,782
00190600,BUTLER COUNTY COMMUNITY COLLEGE         ,KS,67042-3280,Public       ,805,1541,2346,4146,5343,9489
00190700,CENTRAL BAPTIST THEOLOGY SEMINARY       ,KS,66226-3513,Private      ,0,16,16,0,56,56
00190800,CENTRAL CHRISTIAN COLLEGE OF KANSAS     ,KS,67460-5799,Private      ,27,85,112,488,183,671
00190900,CLOUD COUNTY COMMUNITY COLLEGE          ,KS,66901-1002,Public       ,143,336,479,815,1050,1865
00191000,COFFEYVILLE COMMUNITY COLLEGE           ,KS,67337-5064,Public       ,192,206,398,1029,613,1642
00191100,COLBY COMMUNITY COLLEGE                 ,KS,67701-4099,Public       ,98,96,194,599,404,1003
00191300,DODGE CITY COMMUNITY COLLEGE            ,KS,67801-2399,Public       ,185,248,433,788,704,1492
00191400,DONNELLY COLLEGE                        ,KS,66102-4298,Private      ,56,280,336,212,699,911
00191500,FORT HAYS STATE UNIVERSITY              ,KS,67601-4099,Public       ,380,1047,1427,3909,4864,8773
00191600,FORT SCOTT COMMUNITY COLLEGE            ,KS,66701-3199,Public       ,184,303,487,1172,1069,2241
00191700,BARCLAY COLLEGE                         ,KS,67059-0288,Private      ,27,41,68,141,122,263
00191800,FRIENDS UNIVERSITY                      ,KS,67213-3397,Private      ,83,522,605,1322,2720,4042
00191900,GARDEN CITY COMMUNITY COLLEGE           ,KS,67846-6398,Public       ,144,190,334,857,642,1499
00192000,HESSTON COLLEGE                         ,KS,67062-2093,Private      ,23,16,39,469,187,656
00192100,HIGHLAND COMMUNITY COLLEGE              ,KS,66035-4062,Public       ,228,426,654,1200,1517,2717
00192300,HUTCHINSON COMMUNITY COLLEGE            ,KS,67501-5894,Public       ,347,784,1131,2260,2634,4894
00192400,INDEPENDENCE COMMUNITY COLLEGE          ,KS,67301-0708,Public       ,132,182,314,520,512,1032
00192500,KANSAS CITY KANSAS COMMUNITY CLG        ,KS,66112-9978,Public       ,499,1470,1969,1909,5118,7027
00192502,"KANSAS CITY KS AREA TECH SCHOOL, KS     ",KS,66104-0000,Public       ,19,81,100,111,328,439
00192600,PITTSBURG STATE UNIVERSITY              ,KS,66762-7500,Public       ,639,691,1330,4976,2885,7861
00192700,EMPORIA STATE UNIVERSITY                ,KS,66801-5087,Public       ,297,433,730,3184,2779,5963
00192800,KANSAS STATE UNIVERSITY                 ,KS,66506-1104,Public       ,1137,1209,2346,15354,6762,22116
00192900,KANSAS WESLEYAN UNIVERSITY              ,KS,67401-6196,Private      ,50,60,110,1082,345,1427
00193000,LABETTE COMMUNITY COLLEGE               ,KS,67357-4299,Public       ,141,290,431,630,882,1512
00193100,MANHATTAN CHRISTIAN COLLEGE             ,KS,66502-4081,Private      ,36,44,80,371,138,509
00193300,MCPHERSON COLLEGE                       ,KS,67460-3899,Private      ,42,29,71,843,180,1023
00193600,NEOSHO COUNTY COMMUNITY COLLEGE         ,KS,66720-2699,Public       ,118,326,444,679,1239,1918
00193700,OTTAWA UNIVERSITY                       ,KS,66067-3399,Private      ,63,817,880,905,2698,3603
00193800,PRATT COMMUNITY COLLEGE                 ,KS,67124-8432,Public       ,103,195,298,611,746,1357
00193900,NEWMAN UNIVERSITY                       ,KS,67213-2084,Private      ,92,333,425,1271,1665,2936
00194000,SOUTHWESTERN COLLEGE                    ,KS,67156-2499,Private      ,30,278,308,827,1163,1990
00194300,UNIVERSITY OF ST MARY                   ,KS,66048-5023,Private      ,64,175,239,675,598,1273
00194500,STERLING COLLEGE                        ,KS,67579-1533,Private      ,75,43,118,800,171,971
00194600,TABOR COLLEGE                           ,KS,67063-1799,Private      ,38,82,120,755,253,1008
00194800,UNIVERSITY OF KANSAS                    ,KS,66045-7535,Public       ,968,1087,2055,16111,10590,26701
00194900,WASHBURN UNIVERSITY                     ,KS,66621-1110,Public       ,365,821,1186,3288,4392,7680
00194901,WASHBURN UNIVERSITY -TOPEKA - WASHBURN I,KS,66604-2199,Public       ,93,244,337,593,1050,1643
00195000,WICHITA STATE UNIVERSITY                ,KS,67208-0001,Public       ,842,1768,2610,6890,8493,15383
00460800,BARTON COUNTY COMMUNITY COLLEGE         ,KS,67530-9283,Public       ,152,572,724,895,1730,2625
00526400,FLINT HILLS TECHNICAL COLLEGE           ,KS,66801-5999,Public       ,66,112,178,273,476,749
00526500,NORTH CENTRAL KANSAS TECH COLG          ,KS,67420-0000,Public       ,70,94,164,374,342,716
00526700,NORTHWEST KANSAS TECHNICAL SCHOOL       ,KS,67735-3441,Public       ,63,49,112,259,173,432
00549800,WICHITA AREA TECHNICAL COLLEGE          ,KS,67211-2099,Public       ,165,920,1085,495,2509,3004
00549900,SALINA AREA TECHNICAL COLLEGE           ,KS,67401-8195,Public       ,36,102,138,191,269,460
00550000,MANHATTAN AREA TECHNICAL COLLEGE        ,KS,66503-2499,Public       ,81,161,242,389,691,1080
00675500,BROWN MACKIE COLLEGE (THE)              ,KS,67401-7307,Proprietary  ,131,447,578,450,1516,1966
00703200,MID AMERICA NAZARENE UNIVERSITY         ,KS,66062-1899,Private      ,89,360,449,989,1113,2102
00822800,SEWARD CO COMM CO/AREA TECHNICAL SCHOOL ,KS,67905-0000,Public       ,119,195,314,504,558,1062
00824400,JOHNSON COUNTY COMMUNITY COLLEGE        ,KS,66210-1299,Public       ,1003,1970,2973,5969,8598,14567
00833200,B-STREET DESIGN SCHOOL OF INTERNATIONAL ,KS,66502-6082,Proprietary  ,21,52,73,43,126,169
00868200,ACADEMY OF HAIR DESIGN                  ,KS,67401-2803,Proprietary  ,0,0,0,9,13,22
01025600,BENEDICTINE COLLEGE                     ,KS,66002-1499,Private      ,95,50,145,2204,195,2399
01043800,HASKELL INDIAN NATIONS UNIVERSITY       ,KS,66046-4800,Public       ,167,176,343,940,731,1671
01050300,WICHITA TECHNICAL INSTITUTE             ,KS,67213-1927,Proprietary  ,66,361,427,194,1052,1246
01050302,WICHITA TECHNICAL INSTITUTE - WTI TOPEKA,KS,66609-1217,Proprietary  ,18,114,132,57,378,435
01050305,WICHITA TECHNICAL INSTITUTE - EAST CAMPU,KS,67208-4243,Proprietary  ,18,94,112,73,353,426
02090700,CLEVELAND CHIROPRACTIC COLLEGE          ,KS,66210-1613,Private      ,8,119,127,49,549,598
02134800,OLD TOWN BARBER AND BEAUTY COLLEGE      ,KS,67211-0000,Proprietary  ,15,32,47,41,79,120
02196400,CAPITOL CITY HAIR DESIGN COLLEGE        ,KS,66102-0000,Proprietary  ,0,0,0,6,14,20
02257700,HAYS ACADEMY OF HAIR DESIGN             ,KS,67601-0000,Proprietary  ,9,11,20,52,57,109
02303500,AMERICAN INSTITUTE OF BAKING            ,KS,66502-0000,Private      ,2,7,9,19,31,50
02340700,LABARON HAIRDRESSING ACADEMY            ,KS,66204-0000,Proprietary  ,5,13,18,12,46,58
02590900,WRIGHT CAREER COLLEGE                   ,KS,66212-0000,Private      ,171,878,1049,363,2273,2636
02599709,VATTEROTT COLLEGE - WICHITA             ,KS,67226-1304,Proprietary  ,15,110,125,79,522,601
02603100,XENON INTERNATIONAL ACADEMY             ,KS,67203-5428,Proprietary  ,42,55,97,133,231,364
02606300,PAUL MITCHELL THE SCHOOL WICHITA        ,KS,67226-2803,Proprietary  ,40,51,91,114,157,271
02611005,HERITAGE COLLEGE - WICHITA              ,KS,67210-1879,Proprietary  ,58,267,325,185,838,1023
02613000,PINNACLE CAREER INSTITUTE               ,KS,66046-2703,Proprietary  ,19,92,111,72,357,429
03031300,XENON INTERNATIONAL ACADEMY IV          ,KS,66061-3765,Proprietary  ,15,30,45,60,107,167
03066200,BRYAN COLLEGE                           ,KS,66604-2496,Proprietary  ,8,70,78,33,310,343
03450300,B-STREET DESIGN SCHOOL OF INTERNATIONAL ,KS,66611-2373,Proprietary  ,17,74,91,49,177,226
03450301,B-STREET DESIGN SCHOOL OF INTERNATIONAL ,KS,67207-5148,Proprietary  ,15,44,59,37,106,143
03450302,B-STREET DESIGN SCHOOL OF INTERNATIONAL ,KS,66212-5451,Proprietary  ,31,45,76,87,168,255
03529300,SIDNEY'S HAIRDRESSING COLLEGE           ,KS,67501-7094,Proprietary  ,8,20,28,30,64,94
04132900,Z HAIR ACADEMY                          ,KS,66046-4040,Proprietary  ,20,20,40,48,64,112
04162700,ERIC FISHER ACADEMY                     ,KS,67212-3376,Proprietary  ,40,64,104,140,181,321
04175700,ACADEMY OF AESTHETIC ARTS               ,KS,66203-3502,Proprietary  ,5,25,30,17,56,73
04179600,ENTOURAGE INSTITUTE OF BEAUTY AND ESTHET,KS,66215-3803,Proprietary  ,5,14,19,11,43,54
00203300,UNIVERSITY OF MAINE-PRESQUE ISLE        ,ME,04769-2888,Public       ,38,89,127,778,570,1348
00203500,BANGOR THEOLOGICAL SEMINARY             ,ME,04402-0411,Private      ,0,14,14,2,63,65
00203600,BATES COLLEGE                           ,ME,04240-6028,Private      ,51,12,63,2970,133,3103
00203800,BOWDOIN COLLEGE                         ,ME,04011-8451,Private      ,27,16,43,3935,116,4051
00203900,COLBY COLLEGE                           ,ME,04901-8841,Private      ,45,9,54,3102,86,3188
00204000,UNIVERSITY OF MAINE-FARMINGTON          ,ME,04938-1990,Public       ,62,51,113,2711,555,3266
00204100,UNIVERSITY OF MAINE-FORT KENT           ,ME,04743-1292,Public       ,35,68,103,627,394,1021
00204300,HUSSON UNIVERSITY                       ,ME,04401-2999,Private      ,78,162,240,2770,1558,4328
00204400,MAINE MARITIME ACADEMY                  ,ME,04420-0001,Public       ,21,15,36,1081,175,1256
00205000,UNIVERSITY OF NEW ENGLAND               ,ME,04005-9599,Private      ,65,392,457,4343,3880,8223
00205100,SAINT JOSEPH'S COLLEGE                  ,ME,04084-5263,Private      ,44,335,379,1747,1190,2937
00205200,THOMAS COLLEGE                          ,ME,04901-5097,Private      ,50,44,94,1049,312,1361
00205300,UNIVERSITY OF MAINE                     ,ME,04469-0001,Public       ,269,365,634,11113,3358,14471
00205400,UNIVERSITY OF SOUTHERN MAINE            ,ME,04104-0000,Public       ,296,590,886,6673,5779,12452
00205500,UNIVERSITY OF MAINE-MACHIAS             ,ME,04654-1397,Public       ,29,56,85,531,374,905
00458615,KAPLAN UNIVERSITY - PORTLAND            ,ME,04106-2415,Proprietary  ,30,159,189,120,705,825
00458616,KAPLAN UNIVERSITY - LEWISTON            ,ME,04240-0000,Proprietary  ,20,221,241,90,799,889
00520400,BEAL COLLEGE                            ,ME,04401-6896,Proprietary  ,35,119,154,237,658,895
00527600,CENTRAL MAINE COMMUNITY COLLEGE         ,ME,04210-6498,Public       ,206,393,599,1554,2051,3605
00527700,EASTERN MAINE COMMUNITY COLLEGE         ,ME,04401-4280,Public       ,154,327,481,1655,1783,3438
00552500,SOUTHERN MAINE COMMUNITY  COLLEGE       ,ME,04106-1698,Public       ,452,808,1260,3806,4227,8033
00576000,NORTHERN MAINE COMMUNITY COLLEGE        ,ME,04769-2016,Public       ,68,179,247,461,721,1182
00630501,CENTRAL MAINE MEDICAL CENTER - COLLEGE O,ME,04240-4500,Private      ,8,41,49,103,346,449
00676000,UNIVERSITY OF MAINE-AUGUSTA             ,ME,04330-9410,Public       ,181,826,1007,1681,5478,7159
00685800,UNITY COLLEGE                           ,ME,04988-9502,Private      ,22,13,35,908,124,1032
00903800,MR BERNARD'S SCH HAIR FASHION INC       ,ME,04243-1163,Proprietary  ,19,51,70,44,146,190
00923100,WASHINGTON COUNTY COMMUNITY COLLEGE     ,ME,04619-9704,Public       ,24,68,92,244,314,558
00945900,EMPIRE BEAUTY SCHOOL                    ,ME,04101-3348,Proprietary  ,51,124,175,185,377,562
00982600,KENNEBEC VALLEY  COMMUNITY  COLLEGE     ,ME,04937-1367,Public       ,86,321,407,829,1900,2729
01138500,COLLEGE OF THE ATLANTIC                 ,ME,04609-1105,Private      ,9,8,17,499,92,591
01167300,MAINE COLLEGE OF ART                    ,ME,04101-3987,Private      ,10,22,32,611,230,841
02104400,SPA TECH INSTITUTE                      ,ME,04093-0000,Proprietary  ,43,125,168,159,398,557
02347100,NEW ENGLAND SCHOOL OF COMMUNICATIONS    ,ME,04401-0000,Private      ,7,19,26,603,159,762
02361300,LANDING SCHOOL OF BOATBUILDING & DESIGN ,ME,04046-1490,Private      ,2,7,9,27,45,72
03122900,YORK COUNTY COMMUNITY COLLEGE           ,ME,04090-0529,Public       ,91,230,321,569,976,1545
03429300,SEACOAST CAREER SCHOOLS                 ,ME,04073-0000,Proprietary  ,68,288,356,128,512,640
03612300,BIRTHWISE MIDWIFERY SCHOOL              ,ME,04009-1110,Proprietary  ,0,10,10,11,63,74
04177400,CAPILO SCHOOL OF HAIR DESIGN            ,ME,04330-0000,Proprietary  ,23,43,66,67,101,168
04185100,NORTHEAST TECHNICAL INSTITUTE           ,ME,04074-0000,Proprietary  ,17,168,185,29,275,304
04188800,INSTITUTE FOR DOCTORAL STUDIES IN THE VI,ME,04102-0000,Private      ,0,5,5,0,12,12
00209300,ST JOHN'S COLLEGE                       ,NM,87505-4599,Private      ,9,27,36,413,200,613
00264900,SANTA FE UNIVERSITY OF ART AND DESIGN   ,NM,87505-7634,Proprietary  ,72,42,114,701,231,932
00265000,UNIVERSITY OF THE SOUTHWEST             ,NM,88240-9129,Private      ,42,208,250,284,461,745
00265100,EASTERN NEW MEXICO UNIV PORTALES        ,NM,88130-6000,Public       ,471,889,1360,2806,2893,5699
00265101,EASTERN NEW MEXICO UNIV-ROSWELL CAM     ,NM,88202-0000,Public       ,280,591,871,1106,1773,2879
00265102,EASTERN NEW MEXICO UNIVERSITY - RUIDOSO ,NM,88345-0001,Public       ,0,0,0,3,3,6
00265300,NEW MEXICO HIGHLANDS UNIVERSITY         ,NM,87701-4436,Public       ,213,500,713,1850,2390,4240
00265400,NEW MEXICO INST OF MINING & TECH        ,NM,87801-4796,Public       ,120,90,210,1163,456,1619
00265500,NEW MEXICO JUNIOR COLLEGE               ,NM,88240-9123,Public       ,205,374,579,719,1035,1754
00265600,NEW MEXICO MILITARY INSTITUTE           ,NM,88201-5173,Public       ,80,10,90,431,57,488
00265700,NEW MEXICO STATE UNIVERSITY             ,NM,88003-8001,Public       ,1191,1667,2858,12189,9118,21307
00265701,NEW MEXICO STATE UNIV-ALAMOGORDO        ,NM,88311-0000,Public       ,135,422,557,452,1350,1802
00265702,NEW MEXICO STATE UNIV.-DONA ANA CLG     ,NM,88003-0000,Public       ,530,1013,1543,2930,4492,7422
00265703,NEW MEXICO STATE UNIV-CARLSBAD          ,NM,88220-0000,Public       ,101,220,321,322,638,960
00265704,NEW MEXICO STATE UNIV-GRANTS            ,NM,87020-0000,Public       ,62,199,261,224,554,778
00266000,SAN JUAN COLLEGE                        ,NM,87402-4699,Public       ,448,1104,1552,1803,4282,6085
00266300,THE UNIVERSITY OF NEW MEXICO            ,NM,87131-0001,Public       ,1921,3558,5479,16094,17974,34068
00266301,UNIV OF NEW MEXICO - GALLUP BRANCH      ,NM,87301-5697,Public       ,184,299,483,657,1022,1679
00266302,UNIV OF NEW MEXICO - VALENCIA BRANCH    ,NM,87031-0000,Public       ,67,143,210,412,637,1049
00266303,UNIV OF NEW MEXICO - LOS ALAMOS         ,NM,87544-0000,Public       ,28,33,61,138,138,276
00266304,UNIVERSITY OF NEW MEXICO                ,NM,87571-6401,Public       ,40,93,133,284,464,748
00266400,WESTERN NEW MEXICO UNIVERSITY           ,NM,88061-5417,Public       ,196,526,722,1164,2056,3220
00405701,NATIONAL AMERICAN UNIVERSITY            ,NM,87110-0000,Proprietary  ,14,116,130,55,459,514
00474200,CENTRAL NEW MEXICO COMMUNITY COLLEGE    ,NM,87106-4096,Public       ,2348,6225,8573,7886,18185,26071
00474300,CLOVIS COMMUNITY COLLEGE                ,NM,88101-8381,Public       ,250,808,1058,630,1764,2394
00996200,LUNA COMMUNITY COLLEGE                  ,NM,87701-0000,Public       ,154,261,415,492,693,1185
01063200,DEWOLFF CLG HAIRSTYLING/COSMETOLOGY     ,NM,87112-4113,Proprietary  ,16,57,73,54,153,207
01300500,OLYMPIAN UNIVERSITY OF COSMETOLOGY      ,NM,88310-5051,Proprietary  ,143,431,574,382,1261,1643
02083900,NORTHERN NEW MEXICO COLLEGE             ,NM,87530-0000,Public       ,194,329,523,678,1039,1717
02146400,INSTITUTE OF AMERICAN INDIAN ARTS       ,NM,87508-0000,Public       ,44,55,99,169,267,436
02218808,BROOKLINE COLLEGE - ALBUQUERQUE         ,NM,87105-1649,Proprietary  ,72,309,381,188,807,995
02278100,SANTA FE COMMUNITY COLLEGE              ,NM,87507-0000,Public       ,275,717,992,959,2432,3391
02293203,ATI CAREER TRAINING CENTER - ALBUQUERQUE,NM,87109-2016,Proprietary  ,12,61,73,63,214,277
02357600,NAVAJO TECHNICAL COLLEGE                ,NM,87313-0000,Public       ,177,431,608,429,978,1407
02511000,SOUTHWESTERN INDIAN POLYTECH INST       ,NM,87184-0000,Public       ,118,189,307,275,431,706
02572003,COMPUTER CAREER CENTER - LAS CRUCES CAMP,NM,88011-8220,Proprietary  ,39,163,202,143,606,749
02622000,SOUTHWEST ACUPUNCTURE COLLEGE           ,NM,87505-0000,Proprietary  ,0,48,48,5,277,282
03076100,SOUTHWESTERN COLLEGE                    ,NM,87507-0000,Private      ,0,32,32,18,207,225
03206300,MESALANDS COMMUNITY COLLEGE             ,NM,88401-3352,Public       ,49,110,159,162,253,415
03430300,UNIVERSAL THERAPEUTIC MASSAGE INSTITUTE ,NM,87107-4403,Proprietary  ,9,48,57,31,125,156
03678300,PIMA MEDICAL INSTITUTE                  ,NM,87110-0000,Proprietary  ,25,83,108,121,268,389
03944300,MASSAGE THERAPY TRAINING INSTITUTE      ,NM,88007-0000,Proprietary  ,8,19,27,39,71,110
04162400,URBAN ACADEMY                           ,NM,87106-4404,Proprietary  ,22,45,67,70,145,215
04174500,AVEDA INSTITUTE OF NEW MEXICO (THE)     ,NM,87110-3640,Proprietary  ,30,69,99,61,178,239
00223400,ADRIAN COLLEGE                          ,MI,49221-2575,Private      ,123,58,181,2625,346,2971
00223500,ALBION COLLEGE                          ,MI,49224-1831,Private      ,85,22,107,2260,139,2399
00223600,ALMA COLLEGE                            ,MI,48801-1599,Private      ,41,31,72,2293,202,2495
00223700,ALPENA COMMUNITY COLLEGE                ,MI,49707-1495,Public       ,239,412,651,1027,1216,2243
00223800,ANDREWS UNIVERSITY                      ,MI,49104-0750,Private      ,248,306,554,2042,1406,3448
00223900,AQUINAS COLLEGE                         ,MI,49506-1799,Private      ,83,177,260,2519,842,3361
00224000,BAY DE NOC COMMUNITY COLLEGE            ,MI,49829-2524,Public       ,259,500,759,1315,1667,2982
00224100,CALVIN COLLEGE                          ,MI,49546-4388,Private      ,102,84,186,4256,480,4736
00224200,CALVIN THEOLOGICAL SEMINARY             ,MI,49546-4387,Private      ,2,18,20,13,176,189
00224300,CENTRAL MICHIGAN UNIVERSITY             ,MI,48859-0001,Public       ,1439,2073,3512,24129,10666,34795
00224600,CLEARY UNIVERSITY                       ,MI,48105-2659,Private      ,23,194,217,139,805,944
00224700,CONCORDIA UNIVERSITY-ANN ARBOR          ,MI,48105-2797,Private      ,66,100,166,779,330,1109
00224800,CRANBROOK ACADEMY OF ART                ,MI,48303-0000,Private      ,5,12,17,28,328,356
00224900,DAVENPORT UNIVERSITY                    ,MI,49503-0000,Private      ,498,3195,3693,3305,13415,16720
00225100,DELTA COLLEGE                           ,MI,48710-0001,Public       ,765,1762,2527,6384,8883,15267
00225400,MICHIGAN STATE UNIVERSITY COLLEGE OF LAW,MI,48824-1300,Private      ,30,196,226,610,2245,2855
00225900,EASTERN MICHIGAN UNIVERSITY             ,MI,48197-2214,Public       ,1691,3023,4714,17012,15111,32123
00226000,FERRIS STATE UNIVERSITY                 ,MI,49307-2251,Public       ,821,1149,1970,14019,7907,21926
00226100,CHARLES STEWART MOTT COMMUNITY CLG      ,MI,48503-2089,Public       ,1412,2984,4396,5875,11275,17150
00226200,KETTERING UNIVERSITY                    ,MI,48504-4898,Private      ,119,83,202,2038,421,2459
00226300,GLEN OAKS COMMUNITY COLLEGE             ,MI,49032-9784,Public       ,123,310,433,686,1086,1772
00226400,GOGEBIC COMMUNITY COLLEGE               ,MI,49938-1365,Public       ,109,158,267,706,640,1346
00226500,GRACE BIBLE COLLEGE                     ,MI,49509-1998,Private      ,30,41,71,349,182,531
00226600,CORNERSTONE UNIVERSITY                  ,MI,49525-5897,Private      ,73,379,452,1944,1872,3816
00226700,GRAND RAPIDS COMMUNITY COLLEGE          ,MI,49503-3295,Public       ,1501,3014,4515,11232,12871,24103
00226800,GRAND VALLEY STATE UNIVERSITY           ,MI,49401-9403,Public       ,1078,1451,2529,24234,8798,33032
00226900,GREAT LAKES CHRISTIAN COLLEGE           ,MI,48917-1299,Private      ,44,49,93,217,161,378
00227000,HENRY FORD COMMUNITY COLLEGE            ,MI,48128-1495,Public       ,2615,4327,6942,10354,17047,27401
00227300,HOPE COLLEGE                            ,MI,49423-3607,Private      ,54,41,95,4363,257,4620
00227400,JACKSON COMMUNITY COLLEGE               ,MI,49201-8399,Public       ,760,1893,2653,3786,6246,10032
00227500,KALAMAZOO COLLEGE                       ,MI,49006-3295,Private      ,57,44,101,2025,228,2253
00227600,KELLOGG COMMUNITY COLLEGE               ,MI,49017-3397,Public       ,439,1418,1857,2686,5728,8414
00227700,LAKE MICHIGAN COLLEGE                   ,MI,49022-1899,Public       ,358,975,1333,1801,3562,5363
00227800,LANSING COMMUNITY COLLEGE               ,MI,48933-1293,Public       ,1845,3709,5554,9846,14500,24346
00227900,LAWRENCE TECHNOLOGICAL UNIVERSITY       ,MI,48075-1058,Private      ,124,370,494,1761,1637,3398
00228200,MADONNA UNIVERSITY                      ,MI,48150-1173,Private      ,231,845,1076,1781,3510,5291
00228400,MARYGROVE COLLEGE                       ,MI,48221-2599,Private      ,182,953,1135,934,3149,4083
00228800,ROCHESTER COLLEGE                       ,MI,48307-2764,Private      ,119,211,330,747,839,1586
00229000,MICHIGAN STATE UNIVERSITY               ,MI,48824-1113,Public       ,2021,1679,3700,37702,14317,52019
00229200,MICHIGAN TECHNOLOGICAL UNIV             ,MI,49931-1295,Public       ,245,149,394,5894,1115,7009
00229300,LAKE SUPERIOR STATE UNIVERSITY          ,MI,49783-1691,Public       ,125,184,309,2696,1069,3765
00229400,MONROE COUNTY COMMUNITY CLG             ,MI,48161-9746,Public       ,383,674,1057,1718,2537,4255
00229500,MONTCALM COMMUNITY COLLEGE              ,MI,48885-9723,Public       ,165,421,586,1015,1665,2680
00229700,MUSKEGON COMMUNITY COLLEGE              ,MI,49442-1432,Public       ,458,876,1334,2990,3672,6662
00229900,NORTH CENTRAL MICHIGAN COLLEGE          ,MI,49770-8740,Public       ,195,428,623,1173,1717,2890
00230100,NORTHERN MICHIGAN UNIVERSITY            ,MI,49855-5316,Public       ,619,632,1251,8086,3221,11307
00230200,NORTHWESTERN MICHIGAN COLLEGE           ,MI,49686-3061,Public       ,315,745,1060,2650,3415,6065
00230301,OAKLAND COMMUNITY COLLEGE - ORCHARD RIDG,MI,48334-4579,Public       ,741,1193,1934,3238,4709,7947
00230302,OAKLAND COMMUNITY COLLEGE - ROYAL OAK CA,MI,48067-3898,Public       ,934,1732,2666,3840,6625,10465
00230303,OAKLAND COMMUNITY COLLEGE - SOUTHFIELD C,MI,48075-4793,Public       ,761,1919,2680,2912,6908,9820
00230304,OAKLAND COMMUNITY COLLEGE - AUBURN HILLS,MI,48323-2845,Public       ,828,1576,2404,4059,6147,10206
00230305,OAKLAND COMMUNITY COLLEGE - HIGHLAND LAK,MI,48327-4187,Public       ,489,912,1401,2329,3699,6028
00230700,OAKLAND UNIVERSITY                      ,MI,48309-4401,Public       ,1290,2010,3300,14438,10151,24589
00230800,OLIVET COLLEGE                          ,MI,49076-9902,Private      ,70,52,122,1498,313,1811
00231000,ST. CLAIR COUNTY COMMUNITY COLLEGE      ,MI,48061-0000,Public       ,360,713,1073,2263,3131,5394
00231100,KUYPER COLLEGE                          ,MI,49525-9749,Private      ,16,21,37,382,166,548
00231300,SACRED HEART MAJOR SEMINARY             ,MI,48206-1799,Private      ,11,44,55,37,155,192
00231400,SAGINAW VALLEY STATE UNIV               ,MI,48710-0001,Public       ,424,683,1107,9876,4411,14287
00231500,SCHOOLCRAFT COLLEGE                     ,MI,48152-2696,Public       ,1110,2113,3223,6087,8945,15032
00231600,SIENA HEIGHTS UNIVERSITY                ,MI,49221-1796,Private      ,134,438,572,1649,2038,3687
00231700,SOUTHWESTERN MICHIGAN COLLEGE           ,MI,49047-9793,Public       ,281,657,938,1878,2473,4351
00231800,SPRING ARBOR UNIVERSITY                 ,MI,49283-9984,Private      ,78,849,927,2592,3367,5959
00232200,FINLANDIA UNIVERSITY                    ,MI,49930-1882,Private      ,58,55,113,650,316,966
00232300,UNIVERSITY OF DETROIT MERCY             ,MI,48221-3038,Private      ,260,773,1033,3339,3799,7138
00232303,UNIV OF DETROIT MERCY - LAW SCHOOL      ,MI,48226-0000,Private      ,2,78,80,20,743,763
00232330,UNIV OF DETROIT MERCY - DENTAL SCHOOL   ,MI,48208-2576,Private      ,14,55,69,81,417,498
00232500,UNIVERSITY OF MICHIGAN - ANN ARBOR      ,MI,48109-1316,Public       ,839,1140,1979,31853,13196,45049
00232501,UNIVERSITY OF MICHIGAN-MEDICAL SCH      ,MI,48109-0000,Public       ,23,31,54,231,1097,1328
00232503,UNIVERSITY OF MICHIGAN LAW SCHOOL       ,MI,48109-0000,Public       ,8,100,108,89,2816,2905
00232600,UNIVERSITY OF MICHIGAN-DEARBORN         ,MI,48128-2406,Public       ,651,1129,1780,6257,5529,11786
00232700,UNIVERSITY OF MICHIGAN-FLINT            ,MI,48502-1950,Public       ,455,1266,1721,4868,6417,11285
00232800,WASHTENAW COMMUNITY COLLEGE             ,MI,48106-0000,Public       ,1469,2622,4091,5156,8051,13207
00232900,WAYNE STATE UNIVERSITY                  ,MI,48202-0000,Public       ,1938,4201,6139,18561,22478,41039
00232901,WAYNE STATE UNIV SCH OF MEDICINE        ,MI,48201-3359,Public       ,55,122,177,425,1594,2019
00232902,WAYNE STATE UNIVERSITY - LAW SCHOOL     ,MI,48202-3424,Public       ,22,151,173,157,1304,1461
00233000,WESTERN MICHIGAN UNIVERSITY             ,MI,49008-3899,Public       ,1580,1752,3332,21187,10538,31725
00233100,WESTERN THEOLOGICAL SEMINARY            ,MI,49423-0000,Private      ,1,41,42,8,158,166
00407100,WALSH COLLEGE OF ACCT & BUS ADMN        ,MI,48007-7006,Private      ,62,811,873,330,2498,2828
00407200,NORTHWOOD UNIVERSITY                    ,MI,48640-2398,Private      ,88,337,425,2031,1892,3923
00467300,BAKER COLLEGE - FLINT                   ,MI,48507-5508,Private      ,592,2070,2662,2898,7963,10861
00467301,BAKER COLLEGE OF CADILLAC               ,MI,49601-0000,Private      ,113,659,772,540,1978,2518
00467302,BAKER COLLEGE OF CLINTON TOWNSHIP       ,MI,48035-0000,Private      ,496,1588,2084,2083,5839,7922
00467303,BAKER COLLEGE OF MUSKEGON               ,MI,49442-0000,Private      ,406,1194,1600,2712,4822,7534
00467304,BAKER COLLEGE OF OWOSSO                 ,MI,48867-0000,Private      ,252,584,836,1764,2558,4322
00467305,BAKER COLLEGE OF AUBURN HILLS           ,MI,48326-0000,Private      ,279,1142,1421,1114,4026,5140
00467306,BAKER COLLEGE OF PORT HURON             ,MI,48060-0000,Private      ,105,344,449,587,1524,2111
00467309,BAKER COLLEGE OF JACKSON                ,MI,49202-0000,Private      ,223,911,1134,925,3112,4037
00467311,BAKER COLLEGE-CASS CITY                 ,MI,48726-0000,Private      ,49,137,186,216,505,721
00467313,BAKER COLLEGE - GRADUATE ON-LINE        ,MI,48507-0000,Private      ,96,1453,1549,422,6421,6843
00467317,BAKER COLLEGE-ALLEN PARK                ,MI,48101-0000,Private      ,356,1361,1717,1193,4479,5672
00469200,DORSEY SCHOOL OF BUSINESS               ,MI,48195-2334,Proprietary  ,32,122,154,90,367,457
00469201,DORSEY SCHOOL OF BUSINESS               ,MI,48184-0000,Proprietary  ,20,115,135,58,309,367
00469202,DORSEY SCHOOL OF BUSINESS               ,MI,48071-0000,Proprietary  ,26,131,157,65,291,356
00469204,DORSEY SCHOOL OF BUSINESS               ,MI,48066-0000,Proprietary  ,60,173,233,124,506,630
00469205,DORSEY BUSINESS SCHOOL - FARMINGTON HILL,MI,48334-3385,Proprietary  ,10,71,81,34,217,251
00469206,DORSEY BUSINESS SCHOOL - ROSEVILLE CULIN,MI,48066-4555,Proprietary  ,31,141,172,92,402,494
00469207,DORSEY BUSINESS SCHOOL - WATERFORD/PONTI,MI,48341-1037,Proprietary  ,43,151,194,89,370,459
00469208,DORSEY BUSINESS SCHOOL - SAGINAW CAMPUS ,MI,48603-5201,Proprietary  ,31,125,156,84,344,428
00491003,KAPLAN CAREER INSTITUTE - DEARBORN      ,MI,48228-0000,Proprietary  ,32,198,230,109,669,778
00676800,MID MICHIGAN COMMUNITY COLLEGE          ,MI,48625-9447,Public       ,460,921,1381,2595,3247,5842
00677100,COLLEGE FOR CREATIVE STUDIES            ,MI,48202-4034,Private      ,191,164,355,1618,776,2394
00694900,KALAMAZOO VALLEY COMMUNITY COLLEGE      ,MI,49003-4070,Public       ,1054,2183,3237,5595,7995,13590
00717100,KIRTLAND COMMUNITY COLLEGE              ,MI,48653-0000,Public       ,166,382,548,953,1654,2607
00732991,ITT TECHNICAL INSTITUTE                 ,MI,49519-1851,Proprietary  ,272,969,1241,833,2896,3729
00761700,CARNEGIE INSTITUTE                      ,MI,48083-1159,Proprietary  ,31,106,137,97,402,499
00795000,WEST SHORE COMMUNITY COLLEGE            ,MI,49454-0000,Public       ,121,243,364,608,966,1574
00817800,EMPIRE BEAUTY SCHOOL                    ,MI,49525-2440,Proprietary  ,56,106,162,202,478,680
00832903,ITT TECHNICAL INSTITUTE                 ,MI,48083-2008,Proprietary  ,0,0,0,0,1,1
00890600,MACOMB COMMUNITY COLLEGE                ,MI,48088-3896,Public       ,2665,4113,6778,11892,15133,27025
00894600,PORT HURON COSMETOLOGY COLLEGE          ,MI,48329-1618,Proprietary  ,8,22,30,13,45,58
00923000,WAYNE COUNTY COMMUNITY CLG-DISTRICT     ,MI,48226-3095,Public       ,2670,7997,10667,9216,28062,37278
00973200,VIRGINIA FARRELL BEAUTY SCHOOL          ,MI,48080-1448,Proprietary  ,12,16,28,29,63,92
00973400,VIRGINIA FARRELL BEAUTY SCHOOL          ,MI,48220-1739,Proprietary  ,0,0,0,11,55,66
00982800,EVEREST INSTITUTE                       ,MI,48033-4400,Proprietary  ,79,446,525,232,1264,1496
00982801,EVEREST INSTITUTE- DEARBORN             ,MI,48124-1927,Proprietary  ,72,304,376,188,855,1043
00982803,EVEREST INSTITUTE - DETROIT             ,MI,48207-4291,Proprietary  ,79,300,379,190,878,1068
01047000,KALAMAZOO BEAUTY ACADEMY                ,MI,49002-5220,Proprietary  ,4,17,21,21,50,71
01082700,DAVID PRESSLEY PROF SCH OF COSMTLGY     ,MI,48067-3219,Proprietary  ,51,57,108,127,216,343
01109800,FLINT INSTITUTE OF BARBERING            ,MI,48504-4395,Proprietary  ,10,29,39,30,125,155
01164600,VIRGINIA FARRELL BEAUTY SCHOOL          ,MI,48185-3091,Proprietary  ,11,30,41,31,104,135
01229100,WRIGHT BEAUTY ACADEMY                   ,MI,49015-2696,Proprietary  ,11,24,35,31,66,97
01262700,THOMAS M. COOLEY LAW SCHOOL             ,MI,48901-1586,Private      ,3,1096,1099,21,4851,4872
01321800,M J MURPHY BTY CLG MT PLEASANT          ,MI,48858-2502,Proprietary  ,16,28,44,65,76,141
02060300,MICHIGAN INSTITUTE OF AERONAUTICS       ,MI,48188-2533,Proprietary  ,90,152,242,410,688,1098
02068700,FISER'S COLLEGE OF COSMETOLOGY          ,MI,49221-0000,Proprietary  ,2,5,7,13,48,61
02099700,ROSS MEDICAL EDUCATION CENTER           ,MI,48532-0000,Proprietary  ,86,395,481,242,1078,1320
02099701,ROSS MEDICAL EDUCATION CENTER-SAGINAW   ,MI,48603-5227,Proprietary  ,2,23,25,27,109,136
02099702,ROSS MEDICAL EDUCATION CENTER-PORT HURON,MI,48060-1958,Proprietary  ,2,19,21,9,76,85
02099703,ROSS MEDICAL EDUCATION CENTER-ROOSEVELT ,MI,49441-4156,Proprietary  ,1,4,5,5,23,28
02100400,EVEREST INSTITUTE                       ,MI,49525-2301,Proprietary  ,64,297,361,201,914,1115
02100401,EVEREST INSTITUTE - KALAMAZOO           ,MI,49009-3307,Proprietary  ,45,212,257,162,634,796
02125600,MICHIGAN COLLEGE OF BEAUTY              ,MI,48083-0000,Proprietary  ,49,140,189,120,306,426
02152103,ACADEMY OF COURT REPORTING & TECHNOLOGY ,MI,48017-1495,Proprietary  ,6,29,35,15,135,150
02158600,MR BELA'S SCHOOL OF COSMETOLOGY         ,MI,48092-4637,Proprietary  ,13,51,64,24,87,111
02160303,INTERNATIONAL ACADEMY OF DESIGN AND TECH,MI,48083-2160,Proprietary  ,86,204,290,606,835,1441
02180100,ROSS MEDICAL EDUCATION CENTER           ,MI,48092-0000,Proprietary  ,66,234,300,140,600,740
02180105,ROSS MEDICAL EDUCATION CENTER-REDFORD   ,MI,48239-1260,Proprietary  ,3,38,41,14,92,106
02198900,MICHIGAN SCHOOL OF PROFESSIONAL PSYCHOLO,MI,48334-4512,Private      ,0,55,55,6,202,208
02209200,TAYLORTOWN SCHOOL OF BEAUTY             ,MI,48180-0000,Proprietary  ,6,41,47,14,66,80
02237800,SPECS HOWARD SCHOOL OF MEDIA ARTS       ,MI,48075-0000,Proprietary  ,141,218,359,546,708,1254
02285700,BAYSHIRE BEAUTY ACADEMY                 ,MI,48708-5614,Proprietary  ,13,48,61,36,141,177
02289801,KAPLAN INSTITUTE - DETROIT CAMPUS       ,MI,48202-0000,Proprietary  ,55,233,288,154,711,865
02324500,MICHIGAN COLLEGE OF BEAUTY              ,MI,48161-3901,Proprietary  ,31,80,111,74,175,249
02339700,ROSS MEDICAL EDUCATION CENTER           ,MI,48116-0000,Proprietary  ,73,239,312,161,622,783
02339701,ROSS MEDICAL EDUCATION CENTER-ANN ARBOR ,MI,48108-1411,Proprietary  ,7,31,38,17,89,106
02339703,ROSS MEDICAL EDUCATION CENTER - DAVISON ,MI,48423-1751,Proprietary  ,3,16,19,17,39,56
02361500,MICHIGAN BARBER COLLEGE                 ,MI,48204-2244,Private      ,35,130,165,96,359,455
02363800,YESHIVA GEDOLAH OF GREATER DETROIT      ,MI,48237-0000,Private      ,6,1,7,8,3,11
02491000,WEST MI COLG OF BARBERING & BEAUTY      ,MI,49008-0000,Proprietary  ,11,41,52,24,86,110
02498300,VIRGINIA FARRELL BEAUTY SCHOOL          ,MI,48154-0000,Proprietary  ,10,33,43,33,94,127
02533600,ROSS MEDICAL EDUCATION CENTER           ,MI,48917-2108,Proprietary  ,44,249,293,132,714,846
02533601,ROSS MEDICAL EDUCATION CENTER - GRAND RA,MI,49546-2430,Proprietary  ,7,42,49,40,158,198
02588200,DOUGLAS J AVEDA INSTITUTE               ,MI,48823-4351,Proprietary  ,140,214,354,549,671,1220
02588201,DOUGLAS J AVEDA INSTITUTE - ANN ARBOR   ,MI,48104-2211,Proprietary  ,15,43,58,92,142,234
02595700,HILLSDALE BEAUTY COLLEGE                ,MI,49242-0000,Proprietary  ,8,21,29,41,40,81
02618400,MICHIGAN CAREER & TECHNICAL INST        ,MI,49080-9254,Public       ,68,25,93,232,113,345
03005700,DETROIT BUSINESS INST. DOWNRIVER        ,MI,48193-6761,Proprietary  ,13,72,85,28,181,209
03028500,LAWTON SCHOOL                           ,MI,48075-0000,Proprietary  ,16,86,102,39,197,236
03066600,BAY MILLS COMMUNITY COLLEGE             ,MI,49715-9750,Public       ,54,168,222,174,489,663
03075200,TWIN CITY BEAUTY COLLEGE                ,MI,49085-3305,Proprietary  ,36,104,140,62,207,269
03075201,TWIN CITY BEAUTY COLLEGE - TRAVERSE CITY,MI,49686-5119,Proprietary  ,5,13,18,11,43,54
03090000,SHARP'S ACADEMY OF HAIRSTYLING INC.     ,MI,48433-0000,Proprietary  ,4,8,12,12,52,64
03109700,HOUGHTON LAKE INST OF COSMETOLOGY       ,MI,48629-0669,Proprietary  ,0,4,4,6,20,26
03110300,THE SCHOOL OF CREATIVE HAIR DESIGN      ,MI,49036-1139,Proprietary  ,4,23,27,15,40,55
03124000,NORTHWESTERN TECHNOLOGICAL INST         ,MI,48075-2412,Proprietary  ,24,129,153,80,361,441
03284300,MICHIGAN JEWISH INSTITUTE               ,MI,48237-0000,Private      ,522,274,796,1186,503,1689
03490300,PAUL MITCHELL THE SCHOOL ESCANABA       ,MI,49829-0000,Proprietary  ,76,80,156,273,352,625
03588300,IRENE'S MYOMASSOLOGY INSTITUTE          ,MI,48033-2404,Proprietary  ,32,107,139,74,351,425
03704300,BLUE WATER COLLEGE OF COSMETOLOGY       ,MI,48040-0000,Proprietary  ,12,27,39,31,74,105
03772300,SAGINAW CHIPPEWA TRIBAL COLLEGE         ,MI,48858-0000,Public       ,8,17,25,20,61,81
03815300,IN SESSION-ARTS OF COSMETOLOGY BEAU     ,MI,48609-0000,Proprietary  ,7,42,49,36,128,164
03907300,PAUL MITCHELL THE SCHOOL GREAT LAKES    ,MI,48060-0000,Proprietary  ,43,59,102,80,117,197
03915300,CAREER QUEST LEARNING CENTER            ,MI,48910-4732,Proprietary  ,44,292,336,145,969,1114
03968300,LAKEWOOD SCHOOL OF THERAPEUTIC MASSAGE  ,MI,48060-0000,Proprietary  ,5,12,17,19,63,82
03976500,ANN ARBOR INSTITUTE OF MASSAGE THERAPY  ,MI,48103-0000,Proprietary  ,12,44,56,34,130,164
04002400,ECUMENICAL THEOLOGICAL SEMINARY         ,MI,48201-3035,Private      ,0,31,31,0,134,134
04006300,NUVO COLLEGE OF COSMETOLOGY             ,MI,49441-3822,Proprietary  ,13,31,44,32,84,116
04014300,P&A SCHOLARS BEAUTY SCHOOL              ,MI,48204-0000,Proprietary  ,58,130,188,127,360,487
04094300,ROBERT B. MILLER COLLEGE (THE)          ,MI,49017-3306,Private      ,15,114,129,82,419,501
04121100,GALLERY COLLEGE OF BEAUTY (THE)         ,MI,48036-3591,Proprietary  ,32,121,153,88,310,398
04136300,FOCUS:  HOPE INFORMATION TECHNOLOGIES CE,MI,48238-2949,Private      ,23,85,108,30,125,155
04138400,SCHOOL OF DESIGNING ARTS                ,MI,49015-2853,Proprietary  ,12,18,30,41,66,107
04140900,INTERNATIONAL COSMETOLOGY ACADEMY       ,MI,49508-1308,Proprietary  ,11,60,71,42,131,173
04141100,FRENCH ACADEMY OF COSMETOLOGY           ,MI,49456-3207,Proprietary  ,16,25,41,33,72,105
04158400,L'ESPRIT ACADEMY                        ,MI,48150-0000,Proprietary  ,20,30,50,57,117,174
04159300,MARKETTI ACADEMY OF COSMETOLOGY         ,MI,48329-3506,Proprietary  ,15,42,57,42,106,148
04163300,COMPASS FILM ACADEMY                    ,MI,49504-5296,Private      ,6,21,27,80,77,157
04164700,KEWEENAW BAY OJIBWA COMMUNITY COLLEGE   ,MI,49908-0000,Public       ,7,42,49,12,55,67
04169300,SCHOLARS COSMETOLOGY UNIVERSITY         ,MI,48108-0000,Proprietary  ,6,25,31,21,63,84
04183300,ABCOTT INSTITUTE                        ,MI,48075-5227,Proprietary  ,10,61,71,23,168,191
04184700,PROTEGE ACADEMY                         ,MI,48823-8660,Proprietary  ,10,30,40,30,76,106
00233200,ANOKA-RAMSEY CC-CAMBRIDGE/COONRAPID     ,MN,55433-3499,Public       ,1228,1543,2771,3384,4673,8057
00233400,AUGSBURG COLLEGE                        ,MN,55454-1351,Private      ,149,562,711,3045,2198,5243
00233500,RIVERLAND COMMUNITY COLLEGE             ,MN,55912-1473,Public       ,325,582,907,1040,1797,2837
00233600,BEMIDJI STATE UNIVERSITY                ,MN,56601-2699,Public       ,430,580,1010,3609,2081,5690
00233700,BETHANY LUTHERAN COLLEGE INC            ,MN,56001-6163,Private      ,62,13,75,690,77,767
00233900,CENTRAL LAKES COLG-BRAINERD/STAPLES     ,MN,56401-3900,Public       ,403,721,1124,1447,2121,3568
00234000,CARLETON COLLEGE                        ,MN,55057-4001,Private      ,37,5,42,3058,60,3118
00234100,COLLEGE OF ST BENEDICT                  ,MN,56374-2099,Private      ,111,20,131,2149,79,2228
00234200,ST. CATHERINE UNIVERSITY                ,MN,55105-1789,Private      ,139,616,755,2646,3362,6008
00234300,COLLEGE OF ST SCHOLASTICA               ,MN,55811-4199,Private      ,306,589,895,2406,1884,4290
00234500,UNIVERSITY OF ST THOMAS                 ,MN,55105-1096,Private      ,280,793,1073,6560,3714,10274
00234600,CONCORDIA COLLEGE-MOORHEAD              ,MN,56562-0001,Private      ,160,32,192,3225,222,3447
00234700,"CONCORDIA UNIVERSITY, ST PAUL, MN       ",MN,55104-5494,Private      ,190,851,1041,1287,2009,3296
00235000,VERMILION COMMUNITY COLLEGE             ,MN,55731-1996,Public       ,74,47,121,538,197,735
00235300,GUSTAVUS ADOLPHUS COLLEGE               ,MN,56082-1498,Private      ,113,17,130,3591,123,3714
00235400,HAMLINE UNIVERSITY                      ,MN,55104-1284,Private      ,249,806,1055,2857,3077,5934
00235500,HIBBING COMMUNITY COLLEGE               ,MN,55746-3300,Public       ,244,367,611,663,958,1621
00235600,ITASCA COMMUNITY COLLEGE                ,MN,55744-3397,Public       ,148,181,329,763,626,1389
00235700,LUTHER SEMINARY                         ,MN,55108-0000,Private      ,0,59,59,2,432,434
00235800,MACALESTER COLLEGE                      ,MN,55105-1899,Private      ,63,26,89,3594,135,3729
00236000,"MINNESOTA STATE UNIVERSITY, MANKATO     ",MN,56002-0000,Public       ,1308,979,2287,11617,4428,16045
00236100,MARTIN LUTHER COLLEGE                   ,MN,56073-3965,Private      ,12,16,28,654,62,716
00236200,MINNEAPOLIS COMM AND TECH COLLEGE       ,MN,55403-1779,Public       ,1105,3114,4219,3852,9837,13689
00236500,MINNEAPOLIS COLLEGE OF ART & DESIGN     ,MN,55404-4343,Private      ,30,50,80,872,447,1319
00236600,CROSSROADS COLLEGE                      ,MN,55902-2382,Private      ,25,26,51,91,91,182
00236700,MINNESOTA STATE UNIVERSITY MOORHEAD     ,MN,56563-0001,Public       ,723,699,1422,5207,2487,7694
00236900,NORTH CENTRAL UNIVERSITY                ,MN,55404-1391,Private      ,143,110,253,1340,393,1733
00237000,NORTH HENNEPIN COMMUNITY COLLEGE        ,MN,55445-2299,Public       ,990,1739,2729,2810,5032,7842
00237100,NORTHWESTERN COLLEGE                    ,MN,55113-1598,Private      ,177,287,464,2164,819,2983
00237300,ROCHESTER COMMUNITY/TECH COLLEGE        ,MN,55904-4999,Public       ,579,884,1463,2651,3358,6009
00237500,SOUTHWEST MINNESOTA STATE UNIVERSITY    ,MN,56258-1598,Public       ,235,311,546,2063,1036,3099
00237700,ST CLOUD STATE UNIVERSITY               ,MN,56301-4498,Public       ,1635,1480,3115,10086,5068,15154
00237900,SAINT JOHNS UNIVERSITY                  ,MN,56321-0000,Private      ,119,21,140,2042,108,2150
00238000,SAINT MARY'S UNIVERSITY                 ,MN,55987-1399,Private      ,91,950,1041,1776,2903,4679
00238200,ST OLAF COLLEGE                         ,MN,55057-1098,Private      ,95,10,105,3913,98,4011
00238300,CROWN COLLEGE                           ,MN,55375-9001,Private      ,66,238,304,782,636,1418
00238500,NORTHLAND COMMUNITY & TECHNICAL CLG     ,MN,56701-2598,Public       ,477,720,1197,1401,2014,3415
00238600,UNITED THEOLGCL SEMINRY TWIN CITIES     ,MN,55112-0000,Private      ,1,23,24,6,126,132
00238800,"UNIVERSITY OF MINNESOTA, DULUTH         ",MN,55812-2496,Public       ,1441,585,2026,10383,2241,12624
00238900,"UNIVERSITY OF MINNESOTA, MORRIS         ",MN,56267-2113,Public       ,132,50,182,2138,302,2440
00239100,WILLIAM MITCHELL COLLEGE OF LAW         ,MN,55105-0000,Private      ,0,125,125,2,1290,1292
00239300,MINNESOTA STATE COLLEGE-SE TECH         ,MN,55987-0409,Public       ,291,564,855,923,1537,2460
00239400,WINONA STATE UNIVERSITY                 ,MN,55987-5838,Public       ,1000,447,1447,7361,1537,8898
00396900,UNIVERSITY OF MINNESOTA-TWIN CITIES     ,MN,55455-0422,Public       ,2737,3669,6406,31809,18521,50330
00400900,MESABI RANGE CMNTY & TECH COLLEGE       ,MN,55792-0000,Public       ,198,283,481,547,645,1192
00405708,NATIONAL AMERICAN UNIVERSITY            ,MN,55113-0000,Proprietary  ,14,84,98,33,264,297
00405715,NATIONAL AMERICAN UNIVERSITY - BLOOMINGT,MN,55425-5550,Proprietary  ,10,104,114,32,308,340
00406900,UNIVERSITY OF MINNESOTA-CROOKSTON       ,MN,56716-5001,Public       ,138,192,330,1165,623,1788
00438600,VETERAN'S MEDICAL CTR- SCH RAD TECH     ,MN,55417-2399,Public       ,2,4,6,4,15,19
00464100,DUNWOODY COLLEGE OF TECHNOLOGY          ,MN,55403-1192,Private      ,145,308,453,668,1198,1866
00464200,GLOBE UNIVERSITY                        ,MN,55125-5408,Proprietary  ,318,1014,1332,1367,4743,6110
00464500,MINNEAPOLIS BUSINESS COLLEGE            ,MN,55113-4036,Proprietary  ,37,33,70,422,176,598
00464600,MINNESOTA SCHOOL OF BUSINESS            ,MN,55423-0000,Proprietary  ,388,1174,1562,1667,5826,7493
00525200,RIDGEWATER COLLEGE                      ,MN,56201-2098,Public       ,531,667,1198,1890,1904,3794
00526300,MINNESOTA WEST CMNTY & TECH COLG        ,MN,56241-1096,Public       ,222,474,696,839,1530,2369
00553300,"SAINT PAUL COLLEGE, COMMUNITY/TECHNICAL ",MN,55102-1800,Public       ,551,1837,2388,2513,6544,9057
00553400,SAINT CLOUD TECHNICAL COLLEGE AND COMMUN,MN,56303-1240,Public       ,782,942,1724,2592,2798,5390
00553500,PINE TECHNICAL COLLEGE                  ,MN,55063-2198,Public       ,76,244,320,238,776,1014
00553700,SOUTH CENTRAL COLLEGE                   ,MN,56003-0000,Public       ,454,644,1098,1617,2055,3672
00554100,MINNESOTA STATE COMMUNITY AND TECHNICAL ,MN,56573-1405,Public       ,746,1152,1898,2370,3744,6114
00554400,ALEXANDRIA TECHNICAL COLLEGE            ,MN,56308-3799,Public       ,234,268,502,1257,988,2245
00575700,LAKE SUPERIOR COLLEGE                   ,MN,55811-3399,Public       ,593,891,1484,1901,2827,4728
00575900,NORTHWEST TECHNICAL COLLEGE - BEMIDJI   ,MN,56601-4907,Public       ,91,272,363,409,992,1401
00677500,RAINY RIVER COMMUNITY COLLEGE           ,MN,56649-2187,Public       ,50,63,113,140,135,275
00735000,ANOKA-HENNEPIN TECHNICAL COLLEGE        ,MN,55303-1590,Public       ,264,806,1070,772,2479,3251
00735100,BROWN COLLEGE                           ,MN,55120-1004,Proprietary  ,99,210,309,556,1088,1644
00746200,COLLEGE OF VISUAL ARTS                  ,MN,55102-2199,Private      ,42,25,67,245,76,321
00795400,NORMANDALE COMMUNITY COLLEGE            ,MN,55431-4399,Public       ,1270,1656,2926,4274,5183,9457
00826700,NORTHWEST TECHNICAL INSTITUTE           ,MN,55121-5001,Proprietary  ,13,17,30,78,57,135
00869400,RASMUSSEN COLLEGE - ST. CLOUD           ,MN,56301-3713,Proprietary  ,59,244,303,285,1439,1724
00869401,RASMUSSEN COLLEGE - BROOKLYN PARK       ,MN,55445-1512,Proprietary  ,49,272,321,258,1422,1680
00869406,RASMUSSEN COLLEGE - EAGAN               ,MN,55122-1346,Proprietary  ,58,257,315,235,1282,1517
00869407,RASMUSSEN COLLEGE - EDEN PRAIRIE        ,MN,55344-7220,Proprietary  ,96,781,877,395,3960,4355
00869409,RASMUSSEN COLLEGE - MANKATO             ,MN,56001-8658,Proprietary  ,57,171,228,279,1055,1334
00869412,RASMUSSEN COLLEGE - LAKE ELMO           ,MN,55042-8624,Proprietary  ,34,155,189,149,887,1036
00869416,RASMUSSEN COLLEGE - MOORHEAD            ,MN,56560-4513,Proprietary  ,41,142,183,203,892,1095
00869417,RASMUSSEN COLLEGE - BLAINE              ,MN,55014-0000,Proprietary  ,46,142,188,148,636,784
00905800,BETHEL UNIVERSITY                       ,MN,55112-6999,Private      ,193,804,997,3281,2218,5499
00960000,COSMETOLOGY CAREERS UNLTD-DULUTH        ,MN,55802-2031,Proprietary  ,5,15,20,20,39,59
00972200,EMPIRE BEAUTY SCHOOL                    ,MN,55119-7003,Proprietary  ,15,94,109,62,304,366
00974000,INVER HILLS COMMUNITY COLLEGE           ,MN,55076-3224,Public       ,694,1066,1760,2302,3538,5840
00983100,MODEL COLLEGE OF HAIR DESIGN            ,MN,56301-4280,Proprietary  ,23,25,48,122,103,225
00987000,EMPIRE BEAUTY SCHOOL                    ,MN,55420-2919,Proprietary  ,34,80,114,132,327,459
00989200,"DULUTH BUSINESS UNIV, INC.              ",MN,55807-0000,Proprietary  ,40,119,159,137,410,547
00999200,OAK HILLS CHRISTIAN COLLEGE             ,MN,56601-0000,Private      ,30,20,50,109,58,167
01024800,ART INSTITUTES INTL MINNESOTA           ,MN,55402-3137,Proprietary  ,281,384,665,1543,1364,2907
01035602,EVEREST INSTITUTE - EAGAN               ,MN,55121-1696,Proprietary  ,39,185,224,117,548,665
01037400,METROPOLITAN STATE UNIVERSITY           ,MN,55106-5000,Public       ,369,1910,2279,1791,7533,9324
01040200,DAKOTA COUNTY TECHNICAL COLLEGE         ,MN,55068-2999,Public       ,421,813,1234,1137,2182,3319
01049000,REGENCY BEAUTY INSTITUTE                ,MN,55428-0000,Proprietary  ,1310,2631,3941,3183,7172,10355
01049100,HENNEPIN TECHNICAL COLLEGE              ,MN,55445-2399,Public       ,593,1811,2404,1852,5360,7212
01054600,CENTURY COLLEGE                         ,MN,55110-1894,Public       ,1226,1886,3112,4860,7170,12030
01173200,"MAYO CLINIC, COLLEGE OF MEDICINE        ",MN,55905-0000,Private      ,3,30,33,31,338,369
01173201,MAYO SCHOOL OF HEALTH-RELATED SCIEN     ,MN,55905-0000,Private      ,6,18,24,65,189,254
01173206,MAYO GRAD SCHOOL                        ,MN,55901-0000,Private      ,0,10,10,3,46,49
01173207,MAYO MEDICAL SCHOOL                     ,MN,55901-0000,Private      ,0,10,10,10,209,219
01232800,NORTHWESTERN HEALTH SCIENCES UNIV       ,MN,55431-1599,Private      ,21,190,211,73,840,913
02050300,ACADEMY COLLEGE                         ,MN,55420-1554,Proprietary  ,15,50,65,50,228,278
02097300,HASTINGS BEAUTY SCHOOL                  ,MN,55033-1205,Proprietary  ,15,6,21,33,32,65
02123200,AVEDA INSTITUTE                         ,MN,55414-0000,Proprietary  ,94,98,192,388,396,784
02159800,COSMETOLOGY CAREERS UNLTD - HIBBING     ,MN,55746-0000,Proprietary  ,5,12,17,12,34,46
02160901,"SALON PROFESSIONAL ACADEMY, THE - THE SA",MN,55428-4928,Proprietary  ,7,21,28,26,66,92
02238100,MINNESOTA SCHOOL OF COSMETOLOGY         ,MN,55125-0000,Proprietary  ,45,55,100,141,206,347
02260500,SUMMIT ACAD OPPORTUNITIES IND CTR       ,MN,55405-0000,Private      ,18,139,157,34,263,297
02263102,ANTHEM COLLEGE - ST. LOUIS PARK         ,MN,55416-2467,Proprietary  ,8,33,41,25,87,112
02504200,WALDEN UNIVERSITY                       ,MN,55401-2511,Proprietary  ,70,13233,13303,211,43482,43693
02514100,AMERICAN INDIAN OPPORTUNITIES CTR       ,MN,55404-0000,Private      ,0,41,41,12,174,186
03001200,MCNALLY SMITH COLLEGE OF MUSIC          ,MN,55101-2220,Proprietary  ,128,83,211,746,286,1032
03051900,ALFRED ADLER GRADUATE SCHOOL            ,MN,55305-0000,Private      ,0,97,97,2,261,263
03096400,LEECH LAKE TRIBAL COLLEGE               ,MN,56633-0000,Public       ,15,93,108,37,242,279
03129100,FOND DU LAC TRIBAL & COMMUNITY CLG      ,MN,55720-2984,Public       ,204,380,584,505,949,1454
03267300,CAPELLA UNIVERSITY                      ,MN,55402-3389,Proprietary  ,42,7252,7294,162,46873,47035
03833300,AMERICAN ACADEMY OF ACUPUNCTURE AND ORIE,MN,55113-0000,Proprietary  ,1,42,43,4,91,95
03921400,WHITE EARTH TRIBAL AND COMMUNITY COLLEGE,MN,56557-0478,Private      ,8,67,75,20,124,144
04044300,HAZELDEN GRADUATE SCHOOL OF ADDICTION ST,MN,55012-0000,Private      ,0,42,42,4,140,144
04130200,INST. OF PRODUCTION AND RECORDING       ,MN,55401-1315,Proprietary  ,99,96,195,416,346,762
04148800,CENTERPOINT MASSAGE & SHIATSU THERAPY SC,MN,55414-4525,Proprietary  ,11,36,47,32,115,147
04157600,NOVA ACADEMY OF COSMETOLOGY             ,MN,55906-4103,Proprietary  ,15,37,52,33,94,127
04160000,ALLURE SCHOOL OF COSMETOLOGY            ,MN,55066-2086,Proprietary  ,2,11,13,18,37,55
04160500,AVALON SCHOOL OF COSMETOLOGY            ,MN,56187-1930,Proprietary  ,7,11,18,21,36,57
04174400,ROCHESTER SCHOOL OF HAIR DESIGN         ,MN,55901-4310,Proprietary  ,8,24,32,15,31,46
04175600,PARK AVENUE SCHOOL OF COSMETOLOGY       ,MN,56470-3361,Proprietary  ,3,5,8,4,24,28
00239600,ALCORN STATE UNIVERSITY                 ,MS,39096-7500,Public       ,540,1124,1664,3992,3971,7963
00239700,BELHAVEN UNIVERSITY                     ,MS,39202-1789,Private      ,201,1072,1273,1487,3803,5290
00239800,BLUE MOUNTAIN COLLEGE                   ,MS,38610-9370,Private      ,112,134,246,513,367,880
00240100,COAHOMA COMMUNITY COLLEGE               ,MS,38614-9799,Public       ,652,1530,2182,1723,2919,4642
00240200,COPIAH-LINCOLN COMMUNITY COLLEGE        ,MS,39191-0649,Public       ,618,938,1556,2240,2758,4998
00240300,DELTA STATE UNIVERSITY                  ,MS,38733-0000,Public       ,457,909,1366,3019,3193,6212
00240400,EAST CENTRAL COMMUNITY COLLEGE          ,MS,39327-0129,Public       ,435,831,1266,1896,2329,4225
00240500,EAST MISSISSIPPI COMM COLLEGE           ,MS,39358-0000,Public       ,861,1522,2383,2887,4165,7052
00240700,HINDS COMMUNITY COLLEGE                 ,MS,39154-9799,Public       ,1861,3829,5690,7484,12303,19787
00240800,HOLMES COMMUNITY COLLEGE                ,MS,39079-0000,Public       ,952,1974,2926,3900,6177,10077
00240900,ITAWAMBA COMMUNITY COLLEGE              ,MS,38843-1099,Public       ,1011,2034,3045,4110,5970,10080
00241000,JACKSON STATE UNIVERSITY                ,MS,39217-0001,Public       ,975,2561,3536,8160,10042,18202
00241100,JONES COUNTY JUNIOR COLLEGE             ,MS,39437-3999,Public       ,752,846,1598,3640,3049,6689
00241300,MERIDIAN COMMUNITY COLLEGE              ,MS,39307-5890,Public       ,658,1053,1711,2259,3046,5305
00241400,MILLSAPS COLLEGE                        ,MS,39201-0000,Private      ,101,120,221,1475,520,1995
00241500,MISSISSIPPI COLLEGE                     ,MS,39058-0001,Private      ,357,735,1092,2734,3472,6206
00241501,MISSISSIPPI COLLEGE - SCHOOL OF LAW     ,MS,39201-1391,Private      ,12,77,89,71,961,1032
00241600,MISSISSIPPI DELTA CMTY COLLEGE          ,MS,38761-0000,Public       ,633,931,1564,2158,2496,4654
00241700,MISSISSIPPI GULF CST CLG-PERKINSTON     ,MS,39573-0000,Public       ,399,357,756,1949,1196,3145
00241701,MISSISSIPPI GULF CST CLG-JEFF DAVIS     ,MS,39507-0000,Public       ,559,1234,1793,1919,3886,5805
00241702,MISSISSIPPI GULF CST CLG-JACKSON CN     ,MS,39553-0000,Public       ,515,884,1399,1768,2702,4470
00242200,MISSISSIPPI UNIV FOR WOMEN              ,MS,39701-5818,Public       ,246,666,912,1669,2532,4201
00242300,MISSISSIPPI STATE UNIVERSITY            ,MS,39762-9698,Public       ,1711,1808,3519,15803,8069,23872
00242400,MISSISSIPPI VALLEY STATE UNIVERSITY     ,MS,38941-1400,Public       ,445,988,1433,2917,3134,6051
00242600,NORTHEAST MS CMNTY COLLEGE              ,MS,38829-1731,Public       ,528,697,1225,2776,2541,5317
00242700,NORTHWEST MISSISSIPPI COMMUNITY CLG     ,MS,38668-1703,Public       ,1320,1699,3019,5549,5515,11064
00243000,PEARL RIVER COMMUNITY COLLEGE           ,MS,39470-2201,Public       ,890,1375,2265,3193,4247,7440
00243300,RUST COLLEGE                            ,MS,38635-2328,Private      ,221,222,443,1096,652,1748
00243500,SOUTHEASTERN BAPTIST COLLEGE            ,MS,39440-0000,Private      ,8,40,48,23,81,104
00243600,SOUTHWEST MISSISSIPPI CMNTY CLG         ,MS,39666-8099,Public       ,351,513,864,1404,1574,2978
00243900,TOUGALOO COLLEGE                        ,MS,39174-9799,Private      ,189,196,385,1602,771,2373
00244000,UNIVERSITY OF MISSISSIPPI               ,MS,38677-1848,Public       ,1714,1782,3496,13749,7480,21229
00244001,UNIVERSITY OF MISSISSIPPI - MED CTR     ,MS,39216-0000,Public       ,64,241,305,600,2121,2721
00244100,UNIVERSITY OF SOUTHERN MISSISSIPPI      ,MS,39406-0001,Public       ,1641,2449,4090,11681,10217,21898
00244700,WILLIAM CAREY UNIVERSITY                ,MS,39401-5499,Private      ,311,1040,1351,1465,3964,5429
00489809,MCCANN SCHOOL OF BUSINESS & TECHNOLOGY -,MS,39503-3167,Proprietary  ,0,4,4,0,4,4
01289101,ANTONELLI COLLEGE - JACKSON             ,MS,39232-9514,Proprietary  ,39,322,361,184,1188,1372
01289102,ANTONELLI COLLEGE - HATTIESBURG         ,MS,39401-3056,Proprietary  ,32,160,192,155,660,815
02074900,CHRIS' BEAUTY COLLEGE                   ,MS,39501-0000,Proprietary  ,14,39,53,42,120,162
02160500,NORTH MISSISSIPPI MED CTR MED TECH      ,MS,38801-0000,Private      ,6,43,49,36,130,166
02235900,ACADEMY OF HAIR DESIGN #4               ,MS,39208-0000,Proprietary  ,16,50,66,69,174,243
02244300,ACADEMY OF HAIR DESIGN #1               ,MS,38901-0000,Proprietary  ,33,86,119,79,263,342
02249900,DELTA BEAUTY COLLEGE                    ,MS,38701-0000,Proprietary  ,16,32,48,51,111,162
02251600,ACADEMY OF HAIR DESIGN #6               ,MS,39401-7581,Proprietary  ,42,86,128,101,250,351
02251700,FOSTER'S COSMETOLOGY COLLEGE            ,MS,38663-0000,Proprietary  ,9,12,21,10,20,30
02302800,MISSISSIPPI COLLEGE OF BEAUTY CULT      ,MS,39440-0000,Proprietary  ,9,33,42,30,90,120
02320800,MAGNOLIA COLLEGE OF COSMETOLOGY         ,MS,39206-0000,Proprietary  ,29,102,131,78,236,314
02502100,CREATIONS COLLEGE OF COSMETOLOGY        ,MS,38803-0000,Proprietary  ,16,51,67,55,127,182
02516200,WESLEY BIBLICAL SEMINARY                ,MS,39206-0000,Private      ,1,31,32,5,112,117
02586000,J & J HAIR DESIGN COLLEGE               ,MS,39051-3716,Proprietary  ,16,87,103,45,161,206
03004000,FINAL TOUCH BEAUTY SCHOOL               ,MS,39307-2934,Proprietary  ,10,33,43,19,74,93
03010603,VIRGINIA COLLEGE - JACKSON              ,MS,39206-5602,Proprietary  ,69,341,410,209,1072,1281
03010610,VIRGINIA COLLEGE - BILOXI               ,MS,39532-2124,Proprietary  ,26,232,258,111,972,1083
03263300,TRAXLER'S SCHOOL OF HAIR                ,MS,39212-2529,Proprietary  ,6,31,37,19,82,101
03464300,ACADEMY OF HAIR DESIGN                  ,MS,39562-0000,Proprietary  ,5,44,49,19,94,113
03525300,BLUE CLIFF COLLEGE                      ,MS,39507-0000,Proprietary  ,27,192,219,141,664,805
03848300,DAY SPA CAREER COLLEGE                  ,MS,39564-0000,Proprietary  ,7,48,55,28,123,151
03963300,HEALING TOUCH SCHOOL OF MASSAGE THERAPY ,MS,39402-1300,Proprietary  ,8,60,68,18,106,124
04131300,CORINTH ACADEMY OF COSMETOLOGY          ,MS,38834-4813,Proprietary  ,8,41,49,25,110,135
04137400,MISSISSIPPI SCHOOL OF THERAPEUTIC MASSAG,MS,39216-5023,Proprietary  ,6,27,33,15,79,94
04140200,"MISSISSIPPI INSTITUTE OF AESTHETICS, NAI",MS,39056-5628,Proprietary  ,14,41,55,33,87,120
00252600,CARROLL COLLEGE                         ,MT,59625-0002,Private      ,49,42,91,1795,323,2118
00252700,UNIVERSITY OF GREAT FALLS               ,MT,59405-4996,Private      ,80,182,262,697,710,1407
00252800,MILES COMMUNITY COLLEGE                 ,MT,59301-4799,Public       ,57,78,135,286,267,553
00252900,DAWSON COMMUNITY COLLEGE                ,MT,59330-1405,Public       ,47,51,98,266,166,432
00253000,MONTANA STATE UNIVERSITY - BILLINGS     ,MT,59101-0298,Public       ,347,804,1151,2768,3786,6554
00253100,MONTANA TECH OF THE UNIV OF MONTANA     ,MT,59701-8997,Public       ,153,281,434,1533,1398,2931
00253200,MONTANA STATE UNIVERSITY - BOZEMAN      ,MT,59717-0001,Public       ,699,873,1572,10525,5090,15615
00253300,MONTANA STATE UNIVERSITY-NORTHERN       ,MT,59501-3148,Public       ,130,245,375,801,857,1658
00253400,ROCKY MOUNTAIN COLLEGE                  ,MT,59102-1796,Private      ,87,85,172,1194,437,1631
00253600,UNIVERSITY OF MONTANA (THE)             ,MT,59812-0001,Public       ,883,1454,2337,8962,8489,17451
00253700,UNIVERSITY OF MONTANA WESTERN (THE)     ,MT,59725-3598,Public       ,82,109,191,1233,650,1883
00677700,FLATHEAD VALLEY COMMUNITY COLLEGE       ,MT,59901-2699,Public       ,162,423,585,867,1781,2648
00757000,HELENA COLLEGE OF TECHNOLOGY            ,MT,59601-3098,Public       ,101,291,392,468,1242,1710
00790000,BUTTE ACADEMY OF BEAUTY CULTURE         ,MT,59701-9197,Proprietary  ,6,11,17,23,44,67
00894700,"DAHL'S COLLEGE OF BEAUTY,INC            ",MT,59401-3731,Proprietary  ,7,15,22,24,59,83
00931400,MSU COLLEGE OF TECH-GREAT FALLS         ,MT,59405-4907,Public       ,155,454,609,643,1601,2244
02143400,SALISH KOOTENAI COLLEGE                 ,MT,59855-0000,Public       ,118,403,521,330,1083,1413
02286600,LITTLE BIG HORN COLLEGE                 ,MT,59022-0000,Public       ,47,131,178,113,224,337
02343000,FT PECK COMMUNITY COLLEGE               ,MT,59255-0000,Public       ,49,101,150,84,199,283
02510600,BLACKFEET COMMUNITY COLLEGE             ,MT,59417-0000,Private      ,70,236,306,145,386,531
02517500,FORT BELKNAP COLLEGE                    ,MT,59526-0000,Public       ,17,67,84,47,151,198
02545200,CHIEF DULL KNIFE COLLEGE                ,MT,59043-0098,Public       ,19,81,100,71,152,223
02610900,STONE CHILD COLLEGE                     ,MT,59521-9796,Public       ,39,157,196,71,245,316
02621300,ACADEMY OF COSMETOLOGY                  ,MT,59715-3544,Proprietary  ,8,10,18,52,58,110
03205300,MODERN BEAUTY SCHOOL                    ,MT,59801-8386,Proprietary  ,11,16,27,52,84,136
03763400,"ACADEMY OF NAIL, SKIN & HAIR            ",MT,59101-0000,Proprietary  ,16,49,65,80,139,219
03778300,HEALTH WORKS INSTITUTE                  ,MT,59715-0000,Proprietary  ,4,16,20,22,56,78
04163700,BITTERROOT SCHOOL OF COSMETOLOGY        ,MT,59840-3118,Proprietary  ,3,18,21,11,34,45
04164100,SALON PROFESSIONAL ACADEMY (THE)        ,MT,59405-0000,Proprietary  ,15,30,45,60,114,174
04187700,CREVIER'S SCHOOL OF COSMETOLOGY         ,MT,59901-4402,Proprietary  ,11,39,50,32,86,118
00253900,CHADRON STATE COLLEGE                   ,NE,69337-2690,Public       ,165,287,452,1737,1137,2874
00254000,COLLEGE OF ST MARY                      ,NE,68106-2606,Private      ,51,227,278,503,1126,1629
00254100,CONCORDIA UNIVERSITY                    ,NE,68434-1594,Private      ,82,134,216,1386,522,1908
00254200,CREIGHTON UNIVERSITY                    ,NE,68178-0001,Private      ,251,511,762,5167,5064,10231
00254400,DOANE COLLEGE                           ,NE,68333-2421,Private      ,130,385,515,1616,1104,2720
00254700,GRACE UNIVERSITY                        ,NE,68108-3629,Private      ,36,89,125,331,318,649
00254800,HASTINGS COLLEGE                        ,NE,68901-7621,Private      ,90,45,135,1537,182,1719
00255100,UNIVERSITY OF NEBRASKA AT KEARNEY       ,NE,68849-0001,Public       ,472,516,988,4430,2003,6433
00255300,MIDLAND UNIVERSITY                      ,NE,68025-4254,Private      ,148,76,224,1176,325,1501
00255400,UNIVERSITY OF NEBRASKA-OMAHA            ,NE,68182-0001,Public       ,967,1264,2231,8692,6744,15436
00255500,NEBRASKA WESLEYAN UNIVERSITY            ,NE,68504-2796,Private      ,194,135,329,1835,549,2384
00255700,MID-PLAINS COMM COLLEGE - NORTH PLATTE  ,NE,69101-9420,Public       ,122,225,347,505,663,1168
00255701,MID-PLAINS COMMUNITY COLLEGE - MCCOOK   ,NE,69001-2631,Public       ,53,53,106,257,194,451
00255900,PERU STATE COLLEGE                      ,NE,68421-0010,Public       ,141,221,362,953,978,1931
00256000,WESTERN NEBRASKA COMMUNITY COLLEGE      ,NE,69361-1815,Public       ,138,295,433,708,1088,1796
00256300,UNION COLLEGE                           ,NE,68506-4387,Private      ,146,66,212,830,369,1199
00256500,UNIVERSITY OF NEBRASKA-LINCOLN          ,NE,68588-0419,Public       ,1373,998,2371,15592,5623,21215
00256596,UNIVERSITY OF NEBRASKA - CURTIS         ,NE,69025-9522,Public       ,47,13,60,243,52,295
00256600,WAYNE STATE COLLEGE                     ,NE,68787-1172,Public       ,278,209,487,2936,944,3880
00256700,YORK COLLEGE                            ,NE,68467-2699,Private      ,91,47,138,570,163,733
00443600,REGNL WST MEDCL CTR SCHL RAD            ,NE,69361-0000,Private      ,4,2,6,15,13,28
00458608,KAPLAN UNIVERSITY - OMAHA               ,NE,68134-1002,Proprietary  ,39,293,332,139,1369,1508
00458609,KAPLAN UNIVERSITY - LINCOLN             ,NE,68508-2668,Proprietary  ,27,185,212,112,795,907
00639900,BRYANLGH COLLEGE OF HEALTH SCIENCES     ,NE,68506-1398,Private      ,28,53,81,401,327,728
00640400,NEBR METHODIST CLG OF NURS ALLD HLTH    ,NE,68114-2852,Private      ,61,156,217,439,792,1231
00689500,UNIVERSITY OF NEBRASKA-MED CTR          ,NE,68198-4265,Public       ,31,202,233,623,2503,3126
00750100,VATTEROTT COLLEGE                       ,NE,68137-1237,Proprietary  ,75,299,374,229,1028,1257
00849200,ALEGENT HEALTH SCHOOLS                  ,NE,68114-2767,Private      ,1,28,29,35,161,196
00952300,BAHNER COLLEGE OF HAIRSTYLING           ,NE,68025-3297,Proprietary  ,6,7,13,19,36,55
00961700,CAPITOL BEAUTY SCHOOL                   ,NE,68144-0000,Proprietary  ,28,41,69,131,164,295
00974300,BELLEVUE UNIVERSITY                     ,NE,68005-0000,Private      ,241,2188,2429,780,7612,8392
00986200,CLARKSON COLLEGE                        ,NE,68131-2739,Private      ,43,205,248,493,1157,1650
01151900,JOSEPH'S COLLEGE OF BEAUTY/ALL CAMPUSES ,NE,68510-2226,Proprietary  ,39,110,149,142,298,440
01166700,NORTHEAST COMMUNITY COLLEGE             ,NE,68702-0000,Public       ,247,403,650,1772,1355,3127
01258600,METROPOLITAN COMMUNITY COLLEGE          ,NE,68103-0000,Public       ,1249,2775,4024,5014,12927,17941
01297600,NEBRASKA CHRISTIAN COLLEGE              ,NE,68046-4256,Private      ,29,27,56,126,60,186
02079700,COLLEGE OF HAIR DESIGN                  ,NE,68508-0000,Proprietary  ,36,71,107,163,223,386
02099500,CENTRAL COMMUNITY COLLEGE- GI           ,NE,68801-0000,Public       ,140,422,562,701,1441,2142
02099501,CENTRAL COMMUNITY COLLEGE - HASTINGS    ,NE,68902-0000,Public       ,168,268,436,1013,844,1857
02099502,CENTRAL COMMUNITY COLLEGE - COLUMBUS    ,NE,68602-0000,Public       ,107,184,291,506,549,1055
02508300,SOUTHEAST COMM. COLLEGE-ALL CAMPUSES    ,NE,68520-0000,Public       ,991,1561,2552,4954,6756,11710
02550800,NEBRASKA INDIAN COMMUNITY COLLEGE       ,NE,68039-0000,Public       ,10,95,105,19,131,150
02610500,XENON INTERNATIONAL ACADEMY II          ,NE,68127-3522,Proprietary  ,37,56,93,189,230,419
03164300,THE CREATIVE CENTER                     ,NE,68164-2911,Proprietary  ,26,11,37,161,56,217
03279300,MYOTHERAPY INSTITUTE                    ,NE,68516-3641,Proprietary  ,12,14,26,26,43,69
03323300,LITTLE PRIEST TRIBAL COLLEGE            ,NE,68071-0000,Private      ,25,84,109,36,127,163
03821400,UNIVERSAL COLLEGE OF HEALING ARTS       ,NE,68112-1810,Proprietary  ,9,19,28,17,78,95
00256800,UNIVERSITY OF NEVADA RENO               ,NV,89557-0002,Public       ,863,963,1826,11335,6385,17720
00256900,UNIVERSITY OF NEVADA-LAS VEGAS          ,NV,89154-1001,Public       ,1531,2656,4187,15315,16068,31383
00697700,GREAT BASIN COLLEGE                     ,NV,89801-3348,Public       ,147,448,595,605,1341,1946
00732954,ITT TECHNICAL INSTITUTE                 ,NV,89014-6712,Proprietary  ,77,285,362,258,845,1103
00736700,MARINELLO SCHOOLS OF BEAUTY             ,NV,89110-3563,Proprietary  ,67,174,241,180,452,632
00737100,MARINELLO SCHOOL OF BEAUTY              ,NV,89502-5982,Proprietary  ,39,106,145,114,280,394
00844103,ANTHEM INSTITUTE - MORRISON UNIVERSITY  ,NV,89521-4826,Proprietary  ,13,62,75,33,228,261
00919200,SIERRA NEVADA COLLEGE                   ,NV,89451-0000,Private      ,59,187,246,519,541,1060
01036200,COLLEGE OF SOUTHERN NEVADA              ,NV,89146-1139,Public       ,2486,5347,7833,12792,24174,36966
01036300,WESTERN NEVADA COLLEGE                  ,NV,89703-0000,Public       ,234,701,935,1125,2827,3952
01323200,ACADEMY OF HAIR DESIGN                  ,NV,89146-1617,Proprietary  ,44,92,136,125,263,388
02107700,TRUCKEE MEADOWS COMMUNITY CLG           ,NV,89512-0000,Public       ,734,1730,2464,3956,7779,11735
02237500,EVEREST COLLEGE                         ,NV,89103-0000,Proprietary  ,186,445,631,537,1457,1994
02338512,GLENDALE CAREER COLLEGE - NEVADA CAREER ,NV,89131-3268,Proprietary  ,4,40,44,30,124,154
02616703,SCOTTSDALE CULINARY INSTITUTE - LE CORDO,NV,89144-7047,Proprietary  ,21,103,124,144,447,591
02621500,CAREER COLLEGE OF NORTHERN NEVADA       ,NV,89434-7905,Proprietary  ,33,171,204,144,755,899
03030603,UTAH CLG OF MASSAGE THERAPY-NSMT        ,NV,89123-0000,Proprietary  ,57,122,179,132,300,432
03031405,INTERNATIONAL ACADEMY OF DESIGN AND TECH,NV,89074-7750,Proprietary  ,101,172,273,403,723,1126
03043200,KAPLAN COLLEGE                          ,NV,89102-8618,Proprietary  ,88,539,627,371,1741,2112
03076404,BRYMAN SCHOOL OF ARIZONA (THE) - ANTHEM ,NV,89102-4514,Proprietary  ,8,31,39,30,103,133
03088200,CARSON CITY BEAUTY ACADEMY              ,NV,89706-0000,Proprietary  ,15,46,61,33,117,150
03110000,ACADEMY OF HEALING ARTS                 ,NV,89106-4031,Proprietary  ,1,3,4,126,330,456
03232306,EUPHORIA INSTITUTE - SUMMERLIN          ,NV,89117-8803,Proprietary  ,34,82,116,128,281,409
03232307,EUPHORIA INSTITUTE - GREEN VALLEY       ,NV,89052-4964,Proprietary  ,30,63,93,102,217,319
03232308,EUPHORIA INSTITUTE - ALIANTE            ,NV,89131-1036,Proprietary  ,38,62,100,126,303,429
03787300,EXPERTISE SCHOOL OF BEAUTY              ,NV,89106-2516,Private      ,19,79,98,63,236,299
03838500,NORTHWEST HEALTH CAREERS                ,NV,89128-0255,Proprietary  ,35,160,195,117,376,493
03975300,INSTITUTE OF PROFESSIONAL CAREERS       ,NV,89119-7825,Proprietary  ,11,79,90,63,252,315
04051303,ART INSTITUTE OF PHOENIX (THE) - ART INS,NV,89074-7737,Proprietary  ,47,83,130,989,1052,2041
04065300,UNIVERSITY OF SOUTHERN NEVADA           ,NV,89014-2333,Private      ,58,221,279,404,1924,2328
04114300,NEVADA STATE COLLEGE                    ,NV,89002-9455,Public       ,179,528,707,1489,2818,4307
04142601,TOURO UNIVERSITY - NEVADA               ,NV,89014-8800,Private      ,5,71,76,57,753,810
04144800,INTERNATIONAL ACADEMY OF STYLE          ,NV,89509-3450,Proprietary  ,21,47,68,62,151,213
04147600,AVEDA INSTITUTE LAS VEGAS               ,NV,89119-6103,Proprietary  ,23,54,77,108,232,340
04171000,ADVANCED TRAINING INSTITUTE             ,NV,89115-7504,Proprietary  ,31,144,175,64,344,408
04186300,PAUL MITCHELL THE SCHOOL LAS VEGAS      ,NV,89123-8014,Proprietary  ,53,75,128,105,157,262
00257200,COLBY-SAWYER COLLEGE                    ,NH,03257-4648,Private      ,17,7,24,2776,116,2892
00257300,DARTMOUTH COLLEGE                       ,NH,03755-3529,Private      ,95,84,179,11939,1864,13803
00257500,FRANKLIN PIERCE UNIVERSITY              ,NH,03461-0060,Private      ,45,166,211,2613,1262,3875
00257900,NEW ENGLAND COLLEGE                     ,NH,03242-3293,Private      ,62,249,311,1493,972,2465
00258000,SOUTHERN NEW HAMPSHIRE UNIVERSITY       ,NH,03106-1045,Private      ,203,1850,2053,5197,7122,12319
00258100,NHTI  - CONCORD'S COMMUNITY COLLEGE     ,NH,03301-7412,Public       ,425,436,861,2730,2025,4755
00258200,MANCHESTER COMMUNITY COLLEGE            ,NH,03102-8518,Public       ,263,372,635,1335,1628,2963
00258300,GREAT BAY COMMUNITY COLLEGE             ,NH,03801-0000,Public       ,149,219,368,865,1167,2032
00258600,RIVIER COLLEGE                          ,NH,03060-5086,Private      ,71,196,267,1326,1069,2395
00258700,SAINT ANSELM COLLEGE                    ,NH,03102-1310,Private      ,33,15,48,4201,136,4337
00258900,UNIVERSITY OF NEW HAMPSHIRE             ,NH,03824-2511,Public       ,268,306,574,20554,3857,24411
00259000,KEENE STATE COLLEGE                     ,NH,03431-0000,Public       ,206,77,283,8430,724,9154
00259100,PLYMOUTH STATE UNIVERSITY               ,NH,03264-1595,Public       ,126,217,343,7018,1567,8585
00301004,ANTIOCH UNIVERSITY                      ,NH,03431-0000,Private      ,0,66,66,7,881,888
00472900,HESSER COLLEGE                          ,NH,03103-7230,Proprietary  ,119,289,408,509,1090,1599
00472901,HESSER COLLEGE - NASHUA CAMPUS          ,NH,03063-1286,Proprietary  ,42,125,167,162,526,688
00472904,HESSER COLLEGE - PORTSMOUTH CAMPUS      ,NH,03801-3245,Proprietary  ,45,162,207,155,577,732
00472905,HESSER COLLEGE - SALEM CAMPUS           ,NH,03079-2842,Proprietary  ,71,183,254,217,612,829
00472906,HESSER COLLEGE - CONCORD CAMPUS         ,NH,03301-3415,Proprietary  ,25,121,146,99,488,587
00473100,DANIEL WEBSTER COLLEGE                  ,NH,03063-1300,Proprietary  ,59,49,108,778,200,978
00473300,CHESTER COLLEGE OF NEW ENGLAND          ,NH,03036-4331,Private      ,4,3,7,194,36,230
00529100,WHITE MOUNTAINS COMMUNITY COLLEGE       ,NH,03570-3799,Public       ,62,158,220,400,657,1057
00702500,LEBANON COLLEGE                         ,NH,03766-0000,Private      ,4,23,27,29,91,120
00755500,LAKES REGION COMMUNITY COLLEGE          ,NH,03246-1326,Public       ,110,134,244,606,650,1256
00756000,RIVER VALLEY COMMUNITY COLLEGE          ,NH,03743-9707,Public       ,63,166,229,344,838,1182
00849300,CONTINENTAL ACADEMIE OF HAIR DESIGN     ,NH,03103-4901,Proprietary  ,4,4,8,18,20,38
00864500,EMPIRE BEAUTY SCHOOL                    ,NH,03220-0000,Proprietary  ,40,56,96,78,114,192
00923600,NASHUA COMMUNITY COLLEGE                ,NH,03063-2052,Public       ,258,254,512,1099,1103,2202
01318900,CONTINENTAL ACADEMIE OF HAIR DESIGN     ,NH,03051-3754,Proprietary  ,18,20,38,40,37,77
02097900,UNIVERSITY NEW HAMPSHIRE SCHOOL OF LAW  ,NH,03301-0000,Private      ,1,30,31,66,743,809
02140400,ST JOSEPH SCH OF PRAC NRSG              ,NH,03060-0000,Private      ,12,45,57,54,177,231
02174800,MICHAEL'S SCHOOL OF HAIR DESIGN & ESTHET,NH,03110-0000,Proprietary  ,21,28,49,76,64,140
02179600,EMPIRE BEAUTY SCHOOL                    ,NH,03878-0000,Proprietary  ,43,54,97,79,108,187
02211600,PORTSMOUTH BTY SCH OF HAIR DESIGN       ,NH,03801-4084,Proprietary  ,4,8,12,17,15,32
02223300,MAGDALEN COLLEGE                        ,NH,03278-4012,Private      ,16,1,17,57,5,62
02245400,KEENE BEAUTY ACADEMY                    ,NH,03431-0000,Proprietary  ,5,11,16,26,40,66
02247000,NEW ENGLAND SCHOOL OF HAIR DESIGN       ,NH,03784-0000,Proprietary  ,5,22,27,34,52,86
03043100,THOMAS MORE COLLEGE OF LIBERAL ARTS     ,NH,03054-4818,Private      ,8,3,11,85,15,100
03101300,GRANITE STATE COLLEGE                   ,NH,03301-6400,Public       ,72,422,494,328,1689,2017
03182300,NEW HAMPSHIRE INSTITUTE OF ART          ,NH,03104-4858,Private      ,31,14,45,715,115,830
03437300,UPPER VALLEY TEACHER TRANING PROGRAM    ,NH,03766-1358,Private      ,0,13,13,0,43,43
03729300,NH INSTITUTE FOR THERAPEUTIC ARTS       ,NH,03051-4906,Proprietary  ,4,14,18,12,35,47
04162200,LAIRD INSTITUTE OF SPA THERAPY          ,NH,03102-5263,Proprietary  ,5,18,23,13,48,61
00267000,BAPTIST BIBLE COLG OF PENNSYLVANIA      ,PA,18411-1297,Private      ,64,88,152,643,284,927
00322800,BRYN ATHYN COLLEGE OF THE NEW CHURCH    ,PA,19009-0717,Private      ,15,3,18,283,34,317
00322900,ALBRIGHT COLLEGE                        ,PA,19612-5234,Private      ,103,186,289,3925,1215,5140
00323000,ALLEGHENY COLLEGE                       ,PA,16335-3902,Private      ,40,12,52,3652,127,3779
00323100,COMM CLG OF ALLEGHENY-ALLEGHENY CMP     ,PA,15212-0000,Public       ,597,1458,2055,3132,5691,8823
00323101,"COMM CLG OF ALLEGHENY, BOYCE CAMPUS     ",PA,15146-0000,Public       ,316,565,881,1507,2467,3974
00323102,"COMM CLG OF ALLEGHENY, NORTH CAMPUS     ",PA,15237-0000,Public       ,260,423,683,1334,1685,3019
00323103,"COMM CLG OF ALLEGHENY, SOUTH CAMPUS     ",PA,15122-0000,Public       ,359,582,941,1866,2355,4221
00323300,ALVERNIA UNIVERSITY                     ,PA,19607-1799,Private      ,78,239,317,2370,1566,3936
00323500,ARCADIA UNIVERSITY                      ,PA,19038-3295,Private      ,85,260,345,5286,2219,7505
00323700,BRYN MAWR COLLEGE                       ,PA,19010-2899,Private      ,25,40,65,1813,645,2458
00323800,BUCKNELL UNIVERSITY                     ,PA,17837-2122,Private      ,68,9,77,5327,201,5528
00323900,BUCKS COUNTY COMMUNITY COLLEGE          ,PA,18940-1320,Public       ,631,853,1484,3880,3684,7564
00324000,BUTLER COUNTY COMMUNITY COLLEGE         ,PA,16001-0000,Public       ,308,402,710,2035,2131,4166
00324100,CABRINI COLLEGE                         ,PA,19087-3698,Private      ,81,490,571,2061,1408,3469
00324200,CARNEGIE MELLON UNIVERSITY              ,PA,15213-3890,Private      ,137,173,310,11917,1835,13752
00324201,CARNEGIE MELLON UNIV- THE HEINZ COLLEGE ,PA,15213-0000,Private      ,4,37,41,91,566,657
00324202,CARNEGIE MELLON- TEPPER SCHOOL OF BUSINE,PA,15213-0000,Private      ,2,78,80,208,474,682
00324300,CEDAR CREST COLLEGE                     ,PA,18104-6196,Private      ,36,153,189,1029,1246,2275
00324400,CHATHAM UNIVERSITY                      ,PA,15232-2826,Private      ,22,296,318,769,1813,2582
00324500,CHESTNUT HILL COLLEGE                   ,PA,19118-2693,Private      ,120,430,550,1812,2078,3890
00324700,MISERICORDIA  UNIVERSITY                ,PA,18612-1008,Private      ,93,170,263,2247,1241,3488
00324900,COMMUNITY COLLEGE OF PHILADELPHIA       ,PA,19130-3991,Public       ,2152,4614,6766,11848,20140,31988
00325100,CURTIS INSTITUTE OF MUSIC               ,PA,19103-6187,Private      ,5,6,11,287,132,419
00325200,DELAWARE VALLEY COLLEGE                 ,PA,18901-2697,Private      ,89,96,185,2245,496,2741
00325300,DICKINSON COLLEGE                       ,PA,17013-2896,Private      ,69,20,89,3778,181,3959
00325600,DREXEL UNIVERSITY                       ,PA,19104-2875,Private      ,573,2408,2981,28964,17337,46301
00325800,DUQUESNE UNIVERSITY                     ,PA,15282-0001,Private      ,170,447,617,7493,4276,11769
00325900,EASTERN UNIVERSITY                      ,PA,19087-3696,Private      ,114,457,571,2357,2850,5207
00326200,ELIZABETHTOWN COLLEGE                   ,PA,17022-2298,Private      ,52,85,137,3189,608,3797
00326300,EVANGELICAL SCHOOL OF THEOLOGY          ,PA,17067-0000,Private      ,0,3,3,1,83,84
00326500,FRANKLIN & MARSHALL COLLEGE             ,PA,17604-0000,Private      ,75,21,96,3223,156,3379
00326600,GANNON UNIVERSITY                       ,PA,16541-0001,Private      ,73,194,267,3729,1488,5217
00326700,GENEVA COLLEGE                          ,PA,15010-3599,Private      ,34,154,188,1928,937,2865
00326800,GETTYSBURG COLLEGE                      ,PA,17325-1486,Private      ,57,17,74,4351,143,4494
00326900,GROVE CITY COLLEGE                      ,PA,16127-2104,Private      ,17,4,21,17,4,21
00327000,GWYNEDD-MERCY COLLEGE                   ,PA,19437-0901,Private      ,62,208,270,1823,1520,3343
00327200,HARCUM COLLEGE                          ,PA,19010-3476,Private      ,80,300,380,836,1485,2321
00327300,HARRISBURG AREA COMMUNITY COLLEGE       ,PA,17110-2999,Public       ,1223,2886,4109,8927,15431,24358
00327400,HAVERFORD COLLEGE                       ,PA,19041-1392,Private      ,39,8,47,2200,60,2260
00327500,HOLY FAMILY UNIVERSITY                  ,PA,19114-2094,Private      ,96,266,362,2131,1901,4032
00327600,IMMACULATA UNIVERSITY                   ,PA,19345-0647,Private      ,93,464,557,1637,1844,3481
00327700,INDIANA UNIVERSITY OF PENNSYLVANIA      ,PA,15705-1097,Public       ,524,509,1033,15117,4088,19205
00327900,JUNIATA COLLEGE                         ,PA,16652-2196,Private      ,19,7,26,2281,87,2368
00328000,KEYSTONE COLLEGE                        ,PA,18440-0200,Private      ,81,110,191,1625,897,2522
00328200,KINGS COLLEGE                           ,PA,18711-0801,Private      ,109,104,213,3083,621,3704
00328300,LACKAWANNA COLLEGE                      ,PA,18509-9961,Private      ,201,198,399,1683,1109,2792
00328400,LAFAYETTE COLLEGE                       ,PA,18042-1768,Private      ,44,20,64,3927,147,4074
00328500,LANCASTER BIBLE COLLEGE                 ,PA,17601-5036,Private      ,54,209,263,736,641,1377
00328600,LANCASTER THEOLOGICAL SEMINARY          ,PA,17603-0000,Private      ,0,10,10,1,110,111
00328700,LASALLE UNIVERSITY                      ,PA,19141-1199,Private      ,256,591,847,5818,3816,9634
00328800,LEBANON VALLEY COLLEGE                  ,PA,17003-1400,Private      ,30,27,57,2948,302,3250
00328900,LEHIGH UNIVERSITY                       ,PA,18015-1588,Private      ,64,134,198,8544,983,9527
00329000,LINCOLN UNIVERSITY                      ,PA,19352-0999,Public       ,226,261,487,3601,1292,4893
00329100,LUTHERAN THEOLOG SEMINARY-GETTYSBRG     ,PA,17325-0000,Private      ,0,9,9,0,122,122
00329200,LUTHERAN THEOLOGICAL SEMINARY           ,PA,19119-0000,Private      ,0,36,36,0,184,184
00329300,LYCOMING COLLEGE                        ,PA,17701-5192,Private      ,55,20,75,1978,171,2149
00329400,MANOR COLLEGE                           ,PA,19046-3399,Private      ,62,86,148,702,649,1351
00329600,MARYWOOD UNIVERSITY                     ,PA,18509-1598,Private      ,80,184,264,2974,1560,4534
00329700,MERCYHURST COLLEGE                      ,PA,16546-0001,Private      ,238,320,558,4134,1848,5982
00329800,MESSIAH COLLEGE                         ,PA,17027-0800,Private      ,133,49,182,3482,328,3810
00330000,MOORE COLLEGE OF ART & DESIGN           ,PA,19103-1179,Private      ,16,29,45,687,286,973
00330100,MORAVIAN COLLEGE                        ,PA,18018-6650,Private      ,48,46,94,2340,320,2660
00330101,MORAVIAN THEOLOGICAL SEMINARY           ,PA,18018-0000,Private      ,0,10,10,6,74,80
00330200,MOUNT ALOYSIUS COLLEGE                  ,PA,16630-1999,Private      ,20,86,106,1327,855,2182
00330300,CARLOW UNIVERSITY                       ,PA,15213-3165,Private      ,49,282,331,1204,1961,3165
00330400,MUHLENBERG COLLEGE                      ,PA,18104-5586,Private      ,46,57,103,3775,327,4102
00330600,VALLEY FORGE CHRISTIAN COLLEGE          ,PA,19460-2399,Private      ,63,58,121,925,268,1193
00330900,PEIRCE COLLEGE                          ,PA,19102-4699,Private      ,70,496,566,313,2381,2694
00331100,SALUS UNIVERSITY                        ,PA,19027-1598,Private      ,0,28,28,10,978,988
00331300,WIDENER UNIVERSITY                      ,PA,19013-5792,Private      ,176,274,450,4608,2566,7174
00331302,WIDENER UNIV SCH OF LAW- HARRISBURG     ,PA,17106-9381,Private      ,1,57,58,33,721,754
00331500,BLOOMSBURG UNIVERSITY OF PA             ,PA,17815-1301,Public       ,557,224,781,12503,2258,14761
00331600,CALIFORNIA UNIV OF PENNSYLVANIA         ,PA,15419-1394,Public       ,445,706,1151,7152,4419,11571
00331700,CHEYNEY UNIVERSITY OF PENNSYLVANIA      ,PA,19319-0200,Public       ,180,176,356,2232,1031,3263
00331800,CLARION UNIVERSITY OF PENNSYLVANIA      ,PA,16214-1232,Public       ,269,386,655,5598,2581,8179
00332000,EAST STROUDSBURG UNIVERSITY             ,PA,18301-2999,Public       ,441,291,732,8011,1960,9971
00332100,EDINBORO UNIVERSITY OF PENNSYLVANIA     ,PA,16444-0001,Public       ,435,610,1045,6762,3460,10222
00332200,KUTZTOWN UNIVERSITY OF PENNSYLVANIA     ,PA,19530-9339,Public       ,541,278,819,11848,2345,14193
00332300,LOCK HAVEN UNIV OF PENNSYLVANIA         ,PA,17745-2439,Public       ,174,129,303,6048,1470,7518
00332400,MANSFIELD UNIVERSITY                    ,PA,16933-1123,Public       ,169,147,316,3062,1033,4095
00332500,MILLERSVILLE UNIVERSITY OF PA           ,PA,17551-1800,Public       ,314,264,578,9024,2508,11532
00332600,SHIPPENSBURG UNIVERSITY                 ,PA,17257-2299,Public       ,423,226,649,8653,1706,10359
00332700,SLIPPERY ROCK UNIVERSITY                ,PA,16057-1326,Public       ,434,286,720,8986,2152,11138
00332800,WEST CHESTER UNIVERSITY                 ,PA,19383-0001,Public       ,628,580,1208,16989,4623,21612
00332900,PENN STATE UNIVERSITY                   ,PA,16802-1503,Public       ,3558,3624,7182,73235,26552,99787
00335000,UNIVERSITY OF THE ARTS (THE)            ,PA,19102-9493,Private      ,94,70,164,3089,733,3822
00335100,PHILADELPHIA BIBLICAL UNIVERSITY        ,PA,19047-2942,Private      ,78,162,240,868,537,1405
00335200,PHILADELPHIA CLG OSTEOPATHIC MED        ,PA,19131-0000,Private      ,2,152,154,36,3004,3040
00335300,UNIVERSITY OF THE SCIENCES IN PHILADELPH,PA,19104-4495,Private      ,58,76,134,3411,1149,4560
00335400,PHILADELPHIA UNIVERSITY                 ,PA,19144-5497,Private      ,111,239,350,4513,1616,6129
00335600,PITTSBURGH THEOLOGICAL SEMINARY         ,PA,15206-0000,Private      ,0,21,21,4,223,227
00335700,POINT PARK UNIVERSITY                   ,PA,15222-1912,Private      ,150,385,535,3409,2196,5605
00335800,REFORMED PRESBYTERIAN THEOL SEMINAR     ,PA,15208-0000,Private      ,0,10,10,1,31,32
00335900,ROBERT MORRIS UNIVERSITY                ,PA,15108-1189,Private      ,130,421,551,4824,2052,6876
00336000,ROSEMONT COLLEGE                        ,PA,19010-1699,Private      ,27,122,149,742,540,1282
00336200,SETON HILL UNIVERSITY                   ,PA,15601-1599,Private      ,39,88,127,2069,992,3061
00336400,ST. CHARLES BORROMEO SEMINARY           ,PA,19096-0000,Private      ,2,15,17,36,45,81
00336600,SAINT FRANCIS UNIVERSITY                ,PA,15940-0600,Private      ,129,81,210,2102,736,2838
00336700,SAINT JOSEPH'S UNIVERSITY               ,PA,19131-1395,Private      ,302,857,1159,7035,3123,10158
00336800,ST VINCENT COLLEGE                      ,PA,15650-2690,Private      ,64,48,112,2018,316,2334
00336900,SUSQUEHANNA UNIVERSITY                  ,PA,17870-1001,Private      ,38,12,50,3338,138,3476
00337000,SWARTHMORE COLLEGE                      ,PA,19081-1397,Private      ,39,8,47,3968,122,4090
00337100,TEMPLE UNIVERSITY                       ,PA,19122-6003,Private      ,1073,1966,3039,33689,20118,53807
00337600,THIEL COLLEGE                           ,PA,16125-2181,Private      ,68,15,83,1857,210,2067
00337800,UNIVERSITY OF PENNSYLVANIA              ,PA,19104-6216,Private      ,336,1043,1379,20866,12802,33668
00337900,UNIVERSITY OF PITTSBURGH                ,PA,15260-0000,Public       ,974,1277,2251,28180,11182,39362
00337906,UNIVERSITY OF PITTSBURGH - SCHOOL OF MED,PA,15261-0001,Public       ,10,39,49,216,1126,1342
00337907,UNIVERSITY OF PITTSBURGH - SCHOOL OF DEN,PA,15261-2523,Public       ,11,43,54,268,706,974
00338400,UNIVERSITY OF SCRANTON                  ,PA,18510-4622,Private      ,136,401,537,7651,1794,9445
00338500,URSINUS COLLEGE                         ,PA,19426-2562,Private      ,39,11,50,3175,123,3298
00338600,VALLEY FORGE MILITARY COLLEGE           ,PA,19087-3695,Private      ,49,6,55,397,45,442
00338800,VILLANOVA UNIVERSITY                    ,PA,19085-1699,Private      ,141,433,574,12280,2784,15064
00338801,VILLANOVA UNIV SCH OF LAW               ,PA,19085-0000,Private      ,3,93,96,113,1650,1763
00338900,WASHINGTON & JEFFERSON COLLEGE          ,PA,15301-4801,Private      ,65,10,75,2682,93,2775
00339100,WAYNESBURG UNIVERSITY                   ,PA,15370-1222,Private      ,49,221,270,2123,853,2976
00339200,WESTMINSTER COLLEGE                     ,PA,16172-0002,Private      ,50,26,76,2482,132,2614
00339300,WESTMINSTER THEOLOGICAL SEMINARY        ,PA,19038-0000,Private      ,1,39,40,7,293,300
00339400,WILKES UNIVERSITY                       ,PA,18766-0998,Private      ,138,233,371,3141,1206,4347
00339500,PENNSYLVANIA COLLEGE OF TECHNOLOGY      ,PA,17701-5779,Public       ,264,274,538,5142,2394,7536
00339600,WILSON COLLEGE                          ,PA,17201-1285,Private      ,21,75,96,449,470,919
00339900,YORK COLLEGE OF PENNSYLVANIA            ,PA,17405-7199,Private      ,231,202,433,8832,1410,10242
00398600,DESALES UNIVERSITY                      ,PA,18034-9568,Private      ,79,187,266,2476,1427,3903
00398700,LA ROCHE COLLEGE                        ,PA,15237-5898,Private      ,60,67,127,1125,522,1647
00398800,NEUMANN UNIVERSITY                      ,PA,19014-1298,Private      ,156,172,328,3257,1215,4472
00405800,GRATZ COLLEGE                           ,PA,19027-3097,Private      ,0,55,55,3,127,130
00445200,MONTGOMERY COUNTY COMMUNITY COLLEGE     ,PA,19422-6300,Public       ,803,1295,2098,4674,5713,10387
00488900,CAMBRIA-ROWE BUSINESS COLLEGE           ,PA,15902-2494,Proprietary  ,23,58,81,138,283,421
00489000,CENTRAL PENNSYLVANIA COLLEGE            ,PA,17093-0309,Proprietary  ,45,208,253,971,1488,2459
00489300,DU BOIS BUSINESS COLLEGE                ,PA,15801-2401,Proprietary  ,23,55,78,167,316,483
00489400,ERIE BUSINESS CENTER                    ,PA,16501-1305,Proprietary  ,16,82,98,73,323,396
00489401,ERIE BUSINESS CENTER - NEW CASTLE CAMPUS,PA,16101-3950,Proprietary  ,5,28,33,19,90,109
00489800,MCCANN SCHOOL OF BUSINESS & TECHNOL     ,PA,17901-1335,Proprietary  ,286,884,1170,1307,3600,4907
00489807,MCCANN SCHOOL OF BUSINESS & TECHNOLOGY -,PA,17013-3180,Proprietary  ,4,16,20,25,82,107
00489900,MERCY HOSP SCH OF NURSING               ,PA,15219-5166,Private      ,7,17,24,89,175,264
00490100,NEWPORT BUSINESS INSTITUTE              ,PA,15068-3929,Proprietary  ,2,12,14,23,78,101
00490200,PENN COMMERCIAL BUSINESS/TECHNICAL SCHL ,PA,15301-2871,Proprietary  ,56,115,171,197,377,574
00491000,KAPLAN CAREER INSTITUTE                 ,PA,17111-3571,Proprietary  ,58,219,277,229,748,977
00491001,THOMPSON INSTITUTE-PHILADEPHIA CAMPUS   ,PA,19104-3386,Proprietary  ,86,308,394,256,842,1098
00491400,NEWPORT BUSINESS INSTITUTE              ,PA,17701-5855,Proprietary  ,4,18,22,21,108,129
00500701,WEST VIRGINIA CAREER INSTITUTE          ,PA,15456-0000,Proprietary  ,9,27,36,67,146,213
00531000,PITTSBURGH INST OF AERONAUTICS          ,PA,15236-0000,Private      ,33,55,88,267,217,484
00533000,FAYETTE CNTY AREA VOC TECH PRC NRSG     ,PA,15401-0000,Public       ,5,9,14,30,91,121
00533500,CENTRAL PENN INST OF SCI & TECH PNP     ,PA,16823-0000,Public       ,16,49,65,89,192,281
00536500,YORK CO AREA VOC-TECH SCH-PRAC NSG      ,PA,17402-0000,Public       ,13,59,72,34,220,254
00594600,SCHOOL OF RADIOLOGIC TECHNOLOGY AT ST. C,PA,19134-1995,Proprietary  ,0,0,0,7,23,30
00653400,CITIZENS SCHOOL OF NURSING              ,PA,15068-6591,Private      ,6,14,20,89,166,255
00653700,CONEMAUGH VLY MEM HOSP SCH NRSNG        ,PA,15905-4398,Private      ,2,11,13,70,109,179
00653702,CONEMAUGH HOSP- SCH HISTOTECHNOLOGY     ,PA,15905-0000,Private      ,0,1,1,5,5,10
00653704,CONEMAUGH VLY MEM HOSP SCH RAD TECH     ,PA,15905-0000,Private      ,0,2,2,21,20,41
00653706,CONEMAUGH VLY MEM HOSP SCH  MED TECH    ,PA,15905-4398,Private      ,0,0,0,5,4,9
00655100,ST MARGARET SCHL OF NURSING             ,PA,15238-3205,Private      ,4,23,27,66,211,277
00656000,OHIO VALLEY HOSP SCH OF NURSING         ,PA,15136-1694,Private      ,6,17,23,26,52,78
00656500,READING HOSPITAL SCHOOL OF HEALTH SCIENC,PA,19611-1744,Private      ,15,40,55,212,342,554
00657400,"ST LUKE'S HOSPITAL OF BETHLEHEM, PA     ",PA,18015-1065,Private      ,8,28,36,66,211,277
00657600,SEWICKLEY VALLEY HOSP SCH NRSNG         ,PA,15143-1498,Private      ,6,9,15,41,71,112
00657700,UPMC SHADYSIDE SCHOOL OF NURSING        ,PA,15232-1381,Private      ,13,67,80,122,357,479
00657800,SHARON REGIONAL SCHOOL OF NURSING       ,PA,16146-3395,Private      ,1,5,6,19,73,92
00658200,WASHINGTON HOSP SCH OF NURSING          ,PA,15301-3398,Private      ,9,20,29,70,141,211
00658202,WASHINGTON HOSP SCH OF RAD TECH         ,PA,15301-3398,Private      ,1,2,3,21,18,39
00658300,WESTERN PENN HOSP-SCH OF NURSING        ,PA,15224-1790,Private      ,8,13,21,77,119,196
00680700,COMMUNITY COLLEGE OF BEAVER COUNTY      ,PA,15061-2588,Public       ,205,360,565,1290,1606,2896
00681000,LEHIGH CARBON COMMUNITY COLLEGE         ,PA,18078-2598,Public       ,371,707,1078,3048,3976,7024
00681100,LUZERNE COUNTY COMMUNITY COLLEGE        ,PA,18634-3899,Public       ,459,672,1131,3447,3649,7096
00708700,ABINGTON MEM HOSP SCHL OF NURSING       ,PA,19090-1284,Private      ,10,33,43,117,358,475
00709100,EVEREST INSTITUTE                       ,PA,15222-1320,Proprietary  ,60,175,235,167,686,853
00711000,DELAWARE COUNTY COMMUNITY COLLEGE       ,PA,19063-1094,Public       ,848,1514,2362,5406,7208,12614
00719100,NORTHAMPTON COMMUNITY COLLEGE           ,PA,18020-7599,Public       ,738,1155,1893,6365,6342,12707
00732955,ITT TECHNICAL INSTITUTE                 ,PA,19406-1212,Proprietary  ,59,150,209,260,505,765
00743000,ANTONELLI INST OF ART & PHOTOGRAPHY     ,PA,19038-8242,Proprietary  ,14,6,20,231,36,267
00743600,KAPLAN CAREER INSTITUTE - ICM CAMPUS    ,PA,15222-1977,Proprietary  ,61,201,262,245,922,1167
00743700,PITTSBURGH TECHNICAL INSTITUTE          ,PA,15071-3205,Proprietary  ,172,143,315,2101,1098,3199
00746900,"HUSSIAN SCHOOL OF ART, INC.             ",PA,19106-0000,Proprietary  ,14,6,20,145,34,179
00747000,"ART INSTITUTE OF PITTSBURGH, THE        ",PA,15219-1328,Proprietary  ,1242,6793,8035,5097,21203,26300
00752900,CTR ART TCH BRDYWN CMPS PRC NRS PRG     ,PA,19320-2459,Public       ,5,22,27,26,145,171
00775900,LINCOLN TECHNICAL INSTITUTE             ,PA,18104-3298,Proprietary  ,60,175,235,262,516,778
00777900,LANSDALE SCHOOL OF BUSINESS             ,PA,19454-4114,Proprietary  ,30,100,130,105,484,589
00778000,NEW CASTLE SCHOOL OF TRADES             ,PA,16143-0000,Proprietary  ,68,154,222,209,487,696
00778100,CHI INSTITUTE/RETS CAMPUS               ,PA,19008-3516,Proprietary  ,64,152,216,208,542,750
00783200,LINCOLN TECH INSTITUTE                  ,PA,19136-1595,Proprietary  ,84,111,195,462,456,918
00783900,TRIANGLE TECH                           ,PA,15214-3897,Proprietary  ,36,66,102,206,284,490
00791200,THADDEUS STEVENS CLG OF TECHNOLOGY      ,PA,17602-0000,Public       ,45,56,101,1097,517,1614
00791600,FRANKLIN CNTY CAREER & TECH CTR-PNP     ,PA,17201-0000,Public       ,2,11,13,14,54,68
00820000,JAMESON MEMORIAL HOSP SCH NURSING       ,PA,16105-2595,Private      ,1,10,11,28,94,122
00835000,ART INSTITUTE OF PHILADELPHIA           ,PA,19103-5198,Proprietary  ,536,602,1138,3626,2754,6380
00844100,ANTHEM INSTITUTE                        ,PA,19064-1243,Proprietary  ,67,231,298,184,633,817
00856800,VET TECH INSTITUTE                      ,PA,15222-3400,Proprietary  ,36,25,61,340,175,515
00865300,JEFFERSON CO DUBOIS VOC TECH-PR NSG     ,PA,15851-0000,Public       ,2,9,11,18,50,68
00895500,PRUONTOS HAIR DESIGN INSTITUTE          ,PA,16602-0000,Proprietary  ,4,7,11,19,23,42
00915705,WYOMING TECHNICAL INSTITUTE - BLAIRSVILL,PA,15717-8060,Proprietary  ,359,283,642,1408,1049,2457
00918600,DEAN INSTITUTE OF TECHNOLOGY            ,PA,15226-1197,Proprietary  ,9,52,61,48,126,174
00944900,PENNCO TECH                             ,PA,19007-0000,Proprietary  ,81,156,237,273,450,723
00966400,EMPIRE BEAUTY SCHOOL                    ,PA,18052-5730,Proprietary  ,42,72,114,130,300,430
00966500,EMPIRE BEAUTY SCHOOL                    ,PA,17109-2210,Proprietary  ,16,33,49,87,172,259
00966600,EMPIRE BEAUTY SCHOOL                    ,PA,19605-2803,Proprietary  ,30,81,111,96,274,370
00972100,BRADFORD SCHOOL                         ,PA,15219-2602,Proprietary  ,29,39,68,623,171,794
00972300,ARIA HEALTH SCHOOL OF NURSING           ,PA,19124-2696,Private      ,10,48,58,206,424,630
00978300,GORDON PHILLIPS SCH OF BEAUTY CULT      ,PA,19135-0000,Proprietary  ,65,113,178,210,435,645
00986300,LANCASTER GENERAL COLLEGE OF NURSING AND,PA,17602-4955,Private      ,32,119,151,523,877,1400
01000600,GREATER JOHNSTOWN AREA VOC TECH SCH     ,PA,15904-0000,Public       ,31,118,149,84,298,382
01005500,CRAWFORD CNTY AREA VO-TECH PRAC NUR     ,PA,16335-0000,Public       ,0,3,3,10,37,47
01017600,WESTMORELAND COUNTY COMMUNITY CLG       ,PA,15697-1895,Public       ,549,839,1388,2884,3628,6512
01038800,READING AREA COMMUNITY COLLEGE          ,PA,19603-1706,Public       ,440,1009,1449,2184,4165,6349
01054100,EMPIRE BEAUTY SCHOOL                    ,PA,15146-2229,Proprietary  ,39,78,117,111,242,353
01054200,EMPIRE BEAUTY SCHOOL                    ,PA,18701-0000,Proprietary  ,41,103,144,155,251,406
01054300,EMPIRE BEAUTY SCHOOL                    ,PA,17701-3914,Proprietary  ,23,46,69,81,193,274
01081400,PITTSBURGH INST MORTUARY SCIENCE        ,PA,15206-3706,Private      ,13,53,66,104,249,353
01086000,GREATER ALTOONA CAREER/TECH CENTER      ,PA,16602-0000,Public       ,18,37,55,78,229,307
01096300,GREENE COUNTY VOC-TECH SCHOOL           ,PA,15370-0000,Public       ,1,2,3,8,36,44
01097000,EMPIRE BEAUTY SCHOOL                    ,PA,17042-5209,Proprietary  ,9,14,23,29,52,81
01099800,PENNSYLVANIA INSTITUTE OF TECH          ,PA,19063-4098,Private      ,139,323,462,413,838,1251
01102000,EMPIRE BEAUTY SCHOOL                    ,PA,17604-4335,Proprietary  ,43,77,120,137,293,430
01102100,EMPIRE BEAUTY SCHOOL                    ,PA,17402-2862,Proprietary  ,37,90,127,122,331,453
01162100,AUTOMOTIVE TRAINING CENTER              ,PA,19341-1310,Proprietary  ,102,90,192,601,323,924
01162200,WELDER TRAINING & TESTING INST          ,PA,18109-3253,Proprietary  ,9,26,35,25,80,105
01163800,EMPIRE BEAUTY SCHOOL                    ,PA,17876-0000,Proprietary  ,10,18,28,24,58,82
01171500,SCHUYLKILL HEALTH SCHOOL OF NURSING     ,PA,17901-3692,Private      ,1,4,5,47,68,115
01191900,BEAVER FALLS BEAUTY ACADEMY             ,PA,15010-4208,Proprietary  ,11,17,28,27,44,71
01205000,ROSEDALE TECHNICAL INSTITUTE            ,PA,15205-9791,Private      ,39,59,98,206,250,456
01239300,THOMAS JEFF UNIV-CLG ALLIED HEALTH      ,PA,19107-0000,Private      ,9,81,90,257,1107,1364
01239301,THOMAS JEFFERSON UNIVERSITY - JEFFERSON ,PA,19107-5001,Private      ,12,121,133,280,2203,2483
01239303,THOMAS JEFFERSON UNIVERSITY - COLLEGE OF,PA,19107-6731,Private      ,11,132,143,266,1307,1573
01246104,LINCOLN TECHNICAL INSTITUTE             ,PA,19104-0202,Proprietary  ,99,265,364,223,581,804
01246105,LINCOLN TECHNICAL INSTITUTE             ,PA,19116-4202,Proprietary  ,29,84,113,197,335,532
01252300,TALMUDICAL YESHIVA OF PHILA             ,PA,19131-1296,Private      ,28,0,28,32,1,33
01260500,EMPIRE BEAUTY SCHOOL                    ,PA,17331-2405,Proprietary  ,24,53,77,92,261,353
01260600,EMPIRE BEAUTY SCHOOL                    ,PA,17901-2505,Proprietary  ,54,95,149,134,369,503
01260700,EMPIRE BEAUTY SCHOOL                    ,PA,16801-5218,Proprietary  ,7,10,17,33,41,74
01292900,SOUTH HILLS BEAUTY ACADEMY              ,PA,15216-2335,Proprietary  ,17,32,49,43,72,115
01301500,GORDON PHILLIPS SCH BEAUTY CULTURE      ,PA,19102-2701,Proprietary  ,51,108,159,238,506,744
01313400,YESHIVATH BETH MOSHE                    ,PA,18505-2196,Private      ,0,0,0,3,4,7
01321400,ROXBOROUGH MEM HOSP SCH OF NURSING      ,PA,19128-0000,Proprietary  ,4,24,28,65,232,297
01326300,SOUTH HILLS SCHOOL OF BUSINESS & TECHNOL,PA,16801-4516,Proprietary  ,55,107,162,546,638,1184
02061000,VENUS BEAUTY ACADEMY                    ,PA,19079-0000,Proprietary  ,21,34,55,34,68,102
02068300,DOUGLAS SCHOOL OF BUSINESS              ,PA,15062-0000,Proprietary  ,34,55,89,257,267,524
02090200,TRIANGLE TECH                           ,PA,16502-0000,Proprietary  ,9,29,38,68,140,208
02092500,LAUREL TECHNICAL INSTITUTE              ,PA,16146-0000,Proprietary  ,22,65,87,131,335,466
02092502,BUSINESS INSTITUTE OF PENNSYLVANIA      ,PA,16335-0000,Proprietary  ,1,6,7,6,18,24
02104003,HARRIS SCHOOL OF BUSINESS - UPPER DARBY ,PA,19082-2528,Proprietary  ,3,4,7,3,5,8
02107300,PENNSYLVANIA ACADEMY OF FINE ARTS       ,PA,19102-1424,Private      ,7,11,18,245,302,547
02112200,GREAT LAKES INSTITUTE OF TECHNOLOGY     ,PA,16509-0000,Proprietary  ,70,102,172,260,414,674
02114200,JOHNSON COLLEGE                         ,PA,18508-0000,Private      ,42,48,90,447,294,741
02116001,SANFORD-BROWN INSTITUTE - TREVOSE       ,PA,19053-4700,Proprietary  ,52,188,240,336,1172,1508
02118000,LEVITTOWN BEAUTY ACADEMY LLC            ,PA,19054-1713,Proprietary  ,12,25,37,18,33,51
02119300,PA ACAD OF COSMETOLOGY ARTS & SCI       ,PA,15904-0000,Proprietary  ,17,31,48,45,59,104
02120800,"YORKTOWNE BUSINESS INSTITUTE, INC.      ",PA,17404-0000,Proprietary  ,18,41,59,95,293,388
02127400,YORK TECHNICAL INSTITUTE                ,PA,17402-0000,Proprietary  ,153,323,476,1130,1800,2930
02129000,TRIANGLE TECH                           ,PA,15601-0000,Proprietary  ,51,48,99,244,228,472
02129001,TRIANGLE TECH - BUSINESS CAREERS INSTITU,PA,15601-3304,Proprietary  ,0,2,2,3,6,9
02144000,"VISION ACADEMY, THE                     ",PA,18103-0000,Proprietary  ,9,36,45,26,75,101
02149000,EMPIRE BEAUTY SCHOOL                    ,PA,19341-2804,Proprietary  ,45,95,140,169,337,506
02151500,CENTRAL SUSQUEHANNA LPN CENTER          ,PA,17837-8818,Public       ,3,23,26,38,154,192
02152105,ACADEMY OF COURT REPORTING AND TECHNOLOG,PA,15222-1710,Proprietary  ,4,6,10,11,46,57
02153500,OAKBRIDGE ACADEMY OF ARTS               ,PA,15068-0000,Proprietary  ,5,5,10,79,23,102
02158300,JUNIATA-MIFFLIN CO AREA VOC TECH        ,PA,17044-0000,Public       ,3,9,12,19,75,94
02161400,NORTHEASTERN HOSP SCH OF NRSG           ,PA,19134-0000,Private      ,3,31,34,53,160,213
02169600,CLEARFIELD CTY CAREER AND TECH CNTR     ,PA,16830-0000,Public       ,6,10,16,38,78,116
02174400,TRIANGLE TECH                           ,PA,15801-0000,Proprietary  ,38,26,64,241,246,487
02178900,ACADEMY OF HAIR DESIGN                  ,PA,18202-1465,Proprietary  ,10,20,30,29,60,89
02183000,ORLEANS TECHNICAL INSTITUTE             ,PA,19111-0000,Private      ,58,142,200,175,482,657
02192800,WALNUT HILL COLLEGE                     ,PA,19104-0000,Proprietary  ,35,68,103,464,328,792
02202300,SANFORD-BROWN INSTITUTE                 ,PA,15219-1907,Proprietary  ,68,175,243,293,1003,1296
02202301,SANFORD-BROWN INSTITUTE                 ,PA,15146-2141,Proprietary  ,35,112,147,128,489,617
02203900,ERIE INSTITUTE OF TECHNOLOGY            ,PA,16565-1002,Proprietary  ,19,64,83,106,256,362
02206200,"VISION ACADEMY, THE                     ",PA,19002-0000,Proprietary  ,31,40,71,47,70,117
02206300,STROUDSBURG SCHOOL OF COSMETOLOGY       ,PA,18360-0000,Proprietary  ,8,14,22,23,29,52
02212700,LANCASTER SCHOOL OF COSMETOLOGY         ,PA,17602-0000,Proprietary  ,18,68,86,61,139,200
02234200,ACADEMY OF MEDICAL ARTS & BUSINESS      ,PA,17112-0000,Proprietary  ,45,78,123,201,371,572
02251200,SCHUYLKILL COUNTY AREA VOC TECH SCH     ,PA,17931-0000,Public       ,3,18,21,28,77,105
02251202,SCHUYLKILL COUNTY AREA VOC TECH SCH     ,PA,17931-0000,Public       ,0,3,3,2,17,19
02253900,BERKS TECHNICAL INSTITUTE               ,PA,19610-0000,Proprietary  ,104,134,238,718,890,1608
02255200,PENNSYLVANIA SCHOOL OF BUSINESS         ,PA,18101-1604,Proprietary  ,30,132,162,98,512,610
02269900,PENNSYLVANIA COLLEGE OF ART & DESIGN    ,PA,17603-3528,Private      ,14,10,24,429,92,521
02270500,BUCKS COUNTY SCHOOL OF BEAUTY CULT      ,PA,19053-0000,Proprietary  ,9,14,23,32,44,76
02273400,RECONSTRUCTIONIST RABBINICAL COLLEG     ,PA,19095-0000,Private      ,0,5,5,0,29,29
02276600,HANOVER PUBLIC SCH DIST PRAC NURSG      ,PA,17331-0000,Public       ,2,10,12,8,47,55
02282500,LENAPE SCHOOL OF PRACTICAL NURSING      ,PA,16226-0000,Public       ,1,20,21,30,145,175
02288800,EMPIRE BEAUTY SCHOOL                    ,PA,18974-4508,Proprietary  ,50,94,144,133,324,457
02289500,PACE INSTITUTE                          ,PA,19601-0000,Proprietary  ,12,57,69,60,258,318
02289600,CONSOLIDATED SCHOOL OF BUSINESS         ,PA,17404-0000,Proprietary  ,4,41,45,29,171,200
02289700,ACADEMY OF CREATIVE HAIR DESIGN         ,PA,18702-0000,Proprietary  ,22,43,65,55,133,188
02289800,CHI INSTITUTE - FRANKLIN MILLS          ,PA,19154-0000,Proprietary  ,69,199,268,348,859,1207
02290400,"ALTOONA BEAUTY SCHOOL, INC              ",PA,16602-0000,Proprietary  ,20,37,57,39,71,110
02292700,LANSDALE SCHOOL OF COSMETOLOGY          ,PA,19446-0000,Proprietary  ,10,11,21,30,36,66
02299300,TRINITY EPISCOPAL SCHOOL MINISTRY       ,PA,15003-0000,Private      ,0,31,31,1,110,111
02301300,PRISM CAREER INSTITUTE                  ,PA,19082-2448,Proprietary  ,38,164,202,177,848,1025
02304400,YTI CAREER INSTITUTE - MECHANICSBURG    ,PA,17055-0000,Proprietary  ,19,55,74,131,283,414
02306200,VENANGO COUNTY AREA VOC TECH SCHOOL     ,PA,16301-0000,Public       ,4,12,16,18,68,86
02310800,LANCASTER COUNTY CAREER & TECH CTR      ,PA,17584-0000,Public       ,39,112,151,135,425,560
02323000,BIBLICAL THEOLOGICAL SEMINARY           ,PA,19440-2421,Private      ,0,41,41,2,108,110
02330300,LEBANON CO CAREER & TECHNOLOGY CTR      ,PA,17042-0000,Public       ,14,38,52,39,186,225
02330600,PENNSYLVANIA GUNSMITH SCHOOL            ,PA,15202-0000,Proprietary  ,7,25,32,70,75,145
02350100,WESTERN AREA CAREER & TECHNOLOGY CT     ,PA,15317-0000,Public       ,6,12,18,25,116,141
02350200,INDIANA COUNTY TECH CTR SCH PR NSG      ,PA,15701-1465,Public       ,12,30,42,71,121,192
02353100,NORTHERN TIER CAREER CENTER             ,PA,18848-0000,Public       ,5,13,18,16,49,65
02362300,MERCER COUNTY AREA VOC TECH SCHOOL      ,PA,16137-0000,Public       ,2,20,22,7,83,90
02492500,DELAWARE VLY ACAD MED DNTL ASSTS        ,PA,19114-0000,Proprietary  ,0,0,0,9,34,43
02492600,EASTERN CTR ARTS AND TECH PR NSG        ,PA,19090-0000,Public       ,5,37,42,23,133,156
02495500,ALL-STATE CAREER SCHOOL                 ,PA,19029-0000,Proprietary  ,57,278,335,172,718,890
02529800,WILKES BARRE AREA CAREER AND TECHNICAL C,PA,18705-0000,Public       ,17,42,59,75,185,260
02536600,COMMONWEALTH TECH INSTIT @ HIRAM G      ,PA,15905-0000,Public       ,44,29,73,185,104,289
02544300,BUTLER BEAUTY SCHOOL                    ,PA,16001-0000,Proprietary  ,15,34,49,43,94,137
02545000,LAWRENCE COUNTY CAREER AND TECHNICAL CEN,PA,16101-0000,Public       ,1,14,15,14,74,88
02546200,LAUREL BUSINESS INSTITUTE               ,PA,15401-0877,Proprietary  ,22,53,75,155,258,413
02550000,CLARION CO AREA VOC-TECH PRAC NRSG      ,PA,16254-4637,Public       ,3,23,26,28,79,107
02554500,HAZLETON AREA CAREER CENTER PRACTICAL NU,PA,18201-0000,Public       ,4,13,17,16,47,63
02557800,ART INSTITUTE OF YORK (THE) - PENNSYLVAN,PA,17402-9012,Proprietary  ,40,34,74,696,270,966
02566400,ALBERT EINSTEIN MED CTR DEPT DNTL       ,PA,19141-3098,Private      ,2,9,11,22,70,92
02574800,PENNSYLVANIA INSTITUTE OF TAXIDERMY     ,PA,15931-0000,Proprietary  ,4,5,9,14,26,40
02609500,CAREER TRAINING ACADEMY                 ,PA,15068-6308,Proprietary  ,13,49,62,52,189,241
02609501,CAREER TRAINING ACADEMY                 ,PA,15146-0000,Proprietary  ,0,4,4,3,9,12
02616100,JEAN MADELINE ED CTR FOR COSM           ,PA,19147-1542,Proprietary  ,53,102,155,301,374,675
03006800,LE CORDON BLEU INSTITUTE OF CULINARY ART,PA,15222-3511,Proprietary  ,40,54,94,306,339,645
03010800,TRI-STATE BUSINESS INSTITUTE            ,PA,16506-1013,Proprietary  ,151,562,713,724,2451,3175
03011500,FORTIS INSTITUTE                        ,PA,18702-0000,Proprietary  ,34,89,123,107,205,312
03011600,FORTIS INSTITUTE                        ,PA,18509-2903,Proprietary  ,34,124,158,144,333,477
03029900,CONSOLIDATED SCHOOL OF BUSINESS         ,PA,17603-2389,Proprietary  ,11,34,45,53,145,198
03031600,DPT BUSINESS SCHOOL                     ,PA,19116-3961,Proprietary  ,33,160,193,56,306,362
03031601,DPT BUSINESS SCHOOL                     ,PA,19106-0000,Proprietary  ,24,62,86,50,159,209
03067000,ANTONELLI MEDICAL & PROF INST           ,PA,19464-9244,Proprietary  ,5,28,33,22,70,92
03072400,ALL-STATE CAREER SCHOOL                 ,PA,15122-0000,Proprietary  ,20,122,142,44,243,287
03072600,DCI CAREER INSTITUTE                    ,PA,15061-2307,Proprietary  ,10,35,45,24,104,128
03081900,YTI CAREER INSTITUTE - ALTOONA          ,PA,16602-4457,Proprietary  ,39,73,112,178,335,513
03090800,LAKE ERIE COLL OF OSTEOPATHIC MED       ,PA,16509-0000,Private      ,1,91,92,69,3475,3544
03098600,CAREER TECH CTR OF LACKAWANNA CNTY      ,PA,18508-0000,Public       ,6,29,35,60,163,223
03101400,FORBES ROAD CAREER & TECHNOLOGY CTR     ,PA,15146-1550,Public       ,8,8,16,13,20,33
03101500,BIDWELL TRAINING CENTER                 ,PA,15233-2233,Private      ,1,12,13,17,48,65
03103300,JNA INSTITUTE OF CULINARY ARTS          ,PA,19146-3119,Proprietary  ,17,36,53,56,125,181
03109100,METROPOLITAN CAREER CENTER              ,PA,19144-0000,Private      ,2,30,32,30,145,175
03110700,AVIATION INSTITUTE OF MAINTENANCE       ,PA,19114-1017,Proprietary  ,44,154,198,136,491,627
03120400,REGIONAL CAREER & TECHNICAL CENTER      ,PA,16509-4699,Public       ,0,4,4,2,15,17
03128400,DELAWARE COUNTY TECHNICAL SCHOOL        ,PA,19008-1928,Public       ,13,44,57,43,131,174
03180400,PENNSYLVANIA HIGHLANDS COMMUNITY COLLEGE,PA,15904-2927,Public       ,111,182,293,841,761,1602
03236400,LT INTERNATIONAL BEAUTY SCHOOL          ,PA,19130-2235,Proprietary  ,4,43,47,9,61,70
03353300,ACADEMY OF VOCAL ARTS                   ,PA,19103-6685,Private      ,1,10,11,17,65,82
03380301,STAR CAREER ACADEMY - STAR PHILADELPHIA ,PA,19114-2204,Proprietary  ,102,343,445,170,654,824
03380304,STAR CAREER ACADEMY - STAR NORRISTOWN   ,PA,19403-2422,Proprietary  ,29,81,110,41,139,180
03439400,NAWCC SCHOOL OF HOROLOGY                ,PA,17512-2130,Private      ,0,1,1,4,12,16
03535300,HUNTINGDON COUNTY CAREER AND TECHNO     ,PA,17060-0905,Public       ,3,8,11,10,41,51
03561400,SUSQUEHANNA COUNTY CAREER & TECHNOL     ,PA,18816-0100,Public       ,3,11,14,5,22,27
03766300,PENNSYLVANIA SCHOOL OF MUSCLE THERAPY   ,PA,19406-3101,Proprietary  ,15,61,76,39,147,186
03781300,PRINCETON INFORMATION TECHNOLOGY CENTER ,PA,19038-4535,Proprietary  ,14,37,51,36,223,259
03899300,CALVARY BAPTIST THEOLOGICAL SEMINARY    ,PA,19446-4718,Private      ,0,7,7,0,54,54
03923300,PRECISION MANUFACTURING INSTITUTE       ,PA,16335-8380,Private      ,1,15,16,10,29,39
03948300,HARRISBURG UNIVERSITY OF SCIENCE AND TEC,PA,17101-2116,Private      ,13,46,59,428,239,667
03949300,WON INSTITUTE OF GRADUATE STUDIES       ,PA,19038-4535,Private      ,0,13,13,0,45,45
03950500,NORTHWEST REGIONAL TECHNOLOGY INSTITUTE ,PA,16508-2820,Proprietary  ,2,42,44,5,52,57
03952300,NATIONAL MASSAGE THERAPY INSTITUTE      ,PA,19116-3965,Proprietary  ,64,190,254,149,482,631
04024300,EDUCATION AND TECHNOLOGY INSTITUTE      ,PA,15601-9214,Private      ,0,11,11,5,27,32
04118000,BYZANTINE CATHOLIC SEMINARY OF SAINTS CY,PA,15214-2229,Private      ,0,3,3,0,7,7
04127500,CAREER DEVELOPMENT & EMPLOYMENT         ,PA,18702-5253,Proprietary  ,3,17,20,8,47,55
04137100,KIMBERLY'S BEAUTY SCHOOL                ,PA,19134-0000,Proprietary  ,1,4,5,8,19,27
04138300,INTERNATIONAL BEAUTY ACADEMY            ,PA,19149-2710,Proprietary  ,4,23,27,14,49,63
04145800,PULSE BEAUTY ACADEMY A PAUL MITCHELL PAR,PA,19335-0000,Proprietary  ,27,32,59,67,67,134
04149800,SOMERSET COUNTY TECHNOLOGY CENTER       ,PA,15501-1444,Public       ,3,8,11,13,42,55
04151700,BELLA CAPELLI ACADEMY                   ,PA,15146-2388,Proprietary  ,22,18,40,64,52,116
04155100,INSTITUTE OF MEDICAL CAREERS            ,PA,15235-3718,Proprietary  ,5,13,18,16,50,66
04158000,METRO BEAUTY ACADEMY                    ,PA,18106-9693,Proprietary  ,34,43,77,88,99,187
04164900,BARONE BEAUTY ACADEMY                   ,PA,17701-5316,Proprietary  ,8,14,22,21,36,57
04167200,COMMONWEALTH MEDICAL COLLEGE (THE)      ,PA,18503-3251,Private      ,0,22,22,8,484,492
04175900,LEWISTOWN HOSPITAL SCHOOL OF NURSING    ,PA,17044-1167,Private      ,2,7,9,2,7,9
00153410,EVEREST UNIVERSITY - EVEREST COLLEGE - M,WI,53212-4006,Proprietary  ,52,198,250,61,244,305
00267813,BRYANT & STRATTON COLLEGE - MIL DOWNTOWN,WI,53203-2608,Proprietary  ,193,609,802,747,2946,3693
00383200,ALVERNO COLLEGE                         ,WI,53234-3922,Private      ,112,370,482,1421,2330,3751
00383500,BELOIT COLLEGE                          ,WI,53511-5595,Private      ,33,31,64,1980,140,2120
00383700,CARDINAL STRITCH UNIVERSITY             ,WI,53217-9884,Private      ,97,1102,1199,1103,4493,5596
00383800,CARROLL UNIVERSITY                      ,WI,53186-5593,Private      ,168,149,317,3672,917,4589
00383900,CARTHAGE COLLEGE                        ,WI,53141-0000,Private      ,199,177,376,4774,872,5646
00384000,WESTERN TECHNICAL COLLEGE               ,WI,54601-0908,Public       ,513,796,1309,2067,2593,4660
00384200,CONCORDIA UNIVERSITY WISCONSIN          ,WI,53097-2402,Private      ,194,1034,1228,2838,4046,6884
00384800,EDGEWOOD COLLEGE                        ,WI,53711-1958,Private      ,92,246,338,1701,1218,2919
00385000,SILVER LAKE COLLEGE                     ,WI,54220-9319,Private      ,20,89,109,188,398,586
00385400,LAKELAND COLLEGE                        ,WI,53082-0000,Private      ,58,561,619,1102,2065,3167
00385600,LAWRENCE UNIVERSITY                     ,WI,54912-0599,Private      ,60,19,79,2411,142,2553
00386100,MARIAN UNIVERSITY                       ,WI,54935-4699,Private      ,104,263,367,1423,1213,2636
00386300,MARQUETTE UNIVERSITY                    ,WI,53201-1881,Private      ,156,374,530,14817,4538,19355
00386600,MILWAUKEE AREA TECH COLLEGE             ,WI,53233-1443,Public       ,1637,4277,5914,6465,17106,23571
00386800,MILWAUKEE SCHOOL OF ENGINEERING         ,WI,53202-3109,Private      ,106,156,262,2758,810,3568
00386900,MOUNT MARY COLLEGE                      ,WI,53222-4597,Private      ,70,218,288,853,1505,2358
00387400,NASHOTAH HOUSE                          ,WI,53058-0000,Private      ,0,14,14,0,47,47
00387500,NORTHLAND COLLEGE                       ,WI,54806-3999,Private      ,35,17,52,658,125,783
00388400,RIPON COLLEGE                           ,WI,54971-0248,Private      ,29,8,37,1402,70,1472
00389200,ST. NORBERT COLLEGE                     ,WI,54115-2002,Private      ,79,28,107,2623,140,2763
00389500,UNIVERSITY OF WISCONSIN-MADISON         ,WI,53715-1382,Public       ,1433,1204,2637,24578,11514,36092
00389600,UNIVERSITY OF WISCONSIN-MILWAUKEE       ,WI,53201-3165,Public       ,2134,2294,4428,18454,12832,31286
00389700,UNIVERSITY OF WISCONSIN COLLEGES        ,WI,53708-8680,Public       ,477,494,971,3893,2385,6278
00389701,UNIVERSITY OF WISCONSIN-BARABOO         ,WI,53913-1098,Public       ,48,44,92,364,206,570
00389702,UNIVERSITY OF WISCONSIN-BARRON          ,WI,54868-2497,Public       ,53,39,92,358,187,545
00389703,UNIVERSITY OF WISCONSIN-FOND DU LAC     ,WI,54935-2998,Public       ,90,75,165,478,280,758
00389704,UNIVERSITY OF WISCONSIN-FOX VALLEY      ,WI,54952-1297,Public       ,136,103,239,861,492,1353
00389705,UNIVERSITY OF WISCONSIN-MANITOWOC       ,WI,54220-6699,Public       ,71,34,105,341,136,477
00389706,UNIVERSITY OF WISCONSIN-MARATHON        ,WI,54401-5396,Public       ,96,71,167,817,377,1194
00389707,UNIVERSITY OF WISCONSIN-MARINETTE       ,WI,54143-4299,Public       ,46,35,81,232,131,363
00389708,UNIVERSITY OF WISCONSIN-MARSHFIELD      ,WI,54449-3310,Public       ,46,32,78,311,162,473
00389709,UNIVERSITY OF WISCONSIN-RICHLAND        ,WI,53581-1399,Public       ,29,33,62,289,127,416
00389710,UNIVERSITY OF WISCONSIN COLLEGES - ROCK ,WI,53546-5699,Public       ,95,118,213,660,511,1171
00389711,UNIVERSITY OF WISCONSIN-SHEBOYGAN       ,WI,53081-4789,Public       ,100,78,178,534,289,823
00389712,UNIVERSITY OF WISCONSIN-WASHINGTON      ,WI,53095-3699,Public       ,82,75,157,477,269,746
00389713,UNIVERSITY OF WISCONSIN-WAUKESHA        ,WI,53188-2799,Public       ,203,134,337,1172,536,1708
00389900,UNIVERSITY OF WISCONSIN-GREEN BAY       ,WI,54311-7001,Public       ,461,517,978,4682,2468,7150
00391100,VITERBO UNIVERSITY                      ,WI,54601-4777,Private      ,77,233,310,1788,1268,3056
00391500,UNIVERSITY OF WISCONSIN-STOUT           ,WI,54751-0790,Public       ,870,595,1465,6201,2290,8491
00391700,UNIVERSITY OF WISCONSIN-EAU CLAIRE      ,WI,54702-4004,Public       ,785,390,1175,8941,1953,10894
00391900,UNIVERSITY OF WISCONSIN-LA CROSSE       ,WI,54601-3742,Public       ,591,293,884,8309,1809,10118
00392000,UNIVERSITY OF WISCONSIN-OSHKOSH         ,WI,54901-8604,Public       ,965,734,1699,8609,3456,12065
00392100,UNIVERSITY OF WISCONSIN-PLATTEVILLE     ,WI,53818-3099,Public       ,593,410,1003,6483,1735,8218
00392300,UNIVERSITY OF WISCONSIN-RIVER FALLS     ,WI,54022-5013,Public       ,722,474,1196,5284,1550,6834
00392400,UNIVERSITY OF WISCONSIN-STEVENS POINT   ,WI,54481-3871,Public       ,524,315,839,8032,2031,10063
00392500,UNIVERSITY OF WISCONSIN-SUPERIOR        ,WI,54880-2898,Public       ,284,375,659,1712,1365,3077
00392600,UNIVERSITY OF WISCONSIN-WHITEWATER      ,WI,53190-1792,Public       ,711,449,1160,9311,2762,12073
00400700,MADISON AREA TECHNICAL COLLEGE          ,WI,53704-2599,Public       ,1098,2103,3201,4703,7975,12678
00501500,UNIVERSITY OF WISCONSIN-PARKSIDE        ,WI,53141-2000,Public       ,555,580,1135,3640,2398,6038
00529400,WAUKESHA COUNTY TECHNICAL COLLEGE       ,WI,53072-4696,Public       ,423,849,1272,1643,3237,4880
00530100,NORTHEAST WISCONSIN TECHNICAL COLLEGE   ,WI,54307-9042,Public       ,638,1519,2157,2725,5400,8125
00530400,CHIPPEWA VALLEY TECHNICAL COLLEGE       ,WI,54701-6162,Public       ,443,783,1226,2491,3647,6138
00538000,MID-STATE TECHNICAL COLLEGE             ,WI,54494-5512,Public       ,243,443,686,908,2002,2910
00538400,NICOLET AREA TECHNICAL COLLEGE          ,WI,54501-0000,Public       ,105,232,337,554,937,1491
00538700,NORTHCENTRAL TECHNICAL COLLEGE          ,WI,54401-1899,Public       ,307,777,1084,1128,2933,4061
00538900,GATEWAY TECHNICAL COLLEGE               ,WI,53144-1690,Public       ,525,1557,2082,2340,8183,10523
00539000,BLACKHAWK TECHNICAL COLLEGE             ,WI,53547-5009,Public       ,192,630,822,1022,3070,4092
00612601,ST LUKE'S MEDCL CTR SCHL RAD TECH       ,WI,53215-4330,Private      ,5,20,25,21,73,94
00663900,BELLIN COLLEGE                          ,WI,54305-0000,Private      ,12,38,50,270,198,468
00732934,ITT TECHNICAL INSTITUTE                 ,WI,53220-4612,Proprietary  ,279,877,1156,738,2419,3157
00766900,SOUTHWEST WISCONSIN TECH COLLEGE        ,WI,53809-0000,Public       ,120,189,309,654,839,1493
00821700,WISCONSIN COLLEGE OF COSMETOLOGY        ,WI,54324-0257,Proprietary  ,17,28,45,90,110,200
00869405,RASMUSSEN COLLEGE - WAUSAU              ,WI,54401-7804,Proprietary  ,22,149,171,118,755,873
00869414,RASMUSSEN COLLEGE - GREEN BAY           ,WI,54303-2349,Proprietary  ,30,157,187,175,963,1138
00869419,RASMUSSEN COLLEGE - APPLETON            ,WI,54915-7305,Proprietary  ,14,121,135,50,387,437
00919400,LAKESHORE TECHNICAL COLLEGE             ,WI,53015-1412,Public       ,121,371,492,684,1918,2602
00925600,MORAINE PARK TECHNICAL COLLEGE          ,WI,54936-0000,Public       ,163,524,687,1034,2909,3943
00941900,STATE CLG OF BEAUTY CULT-WAUSAU         ,WI,54403-4667,Proprietary  ,12,24,36,46,65,111
00962100,HERZING UNIVERSITY                      ,WI,53718-4236,Proprietary  ,344,2252,2596,1485,10408,11893
00974400,FOX VALLEY TECHNICAL COLLEGE            ,WI,54913-0000,Public       ,631,1384,2015,3004,5596,8600
01091300,MADISON MEDIA INSTITUTE                 ,WI,53718-6787,Proprietary  ,123,130,253,590,468,1058
01148400,ADVANCED INSTITUTE OF HAIR DESIGN       ,WI,53225-0000,Proprietary  ,52,72,124,183,197,380
01182400,WISCONSIN INDIANHEAD TECH CLG WITC      ,WI,54871-9300,Public       ,200,537,737,998,2404,3402
02077100,MILWAUKEE INST OF ART & DESIGN          ,WI,53202-0000,Private      ,80,58,138,982,268,1250
02078000,SACRED HEART SCHOOL OF THEOLOGY         ,WI,53130-0000,Private      ,0,1,1,1,6,7
02136600,WISCONSIN LUTHERAN COLLEGE              ,WI,53226-0000,Private      ,57,52,109,1033,227,1260
02201803,KAPLAN COLLEGE - MILWAUKEE              ,WI,53212-3939,Proprietary  ,50,228,278,150,775,925
02239204,ANTHEM COLLEGE - BROOKFIELD             ,WI,53005-4207,Proprietary  ,4,13,17,17,53,70
02271300,WI SCH OF PROFESSIONAL PSYCHOLOGY       ,WI,53225-0000,Private      ,1,22,23,13,112,125
02317200,MARANATHA BAPTIST BIBLE COLLEGE         ,WI,53094-0000,Private      ,145,58,203,832,145,977
02324700,EMPIRE BEAUTY SCHOOL                    ,WI,53717-0000,Proprietary  ,9,43,52,50,159,209
02332100,EMPIRE BEAUTY SCHOOL                    ,WI,54220-0000,Proprietary  ,23,68,91,95,298,393
02332101,EMPIRE BEAUTY SCHOOL - APPLETON         ,WI,54914-4644,Proprietary  ,2,11,13,12,37,49
02453500,MEDICAL COLLEGE OF WISCONSIN            ,WI,53226-0000,Private      ,7,41,48,57,1218,1275
02494300,GILL-TECH ACADEMY OF HAIR DESIGN        ,WI,54911-0000,Proprietary  ,18,25,43,76,76,152
02532200,LAC COURTE OREILLES OJIBWA CMTY CLG     ,WI,54843-0000,Public       ,35,164,199,58,355,413
03007400,LAKESIDE SCHOOL OF MASSAGE THERAPY      ,WI,53212-3969,Private      ,4,21,25,24,77,101
03061200,MIDWEST COLLEGE OF ORIENTAL MEDICINE    ,WI,53403-9747,Proprietary  ,1,43,44,8,182,190
03077600,EMPIRE BEAUTY SCHOOL                    ,WI,54304-4838,Proprietary  ,51,109,160,171,385,556
03125100,COLLEGE OF MENOMINEE NATION             ,WI,54135-0000,Private      ,44,205,249,131,576,707
03125102,COLLEGE OF  THE MENOMINEE NATION - GREEN,WI,54304-4964,Private      ,9,30,39,26,95,121
03220300,"SALON PROFESSIONAL ACADEMY, THE         ",WI,54701-7633,Proprietary  ,19,23,42,73,105,178
03309300,MONTESSORI INSTITUTE OF MILWAUKEE       ,WI,53207-0000,Private      ,4,4,8,6,28,34
03808300,INSTITUTE OF BEAUTY AND WELLNESS (THE)  ,WI,53202-5715,Proprietary  ,30,52,82,107,189,296
03822300,FOUR SEASONS SALON AND COSMETOLOGY SCHOO,WI,53566-0000,Proprietary  ,5,16,21,23,55,78
03872500,NORTHLAND INTERNATIONAL UNIVERSITY      ,WI,54119-9285,Private      ,93,20,113,463,66,529
03925300,BLUE SKY SCHOOL OF PROFESSIONAL MASSAGE ,WI,53024-9699,Private      ,6,53,59,28,135,163
04117400,MILWAUKEE CAREER COLLEGE                ,WI,53222-4305,Proprietary  ,38,115,153,139,469,608
04118600,ACADEMY OF COSMETOLOGY                  ,WI,53548-3307,Proprietary  ,11,26,37,25,72,97
04124800,VISIONS IN HAIR DESIGN INSTITUTE OF COSM,WI,53210-1120,Proprietary  ,7,11,18,22,49,71
04132600,WISCONSIN ACADEMY (THE)                 ,WI,54157-1726,Proprietary  ,2,7,9,11,36,47
04137900,PC PROSCHOOLS                           ,WI,53005-6003,Proprietary  ,21,176,197,45,333,378
04138200,SALON PROFESSIONAL ACADEMY (THE)        ,WI,54914-3921,Proprietary  ,9,15,24,50,52,102
04157700,SALON PROFESSIONAL ACADEMY (THE)        ,WI,54650-8699,Proprietary  ,21,24,45,74,65,139
04159400,COLUMBIA COLLEGE OF NURSING             ,WI,53211-2952,Private      ,5,19,24,5,19,24
04165300,ACADEMY WAUKESHA (THE)                  ,WI,53072-5524,Proprietary  ,38,57,95,99,149,248
04179200,ADVANCED COLLEGE OF COSMETOLOGY         ,WI,53963-0000,Proprietary  ,5,11,16,29,36,65
04182100,FIRST CLASS COSMETOLOGY SCHOOL          ,WI,52511-0000,Proprietary  ,3,12,15,11,44,55
04183600,SALON PROFESSIONAL ACADEMY OF KENOSHA (T,WI,53142-4950,Proprietary  ,13,26,39,74,145,219
00145964,STRAYER UNIVERSITY -GARNER              ,NC,27603-0000,Proprietary  ,0,1,1,0,1,1
00290500,NORTH CAROLINA A&T STATE UNIV           ,NC,27411-0001,Public       ,867,1141,2008,13686,6711,20397
00290600,APPALACHIAN STATE UNIVERSITY            ,NC,28608-2059,Public       ,806,627,1433,16675,4617,21292
00290700,UNIVERSITY OF NC AT ASHEVILLE           ,NC,28804-3299,Public       ,202,263,465,4014,1810,5824
00290800,BARTON COLLEGE                          ,NC,27893-3104,Private      ,91,183,274,1587,931,2518
00291000,BELMONT ABBEY COLLEGE                   ,NC,28012-1802,Private      ,72,231,303,1289,1316,2605
00291100,BENNETT COLLEGE                         ,NC,27401-3239,Private      ,69,92,161,1136,542,1678
00291200,BREVARD COLLEGE                         ,NC,28712-3306,Private      ,59,29,88,992,178,1170
00291300,CAMPBELL UNIVERSITY                     ,NC,27506-0036,Private      ,368,604,972,5048,3612,8660
00291400,CATAWBA COLLEGE                         ,NC,28144-2488,Private      ,94,126,220,1643,685,2328
00291500,CENTRAL PIEDMONT COMMUNITY COLLEGE      ,NC,28204-2297,Public       ,1947,4361,6308,8408,17498,25906
00291600,CHOWAN UNIVERSITY                       ,NC,27855-1850,Private      ,93,68,161,2198,482,2680
00291700,COLLEGE OF THE ALBEMARLE                ,NC,27909-2327,Public       ,177,394,571,903,1820,2723
00291800,DAVIDSON COLLEGE                        ,NC,28035-7157,Private      ,61,37,98,3256,205,3461
00291900,DAVIDSON COUNTY COMMUNITY COLLEGE       ,NC,27293-0000,Public       ,295,815,1110,1617,4182,5799
00292000,DUKE UNIVERSITY                         ,NC,27708-0397,Private      ,364,235,599,17900,2497,20397
00292001,DUKE UNIV - SCHOOL OF MEDICINE          ,NC,27710-0000,Private      ,25,58,83,160,1357,1517
00292002,DUKE UNIV - SCHOOL OF LAW               ,NC,27708-0000,Private      ,4,63,67,47,2615,2662
00292003,DUKE UNIV - GRAD SCH ARTS & SCIENCE     ,NC,27708-0000,Private      ,6,80,86,72,694,766
00292004,DUKE UNIV - FUQUA SCH OF BUSINESS       ,NC,27708-0000,Private      ,4,105,109,59,1281,1340
00292005,DUKE UNIV/NICHOLAS SCH OF ENVIRON.      ,NC,27708-0000,Private      ,1,17,18,31,330,361
00292006,DUKE UNIV - DIVINITY SCHOOL             ,NC,27708-0000,Private      ,4,40,44,112,700,812
00292007,DUKE UNIV - SCHOOL OF NURSING           ,NC,27710-0000,Private      ,21,194,215,135,1080,1215
00292010,DUKE UNIVERSITY - SCHOOL OF PUBLIC POLIC,NC,27708-0239,Private      ,4,12,16,54,350,404
00292300,EAST CAROLINA UNIVERSITY                ,NC,27858-1818,Public       ,1425,1902,3327,22672,12589,35261
00292600,ELIZABETH CITY STATE UNIVERSITY         ,NC,27909-7806,Public       ,181,250,431,3751,1719,5470
00292700,ELON UNIVERSITY                         ,NC,27244-2010,Private      ,193,134,327,6755,1328,8083
00292800,FAYETTEVILLE STATE UNIVERSITY           ,NC,28301-4298,Public       ,464,1372,1836,4805,6785,11590
00292900,GARDNER-WEBB UNIVERSITY                 ,NC,28017-0000,Private      ,171,971,1142,2977,3280,6257
00293000,GREENSBORO COLLEGE                      ,NC,27401-1875,Private      ,129,224,353,1744,1235,2979
00293100,GUILFORD COLLEGE                        ,NC,27410-4171,Private      ,173,663,836,2886,2998,5884
00293300,HIGH POINT UNIVERSITY                   ,NC,27262-4221,Private      ,156,209,365,5200,1164,6364
00293400,ISOTHERMAL COMMUNITY COLLEGE            ,NC,28160-0804,Public       ,150,398,548,897,1826,2723
00293500,JOHN WESLEY COLLEGE                     ,NC,27265-0000,Private      ,8,58,66,43,211,254
00293600,JOHNSON C SMITH UNIVERSITY              ,NC,28216-5398,Private      ,229,308,537,2913,1552,4465
00293700,KING'S COLLEGE-CHARLOTTE                ,NC,28204-2435,Proprietary  ,90,162,252,739,684,1423
00293900,LEES MCRAE COLLEGE                      ,NC,28604-0000,Private      ,78,78,156,1058,328,1386
00294000,LENOIR COMMUNITY COLLEGE                ,NC,28502-0188,Public       ,299,723,1022,1016,2467,3483
00294100,LENOIR-RHYNE UNIVERSITY                 ,NC,28603-0000,Private      ,141,133,274,2772,889,3661
00294200,LIVINGSTONE COLLEGE                     ,NC,28144-5298,Private      ,246,130,376,1671,547,2218
00294300,LOUISBURG COLLEGE                       ,NC,27549-2398,Private      ,154,53,207,1196,233,1429
00294400,MARS HILL COLLEGE                       ,NC,28754-0000,Private      ,79,101,180,1861,550,2411
00294500,MEREDITH COLLEGE                        ,NC,27607-5298,Private      ,76,157,233,1932,991,2923
00294600,METHODIST UNIVERSITY                    ,NC,28311-1420,Private      ,166,388,554,2698,1821,4519
00294700,MITCHELL COMMUNITY COLLEGE              ,NC,28677-5264,Public       ,261,590,851,1225,2765,3990
00294800,MONTREAT COLLEGE                        ,NC,28757-1267,Private      ,34,121,155,530,583,1113
00294900,MOUNT OLIVE COLLEGE                     ,NC,28365-1299,Private      ,161,879,1040,1254,3728,4982
00295000,NORTH CAROLINA CENTRAL UNIVERSITY       ,NC,27707-3198,Public       ,521,1060,1581,9971,7563,17534
00295100,NORTH CAROLINA WESLEYAN COLLEGE         ,NC,27804-8699,Private      ,103,268,371,994,1151,2145
00295300,PEACE COLLEGE                           ,NC,27604-1194,Private      ,60,95,155,855,465,1320
00295400,UNIV OF NORTH CAROLINA AT PEMBROKE      ,NC,28372-1510,Public       ,384,692,1076,5744,4142,9886
00295500,PFEIFFER UNIVERSITY                     ,NC,28109-0000,Private      ,89,451,540,938,1427,2365
00295600,PIEDMONT BAPTIST COLLEGE AND GRADUATE SC,NC,27101-5025,Private      ,38,75,113,193,232,425
00295700,QUEENS UNIVERSITY OF CHARLOTTE          ,NC,28274-0001,Private      ,162,457,619,2347,2188,4535
00295800,ROCKINGHAM COMMUNITY COLLEGE            ,NC,27375-0000,Public       ,189,399,588,868,1762,2630
00296000,SALEM COLLEGE                           ,NC,27108-0000,Private      ,66,175,241,741,827,1568
00296100,SANDHILLS COMMUNITY COLLEGE             ,NC,28374-8283,Public       ,417,851,1268,1596,3366,4962
00296200,SHAW UNIVERSITY                         ,NC,27601-2393,Private      ,319,455,774,2847,2286,5133
00296400,SOUTHEASTERN COMMUNITY COLLEGE          ,NC,28472-5422,Public       ,237,497,734,725,1603,2328
00296700,ST ANDREWS PRESBYTERIAN COLLEGE         ,NC,28352-9979,Private      ,47,21,68,534,113,647
00296800,ST AUGUSTINES COLLEGE                   ,NC,27610-2298,Private      ,206,203,409,2174,906,3080
00297000,SURRY COMMUNITY COLLEGE                 ,NC,27017-0304,Public       ,189,415,604,1249,1912,3161
00297200,NORTH CAROLINA STATE UNIV-RALEIGH       ,NC,27695-7001,Public       ,862,1361,2223,25334,10489,35823
00297300,GASTON COLLEGE                          ,NC,28034-1499,Public       ,388,1068,1456,2178,5179,7357
00297400,UNIVERSITY OF N C-CHAPEL HILL           ,NC,27514-0000,Public       ,541,958,1499,21018,12825,33843
00297500,UNIVERSITY OF NC AT CHARLOTTE           ,NC,28223-0001,Public       ,1271,2189,3460,19711,13110,32821
00297600,UNIVERSITY OF N C - GREENSBORO          ,NC,27412-0001,Public       ,769,1322,2091,15561,10280,25841
00297800,WAKE FOREST UNIV - UNDERGRADUATE        ,NC,27109-7246,Private      ,166,53,219,6664,456,7120
00297801,WAKE FOREST UNIV - SCH OF MEDICINE      ,NC,27157-1090,Private      ,9,46,55,67,1013,1080
00297803,WAKE FOREST GRAD SCHOOLS OF BUSINESS    ,NC,27109-7659,Private      ,5,105,110,46,691,737
00297805,WAKE FOREST UNIV - SCH OF LAW           ,NC,27109-7206,Private      ,3,55,58,44,1416,1460
00297806,WAKE FOREST UNIV - GRAD A&S/DIVINITY    ,NC,27109-7246,Private      ,0,59,59,19,420,439
00297900,WARREN WILSON COLLEGE                   ,NC,28815-0000,Private      ,37,75,112,1205,439,1644
00298000,WAYNE COMMUNITY COLLEGE                 ,NC,27533-0000,Public       ,316,716,1032,1336,3015,4351
00298100,WESTERN CAROLINA UNIVERSITY             ,NC,28723-9731,Public       ,374,514,888,8683,3880,12563
00298200,WESTERN PIEDMONT COMMUNITY COLLEGE      ,NC,28655-4504,Public       ,255,625,880,1111,2301,3412
00298300,WILKES COMMUNITY COLLEGE                ,NC,28697-2100,Public       ,143,288,431,1018,1645,2663
00298400,UNIVERSITY OF N C-WILMINGTON            ,NC,28403-3297,Public       ,775,653,1428,12815,4981,17796
00298500,WINGATE UNIVERSITY                      ,NC,28174-0159,Private      ,169,160,329,3003,1035,4038
00298600,WINSTON-SALEM STATE UNIVERSITY          ,NC,27102-0000,Public       ,263,654,917,6470,4796,11266
00398100,UNC SCHOOL OF THE ARTS                  ,NC,27127-2188,Public       ,67,52,119,1235,396,1631
00403300,ASHEVILLE BUNCOMBE TECH CMTY CLG        ,NC,28801-4897,Public       ,430,1250,1680,2183,5352,7535
00406200,PITT COMMUNITY COLLEGE                  ,NC,28590-0000,Public       ,714,1368,2082,4066,6447,10513
00483500,CALDWELL COMMUNITY CLG & TECH INST      ,NC,28638-2626,Public       ,311,698,1009,1577,3152,4729
00483800,GUILFORD TECHNICAL COMMUNITY CLG        ,NC,27282-0309,Public       ,1031,2620,3651,6611,14711,21322
00484400,WAKE TECHNICAL COMMUNITY COLLEGE        ,NC,27603-5696,Public       ,1088,2863,3951,6917,14059,20976
00484500,WILSON COMMUNITY COLLEGE                ,NC,27893-3310,Public       ,187,575,762,600,1915,2515
00499201,MILLER-MOTTE TECHNICAL COLLEGE - MILLER-,NC,27511-9209,Proprietary  ,41,203,244,117,727,844
00499202,MILLER-MOTTE TECHNICAL COLLEGE - MILLER-,NC,27604-6072,Proprietary  ,72,358,430,234,1073,1307
00499203,MILLER-MOTTE TECHNICAL COLLEGE - FAYETTE,NC,28311-7651,Proprietary  ,112,607,719,242,1400,1642
00499205,MILLER-MOTTE TECHNICAL COLLEGE - MILLER-,NC,28540-5901,Proprietary  ,42,328,370,89,797,886
00531600,COASTAL CAROLINA COMMUNITY COLLEGE      ,NC,28546-6816,Public       ,343,1285,1628,1340,4146,5486
00531700,FORSYTH TECHNICAL COMMUNITY COLLEGE     ,NC,27103-5197,Public       ,691,1968,2659,3515,9094,12609
00531800,CATAWBA VALLEY COMMUNITY COLLEGE        ,NC,28602-8302,Public       ,292,753,1045,2287,4054,6341
00532000,CAPE FEAR COMMUNITY COLLEGE             ,NC,28401-3910,Public       ,973,1725,2698,3986,6673,10659
00544700,RANDOLPH COMMUNITY COLLEGE              ,NC,27204-1009,Public       ,225,583,808,947,2433,3380
00544800,DURHAM TECHNICAL CMNTY COLLEGE          ,NC,27703-5023,Public       ,401,1400,1801,1797,5971,7768
00544900,CENTRAL CAROLINA COMMUNITY COLLEGE      ,NC,27330-9000,Public       ,297,1048,1345,1360,3974,5334
00546300,ALAMANCE COMMUNITY COLLEGE              ,NC,27253-0000,Public       ,378,905,1283,1636,3893,5529
00546400,RICHMOND COMMUNITY COLLEGE              ,NC,28345-4522,Public       ,258,696,954,723,2188,2911
00575400,ROWAN-CABARRUS COMMUNITY COLLEGE        ,NC,28146-8357,Public       ,707,1614,2321,2115,5150,7265
00647700,CABARRUS COLLEGE OF HEALTH SCIENCES     ,NC,28025-0000,Private      ,36,178,214,256,842,1098
00647800,MERCY HOSP SCH OF NURSING               ,NC,28207-0000,Public       ,23,165,188,194,813,1007
00648300,WATTS SCHOOL OF NURSING                 ,NC,27704-0000,Private      ,8,58,66,50,282,332
00679900,CRAVEN COMMUNITY COLLEGE                ,NC,28562-0000,Public       ,204,702,906,831,3166,3997
00703100,PAMLICO COMMUNITY COLLEGE               ,NC,28529-0000,Public       ,34,109,143,91,330,421
00764000,FAYETTEVILLE TECHNICAL CMTY COLLEGE     ,NC,28303-0236,Public       ,753,3039,3792,3333,13045,16378
00768700,JAMES SPRUNT COMMUNITY COLLEGE          ,NC,28349-0398,Public       ,115,438,553,382,1366,1748
00781400,BROOKSTONE COLLEGE OF BUSINESS          ,NC,28262-1294,Proprietary  ,31,168,199,85,461,546
00781401,BROOKSTONE COLLEGE OF BUSINESS          ,NC,27409-0000,Proprietary  ,24,125,149,75,412,487
00789200,SAMPSON COMMUNITY COLLEGE               ,NC,28328-0000,Public       ,73,315,388,507,1347,1854
00798500,SOUTH PIEDMONT COMMUNITY COLLEGE        ,NC,28135-9703,Public       ,213,501,714,798,2153,2951
00798600,HALIFAX COMMUNITY COLLEGE               ,NC,27890-0089,Public       ,187,483,670,596,1452,2048
00798700,BLADEN COMMUNITY COLLEGE                ,NC,28332-0266,Public       ,183,527,710,550,1738,2288
00798800,MARTIN COMMUNITY COLLEGE                ,NC,27892-8307,Public       ,64,201,265,268,761,1029
00808100,CARTERET COMMUNITY COLLEGE              ,NC,28557-2989,Public       ,177,420,597,581,1588,2169
00808200,CLEVELAND COMMUNITY COLLEGE             ,NC,28150-0000,Public       ,295,777,1072,1052,2595,3647
00808300,HAYWOOD COMMUNITY COLLEGE               ,NC,28721-0000,Public       ,184,510,694,694,1555,2249
00808500,MCDOWELL TECHNICAL COMMUNITY CLG        ,NC,28752-8728,Public       ,116,331,447,313,907,1220
00808700,MONTGOMERY COMMUNITY COLLEGE            ,NC,27371-0787,Public       ,47,174,221,309,792,1101
00846600,SOUTHWESTERN COMMUNITY COLLEGE          ,NC,28779-8581,Public       ,132,318,450,803,1687,2490
00855700,NASH COMMUNITY COLLEGE                  ,NC,27804-0488,Public       ,314,781,1095,1040,2525,3565
00855800,BEAUFORT COUNTY COMMUNITY COLLEGE       ,NC,27889-7889,Public       ,141,374,515,634,1614,2248
00861200,ROBESON COMMUNITY COLLEGE               ,NC,28359-2151,Public       ,264,707,971,1108,3125,4233
00861300,ROANOKE-CHOWAN COMMUNITY COLLEGE        ,NC,27910-9522,Public       ,119,241,360,301,765,1066
00885500,EDGECOMBE COMMUNITY COLLEGE             ,NC,27886-9399,Public       ,302,1068,1370,805,3167,3972
00902500,EMPIRE BEAUTY SCHOOL                    ,NC,28105-2508,Proprietary  ,64,141,205,188,559,747
00933600,JOHNSTON COMMUNITY COLLEGE              ,NC,27577-0000,Public       ,259,667,926,1428,3479,4907
00943000,TRI-COUNTY COMMUNITY COLLEGE            ,NC,28906-7919,Public       ,107,304,411,374,884,1258
00964600,PIEDMONT COMMUNITY COLLEGE              ,NC,27573-1197,Public       ,172,519,691,485,1379,1864
00968400,BLUE RIDGE COMMUNITY COLLEGE            ,NC,28731-9624,Public       ,210,419,629,719,1602,2321
00974701,GORDON-CONWELL THEO SEM - CHARLOTTE     ,NC,28273-0000,Private      ,0,55,55,2,232,234
00990300,VANCE-GRANVILLE CMTY COLLEGE            ,NC,27536-0917,Public       ,453,1121,1574,1232,3044,4276
01026400,SOUTH COLLEGE                           ,NC,28803-3152,Proprietary  ,19,157,176,89,544,633
01119400,STANLY COMMUNITY COLLEGE                ,NC,28001-7458,Public       ,277,691,968,914,2381,3295
01119700,MAYLAND COMMUNITY COLLEGE               ,NC,28777-2777,Public       ,101,154,255,374,636,1010
01179900,PAUL MITCHELL THE SCHOOL FAYETTEVILLE   ,NC,28303-5364,Proprietary  ,63,165,228,206,574,780
01192600,LEON'S BEAUTY SCHOOL                    ,NC,27403-2812,Proprietary  ,35,95,130,137,353,490
02056500,MITCHELL'S HAIR STYLING ACADEMY         ,NC,27893-0000,Proprietary  ,12,40,52,44,98,142
02056501,MITCHELL'S HAIR STYLING ACADEMY - MITCHE,NC,27606-3326,Proprietary  ,4,42,46,31,118,149
02110500,ART INSTITUTE OF CHARLOTTE (THE)        ,NC,28217-0000,Proprietary  ,431,591,1022,2580,2507,5087
02158414,HARRISON COLLEGE - THE CHEF'S ACADEMY - ,NC,27560-0000,Proprietary  ,15,45,60,19,63,82
02170700,BRUNSWICK COMMUNITY COLLEGE             ,NC,28422-0000,Public       ,87,247,334,612,1121,1733
02205000,COLLEGE OF WILMINGTON                   ,NC,28403-0000,Proprietary  ,39,73,112,234,290,524
02210400,FAYETTEVILLE BEAUTY COLLEGE             ,NC,28303-0000,Proprietary  ,17,80,97,73,285,358
02227800,MITCHELL'S HAIR STYLING ACADEMY         ,NC,27534-0000,Proprietary  ,1,5,6,7,28,35
02227900,MITCHELL'S HAIR STYLING ACADEMY         ,NC,27858-0000,Proprietary  ,2,17,19,19,52,71
02238700,HAIRSTYLING INSTITUTE OF CHARLOTTE      ,NC,28204-0000,Proprietary  ,6,36,42,58,258,316
02280900,MID-ATLANTIC CHRISTIAN UNIVERSITY       ,NC,27909-0000,Private      ,19,29,48,107,112,219
02326203,KAPLAN CAREER INSTITUTE - KAPLAN COLLEGE,NC,28212-6830,Proprietary  ,82,481,563,271,1576,1847
02560600,PINNACLE INSTITUTE OF COSMETOLOGY       ,NC,28115-8020,Proprietary  ,6,36,42,35,87,122
02614201,MILLER-MOTTE BUSINESS COLLEGE           ,NC,28403-0000,Proprietary  ,113,827,940,295,2148,2443
02614205,MILLER - MOTTE TECHNICAL COLLEGE - MILLE,NC,27834-5052,Proprietary  ,50,243,293,182,930,1112
03009500,WINSTON-SALEM BARBER SCHOOL             ,NC,27107-0000,Proprietary  ,7,42,49,60,150,210
03064400,REGENCY BEAUTY INSTITUTE                ,NC,27127-0000,Proprietary  ,32,68,100,110,229,339
03089300,HERITAGE BIBLE COLLEGE                  ,NC,28335-0000,Private      ,3,15,18,20,93,113
03104200,CAROLINAS COLLEGE OF HEALTH SCIENCE     ,NC,28232-2861,Public       ,33,281,314,336,1249,1585
03109000,LIVING ARTS COLLEGE                     ,NC,27614-7076,Proprietary  ,108,198,306,504,631,1135
03361300,MEDICAL ARTS MASSAGE SCHOOL             ,NC,27616-6453,Proprietary  ,21,137,158,44,278,322
03513400,APEX SCHOOL OF THEOLOGY                 ,NC,27703-8024,Private      ,8,373,381,27,1039,1066
03555300,SOUTHEASTERN INSTITUTE                  ,NC,28217-0000,Proprietary  ,34,202,236,97,561,658
03555400,SOUTHEASTERN SCHOOL OF NEUROMUSCULAR  MA,NC,29406-0000,Proprietary  ,12,61,73,34,186,220
03570300,CAROLINA CHRISTIAN COLLEGE              ,NC,27105-3241,Private      ,2,30,32,22,118,140
03663300,HOOD THEOLOGICAL SEMINARY               ,NC,28144-5768,Private      ,0,80,80,0,241,241
03748500,LA SHE'S BEAUTY ACADEMY                 ,NC,27707-3569,Proprietary  ,11,62,73,30,130,160
03777300,CAROLINA ACAD OF COSMETIC ART & SCI     ,NC,28054-0460,Proprietary  ,56,164,220,134,330,464
03827300,NEW LIFE THEOLOGICAL SEMINARY           ,NC,28205-1648,Private      ,1,53,54,7,186,193
04073300,JUNG TAO SCHOOL OF CLASSICAL CHINESE MED,NC,28679-9657,Private      ,0,10,10,1,32,33
04098300,TECHSKILLS - CHARLOTTE                  ,NC,28217-0000,Proprietary  ,9,81,90,42,257,299
04101300,CAROLINA SCHOOL OF BROADCASTING         ,NC,28214-8085,Proprietary  ,9,74,83,80,254,334
04115700,REGINA'S COLLEGE OF BEAUTY              ,NC,28110-2831,Proprietary  ,26,116,142,47,216,263
04120300,"FILA ACADEMY, THE                       ",NC,27265-3114,Proprietary  ,4,26,30,24,83,107
04129400,CENTER FOR MASSAGE & NATURAL HEALTH     ,NC,28787-8331,Proprietary  ,4,18,22,21,85,106
04140700,AVEDA INSTITUTE CHAPEL HILL             ,NC,27516-2559,Proprietary  ,32,75,107,185,301,486
04143500,CHARLOTTE SCHOOL OF LAW                 ,NC,28208-2816,Proprietary  ,10,289,299,52,2251,2303
04146400,DAOIST TRADITIONS COLLEGE OF CHINESE MED,NC,28801-1060,Proprietary  ,0,31,31,6,91,97
04149300,PARK WEST BARBER SCHOOL                 ,NC,27701-4022,Proprietary  ,15,89,104,36,253,289
04154200,CAROLINA BIBLE COLLEGE                  ,NC,29303-5157,Private      ,2,56,58,20,201,221
04172800,BODY THERAPY INSTITUTE                  ,NC,27344-6728,Proprietary  ,6,32,38,20,106,126
04173000,SHEPHERDS THEOLOGICAL SEMINARY          ,NC,27518-9316,Private      ,0,8,8,0,19,19
04173700,GRACE COLLEGE OF DIVINITY               ,NC,28314-2343,Private      ,8,12,20,21,58,79
04178100,CAROLINA COLLEGE OF HAIR DESIGN         ,NC,28802-1232,Proprietary  ,14,32,46,44,114,158
00298800,BISMARCK STATE COLLEGE                  ,ND,58501-1299,Public       ,291,394,685,2021,1612,3633
00298900,DICKINSON STATE UNIVERSITY              ,ND,58601-4896,Public       ,132,167,299,1114,717,1831
00299000,JAMESTOWN COLLEGE                       ,ND,58405-3401,Private      ,103,42,145,859,145,1004
00299100,LAKE REGION STATE COLLEGE               ,ND,58301-1598,Public       ,66,140,206,387,429,816
00299200,UNIVERSITY OF MARY                      ,ND,58504-9652,Private      ,134,362,496,1605,1507,3112
00299300,MAYVILLE STATE UNIVERSITY               ,ND,58257-1299,Public       ,96,71,167,566,314,880
00299400,MINOT STATE UNIVERSITY                  ,ND,58707-0002,Public       ,203,329,532,1664,1420,3084
00299500,DAKOTA COLLEGE AT BOTTINEAU             ,ND,58318-1159,Public       ,73,81,154,326,302,628
00299600,NORTH DAKOTA STATE CLG OF SCIENCE       ,ND,58076-0002,Public       ,304,281,585,1535,830,2365
00299700,NORTH DAKOTA STATE UNIVERSITY           ,ND,58108-6050,Public       ,1111,659,1770,9695,2970,12665
00300500,UNIVERSITY OF NORTH DAKOTA              ,ND,58202-8193,Public       ,958,1054,2012,8278,5201,13479
00300700,WILLISTON STATE COLLEGE                 ,ND,58802-1326,Public       ,64,102,166,293,360,653
00300800,VALLEY CITY STATE UNIVERSITY            ,ND,58072-0000,Public       ,88,91,179,749,383,1132
00775600,JOSEF'S SCHOOL OF HAIR DESIGN INC       ,ND,58102-4977,Proprietary  ,20,25,45,63,77,140
00869408,RASMUSSEN COLLEGE - FARGO               ,ND,58103-7196,Proprietary  ,46,139,185,199,908,1107
00869415,RASMUSSEN COLLEGE - BISMARCK            ,ND,58503-0000,Proprietary  ,14,71,85,84,450,534
00935400,MEDCENTER ONE COLLEGE OF NURSING        ,ND,58501-4494,Private      ,7,25,32,69,88,157
01040600,JOSEF'S SCHOOL OF HAIR DESIGN           ,ND,58201-6394,Proprietary  ,19,31,50,53,78,131
01205900,TRINITY BIBLE COLLEGE                   ,ND,58436-7150,Private      ,55,37,92,213,126,339
01229500,JZ TREND ACADEMY PAUL MITCHELL PARTNER S,ND,58501-0000,Proprietary  ,23,7,30,83,45,128
02188200,SITTING BULL COLLEGE                    ,ND,58538-9701,Public       ,21,130,151,66,329,395
02236500,LITTLE HOOP COMMUNITY COLLEGE           ,ND,58335-0000,Public       ,23,129,152,32,175,207
02242900,UNITED TRIBES TECHNICAL COLLEGE         ,ND,58504-0000,Private      ,99,260,359,260,792,1052
02298200,HEADQUARTERS ACADEMY OF HAIR DESIGN     ,ND,58701-0000,Proprietary  ,4,16,20,20,46,66
02301100,TURTLE MTN CMNTY COLG-FIN AID OFC       ,ND,58316-0000,Private      ,99,245,344,241,555,796
02553700,FORT BERTHOLD COMMUNITY COLLEGE         ,ND,58763-0000,Public       ,30,61,91,57,133,190
03087200,MOLER BARBER CLG OF HAIRSTYLING         ,ND,58103-0000,Proprietary  ,3,1,4,4,8,12
04031300,SALON PROFESSIONAL ACADEMY (THE)        ,ND,58103-3337,Proprietary  ,18,16,34,78,70,148
04139400,HAIR ACADEMY (THE)                      ,ND,58501-4929,Proprietary  ,12,12,24,54,42,96
00133901,CORBAN UNIVERSITY - SCHOOL OF MINISTRY  ,WA,98402-6699,Private      ,0,7,7,5,25,30
00301005,ANTIOCH UNIV/SEATTLE                    ,WA,98121-0000,Private      ,8,123,131,74,1206,1280
00376900,BELLEVUE COLLEGE                        ,WA,98007-6484,Public       ,567,1316,1883,4699,7441,12140
00377000,BIG BEND COMMUNITY COLLEGE              ,WA,98837-3299,Public       ,151,307,458,1065,1712,2777
00377100,"CENTRAL WASHINGTON UNIV., FIN AID       ",WA,98926-7495,Public       ,847,736,1583,10743,5560,16303
00377200,CENTRALIA COLLEGE                       ,WA,98531-4099,Public       ,157,403,560,1265,2133,3398
00377300,CLARK COLLEGE                           ,WA,98663-3598,Public       ,771,1765,2536,5208,10721,15929
00377400,COLUMBIA BASIN COLLEGE                  ,WA,99301-3379,Public       ,323,764,1087,2973,4381,7354
00377500,EASTERN WASHINGTON UNIVERSITY           ,WA,99004-2447,Public       ,525,833,1358,10665,7281,17946
00377600,EVERETT COMMUNITY COLLEGE               ,WA,98201-1352,Public       ,419,1216,1635,2890,6501,9391
00377700,HERITAGE UNIVERSITY                     ,WA,98948-9562,Private      ,38,233,271,534,1679,2213
00377800,GONZAGA UNIVERSITY                      ,WA,99258-0083,Private      ,136,548,684,8066,4209,12275
00377900,GRAYS HARBOR COLLEGE                    ,WA,98520-7599,Public       ,112,362,474,744,1833,2577
00378000,GREEN RIVER COMMUNITY COLLEGE           ,WA,98092-3622,Public       ,453,1065,1518,3129,5582,8711
00378100,HIGHLINE COMMUNITY COLLEGE              ,WA,98198-9800,Public       ,423,1109,1532,3133,6086,9219
00378200,LOWER COLUMBIA COLLEGE                  ,WA,98632-0310,Public       ,259,681,940,1269,3483,4752
00378300,NORTHWEST UNIVERSITY                    ,WA,98083-0000,Private      ,84,248,332,1311,1011,2322
00378400,OLYMPIC COLLEGE                         ,WA,98337-1600,Public       ,366,996,1362,2133,5666,7799
00378500,PACIFIC LUTHERAN UNIVERSITY             ,WA,98447-0003,Private      ,120,220,340,4688,1922,6610
00378600,PENINSULA COLLEGE                       ,WA,98362-6660,Public       ,125,371,496,656,1806,2462
00378700,SEATTLE CENTRAL COMMUNITY COLLEGE       ,WA,98122-2413,Public       ,382,1318,1700,3085,7310,10395
00378703,SEATTLE VOCATIONAL INSTITUTE            ,WA,98144-0000,Public       ,52,235,287,128,633,761
00378800,SEATTLE PACIFIC UNIVERSITY              ,WA,98119-1997,Private      ,125,277,402,6745,2634,9379
00379000,SEATTLE UNIVERSITY                      ,WA,98122-1090,Private      ,420,570,990,8904,6957,15861
00379100,SHORELINE COMMUNITY COLLEGE             ,WA,98133-5696,Public       ,299,763,1062,2134,4719,6853
00379200,SKAGIT VALLEY COLLEGE                   ,WA,98273-5899,Public       ,224,649,873,1716,3575,5291
00379300,SPOKANE COMMUNITY COLLEGE               ,WA,99207-5399,Public       ,407,1698,2105,4065,10679,14744
00379400,ST MARTIN'S UNIVERSITY                  ,WA,98503-7500,Private      ,38,140,178,1389,1264,2653
00379600,TACOMA COMMUNITY COLLEGE                ,WA,98466-6100,Public       ,488,1702,2190,3659,9678,13337
00379700,UNIVERSITY OF PUGET SOUND               ,WA,98416-1039,Private      ,103,173,276,5292,1396,6688
00379800,UNIVERSITY OF WASHINGTON                ,WA,98195-5880,Public       ,1295,2324,3619,32530,28908,61438
00379900,WALLA WALLA UNIVERSITY                  ,WA,99324-1198,Private      ,159,135,294,1626,771,2397
00380000,WASHINGTON STATE UNIVERSITY             ,WA,99164-1035,Public       ,935,1358,2293,22680,12897,35577
00380100,WENATCHEE VALLEY COLLEGE                ,WA,98801-1799,Public       ,243,562,805,1695,3014,4709
00380200,WESTERN WASHINGTON UNIVERSITY           ,WA,98225-5946,Public       ,580,504,1084,16022,4861,20883
00380300,WHITMAN COLLEGE                         ,WA,99362-2067,Private      ,28,13,41,2882,145,3027
00380400,WHITWORTH UNIVERSITY                    ,WA,99251-0001,Private      ,86,208,294,4391,1380,5771
00380500,YAKIMA VALLEY COMMUNITY COLLEGE         ,WA,98907-2520,Public       ,301,729,1030,3012,4711,7723
00499900,BELLINGHAM TECHNICAL COLLEGE            ,WA,98225-0000,Public       ,155,568,723,917,2963,3880
00500000,PIERCE COLLEGE                          ,WA,98498-1919,Public       ,457,1473,1930,3347,7730,11077
00500100,EDMONDS COMMUNITY COLLEGE               ,WA,98036-5999,Public       ,369,977,1346,2460,5496,7956
00500600,WALLA WALLA COMMUNITY COLLEGE           ,WA,99362-9267,Public       ,203,487,690,1705,2773,4478
00530600,BATES TECHNICAL COLLEGE                 ,WA,98405-0000,Public       ,163,801,964,860,3359,4219
00537200,SOUTH PUGET SOUND COMMUNITY COLLEGE     ,WA,98512-6292,Public       ,226,877,1103,2300,5373,7673
00537300,LAKE WASHINGTON TECHNICAL COLLEGE       ,WA,98034-8505,Public       ,138,576,714,749,2984,3733
00575200,CLOVER PARK TECHNICAL COLLEGE           ,WA,98499-0000,Public       ,264,1129,1393,1405,5815,7220
00815500,EVERGREEN STATE COLLEGE (THE)           ,WA,98505-0002,Public       ,225,491,716,3848,4290,8138
00907901,EVEREST COLLEGE                         ,WA,98684-6950,Proprietary  ,30,123,153,149,568,717
00938700,PERRY TECHNICAL INSTITUTE               ,WA,98903-1239,Private      ,83,163,246,529,945,1474
00954400,SPOKANE FALLS COMMUNITY COLLEGE         ,WA,99224-5204,Public       ,423,1158,1581,4325,7040,11365
00970400,NORTH SEATTLE COMMUNITY COLLEGE         ,WA,98103-3599,Public       ,235,940,1175,1585,5111,6696
00970600,SOUTH SEATTLE COMMUNITY COLLEGE         ,WA,98106-1499,Public       ,210,737,947,1861,4292,6153
00973900,GLEN DOW ACAD OF HAIR DESIGN            ,WA,99201-0209,Proprietary  ,18,49,67,111,243,354
01036400,WHATCOM COMMUNITY COLLEGE               ,WA,98226-8003,Public       ,240,569,809,2233,3434,5667
01043400,RENTON TECHNICAL COLLEGE                ,WA,98056-0000,Public       ,148,676,824,866,3131,3997
01148100,DIVERS INSTITUTE OF TECHNOLOGY          ,WA,98107-0000,Proprietary  ,30,150,180,130,463,593
01231500,CORNISH COLLEGE OF THE ARTS             ,WA,98121-4604,Private      ,49,62,111,1600,498,2098
01249600,"BEAUTIWORKS SEATTLE, LLC                ",WA,98133-5615,Proprietary  ,9,16,25,30,71,101
01302200,CITY UNIVERSITY OF SEATTLE              ,WA,98005-3030,Private      ,24,493,517,205,2267,2472
01309400,BELLINGHAM BEAUTY SCHOOL                ,WA,98225-0000,Proprietary  ,8,32,40,29,109,138
02105300,EVERGREEN BEAUTY AND BARBER COLLEGE     ,WA,98007-3722,Proprietary  ,22,55,77,66,154,220
02106700,TRINITY LUTHERAN COLLEGE                ,WA,98201-3569,Private      ,28,25,53,177,113,290
02180000,NORTHWEST INDIAN COLLEGE                ,WA,98226-9278,Public       ,49,279,328,153,756,909
02184200,PAROBA COLLEGE OF COSMETOLOGY           ,WA,98208-0000,Proprietary  ,19,63,82,58,148,206
02202200,STYLEMASTERS COLLEGE OF HAIR DESIGN     ,WA,98632-0000,Proprietary  ,22,61,83,34,110,144
02203300,GENE JUAREZ ACADEMY OF BEAUTY           ,WA,98125-0000,Proprietary  ,71,120,191,374,664,1038
02222900,INTERNATIONAL AIR & HOSPITALITY ACADEMY ,WA,98661-4835,Proprietary  ,109,174,283,265,503,768
02236800,PROFESSIONAL BEAUTY SCHOOL              ,WA,98902-0000,Proprietary  ,7,24,31,43,83,126
02242500,BASTYR UNIVERSITY                       ,WA,98028-0000,Private      ,14,195,209,150,1426,1576
02242504,SEATTLE MIDWIFERY SCHOOL                ,WA,98144-0000,Private      ,0,0,0,2,2,4
02291300,ART INSTITUTE OF SEATTLE                ,WA,98121-1622,Proprietary  ,234,432,666,2267,2351,4618
02300100,EVEREST COLLEGE                         ,WA,98367-1835,Proprietary  ,32,138,170,100,453,553
02300103,EVEREST COLLEGE - EVERETT               ,WA,98208-2610,Proprietary  ,56,206,262,196,732,928
02300104,EVEREST COLLEGE - TACOMA                ,WA,98402-3004,Proprietary  ,101,510,611,374,1518,1892
02326500,INTERFACE COLLEGE                       ,WA,99201-4326,Proprietary  ,4,44,48,22,207,229
02331400,NORTHWEST HAIR ACADEMY                  ,WA,98273-0000,Proprietary  ,30,51,81,65,134,199
02331402,NORTHWEST HAIR ACADEMY - EVERETT        ,WA,98204-0000,Proprietary  ,8,12,20,36,57,93
02504900,ACADEMY OF HAIR DESIGN (THE)            ,WA,98801-0000,Proprietary  ,11,29,40,39,110,149
02541900,BJ'S BEAUTY AND BARBER COLLEGE          ,WA,98409-0000,Proprietary  ,10,73,83,37,236,273
02602100,NORTHWEST COLLEGE OF ART                ,WA,98370-8625,Proprietary  ,14,11,25,179,86,265
02606200,EVEREST COLLEGE                         ,WA,98055-2990,Proprietary  ,47,205,252,165,664,829
02617500,EVEREST COLLEGE                         ,WA,98133-9018,Proprietary  ,64,200,264,202,562,764
02617501,EVEREST COLLEGE - FIFE                  ,WA,98424-2649,Proprietary  ,0,0,0,12,42,54
02617503,EVEREST COLLEGE - VANCOUVER             ,WA,98684-6951,Proprietary  ,28,93,121,95,335,430
03031406,INTERNATIONAL ACADEMY OF DESIGN & TECH  ,WA,98188-3319,Proprietary  ,21,49,70,117,272,389
03065000,CLARE'S BEAUTY COLLEGE                  ,WA,99301-0000,Proprietary  ,17,45,62,64,149,213
03071800,ITT TECHNICAL INSTITUTE                 ,WA,99216-1589,Proprietary  ,152,631,783,520,2129,2649
03071805,ITT TECHNICAL INSTITUTE - SEATTLE       ,WA,98168-3346,Proprietary  ,152,651,803,434,1729,2163
03099000,CORTIVA INSTITUTE - SEATTLE             ,WA,98109-5474,Proprietary  ,27,96,123,109,367,476
03110800,BAKKE GRADUATE UNIVERSITY               ,WA,98104-1222,Private      ,1,14,15,11,50,61
03139500,MONTESSORI SCHOOLS OF WASHINGTON        ,WA,98203-6600,Private      ,0,1,1,3,13,16
03280300,SEATTLE INST OF ORIENTAL MEDICINE       ,WA,98115-0000,Proprietary  ,4,5,9,15,83,98
03283300,NORTHWEST HVAC/R ASSOCIATION & TRAINING ,WA,99202-2125,Private      ,4,22,26,12,109,121
03466400,MARS HILL GRADUATE SCHOOL               ,WA,98121-0000,Private      ,0,72,72,2,317,319
03483500,CASCADIA COMMUNITY COLLEGE              ,WA,98011-9510,Public       ,180,288,468,1106,1495,2601
03490400,EMIL FRIES PIANO HOSPITAL & TRAININ     ,WA,98661-4323,Private      ,0,2,2,3,16,19
03689400,FAITH EVANGELICAL COLLEGE & SEMINARY    ,WA,98407-2607,Private      ,3,82,85,16,328,344
03724300,DIGIPEN INSTITUTE OF TECHNOLOGY         ,WA,98052-5170,Proprietary  ,71,65,136,800,486,1286
03917300,EVERGREEN BEAUTY AND BARBER COLLEGE     ,WA,98208-3759,Proprietary  ,26,98,124,100,293,393
03932500,TOTAL COSMETOLOGY TRAINING CENTER       ,WA,99217-6231,Proprietary  ,14,69,83,50,219,269
03953300,YAKIMA BEAUTY SCHOOL                    ,WA,98901-2202,Proprietary  ,5,32,37,43,97,140
04043400,ALPINE COLLEGE                          ,WA,99206-5097,Proprietary  ,1,1,2,51,306,357
04120000,SUNNYSIDE BEAUTY ACADEMY                ,WA,98944-8711,Proprietary  ,6,16,22,16,48,64
04127200,VICTORIA'S ACADEMY OF COSMETOLOGY       ,WA,99336-3826,Proprietary  ,13,42,55,60,155,215
04130500,PACIFIC NORTHWEST UNIV OF HEALTH SCIENCE,WA,98901-1471,Private      ,3,25,28,30,436,466
04130800,CASCADE BEAUTY COLLEGE                  ,WA,98002-5504,Proprietary  ,10,22,32,27,61,88
04132800,INLAND MASSAGE INSTITUTE                ,WA,99218-5016,Proprietary  ,6,33,39,33,119,152
04135200,NORTHWEST AVIATION COLLEGE              ,WA,98002-1609,Proprietary  ,8,20,28,30,94,124
04149400,GARY MANUEL AVEDA INSTITUTE             ,WA,98122-3807,Proprietary  ,47,87,134,162,348,510
04149600,GP INSTITUTE OF COSMETOLOGY             ,WA,98118-2353,Proprietary  ,4,30,34,11,85,96
04155000,NORTHWEST SCHOOL OF WOODEN BOAT BUILDING,WA,98339-8706,Private      ,5,17,22,16,78,94
04161200,BAINBRIDGE GRADUATE INSTITUTE           ,WA,98110-2870,Private      ,0,58,58,2,151,153
04170100,SALON PROFESSIONAL ACADEMY (THE)        ,WA,98409-7360,Proprietary  ,23,75,98,91,266,357
04172900,ACADEMY OF COSMETOLOGY                  ,WA,99354-2651,Proprietary  ,4,16,20,31,86,117
04188900,NORTHWEST INSTITUTE OF LITERARY ARTS    ,WA,98249-0000,Private      ,0,4,4,0,15,15
04191900,PAUL MITCHELL THE SCHOOL SPOKANE        ,WA,99037-5041,Proprietary  ,38,72,110,61,116,177
00340100,BROWN UNIVERSITY                        ,RI,02912-9127,Private      ,142,58,200,20205,1024,21229
00340101,BROWN UNIVERSITY - GRADUATE SCHOOL      ,RI,02912-1827,Private      ,1,53,54,40,1368,1408
00340102,BROWN MEDICAL SCHOOL                    ,RI,02912-0000,Private      ,3,13,16,40,498,538
00340200,BRYANT UNIVERSITY                       ,RI,02917-1284,Private      ,159,81,240,4918,570,5488
00340400,JOHNSON & WALES UNIVERSITY              ,RI,02903-3703,Private      ,838,720,1558,20099,5378,25477
00340600,PROVIDENCE COLLEGE                      ,RI,02918-0001,Private      ,72,118,190,8340,802,9142
00340700,RHODE ISLAND COLLEGE                    ,RI,02908-1991,Public       ,280,454,734,7418,4216,11634
00340800,COMMUNITY COLLEGE OF RI - WARWICK       ,RI,02906-0000,Public       ,898,1478,2376,6048,8079,14127
00340801,COMMUNITY COLLEGE OF RI - LINCOLN       ,RI,02865-4585,Public       ,232,429,661,2331,2762,5093
00340802,COMMUNITY COLLEGE OF RI- PROVIDENCE     ,RI,02905-2313,Public       ,205,445,650,1751,2556,4307
00340900,RHODE ISLAND SCHOOL OF DESIGN           ,RI,02903-2784,Private      ,110,120,230,2661,1532,4193
00341000,ROGER WILLIAMS UNIVERSITY               ,RI,02809-2921,Private      ,53,96,149,8197,1730,9927
00341100,SALVE REGINA UNIVERSITY                 ,RI,02840-4192,Private      ,51,78,129,4219,493,4712
00341400,UNIVERSITY OF RHODE ISLAND              ,RI,02881-0000,Public       ,712,595,1307,22099,4487,26586
00659100,ST. JOSEPH HOSP SCH OF NURSING          ,RI,02904-5199,Private      ,6,33,39,71,219,290
00784500,NEW ENGLAND INSTITUTE OF TECHNOLOGY     ,RI,02886-2266,Private      ,271,453,724,2436,2610,5046
01115900,"SAWYER SCHOOL,THE                       ",RI,02860-4117,Proprietary  ,61,396,457,202,1167,1369
01164702,SBI CAMPUS - AN AFFILIATE OF SANFORD-BRO,RI,02920-7807,Proprietary  ,70,158,228,260,814,1074
02071900,ARTHUR ANGELO SCH COSMET&HAIR DSGN      ,RI,02903-0000,Proprietary  ,13,35,48,75,174,249
02176900,WARWICK ACADEMY OF BEAUTY CULTURE       ,RI,02886-1534,Proprietary  ,16,33,49,61,133,194
02584400,NEW ENGLAND TRACTOR TRAILER TRAINING SCH,RI,02860-1752,Proprietary  ,29,309,338,70,634,704
03080000,NEWPORT SCHOOL OF HAIRDRESSING          ,RI,02860-4038,Proprietary  ,3,28,31,14,73,87
03232300,LINCOLN TECHNICAL INSTITUTE             ,RI,02865-4211,Proprietary  ,111,293,404,445,1015,1460
03732300,INTERNATIONAL YACHT RESTORATION SCH     ,RI,02840-6720,Private      ,1,10,11,23,35,58
04141200,TONI & GUY HAIRDRESSING ACADEMY         ,RI,02920-0000,Proprietary  ,23,21,44,100,106,206
00341700,ALLEN UNIVERSITY                        ,SC,29204-1085,Private      ,145,118,263,993,581,1574
00341800,ANDERSON UNIVERSITY                     ,SC,29621-4035,Private      ,100,224,324,2467,1198,3665
00341900,CHARLESTON SOUTHERN UNIVERSITY          ,SC,29406-2160,Private      ,305,480,785,4140,2349,6489
00342000,BENEDICT COLLEGE                        ,SC,29204-1086,Private      ,569,332,901,4355,1793,6148
00342100,BOB JONES UNIVERSITY                    ,SC,29614-1000,Proprietary  ,375,114,489,2778,465,3243
00342200,SOUTHERN WESLEYAN UNIVERSITY            ,SC,29630-1020,Private      ,61,305,366,853,1669,2522
00342300,THE CITADEL                             ,SC,29409-0002,Public       ,252,281,533,2749,1160,3909
00342400,CLAFLIN UNIVERSITY                      ,SC,29115-4498,Private      ,197,199,396,2663,1056,3719
00342500,CLEMSON UNIVERSITY                      ,SC,29634-0001,Public       ,924,732,1656,17925,4072,21997
00342600,UNIV OF SC AT SUMTER                    ,SC,29150-2498,Public       ,152,136,288,753,630,1383
00342700,COKER COLLEGE                           ,SC,29550-3797,Private      ,41,170,211,1090,944,2034
00342800,COLLEGE OF CHARLESTON                   ,SC,29424-0100,Public       ,751,545,1296,11234,3166,14400
00342900,COLUMBIA INTERNATIONAL UNIVERSITY       ,SC,29203-1599,Private      ,37,157,194,568,795,1363
00343000,COLUMBIA COLLEGE                        ,SC,29203-5998,Private      ,124,287,411,1310,1365,2675
00343100,CONVERSE COLLEGE                        ,SC,29302-0006,Private      ,50,110,160,928,704,1632
00343200,ERSKINE COLLEGE                         ,SC,29639-0000,Private      ,27,8,35,713,58,771
00343201,ERSKINE THEOLOGICAL SEMINARY            ,SC,29639-0000,Private      ,2,25,27,3,113,116
00343400,FURMAN UNIVERSITY                       ,SC,29613-5253,Private      ,138,125,263,3524,529,4053
00343500,LANDER UNIVERSITY                       ,SC,29649-2099,Public       ,284,205,489,4115,1067,5182
00343600,LIMESTONE COLLEGE                       ,SC,29340-3799,Private      ,115,565,680,1395,3028,4423
00343700,LUTHERAN THEOLOGICAL SOUTHERN SEM       ,SC,29203-5898,Private      ,1,17,18,6,129,135
00343800,MEDICAL UNIV OF SOUTH CAROLINA - FA     ,SC,29425-1760,Public       ,22,233,255,243,3112,3355
00343900,MORRIS COLLEGE                          ,SC,29150-3599,Private      ,181,109,290,1419,615,2034
00344000,NEWBERRY COLLEGE                        ,SC,29108-2197,Private      ,44,40,84,1717,307,2024
00344100,NORTH GREENVILLE COLLEGE                ,SC,29688-1892,Private      ,107,82,189,2371,441,2812
00344500,PRESBYTERIAN COLLEGE                    ,SC,29325-2503,Private      ,63,24,87,1625,276,1901
00344600,SOUTH CAROLINA STATE UNIVERSITY         ,SC,29117-4427,Public       ,470,503,973,6340,3038,9378
00344700,SPARTANBURG METHODIST COLLEGE           ,SC,29301-5899,Private      ,90,47,137,1278,238,1516
00344800,UNIVERSITY OF SOUTH CAROLINA            ,SC,29208-3999,Public       ,1972,1893,3865,24960,12243,37203
00344900,UNIVERSITY OF SOUTH CAROLINA AIKEN      ,SC,29801-6399,Public       ,291,266,557,3361,1446,4807
00345000,UNIV OF SC AT BEAUFORT                  ,SC,29902-4602,Public       ,181,203,384,1631,1090,2721
00345100,COASTAL CAROLINA UNIVERSITY             ,SC,29528-0000,Public       ,873,560,1433,12785,3079,15864
00345300,UNIV OF SC AT LANCASTER                 ,SC,29721-0889,Public       ,186,206,392,993,735,1728
00345400,UNIV OF SC SYSTEM SALKEHATCHIE          ,SC,29810-0617,Public       ,151,337,488,636,916,1552
00345500,VOORHEES COLLEGE                        ,SC,29042-0000,Private      ,101,91,192,969,441,1410
00345600,WINTHROP UNIVERSITY                     ,SC,29733-0001,Public       ,441,443,884,5856,2334,8190
00345700,WOFFORD COLLEGE                         ,SC,29303-3663,Private      ,67,40,107,2308,207,2515
00399000,FLORENCE-DARLINGTON TECH COLLEGE        ,SC,29501-0548,Public       ,791,1814,2605,2970,6140,9110
00399100,GREENVILLE TECHNICAL COLLEGE            ,SC,29607-2439,Public       ,1841,3338,5179,7298,12765,20063
00399200,PIEDMONT TECHNICAL COLLEGE              ,SC,29648-1467,Public       ,706,1903,2609,2255,5515,7770
00399300,MIDLANDS TECHNICAL COLLEGE              ,SC,29202-0000,Public       ,1668,2926,4594,6939,11902,18841
00399400,SPARTANBURG COMMUNITY COLLEGE           ,SC,29305-4386,Public       ,729,1372,2101,3218,5358,8576
00399500,CENTRAL CAROLINA TECHNICAL COLLEGE      ,SC,29150-2499,Public       ,631,1604,2235,1678,4389,6067
00399600,YORK TECHNICAL COLLEGE                  ,SC,29730-3395,Public       ,618,1358,1976,2803,5473,8276
00492000,TRIDENT TECHNICAL COLLEGE               ,SC,29423-8067,Public       ,2141,4262,6403,6800,14185,20985
00492300,CLINTON JR COLLEGE                      ,SC,29730-5152,Private      ,78,46,124,196,117,313
00492400,FORREST JUNIOR COLLEGE                  ,SC,29624-2405,Proprietary  ,6,60,66,31,240,271
00492500,HORRY-GEORGETOWN TECH COLLEGE           ,SC,29526-9521,Public       ,754,1565,2319,3630,7361,10991
00492600,TRI-COUNTY TECHNICAL COLLEGE            ,SC,29670-9133,Public       ,763,1163,1926,4077,4808,8885
00492700,UNIV OF SC AT UNION                     ,SC,29379-0729,Public       ,68,95,163,275,299,574
00499204,MILLER-MOTTE TECHNICAL COLLEGE - CONWAY ,SC,29526-9508,Proprietary  ,102,331,433,257,1020,1277
00536300,DENMARK TECHNICAL COLLEGE               ,SC,29042-0000,Public       ,449,753,1202,899,1319,2218
00681500,ORANGEBURG-CALHOUN TECHNICAL COLG       ,SC,29118-8299,Public       ,482,741,1223,1560,2537,4097
00695100,UNIVERSITY OF SOUTH CAROLINA UPSTATE    ,SC,29303-9972,Public       ,497,564,1061,5775,3193,8968
00760200,NORTHEASTERN TECHNICAL COLLEGE          ,SC,29520-7015,Public       ,190,345,535,594,1228,1822
00922600,FRANCIS MARION UNIVERSITY               ,SC,29501-0000,Public       ,425,448,873,4636,2180,6816
00932200,WILLIAMSBURG TECHNICAL COLLEGE          ,SC,29556-4197,Public       ,95,231,326,299,808,1107
00991000,TECHNICAL COLLEGE OF THE LOWCOUNTRY     ,SC,29902-5441,Public       ,327,952,1279,1004,3087,4091
00991100,UNIV OF SC-REGIONAL CAMPUSES ADMIN      ,SC,29208-0001,Public       ,6,15,21,86,73,159
01005600,AIKEN TECHNICAL COLLEGE                 ,SC,29802-0696,Public       ,523,910,1433,1864,3351,5215
01209200,KENNETH SHULER SCHOOL OF COSMETOLOGY    ,SC,29732-2169,Proprietary  ,40,119,159,140,353,493
01303907,SOUTH UNIVERSITY                        ,SC,29203-6400,Proprietary  ,108,658,766,452,2634,3086
02063700,SHERMAN CLG STRAIGHT CHIROPRACTIC       ,SC,29316-0000,Private      ,2,26,28,14,235,249
02338600,CHARZANNE BEAUTY COLLEGE                ,SC,29649-0000,Proprietary  ,9,42,51,17,66,83
02341100,KENNETH SHULER SCHOOL OF COSMETOLOGY & N,SC,29210-0000,Proprietary  ,44,155,199,187,639,826
02356600,CHARLESTON COSMETOLOGY INSTITUTE        ,SC,29420-0000,Proprietary  ,24,52,76,46,128,174
02552400,ACADEMY OF HAIR TECHNOLOGY              ,SC,29615-2363,Proprietary  ,18,40,58,56,138,194
02567600,SUMTER BEAUTY COLLEGE                   ,SC,29150-0000,Proprietary  ,14,32,46,34,98,132
02614202,MILLER - MOTTE TECHNICAL COLLEGE - NORTH,SC,29406-9239,Proprietary  ,84,299,383,220,1017,1237
03010614,VIRGINIA COLLEGE - GOLF ACADEMY OF AMERI,SC,29579-0000,Proprietary  ,31,88,119,180,319,499
03010617,VIRGINIA COLLEGE - GREENVILLE           ,SC,29607-7200,Proprietary  ,36,250,286,235,1151,1386
03010620,VIRGINIA COLLEGE - CHARLESTON           ,SC,29406-4999,Proprietary  ,68,312,380,199,1052,1251
03010621,VIRGINIA COLLEGE - COLUMBIA             ,SC,29223-7527,Proprietary  ,62,231,293,259,1116,1375
03052300,KENNETH SHULER SCH COSM & HAIR DESG     ,SC,29841-2013,Proprietary  ,39,124,163,121,366,487
03088300,ACADEMY OF COSMETOLOGY                  ,SC,29418-5667,Proprietary  ,18,48,66,53,145,198
03293300,STRAND COLLEGE OF HAIR DESIGN           ,SC,29572-4310,Proprietary  ,9,31,40,26,100,126
03304300,CENTURA COLLEGE                         ,SC,29406-9235,Proprietary  ,51,331,382,135,973,1108
03513300,LACY COSMETOLOGY SCHOOL                 ,SC,29803-9084,Proprietary  ,8,27,35,21,63,84
03513301,LACY COSMETOLOGY SCHOOL -               ,SC,29072-0000,Proprietary  ,4,18,22,9,39,48
03513302,LACY COSMETOLOGY SCHOOL -               ,SC,29445-0000,Proprietary  ,14,37,51,22,69,91
03595300,CHARLESTON SCHOOL OF MASSAGE            ,SC,29412-8270,Proprietary  ,6,19,25,24,65,89
03709301,EDWARD VIA VIRGINIA COLLEGE OF OSTEOPATH,SC,29303-3639,Private      ,4,53,57,29,353,382
03746300,LEGRAND INSTITUTE OF COSMETOLOGY        ,SC,29020-0000,Proprietary  ,7,22,29,24,50,74
03746400,SOUTHEASTERN INSTITUTE                  ,SC,29210-0000,Proprietary  ,16,111,127,54,277,331
03768400,STYLETRENDS BARBER AND HAIRSTYLING ACADE,SC,29730-4511,Proprietary  ,6,31,37,11,72,83
03856400,W. L. BONNER COLLEGE                    ,SC,29203-0000,Private      ,1,17,18,6,65,71
03892300,HARLEY'S BEAUTY & BARBER CAREER INST.   ,SC,29204-1919,Proprietary  ,6,27,33,23,95,118
04083300,MARION COUNTY TECHNICAL EDUCATION CENTER,SC,29571-0000,Public       ,4,13,17,21,110,131
04096300,CHARLESTON SCHOOL OF LAW                ,SC,29402-0535,Proprietary  ,10,271,281,30,1269,1299
04158100,AIKEN SCHOOL OF COSMETOLOGY             ,SC,29801-4026,Proprietary  ,4,28,32,26,74,100
04166900,COSMETIC ARTS INSTITUTE                 ,SC,29488-2753,Proprietary  ,3,24,27,6,52,58
04172600,SALON 496 BARBER ACADEMY                ,SC,29607-2548,Proprietary  ,7,43,50,26,125,151
00345800,AUGUSTANA COLLEGE                       ,SD,57197-0001,Private      ,130,55,185,1885,252,2137
00345900,BLACK HILLS STATE UNIVERSITY            ,SD,57799-9670,Public       ,319,416,735,2488,1881,4369
00346100,DAKOTA WESLEYAN UNIVERSITY              ,SD,57301-4398,Private      ,61,46,107,667,295,962
00346300,DAKOTA STATE UNIVERSITY                 ,SD,57042-1799,Public       ,160,199,359,1294,848,2142
00346500,MOUNT MARTY COLLEGE                     ,SD,57078-3724,Private      ,65,147,212,552,473,1025
00346600,NORTHERN STATE UNIVERSITY               ,SD,57401-7198,Public       ,106,139,245,1652,756,2408
00346700,PRESENTATION COLLEGE                    ,SD,57401-1299,Private      ,36,91,127,443,471,914
00346900,UNIVERSITY OF SIOUX FALLS               ,SD,57105-1699,Private      ,80,152,232,1198,571,1769
00347000,SOUTH DAKOTA SCH OF MINES & TECH        ,SD,57701-3995,Public       ,170,154,324,1540,649,2189
00347100,SOUTH DAKOTA STATE UNIVERSITY           ,SD,57007-2298,Public       ,1019,672,1691,8523,3207,11730
00347400,UNIVERSITY OF SOUTH DAKOTA              ,SD,57069-2390,Public       ,604,909,1513,5034,4692,9726
00405600,SIOUX FALLS SEMINARY                    ,SD,57105-2729,Private      ,0,28,28,1,91,92
00405700,NATIONAL AMERICAN UNIVERSITY            ,SD,57701-3692,Proprietary  ,403,4177,4580,782,10238,11020
00405707,NATIONAL AMERICAN UNIVERSITY            ,SD,57105-0000,Proprietary  ,30,179,209,78,728,806
00492900,MCKENNAN HOSP-RADOLOGICAL TECH          ,SD,57101-0000,Private      ,1,9,10,24,38,62
00530900,LAKE AREA TECHNICAL INSTITUTE           ,SD,57201-2869,Public       ,141,162,303,917,631,1548
00598700,AVERA SACRED HEART HOSPITAL SCHOOL OF RA,SD,57078-3899,Private      ,1,0,1,10,9,19
00776400,SOUTHEAST TECHNICAL INST                ,SD,57107-0000,Public       ,351,556,907,1358,1602,2960
00828400,MITCHELL TECHNICAL INSTITUTE            ,SD,57301-2002,Public       ,118,148,266,685,451,1136
01013800,STEWART SCHOOL                          ,SD,57104-0000,Proprietary  ,21,21,42,108,107,215
01014804,COLORADO TECHNICAL UNIVERSITY           ,SD,57108-2272,Proprietary  ,31,178,209,242,1167,1409
01017000,WESTERN DAKOTA TECHNICAL INSTITUTE      ,SD,57701-4018,Public       ,109,282,391,505,1001,1506
01147701,SIOUX VALLEY HOSP-MEDICAL TECH          ,SD,57117-5039,Private      ,1,11,12,18,33,51
01465900,OGLALA LAKOTA COLLEGE                   ,SD,57752-0490,Public       ,155,619,774,316,1337,1653
02137100,BLACK HILLS BEAUTY COLLEGE              ,SD,57701-0000,Proprietary  ,23,33,56,82,102,184
02143700,SINTE GLESKA UNIVERSITY                 ,SD,57570-0000,Public       ,80,301,381,124,569,693
02144600,KILIAN COMMUNITY COLLEGE                ,SD,57103-7020,Private      ,29,118,147,90,437,527
02277300,SISSETON WAHPETON COLLEGE               ,SD,57262-0000,Public       ,23,109,132,32,180,212
02297800,HEADLINES ACADEMY                       ,SD,57701-0000,Proprietary  ,14,26,40,50,108,158
00347700,AQUINAS COLLEGE                         ,TN,37205-2086,Private      ,32,131,163,269,861,1130
00347701,AQUINAS COLLEGE -  PRIMETIME PROGRAM    ,TN,37214-3644,Private      ,0,5,5,7,60,67
00347800,AUSTIN PEAY STATE UNIVERSITY            ,TN,37044-0002,Public       ,826,1847,2673,7939,8353,16292
00347900,BELMONT UNIVERSITY                      ,TN,37212-3757,Private      ,379,551,930,6839,3747,10586
00348000,BETHEL UNIVERSITY                       ,TN,38201-1705,Private      ,138,1197,1335,1836,4939,6775
00348100,CARSON-NEWMAN COLLEGE                   ,TN,37760-2204,Private      ,204,148,352,3149,838,3987
00348200,CHRISTIAN BROTHERS UNIVERSITY           ,TN,38104-5581,Private      ,136,343,479,2278,1722,4000
00348300,COLUMBIA STATE COMMUNITY COLLEGE        ,TN,38401-5653,Public       ,530,916,1446,3105,3723,6828
00348500,CUMBERLAND UNIVERSITY                   ,TN,37087-3554,Private      ,120,248,368,1485,1096,2581
00348600,LIPSCOMB UNIVERSITY                     ,TN,37204-3951,Private      ,282,595,877,3533,2396,5929
00348700,EAST TENNESSEE STATE UNIV - MAIN CAMPUS ,TN,37614-2857,Public       ,956,1250,2206,11879,8197,20076
00348701,EAST TENNESSEE STATE UNIV - MEDICINE    ,TN,37614-1708,Public       ,24,59,83,361,628,989
00348709,EAST TENNESSEE STATE UNIV - PHARMACY    ,TN,37614-1704,Public       ,13,36,49,142,445,587
00349000,FISK UNIVERSITY                         ,TN,37208-3045,Private      ,80,106,186,1378,652,2030
00349200,FREED-HARDEMAN UNIVERSITY               ,TN,38340-2399,Private      ,139,207,346,1869,904,2773
00349400,HIWASSEE COLLEGE                        ,TN,37354-4001,Private      ,40,31,71,304,143,447
00349500,JOHNSON BIBLE COLLEGE                   ,TN,37998-9775,Private      ,80,79,159,699,416,1115
00349600,KING COLLEGE                            ,TN,37620-2699,Private      ,88,336,424,1347,1615,2962
00349800,LAMBUTH UNIVERSITY                      ,TN,38301-5296,Private      ,0,0,0,530,214,744
00349900,LANE COLLEGE                            ,TN,38301-4598,Private      ,217,177,394,3143,1336,4479
00350000,LEE UNIVERSITY                          ,TN,37320-0000,Private      ,444,424,868,3918,1576,5494
00350100,LEMOYNE-OWEN COLLEGE                    ,TN,38126-6510,Private      ,171,500,671,1425,2137,3562
00350200,LINCOLN MEMORIAL UNIVERSITY             ,TN,37752-7920,Private      ,131,564,695,2097,4265,6362
00350400,MARTIN METHODIST COLLEGE                ,TN,38478-2799,Private      ,71,96,167,959,520,1479
00350500,MARYVILLE COLLEGE                       ,TN,37804-5907,Private      ,51,48,99,1889,333,2222
00350600,MEHARRY MEDICAL COLLEGE                 ,TN,37208-0000,Private      ,13,77,90,92,1356,1448
00350700,MEMPHIS COLLEGE OF ART                  ,TN,38104-2764,Private      ,44,57,101,736,333,1069
00350900,UNIVERSITY OF MEMPHIS (THE)             ,TN,38152-4611,Public       ,1695,3293,4988,16601,18449,35050
00351000,MIDDLE TENNESSEE STATE UNIV             ,TN,37130-0000,Public       ,2537,2885,5422,23730,14441,38171
00351100,MILLIGAN COLLEGE                        ,TN,37682-4001,Private      ,66,131,197,1164,694,1858
00351700,SOUTHERN COLLEGE OF OPTOMETRY           ,TN,38104-2222,Private      ,5,26,31,31,642,673
00351800,SOUTHERN ADVENTIST UNIVERSITY           ,TN,37315-0370,Private      ,251,183,434,2716,985,3701
00351900,RHODES COLLEGE                          ,TN,38112-1690,Private      ,167,97,264,3129,538,3667
00352200,TENNESSEE STATE UNIVERSITY              ,TN,37209-1561,Public       ,775,1865,2640,10131,9571,19702
00352300,TENNESSEE TECHNOLOGICAL UNIV            ,TN,38505-0001,Public       ,786,828,1614,10069,4235,14304
00352400,TENNESSEE TEMPLE UNIVERSITY             ,TN,37404-3587,Private      ,54,246,300,400,880,1280
00352500,TENNESSEE WESLEYAN COLLEGE              ,TN,37371-0040,Private      ,82,61,143,1151,532,1683
00352600,TREVECCA NAZARENE UNIVERSITY            ,TN,37210-2877,Private      ,136,375,511,1457,1994,3451
00352700,TUSCULUM COLLEGE                        ,TN,37743-0001,Private      ,63,238,301,2240,1812,4052
00352800,UNION UNIVERSITY                        ,TN,38305-3697,Private      ,195,561,756,2868,2703,5571
00352900,UNIVERSITY OF TENNESSEE-CHATTANOOGA     ,TN,37403-2598,Public       ,891,952,1843,12846,5234,18080
00353000,UNIVERSITY OF TENNESSEE-KNOXVILLE       ,TN,37996-0150,Public       ,2261,1677,3938,26494,10719,37213
00353006,UNIVERSITY OF TENNESSEE-HEALTH SCI CTR  ,TN,38103-0000,Public       ,36,356,392,408,3372,3780
00353100,UNIVERSITY OF TENNESSEE-MARTIN          ,TN,38238-0002,Public       ,658,751,1409,7367,3828,11195
00353400,UNIVERSITY OF THE SOUTH                 ,TN,37383-1000,Private      ,29,12,41,1958,125,2083
00353500,VANDERBILT UNIVERSITY                   ,TN,37240-0001,Private      ,387,585,972,15526,6611,22137
00353501,VANDERBILT UNIV MED CTR ALLIEDHEAL      ,TN,37232-5510,Private      ,5,19,24,51,203,254
00353502,VANDERBILT UNIV - SCH OF MED            ,TN,37232-0000,Private      ,18,45,63,257,983,1240
00353600,BRYAN COLLEGE                           ,TN,37321-7000,Private      ,67,172,239,1231,708,1939
00399800,CHATTANOOGA STATE COMMUNITY COLLEGE     ,TN,37406-1097,Public       ,1049,2433,3482,5393,9711,15104
00399900,CLEVELAND STATE COMMUNITY COLLEGE       ,TN,37312-2858,Public       ,360,735,1095,1926,2928,4854
00402500,TN TECHNOLOGY CTR AT KNOXVILLE          ,TN,37919-2327,Public       ,107,378,485,586,1583,2169
00402600,TENNESSEE TECH. CNTR AT CROSSVILLE      ,TN,38555-4142,Public       ,33,88,121,277,506,783
00461700,NATIONAL COLLEGE OF BUSINESS & TECH     ,TN,37211-6605,Proprietary  ,54,404,458,319,2342,2661
00493400,DAYMAR INSTITUTE                        ,TN,37217-1056,Proprietary  ,149,714,863,496,2659,3155
00493700,JACKSON STATE COMMUNITY COLLEGE         ,TN,38301-3797,Public       ,379,977,1356,3148,4726,7874
00493800,SOUTH COLLEGE                           ,TN,37909-3323,Proprietary  ,74,503,577,443,1933,2376
00494700,WEST TENNESSEE BUSINESS COLLEGE         ,TN,38301-3256,Proprietary  ,33,98,131,130,461,591
00528000,TN TECHNOLOGY CTR AT COVINGTON          ,TN,38019-0249,Public       ,36,109,145,107,345,452
00528100,TN TECHNOLOGY CTR AT ELIZABETHTON       ,TN,37643-0789,Public       ,68,245,313,294,856,1150
00528200,TN TECHNOLOGY CTR AT HARTSVILLE         ,TN,37074-0000,Public       ,31,73,104,188,373,561
00528300,TN TECHNOLOGY CTR AT NEWBERN            ,TN,38059-1198,Public       ,30,166,196,120,542,662
00530700,TN TECHNOLOGY CTR AT MCMINNVILLE        ,TN,37110-1322,Public       ,23,91,114,173,350,523
00535100,TENNESSEE TECHNOLOGY CENTER AT MORRISTOW,TN,37813-2094,Public       ,58,230,288,449,1082,1531
00535200,TN TECHNOLOGY CENTER AT MCKENZIE        ,TN,38201-1620,Public       ,24,96,120,132,328,460
00535300,TN TECHNOLOGY CENTER AT LIVINGSTON      ,TN,38570-0219,Public       ,35,88,123,237,395,632
00535400,TN TECHNOLOGY CTR AT JACKSON            ,TN,38301-0000,Public       ,55,204,259,447,1039,1486
00535600,TENNESSEE TECHNOLOGY CENTER AT HOHENWALD,TN,38462-0000,Public       ,47,129,176,248,549,797
00535700,TENNESSEE TECHNOLOGY CENTER AT CRUMP    ,TN,38327-3402,Public       ,22,69,91,181,414,595
00535800,TN TECHNOLOGY CENTER AT ATHENS          ,TN,37371-0848,Public       ,32,72,104,198,435,633
00535900,TENNESSEE TECHNOLOGY CENTER AT NASHVILLE,TN,37209-0000,Public       ,117,452,569,516,1759,2275
00536000,TENNESSEE TECHNOLOGY CENTER AT MEMPHIS  ,TN,38105-3604,Public       ,199,564,763,757,2036,2793
00537800,NORTHEAST STATE COMMUNITY COLLEGE       ,TN,37617-0246,Public       ,563,1266,1829,3369,5472,8841
00537900,TN TECHNOLOGY CTR AT SHELBYVILLE        ,TN,37160-3697,Public       ,63,200,263,313,790,1103
00683500,DYERSBURG STATE COMMUNITY COLLEGE       ,TN,38024-0000,Public       ,322,863,1185,1790,3402,5192
00683600,MOTLOW STATE COMMUNITY COLLEGE          ,TN,37388-7972,Public       ,546,861,1407,3034,3597,6631
00732941,ITT TECHNICAL INSTITUTE                 ,TN,37932-3343,Proprietary  ,328,1142,1470,922,2928,3850
00732958,ITT TECHNICAL INSTITUTE                 ,TN,37214-3717,Proprietary  ,246,884,1130,829,2322,3151
00743900,FOUNTAINHEAD COLLEGE OF TECHNOLOGY      ,TN,37918-2583,Proprietary  ,25,140,165,134,548,682
00778200,TENNESSEE TECHNOLOGY CENTER AT DICKSON  ,TN,37055-0000,Public       ,80,202,282,300,873,1173
00778300,MIDDLE TENNESSEE SCH OF ANESTHESIA      ,TN,37116-0000,Private      ,6,32,38,53,246,299
00793803,NASHVILLE AUTO DIESEL COLLEGE - NASHVILL,TN,37206-3210,Proprietary  ,293,259,552,2343,1187,3530
00814500,NASHVILLE STATE TECH CMNTY COLLEGE      ,TN,37209-0000,Public       ,751,2030,2781,4007,9363,13370
00865500,GENESIS CAREER COLLEGE OF COOKEVILLE    ,TN,38501-1959,Proprietary  ,64,164,228,148,436,584
00885900,JOHN A GUPTON COLLEGE                   ,TN,37203-2934,Private      ,11,47,58,113,194,307
00886300,WALTERS STATE COMMUNITY COLLEGE         ,TN,37813-6899,Public       ,428,924,1352,4191,4877,9068
00946400,TN TECHNOLOGY CTR AT PULASKI            ,TN,38478-4541,Public       ,23,79,102,113,269,382
00956700,TENNESSEE SCHOOL OF BEAUTY              ,TN,37921-3303,Proprietary  ,45,151,196,203,502,705
00971000,TENNESSEE TECHNOLOGY CENTER AT ONEIDA/HU,TN,37756-4149,Public       ,33,81,114,115,230,345
00991200,VOLUNTEER STATE COMMUNITY COLLEGE       ,TN,37066-3188,Public       ,754,1361,2115,4030,5803,9833
00991400,ROANE STATE COMMUNITY COLLEGE           ,TN,37748-8664,Public       ,480,1110,1590,3754,5134,8888
00998200,CRICHTON COLLEGE                        ,TN,38111-4745,Proprietary  ,61,324,385,249,1419,1668
01032600,TN TECHNOLOGY CTR AT HARRIMAN           ,TN,37748-1109,Public       ,45,81,126,175,357,532
01043900,SOUTHWEST TENNESSEE COMMUNITY COLLG     ,TN,38104-3322,Public       ,1831,4210,6041,8085,15905,23990
01044700,"PLAZA BEAUTY SCHOOL, INC.               ",TN,38117-4822,Proprietary  ,26,87,113,114,295,409
01046000,AMERICAN BAPTIST THEOLOGICAL SEMINA     ,TN,37207-4994,Private      ,8,53,61,34,182,216
01052900,MEMPHIS THEOLOGICAL SEMINARY            ,TN,38104-0000,Private      ,0,72,72,10,273,283
01070000,TN TECHNOLOGY CENTER AT JACKSBORO       ,TN,37757-2461,Public       ,16,61,77,154,292,446
01155300,WM R MOORE COLLEGE OF TECHNOLOGY        ,TN,38104-0000,Private      ,17,79,96,99,261,360
01216400,TENNESSEE TECHNICAL CNTR AT RIPLEY      ,TN,38063-7359,Public       ,9,53,62,50,290,340
01254700,EMMANUEL SCHOOL OF RELIGION             ,TN,37601-0000,Private      ,0,28,28,4,76,80
01269300,PELLISSIPPI STATE COMMUNITY COLLEGE     ,TN,37933-0990,Public       ,1235,1923,3158,5986,7151,13137
02069303,VATTEROTT COLLEGE -                     ,TN,38016-5877,Proprietary  ,33,120,153,151,579,730
02092800,TENNESSEE TECHNOLOGY CENTER AT WHITEVILL,TN,38075-0000,Public       ,33,63,96,127,281,408
02103500,TN TECHNOLOGY CTR AT MURFREESBORO       ,TN,37129-0000,Public       ,73,236,309,299,723,1022
02106400,O'MORE COLLEGE OF DESIGN                ,TN,37064-0000,Private      ,33,28,61,189,92,281
02125300,NASHVILLE CLG OF MEDICAL CAREERS        ,TN,37115-0000,Proprietary  ,14,84,98,48,240,288
02153100,JON NAVE UNIVERSITY OF COSMETOLOGY      ,TN,37013-3347,Proprietary  ,53,96,149,249,394,643
02157100,CONCORDE CAREER COLLEGE                 ,TN,38137-0000,Proprietary  ,114,437,551,470,1674,2144
02160307,INTERNATIONAL ACADEMY OF DESIGN & TECH  ,TN,37212-0000,Proprietary  ,69,140,209,414,669,1083
02188300,PENTECOSTAL THEOLOGICAL SEMINARY        ,TN,37320-0000,Private      ,1,46,47,2,181,183
02204200,"CHATTANOOGA COLLEGE - MEDICAL, DENTAL AN",TN,37411-0000,Proprietary  ,49,194,243,160,674,834
02237900,TN TECHNOLOGY CENTER AT PARIS           ,TN,38242-0000,Public       ,36,140,176,156,528,684
02255000,KNOXVILLE INSTITUTE OF HAIR DESIGN      ,TN,37917-0000,Proprietary  ,16,84,100,71,251,322
02257400,ARNOLD'S BEAUTY SCHOOL                  ,TN,38358-0000,Proprietary  ,8,23,31,30,60,90
02263104,ANTHEM COLLEGE - ANTHEM CAREER COLLEGE -,TN,37214-2531,Proprietary  ,10,53,63,60,174,234
02275500,REUBEN-ALLEN COLLEGE                    ,TN,37922-0000,Proprietary  ,15,52,67,74,148,222
02278700,MR WAYNES SCH OF UNISEX HAIR DESIGN     ,TN,38501-0000,Proprietary  ,11,24,35,27,67,94
02293900,VOLUNTEER BEAUTY ACADEMY-NASHVILLE      ,TN,37115-2112,Proprietary  ,5,24,29,15,67,82
02294000,VOLUNTEER BEAUTY ACADEMY-DYERSBURG      ,TN,38024-1622,Proprietary  ,12,41,53,28,109,137
02326200,KAPLAN CAREER INSTITUTE                 ,TN,37212-5318,Proprietary  ,76,310,386,266,1186,1452
02326300,MEDVANCE INSTITUTE                      ,TN,38501-4305,Proprietary  ,26,139,165,99,391,490
02335900,VOLUNTEER BEAUTY ACADEMY-NASHVILLE      ,TN,37209-3033,Proprietary  ,7,42,49,34,109,143
02539800,QUEEN CITY COLLEGE                      ,TN,37042-0000,Proprietary  ,16,67,83,64,255,319
02540000,TENNESSEE ACADEMY OF COSMETOLOGY        ,TN,38133-0000,Proprietary  ,26,87,113,79,237,316
02578200,NOSSI COLLEGE OF ART                    ,TN,37115-5138,Proprietary  ,41,85,126,274,315,589
02595000,FAYETTEVILLE BEAUTY SCHOOL              ,TN,37334-2909,Proprietary  ,18,44,62,32,72,104
02599710,VATTEROTT COLLEGE - MEMPHIS             ,TN,38132-1714,Proprietary  ,63,333,396,248,1306,1554
02605501,REMINGTON COLLEGE - MEMPHIS CAMPUS      ,TN,38132-0000,Proprietary  ,136,521,657,467,1652,2119
02609204,VATTEROTT COLLEGE - VATTEROTT CAREER COL,TN,38133-4727,Proprietary  ,39,168,207,130,633,763
02614200,MILLER MOTTE BUSINESS COLLEGE           ,TN,37040-6023,Proprietary  ,64,228,292,255,965,1220
02614203,MILLER - MOTTE TECHNICAL COLLEGE - CHATT,TN,37421-7220,Proprietary  ,62,201,263,220,786,1006
02614204,MILLER - MOTTE TECHNICAL COLLEGE - MADIS,TN,37072-1870,Proprietary  ,45,193,238,142,669,811
03001800,FREE WILL BAPTIST BIBLE COLLEGE         ,TN,37205-2498,Private      ,22,50,72,205,164,369
03008800,FRANKLIN ACADEMY                        ,TN,37312-3939,Private      ,6,31,37,27,90,117
03010606,VIRGINIA COLLEGE - SCH OF BUSNSS & HLTH ,TN,37411-5600,Proprietary  ,16,124,140,80,534,614
03024900,TENNESSEE ACADEMY OF COSMETOLOGY        ,TN,38125-3442,Proprietary  ,29,83,112,94,244,338
03061100,GENESIS CAREER COLLEGE OF LEBANON       ,TN,37087-2718,Proprietary  ,48,112,160,113,252,365
03076405,BRYMAN SCHOOL OF ARIZONA (THE) - ANTHEM ,TN,38134-7345,Proprietary  ,3,26,29,22,95,117
03079100,NORTH CENTRAL INSTITUTE                 ,TN,37042-3116,Proprietary  ,5,34,39,25,127,152
03088800,"WATKINS COLLEGE OF ART, DESIGN & FILM   ",TN,37228-1306,Private      ,46,46,92,528,305,833
03126900,STYLES & PROFILES BEAUTY COLLEGE        ,TN,38375-2109,Proprietary  ,3,12,15,12,25,37
03355400,RICHMONT GRADUATE UNIVERSITY            ,TN,37404-0000,Private      ,1,67,68,3,234,237
03440300,BAPTIST MEMORIAL COLLEGE OF HEALTH      ,TN,38104-3104,Private      ,68,297,365,814,1966,2780
03480303,MEDVANCE INSTITUTE - NASHVILLE          ,TN,37203-1536,Proprietary  ,52,270,322,175,832,1007
03513500,WILLIAMSON CHRISTIAN COLLEGE            ,TN,37067-8237,Private      ,8,47,55,23,89,112
03647300,NEW CONCEPTS SCHOOL OF COSMETOLOGY      ,TN,37311-7373,Proprietary  ,7,17,24,21,72,93
03683300,INTERNATIONAL BARBER & STYLE COLLEGE    ,TN,37209-0000,Proprietary  ,14,64,78,42,146,188
03701300,MEMPHIS INSTITUTE OF BARBERING          ,TN,38107-4334,Proprietary  ,29,113,142,108,310,418
03774400,SHEAR ACADEMY                           ,TN,38555-4177,Proprietary  ,4,11,15,12,62,74
03830300,SAE INSTITUTE OF TECHNOLOGY             ,TN,37203-4310,Proprietary  ,35,65,100,182,256,438
03840300,OXFORD GRADUATE SCHOOL                  ,TN,37321-6736,Private      ,0,12,12,3,33,36
03841300,CAREER BEAUTY COLLEGE                   ,TN,38464-3634,Proprietary  ,3,16,19,16,47,63
03920300,INSTITUTE OF HAIR DESIGN                ,TN,38310-1801,Proprietary  ,3,16,19,20,33,53
03930300,BUCHANAN BEAUTY COLLEGE                 ,TN,37160-2741,Proprietary  ,7,27,34,24,82,106
03982300,VISIBLE SCHOOL - MUSIC AND WORSHIPS ARTS,TN,38104-5814,Private      ,17,20,37,123,66,189
04035300,NAVE COSMETOLOGY ACADEMY                ,TN,38401-6335,Proprietary  ,16,40,56,50,124,174
04124100,ELITE COLLEGE OF COSMETOLOGY            ,TN,38351-1431,Proprietary  ,14,33,47,32,91,123
04157200,LOVE BEAUTY SCHOOL                      ,TN,37355-2950,Proprietary  ,13,41,54,24,76,100
04165000,MERIDIAN INSTITUTE OF SURGICAL ASSISTING,TN,37080-0758,Proprietary  ,0,69,69,3,182,185
04174600,NASHVILLE BARBER AND STYLE ACADEMY      ,TN,37208-2826,Proprietary  ,14,52,66,19,79,98
00353700,ABILENE CHRISTIAN UNIVERSITY            ,TX,79699-3701,Private      ,333,278,611,4561,1570,6131
00353900,ALVIN COMMUNITY COLLEGE                 ,TX,77511-4807,Public       ,330,741,1071,1342,2908,4250
00354000,AMARILLO COLLEGE                        ,TX,79109-2446,Public       ,704,1816,2520,3187,6751,9938
00354100,ANGELO STATE UNIVERSITY                 ,TX,76909-5069,Public       ,573,583,1156,6739,3312,10051
00354300,AUSTIN COLLEGE                          ,TX,75090-4440,Private      ,90,39,129,2344,268,2612
00354400,AUSTIN PRESBYTERIAN THEOLOGICAL SEM     ,TX,78705-5797,Private      ,1,12,13,1,142,143
00354500,BAYLOR UNIVERSITY                       ,TX,76798-1458,Private      ,845,565,1410,21867,5320,27187
00354600,COASTAL BEND COLLEGE                    ,TX,78102-2197,Public       ,334,599,933,1456,2197,3653
00354900,BLINN COLLEGE                           ,TX,77833-4098,Public       ,1708,1238,2946,11449,5279,16728
00355300,CISCO JUNIOR COLLEGE                    ,TX,76437-9803,Public       ,587,814,1401,2087,2793,4880
00355400,CLARENDON COLLEGE                       ,TX,79226-0000,Public       ,177,292,469,515,635,1150
00355600,COMMONWEALTH INST OF FUNERAL SVC        ,TX,77090-5918,Private      ,15,92,107,78,340,418
00355700,CONCORDIA UNIVERSITY TEXAS              ,TX,78726-4141,Private      ,170,652,822,1583,2327,3910
00355800,NORTH CENTRAL TEXAS COLLEGE             ,TX,76240-4699,Public       ,747,1247,1994,3094,4795,7889
00356000,DALLAS BAPTIST UNIVERSITY               ,TX,75211-9299,Private      ,371,1149,1520,2959,4150,7109
00356100,CEDAR VALLEY COLLEGE                    ,TX,75134-0000,Public       ,602,1481,2083,2157,4454,6611
00356200,DALLAS THEOLOGICAL SEM                  ,TX,75204-0000,Private      ,5,137,142,24,646,670
00356300,DEL MAR COLLEGE                         ,TX,78404-3897,Public       ,964,2121,3085,4961,8398,13359
00356400,EAST TEXAS BAPTIST UNIVERSITY           ,TX,75670-1423,Private      ,78,77,155,1598,451,2049
00356500,TEXAS A&M UNIVERSITY - COMMERCE         ,TX,75429-3011,Public       ,600,1637,2237,5114,7354,12468
00356800,FRANK PHILLIPS COLLEGE                  ,TX,79008-0000,Public       ,93,195,288,354,507,861
00357000,GRAYSON COUNTY COLLEGE                  ,TX,75020-8299,Public       ,441,1066,1507,1737,4097,5834
00357100,HARDIN-SIMMONS UNIVERSITY               ,TX,79698-6050,Private      ,166,158,324,2176,909,3085
00357200,TRINITY VALLEY COMMUNITY COLLEGE        ,TX,75751-2734,Public       ,529,1164,1693,2253,4479,6732
00357300,HILL COLLEGE                            ,TX,76645-2711,Public       ,232,367,599,867,1238,2105
00357301,HILL COLLEGE                            ,TX,76031-0000,Public       ,211,515,726,766,1857,2623
00357400,HOWARD COLLEGE                          ,TX,79720-0213,Public       ,329,632,961,1466,2627,4093
00357500,HOWARD PAYNE UNIVERSITY                 ,TX,76801-2715,Private      ,97,71,168,1414,370,1784
00357600,HOUSTON BAPTIST UNIVERSITY              ,TX,77074-3298,Private      ,268,412,680,4244,2365,6609
00357700,HUSTON - TILLOTSON UNIVERSITY           ,TX,78702-2795,Private      ,128,185,313,1065,748,1813
00357800,UNIVERSITY OF THE INCARNATE WORD        ,TX,78209-6398,Private      ,442,1004,1446,6101,5550,11651
00357900,JACKSONVILLE COLLEGE                    ,TX,75766-4759,Private      ,53,84,137,218,214,432
00358000,KILGORE COLLEGE                         ,TX,75662-3299,Public       ,568,1148,1716,2923,4680,7603
00358100,LAMAR UNIVERSITY-BEAUMONT               ,TX,77710-0042,Public       ,1059,2225,3284,7903,8463,16366
00358200,LAREDO COMMUNITY COLLEGE                ,TX,78040-4395,Public       ,943,1017,1960,5922,4216,10138
00358300,LEE COLLEGE                             ,TX,77520-4796,Public       ,418,975,1393,1737,4168,5905
00358400,LETOURNEAU UNIVERSITY                   ,TX,75607-0000,Private      ,98,593,691,1628,2719,4347
00358500,LON MORRIS COLLEGE                      ,TX,75766-2900,Private      ,151,71,222,824,263,1087
00358600,LUBBOCK CHRISTIAN UNIVERSITY            ,TX,79407-2099,Private      ,223,333,556,1527,1419,2946
00358800,UNIVERSITY OF MARY HARDIN-BAYLOR        ,TX,76513-2599,Private      ,144,231,375,3758,1491,5249
00359000,MCLENNAN COMMUNITY COLLEGE              ,TX,76708-1498,Public       ,805,1936,2741,4183,7827,12010
00359100,MCMURRY UNIVERSITY                      ,TX,79697-0001,Private      ,149,138,287,1599,716,2315
00359200,MIDWESTERN STATE UNIVERSITY             ,TX,76308-2099,Public       ,464,625,1089,4195,3174,7369
00359300,NAVARRO COLLEGE                         ,TX,75110-4818,Public       ,1215,2121,3336,4678,6555,11233
00359400,UNIVERSITY OF NORTH TEXAS               ,TX,76203-5017,Public       ,2503,3494,5997,28103,20170,48273
00359500,OBLATE SCHOOL OF THEOLOGY               ,TX,78216-0000,Private      ,1,2,3,7,29,36
00359600,ODESSA COLLEGE                          ,TX,79764-7127,Public       ,425,727,1152,1640,2658,4298
00359800,OUR LADY OF THE LAKE UNIVERSITY         ,TX,78207-4689,Private      ,111,538,649,2299,2945,5244
00359900,UNIVERSITY OF TEXAS - PAN AMERICAN      ,TX,78541-2999,Public       ,1144,1898,3042,16555,10067,26622
00360000,PANOLA COLLEGE                          ,TX,75633-2397,Public       ,223,577,800,924,1823,2747
00360100,PARIS JR COLLEGE                        ,TX,75460-6298,Public       ,603,1246,1849,1873,3527,5400
00360200,PAUL QUINN COLLEGE                      ,TX,75241-4398,Private      ,64,153,217,320,533,853
00360300,RANGER COLLEGE                          ,TX,76470-3298,Public       ,144,206,350,557,680,1237
00360305,RANGER COLLEGE-STEPHENVILE BEAUTY COLLEG,TX,76401-5136,Public       ,7,17,24,46,63,109
00360400,RICE UNIVERSITY                         ,TX,77251-1892,Private      ,264,449,713,9648,2741,12389
00360600,SAM HOUSTON STATE UNIVERSITY            ,TX,77340-0000,Public       ,1678,1654,3332,16473,8361,24834
00360700,ALAMO CMTY CLG DISTRICT PROGRAM         ,TX,78207-0000,Public       ,195,534,729,1292,2314,3606
00360800,ST PHILLIPS COLLEGE                     ,TX,78203-2098,Public       ,776,2305,3081,4813,10582,15395
00360900,SAN JACINTO CLG-CENTRAL-NORTH-SOUTH     ,TX,77501-0000,Public       ,2352,4100,6452,9152,14188,23340
00361000,SCHREINER UNIVERSITY                    ,TX,78028-5697,Private      ,64,119,183,1318,534,1852
00361100,SOUTH PLAINS COLLEGE                    ,TX,79336-6504,Public       ,950,1416,2366,4807,5331,10138
00361200,UNIV OF HOUSTON-DOWNTOWN                ,TX,77002-1001,Public       ,963,2331,3294,6630,11167,17797
00361300,SOUTHERN METHODIST UNIVERSITY           ,TX,75275-0181,Private      ,279,790,1069,7639,5538,13177
00361400,SOUTHWEST TEXAS JR COLLEGE              ,TX,78801-6221,Public       ,698,964,1662,2603,2945,5548
00361500,TEXAS STATE UNIVERSITY--SAN MARCOS      ,TX,78666-4602,Public       ,2443,2284,4727,30830,15777,46607
00361600,SOUTHWESTERN ASSEMBLIES OF GOD UNIV     ,TX,75165-2397,Private      ,309,339,648,1539,1171,2710
00361800,SOUTHWESTERN CHRISTIAN COLLEGE          ,TX,75160-3400,Private      ,72,42,114,214,128,342
00361900,SOUTHWESTERN ADVENTIST UNIVERSITY       ,TX,76059-1922,Private      ,133,124,257,677,429,1106
00362000,SOUTHWESTERN UNIVERSITY                 ,TX,78626-6111,Private      ,55,41,96,2331,281,2612
00362100,ST EDWARDS UNIVERSITY                   ,TX,78704-0000,Private      ,132,454,586,5137,2857,7994
00362300,ST MARY'S UNIV OF SAN ANTONIO           ,TX,78228-8500,Private      ,149,366,515,4403,3177,7580
00362400,STEPHEN F AUSTIN STATE UNIVERSITY       ,TX,75962-0001,Public       ,1379,1122,2501,14678,5142,19820
00362500,SUL ROSS STATE UNIVERSITY               ,TX,79832-0113,Public       ,253,594,847,1758,1987,3745
00362600,TARRANT COUNTY COLLEGE                  ,TX,76102-6599,Public       ,3729,7678,11407,16662,29405,46067
00362700,TEMPLE COLLEGE                          ,TX,76504-7435,Public       ,443,1389,1832,2026,5225,7251
00362800,TEXARKANA COLLEGE                       ,TX,75599-0001,Public       ,291,762,1053,1759,2798,4557
00363000,PRAIRIE VIEW A&M UNIVERSITY             ,TX,77446-2967,Public       ,970,1283,2253,10864,6140,17004
00363100,TARLETON STATE UNIVERSITY               ,TX,76402-0000,Public       ,842,1384,2226,7422,6443,13865
00363200,TEXAS A&M UNIVERSITY                    ,TX,77842-0000,Public       ,2687,1557,4244,40511,10246,50757
00363400,TEXAS STATE TECHNICAL CLG AT WACO       ,TX,76705-1695,Public       ,624,1251,1875,2757,4240,6997
00363500,TEXAS CHIROPRACTIC COLLEGE              ,TX,77505-1699,Private      ,2,65,67,21,360,381
00363600,TEXAS CHRISTIAN UNIVERSITY              ,TX,76129-0001,Private      ,546,586,1132,13502,4158,17660
00363700,JARVIS CHRISTIAN COLLEGE                ,TX,75765-1470,Private      ,126,53,179,583,221,804
00363800,TEXAS COLLEGE                           ,TX,75702-4500,Private      ,199,220,419,1077,811,1888
00363900,TEXAS A&M UNIVERSITY-KINGSVILLE         ,TX,78363-8203,Public       ,561,1167,1728,7769,6500,14269
00364100,TEXAS LUTHERAN UNIVERSITY               ,TX,78155-5999,Private      ,107,49,156,1991,346,2337
00364200,TEXAS SOUTHERN UNIVERSITY               ,TX,77004-4598,Public       ,1398,2823,4221,9998,13028,23026
00364400,TEXAS TECH UNIVERSITY                   ,TX,79409-0000,Public       ,2355,2013,4368,24840,11290,36130
00364500,TEXAS WESLEYAN UNIVERSITY               ,TX,76105-1536,Private      ,168,559,727,1361,3843,5204
00364600,TEXAS WOMAN'S UNIVERSITY                ,TX,76204-5587,Public       ,515,1663,2178,6883,11932,18815
00364700,TRINITY UNIVERSITY                      ,TX,78212-7200,Private      ,145,103,248,3575,745,4320
00364800,TYLER JUNIOR COLLEGE                    ,TX,75701-3436,Public       ,1288,1801,3089,7593,7763,15356
00365100,UNIVERSITY OF DALLAS                    ,TX,75062-4799,Private      ,152,335,487,2015,1440,3455
00365200,UNIVERSITY OF HOUSTON                   ,TX,77204-2010,Public       ,3014,4778,7792,33035,28525,61560
00365400,UNIVERSITY OF ST THOMAS                 ,TX,77006-4626,Private      ,120,662,782,1506,2330,3836
00365600,UNIVERSITY OF TEXAS-ARLINGTON           ,TX,76019-0000,Public       ,1519,4194,5713,20925,25826,46751
00365800,UNIVERSITY OF TEXAS-AUSTIN              ,TX,78713-7758,Public       ,1703,2115,3818,41975,21286,63261
00365900,UT HEALTH CENTER-SAN ANTONIO            ,TX,78229-3900,Public       ,76,365,441,993,3701,4694
00366100,UNIVERSITY OF TEXAS-EL PASO             ,TX,79968-0629,Public       ,1481,2736,4217,14856,12617,27473
00366200,VICTORIA COLLEGE                        ,TX,77901-4494,Public       ,317,795,1112,1630,3032,4662
00366300,WAYLAND BAPTIST UNIVERSITY              ,TX,79072-6998,Private      ,236,1192,1428,1416,3750,5166
00366400,WEATHERFORD COLLEGE                     ,TX,76086-5699,Public       ,388,815,1203,2225,3451,5676
00366500,WEST TEXAS A&M UNIVERSITY               ,TX,79016-0000,Public       ,625,889,1514,5527,3733,9260
00366800,WHARTON COUNTY JR COLLEGE               ,TX,77488-3298,Public       ,621,941,1562,2712,3296,6008
00366900,WILEY COLLEGE                           ,TX,75670-5199,Private      ,258,281,539,1031,886,1917
00400300,CENTRAL TEXAS COLLEGE                   ,TX,76540-4199,Public       ,793,4665,5458,2787,14838,17625
00407221,NORTHWOOD UNIVERSITY                    ,TX,75104-0000,Private      ,60,219,279,565,813,1378
00445300,EL CENTRO COLLEGE                       ,TX,75202-0000,Public       ,888,3048,3936,4186,10998,15184
00450303,EVEREST COLLEGE - FORT WORTH SOUTH      ,TX,76115-1407,Proprietary  ,47,289,336,157,769,926
00481102,EVEREST INSTITUTE - EVEREST COLLEGE     ,TX,76011-6630,Proprietary  ,57,224,281,158,672,830
00494800,TEXAS A&M UNIV SYSTEM HEALTH SCI CT     ,TX,77840-7896,Public       ,99,207,306,1461,2188,3649
00494900,BAYLOR COLLEGE OF MEDICINE              ,TX,77030-0000,Private      ,66,209,275,547,1702,2249
00495100,UNIV OF TEXAS HEALTH SCIENCE CENTER     ,TX,77225-0000,Public       ,50,425,475,562,3726,4288
00495200,UNIV OF TEXAS MEDICAL BRANCH            ,TX,77550-0000,Public       ,45,326,371,463,2617,3080
00497200,GALVESTON COLLEGE                       ,TX,77550-7447,Public       ,377,532,909,1085,1835,2920
00497700,SOUTH TEXAS COLLEGE OF LAW              ,TX,77002-0000,Private      ,5,124,129,50,2057,2107
00660600,BAPTIST HS SCHOOL OF HEALTH PROFESSIONS ,TX,78229-3234,Proprietary  ,20,159,179,176,1137,1313
00661200,COVENANT SCH OF NSG & ALLIED HEALTH     ,TX,79410-0000,Private      ,12,51,63,128,390,518
00666100,ANGELINA COLLEGE                        ,TX,75902-0000,Public       ,577,1180,1757,2285,3781,6066
00694100,DALLAS CHRISTIAN COLLEGE                ,TX,75234-7229,Private      ,72,132,204,322,463,785
00709600,COLLEGE OF THE MAINLAND                 ,TX,77591-2499,Public       ,387,988,1375,1183,3057,4240
00728700,BRAZOSPORT COLLEGE                      ,TX,77566-3199,Public       ,271,510,781,1333,1926,3259
00732907,ITT TECHNICAL INSTITUTE                 ,TX,77063-3751,Proprietary  ,55,188,243,226,595,821
00732913,ITT TECHNICAL INSTITUTE                 ,TX,76011-3919,Proprietary  ,130,512,642,318,1103,1421
00732975,ITT TECHNICAL INSTITUTE                 ,TX,78249-3303,Proprietary  ,86,391,477,289,978,1267
00754805,WESTWOOD COLLEGE OF TECHNOLOGY          ,TX,77074-0000,Proprietary  ,23,72,95,170,409,579
00793804,LINCOLN COLLEGE OF TECHNOLOGY - GRAND PR,TX,75052-7605,Proprietary  ,185,283,468,674,732,1406
00849800,MIMS CLASSIC BEAUTY COLLEGE             ,TX,78216-0000,Proprietary  ,8,32,40,40,93,133
00850300,MOUNTAIN VIEW COLLEGE                   ,TX,75211-6599,Public       ,819,1748,2567,3739,6062,9801
00850400,RICHLAND COLLEGE                        ,TX,75243-2199,Public       ,1176,2456,3632,4871,8419,13290
00851000,EASTFIELD COLLEGE                       ,TX,75150-2099,Public       ,961,2354,3315,3984,8023,12007
00907905,EVEREST COLLEGE                         ,TX,75206-5209,Proprietary  ,128,474,602,423,1604,2027
00908200,INTERNATIONAL BUSINESS COLLEGE          ,TX,79903-0000,Proprietary  ,48,186,234,140,474,614
00916300,SAN ANTONIO COLLEGE                     ,TX,78212-4299,Public       ,1947,4010,5957,12117,19894,32011
00922500,TEXAS STATE TECHNICAL COLLEGE  HARLINGEN,TX,78550-3697,Public       ,591,1008,1599,3337,3944,7281
00946600,KAPLAN COLLEGE                          ,TX,78216-1899,Proprietary  ,77,326,403,237,1108,1345
00946607,KAPLAN COLLEGE - MCALLEN                ,TX,78503-1622,Proprietary  ,114,240,354,397,719,1116
00946609,KAPLAN COLLEGE - CAREER CENTERS OF TEXAS,TX,78416-9900,Proprietary  ,49,197,246,196,729,925
00946610,KAPLAN COLLEGE - CAREER CENTERS OF TEXAS,TX,76103-2310,Proprietary  ,47,207,254,154,653,807
00954900,WESTERN TEXAS COLLEGE                   ,TX,79549-9501,Public       ,154,143,297,655,524,1179
00965100,TEXAS A&M INTERNATIONAL UNIVERSITY      ,TX,78041-1900,Public       ,432,734,1166,5177,3349,8526
00974100,UNIVERSITY OF TEXAS AT DALLAS           ,TX,75083-0000,Public       ,770,1819,2589,8913,9696,18609
00976800,UNIVERSITY OF NORTH TEXAS HEALTH SCIENCE,TX,76107-2699,Public       ,34,203,237,317,2193,2510
00979700,MIDLAND COLLEGE                         ,TX,79705-6397,Public       ,407,798,1205,1723,2804,4527
00982802,EVEREST INSTITUTE- AUSTIN               ,TX,78754-0000,Proprietary  ,108,411,519,267,993,1260
00993000,UNIVERSITY OF TEXAS-PERMIAN BASIN       ,TX,79762-0001,Public       ,328,626,954,1862,2296,4158
00993200,TEXAS STATE TECH CLG-WEST TEXAS         ,TX,79556-4108,Public       ,65,192,257,310,719,1029
00993201,TEXAS STATE TECH COLLEGE-ABILENE        ,TX,79601-0000,Public       ,46,127,173,202,500,702
00993204,TEXAS STATE TECH CLG-BRECKENRIDGE       ,TX,76424-0000,Public       ,6,41,47,35,134,169
00993205,TEXAS STATE TECH COLLEGE-BROWNWOOD      ,TX,76801-0000,Public       ,14,65,79,82,293,375
01001900,UNIV OF TEXAS SOUTHWESTERN MED CTR      ,TX,75390-9096,Public       ,36,182,218,295,2076,2371
01005700,AMERICAN COMMERCIAL COLLEGE             ,TX,79602-1399,Proprietary  ,19,102,121,46,286,332
01005900,AMERICAN COMMERCIAL COLLEGE             ,TX,79761-0000,Proprietary  ,18,80,98,36,169,205
01005901,AMERICAN COMMERCIAL COLLEGE - AMERICAN C,TX,76310-2303,Proprietary  ,16,154,170,31,353,384
01006000,VERNON COLLEGE                          ,TX,76384-4092,Public       ,195,528,723,1144,2580,3724
01011500,UNIVERSITY OF TEXAS-SAN ANTONIO         ,TX,78249-0600,Public       ,1977,2550,4527,31586,18297,49883
01013000,WADE COLLEGE                            ,TX,75207-3199,Proprietary  ,52,76,128,199,313,512
01038700,EL PASO COMMUNITY COLLEGE               ,TX,79998-0000,Public       ,2590,4140,6730,14349,16578,30927
01050900,HALLMARK COLLEGE OF AERONAUTICS         ,TX,78214-0000,Proprietary  ,82,332,414,195,1010,1205
01063300,HOUSTON COMMUNITY COLLEGE               ,TX,77002-0000,Public       ,5469,13580,19049,22570,49328,71898
01067400,TEXAS TECH U HEALTH SCIENCES CENTER     ,TX,79430-0000,Public       ,129,489,618,1102,4164,5266
01076100,DALLAS INSTITUTE OF FUNERAL SERVICE     ,TX,75227-4314,Private      ,16,100,116,62,345,407
01114500,LONE STAR COLLEGE SYSTEM                ,TX,77073-3499,Public       ,4858,9373,14231,18119,33019,51138
01116100,TEXAS A&M UNIV CORPUS CHRISTI           ,TX,78412-5599,Public       ,732,1111,1843,9252,5712,14964
01116300,UNIVERSITY OF TEXAS AT TYLER            ,TX,75799-6699,Public       ,521,934,1455,4472,4652,9124
01171100,UNIVERSITY OF HOUSTON-CLEAR LAKE        ,TX,77058-1002,Public       ,344,1549,1893,1942,7374,9316
01201500,AUSTIN COMMUNITY COLLEGE                ,TX,78752-4390,Public       ,2349,5519,7868,15290,26643,41933
01202000,VICTORIA BEAUTY COLLEGE                 ,TX,77901-6233,Proprietary  ,28,59,87,43,106,149
01226800,BALDWIN BEAUTY SCHOOL #5                ,TX,78704-4785,Proprietary  ,35,108,143,114,304,418
01229700,LAREDO BEAUTY COLLEGE                   ,TX,78040-1051,Proprietary  ,33,118,151,97,220,317
01248200,ATI TECHNICAL TRAINING CENTER           ,TX,75235-4622,Proprietary  ,102,380,482,441,1816,2257
01248209,ATI CAREER TRAINING CENTER - GARLAND    ,TX,75041-2497,Proprietary  ,16,54,70,51,185,236
01248210,ATI CAREER TRAINING CENTER - WACO       ,TX,76711-1682,Proprietary  ,15,74,89,73,298,371
01248300,COSMETOLOGY CAREER CENTER-A PAUL MITCHEL,TX,75006-2567,Proprietary  ,115,204,319,274,444,718
01248800,INTERNATIONAL BEAUTY COLLEGE NO 3       ,TX,75040-0000,Proprietary  ,2,11,13,14,76,90
01276400,METROPLEX BEAUTY SCHOOL                 ,TX,75149-0000,Proprietary  ,9,62,71,18,109,127
01293000,CHARLES & SUE'S SCH OF HAIR DESIGN      ,TX,77801-0000,Proprietary  ,23,36,59,43,91,134
01293200,TINT SCHOOL OF MAKEUP & COSMETOLOGY     ,TX,75061-4235,Proprietary  ,13,36,49,27,92,119
01300300,NEILSON BEAUTY COLLEGE                  ,TX,75208-4637,Proprietary  ,2,23,25,15,84,99
01301600,OGLE SCHOOL HAIR SKIN NAILS             ,TX,76013-7400,Proprietary  ,63,145,208,175,457,632
01303912,SOUTH UNIVERSITY - THE ART INSTITUTE OF ,TX,75231-5993,Proprietary  ,185,292,477,1473,1513,2986
01323100,UNIVERSITY OF HOUSTON-VICTORIA          ,TX,77901-5731,Public       ,149,792,941,1467,3429,4896
02058600,CONLEE'S COLLEGE OF COSMETOLOGY         ,TX,78028-0000,Proprietary  ,7,9,16,21,31,52
02069302,VATTEROTT COLLEGE - VATTEROTT EDUCATION ,TX,75220-5441,Proprietary  ,0,29,29,39,261,300
02074100,CAPITOL CITY TRADE & TECHNICAL SCH      ,TX,78704-0000,Proprietary  ,71,171,242,183,413,596
02077400,NORTH LAKE COLLEGE                      ,TX,75038-0000,Public       ,605,1417,2022,2682,5069,7751
02081400,ARLINGTON BAPTIST COLLEGE               ,TX,76012-0000,Private      ,61,88,149,189,284,473
02093600,SOUTHWEST SCHOOL OF ELECTRONIC          ,TX,78735-0000,Proprietary  ,9,27,36,32,80,112
02098300,WESTERN TECHNICAL COLLEGE               ,TX,79927-2105,Proprietary  ,181,467,648,672,1444,2116
02100200,BROOKHAVEN COLLEGE                      ,TX,75244-0000,Public       ,605,1703,2308,2637,6399,9036
02113610,AMERICAN INTERCONTINENTAL UNIV - HOUSTON,TX,77042-4516,Proprietary  ,39,242,281,192,926,1118
02116008,SANFORD-BROWN COLLEGE - HOUSTON         ,TX,77042-8900,Proprietary  ,142,544,686,345,1460,1805
02116012,SANFORD-BROWN COLLEGE - HOUSTON NORTH LO,TX,77008-1058,Proprietary  ,42,180,222,108,561,669
02117100,ART INSTITUTE OF HOUSTON                ,TX,77056-0000,Proprietary  ,946,1046,1992,4393,4206,8599
02119200,COURT REPORTING INSTITUTE OF DALLAS     ,TX,75247-6913,Proprietary  ,13,184,197,63,746,809
02119202,COURT REPORTING INSTIUTE OF DALLAS - COU,TX,77040-6315,Proprietary  ,3,27,30,22,179,201
02128302,INSTITUTE FOR BUSINESS & TECHNOLOGY - LA,TX,78230-2520,Proprietary  ,46,135,181,113,417,530
02136800,AMERICAN COMMERCIAL COLLEGE             ,TX,76904-0000,Proprietary  ,12,111,123,39,220,259
02144800,VET TECH INSTITUTE OF HOUSTON           ,TX,77027-9881,Proprietary  ,77,82,159,268,269,537
02176100,PIPO ACADEMY OF HAIR DESIGN             ,TX,79903-0000,Proprietary  ,11,31,42,33,100,133
02200800,AMERICAN COMMERCIAL COLLEGE             ,TX,79411-0000,Proprietary  ,9,116,125,25,200,225
02218300,SOUTHWEST SCHOOL OF BUSINESS & TECHNICAL,TX,78221-0000,Proprietary  ,55,212,267,122,415,537
02218305,SOUTHWEST SCHOOL OF BUSINESS AND TECHNIC,TX,78501-6053,Proprietary  ,16,45,61,51,108,159
02218306,SOUTHWEST SCHOOL OF BUSINESS AND TECHNIC,TX,78413-2045,Proprietary  ,8,37,45,35,127,162
02224600,TRI-STATE BEAUTY SCHOOL #1              ,TX,79915-0000,Proprietary  ,26,119,145,104,340,444
02230500,OGLE SCHOOL HAIR SKIN NAILS             ,TX,76132-3638,Proprietary  ,115,231,346,298,778,1076
02230600,OGLE SCHOOL HAIR SKIN NAILS             ,TX,76053-4650,Proprietary  ,37,63,100,90,188,278
02239100,CENTRAL TEXAS BEAUTY COLLEGE #2         ,TX,78664-4204,Proprietary  ,25,93,118,64,230,294
02248200,MILAN INSTITUTE OF COSMETOLOGY          ,TX,79103-0000,Proprietary  ,303,814,1117,737,2110,2847
02254800,TEXAS VOCATIONAL SCHOOLS                ,TX,77901-0000,Proprietary  ,22,51,73,52,136,188
02259400,AMBERTON UNIVERSITY                     ,TX,75041-0000,Private      ,8,98,106,36,333,369
02261300,EVEREST INSTITUTE                       ,TX,78213-3841,Proprietary  ,67,268,335,140,681,821
02261302,EVEREST INSTITUTE - HOUSTON GREENSPOINT ,TX,77060-3249,Proprietary  ,55,219,274,150,621,771
02261303,EVEREST INSTITUTE - HOUSTON HOBBY       ,TX,77087-2737,Proprietary  ,56,214,270,147,581,728
02267100,EXPOSITO SCHOOL OF HAIR DESIGN          ,TX,79109-0000,Proprietary  ,8,19,27,31,64,95
02276000,FRANKLIN BEAUTY SCHOOL #2               ,TX,77021-0000,Proprietary  ,20,78,98,60,197,257
02285900,UNIVERSITY OF COSMETOLOGY ARTS&SCI      ,TX,78504-0000,Proprietary  ,60,180,240,154,359,513
02294800,CAPITOL CITY CAREERS                    ,TX,78745-0000,Proprietary  ,11,81,92,41,216,257
02298501,EVEREST COLLEGE- FORT WORTH             ,TX,76137-2472,Proprietary  ,42,280,322,126,658,784
02305300,PARKER COLLEGE OF CHIROPRACTIC          ,TX,75229-0000,Private      ,10,133,143,64,1089,1153
02306700,FORT WORTH BEAUTY SCHOOL                ,TX,76116-3299,Proprietary  ,23,102,125,56,230,286
02312200,TEXAS SCHOOL OF BUSINESS                ,TX,77073-6032,Proprietary  ,66,245,311,225,810,1035
02312201,TEXAS SCHOOL OF BUSINESS - SOUTHWEST CAM,TX,77057-5914,Proprietary  ,32,145,177,110,425,535
02312202,TEXAS SCHOOL OF BUSINESS - FRIENDSWOOD C,TX,77546-8938,Proprietary  ,23,87,110,64,335,399
02312203,TEXAS SCHOOL OF BUSINESS - EAST CAMPUS  ,TX,77029-1916,Proprietary  ,16,98,114,71,293,364
02313901,WESTWOOD COLLEGE - DALLAS               ,TX,75243-0000,Proprietary  ,50,182,232,280,772,1052
02315400,NORTHEAST TEXAS COMMUNITY COLLEGE       ,TX,75456-0000,Public       ,386,702,1088,1471,2154,3625
02318200,"KD STUDIO, ACTOR'S CONSERVATORY         ",TX,75207-2111,Proprietary  ,42,50,92,161,226,387
02320200,HOUSTON GRADUATE SCHOOL OF THEOLOGY     ,TX,77092-0000,Private      ,0,56,56,5,189,194
02326000,SAN ANTONIO BEAUTY COLLEGE NO 3         ,TX,78217-0000,Proprietary  ,8,53,61,43,105,148
02331200,BAPTIST MISSIONARY ASSN THEOL SEM       ,TX,75766-0000,Private      ,2,20,22,15,62,77
02331300,INTERACTIVE LEARNING SYSTEMS            ,TX,77502-1201,Proprietary  ,18,117,135,22,165,187
02331301,INTERACTIVE LEARNING SYSTEMS            ,TX,77081-0000,Proprietary  ,42,188,230,71,396,467
02331304,INTERACTIVE LEARNING SYSTEMS            ,TX,77060-0000,Proprietary  ,9,121,130,21,273,294
02341300,PALO ALTO COLLEGE                       ,TX,78224-0000,Public       ,785,1520,2305,4729,6705,11434
02348500,LAMAR STATE COLLEGE-PORT ARTHUR         ,TX,77640-0000,Public       ,247,546,793,1028,2052,3080
02357700,ACADEMY OF HAIR DESIGN                  ,TX,77043-3412,Proprietary  ,65,189,254,170,439,609
02358200,LAMAR STATE COLLEGE-ORANGE              ,TX,77630-0000,Public       ,240,653,893,900,2087,2987
02361400,COLLIN COUNTY COMMUNITY COLLEGE         ,TX,75071-0000,Public       ,1595,2883,4478,6781,11197,17978
02362000,UNIVERSAL TECHNICAL INSTITUTE           ,TX,77073-0000,Proprietary  ,722,683,1405,4978,3208,8186
02362800,AUSTIN GRADUATE SCHOOL OF THEOLOGY      ,TX,78752-1333,Private      ,2,31,33,10,91,101
02521200,ARLINGTON CAREER INSTITUTE              ,TX,75050-0000,Proprietary  ,13,122,135,42,355,397
02521800,SEGUIN BEAUTY SCHOOL                    ,TX,78155-0000,Proprietary  ,20,20,40,54,81,135
02527500,HOUSTON TRAINING SCHOOLS                ,TX,77029-0000,Proprietary  ,87,536,623,143,830,973
02530700,SEBRING CAREER SCHOOLS                  ,TX,77083-1510,Proprietary  ,5,59,64,9,74,83
02548800,SOUTH TEXAS VO-TECH INSTITUTE           ,TX,78596-0000,Proprietary  ,81,133,214,246,556,802
02548802,SOUTH TEXAS VOCATIONAL TECHNICAL INSTITU,TX,78520-8710,Proprietary  ,68,94,162,256,412,668
02549400,SOUTH TEXAS VO-TECH INSTITUTE           ,TX,78501-0000,Proprietary  ,223,404,627,635,1348,1983
02549402,SOUTH TEXAS VOCATIONAL TECHNICAL INSTITU,TX,78416-1141,Proprietary  ,10,38,48,78,280,358
02555400,UNIV OF TX MD ANDERSON CANCER CTR       ,TX,77030-0000,Public       ,14,83,97,124,486,610
02568100,TEXAS BARBER COLLEGES & HAIRSTYLING     ,TX,75208-0000,Proprietary  ,110,429,539,343,1214,1557
02569300,LE CORDON BLEU COLLEGE OF CULINARY ARTS ,TX,78758-3647,Proprietary  ,412,1535,1947,1659,5174,6833
02572000,COMPUTER CAREER CENTER                  ,TX,79925-2021,Proprietary  ,111,451,562,345,1313,1658
02572004,COMPUTER CAREER CENTER - AMARILLO CAMPUS,TX,79101-2404,Proprietary  ,21,118,139,60,309,369
02572005,COMPUTER CAREER CENTER - LUBBOCK CAMPUS ,TX,79414-3517,Proprietary  ,44,134,178,81,403,484
02580100,IVERSON BUSINESS SCH & COURT REPORT     ,TX,76011-1344,Proprietary  ,17,83,100,43,262,305
02591100,CAREER POINT COLLEGE                    ,TX,78201-2027,Proprietary  ,108,769,877,279,1960,2239
02591900,KAPLAN COLLEGE                          ,TX,79907-1525,Proprietary  ,104,298,402,354,1067,1421
02591905,KAPLAN COLLEGE - BROWNSVILLE            ,TX,78521-9905,Proprietary  ,49,137,186,174,405,579
02596400,REDSTONE COLLEGE - LOS ANGELES          ,TX,77061-0000,Proprietary  ,53,99,152,160,307,467
02596500,ATI CAREER TRAINING CENTER              ,TX,76180-1599,Proprietary  ,145,431,576,431,1824,2255
02596503,ATI- CAREER TRAINING CENTER - HOUSTON (#,TX,77029-1978,Proprietary  ,40,144,184,132,549,681
02596600,ATI-CAREER TRAINING CENTER              ,TX,75220-4443,Proprietary  ,59,169,228,279,967,1246
02596601,ATI CAREER TRAINING CENTER - RICHARDSON ,TX,75081-1948,Proprietary  ,4,29,33,37,148,185
02596602,ATI CAREER TRAINING CENTER - DALLAS (STE,TX,75247-6103,Proprietary  ,36,204,240,161,706,867
02600200,OCEAN CORPORATION (THE)                 ,TX,77099-3479,Proprietary  ,48,224,272,144,652,796
02600907,AVEDA INSTITUTE COVINGTON - DALLAS      ,TX,75231-0000,Proprietary  ,0,1,1,0,1,1
02604700,CENTER FOR ADVANCED LEGAL STUDIES       ,TX,77098-4151,Proprietary  ,7,138,145,27,412,439
02606202,EVEREST COLLEGE - EVEREST INSTITUTE - BI,TX,77036-8014,Proprietary  ,80,398,478,261,1077,1338
02615000,SANFORD-BROWN COLLEGE                   ,TX,75247-6931,Proprietary  ,249,684,933,590,2285,2875
03009400,SW SCH BUS & TECH CAREERS               ,TX,78212-2840,Proprietary  ,17,87,104,33,161,194
03010604,VIRGINIA COLLEGE - VIRGINIA COLLEGE AT A,TX,78723-0000,Proprietary  ,51,283,334,209,1161,1370
03011800,UNIVERSITY OF COSMETOLOGY ARTS & SCIENCE,TX,78226-1160,Proprietary  ,13,47,60,59,131,190
03019800,PCI HEALTH TRAINING CENTER              ,TX,75247-4720,Proprietary  ,97,274,371,277,685,962
03021500,SW SCH BUS & TECH CAREERS               ,TX,78852-4859,Proprietary  ,22,59,81,104,169,273
03025000,TEXAS COLLEGE OF COSMETOLOGY            ,TX,79605-2001,Proprietary  ,24,109,133,61,218,279
03025001,TEXAS COLLEGE OF COSMETOLOGY - SAN ANGEL,TX,76903-4708,Proprietary  ,13,62,75,38,133,171
03026500,REMINGTON COLLEGE - HOUSTON CAMPUS      ,TX,77082-1849,Proprietary  ,410,1093,1503,796,2381,3177
03026501,REMINGTON COLLEGE - NORTH HOUSTON CAMPUS,TX,77067-1849,Proprietary  ,30,98,128,100,335,435
03026505,REMINGTON COLLEGE - HOUSTON CAMPUS - DAL,TX,75041-9935,Proprietary  ,15,96,111,87,280,367
03026506,REMINGTON COLLEGE - FT. WORTH CAMPUS    ,TX,76112-1280,Proprietary  ,108,258,366,200,598,798
03028800,CIRCLE J BEAUTY SCHOOL                  ,TX,77587-3714,Proprietary  ,23,65,88,38,161,199
03031408,INTERNATIONAL ACADEMY OF DESIGN & TECHNO,TX,78229-2263,Proprietary  ,78,147,225,292,684,976
03032300,SCHOOL OF AUTOMOTIVE MACHINISTS         ,TX,77055-1803,Proprietary  ,27,51,78,123,188,311
03035200,TINT SCHOOL OF MAKEUP & COSMETOLOGY     ,TX,75229-3734,Proprietary  ,25,94,119,86,260,346
03035300,SOUTHERN CAREERS INSTITUTE              ,TX,78704-5252,Proprietary  ,348,1664,2012,449,2290,2739
03035301,SOUTHERN CAREERS INSTITUTE-PHARR        ,TX,78577-2118,Proprietary  ,44,223,267,61,247,308
03035302,SOUTHERN CAREERS INSTITUTE - CORPUS CHRI,TX,78414-2904,Proprietary  ,43,282,325,80,383,463
03035303,SOUTHERN CAREERS INSTITUTE - SAN ANTONIO,TX,78221-4351,Proprietary  ,4,35,39,37,199,236
03035305,SOUTHERN CAREERS INSTITUTE - BROWNSVILLE,TX,78520-8680,Proprietary  ,3,6,9,18,41,59
03035306,SOUTHERN CAREERS INSTITUTE - HARLINGEN  ,TX,78550-7911,Proprietary  ,5,11,16,36,49,85
03035307,SOUTHERN CAREERS INSTITUTE - CORPUS CHRI,TX,78410-1609,Proprietary  ,7,19,26,28,67,95
03061800,STAR COLLEGE OF COSMETOLOGY             ,TX,75702-8214,Proprietary  ,22,51,73,83,178,261
03064600,UNIVERSITY OF TEXAS AT BROWNSVILLE      ,TX,78520-4993,Public       ,755,1448,2203,8935,8714,17649
03073402,ITT TECHNICAL INSTITUTE                 ,TX,75080-2208,Proprietary  ,0,2,2,0,3,3
03075400,ICC TECHNICAL INSTITUTE                 ,TX,77004-2930,Private      ,7,57,64,32,143,175
03076403,BRYMAN SCHOOL OF ARIZONA (THE) - ANTHEM ,TX,75038-4201,Proprietary  ,2,11,13,14,66,80
03079201,WESTWOOD COLLEGE OF TECHNOLOGY          ,TX,76180-0000,Proprietary  ,9,27,36,78,276,354
03103400,SOUTH TEXAS COLLEGE                     ,TX,78501-6699,Public       ,2840,4214,7054,13687,13503,27190
03108700,ROYAL BEAUTY CAREERS                    ,TX,77069-4611,Proprietary  ,54,157,211,101,336,437
03111000,MID-CITIES BARBER COLLEGE               ,TX,75051-4810,Proprietary  ,30,87,117,58,177,235
03115800,KAPLAN COLLEGE                          ,TX,78238-4203,Proprietary  ,76,284,360,232,1063,1295
03115802,KAPLAN COLLEGE - LAREDO                 ,TX,78041-6181,Proprietary  ,48,105,153,123,310,433
03115803,KAPLAN COLLEGE-BEAUMONT                 ,TX,77701-3706,Proprietary  ,39,206,245,130,596,726
03115804,KAPLAN COLLEGE - LUBBOCK                ,TX,79401-2601,Proprietary  ,59,213,272,156,595,751
03128100,ACADEMY OF HEALTH CARE PROFESSIONS      ,TX,77092-8108,Proprietary  ,155,490,645,347,1164,1511
03144300,NATIONAL BEAUTY COLLEGE                 ,TX,75043-4046,Proprietary  ,6,17,23,10,42,52
03153300,AMER COLL OF ACUPUNCTURE & O.M.         ,TX,77063-4104,Proprietary  ,2,45,47,6,127,133
03156400,ACADEMY OF ORIENTAL MEDICINE AT AUSTIN  ,TX,78757-1132,Proprietary  ,5,64,69,25,290,315
03159300,ARLINGTON MEDICAL INSTITUTE             ,TX,76011-0000,Proprietary  ,18,97,115,94,314,408
03170300,TEXAS A&M UNIVERSITY-TEXARKANA          ,TX,75501-0000,Public       ,153,424,577,1016,1943,2959
03179500,TEXAS COLG TRADITIONAL CHINESE MED      ,TX,78704-6748,Proprietary  ,1,44,45,4,122,126
03189400,COLLEGE OF SAINT THOMAS MORE            ,TX,76109-2323,Private      ,3,18,21,40,73,113
03237400,FARIS COMPUTER SCHOOL                   ,TX,77627-3829,Proprietary  ,0,6,6,4,9,13
03272300,KAPLAN COLLEGE                          ,TX,75234-7288,Proprietary  ,63,293,356,190,993,1183
03272301,KAPLAN COLLEGE - MIDLAND                ,TX,79703-5531,Proprietary  ,24,134,158,86,387,473
03272303,KAPLAN COLLEGE - ARLINGTON              ,TX,76010-8121,Proprietary  ,74,269,343,195,842,1037
03275300,TOUCH OF CLASS SCHOOL OF COSM           ,TX,75402-6314,Proprietary  ,17,42,59,36,95,131
03276300,ACADEMY OF HAIR DESIGN                  ,TX,75901-4900,Proprietary  ,24,101,125,54,161,215
03277300,ACADEMY OF HAIR DESIGN                  ,TX,77701-4650,Proprietary  ,21,77,98,39,144,183
03303300,NORTHWEST EDUCATIONAL CENTER            ,TX,77092-7055,Proprietary  ,29,132,161,52,247,299
03371300,TONI&GUY HAIRDRESSING ACADEMY           ,TX,75006-2351,Proprietary  ,49,72,121,131,225,356
03372300,NORTHWEST VISTA COLLEGE                 ,TX,78251-4217,Public       ,1390,2062,3452,8404,9742,18146
03396500,TEXAS STATE TECHNICAL COLG/MARSHALL     ,TX,75672-7402,Public       ,113,172,285,407,569,976
03400300,CAREER QUEST                            ,TX,78229-3539,Proprietary  ,10,163,173,33,383,416
03412300,ADVANCED BARBER COLLEGE & HAIR DESI     ,TX,78596-0000,Proprietary  ,22,89,111,51,193,244
03416500,DALLAS NURSING INSTITUTE                ,TX,75243-5502,Proprietary  ,73,499,572,329,2087,2416
03422300,MILAN INSTITUTE                         ,TX,78238-4103,Proprietary  ,258,696,954,717,1709,2426
03422400,COLLEGE OF BIBLICAL STUDIES-HOUSTON     ,TX,77036-3211,Private      ,23,240,263,66,746,812
03424400,MEDVANCE INSTITUTE                      ,TX,77057-7386,Proprietary  ,119,444,563,345,1166,1511
03426300,CAREER ADVANCEMENT CENTER               ,TX,78752-1470,Proprietary  ,26,81,107,53,226,279
03480304,MEDVANCE INSTITUTE OF BATON ROUGE - GRAN,TX,75050-2342,Proprietary  ,40,106,146,106,368,474
03509400,CORYELL COSMETOLOGY COLLEGE             ,TX,76528-2036,Proprietary  ,5,7,12,10,20,30
03520300,LUBBOCK HAIR ACADEMY                    ,TX,79410-3524,Proprietary  ,9,49,58,25,108,133
03542300,CONCORDE CAREER INSTITUTE               ,TX,76011-4016,Proprietary  ,60,294,354,190,1017,1207
03551400,STATE BEAUTY ACADEMY                    ,TX,75116-3501,Proprietary  ,2,17,19,12,46,58
03556400,KUSSAD INSTITUTE OF COURT REPORTING     ,TX,78704-5712,Proprietary  ,1,11,12,6,38,44
03573300,AVIATION INSTITUTE OF MAINTENANCE       ,TX,75209-3017,Proprietary  ,52,225,277,202,807,1009
03610300,MJ'S BEAUTY ACADEMY INC                 ,TX,75224-4409,Proprietary  ,6,39,45,19,77,96
03612400,VALLEY GRANDE INSTITUTE FOR ACADEMI     ,TX,78596-0000,Private      ,28,105,133,96,366,462
03627300,LAMAR INSTITUTE OF TECHNOLOGY           ,TX,77705-4142,Public       ,438,827,1265,1771,2912,4683
03676400,HEALTHY HAIR ACADEMY                    ,TX,75227-0000,Proprietary  ,21,129,150,33,212,245
03680300,JAY'S TECHNICAL INSTITUTE               ,TX,77031-3509,Proprietary  ,11,66,77,31,144,175
03682400,DALLAS BARBER & STYLIST COLLEGE         ,TX,75231-0000,Proprietary  ,37,199,236,108,429,537
03714300,TREND BARBER COLLEGE                    ,TX,77071-2104,Proprietary  ,32,132,164,91,368,459
03723300,CULINARY INST ALAIN & MARIE LENOTRE     ,TX,77022-4322,Proprietary  ,44,136,180,164,514,678
03727600,CULINARY ACADEMY OF AUSTIN              ,TX,78752-0000,Proprietary  ,35,84,119,246,361,607
03731300,INTERNATIONAL RENOWNED BEAUTY ACADE     ,TX,76103-2504,Proprietary  ,5,33,38,11,77,88
03733300,BAPTIST UNIVERSITY OF THE AMERICAS      ,TX,78224-1336,Private      ,18,74,92,70,237,307
03756300,ANAMARC COLLEGE                         ,TX,79930-6230,Proprietary  ,62,370,432,183,975,1158
03922300,SOUTH TEXAS BARBER COLLEGE              ,TX,78415-3463,Proprietary  ,12,20,32,29,66,95
03944400,PROFESSIONAL CAREERS INSTITUTE          ,TX,77036-2252,Proprietary  ,20,86,106,48,242,290
03970300,HANDS ON THERAPY                        ,TX,75149-2294,Proprietary  ,13,46,59,27,103,130
03987300,TEXAS HEALTH SCHOOL                     ,TX,77079-2106,Proprietary  ,28,118,146,115,372,487
04036300,SOUTHEAST TEXAS CAREER INSTITUTE        ,TX,77656-8601,Proprietary  ,17,50,67,34,102,136
04045300,NORTHWEST BEAUTY SCHOOL                 ,TX,77091-1208,Proprietary  ,11,56,67,33,107,140
04045400,MAI-TRIX BEAUTY COLLEGE                 ,TX,77040-0000,Proprietary  ,17,64,81,33,133,166
04082300,PROFESSIONAL CAREER TRAINING INSTITUTE  ,TX,77090-0000,Proprietary  ,8,59,67,20,127,147
04089400,CCI TRAINING CENTER                     ,TX,76011-4857,Proprietary  ,15,119,134,26,257,283
04117900,CHAMPION BEAUTY COLLEGE                 ,TX,77069-4611,Proprietary  ,9,77,86,49,221,270
04125400,ACADEMY AT AUSTIN (THE)                 ,TX,78660-3287,Proprietary  ,30,79,109,92,229,321
04125500,MANUEL AND THERESA'S SCHOOL OF HAIR DESI,TX,77803-3236,Proprietary  ,9,29,38,12,47,59
04129800,MEDIATECH INSTITUTE DALLAS              ,TX,75039-3105,Proprietary  ,42,89,131,142,301,443
04129801,MEDIATECH INSTITUTE - AUSTIN            ,TX,78704-8933,Proprietary  ,27,41,68,92,147,239
04129802,MEDIATECH INSTITUTE HOUSTON             ,TX,77042-4712,Proprietary  ,34,52,86,96,167,263
04131700,SOUTHWEST CAREER COLLEGE                ,TX,79925-6230,Proprietary  ,115,354,469,365,1091,1456
04135600,CANNON INSTITUTE OF HIGHER LEARNING     ,TX,75247-9998,Proprietary  ,1,13,14,3,41,44
04136500,PCCENTER                                ,TX,75115-4214,Proprietary  ,2,43,45,10,83,93
04138500,CARDIOTECH ULTRASOUND SCHOOL            ,TX,77099-1440,Proprietary  ,12,114,126,63,376,439
04142300,AVEDA INSTITUTE SAN ANTONIO             ,TX,78215-1260,Proprietary  ,65,142,207,185,388,573
04146600,360 DEGREES BEAUTY ACADEMY              ,TX,77084-2714,Proprietary  ,0,0,0,7,27,34
04146700,AVIATION INSTITUTE OF MAINTENANCE       ,TX,77061-4004,Proprietary  ,70,169,239,134,375,509
04146800,SOUTH TEXAS TRAINING CENTER             ,TX,78586-7721,Proprietary  ,4,36,40,22,75,97
04152700,ASTRODOME CAREER CENTERS                ,TX,77054-2678,Proprietary  ,6,38,44,17,96,113
04154800,DUVALL'S SCHOOL OF COSMETOLOGY          ,TX,76021-4159,Proprietary  ,24,39,63,37,82,119
04155800,ADVANCED BEAUTY COLLEGE                 ,TX,75061-1918,Proprietary  ,1,27,28,11,74,85
04158500,TEXAS BEAUTY COLLEGE                    ,TX,76117-3201,Proprietary  ,4,27,31,9,45,54
04160700,AVENUE FIVE INSTITUTE                   ,TX,78757-7000,Proprietary  ,29,95,124,100,284,384
04161100,CORPUS CHRISTI BEAUTY ACADEMY           ,TX,78412-3900,Proprietary  ,8,24,32,48,79,127
04165800,SALON PROFESSIONAL ACADEMY (THE)        ,TX,75067-5390,Proprietary  ,15,33,48,41,115,156
04168700,LAWYER'S ASSISTANT SCHOOL OF DALLAS     ,TX,75201-2829,Proprietary  ,8,76,84,27,218,245
04168800,ABC BEAUTY ACADEMY                      ,TX,75042-8682,Proprietary  ,10,41,51,25,104,129
04169000,SALON & SPA INSTITUTE                   ,TX,78521-1727,Proprietary  ,16,75,91,29,113,142
04169100,DIAMONDS COSMETOLOGY COLLEGE            ,TX,75090-2657,Proprietary  ,8,21,29,13,62,75
04177900,BUCKNER BARBER SCHOOL                   ,TX,75217-1775,Proprietary  ,15,53,68,30,113,143
04179500,NORTH AMERICAN COLLEGE                  ,TX,77038-0000,Private      ,32,27,59,90,61,151
00367000,BRIGHAM YOUNG UNIVERSITY                ,UT,84602-8406,Private      ,1731,3301,5032,12070,12542,24612
00367100,DIXIE STATE COLLEGE OF UTAH             ,UT,84770-3876,Public       ,942,1472,2414,4109,5028,9137
00367200,LDS BUSINESS COLLEGE                    ,UT,84101-3500,Private      ,264,295,559,950,966,1916
00367400,STEVENS HENAGER COLLEGE                 ,UT,84401-1420,Proprietary  ,468,3348,3816,1382,11311,12693
00367500,UNIVERSITY OF UTAH                      ,UT,84112-9055,Public       ,1668,3618,5286,12042,17698,29740
00367600,COLLEGE OF EASTERN UTAH                 ,UT,84501-2699,Public       ,169,192,361,695,659,1354
00367700,UTAH STATE UNIVERSITY                   ,UT,84322-1400,Public       ,1656,3057,4713,9952,12066,22018
00367800,SOUTHERN UTAH UNIVERSITY                ,UT,84720-2470,Public       ,672,854,1526,4663,3431,8094
00367900,SNOW COLLEGE                            ,UT,84627-1299,Public       ,341,275,616,2570,1158,3728
00368000,WEBER STATE UNIVERSITY                  ,UT,84408-1136,Public       ,1371,3164,4535,6849,12708,19557
00368100,WESTMINSTER COLLEGE                     ,UT,84105-3697,Private      ,131,379,510,2700,1963,4663
00402700,UTAH VALLEY UNIVERSITY                  ,UT,84058-5999,Public       ,2583,5774,8357,9288,17453,26741
00522000,SALT LAKE COMMUNITY COLLEGE             ,UT,84123-0000,Public       ,2683,5882,8565,8512,19059,27571
00732953,ITT TECHNICAL INSTITUTE                 ,UT,84123-2500,Proprietary  ,183,546,729,406,1759,2165
00943300,SHERMAN KENDALL'S ACADEMY OF BEAUTY     ,UT,84106-1836,Proprietary  ,9,19,28,24,62,86
01009800,NEUMONT UNIVERSITY                      ,UT,84095-0000,Proprietary  ,17,16,33,585,139,724
01116500,UINTAH BASIN APPLIED TECHNOLOGY CLG     ,UT,84066-0000,Public       ,6,42,48,23,139,162
01116600,BROADVIEW UNIVERSITY                    ,UT,84088-4021,Proprietary  ,129,382,511,441,1541,1982
02078800,SHERMAN KENDALL'S ACADEMY OF BEAUTY     ,UT,84047-0000,Proprietary  ,4,10,14,13,40,53
02115400,BRIDGERLAND APPLIED TECHNOLOGY COLLEGE  ,UT,84321-0000,Public       ,78,221,299,318,961,1279
02156600,DAVIS APPLIED TECHNOLOGY COLLEGE        ,UT,84037-0000,Public       ,115,489,604,436,1686,2122
02178500,EAGLE GATE COLLEGE                      ,UT,84123-0000,Proprietary  ,93,491,584,227,1520,1747
02270800,AMERITECH COLLEGE                       ,UT,84604-6927,Proprietary  ,24,233,257,72,657,729
02270802,AMERITECH COLLEGE - DRAPER              ,UT,84020-6545,Proprietary  ,10,49,59,26,217,243
02298500,EVEREST COLLEGE                         ,UT,84119-2668,Proprietary  ,38,158,196,125,695,820
02346500,OGDEN-WEBER APPLIED TECHNOLOGY COLG     ,UT,84404-0000,Public       ,121,517,638,399,1776,2175
02360800,PROVO COLLEGE                           ,UT,84601-0000,Proprietary  ,90,269,359,255,815,1070
02504000,MARINELLO SCHOOL OF BEAUTY              ,UT,84041-0000,Proprietary  ,27,48,75,45,135,180
02504001,MARINELLO SCHOOL OF BEAUTY - MAIN STREET,UT,84041-3002,Proprietary  ,4,7,11,11,28,39
02516100,MARINELLO SCHOOL OF BEAUTY              ,UT,84405-1501,Proprietary  ,24,82,106,47,158,205
02531800,VON CURTIS ACADEMY OF HAIR DESIGN       ,UT,84606-0000,Proprietary  ,316,349,665,779,923,1702
02556800,PAUL MITCHELL THE SCHOOL                ,UT,84117-7204,Proprietary  ,84,125,209,171,308,479
02556801,PAUL MITCHELL THE SCHOOL                ,UT,84780-0000,Proprietary  ,8,8,16,25,41,66
02557700,PREMIER HAIR ACADEMY                    ,UT,84120-3603,Proprietary  ,8,18,26,13,40,53
02572700,EVANS HAIRSTYLING COLLEGE               ,UT,84770-0000,Proprietary  ,14,15,29,41,52,93
02572800,VISTA COLLEGE                           ,UT,84015-0000,Proprietary  ,9,57,66,16,140,156
02573100,EVANS HAIRSTYLING COLLEGE               ,UT,84720-0000,Proprietary  ,13,21,34,42,54,96
02612200,MARINELLO SCHOOL OF BEAUTY              ,UT,84604-1585,Proprietary  ,29,39,68,62,104,166
03030600,UTAH COLLEGE OF MASSAGE THERAPY         ,UT,84111-1606,Proprietary  ,71,137,208,244,468,712
03030601,UTAH CLG OF MASSAGE THER-PROVO CMPS     ,UT,84042-0000,Proprietary  ,17,37,54,77,114,191
03082100,MYOTHERAPY COLLEGE OF UTAH              ,UT,84115-2522,Proprietary  ,8,36,44,24,101,125
03108200,ECHELON EDGE ACADEMY OF HAIR SKIN & NAIL,UT,84070-2004,Proprietary  ,10,31,41,22,65,87
03110400,HAIRITAGE HAIR ACADEMY                  ,UT,84770-5233,Proprietary  ,13,12,25,35,38,73
03339400,WESTERN GOVERNORS UNIVERSITY            ,UT,84107-2533,Private      ,306,11407,11713,863,30149,31012
03413300,MOUNTAINLAND APPLIED TECHNOLOGY COLLEGE ,UT,84058-5857,Public       ,69,169,238,214,531,745
03463300,CAREERS UNLIMITED                       ,UT,84058-0000,Proprietary  ,13,21,34,39,135,174
03617300,HEALING MOUNTAIN MASSAGE SCHOOL         ,UT,84111-0000,Proprietary  ,4,29,33,35,89,124
03829500,SKINWORKS SCHOOL OF ADVANCED SKINCARE   ,UT,84115-0000,Proprietary  ,9,28,37,17,70,87
03838300,OGDEN INSTITUTE OF MASSAGE THERAPY      ,UT,84403-0000,Proprietary  ,0,0,0,19,69,88
03902300,RENAISSANCE SCHOOL OF THERAPEUTIC MASSAG,UT,84010-2835,Proprietary  ,2,8,10,6,25,31
03909300,MAXIMUM STYLE TEC SCHOOL OF COSMETOLOGY ,UT,84323-4679,Proprietary  ,12,18,30,33,70,103
03921300,CAMEO COLLEGE OF ESSENTIAL BEAUTY       ,UT,84115-0000,Proprietary  ,26,95,121,108,326,434
04054300,SOUTHWEST APPLIED TECHNOLOGY COLLEGE    ,UT,84720-6608,Public       ,11,74,85,54,216,270
04072300,AVEDA INSTITUTE PROVO                   ,UT,84604-1008,Proprietary  ,33,58,91,86,148,234
04118100,IMAGEWORKS ACADEMY OF HAIR DESIGN       ,UT,84660-1210,Proprietary  ,8,25,33,21,62,83
04121700,DIXIE APPLIED TECHNOLOGY COLLEGE        ,UT,84770-3025,Public       ,66,126,192,330,465,795
04142100,SKIN INSTITUTE (THE)                    ,UT,84770-6452,Proprietary  ,2,14,16,10,29,39
04145500,SKIN SCIENCE INSTITUTE (THE)            ,UT,84115-0000,Proprietary  ,16,51,67,36,140,176
04153000,RENAISSANCE ACADEMIE                    ,UT,84604-0000,Proprietary  ,12,3,15,41,47,88
04161900,MANDALYN ACADEMY                        ,UT,84003-2161,Proprietary  ,6,18,24,11,48,59
04165500,ACAYDIA SCHOOL OF AESTHETICS            ,UT,84601-0000,Proprietary  ,6,17,23,22,65,87
04169900,AMERICAN BEAUTY ACADEMY                 ,UT,84651-0000,Proprietary  ,8,19,27,25,39,64
04173200,TAYLOR ANDREWS ACADEMY OF HAIR DESIGN   ,UT,84088-6577,Proprietary  ,23,30,53,69,133,202
04184200,TAYLOR ANDREWS ACADEMY-ST. GEORGE       ,UT,84790-2139,Proprietary  ,20,25,45,34,48,82
04192700,BARBER SCHOOL (THE)                     ,UT,84047-3723,Proprietary  ,7,45,52,7,45,52
00368200,BENNINGTON COLLEGE                      ,VT,05201-6001,Private      ,28,33,61,1122,254,1376
00368300,CASTLETON STATE COLLEGE                 ,VT,05735-0000,Public       ,170,54,224,2988,434,3422
00368400,CHAMPLAIN COLLEGE                       ,VT,05401-3950,Private      ,149,269,418,3156,1113,4269
00368402,WOODBURY COLLEGE                        ,VT,05602-0000,Private      ,0,1,1,2,16,18
00368500,COLLEGE OF ST JOSEPH                    ,VT,05701-3899,Private      ,24,49,73,151,276,427
00368600,GODDARD COLLEGE                         ,VT,05667-0000,Private      ,22,162,184,78,986,1064
00368700,GREEN MOUNTAIN COLLEGE                  ,VT,05764-1199,Private      ,43,50,93,1038,204,1242
00368800,JOHNSON STATE COLLEGE                   ,VT,05656-9898,Public       ,102,196,298,1482,980,2462
00368900,LYNDON STATE COLLEGE                    ,VT,05851-0919,Public       ,97,63,160,1814,355,2169
00369000,MARLBORO COLLEGE                        ,VT,05344-0300,Private      ,7,43,50,388,132,520
00369100,MIDDLEBURY COLLEGE                      ,VT,05753-0000,Private      ,58,25,83,4346,522,4868
00369200,NORWICH UNIVERSITY                      ,VT,05663-1035,Private      ,90,338,428,3087,1352,4439
00369300,SOUTHERN VERMONT COLLEGE                ,VT,05201-6002,Private      ,34,25,59,622,213,835
00369400,ST MICHAELS COLLEGE                     ,VT,05439-0001,Private      ,42,46,88,3846,252,4098
00369600,UNIVERSITY OF VERMONT                   ,VT,05405-0160,Public       ,241,230,471,19038,3384,22422
00369700,VERMONT COLLEGE OF FINE ARTS            ,VT,05602-3128,Private      ,1,63,64,11,409,420
00369800,VERMONT TECHNICAL COLLEGE               ,VT,05061-0000,Public       ,104,116,220,1185,889,2074
00857500,SALON PROFESSIONAL ACADEMY (THE)        ,VT,05495-4001,Proprietary  ,17,19,36,46,68,114
00865800,O'BRIENS AVEDA INSTITUTE                ,VT,05403-7747,Proprietary  ,12,22,34,32,67,99
00886000,SIT                                     ,VT,05301-4801,Private      ,0,67,67,11,546,557
01116700,COMMUNITY COLLEGE OF VERMONT            ,VT,05676-0000,Public       ,581,1252,1833,1837,4338,6175
01193400,VERMONT LAW SCHOOL                      ,VT,05068-0000,Private      ,0,48,48,1,1056,1057
01218300,BURLINGTON COLLEGE                      ,VT,05401-8477,Private      ,25,22,47,232,147,379
02143500,STERLING COLLEGE                        ,VT,05827-0000,Private      ,12,1,13,139,39,178
02254000,NEW ENGLAND CULINARY INSTITUTE          ,VT,05602-0000,Proprietary  ,51,47,98,450,258,708
02532600,LANDMARK COLLEGE                        ,VT,05346-0000,Private      ,60,18,78,461,82,543
03708300,BURLINGTON TECHNICAL CENTER             ,VT,05401-2721,Public       ,0,4,4,10,23,33
04146900,ADVANCED WELDING INSTITUTE              ,VT,05403-0000,Proprietary  ,7,3,10,20,18,38
00392800,CASPER COLLEGE                          ,WY,82601-4612,Public       ,249,474,723,1265,1855,3120
00392900,EASTERN WYOMING COLLEGE                 ,WY,82240-1603,Public       ,93,146,239,489,440,929
00393000,SHERIDAN COLLEGE                        ,WY,82801-9133,Public       ,175,307,482,916,1137,2053
00393100,NORTHWEST COLLEGE                       ,WY,82435-1895,Public       ,167,180,347,925,698,1623
00393200,UNIVERSITY OF WYOMING                   ,WY,82071-3663,Public       ,727,863,1590,6744,4844,11588
00393300,WESTERN WYOMING COMMUNITY COLLEGE       ,WY,82902-0000,Public       ,185,337,522,935,1220,2155
00728900,CENTRAL WYOMING COLLEGE                 ,WY,82501-0000,Public       ,113,282,395,560,926,1486
00915700,WYOMING TECHNICAL INSTITUTE             ,WY,82072-9519,Proprietary  ,339,266,605,1746,996,2742
00925900,LARAMIE COUNTY COMMUNITY CLG            ,WY,82007-3299,Public       ,194,437,631,1468,2195,3663
02211900,CHEEKS INTERNATIONAL ACDMY              ,WY,82001-0000,Proprietary  ,21,81,102,69,175,244
00393500,UNIV OF GUAM                            ,GU,96923-0000,Public       ,664,499,1163,2194,1567,3761
01536100,GUAM COMMUNITY COLLEGE                  ,GU,96921-0000,Public       ,535,449,984,1376,1447,2823
03438300,PACIFIC ISLANDS UNIVERSITY              ,GU,96913-2619,Private      ,21,9,30,70,60,130
00393600,PONTIFICAL CATHOLIC UNIV OF PR          ,PR,00717-0777,Private      ,1203,2060,3263,6642,5271,11913
00393700,UNIVERSITY OF THE SACRED HEART          ,PR,00914-0383,Private      ,954,1069,2023,4087,2502,6589
00393800,INTER-AMER UNIV PR-CNTRL ADMN           ,PR,00936-0000,Private      ,1227,2380,3607,3886,6112,9998
00393801,INTER-AMER UNIV PR SCHL LAW             ,PR,00936-8351,Private      ,1,44,45,20,307,327
00393802,INTER AMERICAN UNIVERSITY OF PUERTO RICO,PR,00926-0000,Private      ,219,468,687,1178,1374,2552
00393803,INTER AMERICAN UNIVERSITY OF PR         ,PR,00683-0000,Private      ,955,820,1775,3788,1989,5777
00393804,INTER-AMER UNIV PR-RECINTO AGUADILA     ,PR,00605-2000,Private      ,685,889,1574,3146,2338,5484
00393805,INTER-AMER UNIV PR-ARECIBO CAMPUS       ,PR,00614-4050,Private      ,739,986,1725,3386,2730,6116
00393806,INTER-AMER UNIV PR-BARRANQUITAS REG     ,PR,00794-0517,Private      ,302,361,663,1666,941,2607
00393807,INTER-AMER UNIV PR-FAJARDO REGIONAL     ,PR,00738-0000,Private      ,387,446,833,1353,1146,2499
00393808,INTER-AMER UNIV PR - GUAYAMA CAMPUS     ,PR,00785-4004,Private      ,366,619,985,1215,1422,2637
00393809,INTER-AMER UNIV PR-PONCE REGIONAL       ,PR,00715-0000,Private      ,683,1206,1889,3668,3488,7156
00393811,INTER-AMER UNIV PR-BAYAMON REG CLG      ,PR,00959-0000,Private      ,994,723,1717,4219,1894,6113
00394100,COLEGIO UNIVERSITARIO DEL ESTE          ,PR,00983-0000,Private      ,2328,3553,5881,7176,7785,14961
00394200,UNIVERSITY OF PR-CENTRAL ADMINISTRATION ,PR,00936-4984,Public       ,22,26,48,343,153,496
00394300,UNIVERSITY OF PUERTO RICO - HUMACAO UNIV,PR,00791-4300,Public       ,272,125,397,3294,616,3910
00394400,UNIVERSITY OF PUERTO RICO - MAYAGUEZ    ,PR,00680-0000,Public       ,451,297,748,9220,2191,11411
00501900,UNIV ADVENTISTA DE LAS ANTILLAS         ,PR,00681-0118,Private      ,320,210,530,830,423,1253
00502200,BAYAMON CENTRAL UNIVERSITY              ,PR,00960-0000,Private      ,246,369,615,1094,1146,2240
00710800,UNIVERSITY OF PUERTO RICO - RIO PIEDRAS ,PR,00931-3300,Public       ,576,513,1089,7953,3304,11257
00720600,UNIVERSITY OF PUERTO RICO - CAYEY UNIVER,PR,00736-5534,Public       ,91,59,150,3134,561,3695
00722800,UNIVERSITY OF PUERTO RICO - ARECIBO     ,PR,00614-4010,Public       ,123,92,215,3300,627,3927
00890200,COLUMBIA CENTRO UNIVERSITARIO           ,PR,00726-0000,Proprietary  ,387,544,931,929,1157,2086
00965200,"UNIVERSITY OF PUERTO RICO, PONCE TECH UN",PR,00716-0000,Public       ,112,57,169,3010,466,3476
01056700,COLEGIO TECNOLOGICO DE SAN JUAN         ,PR,00918-2973,Public       ,247,273,520,787,934,1721
01072400,CARLOS ALBIZU UNIVERSITY                ,PR,00902-3711,Private      ,10,142,152,105,834,939
01081900,CONSERVATORIO DE MUSICA DE PUERTO RICO  ,PR,00907-3373,Public       ,43,32,75,307,121,428
01092200,UNIVERSITY OF PUERTO RICO - UTUADO      ,PR,00641-2500,Public       ,107,42,149,1150,261,1411
01097500,UNIVERSITY OF PUERTO RICO BAYAMON TECHNI,PR,00959-1911,Public       ,208,134,342,4121,799,4920
01120300,RYDER MEMORIAL HOSP SCH OF NURSING      ,PR,00792-0000,Private      ,4,12,16,15,28,43
01171900,UNIVERSIDAD DEL TURABO                  ,PR,00778-0000,Private      ,2020,4021,6041,7780,9752,17532
01194000,ICPR JUNIOR COLLEGE                     ,PR,00919-0000,Proprietary  ,571,739,1310,852,1081,1933
01194100,AMERICAN UNIVERSITY OF PUERTO RICO      ,PR,00960-2037,Private      ,254,237,491,789,616,1405
01194101,AMERICAN UNIVERSITY OF PUERTO RICO      ,PR,00674-0000,Private      ,212,194,406,644,512,1156
01212300,"UNIVERSITY OF PUERTO RICO, AGUADILLA REG",PR,00604-0160,Public       ,180,96,276,2429,608,3037
01252500,CARIBBEAN UNIVERSITY                    ,PR,00960-0493,Private      ,798,1436,2234,2605,3583,6188
02063100,MBTI BUSINESS TRNG INSTITUTE            ,PR,00907-3917,Proprietary  ,270,927,1197,412,1412,1824
02100000,POLYTECHNIC UNIVERSITY OF PR            ,PR,00917-0000,Private      ,498,694,1192,2743,2146,4889
02163300,UNIVERSIDAD CENTRAL DEL CARIBE          ,PR,00960-0000,Private      ,45,132,177,161,407,568
02165100,EDP COLLEGE OF PUERTO RICO              ,PR,00919-0000,Private      ,394,659,1053,808,1491,2299
02166000,CENTER FOR ADVANCED STUDIES OF PUER     ,PR,00902-0000,Private      ,2,115,117,6,183,189
02166400,INSTITUTO DE BANCA Y COMERCIO           ,PR,00925-0000,Proprietary  ,3622,4294,7916,8027,9961,17988
02170300,INST EDUC TECNIA OCUP LA REINA          ,PR,00674-0000,Proprietary  ,135,170,305,251,335,586
02189100,CENTRO DE ESTUDIOS MULTIDISCIPLIN       ,PR,00926-0000,Private      ,1165,1487,2652,1649,2083,3732
02189300,EMMA'S BEAUTY ACADEMY                   ,PR,00680-0000,Proprietary  ,107,69,176,247,179,426
02195400,MODERN HAIRSTYLING INSTITUTE            ,PR,00961-0000,Proprietary  ,346,226,572,511,344,855
02195500,MODERN HAIRSTYLING INSTITUTE            ,PR,00612-0000,Proprietary  ,1,0,1,2,2,4
02195800,LICEO E ARTE Y TECNOLGIA                ,PR,00919-0000,Proprietary  ,118,143,261,479,518,997
02195900,MODERN HAIRSTYLING INSTITUTE            ,PR,00980-0000,Proprietary  ,1,0,1,15,6,21
02234900,ANTILLES SCHOOL OF TECH CAREERS         ,PR,00909-3006,Proprietary  ,72,89,161,133,137,270
02241901,COMMONWEALTH OF PR DEPT OF EDUC - CARLOS,PR,00986-0000,Public       ,6,20,26,36,63,99
02241902,COMMONWEALTH OF PR DEPT OF EDUC - TOMAS ,PR,00613-0000,Public       ,10,15,25,22,27,49
02241904,COMMONWEALTH OF PR DEPT OF EDUC - ITPR R,PR,00655-0000,Public       ,129,69,198,501,277,778
02241905,COMMONWEALTH OF PR DEPT OF EDUC - JOSE A,PR,00674-0000,Public       ,11,7,18,84,32,116
02241907,COMMONWEALTH OF PR DEPT OF EDUC - ITPR R,PR,00928-0000,Public       ,70,59,129,436,298,734
02241908,COMMONWEALTH OF PR DEPT OF EDUC - ITPR R,PR,00732-0000,Public       ,78,69,147,424,296,720
02241909,COMMONWEALTH OF PR DEPT OF EDUC - TROQUE,PR,00959-0000,Public       ,6,4,10,59,16,75
02241910,COMMONWEALTH OF PR DEPT OF EDUC - ITPR R,PR,00701-1091,Public       ,74,45,119,644,254,898
02260600,NATIONAL COLLEGE OF BUSINESS & TECH     ,PR,00960-2036,Proprietary  ,1033,1856,2889,3176,5201,8377
02260800,HUERTAS JUNIOR COLLEGE                  ,PR,00726-0000,Proprietary  ,543,768,1311,788,1047,1835
02297700,AUTOMECA TECHNICAL COLLEGE              ,PR,00957-0000,Proprietary  ,560,381,941,1027,670,1697
02303800,AMERICAN EDUCATIONAL COLLEGE            ,PR,00961-0000,Proprietary  ,222,349,571,349,553,902
02335500,COLEGIO BIBLICO PENTECOSTAL DE PR       ,PR,00978-0000,Private      ,8,81,89,16,168,184
02340600,HUMACAO COMMUNITY COLLEGE               ,PR,00792-0000,Private      ,277,350,627,332,387,719
02343600,INSTITUTE OF BEAUTY CAREERS             ,PR,00613-0000,Proprietary  ,139,158,297,331,384,715
02460000,UNIVERSITY OF PUERTO RICO - MEDICAL SCIE,PR,00936-0000,Public       ,36,313,349,674,1562,2236
02482400,PONCE SCHOOL OF MEDICINE AND HEALTH SCIE,PR,00716-2347,Private      ,5,76,81,45,654,699
02502400,SERBIA'S SCHOOL OF BEAUTY CULTURE       ,PR,00785-0000,Proprietary  ,68,100,168,94,157,251
02504500,INSTITUCION CHAVIANO DE MAYAGUEZ        ,PR,00708-0000,Proprietary  ,20,45,65,25,59,84
02505400,ATLANTIC COLLEGE                        ,PR,00970-0000,Private      ,600,284,884,1078,424,1502
02534900,PONCE PARAMEDICAL COLLEGE (POPAC)       ,PR,00731-0000,Proprietary  ,798,734,1532,1786,1518,3304
02552300,COLEGIO MAYOR DE TECHNOLOGIA            ,PR,00714-0000,Proprietary  ,94,129,223,149,194,343
02562500,INTERNATIONAL TECHNICAL COLLEGE         ,PR,00918-0000,Proprietary  ,20,47,67,30,88,118
02563500,ROGIES SCHOOL OF BEAUTY CULTURE         ,PR,00910-0000,Proprietary  ,54,89,143,56,99,155
02569400,ESCUELA DE ARTES PLASTICAS              ,PR,00902-1112,Public       ,78,49,127,429,167,596
02570400,EDUCATIONAL TECHNICAL COLLEGE           ,PR,00925-3404,Proprietary  ,238,417,655,378,716,1094
02576100,ESCUELA TECNICA DE ELECTRICIDAD         ,PR,00731-0000,Proprietary  ,80,127,207,152,233,385
02587500,UNIVERSIDAD METROPOLITANA               ,PR,00928-0000,Private      ,1918,3628,5546,6146,8292,14438
02588600,SEMINARIO EVANGELICO DE PUERTO RICO     ,PR,00925-0000,Private      ,0,14,14,3,31,34
02593700,HISPANIC AMERICAN COLLEGE               ,PR,00725-0000,Proprietary  ,112,148,260,130,164,294
03016000,UNIVERSITY OF PUERTO RICO CAROLINA REGIO,PR,00985-0000,Public       ,274,152,426,3029,689,3718
03021900,EDIC COLLEGE                            ,PR,00726-0000,Proprietary  ,409,597,1006,936,1048,1984
03025500,MECH TECH COLLEGE                       ,PR,00725-6118,Proprietary  ,985,720,1705,2765,1662,4427
03025900,"LICEO DE ARTE, DISENOS Y COMERCIO       ",PR,00726-0000,Proprietary  ,110,252,362,209,331,540
03029700,"UNIVERSAL TECHNOLOGY CLG OF PR, INC     ",PR,00605-1955,Private      ,181,334,515,499,967,1466
03061900,COLEGIO TECHNOLOGICO Y COMERCIAL        ,PR,00602-0960,Proprietary  ,20,44,64,27,45,72
03068400,STAR BEAUTY ACADEMY                     ,PR,00961-6312,Proprietary  ,31,48,79,32,48,80
03070500,D'MART INSTITUTE                        ,PR,00794-3517,Proprietary  ,227,345,572,510,839,1349
03075600,EMMA'S BEAUTY ACADEMY                   ,PR,00795-0000,Proprietary  ,122,102,224,305,226,531
03085700,PROFESSIONAL TECHNICAL INSTITUTION      ,PR,00960-7061,Proprietary  ,80,100,180,111,132,243
03104400,PROFESSIONAL ELECTRIC SCHOOL            ,PR,00674-1797,Proprietary  ,22,19,41,30,28,58
03106900,ESCUELA DE PERITOS ELECTRICITAS         ,PR,00662-0457,Proprietary  ,12,20,32,33,43,76
03112100,JOHN DEWEY COLLEGE                      ,PR,00915-9538,Private      ,1142,2056,3198,1707,3286,4993
03112101,JOHN DEWEY COLLEGE                      ,PR,00986-0000,Private      ,311,425,736,480,657,1137
03112102,JOHN DEWEY COLLEGE-BAYAMON CAMPUS       ,PR,00959-0000,Private      ,124,235,359,176,300,476
03112104,JOHN DEWEY COLLEGE - YABUCOA LRNING SITE,PR,00767-0767,Private      ,108,177,285,157,277,434
03112105,JOHN DEWEY COLLEGE - FAJARDO BRANCH     ,PR,00738-0738,Private      ,63,77,140,148,213,361
03112106,JOHN DEWEY COLLEGE - ARROYO BRANCH      ,PR,00714-0714,Private      ,60,84,144,90,138,228
03112107,JOHN DEWEY COLLEGE - JUANA DIAZ BRANCH  ,PR,00795-0000,Private      ,120,163,283,149,195,344
03112108,JOHN DEWEY COLLEGE - HATILLO CAMPUS     ,PR,00659-0000,Private      ,62,133,195,98,207,305
03112109,JOHN DEWEY COLLEGE - MANATI             ,PR,00674-0000,Private      ,125,227,352,151,277,428
03115900,TRINITY COLLEGE OF PUERTO RICO          ,PR,00734-0000,Private      ,60,91,151,77,124,201
03122500,ACADEMIA SERRANT INC.                   ,PR,00717-1568,Proprietary  ,67,101,168,92,121,213
03123100,GLOBELLE TECHNICAL INSTITUTE            ,PR,00693-4218,Proprietary  ,89,30,119,92,37,129
03124200,NOVA COLLEGE DE PUERTO RICO             ,PR,00960-4016,Proprietary  ,67,156,223,118,306,424
03157600,"COLEGIO DE CINEMATOGRAFIA, ARTES Y TELEV",PR,00961-6345,Proprietary  ,381,184,565,531,281,812
03177300,SAN JUAN BAUTISTA SCH OF MEDICINE       ,PR,00726-0000,Private      ,3,43,46,11,324,335
03326300,UNIVERSAL CAREER COMMUNITY COLLEGE      ,PR,00907-0000,Proprietary  ,176,344,520,353,624,977
03336300,CENTURY COLLEGE                         ,PR,00603-0000,Proprietary  ,81,82,163,98,107,205
03414300,MONTECLARO                              ,PR,00745-9612,Private      ,7,4,11,14,6,20
03452300,INSTITUTO PRE-VOCACIONAL E INDUSTRI     ,PR,00613-1800,Private      ,63,141,204,66,149,215
03469300,IVAEM COLLEGE                           ,PR,00725-0000,Proprietary  ,27,21,48,131,65,196
03531300,COLEGIO PENTECOSTAL MIZPA               ,PR,00928-0966,Private      ,8,133,141,17,315,332
03544300,ATENAS COLLEGE                          ,PR,00674-0000,Private      ,152,139,291,946,1179,2125
03552300,LESTON COLLEGE                          ,PR,00961-6309,Proprietary  ,37,84,121,57,125,182
03585300,CENTRO DE CAPACITACION Y ASESORAMIE     ,PR,00612-0000,Private      ,7,31,38,7,33,40
03608300,CARIBBEAN FORENSIC & TECHNICAL COLL     ,PR,00926-0000,Proprietary  ,12,36,48,30,57,87
03638300,ROSSLYN TRAINING ACADEMY OF COSMETOLOGY ,PR,00602-3225,Proprietary  ,3,20,23,9,44,53
03735400,"CHARLIES GUARD,DETECTIVE BUREAU&ACA     ",PR,00605-0000,Proprietary  ,38,53,91,60,81,141
03751300,ESCUELA HOTELERA DE SAN JUAN            ,PR,00917-0091,Proprietary  ,198,134,332,600,335,935
03758300,BAYAMON COMMUNITY COLLEGE               ,PR,00960-0000,Proprietary  ,45,144,189,59,171,230
03781400,INDUSTRIAL TECHNICAL COLLEGE            ,PR,00792-0000,Proprietary  ,98,131,229,134,207,341
03785300,J.G. GUAYNABO TECHNICAL COLLEGE         ,PR,00960-0000,Proprietary  ,22,29,51,39,56,95
03800300,COLEGIO TECNICO DE ELECTRICIDAD GALLOSA ,PR,00602-0000,Proprietary  ,14,45,59,16,50,66
03800400,INSTITUTE OF BEAUTY OCCUPATIONS AND TECH,PR,00676-5071,Proprietary  ,39,58,97,39,59,98
03843300,ADVANCED TECH COLLEGE                   ,PR,00961-6321,Proprietary  ,51,81,132,78,137,215
03849300,AGUADILLA TECHNICAL COLLEGE             ,PR,00603-0000,Proprietary  ,2,12,14,18,35,53
03965400,MYRANGEL BEAUTY INSTITUTE               ,PR,00754-3917,Proprietary  ,62,124,186,71,143,214
04030300,"ASPIRA DE PUERTO RICO, ACADEMIA DE TECNO",PR,00987-0000,Private      ,3,0,3,6,2,8
04107300,CARIB TECHNOLOGICAL INSTITUTE           ,PR,00960-0000,Proprietary  ,29,38,67,60,72,132
04117200,INSTITUTO EDUCATIVO PREMIER             ,PR,00731-0000,Proprietary  ,53,147,200,61,163,224
04131600,LIBERTY TECHNICAL COLLEGE               ,PR,00737-1298,Proprietary  ,43,91,134,78,165,243
04158600,SCOTLAND EDUCATIONAL INSTITUTE          ,PR,00961-6312,Proprietary  ,2,8,10,3,8,11
04176000,AMERICAN TECHNICAL INSTITUTE            ,PR,00957-0000,Proprietary  ,16,11,27,21,14,35
00394600,UNIVERSITY OF THE VIRGIN ISLANDS        ,VI,00802-6000,Public       ,134,199,333,1099,913,2012
00394601,UNIV OF THE VIRGIN ISLANDS-ST CROIX     ,VI,00850-0000,Public       ,82,122,204,571,622,1193
00667700,MCGILL UNIVERSITY                       ,CN,00000-0000,Public       ,103,56,159,1592,433,2025
00667900,QUEEN'S UNIVERSITY AT KINGSTON          ,CN,00000-0000,Public       ,11,6,17,94,48,142
00668100,ST FRANCIS XAVIER UNIVERSITY            ,CN,00000-0000,Public       ,3,2,5,28,9,37
00668200,ST THOMAS UNIVERSITY                    ,CN,00000-0000,Public       ,2,0,2,44,7,51
00668300,UNIVERSITY OF GUELPH                    ,CN,00000-0000,Public       ,1,7,8,33,73,106
00668400,UNIVERSITY OF MANITOBA                  ,CN,00000-0000,Public       ,4,10,14,31,40,71
00668500,UNIVERSITY OF NEW BRUNSWICK (THE)       ,CN,00000-0000,Public       ,3,3,6,19,22,41
00668600,UNIVERSITY OF OTTAWA                    ,CN,00000-0000,Public       ,5,3,8,46,47,93
00668800,UNIVERSITY OF TORONTO                   ,CN,00000-0000,Public       ,21,37,58,312,390,702
00668900,UNIVERSITY OF WINDSOR                   ,CN,00000-0000,Public       ,3,8,11,23,49,72
00683700,UNIVERSITE LAVAL                        ,CN,00000-0000,Public       ,2,4,6,8,17,25
00683800,DALHOUSIE UNIVERSITY                    ,CN,00000-0000,Public       ,8,15,23,109,73,182
00685200,BISHOP'S UNIVERSITY                     ,CN,00000-0000,Private      ,1,2,3,50,8,58
00685300,MCMASTER UNIVERSITY                     ,CN,00000-0000,Public       ,1,4,5,26,38,64
00767900,YORK UNIVERSITY                         ,CN,00000-0000,Public       ,13,33,46,99,129,228
00787400,UNIVERSITY AT CALGARY (THE)             ,CN,00000-0000,Public       ,5,16,21,44,51,95
00814800,UNIVERSITY OF WINNIPEG                  ,CN,00000-0000,Public       ,5,2,7,14,10,24
00836200,UNIVERSITY OF ALBERTA (THE)             ,CN,00000-0000,Public       ,1,14,15,37,73,110
00836300,MOUNT SAINT VINCENT UNIVERSITY          ,CN,00000-0000,Private      ,1,4,5,8,10,18
00836400,SAINT MARY'S UNIVERSITY                 ,CN,00000-0000,Public       ,4,3,7,32,12,44
00836500,CONCORDIA UNIVERSITY - SIR GEORGE W     ,CN,00000-0000,Public       ,27,18,45,240,143,383
00836600,UNIVERSITE DE MONTREAL                  ,CN,00000-0000,Public       ,3,3,6,16,34,50
00836800,CARLETON UNIVERSITY                     ,CN,00000-0000,Public       ,7,2,9,47,30,77
00836900,UNIVERSITY OF BRITISH COLUMBIA          ,CN,00000-0000,Public       ,56,63,119,774,533,1307
00837000,"SAFA, UNIVERSITY OF VICTORIA            ",CN,00000-0000,Public       ,5,10,15,103,70,173
00844400,SIMON FRASER UNIVERSITY                 ,CN,00000-0000,Public       ,9,11,20,109,106,215
00844600,UNIVERSITY OF WESTERN ONTARIO (THE)     ,CN,00000-0000,Public       ,8,9,17,57,64,121
00844800,UNIVERSITY OF REGINA                    ,CN,00000-0000,Public       ,1,0,1,9,8,17
00844900,ACADIA UNIVERSITY                       ,CN,00000-0000,Public       ,4,4,8,45,14,59
00852600,UNIVERSITY OF WATERLOO                  ,CN,00000-0000,Public       ,0,0,0,33,12,45
00858200,WILFRID LAURIER UNIVERSITY              ,CN,00000-0000,Public       ,3,0,3,10,3,13
00891300,LAKEHEAD UNIVERSITY                     ,CN,00000-0000,Public       ,1,1,2,7,8,15
00911900,UNIVERSITE DE MONCTON                   ,CN,00000-0000,Public       ,0,0,0,0,3,3
00925200,BROCK UNIVERSITY                        ,CN,00000-0000,Public       ,1,1,2,8,7,15
00936700,UNIVERSITY OF PRINCE EDWARD ISLAND      ,CN,00000-0000,Public       ,2,13,15,15,103,118
00942100,BRANDON UNIVERSITY                      ,CN,00000-0000,Public       ,1,0,1,12,6,18
00948600,TRINITY WESTERN UNIVERSITY              ,CN,00000-0000,Private      ,7,4,11,171,62,233
00950000,MEMORIAL UNIVERSITY OF NEWFOUNDLAND     ,CN,00000-0000,Public       ,2,3,5,14,24,38
00950100,UNIVERSITY OF KING'S COLLEGE            ,CN,00000-0000,Public       ,3,1,4,27,3,30
00950300,MOUNT ALLISON UNIVERSITY                ,CN,00000-0000,Public       ,6,0,6,36,3,39
00950400,NOVA SCOTIA AGRICULTURAL COLLEGE        ,CN,00000-0000,Public       ,1,0,1,4,0,4
00950500,TRENT UNIVERSITY                        ,CN,00000-0000,Public       ,0,1,1,6,6,12
00969700,LETHBRIDGE COLLEGE                      ,CN,00000-0000,Public       ,0,0,0,3,2,5
00969800,MEDICINE HAT COLLEGE                    ,CN,00000-0000,Public       ,0,0,0,1,2,3
00970100,SENECA COLG OF APPLIED ARTS & TECH      ,CN,00000-0000,Public       ,0,0,0,9,11,20
01012300,NOVA SCOTIA COLLEGE OF ART & DESIGN     ,CN,00000-0000,Public       ,5,2,7,13,16,29
01022100,SAINT PAUL UNIVERSITY                   ,CN,00000-0000,Public       ,1,2,3,1,5,6
01045800,SHERIDAN COLLEGE OF APPLIED ARTS AN     ,CN,00000-0000,Public       ,4,2,6,27,12,39
01067500,REGENT COLLEGE                          ,CN,00000-0000,Private      ,0,18,18,1,88,89
01070300,UNIVERSITY OF LETHBRIDGE                ,CN,00000-0000,Public       ,0,3,3,5,6,11
01072000,RYERSON UNIVERSITY                      ,CN,00000-0000,Public       ,3,14,17,46,68,114
01172200,BRIERCREST BIBLE COLLEGE                ,CN,00000-0000,Private      ,3,0,3,11,3,14
01221100,ALGONQUIN COLLEGE OF APPLIED ARTS & TECH,CN,00000-0000,Public       ,0,0,0,6,5,11
01222800,HUMBER COLLEGE                          ,CN,00000-0000,Public       ,2,4,6,26,36,62
01227400,PROVIDENCE COLLEGE                      ,CN,00000-0000,Private      ,1,2,3,46,6,52
02102100,BETHANY BIBLE COLLEGE                   ,CN,00000-0000,Private      ,27,3,30,63,10,73
02116600,CANADIAN MEMORIAL CHIROPRACTIC COLL     ,CN,00000-0000,Private      ,0,0,0,0,1,1
02167000,PRAIRIE BIBLE INST                      ,CN,00000-0000,Private      ,4,1,5,25,3,28
02184600,INSTITUTE FOR CHRISTIAN STUDIES         ,CN,00000-0000,Private      ,1,4,5,2,8,10
02195600,LASALLE COLLEGE                         ,CN,00000-0000,Private      ,3,1,4,12,13,25
02195700,TAYLOR UNIVERSITY COLLEGE AND SEMINARY  ,CN,00000-0000,Private      ,0,2,2,0,2,2
02201100,COLUMBIA BIBLE COLLEGE                  ,CN,00000-0000,Private      ,5,4,9,20,10,30
02216400,TYNDALE COLLEGE & SEMINARY              ,CN,00000-0000,Private      ,1,0,1,9,5,14
02219200,UNIVERSITY OF SASKATCHEWAN              ,CN,00000-0000,Public       ,3,3,6,8,17,25
02324900,EMMANUEL BIBLE COLLEGE                  ,CN,00000-0000,Private      ,0,1,1,1,1,2
02338800,EMILY CARR UNIVERSITY OF ART AND DESIGN ,CN,00000-0000,Public       ,4,4,8,65,40,105
02577200,SALVATION ARMY WM & CATHERINE BOOTH     ,CN,00000-0000,Private      ,0,0,0,0,1,1
02593800,CONCORDIA UNIVERSITY COLLEGE            ,CN,00000-0000,Private      ,0,2,2,5,10,15
02611900,THE KING'S UNIVERSITY COLLEGE           ,CN,00000-0000,Private      ,0,1,1,1,3,4
03018300,ROCKY MOUNTAIN COLLEGE: CENTRE FOR BIBLI,CN,00000-0000,Private      ,0,0,0,0,1,1
03033800,UNIVERSITY COLLEGE OF CAPE BRETON       ,CN,00000-0000,Public       ,0,0,0,6,4,10
03078300,VANCOUVER SCHOOL OF THEOLOGY            ,CN,00000-0000,Private      ,0,1,1,3,4,7
03273300,CANADIAN COLLEGE OF NATUROPATHIC ME     ,CN,00000-0000,Private      ,2,6,8,2,27,29
03298300,ALBERTA COLLEGE OF ART & DESIGN         ,CN,00000-0000,Public       ,3,1,4,18,9,27
03332500,KWANTLEN UNIVERSITY COLLEGE             ,CN,00000-0000,Public       ,1,3,4,5,11,16
03335400,CANADIAN UNIVERSITY COLLEGE             ,CN,00000-0000,Private      ,3,2,5,35,10,45
03339300,ST. STEPHENS UNIVERSITY                 ,CN,00000-0000,Private      ,0,1,1,7,4,11
03348500,REDEEMER UNIVERSITY COLLEGE             ,CN,00000-0000,Private      ,1,1,2,14,6,20
03408300,CANDIAN NAZARENE UNIVERSITY COLLEGE     ,CN,00000-0000,Private      ,0,0,0,1,1,2
03420300,HOLLAND COLLEGE                         ,CN,00000-0000,Public       ,1,0,1,14,4,18
03421300,LOYALIST COLLEGE OF APPLIED ARTS &      ,CN,00000-0000,Public       ,0,0,0,1,0,1
03511300,CN CLG ACUPUNCTURE & ORIENTAL MED       ,CN,00000-0000,Private      ,0,0,0,1,4,5
03560400,NIAGARA COLLEGE-WELLAND CAMPUS          ,CN,00000-0000,Public       ,4,0,4,5,8,13
03613300,UNIV OF NORTHERN BRITISH COLUMBIA       ,CN,00000-0000,Public       ,1,4,5,7,11,18
03644400,CANADIAN MENNONITE UNIVERSITY           ,CN,00000-0000,Private      ,1,1,2,10,3,13
03674400,CANADIAN SOUTHERN BAPTIST SEMINARY      ,CN,00000-0000,Private      ,0,0,0,0,1,1
03711300,CAPILANO UNIVERSITY                     ,CN,00000-0000,Public       ,3,1,4,22,17,39
03745300,BRITISH COLUMBIA INSTITUTE OF TECHNOLOGY,CN,00000-0000,Public       ,0,3,3,6,12,18
03846300,PACIFIC LIFE BIBLE COLLEGE              ,CN,00000-0000,Private      ,1,0,1,10,2,12
03847300,CRANDALL UNIVERSITY                     ,CN,00000-0000,Private      ,0,0,0,5,2,7
04123100,ATLANTIC SCHOOL OF THEOLOGY             ,CN,00000-0000,Public       ,0,0,0,1,1,2
04156700,AMBROSE UNIVERSITY COLLEGE              ,CN,00000-0000,Private      ,0,1,1,3,8,11
00814700,UNIVERSIDAD AUTONOMA DE GUADALAJARA     ,MX,00000-0000,Private      ,6,134,140,70,914,984
01041800,INST TEC Y DE ESTSUPER DE MONTERRE      ,MX,00000-0000,Private      ,4,10,14,62,62,124
01067600,UNIVERSIDAD DE MONTERREY                ,MX,00000-0000,Private      ,1,9,10,22,41,63
01093800,UNIVERSIDAD DE GUANAJUATO               ,MX,00000-0000,Public       ,4,2,6,14,28,42
01097600,INSTITUTO ALLENDE                       ,MX,00000-0000,Private      ,0,0,0,6,15,21
02053300,CENTRO DE ESTUDIOS UNIVERSITARIOS D     ,MX,00000-0000,Private      ,54,66,120,126,209,335
01001000,AMERICAN SAMOA CMNTY COLLEGE            ,AS,96799-2609,Public       ,853,208,1061,1501,432,1933
01034300,COLLEGE OF MICRONESIA - FSM             ,FM,96941-0159,Public       ,662,453,1115,1972,896,2868
01100900,PALAU COMMUNITY COLLEGE                 ,PW,96940-0009,Public       ,153,92,245,911,358,1269
03022400,COLLEGE OF THE MARSHALL ISLANDS         ,MH,96960-1258,Public       ,471,152,623,738,332,1070
03033000,NORTHERN MARIANAS COLLEGE               ,MP,96950-0000,Public       ,277,184,461,619,396,1015
