OPE ID,School,State,Zip Code,School Type,20122013Qtr4_Dependent Students,20122013Qtr4_Independent Students,Quarterly Total,YTD_20122013Qtr4_Dependent Students,YTD_20122013Qtr4_Independent Students,Award Year To Date Total
00100200,ALABAMA AGRCLTL & MECHL UNIV            ,AL,35762-1357,Public       ,202,213,415,7005,3637,10642
00100300,FAULKNER UNIVERSITY                     ,AL,36109-3398,Private      ,122,336,458,2116,4615,6731
00100400,UNIVERSITY OF MONTEVALLO                ,AL,35115-6000,Public       ,133,137,270,2558,1664,4222
00100500,ALABAMA STATE UNIVERSITY                ,AL,36101-0000,Public       ,482,534,1016,10181,6349,16530
00100700,CENTRAL ALABAMA COMMUNITY COLLEGE       ,AL,35011-0000,Public       ,93,291,384,1603,2245,3848
00100800,ATHENS STATE UNIVERSITY                 ,AL,35611-1999,Public       ,63,286,349,946,3707,4653
00100900,AUBURN UNIVERSITY                       ,AL,36849-5113,Public       ,877,456,1333,20048,6873,26921
00101200,BIRMINGHAM SOUTHERN COLLEGE             ,AL,35254-0002,Private      ,112,125,237,2260,968,3228
00101300,CALHOUN COMMUNITY COLLEGE               ,AL,35609-2216,Public       ,436,1091,1527,5433,8978,14411
00101500,ENTERPRISE STATE COMMUNITY COLLEGE      ,AL,36331-1300,Public       ,99,295,394,1288,2077,3365
00101600,UNIVERSITY OF NORTH ALABAMA             ,AL,35632-0001,Public       ,309,292,601,5692,3334,9026
00101700,GADSDEN STATE COMMUNITY COLLEGE         ,AL,35903-2269,Public       ,246,832,1078,3619,6688,10307
00101800,GEORGE C WALLACE COMMUNITY COLLEGE      ,AL,36303-0943,Public       ,203,587,790,2420,4718,7138
00101900,HUNTINGDON COLLEGE                      ,AL,36106-2148,Private      ,90,88,178,1694,871,2565
00102000,JACKSONVILLE STATE UNIVERSITY           ,AL,36265-1602,Public       ,373,563,936,7707,6229,13936
00102100,JEFFERSON DAVIS COMMUNITY COLLEGE       ,AL,36427-2790,Public       ,37,101,138,606,921,1527
00102200,JEFFERSON STATE COMMUNITY COLLEGE       ,AL,35215-3098,Public       ,417,1187,1604,5162,9835,14997
00102300,JUDSON COLLEGE                          ,AL,36756-2504,Private      ,13,10,23,378,163,541
00102400,UNIVERSITY OF WEST ALABAMA              ,AL,35470-0000,Public       ,144,424,568,2618,5705,8323
00102600,MARION MILITARY INSTITUTE               ,AL,36756-3214,Public       ,26,12,38,554,81,635
00102800,MILES COLLEGE                           ,AL,35064-2697,Private      ,86,115,201,2505,1527,4032
00102900,UNIVERSITY OF MOBILE                    ,AL,36613-0000,Private      ,128,242,370,2049,2639,4688
00103000,BISHOP STATE COMMUNITY COLLEGE          ,AL,36603-5898,Public       ,232,778,1010,2703,5700,8403
00103100,NORTHEAST ALABAMA STATE CMNTY COLG      ,AL,35986-0159,Public       ,123,248,371,1557,2317,3874
00103300,OAKWOOD COLLEGE                         ,AL,35896-0001,Private      ,56,125,181,2056,1363,3419
00103400,ALABAMA SOUTHERN COMMUNITY COLLEGE      ,AL,36460-5698,Public       ,91,178,269,1171,1278,2449
00103600,SAMFORD UNIVERSITY                      ,AL,35229-7000,Private      ,179,248,427,3921,3429,7350
00103800,SNEAD STATE COMMUNITY COLLEGE           ,AL,35957-0734,Public       ,95,267,362,1588,2224,3812
00104000,SOUTHERN UNION STATE COMMUNITY CLG      ,AL,36276-0000,Public       ,230,431,661,3856,3679,7535
00104100,SPRING HILL COLLEGE                     ,AL,36608-1791,Private      ,103,109,212,1967,1106,3073
00104400,STILLMAN COLLEGE                        ,AL,35403-1430,Private      ,90,81,171,2053,786,2839
00104600,TALLADEGA COLLEGE                       ,AL,35160-2354,Private      ,46,56,102,1027,600,1627
00104700,TROY UNIVERSITY                         ,AL,36082-0001,Public       ,548,2056,2604,9503,23702,33205
00105000,TUSKEGEE UNIVERSITY                     ,AL,36088-1645,Private      ,222,87,309,6102,1644,7746
00105100,UNIVERSITY OF ALABAMA (THE)             ,AL,35487-0120,Public       ,1352,992,2344,27696,12087,39783
00105200,UNIVERSITY OF ALABAMA AT BIRMINGHAM     ,AL,35294-1150,Public       ,743,1250,1993,12389,14249,26638
00105500,UNIVERSITY OF ALABAMA IN HUNTSVILLE     ,AL,35899-0001,Public       ,334,436,770,5532,5295,10827
00105700,UNIVERSITY OF SOUTH ALABAMA             ,AL,36688-0002,Public       ,610,970,1580,10998,11153,22151
00105900,LAWSON STATE COMMUNITY COLLEGE          ,AL,35221-1798,Public       ,130,471,601,2452,4357,6809
00105901,LAWSON STATE COMMUNITY COLLEGE - BESSEME,AL,35021-0308,Public       ,56,183,239,919,1649,2568
00106000,FAULKNER STATE COMMUNITY COLLEGE        ,AL,36507-2698,Public       ,280,479,759,3640,4040,7680
00526000,J.F. DRAKE STATE TECH COLLEGE           ,AL,35811-1584,Public       ,67,323,390,681,2325,3006
00569100,SHELTON STATE COMMUNITY CLG             ,AL,35405-4017,Public       ,338,604,942,4813,4628,9441
00569200,REID STATE TECHNICAL COLLEGE            ,AL,36401-0000,Public       ,29,92,121,313,737,1050
00569700,NORTHWEST- SHOALS COMMUNITY COLLEGE     ,AL,35661-0000,Public       ,181,388,569,2179,2838,5017
00569900,GEORGE C WALLACE STATE CMTY COLLEGE     ,AL,36703-0000,Public       ,75,235,310,1227,2151,3378
00573300,BEVILL STATE CMTY COLLEGE-WALKER        ,AL,35148-0000,Public       ,154,468,622,2304,3880,6184
00573400,H. COUNCILL TRENHOLM STATE TECH COLLEGE ,AL,36108-0020,Public       ,117,385,502,1069,2647,3716
00573401,H. C. TRENHOLM ST TECH COL-PATTERSON CAM,AL,36116-2612,Public       ,60,198,258,640,1509,2149
00787100,GEORGE C WALLACE STATE CMTY CLG         ,AL,35077-2000,Public       ,272,539,811,3769,5207,8976
00831000,AUBURN UNIVERSITY-MONTGOMERY            ,AL,36124-0000,Public       ,235,419,654,4819,5477,10296
00898800,LURLEEN B WALLACE COMMUNITY COLLEGE     ,AL,36420-0418,Public       ,63,177,240,1120,1492,2612
01055400,CONCORDIA COLLEGE                       ,AL,36701-3323,Private      ,16,36,52,841,609,1450
01218200,CHATTAHOOCHEE VALLEY CMTY CLG           ,AL,36869-7917,Public       ,83,237,320,1168,2134,3302
01303906,SOUTH UNIVERSITY - MONTGOMERY           ,AL,36116-1120,Proprietary  ,62,201,263,547,1899,2446
02170600,UNITED STATES SPORTS ACADEMY            ,AL,36526-7055,Private      ,2,100,102,47,812,859
02199700,HERITAGE CHRISTIAN UNIVERSITY           ,AL,35630-0000,Private      ,8,16,24,35,97,132
02270400,SOUTHEASTERN BIBLE COLLEGE              ,AL,35244-2083,Private      ,11,37,48,142,366,508
02285000,PAUL MITCHELL THE SCHOOL HUNTSVILLE     ,AL,35758-0000,Proprietary  ,17,29,46,104,170,274
02296000,PRINCE INSTITUTE OF PROFESSIONAL STUDIES,AL,36117-0000,Proprietary  ,6,43,49,68,386,454
02341000,FORTIS COLLEGE                          ,AL,36609-0000,Proprietary  ,85,376,461,773,2559,3332
02503400,AMRIDGE UNIVERSITY                      ,AL,36124-0000,Private      ,14,112,126,116,1304,1420
02605500,REMINGTON COLLEGE - MOBILE CAMPUS       ,AL,36609-5593,Private      ,95,365,460,1005,2753,3758
03010600,VIRGINIA COLLEGE                        ,AL,35209-5154,Proprietary  ,474,3047,3521,3398,24494,27892
03010602,VIRGINIA COLLEGE - HUNTSVILLE           ,AL,35805-0000,Proprietary  ,25,150,175,301,1407,1708
03010607,VIRGINIA COLLEGE - MOBILE               ,AL,36608-1626,Proprietary  ,52,239,291,468,1700,2168
03010616,VIRGINIA COLLEGE - MONTGOMERY           ,AL,36117-2802,Proprietary  ,41,222,263,537,2095,2632
03032500,ALABAMA STATE CLG BARBER STYLING        ,AL,35215-0000,Proprietary  ,8,26,34,100,205,305
03361400,FORTIS COLLEGE                          ,AL,36535-0000,Proprietary  ,21,102,123,171,759,930
03459300,SOUTHEASTERN SCHOOL OF COSMETOLOGY      ,AL,35228-0000,Private      ,2,32,34,59,207,266
03783300,BLUE CLIFF CAREER COLLEGE               ,AL,63306-4749,Proprietary  ,13,64,77,116,458,574
03894300,HUNTSVILLE BIBLE COLLEGE                ,AL,35811-0000,Private      ,3,29,32,30,242,272
04066300,CARDIAC AND VASCULAR INSTITUTE OF ULTRAS,AL,36604-1411,Proprietary  ,7,50,57,75,372,447
04067300,SELMA UNIVERSITY                        ,AL,36701-0000,Private      ,11,47,58,225,556,781
04121500,COLUMBIA SOUTHERN UNIVERSITY            ,AL,36561-3815,Proprietary  ,56,1530,1586,450,13222,13672
04149200,XCELL ACADEMY-A PAUL MITCHELL PARTNER SC,AL,35216-4990,Proprietary  ,17,43,60,105,259,364
04187200,NEW BEGINNING COLLEGE OF COSMETOLOGY    ,AL,35950-2415,Proprietary  ,4,18,22,56,176,232
04187300,HAIR ACADEMY (THE)                      ,AL,36111-2201,Proprietary  ,6,20,26,68,216,284
04197500,UNIVERSITY ACADEMY OF HAIR DESIGN       ,AL,35476-3100,Proprietary  ,8,13,21,25,60,85
04211000,SALON PROFESSIONAL ACADEMY (THE)        ,AL,35816-1849,Proprietary  ,8,17,25,8,17,25
00111100,ALLAN HANCOCK COLLEGE                   ,CA,93454-6399,Public       ,324,772,1096,5009,5880,10889
00111300,ANTELOPE VALLEY COLLEGE                 ,CA,93536-5426,Public       ,568,1515,2083,7443,12124,19567
00111600,ART CENTER COLLEGE OF DESIGN            ,CA,91103-1999,Private      ,135,148,283,2060,1699,3759
00111700,AZUSA PACIFIC UNIVERSITY                ,CA,91702-7000,Private      ,386,842,1228,10775,9067,19842
00111800,BAKERSFIELD COLLEGE                     ,CA,93305-1299,Public       ,702,1467,2169,11192,13001,24193
00111900,BARSTOW COMMUNITY COLLEGE               ,CA,92311-6608,Public       ,171,635,806,1454,4547,6001
00112000,AMER BAPT SEM OF THE WEST-BERKELEY      ,CA,94704-0000,Private      ,2,4,6,13,65,78
00112100,BETHANY UNIVERSITY /  ASSEMBLIES OF GOD ,CA,95066-2896,Private      ,0,0,0,4,13,17
00112200,BIOLA UNIVERSITY                        ,CA,90639-0001,Private      ,220,116,336,7134,2430,9564
00112300,BROOKS INSTITUTE                        ,CA,93103-1809,Proprietary  ,50,53,103,809,586,1395
00112400,CABRILLO COLLEGE                        ,CA,95003-3194,Public       ,358,749,1107,5484,6216,11700
00112500,CALIFORNIA BAPTIST UNIVERSITY           ,CA,92504-3297,Private      ,223,459,682,6785,4927,11712
00112700,CALIFORNIA COLLEGE OF THE ARTS          ,CA,94107-2206,Private      ,119,160,279,2535,2205,4740
00113100,CALIFORNIA INSTITUTE OF TECHNOLOGY      ,CA,91125-0001,Private      ,201,85,286,3917,837,4754
00113200,CALIFORNIA INSTITUTE OF THE ARTS        ,CA,91355-2397,Private      ,132,81,213,2541,1719,4260
00113300,CALIFORNIA LUTHERAN UNIVERSITY          ,CA,91360-2787,Private      ,123,145,268,5202,1921,7123
00113400,CALIFORNIA MARITIME ACADEMY             ,CA,94590-8181,Public       ,36,27,63,1050,499,1549
00113700,CALIF STATE UNIV-FULLERTON              ,CA,92831-3599,Public       ,1485,1201,2686,50893,24777,75670
00113800,"CALIFORNIA STATE UNIVERSITY, EAST BAY   ",CA,94542-3000,Public       ,556,844,1400,15916,14697,30613
00113900,CALIF STATE UNIV-LONG BEACH             ,CA,90840-0006,Public       ,1884,1157,3041,62000,26473,88473
00114000,CALIF STATE UNIV-LOS ANGELES            ,CA,90032-4226,Public       ,1045,1115,2160,35034,24324,59358
00114100,"CALIF STATE UNIV, DOMINGUEZ HILLS       ",CA,90747-0001,Public       ,481,772,1253,18244,16651,34895
00114200,CALIF STATE UNIV SAN BERNARDINO         ,CA,92407-2397,Public       ,595,706,1301,21914,15608,37522
00114300,CAL POLY STATE UNIVERSITY               ,CA,93407-0001,Public       ,1024,313,1337,37509,5032,42541
00114400,CALIF STATE POLYTECHNIC UNIV POMONA     ,CA,91768-2500,Public       ,805,514,1319,33571,12225,45796
00114600,CALIF STATE UNIV - CHICO                ,CA,95929-0001,Public       ,722,399,1121,20970,7456,28426
00114700,CALIF STATE UNIV - FRESNO               ,CA,93740-8026,Public       ,830,725,1555,25832,13692,39524
00114900,HUMBOLDT STATE UNIVERSITY               ,CA,95521-8299,Public       ,385,210,595,12345,4331,16676
00115000,CALIF STATE UNIV-SACRAMENTO             ,CA,95819-6044,Public       ,1008,1053,2061,32281,21750,54031
00115100,SAN DIEGO STATE UNIVERSITY              ,CA,92182-1690,Public       ,1995,1449,3444,58264,23357,81621
00115300,CALIF STATE UNIV-NORTHRIDGE             ,CA,91330-8307,Public       ,1128,1033,2161,43615,23805,67420
00115400,SAN FRANCISCO STATE UNIVERSITY          ,CA,94132-1740,Public       ,1147,1083,2230,38700,21750,60450
00115500,SAN JOSE STATE UNIVERSITY               ,CA,95192-0036,Public       ,959,892,1851,32165,18627,50792
00115600,SONOMA STATE UNIVERSITY                 ,CA,94928-3609,Public       ,372,221,593,12786,4097,16883
00115700,CALIF STATE UNIV-STANISLAUS             ,CA,95382-0299,Public       ,226,289,515,10341,6924,17265
00116100,CERRITOS COLLEGE                        ,CA,90650-6296,Public       ,913,1521,2434,18623,15242,33865
00116200,CHABOT COLLEGE                          ,CA,94545-2400,Public       ,439,963,1402,6946,8721,15667
00116300,CHAFFEY COLLEGE                         ,CA,91737-9400,Public       ,883,1651,2534,15780,16027,31807
00116400,CHAPMAN UNIVERSITY                      ,CA,92866-1099,Private      ,386,232,618,11310,3893,15203
00116453,CHAPMAN UNIVERSITY SCHOOL OF LAW        ,CA,92866-0000,Private      ,8,34,42,90,1844,1934
00116500,CHURCH DIV SCH OF THE PACIFIC           ,CA,94709-0000,Private      ,0,1,1,2,62,64
00116600,CITRUS COLLEGE                          ,CA,91741-1899,Public       ,408,771,1179,10645,7923,18568
00116900,CLAREMONT GRADUATE UNIVERSITY           ,CA,91711-0000,Private      ,3,118,121,25,2063,2088
00117000,CLAREMONT MCKENNA COLLEGE               ,CA,91711-6400,Private      ,118,9,127,3797,219,4016
00117100,HARVEY MUDD COLLEGE                     ,CA,91711-5990,Private      ,63,9,72,2720,109,2829
00117200,PITZER COLLEGE                          ,CA,91711-6101,Private      ,105,19,124,3260,232,3492
00117300,POMONA COLLEGE                          ,CA,91711-6301,Private      ,126,27,153,5280,275,5555
00117400,SCRIPPS COLLEGE                         ,CA,91711-3948,Private      ,39,13,52,1955,173,2128
00117600,WEST HILLS COMMUNITY COLLEGE            ,CA,93210-1399,Public       ,92,180,272,1530,1434,2964
00117700,COGSWELL POLYTECHNICAL COLLEGE          ,CA,94089-1210,Proprietary  ,29,28,57,350,199,549
00117800,COLLEGE OF MARIN                        ,CA,94904-2590,Public       ,67,269,336,1272,2771,4043
00117801,COLG OF MARIN-INDIAN VALLEY CMPS        ,CA,94949-0000,Public       ,17,102,119,272,806,1078
00117900,NOTRE DAME DE NAMUR UNIVERSITY          ,CA,94002-1997,Private      ,59,118,177,1848,1553,3401
00118100,COLLEGE OF SAN MATEO                    ,CA,94402-3784,Public       ,226,403,629,3576,3582,7158
00118200,COLLEGE OF THE DESERT                   ,CA,92260-9305,Public       ,314,730,1044,6190,6702,12892
00118300,HOLY NAMES UNIVERSITY                   ,CA,94619-1699,Private      ,45,104,149,1137,1314,2451
00118500,COLLEGE OF THE REDWOODS                 ,CA,95501-9300,Public       ,207,604,811,2818,4518,7336
00118600,COLLEGE OF THE SEQUOIAS                 ,CA,93277-2234,Public       ,449,1082,1531,7521,8067,15588
00118700,COLLEGE OF THE SISKIYOUS                ,CA,96094-2899,Public       ,61,173,234,1175,1436,2611
00118701,COLLEGE OF THE SISKIYOUS - YREKA CENTER ,CA,96097-9538,Public       ,10,58,68,159,449,608
00119000,CONTRA COSTA COLLEGE                    ,CA,94806-3195,Public       ,160,508,668,2638,4685,7323
00119100,DIABLO VALLEY COLLEGE                   ,CA,94523-1544,Public       ,451,836,1287,6498,6716,13214
00119200,CUESTA COLLEGE                          ,CA,93403-8106,Public       ,318,593,911,5140,4513,9653
00119300,CYPRESS COLLEGE                         ,CA,90630-5897,Public       ,582,1031,1613,11676,10149,21825
00119600,DOMINICAN UNIVERSITY OF CALIFORNIA      ,CA,94901-2298,Private      ,92,106,198,3212,1564,4776
00119700,EL CAMINO COLLEGE                       ,CA,90506-0002,Public       ,670,1316,1986,15160,14389,29549
00119701,COMPTON COMMUNITY COLLEGE               ,CA,90221-5393,Public       ,160,483,643,3641,6299,9940
00119900,FOOTHILL COLLEGE                        ,CA,94022-4597,Public       ,228,482,710,3833,4979,8812
00120000,FULLER THEOLOGICAL SEMINARY             ,CA,91182-0000,Private      ,1,110,111,19,2346,2365
00120100,FULLERTON COLLEGE                       ,CA,92832-2095,Public       ,694,1064,1758,14502,9954,24456
00120200,GAVILAN COLLEGE                         ,CA,95020-9599,Public       ,118,245,363,2070,2545,4615
00120300,GLENDALE COMMUNITY COLLEGE              ,CA,91208-2894,Public       ,378,717,1095,10709,10034,20743
00120500,GOLDEN GATE UNIVERSITY                  ,CA,94105-2967,Private      ,19,258,277,229,4046,4275
00120600,GOLDEN WEST COLLEGE                     ,CA,92647-2748,Public       ,484,898,1382,9817,8895,18712
00120700,GRADUATE THEOLOGICAL UNION              ,CA,94709-0000,Private      ,0,10,10,1,339,340
00120800,GROSSMONT COLLEGE                       ,CA,92020-1798,Public       ,673,1341,2014,10742,12351,23093
00120900,HARTNELL COMMUNITY COLLEGE              ,CA,93901-1697,Public       ,212,381,593,4216,3745,7961
00121200,HUMPHREYS COLLEGE                       ,CA,95207-3896,Private      ,26,113,139,429,1520,1949
00121400,IMPERIAL VALLEY COLLEGE                 ,CA,92251-9787,Public       ,208,431,639,4728,4217,8945
00121500,LA SIERRA UNIVERSITY                    ,CA,92515-3332,Private      ,128,115,243,3607,1670,5277
00121600,UNIVERSITY OF LA VERNE                  ,CA,91750-4443,Private      ,204,479,683,6001,7210,13211
00121700,LASSEN COLLEGE                          ,CA,96130-3000,Public       ,43,114,157,569,861,1430
00121800,LOMA LINDA UNIVERSITY                   ,CA,92350-0001,Private      ,68,220,288,1427,6482,7909
00121900,LONG BEACH CITY COLLEGE                 ,CA,90808-1780,Public       ,903,1581,2484,19716,19163,38879
00122000,MASTER'S COLLEGE & SEMINARY (THE)       ,CA,91321-1200,Private      ,45,39,84,1610,577,2187
00122300,LOS ANGELES CITY COLLEGE                ,CA,90029-3588,Public       ,572,1646,2218,11355,17246,28601
00122400,LOS ANGELES HARBOR COLLEGE              ,CA,90744-2397,Public       ,249,513,762,5041,5777,10818
00122600,LOS ANGELES PIERCE COLLEGE              ,CA,91371-0001,Public       ,677,1179,1856,14021,11976,25997
00122700,LOS ANGELES TRADE TECH COLLEGE          ,CA,90015-4181,Public       ,456,1471,1927,7483,14198,21681
00122800,LOS ANGELES VALLEY COLLEGE              ,CA,91401-4096,Public       ,519,1075,1594,10422,11910,22332
00122900,SO CA UNIV  HEALTH SCIENCES             ,CA,90604-4051,Private      ,3,56,59,55,796,851
00123000,SOUTHERN CA COLLEGE OF OPTOMETRY        ,CA,92831-1699,Private      ,0,3,3,28,562,590
00123200,AMERICAN RIVER COLLEGE                  ,CA,95841-4286,Public       ,1010,2897,3907,15381,26182,41563
00123300,SACRAMENTO CITY COLLEGE                 ,CA,95822-1386,Public       ,970,2288,3258,15691,20628,36319
00123600,MENLO COLLEGE                           ,CA,94027-4301,Private      ,55,15,70,1782,227,2009
00123700,MERCED COMMUNITY COLLEGE                ,CA,95348-2898,Public       ,375,798,1173,7092,6884,13976
00123800,MILLS COLLEGE                           ,CA,94613-1301,Private      ,61,147,208,1942,2149,4091
00123900,MIRACOSTA COLLEGE                       ,CA,92056-3899,Public       ,396,977,1373,5331,7418,12749
00124000,MODESTO JUNIOR COLLEGE                  ,CA,95350-5800,Public       ,658,1552,2210,11186,13702,24888
00124200,MONTEREY PENINSULA COLLEGE              ,CA,93940-4799,Public       ,176,375,551,3038,3064,6102
00124300,MOUNT ST MARYS COLLEGE                  ,CA,90049-1599,Private      ,101,206,307,3617,3014,6631
00124500,MT. SAN ANTONIO COLLEGE                 ,CA,91789-1399,Public       ,676,1380,2056,20634,17061,37695
00124600,MT SAN JACINTO COLLEGE                  ,CA,92583-2399,Public       ,732,1569,2301,9886,13518,23404
00124700,NAPA VALLEY COLLEGE                     ,CA,94558-6236,Public       ,183,396,579,3276,3500,6776
00124900,OCCIDENTAL COLLEGE                      ,CA,90041-3314,Private      ,149,49,198,5675,505,6180
00125000,ORANGE COAST COLLEGE - FIN AID OFF      ,CA,92628-5005,Public       ,711,1185,1896,15649,11980,27629
00125100,OTIS COLLEGE OF ART AND DESIGN          ,CA,90045-3505,Private      ,84,94,178,1863,1007,2870
00125200,HOPE INTERNATIONAL UNIVERSITY           ,CA,92631-0000,Private      ,39,105,144,916,1183,2099
00125300,FRESNO PACIFIC UNIVERSITY               ,CA,93702-4798,Private      ,137,352,489,2794,4411,7205
00125400,PACIFIC LUTHERAN THEOLOGICAL SEM        ,CA,94708-0000,Private      ,0,4,4,4,79,83
00125500,PACIFIC OAKS COLLEGE                    ,CA,91103-3606,Private      ,5,116,121,75,1227,1302
00125600,PACIFIC SCHOOL OF RELIGION              ,CA,94709-0000,Private      ,0,8,8,2,190,192
00125800,PACIFIC UNION COLLEGE                   ,CA,94508-9797,Private      ,48,45,93,2073,602,2675
00125900,PALO VERDE COLLEGE                      ,CA,92225-0000,Public       ,26,61,87,304,526,830
00126000,PALOMAR COLLEGE                         ,CA,92069-1486,Public       ,664,1233,1897,10961,10529,21490
00126100,PASADENA CITY COLLEGE                   ,CA,91106-2003,Public       ,965,1578,2543,20667,14786,35453
00126200,POINT LOMA NAZARENE UNIVERSITY          ,CA,92106-2899,Private      ,173,169,342,5130,1807,6937
00126600,LANEY COLLEGE                           ,CA,94607-4893,Public       ,299,1090,1389,4551,9493,14044
00126700,MERRITT COLLEGE                         ,CA,94619-3196,Public       ,167,671,838,2733,6081,8814
00126800,PORTERVILLE COLLEGE                     ,CA,93257-6059,Public       ,172,311,483,2522,2709,5231
00126900,RIO HONDO COLLEGE                       ,CA,90601-1699,Public       ,556,906,1462,13446,10256,23702
00127000,RIVERSIDE CITY COLLEGE                  ,CA,92506-1299,Public       ,1005,2008,3013,21613,21797,43410
00127200,SAN BERNARDINO VALLEY COLLEGE           ,CA,92410-2798,Public       ,640,1608,2248,10780,15088,25868
00127300,SAN DIEGO CITY COLLEGE                  ,CA,92101-4787,Public       ,845,2295,3140,12128,17812,29940
00127500,SAN DIEGO MESA COLLEGE                  ,CA,92111-4996,Public       ,795,1681,2476,12938,14939,27877
00127800,SAN FRANCISCO CONSERVATORY OF MUSIC     ,CA,94122-4498,Private      ,23,42,65,403,485,888
00127900,SAN FRANCISCO THEOLOGICAL SEMINARY      ,CA,94960-0000,Private      ,0,1,1,3,77,80
00128000,SAN JOAQUIN DELTA COLLEGE               ,CA,95207-6370,Public       ,683,1690,2373,11066,13734,24800
00128100,WILLIAM JESSUP UNIVERSITY               ,CA,95765-3707,Private      ,56,67,123,1114,782,1896
00128200,SAN JOSE CITY COLLEGE                   ,CA,95128-2797,Public       ,278,785,1063,5405,7814,13219
00128400,SANTA ANA COLLEGE                       ,CA,92706-3398,Public       ,428,859,1287,9561,8938,18499
00128500,SANTA BARBARA CITY COLLEGE              ,CA,93109-2394,Public       ,501,800,1301,9880,6786,16666
00128600,SANTA MONICA COLLEGE                    ,CA,90405-1644,Public       ,927,1328,2255,22663,13586,36249
00128700,SANTA ROSA JUNIOR COLLEGE               ,CA,95401-4395,Public       ,446,1011,1457,7200,8792,15992
00128800,CLAREMONT SCHOOL OF THEOLOGY            ,CA,91711-0000,Private      ,0,25,25,7,306,313
00128900,SHASTA COLLEGE                          ,CA,96049-7692,Public       ,263,812,1075,4459,6500,10959
00129000,SIERRA COLLEGE                          ,CA,95677-3397,Public       ,647,1262,1909,9401,11324,20725
00129100,SIMPSON UNIVERSITY                      ,CA,96003-8606,Private      ,49,106,155,1360,1335,2695
00129200,SOLANO COMMUNITY COLLEGE                ,CA,94534-3197,Public       ,294,821,1115,4469,6730,11199
00129300,VANGUARD UNIVERSITY OF SOUTHERN CA      ,CA,92626-6597,Private      ,102,125,227,2776,1442,4218
00129400,SOUTHWESTERN COLLEGE                    ,CA,91910-7299,Public       ,658,1142,1800,10871,10302,21173
00129500,SOUTHWESTERN LAW SCHOOL                 ,CA,90010-1106,Private      ,9,64,73,107,2721,2828
00129600,DOMINICAN SCH PHILOSOPHY & THEOLOGY     ,CA,94709-0000,Private      ,0,5,5,7,77,84
00129900,ST JOHN'S SEMINARY COLLEGE              ,CA,93010-0000,Private      ,0,2,2,8,19,27
00130200,SAINT MARY'S COLLEGE OF CALIFORNIA      ,CA,94556-2744,Private      ,172,157,329,6287,2001,8288
00130500,STANFORD UNIVERSITY                     ,CA,94305-6106,Private      ,1165,302,1467,26664,4167,30831
00130501,STANFORD UNIVERSITY - GRADUATE SCHOOL OF,CA,94305-5301,Private      ,7,85,92,84,1669,1753
00130502,STANFORD UNIVERSITY - GRADUATE SCHOOL OF,CA,94305-5015,Private      ,7,124,131,102,2135,2237
00130503,STANFORD UNIVERSITY - STANFORD LAW SCHOO,CA,94305-3096,Private      ,33,59,92,243,2479,2722
00130700,FRESNO CITY COLLEGE                     ,CA,93741-0002,Public       ,1026,2432,3458,17971,19213,37184
00130800,REEDLEY COLLEGE                         ,CA,93654-2099,Public       ,435,740,1175,8012,6216,14228
00130900,TAFT COLLEGE                            ,CA,93268-2317,Public       ,82,173,255,1928,1688,3616
00131200,UNIVERSITY OF CALIFORNIA-BERKELEY       ,CA,94720-1520,Public       ,1522,1065,2587,58079,22404,80483
00131300,UNIVERSITY OF CALIFORNIA-DAVIS          ,CA,95616-8558,Public       ,1133,565,1698,53579,16967,70546
00131400,UNIVERSITY OF CALIFORNIA-IRVINE         ,CA,92697-2825,Public       ,1262,629,1891,59932,15346,75278
00131500,UNIVERSITY OF CALIFORNIA (UCLA)         ,CA,90095-9000,Public       ,2184,1666,3850,74580,31295,105875
00131502,UNIV OF CALIFORNIA LOS ANG SCH MED      ,CA,90095-0000,Public       ,44,33,77,425,1296,1721
00131503,UNIV OF CALIFORNIA LOS ANG DENTAL       ,CA,90095-0000,Public       ,8,16,24,143,295,438
00131600,UNIVERSITY OF CALIFORNIA-RIVERSIDE      ,CA,92521-0209,Public       ,859,575,1434,40637,10315,50952
00131700,UNIVERSITY OF CALIFORNIA-SAN DIEGO      ,CA,92093-0013,Public       ,1184,588,1772,54870,12605,67475
00131900,UNIVERSITY OF CALIFORNIA-SFRANCISCO     ,CA,94143-0246,Public       ,204,233,437,1885,5121,7006
00132000,UNIVERSITY OF CALIFORNIA-SANTA BARB     ,CA,93106-3180,Public       ,1245,346,1591,52559,8432,60991
00132100,UNIVERSITY OF CALIFORNIA-SANTA CRUZ     ,CA,95064-0001,Public       ,789,280,1069,35251,5723,40974
00132200,UNIVERSITY OF REDLANDS                  ,CA,92373-0999,Private      ,183,363,546,6034,3613,9647
00132500,UNIVERSITY OF SAN FRANCISCO             ,CA,94117-1080,Private      ,486,546,1032,12700,9418,22118
00132600,SANTA CLARA UNIVERSITY                  ,CA,95053-4956,Private      ,315,178,493,12234,4066,16300
00132604,JESUIT SCHOOL OF THEOLOGY - BERKELEY    ,CA,94709-1193,Private      ,1,4,5,6,71,77
00132800,UNIVERSITY OF SOUTHERN CALIFORNIA       ,CA,90089-0914,Private      ,1637,1774,3411,45743,32805,78548
00132900,UNIVERSITY OF THE PACIFIC               ,CA,95211-0197,Private      ,308,178,486,13315,4067,17382
00132901,UNIVERSITY OF THE PACIFIC - MCGEORGE SCH,CA,95817-2799,Private      ,13,45,58,215,2017,2232
00132902,UNIV OF THE PACIFIC SCH OF DENT         ,CA,94115-0000,Private      ,7,18,25,111,691,802
00133400,VENTURA COLLEGE                         ,CA,93003-3899,Public       ,441,892,1333,6753,6805,13558
00133500,VICTOR VALLEY COLLEGE                   ,CA,92395-5849,Public       ,407,1059,1466,7303,11534,18837
00133800,WEST VALLEY COLLEGE                     ,CA,95070-5697,Public       ,195,319,514,3245,3414,6659
00134100,WESTMONT COLLEGE                        ,CA,93108-1099,Private      ,80,13,93,2772,176,2948
00134200,WHITTIER COLLEGE                        ,CA,90601-4413,Private      ,122,61,183,4225,794,5019
00134201,WHITTIER COLLEGE - COLLEGE OF LAW       ,CA,92626-1501,Private      ,3,23,26,45,1590,1635
00134300,WOODBURY UNIVERSITY                     ,CA,91510-7846,Private      ,28,59,87,1279,1086,2365
00134400,YUBA COLLEGE                            ,CA,95901-7699,Public       ,249,789,1038,3711,5816,9527
00177212,TRINITY INTERNATIONAL UNIV-CA           ,CA,92705-0000,Private      ,2,24,26,11,390,401
00274100,AMERICAN JEWISH UNIVERSITY              ,CA,90077-1599,Private      ,10,11,21,119,148,267
00301002,ANTIOCH UNIV/LOS ANGELES                ,CA,90230-7615,Private      ,8,94,102,55,1180,1235
00301003,ANTIOCH  UNIV/SANTA BARBARA             ,CA,93101-0000,Private      ,39,52,91,717,684,1401
00369110,MIDDLEBURY COLLEGE - MONTEREY INSTITUTE ,CA,93940-2691,Private      ,1,67,68,39,918,957
00394700,UC-HASTINGS COLLEGE OF THE LAW          ,CA,94102-0000,Public       ,5,53,58,35,3556,3591
00394800,SAN FRANCISCO ART INSTITUTE             ,CA,94133-2299,Private      ,147,150,297,2283,1622,3905
00405402,HEBREW UNION COLLEGE JEWISH INSTITUTE OF,CA,90007-3717,Private      ,0,0,0,0,3,3
00408000,STARR KING SCHOOL FOR THE MINISTRY      ,CA,94709-1299,Private      ,0,8,8,3,115,118
00448000,DE ANZA COLLEGE                         ,CA,95014-5793,Public       ,579,868,1447,9236,7936,17172
00448100,OHLONE COLLEGE                          ,CA,94539-5847,Public       ,249,436,685,3791,3890,7681
00448400,JOHN F. KENNEDY UNIVERSITY              ,CA,94523-4817,Private      ,7,158,165,58,1693,1751
00449000,PATTEN UNIVERSITY                       ,CA,94601-2699,Private      ,10,20,30,169,312,481
00449400,EVEREST COLLEGE                         ,CA,92408-3752,Proprietary  ,66,189,255,571,1274,1845
00450200,CITY COLLEGE OF SAN FRANCISCO           ,CA,94112-0000,Public       ,669,2144,2813,11943,17396,29339
00450302,EVEREST COLLEGE - SANTA ANA             ,CA,92701-4559,Proprietary  ,39,73,112,400,645,1045
00563800,DOWNEY ADULT SCHOOL                     ,CA,90241-5610,Public       ,45,126,171,287,912,1199
00565500,HACIENDA LA PUENTE ADULT EDUC CTR       ,CA,91746-0000,Public       ,23,81,104,234,642,876
00616500,LA CNTY CLG OF NURSING & ALLD HLTH      ,CA,90033-1018,Public       ,15,59,74,275,748,1023
00672000,COLLEGE OF ALAMEDA                      ,CA,94501-2109,Public       ,137,429,566,2954,4097,7051
00673100,CASA LOMA COLLEGE                       ,CA,91405-4523,Private      ,28,87,115,262,681,943
00697300,CANADA COLLEGE                          ,CA,94061-1099,Public       ,101,284,385,1590,2361,3951
00697500,LINCOLN UNIVERSITY                      ,CA,94612-2801,Private      ,7,31,38,59,211,270
00701200,SAMUEL MERRITT COLLEGE                  ,CA,94609-3108,Private      ,18,211,229,437,2817,3254
00704700,LOS ANGELES SOUTHWEST COLLEGE           ,CA,90047-4810,Public       ,198,740,938,3584,8103,11687
00705000,BAY VISTA COLLEGE OF BEAUTY             ,CA,91950-3616,Proprietary  ,16,30,46,97,223,320
00711500,MOORPARK COLLEGE                        ,CA,93021-1695,Public       ,429,584,1013,6341,4863,11204
00713000,NEWBERRY SCHOOLS OF BEAUTY              ,CA,91344-7404,Proprietary  ,13,19,32,85,135,220
00714200,LYLE'S COLLEGE OF BEAUTY                ,CA,93710-3948,Proprietary  ,9,39,48,165,242,407
00716400,BRYAN COLLEGE                           ,CA,90057-0000,Proprietary  ,39,240,279,285,1936,2221
00718700,NORTH ADRIAN'S COLLEGE OF BEAUTY        ,CA,95350-2381,Proprietary  ,20,48,68,166,323,489
00719000,WYOTECH                                 ,CA,94539-7663,Proprietary  ,87,227,314,803,1616,2419
00720300,SALON SUCCESS ACADEMY                   ,CA,91786-4060,Proprietary  ,11,20,31,148,196,344
00720400,MODERN BEAUTY ACADEMY                   ,CA,93030-7016,Proprietary  ,1,12,13,56,86,142
00722900,WESTERN BEAUTY INSTITUTE                ,CA,91402-3104,Proprietary  ,43,86,129,250,447,697
00723400,HEALD COLLEGE                           ,CA,94105-2206,Proprietary  ,75,245,320,659,1962,2621
00725300,FEDERICO BEAUTY INSTITUTE               ,CA,95834-1905,Proprietary  ,33,67,100,339,476,815
00729600,COLEMAN COLLEGE                         ,CA,92123-0000,Private      ,27,156,183,323,1107,1430
00732909,ITT TECHNICAL INSTITUTE                 ,CA,92868-3506,Proprietary  ,163,466,629,714,2119,2833
00732971,ITT TECHNICAL INSTITUTE                 ,CA,95670-6047,Proprietary  ,77,283,360,558,1826,2384
00732976,ITT TECHNICAL INSTITUTE                 ,CA,92408-3519,Proprietary  ,163,403,566,1112,2350,3462
00732981,ITT TECHNICAL INSTITUTE                 ,CA,92123-2662,Proprietary  ,88,432,520,946,2908,3854
00732985,ITT TECHNICAL INSTITUTE                 ,CA,91773-2933,Proprietary  ,109,353,462,558,1493,2051
00732989,ITT TECHNICAL INSTITUTE                 ,CA,90502-1356,Proprietary  ,114,392,506,608,1887,2495
00732994,ITT TECHNICAL INSTITUTE                 ,CA,91342-3664,Proprietary  ,100,304,404,530,1518,2048
00746501,AMERICAN ACADEMY OF DRAMATIC ARTS - LOS ,CA,90028-7504,Private      ,0,0,0,571,183,754
00747600,MARINELLO SCHOOLS OF BEAUTY             ,CA,90023-2666,Proprietary  ,57,109,166,631,1142,1773
00747602,MARINELLO SCHOOLS OF BEAUTY - SPA ACADEM,CA,90048-5101,Proprietary  ,12,39,51,104,165,269
00747603,MARINELLO SCHOOLS OF BEAUTY - INGLEWOOD ,CA,90301-2306,Proprietary  ,6,19,25,47,69,116
00747604,MARINELLO SCHOOLS OF BEAUTY - RESEDA    ,CA,91335-4218,Proprietary  ,4,13,17,39,53,92
00747606,MARINELLO SCHOOLS OF BEAUTY - WEST COVIN,CA,91790-2805,Proprietary  ,2,10,12,59,77,136
00747607,MARINELLO SCHOOLS OF BEAUTY - SAN BERNAR,CA,92410-3261,Proprietary  ,6,32,38,251,383,634
00747608,MARINELLO SCHOOLS OF BEAUTY - ONTARIO   ,CA,91762-2113,Proprietary  ,22,46,68,179,246,425
00747609,MARINELLO SCHOOLS OF BEAUTY - WHITTIER  ,CA,90601-4107,Proprietary  ,11,24,35,138,191,329
00747610,MARINELLO SCHOOLS OF BEAUTY - LOMITA    ,CA,90717-1460,Proprietary  ,7,16,23,68,105,173
00747611,MARINELLO SCHOOLS OF BEAUTY - SAN DIEGO ,CA,92126-4217,Proprietary  ,16,52,68,264,372,636
00747612,MARINELLO SCHOOLS OF BEAUTY - EL CAJON  ,CA,92020-2503,Proprietary  ,16,38,54,71,137,208
00747613,MARINELLO SCHOOLS OF BEAUTY - VICTORVILL,CA,92392-5496,Proprietary  ,12,58,70,166,359,525
00747614,MARINELLO SCHOOLS OF BEAUTY - ANAHEIM   ,CA,92801-4622,Proprietary  ,33,55,88,142,203,345
00747615,MARINELLO SCHOOLS OF BEAUTY - SIMI VALLE,CA,93065-2801,Proprietary  ,9,33,42,82,161,243
00747700,"HEALD COLLEGE,SCHOOLS OF BUS & TECH     ",CA,95670-6005,Proprietary  ,79,193,272,541,1874,2415
00753100,ACADEMY OF ART UNIVERSITY               ,CA,94105-3410,Proprietary  ,612,1253,1865,8929,14327,23256
00753600,COSUMNES RIVER COLLEGE                  ,CA,95823-5799,Public       ,575,1328,1903,9883,12169,22052
00754802,WESTWOOD COLLEGE OF TECHNOLOGY          ,CA,92801-0000,Proprietary  ,52,63,115,959,824,1783
00754803,WESTWOOD COLLEGE OF TECHNOLOGY          ,CA,91786-0000,Proprietary  ,50,94,144,941,988,1929
00760600,EVEREST COLLEGE                         ,CA,90010-2221,Proprietary  ,42,137,179,433,832,1265
00760700,CONCORDE CAREER INSTITUTE               ,CA,91606-3134,Proprietary  ,54,130,184,350,782,1132
00770700,COLUMBIA COLLEGE                        ,CA,95370-8580,Public       ,101,246,347,1321,1715,3036
00771300,SKYLINE COLLEGE                         ,CA,94066-1698,Public       ,218,481,699,3691,4220,7911
00793000,CONCORDE CAREER INSTITUTE               ,CA,92108-0000,Proprietary  ,44,256,300,383,1500,1883
00799300,CALIF STATE UNIV BAKERSFIELD            ,CA,93311-1022,Public       ,339,488,827,10351,7710,18061
00807100,CONCORDE CAREER INSTITUTE               ,CA,92840-9201,Proprietary  ,59,115,174,453,950,1403
00807300,BUTTE COMMUNITY COLLEGE                 ,CA,95965-0000,Public       ,458,1051,1509,8092,9800,17892
00809000,EVEREST COLLEGE                         ,CA,91803-1310,Proprietary  ,59,160,219,473,1396,1869
00809300,HEALD COLLEGE                           ,CA,93704-1706,Proprietary  ,114,363,477,1484,3018,4502
00853200,HEALD COLLEGE                           ,CA,94545-2352,Proprietary  ,106,272,378,836,2047,2883
00853202,HEALD COLLEGE - MODESTO                 ,CA,95368-9095,Proprietary  ,60,165,225,668,1285,1953
00853700,CONCORDE CAREER INSTITUTE               ,CA,92401-0000,Proprietary  ,46,152,198,489,1307,1796
00859600,WEST LOS ANGELES COLLEGE                ,CA,90230-3500,Public       ,243,745,988,4493,7791,12284
00859700,FEATHER RIVER COLLEGE                   ,CA,95971-9124,Public       ,43,63,106,844,609,1453
00884400,CALIFORNIA CHRISTIAN COLLEGE            ,CA,93703-3599,Private      ,5,18,23,113,192,305
00884600,WRIGHT INSTITUTE                        ,CA,94704-0000,Private      ,1,20,21,3,530,533
00890300,COLLEGE OF THE CANYONS                  ,CA,91355-1899,Public       ,315,532,847,7813,6337,14150
00891800,SADDLEBACK COLLEGE                      ,CA,92692-3699,Public       ,521,915,1436,6509,7437,13946
00902200,ASSOCIATED TECHNICAL COLLEGE            ,CA,90017-0000,Proprietary  ,24,143,167,219,642,861
00903200,EMPIRE COLLEGE                          ,CA,95403-2122,Proprietary  ,22,114,136,190,684,874
00915706,WYOMING TECHNICAL INSTITUTE - WEST SACRA,CA,95605-1507,Proprietary  ,130,227,357,911,1515,2426
00927200,CRAFTON HILLS COLLEGE                   ,CA,92399-1799,Public       ,243,490,733,4265,4217,8482
00932500,ABRAM FRIEDMAN OCCUP CTR                ,CA,90015-3507,Public       ,0,0,0,87,186,273
00950900,SKILLS & BUSINESS EDUCATION CENTER      ,CA,95824-1529,Public       ,40,163,203,323,1259,1582
00974800,CARRINGTON COLLEGE CALIFORNIA           ,CA,95826-3203,Proprietary  ,145,434,579,1068,2963,4031
00974801,CARRINGTON COLLEGE CALIFORNIA - SAN LEAN,CA,94578-3711,Proprietary  ,30,80,110,315,656,971
00974802,CARRINGTON COLLEGE CALIFORNIA - PLEASANT,CA,94523-1984,Proprietary  ,25,62,87,213,552,765
00974803,CARRINGTON COLLEGE CALIFORNIA - STOCKTON,CA,95207-5509,Proprietary  ,36,112,148,426,723,1149
00974804,CARRINGTON COLLEGE CALIFORNIA - CITRUS H,CA,95621-5577,Proprietary  ,27,90,117,287,667,954
00974806,CARRINGTON COLLEGE CALIFORNIA -  ANTIOCH,CA,94531-1604,Proprietary  ,28,82,110,264,549,813
00974807,CARRINGTON COLLEGE CALIFORNIA - SAN JOSE,CA,95119-1325,Proprietary  ,57,129,186,498,1160,1658
00974808,CARRINGTON COLLEGE CALIFORNIA - EMERYVIL,CA,94608-3006,Proprietary  ,13,35,48,106,243,349
00974809,WESTERN CAREER COLLEGE -  EMERYVILLE SHE,CA,94608-3006,Proprietary  ,2,4,6,16,58,74
00998900,SANTA BARBARA BUSINESS COLLEGE          ,CA,93111-0000,Proprietary  ,29,71,100,353,606,959
01011100,CERRO-COSO COMMUNITY COLLEGE            ,CA,93555-9571,Public       ,81,346,427,1118,2783,3901
01014900,PEPPERDINE UNIVERSITY                   ,CA,90263-0000,Private      ,421,430,851,8872,6969,15841
01034000,LOS MEDANOS COLLEGE                     ,CA,94565-5197,Public       ,299,588,887,3802,5327,9129
01036500,CHARLES R DREW UNIV OF MED & SCI        ,CA,90059-0000,Private      ,6,91,97,169,1060,1229
01039500,UNIVERSITY OF SAN DIEGO                 ,CA,92110-2492,Private      ,876,603,1479,20446,6970,27416
01039501,UNIVERSITY OF SAN DIEGO - SCHOOL OF LAW ,CA,92110-2492,Private      ,30,87,117,258,3035,3293
01044100,PARDEE RAND GRADUATE SCHOOL             ,CA,90407-2138,Private      ,0,6,6,6,40,46
01047400,MARYMOUNT COLLEGE OF PALOS VERDES       ,CA,90275-0000,Private      ,42,14,56,1638,203,1841
01085400,THOMAS JEFFERSON SCHOOL OF LAW          ,CA,92110-0000,Private      ,4,107,111,47,2376,2423
01102400,EVEREST COLLEGE                         ,CA,94103-2091,Proprietary  ,23,104,127,199,620,819
01110700,EVEREST  COLLEGE                        ,CA,92801-5231,Proprietary  ,46,118,164,560,925,1485
01110900,EVEREST COLLEGE                         ,CA,91335-4631,Proprietary  ,45,168,213,420,1194,1614
01111200,FIDM-FASHION INSTITUTE OF DESIGN        ,CA,90015-1421,Proprietary  ,351,249,600,7077,2789,9866
01111700,ALLIANT INTERNATIONAL UNIVERSITY        ,CA,92131-1799,Private      ,14,128,142,167,2466,2633
01111705,ALLIANT INTERNATIONAL UNIVERSITY - LOS A,CA,91803-1360,Private      ,3,33,36,14,784,798
01111706,ALLIANT INTERNATIONAL UNIVERSITY - SAN F,CA,94133-1221,Private      ,10,40,50,53,923,976
01111707,ALLIANT INTERNATIONAL UNIVERSITY - FRESN,CA,93727-2014,Private      ,7,33,40,83,646,729
01112100,EVEREST COLLEGE                         ,CA,94541-4007,Proprietary  ,13,87,100,174,544,718
01112300,EVEREST COLLEGE                         ,CA,90247-4163,Proprietary  ,23,118,141,248,730,978
01146000,NATIONAL UNIVERSITY                     ,CA,92037-1011,Private      ,104,2518,2622,1014,19557,20571
01162600,PRACTICAL SCHOOLS                       ,CA,92805-0000,Proprietary  ,19,47,66,376,734,1110
01164900,LOYOLA MARYMOUNT UNIVERSITY             ,CA,90045-0000,Private      ,446,212,658,13762,4236,17998
01164901,LMU  - LOYOLA LAW SCHOOL                ,CA,90015-0019,Private      ,19,65,84,242,3504,3746
01167200,MENDOCINO COLLEGE                       ,CA,95482-3000,Public       ,80,247,327,1447,2185,3632
01170700,NORTH-WEST COLLEGE                      ,CA,91790-2097,Proprietary  ,42,119,161,273,567,840
01179200,FRANCISCAN SCHOOL OF THEOLOGY           ,CA,94709-0000,Private      ,1,3,4,3,44,47
01182000,SAN DIEGO MIRAMAR COLLEGE               ,CA,92126-0000,Public       ,346,996,1342,5751,8524,14275
01186500,CALIFORNIA HAIR DESIGN ACADEMY          ,CA,92115-0000,Proprietary  ,19,56,75,199,351,550
01186600,LU ROSS ACADEMY                         ,CA,93001-2927,Proprietary  ,34,88,122,164,296,460
01202600,JE BOUTIQUE COLLEGE OF BEAUTY           ,CA,92021-6247,Proprietary  ,11,33,44,120,231,351
01202700,GALEN COLLEGE OF CALIFORNIA             ,CA,93728-2381,Proprietary  ,6,29,35,72,202,274
01203100,SAN DIEGO CHRISTIAN COLLEGE             ,CA,92019-1157,Private      ,63,126,189,1009,1340,2349
01206100,EVEREST COLLEGE                         ,CA,95128-3908,Proprietary  ,32,99,131,329,722,1051
01215400,CALIFORNIA INSTITUTE OF INTEGRAL STUDIES,CA,94103-2557,Private      ,1,125,126,65,1743,1808
01230002,PALMER COLLEGE OF CHIROPRACTIC - WEST CA,CA,95134-1617,Private      ,2,14,16,31,427,458
01231600,MANCHESTER BEAUTY COLLEGE               ,CA,93726-5306,Proprietary  ,8,37,45,192,298,490
01231700,TULARE BEAUTY COLLEGE                   ,CA,93274-3432,Proprietary  ,2,6,8,45,69,114
01244600,UNIVERSAL COLLEGE OF BEAUTY             ,CA,90044-0044,Proprietary  ,11,26,37,106,148,254
01245200,EVERGREEN VALLEY COLLEGE                ,CA,95135-1598,Public       ,275,567,842,5479,6215,11694
01255000,LOS ANGELES MISSION COLLEGE             ,CA,91342-3200,Public       ,302,499,801,6324,5905,12229
01265000,MARINELLO SCHOOL OF BEAUTY              ,CA,91502-2828,Proprietary  ,21,46,67,170,325,495
01265001,MARINELLO SCHOOL OF BEAUTY - PALMDALE   ,CA,93550-4686,Proprietary  ,2,16,18,84,131,215
01284200,OXNARD COLLEGE                          ,CA,93030-0000,Public       ,223,545,768,3681,4560,8241
01287200,NORTH-WEST COLLEGE                      ,CA,91768-3199,Proprietary  ,34,101,135,305,606,911
01287300,WYOTECH                                 ,CA,90810-3800,Proprietary  ,120,353,473,1190,1987,3177
01287301,WYOTECH - EVEREST  COLLEGE              ,CA,90034-3158,Proprietary  ,29,105,134,311,699,1010
01287302,WYOTECH - EVEREST  COLLEGE              ,CA,91746-3412,Proprietary  ,46,149,195,469,954,1423
01290700,LAKE TAHOE COMMUNITY COLLEGE            ,CA,96150-4524,Public       ,69,156,225,825,1256,2081
01291200,MTI COLLEGE                             ,CA,95841-0000,Proprietary  ,54,229,283,622,1922,2544
01294200,ROSEMEAD BEAUTY SCHOOL                  ,CA,91770-1639,Proprietary  ,1,27,28,39,292,331
01298400,PROFESSIONAL INSTITUTE OF BEAUTY        ,CA,91731-2613,Proprietary  ,16,35,51,44,124,168
01298500,HAIR CALIFORNIA BEAUTY ACADEMY          ,CA,92867-7127,Proprietary  ,3,12,15,30,79,109
01298900,OCEANSIDE COLLEGE OF BEAUTY             ,CA,92054-5393,Proprietary  ,9,31,40,121,240,361
01301000,LANCASTER BEAUTY SCHOOL                 ,CA,93534-3098,Proprietary  ,10,42,52,102,257,359
01307400,AMERICAN BEAUTY COLLEGE                 ,CA,91790-2906,Proprietary  ,9,29,38,70,135,205
01309500,SALON SUCCESS ACADEMY                   ,CA,92879-6561,Proprietary  ,19,50,69,178,267,445
01310300,CALIFORNIA WESTERN SCHOOL OF LAW        ,CA,92101-0000,Private      ,15,94,109,138,2181,2319
01324000,LYTLE'S REDWOOD EMPIRE BEAUTY CLG       ,CA,95403-0000,Proprietary  ,22,44,66,162,252,414
02054900,MARINELLO SCHOOL OF BEAUTY              ,CA,92630-0000,Proprietary  ,23,53,76,146,280,426
02054902,MARINELLO SCHOOL OF BEAUTY - BAKERSFIELD,CA,93309-5001,Proprietary  ,32,85,117,311,421,732
02054903,MARINELLO SCHOOL OF BEAUTY - VISALIA    ,CA,93277-6228,Proprietary  ,10,23,33,13,30,43
02059800,PARIS BEAUTY COLLEGE                    ,CA,94520-2611,Proprietary  ,8,32,40,78,187,265
02061600,WAYNES COLLEGE OF BEAUTY                ,CA,93906-2830,Proprietary  ,3,10,13,17,46,63
02063500,COASTLINE COMMUNITY COLLEGE             ,CA,92708-0000,Public       ,115,790,905,2162,7423,9585
02064300,SIERRA COLLEGE OF BEAUTY                ,CA,95340-0000,Proprietary  ,6,39,45,123,205,328
02065700,CALIFORNIA BEAUTY COLLEGE               ,CA,95354-0000,Proprietary  ,14,45,59,201,273,474
02070500,CONCORDIA UNIVERSITY                    ,CA,92612-0000,Private      ,101,231,332,2927,2726,5653
02075800,SOUTHERN CA INST OF ARCHITECTURE        ,CA,90013-0000,Private      ,20,36,56,279,621,900
02086400,MARINELLO SCHOOL OF BEAUTY              ,CA,95050-0000,Proprietary  ,16,39,55,152,315,467
02086401,MARINELLO SCHOOL OF BEAUTY - SEASIDE    ,CA,93955-3615,Proprietary  ,11,20,31,126,173,299
02086402,MARINELLO SCHOOL OF BEAUTY - SAN MATEO  ,CA,94401-3801,Proprietary  ,9,26,35,41,75,116
02086403,MARINELLO SCHOOL OF BEAUTY - HAYWARD    ,CA,94541-5111,Proprietary  ,7,37,44,107,237,344
02086404,MARINELLO SCHOOL OF BEAUTY - CASTRO VALL,CA,94546-5506,Proprietary  ,1,7,8,28,34,62
02091200,ELEGANCE INTERNATIONAL                  ,CA,90028-0000,Proprietary  ,19,27,46,105,143,248
02091700,KAPLAN COLLEGE                          ,CA,92123-1509,Proprietary  ,71,308,379,808,2789,3597
02091702,KAPLAN COLLEGE - CHULA VISTA            ,CA,91910-5342,Proprietary  ,17,70,87,285,577,862
02096100,FIELDING GRADUATE UNIVERSITY            ,CA,93105-0000,Private      ,0,200,200,8,1125,1133
02099200,AMERICAN CONSERVATORY THEATER           ,CA,94108-0000,Private      ,4,25,29,76,250,326
02110200,COLUMBIA COLLEGE                        ,CA,91356-0000,Private      ,20,16,36,383,210,593
02110800,CALIFORNIA COLLEGE SAN DIEGO            ,CA,92108-3821,Proprietary  ,154,417,571,2300,3429,5729
02111300,CUYAMACA COLLEGE                        ,CA,92019-0000,Public       ,318,758,1076,5057,7133,12190
02119100,MISSION COLLEGE                         ,CA,95054-1897,Public       ,222,503,725,3645,5593,9238
02120600,SAYBROOK GRADUATE SCHOOL                ,CA,94111-1920,Private      ,0,57,57,1,709,710
02120700,SAN JOAQUIN VALLEY COLLEGE              ,CA,93291-0000,Proprietary  ,260,876,1136,3085,6162,9247
02125000,CAREER ACADEMY OF BEAUTY                ,CA,92845-0000,Proprietary  ,14,31,45,95,200,295
02128200,"VICTOR VALLEY BEAUTY COLLEGE, INC       ",CA,92392-0000,Proprietary  ,13,32,45,162,284,446
02128300,INSTITUTE FOR BUSINESS & TECHNOLOGY     ,CA,95050-0000,Proprietary  ,15,96,111,120,519,639
02128301,INSTITUTE FOR BUSINESS & TECHNOLOGY - NA,CA,95670-6351,Proprietary  ,4,39,43,42,214,256
02138300,PALO ALTO UNIVERSITY                    ,CA,94304-1337,Private      ,6,33,39,83,1002,1085
02147400,CLEVELAND CHIROPRACTIC COLLEGE          ,CA,90004-0000,Private      ,0,0,0,4,18,22
02161800,MUSICIANS INSTITUTE                     ,CA,90028-6157,Proprietary  ,121,143,264,1736,1243,2979
02167800,ESTES INSTITUTE OF COSMETOLOGY          ,CA,93291-0000,Proprietary  ,11,22,33,171,212,383
02178700,CITRUS HEIGHTS BEAUTY COLLEGE           ,CA,95610-1410,Proprietary  ,15,28,43,33,55,88
02179937,WESTERN STATE COLLEGE OF LAW            ,CA,92831-3014,Proprietary  ,1,49,50,35,1246,1281
02179938,"ART INSTITUTE OF CALIFORNIA, HOLLYWOOD  ",CA,91601-3112,Proprietary  ,313,271,584,3524,2663,6187
02179941,"ART INSTITUTE OF CALIFORNIA, LOS ANGELES",CA,90405-3035,Proprietary  ,626,419,1045,7744,5753,13497
02179947,"ART INSTITUTE OF CALIFORNIA, SAN DIEGO  ",CA,92108-4423,Proprietary  ,336,337,673,4657,4082,8739
02180600,BRIDGES  ACADEMY OF BEAUTY              ,CA,92311-2327,Proprietary  ,0,2,2,5,40,45
02185800,MOLER BARBER COLLEGE                    ,CA,94611-0000,Proprietary  ,13,35,48,76,209,285
02187500,"HEALD COLLEGE, SCH OF BUS & TECH        ",CA,94520-0000,Proprietary  ,87,256,343,1030,2239,3269
02188400,SIERRA VALLEY COLLEGE OF COURT REPORTING,CA,93726-0000,Proprietary  ,3,11,14,85,223,308
02208600,MADERA BEAUTY COLLEGE                   ,CA,93637-3519,Proprietary  ,7,8,15,75,84,159
02211000,SALON SUCCESS ACADEMY                   ,CA,92405-0000,Proprietary  ,7,17,24,115,162,277
02220000,COLLEEN O'HARA BEAUTY ACADEMY           ,CA,92701-0000,Proprietary  ,18,28,46,94,140,234
02220200,CALIFORNIA CULINARY ACADEMY             ,CA,94102-3336,Proprietary  ,60,142,202,655,963,1618
02221300,MARINELLO SCHOOL OF BEAUTY              ,CA,92553-0000,Proprietary  ,19,46,65,195,324,519
02221303,MARINELLO SCHOOL OF BEAUTY - SAN RAFAEL ,CA,94901-3224,Proprietary  ,9,18,27,39,68,107
02222000,AMERICAN FILM INSTITUTE                 ,CA,90027-0000,Private      ,44,111,155,505,1149,1654
02226000,EAST LOS ANGELES COLLEGE                ,CA,91754-0000,Public       ,723,1179,1902,17523,15049,32572
02228500,LIFE CHIROPRACTIC COLLEGE WEST          ,CA,94545-0000,Private      ,2,47,49,24,463,487
02230900,FREDRICK & CHARLES BEAUTY COLLEGE       ,CA,95501-0000,Proprietary  ,13,26,39,72,142,214
02231900,GEMOLOGICAL INSTITUTE OF AMERICA        ,CA,92008-4698,Private      ,10,50,60,70,273,343
02234300,FASHION CAREERS OF CALIFORNIA           ,CA,92110-0000,Proprietary  ,9,28,37,206,208,414
02236400,"THANH LE COLG, SCH OF COSMETOLOGY       ",CA,92840-0000,Proprietary  ,2,11,13,12,59,71
02237200,PHILLIPS GRADUATE INSTITUTE             ,CA,91316-0000,Private      ,0,46,46,5,254,259
02241600,SAN DIEGO CONTINUING EDUCATION          ,CA,92113-0000,Public       ,0,0,0,203,834,1037
02241800,AMERICAN CAREER COLLEGE                 ,CA,90004-0000,Proprietary  ,178,436,614,1714,3374,5088
02242700,BERKELEY CITY COLLEGE                   ,CA,94704-0000,Public       ,251,604,855,3896,5300,9196
02250602,EVEREST COLLEGE                         ,CA,91761-8525,Proprietary  ,43,136,179,556,1341,1897
02255400,INTERNATIONAL SCHOOL OF COSMETOLOGY     ,CA,90250-0000,Proprietary  ,30,48,78,200,253,453
02258600,ALAMEDA BEAUTY COLLEGE                  ,CA,94501-0000,Proprietary  ,26,46,72,176,310,486
02262400,YESHIVA OHR ELCHONON CHABAD             ,CA,90046-0000,Private      ,1,3,4,33,10,43
02263101,ANTHEM COLLEGE - SACRAMENTO             ,CA,95827-3378,Proprietary  ,10,21,31,102,216,318
02267600,INSTITUTE OF TRANSPERSONAL PSYCHLGY     ,CA,94303-4624,Private      ,0,39,39,11,650,661
02270600,LIFE PACIFIC COLLEGE                    ,CA,91773-0000,Private      ,32,13,45,439,302,741
02276800,WESTMINSTER SEMINARY CALIFORNIA         ,CA,92027-0000,Private      ,2,9,11,12,181,193
02277400,SOUTH COAST COLLEGE                     ,CA,92868-2616,Proprietary  ,19,52,71,282,632,914
02282300,ALHAMBRA BEAUTY COLLEGE                 ,CA,91802-0000,Proprietary  ,3,21,24,52,132,184
02285100,HILLTOP BEAUTY SCHOOL                   ,CA,94014-0000,Proprietary  ,5,17,22,29,122,151
02298000,DESIGN INSTITUTE OF SAN DIEGO           ,CA,92121-0000,Proprietary  ,13,41,54,260,377,637
02304300,"PLATT COLLEGE, SAN DIEGO                ",CA,92115-0000,Proprietary  ,24,72,96,293,496,789
02306300,KAPLAN COLLEGE                          ,CA,95368-0000,Proprietary  ,25,102,127,408,879,1287
02306302,KAPLAN COLLEGE - FRESNO                 ,CA,93612-3802,Proprietary  ,35,56,91,357,546,903
02309500,CLOVIS ADULT EDUC                       ,CA,93611-0000,Public       ,14,74,88,112,439,551
02312400,LA COLLEGE INTERNATIONAL                ,CA,90010-0000,Proprietary  ,4,16,20,62,292,354
02321801,ITT TECHNICAL INSTITUTE                 ,CA,93030-2649,Proprietary  ,0,0,0,0,1,1
02330500,LAGUNA COLLEGE OF ART AND DESIGN        ,CA,92651-0000,Private      ,46,22,68,716,294,1010
02332800,CENTER FOR EMPLOYMENT TRAINING          ,CA,95110-0000,Private      ,134,595,729,554,2437,2991
02338500,GLENDALE CAREER COLLEGE                 ,CA,91203-1207,Proprietary  ,60,100,160,284,619,903
02338700,MARINELLO SCHOOL OF BEAUTY              ,CA,94103-0000,Proprietary  ,16,49,65,200,332,532
02338701,MARINELLO SCHOOL OF BEAUTY - CHICO      ,CA,95928-7184,Proprietary  ,12,35,47,130,218,348
02338702,MARINELLO SCHOOL OF BEAUTY - REDDING    ,CA,96001-1023,Proprietary  ,8,37,45,107,235,342
02338703,MARINELLO SCHOOL OF BEAUTY - FRESNO     ,CA,93711-3246,Proprietary  ,24,59,83,218,274,492
02342400,ACADEMY OF RADIO BROADCASTING           ,CA,92647-3809,Proprietary  ,7,45,52,103,290,393
02343400,"BELLUS ACADEMY, THE ACADEMY OF BEAUTY AN",CA,92064-4633,Proprietary  ,39,94,133,306,587,893
02345800,MONTEBELLO BEAUTY COLLEGE               ,CA,90640-0000,Proprietary  ,3,3,6,63,70,133
02351900,KAPLAN COLLEGE                          ,CA,95660-5512,Proprietary  ,41,260,301,592,1847,2439
02351901,KAPLAN COLLEGE - BAKERSFIELD            ,CA,93304-0000,Proprietary  ,45,151,196,605,1090,1695
02358000,THOMAS AQUINAS COLLEGE                  ,CA,93060-9622,Private      ,6,2,8,421,38,459
02359300,SHASTA BIBLE COLLEGE                    ,CA,96002-0000,Private      ,5,13,18,73,116,189
02482700,WESTERN UNIVERSITY OF HEALTH S          ,CA,91766-1854,Private      ,14,109,123,211,5795,6006
02494800,LOLA BEAUTY COLLEGE                     ,CA,92641-0000,Proprietary  ,9,8,17,48,114,162
02497300,TRINITY COLLEGE                         ,CA,93277-8109,Proprietary  ,25,99,124,248,721,969
02500000,SAN JOAQUIN COLLEGE OF LAW              ,CA,93612-0000,Private      ,2,14,16,31,352,383
02518400,THE NATIONAL HISPANIC UNIVERSITY        ,CA,95127-0000,Proprietary  ,40,111,151,492,951,1443
02519800,AVANCE BEAUTY COLLEGE                   ,CA,92154-0000,Proprietary  ,8,34,42,159,256,415
02520200,CALIFORNIA CAREER SCHOOLS               ,CA,92805-0000,Proprietary  ,8,50,58,108,307,415
02520300,INTERIOR DESIGNERS INSTITUTE            ,CA,92660-0000,Proprietary  ,5,19,24,58,206,264
02520400,ADRIAN'S BEAUTY COLLEGE OF TURLOCK      ,CA,95382-0000,Proprietary  ,13,32,45,154,178,332
02537200,PALOMAR INSTITUTE OF COSMETOLOGY        ,CA,92069-0000,Proprietary  ,24,54,78,227,378,605
02539100,KAPLAN COLLEGE                          ,CA,91606-3231,Proprietary  ,48,120,168,475,1101,1576
02539102,KAPLAN COLLEGE -  RIVERSIDE             ,CA,92507-4223,Proprietary  ,32,155,187,545,1270,1815
02539500,IRVINE VALLEY COLLEGE                   ,CA,92620-0000,Public       ,364,545,909,6446,5296,11742
02542300,NATIONAL HOLISTIC INSTITUTE             ,CA,94608-0000,Proprietary  ,42,170,212,241,959,1200
02543400,BROWNSON TECHNICAL SCHOOL               ,CA,92805-0000,Proprietary  ,5,50,55,51,201,252
02545900,HYPNOSIS MOTIVATION INSTITUTE           ,CA,91356-0000,Private      ,1,25,26,6,114,120
02546400,MTI BUSINESS COLLEGE INC                ,CA,95207-0000,Proprietary  ,9,54,63,88,296,384
02549000,KAPLAN COLLEGE                          ,CA,92083-7736,Proprietary  ,56,191,247,379,1281,1660
02549005,KAPLAN COLLEGE -  PALM SPRINGS          ,CA,92262-7011,Proprietary  ,34,87,121,359,626,985
02553500,ASSOCIATED TECHNICAL COLLEGE            ,CA,92101-0000,Proprietary  ,20,102,122,168,445,613
02553600,DIVERSIFIED LANGUAGE INSTITUTE          ,CA,90017-0000,Proprietary  ,15,141,156,88,1051,1139
02559300,UNITED EDUCATION INSTITUTE              ,CA,90020-0000,Proprietary  ,120,281,401,693,1298,1991
02559400,INTERCOAST COLLEGES                     ,CA,92868-1656,Proprietary  ,66,443,509,324,2405,2729
02565400,KAPLAN COLLEGE                          ,CA,95207-6216,Proprietary  ,6,68,74,365,814,1179
02570300,LOS ANGELES ORT COLLEGE                 ,CA,90048-0000,Private      ,26,133,159,159,661,820
02577900,SANTA BARBARA BUSINESS COLLEGE          ,CA,93309-1664,Proprietary  ,45,118,163,580,1083,1663
02578000,SANTA BARBARA BUSINESS COLLEGE          ,CA,93454-6943,Proprietary  ,22,62,84,291,447,738
02584200,NEWBRIDGE COLLEGE                       ,CA,92701-0000,Proprietary  ,38,85,123,220,646,866
02591600,NORTH-WEST COLLEGE                      ,CA,91101-1744,Proprietary  ,13,63,76,110,287,397
02593100,HEALD COLLEGE                           ,CA,95678-5303,Proprietary  ,71,238,309,751,2164,2915
02593200,HEALD COLLEGE                           ,CA,95035-8008,Proprietary  ,81,275,356,902,2358,3260
02593300,HEALD COLLEGE                           ,CA,95210-5667,Proprietary  ,76,330,406,1078,2610,3688
02595600,ASIAN AMERICAN INTERNATIONAL BTY CG     ,CA,92683-4043,Proprietary  ,2,18,20,22,71,93
02597300,SOUTH BAYLO UNIVERSITY                  ,CA,92801-1701,Private      ,0,44,44,8,324,332
02602300,CENTRAL COAST COLLEGE                   ,CA,93901-3301,Proprietary  ,24,62,86,283,374,657
02608900,PINNACLE COLLEGE                        ,CA,91803-8842,Proprietary  ,7,18,25,85,108,193
02608901,PINNACLE COLLEGE - SACRAMENTO           ,CA,95670-6386,Proprietary  ,14,18,32,85,144,229
02609000,EMPERORS COLG OF TRAD ORIENTAL MED      ,CA,90403-5609,Proprietary  ,1,37,38,15,259,274
02612800,LOS ANGELES RECORDING SCHOOL            ,CA,90028-3112,Proprietary  ,30,46,76,428,461,889
03010611,VIRGINIA COLLEGE - GOLF ACADEMY OF AMERI,CA,92008-6512,Proprietary  ,12,15,27,90,206,296
03011300,"CALIF STATE UNIV, SAN MARCOS            ",CA,92096-0001,Public       ,458,502,960,13898,8016,21914
03019900,CAPSTONE COLLEGE                        ,CA,91402-4924,Proprietary  ,7,18,25,24,79,103
03025600,DELL'ARTE SCH OF PHYSICAL THEATRE       ,CA,95525-0816,Private      ,0,3,3,7,43,50
03027700,PACIFIC COLLEGE OF ORIENTAL MED         ,CA,92108-4408,Proprietary  ,5,85,90,83,741,824
03029600,POMONA ADULT SCHOOL                     ,CA,91766-0000,Public       ,18,55,73,135,371,506
03031409,INTERNATIONAL ACADEMY OF DESIGN AND TECH,CA,95834-9664,Proprietary  ,20,71,91,357,693,1050
03034000,HEALD COLLEGE                           ,CA,93906-5100,Proprietary  ,69,175,244,946,1763,2709
03035700,LAS POSITAS COLLEGE                     ,CA,94551-6750,Public       ,236,364,600,3251,3123,6374
03039900,FREMONT COLLEGE                         ,CA,90703-5342,Proprietary  ,24,53,77,411,529,940
03043900,NEWSCHOOL OF ARCHITECTURE & DESIGN      ,CA,92101-6634,Proprietary  ,15,62,77,445,721,1166
03044500,KAPLAN COLLEGE                          ,CA,91402-4222,Proprietary  ,0,0,0,32,63,95
03054100,ROYALE COLLEGE OF BEAUTY                ,CA,92590-2525,Proprietary  ,14,21,35,85,113,198
03062300,WESTECH COLLEGE                         ,CA,91764-4988,Proprietary  ,31,140,171,236,678,914
03062400,MT DIABLO ADULT EDUC LOMA VISTA CTR     ,CA,94518-1122,Public       ,10,55,65,126,356,482
03062700,PLATT COLLEGE                           ,CA,90041-0000,Proprietary  ,49,68,117,331,465,796
03062701,PLATT COLLEGE                           ,CA,91764-0000,Proprietary  ,25,53,78,602,813,1415
03062702,PLATT COLLEGE - RIVERSIDE               ,CA,92507-0730,Proprietary  ,34,74,108,66,134,200
03063400,MODERN TECHNOLOGY SCHOOL                ,CA,92708-9821,Proprietary  ,12,24,36,89,217,306
03067400,BALDWIN PARK ADULT SCHOOL               ,CA,91706-4897,Public       ,22,59,81,173,404,577
03067500,INSTITUTE OF TECHNOLOGY                 ,CA,93612-3217,Proprietary  ,103,369,472,975,2638,3613
03069500,SAGE COLLEGE                            ,CA,92557-6720,Proprietary  ,9,79,88,183,805,988
03072300,EVEREST COLLEGE                         ,CA,91761-3222,Proprietary  ,58,139,197,507,1013,1520
03072700,WESTWOOD COLLEGE - LOS ANGELES          ,CA,90010-1577,Proprietary  ,94,535,629,1665,5131,6796
03074900,MARTINEZ ADULT CENTER                   ,CA,94553-3298,Public       ,0,0,0,5,25,30
03078200,AMERICAN CLG TRADITIONAL CHINESE MD     ,CA,94107-2813,Private      ,1,41,42,17,335,352
03084700,VENTURA ADULT\CONTINUING EDUCATION      ,CA,93003-7313,Public       ,7,75,82,49,321,370
03094400,ELITE PROGRESSIVE SCHOOL OF COSM        ,CA,95841-2909,Proprietary  ,15,42,57,150,322,472
03094401,MARINELLO SCHOOL OF BEAUTY - CONCORD    ,CA,94520-2581,Proprietary  ,7,43,50,101,223,324
03094402,MARINELLO SCHOOL OF BEAUTY- STOCKTON    ,CA,95203-3149,Proprietary  ,18,39,57,188,279,467
03097700,CENTRAL CALIF SCH CONTINUING EDUC       ,CA,93401-6739,Proprietary  ,9,44,53,82,284,366
03098200,YO SAN UNIV TRADITIONAL CHINESE MED     ,CA,90066-1103,Private      ,0,63,63,9,229,238
03108100,SUMMIT CAREER COLLEGE                   ,CA,92324-3956,Proprietary  ,73,259,332,399,1284,1683
03109500,DONGGUK  UNIVERSITY LOS ANGELES         ,CA,90020-1765,Private      ,0,21,21,30,112,142
03113300,UEI COLLEGE                             ,CA,93727-1620,Proprietary  ,56,170,226,740,1656,2396
03113600,SOUTHERN CALIFORNIA INST OF TECHNOL     ,CA,92805-3758,Proprietary  ,29,90,119,192,595,787
03116600,EAST SAN GABRIEL VLY REG OCCUP PROG     ,CA,91790-2105,Public       ,31,180,211,222,833,1055
03125300,JOHN WESLEY INTER. BARBER & BTY CLG     ,CA,90813-4321,Proprietary  ,11,23,34,100,240,340
03125800,PREMIERE CAREER COLLEGE                 ,CA,91706-3746,Proprietary  ,33,79,112,199,539,738
03126800,PACIFICA GRADUATE INSTITUTE             ,CA,93013-0000,Proprietary  ,0,86,86,0,1031,1031
03128700,MT SIERRA COLLEGE                       ,CA,91016-3414,Proprietary  ,16,28,44,439,469,908
03131300,FIVE BRANCHES UNIVERSITY                ,CA,95062-4669,Private      ,3,29,32,58,481,539
03144400,AMERICAN CLG OF HEALTH PROFESSIONS      ,CA,92505-3038,Proprietary  ,20,92,112,291,729,1020
03150500,VIRGINIA SEWING MACHINES & SCH CTR      ,CA,90015-3535,Proprietary  ,0,11,11,12,51,63
03162300,FOUR-D SUCCESS ACADEMY                  ,CA,92324-4218,Proprietary  ,27,96,123,197,744,941
03163300,PACIFIC STATES UNIVERSITY               ,CA,90006-0000,Private      ,8,18,26,85,124,209
03195400,EVEREST COLLEGE                         ,CA,90501-2867,Proprietary  ,11,68,79,165,368,533
03210300,LE CORDON BLEU COLLEGE OF CULINARY ARTS ,CA,91101-5221,Proprietary  ,325,696,1021,3232,6653,9885
03225300,AMERICAN UNIVERSITY OF HEALTH SCIENCES  ,CA,90755-3612,Proprietary  ,13,34,47,157,353,510
03242300,CAREER NETWORK INSTITUTE                ,CA,92868-4710,Proprietary  ,39,165,204,143,557,700
03250300,COMMUNITY BASED EDUCATION AND DEVEL     ,CA,90036-0000,Private      ,10,40,50,72,257,329
03260300,CALIFORNIA STATE U-MONTEREY BAY         ,CA,93955-8001,Public       ,439,251,690,12197,4128,16325
03266300,BETHESDA UNIVERSITY OF CALIFORNIA       ,CA,92801-4132,Private      ,7,14,21,119,191,310
03278300,CLARITA CAREER COLLEGE                  ,CA,91351-5432,Proprietary  ,92,183,275,607,1269,1876
03288300,ACAD CHINESE CULTURE & HEALTH SCIS      ,CA,94512-0000,Private      ,2,20,22,21,175,196
03299300,PACIFIC COLLEGE                         ,CA,92626-3160,Proprietary  ,13,69,82,154,478,632
03308300,KENSINGTON COLLEGE                      ,CA,92705-8708,Proprietary  ,3,8,11,15,70,85
03327400,ACUPUNCTURE AND INTEGRATIVE MEDICINE COL,CA,94704-2724,Private      ,3,30,33,41,265,306
03332300,SOUTHERN CA BIBLE CLG & SEMINARY        ,CA,92019-1109,Private      ,1,21,22,17,177,194
03359300,ST. FRANCIS CAREER COLLEGE              ,CA,90262-2659,Private      ,1,7,8,65,131,196
03367300,PROFESSIONAL GOLFERS CAREER COLLEGE     ,CA,92591-6013,Proprietary  ,15,16,31,159,269,428
03395300,INTERNATIONAL CAREER DEVELOPMENT        ,CA,90027-5794,Proprietary  ,178,1258,1436,1007,6227,7234
03399300,NORTHWESTERN TECHNICAL COLLEGE          ,CA,95670-4443,Proprietary  ,17,46,63,146,504,650
03403300,EPIC BIBLE COLLEGE                      ,CA,95841-3546,Private      ,10,65,75,146,586,732
03413400,ENGLISH CENTER  (THE)                   ,CA,94607-3734,Private      ,3,27,30,37,202,239
03427400,CAREER COLLEGES OF AMERICA              ,CA,90280-7420,Proprietary  ,47,173,220,399,1276,1675
03427500,UNIVERSITY OF ANTELOPE VALLEY           ,CA,93534-3324,Proprietary  ,55,182,237,637,1125,1762
03440400,MARIAN HEALTH CAREERS CENTER            ,CA,90010-1728,Proprietary  ,7,31,38,102,215,317
03441400,VALLEY CAREER COLLEGE                   ,CA,92020-3057,Proprietary  ,11,63,74,110,349,459
03458300,MY LE'S BEAUTY COLLEGE                  ,CA,95824-3039,Proprietary  ,6,26,32,113,286,399
03467300,MARINELLO SCHOOL OF BEAUTY              ,CA,92545-3661,Proprietary  ,32,56,88,172,360,532
03467301,MARINELLO SCHOOL OF BEAUTY - CATHEDRAL C,CA,92234-6656,Proprietary  ,1,6,7,24,39,63
03467302,MARINELLO SCHOOL OF BEAUTY - MURRIETA   ,CA,92563-5039,Proprietary  ,17,67,84,131,263,394
03467303,MARINELLO SCHOOL OF BEAUTY - NAPA       ,CA,94559-1237,Proprietary  ,10,39,49,82,131,213
03467304,MARINELLO SCHOOL OF BEAUTY - CITY OF IND,CA,91748-1674,Proprietary  ,7,20,27,64,124,188
03467305,MARINELLO SCHOOL OF BEAUTY - BELL       ,CA,90201-1193,Proprietary  ,10,11,21,105,111,216
03467306,MARINELLO SCHOOL OF BEAUTY - PARAMOUNT  ,CA,90723-5256,Proprietary  ,9,19,28,115,161,276
03467307,MARINELLO SCHOOL OF BEAUTY - HUNTINGTON ,CA,92646-2552,Proprietary  ,9,27,36,106,191,297
03479300,PROFESSIONAL CAREER INSTITUTE           ,CA,90703-2522,Proprietary  ,10,20,30,116,173,289
03485400,JAMES ALBERT SCHOOL OF COSMETOLOGY      ,CA,92627-3831,Proprietary  ,0,0,0,17,20,37
03516300,KING'S UNIVERSITY (THE)                 ,CA,91405-2233,Private      ,8,47,55,119,488,607
03532400,ADVANCED TRAINING ASSOCIATES            ,CA,92020-1236,Proprietary  ,5,23,28,26,142,168
03542400,COPPER MOUNTAIN COLLEGE                 ,CA,92252-6102,Public       ,58,286,344,823,2233,3056
03577300,COBA ACADEMY                            ,CA,92866-1407,Proprietary  ,7,13,20,52,70,122
03590400,NTMA TRAINING CENTERS OF SOUTHERN C     ,CA,90650-6099,Private      ,38,117,155,156,571,727
03592400,IRELL & MANELLA GRADUATE SCHOOL OF BIOLO,CA,91010-0000,Private      ,0,0,0,1,9,10
03598300,AVALON BEAUTY COLLEGE                   ,CA,93103-3137,Proprietary  ,29,33,62,173,149,322
03614300,DAVID'S ACADEMY OF BEAUTY               ,CA,91780-1089,Proprietary  ,9,133,142,14,340,354
03639300,WEST COAST ULTRASOUND INSTITUTE         ,CA,90211-3312,Proprietary  ,42,169,211,429,1325,1754
03646300,DESIGN'S SCHOOL OF COSMETOLOGY          ,CA,93446-1471,Proprietary  ,17,45,62,100,230,330
03681300,CALIFORNIA HEALING ARTS COLLEGE         ,CA,90025-2589,Proprietary  ,6,58,64,93,329,422
03695300,COMMUNITY ENHANCEMENT SERVICES          ,CA,91502-2750,Private      ,2,26,28,24,123,147
03695700,SANTIAGO CANYON COLLEGE                 ,CA,92869-4512,Public       ,253,305,558,4230,2756,6986
03696300,UNIVERSITY OF THE WEST                  ,CA,91770-3709,Private      ,3,6,9,32,93,125
03698300,WEST COAST UNIVERSITY                   ,CA,91606-3206,Proprietary  ,207,612,819,2284,4869,7153
03698400,CA COLLEGE OF VOCATIONAL CAREER         ,CA,93301-1800,Proprietary  ,14,77,91,214,570,784
03736300,ADVANCE BEAUTY COLLEGE                  ,CA,92843-4752,Proprietary  ,9,63,72,73,375,448
03740400,ATI COLLEGE                             ,CA,90650-0000,Proprietary  ,7,24,31,99,242,341
03759300,COMPUTER TUTOR BUSINESS & TECH INST     ,CA,95356-0000,Proprietary  ,11,51,62,101,306,407
03786300,ADVANCED COLLEGE                        ,CA,90280-5255,Proprietary  ,8,42,50,79,250,329
03797400,CAREER CARE INSTITUTE                   ,CA,93534-4766,Proprietary  ,35,147,182,320,952,1272
03797401,CAREER CARE INSTITUTE - VENTURA         ,CA,93003-0000,Proprietary  ,10,30,40,69,221,290
03797402,CAREER CARE INSTITUTE - MORENO VALLEY   ,CA,92553-7519,Proprietary  ,5,33,38,60,191,251
03814400,SOKA UNIVERSITY OF AMERICA              ,CA,92656-8081,Private      ,20,5,25,558,61,619
03853300,KECK GRADUATE INSTITUTE OF APPLIED LIFE ,CA,91711-4817,Private      ,0,10,10,5,167,172
03853400,LADERA CAREER PATHS TRAINING CENTERS    ,CA,90045-1931,Proprietary  ,2,9,11,16,63,79
03868300,WORLD MISSION UNIVERSITY                ,CA,90020-1789,Private      ,1,8,9,16,132,148
03868400,LOS ANGELES MUSIC ACADEMY               ,CA,91105-2540,Proprietary  ,11,21,32,251,194,445
03871300,FOLSOM LAKE COLLEGE                     ,CA,95630-6798,Public       ,262,557,819,3589,4595,8184
03874300,CAMBRIDGE JUNIOR COLLEGE                ,CA,95993-0000,Proprietary  ,27,86,113,204,456,660
03874400,COMMMUNITY CHRISTIAN COLLEGE            ,CA,92373-4465,Private      ,6,17,23,225,172,397
03889300,STANBRIDGE COLLEGE                      ,CA,92612-0000,Proprietary  ,31,145,176,281,1132,1413
03901300,PACIFIC COAST TRADE SCHOOL              ,CA,93033-2441,Proprietary  ,15,71,86,96,303,399
03910400,NATIONAL POLYTECHNIC COLLEGE            ,CA,90040-3066,Proprietary  ,13,39,52,110,229,339
03933300,MUELLER COLLEGE OF HOLISTIC STUDIES     ,CA,92116-2630,Proprietary  ,3,36,39,51,383,434
03935300,CALIFORNIA NURSES EDUCATIONAL INSTITUTE ,CA,92234-7248,Proprietary  ,6,25,31,91,268,359
03962300,AMERICAN INSTITUTE OF MASSAGE THERAPY   ,CA,92705-5463,Proprietary  ,10,23,33,74,135,209
03964400,INTERNATIONAL SCHOOL OF BEAUTY          ,CA,92260-2740,Proprietary  ,9,45,54,126,303,429
03969600,AMERICAN AUTO INSTITUTE                 ,CA,90703-2637,Proprietary  ,73,169,242,666,1395,2061
03971300,AMERICAN CAREER COLLEGE                 ,CA,91764-4906,Proprietary  ,101,250,351,1002,1871,2873
03973300,EX'PRESSION COLLEGE FOR DIGTAL ARTS     ,CA,94608-1021,Proprietary  ,51,61,112,689,655,1344
03974500,CALIFORNIA CAREER COLLEGE               ,CA,91303-2006,Proprietary  ,5,22,27,46,134,180
03980300,CALIFORNIA STATE UNIVERSITY CHANNEL ISLA,CA,93012-8599,Public       ,228,194,422,7359,3209,10568
03995300,UNIVERSITY OF EAST-WEST MEDICINE        ,CA,94087-6106,Proprietary  ,4,9,13,14,87,101
03999300,BEAUMONT ADULT SCHOOL                   ,CA,92223-1927,Public       ,16,51,67,55,189,244
04001300,PALACE BEAUTY COLLEGE                   ,CA,90006-4233,Proprietary  ,11,42,53,125,231,356
04001400,MOJAVE BARBER COLLEGE                   ,CA,92395-3201,Proprietary  ,5,21,26,67,142,209
04003300,CSI CAREER COLLEGE                      ,CA,95687-3100,Proprietary  ,26,100,126,233,644,877
04004300,THUY PRINCESS BEAUTY COLLEGE            ,CA,91766-0000,Proprietary  ,8,17,25,44,104,148
04005300,INTERAMERICAN COLLEGE                   ,CA,91950-4437,Proprietary  ,8,59,67,31,297,328
04014400,PALLADIUM TECHNICAL ACADEMY             ,CA,91731-2429,Proprietary  ,9,18,27,31,63,94
04023400,PROTEUS                                 ,CA,93291-3014,Private      ,3,30,33,33,113,146
04037300,LOS ANGELES FILM SCHOOL (THE)           ,CA,90028-7300,Proprietary  ,218,331,549,1840,2334,4174
04049300,MAXINE WATERS EMPLOYMENT PREPARATION CEN,CA,90059-1023,Public       ,0,0,0,39,126,165
04056300,CAREER COLLEGE OF CALIFORNIA            ,CA,92705-5805,Proprietary  ,14,37,51,123,247,370
04057300,TECHSKILLS OF CALIFORNIA                ,CA,95815-4025,Proprietary  ,24,165,189,201,982,1183
04076400,GNOMON SCHOOL OF VISUAL EFFECTS         ,CA,90038-2616,Proprietary  ,11,40,51,106,260,366
04088300,WESTMED COLLEGE                         ,CA,95128-2541,Private      ,16,50,66,128,402,530
04088301,WESTMED COLLEGE - MERCED                ,CA,95340-9165,Private      ,8,39,47,117,307,424
04092300,COASTLINE BEAUTY COLLEGE                ,CA,92708-3847,Proprietary  ,3,46,49,44,205,249
04092400,MAKE-UP DESIGNORY                       ,CA,91502-1322,Proprietary  ,41,59,100,322,387,709
04100400,TAFT UNIVERSITY SYSTEM (THE)            ,CA,92704-6954,Proprietary  ,3,62,65,14,590,604
04109300,ACADEMY OF BARBERING ARTS (THE)         ,CA,91324-3406,Proprietary  ,27,48,75,117,193,310
04111300,WEST HILLS COLLEGE LEMOORE              ,CA,93245-9248,Public       ,150,416,566,2312,3163,5475
04114500,VALLEY COLLEGE OF MEDICAL CAREERS       ,CA,91304-2354,Proprietary  ,5,29,34,76,177,253
04115300,COACHELLA VALLEY BEAUTY COLLEGE         ,CA,92253-2051,Proprietary  ,5,12,17,84,96,180
04115600,MAYFIELD COLLEGE                        ,CA,92234-7014,Proprietary  ,11,45,56,122,366,488
04116000,VIDEO SYMPHONY ENTERTRAINING            ,CA,91502-3253,Proprietary  ,10,120,130,51,396,447
04118800,NEW YORK FILM ACADEMY                   ,CA,91608-1002,Proprietary  ,89,145,234,813,1056,1869
04119200,CAREER COLLEGE CONSULTANTS              ,CA,90041-2088,Proprietary  ,8,36,44,52,175,227
04126400,CHAMPION INSTITUTE OF COSMETOLOGY       ,CA,92264-7458,Proprietary  ,3,5,8,40,69,109
04126500,COAST CAREER INSTITUTE                  ,CA,90015-3040,Proprietary  ,43,150,193,210,712,922
04127100,"UNIVERSITY OF CALIFORNIA, MERCED        ",CA,95343-5001,Public       ,289,91,380,14020,2187,16207
04127800,HEALTHY HAIR ACADEMY                    ,CA,90303-3137,Proprietary  ,0,0,0,9,13,22
04127900,TUI UNIVERSITY                          ,CA,90630-5023,Proprietary  ,5,481,486,44,2898,2942
04129700,INTERNATIONAL POLYTECHNIC INSTITUTE     ,CA,92231-1737,Private      ,2,12,14,32,66,98
04129803,MEDIATECH INSTITUTE - OCEANSIDE         ,CA,92054-5116,Proprietary  ,11,28,39,55,127,182
04132300,INSTITUTE OF MEDICAL EDUCATION          ,CA,95113-2207,Proprietary  ,0,0,0,64,110,174
04132400,ACADEMY OF ESTHETICS AND COSMETOLOGY    ,CA,91342-3373,Proprietary  ,5,13,18,60,100,160
04132700,INFOTECH CAREER COLLEGE                 ,CA,90706-5579,Proprietary  ,10,20,30,56,177,233
04133000,BIOHEALTH COLLEGE                       ,CA,95134-2033,Proprietary  ,18,67,85,91,373,464
04133100,CALIFORNIA UNIVERSITY OF MANAGEMENT AND ,CA,92801-1702,Private      ,3,14,17,26,85,111
04134500,CAREER COLLEGE OF SAN DIEGO             ,CA,92102-3348,Proprietary  ,28,153,181,248,716,964
04134700,INTERNATL PROFESSIONAL SCHL OF BODYWORK ,CA,92123-1520,Proprietary  ,2,34,36,56,307,363
04137200,BORNER'S BARBER COLLEGE                 ,CA,90047-3856,Proprietary  ,5,26,31,67,136,203
04138700,CAO INSTITUTE OF AESTHETICS (THE)       ,CA,91801-3903,Proprietary  ,13,37,50,74,142,216
04140500,HORIZON COLLEGE SAN DIEGO               ,CA,92131-9906,Private      ,3,23,26,66,163,229
04140600,MODERN INSTITUTE OF TECHNOLOGY          ,CA,93036-1387,Proprietary  ,0,0,0,22,49,71
04141300,SAN FRANCISCO INSTITUTE OF ESTHETICS    ,CA,94103-4083,Proprietary  ,21,42,63,180,268,448
04141400,LAURUS COLLEGE                          ,CA,93401-5405,Proprietary  ,22,152,174,135,764,899
04141700,HEALING HANDS SCHOOL OF HOLISTIC HEALTH ,CA,92025-1722,Proprietary  ,5,33,38,41,215,256
04142500,TOURO COLLEGE LOS ANGELES               ,CA,90046-4506,Private      ,7,14,21,117,134,251
04142600,TOURO UNIVERSITY                        ,CA,94592-1118,Private      ,6,56,62,46,2840,2886
04143800,WOODLAND COMMUNITY COLLEGE              ,CA,95776-5156,Public       ,85,215,300,1607,1858,3465
04144200,CAREER DEVELOPMENT INSTITUTE            ,CA,90035-4364,Proprietary  ,5,36,41,35,159,194
04145000,SAN DIEGO CULINARY INSTITUTE            ,CA,91941-6435,Proprietary  ,30,99,129,443,722,1165
04145600,INTERNATIONAL COLLEGE OF COSMETOLOGY    ,CA,94601-3525,Proprietary  ,8,42,50,70,235,305
04146000,NATIONAL CAREER COLLEGE                 ,CA,91605-1400,Proprietary  ,8,17,25,30,98,128
04148200,BEYOND 21ST CENTURY BEAUTY ACADEMY      ,CA,90670-6316,Proprietary  ,2,10,12,37,52,89
04148900,N CALIF INSTITUTE OF COSMETOLOGY        ,CA,94577-2820,Proprietary  ,4,21,25,22,80,102
04149700,HOMESTEAD SCHOOLS                       ,CA,90505-5945,Private      ,5,29,34,66,265,331
04150000,CENTRAL NURSING COLLEGE                 ,CA,90010-2444,Proprietary  ,11,47,58,209,365,574
04150100,GOLDEN STATE COLLEGE OF COURT REPORTING ,CA,94568-2948,Proprietary  ,2,11,13,9,70,79
04150300,RWM FIBER OPTICS                        ,CA,90746-1051,Proprietary  ,0,20,20,8,83,91
04150500,"PREFERRED COLLEGE OF NURSING, LOS ANGELE",CA,90010-2202,Proprietary  ,10,52,62,123,358,481
04152800,CALIFORNIA ACADEMY (THE) - A PAUL MITCHE,CA,95825-2276,Proprietary  ,39,93,132,403,614,1017
04153900,PROVIDENCE CHRISTIAN COLLEGE            ,CA,91104-2635,Private      ,5,2,7,111,36,147
04154300,AMERICANA COLLEGE                       ,CA,90029-3765,Proprietary  ,0,0,0,5,9,14
04154400,FRANKLIN CAREER COLLEGE                 ,CA,91761-1522,Proprietary  ,1,24,25,41,181,222
04155500,"ACADEMY FOR JEWISH RELIGION, CALIFORNIA ",CA,90024-3234,Private      ,3,15,18,23,87,110
04156100,DIOR SCHOOL OF COSMETOLOGY              ,CA,95355-9695,Proprietary  ,18,40,58,141,212,353
04157800,GRACE MISSION UNIVERSITY                ,CA,92833-3860,Private      ,0,1,1,0,1,1
04158200,PAUL MITCHELL THE SCHOOL SHERMAN OAKS   ,CA,91403-5882,Proprietary  ,27,44,71,263,296,559
04158700,HOLLYWOOD BEAUTY COLLEGE                ,CA,95210-3514,Proprietary  ,12,42,54,132,231,363
04158900,FLAIR BEAUTY COLLEGE                    ,CA,91351-3381,Proprietary  ,5,9,14,47,55,102
04159600,GALAXY MEDICAL COLLEGE                  ,CA,91606-1593,Proprietary  ,10,14,24,38,55,93
04159700,AMERICAN MEDICAL SCIENCES CENTER        ,CA,91204-5108,Proprietary  ,10,15,25,97,163,260
04160100,TRINITY VOCATIONAL CENTER               ,CA,90248-4334,Proprietary  ,1,19,20,36,145,181
04160400,ANGELES COLLEGE OF NURSING              ,CA,90010-2100,Proprietary  ,30,102,132,525,767,1292
04161300,PREFERRED COLLEGE OF NURSING            ,CA,91401-1442,Proprietary  ,5,30,35,59,192,251
04161700,SHASTA SCHOOL OF COSMETOLOGY            ,CA,96003-0000,Proprietary  ,13,28,41,116,183,299
04161800,BRANDMAN UNIVERSITY                     ,CA,92618-3801,Private      ,39,987,1026,449,8369,8818
04162800,S.I.C.E PAUL MITCHELL PARTNER SCHOOL    ,CA,95350-1440,Proprietary  ,36,80,116,318,421,739
04163400,COSMO BEAUTY ACADEMY                    ,CA,95605-1904,Proprietary  ,16,53,69,214,356,570
04163900,L.A. BARBER COLLEGE                     ,CA,90013-1121,Proprietary  ,13,24,37,109,231,340
04164400,ANGELES INSTITUTE                       ,CA,90712-2903,Proprietary  ,9,40,49,105,196,301
04165900,PAUL MITCHELL THE SCHOOL FRESNO         ,CA,93710-7617,Proprietary  ,27,58,85,372,360,732
04167000,ESTHETIQUES COSMETOLOGY INSTITUTE       ,CA,92591-4663,Proprietary  ,15,28,43,213,264,477
04169200,TRAMY BEAUTY SCHOOL                     ,CA,92115-6347,Proprietary  ,14,61,75,107,308,415
04169700,UNITEK COLLEGE                          ,CA,94538-3185,Proprietary  ,55,254,309,371,1398,1769
04169800,GURNICK ACADEMY OF MEDICAL ARTS         ,CA,94403-1849,Proprietary  ,22,169,191,288,1364,1652
04172000,SOUTHERN CALIFORNIA UNIVERSITY SOMA     ,CA,90017-2211,Proprietary  ,20,54,74,193,389,582
04173400,SANTA ANA BEAUTY ACADEMY                ,CA,92705-7820,Proprietary  ,1,11,12,75,85,160
04173500,MORENO VALLEY COLLEGE                   ,CA,92551-2204,Public       ,261,598,859,5181,7008,12189
04175200,PAUL MITCHELL THE SCHOOL EAST BAY       ,CA,94523-5515,Proprietary  ,43,48,91,261,300,561
04175400,ELITE COSMETOLOGY SCHOOL                ,CA,92284-2860,Proprietary  ,6,19,25,43,109,152
04176100,NORCO COLLEGE                           ,CA,92860-2600,Public       ,209,377,586,4553,4667,9220
04176200,TWIN RIVERS ADULT SCHOOL                ,CA,95660-5523,Public       ,5,97,102,35,583,618
04176300,BERGIN UNIVERSITY OF CANINE STUDIES     ,CA,95407-6834,Private      ,2,22,24,21,103,124
04177200,REAL BARBERS COLLEGE (THE)              ,CA,92805-2533,Proprietary  ,7,21,28,71,124,195
04178900,HANDS-ON MEDICAL MASSAGE SCHOOL         ,CA,92373-6271,Proprietary  ,2,11,13,35,98,133
04180000,CINTA AVEDA INSTITUTE                   ,CA,94108-3204,Proprietary  ,30,63,93,159,343,502
04181200,IPPT CAREER SCHOOL                      ,CA,91601-2028,Proprietary  ,17,70,87,63,234,297
04185200,SALINAS BEAUTY COLLEGE                  ,CA,93901-2405,Proprietary  ,5,15,20,55,91,146
04185500,ACADEMY OF COUTURE ART                  ,CA,90069-5701,Proprietary  ,14,25,39,113,139,252
04185600,MEDICAL ALLIED CAREER CENTER            ,CA,90670-4710,Proprietary  ,2,20,22,23,100,123
04185700,ACADEMY FOR SALON PROFESSIONALS (THE)   ,CA,95050-4057,Proprietary  ,21,41,62,130,220,350
04186900,"INTERNATIONAL COLLEGE OF BEAUTY, ARTS & ",CA,90039-1012,Proprietary  ,19,39,58,172,208,380
04187900,JOE BLASCO MAKEUP ARTIST TRAINING CENTER,CA,90027-5580,Proprietary  ,13,76,89,156,321,477
04189300,ALLIED AMERICAN UNIVERSITY              ,CA,92653-1337,Proprietary  ,13,361,374,68,1219,1287
04189700,CALIFORNIA MIRAMAR UNIVERSITY           ,CA,92126-7501,Proprietary  ,26,89,115,26,89,115
04189800,ACADEMY FOR SALON PROFESSIONALS         ,CA,91304-2305,Proprietary  ,9,18,27,79,133,212
04191300,ANNENBERG SCHOOL OF NURSING             ,CA,91335-5426,Private      ,4,8,12,47,69,116
04193500,LEMELANGE ACADEMY OF HAIR               ,CA,94558-2935,Proprietary  ,5,9,14,42,56,98
04193700,JOHN PAUL THE GREAT CATHOLIC UNIVERSITY ,CA,92131-1652,Private      ,7,4,11,178,104,282
04194300,COLTON-REDLANDS-YUCAIPA REGIONAL OCCUPAT,CA,92374-2896,Public       ,2,24,26,9,47,56
04194600,BRAND COLLEGE                           ,CA,91203-3646,Proprietary  ,1,12,13,5,26,31
04195200,DIAMOND BEAUTY COLLEGE                  ,CA,91733-2180,Proprietary  ,1,10,11,2,29,31
04195400,NCP COLLEGE OF NURSING                  ,CA,94080-1005,Proprietary  ,7,41,48,78,261,339
04195401,NCP COLLEGE OF NURSING - HAYWARD CAMPUS ,CA,94541-7026,Proprietary  ,14,55,69,75,285,360
04205800,"SAE INSTITUTE OF TECHNOLOGY, LOS ANGELES",CA,90028-7219,Proprietary  ,18,44,62,125,205,330
04206800,ADVANCE BEAUTY TECHS ACADEMY            ,CA,92583-6572,Proprietary  ,7,17,24,24,48,72
04208100,UKIAH ADULT SCHOOL                      ,CA,95482-3865,Public       ,2,9,11,2,9,11
04208900,ADVANCED CAREER INSTITUTE               ,CA,93291-9254,Proprietary  ,9,85,94,18,136,154
04209800,HINTON BARBER COLLEGE                   ,CA,94590-4547,Proprietary  ,10,27,37,19,55,74
04211900,XAVIER COLLEGE SCHOOL OF NURSING        ,CA,95202-1332,Proprietary  ,0,1,1,0,1,1
04215300,COSMO FACTORY COSMETOLOGY ACADEMY (THE) ,CA,95060-4401,Proprietary  ,8,13,21,8,13,21
04217500,W INSTITUTE OF COSMETOLOGY              ,CA,94521-5385,Proprietary  ,0,1,1,0,1,1
00184600,BRIAR CLIFF UNIVERSITY                  ,IA,51104-2100,Private      ,21,40,61,1360,659,2019
00184700,BUENA VISTA UNIVERSITY                  ,IA,50588-9987,Private      ,34,142,176,1752,2046,3798
00184800,SOUTHEASTERN COMMUNITY COLLEGE          ,IA,52655-0000,Public       ,84,297,381,1261,2148,3409
00185000,CENTRAL COLLEGE                         ,IA,50219-1999,Private      ,55,10,65,2322,168,2490
00185200,CLARKE UNIVERSITY                       ,IA,52001-3198,Private      ,20,30,50,1186,611,1797
00185400,COE COLLEGE                             ,IA,52402-5092,Private      ,49,35,84,2388,284,2672
00185500,DES MOINES UNIV-OSTEOPATHIC MED CTR     ,IA,50312-0000,Private      ,3,39,42,30,1872,1902
00185600,CORNELL COLLEGE                         ,IA,52314-1098,Private      ,40,10,50,2002,112,2114
00185700,SOUTHWESTERN COMMUNITY COLLEGE          ,IA,50801-1098,Public       ,18,83,101,659,790,1449
00185800,DIVINE WORD COLLEGE                     ,IA,52045-0380,Private      ,16,7,23,29,20,49
00185900,DORDT COLLEGE                           ,IA,51250-1697,Private      ,27,4,31,1474,114,1588
00186000,DRAKE UNIVERSITY                        ,IA,50311-4505,Private      ,102,129,231,5152,2446,7598
00186200,ELLSWORTH COMMUNITY COLLEGE             ,IA,50126-1199,Public       ,26,35,61,791,485,1276
00186400,IOWA LAKES COMMUNITY COLLEGE            ,IA,51334-2234,Public       ,32,128,160,1304,1291,2595
00186500,IOWA CENTRAL COMMUNITY COLLEGE          ,IA,50501-0000,Public       ,117,363,480,2863,3310,6173
00186600,GRACELAND UNIVERSITY                    ,IA,50140-1699,Private      ,45,109,154,1223,1479,2702
00186700,GRAND VIEW UNIVERSITY                   ,IA,50316-1599,Private      ,43,127,170,2170,1668,3838
00186800,GRINNELL COLLEGE                        ,IA,50112-1690,Private      ,60,8,68,2861,107,2968
00186900,IOWA STATE UNIV SCIENCE & TECHNOLOG     ,IA,50011-2028,Public       ,514,346,860,25785,6608,32393
00187100,IOWA WESLEYAN COLLEGE                   ,IA,52641-1398,Private      ,24,21,45,823,421,1244
00187300,LORAS COLLEGE                           ,IA,52004-0178,Private      ,24,22,46,2091,238,2329
00187400,LUTHER COLLEGE                          ,IA,52101-1045,Private      ,46,6,52,3376,96,3472
00187500,MARSHALLTOWN COMMUNITY COLLEGE          ,IA,50158-4760,Public       ,51,138,189,783,1120,1903
00187700,NORTH IOWA AREA COMMUNITY COLLEGE       ,IA,50401-7299,Public       ,63,125,188,1523,1278,2801
00187900,MORNINGSIDE COLLEGE                     ,IA,51106-1751,Private      ,83,84,167,1936,782,2718
00188000,MOUNT MERCY UNIVERSITY                  ,IA,52402-4797,Private      ,14,75,89,1081,1185,2266
00188100,ASHFORD UNIVERSITY                      ,IA,52732-3910,Proprietary  ,352,12196,12548,3861,118251,122112
00188300,NORTHWESTERN COLLEGE                    ,IA,51041-1996,Private      ,35,11,46,1529,148,1677
00188700,SIMPSON COLLEGE                         ,IA,50125-1297,Private      ,46,43,89,2249,631,2880
00188900,ST AMBROSE UNIVERSITY                   ,IA,52803-2898,Private      ,71,96,167,3441,1563,5004
00189000,UNIVERSITY OF NORTHERN IOWA             ,IA,50614-0002,Public       ,212,207,419,10846,3208,14054
00189100,UNIVERSITY OF DUBUQUE                   ,IA,52001-5099,Private      ,40,48,88,2269,740,3009
00189200,UNIVERSITY OF IOWA                      ,IA,52242-1316,Public       ,568,471,1039,22134,10547,32681
00189300,UPPER IOWA UNIVERSITY                   ,IA,52142-9206,Private      ,57,515,572,1558,5643,7201
00189500,WALDORF COLLEGE                         ,IA,50436-1700,Proprietary  ,19,59,78,791,604,1395
00189600,WARTBURG COLLEGE                        ,IA,50677-2200,Private      ,37,5,42,2405,110,2515
00189700,WARTBURG THEOLOGICAL SEMINARY           ,IA,52004-5004,Private      ,0,4,4,6,132,138
00190000,WILLIAM PENN UNIVERSITY                 ,IA,52577-1799,Private      ,21,117,138,1252,1238,2490
00396300,AIB COLLEGE OF BUSINESS                 ,IA,50321-1799,Private      ,17,80,97,666,879,1545
00407500,ESTRN IOWA COMMUNITY COLLEGE DIST       ,IA,52801-1221,Public       ,20,103,123,225,695,920
00407501,CLINTON COMMUNITY COLLEGE               ,IA,52732-0000,Public       ,37,140,177,518,1098,1616
00407502,MUSCATINE COMMUNITY COLLEGE             ,IA,52761-0000,Public       ,44,110,154,627,813,1440
00407503,SCOTT COMMUNITY COLLEGE                 ,IA,52722-0000,Public       ,135,398,533,1600,3476,5076
00407600,KIRKWOOD COMMUNITY COLLEGE              ,IA,52406-2068,Public       ,281,832,1113,7503,8927,16430
00423300,MERCY/ST. LUKE'S SCH RAD TECH           ,IA,52402-0000,Private      ,2,10,12,38,58,96
00458600,KAPLAN UNIVERSITY                       ,IA,52807-2095,Proprietary  ,664,9075,9739,4355,78077,82432
00458604,KAPLAN UNIVERSITY - CEDAR RAPIDS        ,IA,52404-2998,Proprietary  ,11,166,177,223,2558,2781
00458605,KAPLAN UNIVERSITY - DES MOINES          ,IA,50323-5702,Proprietary  ,19,204,223,194,2109,2303
00458606,KAPLAN UNIVERSITY - MASON CITY          ,IA,50401-4665,Proprietary  ,2,62,64,55,858,913
00458607,KAPLAN UNIVERSITY - CEDAR FALLS         ,IA,50613-6309,Proprietary  ,13,137,150,164,1466,1630
00458610,KAPLAN UNIVERSITY - COUNCIL BLUFFS      ,IA,51503-5289,Proprietary  ,6,78,84,83,881,964
00458700,NORTHEAST IOWA COMMUNITY COLLEGE        ,IA,52132-0400,Public       ,33,87,120,754,835,1589
00458701,NORTHEAST IOWA COMMUNITY COLLEGE        ,IA,52068-0000,Public       ,62,170,232,1139,1552,2691
00459500,HAWKEYE COMMUNITY COLLEGE               ,IA,50701-0000,Public       ,142,351,493,3124,3270,6394
00459800,IOWA WESTERN CMTY CLG-COUNCIL BLUFF     ,IA,51502-0000,Public       ,251,434,685,4005,3973,7978
00460000,NORTHWEST IOWA COMMUNITY COLLEGE        ,IA,51201-1046,Public       ,14,41,55,596,561,1157
00626700,IOWA METHODIST MEDICAL CENTER SCHOOLS   ,IA,50309-1499,Private      ,3,16,19,54,159,213
00627300,MERCY COLLEGE OF HEALTH SCIENCES        ,IA,50309-1239,Private      ,18,109,127,559,1174,1733
00712000,DES MOINES AREA CMTY COLLEGE            ,IA,50021-0000,Public       ,507,1433,1940,7937,12608,20545
00712100,FAITH BAPTIST BIBLE CLG & THEOL SEM     ,IA,50021-0000,Private      ,8,4,12,343,65,408
00729100,ST LUKE'S COLLEGE                       ,IA,51104-0263,Private      ,4,12,16,124,189,313
00731600,WESTERN IOWA TECH COMMUNITY COLLEGE     ,IA,51106-0000,Public       ,149,407,556,2139,3715,5854
00758800,CAPRI COLLEGE                           ,IA,52004-0873,Proprietary  ,7,15,22,84,122,206
00761100,EQ SCHOOL OF HAIR DESIGN                ,IA,51503-0813,Proprietary  ,3,8,11,41,65,106
00765600,AMERICAN COLLEGE OF HARISTYLING -CR     ,IA,52402-0000,Proprietary  ,2,6,8,14,52,66
00765800,AMER COLL OF HAIRSTYLING-DES MOINES     ,IA,50309-5446,Proprietary  ,3,11,14,16,88,104
00765900,LA JAMES COLLEGE OF HAIRSTYLING         ,IA,50401-3308,Proprietary  ,3,10,13,79,92,171
00771700,CAPRI COLLEGE                           ,IA,52807-2622,Proprietary  ,14,37,51,162,258,420
00794100,COLLEGE OF HAIR DESIGN                  ,IA,50703-1834,Proprietary  ,8,8,16,32,66,98
00826000,IOWA SCHOOL OF BEAUTY INC               ,IA,50322-0000,Proprietary  ,10,43,53,85,256,341
00840300,INDIAN HILLS COMMUNITY COLLEGE          ,IA,52501-1398,Public       ,127,311,438,1994,2698,4692
00840301,INDIAN HILLS COMMUNITY COLLEGE          ,IA,52544-0000,Public       ,15,47,62,263,410,673
00842400,LA JAMES INTERNATIONAL COLLEGE          ,IA,50501-5577,Proprietary  ,6,16,22,61,96,157
00959300,LA'JAMES COLLEGE OF HAIRSTYLING         ,IA,52240-0000,Proprietary  ,8,12,20,87,90,177
01111300,MAHARISHI UNIV OF MANAGEMENT            ,IA,52557-0001,Private      ,18,45,63,212,568,780
01206400,HAMILTON TECHNICAL COLLEGE              ,IA,52807-2653,Proprietary  ,12,42,54,113,372,485
01230000,PALMER COLLEGE OF CHIROPRACTIC          ,IA,52803-5287,Private      ,4,47,51,95,2130,2225
01300600,LA' JAMES INTERNATIONAL COLLEGE-CF      ,IA,50613-5242,Proprietary  ,12,14,26,74,115,189
02090300,CAPRI COLLEGE                           ,IA,52404-0000,Proprietary  ,10,23,33,138,188,326
02132000,LA JAMES COLLEGE OF HAIRSTYLING         ,IA,50703-0000,Proprietary  ,0,1,1,0,1,1
02134500,LA JAMES INTERNATIONAL COLLEGE - DAV    ,IA,52806-3952,Proprietary  ,6,10,16,59,92,151
02160900,"SALON PROFESSIONAL ACADEMY, THE         ",IA,50010-0000,Proprietary  ,8,12,20,96,108,204
02262500,FAUST INSTITUTE OF COSMETOLOGY          ,IA,50588-0000,Proprietary  ,1,2,3,20,43,63
02274100,LA' JAMES INTERNATIONAL COLLEGE - DM    ,IA,50131-0000,Proprietary  ,10,25,35,78,176,254
02289000,AMERICAN HAIR ACADEMY                   ,IA,52627-4530,Proprietary  ,1,11,12,22,42,64
02306900,IOWA SCHOOL OF BEAUTY                   ,IA,52501-0000,Proprietary  ,7,8,15,54,81,135
02328900,EMMAUS BIBLE COLLEGE                    ,IA,52001-0000,Private      ,5,3,8,236,61,297
02330900,IOWA SCHOOL OF BEAUTY                   ,IA,50158-0000,Proprietary  ,3,12,15,26,44,70
02609200,VATTEROTT COLLEGE                       ,IA,50321-4704,Proprietary  ,15,91,106,116,695,811
03069100,ALLEN COLLEGE                           ,IA,50703-1916,Private      ,6,46,52,360,586,946
03441300,IOWA SCHOOL OF BEAUTY                   ,IA,51106-5111,Proprietary  ,2,12,14,36,103,139
03607400,TOTAL LOOK SCHOOL OF COSMETOLOGY AND MAS,IA,52136-1053,Proprietary  ,1,4,5,13,9,22
03720300,CARLSON COLLEGE OF MASSAGE THERAPY      ,IA,52205-7519,Proprietary  ,1,4,5,16,37,53
04051313,ART INSTITUTE OF PHOENIX (THE) - BROWN M,IA,52722-3628,Proprietary  ,0,13,13,23,73,96
04089300,BIO-CHI INSTITUTE OF MASSAGE THERAPY    ,IA,51103-2138,Proprietary  ,2,3,5,14,61,75
04177800,SALON PROFESSIONAL ACADEMY (THE)        ,IA,52240-6083,Proprietary  ,8,11,19,54,62,116
04203300,AVEDA INSTITUTE DES MOINES              ,IA,50266-8137,Proprietary  ,18,24,42,166,174,340
00259600,ATLANTIC COMMUNITY COLLEGE              ,NJ,08330-2699,Public       ,285,713,998,4277,5328,9605
00259700,BLOOMFIELD COLLEGE                      ,NJ,07003-3425,Private      ,103,131,234,3369,1922,5291
00259800,CALDWELL COLLEGE                        ,NJ,07006-6195,Private      ,81,115,196,2392,1415,3807
00259900,CENTENARY COLLEGE                       ,NJ,07840-2184,Private      ,51,76,127,1881,980,2861
00260000,COLLEGE OF SAINT ELIZABETH              ,NJ,07960-6989,Private      ,19,48,67,906,824,1730
00260100,CUMBERLAND COUNTY COLLEGE               ,NJ,08362-9912,Public       ,171,420,591,2476,3507,5983
00260300,DREW UNIVERSITY                         ,NJ,07940-4063,Private      ,78,47,125,3804,831,4635
00260700,FAIRLEIGH DICKINSON UNIV-TEANECK        ,NJ,07666-1996,Private      ,177,271,448,5140,3352,8492
00260701,FAIRLEIGH DICKINSON UNIV-FLORHAM        ,NJ,07940-0000,Private      ,95,87,182,3961,1082,5043
00260702,FAIRLEIGH DICKINSON UNIV-ED WMS CLG     ,NJ,07601-0000,Private      ,23,43,66,551,471,1022
00260703,FAIRLEIGH DICKINSON UNIVERSITY          ,NJ,07940-0000,Private      ,75,73,148,1873,910,2783
00260800,GEORGIAN COURT UNIVERSITY               ,NJ,08701-2697,Private      ,46,126,172,1520,1484,3004
00260900,ROWAN UNIVERSITY                        ,NJ,08028-1702,Public       ,442,377,819,15169,5395,20564
00261000,FELICIAN COLLEGE                        ,NJ,07644-2198,Private      ,59,114,173,2482,1673,4155
00261300,NEW JERSEY CITY UNIVERSITY              ,NJ,07305-1597,Public       ,219,535,754,5829,7250,13079
00261500,MIDDLESEX COUNTY COLLEGE                ,NJ,08818-3050,Public       ,403,589,992,7470,5958,13428
00261600,MONMOUTH UNIVERSITY                     ,NJ,07764-1898,Private      ,234,164,398,8462,2648,11110
00261700,MONTCLAIR STATE UNIVERSITY              ,NJ,07043-9987,Public       ,680,644,1324,19337,8802,28139
00261900,NEW BRUNSWICK THEOLOGICAL SEMINARY      ,NJ,08901-0000,Private      ,3,11,14,79,204,283
00262100,NEW JERSEY INST OF TECHNOLOGY           ,NJ,07102-1982,Public       ,240,273,513,6980,3962,10942
00262200,KEAN UNIVERSITY                         ,NJ,07083-7131,Public       ,390,602,992,14202,10083,24285
00262400,OCEAN COUNTY COLLEGE                    ,NJ,08754-2001,Public       ,242,482,724,5536,4732,10268
00262500,WILLIAM PATERSON UNIVERSITY             ,NJ,07470-2152,Public       ,410,346,756,12641,5644,18285
00262600,PRINCETON THEOLOGICAL SEMINARY          ,NJ,08542-0000,Private      ,0,14,14,9,653,662
00262700,PRINCETON UNIVERSITY                    ,NJ,08544-0001,Private      ,649,149,798,17200,1952,19152
00262800,RIDER UNIVERSITY                        ,NJ,08648-3099,Private      ,217,118,335,8450,1874,10324
00262900,"RUTGERS, THE STATE UNIVERSITY OF NJ     ",NJ,08901-1281,Public       ,1634,1615,3249,50509,26852,77361
00263200,SETON HALL UNIVERSITY                   ,NJ,07079-2697,Private      ,322,331,653,11302,4690,15992
00263201,SETON HALL UNIVERSITY - SCHOOL OF LAW   ,NJ,07079-5210,Private      ,26,58,84,314,2106,2420
00263800,SAINT PETER'S UNIVERSITY                ,NJ,07306-5997,Private      ,119,174,293,3075,1913,4988
00263900,STEVENS INSTITUTE OF TECHNOLOGY         ,NJ,07030-5370,Private      ,128,65,193,4465,721,5186
00264200,COLLEGE OF NEW JERSEY (THE)             ,NJ,08628-0718,Public       ,317,108,425,12204,1551,13755
00264300,UNION COUNTY COLLEGE                    ,NJ,07016-1598,Public       ,431,963,1394,5997,8990,14987
00473600,BERGEN COMMUNITY COLLEGE                ,NJ,07652-1595,Public       ,476,646,1122,9464,6686,16150
00474000,MERCER COUNTY COMMUNITY COLLEGE         ,NJ,08690-0000,Public       ,239,529,768,3827,5060,8887
00539900,MONMOUTH COUNTY VOCATIONAL SCH DIST     ,NJ,07728-5033,Public       ,1,11,12,69,164,233
00545200,TETERBORO SCH OF AERONAUTICS            ,NJ,07608-1083,Proprietary  ,22,34,56,124,193,317
00546100,SALEM COMMUNITY COLLEGE                 ,NJ,08069-2799,Public       ,36,88,124,680,896,1576
00641700,HOLY NAME HOSPITAL SCH OF NURSING       ,NJ,07666-4254,Private      ,2,21,23,102,291,393
00642000,MOUNTAINSIDE HOSP SCH NRSG              ,NJ,07042-4898,Proprietary  ,1,12,13,57,185,242
00642100,MUHLENBERG SNYDER SCHOOLS               ,NJ,07061-3399,Private      ,6,43,49,118,583,701
00642900,ST FRANCIS MEDICAL CTR SCH NURSING      ,NJ,08629-1986,Private      ,1,22,23,33,181,214
00642902,ST FRANCIS MED CTR RAD TECH             ,NJ,08629-0000,Private      ,1,16,17,17,79,96
00686500,CAMDEN COUNTY COLLEGE                   ,NJ,08012-3240,Public       ,432,1113,1545,6915,9675,16590
00690100,GLOUCESTER COUNTY COLLEGE               ,NJ,08080-4249,Public       ,184,372,556,3935,3659,7594
00710700,ESSEX COUNTY COLLEGE                    ,NJ,07102-1798,Public       ,400,1103,1503,6470,10371,16841
00750200,BERKELEY COLLEGE                        ,NJ,07424-3367,Proprietary  ,116,285,401,2447,2907,5354
00750201,BERKELEY COLLEGE - WOODBRIDGE           ,NJ,07095-3305,Proprietary  ,0,0,0,58,74,132
00750202,BERKELEY COLLEGE - PARAMUS              ,NJ,07652-2931,Proprietary  ,0,0,0,57,52,109
00750600,LINCOLN TECHNICAL INSTITUTE             ,NJ,07083-5032,Proprietary  ,89,156,245,820,930,1750
00750601,LINCOLN TECHNICAL INSTITUTE             ,NJ,07430-0000,Proprietary  ,37,36,73,482,314,796
00759300,PARISIAN BEAUTY ACADEMY                 ,NJ,07601-5509,Proprietary  ,36,47,83,205,260,465
00772900,COUNTY COLLEGE OF MORRIS                ,NJ,07869-0000,Public       ,252,227,479,4149,2329,6478
00773000,BURLINGTON COUNTY COLLEGE               ,NJ,08068-1599,Public       ,293,649,942,4757,5756,10513
00773100,RARITAN VALLEY COMMUNITY COLLEGE        ,NJ,08876-1265,Public       ,143,254,397,3061,2533,5594
00780401,STAR CAREER ACADEMY - STAR LAKEWOOD     ,NJ,08701-5900,Proprietary  ,42,58,100,169,503,672
00780402,STAR CAREER ACADEMY - STAR EGG HARBOR   ,NJ,08234-4863,Proprietary  ,8,67,75,91,394,485
00794700,BETH MEDRASH GOVOHA OF AMERICA          ,NJ,08701-0000,Private      ,126,299,425,299,1589,1888
00840400,BROOKDALE COMMUNITY COLLEGE             ,NJ,07738-1597,Public       ,237,456,693,6513,4889,11402
00844101,ANTHEM INSTITUTE                        ,NJ,08002-0000,Proprietary  ,1,20,21,53,223,276
00849400,HO HO KUS SCHL OF TRADE & TECH SCIENCES ,NJ,07513-1402,Proprietary  ,12,54,66,122,279,401
00860900,RABBINICAL COLLEGE OF AMERICA           ,NJ,07960-3600,Private      ,27,1,28,71,12,83
00907800,CAPRI INSTITUTE OF HAIR DESIGN          ,NJ,07011-2111,Proprietary  ,17,47,64,122,281,403
00934400,RAMAPO COLLEGE OF NEW JERSEY            ,NJ,07430-1680,Public       ,236,115,351,8038,1605,9643
00934500,RICHARD STOCKTON COLLEGE OF NJ          ,NJ,08240-0000,Public       ,235,245,480,10355,3869,14224
00982804,EVEREST INSTITUTE - SOUTH PLAINFIELD    ,NJ,07080-1125,Proprietary  ,39,110,149,281,723,1004
00999400,PASSAIC COUNTY COMMUNITY COLLEGE        ,NJ,07505-1179,Public       ,265,570,835,4655,6345,11000
01039400,UNIV OF MEDICINE & DENTISTRY OF NJ      ,NJ,07107-0000,Public       ,30,363,393,465,6339,6804
01062900,P B COSMETOLOGY EDUCATION CENTRE        ,NJ,08030-1750,Proprietary  ,8,17,25,113,152,265
01085100,ANTHEM INSTITUTE                        ,NJ,07054-3409,Proprietary  ,67,177,244,331,735,1066
01085101,ANTHEM INSTITUTE                        ,NJ,07306-0000,Proprietary  ,6,21,27,80,218,298
01085102,ANTHEM INSTITUTE                        ,NJ,08902-0000,Proprietary  ,4,20,24,84,195,279
01090300,RIZZIERI INSTITUTE                      ,NJ,08043-4600,Proprietary  ,21,35,56,159,214,373
01152300,MORRIS COUNTY SCHOOL OF TECHNOLOGY      ,NJ,07834-0000,Public       ,2,6,8,47,94,141
01170800,NATURAL MOTION INST OF HAIR DESIGN      ,NJ,07306-5496,Proprietary  ,7,18,25,61,121,182
01198900,TALMUDICAL ACADEMY                      ,NJ,07710-0000,Private      ,2,0,2,55,2,57
01209000,REIGNBOW BEAUTY ACADEMY                 ,NJ,08861-4118,Proprietary  ,12,18,30,86,154,240
01234600,DOVER BUSINESS COLLEGE                  ,NJ,07011-2161,Proprietary  ,26,102,128,397,984,1381
01234602,DOVER BUSINESS COLLEGE                  ,NJ,07801-4643,Proprietary  ,8,46,54,154,436,590
01246100,LINCOLN TECHNICAL INSTITUTE             ,NJ,08820-2896,Proprietary  ,38,100,138,370,921,1291
01246102,LINCOLN TECHNICAL INSTITUTE             ,NJ,08057-3212,Proprietary  ,39,97,136,279,881,1160
01246103,LINCOLN TECHNICAL INSTITUTE             ,NJ,07652-2106,Proprietary  ,43,117,160,397,877,1274
01246200,HOHOKUS - HACKENSACK SCHOOL OF BUSINESS ,NJ,07601-7197,Proprietary  ,27,104,131,144,640,784
01295400,HUDSON COUNTY COMMUNITY COLLEGE         ,NJ,07306-4012,Public       ,378,716,1094,5902,7502,13404
02053700,EASTWICK COLLEGE                        ,NJ,07446-0000,Proprietary  ,59,191,250,397,1373,1770
02061800,ROMAN ACADEMY OF BEAUTY CULTURE         ,NJ,07506-0000,Proprietary  ,3,10,13,32,50,82
02092300,HOHOKUS SCHOOL - RETS/NUTLEY            ,NJ,07110-0000,Proprietary  ,29,115,144,219,581,800
02103700,CAPRI INSTITUTE OF HAIR DESIGN          ,NJ,07652-0000,Proprietary  ,12,22,34,88,127,215
02104000,HARRIS SCHOOL OF BUSINESS               ,NJ,08002-2983,Proprietary  ,96,338,434,375,1446,1821
02106601,AMERICAN INSTITUTE - CLIFTON            ,NJ,07011-2345,Proprietary  ,43,80,123,222,576,798
02131100,DU CRET SCHOOL OF THE ARTS              ,NJ,07060-0000,Private      ,6,7,13,42,27,69
02131600,PENNCO TECH                             ,NJ,08012-0000,Proprietary  ,51,195,246,434,832,1266
02132300,BERDAN INSTITUTE                        ,NJ,07512-0000,Proprietary  ,28,105,133,291,635,926
02146800,JOE KUBERT SCH OF CARTOON & GRAPHIC     ,NJ,07801-0000,Proprietary  ,4,7,11,84,91,175
02149800,EMPIRE BEAUTY SCHOOL                    ,NJ,08021-0000,Proprietary  ,15,49,64,102,299,401
02149801,EMPIRE BEAUTY SCHOOL - BORDENTOWN       ,NJ,08505-1513,Proprietary  ,2,12,14,25,71,96
02154000,DIVERS ACAD OF EASTERN SEABOARD         ,NJ,08081-1139,Proprietary  ,21,51,72,104,268,372
02183600,CAPRI INSTITUTE OF HAIR DESIGN          ,NJ,07033-0000,Proprietary  ,4,21,25,69,168,237
02192200,THOMAS EDISON STATE COLLEGE             ,NJ,08608-0000,Public       ,65,1081,1146,565,8216,8781
02219600,OMEGA INSTITUTE                         ,NJ,08109-0000,Proprietary  ,3,30,33,44,200,244
02223700,NEW HORIZON INST OF COSMETOLOGY         ,NJ,07093-0000,Proprietary  ,6,31,37,42,169,211
02223900,DRAKE COLLEGE OF BUSINESS               ,NJ,07201-0000,Proprietary  ,31,217,248,163,1015,1178
02223902,DRAKE COLLEGE OF BUSINESS - NEWARK CAMPU,NJ,07112-2760,Proprietary  ,68,375,443,354,1775,2129
02232500,UNION COUNTY VOCATIONAL TECH INST       ,NJ,07076-0000,Public       ,16,20,36,92,134,226
02234600,SHORE BEAUTY SCHOOL                     ,NJ,08232-0000,Proprietary  ,10,42,52,64,174,238
02246000,ROSS UNIVERSITY - MEDICAL SCHOOL        ,NJ,08837-0000,Proprietary  ,5,282,287,39,4171,4210
02248600,COOPER HEALTH SYS-CTR ALLIED HEALTH     ,NJ,08103-0000,Private      ,5,52,57,129,465,594
02252700,CONCORDE SCHOOL OF HAIR DESIGN          ,NJ,07712-0000,Proprietary  ,10,34,44,119,242,361
02252701,CONCORDE SCHOOL OF HAIR DESIGN - BLOOMFI,NJ,07003-2517,Proprietary  ,2,9,11,31,88,119
02261800,EUROPEAN ACADEMY OF COSMETOLOGY         ,NJ,07083-0000,Proprietary  ,11,32,43,74,160,234
02265500,CAPRI INSTITUTE OF HAIR DESIGN          ,NJ,08724-0000,Proprietary  ,7,22,29,80,179,259
02277900,ROSS UNIV - SCH OF VETERINARY MED       ,NJ,08837-0000,Proprietary  ,1,70,71,19,1524,1543
02291000,LINCOLN TECHNICAL INSTITUTE             ,NJ,07080-2424,Proprietary  ,14,40,54,199,255,454
02312000,BERGEN COUNTY TECHNICAL SCHOOLS         ,NJ,07601-6110,Public       ,14,37,51,94,206,300
02344200,EMPIRE BEAUTY SCHOOL                    ,NJ,08002-0000,Proprietary  ,13,45,58,118,306,424
02503900,WARREN COUNTY COMMUNITY COLLEGE         ,NJ,07882-0000,Public       ,57,80,137,820,780,1600
02523700,OCEAN COUNTY VOCATIONAL-TECH SCHOOL     ,NJ,08753-0000,Public       ,14,57,71,269,512,781
02525900,ARTISTIC ACADEMY OF HAIR DESIGN         ,NJ,07950-1409,Proprietary  ,13,19,32,122,136,258
02528200,REIGNBOW BEAUTY ACADEMY                 ,NJ,07060-0000,Proprietary  ,6,28,34,38,119,157
02558700,PRISM CAREER INSTITUTE                  ,NJ,08037-0000,Proprietary  ,17,81,98,151,650,801
02568800,SUSSEX COUNTY COMMUNITY COLLEGE         ,NJ,07860-1149,Public       ,61,103,164,1653,1230,2883
02586900,HARRIS SCHOOL OF BUSINESS               ,NJ,08043-2604,Proprietary  ,46,215,261,181,916,1097
02616402,SANFORD-BROWN INSTITUTE - ISELIN        ,NJ,08830-0000,Proprietary  ,40,129,169,324,731,1055
03077500,RABBI JACOB JOSEPH SCHOOL               ,NJ,08817-4494,Private      ,2,0,2,31,4,35
03122600,EASTERN INTERNATIONAL COLLEGE           ,NJ,07306-3906,Proprietary  ,27,62,89,153,450,603
03187300,STENOTECH CAREER INSTITUTE              ,NJ,07004-3490,Proprietary  ,6,7,13,34,66,100
03197300,INSTITUTE FOR HEALTH EDUCATION(THE)     ,NJ,07306-2929,Proprietary  ,5,28,33,56,235,291
03324300,CENTRAL CAREER SCHOOL                   ,NJ,07080-2408,Proprietary  ,14,39,53,59,180,239
03380302,STAR CAREER ACADEMY - STAR NEWARK       ,NJ,07102-4510,Proprietary  ,31,125,156,238,965,1203
03380303,STAR CAREER ACADEMY - STAR CLIFTON      ,NJ,07011-2248,Proprietary  ,20,41,61,95,392,487
03389300,ACADEMY OF MASSAGE THERAPY              ,NJ,07631-0000,Proprietary  ,3,16,19,57,134,191
03424500,NEW COMMUNITY WORKFORCE DEVELOPMENT     ,NJ,07103-2402,Private      ,2,98,100,58,552,610
03536300,INSTITUTE FOR THERAPEUTIC MASSAGE       ,NJ,07420-1452,Proprietary  ,4,22,26,30,124,154
03625300,PERFORMANCE TRAINING INSTITUTE          ,NJ,08753-0000,Proprietary  ,3,21,24,67,1012,1079
03650600,PC AGE                                  ,NJ,07306-3936,Proprietary  ,11,56,67,51,324,375
03650603,PC AGE                                  ,NJ,08817-2842,Proprietary  ,0,12,12,16,58,74
03666300,SOMERSET CHRISTIAN COLLEGE              ,NJ,08890-9035,Private      ,11,68,79,80,536,616
03803300,HEALTHCARE TRAINING INSTITUTE           ,NJ,07083-3504,Proprietary  ,8,53,61,101,446,547
03811300,EASTERN SCHOOL OF ACUPUNCTURE AND TRADIT,NJ,07042-3562,Proprietary  ,0,18,18,7,92,99
04081300,BAIS MEDRASH TORAS CHESED               ,NJ,08701-0000,Private      ,10,1,11,33,21,54
04123400,YESHIVAS BE'ER YITZCHOK                 ,NJ,07208-2380,Private      ,3,14,17,14,67,81
04125000,GENTLE HEALING SCHOOL OF MASSAGE        ,NJ,08512-3600,Proprietary  ,0,8,8,8,44,52
04131100,YESHIVA TORAS CHAIM                     ,NJ,08701-2120,Private      ,9,1,10,170,8,178
04131200,TOTAL IMAGE BEAUTY ACADEMY              ,NJ,07307-2943,Proprietary  ,8,17,25,26,111,137
04134100,CENTER FOR ALLIED HEALTH & NURSING EDUCA,NJ,07601-5801,Proprietary  ,20,270,290,157,1852,2009
04136400,AMERICAN INSTITUTE OF MEDICAL SCIENCES &,NJ,07080-1183,Proprietary  ,20,52,72,98,255,353
04154500,STARTING POINTS FOR CHILDREN            ,NJ,07306-0001,Private      ,0,13,13,14,130,144
04154900,NATIONAL CAREER INSTITUTE               ,NJ,07018-2011,Proprietary  ,3,34,37,22,221,243
04173100,LAB PAUL MITCHELL PARTNER SCHOOL (THE)  ,NJ,08628-2500,Proprietary  ,8,17,25,56,102,158
04180300,MESIVTA KESER TORAH                     ,NJ,07719-2409,Private      ,4,0,4,4,1,5
04181400,BEST CARE TRAINING INSTITUTE            ,NJ,07018-1703,Proprietary  ,6,30,36,29,231,260
04184500,CHRISTINE VALMY INTERNATIONAL SCHOOL OF ,NJ,07058-9589,Proprietary  ,8,10,18,32,65,97
04188700,ASI CAREER INSTITUTE                    ,NJ,08012-1043,Proprietary  ,3,46,49,20,213,233
04191400,SCHOOL OF COURT REPORTING (THE)         ,NJ,08053-1533,Proprietary  ,5,11,16,19,76,95
04192400,YESHIVA GEDOLAH ZICHRON LEYMA           ,NJ,07036-3905,Private      ,3,1,4,5,3,8
04207500,MEDICAL CAREER INSTITUTE                ,NJ,07712-7202,Proprietary  ,6,35,41,11,68,79
00266500,VAUGHN COLLEGE OF AERONAUTICS AND TECHNO,NY,11369-9997,Private      ,82,119,201,1435,1102,2537
00266600,ADELPHI UNIVERSITY                      ,NY,11530-4299,Private      ,261,289,550,9418,5073,14491
00266700,DOWLING COLLEGE                         ,NY,11769-1999,Private      ,80,111,191,2737,1636,4373
00266800,ALFRED UNIVERSITY                       ,NY,14802-1205,Private      ,81,71,152,3925,748,4673
00266900,BANK STREET COLLEGE OF EDUCATION        ,NY,10025-0000,Private      ,5,61,66,23,863,886
00267100,BARD COLLEGE                            ,NY,12504-5000,Private      ,95,32,127,2965,783,3748
00267400,NEW YORK THEOLOGICAL SEMINARY           ,NY,10115-0002,Private      ,1,34,35,4,302,306
00267700,BROOKLYN LAW SCHOOL                     ,NY,11201-0000,Private      ,18,71,89,122,3005,3127
00267800,BRYANT & STRATTON COLLEGE               ,NY,14203-1713,Proprietary  ,280,1687,1967,2917,15425,18342
00267803,BRYANT & STRATTON COLLEGE - GREECE      ,NY,14606-4227,Proprietary  ,40,194,234,381,1408,1789
00267805,BRYANT & STRATTON COLLEGE - SYRACUSE    ,NY,13203-2502,Proprietary  ,40,218,258,650,1757,2407
00267807,BRYANT & STRATTON COLLEGE - ALBANY      ,NY,12205-5230,Proprietary  ,22,126,148,286,1213,1499
00268100,CANISIUS COLLEGE                        ,NY,14208-1098,Private      ,125,160,285,5007,2178,7185
00268500,CAZENOVIA COLLEGE                       ,NY,13035-1085,Private      ,45,14,59,2074,237,2311
00268700,CUNY-BROOKLYN COLLEGE                   ,NY,11210-2814,Public       ,805,1147,1952,20753,13523,34276
00268800,CITY COLLEGE-CUNY                       ,NY,10031-9198,Public       ,812,1095,1907,23519,12945,36464
00268900,CUNY-HUNTER COLLEGE                     ,NY,10021-0000,Public       ,1169,1560,2729,32056,18872,50928
00269000,QUEENS COLLEGE-CUNY                     ,NY,11367-1597,Public       ,725,804,1529,19954,10181,30135
00269100,CUNY- BOROUGH OF MANHATTAN CMTY CLG     ,NY,10007-1047,Public       ,2084,1959,4043,30869,18778,49647
00269200,CUNY BRONX COMMUNITY COLLEGE            ,NY,10453-3102,Public       ,1000,1244,2244,13395,11635,25030
00269300,CUNY-JOHN JAY CLG CRIMINAL JUSTICE      ,NY,10019-1093,Public       ,733,789,1522,18508,9494,28002
00269400,KINGSBOROUGH COMMUNITY COLLEGE          ,NY,11235-2398,Public       ,905,845,1750,15765,9651,25416
00269600,NY CITY COLLEGE OF TECHNOLOGY-CUNY      ,NY,11201-2983,Public       ,812,1043,1855,19079,10866,29945
00269700,QUEENSBOROUGH COMMUNITY COLLEGE         ,NY,11364-1497,Public       ,905,709,1614,16037,7607,23644
00269800,CUNY THE COLLEGE OF STATEN ISLAND       ,NY,10314-6600,Public       ,490,405,895,12593,5415,18008
00269900,CLARKSON UNIVERSITY                     ,NY,13699-5615,Private      ,100,41,141,4968,526,5494
00270000,COLGATE ROCHESTER CROZER DIVINITY S     ,NY,14620-0000,Private      ,0,8,8,6,98,104
00270100,COLGATE UNIVERSITY                      ,NY,13346-1386,Private      ,140,12,152,4337,99,4436
00270300,COLLEGE OF MOUNT SAINT VINCENT          ,NY,10471-1093,Private      ,55,36,91,2945,637,3582
00270400,COLLEGE OF NEW ROCHELLE                 ,NY,10805-2339,Private      ,67,374,441,1303,4778,6081
00270500,COLLEGE OF SAINT ROSE                   ,NY,12203-1490,Private      ,107,192,299,5490,2162,7652
00270700,COLUMBIA UNIVERSITY                     ,NY,10027-0000,Private      ,1072,1223,2295,23173,24160,47333
00270800,BARNARD COLLEGE-COLUMBIA UNIV           ,NY,10027-6598,Private      ,153,51,204,4538,537,5075
00270900,CONCORDIA COLLEGE                       ,NY,10708-1998,Private      ,36,46,82,991,609,1600
00271000,COOPER UNION                            ,NY,10003-7120,Private      ,88,44,132,2039,408,2447
00271100,CORNELL UNIVERSITY                      ,NY,14853-2801,Private      ,886,328,1214,29282,7050,36332
00271101,WEILL CORNELL MEDICAL COLLEGE AND GRADUA,NY,10021-0000,Private      ,13,19,32,54,852,906
00271200,D'YOUVILLE COLLEGE                      ,NY,14201-1084,Private      ,73,152,225,2072,2418,4490
00271300,DOMINICAN COLLEGE                       ,NY,10962-1299,Private      ,42,81,123,1996,1051,3047
00271800,ELMIRA COLLEGE                          ,NY,14901-2099,Private      ,68,36,104,2389,468,2857
00272200,FORDHAM UNIVERSITY                      ,NY,10458-5157,Private      ,734,617,1351,25583,10338,35921
00272600,GENERAL THEOLOGICAL SEMINARY            ,NY,10011-0000,Private      ,0,3,3,1,105,106
00272800,HAMILTON COLLEGE                        ,NY,13323-1218,Private      ,84,8,92,3135,75,3210
00272900,HARTWICK COLLEGE                        ,NY,13820-4020,Private      ,63,12,75,4218,193,4411
00273100,HOBART & WILLIAM SMITH COLLEGES         ,NY,14456-3397,Private      ,85,8,93,3659,109,3768
00273200,HOFSTRA UNIVERSITY                      ,NY,11549-1010,Private      ,514,297,811,16983,6281,23264
00273400,HOUGHTON COLLEGE                        ,NY,14744-0128,Private      ,18,25,43,1309,212,1521
00273500,HILBERT COLLEGE                         ,NY,14075-1597,Private      ,38,36,74,1221,402,1623
00273700,IONA COLLEGE                            ,NY,10801-1890,Private      ,127,70,197,8748,1358,10106
00273900,ITHACA COLLEGE                          ,NY,14850-7130,Private      ,389,49,438,14273,1054,15327
00274000,JEWISH THEOLOGICAL SEMINARY OF AMER     ,NY,10027-4649,Private      ,2,3,5,135,193,328
00274200,THE JUILLIARD SCHOOL                    ,NY,10023-6588,Private      ,106,52,158,1769,962,2731
00274400,KEUKA COLLEGE                           ,NY,14478-0000,Private      ,35,114,149,1450,1453,2903
00274800,LEMOYNE COLLEGE                         ,NY,13214-1399,Private      ,126,90,216,4634,1081,5715
00274900,NEW YORK COLLEGE OF PODIATRIC MED       ,NY,10035-1940,Private      ,3,21,24,35,428,463
00275100,LONG ISLAND UNIVERSITY                  ,NY,11548-1326,Private      ,446,748,1194,13885,11389,25274
00275800,MANHATTAN COLLEGE                       ,NY,10471-4098,Private      ,171,50,221,6466,696,7162
00275900,MANHATTAN SCHOOL OF MUSIC               ,NY,10027-4689,Private      ,49,40,89,739,893,1632
00276000,MANHATTANVILLE COLLEGE                  ,NY,10577-2132,Private      ,80,66,146,3205,891,4096
00276300,MARIA COLLEGE                           ,NY,12208-1798,Private      ,17,79,96,299,1042,1341
00276500,MARIST COLLEGE                          ,NY,12601-1387,Private      ,282,141,423,11176,1590,12766
00276900,MARYMOUNT MANHATTAN COLLEGE             ,NY,10021-4597,Private      ,130,42,172,4021,410,4431
00277200,MERCY COLLEGE                           ,NY,10522-1189,Private      ,286,789,1075,6415,8407,14822
00277500,MOLLOY COLLEGE                          ,NY,11570-1100,Private      ,121,173,294,3720,2397,6117
00277700,MEDAILLE COLLEGE                        ,NY,14214-2695,Private      ,69,195,264,1869,1823,3692
00277800,MOUNT SAINT MARY COLLEGE                ,NY,12550-3494,Private      ,97,91,188,4007,1282,5289
00277900,NAZARETH COLLEGE OF ROCHESTER           ,NY,14618-3790,Private      ,98,82,180,3727,1658,5385
00278200,NEW YORK INSTITUTE OF TECHNOLOGY        ,NY,11568-8000,Private      ,162,205,367,6361,3121,9482
00278202,NY INSTITUTE OF TECHNOLOGY-OSTEOPATHIC M,NY,11568-0000,Private      ,5,10,15,77,1214,1291
00278300,NEW YORK LAW SCHOOL                     ,NY,10013-0000,Private      ,6,69,75,79,3334,3413
00278400,NEW YORK MEDICAL COLLEGE                ,NY,10595-0000,Private      ,4,45,49,42,2149,2191
00278500,NEW YORK UNIVERSITY                     ,NY,10012-1091,Private      ,1871,1932,3803,42246,32601,74847
00278800,NIAGARA UNIVERSITY                      ,NY,14109-2010,Private      ,90,80,170,4052,1002,5054
00279000,NYACK COLLEGE                           ,NY,10960-3698,Private      ,42,168,210,1591,2013,3604
00279100,PACE UNIVERSITY - NEW YORK              ,NY,10038-1598,Private      ,427,400,827,11399,4593,15992
00279101,PACE UNIVERSITY-PLEASANTVILLE           ,NY,10570-0000,Private      ,94,89,183,4345,1392,5737
00279102,PACE UNIVERSITY - WHITE PLAINS          ,NY,10603-0000,Private      ,44,106,150,731,2117,2848
00279500,PAUL SMITHS CLG OF ARTS & SCIENCES      ,NY,12970-0000,Private      ,28,10,38,1504,245,1749
00279600,POLYTECHNIC INTSTITUTE OF NEW YORK UNIV ,NY,11201-3840,Private      ,120,93,213,3746,1273,5019
00279800,PRATT INSTITUTE                         ,NY,11205-3899,Private      ,286,147,433,5587,2709,8296
00280300,RENSSELAER POLYTECHNIC INSTITUTE        ,NY,12180-3590,Private      ,290,37,327,11796,845,12641
00280500,ROBERTS WESLEYAN COLLEGE                ,NY,14624-1997,Private      ,40,135,175,1657,1439,3096
00280600,ROCHESTER INSTITUTE OF TECHNOLOGY       ,NY,14623-5608,Private      ,392,219,611,17260,3489,20749
00280700,ROCKEFELLER UNIVERSITY                  ,NY,10021-0000,Private      ,6,15,21,44,87,131
00280800,DAEMEN COLLEGE                          ,NY,14226-3592,Private      ,62,104,166,2869,1253,4122
00281000,THE SAGE COLLEGES                       ,NY,12180-4199,Private      ,58,154,212,2117,2118,4235
00281200,TROCAIRE COLLEGE                        ,NY,14220-2094,Private      ,64,179,243,837,1892,2729
00281300,SARAH LAWRENCE COLLEGE                  ,NY,10708-5999,Private      ,67,33,100,2139,744,2883
00281400,SKIDMORE COLLEGE                        ,NY,12866-1632,Private      ,108,14,122,4026,135,4161
00281500,ST BERNARDS SCH THEOLOGY & MINISTRY     ,NY,14618-3822,Private      ,0,4,4,2,48,50
00281600,SIENA COLLEGE                           ,NY,12211-1462,Private      ,122,15,137,6965,373,7338
00281700,ST BONAVENTURE UNIVERSITY               ,NY,14778-2284,Private      ,63,30,93,2867,557,3424
00282000,ST FRANCIS COLLEGE                      ,NY,11201-4398,Private      ,142,83,225,3219,890,4109
00282100,ST JOHN FISHER COLLEGE                  ,NY,14618-3597,Private      ,123,112,235,5120,2066,7186
00282200,CHRIST THE KING SEMINARY                ,NY,14052-0607,Private      ,0,2,2,1,14,15
00282300,ST JOHN'S UNIVERSITY                    ,NY,11439-1343,Private      ,584,343,927,28694,7651,36345
00282500,ST JOSEPH'S COLLEGE                     ,NY,11205-3688,Private      ,70,97,167,1829,970,2799
00282501,ST JOSEPH'S COLLEGE-SUFFOLK CAMPUS      ,NY,11772-0000,Private      ,145,116,261,3416,1760,5176
00282900,ST LAWRENCE UNIVERSITY                  ,NY,13617-1455,Private      ,73,15,88,2909,164,3073
00283200,ST THOMAS AQUINAS COLLEGE               ,NY,10976-1050,Private      ,76,24,100,2076,313,2389
00283300,ST VLADIMIR ORTHODOX THEOL SEM          ,NY,10707-0000,Private      ,0,2,2,0,52,52
00283400,EXCELSIOR COLLEGE                       ,NY,12203-5159,Private      ,59,1569,1628,342,10010,10352
00283500,SUNY AT ALBANY                          ,NY,12222-0001,Public       ,616,359,975,22727,5845,28572
00283600,BINGHAMTON UNIVERSITY (SUNY)            ,NY,13902-6000,Public       ,662,211,873,26442,3389,29831
00283700,SUNY AT BUFFALO                         ,NY,14260-0001,Public       ,622,472,1094,25156,10632,35788
00283800,SUNY AT STONY BROOK                     ,NY,11794-0701,Public       ,897,502,1399,28527,8933,37460
00283900,SUNY-DOWNSTATE MEDICAL CENTER           ,NY,11203-2098,Public       ,26,104,130,274,2735,3009
00284000,SUNY UPSTATE MEDICAL UNIVERSITY         ,NY,13210-2375,Public       ,15,69,84,335,1665,2000
00284100,SUNY BROCKPORT - FIN AID OFF            ,NY,14420-2914,Public       ,249,212,461,10602,3335,13937
00284200,BUFFALO STATE COLLEGE - SUNY            ,NY,14222-1095,Public       ,525,457,982,15035,5879,20914
00284300,SUNY COLLEGE-CORTLAND                   ,NY,13045-0900,Public       ,278,102,380,12645,1597,14242
00284400,SUNY AT FREDONIA                        ,NY,14063-1145,Public       ,192,62,254,7968,1061,9029
00284500,SUNY GENESEO                            ,NY,14454-1401,Public       ,224,43,267,9526,683,10209
00284600,SUNY COLLEGE-NEW PALTZ                  ,NY,12561-2499,Public       ,312,144,456,12367,2433,14800
00284700,SUNY COLLEGE-ONEONTA                    ,NY,13820-4015,Public       ,279,67,346,12208,908,13116
00284800,SUNY OSWEGO                             ,NY,13126-3599,Public       ,252,141,393,11646,2196,13842
00284900,SUNY COLLEGE AT PLATTSBURGH             ,NY,12901-2681,Public       ,214,94,308,8706,1685,10391
00285000,SUNY COLLEGE-POTSDAM                    ,NY,13676-2294,Public       ,137,68,205,6100,1087,7187
00285100,SUNY COLLEGE OF ENVIRONMENT SCIENCE AND ,NY,13210-2778,Public       ,61,48,109,2454,658,3112
00285300,SUNY MARITIME COLLEGE                   ,NY,10465-4198,Public       ,39,31,70,1836,365,2201
00285400,SUNY COLLEGE OF TECHNOLOGY-ALFRED       ,NY,14802-9951,Public       ,129,82,211,4831,1130,5961
00285500,SUNY CANTON COLG OF TECHNOLOGY          ,NY,13617-1098,Public       ,117,141,258,4583,1894,6477
00285600,SUNY AG & TECH COLLEGE-COBLESKILL       ,NY,12043-9986,Public       ,80,63,143,3278,635,3913
00285700,SUNY DELHI                              ,NY,13753-1190,Public       ,143,128,271,4313,1242,5555
00285800,SUNY FARMINGDALE                        ,NY,11735-1021,Public       ,268,274,542,7654,3090,10744
00285900,SUNY COLLEGE OF AG & TECH AT MORRISVILLE,NY,13408-0901,Public       ,113,95,208,4118,1116,5234
00286000,ADIRONDACK COMMUNITY COLLEGE            ,NY,12804-2004,Public       ,133,261,394,2155,1997,4152
00286100,CAYUGA COMMUNITY COLLEGE                ,NY,13021-3099,Public       ,123,293,416,2064,2521,4585
00286200,BROOME COMMUNITY COLLEGE                ,NY,13902-0000,Public       ,167,336,503,3598,3087,6685
00286300,CORNING COMMUNITY COLLEGE               ,NY,14830-3297,Public       ,114,229,343,1887,2175,4062
00286400,DUTCHESS COMMUNITY COLLEGE              ,NY,12601-1595,Public       ,292,361,653,4168,2770,6938
00286600,FASHION INSTITUTE OF TECHNOLOGY         ,NY,10001-5992,Public       ,454,376,830,9834,4084,13918
00286700,SUNY FULTON MONTGOMERY COMM CLG         ,NY,12095-3790,Public       ,94,132,226,1938,1323,3261
00286800,HUDSON VALLEY COMMUNITY COLLEGE         ,NY,12180-6096,Public       ,418,690,1108,7309,5336,12645
00286900,JAMESTOWN COMMUNITY COLLEGE             ,NY,14702-0020,Public       ,144,271,415,2735,2182,4917
00287000,JEFFERSON COMMUNITY COLLEGE             ,NY,13601-1897,Public       ,92,464,556,1700,2948,4648
00287100,"SUNY, MOHAWK VALLEY COMMUNITY CLG       ",NY,13501-5394,Public       ,263,560,823,4843,4241,9084
00287200,MONROE COMMUNITY COLLEGE                ,NY,14623-5780,Public       ,764,1446,2210,11285,11379,22664
00287300,NASSAU COMMUNITY COLLEGE                ,NY,11530-6793,Public       ,871,907,1778,13928,8190,22118
00287400,NIAGARA COUNTY COMMUNITY COLLEGE        ,NY,14132-9460,Public       ,265,437,702,4358,3236,7594
00287500,ONONDAGA COMMUNITY COLLEGE              ,NY,13215-4585,Public       ,448,662,1110,7749,5395,13144
00287600,ORANGE COUNTY COMMUNITY COLLEGE         ,NY,10940-6441,Public       ,249,359,608,3454,2926,6380
00287700,ROCKLAND COMMUNITY COLLEGE              ,NY,10901-3611,Public       ,198,244,442,2981,2344,5325
00287800,SUFFOLK COMMUNITY COLLEGE               ,NY,11784-2899,Public       ,467,495,962,7867,4327,12194
00287801,SUFFOLK COMMUNITY CLG-W. CAMPUS         ,NY,11717-0000,Public       ,356,441,797,5546,3986,9532
00287803,SUFFOLK COMMUNITY CLG-EASTRN CAMPUS     ,NY,11901-0000,Public       ,154,167,321,2059,1458,3517
00287900,SULLIVAN COUNTY COMMUNITY COLLEGE       ,NY,12759-5151,Public       ,88,109,197,1671,886,2557
00288000,ULSTER COUNTY COMMUNITY COLLEGE         ,NY,12484-0557,Public       ,87,144,231,1436,1237,2673
00288100,SUNY WESTCHESTER COMMUNITY COLLEGE      ,NY,10595-1698,Public       ,467,665,1132,6962,5785,12747
00288200,SYRACUSE UNIVERSITY                     ,NY,13244-2130,Private      ,867,317,1184,25643,7338,32981
00288300,UTICA COLLEGE- UTICA                    ,NY,13502-4892,Private      ,100,232,332,3871,2207,6078
00288500,ALBANY COLLEGE OF PHARMACY AND HEALTH SC,NY,12208-3492,Private      ,62,24,86,1991,1041,3032
00288600,ALBANY LAW SCHOOL                       ,NY,12208-0000,Private      ,11,13,24,87,1334,1421
00288700,ALBANY MEDICAL COLLEGE                  ,NY,12208-0000,Private      ,17,36,53,144,1245,1389
00288900,UNION COLLEGE                           ,NY,12308-2311,Private      ,104,13,117,3973,180,4153
00289000,UNION THEOLOGICAL SEMINARY              ,NY,10027-0000,Private      ,0,9,9,2,360,362
00289200,UNITED STATES MERCHANT MARINE ACADEMY   ,NY,11024-1699,Public       ,20,2,22,473,27,500
00289400,UNIVERSITY OF ROCHESTER                 ,NY,14627-9000,Private      ,285,180,465,9661,2192,11853
00289401,EASTMAN SCH OF MUSIC/UNIV ROCHESTER     ,NY,14604-0000,Private      ,37,26,63,941,464,1405
00289402,UNIV OF ROCHESTER SCHL OF MEDICINE      ,NY,14642-0000,Private      ,12,24,36,96,833,929
00289500,VASSAR COLLEGE                          ,NY,12604-0008,Private      ,140,29,169,5391,213,5604
00289600,VILLA MARIA COLLEGE-BUFFALO             ,NY,14225-3999,Private      ,24,42,66,456,377,833
00289900,WAGNER COLLEGE                          ,NY,10301-4495,Private      ,97,52,149,3067,688,3755
00290000,WEBB INSTITUTE                          ,NY,11542-1398,Private      ,4,1,5,74,13,87
00290100,WELLS COLLEGE                           ,NY,13026-0500,Private      ,36,8,44,1401,112,1513
00290300,YESHIVA UNIVERSITY                      ,NY,10033-3201,Private      ,79,122,201,2481,3304,5785
00290302,YESHIVA UNIVERSITY - BRONX CAMPUS       ,NY,10461-1975,Private      ,9,35,44,103,1418,1521
00397400,MESIVTHA TIFERETH JERUSALEM OF AMER     ,NY,10002-6382,Private      ,17,1,18,27,2,29
00397600,RABBINICAL ACAD MESIVTA RABBI CHAIM     ,NY,11230-4715,Private      ,18,0,18,19,2,21
00397700,RABBINICAL COLLEGE CH'SAN SOFER         ,NY,11204-1252,Private      ,0,9,9,1,10,11
00397800,RABBINICAL SEMINARY OF AMERICA          ,NY,11375-0000,Private      ,3,10,13,43,30,73
00397900,COLUMBIA UNIV TEACHERS COLLEGE          ,NY,10027-0000,Private      ,19,250,269,151,5769,5920
00405400,HEBREW UNION COL-JEWISH INST OF REL     ,NY,10012-0000,Private      ,0,3,3,0,239,239
00475900,"CUNY, YORK COLLEGE                      ",NY,11451-0001,Public       ,507,634,1141,12655,7058,19713
00476500,CUNY GRADUATE SCH & UNIV CTR            ,NY,10016-4309,Public       ,14,295,309,169,3531,3700
00477600,CENTRAL YESHIVA TOMCHEI TMIMIM LUBA     ,NY,11230-2798,Private      ,119,25,144,139,32,171
00478800,HERKIMER COUNTY COMMUNITY COLLEGE       ,NY,13350-1598,Public       ,109,198,307,2758,1598,4356
00479800,MIRRER YESHIVA CENTRAL INST             ,NY,11223-2010,Private      ,19,10,29,53,29,82
00479900,MONROE COLLEGE                          ,NY,10468-4305,Proprietary  ,248,520,768,4807,6617,11424
00481100,EVEREST INSTITUTE                       ,NY,14621-3007,Proprietary  ,28,153,181,213,1209,1422
00506400,SAINT JAMES MERCY HOSPITAL SCHOOL OF RAD,NY,14843-2197,Private      ,0,3,3,19,26,45
00506600,FAXTON ST. LUKE'S SCHOOL OF RADIOGRAPHY ,NY,13502-4856,Private      ,2,5,7,28,62,90
00520800,THE COLLEGE OF WESTCHESTER              ,NY,10602-0000,Proprietary  ,64,105,169,1001,948,1949
00587700,ROBERT J HOCHSTIM SCHOOL OF RADIOG      ,NY,11572-1151,Private      ,0,0,0,2,18,20
00643501,ARNOT OGDEN MEDICAL CENTER              ,NY,14905-1676,Private      ,2,5,7,59,76,135
00643800,PHILLIPS BETH ISRAEL SCH OF NURSING     ,NY,10001-6354,Private      ,4,24,28,104,452,556
00644300,COCHRAN SCH NSG-ST JOHN RVSDE HOSP      ,NY,10701-1399,Private      ,5,18,23,45,220,265
00644500,CROUSE HOSP SCH OF NURSING              ,NY,13210-1690,Private      ,10,49,59,237,479,716
00644800,ELLIS HOSPITAL SCHOOL OF NURSING        ,NY,12308-0000,Private      ,4,18,22,76,235,311
00646101,ST ELIZABETH COLLEGE OF NURSING         ,NY,13501-2998,Private      ,4,15,19,147,239,386
00646102,ST ELIZABETH SCH OF RADIOGRAPHY         ,NY,13501-0000,Private      ,3,4,7,32,56,88
00646700,SAINT JOSEPH'S COLLEGE OF NURSING       ,NY,13203-1806,Private      ,7,27,34,250,428,678
00678200,GENESEE COMMUNITY COLLEGE               ,NY,14020-9704,Public       ,170,342,512,3326,2950,6276
00678500,SCHENECTADY COUNTY COMMUNITY CLG        ,NY,12305-2294,Public       ,167,323,490,2447,2852,5299
00678700,CLINTON COMMUNITY COLLEGE               ,NY,12901-5690,Public       ,66,103,169,1411,860,2271
00678800,TOMPKINS CORTLAND COMMUNITY COLLEGE     ,NY,13053-8504,Public       ,163,223,386,3208,1824,5032
00678900,COLUMBIA-GREENE COMMUNITY COLLEGE       ,NY,12534-9543,Public       ,55,114,169,1068,979,2047
00679100,SUNY AT PURCHASE                        ,NY,10577-1400,Public       ,274,86,360,8450,1267,9717
00702200,CUNY-LEHMAN COLLEGE                     ,NY,10468-1589,Public       ,651,1163,1814,15469,13333,28802
00702600,MOUNT SINAI SCHOOL OF MEDICINE          ,NY,10029-0000,Private      ,5,28,33,62,1115,1177
00710900,SUNY COLLEGE-OLD WESTBURY               ,NY,11568-0210,Public       ,192,156,348,6609,2581,9190
00711100,NORTH COUNTRY COMMUNITY COLLEGE         ,NY,12983-2046,Public       ,47,61,108,820,742,1562
00726400,MESIFTA TORAH VODAATH RABBINCAL SEM     ,NY,11218-5209,Private      ,6,21,27,14,46,60
00727300,CUNY-BERNARD BARUCH COLLEGE             ,NY,10010-5518,Public       ,728,925,1653,20816,11193,32009
00730400,CULINARY INSTITUTE OF AMERICA           ,NY,12538-1499,Private      ,288,234,522,3835,1760,5595
00732916,ITT TECHNICAL INSTITUTE                 ,NY,12205-1003,Proprietary  ,26,97,123,176,561,737
00737200,AUSTIN'S SCHOOL OF SPA TECHNOLOGY       ,NY,12206-1513,Proprietary  ,23,56,79,163,420,583
00737500,ISLAND DRAFTING & TECHNICAL INST        ,NY,11701-2704,Proprietary  ,7,12,19,67,83,150
00738700,LONG ISLAND BEAUTY SCHOOL               ,NY,11788-4346,Proprietary  ,33,69,102,170,331,501
00738800,LONG ISLAND BEAUTY SCHOOL               ,NY,11550-3704,Proprietary  ,11,32,43,66,162,228
00739100,BEAUTY SCHOOL OF MIDDLETOWN             ,NY,10940-6574,Proprietary  ,8,19,27,46,90,136
00739400,BERKELEY COLLEGE                        ,NY,10017-0000,Proprietary  ,252,464,716,3740,4707,8447
00739402,BERKELEY COLLEGE  -  WESTCHESTER CAMPUS ,NY,10601-9963,Proprietary  ,0,0,0,91,50,141
00740100,MANDL SCHOOL                            ,NY,10019-5516,Proprietary  ,35,112,147,304,1086,1390
00740500,WOOD TOBE-COBURN SCHOOL                 ,NY,10016-0102,Proprietary  ,11,4,15,655,160,815
00746500,AMERICAN ACADEMY OF DRAMATIC ARTS       ,NY,10016-7089,Private      ,89,57,146,981,453,1434
00746600,LIM COLLEGE                             ,NY,10022-5268,Proprietary  ,111,65,176,2431,553,2984
00746800,SCHOOL OF VISUAL ARTS                   ,NY,10010-3994,Proprietary  ,194,134,328,4528,1950,6478
00750602,LINCOLN TECHNICAL INSTITUTE             ,NY,11357-6092,Proprietary  ,77,87,164,734,445,1179
00751800,APEX TECHNICAL SCHOOL                   ,NY,10011-2008,Proprietary  ,111,314,425,547,1710,2257
00752200,CONTINENTAL SCH OF BEAUTY CULTURE       ,NY,14623-3231,Proprietary  ,45,109,154,238,551,789
00752205,CONTINENTAL SCHOOL OF BEAUTY CULTURE - M,NY,13211-1003,Proprietary  ,10,20,30,26,49,75
00753200,FINGER LAKES COMMUNITY COLLEGE          ,NY,14424-8395,Public       ,175,339,514,3751,2978,6729
00757200,AMERICAN MUSICAL AND DRAMATIC ACAD      ,NY,10023-2106,Private      ,132,57,189,2750,624,3374
00757300,EMPIRE BEAUTY SCHOOL                    ,NY,11103-4028,Proprietary  ,28,56,84,180,335,515
00780400,STAR CAREER ACADEMY                     ,NY,10011-7307,Proprietary  ,25,158,183,210,878,1088
00818900,CONTINENTAL SCHOOL OF BEAUTY CULTURE - B,NY,14224-3402,Proprietary  ,17,18,35,52,90,142
00818903,CONTINENTAL SCHOOL OF BEAUTY CULTURE - B,NY,14223-2911,Proprietary  ,16,34,50,79,196,275
00843700,CHAMPLAIN VALLEY - TEC/PRN              ,NY,12901-0000,Public       ,4,5,9,34,79,113
00849500,JAMESTOWN BUSINESS COLLEGE              ,NY,14702-0429,Proprietary  ,7,44,51,188,304,492
00861100,"CUNY, HOSTOS CMTY COLLEGE               ",NY,10451-1499,Public       ,834,1182,2016,9202,8476,17678
00861400,RABBINICAL CLG BOBOVER YESHIVA BNEI     ,NY,11219-3293,Private      ,63,26,89,98,30,128
00861700,RABBINICAL SEM MKOR CHAIM-YESHIVA       ,NY,11219-4300,Private      ,2,1,3,2,3,5
00878800,STATE UNIVERSITY OF NEW YORK STUDENT LOA,NY,12246-0000,Public       ,41,32,73,612,420,1032
00900300,OLEAN BUSINESS INSTITUTE INC            ,NY,14760-2691,Proprietary  ,1,7,8,21,81,102
00902900,NEIGHBORHOOD PLAYHOUSE                  ,NY,10022-5017,Private      ,0,2,2,26,50,76
00904300,ELMIRA BUSINESS INSTITUTE               ,NY,14901-2731,Proprietary  ,14,118,132,112,794,906
00907700,UTICA SCHOOL OF COMMERCE                ,NY,13501-2280,Proprietary  ,15,61,76,131,458,589
00924800,SAMARITAN HOSPITAL SCH NURSING          ,NY,12180-2475,Private      ,5,30,35,90,291,381
00928300,MIDWAY-PARIS BEAUTY SCHOOL              ,NY,11385-3453,Proprietary  ,7,25,32,27,98,125
00928400,BRITTANY BEAUTY SCHOOL                  ,NY,11756-1345,Proprietary  ,20,76,96,87,271,358
00933500,MESIVTA EASTERN PKWY RABBINICAL CLG     ,NY,11218-5559,Private      ,18,4,22,25,9,34
00947900,SAINT VINCENTS CMC SI NURSING SCHOOL    ,NY,10304-3850,Proprietary  ,37,105,142,355,758,1113
00976900,METROPOLITAN COLLEGE OF NEW YORK        ,NY,10013-1919,Private      ,38,190,228,346,2021,2367
00992900,SUNY COLLEGE OF OPTOMETRY               ,NY,10036-8003,Public       ,2,6,8,29,376,405
01005100,LA GUARDIA CMTY COLLEGE - CUNY          ,NY,11101-3083,Public       ,990,1097,2087,17809,11996,29805
01005200,JEFFERSON-LEWIS BOCES PRAC NRSGPRG      ,NY,13601-9509,Public       ,5,30,35,31,201,232
01009700,CUNY-MEDGAR W EVERS COLLEGE             ,NY,11225-2010,Public       ,402,656,1058,7789,7097,14886
01014200,TOURO COLLEGE                           ,NY,10010-4202,Private      ,273,606,879,3722,10478,14200
01014700,WESTERN SUFFOLK BOCES                   ,NY,11768-3499,Public       ,14,54,68,181,441,622
01015300,HELENE FULD COL OF NRSNG/N GEN HOSP     ,NY,10035-0000,Private      ,5,111,116,31,674,705
01028600,EMPIRE STATE COLLEGE                    ,NY,12866-4391,Public       ,118,1279,1397,1117,13520,14637
01037800,RABBINICAL COLLEGE OF LONG ISLAND       ,NY,11561-3244,Private      ,3,0,3,33,0,33
01054900,KEHILATH YAKOV RABBINICAL SEMINARY      ,NY,10562-1001,Private      ,42,11,53,42,11,53
01055100,NEW YORK SCH MED & DENTAL ASSISTANT     ,NY,11101-2327,Proprietary  ,24,52,76,160,310,470
01064100,SOUTHERN WESTCHESTER BOCES              ,NY,10543-0000,Public       ,3,18,21,27,225,252
01068400,ERIE COMMUNITY COLLEGE-ALL CAMPUSES     ,NY,14203-2698,Public       ,594,1155,1749,8806,8942,17748
01081300,AMERICAN ACAD MCALLISTER INST           ,NY,10019-3604,Private      ,14,67,81,130,572,702
01083700,SIMMONS INST OF FUNERAL SERVICE         ,NY,13207-2098,Proprietary  ,0,6,6,21,66,87
01093000,SUBURBAN TECHNICAL SCHOOL               ,NY,11550-3771,Proprietary  ,0,3,3,1,12,13
01094300,RABBINICAL COLLEGE BETH SHRAGA          ,NY,10952-3033,Private      ,1,0,1,7,0,7
01095200,PNW BOCES LPN PROGRAM                   ,NY,10598-0000,Public       ,1,10,11,16,64,80
01103100,TECHNICAL CAREER INSTITUTE              ,NY,10001-2789,Proprietary  ,122,310,432,1591,3960,5551
01118900,UNITED TALMUDICAL SEMINARY              ,NY,11211-7984,Private      ,370,246,616,577,287,864
01119200,BETH HAMEDRASH SHAAREI YOSHER INST      ,NY,11204-1052,Private      ,5,8,13,8,15,23
01161400,CHAMPLAIN VALLEY HOSP SCH RAD TECH      ,NY,12901-1490,Private      ,2,4,6,29,35,64
01161700,NEW YORK METHODIST HOSPITAL             ,NY,11229-9023,Private      ,16,70,86,163,549,712
01164700,SBI CAMPUS - AN AFFILIATE OF SANFORD-BRO,NY,11747-3785,Proprietary  ,37,75,112,211,527,738
01167000,YESHIVA OF NITRA RABBINICAL COLLEGE -   ,NY,10549-4112,Private      ,65,7,72,66,8,74
01167700,MEMORIAL SLOAN KETTERING CANCER CTR     ,NY,10021-6094,Private      ,0,4,4,9,43,52
01167800,SUNY INST OF TECHNOLOGY UTICA ROME      ,NY,13504-3050,Public       ,64,107,171,2083,1323,3406
01182100,YESHIVATH ZICHRON MOSHE                 ,NY,12779-0580,Private      ,15,1,16,72,1,73
01183000,BERK TRADE AND BUSINESS SCHOOL          ,NY,11101-0000,Proprietary  ,22,27,49,80,182,262
01185900,WORD OF LIFE BIBLE INSTITUTE            ,NY,12860-0129,Private      ,8,6,14,537,82,619
01186000,MERCY MED CNTR SCHL OF RADIOGRAPHY      ,NY,11570-1098,Private      ,1,3,4,16,33,49
01192100,WESTCHESTER SCH OF BEAUTY CULTURE       ,NY,10550-2295,Proprietary  ,9,25,34,42,133,175
01192200,BETH HATALMUD RABBINICAL CLG            ,NY,11214-2594,Private      ,1,0,1,3,8,11
01198400,OHR HAMEIR THEOLOGICAL SEMINARY         ,NY,10566-0990,Private      ,35,1,36,36,2,38
01201100,TALMUDICAL SEM OHOLEI TORAH             ,NY,11213-3310,Private      ,129,0,129,150,0,150
01207200,PHILLIPS HAIRSTYLING INSTITUTE          ,NY,13210-1509,Proprietary  ,0,1,1,13,54,67
01210700,INSTITUTE OF DESIGN & CONSTRUCTION      ,NY,11201-5380,Private      ,18,27,45,71,180,251
01220300,MEMORIAL HOSPITAL SCH OF NURSING        ,NY,12204-1083,Private      ,4,28,32,75,240,315
01227700,NEW YORK CHIROPRACTIC COLLEGE           ,NY,13148-0800,Private      ,1,60,61,9,885,894
01229300,VEEB NASSAU CNTY SCHL OF PRACT NURS     ,NY,11553-3037,Public       ,4,10,14,84,308,392
01235800,PLAZA COLLEGE                           ,NY,11372-6300,Proprietary  ,30,90,120,361,942,1303
01236400,SAINT VINCENTS CATHOLIC MEDICAL CENTERS ,NY,11354-0000,Proprietary  ,25,76,101,126,694,820
01240700,SCHUYLER-CHEMUNG-TIOGA BOCES            ,NY,14903-1089,Public       ,1,12,13,29,172,201
01240701,STEUBEN SCHUYLER CHEMUNG TIOGA ALLEGANY ,NY,14870-9518,Public       ,0,2,2,2,12,14
01256100,FIVE TOWNS COLLEGE                      ,NY,11746-5871,Proprietary  ,47,24,71,1205,314,1519
01258900,ERIE 1 BOCES                            ,NY,14224-0000,Public       ,10,26,36,119,349,468
01265200,ONONDAGA CORTLAND MADISON BOCES         ,NY,13090-4500,Public       ,24,154,178,220,862,1082
01278300,OSWEGO COUNTY BOCES ADULT CAREERS       ,NY,13114-4498,Public       ,2,6,8,28,74,102
01292700,CENTRAL TECH NURSING PROGRAM            ,NY,13202-3092,Public       ,4,26,30,43,166,209
01302600,MACHZIKEI HADATH RABBINICAL COLLEGE     ,NY,11204-1805,Private      ,0,1,1,1,5,6
01302700,YESHIVATH VIZNITZ                       ,NY,10952-3021,Private      ,14,4,18,14,4,18
01302900,BORICUA COLLEGE                         ,NY,10032-1599,Private      ,41,127,168,584,1312,1896
02056400,CAPRI COSMETOLOGY LEARNING CENTER       ,NY,10954-0000,Proprietary  ,21,45,66,118,223,341
02066200,THE NEW SCHOOL                          ,NY,10011-0000,Private      ,316,475,791,6097,6327,12424
02069000,NEW YORK SCHOOL OF INTERIOR DESIGN      ,NY,10021-0000,Private      ,27,59,86,283,479,762
02075700,BRIARCLIFFE COLLEGE                     ,NY,11714-0000,Proprietary  ,35,116,151,730,1334,2064
02075702,BRIARCLIFFE COLLEGE - PATCHOGUE         ,NY,11772-3019,Proprietary  ,43,103,146,626,845,1471
02092400,RIDLEY-LOWELL SCHOOL OF BUSINESS        ,NY,13905-0000,Proprietary  ,20,90,110,60,285,345
02093700,LONG ISLAND BUSINESS INSTITUTE          ,NY,11725-0000,Proprietary  ,68,210,278,233,676,909
02093701,LONG ISLAND BUSINESS INSTITUTE - FLUSHIN,NY,11354-4429,Proprietary  ,1,6,7,133,430,563
02098400,HERKIMER COUNTY BOCES                   ,NY,13350-0000,Public       ,2,6,8,35,148,183
02104300,OTSEGO AREA SCHOOL OF PRAC NURSING      ,NY,12167-0000,Public       ,0,0,0,16,32,48
02105900,HAIR DESIGN INSTITUTE AT FIFTH AVE      ,NY,11220-0000,Proprietary  ,34,76,110,135,311,446
02106800,BRAMSON ORT COLLEGE                     ,NY,11375-0000,Private      ,58,118,176,352,713,1065
02110900,CATTARAUGUS/ALLEGANY BOCES              ,NY,14760-0000,Public       ,3,11,14,36,153,189
02112301,RIDLEY - LOWELL BUSINESS & TECHNICAL INS,NY,12601-3328,Proprietary  ,24,119,143,157,642,799
02116011,SANFORD-BROWN INSTITUTE - NEW YORK      ,NY,10003-2103,Proprietary  ,75,256,331,584,1673,2257
02118700,LONG ISLAND COLLEGE HOSPITAL - SCHOOL OF,NY,11201-6001,Private      ,12,42,54,182,362,544
02118702,LONG ISLAND COLLEGE HOSPITAL - SCHOOL OF,NY,11201-6001,Private      ,19,52,71,194,382,576
02124000,ORANGE ULSTER BOCES SCH OF PRAC NRS     ,NY,10924-9401,Public       ,5,18,23,46,183,229
02125500,CIRCLE IN THE SQUARE THEATRE SCHOOL     ,NY,10019-0000,Private      ,5,6,11,88,90,178
02126300,MADISON-ONEIDA BOCES PRAC NRS           ,NY,13478-0000,Public       ,2,16,18,13,85,98
02138500,BOCES RENSSELAER SCHOOL OF PN           ,NY,12033-3221,Public       ,1,0,1,32,82,114
02145800,CAYUGA ONONDAGA BOCES                   ,NY,13021-9430,Public       ,1,15,16,33,117,150
02146000,WAYNE-FINGER LAKES BOCES                ,NY,14513-0000,Public       ,2,11,13,39,303,342
02152000,YESHIVA SHAAR HATORAH ITRI TORAH        ,NY,11418-0000,Private      ,7,0,7,12,1,13
02153600,BROOME-TIOGA BOCES PN PROG              ,NY,13905-0000,Public       ,2,22,24,47,179,226
02157900,ROCHESTER GENERAL HOSPITAL              ,NY,14621-3001,Private      ,2,15,17,45,155,200
02158200,WSHNGTN-SARTGA-WARN-HMLTN-ESX BOCES     ,NY,12839-1051,Public       ,0,6,6,24,106,130
02160100,GENEVA GENERAL HOSPITAL                 ,NY,14456-0000,Private      ,2,16,18,48,181,229
02163400,NEW YORK CAREER INSTITUTE               ,NY,10007-2801,Proprietary  ,26,71,97,258,817,1075
02169100,DAVIS COLLEGE                           ,NY,13790-0000,Private      ,5,11,16,183,119,302
02170000,SWEDISH INSTITUTE                       ,NY,10001-0000,Proprietary  ,27,119,146,169,839,1008
02170200,ALBANY SCHOHARIE SCHENECTADY            ,NY,12205-0000,Public       ,8,45,53,67,178,245
02171900,AILEY SCHOOL (THE)                      ,NY,10019-4402,Private      ,11,16,27,168,121,289
02172100,HAMILTON-FULTON-MONTGOMERY BOCES        ,NY,12095-0665,Public       ,3,4,7,52,107,159
02172800,DUTCHESS COUNTY BOCES SCH PRAC NURS     ,NY,12601-0000,Public       ,15,50,65,89,249,338
02173200,EMPIRE BEAUTY SCHOOL                    ,NY,10001-0000,Proprietary  ,98,158,256,564,845,1409
02173900,ULSTER COUNTY BOCES PRACTICAL NRSG      ,NY,12466-0000,Public       ,4,16,20,50,199,249
02176000,CHERYL FELL'S SCHOOL OF BUSINESS        ,NY,14304-0000,Proprietary  ,2,11,13,15,66,81
02179400,EASTERN SUFFOLK BOCES                   ,NY,11713-0000,Public       ,13,35,48,211,390,601
02182200,NEW SCHOOL OF RADIO & TELEVISION        ,NY,12206-1106,Proprietary  ,9,16,25,82,109,191
02187300,DARKEI NOAM RABBINICAL COLLEGE          ,NY,11210-0000,Private      ,0,1,1,2,6,8
02191600,TORAH TEMIMAH TALMUDICAL SEMINARY       ,NY,11218-0000,Private      ,29,2,31,33,4,37
02192500,BELLEVUE HOSP CTR SCH RAD TECH          ,NY,10016-0000,Public       ,5,20,25,22,142,164
02199300,ORLEANS-NIAGARA BOCES                   ,NY,14132-0000,Public       ,3,23,26,25,96,121
02206000,HUNTER BUSINESS SCHOOL                  ,NY,11756-0000,Proprietary  ,54,140,194,238,644,882
02217800,D.HOPFER SCH NURSING AT MT.VRN HOSP     ,NY,10550-0000,Private      ,4,30,34,49,297,346
02219500,MILDRED ELLEY                           ,NY,12206-1513,Proprietary  ,65,268,333,431,2302,2733
02235600,ERIE 2-CHAUTAUQUA-CATTARAUGUS BOCES     ,NY,14006-0000,Public       ,6,10,16,28,112,140
02265100,YESHIVA DERECH CHAIM                    ,NY,11218-0000,Private      ,22,6,28,39,13,52
02265200,GLOBAL BUSINESS INSTITUTE               ,NY,11691-0000,Private      ,16,77,93,93,556,649
02272900,ROCKLAND COUNTY BOCES PRAC NRSG SCH     ,NY,10994-0000,Public       ,0,9,9,46,133,179
02275900,"MODERN WELDING SCHOOL, INC.             ",NY,12304-0000,Proprietary  ,12,25,37,52,124,176
02287800,NATIONAL TRACTOR TRAILER SCHOOL         ,NY,13088-2505,Proprietary  ,24,171,195,58,488,546
02294900,INSTITUTE OF AUDIO RESEARCH             ,NY,10003-0000,Proprietary  ,37,82,119,340,492,832
02306500,PROFESSIONAL BUSINESS INSTITUTE         ,NY,10002-0000,Private      ,135,257,392,557,1097,1654
02314200,NORTHERN WESTCHESTER SCH COSMETOL       ,NY,10566-0000,Proprietary  ,1,13,14,36,56,92
02320100,OHR SOMAYACH TANENBAUM EDUCATIONAL CENTE,NY,10952-0000,Private      ,0,2,2,2,2,4
02325600,NEW YORK INSTITUTE OF ENGLISH & BUS     ,NY,10001-0000,Private      ,0,0,0,15,25,40
02350600,YESHIVA AND KOLLEL HARBOTZAS TORAH      ,NY,11230-0000,Private      ,0,12,12,1,17,18
02491400,SPANISH AMERICAN INSTITUTE              ,NY,10036-0000,Private      ,1,6,7,7,24,31
02505800,YESHIVA KARLIN STOLIN RAB INSTITUTE     ,NY,11204-0000,Private      ,22,41,63,23,41,64
02505900,SH-OR YOSHUV RABBINICAL COLLEGE         ,NY,11691-0000,Private      ,2,0,2,11,9,20
02506000,ASSOCIATED BETH RIVKAH SCHOOLS          ,NY,11225-0000,Private      ,18,9,27,114,21,135
02506100,CITY UNIV OF NEW YORK-CENTRAL           ,NY,10021-0000,Public       ,110,201,311,2334,1655,3989
02506800,YESHIVAT MIKDASH MELECH                 ,NY,11230-0000,Private      ,9,8,17,39,8,47
02511500,JOFFREY BALLET SCHOOL                   ,NY,10011-0000,Proprietary  ,4,1,5,87,17,104
02513500,MAR JON SCHOOL OF BEAUTY CULTURE        ,NY,14150-0000,Proprietary  ,9,26,35,44,89,133
02525600,ART INSTITUTE OF NEW YORK CITY (THE)    ,NY,10013-2429,Proprietary  ,256,209,465,3002,1910,4912
02540800,"GLOBE INSTITUTE OF TECHNOLOGY, INC.     ",NY,10007-0000,Proprietary  ,52,56,108,471,461,932
02546000,TRI-STATE COLLEGE OF ACUPUNCTURE        ,NY,10011-0000,Proprietary  ,1,19,20,3,142,145
02546300,YESHIVA OF THE TELSHE ALUMNI            ,NY,10471-0000,Private      ,8,0,8,11,0,11
02550600,TALMUDICAL INST OF UPSTATE NY           ,NY,14607-0000,Private      ,1,0,1,2,7,9
02556700,SEMINAR L'MOROS BAIS YAAKOV             ,NY,11219-0000,Private      ,13,0,13,240,3,243
02572900,BUSINESS INFORMATICS CENTER             ,NY,11580-0000,Proprietary  ,3,13,16,23,64,87
02575400,FRENCH CULINARY INSTITUTE               ,NY,10013-2618,Proprietary  ,53,200,253,571,1137,1708
02587600,ORLO SCH HAIR DESIGN & COSMETOLOGY      ,NY,12206-1723,Proprietary  ,9,21,30,53,113,166
02599400,NEW YORK COLLEGE OF HEALTH PROFESSIONS  ,NY,11791-4413,Private      ,22,133,155,206,1051,1257
02600100,NEW YORK ACADEMY OF ART (THE)           ,NY,10013-2911,Private      ,35,45,80,301,392,693
02614900,SANFORD-BROWN INSTITUTE                 ,NY,10604-2910,Proprietary  ,22,84,106,187,494,681
02615001,SANFORD-BROWN COLLEGE - SANFORD-BROWN IN,NY,11530-4734,Proprietary  ,42,109,151,220,462,682
02616600,SHEAR EGO INTERNATIONAL SCHOOL OF HAIR D,NY,14617-3501,Proprietary  ,13,29,42,90,212,302
02617000,CONTINENTAL SCH OF BEAUTY CULTURE       ,NY,14020-0000,Proprietary  ,9,15,24,56,93,149
02617002,CONTINENTAL SCHOOL OF BEAUTY CULTURE  - ,NY,14020-1908,Proprietary  ,2,5,7,6,10,16
02622900,BAIS MEDRASH ELYON                      ,NY,10952-3013,Private      ,0,3,3,1,4,5
03000100,YESHIVA GEDOLAH IMREI YOSEF DSPINKA     ,NY,11219-4696,Private      ,5,81,86,7,81,88
03007200,DANCE THEATRE OF HARLEM                 ,NY,10031-0000,Private      ,9,9,18,50,58,108
03027701,PACIFIC COLLEGE OF ORIENTAL MEDICINE - N,NY,10010-7108,Proprietary  ,4,46,50,54,577,631
03081600,DELAWARE CHENANGO MADISON OT. BOCES     ,NY,13815-9554,Public       ,2,10,12,22,98,120
03089700,COMPUTER CAREER CENTER                  ,NY,11530-3334,Proprietary  ,22,115,137,165,575,740
03095500,ASA INST BUSINESS & COMPUTER TECH       ,NY,11201-5208,Proprietary  ,452,777,1229,2212,4028,6240
03096200,CHARLES STUART SCHOOL                   ,NY,11229-2004,Proprietary  ,2,14,16,13,61,74
03103700,ADIRONDACK BEAUTY SCHOOL                ,NY,12801-3158,Proprietary  ,3,7,10,21,54,75
03104900,SULLIVAN COUNTY BOCES                   ,NY,12754-2116,Public       ,4,9,13,17,76,93
03115300,GENESEE VALLEY BOCES                    ,NY,14020-1099,Public       ,9,56,65,49,224,273
03120700,NEW YORK CONSERVATORY FOR DRAMATIC ARTS ,NY,10011-4225,Proprietary  ,42,31,73,589,240,829
03127100,YESHIVAS NOVOMINSK                      ,NY,11219-0000,Private      ,6,0,6,9,0,9
03129200,RABBINICAL CLG OHR SHIMAR YISROEL       ,NY,11211-8102,Private      ,13,43,56,13,48,61
03147300,YESHIVA D'MONSEY                        ,NY,10952-3106,Private      ,0,1,1,0,1,1
03169300,STUDIO JEWELERS                         ,NY,10016-4112,Proprietary  ,3,4,7,7,50,57
03181400,MERKAZ BNOS                             ,NY,11214-4911,Private      ,1,23,24,9,159,168
03191300,CUNY SCHOOL OF LAW @ QUEENS COLLEGE     ,NY,11367-0000,Public       ,33,58,91,467,1487,1954
03193300,MANHATTAN SCHOOL OF COMPUTER TECH       ,NY,11230-1617,Private      ,33,117,150,185,563,748
03203300,NEW YORK INSTITUTE OF MASSAGE           ,NY,14221-6021,Proprietary  ,8,31,39,53,179,232
03216300,UNIFICATION THEOLOGICAL SEMINARY        ,NY,12507-5021,Private      ,0,0,0,8,24,32
03328300,FRANKLIN CAREER INSTITUTE               ,NY,11550-3003,Private      ,6,24,30,59,198,257
03328301,FRANKLIN CAREER INSTITUTE - BROOKLYN    ,NY,11220-3110,Private      ,15,50,65,125,390,515
03342400,AMERICAN BARBER INSTITUTE               ,NY,10001-5271,Proprietary  ,11,46,57,62,181,243
03358300,ALLEN SCHOOL                            ,NY,11432-4901,Proprietary  ,23,275,298,169,1451,1620
03358301,ALLEN SCHOOL - BROOKLYN                 ,NY,11201-0000,Proprietary  ,31,126,157,180,757,937
03380300,STAR CAREER ACADEMY                     ,NY,11791-5311,Proprietary  ,16,58,74,93,347,440
03419400,NORTHEASTERN SEMINARY                   ,NY,14624-1997,Private      ,1,20,21,26,172,198
03426400,ANTHEM INSTITUTE                        ,NY,10018-0000,Proprietary  ,0,9,9,48,116,164
03433500,LIA SCHORR INSTITUTE OF COSMETIC SK     ,NY,10022-2614,Proprietary  ,1,7,8,18,81,99
03443300,NEW YORK COLLEGE OF TRADITIONAL CHINESE ,NY,11501-0000,Private      ,0,11,11,1,99,100
03496300,YESHIVA SHAAREI TORAH OF ROCKLAND       ,NY,10901-4003,Private      ,5,21,26,7,25,32
03537300,NEW YORK AUTOMOTIVE & DIESEL INSTIT     ,NY,11101-0000,Proprietary  ,32,83,115,198,461,659
03568300,LEON STUDIO ONE SCHOOL OF HAIR DESI     ,NY,14221-5323,Proprietary  ,6,9,15,39,55,94
03651300,SAINT JOSEPH'S MEDICAL CENTER SCHOO     ,NY,10701-4080,Private      ,4,12,16,24,70,94
03652300,METROPOLITAN LEARNING INSTITUTE         ,NY,11374-2101,Private      ,15,172,187,111,1188,1299
03665400,CHRISTIE'S EDUCATION                    ,NY,10036-8002,Proprietary  ,1,1,2,4,25,29
03713300,BEIS MEDRASH HEICHAL DOVID              ,NY,11691-4433,Private      ,21,3,24,23,6,29
03773300,CENTER FOR NATURAL WELLNESS SCHOOL OF MA,NY,12205-1601,Proprietary  ,1,29,30,49,222,271
03802300,UTA MESIVTA OF KIRYAS JOEL              ,NY,10950-2169,Private      ,296,263,559,297,264,561
03809400,MICROPOWER CAREER INSTITUTE             ,NY,10001-2812,Proprietary  ,17,133,150,76,494,570
03819400,HUDSON VALLEY SCHOOL OF ADVANCED AESTHET,NY,12493-0000,Proprietary  ,0,0,0,2,5,7
03839300,AVEDA INSTITUTE NEW YORK                ,NY,10013-1522,Proprietary  ,23,61,84,208,442,650
03881300,UNION GRADUATE COLLEGE                  ,NY,12308-3131,Private      ,3,12,15,21,209,230
03903400,AMERICAN BEAUTY SCHOOL                  ,NY,10462-8003,Proprietary  ,20,74,94,146,408,554
03941400,ELITE ACADEMY OF BEAUTY ARTS            ,NY,11223-1630,Proprietary  ,8,26,34,44,133,177
03983300,"SCHOOL OF PROFESSIONAL HORTICULTURE, AT ",NY,10458-5126,Private      ,2,15,17,19,76,95
03988300,"SAE INSTITUTE OF TECHNOLOGY, NEW YORK   ",NY,10001-2915,Proprietary  ,57,80,137,456,508,964
04043300,ACE COMPUTER TRAINING CENTER            ,NY,11375-5337,Proprietary  ,8,39,47,49,225,274
04092401,MAKE-UP DESIGNORY -                     ,NY,10012-0041,Proprietary  ,32,50,82,304,402,706
04095300,KING'S COLLEGE (THE)                    ,NY,10018-0110,Private      ,30,16,46,1242,152,1394
04102300,NEW AGE TRAINING                        ,NY,10001-4006,Proprietary  ,9,49,58,27,216,243
04115500,TALMUDICAL SEMINARY OF BOBOV            ,NY,11219-3826,Private      ,41,4,45,42,5,47
04117100,EDP SCHOOL OF COMPUTER PROGRAMMING      ,NY,11235-0000,Private      ,3,21,24,12,140,152
04117700,"MONROE 2-ORLEANS BOCES, CENTER FOR WORK ",NY,14624-1119,Public       ,12,86,98,89,324,413
04123200,INSTITUTE OF ALLIED MEDICAL PROFESSIONS ,NY,11373-5541,Private      ,2,31,33,25,200,225
04123300,HUDSON VALLEY SCHOOL OF MASSAGE THERAPY ,NY,12493-0000,Proprietary  ,1,5,6,8,30,38
04125600,CAREER SCHOOL OF NY                     ,NY,10301-2416,Private      ,8,19,27,69,128,197
04131500,COLLECTIVE (THE)                        ,NY,10011-2026,Proprietary  ,1,2,3,10,39,49
04133700,NEW YORK MEDICAL CAREER TRAINING CENTER ,NY,11354-6504,Proprietary  ,11,58,69,61,233,294
04134000,"JOHN PAOLO'S XTREME BEAUTY INSTITUTE, GO",NY,12020-1245,Proprietary  ,3,22,25,27,176,203
04134001,"JOHN PAOLO'S XTREME BEAUTY INSTITUTE, GO",NY,13417-1319,Proprietary  ,6,12,18,16,35,51
04137700,ANN MARIE'S WORLD OF BEAUTY SCHOOL      ,NY,13901-2308,Proprietary  ,3,6,9,13,42,55
04138100,YESHIVA OF MACHZIKAI HADAS              ,NY,11219-1408,Private      ,4,83,87,5,89,94
04144300,INSTITUTE OF CULINARY EDUCATION         ,NY,10010-5205,Proprietary  ,67,176,243,541,965,1506
04148000,NEW LIFE BUSINESS INSTITUTE             ,NY,11432-6149,Proprietary  ,9,75,84,33,201,234
04151200,SALON PROFESSIONAL ACADEMY (THE)        ,NY,14150-9200,Proprietary  ,13,18,31,74,122,196
04155300,ONONDAGA SCHOOL OF THERAPEUTIC MASSAGE  ,NY,13210-1533,Proprietary  ,21,58,79,95,278,373
04156000,ACADEMY OF COSMETOLOGY & ESTHETICS NYC (,NY,10306-3003,Proprietary  ,24,36,60,147,175,322
04157500,ACCESS CAREERS                          ,NY,11201-5826,Proprietary  ,7,63,70,49,215,264
04165700,"JOHN PAOLO'S XTREME BEAUTY INSTITUTE, GO",NY,12110-3053,Proprietary  ,1,11,12,11,59,70
04166000,MANHATTAN INSTITUTE (THE)               ,NY,10016-6516,Proprietary  ,23,46,69,132,267,399
04167600,FINGER LAKES SCHOOL OF MASSAGE (THE)    ,NY,14850-1384,Proprietary  ,8,36,44,69,183,252
04167601,FINGER LAKES SCHOOL OF MASSAGE (THE) -  ,NY,10549-1103,Proprietary  ,4,17,21,21,116,137
04178700,ATELIER ESTHETIQUE INSTITUTE OF ESTHETIC,NY,10016-8804,Proprietary  ,6,47,53,48,253,301
04179800,SOTHEBY'S INSTITUTE OF ART - NY         ,NY,10022-6717,Proprietary  ,0,1,1,0,1,1
04180200,LONG ISLAND NAIL & SKIN CARE INSTITUTE  ,NY,11756-1316,Proprietary  ,4,16,20,20,78,98
04189000,LONG ISLAND BARBER INSTITUTE (THE)      ,NY,11550-6317,Proprietary  ,2,28,30,14,91,105
04190500,NEW YORK SCHOOL OF ESTHETICS & DAY SPA  ,NY,10591-3232,Proprietary  ,2,19,21,23,74,97
04192800,BE'ER YAAKOV TALMUDIC SEMINARY          ,NY,10977-1912,Private      ,1,112,113,5,143,148
04204300,AESTHETIC SCIENCE INSTITUTE (THE)       ,NY,12110-1095,Proprietary  ,3,17,20,27,68,95
04206200,DIGITAL FILM ACADEMY                    ,NY,10036-3708,Proprietary  ,21,38,59,50,100,150
04208600,RELAY SCHOOL OF EDUCATION               ,NY,10011-4233,Private      ,0,7,7,2,482,484
04212500,CACTUS ACADEMY (THE)                    ,NY,11530-3402,Proprietary  ,5,10,15,5,10,15
00267808,BRYANT & STRATTON COLLEGE - PARMA       ,OH,44130-0000,Proprietary  ,40,328,368,652,3875,4527
00301000,ANTIOCH UNIVERSITY                      ,OH,45387-1608,Private      ,20,50,70,647,929,1576
00301100,ART ACADEMY OF CINCINNATI               ,OH,45202-7106,Private      ,33,48,81,448,307,755
00301200,ASHLAND UNIVERSITY                      ,OH,44805-3799,Private      ,74,281,355,4034,3275,7309
00301300,ATHENAEUM OF OHIO                       ,OH,45230-2000,Private      ,0,3,3,3,28,31
00301400,BALDWIN-WALLACE COLLEGE                 ,OH,44017-2088,Private      ,119,155,274,4872,1881,6753
00301600,BLUFFTON UNIVERSITY                     ,OH,45817-2104,Private      ,33,36,69,1645,480,2125
00301800,BOWLING GREEN STATE UNIVERSITY          ,OH,43403-0001,Public       ,539,496,1035,21874,7156,29030
00302300,CAPITAL UNIVERSITY                      ,OH,43209-2394,Private      ,130,303,433,4529,3539,8068
00302400,CASE WESTERN RESERVE UNIV               ,OH,44106-0000,Private      ,243,189,432,9229,2231,11460
00302401,CASE WESTERN RESERVE UNIV - MED         ,OH,44106-0000,Private      ,11,20,31,105,1249,1354
00302402,CASE WESTERN RESERVE UNIV - DENTAL      ,OH,44106-0000,Private      ,3,10,13,50,367,417
00302403,CASE WESTERN RESERVE UNIV - LAW         ,OH,44106-0000,Private      ,3,22,25,33,975,1008
00302404,CASE WESTERN RESERVE UNIV - UG          ,OH,44106-0000,Private      ,4,9,13,215,58,273
00302405,CASE WESTERN RESERVE UNIV - MSASS       ,OH,44106-0000,Private      ,0,17,17,32,523,555
00302406,CASE WESTERN RESERVE UNIV - NURS UG     ,OH,44106-0000,Private      ,11,25,36,241,280,521
00302407,CASE WESTERN RESERVE UNIV - WSOM        ,OH,44106-0000,Private      ,1,10,11,23,222,245
00302408,CASE WESTERN RESERVE UNIV -A&S GRAD     ,OH,44106-0000,Private      ,0,16,16,7,321,328
00302409,CASE WESTERN RESERVE UNIV -ENG GRAD     ,OH,44106-0000,Private      ,1,10,11,39,128,167
00302410,CASE WESTERN RESERVE UNIV -NURS GRD     ,OH,44106-0000,Private      ,0,28,28,23,435,458
00302500,CEDARVILLE UNIVERSITY                   ,OH,45314-8564,Private      ,108,35,143,4406,401,4807
00302600,CENTRAL STATE UNIVERSITY                ,OH,45384-1004,Public       ,103,141,244,3706,1958,5664
00302900,CINCINNATI CHRISTIAN UNIVERSITY         ,OH,45204-3200,Private      ,23,89,112,639,841,1480
00303000,OHIO CHRISTIAN UNIVERSITY               ,OH,43113-9487,Private      ,50,504,554,831,3696,4527
00303100,CLEVELAND INSTITUTE OF MUSIC            ,OH,44106-1776,Private      ,14,27,41,540,498,1038
00303200,CLEVELAND STATE UNIVERSITY              ,OH,44115-2214,Public       ,387,1183,1570,11314,16125,27439
00303300,COLLEGE OF MT ST JOSEPH                 ,OH,45233-1670,Private      ,55,115,170,1947,1586,3533
00303500,OHIO DOMINICAN UNIVERSITY               ,OH,43219-2099,Private      ,97,309,406,2400,2827,5227
00303600,FRANCISCAN UNIV OF STEUBENVILLE         ,OH,43952-1763,Private      ,75,40,115,2632,746,3378
00303700,COLLEGE OF WOOSTER                      ,OH,44691-2363,Private      ,78,18,96,3474,162,3636
00303900,COLUMBUS COLLEGE OF ART AND DESIGN      ,OH,43215-1758,Private      ,79,113,192,1996,873,2869
00304000,CUYAHOGA COMMUNITY COLLEGE              ,OH,44115-2878,Public       ,933,3344,4277,12373,27317,39690
00304100,"DEFIANCE COLLEGE, THE                   ",OH,43512-1695,Private      ,17,41,58,1475,523,1998
00304200,DENISON UNIVERSITY                      ,OH,43023-1329,Private      ,84,7,91,3130,116,3246
00304300,CHANCELLOR UNIVERSITY                   ,OH,44114-0000,Proprietary  ,2,73,75,19,471,490
00304400,TRINITY LUTHERAN SEMINARY               ,OH,43209-0000,Private      ,1,6,7,3,148,151
00304500,UNIVERSITY OF FINDLAY                   ,OH,45840-3695,Private      ,90,104,194,3653,1721,5374
00304600,FRANKLIN UNIVERSITY                     ,OH,43215-5399,Private      ,100,1013,1113,1262,11864,13126
00304700,HEBREW UNION COLLEGE MAIN CAMPUS        ,OH,45220-0000,Private      ,0,0,0,1,1,2
00304800,HEIDELBERG UNIVERSITY                   ,OH,44883-2462,Private      ,39,32,71,1915,430,2345
00304900,HIRAM COLLEGE                           ,OH,44234-1808,Private      ,24,40,64,1817,433,2250
00305000,JOHN CARROLL UNIVERSITY                 ,OH,44118-4581,Private      ,66,79,145,4601,1064,5665
00305100,KENT STATE UNIVERSITY                   ,OH,44242-0001,Public       ,656,876,1532,26692,13667,40359
00305101,KENT STATE UNIVERSITY - GEAUGA CAMPUS   ,OH,44021-9500,Public       ,24,71,95,844,1150,1994
00305102,KENT STATE UNIVERSITY - STARK CAMPUS    ,OH,44720-7599,Public       ,140,404,544,3490,4470,7960
00305103,KENT STATE UNIVERSITY - TUSCARAWAS CAMPU,OH,44663-9403,Public       ,41,154,195,1156,1867,3023
00305104,KENT STATE UNIVERSITY - TRUMBULL CAMPUS ,OH,44483-1998,Public       ,63,255,318,1292,2656,3948
00305105,KENT STATE UNIVERSITY - ASHTABULA CAMPUS,OH,44004-2299,Public       ,51,163,214,1031,2339,3370
00305106,KENT STATE UNIVERSITY - EAST LIVERPOOL C,OH,43920-3497,Public       ,14,81,95,487,1015,1502
00305107,KENT STATE UNIVERSITY - SALEM CAMPUS    ,OH,44460-9412,Public       ,37,128,165,1057,1496,2553
00305143,KENT STATE UNIVERSITY - COLLEGE OF PODIA,OH,44131-2330,Public       ,0,16,16,4,488,492
00306500,KENYON COLLEGE                          ,OH,43022-9623,Private      ,67,5,72,2720,48,2768
00306600,LAKE ERIE COLLEGE                       ,OH,44077-3389,Private      ,36,35,71,1552,497,2049
00306800,LORAIN COUNTY COMMUNITY COLLEGE         ,OH,44035-1691,Public       ,249,862,1111,4405,9127,13532
00306900,LOURDES COLLEGE                         ,OH,43560-2898,Private      ,38,152,190,1469,2311,3780
00307200,MALONE UNIVERSITY                       ,OH,44709-3897,Private      ,35,139,174,2254,1688,3942
00307300,MARIETTA COLLEGE                        ,OH,45750-4033,Private      ,59,35,94,2653,422,3075
00307500,METHODIST THEOLOGICAL SCH IN OHIO       ,OH,43015-0000,Private      ,0,10,10,3,200,203
00307602,MIAMI - JACOBS CAREER COLLEGE - SPRINGBO,OH,45066-1115,Proprietary  ,0,0,0,74,237,311
00307603,MIAMI - JACOBS CAREER COLLEGE - TROY    ,OH,45373-3837,Proprietary  ,0,0,0,113,319,432
00307700,MIAMI UNIVERSITY                        ,OH,45056-1831,Public       ,589,518,1107,22133,6217,28350
00307800,WRIGHT STATE UNIVERSITY                 ,OH,45435-0002,Public       ,396,755,1151,14773,12375,27148
00308300,UNIVERSITY OF MOUNT UNION               ,OH,44601-3993,Private      ,69,18,87,3795,347,4142
00308400,MUSKINGUM UNIVERSITY                    ,OH,43762-1199,Private      ,38,74,112,2440,783,3223
00308500,NOTRE DAME COLLEGE OF OHIO              ,OH,44121-4293,Private      ,81,213,294,2638,1661,4299
00308600,OBERLIN COLLEGE                         ,OH,44074-1090,Private      ,129,26,155,5023,214,5237
00308900,OHIO NORTHERN UNIVERSITY                ,OH,45810-1555,Private      ,77,33,110,3915,1149,5064
00309000,OHIO STATE UNIVERSITY-ALL CAMPUSES      ,OH,43210-1358,Public       ,1595,1667,3262,53525,27344,80869
00310000,OHIO UNIVERSITY                         ,OH,45701-2979,Public       ,582,1205,1787,23360,12382,35742
00310002,"OHIO UNIVERSITY, ZANESVILLE CAMPUS      ",OH,43701-0000,Public       ,56,156,212,1440,1941,3381
00310003,"OHIO UNIVERSITY, LANCASTER CAMPUS       ",OH,43130-0000,Public       ,64,215,279,1562,2213,3775
00310004,"OHIO UNIVERSITY, SOUTHERN CAMPUS        ",OH,45638-0000,Public       ,52,143,195,948,2135,3083
00310005,"OHIO UNIVERSITY, CHILLICOTHE CAMPUS     ",OH,45601-0000,Public       ,47,242,289,1252,2637,3889
00310006,"OHIO UNIVERSITY, EASTERN CAMPUS         ",OH,43950-0000,Public       ,17,36,53,628,466,1094
00310008,OHIO UNIV COLL OF OSTEOPATHIC MED       ,OH,45701-0000,Public       ,1,5,6,25,610,635
00310900,OHIO WESLEYAN UNIVERSITY                ,OH,43015-2398,Private      ,74,23,97,3015,207,3222
00311000,OTTERBEIN UNIVERSITY                    ,OH,43081-2006,Private      ,106,74,180,4064,1197,5261
00311300,PONTIFICAL COLLEGE JOSEPHINUM           ,OH,43235-1498,Private      ,6,3,9,53,26,79
00311400,FIRELANDS REGIONAL MEDICAL CENTER - SOUT,OH,44870-4788,Private      ,5,20,25,83,201,284
00311500,RABBINICAL COLLEGE OF TELSHE            ,OH,44092-2584,Private      ,13,18,31,14,19,33
00311600,UNIV OF RIO GRANDE                      ,OH,45674-3131,Private      ,43,198,241,1652,2274,3926
00311900,SINCLAIR COMMUNITY COLLEGE              ,OH,45402-1460,Public       ,658,2470,3128,9590,20771,30361
00312100,TIFFIN UNIVERSITY                       ,OH,44883-2161,Private      ,139,633,772,3116,7576,10692
00312200,UNITED THEOLOGICAL SEMINARY             ,OH,45406-0000,Private      ,3,59,62,3,655,658
00312300,UNIVERSITY OF AKRON                     ,OH,44325-6211,Public       ,620,1070,1690,22007,15976,37983
00312500,UNIVERSITY OF CINCINNATI                ,OH,45221-0125,Public       ,1012,1889,2901,29823,24986,54809
00312504,UNIVERSITY OF CINCINNATI - MEDICINE     ,OH,45267-0553,Public       ,38,80,118,445,1730,2175
00312700,UNIVERSITY OF DAYTON                    ,OH,45469-0002,Private      ,260,273,533,12328,4101,16429
00313100,UNIVERSITY OF TOLEDO                    ,OH,43606-3390,Public       ,514,755,1269,18996,11879,30875
00313300,URBANA UNIVERSITY                       ,OH,43078-2091,Private      ,44,131,175,1155,1045,2200
00313400,URSULINE COLLEGE                        ,OH,44124-4398,Private      ,27,97,124,686,1530,2216
00313500,WALSH UNIVERSITY                        ,OH,44720-3396,Private      ,39,105,144,2776,1518,4294
00314100,WILBERFORCE UNIVERSITY                  ,OH,45384-1001,Private      ,20,34,54,1012,556,1568
00314200,WILMINGTON COLLEGE                      ,OH,45177-2499,Private      ,44,64,108,2255,662,2917
00314300,WITTENBERG UNIVERSITY                   ,OH,45501-2199,Private      ,71,42,113,4084,443,4527
00314400,XAVIER UNIVERSITY                       ,OH,45207-1035,Private      ,209,294,503,8480,3629,12109
00314500,YOUNGSTOWN STATE UNIVERSITY             ,OH,44555-0001,Public       ,264,587,851,9891,8225,18116
00398200,CLEVELAND INSTITUTE OF ART              ,OH,44106-1700,Private      ,30,41,71,1076,357,1433
00406000,WINEBRENNER THEOLOGICAL SEMINARY        ,OH,45840-0000,Private      ,2,9,11,2,62,64
00485200,CLARK STATE COMMUNITY COLLEGE           ,OH,45505-4795,Public       ,183,818,1001,2056,6660,8716
00485300,BRADFORD SCHOOL                         ,OH,43219-0000,Proprietary  ,37,84,121,885,834,1719
00485500,DAVIS COLLEGE                           ,OH,43623-4307,Proprietary  ,23,110,133,168,860,1028
00486100,UNIVERSITY OF NORTHWESTERN OHIO         ,OH,45805-1498,Private      ,177,216,393,5044,2242,7286
00486600,STAUTZENBERGER COLLEGE                  ,OH,43537-4007,Proprietary  ,36,202,238,449,1677,2126
00489811,MCCANN SCHOOL OF BUSINESS & TECHNOLOGY -,OH,45402-1724,Proprietary  ,3,17,20,119,677,796
00489814,MCCANN SCHOOL OF BUSINESS & TECHNOLOGY -,OH,44131-2309,Proprietary  ,0,3,3,33,314,347
00489815,MCCANN SCHOOL OF BUSINESS & TECHNOLOGY -,OH,43215-3902,Proprietary  ,0,0,0,46,246,292
00489817,MCCANN SCHOOL OF BUSINESS & TECHNOLOGY -,OH,45241-5428,Proprietary  ,0,0,0,15,70,85
00510200,SCH OF DIAGNOSTIC IMAGING-CLEVELAND     ,OH,44119-0000,Private      ,0,5,5,16,73,89
00531300,NORTH CENTRAL STATE COLLEGE             ,OH,44901-0000,Public       ,83,312,395,1360,2948,4308
00575300,OWENS STATE COMMUNITY COLLEGE           ,OH,43699-0000,Public       ,407,1286,1693,6391,12773,19164
00648700,AULTMAN COLLEGE OF NURSING AND HEALTH SC,OH,44710-1799,Private      ,9,35,44,205,552,757
00648900,CHRIST COLLEGE OF NURSING AND HEALTH SCI,OH,45219-2906,Private      ,20,88,108,307,772,1079
00649400,GOOD SAMARITAN COLG-NURSING/HEALTH      ,OH,45220-2489,Private      ,22,71,93,296,770,1066
00650700,TRINIT HEALTH SYSTEM SCH OF NURSING     ,OH,43952-2667,Private      ,3,12,15,66,172,238
00680400,LAKELAND COMMUNITY COLLEGE              ,OH,44094-5198,Public       ,210,711,921,3544,7228,10772
00686700,COLUMBUS STATE COMMUNITY COLLEGE        ,OH,43215-1786,Public       ,1184,3414,4598,14864,30668,45532
00703500,KETTERING COLLEGE OF MEDICAL ARTS       ,OH,45429-1299,Private      ,18,79,97,666,1091,1757
00708500,MOUNT VERNON NAZARENE UNIVERSITY        ,OH,43050-9500,Private      ,27,62,89,1668,871,2539
00708501,MOUNT VERNON NAZARENE UNIV - AGS        ,OH,43050-0000,Private      ,3,86,89,86,853,939
00727500,EASTERN GATEWAY COMMUNITY COLLEGE       ,OH,43952-3598,Public       ,64,257,321,1028,2429,3457
00732920,ITT TECHNICAL INSTITUTE                 ,OH,45414-3456,Proprietary  ,83,316,399,533,1954,2487
00732992,ITT TECHNICAL INSTITUTE                 ,OH,44509-4098,Proprietary  ,45,201,246,529,1553,2082
00747300,CHOFFIN CAREER & TECHNICAL CENTER       ,OH,44503-1628,Public       ,9,52,61,127,462,589
00759800,HOCKING TECHNICAL COLLEGE               ,OH,45764-9582,Public       ,176,431,607,3711,3900,7611
00777700,REMINGTON COLLEGE - CLEVELAND CAMPUS    ,OH,44125-1957,Private      ,55,327,382,509,2094,2603
00777704,REMINGTON COLLEGE-CLEVELAND WEST CAMPUS ,OH,44070-3129,Private      ,19,55,74,121,445,566
00812900,ADULT AND COMMUNITY EDUCATION @ HUDSON  ,OH,43211-2017,Public       ,6,78,84,72,620,692
00813200,TOLEDO SCHOOL OF PRACTICAL NURSING      ,OH,43613-5110,Public       ,9,57,66,137,624,761
00813300,ZANE STATE COLLEGE                      ,OH,43701-2626,Public       ,90,265,355,1496,2910,4406
00819400,AKRON SCHOOL OF PRACTICAL NRSG          ,OH,44311-0000,Public       ,6,63,69,146,373,519
00827800,TERRA COMMUNITY COLLEGE                 ,OH,43420-9670,Public       ,78,292,370,1081,2693,3774
00867700,NORTHWEST STATE COMMUNITY COLLEGE       ,OH,43502-9542,Public       ,61,253,314,1056,2522,3578
00888600,PORTAGE LAKES CAREER CENTER             ,OH,44685-9554,Public       ,0,5,5,31,138,169
00908803,ITT TECHNICAL INSTITUTE                 ,OH,44136-1758,Proprietary  ,0,0,0,0,1,1
00915600,WAYNE COUNTY SCHOOLS CAREER CENTER      ,OH,44677-9672,Public       ,8,38,46,49,225,274
00917200,SPRINGFIELD REGIONAL SCHOOL OF NURSING  ,OH,45501-0000,Private      ,1,2,3,39,118,157
00941200,FORTIS COLLEGE                          ,OH,44221-2998,Proprietary  ,23,154,177,280,1428,1708
00953000,GERBER AKRON BEAUTY SCHOOL              ,OH,44313-6995,Proprietary  ,5,35,40,44,183,227
00953100,SPA SCHOOL (THE)                        ,OH,43214-1524,Proprietary  ,9,50,59,83,329,412
00966000,TIFFIN ACADEMY OF HAIR DESIGN           ,OH,44883-2833,Proprietary  ,0,11,11,46,78,124
00994100,BELMONT TECHNICAL COLLEGE               ,OH,43950-9766,Public       ,36,130,166,899,1735,2634
00994200,SHAWNEE STATE UNIVERSITY                ,OH,45662-4344,Public       ,177,248,425,4773,2924,7697
01001700,PAYNE THEOLOGICAL SEMINARY              ,OH,45384-0474,Private      ,0,13,13,1,161,162
01002700,JAMES A. RHODES STATE COLLEGE           ,OH,45804-3597,Public       ,82,296,378,1771,3287,5058
01016800,NATIONWIDE BEAUTY ACADEMY               ,OH,43228-1000,Proprietary  ,8,39,47,117,255,372
01028000,OHIO STATE BEAUTY ACADEMY               ,OH,45801-0000,Proprietary  ,11,27,38,118,240,358
01032300,HANNAH E MULLINS SCH-PRAC NRSG          ,OH,44460-2906,Public       ,1,17,18,27,107,134
01034500,CINCINNATI STATE TECH & COMM CLG        ,OH,45223-2690,Public       ,522,1689,2211,5640,13451,19091
01045300,WASHINGTON STATE CMTY COLLEGE           ,OH,45750-9225,Public       ,42,183,225,1031,1546,2577
01063000,NORTHERN INSTITUTE OF COSMETOLOGY       ,OH,44052-1803,Proprietary  ,2,16,18,25,109,134
01073600,MARION TECHNICAL COLLEGE                ,OH,43302-5694,Public       ,71,222,293,983,2391,3374
01088000,CHATFIELD COLLEGE                       ,OH,45118-9705,Private      ,6,46,52,98,466,564
01088100,STARK STATE COLLEGE OF TECHNOLOGY       ,OH,44720-7299,Public       ,355,1421,1776,4673,14428,19101
01090600,CINCINNATI CLG OF MORTUARY SCIENCE      ,OH,45224-1428,Private      ,7,30,37,117,264,381
01092300,UNION INSTITUTE & UNIVERSITY            ,OH,45206-1925,Private      ,2,266,268,51,2078,2129
01099300,HOBART INSTITUTE OF WELDING TECHNOLOGY  ,OH,45373-2400,Private      ,26,63,89,274,344,618
01100500,KAPLAN COLLEGE                          ,OH,43232-4827,Proprietary  ,21,168,189,239,1537,1776
01104600,CENTRAL OHIO TECHNICAL COLLEGE          ,OH,43055-1767,Public       ,111,462,573,1848,5148,6996
01170300,PENTA COUNTY JOINT VOCATIONAL SCH       ,OH,43551-0000,Public       ,3,15,18,34,146,180
01174400,NATIONAL BEAUTY COLLEGE                 ,OH,44720-0000,Proprietary  ,6,30,36,50,198,248
01174500,OHIO TECHNICAL COLLEGE                  ,OH,44103-1228,Proprietary  ,71,175,246,1504,1209,2713
01182500,OHIO STATE SCHOOL OF COSMETOLOGY        ,OH,43224-1107,Proprietary  ,9,62,71,151,458,609
01212800,SOUTHWESTERN COLLEGE                    ,OH,45402-3003,Proprietary  ,7,71,78,86,637,723
01212802,SOUTHWESTERN COLLEGE                    ,OH,45005-2267,Proprietary  ,1,8,9,31,179,210
01212803,SOUTHWESTERN COLLEGE                    ,OH,45202-4304,Proprietary  ,5,30,35,67,396,463
01212804,SOUTHWESTERN COLLEGE                    ,OH,45246-3121,Proprietary  ,14,75,89,112,625,737
01212806,LINCOLN COLLEGE OF TECHNOLOGY - TOLEDO  ,OH,43615-6800,Proprietary  ,15,59,74,112,541,653
01212807,LINCOLN COLLEGE OF TECHNOLOGY - COLUMBUS,OH,43215-3602,Proprietary  ,4,29,33,70,306,376
01212808,LINCOLN COLLEGE OF TECHNOLOGY - CLEVELAN,OH,44114-3266,Proprietary  ,5,92,97,104,521,625
01216600,CAROUSEL BEAUTY COLLEGE                 ,OH,45402-8935,Proprietary  ,7,46,53,121,326,447
01224800,CENTRAL SCHOOL OF PRACTICAL NURSING     ,OH,44103-0000,Private      ,11,53,64,123,541,664
01267200,CAROUSEL BEAUTY COLLEGE                 ,OH,45044-5113,Proprietary  ,3,16,19,22,68,90
01267400,CAROUSEL OF MIAMI VALLEY BEAUTY CLG     ,OH,45424-2063,Proprietary  ,1,5,6,12,29,41
01275000,EDISON COMMUNITY COLLEGE                ,OH,45356-9239,Public       ,55,259,314,1191,2724,3915
01283800,LAURA AND ALVIN SIEGAL COLLEGE OF JUDAIC,OH,44122-7197,Private      ,1,2,3,6,9,15
01284800,MOLER-HOLLYWOOD BEAUTY COLLEGE          ,OH,45202-2577,Proprietary  ,7,26,33,39,124,163
01287000,SOUTHERN STATE COMMUNITY COLLEGE        ,OH,45133-9406,Public       ,102,342,444,1212,2739,3951
01289100,ANTONELLI COLLEGE                       ,OH,45202-2592,Proprietary  ,15,139,154,163,758,921
01289600,VIRGINIA MARTI COLLEGE OF ART AND DESIGN,OH,44107-0778,Proprietary  ,12,23,35,190,205,395
01303922,SOUTH UNIVERSITY - CLEVELAND            ,OH,44128-5919,Proprietary  ,8,94,102,12,144,156
01313200,INTERNATIONAL CLG OF BROADCASTING       ,OH,45431-1898,Proprietary  ,11,49,60,76,221,297
02052000,KAPLAN COLLEGE                          ,OH,45439-1984,Proprietary  ,37,225,262,287,1574,1861
02054300,TRUMBULL BUSINESS COLLEGE               ,OH,44484-0000,Proprietary  ,3,57,60,51,455,506
02056800,DAYMAR COLLEGE                          ,OH,45601-1038,Proprietary  ,5,52,57,46,382,428
02056802,DAYMAR COLLEGE - LANCASTER              ,OH,43130-0000,Proprietary  ,4,29,33,34,222,256
02056803,DAYMAR COLLEGE - NEW BOSTON             ,OH,45662-4900,Proprietary  ,4,31,35,35,255,290
02056804,DAYMAR COLLEGE - JACKSON                ,OH,45640-1728,Proprietary  ,4,25,29,31,255,286
02066100,OHIO STATE COLLEGE/BARBER STYLING       ,OH,43213-0000,Proprietary  ,10,75,85,122,442,564
02073300,GALLIA-JACKSON-VINTON SCH ADULT ED      ,OH,45674-0000,Public       ,5,15,20,90,215,305
02110700,CLEVELAND INST OF DENTAL-MED ASST       ,OH,44115-2285,Proprietary  ,18,108,126,157,690,847
02116009,SANFORD-BROWN COLLEGE - MIDDLEBURG HEIGH,OH,44130-8362,Proprietary  ,24,84,108,155,807,962
02116900,UPPER VALLEY JVS                        ,OH,45356-0000,Public       ,4,60,64,34,276,310
02117300,GREAT OAKS INSTITUTE OF TECHNOLOGY      ,OH,45241-1581,Public       ,14,129,143,263,1017,1280
02128600,THE ART INSTITUTE OF CINCINNATI         ,OH,45246-0000,Proprietary  ,38,46,84,555,428,983
02140700,COMMUNITY EDUCATIONAL SERVICES          ,OH,44702-1710,Public       ,1,23,24,37,215,252
02158417,"HARRISON COLLEGE - COLUMBUS, OH         ",OH,43123-0000,Proprietary  ,12,45,57,97,359,456
02158500,OHIO BUSINESS COLLEGE                   ,OH,44035-0701,Proprietary  ,8,63,71,69,556,625
02158501,OHIO BUSINESS COLLEGE                   ,OH,44870-9953,Proprietary  ,11,56,67,75,573,648
02158503,OHIO BUSINESS COLLEGE - COLUMBUS        ,OH,43229-3523,Proprietary  ,22,84,106,87,450,537
02158504,OHIO BUSINESS COLLEGE - DAYTON          ,OH,45417-4094,Proprietary  ,2,49,51,3,80,83
02168100,TRI-COUNTY JOINT VOCATIONAL SCHOOL      ,OH,45764-0000,Public       ,2,25,27,52,265,317
02187900,ASHTABULA CO JOINT VOC SCH ADULT ED     ,OH,44047-0000,Public       ,1,14,15,46,268,314
02189000,ADULT CENTER FOR EDUCATION              ,OH,43701-0000,Public       ,11,52,63,129,483,612
02190700,FORTIS COLLEGE                          ,OH,45459-0000,Proprietary  ,54,445,499,534,3980,4514
02192100,BUTLER TECHNOLOGY AND CAREER DEVELOPMENT,OH,45011-0000,Public       ,21,114,135,250,780,1030
02196300,COLLINS CAREER CENTER                   ,OH,45619-0000,Public       ,18,83,101,218,648,866
02210800,MEDINA COUNTY CAREER CENTER             ,OH,44256-0000,Public       ,4,27,31,34,194,228
02215400,OHIO STATE SCHOOL OF COSMETOLOGY        ,OH,43207-0000,Proprietary  ,0,0,0,26,41,67
02220500,GOD'S BIBLE SCHOOL & COLLEGE            ,OH,45210-0000,Private      ,7,15,22,184,120,304
02220800,CAREER & TECHNOLOGY EDUCATION CENTERS OF,OH,43055-0000,Public       ,11,80,91,115,433,548
02239800,PIONEER CAREER & TECHNOLOGY CENTER      ,OH,44875-0000,Public       ,3,9,12,13,94,107
02245600,WARREN COUNTY CAREER CENTER             ,OH,45036-0000,Public       ,9,63,72,98,438,536
02246300,INSTITUTE OF MEDICAL-DENTAL TECH        ,OH,45246-3317,Proprietary  ,12,62,74,71,332,403
02263700,MIAMI VALLEY CAREER TECHNOLOGY CTR      ,OH,45315-0000,Public       ,14,118,132,117,591,708
02269400,EASTERN HILLS ACAD OF HAIR DESIGN       ,OH,45255-0000,Proprietary  ,2,19,21,18,107,125
02269500,WESTERN HILLS SCHOOL OF BEAUTY & HAIR DE,OH,45211-0000,Proprietary  ,8,67,75,64,323,387
02270100,OHIO HI-POINT CAREER CENTER             ,OH,43311-0000,Public       ,4,27,31,54,238,292
02272700,COLUMBIANA COUNTY CAREER CENTER         ,OH,44432-0000,Public       ,8,58,66,68,370,438
02287900,RAPHAEL'S SCHOOL OF BEAUTY CULTURE      ,OH,44446-0000,Proprietary  ,11,49,60,65,218,283
02289802,KAPLAN COLLEGE                          ,OH,45203-0000,Proprietary  ,12,111,123,166,1048,1214
02301400,OHIO VALLEY COLLEGE OF TECHNOLOGY       ,OH,43920-9139,Proprietary  ,6,33,39,116,245,361
02304700,TRI-RIVERS CAREER CENTER                ,OH,43302-0000,Public       ,7,41,48,76,348,424
02311200,AMERICAN SCHOOL OF TECHNOLOGY           ,OH,43229-0000,Proprietary  ,15,131,146,99,675,774
02315500,TOLEDO ACADEMY OF BEAUTY CULTURE - EAST ,OH,43616-0000,Proprietary  ,4,19,23,48,172,220
02324400,ALLSTATE HAIRSTYLING & BARBER CLG       ,OH,44113-0000,Proprietary  ,5,72,77,73,434,507
02328500,MOLER-PICKENS BEAUTY COLLEGE            ,OH,45014-0000,Proprietary  ,5,22,27,15,66,81
02334300,INTERNATIONAL ACAD OF HAIR DESIGN       ,OH,45239-0000,Proprietary  ,10,31,41,112,277,389
02336300,KNOX COUNTY CAREER CENTER               ,OH,43050-4298,Public       ,2,25,27,66,333,399
02336700,CUYAHOGA VALLEY CAREER CENTER           ,OH,44141-1296,Public       ,5,27,32,66,315,381
02337700,PROFESSIONAL SKILLS INSTITUTE           ,OH,43607-0000,Proprietary  ,11,65,76,147,783,930
02342705,FORTIS COLLEGE -  RAVENNA CAMPUS        ,OH,44266-0000,Proprietary  ,18,72,90,152,565,717
02351500,WILLOUGHBY EASTLAKE SCH OF PRAC NSG     ,OH,44094-0000,Public       ,7,30,37,29,152,181
02352800,POLARIS CAREER CENTER-ADULT ED DEPT     ,OH,44130-0000,Public       ,10,36,46,139,458,597
02354200,SCIOTO COUNTY JOINT VOCATIONAL SCH      ,OH,45648-0000,Public       ,12,46,58,106,423,529
02454400,NORTHEAST OHIO MEDICAL UNIVERSITY       ,OH,44272-9621,Public       ,14,11,25,164,863,1027
02497800,GREENE COUNTY CAREER CENTER             ,OH,45385-0000,Public       ,5,37,42,40,218,258
02512600,ADULT VOCATIONAL SERVICES               ,OH,44308-0000,Public       ,3,33,36,30,158,188
02519300,OHIO STATE SCH COSMETOLOGY              ,OH,43110-2754,Proprietary  ,9,23,32,120,230,350
02522700,EASTLAND-FAIRFIELD CAREER AND TECHNICAL ,OH,43125-0000,Public       ,7,46,53,64,314,378
02528300,TDDS TECHNICAL INSTITUTE                ,OH,44429-0000,Proprietary  ,13,143,156,82,658,740
02529500,HAMRICK SCHOOL                          ,OH,44256-0000,Proprietary  ,13,76,89,27,255,282
02541400,TOLEDO ACADEMY OF BEAUTY CULTURE-SO     ,OH,43614-0000,Proprietary  ,5,20,25,62,212,274
02545800,INNER STATE BEAUTY SCHOOLS              ,OH,44124-0000,Proprietary  ,7,32,39,67,285,352
02553000,SCHOOL OF ADVERTISING ART               ,OH,45440-0000,Proprietary  ,7,7,14,235,44,279
02560000,CASAL AVEDA INSTITUTE                   ,OH,44515-0000,Proprietary  ,10,20,30,131,190,321
02560700,PICKAWAY ROSS CO JOINT VOC TECH SCH     ,OH,45601-0000,Public       ,6,73,79,89,416,505
02560701,PICKAWAY ROSS COUNTY JOINT VOCATIONAL SC,OH,45601-9010,Public       ,0,0,0,29,153,182
02562300,APOLLO CAREER CENTER-ADULT EDUC         ,OH,45806-0000,Public       ,11,80,91,130,615,745
02563000,RAPHAELS SCHOOL OF BEAUTY CULTURE       ,OH,44601-2847,Proprietary  ,4,18,22,42,128,170
02568600,MAHONING COUNTY CAREER & TECH CENTR     ,OH,44406-0000,Public       ,3,30,33,29,162,191
02582900,KAPLAN CAREER INSTITUTE                 ,OH,44129-6810,Proprietary  ,14,103,117,81,624,705
02586400,TRUMBULL CAREER & TECH CENTER-ADULT     ,OH,44483-1997,Public       ,6,94,100,68,400,468
02588500,OHIO STATE SCHOOL OF COSMETOLOGY        ,OH,43081-0000,Proprietary  ,10,22,32,108,243,351
02599711,VATTEROTT COLLEGE - CLEVELAND           ,OH,44147-3502,Proprietary  ,7,82,89,54,456,510
02603800,LORAIN COUNTY JVS ADULT CAREER CTR      ,OH,44074-9799,Public       ,7,37,44,87,297,384
02611007,HERITAGE COLLEGE - COLUMBUS             ,OH,43213-4440,Proprietary  ,30,156,186,214,879,1093
02620000,SANDUSKY CAREER CENTER                  ,OH,44870-4786,Public       ,6,39,45,38,221,259
03007900,GALLIPOLIS CAREER COLLEGE               ,OH,45631-2600,Proprietary  ,2,23,25,23,224,247
03015100,ALLIANCE HIGH SCH-CMTY SERVICES DIV     ,OH,44601-2899,Public       ,2,11,13,31,137,168
03015300,EHOVE CAREER CENTER                     ,OH,44846-9500,Public       ,9,62,71,112,529,641
03023700,MADISON ADULT CAREER CENTER             ,OH,44905-2718,Public       ,4,58,62,48,410,458
03024300,VALLEY BEAUTY SCHOOL                    ,OH,43725-2332,Proprietary  ,3,6,9,16,35,51
03027100,FAIRVIEW ACADEMY                        ,OH,44126-2214,Proprietary  ,1,8,9,12,70,82
03034200,WASHINGTON COUNTY CAREER CENTER ADULT TE,OH,45750-9290,Public       ,12,69,81,96,355,451
03051400,AUBURN CAREER CENTER                    ,OH,44077-9723,Public       ,5,39,44,56,230,286
03051500,US GRANT JOINT VOCATIONAL SCHOOL        ,OH,45106-9502,Public       ,0,7,7,7,34,41
03065900,BUCKEYE CAREER CENTER                   ,OH,44663-9437,Public       ,1,23,24,77,263,340
03067600,RAPHAEL'S SCHOOL OF BEAUTY CULTURE      ,OH,44512-2222,Proprietary  ,6,33,39,40,135,175
03068200,OHIO CENTER FOR BROADCASTING            ,OH,44125-6273,Proprietary  ,10,43,53,80,254,334
03068202,OHIO CENTER FOR BROADCASTING - COLUMBUS ,OH,43213-2571,Proprietary  ,5,61,66,77,308,385
03071900,MOUNT CARMEL COLLEGE OF NURSING         ,OH,43222-1598,Private      ,37,166,203,944,1353,2297
03072303,EVEREST INSTITUTE - COLUMBUS            ,OH,43230-6653,Proprietary  ,32,157,189,140,929,1069
03078000,OHIO CENTER FOR BROADCASTING            ,OH,45227-1509,Proprietary  ,4,44,48,53,168,221
03079000,ETI TECHNICAL COLLEGE                   ,OH,44446-4398,Proprietary  ,10,77,87,85,369,454
03084800,DELAWARE AREA CAREER CENTER             ,OH,43015-8969,Public       ,4,17,21,19,102,121
03084801,DELAWARE AREA CAREER CENTER -           ,OH,43015-9001,Public       ,2,10,12,8,56,64
03095600,VANTAGE CAREER CENTER                   ,OH,45891-1378,Public       ,1,16,17,22,121,143
03097000,MERCY COLLEGE OF NORTHWEST OHIO         ,OH,43604-1132,Private      ,23,138,161,659,1586,2245
03100100,PARAMOUNT BEAUTY ACADEMY                ,OH,45662-4136,Proprietary  ,4,23,27,42,134,176
03116200,DAYTON BARBER COLLEGE                   ,OH,45342-0000,Proprietary  ,1,16,17,21,113,134
03116300,OHIO COLLEGE OF MASSOTHERAPY            ,OH,44321-1363,Private      ,6,41,47,44,229,273
03116400,VANGUARD-SENTINELL VOC SCH DISTRICT     ,OH,43420-1197,Public       ,1,8,9,17,88,105
03117000,ASHLAND COUNTY-W HOLMES CAREER CTR      ,OH,44805-0000,Public       ,4,37,41,30,200,230
03319300,CREATIVE IMAGES-A CERTIFIED MATRIX      ,OH,45414-2557,Proprietary  ,5,50,55,93,328,421
03319301,CREATIVE IMAGES-A CERTIFIED MATRIX      ,OH,45459-0000,Proprietary  ,2,31,33,73,262,335
03416400,VALLEY BEAUTY SCHOOL                    ,OH,43701-3624,Proprietary  ,1,9,10,14,65,79
03425300,ROSEDALE BIBLE COLLEGE                  ,OH,43029-9517,Private      ,2,2,4,62,14,76
03457300,ALLEGHENY WESLEYAN COLLEGE              ,OH,44460-9598,Private      ,2,2,4,38,28,66
03468400,NATIONAL INSTITUTE OF MASSOTHERAPY      ,OH,44319-2100,Proprietary  ,2,17,19,25,151,176
03468500,ATS INSTITUTE OF TECHNOLOGY             ,OH,44143-2216,Proprietary  ,6,149,155,66,941,1007
03475400,TRI-STATE BIBLE COLLEGE                 ,OH,45680-8402,Private      ,0,6,6,11,78,89
03534400,AMERICAN INST OF ALTERNATIVE MEDICI     ,OH,43229-1113,Proprietary  ,10,81,91,59,654,713
03626300,BROWN AVEDA INSTITUTE                   ,OH,44060-6212,Proprietary  ,29,44,73,219,303,522
03693300,CARNEGIE CAREER COLLEGE                 ,OH,44260-9608,Private      ,0,0,0,3,52,55
03700300,REGENCY BEAUTY INSTITUTE - CLEVELAND    ,OH,44094-0000,Proprietary  ,22,62,84,170,409,579
03726300,TEMPLE BAPTIST COLLEGE                  ,OH,45240-0000,Private      ,4,7,11,133,111,244
03747300,BEXLEY HALL SEMINARY                    ,OH,43209-2325,Private      ,1,7,8,7,51,58
03776400,HEALING ARTS INSTITUTE                  ,OH,43551-3138,Proprietary  ,1,15,16,12,67,79
03837300,AVEDA FREDRIC'S INSTITUTE               ,OH,45208-1304,Proprietary  ,11,29,40,150,232,382
03882300,OREGON CAREER CENTER                    ,OH,43616-2631,Public       ,0,5,5,7,29,36
04051307,ART INSTITUTE OF PHOENIX (THE) - BROWN M,OH,45215-1107,Proprietary  ,53,240,293,469,2035,2504
04051308,ART INSTITUTE OF PHOENIX (THE) - BROWN M,OH,44320-4420,Proprietary  ,38,150,188,278,1184,1462
04051317,ART INSTITUTE OF PHOENIX (THE) - BROWN M,OH,45840-6848,Proprietary  ,102,327,429,686,2970,3656
04051326,ART INSTITUTE OF PHOENIX (THE) - BROWN M,OH,44718-3674,Proprietary  ,24,135,159,174,936,1110
04068300,FOUR COUNTY CAREER CENTER               ,OH,43512-9541,Public       ,3,13,16,9,69,78
04074300,HONDROS COLLEGE                         ,OH,43081-3855,Proprietary  ,28,296,324,462,3172,3634
04116700,NEWLIFE TECHNICAL INSTITUTE             ,OH,43920-2920,Private      ,0,0,0,3,8,11
04117300,DAYTON SCHOOL OF MEDICAL MASSAGE        ,OH,45429-1111,Proprietary  ,30,133,163,177,631,808
04118300,NORTHCOAST MEDICAL TRAINING ACADEMY     ,OH,44240-4174,Proprietary  ,13,45,58,71,250,321
04124500,TECHSKILLS                              ,OH,43231-0000,Proprietary  ,10,114,124,55,400,455
04125700,CUT BEAUTY SCHOOL (THE)                 ,OH,44118-2918,Proprietary  ,4,49,53,78,366,444
04126000,OHIO ACADEMY PAUL MITCHELL PARTNER SCHOO,OH,44087-3107,Proprietary  ,21,36,57,129,217,346
04137800,AVEDA INSTITUTE COLUMBUS                ,OH,43201-2333,Proprietary  ,50,116,166,305,523,828
04138000,INSTITUTE OF THERAPEUTIC MASSAGE        ,OH,45875-0350,Proprietary  ,6,15,21,15,60,75
04149100,CINCINNATI ACADEMY A PAUL MITCHELL PARTN,OH,45241-1702,Proprietary  ,23,42,65,174,292,466
04151400,VANITY SCHOOL OF COSMETOLOGY            ,OH,44035-0000,Proprietary  ,5,11,16,25,43,68
04152100,TOLEDO RESTAURANT TRAINING CENTER       ,OH,43604-6508,Private      ,4,18,22,21,104,125
04152600,PIKE COUNTY CAREER TECHNOLOGY CENTER    ,OH,45661-9114,Public       ,6,20,26,25,130,155
04153300,OHIO ACADEMY COLUMBUS (THE)             ,OH,43231-6038,Proprietary  ,29,42,71,141,232,373
04154000,TOLLES CAREER & TECHNICAL CENTER        ,OH,43064-8854,Public       ,1,4,5,5,29,34
04166800,SALON PROFESSIONAL ACADEMY (THE)        ,OH,45551-0000,Proprietary  ,6,11,17,60,85,145
04167700,ARTISAN COLLEGE OF COSMETOLOGY (THE)    ,OH,45840-6848,Proprietary  ,2,13,15,16,66,82
04185900,ELITE SCHOOL OF COSMETOLOGY             ,OH,44857-2714,Proprietary  ,2,12,14,14,63,77
04189100,TONI & GUY HAIRDRESSING ACADEMY         ,OH,43615-1731,Proprietary  ,10,25,35,104,145,249
04192200,ATHENA CAREER ACADEMY                   ,OH,43560-2796,Proprietary  ,2,31,33,33,297,330
        ,INVALID SCHOOL CODE                     ,  ,00000-0000,,179,1253,1432,1878,6358,8236
00134500,ADAMS STATE COLLEGE                     ,CO,81102-2373,Public       ,145,218,363,2990,2515,5505
00134600,ARAPAHOE COMMUNITY COLLEGE              ,CO,80160-9002,Public       ,327,1057,1384,3493,8208,11701
00134700,COLORADO COLLEGE                        ,CO,80903-3294,Private      ,193,140,333,3509,1085,4594
00134800,COLORADO SCHOOL OF MINES                ,CO,80401-1887,Public       ,235,115,350,6837,1491,8328
00134900,UNIVERSITY OF NORTHERN COLORADO         ,CO,80639-0001,Public       ,395,369,764,12049,5740,17789
00135000,COLORADO STATE UNIVERSITY               ,CO,80523-0100,Public       ,1031,845,1876,26849,12545,39394
00135200,DENVER  SEMINARY                        ,CO,80120-2192,Private      ,1,72,73,10,822,832
00135300,FORT LEWIS COLLEGE                      ,CO,81301-3999,Public       ,253,167,420,4993,1902,6895
00135400,ILIFF SCHOOL OF THEOLOGY                ,CO,80210-0000,Private      ,1,32,33,7,416,423
00135500,LAMAR COMMUNITY COLLEGE                 ,CO,81052-3999,Public       ,22,43,65,452,330,782
00135800,MESA STATE COLLEGE                      ,CO,81501-3122,Public       ,407,420,827,7540,4579,12119
00135900,COLORADO NORTHWESTERN COMMUNITY COLLEGE ,CO,81648-3598,Public       ,30,58,88,506,523,1029
00136000,METROPOLITAN STATE CLG OF DENVER        ,CO,80204-3362,Public       ,795,1926,2721,13562,19989,33551
00136100,NORTHEASTERN JUNIOR COLLEGE             ,CO,80751-2399,Public       ,54,62,116,1269,650,1919
00136200,OTERO JUNIOR COLLEGE                    ,CO,81050-3346,Public       ,37,100,137,720,785,1505
00136300,REGIS UNIVERSITY                        ,CO,80221-1099,Private      ,115,851,966,3669,10244,13913
00136500,COLORADO STATE UNIVERSITY-PUEBLO        ,CO,81001-4901,Public       ,219,293,512,5886,4979,10865
00136800,TRINIDAD STATE JR COLLEGE               ,CO,81082-2396,Public       ,43,164,207,798,1319,2117
00137000,UNIVERSITY OF COLORADO-BOULDER          ,CO,80309-0077,Public       ,1156,732,1888,27193,10944,38137
00137100,UNIVERSITY OF DENVER                    ,CO,80208-2000,Private      ,399,737,1136,9145,11140,20285
00137200,WESTERN STATE COLLEGE                   ,CO,81231-0000,Public       ,101,48,149,2441,698,3139
00405702,NATIONAL AMERICAN UNIVERSITY - COLORADO ,CO,80920-4001,Proprietary  ,6,65,71,57,510,567
00405703,NATIONAL AMERICAN UNIVERSITY            ,CO,80222-0000,Proprietary  ,2,33,35,51,393,444
00450300,EVEREST COLLEGE                         ,CO,80916-3548,Proprietary  ,28,210,238,225,1513,1738
00450600,COLORADO MOUNTAIN COLLEGE               ,CO,81602-0000,Public       ,137,294,431,1770,2170,3940
00450700,EVEREST COLLEGE                         ,CO,80229-4339,Proprietary  ,20,130,150,160,755,915
00450701,"EVEREST COLLEGE- EVEREST COLLEGE, AURORA",CO,80012-5692,Proprietary  ,23,113,136,193,835,1028
00450800,UNIVERSITY OF COLORADO DENVER           ,CO,80204-2029,Public       ,470,1221,1691,9542,17250,26792
00450900,UNIV OF COLORADO AT COLO SPRINGS        ,CO,80918-3735,Public       ,402,629,1031,9030,6930,15960
00559600,EMILY GRIFFITH OPPORTUNITY SCH          ,CO,80204-2197,Public       ,84,509,593,758,2752,3510
00729700,REDSTONE COLLEGE                        ,CO,80020-9988,Proprietary  ,28,143,171,370,1095,1465
00732912,ITT TECHNICAL INSTITUTE                 ,CO,80229-5338,Proprietary  ,58,274,332,292,1400,1692
00754700,LINCOLN COLLEGE OF TECHNOLOGY           ,CO,80223-0000,Proprietary  ,220,222,442,1336,1343,2679
00754800,WESTWOOD COLLEGE - DENVER NORTH         ,CO,80221-3653,Proprietary  ,42,221,263,328,1550,1878
00754801,WESTWOOD COLLEGE - DENVER SOUTH         ,CO,80227-3653,Proprietary  ,23,162,185,195,999,1194
00758200,AIMS COMMUNITY COLLEGE                  ,CO,80632-0000,Public       ,170,545,715,2552,4554,7106
00764900,ROCKY MOUNTAIN COLG OF ART & DESIGN     ,CO,80214-0000,Proprietary  ,54,106,160,914,714,1628
00793300,FRONT RANGE COMMUNITY COLLEGE           ,CO,80031-2199,Public       ,752,1818,2570,8337,15662,23999
00863500,INTELLITEC MEDICAL INSTITUTE            ,CO,80909-0000,Proprietary  ,14,88,102,112,652,764
00887100,CONCORDE CAREER INSTITUTE               ,CO,80203-0000,Proprietary  ,65,246,311,400,1619,2019
00889600,PIKES PEAK COMMUNITY COLLEGE            ,CO,80906-5498,Public       ,509,1963,2472,5485,14835,20320
00940100,COLORADO CHRISTIAN UNIVERSITY           ,CO,80226-7449,Private      ,113,466,579,2110,3833,5943
00954200,COMMUNITY COLLEGE OF DENVER             ,CO,80217-2026,Public       ,537,1719,2256,6480,13991,20471
00954300,RED ROCKS COMMUNITY COLLEGE             ,CO,80228-1255,Public       ,312,871,1183,3467,7454,10921
00998100,MORGAN COMMUNITY COLLEGE                ,CO,80701-4399,Public       ,32,116,148,380,1049,1429
01014800,COLORADO TECHNICAL UNIVERSITY           ,CO,80907-3896,Proprietary  ,75,733,808,470,5785,6255
01014802,COLORADO TECHNICAL UNIV - DENVER        ,CO,80111-3201,Proprietary  ,19,165,184,133,1278,1411
01014805,COLORADO TECH UNIV - ON LINE            ,CO,80907-0000,Proprietary  ,379,6126,6505,1995,41236,43231
01014806,COLORADO TECH UNIV - FED EXPRESS        ,CO,80921-3800,Proprietary  ,0,0,0,14,92,106
01014808,COLORADO TECH UNIV - USAA               ,CO,80920-1005,Proprietary  ,0,0,0,12,80,92
01014811,COLORADO TECH UNIV-HEWLETT PACKARD      ,CO,80919-2303,Proprietary  ,0,0,0,7,43,50
01014812,COLORADO TECHNICAL UNIVERSITY - WESTMINS,CO,80021-3498,Proprietary  ,17,124,141,122,1030,1152
01014813,COLORADO TECH UNIV - ORACLE             ,CO,80921-3660,Proprietary  ,0,0,0,6,62,68
01014815,COLORADO TECHNCL UNIV PUEBLO            ,CO,81003-2315,Proprietary  ,6,76,82,109,688,797
01070900,EMPIRE BEAUTY SCHOOL-LAKEWOOD           ,CO,80215-0000,Proprietary  ,6,15,21,48,114,162
01157200,COLORADO SCHOOL OF TRADES               ,CO,80215-2996,Proprietary  ,3,49,52,91,557,648
01267000,BEL-REA INST OF ANIMAL TECH             ,CO,80247-3048,Proprietary  ,43,88,131,530,849,1379
01285000,INTERNATIONAL SALON AND SPA ACADEMY     ,CO,80918-3684,Proprietary  ,12,76,88,96,385,481
01287500,PICKENS TECHNICAL COLLEGE               ,CO,80011-9307,Public       ,51,183,234,449,1137,1586
01300700,NAZARENE BIBLE COLLEGE                  ,CO,80910-3717,Private      ,5,61,66,70,653,723
02072200,EMPIRE BEAUTY SCHOOL -ARVADA            ,CO,80212-0000,Proprietary  ,10,21,31,76,176,252
02078900,ART INSTITUTE OF COLORADO (THE)         ,CO,80203-2983,Proprietary  ,229,385,614,2056,2592,4648
02116300,PUEBLO COMMUNITY COLLEGE                ,CO,81004-0000,Public       ,198,869,1067,2314,6837,9151
02117500,NAROPA UNIVERSITY                       ,CO,80302-0000,Private      ,29,84,113,374,1387,1761
02133100,COLORADO CENTER FOR MEDICAL LABORATORY S,CO,80218-0000,Private      ,7,23,30,72,225,297
02141100,EMPIRE BEAUTY SCHOOL-LITTLETON          ,CO,80030-0000,Proprietary  ,16,30,46,96,273,369
02156200,DELTA - MONTROSE TECHNICAL COLLEGE      ,CO,81416-0000,Public       ,17,43,60,107,323,430
02160600,EMPIRE BEAUTY SCHOOL -THORNTON          ,CO,80241-1659,Proprietary  ,16,28,44,81,211,292
02165200,SALON PROFESSIONAL ACADEMY (THE)        ,CO,81504-5309,Proprietary  ,6,23,29,71,134,205
02167600,KAPLAN COLLEGE                          ,CO,80229-5309,Proprietary  ,4,66,70,41,392,433
02171300,TRINIDAD STATE JUNIOR COLLEGE           ,CO,81101-0000,Proprietary  ,0,1,1,0,3,3
02188700,DENVER ACAD OF COURT REPORTING          ,CO,80030-0000,Proprietary  ,1,25,26,17,198,215
02211901,CHEEKS INTERNATIONAL ACADEMY OF BEAUTY C,CO,80525-3053,Proprietary  ,6,18,24,30,93,123
02211902,CHEEKS INTERNATIONAL ACDMY BTY CULT     ,CO,80631-0000,Proprietary  ,2,11,13,20,76,96
02253700,INTELLITEC COLLEGE                      ,CO,80909-0000,Proprietary  ,45,222,267,176,897,1073
02267500,GLENWOOD BEAUTY ACADEMY                 ,CO,81601-0000,Proprietary  ,4,8,12,22,57,79
02276900,COMMUNITY COLLEGE OF AURORA             ,CO,80011-9036,Public       ,303,1110,1413,3061,8243,11304
02518500,HAIR DYNAMICS EDUCATION CENTER          ,CO,80525-0000,Proprietary  ,16,40,56,117,221,338
02594300,COLLEGE AMERICA - DENVER                ,CO,80222-3380,Proprietary  ,71,440,511,468,2862,3330
02611000,HERITAGE COLLEGE                        ,CO,80212-7413,Proprietary  ,50,129,179,290,890,1180
03006300,INST OF BUSINESS & MEDICAL CAREERS      ,CO,80525-3044,Proprietary  ,42,188,230,372,1519,1891
03010622,VIRGINIA COLLEGE - ECOTECH INSTITUTE - A,CO,80014-1405,Proprietary  ,10,38,48,106,345,451
03012100,REMINGTON COLLEGE - COLORADO SPRINGS CAM,CO,80215-0000,Private      ,3,7,10,28,151,179
03013100,BOULDER COLLEGE OF MASSAGE THERAPY      ,CO,80301-3295,Private      ,16,36,52,112,301,413
03014900,PLATT COLLEGE                           ,CO,80014-3141,Proprietary  ,8,29,37,68,352,420
03027400,XENON INTERNATIONAL ACADEMY III         ,CO,80014-1193,Proprietary  ,6,28,34,70,148,218
03030606,UTAH COLLEGE OF MASSAGE THERAPY - DENVER,CO,80031-2921,Proprietary  ,18,32,50,91,206,297
03030607,UTAH COLLEGE OF MASSAGE THERAPY - DENVER,CO,80012-2523,Proprietary  ,16,31,47,83,197,280
03066900,INTELLITEC COLLEGE                      ,CO,81506-3994,Proprietary  ,45,152,197,215,781,996
03068201,OHIO CENTER FOR BROADCASTING - COLORADO ,CO,80214-4129,Proprietary  ,13,40,53,75,193,268
03076401,BRYMAN SCHOOL OF ARIZONA (THE) - ANTHEM ,CO,80014-2622,Proprietary  ,1,7,8,27,93,120
03289300,COLORADO HEIGHTS UNIVERSITY             ,CO,80236-2711,Private      ,21,101,122,134,491,625
03306300,MONTESSORI EDUC CRT OF THE ROCKIES      ,CO,80301-2587,Private      ,0,7,7,2,89,91
03534300,JONES INTERNATIONAL UNIVERSITY          ,CO,80112-3446,Proprietary  ,39,1280,1319,222,6816,7038
03545300,UNIVERSITY OF THE ROCKIES               ,CO,80903-3612,Proprietary  ,10,468,478,119,2960,3079
03584400,COLORADO SCHOOL OF HEALING ARTS         ,CO,80226-4332,Proprietary  ,22,43,65,90,278,368
03670300,TONI & GUY HAIRDRESSING ACADEMY         ,CO,80911-0000,Proprietary  ,13,40,53,89,229,318
03686300,COLORADO SCHOOL OF TRADITIONAL CHINESE M,CO,80206-2127,Proprietary  ,4,35,39,20,280,300
03776300,CULINARY SCHOOL OF THE ROCKIES          ,CO,80305-5961,Proprietary  ,29,75,104,253,428,681
03972300,CUTTIN' UP BEAUTY ACADEMY               ,CO,80220-0000,Proprietary  ,0,0,0,29,79,108
03976300,MASSAGE THERAPY INSTITUTE OF COLORADO   ,CO,80206-2127,Proprietary  ,14,36,50,91,235,326
04080300,ASPEN UNIVERSITY                        ,CO,80246-1930,Proprietary  ,16,106,122,117,721,838
04093300,ACADEMY OF NATURAL THERAPY              ,CO,80631-3425,Proprietary  ,8,25,33,53,149,202
04121200,INSTITUTE OF TAOIST EDUCATION AND ACUPUN,CO,80027-1028,Private      ,0,4,4,2,74,76
04125100,MONTESSORI CASA INTERNATIONAL           ,CO,80111-5263,Private      ,0,0,0,0,12,12
04127700,AMERICAN SENTINEL UNIVERSITY            ,CO,80014-6510,Proprietary  ,5,240,245,31,1344,1375
04139300,NATIONAL BEAUTY COLLEGE                 ,CO,80221-0000,Proprietary  ,4,31,35,45,181,226
04148300,DENVER SCHOOL OF NURSING                ,CO,80202-1213,Proprietary  ,36,178,214,342,1357,1699
04151100,SUMMIT SALON & BEAUTY SCHOOL            ,CO,80866-4569,Proprietary  ,0,2,2,0,32,32
04167100,AVEDA INSTITUTE DENVER                  ,CO,80202-0000,Proprietary  ,48,69,117,322,576,898
04170200,PAUL MITCHELL THE SCHOOL COLORADO SPRING,CO,80903-0000,Proprietary  ,24,69,93,174,433,607
04172500,ROLF INSTITUTE OF STRUCTURAL INTEGRATION,CO,80301-0000,Private      ,3,13,16,11,130,141
04173800,SALON PROFESSIONAL ACADEMY (THE)        ,CO,80918-2932,Proprietary  ,10,27,37,81,201,282
04177100,PIMA MEDICAL INSTITUTE-SOUTH DENVER     ,CO,80231-0000,Proprietary  ,30,109,139,208,648,856
04179700,UNITED BEAUTY COLLEGE                   ,CO,80223-2936,Proprietary  ,9,27,36,41,128,169
04183700,HEALING ARTS INSTITUTE                  ,CO,80525-3479,Proprietary  ,8,38,46,46,160,206
04184900,COLLEGE OF INTERNATIONAL ESTHETICS      ,CO,80002-3754,Proprietary  ,3,35,38,36,213,249
04185000,COLORADO ACADEMY OF VETERINARY TECHNOLOG,CO,80906-4944,Proprietary  ,14,40,54,120,226,346
04185400,NATIONAL PERSONAL TRAINING INSTITUTE OF ,CO,80401-3304,Proprietary  ,6,27,33,40,149,189
04195300,LONGS PEAK ACADEMY                      ,CO,80501-6458,Proprietary  ,13,34,47,26,67,93
04202600,NEW DIMENSIONS BEAUTY ACADEMY           ,CO,80138-9801,Proprietary  ,3,11,14,17,60,77
04208700,COLORADO STATE UNIVERSITY - GLOBAL CAMPU,CO,80111-0000,Public       ,32,794,826,111,2637,2748
04218900,ROCKY VISTA UNIVERSITY COLLEGE OF OSTEOP,CO,80134-9498,Proprietary  ,0,314,314,0,314,314
00267811,BRYANT & STRATTON COLLEGE - VIRGINIA BEA,VA,23462-4417,Proprietary  ,78,403,481,774,3920,4694
00370200,AVERETT UNIVERSITY                      ,VA,24541-3692,Private      ,51,228,279,1702,1720,3422
00370300,BLUEFIELD COLLEGE                       ,VA,24605-1799,Private      ,29,92,121,965,729,1694
00370400,BRIDGEWATER COLLEGE                     ,VA,22812-1599,Private      ,79,17,96,3633,234,3867
00370500,COLLEGE OF WILLIAM & MARY               ,VA,23187-8795,Public       ,372,204,576,11690,4903,16593
00370600,CHRISTOPHER NEWPORT UNIVERSITY          ,VA,23606-3072,Public       ,271,189,460,8604,1727,10331
00370700,RICHARD BLAND COLLEGE                   ,VA,23805-7100,Public       ,62,98,160,1680,903,2583
00370800,EASTERN MENNONITE UNIVERSITY            ,VA,22802-2462,Private      ,25,56,81,1329,623,1952
00370900,EMORY & HENRY COLLEGE                   ,VA,24327-0010,Private      ,42,7,49,1580,179,1759
00371100,FERRUM COLLEGE                          ,VA,24088-2612,Private      ,91,27,118,3346,380,3726
00371200,TIDEWATER COMMUNITY COLLEGE             ,VA,23510-1910,Public       ,1063,4010,5073,13188,29801,42989
00371300,HAMPDEN-SYDNEY COLLEGE                  ,VA,23943-0128,Private      ,26,5,31,1655,62,1717
00371400,HAMPTON UNIVERSITY                      ,VA,23668-0099,Private      ,363,297,660,9400,4212,13612
00371500,HOLLINS UNIVERSITY                      ,VA,24020-0000,Private      ,20,53,73,886,687,1573
00371900,LONGWOOD UNIVERSITY                     ,VA,23909-1899,Public       ,178,63,241,6007,977,6984
00372000,LYNCHBURG COLLEGE                       ,VA,24501-3199,Private      ,109,90,199,3772,1171,4943
00372100,JAMES MADISON UNIVERSITY                ,VA,22807-3780,Public       ,762,190,952,25741,3245,28986
00372300,MARY BALDWIN COLLEGE                    ,VA,24401-3610,Private      ,43,100,143,1812,1296,3108
00372400,MARYMOUNT UNIVERSITY                    ,VA,22207-4224,Private      ,125,218,343,3041,2774,5815
00372600,NATIONAL COLLEGE                        ,VA,24153-4524,Proprietary  ,79,677,756,577,5221,5798
00372700,NORTHERN VA CMTY CLG                    ,VA,22003-3743,Public       ,1359,2851,4210,17198,22678,39876
00372800,OLD DOMINION UNIVERSITY                 ,VA,23529-0052,Public       ,755,1407,2162,20467,16773,37240
00373200,RADFORD UNIVERSITY                      ,VA,24142-6905,Public       ,329,186,515,11290,2944,14234
00373300,RANDOLPH-MACON COLLEGE                  ,VA,23005-5505,Private      ,86,21,107,3069,199,3268
00373400,RANDOLPH COLLEGE                        ,VA,24503-1526,Private      ,36,24,60,956,198,1154
00373500,VIRGINIA COMMONWEALTH UNIVERSITY        ,VA,23284-9004,Public       ,1035,973,2008,27591,16474,44065
00373600,ROANOKE COLLEGE                         ,VA,24153-3794,Private      ,58,26,84,3491,324,3815
00373700,SHENANDOAH UNIVERSITY                   ,VA,22601-5195,Private      ,100,132,232,3222,2325,5547
00373800,SOUTHERN VIRGINIA UNIVERSITY            ,VA,24416-3038,Private      ,75,30,105,1311,379,1690
00373900,ST PAULS COLLEGE                        ,VA,23868-1299,Private      ,11,17,28,463,333,796
00374200,SWEET BRIAR COLLEGE                     ,VA,24595-9998,Private      ,40,11,51,1031,104,1135
00374300,UNION PRESBYTERIAN SEMINARY             ,VA,23227-0000,Private      ,0,13,13,6,126,132
00374400,UNIVERSITY OF RICHMOND                  ,VA,23173-0001,Private      ,228,225,453,7470,3597,11067
00374500,UNIVERSITY OF VIRGINIA - SFS            ,VA,22903-0000,Public       ,812,350,1162,22198,9242,31440
00374600,UNIVERSITY OF MARY WASHINGTON           ,VA,22401-5358,Public       ,206,177,383,5825,1728,7553
00374700,UNIV OF VIRGINIA'S COLLEGE AT WISE      ,VA,24293-4412,Public       ,46,35,81,2161,637,2798
00374800,EASTERN SHORE COMMUNITY COLLEGE         ,VA,23410-3001,Public       ,34,84,118,448,766,1214
00374900,GEORGE MASON UNIVERSITY                 ,VA,22030-4444,Public       ,825,1194,2019,22164,17913,40077
00375100,PATRICK HENRY COMMUNITY COLLEGE         ,VA,24112-5311,Public       ,77,337,414,1321,2834,4155
00375200,VIRGINIA INTERMONT COLLEGE              ,VA,24201-4298,Private      ,20,33,53,583,359,942
00375300,VIRGINIA MILITARY INSTITUTE             ,VA,24450-2138,Public       ,110,14,124,2370,138,2508
00375400,VIRGINIA POLYTECH INST & STATE UNIV     ,VA,24061-2000,Public       ,693,371,1064,27365,6324,33689
00375800,DANVILLE COMMUNITY COLLEGE              ,VA,24541-4004,Public       ,131,426,557,1723,3216,4939
00375900,J. SARGEANT REYNOLDS COMMUNITY CLG      ,VA,23285-0000,Public       ,473,1577,2050,6269,13435,19704
00376000,VIRGINIA WESTERN CMTY COLLEGE           ,VA,24038-0000,Public       ,205,651,856,3243,5101,8344
00376100,WYTHEVILLE COMMUNITY COLLEGE            ,VA,24382-3308,Public       ,60,240,300,1406,2144,3550
00376200,VIRGINIA UNIVERSITY OF LYNCHBURG        ,VA,24501-6400,Private      ,30,71,101,482,911,1393
00376400,VIRGINIA STATE UNIVERSITY               ,VA,23806-0001,Public       ,334,271,605,11310,4186,15496
00376500,NORFOLK STATE UNIVERSITY                ,VA,23504-8000,Public       ,342,670,1012,10035,8781,18816
00376600,VIRGINIA UNION UNIVERSITY               ,VA,23220-1711,Private      ,105,137,242,5170,1951,7121
00376700,VIRGINIA WESLEYAN COLLEGE               ,VA,23502-5599,Private      ,108,106,214,3498,1134,4632
00376800,WASHINGTON & LEE UNIVERSITY             ,VA,24450-0303,Private      ,118,21,139,3045,1530,4575
00400400,JOHN TYLER COMMUNITY COLLEGE            ,VA,23831-5316,Public       ,374,797,1171,4327,6860,11187
00450301,"EVEREST COLLEGE- EVEREST COLLEGE, MCLEAN",VA,22102-3000,Proprietary  ,12,62,74,109,527,636
00450702,"EVEREST COLLEGE- EVEREST COLLEGE, ARLING",VA,22203-1905,Proprietary  ,13,55,68,104,504,608
00498800,CENTRAL VIRGINIA COMMUNITY COLLEGE      ,VA,24502-2498,Public       ,124,354,478,1925,2893,4818
00499200,MILLER-MOTTE TECHNICAL COLLEGE          ,VA,24505-0000,Proprietary  ,36,205,241,292,1250,1542
00499600,DABNEY S LANCASTER COMMUNITY CLG        ,VA,24422-1000,Public       ,38,74,112,609,715,1324
00522300,NEW RIVER COMMUNITY COLLEGE             ,VA,24084-1127,Public       ,107,284,391,1767,2657,4424
00662200,COLLEGE OF HEALTH SCIENCES - CHRV       ,VA,24031-0000,Private      ,19,84,103,687,1264,1951
00681900,BLUE RIDGE COMMUNITY COLLEGE            ,VA,24486-0080,Public       ,106,313,419,2378,2796,5174
00687100,THOMAS NELSON COMMUNITY COLLEGE         ,VA,23670-0000,Public       ,412,1474,1886,4634,10847,15481
00709900,VIRGINIA HIGHLANDS COMMUNITY CLG        ,VA,24210-4210,Public       ,52,204,256,1106,1905,3011
00726000,SOUTHWEST VIRGINIA COMMUNITY CLG        ,VA,24641-0000,Public       ,54,218,272,1169,1859,3028
00859200,LOUISE OBICI SCHOOL OF NURSING          ,VA,23434-8038,Private      ,1,15,16,25,110,135
00865900,LORD FAIRFAX COMMUNITY COLLEGE          ,VA,22645-0047,Public       ,170,484,654,2509,3484,5993
00866000,GERMANNA COMMUNITY COLLEGE              ,VA,22508-0339,Public       ,259,558,817,3072,4489,7561
00866100,SOUTHSIDE VIRGINIA CMTY CLG             ,VA,23821-2930,Public       ,148,467,615,1824,3373,5197
00915900,PAUL D CAMP COMMUNITY COLLEGE           ,VA,23851-0737,Public       ,52,228,280,582,1494,2076
00916000,RAPPAHANNOCK COMMUNITY COLLEGE          ,VA,23149-2616,Public       ,66,215,281,1059,1663,2722
00926700,EVEREST COLLEGE                         ,VA,23606-4203,Proprietary  ,21,184,205,156,944,1100
00926701,EVEREST COLLEGE - CHESAPEAKE            ,VA,23320-2637,Proprietary  ,39,223,262,246,1185,1431
00942000,SANFORD-BROWN COLLEGE                   ,VA,22182-3913,Proprietary  ,20,75,95,166,807,973
00953500,STAUNTON SCHOOL OF COSMETOLOGY          ,VA,24401-4323,Proprietary  ,2,6,8,29,65,94
00953700,VIRGINIA SCH OF HAIR DESIGN             ,VA,23669-0000,Proprietary  ,13,37,50,82,270,352
00962900,MOUNTAIN EMPIRE COMMUNITY COLLEGE       ,VA,24219-0700,Public       ,68,215,283,1226,2022,3248
00992800,PIEDMONT VIRGINIA COMMUNITY COLLEGE     ,VA,22902-7589,Public       ,122,393,515,1838,3279,5117
01004300,BON SECOURS MEMORIAL COLLEGE OF NURSING ,VA,23227-4612,Private      ,29,98,127,351,932,1283
01019800,ECPI COLLEGE OF TECHNOLOGY              ,VA,23462-6542,Proprietary  ,292,1506,1798,2635,11453,14088
01033800,EASTERN VIRGINIA MEDICAL SCHOOL         ,VA,23501-1980,Public       ,13,68,81,147,1819,1966
01159600,RALPH'S VIRGINIA SCH OF COSMETOLOGY     ,VA,24501-2652,Proprietary  ,8,15,23,35,124,159
01162601,WESTWOOD COLLEGE - SOUTH BAY - ARLINGTON,VA,22203-4167,Proprietary  ,27,81,108,299,782,1081
01162602,WESTWOOD COLLEGE - SOUTH BAY - ANNANDALE,VA,22003-2602,Proprietary  ,15,86,101,178,659,837
01274400,SOUTHSIDE REGIONAL MED CTR PROF SCHOOLS ,VA,23803-5133,Proprietary  ,13,41,54,103,392,495
02053000,LIBERTY UNIVERSITY                      ,VA,24502-0000,Private      ,997,9152,10149,21171,82341,103512
02083602,TESST COLLEGE OF TECHNOLOGY - KAPLAN COL,VA,23320-4422,Proprietary  ,8,39,47,70,426,496
02108800,WARDS CORNER BEAUTY ACADEMY             ,VA,23505-0000,Proprietary  ,15,81,96,86,433,519
02111600,DANVILLE REGIONAL MEDICAL CENTER SCHOOL ,VA,24541-0000,Proprietary  ,3,12,15,57,145,202
02119203,COURT REPORTING INSTITUTE OF DALLAS - CO,VA,22203-4179,Proprietary  ,1,26,27,4,42,46
02128700,CENTRAL SCHOOL OF PRACTICAL NURSING     ,VA,23502-2230,Public       ,16,61,77,135,439,574
02140000,RIVERSIDE SCHOOL OF HEALTH CAREERS      ,VA,23608-3802,Private      ,19,94,113,244,933,1177
02175800,LYNCHBURG GENERAL HOSP SCH OF NURSG     ,VA,24501-0000,Private      ,14,21,35,126,300,426
02197600,WOODROW WILSON REHABILITATION CTR       ,VA,22939-0000,Public       ,18,13,31,59,50,109
02242400,HENRICO CTY ST MARYS HOSP PRAC NRSG     ,VA,23075-0000,Public       ,2,1,3,24,95,119
02304500,HERITAGE INSTITUTE                      ,VA,20111-0000,Proprietary  ,0,0,0,3,20,23
02320900,TIDEWATER TECH                          ,VA,23502-1747,Proprietary  ,37,239,276,277,1224,1501
02334400,CENTURA COLLEGE                         ,VA,23452-0000,Proprietary  ,62,682,744,471,4411,4882
02342700,FORTIS COLLEGE                          ,VA,23502-4101,Proprietary  ,20,126,146,143,840,983
02342701,FORTIS COLLEGE - RICHMOND CAMPUS        ,VA,23236-3472,Proprietary  ,21,147,168,277,1055,1332
02358500,BON SECOURS SAINT MARY'S HOSPITAL SCHOOL,VA,23227-4612,Private      ,14,57,71,134,485,619
02538800,SUFFOLK BEAUTY ACADEMY                  ,VA,23434-0000,Proprietary  ,10,20,30,34,125,159
02541200,STRATFORD UNIVERSITY                    ,VA,22043-0000,Proprietary  ,53,305,358,461,2207,2668
02541201,STRATFORD UNIVERSITY-WOODBRIDGE         ,VA,22192-0000,Proprietary  ,29,174,203,251,1122,1373
02610100,WASHINGTON COUNTY ADULT SKILL CTR       ,VA,24210-2346,Public       ,3,31,34,49,189,238
03002400,GRAHAM WEBB INTERNATIONAL ACAD HAIR     ,VA,22209-2129,Proprietary  ,10,31,41,55,140,195
03010700,BAR PALMA BEAUTY CAREERS  ACADEMY       ,VA,24014-2255,Proprietary  ,2,36,38,39,144,183
03042800,"VIRGINIA BEACH CITY SCHOOLS, SCH.-PR.NSG",VA,23456-0038,Public       ,12,42,54,78,262,340
03091100,ACT COLLEGE                             ,VA,22209-2297,Proprietary  ,0,0,0,35,87,122
03091300,REGENT UNIVERSITY                       ,VA,23464-9800,Private      ,109,624,733,1840,7416,9256
03092700,SKYLINE COLLEGE                         ,VA,24012-1603,Proprietary  ,19,68,87,133,506,639
03096500,SPRINGFIELD BEAUTY ACADEMY              ,VA,22003-3016,Proprietary  ,5,20,25,17,130,147
03106500,SENTARA NORFOLK GENERAL HOSPITAL        ,VA,23320-2843,Private      ,20,108,128,223,868,1091
03116900,BAPTIST THEOLOGICAL SEM.-RICHMOND       ,VA,23227-0000,Private      ,1,14,15,9,193,202
03126300,AVIATION INSTITUTE OF MAINTENANCE       ,VA,23320-5987,Proprietary  ,24,74,98,151,617,768
03126400,CENTURA COLLEGE                         ,VA,23235-5230,Proprietary  ,39,220,259,252,1335,1587
03127500,ADVANCED TECHNOLOGY INSTITUTE           ,VA,23462-2409,Proprietary  ,73,170,243,578,1048,1626
03280400,VIRGINIA SCHOOL OF MASSAGE              ,VA,22903-0000,Proprietary  ,4,34,38,72,180,252
03409500,RICHMOND SCHOOL OF HEALTH AND TECH      ,VA,23227-0000,Proprietary  ,17,70,87,133,716,849
03455300,CRESCENT COSMETOLOGY UNIVERSITY         ,VA,23666-3115,Proprietary  ,9,16,25,25,93,118
03559300,APPALACHIAN SCHOOL OF LAW               ,VA,24614-0000,Private      ,1,15,16,15,575,590
03645400,RUDY & KELLY ACADEMY OF HAIR AND NA     ,VA,23464-6857,Proprietary  ,20,49,69,171,429,600
03654300,CAREER TRAINING SOLUTIONS               ,VA,22406-1014,Proprietary  ,21,143,164,182,913,1095
03709300,EDWARD VIA VIRGINIA CLG OSTEOPATHIC MED ,VA,24060-6360,Private      ,0,4,4,11,863,874
03872400,INSTITUTE FOR THE PSYCHOLOGICAL SCIENCES,VA,22202-3609,Private      ,5,15,20,20,171,191
03876300,CULPEPER COSMETOLOGY TRAINING CENTER    ,VA,22701-3155,Public       ,5,12,17,32,84,116
03883400,AVIATION INSTITUTE OF MAINTENANCE       ,VA,20110-4156,Proprietary  ,25,118,143,105,463,568
04038400,AVI CAREER INSTITUTE                    ,VA,22066-1839,Proprietary  ,2,26,28,11,120,131
04110300,UNIVERSITY OF MANAGEMENT AND TECHNOLOGY ,VA,22209-1609,Proprietary  ,3,80,83,29,423,452
04124000,DOMINION SCHOOL OF HAIR DESIGN          ,VA,23062-2221,Proprietary  ,1,10,11,14,57,71
04127300,COLUMBIA COLLEGE                        ,VA,22031-4413,Proprietary  ,11,120,131,63,605,668
04133400,CENTURA COLLEGE                         ,VA,22312-2670,Proprietary  ,18,80,98,88,359,447
04133800,SOUTHEAST CULINARY & HOSPITALITY COLLEGE,VA,24201-4159,Proprietary  ,6,23,29,59,141,200
04137300,CAYCE/REILLY SCHOOL OF MASSOTHERAPY     ,VA,23451-2061,Private      ,3,25,28,19,119,138
04140000,GLOBAL HEALTH NURSE TRAINING SERVICES   ,VA,22314-4585,Proprietary  ,9,145,154,52,551,603
04153800,BETHEL COLLEGE                          ,VA,23666-3122,Private      ,8,23,31,57,171,228
04156200,INSTITUTE OF ADVANCED MEDICAL ESTHETICS ,VA,23294-4701,Proprietary  ,5,25,30,27,173,200
04169400,NORTHERN VIRGINIA SCHOOL OF THERAPEUTIC ,VA,22046-4302,Proprietary  ,8,28,36,32,136,168
04171500,COSMOPOLITAN BEAUTY & TECH SCHOOL       ,VA,22003-3204,Proprietary  ,4,34,38,17,196,213
04179900,TOMORROW'S IMAGE BARBER ACADEMY OF VIRGI,VA,23602-5532,Proprietary  ,2,27,29,5,65,70
04180600,APPALACHIAN COLLEGE OF PHARMACY         ,VA,24631-9210,Private      ,5,10,15,33,341,374
00107000,THUNDERBIRD SCHOOL OF GLOBAL MANAGEMENT ,AZ,85306-6000,Private      ,3,89,92,33,778,811
00107100,ARIZONA WESTERN COLLEGE                 ,AZ,85366-0000,Public       ,331,650,981,5160,5430,10590
00107200,COCHISE COLLEGE                         ,AZ,85607-6190,Public       ,122,433,555,1683,3135,4818
00107300,EASTERN ARIZONA COLLEGE                 ,AZ,85552-0769,Public       ,96,244,340,1758,1890,3648
00107400,GRAND CANYON UNIVERSITY                 ,AZ,85017-3030,Proprietary  ,847,9146,9993,11346,58235,69581
00107600,GLENDALE COMMUNITY COLLEGE              ,AZ,85302-3090,Public       ,1007,2054,3061,12251,17034,29285
00107700,MESA COMMUNITY COLLEGE                  ,AZ,85202-4866,Public       ,952,2721,3673,12973,21566,34539
00107800,PHOENIX COLLEGE                         ,AZ,85013-4234,Public       ,550,2341,2891,7140,16828,23968
00107900,YAVAPAI COLLEGE                         ,AZ,86301-3297,Public       ,220,647,867,2429,4865,7294
00108100,ARIZONA STATE UNIV (ALL CAMPUSES)       ,AZ,85287-0412,Public       ,2373,3569,5942,59849,45964,105813
00108200,NORTHERN ARIZONA UNIVERSITY             ,AZ,86011-0001,Public       ,1218,1132,2350,30908,16007,46915
00108300,UNIVERSITY OF ARIZONA                   ,AZ,85721-0066,Public       ,1239,1037,2276,34736,17395,52131
00165701,MIDWESTERN UNIVERSITY                   ,AZ,85308-0000,Private      ,13,85,98,209,4205,4414
00446700,TUCSON COLLEGE                          ,AZ,85711-3781,Proprietary  ,43,164,207,321,929,1250
00711300,ARIZONA CHRISTIAN UNIVERSITY            ,AZ,85032-7097,Private      ,54,91,145,838,608,1446
00726600,PIMA COUNTY COMMUNITY COLLEGE           ,AZ,85709-1110,Public       ,798,2131,2929,12239,20043,32282
00728300,CENTRAL ARIZONA COLLEGE                 ,AZ,85228-9779,Public       ,220,677,897,3196,5607,8803
00732911,ITT TECHNICAL INSTITUTE                 ,AZ,85282-9272,Proprietary  ,126,594,720,623,2704,3327
00732990,ITT TECHNICAL INSTITUTE                 ,AZ,85704-5829,Proprietary  ,125,489,614,681,2238,2919
00822100,UNIVERSAL TECHNICAL INSTITUTE           ,AZ,85323-7946,Proprietary  ,698,892,1590,8275,7738,16013
00824600,DINÉ COLLEGE                            ,AZ,86556-0126,Public       ,84,182,266,1010,1753,2763
00830300,GATEWAY COMMUNITY COLLEGE               ,AZ,85034-1795,Public       ,291,1487,1778,3648,10060,13708
00830302,MARICOPA SKILL CENTER                   ,AZ,85034-0000,Public       ,50,275,325,456,1768,2224
00830400,SCOTTSDALE COMMUNITY COLLEGE            ,AZ,85250-0000,Public       ,317,777,1094,5004,6301,11305
00886400,ARIZONA ACADEMY OF BEAUTY               ,AZ,85712-5021,Proprietary  ,15,25,40,109,218,327
00886500,ARTISTIC BEAUTY COLLEGES-TUCSON         ,AZ,85716-3999,Proprietary  ,16,49,65,130,329,459
01084700,ARIZONA AUTOMOTIVE INSTITUTE            ,AZ,85301-3503,Proprietary  ,39,134,173,378,1071,1449
01085800,AVALON SCHOOL OF COSMETOLOGY            ,AZ,85210-4010,Proprietary  ,74,107,181,482,864,1346
01168900,REFRIGERATION SCHOOL                    ,AZ,85034-0000,Proprietary  ,22,159,181,156,1059,1215
01180200,ARIZONA ACADEMY OF BEAUTY-NORTH         ,AZ,85705-2720,Proprietary  ,8,19,27,47,149,196
01180800,ARTISTIC BEAUTY COLLEGES-FLAGSTAFF      ,AZ,86004-5119,Proprietary  ,22,42,64,177,303,480
01186200,NORTHLAND PIONEER COLLEGE               ,AZ,86025-0610,Public       ,105,330,435,814,2156,2970
01186400,MOHAVE COMMUNITY COLLEGE                ,AZ,86409-1238,Public       ,197,623,820,1717,5331,7048
01218400,INTERNATIONAL ACAD OF HAIR DESIGN       ,AZ,85225-7198,Proprietary  ,16,39,55,96,274,370
01234300,ARTISTIC BEAUTY COLLEGES-PHOENIX        ,AZ,85304-0000,Proprietary  ,24,47,71,179,373,552
01293700,ARTISTIC BEAUTY COLLEGES - PARADISE VALL,AZ,85257-0000,Proprietary  ,9,50,59,132,336,468
02065300,PRESCOTT COLLEGE                        ,AZ,86301-0000,Private      ,40,150,190,823,1339,2162
02071200,KAPLAN COLLEGE                          ,AZ,85029-4349,Proprietary  ,29,264,293,422,2234,2656
02098800,UNIVERSITY OF PHOENIX                   ,AZ,85040-0000,Proprietary  ,3061,57614,60675,20594,383416,404010
02100500,UNIVERSAL TECHNICAL INSTITUTE           ,AZ,85027-0000,Proprietary  ,575,1073,1648,6323,9293,15616
02100600,CARRINGTON COLLEGE                      ,AZ,85015-4096,Proprietary  ,206,684,890,1693,5122,6815
02113800,ROBERTO-VENN SCH OF LUTHIERY            ,AZ,85040-0000,Proprietary  ,6,16,22,34,85,119
02146600,SOUTH MOUNTAIN COMMUNITY COLLEGE        ,AZ,85040-0000,Public       ,192,672,864,3050,5600,8650
02160305,COLLINS COLLEGE                         ,AZ,85040-4000,Proprietary  ,38,126,164,667,1256,1923
02160306,INTERNATIONAL ACADEMY OF DESIGN AND TECH,AZ,85281-6705,Proprietary  ,7,20,27,64,106,170
02171500,WESTERN INTERNATIONAL UNIVERSITY        ,AZ,85021-0000,Proprietary  ,15,392,407,94,2602,2696
02177500,RIO SALADO COMMUNITY COLLEGE            ,AZ,85281-6948,Public       ,301,3058,3359,3374,24488,27862
02192300,MARICOPA BEAUTY COLLEGE                 ,AZ,85323-0000,Proprietary  ,0,0,0,36,74,110
02199900,AMERICAN INDIAN CLG-ASSEMBLIES GOD      ,AZ,85021-0000,Private      ,7,22,29,66,169,235
02217100,PIMA MEDICAL INSTITUTE                  ,AZ,85716-0000,Proprietary  ,460,1330,1790,3024,8789,11813
02218800,BROOKLINE COLLEGE                       ,AZ,85021-5815,Proprietary  ,48,281,329,442,2137,2579
02218804,BROOKLINE COLLEGE - MESA                ,AZ,85204-4448,Proprietary  ,23,153,176,232,917,1149
02218805,BROOKLINE COLLEGE - TUCSON              ,AZ,85711-5444,Proprietary  ,41,162,203,300,1027,1327
02220300,ARTISTIC BEAUTY COLLEGES-GLENDALE       ,AZ,85051-0000,Proprietary  ,16,81,97,178,514,692
02221302,MARINELLO SCHOOL OF BEAUTY - SPA ACADEMY,AZ,85201-5205,Proprietary  ,1,8,9,37,116,153
02263100,ANTHEM COLLEGE                          ,AZ,85014-0000,Proprietary  ,163,893,1056,895,4587,5482
02280500,CHARLES OF ITALY BEAUTY COLLEGE         ,AZ,86403-0000,Proprietary  ,6,17,23,44,118,162
02295000,EVEREST COLLEGE                         ,AZ,85021-1610,Proprietary  ,137,1002,1139,673,4533,5206
02295002,EVEREST COLLEGE - MESA                  ,AZ,85206-4704,Proprietary  ,27,198,225,223,1263,1486
02317800,AMERICAN INSTITUTE OF TECHNOLOGY        ,AZ,85043-0000,Proprietary  ,36,383,419,231,1641,1872
02491500,THE ART CENTER DESIGN COLLEGE           ,AZ,85716-0000,Proprietary  ,36,66,102,286,562,848
02521500,LAMSON COLLEGE                          ,AZ,85284-1141,Proprietary  ,1,19,20,25,117,142
02533200,FRANK LLOYD WRIGHT SCHOOL OF ARCHITECTUR,AZ,85261-4430,Private      ,3,10,13,33,75,108
02559000,UNIVERSITY OF ADVANCING TECHNOLOGY      ,AZ,85283-0000,Proprietary  ,87,130,217,1261,994,2255
02561900,BRILLARE HAIRDRESSING ACADEMY           ,AZ,85254-3301,Proprietary  ,15,37,52,91,158,249
02582700,CORTIVA INSTITUTE - TUCSON              ,AZ,85710-3503,Proprietary  ,16,46,62,97,333,430
02616700,LE CORDON BLEU COLLEGE OF CULINARY ARTS ,AZ,85251-2729,Proprietary  ,114,483,597,900,2537,3437
02623600,PARADISE VALLEY COMMUNITY COLLEGE       ,AZ,85032-1210,Public       ,306,844,1150,4138,6312,10450
02623800,CORTIVA INSTITUTE - SCOTTSDALE          ,AZ,85257-4218,Proprietary  ,6,29,35,35,121,156
03005000,SAFFORD COLLEGE OF BEAUTY CULTURE       ,AZ,85546-3309,Proprietary  ,2,9,11,8,65,73
03010613,VIRGINIA COLLEGE - GOLF ACADEMY OF ARIZO,AZ,85225-6742,Proprietary  ,5,7,12,61,189,250
03030604,UTAH COLLEGE OF MASSAGE THERAPY - ARIZON,AZ,85282-0000,Proprietary  ,24,73,97,132,342,474
03030605,UTAH COLLEGE OF MASSAGE THERAPY - ARIZON,AZ,85051-3470,Proprietary  ,29,84,113,158,458,616
03034400,CONSERVATORY RECORDING ARTS & SCIS      ,AZ,85282-1707,Proprietary  ,85,110,195,785,917,1702
03072200,CHANDLER-GILBERT COMMUNITY COLLEGE      ,AZ,85225-2499,Public       ,466,1053,1519,6266,8160,14426
03076400,BRYMAN SCHOOL OF ARIZONA                ,AZ,85029-4919,Proprietary  ,180,566,746,920,2971,3891
03097800,CARSTEN INSTITUTE OF HAIR & BEAUTY      ,AZ,85282-5404,Proprietary  ,17,36,53,107,226,333
03100400,COCONINO COUNTY COMMUNITY COLLEGE       ,AZ,86001-2701,Public       ,188,343,531,2045,2847,4892
03107000,SOUTHWEST CLG OF NATUROPATHIC MED       ,AZ,85282-0000,Private      ,3,48,51,28,681,709
03115000,ARIZONA COLLEGE OF ALLIED HEALTH        ,AZ,85302-3843,Proprietary  ,60,203,263,365,1265,1630
03120300,COLLEGE AMERICA                         ,AZ,86004-3936,Proprietary  ,39,226,265,288,1446,1734
03156300,ESTRELLA MOUNTAIN COMMUNITY COLLEGE     ,AZ,85392-1010,Public       ,398,1012,1410,5180,8280,13460
03347300,INTERNATIONAL BAPTIST COLLEGE           ,AZ,85282-6799,Private      ,1,5,6,46,47,93
03445300,HDS TRUCK DRIVING INSTITUTE             ,AZ,85731-0000,Proprietary  ,4,57,61,28,227,255
03478400,PHOENIX SEMINARY                        ,AZ,85018-7611,Private      ,0,28,28,5,233,238
03572300,EAST VALLEY INSTITUTE OF TECHNOLOGY     ,AZ,85201-6910,Public       ,34,123,157,449,941,1390
03593300,SOUTHWEST INSTITUTE OF HEALING ARTS     ,AZ,85281-3658,Proprietary  ,32,298,330,233,1888,2121
03617500,PHOENIX INSTITUTE OF HERBAL MEDICINE & A,AZ,85012-0000,Proprietary  ,8,67,75,75,487,562
03695500,ARIZONA SCHOOL OF ACUPUNCTURE AND ORIENT,AZ,85712-1100,Proprietary  ,4,19,23,24,154,178
03784400,TOHONO O'ODHAM COMMUNITY COLLEGE        ,AZ,85634-3129,Public       ,7,7,14,81,137,218
03813300,NORTHCENTRAL UNIVERSITY                 ,AZ,86314-2336,Proprietary  ,6,1286,1292,124,6768,6892
03814300,TURNING POINT BEAUTY COLLEGE            ,AZ,85222-4229,Proprietary  ,6,11,17,32,91,123
04051300,ART INSTITUTE OF PHOENIX (THE)          ,AZ,85021-2859,Proprietary  ,1040,3432,4472,7960,24764,32724
04051306,ART INSTITUTE OF PHOENIX (THE) - ART INS,AZ,85712-2732,Proprietary  ,49,71,120,590,730,1320
04051325,ART INSTITUTE OF PHOENIX (THE) - BROWN M,AZ,85712-5300,Proprietary  ,33,113,146,293,1061,1354
04051327,ART INSTITUTE OF PHOENIX (THE) - BROWN M,AZ,85029-1348,Proprietary  ,17,56,73,207,420,627
04059300,TUCSON COLLEGE OF BEAUTY                ,AZ,85705-2451,Proprietary  ,6,28,34,79,194,273
04120900,ARIZONA CULINARY INSTITUTE              ,AZ,85259-4939,Proprietary  ,36,73,109,318,477,795
04131400,PHOENIX SCHOOL OF LAW                   ,AZ,85012-3330,Proprietary  ,12,101,113,121,2130,2251
04139200,UNIVERSAL BARBER COLLEGE                ,AZ,85007-3914,Proprietary  ,10,45,55,116,359,475
04148700,AMERICAN INSTITUTE OF INTERIOR DESIGN   ,AZ,85268-3827,Proprietary  ,4,15,19,24,78,102
04152900,STUDIO ACADEMY OF BEAUTY (THE)          ,AZ,85224-3600,Proprietary  ,17,49,66,93,277,370
04157400,NATIONAL PARALEGAL COLLEGE              ,AZ,85014-1262,Proprietary  ,11,224,235,98,1669,1767
04172100,CCIC BEAUTY COLLEGE                     ,AZ,85345-2410,Proprietary  ,2,17,19,26,88,114
04174100,PAUL MITCHELL THE SCHOOL PHOENIX        ,AZ,85017-1919,Proprietary  ,26,74,100,190,470,660
04174200,ALL BEAUTY COLLEGE                      ,AZ,86426-8326,Proprietary  ,5,24,29,35,122,157
04175300,KOHLER ACADEMY                          ,AZ,85254-4065,Proprietary  ,13,29,42,87,181,268
04177500,PURE AESTHETICS                         ,AZ,85711-2328,Proprietary  ,1,11,12,20,120,140
04191200,CLASSIC COOKING ACADEMY                 ,AZ,85255-8699,Private      ,6,12,18,52,70,122
04194500,AVEDA INSTITUTE TUCSON                  ,AZ,85719-4876,Proprietary  ,11,24,35,108,221,329
00142800,DELAWARE STATE UNIVERSITY               ,DE,19901-2277,Public       ,286,266,552,9543,3039,12582
00142900,GOLDEY BEACOM COLLEGE                   ,DE,19808-1993,Private      ,37,81,118,702,679,1381
00143100,UNIVERSITY OF DELAWARE                  ,DE,19716-0099,Public       ,641,251,892,27389,3602,30991
00143300,WESLEY COLLEGE                          ,DE,19901-3875,Private      ,86,92,178,2756,879,3635
00143301,WESLEY COLLEGE-CTR FOR ADULT STUDIE     ,DE,19720-0000,Private      ,1,40,41,47,345,392
00331301,WIDENER UNIV SCHOOL OF LAW - DE         ,DE,19803-0000,Private      ,7,47,54,94,1603,1697
00705300,DELAWARE TECH & CMTY COLLEGE-OWENS      ,DE,19947-0000,Public       ,151,431,582,2556,3692,6248
00794800,WILMINGTON UNIVERSITY                   ,DE,19720-6491,Private      ,172,1015,1187,2927,9944,12871
01172700,DELAWARE TECH & CMTY CLG-TERRY          ,DE,19901-8736,Public       ,129,356,485,2176,3224,5400
02125200,BEEBE SCHOOL OF NURSING                 ,DE,19958-1462,Private      ,4,24,28,76,150,226
02144900,DELAWARE TECH & CMTY CLG-STANTN/WLM     ,DE,19801-0000,Public       ,235,610,845,4247,5482,9729
02190400,SCHILLING DOUGLAS SCH OF HAIR DSGN      ,DE,19711-0000,Proprietary  ,6,26,32,72,152,224
02586902,STAR TECHNICAL INSTITUTE -              ,DE,19901-4615,Proprietary  ,3,19,22,45,146,191
03025800,DAWN TRAINING CENTRE                    ,DE,19805-1511,Proprietary  ,14,152,166,152,1029,1181
03543300,HARRIS SCHOOL OF BUSINESS               ,DE,19803-5341,Proprietary  ,19,121,140,147,562,709
03702300,DELAWARE LEARNING INSTITUTE OF COSMETOLO,DE,19939-9759,Proprietary  ,12,28,40,60,140,200
04130700,ACADEMY OF MASSAGE AND BODYWORK         ,DE,19701-1321,Proprietary  ,3,16,19,34,82,116
04139800,DELAWARE COLLEGE OF ART & DESIGN        ,DE,19801-3007,Private      ,22,38,60,516,191,707
04171100,DELAWARE ACADEMY PAUL MITCHELL PARTNER S,DE,19702-5108,Proprietary  ,8,24,32,107,156,263
        ,FEDERAL STUDENT AID USE ONLY            ,DC,20202-0000,,0,0,0,1,1,2
        ,OFFICIAL USE ONLY                       ,DC,20202-0000,,0,0,0,0,1,1
00143400,AMERICAN UNIVERSITY                     ,DC,20016-8020,Private      ,455,453,908,14449,10699,25148
00143700,CATHOLIC UNIVERSITY OF AMERICA          ,DC,20064-0002,Private      ,197,200,397,6016,2769,8785
00143711,"CATHOLIC UNIV AMERICA, LAW SCHOOL       ",DC,20064-0000,Private      ,3,23,26,78,1620,1698
00144100,UNIV OF THE DISTRICT OF COLUMBIA        ,DC,20008-0000,Public       ,168,753,921,3119,7585,10704
00144102,UNIV OF THE DIST OF COLU -SCHOOL OF LAW ,DC,20008-1173,Public       ,5,47,52,60,1066,1126
00144300,GALLAUDET UNIVERSITY                    ,DC,20002-3695,Private      ,38,68,106,1057,1234,2291
00144400,GEORGE WASHINGTON UNIVERSITY            ,DC,20052-2353,Private      ,501,900,1401,14818,12977,27795
00144402,GEORGE WASHINGTON UNIV LAW SCHL         ,DC,20052-0000,Private      ,4,86,90,70,3872,3942
00144403,GEORGE WASHINGTON UNIV SCH MED          ,DC,20052-0000,Private      ,12,63,75,119,1776,1895
00144500,GEORGETOWN UNIVERSITY                   ,DC,20057-1252,Private      ,490,465,955,13908,5479,19387
00144501,"GEORGETOWN UNIV, SCH OF MEDICINE        ",DC,20007-0000,Private      ,17,37,54,131,1630,1761
00144502,GEORGETOWN UNIVERSITY - GRADUATE SCHOOL ,DC,20057-0004,Private      ,8,337,345,78,5277,5355
00144503,GEORGETOWN UNIV LAW CENTER              ,DC,20001-0000,Private      ,6,100,106,81,5269,5350
00144800,HOWARD UNIVERSITY                       ,DC,20059-0001,Private      ,526,556,1082,17298,10663,27961
00145900,STRAYER UNIVERSITY                      ,DC,20005-2603,Proprietary  ,336,6044,6380,2038,54122,56160
00146000,TRINITY UNIVERSITY                      ,DC,20017-1004,Private      ,52,261,313,1613,3315,4928
00146400,WESLEY THEOLOGICAL SEMINARY             ,DC,20016-0000,Private      ,0,35,35,4,357,361
00207701,JOHNS HOPKINS UNIV SCH ADV INTL STU     ,DC,20036-0000,Private      ,9,83,92,71,1640,1711
01006500,WASHINGTON THEOLOGICAL UNION            ,DC,20012-0000,Private      ,0,8,8,3,54,57
01195000,THE CORCORAN COLLEGE OF ART & DESIG     ,DC,20006-4804,Private      ,27,54,81,508,543,1051
01280300,DOMINICAN HOUSE OF STUDIES              ,DC,20017-1584,Private      ,0,2,2,3,28,31
02132800,NAT'L CONSERVATORY DRAMATIC ARTS        ,DC,20007-2758,Private      ,3,8,11,20,70,90
02588900,SANZ SCHOOL                             ,DC,20006-0000,Proprietary  ,73,327,400,329,1411,1740
03104300,CAREER BLAZERS LEARNING CENTER OF WASHIN,DC,20037-1881,Proprietary  ,29,243,272,82,817,899
03218300,POTOMAC COLLEGE                         ,DC,20016-1860,Proprietary  ,9,79,88,80,639,719
03409600,BENNETT CAREER INSTITUTE                ,DC,20017-1754,Proprietary  ,33,79,112,148,434,582
03750300,TECHNICAL LEARNING CENTERS              ,DC,20006-3749,Proprietary  ,23,206,229,89,688,777
04114400,INSTITUTE OF WORLD POLITICS (THE)       ,DC,20036-1464,Private      ,0,21,21,12,261,273
04142700,PONTIFICAL JOHN PAUL II INSTITUTE FOR ST,DC,20064-0001,Private      ,1,2,3,2,41,43
04190000,RADIANS COLLEGE                         ,DC,20005-3542,Proprietary  ,3,33,36,3,33,36
00154100,ABRAHAM BALDWIN AGRICULTURAL CLG        ,GA,31794-0000,Public       ,169,230,399,3385,2420,5805
00154200,AGNES SCOTT COLLEGE                     ,GA,30030-3770,Private      ,54,58,112,1556,611,2167
00154300,DARTON COLLEGE                          ,GA,31707-3098,Public       ,242,647,889,4510,7703,12213
00154400,ALBANY STATE UNIVERSITY                 ,GA,31705-2796,Public       ,323,433,756,8425,6182,14607
00154500,ANDREW COLLEGE                          ,GA,39840-1395,Private      ,21,9,30,479,124,603
00154600,ARMSTRONG ATLANTIC STATE UNIVERSITY     ,GA,31419-1997,Public       ,310,623,933,7424,6933,14357
00154700,POINT UNIVERSITY                        ,GA,30344-1999,Private      ,48,133,181,996,1569,2565
00155200,AUGUSTA STATE UNIVERSITY                ,GA,30904-2200,Public       ,296,515,811,6110,6114,12224
00155400,BERRY COLLEGE                           ,GA,30149-5007,Private      ,167,50,217,3920,428,4348
00155500,THOMAS UNIVERSITY                       ,GA,31792-7499,Private      ,22,130,152,546,1564,2110
00155600,BRENAU UNIVERSITY                       ,GA,30501-3668,Private      ,100,358,458,1754,4273,6027
00155700,BREWTON PARKER COLLEGE                  ,GA,30445-0000,Private      ,15,26,41,639,295,934
00155800,COASTAL GEORGIA COMMUNITY COLLEGE       ,GA,31520-3644,Public       ,176,357,533,2461,3344,5805
00155900,CLARK ATLANTA UNIVERSITY                ,GA,30314-4385,Private      ,654,596,1250,14069,7341,21410
00156000,COLUMBIA THEOLOGICAL SEMINARY           ,GA,30031-0000,Private      ,4,28,32,12,281,293
00156100,COLUMBUS STATE UNIVERSITY               ,GA,31907-5645,Public       ,350,712,1062,7905,7370,15275
00156200,GEORGIA PERIMETER COLLEGE               ,GA,30021-0000,Public       ,1317,2801,4118,18692,27765,46457
00156300,EMMANUEL COLLEGE                        ,GA,30639-0000,Private      ,29,17,46,917,265,1182
00156400,EMORY UNIVERSITY                        ,GA,30322-1960,Private      ,502,656,1158,14116,11988,26104
00156600,FORT VALLEY STATE UNIVERSITY            ,GA,31030-3298,Public       ,216,229,445,6047,3329,9376
00156700,GAINESVILLE STATE COLLEGE               ,GA,30503-0000,Public       ,476,474,950,7513,5048,12561
00156800,INTERDENOMINATIONAL THEOLOGY CENTER     ,GA,30314-0000,Private      ,1,35,36,12,748,760
00156900,GEORGIA INSTITUTE OF TECHNOLOGY         ,GA,30332-0002,Public       ,723,597,1320,19588,7276,26864
00157000,SOUTHERN POLYTECHNIC STATE UNIV         ,GA,30060-2896,Public       ,220,447,667,4986,5203,10189
00157100,GEORGIA MILITARY COLLEGE                ,GA,31061-3398,Public       ,450,823,1273,5561,7262,12823
00157200,GEORGIA SOUTHERN UNIVERSITY             ,GA,30460-8065,Public       ,898,720,1618,25516,9234,34750
00157300,GEORGIA SOUTHWESTERN STATE UNIV         ,GA,31709-4693,Public       ,110,215,325,3193,2797,5990
00157400,GEORGIA STATE UNIVERSITY                ,GA,30303-3010,Public       ,1644,2803,4447,34064,33998,68062
00157500,GORDON COLLEGE                          ,GA,30204-1762,Public       ,263,317,580,5088,3736,8824
00157700,KENNESAW STATE UNIVERSITY               ,GA,30144-5591,Public       ,1032,1376,2408,23381,18308,41689
00157800,LAGRANGE COLLEGE                        ,GA,30240-2999,Private      ,55,50,105,1477,704,2181
00157900,MEDICAL COLLEGE OF GEORGIA              ,GA,30912-0004,Public       ,39,166,205,832,3594,4426
00158000,MERCER UNIVERSITY                       ,GA,31207-0003,Private      ,315,693,1008,5456,10091,15547
00158100,MIDDLE GEORGIA COLLEGE                  ,GA,31014-1599,Public       ,152,220,372,3389,2558,5947
00158200,MOREHOUSE COLLEGE                       ,GA,30314-3773,Private      ,197,169,366,5359,1824,7183
00158500,NORTH GEORGIA COLLEGE & STATE UNIV      ,GA,30597-0001,Public       ,328,232,560,7259,3162,10421
00158600,OGLETHORPE UNIVERSITY                   ,GA,30319-2737,Private      ,116,108,224,2260,957,3217
00158700,PAINE COLLEGE                           ,GA,30901-3182,Private      ,39,98,137,1541,1001,2542
00158800,PIEDMONT COLLEGE                        ,GA,30535-5644,Private      ,49,233,282,1270,2257,3527
00158900,REINHARDT UNIVERSITY                    ,GA,30183-2981,Private      ,62,62,124,1601,666,2267
00159000,SAVANNAH STATE UNIVERSITY               ,GA,31404-5298,Public       ,383,393,776,8673,4526,13199
00159100,SHORTER UNIVERSITY                      ,GA,30165-4298,Private      ,97,274,371,2218,3398,5616
00159200,SOUTH GEORGIA COLLEGE                   ,GA,31533-8104,Public       ,105,170,275,2242,1643,3885
00159400,SPELMAN COLLEGE                         ,GA,30314-4399,Private      ,334,202,536,7308,2190,9498
00159600,TOCCOA FALLS COLLEGE                    ,GA,30598-0001,Private      ,29,23,52,977,328,1305
00159700,TRUETT MCCONNELL COLLEGE                ,GA,30528-1264,Private      ,24,30,54,766,233,999
00159800,UNIVERSITY OF GEORGIA                   ,GA,30602-6114,Public       ,1265,806,2071,31544,13676,45220
00159900,VALDOSTA STATE UNIVERSITY               ,GA,31698-0001,Public       ,643,702,1345,15145,7791,22936
00160000,WESLEYAN COLLEGE                        ,GA,31210-4407,Private      ,37,105,142,618,912,1530
00160100,UNIV OF WEST GEORGIA                    ,GA,30118-0002,Public       ,536,681,1217,13467,7763,21230
00160200,GEORGIA COLLEGE & STATE UNIVERSITY      ,GA,31061-0490,Public       ,293,245,538,7780,2927,10707
00160400,YOUNG HARRIS COLLEGE                    ,GA,30582-4137,Private      ,63,20,83,1427,179,1606
00348400,COVENANT COLLEGE                        ,GA,30750-4164,Private      ,60,14,74,1423,172,1595
00395600,DALTON STATE COLLEGE                    ,GA,30720-3797,Public       ,203,395,598,4402,4169,8571
00402400,GEORGIA NORTHWESTERN TECHNICAL COLLEGE  ,GA,30161-6757,Public       ,302,996,1298,3130,8519,11649
00411700,GRADY HEALTH SYSTEM                     ,GA,30303-3050,Public       ,19,133,152,210,1151,1361
00489808,MCCANN SCHOOL OF BUSINESS & TECHNOLOGY -,GA,31210-0246,Proprietary  ,3,20,23,38,186,224
00525400,LANIER TECHNICAL COLLEGE                ,GA,30566-3499,Public       ,216,538,754,1631,4597,6228
00525500,MOULTRIE TECHNICAL COLLEGE              ,GA,31768-0000,Public       ,71,321,392,676,2439,3115
00525600,WIREGRASS GEORGIA TECHNICAL COLLEGE     ,GA,31602-0929,Public       ,220,887,1107,2107,6201,8308
00551100,OKEFENOKEE TECHNICAL COLLEGE            ,GA,31501-4016,Public       ,83,298,381,617,1904,2521
00559900,AUGUSTA TECHNICAL COLLEGE               ,GA,30906-3399,Public       ,308,1137,1445,2749,7703,10452
00560000,ATHENS TECHNICAL COLLEGE                ,GA,30601-1579,Public       ,284,778,1062,3006,6193,9199
00560100,ALBANY TECHNICAL COLLEGE                ,GA,31701-2648,Public       ,181,744,925,1838,6991,8829
00561300,FLINT RIVER TECHNICAL COLLEGE - THOMASTO,GA,30286-0014,Public       ,19,86,105,234,818,1052
00561500,SOUTHWEST GEORGIA TECHNICAL COLLEGE     ,GA,31792-2622,Public       ,73,272,345,927,2590,3517
00561700,SOUTH GEORGIA TECHNICAL COLLEGE         ,GA,31709-8167,Public       ,74,244,318,971,2064,3035
00561800,SAVANNAH TECHNICAL COLLEGE              ,GA,31405-5594,Public       ,330,1275,1605,2869,9305,12174
00561900,NORTH GEORGIA TECHNICAL COLLEGE         ,GA,30523-0000,Public       ,157,385,542,1611,2902,4513
00562000,CHATTAHOOCHEE TECHNICAL COLLEGE         ,GA,30060-3398,Public       ,800,1992,2792,7172,15050,22222
00562100,SOUTHERN CRESCENT TECHNICAL COLLEGE     ,GA,30223-2097,Public       ,314,929,1243,2505,7146,9651
00562200,DEKALB TECHNICAL COLLEGE                ,GA,30021-0000,Public       ,239,1125,1364,2106,8674,10780
00562400,COLUMBUS TECHNICAL COLLEGE              ,GA,31904-6572,Public       ,212,899,1111,2487,6710,9197
00576300,CENTRAL GEORGIA TECHNICAL COLLEGE       ,GA,31206-3628,Public       ,231,915,1146,2171,7493,9664
00772800,MACON STATE COLLEGE                     ,GA,31206-5145,Public       ,263,624,887,4806,7090,11896
00854300,ATLANTA TECHNICAL COLLEGE               ,GA,30310-4499,Public       ,450,2079,2529,3558,13564,17122
00897600,CLAYTON STATE UNIVERSITY                ,GA,30260-0285,Public       ,360,1054,1414,6938,12244,19182
00927000,ART INSTITUTE OF ATLANTA (THE)          ,GA,30328-1649,Proprietary  ,864,1037,1901,9716,8547,18263
00950700,GEORGIA HIGHLANDS COLLEGE               ,GA,30162-0000,Public       ,395,523,918,5047,4984,10031
01031903,MEDIX SCHOOL                            ,GA,30080-7630,Proprietary  ,31,114,145,231,901,1132
01035601,EVEREST INSTITUTE - DEKALB              ,GA,30035-3420,Proprietary  ,22,90,112,149,754,903
01048700,WEST GEORGIA TECHNICAL COLLEGE          ,GA,30182-6476,Public       ,408,1083,1491,3850,8585,12435
01077100,GUPTON JONES COLLEGE                    ,GA,30035-4022,Private      ,18,58,76,203,539,742
01099700,EAST GEORGIA COLLEGE                    ,GA,30401-2699,Public       ,193,162,355,3769,1876,5645
01107400,BAINBRIDGE COLLEGE                      ,GA,39819-8400,Public       ,92,333,425,1329,4481,5810
01110901,EVEREST COLLEGE - EVEREST INSTITUTE     ,GA,30067-8340,Proprietary  ,33,189,222,204,1091,1295
01110902,EVEREST COLLEGE - ATLANTA               ,GA,30331-2620,Proprietary  ,89,335,424,456,1745,2201
01112301,EVEREST COLLEGE - EVEREST INSTITUTE- NOR,GA,30093-2813,Proprietary  ,31,231,262,236,1186,1422
01157400,BAUDER COLLEGE                          ,GA,30313-2439,Proprietary  ,50,315,365,582,2370,2952
01205100,PRO WAY HAIR SCHOOL                     ,GA,30083-2884,Proprietary  ,13,74,87,93,377,470
01216500,ATLANTA METROPOLITAN COLLEGE            ,GA,30310-4498,Public       ,385,1086,1471,4105,8481,12586
01303900,SOUTH UNIVERSITY                        ,GA,31406-4881,Proprietary  ,630,4530,5160,3806,28925,32731
02055000,WAYCROSS COLLEGE                        ,GA,31503-0000,Public       ,34,109,143,732,972,1704
02060900,BROWN CLG OF COURT REPORTING & M.T.     ,GA,30318-2570,Proprietary  ,3,75,78,46,587,633
02074800,LIFE UNIVERSITY                         ,GA,30060-0000,Private      ,40,132,172,618,3239,3857
02113613,AMERICAN INTERCONTINENTAL UNIVERSITY    ,GA,30328-1649,Proprietary  ,97,605,702,1333,4490,5823
02116000,SANFORD-BROWN COLLEGE                   ,GA,30328-4803,Proprietary  ,40,222,262,387,1742,2129
02141500,SAVANNAH COLLEGE OF ART & DESIGN        ,GA,31402-3146,Private      ,547,451,998,12070,5806,17876
02202800,AUGUSTA AREA DIET INTERN UNIV HOSP      ,GA,30901-0000,Private      ,3,19,22,17,103,120
02217200,PORTFOLIO CENTER                        ,GA,30309-0000,Proprietary  ,13,69,82,97,359,456
02266200,AMERICAN PROFESSIONAL INSTITUTE         ,GA,31201-3185,Proprietary  ,33,183,216,214,1153,1367
02284300,INTERACTIVE COLLEGE OF TECHNOLOGY       ,GA,30341-0000,Proprietary  ,59,373,432,246,1711,1957
02284308,INTERACTIVE LEARNING SYSTEMS            ,GA,30260-0000,Proprietary  ,13,60,73,59,314,373
02284309,INTERACTIVE COLLEGE OF TECHNOLOGY       ,GA,30501-0000,Proprietary  ,6,67,73,83,402,485
02285500,"CREATIVE CIRCUS, THE                    ",GA,30324-0000,Proprietary  ,19,28,47,106,349,455
02288400,GWINNETT TECHNICAL COLLEGE              ,GA,30043-5702,Public       ,566,1357,1923,4437,11504,15941
02313902,WESTWOOD COLLEGE - O'HARE AIRPORT - ATLA,GA,30345-2807,Proprietary  ,28,124,152,265,979,1244
02321400,ROFFLER-MOLER HAIRSTYLING COLLEGE       ,GA,30062-0000,Proprietary  ,4,23,27,83,168,251
02354500,SOUTHEASTERN BEAUTY SCHOOLS             ,GA,31906-0000,Proprietary  ,3,39,42,43,192,235
02482100,MOREHOUSE SCHOOL OF MEDICINE            ,GA,30310-0000,Private      ,25,54,79,263,989,1252
02502700,ADVANCED CAREER TRAINING                ,GA,30329-0000,Proprietary  ,48,185,233,392,1426,1818
02502701,ADVANCED CAREER TRAINING-RIVERDALE      ,GA,30274-0000,Proprietary  ,10,55,65,64,379,443
02508600,MIDDLE GEORGIA TECHNICAL COLLEGE        ,GA,31088-2730,Public       ,165,657,822,1620,4717,6337
02520000,INTERNATIONAL SCH SKIN & NAILCARE       ,GA,30342-1119,Proprietary  ,19,84,103,88,479,567
02577000,ESANI INSTITUTE                         ,GA,30297-0000,Proprietary  ,10,40,50,97,227,324
02577700,BEAUTY COLLEGE OF AMERICA               ,GA,30297-0000,Proprietary  ,10,26,36,69,193,262
02580200,ATLANTA SCHOOL OF MASSAGE               ,GA,30338-0000,Proprietary  ,22,105,127,200,764,964
02583000,GWINNETT COLLEGE OF BUSINESS            ,GA,30047-3447,Proprietary  ,22,115,137,139,767,906
02607600,CAPELLI LEARNING CTR FOR COSM           ,GA,30324-0000,Proprietary  ,19,60,79,127,336,463
02614206,MILLER - MOTTE TECHNICAL COLLEGE - COLUM,GA,31907-3222,Proprietary  ,25,189,214,266,1485,1751
02614207,MILLER - MOTTE TECHNICAL COLLEGE - AUGUS,GA,30907-0921,Proprietary  ,26,161,187,255,1222,1477
03005400,GEORGIA CAREER INSTITUTE                ,GA,30013-2076,Proprietary  ,55,171,226,282,873,1155
03010619,VIRGINIA COLLEGE - AUGUSTA              ,GA,30909-5515,Proprietary  ,35,150,185,297,1370,1667
03010623,VIRGINIA COLLEGE - MACON                ,GA,31206-3180,Proprietary  ,20,101,121,171,949,1120
03022601,WESTERN CULINARY INSTITUTE - LE CORDON B,GA,30084-5893,Proprietary  ,48,163,211,445,1131,1576
03030000,OGEECHEE TECHNICAL COLLEGE              ,GA,30458-8049,Public       ,165,445,610,1691,3398,5089
03032100,ALTAMAHA TECHNICAL COLLEGE              ,GA,31545-4465,Public       ,146,321,467,798,2222,3020
03042700,LAURUSTECHNICAL INSTITUTE               ,GA,30030-1506,Proprietary  ,20,148,168,98,581,679
03066500,SOUTHEASTERN TECHNICAL COLLEGE          ,GA,30474-8817,Public       ,72,240,312,627,2128,2755
03072304,EVEREST COLLEGE - EVEREST INSTITUTE     ,GA,30236-0000,Proprietary  ,28,183,211,166,1024,1190
03076300,BEULAH HEIGHTS BIBLE COLLEGE            ,GA,30316-1873,Private      ,2,66,68,44,986,1030
03079202,WESTWOOD COLLEGE - ATLANTA MIDTOWN      ,GA,30309-2848,Proprietary  ,94,305,399,700,2179,2879
03081500,SOUTHEASTERN BEAUTY SCHOOL              ,GA,31917-0000,Proprietary  ,8,35,43,71,261,332
03089100,GEORGIA INSTITUTE OF COSMETOLOGY        ,GA,30606-3152,Proprietary  ,15,72,87,207,584,791
03090600,COBB BEAUTY COLLEGE                     ,GA,30144-2828,Proprietary  ,8,32,40,75,227,302
03100900,LUTHER RICE UNIVERSITY                  ,GA,30038-2454,Private      ,9,113,122,73,1339,1412
03102000,RIVERTOWN SCHOOL OF BEAUTY              ,GA,31904-4747,Proprietary  ,16,66,82,108,383,491
03104500,ATLANTA INSTITUTE OF MUSIC              ,GA,30096-4988,Proprietary  ,57,102,159,465,616,1081
03116100,VOGUE BEAUTY AND BARBER SCHOOL          ,GA,30141-2226,Proprietary  ,12,43,55,88,285,373
03155500,OCONEE FALL LINE TECHNICAL COLLEGE      ,GA,31082-6179,Public       ,54,234,288,422,1515,1937
03155504,OCONEE FALL LINE TECHNICAL COLLEGE - SOU,GA,31021-0560,Public       ,29,151,180,334,1011,1345
03173300,ATLANTA'S JOHN MARSHALL LAW SCHOOL      ,GA,30309-0000,Proprietary  ,10,80,90,86,1762,1848
03232304,LINCOLN COLLEGE OF TECHNOLOGY           ,GA,30067-8638,Proprietary  ,12,83,95,103,563,666
03418300,GWINNETT COLLEGE-SANDY SPRINGS          ,GA,30328-3161,Proprietary  ,13,62,75,107,432,539
03445500,FAYETTE BEAUTY ACADEMY                  ,GA,30214-1191,Proprietary  ,7,17,24,41,110,151
03523300,AVIATION INSTITUTE OF MAINTENANCE       ,GA,30045-0000,Proprietary  ,44,142,186,300,974,1274
03635300,CARVER BIBLE COLLEGE                    ,GA,30331-1300,Private      ,6,31,37,44,296,340
03748300,KEVOSNIK SCHOOL OF HAIR DESIGN          ,GA,31021-0000,Proprietary  ,1,5,6,10,64,74
03753400,MICHAEL'S SCHOOL OF BEAUTY              ,GA,30909-0000,Proprietary  ,4,25,29,48,197,245
03804400,JAVELIN TECHNICAL TRAINING CENTER       ,GA,30339-6040,Proprietary  ,28,167,195,147,809,956
03812300,OMNITECH INSTITUTE                      ,GA,30035-1206,Proprietary  ,8,68,76,85,414,499
04021300,AUGUSTA SCHOOL OF MASSAGE               ,GA,30809-0000,Proprietary  ,6,21,27,29,115,144
04051331,ART INSTITUTE OF PHOENIX (THE) - BROWN M,GA,30319-3054,Proprietary  ,28,118,146,228,721,949
04091300,SAVANNAH SCHOOL OF MASSAGE THERAPY      ,GA,31406-2711,Private      ,11,45,56,89,380,469
04126800,ACADEMY OF SOMATIC HEALING ARTS (ASHA)  ,GA,30071-1024,Proprietary  ,4,46,50,43,256,299
04142900,GEORGIA GWINNETT COLLEGE                ,GA,30043-7409,Public       ,689,728,1417,10681,7147,17828
04147000,PAUL MITCHELL THE SCHOOL ATLANTA        ,GA,30318-5241,Proprietary  ,41,108,149,372,718,1090
04147700,LAKE LANIER SCHOOL OF MASSAGE           ,GA,30501-4546,Proprietary  ,5,47,52,67,251,318
04149900,PROFILE INSTITUTE OF BARBER-STYLING     ,GA,30315-8459,Proprietary  ,8,63,71,81,337,418
04150900,PROCESS INSTITUTE OF COSMETOLOGY (THE)  ,GA,30043-7344,Proprietary  ,9,26,35,103,206,309
04152300,GEORGIA BEAUTY ACADEMY                  ,GA,30721-3952,Proprietary  ,10,31,41,94,232,326
04156500,GEORGIA CHRISTIAN UNIVERSITY            ,GA,30047-3778,Private      ,6,33,39,58,136,194
04160200,ATLANTA BEAUTY ACADEMY                  ,GA,30340-1334,Proprietary  ,14,123,137,89,482,571
04204500,ELAINE STERLING INSTITUTE(THE)          ,GA,30342-2633,Proprietary  ,0,35,35,15,170,185
04206400,HELMS COLLEGE                           ,GA,31206-5309,Private      ,9,41,50,9,41,50
04206600,SAE INSTITUTE OF TECHNOLOGY - ATLANTA   ,GA,30303-1736,Proprietary  ,31,93,124,135,318,453
00162800,AMERICAN ACADEMY OF ART                 ,IL,60604-4302,Proprietary  ,40,62,102,1129,489,1618
00163300,AUGUSTANA COLLEGE                       ,IL,61201-2296,Private      ,83,23,106,4663,262,4925
00163400,AURORA UNIVERSITY                       ,IL,60506-4892,Private      ,109,266,375,3989,3473,7462
00163600,SOUTHWESTERN ILLINOIS COLLEGE           ,IL,62221-5899,Public       ,381,943,1324,4736,7569,12305
00163800,BLACK HAWK COLLEGE                      ,IL,61265-5899,Public       ,225,446,671,2812,3532,6344
00163900,BLACKBURN COLLEGE                       ,IL,62626-1498,Private      ,23,13,36,806,161,967
00164000,PRAIRIE STATE COLLEGE                   ,IL,60411-8226,Public       ,210,662,872,3666,6450,10116
00164100,BRADLEY UNIVERSITY                      ,IL,61625-0002,Private      ,139,123,262,8284,1462,9746
00164300,SPOON RIVER COLLEGE                     ,IL,61520-8907,Public       ,55,121,176,904,1122,2026
00164700,CITY COLLEGES OF CHICAGO                ,IL,60606-6998,Public       ,121,458,579,2365,4437,6802
00164800,TRUMAN COLLEGE                          ,IL,60640-5691,Public       ,253,772,1025,4447,7944,12391
00164900,RICHARD J DALEY COLLEGE                 ,IL,60652-1299,Public       ,223,696,919,4325,7063,11388
00165000,CITY COLLEGES OF CHICAGO-MALCOLM X      ,IL,60612-3197,Public       ,283,1061,1344,4949,10853,15802
00165200,HAROLD WASHINGTON COLLEGE               ,IL,60601-2403,Public       ,534,1335,1869,10000,12094,22094
00165400,KENNEDY KING COLLEGE                    ,IL,60621-3798,Public       ,285,1282,1567,4139,10864,15003
00165500,WRIGHT COLLEGE                          ,IL,60634-1591,Public       ,381,954,1335,7179,8700,15879
00165700,MIDWESTERN UNIVERSITY                   ,IL,60515-1200,Private      ,8,44,52,142,3476,3618
00165900,ROSALIND FRANKLIN UNIVERSITY OF MEDICINE,IL,60064-3095,Private      ,4,66,70,65,2814,2879
00166100,CHICAGO THEOLOGICAL SEMINARY            ,IL,60637-0000,Private      ,0,9,9,17,266,283
00166300,SPERTUS COLLEGE                         ,IL,60605-1995,Private      ,1,12,13,4,114,118
00166400,UNIVERSITY OF ST FRANCIS                ,IL,60435-6188,Private      ,68,263,331,2347,2703,5050
00166500,COLUMBIA COLLEGE                        ,IL,60605-1996,Private      ,594,536,1130,16064,6878,22942
00166600,CONCORDIA UNIVERSITY                    ,IL,60305-1499,Private      ,53,427,480,2887,4510,7397
00166900,DANVILLE AREA COMMUNITY COLLEGE         ,IL,61832-5199,Public       ,75,228,303,1163,1942,3105
00167100,DEPAUL UNIVERSITY                       ,IL,60604-2287,Private      ,761,1299,2060,24773,18988,43761
00167400,EASTERN ILLINOIS UNIVERSITY             ,IL,61920-3099,Public       ,320,264,584,12360,4363,16723
00167500,ELGIN COMMUNITY COLLEGE                 ,IL,60123-7193,Public       ,319,617,936,4725,5369,10094
00167600,ELMHURST COLLEGE                        ,IL,60126-3296,Private      ,83,91,174,4679,1464,6143
00167800,EUREKA COLLEGE                          ,IL,61530-9976,Private      ,22,15,37,1214,287,1501
00168100,HIGHLAND COMMUNITY COLLEGE              ,IL,61032-9341,Public       ,60,161,221,1022,1387,2409
00168200,GARRETT-EVANGELICAL THEOLOGICAL SEM     ,IL,60201-0000,Private      ,0,20,20,3,319,322
00168400,GREENVILLE COLLEGE                      ,IL,62246-1199,Private      ,50,61,111,1851,783,2634
00168500,HEBREW THEOLOGICAL COLLEGE              ,IL,60077-3263,Private      ,19,6,25,553,34,587
00168800,ILLINOIS COLLEGE                        ,IL,62650-2299,Private      ,38,18,56,1907,245,2152
00168900,ILLINOIS COLLEGE OF OPTOMETRY           ,IL,60616-3878,Private      ,0,28,28,39,784,823
00169100,ILLINOIS INSTITUTE OF TECHNOLOGY        ,IL,60616-0000,Private      ,124,255,379,3672,3099,6771
00169103,CHICAGO KENT COLLEGE OF LAW             ,IL,60661-0000,Private      ,12,46,58,90,2293,2383
00169200,ILLINOIS STATE UNIVERSITY               ,IL,61790-1000,Public       ,615,354,969,24299,5677,29976
00169300,NORTHEASTERN ILLINOIS UNIV              ,IL,60625-4699,Public       ,288,715,1003,8890,9883,18773
00169400,CHICAGO STATE UNIVERSITY                ,IL,60628-1598,Public       ,322,940,1262,7596,14591,22187
00169600,ILLINOIS WESLEYAN UNIVERSITY            ,IL,61701-0000,Private      ,83,36,119,3634,305,3939
00169800,JOHN MARSHALL LAW SCHOOL                ,IL,60604-0000,Private      ,8,134,142,94,2881,2975
00169900,JOLIET JUNIOR COLLEGE                   ,IL,60431-8938,Public       ,525,1012,1537,8460,8712,17172
00170000,JUDSON UNIVERSITY                       ,IL,60123-1498,Private      ,35,92,127,1135,897,2032
00170100,KASKASKIA COLLEGE                       ,IL,62801-7878,Public       ,125,376,501,1826,2812,4638
00170300,KENDALL COLLEGE                         ,IL,60622-4278,Proprietary  ,78,214,292,1440,2599,4039
00170400,KNOX COLLEGE                            ,IL,61401-4999,Private      ,61,15,76,2371,180,2551
00170500,ILLINOIS VALLEY COMMUNITY COLLEGE       ,IL,61348-9692,Public       ,104,250,354,1691,2079,3770
00170600,LAKE FOREST COLLEGE                     ,IL,60045-2399,Private      ,94,27,121,2611,264,2875
00170700,LEWIS UNIVERSITY                        ,IL,60446-2200,Private      ,189,418,607,6162,4393,10555
00170800,LINCOLN CHRISTIAN UNIVERSITY            ,IL,62656-2167,Private      ,18,62,80,531,760,1291
00170900,LINCOLN COLLEGE                         ,IL,62656-1699,Private      ,39,59,98,1312,795,2107
00171000,LOYOLA UNIVERSITY CHICAGO               ,IL,60626-0000,Private      ,496,763,1259,18943,14038,32981
00171200,LUTHERAN SCHOOL OF THEOL AT CHICAGO     ,IL,60615-0000,Private      ,2,7,9,5,155,160
00171600,MACCORMAC COLLEGE                       ,IL,60602-4405,Private      ,8,25,33,75,264,339
00171700,MACMURRAY COLLEGE                       ,IL,62650-2590,Private      ,27,19,46,992,396,1388
00172100,MCCORMICK THEOLOGICAL SEMINARY          ,IL,60615-5108,Private      ,0,8,8,5,172,177
00172200,MCKENDREE UNIVERSITY                    ,IL,62254-1299,Private      ,55,117,172,1926,1660,3586
00172300,MEADVILLE LOMBARD THEOLOGICAL SCHOOL    ,IL,60637-1602,Private      ,0,2,2,2,86,88
00172400,MILLIKIN UNIVERSITY                     ,IL,62522-2084,Private      ,79,94,173,3626,1091,4717
00172500,MONMOUTH COLLEGE                        ,IL,61462-1963,Private      ,36,8,44,2083,169,2252
00172700,MOODY BIBLE INSTITUTE                   ,IL,60610-3214,Private      ,155,244,399,2008,1895,3903
00172800,MORTON COLLEGE                          ,IL,60804-4398,Public       ,175,245,420,3037,2672,5709
00173200,NATIONAL UNIV OF HEALTH SCIENCES        ,IL,60148-4583,Private      ,5,61,66,65,1071,1136
00173300,NATIONAL-LOUIS UNIVERSITY               ,IL,60603-3032,Private      ,18,507,525,487,6763,7250
00173400,NORTH CENTRAL COLLEGE                   ,IL,60540-4690,Private      ,83,110,193,4351,1185,5536
00173500,NORTH PARK UNIVERSITY                   ,IL,60625-4895,Private      ,85,185,270,3750,2343,6093
00173600,NORTHERN BAPTIST THEOL SEMINARY         ,IL,60148-0000,Private      ,0,4,4,2,92,94
00173700,NORTHERN ILLINOIS UNIVERSITY            ,IL,60115-2854,Public       ,733,744,1477,24864,11907,36771
00173900,NORTHWESTERN UNIV                       ,IL,60208-0001,Private      ,674,634,1308,21766,11704,33470
00174100,OLIVET NAZARENE UNIVERSITY              ,IL,60914-2271,Private      ,85,298,383,3780,2674,6454
00174200,IL EASTERN COMM COLGS-OLNEY CENTRAL     ,IL,62450-1099,Public       ,34,108,142,695,798,1493
00174500,QUINCY UNIVERSITY                       ,IL,62301-2699,Private      ,36,66,102,1743,951,2694
00174600,ROBERT MORRIS UNIVERSITY ILLINOIS       ,IL,60605-1225,Private      ,199,480,679,6408,6779,13187
00174700,ROCK VALLEY COLLEGE                     ,IL,61114-5699,Public       ,306,809,1115,3942,6107,10049
00174800,ROCKFORD COLLEGE                        ,IL,61108-2393,Private      ,46,178,224,1565,1605,3170
00174900,ROOSEVELT UNIVERSITY                    ,IL,60605-1394,Private      ,203,623,826,6258,8517,14775
00175000,DOMINICAN UNIVERSITY                    ,IL,60305-1066,Private      ,51,107,158,3387,2136,5523
00175200,SAUK VALLEY COMMUNITY COLLEGE           ,IL,61021-9112,Public       ,76,171,247,1146,1410,2556
00175300,SCHOOL OF ART INSTITUTE OF CHICAGO      ,IL,60603-3013,Private      ,242,182,424,4908,3027,7935
00175600,SHIMER COLLEGE                          ,IL,60616-3893,Private      ,9,2,11,141,70,211
00175700,SOUTHEASTERN ILLINOIS COLLEGE           ,IL,62946-4925,Public       ,57,154,211,767,952,1719
00175800,SOUTHERN ILL UNIV-CARBONDALE            ,IL,62901-0000,Public       ,570,686,1256,19558,10578,30136
00175900,SOUTHERN ILL UNIV-EDWARDSVILLE          ,IL,62026-1060,Public       ,408,400,808,14625,7115,21740
00175924,SO IL UNIV-SCHL OF DENTAL MEDICINE      ,IL,62002-0000,Public       ,0,5,5,12,203,215
00176100,SPRINGFIELD COLLEGE IN ILLINOIS         ,IL,62702-2694,Private      ,1,3,4,328,480,808
00176500,UNIVERSITY OF ST MARY OF THE LAKE       ,IL,60060-0000,Private      ,0,3,3,1,22,23
00176700,BENEDICTINE UNIVERSITY                  ,IL,60532-0900,Private      ,124,383,507,3681,4731,8412
00176800,ST XAVIER UNIVERSITY                    ,IL,60655-3199,Private      ,175,282,457,6486,4459,10945
00176900,SOUTH SUBURBAN COLLEGE                  ,IL,60473-9978,Public       ,201,716,917,3686,8275,11961
00177100,TRINITY CHRISTIAN COLLEGE               ,IL,60463-0929,Private      ,30,82,112,1420,1048,2468
00177200,TRINITY INTERNATIONAL UNIVERSITY        ,IL,60015-1283,Private      ,37,83,120,1002,1240,2242
00177300,TRITON COLLEGE                          ,IL,60171-1995,Public       ,266,576,842,4915,6233,11148
00177400,UNIVERSITY OF CHICAGO                   ,IL,60637-1476,Private      ,933,410,1343,19814,5006,24820
00177401,UNIV OF CHICAGO PRITZKER SCH OF MED     ,IL,60637-0000,Private      ,5,25,30,83,693,776
00177403,"UNIV OF CHICAGO, BOOTH SCH OF BUS       ",IL,60637-0000,Private      ,17,128,145,158,1793,1951
00177405,UNIVERSITY OF CHICAGO GRADUATE          ,IL,60637-0000,Private      ,14,262,276,149,5303,5452
00177500,UNIV OF ILLINOIS @ URBANA-CHAMPAIGN     ,IL,61820-5796,Public       ,817,464,1281,34332,10430,44762
00177600,UNIV OF ILLINOIS AT CHICAGO             ,IL,60607-0000,Public       ,877,1253,2130,28987,22667,51654
00177800,VANDERCOOK COLLEGE OF MUSIC             ,IL,60616-3731,Private      ,8,11,19,214,135,349
00177900,IL EASTERN COMM COLGS-WABASH VALLEY     ,IL,62863-2699,Public       ,24,62,86,491,522,1013
00178000,WESTERN ILLINOIS UNIVERSITY             ,IL,61455-1390,Public       ,387,317,704,14581,5267,19848
00178100,WHEATON COLLEGE                         ,IL,60187-5535,Private      ,72,46,118,3195,706,3901
00178300,WORSHAM COLLEGE OF MORTUARY SCIENCE     ,IL,60090-2646,Proprietary  ,6,24,30,80,160,240
00396100,HARPER COLLEGE                          ,IL,60067-7398,Public       ,365,693,1058,6230,5959,12189
00456000,GEM CITY COLLEGE                        ,IL,62301-4949,Proprietary  ,4,10,14,29,70,99
00456800,MIDSTATE COLLEGE                        ,IL,61614-3558,Proprietary  ,12,132,144,151,1075,1226
00621400,BLESSING RIEMAN COLLEGE OF NURSING      ,IL,62301-0000,Private      ,4,15,19,175,252,427
00621401,BLESSING HOSPITAL - SCHOOL OF MEDICAL LA,IL,62305-7005,Private      ,4,8,12,20,50,70
00621402,BLESSING HOSPITAL - SCHOOL OF RADIOLOGIC,IL,62305-7005,Private      ,1,6,7,42,56,98
00622500,TRINITY COLLEGE OF NURSING AND HEALTH SC,IL,61201-5317,Private      ,9,11,20,136,238,374
00622800,METHODIST MED CTR OF ILL SCH NRSNG      ,IL,61636-0000,Private      ,14,62,76,357,708,1065
00624000,ST FRANCIS MED CLG OF NRSG              ,IL,61603-3783,Private      ,15,47,62,382,680,1062
00638500,CHAMBERLAIN COLLEGE OF NURSING          ,IL,60101-0000,Proprietary  ,142,2005,2147,2218,16402,18620
00665600,COLLEGE OF DUPAGE                       ,IL,60137-6599,Public       ,817,1352,2169,11698,11967,23665
00675300,ILLINOIS CENTRAL COLLEGE                ,IL,61635-0001,Public       ,282,760,1042,4746,6215,10961
00693100,WAUBONSEE COMMUNITY COLLEGE             ,IL,60554-0000,Public       ,251,570,821,3868,4925,8793
00711800,PARKLAND COLLEGE                        ,IL,61821-1899,Public       ,259,608,867,5428,5011,10439
00711900,REND LAKE COLLEGE                       ,IL,62846-9801,Public       ,58,262,320,1396,1904,3300
00717000,LINCOLN LAND COMMUNITY COLLEGE          ,IL,62794-9256,Public       ,235,629,864,3113,5077,8190
00726500,CARL SANDBURG COLLEGE                   ,IL,61401-9576,Public       ,75,187,262,1226,1868,3094
00730307,LINCOLN COLLEGE OF TECHNOLOGY - MELROSE ,IL,60160-1605,Proprietary  ,76,111,187,874,800,1674
00750103,VATTEROTT COLLEGE - FAIRVIEW HEIGHTS    ,IL,62208-2029,Proprietary  ,30,126,156,126,447,573
00754900,COYNE AMERICAN INSTITUTE                ,IL,60607-1300,Proprietary  ,34,217,251,494,1671,2165
00764400,LAKE LAND COLLEGE                       ,IL,61938-9366,Public       ,125,312,437,2628,2755,5383
00768400,KISHWAUKEE COLLEGE                      ,IL,60150-9699,Public       ,145,270,415,2720,2647,5367
00769000,KANKAKEE COMMUNITY COLLEGE              ,IL,60901-6505,Public       ,107,416,523,1820,3417,5237
00769100,MCHENRY COUNTY COLLEGE                  ,IL,60012-2761,Public       ,209,401,610,2721,2705,5426
00769200,MORAINE VALLEY COMMUNITY COLLEGE        ,IL,60465-0937,Public       ,489,733,1222,7864,7201,15065
00769300,SHAWNEE COMMUNITY COLLEGE               ,IL,62992-9725,Public       ,27,123,150,822,1271,2093
00769400,COLLEGE OF LAKE COUNTY                  ,IL,60030-1198,Public       ,351,823,1174,5437,6545,11982
00793700,MS ROBERTS ACADEMY OF BEAUTY CULT       ,IL,60181-2930,Proprietary  ,6,15,21,35,81,116
00807600,JOHN A LOGAN COLLEGE                    ,IL,62918-2500,Public       ,121,354,475,2341,2995,5336
00809003,EVEREST COLLEGE - BEDFORD PARK          ,IL,60629-5819,Proprietary  ,45,212,257,155,498,653
00814604,EVEREST UNIVERSITY - EVEREST  COLLEGE   ,IL,60803-4517,Proprietary  ,21,134,155,117,784,901
00825900,EDUCATORS OF BEAUTY                     ,IL,61081-3611,Proprietary  ,7,13,20,58,121,179
00825901,EDUCATORS OF BEAUTY                     ,IL,61104-0000,Proprietary  ,11,23,34,59,147,206
00832800,ALVAREITA'S COLLEGE OF COSMETOLOGY      ,IL,62025-2041,Proprietary  ,9,17,26,56,138,194
00854500,ROCKFORD CAREER  COLLEGE                ,IL,61108-3900,Proprietary  ,41,177,218,293,1166,1459
00869402,RASMUSSEN COLLEGE - ROCKFORD            ,IL,61108-2513,Proprietary  ,33,202,235,333,1649,1982
00869403,RASMUSSEN COLLEGE - AURORA              ,IL,60506-6219,Proprietary  ,11,92,103,208,884,1092
00869404,RASMUSSEN COLLEGE - ROMEOVILLE          ,IL,60446-0000,Proprietary  ,17,114,131,237,913,1150
00869418,RASMUSSEN COLLEGE -  MOKENA             ,IL,60448-0000,Proprietary  ,11,68,79,88,481,569
00888000,MORRISON INSTITUTE OF TECHNOLOGY        ,IL,61270-2959,Private      ,5,4,9,132,40,172
00893800,GRAHAM HOSPITAL SCH OF NURSING          ,IL,61520-2497,Private      ,2,1,3,44,106,150
00893900,CANNELLA SCHOOL OF HAIR DESIGN          ,IL,60406-2130,Proprietary  ,6,18,24,39,128,167
00914500,GOVERNORS STATE UNIVERSITY              ,IL,60466-0975,Public       ,68,513,581,1553,8053,9606
00923200,CATHOLIC THEOLOGICAL UNION              ,IL,60615-0000,Private      ,0,8,8,7,84,91
00933300,UNIV OF ILLINOIS AT SPRINGFIELD         ,IL,62703-5407,Public       ,121,276,397,2918,3956,6874
00947500,EDUCATORS OF BEAUTY                     ,IL,61301-2404,Proprietary  ,7,4,11,37,33,70
00959500,CANNELLA SCHOOL OF HAIR DESIGN          ,IL,60617-4303,Proprietary  ,7,38,45,135,292,427
00976700,OLIVE-HARVEY COLLEGE                    ,IL,60628-1696,Public       ,161,626,787,2656,6559,9215
00978600,IL EASTERN COMM COLGS-LINCOLN TRAIL     ,IL,62454-5708,Public       ,14,60,74,384,484,868
00980000,RUSH UNIVERSITY                         ,IL,60612-3806,Private      ,30,169,199,479,3710,4189
00989600,OAKTON COMMUNITY COLLEGE                ,IL,60016-1268,Public       ,253,484,737,4383,4189,8572
00998700,SAINT ANTHONY COLLEGE OF NURSING        ,IL,61108-2468,Private      ,18,39,57,219,526,745
01002000,LEWIS AND CLARK COMMUNITY COLLEGE       ,IL,62035-2466,Public       ,171,390,561,2526,3322,5848
01050100,LAKEVIEW  COLLEGE OF NURSING            ,IL,61832-3781,Private      ,10,21,31,206,326,532
01069500,TRI-COUNTY BEAUTY ACADEMY               ,IL,62056-2036,Proprietary  ,1,10,11,11,37,48
01071000,CAPITAL AREA SCH OF PRAC NRSG           ,IL,62707-0000,Public       ,11,72,83,98,711,809
01072700,DEVRY UNIVERSITY                        ,IL,60618-5994,Proprietary  ,1144,7794,8938,16751,85259,102010
01083600,PIVOT POINT INTNL CSMTLGY RSRCH CTR     ,IL,60626-0000,Proprietary  ,46,89,135,452,701,1153
01087900,RICHLAND COMMUNITY COLLEGE              ,IL,62521-8513,Public       ,107,373,480,1177,2596,3773
01102401,EVEREST COLLEGE - CHICAGO               ,IL,60604-2052,Proprietary  ,9,53,62,645,1368,2013
01151002,EVEREST INSTITUTE - EVEREST COLLEGE     ,IL,60542-1610,Proprietary  ,31,112,143,209,602,811
01181000,TAYLOR BUSINESS INSTITUTE               ,IL,60606-5111,Proprietary  ,10,38,48,57,261,318
01185204,ITT TECHNICAL INSTITUTE - ORLAND PARK CA,IL,60467-4900,Proprietary  ,0,0,0,0,1,1
01185800,EVEREST COLLEGE                         ,IL,60077-1074,Proprietary  ,46,145,191,281,793,1074
01185802,EVEREST COLLEGE - BURR RIDGE            ,IL,60527-7826,Proprietary  ,15,81,96,142,462,604
01185803,EVEREST COLLEGE - MELROSE PARK          ,IL,60160-1526,Proprietary  ,29,130,159,187,659,846
01236200,NORTHWESTERN COLLEGE                    ,IL,60630-2298,Proprietary  ,143,350,493,2321,4155,6476
01238500,BLOOMINGTON-NORMAL SCH RADIOGRAPHY      ,IL,61761-4604,Private      ,1,10,11,27,100,127
01258400,ILLINOIS INSTITUTE OF ART (THE)         ,IL,60654-1593,Proprietary  ,483,568,1051,6491,5026,11517
01281300,JOHN WOOD COMMUNITY COLLEGE             ,IL,62305-0401,Public       ,78,179,257,1309,1559,2868
01308700,CAPRI GARFIELD RIDGE SCH OF BTY CLR     ,IL,60629-1613,Proprietary  ,11,31,42,102,289,391
01308800,CAPRI OAK FOREST COLLEGE OF BEAUTY      ,IL,60452-2798,Proprietary  ,16,29,45,132,224,356
02055200,HARRINGTON COLLEGE OF DESIGN            ,IL,60606-3433,Proprietary  ,29,66,95,468,758,1226
02068100,ADLER SCH OF PROFESSIONAL PSYCHLGY      ,IL,60601-0000,Private      ,14,97,111,130,1787,1917
02069300,VATTEROTT COLLEGE                       ,IL,62305-5938,Proprietary  ,19,65,84,139,474,613
02073200,TELSHE YESHIVA-CHICAGO                  ,IL,60625-0000,Private      ,2,1,3,29,14,43
02074400,IL EASTERN COMM COLGS-FRONTIER          ,IL,62837-0000,Public       ,9,44,53,223,411,634
02075400,KELLER GRADUATE SCHOOL OF MGMT.         ,IL,60515-5683,Proprietary  ,4,1586,1590,82,20536,20618
02113600,AMERICAN INTERCONTINENTAL UNIVERSITY    ,IL,60192-3713,Proprietary  ,231,3575,3806,1733,26669,28402
02117400,BECK AREA CAREER CENTER                 ,IL,62278-0000,Public       ,7,29,36,35,179,214
02124400,UNIVERSITY OF SPA & COSMETOLOGY ART     ,IL,62704-0000,Proprietary  ,10,29,39,141,257,398
02150600,COSMETOLOGY AND SPA INSTITUTE (THE)     ,IL,60014-4003,Proprietary  ,11,46,57,110,225,335
02155300,THE CHICAGO SCHOOL OF PROF PSYCHOLOGY   ,IL,60610-4705,Private      ,9,401,410,111,5907,6018
02160300,INTERNATIONAL ACAD OF DESIGN & TECH     ,IL,60602-3319,Proprietary  ,32,74,106,527,832,1359
02160304,INTERNATIONAL ACADEMY OF DESIGN AND TECH,IL,60173-5160,Proprietary  ,11,53,64,159,319,478
02168600,EAST WEST UNIVERSITY                    ,IL,60605-0000,Private      ,39,160,199,849,1517,2366
02179900,ARGOSY UNIVERSITY                       ,IL,60601-7757,Proprietary  ,1631,6386,8017,9627,41765,51392
02185400,ST AUGUSTINE COLLEGE                    ,IL,60640-0000,Private      ,40,163,203,749,2471,3220
02192400,MR JOHNS SCHOOL OF COSMETOLOGY          ,IL,62521-0000,Proprietary  ,7,16,23,44,116,160
02202600,CANNELLA SCHOOL OF HAIR DESIGN          ,IL,60181-1321,Proprietary  ,1,10,11,15,92,107
02214100,RESURRECTION UNIVERSITY                 ,IL,60302-2519,Private      ,9,43,52,201,876,1077
02228100,MAC DANIEL'S BEAUTY SCHOOL              ,IL,60640-0000,Proprietary  ,8,22,30,62,136,198
02261200,HAIR PROFESSIONALS ACAD COSMETOLOGY     ,IL,60118-0000,Proprietary  ,14,39,53,65,231,296
02261201,HAIR PROFESSIONALS ACADEMY OF COSMETOLOG,IL,60118-9333,Proprietary  ,0,0,0,10,14,24
02262100,HAIR PROFESSIONALS SCH COSMETOLOGY      ,IL,60543-0000,Proprietary  ,7,15,22,43,83,126
02291200,CANNELLA SCHOOL OF HAIR DESIGN          ,IL,60639-0000,Proprietary  ,8,26,34,90,217,307
02295500,CANNELLA SCHOOL OF HAIR DESIGN          ,IL,60120-0000,Proprietary  ,3,8,11,31,100,131
02297500,OEHRLEIN SCHOOL OF COSMETOLOGY          ,IL,61611-0000,Proprietary  ,13,17,30,67,142,209
02312300,LA' JAMES COLLEGE HAIRSTYLING           ,IL,61244-0000,Proprietary  ,3,6,9,17,80,97
02313900,WESTWOOD COLLEGE - O'HARE AIRPORT       ,IL,60631-2801,Proprietary  ,34,104,138,436,1031,1467
02317300,CONCEPT COLLEGE OF COSMETOLOGY          ,IL,61832-0000,Proprietary  ,10,35,45,69,159,228
02319200,LAKE FOREST GRAD SCHL OF MGMT           ,IL,60045-4824,Private      ,1,48,49,6,349,355
02323300,PROFESSIONAL'S CHOICE HAIR DSN ACAD     ,IL,60435-0000,Proprietary  ,5,22,27,53,163,216
02332200,HAIR PROFESSIONALS CAREER COLLEGE       ,IL,60178-0000,Proprietary  ,5,17,22,30,88,118
02337800,THE COLLEGE OF OFFICE TECHNOLOGY        ,IL,60622-0000,Proprietary  ,0,0,0,55,244,299
02349400,ALVAREITA'S COLLEGE OF COSMETOLOGY      ,IL,62035-0000,Proprietary  ,4,11,15,35,95,130
02349500,CANNELLA SCHOOL OF HAIR DESIGN          ,IL,60632-0000,Proprietary  ,7,37,44,97,297,394
02352200,LE CORDON BLEU COLLEGE OF CULINARY ARTS ,IL,60610-3050,Proprietary  ,94,277,371,1171,2105,3276
02498200,G SKIN & BEAUTY INSTITUTE               ,IL,60523-1805,Proprietary  ,12,61,73,102,285,387
02498201,HAIR PROFESSIONALS ACADEMY OF COSMETOLOG,IL,60563-0000,Proprietary  ,0,9,9,22,55,77
02522800,FOX COLLEGE                             ,IL,60453-0000,Proprietary  ,24,54,78,525,583,1108
02527600,LEXINGTON COLLEGE                       ,IL,60607-0000,Private      ,4,11,15,113,132,245
02536700,BELL MAR BEAUTY COLLEGE                 ,IL,60650-0000,Proprietary  ,5,10,15,48,99,147
02556100,ENVIRONMENTAL TECHNICAL INSTITUTE       ,IL,60143-0000,Proprietary  ,28,136,164,106,396,502
02556600,NILES SCHOOL OF COSMETOLOGY             ,IL,60714-0000,Proprietary  ,5,12,17,22,64,86
02573700,INSTITUTE FOR CLINICAL SOCIAL WORK      ,IL,60605-1229,Private      ,2,44,46,35,355,390
02579200,INGALLS MEMORIAL HOSPITAL               ,IL,60426-0000,Private      ,1,11,12,7,69,76
02584900,"FIRST INSTITUTE, INC.                   ",IL,60014-7489,Proprietary  ,18,63,81,88,305,393
02587700,HAIR PROFESSIONALS CAREER COLLEGE       ,IL,60465-1929,Proprietary  ,5,29,34,36,119,155
02599500,HANOVER PARK COLLEGE OF BEAUTY CULT     ,IL,60133-5421,Proprietary  ,1,16,17,40,93,133
02622700,KNOWLEDGE SYSTEMS INSTITUTE             ,IL,60076-0000,Private      ,2,2,4,2,11,13
03002000,HAIRMASTERS INST OF COSMETOLOGY         ,IL,61701-5547,Proprietary  ,7,20,27,51,107,158
03027702,PACIFIC COLLEGE OF ORIENTAL MEDICINE - C,IL,60613-4418,Proprietary  ,6,35,41,38,400,438
03065300,TREND SETTERS COLL OF COSMETOLOGY       ,IL,60915-0000,Proprietary  ,28,46,74,240,284,524
03072701,WESTWOOD COLLEGE OF TECHNOLOGY          ,IL,60409-0000,Proprietary  ,22,95,117,234,934,1168
03072702,WESTWOOD COLLEGE OF TECHNOLOGY          ,IL,60602-0000,Proprietary  ,39,183,222,478,1580,2058
03078400,CAMEO BEAUTY ACADEMY                    ,IL,60453-3196,Proprietary  ,11,15,26,50,99,149
03079200,WESTWOOD COLLEGE - DUPAGE               ,IL,60517-2321,Proprietary  ,23,91,114,378,762,1140
03082900,ROSEL SCHOOL OF COSMETOLOGY             ,IL,60659-1913,Proprietary  ,8,24,32,52,179,231
03083800,HEARTLAND COMMUNITY COLLEGE             ,IL,61761-9446,Public       ,151,319,470,2817,2911,5728
03098000,ST JOHN'S COLLEGE OF NURSING            ,IL,62702-5321,Private      ,4,25,29,186,300,486
03098002,ST JOHN'S HOSP SCH MED TECH             ,IL,62769-5324,Private      ,3,22,25,43,128,171
03099700,CAIN'S BARBER COLLEGE                   ,IL,60615-3510,Proprietary  ,11,98,109,175,592,767
03099800,ILLINOIS SCHOOL OF HEALTH CAREERS       ,IL,60604-0000,Proprietary  ,78,263,341,523,1606,2129
03101800,ILLINOIS CENTER FOR BROADCASTING        ,IL,60148-7015,Proprietary  ,25,54,79,156,416,572
03128300,PYRAMID CAREER INSTITUTE                ,IL,60657-4207,Proprietary  ,0,0,0,0,2,2
03128500,NATIONAL LATINO EDUCATION INSTITUTE     ,IL,60609-2205,Private      ,5,17,22,64,138,202
03199300,CHRISTIAN LIFE COLLEGE                  ,IL,60056-2522,Private      ,2,4,6,19,36,55
03368300,MIDWEST TECHNICAL INSTITUTE             ,IL,62707-8805,Proprietary  ,140,584,724,946,3186,4132
03416300,COMPUTER SYSTEMS INSTITUTE              ,IL,60077-0000,Proprietary  ,72,348,420,377,1557,1934
03448300,BUSINESS INDUSTRIAL RESOURCES           ,IL,60659-1298,Proprietary  ,58,559,617,301,3066,3367
03455700,CORTIVA INSTITUTE - CHICAGO             ,IL,60602-3315,Proprietary  ,36,91,127,187,480,667
03455701,CORTIVA INSTITUTE - CHICAGO             ,IL,60014-6285,Proprietary  ,3,10,13,16,58,74
03510300,ERIKSON INSTITUTE                       ,IL,60654-4510,Private      ,0,15,15,8,422,430
03643300,"MR. JOHN'S SCHOOL OF JACKSONVILLE,  INC,",IL,62650-3488,Proprietary  ,3,5,8,13,41,54
03655300,ILLINOIS CAREERPATH INSTITUTE           ,IL,60610-4705,Private      ,5,33,38,34,208,242
03684300,NORTHSHORE UNIVERSITY HEALTHSYSTEM SCHOO,IL,60201-9872,Private      ,0,8,8,18,94,112
03881400,EUROPEAN MASSAGE THERAPY SCHOOL         ,IL,60077-2269,Proprietary  ,2,33,35,25,159,184
03891300,SOMA INSTITUTE - THE NATIONAL SCHOOL OF ,IL,60604-4466,Proprietary  ,22,56,78,82,212,294
03914300,"CALC, INSTITUTE OF TECHNOLOGY           ",IL,62002-5931,Proprietary  ,11,44,55,46,258,304
04117500,SOLEX MEDICAL ACADEMY                   ,IL,60090-3104,Proprietary  ,1,6,7,5,43,48
04117600,LARRY'S BARBER COLLEGE                  ,IL,60628-2322,Proprietary  ,28,121,149,230,684,914
04118400,ZAREM /GOLDE ORT TECHNICAL INSTITUTE    ,IL,60077-3210,Private      ,8,59,67,49,263,312
04124700,AMERICARE INSTITUTE                     ,IL,60133-5456,Proprietary  ,15,66,81,99,633,732
04136900,UNIVERSITY OF AESTHETICS (THE)          ,IL,60622-2151,Proprietary  ,3,14,17,21,88,109
04137000,UNIVERSITY OF AESTHETICS (THE)          ,IL,60515-5602,Proprietary  ,2,6,8,10,35,45
04137500,TRICOCI UNIVERSITY OF BEAUTY CULTURE    ,IL,60656-1805,Proprietary  ,28,69,97,258,472,730
04139000,MIDWESTERN CAREER COLLEGE               ,IL,60606-3103,Proprietary  ,14,104,118,152,827,979
04141000,AVEDA INSTITUTE CHICAGO                 ,IL,60647-0000,Proprietary  ,31,66,97,275,483,758
04147100,TRICOCI UNIVERSITY OF BEAUTY CULTURE    ,IL,60048-2906,Proprietary  ,14,15,29,94,140,234
04147200,TRICOCI UNIVERSITY OF BEAUTY CULTURE    ,IL,60455-1824,Proprietary  ,13,21,34,112,222,334
04147300,TRICOCI UNIVERSITY OF BEAUTY CULTURE    ,IL,60139-3119,Proprietary  ,14,20,34,120,150,270
04147400,TRICOCI UNIVERSITY OF BEAUTY CULTURE    ,IL,61614-4831,Proprietary  ,7,22,29,70,161,231
04147500,TRICOCI UNIVERSITY OF BEAUTY CULTURE    ,IL,61108-2337,Proprietary  ,14,39,53,113,253,366
04160600,PAUL MITCHELL THE SCHOOL NORMAL         ,IL,61761-0000,Proprietary  ,14,31,45,216,226,442
04167800,INNOVATIONS DESIGN ACADEMY              ,IL,61520-2625,Proprietary  ,4,9,13,19,47,66
04168500,SOLEX COLLEGE                           ,IL,60090-3192,Proprietary  ,4,69,73,16,149,165
04170800,UNITY COSMETOLOGY COLLEGE               ,IL,61764-9652,Proprietary  ,3,11,14,23,63,86
04171600,SALON PROFESSIONAL ACADEMY OF ELGIN (THE,IL,60123-2319,Proprietary  ,0,0,0,24,64,88
04172200,NORTHWESTERN INSTITUTE OF HEALTH AND TEC,IL,60640-4785,Private      ,14,84,98,263,958,1221
04174900,SKIN CARE AND SPA INSTITUTE             ,IL,60077-2200,Proprietary  ,3,35,38,16,156,172
04175000,UNIVERSAL SPA TRAINING ACADEMY          ,IL,60515-0000,Proprietary  ,2,14,16,17,101,118
04175800,J RENEE CAREER FACILITATION             ,IL,60014-7986,Proprietary  ,1,23,24,18,149,167
04179100,PCCTI  IT & HEALTHCARE                  ,IL,60523-0000,Proprietary  ,6,115,121,6,115,121
04186000,CHICAGO SCHOOL FOR PIANO TECHNOLOGY (THE,IL,60612-1630,Private      ,4,13,17,30,79,109
04187400,COSMETOLOGY CONCEPTS                    ,IL,60452-2501,Proprietary  ,14,48,62,105,249,354
04189200,SALON PROFESSIONAL ACADEMY (THE)        ,IL,60404-8789,Proprietary  ,12,10,22,44,71,115
04189400,SHEAR LEARNING ACADEMY OF COSMETOLOGY   ,IL,62523-1208,Proprietary  ,1,8,9,22,75,97
04189600,STATE CAREER SCHOOL                     ,IL,60085-5129,Proprietary  ,5,35,40,38,177,215
04192000,CURVE METRIC SCHOOL OF HAIR DESIGN      ,IL,60707-1118,Proprietary  ,0,8,8,7,22,29
00195100,ALICE LLOYD COLLEGE                     ,KY,41844-9703,Private      ,40,16,56,1201,256,1457
00195200,ASBURY COLLEGE                          ,KY,40390-1198,Private      ,47,50,97,1765,776,2541
00195300,ASBURY THEOLOGICAL SEMINARY             ,KY,40390-0000,Private      ,1,81,82,29,1454,1483
00195400,BELLARMINE UNIVERSITY                   ,KY,40205-1877,Private      ,158,208,366,5170,2508,7678
00195500,BEREA COLLEGE                           ,KY,40403-0000,Private      ,131,59,190,3551,1026,4577
00195800,BRESCIA UNIVERSITY                      ,KY,42301-3023,Private      ,44,79,123,1070,897,1967
00195900,CAMPBELLSVILLE UNIVERSITY               ,KY,42718-2799,Private      ,122,174,296,2934,2135,5069
00196000,SPALDING UNIVERSITY                     ,KY,40203-2188,Private      ,65,215,280,1387,3628,5015
00196100,CENTRE COLLEGE                          ,KY,40422-1394,Private      ,78,22,100,2678,182,2860
00196200,UNIVERSITY OF THE CUMBERLANDS           ,KY,40769-1372,Private      ,83,299,382,3021,2959,5980
00196300,EASTERN KENTUCKY UNIVERSITY             ,KY,40475-3102,Public       ,459,872,1331,14626,11753,26379
00196400,GEORGETOWN COLLEGE                      ,KY,40324-1628,Private      ,62,89,151,2483,872,3355
00196500,KENTUCKY CHRISTIAN UNIVERSITY           ,KY,41143-2205,Private      ,29,19,48,966,274,1240
00196800,KENTUCKY STATE UNIVERSITY               ,KY,40601-2355,Public       ,133,162,295,3497,2392,5889
00196900,KENTUCKY WESLEYAN COLLEGE               ,KY,42301-6057,Private      ,43,47,90,1221,462,1683
00197100,LEXINGTON THEOLOGICAL SEMINARY          ,KY,40508-0000,Private      ,0,12,12,9,114,123
00197200,LINDSEY WILSON COLLEGE                  ,KY,42728-1223,Private      ,73,141,214,3342,2066,5408
00197400,LOUISVILLE PRESBYTERIAN THEOL SEM       ,KY,40205-0000,Private      ,1,12,13,17,211,228
00197500,MIDWAY COLLEGE                          ,KY,40347-1120,Private      ,24,152,176,769,2513,3282
00197600,MOREHEAD STATE UNIVERSITY               ,KY,40351-1689,Public       ,258,394,652,8509,6261,14770
00197700,MURRAY STATE UNIVERSITY                 ,KY,42071-0009,Public       ,289,376,665,8411,5042,13453
00197900,WEST KENTUCKY CMNTY & TECHNICAL COLG    ,KY,42002-7380,Public       ,169,646,815,2256,4953,7209
00198000,UNIVERSITY OF PIKEVILLE                 ,KY,41501-1194,Private      ,75,78,153,2419,1425,3844
00198300,ST. CATHARINE COLLEGE                   ,KY,40061-9499,Private      ,28,38,66,948,542,1490
00198700,TRANSYLVANIA UNIVERSITY                 ,KY,40508-1797,Private      ,67,51,118,2217,402,2619
00198800,UNION COLLEGE                           ,KY,40906-1499,Private      ,40,85,125,1419,1125,2544
00198900,UNIVERSITY OF KENTUCKY                  ,KY,40506-0054,Public       ,798,695,1493,25483,11850,37333
00198901,UNIV OF KY-COLLEGE OF DENTISTRY         ,KY,40536-0000,Public       ,5,13,18,62,312,374
00198902,UNIV OF KY-COLLEGE OF MEDICINE          ,KY,40536-0000,Public       ,12,21,33,142,730,872
00199000,ASHLAND COMMUNITY AND TECHNICAL COLLEGE ,KY,41101-3683,Public       ,114,377,491,1677,3378,5055
00199100,ELIZABETHTOWN COMMUNITY  AND TECHNICAL C,KY,42701-3081,Public       ,199,672,871,2848,6521,9369
00199300,HENDERSON COMMUNITY COLLEGE             ,KY,42420-4699,Public       ,52,214,266,636,1656,2292
00199400,HOPKINSVILLE COMMUNITY COLLEGE          ,KY,42241-2621,Public       ,109,513,622,1364,4823,6187
00199600,BIG SANDY COMMUNITY AND TECHNICAL COLG  ,KY,41653-1815,Public       ,128,456,584,2298,3405,5703
00199700,SOMERSET COMMUNITY COLLEGE              ,KY,42501-2973,Public       ,185,894,1079,3527,8521,12048
00199800,SOUTHEAST KENTUCKY COMMUNITY AND TECHNIC,KY,40823-1099,Public       ,60,237,297,1409,2354,3763
00199900,UNIVERSITY OF LOUISVILLE                ,KY,40292-0000,Public       ,569,903,1472,16913,14917,31830
00200100,THOMAS MORE COLLEGE                     ,KY,41017-3495,Private      ,35,106,141,1560,920,2480
00200200,WESTERN KENTUCKY UNIVERSITY             ,KY,42101-3576,Public       ,618,822,1440,18131,11491,29622
00461800,SPENCERIAN COLLEGE                      ,KY,40216-2605,Proprietary  ,53,232,285,809,2302,3111
00461900,SULLIVAN UNIVERSITY                     ,KY,40205-3000,Proprietary  ,179,700,879,2413,7238,9651
00493402,DAYMAR COLLEGE - BOWLING GREEN          ,KY,42101-4063,Proprietary  ,19,67,86,46,249,295
00493403,DAYMAR COLLEGE - CLINTON                ,KY,42031-9998,Proprietary  ,0,7,7,1,17,18
00493406,DAYMAR COLLEGE - RUSSELLVILLE           ,KY,42276-1622,Proprietary  ,2,19,21,6,53,59
00524400,BLUEGRASS COMMUNITY & TECHNICAL COLLEGE ,KY,40506-0235,Public       ,395,1278,1673,6666,12793,19459
00527100,BOWLING GREEN TECHNICAL COLLEGE         ,KY,42101-3601,Public       ,164,528,692,1948,4507,6455
00527300,GATEWAY COMMUNITY & TECHNOLOGY COLL     ,KY,41011-0000,Public       ,118,515,633,1663,5032,6695
00696000,MAYSVILLE CMNTY & TECHNCL COLG          ,KY,41056-8910,Public       ,80,411,491,1331,3425,4756
00696100,JEFFERSON COMMUNITY AND TECHNICAL COLLEG,KY,40202-2005,Public       ,524,1834,2358,7756,16722,24478
00696200,HAZARD COMMUNITY COLLEGE                ,KY,41701-2402,Public       ,71,368,439,1591,2880,4471
00696203,KY TECH-KNOTT CO. TECHNOLOGY CTR        ,KY,41822-0000,Public       ,1,4,5,17,26,43
00696204,KY TECH-LESLIE COUNTY AREA TECH CTR     ,KY,41749-0000,Public       ,1,3,4,8,19,27
00696205,KY TECH-LEE COUNTY AREA TECH CTR        ,KY,41311-0000,Public       ,0,5,5,4,19,23
00696206,KY TECH-LETCHER CNTY AREA TECH CTR      ,KY,41858-0000,Public       ,4,18,22,37,73,110
00696207,KY TECH-BREATHITT COUNTY VOC ED CTR     ,KY,41339-0000,Public       ,3,9,12,37,97,134
00736205,MEDTECH COLLEGE - LEXINGTON             ,KY,40511-1200,Proprietary  ,21,140,161,129,913,1042
00842500,DAYMAR COLLEGE                          ,KY,42001-0000,Proprietary  ,5,65,70,73,520,593
00901000,MADISONVILLE COMMUNITY COLLEGE          ,KY,42431-9199,Public       ,88,360,448,1267,2817,4084
00927500,NORTHERN KENTUCKY UNIVERSITY            ,KY,41099-0001,Public       ,309,570,879,11119,8647,19766
00931300,DAYMAR COLLEGE                          ,KY,42301-5830,Proprietary  ,19,163,182,238,2083,2321
00931302,DAYMAR COLLEGE - LOUISVILLE             ,KY,40219-1973,Proprietary  ,13,72,85,17,153,170
00931304,DAYMAR COLLEGE - ALBANY                 ,KY,42602-1235,Proprietary  ,1,6,7,1,13,14
00931305,DAYMAR COLLEGE - BELLEVUE               ,KY,41073-2416,Proprietary  ,1,14,15,8,51,59
00931308,DAYMAR COLLEGE -  SCOTTSVILLE           ,KY,42164-1505,Proprietary  ,0,6,6,6,36,42
00931309,DAYMAR COLLEGE - LOUISVILLE EAST        ,KY,40245-1629,Proprietary  ,8,59,67,35,272,307
00931310,DAYMAR COLLEGE -  MADISONVILLE          ,KY,42431-0000,Proprietary  ,1,23,24,12,74,86
01042400,SALON PROFESSIONAL ACADEMY THE          ,KY,40502-1776,Proprietary  ,11,43,54,105,301,406
01048901,NATIONAL COLLEGE - FLORENCE CAMPUS      ,KY,41042-1812,Proprietary  ,8,32,40,45,334,379
01048902,NATIONAL COLLEGE - PIKEVILLE CAMPUS     ,KY,41501-1518,Proprietary  ,7,54,61,176,522,698
01048903,NATIONAL COLLEGE - DANVILLE CAMPUS      ,KY,40422-1517,Proprietary  ,6,47,53,65,460,525
01048904,NATIONAL COLLEGE - RICHMOND CAMPUS      ,KY,40475-2309,Proprietary  ,9,61,70,94,589,683
01048906,NATIONAL COLLEGE - LOUISVILLE CAMPUS    ,KY,40216-4147,Proprietary  ,14,113,127,159,1095,1254
01048907,NATIONAL COLLEGE - LEXINGTON CAMPUS     ,KY,40509-2256,Proprietary  ,15,123,138,131,1020,1151
01172500,COLLINS SCHOOL OF COSMETOLOGY           ,KY,40965-2809,Proprietary  ,3,21,24,37,119,156
01208800,SULLIVAN COLLEGE OF TECHNOLOGY AND DESIG,KY,40218-4528,Proprietary  ,47,141,188,604,1118,1722
01212801,SOUTHWESTERN COLLEGE                    ,KY,41042-1466,Proprietary  ,6,63,69,91,483,574
01272300,KY TECH-WAYNE COUNTY AREA TECH CTR      ,KY,42633-1088,Public       ,1,3,4,2,15,17
01291400,EMPIRE BEAUTY SCHOOL                    ,KY,40218-0000,Proprietary  ,14,45,59,150,419,569
01291500,EMPIRE BEAUTY SCHOOL                    ,KY,41042-5113,Proprietary  ,10,30,40,87,264,351
01291600,EMPIRE BEAUTY SCHOOL                    ,KY,40216-4212,Proprietary  ,10,23,33,71,246,317
01291700,EMPIRE BEAUTY SCHOOL                    ,KY,40160-0000,Proprietary  ,8,19,27,100,224,324
01296800,EMPIRE BEAUTY SCHOOL                    ,KY,40207-2695,Proprietary  ,9,27,36,81,204,285
02159100,"APPALACHIAN BEAUTY SCHOOL, INC.         ",KY,41503-0000,Proprietary  ,3,8,11,30,48,78
02177100,EMPIRE BEAUTY SCHOOL                    ,KY,40204-0000,Proprietary  ,12,31,43,99,281,380
02251500,TREND SETTERS ACAD OF BEAUTY CULT       ,KY,40258-0000,Proprietary  ,15,36,51,79,309,388
02275000,JENNY LEA ACADEMY OF COSMETOLOGY        ,KY,40831-0000,Proprietary  ,12,43,55,81,256,337
02284306,INTERACTIVE LEARNING SYSTEMS            ,KY,41042-0000,Proprietary  ,5,30,35,20,122,142
02323700,PAT WILSON'S BEAUTY COLLEGE             ,KY,42420-0000,Proprietary  ,2,17,19,11,76,87
02337200,PJ'S COLLEGE OF COSMETOLOGY             ,KY,42101-0000,Proprietary  ,22,70,92,147,558,705
02340800,PAUL MITCHELL THE SCHOOL LEXINGTON      ,KY,40514-1545,Proprietary  ,19,50,69,225,405,630
02351700,PAUL MITCHELL THE SCHOOL - LOUISVILLE   ,KY,40222-0000,Proprietary  ,16,37,53,227,372,599
02491100,BECKFIELD COLLEGE                       ,KY,41042-0000,Proprietary  ,28,230,258,327,2335,2662
02518900,BARRETT & COMPANY SCH HAIR DESIGN       ,KY,40356-0000,Proprietary  ,2,19,21,53,179,232
02526100,JENNY LEA ACADEMY OF COSMETOLOGY        ,KY,41858-0000,Proprietary  ,1,13,14,23,68,91
02535600,CLEAR CREEK BAPTIST BIBLE COLLEGE       ,KY,40977-0000,Private      ,1,13,14,55,167,222
02551100,PJ'S COLLEGE OF COSMETOLOGY             ,KY,42141-2434,Proprietary  ,2,17,19,42,120,162
02560800,SOUTHEAST SCHOOL OF COSMETOLOGY         ,KY,40962-0000,Proprietary  ,4,16,20,28,96,124
02576200,MID-CONTINENT UNIVERSITY                ,KY,42066-9007,Private      ,21,252,273,484,3879,4363
03002100,KENTUCKY MOUNTAIN BIBLE COLLEGE         ,KY,41385-0010,Private      ,3,3,6,70,44,114
03007000,FRONTIER SCH OF MIDWIFERY&FAMILY NU     ,KY,41749-0000,Private      ,1,264,265,9,1873,1882
03026200,HEAD'S WEST KENTUCKY BEAUTY COLLEGE     ,KY,42431-0000,Proprietary  ,1,13,14,17,83,100
03029200,NU-TEK ACADEMY OF BEAUTY                ,KY,40353-9767,Proprietary  ,3,8,11,36,61,97
03034500,OWENSBORO COMMUNITY & TECHNICAL COLLEGE ,KY,42303-1899,Public       ,117,440,557,1767,3508,5275
03083700,GALEN HEALTH INSTITUTES                 ,KY,40207-1047,Proprietary  ,94,546,640,906,5461,6367
03103500,MR JIM'S BEAUTY COLLEGE                 ,KY,42301-2646,Proprietary  ,3,11,14,21,69,90
03516500,EZELL'S COSMETOLOGY SCHOOL              ,KY,42071-2530,Proprietary  ,3,11,14,47,72,119
03611300,BRIGHTON CENTER'S CENTER FOR EMPLOY     ,KY,41071-1968,Private      ,3,37,40,11,106,117
03804300,BELLEFONTE ACADEMY OF BEAUTY            ,KY,41169-2015,Proprietary  ,3,34,37,30,198,228
03885300,EMPLOYMENT SOLUTIONS                    ,KY,40517-3260,Private      ,5,87,92,68,503,571
03886300,REGENCY SCHOOL OF HAIR DESIGN           ,KY,41653-1278,Proprietary  ,1,16,17,31,108,139
04038300,ATA CAREER EDUCATION                    ,KY,40223-3832,Proprietary  ,23,139,162,260,1402,1662
04051316,ART INSTITUTE OF PHOENIX (THE) - ATS - (,KY,41017-2136,Proprietary  ,24,86,110,189,830,1019
04051319,ART INSTITUTE OF PHOENIX (THE) - BROWN M,KY,40219-1916,Proprietary  ,21,63,84,240,707,947
04051320,ART INSTITUTE OF PHOENIX (THE) - BROWN M,KY,42240-3579,Proprietary  ,6,27,33,49,292,341
04123900,LEXINGTON HEALING ARTS ACADEMY          ,KY,40503-1932,Proprietary  ,10,47,57,61,259,320
04177600,LINDSEY INSTITUTE OF COSMETOLOGY        ,KY,42103-8036,Proprietary  ,9,19,28,100,177,277
04177700,TRI-STATE INSTITUTE OF HAIR DESIGN      ,KY,40744-5234,Proprietary  ,5,18,23,31,128,159
04178000,SIMMONS COLLEGE OF KENTUCKY             ,KY,40203-3322,Private      ,4,15,19,40,189,229
00200300,CENTENARY COLLEGE OF LOUISIANA          ,LA,71104-3396,Private      ,50,52,102,1250,474,1724
00200400,DILLARD UNIVERSITY                      ,LA,70122-3097,Private      ,109,160,269,3279,1728,5007
00200500,NICHOLLS STATE UNIVERSITY               ,LA,70310-0001,Public       ,175,266,441,6223,3124,9347
00200600,GRAMBLING STATE UNIVERSITY              ,LA,71245-2215,Public       ,248,322,570,7170,4518,11688
00200700,LOUISIANA COLLEGE                       ,LA,71359-0000,Private      ,45,41,86,1468,910,2378
00200800,LOUISIANA TECH UNIVERSITY               ,LA,71272-0001,Public       ,262,313,575,7888,3763,11651
00201000,LOUISIANA STATE UNIV & A&M COLG         ,LA,70803-5710,Public       ,970,656,1626,28373,10066,38439
00201100,LOUISIANA STATE UNIV-ALEXANDRIA         ,LA,71302-9121,Public       ,109,244,353,2015,2445,4460
00201200,LOUISIANA STATE UNIV-EUNICE             ,LA,70535-6726,Public       ,158,212,370,2541,2275,4816
00201300,LOUISIANA STATE UNIV-SHREVEPORT         ,LA,71115-2399,Public       ,162,386,548,3513,4193,7706
00201400,LA STATE UNIV HEALTH SCIENCES CTR       ,LA,70112-2223,Public       ,36,140,176,688,2898,3586
00201500,(THE) UNIVERSITY OF NEW ORLEANS         ,LA,70148-0001,Public       ,389,786,1175,7872,8865,16737
00201600,LOYOLA UNIVERSITY NEW ORLEANS           ,LA,70118-6195,Private      ,273,284,557,5650,3742,9392
00201700,MCNEESE STATE UNIVERSITY                ,LA,70609-4510,Public       ,276,448,724,6246,4512,10758
00201900,NEW ORLEANS BAPTIST THEOL SEMINARY      ,LA,70126-0000,Private      ,3,36,39,58,334,392
00202000,UNIVERSITY OF LOUISIANA AT MONROE       ,LA,71209-9001,Public       ,283,543,826,7123,5559,12682
00202100,NORTHWESTERN STATE UNIVERSITY           ,LA,71497-0001,Public       ,265,597,862,6756,6775,13531
00202200,NOTRE DAME SEMINARY                     ,LA,70118-0000,Private      ,2,10,12,12,61,73
00202300,OUR LADY OF HOLY CROSS COLLEGE          ,LA,70131-7399,Private      ,39,123,162,736,1706,2442
00202400,SOUTHEASTERN LOUISIANA UNIV             ,LA,70402-0001,Public       ,416,577,993,12455,6863,19318
00202500,SOUTHERN UNIVERSITY A & M COLLEGE       ,LA,70813-9374,Public       ,295,534,829,7557,7906,15463
00202600,SOUTHERN UNIV NEW ORLEANS               ,LA,70126-0002,Public       ,148,427,575,2685,5683,8368
00202700,ST JOSEPH SEMINARY COLLEGE              ,LA,70457-9990,Private      ,4,0,4,48,16,64
00202900,TULANE UNIVERSITY                       ,LA,70118-5698,Private      ,493,507,1000,12859,8581,21440
00203100,UNIV OF LOUISIANA AT LAFAYETTE          ,LA,70504-0001,Public       ,531,549,1080,15419,6648,22067
00203200,XAVIER UNIVERSITY OF LOUISIANA          ,LA,70125-1098,Private      ,183,160,343,5879,2444,8323
00462100,AYERS CAREER COLLEGE                    ,LA,71108-5845,Proprietary  ,14,93,107,88,485,573
00462500,DELGADO COMMUNITY COLLEGE               ,LA,70119-0000,Public       ,759,2233,2992,9971,20537,30508
00546700,SOWELA TECHNICAL COMMUNITY COLLEGE      ,LA,70616-6950,Public       ,157,365,522,1352,2140,3492
00546702,SOWELA TECHNICAL COMMUNITY COLLEGE - MOR,LA,70546-1327,Public       ,11,25,36,71,145,216
00547100,NORTHEAST LOUISIANA TECHNICAL COLLEGE   ,LA,71292-9064,Public       ,38,133,171,352,958,1310
00547101,NORTHEAST LOUISIANA TECHNICAL COLLEGE   ,LA,71241-0000,Public       ,2,9,11,14,67,81
00547102,NORTHEAST LOUISIANA TECHNICAL COLLEGE   ,LA,71270-0000,Public       ,15,59,74,192,385,577
00547103,NORTHEAST LOUISIANA TECHNICAL COLLEGE   ,LA,71295-0000,Public       ,7,28,35,83,252,335
00547104,NORTHEAST LOUISIANA TECHNICAL COLLEGE   ,LA,71220-0000,Public       ,9,28,37,82,234,316
00548800,LOUISIANA TECH COLG-BATON ROUGE         ,LA,70807-0000,Public       ,49,211,260,685,1546,2231
00548812,LOUISIANA TECH COLG-FOLKES CAMPUS       ,LA,70748-0000,Public       ,8,7,15,42,59,101
00548817,LOUISIANA TEC CLG-JUMONVILLE MEM CP     ,LA,70760-0000,Public       ,6,10,16,34,109,143
00548842,LOUISIANA TECHNICAL COLLEGE - WESTSIDE C,LA,70765-0733,Public       ,2,9,11,23,86,109
00548900,CENTRAL LOUISIANA TECHNICAL COLLEGE     ,LA,71302-3137,Public       ,29,96,125,246,812,1058
00548901,CENTRAL LOUISIANA TECHNICAL COLLEGE     ,LA,71327-3743,Public       ,8,16,24,78,155,233
00548902,CENTRAL LOUISIANA TECHNICAL COLLEGE     ,LA,71483-3563,Public       ,8,29,37,93,249,342
00548903,CENTRAL LOUISIANA TECHNICAL COLLEGE     ,LA,71302-6511,Public       ,9,70,79,77,398,475
00548904,CENTRAL LOUISIANA TECHNICAL COLLEGE     ,LA,71463-3536,Public       ,2,28,30,74,172,246
00548905,CENTRAL LOUISIANA TECHNICAL COLLEGE     ,LA,71334-2232,Public       ,13,36,49,100,271,371
00552600,SOUTH CENTRAL LOUISIANA TECHNICAL COLG  ,LA,70381-2148,Public       ,18,52,70,172,424,596
00552602,SOUTH CENTRAL LOUISIANA TECHNICAL COLG  ,LA,70302-4336,Public       ,16,39,55,163,306,469
00552603,SOUTH CENTRAL LOUISIANA TECHNICAL COLG  ,LA,70084-6632,Public       ,26,83,109,366,683,1049
00576100,L. E. FLETCHER TECHNICAL COMMUNITY COLLE,LA,70360-2863,Public       ,84,145,229,1102,1618,2720
00675600,NORTHSHORE TECHNICAL COLLEGE            ,LA,70427-5866,Public       ,20,83,103,281,832,1113
00675603,NORTHSHORE TECHNICAL COLLEGE - HAMMOND  ,LA,70401-0000,Public       ,42,126,168,504,973,1477
00675604,NORTHSHORE TECHNICAL COLLEGE - FLORIDA  ,LA,70441-0000,Public       ,18,44,62,209,401,610
00768600,SOUTHERN UNIV AT SHREVEPORT/BOSSIER     ,LA,71107-4795,Public       ,96,362,458,1681,3842,5523
00777707,REMINGTON COLLEGE - CLEVELAND CAMPUS - L,LA,70508-5760,Private      ,13,34,47,172,297,469
00777708,REMINGTON COLLEGE - CLEVELAND CAMPUS - B,LA,70816-4040,Private      ,38,81,119,305,662,967
00806700,LSU HEALTH SCIENCES CENTR-SHREVEPOR     ,LA,71130-3932,Public       ,21,54,75,368,1266,1634
00989800,DEMMON SCHOOL OF BEAUTY                 ,LA,70607-2128,Proprietary  ,2,18,20,41,123,164
00997500,NORTHWEST LOUISIANA TECHNICAL COLLEGE   ,LA,71055-2422,Public       ,22,72,94,224,553,777
00997503,NORTHWEST LOUISIANA TECHNICAL COLLEGE   ,LA,71137-8527,Public       ,51,195,246,377,1389,1766
00997504,NORTHWEST LOUISIANA TECHNICAL COLLEGE   ,LA,71052-1236,Public       ,8,29,37,59,185,244
00997505,NORTHWEST LOUISIANA TECHNICAL COLLEGE   ,LA,71449-0790,Public       ,4,19,23,36,162,198
00997506,NORTHWEST LOUISIANA TECHNICAL COLLEGE   ,LA,71458-0657,Public       ,29,50,79,231,420,651
01005701,AMERICAN COMMERCIAL COLLEGE             ,LA,71105-2502,Proprietary  ,3,24,27,31,232,263
01109700,CLOYD'S BEAUTY SCHOOL #1                ,LA,71291-3131,Proprietary  ,8,30,38,64,203,267
01163100,"D-JAY'S SCHL OF BEAUTY, ARTS & SCI      ",LA,70806-0000,Proprietary  ,6,29,35,60,207,267
01184100,JOHN JAY BEAUTY COLLEGE                 ,LA,70124-2592,Proprietary  ,20,30,50,120,294,414
01282300,PAT GOINS RUSTON BEAUTY SCHOOL          ,LA,71270-4301,Proprietary  ,0,10,10,41,63,104
01287900,PAT GOINS BENTON ROAD BEAUTY SCHOOL     ,LA,71111-4838,Proprietary  ,4,23,27,41,84,125
01288000,PAT GOINS BEAUTY SCHOOL                 ,LA,71201-5167,Proprietary  ,3,11,14,26,78,104
02055400,BOSSIER PARISH COMMUNITY COLLEGE        ,LA,71111-0000,Public       ,231,768,999,3760,6346,10106
02055500,DELTA SCH OF BUSINESS & TECHNOLOGY      ,LA,70601-0000,Proprietary  ,16,73,89,134,521,655
02117800,AVEDA INSTITUTE LAFAYETTE               ,LA,70503-3246,Proprietary  ,15,35,50,156,229,385
02166100,NUNEZ COMMUNITY COLLEGE                 ,LA,70043-0000,Public       ,55,232,287,836,2031,2867
02166200,ITI TECHNICAL COLLEGE                   ,LA,70817-0000,Proprietary  ,90,192,282,572,998,1570
02197500,BATON ROUGE SCHOOL OF COMPUTERS         ,LA,70809-8188,Proprietary  ,9,21,30,83,168,251
02214800,ACADIANA TECHNICAL COLLEGE              ,LA,70506-4109,Public       ,51,151,202,778,1422,2200
02214802,ACADIANA TECHNICAL COLLEGE - ACADIAN    ,LA,70526-4109,Public       ,9,38,47,132,276,408
02214803,ACADIANA TECHNICAL COLLEGE - C.B. COREIL,LA,70586-0000,Public       ,17,25,42,132,209,341
02214804,ACADIANA TECHNICAL COLLEGE - EVANGELINE ,LA,70582-0000,Public       ,8,31,39,89,243,332
02214805,ACADIANA TECHNICAL COLLEGE - GULF AREA  ,LA,70510-0000,Public       ,14,40,54,175,355,530
02214806,ACADIANA TECHNICAL COLLEGE - T.H. HARRIS,LA,70570-0000,Public       ,36,71,107,389,679,1068
02214807,ACADIANA TECHNICAL COLLEGE - TECHE AREA ,LA,70562-0000,Public       ,23,54,77,246,476,722
02234000,CAMERON COLLEGE                         ,LA,70119-0000,Proprietary  ,20,87,107,130,467,597
02258400,AVEDA INSTITUTE BATON ROUGE             ,LA,70816-2246,Proprietary  ,31,55,86,240,400,640
02260200,DIESEL DRIVING ACADEMY                  ,LA,71109-5617,Proprietary  ,14,114,128,63,471,534
02265600,JOHN JAY KENNER ACADEMY                 ,LA,70062-0000,Proprietary  ,4,17,21,42,120,162
02269300,STEVENSON'S ACADEMY OF HAIR DESIGN      ,LA,70116-0000,Proprietary  ,16,47,63,105,291,396
02327800,PINEVILLE BEAUTY SCHOOL                 ,LA,71360-0000,Proprietary  ,9,16,25,72,102,174
02335700,BATON ROUGE GENERAL MEDICAL CENTER      ,LA,70806-3889,Private      ,9,40,49,118,264,382
02335701,BATON ROUGE GEN MED CTR SCH NSG         ,LA,70821-0000,Private      ,5,53,58,100,360,460
02335702,BATON ROUGE GEN MED CTR-RAD TECH        ,LA,70806-0000,Private      ,4,28,32,79,183,262
02338000,"CLOYD'S BEAUTY SCHOOL #2, INC           ",LA,71202-3539,Proprietary  ,8,23,31,68,179,247
02352500,"CLOYD'S BEAUTY SCHOOL #3, INC           ",LA,71201-3211,Proprietary  ,7,27,34,62,185,247
02358600,"STAGE ONE THE HAIR SCHOOL, INC.         ",LA,70605-0000,Proprietary  ,10,33,43,89,188,277
02518300,SOUTH LOUISIANA BEAUTY COLLEGE          ,LA,70363-0000,Proprietary  ,2,19,21,24,107,131
02536400,LOUISIANA ACADEMY OF BEAUTY             ,LA,70535-0000,Proprietary  ,2,10,12,40,79,119
02538300,DELTA COLLEGE OF ARTS & TECH INC        ,LA,70806-1529,Proprietary  ,41,130,171,258,909,1167
02538301,DELTA COLLEGE OF ARTS & TECHNOLOGY - LAF,LA,70508-6831,Proprietary  ,13,57,70,137,423,560
02548500,COSMETOLOGY TRAINING CENTER             ,LA,70503-0000,Proprietary  ,33,30,63,110,127,237
02554800,VANGUARD COLLEGE OF COSMETOLOGY         ,LA,70458-8823,Proprietary  ,27,40,67,211,271,482
02582200,"GUY'S ACADEMY HAIR, SKIN & NAILS        ",LA,71105-2404,Proprietary  ,8,36,44,69,247,316
02600900,AVEDA INSTITUTE                         ,LA,70433-2922,Proprietary  ,197,324,521,1119,1961,3080
02601000,AMERICAN SCHOOL OF BUSINESS             ,LA,71105-5646,Proprietary  ,6,43,49,46,209,255
02601100,OPELOUSAS SCHOOL OF COSMETOLOGY         ,LA,70570-6156,Proprietary  ,3,9,12,36,75,111
02606800,CAREER TRAINING SPECIALISTS             ,LA,71201-6046,Proprietary  ,30,118,148,335,1075,1410
02606801,CAREER TECHNICAL COLLEGE - SHREVEPORT   ,LA,71105-2405,Proprietary  ,30,104,134,248,887,1135
02617100,BATON ROUGE COLLEGE                     ,LA,70806-1725,Proprietary  ,14,55,69,198,365,563
02619200,DENHAM SPRINGS BEAUTY COLLEGE           ,LA,70726-3829,Proprietary  ,9,14,23,51,109,160
03010400,CRESCENT CITY SCH GAMING & BARTENDG     ,LA,70119-5507,Proprietary  ,22,168,190,130,837,967
03010624,VIRGINIA COLLEGE - BATON ROUGE          ,LA,70815-8604,Proprietary  ,20,60,80,172,627,799
03023500,CAMELOT CAREER COLLEGE                  ,LA,70805-7539,Proprietary  ,17,66,83,146,422,568
03030900,DIESEL DRIVING ACADEMY                  ,LA,70815-8109,Proprietary  ,22,132,154,86,598,684
03095100,GRETNA CAREER COLLEGE                   ,LA,70053-2436,Proprietary  ,3,12,15,67,252,319
03106200,OUR LADY OF THE LAKE COLLEGE            ,LA,70808-4345,Private      ,61,205,266,1196,2331,3527
03253300,JONESVILLE BEAUTY SCHOOL                ,LA,71343-0000,Proprietary  ,4,26,30,85,139,224
03294300,BLUE CLIFF SCH THERAPEUTIC MASSAGE      ,LA,70002-3458,Proprietary  ,57,239,296,390,1385,1775
03332600,DELTA COLLEGE                           ,LA,70433-9042,Proprietary  ,21,72,93,211,568,779
03332601,DELTA COLLEGE - SLIDELL                 ,LA,70460-2624,Proprietary  ,20,66,86,172,593,765
03356300,MEDICAL TRAINING COLLEGE                ,LA,70816-5820,Proprietary  ,33,71,104,201,503,704
03422500,BLUE CLIFF COLLEGE                      ,LA,71107-6520,Proprietary  ,41,172,213,305,1263,1568
03422600,BLUE CLIFF COLLEGE                      ,LA,70508-3858,Proprietary  ,45,169,214,332,1178,1510
03480300,MEDVANCE INSTITUTE                      ,LA,70809-1908,Proprietary  ,24,103,127,211,682,893
03498400,OMEGA INSTITUTE OF COSMETOLOGY          ,LA,70360-0000,Proprietary  ,1,9,10,59,94,153
03727500,MOORE CAREER COLLEGE                    ,LA,70808-4191,Proprietary  ,6,17,23,26,79,105
03730300,BATON ROUGE COMMUNITY COLLEGE           ,LA,78806-4129,Public       ,436,864,1300,6435,7676,14111
03752400,SCHOOL OF URBAN MISSIONS                ,LA,70053-0000,Private      ,13,24,37,180,318,498
03789300,UNITECH TRAINING ACADEMY                ,LA,70503-5132,Proprietary  ,18,101,119,169,486,655
03789301,UNITECH TRAINING ACADEMY - WEST MONROE  ,LA,71291-2913,Proprietary  ,15,79,94,90,427,517
03789302,UNITECH TRAINING ACADEMY - HOUMA        ,LA,70363-5556,Proprietary  ,9,35,44,61,219,280
03789303,UNITECH TRAINING ACADEMY -  ALEXANDRIA  ,LA,71303-3625,Proprietary  ,19,68,87,96,328,424
03789304,UNITECH TRAINING ACADEMY - LAKE CHARLES ,LA,70601-7887,Proprietary  ,22,72,94,122,379,501
03789400,RIVER PARISHES COMMUNITY COLLEGE        ,LA,70778-0310,Public       ,59,164,223,1057,1456,2513
03810500,COURT REPORTING INSTITUTE OF LOUISI     ,LA,70816-0000,Proprietary  ,3,17,20,15,130,145
03956300,SOUTH LOUISIANA COMMUNITY COLLEGE       ,LA,70506-0000,Public       ,211,364,575,2652,2819,5471
04040300,COMPASS CAREER COLLEGE                  ,LA,70403-0653,Proprietary  ,11,62,73,123,375,498
04112300,LOUISIANA CULINARY INSTITUTE            ,LA,70816-4109,Proprietary  ,42,55,97,309,400,709
04120700,ALDEN'S SCHOOL OF COSMETOLOGY           ,LA,70714-1502,Proprietary  ,1,4,5,16,51,67
04130100,LOUISIANA DELTA COMMUNITY COLLEGE       ,LA,71203-3618,Public       ,137,395,532,1897,3083,4980
04130101,LOUISIANA TECHNICAL COLG - TALLULAH     ,LA,71284-0000,Public       ,2,13,15,55,114,169
04149500,A & W HEALTHCARE EDUCATORS              ,LA,70122-3146,Proprietary  ,7,39,46,66,401,467
04151600,MY-LE'S BEAUTY COLLEGE                  ,LA,70056-3150,Proprietary  ,4,20,24,37,122,159
04217000,HEALTHCARE TRAINING INSTITUTE           ,LA,70062-7630,Proprietary  ,0,2,2,0,2,2
00143600,CAPITOL COLLEGE                         ,MD,20708-9759,Private      ,21,57,78,502,636,1138
00146200,WASHINGTON BIBLE COLLEGE                ,MD,20706-3599,Private      ,5,28,33,82,457,539
00205700,ALLEGANY COLLEGE OF MARYLAND            ,MD,21502-2596,Public       ,109,201,310,2769,2351,5120
00205800,ANNE ARUNDEL COMMUNITY COLLEGE          ,MD,21012-1895,Public       ,293,995,1288,5649,10057,15706
00206100,BALTIMORE CITY COMMUNITY COLLEGE        ,MD,21215-7893,Public       ,253,1086,1339,4475,11578,16053
00206200,BOWIE STATE UNIVERSITY                  ,MD,20715-9465,Public       ,296,445,741,8140,6606,14746
00206300,COMMUNITY COLLEGE OF BALTIMORE COUNTY   ,MD,21228-5381,Public       ,482,1615,2097,10648,19389,30037
00206400,COLLEGE OF SOUTHERN MARYLAND            ,MD,20646-0910,Public       ,272,662,934,3960,5719,9679
00206500,NOTRE DAME OF MARYLAND UNIVERSITY       ,MD,21210-2476,Private      ,49,180,229,1204,2373,3577
00206700,WASHINGTON ADVENTIST UNIVERSITY         ,MD,20912-7796,Private      ,32,92,124,1077,1476,2553
00206800,COPPIN STATE UNIVERSITY                 ,MD,21216-3698,Public       ,182,435,617,5088,6463,11551
00207100,FREDERICK COMMUNITY COLLEGE             ,MD,21702-9745,Public       ,133,400,533,2396,3340,5736
00207200,FROSTBURG STATE UNIVERSITY              ,MD,21532-1099,Public       ,189,128,317,7026,1995,9021
00207300,GOUCHER COLLEGE                         ,MD,21204-2794,Private      ,91,92,183,3488,1189,4677
00207400,HAGERSTOWN COMMUNITY COLLEGE            ,MD,21742-6514,Public       ,146,432,578,2162,3699,5861
00207500,HARFORD COMMUNITY COLLEGE               ,MD,21015-1696,Public       ,138,387,525,2512,3446,5958
00207600,HOOD COLLEGE                            ,MD,21701-8575,Private      ,61,101,162,2644,1114,3758
00207700,JOHNS HOPKINS UNIVERSITY                ,MD,21218-2693,Private      ,337,196,533,10091,2709,12800
00207702,JOHNS HOPKINS UNIV SCH ARTS/SCI/ENG     ,MD,21218-0000,Private      ,80,216,296,4158,2444,6602
00207703,JOHNS HOPKINS UNIV SCH OF BUS/ED        ,MD,21046-0000,Private      ,6,134,140,115,1743,1858
00207705,JOHNS HOPKINS BLOOMBERG SCH OF PH       ,MD,21205-0000,Private      ,3,70,73,74,1791,1865
00207706,JOHNS HOPKINS UNIV SCH OF MEDICINE      ,MD,21205-0000,Private      ,52,56,108,396,1382,1778
00207707,JOHNS HOPKINS UNIV SCH OF NURSING       ,MD,21205-0000,Private      ,34,129,163,464,1730,2194
00207708,JOHNS HOPKINS UNIV PEABODY CONSERV      ,MD,21202-2397,Private      ,22,14,36,672,547,1219
00207800,LOYOLA UNIVERSITY MARYLAND              ,MD,21210-2699,Private      ,265,232,497,9706,3206,12912
00208000,MARYLAND INST COLLEGE OF ART            ,MD,21217-4191,Private      ,122,72,194,3275,1222,4497
00208300,MORGAN STATE UNIVERSITY                 ,MD,21251-0002,Public       ,428,510,938,12659,8537,21196
00208600,MOUNT SAINT MARY'S UNIVERSITY           ,MD,21727-7799,Private      ,78,40,118,3713,547,4260
00208700,NER ISRAEL RABBINICAL COLLEGE           ,MD,21208-1198,Private      ,7,16,23,94,56,150
00208900,PRINCE GEORGES COMMUNITY COLLEGE        ,MD,20774-2199,Public       ,437,1369,1806,7762,13708,21470
00209100,SALISBURY UNIVERSITY                    ,MD,21801-6862,Public       ,377,200,577,12904,2822,15726
00209200,ST JOHN'S COLLEGE                       ,MD,21404-0000,Private      ,25,11,36,665,212,877
00209500,ST. MARY'S COLLEGE OF MARYLAND          ,MD,20686-3001,Public       ,66,32,98,2753,358,3111
00209600,ST MARY'S SEMINARY & UNIV               ,MD,21210-1994,Private      ,1,14,15,33,110,143
00209900,TOWSON UNIVERSITY                       ,MD,21252-0002,Public       ,820,628,1448,27612,10131,37743
00210200,UNIVERSITY OF BALTIMORE                 ,MD,21201-5779,Public       ,118,468,586,2334,8387,10721
00210300,"UNIVERSITY OF MARYLAND, COLLEGE PARK    ",MD,20742-5145,Public       ,1111,1165,2276,35486,16331,51817
00210400,"UNIVERSITY OF MARYLAND, BALTIMORE       ",MD,21201-1691,Public       ,284,729,1013,4921,12834,17755
00210500,UMBC                                    ,MD,21250-0002,Public       ,389,520,909,11733,6986,18719
00210600,UNIVERSITY MARYLAND EASTERN SHORE       ,MD,21853-4053,Public       ,206,136,342,6685,2799,9484
00210700,STEVENSON UNIVERSITY                    ,MD,21153-0641,Private      ,188,166,354,7124,2412,9536
00210800,WASHINGTON COLLEGE                      ,MD,21620-1197,Private      ,63,10,73,2948,154,3102
00210900,MCDANIEL COLLEGE                        ,MD,21157-4390,Private      ,89,75,164,3468,836,4304
00458612,KAPLAN COLLEGE                          ,MD,21742-2797,Proprietary  ,30,175,205,305,1654,1959
00458614,KAPLAN COLLEGE - FREDERICK              ,MD,21704-8307,Proprietary  ,7,67,74,69,445,514
00465000,CHESAPEAKE COLLEGE                      ,MD,21679-0008,Public       ,96,215,311,1456,1904,3360
00691100,MONTGOMERY COLLEGE                      ,MD,20850-1195,Public       ,628,1162,1790,12337,13333,25670
00734100,INTERNATIONAL BEAUTY SCHOOL             ,MD,21502-2370,Proprietary  ,8,68,76,70,467,537
00744700,DEL-MAR-VA BEAUTY ACADEMY               ,MD,21804-0000,Proprietary  ,12,33,45,80,194,274
00749100,TESST COLLEGE OF TECHNOLOGY             ,MD,21227-1063,Proprietary  ,52,229,281,455,1632,2087
00793600,LINCOLN TECHNICAL INSTITUTE             ,MD,21046-1544,Proprietary  ,69,181,250,612,1025,1637
00817500,HOWARD COMMUNITY COLLEGE                ,MD,21044-3197,Public       ,222,527,749,4093,5186,9279
00826300,AWARD BEAUTY SCHOOL                     ,MD,21740-5624,Proprietary  ,18,92,110,68,274,342
00830800,CECIL COLLEGE                           ,MD,21901-1999,Public       ,77,195,272,1324,1714,3038
00907906,EVEREST COLLEGE- EVEREST INSTITUTE      ,MD,20910-3737,Proprietary  ,44,157,201,300,969,1269
01001400,GARRETT COMMUNITY COLLEGE               ,MD,21541-1265,Public       ,26,34,60,1088,481,1569
01031900,MEDIX SCHOOL                            ,MD,21204-2538,Proprietary  ,99,324,423,711,2998,3709
01041000,TESST COLLEGE OF TECHNOLOGY             ,MD,21286-2201,Proprietary  ,30,122,152,225,706,931
01164400,UNIV OF MARYLAND UNIVERSITY COLLEGE     ,MD,20783-8078,Public       ,276,5071,5347,3402,41757,45159
01164402,U OF MD UNIVERSITY COLLEGE - EUROPE     ,MD,20832-0000,Public       ,24,135,159,390,957,1347
01164404,U OF MD UNIVERSITY COLLEGE - ASIA       ,MD,31207-0000,Public       ,17,155,172,89,1005,1094
02073900,WOR-WIC COMMUNITY COLLEGE               ,MD,21804-0000,Public       ,121,394,515,1892,3437,5329
02083600,TESST COLLEGE OF TECHNOLOGY             ,MD,20705-2698,Proprietary  ,28,95,123,232,758,990
02116005,SANFORD-BROWN INSTITUTE - LANDOVER      ,MD,20785-2287,Proprietary  ,8,59,67,142,724,866
02127900,SOJOURNER DOUGLASS COLLEGE              ,MD,21205-0000,Private      ,28,294,322,330,3618,3948
02155100,MARYLAND COLLEGE OF ART AND DESIGN      ,MD,20902-0000,Private      ,17,30,47,187,214,401
02269700,"COLORLAB ACADEMY OF HAIR, THE           ",MD,21014-3639,Proprietary  ,6,11,17,45,93,138
02314800,BALTIMORE INTERNATIONAL COLLEGE         ,MD,21202-0000,Private      ,0,0,0,73,126,199
02331000,MARYLAND BEAUTY ACADEMY OF ESSEX        ,MD,21221-0000,Proprietary  ,13,40,53,98,259,357
02333000,HAIR ACADEMY                            ,MD,20784-0000,Proprietary  ,56,114,170,200,489,689
02343800,MONTGOMERY BEAUTY SCHOOL                ,MD,20901-0000,Proprietary  ,13,53,66,101,300,401
02494700,BALTIMORE STUDIO OF HAIR DESIGN         ,MD,21201-0000,Proprietary  ,13,52,65,139,374,513
02495000,ROBERT PAUL ACAD COSMTGY ARTS & SCI     ,MD,21093-0000,Proprietary  ,6,6,12,75,96,171
02495100,MARYLAND BEAUTY ACADEMY                 ,MD,21136-0000,Proprietary  ,4,12,16,28,79,107
02545400,NORTH AMERICAN TRADE SCHOOLS            ,MD,21244-0069,Proprietary  ,36,245,281,244,1100,1344
02573800,"L' ACADEMIE DE CUISINE, INC.            ",MD,20877-0000,Proprietary  ,15,43,58,83,285,368
02578400,TAI SOPHIA INSTITUTE                    ,MD,20723-6010,Private      ,0,92,92,5,474,479
03027200,BLADES SCHOOL OF HAIR DESIGN            ,MD,20619-0226,Proprietary  ,5,22,27,31,135,166
03064900,AARON'S ACADEMY OF BEAUTY               ,MD,20602-2715,Proprietary  ,5,30,35,62,153,215
03097200,AESTHETICS INSTITUTE OF COSMETOLOGY     ,MD,20877-1305,Proprietary  ,4,26,30,32,146,178
03100700,CARROLL COMMUNITY COLLEGE               ,MD,21157-6913,Public       ,86,176,262,1425,1616,3041
03148300,AMERICAN BEAUTY ACADEMY                 ,MD,20902-1911,Proprietary  ,56,178,234,296,826,1122
03296300,BALTIMORE SCHOOL OF MASSAGE             ,MD,21090-2261,Proprietary  ,23,134,157,139,576,715
03327300,NEW CREATIONS ACADEMY OF HAIR DSN       ,MD,20746-0000,Proprietary  ,13,45,58,50,181,231
03455500,NATIONAL LABOR COLLEGE                  ,MD,20903-1790,Private      ,3,76,79,16,463,479
03493300,ALL-STATE CAREER SCHOOL                 ,MD,21224-6658,Proprietary  ,70,421,491,577,2589,3166
03667300,FAITH THEOLOGICAL SEMINARY              ,MD,21212-2624,Private      ,1,17,18,1,17,18
03771300,AMERICAN CAREER INSTITUTE               ,MD,20902-4637,Proprietary  ,113,446,559,600,2611,3211
03822400,MAPLE SPRINGS BAPTIST BIBLE COLLEGE & SE,MD,20743-5711,Private      ,0,6,6,2,58,60
03937300,YESHIVA COLLEGE OF THE NATION'S CAPITAL ,MD,20902-1700,Private      ,2,6,8,15,37,52
03965500,HAIR EXPRESSIONS ACADEMY                ,MD,20852-1729,Proprietary  ,11,35,46,65,211,276
04139700,FREDERICK SCHOOL OF COSMETOLOGY         ,MD,21701-0000,Proprietary  ,4,5,9,54,66,120
04141600,OMEGA STUDIOS' SCHOOL OF APPLIED RECORDI,MD,20852-1731,Proprietary  ,7,23,30,76,171,247
04151800,TEMPLE (THE): A PAUL MITCHELL PARTNER SC,MD,21701-5409,Proprietary  ,16,23,39,134,174,308
04168900,HOLISTIC MASSAGE TRAINING INSTITUTE     ,MD,21218-2407,Proprietary  ,6,27,33,26,185,211
04188400,BAIS HAMEDRASH AND MESIVTA OF BALTIMORE ,MD,21209-1613,Private      ,1,4,5,35,22,57
04204000,ASPEN BEAUTY ACADEMY - LAUREL           ,MD,20724-2013,Proprietary  ,8,33,41,54,181,235
04209600,INSTITUTE OF HEALTH SCIENCES            ,MD,21031-1408,Proprietary  ,1,4,5,1,4,5
04211700,HARMON'S BEAUTY SCHOOL                  ,MD,20785-2135,Proprietary  ,0,2,2,0,2,2
00211400,AMERICAN INTERNATIONAL COLLEGE          ,MA,01109-3189,Private      ,54,308,362,2106,3376,5482
00211500,AMHERST COLLEGE                         ,MA,01002-5000,Private      ,159,31,190,5096,415,5511
00211600,ANDOVER NEWTON THEOLOGICAL SCHOOL       ,MA,02459-0000,Private      ,0,5,5,1,199,200
00211700,ANNA MARIA COLLEGE                      ,MA,01612-1198,Private      ,46,86,132,1763,718,2481
00211800,ASSUMPTION COLLEGE                      ,MA,01615-1294,Private      ,124,81,205,4902,921,5823
00212000,MERRIMACK COLLEGE                       ,MA,01845-5800,Private      ,141,46,187,5560,570,6130
00212100,BABSON COLLEGE                          ,MA,02457-0310,Private      ,113,81,194,2872,851,3723
00212200,BAY PATH COLLEGE                        ,MA,01106-2212,Private      ,22,134,156,1025,2490,3515
00212300,BECKER COLLEGE-WORCESTER                ,MA,01615-0071,Private      ,105,106,211,3132,1303,4435
00212400,BENTLEY UNIVERSITY                      ,MA,02452-4705,Private      ,164,60,224,5978,940,6918
00212600,BERKLEE COLLEGE OF MUSIC                ,MA,02215-3693,Private      ,220,144,364,5329,1603,6932
00212800,BOSTON COLLEGE                          ,MA,02467-3800,Private      ,553,254,807,21540,6877,28417
00212900,BOSTON CONSERVATORY OF MUSIC            ,MA,02215-9830,Private      ,52,19,71,1262,391,1653
00213000,BOSTON UNIVERSITY                       ,MA,02215-1789,Private      ,1380,1022,2402,36326,20071,56397
00213300,BRANDEIS UNIVERSITY                     ,MA,02453-2700,Private      ,120,89,209,5658,1517,7175
00213900,CLARK UNIVERSITY                        ,MA,01610-1473,Private      ,119,65,184,3906,972,4878
00214000,ELMS COLLEGE                            ,MA,01013-2839,Private      ,23,48,71,1266,1078,2344
00214100,COLLEGE OF THE HOLY CROSS               ,MA,01610-2395,Private      ,141,21,162,6122,188,6310
00214300,CURRY COLLEGE                           ,MA,02186-2395,Private      ,128,132,260,5394,1575,6969
00214400,DEAN COLLEGE                            ,MA,02038-1994,Private      ,58,23,81,1958,375,2333
00214500,EASTERN NAZARENE COLLEGE                ,MA,02170-2999,Private      ,36,170,206,1011,730,1741
00214507,EASTERN NAZARENE CLG - LEAD PROGRAM     ,MA,02170-0000,Private      ,0,29,29,67,980,1047
00214600,EMERSON COLLEGE                         ,MA,02116-4624,Private      ,252,93,345,7563,1795,9358
00214700,EMMANUEL COLLEGE                        ,MA,02115-5798,Private      ,125,61,186,5871,668,6539
00214800,ENDICOTT COLLEGE                        ,MA,01915-2098,Private      ,141,97,238,4840,813,5653
00214900,EPISCOPAL DIVINITY SCHOOL               ,MA,02138-0000,Private      ,0,5,5,0,84,84
00215000,FISHER COLLEGE                          ,MA,02116-1500,Private      ,55,203,258,1673,1742,3415
00215100,BENJAMIN FRANKLIN INSTITUTE OF TECH     ,MA,02116-6296,Public       ,26,65,91,631,448,1079
00215300,GORDON COLLEGE                          ,MA,01984-1899,Private      ,43,17,60,2461,253,2714
00215400,HELLENIC COLLEGE                        ,MA,02445-7496,Private      ,1,3,4,89,132,221
00215500,HARVARD UNIVERSITY                      ,MA,02138-3800,Private      ,186,93,279,4728,1079,5807
00215501,AMRCN REPERTORY THTR INST ADV THTR      ,MA,02138-0000,Private      ,1,5,6,4,126,130
00215502,HARVARD BUSINESS SCHOOL                 ,MA,02163-0000,Private      ,25,107,132,248,1838,2086
00215503,HARVARD EXTENSION SCHOOL                ,MA,02138-0000,Private      ,14,172,186,177,1669,1846
00215504,HARVARD SCH OF DENTAL MEDICINE          ,MA,02115-0000,Private      ,1,4,5,31,215,246
00215505,HARVARD UNIV GRAD SCH DESIGN            ,MA,02138-0000,Private      ,0,27,27,8,1032,1040
00215506,HARVARD DIVINITY SCHOOL                 ,MA,02138-0000,Private      ,2,13,15,17,555,572
00215507,HARVARD UNIV GRAD SCH ED                ,MA,02138-0000,Private      ,1,43,44,16,1584,1600
00215508,HARVARD UNIV GRAD S OF ARTS & SCIEN     ,MA,02138-0000,Private      ,6,69,75,67,1037,1104
00215509,HARVARD KENNEDY SCHOOL                  ,MA,02138-0000,Private      ,0,48,48,9,1445,1454
00215510,HARVARD LAW SCHOOL                      ,MA,02138-0000,Private      ,20,78,98,149,3383,3532
00215511,HARVARD UNIV MEDICAL SCHOOL             ,MA,02115-0000,Private      ,37,32,69,232,1177,1409
00215512,HARVARD UNIV SCH PUBLIC HEALTH          ,MA,02115-0000,Private      ,6,31,37,48,976,1024
00215513,HARVARD UNIVERSITY-HARVARD COLLEGE      ,MA,02138-0000,Private      ,578,115,693,20039,1395,21434
00215700,HEBREW COLLEGE                          ,MA,02459-2237,Private      ,0,3,3,2,99,101
00215800,LASELL COLLEGE                          ,MA,02466-2716,Private      ,63,58,121,3457,519,3976
00216000,LESLEY UNIVERSITY                       ,MA,02138-2790,Private      ,91,394,485,3134,4278,7412
00216100,UMASS LOWELL                            ,MA,01854-3089,Public       ,416,515,931,13851,7028,20879
00216400,NEW ENGLAND COLLEGE OF OPTOMETRY        ,MA,02115-1129,Private      ,1,5,6,16,437,453
00216500,MASS. COLLEGE OF PHARMACY  & HEALTH SCIE,MA,02115-5804,Private      ,138,148,286,6036,4205,10241
00216700,BERKSHIRE COMMUNITY COLLEGE             ,MA,01201-5786,Public       ,59,160,219,1135,1736,2871
00216800,CAPE COD COMMUNITY COLLEGE              ,MA,02668-1599,Public       ,125,329,454,1856,2658,4514
00216900,GREENFIELD COMMUNITY COLLEGE            ,MA,01301-9739,Public       ,67,154,221,1010,1775,2785
00217000,HOLYOKE COMMUNITY COLLEGE               ,MA,01040-1099,Public       ,228,505,733,4231,5547,9778
00217100,MASSACHUSETTS BAY COMMUNITY COLLEGE     ,MA,02181-0000,Public       ,159,303,462,2588,3040,5628
00217200,MOUNT WACHUSETT COMMUNITY COLLEGE       ,MA,01440-1000,Public       ,143,390,533,2204,3805,6009
00217300,NORTH SHORE COMMUNITY COLLEGE           ,MA,01923-4093,Public       ,275,611,886,3807,5438,9245
00217400,NORTHERN ESSEX COMMUNITY COLLEGE        ,MA,01830-2399,Public       ,239,528,767,3490,5001,8491
00217500,QUINSIGAMOND COMMUNITY COLLEGE          ,MA,01606-2092,Public       ,276,665,941,4734,6652,11386
00217600,BRISTOL COMMUNITY COLLEGE               ,MA,02720-7399,Public       ,242,648,890,4712,6247,10959
00217700,MASSASOIT COMMUNITY COLLEGE             ,MA,02302-3996,Public       ,254,589,843,4005,5161,9166
00217800,MASSACHUSETTS INST OF TECHNOLOGY        ,MA,02139-4307,Private      ,489,364,853,12552,3737,16289
00218000,MASSACHUSETTS COLLEGE OF ART AND DESIGN ,MA,02115-5803,Public       ,91,71,162,2707,1098,3805
00218100,MASSACHUSETTS MARITIME ACADEMY          ,MA,02532-3400,Public       ,18,4,22,1504,178,1682
00218300,BRIDGEWATER STATE COLLEGE               ,MA,02325-0001,Public       ,377,331,708,12565,4329,16894
00218400,FITCHBURG STATE COLLEGE                 ,MA,01420-2697,Public       ,155,152,307,5974,1894,7868
00218500,FRAMINGHAM STATE COLLEGE                ,MA,01702-2471,Public       ,181,166,347,7558,1904,9462
00218700,MASSACHUSETTS CLG OF LIBERAL ARTS       ,MA,01247-4100,Public       ,44,58,102,2406,662,3068
00218800,SALEM STATE UNIVERSITY                  ,MA,01970-5353,Public       ,306,381,687,9525,4636,14161
00218900,WESTFIELD STATE COLLEGE                 ,MA,01086-1630,Public       ,193,169,362,8369,2165,10534
00219000,WORCESTER STATE COLLEGE                 ,MA,01602-2597,Public       ,185,231,416,6841,2904,9745
00219200,MOUNT HOLYOKE COLLEGE                   ,MA,01075-1492,Private      ,66,18,84,2977,371,3348
00219300,MOUNT IDA COLLEGE                       ,MA,02459-3323,Private      ,38,29,67,2154,469,2623
00219400,NEW ENGLAND CONSERVATORY OF MUSIC       ,MA,02115-5018,Private      ,37,22,59,795,637,1432
00219700,NICHOLS COLLEGE                         ,MA,01571-6346,Private      ,43,31,74,2107,463,2570
00219900,NORTHEASTERN UNIVERSITY                 ,MA,02115-5000,Private      ,1016,1139,2155,35629,13644,49273
00220100,PINE MANOR COLLEGE                      ,MA,02167-0000,Private      ,5,6,11,377,156,533
00220200,BLESSED JOHN XXIII NATIONAL SEMINARY    ,MA,02493-0000,Private      ,0,1,1,0,6,6
00220500,QUINCY COLLEGE                          ,MA,02169-4501,Public       ,133,447,580,1859,4193,6052
00220600,REGIS COLLEGE                           ,MA,02193-0000,Private      ,53,64,117,2157,1061,3218
00220800,SIMMONS COLLEGE                         ,MA,02115-5898,Private      ,86,248,334,3691,4091,7782
00220900,SMITH COLLEGE                           ,MA,01063-2936,Private      ,79,21,100,3698,510,4208
00220901,"SMITH COLLEGE, SCH FOR SOCIAL WORK      ",MA,01063-0000,Private      ,2,29,31,17,573,590
00221000,UNIV OF MASSACHUSETTS-DARTMOUTH         ,MA,02747-2300,Public       ,329,260,589,13324,4222,17546
00221100,SPRINGFIELD COLLEGE                     ,MA,01109-3797,Private      ,110,409,519,4254,4790,9044
00221400,ST JOHN'S SEMINARY                      ,MA,02135-8839,Private      ,0,10,10,14,55,69
00221700,STONEHILL COLLEGE                       ,MA,02357-6110,Private      ,176,21,197,6193,193,6386
00221800,SUFFOLK UNIVERSITY                      ,MA,02108-2770,Private      ,213,259,472,9914,5639,15553
00221900,TUFTS UNIVERSITY                        ,MA,02155-5808,Private      ,291,143,434,10700,2751,13451
00221901,TUFTS UNIV SCH OF DENTAL MEDICINE       ,MA,02111-0000,Private      ,2,16,18,43,1006,1049
00221902,TUFTS UNIVERSITY - CUMMINGS SCHOOL OF VE,MA,01536-0000,Private      ,3,5,8,34,538,572
00221904,TUFTS UNIV SCHOOL OF MEDICINE           ,MA,02111-0000,Private      ,10,56,66,110,2059,2169
00222100,UNIV OF MASSACHUSETTS-AMHERST           ,MA,01003-0000,Public       ,976,569,1545,41068,8891,49959
00222200,UNIV OF MASSACHUSETTS-BOSTON            ,MA,02125-3393,Public       ,524,1010,1534,13874,13165,27039
00222400,WELLESLEY COLLEGE                       ,MA,02481-8203,Private      ,125,14,139,3689,276,3965
00222500,WENTWORTH INSTITUTE OF TECHNOLOGY       ,MA,02115-5998,Private      ,130,78,208,5886,1067,6953
00222600,WESTERN NEW ENGLAND UNIVERSITY          ,MA,01119-2654,Private      ,133,101,234,6402,2050,8452
00222700,WHEATON COLLEGE                         ,MA,02766-2322,Private      ,73,13,86,2925,137,3062
00222800,WHEELOCK COLLEGE                        ,MA,02215-4176,Private      ,40,48,88,1784,959,2743
00222900,WILLIAMS COLLEGE                        ,MA,01267-2600,Private      ,91,11,102,4460,154,4614
00223300,WORCESTER POLYTECHNIC INSTITUTE         ,MA,01609-2280,Private      ,148,64,212,7361,733,8094
00396500,BAY STATE COLLEGE                       ,MA,02116-2901,Proprietary  ,85,157,242,1625,1490,3115
00396600,BOSTON ARCHITECTURAL COLLEGE            ,MA,02115-2795,Private      ,20,66,86,423,1013,1436
00466100,HAMPSHIRE COLLEGE                       ,MA,01002-3359,Private      ,86,23,109,2898,252,3150
00466600,SALTER COLLEGE                          ,MA,01583-1700,Proprietary  ,91,431,522,448,2317,2765
00466700,SCHOOL OF MUSEUM OF FINE ARTS           ,MA,02115-5534,Private      ,28,12,40,791,372,1163
00466900,UPPER CAPE COD REGIONAL VOC TECH        ,MA,02532-3310,Public       ,1,20,21,26,159,185
00527900,GREATER LOWELL REGNL VOC TECH SCH       ,MA,01879-0000,Public       ,2,17,19,32,122,154
00551900,DIMAN REGIONAL VOC TECH INST            ,MA,02723-3519,Public       ,2,11,13,39,191,230
00552300,BLUE HILLS REGIONAL VOC TECH            ,MA,02021-1398,Public       ,2,12,14,41,169,210
00555700,MCCANN TECHNICAL SCHOOL                 ,MA,01247-0000,Public       ,1,11,12,23,98,121
00613600,NATIONAL AVIATION ACADEMY - NEW ENGLAND ,MA,01730-2620,Proprietary  ,13,41,54,154,319,473
00632200,BROCKTON HOSPITAL SCH OF NURSING        ,MA,02302-0000,Private      ,10,31,41,157,670,827
00632400,LABOURE COLLEGE                         ,MA,02124-5698,Private      ,9,104,113,190,1016,1206
00633100,LAWRENCE MEM HOSPITAL SCH OF NRSNG      ,MA,02155-1643,Private      ,3,32,35,74,468,542
00635200,BAYSTATE MEDICAL CENTER                 ,MA,01199-0001,Private      ,3,18,21,38,142,180
00687300,MARIAN COURT COLLEGE                    ,MA,01907-2896,Private      ,6,9,15,133,99,232
00748100,GIBBS COLLEGE                           ,MA,02116-2904,Proprietary  ,12,25,37,95,334,429
00748400,NEWBURY COLLEGE                         ,MA,02445-5796,Private      ,66,30,96,2766,424,3190
00748600,THE NEW ENGLAND INSTITUTE OF ART        ,MA,02445-7295,Proprietary  ,107,64,171,1520,663,2183
00748800,KAPLAN CAREER INSTITUTE                 ,MA,02129-1644,Proprietary  ,3,26,29,106,430,536
00748801,KAPLAN CAREER INSTITUTE -               ,MA,02215-2606,Proprietary  ,9,35,44,76,303,379
00807800,SPRINGFIELD TECHNICAL COMMUNITY CLG     ,MA,01105-0000,Public       ,213,712,925,3839,6519,10358
00809002,EVEREST COLLEGE - EVEREST INSTITUTE     ,MA,02150-2333,Proprietary  ,28,87,115,168,496,664
00891600,NEW ENGLAND SCHOOL OF LAW               ,MA,02116-0000,Private      ,3,23,26,28,2274,2302
00964500,BARD COLLEGE AT SIMON'S ROCK            ,MA,01230-9702,Private      ,20,7,27,429,33,462
00974700,GORDON-CONWELL THEOLOGICAL SEMINARY     ,MA,01982-0000,Private      ,0,33,33,10,560,570
00975600,UNIVERSITY OF MASS MEDICAL CENTER       ,MA,01655-0000,Public       ,6,33,39,63,996,1059
00987700,HENRI'S SCHOOL OF HAIR DESIGN           ,MA,01420-5675,Proprietary  ,4,6,10,24,46,70
00989900,LOWELL ACADEMY HAIRSTYLING INST         ,MA,01852-1909,Proprietary  ,6,11,17,47,83,130
00993600,MIDDLESEX COMMUNITY COLLEGE             ,MA,01730-1197,Public       ,98,196,294,2040,2031,4071
00993602,"MIDDLESEX COMMUNITY COLLEGE, LOWELL     ",MA,01852-0000,Public       ,190,326,516,3162,3544,6706
01121000,BUNKER HILL COMMUNITY COLLEGE           ,MA,02129-2991,Public       ,527,1283,1810,6934,12019,18953
01151000,EVEREST INSTITUTE                       ,MA,02135-7638,Proprietary  ,16,68,84,122,448,570
01193000,ROXBURY COMMUNITY COLLEGE               ,MA,02120-3400,Public       ,86,373,459,1284,3664,4948
01204200,MANSFIELD BEAUTY SCHOOLS                ,MA,02169-5061,Proprietary  ,8,10,18,44,85,129
01206800,MANSFIELD BEAUTY SCHOOL                 ,MA,01103-1410,Proprietary  ,1,13,14,24,61,85
01218700,BLACKSTONE VALLEY VOCATIONAL REGIONAL SC,MA,01568-1499,Public       ,0,5,5,3,29,32
01238600,SOUTHEASTERN TECHNICAL INSTITUTE        ,MA,02375-1780,Public       ,3,12,15,62,211,273
01288100,MONTACHUSETT REG VOC TECH SCH           ,MA,01420-4649,Public       ,0,14,14,22,120,142
01292100,EMPIRE BEAUTY SCHOOL                    ,MA,02215-0000,Proprietary  ,23,75,98,232,443,675
01294800,ROB ROY ACADEMY                         ,MA,02721-5330,Proprietary  ,6,30,36,48,114,162
02063000,MONTSERRAT COLLEGE OF ART               ,MA,01915-0000,Private      ,23,7,30,689,86,775
02076700,EMPIRE BEAUTY SCHOOL                    ,MA,02148-0000,Proprietary  ,9,24,33,82,171,253
02079400,EMPIRE BEAUTY SCHOOL                    ,MA,01702-5232,Proprietary  ,30,70,100,145,329,474
02092100,MASSACHUSETTS SCHOOL OF BARBERING       ,MA,02169-5058,Proprietary  ,9,43,52,37,157,194
02092200,EMPIRE BEAUTY SCHOOL                    ,MA,01852-0000,Proprietary  ,8,45,53,116,248,364
02122000,NEW ENGLAND HAIR ACADEMY                ,MA,02148-0000,Proprietary  ,20,28,48,83,149,232
02137000,ROB ROY ACADEMY                         ,MA,02780-0000,Proprietary  ,5,10,15,14,47,61
02137200,MASS GEN HOSP DIETETIC INTERNSHIP       ,MA,02114-0000,Private      ,1,1,2,6,39,45
02143000,LONGY SCHOOL OF MUSIC                   ,MA,02138-3599,Private      ,4,5,9,44,168,212
02163500,NEW ENGLAND SCHOOL OF PHOTOGRAPHY       ,MA,02215-0000,Proprietary  ,9,20,29,129,153,282
02163600,MASS SCH OF PROFESSIONAL PSYCHOLOGY     ,MA,02132-0000,Private      ,5,29,34,30,906,936
02169900,ASSABET VALLEY REGIONAL VOC SCHOOL      ,MA,01752-0000,Public       ,1,9,10,24,127,151
02181600,ROB ROY ACADEMY                         ,MA,01609-0000,Proprietary  ,9,32,41,101,191,292
02182900,CAMBRIDGE COLLEGE                       ,MA,02138-5304,Private      ,40,442,482,372,3841,4213
02197900,NORTH BENNET STREET SCHOOL              ,MA,02113-0000,Private      ,4,16,20,51,196,247
02215100,HALLMARK INSTITUTE OF PHOTOGRAPHY       ,MA,01376-0000,Proprietary  ,11,17,28,170,180,350
02219501,MILDRED ELLEY - PITTSFIELD              ,MA,01201-5300,Proprietary  ,2,7,9,17,79,96
02220400,CATHERINE HINDS INST OF ESTHETICS       ,MA,01801-0000,Proprietary  ,6,46,52,73,243,316
02231600,MGH INSTITUTE OF HEALTH PROFESSION      ,MA,02129-0000,Private      ,16,94,110,100,1670,1770
02274300,CONWAY SCHOOL OF LANDSCAPE DESIGN       ,MA,01341-0179,Private      ,0,1,1,2,20,22
02325700,LABARON HAIRDRESSING ACADEMY            ,MA,02740-0000,Proprietary  ,6,12,18,18,64,82
02325800,LABARON HAIRDRESSING ACAD-BROCKTON      ,MA,02301-0000,Proprietary  ,1,11,12,25,75,100
02337400,BANCROFT SCHOOL OF MASSAGE THERAPY      ,MA,01604-4614,Proprietary  ,5,14,19,22,92,114
02338200,BAY STATE SCHOOL OF TECHNOLOGY          ,MA,02021-0000,Proprietary  ,4,50,54,59,292,351
02339400,ROB ROY ACADEMY                         ,MA,02746-0000,Proprietary  ,0,11,11,8,41,49
02491700,CORTIVA INSTITUTE -  BOSTON             ,MA,02472-2577,Proprietary  ,5,23,28,27,112,139
02523900,ELIZABETH GRADY SCHOOL OF ESTHETICS     ,MA,02155-0000,Proprietary  ,5,26,31,44,157,201
02579800,NEW ENGLAND SCHOOL OF ACUPUNCTURE       ,MA,02458-0000,Private      ,0,9,9,0,164,164
03006802,PENNSYLVANIA CULINARY INSTITUTE - LE COR,MA,02142-1221,Proprietary  ,22,51,73,242,523,765
03066700,AILANO SCHOOL OF COSMETOLOGY            ,MA,02303-4740,Proprietary  ,1,13,14,34,66,100
03104000,SHAWSHEEN ADULT TECHNICAL INSTITUTE     ,MA,01821-5499,Public       ,0,9,9,14,98,112
03115200,MOTORING TECHNICAL TRAINING INST        ,MA,02771-5933,Proprietary  ,14,50,64,155,274,429
03120800,KAY HARVEY HAIRDRESSING ACADEMY         ,MA,01089-2701,Proprietary  ,4,10,14,27,58,85
03130500,URBAN COLLEGE OF BOSTON                 ,MA,02111-1093,Private      ,14,105,119,90,762,852
03194300,BOSTON GRAD SCH OF PSYCHOANALYSIS       ,MA,02446-4602,Private      ,0,7,7,2,95,97
03205400,JOLIE HAIR & BEAUTY ACADEMY             ,MA,01056-2769,Proprietary  ,5,25,30,43,165,208
03232302,LINCOLN TECHNICAL INSTITUTE - BROCKTON C,MA,02401-1818,Proprietary  ,15,72,87,112,289,401
03232310,LINCOLN TECHNICAL INSTITUTE - LOWELL    ,MA,01852-5119,Proprietary  ,27,54,81,159,416,575
03232311,LINCOLN TECHNICAL INSTITUTE - SOMERVILLE,MA,02145-1102,Proprietary  ,14,68,82,129,351,480
03235300,MASSACHUSETTS SCHOOL OF LAW             ,MA,01810-1094,Private      ,0,46,46,10,661,671
03240300,TONI & GUY HAIRDRESSING ACADEMY         ,MA,01605-2213,Proprietary  ,11,14,25,78,74,152
03248300,BOSTON BAPTIST COLLEGE                  ,MA,02136-4000,Private      ,11,14,25,114,77,191
03316400,FUNERAL INSTITUTE OF THE NORTHEAST      ,MA,02062-4766,Proprietary  ,3,8,11,51,114,165
03504300,NATL GRAD SCH OF QUALITY SYSTM MGMT     ,MA,02540-0000,Private      ,2,14,16,2,62,64
03570500,ZION BIBLE COLLEGE                      ,MA,01835-0000,Private      ,5,12,17,207,159,366
03763300,MEDICAL PROFESSIONAL INSTITUTE          ,MA,02148-8143,Proprietary  ,8,44,52,60,355,415
03859300,E.I.N.E.                                ,MA,01876-4709,Proprietary  ,1,11,12,11,62,73
03927303,BRIO ACADEMY OF COSMETOLOGY - NORTHHAMPT,MA,01060-3947,Proprietary  ,3,8,11,39,57,96
03946300,FRANKLIN W. OLIN COLLEGE OF ENGINEERING ,MA,02492-1200,Private      ,17,0,17,576,25,601
03965300,NEW ENGLAND COLLEGE OF FINANCE          ,MA,02110-1605,Proprietary  ,3,132,135,76,898,974
04039300,SULLIVAN AND COGLIANO TRAINING CENTER   ,MA,02301-4921,Proprietary  ,15,309,324,66,1183,1249
04116900,DIGRIGOLI SCHOOL OF COSMETOLOGY         ,MA,01089-4623,Proprietary  ,7,11,18,57,90,147
04122000,TRI COUNTY REGIONAL VOCATIONAL TECHNICAL,MA,02038-0000,Public       ,0,8,8,15,87,102
04128000,MILLENNIUM TRAINING INSTITUTE           ,MA,01801-6386,Proprietary  ,0,57,57,8,170,178
04128900,CENTRAL MASS SCHOOL OF MASSAGE AND THERA,MA,01562-1712,Proprietary  ,3,5,8,11,23,34
04143200,HULT INTERNATIONAL BUSINESS SCHOOL      ,MA,02141-1805,Private      ,2,19,21,18,323,341
04153200,SOUTHERN WORCESTER COUNTY REGIONAL VOC S,MA,01507-1331,Public       ,1,1,2,13,44,57
04193100,ALEXANDER ACADEMY                       ,MA,01420-0000,Proprietary  ,6,16,22,28,72,100
00324204,CARNEGIE MELLON UNIVERSITY - QATAR      ,FC,00000-0000,Private      ,3,2,5,13,5,18
00401200,HEBREW UNIVERSITY OF JERUSALEM (THE)    ,FC,00000-0000,Public       ,1,16,17,36,116,152
00403000,UNIVERSITY OF CAMBRIDGE                 ,FC,00000-0000,Public       ,0,4,4,10,108,118
00503400,AMERICAN UNIVERSITY OF CAIRO            ,FC,00000-0000,Private      ,5,12,17,80,197,277
00667100,KATHOLIEKE UNIVERSITEIT LEUVEN          ,FC,00000-0000,Private      ,0,0,0,3,41,44
00669100,UNIVERSITY OF CAMBRIDGE - PEMBROKE      ,FC,00000-0000,Public       ,0,2,2,3,10,13
00669200,UNIVERSITY OF LEEDS                     ,FC,00000-0000,Public       ,2,4,6,20,91,111
00669300,UNIV OF LONDON-LONDON SCHOOL ECON       ,FC,00000-0000,Public       ,2,9,11,21,424,445
00669400,SCH OF ORIENTAL & AFRICAN STUDIES       ,FC,00000-0000,Public       ,0,8,8,13,185,198
00669500,UNIV OF LONDON-UNIVERSITY COLLEGE       ,FC,00000-0000,Public       ,3,11,14,56,430,486
00669600,UNIV OF LONDON-SCH ADVANCED STUDY       ,FC,00000-0000,Public       ,0,1,1,1,21,22
00669700,"QUEEN MARY, UNIVERSITY OF LONDON        ",FC,00000-0000,Public       ,2,3,5,31,157,188
00669900,UNIVERSITY OF SUSSEX                    ,FC,00000-0000,Public       ,0,1,1,32,97,129
00670000,"UNIVERSITY OF YORK, THE                 ",FC,00000-0000,Public       ,3,4,7,23,145,168
00670400,UNIVERSITY COLLEGE CORK                 ,FC,00000-0000,Public       ,1,5,6,18,71,89
00671300,UPPSALA UNIVERSITY                      ,FC,00000-0000,Public       ,0,1,1,5,39,44
00671500,UNIVERSITY OF GENEVA                    ,FC,00000-0000,Public       ,0,9,9,3,105,108
00683900,UNIVERSITY OF EDINBURGH                 ,FC,00000-0000,Public       ,9,21,30,227,743,970
00683903,UNIVERSITY OF EDINBURGH - EDINBURGH COLL,FC,00000-0000,Public       ,0,0,0,4,27,31
00684200,UNIVERSITY OF DUBLIN TRINITY COLLEG     ,FC,00000-0000,Public       ,4,6,10,60,199,259
00685000,UNIVERSITY OF CAMBRIDGE - DOWNING C     ,FC,00000-0000,Public       ,0,2,2,0,5,5
00763200,UNIVERSITY OF BRISTOL                   ,FC,00000-0000,Public       ,0,5,5,14,104,118
00768100,COLLEGE OF EUROPE                       ,FC,00000-0000,Private      ,0,1,1,1,10,11
00770500,ROYAL COLLEGE OF SURGEONS IN IRELAN     ,FC,00000-0000,Private      ,1,1,2,9,69,78
00788100,AMERICAN UNIVERSITY OF PARIS            ,FC,00000-0000,Private      ,38,21,59,531,304,835
00837100,AMERICAN UNIVERSITY OF BEIRUT           ,FC,00000-0000,Private      ,5,5,10,86,119,205
00837300,TEL-AVIV UNIVERSITY                     ,FC,00000-0000,Public       ,2,6,8,33,162,195
00837600,VRIJE UNIVERSITEIT AMSTERDAM            ,FC,00000-0000,Public       ,0,3,3,5,44,49
00837700,UNIVERSITEIT VAN AMSTERDAM(UNIVERSI     ,FC,00000-0000,Public       ,2,9,11,20,123,143
00838000,UNIVERSITY OF WARWICK                   ,FC,00000-0000,Public       ,0,6,6,9,74,83
00838300,UNIVERSITY OF GLASGOW                   ,FC,00000-0000,Public       ,3,6,9,59,371,430
00839300,UNIVERSITY OF OSLO                      ,FC,00000-0000,Public       ,0,3,3,6,34,40
00839400,UNIVERSITY OF OXFORD                    ,FC,00000-0000,Public       ,1,14,15,30,404,434
00839800,UNIVERSITY OF SHEFFIELD (THE)           ,FC,00000-0000,Public       ,0,3,3,8,111,119
00839900,UNIVERSITY OF SOUTHAMPTON               ,FC,00000-0000,Public       ,1,3,4,14,79,93
00845200,ABERYSTWYTH UNIVERSITY                  ,FC,00000-0000,Public       ,0,3,3,24,53,77
00845800,LOUGHBOROUGH UNIVERSITY                 ,FC,00000-0000,Public       ,0,0,0,3,9,12
00846000,UNIVERSITY OF NEWCASTLE UPON TYNE       ,FC,00000-0000,Public       ,0,3,3,20,141,161
00846100,UNIVERSITY OF SAINT ANDREWS             ,FC,00000-0000,Public       ,10,5,15,333,219,552
00850500,UNIVERSITY OF MELBOURNE                 ,FC,00000-0000,Public       ,3,52,55,19,204,223
00858600,SWANSEA UNIVERSITY                      ,FC,00000-0000,Public       ,0,2,2,7,42,49
00858700,UNIVERSITY OF DURHAM                    ,FC,00000-0000,Public       ,4,9,13,41,234,275
00866500,UNIVERSITY OF KENT AT CANTERBURY (THE)  ,FC,00000-0000,Public       ,1,4,5,22,132,154
00867000,UNIVERSITY OF NEW SOUTH WALES           ,FC,00000-0000,Public       ,2,19,21,20,108,128
00868700,UNIVERSITY OF ESSEX                     ,FC,00000-0000,Public       ,2,1,3,20,130,150
00869300,CITY UNIVERSITY                         ,FC,00000-0000,Public       ,6,12,18,35,195,230
00890800,THE UNIVERSITY OF BIRMINGHAM            ,FC,00000-0000,Public       ,0,5,5,17,112,129
00891000,UNIVERSITY OF HULL                      ,FC,00000-0000,Public       ,1,0,1,7,14,21
00892000,UNIVERSITY OF NOTTINGHAM                ,FC,00000-0000,Public       ,2,3,5,24,98,122
00900600,UNIVERSITY OF SALFORD (THE)             ,FC,00000-0000,Public       ,1,1,2,2,25,27
00908400,"UNIV OF LONDON, BIRKBECK                ",FC,00000-0000,Public       ,1,4,5,7,116,123
00908500,UNIV OF LONDON KING'S COLLEGE           ,FC,00000-0000,Public       ,2,15,17,52,421,473
00908600,UNIVERSITY OF LONDON - ROYAL HOLLOWAY   ,FC,00000-0000,Public       ,6,3,9,32,86,118
00914300,BAR-ILAN UNIVERSITY                     ,FC,00000-0000,Private      ,1,2,3,22,21,43
00924900,UNIVERSITY OF LIVERPOOL                 ,FC,00000-0000,Public       ,0,8,8,26,123,149
00936800,UNIVERSITY OF ABERDEEN                  ,FC,00000-0000,Public       ,0,8,8,43,143,186
00942300,ROYAL COLLEGE OF ART                    ,FC,00000-0000,Public       ,2,2,4,12,55,67
00942800,TECHNION-ISRAEL INST OF TECHLGY         ,FC,00000-0000,Public       ,0,8,8,6,59,65
00944200,UNIVERSITY OF EXETER                    ,FC,00000-0000,Public       ,0,6,6,13,113,126
00944400,UNIVERSITY OF LANCASTER                 ,FC,00000-0000,Public       ,0,2,2,10,62,72
00963400,UNIVERSITY OF OXFORD ST CATHERINE'S     ,FC,00000-0000,Public       ,1,0,1,3,9,12
00980800,UNIVERSITY OF STRATHCLYDE               ,FC,00000-0000,Public       ,0,1,1,8,55,63
00986000,UNIVERSITY OF SURREY                    ,FC,00000-0000,Public       ,2,1,3,10,29,39
00990600,PONTIFICAL NORTH AMERICAN COLLEGE       ,FC,00000-0000,Private      ,0,1,1,2,6,8
00992700,UNIVERSITY OF CAMBRIDGE - FITZWILLI     ,FC,00000-0000,Public       ,0,1,1,0,10,10
01006700,LUND UNIVERSITY                         ,FC,00000-0000,Public       ,2,3,5,5,90,95
01008400,UNIVERSITY OF CAPE TOWN                 ,FC,00000-0000,Public       ,0,17,17,13,82,95
01008700,UNIVERSITY OF OXFORD ST PETER'S COL     ,FC,00000-0000,Public       ,1,0,1,2,8,10
01008800,UNIVERSITY OF OXFORD - CORPUS CHRIS     ,FC,00000-0000,Public       ,0,0,0,0,4,4
01008900,CENTRAL SCHOOL OF SPEECH AND DRAMA      ,FC,00000-0000,Private      ,2,3,5,17,49,66
01009000,UNIVERSITY OF OXFORD - BALLIOL COLL     ,FC,00000-0000,Public       ,0,0,0,2,12,14
01014300,UNIVERSITY OF READING                   ,FC,00000-0000,Public       ,1,0,1,10,48,58
01015700,CARDIFF UNIVERSITY                      ,FC,00000-0000,Public       ,2,1,3,12,76,88
01015900,PONTIFICIA UNIVERSITA GREGORIANA        ,FC,00000-0000,Private      ,0,1,1,1,5,6
01016000,CG JUNG INST                            ,FC,00000-0000,Private      ,0,0,0,0,6,6
01018800,UNIVERSITY COLLEGE DUBLIN               ,FC,00000-0000,Public       ,3,3,6,44,239,283
01019000,UNIVERSITY OF CAMBRIDGE CHURCHILL C     ,FC,00000-0000,Public       ,1,1,2,2,14,16
01022800,UNIVERSITY OF STIRLING                  ,FC,00000-0000,Public       ,0,0,0,19,71,90
01033200,UNIVERSITY OF CAMBRIDGE - CLARE COL     ,FC,00000-0000,Public       ,0,1,1,1,9,10
01045600,UNIVERSITY OF HAIFA                     ,FC,00000-0000,Public       ,0,1,1,9,30,39
01047200,INST EUROPEEN OPEEN D'ADMINISTRATIO     ,FC,00000-0000,Private      ,0,15,15,1,67,68
01049300,CRANFIELD UNIVERSITY                    ,FC,00000-0000,Public       ,0,0,0,1,17,18
01052000,TRINITY LABAN CONSERVATOIRE OF MUSIC AND,FC,00000-0000,Public       ,0,0,0,8,13,21
01052500,UNIVERSITY OF HERTFORDSHIRE             ,FC,00000-0000,Public       ,1,1,2,14,28,42
01057400,LONDON INTRNTL FILM SCHOOL              ,FC,00000-0000,Private      ,0,1,1,2,37,39
01058800,AUSTRALIAN NATIONAL UNIVERSITY          ,FC,00000-0000,Public       ,2,8,10,16,55,71
01058900,BANGOR UNIVERSITY                       ,FC,00000-0000,Public       ,1,1,2,10,23,33
01059400,"RICHMOND, THE AMERICAN INT UNI IN LONDON",FC,00000-0000,Private      ,12,2,14,309,85,394
01059900,INST D'ETUDES POLITIQUES DE PARIS       ,FC,00000-0000,Public       ,1,6,7,11,127,138
01068100,MACQUARIE UNIVERSITY                    ,FC,00000-0000,Public       ,0,5,5,10,55,65
01069200,UNIVERSITY OF QUEENSLAND (THE)          ,FC,00000-0000,Public       ,2,146,148,17,343,360
01078900,UNIVERSITY OF OXFORD - WORCESTER CO     ,FC,00000-0000,Public       ,0,0,0,1,4,5
01079200,CITY AND GUILDS OF LONDON INSTITUTE     ,FC,00000-0000,Private      ,0,1,1,4,7,11
01079700,"NATIONAL UNIVERSITY OF IRELAND, MAY     ",FC,00000-0000,Public       ,0,0,0,14,16,30
01081600,KINGSTON UNIVERSITY                     ,FC,00000-0000,Public       ,2,7,9,51,217,268
01083800,UNIVERSITITY OF BERGEN (UOB)            ,FC,00000-0000,Public       ,1,2,3,2,12,14
01086400,UNIV OF DUNDEE                          ,FC,00000-0000,Public       ,0,5,5,8,36,44
01086600,UNIVERSITY OF OXFORD - MAGDALEN COLLEGE ,FC,00000-0000,Public       ,1,0,1,1,13,14
01086700,UNIVERSITY OF OXFORD ST JOHN'S COLL     ,FC,00000-0000,Public       ,0,0,0,3,6,9
01091400,MONASH UNIVERSITY                       ,FC,00000-0000,Public       ,5,9,14,10,45,55
01091500,UNIV OF EAST ANGLIA                     ,FC,00000-0000,Public       ,1,2,3,29,97,126
01094200,UNIVERSITY OF OXFORD - ST HUGH'S CO     ,FC,00000-0000,Public       ,0,0,0,1,9,10
01097700,UNIVERSIDAD CENTRAL DEL ESTE            ,FC,00000-0000,Private      ,19,44,63,117,904,1021
01098000,SOMERVILLE COLLEGE                      ,FC,00000-0000,Public       ,1,0,1,2,5,7
01099900,UNIV OF OXFORD - WADHAM COLLEGE         ,FC,00000-0000,Public       ,0,0,0,3,4,7
01104400,PONTIFICIA UNIVERSITA SAN TOMMASO       ,FC,00000-0000,Private      ,0,1,1,1,10,11
01105300,UNIVERSITY OF OXFORD - ST HILDA'S C     ,FC,00000-0000,Public       ,0,0,0,2,9,11
01105400,UNIVERSITY OF OXFORD - ST ANNE'S CO     ,FC,00000-0000,Public       ,0,0,0,1,6,7
01105500,UNIV OF OXFORD - LADY MARGARET HALL     ,FC,00000-0000,Public       ,0,0,0,2,5,7
01105600,UNIVERSITY OF OXFORD - UNIVERSITY C     ,FC,00000-0000,Public       ,0,2,2,4,45,49
01105700,UNIVERSITY OF OXFORD - TRINITY COLL     ,FC,00000-0000,Public       ,0,2,2,1,10,11
01105800,UNIVERSITY OF OXFORD-ST EDMUND HALL     ,FC,00000-0000,Public       ,1,1,2,1,11,12
01105900,UNIVERSITY OF OXFORD ST ANTONY'S CO     ,FC,00000-0000,Public       ,0,2,2,0,31,31
01106000,UNIVERSITY OF OXFORD - QUEEN'S COLL     ,FC,00000-0000,Public       ,1,0,1,2,7,9
01106100,UNIVERSITY OF OXFORD - PEMBROKE COL     ,FC,00000-0000,Public       ,1,0,1,1,9,10
01106200,UNIVERSITY OF OXFORD - ORIEL COLLEG     ,FC,00000-0000,Public       ,0,0,0,0,10,10
01106300,UNIVERSITY OF OXFORD - NUFFIELD COL     ,FC,00000-0000,Public       ,0,0,0,0,4,4
01106400,UNIVERSITY OF OXFORD - NEW COLLEGE      ,FC,00000-0000,Public       ,0,0,0,2,11,13
01106500,UNIVERSITY OF OXFORD MERTON COLLEGE     ,FC,00000-0000,Public       ,0,0,0,1,11,12
01106600,UNIVERSITY OF OXFORD - LINCOLN COLL     ,FC,00000-0000,Public       ,0,0,0,1,12,13
01106700,UNIVERSITY OF OXFORD - KEBLE COLLEG     ,FC,00000-0000,Public       ,1,0,1,1,4,5
01106800,UNIVERSITY OF OXFORD - JESUS COLLEG     ,FC,00000-0000,Public       ,0,0,0,1,5,6
01106900,UNIVERSITY OF OXFORD - HERTFORD COL     ,FC,00000-0000,Public       ,0,1,1,0,7,7
01107000,UNIVERSITY OF OXFORD EXETER COLLEGE     ,FC,00000-0000,Public       ,0,2,2,0,10,10
01107100,UNIV OF OXFORD - CHRIST CHURCH          ,FC,00000-0000,Public       ,0,2,2,4,20,24
01107200,UNIVERSITY OF OXFORD - BRASENOSE CO     ,FC,00000-0000,Public       ,0,1,1,0,10,10
01109100,FLINDERS UNIVERSITY OF S AUSTRALIA      ,FC,00000-0000,Public       ,0,8,8,7,25,32
01109400,UNIVERSITY OF WESTERN AUSTRALIA (THE)   ,FC,00000-0000,Public       ,0,3,3,4,35,39
01121400,UNIVERSITY OF THE WITWATERSRAND         ,FC,00000-0000,Public       ,0,2,2,1,3,4
01122600,AARHUS UNIVERSITY                       ,FC,00000-0000,Public       ,1,2,3,4,27,31
01156700,"IMPERIAL COLLEGE OF SCIENCE, TECHNOLOGY ",FC,00000-0000,Public       ,1,5,6,19,83,102
01167900,UNIVERSITY OF BATH                      ,FC,00000-0000,Public       ,0,2,2,10,41,51
01168300,FRANKLIN COLLEGE  SWITZERLAND           ,FC,00000-0000,Private      ,12,1,13,379,24,403
01175800,UNIV OF CAMBRIDGE - PETERHOUSE          ,FC,00000-0000,Public       ,0,0,0,2,5,7
01176400,ROYAL ACADEMY OF MUSIC                  ,FC,00000-0000,Public       ,0,0,0,6,24,30
01176500,GOLDSMITHS' COLLEGE-UNIV OF LONDON      ,FC,00000-0000,Public       ,3,9,12,30,185,215
01176600,UNIV OF LONDON - INST OF EDUC           ,FC,00000-0000,Public       ,0,4,4,2,38,40
01178000,BRUNEL UNIVERSITY                       ,FC,00000-0000,Public       ,3,3,6,11,38,49
01183800,UNIVERSITY OF OXFORD - MANSFIELD CO     ,FC,00000-0000,Public       ,0,0,0,0,6,6
01207500,UNIVERSITY CAMBRIDGE - TRINITY COLL     ,FC,00000-0000,Public       ,0,1,1,1,13,14
01207800,VICTORIA UNIV OF WELLINGTON             ,FC,00000-0000,Public       ,1,9,10,12,50,62
01209600,ECOLE HÔTELIERE DE LAUSANNE             ,FC,00000-0000,Private      ,1,0,1,2,16,18
01210100,UNIVERSITY OF CAMBRIDGE - GIRTON CO     ,FC,00000-0000,Public       ,0,1,1,1,3,4
01213600,VICTORIA UNIV OF MANCHESTER (THE)       ,FC,00000-0000,Public       ,2,5,7,24,176,200
01219800,UNIVERSITY OF BRADFORD                  ,FC,00000-0000,Public       ,0,1,1,2,31,33
01220100,UNIVERSITY OF OXFORD - REGENT'S PAR     ,FC,00000-0000,Public       ,0,0,0,0,7,7
01220600,JAMES COOK UNIVERSITY                   ,FC,00000-0000,Public       ,2,9,11,26,76,102
01221500,BIRMINGHAM CITY UNIVERSITY              ,FC,00000-0000,Public       ,0,2,2,6,28,34
01222300,JAGIELLONIAN UNIVERSITY COLLEGIUM M     ,FC,00000-0000,Public       ,0,2,2,3,44,47
01222500,UNIVERSITY OF SZEGED FACULTY OF MEDICINE,FC,00000-0000,Public       ,0,0,0,1,10,11
01225800,ASTON UNIVERSITY                        ,FC,00000-0000,Public       ,1,1,2,5,21,26
01227500,UNIVERSITY OF OXFORD - WOLFSON COLL     ,FC,00000-0000,Public       ,0,0,0,0,21,21
01230200,GONVILLE & CAIUS COLLEGE                ,FC,00000-0000,Public       ,0,1,1,0,6,6
01233500,ROYAL COLLEGE OF MUSIC                  ,FC,00000-0000,Public       ,0,0,0,8,15,23
01234100,UNIVERSITY OF WALES - ST DAVID'S UN     ,FC,00000-0000,Public       ,0,2,2,5,10,15
01242100,UNIV OF AUCKLAND                        ,FC,00000-0000,Public       ,1,13,14,25,96,121
01254000,UNIVERSIDAD DE NAVARRA                  ,FC,00000-0000,Private      ,0,3,3,14,24,38
01276500,UNIVERSITY OF OXFORD - LINACRE COLL     ,FC,00000-0000,Public       ,0,0,0,0,14,14
01276600,"NATIONAL UNIVERSITY IRELAND, GALWAY     ",FC,00000-0000,Public       ,1,4,5,32,97,129
01280200,PONTIFICIA UNIV CATOLICA MAD Y MAES     ,FC,00000-0000,Private      ,17,19,36,208,183,391
01281100,INST TECNOLOGICO DE SANTO DOMINGO       ,FC,00000-0000,Private      ,5,6,11,58,100,158
01283900,UNIVERSITY OF CAMBRIDGE - SAINT JOH     ,FC,00000-0000,Public       ,0,2,2,1,12,13
01297800,UNIVERSITY OF HUDDERSFIELD (THE)        ,FC,00000-0000,Public       ,0,2,2,4,19,23
01315300,MASSEY UNIVERSITY                       ,FC,00000-0000,Public       ,3,29,32,14,89,103
01322500,COLLEGE OF LAW                          ,FC,00000-0000,Private      ,0,0,0,0,25,25
02052400,DARWIN COLLEGE                          ,FC,00000-0000,Public       ,0,0,0,0,10,10
02082400,UNIVERSITY OF CAMBRIDGE - QUEEN'S C     ,FC,00000-0000,Public       ,1,2,3,3,19,22
02083400,UNIVERSITY OF CAMBRIDGE - WOLFSON C     ,FC,00000-0000,Public       ,0,1,1,0,18,18
02087400,UNIVERSITY OF CAMBRIDGE - NEWNHAM C     ,FC,00000-0000,Public       ,0,0,0,1,6,7
02087900,OXFORD BROOKES UNIVERSITY               ,FC,00000-0000,Public       ,1,5,6,19,83,102
02094100,BEN-GURION UNIV                         ,FC,00000-0000,Public       ,1,3,4,6,141,147
02094400,UNIV OF CAMBRIDGE - ST EDMUND'S HOU     ,FC,00000-0000,Public       ,0,1,1,1,15,16
02095500,LONDON BUS SCHOOL                       ,FC,00000-0000,Private      ,1,9,10,4,150,154
02101900,ROEHAMPTON UNIVERSITY                   ,FC,00000-0000,Public       ,0,7,7,13,99,112
02108600,LONDON ACADEMY OF MUSIC & DRAMATIC      ,FC,00000-0000,Private      ,3,0,3,22,23,45
02115900,UNIVERSITY OF PORTSMOUTH                ,FC,00000-0000,Public       ,0,3,3,10,21,31
02116700,UNIVERSITY OF CAMBRIDGE - LUCY CAVE     ,FC,00000-0000,Public       ,0,0,0,1,7,8
02120000,UNIV OF LONDON - COURTALD INST OF A     ,FC,00000-0000,Public       ,0,0,0,2,33,35
02133400,UNIVERSITY OF CAMBRIDGE - SIDNEY SU     ,FC,00000-0000,Public       ,0,2,2,0,10,10
02142000,UNIVERSITY OF CAMBRIDGE - HOMERTON      ,FC,00000-0000,Public       ,0,0,0,1,5,6
02149700,UNIVERSITY OF WINCHESTER (THE)          ,FC,00000-0000,Public       ,0,2,2,11,12,23
02156800,UNIV OF OTAGO                           ,FC,00000-0000,Public       ,1,8,9,9,32,41
02162300,"IESE BUSINESS SCH, UNIV OF NAVARRA      ",FC,00000-0000,Private      ,0,8,8,3,87,90
02167400,UNIVERSITY OF CAMBRIDGE - CORPUS CH     ,FC,00000-0000,Public       ,0,1,1,0,7,7
02177700,KING'S COLLEGE- UNIV OF CAMBRIDGE       ,FC,00000-0000,Public       ,0,5,5,4,29,33
02180500,MIDDLESEX UNIVERSITY                    ,FC,00000-0000,Public       ,2,8,10,33,113,146
02181000,UNIVERSITY OF SOUTH AUSTRALIA           ,FC,00000-0000,Public       ,0,1,1,1,5,6
02183500,UNIV OF OXFORD - WYCLIFFE HALL          ,FC,00000-0000,Public       ,0,0,0,1,13,14
02186000,UNIVERSITY OF CAMBRIDGE - MAGDALENE     ,FC,00000-0000,Public       ,0,1,1,0,6,6
02186100,UNIVERSITY OF CAMBRIDGE - EMMANUEL      ,FC,00000-0000,Public       ,0,1,1,1,7,8
02189600,UNIVERSITY OF GRONINGEN                 ,FC,00000-0000,Public       ,0,2,2,8,32,40
02194800,UNIVERSITY OF THE WEST OF ENGLAND -     ,FC,00000-0000,Public       ,0,2,2,11,22,33
02195100,UNIV OF WESTMINSTER                     ,FC,00000-0000,Public       ,0,8,8,39,129,168
02196700,GUILDHALL SCHOOL OF MUSIC & DRAMA       ,FC,00000-0000,Public       ,0,0,0,7,10,17
02207300,UNIVERSITY OF CAMBRIDGE - CHRIST'S      ,FC,00000-0000,Public       ,0,1,1,0,6,6
02207400,CHINESE UNIVERSITY OF HONG KONG (THE)   ,FC,00000-0000,Public       ,0,4,4,21,52,73
02209500,UNIVERSITEIT UTRECHT                    ,FC,00000-0000,Public       ,2,1,3,10,60,70
02210000,UNIV OF LONDON - LONDON SCHOOL OF H     ,FC,00000-0000,Public       ,1,4,5,1,89,90
02212300,UNIVERSITY OF CAMBRIDGE - ROBINSON      ,FC,00000-0000,Public       ,0,0,0,0,3,3
02225300,UNIV OF CANTERBURY                      ,FC,00000-0000,Public       ,1,5,6,6,29,35
02229100,UNIVERSITY OF LEICESTER                 ,FC,00000-0000,Public       ,0,6,6,8,105,113
02229600,SACKLER SCHOOL OF MEDICINE              ,FC,00000-0000,Public       ,0,1,1,0,172,172
02232100,UNIVERSITY OF CAMBRIDGE                 ,FC,00000-0000,Public       ,0,7,7,8,49,57
02233300,"ST GEORGE'S UNIVERSITY, SCHOOL OF MEDICI",FC,00000-0000,Proprietary  ,3,244,247,27,3625,3652
02235300,LONDON METROPOLITAN UNIVERSITY          ,FC,00000-0000,Public       ,4,10,14,30,137,167
02244400,AMERICAN UNIV OF THE CARIBBEAN          ,FC,00000-0000,Proprietary  ,2,142,144,15,1556,1571
02266600,UNIVERSITY OF LONDON - SAINT GEORGE     ,FC,00000-0000,Public       ,0,1,1,4,19,23
02271700,UNIVERSITY OF CAMBRIDGE - CLARE HAL     ,FC,00000-0000,Public       ,0,0,0,0,5,5
02271900,UNIVERSITY OF OXFORD - BLACKFRIARS      ,FC,00000-0000,Public       ,0,0,0,0,10,10
02272200,UNIV OF CAMBRIDGE - NEW HALL            ,FC,00000-0000,Public       ,0,0,0,1,4,5
02273600,QUEEN'S UNIV OF BELFAST (THE)           ,FC,00000-0000,Public       ,0,2,2,16,87,103
02273900,HERIOT WATT UNIVERSITY                  ,FC,00000-0000,Public       ,0,9,9,3,43,46
02276700,NYENRODE BUSINESS UNIVERSITEIT          ,FC,00000-0000,Private      ,0,2,2,0,5,5
02293400,ECOLE DES HAUTES ETUDES COMERCIALS      ,FC,00000-0000,Public       ,0,4,4,1,32,33
02296300,UNIVERSITY OF CAMBRIDGE - JESUS COL     ,FC,00000-0000,Public       ,0,0,0,1,3,4
02310500,DE MONTFORT UNIVERSITY                  ,FC,00000-0000,Public       ,0,0,0,1,14,15
02320500,ROYAL NORTHERN COLLEGE OF MUSIC         ,FC,00000-0000,Public       ,0,1,1,3,8,11
02335100,UNIV OF CAMBRIDGE - TRINITY HALL        ,FC,00000-0000,Public       ,0,1,1,0,16,16
02338900,UNIVERSITY  FOR THE CREATIVE ARTS       ,FC,00000-0000,Public       ,1,1,2,5,13,18
02351800,UNIVERSIDAD IBEROAMERICANA (UNIBE       ,FC,00000-0000,Private      ,10,54,64,115,703,818
02352100,UNIVERSITY OF PLYMOUTH                  ,FC,00000-0000,Public       ,2,2,4,9,21,30
02355200,ECOLE SUPERIEURE DE CUISINE FRANCAISE-FE,FC,00000-0000,Public       ,1,6,7,6,20,26
02493000,ESCUELA SUPERIOR ADMINISTRACION Y D     ,FC,00000-0000,Private      ,0,5,5,3,47,50
02496700,NATIONAL FILM & TV SCHOOL               ,FC,00000-0000,Public       ,0,1,1,1,5,6
02502600,PECSI ORVOSTUDOMANYI EGYETEM (PECS      ,FC,00000-0000,Public       ,0,1,1,0,19,19
02545700,GLASGOW SCHOOL OF ART                   ,FC,00000-0000,Public       ,1,2,3,13,30,43
02561600,SOUTHAMPTON SOLENT UNIVERSITY           ,FC,00000-0000,Public       ,1,0,1,6,9,15
02579600,MURDOCH UNIVERSITY                      ,FC,00000-0000,Public       ,0,2,2,7,39,46
02588000,UNIVERSITY OF ULSTER                    ,FC,00000-0000,Public       ,0,1,1,7,21,28
02591800,CURTIN UNIVERSITY OF TECHNOLOGY         ,FC,00000-0000,Public       ,0,2,2,4,16,20
02611600,ECOL NATIONAL DES PONTS ET CHAUSSEE     ,FC,00000-0000,Public       ,0,0,0,0,11,11
02611700,DUBLIN CITY UNIVERSITY                  ,FC,00000-0000,Public       ,2,2,4,12,27,39
02623200,UNIVERSITY OF NEWCASTLE (THE)           ,FC,00000-0000,Public       ,1,2,3,7,21,28
03012700,UNIVERSITY OF BUCKINGHAM                ,FC,00000-0000,Private      ,3,0,3,7,17,24
03029400,KEELE UNIVERSITY                        ,FC,00000-0000,Public       ,2,0,2,10,7,17
03029500,NORTHUMBRIA UNIVERSITY                  ,FC,00000-0000,Public       ,0,1,1,11,25,36
03029800,NORGES HANDELSHOYSKOLE                  ,FC,00000-0000,Public       ,0,0,0,1,5,6
03033300,MANCHESTER METROPOLITAN UNIV            ,FC,00000-0000,Public       ,1,4,5,21,53,74
03045000,UNIVERSITY OF EAST LONDON               ,FC,00000-0000,Public       ,1,5,6,24,69,93
03050100,STUDIO ART CENTERS INTERNATIONAL        ,FC,00000-0000,Private      ,2,8,10,25,60,85
03061000,CHALMERS TEKNISKA HOGSKOLA AB           ,FC,00000-0000,Private      ,0,0,0,0,7,7
03066800,PONTIFICIO ATENEO DELLA SANTA CROCE     ,FC,00000-0000,Private      ,0,2,2,0,9,9
03067200,UNIVERSITY OF SYDNEY                    ,FC,00000-0000,Public       ,9,57,66,49,271,320
03073800,UNIV OF DEBRECEN MED & HEALTH SCI       ,FC,00000-0000,Public       ,0,3,3,3,27,30
03080300,SHEFFIELD HALLAM UNIVERSITY             ,FC,00000-0000,Public       ,0,0,0,4,14,18
03084300,UNIVERSITY OF LIMERICK                  ,FC,00000-0000,Public       ,1,2,3,24,37,61
03088700,ROYAL SCOTTISH ACAD MUSIC & DRAMA       ,FC,00000-0000,Public       ,2,3,5,22,24,46
03091400,UNIVERSITY OF WOLLONGONG                ,FC,00000-0000,Public       ,1,2,3,6,18,24
03091500,UNIVERSITY OF CANBERRA                  ,FC,00000-0000,Public       ,0,1,1,3,15,18
03091700,POZNAN UNIVERSITY OF MEDICAL SCIENCES   ,FC,00000-0000,Public       ,1,4,5,5,101,106
03092500,NOTTINGHAM TRENT UNIVERSITY             ,FC,00000-0000,Public       ,0,3,3,2,18,20
03095000,RMIT UNIVERSITY                         ,FC,00000-0000,Public       ,1,10,11,9,38,47
03095400,BOND UNIVERSITY                         ,FC,00000-0000,Private      ,3,15,18,24,74,98
03095900,ESSEC BUSINESS SCHOOL                   ,FC,00000-0000,Private      ,0,0,0,0,18,18
03096100,LA TROBE UNIVERSITY                     ,FC,00000-0000,Public       ,0,5,5,5,28,33
03096900,DEAKIN UNIVERSITY                       ,FC,00000-0000,Public       ,0,1,1,3,13,16
03097100,UNIVERSITY OF WESTERN SYDNEY            ,FC,00000-0000,Public       ,0,1,1,3,8,11
03097300,VICTORIA UNIVERSITY OF TECHNOLOGY       ,FC,00000-0000,Public       ,0,3,3,4,12,16
03097500,CENTRAL QUEENSLAND UNIVERSITY           ,FC,00000-0000,Public       ,1,2,3,3,13,16
03100000,UNIVERSITY OF ADELAIDE (THE)            ,FC,00000-0000,Public       ,2,2,4,7,19,26
03101600,ASIAN INSTITUTE OF MANAGEMENT           ,FC,00000-0000,Private      ,0,0,0,3,10,13
03102500,AMERICAN UNIVERSITY OF ROME             ,FC,00000-0000,Private      ,9,5,14,176,72,248
03102800,ROBERT GORDON UNIVERSITY (THE)          ,FC,00000-0000,Public       ,0,1,1,0,27,27
03104800,GRIFFITH UNIVERSITY                     ,FC,00000-0000,Public       ,0,9,9,15,52,67
03136300,AUSTRALIAN CATHOLIC UNIVERSITY          ,FC,00000-0000,Public       ,0,2,2,4,17,21
03140300,EDITH COWAN UNIVERSITY                  ,FC,00000-0000,Public       ,0,1,1,2,17,19
03140400,NORTHERN TERRITORY UNIVERSITY           ,FC,00000-0000,Public       ,0,0,0,1,3,4
03140500,QUEENSLAND UNIVERSITY OF TECHNOLOGY     ,FC,00000-0000,Public       ,0,5,5,6,23,29
03140600,SOUTHERN CROSS UNIVERSITY               ,FC,00000-0000,Public       ,0,2,2,1,15,16
03140700,SWINBURNE UNIVERSITY OF TECHNOLOGY      ,FC,00000-0000,Public       ,0,1,1,4,11,15
03140900,UNIVERSITY OF BALLARAT                  ,FC,00000-0000,Public       ,0,1,1,0,1,1
03150400,"UNIVERSITY OF TECHNOLOGY, SYDNEY        ",FC,00000-0000,Public       ,3,9,12,9,43,52
03287300,LIVERPOOL INSTITUTE FOR PERFORMING ARTS ,FC,00000-0000,Public       ,0,0,0,21,1,22
03300300,"2ND SCHOOL OF MEDICINE, CHARLES UNI     ",FC,00000-0000,Public       ,0,4,4,3,21,24
03300400,"FIRST FACULTY OF MEDICINE, CHARLES UNIV.",FC,00000-0000,Public       ,1,3,4,4,37,41
03329300,JOHN CABOT UNIVERSITY                   ,FC,00000-0000,Private      ,9,4,13,180,56,236
03333300,MEDICAL UNIVERSITY SCHOOL OF LUBLIN     ,FC,00000-0000,Public       ,1,24,25,22,202,224
03334300,UNIVERSIDAD NORDESTANA                  ,FC,00000-0000,Private      ,1,5,6,30,363,393
03335300,MEDICAL UNIVERSITY OF SILESIA           ,FC,00000-0000,Public       ,0,2,2,5,48,53
03342300,GLASGOW CALEDONIAN UNIVERSITY           ,FC,00000-0000,Public       ,0,1,1,6,21,27
03349400,"QUEEN MARGARET UNIVERSITY, EDINBURGH    ",FC,00000-0000,Public       ,0,2,2,7,35,42
03350300,BOURNEMOUTH UNIVERSITY                  ,FC,00000-0000,Public       ,0,2,2,7,17,24
03352300,LONDON SOUTH BANK UNIVERSITY            ,FC,00000-0000,Private      ,1,5,6,13,30,43
03363300,THE ARTS EDUCATIONAL SCHOOLS LONDON     ,FC,00000-0000,Private      ,0,0,0,2,4,6
03364300,"FACULTY OF MEDICINE, PALACKY UNIVER     ",FC,00000-0000,Public       ,0,0,0,0,6,6
03365400,AUCKLAND INSTITUTE OF TECHNOLOGY        ,FC,00000-0000,Public       ,2,2,4,7,19,26
03366300,TROPICAL AGRICULTURE RESEARCH AND H     ,FC,00000-0000,Private      ,0,0,0,0,2,2
03378300,"THE 3RD FACULTY OF MEDICINE, CHARLE     ",FC,00000-0000,Public       ,0,1,1,1,11,12
03406300,"THE SCHOOL OF PHARMACY, UNIVERSITY      ",FC,00000-0000,Public       ,0,0,0,0,2,2
03418400,NAPIER UNIVERSITY                       ,FC,00000-0000,Public       ,1,2,3,9,56,65
03435300,ANGLIA  RUSKIN UNIVERSITY               ,FC,00000-0000,Private      ,1,3,4,11,23,34
03460300,INTERNATIONALES THEOLOGISCHES INSTI     ,FC,00000-0000,Private      ,0,0,0,1,15,16
03466300,INSTITUTO CENTROAMERICANO DE ADMINI     ,FC,00000-0000,Private      ,0,0,0,2,5,7
03473300,UNIV OF ARTS LONDON - LON COLL FASHION  ,FC,00000-0000,Public       ,3,8,11,93,112,205
03473304,UNIVERSITY OF THE ARTS LONDON - LCC     ,FC,00000-0000,Public       ,1,6,7,23,28,51
03473305,UNIVERSITY OF THE ARTS LONDON - CHELSEA ,FC,00000-0000,Public       ,1,1,2,26,23,49
03473306,UNIVERSITY OF THE ARTS LONDON - CAMBERWE,FC,00000-0000,Public       ,1,0,1,18,15,33
03473311,UNIVERSITY OF THE ARTS LONDON - WIMBLEDO,FC,00000-0000,Public       ,0,0,0,16,12,28
03473315,UNIVERSITY OF THE ARTS LONDON - CSM     ,FC,00000-0000,Public       ,3,5,8,52,54,106
03478300,ROYAL WELSH COLLEGE OF MUSIC AND DRAMA  ,FC,00000-0000,Public       ,0,0,0,11,18,29
03492300,UNIVERSITY OF OXFORD - GREEN TEMPLETON C,FC,00000-0000,Public       ,0,0,0,0,20,20
03492400,UNIV OF CAMBRIDGE-ST CATHERINE'S CG     ,FC,00000-0000,Public       ,0,1,1,0,6,6
03494400,UNIV OF CAMBRIDGE-SELWYN COLLEGE        ,FC,00000-0000,Public       ,0,0,0,0,3,3
03494600,UNIV OF OXFORD-HARRIS MANCHESTER        ,FC,00000-0000,Public       ,1,0,1,4,12,16
03501400,LEEDS METROPOLITAN UNIVERSITY           ,FC,00000-0000,Public       ,0,1,1,6,33,39
03507300,UNIVERSITY OF SUNDERLAND                ,FC,00000-0000,Public       ,0,0,0,4,13,17
03515300,UNIVERSITY OF CENTRAL LANCASHIRE        ,FC,00000-0000,Public       ,0,0,0,9,16,25
03517300,UNIVERSITY OF BRIGHTON                  ,FC,00000-0000,Public       ,1,2,3,15,19,34
03518300,EUROPEAN GRADUATE SCHOOL                ,FC,00000-0000,Private      ,0,18,18,0,104,104
03526300,INST CENTROAMERICANO DE ADM DE EMP      ,FC,00000-0000,Private      ,0,0,0,1,1,2
03527300,SOFIA UNIVERSITY ST. KLIMENT OHRIDSKI   ,FC,00000-0000,Public       ,1,1,2,2,6,8
03533300,BATH SPA UNIVERSITY                     ,FC,00000-0000,Public       ,0,1,1,11,13,24
03547300,UNIVERSITY OF GLAMORGAN                 ,FC,00000-0000,Public       ,0,0,0,5,15,20
03580300,LIVERPOOL JOHN MOORES UNIVERSITY        ,FC,00000-0000,Public       ,0,1,1,2,15,17
03589400,ARTS INSTITUTE AT BOURNEMOUTH (THE)     ,FC,00000-0000,Public       ,1,1,2,14,13,27
03590300,AVONDALE COLLEGE LIMITED                ,FC,00000-0000,Private      ,0,0,0,10,2,12
03594300,GROUP ESC GRENOBLE GRAD SCH OF BUS.     ,FC,00000-0000,Private      ,0,4,4,2,42,44
03597300,JAGIELLONIAN UNIVERSITY                 ,FC,00000-0000,Public       ,0,3,3,3,34,37
03601300,UNIVERSITAT JAUME I DE CASTELLO/UJI     ,FC,00000-0000,Public       ,0,2,2,1,17,18
03619300,UNIVERSITY OF GREENWICH                 ,FC,00000-0000,Public       ,0,9,9,15,60,75
03653400,UNIVERSIDAD DE IBEROAMERICA - UNIBE     ,FC,00000-0000,Private      ,0,1,1,9,32,41
03674300,UNIVERSITY OF ABERTAY DUNDEE            ,FC,00000-0000,Public       ,0,0,0,1,10,11
03684400,UNIVERSITY OF LINCOLN                   ,FC,00000-0000,Public       ,0,1,1,6,29,35
03684500,MEDICAL UNIVERSITY OF GDANSK            ,FC,00000-0000,Public       ,0,5,5,8,27,35
03694300,UNIVERSITY OF CHICHESTER                ,FC,00000-0000,Public       ,0,0,0,1,0,1
03716300,"UNIVERSITY OF WALES, NEWPORT            ",FC,00000-0000,Public       ,0,2,2,1,10,11
03727400,UNIVERSITY OF WAIKATO (THE)             ,FC,00000-0000,Public       ,1,0,1,6,7,13
03738300,LONDON SCHOOL OF THEOLOGY               ,FC,00000-0000,Private      ,0,0,0,1,8,9
03741300,ALRA (ACADEMY OF LIVE AND RECORDED ARTS),FC,00000-0000,Private      ,1,0,1,5,17,22
03770300,NAZARENE THEOLOGICAL COLLEGE            ,FC,00000-0000,Private      ,0,0,0,1,4,5
03794400,ANGLO EUROPEAN COLLEGE OF CHIROPRACTIC  ,FC,00000-0000,Private      ,0,0,0,0,4,4
03807300,ROSE BRUFORD COLLEGE                    ,FC,00000-0000,Public       ,0,0,0,1,6,7
03816400,AMERICAN GRAD SCH OF INTERNTL REL & DIPL,FC,00000-0000,Private      ,0,7,7,10,91,101
03818300,LEIPZIG GRADUATE SCHOOL OF MANAGEMENT   ,FC,00000-0000,Private      ,0,1,1,0,19,19
03824300,"ROYAL VETERINARY COLLEGE (THE), UNIVERSI",FC,00000-0000,Public       ,0,2,2,3,147,150
03850500,MEDICAL UNIVERSITY OF LODZ              ,FC,00000-0000,Public       ,0,4,4,4,45,49
03859400,UNIVERSITY COLLEGE FALMOUTH             ,FC,00000-0000,Public       ,0,0,0,5,5,10
03880300,UNIVERSITY OF GLOUCESTERSHIRE (THE)     ,FC,00000-0000,Public       ,0,2,2,2,13,15
03897400,INTERNATIONAL SPACE UNIVERSITY          ,FC,00000-0000,Private      ,0,0,0,2,7,9
03941301,AVE MARIA UNIVERSITY - LATIN AMERICA    ,FC,00000-0000,Private      ,17,4,21,173,49,222
03974300,"ST. GEORGE'S UNIVERSITY, SCHOOL OF VETER",FC,00000-0000,Proprietary  ,1,47,48,4,525,529
04021400,"AMERICAN COLLEGE, DUBLIN LIMITED (THE)  ",FC,00000-0000,Private      ,0,4,4,20,28,48
04021500,CENTRAL EUROPEAN UNIVERSITY             ,FC,00000-0000,Private      ,0,5,5,4,92,96
04032300,YORK ST JOHN UNIVERSITY                 ,FC,00000-0000,Public       ,1,2,3,12,8,20
04046300,HK UNIVERSITY OF SCI & TECH (HKUST)     ,FC,00000-0000,Public       ,0,3,3,4,20,24
04070300,"RAPHAEL RECANATI INTERNATIONAL SCHOOL, T",FC,00000-0000,Private      ,8,6,14,93,63,156
04085400,NEW ZEALAND COLLEGE OF CHIROPRACTIC     ,FC,00000-0000,Private      ,0,2,2,1,5,6
04113300,LEBANESE AMERICAN UNIVERSITY            ,FC,00000-0000,Private      ,2,4,6,60,21,81
04115900,LIVERPOOL HOPE UNIVERSITY               ,FC,00000-0000,Public       ,0,2,2,1,14,15
04116300,EDHEC BUSINESS SCHOOL                   ,FC,00000-0000,Private      ,0,4,4,0,45,45
04121400,ISAPZURICH (INTERNATIONAL SCHOOL OF ANAL,FC,00000-0000,Private      ,0,0,0,0,2,2
04128600,UNIVERSITY OF WORCESTER                 ,FC,00000-0000,Public       ,0,0,0,8,2,10
04128700,HERTIE SCHOOL OF GOVERNANCE             ,FC,00000-0000,Private      ,0,2,2,0,3,3
04134200,LONDON CONTEMPORARY DANCE SCHOOL        ,FC,00000-0000,Private      ,0,0,0,3,4,7
04139100,UNIVERSITA DEGLI STUDI DI SCIENZE GASTRO,FC,00000-0000,Private      ,0,5,5,3,24,27
04143700,ST MARY'S UNIVERSITY COLLEGE TWICKENHAM ,FC,00000-0000,Public       ,0,4,4,11,81,92
04168200,EUROPEAN UNIVERSITY AT ST. PETERSBURG   ,FC,00000-0000,Private      ,0,6,6,0,36,36
04171800,"INTERNATIONAL UNIVERSITY OF NURSING, ST.",FC,00000-0000,Proprietary  ,0,1,1,24,62,86
04176500,ESMT EUROPEAN SCHOOL OF MANAGEMENT AND T,FC,00000-0000,Private      ,2,5,7,2,8,10
00380600,ALDERSON-BROADDUS COLLEGE               ,WV,26416-1051,Private      ,52,24,76,1667,356,2023
00380700,MOUNTAIN STATE UNIVERSITY               ,WV,25801-5624,Private      ,3,95,98,853,4187,5040
00380800,BETHANY COLLEGE                         ,WV,26032-0417,Private      ,31,11,42,1359,139,1498
00380900,BLUEFIELD STATE COLLEGE                 ,WV,24701-2198,Public       ,60,145,205,1408,2046,3454
00381000,CONCORD UNIVERSITY                      ,WV,24712-0000,Public       ,66,122,188,2966,1619,4585
00381100,DAVIS & ELKINS COLLEGE                  ,WV,26241-3996,Private      ,23,32,55,1070,367,1437
00381200,FAIRMONT STATE UNIVERSITY               ,WV,26554-2470,Public       ,167,328,495,5206,4074,9280
00381300,GLENVILLE STATE COLLEGE                 ,WV,26351-1292,Public       ,24,59,83,1550,722,2272
00381500,MARSHALL UNIVERSITY                     ,WV,25755-3300,Public       ,236,555,791,10748,8028,18776
00381600,SOUTHERN WV COMMUNITY COLLEGE           ,WV,25637-2900,Public       ,44,199,243,1253,1723,2976
00381800,UNIVERSITY OF CHARLESTON                ,WV,25304-1099,Private      ,46,125,171,1699,1315,3014
00381900,OHIO VALLEY COLLEGE                     ,WV,26105-8000,Private      ,13,16,29,572,208,780
00382000,SALEM INTERNATIONAL UNIVERSITY          ,WV,26426-0500,Proprietary  ,16,140,156,435,1046,1481
00382200,SHEPHERD UNIVERSITY                     ,WV,25443-3210,Public       ,108,127,235,4262,1791,6053
00382300,WEST LIBERTY UNIVERSITY                 ,WV,26074-0295,Public       ,69,70,139,3087,1018,4105
00382600,WEST VIRGINIA STATE UNIVERSITY          ,WV,25112-0000,Public       ,73,190,263,2517,2547,5064
00382700,WEST VIRGINIA UNIVERSITY                ,WV,26506-6201,Public       ,531,564,1095,27303,10942,38245
00382711,WEST VIRGINIA UNIVERSITY - POTOMAC STATE,WV,26726-3000,Public       ,73,56,129,1978,759,2737
00382721,WEST VIRGINIA UNIV INST OF TECH         ,WV,25136-2436,Public       ,36,62,98,1288,682,1970
00382800,WEST VIRGINIA UNIV AT PARKERSBURG       ,WV,26101-9577,Public       ,74,349,423,1983,3387,5370
00383000,WEST VIRGINIA WESLEYAN COLLEGE          ,WV,26201-2600,Private      ,34,38,72,2192,341,2533
00383100,WHEELING JESUIT UNIVERSITY              ,WV,26003-6243,Private      ,21,72,93,1325,1007,2332
00500700,WEST VIRGINIA JUNIOR COLLEGE            ,WV,26505-5596,Proprietary  ,24,31,55,267,383,650
00500800,MOUNTAIN STATE COLLEGE                  ,WV,26101-3993,Proprietary  ,6,47,53,85,413,498
00754400,APPALACHIAN BIBLE COLLEGE               ,WV,25818-1353,Private      ,8,1,9,314,89,403
00757800,HUNTINGTON SCHOOL OF BEAUTY CULTURE     ,WV,25705-2030,Proprietary  ,5,27,32,93,193,286
00760000,INTERNATIONAL BEAUTY SCHOOL             ,WV,25401-3231,Proprietary  ,2,30,32,33,126,159
00835500,JAMES RUMSEY TECHNICAL INSTITUTE        ,WV,25403-0259,Public       ,3,51,54,134,398,532
00895900,CLARKSBURG BEAUTY ACADEMY               ,WV,26301-2903,Proprietary  ,4,22,26,54,114,168
00904700,HUNTINGTON JUNIOR COLLEGE               ,WV,25701-2004,Proprietary  ,15,129,144,262,1300,1562
00905400,WEST VIRGINIA NORTHERN CMTY COLLEGE     ,WV,26003-0000,Public       ,77,277,354,1227,2394,3621
01014000,MINERAL COUNTY VOCATIONAL TECH CTR      ,WV,26726-0000,Public       ,4,13,17,22,88,110
01035600,EVEREST INSTITUTE                       ,WV,25313-1304,Proprietary  ,7,69,76,113,474,587
01057300,WEST VIRGINIA JUNIOR COLLEGE            ,WV,25322-0000,Proprietary  ,16,50,66,210,435,645
01057302,WEST VIRGINIA JUNIOR COLLEGE            ,WV,26330-0000,Proprietary  ,24,41,65,178,343,521
01086100,WEST VIRGINIA BUSINESS COLLEGE          ,WV,26301-0000,Proprietary  ,5,22,27,31,170,201
01124500,WEST VIRGINIA SCH OSTEOPATHIC MED       ,WV,24901-1128,Public       ,3,8,11,12,939,951
01174900,WOOD COUNTY SCH OF PRAC NURSING         ,WV,26101-6424,Public       ,2,18,20,44,114,158
01235900,B M SPURR SCHOOL OF PRAC NURSING        ,WV,26038-1660,Private      ,1,3,4,22,34,56
01257300,WEST VIRGINIA UNIV-HOSP-RAD TECH        ,WV,26506-8062,Private      ,7,18,25,214,173,387
01274300,BENJAMIN FRANKLIN CAREER&TECH           ,WV,25064-0000,Public       ,2,30,32,87,237,324
01290400,MONONGALIA CNTY TECH ED CTR             ,WV,26501-6841,Public       ,5,20,25,85,190,275
01290500,ACADEMY OF CAREERS AND TECHNOLOGY       ,WV,25801-0000,Public       ,7,65,72,127,384,511
02057400,ROANE-JACKSON TECHNICAL CENTER          ,WV,25252-0000,Public       ,0,9,9,30,94,124
02068000,UNITED TECHNICAL CENTER                 ,WV,26301-0000,Public       ,2,16,18,46,143,189
02070100,BECKLEY BEAUTY ACADEMY                  ,WV,25801-0000,Proprietary  ,0,0,0,14,39,53
02073400,CARVER CAREER TECH ED CTR               ,WV,25306-6397,Public       ,12,56,68,246,469,715
02145100,SCOTT COLLEGE OF COSMETOLOGY            ,WV,26003-0000,Proprietary  ,8,14,22,82,78,160
02178200,CHARLESTON SCHOOL OF BEAUTY CULTURE     ,WV,25301-0000,Proprietary  ,8,54,62,76,220,296
02218200,GARNET CAREER CENTER                    ,WV,25301-0000,Public       ,5,52,57,113,454,567
02275300,CABELL COUNTY CAREER TECHNOLOGY CTR     ,WV,25705-0000,Public       ,11,59,70,147,376,523
02524500,RALPH R WILLIS VOCATIONAL CENTER        ,WV,25601-0000,Public       ,6,11,17,35,102,137
02534800,FRED W EBERLE TECHNICAL CENTER          ,WV,26201-0000,Public       ,8,46,54,77,192,269
02535500,MERCER COUNTY TECH EDUC CNTR            ,WV,24740-0000,Public       ,7,36,43,113,325,438
02579900,NORTH CENTRAL OPPORTUNITIES INDUSTRIALIZ,WV,26554-2936,Private      ,2,25,27,49,113,162
02609400,VALLEY COLLEGE                          ,WV,25404-5711,Proprietary  ,3,51,54,31,295,326
03052000,MEREDITH MANOR EQUESTRIAN CENTRE        ,WV,26184-9707,Proprietary  ,32,19,51,301,128,429
03076500,FAYETTE INSTITUTE OF TECHNOLOGY         ,WV,25901-2174,Public       ,1,14,15,33,98,131
03084200,VALLEY COLLEGE                          ,WV,24740-3141,Proprietary  ,6,30,36,49,189,238
03084400,VALLEY COLLEGE                          ,WV,25801-2643,Proprietary  ,2,49,51,46,273,319
03098300,PUTNAM CAREER & TECHNICAL CENTER        ,WV,25070-0000,Public       ,7,18,25,90,131,221
03099200,"MOUNTAINEER BEAUTY COLLEGE, INC         ",WV,25177-2917,Proprietary  ,2,7,9,53,105,158
03102100,MORGANTOWN BEAUTY COLLEGE               ,WV,26505-5430,Proprietary  ,6,18,24,96,141,237
03123200,STANLEY TECHNICAL INSTITUTE             ,WV,26505-3751,Private      ,2,5,7,21,47,68
03327500,SOUTH BRANCH VOCATIONAL TECH CENTER     ,WV,26847-1698,Public       ,0,7,7,8,40,48
03734300,JOHN D. ROCKEFELLER IV CAREER CENTER    ,WV,26047-9424,Public       ,1,4,5,9,33,42
03819300,AMERICAN PUBLIC UNIVERSITY SYSTEM       ,WV,25414-1621,Proprietary  ,342,8936,9278,2243,54202,56445
03957300,BLUE RIDGE COMMUNITY AND TECHNICAL COLLE,WV,25401-3244,Public       ,77,334,411,892,2520,3412
03960300,NEW RIVER COMMUNITY AND TECHNICAL COLLEG,WV,25801-2636,Public       ,72,361,433,1129,2855,3984
04028300,MOUNTAIN STATE SCHOOL OF MASSAGE        ,WV,25304-2025,Proprietary  ,1,12,13,26,86,112
04038500,PIERPONT COMMUNITY & TECHNICAL COLLEGE  ,WV,26554-2451,Public       ,93,275,368,1945,2446,4391
04038600,KANAWHA VALLEY COMMUNITY & TECH COLLEGE ,WV,25112-1000,Public       ,52,244,296,734,2023,2757
04041400,MOUNTWEST COMMUNITY AND TECHNICAL COLLEG,WV,25755-3300,Public       ,66,282,348,1068,2305,3373
04047300,BRIDGEMONT COMMUNITY & TECHNICAL COLLEGE,WV,25136-2435,Public       ,11,41,52,441,451,892
04119000,EASTERN WEST VIRGINIA COMMUNITY & TECHNI,WV,26836-0000,Public       ,12,87,99,252,709,961
00106100,ALASKA PACIFIC UNIVERSITY               ,AK,99508-4672,Private      ,31,135,166,604,1123,1727
00106300,UNIVERSITY OF ALASKA FAIRBANKS          ,AK,99775-7500,Public       ,167,475,642,3530,4721,8251
00106500,UNIVERSITY OF ALASKA SOUTHEAST          ,AK,99801-8680,Public       ,64,204,268,987,1656,2643
00884300,ALASKA BIBLE COLLEGE                    ,AK,99588-0000,Private      ,2,8,10,37,43,80
01146200,UNIVERSITY OF ALASKA ANCHORAGE          ,AK,99514-1608,Public       ,511,1066,1577,7081,9952,17033
02541000,CAREER ACADEMY                          ,AK,99507-0000,Proprietary  ,34,192,226,267,923,1190
02576900,CHARTER COLLEGE                         ,AK,99508-0000,Proprietary  ,148,531,679,1012,3693,4705
03160300,AVTEC                                   ,AK,99664-0889,Public       ,34,71,105,286,479,765
03461300,ILISAGVIK COLLEGE                       ,AK,99723-0749,Public       ,4,13,17,33,89,122
04138600,ALASKA CHRISTIAN COLLEGE                ,AK,99669-9755,Private      ,4,9,13,53,63,116
00108500,UNIV ARKANSAS MONTICELLO                ,AR,71656-0000,Public       ,128,300,428,2723,2722,5445
00108600,UNIV OF ARKANSAS AT PINE BLUFF          ,AR,71601-2790,Public       ,137,205,342,4061,2215,6276
00108700,ARKANSAS BAPTIST COLLEGE                ,AR,72202-6099,Private      ,65,198,263,1311,1827,3138
00108800,LYON COLLEGE                            ,AR,72501-3699,Private      ,46,17,63,935,206,1141
00108900,ARKANSAS TECH UNIVERSITY                ,AR,72801-2222,Public       ,270,553,823,7428,6175,13603
00109000,ARKANSAS STATE UNIVERSITY               ,AR,72467-0000,Public       ,457,1198,1655,10650,13349,23999
00109006,DELTA TECHNICAL INSTITUTE               ,AR,72365-9558,Public       ,7,53,60,98,333,431
00109100,ARKANSAS STATE UNIVERSITY - BEEBE       ,AR,72012-1000,Public       ,179,459,638,2543,3702,6245
00109200,UNIVERSITY OF CENTRAL ARKANSAS          ,AR,72035-0001,Public       ,441,464,905,10505,5464,15969
00109300,CENTRAL BAPTIST COLLEGE                 ,AR,72034-6470,Private      ,33,55,88,706,638,1344
00109400,UNIVERSITY OF THE OZARKS                ,AR,72830-2880,Private      ,44,23,67,853,197,1050
00109500,CROWLEYS RIDGE COLLEGE                  ,AR,72450-9775,Private      ,13,29,42,257,232,489
00109700,HARDING UNIVERSITY                      ,AR,72149-0001,Private      ,152,125,277,4200,2038,6238
00109800,HENDERSON STATE UNIVERSITY              ,AR,71999-0001,Public       ,146,168,314,4188,2288,6476
00109900,HENDRIX COLLEGE                         ,AR,72032-3080,Private      ,93,52,145,2305,345,2650
00110000,JOHN BROWN UNIVERSITY                   ,AR,72761-2747,Private      ,58,114,172,1712,1410,3122
00110100,UNIV ARKANSAS LITTLE ROCK               ,AR,72204-1099,Public       ,296,903,1199,6278,12131,18409
00110200,OUACHITA BAPTIST UNIVERSITY             ,AR,71998-0001,Private      ,79,21,100,2057,211,2268
00110300,PHILANDER SMITH COLLEGE                 ,AR,72202-3718,Private      ,37,93,130,1184,1074,2258
00110400,PHILLIPS COUNTY COMMUNITY COLLEGE       ,AR,72342-0000,Public       ,30,109,139,585,935,1520
00110500,SHORTER COLLEGE                         ,AR,72114-4885,Private      ,5,38,43,12,83,95
00110600,WILLIAMS BAPTIST COLLEGE                ,AR,72476-4661,Private      ,16,17,33,648,206,854
00110700,SOUTHERN ARKANSAS UNIVERSITY            ,AR,71754-0000,Public       ,123,171,294,3102,2153,5255
00110800,UNIV ARKANSAS FAYETTEVILLE              ,AR,72701-0000,Public       ,839,608,1447,18986,8367,27353
00110900,UNIVERSITY OF ARKANSAS FOR MEDICAL SCIEN,AR,72205-7102,Public       ,40,194,234,789,3373,4162
00111000,UNIVERSITY OF ARKANSAS-FORT SMITH       ,AR,72904-7397,Public       ,243,520,763,4709,5217,9926
00524500,U OF A COMM COLLEGE AT MORRILTON        ,AR,72110-9601,Public       ,100,313,413,1457,2281,3738
00570700,SEARK COLLEGE                           ,AR,71603-0000,Public       ,73,276,349,836,2457,3293
00573200,UNIV AR COMMUNITY COLLEGE AT HOPE       ,AR,71801-0000,Public       ,28,161,189,662,1414,2076
00704400,CROWLEYS RIDGE TECHNICAL INSTITUTE      ,AR,72336-0000,Public       ,17,58,75,201,454,655
00732967,ITT TECHNICAL INSTITUTE                 ,AR,72204-7739,Proprietary  ,52,173,225,328,1072,1400
00773800,SOUTHERN ARKANSAS UNIVERSITY TECH       ,AR,71701-1900,Public       ,37,142,179,670,1142,1812
00792100,PAUL MITCHELL THE SCHOOL ARKANSAS       ,AR,72701-0000,Proprietary  ,14,39,53,120,207,327
00997600,OUACHITA TECHNICAL COLLEGE              ,AR,72104-0816,Public       ,34,141,175,375,1316,1691
01074100,MELLIE'S BEAUTY COLLEGE                 ,AR,72901-3886,Proprietary  ,7,24,31,69,213,282
01210500,NATIONAL PARK COMMUNITY COLLEGE         ,AR,71913-9174,Public       ,101,356,457,1317,3364,4681
01226000,EAST ARKANSAS COMMUNITY COLLEGE         ,AR,72335-2204,Public       ,35,106,141,610,1074,1684
01226100,NORTH ARKANSAS COLLEGE                  ,AR,72601-5508,Public       ,78,280,358,1152,2224,3376
01286000,ARKANSAS NORTHEASTERN COLLEGE           ,AR,72316-1109,Public       ,45,188,233,840,1600,2440
02052200,BLACK RIVER TECHNICAL COLLEGE           ,AR,72455-0000,Public       ,72,278,350,962,2548,3510
02073500,UNIVERSITY OF ARKANSAS COMMUNITY COLLEGE,AR,72503-0000,Public       ,38,149,187,688,1350,2038
02073700,NORTHWEST TECHNICAL INSTITUTE           ,AR,72765-0000,Public       ,32,127,159,296,733,1029
02074600,SOUTH ARKANSAS COMMUNITY COLLEGE        ,AR,71731-0000,Public       ,65,273,338,734,2056,2790
02075300,PULASKI TECHNICAL COLLEGE               ,AR,72118-0000,Public       ,399,1852,2251,4622,15976,20598
02087000,OZARKA COLLEGE                          ,AR,72556-0000,Public       ,51,198,249,503,1530,2033
02111100,RICH MOUNTAIN COMMUNITY COLLEGE         ,AR,71953-0000,Public       ,20,78,98,426,653,1079
02202400,PROFESSIONAL COSMETOLOGY EDUC CTR       ,AR,71730-5828,Proprietary  ,1,11,12,30,92,122
02220900,COSSATOT COMMUNITY COLLEGE              ,AR,71832-0000,Public       ,34,160,194,538,1140,1678
02260400,BEE JAY'S HAIRSTYLING ACADEMY           ,AR,72212-0000,Proprietary  ,0,0,0,12,23,35
02260401,BEE JAY'S HAIRSTYLING ACADEMY - BATESVIL,AR,72501-6709,Proprietary  ,0,0,0,4,11,15
02272400,EASTERN COLLEGE OF HEALTH VOCATIONS     ,AR,72205-3535,Proprietary  ,40,145,185,182,786,968
02284200,NEW TYLER BARBER COLLEGE INC            ,AR,72114-0000,Proprietary  ,10,50,60,84,249,333
02287400,MARSHA KAY BEAUTY COLLEGE               ,AR,72653-0000,Proprietary  ,2,5,7,19,54,73
02330800,JEFFERSON SCHOOL OF NURSING             ,AR,71603-0000,Private      ,13,30,43,98,269,367
02339800,SOUTHERN INSTITUTE OF COSMETOLOGY       ,AR,72301-0000,Proprietary  ,4,10,14,28,85,113
02341700,CAREER ACADEMY OF HAIR DESIGN           ,AR,72764-4304,Proprietary  ,5,36,41,46,176,222
02341701,CAREER ACADEMY OF HAIR DESIGN - ROGERS  ,AR,72756-2102,Proprietary  ,10,20,30,51,162,213
02341702,CAREER ACADEMY OF HAIR DESIGN - SILOAM  ,AR,72761-4217,Proprietary  ,3,14,17,24,54,78
02348200,MID-SOUTH COMMUNITY COLLEGE             ,AR,72301-0000,Public       ,52,193,245,831,2022,2853
02363500,ARTHUR'S BEAUTY COLLEGE                 ,AR,72901-0000,Proprietary  ,6,33,39,49,190,239
02525800,LEE'S SCHOOL OF COSMETOLOGY             ,AR,72114-0000,Proprietary  ,8,21,29,60,146,206
02538500,ARTHUR'S BEAUTY COLLEGE                 ,AR,72076-0000,Proprietary  ,11,25,36,94,233,327
02569600,SEARCY BEAUTY COLLEGE                   ,AR,72143-0000,Proprietary  ,7,18,25,41,107,148
03005100,ARKANSAS BEAUTY SCHOOL                  ,AR,72209-5116,Proprietary  ,6,42,48,75,265,340
03007100,HOT SPRINGS BEAUTY COLLEGE              ,AR,71901-5432,Proprietary  ,3,26,29,41,144,185
03007600,ARKANSAS BEAUTY SCHOOL-CONWAY           ,AR,72032-4354,Proprietary  ,5,23,28,62,166,228
03023400,ARKANSAS COLLEGE OF BARBERING           ,AR,72114-5615,Proprietary  ,11,51,62,80,284,364
03063300,NORTHWEST ARKANSAS COMMUNITY COLLEG     ,AR,72712-5190,Public       ,268,719,987,3717,6506,10223
03065100,ABC BEAUTY COLLEGE                      ,AR,71923-4206,Proprietary  ,6,15,21,37,98,135
03066302,BRYAN COLLEGE -                         ,AR,72756-1825,Proprietary  ,12,54,66,79,418,497
03105200,BAPTIST HEALTH SCHOOLS LITTLE ROCK      ,AR,72210-2820,Private      ,32,176,208,576,2074,2650
03115102,HERITAGE COLLEGE - LITTLE ROCK          ,AR,72227-5544,Proprietary  ,28,160,188,216,1039,1255
03124900,IMAGINE -  PAUL MITCHELL PARTNER SCHOOL ,AR,72117-2516,Proprietary  ,17,70,87,211,464,675
03127200,ASKINS VO-TECH                          ,AR,72908-8028,Proprietary  ,0,0,0,0,10,10
03214300,VELVATEX COLLEGE OF BEAUTY CULTURE      ,AR,72202-5452,Proprietary  ,3,13,16,24,90,114
03254300,MARGARET'S HAIR ACADEMY                 ,AR,71655-4905,Proprietary  ,2,18,20,43,115,158
03519400,LYNNDALE FUNDAMENTALS OF BEAUTY SCH     ,AR,71730-4804,Proprietary  ,2,5,7,7,36,43
03855300,ECCLESIA COLLEGE                        ,AR,72762-8159,Private      ,8,23,31,140,134,274
03912300,CROSSETT SCHOOL OF COSMETOLOGY          ,AR,71635-0000,Proprietary  ,2,5,7,10,33,43
03997300,ARKANSAS BEAUTY COLLEGE                 ,AR,72801-3741,Proprietary  ,3,22,25,42,104,146
04183100,WASHINGTON BARBER COLLEGE               ,AR,72209-3820,Proprietary  ,10,22,32,56,170,226
04183400,SALON PROFESSIONAL ACADEMY (THE)        ,AR,72116-7310,Proprietary  ,6,23,29,60,176,236
00133900,CORBAN UNIVERSITY                       ,OR,97301-9392,Private      ,84,65,149,2056,871,2927
00318600,BLUE MOUNTAIN COMMUNITY COLLEGE         ,OR,97801-0000,Public       ,84,261,345,1339,2435,3774
00318800,CENTRAL OREGON COMMUNITY COLLEGE        ,OR,97701-5998,Public       ,326,818,1144,3507,7781,11288
00318900,CLATSOP COMMUNITY COLLEGE               ,OR,97103-3698,Public       ,35,172,207,633,1643,2276
00319100,CONCORDIA UNIVERSITY                    ,OR,97211-6099,Private      ,84,699,783,2337,4702,7039
00319300,EASTERN OREGON UNIVERSITY               ,OR,97850-2899,Public       ,139,248,387,3296,3802,7098
00319400,GEORGE FOX UNIVERSITY                   ,OR,97132-2697,Private      ,114,172,286,3694,2426,6120
00319600,LANE COMMUNITY COLLEGE                  ,OR,97405-0640,Public       ,498,1237,1735,7945,15421,23366
00319700,LEWIS & CLARK COLLEGE                   ,OR,97219-7899,Private      ,203,187,390,6042,4089,10131
00319800,LINFIELD COLLEGE                        ,OR,97128-6894,Private      ,127,90,217,3682,1455,5137
00319801,LINFIELD COLLEGE - PORTLAND CAMPUS      ,OR,97210-0000,Private      ,41,97,138,760,1526,2286
00319900,MARYLHURST UNIVERSITY                   ,OR,97036-7036,Private      ,12,166,178,174,2128,2302
00320300,MOUNT ANGEL SEMINARY                    ,OR,97373-0505,Private      ,0,1,1,20,30,50
00320400,MOUNT HOOD COMMUNITY COLLEGE            ,OR,97030-3300,Public       ,377,1013,1390,5796,10611,16407
00320600,MULTNOMAH BIBLE COLLEGE/SEMINARY        ,OR,97220-5898,Private      ,23,79,102,564,1001,1565
00320700,PACIFIC NORTHWEST COLLEGE OF ART        ,OR,97209-3023,Private      ,46,85,131,888,1033,1921
00320800,NORTHWEST CHRISTIAN UNIVERSITY          ,OR,97401-3727,Private      ,20,86,106,702,910,1612
00320900,WESTERN OREGON UNIVERSITY               ,OR,97361-1394,Public       ,277,195,472,8300,3736,12036
00321000,OREGON STATE UNIVERSITY                 ,OR,97331-8507,Public       ,1201,1016,2217,26306,15060,41366
00321100,OREGON INSTITUTE OF TECHNOLOGY          ,OR,97601-8801,Public       ,125,201,326,3170,3046,6216
00321200,PACIFIC UNIVERSITY                      ,OR,97116-1797,Private      ,137,124,261,4197,3474,7671
00321300,PORTLAND COMMUNITY COLLEGE              ,OR,97219-7198,Public       ,1185,3864,5049,16290,40067,56357
00321311,PORTLAND COMMUNITY COLLEGE - TILLAMOOK B,OR,97141-2599,Public       ,18,70,88,148,386,534
00321600,PORTLAND STATE UNIVERSITY               ,OR,97207-0000,Public       ,877,1724,2601,17240,27690,44930
00321700,REED COLLEGE                            ,OR,97202-8199,Private      ,116,88,204,3100,1003,4103
00321800,CHEMEKETA COMMUNITY COLLEGE             ,OR,97309-1500,Public       ,441,1423,1864,7472,15312,22784
00321900,SOUTHERN OREGON UNIVERSITY              ,OR,97520-5010,Public       ,230,277,507,6214,4393,10607
00322000,SOUTHWESTERN OREGON COMMUNITY CLG       ,OR,97420-2956,Public       ,75,161,236,1822,2127,3949
00322100,TREASURE VALLEY COMMUNITY COLLEGE       ,OR,97914-3423,Public       ,133,389,522,1758,3040,4798
00322200,UMPQUA COMMUNITY COLLEGE                ,OR,97470-0226,Public       ,73,331,404,1422,3574,4996
00322300,UNIVERSITY OF OREGON                    ,OR,97403-1226,Public       ,1250,759,2009,29446,12671,42117
00322400,UNIVERSITY OF PORTLAND                  ,OR,97203-5798,Private      ,431,310,741,11144,3847,14991
00322500,WARNER PACIFIC COLLEGE                  ,OR,97215-4099,Private      ,44,215,259,1331,2371,3702
00322700,WILLAMETTE UNIVERSITY                   ,OR,97301-3930,Private      ,179,113,292,6139,2009,8148
00487800,CLACKAMAS COMMUNITY COLLEGE             ,OR,97045-7998,Public       ,307,770,1077,4578,7349,11927
00488200,OREGON HEALTH & SCIENCE UNIVERSITY      ,OR,97239-0000,Public       ,57,259,316,1257,4977,6234
00693800,LINN BENTON COMMUNITY COLLEGE           ,OR,97321-3774,Public       ,244,608,852,4521,6657,11178
00717800,WESTERN SEMINARY                        ,OR,97215-0000,Private      ,2,78,80,29,613,642
00723402,HEALD COLLEGE - PORTLAND                ,OR,97205-3432,Proprietary  ,49,207,256,378,1705,2083
00732969,ITT TECHNICAL INSTITUTE                 ,OR,97220-6819,Proprietary  ,82,343,425,629,2414,3043
00737101,MARINELLO SCHOOL OF BEAUTY - PORTLAND   ,OR,97212-3732,Proprietary  ,16,40,56,109,301,410
00781900,ART INSTITUTE OF PORTLAND (THE)         ,OR,97209-2911,Proprietary  ,181,279,460,2330,2682,5012
00888700,CONCORDE CAREER INSTITUTE               ,OR,97232-2242,Proprietary  ,49,191,240,409,1496,1905
00907900,EVEREST COLLEGE                         ,OR,97204-2296,Proprietary  ,40,174,214,372,1362,1734
00958100,SPRINGFIELD COLLEGE OF BEAUTY           ,OR,97477-5474,Proprietary  ,8,29,37,89,204,293
01012200,PHAGANS' MEDFORD BEAUTY SCHOOL          ,OR,97504-5297,Proprietary  ,7,43,50,98,300,398
01018200,ROGUE COMMUNITY COLLEGE                 ,OR,97527-0000,Public       ,210,783,993,3152,8083,11235
01050700,ACADEMY OF HAIR DESIGN                  ,OR,97301-3526,Proprietary  ,10,36,46,106,270,376
01230900,UNIVERSITY OF WESTERN STATES            ,OR,97230-3099,Private      ,10,45,55,139,808,947
01234700,PHAGANS CENTRAL OREGON BEAUTY CLG       ,OR,97701-5175,Proprietary  ,21,57,78,117,355,472
01234800,PHAGANS BEAUTY COLLEGE                  ,OR,97333-4716,Proprietary  ,6,22,28,91,163,254
01235000,PHAGANS SCHOOL OF HAIR DESIGN           ,OR,97267-0000,Proprietary  ,9,28,37,91,172,263
01235100,PHAGANS SCHOOL OF BEAUTY                ,OR,97301-4732,Proprietary  ,11,33,44,107,288,395
01300800,PHAGANS TIGARD BEAUTY SCHOOL            ,OR,97223-0000,Proprietary  ,8,18,26,45,106,151
02101000,NORTHWEST COLLEGE OF HAIR DESIGN        ,OR,97086-7702,Proprietary  ,53,74,127,280,694,974
02101002,NORTHWEST COLLEGE                       ,OR,97007-3954,Proprietary  ,12,23,35,39,127,166
02104900,COLLEGE OF LEGAL ARTS                   ,OR,97219-9998,Proprietary  ,9,59,68,102,495,597
02106100,COLLEGE OF COSMETOLOGY                  ,OR,97601-0000,Proprietary  ,8,27,35,64,160,224
02154400,BEAU MONDE CLG OF HAIR DESIGN           ,OR,97205-0000,Proprietary  ,17,62,79,189,443,632
02159700,NEW HOPE CHRISTIAN COLLEGE              ,OR,97405-1194,Private      ,12,38,50,314,310,624
02201900,PHAGANS' SCHOOL OF HAIR DESIGN          ,OR,97232-0000,Proprietary  ,23,61,84,207,481,688
02239203,ANTHEM COLLEGE - BEAVERTON              ,OR,97005-0000,Proprietary  ,8,30,38,110,274,384
02330100,PIONEER PACIFIC COLLEGE                 ,OR,97070-0000,Proprietary  ,27,144,171,407,1352,1759
02330102,PIONEER PACIFIC COLLEGE                 ,OR,97403-0000,Proprietary  ,24,152,176,300,1369,1669
02337900,COLLEGE OF HAIR DESIGN CAREERS          ,OR,97301-0000,Proprietary  ,5,30,35,104,256,360
02344100,ROSEBURG BEAUTY COLLEGE                 ,OR,97470-0000,Proprietary  ,6,15,21,53,151,204
02534000,NATIONAL COLLEGE OF NATURAL MEDICINE    ,OR,97201-0000,Private      ,12,88,100,88,1087,1175
02578800,NORTHWEST NANNIES INSTITUTE             ,OR,97035-0000,Proprietary  ,0,3,3,22,23,45
02603700,OREGON COL OF ORIENTAL MEDICINE         ,OR,97216-0000,Private      ,3,28,31,41,505,546
02617506,EVEREST COLLEGE - EVEREST INSTITUTE     ,OR,97223-6581,Proprietary  ,20,101,121,148,563,711
03007300,OREGON COLLEGE OF ART & CRAFT           ,OR,97225-6399,Private      ,26,58,84,372,643,1015
03022600,LE CORDON BLEU COLLEGE OF CULINARY ARTS ,OR,97205-2793,Proprietary  ,100,319,419,1102,2321,3423
03042500,CARRINGTON COLLEGE                      ,OR,97232-1302,Proprietary  ,51,246,297,437,1544,1981
03074400,PHAGANS NEWPORT ACAD CSMTLGY CAREER     ,OR,97365-4963,Proprietary  ,5,13,18,24,96,120
03074500,EAST-WEST COLLEGE OF THE HEALING ARTS   ,OR,97232-2765,Proprietary  ,12,106,118,123,652,775
03185300,PHAGANS GRANTS PASS COLLEGE OF BTY      ,OR,97527-3039,Proprietary  ,5,14,19,51,147,198
03428300,KLAMATH COMMUNITY COLLEGE               ,OR,97603-7121,Public       ,62,181,243,769,1912,2681
03642300,VALLEY MEDICAL COLLEGE                  ,OR,97305-1373,Proprietary  ,17,89,106,198,740,938
03668300,BIRTHINGWAY COLLEGE OF MIDWIFERY        ,OR,97266-4042,Private      ,7,40,47,57,326,383
03783400,ABDILL CAREER COLLEGE                   ,OR,97504-7137,Proprietary  ,17,78,95,85,493,578
04146500,PORTLAND ACTORS CONSERVATORY            ,OR,97201-2557,Private      ,4,29,33,76,183,259
04151900,COLUMBIA GORGE COMMUNITY COLLEGE        ,OR,97058-3434,Public       ,33,126,159,538,1292,1830
04167400,SAGE SCHOOL OF MASSAGE & HEALING ARTS   ,OR,97701-4082,Proprietary  ,8,17,25,67,183,250
04171400,AVEDA INSTITUTE PORTLAND                ,OR,97209-3144,Proprietary  ,40,80,120,403,672,1075
04194400,AMERICAN COLLEGE OF HEALTHCARE SCIENCES ,OR,97239-3719,Proprietary  ,15,162,177,24,314,338
00137400,ALBERTUS MAGNUS COLLEGE                 ,CT,06511-1189,Private      ,38,132,170,1134,1414,2548
00137403,ALBERTUS MAGNUS CLG-NEW DIMENSIONS      ,CT,06511-0000,Private      ,7,110,117,110,954,1064
00137800,CENTRAL CONNECTICUT STATE UNIV          ,CT,06050-2490,Public       ,297,416,713,10818,5662,16480
00137900,CONNECTICUT COLLEGE                     ,CT,06320-4196,Private      ,113,34,147,3284,235,3519
00138000,WESTERN CONNECTICUT STATE UNIV          ,CT,06810-6826,Public       ,187,122,309,6461,2111,8572
00138500,FAIRFIELD UNIVERSITY                    ,CT,06430-0000,Private      ,196,106,302,7665,1312,8977
00138700,HARTFORD SEMINARY                       ,CT,06105-0000,Private      ,0,10,10,8,116,124
00138900,HOLY APOSTLES COLLEGE & SEMINARY        ,CT,06416-2005,Private      ,0,7,7,17,73,90
00139200,MANCHESTER COMMUNITY COLLEGE            ,CT,06045-1046,Public       ,283,569,852,4475,4808,9283
00139300,MITCHELL COLLEGE                        ,CT,06320-4498,Private      ,29,34,63,1103,333,1436
00139700,UNIVERSITY OF NEW HAVEN                 ,CT,06516-1999,Private      ,278,204,482,10241,2441,12682
00139800,NORTHWESTERN CT COMMUNITY COLLEGE       ,CT,06098-1747,Public       ,55,108,163,682,965,1647
00139900,NORWALK COMMUNITY TECHNICAL COLLEGE     ,CT,06854-1655,Public       ,169,356,525,2711,3410,6121
00140100,POST UNIVERSITY                         ,CT,06723-3240,Proprietary  ,202,1714,1916,2191,9718,11909
00140200,QUINNIPIAC UNIVERSITY                   ,CT,06518-1908,Private      ,405,165,570,15867,2408,18275
00140201,QUINNIPIAC UNIVERSITY SCHOOL OF LAW     ,CT,06518-0000,Private      ,7,12,19,87,944,1031
00140300,SACRED HEART UNIVERSITY                 ,CT,06825-1000,Private      ,200,244,444,8382,2746,11128
00140600,SOUTHERN CONNECTICUT STATE UNIV         ,CT,06515-1355,Public       ,298,459,757,10514,6166,16680
00140900,SAINT JOSEPH COLLEGE                    ,CT,06117-2791,Private      ,34,170,204,1238,2105,3343
00141400,TRINITY COLLEGE                         ,CT,06106-3100,Private      ,124,53,177,4032,416,4448
00141600,UNIVERSITY OF BRIDGEPORT                ,CT,06601-5650,Private      ,131,297,428,3980,3805,7785
00141700,UNIVERSITY OF CONNECTICUT-STORRS        ,CT,06269-2151,Public       ,704,363,1067,32210,6695,38905
00141702,UNIV CONN STAMFORD                      ,CT,06901-0000,Public       ,45,71,116,1094,767,1861
00141703,UNIV OF CONNECTICUT - TORINGTON         ,CT,06790-0000,Public       ,9,13,22,326,197,523
00141706,UNIV OF CONNECTICUT SCH LAW             ,CT,06105-0000,Public       ,5,26,31,101,1365,1466
00141707,UNIV OF CT - SCH OF SOCIAL WORK         ,CT,06117-0000,Public       ,4,37,41,178,789,967
00141708,UNIVERSITY OF CONNECTICUT - SCHOOL OF ME,CT,06030-1920,Public       ,8,18,26,209,640,849
00141709,UNIVERSITY OF CONNECTICUT - SCHOOL OF DE,CT,06030-1920,Public       ,20,18,38,313,385,698
00142200,UNIVERSITY OF HARTFORD                  ,CT,06117-1599,Private      ,238,193,431,11731,2709,14440
00142400,WESLEYAN UNIVERSITY                     ,CT,06459-3208,Private      ,154,24,178,6016,347,6363
00142500,EASTERN CONNECTICUT STATE UNIV          ,CT,06226-2295,Public       ,201,144,345,6880,1656,8536
00142600,YALE UNIVERSITY                         ,CT,06520-8288,Private      ,752,343,1095,19694,9065,28759
00280301,RENSSELAER POLYTECHNIC INSTITUTE-RENSSEL,CT,06120-2991,Private      ,0,12,12,25,71,96
00451300,HOUSATONIC COMMUNITY COLLEGE            ,CT,06604-4704,Public       ,210,582,792,3231,5218,8449
00618100,BRIDGEPORT HOSP SCHL OF NURSING         ,CT,06610-2896,Private      ,23,63,86,235,788,1023
00619100,ST. VINCENT'S COLLEGE                   ,CT,06606-9966,Private      ,23,78,101,443,1235,1678
00698200,NAUGATUCK VALLEY COMM-TECH COLG         ,CT,06708-3089,Public       ,252,516,768,3629,4629,8258
00730000,ELI WHITNEY TECHNICAL HIGH SCHOOL       ,CT,06514-0000,Public       ,1,10,11,17,110,127
00730300,LINCOLN TECHNICAL INSTITUTE             ,CT,06051-0000,Proprietary  ,90,243,333,700,1544,2244
00730306,LINCOLN TECHNICAL INSTITUTE - EAST WINDS,CT,06088-9631,Proprietary  ,140,103,243,1123,612,1735
00730500,PORTER AND CHESTER INSTITUTE OF BRANFORD,CT,06405-4022,Proprietary  ,42,106,148,242,564,806
00731100,WINDHAM TECHNICAL HIGH SCHOOL           ,CT,06226-2100,Public       ,0,1,1,9,15,24
00745900,PAIER COLLEGE OF ART                    ,CT,06514-3902,Proprietary  ,8,7,15,159,90,249
00763500,CAPITAL COMMUNITY COLLEGE               ,CT,06103-1207,Public       ,165,571,736,2138,5184,7322
00803700,GATEWAY COMMUNITY-TECHNICAL COLLEGE     ,CT,06511-0000,Public       ,294,792,1086,3759,6625,10384
00803800,MIDDLESEX COMMUNITY CLG                 ,CT,06457-4889,Public       ,117,260,377,1406,1910,3316
00887300,PAUL MITCHELL THE SCHOOL                ,CT,06810-6716,Proprietary  ,12,25,37,91,105,196
00887400,BRIO ACADEMY OF COSMETOLOGY             ,CT,06450-4836,Proprietary  ,5,32,37,56,150,206
00887401,BRIO ACADEMY OF COSMETOLOGY - HAMDEN    ,CT,06514-4132,Proprietary  ,3,33,36,30,112,142
00887402,BRIO ACADEMY OF COSMETOLOGY - FAIRFIELD ,CT,06824-6690,Proprietary  ,20,56,76,93,209,302
00887403,BRIO ACADEMY OF COSMETOLOGY - WILLIMANTI,CT,06226-1940,Proprietary  ,10,28,38,38,98,136
00887404,BRIO ACADEMY OF COSMETOLOGY -           ,CT,06605-4114,Proprietary  ,2,9,11,21,63,84
00927700,E C GOODWIN TECHNICAL HIGH SCHOOL       ,CT,06053-0000,Public       ,2,8,10,29,69,98
00940700,LINCOLN COLLEGE OF NEW ENGLAND          ,CT,06489-1057,Proprietary  ,32,64,96,769,1198,1967
00940701,CLEMENS COLLEGE                         ,CT,06078-0000,Proprietary  ,0,2,2,21,11,32
00976400,TUNXIS COMMUNITY COLLEGE                ,CT,06032-3187,Public       ,165,269,434,2286,2855,5141
00976500,THREE RIVERS COMMUNITY COLLEGE          ,CT,06360-6598,Public       ,153,410,563,2152,3550,5702
00982200,ALBERT I PRINCE TECHNICAL HIGH SCHOOL   ,CT,06106-3799,Public       ,0,13,13,22,122,144
01041700,BRIO ACADEMY OF EAST HARTFORD           ,CT,06108-2220,Proprietary  ,7,47,54,84,230,314
01053000,QUINEBAUG VALLEY COMMUNITY COLLEGE      ,CT,06239-1440,Public       ,59,186,245,931,1605,2536
01077900,PORTER AND CHESTER INSTITUTE-ALLCAMPUSES,CT,06615-7158,Proprietary  ,232,636,868,1572,3822,5394
01115000,ASNUNTUCK COMMUNITY COLLEGE             ,CT,06082-3800,Public       ,40,132,172,688,974,1662
01149600,BULLARD HAVENS VOC TECH SCHOOL          ,CT,06610-3499,Public       ,1,7,8,25,156,181
01169700,VINAL REGIONAL VOC TECH SCHOOL          ,CT,06457-4918,Public       ,2,3,5,12,52,64
01184300,NORWICH TECHNICAL HIGH SCHOOL           ,CT,06360-7097,Public       ,0,8,8,13,94,107
01242500,STONE ACADEMY                           ,CT,06516-4049,Proprietary  ,33,128,161,222,993,1215
01242503,STONE ACADEMY -WATERBURY                ,CT,06705-3823,Proprietary  ,4,22,26,47,165,212
01242504,STONE ACADEMY -  EAST HARTFORD          ,CT,06118-0000,Proprietary  ,4,31,35,58,248,306
01287700,SANFORD-BROWN COLLEGE                   ,CT,06855-1436,Proprietary  ,11,28,39,108,375,483
01291300,LEON INSTITUTE OF HAIR DESIGN           ,CT,06604-4226,Proprietary  ,2,9,11,6,66,72
02074000,BRANFORD HALL CAREER INSTITUTE          ,CT,06405-0000,Proprietary  ,170,696,866,919,3595,4514
02106600,AMERICAN INSTITUTE                      ,CT,06110-1922,Proprietary  ,7,52,59,66,371,437
02112300,RIDLEY LOWELL BUSINESS & TECH INST      ,CT,06320-0000,Proprietary  ,27,135,162,166,803,969
02112700,NORTH HAVEN ACADEMY                     ,CT,06473-3108,Proprietary  ,16,19,35,96,119,215
02115100,BUTLER BUSINESS SCHOOL                  ,CT,06604-0000,Proprietary  ,10,47,57,78,374,452
02148700,CONNECTICUT INST OF HAIR DESIGN         ,CT,06716-0000,Proprietary  ,4,4,8,30,53,83
02202500,NEW ENGLAND TRACTOR TRAILER SCH         ,CT,06071-2036,Proprietary  ,35,329,364,110,1161,1271
02244900,GOODWIN COLLEGE                         ,CT,06118-9980,Private      ,96,585,681,1251,5149,6400
02245300,HOWELL CHENEY TECHNICAL HIGH SCHOOL     ,CT,06040-0000,Public       ,1,4,5,15,28,43
02265900,WINDHAM COMMUNITY MEM HOSP-RAD TECH     ,CT,06226-0000,Private      ,1,10,11,15,45,60
02296100,YALE-NEW HAVEN HOSP DIETETIC INTERN     ,CT,06510-8900,Private      ,3,4,7,32,52,84
02300000,W F KAYNOR TECHNICAL HIGH SCHOOL        ,CT,06708-0000,Public       ,1,6,7,23,105,128
02316600,CONNECTICUT CTR FOR MASSAGE THERAPY     ,CT,06111-3975,Proprietary  ,7,47,54,76,261,337
02316601,CONNECTICUT CENTER FOR MASSAGE THERAPY -,CT,06880-4619,Proprietary  ,5,14,19,40,176,216
02316603,CONNECTICUT CENTER FOR MASSAGE THERAPY -,CT,06340-4619,Proprietary  ,7,25,32,42,125,167
02565000,PLATT TECHNICAL HIGH SCHOOL             ,CT,06460-2105,Public       ,1,1,2,15,32,47
03079400,LYME ACADEMY COLLEGE OF FINE ARTS       ,CT,06371-2333,Private      ,6,6,12,107,39,146
03094800,INDUSTRIAL MANAGEMENT & TRAINING        ,CT,06706-1211,Proprietary  ,10,26,36,54,192,246
03234300,CHARTER OAK STATE COLLEGE               ,CT,06053-2150,Public       ,7,237,244,137,1887,2024
03316300,LINCOLN TECHNICAL INSTITUTE - HARTFORD  ,CT,06105-3630,Proprietary  ,47,109,156,718,785,1503
03381300,CONNECTICUT TRAINING CENTER             ,CT,06108-2705,Private      ,0,12,12,12,84,96
03927300,ALBERT SCHOOL (THE)                     ,CT,06357-2447,Proprietary  ,7,12,19,32,76,108
03927301,BRIO ACADEMY OF COSMETOLOGY - TORRINGTON,CT,06790-5425,Proprietary  ,2,11,13,21,47,68
03927302,BRIO ACADEMY OF COSMETOLOGY  -  ENFIELD ,CT,06082-2946,Proprietary  ,7,13,20,40,70,110
04104300,ACADEMY DI CAPELLI - SCHOOL OF COSMETOLO,CT,06492-0000,Proprietary  ,7,20,27,49,91,140
04128800,BRANFORD ACADEMY OF HAIR & COSMETOLOGY  ,CT,06405-0000,Proprietary  ,3,14,17,27,71,98
04145400,OXFORD ACADEMY OF HAIR DESIGN           ,CT,06483-2911,Proprietary  ,8,7,15,52,82,134
04148400,EUROPEAN ACADEMY OF COSMETOLOGY AND HAIR,CT,06437-0000,Proprietary  ,1,6,7,13,21,34
04152400,INTERNATIONAL INSTITUTE OF COSMETOLOGY  ,CT,06109-0000,Proprietary  ,9,16,25,109,94,203
04162900,TONSORIAL ACADEMY OF COSMETOLOGY AND BAR,CT,06516-0000,Proprietary  ,0,1,1,2,19,21
00146600,BARRY UNIVERSITY                        ,FL,33161-6695,Private      ,303,895,1198,6706,10579,17285
00146601,BARRY UNIVERSITY - ORLANDO              ,FL,32807-3673,Private      ,38,189,227,494,2479,2973
00146700,BETHUNE COOKMAN UNIVERSITY              ,FL,32114-3099,Private      ,367,211,578,7853,2318,10171
00146800,ST THOMAS UNIVERSITY                    ,FL,33054-0000,Private      ,94,207,301,1885,3383,5268
00146900,FLORIDA INSTITUTE OF TECHNOLOGY         ,FL,32901-6988,Private      ,234,963,1197,5062,8703,13765
00147000,BREVARD COMMUNITY COLLEGE               ,FL,32922-6503,Public       ,530,1384,1914,7159,11614,18773
00147100,CENTRAL FLORIDA COMMUNITY COLLEGE       ,FL,34478-1388,Public       ,365,1011,1376,5386,9435,14821
00147200,CHIPOLA  COLLEGE                        ,FL,32446-2053,Public       ,81,207,288,1354,1767,3121
00147300,CLEARWATER CHRISTIAN COLLEGE            ,FL,33759-0000,Private      ,29,33,62,852,257,1109
00147500,DAYTONA STATE COLLEGE                   ,FL,32114-2800,Public       ,749,1735,2484,9219,15437,24656
00147700,EDISON STATE COLLEGE                    ,FL,33906-6210,Public       ,619,1243,1862,8908,12095,21003
00147800,EDWARD WATERS COLLEGE                   ,FL,32209-6199,Private      ,72,105,177,1442,1176,2618
00147900,EMBRY-RIDDLE AERONAUTICAL UNIV          ,FL,32114-3900,Private      ,346,1193,1539,8206,9137,17343
00148000,FLORIDA A & M UNIVERSITY                ,FL,32307-3100,Public       ,882,538,1420,19224,10064,29288
00148100,FLORIDA ATLANTIC UNIVERSITY             ,FL,33431-6498,Public       ,1665,1417,3082,29681,19404,49085
00148101,FLORIDA ATLANTIC UNIVERSITY/DAVIE       ,FL,33314-0000,Public       ,186,465,651,3078,5723,8801
00148103,FLORIDA ATLANTIC UNIV-JUPITER/PSL       ,FL,33458-0000,Public       ,114,159,273,1617,1783,3400
00148200,FLORIDA COLLEGE                         ,FL,33617-5578,Private      ,26,13,39,569,116,685
00148400,FLORIDA STATE COLLEGE AT JACKSONVILLE   ,FL,32202-4030,Public       ,1271,3566,4837,16260,32119,48379
00148500,FLORIDA KEYS COMMUNITY COLLEGE          ,FL,33040-4397,Public       ,63,139,202,761,1033,1794
00148600,FLORIDA MEMORIAL UNIVERSITY             ,FL,33054-6199,Private      ,152,214,366,3174,2073,5247
00148700,ECKERD COLLEGE                          ,FL,33711-4744,Private      ,125,169,294,3635,1419,5054
00148800,FLORIDA SOUTHERN COLLEGE                ,FL,33801-5698,Private      ,225,215,440,4564,1667,6231
00148900,FLORIDA STATE UNIVERSITY                ,FL,32306-2430,Public       ,3235,1311,4546,58996,21439,80435
00149000,GULF COAST COMMUNITY COLLEGE            ,FL,32401-1058,Public       ,263,781,1044,3233,6103,9336
00149300,INDIAN RIVER STATE COLLEGE              ,FL,34981-5596,Public       ,586,1546,2132,7896,12417,20313
00149500,JACKSONVILLE UNIVERSITY                 ,FL,32211-3394,Private      ,317,564,881,4455,4985,9440
00149700,JONES COLLEGE                           ,FL,32211-5588,Private      ,28,114,142,164,1196,1360
00149900,EVEREST UNIVERSITY                      ,FL,32810-5601,Proprietary  ,79,524,603,786,4948,5734
00149901,EVEREST UNIVERSITY - ORLANDO SOUTH      ,FL,32819-7666,Proprietary  ,807,7440,8247,4039,44660,48699
00149902,EVEREST UNIVERSITY - MELBOURNE          ,FL,32905-6609,Proprietary  ,25,205,230,196,1523,1719
00150000,BROWARD COLLEGE- DOWNTOWN CTR           ,FL,33301-2298,Public       ,726,1888,2614,7761,14774,22535
00150001,BROWARD COLLEGE - DAVIE CAMPUS          ,FL,33314-0000,Public       ,702,1318,2020,12047,14417,26464
00150002,BROWARD COLLEGE- NORTH CAMPUS           ,FL,33066-0000,Public       ,481,1177,1658,8009,12525,20534
00150003,BROWARD COLLEGE- SOUTH CAMPUS           ,FL,33024-0000,Public       ,516,1128,1644,8836,12203,21039
00150100,LAKE CITY COMMUNITY COLLEGE             ,FL,32025-2007,Public       ,143,416,559,1462,3181,4643
00150200,LAKE SUMTER COMMUNITY COLLEGE           ,FL,34788-8751,Public       ,201,464,665,2879,3722,6601
00150400,"STATE COLLEGE OF FLORIDA, MANATEE-SARASO",FL,34207-3596,Public       ,427,974,1401,5723,8428,14151
00150500,LYNN UNIVERSITY                         ,FL,33431-5598,Private      ,153,154,307,2632,1226,3858
00150600,MIAMI DADE COLLEGE ADMINISTRATION ONLY  ,FL,33176-3393,Public       ,51,120,171,808,1121,1929
00150601,MIAMI DADE COLLEGE - NORTH CAMPUS       ,FL,33167-3495,Public       ,905,2092,2997,14558,18814,33372
00150602,MIAMI DADE COLLEGE - KENDALL CAMPUS     ,FL,33176-3393,Public       ,1278,1965,3243,20767,18604,39371
00150603,MIAMI DADE COLLEGE - WOLFSON CAMPUS     ,FL,33132-2297,Public       ,728,1420,2148,11571,13371,24942
00150604,MIAMI DADE COLLEGE - MEDICAL CAMPUS     ,FL,33127-4693,Public       ,253,910,1163,3640,8174,11814
00150605,MIAMI DADE COLLEGE - HOMESTEAD CAMPUS   ,FL,33030-6009,Public       ,200,510,710,3144,4425,7569
00150606,MIAMI DADE COLLEGE -INTERAMERICAN CAMPUS,FL,33135-0000,Public       ,322,930,1252,4465,8617,13082
00150607,MIAMI DADE COLLEGE - HIALEAH CAMPUS     ,FL,33012-2918,Public       ,326,718,1044,4419,5683,10102
00150800,NORTH FLORIDA COMMUNITY COLLEGE         ,FL,32340-1699,Public       ,54,140,194,662,1095,1757
00150900,NOVA SOUTHEASTERN UNIVERSITY            ,FL,33314-7796,Private      ,444,2439,2883,7632,35053,42685
00151000,NORTHWEST FLORIDA STATE COLLEGE         ,FL,32578-1295,Public       ,241,747,988,2675,5682,8357
00151200,PALM BEACH COMMUNITY COLLEGE            ,FL,33461-4796,Public       ,1215,2153,3368,16390,19047,35437
00151300,PENSACOLA STATE COLLEGE                 ,FL,32504-8998,Public       ,480,1420,1900,5807,11204,17011
00151400,POLK STATE COLLEGE                      ,FL,33881-4256,Public       ,446,1027,1473,5909,9464,15373
00151500,ROLLINS COLLEGE                         ,FL,32789-4499,Private      ,195,134,329,3837,1672,5509
00151900,SANTA FE COLLEGE                        ,FL,32606-6200,Public       ,840,1193,2033,11492,11157,22649
00152000,SEMINOLE STATE COLLEGE OF FLORIDA       ,FL,32773-6199,Public       ,775,1978,2753,11427,17931,29358
00152100,SOUTHEASTERN UNIVERSITY                 ,FL,33801-6099,Private      ,175,201,376,3124,1719,4843
00152200,SOUTH FLORIDA COMMUNITY COLLEGE         ,FL,33825-9399,Public       ,110,332,442,1706,2456,4162
00152300,SAINT JOHNS RIVER STATE COLLEGE         ,FL,32177-3897,Public       ,267,611,878,3391,5288,8679
00152600,SAINT LEO UNIVERSITY                    ,FL,33574-6665,Private      ,200,1604,1804,4253,16634,20887
00152800,ST. PETERSBURG COLLEGE                  ,FL,33760-3768,Public       ,1014,2949,3963,12098,27239,39337
00153100,STETSON UNIVERSITY                      ,FL,32723-3761,Private      ,320,114,434,5174,1215,6389
00153101,STETSON UNIVERSITY - COLLEGE OF LAW     ,FL,33707-3299,Private      ,17,55,72,155,2073,2228
00153300,TALLAHASSEE COMMUNITY COLLEGE           ,FL,32304-2895,Public       ,784,1138,1922,12763,11403,24166
00153400,EVEREST UNIVERSITY                      ,FL,33614-5801,Proprietary  ,87,549,636,700,5370,6070
00153408,EVEREST UNIVERSITY - TAMPA BRANDON CAMPU,FL,33619-1354,Proprietary  ,116,1029,1145,1096,13665,14761
00153409,EVEREST UNIVERSITY - ORANGE PARK        ,FL,32073-1111,Proprietary  ,34,212,246,169,1448,1617
00153500,UNIVERSITY OF FLORIDA                   ,FL,32611-3150,Public       ,2786,1409,4195,55765,22928,78693
00153600,UNIVERSITY OF MIAMI                     ,FL,33146-6531,Private      ,1494,567,2061,25251,7616,32867
00153601,UNIV OF MIAMI SCHOOL OF LAW             ,FL,33124-0000,Private      ,25,48,73,229,2829,3058
00153602,UNIV OF MIAMI-SCH OF MEDICINE           ,FL,33136-0000,Private      ,118,120,238,1260,2215,3475
00153700,UNIVERSITY OF SOUTH FLORIDA             ,FL,33620-6960,Public       ,2524,2111,4635,47962,29081,77043
00153701,UNIV OF SOUTH FLORIDA-ST PETERSBURG     ,FL,33701-0000,Public       ,300,458,758,5025,4625,9650
00153702,UNIV OF SOUTH FLORIDA-SARASOTA          ,FL,34243-2025,Public       ,84,228,312,1270,2471,3741
00153705,UNIV OF SOUTH FLORIDA                   ,FL,33803-0000,Public       ,137,206,343,1724,2299,4023
00153706,UNIV OF SOUTH FLORIDA- MEDICINE         ,FL,33612-0000,Public       ,192,149,341,1959,2579,4538
00153800,UNIVERSITY OF TAMPA                     ,FL,33606-1490,Private      ,648,427,1075,13461,4423,17884
00154000,WEBBER INTERNATIONAL UNIVERSITY         ,FL,33827-0096,Private      ,54,35,89,1392,405,1797
00173308,NATIONAL-LOUIS UNIVERSITY               ,FL,33609-0000,Private      ,3,21,24,15,129,144
00177201,TRINITY INTERNATIONAL UNIVERSITY - SOUTH,FL,33324-4611,Private      ,11,59,70,78,595,673
00395400,UNIV OF CENTRAL FLORIDA                 ,FL,32816-0001,Public       ,3557,2427,5984,76371,36949,113320
00395500,UNIVERSITY OF WEST FLORIDA              ,FL,32514-5750,Public       ,666,800,1466,13072,8958,22030
00407215,NORTHWOOD UNIVERSITY                    ,FL,33409-0000,Private      ,41,78,119,678,638,1316
00491004,KAPLAN CAREER INSTITUTE - KAPLAN COLLEGE,FL,33026-3978,Proprietary  ,23,270,293,174,1821,1995
00491005,KAPLAN COLLEGE JACKSONVILLE             ,FL,32216-3216,Proprietary  ,42,377,419,278,2948,3226
00558500,LIVELY TECHNICAL CENTER                 ,FL,32304-0000,Public       ,119,428,547,819,2745,3564
00558600,LINDSEY HOPKINS TECHNICAL ED CENTER     ,FL,33127-4692,Public       ,42,218,260,299,1268,1567
00559400,D G ERWIN TECHNICAL CENTER              ,FL,33610-8255,Public       ,91,421,512,787,2810,3597
00560500,PINELLAS TECH ED CTR-CLEARWATER         ,FL,33760-2194,Public       ,60,335,395,423,1949,2372
00560700,SARASOTA COUNTY TECHNICAL INSTITUTE     ,FL,34233-0000,Public       ,31,173,204,357,1174,1531
00560800,TRAVISS TECHNICAL CENTER                ,FL,33803-0000,Public       ,66,236,302,540,1741,2281
00561200,MANATEE TECHNICAL INSTITUTE             ,FL,34210-0000,Public       ,73,274,347,569,1834,2403
00561201,MANATEE TECHNICAL INSTITUTE-EAST        ,FL,34211-0000,Public       ,51,166,217,348,1139,1487
00675000,VALENCIA COMMUNITY COLLEGE              ,FL,32802-3028,Public       ,2475,3932,6407,33756,35044,68800
00732910,ITT TECHNICAL INSTITUTE                 ,FL,33634-7515,Proprietary  ,177,660,837,1038,3952,4990
00732947,ITT TECHNICAL INSTITUTE                 ,FL,32746-1607,Proprietary  ,139,518,657,651,2569,3220
00752500,SUWANNEE-HAMILTON AREA VOC TECH CTR     ,FL,32060-0000,Public       ,12,52,64,92,382,474
00752600,WASHINGTON HOLMES TECHNICAL CENTER      ,FL,32428-1699,Public       ,28,91,119,164,625,789
00755800,LEE COUNTY HIGH TECH CENTER CENTRAL     ,FL,33916-2299,Public       ,63,212,275,593,1494,2087
00758600,REMINGTON COLLEGE - TAMPA CAMPUS        ,FL,33612-8410,Private      ,41,176,217,264,1235,1499
00787000,HILLSBOROUGH COMMUNITY COLLEGE          ,FL,33606-3572,Public       ,1507,3258,4765,18494,26652,45146
00789300,FLAGLER COLLEGE                         ,FL,32085-1027,Private      ,235,115,350,5185,1151,6336
00789301,FLAGLER COLLEGE - TALLAHASSEE COMMUNITY ,FL,32304-2895,Private      ,40,112,152,578,1088,1666
00807500,ST JOHN VIANNEY COLLEGE SEMINARY        ,FL,33165-3244,Private      ,9,5,14,49,36,85
00814600,EVEREST UNIVERSITY - POMPANO BEACH      ,FL,33062-2522,Proprietary  ,72,555,627,544,4944,5488
00822300,ST VINCENT DE PAUL REGIONL SEMINARY     ,FL,33436-0000,Private      ,0,5,5,8,38,46
00841700,STENOTYPE INST OF JACKSONVILLE          ,FL,32207-0000,Proprietary  ,10,65,75,72,601,673
00869410,RASMUSSEN COLLEGE - OCALA               ,FL,34471-7051,Proprietary  ,123,853,976,872,6630,7502
00869411,RASMUSSEN COLLEGE - NEW PORT RICHEY     ,FL,34690-4554,Proprietary  ,25,126,151,292,1519,1811
00869413,RASMUSSEN COLLEGE - FORT MYERS          ,FL,33905-7805,Proprietary  ,52,193,245,453,1858,2311
00869420,RASMUSSEN COLLEGE - TAMPA               ,FL,33610-9558,Proprietary  ,25,137,162,230,981,1211
00869422,RASMUSSEN COLLEGE - PASCO               ,FL,33558-0000,Proprietary  ,10,62,72,69,419,488
00884800,WARNER UNIVERSITY                       ,FL,33859-8725,Private      ,81,93,174,779,941,1720
00884900,PALM BEACH ATLANTIC UNIVERSITY          ,FL,33401-6505,Private      ,173,302,475,3903,3284,7187
00887800,MIAMI INTERNATIONAL UNIV ART&DESIGN     ,FL,33132-1418,Proprietary  ,271,366,637,3567,3378,6945
00910400,RIVERSIDE HAIRSTYLING ACADEMY           ,FL,32207-3810,Proprietary  ,4,28,32,29,140,169
00963500,FLORIDA INTERNATIONAL UNIVERSITY        ,FL,33199-0001,Public       ,2127,2411,4538,42411,35267,77678
00984100,UNIVERSITY OF NORTH FLORIDA             ,FL,32224-2645,Public       ,1238,963,2201,19285,12089,31374
00990200,SHERIDAN TECHNICAL CENTER               ,FL,33021-3399,Public       ,94,483,577,711,2678,3389
01016100,"LORAINE'S ACADEMY, INC                  ",FL,33710-0000,Proprietary  ,6,61,67,62,316,378
01019500,ART INSTITUTE OF FT LAUDERDALE          ,FL,33316-3000,Proprietary  ,175,266,441,2371,2610,4981
01065200,PASCO-HERNANDO COMMUNITY CLG            ,FL,34654-5199,Public       ,442,1117,1559,5660,8956,14616
01072401,CARLOS ALBIZU UNIVERSITY                ,FL,33172-0000,Private      ,14,153,167,149,1437,1586
01082600,TOM P. HANEY TECHNICAL CENTER           ,FL,32405-5099,Public       ,46,259,305,352,1511,1863
01112700,GOODING INST OF NUR ANES BAY MED CT     ,FL,32401-0000,Proprietary  ,3,28,31,21,192,213
01226300,ATLANTIC TECHNICAL CENTER               ,FL,33063-3902,Public       ,67,304,371,580,2008,2588
01254400,FIRST COAST TECHNICAL COLLEGE           ,FL,32084-1921,Public       ,57,231,288,431,1298,1729
01257400,RINGLING SCHOOL OF ART AND DESIGN       ,FL,34234-5895,Private      ,80,30,110,2328,541,2869
01303904,SOUTH UNIVERSITY - WEST PALM BEACH CAMPU,FL,33409-5149,Proprietary  ,65,287,352,594,2274,2868
01323400,LORENZO WALKER INST OF TECHNOLOGY       ,FL,34104-4405,Public       ,49,113,162,331,868,1199
02089600,CONCORDE CAREER INSTITUTE               ,FL,32211-0000,Proprietary  ,47,256,303,349,1785,2134
02106602,AMERICAN INSTITUTE - AMERICAN INSTITUTE ,FL,34747-5161,Proprietary  ,0,59,59,19,354,373
02113609,AMERICAN INTERCONTINENTAL UNIV - WESTON ,FL,33326-3233,Proprietary  ,14,87,101,252,1047,1299
02115300,PINELLAS TECHNICAL EDUCATION CENTERS - S,FL,33711-0000,Public       ,76,449,525,499,2461,2960
02116006,SANFORD-BROWN INSTITUTE - FT. LAUDERDALE,FL,33309-1906,Proprietary  ,25,114,139,210,938,1148
02121800,EVEREST INSTITUTE                       ,FL,33169-4759,Proprietary  ,35,245,280,369,1476,1845
02121801,EVEREST INSTITUTE  - HIALEAH            ,FL,33012-7193,Proprietary  ,5,39,44,91,288,379
02148200,FASHION FOCUS HAIR ACADEMY              ,FL,34231-0000,Proprietary  ,4,23,27,46,162,208
02148300,MANHATTAN BEAUTY SCHOOL                 ,FL,33611-0000,Proprietary  ,35,170,205,181,701,882
02149900,PAUL MITCHELL THE SCHOOL-JACKSONVILLE   ,FL,32205-0000,Proprietary  ,42,120,162,301,709,1010
02151900,KEISER  UNIVERSITY                      ,FL,33309-0000,Private      ,563,2823,3386,5022,21754,26776
02156700,FLORIDA CHRISTIAN COLLEGE               ,FL,34744-0000,Private      ,22,59,81,523,412,935
02159600,BAPTIST COLLEGE OF FLORIDA (THE)        ,FL,32440-0000,Private      ,13,32,45,388,361,749
02172700,CONCORDE CAREER INSTITUTE               ,FL,33607-0000,Proprietary  ,36,175,211,274,1119,1393
02188900,HOBE SOUND BIBLE COLLEGE                ,FL,33475-0000,Private      ,4,9,13,74,102,176
02200100,BRADENTON BEAUTY & BARBER ACADEMY       ,FL,34209-0000,Proprietary  ,11,31,42,86,228,314
02215900,ATI CAREER TRAINING CENTER              ,FL,33309-1785,Proprietary  ,7,68,75,124,606,730
02218700,FLORIDA TECHNICAL COLLEGE               ,FL,32826-2707,Proprietary  ,207,768,975,1141,4212,5353
02218707,FLORIDA TECHNICAL COLLEGE - LAKELAND    ,FL,33813-2101,Proprietary  ,18,121,139,150,712,862
02218709,FLORIDA TECHNICAL COLLEGE - DELAND      ,FL,32720-7415,Proprietary  ,31,178,209,219,1117,1336
02228300,LAKE TECHNICAL CENTER                   ,FL,32726-0000,Public       ,59,271,330,489,1622,2111
02245500,FORTIS COLLEGE                          ,FL,32789-4679,Proprietary  ,27,133,160,151,1031,1182
02257900,INTERNATIONAL ACADEMY                   ,FL,32119-3541,Proprietary  ,10,66,76,102,367,469
02275100,CONCORDE CAREER INSTITUTE               ,FL,33025-0000,Proprietary  ,25,101,126,174,693,867
02278800,SOUTHWEST FLORIDA COLLEGE               ,FL,33907-0000,Proprietary  ,75,249,324,604,2201,2805
02278801,SOUTHWEST FLORIDA COLLEGE - TAMPA       ,FL,33619-1344,Proprietary  ,46,165,211,502,1202,1704
02278802,SOUTHWEST FLORIDA COLLEGE - INSTITUTUE O,FL,33928-9469,Proprietary  ,5,17,22,40,120,160
02278803,SOUTHWEST FLORIDA COLLEGE - PORT CHARLOT,FL,33953-3100,Proprietary  ,15,118,133,189,858,1047
02279600,CORTIVA INSTITUTE - FLORIDA             ,FL,33781-0000,Proprietary  ,11,36,47,56,187,243
02280800,NEW ENGLAND INST TECH-PALM BEACH        ,FL,33407-0000,Proprietary  ,52,123,175,422,1154,1576
02283800,BEAUTY SCHOOLS OF AMERICA               ,FL,33012-3322,Proprietary  ,106,702,808,531,2828,3359
02286502,ITT TECHNICAL INSTITUTE                 ,FL,32244-6630,Proprietary  ,0,1,1,0,2,2
02287100,LA BELLE BEAUTY SCHOOL                  ,FL,33012-3224,Proprietary  ,14,56,70,54,219,273
02293200,ATI CAREER TRAINING CENTER              ,FL,33309-5916,Proprietary  ,4,38,42,176,784,960
02293201,ATI CAREER TRAINING CENTER - MIAMI      ,FL,33122-1707,Proprietary  ,18,49,67,186,614,800
02293202,ATI CAREER TAINING CENTER - ATI COLLEGE ,FL,87109-2016,Proprietary  ,11,70,81,232,941,1173
02293600,ADVANCED TECHNICAL CENTERS              ,FL,33266-1597,Private      ,4,23,27,49,144,193
02297000,CHARLOTTE TECHNICAL CENTER              ,FL,33948-0000,Public       ,17,108,125,250,810,1060
02300900,WITHLACOOCHEE TECHNICAL INSTITUTE       ,FL,34450-0000,Public       ,51,146,197,270,872,1142
02305700,FORTIS COLLEGE                          ,FL,33619-1283,Proprietary  ,17,85,102,145,760,905
02305800,FLORIDA CAREER COLLEGE                  ,FL,33012-7028,Proprietary  ,301,1141,1442,1757,6252,8009
02305810,FLORIDA CAREER COLLEGE - CLEARWATER     ,FL,33759-3924,Proprietary  ,11,70,81,132,567,699
02307400,GEORGE STONE AREA VOCATIONAL TECHNICAL  ,FL,32526-0000,Public       ,58,293,351,420,1725,2145
02314100,SCHILLER INTERNATIONAL UNIVERSITY       ,FL,33770-0000,Proprietary  ,7,40,47,62,339,401
02316200,MIAMI LAKES TECHNICAL EDUCATION CTR     ,FL,33014-0000,Public       ,55,232,287,417,1531,1948
02321200,ORANGE TECH EDUC CTR- WESTSIDE TECH     ,FL,34787-0000,Public       ,39,152,191,289,954,1243
02325100,KEY COLLEGE                             ,FL,33004-3046,Proprietary  ,0,7,7,19,100,119
02326303,MEDVANCE INSTITUTE - WEST PALM          ,FL,33461-2171,Proprietary  ,14,81,95,216,695,911
02326306,MEDVANCE INSTITUTE - MIAMI              ,FL,33173-3431,Proprietary  ,9,31,40,101,359,460
02326800,MERIDIAN COLLEGE                        ,FL,34240-8478,Proprietary  ,12,47,59,59,343,402
02326801,MERIDIAN CAREER INSTITUTE -             ,FL,33619-1378,Proprietary  ,0,0,0,14,38,52
02326900,SUNSTATE ACADEMY OF HAIR DESIGN         ,FL,33907-1415,Proprietary  ,24,78,102,200,547,747
02329900,FLORIDA INSTITUTE OF ULTRASOUND         ,FL,32514-0000,Proprietary  ,17,85,102,154,586,740
02338400,FT PIERCE BEAUTY ACADEMY                ,FL,34982-0000,Proprietary  ,22,97,119,87,358,445
02346200,WYOTECH                                 ,FL,32174-1010,Proprietary  ,64,180,244,614,1283,1897
02362100,FULL SAIL UNIVERSITY                    ,FL,32792-0000,Proprietary  ,1768,4330,6098,17091,30818,47909
02499000,ACADEMY OF COSMETOLOGY                  ,FL,32953-3311,Proprietary  ,10,35,45,72,263,335
02501500,"O*TEC, MID-FLORIDA TECH                 ",FL,32809-0000,Public       ,76,329,405,670,2028,2698
02502702,ADVANCED CAREER TRAINING-JACKSONVIL     ,FL,32256-0000,Proprietary  ,21,105,126,94,419,513
02504600,WINTER PARK TECH                        ,FL,32789-0000,Public       ,24,145,169,181,867,1048
02508900,TALMUDIC COLLEGE OF FLORIDA             ,FL,33139-0000,Private      ,5,5,10,52,34,86
02511700,RIDGE TECHNICAL CENTER                  ,FL,33881-0000,Public       ,51,192,243,412,1386,1798
02513200,ORLANDO TECHNICAL CENTER                ,FL,32801-0000,Public       ,67,326,393,658,2106,2764
02515400,CITY COLLEGE                            ,FL,33309-3073,Private      ,58,299,357,507,2590,3097
02517100,SARASOTA SCHOOL OF MASSAGE THERAPY      ,FL,34243-6130,Proprietary  ,6,36,42,43,186,229
02524000,SUNSTATE ACADEMY OF HAIR DESIGN         ,FL,34624-0000,Proprietary  ,20,52,72,102,297,399
02524200,ROBERT MORGAN EDUCATIONAL CENTER        ,FL,33177-0000,Public       ,73,193,266,490,1248,1738
02547600,FLORIDA NATIONAL COLLEGE                ,FL,33012-0000,Proprietary  ,125,415,540,820,2917,3737
02554200,RADFORD LOCKLIN TECH CENTER             ,FL,32570-0000,Public       ,14,50,64,111,399,510
02573200,LA BELLE BEAUTY ACADEMY                 ,FL,33135-0000,Proprietary  ,15,71,86,109,417,526
02597100,HERITAGE INSTITUTE                      ,FL,33912-7132,Proprietary  ,61,205,266,385,1144,1529
02598200,SOUTHERN CAREER COLLEGE                 ,FL,32211-0000,Proprietary  ,7,61,68,71,436,507
02599800,EVEREST UNIVERSITY                      ,FL,33770-2556,Proprietary  ,18,150,168,141,1074,1215
02599801,EVEREST UNIVERSITY - TAMPA LAKELAND CAMP,FL,33801-3801,Proprietary  ,16,172,188,202,1433,1635
02599805,EVEREST UNIVERSITY - JACKSONVILLE       ,FL,32256-0000,Proprietary  ,55,316,371,385,2383,2768
02601600,HENRY W BREWSTER TECHNICAL CENTER       ,FL,33602-0000,Public       ,24,136,160,224,925,1149
02612700,"SALON PROFESSIONAL ACADEMY - MELBOURNE, ",FL,32904-3919,Proprietary  ,13,34,47,97,245,342
02616400,SANFORD-BROWN INSTITUTE                 ,FL,32256-3520,Proprietary  ,24,123,147,261,1453,1714
02616401,SANFORD-BROWN INSTITUTE - TAMPA         ,FL,33610-8304,Proprietary  ,32,120,152,219,932,1151
03003200,EVEREST INSTITUTE                       ,FL,33186-1410,Proprietary  ,21,155,176,315,1053,1368
03003201,EVEREST INSTITUTE - FT. LAUDERDALE      ,FL,33304-2522,Proprietary  ,0,0,0,56,258,314
03003600,MCFATTER TECHNICAL CENTER               ,FL,33317-7499,Public       ,62,228,290,548,1667,2215
03006801,PENNSYLVANIA CULINARY INSTITUTE - LE COR,FL,33025-3929,Proprietary  ,24,82,106,305,1237,1542
03008600,FLORIDA COLLEGE OF NATURAL HEALTH       ,FL,33064-1342,Proprietary  ,56,192,248,286,1035,1321
03010608,VIRGINIA COLLEGE - PENSACOLA            ,FL,32501-5650,Proprietary  ,31,214,245,214,1485,1699
03010612,VIRGINIA COLLEGE - GOLF ACADEMY OF AMERI,FL,32701-0000,Proprietary  ,4,14,18,114,251,365
03010618,VIRGINIA COLLEGE - JACKSONVILLE         ,FL,32207-5167,Proprietary  ,17,145,162,198,1048,1246
03012300,ASM BEAUTY WORLD ACADEMY                ,FL,33021-0000,Proprietary  ,5,39,44,39,207,246
03018500,BENE'S INTERNATIONAL SCHOOL OF BEAUTY   ,FL,34652-1637,Proprietary  ,19,67,86,109,383,492
03028200,TRINITY COLLEGE OF FLORIDA              ,FL,34655-4401,Private      ,8,22,30,171,208,379
03031400,INTERNATIONAL ACADEMY OF DESIGN AND TECH,FL,33634-6313,Proprietary  ,130,491,621,1434,4819,6253
03031402,INTERNATIONAL ACADEMY OF DESIGN AND TECH,FL,32809-4613,Proprietary  ,42,118,160,619,1078,1697
03031403,IADT - ORLANDO CULINARY ACADEMY         ,FL,32819-0000,Proprietary  ,35,86,121,375,757,1132
03035800,HERITAGE INSTITUTE                      ,FL,32216-0948,Proprietary  ,23,112,135,124,706,830
03035900,NATIONAL AVIATION ACADEMY               ,FL,33760-3931,Proprietary  ,48,134,182,370,971,1341
03037500,HODGES UNIVERSITY                       ,FL,34119-7932,Private      ,85,409,494,746,4185,4931
03054200,FORTIS COLLEGE                          ,FL,33144-2373,Proprietary  ,15,56,71,204,386,590
03071600,COLLEGE OF BUSINESS & TECHNOLOGY        ,FL,33176-0000,Proprietary  ,42,260,302,362,1556,1918
03076402,BRYMAN SCHOOL OF ARIZONA (THE) - ANTHEM ,FL,32803-3509,Proprietary  ,5,19,24,65,215,280
03079800,GEORGE T BAKER AVIATION                 ,FL,33142-5687,Public       ,40,65,105,416,615,1031
03079900,CITY COLLEGE                            ,FL,32707-0000,Private      ,10,82,92,87,546,633
03089200,NOUVELLE INSTITUTE                      ,FL,33125-4141,Proprietary  ,9,89,98,48,391,439
03096300,FORTIS INSTITUTE                        ,FL,33860-0000,Proprietary  ,13,22,35,41,175,216
03100800,TAYLOR TECHNICAL INSTITUTE              ,FL,32348-0894,Public       ,10,33,43,58,252,310
03101900,TRINITY BAPTIST COLLEGE                 ,FL,32221-1398,Private      ,19,37,56,295,302,597
03103900,MARION COUNTY COMMUNITY TECH & ADUL     ,FL,34474-3172,Public       ,46,258,304,401,1709,2110
03108500,EVERGLADES UNIVERSITY                   ,FL,33431-0000,Private      ,33,269,302,242,1863,2105
03108600,COM-PU-MED VOCATIONAL CAREERS           ,FL,33012-4861,Proprietary  ,7,79,86,46,332,378
03113400,ACADEMY OF HEALING ARTS                 ,FL,33463-2113,Proprietary  ,11,35,46,45,195,240
03114700,PRAXIS INSTITUTE                        ,FL,33135-2657,Proprietary  ,4,44,48,30,267,297
03115500,ADVENTIST UNIVERSITY OF HEALTH SCIENCES ,FL,32803-1237,Private      ,113,360,473,1901,4167,6068
03123900,KEISER CAREER COLLEGE                   ,FL,33413-0000,Proprietary  ,44,221,265,399,1681,2080
03125600,MIAMI AD SCHOOL                         ,FL,33139-5203,Proprietary  ,17,58,75,103,447,550
03127900,TECHNICAL EDUCATION CTR OSCEOLA         ,FL,34744-4459,Public       ,51,231,282,433,1378,1811
03158300,LEE COUNTY HIGH TECH CENTER NORTH       ,FL,33993-2479,Public       ,39,105,144,230,688,918
03171300,UNIVERSITY OF ST. AUGUSTINE FOR HEALTH S,FL,32084-4215,Proprietary  ,11,285,296,124,1716,1840
03178400,CORAL RIDGE NURSES ASST TRAINING        ,FL,33306-0000,Proprietary  ,5,18,23,32,134,166
03224300,NEW PROFESSIONS TECHNICAL INSTITUTE     ,FL,33134-1640,Proprietary  ,29,126,155,94,641,735
03230300,CHOICE HIGH SCHOOL AND TECHNICAL CENTER ,FL,32547-1299,Public       ,18,132,150,129,742,871
03238300,FLORIDA COLLEGE OF INTEGRATIVE MED      ,FL,32809-5721,Proprietary  ,11,86,97,150,551,701
03255300,FLORIDA GULF COAST UNIVERSITY           ,FL,33965-6565,Public       ,994,508,1502,17632,6690,24322
03256300,YESHIVA GEDOLAH RABBINICAL COLLEGE      ,FL,33139-4708,Private      ,14,3,17,30,16,46
03264300,SOUTH FLORIDA BIBLE COLLEGE AND THEOLOGI,FL,33441-5768,Private      ,3,15,18,19,113,132
03346300,ACAD FOR PRAC NURSING & HEALTH OCCP     ,FL,33417-4574,Private      ,52,196,248,302,1288,1590
03348400,PROFESSIONAL TRAINING CENTERS           ,FL,33184-0000,Proprietary  ,19,80,99,126,590,716
03373300,BEACON COLLEGE                          ,FL,34748-5224,Private      ,20,22,42,210,135,345
03374300,FLORIDA COASTAL SCHOOL OF LAW           ,FL,32256-0000,Proprietary  ,16,116,132,95,3370,3465
03382300,BRADFORD-UNION AREA CAREERTECHNICAL CENT,FL,32091-2434,Public       ,10,42,52,68,358,426
03390300,LINCOLN TECHNICAL INSTITUTE             ,FL,32730-2351,Proprietary  ,10,43,53,141,624,765
03411400,INTERNATIONAL TRAINING CAREERS          ,FL,33155-1462,Private      ,15,66,81,63,358,421
03414500,ACUPUNCTURE AND MASSAGE COLLEGE         ,FL,33176-1509,Proprietary  ,11,51,62,95,432,527
03425400,CENTRAL FLORIDA INSTITUTE               ,FL,34684-4436,Proprietary  ,36,109,145,191,736,927
03429600,ATLANTIC INST OF ORIENTAL MEDICINE      ,FL,33316-0000,Private      ,4,48,52,29,259,288
03429700,EAST WEST COLLG OF NATURAL MEDICINE     ,FL,34236-4959,Proprietary  ,3,22,25,31,241,272
03433400,NEW CONCEPT MASSAGE AND BEAUTY SCHO     ,FL,33135-0000,Proprietary  ,1,26,27,20,123,143
03434300,FORTIS COLLEGE                          ,FL,32073-2999,Proprietary  ,18,110,128,172,765,937
03480301,MEDVANCE INSTITUTE - FORT LAUDERDALE    ,FL,33313-7261,Proprietary  ,11,41,52,81,341,422
03480302,MEDVANCE INSTITUTE - STUART             ,FL,34994-3000,Proprietary  ,24,124,148,160,733,893
03491400,AMERICAN ADVANCED TECHNICIANS INST      ,FL,33014-4430,Proprietary  ,11,36,47,48,201,249
03549300,ULTIMATE MEDICAL ACADEMY                ,FL,33756-5802,Proprietary  ,301,3133,3434,1380,16225,17605
03553300,KEISER CAREER COLLEGE                   ,FL,32216-0000,Proprietary  ,48,218,266,420,1625,2045
03557300,NORTH FLORIDA COSMETOLOGY INSTITUTE     ,FL,32312-0000,Proprietary  ,20,64,84,150,544,694
03564300,"INTERNATIONAL SCHOOL OF HEALTH, BEAUTY &",FL,33311-1141,Proprietary  ,11,80,91,53,353,406
03570400,ENGLISH CENTER (THE)                    ,FL,33133-2703,Public       ,3,48,51,36,386,422
03595400,ANGLEY COLLEGE                          ,FL,32720-4257,Proprietary  ,0,0,0,1,4,5
03611400,FLORIDA BARBER ACADEMY                  ,FL,33441-0000,Proprietary  ,9,64,73,53,417,470
03618300,FLORIDA INSTITUTE OF ANIMAL ARTS        ,FL,32792-1740,Proprietary  ,17,53,70,177,317,494
03627400,JACKSONVILLE BEAUTY INSTITUTE           ,FL,32208-1885,Proprietary  ,10,76,86,95,392,487
03627600,FLORIDA EDUCATION INSTITUTE             ,FL,33144-5036,Proprietary  ,12,66,78,74,372,446
03661400,SOUTH FLORIDA INSTITUTE OF TECHNOLO     ,FL,33135-0000,Proprietary  ,30,172,202,180,1016,1196
03691400,AVE MARIA SCHOOL OF LAW                 ,FL,34119-1376,Private      ,8,16,24,74,810,884
03696400,SABER                                   ,FL,33134-1604,Private      ,12,62,74,63,564,627
03706300,AMERICAN INSTITUTE                      ,FL,33319-0000,Proprietary  ,9,53,62,72,279,351
03757300,ADVANCE SCIENCE INSTITUTE               ,FL,33012-0000,Proprietary  ,2,18,20,31,81,112
03801400,BEAUTY INSTITUTE (THE)                  ,FL,33409-2972,Proprietary  ,8,35,43,81,240,321
03801401,BEAUTY INSTITUTE (THE) - MARGATE        ,FL,33068-5704,Proprietary  ,4,19,23,34,101,135
03816300,ARTISTIC NAILS & BEAUTY ACADEMY         ,FL,33605-5919,Proprietary  ,32,144,176,177,600,777
03823300,FLORIDA ACADEMY OF HEALTH & BEAUTY      ,FL,33311-0000,Proprietary  ,3,4,7,20,55,75
03832300,DADE MEDICAL COLLEGE                    ,FL,33126-5534,Proprietary  ,84,471,555,868,3509,4377
03842500,CAMBRIDGE INSTITUTE OF ALLIED HEALTH    ,FL,32750-0000,Proprietary  ,9,48,57,73,316,389
03856300,UNIVERSAL BEAUTY SCHOOL                 ,FL,33174-4406,Proprietary  ,4,36,40,32,165,197
03856500,FLORIDA SCHOOL OF TRADITIONAL MIDWIFERY ,FL,32601-5507,Private      ,1,20,21,22,171,193
03875300,MCI INSTITUTE OF TECHNOLOGY             ,FL,33409-4937,Proprietary  ,29,100,129,146,523,669
03888300,DRAGON RISES COLLEGE OF ORIENTAL MEDICIN,FL,32601-5089,Proprietary  ,0,19,19,6,114,120
03903500,SOUTHERN TECHNICAL COLLEGE              ,FL,32809-0000,Proprietary  ,35,269,304,363,1999,2362
03911300,TOTAL INTERNATIONAL CAREER INSTITUTE    ,FL,33012-0000,Proprietary  ,2,69,71,16,224,240
03939300,WOLFORD COLLEGE                         ,FL,34108-1931,Proprietary  ,3,48,51,39,358,397
03939400,CENTURA INSTITUTE                       ,FL,32807-3566,Proprietary  ,18,134,152,132,689,821
03939600,DAYTONA COLLEGE                         ,FL,32174-8445,Proprietary  ,14,70,84,141,533,674
03941300,AVE MARIA UNIVERSITY                    ,FL,34142-9505,Private      ,40,20,60,1179,250,1429
03957400,NEW COLLEGE OF FLORIDA                  ,FL,34243-2109,Public       ,82,78,160,2013,588,2601
03985300,COMMERCIAL DIVING ACADEMY               ,FL,32208-0000,Proprietary  ,66,163,229,403,1090,1493
03986300,AVIATOR COLLEGE OF AERONAUTICAL SCIENCE ,FL,34946-9022,Proprietary  ,11,47,58,97,238,335
04016500,AMERICAN INSTITUTE OF BEAUTY            ,FL,33773-0000,Proprietary  ,13,65,78,103,400,503
04029300,TRENDSETTERS OF FLORIDA SCHOOL OF BEAUTY,FL,32205-4737,Proprietary  ,5,27,32,35,175,210
04038302,ATA COLLEGE-ATA CAREER EDUCATION        ,FL,34606-4300,Proprietary  ,13,68,81,71,292,363
04038303,ATA COLLEGE - ATA CAREER EDUCATION      ,FL,33773-3434,Proprietary  ,0,14,14,23,125,148
04083400,CAMBRIDGE INSTITUTE OF ALLIED HEALTH & T,FL,33484-6543,Proprietary  ,11,57,68,75,345,420
04105400,PENSACOLA SCHOOL OF MASSAGE THERAPY & HE,FL,32504-7337,Proprietary  ,18,66,84,80,417,497
04106300,PALM BEACH ACADEMY OF HEALTH & BEAUTY   ,FL,33403-2130,Proprietary  ,1,15,16,37,142,179
04116400,FUTURE-TECH INSTITUTE                   ,FL,33135-4142,Proprietary  ,5,26,31,35,124,159
04116600,TAYLOR COLLEGE                          ,FL,34420-8714,Proprietary  ,11,106,117,108,816,924
04119400,AVEDA INSTITUTE - SAINT PETERSBURG      ,FL,33701-4242,Proprietary  ,75,183,258,574,1075,1649
04120400,HI-TECH SCHOOL OF COSMETOLOGY           ,FL,33174-0000,Proprietary  ,13,22,35,103,172,275
04126900,ACADEMY OF CAREER TRAINING              ,FL,34741-4644,Proprietary  ,19,82,101,174,542,716
04127400,DIGITAL MEDIA ARTS COLLEGE              ,FL,33431-5919,Proprietary  ,34,33,67,392,320,712
04128400,MANAGEMENT RESOURCES INSTITUTE          ,FL,33126-5473,Proprietary  ,19,238,257,67,1017,1084
04129900,FLORIDA SCHOOL OF MASSAGE               ,FL,32608-5419,Proprietary  ,12,60,72,97,338,435
04130400,SHEAR EXCELLENCE INTERNATIONAL HAIR ACAD,FL,33614-2783,Proprietary  ,9,33,42,58,192,250
04131900,FASTTRAIN OF MIAMI                      ,FL,33134-1065,Proprietary  ,0,0,0,58,174,232
04132000,FASTTRAIN OF FORT LAUDERDALE            ,FL,33317-3127,Proprietary  ,0,0,0,21,121,142
04132100,FASTTRAIN OF TAMPA                      ,FL,33607-4153,Proprietary  ,0,0,0,21,150,171
04132200,FASTTRAIN OF JACKSONVILLE               ,FL,32256-4849,Proprietary  ,0,0,0,15,130,145
04133500,ACADEMY FOR FIVE ELEMENT ACUPUNCTURE    ,FL,32601-6811,Private      ,0,22,22,27,158,185
04133900,FUTURA CAREER INSTITUTE                 ,FL,33012-3325,Proprietary  ,4,51,55,17,115,132
04134800,AVEDA INSTITUTE - TALLAHASSEE           ,FL,32304-3186,Proprietary  ,41,90,131,373,660,1033
04134900,ORANGE PARK BEAUTY ACADEMY              ,FL,32073-5524,Proprietary  ,1,11,12,18,97,115
04135000,COZMO THE SCHOOL                        ,FL,34135-4810,Proprietary  ,5,15,20,24,83,107
04135900,ALLIED HEALTH INSTITUTE                 ,FL,33068-0000,Proprietary  ,19,189,208,97,1160,1257
04140800,NORTH FLORIDA ACADEMY                   ,FL,32065-7758,Proprietary  ,6,12,18,34,69,103
04143000,VOCATIONAL INSTITUTE OF FLORIDA         ,FL,33135-1939,Proprietary  ,3,20,23,40,206,246
04143100,PROFESSIONAL HANDS INSTITUTE            ,FL,33135-1939,Proprietary  ,2,25,27,14,85,99
04145900,CELEBRITY SCHOOL OF BEAUTY              ,FL,33144-4153,Proprietary  ,20,108,128,109,315,424
04146200,WALTON CAREER DEVELOPMENT CENTER        ,FL,32433-1557,Public       ,7,55,62,64,323,387
04146300,MARCHMAN TECHNICAL EDUCATION CENTER     ,FL,34653-1211,Public       ,29,70,99,195,448,643
04147800,ROSE TRAINING INSTITUTE                 ,FL,33881-4094,Proprietary  ,0,0,0,13,62,75
04148500,MEDICAL INSTITUTE OF PALM BEACH         ,FL,33460-5042,Proprietary  ,26,68,94,108,314,422
04150800,IMMOKALEE TECHNICAL CENTER              ,FL,34142-3146,Public       ,5,24,29,134,227,361
04151500,AMERICAN ACADEMY OF COSMETOLOGY         ,FL,32065-8026,Proprietary  ,8,27,35,45,149,194
04156300,UNIVERSITY OF FORT LAUDERDALE           ,FL,33313-5809,Private      ,5,21,26,67,176,243
04156400,AVIATION INSTITUTE OF MAINTENANCE       ,FL,32803-6487,Proprietary  ,40,127,167,263,669,932
04157100,AEROSIM FLIGHT ACADEMY                  ,FL,32773-9683,Proprietary  ,13,46,59,108,252,360
04158300,FLAGLER TECHNICAL INSTITUTE             ,FL,32137-4714,Public       ,13,63,76,99,449,548
04162000,JOSE MARIA VARGAS UNIVERSITY            ,FL,33025-4534,Proprietary  ,2,23,25,31,153,184
04162500,HOLLYWOOD INSTITUTE OF BEAUTY CAREERS   ,FL,33020-4807,Proprietary  ,17,145,162,73,538,611
04163000,SALON PROFESSIONAL ACADEMY (THE)        ,FL,33624-6321,Proprietary  ,12,52,64,101,281,382
04163100,SALON PROFESSIONAL ACADEMY (THE)        ,FL,32607-1672,Proprietary  ,14,39,53,103,246,349
04163200,SALON PROFESSIONAL ACADEMY (THE)        ,FL,32162-9311,Proprietary  ,8,37,45,68,205,273
04164500,EUREKA INSTITUTE OF HEALTH AND BEAUTY   ,FL,33174-4205,Proprietary  ,5,27,32,29,121,150
04164600,D. A. DORSEY EDUCATIONAL CENTER         ,FL,33147-6304,Public       ,5,45,50,45,268,313
04167300,SALON PROFESSIONAL ACADEMY (THE)        ,FL,33904-4824,Proprietary  ,6,12,18,64,151,215
04170300,BEAUTY ACADEMY OF SOUTH FLORIDA         ,FL,33012-3221,Proprietary  ,9,33,42,42,155,197
04172300,ETERNITY COSMETOLOGY SCHOOL             ,FL,33415-5719,Proprietary  ,7,60,67,45,261,306
04173600,NOTTER SCHOOL OF PASTRY ARTS            ,FL,32809-7755,Proprietary  ,9,19,28,108,254,362
04176800,PROGRESSIVE TRAINING CENTERS            ,FL,33060-9238,Proprietary  ,1,14,15,8,91,99
04176900,AMERICAN HEALTH INSTITUTE               ,FL,34654-3743,Proprietary  ,6,42,48,47,210,257
04182500,MILLENNIA ATLANTIC UNIVERSITY           ,FL,33178-2369,Proprietary  ,4,12,16,32,72,104
04188300,FLORIDA ACADEMY                         ,FL,33966-1155,Proprietary  ,21,62,83,107,365,472
04192100,AMERICAN MEDICAL ACADEMY                ,FL,33186-4830,Proprietary  ,17,47,64,136,271,407
04195100,AMBIANCE BEAUTY & BARBER ACADEMY        ,FL,32935-8771,Proprietary  ,2,23,25,27,128,155
04197600,"FLORIDA INSTITUTE OF RECORDING, SOUND AN",FL,32804-3309,Proprietary  ,34,70,104,196,370,566
04206300,FLORIDA VOCATIONAL INSTITUTE            ,FL,33155-3762,Proprietary  ,5,39,44,18,161,179
04207900,SAE INSTITUTE OF TECHNOLOGY - MIAMI     ,FL,33160-4307,Proprietary  ,26,55,81,93,184,277
04209500,SHEAR FINESSE HAIRSTYLING ACADEMY       ,FL,32208-5005,Proprietary  ,2,17,19,2,17,19
04210800,ULTRASOUND MEDICAL INSTITUTE            ,FL,33462-4221,Proprietary  ,0,4,4,0,4,4
00160500,CHAMINADE UNIV OF HONOLULU              ,HI,96816-1578,Private      ,145,187,332,2523,2367,4890
00160600,BRIGHAM YOUNG UNIV-HAWAII CAMPUS        ,HI,96762-1294,Private      ,186,98,284,2414,1161,3575
00161000,UNIVERSITY OF HAWAII AT MANOA           ,HI,96822-2399,Public       ,590,615,1205,15488,10697,26185
00161100,UNIVERSITY OF HAWAII AT HILO            ,HI,96720-4091,Public       ,179,198,377,4148,3366,7514
00161200,HONOLULU COMMUNITY COLLEGE              ,HI,96817-4598,Public       ,228,440,668,2910,3590,6500
00161300,KAPIOLANI COMMUNITY COLLEGE             ,HI,96816-4421,Public       ,250,490,740,4044,4490,8534
00161400,KAUAI COMMUNITY COLLEGE                 ,HI,96766-9591,Public       ,49,93,142,664,917,1581
00161500,UNIVERSITY OF HAWAII MAUI COLLEGE       ,HI,96732-1644,Public       ,141,380,521,1884,3646,5530
00454900,LEEWARD COMMUNITY COLLEGE               ,HI,96782-3393,Public       ,231,502,733,3209,4025,7234
00525800,HAWAII COMMUNITY COLLEGE                ,HI,96720-4075,Public       ,133,341,474,2051,3250,5301
00723401,HEALD COLLEGE - HONOLULU                ,HI,96814-0000,Proprietary  ,146,377,523,1064,2399,3463
00727900,HAWAII PACIFIC UNIVERSITY               ,HI,96813-2882,Private      ,246,424,670,5903,4642,10545
01122000,WINDWARD COMMUNITY COLLEGE              ,HI,96744-0000,Public       ,78,189,267,1153,1752,2905
02100300,MED-ASSIST SCHOOL OF HAWAII             ,HI,96813-0000,Proprietary  ,20,56,76,154,330,484
02107800,UNIVERSITY OF HAWAII - WEST OAHU        ,HI,96782-0000,Public       ,112,193,305,2118,2418,4536
02139500,HAWAII INSTITUTE OF HAIR DESIGN         ,HI,96817-5195,Proprietary  ,9,40,49,122,261,383
02159701,NEW HOPE CHRISTIAN COLLEGE - HAWAII     ,HI,96819-2228,Private      ,7,37,44,149,240,389
03017800,TRAVEL INSTITUTE OF THE PACIFIC         ,HI,96814-1946,Proprietary  ,12,36,48,84,230,314
03072500,WORLD MEDICINE INSTITUTE                ,HI,96826-0000,Private      ,7,24,31,63,170,233
03649300,HAWAII TECHNOLOGY INSTITUTE             ,HI,96813-3036,Private      ,0,0,0,115,196,311
03735300,INST OF CLINICAL ACUPUNCTURE & ORIENT MD,HI,96813-2307,Proprietary  ,1,16,17,13,114,127
03999400,TRADITIONAL CHINESE MEDICAL COLLEGE OF H,HI,96743-8324,Private      ,1,11,12,4,66,70
04165200,MAUNA LOA HELICOPTERS                   ,HI,96740-2650,Proprietary  ,0,11,11,21,78,99
04169600,HEISEI INTERNATIONAL INSTITUTE OF MASSAG,HI,96814-2254,Proprietary  ,0,0,0,5,16,21
04175100,PAUL MITCHELL THE SCHOOL HONOLULU       ,HI,96816-2433,Proprietary  ,28,42,70,176,267,443
04182200,HAWAII MEDICAL INSTITUTE                ,HI,96814-3518,Proprietary  ,34,85,119,290,601,891
00161600,BOISE STATE UNIVERSITY                  ,ID,83725-1000,Public       ,646,1029,1675,15021,14277,29298
00161700,"COLLEGE OF IDAHO, THE                   ",ID,83605-4432,Private      ,58,76,134,1786,685,2471
00161900,COLLEGE OF SOUTHERN IDAHO               ,ID,83301-0000,Public       ,228,523,751,3888,4798,8686
00161908,COLLEGE OF WESTERN IDAHO                ,ID,83687-1515,Public       ,127,381,508,4079,7382,11461
00162000,IDAHO STATE UNIVERSITY                  ,ID,83209-5377,Public       ,363,766,1129,6718,10113,16831
00162100,LEWIS-CLARK STATE COLLEGE               ,ID,83501-2698,Public       ,80,221,301,2643,2977,5620
00162300,NORTH IDAHO COLLEGE                     ,ID,83814-2199,Public       ,205,595,800,3566,5505,9071
00162400,NORTHWEST NAZARENE UNIVERSITY           ,ID,83686-5897,Private      ,57,151,208,1688,1718,3406
00162500,BRIGHAM YOUNG UNIVERSITY-IDAHO          ,ID,83460-1650,Private      ,1372,1357,2729,13787,10207,23994
00162600,UNIVERSITY OF IDAHO                     ,ID,83844-4291,Public       ,330,271,601,10739,5262,16001
00732915,ITT TECHNICAL INSTITUTE                 ,ID,83713-1529,Proprietary  ,77,321,398,541,1865,2406
00987300,MR JUAN'S CLG OF HAIR DESIGN            ,ID,83301-4154,Proprietary  ,4,16,20,35,96,131
01113300,EASTERN IDAHO TECHNICAL COLLEGE         ,ID,83404-5788,Public       ,48,175,223,502,1394,1896
02218000,CARRINGTON COLLEGE                      ,ID,83704-0000,Proprietary  ,61,265,326,460,1807,2267
02234500,BOISE BIBLE COLLEGE                     ,ID,83714-1220,Private      ,9,21,30,262,191,453
02275800,MR LEONS SCHOOL OF HAIR DESIGN          ,ID,83843-8384,Proprietary  ,4,14,18,32,72,104
02275801,MR. LEON'S SCHOOL OF HAIR DESIGN        ,ID,83501-1910,Proprietary  ,2,6,8,18,29,47
02314000,SCHOOL OF HAIRSTYLING (THE)             ,ID,83202-0000,Proprietary  ,1,14,15,30,73,103
02319800,HEADMASTERS SCHOOL OF HAIR DESIGN       ,ID,83814-0000,Proprietary  ,14,41,55,120,239,359
02349200,HEADMASTERS SCHOOL OF HAIR DESIGN       ,ID,83501-0000,Proprietary  ,3,14,17,34,81,115
02559500,RAZZLE DAZZLE CLG OF HAIR DESIGN        ,ID,83686-5104,Proprietary  ,10,40,50,80,232,312
02607100,PAUL MITCHELL THE SCHOOL BOISE          ,ID,83709-1662,Proprietary  ,26,39,65,227,368,595
03098700,ACADEMY OF COURT REPORTING              ,ID,83704-8320,Proprietary  ,23,60,83,152,587,739
03832400,COSMETOLOGY SCHOOL OF ARTS & SCIENCES   ,ID,83318-1327,Proprietary  ,2,7,9,26,75,101
04051323,ART INSTITUTE OF PHOENIX (THE) - BROWN M,ID,83709-2746,Proprietary  ,11,37,48,103,263,366
04134300,EVANS HAIRSTYLING COLLEGE               ,ID,83440-5277,Proprietary  ,5,9,14,63,61,124
04144500,HAIR ACDMY PAUL MITCHELL PARTNER SCHOOL ,ID,83440-2600,Proprietary  ,10,12,22,110,141,251
04150600,D & L ACADEMY OF HAIR DESIGN            ,ID,83301-6229,Proprietary  ,3,13,16,31,80,111
04155200,OLIVER FINLEY ACADEMY OF COSMETOLOGY    ,ID,83704-8011,Proprietary  ,25,56,81,130,361,491
04163800,MASTER EDUCATORS BEAUTY SCHOOL          ,ID,83301-4118,Proprietary  ,5,11,16,58,88,146
04168600,COLLEGE OF MASSAGE THERAPY              ,ID,83221-1758,Proprietary  ,0,10,10,39,74,113
04176700,D'SHAW INSTITUTE OF COSMETOLOGY         ,ID,83704-4406,Proprietary  ,3,21,24,53,151,204
04194800,VELVET TOUCH ACADEMY OF COSMETOLOGY     ,ID,83687-5020,Proprietary  ,6,23,29,54,150,204
04203200,BOISE BARBER COLLEGE                    ,ID,83704-5919,Proprietary  ,3,24,27,32,138,170
04203500,AUSTIN KADE ACADEMY                     ,ID,83404-5540,Proprietary  ,9,39,48,90,244,334
04207200,ACADEMY DI FIRENZE                      ,ID,83338-2329,Proprietary  ,3,5,8,9,20,29
04211800,COLLEGE OF WESTERN IDAHO                ,ID,83687-5505,Public       ,412,1169,1581,1299,3795,5094
00163200,AQUINAS INSTITUTE OF THEOLOGY           ,MO,63108-3323,Private      ,1,13,14,9,103,112
00244900,AVILA COLLEGE                           ,MO,64145-1698,Private      ,63,225,288,1549,2083,3632
00245000,CALVARY BIBLE COLLEGE                   ,MO,64147-1341,Private      ,12,40,52,201,268,469
00245200,CENTRAL BIBLE COLLEGE                   ,MO,65803-1096,Private      ,8,38,46,445,377,822
00245300,CENTRAL METHODIST UNIVERSITY            ,MO,65248-1198,Private      ,60,175,235,1841,2150,3991
00245400,UNIVERSITY OF CENTRAL MISSOURI          ,MO,64093-5178,Public       ,338,431,769,9914,5473,15387
00245600,COLUMBIA COLLEGE                        ,MO,65216-4581,Private      ,230,2427,2657,3528,23235,26763
00245700,CONCORDIA SEMINARY                      ,MO,63105-3199,Private      ,1,16,17,8,469,477
00245800,COTTEY COLLEGE                          ,MO,64772-2790,Private      ,15,8,23,395,77,472
00245900,CROWDER COLLEGE                         ,MO,64850-9165,Public       ,146,436,582,2652,3605,6257
00246000,CULVER STOCKTON COLLEGE                 ,MO,63435-1299,Private      ,48,14,62,1116,217,1333
00246100,DRURY UNIVERSITY                        ,MO,65802-3791,Private      ,145,383,528,2795,4648,7443
00246200,EDEN THEOLOGICAL SEMINARY               ,MO,63119-0000,Private      ,1,8,9,4,135,139
00246300,EVANGEL UNIVERSITY                      ,MO,65802-2125,Private      ,85,107,192,2493,1083,3576
00246400,FONTBONNE UNIVERSITY                    ,MO,63105-3098,Private      ,62,210,272,1456,2955,4411
00246600,HARRIS-STOWE STATE COLLEGE              ,MO,63103-2199,Public       ,72,232,304,1817,2429,4246
00246700,CONCEPTION SEMINARY COLLEGE             ,MO,64433-0502,Private      ,1,1,2,69,14,83
00246800,JEFFERSON COLLEGE                       ,MO,63050-2441,Public       ,165,433,598,3057,3708,6765
00247100,ST LOUIS COMMUNITY COLLEGE              ,MO,63102-0000,Public       ,855,2350,3205,13315,21192,34507
00247300,KANSAS CITY ART INSTITUTE               ,MO,64111-1874,Private      ,57,62,119,1496,583,2079
00247400,KANSAS CITY UNIV OF MED AND BIOSCIENCES ,MO,64106-0000,Private      ,10,40,50,111,1242,1353
00247600,KENRICK-GLENNON SEMINARY                ,MO,63119-4330,Private      ,1,4,5,17,18,35
00247700,A.T. STILL UNIV OF HEALTH SCIENCES      ,MO,63501-0000,Private      ,3,87,90,25,2950,2975
00247900,LINCOLN UNIVERSITY                      ,MO,65101-3500,Public       ,82,155,237,2743,2228,4971
00248000,LINDENWOOD UNIVERSITY                   ,MO,63301-1695,Private      ,338,652,990,7219,8221,15440
00248200,MARYVILLE UNIVERSITY                    ,MO,63141-7299,Private      ,93,466,559,2680,3964,6644
00248400,METROPOLITAN COMMUNITY COLLEGE          ,MO,64111-2408,Public       ,724,2332,3056,11136,18635,29771
00248500,MIDWESTERN BAPTIST THEOL SEMINARY       ,MO,64118-4697,Private      ,2,44,46,115,414,529
00248600,MINERAL AREA COLLEGE                    ,MO,63601-1000,Public       ,127,367,494,2253,3020,5273
00248800,MISSOURI SOUTHERN STATE UNIVERSITY      ,MO,64801-1595,Public       ,177,348,525,4460,4268,8728
00248900,MISSOURI VALLEY COLLEGE                 ,MO,65340-3197,Private      ,76,46,122,1783,577,2360
00249000,MISSOURI WESTERN STATE UNIVERSITY       ,MO,64507-2294,Public       ,221,207,428,5035,3209,8244
00249100,MOBERLY AREA COMMUNITY COLLEGE          ,MO,65270-1304,Public       ,219,433,652,3351,4101,7452
00249400,NAZARENE THEOLOGICAL SEMINARY           ,MO,64131-1246,Private      ,1,22,23,11,199,210
00249500,TRUMAN STATE UNIVERSITY                 ,MO,63501-4221,Public       ,159,35,194,6324,625,6949
00249600,NORTHWEST MISSOURI STATE UNIV           ,MO,64468-6001,Public       ,206,131,337,7390,1638,9028
00249800,PARK UNIVERSITY                         ,MO,64152-3795,Private      ,69,1010,1079,1755,9557,11312
00249900,ROCKHURST UNIVERSITY                    ,MO,64110-2561,Private      ,74,152,226,2279,1697,3976
00250000,COLLEGE OF THE OZARKS                   ,MO,65726-2502,Private      ,135,35,170,3544,454,3998
00250100,SOUTHEAST MISSOURI STATE UNIV           ,MO,63701-4799,Public       ,311,439,750,9395,4951,14346
00250200,SOUTHWEST BAPTIST UNIVERSITY            ,MO,65613-2597,Private      ,94,108,202,2370,1880,4250
00250300,MISSOURI STATE UNIVERSITY               ,MO,65897-0094,Public       ,664,722,1386,16897,9286,26183
00250400,ST LOUIS COLLEGE OF PHARMACY            ,MO,63110-1088,Private      ,18,37,55,910,862,1772
00250600,SAINT LOUIS UNIVERSITY                  ,MO,63103-2097,Private      ,269,505,774,11163,9299,20462
00250900,SAINT PAUL SCHOOL OF THEOLOGY           ,MO,64127-2499,Private      ,1,17,18,6,171,177
00251200,STEPHENS COLLEGE                        ,MO,65215-0001,Private      ,33,65,98,1029,796,1825
00251400,NORTH CENTRAL MISSOURI COLLEGE          ,MO,64683-1824,Public       ,42,102,144,1000,1190,2190
00251600,UNIVERSITY OF MISSOURI-COLUMBIA         ,MO,65211-1600,Public       ,1048,599,1647,29495,10209,39704
00251700,MISSOURI UNIVERSITY OF SCIENCE & TECHNOL,MO,65409-0250,Public       ,178,106,284,6097,1560,7657
00251800,UNIVERSITY OF MISSOURI-KANSAS CITY      ,MO,64110-2497,Public       ,385,742,1127,9225,11461,20686
00251900,UNIVERSITY OF MISSOURI-ST LOUIS         ,MO,63121-4499,Public       ,315,853,1168,8042,12476,20518
00252000,WASHINGTON UNIVERSITY                   ,MO,63130-4899,Private      ,446,308,754,14907,6502,21409
00252001,WASHINGTON UNIV-SCHOOL OF MEDICINE      ,MO,63110-0000,Private      ,29,42,71,238,1668,1906
00252100,WEBSTER UNIVERSITY                      ,MO,63119-3194,Private      ,127,1024,1151,3742,14273,18015
00252200,WENTWORTH MILITARY ACADEMY              ,MO,64067-1799,Private      ,16,37,53,343,299,642
00252300,WESTMINSTER COLLEGE                     ,MO,65251-1299,Private      ,31,18,49,1373,204,1577
00252400,WILLIAM JEWELL COLLEGE                  ,MO,64068-1896,Private      ,50,45,95,1630,410,2040
00252500,WILLIAM WOODS UNIVERSITY                ,MO,65251-2388,Private      ,51,229,280,1204,1405,2609
00405704,NATIONAL AMERICAN UNIVERSITY            ,MO,64057-1791,Proprietary  ,8,71,79,64,865,929
00441300,ST JOHNS HOSP SCH RAD TECH              ,MO,65802-0000,Private      ,9,36,45,140,278,418
00470300,LOGAN COLLEGE OF CHIROPRACTIC           ,MO,63006-1065,Private      ,4,55,59,72,1098,1170
00470700,COVENANT THEOLOGICAL SEMINARY           ,MO,63141-8697,Private      ,0,23,23,4,542,546
00471100,LINN STATE TECHNICAL COLLEGE            ,MO,65051-9607,Public       ,50,67,117,1510,629,2139
00471300,THREE RIVERS COMMUNITY COLLEGE          ,MO,63901-2393,Public       ,146,542,688,2269,4407,6676
00528800,KIRKSVILLE AREA TECHNICAL CENTER        ,MO,63501-0000,Public       ,2,11,13,40,117,157
00528900,WAYNESVILLE CAREER CENTER               ,MO,65583-2131,Public       ,4,28,32,64,212,276
00542400,SOUTH CENTRAL CAREER CENTER             ,MO,65775-3334,Public       ,3,34,37,69,201,270
00542600,SIKESTON CAREER AND TECHNOLOGY CTR      ,MO,63801-0000,Public       ,10,47,57,91,330,421
00542900,ROLLA TECHNICAL INSTITUTE               ,MO,65401-3601,Public       ,18,52,70,283,446,729
00543000,POPLAR BLUFF TECHNICAL CAREER CNTR      ,MO,63901-0000,Public       ,6,29,35,60,296,356
00543800,SALINE COUNTY CAREER CENTER             ,MO,65340-0000,Public       ,2,2,4,16,93,109
00544500,TRUMAN MEDICAL CENTER SCHOOL OF NURSE AN,MO,64108-2677,Private      ,14,46,60,99,305,404
00553100,GRAND RIVER TECHNICAL SCHOOL            ,MO,64601-1299,Public       ,3,6,9,77,86,163
00553200,CAPE GIRARDEAU CAREER & TECHNOLOGY CENTE,MO,63703-7511,Public       ,20,92,112,276,766,1042
00638900,BARNES JEWISH COLLEGE OF NURSING AND ALL,MO,63110-1091,Private      ,28,106,134,631,1549,2180
00639200,RESEARCH COLLEGE OF NURSING             ,MO,64132-1199,Proprietary  ,10,68,78,173,532,705
00639201,RESEARCH MEDICAL CENTER - COLLEGE OF NUR,MO,64132-1199,Proprietary  ,4,43,47,96,277,373
00639202,RESEARCH MED CTR SCHL OF RAD TECH       ,MO,64132-0000,Proprietary  ,2,28,30,34,153,187
00666600,LUTHERAN  SCHOOL OF NURSING             ,MO,63118-3909,Proprietary  ,13,62,75,163,643,806
00732923,ITT TECHNICAL INSTITUTE                 ,MO,63045-1122,Proprietary  ,167,705,872,833,3314,4147
00754000,MISSOURI BAPTIST UNIVERSITY             ,MO,63141-8698,Private      ,64,260,324,1901,3063,4964
00808000,STATE FAIR COMMUNITY COLLEGE            ,MO,65301-0000,Public       ,157,457,614,2672,3902,6574
00826900,HILLYARD TECHNICAL CENTER               ,MO,64506-0000,Public       ,8,33,41,193,374,567
00855200,STEVENS INSTITUTE OF BUSINESS & ARTS    ,MO,63103-0000,Proprietary  ,12,33,45,114,308,422
00860600,TRI-COUNTY TECHNICAL SCHOOL             ,MO,65026-0000,Public       ,0,23,23,19,79,98
00886200,EAST CENTRAL COLLEGE                    ,MO,63084-0529,Public       ,130,372,502,2281,2900,5181
00908900,HANNIBAL-LAGRANGE COLLEGE               ,MO,63401-1999,Private      ,40,59,99,926,670,1596
00952000,NATIONAL ACADEMY OF BEAUTY ARTS         ,MO,63128-1307,Proprietary  ,21,66,87,162,400,562
00959000,INDEPENDENCE COLLEGE OF COSMETOLOGY     ,MO,64055-1105,Proprietary  ,9,32,41,69,176,245
00960700,HOUSE OF HEAVILIN BEAUTY COLLEGE        ,MO,64110-2826,Proprietary  ,8,24,32,61,165,226
00978200,SAINT LUKE'S COLLEGE OF HEALTH SCIENCES ,MO,64114-3237,Private      ,21,66,87,261,651,912
00979500,MISSOURI COLLEGE                        ,MO,63144-2901,Proprietary  ,28,71,99,278,898,1176
01014814,COLORADO TECHNL UNIV NORTH KANSAS CITY  ,MO,64116-3614,Proprietary  ,8,77,85,97,684,781
01027900,HICKEY COLLEGE                          ,MO,63146-0000,Proprietary  ,41,60,101,562,538,1100
01040500,PINNACLE CAREER INSTITUTE               ,MO,64131-3367,Proprietary  ,31,374,405,265,2227,2492
01040501,PINNACLE CAREER INSTITUTE - NORTH KANSAS,MO,64153-1151,Proprietary  ,22,87,109,103,476,579
01050303,WICHITA TECHNICAL INSTITUTE - WTI JOPLIN,MO,64801-2970,Proprietary  ,10,45,55,54,390,444
01102600,WARRENSBURG AREA VOC TECH SCH           ,MO,64093-0000,Public       ,3,12,15,47,137,184
01173500,PIKE/LINCOLN TECHNICAL CENTER           ,MO,63344-0000,Public       ,3,7,10,45,111,156
01212000,ASSEMBLIES OF GOD THEO. SEMINARY        ,MO,65802-0000,Private      ,2,30,32,21,307,328
01250000,RANKEN TECHNICAL COLLEGE                ,MO,63113-2811,Private      ,166,371,537,1936,2624,4560
01258000,ST LOUIS CHRISTIAN COLLEGE              ,MO,63033-6499,Private      ,12,19,31,196,231,427
01320800,BAPTIST BIBLE COLLEGE                   ,MO,65803-3498,Private      ,13,23,36,310,278,588
02056100,FOUR RIVERS CAREER CENTER               ,MO,63090-0000,Public       ,1,9,10,33,88,121
02066900,NICHOLS CAREER CENTER                   ,MO,65101-2814,Public       ,4,26,30,106,259,365
02068200,COX HEALTH - COX COLLEGE                ,MO,65802-0000,Private      ,26,132,158,403,1338,1741
02068202,COX HEALTH - RADIOLOGIC TECHNOLOGY      ,MO,65802-0000,Private      ,12,32,44,134,264,398
02073600,KENNETT CAREER & TECHNOLOGY CENTER      ,MO,63857-0000,Public       ,1,6,7,32,111,143
02090400,BOONSLICK TECHNICAL EDUCATION CTR       ,MO,65233-0000,Public       ,0,3,3,17,58,75
02119204,COURT REPORTING INSTITUTE OF DALLAS - CO,MO,63105-3329,Proprietary  ,2,28,30,2,28,30
02121100,MIDWEST INSTITUTE                       ,MO,63122-0000,Proprietary  ,21,49,70,85,234,319
02124500,FRANKLIN TECHNOLOGY CENTER              ,MO,64801-0000,Public       ,7,49,56,112,488,600
02142200,LEX LA RAY TECHNICAL CENTER             ,MO,64067-0000,Public       ,1,10,11,41,105,146
02151000,HANNIBAL CAREER AND TECHNICAL CENTE     ,MO,63401-2285,Public       ,0,6,6,20,104,124
02154900,MISSOURI SCH OF BARB & HAIR             ,MO,63031-0000,Proprietary  ,5,26,31,27,108,135
02164200,FOREST INST PROFESSIONAL PSYCHOLOGY     ,MO,65807-0000,Private      ,1,24,25,25,407,432
02165900,CHILLICOTHE BEAUTY ACADEMY              ,MO,64601-0000,Proprietary  ,2,9,11,11,37,48
02180200,METRO BUSINESS COLLEGE                  ,MO,63701-0000,Proprietary  ,17,93,110,141,802,943
02188000,NORTHWEST TECHNICAL SCHOOL              ,MO,64468-0000,Public       ,3,3,6,75,58,133
02188100,NORTHLAND CAREER CENTER                 ,MO,64079-8333,Public       ,1,10,11,38,103,141
02202700,OZARK CHRISTIAN COLLEGE                 ,MO,64801-0000,Private      ,26,20,46,746,245,991
02203400,NEVADA REGIONAL TECHNICAL CENTER        ,MO,64772-0000,Public       ,1,14,15,48,94,142
02205200,SANFORD-BROWN COLLEGE                   ,MO,63026-7305,Proprietary  ,20,96,116,217,1114,1331
02205203,SANFORD BROWN COLLEGE-ST. PETERS        ,MO,63376-5950,Proprietary  ,15,73,88,168,713,881
02214500,SALEM COLLEGE OF HAIRSTYLING            ,MO,65401-0000,Proprietary  ,2,6,8,23,51,74
02239200,ANTHEM COLLEGE                          ,MO,63043-0000,Proprietary  ,56,160,216,358,1036,1394
02239202,ANTHEM COLLEGE - METRO SOUTH            ,MO,63026-0000,Proprietary  ,3,18,21,25,130,155
02250600,EVEREST COLLEGE                         ,MO,65807-2446,Proprietary  ,16,130,146,168,806,974
02263106,ANTHEM COLLEGE - ANTHEM COLLEGE - KANSAS,MO,64114-3232,Proprietary  ,5,49,54,67,288,355
02263400,LAKE CAREER AND TECHNICAL CENTER        ,MO,65020-0000,Public       ,2,12,14,21,60,81
02266400,CENTRAL CHRISTIAN CLG OF THE BIBLE      ,MO,65270-0000,Private      ,9,19,28,222,213,435
02277500,HOUSE OF HEAVILIN OF BLUE SPRINGS       ,MO,64014-3953,Proprietary  ,5,12,17,58,126,184
02289200,COLUMBIA AREA CAREER CENTER             ,MO,65203-0000,Public       ,10,62,72,188,587,775
02295700,MISSOURI BEAUTY ACADEMY                 ,MO,63640-1827,Proprietary  ,16,16,32,70,165,235
02300105,EVEREST COLLEGE - EARTH CITY            ,MO,63045-1100,Proprietary  ,37,150,187,224,947,1171
02304000,MISSOURI TECH                           ,MO,63303-3887,Proprietary  ,12,39,51,122,254,376
02309100,AMERICAN COLLEGE OF HAIR DESIGN         ,MO,65301-2144,Proprietary  ,3,13,16,33,84,117
02313000,CASS CAREER CENTER                      ,MO,64701-0000,Public       ,0,11,11,22,83,105
02340500,ST LOUIS COLLEGE OF HEALTH CAREERS      ,MO,63110-0000,Proprietary  ,38,239,277,358,1459,1817
02342100,CAREER & TECHNOLOGY CTR AT FT OSAGE     ,MO,64058-0000,Public       ,0,16,16,23,89,112
02361600,CONCORDE CAREER COLLEGE                 ,MO,64111-0000,Proprietary  ,47,303,350,385,1881,2266
02497500,CLINTON TECHNICAL SCHOOL                ,MO,64735-2966,Public       ,4,20,24,32,109,141
02520800,MERRELL UNIV OF BTY ARTS & SCIENCES     ,MO,65109-0000,Proprietary  ,16,39,55,119,228,347
02530600,SAINT CHARLES COMMUNITY COLLEGE         ,MO,63376-0975,Public       ,312,479,791,4676,4001,8677
02543800,PARIS II EDUCATIONAL CENTER (THE)       ,MO,64118-0000,Proprietary  ,10,34,44,66,217,283
02564700,ELAINE STEVEN BEAUTY COLLEGE            ,MO,63136-0000,Proprietary  ,24,42,66,127,297,424
02564701,ELAINE STEVEN BEAUTY COLLEGE - ADVANCE B,MO,63383-2006,Proprietary  ,0,4,4,4,19,23
02564702,ELAINE STEVEN BEAUTY COLLEGE - ADVANCE B,MO,63401-2269,Proprietary  ,2,5,7,12,20,32
02568500,GRABBER SCHOOL OF HAIR DESIGN           ,MO,63011-0000,Proprietary  ,9,22,31,58,150,208
02599700,VATTEROTT COLLEGE                       ,MO,63134-2900,Proprietary  ,68,324,392,494,2054,2548
02599701,VATTEROTT COLLEGE - KANSAS CITY         ,MO,64117-0000,Proprietary  ,20,165,185,202,1332,1534
02599702,VATTEROTT COLLEGE - SPRINGFIELD LOCATION,MO,65807-5340,Proprietary  ,19,136,155,167,881,1048
02599703,VATTEROTT COLLEGE - JOPLIN              ,MO,64801-5033,Proprietary  ,10,92,102,86,535,621
02599705,VATTEROTT COLLEGE - SUNSET HILLS        ,MO,63127-1516,Proprietary  ,21,133,154,168,1068,1236
02599712,VATTEROTT COLLEGE - O'FALLON            ,MO,63366-2748,Proprietary  ,20,70,90,151,503,654
02599714,VATTEROTT COLLEGE - EX'TREME INSTITUTE B,MO,63102-2115,Proprietary  ,0,1,1,0,1,1
02608000,NEOSHO BEAUTY COLLEGE                   ,MO,64850-1525,Proprietary  ,3,11,14,22,70,92
02609202,VATTEROTT COLLEGE-ST JOSEPH             ,MO,64501-2911,Proprietary  ,12,90,102,131,534,665
02609203,VATTEROTT COLLEGE - L'ECOLE CULINAIRE   ,MO,63124-1103,Proprietary  ,18,82,100,298,870,1168
02611004,HERITAGE COLLEGE-KANSAS CITY            ,MO,64131-4203,Proprietary  ,45,178,223,300,1086,1386
03042400,LEBANON TECHNOLOGY & CAREER CENTER      ,MO,65536-3296,Public       ,8,48,56,99,258,357
03066300,BRYAN CAREER COLLEGE                    ,MO,65806-2507,Proprietary  ,19,173,192,101,852,953
03066303,BRYAN COLLEGE - COLUMBIA                ,MO,65201-8248,Proprietary  ,5,70,75,103,526,629
03068600,SPECIAL SCHOOL DISTRICT OF ST. LOUIS CO.,MO,63127-0000,Public       ,5,68,73,68,627,695
03070200,CENTRAL COLLEGE OF COSMETOLOGY          ,MO,65583-0000,Proprietary  ,5,20,25,36,122,158
03070900,SE MO HOSP CLG NURSING & HEALTH SCI     ,MO,63703-4507,Private      ,8,40,48,184,491,675
03072800,DALLAS COUNTY CAREER CENTER             ,MO,65685-9152,Public       ,0,2,2,1,13,14
03077200,COSMETOLOGY CONCEPTS INSTITUTE          ,MO,65202-1972,Proprietary  ,5,31,36,74,134,208
03083000,OZARKS TECHNICAL COMMUNITY COLLEGE      ,MO,65802-3601,Public       ,651,1704,2355,8739,13853,22592
03092600,MESSENGER COLLEGE                       ,MO,64804-4909,Private      ,1,4,5,41,63,104
03097600,ST LOUIS HAIR ACADEMY                   ,MO,63107-1737,Proprietary  ,4,22,26,72,159,231
03101000,NEW DIMENSION SCHOOL OF HAIR DESIGN     ,MO,64801-5017,Proprietary  ,6,10,16,31,82,113
03106000,MISSOURI STATE UNIVERSITY - WEST PLAINS ,MO,65775-2715,Public       ,86,173,259,1301,1624,2925
03110900,HOUSE OF HEAVILIN BEAUTY COLLEGE        ,MO,64083-9195,Proprietary  ,2,7,9,37,69,106
03166300,MOBERLY AREA TECHNICAL CENTER           ,MO,65270-1904,Public       ,0,0,0,72,88,160
03174300,HERNDON CAREER CENTER                   ,MO,64138-2695,Public       ,2,7,9,19,43,62
03519300,MISSOURI COLLEGE OF COSMETOLOGY NORTH   ,MO,65803-0000,Proprietary  ,13,43,56,105,251,356
03579300,TEXAS COUNTY TECHNICAL INSTITUTE        ,MO,65483-2700,Private      ,5,22,27,49,278,327
03616300,AVIATION INSTITUTE OF MAINTENANCE       ,MO,64129-1811,Proprietary  ,6,52,58,59,412,471
03878300,PROFESSIONAL MASSAGE TRAINING CENTER    ,MO,65803-2939,Proprietary  ,5,30,35,60,170,230
03916300,ECLIPS SCHOOL OF COSMETOLOGY AND BARBERI,MO,63703-5809,Proprietary  ,8,43,51,68,285,353
03924300,HAIR ACADEMY 110 (THE)                  ,MO,63501-2915,Proprietary  ,0,2,2,10,31,41
03970400,WELLSPRING SCHOOL OF ALLIED HEALTH      ,MO,64114-3313,Proprietary  ,6,32,38,59,215,274
04037500,ACADEMY OF HAIR DESIGN                  ,MO,65804-2303,Proprietary  ,16,56,72,121,338,459
04051329,ART INSTITUTE OF PHOENIX (THE) - BROWN M,MO,63026-2564,Proprietary  ,7,27,34,69,140,209
04118700,AMERICAN COLLEGE OF TECHNOLOGY          ,MO,64506-2006,Proprietary  ,1,146,147,33,432,465
04119100,CITY VISION COLLEGE                     ,MO,64141-3188,Private      ,1,16,17,10,113,123
04122300,GRANTHAM UNIVERSITY                     ,MO,64153-2262,Proprietary  ,52,1035,1087,192,4217,4409
04127000,PEMISCOT COUNTY SPECIAL SCHOOL DISTRICT ,MO,63851-1666,Public       ,0,1,1,4,18,22
04130300,VICTORY TRADE SCHOOL                    ,MO,65803-2754,Private      ,2,22,24,17,86,103
04130600,"CENTER FOR HEALING ARTS (THE), LLC      ",MO,63143-2103,Proprietary  ,2,46,48,43,191,234
04133300,TREND SETTERS SCHOOL OF COSMETOLOGY     ,MO,63702-7607,Proprietary  ,3,14,17,66,152,218
04145200,TRANSFORMED BARBER AND COSMETOLOGY ACADE,MO,64137-1207,Proprietary  ,8,47,55,85,281,366
04145700,THE SYSTEM A PAUL MITCHELL PARTNER SCHL ,MO,65807-5969,Proprietary  ,17,40,57,165,245,410
04146100,URSHAN GRADUATE SCHOOL OF THEOLOGY      ,MO,63031-7526,Private      ,3,4,7,40,64,104
04170600,SALON PROFESSIONAL ACADEMY (THE)        ,MO,63301-1021,Proprietary  ,15,18,33,74,127,201
04170700,PAUL MITCHELL THE SCHOOL ST LOUIS       ,MO,63108-1554,Proprietary  ,21,51,72,209,309,518
04173900,COSMETOLOGY COLLEGE OF FRANKLIN COUNTY  ,MO,63077-3448,Proprietary  ,4,8,12,21,40,61
04174000,SKIN INSTITUTE                          ,MO,63128-1307,Proprietary  ,4,12,16,29,116,145
04174800,AMERICAN TRADE SCHOOL                   ,MO,63074-1807,Proprietary  ,4,31,35,34,181,215
04184400,SEYMOUR BEAUTY ACADEMY                  ,MO,65746-8743,Proprietary  ,1,4,5,13,44,57
04187000,DONNA'S ACADEMY OF HAIR DESIGN          ,MO,64089-9042,Proprietary  ,3,5,8,30,43,73
04212100,ACADEMY OF SALON PROFESSIONALS          ,MO,65301-6910,Proprietary  ,1,7,8,1,7,8
00314600,WESTERN OKLAHOMA STATE COLLEGE          ,OK,73521-1397,Public       ,45,131,176,767,1219,1986
00314700,BACONE COLLEGE                          ,OK,74403-1597,Private      ,30,88,118,1324,959,2283
00314900,SOUTHERN NAZARENE UNIVERSITY            ,OK,73008-2694,Private      ,46,228,274,1318,2108,3426
00315000,CAMERON UNIVERSITY                      ,OK,73505-6377,Public       ,138,512,650,2527,4811,7338
00315100,OKLAHOMA WESLEYAN UNIVERSITY            ,OK,74006-6299,Private      ,34,100,134,928,1188,2116
00315200,UNIV OF CENTRAL OKLAHOMA                ,OK,73034-5209,Public       ,491,694,1185,10726,9058,19784
00315300,CONNORS STATE COLLEGE                   ,OK,74469-9700,Public       ,75,190,265,1361,1950,3311
00315400,EAST CENTRAL UNIVERSITY                 ,OK,74820-6999,Public       ,130,264,394,2914,3236,6150
00315500,EASTERN OKLAHOMA STATE COLLEGE          ,OK,74578-4999,Public       ,51,131,182,931,1464,2395
00315600,REDLANDS COMMUNITY COLLEGE              ,OK,73036-5304,Public       ,49,187,236,935,1453,2388
00315700,LANGSTON UNIVERSITY                     ,OK,73050-0000,Public       ,89,161,250,2373,2303,4676
00315800,MURRAY STATE COLLEGE                    ,OK,73460-3137,Public       ,70,205,275,1269,2005,3274
00316000,NORTHEASTERN OKLAHOMA A & M COLLEGE     ,OK,74354-6497,Public       ,87,160,247,1999,1609,3608
00316100,NORTHEASTERN STATE UNIVERSITY           ,OK,74464-2399,Public       ,201,415,616,5792,7076,12868
00316200,NORTHERN OKLAHOMA COLLEGE               ,OK,74653-0310,Public       ,118,272,390,2216,2592,4808
00316300,NORTHWESTERN OKLAHOMA STATE UNIV        ,OK,73717-2799,Public       ,73,122,195,1751,1169,2920
00316400,OKLAHOMA BAPTIST UNIVERSITY             ,OK,74801-2590,Private      ,145,56,201,2787,650,3437
00316500,OKLAHOMA CHRISTIAN UNIVERSITY           ,OK,73131-0000,Private      ,79,133,212,2424,1173,3597
00316600,OKLAHOMA CITY UNIVERSITY                ,OK,73106-1493,Private      ,166,300,466,3157,3578,6735
00316700,UNIV OF SCIENCE & ARTS OF OKLAHOMA      ,OK,73018-5322,Public       ,52,56,108,870,615,1485
00316800,ROGERS STATE UNIVERSITY                 ,OK,74017-3252,Public       ,140,274,414,3177,3487,6664
00317000,OKLAHOMA STATE UNIVERSITY               ,OK,74078-1026,Public       ,934,667,1601,20498,9458,29956
00317200,OKLAHOMA STATE UNIVERSITY-OKMULGEE      ,OK,74447-3901,Public       ,133,215,348,2338,2383,4721
00317400,OKLAHOMA PANHANDLE STATE UNIVERSITY     ,OK,73939-0000,Public       ,53,53,106,1141,544,1685
00317600,CARL ALBERT STATE COLLEGE               ,OK,74953-5208,Public       ,84,233,317,1486,2324,3810
00317800,SEMINOLE STATE COLLEGE                  ,OK,74818-0351,Public       ,75,135,210,1027,1429,2456
00317900,SOUTHEASTERN OKLAHOMA STATE UNIV        ,OK,74701-0609,Public       ,129,258,387,2667,2886,5553
00318000,SOUTHWESTERN CHRISTIAN UNIVERSITY       ,OK,73008-2335,Private      ,21,102,123,561,1237,1798
00318100,SOUTHWESTERN OKLAHOMA STATE UNIV        ,OK,73096-3098,Public       ,158,188,346,3480,2335,5815
00318101,SOUTHWESTERN OK STATE UNIV AT SAYRE     ,OK,73662-0000,Public       ,14,24,38,174,271,445
00318300,ST GREGORY'S UNIVERSITY                 ,OK,74804-2499,Private      ,18,59,77,456,467,923
00318308,SAINT GREGORY'S UNIVERSITY - IPD TULSA  ,OK,74135-2499,Private      ,4,32,36,60,337,397
00318400,UNIVERSITY OF OKLAHOMA                  ,OK,73019-4078,Public       ,854,846,1700,20238,11958,32196
00318401,UNIVERSITY OF OKLAHOMA-HLTH SCI CTR     ,OK,73190-0000,Public       ,67,188,255,886,4004,4890
00318500,UNIVERSITY OF TULSA                     ,OK,74104-3189,Private      ,157,234,391,3916,2706,6622
00398500,ORAL ROBERTS UNIVERSITY                 ,OK,74171-0001,Private      ,121,180,301,3511,2097,5608
00531100,TULSA COUNTY AREA VOC TECH SCHOOL       ,OK,74145-0000,Public       ,48,263,311,613,2110,2723
00531200,RED RIVER TECHNOLOGY CENTER             ,OK,73533-2700,Public       ,4,33,37,56,194,250
00533900,METRO TECHNOLOGY CENTERS SCH DIST22     ,OK,73111-0000,Public       ,27,197,224,282,1555,1837
00533903,METRO TECHNOLOGY CENTERS SCH DIST22     ,OK,73129-0000,Public       ,19,124,143,183,937,1120
00694200,MID-AMERICA CHRISTIAN UNIVERSITY        ,OK,73170-4504,Private      ,29,323,352,534,3076,3610
00767800,SPARTAN COLLEGE OF AERONAUTICS AND TECHN,OK,74115-5800,Proprietary  ,75,123,198,964,1004,1968
00791100,VIRGILS BEAUTY COLLEGE                  ,OK,74401-6802,Proprietary  ,6,15,21,32,94,126
00834300,AUTRY TECHNOLOGY CENTER                 ,OK,73703-2598,Public       ,11,44,55,143,410,553
00861900,TRI COUNTY TECHNOLOGY CENTER            ,OK,74006-6029,Public       ,5,38,43,88,293,381
00918500,ROSE STATE COLLEGE                      ,OK,73110-2799,Public       ,183,661,844,3264,6536,9800
00920400,KIAMICHI AREA VOC TECH SCHOOL           ,OK,74578-0548,Public       ,21,115,136,269,953,1222
00920408,KIAMICHI AREA VOC TECH SCHOOL           ,OK,74953-0000,Public       ,4,38,42,112,333,445
00961800,TULSA WELDING SCHOOL                    ,OK,74104-0000,Proprietary  ,160,493,653,1437,2358,3795
00964700,"OKLAHOMA STATE UNIV, OKLA CITY          ",OK,73107-6159,Public       ,251,920,1171,3436,8045,11481
00970800,EVES COLLEGE OF HAIRSTYLING             ,OK,73501-4359,Proprietary  ,8,29,37,42,161,203
00976300,TULSA COMMUNITY COLLEGE                 ,OK,74135-6198,Public       ,459,1596,2055,8763,15269,24032
00996300,CADDO KIOWA VOC TECH CENTER             ,OK,73038-0000,Public       ,4,40,44,58,297,355
00996400,CENTRAL OKLAHOMA AREA VOC TECH SCH      ,OK,74030-9613,Public       ,5,57,62,121,406,527
00996500,CANADIAN VALLEY TECHNOLOGY CENTER       ,OK,73036-9117,Public       ,17,83,100,128,543,671
00996800,GORDON COOPER TECHNOLOGY CENTER         ,OK,74804-9913,Public       ,17,72,89,142,549,691
01005300,INDIAN CAPITAL TECHNOLGY CENTER #4      ,OK,74403-9907,Public       ,12,80,92,217,824,1041
01026600,HILLSDALE FREE WILL BAPTIST COLLEGE     ,OK,73153-0000,Private      ,6,14,20,202,117,319
01034200,SOUTHERN OKLAHOMA TECHNOLOGY CENTER     ,OK,73401-2100,Public       ,6,50,56,116,365,481
01039100,OKLAHOMA CITY COMMUNITY COLLEGE         ,OK,73159-4444,Public       ,380,1231,1611,5443,11124,16567
01050304,WTI TULSA CAMPUS                        ,OK,74112-3140,Proprietary  ,7,64,71,37,331,368
01071700,GREAT PLAINS TECHNOLOGY CENTER SCHOOL DI,OK,73505-8399,Public       ,18,119,137,223,952,1175
01076200,WESTERN OK AREA VOC TECH SCH DIST12     ,OK,73624-1469,Public       ,1,11,12,58,129,187
01120600,PIONEER TECHNOLOGY CENTER               ,OK,74601-1106,Public       ,2,34,36,48,230,278
01128200,OKLAHOMA STATE UNV CLG OSTEOPTHC MD     ,OK,74107-0000,Public       ,11,44,55,172,801,973
01153700,MID-AMERICA TECHNOLOGY CENTER           ,OK,73095-0210,Public       ,10,25,35,56,149,205
01227200,MOORE-NORMAN TECHNOLOGY CENTER          ,OK,73069-8399,Public       ,24,150,174,263,1192,1455
02052700,NORTHEAST TECHNOLOGY CENTER             ,OK,74361-0487,Public       ,20,76,96,201,673,874
02060800,MERIDIAN TECHNOLOGY CENTER              ,OK,74074-0000,Public       ,18,56,74,200,495,695
02126500,ENID BEAUTY COLLEGE                     ,OK,73701-0000,Proprietary  ,3,11,14,29,69,98
02184400,SAND SPRINGS BEAUTY COLLEGE             ,OK,74063-0000,Proprietary  ,2,19,21,34,167,201
02197300,HOLLYWOOD COSMETOLOGY CENTER            ,OK,73189-0000,Proprietary  ,1,22,23,16,108,124
02222700,FRANCIS TUTTLE TECHNOLOGY CENTER        ,OK,73142-0000,Public       ,32,255,287,395,1881,2276
02238500,CENTRAL STATE BEAUTY ACADEMY            ,OK,73162-6007,Proprietary  ,11,73,84,78,373,451
02250900,E OK COUNTY AREA VO-TECH                ,OK,73020-0000,Public       ,12,21,33,46,109,155
02256200,"BROKEN ARROW BEAUTY COLLEGE, INC        ",OK,74012-0000,Proprietary  ,10,24,34,101,296,397
02282100,HIGH PLAINS AREA VOC-TECH               ,OK,73801-0000,Public       ,0,6,6,38,90,128
02306800,PLATT COLLEGE                           ,OK,74145-0000,Proprietary  ,47,247,294,386,2039,2425
02510300,BEAUTY TECHNICAL COLLEGE                ,OK,74465-0000,Proprietary  ,4,11,15,32,90,122
02531200,WOODWARD BEAUTY COLLEGE                 ,OK,73801-0000,Proprietary  ,2,7,9,10,48,58
02554300,AMERICAN BEAUTY INSTITUTE               ,OK,74501-0000,Proprietary  ,3,19,22,25,70,95
02556500,YUKON BEAUTY COLLEGE                    ,OK,73099-4108,Proprietary  ,2,1,3,6,30,36
02560200,PHILLIPS THEOLOGICAL SEMINARY -         ,OK,74116-5612,Private      ,1,9,10,9,127,136
02581100,CLAREMORE BEAUTY COLLEGE                ,OK,74017-7034,Proprietary  ,3,4,7,17,37,54
02581200,CC'S COSMETOLOGY COLLEGE                ,OK,74129-0000,Proprietary  ,6,46,52,72,227,299
02591101,CAREER POINT INSTITUTE                  ,OK,74146-0000,Proprietary  ,5,71,76,110,505,615
02596501,ATI-CAREER TRAINING CENTER - OKLAHOMA CI,OK,73107-2442,Proprietary  ,2,16,18,41,226,267
02596502,ATI- CAREER TRAINING CENTER - OKLAHOMA C,OK,76101-2740,Proprietary  ,5,41,46,113,549,662
02597400,PONTOTOC TECHNOLOGY CENTER SCHOOL       ,OK,74820-8621,Public       ,9,39,48,72,296,368
02599706,VATTEROTT COLLEGE - TULSA               ,OK,74146-2205,Proprietary  ,15,77,92,87,549,636
02600000,NORTHWEST TECHNOLOG CTR SCH DIST 10     ,OK,73717-9600,Public       ,0,12,12,33,67,100
02600500,WES WATKINS TECHNOLOGY CENTER           ,OK,74883-9660,Public       ,4,23,27,41,185,226
02609205,VATTEROTT COLLEGE - OKLAHOMA CITY       ,OK,73127-2103,Proprietary  ,13,116,129,105,797,902
03008700,SOUTHWEST TECHNOLOGY CENTER             ,OK,73521-1527,Public       ,3,32,35,49,186,235
03024700,STILLWATER BEAUTY ACADEMY               ,OK,74075-3467,Proprietary  ,3,22,25,32,81,113
03030700,OKLAHOMA SCHOOL OF PHOTOGRAPHY          ,OK,73160-3320,Proprietary  ,3,16,19,42,119,161
03030800,AMERICAN BROADCASTING SCHOOL            ,OK,73115-3334,Proprietary  ,9,64,73,63,401,464
03051100,CHISHOLM TRAIL TECHNOLOGY CENTER        ,OK,73764-9720,Public       ,3,15,18,17,85,102
03078500,TECH INST OF COSMETOLOGY ARTS & SCI     ,OK,74120-3610,Proprietary  ,5,25,30,57,168,225
03103800,SOUTHERN SCHOOL OF BEAUTY               ,OK,74701-5008,Proprietary  ,4,10,14,31,63,94
03109800,PONCA CITY BEAUTY COLLEGE               ,OK,74601-4201,Proprietary  ,1,7,8,4,38,42
03109801,BARTLESVILLE BEAUTY COLLEGE             ,OK,74003-2835,Proprietary  ,2,8,10,5,42,47
03115100,HERITAGE COLLEGE                        ,OK,73119-0000,Proprietary  ,49,217,266,302,1227,1529
03124800,PLATT COLLEGE                           ,OK,73501-3808,Proprietary  ,10,87,97,97,498,595
03124901,IMAGINE -  PAUL MITCHELL PARTNER SCHOOL ,OK,73072-4831,Proprietary  ,19,45,64,121,254,375
03126200,GREEN COUNTRY AREA VOC TECH SCHOOL      ,OK,74447-1217,Public       ,6,13,19,71,180,251
03198400,MID-DEL AREA VOCATIONAL & TECH SCH      ,OK,73110-4825,Public       ,3,33,36,39,215,254
03329400,PRYOR BEAUTY COLLEGE                    ,OK,74361-0000,Proprietary  ,0,5,5,11,41,52
03329401,PRYOR BEAUTY COLLEGE - GROVE BEAUTY COLL,OK,74345-0009,Proprietary  ,1,6,7,5,27,32
03329402,PRYOR BEAUTY COLLEGE - NORTH EAST OKLAHO,OK,74338-0000,Proprietary  ,1,1,2,2,7,9
03367400,COMMUNITY CARE COLLEGE                  ,OK,74145-6420,Proprietary  ,66,315,381,581,1974,2555
03396300,OKLAHOMA HEALTH ACADEMY                 ,OK,74105-6220,Proprietary  ,0,0,0,110,271,381
03396400,OKLAHOMA HEALTH ACADEMY                 ,OK,73160-3667,Proprietary  ,3,16,19,24,103,127
03453400,SHAWNEE BEAUTY COLLEGE                  ,OK,74801-7014,Proprietary  ,3,13,16,20,59,79
03676300,FAMILY OF FAITH COLLEGE                 ,OK,74802-1805,Private      ,1,4,5,13,23,36
03831300,INSTITUTE OF HAIR DESIGN                ,OK,74804-0000,Proprietary  ,1,5,6,16,44,60
03928300,CENTRAL STATE MASSAGE ACADEMY           ,OK,73162-6007,Proprietary  ,4,28,32,35,137,172
04051324,ART INSTITUTE OF PHOENIX (THE) - BROWN M,OK,74146-5234,Proprietary  ,10,61,71,113,380,493
04060300,AMERICAN INSTITUTE OF MEDICAL TECHNOLOGY,OK,74146-5201,Proprietary  ,9,61,70,120,416,536
04062300,BROOKLINE COLLEGE                       ,OK,73114-6318,Proprietary  ,4,23,27,33,179,212
04133600,CUTTER'S EDGE SCHOOL OF COSMETOLOGY     ,OK,74023-2905,Proprietary  ,0,5,5,2,31,33
04144400,ACADEMY OF HAIR DESIGN (THE)            ,OK,73120-6808,Proprietary  ,9,38,47,58,235,293
00163700,BETHANY THEOLOGICAL SEMINARY            ,IN,47374-0000,Private      ,0,5,5,2,69,71
00178400,ANCILLA COLLEGE-FINANCIAL AID OFFC      ,IN,46513-0001,Private      ,11,31,42,499,561,1060
00178500,ANDERSON UNIVERSITY                     ,IN,46012-3495,Private      ,54,109,163,3036,1420,4456
00178600,BALL STATE UNIVERSITY                   ,IN,47306-0880,Public       ,468,589,1057,24404,9640,34044
00178700,BETHEL COLLEGE INC                      ,IN,46545-5591,Private      ,35,88,123,1759,1749,3508
00178800,BUTLER UNIVERSITY                       ,IN,46208-3487,Private      ,201,184,385,9011,2729,11740
00178900,CHRISTIAN THEOLOGICAL SEMINARY          ,IN,46208-0000,Private      ,0,20,20,16,365,381
00179200,DEPAUW UNIVERSITY                       ,IN,46135-0037,Private      ,57,15,72,3278,180,3458
00179300,EARLHAM COLLEGE                         ,IN,47374-4095,Private      ,36,18,54,1393,220,1613
00179301,EARLHAM SCHOOL OF RELIGION              ,IN,47374-0000,Private      ,0,3,3,12,63,75
00179500,UNIVERSITY OF EVANSVILLE                ,IN,47722-0002,Private      ,75,89,164,4195,1216,5411
00179800,FRANKLIN COLLEGE OF INDIANA             ,IN,46131-2623,Private      ,44,26,70,2120,397,2517
00179900,GOSHEN COLLEGE                          ,IN,46526-4794,Private      ,17,55,72,1022,576,1598
00180000,GRACE COLLEGE & THEO SEMINARY           ,IN,46590-1224,Private      ,29,48,77,2043,615,2658
00180100,HANOVER COLLEGE                         ,IN,47243-0108,Private      ,47,15,62,2639,153,2792
00180300,HUNTINGTON UNIVERSITY                   ,IN,46750-1299,Private      ,19,26,45,1492,440,1932
00180400,UNIVERSITY OF INDIANAPOLIS              ,IN,46227-3697,Private      ,158,356,514,7245,6087,13332
00180500,INDIANA INSTITUTE OF TECHNOLOGY         ,IN,46803-1297,Private      ,97,487,584,2653,6138,8791
00180700,INDIANA STATE UNIVERSITY                ,IN,47809-2501,Public       ,294,551,845,14418,8268,22686
00180800,UNIVERSITY OF SOUTHERN INDIANA          ,IN,47712-3596,Public       ,192,311,503,10233,4881,15114
00180900,INDIANA UNIVERSITY-BLOOMINGTON          ,IN,47405-7000,Public       ,778,560,1338,36426,12870,49296
00181100,INDIANA UNIV-EAST                       ,IN,47374-1289,Public       ,45,225,270,2212,3159,5371
00181300,INDIANA UNIV-PURDUE UNIV INDPLS         ,IN,46202-5145,Public       ,550,1441,1991,23192,26682,49874
00181301,INDIANA UNIVERSITY - PURDUE UNIVERSITY I,IN,47203-1769,Public       ,73,181,254,2129,2496,4625
00181400,INDIANA UNIV KOKOMO                     ,IN,46902-3557,Public       ,80,249,329,2512,3442,5954
00181500,INDIANA UNIV-NORTHWEST                  ,IN,46408-1197,Public       ,178,523,701,4336,7144,11480
00181600,INDIANA UNIVERSITY - SOUTH BEND         ,IN,46615-0000,Public       ,121,405,526,5632,7007,12639
00181700,INDIANA UNIVERSITY-SOUTHEAST            ,IN,47150-6405,Public       ,141,285,426,4869,4786,9655
00182000,MANCHESTER COLLEGE                      ,IN,46962-1276,Private      ,34,14,48,2725,401,3126
00182100,MARIAN UNIVERSITY                       ,IN,46222-1997,Private      ,69,204,273,2477,3208,5685
00182200,INDIANA WESLEYAN UNIVERSITY             ,IN,46953-4974,Private      ,114,1646,1760,4953,16955,21908
00182300,ASSOCIATED MENNONITE BIBLICAL SEM       ,IN,46517-1999,Private      ,0,9,9,4,114,118
00182400,OAKLAND CITY UNIVERSITY                 ,IN,47660-1099,Private      ,12,50,62,649,754,1403
00182500,PURDUE UNIVERSITY                       ,IN,47907-2050,Public       ,618,489,1107,33835,9183,43018
00182600,PURDUE UNIV NORTH CENTRAL CAMPUS        ,IN,46391-9542,Public       ,74,174,248,3281,2794,6075
00182700,PURDUE UNIV CALUMET                     ,IN,46323-2094,Public       ,166,500,666,6248,7583,13831
00182800,INDIANA UNIV-PURDUE UNIV FORT WAYNE     ,IN,46805-1499,Public       ,233,624,857,11077,10089,21166
00183000,ROSE HULMAN INSTITUTE OF TECHNOLOGY     ,IN,47803-3999,Private      ,46,21,67,3675,255,3930
00183200,UNIVERSITY OF SAINT FRANCIS             ,IN,46808-3994,Private      ,52,163,215,2664,2391,5055
00183300,ST JOSEPH'S COLLEGE                     ,IN,47978-0000,Private      ,29,10,39,1576,241,1817
00183400,CALUMET COLLEGE OF SAINT JOSEPH         ,IN,46394-2195,Private      ,15,66,81,612,974,1586
00183500,SAINT MARY-OF-THE-WOODS COLLEGE         ,IN,47876-0067,Private      ,7,69,76,410,1326,1736
00183600,ST MARY'S COLLEGE                       ,IN,46556-5007,Private      ,23,5,28,1851,115,1966
00183800,TAYLOR UNIVERSITY                       ,IN,46989-1001,Private      ,33,21,54,2658,332,2990
00183900,TRINE UNIVERSITY                        ,IN,46703-1764,Private      ,35,75,110,3017,1122,4139
00184000,UNIVERSITY OF NOTRE DAME                ,IN,46556-5602,Private      ,402,160,562,13752,3761,17513
00184200,VALPARAISO UNIVERSITY                   ,IN,46383-6493,Private      ,131,115,246,5354,2463,7817
00184300,VINCENNES UNIVERSITY                    ,IN,47591-1523,Public       ,202,513,715,7273,5371,12644
00184400,WABASH COLLEGE                          ,IN,47933-0352,Private      ,26,8,34,1491,98,1589
00457900,INTERNATIONAL BUSINESS COLLEGE          ,IN,46804-0000,Proprietary  ,21,54,75,816,689,1505
00457901,INTERNATIONAL BUSINESS COLLEGE          ,IN,46256-0000,Proprietary  ,18,62,80,784,633,1417
00625700,SAINT ELIZABETH SCHOOL OF NURSING       ,IN,47904-2198,Private      ,11,43,54,257,562,819
00726300,HOLY CROSS COLLEGE                      ,IN,46556-0308,Private      ,21,12,33,697,156,853
00727600,SAINT MEINRAD SCHOOL OF THEOLOGY        ,IN,47577-1002,Private      ,0,8,8,1,127,128
00732900,ITT TECHNICAL INSTITUTE                 ,IN,46268-1119,Proprietary  ,515,2967,3482,2974,15259,18233
00732908,ITT TECHNICAL INSTITUTE                 ,IN,46143-1067,Proprietary  ,0,0,0,3,16,19
00732933,ITT TECHNICAL INSTITUTE                 ,IN,46635-1512,Proprietary  ,25,191,216,469,1522,1991
00732962,ITT TECHNICAL INSTITUTE                 ,IN,47630-7430,Proprietary  ,159,674,833,936,3847,4783
00732968,ITT TECHNICAL INSTITUTE                 ,IN,46410-0000,Proprietary  ,12,66,78,229,737,966
00732993,ITT TECHNICAL INSTITUTE                 ,IN,46825-2393,Proprietary  ,155,561,716,1293,3698,4991
00736200,MEDTECH COLLEGE                         ,IN,46250-3970,Proprietary  ,29,197,226,456,2636,3092
00736202,MEDTECH COLLEGE - GREENWOOD             ,IN,46143-6478,Proprietary  ,20,97,117,199,1246,1445
00736204,MEDTECH COLLEGE - FORT WAYNE            ,IN,46804-2209,Proprietary  ,24,101,125,270,1283,1553
00793800,LINCOLN COLLEGE OF TECHNOLOGY           ,IN,46202-0000,Proprietary  ,189,181,370,1838,1312,3150
00931306,DAYMAR COLLEGE - ROCKPORT               ,IN,47635-1506,Proprietary  ,0,10,10,13,96,109
00951500,J MICHAEL HARROLD BEAUTY ACADEMY        ,IN,47807-3390,Proprietary  ,9,19,28,87,184,271
00961200,"APEX SCHOOL OF BEAUTY CULTURE, INC      ",IN,46016-0000,Proprietary  ,0,8,8,21,64,85
00961300,MERRILLVILLE BEAUTY COLLEGE             ,IN,46410-3401,Proprietary  ,10,34,44,56,189,245
00967300,RUDAE'S SCHOOL OF BEAUTY CULTURE        ,IN,46825-5444,Proprietary  ,7,45,52,127,341,468
00977700,KAPLAN COLLEGE                          ,IN,46278-1736,Proprietary  ,21,197,218,466,2084,2550
00977702,KAPLAN COLLEGE - TEMPORARY FACILITY EXPA,IN,46268-4111,Proprietary  ,1,19,20,19,159,178
00977703,KAPLAN COLLEGE -  SE INDY               ,IN,46227-0000,Proprietary  ,30,166,196,232,1228,1460
00991700,IVY TECH COMMUNITY COLLEGE OF INDIANA   ,IN,46208-1763,Public       ,2575,11057,13632,45190,113904,159094
01015100,VINCENNES BEAUTY COLLEGE                ,IN,47591-1297,Proprietary  ,4,14,18,82,131,213
01040900,LAFAYETTE BEAUTY ACADEMY                ,IN,47901-1149,Proprietary  ,9,25,34,92,229,321
01048900,NATIONAL COLLEGE                        ,IN,46250-1930,Proprietary  ,3,71,74,58,537,595
01048910,NATIONAL COLLEGE - SOUTH BEND           ,IN,46617-3123,Proprietary  ,11,77,88,125,620,745
01048911,NATIONAL COLLEGE - FORT WAYNE           ,IN,46826-4905,Proprietary  ,8,41,49,79,401,480
01061800,MID-AMERICA CLG FUNERAL SERVICE         ,IN,47130-9990,Private      ,3,8,11,64,175,239
01150500,CREATIVE HAIR STYLING ACADEMY           ,IN,46322-1554,Proprietary  ,17,34,51,118,203,321
02084800,RAVENSCROFT BEAUTY COLLEGE              ,IN,46815-0000,Proprietary  ,3,58,61,125,362,487
02087600,CONCORDIA THEOLOGICAL SEMINARY          ,IN,46825-0000,Private      ,1,18,19,13,281,294
02100402,EVEREST INSTITUTE - EVEREST COLLEGE     ,IN,46410-7064,Proprietary  ,30,177,207,327,1493,1820
02140800,MARTIN UNIVERSITY                       ,IN,46218-0000,Private      ,17,128,145,286,1858,2144
02158400,HARRISON COLLEGE                        ,IN,46204-2611,Proprietary  ,52,371,423,832,4268,5100
02158401,HARRISON COLLEGE - COLUMBUS             ,IN,47203-1843,Proprietary  ,12,63,75,186,737,923
02158402,HARRISON COLLEGE - LAFAYETTE            ,IN,47905-4859,Proprietary  ,14,81,95,253,852,1105
02158405,HARRISON COLLEGE - TERRE HAUTE          ,IN,47802-0000,Proprietary  ,8,63,71,160,768,928
02158407,HARRISON COLLEGE - ANDERSON             ,IN,46013-0000,Proprietary  ,8,81,89,165,774,939
02158409,HARRISON COLLEGE - EVANSVILLE           ,IN,47715-3901,Proprietary  ,12,94,106,214,808,1022
02158410,HARRISON COLLEGE - EAST                 ,IN,46239-8903,Proprietary  ,15,93,108,271,1294,1565
02158412,HARRISON COLLEGE - FORT WAYNE           ,IN,46825-0000,Proprietary  ,17,97,114,252,1091,1343
02158413,HARRISON COLLEGE - NORTHWEST            ,IN,46278-0000,Proprietary  ,7,53,60,248,633,881
02158415,HARRISON COLLEGE - MUNCIE               ,IN,47303-0000,Proprietary  ,9,82,91,192,719,911
02158416,HARRISON COLLEGE - ELKHART              ,IN,46516-0000,Proprietary  ,5,50,55,90,608,698
02158800,DON ROBERTS BEAUTY SCHOOLS              ,IN,46383-0000,Proprietary  ,5,12,17,50,107,157
02164300,DON ROBERTS SCHOOL OF HAIR DESIGN       ,IN,46375-9999,Proprietary  ,9,14,23,38,91,129
02180108,ROSS MEDICAL EDUCATION CENTER -         ,IN,46530-4479,Proprietary  ,0,17,17,34,168,202
02201800,KAPLAN COLLEGE                          ,IN,46324-3347,Proprietary  ,23,123,146,274,1125,1399
02241700,PJ'S COLLEGE OF COSMETOLOGY             ,IN,47129-0000,Proprietary  ,4,26,30,69,237,306
02245505,FORTIS COLLEGE - INDIANAPOLIS CAMPUS    ,IN,46268-0000,Proprietary  ,3,51,54,113,535,648
02302700,J EVERETT LIGHT CAREER CENTER           ,IN,46240-0000,Public       ,2,44,46,117,521,638
02304800,PJ'S COLLEGE OF COSMETOLOGY             ,IN,47374-0000,Proprietary  ,5,17,22,47,148,195
02308900,MASTER'S OF COSMETOLOGY COLLEGE         ,IN,46809-0000,Proprietary  ,9,31,40,179,275,454
02339600,ROGER'S ACADEMY OF HAIR DESIGN          ,IN,47712-0000,Proprietary  ,12,41,53,96,269,365
02345200,EMPIRE BEAUTY SCHOOL                    ,IN,46237-0000,Proprietary  ,22,105,127,272,845,1117
02351300,KNOX BEAUTY COLLEGE                     ,IN,46534-0000,Proprietary  ,0,5,5,14,34,48
02490500,HAIR FASHIONS BY KAYE BEAUTY CLG        ,IN,46250-0000,Proprietary  ,9,54,63,130,400,530
02490800,HAIR FASHIONS BY KAYE BEAUTY CLG        ,IN,46060-0000,Proprietary  ,5,18,23,43,87,130
02607000,HAIR ARTS ACADEMY                       ,IN,47404-2419,Proprietary  ,8,35,43,67,200,267
02615800,COLLEGE OF COURT REPORTING              ,IN,46342-5969,Proprietary  ,0,38,38,40,354,394
03100600,MARION COMM TUCKER AREA VOC SCHOOL      ,IN,46952-3831,Public       ,4,35,39,85,290,375
03176300,AVIATION INSTITUTE OF MAINTENANCE       ,IN,46241-1445,Proprietary  ,17,78,95,175,563,738
03262300,DAVID DEMUTH INSTITUTE OF COSM          ,IN,47374-4101,Proprietary  ,3,6,9,24,64,88
03456700,CROSSROADS BIBLE COLLEGE                ,IN,46219-4912,Private      ,4,56,60,90,435,525
03538300,ALEXANDRIA SCH OF SCIENTIFIC THERAP     ,IN,46001-0287,Proprietary  ,2,10,12,31,98,129
04038700,IDEAL BEAUTY ACADEMY                    ,IN,47130-4215,Proprietary  ,6,22,28,35,105,140
04051304,ART INSTITUTE OF PHOENIX (THE) - ART  IN,IN,46268-1170,Proprietary  ,68,136,204,1351,1363,2714
04051311,ART INSTITUTE OF PHOENIX (THE) - BROWN M,IN,46410-5608,Proprietary  ,25,106,131,229,1087,1316
04051312,ART INSTITUTE OF PHOENIX (THE) - BROWN M,IN,46360-7362,Proprietary  ,13,61,74,135,669,804
04051318,ART INSTITUTE OF PHOENIX (THE) - BROWN M,IN,46204-1017,Proprietary  ,29,232,261,407,2079,2486
04051321,ART INSTITUTE OF PHOENIX (THE) - BROWN M,IN,46635-1176,Proprietary  ,18,116,134,309,1161,1470
04051322,ART INSTITUTE OF PHOENIX (THE) - BROWN M,IN,46805-0000,Proprietary  ,25,137,162,350,1673,2023
04100300,SUCCESS SCHOOLS                         ,IN,46410-5310,Proprietary  ,11,37,48,115,300,415
04121000,TECHSKILLS - INDIANAPOLIS               ,IN,46240-4302,Proprietary  ,7,83,90,84,387,471
04130900,HONORS BEAUTY COLLEGE                   ,IN,46256-3317,Proprietary  ,10,48,58,116,316,432
04155900,AVEDA FREDRIC'S INSTITUTE               ,IN,46250-4746,Proprietary  ,15,33,48,168,275,443
04166700,REM SPA INC                             ,IN,46013-3136,Proprietary  ,4,21,25,64,174,238
04171700,AVANT GARD THE SCHOOL                   ,IN,46214-6500,Proprietary  ,3,11,14,32,82,114
04172700,SALON PROFESSIONAL ACADEMY (THE)        ,IN,47715-7822,Proprietary  ,9,25,34,108,253,361
04184000,PAUL MITCHELL THE SCHOOL INDIANAPOLIS   ,IN,46227-6252,Proprietary  ,17,40,57,235,387,622
04186600,SALON PROFESSIONAL ACADEMY (THE)        ,IN,46901-6248,Proprietary  ,7,26,33,93,230,323
04205500,LIL LOU'S BARBER COLLEGE                ,IN,46409-2645,Proprietary  ,1,21,22,29,148,177
00190100,ALLEN COUNTY COMMUNITY COLLEGE          ,KS,66749-1607,Public       ,71,220,291,1217,1774,2991
00190200,COWLEY COUNTY COMMUNITY COLLEGE & AREA V,KS,67005-2662,Public       ,118,325,443,1870,3184,5054
00190300,BAKER UNIVERSITY                        ,KS,66006-0065,Private      ,54,303,357,1475,2271,3746
00190400,BETHANY COLLEGE                         ,KS,67456-1897,Private      ,18,7,25,799,117,916
00190500,BETHEL COLLEGE                          ,KS,67117-8061,Private      ,19,12,31,615,184,799
00190600,BUTLER COUNTY COMMUNITY COLLEGE         ,KS,67042-3280,Public       ,305,675,980,4920,6330,11250
00190700,CENTRAL BAPTIST THEOLOGY SEMINARY       ,KS,66226-3513,Private      ,0,6,6,0,70,70
00190800,CENTRAL CHRISTIAN COLLEGE OF KANSAS     ,KS,67460-5799,Private      ,17,137,154,420,670,1090
00190900,CLOUD COUNTY COMMUNITY COLLEGE          ,KS,66901-1002,Public       ,48,136,184,901,1252,2153
00191000,COFFEYVILLE COMMUNITY COLLEGE           ,KS,67337-5064,Public       ,47,94,141,1085,664,1749
00191100,COLBY COMMUNITY COLLEGE                 ,KS,67701-4099,Public       ,36,54,90,683,520,1203
00191300,DODGE CITY COMMUNITY COLLEGE            ,KS,67801-2399,Public       ,52,97,149,1005,820,1825
00191400,DONNELLY COLLEGE                        ,KS,66102-4298,Private      ,16,117,133,282,805,1087
00191500,FORT HAYS STATE UNIVERSITY              ,KS,67601-4099,Public       ,142,514,656,4341,5996,10337
00191600,FORT SCOTT COMMUNITY COLLEGE            ,KS,66701-3199,Public       ,67,147,214,1222,1180,2402
00191700,BARCLAY COLLEGE                         ,KS,67059-0288,Private      ,11,11,22,168,140,308
00191800,FRIENDS UNIVERSITY                      ,KS,67213-3397,Private      ,56,253,309,1559,3113,4672
00191900,GARDEN CITY COMMUNITY COLLEGE           ,KS,67846-6398,Public       ,62,91,153,910,761,1671
00192000,HESSTON COLLEGE                         ,KS,67062-2093,Private      ,14,12,26,518,210,728
00192100,HIGHLAND COMMUNITY COLLEGE              ,KS,66035-4062,Public       ,73,176,249,1355,1635,2990
00192300,HUTCHINSON COMMUNITY COLLEGE            ,KS,67501-5894,Public       ,142,374,516,2625,3124,5749
00192400,INDEPENDENCE COMMUNITY COLLEGE          ,KS,67301-0708,Public       ,51,71,122,664,552,1216
00192500,KANSAS CITY KANSAS COMMUNITY CLG        ,KS,66112-9978,Public       ,191,628,819,2399,6111,8510
00192600,PITTSBURG STATE UNIVERSITY              ,KS,66762-7500,Public       ,200,202,402,5817,3292,9109
00192700,EMPORIA STATE UNIVERSITY                ,KS,66801-5087,Public       ,145,217,362,3543,3097,6640
00192800,KANSAS STATE UNIVERSITY                 ,KS,66506-1104,Public       ,568,574,1142,17581,7782,25363
00192900,KANSAS WESLEYAN UNIVERSITY              ,KS,67401-6196,Private      ,33,28,61,1127,396,1523
00193000,LABETTE COMMUNITY COLLEGE               ,KS,67357-4299,Public       ,29,118,147,750,981,1731
00193100,MANHATTAN CHRISTIAN COLLEGE             ,KS,66502-4081,Private      ,13,13,26,383,146,529
00193300,MCPHERSON COLLEGE                       ,KS,67460-3899,Private      ,18,12,30,917,202,1119
00193600,NEOSHO COUNTY COMMUNITY COLLEGE         ,KS,66720-2699,Public       ,44,173,217,859,1426,2285
00193700,OTTAWA UNIVERSITY                       ,KS,66067-3399,Private      ,31,322,353,1035,3132,4167
00193800,PRATT COMMUNITY COLLEGE                 ,KS,67124-8432,Public       ,41,68,109,640,896,1536
00193900,NEWMAN UNIVERSITY                       ,KS,67213-2084,Private      ,60,195,255,1556,2079,3635
00194000,SOUTHWESTERN COLLEGE                    ,KS,67156-2499,Private      ,25,121,146,851,1372,2223
00194300,UNIVERSITY OF ST MARY                   ,KS,66048-5023,Private      ,25,76,101,717,800,1517
00194500,STERLING COLLEGE                        ,KS,67579-1533,Private      ,31,18,49,841,184,1025
00194600,TABOR COLLEGE                           ,KS,67063-1799,Private      ,55,36,91,917,330,1247
00194800,UNIVERSITY OF KANSAS                    ,KS,66045-7535,Public       ,669,594,1263,18338,11292,29630
00194900,WASHBURN UNIVERSITY                     ,KS,66621-1110,Public       ,133,351,484,3641,4412,8053
00194901,WASHBURN INSTITUTE OF TECHNOLOGY        ,KS,66604-2199,Public       ,21,146,167,992,1755,2747
00195000,WICHITA STATE UNIVERSITY                ,KS,67208-0001,Public       ,311,648,959,8003,9467,17470
00460800,BARTON COUNTY COMMUNITY COLLEGE         ,KS,67530-9283,Public       ,71,318,389,1046,2369,3415
00526400,FLINT HILLS TECHNICAL COLLEGE           ,KS,66801-5999,Public       ,27,96,123,365,608,973
00526500,NORTH CENTRAL KANSAS TECH COLG          ,KS,67420-0000,Public       ,14,38,52,403,392,795
00526700,NORTHWEST KANSAS TECHNICAL SCHOOL       ,KS,67735-3441,Public       ,11,19,30,305,208,513
00549800,WICHITA AREA TECHNICAL COLLEGE          ,KS,67211-2099,Public       ,83,475,558,756,3303,4059
00549900,SALINA AREA TECHNICAL COLLEGE           ,KS,67401-8195,Public       ,7,32,39,229,332,561
00550000,MANHATTAN AREA TECHNICAL COLLEGE        ,KS,66503-2499,Public       ,35,113,148,465,892,1357
00675500,BROWN MACKIE COLLEGE (THE)              ,KS,67401-7307,Proprietary  ,59,271,330,516,1784,2300
00703200,MID AMERICA NAZARENE UNIVERSITY         ,KS,66062-1899,Private      ,34,144,178,1185,1488,2673
00822800,SEWARD CO COMM CO/AREA TECHNICAL SCHOOL ,KS,67905-0000,Public       ,35,69,104,607,581,1188
00824400,JOHNSON COUNTY COMMUNITY COLLEGE        ,KS,66210-1299,Public       ,502,1152,1654,6879,9809,16688
00833200,B-STREET DESIGN SCHOOL OF INTERNATIONAL ,KS,66502-6082,Proprietary  ,6,21,27,53,133,186
00833201,B-STREET DESIGN SCHOOL OF INTERNATIONAL ,KS,66046-2743,Proprietary  ,8,22,30,39,88,127
01025600,BENEDICTINE COLLEGE                     ,KS,66002-1499,Private      ,62,19,81,2566,229,2795
01043800,HASKELL INDIAN NATIONS UNIVERSITY       ,KS,66046-4800,Public       ,67,78,145,1242,898,2140
01050300,WICHITA TECHNICAL INSTITUTE             ,KS,67213-1927,Proprietary  ,33,224,257,280,1408,1688
01050302,WICHITA TECHNICAL INSTITUTE - WTI TOPEKA,KS,66609-1217,Proprietary  ,13,69,82,85,507,592
01050305,WICHITA TECHNICAL INSTITUTE - EAST CAMPU,KS,67208-4243,Proprietary  ,11,95,106,90,563,653
02090700,CLEVELAND CHIROPRACTIC COLLEGE          ,KS,66210-1613,Private      ,5,38,43,57,597,654
02134800,OLD TOWN BARBER AND BEAUTY COLLEGE      ,KS,67211-0000,Proprietary  ,12,23,35,48,146,194
02257700,HAYS ACADEMY OF HAIR DESIGN             ,KS,67601-0000,Proprietary  ,11,21,32,76,117,193
02303500,AMERICAN INSTITUTE OF BAKING            ,KS,66502-0000,Private      ,0,0,0,4,3,7
02340700,LABARON HAIRDRESSING ACADEMY            ,KS,66204-0000,Proprietary  ,1,14,15,12,73,85
02590900,WRIGHT CAREER COLLEGE                   ,KS,66212-0000,Private      ,71,600,671,407,3453,3860
02599709,VATTEROTT COLLEGE - WICHITA             ,KS,67226-1304,Proprietary  ,15,127,142,109,705,814
02603100,XENON INTERNATIONAL ACADEMY             ,KS,67203-5428,Proprietary  ,14,44,58,148,290,438
02606300,PAUL MITCHELL THE SCHOOL WICHITA        ,KS,67226-2803,Proprietary  ,15,32,47,145,243,388
02611005,HERITAGE COLLEGE - WICHITA              ,KS,67210-1879,Proprietary  ,24,140,164,184,833,1017
02613000,PINNACLE CAREER INSTITUTE               ,KS,66046-2703,Proprietary  ,6,56,62,62,395,457
03031300,XENON INTERNATIONAL ACADEMY IV          ,KS,66061-3765,Proprietary  ,7,17,24,46,111,157
03066200,BRYAN COLLEGE                           ,KS,66604-2496,Proprietary  ,6,46,52,46,359,405
03450300,B-STREET DESIGN SCHOOL OF INTERNATIONAL ,KS,66611-2373,Proprietary  ,9,27,36,47,145,192
03450301,B-STREET DESIGN SCHOOL OF INTERNATIONAL ,KS,67207-5148,Proprietary  ,7,31,38,52,160,212
03450302,B-STREET DESIGN SCHOOL OF INTERNATIONAL ,KS,66212-5451,Proprietary  ,26,47,73,92,183,275
03529300,SIDNEY'S HAIRDRESSING COLLEGE           ,KS,67501-7094,Proprietary  ,2,7,9,32,70,102
04132900,Z HAIR ACADEMY                          ,KS,66046-4040,Proprietary  ,7,15,22,53,87,140
04162700,ERIC FISHER ACADEMY                     ,KS,67212-3376,Proprietary  ,16,29,45,159,222,381
04175700,ACADEMY OF AESTHETIC ARTS               ,KS,66203-3502,Proprietary  ,4,19,23,21,78,99
04179600,ENTOURAGE INSTITUTE OF BEAUTY AND ESTHET,KS,66215-3803,Proprietary  ,2,9,11,20,48,68
04205300,MITSU SATO HAIR ACADEMY                 ,KS,66212-1457,Proprietary  ,4,11,15,18,46,64
04209300,PAUL MITCHELL THE SCHOOL - OVERLAND PARK,KS,66212-4050,Proprietary  ,20,32,52,70,120,190
00203300,UNIVERSITY OF MAINE-PRESQUE ISLE        ,ME,04769-2888,Public       ,18,55,73,913,671,1584
00203500,BANGOR THEOLOGICAL SEMINARY             ,ME,04402-0411,Private      ,0,7,7,6,64,70
00203600,BATES COLLEGE                           ,ME,04240-6028,Private      ,87,17,104,2919,155,3074
00203800,BOWDOIN COLLEGE                         ,ME,04011-8451,Private      ,101,10,111,4066,125,4191
00203900,COLBY COLLEGE                           ,ME,04901-8841,Private      ,94,10,104,3203,111,3314
00204000,UNIVERSITY OF MAINE-FARMINGTON          ,ME,04938-1990,Public       ,56,43,99,2787,632,3419
00204100,UNIVERSITY OF MAINE-FORT KENT           ,ME,04743-1292,Public       ,16,28,44,692,484,1176
00204300,HUSSON UNIVERSITY                       ,ME,04401-2999,Private      ,43,85,128,2853,1714,4567
00204400,MAINE MARITIME ACADEMY                  ,ME,04420-0001,Public       ,10,11,21,1217,185,1402
00205000,UNIVERSITY OF NEW ENGLAND               ,ME,04005-9599,Private      ,83,256,339,4661,4425,9086
00205100,SAINT JOSEPH'S COLLEGE                  ,ME,04084-5236,Private      ,46,183,229,1879,1753,3632
00205200,THOMAS COLLEGE                          ,ME,04901-5097,Private      ,12,22,34,1206,350,1556
00205300,UNIVERSITY OF MAINE                     ,ME,04469-0001,Public       ,263,188,451,11926,3394,15320
00205400,UNIVERSITY OF SOUTHERN MAINE            ,ME,04104-0000,Public       ,184,358,542,7090,6519,13609
00205500,UNIVERSITY OF MAINE-MACHIAS             ,ME,04654-1397,Public       ,15,27,42,592,489,1081
00458615,KAPLAN UNIVERSITY - PORTLAND            ,ME,04106-2415,Proprietary  ,18,118,136,210,981,1191
00458616,KAPLAN UNIVERSITY - LEWISTON            ,ME,04240-0000,Proprietary  ,9,146,155,132,1143,1275
00520400,BEAL COLLEGE                            ,ME,04401-6896,Proprietary  ,22,97,119,299,795,1094
00527600,CENTRAL MAINE COMMUNITY COLLEGE         ,ME,04210-6498,Public       ,71,218,289,1724,2443,4167
00527700,EASTERN MAINE COMMUNITY COLLEGE         ,ME,04401-4280,Public       ,89,218,307,2027,2076,4103
00552500,SOUTHERN MAINE COMMUNITY  COLLEGE       ,ME,04106-1698,Public       ,235,518,753,4551,5168,9719
00576000,NORTHERN MAINE COMMUNITY COLLEGE        ,ME,04769-2016,Public       ,33,61,94,579,708,1287
00630501,CENTRAL MAINE MEDICAL CENTER - COLLEGE O,ME,04240-4500,Private      ,4,20,24,118,373,491
00676000,UNIVERSITY OF MAINE-AUGUSTA             ,ME,04330-9410,Public       ,94,449,543,1883,5832,7715
00685800,UNITY COLLEGE                           ,ME,04988-9502,Private      ,22,11,33,864,155,1019
00903800,MR BERNARD'S SCH HAIR FASHION INC       ,ME,04243-1163,Proprietary  ,4,32,36,49,204,253
00923100,WASHINGTON COUNTY COMMUNITY COLLEGE     ,ME,04619-9704,Public       ,15,29,44,299,337,636
00945900,EMPIRE BEAUTY SCHOOL                    ,ME,04101-3348,Proprietary  ,23,49,72,212,432,644
00982600,KENNEBEC VALLEY  COMMUNITY  COLLEGE     ,ME,04937-1367,Public       ,43,203,246,1005,2204,3209
01138500,COLLEGE OF THE ATLANTIC                 ,ME,04609-1105,Private      ,20,10,30,573,118,691
01167300,MAINE COLLEGE OF ART                    ,ME,04101-3987,Private      ,26,26,52,716,253,969
02104400,SPA TECH INSTITUTE                      ,ME,04093-0000,Proprietary  ,28,82,110,166,502,668
02347100,NEW ENGLAND SCHOOL OF COMMUNICATIONS    ,ME,04401-0000,Private      ,16,15,31,652,202,854
02361300,LANDING SCHOOL OF BOATBUILDING & DESIGN ,ME,04046-1490,Private      ,0,4,4,36,54,90
03122900,YORK COUNTY COMMUNITY COLLEGE           ,ME,04090-0529,Public       ,56,112,168,708,1127,1835
03429300,SEACOAST CAREER SCHOOLS                 ,ME,04073-0000,Proprietary  ,16,96,112,129,493,622
03612300,BIRTHWISE MIDWIFERY SCHOOL              ,ME,04009-1110,Proprietary  ,0,7,7,8,89,97
04177400,CAPILO SCHOOL OF HAIR DESIGN            ,ME,04330-0000,Proprietary  ,6,15,21,72,128,200
04185100,NORTHEAST TECHNICAL INSTITUTE           ,ME,04074-0000,Proprietary  ,12,152,164,112,715,827
04188800,INSTITUTE FOR DOCTORAL STUDIES IN THE VI,ME,04102-0000,Private      ,0,5,5,1,44,45
00209300,ST JOHN'S COLLEGE                       ,NM,87505-4599,Private      ,17,18,35,454,228,682
00264900,SANTA FE UNIVERSITY OF ART AND DESIGN   ,NM,87505-7634,Proprietary  ,52,23,75,1088,315,1403
00265000,UNIVERSITY OF THE SOUTHWEST             ,NM,88240-9129,Private      ,11,124,135,367,824,1191
00265100,EASTERN NEW MEXICO UNIV PORTALES        ,NM,88130-6000,Public       ,132,254,386,3498,3356,6854
00265101,EASTERN NEW MEXICO UNIV-ROSWELL CAM     ,NM,88202-0000,Public       ,95,234,329,1318,1971,3289
00265300,NEW MEXICO HIGHLANDS UNIVERSITY         ,NM,87701-4436,Public       ,87,172,259,2502,2848,5350
00265400,NEW MEXICO INST OF MINING & TECH        ,NM,87801-4796,Public       ,50,38,88,1417,557,1974
00265500,NEW MEXICO JUNIOR COLLEGE               ,NM,88240-9123,Public       ,57,128,185,841,1051,1892
00265600,NEW MEXICO MILITARY INSTITUTE           ,NM,88201-5173,Public       ,30,12,42,533,69,602
00265700,NEW MEXICO STATE UNIVERSITY             ,NM,88003-8001,Public       ,466,533,999,13189,9262,22451
00265701,NEW MEXICO STATE UNIV-ALAMOGORDO        ,NM,88311-0000,Public       ,49,183,232,708,1668,2376
00265702,NEW MEXICO STATE UNIV.-DONA ANA CLG     ,NM,88003-0000,Public       ,188,436,624,3875,5418,9293
00265703,NEW MEXICO STATE UNIV-CARLSBAD          ,NM,88220-0000,Public       ,24,74,98,443,739,1182
00265704,NEW MEXICO STATE UNIV-GRANTS            ,NM,87020-0000,Public       ,14,71,85,292,667,959
00266000,SAN JUAN COLLEGE                        ,NM,87402-4699,Public       ,249,825,1074,2316,5484,7800
00266300,THE UNIVERSITY OF NEW MEXICO            ,NM,87131-0001,Public       ,789,1518,2307,20394,21883,42277
00266301,UNIVERSITY OF NEW MEXICO                ,NM,87301-5697,Public       ,0,0,0,64,227,291
00266302,UNIVERSITY OF NEW MEXICO                ,NM,87031-0000,Public       ,0,0,0,72,185,257
00266303,UNIVERSITY OF NEW MEXICO                ,NM,87544-2233,Public       ,0,0,0,30,20,50
00266304,UNIVERSITY OF NEW MEXICO                ,NM,87571-6401,Public       ,0,0,0,49,95,144
00266400,WESTERN NEW MEXICO UNIVERSITY           ,NM,88061-5417,Public       ,70,215,285,1551,2328,3879
00405701,NATIONAL AMERICAN UNIVERSITY            ,NM,87110-0000,Proprietary  ,8,66,74,108,796,904
00474200,CENTRAL NEW MEXICO COMMUNITY COLLEGE    ,NM,87106-4096,Public       ,757,2358,3115,10062,20630,30692
00474300,CLOVIS COMMUNITY COLLEGE                ,NM,88101-8381,Public       ,59,252,311,813,2022,2835
00996200,LUNA COMMUNITY COLLEGE                  ,NM,87701-0000,Public       ,23,88,111,562,839,1401
01063200,DEWOLFF CLG HAIRSTYLING/COSMETOLOGY     ,NM,87112-4113,Proprietary  ,8,34,42,115,276,391
01300500,OLYMPIAN UNIVERSITY OF COSMETOLOGY      ,NM,88310-5051,Proprietary  ,53,161,214,430,1332,1762
02083900,NORTHERN NEW MEXICO COLLEGE             ,NM,87530-0000,Public       ,32,112,144,733,1154,1887
02146400,INSTITUTE OF AMERICAN INDIAN ARTS       ,NM,87508-0000,Public       ,15,20,35,215,341,556
02218808,BROOKLINE COLLEGE - ALBUQUERQUE         ,NM,87105-1649,Proprietary  ,28,124,152,255,975,1230
02278100,SANTA FE COMMUNITY COLLEGE              ,NM,87507-0000,Public       ,102,336,438,1213,2923,4136
02293203,ATI CAREER TRAINING CENTER - ALBUQUERQUE,NM,87109-2016,Proprietary  ,7,46,53,110,364,474
02357600,NAVAJO TECHNICAL COLLEGE                ,NM,87313-0000,Public       ,51,133,184,611,1330,1941
02511000,SOUTHWESTERN INDIAN POLYTECH INST       ,NM,87184-0000,Public       ,37,73,110,379,617,996
02572003,COMPUTER CAREER CENTER - LAS CRUCES CAMP,NM,88011-8220,Proprietary  ,14,94,108,182,651,833
02622000,SOUTHWEST ACUPUNCTURE COLLEGE           ,NM,87505-0000,Proprietary  ,2,18,20,6,340,346
03076100,SOUTHWESTERN COLLEGE                    ,NM,87507-0000,Private      ,3,15,18,34,279,313
03206300,MESALANDS COMMUNITY COLLEGE             ,NM,88401-3352,Public       ,12,31,43,182,284,466
03430300,UNIVERSAL THERAPEUTIC MASSAGE INSTITUTE ,NM,87107-4403,Proprietary  ,4,44,48,67,241,308
03678300,PIMA MEDICAL INSTITUTE                  ,NM,87110-0000,Proprietary  ,29,120,149,396,954,1350
03944300,MASSAGE THERAPY TRAINING INSTITUTE      ,NM,88007-0000,Proprietary  ,7,16,23,59,142,201
04162400,TONI AND GUY HAIR ACADEMY               ,NM,87106-4404,Proprietary  ,10,21,31,91,188,279
04174500,AVEDA INSTITUTE OF NEW MEXICO (THE)     ,NM,87110-3640,Proprietary  ,16,51,67,183,412,595
04178500,VOGUE COLLEGE OF COSMETOLOGY            ,NM,87505-7636,Proprietary  ,9,26,35,51,142,193
00223400,ADRIAN COLLEGE                          ,MI,49221-2575,Private      ,78,52,130,3140,473,3613
00223500,ALBION COLLEGE                          ,MI,49224-1831,Private      ,55,27,82,2500,190,2690
00223600,ALMA COLLEGE                            ,MI,48801-1599,Private      ,52,14,66,2705,202,2907
00223700,ALPENA COMMUNITY COLLEGE                ,MI,49707-1495,Public       ,62,120,182,1236,1301,2537
00223800,ANDREWS UNIVERSITY                      ,MI,49104-0750,Private      ,58,99,157,2221,1580,3801
00223900,AQUINAS COLLEGE                         ,MI,49506-1799,Private      ,86,115,201,3094,1002,4096
00224000,BAY DE NOC COMMUNITY COLLEGE            ,MI,49829-2524,Public       ,63,253,316,1362,1896,3258
00224100,CALVIN COLLEGE                          ,MI,49546-4388,Private      ,111,95,206,4767,699,5466
00224200,CALVIN THEOLOGICAL SEMINARY             ,MI,49546-4387,Private      ,3,16,19,22,221,243
00224300,CENTRAL MICHIGAN UNIVERSITY             ,MI,48859-0001,Public       ,640,995,1635,26248,12045,38293
00224600,CLEARY UNIVERSITY                       ,MI,48105-2659,Private      ,15,115,130,179,930,1109
00224700,CONCORDIA UNIVERSITY-ANN ARBOR          ,MI,48105-2797,Private      ,38,47,85,917,439,1356
00224800,CRANBROOK ACADEMY OF ART                ,MI,48303-0000,Private      ,2,18,20,44,315,359
00224900,DAVENPORT UNIVERSITY                    ,MI,49503-0000,Private      ,204,1339,1543,3796,14161,17957
00225100,DELTA COLLEGE                           ,MI,48710-0001,Public       ,490,1068,1558,7072,9322,16394
00225400,MICHIGAN STATE UNIVERSITY COLLEGE OF LAW,MI,48824-1300,Private      ,24,68,92,385,2479,2864
00225900,EASTERN MICHIGAN UNIVERSITY             ,MI,48197-2214,Public       ,748,1153,1901,19989,16831,36820
00226000,FERRIS STATE UNIVERSITY                 ,MI,49307-2251,Public       ,458,531,989,16564,8807,25371
00226100,CHARLES STEWART MOTT COMMUNITY CLG      ,MI,48503-2089,Public       ,532,1406,1938,6846,12270,19116
00226200,KETTERING UNIVERSITY                    ,MI,48504-4898,Private      ,73,75,148,2424,615,3039
00226300,GLEN OAKS COMMUNITY COLLEGE             ,MI,49032-9784,Public       ,45,212,257,743,1280,2023
00226400,GOGEBIC COMMUNITY COLLEGE               ,MI,49938-1365,Public       ,25,67,92,764,708,1472
00226500,GRACE BIBLE COLLEGE                     ,MI,49509-1998,Private      ,17,65,82,499,418,917
00226600,CORNERSTONE UNIVERSITY                  ,MI,49525-5897,Private      ,64,265,329,2458,2238,4696
00226700,GRAND RAPIDS COMMUNITY COLLEGE          ,MI,49503-3295,Public       ,800,1761,2561,13034,14715,27749
00226800,GRAND VALLEY STATE UNIVERSITY           ,MI,49401-9403,Public       ,648,658,1306,27545,9675,37220
00226900,GREAT LAKES CHRISTIAN COLLEGE           ,MI,48917-1299,Private      ,8,20,28,254,214,468
00227000,HENRY FORD COMMUNITY COLLEGE            ,MI,48128-1495,Public       ,1063,3581,4644,12478,22651,35129
00227300,HOPE COLLEGE                            ,MI,49423-3607,Private      ,87,34,121,4852,306,5158
00227400,JACKSON COMMUNITY COLLEGE               ,MI,49201-8399,Public       ,207,641,848,4044,6293,10337
00227500,KALAMAZOO COLLEGE                       ,MI,49006-3295,Private      ,61,56,117,2306,403,2709
00227600,KELLOGG COMMUNITY COLLEGE               ,MI,49017-3397,Public       ,197,776,973,3175,6727,9902
00227700,LAKE MICHIGAN COLLEGE                   ,MI,49022-1899,Public       ,121,482,603,2106,3915,6021
00227800,LANSING COMMUNITY COLLEGE               ,MI,48933-1293,Public       ,674,1826,2500,11197,14959,26156
00227900,LAWRENCE TECHNOLOGICAL UNIVERSITY       ,MI,48075-1058,Private      ,95,174,269,2222,1832,4054
00228200,MADONNA UNIVERSITY                      ,MI,48150-1173,Private      ,74,315,389,2173,4322,6495
00228400,MARYGROVE COLLEGE                       ,MI,48221-2599,Private      ,103,449,552,1367,4273,5640
00228800,ROCHESTER COLLEGE                       ,MI,48307-2764,Private      ,33,91,124,1020,1084,2104
00229000,MICHIGAN STATE UNIVERSITY               ,MI,48824-1113,Public       ,1158,907,2065,42444,16244,58688
00229200,MICHIGAN TECHNOLOGICAL UNIV             ,MI,49931-1295,Public       ,114,55,169,6412,1164,7576
00229300,LAKE SUPERIOR STATE UNIVERSITY          ,MI,49783-1691,Public       ,63,89,152,2880,1119,3999
00229400,MONROE COUNTY COMMUNITY CLG             ,MI,48161-9746,Public       ,151,394,545,2158,3088,5246
00229500,MONTCALM COMMUNITY COLLEGE              ,MI,48885-9723,Public       ,60,204,264,1123,1822,2945
00229700,MUSKEGON COMMUNITY COLLEGE              ,MI,49442-1432,Public       ,225,615,840,3717,4434,8151
00229900,NORTH CENTRAL MICHIGAN COLLEGE          ,MI,49770-8740,Public       ,91,226,317,1424,1849,3273
00230100,NORTHERN MICHIGAN UNIVERSITY            ,MI,49855-5316,Public       ,228,266,494,9180,3400,12580
00230200,NORTHWESTERN MICHIGAN COLLEGE           ,MI,49686-3061,Public       ,163,392,555,3131,3779,6910
00230301,OAKLAND COMMUNITY COLLEGE - ORCHARD RIDG,MI,48334-4579,Public       ,290,713,1003,4551,6640,11191
00230302,OAKLAND COMMUNITY COLLEGE - ROYAL OAK CA,MI,48067-3898,Public       ,433,1103,1536,5451,9747,15198
00230303,OAKLAND COMMUNITY COLLEGE - SOUTHFIELD C,MI,48075-4793,Public       ,393,1217,1610,4672,10952,15624
00230304,OAKLAND COMMUNITY COLLEGE - AUBURN HILLS,MI,48323-2845,Public       ,380,907,1287,5729,7980,13709
00230305,OAKLAND COMMUNITY COLLEGE - HIGHLAND LAK,MI,48327-4187,Public       ,230,537,767,3173,4641,7814
00230700,OAKLAND UNIVERSITY                      ,MI,48309-4401,Public       ,631,909,1540,18007,12100,30107
00230800,OLIVET COLLEGE                          ,MI,49076-9902,Private      ,47,28,75,1843,333,2176
00231000,ST. CLAIR COUNTY COMMUNITY COLLEGE      ,MI,48061-0000,Public       ,154,378,532,2555,3303,5858
00231100,KUYPER COLLEGE                          ,MI,49525-9749,Private      ,11,30,41,409,247,656
00231300,SACRED HEART MAJOR SEMINARY             ,MI,48206-1799,Private      ,2,21,23,39,201,240
00231400,SAGINAW VALLEY STATE UNIV               ,MI,48710-0001,Public       ,297,375,672,11438,4978,16416
00231500,SCHOOLCRAFT COLLEGE                     ,MI,48152-2696,Public       ,530,1332,1862,7766,11474,19240
00231600,SIENA HEIGHTS UNIVERSITY                ,MI,49221-1796,Private      ,45,215,260,1931,2464,4395
00231700,SOUTHWESTERN MICHIGAN COLLEGE           ,MI,49047-9793,Public       ,90,279,369,2206,2551,4757
00231800,SPRING ARBOR UNIVERSITY                 ,MI,49283-9984,Private      ,57,250,307,2662,3809,6471
00232200,FINLANDIA UNIVERSITY                    ,MI,49930-1882,Private      ,22,24,46,727,342,1069
00232300,UNIVERSITY OF DETROIT MERCY             ,MI,48221-3038,Private      ,182,408,590,4058,4988,9046
00232303,UNIV OF DETROIT MERCY - LAW SCHOOL      ,MI,48226-0000,Private      ,15,46,61,105,976,1081
00232330,UNIV OF DETROIT MERCY - DENTAL SCHOOL   ,MI,48208-2576,Private      ,28,41,69,242,696,938
00232500,UNIVERSITY OF MICHIGAN - ANN ARBOR      ,MI,48109-1316,Public       ,1175,707,1882,37629,14845,52474
00232501,UNIVERSITY OF MICHIGAN-MEDICAL SCH      ,MI,48109-0000,Public       ,41,35,76,354,1270,1624
00232503,UNIVERSITY OF MICHIGAN LAW SCHOOL       ,MI,48109-0000,Public       ,13,55,68,163,2853,3016
00232600,UNIVERSITY OF MICHIGAN-DEARBORN         ,MI,48128-2406,Public       ,324,557,881,7811,7351,15162
00232700,UNIVERSITY OF MICHIGAN-FLINT            ,MI,48502-1950,Public       ,226,568,794,5779,7838,13617
00232800,WASHTENAW COMMUNITY COLLEGE             ,MI,48106-0000,Public       ,503,1174,1677,6091,9257,15348
00232900,WAYNE STATE UNIVERSITY                  ,MI,48202-0000,Public       ,918,1825,2743,22078,25561,47639
00232901,WAYNE STATE UNIV SCH OF MEDICINE        ,MI,48201-3359,Public       ,88,118,206,1045,2453,3498
00232902,WAYNE STATE UNIVERSITY - LAW SCHOOL     ,MI,48202-3424,Public       ,22,82,104,285,1391,1676
00233000,WESTERN MICHIGAN UNIVERSITY             ,MI,49008-3899,Public       ,732,759,1491,24350,12010,36360
00233100,WESTERN THEOLOGICAL SEMINARY            ,MI,49423-0000,Private      ,0,13,13,11,180,191
00407100,WALSH COLLEGE OF ACCT & BUS ADMN        ,MI,48007-7006,Private      ,22,357,379,421,2981,3402
00407200,NORTHWOOD UNIVERSITY                    ,MI,48640-2398,Private      ,71,158,229,2224,2070,4294
00467300,BAKER COLLEGE - FLINT                   ,MI,48507-5508,Private      ,232,789,1021,3276,8454,11730
00467301,BAKER COLLEGE OF CADILLAC               ,MI,49601-0000,Private      ,60,230,290,675,2246,2921
00467302,BAKER COLLEGE OF CLINTON TOWNSHIP       ,MI,48035-0000,Private      ,167,576,743,2232,6207,8439
00467303,BAKER COLLEGE OF MUSKEGON               ,MI,49442-0000,Private      ,148,495,643,2952,4879,7831
00467304,BAKER COLLEGE OF OWOSSO                 ,MI,48867-0000,Private      ,100,215,315,1884,2553,4437
00467305,BAKER COLLEGE OF AUBURN HILLS           ,MI,48326-0000,Private      ,114,409,523,1323,4464,5787
00467306,BAKER COLLEGE OF PORT HURON             ,MI,48060-0000,Private      ,43,133,176,661,1478,2139
00467309,BAKER COLLEGE OF JACKSON                ,MI,49202-0000,Private      ,77,283,360,1082,3329,4411
00467311,BAKER COLLEGE-CASS CITY                 ,MI,48726-0000,Private      ,12,47,59,226,480,706
00467313,BAKER COLLEGE - GRADUATE ON-LINE        ,MI,48507-0000,Private      ,57,746,803,562,7627,8189
00467317,BAKER COLLEGE-ALLEN PARK                ,MI,48101-0000,Private      ,137,503,640,1585,5457,7042
00469200,DORSEY SCHOOL OF BUSINESS               ,MI,48195-2334,Proprietary  ,15,90,105,107,477,584
00469201,DORSEY SCHOOL OF BUSINESS               ,MI,48184-0000,Proprietary  ,18,88,106,93,367,460
00469202,DORSEY SCHOOL OF BUSINESS               ,MI,48071-0000,Proprietary  ,16,82,98,103,486,589
00469204,DORSEY SCHOOL OF BUSINESS               ,MI,48066-0000,Proprietary  ,36,170,206,207,737,944
00469205,DORSEY BUSINESS SCHOOL - FARMINGTON HILL,MI,48334-3385,Proprietary  ,10,42,52,76,278,354
00469206,DORSEY BUSINESS SCHOOL - ROSEVILLE CULIN,MI,48066-4555,Proprietary  ,26,95,121,128,488,616
00469207,DORSEY BUSINESS SCHOOL - WATERFORD/PONTI,MI,48341-1037,Proprietary  ,28,95,123,118,517,635
00469208,DORSEY BUSINESS SCHOOL - SAGINAW CAMPUS ,MI,48603-5201,Proprietary  ,25,90,115,160,600,760
00469209,DORSEY SCHOOL OF BUSINESS - LANSING     ,MI,48911-5744,Proprietary  ,7,70,77,8,117,125
00489816,MCCANN SCHOOL OF BUSINESS & TECHNOLOGY -,MI,48017-1495,Proprietary  ,0,0,0,8,25,33
00491003,KAPLAN CAREER INSTITUTE - DEARBORN      ,MI,48228-0000,Proprietary  ,18,104,122,207,982,1189
00676800,MID MICHIGAN COMMUNITY COLLEGE          ,MI,48625-9447,Public       ,198,426,624,2922,3546,6468
00677100,COLLEGE FOR CREATIVE STUDIES            ,MI,48202-4034,Private      ,103,125,228,2105,1174,3279
00694900,KALAMAZOO VALLEY COMMUNITY COLLEGE      ,MI,49003-4070,Public       ,453,1138,1591,6952,9332,16284
00717100,KIRTLAND COMMUNITY COLLEGE              ,MI,48653-0000,Public       ,74,273,347,1101,1989,3090
00732991,ITT TECHNICAL INSTITUTE                 ,MI,49519-1851,Proprietary  ,142,512,654,841,2776,3617
00761700,CARNEGIE INSTITUTE                      ,MI,48083-1159,Proprietary  ,10,48,58,100,492,592
00795000,WEST SHORE COMMUNITY COLLEGE            ,MI,49454-0000,Public       ,46,165,211,685,1133,1818
00817800,EMPIRE BEAUTY SCHOOL                    ,MI,49525-2440,Proprietary  ,31,76,107,287,540,827
00832903,ITT TECHNICAL INSTITUTE                 ,MI,48083-2008,Proprietary  ,0,0,0,1,2,3
00890600,MACOMB COMMUNITY COLLEGE                ,MI,48088-3896,Public       ,1184,2273,3457,14421,17676,32097
00894600,PORT HURON COSMETOLOGY COLLEGE          ,MI,48329-1618,Proprietary  ,5,12,17,23,58,81
00923000,WAYNE COUNTY COMMUNITY CLG-DISTRICT     ,MI,48226-3010,Public       ,969,3624,4593,11052,31159,42211
00982800,EVEREST INSTITUTE                       ,MI,48033-4400,Proprietary  ,52,254,306,337,1701,2038
00982801,EVEREST INSTITUTE- DEARBORN             ,MI,48124-1927,Proprietary  ,46,211,257,355,1272,1627
00982803,EVEREST INSTITUTE - DETROIT             ,MI,48207-4291,Proprietary  ,55,229,284,427,1480,1907
01047000,KALAMAZOO BEAUTY ACADEMY                ,MI,49002-5220,Proprietary  ,6,8,14,53,87,140
01082700,DAVID PRESSLEY PROF SCH OF COSMTLGY     ,MI,48067-3219,Proprietary  ,22,43,65,200,315,515
01109800,FLINT INSTITUTE OF BARBERING            ,MI,48504-4395,Proprietary  ,7,36,43,55,223,278
01229100,WRIGHT BEAUTY ACADEMY                   ,MI,49015-2696,Proprietary  ,4,23,27,42,122,164
01258405,ILLINOIS INSTITUTE OF ART (THE) - THE AR,MI,48377-2979,Proprietary  ,0,0,0,1,0,1
01262700,THOMAS M. COOLEY LAW SCHOOL             ,MI,48901-1586,Private      ,2,178,180,43,4483,4526
01321800,M J MURPHY BTY CLG MT PLEASANT          ,MI,48858-2502,Proprietary  ,4,18,22,69,132,201
02060300,MICHIGAN INSTITUTE OF AERONAUTICS       ,MI,48188-2533,Proprietary  ,51,124,175,541,827,1368
02068700,FISER'S COLLEGE OF COSMETOLOGY          ,MI,49221-0000,Proprietary  ,0,0,0,0,5,5
02099700,ROSS MEDICAL EDUCATION CENTER           ,MI,48532-0000,Proprietary  ,83,311,394,423,1549,1972
02099701,ROSS MEDICAL EDUCATION CENTER-SAGINAW   ,MI,48603-5227,Proprietary  ,11,35,46,82,253,335
02099702,ROSS MEDICAL EDUCATION CENTER-PORT HURON,MI,48060-1958,Proprietary  ,2,16,18,36,117,153
02099703,ROSS MEDICAL EDUCATION CENTER-ROOSEVELT ,MI,49441-4156,Proprietary  ,1,12,13,13,67,80
02100400,EVEREST INSTITUTE                       ,MI,49525-2301,Proprietary  ,33,215,248,314,1292,1606
02100401,EVEREST INSTITUTE - KALAMAZOO           ,MI,49009-3307,Proprietary  ,25,124,149,233,854,1087
02125600,MICHIGAN COLLEGE OF BEAUTY              ,MI,48083-0000,Proprietary  ,27,92,119,159,472,631
02158600,MR BELA'S SCHOOL OF COSMETOLOGY         ,MI,48092-4637,Proprietary  ,12,36,48,83,202,285
02160303,INTERNATIONAL ACADEMY OF DESIGN AND TECH,MI,48083-2160,Proprietary  ,38,86,124,557,817,1374
02180100,ROSS MEDICAL EDUCATION CENTER           ,MI,48092-0000,Proprietary  ,46,163,209,209,891,1100
02180105,ROSS MEDICAL EDUCATION CENTER-REDFORD   ,MI,48239-1260,Proprietary  ,1,21,22,44,162,206
02198900,MICHIGAN SCHOOL OF PROFESSIONAL PSYCHOLO,MI,48334-4512,Private      ,5,23,28,53,348,401
02209200,TAYLORTOWN SCHOOL OF BEAUTY             ,MI,48180-0000,Proprietary  ,17,56,73,86,241,327
02237800,SPECS HOWARD SCHOOL OF MEDIA ARTS       ,MI,48075-0000,Proprietary  ,60,145,205,688,970,1658
02285700,BAYSHIRE BEAUTY ACADEMY                 ,MI,48708-5614,Proprietary  ,9,18,27,61,185,246
02289801,KAPLAN INSTITUTE - DETROIT CAMPUS       ,MI,48202-0000,Proprietary  ,19,106,125,248,1042,1290
02324500,MICHIGAN COLLEGE OF BEAUTY              ,MI,48161-3901,Proprietary  ,17,42,59,103,262,365
02339700,ROSS MEDICAL EDUCATION CENTER           ,MI,48116-0000,Proprietary  ,49,187,236,244,1000,1244
02339701,ROSS MEDICAL EDUCATION CENTER-ANN ARBOR ,MI,48108-1411,Proprietary  ,10,18,28,61,191,252
02339703,ROSS MEDICAL EDUCATION CENTER - DAVISON ,MI,48423-1751,Proprietary  ,2,5,7,25,100,125
02361500,MICHIGAN BARBER COLLEGE                 ,MI,48204-2244,Private      ,27,116,143,214,682,896
02363800,YESHIVA GEDOLAH OF GREATER DETROIT      ,MI,48237-0000,Private      ,13,0,13,23,1,24
02491000,WEST MI COLG OF BARBERING & BEAUTY      ,MI,49008-0000,Proprietary  ,4,19,23,47,175,222
02533600,ROSS MEDICAL EDUCATION CENTER           ,MI,48917-2108,Proprietary  ,32,138,170,211,829,1040
02533601,ROSS MEDICAL EDUCATION CENTER - GRAND RA,MI,49546-2430,Proprietary  ,12,57,69,97,360,457
02588200,DOUGLAS J AVEDA INSTITUTE               ,MI,48823-4351,Proprietary  ,64,127,191,740,942,1682
02588201,DOUGLAS J AVEDA INSTITUTE - ANN ARBOR   ,MI,48104-2211,Proprietary  ,19,28,47,190,216,406
02595700,HILLSDALE BEAUTY COLLEGE                ,MI,49242-0000,Proprietary  ,4,9,13,50,50,100
02618400,MICHIGAN CAREER & TECHNICAL INST        ,MI,49080-9254,Public       ,35,17,52,323,146,469
03005700,DETROIT BUSINESS INST. DOWNRIVER        ,MI,48193-6761,Proprietary  ,5,37,42,42,262,304
03028500,LAWTON SCHOOL                           ,MI,48075-0000,Proprietary  ,8,37,45,30,160,190
03066600,BAY MILLS COMMUNITY COLLEGE             ,MI,49715-9750,Public       ,11,67,78,199,578,777
03075200,TWIN CITY BEAUTY COLLEGE                ,MI,49085-3305,Proprietary  ,18,35,53,114,230,344
03075201,TWIN CITY BEAUTY COLLEGE - TRAVERSE CITY,MI,49686-5119,Proprietary  ,1,9,10,30,78,108
03090000,SHARP'S ACADEMY OF HAIRSTYLING INC.     ,MI,48433-0000,Proprietary  ,4,7,11,31,58,89
03109700,HOUGHTON LAKE INST OF COSMETOLOGY       ,MI,48629-0669,Proprietary  ,12,12,24,25,39,64
03110300,THE SCHOOL OF CREATIVE HAIR DESIGN      ,MI,49036-1139,Proprietary  ,5,11,16,27,76,103
03124000,NORTHWESTERN TECHNOLOGICAL INST         ,MI,48075-2412,Proprietary  ,10,118,128,114,579,693
03284300,MICHIGAN JEWISH INSTITUTE               ,MI,48237-0000,Private      ,470,333,803,1612,878,2490
03490300,PAUL MITCHELL THE SCHOOL ESCANABA       ,MI,49829-0000,Proprietary  ,38,45,83,319,381,700
03588300,IRENE'S MYOMASSOLOGY INSTITUTE          ,MI,48033-2404,Proprietary  ,12,71,83,110,446,556
03704300,BLUE WATER COLLEGE OF COSMETOLOGY       ,MI,48040-2093,Proprietary  ,10,10,20,38,51,89
03772300,SAGINAW CHIPPEWA TRIBAL COLLEGE         ,MI,48858-0000,Public       ,2,15,17,40,122,162
03815300,IN SESSION-ARTS OF COSMETOLOGY BEAU     ,MI,48609-0000,Proprietary  ,9,23,32,63,166,229
03907300,PAUL MITCHELL THE SCHOOL GREAT LAKES    ,MI,48060-0000,Proprietary  ,19,45,64,172,222,394
03915300,CAREER QUEST LEARNING CENTER            ,MI,48910-4732,Proprietary  ,29,211,240,217,1271,1488
03915301,CAREER QUEST LEARNING CENTER - JACKSON  ,MI,49201-2475,Proprietary  ,2,38,40,12,126,138
03915302,CAREER QUEST LEARNING CENTER - KALAMAZOO,MI,49002-1711,Proprietary  ,9,64,73,18,138,156
03968300,LAKEWOOD SCHOOL OF THERAPEUTIC MASSAGE  ,MI,48060-0000,Proprietary  ,0,11,11,25,79,104
03976500,ANN ARBOR INSTITUTE OF MASSAGE THERAPY  ,MI,48103-0000,Proprietary  ,7,18,25,56,189,245
04002400,ECUMENICAL THEOLOGICAL SEMINARY         ,MI,48201-3035,Private      ,2,24,26,9,186,195
04006300,NUVO COLLEGE OF COSMETOLOGY             ,MI,49441-3822,Proprietary  ,6,17,23,38,112,150
04014300,P&A SCHOLARS BEAUTY SCHOOL              ,MI,48204-0000,Proprietary  ,43,111,154,266,748,1014
04094300,ROBERT B. MILLER COLLEGE (THE)          ,MI,49017-3306,Private      ,5,56,61,126,650,776
04121100,GALLERY COLLEGE OF BEAUTY (THE)         ,MI,48036-3591,Proprietary  ,24,47,71,118,287,405
04136300,FOCUS:  HOPE INFORMATION TECHNOLOGIES CE,MI,48238-2949,Private      ,20,112,132,198,690,888
04138400,SCHOOL OF DESIGNING ARTS                ,MI,49015-2853,Proprietary  ,12,23,35,78,135,213
04140900,INTERNATIONAL COSMETOLOGY ACADEMY       ,MI,49508-1308,Proprietary  ,10,54,64,78,223,301
04141100,FRENCH ACADEMY OF COSMETOLOGY           ,MI,49456-3207,Proprietary  ,11,17,28,46,76,122
04158400,L'ESPRIT ACADEMY                        ,MI,48150-0000,Proprietary  ,13,29,42,100,220,320
04159300,MARKETTI ACADEMY OF COSMETOLOGY         ,MI,48329-3506,Proprietary  ,6,16,22,59,117,176
04163300,COMPASS FILM ACADEMY                    ,MI,49504-5296,Private      ,5,16,21,137,139,276
04164700,KEWEENAW BAY OJIBWA COMMUNITY COLLEGE   ,MI,49908-0000,Public       ,0,11,11,26,89,115
04169300,SCHOLARS COSMETOLOGY UNIVERSITY         ,MI,48108-0000,Proprietary  ,3,12,15,34,99,133
04183300,ABCOTT INSTITUTE                        ,MI,48075-5227,Proprietary  ,10,44,54,58,253,311
04184700,PROTEGE ACADEMY                         ,MI,48823-8660,Proprietary  ,5,29,34,70,180,250
04207000,SCHOOL OF MISSIONARY AVIATION TECHNOLOGY,MI,48846-7412,Private      ,0,2,2,10,15,25
04211200,BRIGHTON INSTITUTE OF COSMETOLOGY       ,MI,48116-8360,Proprietary  ,4,9,13,19,29,48
00233200,ANOKA-RAMSEY CC-CAMBRIDGE/COONRAPID     ,MN,55433-3499,Public       ,294,616,910,4009,5401,9410
00233400,AUGSBURG COLLEGE                        ,MN,55454-1351,Private      ,90,224,314,3141,2559,5700
00233500,RIVERLAND COMMUNITY COLLEGE             ,MN,55912-1473,Public       ,67,252,319,1092,2122,3214
00233600,BEMIDJI STATE UNIVERSITY                ,MN,56601-2699,Public       ,102,208,310,3842,2289,6131
00233700,BETHANY LUTHERAN COLLEGE INC            ,MN,56001-6163,Private      ,12,8,20,719,92,811
00233900,CENTRAL LAKES COLG-BRAINERD/STAPLES     ,MN,56401-3900,Public       ,77,283,360,1546,2203,3749
00234000,CARLETON COLLEGE                        ,MN,55057-4001,Private      ,75,5,80,3501,82,3583
00234100,COLLEGE OF ST BENEDICT                  ,MN,56374-2099,Private      ,33,8,41,2265,86,2351
00234200,ST. CATHERINE UNIVERSITY                ,MN,55105-1789,Private      ,69,240,309,2954,3801,6755
00234300,COLLEGE OF ST SCHOLASTICA               ,MN,55811-4199,Private      ,74,210,284,2534,2361,4895
00234500,UNIVERSITY OF ST THOMAS                 ,MN,55105-1096,Private      ,148,296,444,7212,3906,11118
00234600,CONCORDIA COLLEGE-MOORHEAD              ,MN,56562-0001,Private      ,52,28,80,3114,245,3359
00234700,"CONCORDIA UNIVERSITY, ST PAUL, MN       ",MN,55104-5494,Private      ,66,366,432,1474,2742,4216
00235000,VERMILION COMMUNITY COLLEGE             ,MN,55731-1996,Public       ,25,18,43,596,188,784
00235300,GUSTAVUS ADOLPHUS COLLEGE               ,MN,56082-1498,Private      ,75,7,82,3742,97,3839
00235400,HAMLINE UNIVERSITY                      ,MN,55104-1284,Private      ,91,257,348,3330,3237,6567
00235500,HIBBING COMMUNITY COLLEGE               ,MN,55746-3300,Public       ,27,106,133,716,1067,1783
00235600,ITASCA COMMUNITY COLLEGE                ,MN,55744-3397,Public       ,38,81,119,901,659,1560
00235700,LUTHER SEMINARY                         ,MN,55108-0000,Private      ,1,20,21,6,445,451
00235800,MACALESTER COLLEGE                      ,MN,55105-1899,Private      ,86,27,113,3784,256,4040
00236000,"MINNESOTA STATE UNIVERSITY, MANKATO     ",MN,56002-0000,Public       ,337,365,702,12618,5011,17629
00236100,MARTIN LUTHER COLLEGE                   ,MN,56073-3965,Private      ,4,5,9,675,67,742
00236200,MINNEAPOLIS COMM AND TECH COLLEGE       ,MN,55403-1779,Public       ,429,1570,1999,4545,11712,16257
00236500,MINNEAPOLIS COLLEGE OF ART & DESIGN     ,MN,55404-4343,Private      ,52,77,129,1033,615,1648
00236600,CROSSROADS COLLEGE                      ,MN,55902-2382,Private      ,3,15,18,101,127,228
00236700,MINNESOTA STATE UNIVERSITY MOORHEAD     ,MN,56563-0001,Public       ,177,239,416,5763,2810,8573
00236900,NORTH CENTRAL UNIVERSITY                ,MN,55404-1391,Private      ,34,61,95,1446,551,1997
00237000,NORTH HENNEPIN COMMUNITY COLLEGE        ,MN,55445-2299,Public       ,239,784,1023,3312,6410,9722
00237100,NORTHWESTERN COLLEGE                    ,MN,55113-1598,Private      ,54,138,192,2478,1095,3573
00237300,ROCHESTER COMMUNITY/TECH COLLEGE        ,MN,55904-4999,Public       ,184,545,729,2912,4076,6988
00237500,SOUTHWEST MINNESOTA STATE UNIVERSITY    ,MN,56258-1598,Public       ,56,107,163,2237,1263,3500
00237700,ST CLOUD STATE UNIVERSITY               ,MN,56301-4498,Public       ,322,442,764,10651,5701,16352
00237900,SAINT JOHNS UNIVERSITY                  ,MN,56321-0000,Private      ,36,10,46,2019,117,2136
00238000,SAINT MARY'S UNIVERSITY                 ,MN,55987-1399,Private      ,35,436,471,1863,3371,5234
00238200,ST OLAF COLLEGE                         ,MN,55057-1098,Private      ,64,11,75,3976,111,4087
00238300,CROWN COLLEGE                           ,MN,55375-9001,Private      ,30,104,134,905,743,1648
00238500,NORTHLAND COMMUNITY & TECHNICAL CLG     ,MN,56701-2598,Public       ,84,254,338,1640,2187,3827
00238600,UNITED THEOLGCL SEMINRY TWIN CITIES     ,MN,55112-0000,Private      ,0,2,2,2,123,125
00238800,"UNIVERSITY OF MINNESOTA, DULUTH         ",MN,55812-2496,Public       ,326,155,481,11038,2565,13603
00238900,"UNIVERSITY OF MINNESOTA, MORRIS         ",MN,56267-2113,Public       ,66,31,97,2396,318,2714
00239100,WILLIAM MITCHELL COLLEGE OF LAW         ,MN,55105-0000,Private      ,1,23,24,8,1244,1252
00239300,MINNESOTA STATE COLLEGE-SE TECH         ,MN,55987-0409,Public       ,78,222,300,984,1689,2673
00239400,WINONA STATE UNIVERSITY                 ,MN,55987-5838,Public       ,170,126,296,8067,1833,9900
00396900,UNIVERSITY OF MINNESOTA-TWIN CITIES     ,MN,55455-0422,Public       ,900,1136,2036,33982,19478,53460
00400900,MESABI RANGE CMNTY & TECH COLLEGE       ,MN,55792-0000,Public       ,21,80,101,616,739,1355
00405708,NATIONAL AMERICAN UNIVERSITY            ,MN,55113-0000,Proprietary  ,7,43,50,52,375,427
00405715,NATIONAL AMERICAN UNIVERSITY - BLOOMINGT,MN,55425-5550,Proprietary  ,7,53,60,63,542,605
00406900,UNIVERSITY OF MINNESOTA-CROOKSTON       ,MN,56716-5001,Public       ,43,98,141,1228,930,2158
00438600,VETERAN'S MEDICAL CTR- SCH RAD TECH     ,MN,55417-2399,Public       ,1,1,2,6,48,54
00464100,DUNWOODY COLLEGE OF TECHNOLOGY          ,MN,55403-1192,Private      ,64,243,307,751,1547,2298
00464200,GLOBE UNIVERSITY                        ,MN,55125-5408,Proprietary  ,116,473,589,1239,4514,5753
00464500,MINNEAPOLIS BUSINESS COLLEGE            ,MN,55113-4036,Proprietary  ,1,23,24,420,234,654
00464600,MINNESOTA SCHOOL OF BUSINESS            ,MN,55423-0000,Proprietary  ,116,433,549,1371,4685,6056
00525200,RIDGEWATER COLLEGE                      ,MN,56201-2098,Public       ,96,287,383,2141,2149,4290
00526300,MINNESOTA WEST CMNTY & TECH COLG        ,MN,56241-1096,Public       ,45,189,234,872,1719,2591
00553300,"SAINT PAUL COLLEGE, COMMUNITY/TECHNICAL ",MN,55102-1800,Public       ,347,1328,1675,3591,8962,12553
00553400,SAINT CLOUD TECHNICAL COLLEGE AND COMMUN,MN,56303-1240,Public       ,196,444,640,2913,3428,6341
00553500,PINE TECHNICAL COLLEGE                  ,MN,55063-2198,Public       ,19,125,144,292,940,1232
00553700,SOUTH CENTRAL COLLEGE                   ,MN,56003-0000,Public       ,94,282,376,1767,2460,4227
00554100,MINNESOTA STATE COMMUNITY AND TECHNICAL ,MN,56573-1405,Public       ,142,408,550,2463,3810,6273
00554400,ALEXANDRIA TECHNICAL COLLEGE            ,MN,56308-3799,Public       ,44,126,170,1451,1074,2525
00575700,LAKE SUPERIOR COLLEGE                   ,MN,55811-3399,Public       ,168,395,563,2269,3350,5619
00575900,NORTHWEST TECHNICAL COLLEGE - BEMIDJI   ,MN,56601-4907,Public       ,26,129,155,428,1096,1524
00677500,RAINY RIVER COMMUNITY COLLEGE           ,MN,56649-2187,Public       ,11,24,35,177,162,339
00735000,ANOKA-HENNEPIN TECHNICAL COLLEGE        ,MN,55303-1590,Public       ,98,379,477,1038,3160,4198
00735100,BROWN COLLEGE                           ,MN,55120-1004,Proprietary  ,28,87,115,313,887,1200
00746200,COLLEGE OF VISUAL ARTS                  ,MN,55102-2199,Private      ,15,14,29,272,122,394
00795400,NORMANDALE COMMUNITY COLLEGE            ,MN,55431-4399,Public       ,380,725,1105,4970,6144,11114
00826700,NORTHWEST TECHNICAL INSTITUTE           ,MN,55121-5001,Proprietary  ,3,5,8,56,52,108
00869400,RASMUSSEN COLLEGE - ST. CLOUD           ,MN,56301-3713,Proprietary  ,22,167,189,259,1525,1784
00869401,RASMUSSEN COLLEGE - BROOKLYN PARK       ,MN,55445-1512,Proprietary  ,26,163,189,259,1508,1767
00869406,RASMUSSEN COLLEGE - EAGAN               ,MN,55122-1346,Proprietary  ,22,147,169,252,1486,1738
00869407,RASMUSSEN COLLEGE - BLOOMINGTON         ,MN,55435-5444,Proprietary  ,22,202,224,314,3080,3394
00869409,RASMUSSEN COLLEGE - MANKATO             ,MN,56001-8658,Proprietary  ,22,92,114,319,1106,1425
00869412,RASMUSSEN COLLEGE - LAKE ELMO           ,MN,55042-8624,Proprietary  ,19,91,110,172,975,1147
00869416,RASMUSSEN COLLEGE - MOORHEAD            ,MN,56560-4513,Proprietary  ,13,94,107,197,917,1114
00869417,RASMUSSEN COLLEGE - BLAINE              ,MN,55014-0000,Proprietary  ,10,101,111,197,918,1115
00905800,BETHEL UNIVERSITY                       ,MN,55112-6999,Private      ,77,295,372,3553,2652,6205
00960000,COSMETOLOGY CAREERS UNLTD-DULUTH        ,MN,55802-2031,Proprietary  ,3,11,14,27,70,97
00972200,EMPIRE BEAUTY SCHOOL                    ,MN,55119-7003,Proprietary  ,18,45,63,142,324,466
00974000,INVER HILLS COMMUNITY COLLEGE           ,MN,55076-3224,Public       ,195,520,715,2692,4079,6771
00983100,MODEL COLLEGE OF HAIR DESIGN            ,MN,56301-4280,Proprietary  ,13,22,35,122,150,272
00987000,EMPIRE BEAUTY SCHOOL                    ,MN,55420-2919,Proprietary  ,15,45,60,129,295,424
00989200,"DULUTH BUSINESS UNIV, INC.              ",MN,55807-0000,Proprietary  ,10,44,54,122,466,588
00999200,OAK HILLS CHRISTIAN COLLEGE             ,MN,56601-0000,Private      ,5,10,15,116,80,196
01024800,ART INSTITUTES INTL MINNESOTA           ,MN,55402-3137,Proprietary  ,119,169,288,1585,1434,3019
01035602,EVEREST INSTITUTE - EAGAN               ,MN,55121-1696,Proprietary  ,23,108,131,138,633,771
01037400,METROPOLITAN STATE UNIVERSITY           ,MN,55106-5000,Public       ,133,880,1013,2301,9477,11778
01040200,DAKOTA COUNTY TECHNICAL COLLEGE         ,MN,55068-2999,Public       ,105,330,435,1359,2585,3944
01049000,REGENCY BEAUTY INSTITUTE                ,MN,55428-0000,Proprietary  ,469,1067,1536,3927,8021,11948
01049100,HENNEPIN TECHNICAL COLLEGE              ,MN,55445-2399,Public       ,213,819,1032,2131,6462,8593
01054600,CENTURY COLLEGE                         ,MN,55110-1894,Public       ,421,1041,1462,5438,8491,13929
01173200,"MAYO CLINIC, COLLEGE OF MEDICINE        ",MN,55905-0000,Private      ,6,12,18,51,374,425
01173201,MAYO SCHOOL OF HEALTH-RELATED SCIEN     ,MN,55905-0000,Private      ,5,16,21,93,229,322
01173206,MAYO GRAD SCHOOL                        ,MN,55901-0000,Private      ,1,5,6,5,52,57
01173207,MAYO MEDICAL SCHOOL                     ,MN,55901-0000,Private      ,2,3,5,17,230,247
01232800,NORTHWESTERN HEALTH SCIENCES UNIV       ,MN,55431-1599,Private      ,5,71,76,74,968,1042
02050300,ACADEMY COLLEGE                         ,MN,55420-1554,Proprietary  ,8,31,39,72,244,316
02097300,HASTINGS BEAUTY SCHOOL                  ,MN,55033-1205,Proprietary  ,6,8,14,36,54,90
02123200,AVEDA INSTITUTE                         ,MN,55414-0000,Proprietary  ,62,97,159,515,507,1022
02159800,COSMETOLOGY CAREERS UNLTD - HIBBING     ,MN,55746-0000,Proprietary  ,2,9,11,17,56,73
02160901,"SALON PROFESSIONAL ACADEMY, THE - THE SA",MN,55428-4928,Proprietary  ,6,10,16,38,71,109
02238100,MINNESOTA SCHOOL OF COSMETOLOGY         ,MN,55125-0000,Proprietary  ,18,34,52,167,297,464
02260500,SUMMIT ACAD OPPORTUNITIES IND CTR       ,MN,55405-0000,Private      ,21,183,204,78,605,683
02263102,ANTHEM COLLEGE - ST. LOUIS PARK         ,MN,55416-2467,Proprietary  ,6,11,17,38,116,154
02504200,WALDEN UNIVERSITY                       ,MN,55401-2511,Proprietary  ,40,8343,8383,339,56456,56795
02514100,AMERICAN INDIAN OPPORTUNITIES CTR       ,MN,55404-0000,Private      ,5,54,59,25,319,344
03001200,MCNALLY SMITH COLLEGE OF MUSIC          ,MN,55101-2220,Proprietary  ,56,35,91,860,353,1213
03051900,ALFRED ADLER GRADUATE SCHOOL            ,MN,55305-0000,Private      ,0,48,48,1,337,338
03096400,LEECH LAKE TRIBAL COLLEGE               ,MN,56633-0000,Public       ,4,42,46,67,406,473
03129100,FOND DU LAC TRIBAL & COMMUNITY CLG      ,MN,55720-2984,Public       ,38,129,167,580,1042,1622
03267300,CAPELLA UNIVERSITY                      ,MN,55402-3389,Proprietary  ,40,4126,4166,256,50264,50520
03833300,AMERICAN ACADEMY OF ACUPUNCTURE AND ORIE,MN,55113-0000,Proprietary  ,0,19,19,4,100,104
03921400,WHITE EARTH TRIBAL AND COMMUNITY COLLEGE,MN,56557-0478,Private      ,2,17,19,19,137,156
04044300,HAZELDEN GRADUATE SCHOOL OF ADDICTION ST,MN,55012-0000,Private      ,0,19,19,3,150,153
04130200,INST. OF PRODUCTION AND RECORDING       ,MN,55401-1315,Proprietary  ,49,60,109,503,483,986
04148800,CENTERPOINT MASSAGE & SHIATSU THERAPY SC,MN,55414-4525,Proprietary  ,14,39,53,41,221,262
04157600,NOVA ACADEMY OF COSMETOLOGY             ,MN,55906-4103,Proprietary  ,3,18,21,52,106,158
04160500,AVALON SCHOOL OF COSMETOLOGY            ,MN,56187-1930,Proprietary  ,2,6,8,16,34,50
04174400,ROCHESTER SCHOOL OF HAIR DESIGN         ,MN,55901-4310,Proprietary  ,5,5,10,31,77,108
04175600,PARK AVENUE SCHOOL OF COSMETOLOGY       ,MN,56470-3361,Proprietary  ,1,15,16,22,68,90
00239600,ALCORN STATE UNIVERSITY                 ,MS,39096-7500,Public       ,136,242,378,4601,4443,9044
00239700,BELHAVEN UNIVERSITY                     ,MS,39202-1789,Private      ,85,510,595,1909,5066,6975
00239800,BLUE MOUNTAIN COLLEGE                   ,MS,38610-9370,Private      ,19,39,58,618,368,986
00240100,COAHOMA COMMUNITY COLLEGE               ,MS,38614-9799,Public       ,76,185,261,1875,2768,4643
00240200,COPIAH-LINCOLN COMMUNITY COLLEGE        ,MS,39191-0649,Public       ,119,280,399,2338,2826,5164
00240300,DELTA STATE UNIVERSITY                  ,MS,38733-0000,Public       ,144,248,392,3620,3768,7388
00240400,EAST CENTRAL COMMUNITY COLLEGE          ,MS,39327-0129,Public       ,86,219,305,2099,2526,4625
00240500,EAST MISSISSIPPI COMM COLLEGE           ,MS,39358-0000,Public       ,200,411,611,3497,4171,7668
00240700,HINDS COMMUNITY COLLEGE                 ,MS,39154-9799,Public       ,469,1194,1663,8512,12262,20774
00240800,HOLMES COMMUNITY COLLEGE                ,MS,39079-0000,Public       ,249,651,900,4601,6657,11258
00240900,ITAWAMBA COMMUNITY COLLEGE              ,MS,38843-1099,Public       ,170,490,660,4429,5451,9880
00241000,JACKSON STATE UNIVERSITY                ,MS,39217-0001,Public       ,331,747,1078,9627,11743,21370
00241100,JONES COUNTY JUNIOR COLLEGE             ,MS,39437-3999,Public       ,224,329,553,4082,2987,7069
00241300,MERIDIAN COMMUNITY COLLEGE              ,MS,39307-5890,Public       ,109,350,459,2549,3584,6133
00241400,MILLSAPS COLLEGE                        ,MS,39201-0000,Private      ,58,74,132,1661,968,2629
00241500,MISSISSIPPI COLLEGE                     ,MS,39058-0001,Private      ,116,259,375,3172,3923,7095
00241501,MISSISSIPPI COLLEGE - SCHOOL OF LAW     ,MS,39201-1391,Private      ,8,45,53,127,1083,1210
00241600,MISSISSIPPI DELTA CMTY COLLEGE          ,MS,38761-0000,Public       ,115,231,346,2563,2890,5453
00241700,MISSISSIPPI GULF CST CLG-PERKINSTON     ,MS,39573-0000,Public       ,123,184,307,2244,1430,3674
00241701,MISSISSIPPI GULF CST CLG-JEFF DAVIS     ,MS,39507-0000,Public       ,217,672,889,2495,4880,7375
00241702,MISSISSIPPI GULF CST CLG-JACKSON CN     ,MS,39553-0000,Public       ,146,445,591,2120,3261,5381
00242200,MISSISSIPPI UNIV FOR WOMEN              ,MS,39701-5818,Public       ,73,216,289,2044,3085,5129
00242300,MISSISSIPPI STATE UNIVERSITY            ,MS,39762-9698,Public       ,717,617,1334,18732,9219,27951
00242400,MISSISSIPPI VALLEY STATE UNIVERSITY     ,MS,38941-1400,Public       ,145,222,367,3471,3657,7128
00242600,NORTHEAST MS CMNTY COLLEGE              ,MS,38829-1731,Public       ,123,247,370,3132,2610,5742
00242700,NORTHWEST MISSISSIPPI COMMUNITY CLG     ,MS,38668-1703,Public       ,302,605,907,6302,6258,12560
00243000,PEARL RIVER COMMUNITY COLLEGE           ,MS,39470-2201,Public       ,194,452,646,3488,4307,7795
00243300,RUST COLLEGE                            ,MS,38635-2328,Private      ,62,59,121,1398,759,2157
00243500,SOUTHEASTERN BAPTIST COLLEGE            ,MS,39440-0000,Private      ,2,5,7,19,84,103
00243600,SOUTHWEST MISSISSIPPI CMNTY CLG         ,MS,39666-8099,Public       ,109,177,286,1727,1678,3405
00243900,TOUGALOO COLLEGE                        ,MS,39174-9799,Private      ,52,58,110,1783,898,2681
00244000,UNIVERSITY OF MISSISSIPPI               ,MS,38677-1848,Public       ,677,470,1147,16580,8544,25124
00244001,UNIVERSITY OF MISSISSIPPI - MED CTR     ,MS,39216-0000,Public       ,45,127,172,848,2701,3549
00244100,UNIVERSITY OF SOUTHERN MISSISSIPPI      ,MS,39406-0001,Public       ,556,775,1331,14112,11728,25840
00244700,WILLIAM CAREY UNIVERSITY                ,MS,39401-5499,Private      ,73,345,418,1979,4989,6968
00489809,MCCANN SCHOOL OF BUSINESS & TECHNOLOGY -,MS,39503-3167,Proprietary  ,1,24,25,42,166,208
01289101,ANTONELLI COLLEGE - JACKSON             ,MS,39232-9514,Proprietary  ,28,216,244,238,1648,1886
01289102,ANTONELLI COLLEGE - HATTIESBURG         ,MS,39401-3056,Proprietary  ,18,135,153,171,843,1014
02074900,CHRIS' BEAUTY COLLEGE                   ,MS,39501-0000,Proprietary  ,8,45,53,76,194,270
02160500,NORTH MISSISSIPPI MED CTR MED TECH      ,MS,38801-0000,Private      ,4,25,29,56,203,259
02235900,ACADEMY OF HAIR DESIGN #4               ,MS,39208-0000,Proprietary  ,7,24,31,73,214,287
02244300,ACADEMY OF HAIR DESIGN #1               ,MS,38901-0000,Proprietary  ,14,26,40,126,303,429
02249900,DELTA BEAUTY COLLEGE                    ,MS,38701-0000,Proprietary  ,9,9,18,74,122,196
02251600,ACADEMY OF HAIR DESIGN #6               ,MS,39401-7581,Proprietary  ,9,42,51,128,327,455
02251700,FOSTER'S COSMETOLOGY COLLEGE            ,MS,38663-0000,Proprietary  ,0,6,6,8,33,41
02302800,MISSISSIPPI COLLEGE OF BEAUTY CULT      ,MS,39440-0000,Proprietary  ,5,21,26,33,112,145
02320800,MAGNOLIA COLLEGE OF COSMETOLOGY         ,MS,39206-0000,Proprietary  ,16,54,70,121,488,609
02502100,CREATIONS COLLEGE OF COSMETOLOGY        ,MS,38803-0000,Proprietary  ,7,29,36,57,181,238
02516200,WESLEY BIBLICAL SEMINARY                ,MS,39206-0000,Private      ,0,21,21,7,202,209
02586000,J & J HAIR DESIGN COLLEGE               ,MS,39051-3716,Proprietary  ,4,18,22,53,134,187
03004000,FINAL TOUCH BEAUTY SCHOOL               ,MS,39307-2934,Proprietary  ,8,20,28,52,131,183
03010603,VIRGINIA COLLEGE - JACKSON              ,MS,39206-5602,Proprietary  ,29,159,188,261,1343,1604
03010610,VIRGINIA COLLEGE - BILOXI               ,MS,39532-2124,Proprietary  ,9,65,74,122,568,690
03032400,KC'S SCHOOL OF HAIR DESIGN              ,MS,38863-0000,Proprietary  ,3,25,28,14,73,87
03263300,TRAXLER'S SCHOOL OF HAIR                ,MS,39212-2529,Proprietary  ,8,20,28,40,158,198
03464300,ACADEMY OF HAIR DESIGN                  ,MS,39562-0000,Proprietary  ,1,13,14,14,79,93
03525300,BLUE CLIFF COLLEGE                      ,MS,39507-0000,Proprietary  ,27,120,147,209,822,1031
03848300,DAY SPA CAREER COLLEGE                  ,MS,39564-0000,Proprietary  ,3,18,21,30,135,165
03963300,HEALING TOUCH SCHOOL OF MASSAGE THERAPY ,MS,39402-1300,Proprietary  ,2,36,38,65,262,327
04131300,CORINTH ACADEMY OF COSMETOLOGY          ,MS,38834-4813,Proprietary  ,3,22,25,41,152,193
04137400,MISSISSIPPI SCHOOL OF THERAPEUTIC MASSAG,MS,39216-5023,Proprietary  ,0,0,0,9,27,36
04140200,"MISSISSIPPI INSTITUTE OF AESTHETICS, NAI",MS,39056-5628,Proprietary  ,2,20,22,45,130,175
00252600,CARROLL COLLEGE                         ,MT,59625-0002,Private      ,69,17,86,2301,341,2642
00252700,UNIVERSITY OF GREAT FALLS               ,MT,59405-4996,Private      ,38,76,114,854,764,1618
00252800,MILES COMMUNITY COLLEGE                 ,MT,59301-4799,Public       ,11,16,27,330,263,593
00252900,DAWSON COMMUNITY COLLEGE                ,MT,59330-1405,Public       ,8,23,31,256,176,432
00253000,MONTANA STATE UNIVERSITY - BILLINGS     ,MT,59101-0298,Public       ,165,397,562,3192,4121,7313
00253100,MONTANA TECH OF THE UNIV OF MONTANA     ,MT,59701-8997,Public       ,93,149,242,1738,1569,3307
00253200,MONTANA STATE UNIVERSITY - BOZEMAN      ,MT,59717-4160,Public       ,458,396,854,12708,5567,18275
00253300,MONTANA STATE UNIVERSITY-NORTHERN       ,MT,59501-3148,Public       ,44,80,124,985,952,1937
00253400,ROCKY MOUNTAIN COLLEGE                  ,MT,59102-1796,Private      ,53,52,105,1382,525,1907
00253600,UNIVERSITY OF MONTANA (THE)             ,MT,59812-0001,Public       ,389,578,967,9625,8937,18562
00253700,UNIVERSITY OF MONTANA WESTERN (THE)     ,MT,59725-3598,Public       ,70,44,114,1540,692,2232
00677700,FLATHEAD VALLEY COMMUNITY COLLEGE       ,MT,59901-2699,Public       ,89,239,328,1023,1987,3010
00757000,HELENA COLLEGE OF TECHNOLOGY            ,MT,59601-3098,Public       ,53,126,179,547,1370,1917
00790000,BUTTE ACADEMY OF BEAUTY CULTURE         ,MT,59701-9197,Proprietary  ,2,14,16,28,73,101
00894700,"DAHL'S COLLEGE OF BEAUTY,INC            ",MT,59401-3731,Proprietary  ,0,6,6,16,41,57
00931400,MSU COLLEGE OF TECH-GREAT FALLS         ,MT,59405-4907,Public       ,66,213,279,830,1899,2729
02143400,SALISH KOOTENAI COLLEGE                 ,MT,59855-0000,Public       ,26,104,130,373,1109,1482
02286600,LITTLE BIG HORN COLLEGE                 ,MT,59022-0000,Public       ,14,32,46,114,215,329
02343000,FT PECK COMMUNITY COLLEGE               ,MT,59255-0000,Public       ,10,26,36,85,223,308
02510600,BLACKFEET COMMUNITY COLLEGE             ,MT,59417-0000,Private      ,9,39,48,161,363,524
02517500,FORT BELKNAP COLLEGE                    ,MT,59526-0000,Public       ,3,6,9,68,170,238
02545200,CHIEF DULL KNIFE COLLEGE                ,MT,59043-0098,Public       ,10,19,29,80,150,230
02610900,STONE CHILD COLLEGE                     ,MT,59521-9796,Public       ,2,16,18,85,197,282
02621300,ACADEMY OF COSMETOLOGY                  ,MT,59715-3544,Proprietary  ,9,10,19,58,77,135
03205300,MODERN BEAUTY SCHOOL                    ,MT,59801-8386,Proprietary  ,8,15,23,66,118,184
03763400,"ACADEMY OF NAIL, SKIN & HAIR            ",MT,59101-0000,Proprietary  ,9,42,51,104,224,328
03778300,HEALTH WORKS INSTITUTE                  ,MT,59715-0000,Proprietary  ,4,9,13,46,100,146
04163700,BITTERROOT SCHOOL OF COSMETOLOGY        ,MT,59840-3118,Proprietary  ,2,4,6,24,42,66
04164100,SALON PROFESSIONAL ACADEMY (THE)        ,MT,59405-0000,Proprietary  ,1,21,22,64,124,188
04187700,CREVIER'S SCHOOL OF COSMETOLOGY         ,MT,59901-4402,Proprietary  ,13,27,40,74,182,256
00253900,CHADRON STATE COLLEGE                   ,NE,69337-2690,Public       ,93,113,206,1885,1348,3233
00254000,COLLEGE OF ST MARY                      ,NE,68106-2606,Private      ,22,106,128,587,1335,1922
00254100,CONCORDIA UNIVERSITY                    ,NE,68434-1594,Private      ,37,92,129,1485,717,2202
00254200,CREIGHTON UNIVERSITY                    ,NE,68178-0001,Private      ,156,309,465,5727,5716,11443
00254400,DOANE COLLEGE                           ,NE,68333-2421,Private      ,57,114,171,1853,1312,3165
00254700,GRACE UNIVERSITY                        ,NE,68108-3629,Private      ,8,37,45,390,388,778
00254800,HASTINGS COLLEGE                        ,NE,68901-7621,Private      ,41,26,67,1530,199,1729
00255100,UNIVERSITY OF NEBRASKA AT KEARNEY       ,NE,68849-0001,Public       ,192,212,404,4952,2335,7287
00255300,MIDLAND UNIVERSITY                      ,NE,68025-4254,Private      ,37,55,92,1507,429,1936
00255400,UNIVERSITY OF NEBRASKA-OMAHA            ,NE,68182-0001,Public       ,348,617,965,9647,7878,17525
00255500,NEBRASKA WESLEYAN UNIVERSITY            ,NE,68504-2796,Private      ,84,83,167,2163,777,2940
00255700,MID-PLAINS COMM COLLEGE - NORTH PLATTE  ,NE,69101-9420,Public       ,36,96,132,538,801,1339
00255701,MID-PLAINS COMMUNITY COLLEGE - MCCOOK   ,NE,69001-2631,Public       ,21,36,57,273,242,515
00255900,PERU STATE COLLEGE                      ,NE,68421-0010,Public       ,45,112,157,1082,1182,2264
00256000,WESTERN NEBRASKA COMMUNITY COLLEGE      ,NE,69361-1815,Public       ,31,137,168,841,1121,1962
00256300,UNION COLLEGE                           ,NE,68506-4387,Private      ,17,27,44,886,467,1353
00256500,UNIVERSITY OF NEBRASKA-LINCOLN          ,NE,68588-0419,Public       ,489,422,911,16799,6068,22867
00256596,UNIVERSITY OF NEBRASKA - CURTIS         ,NE,69025-9522,Public       ,15,5,20,284,62,346
00256600,WAYNE STATE COLLEGE                     ,NE,68787-1172,Public       ,104,74,178,3305,1012,4317
00256700,YORK COLLEGE                            ,NE,68467-2699,Private      ,15,7,22,595,144,739
00443600,REGNL WST MEDCL CTR SCHL RAD            ,NE,69361-0000,Private      ,1,5,6,28,27,55
00458608,KAPLAN UNIVERSITY - OMAHA               ,NE,68134-1002,Proprietary  ,22,199,221,238,1653,1891
00458609,KAPLAN UNIVERSITY - LINCOLN             ,NE,68508-2668,Proprietary  ,15,123,138,138,949,1087
00639900,BRYANLGH COLLEGE OF HEALTH SCIENCES     ,NE,68506-1398,Private      ,16,40,56,479,478,957
00640400,NEBR METHODIST CLG OF NURS ALLD HLTH    ,NE,68114-2852,Private      ,21,133,154,531,1111,1642
00689500,UNIVERSITY OF NEBRASKA-MED CTR          ,NE,68198-4265,Public       ,28,121,149,730,2787,3517
00750100,VATTEROTT COLLEGE                       ,NE,68137-1237,Proprietary  ,24,134,158,280,1251,1531
00849200,ALEGENT HEALTH SCHOOLS                  ,NE,68114-2767,Private      ,6,49,55,89,355,444
00952300,BAHNER COLLEGE OF HAIRSTYLING           ,NE,68025-3297,Proprietary  ,5,7,12,32,49,81
00961700,CAPITOL BEAUTY SCHOOL                   ,NE,68144-0000,Proprietary  ,19,42,61,159,285,444
00974300,BELLEVUE UNIVERSITY                     ,NE,68005-0000,Private      ,51,988,1039,903,9059,9962
00986200,CLARKSON COLLEGE                        ,NE,68131-2739,Private      ,21,141,162,587,1491,2078
01151900,JOSEPH'S COLLEGE OF BEAUTY/ALL CAMPUSES ,NE,68510-2226,Proprietary  ,16,49,65,164,410,574
01166700,NORTHEAST COMMUNITY COLLEGE             ,NE,68702-0000,Public       ,72,204,276,1958,1673,3631
01258600,METROPOLITAN COMMUNITY COLLEGE          ,NE,68103-0000,Public       ,405,1565,1970,5758,14199,19957
01297600,NEBRASKA CHRISTIAN COLLEGE              ,NE,68046-4256,Private      ,2,4,6,124,65,189
02079700,COLLEGE OF HAIR DESIGN                  ,NE,68508-0000,Proprietary  ,34,32,66,212,273,485
02099500,CENTRAL COMMUNITY COLLEGE- GI           ,NE,68801-0000,Public       ,64,218,282,750,1735,2485
02099501,CENTRAL COMMUNITY COLLEGE - HASTINGS    ,NE,68902-0000,Public       ,59,125,184,1107,993,2100
02099502,CENTRAL COMMUNITY COLLEGE - COLUMBUS    ,NE,68602-0000,Public       ,28,70,98,567,631,1198
02508300,SOUTHEAST COMM. COLLEGE-ALL CAMPUSES    ,NE,68520-0000,Public       ,340,726,1066,5138,7170,12308
02550800,NEBRASKA INDIAN COMMUNITY COLLEGE       ,NE,68039-0000,Public       ,2,18,20,31,141,172
02610500,XENON INTERNATIONAL ACADEMY II          ,NE,68127-3522,Proprietary  ,16,46,62,223,348,571
03164300,THE CREATIVE CENTER                     ,NE,68164-2911,Proprietary  ,6,14,20,166,125,291
03279300,MYOTHERAPY INSTITUTE                    ,NE,68516-0000,Proprietary  ,8,12,20,36,76,112
03323300,LITTLE PRIEST TRIBAL COLLEGE            ,NE,68071-0000,Private      ,1,8,9,28,115,143
03821400,UNIVERSAL COLLEGE OF HEALING ARTS       ,NE,68112-1810,Proprietary  ,2,25,27,27,156,183
00256800,UNIVERSITY OF NEVADA RENO               ,NV,89557-0002,Public       ,749,605,1354,14699,7658,22357
00256900,UNIVERSITY OF NEVADA-LAS VEGAS          ,NV,89154-1001,Public       ,1059,1644,2703,20177,19716,39893
00697700,GREAT BASIN COLLEGE                     ,NV,89801-3348,Public       ,57,196,253,764,1520,2284
00732954,ITT TECHNICAL INSTITUTE                 ,NV,89014-6712,Proprietary  ,51,197,248,355,999,1354
00736700,MARINELLO SCHOOLS OF BEAUTY             ,NV,89110-3563,Proprietary  ,37,92,129,236,513,749
00736701,MARINELLO SCHOOLS OF BEAUTY -           ,NV,89014-2244,Proprietary  ,12,38,50,93,233,326
00737100,MARINELLO SCHOOL OF BEAUTY              ,NV,89502-6530,Proprietary  ,21,40,61,168,433,601
00844103,ANTHEM INSTITUTE - MORRISON UNIVERSITY  ,NV,89521-4826,Proprietary  ,8,55,63,55,368,423
00919200,SIERRA NEVADA COLLEGE                   ,NV,89451-0000,Private      ,35,67,102,694,699,1393
01036200,COLLEGE OF SOUTHERN NEVADA              ,NV,89146-1139,Public       ,1468,3741,5209,17165,29062,46227
01036300,WESTERN NEVADA COLLEGE                  ,NV,89703-0000,Public       ,140,453,593,1512,3404,4916
01323200,ACADEMY OF HAIR DESIGN                  ,NV,89146-1617,Proprietary  ,30,75,105,252,460,712
02107700,TRUCKEE MEADOWS COMMUNITY CLG           ,NV,89512-0000,Public       ,425,1147,1572,4891,8978,13869
02237500,EVEREST COLLEGE                         ,NV,89103-0000,Proprietary  ,83,348,431,867,2425,3292
02338512,GLENDALE CAREER COLLEGE - NEVADA CAREER ,NV,89131-3268,Proprietary  ,8,48,56,74,349,423
02616703,SCOTTSDALE CULINARY INSTITUTE - LE CORDO,NV,89144-7047,Proprietary  ,21,74,95,227,588,815
02621500,CAREER COLLEGE OF NORTHERN NEVADA       ,NV,89434-7905,Proprietary  ,29,151,180,234,900,1134
03030603,UTAH CLG OF MASSAGE THERAPY-NSMT        ,NV,89123-0000,Proprietary  ,35,74,109,176,431,607
03031405,INTERNATIONAL ACADEMY OF DESIGN AND TECH,NV,89074-7750,Proprietary  ,31,61,92,406,662,1068
03043200,KAPLAN COLLEGE                          ,NV,89102-8618,Proprietary  ,85,439,524,743,2936,3679
03076404,BRYMAN SCHOOL OF ARIZONA (THE) - ANTHEM ,NV,89102-4514,Proprietary  ,7,30,37,84,222,306
03088200,CARSON CITY BEAUTY ACADEMY              ,NV,89706-0000,Proprietary  ,6,34,40,55,197,252
03232306,EUPHORIA INSTITUTE - SUMMERLIN          ,NV,89117-8803,Proprietary  ,23,61,84,177,381,558
03232307,EUPHORIA INSTITUTE - GREEN VALLEY       ,NV,89052-4964,Proprietary  ,8,42,50,93,230,323
03232308,EUPHORIA INSTITUTE - ALIANTE            ,NV,89131-1036,Proprietary  ,22,49,71,167,321,488
03787300,EXPERTISE SCHOOL OF BEAUTY              ,NV,89106-2516,Private      ,10,49,59,103,296,399
03838500,NORTHWEST HEALTH CAREERS                ,NV,89128-0255,Proprietary  ,37,120,157,250,782,1032
03975300,INSTITUTE OF PROFESSIONAL CAREERS       ,NV,89119-7825,Proprietary  ,16,89,105,170,509,679
04051303,ART INSTITUTE OF PHOENIX (THE) - ART INS,NV,89074-7737,Proprietary  ,33,59,92,542,565,1107
04065300,UNIVERSITY OF SOUTHERN NEVADA           ,NV,89014-2333,Private      ,49,175,224,593,2371,2964
04114300,NEVADA STATE COLLEGE                    ,NV,89002-9455,Public       ,115,367,482,1991,3945,5936
04142601,TOURO UNIVERSITY - NEVADA               ,NV,89014-8800,Private      ,7,67,74,75,1023,1098
04144800,INTERNATIONAL ACADEMY OF STYLE          ,NV,89509-3450,Proprietary  ,15,38,53,75,197,272
04147600,AVEDA INSTITUTE LAS VEGAS               ,NV,89119-6103,Proprietary  ,27,78,105,157,415,572
04171000,ADVANCED TRAINING INSTITUTE             ,NV,89115-7504,Proprietary  ,20,131,151,130,691,821
04186300,PAUL MITCHELL THE SCHOOL LAS VEGAS      ,NV,89123-8014,Proprietary  ,25,76,101,310,493,803
04190300,AMERICAN INSTITUTE OF MEDICAL SONOGRAPHY,NV,89146-6597,Proprietary  ,13,98,111,132,622,754
04191100,DESTINATION ACADEMY FOR SPA AND SALON PR,NV,89147-8397,Proprietary  ,6,30,36,56,193,249
04203100,PAUL MITCHELL THE SCHOOL RENO           ,NV,89501-3356,Proprietary  ,21,41,62,180,271,451
00257200,COLBY-SAWYER COLLEGE                    ,NH,03257-4648,Private      ,67,10,77,2936,150,3086
00257300,DARTMOUTH COLLEGE                       ,NH,03755-3529,Private      ,283,71,354,12558,2029,14587
00257500,FRANKLIN PIERCE UNIVERSITY              ,NH,03461-0060,Private      ,90,87,177,3424,1284,4708
00257900,NEW ENGLAND COLLEGE                     ,NH,03242-3293,Private      ,55,222,277,2066,1409,3475
00258000,SOUTHERN NEW HAMPSHIRE UNIVERSITY       ,NH,03106-1045,Private      ,337,2624,2961,6762,16216,22978
00258100,NHTI  - CONCORD'S COMMUNITY COLLEGE     ,NH,03301-7412,Public       ,121,230,351,2942,2281,5223
00258200,MANCHESTER COMMUNITY COLLEGE            ,NH,03102-8518,Public       ,110,217,327,1491,2001,3492
00258300,GREAT BAY COMMUNITY COLLEGE             ,NH,03801-0000,Public       ,68,142,210,1107,1408,2515
00258600,RIVIER COLLEGE                          ,NH,03060-5086,Private      ,28,110,138,1453,1283,2736
00258700,SAINT ANSELM COLLEGE                    ,NH,03102-1310,Private      ,111,21,132,4385,220,4605
00258900,UNIVERSITY OF NEW HAMPSHIRE             ,NH,03824-2511,Public       ,428,196,624,21541,3862,25403
00259000,KEENE STATE COLLEGE                     ,NH,03431-0000,Public       ,174,62,236,8459,825,9284
00259100,PLYMOUTH STATE UNIVERSITY               ,NH,03264-1595,Public       ,158,130,288,7032,1729,8761
00301004,ANTIOCH UNIVERSITY                      ,NH,03431-0000,Private      ,0,44,44,6,876,882
00472900,HESSER COLLEGE                          ,NH,03103-7230,Proprietary  ,47,180,227,460,1265,1725
00472901,HESSER COLLEGE - NASHUA CAMPUS          ,NH,03063-1286,Proprietary  ,17,54,71,161,579,740
00472904,HESSER COLLEGE - PORTSMOUTH CAMPUS      ,NH,03801-3245,Proprietary  ,9,88,97,164,656,820
00472905,HESSER COLLEGE - SALEM CAMPUS           ,NH,03079-2842,Proprietary  ,16,60,76,180,663,843
00472906,HESSER COLLEGE - CONCORD CAMPUS         ,NH,03301-3415,Proprietary  ,14,83,97,103,510,613
00473100,DANIEL WEBSTER COLLEGE                  ,NH,03063-1300,Proprietary  ,25,58,83,799,395,1194
00473300,CHESTER COLLEGE OF NEW ENGLAND          ,NH,03036-4331,Private      ,0,0,0,180,41,221
00529100,WHITE MOUNTAINS COMMUNITY COLLEGE       ,NH,03570-3799,Public       ,18,56,74,410,650,1060
00702500,LEBANON COLLEGE                         ,NH,03766-0000,Private      ,4,18,22,37,110,147
00755500,LAKES REGION COMMUNITY COLLEGE          ,NH,03246-1326,Public       ,47,82,129,748,774,1522
00756000,RIVER VALLEY COMMUNITY COLLEGE          ,NH,03743-9707,Public       ,39,96,135,403,948,1351
00849300,CONTINENTAL ACADEMIE OF HAIR DESIGN     ,NH,03103-4901,Proprietary  ,0,0,0,8,15,23
00864500,EMPIRE BEAUTY SCHOOL                    ,NH,03220-0000,Proprietary  ,16,24,40,109,144,253
00923600,NASHUA COMMUNITY COLLEGE                ,NH,03063-2052,Public       ,87,124,211,1236,1226,2462
01318900,CONTINENTAL ACADEMIE OF HAIR DESIGN     ,NH,03051-3754,Proprietary  ,9,9,18,60,48,108
02097900,UNIVERSITY NEW HAMPSHIRE SCHOOL OF LAW  ,NH,03301-0000,Private      ,2,19,21,30,671,701
02140400,ST JOSEPH SCH OF PRAC NRSG              ,NH,03060-0000,Private      ,3,10,13,59,250,309
02174800,MICHAEL'S SCHOOL OF HAIR DESIGN & ESTHET,NH,03110-0000,Proprietary  ,11,14,25,118,103,221
02179600,EMPIRE BEAUTY SCHOOL                    ,NH,03878-0000,Proprietary  ,15,21,36,110,167,277
02211600,PORTSMOUTH BTY SCH OF HAIR DESIGN       ,NH,03801-4084,Proprietary  ,3,3,6,12,30,42
02223300,MAGDALEN COLLEGE                        ,NH,03278-4012,Private      ,0,0,0,52,5,57
02245400,KEENE BEAUTY ACADEMY                    ,NH,03431-0000,Proprietary  ,4,5,9,45,54,99
02247000,NEW ENGLAND SCHOOL OF HAIR DESIGN       ,NH,03784-0000,Proprietary  ,3,8,11,41,54,95
03043100,THOMAS MORE COLLEGE OF LIBERAL ARTS     ,NH,03054-4818,Private      ,2,2,4,116,31,147
03101300,GRANITE STATE COLLEGE                   ,NH,03301-6400,Public       ,37,247,284,456,2292,2748
03182300,NEW HAMPSHIRE INSTITUTE OF ART          ,NH,03104-4858,Private      ,13,17,30,753,141,894
03437300,UPPER VALLEY TEACHER TRANING PROGRAM    ,NH,03766-1358,Private      ,0,4,4,3,44,47
03729300,NH INSTITUTE FOR THERAPEUTIC ARTS       ,NH,03051-4906,Proprietary  ,2,12,14,20,47,67
04162200,LAIRD INSTITUTE OF SPA THERAPY          ,NH,03102-5263,Proprietary  ,3,16,19,13,68,81
00267000,BAPTIST BIBLE COLG OF PENNSYLVANIA      ,PA,18411-1297,Private      ,15,53,68,666,436,1102
00322800,BRYN ATHYN COLLEGE OF THE NEW CHURCH    ,PA,19009-0717,Private      ,6,2,8,279,47,326
00322900,ALBRIGHT COLLEGE                        ,PA,19612-5234,Private      ,84,124,208,3972,1382,5354
00323000,ALLEGHENY COLLEGE                       ,PA,16335-3902,Private      ,54,17,71,3964,155,4119
00323100,COMM CLG OF ALLEGHENY-ALLEGHENY CMP     ,PA,15212-0000,Public       ,307,823,1130,3700,6909,10609
00323101,"COMM CLG OF ALLEGHENY, BOYCE CAMPUS     ",PA,15146-0000,Public       ,106,305,411,1627,2725,4352
00323102,"COMM CLG OF ALLEGHENY, NORTH CAMPUS     ",PA,15237-0000,Public       ,141,366,507,2000,2790,4790
00323103,"COMM CLG OF ALLEGHENY, SOUTH CAMPUS     ",PA,15122-0000,Public       ,143,313,456,1978,2655,4633
00323300,ALVERNIA UNIVERSITY                     ,PA,19607-1799,Private      ,57,117,174,2623,1734,4357
00323500,ARCADIA UNIVERSITY                      ,PA,19038-3295,Private      ,147,145,292,6364,2369,8733
00323700,BRYN MAWR COLLEGE                       ,PA,19010-2899,Private      ,52,28,80,1970,668,2638
00323800,BUCKNELL UNIVERSITY                     ,PA,17837-2122,Private      ,143,9,152,5616,218,5834
00323900,BUCKS COUNTY COMMUNITY COLLEGE          ,PA,18940-1320,Public       ,247,481,728,4474,4456,8930
00324000,BUTLER COUNTY COMMUNITY COLLEGE         ,PA,16001-0000,Public       ,105,232,337,2121,2129,4250
00324100,CABRINI COLLEGE                         ,PA,19087-3698,Private      ,34,173,207,2285,1342,3627
00324200,CARNEGIE MELLON UNIVERSITY              ,PA,15213-3890,Private      ,386,121,507,13315,1960,15275
00324201,CARNEGIE MELLON UNIV- THE HEINZ COLLEGE ,PA,15213-0000,Private      ,9,40,49,134,723,857
00324202,CARNEGIE MELLON- TEPPER SCHOOL OF BUSINE,PA,15213-0000,Private      ,7,29,36,258,579,837
00324300,CEDAR CREST COLLEGE                     ,PA,18104-6196,Private      ,30,86,116,1143,1500,2643
00324400,CHATHAM UNIVERSITY                      ,PA,15232-2826,Private      ,16,154,170,844,2057,2901
00324500,CHESTNUT HILL COLLEGE                   ,PA,19118-2693,Private      ,74,192,266,2089,2658,4747
00324700,MISERICORDIA  UNIVERSITY                ,PA,18612-1008,Private      ,33,72,105,2758,1499,4257
00324900,COMMUNITY COLLEGE OF PHILADELPHIA       ,PA,19130-3991,Public       ,1022,2904,3926,13633,23731,37364
00325100,CURTIS INSTITUTE OF MUSIC               ,PA,19103-6187,Private      ,19,12,31,318,153,471
00325200,DELAWARE VALLEY COLLEGE                 ,PA,18901-2697,Private      ,25,36,61,2429,545,2974
00325300,DICKINSON COLLEGE                       ,PA,17013-2896,Private      ,103,5,108,3799,178,3977
00325600,DREXEL UNIVERSITY                       ,PA,19104-2875,Private      ,856,1206,2062,33645,20369,54014
00325800,DUQUESNE UNIVERSITY                     ,PA,15282-0001,Private      ,143,191,334,8138,4358,12496
00325900,EASTERN UNIVERSITY                      ,PA,19087-3696,Private      ,50,168,218,2426,2918,5344
00326200,ELIZABETHTOWN COLLEGE                   ,PA,17022-2298,Private      ,48,43,91,3286,735,4021
00326300,EVANGELICAL SCHOOL OF THEOLOGY          ,PA,17067-0000,Private      ,0,8,8,1,98,99
00326500,FRANKLIN & MARSHALL COLLEGE             ,PA,17604-0000,Private      ,89,15,104,3557,188,3745
00326600,GANNON UNIVERSITY                       ,PA,16541-0001,Private      ,79,111,190,3991,1588,5579
00326700,GENEVA COLLEGE                          ,PA,15010-3599,Private      ,21,59,80,1994,1048,3042
00326800,GETTYSBURG COLLEGE                      ,PA,17325-1486,Private      ,95,25,120,4494,197,4691
00326900,GROVE CITY COLLEGE                      ,PA,16127-2104,Private      ,36,5,41,1880,55,1935
00327000,GWYNEDD-MERCY COLLEGE                   ,PA,19437-0901,Private      ,30,152,182,1861,1752,3613
00327200,HARCUM COLLEGE                          ,PA,19010-3476,Private      ,56,177,233,1007,1857,2864
00327300,HARRISBURG AREA COMMUNITY COLLEGE       ,PA,17110-2999,Public       ,681,1923,2604,10254,17297,27551
00327400,HAVERFORD COLLEGE                       ,PA,19041-1392,Private      ,41,8,49,2332,54,2386
00327500,HOLY FAMILY UNIVERSITY                  ,PA,19114-2094,Private      ,62,179,241,2348,2341,4689
00327600,IMMACULATA UNIVERSITY                   ,PA,19345-0647,Private      ,24,149,173,1810,2038,3848
00327700,INDIANA UNIVERSITY OF PENNSYLVANIA      ,PA,15705-1097,Public       ,347,265,612,15947,4310,20257
00327900,JUNIATA COLLEGE                         ,PA,16652-2196,Private      ,43,2,45,2444,100,2544
00328000,KEYSTONE COLLEGE                        ,PA,18440-0200,Private      ,36,53,89,1789,859,2648
00328200,KINGS COLLEGE                           ,PA,18711-0801,Private      ,62,39,101,3535,668,4203
00328300,LACKAWANNA COLLEGE                      ,PA,18509-9961,Private      ,94,141,235,2011,1302,3313
00328400,LAFAYETTE COLLEGE                       ,PA,18042-1768,Private      ,127,14,141,4582,162,4744
00328500,LANCASTER BIBLE COLLEGE                 ,PA,17601-5036,Private      ,21,105,126,868,1093,1961
00328600,LANCASTER THEOLOGICAL SEMINARY          ,PA,17603-0000,Private      ,0,3,3,6,116,122
00328700,LASALLE UNIVERSITY                      ,PA,19141-1199,Private      ,187,378,565,6822,4871,11693
00328800,LEBANON VALLEY COLLEGE                  ,PA,17003-1400,Private      ,45,14,59,2883,299,3182
00328900,LEHIGH UNIVERSITY                       ,PA,18015-1588,Private      ,247,68,315,8995,1066,10061
00329000,LINCOLN UNIVERSITY                      ,PA,19352-0999,Public       ,117,92,209,4114,1451,5565
00329100,LUTHERAN THEOLOG SEMINARY-GETTYSBRG     ,PA,17325-0000,Private      ,0,3,3,2,109,111
00329200,LUTHERAN THEOLOGICAL SEMINARY           ,PA,19119-0000,Private      ,1,14,15,2,217,219
00329300,LYCOMING COLLEGE                        ,PA,17701-5192,Private      ,24,10,34,2078,174,2252
00329400,MANOR COLLEGE                           ,PA,19046-3399,Private      ,17,42,59,839,709,1548
00329600,MARYWOOD UNIVERSITY                     ,PA,18509-1598,Private      ,50,67,117,3096,1713,4809
00329700,MERCYHURST COLLEGE                      ,PA,16546-0001,Private      ,105,144,249,4514,2059,6573
00329800,MESSIAH COLLEGE                         ,PA,17027-0000,Private      ,48,38,86,3672,398,4070
00330000,MOORE COLLEGE OF ART & DESIGN           ,PA,19103-1179,Private      ,33,31,64,793,402,1195
00330100,MORAVIAN COLLEGE                        ,PA,18018-6650,Private      ,39,31,70,2455,414,2869
00330101,MORAVIAN THEOLOGICAL SEMINARY           ,PA,18018-0000,Private      ,1,3,4,14,82,96
00330200,MOUNT ALOYSIUS COLLEGE                  ,PA,16630-1999,Private      ,18,59,77,1447,906,2353
00330300,CARLOW UNIVERSITY                       ,PA,15213-3165,Private      ,32,147,179,1359,2189,3548
00330400,MUHLENBERG COLLEGE                      ,PA,18104-5586,Private      ,74,48,122,4138,431,4569
00330600,VALLEY FORGE CHRISTIAN COLLEGE          ,PA,19460-2399,Private      ,18,19,37,909,295,1204
00330900,PEIRCE COLLEGE                          ,PA,19102-4699,Private      ,41,239,280,609,3065,3674
00331100,SALUS UNIVERSITY                        ,PA,19027-1598,Private      ,0,14,14,19,1100,1119
00331300,WIDENER UNIVERSITY                      ,PA,19013-5792,Private      ,97,150,247,4922,2876,7798
00331302,WIDENER UNIV SCH OF LAW- HARRISBURG     ,PA,17106-9381,Private      ,3,28,31,23,816,839
00331500,BLOOMSBURG UNIVERSITY OF PA             ,PA,17815-1301,Public       ,282,102,384,12785,2213,14998
00331600,CALIFORNIA UNIV OF PENNSYLVANIA         ,PA,15419-1394,Public       ,154,341,495,7176,4845,12021
00331700,CHEYNEY UNIVERSITY OF PENNSYLVANIA      ,PA,19319-0200,Public       ,80,84,164,2413,1181,3594
00331800,CLARION UNIVERSITY OF PENNSYLVANIA      ,PA,16214-1232,Public       ,97,185,282,5440,2648,8088
00332000,EAST STROUDSBURG UNIVERSITY             ,PA,18301-2999,Public       ,202,136,338,8275,2097,10372
00332100,EDINBORO UNIVERSITY OF PENNSYLVANIA     ,PA,16444-0001,Public       ,127,171,298,6549,3314,9863
00332200,KUTZTOWN UNIVERSITY OF PENNSYLVANIA     ,PA,19530-9339,Public       ,251,142,393,12478,2460,14938
00332300,LOCK HAVEN UNIV OF PENNSYLVANIA         ,PA,17745-2439,Public       ,112,93,205,6416,1528,7944
00332400,MANSFIELD UNIVERSITY                    ,PA,16933-1123,Public       ,60,64,124,3240,1041,4281
00332500,MILLERSVILLE UNIVERSITY OF PA           ,PA,17551-1800,Public       ,200,141,341,9681,2694,12375
00332600,SHIPPENSBURG UNIVERSITY                 ,PA,17257-2299,Public       ,194,109,303,8873,1831,10704
00332700,SLIPPERY ROCK UNIVERSITY                ,PA,16057-1326,Public       ,145,131,276,9187,2267,11454
00332800,WEST CHESTER UNIVERSITY                 ,PA,19383-0001,Public       ,433,356,789,18543,5120,23663
00332900,PENN STATE UNIVERSITY                   ,PA,16802-1503,Public       ,1630,2055,3685,76005,29487,105492
00335000,UNIVERSITY OF THE ARTS (THE)            ,PA,19102-9493,Private      ,110,72,182,3494,947,4441
00335100,PHILADELPHIA BIBLICAL UNIVERSITY        ,PA,19047-2942,Private      ,16,33,49,868,580,1448
00335200,PHILADELPHIA CLG OSTEOPATHIC MED        ,PA,19131-0000,Private      ,4,47,51,36,3420,3456
00335300,UNIVERSITY OF THE SCIENCES IN PHILADELPH,PA,19104-4495,Private      ,84,72,156,3766,1501,5267
00335400,PHILADELPHIA UNIVERSITY                 ,PA,19144-5497,Private      ,132,233,365,4644,2431,7075
00335600,PITTSBURGH THEOLOGICAL SEMINARY         ,PA,15206-0000,Private      ,0,7,7,6,217,223
00335700,POINT PARK UNIVERSITY                   ,PA,15222-1912,Private      ,104,210,314,3791,2524,6315
00335800,REFORMED PRESBYTERIAN THEOL SEMINAR     ,PA,15208-0000,Private      ,0,3,3,0,26,26
00335900,ROBERT MORRIS UNIVERSITY                ,PA,15108-1189,Private      ,96,192,288,5222,2305,7527
00336000,ROSEMONT COLLEGE                        ,PA,19010-1699,Private      ,17,43,60,742,658,1400
00336200,SETON HILL UNIVERSITY                   ,PA,15601-1599,Private      ,33,55,88,2238,1020,3258
00336400,ST. CHARLES BORROMEO SEMINARY           ,PA,19096-0000,Private      ,2,5,7,40,45,85
00336600,SAINT FRANCIS UNIVERSITY                ,PA,15940-0600,Private      ,44,42,86,2124,792,2916
00336700,SAINT JOSEPH'S UNIVERSITY               ,PA,19131-1395,Private      ,199,444,643,7562,4037,11599
00336800,ST VINCENT COLLEGE                      ,PA,15650-2690,Private      ,31,17,48,2072,328,2400
00336900,SUSQUEHANNA UNIVERSITY                  ,PA,17870-1001,Private      ,35,6,41,3348,123,3471
00337000,SWARTHMORE COLLEGE                      ,PA,19081-1397,Private      ,109,6,115,4170,116,4286
00337100,TEMPLE UNIVERSITY                       ,PA,19122-6003,Private      ,941,1060,2001,35706,21763,57469
00337600,THIEL COLLEGE                           ,PA,16125-2181,Private      ,31,12,43,1871,156,2027
00337800,UNIVERSITY OF PENNSYLVANIA              ,PA,19104-6216,Private      ,763,638,1401,21909,14065,35974
00337900,UNIVERSITY OF PITTSBURGH                ,PA,15260-0000,Public       ,606,622,1228,29741,11608,41349
00337906,UNIVERSITY OF PITTSBURGH - SCHOOL OF MED,PA,15261-0001,Public       ,23,15,38,258,1048,1306
00337907,UNIVERSITY OF PITTSBURGH - SCHOOL OF DEN,PA,15261-2523,Public       ,1,7,8,95,416,511
00338400,UNIVERSITY OF SCRANTON                  ,PA,18510-4622,Private      ,140,177,317,8296,2009,10305
00338500,URSINUS COLLEGE                         ,PA,19426-2562,Private      ,57,11,68,3203,134,3337
00338600,VALLEY FORGE MILITARY COLLEGE           ,PA,19087-3695,Private      ,15,9,24,357,65,422
00338800,VILLANOVA UNIVERSITY                    ,PA,19085-1699,Private      ,337,295,632,12622,3076,15698
00338801,VILLANOVA UNIV SCH OF LAW               ,PA,19085-0000,Private      ,1,22,23,48,1536,1584
00338900,WASHINGTON & JEFFERSON COLLEGE          ,PA,15301-4801,Private      ,44,4,48,2795,128,2923
00339100,WAYNESBURG UNIVERSITY                   ,PA,15370-1222,Private      ,46,76,122,2165,839,3004
00339200,WESTMINSTER COLLEGE                     ,PA,16172-0002,Private      ,34,10,44,2511,132,2643
00339300,WESTMINSTER THEOLOGICAL SEMINARY        ,PA,19038-0000,Private      ,0,13,13,7,359,366
00339400,WILKES UNIVERSITY                       ,PA,18766-0998,Private      ,79,125,204,3523,1400,4923
00339500,PENNSYLVANIA COLLEGE OF TECHNOLOGY      ,PA,17701-5779,Public       ,129,188,317,5404,2504,7908
00339600,WILSON COLLEGE                          ,PA,17201-1285,Private      ,10,40,50,460,438,898
00339900,YORK COLLEGE OF PENNSYLVANIA            ,PA,17405-7199,Private      ,190,137,327,8932,1644,10576
00398600,DESALES UNIVERSITY                      ,PA,18034-9568,Private      ,56,120,176,2709,1641,4350
00398700,LA ROCHE COLLEGE                        ,PA,15237-5898,Private      ,27,57,84,1378,685,2063
00398800,NEUMANN UNIVERSITY                      ,PA,19014-1298,Private      ,81,88,169,3640,1474,5114
00405800,GRATZ COLLEGE                           ,PA,19027-3097,Private      ,1,16,17,3,136,139
00445200,MONTGOMERY COUNTY COMMUNITY COLLEGE     ,PA,19422-6300,Public       ,326,706,1032,5659,6586,12245
00488900,CAMBRIA-ROWE BUSINESS COLLEGE           ,PA,15902-2494,Proprietary  ,5,42,47,148,311,459
00489000,CENTRAL PENNSYLVANIA COLLEGE            ,PA,17093-0309,Proprietary  ,56,118,174,904,1562,2466
00489300,DU BOIS BUSINESS COLLEGE                ,PA,15801-2401,Proprietary  ,10,31,41,147,279,426
00489400,ERIE BUSINESS CENTER                    ,PA,16501-1305,Proprietary  ,10,42,52,97,393,490
00489401,ERIE BUSINESS CENTER - NEW CASTLE CAMPUS,PA,16101-3950,Proprietary  ,5,20,25,41,118,159
00489800,MCCANN SCHOOL OF BUSINESS & TECHNOL     ,PA,17901-1335,Proprietary  ,173,617,790,1588,5059,6647
00489807,MCCANN SCHOOL OF BUSINESS & TECHNOLOGY -,PA,17013-3180,Proprietary  ,4,18,22,58,173,231
00489900,MERCY HOSP SCH OF NURSING               ,PA,15219-5166,Private      ,6,17,23,162,275,437
00490100,NEWPORT BUSINESS INSTITUTE              ,PA,15068-3929,Proprietary  ,2,6,8,36,80,116
00490200,PENN COMMERCIAL BUSINESS/TECHNICAL SCHL ,PA,15301-2871,Proprietary  ,30,55,85,261,425,686
00491000,KAPLAN CAREER INSTITUTE                 ,PA,17111-3571,Proprietary  ,25,140,165,270,966,1236
00491001,THOMPSON INSTITUTE-PHILADEPHIA CAMPUS   ,PA,19104-3386,Proprietary  ,56,172,228,340,983,1323
00491400,NEWPORT BUSINESS INSTITUTE              ,PA,17701-5855,Proprietary  ,1,11,12,17,141,158
00500701,WEST VIRGINIA CAREER INSTITUTE          ,PA,15456-0000,Proprietary  ,3,23,26,60,125,185
00531000,PITTSBURGH INST OF AERONAUTICS          ,PA,15236-0000,Private      ,21,32,53,359,269,628
00533000,FAYETTE CNTY AREA VOC TECH PRC NRSG     ,PA,15401-0000,Public       ,1,14,15,34,112,146
00533500,CENTRAL PENN INST OF SCI & TECH PNP     ,PA,16823-0000,Public       ,15,26,41,118,229,347
00536500,YORK CO AREA VOC-TECH SCH-PRAC NSG      ,PA,17402-0000,Public       ,15,84,99,99,431,530
00653400,CITIZENS SCHOOL OF NURSING              ,PA,15068-6591,Private      ,3,10,13,103,186,289
00653700,CONEMAUGH VLY MEM HOSP SCH NRSNG        ,PA,15905-4398,Private      ,0,4,4,103,140,243
00653702,CONEMAUGH HOSP- SCH HISTOTECHNOLOGY     ,PA,15905-0000,Private      ,2,4,6,14,23,37
00653704,CONEMAUGH VLY MEM HOSP SCH RAD TECH     ,PA,15905-0000,Private      ,0,3,3,30,31,61
00653706,CONEMAUGH VLY MEM HOSP SCH  MED TECH    ,PA,15905-4398,Private      ,0,5,5,7,28,35
00655100,ST MARGARET SCHL OF NURSING             ,PA,15238-3205,Private      ,8,32,40,99,254,353
00656000,OHIO VALLEY HOSP SCH OF NURSING         ,PA,15136-1694,Private      ,3,6,9,24,70,94
00656500,READING HOSPITAL SCHOOL OF HEALTH SCIENC,PA,19611-1744,Private      ,9,34,43,281,530,811
00657400,"ST LUKE'S HOSPITAL OF BETHLEHEM, PA     ",PA,18015-1065,Private      ,7,29,36,86,302,388
00657600,SEWICKLEY VALLEY HOSP SCH NRSNG         ,PA,15143-1498,Private      ,1,1,2,36,76,112
00657700,UPMC SHADYSIDE SCHOOL OF NURSING        ,PA,15232-1381,Private      ,14,37,51,207,475,682
00657800,SHARON REGIONAL SCHOOL OF NURSING       ,PA,16146-3395,Private      ,0,4,4,30,71,101
00658200,WASHINGTON HOSP SCH OF NURSING          ,PA,15301-3398,Private      ,0,4,4,69,165,234
00658202,WASHINGTON HOSP SCH OF RAD TECH         ,PA,15301-3398,Private      ,0,0,0,23,17,40
00658300,WESTERN PENN HOSP-SCH OF NURSING        ,PA,15224-1790,Private      ,6,11,17,138,218,356
00680700,COMMUNITY COLLEGE OF BEAVER COUNTY      ,PA,15061-2588,Public       ,91,209,300,1412,1694,3106
00681000,LEHIGH CARBON COMMUNITY COLLEGE         ,PA,18078-2598,Public       ,210,565,775,3580,4550,8130
00681100,LUZERNE COUNTY COMMUNITY COLLEGE        ,PA,18634-3899,Public       ,185,401,586,3644,4117,7761
00708700,ABINGTON MEM HOSP SCHL OF NURSING       ,PA,19090-1284,Private      ,12,38,50,156,445,601
00709100,EVEREST INSTITUTE                       ,PA,15222-1320,Proprietary  ,38,157,195,213,955,1168
00711000,DELAWARE COUNTY COMMUNITY COLLEGE       ,PA,19063-1094,Public       ,446,1056,1502,6878,9577,16455
00719100,NORTHAMPTON COMMUNITY COLLEGE           ,PA,18020-7599,Public       ,391,658,1049,7017,6981,13998
00730305,LINCOLN TECHNICAL INSTITUTE - PHILADELPH,PA,19136-1530,Proprietary  ,52,77,129,498,666,1164
00732955,ITT TECHNICAL INSTITUTE                 ,PA,19406-1212,Proprietary  ,38,129,167,225,498,723
00743000,ANTONELLI INST OF ART & PHOTOGRAPHY     ,PA,19038-8242,Proprietary  ,9,6,15,247,70,317
00743600,KAPLAN CAREER INSTITUTE - ICM CAMPUS    ,PA,15222-1977,Proprietary  ,28,112,140,288,1035,1323
00743700,PITTSBURGH TECHNICAL INSTITUTE          ,PA,15071-3205,Proprietary  ,77,128,205,2280,1162,3442
00746900,"HUSSIAN SCHOOL OF ART, INC.             ",PA,19106-0000,Proprietary  ,6,6,12,149,65,214
00747000,"ART INSTITUTE OF PITTSBURGH, THE        ",PA,15219-1328,Proprietary  ,853,3249,4102,5829,19141,24970
00752900,CTR ART TCH BRDYWN CMPS PRC NRS PRG     ,PA,19320-0000,Public       ,7,30,37,35,173,208
00775900,LINCOLN TECHNICAL INSTITUTE             ,PA,18104-3298,Proprietary  ,55,138,193,364,767,1131
00777900,LANSDALE SCHOOL OF BUSINESS             ,PA,19454-4114,Proprietary  ,13,54,67,114,499,613
00778000,NEW CASTLE SCHOOL OF TRADES             ,PA,16143-0000,Proprietary  ,63,234,297,340,904,1244
00778100,CHI INSTITUTE/RETS CAMPUS               ,PA,19008-3516,Proprietary  ,34,101,135,207,572,779
00783900,TRIANGLE TECH                           ,PA,15214-3897,Proprietary  ,33,54,87,251,410,661
00791200,THADDEUS STEVENS CLG OF TECHNOLOGY      ,PA,17602-0000,Public       ,33,45,78,1313,617,1930
00791600,FRANKLIN CNTY CAREER & TECH CTR-PNP     ,PA,17201-0000,Public       ,5,22,27,30,127,157
00820000,JAMESON MEMORIAL HOSP SCH NURSING       ,PA,16105-2595,Private      ,0,6,6,47,110,157
00835000,ART INSTITUTE OF PHILADELPHIA           ,PA,19103-5198,Proprietary  ,270,345,615,3770,3101,6871
00844100,ANTHEM INSTITUTE                        ,PA,19064-1243,Proprietary  ,38,183,221,225,860,1085
00856800,VET TECH INSTITUTE                      ,PA,15222-3400,Proprietary  ,29,26,55,381,213,594
00865300,JEFFERSON CO DUBOIS VOC TECH-PR NSG     ,PA,15851-0000,Public       ,0,4,4,25,63,88
00895500,PRUONTOS HAIR DESIGN INSTITUTE          ,PA,16602-0000,Proprietary  ,2,7,9,23,39,62
00915705,WYOMING TECHNICAL INSTITUTE - BLAIRSVILL,PA,15717-8060,Proprietary  ,188,181,369,1427,1219,2646
00918600,DEAN INSTITUTE OF TECHNOLOGY            ,PA,15226-1197,Proprietary  ,11,24,35,70,174,244
00944900,PENNCO TECH                             ,PA,19007-0000,Proprietary  ,31,102,133,255,576,831
00966400,EMPIRE BEAUTY SCHOOL                    ,PA,18052-5730,Proprietary  ,18,79,97,186,452,638
00966500,EMPIRE BEAUTY SCHOOL                    ,PA,17109-2210,Proprietary  ,7,46,53,100,241,341
00966600,EMPIRE BEAUTY SCHOOL                    ,PA,19605-2803,Proprietary  ,16,49,65,116,340,456
00972100,BRADFORD SCHOOL                         ,PA,15219-2602,Proprietary  ,12,20,32,604,231,835
00972300,ARIA HEALTH SCHOOL OF NURSING           ,PA,19124-0000,Private      ,25,75,100,252,706,958
00978300,GORDON PHILLIPS SCH OF BEAUTY CULT      ,PA,19135-0000,Proprietary  ,20,51,71,237,446,683
00986300,LANCASTER GENERAL COLLEGE OF NURSING AND,PA,17602-4955,Private      ,22,83,105,682,1295,1977
01000600,GREATER JOHNSTOWN AREA VOC TECH SCH     ,PA,15904-0000,Public       ,9,39,48,104,294,398
01005500,CRAWFORD CNTY AREA VO-TECH PRAC NUR     ,PA,16335-0000,Public       ,0,4,4,21,33,54
01017600,WESTMORELAND COUNTY COMMUNITY CLG       ,PA,15697-1895,Public       ,167,394,561,3094,3874,6968
01038800,READING AREA COMMUNITY COLLEGE          ,PA,19603-1706,Public       ,160,552,712,2526,4785,7311
01054100,EMPIRE BEAUTY SCHOOL                    ,PA,15146-2229,Proprietary  ,14,47,61,132,288,420
01054200,EMPIRE BEAUTY SCHOOL                    ,PA,18701-0000,Proprietary  ,19,45,64,174,289,463
01054300,EMPIRE BEAUTY SCHOOL                    ,PA,17701-3914,Proprietary  ,7,26,33,69,209,278
01081400,PITTSBURGH INST MORTUARY SCIENCE        ,PA,15206-3706,Private      ,5,58,63,127,358,485
01086000,GREATER ALTOONA CAREER/TECH CENTER      ,PA,16602-0000,Public       ,2,13,15,99,306,405
01096300,GREENE COUNTY VOC-TECH SCHOOL           ,PA,15370-0000,Public       ,3,1,4,17,34,51
01097000,EMPIRE BEAUTY SCHOOL                    ,PA,17042-5209,Proprietary  ,3,10,13,34,78,112
01099800,PENNSYLVANIA INSTITUTE OF TECH          ,PA,19063-4098,Private      ,44,131,175,499,1009,1508
01102000,EMPIRE BEAUTY SCHOOL                    ,PA,17604-4335,Proprietary  ,21,55,76,175,384,559
01102100,EMPIRE BEAUTY SCHOOL                    ,PA,17402-2862,Proprietary  ,19,60,79,124,348,472
01162100,AUTOMOTIVE TRAINING CENTER              ,PA,19341-1310,Proprietary  ,92,73,165,1122,584,1706
01162200,WELDER TRAINING & TESTING INST          ,PA,18109-3253,Proprietary  ,8,33,41,39,142,181
01163800,EMPIRE BEAUTY SCHOOL                    ,PA,17876-0000,Proprietary  ,7,5,12,31,58,89
01171500,SCHUYLKILL HEALTH SCHOOL OF NURSING     ,PA,17901-3692,Private      ,0,4,4,57,72,129
01191900,BEAVER FALLS BEAUTY ACADEMY             ,PA,15010-4208,Proprietary  ,3,7,10,28,53,81
01205000,ROSEDALE TECHNICAL INSTITUTE            ,PA,15205-9791,Private      ,14,53,67,278,364,642
01239300,THOMAS JEFF UNIV-CLG ALLIED HEALTH      ,PA,19107-0000,Private      ,17,77,94,367,1671,2038
01239301,THOMAS JEFFERSON UNIVERSITY - JEFFERSON ,PA,19107-5001,Private      ,28,107,135,529,2951,3480
01239303,THOMAS JEFFERSON UNIVERSITY - COLLEGE OF,PA,19107-6731,Private      ,22,72,94,290,1114,1404
01246104,LINCOLN TECHNICAL INSTITUTE             ,PA,19104-0202,Proprietary  ,51,139,190,366,879,1245
01246105,LINCOLN TECHNICAL INSTITUTE             ,PA,19116-4202,Proprietary  ,33,86,119,206,520,726
01252300,TALMUDICAL YESHIVA OF PHILA             ,PA,19131-1296,Private      ,19,0,19,34,4,38
01260500,EMPIRE BEAUTY SCHOOL                    ,PA,17331-2405,Proprietary  ,11,29,40,98,254,352
01260600,EMPIRE BEAUTY SCHOOL                    ,PA,17901-2505,Proprietary  ,20,76,96,181,429,610
01260700,EMPIRE BEAUTY SCHOOL                    ,PA,16801-5218,Proprietary  ,8,8,16,44,63,107
01292900,SOUTH HILLS BEAUTY ACADEMY              ,PA,15216-2335,Proprietary  ,8,22,30,56,124,180
01301500,GORDON PHILLIPS SCH BEAUTY CULTURE      ,PA,19102-2701,Proprietary  ,35,63,98,249,546,795
01313400,YESHIVATH BETH MOSHE                    ,PA,18505-2196,Private      ,31,4,35,40,12,52
01321400,ROXBOROUGH MEM HOSP SCH OF NURSING      ,PA,19128-0000,Proprietary  ,7,30,37,75,278,353
01326300,SOUTH HILLS SCHOOL OF BUSINESS & TECHNOL,PA,16801-4516,Proprietary  ,6,25,31,563,553,1116
02061000,VENUS BEAUTY ACADEMY                    ,PA,19079-0000,Proprietary  ,5,21,26,51,89,140
02068300,DOUGLAS SCHOOL OF BUSINESS              ,PA,15062-0000,Proprietary  ,10,30,40,272,312,584
02090200,TRIANGLE TECH                           ,PA,16502-0000,Proprietary  ,7,18,25,95,132,227
02092500,LAUREL TECHNICAL INSTITUTE              ,PA,16146-0000,Proprietary  ,15,33,48,175,345,520
02092502,BUSINESS INSTITUTE OF PENNSYLVANIA      ,PA,16335-0000,Proprietary  ,1,5,6,17,29,46
02104003,HARRIS SCHOOL OF BUSINESS - UPPER DARBY ,PA,19082-2528,Proprietary  ,3,7,10,24,65,89
02107300,PENNSYLVANIA ACADEMY OF FINE ARTS       ,PA,19102-1424,Private      ,12,18,30,322,372,694
02112200,GREAT LAKES INSTITUTE OF TECHNOLOGY     ,PA,16509-0000,Proprietary  ,28,68,96,385,532,917
02114200,JOHNSON COLLEGE                         ,PA,18508-0000,Private      ,15,33,48,569,347,916
02116001,SANFORD-BROWN INSTITUTE - TREVOSE       ,PA,19053-4700,Proprietary  ,15,71,86,257,821,1078
02118000,LEVITTOWN BEAUTY ACADEMY LLC            ,PA,19054-1713,Proprietary  ,3,13,16,31,47,78
02119300,PA ACAD OF COSMETOLOGY ARTS & SCI       ,PA,15904-0000,Proprietary  ,9,22,31,61,84,145
02120800,"YORKTOWNE BUSINESS INSTITUTE, INC.      ",PA,17404-0000,Proprietary  ,2,49,51,108,360,468
02127400,YORK TECHNICAL INSTITUTE                ,PA,17402-0000,Proprietary  ,102,257,359,1192,1921,3113
02129000,TRIANGLE TECH                           ,PA,15601-0000,Proprietary  ,30,29,59,315,252,567
02129001,TRIANGLE TECH - BUSINESS CAREERS INSTITU,PA,15601-3304,Proprietary  ,1,4,5,17,24,41
02144000,"VISION ACADEMY, THE                     ",PA,18103-0000,Proprietary  ,8,22,30,43,102,145
02149000,EMPIRE BEAUTY SCHOOL                    ,PA,19341-2804,Proprietary  ,17,39,56,158,342,500
02151500,CENTRAL SUSQUEHANNA LPN CENTER          ,PA,17837-8818,Public       ,5,13,18,53,210,263
02153500,OAKBRIDGE ACADEMY OF ARTS               ,PA,15068-0000,Proprietary  ,2,0,2,70,22,92
02158300,JUNIATA-MIFFLIN CO AREA VOC TECH        ,PA,17044-0000,Public       ,1,5,6,30,64,94
02161400,NORTHEASTERN HOSP SCH OF NRSG           ,PA,19134-0000,Private      ,12,33,45,102,375,477
02169600,CLEARFIELD CTY CAREER AND TECH CNTR     ,PA,16830-0000,Public       ,6,13,19,58,113,171
02174400,TRIANGLE TECH                           ,PA,15801-0000,Proprietary  ,45,27,72,319,209,528
02178900,ACADEMY OF HAIR DESIGN                  ,PA,18202-1465,Proprietary  ,24,39,63,118,246,364
02183000,ORLEANS TECHNICAL INSTITUTE             ,PA,19111-0000,Private      ,53,124,177,251,690,941
02192800,WALNUT HILL COLLEGE                     ,PA,19104-0000,Proprietary  ,48,51,99,592,398,990
02202300,SANFORD-BROWN INSTITUTE                 ,PA,15219-1907,Proprietary  ,17,74,91,277,955,1232
02202301,SANFORD-BROWN INSTITUTE                 ,PA,15146-2141,Proprietary  ,13,25,38,120,403,523
02203900,ERIE INSTITUTE OF TECHNOLOGY            ,PA,16565-1002,Proprietary  ,20,48,68,182,319,501
02206200,"VISION ACADEMY, THE                     ",PA,19002-0000,Proprietary  ,4,19,23,46,107,153
02206300,STROUDSBURG SCHOOL OF COSMETOLOGY       ,PA,18360-0000,Proprietary  ,11,14,25,58,67,125
02212700,LANCASTER SCHOOL OF COSMETOLOGY         ,PA,17602-0000,Proprietary  ,10,33,43,72,179,251
02234200,ACADEMY OF MEDICAL ARTS & BUSINESS      ,PA,17112-0000,Proprietary  ,13,65,78,210,425,635
02240100,BARBER STYLING INSTITUTE                ,PA,17011-0000,Proprietary  ,0,0,0,0,1,1
02251200,SCHUYLKILL COUNTY AREA VOC TECH SCH     ,PA,17931-0000,Public       ,2,18,20,28,101,129
02251202,SCHUYLKILL COUNTY AREA VOC TECH SCH     ,PA,17931-0000,Public       ,1,4,5,9,40,49
02253900,BERKS TECHNICAL INSTITUTE               ,PA,19610-0000,Proprietary  ,57,103,160,774,1014,1788
02255200,PENNSYLVANIA SCHOOL OF BUSINESS         ,PA,18101-1604,Proprietary  ,11,44,55,137,567,704
02269900,PENNSYLVANIA COLLEGE OF ART & DESIGN    ,PA,17603-3528,Private      ,14,17,31,497,131,628
02270500,BUCKS COUNTY SCHOOL OF BEAUTY CULT      ,PA,19053-0000,Proprietary  ,3,5,8,44,50,94
02273400,RECONSTRUCTIONIST RABBINICAL COLLEG     ,PA,19095-0000,Private      ,0,0,0,0,43,43
02276600,HANOVER PUBLIC SCH DIST PRAC NURSG      ,PA,17331-0000,Public       ,2,22,24,13,81,94
02282500,LENAPE SCHOOL OF PRACTICAL NURSING      ,PA,16226-0000,Public       ,11,24,35,41,162,203
02288800,EMPIRE BEAUTY SCHOOL                    ,PA,18974-4508,Proprietary  ,14,51,65,147,373,520
02289500,PACE INSTITUTE                          ,PA,19601-0000,Proprietary  ,6,27,33,75,276,351
02289600,CONSOLIDATED SCHOOL OF BUSINESS         ,PA,17404-0000,Proprietary  ,4,39,43,56,259,315
02289700,ACADEMY OF CREATIVE HAIR DESIGN         ,PA,18702-0000,Proprietary  ,9,20,29,59,168,227
02289800,CHI INSTITUTE - FRANKLIN MILLS          ,PA,19154-0000,Proprietary  ,45,115,160,393,1016,1409
02290400,"ALTOONA BEAUTY SCHOOL, INC              ",PA,16602-0000,Proprietary  ,3,21,24,54,86,140
02292700,LANSDALE SCHOOL OF COSMETOLOGY          ,PA,19446-0000,Proprietary  ,2,13,15,26,52,78
02299300,TRINITY EPISCOPAL SCHOOL MINISTRY       ,PA,15003-0000,Private      ,0,6,6,2,119,121
02301300,PRISM CAREER INSTITUTE                  ,PA,19082-2448,Proprietary  ,26,98,124,167,737,904
02304400,YTI CAREER INSTITUTE - MECHANICSBURG    ,PA,17055-0000,Proprietary  ,12,48,60,190,348,538
02306200,VENANGO COUNTY AREA VOC TECH SCHOOL     ,PA,16301-0000,Public       ,1,6,7,33,84,117
02310800,LANCASTER COUNTY CAREER & TECH CTR      ,PA,17584-0000,Public       ,31,79,110,174,526,700
02323000,BIBLICAL THEOLOGICAL SEMINARY           ,PA,19440-2421,Private      ,0,16,16,1,113,114
02330300,LEBANON CO CAREER & TECHNOLOGY CTR      ,PA,17042-0000,Public       ,1,20,21,60,224,284
02330600,PENNSYLVANIA GUNSMITH SCHOOL            ,PA,15202-0000,Proprietary  ,4,13,17,103,146,249
02350100,WESTERN AREA CAREER & TECHNOLOGY CT     ,PA,15317-0000,Public       ,1,11,12,41,146,187
02350200,INDIANA COUNTY TECH CTR SCH PR NSG      ,PA,15701-1465,Public       ,4,11,15,56,149,205
02353100,NORTHERN TIER CAREER CENTER             ,PA,18848-0000,Public       ,1,2,3,38,68,106
02362300,MERCER COUNTY AREA VOC TECH SCHOOL      ,PA,16137-0000,Public       ,3,9,12,24,69,93
02492600,EASTERN CTR ARTS AND TECH PR NSG        ,PA,19090-0000,Public       ,5,18,23,35,190,225
02495500,ALL-STATE CAREER SCHOOL                 ,PA,19029-0000,Proprietary  ,38,221,259,267,911,1178
02529800,WILKES BARRE AREA CAREER AND TECHNICAL C,PA,18705-0000,Public       ,11,33,44,84,237,321
02536600,COMMONWEALTH TECH INSTIT @ HIRAM G      ,PA,15905-0000,Public       ,42,26,68,290,150,440
02544300,BUTLER BEAUTY SCHOOL                    ,PA,16001-0000,Proprietary  ,5,23,28,44,114,158
02545000,LAWRENCE COUNTY CAREER AND TECHNICAL CEN,PA,16101-0000,Public       ,3,15,18,31,95,126
02546200,LAUREL BUSINESS INSTITUTE               ,PA,15401-0877,Proprietary  ,8,14,22,123,232,355
02550000,CLARION CO AREA VOC-TECH PRAC NRSG      ,PA,16254-4637,Public       ,1,4,5,28,62,90
02554500,HAZLETON AREA CAREER CENTER PRACTICAL NU,PA,18201-0000,Public       ,1,6,7,22,90,112
02557800,ART INSTITUTE OF YORK (THE) - PENNSYLVAN,PA,17402-9012,Proprietary  ,57,40,97,799,376,1175
02566400,ALBERT EINSTEIN MED CTR DEPT DNTL       ,PA,19141-3098,Private      ,4,29,33,39,148,187
02574800,PENNSYLVANIA INSTITUTE OF TAXIDERMY     ,PA,15931-0000,Proprietary  ,2,7,9,13,29,42
02609500,CAREER TRAINING ACADEMY                 ,PA,15068-6308,Proprietary  ,19,60,79,112,282,394
02609501,CAREER TRAINING ACADEMY                 ,PA,15146-0000,Proprietary  ,0,7,7,14,39,53
02616100,JEAN MADELINE ED CTR FOR COSM           ,PA,19147-1542,Proprietary  ,29,59,88,376,430,806
03006800,LE CORDON BLEU INSTITUTE OF CULINARY ART,PA,15222-3511,Proprietary  ,13,29,42,153,197,350
03010800,TRI-STATE BUSINESS INSTITUTE            ,PA,16506-1013,Proprietary  ,54,280,334,713,2486,3199
03011500,FORTIS INSTITUTE                        ,PA,18702-0000,Proprietary  ,8,48,56,103,254,357
03011600,FORTIS INSTITUTE                        ,PA,18509-2903,Proprietary  ,29,75,104,247,524,771
03029900,CONSOLIDATED SCHOOL OF BUSINESS         ,PA,17603-2389,Proprietary  ,4,21,25,76,208,284
03031600,DPT BUSINESS SCHOOL                     ,PA,19116-3961,Proprietary  ,0,0,0,0,4,4
03031601,DPT BUSINESS SCHOOL                     ,PA,19106-0000,Proprietary  ,0,0,0,0,4,4
03067000,ANTONELLI MEDICAL & PROF INST           ,PA,19464-9244,Proprietary  ,7,26,33,41,117,158
03072400,ALL-STATE CAREER SCHOOL                 ,PA,15122-0000,Proprietary  ,21,79,100,80,369,449
03072600,DCI CAREER INSTITUTE                    ,PA,15061-2307,Proprietary  ,4,16,20,37,103,140
03081900,YTI CAREER INSTITUTE - ALTOONA          ,PA,16602-4457,Proprietary  ,23,48,71,242,416,658
03090800,LAKE ERIE COLL OF OSTEOPATHIC MED       ,PA,16509-0000,Private      ,0,25,25,75,3766,3841
03098600,CAREER TECH CTR OF LACKAWANNA CNTY      ,PA,18508-0000,Public       ,18,37,55,86,265,351
03101400,FORBES ROAD CAREER & TECHNOLOGY CTR     ,PA,15146-1550,Public       ,2,4,6,14,36,50
03101500,BIDWELL TRAINING CENTER                 ,PA,15233-2233,Private      ,8,53,61,49,147,196
03103300,JNA INSTITUTE OF CULINARY ARTS          ,PA,19146-3119,Proprietary  ,22,31,53,149,229,378
03109100,METROPOLITAN CAREER CENTER              ,PA,19144-0000,Private      ,5,29,34,25,187,212
03110700,AVIATION INSTITUTE OF MAINTENANCE       ,PA,19114-1017,Proprietary  ,19,87,106,200,731,931
03120400,REGIONAL CAREER & TECHNICAL CENTER      ,PA,16509-4699,Public       ,1,5,6,17,30,47
03128400,DELAWARE COUNTY TECHNICAL SCHOOL        ,PA,19008-1928,Public       ,3,21,24,56,196,252
03180400,PENNSYLVANIA HIGHLANDS COMMUNITY COLLEGE,PA,15904-2927,Public       ,49,92,141,997,964,1961
03236400,LT INTERNATIONAL BEAUTY SCHOOL          ,PA,19130-2235,Proprietary  ,4,24,28,30,110,140
03353300,ACADEMY OF VOCAL ARTS                   ,PA,19103-6685,Private      ,4,12,16,43,114,157
03380301,STAR CAREER ACADEMY - STAR PHILADELPHIA ,PA,19114-2204,Proprietary  ,62,223,285,372,1257,1629
03380304,STAR CAREER ACADEMY - STAR NORRISTOWN   ,PA,19403-2422,Proprietary  ,10,42,52,64,314,378
03439400,NAWCC SCHOOL OF HOROLOGY                ,PA,17512-2130,Private      ,0,0,0,1,13,14
03535300,HUNTINGDON COUNTY CAREER AND TECHNO     ,PA,17060-0905,Public       ,0,3,3,13,47,60
03561400,SUSQUEHANNA COUNTY CAREER & TECHNOL     ,PA,18816-0100,Public       ,0,4,4,10,20,30
03766300,PENNSYLVANIA SCHOOL OF MUSCLE THERAPY   ,PA,19406-3101,Proprietary  ,7,34,41,45,166,211
03781300,PRINCETON INFORMATION TECHNOLOGY CENTER ,PA,19038-4535,Proprietary  ,5,35,40,41,282,323
03899300,CALVARY BAPTIST THEOLOGICAL SEMINARY    ,PA,19446-4718,Private      ,0,7,7,1,47,48
03923300,PRECISION MANUFACTURING INSTITUTE       ,PA,16335-8380,Private      ,4,18,22,22,55,77
03948300,HARRISBURG UNIVERSITY OF SCIENCE AND TEC,PA,17101-2116,Private      ,32,43,75,700,322,1022
03949300,WON INSTITUTE OF GRADUATE STUDIES       ,PA,19038-4535,Private      ,0,1,1,0,53,53
03950500,NORTHWEST REGIONAL TECHNOLOGY INSTITUTE ,PA,16508-2820,Proprietary  ,0,15,15,19,56,75
03952300,NATIONAL MASSAGE THERAPY INSTITUTE      ,PA,19116-3965,Proprietary  ,32,154,186,180,641,821
04024300,EDUCATION AND TECHNOLOGY INSTITUTE      ,PA,15601-9214,Private      ,1,16,17,20,56,76
04118000,BYZANTINE CATHOLIC SEMINARY OF SAINTS CY,PA,15214-2229,Private      ,0,1,1,2,7,9
04127500,CAREER DEVELOPMENT & EMPLOYMENT         ,PA,18702-5253,Proprietary  ,2,14,16,18,79,97
04138300,INTERNATIONAL BEAUTY ACADEMY            ,PA,19149-2710,Proprietary  ,0,0,0,24,28,52
04145800,PULSE BEAUTY ACADEMY A PAUL MITCHELL PAR,PA,19335-0000,Proprietary  ,5,20,25,100,83,183
04149800,SOMERSET COUNTY TECHNOLOGY CENTER       ,PA,15501-1444,Public       ,3,10,13,27,83,110
04151700,BELLA CAPELLI ACADEMY                   ,PA,15146-2388,Proprietary  ,14,17,31,86,91,177
04151701,BELLA CAPELLI ACADEMY -                 ,PA,15205-2388,Proprietary  ,3,3,6,3,3,6
04155100,INSTITUTE OF MEDICAL CAREERS            ,PA,15235-3718,Proprietary  ,6,11,17,49,107,156
04158000,METRO BEAUTY ACADEMY                    ,PA,18106-9693,Proprietary  ,10,34,44,126,174,300
04164900,BARONE BEAUTY ACADEMY                   ,PA,17701-5316,Proprietary  ,5,7,12,33,48,81
04167200,COMMONWEALTH MEDICAL COLLEGE (THE)      ,PA,18503-3251,Private      ,3,15,18,19,585,604
04175900,LEWISTOWN HOSPITAL SCHOOL OF NURSING    ,PA,17044-1167,Private      ,3,5,8,41,59,100
04209700,NEWCOURTLAND EDUCATION CENTER SCHOOL OF ,PA,19119-2126,Private      ,1,24,25,1,30,31
00153410,EVEREST UNIVERSITY - EVEREST COLLEGE - M,WI,53212-4006,Proprietary  ,12,60,72,229,974,1203
00267813,BRYANT & STRATTON COLLEGE - MIL DOWNTOWN,WI,53203-2608,Proprietary  ,66,340,406,866,3478,4344
00383200,ALVERNO COLLEGE                         ,WI,53234-3922,Private      ,78,212,290,1612,2762,4374
00383500,BELOIT COLLEGE                          ,WI,53511-5595,Private      ,41,21,62,2029,147,2176
00383700,CARDINAL STRITCH UNIVERSITY             ,WI,53217-9884,Private      ,43,488,531,1291,4959,6250
00383800,CARROLL UNIVERSITY                      ,WI,53186-5593,Private      ,70,76,146,4051,1015,5066
00383900,CARTHAGE COLLEGE                        ,WI,53141-0000,Private      ,130,99,229,5355,1059,6414
00384000,WESTERN TECHNICAL COLLEGE               ,WI,54601-0908,Public       ,149,311,460,2393,2902,5295
00384200,CONCORDIA UNIVERSITY WISCONSIN          ,WI,53097-2402,Private      ,84,442,526,3313,4781,8094
00384800,EDGEWOOD COLLEGE                        ,WI,53711-1958,Private      ,41,129,170,1968,1560,3528
00385000,SILVER LAKE COLLEGE                     ,WI,54220-9319,Private      ,6,36,42,235,395,630
00385400,LAKELAND COLLEGE                        ,WI,53082-0000,Private      ,39,227,266,1224,2251,3475
00385600,LAWRENCE UNIVERSITY                     ,WI,54912-0599,Private      ,40,14,54,2470,158,2628
00386100,MARIAN UNIVERSITY                       ,WI,54935-4699,Private      ,23,86,109,1515,1184,2699
00386300,MARQUETTE UNIVERSITY                    ,WI,53201-1881,Private      ,343,235,578,16541,4869,21410
00386600,MILWAUKEE AREA TECH COLLEGE             ,WI,53233-1443,Public       ,786,2666,3452,8082,20423,28505
00386800,MILWAUKEE SCHOOL OF ENGINEERING         ,WI,53202-3109,Private      ,65,78,143,2843,964,3807
00386900,MOUNT MARY COLLEGE                      ,WI,53222-4597,Private      ,29,105,134,869,1603,2472
00387400,NASHOTAH HOUSE                          ,WI,53058-0000,Private      ,0,1,1,0,77,77
00387500,NORTHLAND COLLEGE                       ,WI,54806-3999,Private      ,18,12,30,815,159,974
00388400,RIPON COLLEGE                           ,WI,54971-0248,Private      ,19,6,25,1341,84,1425
00389200,ST. NORBERT COLLEGE                     ,WI,54115-2099,Private      ,29,12,41,2942,139,3081
00389500,UNIVERSITY OF WISCONSIN-MADISON         ,WI,53715-1382,Public       ,657,499,1156,27657,12040,39697
00389600,UNIVERSITY OF WISCONSIN-MILWAUKEE       ,WI,53201-3165,Public       ,620,1046,1666,20170,14477,34647
00389700,UNIVERSITY OF WISCONSIN COLLEGES        ,WI,53708-8680,Public       ,144,242,386,2994,2420,5414
00389701,UNIVERSITY OF WISCONSIN-BARABOO         ,WI,53913-1098,Public       ,29,34,63,474,306,780
00389702,UNIVERSITY OF WISCONSIN-BARRON          ,WI,54868-2497,Public       ,15,40,55,460,292,752
00389703,UNIVERSITY OF WISCONSIN-FOND DU LAC     ,WI,54935-2998,Public       ,23,50,73,570,390,960
00389704,UNIVERSITY OF WISCONSIN-FOX VALLEY      ,WI,54952-1297,Public       ,55,58,113,1180,713,1893
00389705,UNIVERSITY OF WISCONSIN-MANITOWOC       ,WI,54220-6699,Public       ,13,17,30,421,230,651
00389706,UNIVERSITY OF WISCONSIN-MARATHON        ,WI,54401-5396,Public       ,33,61,94,998,523,1521
00389707,UNIVERSITY OF WISCONSIN-MARINETTE       ,WI,54143-4299,Public       ,11,37,48,298,237,535
00389708,UNIVERSITY OF WISCONSIN-MARSHFIELD      ,WI,54449-3310,Public       ,7,30,37,361,236,597
00389709,UNIVERSITY OF WISCONSIN-RICHLAND        ,WI,53581-1399,Public       ,13,18,31,358,149,507
00389710,UNIVERSITY OF WISCONSIN COLLEGES - ROCK ,WI,53546-5699,Public       ,41,75,116,922,676,1598
00389711,UNIVERSITY OF WISCONSIN-SHEBOYGAN       ,WI,53081-4789,Public       ,29,45,74,611,443,1054
00389712,UNIVERSITY OF WISCONSIN-WASHINGTON      ,WI,53095-3699,Public       ,40,43,83,626,374,1000
00389713,UNIVERSITY OF WISCONSIN-WAUKESHA        ,WI,53188-2799,Public       ,66,74,140,1561,752,2313
00389900,UNIVERSITY OF WISCONSIN-GREEN BAY       ,WI,54311-7001,Public       ,114,227,341,5264,3014,8278
00391100,VITERBO UNIVERSITY                      ,WI,54601-4777,Private      ,32,92,124,1997,1419,3416
00391500,UNIVERSITY OF WISCONSIN-STOUT           ,WI,54751-0790,Public       ,147,179,326,6702,2470,9172
00391700,UNIVERSITY OF WISCONSIN-EAU CLAIRE      ,WI,54702-4004,Public       ,214,189,403,10038,2154,12192
00391900,UNIVERSITY OF WISCONSIN-LA CROSSE       ,WI,54601-3742,Public       ,182,116,298,9487,1946,11433
00392000,UNIVERSITY OF WISCONSIN-OSHKOSH         ,WI,54901-8604,Public       ,238,273,511,9725,3898,13623
00392100,UNIVERSITY OF WISCONSIN-PLATTEVILLE     ,WI,53818-3099,Public       ,143,167,310,7427,1949,9376
00392300,UNIVERSITY OF WISCONSIN-RIVER FALLS     ,WI,54022-5013,Public       ,107,113,220,5509,1622,7131
00392400,UNIVERSITY OF WISCONSIN-STEVENS POINT   ,WI,54481-3871,Public       ,168,132,300,8589,2253,10842
00392500,UNIVERSITY OF WISCONSIN-SUPERIOR        ,WI,54880-2898,Public       ,48,142,190,1904,1555,3459
00392600,UNIVERSITY OF WISCONSIN-WHITEWATER      ,WI,53190-1792,Public       ,246,226,472,10535,2995,13530
00400700,MADISON AREA TECHNICAL COLLEGE          ,WI,53704-2599,Public       ,354,1025,1379,5613,9458,15071
00501500,UNIVERSITY OF WISCONSIN-PARKSIDE        ,WI,53141-2000,Public       ,159,229,388,4152,2777,6929
00529400,WAUKESHA COUNTY TECHNICAL COLLEGE       ,WI,53072-4696,Public       ,163,462,625,1941,4017,5958
00530100,NORTHEAST WISCONSIN TECHNICAL COLLEGE   ,WI,54307-9042,Public       ,269,732,1001,3058,5891,8949
00530400,CHIPPEWA VALLEY TECHNICAL COLLEGE       ,WI,54701-6162,Public       ,174,415,589,2646,4031,6677
00538000,MID-STATE TECHNICAL COLLEGE             ,WI,54494-5512,Public       ,90,280,370,1052,2147,3199
00538400,NICOLET AREA TECHNICAL COLLEGE          ,WI,54501-0000,Public       ,41,131,172,585,1043,1628
00538700,NORTHCENTRAL TECHNICAL COLLEGE          ,WI,54401-1899,Public       ,99,366,465,1434,3568,5002
00538900,GATEWAY TECHNICAL COLLEGE               ,WI,53144-1690,Public       ,329,1013,1342,3009,9267,12276
00539000,BLACKHAWK TECHNICAL COLLEGE             ,WI,53547-5009,Public       ,102,366,468,1195,3345,4540
00612601,ST LUKE'S MEDCL CTR SCHL RAD TECH       ,WI,53215-4330,Private      ,0,0,0,38,71,109
00663900,BELLIN COLLEGE                          ,WI,54305-0000,Private      ,8,35,43,303,286,589
00732934,ITT TECHNICAL INSTITUTE                 ,WI,53220-4612,Proprietary  ,109,419,528,503,2047,2550
00766900,SOUTHWEST WISCONSIN TECH COLLEGE        ,WI,53809-0000,Public       ,27,79,106,758,930,1688
00821700,PAUL MITCHELL THE SCHOOL GREEN BAY      ,WI,54324-0257,Proprietary  ,13,18,31,100,131,231
00869405,RASMUSSEN COLLEGE - WAUSAU              ,WI,54401-7804,Proprietary  ,17,100,117,178,945,1123
00869414,RASMUSSEN COLLEGE - GREEN BAY           ,WI,54303-2349,Proprietary  ,20,115,135,171,1009,1180
00869419,RASMUSSEN COLLEGE - APPLETON            ,WI,54915-7305,Proprietary  ,11,82,93,103,635,738
00919400,LAKESHORE TECHNICAL COLLEGE             ,WI,53015-1412,Public       ,63,235,298,810,1989,2799
00925600,MORAINE PARK TECHNICAL COLLEGE          ,WI,54936-0000,Public       ,89,352,441,1153,2979,4132
00941900,STATE CLG OF BEAUTY CULT-WAUSAU         ,WI,54403-4667,Proprietary  ,3,12,15,50,78,128
00962100,HERZING UNIVERSITY                      ,WI,53718-4236,Proprietary  ,130,1214,1344,1352,10709,12061
00974400,FOX VALLEY TECHNICAL COLLEGE            ,WI,54913-0000,Public       ,320,799,1119,3585,6404,9989
01091300,MADISON MEDIA INSTITUTE                 ,WI,53718-6787,Proprietary  ,53,67,120,719,621,1340
01148400,ADVANCED INSTITUTE OF HAIR DESIGN       ,WI,53225-0000,Proprietary  ,38,61,99,286,366,652
01182400,WISCONSIN INDIANHEAD TECH CLG WITC      ,WI,54871-9300,Public       ,89,311,400,1113,2802,3915
02077100,MILWAUKEE INST OF ART & DESIGN          ,WI,53202-0000,Private      ,47,54,101,1177,423,1600
02078000,SACRED HEART SCHOOL OF THEOLOGY         ,WI,53130-0000,Private      ,0,1,1,0,5,5
02136600,WISCONSIN LUTHERAN COLLEGE              ,WI,53226-0000,Private      ,25,50,75,1252,373,1625
02201803,KAPLAN COLLEGE - MILWAUKEE              ,WI,53212-3939,Proprietary  ,17,117,134,214,1037,1251
02239204,ANTHEM COLLEGE - BROOKFIELD             ,WI,53005-4207,Proprietary  ,3,12,15,26,85,111
02271300,WI SCH OF PROFESSIONAL PSYCHOLOGY       ,WI,53225-0000,Private      ,6,18,24,35,222,257
02317200,MARANATHA BAPTIST BIBLE COLLEGE         ,WI,53094-0000,Private      ,43,13,56,900,152,1052
02324700,EMPIRE BEAUTY SCHOOL                    ,WI,53717-0000,Proprietary  ,8,34,42,82,210,292
02332100,EMPIRE BEAUTY SCHOOL                    ,WI,54220-0000,Proprietary  ,12,43,55,95,272,367
02332101,EMPIRE BEAUTY SCHOOL - APPLETON         ,WI,54914-4644,Proprietary  ,2,9,11,34,60,94
02453500,MEDICAL COLLEGE OF WISCONSIN            ,WI,53226-0000,Private      ,10,37,47,108,1332,1440
02494300,GILL-TECH ACADEMY OF HAIR DESIGN        ,WI,54911-0000,Proprietary  ,11,20,31,80,76,156
02532200,LAC COURTE OREILLES OJIBWA CMTY CLG     ,WI,54843-0000,Public       ,3,54,57,87,470,557
03007400,LAKESIDE SCHOOL OF MASSAGE THERAPY      ,WI,53212-0000,Private      ,0,0,0,20,50,70
03061200,MIDWEST COLLEGE OF ORIENTAL MEDICINE    ,WI,53403-9747,Proprietary  ,6,40,46,29,306,335
03077600,EMPIRE BEAUTY SCHOOL                    ,WI,54304-4838,Proprietary  ,10,22,32,146,340,486
03125100,COLLEGE OF MENOMINEE NATION             ,WI,54135-0000,Private      ,15,52,67,134,544,678
03125102,COLLEGE OF  THE MENOMINEE NATION - GREEN,WI,54304-4964,Private      ,4,30,34,58,283,341
03220300,"SALON PROFESSIONAL ACADEMY, THE         ",WI,54701-7633,Proprietary  ,6,13,19,73,126,199
03309300,MONTESSORI INSTITUTE OF MILWAUKEE       ,WI,53207-0000,Private      ,2,16,18,8,55,63
03808300,INSTITUTE OF BEAUTY AND WELLNESS (THE)  ,WI,53202-5715,Proprietary  ,18,41,59,173,296,469
03822300,FOUR SEASONS SALON AND COSMETOLOGY SCHOO,WI,53566-0000,Proprietary  ,1,5,6,25,58,83
03872500,NORTHLAND INTERNATIONAL UNIVERSITY      ,WI,54119-9285,Private      ,12,7,19,497,81,578
03925300,BLUE SKY SCHOOL OF PROFESSIONAL MASSAGE ,WI,53024-9699,Private      ,4,15,19,34,155,189
03925301,BLUE SKY SCHOOL OF PROFESSIONAL MASSAGE ,WI,54115-7407,Private      ,4,6,10,4,14,18
03925303,BLUE SKY SCHOOL OF PROFESSIONAL MASSAGE ,WI,53713-2366,Private      ,2,14,16,4,27,31
04117400,MILWAUKEE CAREER COLLEGE                ,WI,53222-4305,Proprietary  ,19,82,101,188,556,744
04118600,ACADEMY OF COSMETOLOGY                  ,WI,53548-3307,Proprietary  ,7,20,27,48,132,180
04124800,VISIONS IN HAIR DESIGN INSTITUTE OF COSM,WI,53210-1120,Proprietary  ,5,20,25,38,107,145
04132600,WISCONSIN ACADEMY (THE)                 ,WI,54157-1726,Proprietary  ,2,5,7,14,39,53
04137900,BRENSTEN EDUCATION                      ,WI,53186-0000,Proprietary  ,13,90,103,68,468,536
04138200,SALON PROFESSIONAL ACADEMY (THE)        ,WI,54914-3921,Proprietary  ,5,4,9,62,69,131
04157700,SALON PROFESSIONAL ACADEMY (THE)        ,WI,54650-8699,Proprietary  ,9,15,24,59,88,147
04159400,COLUMBIA COLLEGE OF NURSING             ,WI,53211-2952,Private      ,11,35,46,155,371,526
04165300,ACADEMY WAUKESHA (THE)                  ,WI,53072-5524,Proprietary  ,11,35,46,108,182,290
04179200,ADVANCED COLLEGE OF COSMETOLOGY         ,WI,53963-0000,Proprietary  ,9,6,15,37,36,73
04182100,FIRST CLASS COSMETOLOGY SCHOOL          ,WI,52511-0000,Proprietary  ,5,20,25,48,121,169
04183600,SALON PROFESSIONAL ACADEMY OF KENOSHA (T,WI,53142-4950,Proprietary  ,9,18,27,110,203,313
04193800,SHEPHERDS COLLEGE                       ,WI,53182-1527,Private      ,1,1,2,20,13,33
04202800,PANACHE ACADEMY OF BEAUTY               ,WI,53913-2596,Proprietary  ,5,13,18,32,53,85
00290500,NORTH CAROLINA A&T STATE UNIV           ,NC,27411-0001,Public       ,656,683,1339,16144,8569,24713
00290600,APPALACHIAN STATE UNIVERSITY            ,NC,28608-2059,Public       ,740,392,1132,18386,5271,23657
00290700,UNIVERSITY OF NC AT ASHEVILLE           ,NC,28804-3299,Public       ,227,235,462,4805,2437,7242
00290800,BARTON COLLEGE                          ,NC,27893-3104,Private      ,73,80,153,1781,1077,2858
00291000,BELMONT ABBEY COLLEGE                   ,NC,28012-1802,Private      ,58,166,224,1476,1492,2968
00291100,BENNETT COLLEGE                         ,NC,27401-3239,Private      ,46,72,118,1501,729,2230
00291200,BREVARD COLLEGE                         ,NC,28712-3306,Private      ,57,19,76,1120,237,1357
00291300,CAMPBELL UNIVERSITY                     ,NC,27506-0036,Private      ,251,298,549,6576,4253,10829
00291400,CATAWBA COLLEGE                         ,NC,28144-2488,Private      ,65,82,147,2060,854,2914
00291500,CENTRAL PIEDMONT COMMUNITY COLLEGE      ,NC,28204-2297,Public       ,1121,3162,4283,10965,21797,32762
00291600,CHOWAN UNIVERSITY                       ,NC,27855-1850,Private      ,66,37,103,2459,492,2951
00291700,COLLEGE OF THE ALBEMARLE                ,NC,27909-2327,Public       ,103,270,373,1112,2030,3142
00291800,DAVIDSON COLLEGE                        ,NC,28035-7157,Private      ,137,44,181,3628,272,3900
00291900,DAVIDSON COUNTY COMMUNITY COLLEGE       ,NC,27293-0000,Public       ,212,660,872,2005,5182,7187
00292000,DUKE UNIVERSITY                         ,NC,27708-0397,Private      ,672,159,831,20015,1855,21870
00292001,DUKE UNIV - SCHOOL OF MEDICINE          ,NC,27710-0000,Private      ,58,42,100,301,1309,1610
00292002,DUKE UNIV - SCHOOL OF LAW               ,NC,27708-0000,Private      ,16,48,64,90,2474,2564
00292003,DUKE UNIV - GRAD SCH ARTS & SCIENCE     ,NC,27708-0000,Private      ,18,53,71,171,965,1136
00292004,DUKE UNIV - FUQUA SCH OF BUSINESS       ,NC,27708-0000,Private      ,12,71,83,95,1430,1525
00292005,DUKE UNIV/NICHOLAS SCH OF ENVIRON.      ,NC,27708-0000,Private      ,3,11,14,45,457,502
00292006,DUKE UNIV - DIVINITY SCHOOL             ,NC,27708-0000,Private      ,18,29,47,286,914,1200
00292007,DUKE UNIV - SCHOOL OF NURSING           ,NC,27710-0000,Private      ,23,94,117,263,1459,1722
00292010,DUKE UNIVERSITY - SCHOOL OF PUBLIC POLIC,NC,27708-0239,Private      ,3,20,23,44,334,378
00292300,EAST CAROLINA UNIVERSITY                ,NC,27858-1818,Public       ,963,1104,2067,24873,14256,39129
00292600,ELIZABETH CITY STATE UNIVERSITY         ,NC,27909-7806,Public       ,137,119,256,4559,1961,6520
00292700,ELON UNIVERSITY                         ,NC,27244-2010,Private      ,257,97,354,8020,1464,9484
00292800,FAYETTEVILLE STATE UNIVERSITY           ,NC,28301-4298,Public       ,262,711,973,5940,8739,14679
00292900,GARDNER-WEBB UNIVERSITY                 ,NC,28017-0000,Private      ,121,477,598,3502,4348,7850
00293000,GREENSBORO COLLEGE                      ,NC,27401-1875,Private      ,104,165,269,2000,1617,3617
00293100,GUILFORD COLLEGE                        ,NC,27410-4171,Private      ,144,393,537,3539,3917,7456
00293300,HIGH POINT UNIVERSITY                   ,NC,27262-4221,Private      ,177,119,296,6187,1214,7401
00293400,ISOTHERMAL COMMUNITY COLLEGE            ,NC,28160-0804,Public       ,106,333,439,1049,2130,3179
00293500,LAUREL UNIVERSITY                       ,NC,27265-3197,Private      ,3,52,55,68,354,422
00293600,JOHNSON C SMITH UNIVERSITY              ,NC,28216-5398,Private      ,171,258,429,3743,2320,6063
00293700,KING'S COLLEGE-CHARLOTTE                ,NC,28204-2435,Proprietary  ,51,167,218,957,1192,2149
00293900,LEES MCRAE COLLEGE                      ,NC,28604-0000,Private      ,49,25,74,1136,350,1486
00294000,LENOIR COMMUNITY COLLEGE                ,NC,28502-0188,Public       ,89,371,460,1194,2929,4123
00294100,LENOIR-RHYNE UNIVERSITY                 ,NC,28603-0000,Private      ,125,126,251,3285,1391,4676
00294200,LIVINGSTONE COLLEGE                     ,NC,28144-5298,Private      ,52,44,96,1644,653,2297
00294300,LOUISBURG COLLEGE                       ,NC,27549-2398,Private      ,70,44,114,1506,317,1823
00294400,MARS HILL COLLEGE                       ,NC,28754-0000,Private      ,82,44,126,2406,539,2945
00294500,MEREDITH COLLEGE                        ,NC,27607-5298,Private      ,67,118,185,2236,1268,3504
00294600,METHODIST UNIVERSITY                    ,NC,28311-1420,Private      ,100,257,357,3118,2428,5546
00294700,MITCHELL COMMUNITY COLLEGE              ,NC,28677-5264,Public       ,165,429,594,1564,3086,4650
00294800,MONTREAT COLLEGE                        ,NC,28757-1267,Private      ,11,82,93,684,641,1325
00294900,MOUNT OLIVE COLLEGE                     ,NC,28365-1299,Private      ,55,429,484,1505,4560,6065
00295000,NORTH CAROLINA CENTRAL UNIVERSITY       ,NC,27707-3198,Public       ,348,582,930,11439,9053,20492
00295100,NORTH CAROLINA WESLEYAN COLLEGE         ,NC,27804-8699,Private      ,46,168,214,1364,1640,3004
00295300,PEACE COLLEGE                           ,NC,27604-1194,Private      ,77,137,214,1217,878,2095
00295400,UNIV OF NORTH CAROLINA AT PEMBROKE      ,NC,28372-1510,Public       ,279,372,651,6720,5090,11810
00295500,PFEIFFER UNIVERSITY                     ,NC,28109-0000,Private      ,31,130,161,1120,1634,2754
00295600,PIEDMONT BAPTIST COLLEGE AND GRADUATE SC,NC,27101-5025,Private      ,13,31,44,201,263,464
00295700,QUEENS UNIVERSITY OF CHARLOTTE          ,NC,28274-0001,Private      ,124,308,432,2844,2919,5763
00295800,ROCKINGHAM COMMUNITY COLLEGE            ,NC,27375-0000,Public       ,95,217,312,1040,1959,2999
00296000,SALEM COLLEGE                           ,NC,27108-0000,Private      ,44,107,151,1019,1096,2115
00296100,SANDHILLS COMMUNITY COLLEGE             ,NC,28374-8283,Public       ,170,487,657,1924,4002,5926
00296200,SHAW UNIVERSITY                         ,NC,27601-2393,Private      ,141,264,405,3320,2826,6146
00296400,SOUTHEASTERN COMMUNITY COLLEGE          ,NC,28472-5422,Public       ,44,185,229,853,1811,2664
00296800,ST AUGUSTINES COLLEGE                   ,NC,27610-2298,Private      ,100,150,250,2706,1383,4089
00297000,SURRY COMMUNITY COLLEGE                 ,NC,27017-0304,Public       ,107,253,360,1467,2302,3769
00297200,NORTH CAROLINA STATE UNIV-RALEIGH       ,NC,27695-7001,Public       ,1073,1093,2166,29351,13005,42356
00297300,GASTON COLLEGE                          ,NC,28034-1499,Public       ,261,759,1020,2543,5776,8319
00297400,UNIVERSITY OF N C-CHAPEL HILL           ,NC,27514-0000,Public       ,1088,841,1929,28251,15226,43477
00297500,UNIVERSITY OF NC AT CHARLOTTE           ,NC,28223-0001,Public       ,1043,1295,2338,25450,16334,41784
00297600,UNIVERSITY OF N C - GREENSBORO          ,NC,27412-0001,Public       ,738,900,1638,18547,12735,31282
00297800,WAKE FOREST UNIV - UNDERGRADUATE        ,NC,27109-7246,Private      ,308,54,362,8275,574,8849
00297801,WAKE FOREST UNIV - SCH OF MEDICINE      ,NC,27157-1090,Private      ,21,41,62,183,1207,1390
00297803,WAKE FOREST GRAD SCHOOLS OF BUSINESS    ,NC,27109-7659,Private      ,11,60,71,70,877,947
00297805,WAKE FOREST UNIV - SCH OF LAW           ,NC,27109-7206,Private      ,6,32,38,57,1648,1705
00297806,WAKE FOREST UNIV - GRAD A&S/DIVINITY    ,NC,27109-7246,Private      ,7,59,66,65,697,762
00297900,WARREN WILSON COLLEGE                   ,NC,28815-0000,Private      ,52,53,105,1270,553,1823
00298000,WAYNE COMMUNITY COLLEGE                 ,NC,27533-0000,Public       ,137,478,615,1590,3660,5250
00298100,WESTERN CAROLINA UNIVERSITY             ,NC,28723-9731,Public       ,421,336,757,10395,4639,15034
00298200,WESTERN PIEDMONT COMMUNITY COLLEGE      ,NC,28655-4504,Public       ,84,315,399,1268,2503,3771
00298300,WILKES COMMUNITY COLLEGE                ,NC,28697-2100,Public       ,140,254,394,1282,1880,3162
00298400,UNIVERSITY OF N C-WILMINGTON            ,NC,28403-3297,Public       ,697,468,1165,16194,6588,22782
00298500,WINGATE UNIVERSITY                      ,NC,28174-0159,Private      ,178,78,256,3902,1229,5131
00298600,WINSTON-SALEM STATE UNIVERSITY          ,NC,27102-0000,Public       ,303,548,851,8738,6397,15135
00398100,UNC SCHOOL OF THE ARTS                  ,NC,27127-2188,Public       ,81,59,140,1545,603,2148
00403300,ASHEVILLE BUNCOMBE TECH CMTY CLG        ,NC,28801-4897,Public       ,272,961,1233,2877,6968,9845
00406200,PITT COMMUNITY COLLEGE                  ,NC,28590-0000,Public       ,382,956,1338,5005,8200,13205
00483500,CALDWELL COMMUNITY CLG & TECH INST      ,NC,28638-2626,Public       ,168,442,610,1932,3763,5695
00483800,GUILFORD TECHNICAL COMMUNITY CLG        ,NC,27282-0309,Public       ,600,1928,2528,7856,17424,25280
00484400,WAKE TECHNICAL COMMUNITY COLLEGE        ,NC,27603-5696,Public       ,840,2336,3176,9281,18065,27346
00484500,WILSON COMMUNITY COLLEGE                ,NC,27893-3310,Public       ,96,330,426,775,2442,3217
00499201,MILLER-MOTTE TECHNICAL COLLEGE - MILLER-,NC,27511-9209,Proprietary  ,15,116,131,148,820,968
00499202,MILLER-MOTTE TECHNICAL COLLEGE - MILLER-,NC,27604-6072,Proprietary  ,69,297,366,490,1928,2418
00499203,MILLER-MOTTE TECHNICAL COLLEGE - FAYETTE,NC,28311-7651,Proprietary  ,53,312,365,471,2519,2990
00499205,MILLER-MOTTE TECHNICAL COLLEGE - MILLER-,NC,28540-5901,Proprietary  ,25,179,204,171,1230,1401
00531600,COASTAL CAROLINA COMMUNITY COLLEGE      ,NC,28546-6816,Public       ,160,821,981,1756,5636,7392
00531700,FORSYTH TECHNICAL COMMUNITY COLLEGE     ,NC,27103-5197,Public       ,396,1370,1766,4622,11342,15964
00531800,CATAWBA VALLEY COMMUNITY COLLEGE        ,NC,28602-8302,Public       ,188,603,791,2704,4659,7363
00532000,CAPE FEAR COMMUNITY COLLEGE             ,NC,28401-3910,Public       ,495,1141,1636,5094,8073,13167
00544700,RANDOLPH COMMUNITY COLLEGE              ,NC,27204-1009,Public       ,103,462,565,1261,3023,4284
00544800,DURHAM TECHNICAL CMNTY COLLEGE          ,NC,27703-5023,Public       ,233,900,1133,2318,7235,9553
00544900,CENTRAL CAROLINA COMMUNITY COLLEGE      ,NC,27330-9000,Public       ,171,663,834,1694,4900,6594
00546300,ALAMANCE COMMUNITY COLLEGE              ,NC,27253-0000,Public       ,176,603,779,1986,4382,6368
00546400,RICHMOND COMMUNITY COLLEGE              ,NC,28345-4522,Public       ,72,259,331,907,2583,3490
00575400,ROWAN-CABARRUS COMMUNITY COLLEGE        ,NC,28146-8357,Public       ,260,876,1136,2649,6394,9043
00647700,CABARRUS COLLEGE OF HEALTH SCIENCES     ,NC,28025-0000,Private      ,30,127,157,398,1112,1510
00647800,MERCY HOSP SCH OF NURSING               ,NC,28207-0000,Public       ,26,165,191,281,1183,1464
00648300,WATTS SCHOOL OF NURSING                 ,NC,27704-0000,Private      ,11,48,59,114,489,603
00679900,CRAVEN COMMUNITY COLLEGE                ,NC,28562-0000,Public       ,95,513,608,1061,3847,4908
00703100,PAMLICO COMMUNITY COLLEGE               ,NC,28529-0000,Public       ,6,47,53,93,389,482
00764000,FAYETTEVILLE TECHNICAL CMTY COLLEGE     ,NC,28303-0236,Public       ,439,2225,2664,4511,17061,21572
00768700,JAMES SPRUNT COMMUNITY COLLEGE          ,NC,28349-0398,Public       ,31,181,212,522,1628,2150
00781400,BROOKSTONE COLLEGE OF BUSINESS          ,NC,28262-1294,Proprietary  ,17,118,135,143,682,825
00781401,BROOKSTONE COLLEGE OF BUSINESS          ,NC,27409-0000,Proprietary  ,17,82,99,119,542,661
00789200,SAMPSON COMMUNITY COLLEGE               ,NC,28328-0000,Public       ,43,168,211,610,1583,2193
00798500,SOUTH PIEDMONT COMMUNITY COLLEGE        ,NC,28135-9703,Public       ,103,340,443,996,2456,3452
00798600,HALIFAX COMMUNITY COLLEGE               ,NC,27890-0089,Public       ,56,193,249,671,1636,2307
00798700,BLADEN COMMUNITY COLLEGE                ,NC,28332-0266,Public       ,53,187,240,686,1984,2670
00798800,MARTIN COMMUNITY COLLEGE                ,NC,27892-8307,Public       ,32,124,156,368,896,1264
00808100,CARTERET COMMUNITY COLLEGE              ,NC,28557-2989,Public       ,84,269,353,711,1928,2639
00808200,CLEVELAND COMMUNITY COLLEGE             ,NC,28150-0000,Public       ,109,391,500,1176,3048,4224
00808300,HAYWOOD COMMUNITY COLLEGE               ,NC,28721-0000,Public       ,62,205,267,694,1735,2429
00808500,MCDOWELL TECHNICAL COMMUNITY CLG        ,NC,28752-8728,Public       ,37,151,188,415,1124,1539
00808700,MONTGOMERY COMMUNITY COLLEGE            ,NC,27371-0787,Public       ,27,118,145,357,885,1242
00846600,SOUTHWESTERN COMMUNITY COLLEGE          ,NC,28779-8581,Public       ,61,204,265,1011,1958,2969
00855700,NASH COMMUNITY COLLEGE                  ,NC,27804-0488,Public       ,114,432,546,1445,3582,5027
00855800,BEAUFORT COUNTY COMMUNITY COLLEGE       ,NC,27889-7889,Public       ,91,280,371,736,2136,2872
00861200,ROBESON COMMUNITY COLLEGE               ,NC,28359-2151,Public       ,119,421,540,1401,3943,5344
00861300,ROANOKE-CHOWAN COMMUNITY COLLEGE        ,NC,27910-9522,Public       ,27,127,154,371,943,1314
00885500,EDGECOMBE COMMUNITY COLLEGE             ,NC,27886-9399,Public       ,92,427,519,956,3777,4733
00902500,EMPIRE BEAUTY SCHOOL                    ,NC,28105-2508,Proprietary  ,25,90,115,219,636,855
00933600,JOHNSTON COMMUNITY COLLEGE              ,NC,27577-0000,Public       ,165,532,697,1853,4272,6125
00943000,TRI-COUNTY COMMUNITY COLLEGE            ,NC,28906-7919,Public       ,35,116,151,416,1022,1438
00964600,PIEDMONT COMMUNITY COLLEGE              ,NC,27573-1197,Public       ,47,183,230,585,1517,2102
00968400,BLUE RIDGE COMMUNITY COLLEGE            ,NC,28731-9624,Public       ,79,257,336,846,1778,2624
00974701,GORDON-CONWELL THEO SEM - CHARLOTTE     ,NC,28273-0000,Private      ,1,41,42,12,363,375
00990300,VANCE-GRANVILLE CMTY COLLEGE            ,NC,27536-0917,Public       ,118,499,617,1440,3700,5140
01026400,SOUTH COLLEGE                           ,NC,28803-3152,Proprietary  ,18,126,144,141,798,939
01119400,STANLY COMMUNITY COLLEGE                ,NC,28001-7458,Public       ,87,306,393,1020,2779,3799
01119700,MAYLAND COMMUNITY COLLEGE               ,NC,28777-2777,Public       ,39,98,137,499,773,1272
01179900,PAUL MITCHELL THE SCHOOL FAYETTEVILLE   ,NC,28303-5364,Proprietary  ,33,104,137,274,753,1027
01192600,LEON'S BEAUTY SCHOOL                    ,NC,27403-2812,Proprietary  ,16,65,81,183,487,670
01303918,SOUTH UNIVERSITY - THE ART INSTITUTE OF ,NC,28217-4536,Proprietary  ,315,266,581,3095,2651,5746
02056500,MITCHELL'S HAIR STYLING ACADEMY         ,NC,27893-0000,Proprietary  ,8,12,20,38,121,159
02056501,MITCHELL'S HAIR STYLING ACADEMY - MITCHE,NC,27606-3326,Proprietary  ,10,58,68,113,362,475
02158414,HARRISON COLLEGE - THE CHEF'S ACADEMY - ,NC,27560-0000,Proprietary  ,14,39,53,93,229,322
02170700,BRUNSWICK COMMUNITY COLLEGE             ,NC,28422-0000,Public       ,76,191,267,740,1366,2106
02205000,COLLEGE OF WILMINGTON                   ,NC,28403-0000,Proprietary  ,29,71,100,221,506,727
02210400,FAYETTEVILLE BEAUTY COLLEGE             ,NC,28303-0000,Proprietary  ,24,70,94,133,476,609
02227800,MITCHELL'S HAIR STYLING ACADEMY         ,NC,27534-0000,Proprietary  ,1,21,22,35,101,136
02227900,MITCHELL'S HAIR STYLING ACADEMY         ,NC,27858-0000,Proprietary  ,4,19,23,59,135,194
02280900,MID-ATLANTIC CHRISTIAN UNIVERSITY       ,NC,27909-0000,Private      ,6,20,26,174,173,347
02326203,KAPLAN CAREER INSTITUTE - KAPLAN COLLEGE,NC,28212-6830,Proprietary  ,45,319,364,351,2119,2470
02558900,CHEVEUX SCHOOL OF HAIR DESIGN           ,NC,28540-0000,Proprietary  ,1,18,19,13,101,114
02560600,PINNACLE INSTITUTE OF COSMETOLOGY       ,NC,28115-8020,Proprietary  ,12,21,33,65,105,170
02614201,MILLER-MOTTE BUSINESS COLLEGE           ,NC,28403-0000,Proprietary  ,61,498,559,496,3537,4033
02614205,MILLER - MOTTE TECHNICAL COLLEGE - MILLE,NC,27834-5052,Proprietary  ,29,189,218,344,1274,1618
03009500,WINSTON-SALEM BARBER SCHOOL             ,NC,27107-0000,Proprietary  ,11,30,41,87,225,312
03064400,REGENCY BEAUTY INSTITUTE                ,NC,27127-0000,Proprietary  ,20,50,70,132,375,507
03089300,HERITAGE BIBLE COLLEGE                  ,NC,28335-0000,Private      ,4,6,10,30,98,128
03104200,CAROLINAS COLLEGE OF HEALTH SCIENCE     ,NC,28232-2861,Public       ,52,239,291,511,1928,2439
03109000,LIVING ARTS COLLEGE                     ,NC,27614-7076,Proprietary  ,95,109,204,662,873,1535
03361300,MEDICAL ARTS MASSAGE SCHOOL             ,NC,27616-6453,Proprietary  ,12,73,85,80,493,573
03513400,APEX SCHOOL OF THEOLOGY                 ,NC,27703-8024,Private      ,11,99,110,31,1056,1087
03555300,SOUTHEASTERN INSTITUTE                  ,NC,28217-0000,Proprietary  ,22,134,156,162,853,1015
03555400,SOUTHEASTERN SCHOOL OF NEUROMUSCULAR  MA,NC,29406-0000,Proprietary  ,8,46,54,51,195,246
03570300,CAROLINA CHRISTIAN COLLEGE              ,NC,27105-3241,Private      ,3,39,42,44,218,262
03663300,HOOD THEOLOGICAL SEMINARY               ,NC,28144-5768,Private      ,0,21,21,5,257,262
03748500,LA SHE'S BEAUTY ACADEMY                 ,NC,27707-3569,Proprietary  ,5,22,27,45,192,237
03777300,PAUL MITCHELL THE SCHOOL GASTONIA       ,NC,28054-0460,Proprietary  ,46,88,134,209,444,653
03827300,NEW LIFE THEOLOGICAL SEMINARY           ,NC,28205-1648,Private      ,2,38,40,14,327,341
04073300,JUNG TAO SCHOOL OF CLASSICAL CHINESE MED,NC,28679-9657,Private      ,0,5,5,1,66,67
04098300,TECHSKILLS - CHARLOTTE                  ,NC,28217-0000,Proprietary  ,0,0,0,82,355,437
04101300,CAROLINA SCHOOL OF BROADCASTING         ,NC,28214-8085,Proprietary  ,14,77,91,154,483,637
04115700,REGINA'S COLLEGE OF BEAUTY              ,NC,28110-2831,Proprietary  ,6,51,57,44,282,326
04120300,"FILA ACADEMY, THE                       ",NC,27265-3114,Proprietary  ,2,32,34,33,212,245
04129400,CENTER FOR MASSAGE & NATURAL HEALTH     ,NC,28787-8331,Proprietary  ,2,15,17,20,120,140
04140700,AVEDA INSTITUTE CHAPEL HILL             ,NC,27516-2559,Proprietary  ,27,54,81,197,321,518
04143500,CHARLOTTE SCHOOL OF LAW                 ,NC,28208-2816,Proprietary  ,13,141,154,95,2957,3052
04146400,DAOIST TRADITIONS COLLEGE OF CHINESE MED,NC,28801-1060,Proprietary  ,0,19,19,7,155,162
04149300,PARK WEST BARBER SCHOOL                 ,NC,27701-4022,Proprietary  ,29,120,149,164,747,911
04154200,CAROLINA COLLEGE OF BIBLICAL STUDIES    ,NC,29303-5157,Private      ,1,31,32,32,329,361
04172800,BODY THERAPY INSTITUTE                  ,NC,27344-6728,Proprietary  ,4,20,24,23,138,161
04173000,SHEPHERDS THEOLOGICAL SEMINARY          ,NC,27518-9316,Private      ,1,2,3,2,41,43
04173700,GRACE COLLEGE OF DIVINITY               ,NC,28314-2343,Private      ,4,21,25,37,146,183
04178100,CAROLINA COLLEGE OF HAIR DESIGN         ,NC,28802-1232,Proprietary  ,7,25,32,59,164,223
04204700,PAUL MITCHELL THE SCHOOL RALEIGH        ,NC,27612-7358,Proprietary  ,22,37,59,145,269,414
04206500,MYCOMPUTERCAREER.COM                    ,NC,27606-3365,Proprietary  ,14,244,258,23,405,428
00298800,BISMARCK STATE COLLEGE                  ,ND,58501-1299,Public       ,71,180,251,2030,1749,3779
00298900,DICKINSON STATE UNIVERSITY              ,ND,58601-4896,Public       ,27,46,73,1047,696,1743
00299000,JAMESTOWN COLLEGE                       ,ND,58405-3401,Private      ,26,16,42,1031,168,1199
00299100,LAKE REGION STATE COLLEGE               ,ND,58301-1598,Public       ,26,63,89,467,485,952
00299200,UNIVERSITY OF MARY                      ,ND,58504-9652,Private      ,30,201,231,1698,1807,3505
00299300,MAYVILLE STATE UNIVERSITY               ,ND,58257-1299,Public       ,18,23,41,716,335,1051
00299400,MINOT STATE UNIVERSITY                  ,ND,58707-0001,Public       ,41,150,191,1686,1496,3182
00299500,DAKOTA COLLEGE AT BOTTINEAU             ,ND,58318-1159,Public       ,13,33,46,288,275,563
00299600,NORTH DAKOTA STATE CLG OF SCIENCE       ,ND,58076-0002,Public       ,53,75,128,1764,940,2704
00299700,NORTH DAKOTA STATE UNIVERSITY           ,ND,58108-6050,Public       ,229,239,468,10521,3511,14032
00300500,UNIVERSITY OF NORTH DAKOTA              ,ND,58202-8193,Public       ,210,446,656,9219,5923,15142
00300700,WILLISTON STATE COLLEGE                 ,ND,58802-1326,Public       ,23,44,67,337,417,754
00300800,VALLEY CITY STATE UNIVERSITY            ,ND,58072-0000,Public       ,16,30,46,813,423,1236
00775600,JOSEF'S SCHOOL OF HAIR DESIGN INC       ,ND,58102-4977,Proprietary  ,10,26,36,69,108,177
00869408,RASMUSSEN COLLEGE - FARGO               ,ND,58103-7196,Proprietary  ,15,98,113,198,903,1101
00869415,RASMUSSEN COLLEGE - BISMARCK            ,ND,58503-0000,Proprietary  ,8,45,53,64,367,431
00935400,MEDCENTER ONE COLLEGE OF NURSING        ,ND,58501-4494,Private      ,3,10,13,110,103,213
01040600,JOSEF'S SCHOOL OF HAIR DESIGN           ,ND,58201-6394,Proprietary  ,10,25,35,66,103,169
01205900,TRINITY BIBLE COLLEGE                   ,ND,58436-7150,Private      ,3,5,8,189,102,291
01229500,JZ TREND ACADEMY PAUL MITCHELL PARTNER S,ND,58501-0000,Proprietary  ,7,8,15,63,68,131
02188200,SITTING BULL COLLEGE                    ,ND,58538-9701,Public       ,4,24,28,85,370,455
02236500,LITTLE HOOP COMMUNITY COLLEGE           ,ND,58335-0000,Public       ,7,9,16,42,215,257
02242900,UNITED TRIBES TECHNICAL COLLEGE         ,ND,58504-0000,Private      ,25,84,109,268,870,1138
02298200,HEADQUARTERS ACADEMY OF HAIR DESIGN     ,ND,58701-0000,Proprietary  ,3,15,18,17,66,83
02301100,TURTLE MTN CMNTY COLG-FIN AID OFC       ,ND,58316-0000,Private      ,12,54,66,249,535,784
02553700,FORT BERTHOLD COMMUNITY COLLEGE         ,ND,58763-0000,Public       ,2,14,16,51,165,216
03087200,MOLER BARBER CLG OF HAIRSTYLING         ,ND,58103-0000,Proprietary  ,1,7,8,6,26,32
04031300,SALON PROFESSIONAL ACADEMY (THE)        ,ND,58103-3337,Proprietary  ,6,15,21,88,105,193
04139400,HAIR ACADEMY (THE)                      ,ND,58501-4929,Proprietary  ,4,8,12,45,48,93
00301005,ANTIOCH UNIV/SEATTLE                    ,WA,98121-0000,Private      ,8,131,139,156,1621,1777
00376900,BELLEVUE COLLEGE                        ,WA,98007-6484,Public       ,459,1023,1482,6171,9139,15310
00377000,BIG BEND COMMUNITY COLLEGE              ,WA,98837-3299,Public       ,91,271,362,1208,2059,3267
00377100,"CENTRAL WASHINGTON UNIV., FIN AID       ",WA,98926-7495,Public       ,574,429,1003,13425,6712,20137
00377200,CENTRALIA COLLEGE                       ,WA,98531-4099,Public       ,89,312,401,1400,2670,4070
00377300,CLARK COLLEGE                           ,WA,98663-3598,Public       ,539,1360,1899,6204,12026,18230
00377400,COLUMBIA BASIN COLLEGE                  ,WA,99301-3379,Public       ,240,642,882,3721,5355,9076
00377500,EASTERN WASHINGTON UNIVERSITY           ,WA,99004-2447,Public       ,497,438,935,13552,8460,22012
00377600,EVERETT COMMUNITY COLLEGE               ,WA,98201-1352,Public       ,347,983,1330,3937,8057,11994
00377700,HERITAGE UNIVERSITY                     ,WA,98948-9562,Private      ,29,107,136,740,1831,2571
00377800,GONZAGA UNIVERSITY                      ,WA,99258-0083,Private      ,300,298,598,9154,4814,13968
00377900,GRAYS HARBOR COLLEGE                    ,WA,98520-7599,Public       ,69,264,333,853,2013,2866
00378000,GREEN RIVER COMMUNITY COLLEGE           ,WA,98092-3622,Public       ,361,919,1280,4051,6921,10972
00378100,HIGHLINE COMMUNITY COLLEGE              ,WA,98198-9800,Public       ,334,909,1243,4163,7529,11692
00378200,LOWER COLUMBIA COLLEGE                  ,WA,98632-0310,Public       ,127,472,599,1426,3845,5271
00378300,NORTHWEST UNIVERSITY                    ,WA,98083-0000,Private      ,79,111,190,1594,1285,2879
00378400,OLYMPIC COLLEGE                         ,WA,98337-1600,Public       ,237,829,1066,2577,6819,9396
00378500,PACIFIC LUTHERAN UNIVERSITY             ,WA,98447-0003,Private      ,172,244,416,5596,2760,8356
00378600,PENINSULA COLLEGE                       ,WA,98362-6660,Public       ,92,296,388,752,2148,2900
00378700,SEATTLE CENTRAL COMMUNITY COLLEGE       ,WA,98122-2413,Public       ,356,1178,1534,4400,9448,13848
00378703,SEATTLE VOCATIONAL INSTITUTE            ,WA,98144-0000,Public       ,25,164,189,238,1092,1330
00378800,SEATTLE PACIFIC UNIVERSITY              ,WA,98119-1997,Private      ,327,246,573,8379,3620,11999
00379000,SEATTLE UNIVERSITY                      ,WA,98122-1090,Private      ,429,493,922,10742,8072,18814
00379100,SHORELINE COMMUNITY COLLEGE             ,WA,98133-5696,Public       ,245,689,934,3137,6209,9346
00379200,SKAGIT VALLEY COLLEGE                   ,WA,98273-5899,Public       ,145,489,634,2086,4047,6133
00379300,SPOKANE COMMUNITY COLLEGE               ,WA,99207-5399,Public       ,369,1330,1699,5300,12617,17917
00379400,ST MARTIN'S UNIVERSITY                  ,WA,98503-7500,Private      ,48,109,157,1735,1485,3220
00379600,TACOMA COMMUNITY COLLEGE                ,WA,98466-6100,Public       ,406,1416,1822,4913,12593,17506
00379700,UNIVERSITY OF PUGET SOUND               ,WA,98416-1039,Private      ,203,271,474,5801,2471,8272
00379800,UNIVERSITY OF WASHINGTON                ,WA,98195-5880,Public       ,1655,1864,3519,37799,33186,70985
00379900,WALLA WALLA UNIVERSITY                  ,WA,99324-1198,Private      ,60,36,96,2037,912,2949
00380000,WASHINGTON STATE UNIVERSITY             ,WA,99164-1035,Public       ,1064,952,2016,28374,15509,43883
00380100,WENATCHEE VALLEY COLLEGE                ,WA,98801-1799,Public       ,157,377,534,1997,3307,5304
00380200,WESTERN WASHINGTON UNIVERSITY           ,WA,98225-5946,Public       ,716,383,1099,19556,5813,25369
00380300,WHITMAN COLLEGE                         ,WA,99362-2067,Private      ,91,21,112,2954,207,3161
00380400,WHITWORTH UNIVERSITY                    ,WA,99251-0001,Private      ,149,137,286,5337,1816,7153
00380500,YAKIMA VALLEY COMMUNITY COLLEGE         ,WA,98907-2520,Public       ,186,471,657,3632,5500,9132
00499900,BELLINGHAM TECHNICAL COLLEGE            ,WA,98225-0000,Public       ,125,378,503,1290,3617,4907
00500000,PIERCE COLLEGE                          ,WA,98498-1919,Public       ,337,1189,1526,4261,10042,14303
00500100,EDMONDS COMMUNITY COLLEGE               ,WA,98036-5999,Public       ,258,797,1055,3255,6493,9748
00500600,WALLA WALLA COMMUNITY COLLEGE           ,WA,99362-9267,Public       ,113,362,475,2066,3160,5226
00530600,BATES TECHNICAL COLLEGE                 ,WA,98405-0000,Public       ,134,833,967,1419,5219,6638
00537200,SOUTH PUGET SOUND COMMUNITY COLLEGE     ,WA,98512-6292,Public       ,257,755,1012,2707,6255,8962
00537300,LAKE WASHINGTON TECHNICAL COLLEGE       ,WA,98034-8505,Public       ,93,380,473,1078,3457,4535
00575200,CLOVER PARK TECHNICAL COLLEGE           ,WA,98499-0000,Public       ,163,856,1019,1867,7266,9133
00815500,EVERGREEN STATE COLLEGE (THE)           ,WA,98505-0002,Public       ,221,365,586,4352,5005,9357
00907901,EVEREST COLLEGE                         ,WA,98684-6950,Proprietary  ,32,163,195,266,927,1193
00938700,PERRY TECHNICAL INSTITUTE               ,WA,98903-1239,Private      ,80,180,260,860,1261,2121
00954400,SPOKANE FALLS COMMUNITY COLLEGE         ,WA,99224-5204,Public       ,352,994,1346,5356,8885,14241
00970400,NORTH SEATTLE COMMUNITY COLLEGE         ,WA,98103-3599,Public       ,188,855,1043,2501,6895,9396
00970600,SOUTH SEATTLE COMMUNITY COLLEGE         ,WA,98106-1499,Public       ,194,737,931,2896,6066,8962
00973900,GLEN DOW ACAD OF HAIR DESIGN            ,WA,99201-0209,Proprietary  ,17,37,54,166,332,498
01036400,WHATCOM COMMUNITY COLLEGE               ,WA,98226-8003,Public       ,172,458,630,2713,4180,6893
01043400,RENTON TECHNICAL COLLEGE                ,WA,98056-0000,Public       ,132,533,665,1328,4151,5479
01148100,DIVERS INSTITUTE OF TECHNOLOGY          ,WA,98107-0000,Proprietary  ,41,124,165,211,658,869
01231500,CORNISH COLLEGE OF THE ARTS             ,WA,98121-4604,Private      ,85,65,150,1837,658,2495
01249600,"BEAUTIWORKS SEATTLE, LLC                ",WA,98133-5615,Proprietary  ,4,18,22,54,107,161
01302200,CITY UNIVERSITY OF SEATTLE              ,WA,98005-3030,Private      ,29,222,251,262,2392,2654
01309400,BELLINGHAM BEAUTY SCHOOL                ,WA,98225-0000,Proprietary  ,4,23,27,62,170,232
02105300,EVERGREEN BEAUTY AND BARBER COLLEGE     ,WA,98007-3722,Proprietary  ,14,51,65,109,311,420
02106700,TRINITY LUTHERAN COLLEGE                ,WA,98201-3569,Private      ,17,15,32,288,165,453
02180000,NORTHWEST INDIAN COLLEGE                ,WA,98226-9278,Public       ,25,121,146,243,949,1192
02184200,PAROBA COLLEGE OF COSMETOLOGY           ,WA,98208-0000,Proprietary  ,14,39,53,71,226,297
02202200,STYLEMASTERS COLLEGE OF HAIR DESIGN     ,WA,98632-0000,Proprietary  ,7,34,41,49,182,231
02203300,GENE JUAREZ ACADEMY OF BEAUTY           ,WA,98125-0000,Proprietary  ,42,117,159,514,811,1325
02222900,INTERNATIONAL AIR & HOSPITALITY ACADEMY ,WA,98661-4835,Proprietary  ,67,189,256,424,811,1235
02236800,PROFESSIONAL BEAUTY SCHOOL              ,WA,98902-0000,Proprietary  ,7,8,15,59,131,190
02242500,BASTYR UNIVERSITY                       ,WA,98028-0000,Private      ,18,96,114,245,1726,1971
02291300,ART INSTITUTE OF SEATTLE                ,WA,98121-1622,Proprietary  ,292,392,684,2959,2972,5931
02300100,EVEREST COLLEGE                         ,WA,98367-1835,Proprietary  ,26,104,130,170,714,884
02300103,EVEREST COLLEGE - EVERETT               ,WA,98208-2610,Proprietary  ,31,197,228,346,1173,1519
02300104,EVEREST COLLEGE - TACOMA                ,WA,98402-3004,Proprietary  ,65,405,470,628,2483,3111
02326500,INTERFACE COLLEGE                       ,WA,99201-4326,Proprietary  ,7,58,65,69,399,468
02331400,NORTHWEST HAIR ACADEMY                  ,WA,98273-0000,Proprietary  ,3,22,25,67,130,197
02331402,NORTHWEST HAIR ACADEMY - EVERETT        ,WA,98204-0000,Proprietary  ,4,19,23,58,152,210
02504900,ACADEMY OF HAIR DESIGN (THE)            ,WA,98801-0000,Proprietary  ,6,21,27,58,157,215
02541900,BJ'S BEAUTY AND BARBER COLLEGE          ,WA,98409-0000,Proprietary  ,20,85,105,104,454,558
02602100,NORTHWEST COLLEGE OF ART                ,WA,98370-8625,Proprietary  ,10,12,22,193,88,281
02606200,EVEREST COLLEGE                         ,WA,98055-2990,Proprietary  ,34,168,202,296,1037,1333
02617500,EVEREST COLLEGE                         ,WA,98133-9018,Proprietary  ,64,357,421,497,1514,2011
02617503,EVEREST COLLEGE - VANCOUVER             ,WA,98684-6951,Proprietary  ,0,0,0,108,398,506
03031406,INTERNATIONAL ACADEMY OF DESIGN & TECH  ,WA,98188-3319,Proprietary  ,42,86,128,335,655,990
03065000,CLARE'S BEAUTY COLLEGE                  ,WA,99301-0000,Proprietary  ,10,26,36,99,195,294
03071800,ITT TECHNICAL INSTITUTE                 ,WA,99216-1589,Proprietary  ,66,355,421,567,2261,2828
03071805,ITT TECHNICAL INSTITUTE - SEATTLE       ,WA,98168-3346,Proprietary  ,108,475,583,659,2347,3006
03099000,CORTIVA INSTITUTE - SEATTLE             ,WA,98109-5474,Proprietary  ,22,79,101,125,501,626
03110800,BAKKE GRADUATE UNIVERSITY               ,WA,98104-1222,Private      ,1,17,18,15,74,89
03139500,MONTESSORI SCHOOLS OF WASHINGTON        ,WA,98203-6600,Private      ,1,10,11,8,39,47
03280300,SEATTLE INST OF ORIENTAL MEDICINE       ,WA,98115-0000,Proprietary  ,4,27,31,51,218,269
03283300,NORTHWEST HVAC/R ASSOCIATION & TRAINING ,WA,99202-0000,Private      ,1,32,33,33,175,208
03466400,SEATTLE SCHOOL OF THEOLOGY AND PSYCHOLOG,WA,98121-1177,Private      ,14,46,60,29,404,433
03483500,CASCADIA COMMUNITY COLLEGE              ,WA,98011-9510,Public       ,128,210,338,1562,1898,3460
03490400,EMIL FRIES PIANO HOSPITAL & TRAININ     ,WA,98661-4323,Private      ,2,11,13,14,55,69
03689400,FAITH EVANGELICAL COLLEGE & SEMINARY    ,WA,98407-2607,Private      ,2,51,53,32,431,463
03724300,DIGIPEN INSTITUTE OF TECHNOLOGY         ,WA,98052-5170,Proprietary  ,66,48,114,1113,605,1718
03917300,EVERGREEN BEAUTY AND BARBER COLLEGE     ,WA,98208-3759,Proprietary  ,18,60,78,108,353,461
03932500,TOTAL COSMETOLOGY TRAINING CENTER       ,WA,99217-6231,Proprietary  ,12,50,62,98,345,443
03953300,YAKIMA BEAUTY SCHOOL                    ,WA,98901-2202,Proprietary  ,9,8,17,67,152,219
04120000,SUNNYSIDE BEAUTY ACADEMY                ,WA,98944-8711,Proprietary  ,2,8,10,31,50,81
04127200,VICTORIA'S ACADEMY OF COSMETOLOGY       ,WA,99336-3826,Proprietary  ,11,31,42,101,224,325
04130500,PACIFIC NORTHWEST UNIV OF HEALTH SCIENCE,WA,98901-1471,Private      ,7,16,23,84,552,636
04130800,CASCADE BEAUTY COLLEGE                  ,WA,98002-5504,Proprietary  ,6,33,39,47,157,204
04132800,INLAND MASSAGE INSTITUTE                ,WA,99218-5016,Proprietary  ,9,32,41,83,215,298
04135200,NORTHWEST AVIATION COLLEGE              ,WA,98002-1609,Proprietary  ,0,0,0,29,88,117
04149400,GARY MANUEL AVEDA INSTITUTE             ,WA,98122-3807,Proprietary  ,35,63,98,231,485,716
04149600,GP INSTITUTE OF COSMETOLOGY             ,WA,98118-2353,Proprietary  ,6,29,35,45,158,203
04155000,NORTHWEST SCHOOL OF WOODEN BOAT BUILDING,WA,98339-8706,Private      ,0,7,7,10,68,78
04161200,BAINBRIDGE GRADUATE INSTITUTE           ,WA,98110-2870,Private      ,0,20,20,2,177,179
04170100,SALON PROFESSIONAL ACADEMY (THE)        ,WA,98409-7360,Proprietary  ,28,90,118,192,434,626
04172900,ACADEMY OF COSMETOLOGY                  ,WA,99354-2651,Proprietary  ,5,23,28,65,140,205
04188900,NORTHWEST INSTITUTE OF LITERARY ARTS    ,WA,98249-0000,Private      ,0,6,6,10,44,54
04191900,PAUL MITCHELL THE SCHOOL SPOKANE        ,WA,99037-5041,Proprietary  ,29,70,99,262,396,658
00340100,BROWN UNIVERSITY                        ,RI,02912-9127,Private      ,563,78,641,19160,990,20150
00340101,BROWN UNIVERSITY - GRADUATE SCHOOL      ,RI,02912-1827,Private      ,4,178,182,65,1614,1679
00340102,BROWN MEDICAL SCHOOL                    ,RI,02912-0000,Private      ,6,9,15,70,564,634
00340200,BRYANT UNIVERSITY                       ,RI,02917-1284,Private      ,163,46,209,5648,653,6301
00340400,JOHNSON & WALES UNIVERSITY              ,RI,02903-3703,Private      ,627,435,1062,21468,5718,27186
00340600,PROVIDENCE COLLEGE                      ,RI,02918-0001,Private      ,242,112,354,8462,1112,9574
00340700,RHODE ISLAND COLLEGE                    ,RI,02908-1991,Public       ,202,322,524,8601,5104,13705
00340800,COMMUNITY COLLEGE OF RI - WARWICK       ,RI,02906-0000,Public       ,624,1288,1912,10193,12973,23166
00340900,RHODE ISLAND SCHOOL OF DESIGN           ,RI,02903-2784,Private      ,124,88,212,3067,1522,4589
00341000,ROGER WILLIAMS UNIVERSITY               ,RI,02809-2921,Private      ,232,73,305,8740,1894,10634
00341100,SALVE REGINA UNIVERSITY                 ,RI,02840-4192,Private      ,116,43,159,4677,567,5244
00341400,UNIVERSITY OF RHODE ISLAND              ,RI,02881-0000,Public       ,612,258,870,24217,4903,29120
00659100,ST. JOSEPH HOSP SCH OF NURSING          ,RI,02904-5199,Private      ,6,24,30,98,331,429
00784500,NEW ENGLAND INSTITUTE OF TECHNOLOGY     ,RI,02886-0000,Private      ,175,362,537,2666,3246,5912
01115900,"SAWYER SCHOOL,THE                       ",RI,02860-4117,Proprietary  ,28,151,179,246,1216,1462
01164702,SBI CAMPUS - AN AFFILIATE OF SANFORD-BRO,RI,02920-7807,Proprietary  ,10,36,46,180,632,812
02071900,ARTHUR ANGELO SCH COSMET&HAIR DSGN      ,RI,02903-0000,Proprietary  ,12,32,44,83,230,313
02176900,WARWICK ACADEMY OF BEAUTY CULTURE       ,RI,02886-1534,Proprietary  ,7,18,25,78,126,204
02584400,NEW ENGLAND TRACTOR TRAILER TRAINING SCH,RI,02860-1752,Proprietary  ,26,274,300,88,916,1004
03080000,NEWPORT SCHOOL OF HAIRDRESSING          ,RI,02860-4038,Proprietary  ,3,7,10,18,80,98
03232300,LINCOLN TECHNICAL INSTITUTE             ,RI,02865-4211,Proprietary  ,38,110,148,434,975,1409
03732300,INTERNATIONAL YACHT RESTORATION SCH     ,RI,02840-6720,Private      ,0,8,8,42,67,109
04141200,TONI & GUY HAIRDRESSING ACADEMY         ,RI,02920-0000,Proprietary  ,23,21,44,126,114,240
00341700,ALLEN UNIVERSITY                        ,SC,29204-1085,Private      ,45,86,131,1271,823,2094
00341800,ANDERSON UNIVERSITY                     ,SC,29621-4035,Private      ,87,131,218,3021,1545,4566
00341900,CHARLESTON SOUTHERN UNIVERSITY          ,SC,29406-2160,Private      ,158,264,422,4816,2964,7780
00342000,BENEDICT COLLEGE                        ,SC,29204-1086,Private      ,142,150,292,4915,2123,7038
00342100,BOB JONES UNIVERSITY                    ,SC,29614-1000,Proprietary  ,81,51,132,2795,545,3340
00342200,SOUTHERN WESLEYAN UNIVERSITY            ,SC,29630-1020,Private      ,28,158,186,898,1854,2752
00342300,THE CITADEL                             ,SC,29409-0002,Public       ,155,149,304,3325,1503,4828
00342400,CLAFLIN UNIVERSITY                      ,SC,29115-4498,Private      ,78,78,156,3023,1240,4263
00342500,CLEMSON UNIVERSITY                      ,SC,29634-0001,Public       ,637,328,965,20890,4686,25576
00342600,UNIV OF SC AT SUMTER                    ,SC,29150-2498,Public       ,48,104,152,1058,1018,2076
00342700,COKER COLLEGE                           ,SC,29550-3797,Private      ,48,76,124,1177,1049,2226
00342800,COLLEGE OF CHARLESTON                   ,SC,29424-0100,Public       ,494,324,818,13036,3914,16950
00342900,COLUMBIA INTERNATIONAL UNIVERSITY       ,SC,29203-1599,Private      ,16,97,113,700,991,1691
00343000,COLUMBIA COLLEGE                        ,SC,29203-5998,Private      ,54,147,201,1455,1854,3309
00343100,CONVERSE COLLEGE                        ,SC,29302-1931,Private      ,39,69,108,1185,828,2013
00343200,ERSKINE COLLEGE                         ,SC,29639-0000,Private      ,29,10,39,867,71,938
00343201,ERSKINE THEOLOGICAL SEMINARY            ,SC,29639-0000,Private      ,1,5,6,5,106,111
00343400,FURMAN UNIVERSITY                       ,SC,29613-5253,Private      ,174,77,251,4613,748,5361
00343500,LANDER UNIVERSITY                       ,SC,29649-2099,Public       ,122,90,212,4462,1166,5628
00343600,LIMESTONE COLLEGE                       ,SC,29340-3799,Private      ,40,250,290,1539,3604,5143
00343700,LUTHERAN THEOLOGICAL SOUTHERN SEM       ,SC,29203-5898,Private      ,1,11,12,4,179,183
00343800,MEDICAL UNIV OF SOUTH CAROLINA - FA     ,SC,29425-1760,Public       ,39,161,200,524,3842,4366
00343900,MORRIS COLLEGE                          ,SC,29150-3599,Private      ,50,45,95,1583,764,2347
00344000,NEWBERRY COLLEGE                        ,SC,29108-2197,Private      ,45,44,89,1762,455,2217
00344100,NORTH GREENVILLE COLLEGE                ,SC,29688-1892,Private      ,67,31,98,2763,550,3313
00344500,PRESBYTERIAN COLLEGE                    ,SC,29325-2503,Private      ,58,17,75,1766,355,2121
00344600,SOUTH CAROLINA STATE UNIVERSITY         ,SC,29117-4427,Public       ,171,199,370,6660,3379,10039
00344700,SPARTANBURG METHODIST COLLEGE           ,SC,29301-5899,Private      ,46,46,92,1563,374,1937
00344800,UNIVERSITY OF SOUTH CAROLINA            ,SC,29208-3999,Public       ,851,783,1634,30149,14033,44182
00344900,UNIVERSITY OF SOUTH CAROLINA AIKEN      ,SC,29801-6399,Public       ,115,152,267,3842,1875,5717
00345000,UNIV OF SC AT BEAUFORT                  ,SC,29902-0000,Public       ,68,151,219,2259,1496,3755
00345100,COASTAL CAROLINA UNIVERSITY             ,SC,29528-0000,Public       ,470,296,766,14553,3620,18173
00345300,UNIV OF SC AT LANCASTER                 ,SC,29721-0889,Public       ,70,108,178,1288,1011,2299
00345400,UNIV OF SC SYSTEM SALKEHATCHIE          ,SC,29810-0617,Public       ,45,98,143,822,1156,1978
00345500,VOORHEES COLLEGE                        ,SC,29042-0000,Private      ,31,42,73,1010,535,1545
00345600,WINTHROP UNIVERSITY                     ,SC,29733-0001,Public       ,201,239,440,6879,2831,9710
00345700,WOFFORD COLLEGE                         ,SC,29303-3663,Private      ,98,39,137,2766,315,3081
00399000,FLORENCE-DARLINGTON TECH COLLEGE        ,SC,29501-0548,Public       ,240,749,989,3687,7387,11074
00399100,GREENVILLE TECHNICAL COLLEGE            ,SC,29607-2439,Public       ,669,1609,2278,8890,14341,23231
00399200,PIEDMONT TECHNICAL COLLEGE              ,SC,29648-1467,Public       ,179,612,791,2906,6330,9236
00399300,MIDLANDS TECHNICAL COLLEGE              ,SC,29202-0000,Public       ,515,1395,1910,8264,13837,22101
00399400,SPARTANBURG COMMUNITY COLLEGE           ,SC,29305-4386,Public       ,238,668,906,3801,6215,10016
00399500,CENTRAL CAROLINA TECHNICAL COLLEGE      ,SC,29150-2499,Public       ,148,577,725,1972,5369,7341
00399600,YORK TECHNICAL COLLEGE                  ,SC,29730-3395,Public       ,288,768,1056,3169,6084,9253
00492000,TRIDENT TECHNICAL COLLEGE               ,SC,29423-8067,Public       ,774,2262,3036,7961,17736,25697
00492300,CLINTON JR COLLEGE                      ,SC,29730-5152,Private      ,12,31,43,225,193,418
00492400,FORREST JUNIOR COLLEGE                  ,SC,29624-2405,Proprietary  ,7,42,49,50,361,411
00492500,HORRY-GEORGETOWN TECH COLLEGE           ,SC,29526-9521,Public       ,386,997,1383,4493,8348,12841
00492600,TRI-COUNTY TECHNICAL COLLEGE            ,SC,29670-9133,Public       ,287,582,869,4666,5199,9865
00492700,UNIV OF SC AT UNION                     ,SC,29379-0729,Public       ,13,42,55,300,391,691
00499204,MILLER-MOTTE TECHNICAL COLLEGE - CONWAY ,SC,29526-9508,Proprietary  ,60,233,293,535,1685,2220
00536300,DENMARK TECHNICAL COLLEGE               ,SC,29042-0000,Public       ,71,159,230,1074,1987,3061
00681500,ORANGEBURG-CALHOUN TECHNICAL COLG       ,SC,29118-8299,Public       ,114,295,409,1836,3024,4860
00695100,UNIVERSITY OF SOUTH CAROLINA UPSTATE    ,SC,29303-9972,Public       ,208,299,507,7094,4011,11105
00760200,NORTHEASTERN TECHNICAL COLLEGE          ,SC,29520-7015,Public       ,51,163,214,735,1414,2149
00922600,FRANCIS MARION UNIVERSITY               ,SC,29501-0000,Public       ,153,223,376,5281,2533,7814
00932200,WILLIAMSBURG TECHNICAL COLLEGE          ,SC,29556-4197,Public       ,28,120,148,321,871,1192
00991000,TECHNICAL COLLEGE OF THE LOWCOUNTRY     ,SC,29902-5441,Public       ,114,442,556,1234,3480,4714
00991100,UNIV OF SC-REGIONAL CAMPUSES ADMIN      ,SC,29208-0001,Public       ,8,37,45,231,351,582
01005600,AIKEN TECHNICAL COLLEGE                 ,SC,29802-0696,Public       ,168,464,632,2035,3845,5880
01209200,KENNETH SHULER SCHOOL OF COSMETOLOGY    ,SC,29732-2169,Proprietary  ,16,53,69,182,488,670
01303907,SOUTH UNIVERSITY                        ,SC,29203-6400,Proprietary  ,67,394,461,629,3245,3874
02063700,SHERMAN CLG STRAIGHT CHIROPRACTIC       ,SC,29316-0000,Private      ,1,10,11,26,321,347
02338600,CHARZANNE BEAUTY COLLEGE                ,SC,29649-0000,Proprietary  ,8,24,32,37,128,165
02341100,KENNETH SHULER SCHOOL OF COSMETOLOGY & N,SC,29210-0000,Proprietary  ,37,93,130,250,854,1104
02356600,CHARLESTON COSMETOLOGY INSTITUTE        ,SC,29420-0000,Proprietary  ,7,40,47,92,225,317
02552400,ACADEMY OF HAIR TECHNOLOGY              ,SC,29615-2363,Proprietary  ,10,38,48,85,255,340
02567600,SUMTER BEAUTY COLLEGE                   ,SC,29150-0000,Proprietary  ,3,20,23,49,145,194
02614202,MILLER - MOTTE TECHNICAL COLLEGE - NORTH,SC,29406-9239,Proprietary  ,43,230,273,369,1638,2007
03010614,VIRGINIA COLLEGE - GOLF ACADEMY OF AMERI,SC,29579-0000,Proprietary  ,19,27,46,159,317,476
03010617,VIRGINIA COLLEGE - GREENVILLE           ,SC,29607-7200,Proprietary  ,23,145,168,247,1072,1319
03010620,VIRGINIA COLLEGE - CHARLESTON           ,SC,29406-4999,Proprietary  ,18,119,137,215,957,1172
03010621,VIRGINIA COLLEGE - COLUMBIA             ,SC,29223-7527,Proprietary  ,28,128,156,263,1132,1395
03052300,KENNETH SHULER SCH COSM & HAIR DESG     ,SC,29841-2013,Proprietary  ,9,56,65,130,422,552
03088300,ACADEMY OF COSMETOLOGY                  ,SC,29418-5667,Proprietary  ,9,23,32,79,193,272
03293300,STRAND COLLEGE OF HAIR DESIGN           ,SC,29572-4310,Proprietary  ,7,18,25,44,138,182
03304300,CENTURA COLLEGE                         ,SC,29406-9235,Proprietary  ,27,188,215,195,1173,1368
03513300,LACY COSMETOLOGY SCHOOL                 ,SC,29803-9084,Proprietary  ,7,16,23,37,119,156
03513301,LACY COSMETOLOGY SCHOOL -               ,SC,29072-0000,Proprietary  ,2,6,8,16,62,78
03513302,LACY COSMETOLOGY SCHOOL -               ,SC,29445-0000,Proprietary  ,2,25,27,21,83,104
03595300,CHARLESTON SCHOOL OF MASSAGE            ,SC,29412-8270,Proprietary  ,0,0,0,30,75,105
03709301,EDWARD VIA VIRGINIA COLLEGE OF OSTEOPATH,SC,29303-3639,Private      ,1,15,16,29,455,484
03746300,LEGRAND INSTITUTE OF COSMETOLOGY        ,SC,29020-0000,Proprietary  ,4,11,15,28,78,106
03746400,SOUTHEASTERN INSTITUTE                  ,SC,29210-0000,Proprietary  ,12,83,95,90,491,581
03768400,STYLETRENDS BARBER AND HAIRSTYLING ACADE,SC,29730-4511,Proprietary  ,3,27,30,28,120,148
03856400,W. L. BONNER COLLEGE                    ,SC,29203-0000,Private      ,2,18,20,20,123,143
03892300,HARLEY'S BEAUTY & BARBER CAREER INST.   ,SC,29204-1919,Proprietary  ,0,0,0,21,97,118
04083300,MARION COUNTY TECHNICAL EDUCATION CENTER,SC,29571-0000,Public       ,2,11,13,33,185,218
04096300,CHARLESTON SCHOOL OF LAW                ,SC,29402-0535,Proprietary  ,2,32,34,59,1287,1346
04158100,AIKEN SCHOOL OF COSMETOLOGY             ,SC,29801-4026,Proprietary  ,4,17,21,57,125,182
04166900,COSMETIC ARTS INSTITUTE                 ,SC,29488-2753,Proprietary  ,1,16,17,21,79,100
04172600,SALON 496 BARBER ACADEMY                ,SC,29607-2548,Proprietary  ,5,32,37,35,160,195
04192600,PALMETTO BEAUTY SCHOOL                  ,SC,29307-1424,Proprietary  ,5,34,39,47,181,228
04202900,JOLEI'S HAIR INSTITUTE                  ,SC,29114-9337,Proprietary  ,1,11,12,5,49,54
00345800,AUGUSTANA COLLEGE                       ,SD,57197-0001,Private      ,31,23,54,1887,298,2185
00345900,BLACK HILLS STATE UNIVERSITY            ,SD,57799-9670,Public       ,92,152,244,2571,1976,4547
00346100,DAKOTA WESLEYAN UNIVERSITY              ,SD,57301-4398,Private      ,17,12,29,802,285,1087
00346300,DAKOTA STATE UNIVERSITY                 ,SD,57042-1799,Public       ,43,68,111,1359,935,2294
00346500,MOUNT MARTY COLLEGE                     ,SD,57078-3724,Private      ,16,30,46,575,498,1073
00346600,NORTHERN STATE UNIVERSITY               ,SD,57401-7198,Public       ,41,73,114,1741,927,2668
00346700,PRESENTATION COLLEGE                    ,SD,57401-1299,Private      ,16,40,56,576,551,1127
00346900,UNIVERSITY OF SIOUX FALLS               ,SD,57105-1699,Private      ,39,65,104,1538,747,2285
00347000,SOUTH DAKOTA SCH OF MINES & TECH        ,SD,57701-3995,Public       ,59,50,109,1817,725,2542
00347100,SOUTH DAKOTA STATE UNIVERSITY           ,SD,57007-2298,Public       ,192,230,422,8948,3464,12412
00347400,UNIVERSITY OF SOUTH DAKOTA              ,SD,57069-2390,Public       ,166,326,492,5607,5062,10669
00405600,SIOUX FALLS SEMINARY                    ,SD,57105-2729,Private      ,0,5,5,3,105,108
00405700,NATIONAL AMERICAN UNIVERSITY            ,SD,57701-3692,Proprietary  ,164,2111,2275,1028,14099,15127
00405707,NATIONAL AMERICAN UNIVERSITY            ,SD,57105-0000,Proprietary  ,7,58,65,73,863,936
00492900,MCKENNAN HOSP-RADOLOGICAL TECH          ,SD,57101-0000,Private      ,2,11,13,20,48,68
00530900,LAKE AREA TECHNICAL INSTITUTE           ,SD,57201-0730,Public       ,37,70,107,1056,712,1768
00598700,AVERA SACRED HEART HOSPITAL SCHOOL OF RA,SD,57078-3899,Private      ,0,2,2,10,13,23
00776400,SOUTHEAST TECHNICAL INST                ,SD,57107-0000,Public       ,89,234,323,1578,1994,3572
00828400,MITCHELL TECHNICAL INSTITUTE            ,SD,57301-9931,Public       ,33,41,74,763,479,1242
01013800,STEWART SCHOOL                          ,SD,57104-0000,Proprietary  ,11,17,28,106,121,227
01014804,COLORADO TECHNICAL UNIVERSITY           ,SD,57108-2272,Proprietary  ,15,62,77,198,995,1193
01017000,WESTERN DAKOTA TECHNICAL INSTITUTE      ,SD,57701-4018,Public       ,55,174,229,588,1210,1798
01147701,SIOUX VALLEY HOSP-MEDICAL TECH          ,SD,57117-5039,Private      ,1,8,9,24,44,68
01465900,OGLALA LAKOTA COLLEGE                   ,SD,57752-0490,Public       ,31,141,172,377,1540,1917
02137100,BLACK HILLS BEAUTY COLLEGE              ,SD,57701-0000,Proprietary  ,10,16,26,92,138,230
02143700,SINTE GLESKA UNIVERSITY                 ,SD,57570-0000,Public       ,7,33,40,155,645,800
02144600,KILIAN COMMUNITY COLLEGE                ,SD,57103-7020,Private      ,10,49,59,121,443,564
02277300,SISSETON WAHPETON COLLEGE               ,SD,57262-0000,Public       ,2,9,11,41,180,221
02297800,HEADLINES ACADEMY                       ,SD,57701-0000,Proprietary  ,7,26,33,63,159,222
00347700,AQUINAS COLLEGE                         ,TN,37205-2086,Private      ,17,78,95,358,1074,1432
00347800,AUSTIN PEAY STATE UNIVERSITY            ,TN,37044-0002,Public       ,375,771,1146,9004,9306,18310
00347900,BELMONT UNIVERSITY                      ,TN,37212-3757,Private      ,312,320,632,8110,4313,12423
00348000,BETHEL UNIVERSITY                       ,TN,38201-1705,Private      ,82,799,881,2356,7338,9694
00348100,CARSON-NEWMAN COLLEGE                   ,TN,37760-2204,Private      ,175,77,252,3465,874,4339
00348200,CHRISTIAN BROTHERS UNIVERSITY           ,TN,38104-5581,Private      ,104,220,324,2635,2487,5122
00348300,COLUMBIA STATE COMMUNITY COLLEGE        ,TN,38401-5653,Public       ,172,432,604,3463,4055,7518
00348500,CUMBERLAND UNIVERSITY                   ,TN,37087-3554,Private      ,61,121,182,1624,1299,2923
00348600,LIPSCOMB UNIVERSITY                     ,TN,37204-3951,Private      ,158,267,425,3986,2802,6788
00348700,EAST TENNESSEE STATE UNIV - MAIN CAMPUS ,TN,37614-2857,Public       ,456,676,1132,13532,9412,22944
00348701,EAST TENNESSEE STATE UNIV - MEDICINE    ,TN,37614-1708,Public       ,33,43,76,384,732,1116
00348709,EAST TENNESSEE STATE UNIV - PHARMACY    ,TN,37614-1704,Public       ,16,23,39,190,528,718
00349000,FISK UNIVERSITY                         ,TN,37208-3045,Private      ,56,77,133,1641,823,2464
00349200,FREED-HARDEMAN UNIVERSITY               ,TN,38340-2399,Private      ,42,43,85,1940,970,2910
00349400,HIWASSEE COLLEGE                        ,TN,37354-4001,Private      ,12,14,26,374,166,540
00349500,JOHNSON UNIVERSITY                      ,TN,37998-9775,Private      ,40,53,93,907,645,1552
00349600,KING COLLEGE                            ,TN,37620-2699,Private      ,70,215,285,1577,2384,3961
00349900,LANE COLLEGE                            ,TN,38301-4598,Private      ,80,74,154,2725,1285,4010
00350000,LEE UNIVERSITY                          ,TN,37320-0000,Private      ,143,135,278,4503,1958,6461
00350100,LEMOYNE-OWEN COLLEGE                    ,TN,38126-6510,Private      ,82,255,337,2071,3169,5240
00350200,LINCOLN MEMORIAL UNIVERSITY             ,TN,37752-7920,Private      ,70,371,441,2232,4599,6831
00350400,MARTIN METHODIST COLLEGE                ,TN,38478-2799,Private      ,36,41,77,1055,524,1579
00350500,MARYVILLE COLLEGE                       ,TN,37804-5907,Private      ,78,35,113,2221,382,2603
00350600,MEHARRY MEDICAL COLLEGE                 ,TN,37208-0000,Private      ,12,36,48,118,1549,1667
00350700,MEMPHIS COLLEGE OF ART                  ,TN,38104-2764,Private      ,52,57,109,914,592,1506
00350900,UNIVERSITY OF MEMPHIS (THE)             ,TN,38152-4611,Public       ,667,1370,2037,20038,21516,41554
00351000,MIDDLE TENNESSEE STATE UNIV             ,TN,37130-0000,Public       ,939,1139,2078,25623,15995,41618
00351100,MILLIGAN COLLEGE                        ,TN,37682-4001,Private      ,30,40,70,1355,764,2119
00351700,SOUTHERN COLLEGE OF OPTOMETRY           ,TN,38104-2222,Private      ,4,26,30,69,717,786
00351800,SOUTHERN ADVENTIST UNIVERSITY           ,TN,37315-0370,Private      ,75,74,149,3049,1129,4178
00351900,RHODES COLLEGE                          ,TN,38112-1690,Private      ,151,100,251,3618,877,4495
00352200,TENNESSEE STATE UNIVERSITY              ,TN,37209-1561,Public       ,447,914,1361,11906,11474,23380
00352300,TENNESSEE TECHNOLOGICAL UNIV            ,TN,38505-0001,Public       ,378,334,712,11539,4545,16084
00352400,TENNESSEE TEMPLE UNIVERSITY             ,TN,37404-3587,Private      ,36,163,199,480,934,1414
00352500,TENNESSEE WESLEYAN COLLEGE              ,TN,37371-0040,Private      ,41,31,72,1360,648,2008
00352600,TREVECCA NAZARENE UNIVERSITY            ,TN,37210-2877,Private      ,39,194,233,1686,2403,4089
00352700,TUSCULUM COLLEGE                        ,TN,37743-0001,Private      ,117,158,275,2526,2101,4627
00352800,UNION UNIVERSITY                        ,TN,38305-3697,Private      ,101,279,380,3342,3552,6894
00352900,UNIVERSITY OF TENNESSEE-CHATTANOOGA     ,TN,37403-2598,Public       ,624,578,1202,16625,6650,23275
00353000,UNIVERSITY OF TENNESSEE-KNOXVILLE       ,TN,37996-0150,Public       ,959,750,1709,30010,12045,42055
00353006,UNIVERSITY OF TENNESSEE-HEALTH SCI CTR  ,TN,38103-0000,Public       ,40,167,207,723,4042,4765
00353100,UNIVERSITY OF TENNESSEE-MARTIN          ,TN,38238-0002,Public       ,230,310,540,8735,4492,13227
00353400,UNIVERSITY OF THE SOUTH                 ,TN,37383-1000,Private      ,86,16,102,2492,154,2646
00353500,VANDERBILT UNIVERSITY                   ,TN,37240-0001,Private      ,709,343,1052,19546,7621,27167
00353501,VANDERBILT UNIV MED CTR ALLIEDHEAL      ,TN,37232-5510,Private      ,10,22,32,104,463,567
00353502,VANDERBILT UNIVERSITY - SCHOOL OF MEDICI,TN,37232-0000,Private      ,45,38,83,380,1083,1463
00353600,BRYAN COLLEGE                           ,TN,37321-7000,Private      ,46,102,148,1392,916,2308
00399800,CHATTANOOGA STATE COMMUNITY COLLEGE     ,TN,37406-1097,Public       ,419,1274,1693,6410,11297,17707
00399900,CLEVELAND STATE COMMUNITY COLLEGE       ,TN,37312-2858,Public       ,109,328,437,2301,3180,5481
00402500,TN TECHNOLOGY CTR AT KNOXVILLE          ,TN,37919-2327,Public       ,80,304,384,733,2140,2873
00402600,TENNESSEE TECH. CNTR AT CROSSVILLE      ,TN,38555-4142,Public       ,50,89,139,475,721,1196
00461700,NATIONAL COLLEGE OF BUSINESS & TECH     ,TN,37211-6605,Proprietary  ,31,247,278,323,2241,2564
00493400,DAYMAR INSTITUTE                        ,TN,37217-1056,Proprietary  ,22,121,143,321,1915,2236
00493401,DAYMAR INSTITUTE - CLARKSVILLE          ,TN,37040-6718,Proprietary  ,13,135,148,109,696,805
00493404,DAYMAR INSTITUTE - MURFREESBORO         ,TN,37128-5508,Proprietary  ,20,75,95,103,378,481
00493700,JACKSON STATE COMMUNITY COLLEGE         ,TN,38301-3797,Public       ,141,481,622,3525,4954,8479
00493800,SOUTH COLLEGE                           ,TN,37909-3323,Proprietary  ,58,278,336,635,2518,3153
00494700,WEST TENNESSEE BUSINESS COLLEGE         ,TN,38301-3256,Proprietary  ,14,95,109,190,770,960
00528000,TN TECHNOLOGY CTR AT COVINGTON          ,TN,38019-0249,Public       ,17,45,62,192,501,693
00528100,TN TECHNOLOGY CTR AT ELIZABETHTON       ,TN,37643-0789,Public       ,33,131,164,418,1065,1483
00528200,TN TECHNOLOGY CTR AT HARTSVILLE         ,TN,37074-0000,Public       ,15,49,64,255,449,704
00528300,TN TECHNOLOGY CTR AT NEWBERN            ,TN,38059-1198,Public       ,13,60,73,156,660,816
00530700,TN TECHNOLOGY CTR AT MCMINNVILLE        ,TN,37110-1322,Public       ,13,63,76,253,467,720
00535100,TENNESSEE TECHNOLOGY CENTER AT MORRISTOW,TN,37813-2094,Public       ,36,161,197,566,1255,1821
00535200,TN TECHNOLOGY CENTER AT MCKENZIE        ,TN,38201-1620,Public       ,13,36,49,182,393,575
00535300,TN TECHNOLOGY CENTER AT LIVINGSTON      ,TN,38570-0219,Public       ,21,41,62,286,505,791
00535400,TN TECHNOLOGY CTR AT JACKSON            ,TN,38301-0000,Public       ,44,187,231,532,1424,1956
00535600,TENNESSEE TECHNOLOGY CENTER AT HOHENWALD,TN,38462-0000,Public       ,15,71,86,268,519,787
00535700,TENNESSEE TECHNOLOGY CENTER AT CRUMP    ,TN,38327-3402,Public       ,10,46,56,191,509,700
00535800,TN TECHNOLOGY CENTER AT ATHENS          ,TN,37371-0848,Public       ,23,50,73,271,510,781
00535900,TENNESSEE TECHNOLOGY CENTER AT NASHVILLE,TN,37209-0000,Public       ,72,303,375,778,2566,3344
00536000,TENNESSEE TECHNOLOGY CENTER AT MEMPHIS  ,TN,38105-3604,Public       ,82,401,483,1286,3336,4622
00537800,NORTHEAST STATE COMMUNITY COLLEGE       ,TN,37617-0246,Public       ,195,616,811,3736,5868,9604
00537900,TN TECHNOLOGY CTR AT SHELBYVILLE        ,TN,37160-3697,Public       ,28,113,141,371,879,1250
00683500,DYERSBURG STATE COMMUNITY COLLEGE       ,TN,38024-0000,Public       ,96,364,460,1990,3735,5725
00683600,MOTLOW STATE COMMUNITY COLLEGE          ,TN,37388-7972,Public       ,194,453,647,3490,3960,7450
00732941,ITT TECHNICAL INSTITUTE                 ,TN,37932-3343,Proprietary  ,201,653,854,1100,3415,4515
00732958,ITT TECHNICAL INSTITUTE                 ,TN,37214-3717,Proprietary  ,136,535,671,841,2587,3428
00743900,FOUNTAINHEAD COLLEGE OF TECHNOLOGY      ,TN,37918-2583,Proprietary  ,26,129,155,245,867,1112
00778200,TENNESSEE TECHNOLOGY CENTER AT DICKSON  ,TN,37055-0000,Public       ,31,118,149,411,957,1368
00778300,MIDDLE TENNESSEE SCH OF ANESTHESIA      ,TN,37116-0000,Private      ,2,7,9,23,197,220
00793803,NASHVILLE AUTO DIESEL COLLEGE - NASHVILL,TN,37206-3210,Proprietary  ,422,198,620,2924,1269,4193
00814500,NASHVILLE STATE TECH CMNTY COLLEGE      ,TN,37209-0000,Public       ,395,1331,1726,5058,11408,16466
00865500,GENESIS CAREER COLLEGE OF COOKEVILLE    ,TN,38501-1959,Proprietary  ,37,132,169,179,524,703
00885900,JOHN A GUPTON COLLEGE                   ,TN,37203-2934,Private      ,4,31,35,120,236,356
00886300,WALTERS STATE COMMUNITY COLLEGE         ,TN,37813-6899,Public       ,252,591,843,4864,5377,10241
00946400,TN TECHNOLOGY CTR AT PULASKI            ,TN,38478-4541,Public       ,14,61,75,167,394,561
00956700,TENNESSEE SCHOOL OF BEAUTY              ,TN,37921-3303,Proprietary  ,25,93,118,264,596,860
00971000,TENNESSEE TECHNOLOGY CENTER AT ONEIDA/HU,TN,37756-4149,Public       ,12,37,49,99,262,361
00991200,VOLUNTEER STATE COMMUNITY COLLEGE       ,TN,37066-3188,Public       ,256,684,940,4746,6403,11149
00991400,ROANE STATE COMMUNITY COLLEGE           ,TN,37748-8664,Public       ,210,504,714,4312,5698,10010
00998200,VICTORY UNIVERSITY                      ,TN,38111-4745,Proprietary  ,69,457,526,758,3529,4287
01032600,TN TECHNOLOGY CTR AT HARRIMAN           ,TN,37748-1109,Public       ,19,44,63,200,424,624
01043900,SOUTHWEST TENNESSEE COMMUNITY COLLG     ,TN,38104-3322,Public       ,525,1799,2324,9884,18079,27963
01044700,"PLAZA BEAUTY SCHOOL, INC.               ",TN,38117-4822,Proprietary  ,18,65,83,213,489,702
01046000,AMERICAN BAPTIST THEOLOGICAL SEMINA     ,TN,37207-4994,Private      ,5,27,32,40,251,291
01052900,MEMPHIS THEOLOGICAL SEMINARY            ,TN,38104-0000,Private      ,2,54,56,31,423,454
01070000,TN TECHNOLOGY CENTER AT JACKSBORO       ,TN,37757-2461,Public       ,16,28,44,182,351,533
01155300,WM R MOORE COLLEGE OF TECHNOLOGY        ,TN,38104-0000,Private      ,9,79,88,173,529,702
01216400,TENNESSEE TECHNICAL CNTR AT RIPLEY      ,TN,38063-7359,Public       ,10,39,49,103,354,457
01254700,EMMANUEL SCHOOL OF RELIGION             ,TN,37601-0000,Private      ,2,11,13,6,83,89
01269300,PELLISSIPPI STATE COMMUNITY COLLEGE     ,TN,37933-0990,Public       ,491,914,1405,7203,8153,15356
02069303,VATTEROTT COLLEGE -                     ,TN,38016-5877,Proprietary  ,26,91,117,203,704,907
02092800,TENNESSEE TECHNOLOGY CENTER AT WHITEVILL,TN,38075-0000,Public       ,10,52,62,153,316,469
02103500,TN TECHNOLOGY CTR AT MURFREESBORO       ,TN,37129-0000,Public       ,39,133,172,474,1030,1504
02106400,O'MORE COLLEGE OF DESIGN                ,TN,37064-0000,Private      ,5,8,13,182,106,288
02125300,NASHVILLE CLG OF MEDICAL CAREERS        ,TN,37115-0000,Proprietary  ,4,54,58,52,282,334
02153100,JON NAVE UNIVERSITY OF COSMETOLOGY      ,TN,37013-3347,Proprietary  ,32,57,89,248,412,660
02157100,CONCORDE CAREER COLLEGE                 ,TN,38137-0000,Proprietary  ,79,370,449,790,2866,3656
02160307,INTERNATIONAL ACADEMY OF DESIGN & TECH  ,TN,37212-0000,Proprietary  ,34,60,94,380,649,1029
02188300,PENTECOSTAL THEOLOGICAL SEMINARY        ,TN,37320-0000,Private      ,0,21,21,4,262,266
02204200,"CHATTANOOGA COLLEGE - MEDICAL, DENTAL AN",TN,37411-0000,Proprietary  ,32,123,155,282,1046,1328
02237900,TN TECHNOLOGY CENTER AT PARIS           ,TN,38242-0000,Public       ,29,73,102,208,582,790
02255000,KNOXVILLE INSTITUTE OF HAIR DESIGN      ,TN,37917-0000,Proprietary  ,8,54,62,104,354,458
02257400,ARNOLD'S BEAUTY SCHOOL                  ,TN,38358-0000,Proprietary  ,6,19,25,58,93,151
02263104,ANTHEM COLLEGE - ANTHEM CAREER COLLEGE -,TN,37214-2531,Proprietary  ,17,61,78,138,507,645
02275500,REUBEN-ALLEN COLLEGE                    ,TN,37922-0000,Proprietary  ,19,54,73,153,349,502
02278700,MR WAYNES SCH OF UNISEX HAIR DESIGN     ,TN,38501-0000,Proprietary  ,2,11,13,36,73,109
02293900,VOLUNTEER BEAUTY ACADEMY-NASHVILLE      ,TN,37115-2112,Proprietary  ,4,14,18,36,105,141
02294000,VOLUNTEER BEAUTY ACADEMY-DYERSBURG      ,TN,38024-1622,Proprietary  ,5,16,21,38,135,173
02326200,KAPLAN CAREER INSTITUTE                 ,TN,37212-5318,Proprietary  ,38,208,246,280,1484,1764
02326300,MEDVANCE INSTITUTE                      ,TN,38501-4305,Proprietary  ,27,57,84,130,361,491
02335900,VOLUNTEER BEAUTY ACADEMY-NASHVILLE      ,TN,37209-3033,Proprietary  ,9,31,40,74,202,276
02539800,QUEEN CITY COLLEGE                      ,TN,37042-0000,Proprietary  ,3,57,60,61,389,450
02540000,TENNESSEE ACADEMY OF COSMETOLOGY        ,TN,38133-0000,Proprietary  ,23,71,94,228,549,777
02578200,NOSSI COLLEGE OF ART                    ,TN,37115-5138,Proprietary  ,27,41,68,435,449,884
02595000,FAYETTEVILLE BEAUTY SCHOOL              ,TN,37334-2909,Proprietary  ,1,17,18,30,85,115
02599710,VATTEROTT COLLEGE - MEMPHIS             ,TN,38132-1714,Proprietary  ,54,250,304,498,2105,2603
02605501,REMINGTON COLLEGE - MEMPHIS CAMPUS      ,TN,38132-0000,Private      ,53,306,359,728,2430,3158
02609204,VATTEROTT COLLEGE - VATTEROTT CAREER COL,TN,38133-4727,Proprietary  ,31,141,172,337,1169,1506
02614200,MILLER MOTTE BUSINESS COLLEGE           ,TN,37040-6023,Proprietary  ,30,158,188,296,1106,1402
02614203,MILLER - MOTTE TECHNICAL COLLEGE - CHATT,TN,37421-7220,Proprietary  ,30,144,174,333,1111,1444
02614204,MILLER - MOTTE TECHNICAL COLLEGE - MADIS,TN,37072-1870,Proprietary  ,31,88,119,196,699,895
03001800,FREE WILL BAPTIST BIBLE COLLEGE         ,TN,37205-2498,Private      ,12,14,26,250,178,428
03008800,FRANKLIN ACADEMY                        ,TN,37312-3939,Private      ,2,27,29,57,117,174
03010606,VIRGINIA COLLEGE - SCH OF BUSNSS & HLTH ,TN,37411-5600,Proprietary  ,27,128,155,184,917,1101
03024900,TENNESSEE ACADEMY OF COSMETOLOGY        ,TN,38125-3442,Proprietary  ,17,46,63,217,425,642
03061100,GENESIS CAREER COLLEGE OF LEBANON       ,TN,37087-2718,Proprietary  ,16,78,94,107,294,401
03073404,ITT TECHNICAL INSTITUTE -               ,TN,37411-5336,Proprietary  ,0,0,0,0,1,1
03076405,BRYMAN SCHOOL OF ARIZONA (THE) - ANTHEM ,TN,38134-7345,Proprietary  ,6,30,36,48,216,264
03079100,NORTH CENTRAL INSTITUTE                 ,TN,37042-3116,Proprietary  ,5,46,51,45,251,296
03088800,"WATKINS COLLEGE OF ART, DESIGN & FILM   ",TN,37228-1306,Private      ,38,46,84,717,403,1120
03126900,STYLES & PROFILES BEAUTY COLLEGE        ,TN,38375-2109,Proprietary  ,2,9,11,23,35,58
03355400,RICHMONT GRADUATE UNIVERSITY            ,TN,37404-0000,Private      ,3,19,22,8,286,294
03440300,BAPTIST MEMORIAL COLLEGE OF HEALTH      ,TN,38104-3104,Private      ,67,254,321,1266,3128,4394
03480303,MEDVANCE INSTITUTE - NASHVILLE          ,TN,37203-1536,Proprietary  ,26,94,120,136,766,902
03513500,WILLIAMSON CHRISTIAN COLLEGE            ,TN,37067-8237,Private      ,3,9,12,41,108,149
03647300,NEW CONCEPTS SCHOOL OF COSMETOLOGY      ,TN,37311-7373,Proprietary  ,2,16,18,31,103,134
03683300,INTERNATIONAL BARBER & STYLE COLLEGE    ,TN,37209-2205,Proprietary  ,8,46,54,72,258,330
03701300,MEMPHIS INSTITUTE OF BARBERING          ,TN,38107-4334,Proprietary  ,14,75,89,209,571,780
03774400,SHEAR ACADEMY                           ,TN,38555-4177,Proprietary  ,2,9,11,16,81,97
03830300,SAE INSTITUTE OF TECHNOLOGY             ,TN,37203-4310,Proprietary  ,12,37,49,178,288,466
03840300,OXFORD GRADUATE SCHOOL                  ,TN,37321-6736,Private      ,1,3,4,4,44,48
03841300,CAREER BEAUTY COLLEGE                   ,TN,38464-3634,Proprietary  ,5,10,15,26,60,86
03920300,INSTITUTE OF HAIR DESIGN                ,TN,38310-1801,Proprietary  ,5,9,14,26,71,97
03930300,BUCHANAN BEAUTY COLLEGE                 ,TN,37160-2741,Proprietary  ,5,19,24,40,98,138
03982300,VISIBLE SCHOOL - MUSIC AND WORSHIPS ARTS,TN,38104-5814,Private      ,8,10,18,173,140,313
04035300,TENNESSEE CAREER INSTITUTE              ,TN,38401-6335,Proprietary  ,14,65,79,75,248,323
04124100,ELITE COLLEGE OF COSMETOLOGY            ,TN,38351-1431,Proprietary  ,3,11,14,36,88,124
04157200,LOVE BEAUTY SCHOOL                      ,TN,37355-2950,Proprietary  ,4,21,25,24,99,123
04165000,MERIDIAN INSTITUTE OF SURGICAL ASSISTING,TN,37080-0758,Proprietary  ,1,51,52,7,312,319
04174600,NASHVILLE BARBER AND STYLE ACADEMY      ,TN,37208-2826,Proprietary  ,16,36,52,86,243,329
04213800,SALON PROFESSIONAL ACADEMY (THE)        ,TN,37214-2163,Proprietary  ,13,27,40,33,46,79
00353700,ABILENE CHRISTIAN UNIVERSITY            ,TX,79699-3701,Private      ,285,154,439,6261,1791,8052
00353900,ALVIN COMMUNITY COLLEGE                 ,TX,77511-4807,Public       ,150,384,534,1782,3347,5129
00354000,AMARILLO COLLEGE                        ,TX,79109-2446,Public       ,321,974,1295,3882,7555,11437
00354100,ANGELO STATE UNIVERSITY                 ,TX,76909-5069,Public       ,257,276,533,7359,3519,10878
00354300,AUSTIN COLLEGE                          ,TX,75090-4440,Private      ,92,39,131,2435,308,2743
00354400,AUSTIN PRESBYTERIAN THEOLOGICAL SEM     ,TX,78705-5797,Private      ,1,10,11,12,185,197
00354500,BAYLOR UNIVERSITY                       ,TX,76798-1458,Private      ,1393,413,1806,26839,5920,32759
00354600,COASTAL BEND COLLEGE                    ,TX,78102-2197,Public       ,102,279,381,1610,2235,3845
00354900,BLINN COLLEGE                           ,TX,77833-4098,Public       ,865,790,1655,14009,6293,20302
00355300,CISCO JUNIOR COLLEGE                    ,TX,76437-9803,Public       ,131,374,505,2297,2914,5211
00355400,CLARENDON COLLEGE                       ,TX,79226-0000,Public       ,38,69,107,570,665,1235
00355600,COMMONWEALTH INST OF FUNERAL SVC        ,TX,77090-5918,Private      ,9,59,68,93,541,634
00355700,CONCORDIA UNIVERSITY TEXAS              ,TX,78726-4141,Private      ,88,414,502,1973,2950,4923
00355800,NORTH CENTRAL TEXAS COLLEGE             ,TX,76240-4699,Public       ,337,705,1042,4013,5920,9933
00356000,DALLAS BAPTIST UNIVERSITY               ,TX,75211-9299,Private      ,220,484,704,4028,5155,9183
00356100,CEDAR VALLEY COLLEGE                    ,TX,75134-0000,Public       ,172,717,889,2539,5488,8027
00356200,DALLAS THEOLOGICAL SEM                  ,TX,75204-0000,Private      ,5,101,106,42,894,936
00356300,DEL MAR COLLEGE                         ,TX,78404-3897,Public       ,441,1028,1469,5713,8884,14597
00356400,EAST TEXAS BAPTIST UNIVERSITY           ,TX,75670-1423,Private      ,77,51,128,1881,590,2471
00356500,TEXAS A&M UNIVERSITY - COMMERCE         ,TX,75429-3011,Public       ,259,782,1041,6345,9449,15794
00356800,FRANK PHILLIPS COLLEGE                  ,TX,79008-0000,Public       ,39,90,129,454,608,1062
00357000,GRAYSON COUNTY COLLEGE                  ,TX,75020-8299,Public       ,149,606,755,1883,4525,6408
00357100,HARDIN-SIMMONS UNIVERSITY               ,TX,79698-6050,Private      ,81,88,169,2464,1130,3594
00357200,TRINITY VALLEY COMMUNITY COLLEGE        ,TX,75751-2734,Public       ,230,625,855,2938,5176,8114
00357300,HILL COLLEGE                            ,TX,76645-2711,Public       ,70,210,280,1069,1703,2772
00357301,HILL COLLEGE                            ,TX,76031-0000,Public       ,91,288,379,1059,2449,3508
00357400,HOWARD COLLEGE                          ,TX,79720-0213,Public       ,104,295,399,1697,2664,4361
00357500,HOWARD PAYNE UNIVERSITY                 ,TX,76801-2715,Private      ,58,38,96,1562,441,2003
00357600,HOUSTON BAPTIST UNIVERSITY              ,TX,77074-3298,Private      ,333,365,698,5712,3818,9530
00357700,HUSTON - TILLOTSON UNIVERSITY           ,TX,78702-2795,Private      ,45,109,154,1391,1052,2443
00357800,UNIVERSITY OF THE INCARNATE WORD        ,TX,78209-6398,Private      ,352,688,1040,7764,8135,15899
00357900,JACKSONVILLE COLLEGE                    ,TX,75766-4759,Private      ,14,39,53,299,258,557
00358000,KILGORE COLLEGE                         ,TX,75662-3299,Public       ,288,683,971,3480,5267,8747
00358100,LAMAR UNIVERSITY-BEAUMONT               ,TX,77710-0042,Public       ,446,1220,1666,9688,11104,20792
00358200,LAREDO COMMUNITY COLLEGE                ,TX,78040-4395,Public       ,478,464,942,6600,4507,11107
00358300,LEE COLLEGE                             ,TX,77520-4796,Public       ,206,510,716,1990,4438,6428
00358400,LETOURNEAU UNIVERSITY                   ,TX,75607-0000,Private      ,67,251,318,1764,2948,4712
00358500,LON MORRIS COLLEGE                      ,TX,75766-2900,Private      ,0,0,0,432,168,600
00358600,LUBBOCK CHRISTIAN UNIVERSITY            ,TX,79407-2099,Private      ,110,139,249,1855,1720,3575
00358800,UNIVERSITY OF MARY HARDIN-BAYLOR        ,TX,76513-2599,Private      ,232,147,379,4704,1962,6666
00359000,MCLENNAN COMMUNITY COLLEGE              ,TX,76708-1498,Public       ,313,936,1249,4878,8786,13664
00359100,MCMURRY UNIVERSITY                      ,TX,79697-0001,Private      ,59,102,161,2017,895,2912
00359200,MIDWESTERN STATE UNIVERSITY             ,TX,76308-2099,Public       ,221,281,502,4669,3455,8124
00359300,NAVARRO COLLEGE                         ,TX,75110-4818,Public       ,346,772,1118,5206,7260,12466
00359400,UNIVERSITY OF NORTH TEXAS               ,TX,76203-5017,Public       ,1662,1731,3393,34928,23316,58244
00359500,OBLATE SCHOOL OF THEOLOGY               ,TX,78216-0000,Private      ,2,12,14,10,79,89
00359600,ODESSA COLLEGE                          ,TX,79764-7127,Public       ,127,322,449,1806,2913,4719
00359800,OUR LADY OF THE LAKE UNIVERSITY         ,TX,78207-4689,Private      ,151,347,498,2825,3964,6789
00359900,UNIVERSITY OF TEXAS - PAN AMERICAN      ,TX,78541-2999,Public       ,534,748,1282,18973,11451,30424
00360000,PANOLA COLLEGE                          ,TX,75633-2397,Public       ,75,266,341,1133,2293,3426
00360100,PARIS JR COLLEGE                        ,TX,75460-6298,Public       ,131,433,564,2265,4101,6366
00360200,PAUL QUINN COLLEGE                      ,TX,75241-4398,Private      ,23,123,146,445,933,1378
00360300,RANGER COLLEGE                          ,TX,76470-3298,Public       ,54,90,144,759,904,1663
00360305,RANGER COLLEGE-STEPHENVILE BEAUTY COLLEG,TX,76401-5136,Public       ,8,17,25,75,113,188
00360400,RICE UNIVERSITY                         ,TX,77251-1892,Private      ,646,367,1013,11873,3776,15649
00360600,SAM HOUSTON STATE UNIVERSITY            ,TX,77340-0000,Public       ,1074,861,1935,21215,10570,31785
00360700,ALAMO CMTY CLG DISTRICT PROGRAM         ,TX,78207-0000,Public       ,150,500,650,2272,4204,6476
00360800,ST PHILLIPS COLLEGE                     ,TX,78203-2098,Public       ,451,1615,2066,6421,12991,19412
00360900,SAN JACINTO CLG-CENTRAL-NORTH-SOUTH     ,TX,77501-0000,Public       ,850,2243,3093,11573,18167,29740
00361000,SCHREINER UNIVERSITY                    ,TX,78028-5697,Private      ,56,46,102,1551,565,2116
00361100,SOUTH PLAINS COLLEGE                    ,TX,79336-6504,Public       ,375,709,1084,5261,5893,11154
00361200,UNIV OF HOUSTON-DOWNTOWN                ,TX,77002-1001,Public       ,785,1736,2521,13970,20196,34166
00361300,SOUTHERN METHODIST UNIVERSITY           ,TX,75275-0181,Private      ,489,464,953,9193,6302,15495
00361400,SOUTHWEST TEXAS JR COLLEGE              ,TX,78801-6221,Public       ,138,330,468,2859,2887,5746
00361500,TEXAS STATE UNIVERSITY--SAN MARCOS      ,TX,78666-4602,Public       ,1845,1122,2967,38032,17364,55396
00361600,SOUTHWESTERN ASSEMBLIES OF GOD UNIV     ,TX,75165-2397,Private      ,61,133,194,1763,1443,3206
00361800,SOUTHWESTERN CHRISTIAN COLLEGE          ,TX,75160-3400,Private      ,10,34,44,247,238,485
00361900,SOUTHWESTERN ADVENTIST UNIVERSITY       ,TX,76059-1922,Private      ,21,34,55,795,477,1272
00362000,SOUTHWESTERN UNIVERSITY                 ,TX,78626-6111,Private      ,127,44,171,2535,372,2907
00362100,ST EDWARDS UNIVERSITY                   ,TX,78704-0000,Private      ,280,310,590,5923,3513,9436
00362300,ST MARY'S UNIV OF SAN ANTONIO           ,TX,78228-8500,Private      ,244,274,518,5932,4062,9994
00362400,STEPHEN F AUSTIN STATE UNIVERSITY       ,TX,75962-0001,Public       ,745,496,1241,17405,6056,23461
00362500,SUL ROSS STATE UNIVERSITY               ,TX,79832-0113,Public       ,64,148,212,1765,2018,3783
00362600,TARRANT COUNTY COLLEGE                  ,TX,76102-6599,Public       ,1655,4734,6389,20670,36612,57282
00362700,TEMPLE COLLEGE                          ,TX,76504-7435,Public       ,219,775,994,2550,6624,9174
00362800,TEXARKANA COLLEGE                       ,TX,75599-0001,Public       ,125,480,605,1676,3399,5075
00363000,PRAIRIE VIEW A&M UNIVERSITY             ,TX,77446-2967,Public       ,422,535,957,12676,7129,19805
00363100,TARLETON STATE UNIVERSITY               ,TX,76402-0000,Public       ,469,570,1039,9439,7857,17296
00363200,TEXAS A&M UNIVERSITY                    ,TX,77842-0000,Public       ,2428,836,3264,47227,11759,58986
00363400,TEXAS STATE TECHNICAL CLG AT WACO       ,TX,76705-1695,Public       ,263,577,840,3305,4918,8223
00363500,TEXAS CHIROPRACTIC COLLEGE              ,TX,77505-1699,Private      ,5,19,24,36,362,398
00363600,TEXAS CHRISTIAN UNIVERSITY              ,TX,76129-0001,Private      ,834,489,1323,15768,5180,20948
00363700,JARVIS CHRISTIAN COLLEGE                ,TX,75765-1470,Private      ,21,21,42,725,269,994
00363800,TEXAS COLLEGE                           ,TX,75702-4500,Private      ,68,122,190,1215,1137,2352
00363900,TEXAS A&M UNIVERSITY-KINGSVILLE         ,TX,78363-8203,Public       ,401,461,862,9958,7885,17843
00364100,TEXAS LUTHERAN UNIVERSITY               ,TX,78155-5999,Private      ,84,41,125,2435,412,2847
00364200,TEXAS SOUTHERN UNIVERSITY               ,TX,77004-4598,Public       ,548,1093,1641,12279,15958,28237
00364400,TEXAS TECH UNIVERSITY                   ,TX,79409-2011,Public       ,1590,868,2458,29312,12953,42265
00364500,TEXAS WESLEYAN UNIVERSITY               ,TX,76105-1536,Private      ,112,313,425,1813,4634,6447
00364600,TEXAS WOMAN'S UNIVERSITY                ,TX,76204-5587,Public       ,378,1045,1423,9666,15373,25039
00364700,TRINITY UNIVERSITY                      ,TX,78212-7200,Private      ,194,99,293,4176,1158,5334
00364800,TYLER JUNIOR COLLEGE                    ,TX,75701-3436,Public       ,479,1015,1494,8514,8771,17285
00365100,UNIVERSITY OF DALLAS                    ,TX,75062-4799,Private      ,112,210,322,2430,2033,4463
00365200,UNIVERSITY OF HOUSTON                   ,TX,77204-2010,Public       ,1844,2423,4267,38622,33007,71629
00365400,UNIVERSITY OF ST THOMAS                 ,TX,77006-4626,Private      ,100,294,394,1978,3282,5260
00365600,UNIVERSITY OF TEXAS-ARLINGTON           ,TX,76019-0000,Public       ,1149,2789,3938,25724,32158,57882
00365800,UNIVERSITY OF TEXAS-AUSTIN              ,TX,78713-7758,Public       ,2679,1555,4234,50351,23654,74005
00365900,UT HEALTH CENTER-SAN ANTONIO            ,TX,78229-3900,Public       ,132,290,422,1780,4770,6550
00366100,UNIVERSITY OF TEXAS-EL PASO             ,TX,79968-0629,Public       ,643,1012,1655,18321,15517,33838
00366200,VICTORIA COLLEGE                        ,TX,77901-4494,Public       ,153,423,576,1907,3504,5411
00366300,WAYLAND BAPTIST UNIVERSITY              ,TX,79072-6998,Private      ,72,456,528,1732,4608,6340
00366400,WEATHERFORD COLLEGE                     ,TX,76086-5699,Public       ,256,512,768,2775,4124,6899
00366500,WEST TEXAS A&M UNIVERSITY               ,TX,79016-0000,Public       ,359,344,703,6516,4221,10737
00366800,WHARTON COUNTY JR COLLEGE               ,TX,77488-3298,Public       ,237,466,703,3561,3939,7500
00366900,WILEY COLLEGE                           ,TX,75670-5199,Private      ,38,62,100,1414,968,2382
00400300,CENTRAL TEXAS COLLEGE                   ,TX,76540-4199,Public       ,321,3166,3487,3485,20320,23805
00407221,NORTHWOOD UNIVERSITY                    ,TX,75104-0000,Private      ,25,85,110,680,912,1592
00445300,EL CENTRO COLLEGE                       ,TX,75202-0000,Public       ,427,1958,2385,5875,14817,20692
00450303,EVEREST COLLEGE - FORT WORTH SOUTH      ,TX,76115-1407,Proprietary  ,42,253,295,283,1386,1669
00481102,EVEREST INSTITUTE - EVEREST COLLEGE     ,TX,76011-6630,Proprietary  ,40,224,264,289,1199,1488
00494800,TEXAS A&M UNIV SYSTEM HEALTH SCI CT     ,TX,77840-7896,Public       ,199,147,346,2020,2723,4743
00494900,BAYLOR COLLEGE OF MEDICINE              ,TX,77030-0000,Private      ,130,170,300,1101,2277,3378
00495100,UNIV OF TEXAS HEALTH SCIENCE CENTER     ,TX,77225-0000,Public       ,90,285,375,1179,5059,6238
00495200,UNIV OF TEXAS MEDICAL BRANCH            ,TX,77550-0000,Public       ,64,186,250,864,3183,4047
00497200,GALVESTON COLLEGE                       ,TX,77550-7447,Public       ,126,284,410,1335,2256,3591
00497700,SOUTH TEXAS COLLEGE OF LAW              ,TX,77002-0000,Private      ,17,113,130,121,2309,2430
00660600,BAPTIST HS SCHOOL OF HEALTH PROFESSIONS ,TX,78229-3234,Proprietary  ,34,171,205,299,1626,1925
00661200,COVENANT SCH OF NSG & ALLIED HEALTH     ,TX,79410-0000,Private      ,16,60,76,224,585,809
00666100,ANGELINA COLLEGE                        ,TX,75902-0000,Public       ,243,623,866,2677,4382,7059
00694100,DALLAS CHRISTIAN COLLEGE                ,TX,75234-7229,Private      ,36,82,118,396,787,1183
00709600,COLLEGE OF THE MAINLAND                 ,TX,77591-2499,Public       ,140,520,660,1407,3876,5283
00728700,BRAZOSPORT COLLEGE                      ,TX,77566-3199,Public       ,146,318,464,1457,2159,3616
00732907,ITT TECHNICAL INSTITUTE                 ,TX,77063-3751,Proprietary  ,54,194,248,444,1198,1642
00732913,ITT TECHNICAL INSTITUTE                 ,TX,76011-3919,Proprietary  ,102,385,487,478,1516,1994
00732975,ITT TECHNICAL INSTITUTE                 ,TX,78249-3303,Proprietary  ,61,264,325,410,1416,1826
00754805,WESTWOOD COLLEGE OF TECHNOLOGY          ,TX,77074-0000,Proprietary  ,14,53,67,121,443,564
00793804,LINCOLN COLLEGE OF TECHNOLOGY - GRAND PR,TX,75052-7605,Proprietary  ,176,121,297,971,799,1770
00849800,MIMS CLASSIC BEAUTY COLLEGE             ,TX,78216-0000,Proprietary  ,6,20,26,65,146,211
00850300,MOUNTAIN VIEW COLLEGE                   ,TX,75211-6599,Public       ,282,955,1237,4718,8295,13013
00850400,RICHLAND COLLEGE                        ,TX,75243-2199,Public       ,450,1379,1829,6390,11171,17561
00851000,EASTFIELD COLLEGE                       ,TX,75150-2099,Public       ,331,1262,1593,5234,10160,15394
00907905,EVEREST COLLEGE                         ,TX,75206-5209,Proprietary  ,77,428,505,648,2491,3139
00908200,INTERNATIONAL BUSINESS COLLEGE          ,TX,79903-0000,Proprietary  ,43,113,156,231,688,919
00916300,SAN ANTONIO COLLEGE                     ,TX,78212-4299,Public       ,979,2604,3583,14274,22702,36976
00922500,TEXAS STATE TECHNICAL COLLEGE  HARLINGEN,TX,78550-3697,Public       ,280,503,783,4083,4270,8353
00946600,KAPLAN COLLEGE                          ,TX,78216-1899,Proprietary  ,49,228,277,409,1671,2080
00946607,KAPLAN COLLEGE - MCALLEN                ,TX,78503-1622,Proprietary  ,38,136,174,505,843,1348
00946609,KAPLAN COLLEGE - CAREER CENTERS OF TEXAS,TX,78416-9900,Proprietary  ,26,115,141,278,961,1239
00946610,KAPLAN COLLEGE - CAREER CENTERS OF TEXAS,TX,76103-2310,Proprietary  ,28,197,225,237,1152,1389
00954900,WESTERN TEXAS COLLEGE                   ,TX,79549-9501,Public       ,22,77,99,645,565,1210
00965100,TEXAS A&M INTERNATIONAL UNIVERSITY      ,TX,78041-1900,Public       ,310,268,578,6365,3699,10064
00974100,UNIVERSITY OF TEXAS AT DALLAS           ,TX,75083-0000,Public       ,655,880,1535,11788,11710,23498
00976800,UNIVERSITY OF NORTH TEXAS HEALTH SCIENCE,TX,76107-2699,Public       ,67,200,267,773,3170,3943
00979700,MIDLAND COLLEGE                         ,TX,79705-6397,Public       ,128,296,424,1894,2741,4635
00982802,EVEREST INSTITUTE- AUSTIN               ,TX,78754-0000,Proprietary  ,69,238,307,411,1525,1936
00993000,UNIVERSITY OF TEXAS-PERMIAN BASIN       ,TX,79762-0001,Public       ,129,314,443,2436,2930,5366
00993200,TEXAS STATE TECH CLG-WEST TEXAS         ,TX,79556-4108,Public       ,28,117,145,399,682,1081
00993201,TEXAS STATE TECH COLLEGE-ABILENE        ,TX,79601-0000,Public       ,42,144,186,395,906,1301
00993204,TEXAS STATE TECH CLG-BRECKENRIDGE       ,TX,76424-0000,Public       ,8,17,25,66,190,256
00993205,TEXAS STATE TECH COLLEGE-BROWNWOOD      ,TX,76801-0000,Public       ,16,75,91,130,384,514
01001900,UNIV OF TEXAS SOUTHWESTERN MED CTR      ,TX,75390-9096,Public       ,33,142,175,476,2694,3170
01005700,AMERICAN COMMERCIAL COLLEGE             ,TX,79602-1399,Proprietary  ,2,27,29,27,154,181
01005900,AMERICAN COMMERCIAL COLLEGE             ,TX,79761-0000,Proprietary  ,5,27,32,50,172,222
01005901,AMERICAN COMMERCIAL COLLEGE - AMERICAN C,TX,76310-2303,Proprietary  ,9,59,68,63,369,432
01006000,VERNON COLLEGE                          ,TX,76384-4092,Public       ,102,301,403,1372,2901,4273
01011500,UNIVERSITY OF TEXAS-SAN ANTONIO         ,TX,78249-0600,Public       ,1648,1545,3193,38589,21558,60147
01013000,WADE COLLEGE                            ,TX,75207-3199,Proprietary  ,17,61,78,237,509,746
01038700,EL PASO COMMUNITY COLLEGE               ,TX,79998-0000,Public       ,979,1836,2815,16799,18427,35226
01050900,HALLMARK COLLEGE OF AERONAUTICS         ,TX,78214-0000,Proprietary  ,47,230,277,319,1265,1584
01050901,HALLMARK COLLEGE OF  TECHNOLOGY-        ,TX,78230-1736,Proprietary  ,0,0,0,0,1,1
01063300,HOUSTON COMMUNITY COLLEGE               ,TX,77002-0000,Public       ,1884,6696,8580,27328,59507,86835
01067400,TEXAS TECH U HEALTH SCIENCES CENTER     ,TX,79430-0000,Public       ,118,378,496,1653,5591,7244
01076100,DALLAS INSTITUTE OF FUNERAL SERVICE     ,TX,75227-4314,Private      ,10,68,78,100,482,582
01114500,LONE STAR COLLEGE SYSTEM                ,TX,77073-3499,Public       ,1910,5300,7210,24096,43960,68056
01116100,TEXAS A&M UNIV CORPUS CHRISTI           ,TX,78412-5599,Public       ,639,577,1216,12336,7220,19556
01116300,UNIVERSITY OF TEXAS AT TYLER            ,TX,75799-6699,Public       ,289,560,849,5673,6232,11905
01171100,UNIVERSITY OF HOUSTON-CLEAR LAKE        ,TX,77058-1002,Public       ,180,646,826,2675,9037,11712
01201500,AUSTIN COMMUNITY COLLEGE                ,TX,78752-4390,Public       ,1359,3379,4738,18663,29160,47823
01202000,VICTORIA BEAUTY COLLEGE                 ,TX,77901-6233,Proprietary  ,6,26,32,54,168,222
01226800,BALDWIN BEAUTY SCHOOL #5                ,TX,78704-4785,Proprietary  ,26,52,78,210,475,685
01229700,LAREDO BEAUTY COLLEGE                   ,TX,78040-1051,Proprietary  ,6,28,34,128,293,421
01248200,ATI TECHNICAL TRAINING CENTER           ,TX,75235-4622,Proprietary  ,11,76,87,167,658,825
01248209,ATI CAREER TRAINING CENTER - GARLAND    ,TX,75041-2497,Proprietary  ,3,25,28,28,182,210
01248210,ATI CAREER TRAINING CENTER - WACO       ,TX,76711-1682,Proprietary  ,11,46,57,97,365,462
01248300,COSMETOLOGY CAREER CENTER-A PAUL MITCHEL,TX,75006-2567,Proprietary  ,95,138,233,513,698,1211
01248800,INTERNATIONAL BEAUTY COLLEGE NO 3       ,TX,75040-0000,Proprietary  ,4,10,14,13,77,90
01276400,METROPLEX BEAUTY SCHOOL                 ,TX,75149-0000,Proprietary  ,5,28,33,49,163,212
01293000,CHARLES & SUE'S SCH OF HAIR DESIGN      ,TX,77801-0000,Proprietary  ,10,25,35,79,150,229
01293200,TINT SCHOOL OF MAKEUP & COSMETOLOGY     ,TX,75061-4235,Proprietary  ,5,35,40,56,190,246
01300300,NEILSON BEAUTY COLLEGE                  ,TX,75208-4637,Proprietary  ,3,24,27,43,171,214
01301600,OGLE SCHOOL HAIR SKIN NAILS             ,TX,76013-7400,Proprietary  ,42,126,168,362,891,1253
01303912,SOUTH UNIVERSITY - THE ART INSTITUTE OF ,TX,75231-5993,Proprietary  ,152,206,358,1853,1760,3613
01303915,SOUTH UNIVERSITY - AUSTIN               ,TX,78729-8101,Proprietary  ,27,127,154,39,213,252
01323100,UNIVERSITY OF HOUSTON-VICTORIA          ,TX,77901-5731,Public       ,95,388,483,2214,4620,6834
02058600,CONLEE'S COLLEGE OF COSMETOLOGY         ,TX,78028-0000,Proprietary  ,3,15,18,24,71,95
02069302,VATTEROTT COLLEGE - VATTEROTT EDUCATION ,TX,75220-5441,Proprietary  ,0,10,10,8,114,122
02074100,CAPITOL CITY TRADE & TECHNICAL SCH      ,TX,78704-0000,Proprietary  ,32,121,153,197,691,888
02077400,NORTH LAKE COLLEGE                      ,TX,75038-0000,Public       ,188,760,948,3374,6443,9817
02081400,ARLINGTON BAPTIST COLLEGE               ,TX,76012-0000,Private      ,17,71,88,284,463,747
02093600,SOUTHWEST SCHOOL OF ELECTRONIC          ,TX,78735-0000,Proprietary  ,8,28,36,49,160,209
02098300,WESTERN TECHNICAL COLLEGE               ,TX,79927-2105,Proprietary  ,76,224,300,864,1701,2565
02100200,BROOKHAVEN COLLEGE                      ,TX,75244-0000,Public       ,205,882,1087,3276,7595,10871
02113610,AMERICAN INTERCONTINENTAL UNIV - HOUSTON,TX,77042-4516,Proprietary  ,23,237,260,309,1519,1828
02116008,SANFORD-BROWN COLLEGE - HOUSTON         ,TX,77042-8900,Proprietary  ,48,158,206,419,1557,1976
02116012,SANFORD-BROWN COLLEGE - HOUSTON NORTH LO,TX,77008-1058,Proprietary  ,15,83,98,166,716,882
02117100,ART INSTITUTE OF HOUSTON                ,TX,77056-0000,Proprietary  ,618,729,1347,5555,5728,11283
02119200,COURT REPORTING INSTITUTE OF DALLAS     ,TX,75247-6913,Proprietary  ,5,54,59,60,769,829
02119202,COURT REPORTING INSTIUTE OF DALLAS - COU,TX,77040-6315,Proprietary  ,3,20,23,15,166,181
02128302,INSTITUTE FOR BUSINESS & TECHNOLOGY - LA,TX,78230-2520,Proprietary  ,25,114,139,166,581,747
02136800,AMERICAN COMMERCIAL COLLEGE             ,TX,76904-0000,Proprietary  ,7,37,44,69,244,313
02144800,VET TECH INSTITUTE OF HOUSTON           ,TX,77027-9881,Proprietary  ,49,65,114,405,463,868
02176100,PIPO ACADEMY OF HAIR DESIGN             ,TX,79903-0000,Proprietary  ,11,21,32,89,147,236
02200800,AMERICAN COMMERCIAL COLLEGE             ,TX,79411-0000,Proprietary  ,6,24,30,34,147,181
02218300,SOUTHWEST SCHOOL OF BUSINESS & TECHNICAL,TX,78221-0000,Proprietary  ,21,127,148,172,563,735
02218305,SOUTHWEST SCHOOL OF BUSINESS AND TECHNIC,TX,78501-6053,Proprietary  ,4,46,50,71,176,247
02218306,SOUTHWEST SCHOOL OF BUSINESS AND TECHNIC,TX,78413-2045,Proprietary  ,7,41,48,63,172,235
02224600,TRI-STATE BEAUTY SCHOOL #1              ,TX,79915-0000,Proprietary  ,8,56,64,141,410,551
02230500,OGLE SCHOOL HAIR SKIN NAILS             ,TX,76132-3638,Proprietary  ,49,147,196,327,976,1303
02230600,OGLE SCHOOL HAIR SKIN NAILS             ,TX,76053-4650,Proprietary  ,15,60,75,118,323,441
02239100,CENTRAL TEXAS BEAUTY COLLEGE #2         ,TX,78664-4204,Proprietary  ,13,64,77,96,412,508
02248200,MILAN INSTITUTE OF COSMETOLOGY          ,TX,79103-0000,Proprietary  ,142,313,455,699,2145,2844
02254800,TEXAS VOCATIONAL SCHOOLS                ,TX,77901-0000,Proprietary  ,18,47,65,75,205,280
02259400,AMBERTON UNIVERSITY                     ,TX,75041-0000,Private      ,2,77,79,32,432,464
02261300,EVEREST INSTITUTE                       ,TX,78213-3841,Proprietary  ,51,251,302,305,1263,1568
02261302,EVEREST INSTITUTE - HOUSTON GREENSPOINT ,TX,77060-3249,Proprietary  ,41,203,244,313,1219,1532
02261303,EVEREST INSTITUTE - HOUSTON HOBBY       ,TX,77087-2737,Proprietary  ,40,217,257,277,1074,1351
02267100,EXPOSITO SCHOOL OF HAIR DESIGN          ,TX,79109-0000,Proprietary  ,6,22,28,41,116,157
02276000,FRANKLIN BEAUTY SCHOOL #2               ,TX,77021-0000,Proprietary  ,23,64,87,151,459,610
02285900,UNIVERSITY OF COSMETOLOGY ARTS&SCI      ,TX,78504-0000,Proprietary  ,21,87,108,224,457,681
02294800,CAPITOL CITY CAREERS                    ,TX,78745-0000,Proprietary  ,9,59,68,60,362,422
02298501,EVEREST COLLEGE- FORT WORTH             ,TX,76137-2472,Proprietary  ,45,214,259,276,1206,1482
02305300,PARKER COLLEGE OF CHIROPRACTIC          ,TX,75229-0000,Private      ,15,84,99,93,1191,1284
02306700,FORT WORTH BEAUTY SCHOOL                ,TX,76116-3299,Proprietary  ,24,84,108,140,456,596
02312200,TEXAS SCHOOL OF BUSINESS                ,TX,77073-6032,Proprietary  ,44,163,207,404,1185,1589
02312201,TEXAS SCHOOL OF BUSINESS - SOUTHWEST CAM,TX,77057-5914,Proprietary  ,12,70,82,147,598,745
02312202,TEXAS SCHOOL OF BUSINESS - FRIENDSWOOD C,TX,77546-8938,Proprietary  ,17,53,70,99,368,467
02312203,TEXAS SCHOOL OF BUSINESS - EAST CAMPUS  ,TX,77029-1916,Proprietary  ,7,48,55,160,556,716
02313901,WESTWOOD COLLEGE - DALLAS               ,TX,75243-0000,Proprietary  ,21,111,132,205,793,998
02315400,NORTHEAST TEXAS COMMUNITY COLLEGE       ,TX,75456-0000,Public       ,90,340,430,1707,2729,4436
02318200,"KD STUDIO, ACTOR'S CONSERVATORY         ",TX,75207-2111,Proprietary  ,19,59,78,188,381,569
02320200,HOUSTON GRADUATE SCHOOL OF THEOLOGY     ,TX,77092-0000,Private      ,2,36,38,18,322,340
02326000,SAN ANTONIO BEAUTY COLLEGE NO 3         ,TX,78217-0000,Proprietary  ,20,39,59,125,222,347
02331200,BAPTIST MISSIONARY ASSN THEOL SEM       ,TX,75766-0000,Private      ,0,8,8,11,85,96
02331300,INTERACTIVE LEARNING SYSTEMS            ,TX,77502-1201,Proprietary  ,2,65,67,23,279,302
02331301,INTERACTIVE LEARNING SYSTEMS            ,TX,77081-0000,Proprietary  ,20,167,187,103,658,761
02331304,INTERACTIVE LEARNING SYSTEMS            ,TX,77060-0000,Proprietary  ,8,58,66,31,314,345
02341300,PALO ALTO COLLEGE                       ,TX,78224-0000,Public       ,362,956,1318,6003,8341,14344
02348500,LAMAR STATE COLLEGE-PORT ARTHUR         ,TX,77640-0000,Public       ,123,318,441,1328,2903,4231
02357700,PAUL MITCHELL THE SCHOOL                ,TX,77043-3412,Proprietary  ,54,133,187,355,834,1189
02358200,LAMAR STATE COLLEGE-ORANGE              ,TX,77630-0000,Public       ,84,268,352,1019,2486,3505
02361400,COLLIN COUNTY COMMUNITY COLLEGE         ,TX,75071-0000,Public       ,738,1809,2547,8998,14531,23529
02362000,UNIVERSAL TECHNICAL INSTITUTE           ,TX,77073-0000,Proprietary  ,397,588,985,4562,3968,8530
02362800,AUSTIN GRADUATE SCHOOL OF THEOLOGY      ,TX,78752-1333,Private      ,3,14,17,24,172,196
02521200,ARLINGTON CAREER INSTITUTE              ,TX,75050-0000,Proprietary  ,9,54,63,70,413,483
02521800,SEGUIN BEAUTY SCHOOL                    ,TX,78155-0000,Proprietary  ,6,30,36,72,140,212
02527500,HOUSTON TRAINING SCHOOLS                ,TX,77029-0000,Proprietary  ,36,179,215,229,1164,1393
02530700,SEBRING CAREER SCHOOLS                  ,TX,77083-1510,Proprietary  ,3,32,35,25,146,171
02548800,SOUTH TEXAS VO-TECH INSTITUTE           ,TX,78596-0000,Proprietary  ,25,43,68,285,353,638
02548802,SOUTH TEXAS VOCATIONAL TECHNICAL INSTITU,TX,78520-8710,Proprietary  ,18,41,59,266,356,622
02549400,SOUTH TEXAS VO-TECH INSTITUTE           ,TX,78501-0000,Proprietary  ,27,93,120,347,640,987
02549402,SOUTH TEXAS VOCATIONAL TECHNICAL INSTITU,TX,78416-1141,Proprietary  ,16,73,89,178,498,676
02555400,UNIV OF TX MD ANDERSON CANCER CTR       ,TX,77030-0000,Public       ,12,74,86,222,879,1101
02567200,OFFICE CAREER CENTER                    ,TX,76180-0000,Proprietary  ,0,0,0,0,1,1
02568100,TEXAS BARBER COLLEGE                    ,TX,77063-3949,Proprietary  ,37,119,156,292,1074,1366
02568101,TEXAS BARBER COLLEGES & HAIRSTYLING SCHO,TX,75228-3841,Proprietary  ,19,98,117,56,256,312
02568106,TEXAS BARBER COLLEGES & HAIRSTYLING SCHO,TX,77009-0000,Proprietary  ,16,57,73,60,202,262
02568107,TEXAS BARBER COLLEGES & HAIRSTYLING SCHO,TX,77063-3951,Proprietary  ,20,59,79,46,191,237
02568108,TEXAS BARBER COLLEGES & HAIRSTYLING SCHO,TX,75241-1327,Proprietary  ,22,92,114,63,276,339
02568109,TEXAS BARBER COLLEGES & HAIRSTYLING SCHO,TX,77301-4407,Proprietary  ,15,21,36,24,67,91
02569300,LE CORDON BLEU COLLEGE OF CULINARY ARTS ,TX,78758-3647,Proprietary  ,183,527,710,1664,4104,5768
02572000,COMPUTER CAREER CENTER                  ,TX,79925-2021,Proprietary  ,98,470,568,639,2200,2839
02572004,COMPUTER CAREER CENTER - AMARILLO CAMPUS,TX,79101-2404,Proprietary  ,36,103,139,139,529,668
02572005,COMPUTER CAREER CENTER - LUBBOCK CAMPUS ,TX,79414-3517,Proprietary  ,25,117,142,165,680,845
02580100,IVERSON BUSINESS SCH & COURT REPORT     ,TX,76011-1344,Proprietary  ,4,51,55,23,228,251
02591100,CAREER POINT COLLEGE                    ,TX,78201-2027,Proprietary  ,44,451,495,386,2763,3149
02591900,KAPLAN COLLEGE                          ,TX,79907-1525,Proprietary  ,51,183,234,604,1395,1999
02591905,KAPLAN COLLEGE - BROWNSVILLE            ,TX,78521-9905,Proprietary  ,30,87,117,274,587,861
02596400,REDSTONE COLLEGE - LOS ANGELES          ,TX,77061-0000,Proprietary  ,15,42,57,190,369,559
02596500,ATI CAREER TRAINING CENTER              ,TX,76180-1599,Proprietary  ,11,47,58,140,623,763
02596503,ATI- CAREER TRAINING CENTER - HOUSTON (#,TX,77029-1978,Proprietary  ,10,87,97,134,513,647
02596600,ATI-CAREER TRAINING CENTER              ,TX,75220-4443,Proprietary  ,10,79,89,95,494,589
02596601,ATI CAREER TRAINING CENTER - RICHARDSON ,TX,75081-1948,Proprietary  ,4,19,23,38,160,198
02596602,ATI CAREER TRAINING CENTER - DALLAS (STE,TX,75247-6103,Proprietary  ,22,149,171,240,967,1207
02600200,OCEAN CORPORATION (THE)                 ,TX,77099-3479,Proprietary  ,42,222,264,236,1067,1303
02604700,CENTER FOR ADVANCED LEGAL STUDIES       ,TX,77098-4151,Proprietary  ,11,76,87,49,527,576
02606202,EVEREST COLLEGE - EVEREST INSTITUTE - BI,TX,77036-8014,Proprietary  ,56,343,399,369,1757,2126
02615000,SANFORD-BROWN COLLEGE                   ,TX,75247-6931,Proprietary  ,72,273,345,549,2018,2567
03009400,SW SCH BUS & TECH CAREERS               ,TX,78212-2840,Proprietary  ,4,38,42,61,236,297
03010604,VIRGINIA COLLEGE - VIRGINIA COLLEGE AT A,TX,78723-0000,Proprietary  ,17,94,111,202,1107,1309
03011800,UNIVERSITY OF COSMETOLOGY ARTS & SCIENCE,TX,78226-1160,Proprietary  ,17,33,50,131,198,329
03019800,PCI HEALTH TRAINING CENTER              ,TX,75247-4720,Proprietary  ,53,183,236,321,967,1288
03021500,SW SCH BUS & TECH CAREERS               ,TX,78852-4859,Proprietary  ,14,40,54,237,264,501
03025000,TEXAS COLLEGE OF COSMETOLOGY            ,TX,79605-2001,Proprietary  ,9,56,65,89,297,386
03025001,TEXAS COLLEGE OF COSMETOLOGY - SAN ANGEL,TX,76903-4708,Proprietary  ,3,15,18,46,116,162
03026500,REMINGTON COLLEGE - HOUSTON CAMPUS      ,TX,77082-1849,Private      ,145,507,652,1000,3115,4115
03026501,REMINGTON COLLEGE - NORTH HOUSTON CAMPUS,TX,77067-1849,Private      ,28,118,146,225,814,1039
03026505,REMINGTON COLLEGE - HOUSTON CAMPUS - DAL,TX,75041-9935,Private      ,14,73,87,164,500,664
03026506,REMINGTON COLLEGE - FT. WORTH CAMPUS    ,TX,76112-1280,Private      ,44,225,269,360,1246,1606
03028800,CIRCLE J BEAUTY SCHOOL                  ,TX,77587-3714,Proprietary  ,9,42,51,41,248,289
03030608,UTAH COLLEGE OF MASSAGE THERAPY - TEXAS ,TX,75801-4848,Proprietary  ,14,71,85,96,297,393
03030609,UTAH COLLEGE OF MASSAGE THERAPY - TEXAS ,TX,77040-6307,Proprietary  ,23,83,106,27,100,127
03031408,INTERNATIONAL ACADEMY OF DESIGN & TECHNO,TX,78229-2263,Proprietary  ,27,49,76,297,696,993
03032300,SCHOOL OF AUTOMOTIVE MACHINISTS         ,TX,77055-1803,Proprietary  ,23,72,95,184,394,578
03035200,TINT SCHOOL OF MAKEUP & COSMETOLOGY     ,TX,75229-3734,Proprietary  ,18,67,85,134,407,541
03035300,SOUTHERN CAREERS INSTITUTE              ,TX,78704-5252,Proprietary  ,149,518,667,806,2798,3604
03035301,SOUTHERN CAREERS INSTITUTE-PHARR        ,TX,78577-2118,Proprietary  ,20,69,89,123,315,438
03035302,SOUTHERN CAREERS INSTITUTE - CORPUS CHRI,TX,78414-2904,Proprietary  ,27,106,133,142,547,689
03035303,SOUTHERN CAREERS INSTITUTE - SAN ANTONIO,TX,78221-4351,Proprietary  ,4,42,46,84,298,382
03035305,SOUTHERN CAREERS INSTITUTE - BROWNSVILLE,TX,78520-8680,Proprietary  ,5,18,23,85,124,209
03035306,SOUTHERN CAREERS INSTITUTE - HARLINGEN  ,TX,78550-7911,Proprietary  ,3,26,29,79,138,217
03035307,SOUTHERN CAREERS INSTITUTE - CORPUS CHRI,TX,78410-1609,Proprietary  ,4,29,33,55,150,205
03061800,STAR COLLEGE OF COSMETOLOGY             ,TX,75702-8214,Proprietary  ,11,48,59,136,330,466
03064600,UNIVERSITY OF TEXAS AT BROWNSVILLE      ,TX,78520-4993,Public       ,405,687,1092,9431,9096,18527
03073402,ITT TECHNICAL INSTITUTE                 ,TX,75080-2208,Proprietary  ,0,0,0,0,1,1
03075400,ICC TECHNICAL INSTITUTE                 ,TX,77004-2930,Private      ,12,55,67,91,269,360
03076403,BRYMAN SCHOOL OF ARIZONA (THE) - ANTHEM ,TX,75038-4201,Proprietary  ,3,17,20,35,116,151
03079201,WESTWOOD COLLEGE OF TECHNOLOGY          ,TX,76180-0000,Proprietary  ,2,19,21,30,116,146
03103400,SOUTH TEXAS COLLEGE                     ,TX,78501-6699,Public       ,749,1350,2099,15021,14220,29241
03108700,ROYAL BEAUTY CAREERS                    ,TX,77069-4611,Proprietary  ,25,66,91,153,565,718
03111000,MID-CITIES BARBER COLLEGE               ,TX,75051-4810,Proprietary  ,4,12,16,67,188,255
03115800,KAPLAN COLLEGE                          ,TX,78238-4203,Proprietary  ,36,191,227,353,1308,1661
03115802,KAPLAN COLLEGE - LAREDO                 ,TX,78041-6181,Proprietary  ,34,63,97,189,498,687
03115803,KAPLAN COLLEGE-BEAUMONT                 ,TX,77701-3706,Proprietary  ,24,131,155,197,811,1008
03115804,KAPLAN COLLEGE - LUBBOCK                ,TX,79401-2601,Proprietary  ,21,90,111,178,637,815
03128100,ACADEMY OF HEALTH CARE PROFESSIONS      ,TX,77092-8108,Proprietary  ,111,467,578,622,2429,3051
03144300,NATIONAL BEAUTY COLLEGE                 ,TX,75043-4046,Proprietary  ,2,21,23,23,91,114
03153300,AMER COLL OF ACUPUNCTURE & O.M.         ,TX,77063-4104,Proprietary  ,2,38,40,17,194,211
03156400,ACADEMY OF ORIENTAL MEDICINE AT AUSTIN  ,TX,78757-1132,Proprietary  ,11,53,64,73,393,466
03159300,ARLINGTON MEDICAL INSTITUTE             ,TX,76011-0000,Proprietary  ,26,105,131,201,573,774
03170300,TEXAS A&M UNIVERSITY-TEXARKANA          ,TX,75501-0000,Public       ,70,248,318,1601,2641,4242
03179500,TEXAS COLG TRADITIONAL CHINESE MED      ,TX,78704-6748,Proprietary  ,1,17,18,16,161,177
03189400,COLLEGE OF SAINT THOMAS MORE            ,TX,76109-2323,Private      ,0,0,0,40,91,131
03237400,FARIS COMPUTER SCHOOL                   ,TX,77627-3829,Proprietary  ,0,6,6,1,29,30
03272300,KAPLAN COLLEGE                          ,TX,75234-7288,Proprietary  ,44,245,289,368,1642,2010
03272301,KAPLAN COLLEGE - MIDLAND                ,TX,79703-5531,Proprietary  ,4,21,25,116,403,519
03272303,KAPLAN COLLEGE - ARLINGTON              ,TX,76010-8121,Proprietary  ,42,215,257,311,1233,1544
03275300,TOUCH OF CLASS SCHOOL OF COSM           ,TX,75402-6314,Proprietary  ,12,40,52,54,176,230
03276300,ACADEMY OF HAIR DESIGN                  ,TX,75901-4900,Proprietary  ,10,49,59,98,316,414
03277300,ACADEMY OF HAIR DESIGN                  ,TX,77701-4650,Proprietary  ,10,46,56,74,252,326
03303300,NORTHWEST EDUCATIONAL CENTER            ,TX,77092-7055,Proprietary  ,15,78,93,62,389,451
03371300,TONI&GUY HAIRDRESSING ACADEMY           ,TX,75006-2351,Proprietary  ,29,39,68,181,281,462
03372300,NORTHWEST VISTA COLLEGE                 ,TX,78251-4217,Public       ,770,1353,2123,10501,11967,22468
03396500,TEXAS STATE TECHNICAL COLG/MARSHALL     ,TX,75672-7402,Public       ,49,96,145,496,739,1235
03400300,CAREER QUEST                            ,TX,78229-3539,Proprietary  ,24,153,177,123,764,887
03412300,ADVANCED BARBER COLLEGE & HAIR DESI     ,TX,78596-0000,Proprietary  ,14,44,58,93,273,366
03416500,DALLAS NURSING INSTITUTE                ,TX,75243-5502,Proprietary  ,46,216,262,408,1931,2339
03422300,MILAN INSTITUTE                         ,TX,78238-4103,Proprietary  ,138,341,479,869,2174,3043
03422400,COLLEGE OF BIBLICAL STUDIES-HOUSTON     ,TX,77036-3211,Private      ,15,155,170,109,1221,1330
03424400,MEDVANCE INSTITUTE                      ,TX,77057-7386,Proprietary  ,29,153,182,350,1294,1644
03426300,CAREER ADVANCEMENT CENTER               ,TX,78752-3630,Proprietary  ,24,150,174,75,450,525
03480304,MEDVANCE INSTITUTE OF BATON ROUGE - GRAN,TX,75050-2342,Proprietary  ,19,51,70,113,381,494
03509400,CORYELL COSMETOLOGY COLLEGE             ,TX,76528-2036,Proprietary  ,0,0,0,1,2,3
03520300,LUBBOCK HAIR ACADEMY                    ,TX,79410-3524,Proprietary  ,4,22,26,53,134,187
03542300,CONCORDE CAREER INSTITUTE               ,TX,76011-4016,Proprietary  ,33,251,284,289,1549,1838
03551400,STATE BEAUTY ACADEMY                    ,TX,75116-3501,Proprietary  ,0,3,3,12,49,61
03556400,KUSSAD INSTITUTE OF COURT REPORTING     ,TX,78704-5712,Proprietary  ,0,6,6,7,74,81
03573300,AVIATION INSTITUTE OF MAINTENANCE       ,TX,75209-3017,Proprietary  ,35,128,163,210,856,1066
03610300,MJ'S BEAUTY ACADEMY INC                 ,TX,75224-4425,Proprietary  ,6,50,56,59,198,257
03612400,VALLEY GRANDE INSTITUTE FOR ACADEMI     ,TX,78596-0000,Private      ,17,84,101,125,432,557
03627300,LAMAR INSTITUTE OF TECHNOLOGY           ,TX,77705-4142,Public       ,173,442,615,2244,3736,5980
03676400,HEALTHY HAIR ACADEMY                    ,TX,75227-0000,Proprietary  ,13,93,106,68,404,472
03680300,JAY'S TECHNICAL INSTITUTE               ,TX,77031-3509,Proprietary  ,10,43,53,62,246,308
03682400,DALLAS BARBER & STYLIST COLLEGE         ,TX,75231-0000,Proprietary  ,28,133,161,178,794,972
03714300,TREND BARBER COLLEGE                    ,TX,77071-2104,Proprietary  ,23,130,153,148,609,757
03723300,CULINARY INST ALAIN & MARIE LENOTRE     ,TX,77022-4322,Proprietary  ,34,105,139,337,737,1074
03727600,CULINARY ACADEMY OF AUSTIN              ,TX,78752-0000,Proprietary  ,47,88,135,389,567,956
03731300,INTERNATIONAL RENOWNED BEAUTY ACADE     ,TX,76103-2504,Proprietary  ,5,32,37,37,170,207
03733300,BAPTIST UNIVERSITY OF THE AMERICAS      ,TX,78224-1336,Private      ,12,47,59,135,407,542
03756300,ANAMARC COLLEGE                         ,TX,79930-6230,Proprietary  ,51,245,296,478,1717,2195
03922300,SOUTH TEXAS BARBER COLLEGE              ,TX,78415-3463,Proprietary  ,7,23,30,60,96,156
03944400,PROFESSIONAL CAREERS INSTITUTE          ,TX,77036-2252,Proprietary  ,6,28,34,46,281,327
03944401,PROFESSIONAL CAREERS INSTITUTE          ,TX,77090-3914,Proprietary  ,7,44,51,21,150,171
03970300,HANDS ON THERAPY                        ,TX,75149-2294,Proprietary  ,6,38,44,31,182,213
03987300,TEXAS HEALTH SCHOOL                     ,TX,77079-2106,Proprietary  ,30,105,135,270,832,1102
04036300,SOUTHEAST TEXAS CAREER INSTITUTE        ,TX,77656-8601,Proprietary  ,7,29,36,67,146,213
04045300,NORTHWEST BEAUTY SCHOOL                 ,TX,77091-1208,Proprietary  ,17,38,55,79,230,309
04045400,MAI-TRIX BEAUTY COLLEGE                 ,TX,77040-0000,Proprietary  ,7,32,39,66,220,286
04082300,PROFESSIONAL CAREER TRAINING INSTITUTE  ,TX,77090-0000,Proprietary  ,5,72,77,35,337,372
04089400,CCI TRAINING CENTER                     ,TX,76011-4857,Proprietary  ,8,96,104,71,446,517
04117900,CHAMPION BEAUTY COLLEGE                 ,TX,77069-4611,Proprietary  ,12,53,65,80,370,450
04121800,CRISWELL COLLEGE                        ,TX,75246-1537,Private      ,21,71,92,119,357,476
04125400,ACADEMY AT AUSTIN (THE)                 ,TX,78660-3287,Proprietary  ,32,35,67,127,243,370
04125500,MANUEL AND THERESA'S SCHOOL OF HAIR DESI,TX,77803-3236,Proprietary  ,4,15,19,36,93,129
04129800,MEDIATECH INSTITUTE DALLAS              ,TX,75039-3105,Proprietary  ,11,60,71,163,344,507
04129801,MEDIATECH INSTITUTE - AUSTIN            ,TX,78704-8933,Proprietary  ,16,33,49,127,241,368
04129802,MEDIATECH INSTITUTE HOUSTON             ,TX,77042-4712,Proprietary  ,14,39,53,130,264,394
04131700,SOUTHWEST CAREER COLLEGE                ,TX,79925-6230,Proprietary  ,106,318,424,834,1943,2777
04135600,CANNON INSTITUTE OF HIGHER LEARNING     ,TX,75247-9998,Proprietary  ,5,31,36,17,118,135
04136500,PCCENTER                                ,TX,75115-4214,Proprietary  ,2,22,24,19,97,116
04138500,CARDIOTECH ULTRASOUND SCHOOL            ,TX,77099-1440,Proprietary  ,14,79,93,124,663,787
04142300,AVEDA INSTITUTE SAN ANTONIO             ,TX,78215-1260,Proprietary  ,65,140,205,353,748,1101
04146700,AVIATION INSTITUTE OF MAINTENANCE       ,TX,77061-4004,Proprietary  ,40,98,138,226,574,800
04146800,SOUTH TEXAS TRAINING CENTER             ,TX,78586-7721,Proprietary  ,7,25,32,41,166,207
04152700,ASTRODOME CAREER CENTERS                ,TX,77054-2678,Proprietary  ,4,39,43,51,243,294
04154800,DUVALL'S SCHOOL OF COSMETOLOGY          ,TX,76021-4159,Proprietary  ,10,25,35,45,127,172
04155800,ADVANCED BEAUTY COLLEGE                 ,TX,75061-1918,Proprietary  ,3,13,16,27,106,133
04158500,TEXAS BEAUTY COLLEGE                    ,TX,76117-3201,Proprietary  ,0,17,17,7,81,88
04160700,AVENUE FIVE INSTITUTE                   ,TX,78757-7000,Proprietary  ,22,55,77,200,430,630
04161100,CORPUS CHRISTI BEAUTY ACADEMY           ,TX,78412-3900,Proprietary  ,7,32,39,72,168,240
04165800,SALON PROFESSIONAL ACADEMY (THE)        ,TX,75067-5390,Proprietary  ,10,26,36,53,134,187
04168700,LAWYER'S ASSISTANT SCHOOL OF DALLAS     ,TX,75201-2829,Proprietary  ,6,70,76,52,430,482
04168800,ABC BEAUTY ACADEMY                      ,TX,75042-8682,Proprietary  ,6,25,31,27,115,142
04169000,SALON & SPA INSTITUTE                   ,TX,78521-1727,Proprietary  ,9,21,30,71,136,207
04169100,DIAMONDS COSMETOLOGY COLLEGE            ,TX,75090-2657,Proprietary  ,4,16,20,28,103,131
04177900,BUCKNER BARBER SCHOOL                   ,TX,75217-1775,Proprietary  ,10,41,51,64,252,316
04178200,VOGUE COLLEGE - SAN ANTONIO             ,TX,78201-5035,Proprietary  ,8,36,44,88,205,293
04178300,VOGUE BEAUTY ACADEMY                    ,TX,78238-4402,Proprietary  ,7,45,52,124,253,377
04178400,VOGUE COLLEGE - MCALLEN                 ,TX,78501-1945,Proprietary  ,8,48,56,84,219,303
04179500,NORTH AMERICAN COLLEGE                  ,TX,77038-0000,Private      ,15,30,45,225,273,498
04184800,EXCEL LEARNING CENTER                   ,TX,79907-1400,Proprietary  ,9,48,57,23,173,196
04187800,CYBERTEX INSTITUTE OF TECHNOLOGY        ,TX,78752-3825,Proprietary  ,9,58,67,9,58,67
04193000,RGV CAREERS AN INSTITUTE FOR HIGHER LEAR,TX,78577-2106,Proprietary  ,4,24,28,19,134,153
04205200,WADE GORDON HAIRDRESSING ACADEMY        ,TX,79121-0548,Proprietary  ,8,30,38,40,131,171
04213300,SPA PROFESSIONALS ACADEMY (THE)         ,TX,78504-2569,Proprietary  ,4,33,37,9,72,81
00367000,BRIGHAM YOUNG UNIVERSITY                ,UT,84602-8406,Private      ,1321,1181,2502,16168,13930,30098
00367100,DIXIE STATE COLLEGE OF UTAH             ,UT,84770-3876,Public       ,497,555,1052,5506,5611,11117
00367200,LDS BUSINESS COLLEGE                    ,UT,84101-3500,Private      ,170,190,360,1479,1402,2881
00367400,STEVENS HENAGER COLLEGE                 ,UT,84401-1420,Proprietary  ,360,2487,2847,1903,15111,17014
00367500,UNIVERSITY OF UTAH                      ,UT,84112-9055,Public       ,1153,1559,2712,15813,20197,36010
00367600,UTAH STATE UNIVERSITY - COLLEGE OF EASTE,UT,84501-2699,Public       ,0,0,0,736,678,1414
00367700,UTAH STATE UNIVERSITY                   ,UT,84322-1400,Public       ,1139,1253,2392,12967,13985,26952
00367800,SOUTHERN UTAH UNIVERSITY                ,UT,84720-2470,Public       ,551,404,955,6177,4054,10231
00367900,SNOW COLLEGE                            ,UT,84627-1299,Public       ,287,177,464,3161,1289,4450
00368000,WEBER STATE UNIVERSITY                  ,UT,84408-1136,Public       ,787,1454,2241,8844,14820,23664
00368100,WESTMINSTER COLLEGE                     ,UT,84105-3697,Private      ,166,263,429,3045,2319,5364
00402700,UTAH VALLEY UNIVERSITY                  ,UT,84058-5999,Public       ,1313,2002,3315,11436,20001,31437
00522000,SALT LAKE COMMUNITY COLLEGE             ,UT,84123-0000,Public       ,1261,2984,4245,10776,22733,33509
00732953,ITT TECHNICAL INSTITUTE                 ,UT,84123-2500,Proprietary  ,89,325,414,465,1835,2300
00943300,SHERMAN KENDALL'S ACADEMY OF BEAUTY     ,UT,84106-1836,Proprietary  ,12,16,28,49,118,167
01009800,NEUMONT UNIVERSITY                      ,UT,84095-0000,Proprietary  ,37,14,51,766,144,910
01116500,UINTAH BASIN APPLIED TECHNOLOGY CLG     ,UT,84066-0000,Public       ,4,29,33,33,169,202
01116600,BROADVIEW UNIVERSITY                    ,UT,84088-4021,Proprietary  ,47,192,239,476,1549,2025
02078800,SHERMAN KENDALL'S ACADEMY OF BEAUTY     ,UT,84047-0000,Proprietary  ,3,8,11,15,55,70
02115400,BRIDGERLAND APPLIED TECHNOLOGY COLLEGE  ,UT,84321-0000,Public       ,59,167,226,493,1240,1733
02156600,DAVIS APPLIED TECHNOLOGY COLLEGE        ,UT,84037-0000,Public       ,74,283,357,575,1915,2490
02178500,EAGLE GATE COLLEGE                      ,UT,84123-0000,Proprietary  ,46,245,291,263,1773,2036
02270800,AMERITECH COLLEGE                       ,UT,84604-6927,Proprietary  ,54,416,470,284,2287,2571
02270802,AMERITECH COLLEGE - DRAPER              ,UT,84020-6545,Proprietary  ,15,89,104,77,652,729
02298500,EVEREST COLLEGE                         ,UT,84119-2668,Proprietary  ,28,201,229,183,1148,1331
02346500,OGDEN-WEBER APPLIED TECHNOLOGY COLG     ,UT,84404-0000,Public       ,94,395,489,660,2559,3219
02360800,PROVO COLLEGE                           ,UT,84601-0000,Proprietary  ,32,134,166,270,908,1178
02504001,MARINELLO SCHOOL OF BEAUTY - MAIN STREET,UT,84041-3002,Proprietary  ,0,0,0,11,23,34
02531800,VON CURTIS ACADEMY OF HAIR DESIGN       ,UT,84606-0000,Proprietary  ,147,174,321,856,1107,1963
02556800,PAUL MITCHELL THE SCHOOL                ,UT,84117-7204,Proprietary  ,55,102,157,241,525,766
02556801,PAUL MITCHELL THE SCHOOL                ,UT,84780-0000,Proprietary  ,8,17,25,67,83,150
02557700,PREMIER HAIR ACADEMY                    ,UT,84120-3603,Proprietary  ,0,0,0,5,18,23
02572700,EVANS HAIRSTYLING COLLEGE               ,UT,84770-0000,Proprietary  ,4,10,14,48,52,100
02572800,VISTA COLLEGE                           ,UT,84015-0000,Proprietary  ,8,76,84,34,448,482
02573100,EVANS HAIRSTYLING COLLEGE               ,UT,84720-0000,Proprietary  ,9,10,19,51,64,115
02612200,MARINELLO SCHOOL OF BEAUTY              ,UT,84604-1585,Proprietary  ,14,24,38,105,143,248
03030600,UTAH COLLEGE OF MASSAGE THERAPY         ,UT,84111-1606,Proprietary  ,36,106,142,279,648,927
03030601,UTAH CLG OF MASSAGE THER-PROVO CMPS     ,UT,84042-0000,Proprietary  ,12,23,35,69,147,216
03082100,MYOTHERAPY COLLEGE OF UTAH              ,UT,84115-2522,Proprietary  ,4,24,28,27,144,171
03108200,ECHELON EDGE ACADEMY OF HAIR SKIN & NAIL,UT,84070-2004,Proprietary  ,5,22,27,42,93,135
03110400,HAIRITAGE HAIR ACADEMY                  ,UT,84770-5233,Proprietary  ,8,12,20,47,72,119
03339400,WESTERN GOVERNORS UNIVERSITY            ,UT,84107-2533,Private      ,192,6481,6673,1406,48675,50081
03413300,MOUNTAINLAND APPLIED TECHNOLOGY COLLEGE ,UT,84058-5857,Public       ,43,121,164,349,856,1205
03463300,CAREERS UNLIMITED                       ,UT,84058-0000,Proprietary  ,8,21,29,76,208,284
03467308,MARINELLO SCHOOL OF BEAUTY - OGDEN      ,UT,84405-1501,Proprietary  ,18,28,46,78,224,302
03467309,MARINELLO SCHOOL OF BEAUTY - LAYTON     ,UT,84041-3002,Proprietary  ,8,34,42,65,166,231
03617300,HEALING MOUNTAIN MASSAGE SCHOOL         ,UT,84111-0000,Proprietary  ,6,38,44,51,176,227
03829500,SKINWORKS SCHOOL OF ADVANCED SKINCARE   ,UT,84115-0000,Proprietary  ,10,24,34,45,145,190
03838300,NIGHTINGALE COLL. SCH. OF NURSING SCH. O,UT,84403-0000,Proprietary  ,6,35,41,35,199,234
03902300,RENAISSANCE SCHOOL OF THERAPEUTIC MASSAG,UT,84010-2835,Proprietary  ,2,4,6,9,31,40
03909300,MAXIMUM STYLE TEC SCHOOL OF COSMETOLOGY ,UT,84323-4679,Proprietary  ,5,16,21,52,96,148
03921300,CAMEO COLLEGE OF ESSENTIAL BEAUTY       ,UT,84115-0000,Proprietary  ,27,64,91,122,434,556
04054300,SOUTHWEST APPLIED TECHNOLOGY COLLEGE    ,UT,84720-6608,Public       ,6,49,55,104,335,439
04072300,AVEDA INSTITUTE PROVO                   ,UT,84604-1008,Proprietary  ,27,25,52,122,173,295
04118100,IMAGEWORKS ACADEMY OF HAIR DESIGN       ,UT,84660-1210,Proprietary  ,2,12,14,15,93,108
04121700,DIXIE APPLIED TECHNOLOGY COLLEGE        ,UT,84770-3025,Public       ,29,70,99,217,498,715
04142100,SKIN INSTITUTE (THE)                    ,UT,84770-6452,Proprietary  ,3,18,21,26,88,114
04145500,SKIN SCIENCE INSTITUTE (THE)            ,UT,84115-0000,Proprietary  ,10,32,42,48,195,243
04153000,RENAISSANCE ACADEMIE                    ,UT,84604-0000,Proprietary  ,3,9,12,49,67,116
04161900,MANDALYN ACADEMY                        ,UT,84003-2161,Proprietary  ,6,18,24,14,81,95
04165500,ACAYDIA SCHOOL OF AESTHETICS            ,UT,84601-0000,Proprietary  ,8,13,21,39,86,125
04169900,AMERICAN BEAUTY ACADEMY                 ,UT,84651-0000,Proprietary  ,1,15,16,33,56,89
04173200,TAYLOR ANDREWS ACADEMY OF HAIR DESIGN   ,UT,84088-6577,Proprietary  ,18,32,50,99,197,296
04183000,TOP NAILS & HAIR BEAUTY SCHOOL          ,UT,84118-0000,Proprietary  ,1,3,4,1,3,4
04184200,TAYLOR ANDREWS ACADEMY-ST. GEORGE       ,UT,84790-2139,Proprietary  ,8,18,26,78,119,197
04192700,BARBER SCHOOL (THE)                     ,UT,84047-3723,Proprietary  ,9,34,43,32,126,158
04193200,ROCKY MOUNTAIN UNIVERSITY OF HEALTH PROF,UT,84606-7312,Proprietary  ,6,61,67,28,316,344
04210300,MEDSPA ACADEMIES                        ,UT,84095-3519,Proprietary  ,5,31,36,35,153,188
04216800,BONNIE JOSEPH ACADEMY OF COSMETOLOGY & B,UT,84032-2044,Proprietary  ,0,15,15,0,15,15
00368200,BENNINGTON COLLEGE                      ,VT,05201-6001,Private      ,42,12,54,1248,289,1537
00368300,CASTLETON STATE COLLEGE                 ,VT,05735-0000,Public       ,97,34,131,3530,537,4067
00368400,CHAMPLAIN COLLEGE                       ,VT,05401-3950,Private      ,276,134,410,4182,1380,5562
00368402,WOODBURY COLLEGE                        ,VT,05602-0000,Private      ,0,2,2,3,13,16
00368500,COLLEGE OF ST JOSEPH                    ,VT,05701-3899,Private      ,6,21,27,141,251,392
00368600,GODDARD COLLEGE                         ,VT,05667-0000,Private      ,6,80,86,72,1011,1083
00368700,GREEN MOUNTAIN COLLEGE                  ,VT,05764-1199,Private      ,21,38,59,1033,281,1314
00368800,JOHNSON STATE COLLEGE                   ,VT,05656-9898,Public       ,42,52,94,1551,1022,2573
00368900,LYNDON STATE COLLEGE                    ,VT,05851-0919,Public       ,54,17,71,2230,412,2642
00369000,MARLBORO COLLEGE                        ,VT,05344-0300,Private      ,13,15,28,376,135,511
00369100,MIDDLEBURY COLLEGE                      ,VT,05753-0000,Private      ,120,32,152,4589,576,5165
00369200,NORWICH UNIVERSITY                      ,VT,05663-1035,Private      ,87,161,248,3320,1518,4838
00369300,SOUTHERN VERMONT COLLEGE                ,VT,05201-6002,Private      ,12,18,30,772,258,1030
00369400,ST MICHAELS COLLEGE                     ,VT,05439-0001,Private      ,90,19,109,4181,252,4433
00369600,UNIVERSITY OF VERMONT                   ,VT,05405-0160,Public       ,467,158,625,19575,3481,23056
00369700,VERMONT COLLEGE OF FINE ARTS            ,VT,05602-3128,Private      ,4,44,48,30,515,545
00369800,VERMONT TECHNICAL COLLEGE               ,VT,05061-0000,Public       ,37,56,93,1338,936,2274
00857500,SALON PROFESSIONAL ACADEMY (THE)        ,VT,05495-4001,Proprietary  ,6,14,20,61,91,152
00865800,O'BRIENS AVEDA INSTITUTE                ,VT,05403-7747,Proprietary  ,3,11,14,61,104,165
00886000,SIT                                     ,VT,05301-4801,Private      ,7,46,53,178,611,789
01116700,COMMUNITY COLLEGE OF VERMONT            ,VT,05676-0000,Public       ,158,527,685,1973,4826,6799
01193400,VERMONT LAW SCHOOL                      ,VT,05068-0000,Private      ,2,34,36,6,1128,1134
01218300,BURLINGTON COLLEGE                      ,VT,05401-8477,Private      ,13,20,33,333,219,552
02143500,STERLING COLLEGE                        ,VT,05827-0000,Private      ,9,5,14,144,46,190
02254000,NEW ENGLAND CULINARY INSTITUTE          ,VT,05602-0000,Proprietary  ,29,38,67,476,270,746
02532600,LANDMARK COLLEGE                        ,VT,05346-0000,Private      ,37,15,52,544,109,653
03708300,BURLINGTON TECHNICAL CENTER             ,VT,05401-2721,Public       ,0,4,4,17,39,56
04146900,ADVANCED WELDING INSTITUTE              ,VT,05403-0000,Proprietary  ,2,3,5,30,42,72
00392800,CASPER COLLEGE                          ,WY,82601-4612,Public       ,101,224,325,1485,1943,3428
00392900,EASTERN WYOMING COLLEGE                 ,WY,82240-1603,Public       ,30,55,85,534,496,1030
00393000,SHERIDAN COLLEGE                        ,WY,82801-9133,Public       ,89,170,259,1173,1388,2561
00393100,NORTHWEST COLLEGE                       ,WY,82435-1895,Public       ,61,89,150,1037,758,1795
00393200,UNIVERSITY OF WYOMING                   ,WY,82071-3663,Public       ,327,402,729,7639,5333,12972
00393300,WESTERN WYOMING COMMUNITY COLLEGE       ,WY,82902-0000,Public       ,62,181,243,1071,1290,2361
00728900,CENTRAL WYOMING COLLEGE                 ,WY,82501-0000,Public       ,48,141,189,653,1049,1702
00915700,WYOMING TECHNICAL INSTITUTE             ,WY,82072-9519,Proprietary  ,360,246,606,2040,1204,3244
00925900,LARAMIE COUNTY COMMUNITY CLG            ,WY,82007-3299,Public       ,118,327,445,1707,2492,4199
02211900,CHEEKS INTERNATIONAL ACDMY              ,WY,82001-0000,Proprietary  ,13,36,49,74,167,241
00393500,UNIV OF GUAM                            ,GU,96923-0000,Public       ,173,173,346,2658,1898,4556
01536100,GUAM COMMUNITY COLLEGE                  ,GU,96921-0000,Public       ,162,218,380,1767,1730,3497
03438300,PACIFIC ISLANDS UNIVERSITY              ,GU,96913-2619,Private      ,8,11,19,97,118,215
00393600,PONTIFICAL CATHOLIC UNIV OF PR          ,PR,00717-0777,Private      ,94,259,353,7013,5581,12594
00393700,UNIVERSITY OF THE SACRED HEART          ,PR,00914-0383,Private      ,65,138,203,4292,2722,7014
00393800,INTER-AMER UNIV PR-CNTRL ADMN           ,PR,00936-0000,Private      ,146,452,598,3956,6273,10229
00393801,INTER-AMER UNIV PR SCHL LAW             ,PR,00936-8351,Private      ,1,11,12,46,321,367
00393802,INTER AMERICAN UNIVERSITY OF PUERTO RICO,PR,00926-0000,Private      ,39,86,125,1320,1419,2739
00393803,INTER AMERICAN UNIVERSITY OF PR         ,PR,00683-0000,Private      ,81,101,182,4015,1977,5992
00393804,INTER-AMER UNIV PR-RECINTO AGUADILA     ,PR,00605-2000,Private      ,92,124,216,3129,2346,5475
00393805,INTER-AMER UNIV PR-ARECIBO CAMPUS       ,PR,00614-4050,Private      ,70,165,235,3356,2786,6142
00393806,INTER-AMER UNIV PR-BARRANQUITAS REG     ,PR,00794-0517,Private      ,41,47,88,1629,907,2536
00393807,INTER-AMER UNIV PR-FAJARDO REGIONAL     ,PR,00738-0000,Private      ,31,76,107,1458,1182,2640
00393808,INTER-AMER UNIV PR - GUAYAMA CAMPUS     ,PR,00785-4004,Private      ,44,86,130,1221,1458,2679
00393809,INTER-AMER UNIV PR-PONCE REGIONAL       ,PR,00715-0000,Private      ,61,192,253,3737,3439,7176
00393811,INTER-AMER UNIV PR-BAYAMON REG CLG      ,PR,00959-0000,Private      ,89,97,186,4397,2020,6417
00394100,COLEGIO UNIVERSITARIO DEL ESTE          ,PR,00983-0000,Private      ,204,523,727,7541,8334,15875
00394200,UNIVERSITY OF PR-CENTRAL ADMINISTRATION ,PR,00936-4984,Public       ,12,23,35,484,282,766
00394300,UNIVERSITY OF PUERTO RICO - HUMACAO UNIV,PR,00791-4300,Public       ,37,32,69,3452,633,4085
00394400,UNIVERSITY OF PUERTO RICO - MAYAGUEZ    ,PR,00680-0000,Public       ,121,90,211,9565,2262,11827
00501900,UNIV ADVENTISTA DE LAS ANTILLAS         ,PR,00681-0118,Private      ,25,39,64,976,525,1501
00502200,BAYAMON CENTRAL UNIVERSITY              ,PR,00960-0000,Private      ,22,82,104,1161,1183,2344
00710800,UNIVERSITY OF PUERTO RICO - RIO PIEDRAS ,PR,00931-3300,Public       ,151,156,307,9037,3512,12549
00720600,UNIVERSITY OF PUERTO RICO - CAYEY UNIVER,PR,00736-5534,Public       ,27,17,44,3672,576,4248
00722800,UNIVERSITY OF PUERTO RICO - ARECIBO     ,PR,00614-4010,Public       ,37,33,70,3769,680,4449
00890200,COLUMBIA CENTRO UNIVERSITARIO           ,PR,00726-0000,Proprietary  ,76,192,268,1197,1332,2529
00965200,"UNIVERSITY OF PUERTO RICO, PONCE TECH UN",PR,00716-0000,Public       ,44,38,82,3592,614,4206
01056700,COLEGIO TECNOLOGICO DE SAN JUAN         ,PR,00918-2973,Public       ,33,62,95,833,1018,1851
01072400,CARLOS ALBIZU UNIVERSITY                ,PR,00902-3711,Private      ,2,36,38,126,896,1022
01081900,CONSERVATORIO DE MUSICA DE PUERTO RICO  ,PR,00907-3373,Public       ,8,5,13,342,122,464
01092200,UNIVERSITY OF PUERTO RICO - UTUADO      ,PR,00641-2500,Public       ,16,14,30,1473,266,1739
01097500,UNIVERSITY OF PUERTO RICO BAYAMON TECHNI,PR,00959-1911,Public       ,58,34,92,4858,847,5705
01120300,RYDER MEMORIAL HOSP SCH OF NURSING      ,PR,00792-0000,Private      ,3,1,4,36,15,51
01171900,UNIVERSIDAD DEL TURABO                  ,PR,00778-0000,Private      ,201,691,892,8531,10828,19359
01194000,ICPR JUNIOR COLLEGE                     ,PR,00919-0000,Proprietary  ,137,247,384,1313,1598,2911
01194100,AMERICAN UNIVERSITY OF PUERTO RICO      ,PR,00960-2037,Private      ,44,71,115,893,686,1579
01194101,AMERICAN UNIVERSITY OF PUERTO RICO      ,PR,00674-0000,Private      ,43,71,114,702,609,1311
01212300,"UNIVERSITY OF PUERTO RICO, AGUADILLA REG",PR,00604-0160,Public       ,38,25,63,2900,612,3512
01252500,CARIBBEAN UNIVERSITY                    ,PR,00960-0493,Private      ,73,231,304,2619,3362,5981
02063100,MBTI BUSINESS TRNG INSTITUTE            ,PR,00907-3917,Proprietary  ,273,770,1043,1077,3389,4466
02100000,POLYTECHNIC UNIVERSITY OF PR            ,PR,00917-0000,Private      ,51,167,218,2606,2236,4842
02163300,UNIVERSIDAD CENTRAL DEL CARIBE          ,PR,00960-0000,Private      ,3,19,22,237,465,702
02165100,EDP COLLEGE OF PUERTO RICO              ,PR,00919-0000,Private      ,46,192,238,868,1688,2556
02166000,CENTER FOR ADVANCED STUDIES OF PUER     ,PR,00902-0000,Private      ,1,53,54,11,273,284
02166400,INSTITUTO DE BANCA Y COMERCIO           ,PR,00925-0000,Proprietary  ,1207,1626,2833,8962,10568,19530
02170300,INST EDUC TECNIA OCUP LA REINA          ,PR,00674-0000,Proprietary  ,28,33,61,255,285,540
02189100,CENTRO DE ESTUDIOS MULTIDISCIPLIN       ,PR,00926-0000,Private      ,86,130,216,1535,1854,3389
02189300,EMMA'S BEAUTY ACADEMY                   ,PR,00680-0000,Proprietary  ,16,18,34,223,140,363
02195400,MODERN HAIRSTYLING INSTITUTE            ,PR,00961-0000,Proprietary  ,55,61,116,665,422,1087
02195500,MODERN HAIRSTYLING INSTITUTE            ,PR,00612-0000,Proprietary  ,0,2,2,6,14,20
02195800,LICEO E ARTE Y TECNOLGIA                ,PR,00919-0000,Proprietary  ,52,66,118,602,643,1245
02195900,MODERN HAIRSTYLING INSTITUTE            ,PR,00980-0000,Proprietary  ,1,3,4,12,10,22
02234900,ANTILLES SCHOOL OF TECH CAREERS         ,PR,00909-3006,Proprietary  ,35,60,95,186,227,413
02241901,COMMONWEALTH OF PR DEPT OF EDUC - CARLOS,PR,00986-0000,Public       ,2,4,6,10,19,29
02241902,COMMONWEALTH OF PR DEPT OF EDUC - TOMAS ,PR,00613-0000,Public       ,0,1,1,2,7,9
02241904,COMMONWEALTH OF PR DEPT OF EDUC - ITPR R,PR,00655-0000,Public       ,17,32,49,573,436,1009
02241905,COMMONWEALTH OF PR DEPT OF EDUC - JOSE A,PR,00674-0000,Public       ,2,1,3,39,24,63
02241907,COMMONWEALTH OF PR DEPT OF EDUC - ITPR R,PR,00928-0000,Public       ,8,16,24,348,308,656
02241908,COMMONWEALTH OF PR DEPT OF EDUC - ITPR R,PR,00732-0000,Public       ,30,24,54,492,352,844
02241909,COMMONWEALTH OF PR DEPT OF EDUC - TROQUE,PR,00959-0000,Public       ,0,0,0,72,18,90
02241910,COMMONWEALTH OF PR DEPT OF EDUC - ITPR R,PR,00701-1091,Public       ,3,8,11,681,321,1002
02260600,NATIONAL COLLEGE OF BUSINESS & TECH     ,PR,00960-2036,Proprietary  ,393,1238,1631,4002,7644,11646
02260800,HUERTAS JUNIOR COLLEGE                  ,PR,00726-0000,Proprietary  ,50,97,147,999,1189,2188
02297700,AUTOMECA TECHNICAL COLLEGE              ,PR,00957-0000,Proprietary  ,72,79,151,1124,770,1894
02303800,AMERICAN EDUCATIONAL COLLEGE            ,PR,00961-0000,Proprietary  ,60,129,189,284,512,796
02335500,COLEGIO BIBLICO PENTECOSTAL DE PR       ,PR,00978-0000,Private      ,2,14,16,22,184,206
02340600,HUMACAO COMMUNITY COLLEGE               ,PR,00792-0000,Private      ,19,35,54,439,552,991
02343600,INSTITUTE OF BEAUTY CAREERS             ,PR,00613-0000,Proprietary  ,29,34,63,408,359,767
02460000,UNIVERSITY OF PUERTO RICO - MEDICAL SCIE,PR,00936-0000,Public       ,24,39,63,1015,1602,2617
02482400,PONCE SCHOOL OF MEDICINE AND HEALTH SCIE,PR,00716-2347,Private      ,5,11,16,102,753,855
02502400,SERBIA'S SCHOOL OF BEAUTY CULTURE       ,PR,00785-0000,Proprietary  ,10,30,40,135,202,337
02504500,INSTITUCION CHAVIANO DE MAYAGUEZ        ,PR,00708-0000,Proprietary  ,6,33,39,31,116,147
02505400,ATLANTIC COLLEGE                        ,PR,00970-0000,Private      ,53,41,94,1241,436,1677
02534900,PONCE PARAMEDICAL COLLEGE (POPAC)       ,PR,00731-0000,Proprietary  ,129,142,271,1934,1563,3497
02552300,COLEGIO MAYOR DE TECHNOLOGIA            ,PR,00714-0000,Proprietary  ,28,29,57,198,216,414
02562500,INTERNATIONAL TECHNICAL COLLEGE         ,PR,00918-0000,Proprietary  ,12,22,34,71,100,171
02563500,ROGIES SCHOOL OF BEAUTY CULTURE         ,PR,00910-0000,Proprietary  ,15,10,25,106,115,221
02569400,ESCUELA DE ARTES PLASTICAS              ,PR,00902-1112,Public       ,15,12,27,447,175,622
02570400,EDUCATIONAL TECHNICAL COLLEGE           ,PR,00925-3404,Proprietary  ,60,132,192,503,861,1364
02576100,ESCUELA TECNICA DE ELECTRICIDAD         ,PR,00731-0000,Proprietary  ,13,38,51,247,317,564
02587500,UNIVERSIDAD METROPOLITANA               ,PR,00928-0000,Private      ,166,597,763,6756,9013,15769
02588600,SEMINARIO EVANGELICO DE PUERTO RICO     ,PR,00925-0000,Private      ,0,7,7,1,57,58
02593700,HISPANIC AMERICAN COLLEGE               ,PR,00725-0000,Proprietary  ,28,52,80,188,282,470
03016000,UNIVERSITY OF PUERTO RICO CAROLINA REGIO,PR,00985-0000,Public       ,66,60,126,3686,839,4525
03021900,EDIC COLLEGE                            ,PR,00726-0000,Proprietary  ,49,76,125,1173,1135,2308
03025500,MECH TECH COLLEGE                       ,PR,00725-6118,Proprietary  ,176,196,372,2729,1746,4475
03025900,"LICEO DE ARTE, DISENOS Y COMERCIO       ",PR,00726-0000,Proprietary  ,27,65,92,241,306,547
03029700,"UNIVERSAL TECHNOLOGY CLG OF PR, INC     ",PR,00605-1955,Private      ,24,63,87,488,957,1445
03061900,COLEGIO TECHNOLOGICO Y COMERCIAL        ,PR,00602-0960,Proprietary  ,3,8,11,30,50,80
03068400,STAR BEAUTY ACADEMY                     ,PR,00961-6312,Proprietary  ,16,23,39,34,74,108
03070500,D'MART INSTITUTE                        ,PR,00794-3517,Proprietary  ,35,112,147,604,980,1584
03075600,EMMA'S BEAUTY ACADEMY                   ,PR,00795-0000,Proprietary  ,30,26,56,380,208,588
03085700,PROFESSIONAL TECHNICAL INSTITUTION      ,PR,00960-7061,Proprietary  ,27,51,78,205,241,446
03104400,PROFESSIONAL ELECTRIC SCHOOL            ,PR,00674-1797,Proprietary  ,2,6,8,36,37,73
03106900,ESCUELA DE PERITOS ELECTRICITAS         ,PR,00662-0457,Proprietary  ,1,0,1,33,49,82
03112100,JOHN DEWEY COLLEGE                      ,PR,00915-9538,Private      ,200,421,621,1819,3794,5613
03112101,JOHN DEWEY COLLEGE                      ,PR,00986-0000,Private      ,54,108,162,498,850,1348
03112102,JOHN DEWEY COLLEGE-BAYAMON CAMPUS       ,PR,00959-0000,Private      ,30,57,87,196,348,544
03112104,JOHN DEWEY COLLEGE - YABUCOA LRNING SITE,PR,00767-0767,Private      ,8,16,24,112,233,345
03112105,JOHN DEWEY COLLEGE - FAJARDO BRANCH     ,PR,00738-0738,Private      ,8,18,26,113,187,300
03112106,JOHN DEWEY COLLEGE - ARROYO BRANCH      ,PR,00714-0714,Private      ,1,1,2,6,6,12
03112107,JOHN DEWEY COLLEGE - JUANA DIAZ BRANCH  ,PR,00795-0000,Private      ,13,16,29,169,224,393
03112108,JOHN DEWEY COLLEGE - HATILLO CAMPUS     ,PR,00659-0000,Private      ,24,39,63,126,195,321
03112109,JOHN DEWEY COLLEGE - MANATI             ,PR,00674-0000,Private      ,39,55,94,276,457,733
03115900,TRINITY COLLEGE OF PUERTO RICO          ,PR,00734-0000,Private      ,23,33,56,134,183,317
03122500,ACADEMIA SERRANT INC.                   ,PR,00717-1568,Proprietary  ,29,58,87,166,229,395
03123100,GLOBELLE TECHNICAL INSTITUTE            ,PR,00693-4218,Proprietary  ,12,12,24,98,77,175
03124200,NOVA COLLEGE DE PUERTO RICO             ,PR,00960-4016,Proprietary  ,16,56,72,122,232,354
03157600,"COLEGIO DE CINEMATOGRAFIA, ARTES Y TELEV",PR,00961-6345,Proprietary  ,38,49,87,704,424,1128
03177300,SAN JUAN BAUTISTA SCH OF MEDICINE       ,PR,00726-0000,Private      ,2,13,15,32,298,330
03326300,UNIVERSAL CAREER COMMUNITY COLLEGE      ,PR,00907-0000,Proprietary  ,0,0,0,7,11,18
03336300,CENTURY COLLEGE                         ,PR,00603-0000,Proprietary  ,14,23,37,116,129,245
03414300,MONTECLARO                              ,PR,00745-9612,Private      ,1,5,6,24,45,69
03452300,INSTITUTO PRE-VOCACIONAL E INDUSTRI     ,PR,00613-1800,Private      ,14,34,48,73,135,208
03469300,IVAEM COLLEGE                           ,PR,00725-0000,Proprietary  ,1,5,6,114,67,181
03531300,UNIVERSIDAD PENTECOSTAL MIZPA           ,PR,00928-0966,Private      ,2,18,20,25,325,350
03544300,ATENAS COLLEGE                          ,PR,00674-0000,Private      ,52,81,133,1054,1014,2068
03552300,LESTON COLLEGE                          ,PR,00961-6309,Proprietary  ,31,28,59,108,125,233
03585300,CENTRO DE CAPACITACION Y ASESORAMIE     ,PR,00612-0000,Private      ,2,8,10,9,35,44
03608300,CARIBBEAN FORENSIC & TECHNICAL COLL     ,PR,00926-0000,Proprietary  ,7,20,27,46,80,126
03638300,ROSSLYN TRAINING ACADEMY OF COSMETOLOGY ,PR,00602-3225,Proprietary  ,6,28,34,12,57,69
03735400,"CHARLIES GUARD,DETECTIVE BUREAU&ACA     ",PR,00605-0000,Proprietary  ,19,27,46,50,72,122
03751300,ESCUELA HOTELERA DE SAN JUAN            ,PR,00917-0091,Proprietary  ,34,49,83,692,386,1078
03758300,BAYAMON COMMUNITY COLLEGE               ,PR,00960-0000,Proprietary  ,10,43,53,83,245,328
03781400,INDUSTRIAL TECHNICAL COLLEGE            ,PR,00792-0000,Proprietary  ,19,42,61,120,171,291
03785300,J.G. GUAYNABO TECHNICAL COLLEGE         ,PR,00960-0000,Proprietary  ,7,24,31,41,99,140
03800300,COLEGIO TECNICO DE ELECTRICIDAD GALLOSA ,PR,00602-0000,Proprietary  ,2,9,11,12,34,46
03800400,INSTITUTE OF BEAUTY OCCUPATIONS AND TECH,PR,00676-5071,Proprietary  ,27,52,79,82,150,232
03843300,ADVANCED TECH COLLEGE                   ,PR,00961-6321,Proprietary  ,9,24,33,84,148,232
03849300,AGUADILLA TECHNICAL COLLEGE             ,PR,00603-0000,Proprietary  ,3,4,7,28,43,71
03965400,MYRANGEL BEAUTY INSTITUTE               ,PR,00754-3917,Proprietary  ,28,48,76,104,203,307
04030300,"ASPIRA DE PUERTO RICO, ACADEMIA DE TECNO",PR,00987-0000,Private      ,0,2,2,4,13,17
04107300,CARIB TECHNOLOGICAL INSTITUTE           ,PR,00960-0000,Proprietary  ,24,37,61,81,182,263
04117200,INSTITUTO EDUCATIVO PREMIER             ,PR,00731-0000,Proprietary  ,25,45,70,150,233,383
04131600,LIBERTY TECHNICAL COLLEGE               ,PR,00737-1298,Proprietary  ,8,8,16,94,95,189
04164300,GLOBAL INSTITUTE                        ,PR,00725-6485,Proprietary  ,1,3,4,14,27,41
04176000,AMERICAN TECHNICAL INSTITUTE            ,PR,00957-0000,Proprietary  ,1,5,6,37,36,73
00394600,UNIVERSITY OF THE VIRGIN ISLANDS        ,VI,00802-6000,Public       ,56,78,134,1208,942,2150
00394601,UNIV OF THE VIRGIN ISLANDS-ST CROIX     ,VI,00850-0000,Public       ,25,52,77,669,704,1373
00667700,MCGILL UNIVERSITY                       ,CN,00000-0000,Public       ,53,18,71,1661,479,2140
00667900,QUEEN'S UNIVERSITY AT KINGSTON          ,CN,00000-0000,Public       ,2,1,3,117,39,156
00668100,ST FRANCIS XAVIER UNIVERSITY            ,CN,00000-0000,Public       ,5,2,7,39,9,48
00668200,ST THOMAS UNIVERSITY                    ,CN,00000-0000,Public       ,0,1,1,40,8,48
00668300,UNIVERSITY OF GUELPH                    ,CN,00000-0000,Public       ,5,3,8,38,75,113
00668400,UNIVERSITY OF MANITOBA                  ,CN,00000-0000,Public       ,2,4,6,51,37,88
00668500,UNIVERSITY OF NEW BRUNSWICK (THE)       ,CN,00000-0000,Public       ,0,1,1,25,26,51
00668600,UNIVERSITY OF OTTAWA                    ,CN,00000-0000,Public       ,2,5,7,72,66,138
00668800,UNIVERSITY OF TORONTO                   ,CN,00000-0000,Public       ,32,36,68,433,483,916
00668900,UNIVERSITY OF WINDSOR                   ,CN,00000-0000,Public       ,3,5,8,23,50,73
00683700,UNIVERSITE LAVAL                        ,CN,00000-0000,Public       ,2,4,6,14,35,49
00683800,DALHOUSIE UNIVERSITY                    ,CN,00000-0000,Public       ,9,6,15,141,74,215
00685200,BISHOP'S UNIVERSITY                     ,CN,00000-0000,Private      ,3,3,6,71,12,83
00685300,MCMASTER UNIVERSITY                     ,CN,00000-0000,Public       ,4,4,8,28,41,69
00767900,YORK UNIVERSITY                         ,CN,00000-0000,Public       ,5,11,16,107,139,246
00787400,UNIVERSITY AT CALGARY (THE)             ,CN,00000-0000,Public       ,5,7,12,55,74,129
00814800,UNIVERSITY OF WINNIPEG                  ,CN,00000-0000,Public       ,1,2,3,23,15,38
00836200,UNIVERSITY OF ALBERTA (THE)             ,CN,00000-0000,Public       ,3,12,15,54,86,140
00836300,MOUNT SAINT VINCENT UNIVERSITY          ,CN,00000-0000,Private      ,0,0,0,8,5,13
00836400,SAINT MARY'S UNIVERSITY                 ,CN,00000-0000,Public       ,3,3,6,23,20,43
00836500,CONCORDIA UNIVERSITY - SIR GEORGE W     ,CN,00000-0000,Public       ,9,13,22,339,169,508
00836600,UNIVERSITE DE MONTREAL                  ,CN,00000-0000,Public       ,4,6,10,29,77,106
00836800,CARLETON UNIVERSITY                     ,CN,00000-0000,Public       ,4,3,7,77,54,131
00836900,UNIVERSITY OF BRITISH COLUMBIA          ,CN,00000-0000,Public       ,39,30,69,842,573,1415
00837000,"SAFA, UNIVERSITY OF VICTORIA            ",CN,00000-0000,Public       ,10,10,20,121,87,208
00844400,SIMON FRASER UNIVERSITY                 ,CN,00000-0000,Public       ,12,12,24,133,124,257
00844600,UNIVERSITY OF WESTERN ONTARIO (THE)     ,CN,00000-0000,Public       ,0,6,6,59,101,160
00844800,UNIVERSITY OF REGINA                    ,CN,00000-0000,Public       ,1,0,1,10,8,18
00844900,ACADIA UNIVERSITY                       ,CN,00000-0000,Public       ,1,5,6,56,20,76
00852600,UNIVERSITY OF WATERLOO                  ,CN,00000-0000,Public       ,5,0,5,8,1,9
00858200,WILFRID LAURIER UNIVERSITY              ,CN,00000-0000,Public       ,2,0,2,19,13,32
00891300,LAKEHEAD UNIVERSITY                     ,CN,00000-0000,Public       ,0,1,1,10,7,17
00911900,UNIVERSITE DE MONCTON                   ,CN,00000-0000,Public       ,0,0,0,0,2,2
00925200,BROCK UNIVERSITY                        ,CN,00000-0000,Public       ,2,4,6,17,16,33
00936700,UNIVERSITY OF PRINCE EDWARD ISLAND      ,CN,00000-0000,Public       ,3,1,4,31,120,151
00942100,BRANDON UNIVERSITY                      ,CN,00000-0000,Public       ,0,3,3,16,14,30
00948600,TRINITY WESTERN UNIVERSITY              ,CN,00000-0000,Private      ,3,5,8,181,80,261
00950000,MEMORIAL UNIVERSITY OF NEWFOUNDLAND     ,CN,00000-0000,Public       ,1,4,5,17,35,52
00950100,UNIVERSITY OF KING'S COLLEGE            ,CN,00000-0000,Public       ,3,0,3,33,5,38
00950300,MOUNT ALLISON UNIVERSITY                ,CN,00000-0000,Public       ,2,0,2,39,3,42
00950400,NOVA SCOTIA AGRICULTURAL COLLEGE        ,CN,00000-0000,Public       ,0,1,1,1,6,7
00950500,TRENT UNIVERSITY                        ,CN,00000-0000,Public       ,0,0,0,7,8,15
00969800,MEDICINE HAT COLLEGE                    ,CN,00000-0000,Public       ,0,0,0,1,9,10
01012300,NOVA SCOTIA COLLEGE OF ART & DESIGN     ,CN,00000-0000,Public       ,0,3,3,13,22,35
01022100,SAINT PAUL UNIVERSITY                   ,CN,00000-0000,Public       ,0,5,5,2,13,15
01045800,SHERIDAN COLLEGE OF APPLIED ARTS AN     ,CN,00000-0000,Public       ,4,2,6,38,22,60
01067500,REGENT COLLEGE                          ,CN,00000-0000,Private      ,3,8,11,9,93,102
01070300,UNIVERSITY OF LETHBRIDGE                ,CN,00000-0000,Public       ,4,2,6,10,13,23
01072000,RYERSON UNIVERSITY                      ,CN,00000-0000,Public       ,7,8,15,63,87,150
01172200,BRIERCREST BIBLE COLLEGE                ,CN,00000-0000,Private      ,0,3,3,9,9,18
01222800,HUMBER COLLEGE                          ,CN,00000-0000,Public       ,4,11,15,49,62,111
01227400,PROVIDENCE COLLEGE                      ,CN,00000-0000,Private      ,0,1,1,47,6,53
02102100,KINGSWOOD UNIVERSITY                    ,CN,00000-0000,Private      ,3,1,4,67,15,82
02167000,PRAIRIE BIBLE INST                      ,CN,00000-0000,Private      ,0,0,0,17,8,25
02184600,INSTITUTE FOR CHRISTIAN STUDIES         ,CN,00000-0000,Private      ,0,1,1,2,14,16
02195700,TAYLOR UNIVERSITY COLLEGE AND SEMINARY  ,CN,00000-0000,Private      ,0,0,0,1,2,3
02201100,COLUMBIA BIBLE COLLEGE                  ,CN,00000-0000,Private      ,1,0,1,15,11,26
02216400,TYNDALE COLLEGE & SEMINARY              ,CN,00000-0000,Private      ,0,2,2,6,23,29
02219200,UNIVERSITY OF SASKATCHEWAN              ,CN,00000-0000,Public       ,2,4,6,23,28,51
02324900,EMMANUEL BIBLE COLLEGE                  ,CN,00000-0000,Private      ,0,0,0,1,0,1
02338800,EMILY CARR UNIVERSITY OF ART AND DESIGN ,CN,00000-0000,Public       ,5,3,8,85,50,135
02577200,SALVATION ARMY WM & CATHERINE BOOTH     ,CN,00000-0000,Private      ,0,0,0,3,2,5
02593800,CONCORDIA UNIVERSITY COLLEGE            ,CN,00000-0000,Private      ,0,3,3,9,10,19
02611900,THE KING'S UNIVERSITY COLLEGE           ,CN,00000-0000,Private      ,0,2,2,2,5,7
03018300,ROCKY MOUNTAIN COLLEGE: CENTRE FOR BIBLI,CN,00000-0000,Private      ,0,0,0,0,2,2
03033800,UNIVERSITY COLLEGE OF CAPE BRETON       ,CN,00000-0000,Public       ,0,1,1,7,10,17
03078300,VANCOUVER SCHOOL OF THEOLOGY            ,CN,00000-0000,Private      ,1,1,2,2,11,13
03273300,CANADIAN COLLEGE OF NATUROPATHIC ME     ,CN,00000-0000,Private      ,1,3,4,9,43,52
03298300,ALBERTA COLLEGE OF ART & DESIGN         ,CN,00000-0000,Public       ,1,1,2,15,18,33
03332500,KWANTLEN UNIVERSITY COLLEGE             ,CN,00000-0000,Public       ,1,1,2,5,10,15
03335400,CANADIAN UNIVERSITY COLLEGE             ,CN,00000-0000,Private      ,3,0,3,52,20,72
03339300,ST. STEPHENS UNIVERSITY                 ,CN,00000-0000,Private      ,0,0,0,8,5,13
03348500,REDEEMER UNIVERSITY COLLEGE             ,CN,00000-0000,Private      ,0,0,0,8,6,14
03420300,HOLLAND COLLEGE                         ,CN,00000-0000,Public       ,2,2,4,17,10,27
03560400,NIAGARA COLLEGE-WELLAND CAMPUS          ,CN,00000-0000,Public       ,3,2,5,11,12,23
03613300,UNIV OF NORTHERN BRITISH COLUMBIA       ,CN,00000-0000,Public       ,1,1,2,13,23,36
03644400,CANADIAN MENNONITE UNIVERSITY           ,CN,00000-0000,Private      ,0,1,1,8,3,11
03674400,CANADIAN SOUTHERN BAPTIST SEMINARY      ,CN,00000-0000,Private      ,0,1,1,1,4,5
03711300,CAPILANO UNIVERSITY                     ,CN,00000-0000,Public       ,3,1,4,16,31,47
03846300,PACIFIC LIFE BIBLE COLLEGE              ,CN,00000-0000,Private      ,0,0,0,12,4,16
03847300,CRANDALL UNIVERSITY                     ,CN,00000-0000,Private      ,1,0,1,8,2,10
04075300,QUEST UNIVERSITY CANADA                 ,CN,00000-0000,Private      ,11,0,11,128,8,136
04123100,ATLANTIC SCHOOL OF THEOLOGY             ,CN,00000-0000,Public       ,0,5,5,4,11,15
04156700,AMBROSE UNIVERSITY COLLEGE              ,CN,00000-0000,Private      ,2,2,4,8,13,21
00814700,UNIVERSIDAD AUTONOMA DE GUADALAJARA     ,MX,00000-0000,Private      ,3,255,258,107,1246,1353
01041800,INST TEC Y DE ESTSUPER DE MONTERRE      ,MX,00000-0000,Private      ,8,7,15,100,83,183
01067600,UNIVERSIDAD DE MONTERREY                ,MX,00000-0000,Private      ,2,3,5,46,45,91
01093800,UNIVERSIDAD DE GUANAJUATO               ,MX,00000-0000,Public       ,4,5,9,42,50,92
02053300,CENTRO DE ESTUDIOS UNIVERSITARIOS D     ,MX,00000-0000,Private      ,8,16,24,110,168,278
04183900,CETYS UNIVERSIDAD                       ,MX,00000-0000,Private      ,6,5,11,6,6,12
01001000,AMERICAN SAMOA CMNTY COLLEGE            ,AS,96799-2609,Public       ,41,19,60,1328,413,1741
01034300,COLLEGE OF MICRONESIA - FSM             ,FM,96941-0159,Public       ,431,200,631,2244,955,3199
01100900,PALAU COMMUNITY COLLEGE                 ,PW,96940-0009,Public       ,36,10,46,816,400,1216
03022400,COLLEGE OF THE MARSHALL ISLANDS         ,MH,96960-1258,Public       ,386,131,517,883,404,1287
03033000,NORTHERN MARIANAS COLLEGE               ,MP,96950-0000,Public       ,89,56,145,875,539,1414
