OPE ID,School,State,Zip Code,School Type,20122013Qtr5_Dependent Students,20122013Qtr5_Independent Students,Quarterly Total,YTD_20122013Qtr5_Dependent Students,YTD_20122013Qtr5_Independent Students,Award Year To Date Total
00100200,ALABAMA AGRCLTL & MECHL UNIV            ,AL,35762-1357,Public       ,144,137,281,7149,3774,10923
00100300,FAULKNER UNIVERSITY                     ,AL,36109-3398,Private      ,42,223,265,2158,4838,6996
00100400,UNIVERSITY OF MONTEVALLO                ,AL,35115-6000,Public       ,41,53,94,2599,1717,4316
00100500,ALABAMA STATE UNIVERSITY                ,AL,36101-0000,Public       ,283,231,514,10464,6580,17044
00100700,CENTRAL ALABAMA COMMUNITY COLLEGE       ,AL,35011-0000,Public       ,49,112,161,1652,2357,4009
00100800,ATHENS STATE UNIVERSITY                 ,AL,35611-1999,Public       ,18,100,118,964,3807,4771
00100900,AUBURN UNIVERSITY                       ,AL,36849-5113,Public       ,300,194,494,20348,7067,27415
00101200,BIRMINGHAM SOUTHERN COLLEGE             ,AL,35254-0002,Private      ,37,42,79,2297,1010,3307
00101300,CALHOUN COMMUNITY COLLEGE               ,AL,35609-2216,Public       ,150,405,555,5583,9383,14966
00101500,ENTERPRISE STATE COMMUNITY COLLEGE      ,AL,36331-1300,Public       ,41,89,130,1329,2166,3495
00101600,UNIVERSITY OF NORTH ALABAMA             ,AL,35632-0001,Public       ,108,126,234,5800,3460,9260
00101700,GADSDEN STATE COMMUNITY COLLEGE         ,AL,35903-2269,Public       ,110,314,424,3729,7002,10731
00101800,GEORGE C WALLACE COMMUNITY COLLEGE      ,AL,36303-0943,Public       ,100,187,287,2520,4905,7425
00101900,HUNTINGDON COLLEGE                      ,AL,36106-2148,Private      ,26,36,62,1720,907,2627
00102000,JACKSONVILLE STATE UNIVERSITY           ,AL,36265-1602,Public       ,125,204,329,7832,6433,14265
00102100,JEFFERSON DAVIS COMMUNITY COLLEGE       ,AL,36427-2790,Public       ,29,46,75,635,967,1602
00102200,JEFFERSON STATE COMMUNITY COLLEGE       ,AL,35215-3098,Public       ,124,417,541,5286,10252,15538
00102300,JUDSON COLLEGE                          ,AL,36756-2504,Private      ,5,2,7,383,165,548
00102400,UNIVERSITY OF WEST ALABAMA              ,AL,35470-0000,Public       ,67,227,294,2685,5932,8617
00102600,MARION MILITARY INSTITUTE               ,AL,36756-3214,Public       ,4,3,7,558,84,642
00102800,MILES COLLEGE                           ,AL,35064-2697,Private      ,58,56,114,2563,1583,4146
00102900,UNIVERSITY OF MOBILE                    ,AL,36613-0000,Private      ,40,85,125,2089,2724,4813
00103000,BISHOP STATE COMMUNITY COLLEGE          ,AL,36603-5898,Public       ,72,270,342,2775,5970,8745
00103100,NORTHEAST ALABAMA STATE CMNTY COLG      ,AL,35986-0159,Public       ,124,121,245,1681,2438,4119
00103300,OAKWOOD COLLEGE                         ,AL,35896-0001,Private      ,19,47,66,2075,1410,3485
00103400,ALABAMA SOUTHERN COMMUNITY COLLEGE      ,AL,36460-5698,Public       ,52,35,87,1223,1313,2536
00103600,SAMFORD UNIVERSITY                      ,AL,35229-7000,Private      ,80,101,181,4001,3530,7531
00103800,SNEAD STATE COMMUNITY COLLEGE           ,AL,35957-0734,Public       ,55,79,134,1643,2303,3946
00104000,SOUTHERN UNION STATE COMMUNITY CLG      ,AL,36276-0000,Public       ,85,154,239,3941,3833,7774
00104100,SPRING HILL COLLEGE                     ,AL,36608-1791,Private      ,46,45,91,2013,1151,3164
00104400,STILLMAN COLLEGE                        ,AL,35403-1430,Private      ,37,35,72,2090,821,2911
00104600,TALLADEGA COLLEGE                       ,AL,35160-2354,Private      ,25,29,54,1052,629,1681
00104700,TROY UNIVERSITY                         ,AL,36082-0001,Public       ,207,1235,1442,9710,24937,34647
00105000,TUSKEGEE UNIVERSITY                     ,AL,36088-1645,Private      ,100,35,135,6202,1679,7881
00105100,UNIVERSITY OF ALABAMA (THE)             ,AL,35487-0120,Public       ,476,380,856,28172,12467,40639
00105200,UNIVERSITY OF ALABAMA AT BIRMINGHAM     ,AL,35294-1150,Public       ,246,418,664,12635,14667,27302
00105500,UNIVERSITY OF ALABAMA IN HUNTSVILLE     ,AL,35899-0001,Public       ,101,155,256,5633,5450,11083
00105700,UNIVERSITY OF SOUTH ALABAMA             ,AL,36688-0002,Public       ,190,372,562,11188,11525,22713
00105900,LAWSON STATE COMMUNITY COLLEGE          ,AL,35221-1798,Public       ,96,283,379,2548,4640,7188
00105901,LAWSON STATE COMMUNITY COLLEGE - BESSEME,AL,35021-0308,Public       ,37,105,142,956,1754,2710
00106000,FAULKNER STATE COMMUNITY COLLEGE        ,AL,36507-2698,Public       ,107,151,258,3747,4191,7938
00526000,J.F. DRAKE STATE TECH COLLEGE           ,AL,35811-1584,Public       ,34,173,207,715,2498,3213
00569100,SHELTON STATE COMMUNITY CLG             ,AL,35405-4017,Public       ,206,169,375,5019,4797,9816
00569200,REID STATE TECHNICAL COLLEGE            ,AL,36401-0000,Public       ,15,44,59,328,781,1109
00569700,NORTHWEST- SHOALS COMMUNITY COLLEGE     ,AL,35661-0000,Public       ,156,119,275,2335,2957,5292
00569900,GEORGE C WALLACE STATE CMTY COLLEGE     ,AL,36703-0000,Public       ,35,92,127,1262,2243,3505
00573300,BEVILL STATE CMTY COLLEGE-WALKER        ,AL,35148-0000,Public       ,134,181,315,2438,4061,6499
00573400,H. COUNCILL TRENHOLM STATE TECH COLLEGE ,AL,36108-0020,Public       ,38,126,164,1107,2773,3880
00573401,H. C. TRENHOLM ST TECH COL-PATTERSON CAM,AL,36116-2612,Public       ,25,74,99,665,1583,2248
00787100,GEORGE C WALLACE STATE CMTY CLG         ,AL,35077-2000,Public       ,117,166,283,3886,5373,9259
00831000,AUBURN UNIVERSITY-MONTGOMERY            ,AL,36124-0000,Public       ,88,197,285,4907,5674,10581
00898800,LURLEEN B WALLACE COMMUNITY COLLEGE     ,AL,36420-0418,Public       ,58,77,135,1178,1569,2747
01055400,CONCORDIA COLLEGE                       ,AL,36701-3323,Private      ,15,19,34,856,628,1484
01218200,CHATTAHOOCHEE VALLEY CMTY CLG           ,AL,36869-7917,Public       ,37,141,178,1205,2275,3480
01303906,SOUTH UNIVERSITY - MONTGOMERY           ,AL,36116-1120,Proprietary  ,27,152,179,574,2051,2625
02170600,UNITED STATES SPORTS ACADEMY            ,AL,36526-7055,Private      ,3,57,60,50,869,919
02199700,HERITAGE CHRISTIAN UNIVERSITY           ,AL,35630-0000,Private      ,1,3,4,36,100,136
02270400,SOUTHEASTERN BIBLE COLLEGE              ,AL,35244-2083,Private      ,3,21,24,145,387,532
02285000,PAUL MITCHELL THE SCHOOL HUNTSVILLE     ,AL,35758-0000,Proprietary  ,9,16,25,113,186,299
02296000,PRINCE INSTITUTE OF PROFESSIONAL STUDIES,AL,36117-0000,Proprietary  ,4,19,23,72,405,477
02341000,FORTIS COLLEGE                          ,AL,36609-0000,Proprietary  ,65,292,357,838,2851,3689
02503400,AMRIDGE UNIVERSITY                      ,AL,36124-0000,Private      ,3,77,80,119,1381,1500
02605500,REMINGTON COLLEGE - MOBILE CAMPUS       ,AL,36609-5593,Private      ,86,332,418,1091,3085,4176
03010600,VIRGINIA COLLEGE                        ,AL,35209-5154,Proprietary  ,470,2905,3375,3868,27399,31267
03010602,VIRGINIA COLLEGE - HUNTSVILLE           ,AL,35805-0000,Proprietary  ,14,68,82,315,1475,1790
03010607,VIRGINIA COLLEGE - MOBILE               ,AL,36608-1626,Proprietary  ,34,141,175,502,1841,2343
03010616,VIRGINIA COLLEGE - MONTGOMERY           ,AL,36117-2802,Proprietary  ,36,169,205,573,2264,2837
03032500,ALABAMA STATE CLG BARBER STYLING        ,AL,35215-0000,Proprietary  ,0,16,16,100,221,321
03361400,FORTIS COLLEGE                          ,AL,36535-0000,Proprietary  ,24,88,112,195,847,1042
03459300,SOUTHEASTERN SCHOOL OF COSMETOLOGY      ,AL,35228-0000,Private      ,5,24,29,64,231,295
03783300,BLUE CLIFF CAREER COLLEGE               ,AL,63306-4749,Proprietary  ,4,44,48,120,502,622
03894300,HUNTSVILLE BIBLE COLLEGE                ,AL,35811-0000,Private      ,0,9,9,30,251,281
04066300,CARDIAC AND VASCULAR INSTITUTE OF ULTRAS,AL,36604-1411,Proprietary  ,0,20,20,75,392,467
04067300,SELMA UNIVERSITY                        ,AL,36701-0000,Private      ,14,45,59,239,601,840
04121500,COLUMBIA SOUTHERN UNIVERSITY            ,AL,36561-3815,Proprietary  ,41,1589,1630,491,14811,15302
04149200,XCELL ACADEMY-A PAUL MITCHELL PARTNER SC,AL,35216-4990,Proprietary  ,7,36,43,112,295,407
04187200,NEW BEGINNING COLLEGE OF COSMETOLOGY    ,AL,35950-2415,Proprietary  ,8,20,28,64,196,260
04187300,HAIR ACADEMY (THE)                      ,AL,36111-2201,Proprietary  ,4,8,12,72,224,296
04197500,UNIVERSITY ACADEMY OF HAIR DESIGN       ,AL,35476-3100,Proprietary  ,3,10,13,28,70,98
04211000,SALON PROFESSIONAL ACADEMY (THE)        ,AL,35816-1849,Proprietary  ,5,11,16,13,28,41
00111100,ALLAN HANCOCK COLLEGE                   ,CA,93454-6399,Public       ,183,345,528,5192,6225,11417
00111300,ANTELOPE VALLEY COLLEGE                 ,CA,93536-5426,Public       ,307,851,1158,7750,12975,20725
00111600,ART CENTER COLLEGE OF DESIGN            ,CA,91103-1999,Private      ,51,50,101,2111,1749,3860
00111700,AZUSA PACIFIC UNIVERSITY                ,CA,91702-7000,Private      ,144,555,699,10919,9622,20541
00111800,BAKERSFIELD COLLEGE                     ,CA,93305-1299,Public       ,257,505,762,11449,13506,24955
00111900,BARSTOW COMMUNITY COLLEGE               ,CA,92311-6608,Public       ,76,458,534,1530,5005,6535
00112000,AMER BAPT SEM OF THE WEST-BERKELEY      ,CA,94704-0000,Private      ,0,1,1,13,66,79
00112100,BETHANY UNIVERSITY /  ASSEMBLIES OF GOD ,CA,95066-2896,Private      ,0,0,0,4,13,17
00112200,BIOLA UNIVERSITY                        ,CA,90639-0001,Private      ,68,64,132,7202,2494,9696
00112300,BROOKS INSTITUTE                        ,CA,93103-1809,Proprietary  ,11,16,27,820,602,1422
00112400,CABRILLO COLLEGE                        ,CA,95003-3194,Public       ,229,481,710,5713,6697,12410
00112500,CALIFORNIA BAPTIST UNIVERSITY           ,CA,92504-3297,Private      ,97,424,521,6882,5351,12233
00112700,CALIFORNIA COLLEGE OF THE ARTS          ,CA,94107-2206,Private      ,38,46,84,2573,2251,4824
00113100,CALIFORNIA INSTITUTE OF TECHNOLOGY      ,CA,91125-0001,Private      ,35,40,75,3952,877,4829
00113200,CALIFORNIA INSTITUTE OF THE ARTS        ,CA,91355-2397,Private      ,37,31,68,2578,1750,4328
00113300,CALIFORNIA LUTHERAN UNIVERSITY          ,CA,91360-2787,Private      ,55,88,143,5257,2009,7266
00113400,CALIFORNIA MARITIME ACADEMY             ,CA,94590-8181,Public       ,14,6,20,1064,505,1569
00113700,CALIF STATE UNIV-FULLERTON              ,CA,92831-3599,Public       ,511,487,998,51404,25264,76668
00113800,"CALIFORNIA STATE UNIVERSITY, EAST BAY   ",CA,94542-3000,Public       ,207,372,579,16123,15069,31192
00113900,CALIF STATE UNIV-LONG BEACH             ,CA,90840-0006,Public       ,590,471,1061,62590,26944,89534
00114000,CALIF STATE UNIV-LOS ANGELES            ,CA,90032-4226,Public       ,435,504,939,35469,24828,60297
00114100,"CALIF STATE UNIV, DOMINGUEZ HILLS       ",CA,90747-0001,Public       ,217,374,591,18461,17025,35486
00114200,CALIF STATE UNIV SAN BERNARDINO         ,CA,92407-2397,Public       ,249,359,608,22163,15967,38130
00114300,CAL POLY STATE UNIVERSITY               ,CA,93407-0001,Public       ,381,107,488,37890,5139,43029
00114400,CALIF STATE POLYTECHNIC UNIV POMONA     ,CA,91768-2500,Public       ,364,241,605,33935,12466,46401
00114600,CALIF STATE UNIV - CHICO                ,CA,95929-0001,Public       ,236,147,383,21206,7603,28809
00114700,CALIF STATE UNIV - FRESNO               ,CA,93740-8026,Public       ,228,267,495,26060,13959,40019
00114900,HUMBOLDT STATE UNIVERSITY               ,CA,95521-8299,Public       ,160,75,235,12505,4406,16911
00115000,CALIF STATE UNIV-SACRAMENTO             ,CA,95819-6044,Public       ,428,470,898,32709,22220,54929
00115100,SAN DIEGO STATE UNIVERSITY              ,CA,92182-1690,Public       ,692,577,1269,58956,23934,82890
00115300,CALIF STATE UNIV-NORTHRIDGE             ,CA,91330-8307,Public       ,479,506,985,44094,24311,68405
00115400,SAN FRANCISCO STATE UNIVERSITY          ,CA,94132-1740,Public       ,457,401,858,39157,22151,61308
00115500,SAN JOSE STATE UNIVERSITY               ,CA,95192-0036,Public       ,348,366,714,32513,18993,51506
00115600,SONOMA STATE UNIVERSITY                 ,CA,94928-3609,Public       ,124,109,233,12910,4206,17116
00115700,CALIF STATE UNIV-STANISLAUS             ,CA,95382-0299,Public       ,115,108,223,10456,7032,17488
00116100,CERRITOS COLLEGE                        ,CA,90650-6296,Public       ,430,599,1029,19053,15841,34894
00116200,CHABOT COLLEGE                          ,CA,94545-2400,Public       ,216,492,708,7162,9213,16375
00116300,CHAFFEY COLLEGE                         ,CA,91737-9400,Public       ,413,673,1086,16193,16700,32893
00116400,CHAPMAN UNIVERSITY                      ,CA,92866-1099,Private      ,115,96,211,11425,3989,15414
00116453,CHAPMAN UNIVERSITY SCHOOL OF LAW        ,CA,92866-0000,Private      ,5,18,23,95,1862,1957
00116500,CHURCH DIV SCH OF THE PACIFIC           ,CA,94709-0000,Private      ,0,1,1,2,63,65
00116600,CITRUS COLLEGE                          ,CA,91741-1899,Public       ,477,591,1068,11122,8514,19636
00116900,CLAREMONT GRADUATE UNIVERSITY           ,CA,91711-0000,Private      ,1,57,58,26,2120,2146
00117000,CLAREMONT MCKENNA COLLEGE               ,CA,91711-6400,Private      ,32,9,41,3829,228,4057
00117100,HARVEY MUDD COLLEGE                     ,CA,91711-5990,Private      ,13,2,15,2733,111,2844
00117200,PITZER COLLEGE                          ,CA,91711-6101,Private      ,21,2,23,3281,234,3515
00117300,POMONA COLLEGE                          ,CA,91711-6301,Private      ,32,14,46,5312,289,5601
00117400,SCRIPPS COLLEGE                         ,CA,91711-3948,Private      ,11,5,16,1966,178,2144
00117600,WEST HILLS COMMUNITY COLLEGE            ,CA,93210-1399,Public       ,48,100,148,1578,1534,3112
00117700,COGSWELL POLYTECHNICAL COLLEGE          ,CA,94089-1210,Proprietary  ,11,15,26,361,214,575
00117800,COLLEGE OF MARIN                        ,CA,94904-2590,Public       ,67,179,246,1339,2950,4289
00117801,COLG OF MARIN-INDIAN VALLEY CMPS        ,CA,94949-0000,Public       ,22,44,66,294,850,1144
00117900,NOTRE DAME DE NAMUR UNIVERSITY          ,CA,94002-1997,Private      ,30,59,89,1878,1612,3490
00118100,COLLEGE OF SAN MATEO                    ,CA,94402-3784,Public       ,133,214,347,3709,3796,7505
00118200,COLLEGE OF THE DESERT                   ,CA,92260-9305,Public       ,160,304,464,6350,7006,13356
00118300,HOLY NAMES UNIVERSITY                   ,CA,94619-1699,Private      ,22,60,82,1159,1374,2533
00118500,COLLEGE OF THE REDWOODS                 ,CA,95501-9300,Public       ,100,205,305,2918,4723,7641
00118600,COLLEGE OF THE SEQUOIAS                 ,CA,93277-2234,Public       ,164,346,510,7685,8413,16098
00118700,COLLEGE OF THE SISKIYOUS                ,CA,96094-2899,Public       ,28,54,82,1203,1490,2693
00118701,COLLEGE OF THE SISKIYOUS - YREKA CENTER ,CA,96097-9538,Public       ,7,20,27,166,469,635
00119000,CONTRA COSTA COLLEGE                    ,CA,94806-3195,Public       ,129,303,432,2767,4988,7755
00119100,DIABLO VALLEY COLLEGE                   ,CA,94523-1544,Public       ,292,444,736,6790,7160,13950
00119200,CUESTA COLLEGE                          ,CA,93403-8106,Public       ,166,301,467,5306,4814,10120
00119300,CYPRESS COLLEGE                         ,CA,90630-5897,Public       ,382,577,959,12058,10726,22784
00119600,DOMINICAN UNIVERSITY OF CALIFORNIA      ,CA,94901-2298,Private      ,38,44,82,3250,1608,4858
00119700,EL CAMINO COLLEGE                       ,CA,90506-0002,Public       ,575,903,1478,15735,15292,31027
00119701,COMPTON COMMUNITY COLLEGE               ,CA,90221-5393,Public       ,191,427,618,3832,6726,10558
00119900,FOOTHILL COLLEGE                        ,CA,94022-4597,Public       ,134,333,467,3967,5312,9279
00120000,FULLER THEOLOGICAL SEMINARY             ,CA,91182-0000,Private      ,1,78,79,20,2424,2444
00120100,FULLERTON COLLEGE                       ,CA,92832-2095,Public       ,468,650,1118,14970,10604,25574
00120200,GAVILAN COLLEGE                         ,CA,95020-9599,Public       ,109,217,326,2179,2762,4941
00120300,GLENDALE COMMUNITY COLLEGE              ,CA,91208-2894,Public       ,494,725,1219,11203,10759,21962
00120500,GOLDEN GATE UNIVERSITY                  ,CA,94105-2967,Private      ,15,119,134,244,4165,4409
00120600,GOLDEN WEST COLLEGE                     ,CA,92647-2748,Public       ,232,415,647,10049,9310,19359
00120700,GRADUATE THEOLOGICAL UNION              ,CA,94709-0000,Private      ,0,4,4,1,343,344
00120800,GROSSMONT COLLEGE                       ,CA,92020-1798,Public       ,269,568,837,11011,12919,23930
00120900,HARTNELL COMMUNITY COLLEGE              ,CA,93901-1697,Public       ,151,240,391,4367,3985,8352
00121200,HUMPHREYS COLLEGE                       ,CA,95207-3896,Private      ,24,69,93,453,1589,2042
00121400,IMPERIAL VALLEY COLLEGE                 ,CA,92251-9787,Public       ,118,203,321,4846,4420,9266
00121500,LA SIERRA UNIVERSITY                    ,CA,92515-3332,Private      ,60,81,141,3667,1751,5418
00121600,UNIVERSITY OF LA VERNE                  ,CA,91750-4443,Private      ,82,452,534,6083,7662,13745
00121700,LASSEN COLLEGE                          ,CA,96130-3000,Public       ,26,56,82,595,917,1512
00121800,LOMA LINDA UNIVERSITY                   ,CA,92350-0001,Private      ,25,106,131,1452,6588,8040
00121900,LONG BEACH CITY COLLEGE                 ,CA,90808-1780,Public       ,548,982,1530,20264,20145,40409
00122000,MASTER'S COLLEGE & SEMINARY (THE)       ,CA,91321-1200,Private      ,13,39,52,1623,616,2239
00122300,LOS ANGELES CITY COLLEGE                ,CA,90029-3588,Public       ,455,1248,1703,11810,18494,30304
00122400,LOS ANGELES HARBOR COLLEGE              ,CA,90744-2397,Public       ,236,396,632,5277,6173,11450
00122600,LOS ANGELES PIERCE COLLEGE              ,CA,91371-0001,Public       ,606,907,1513,14627,12883,27510
00122700,LOS ANGELES TRADE TECH COLLEGE          ,CA,90015-4181,Public       ,408,1362,1770,7891,15560,23451
00122800,LOS ANGELES VALLEY COLLEGE              ,CA,91401-4096,Public       ,462,910,1372,10884,12820,23704
00122900,SO CA UNIV  HEALTH SCIENCES             ,CA,90604-4051,Private      ,5,26,31,60,822,882
00123000,SOUTHERN CA COLLEGE OF OPTOMETRY        ,CA,92831-1699,Private      ,0,7,7,28,569,597
00123200,AMERICAN RIVER COLLEGE                  ,CA,95841-4286,Public       ,457,1181,1638,15838,27363,43201
00123300,SACRAMENTO CITY COLLEGE                 ,CA,95822-1386,Public       ,488,1065,1553,16179,21693,37872
00123600,MENLO COLLEGE                           ,CA,94027-4301,Private      ,29,8,37,1811,235,2046
00123700,MERCED COMMUNITY COLLEGE                ,CA,95348-2898,Public       ,220,378,598,7312,7262,14574
00123800,MILLS COLLEGE                           ,CA,94613-1301,Private      ,27,48,75,1969,2197,4166
00123900,MIRACOSTA COLLEGE                       ,CA,92056-3899,Public       ,158,408,566,5489,7826,13315
00124000,MODESTO JUNIOR COLLEGE                  ,CA,95350-5800,Public       ,324,605,929,11510,14307,25817
00124200,MONTEREY PENINSULA COLLEGE              ,CA,93940-4799,Public       ,100,245,345,3138,3309,6447
00124300,MOUNT ST MARYS COLLEGE                  ,CA,90049-1599,Private      ,38,91,129,3655,3105,6760
00124500,MT. SAN ANTONIO COLLEGE                 ,CA,91789-1399,Public       ,817,1186,2003,21451,18247,39698
00124600,MT SAN JACINTO COLLEGE                  ,CA,92583-2399,Public       ,248,566,814,10134,14084,24218
00124700,NAPA VALLEY COLLEGE                     ,CA,94558-6236,Public       ,118,171,289,3394,3671,7065
00124900,OCCIDENTAL COLLEGE                      ,CA,90041-3314,Private      ,42,14,56,5717,519,6236
00125000,ORANGE COAST COLLEGE - FIN AID OFF      ,CA,92628-5005,Public       ,355,570,925,16004,12550,28554
00125100,OTIS COLLEGE OF ART AND DESIGN          ,CA,90045-3505,Private      ,26,28,54,1889,1035,2924
00125200,HOPE INTERNATIONAL UNIVERSITY           ,CA,92631-0000,Private      ,20,69,89,936,1252,2188
00125300,FRESNO PACIFIC UNIVERSITY               ,CA,93702-4798,Private      ,53,224,277,2847,4635,7482
00125400,PACIFIC LUTHERAN THEOLOGICAL SEM        ,CA,94708-0000,Private      ,0,1,1,4,80,84
00125500,PACIFIC OAKS COLLEGE                    ,CA,91103-3606,Private      ,3,83,86,78,1310,1388
00125600,PACIFIC SCHOOL OF RELIGION              ,CA,94709-0000,Private      ,0,4,4,2,194,196
00125800,PACIFIC UNION COLLEGE                   ,CA,94508-9797,Private      ,26,27,53,2099,629,2728
00125900,PALO VERDE COLLEGE                      ,CA,92225-0000,Public       ,21,33,54,325,559,884
00126000,PALOMAR COLLEGE                         ,CA,92069-1486,Public       ,306,716,1022,11267,11245,22512
00126100,PASADENA CITY COLLEGE                   ,CA,91106-2003,Public       ,433,606,1039,21100,15392,36492
00126200,POINT LOMA NAZARENE UNIVERSITY          ,CA,92106-2899,Private      ,52,99,151,5182,1906,7088
00126600,LANEY COLLEGE                           ,CA,94607-4893,Public       ,195,729,924,4746,10222,14968
00126700,MERRITT COLLEGE                         ,CA,94619-3196,Public       ,139,413,552,2872,6494,9366
00126800,PORTERVILLE COLLEGE                     ,CA,93257-6059,Public       ,64,108,172,2586,2817,5403
00126900,RIO HONDO COLLEGE                       ,CA,90601-1699,Public       ,418,564,982,13864,10820,24684
00127000,RIVERSIDE CITY COLLEGE                  ,CA,92506-1299,Public       ,825,1298,2123,22438,23095,45533
00127200,SAN BERNARDINO VALLEY COLLEGE           ,CA,92410-2798,Public       ,246,661,907,11026,15749,26775
00127300,SAN DIEGO CITY COLLEGE                  ,CA,92101-4787,Public       ,308,884,1192,12436,18696,31132
00127500,SAN DIEGO MESA COLLEGE                  ,CA,92111-4996,Public       ,361,819,1180,13299,15758,29057
00127800,SAN FRANCISCO CONSERVATORY OF MUSIC     ,CA,94122-4498,Private      ,3,4,7,406,489,895
00127900,SAN FRANCISCO THEOLOGICAL SEMINARY      ,CA,94960-0000,Private      ,1,2,3,4,79,83
00128000,SAN JOAQUIN DELTA COLLEGE               ,CA,95207-6370,Public       ,309,612,921,11375,14346,25721
00128100,WILLIAM JESSUP UNIVERSITY               ,CA,95765-3707,Private      ,9,41,50,1123,823,1946
00128200,SAN JOSE CITY COLLEGE                   ,CA,95128-2797,Public       ,177,514,691,5582,8328,13910
00128400,SANTA ANA COLLEGE                       ,CA,92706-3398,Public       ,276,452,728,9837,9390,19227
00128500,SANTA BARBARA CITY COLLEGE              ,CA,93109-2394,Public       ,332,388,720,10212,7174,17386
00128600,SANTA MONICA COLLEGE                    ,CA,90405-1644,Public       ,701,795,1496,23364,14381,37745
00128700,SANTA ROSA JUNIOR COLLEGE               ,CA,95401-4395,Public       ,298,494,792,7498,9286,16784
00128800,CLAREMONT SCHOOL OF THEOLOGY            ,CA,91711-0000,Private      ,0,4,4,7,310,317
00128900,SHASTA COLLEGE                          ,CA,96049-7692,Public       ,120,320,440,4579,6820,11399
00129000,SIERRA COLLEGE                          ,CA,95677-3397,Public       ,238,455,693,9639,11779,21418
00129100,SIMPSON UNIVERSITY                      ,CA,96003-8606,Private      ,12,30,42,1372,1365,2737
00129200,SOLANO COMMUNITY COLLEGE                ,CA,94534-3197,Public       ,174,438,612,4643,7168,11811
00129300,VANGUARD UNIVERSITY OF SOUTHERN CA      ,CA,92626-6597,Private      ,30,97,127,2806,1539,4345
00129400,SOUTHWESTERN COLLEGE                    ,CA,91910-7299,Public       ,304,509,813,11175,10811,21986
00129500,SOUTHWESTERN LAW SCHOOL                 ,CA,90010-1106,Private      ,0,20,20,107,2741,2848
00129600,DOMINICAN SCH PHILOSOPHY & THEOLOGY     ,CA,94709-0000,Private      ,0,1,1,7,78,85
00129900,ST JOHN'S SEMINARY COLLEGE              ,CA,93010-0000,Private      ,0,0,0,8,19,27
00130200,SAINT MARY'S COLLEGE OF CALIFORNIA      ,CA,94556-2744,Private      ,61,95,156,6348,2096,8444
00130500,STANFORD UNIVERSITY                     ,CA,94305-6106,Private      ,251,238,489,26915,4405,31320
00130501,STANFORD UNIVERSITY - GRADUATE SCHOOL OF,CA,94305-5301,Private      ,2,41,43,86,1710,1796
00130502,STANFORD UNIVERSITY - GRADUATE SCHOOL OF,CA,94305-5015,Private      ,3,48,51,105,2183,2288
00130503,STANFORD UNIVERSITY - STANFORD LAW SCHOO,CA,94305-3096,Private      ,5,23,28,248,2502,2750
00130700,FRESNO CITY COLLEGE                     ,CA,93741-0002,Public       ,341,816,1157,18312,20029,38341
00130800,REEDLEY COLLEGE                         ,CA,93654-2099,Public       ,149,231,380,8161,6447,14608
00130900,TAFT COLLEGE                            ,CA,93268-2317,Public       ,43,82,125,1971,1770,3741
00131200,UNIVERSITY OF CALIFORNIA-BERKELEY       ,CA,94720-1520,Public       ,597,415,1012,58676,22819,81495
00131300,UNIVERSITY OF CALIFORNIA-DAVIS          ,CA,95616-8558,Public       ,510,220,730,54089,17187,71276
00131400,UNIVERSITY OF CALIFORNIA-IRVINE         ,CA,92697-2825,Public       ,564,313,877,60496,15659,76155
00131500,UNIVERSITY OF CALIFORNIA (UCLA)         ,CA,90095-9000,Public       ,783,666,1449,75363,31961,107324
00131502,UNIV OF CALIFORNIA LOS ANG SCH MED      ,CA,90095-0000,Public       ,4,11,15,429,1307,1736
00131503,UNIV OF CALIFORNIA LOS ANG DENTAL       ,CA,90095-0000,Public       ,0,4,4,143,299,442
00131600,UNIVERSITY OF CALIFORNIA-RIVERSIDE      ,CA,92521-0209,Public       ,401,323,724,41038,10638,51676
00131700,UNIVERSITY OF CALIFORNIA-SAN DIEGO      ,CA,92093-0013,Public       ,468,221,689,55338,12826,68164
00131900,UNIVERSITY OF CALIFORNIA-SFRANCISCO     ,CA,94143-0246,Public       ,42,94,136,1927,5215,7142
00132000,UNIVERSITY OF CALIFORNIA-SANTA BARB     ,CA,93106-3180,Public       ,501,153,654,53060,8585,61645
00132100,UNIVERSITY OF CALIFORNIA-SANTA CRUZ     ,CA,95064-0001,Public       ,326,110,436,35577,5833,41410
00132200,UNIVERSITY OF REDLANDS                  ,CA,92373-0999,Private      ,66,277,343,6100,3890,9990
00132500,UNIVERSITY OF SAN FRANCISCO             ,CA,94117-1080,Private      ,170,234,404,12870,9652,22522
00132600,SANTA CLARA UNIVERSITY                  ,CA,95053-4956,Private      ,108,109,217,12342,4175,16517
00132604,JESUIT SCHOOL OF THEOLOGY - BERKELEY    ,CA,94709-1193,Private      ,0,1,1,6,72,78
00132800,UNIVERSITY OF SOUTHERN CALIFORNIA       ,CA,90089-0914,Private      ,449,738,1187,46192,33543,79735
00132900,UNIVERSITY OF THE PACIFIC               ,CA,95211-0197,Private      ,139,88,227,13454,4155,17609
00132901,UNIVERSITY OF THE PACIFIC - MCGEORGE SCH,CA,95817-2799,Private      ,8,25,33,223,2042,2265
00132902,UNIV OF THE PACIFIC SCH OF DENT         ,CA,94115-0000,Private      ,1,6,7,112,697,809
00133400,VENTURA COLLEGE                         ,CA,93003-3899,Public       ,196,333,529,6949,7138,14087
00133500,VICTOR VALLEY COLLEGE                   ,CA,92395-5849,Public       ,368,846,1214,7671,12380,20051
00133800,WEST VALLEY COLLEGE                     ,CA,95070-5697,Public       ,142,264,406,3387,3678,7065
00134100,WESTMONT COLLEGE                        ,CA,93108-1099,Private      ,18,4,22,2790,180,2970
00134200,WHITTIER COLLEGE                        ,CA,90601-4413,Private      ,63,28,91,4288,822,5110
00134201,WHITTIER COLLEGE - COLLEGE OF LAW       ,CA,92626-1501,Private      ,0,5,5,45,1595,1640
00134300,WOODBURY UNIVERSITY                     ,CA,91510-7846,Private      ,18,38,56,1297,1124,2421
00134400,YUBA COLLEGE                            ,CA,95901-7699,Public       ,157,419,576,3868,6235,10103
00177212,TRINITY INTERNATIONAL UNIV-CA           ,CA,92705-0000,Private      ,0,9,9,11,399,410
00274100,AMERICAN JEWISH UNIVERSITY              ,CA,90077-1599,Private      ,1,1,2,120,149,269
00301002,ANTIOCH UNIV/LOS ANGELES                ,CA,90230-7615,Private      ,6,64,70,61,1244,1305
00301003,ANTIOCH  UNIV/SANTA BARBARA             ,CA,93101-0000,Private      ,15,17,32,732,701,1433
00369110,MIDDLEBURY COLLEGE - MONTEREY INSTITUTE ,CA,93940-2691,Private      ,2,30,32,41,948,989
00394700,UC-HASTINGS COLLEGE OF THE LAW          ,CA,94102-0000,Public       ,1,17,18,36,3573,3609
00394800,SAN FRANCISCO ART INSTITUTE             ,CA,94133-2299,Private      ,41,60,101,2324,1682,4006
00405402,HEBREW UNION COLLEGE JEWISH INSTITUTE OF,CA,90007-3717,Private      ,0,0,0,0,3,3
00408000,STARR KING SCHOOL FOR THE MINISTRY      ,CA,94709-1299,Private      ,0,1,1,3,116,119
00448000,DE ANZA COLLEGE                         ,CA,95014-5793,Public       ,357,581,938,9593,8517,18110
00448100,OHLONE COLLEGE                          ,CA,94539-5847,Public       ,127,213,340,3918,4103,8021
00448400,JOHN F. KENNEDY UNIVERSITY              ,CA,94523-4817,Private      ,4,71,75,62,1764,1826
00449000,PATTEN UNIVERSITY                       ,CA,94601-2699,Private      ,1,7,8,170,319,489
00449400,EVEREST COLLEGE                         ,CA,92408-3752,Proprietary  ,48,178,226,619,1452,2071
00450200,CITY COLLEGE OF SAN FRANCISCO           ,CA,94112-0000,Public       ,387,1134,1521,12330,18530,30860
00450302,EVEREST COLLEGE - SANTA ANA             ,CA,92701-4559,Proprietary  ,38,100,138,438,745,1183
00563800,DOWNEY ADULT SCHOOL                     ,CA,90241-5610,Public       ,30,113,143,317,1025,1342
00565500,HACIENDA LA PUENTE ADULT EDUC CTR       ,CA,91746-0000,Public       ,22,65,87,256,707,963
00616500,LA CNTY CLG OF NURSING & ALLD HLTH      ,CA,90033-1018,Public       ,5,47,52,280,795,1075
00672000,COLLEGE OF ALAMEDA                      ,CA,94501-2109,Public       ,106,295,401,3060,4392,7452
00673100,CASA LOMA COLLEGE                       ,CA,91405-4523,Private      ,33,81,114,295,762,1057
00697300,CANADA COLLEGE                          ,CA,94061-1099,Public       ,62,175,237,1652,2536,4188
00697500,LINCOLN UNIVERSITY                      ,CA,94612-2801,Private      ,2,8,10,61,219,280
00701200,SAMUEL MERRITT COLLEGE                  ,CA,94609-3108,Private      ,15,104,119,452,2921,3373
00704700,LOS ANGELES SOUTHWEST COLLEGE           ,CA,90047-4810,Public       ,207,678,885,3791,8781,12572
00705000,BAY VISTA COLLEGE OF BEAUTY             ,CA,91950-3616,Proprietary  ,11,24,35,108,247,355
00711500,MOORPARK COLLEGE                        ,CA,93021-1695,Public       ,174,225,399,6515,5088,11603
00713000,NEWBERRY SCHOOLS OF BEAUTY              ,CA,91344-7404,Proprietary  ,11,18,29,96,153,249
00714200,LYLE'S COLLEGE OF BEAUTY                ,CA,93710-3948,Proprietary  ,11,21,32,176,263,439
00716400,BRYAN COLLEGE                           ,CA,90057-0000,Proprietary  ,26,161,187,311,2097,2408
00718700,NORTH ADRIAN'S COLLEGE OF BEAUTY        ,CA,95350-2381,Proprietary  ,10,40,50,176,363,539
00719000,WYOTECH                                 ,CA,94539-7663,Proprietary  ,69,206,275,872,1822,2694
00720300,SALON SUCCESS ACADEMY                   ,CA,91786-4060,Proprietary  ,11,14,25,159,210,369
00720400,MODERN BEAUTY ACADEMY                   ,CA,93030-7016,Proprietary  ,6,5,11,62,91,153
00722900,WESTERN BEAUTY INSTITUTE                ,CA,91402-3104,Proprietary  ,27,51,78,277,498,775
00723400,HEALD COLLEGE                           ,CA,94105-2206,Proprietary  ,55,185,240,714,2147,2861
00725300,FEDERICO BEAUTY INSTITUTE               ,CA,95834-1905,Proprietary  ,14,45,59,353,521,874
00729600,COLEMAN COLLEGE                         ,CA,92123-0000,Private      ,11,82,93,334,1189,1523
00732909,ITT TECHNICAL INSTITUTE                 ,CA,92868-3506,Proprietary  ,112,408,520,826,2527,3353
00732971,ITT TECHNICAL INSTITUTE                 ,CA,95670-6047,Proprietary  ,91,328,419,649,2154,2803
00732976,ITT TECHNICAL INSTITUTE                 ,CA,92408-3519,Proprietary  ,140,377,517,1252,2727,3979
00732981,ITT TECHNICAL INSTITUTE                 ,CA,92123-2662,Proprietary  ,79,394,473,1025,3302,4327
00732985,ITT TECHNICAL INSTITUTE                 ,CA,91773-2933,Proprietary  ,102,285,387,660,1778,2438
00732989,ITT TECHNICAL INSTITUTE                 ,CA,90502-1356,Proprietary  ,89,317,406,697,2204,2901
00732994,ITT TECHNICAL INSTITUTE                 ,CA,91342-3664,Proprietary  ,80,290,370,610,1808,2418
00746501,AMERICAN ACADEMY OF DRAMATIC ARTS - LOS ,CA,90028-7504,Private      ,0,0,0,571,183,754
00747600,MARINELLO SCHOOLS OF BEAUTY             ,CA,90023-2666,Proprietary  ,40,77,117,671,1219,1890
00747602,MARINELLO SCHOOLS OF BEAUTY - SPA ACADEM,CA,90048-5101,Proprietary  ,11,38,49,115,203,318
00747603,MARINELLO SCHOOLS OF BEAUTY - INGLEWOOD ,CA,90301-2306,Proprietary  ,11,19,30,58,88,146
00747604,MARINELLO SCHOOLS OF BEAUTY - RESEDA    ,CA,91335-4218,Proprietary  ,1,4,5,40,57,97
00747606,MARINELLO SCHOOLS OF BEAUTY - WEST COVIN,CA,91790-2805,Proprietary  ,2,4,6,61,81,142
00747607,MARINELLO SCHOOLS OF BEAUTY - SAN BERNAR,CA,92410-3261,Proprietary  ,7,19,26,258,402,660
00747608,MARINELLO SCHOOLS OF BEAUTY - ONTARIO   ,CA,91762-2113,Proprietary  ,25,33,58,204,279,483
00747609,MARINELLO SCHOOLS OF BEAUTY - WHITTIER  ,CA,90601-4107,Proprietary  ,6,17,23,144,208,352
00747610,MARINELLO SCHOOLS OF BEAUTY - LOMITA    ,CA,90717-1460,Proprietary  ,6,20,26,74,125,199
00747611,MARINELLO SCHOOLS OF BEAUTY - SAN DIEGO ,CA,92126-4217,Proprietary  ,17,29,46,281,401,682
00747612,MARINELLO SCHOOLS OF BEAUTY - EL CAJON  ,CA,92020-2503,Proprietary  ,13,29,42,84,166,250
00747613,MARINELLO SCHOOLS OF BEAUTY - VICTORVILL,CA,92392-5496,Proprietary  ,17,47,64,183,406,589
00747614,MARINELLO SCHOOLS OF BEAUTY - ANAHEIM   ,CA,92801-4622,Proprietary  ,22,48,70,164,251,415
00747615,MARINELLO SCHOOLS OF BEAUTY - SIMI VALLE,CA,93065-2801,Proprietary  ,7,29,36,89,190,279
00747700,"HEALD COLLEGE,SCHOOLS OF BUS & TECH     ",CA,95670-6005,Proprietary  ,62,206,268,603,2080,2683
00753100,ACADEMY OF ART UNIVERSITY               ,CA,94105-3410,Proprietary  ,282,732,1014,9211,15059,24270
00753600,COSUMNES RIVER COLLEGE                  ,CA,95823-5799,Public       ,285,563,848,10168,12732,22900
00754802,WESTWOOD COLLEGE OF TECHNOLOGY          ,CA,92801-0000,Proprietary  ,31,61,92,990,885,1875
00754803,WESTWOOD COLLEGE OF TECHNOLOGY          ,CA,91786-0000,Proprietary  ,54,81,135,995,1069,2064
00760600,EVEREST COLLEGE                         ,CA,90010-2221,Proprietary  ,27,99,126,460,931,1391
00760700,CONCORDE CAREER INSTITUTE               ,CA,91606-3134,Proprietary  ,50,71,121,400,853,1253
00770700,COLUMBIA COLLEGE                        ,CA,95370-8580,Public       ,39,98,137,1360,1813,3173
00771300,SKYLINE COLLEGE                         ,CA,94066-1698,Public       ,129,276,405,3820,4496,8316
00793000,CONCORDE CAREER INSTITUTE               ,CA,92108-0000,Proprietary  ,32,171,203,415,1671,2086
00799300,CALIF STATE UNIV BAKERSFIELD            ,CA,93311-1022,Public       ,147,226,373,10498,7936,18434
00807100,CONCORDE CAREER INSTITUTE               ,CA,92840-9201,Proprietary  ,56,107,163,509,1057,1566
00807300,BUTTE COMMUNITY COLLEGE                 ,CA,95965-0000,Public       ,192,380,572,8284,10180,18464
00809000,EVEREST COLLEGE                         ,CA,91803-1310,Proprietary  ,58,128,186,531,1524,2055
00809300,HEALD COLLEGE                           ,CA,93704-1706,Proprietary  ,73,309,382,1557,3327,4884
00853200,HEALD COLLEGE                           ,CA,94545-2352,Proprietary  ,79,226,305,915,2273,3188
00853202,HEALD COLLEGE - MODESTO                 ,CA,95368-9095,Proprietary  ,58,164,222,726,1449,2175
00853700,CONCORDE CAREER INSTITUTE               ,CA,92401-0000,Proprietary  ,45,120,165,534,1427,1961
00859600,WEST LOS ANGELES COLLEGE                ,CA,90230-3500,Public       ,244,573,817,4737,8364,13101
00859700,FEATHER RIVER COLLEGE                   ,CA,95971-9124,Public       ,28,35,63,872,644,1516
00884400,CALIFORNIA CHRISTIAN COLLEGE            ,CA,93703-3599,Private      ,5,13,18,118,205,323
00884600,WRIGHT INSTITUTE                        ,CA,94704-0000,Private      ,0,5,5,3,535,538
00890300,COLLEGE OF THE CANYONS                  ,CA,91355-1899,Public       ,397,584,981,8210,6921,15131
00891800,SADDLEBACK COLLEGE                      ,CA,92692-3699,Public       ,228,481,709,6737,7918,14655
00902200,ASSOCIATED TECHNICAL COLLEGE            ,CA,90017-0000,Proprietary  ,17,86,103,236,728,964
00903200,EMPIRE COLLEGE                          ,CA,95403-2122,Proprietary  ,23,80,103,213,764,977
00915706,WYOMING TECHNICAL INSTITUTE - WEST SACRA,CA,95605-1507,Proprietary  ,64,141,205,975,1656,2631
00927200,CRAFTON HILLS COLLEGE                   ,CA,92399-1799,Public       ,105,171,276,4370,4388,8758
00932500,ABRAM FRIEDMAN OCCUP CTR                ,CA,90015-3507,Public       ,0,0,0,87,186,273
00950900,SKILLS & BUSINESS EDUCATION CENTER      ,CA,95824-1529,Public       ,22,111,133,345,1370,1715
00974800,CARRINGTON COLLEGE CALIFORNIA           ,CA,95826-3203,Proprietary  ,89,234,323,1157,3197,4354
00974801,CARRINGTON COLLEGE CALIFORNIA - SAN LEAN,CA,94578-3711,Proprietary  ,30,61,91,345,717,1062
00974802,CARRINGTON COLLEGE CALIFORNIA - PLEASANT,CA,94523-1984,Proprietary  ,20,41,61,233,593,826
00974803,CARRINGTON COLLEGE CALIFORNIA - STOCKTON,CA,95207-5509,Proprietary  ,48,94,142,474,817,1291
00974804,CARRINGTON COLLEGE CALIFORNIA - CITRUS H,CA,95621-5577,Proprietary  ,18,79,97,305,746,1051
00974806,CARRINGTON COLLEGE CALIFORNIA -  ANTIOCH,CA,94531-1604,Proprietary  ,25,66,91,289,615,904
00974807,CARRINGTON COLLEGE CALIFORNIA - SAN JOSE,CA,95119-1325,Proprietary  ,45,116,161,543,1276,1819
00974808,CARRINGTON COLLEGE CALIFORNIA - EMERYVIL,CA,94608-3006,Proprietary  ,17,31,48,123,274,397
00974809,WESTERN CAREER COLLEGE -  EMERYVILLE SHE,CA,94608-3006,Proprietary  ,2,7,9,18,65,83
00998900,SANTA BARBARA BUSINESS COLLEGE          ,CA,93111-0000,Proprietary  ,10,82,92,363,688,1051
01011100,CERRO-COSO COMMUNITY COLLEGE            ,CA,93555-9571,Public       ,35,122,157,1153,2905,4058
01014900,PEPPERDINE UNIVERSITY                   ,CA,90263-0000,Private      ,103,165,268,8975,7134,16109
01034000,LOS MEDANOS COLLEGE                     ,CA,94565-5197,Public       ,202,363,565,4004,5690,9694
01036500,CHARLES R DREW UNIV OF MED & SCI        ,CA,90059-0000,Private      ,5,54,59,174,1114,1288
01039500,UNIVERSITY OF SAN DIEGO                 ,CA,92110-2492,Private      ,222,229,451,20668,7199,27867
01039501,UNIVERSITY OF SAN DIEGO - SCHOOL OF LAW ,CA,92110-2492,Private      ,10,24,34,268,3059,3327
01044100,PARDEE RAND GRADUATE SCHOOL             ,CA,90407-2138,Private      ,0,2,2,6,42,48
01047400,MARYMOUNT COLLEGE OF PALOS VERDES       ,CA,90275-0000,Private      ,11,10,21,1649,213,1862
01085400,THOMAS JEFFERSON SCHOOL OF LAW          ,CA,92110-0000,Private      ,4,40,44,51,2416,2467
01102400,EVEREST COLLEGE                         ,CA,94103-2091,Proprietary  ,15,68,83,214,688,902
01110700,EVEREST  COLLEGE                        ,CA,92801-5231,Proprietary  ,58,98,156,618,1023,1641
01110900,EVEREST COLLEGE                         ,CA,91335-4631,Proprietary  ,66,126,192,486,1320,1806
01111200,FIDM-FASHION INSTITUTE OF DESIGN        ,CA,90015-1421,Proprietary  ,150,129,279,7227,2918,10145
01111700,ALLIANT INTERNATIONAL UNIVERSITY        ,CA,92131-1799,Private      ,4,64,68,171,2530,2701
01111705,ALLIANT INTERNATIONAL UNIVERSITY - LOS A,CA,91803-1360,Private      ,0,5,5,14,789,803
01111706,ALLIANT INTERNATIONAL UNIVERSITY - SAN F,CA,94133-1221,Private      ,1,16,17,54,939,993
01111707,ALLIANT INTERNATIONAL UNIVERSITY - FRESN,CA,93727-2014,Private      ,3,22,25,86,668,754
01112100,EVEREST COLLEGE                         ,CA,94541-4007,Proprietary  ,7,72,79,181,616,797
01112300,EVEREST COLLEGE                         ,CA,90247-4163,Proprietary  ,25,116,141,273,846,1119
01146000,NATIONAL UNIVERSITY                     ,CA,92037-1011,Private      ,86,2356,2442,1100,21913,23013
01162600,PRACTICAL SCHOOLS                       ,CA,92805-0000,Proprietary  ,20,61,81,396,795,1191
01164900,LOYOLA MARYMOUNT UNIVERSITY             ,CA,90045-0000,Private      ,124,106,230,13886,4342,18228
01164901,LMU  - LOYOLA LAW SCHOOL                ,CA,90015-0019,Private      ,4,31,35,246,3535,3781
01167200,MENDOCINO COLLEGE                       ,CA,95482-3000,Public       ,74,196,270,1521,2381,3902
01170700,NORTH-WEST COLLEGE                      ,CA,91790-2097,Proprietary  ,31,64,95,304,631,935
01179200,FRANCISCAN SCHOOL OF THEOLOGY           ,CA,94709-0000,Private      ,0,0,0,3,44,47
01182000,SAN DIEGO MIRAMAR COLLEGE               ,CA,92126-0000,Public       ,167,500,667,5918,9024,14942
01186500,CALIFORNIA HAIR DESIGN ACADEMY          ,CA,92115-0000,Proprietary  ,24,42,66,223,393,616
01186600,LU ROSS ACADEMY                         ,CA,93001-2927,Proprietary  ,28,45,73,192,341,533
01202600,JE BOUTIQUE COLLEGE OF BEAUTY           ,CA,92021-6247,Proprietary  ,14,30,44,134,261,395
01202700,GALEN COLLEGE OF CALIFORNIA             ,CA,93728-2381,Proprietary  ,1,12,13,73,214,287
01203100,SAN DIEGO CHRISTIAN COLLEGE             ,CA,92019-1157,Private      ,13,70,83,1022,1410,2432
01206100,EVEREST COLLEGE                         ,CA,95128-3908,Proprietary  ,19,72,91,348,794,1142
01215400,CALIFORNIA INSTITUTE OF INTEGRAL STUDIES,CA,94103-2557,Private      ,3,19,22,68,1762,1830
01230002,PALMER COLLEGE OF CHIROPRACTIC - WEST CA,CA,95134-1617,Private      ,0,7,7,31,434,465
01231600,MANCHESTER BEAUTY COLLEGE               ,CA,93726-5306,Proprietary  ,7,17,24,199,315,514
01231700,TULARE BEAUTY COLLEGE                   ,CA,93274-3432,Proprietary  ,2,7,9,47,76,123
01244600,UNIVERSAL COLLEGE OF BEAUTY             ,CA,90044-0044,Proprietary  ,3,18,21,109,166,275
01245200,EVERGREEN VALLEY COLLEGE                ,CA,95135-1598,Public       ,221,356,577,5700,6571,12271
01255000,LOS ANGELES MISSION COLLEGE             ,CA,91342-3200,Public       ,267,443,710,6591,6348,12939
01265000,MARINELLO SCHOOL OF BEAUTY              ,CA,91502-2828,Proprietary  ,23,55,78,193,380,573
01265001,MARINELLO SCHOOL OF BEAUTY - PALMDALE   ,CA,93550-4686,Proprietary  ,5,8,13,89,139,228
01284200,OXNARD COLLEGE                          ,CA,93030-0000,Public       ,120,226,346,3801,4786,8587
01287200,NORTH-WEST COLLEGE                      ,CA,91768-3199,Proprietary  ,34,91,125,339,697,1036
01287300,WYOTECH                                 ,CA,90810-3800,Proprietary  ,117,333,450,1307,2320,3627
01287301,WYOTECH - EVEREST  COLLEGE              ,CA,90034-3158,Proprietary  ,17,88,105,328,787,1115
01287302,WYOTECH - EVEREST  COLLEGE              ,CA,91746-3412,Proprietary  ,54,167,221,523,1121,1644
01290700,LAKE TAHOE COMMUNITY COLLEGE            ,CA,96150-4524,Public       ,46,121,167,871,1377,2248
01291200,MTI COLLEGE                             ,CA,95841-0000,Proprietary  ,52,171,223,674,2093,2767
01294200,ROSEMEAD BEAUTY SCHOOL                  ,CA,91770-1639,Proprietary  ,4,36,40,43,328,371
01298400,PROFESSIONAL INSTITUTE OF BEAUTY        ,CA,91731-2613,Proprietary  ,3,20,23,47,144,191
01298500,HAIR CALIFORNIA BEAUTY ACADEMY          ,CA,92867-7127,Proprietary  ,5,2,7,35,81,116
01298900,OCEANSIDE COLLEGE OF BEAUTY             ,CA,92054-5393,Proprietary  ,9,25,34,130,265,395
01301000,LANCASTER BEAUTY SCHOOL                 ,CA,93534-3098,Proprietary  ,11,29,40,113,286,399
01307400,AMERICAN BEAUTY COLLEGE                 ,CA,91790-2906,Proprietary  ,4,12,16,74,147,221
01309500,SALON SUCCESS ACADEMY                   ,CA,92879-6561,Proprietary  ,31,39,70,209,306,515
01310300,CALIFORNIA WESTERN SCHOOL OF LAW        ,CA,92101-0000,Private      ,4,20,24,142,2201,2343
01324000,LYTLE'S REDWOOD EMPIRE BEAUTY CLG       ,CA,95403-0000,Proprietary  ,13,26,39,175,278,453
02054900,MARINELLO SCHOOL OF BEAUTY              ,CA,92630-0000,Proprietary  ,16,55,71,162,335,497
02054902,MARINELLO SCHOOL OF BEAUTY - BAKERSFIELD,CA,93309-5001,Proprietary  ,26,59,85,337,480,817
02054903,MARINELLO SCHOOL OF BEAUTY - VISALIA    ,CA,93277-6228,Proprietary  ,4,16,20,17,46,63
02059800,PARIS BEAUTY COLLEGE                    ,CA,94520-2611,Proprietary  ,6,34,40,84,221,305
02061600,WAYNES COLLEGE OF BEAUTY                ,CA,93906-2830,Proprietary  ,5,3,8,22,49,71
02063500,COASTLINE COMMUNITY COLLEGE             ,CA,92708-0000,Public       ,52,580,632,2214,8003,10217
02064300,SIERRA COLLEGE OF BEAUTY                ,CA,95340-0000,Proprietary  ,10,27,37,133,232,365
02065700,CALIFORNIA BEAUTY COLLEGE               ,CA,95354-0000,Proprietary  ,9,20,29,210,293,503
02070500,CONCORDIA UNIVERSITY                    ,CA,92612-0000,Private      ,38,334,372,2965,3060,6025
02075800,SOUTHERN CA INST OF ARCHITECTURE        ,CA,90013-0000,Private      ,4,11,15,283,632,915
02086400,MARINELLO SCHOOL OF BEAUTY              ,CA,95050-0000,Proprietary  ,8,31,39,160,346,506
02086401,MARINELLO SCHOOL OF BEAUTY - SEASIDE    ,CA,93955-3615,Proprietary  ,22,44,66,148,217,365
02086402,MARINELLO SCHOOL OF BEAUTY - SAN MATEO  ,CA,94401-3801,Proprietary  ,7,12,19,48,87,135
02086403,MARINELLO SCHOOL OF BEAUTY - HAYWARD    ,CA,94541-5111,Proprietary  ,11,26,37,118,263,381
02086404,MARINELLO SCHOOL OF BEAUTY - CASTRO VALL,CA,94546-5506,Proprietary  ,2,2,4,30,36,66
02091200,ELEGANCE INTERNATIONAL                  ,CA,90028-0000,Proprietary  ,11,21,32,116,164,280
02091700,KAPLAN COLLEGE                          ,CA,92123-1509,Proprietary  ,49,230,279,857,3019,3876
02091702,KAPLAN COLLEGE - CHULA VISTA            ,CA,91910-5342,Proprietary  ,21,55,76,306,632,938
02096100,FIELDING GRADUATE UNIVERSITY            ,CA,93105-0000,Private      ,0,71,71,8,1196,1204
02099200,AMERICAN CONSERVATORY THEATER           ,CA,94108-0000,Private      ,3,11,14,79,261,340
02110200,COLUMBIA COLLEGE                        ,CA,91356-0000,Private      ,14,12,26,397,222,619
02110800,CALIFORNIA COLLEGE SAN DIEGO            ,CA,92108-3821,Proprietary  ,112,275,387,2412,3704,6116
02111300,CUYAMACA COLLEGE                        ,CA,92019-0000,Public       ,143,338,481,5200,7471,12671
02119100,MISSION COLLEGE                         ,CA,95054-1897,Public       ,121,328,449,3766,5921,9687
02120600,SAYBROOK GRADUATE SCHOOL                ,CA,94111-1920,Private      ,0,13,13,1,722,723
02120700,SAN JOAQUIN VALLEY COLLEGE              ,CA,93291-0000,Proprietary  ,304,709,1013,3389,6871,10260
02125000,CAREER ACADEMY OF BEAUTY                ,CA,92845-0000,Proprietary  ,15,29,44,110,229,339
02128200,"VICTOR VALLEY BEAUTY COLLEGE, INC       ",CA,92392-0000,Proprietary  ,8,29,37,170,313,483
02128300,INSTITUTE FOR BUSINESS & TECHNOLOGY     ,CA,95050-0000,Proprietary  ,24,91,115,144,610,754
02128301,INSTITUTE FOR BUSINESS & TECHNOLOGY - NA,CA,95670-6351,Proprietary  ,2,26,28,44,240,284
02138300,PALO ALTO UNIVERSITY                    ,CA,94304-1337,Private      ,0,18,18,83,1020,1103
02147400,CLEVELAND CHIROPRACTIC COLLEGE          ,CA,90004-0000,Private      ,0,0,0,4,18,22
02161800,MUSICIANS INSTITUTE                     ,CA,90028-6157,Proprietary  ,57,69,126,1793,1312,3105
02167800,ESTES INSTITUTE OF COSMETOLOGY          ,CA,93291-0000,Proprietary  ,7,13,20,178,225,403
02178700,CITRUS HEIGHTS BEAUTY COLLEGE           ,CA,95610-1410,Proprietary  ,9,18,27,42,73,115
02179937,WESTERN STATE COLLEGE OF LAW            ,CA,92831-3014,Proprietary  ,1,8,9,36,1254,1290
02179938,"ART INSTITUTE OF CALIFORNIA, HOLLYWOOD  ",CA,91601-3112,Proprietary  ,133,143,276,3657,2806,6463
02179941,"ART INSTITUTE OF CALIFORNIA, LOS ANGELES",CA,90405-3035,Proprietary  ,191,278,469,7935,6031,13966
02179947,"ART INSTITUTE OF CALIFORNIA, SAN DIEGO  ",CA,92108-4423,Proprietary  ,109,209,318,4766,4291,9057
02180600,BRIDGES  ACADEMY OF BEAUTY              ,CA,92311-2327,Proprietary  ,0,0,0,5,40,45
02185800,MOLER BARBER COLLEGE                    ,CA,94611-0000,Proprietary  ,9,28,37,85,237,322
02187500,"HEALD COLLEGE, SCH OF BUS & TECH        ",CA,94520-0000,Proprietary  ,80,246,326,1110,2485,3595
02188400,SIERRA VALLEY COLLEGE OF COURT REPORTING,CA,93726-0000,Proprietary  ,3,19,22,88,242,330
02208600,MADERA BEAUTY COLLEGE                   ,CA,93637-3519,Proprietary  ,4,8,12,79,92,171
02211000,SALON SUCCESS ACADEMY                   ,CA,92405-0000,Proprietary  ,5,6,11,120,168,288
02220000,COLLEEN O'HARA BEAUTY ACADEMY           ,CA,92701-0000,Proprietary  ,5,16,21,99,156,255
02220200,CALIFORNIA CULINARY ACADEMY             ,CA,94102-3336,Proprietary  ,33,92,125,688,1055,1743
02221300,MARINELLO SCHOOL OF BEAUTY              ,CA,92553-0000,Proprietary  ,12,32,44,207,356,563
02221303,MARINELLO SCHOOL OF BEAUTY - SAN RAFAEL ,CA,94901-3224,Proprietary  ,2,17,19,41,85,126
02222000,AMERICAN FILM INSTITUTE                 ,CA,90027-0000,Private      ,15,36,51,520,1185,1705
02226000,EAST LOS ANGELES COLLEGE                ,CA,91754-0000,Public       ,639,882,1521,18162,15931,34093
02228500,LIFE CHIROPRACTIC COLLEGE WEST          ,CA,94545-0000,Private      ,0,27,27,24,490,514
02230900,FREDRICK & CHARLES BEAUTY COLLEGE       ,CA,95501-0000,Proprietary  ,5,16,21,77,158,235
02231900,GEMOLOGICAL INSTITUTE OF AMERICA        ,CA,92008-4698,Private      ,1,28,29,71,301,372
02234300,FASHION CAREERS OF CALIFORNIA           ,CA,92110-0000,Proprietary  ,2,5,7,208,213,421
02236400,"THANH LE COLG, SCH OF COSMETOLOGY       ",CA,92840-0000,Proprietary  ,1,8,9,13,67,80
02237200,PHILLIPS GRADUATE INSTITUTE             ,CA,91316-0000,Private      ,1,12,13,6,266,272
02241600,SAN DIEGO CONTINUING EDUCATION          ,CA,92113-0000,Public       ,0,0,0,203,834,1037
02241800,AMERICAN CAREER COLLEGE                 ,CA,90004-0000,Proprietary  ,210,469,679,1924,3843,5767
02242700,BERKELEY CITY COLLEGE                   ,CA,94704-0000,Public       ,161,370,531,4057,5670,9727
02250602,EVEREST COLLEGE                         ,CA,91761-8525,Proprietary  ,34,116,150,590,1457,2047
02255400,INTERNATIONAL SCHOOL OF COSMETOLOGY     ,CA,90250-0000,Proprietary  ,34,50,84,234,303,537
02258600,ALAMEDA BEAUTY COLLEGE                  ,CA,94501-0000,Proprietary  ,21,41,62,197,351,548
02262400,YESHIVA OHR ELCHONON CHABAD             ,CA,90046-0000,Private      ,52,0,52,85,10,95
02263101,ANTHEM COLLEGE - SACRAMENTO             ,CA,95827-3378,Proprietary  ,5,44,49,107,260,367
02267600,INSTITUTE OF TRANSPERSONAL PSYCHLGY     ,CA,94303-4624,Private      ,0,17,17,11,667,678
02270600,LIFE PACIFIC COLLEGE                    ,CA,91773-0000,Private      ,5,18,23,444,320,764
02276800,WESTMINSTER SEMINARY CALIFORNIA         ,CA,92027-0000,Private      ,0,5,5,12,186,198
02277400,SOUTH COAST COLLEGE                     ,CA,92868-2616,Proprietary  ,15,24,39,297,656,953
02282300,ALHAMBRA BEAUTY COLLEGE                 ,CA,91802-0000,Proprietary  ,4,16,20,56,148,204
02285100,HILLTOP BEAUTY SCHOOL                   ,CA,94014-0000,Proprietary  ,3,17,20,32,139,171
02298000,DESIGN INSTITUTE OF SAN DIEGO           ,CA,92121-0000,Proprietary  ,8,16,24,268,393,661
02304300,"PLATT COLLEGE, SAN DIEGO                ",CA,92115-0000,Proprietary  ,20,48,68,313,544,857
02306300,KAPLAN COLLEGE                          ,CA,95368-0000,Proprietary  ,42,85,127,450,964,1414
02306302,KAPLAN COLLEGE - FRESNO                 ,CA,93612-3802,Proprietary  ,23,49,72,380,595,975
02309500,CLOVIS ADULT EDUC                       ,CA,93611-0000,Public       ,3,28,31,115,467,582
02312400,LA COLLEGE INTERNATIONAL                ,CA,90010-0000,Proprietary  ,0,2,2,62,294,356
02321801,ITT TECHNICAL INSTITUTE                 ,CA,93030-2649,Proprietary  ,0,0,0,0,1,1
02330500,LAGUNA COLLEGE OF ART AND DESIGN        ,CA,92651-0000,Private      ,13,6,19,729,300,1029
02332800,CENTER FOR EMPLOYMENT TRAINING          ,CA,95110-0000,Private      ,131,533,664,685,2970,3655
02338500,GLENDALE CAREER COLLEGE                 ,CA,91203-1207,Proprietary  ,32,86,118,316,705,1021
02338700,MARINELLO SCHOOL OF BEAUTY              ,CA,94103-0000,Proprietary  ,9,26,35,209,358,567
02338701,MARINELLO SCHOOL OF BEAUTY - CHICO      ,CA,95928-7184,Proprietary  ,5,24,29,135,242,377
02338702,MARINELLO SCHOOL OF BEAUTY - REDDING    ,CA,96001-1023,Proprietary  ,5,22,27,112,257,369
02338703,MARINELLO SCHOOL OF BEAUTY - FRESNO     ,CA,93711-3246,Proprietary  ,22,71,93,240,345,585
02342400,ACADEMY OF RADIO BROADCASTING           ,CA,92647-3809,Proprietary  ,6,33,39,109,323,432
02343400,"BELLUS ACADEMY, THE ACADEMY OF BEAUTY AN",CA,92064-4633,Proprietary  ,35,61,96,341,648,989
02345800,MONTEBELLO BEAUTY COLLEGE               ,CA,90640-0000,Proprietary  ,6,6,12,69,76,145
02351900,KAPLAN COLLEGE                          ,CA,95660-5512,Proprietary  ,49,183,232,641,2030,2671
02351901,KAPLAN COLLEGE - BAKERSFIELD            ,CA,93304-0000,Proprietary  ,38,93,131,643,1183,1826
02358000,THOMAS AQUINAS COLLEGE                  ,CA,93060-9622,Private      ,2,0,2,423,38,461
02359300,SHASTA BIBLE COLLEGE                    ,CA,96002-0000,Private      ,2,4,6,75,120,195
02482700,WESTERN UNIVERSITY OF HEALTH S          ,CA,91766-1854,Private      ,8,60,68,219,5855,6074
02494800,LOLA BEAUTY COLLEGE                     ,CA,92641-0000,Proprietary  ,3,8,11,51,122,173
02497300,TRINITY COLLEGE                         ,CA,93277-8109,Proprietary  ,34,134,168,282,855,1137
02500000,SAN JOAQUIN COLLEGE OF LAW              ,CA,93612-0000,Private      ,0,3,3,31,355,386
02518400,THE NATIONAL HISPANIC UNIVERSITY        ,CA,95127-0000,Proprietary  ,15,73,88,507,1024,1531
02519800,AVANCE BEAUTY COLLEGE                   ,CA,92154-0000,Proprietary  ,11,24,35,170,280,450
02520200,CALIFORNIA CAREER SCHOOLS               ,CA,92805-0000,Proprietary  ,7,21,28,115,328,443
02520300,INTERIOR DESIGNERS INSTITUTE            ,CA,92660-0000,Proprietary  ,4,13,17,62,219,281
02520400,ADRIAN'S BEAUTY COLLEGE OF TURLOCK      ,CA,95382-0000,Proprietary  ,15,19,34,169,197,366
02531801,PAUL MITCHELL THE SCHOOL-COSTA MESA     ,CA,92626-3804,Proprietary  ,1,1,2,1,1,2
02531804,PAUL MITCHELL THE SCHOOL - SAN DIEGO    ,CA,92101-0000,Proprietary  ,1,1,2,1,1,2
02537200,PALOMAR INSTITUTE OF COSMETOLOGY        ,CA,92069-0000,Proprietary  ,14,34,48,241,412,653
02539100,KAPLAN COLLEGE                          ,CA,91606-3231,Proprietary  ,56,106,162,531,1207,1738
02539102,KAPLAN COLLEGE -  RIVERSIDE             ,CA,92507-4223,Proprietary  ,43,110,153,588,1380,1968
02539500,IRVINE VALLEY COLLEGE                   ,CA,92620-0000,Public       ,176,285,461,6622,5581,12203
02542300,NATIONAL HOLISTIC INSTITUTE             ,CA,94608-0000,Proprietary  ,23,128,151,264,1087,1351
02543400,BROWNSON TECHNICAL SCHOOL               ,CA,92805-0000,Proprietary  ,9,28,37,60,229,289
02545900,HYPNOSIS MOTIVATION INSTITUTE           ,CA,91356-0000,Private      ,2,32,34,8,146,154
02546400,MTI BUSINESS COLLEGE INC                ,CA,95207-0000,Proprietary  ,8,35,43,96,331,427
02549000,KAPLAN COLLEGE                          ,CA,92083-7736,Proprietary  ,41,137,178,420,1418,1838
02549005,KAPLAN COLLEGE -  PALM SPRINGS          ,CA,92262-7011,Proprietary  ,29,52,81,388,678,1066
02553500,ASSOCIATED TECHNICAL COLLEGE            ,CA,92101-0000,Proprietary  ,12,64,76,180,509,689
02553600,DIVERSIFIED LANGUAGE INSTITUTE          ,CA,90017-0000,Proprietary  ,9,150,159,97,1201,1298
02559300,UNITED EDUCATION INSTITUTE              ,CA,90020-0000,Proprietary  ,171,379,550,864,1677,2541
02559400,INTERCOAST COLLEGES                     ,CA,92868-1656,Proprietary  ,57,436,493,381,2841,3222
02565400,KAPLAN COLLEGE                          ,CA,95207-6216,Proprietary  ,8,26,34,373,840,1213
02570300,LOS ANGELES ORT COLLEGE                 ,CA,90048-0000,Private      ,23,160,183,182,821,1003
02577900,SANTA BARBARA BUSINESS COLLEGE          ,CA,93309-1664,Proprietary  ,28,65,93,608,1148,1756
02578000,SANTA BARBARA BUSINESS COLLEGE          ,CA,93454-6943,Proprietary  ,17,29,46,308,476,784
02584200,NEWBRIDGE COLLEGE                       ,CA,92701-0000,Proprietary  ,34,101,135,254,747,1001
02591600,NORTH-WEST COLLEGE                      ,CA,91101-1744,Proprietary  ,9,33,42,119,320,439
02593100,HEALD COLLEGE                           ,CA,95678-5303,Proprietary  ,52,202,254,803,2366,3169
02593200,HEALD COLLEGE                           ,CA,95035-8008,Proprietary  ,77,244,321,979,2602,3581
02593300,HEALD COLLEGE                           ,CA,95210-5667,Proprietary  ,73,264,337,1151,2874,4025
02595600,ASIAN AMERICAN INTERNATIONAL BTY CG     ,CA,92683-4043,Proprietary  ,0,5,5,22,76,98
02597300,SOUTH BAYLO UNIVERSITY                  ,CA,92801-1701,Private      ,1,15,16,9,339,348
02602300,CENTRAL COAST COLLEGE                   ,CA,93901-3301,Proprietary  ,32,51,83,315,425,740
02608900,PINNACLE COLLEGE                        ,CA,91803-8842,Proprietary  ,8,13,21,93,121,214
02608901,PINNACLE COLLEGE - SACRAMENTO           ,CA,95670-6386,Proprietary  ,13,24,37,98,168,266
02609000,EMPERORS COLG OF TRAD ORIENTAL MED      ,CA,90403-5609,Proprietary  ,0,8,8,15,267,282
02612800,LOS ANGELES RECORDING SCHOOL            ,CA,90028-3112,Proprietary  ,0,0,0,428,461,889
03010611,VIRGINIA COLLEGE - GOLF ACADEMY OF AMERI,CA,92008-6512,Proprietary  ,3,15,18,93,221,314
03011300,"CALIF STATE UNIV, SAN MARCOS            ",CA,92096-0001,Public       ,166,233,399,14064,8249,22313
03019900,CAPSTONE COLLEGE                        ,CA,91402-4924,Proprietary  ,6,16,22,30,95,125
03025600,DELL'ARTE SCH OF PHYSICAL THEATRE       ,CA,95525-0816,Private      ,0,1,1,7,44,51
03027700,PACIFIC COLLEGE OF ORIENTAL MED         ,CA,92108-4408,Proprietary  ,3,40,43,86,781,867
03029600,POMONA ADULT SCHOOL                     ,CA,91766-0000,Public       ,17,49,66,152,420,572
03031409,INTERNATIONAL ACADEMY OF DESIGN AND TECH,CA,95834-9664,Proprietary  ,14,60,74,371,753,1124
03034000,HEALD COLLEGE                           ,CA,93906-5100,Proprietary  ,68,179,247,1014,1942,2956
03035700,LAS POSITAS COLLEGE                     ,CA,94551-6750,Public       ,137,215,352,3388,3338,6726
03039900,FREMONT COLLEGE                         ,CA,90703-5342,Proprietary  ,26,62,88,437,591,1028
03043900,NEWSCHOOL OF ARCHITECTURE & DESIGN      ,CA,92101-6634,Proprietary  ,6,28,34,451,749,1200
03044500,KAPLAN COLLEGE                          ,CA,91402-4222,Proprietary  ,0,0,0,32,63,95
03054100,ROYALE COLLEGE OF BEAUTY                ,CA,92590-2525,Proprietary  ,9,11,20,94,124,218
03062300,WESTECH COLLEGE                         ,CA,91764-4988,Proprietary  ,32,129,161,268,807,1075
03062400,MT DIABLO ADULT EDUC LOMA VISTA CTR     ,CA,94518-1122,Public       ,12,27,39,138,383,521
03062700,PLATT COLLEGE                           ,CA,90041-0000,Proprietary  ,41,78,119,372,543,915
03062701,PLATT COLLEGE                           ,CA,91764-0000,Proprietary  ,23,55,78,625,868,1493
03062702,PLATT COLLEGE - RIVERSIDE               ,CA,92507-0730,Proprietary  ,34,65,99,100,199,299
03063400,MODERN TECHNOLOGY SCHOOL                ,CA,92708-9821,Proprietary  ,9,15,24,98,232,330
03067400,BALDWIN PARK ADULT SCHOOL               ,CA,91706-4897,Public       ,27,65,92,200,469,669
03067500,INSTITUTE OF TECHNOLOGY                 ,CA,93612-3217,Proprietary  ,80,345,425,1055,2983,4038
03069500,SAGE COLLEGE                            ,CA,92557-6720,Proprietary  ,10,48,58,193,853,1046
03072300,EVEREST COLLEGE                         ,CA,91761-3222,Proprietary  ,66,147,213,573,1160,1733
03072700,WESTWOOD COLLEGE - LOS ANGELES          ,CA,90010-1577,Proprietary  ,93,559,652,1758,5690,7448
03074900,MARTINEZ ADULT CENTER                   ,CA,94553-3298,Public       ,0,0,0,5,25,30
03078200,AMERICAN CLG TRADITIONAL CHINESE MD     ,CA,94107-2813,Private      ,0,17,17,17,352,369
03084700,VENTURA ADULT\CONTINUING EDUCATION      ,CA,93003-7313,Public       ,8,58,66,57,379,436
03094400,ELITE PROGRESSIVE SCHOOL OF COSM        ,CA,95841-2909,Proprietary  ,16,45,61,166,367,533
03094401,MARINELLO SCHOOL OF BEAUTY - CONCORD    ,CA,94520-2581,Proprietary  ,11,38,49,112,261,373
03094402,MARINELLO SCHOOL OF BEAUTY- STOCKTON    ,CA,95203-3149,Proprietary  ,15,37,52,203,316,519
03097700,CENTRAL CALIF SCH CONTINUING EDUC       ,CA,93401-6739,Proprietary  ,13,31,44,95,315,410
03098200,YO SAN UNIV TRADITIONAL CHINESE MED     ,CA,90066-1103,Private      ,1,9,10,10,238,248
03108100,SUMMIT CAREER COLLEGE                   ,CA,92324-3956,Proprietary  ,41,150,191,440,1434,1874
03109500,DONGGUK  UNIVERSITY LOS ANGELES         ,CA,90020-1765,Private      ,1,10,11,31,122,153
03113300,UEI COLLEGE                             ,CA,93727-1620,Proprietary  ,50,207,257,790,1863,2653
03113600,SOUTHERN CALIFORNIA INST OF TECHNOL     ,CA,92805-3758,Proprietary  ,26,95,121,218,690,908
03116600,EAST SAN GABRIEL VLY REG OCCUP PROG     ,CA,91790-2105,Public       ,51,230,281,273,1063,1336
03125300,JOHN WESLEY INTER. BARBER & BTY CLG     ,CA,90813-4321,Proprietary  ,12,18,30,112,258,370
03125800,PREMIERE CAREER COLLEGE                 ,CA,91706-3746,Proprietary  ,29,94,123,228,633,861
03126800,PACIFICA GRADUATE INSTITUTE             ,CA,93013-0000,Proprietary  ,0,32,32,0,1063,1063
03128700,MT SIERRA COLLEGE                       ,CA,91016-3414,Proprietary  ,23,34,57,462,503,965
03131300,FIVE BRANCHES UNIVERSITY                ,CA,95062-4669,Private      ,0,17,17,58,498,556
03144400,AMERICAN CLG OF HEALTH PROFESSIONS      ,CA,92505-3038,Proprietary  ,22,58,80,313,787,1100
03150500,VIRGINIA SEWING MACHINES & SCH CTR      ,CA,90015-3535,Proprietary  ,0,3,3,12,54,66
03162300,FOUR-D SUCCESS ACADEMY                  ,CA,92324-4218,Proprietary  ,16,73,89,213,817,1030
03163300,PACIFIC STATES UNIVERSITY               ,CA,90006-0000,Private      ,4,7,11,89,131,220
03195400,EVEREST COLLEGE                         ,CA,90501-2867,Proprietary  ,15,44,59,180,412,592
03210300,LE CORDON BLEU COLLEGE OF CULINARY ARTS ,CA,91101-5221,Proprietary  ,175,456,631,3407,7109,10516
03225300,AMERICAN UNIVERSITY OF HEALTH SCIENCES  ,CA,90755-3612,Proprietary  ,5,8,13,162,361,523
03242300,CAREER NETWORK INSTITUTE                ,CA,92868-4710,Proprietary  ,35,67,102,178,624,802
03250300,COMMUNITY BASED EDUCATION AND DEVEL     ,CA,90036-0000,Private      ,15,42,57,87,299,386
03260300,CALIFORNIA STATE U-MONTEREY BAY         ,CA,93955-8001,Public       ,153,112,265,12350,4240,16590
03266300,BETHESDA UNIVERSITY OF CALIFORNIA       ,CA,92801-4132,Private      ,10,9,19,129,200,329
03278300,CLARITA CAREER COLLEGE                  ,CA,91351-5432,Proprietary  ,83,181,264,690,1450,2140
03288300,ACAD CHINESE CULTURE & HEALTH SCIS      ,CA,94512-0000,Private      ,1,11,12,22,186,208
03299300,PACIFIC COLLEGE                         ,CA,92626-3160,Proprietary  ,5,46,51,159,524,683
03308300,BRISTOL UNIVERSITY                      ,CA,92806-6198,Proprietary  ,0,6,6,15,76,91
03327400,ACUPUNCTURE AND INTEGRATIVE MEDICINE COL,CA,94704-2724,Private      ,3,20,23,44,285,329
03332300,SOUTHERN CA BIBLE CLG & SEMINARY        ,CA,92019-1109,Private      ,3,11,14,20,188,208
03359300,ST. FRANCIS CAREER COLLEGE              ,CA,90262-2659,Private      ,0,4,4,65,135,200
03367300,PROFESSIONAL GOLFERS CAREER COLLEGE     ,CA,92591-6013,Proprietary  ,3,21,24,162,290,452
03395300,INTERNATIONAL CAREER DEVELOPMENT        ,CA,90027-5794,Proprietary  ,153,882,1035,1160,7109,8269
03399300,NORTHWESTERN TECHNICAL COLLEGE          ,CA,95670-4443,Proprietary  ,12,53,65,158,557,715
03403300,EPIC BIBLE COLLEGE                      ,CA,95841-3546,Private      ,16,51,67,162,637,799
03413400,ENGLISH CENTER  (THE)                   ,CA,94607-3734,Private      ,1,36,37,38,238,276
03427400,CAREER COLLEGES OF AMERICA              ,CA,90280-7420,Proprietary  ,34,175,209,433,1451,1884
03427500,UNIVERSITY OF ANTELOPE VALLEY           ,CA,93534-3324,Proprietary  ,41,117,158,678,1242,1920
03440400,MARIAN HEALTH CAREERS CENTER            ,CA,90010-1728,Proprietary  ,8,16,24,110,231,341
03441400,VALLEY CAREER COLLEGE                   ,CA,92020-3057,Proprietary  ,13,42,55,123,391,514
03458300,MY LE'S BEAUTY COLLEGE                  ,CA,95824-3039,Proprietary  ,4,33,37,117,319,436
03467300,MARINELLO SCHOOL OF BEAUTY              ,CA,92545-3661,Proprietary  ,26,47,73,198,407,605
03467301,MARINELLO SCHOOL OF BEAUTY - CATHEDRAL C,CA,92234-6656,Proprietary  ,2,1,3,26,40,66
03467302,MARINELLO SCHOOL OF BEAUTY - MURRIETA   ,CA,92563-5039,Proprietary  ,21,42,63,152,305,457
03467303,MARINELLO SCHOOL OF BEAUTY - NAPA       ,CA,94559-1237,Proprietary  ,11,25,36,93,156,249
03467304,MARINELLO SCHOOL OF BEAUTY - CITY OF IND,CA,91748-1674,Proprietary  ,10,31,41,74,155,229
03467305,MARINELLO SCHOOL OF BEAUTY - BELL       ,CA,90201-1193,Proprietary  ,9,15,24,114,126,240
03467306,MARINELLO SCHOOL OF BEAUTY - PARAMOUNT  ,CA,90723-5256,Proprietary  ,12,26,38,127,187,314
03467307,MARINELLO SCHOOL OF BEAUTY - HUNTINGTON ,CA,92646-2552,Proprietary  ,11,28,39,117,219,336
03479300,PROFESSIONAL CAREER INSTITUTE           ,CA,90703-2522,Proprietary  ,7,7,14,123,180,303
03485400,JAMES ALBERT SCHOOL OF COSMETOLOGY      ,CA,92627-3831,Proprietary  ,0,0,0,17,20,37
03516300,KING'S UNIVERSITY (THE)                 ,CA,91405-2233,Private      ,8,35,43,127,523,650
03532400,ADVANCED TRAINING ASSOCIATES            ,CA,92020-1236,Proprietary  ,3,16,19,29,158,187
03542400,COPPER MOUNTAIN COLLEGE                 ,CA,92252-6102,Public       ,34,104,138,857,2337,3194
03577300,COBA ACADEMY                            ,CA,92866-1407,Proprietary  ,4,10,14,56,80,136
03590400,NTMA TRAINING CENTERS OF SOUTHERN C     ,CA,90650-6099,Private      ,46,158,204,202,729,931
03592400,IRELL & MANELLA GRADUATE SCHOOL OF BIOLO,CA,91010-0000,Private      ,0,0,0,1,9,10
03598300,AVALON BEAUTY COLLEGE                   ,CA,93103-3137,Proprietary  ,9,17,26,182,166,348
03614300,DAVID'S ACADEMY OF BEAUTY               ,CA,91780-1089,Proprietary  ,1,80,81,15,420,435
03639300,WEST COAST ULTRASOUND INSTITUTE         ,CA,90211-3312,Proprietary  ,39,139,178,468,1464,1932
03646300,DESIGN'S SCHOOL OF COSMETOLOGY          ,CA,93446-9530,Proprietary  ,12,33,45,112,263,375
03681300,CALIFORNIA HEALING ARTS COLLEGE         ,CA,90025-2589,Proprietary  ,12,37,49,105,366,471
03695300,COMMUNITY ENHANCEMENT SERVICES          ,CA,91502-2750,Private      ,5,36,41,29,159,188
03695700,SANTIAGO CANYON COLLEGE                 ,CA,92869-4512,Public       ,150,172,322,4380,2928,7308
03696300,UNIVERSITY OF THE WEST                  ,CA,91770-3709,Private      ,1,5,6,33,98,131
03698300,WEST COAST UNIVERSITY                   ,CA,91606-3206,Proprietary  ,195,407,602,2479,5276,7755
03698400,CA COLLEGE OF VOCATIONAL CAREER         ,CA,93301-1800,Proprietary  ,4,31,35,218,601,819
03736300,ADVANCE BEAUTY COLLEGE                  ,CA,92843-4752,Proprietary  ,11,50,61,84,425,509
03740400,ATI COLLEGE                             ,CA,90650-0000,Proprietary  ,9,16,25,108,258,366
03759300,COMPUTER TUTOR BUSINESS & TECH INST     ,CA,95356-0000,Proprietary  ,2,32,34,103,338,441
03786300,ADVANCED COLLEGE                        ,CA,90280-5255,Proprietary  ,13,42,55,92,292,384
03797400,CAREER CARE INSTITUTE                   ,CA,93534-4766,Proprietary  ,28,90,118,348,1042,1390
03797401,CAREER CARE INSTITUTE - VENTURA         ,CA,93003-0000,Proprietary  ,4,13,17,73,234,307
03797402,CAREER CARE INSTITUTE - MORENO VALLEY   ,CA,92553-7519,Proprietary  ,0,12,12,60,203,263
03814400,SOKA UNIVERSITY OF AMERICA              ,CA,92656-8081,Private      ,7,1,8,565,62,627
03853300,KECK GRADUATE INSTITUTE OF APPLIED LIFE ,CA,91711-4817,Private      ,0,1,1,5,168,173
03853400,LADERA CAREER PATHS TRAINING CENTERS    ,CA,90045-1931,Proprietary  ,0,0,0,16,63,79
03868300,WORLD MISSION UNIVERSITY                ,CA,90020-1789,Private      ,2,10,12,18,142,160
03868400,LOS ANGELES MUSIC ACADEMY               ,CA,91105-2540,Proprietary  ,9,15,24,260,209,469
03871300,FOLSOM LAKE COLLEGE                     ,CA,95630-6798,Public       ,114,279,393,3703,4874,8577
03874300,CAMBRIDGE JUNIOR COLLEGE                ,CA,95993-0000,Proprietary  ,20,75,95,224,531,755
03874400,COMMMUNITY CHRISTIAN COLLEGE            ,CA,92373-4465,Private      ,7,12,19,232,184,416
03889300,STANBRIDGE COLLEGE                      ,CA,92612-0000,Proprietary  ,36,122,158,317,1254,1571
03901300,PACIFIC COAST TRADE SCHOOL              ,CA,93033-2441,Proprietary  ,18,44,62,114,347,461
03910400,NATIONAL POLYTECHNIC COLLEGE            ,CA,90040-3066,Proprietary  ,21,31,52,131,260,391
03933300,MUELLER COLLEGE OF HOLISTIC STUDIES     ,CA,92116-2630,Proprietary  ,3,41,44,54,424,478
03935300,CALIFORNIA NURSES EDUCATIONAL INSTITUTE ,CA,92234-7248,Proprietary  ,4,34,38,95,302,397
03962300,AMERICAN INSTITUTE OF MASSAGE THERAPY   ,CA,92705-5463,Proprietary  ,2,11,13,76,146,222
03964400,INTERNATIONAL SCHOOL OF BEAUTY          ,CA,92260-2740,Proprietary  ,7,33,40,133,336,469
03969600,AMERICAN AUTO INSTITUTE                 ,CA,90703-2637,Proprietary  ,80,211,291,746,1606,2352
03971300,AMERICAN CAREER COLLEGE                 ,CA,91764-4906,Proprietary  ,100,195,295,1102,2066,3168
03973300,EX'PRESSION COLLEGE FOR DIGTAL ARTS     ,CA,94608-1021,Proprietary  ,38,44,82,727,699,1426
03974500,CALIFORNIA CAREER COLLEGE               ,CA,91303-2006,Proprietary  ,3,9,12,49,143,192
03980300,CALIFORNIA STATE UNIVERSITY CHANNEL ISLA,CA,93012-8599,Public       ,95,71,166,7454,3280,10734
03995300,UNIVERSITY OF EAST-WEST MEDICINE        ,CA,94087-6106,Proprietary  ,0,7,7,14,94,108
03999300,BEAUMONT ADULT SCHOOL                   ,CA,92223-1927,Public       ,0,9,9,55,198,253
04001300,PALACE BEAUTY COLLEGE                   ,CA,90006-4233,Proprietary  ,5,37,42,130,268,398
04001400,MOJAVE BARBER COLLEGE                   ,CA,92395-3201,Proprietary  ,0,0,0,67,142,209
04003300,BLAKE AUSTIN COLLEGE                    ,CA,95687-3100,Proprietary  ,23,73,96,256,717,973
04004300,THUY PRINCESS BEAUTY COLLEGE            ,CA,91766-0000,Proprietary  ,1,4,5,45,108,153
04005300,INTERAMERICAN COLLEGE                   ,CA,91950-4437,Proprietary  ,3,63,66,34,360,394
04014400,PALLADIUM TECHNICAL ACADEMY             ,CA,91731-2429,Proprietary  ,9,25,34,40,88,128
04023400,PROTEUS                                 ,CA,93291-3014,Private      ,1,14,15,34,127,161
04037300,LOS ANGELES FILM SCHOOL (THE)           ,CA,90028-7300,Proprietary  ,159,248,407,1999,2582,4581
04049300,MAXINE WATERS EMPLOYMENT PREPARATION CEN,CA,90059-1023,Public       ,0,0,0,39,126,165
04056300,CAREER COLLEGE OF CALIFORNIA            ,CA,92705-5805,Proprietary  ,16,39,55,139,286,425
04057300,TECHSKILLS OF CALIFORNIA                ,CA,95815-4025,Proprietary  ,19,170,189,220,1152,1372
04076400,GNOMON SCHOOL OF VISUAL EFFECTS         ,CA,90038-2616,Proprietary  ,2,17,19,108,277,385
04088300,WESTMED COLLEGE                         ,CA,95128-2541,Private      ,9,36,45,137,438,575
04088301,WESTMED COLLEGE - MERCED                ,CA,95340-9165,Private      ,4,23,27,121,330,451
04092300,COASTLINE BEAUTY COLLEGE                ,CA,92708-3847,Proprietary  ,3,37,40,47,242,289
04092400,MAKE-UP DESIGNORY                       ,CA,91502-1322,Proprietary  ,26,31,57,348,418,766
04100400,TAFT UNIVERSITY SYSTEM (THE)            ,CA,92704-6954,Proprietary  ,0,44,44,14,634,648
04109300,ACADEMY OF BARBERING ARTS (THE)         ,CA,91324-3406,Proprietary  ,5,15,20,122,208,330
04111300,WEST HILLS COLLEGE LEMOORE              ,CA,93245-9248,Public       ,49,157,206,2361,3320,5681
04114500,VALLEY COLLEGE OF MEDICAL CAREERS       ,CA,91304-2354,Proprietary  ,10,38,48,86,215,301
04115300,COACHELLA VALLEY BEAUTY COLLEGE         ,CA,92253-2051,Proprietary  ,4,14,18,88,110,198
04115600,MAYFIELD COLLEGE                        ,CA,92234-7014,Proprietary  ,33,80,113,155,446,601
04116000,VIDEO SYMPHONY ENTERTRAINING            ,CA,91502-3253,Proprietary  ,9,49,58,60,445,505
04118800,NEW YORK FILM ACADEMY                   ,CA,91608-1002,Proprietary  ,17,46,63,830,1102,1932
04119200,CAREER COLLEGE CONSULTANTS              ,CA,90041-2088,Proprietary  ,4,36,40,56,211,267
04126400,CHAMPION INSTITUTE OF COSMETOLOGY       ,CA,92264-7458,Proprietary  ,1,3,4,41,72,113
04126500,COAST CAREER INSTITUTE                  ,CA,90015-3040,Proprietary  ,31,120,151,241,832,1073
04127100,"UNIVERSITY OF CALIFORNIA, MERCED        ",CA,95343-5001,Public       ,171,32,203,14191,2219,16410
04127800,HEALTHY HAIR ACADEMY                    ,CA,90303-3137,Proprietary  ,0,0,0,9,13,22
04127900,TUI UNIVERSITY                          ,CA,90630-5023,Proprietary  ,11,473,484,55,3371,3426
04129700,INTERNATIONAL POLYTECHNIC INSTITUTE     ,CA,92231-1737,Private      ,3,0,3,35,66,101
04129803,MEDIATECH INSTITUTE - OCEANSIDE         ,CA,92054-5116,Proprietary  ,4,14,18,59,141,200
04132300,INSTITUTE OF MEDICAL EDUCATION          ,CA,95113-2207,Proprietary  ,0,0,0,64,110,174
04132400,ACADEMY OF ESTHETICS AND COSMETOLOGY    ,CA,91342-3373,Proprietary  ,6,5,11,66,105,171
04132700,INFOTECH CAREER COLLEGE                 ,CA,90706-5579,Proprietary  ,8,20,28,64,197,261
04133000,BIOHEALTH COLLEGE                       ,CA,95134-2033,Proprietary  ,3,57,60,94,430,524
04133100,CALIFORNIA UNIVERSITY OF MANAGEMENT AND ,CA,92801-1702,Private      ,2,10,12,28,95,123
04134500,CAREER COLLEGE OF SAN DIEGO             ,CA,92102-3348,Proprietary  ,18,125,143,266,841,1107
04134700,INTERNATL PROFESSIONAL SCHL OF BODYWORK ,CA,92123-1520,Proprietary  ,5,22,27,61,329,390
04137200,BORNER'S BARBER COLLEGE                 ,CA,90047-3856,Proprietary  ,3,18,21,70,154,224
04138700,CAO INSTITUTE OF AESTHETICS (THE)       ,CA,91801-3903,Proprietary  ,20,23,43,94,165,259
04140500,HORIZON UNIVERSITY                      ,CA,92111-2622,Private      ,6,16,22,72,179,251
04140600,MODERN INSTITUTE OF TECHNOLOGY          ,CA,93036-1387,Proprietary  ,0,0,0,22,49,71
04141300,SAN FRANCISCO INSTITUTE OF ESTHETICS    ,CA,94103-4083,Proprietary  ,11,26,37,191,294,485
04141400,LAURUS COLLEGE                          ,CA,93401-5405,Proprietary  ,20,134,154,155,898,1053
04141700,HEALING HANDS SCHOOL OF HOLISTIC HEALTH ,CA,92025-1722,Proprietary  ,5,22,27,46,237,283
04142500,TOURO COLLEGE LOS ANGELES               ,CA,90046-4506,Private      ,2,15,17,119,149,268
04142600,TOURO UNIVERSITY                        ,CA,94592-1118,Private      ,0,33,33,46,2873,2919
04143800,WOODLAND COMMUNITY COLLEGE              ,CA,95776-5156,Public       ,43,96,139,1650,1954,3604
04144200,CAREER DEVELOPMENT INSTITUTE            ,CA,90035-4364,Proprietary  ,4,24,28,39,183,222
04145000,SAN DIEGO CULINARY INSTITUTE            ,CA,91941-6435,Proprietary  ,25,49,74,468,771,1239
04145600,INTERNATIONAL COLLEGE OF COSMETOLOGY    ,CA,94601-3525,Proprietary  ,10,30,40,80,265,345
04146000,NATIONAL CAREER COLLEGE                 ,CA,91605-1400,Proprietary  ,6,27,33,36,125,161
04148200,BEYOND 21ST CENTURY BEAUTY ACADEMY      ,CA,90670-6316,Proprietary  ,3,8,11,40,60,100
04148900,N CALIF INSTITUTE OF COSMETOLOGY        ,CA,94577-2820,Proprietary  ,3,3,6,25,83,108
04149700,HOMESTEAD SCHOOLS                       ,CA,90505-5945,Private      ,10,31,41,76,296,372
04150000,CENTRAL NURSING COLLEGE                 ,CA,90010-2444,Proprietary  ,10,25,35,219,390,609
04150100,GOLDEN STATE COLLEGE OF COURT REPORTING ,CA,94568-2948,Proprietary  ,3,5,8,12,75,87
04150300,RWM FIBER OPTICS                        ,CA,90746-1051,Proprietary  ,3,28,31,11,111,122
04150500,"PREFERRED COLLEGE OF NURSING, LOS ANGELE",CA,90010-2202,Proprietary  ,8,50,58,131,408,539
04152800,CALIFORNIA ACADEMY (THE) - A PAUL MITCHE,CA,95825-2276,Proprietary  ,28,80,108,431,694,1125
04153900,PROVIDENCE CHRISTIAN COLLEGE            ,CA,91104-2635,Private      ,0,4,4,111,40,151
04154300,AMERICANA COLLEGE                       ,CA,90029-3765,Proprietary  ,0,0,0,5,9,14
04154400,FRANKLIN CAREER COLLEGE                 ,CA,91761-1522,Proprietary  ,4,15,19,45,196,241
04155500,"ACADEMY FOR JEWISH RELIGION, CALIFORNIA ",CA,90024-3234,Private      ,0,7,7,23,94,117
04156100,DIOR SCHOOL OF COSMETOLOGY              ,CA,95355-9695,Proprietary  ,6,19,25,147,231,378
04157800,GRACE MISSION UNIVERSITY                ,CA,92833-3860,Private      ,2,33,35,2,34,36
04158200,PAUL MITCHELL THE SCHOOL SHERMAN OAKS   ,CA,91403-5882,Proprietary  ,23,28,51,286,324,610
04158700,HOLLYWOOD BEAUTY COLLEGE                ,CA,95210-3514,Proprietary  ,12,31,43,144,262,406
04158900,FLAIR BEAUTY COLLEGE                    ,CA,91351-3381,Proprietary  ,2,13,15,49,68,117
04159600,GALAXY MEDICAL COLLEGE                  ,CA,91606-1593,Proprietary  ,7,16,23,45,71,116
04159700,AMERICAN MEDICAL SCIENCES CENTER        ,CA,91204-5108,Proprietary  ,7,9,16,104,172,276
04160100,TRINITY VOCATIONAL CENTER               ,CA,90248-4334,Proprietary  ,6,21,27,42,166,208
04160400,ANGELES COLLEGE OF NURSING              ,CA,90010-2100,Proprietary  ,18,60,78,543,827,1370
04161300,PREFERRED COLLEGE OF NURSING            ,CA,91401-1442,Proprietary  ,3,20,23,62,212,274
04161700,SHASTA SCHOOL OF COSMETOLOGY            ,CA,96003-0000,Proprietary  ,4,11,15,120,194,314
04161800,BRANDMAN UNIVERSITY                     ,CA,92618-3801,Private      ,37,723,760,486,9092,9578
04162800,S.I.C.E PAUL MITCHELL PARTNER SCHOOL    ,CA,95350-1440,Proprietary  ,24,38,62,342,459,801
04163400,COSMO BEAUTY ACADEMY                    ,CA,95605-1904,Proprietary  ,13,35,48,227,391,618
04163900,L.A. BARBER COLLEGE                     ,CA,90013-1121,Proprietary  ,2,6,8,111,237,348
04164400,ANGELES INSTITUTE                       ,CA,90712-2903,Proprietary  ,11,26,37,116,222,338
04165900,PAUL MITCHELL THE SCHOOL FRESNO         ,CA,93710-7617,Proprietary  ,23,39,62,395,399,794
04167000,ESTHETIQUES COSMETOLOGY INSTITUTE       ,CA,92591-4663,Proprietary  ,21,21,42,234,285,519
04169200,TRAMY BEAUTY SCHOOL                     ,CA,92115-6347,Proprietary  ,10,80,90,117,388,505
04169700,UNITEK COLLEGE                          ,CA,94538-3185,Proprietary  ,45,225,270,416,1623,2039
04169800,GURNICK ACADEMY OF MEDICAL ARTS         ,CA,94403-1849,Proprietary  ,11,56,67,299,1420,1719
04172000,SOUTHERN CALIFORNIA UNIVERSITY SOMA     ,CA,90017-2211,Proprietary  ,9,22,31,202,411,613
04173400,SANTA ANA BEAUTY ACADEMY                ,CA,92705-7820,Proprietary  ,1,16,17,76,101,177
04173500,MORENO VALLEY COLLEGE                   ,CA,92551-2204,Public       ,235,428,663,5416,7436,12852
04175200,PAUL MITCHELL THE SCHOOL EAST BAY       ,CA,94523-5515,Proprietary  ,22,38,60,283,338,621
04175400,ELITE COSMETOLOGY SCHOOL                ,CA,92284-2860,Proprietary  ,4,14,18,47,123,170
04176100,NORCO COLLEGE                           ,CA,92860-2600,Public       ,267,312,579,4820,4979,9799
04176200,TWIN RIVERS ADULT SCHOOL                ,CA,95660-5523,Public       ,1,25,26,36,608,644
04176300,BERGIN UNIVERSITY OF CANINE STUDIES     ,CA,95407-6834,Private      ,2,5,7,23,108,131
04177200,REAL BARBERS COLLEGE (THE)              ,CA,92805-2533,Proprietary  ,6,14,20,77,138,215
04178900,HANDS-ON MEDICAL MASSAGE SCHOOL         ,CA,92373-6271,Proprietary  ,4,5,9,39,103,142
04180000,CINTA AVEDA INSTITUTE                   ,CA,94108-3204,Proprietary  ,13,62,75,172,405,577
04181200,IPPT CAREER SCHOOL                      ,CA,91601-2028,Proprietary  ,13,71,84,76,305,381
04185200,SALINAS BEAUTY COLLEGE                  ,CA,93901-2405,Proprietary  ,6,15,21,61,106,167
04185500,ACADEMY OF COUTURE ART                  ,CA,90069-5701,Proprietary  ,1,11,12,114,150,264
04185600,MEDICAL ALLIED CAREER CENTER            ,CA,90670-4710,Proprietary  ,5,24,29,28,124,152
04185700,ACADEMY FOR SALON PROFESSIONALS (THE)   ,CA,95050-4057,Proprietary  ,13,20,33,143,240,383
04186900,"INTERNATIONAL COLLEGE OF BEAUTY, ARTS & ",CA,90039-1012,Proprietary  ,6,12,18,178,220,398
04187900,JOE BLASCO MAKEUP ARTIST TRAINING CENTER,CA,90027-5580,Proprietary  ,15,29,44,171,350,521
04189300,ALLIED AMERICAN UNIVERSITY              ,CA,92653-1337,Proprietary  ,20,378,398,88,1597,1685
04189700,CALIFORNIA MIRAMAR UNIVERSITY           ,CA,92126-7501,Proprietary  ,13,56,69,39,145,184
04189800,ACADEMY FOR SALON PROFESSIONALS         ,CA,91304-2305,Proprietary  ,3,15,18,82,148,230
04190800,SANTA ANA BEAUTY COLLEGE                ,CA,92706-2321,Proprietary  ,0,4,4,0,4,4
04191300,ANNENBERG SCHOOL OF NURSING             ,CA,91335-5426,Private      ,0,5,5,47,74,121
04193500,LEMELANGE ACADEMY OF HAIR               ,CA,94558-2935,Proprietary  ,4,8,12,46,64,110
04193700,JOHN PAUL THE GREAT CATHOLIC UNIVERSITY ,CA,92131-1652,Private      ,2,4,6,180,108,288
04194300,COLTON-REDLANDS-YUCAIPA REGIONAL OCCUPAT,CA,92374-2896,Public       ,5,18,23,14,65,79
04194600,BRAND COLLEGE                           ,CA,91203-3646,Proprietary  ,4,4,8,9,30,39
04195200,DIAMOND BEAUTY COLLEGE                  ,CA,91733-2180,Proprietary  ,1,9,10,3,38,41
04195400,NCP COLLEGE OF NURSING                  ,CA,94080-1005,Proprietary  ,6,13,19,84,274,358
04195401,NCP COLLEGE OF NURSING - HAYWARD CAMPUS ,CA,94541-7026,Proprietary  ,3,31,34,78,316,394
04205800,"SAE INSTITUTE OF TECHNOLOGY, LOS ANGELES",CA,90028-7219,Proprietary  ,17,33,50,142,238,380
04206800,ADVANCE BEAUTY TECHS ACADEMY            ,CA,92583-6572,Proprietary  ,6,15,21,30,63,93
04208100,UKIAH ADULT SCHOOL                      ,CA,95482-3865,Public       ,4,31,35,6,40,46
04208400,RIVERSIDE COUNTY OFFICE OF EDUCATION    ,CA,92503-3504,Public       ,0,4,4,0,4,4
04208900,ADVANCED CAREER INSTITUTE               ,CA,93291-9254,Proprietary  ,4,69,73,22,205,227
04209800,HINTON BARBER COLLEGE                   ,CA,94590-4547,Proprietary  ,4,23,27,23,78,101
04210600,ADVANCED COMPUTING INSTITUTE            ,CA,90010-3911,Proprietary  ,5,27,32,5,27,32
04211900,XAVIER COLLEGE SCHOOL OF NURSING        ,CA,95202-1332,Proprietary  ,10,22,32,10,23,33
04212000,LAWRENCE & COMPANY COLLEGE OF COSMETOLOG,CA,93230-4102,Proprietary  ,8,6,14,8,6,14
04215300,COSMO FACTORY COSMETOLOGY ACADEMY (THE) ,CA,95060-4401,Proprietary  ,5,7,12,13,20,33
04216300,UEI COLLEGE                             ,CA,95065-1520,Proprietary  ,3,17,20,3,17,20
04217500,W INSTITUTE OF COSMETOLOGY              ,CA,94521-5385,Proprietary  ,2,7,9,2,8,10
00184600,BRIAR CLIFF UNIVERSITY                  ,IA,51104-2100,Private      ,10,22,32,1370,681,2051
00184700,BUENA VISTA UNIVERSITY                  ,IA,50588-9987,Private      ,15,107,122,1767,2153,3920
00184800,SOUTHEASTERN COMMUNITY COLLEGE          ,IA,52655-0000,Public       ,38,144,182,1299,2292,3591
00185000,CENTRAL COLLEGE                         ,IA,50219-1999,Private      ,15,5,20,2337,173,2510
00185200,CLARKE UNIVERSITY                       ,IA,52001-3198,Private      ,9,21,30,1195,632,1827
00185400,COE COLLEGE                             ,IA,52402-5092,Private      ,12,7,19,2400,291,2691
00185500,DES MOINES UNIV-OSTEOPATHIC MED CTR     ,IA,50312-0000,Private      ,1,13,14,31,1885,1916
00185600,CORNELL COLLEGE                         ,IA,52314-1098,Private      ,11,3,14,2013,115,2128
00185700,SOUTHWESTERN COMMUNITY COLLEGE          ,IA,50801-1098,Public       ,22,36,58,681,826,1507
00185800,DIVINE WORD COLLEGE                     ,IA,52045-0380,Private      ,5,0,5,34,20,54
00185900,DORDT COLLEGE                           ,IA,51250-1697,Private      ,6,1,7,1480,115,1595
00186000,DRAKE UNIVERSITY                        ,IA,50311-4505,Private      ,31,60,91,5183,2506,7689
00186200,ELLSWORTH COMMUNITY COLLEGE             ,IA,50126-1199,Public       ,10,21,31,801,506,1307
00186400,IOWA LAKES COMMUNITY COLLEGE            ,IA,51334-2234,Public       ,29,65,94,1333,1356,2689
00186500,IOWA CENTRAL COMMUNITY COLLEGE          ,IA,50501-0000,Public       ,73,218,291,2936,3528,6464
00186600,GRACELAND UNIVERSITY                    ,IA,50140-1699,Private      ,15,78,93,1238,1557,2795
00186700,GRAND VIEW UNIVERSITY                   ,IA,50316-1599,Private      ,22,55,77,2192,1723,3915
00186800,GRINNELL COLLEGE                        ,IA,50112-1690,Private      ,14,3,17,2875,110,2985
00186900,IOWA STATE UNIV SCIENCE & TECHNOLOG     ,IA,50011-2028,Public       ,173,139,312,25958,6747,32705
00187100,IOWA WESLEYAN COLLEGE                   ,IA,52641-1398,Private      ,7,15,22,830,436,1266
00187300,LORAS COLLEGE                           ,IA,52004-0178,Private      ,10,10,20,2101,248,2349
00187400,LUTHER COLLEGE                          ,IA,52101-1045,Private      ,5,2,7,3381,98,3479
00187500,MARSHALLTOWN COMMUNITY COLLEGE          ,IA,50158-4760,Public       ,16,58,74,799,1178,1977
00187700,NORTH IOWA AREA COMMUNITY COLLEGE       ,IA,50401-7299,Public       ,43,68,111,1566,1346,2912
00187900,MORNINGSIDE COLLEGE                     ,IA,51106-1751,Private      ,20,68,88,1956,850,2806
00188000,MOUNT MERCY UNIVERSITY                  ,IA,52402-4797,Private      ,6,38,44,1087,1223,2310
00188100,ASHFORD UNIVERSITY                      ,IA,52732-3910,Proprietary  ,211,9339,9550,4072,127590,131662
00188300,NORTHWESTERN COLLEGE                    ,IA,51041-1996,Private      ,10,5,15,1539,153,1692
00188700,SIMPSON COLLEGE                         ,IA,50125-1297,Private      ,11,23,34,2260,654,2914
00188900,ST AMBROSE UNIVERSITY                   ,IA,52803-2898,Private      ,26,67,93,3467,1630,5097
00189000,UNIVERSITY OF NORTHERN IOWA             ,IA,50614-0002,Public       ,65,96,161,10911,3304,14215
00189100,UNIVERSITY OF DUBUQUE                   ,IA,52001-5099,Private      ,22,38,60,2291,778,3069
00189200,UNIVERSITY OF IOWA                      ,IA,52242-1316,Public       ,170,198,368,22304,10745,33049
00189300,UPPER IOWA UNIVERSITY                   ,IA,52142-9206,Private      ,23,351,374,1581,5994,7575
00189500,WALDORF COLLEGE                         ,IA,50436-1700,Proprietary  ,9,49,58,800,653,1453
00189600,WARTBURG COLLEGE                        ,IA,50677-2200,Private      ,11,1,12,2416,111,2527
00189700,WARTBURG THEOLOGICAL SEMINARY           ,IA,52004-5004,Private      ,1,3,4,7,135,142
00190000,WILLIAM PENN UNIVERSITY                 ,IA,52577-1799,Private      ,10,66,76,1262,1304,2566
00396300,AIB COLLEGE OF BUSINESS                 ,IA,50321-1799,Private      ,14,68,82,680,947,1627
00407500,ESTRN IOWA COMMUNITY COLLEGE DIST       ,IA,52801-1221,Public       ,7,30,37,232,725,957
00407501,CLINTON COMMUNITY COLLEGE               ,IA,52732-0000,Public       ,15,61,76,533,1159,1692
00407502,MUSCATINE COMMUNITY COLLEGE             ,IA,52761-0000,Public       ,14,45,59,641,858,1499
00407503,SCOTT COMMUNITY COLLEGE                 ,IA,52722-0000,Public       ,46,191,237,1646,3667,5313
00407600,KIRKWOOD COMMUNITY COLLEGE              ,IA,52406-2068,Public       ,146,530,676,7649,9457,17106
00423300,MERCY/ST. LUKE'S SCH RAD TECH           ,IA,52402-0000,Private      ,1,4,5,39,62,101
00458600,KAPLAN UNIVERSITY                       ,IA,52807-2095,Proprietary  ,658,9463,10121,5013,87540,92553
00458604,KAPLAN UNIVERSITY - CEDAR RAPIDS        ,IA,52404-2998,Proprietary  ,13,151,164,236,2709,2945
00458605,KAPLAN UNIVERSITY - DES MOINES          ,IA,50323-5702,Proprietary  ,23,220,243,217,2329,2546
00458606,KAPLAN UNIVERSITY - MASON CITY          ,IA,50401-4665,Proprietary  ,6,75,81,61,933,994
00458607,KAPLAN UNIVERSITY - CEDAR FALLS         ,IA,50613-6309,Proprietary  ,18,108,126,182,1574,1756
00458610,KAPLAN UNIVERSITY - COUNCIL BLUFFS      ,IA,51503-5289,Proprietary  ,5,32,37,88,913,1001
00458700,NORTHEAST IOWA COMMUNITY COLLEGE        ,IA,52132-0400,Public       ,15,48,63,769,883,1652
00458701,NORTHEAST IOWA COMMUNITY COLLEGE        ,IA,52068-0000,Public       ,27,85,112,1166,1637,2803
00459500,HAWKEYE COMMUNITY COLLEGE               ,IA,50701-0000,Public       ,71,191,262,3195,3461,6656
00459800,IOWA WESTERN CMTY CLG-COUNCIL BLUFF     ,IA,51502-0000,Public       ,56,183,239,4061,4156,8217
00460000,NORTHWEST IOWA COMMUNITY COLLEGE        ,IA,51201-1046,Public       ,12,15,27,608,576,1184
00626700,IOWA METHODIST MEDICAL CENTER SCHOOLS   ,IA,50309-1499,Private      ,2,4,6,56,163,219
00627300,MERCY COLLEGE OF HEALTH SCIENCES        ,IA,50309-1239,Private      ,10,58,68,569,1232,1801
00712000,DES MOINES AREA CMTY COLLEGE            ,IA,50021-0000,Public       ,174,593,767,8111,13201,21312
00712100,FAITH BAPTIST BIBLE CLG & THEOL SEM     ,IA,50021-0000,Private      ,2,1,3,345,66,411
00729100,ST LUKE'S COLLEGE                       ,IA,51104-0263,Private      ,1,7,8,125,196,321
00731600,WESTERN IOWA TECH COMMUNITY COLLEGE     ,IA,51106-0000,Public       ,69,231,300,2208,3946,6154
00758800,CAPRI COLLEGE                           ,IA,52004-0873,Proprietary  ,10,14,24,94,136,230
00761100,EQ SCHOOL OF HAIR DESIGN                ,IA,51503-0813,Proprietary  ,4,9,13,45,74,119
00765600,AMERICAN COLLEGE OF HARISTYLING -CR     ,IA,52402-0000,Proprietary  ,1,3,4,15,55,70
00765800,AMER COLL OF HAIRSTYLING-DES MOINES     ,IA,50309-5446,Proprietary  ,1,10,11,17,98,115
00765900,LA JAMES COLLEGE OF HAIRSTYLING         ,IA,50401-3308,Proprietary  ,4,8,12,83,100,183
00771700,CAPRI COLLEGE                           ,IA,52807-2622,Proprietary  ,9,43,52,171,301,472
00794100,COLLEGE OF HAIR DESIGN                  ,IA,50703-1834,Proprietary  ,1,7,8,33,73,106
00826000,IOWA SCHOOL OF BEAUTY INC               ,IA,50322-0000,Proprietary  ,7,35,42,92,291,383
00840300,INDIAN HILLS COMMUNITY COLLEGE          ,IA,52501-1398,Public       ,81,223,304,2075,2921,4996
00840301,INDIAN HILLS COMMUNITY COLLEGE          ,IA,52544-1223,Public       ,5,15,20,268,425,693
00842400,LA JAMES INTERNATIONAL COLLEGE          ,IA,50501-5577,Proprietary  ,1,13,14,62,109,171
00959300,LA'JAMES COLLEGE OF HAIRSTYLING         ,IA,52240-0000,Proprietary  ,3,8,11,90,98,188
01111300,MAHARISHI UNIV OF MANAGEMENT            ,IA,52557-0001,Private      ,6,17,23,218,585,803
01206400,HAMILTON TECHNICAL COLLEGE              ,IA,52807-2653,Proprietary  ,12,28,40,125,400,525
01230000,PALMER COLLEGE OF CHIROPRACTIC          ,IA,52803-5287,Private      ,3,33,36,98,2163,2261
01300600,LA' JAMES INTERNATIONAL COLLEGE-CF      ,IA,50613-5242,Proprietary  ,7,10,17,81,125,206
02090300,CAPRI COLLEGE                           ,IA,52404-0000,Proprietary  ,14,29,43,152,217,369
02132000,LA JAMES COLLEGE OF HAIRSTYLING         ,IA,50703-0000,Proprietary  ,0,0,0,0,1,1
02134500,LA JAMES INTERNATIONAL COLLEGE - DAV    ,IA,52806-3952,Proprietary  ,5,8,13,64,100,164
02160900,"SALON PROFESSIONAL ACADEMY, THE         ",IA,50010-0000,Proprietary  ,7,8,15,103,116,219
02262500,FAUST INSTITUTE OF COSMETOLOGY          ,IA,50588-0000,Proprietary  ,1,6,7,21,49,70
02274100,LA' JAMES INTERNATIONAL COLLEGE - DM    ,IA,50131-0000,Proprietary  ,4,14,18,82,190,272
02289000,AMERICAN HAIR ACADEMY                   ,IA,52627-4530,Proprietary  ,0,6,6,22,48,70
02306900,IOWA SCHOOL OF BEAUTY                   ,IA,52501-0000,Proprietary  ,3,10,13,57,91,148
02328900,EMMAUS BIBLE COLLEGE                    ,IA,52001-0000,Private      ,3,3,6,239,64,303
02330900,IOWA SCHOOL OF BEAUTY                   ,IA,50158-0000,Proprietary  ,2,5,7,28,49,77
02609200,VATTEROTT COLLEGE                       ,IA,50321-4704,Proprietary  ,13,94,107,129,789,918
03069100,ALLEN COLLEGE                           ,IA,50703-1916,Private      ,5,17,22,365,603,968
03441300,IOWA SCHOOL OF BEAUTY                   ,IA,51106-5111,Proprietary  ,2,9,11,38,112,150
03607400,TOTAL LOOK SCHOOL OF COSMETOLOGY AND MAS,IA,52136-1053,Proprietary  ,1,2,3,14,11,25
03720300,CARLSON COLLEGE OF MASSAGE THERAPY      ,IA,52205-7519,Proprietary  ,3,11,14,19,48,67
04051313,ART INSTITUTE OF PHOENIX (THE) - BROWN M,IA,52722-3628,Proprietary  ,1,4,5,24,77,101
04089300,BIO-CHI INSTITUTE OF MASSAGE THERAPY    ,IA,51103-2138,Proprietary  ,1,2,3,15,63,78
04177800,SALON PROFESSIONAL ACADEMY (THE)        ,IA,52240-6083,Proprietary  ,2,3,5,56,65,121
04203300,AVEDA INSTITUTE DES MOINES              ,IA,50266-8137,Proprietary  ,13,24,37,179,198,377
00259600,ATLANTIC COMMUNITY COLLEGE              ,NJ,08330-2699,Public       ,99,267,366,4376,5595,9971
00259700,BLOOMFIELD COLLEGE                      ,NJ,07003-3425,Private      ,55,50,105,3424,1972,5396
00259800,CALDWELL COLLEGE                        ,NJ,07006-6195,Private      ,39,56,95,2431,1471,3902
00259900,CENTENARY COLLEGE                       ,NJ,07840-2184,Private      ,17,56,73,1898,1036,2934
00260000,COLLEGE OF SAINT ELIZABETH              ,NJ,07960-6989,Private      ,18,28,46,924,852,1776
00260100,CUMBERLAND COUNTY COLLEGE               ,NJ,08362-9912,Public       ,35,85,120,2511,3592,6103
00260300,DREW UNIVERSITY                         ,NJ,07940-4063,Private      ,48,24,72,3852,855,4707
00260700,FAIRLEIGH DICKINSON UNIV-TEANECK        ,NJ,07666-1996,Private      ,71,171,242,5211,3523,8734
00260701,FAIRLEIGH DICKINSON UNIV-FLORHAM        ,NJ,07940-0000,Private      ,45,45,90,4006,1127,5133
00260702,FAIRLEIGH DICKINSON UNIV-ED WMS CLG     ,NJ,07601-0000,Private      ,8,20,28,559,491,1050
00260703,FAIRLEIGH DICKINSON UNIVERSITY          ,NJ,07940-0000,Private      ,25,31,56,1898,941,2839
00260800,GEORGIAN COURT UNIVERSITY               ,NJ,08701-2697,Private      ,28,45,73,1548,1529,3077
00260900,ROWAN UNIVERSITY                        ,NJ,08028-1702,Public       ,149,136,285,15318,5531,20849
00261000,FELICIAN COLLEGE                        ,NJ,07644-2198,Private      ,28,75,103,2510,1748,4258
00261300,NEW JERSEY CITY UNIVERSITY              ,NJ,07305-1597,Public       ,67,237,304,5896,7487,13383
00261500,MIDDLESEX COUNTY COLLEGE                ,NJ,08818-3050,Public       ,155,274,429,7625,6232,13857
00261600,MONMOUTH UNIVERSITY                     ,NJ,07764-1898,Private      ,89,82,171,8551,2730,11281
00261700,MONTCLAIR STATE UNIVERSITY              ,NJ,07043-9987,Public       ,245,291,536,19582,9093,28675
00261900,NEW BRUNSWICK THEOLOGICAL SEMINARY      ,NJ,08901-0000,Private      ,1,5,6,80,209,289
00262100,NEW JERSEY INST OF TECHNOLOGY           ,NJ,07102-1982,Public       ,107,128,235,7087,4090,11177
00262200,KEAN UNIVERSITY                         ,NJ,07083-7131,Public       ,149,233,382,14351,10316,24667
00262400,OCEAN COUNTY COLLEGE                    ,NJ,08754-2001,Public       ,149,272,421,5685,5004,10689
00262500,WILLIAM PATERSON UNIVERSITY             ,NJ,07470-2152,Public       ,145,117,262,12786,5761,18547
00262600,PRINCETON THEOLOGICAL SEMINARY          ,NJ,08542-0000,Private      ,1,5,6,10,658,668
00262700,PRINCETON UNIVERSITY                    ,NJ,08544-0001,Private      ,118,40,158,17318,1992,19310
00262800,RIDER UNIVERSITY                        ,NJ,08648-3099,Private      ,106,78,184,8556,1952,10508
00262900,"RUTGERS, THE STATE UNIVERSITY OF NJ     ",NJ,08901-1281,Public       ,522,609,1131,51031,27461,78492
00263200,SETON HALL UNIVERSITY                   ,NJ,07079-2697,Private      ,115,113,228,11417,4803,16220
00263201,SETON HALL UNIVERSITY - SCHOOL OF LAW   ,NJ,07079-5210,Private      ,4,23,27,318,2129,2447
00263800,SAINT PETER'S UNIVERSITY                ,NJ,07306-5997,Private      ,71,92,163,3146,2005,5151
00263900,STEVENS INSTITUTE OF TECHNOLOGY         ,NJ,07030-5370,Private      ,44,24,68,4509,745,5254
00264200,COLLEGE OF NEW JERSEY (THE)             ,NJ,08628-0718,Public       ,110,62,172,12314,1613,13927
00264300,UNION COUNTY COLLEGE                    ,NJ,07016-1598,Public       ,211,462,673,6208,9452,15660
00473600,BERGEN COMMUNITY COLLEGE                ,NJ,07652-1595,Public       ,222,302,524,9686,6988,16674
00474000,MERCER COUNTY COMMUNITY COLLEGE         ,NJ,08690-0000,Public       ,100,311,411,3927,5371,9298
00539900,MONMOUTH COUNTY VOCATIONAL SCH DIST     ,NJ,07728-5033,Public       ,3,7,10,72,171,243
00545200,TETERBORO SCH OF AERONAUTICS            ,NJ,07608-1083,Proprietary  ,19,27,46,143,220,363
00546100,SALEM COMMUNITY COLLEGE                 ,NJ,08069-2799,Public       ,32,48,80,712,944,1656
00641700,HOLY NAME HOSPITAL SCH OF NURSING       ,NJ,07666-4254,Private      ,4,7,11,106,298,404
00642000,MOUNTAINSIDE HOSP SCH NRSG              ,NJ,07042-4898,Proprietary  ,0,5,5,57,190,247
00642100,MUHLENBERG SNYDER SCHOOLS               ,NJ,07061-3399,Private      ,1,13,14,119,596,715
00642900,ST FRANCIS MEDICAL CTR SCH NURSING      ,NJ,08629-1986,Private      ,1,7,8,34,188,222
00642902,ST FRANCIS MED CTR RAD TECH             ,NJ,08629-0000,Private      ,0,3,3,17,82,99
00686500,CAMDEN COUNTY COLLEGE                   ,NJ,08012-3240,Public       ,170,539,709,7085,10214,17299
00690100,GLOUCESTER COUNTY COLLEGE               ,NJ,08080-4249,Public       ,95,150,245,4030,3809,7839
00710700,ESSEX COUNTY COLLEGE                    ,NJ,07102-1798,Public       ,165,366,531,6635,10737,17372
00750200,BERKELEY COLLEGE                        ,NJ,07424-3367,Proprietary  ,87,268,355,2534,3175,5709
00750201,BERKELEY COLLEGE - WOODBRIDGE           ,NJ,07095-3305,Proprietary  ,0,0,0,58,74,132
00750202,BERKELEY COLLEGE - PARAMUS              ,NJ,07652-2931,Proprietary  ,0,0,0,57,52,109
00750600,LINCOLN TECHNICAL INSTITUTE             ,NJ,07083-5032,Proprietary  ,69,119,188,889,1049,1938
00750601,LINCOLN TECHNICAL INSTITUTE             ,NJ,07430-0000,Proprietary  ,38,38,76,520,352,872
00759300,PARISIAN BEAUTY ACADEMY                 ,NJ,07601-5509,Proprietary  ,15,33,48,220,293,513
00772900,COUNTY COLLEGE OF MORRIS                ,NJ,07869-0000,Public       ,103,102,205,4252,2431,6683
00773000,BURLINGTON COUNTY COLLEGE               ,NJ,08068-1599,Public       ,107,294,401,4864,6050,10914
00773100,RARITAN VALLEY COMMUNITY COLLEGE        ,NJ,08876-1265,Public       ,101,185,286,3162,2718,5880
00780401,STAR CAREER ACADEMY - STAR LAKEWOOD     ,NJ,08701-5900,Proprietary  ,19,80,99,188,583,771
00780402,STAR CAREER ACADEMY - STAR EGG HARBOR   ,NJ,08234-4863,Proprietary  ,15,41,56,106,435,541
00794700,BETH MEDRASH GOVOHA OF AMERICA          ,NJ,08701-0000,Private      ,83,237,320,382,1826,2208
00840400,BROOKDALE COMMUNITY COLLEGE             ,NJ,07738-1597,Public       ,200,377,577,6713,5266,11979
00844101,ANTHEM INSTITUTE                        ,NJ,08002-0000,Proprietary  ,5,23,28,58,246,304
00849400,HO HO KUS SCHL OF TRADE & TECH SCIENCES ,NJ,07513-1402,Proprietary  ,20,39,59,142,318,460
00860900,RABBINICAL COLLEGE OF AMERICA           ,NJ,07960-3600,Private      ,4,0,4,75,12,87
00907800,CAPRI INSTITUTE OF HAIR DESIGN          ,NJ,07011-2111,Proprietary  ,12,39,51,134,320,454
00934400,RAMAPO COLLEGE OF NEW JERSEY            ,NJ,07430-1680,Public       ,93,64,157,8131,1669,9800
00934500,RICHARD STOCKTON COLLEGE OF NJ          ,NJ,08240-0000,Public       ,101,102,203,10456,3971,14427
00982804,EVEREST INSTITUTE - SOUTH PLAINFIELD    ,NJ,07080-1125,Proprietary  ,54,139,193,335,862,1197
00999400,PASSAIC COUNTY COMMUNITY COLLEGE        ,NJ,07505-1179,Public       ,236,426,662,4891,6771,11662
01039400,UNIV OF MEDICINE & DENTISTRY OF NJ      ,NJ,07107-0000,Public       ,14,163,177,479,6502,6981
01062900,P B COSMETOLOGY EDUCATION CENTRE        ,NJ,08030-1750,Proprietary  ,9,14,23,122,166,288
01085100,ANTHEM INSTITUTE                        ,NJ,07054-3409,Proprietary  ,75,194,269,406,929,1335
01085101,ANTHEM INSTITUTE                        ,NJ,07306-0000,Proprietary  ,1,18,19,81,236,317
01085102,ANTHEM INSTITUTE                        ,NJ,08902-0000,Proprietary  ,2,10,12,86,205,291
01090300,RIZZIERI INSTITUTE                      ,NJ,08043-4600,Proprietary  ,6,26,32,165,240,405
01152300,MORRIS COUNTY SCHOOL OF TECHNOLOGY      ,NJ,07834-0000,Public       ,1,6,7,48,100,148
01170800,NATURAL MOTION INST OF HAIR DESIGN      ,NJ,07306-5496,Proprietary  ,7,14,21,68,135,203
01198900,TALMUDICAL ACADEMY                      ,NJ,07710-0000,Private      ,4,1,5,59,3,62
01209000,REIGNBOW BEAUTY ACADEMY                 ,NJ,08861-4118,Proprietary  ,11,26,37,97,180,277
01234600,DOVER BUSINESS COLLEGE                  ,NJ,07011-2161,Proprietary  ,24,90,114,421,1074,1495
01234602,DOVER BUSINESS COLLEGE                  ,NJ,07801-4643,Proprietary  ,13,37,50,167,473,640
01246100,LINCOLN TECHNICAL INSTITUTE             ,NJ,08820-2896,Proprietary  ,32,72,104,402,993,1395
01246102,LINCOLN TECHNICAL INSTITUTE             ,NJ,08057-3212,Proprietary  ,32,94,126,311,975,1286
01246103,LINCOLN TECHNICAL INSTITUTE             ,NJ,07652-2106,Proprietary  ,35,92,127,432,969,1401
01246200,HOHOKUS - HACKENSACK SCHOOL OF BUSINESS ,NJ,07601-7197,Proprietary  ,13,56,69,157,696,853
01295400,HUDSON COUNTY COMMUNITY COLLEGE         ,NJ,07306-4012,Public       ,265,508,773,6167,8010,14177
02053700,EASTWICK COLLEGE                        ,NJ,07446-0000,Proprietary  ,24,159,183,421,1532,1953
02061800,ROMAN ACADEMY OF BEAUTY CULTURE         ,NJ,07506-0000,Proprietary  ,3,7,10,35,57,92
02092300,HOHOKUS SCHOOL - RETS/NUTLEY            ,NJ,07110-0000,Proprietary  ,26,84,110,245,665,910
02103700,CAPRI INSTITUTE OF HAIR DESIGN          ,NJ,07652-0000,Proprietary  ,6,17,23,94,144,238
02104000,HARRIS SCHOOL OF BUSINESS               ,NJ,08002-2983,Proprietary  ,83,363,446,458,1809,2267
02106601,AMERICAN INSTITUTE - CLIFTON            ,NJ,07011-2345,Proprietary  ,36,112,148,258,688,946
02106605,AMERICAN INSTITUTE - TOMS RIVER         ,NJ,08755-1524,Proprietary  ,3,11,14,3,11,14
02131100,DU CRET SCHOOL OF THE ARTS              ,NJ,07060-0000,Private      ,2,1,3,44,28,72
02131600,PENNCO TECH                             ,NJ,08012-0000,Proprietary  ,56,132,188,490,964,1454
02132300,BERDAN INSTITUTE                        ,NJ,07512-0000,Proprietary  ,45,116,161,336,751,1087
02146800,JOE KUBERT SCH OF CARTOON & GRAPHIC     ,NJ,07801-0000,Proprietary  ,1,1,2,85,92,177
02149800,EMPIRE BEAUTY SCHOOL                    ,NJ,08021-0000,Proprietary  ,16,41,57,118,340,458
02149801,EMPIRE BEAUTY SCHOOL - BORDENTOWN       ,NJ,08505-1513,Proprietary  ,3,6,9,28,77,105
02154000,DIVERS ACAD OF EASTERN SEABOARD         ,NJ,08081-1139,Proprietary  ,19,38,57,123,306,429
02183600,CAPRI INSTITUTE OF HAIR DESIGN          ,NJ,07033-0000,Proprietary  ,7,27,34,76,195,271
02192200,THOMAS EDISON STATE COLLEGE             ,NJ,08608-0000,Public       ,43,861,904,608,9077,9685
02219600,OMEGA INSTITUTE                         ,NJ,08109-0000,Proprietary  ,9,27,36,53,227,280
02223700,NEW HORIZON INST OF COSMETOLOGY         ,NJ,07093-0000,Proprietary  ,8,31,39,50,200,250
02223900,DRAKE COLLEGE OF BUSINESS               ,NJ,07201-0000,Proprietary  ,21,175,196,184,1190,1374
02223902,DRAKE COLLEGE OF BUSINESS - NEWARK CAMPU,NJ,07112-2760,Proprietary  ,57,324,381,411,2099,2510
02232500,UNION COUNTY VOCATIONAL TECH INST       ,NJ,07076-0000,Public       ,5,15,20,97,149,246
02234600,SHORE BEAUTY SCHOOL                     ,NJ,08232-0000,Proprietary  ,10,24,34,74,198,272
02246000,ROSS UNIVERSITY - MEDICAL SCHOOL        ,NJ,08837-0000,Proprietary  ,2,155,157,41,4326,4367
02248600,COOPER HEALTH SYS-CTR ALLIED HEALTH     ,NJ,08103-0000,Private      ,7,14,21,136,479,615
02252700,CONCORDE SCHOOL OF HAIR DESIGN          ,NJ,07712-0000,Proprietary  ,18,46,64,137,288,425
02252701,CONCORDE SCHOOL OF HAIR DESIGN - BLOOMFI,NJ,07003-2517,Proprietary  ,2,3,5,33,91,124
02261800,EUROPEAN ACADEMY OF COSMETOLOGY         ,NJ,07083-0000,Proprietary  ,10,28,38,84,188,272
02265500,CAPRI INSTITUTE OF HAIR DESIGN          ,NJ,08724-0000,Proprietary  ,6,22,28,86,201,287
02277900,ROSS UNIV - SCH OF VETERINARY MED       ,NJ,08837-0000,Proprietary  ,0,49,49,19,1573,1592
02291000,LINCOLN TECHNICAL INSTITUTE             ,NJ,07080-2424,Proprietary  ,17,35,52,216,290,506
02312000,BERGEN COUNTY TECHNICAL SCHOOLS         ,NJ,07601-6110,Public       ,2,18,20,96,224,320
02344200,EMPIRE BEAUTY SCHOOL                    ,NJ,08002-0000,Proprietary  ,9,39,48,127,345,472
02503900,WARREN COUNTY COMMUNITY COLLEGE         ,NJ,07882-0000,Public       ,21,53,74,841,833,1674
02523700,OCEAN COUNTY VOCATIONAL-TECH SCHOOL     ,NJ,08753-0000,Public       ,7,17,24,276,529,805
02525900,ARTISTIC ACADEMY OF HAIR DESIGN         ,NJ,07950-1409,Proprietary  ,9,19,28,131,155,286
02528200,REIGNBOW BEAUTY ACADEMY                 ,NJ,07060-0000,Proprietary  ,4,20,24,42,139,181
02558700,PRISM CAREER INSTITUTE                  ,NJ,08037-0000,Proprietary  ,14,85,99,165,735,900
02568800,SUSSEX COUNTY COMMUNITY COLLEGE         ,NJ,07860-1149,Public       ,64,73,137,1717,1303,3020
02586900,HARRIS SCHOOL OF BUSINESS               ,NJ,08043-2604,Proprietary  ,45,212,257,226,1128,1354
02616402,SANFORD-BROWN INSTITUTE - ISELIN        ,NJ,08830-0000,Proprietary  ,55,123,178,379,854,1233
03077500,RABBI JACOB JOSEPH SCHOOL               ,NJ,08817-4494,Private      ,3,2,5,34,6,40
03122600,EASTERN INTERNATIONAL COLLEGE           ,NJ,07306-3906,Proprietary  ,16,53,69,169,503,672
03187300,STENOTECH CAREER INSTITUTE              ,NJ,07004-3490,Proprietary  ,3,7,10,37,73,110
03197300,INSTITUTE FOR HEALTH EDUCATION(THE)     ,NJ,07306-2929,Proprietary  ,4,29,33,60,264,324
03324300,CENTRAL CAREER SCHOOL                   ,NJ,07080-2408,Proprietary  ,6,42,48,65,222,287
03380302,STAR CAREER ACADEMY - STAR NEWARK       ,NJ,07102-4510,Proprietary  ,23,118,141,261,1083,1344
03380303,STAR CAREER ACADEMY - STAR CLIFTON      ,NJ,07011-2248,Proprietary  ,14,58,72,109,450,559
03389300,ACADEMY OF MASSAGE THERAPY              ,NJ,07631-0000,Proprietary  ,2,14,16,59,148,207
03424500,NEW COMMUNITY WORKFORCE DEVELOPMENT     ,NJ,07103-2402,Private      ,7,69,76,65,621,686
03536300,INSTITUTE FOR THERAPEUTIC MASSAGE       ,NJ,07420-1452,Proprietary  ,2,21,23,32,145,177
03625300,PERFORMANCE TRAINING INSTITUTE          ,NJ,08753-0000,Proprietary  ,1,3,4,68,1015,1083
03650600,PC AGE                                  ,NJ,07306-3936,Proprietary  ,10,69,79,61,393,454
03650603,PC AGE                                  ,NJ,08817-2842,Proprietary  ,0,3,3,16,61,77
03666300,SOMERSET CHRISTIAN COLLEGE              ,NJ,08890-9035,Private      ,5,72,77,85,608,693
03803300,HEALTHCARE TRAINING INSTITUTE           ,NJ,07083-3504,Proprietary  ,9,39,48,110,485,595
03811300,EASTERN SCHOOL OF ACUPUNCTURE AND TRADIT,NJ,07042-3562,Proprietary  ,0,8,8,7,100,107
04081300,BAIS MEDRASH TORAS CHESED               ,NJ,08701-0000,Private      ,3,1,4,36,22,58
04123400,YESHIVAS BE'ER YITZCHOK                 ,NJ,07208-2380,Private      ,1,5,6,15,72,87
04125000,GENTLE HEALING SCHOOL OF MASSAGE        ,NJ,08512-3600,Proprietary  ,2,7,9,10,51,61
04131100,YESHIVA TORAS CHAIM                     ,NJ,08701-2120,Private      ,15,0,15,185,8,193
04131200,TOTAL IMAGE BEAUTY ACADEMY              ,NJ,07307-2943,Proprietary  ,2,19,21,28,130,158
04134100,CENTER FOR ALLIED HEALTH & NURSING EDUCA,NJ,07601-5801,Proprietary  ,21,367,388,178,2219,2397
04136400,AMERICAN INSTITUTE OF MEDICAL SCIENCES &,NJ,07080-1183,Proprietary  ,8,27,35,106,282,388
04154500,STARTING POINTS FOR CHILDREN            ,NJ,07306-0001,Private      ,2,18,20,16,148,164
04154900,NATIONAL CAREER INSTITUTE               ,NJ,07018-2011,Proprietary  ,6,44,50,28,265,293
04173100,LAB PAUL MITCHELL PARTNER SCHOOL (THE)  ,NJ,08628-2500,Proprietary  ,6,10,16,62,112,174
04180300,MESIVTA KESER TORAH                     ,NJ,07719-2409,Private      ,8,0,8,12,1,13
04181400,BEST CARE TRAINING INSTITUTE            ,NJ,07018-1703,Proprietary  ,1,36,37,30,267,297
04184500,CHRISTINE VALMY INTERNATIONAL SCHOOL OF ,NJ,07058-9589,Proprietary  ,4,15,19,36,80,116
04188700,ASI CAREER INSTITUTE                    ,NJ,08012-1043,Proprietary  ,4,23,27,24,236,260
04191400,SCHOOL OF COURT REPORTING (THE)         ,NJ,08053-1533,Proprietary  ,0,2,2,19,78,97
04192400,YESHIVA GEDOLAH ZICHRON LEYMA           ,NJ,07036-3905,Private      ,4,4,8,9,7,16
04207500,MEDICAL CAREER INSTITUTE                ,NJ,07712-7202,Proprietary  ,3,29,32,14,97,111
00266500,VAUGHN COLLEGE OF AERONAUTICS AND TECHNO,NY,11369-9997,Private      ,35,55,90,1470,1157,2627
00266600,ADELPHI UNIVERSITY                      ,NY,11530-4299,Private      ,105,161,266,9523,5234,14757
00266700,DOWLING COLLEGE                         ,NY,11769-1999,Private      ,25,61,86,2762,1697,4459
00266800,ALFRED UNIVERSITY                       ,NY,14802-1205,Private      ,47,29,76,3972,777,4749
00266900,BANK STREET COLLEGE OF EDUCATION        ,NY,10025-0000,Private      ,0,29,29,23,892,915
00267100,BARD COLLEGE                            ,NY,12504-5000,Private      ,20,20,40,2985,803,3788
00267400,NEW YORK THEOLOGICAL SEMINARY           ,NY,10115-0002,Private      ,0,17,17,4,319,323
00267700,BROOKLYN LAW SCHOOL                     ,NY,11201-0000,Private      ,5,24,29,127,3029,3156
00267800,BRYANT & STRATTON COLLEGE               ,NY,14203-1713,Proprietary  ,277,1588,1865,3194,17013,20207
00267803,BRYANT & STRATTON COLLEGE - GREECE      ,NY,14606-4227,Proprietary  ,23,142,165,404,1550,1954
00267805,BRYANT & STRATTON COLLEGE - SYRACUSE    ,NY,13203-2502,Proprietary  ,38,171,209,688,1928,2616
00267807,BRYANT & STRATTON COLLEGE - ALBANY      ,NY,12205-5230,Proprietary  ,22,100,122,308,1313,1621
00268100,CANISIUS COLLEGE                        ,NY,14208-1098,Private      ,44,74,118,5051,2252,7303
00268500,CAZENOVIA COLLEGE                       ,NY,13035-1085,Private      ,14,7,21,2088,244,2332
00268700,CUNY-BROOKLYN COLLEGE                   ,NY,11210-2814,Public       ,358,412,770,21111,13935,35046
00268800,CITY COLLEGE-CUNY                       ,NY,10031-9198,Public       ,324,402,726,23843,13347,37190
00268900,CUNY-HUNTER COLLEGE                     ,NY,10021-0000,Public       ,470,468,938,32526,19340,51866
00269000,QUEENS COLLEGE-CUNY                     ,NY,11367-1597,Public       ,344,389,733,20298,10570,30868
00269100,CUNY- BOROUGH OF MANHATTAN CMTY CLG     ,NY,10007-1047,Public       ,677,656,1333,31546,19434,50980
00269200,CUNY BRONX COMMUNITY COLLEGE            ,NY,10453-3102,Public       ,292,401,693,13687,12036,25723
00269300,CUNY-JOHN JAY CLG CRIMINAL JUSTICE      ,NY,10019-1093,Public       ,271,274,545,18779,9768,28547
00269400,KINGSBOROUGH COMMUNITY COLLEGE          ,NY,11235-2398,Public       ,751,711,1462,16516,10362,26878
00269600,NY CITY COLLEGE OF TECHNOLOGY-CUNY      ,NY,11201-2983,Public       ,384,499,883,19463,11365,30828
00269700,QUEENSBOROUGH COMMUNITY COLLEGE         ,NY,11364-1497,Public       ,389,299,688,16426,7906,24332
00269800,CUNY THE COLLEGE OF STATEN ISLAND       ,NY,10314-6600,Public       ,256,189,445,12849,5604,18453
00269900,CLARKSON UNIVERSITY                     ,NY,13699-5615,Private      ,31,12,43,4999,538,5537
00270000,COLGATE ROCHESTER CROZER DIVINITY S     ,NY,14620-0000,Private      ,0,6,6,6,104,110
00270100,COLGATE UNIVERSITY                      ,NY,13346-1386,Private      ,21,3,24,4358,102,4460
00270300,COLLEGE OF MOUNT SAINT VINCENT          ,NY,10471-1093,Private      ,25,11,36,2970,648,3618
00270400,COLLEGE OF NEW ROCHELLE                 ,NY,10805-2339,Private      ,50,375,425,1353,5153,6506
00270500,COLLEGE OF SAINT ROSE                   ,NY,12203-1490,Private      ,28,78,106,5518,2240,7758
00270700,COLUMBIA UNIVERSITY                     ,NY,10027-0000,Private      ,225,432,657,23398,24592,47990
00270800,BARNARD COLLEGE-COLUMBIA UNIV           ,NY,10027-6598,Private      ,40,12,52,4578,549,5127
00270900,CONCORDIA COLLEGE                       ,NY,10708-1998,Private      ,11,22,33,1002,631,1633
00271000,COOPER UNION                            ,NY,10003-7120,Private      ,20,13,33,2059,421,2480
00271100,CORNELL UNIVERSITY                      ,NY,14853-2801,Private      ,200,121,321,29482,7171,36653
00271101,WEILL CORNELL MEDICAL COLLEGE AND GRADUA,NY,10021-0000,Private      ,3,51,54,57,903,960
00271200,D'YOUVILLE COLLEGE                      ,NY,14201-1084,Private      ,16,50,66,2088,2468,4556
00271300,DOMINICAN COLLEGE                       ,NY,10962-1299,Private      ,24,53,77,2020,1104,3124
00271800,ELMIRA COLLEGE                          ,NY,14901-2099,Private      ,17,11,28,2406,479,2885
00272200,FORDHAM UNIVERSITY                      ,NY,10458-5157,Private      ,232,173,405,25815,10511,36326
00272600,GENERAL THEOLOGICAL SEMINARY            ,NY,10011-0000,Private      ,0,0,0,1,105,106
00272800,HAMILTON COLLEGE                        ,NY,13323-1218,Private      ,24,2,26,3159,77,3236
00272900,HARTWICK COLLEGE                        ,NY,13820-4020,Private      ,31,7,38,4249,200,4449
00273100,HOBART & WILLIAM SMITH COLLEGES         ,NY,14456-3397,Private      ,26,0,26,3685,109,3794
00273200,HOFSTRA UNIVERSITY                      ,NY,11549-1010,Private      ,209,141,350,17192,6422,23614
00273400,HOUGHTON COLLEGE                        ,NY,14744-0128,Private      ,9,9,18,1318,221,1539
00273500,HILBERT COLLEGE                         ,NY,14075-1597,Private      ,7,11,18,1228,413,1641
00273700,IONA COLLEGE                            ,NY,10801-1890,Private      ,66,46,112,8814,1404,10218
00273900,ITHACA COLLEGE                          ,NY,14850-7130,Private      ,92,20,112,14365,1074,15439
00274000,JEWISH THEOLOGICAL SEMINARY OF AMER     ,NY,10027-4649,Private      ,1,2,3,136,195,331
00274200,THE JUILLIARD SCHOOL                    ,NY,10023-6588,Private      ,22,8,30,1791,970,2761
00274400,KEUKA COLLEGE                           ,NY,14478-0000,Private      ,14,96,110,1464,1549,3013
00274800,LEMOYNE COLLEGE                         ,NY,13214-1399,Private      ,31,23,54,4665,1104,5769
00274900,NEW YORK COLLEGE OF PODIATRIC MED       ,NY,10035-1940,Private      ,2,9,11,37,437,474
00275100,LONG ISLAND UNIVERSITY                  ,NY,11548-1326,Private      ,206,464,670,14091,11853,25944
00275800,MANHATTAN COLLEGE                       ,NY,10471-4098,Private      ,67,33,100,6533,729,7262
00275900,MANHATTAN SCHOOL OF MUSIC               ,NY,10027-4689,Private      ,7,4,11,746,897,1643
00276000,MANHATTANVILLE COLLEGE                  ,NY,10577-2132,Private      ,38,69,107,3243,960,4203
00276300,MARIA COLLEGE                           ,NY,12208-1798,Private      ,5,29,34,304,1071,1375
00276500,MARIST COLLEGE                          ,NY,12601-1387,Private      ,78,96,174,11254,1686,12940
00276900,MARYMOUNT MANHATTAN COLLEGE             ,NY,10021-4597,Private      ,51,11,62,4072,421,4493
00277200,MERCY COLLEGE                           ,NY,10522-1189,Private      ,121,444,565,6536,8851,15387
00277500,MOLLOY COLLEGE                          ,NY,11570-1100,Private      ,47,63,110,3767,2460,6227
00277700,MEDAILLE COLLEGE                        ,NY,14214-2695,Private      ,24,76,100,1893,1899,3792
00277800,MOUNT SAINT MARY COLLEGE                ,NY,12550-3494,Private      ,38,52,90,4045,1334,5379
00277900,NAZARETH COLLEGE OF ROCHESTER           ,NY,14618-3790,Private      ,20,29,49,3747,1687,5434
00278200,NEW YORK INSTITUTE OF TECHNOLOGY        ,NY,11568-8000,Private      ,95,94,189,6456,3215,9671
00278202,NY INSTITUTE OF TECHNOLOGY-OSTEOPATHIC M,NY,11568-0000,Private      ,3,2,5,80,1216,1296
00278300,NEW YORK LAW SCHOOL                     ,NY,10013-0000,Private      ,5,30,35,84,3364,3448
00278400,NEW YORK MEDICAL COLLEGE                ,NY,10595-0000,Private      ,0,16,16,42,2165,2207
00278500,NEW YORK UNIVERSITY                     ,NY,10012-1091,Private      ,419,693,1112,42665,33294,75959
00278800,NIAGARA UNIVERSITY                      ,NY,14109-2010,Private      ,31,33,64,4083,1035,5118
00279000,NYACK COLLEGE                           ,NY,10960-3698,Private      ,30,125,155,1621,2138,3759
00279100,PACE UNIVERSITY - NEW YORK              ,NY,10038-1598,Private      ,146,181,327,11545,4774,16319
00279101,PACE UNIVERSITY-PLEASANTVILLE           ,NY,10570-0000,Private      ,48,55,103,4393,1447,5840
00279102,PACE UNIVERSITY - WHITE PLAINS          ,NY,10603-0000,Private      ,7,44,51,738,2161,2899
00279500,PAUL SMITHS CLG OF ARTS & SCIENCES      ,NY,12970-0000,Private      ,2,4,6,1506,249,1755
00279600,POLYTECHNIC INTSTITUTE OF NEW YORK UNIV ,NY,11201-3840,Private      ,56,44,100,3802,1317,5119
00279800,PRATT INSTITUTE                         ,NY,11205-3899,Private      ,70,58,128,5657,2767,8424
00280300,RENSSELAER POLYTECHNIC INSTITUTE        ,NY,12180-3590,Private      ,64,20,84,11860,865,12725
00280500,ROBERTS WESLEYAN COLLEGE                ,NY,14624-1997,Private      ,6,73,79,1663,1512,3175
00280600,ROCHESTER INSTITUTE OF TECHNOLOGY       ,NY,14623-5608,Private      ,139,101,240,17399,3590,20989
00280700,ROCKEFELLER UNIVERSITY                  ,NY,10021-0000,Private      ,1,4,5,45,91,136
00280800,DAEMEN COLLEGE                          ,NY,14226-3592,Private      ,26,64,90,2895,1317,4212
00281000,THE SAGE COLLEGES                       ,NY,12180-4199,Private      ,14,62,76,2131,2180,4311
00281200,TROCAIRE COLLEGE                        ,NY,14220-2094,Private      ,16,77,93,853,1969,2822
00281300,SARAH LAWRENCE COLLEGE                  ,NY,10708-5999,Private      ,20,7,27,2159,751,2910
00281400,SKIDMORE COLLEGE                        ,NY,12866-1632,Private      ,32,1,33,4058,136,4194
00281500,ST BERNARDS SCH THEOLOGY & MINISTRY     ,NY,14618-3822,Private      ,0,0,0,2,48,50
00281600,SIENA COLLEGE                           ,NY,12211-1462,Private      ,45,2,47,7010,375,7385
00281700,ST BONAVENTURE UNIVERSITY               ,NY,14778-2284,Private      ,27,11,38,2894,568,3462
00282000,ST FRANCIS COLLEGE                      ,NY,11201-4398,Private      ,71,26,97,3290,916,4206
00282100,ST JOHN FISHER COLLEGE                  ,NY,14618-3597,Private      ,31,42,73,5151,2108,7259
00282200,CHRIST THE KING SEMINARY                ,NY,14052-0607,Private      ,0,0,0,1,14,15
00282300,ST JOHN'S UNIVERSITY                    ,NY,11439-1343,Private      ,291,158,449,28985,7809,36794
00282500,ST JOSEPH'S COLLEGE                     ,NY,11205-3688,Private      ,32,50,82,1861,1020,2881
00282501,ST JOSEPH'S COLLEGE-SUFFOLK CAMPUS      ,NY,11772-0000,Private      ,38,96,134,3454,1856,5310
00282900,ST LAWRENCE UNIVERSITY                  ,NY,13617-1455,Private      ,10,6,16,2919,170,3089
00283200,ST THOMAS AQUINAS COLLEGE               ,NY,10976-1050,Private      ,27,13,40,2103,326,2429
00283300,ST VLADIMIR ORTHODOX THEOL SEM          ,NY,10707-0000,Private      ,0,0,0,0,52,52
00283400,EXCELSIOR COLLEGE                       ,NY,12203-5159,Private      ,24,1173,1197,366,11183,11549
00283500,SUNY AT ALBANY                          ,NY,12222-0001,Public       ,233,144,377,22960,5989,28949
00283600,BINGHAMTON UNIVERSITY (SUNY)            ,NY,13902-6000,Public       ,265,102,367,26707,3491,30198
00283700,SUNY AT BUFFALO                         ,NY,14260-0001,Public       ,248,178,426,25404,10810,36214
00283800,SUNY AT STONY BROOK                     ,NY,11794-0701,Public       ,387,223,610,28914,9156,38070
00283900,SUNY-DOWNSTATE MEDICAL CENTER           ,NY,11203-2098,Public       ,13,40,53,287,2775,3062
00284000,SUNY UPSTATE MEDICAL UNIVERSITY         ,NY,13210-2375,Public       ,3,25,28,338,1690,2028
00284100,SUNY BROCKPORT - FIN AID OFF            ,NY,14420-2914,Public       ,99,84,183,10701,3419,14120
00284200,BUFFALO STATE COLLEGE - SUNY            ,NY,14222-1095,Public       ,200,202,402,15235,6081,21316
00284300,SUNY COLLEGE-CORTLAND                   ,NY,13045-0900,Public       ,105,42,147,12750,1639,14389
00284400,SUNY AT FREDONIA                        ,NY,14063-1145,Public       ,69,28,97,8037,1089,9126
00284500,SUNY GENESEO                            ,NY,14454-1401,Public       ,66,9,75,9592,692,10284
00284600,SUNY COLLEGE-NEW PALTZ                  ,NY,12561-2499,Public       ,121,55,176,12488,2488,14976
00284700,SUNY COLLEGE-ONEONTA                    ,NY,13820-4015,Public       ,97,29,126,12305,937,13242
00284800,SUNY OSWEGO                             ,NY,13126-3599,Public       ,88,61,149,11734,2257,13991
00284900,SUNY COLLEGE AT PLATTSBURGH             ,NY,12901-2681,Public       ,84,47,131,8790,1732,10522
00285000,SUNY COLLEGE-POTSDAM                    ,NY,13676-2294,Public       ,48,32,80,6148,1119,7267
00285100,SUNY COLLEGE OF ENVIRONMENT SCIENCE AND ,NY,13210-2778,Public       ,17,13,30,2471,671,3142
00285300,SUNY MARITIME COLLEGE                   ,NY,10465-4198,Public       ,21,11,32,1857,376,2233
00285400,SUNY COLLEGE OF TECHNOLOGY-ALFRED       ,NY,14802-9951,Public       ,36,39,75,4867,1169,6036
00285500,SUNY CANTON COLG OF TECHNOLOGY          ,NY,13617-1098,Public       ,38,57,95,4621,1951,6572
00285600,SUNY AG & TECH COLLEGE-COBLESKILL       ,NY,12043-9986,Public       ,33,31,64,3311,666,3977
00285700,SUNY DELHI                              ,NY,13753-1190,Public       ,46,38,84,4359,1280,5639
00285800,SUNY FARMINGDALE                        ,NY,11735-1021,Public       ,128,116,244,7782,3206,10988
00285900,SUNY COLLEGE OF AG & TECH AT MORRISVILLE,NY,13408-0901,Public       ,41,33,74,4159,1149,5308
00286000,ADIRONDACK COMMUNITY COLLEGE            ,NY,12804-2004,Public       ,57,99,156,2212,2096,4308
00286100,CAYUGA COMMUNITY COLLEGE                ,NY,13021-3099,Public       ,70,172,242,2134,2693,4827
00286200,BROOME COMMUNITY COLLEGE                ,NY,13902-0000,Public       ,103,172,275,3701,3259,6960
00286300,CORNING COMMUNITY COLLEGE               ,NY,14830-3297,Public       ,81,149,230,1968,2324,4292
00286400,DUTCHESS COMMUNITY COLLEGE              ,NY,12601-1595,Public       ,134,161,295,4302,2931,7233
00286600,FASHION INSTITUTE OF TECHNOLOGY         ,NY,10001-5992,Public       ,133,130,263,9967,4214,14181
00286700,SUNY FULTON MONTGOMERY COMM CLG         ,NY,12095-3790,Public       ,46,64,110,1984,1387,3371
00286800,HUDSON VALLEY COMMUNITY COLLEGE         ,NY,12180-6096,Public       ,165,250,415,7474,5586,13060
00286900,JAMESTOWN COMMUNITY COLLEGE             ,NY,14702-0020,Public       ,46,81,127,2781,2263,5044
00287000,JEFFERSON COMMUNITY COLLEGE             ,NY,13601-1897,Public       ,52,247,299,1752,3195,4947
00287100,"SUNY, MOHAWK VALLEY COMMUNITY CLG       ",NY,13501-5394,Public       ,101,207,308,4944,4448,9392
00287200,MONROE COMMUNITY COLLEGE                ,NY,14623-5780,Public       ,239,446,685,11524,11825,23349
00287300,NASSAU COMMUNITY COLLEGE                ,NY,11530-6793,Public       ,422,376,798,14350,8566,22916
00287400,NIAGARA COUNTY COMMUNITY COLLEGE        ,NY,14132-9460,Public       ,52,78,130,4410,3314,7724
00287500,ONONDAGA COMMUNITY COLLEGE              ,NY,13215-4585,Public       ,177,240,417,7926,5635,13561
00287600,ORANGE COUNTY COMMUNITY COLLEGE         ,NY,10940-6441,Public       ,106,134,240,3560,3060,6620
00287700,ROCKLAND COMMUNITY COLLEGE              ,NY,10901-3611,Public       ,163,138,301,3144,2482,5626
00287800,SUFFOLK COMMUNITY COLLEGE               ,NY,11784-2899,Public       ,189,185,374,8056,4512,12568
00287801,SUFFOLK COMMUNITY CLG-W. CAMPUS         ,NY,11717-0000,Public       ,154,180,334,5700,4166,9866
00287803,SUFFOLK COMMUNITY CLG-EASTRN CAMPUS     ,NY,11901-0000,Public       ,46,75,121,2105,1533,3638
00287900,SULLIVAN COUNTY COMMUNITY COLLEGE       ,NY,12759-5151,Public       ,44,64,108,1715,950,2665
00288000,ULSTER COUNTY COMMUNITY COLLEGE         ,NY,12484-0557,Public       ,52,81,133,1488,1318,2806
00288100,SUNY WESTCHESTER COMMUNITY COLLEGE      ,NY,10595-1698,Public       ,226,352,578,7188,6137,13325
00288200,SYRACUSE UNIVERSITY                     ,NY,13244-2130,Private      ,220,143,363,25863,7481,33344
00288300,UTICA COLLEGE- UTICA                    ,NY,13502-4892,Private      ,30,100,130,3901,2307,6208
00288500,ALBANY COLLEGE OF PHARMACY AND HEALTH SC,NY,12208-3492,Private      ,19,3,22,2010,1044,3054
00288600,ALBANY LAW SCHOOL                       ,NY,12208-0000,Private      ,2,13,15,89,1347,1436
00288700,ALBANY MEDICAL COLLEGE                  ,NY,12208-0000,Private      ,4,9,13,148,1254,1402
00288900,UNION COLLEGE                           ,NY,12308-2311,Private      ,31,3,34,4004,183,4187
00289000,UNION THEOLOGICAL SEMINARY              ,NY,10027-0000,Private      ,0,7,7,2,367,369
00289200,UNITED STATES MERCHANT MARINE ACADEMY   ,NY,11024-1699,Public       ,4,1,5,477,28,505
00289400,UNIVERSITY OF ROCHESTER                 ,NY,14627-9000,Private      ,78,97,175,9739,2289,12028
00289401,EASTMAN SCH OF MUSIC/UNIV ROCHESTER     ,NY,14604-0000,Private      ,7,1,8,948,465,1413
00289402,UNIV OF ROCHESTER SCHL OF MEDICINE      ,NY,14642-0000,Private      ,2,9,11,98,842,940
00289500,VASSAR COLLEGE                          ,NY,12604-0008,Private      ,28,8,36,5419,221,5640
00289600,VILLA MARIA COLLEGE-BUFFALO             ,NY,14225-3999,Private      ,10,16,26,466,393,859
00289900,WAGNER COLLEGE                          ,NY,10301-4495,Private      ,35,18,53,3102,706,3808
00290000,WEBB INSTITUTE                          ,NY,11542-1398,Private      ,0,1,1,74,14,88
00290100,WELLS COLLEGE                           ,NY,13026-0500,Private      ,16,1,17,1417,113,1530
00290300,YESHIVA UNIVERSITY                      ,NY,10033-3201,Private      ,28,31,59,2509,3335,5844
00290302,YESHIVA UNIVERSITY - BRONX CAMPUS       ,NY,10461-1975,Private      ,3,4,7,106,1422,1528
00397400,MESIVTHA TIFERETH JERUSALEM OF AMER     ,NY,10002-6382,Private      ,8,0,8,35,2,37
00397600,RABBINICAL ACAD MESIVTA RABBI CHAIM     ,NY,11230-4715,Private      ,16,1,17,35,3,38
00397700,RABBINICAL COLLEGE CH'SAN SOFER         ,NY,11204-1252,Private      ,0,14,14,1,24,25
00397800,RABBINICAL SEMINARY OF AMERICA          ,NY,11375-0000,Private      ,5,2,7,48,32,80
00397900,COLUMBIA UNIV TEACHERS COLLEGE          ,NY,10027-0000,Private      ,2,225,227,153,5994,6147
00405400,HEBREW UNION COL-JEWISH INST OF REL     ,NY,10012-0000,Private      ,0,3,3,0,242,242
00475900,"CUNY, YORK COLLEGE                      ",NY,11451-0001,Public       ,220,222,442,12875,7280,20155
00476500,CUNY GRADUATE SCH & UNIV CTR            ,NY,10016-4309,Public       ,7,113,120,176,3644,3820
00477600,CENTRAL YESHIVA TOMCHEI TMIMIM LUBA     ,NY,11230-2798,Private      ,230,8,238,369,40,409
00478800,HERKIMER COUNTY COMMUNITY COLLEGE       ,NY,13350-1598,Public       ,40,75,115,2798,1673,4471
00479800,MIRRER YESHIVA CENTRAL INST             ,NY,11223-2010,Private      ,22,3,25,75,32,107
00479900,MONROE COLLEGE                          ,NY,10468-4305,Proprietary  ,142,370,512,4949,6987,11936
00481100,EVEREST INSTITUTE                       ,NY,14621-3007,Proprietary  ,36,122,158,249,1331,1580
00506400,SAINT JAMES MERCY HOSPITAL SCHOOL OF RAD,NY,14843-2197,Private      ,0,1,1,19,27,46
00506600,FAXTON ST. LUKE'S SCHOOL OF RADIOGRAPHY ,NY,13502-4856,Private      ,0,0,0,28,62,90
00520800,THE COLLEGE OF WESTCHESTER              ,NY,10602-0000,Proprietary  ,48,92,140,1049,1040,2089
00587700,ROBERT J HOCHSTIM SCHOOL OF RADIOG      ,NY,11572-1151,Private      ,0,0,0,2,18,20
00643501,ARNOT OGDEN MEDICAL CENTER              ,NY,14905-1676,Private      ,1,2,3,60,78,138
00643800,PHILLIPS BETH ISRAEL SCH OF NURSING     ,NY,10001-6354,Private      ,0,17,17,104,469,573
00644300,COCHRAN SCH NSG-ST JOHN RVSDE HOSP      ,NY,10701-1399,Private      ,0,8,8,45,228,273
00644500,CROUSE HOSP SCH OF NURSING              ,NY,13210-1690,Private      ,4,6,10,241,485,726
00644800,ELLIS HOSPITAL SCHOOL OF NURSING        ,NY,12308-0000,Private      ,4,9,13,80,244,324
00646101,ST ELIZABETH COLLEGE OF NURSING         ,NY,13501-2998,Private      ,0,4,4,147,243,390
00646102,ST ELIZABETH SCH OF RADIOGRAPHY         ,NY,13501-0000,Private      ,1,0,1,33,56,89
00646700,SAINT JOSEPH'S COLLEGE OF NURSING       ,NY,13203-1806,Private      ,3,5,8,253,433,686
00678200,GENESEE COMMUNITY COLLEGE               ,NY,14020-9704,Public       ,59,148,207,3385,3098,6483
00678500,SCHENECTADY COUNTY COMMUNITY CLG        ,NY,12305-2294,Public       ,91,182,273,2538,3034,5572
00678700,CLINTON COMMUNITY COLLEGE               ,NY,12901-5690,Public       ,27,34,61,1438,894,2332
00678800,TOMPKINS CORTLAND COMMUNITY COLLEGE     ,NY,13053-8504,Public       ,52,94,146,3260,1918,5178
00678900,COLUMBIA-GREENE COMMUNITY COLLEGE       ,NY,12534-9543,Public       ,38,69,107,1106,1048,2154
00679100,SUNY AT PURCHASE                        ,NY,10577-1400,Public       ,108,42,150,8558,1309,9867
00702200,CUNY-LEHMAN COLLEGE                     ,NY,10468-1589,Public       ,230,368,598,15699,13701,29400
00702600,MOUNT SINAI SCHOOL OF MEDICINE          ,NY,10029-0000,Private      ,0,8,8,62,1123,1185
00710900,SUNY COLLEGE-OLD WESTBURY               ,NY,11568-0210,Public       ,101,78,179,6710,2659,9369
00711100,NORTH COUNTRY COMMUNITY COLLEGE         ,NY,12983-2046,Public       ,17,26,43,837,768,1605
00726400,MESIFTA TORAH VODAATH RABBINCAL SEM     ,NY,11218-5209,Private      ,3,8,11,17,54,71
00727300,CUNY-BERNARD BARUCH COLLEGE             ,NY,10010-5518,Public       ,286,360,646,21102,11553,32655
00730400,CULINARY INSTITUTE OF AMERICA           ,NY,12538-1499,Private      ,144,117,261,3979,1877,5856
00732916,ITT TECHNICAL INSTITUTE                 ,NY,12205-1003,Proprietary  ,15,79,94,191,640,831
00737200,AUSTIN'S SCHOOL OF SPA TECHNOLOGY       ,NY,12206-1513,Proprietary  ,20,63,83,183,483,666
00737500,ISLAND DRAFTING & TECHNICAL INST        ,NY,11701-2704,Proprietary  ,1,6,7,68,89,157
00738700,LONG ISLAND BEAUTY SCHOOL               ,NY,11788-4346,Proprietary  ,22,62,84,192,393,585
00738800,LONG ISLAND BEAUTY SCHOOL               ,NY,11550-3704,Proprietary  ,9,24,33,75,186,261
00739100,BEAUTY SCHOOL OF MIDDLETOWN             ,NY,10940-6574,Proprietary  ,5,15,20,51,105,156
00739400,BERKELEY COLLEGE                        ,NY,10017-0000,Proprietary  ,136,303,439,3876,5010,8886
00739402,BERKELEY COLLEGE  -  WESTCHESTER CAMPUS ,NY,10601-9963,Proprietary  ,0,0,0,91,50,141
00740100,MANDL SCHOOL                            ,NY,10019-5516,Proprietary  ,24,82,106,328,1168,1496
00740500,WOOD TOBE-COBURN SCHOOL                 ,NY,10016-0102,Proprietary  ,18,9,27,673,169,842
00746500,AMERICAN ACADEMY OF DRAMATIC ARTS       ,NY,10016-7089,Private      ,16,12,28,997,465,1462
00746600,LIM COLLEGE                             ,NY,10022-5268,Proprietary  ,37,27,64,2468,580,3048
00746800,SCHOOL OF VISUAL ARTS                   ,NY,10010-3994,Proprietary  ,41,41,82,4569,1991,6560
00750602,LINCOLN TECHNICAL INSTITUTE             ,NY,11357-6092,Proprietary  ,46,55,101,780,500,1280
00751800,APEX TECHNICAL SCHOOL                   ,NY,10011-0000,Proprietary  ,106,317,423,653,2027,2680
00752200,CONTINENTAL SCH OF BEAUTY CULTURE       ,NY,14623-3231,Proprietary  ,27,91,118,265,642,907
00752205,CONTINENTAL SCHOOL OF BEAUTY CULTURE - M,NY,13211-1003,Proprietary  ,1,8,9,27,57,84
00753200,FINGER LAKES COMMUNITY COLLEGE          ,NY,14424-8395,Public       ,68,142,210,3819,3120,6939
00757200,AMERICAN MUSICAL AND DRAMATIC ACAD      ,NY,10023-2106,Private      ,42,13,55,2792,637,3429
00757300,EMPIRE BEAUTY SCHOOL                    ,NY,11103-4028,Proprietary  ,24,46,70,204,381,585
00780400,STAR CAREER ACADEMY                     ,NY,10011-7307,Proprietary  ,25,195,220,235,1073,1308
00818900,CONTINENTAL SCHOOL OF BEAUTY CULTURE - B,NY,14224-3402,Proprietary  ,6,15,21,58,105,163
00818903,CONTINENTAL SCHOOL OF BEAUTY CULTURE - B,NY,14223-2911,Proprietary  ,3,25,28,82,221,303
00843700,CHAMPLAIN VALLEY - TEC/PRN              ,NY,12901-0000,Public       ,2,3,5,36,82,118
00849500,JAMESTOWN BUSINESS COLLEGE              ,NY,14702-0429,Proprietary  ,8,20,28,196,324,520
00861100,"CUNY, HOSTOS CMTY COLLEGE               ",NY,10451-1499,Public       ,172,270,442,9374,8746,18120
00861400,RABBINICAL CLG BOBOVER YESHIVA BNEI     ,NY,11219-3293,Private      ,34,21,55,132,51,183
00861700,RABBINICAL SEM MKOR CHAIM-YESHIVA       ,NY,11219-4300,Private      ,0,0,0,2,3,5
00878800,STATE UNIVERSITY OF NEW YORK STUDENT LOA,NY,12246-0000,Public       ,8,17,25,620,437,1057
00900300,OLEAN BUSINESS INSTITUTE INC            ,NY,14760-2691,Proprietary  ,1,10,11,22,91,113
00902900,NEIGHBORHOOD PLAYHOUSE                  ,NY,10022-5017,Private      ,0,3,3,26,53,79
00904300,ELMIRA BUSINESS INSTITUTE               ,NY,14901-2731,Proprietary  ,9,121,130,121,915,1036
00907700,UTICA SCHOOL OF COMMERCE                ,NY,13501-2280,Proprietary  ,5,52,57,136,510,646
00924800,SAMARITAN HOSPITAL SCH NURSING          ,NY,12180-2475,Private      ,1,7,8,91,298,389
00928300,MIDWAY-PARIS BEAUTY SCHOOL              ,NY,11385-3453,Proprietary  ,2,17,19,29,115,144
00928400,BRITTANY BEAUTY SCHOOL                  ,NY,11756-1345,Proprietary  ,19,53,72,106,324,430
00933500,MESIVTA EASTERN PKWY RABBINICAL CLG     ,NY,11218-5559,Private      ,1,0,1,26,9,35
00947900,SAINT VINCENTS CMC SI NURSING SCHOOL    ,NY,10304-3850,Proprietary  ,14,43,57,369,801,1170
00976900,METROPOLITAN COLLEGE OF NEW YORK        ,NY,10013-1919,Private      ,18,104,122,364,2125,2489
00992900,SUNY COLLEGE OF OPTOMETRY               ,NY,10036-8003,Public       ,1,3,4,30,379,409
01005100,LA GUARDIA CMTY COLLEGE - CUNY          ,NY,11101-3083,Public       ,803,905,1708,18612,12901,31513
01005200,JEFFERSON-LEWIS BOCES PRAC NRSGPRG      ,NY,13601-9509,Public       ,3,13,16,34,214,248
01009700,CUNY-MEDGAR W EVERS COLLEGE             ,NY,11225-2010,Public       ,220,331,551,8009,7428,15437
01014200,TOURO COLLEGE                           ,NY,10010-4202,Private      ,217,548,765,3939,11026,14965
01014700,WESTERN SUFFOLK BOCES                   ,NY,11768-3499,Public       ,13,57,70,194,498,692
01015300,HELENE FULD COL OF NRSNG/N GEN HOSP     ,NY,10035-0000,Private      ,4,85,89,35,759,794
01028600,EMPIRE STATE COLLEGE                    ,NY,12866-4391,Public       ,44,639,683,1161,14159,15320
01037800,RABBINICAL COLLEGE OF LONG ISLAND       ,NY,11561-3244,Private      ,16,0,16,49,0,49
01054900,KEHILATH YAKOV RABBINICAL SEMINARY      ,NY,10562-1001,Private      ,11,13,24,53,24,77
01055100,NEW YORK SCH MED & DENTAL ASSISTANT     ,NY,11101-2327,Proprietary  ,20,44,64,180,354,534
01064100,SOUTHERN WESTCHESTER BOCES              ,NY,10543-0000,Public       ,0,12,12,27,237,264
01068400,ERIE COMMUNITY COLLEGE-ALL CAMPUSES     ,NY,14203-2698,Public       ,314,400,714,9120,9342,18462
01081300,AMERICAN ACAD MCALLISTER INST           ,NY,10019-3604,Private      ,2,23,25,132,595,727
01083700,SIMMONS INST OF FUNERAL SERVICE         ,NY,13207-2098,Proprietary  ,0,2,2,21,68,89
01093000,SUBURBAN TECHNICAL SCHOOL               ,NY,11550-3771,Proprietary  ,1,1,2,2,13,15
01094300,RABBINICAL COLLEGE BETH SHRAGA          ,NY,10952-3033,Private      ,7,0,7,14,0,14
01095200,PNW BOCES LPN PROGRAM                   ,NY,10598-0000,Public       ,0,2,2,16,66,82
01103100,TECHNICAL CAREER INSTITUTE              ,NY,10001-2789,Proprietary  ,170,390,560,1761,4350,6111
01118900,UNITED TALMUDICAL SEMINARY              ,NY,11211-7984,Private      ,279,205,484,856,492,1348
01119200,BETH HAMEDRASH SHAAREI YOSHER INST      ,NY,11204-1052,Private      ,1,6,7,9,21,30
01161400,CHAMPLAIN VALLEY HOSP SCH RAD TECH      ,NY,12901-1490,Private      ,0,0,0,29,35,64
01161700,NEW YORK METHODIST HOSPITAL             ,NY,11229-9023,Private      ,8,40,48,171,589,760
01164700,SBI CAMPUS - AN AFFILIATE OF SANFORD-BRO,NY,11747-3785,Proprietary  ,24,40,64,235,567,802
01167000,YESHIVA OF NITRA RABBINICAL COLLEGE -   ,NY,10549-4112,Private      ,47,5,52,113,13,126
01167700,MEMORIAL SLOAN KETTERING CANCER CTR     ,NY,10021-6094,Private      ,0,1,1,9,44,53
01167800,SUNY INST OF TECHNOLOGY UTICA ROME      ,NY,13504-3050,Public       ,25,40,65,2108,1363,3471
01182100,YESHIVATH ZICHRON MOSHE                 ,NY,12779-0580,Private      ,31,2,33,103,3,106
01183000,BERK TRADE AND BUSINESS SCHOOL          ,NY,11101-0000,Proprietary  ,21,49,70,101,231,332
01185900,WORD OF LIFE BIBLE INSTITUTE            ,NY,12860-0129,Private      ,3,1,4,540,83,623
01186000,MERCY MED CNTR SCHL OF RADIOGRAPHY      ,NY,11570-1098,Private      ,1,1,2,17,34,51
01192100,WESTCHESTER SCH OF BEAUTY CULTURE       ,NY,10550-2295,Proprietary  ,10,27,37,52,160,212
01192200,BETH HATALMUD RABBINICAL CLG            ,NY,11214-2594,Private      ,22,5,27,25,13,38
01198400,OHR HAMEIR THEOLOGICAL SEMINARY         ,NY,10566-0990,Private      ,29,0,29,65,2,67
01201100,TALMUDICAL SEM OHOLEI TORAH             ,NY,11213-3310,Private      ,90,1,91,240,1,241
01207200,PHILLIPS HAIRSTYLING INSTITUTE          ,NY,13210-1509,Proprietary  ,0,0,0,13,54,67
01210700,INSTITUTE OF DESIGN & CONSTRUCTION      ,NY,11201-5380,Private      ,6,13,19,77,193,270
01220300,MEMORIAL HOSPITAL SCH OF NURSING        ,NY,12204-1083,Private      ,0,2,2,75,242,317
01227700,NEW YORK CHIROPRACTIC COLLEGE           ,NY,13148-0800,Private      ,0,12,12,9,897,906
01229300,VEEB NASSAU CNTY SCHL OF PRACT NURS     ,NY,11553-3037,Public       ,0,1,1,84,309,393
01235800,PLAZA COLLEGE                           ,NY,11372-6300,Proprietary  ,31,84,115,392,1026,1418
01236400,SAINT VINCENTS CATHOLIC MEDICAL CENTERS ,NY,11354-0000,Proprietary  ,8,16,24,134,710,844
01240700,SCHUYLER-CHEMUNG-TIOGA BOCES            ,NY,14903-1089,Public       ,2,6,8,31,178,209
01240701,STEUBEN SCHUYLER CHEMUNG TIOGA ALLEGANY ,NY,14870-9518,Public       ,0,0,0,2,12,14
01256100,FIVE TOWNS COLLEGE                      ,NY,11746-5871,Proprietary  ,18,13,31,1223,327,1550
01258900,ERIE 1 BOCES                            ,NY,14224-0000,Public       ,6,25,31,125,374,499
01265200,ONONDAGA CORTLAND MADISON BOCES         ,NY,13090-4500,Public       ,13,59,72,233,921,1154
01278300,OSWEGO COUNTY BOCES ADULT CAREERS       ,NY,13114-4498,Public       ,3,3,6,31,77,108
01292700,CENTRAL TECH NURSING PROGRAM            ,NY,13202-3092,Public       ,0,5,5,43,171,214
01302600,MACHZIKEI HADATH RABBINICAL COLLEGE     ,NY,11204-1805,Private      ,10,16,26,11,21,32
01302700,YESHIVATH VIZNITZ                       ,NY,10952-3021,Private      ,16,0,16,30,4,34
01302900,BORICUA COLLEGE                         ,NY,10032-1599,Private      ,56,130,186,640,1442,2082
02056400,CAPRI COSMETOLOGY LEARNING CENTER       ,NY,10954-0000,Proprietary  ,16,37,53,134,260,394
02066200,THE NEW SCHOOL                          ,NY,10011-0000,Private      ,82,150,232,6179,6477,12656
02069000,NEW YORK SCHOOL OF INTERIOR DESIGN      ,NY,10021-0000,Private      ,1,6,7,284,485,769
02075700,BRIARCLIFFE COLLEGE                     ,NY,11714-0000,Proprietary  ,24,103,127,754,1437,2191
02075702,BRIARCLIFFE COLLEGE - PATCHOGUE         ,NY,11772-3019,Proprietary  ,22,51,73,648,896,1544
02092400,RIDLEY-LOWELL SCHOOL OF BUSINESS        ,NY,13905-0000,Proprietary  ,14,44,58,74,329,403
02093700,LONG ISLAND BUSINESS INSTITUTE          ,NY,11725-0000,Proprietary  ,61,144,205,294,820,1114
02093701,LONG ISLAND BUSINESS INSTITUTE - FLUSHIN,NY,11354-4429,Proprietary  ,1,4,5,134,434,568
02098400,HERKIMER COUNTY BOCES                   ,NY,13350-0000,Public       ,1,4,5,36,152,188
02104300,OTSEGO AREA SCHOOL OF PRAC NURSING      ,NY,12167-0000,Public       ,0,1,1,16,33,49
02105900,HAIR DESIGN INSTITUTE AT FIFTH AVE      ,NY,11220-0000,Proprietary  ,34,83,117,169,394,563
02106800,BRAMSON ORT COLLEGE                     ,NY,11375-0000,Private      ,57,102,159,409,815,1224
02110900,CATTARAUGUS/ALLEGANY BOCES              ,NY,14760-0000,Public       ,1,1,2,37,154,191
02112301,RIDLEY - LOWELL BUSINESS & TECHNICAL INS,NY,12601-3328,Proprietary  ,30,104,134,187,746,933
02116011,SANFORD-BROWN INSTITUTE - NEW YORK      ,NY,10003-2103,Proprietary  ,71,217,288,655,1890,2545
02118700,LONG ISLAND COLLEGE HOSPITAL - SCHOOL OF,NY,11201-6001,Private      ,5,10,15,187,372,559
02118702,LONG ISLAND COLLEGE HOSPITAL - SCHOOL OF,NY,11201-6001,Private      ,6,19,25,200,401,601
02124000,ORANGE ULSTER BOCES SCH OF PRAC NRS     ,NY,10924-9401,Public       ,1,7,8,47,190,237
02125500,CIRCLE IN THE SQUARE THEATRE SCHOOL     ,NY,10019-0000,Private      ,0,3,3,88,93,181
02126300,MADISON-ONEIDA BOCES PRAC NRS           ,NY,13478-0000,Public       ,0,10,10,13,95,108
02138500,BOCES RENSSELAER SCHOOL OF PN           ,NY,12033-3221,Public       ,1,2,3,33,84,117
02145800,CAYUGA ONONDAGA BOCES                   ,NY,13021-9430,Public       ,2,7,9,35,124,159
02146000,WAYNE-FINGER LAKES BOCES                ,NY,14513-0000,Public       ,0,4,4,39,307,346
02152000,YESHIVA SHAAR HATORAH ITRI TORAH        ,NY,11418-0000,Private      ,1,0,1,13,1,14
02153600,BROOME-TIOGA BOCES PN PROG              ,NY,13905-0000,Public       ,1,4,5,48,183,231
02157900,ROCHESTER GENERAL HOSPITAL              ,NY,14621-3001,Private      ,1,7,8,46,162,208
02158200,WSHNGTN-SARTGA-WARN-HMLTN-ESX BOCES     ,NY,12839-1051,Public       ,1,4,5,25,110,135
02160100,GENEVA GENERAL HOSPITAL                 ,NY,14456-0000,Private      ,0,1,1,48,182,230
02163400,NEW YORK CAREER INSTITUTE               ,NY,10007-2801,Proprietary  ,20,66,86,278,883,1161
02169100,DAVIS COLLEGE                           ,NY,13790-0000,Private      ,1,18,19,184,137,321
02170000,SWEDISH INSTITUTE                       ,NY,10001-0000,Proprietary  ,38,110,148,207,949,1156
02170200,ALBANY SCHOHARIE SCHENECTADY            ,NY,12205-0000,Public       ,1,6,7,68,184,252
02171900,AILEY SCHOOL (THE)                      ,NY,10019-4402,Private      ,2,5,7,170,126,296
02172100,HAMILTON-FULTON-MONTGOMERY BOCES        ,NY,12095-0665,Public       ,1,0,1,53,107,160
02172800,DUTCHESS COUNTY BOCES SCH PRAC NURS     ,NY,12601-0000,Public       ,8,20,28,97,269,366
02173200,EMPIRE BEAUTY SCHOOL                    ,NY,10001-0000,Proprietary  ,75,144,219,639,989,1628
02173900,ULSTER COUNTY BOCES PRACTICAL NRSG      ,NY,12466-0000,Public       ,3,6,9,53,205,258
02176000,CHERYL FELL'S SCHOOL OF BUSINESS        ,NY,14304-0000,Proprietary  ,1,17,18,16,83,99
02179400,EASTERN SUFFOLK BOCES                   ,NY,11713-0000,Public       ,3,15,18,214,405,619
02182200,NEW SCHOOL OF RADIO & TELEVISION        ,NY,12206-1106,Proprietary  ,5,24,29,87,133,220
02187300,DARKEI NOAM RABBINICAL COLLEGE          ,NY,11210-0000,Private      ,0,0,0,2,6,8
02191600,TORAH TEMIMAH TALMUDICAL SEMINARY       ,NY,11218-0000,Private      ,25,0,25,58,4,62
02192500,BELLEVUE HOSP CTR SCH RAD TECH          ,NY,10016-0000,Public       ,2,7,9,24,149,173
02199300,ORLEANS-NIAGARA BOCES                   ,NY,14132-0000,Public       ,0,2,2,25,98,123
02206000,HUNTER BUSINESS SCHOOL                  ,NY,11756-0000,Proprietary  ,38,163,201,276,807,1083
02217800,D.HOPFER SCH NURSING AT MT.VRN HOSP     ,NY,10550-0000,Private      ,1,4,5,50,301,351
02219500,MILDRED ELLEY                           ,NY,12206-1513,Proprietary  ,37,237,274,468,2539,3007
02235600,ERIE 2-CHAUTAUQUA-CATTARAUGUS BOCES     ,NY,14006-0000,Public       ,7,7,14,35,119,154
02265100,YESHIVA DERECH CHAIM                    ,NY,11218-0000,Private      ,12,6,18,51,19,70
02265200,GLOBAL BUSINESS INSTITUTE               ,NY,11691-0000,Private      ,6,75,81,99,631,730
02272900,ROCKLAND COUNTY BOCES PRAC NRSG SCH     ,NY,10994-0000,Public       ,2,3,5,48,136,184
02275900,"MODERN WELDING SCHOOL, INC.             ",NY,12304-0000,Proprietary  ,7,23,30,59,147,206
02287800,NATIONAL TRACTOR TRAILER SCHOOL         ,NY,13088-2505,Proprietary  ,20,132,152,78,620,698
02294900,INSTITUTE OF AUDIO RESEARCH             ,NY,10003-0000,Proprietary  ,39,55,94,379,547,926
02306500,PROFESSIONAL BUSINESS INSTITUTE         ,NY,10002-0000,Private      ,77,208,285,634,1305,1939
02314200,NORTHERN WESTCHESTER SCH COSMETOL       ,NY,10566-0000,Proprietary  ,3,7,10,39,63,102
02320100,OHR SOMAYACH TANENBAUM EDUCATIONAL CENTE,NY,10952-0000,Private      ,0,0,0,2,2,4
02325600,NEW YORK INSTITUTE OF ENGLISH & BUS     ,NY,10001-0000,Private      ,0,0,0,15,25,40
02350600,YESHIVA AND KOLLEL HARBOTZAS TORAH      ,NY,11230-0000,Private      ,1,15,16,2,32,34
02491400,SPANISH AMERICAN INSTITUTE              ,NY,10036-0000,Private      ,0,5,5,7,29,36
02505800,YESHIVA KARLIN STOLIN RAB INSTITUTE     ,NY,11204-0000,Private      ,19,18,37,42,59,101
02505900,SH-OR YOSHUV RABBINICAL COLLEGE         ,NY,11691-0000,Private      ,19,2,21,30,11,41
02506000,ASSOCIATED BETH RIVKAH SCHOOLS          ,NY,11225-0000,Private      ,3,1,4,117,22,139
02506100,CITY UNIV OF NEW YORK-CENTRAL           ,NY,10021-0000,Public       ,28,48,76,2362,1703,4065
02506800,YESHIVAT MIKDASH MELECH                 ,NY,11230-0000,Private      ,11,5,16,50,13,63
02511500,JOFFREY BALLET SCHOOL                   ,NY,10011-0000,Proprietary  ,2,0,2,89,17,106
02513500,MAR JON SCHOOL OF BEAUTY CULTURE        ,NY,14150-0000,Proprietary  ,6,18,24,50,107,157
02525600,ART INSTITUTE OF NEW YORK CITY (THE)    ,NY,10013-2429,Proprietary  ,109,101,210,3111,2011,5122
02540800,"GLOBE INSTITUTE OF TECHNOLOGY, INC.     ",NY,10007-0000,Proprietary  ,57,40,97,528,501,1029
02546000,TRI-STATE COLLEGE OF ACUPUNCTURE        ,NY,10011-0000,Proprietary  ,0,7,7,3,149,152
02546300,YESHIVA OF THE TELSHE ALUMNI            ,NY,10471-0000,Private      ,34,0,34,45,0,45
02550600,TALMUDICAL INST OF UPSTATE NY           ,NY,14607-0000,Private      ,4,4,8,6,11,17
02556700,SEMINAR L'MOROS BAIS YAAKOV             ,NY,11219-0000,Private      ,8,0,8,248,3,251
02572900,BUSINESS INFORMATICS CENTER             ,NY,11580-0000,Proprietary  ,3,10,13,26,74,100
02575400,FRENCH CULINARY INSTITUTE               ,NY,10013-2618,Proprietary  ,38,143,181,609,1280,1889
02587600,ORLO SCH HAIR DESIGN & COSMETOLOGY      ,NY,12206-1723,Proprietary  ,9,12,21,62,125,187
02599400,NEW YORK COLLEGE OF HEALTH PROFESSIONS  ,NY,11791-4413,Private      ,12,62,74,218,1113,1331
02600100,NEW YORK ACADEMY OF ART (THE)           ,NY,10013-2911,Private      ,3,9,12,304,401,705
02614900,SANFORD-BROWN INSTITUTE                 ,NY,10604-2910,Proprietary  ,19,79,98,206,573,779
02615001,SANFORD-BROWN COLLEGE - SANFORD-BROWN IN,NY,11530-4734,Proprietary  ,50,89,139,270,551,821
02616600,SHEAR EGO INTERNATIONAL SCHOOL OF HAIR D,NY,14617-3501,Proprietary  ,5,15,20,95,227,322
02617000,CONTINENTAL SCH OF BEAUTY CULTURE       ,NY,14020-0000,Proprietary  ,9,14,23,65,107,172
02617002,CONTINENTAL SCHOOL OF BEAUTY CULTURE  - ,NY,14020-1908,Proprietary  ,0,0,0,6,10,16
02622900,BAIS MEDRASH ELYON                      ,NY,10952-3013,Private      ,1,5,6,2,9,11
03000100,YESHIVA GEDOLAH IMREI YOSEF DSPINKA     ,NY,11219-4696,Private      ,0,21,21,7,102,109
03007200,DANCE THEATRE OF HARLEM                 ,NY,10031-0000,Private      ,1,1,2,51,59,110
03027701,PACIFIC COLLEGE OF ORIENTAL MEDICINE - N,NY,10010-7108,Proprietary  ,3,27,30,57,604,661
03081600,DELAWARE CHENANGO MADISON OT. BOCES     ,NY,13815-9554,Public       ,1,8,9,23,106,129
03089700,COMPUTER CAREER CENTER                  ,NY,11530-3334,Proprietary  ,16,87,103,181,662,843
03095500,ASA INST BUSINESS & COMPUTER TECH       ,NY,11201-5208,Proprietary  ,331,689,1020,2543,4717,7260
03096200,CHARLES STUART SCHOOL                   ,NY,11229-2004,Proprietary  ,2,11,13,15,72,87
03103700,ADIRONDACK BEAUTY SCHOOL                ,NY,12801-3158,Proprietary  ,4,8,12,25,62,87
03104900,SULLIVAN COUNTY BOCES                   ,NY,12754-2116,Public       ,3,2,5,20,78,98
03115300,GENESEE VALLEY BOCES                    ,NY,14020-1099,Public       ,4,5,9,53,229,282
03120700,NEW YORK CONSERVATORY FOR DRAMATIC ARTS ,NY,10011-4225,Proprietary  ,8,5,13,597,245,842
03127100,YESHIVAS NOVOMINSK                      ,NY,11219-0000,Private      ,26,0,26,35,0,35
03129200,RABBINICAL CLG OHR SHIMAR YISROEL       ,NY,11211-8102,Private      ,4,45,49,17,93,110
03147300,YESHIVA D'MONSEY                        ,NY,10952-3106,Private      ,2,40,42,2,41,43
03169300,STUDIO JEWELERS                         ,NY,10016-4112,Proprietary  ,0,12,12,7,62,69
03181400,MERKAZ BNOS                             ,NY,11214-4911,Private      ,2,16,18,11,175,186
03191300,CUNY SCHOOL OF LAW @ QUEENS COLLEGE     ,NY,11367-0000,Public       ,12,24,36,479,1511,1990
03193300,MANHATTAN SCHOOL OF COMPUTER TECH       ,NY,11230-1617,Private      ,26,81,107,211,644,855
03203300,NEW YORK INSTITUTE OF MASSAGE           ,NY,14221-6021,Proprietary  ,5,20,25,58,199,257
03216300,UNIFICATION THEOLOGICAL SEMINARY        ,NY,12507-5021,Private      ,0,2,2,8,26,34
03328300,FRANKLIN CAREER INSTITUTE               ,NY,11550-3003,Private      ,9,21,30,68,219,287
03328301,FRANKLIN CAREER INSTITUTE - BROOKLYN    ,NY,11220-3110,Private      ,12,36,48,137,426,563
03342400,AMERICAN BARBER INSTITUTE               ,NY,10001-5271,Proprietary  ,11,33,44,73,214,287
03358300,ALLEN SCHOOL                            ,NY,11432-4901,Proprietary  ,32,299,331,201,1750,1951
03358301,ALLEN SCHOOL - BROOKLYN                 ,NY,11201-0000,Proprietary  ,26,104,130,206,861,1067
03380300,STAR CAREER ACADEMY                     ,NY,11791-5311,Proprietary  ,8,58,66,101,405,506
03419400,NORTHEASTERN SEMINARY                   ,NY,14624-1997,Private      ,0,9,9,26,181,207
03426400,ANTHEM INSTITUTE                        ,NY,10018-0000,Proprietary  ,0,2,2,48,118,166
03433500,LIA SCHORR INSTITUTE OF COSMETIC SK     ,NY,10022-2614,Proprietary  ,2,7,9,20,88,108
03443300,NEW YORK COLLEGE OF TRADITIONAL CHINESE ,NY,11501-0000,Private      ,0,5,5,1,104,105
03496300,YESHIVA SHAAREI TORAH OF ROCKLAND       ,NY,10901-4003,Private      ,17,11,28,24,36,60
03537300,NEW YORK AUTOMOTIVE & DIESEL INSTIT     ,NY,11101-0000,Proprietary  ,31,61,92,229,522,751
03568300,LEON STUDIO ONE SCHOOL OF HAIR DESI     ,NY,14221-5323,Proprietary  ,4,11,15,43,66,109
03651300,SAINT JOSEPH'S MEDICAL CENTER SCHOO     ,NY,10701-4080,Private      ,1,4,5,25,74,99
03652300,METROPOLITAN LEARNING INSTITUTE         ,NY,11374-2101,Private      ,8,99,107,119,1287,1406
03665400,CHRISTIE'S EDUCATION                    ,NY,10036-8002,Proprietary  ,0,1,1,4,26,30
03713300,BEIS MEDRASH HEICHAL DOVID              ,NY,11691-4433,Private      ,9,0,9,32,6,38
03773300,CENTER FOR NATURAL WELLNESS SCHOOL OF MA,NY,12205-1601,Proprietary  ,11,20,31,60,242,302
03802300,UTA MESIVTA OF KIRYAS JOEL              ,NY,10950-2169,Private      ,201,231,432,498,495,993
03809400,MICROPOWER CAREER INSTITUTE             ,NY,10001-2812,Proprietary  ,20,107,127,96,601,697
03819400,HUDSON VALLEY SCHOOL OF ADVANCED AESTHET,NY,12493-0000,Proprietary  ,0,0,0,2,5,7
03839300,AVEDA INSTITUTE NEW YORK                ,NY,10013-1522,Proprietary  ,14,65,79,222,507,729
03881300,UNION GRADUATE COLLEGE                  ,NY,12308-3131,Private      ,1,10,11,22,219,241
03903400,AMERICAN BEAUTY SCHOOL                  ,NY,10462-8003,Proprietary  ,11,60,71,157,468,625
03941400,ELITE ACADEMY OF BEAUTY ARTS            ,NY,11223-1630,Proprietary  ,3,13,16,47,146,193
03983300,"SCHOOL OF PROFESSIONAL HORTICULTURE, AT ",NY,10458-5126,Private      ,0,1,1,19,77,96
03988300,"SAE INSTITUTE OF TECHNOLOGY, NEW YORK   ",NY,10001-2915,Proprietary  ,18,67,85,474,575,1049
04043300,ACE COMPUTER TRAINING CENTER            ,NY,11375-5337,Proprietary  ,9,52,61,58,277,335
04092401,MAKE-UP DESIGNORY -                     ,NY,10012-0041,Proprietary  ,18,33,51,322,435,757
04095300,KING'S COLLEGE (THE)                    ,NY,10018-0110,Private      ,9,8,17,1251,160,1411
04102300,NEW AGE TRAINING                        ,NY,10001-4006,Proprietary  ,5,38,43,32,254,286
04115500,TALMUDICAL SEMINARY OF BOBOV            ,NY,11219-3826,Private      ,54,82,136,96,87,183
04117100,EDP SCHOOL OF COMPUTER PROGRAMMING      ,NY,11235-0000,Private      ,0,15,15,12,155,167
04117700,"MONROE 2-ORLEANS BOCES, CENTER FOR WORK ",NY,14624-1119,Public       ,11,58,69,100,382,482
04123200,INSTITUTE OF ALLIED MEDICAL PROFESSIONS ,NY,11373-5541,Private      ,3,21,24,28,221,249
04123300,HUDSON VALLEY SCHOOL OF MASSAGE THERAPY ,NY,12493-0000,Proprietary  ,0,0,0,8,30,38
04125600,CAREER SCHOOL OF NY                     ,NY,10301-2416,Private      ,7,13,20,76,141,217
04131500,COLLECTIVE (THE)                        ,NY,10011-2026,Proprietary  ,1,1,2,11,40,51
04133700,NEW YORK MEDICAL CAREER TRAINING CENTER ,NY,11354-6504,Proprietary  ,8,45,53,69,278,347
04134000,"JOHN PAOLO'S XTREME BEAUTY INSTITUTE, GO",NY,12020-1245,Proprietary  ,2,20,22,29,196,225
04134001,"JOHN PAOLO'S XTREME BEAUTY INSTITUTE, GO",NY,13417-1319,Proprietary  ,3,21,24,19,56,75
04137700,ANN MARIE'S WORLD OF BEAUTY SCHOOL      ,NY,13901-2308,Proprietary  ,3,4,7,16,46,62
04138100,YESHIVA OF MACHZIKAI HADAS              ,NY,11219-1408,Private      ,84,32,116,89,121,210
04144300,INSTITUTE OF CULINARY EDUCATION         ,NY,10010-5205,Proprietary  ,44,133,177,585,1098,1683
04148000,NEW LIFE BUSINESS INSTITUTE             ,NY,11432-6149,Proprietary  ,4,55,59,37,256,293
04151200,SALON PROFESSIONAL ACADEMY (THE)        ,NY,14150-9200,Proprietary  ,7,14,21,81,136,217
04155300,ONONDAGA SCHOOL OF THERAPEUTIC MASSAGE  ,NY,13210-1533,Proprietary  ,0,9,9,95,287,382
04156000,ACADEMY OF COSMETOLOGY & ESTHETICS NYC (,NY,10306-3003,Proprietary  ,20,36,56,167,211,378
04157500,ACCESS CAREERS                          ,NY,11201-5826,Proprietary  ,4,21,25,53,236,289
04165700,"JOHN PAOLO'S XTREME BEAUTY INSTITUTE, GO",NY,12110-3053,Proprietary  ,0,10,10,11,69,80
04166000,MANHATTAN INSTITUTE (THE)               ,NY,10016-6516,Proprietary  ,15,30,45,147,297,444
04167600,FINGER LAKES SCHOOL OF MASSAGE (THE)    ,NY,14850-1384,Proprietary  ,4,10,14,73,193,266
04167601,FINGER LAKES SCHOOL OF MASSAGE (THE) -  ,NY,10549-1103,Proprietary  ,0,13,13,21,129,150
04178700,ATELIER ESTHETIQUE INSTITUTE OF ESTHETIC,NY,10016-8804,Proprietary  ,1,41,42,49,294,343
04179800,SOTHEBY'S INSTITUTE OF ART - NY         ,NY,10022-6717,Proprietary  ,0,7,7,0,8,8
04180200,LONG ISLAND NAIL & SKIN CARE INSTITUTE  ,NY,11756-1316,Proprietary  ,2,25,27,22,103,125
04189000,LONG ISLAND BARBER INSTITUTE (THE)      ,NY,11550-6317,Proprietary  ,4,20,24,18,111,129
04190500,NEW YORK SCHOOL OF ESTHETICS & DAY SPA  ,NY,10591-3232,Proprietary  ,1,10,11,24,84,108
04192800,BE'ER YAAKOV TALMUDIC SEMINARY          ,NY,10977-1912,Private      ,38,13,51,43,156,199
04204300,AESTHETIC SCIENCE INSTITUTE (THE)       ,NY,12110-1095,Proprietary  ,6,13,19,33,81,114
04206200,DIGITAL FILM ACADEMY                    ,NY,10036-3708,Proprietary  ,2,10,12,52,110,162
04208600,RELAY SCHOOL OF EDUCATION               ,NY,10011-4233,Private      ,0,1,1,2,483,485
04210700,NEW YORK INSTITUTE OF BEAUTY            ,NY,11749-1479,Proprietary  ,1,17,18,1,17,18
04212500,CACTUS ACADEMY (THE)                    ,NY,11530-3402,Proprietary  ,9,14,23,14,24,38
00267808,BRYANT & STRATTON COLLEGE - PARMA       ,OH,44130-0000,Proprietary  ,44,250,294,696,4125,4821
00301000,ANTIOCH UNIVERSITY                      ,OH,45387-1608,Private      ,6,33,39,653,962,1615
00301100,ART ACADEMY OF CINCINNATI               ,OH,45202-7106,Private      ,12,10,22,460,317,777
00301200,ASHLAND UNIVERSITY                      ,OH,44805-3799,Private      ,21,175,196,4055,3450,7505
00301300,ATHENAEUM OF OHIO                       ,OH,45230-2000,Private      ,1,1,2,4,29,33
00301400,BALDWIN-WALLACE COLLEGE                 ,OH,44017-2088,Private      ,35,72,107,4907,1953,6860
00301600,BLUFFTON UNIVERSITY                     ,OH,45817-2104,Private      ,13,9,22,1658,489,2147
00301800,BOWLING GREEN STATE UNIVERSITY          ,OH,43403-0001,Public       ,169,175,344,22043,7331,29374
00302300,CAPITAL UNIVERSITY                      ,OH,43209-2394,Private      ,37,118,155,4566,3657,8223
00302400,CASE WESTERN RESERVE UNIV               ,OH,44106-0000,Private      ,74,64,138,9303,2295,11598
00302401,CASE WESTERN RESERVE UNIV - MED         ,OH,44106-0000,Private      ,5,13,18,110,1262,1372
00302402,CASE WESTERN RESERVE UNIV - DENTAL      ,OH,44106-0000,Private      ,0,4,4,50,371,421
00302403,CASE WESTERN RESERVE UNIV - LAW         ,OH,44106-0000,Private      ,1,9,10,34,984,1018
00302404,CASE WESTERN RESERVE UNIV - UG          ,OH,44106-0000,Private      ,1,1,2,216,59,275
00302405,CASE WESTERN RESERVE UNIV - MSASS       ,OH,44106-0000,Private      ,0,8,8,32,531,563
00302406,CASE WESTERN RESERVE UNIV - NURS UG     ,OH,44106-0000,Private      ,6,13,19,247,293,540
00302407,CASE WESTERN RESERVE UNIV - WSOM        ,OH,44106-0000,Private      ,0,8,8,23,230,253
00302408,CASE WESTERN RESERVE UNIV -A&S GRAD     ,OH,44106-0000,Private      ,1,7,8,8,328,336
00302409,CASE WESTERN RESERVE UNIV -ENG GRAD     ,OH,44106-0000,Private      ,0,4,4,39,132,171
00302410,CASE WESTERN RESERVE UNIV -NURS GRD     ,OH,44106-0000,Private      ,1,11,12,24,446,470
00302500,CEDARVILLE UNIVERSITY                   ,OH,45314-8564,Private      ,22,19,41,4428,420,4848
00302600,CENTRAL STATE UNIVERSITY                ,OH,45384-1004,Public       ,45,53,98,3751,2011,5762
00302900,CINCINNATI CHRISTIAN UNIVERSITY         ,OH,45204-3200,Private      ,11,46,57,650,887,1537
00303000,OHIO CHRISTIAN UNIVERSITY               ,OH,43113-9487,Private      ,21,312,333,852,4008,4860
00303100,CLEVELAND INSTITUTE OF MUSIC            ,OH,44106-1776,Private      ,0,13,13,540,511,1051
00303200,CLEVELAND STATE UNIVERSITY              ,OH,44115-2214,Public       ,147,533,680,11461,16658,28119
00303300,COLLEGE OF MT ST JOSEPH                 ,OH,45233-1670,Private      ,15,64,79,1962,1650,3612
00303500,OHIO DOMINICAN UNIVERSITY               ,OH,43219-2099,Private      ,34,105,139,2434,2932,5366
00303600,FRANCISCAN UNIV OF STEUBENVILLE         ,OH,43952-1763,Private      ,21,25,46,2653,771,3424
00303700,COLLEGE OF WOOSTER                      ,OH,44691-2363,Private      ,16,9,25,3490,171,3661
00303900,COLUMBUS COLLEGE OF ART AND DESIGN      ,OH,43215-1758,Private      ,27,42,69,2023,915,2938
00304000,CUYAHOGA COMMUNITY COLLEGE              ,OH,44115-2878,Public       ,378,1596,1974,12751,28913,41664
00304100,"DEFIANCE COLLEGE, THE                   ",OH,43512-1695,Private      ,12,19,31,1487,542,2029
00304200,DENISON UNIVERSITY                      ,OH,43023-1329,Private      ,14,3,17,3144,119,3263
00304300,CHANCELLOR UNIVERSITY                   ,OH,44114-0000,Proprietary  ,4,31,35,23,502,525
00304400,TRINITY LUTHERAN SEMINARY               ,OH,43209-0000,Private      ,0,5,5,3,153,156
00304500,UNIVERSITY OF FINDLAY                   ,OH,45840-3695,Private      ,29,48,77,3682,1769,5451
00304600,FRANKLIN UNIVERSITY                     ,OH,43215-5399,Private      ,31,472,503,1293,12336,13629
00304700,HEBREW UNION COLLEGE MAIN CAMPUS        ,OH,45220-0000,Private      ,0,0,0,1,1,2
00304800,HEIDELBERG UNIVERSITY                   ,OH,44883-2462,Private      ,13,23,36,1928,453,2381
00304900,HIRAM COLLEGE                           ,OH,44234-1808,Private      ,10,14,24,1827,447,2274
00305000,JOHN CARROLL UNIVERSITY                 ,OH,44118-4581,Private      ,23,30,53,4624,1094,5718
00305100,KENT STATE UNIVERSITY                   ,OH,44242-0001,Public       ,242,317,559,26934,13984,40918
00305101,KENT STATE UNIVERSITY - GEAUGA CAMPUS   ,OH,44021-9500,Public       ,11,30,41,855,1180,2035
00305102,KENT STATE UNIVERSITY - STARK CAMPUS    ,OH,44720-7599,Public       ,42,105,147,3532,4575,8107
00305103,KENT STATE UNIVERSITY - TUSCARAWAS CAMPU,OH,44663-9403,Public       ,16,59,75,1172,1926,3098
00305104,KENT STATE UNIVERSITY - TRUMBULL CAMPUS ,OH,44483-1998,Public       ,23,79,102,1315,2735,4050
00305105,KENT STATE UNIVERSITY - ASHTABULA CAMPUS,OH,44004-2299,Public       ,17,74,91,1048,2413,3461
00305106,KENT STATE UNIVERSITY - EAST LIVERPOOL C,OH,43920-3497,Public       ,8,26,34,495,1041,1536
00305107,KENT STATE UNIVERSITY - SALEM CAMPUS    ,OH,44460-9412,Public       ,8,31,39,1065,1527,2592
00305143,KENT STATE UNIVERSITY - COLLEGE OF PODIA,OH,44131-2330,Public       ,0,5,5,4,493,497
00306500,KENYON COLLEGE                          ,OH,43022-9623,Private      ,20,2,22,2740,50,2790
00306600,LAKE ERIE COLLEGE                       ,OH,44077-3389,Private      ,10,15,25,1562,512,2074
00306800,LORAIN COUNTY COMMUNITY COLLEGE         ,OH,44035-1691,Public       ,162,566,728,4567,9693,14260
00306900,LOURDES COLLEGE                         ,OH,43560-2898,Private      ,12,70,82,1481,2381,3862
00307200,MALONE UNIVERSITY                       ,OH,44709-3897,Private      ,7,56,63,2261,1744,4005
00307300,MARIETTA COLLEGE                        ,OH,45750-4033,Private      ,22,19,41,2675,441,3116
00307500,METHODIST THEOLOGICAL SCH IN OHIO       ,OH,43015-0000,Private      ,0,6,6,3,206,209
00307602,MIAMI - JACOBS CAREER COLLEGE - SPRINGBO,OH,45066-1115,Proprietary  ,0,0,0,74,237,311
00307603,MIAMI - JACOBS CAREER COLLEGE - TROY    ,OH,45373-3837,Proprietary  ,0,0,0,113,319,432
00307700,MIAMI UNIVERSITY                        ,OH,45056-1831,Public       ,183,208,391,22316,6425,28741
00307800,WRIGHT STATE UNIVERSITY                 ,OH,45435-0002,Public       ,133,311,444,14906,12686,27592
00308300,UNIVERSITY OF MOUNT UNION               ,OH,44601-3993,Private      ,20,18,38,3815,365,4180
00308400,MUSKINGUM UNIVERSITY                    ,OH,43762-1199,Private      ,12,74,86,2452,857,3309
00308500,NOTRE DAME COLLEGE OF OHIO              ,OH,44121-4293,Private      ,20,102,122,2658,1763,4421
00308600,OBERLIN COLLEGE                         ,OH,44074-1090,Private      ,31,4,35,5054,218,5272
00308900,OHIO NORTHERN UNIVERSITY                ,OH,45810-1555,Private      ,23,13,36,3938,1162,5100
00309000,OHIO STATE UNIVERSITY-ALL CAMPUSES      ,OH,43210-1358,Public       ,467,606,1073,53992,27950,81942
00310000,OHIO UNIVERSITY                         ,OH,45701-2979,Public       ,235,597,832,23595,12979,36574
00310002,"OHIO UNIVERSITY, ZANESVILLE CAMPUS      ",OH,43701-0000,Public       ,20,66,86,1460,2007,3467
00310003,"OHIO UNIVERSITY, LANCASTER CAMPUS       ",OH,43130-0000,Public       ,20,85,105,1582,2298,3880
00310004,"OHIO UNIVERSITY, SOUTHERN CAMPUS        ",OH,45638-0000,Public       ,18,66,84,966,2201,3167
00310005,"OHIO UNIVERSITY, CHILLICOTHE CAMPUS     ",OH,45601-0000,Public       ,28,99,127,1280,2736,4016
00310006,"OHIO UNIVERSITY, EASTERN CAMPUS         ",OH,43950-0000,Public       ,5,21,26,633,487,1120
00310008,OHIO UNIV COLL OF OSTEOPATHIC MED       ,OH,45701-0000,Public       ,0,0,0,25,610,635
00310900,OHIO WESLEYAN UNIVERSITY                ,OH,43015-2398,Private      ,20,14,34,3035,221,3256
00311000,OTTERBEIN UNIVERSITY                    ,OH,43081-2006,Private      ,27,46,73,4091,1243,5334
00311300,PONTIFICAL COLLEGE JOSEPHINUM           ,OH,43235-1498,Private      ,0,5,5,53,31,84
00311400,FIRELANDS REGIONAL MEDICAL CENTER - SOUT,OH,44870-4788,Private      ,2,5,7,85,206,291
00311500,RABBINICAL COLLEGE OF TELSHE            ,OH,44092-2584,Private      ,9,5,14,23,24,47
00311600,UNIV OF RIO GRANDE                      ,OH,45674-3131,Private      ,35,123,158,1687,2397,4084
00311900,SINCLAIR COMMUNITY COLLEGE              ,OH,45402-1460,Public       ,228,1110,1338,9818,21881,31699
00312100,TIFFIN UNIVERSITY                       ,OH,44883-2161,Private      ,62,377,439,3178,7953,11131
00312200,UNITED THEOLOGICAL SEMINARY             ,OH,45406-0000,Private      ,0,25,25,3,680,683
00312300,UNIVERSITY OF AKRON                     ,OH,44325-6211,Public       ,203,343,546,22210,16319,38529
00312500,UNIVERSITY OF CINCINNATI                ,OH,45221-0125,Public       ,296,889,1185,30119,25875,55994
00312504,UNIVERSITY OF CINCINNATI - MEDICINE     ,OH,45267-0553,Public       ,5,31,36,450,1761,2211
00312700,UNIVERSITY OF DAYTON                    ,OH,45469-0002,Private      ,81,150,231,12409,4251,16660
00313100,UNIVERSITY OF TOLEDO                    ,OH,43606-3390,Public       ,166,286,452,19162,12165,31327
00313300,URBANA UNIVERSITY                       ,OH,43078-2091,Private      ,14,51,65,1169,1096,2265
00313400,URSULINE COLLEGE                        ,OH,44124-4398,Private      ,4,42,46,690,1572,2262
00313500,WALSH UNIVERSITY                        ,OH,44720-3396,Private      ,18,50,68,2794,1568,4362
00314100,WILBERFORCE UNIVERSITY                  ,OH,45384-1001,Private      ,9,24,33,1021,580,1601
00314200,WILMINGTON COLLEGE                      ,OH,45177-2499,Private      ,15,24,39,2270,686,2956
00314300,WITTENBERG UNIVERSITY                   ,OH,45501-2199,Private      ,32,19,51,4116,462,4578
00314400,XAVIER UNIVERSITY                       ,OH,45207-1035,Private      ,87,137,224,8567,3766,12333
00314500,YOUNGSTOWN STATE UNIVERSITY             ,OH,44555-0001,Public       ,112,193,305,10003,8418,18421
00398200,CLEVELAND INSTITUTE OF ART              ,OH,44106-1700,Private      ,7,19,26,1083,376,1459
00406000,WINEBRENNER THEOLOGICAL SEMINARY        ,OH,45840-0000,Private      ,0,3,3,2,65,67
00485200,CLARK STATE COMMUNITY COLLEGE           ,OH,45505-4795,Public       ,64,391,455,2120,7051,9171
00485300,BRADFORD SCHOOL                         ,OH,43219-0000,Proprietary  ,22,78,100,907,912,1819
00485500,DAVIS COLLEGE                           ,OH,43623-4307,Proprietary  ,12,63,75,180,923,1103
00486100,UNIVERSITY OF NORTHWESTERN OHIO         ,OH,45805-1498,Private      ,81,111,192,5125,2353,7478
00486600,STAUTZENBERGER COLLEGE                  ,OH,43537-4007,Proprietary  ,45,165,210,494,1842,2336
00489811,MCCANN SCHOOL OF BUSINESS & TECHNOLOGY -,OH,45402-1724,Proprietary  ,1,9,10,120,686,806
00489814,MCCANN SCHOOL OF BUSINESS & TECHNOLOGY -,OH,44131-2309,Proprietary  ,0,2,2,33,316,349
00489815,MCCANN SCHOOL OF BUSINESS & TECHNOLOGY -,OH,43215-3902,Proprietary  ,0,0,0,46,246,292
00489817,MCCANN SCHOOL OF BUSINESS & TECHNOLOGY -,OH,45241-5428,Proprietary  ,0,2,2,15,72,87
00510200,SCH OF DIAGNOSTIC IMAGING-CLEVELAND     ,OH,44119-0000,Private      ,0,2,2,16,75,91
00531300,NORTH CENTRAL STATE COLLEGE             ,OH,44901-0000,Public       ,16,83,99,1376,3031,4407
00575300,OWENS STATE COMMUNITY COLLEGE           ,OH,43699-0000,Public       ,135,432,567,6526,13205,19731
00648700,AULTMAN COLLEGE OF NURSING AND HEALTH SC,OH,44710-1799,Private      ,3,11,14,208,563,771
00648900,CHRIST COLLEGE OF NURSING AND HEALTH SCI,OH,45219-2906,Private      ,4,23,27,311,795,1106
00649400,GOOD SAMARITAN COLG-NURSING/HEALTH      ,OH,45220-2489,Private      ,8,22,30,304,792,1096
00650700,TRINIT HEALTH SYSTEM SCH OF NURSING     ,OH,43952-2667,Private      ,1,6,7,67,178,245
00680400,LAKELAND COMMUNITY COLLEGE              ,OH,44094-5198,Public       ,75,301,376,3619,7529,11148
00686700,COLUMBUS STATE COMMUNITY COLLEGE        ,OH,43215-1786,Public       ,392,1585,1977,15256,32253,47509
00703500,KETTERING COLLEGE OF MEDICAL ARTS       ,OH,45429-1299,Private      ,19,49,68,685,1140,1825
00708500,MOUNT VERNON NAZARENE UNIVERSITY        ,OH,43050-9500,Private      ,6,46,52,1674,917,2591
00708501,MOUNT VERNON NAZARENE UNIV - AGS        ,OH,43050-0000,Private      ,0,93,93,86,946,1032
00727500,EASTERN GATEWAY COMMUNITY COLLEGE       ,OH,43952-3598,Public       ,34,117,151,1062,2546,3608
00732920,ITT TECHNICAL INSTITUTE                 ,OH,45414-3456,Proprietary  ,66,233,299,599,2187,2786
00732992,ITT TECHNICAL INSTITUTE                 ,OH,44509-4098,Proprietary  ,60,255,315,589,1808,2397
00747300,CHOFFIN CAREER & TECHNICAL CENTER       ,OH,44503-1628,Public       ,3,16,19,130,478,608
00759800,HOCKING TECHNICAL COLLEGE               ,OH,45764-9582,Public       ,32,131,163,3743,4031,7774
00777700,REMINGTON COLLEGE - CLEVELAND CAMPUS    ,OH,44125-1957,Private      ,51,247,298,560,2341,2901
00777704,REMINGTON COLLEGE-CLEVELAND WEST CAMPUS ,OH,44070-3129,Private      ,8,30,38,129,475,604
00812900,ADULT AND COMMUNITY EDUCATION @ HUDSON  ,OH,43211-2017,Public       ,0,42,42,72,662,734
00813200,TOLEDO SCHOOL OF PRACTICAL NURSING      ,OH,43613-5110,Public       ,5,28,33,142,652,794
00813300,ZANE STATE COLLEGE                      ,OH,43701-2626,Public       ,35,152,187,1531,3062,4593
00819400,AKRON SCHOOL OF PRACTICAL NRSG          ,OH,44311-0000,Public       ,6,10,16,152,383,535
00827800,TERRA COMMUNITY COLLEGE                 ,OH,43420-9670,Public       ,39,164,203,1120,2857,3977
00867700,NORTHWEST STATE COMMUNITY COLLEGE       ,OH,43502-9542,Public       ,15,62,77,1071,2584,3655
00888600,PORTAGE LAKES CAREER CENTER             ,OH,44685-9554,Public       ,0,3,3,31,141,172
00908803,ITT TECHNICAL INSTITUTE                 ,OH,44136-1758,Proprietary  ,0,0,0,0,1,1
00915600,WAYNE COUNTY SCHOOLS CAREER CENTER      ,OH,44677-9672,Public       ,3,14,17,52,239,291
00917200,SPRINGFIELD REGIONAL SCHOOL OF NURSING  ,OH,45501-0000,Private      ,0,0,0,39,118,157
00941200,FORTIS COLLEGE                          ,OH,44221-2998,Proprietary  ,19,149,168,299,1577,1876
00953000,GERBER AKRON BEAUTY SCHOOL              ,OH,44313-6995,Proprietary  ,0,19,19,44,202,246
00953100,SPA SCHOOL (THE)                        ,OH,43214-1524,Proprietary  ,8,49,57,91,378,469
00966000,TIFFIN ACADEMY OF HAIR DESIGN           ,OH,44883-2833,Proprietary  ,2,5,7,48,83,131
00994100,BELMONT TECHNICAL COLLEGE               ,OH,43950-9766,Public       ,11,76,87,910,1811,2721
00994200,SHAWNEE STATE UNIVERSITY                ,OH,45662-4344,Public       ,53,79,132,4826,3003,7829
01001700,PAYNE THEOLOGICAL SEMINARY              ,OH,45384-0474,Private      ,0,10,10,1,171,172
01002700,JAMES A. RHODES STATE COLLEGE           ,OH,45804-3597,Public       ,22,86,108,1793,3373,5166
01016800,NATIONWIDE BEAUTY ACADEMY               ,OH,43228-1000,Proprietary  ,8,21,29,125,276,401
01028000,OHIO STATE BEAUTY ACADEMY               ,OH,45801-0000,Proprietary  ,7,18,25,125,258,383
01032300,HANNAH E MULLINS SCH-PRAC NRSG          ,OH,44460-2906,Public       ,1,4,5,28,111,139
01034500,CINCINNATI STATE TECH & COMM CLG        ,OH,45223-2690,Public       ,193,836,1029,5833,14287,20120
01045300,WASHINGTON STATE CMTY COLLEGE           ,OH,45750-9225,Public       ,10,75,85,1041,1621,2662
01063000,NORTHERN INSTITUTE OF COSMETOLOGY       ,OH,44052-1803,Proprietary  ,0,5,5,25,114,139
01073600,MARION TECHNICAL COLLEGE                ,OH,43302-5694,Public       ,15,82,97,998,2473,3471
01088000,CHATFIELD COLLEGE                       ,OH,45118-9705,Private      ,5,45,50,103,511,614
01088100,STARK STATE COLLEGE OF TECHNOLOGY       ,OH,44720-7299,Public       ,103,428,531,4776,14856,19632
01090600,CINCINNATI CLG OF MORTUARY SCIENCE      ,OH,45224-1428,Private      ,2,11,13,119,275,394
01092300,UNION INSTITUTE & UNIVERSITY            ,OH,45206-1925,Private      ,2,182,184,53,2260,2313
01099300,HOBART INSTITUTE OF WELDING TECHNOLOGY  ,OH,45373-2400,Private      ,27,41,68,301,385,686
01100500,KAPLAN COLLEGE                          ,OH,43232-4827,Proprietary  ,3,86,89,242,1623,1865
01104600,CENTRAL OHIO TECHNICAL COLLEGE          ,OH,43055-1767,Public       ,30,143,173,1878,5291,7169
01170300,PENTA COUNTY JOINT VOCATIONAL SCH       ,OH,43551-0000,Public       ,0,6,6,34,152,186
01174400,NATIONAL BEAUTY COLLEGE                 ,OH,44720-0000,Proprietary  ,4,16,20,54,214,268
01174500,OHIO TECHNICAL COLLEGE                  ,OH,44103-1228,Proprietary  ,54,98,152,1558,1307,2865
01182500,OHIO STATE SCHOOL OF COSMETOLOGY        ,OH,43224-1107,Proprietary  ,8,19,27,159,477,636
01212800,SOUTHWESTERN COLLEGE                    ,OH,45402-3003,Proprietary  ,6,49,55,92,686,778
01212802,SOUTHWESTERN COLLEGE                    ,OH,45005-2267,Proprietary  ,0,4,4,31,183,214
01212803,SOUTHWESTERN COLLEGE                    ,OH,45202-4304,Proprietary  ,1,11,12,68,407,475
01212804,SOUTHWESTERN COLLEGE                    ,OH,45246-3121,Proprietary  ,9,56,65,121,681,802
01212806,LINCOLN COLLEGE OF TECHNOLOGY - TOLEDO  ,OH,43615-6800,Proprietary  ,9,54,63,121,595,716
01212807,LINCOLN COLLEGE OF TECHNOLOGY - COLUMBUS,OH,43215-3602,Proprietary  ,2,7,9,72,313,385
01212808,LINCOLN COLLEGE OF TECHNOLOGY - CLEVELAN,OH,44114-3266,Proprietary  ,5,38,43,109,559,668
01216600,CAROUSEL BEAUTY COLLEGE                 ,OH,45402-8935,Proprietary  ,11,37,48,132,363,495
01224800,CENTRAL SCHOOL OF PRACTICAL NURSING     ,OH,44103-0000,Private      ,5,58,63,128,599,727
01267200,CAROUSEL BEAUTY COLLEGE                 ,OH,45044-5113,Proprietary  ,1,9,10,23,77,100
01267400,CAROUSEL OF MIAMI VALLEY BEAUTY CLG     ,OH,45424-2063,Proprietary  ,0,3,3,12,32,44
01275000,EDISON COMMUNITY COLLEGE                ,OH,45356-9239,Public       ,26,114,140,1217,2838,4055
01283800,LAURA AND ALVIN SIEGAL COLLEGE OF JUDAIC,OH,44122-7197,Private      ,0,0,0,6,9,15
01284800,MOLER-HOLLYWOOD BEAUTY COLLEGE          ,OH,45202-2577,Proprietary  ,2,29,31,41,153,194
01287000,SOUTHERN STATE COMMUNITY COLLEGE        ,OH,45133-9406,Public       ,17,135,152,1229,2874,4103
01289100,ANTONELLI COLLEGE                       ,OH,45202-2592,Proprietary  ,11,84,95,174,842,1016
01289600,VIRGINIA MARTI COLLEGE OF ART AND DESIGN,OH,44107-0778,Proprietary  ,9,21,30,199,226,425
01303922,SOUTH UNIVERSITY - CLEVELAND            ,OH,44128-5919,Proprietary  ,10,61,71,22,205,227
01313200,INTERNATIONAL CLG OF BROADCASTING       ,OH,45431-1898,Proprietary  ,10,25,35,86,246,332
02052000,KAPLAN COLLEGE                          ,OH,45439-1984,Proprietary  ,13,142,155,300,1716,2016
02054300,TRUMBULL BUSINESS COLLEGE               ,OH,44484-0000,Proprietary  ,6,33,39,57,488,545
02056800,DAYMAR COLLEGE                          ,OH,45601-1038,Proprietary  ,2,25,27,48,407,455
02056802,DAYMAR COLLEGE - LANCASTER              ,OH,43130-0000,Proprietary  ,6,19,25,40,241,281
02056803,DAYMAR COLLEGE - NEW BOSTON             ,OH,45662-4900,Proprietary  ,4,19,23,39,274,313
02056804,DAYMAR COLLEGE - JACKSON                ,OH,45640-1728,Proprietary  ,2,25,27,33,280,313
02066100,OHIO STATE COLLEGE/BARBER STYLING       ,OH,43213-0000,Proprietary  ,8,35,43,130,477,607
02073300,GALLIA-JACKSON-VINTON SCH ADULT ED      ,OH,45674-0000,Public       ,3,6,9,93,221,314
02110700,CLEVELAND INST OF DENTAL-MED ASST       ,OH,44115-2285,Proprietary  ,20,97,117,177,787,964
02116009,SANFORD-BROWN COLLEGE - MIDDLEBURG HEIGH,OH,44130-8362,Proprietary  ,13,81,94,168,888,1056
02116900,UPPER VALLEY JVS                        ,OH,45356-0000,Public       ,3,22,25,37,298,335
02117300,GREAT OAKS INSTITUTE OF TECHNOLOGY      ,OH,45241-1581,Public       ,4,64,68,267,1081,1348
02128600,THE ART INSTITUTE OF CINCINNATI         ,OH,45246-0000,Proprietary  ,15,23,38,570,451,1021
02140700,COMMUNITY EDUCATIONAL SERVICES          ,OH,44702-1710,Public       ,0,6,6,37,221,258
02158417,"HARRISON COLLEGE - COLUMBUS, OH         ",OH,43123-0000,Proprietary  ,4,30,34,101,389,490
02158500,OHIO BUSINESS COLLEGE                   ,OH,44035-0701,Proprietary  ,13,58,71,82,614,696
02158501,OHIO BUSINESS COLLEGE                   ,OH,44870-9953,Proprietary  ,4,37,41,79,610,689
02158503,OHIO BUSINESS COLLEGE - COLUMBUS        ,OH,43229-3523,Proprietary  ,8,42,50,95,492,587
02158504,OHIO BUSINESS COLLEGE - DAYTON          ,OH,45417-4094,Proprietary  ,2,23,25,5,103,108
02168100,TRI-COUNTY JOINT VOCATIONAL SCHOOL      ,OH,45764-0000,Public       ,4,16,20,56,281,337
02187900,ASHTABULA CO JOINT VOC SCH ADULT ED     ,OH,44047-0000,Public       ,2,12,14,48,280,328
02189000,ADULT CENTER FOR EDUCATION              ,OH,43701-0000,Public       ,0,20,20,129,503,632
02190700,FORTIS COLLEGE                          ,OH,45459-0000,Proprietary  ,40,426,466,574,4406,4980
02192100,BUTLER TECHNOLOGY AND CAREER DEVELOPMENT,OH,45011-0000,Public       ,18,82,100,268,862,1130
02196300,COLLINS CAREER CENTER                   ,OH,45619-0000,Public       ,6,29,35,224,677,901
02210800,MEDINA COUNTY CAREER CENTER             ,OH,44256-0000,Public       ,1,6,7,35,200,235
02215400,OHIO STATE SCHOOL OF COSMETOLOGY        ,OH,43207-0000,Proprietary  ,0,0,0,26,41,67
02220500,GOD'S BIBLE SCHOOL & COLLEGE            ,OH,45210-0000,Private      ,2,16,18,186,136,322
02220800,CAREER & TECHNOLOGY EDUCATION CENTERS OF,OH,43055-0000,Public       ,13,45,58,128,478,606
02239800,PIONEER CAREER & TECHNOLOGY CENTER      ,OH,44875-0000,Public       ,0,5,5,13,99,112
02245600,WARREN COUNTY CAREER CENTER             ,OH,45036-0000,Public       ,12,50,62,110,488,598
02246300,INSTITUTE OF MEDICAL-DENTAL TECH        ,OH,45246-3317,Proprietary  ,18,63,81,89,395,484
02263700,MIAMI VALLEY CAREER TECHNOLOGY CTR      ,OH,45315-0000,Public       ,5,46,51,122,637,759
02269400,EASTERN HILLS ACAD OF HAIR DESIGN       ,OH,45255-0000,Proprietary  ,0,16,16,18,123,141
02269500,WESTERN HILLS SCHOOL OF BEAUTY & HAIR DE,OH,45211-0000,Proprietary  ,6,34,40,70,357,427
02270100,OHIO HI-POINT CAREER CENTER             ,OH,43311-0000,Public       ,1,10,11,55,248,303
02272700,COLUMBIANA COUNTY CAREER CENTER         ,OH,44432-0000,Public       ,4,46,50,72,416,488
02287900,RAPHAEL'S SCHOOL OF BEAUTY CULTURE      ,OH,44446-0000,Proprietary  ,5,45,50,70,263,333
02289802,KAPLAN COLLEGE                          ,OH,45203-0000,Proprietary  ,6,59,65,172,1107,1279
02301400,OHIO VALLEY COLLEGE OF TECHNOLOGY       ,OH,43920-9139,Proprietary  ,10,19,29,126,264,390
02304700,TRI-RIVERS CAREER CENTER                ,OH,43302-0000,Public       ,0,18,18,76,366,442
02311200,AMERICAN SCHOOL OF TECHNOLOGY           ,OH,43229-0000,Proprietary  ,15,83,98,114,758,872
02315500,TOLEDO ACADEMY OF BEAUTY CULTURE - EAST ,OH,43616-0000,Proprietary  ,3,27,30,51,199,250
02324400,ALLSTATE HAIRSTYLING & BARBER CLG       ,OH,44113-0000,Proprietary  ,3,31,34,76,465,541
02328500,MOLER-PICKENS BEAUTY COLLEGE            ,OH,45014-0000,Proprietary  ,0,23,23,15,89,104
02334300,INTERNATIONAL ACAD OF HAIR DESIGN       ,OH,45239-0000,Proprietary  ,9,24,33,121,301,422
02336300,KNOX COUNTY CAREER CENTER               ,OH,43050-4298,Public       ,4,32,36,70,365,435
02336700,CUYAHOGA VALLEY CAREER CENTER           ,OH,44141-1296,Public       ,0,11,11,66,326,392
02337700,PROFESSIONAL SKILLS INSTITUTE           ,OH,43607-0000,Proprietary  ,6,49,55,153,832,985
02342705,FORTIS COLLEGE -  RAVENNA CAMPUS        ,OH,44266-0000,Proprietary  ,11,48,59,163,613,776
02351500,WILLOUGHBY EASTLAKE SCH OF PRAC NSG     ,OH,44094-0000,Public       ,1,5,6,30,157,187
02352800,POLARIS CAREER CENTER-ADULT ED DEPT     ,OH,44130-0000,Public       ,12,53,65,151,511,662
02354200,SCIOTO COUNTY JOINT VOCATIONAL SCH      ,OH,45648-0000,Public       ,8,25,33,114,448,562
02454400,NORTHEAST OHIO MEDICAL UNIVERSITY       ,OH,44272-9621,Public       ,0,1,1,164,864,1028
02497800,GREENE COUNTY CAREER CENTER             ,OH,45385-0000,Public       ,3,22,25,43,240,283
02512600,ADULT VOCATIONAL SERVICES               ,OH,44308-0000,Public       ,0,2,2,30,160,190
02519300,OHIO STATE SCH COSMETOLOGY              ,OH,43110-2754,Proprietary  ,7,22,29,127,252,379
02522700,EASTLAND-FAIRFIELD CAREER AND TECHNICAL ,OH,43125-0000,Public       ,3,37,40,67,351,418
02528300,TDDS TECHNICAL INSTITUTE                ,OH,44429-0000,Proprietary  ,17,104,121,99,762,861
02529500,HAMRICK SCHOOL                          ,OH,44256-0000,Proprietary  ,6,81,87,33,336,369
02541400,TOLEDO ACADEMY OF BEAUTY CULTURE-SO     ,OH,43614-0000,Proprietary  ,0,2,2,62,214,276
02545800,INNER STATE BEAUTY SCHOOLS              ,OH,44124-0000,Proprietary  ,4,28,32,71,313,384
02553000,SCHOOL OF ADVERTISING ART               ,OH,45440-0000,Proprietary  ,1,1,2,236,45,281
02560000,CASAL AVEDA INSTITUTE                   ,OH,44515-0000,Proprietary  ,2,14,16,133,204,337
02560700,PICKAWAY ROSS CO JOINT VOC TECH SCH     ,OH,45601-0000,Public       ,4,15,19,93,431,524
02560701,PICKAWAY ROSS COUNTY JOINT VOCATIONAL SC,OH,45601-9010,Public       ,0,0,0,29,153,182
02562300,APOLLO CAREER CENTER-ADULT EDUC         ,OH,45806-0000,Public       ,7,43,50,137,658,795
02563000,RAPHAELS SCHOOL OF BEAUTY CULTURE       ,OH,44601-2847,Proprietary  ,7,15,22,49,143,192
02568600,MAHONING COUNTY CAREER & TECH CENTR     ,OH,44406-0000,Public       ,1,13,14,30,175,205
02582900,KAPLAN CAREER INSTITUTE                 ,OH,44129-6810,Proprietary  ,11,85,96,92,709,801
02586400,TRUMBULL CAREER & TECH CENTER-ADULT     ,OH,44483-1997,Public       ,4,32,36,72,432,504
02588500,OHIO STATE SCHOOL OF COSMETOLOGY        ,OH,43081-0000,Proprietary  ,9,28,37,117,271,388
02599711,VATTEROTT COLLEGE - CLEVELAND           ,OH,44147-3502,Proprietary  ,10,79,89,64,535,599
02603800,LORAIN COUNTY JVS ADULT CAREER CTR      ,OH,44074-9799,Public       ,2,13,15,89,310,399
02611007,HERITAGE COLLEGE - COLUMBUS             ,OH,43213-4440,Proprietary  ,34,140,174,248,1019,1267
02620000,SANDUSKY CAREER CENTER                  ,OH,44870-4786,Public       ,0,5,5,38,226,264
03007900,GALLIPOLIS CAREER COLLEGE               ,OH,45631-2600,Proprietary  ,1,13,14,24,237,261
03015100,ALLIANCE HIGH SCH-CMTY SERVICES DIV     ,OH,44601-2899,Public       ,1,5,6,32,142,174
03015300,EHOVE CAREER CENTER                     ,OH,44846-9500,Public       ,4,24,28,116,553,669
03023700,MADISON ADULT CAREER CENTER             ,OH,44905-2718,Public       ,2,32,34,50,442,492
03024300,VALLEY BEAUTY SCHOOL                    ,OH,43725-2332,Proprietary  ,0,3,3,16,38,54
03027100,FAIRVIEW ACADEMY                        ,OH,44126-2214,Proprietary  ,2,3,5,14,73,87
03034200,WASHINGTON COUNTY CAREER CENTER ADULT TE,OH,45750-9290,Public       ,5,25,30,101,380,481
03051400,AUBURN CAREER CENTER                    ,OH,44077-9723,Public       ,3,24,27,59,254,313
03051500,US GRANT JOINT VOCATIONAL SCHOOL        ,OH,45106-9502,Public       ,0,4,4,7,38,45
03065900,BUCKEYE CAREER CENTER                   ,OH,44663-9437,Public       ,2,9,11,79,272,351
03067600,RAPHAEL'S SCHOOL OF BEAUTY CULTURE      ,OH,44512-2222,Proprietary  ,7,19,26,47,154,201
03068200,OHIO CENTER FOR BROADCASTING            ,OH,44125-6273,Proprietary  ,8,31,39,88,285,373
03068202,OHIO CENTER FOR BROADCASTING - COLUMBUS ,OH,43213-2571,Proprietary  ,3,27,30,80,335,415
03071900,MOUNT CARMEL COLLEGE OF NURSING         ,OH,43222-1598,Private      ,11,56,67,955,1409,2364
03072303,EVEREST INSTITUTE - COLUMBUS            ,OH,43230-6653,Proprietary  ,28,160,188,168,1089,1257
03078000,OHIO CENTER FOR BROADCASTING            ,OH,45227-1509,Proprietary  ,12,57,69,65,225,290
03079000,ETI TECHNICAL COLLEGE                   ,OH,44446-4398,Proprietary  ,0,33,33,85,402,487
03084800,DELAWARE AREA CAREER CENTER             ,OH,43015-8969,Public       ,1,3,4,20,105,125
03084801,DELAWARE AREA CAREER CENTER -           ,OH,43015-9001,Public       ,1,1,2,9,57,66
03095600,VANTAGE CAREER CENTER                   ,OH,45891-1378,Public       ,0,10,10,22,131,153
03097000,MERCY COLLEGE OF NORTHWEST OHIO         ,OH,43604-1132,Private      ,6,43,49,665,1629,2294
03100100,PARAMOUNT BEAUTY ACADEMY                ,OH,45662-4136,Proprietary  ,5,18,23,47,152,199
03116200,DAYTON BARBER COLLEGE                   ,OH,45342-0000,Proprietary  ,3,16,19,24,129,153
03116300,OHIO COLLEGE OF MASSOTHERAPY            ,OH,44321-1363,Private      ,0,15,15,44,244,288
03116400,VANGUARD-SENTINELL VOC SCH DISTRICT     ,OH,43420-1197,Public       ,0,0,0,17,88,105
03117000,ASHLAND COUNTY-W HOLMES CAREER CTR      ,OH,44805-0000,Public       ,1,3,4,31,203,234
03319300,CREATIVE IMAGES-A CERTIFIED MATRIX      ,OH,45414-2557,Proprietary  ,11,29,40,104,357,461
03319301,CREATIVE IMAGES-A CERTIFIED MATRIX      ,OH,45459-0000,Proprietary  ,8,29,37,81,291,372
03416400,VALLEY BEAUTY SCHOOL                    ,OH,43701-3624,Proprietary  ,1,4,5,15,69,84
03425300,ROSEDALE BIBLE COLLEGE                  ,OH,43029-9517,Private      ,1,0,1,63,14,77
03457300,ALLEGHENY WESLEYAN COLLEGE              ,OH,44460-9598,Private      ,3,3,6,41,31,72
03468400,NATIONAL INSTITUTE OF MASSOTHERAPY      ,OH,44319-2100,Proprietary  ,0,13,13,25,164,189
03468500,ATS INSTITUTE OF TECHNOLOGY             ,OH,44143-2216,Proprietary  ,5,55,60,71,996,1067
03475400,TRI-STATE BIBLE COLLEGE                 ,OH,45680-8402,Private      ,0,6,6,11,84,95
03534400,AMERICAN INST OF ALTERNATIVE MEDICI     ,OH,43229-1113,Proprietary  ,2,69,71,61,723,784
03626300,BROWN AVEDA INSTITUTE                   ,OH,44060-6212,Proprietary  ,19,27,46,238,330,568
03693300,CARNEGIE CAREER COLLEGE                 ,OH,44260-9608,Private      ,0,0,0,3,52,55
03700300,REGENCY BEAUTY INSTITUTE - CLEVELAND    ,OH,44094-0000,Proprietary  ,6,57,63,176,466,642
03726300,TEMPLE BAPTIST COLLEGE                  ,OH,45240-0000,Private      ,2,6,8,135,117,252
03747300,BEXLEY HALL SEMINARY                    ,OH,43209-2325,Private      ,0,2,2,7,53,60
03776400,HEALING ARTS INSTITUTE                  ,OH,43551-3138,Proprietary  ,2,11,13,14,78,92
03837300,AVEDA FREDRIC'S INSTITUTE               ,OH,45208-1304,Proprietary  ,9,24,33,159,256,415
03882300,OREGON CAREER CENTER                    ,OH,43616-2631,Public       ,0,0,0,7,29,36
04051307,ART INSTITUTE OF PHOENIX (THE) - BROWN M,OH,45215-1107,Proprietary  ,43,170,213,512,2205,2717
04051308,ART INSTITUTE OF PHOENIX (THE) - BROWN M,OH,44320-4420,Proprietary  ,13,85,98,291,1269,1560
04051317,ART INSTITUTE OF PHOENIX (THE) - BROWN M,OH,45840-6848,Proprietary  ,64,289,353,750,3259,4009
04051326,ART INSTITUTE OF PHOENIX (THE) - BROWN M,OH,44718-3674,Proprietary  ,12,109,121,186,1045,1231
04068300,FOUR COUNTY CAREER CENTER               ,OH,43512-9541,Public       ,0,1,1,9,70,79
04074300,HONDROS COLLEGE                         ,OH,43081-3855,Proprietary  ,21,249,270,483,3421,3904
04116700,NEWLIFE TECHNICAL INSTITUTE             ,OH,43920-2920,Private      ,0,0,0,3,8,11
04117300,DAYTON SCHOOL OF MEDICAL MASSAGE        ,OH,45429-1111,Proprietary  ,21,67,88,198,698,896
04118300,NORTHCOAST MEDICAL TRAINING ACADEMY     ,OH,44240-4174,Proprietary  ,6,37,43,77,287,364
04124500,TECHSKILLS                              ,OH,43231-0000,Proprietary  ,8,106,114,63,506,569
04125700,CUT BEAUTY SCHOOL (THE)                 ,OH,44118-2918,Proprietary  ,5,32,37,83,398,481
04126000,OHIO ACADEMY PAUL MITCHELL PARTNER SCHOO,OH,44087-3107,Proprietary  ,8,18,26,137,235,372
04137800,AVEDA INSTITUTE COLUMBUS                ,OH,43201-2333,Proprietary  ,36,75,111,341,598,939
04138000,INSTITUTE OF THERAPEUTIC MASSAGE        ,OH,45875-0350,Proprietary  ,2,12,14,17,72,89
04149100,CINCINNATI ACADEMY A PAUL MITCHELL PARTN,OH,45241-1702,Proprietary  ,14,24,38,188,316,504
04151400,VANITY SCHOOL OF COSMETOLOGY            ,OH,44035-0000,Proprietary  ,7,9,16,32,52,84
04152100,TOLEDO RESTAURANT TRAINING CENTER       ,OH,43604-6508,Private      ,1,13,14,22,117,139
04152600,PIKE COUNTY CAREER TECHNOLOGY CENTER    ,OH,45661-9114,Public       ,0,4,4,25,134,159
04153300,OHIO ACADEMY COLUMBUS (THE)             ,OH,43231-6038,Proprietary  ,4,23,27,145,255,400
04154000,TOLLES CAREER & TECHNICAL CENTER        ,OH,43064-8854,Public       ,3,7,10,8,36,44
04166800,SALON PROFESSIONAL ACADEMY (THE)        ,OH,45551-0000,Proprietary  ,8,13,21,68,98,166
04167700,ARTISAN COLLEGE OF COSMETOLOGY (THE)    ,OH,45840-6848,Proprietary  ,1,7,8,17,73,90
04185900,ELITE SCHOOL OF COSMETOLOGY             ,OH,44857-2714,Proprietary  ,3,5,8,17,68,85
04189100,TONI & GUY HAIRDRESSING ACADEMY         ,OH,43615-1731,Proprietary  ,12,19,31,116,164,280
04192200,ATHENA CAREER ACADEMY                   ,OH,43560-2796,Proprietary  ,0,28,28,33,325,358
        ,INVALID SCHOOL CODE                     ,  ,00000-0000,,151,861,1012,2029,7219,9248
00134500,ADAMS STATE COLLEGE                     ,CO,81102-2373,Public       ,42,115,157,3032,2630,5662
00134600,ARAPAHOE COMMUNITY COLLEGE              ,CO,80160-9002,Public       ,169,498,667,3662,8706,12368
00134700,COLORADO COLLEGE                        ,CO,80903-3294,Private      ,39,63,102,3548,1148,4696
00134800,COLORADO SCHOOL OF MINES                ,CO,80401-1887,Public       ,43,36,79,6880,1527,8407
00134900,UNIVERSITY OF NORTHERN COLORADO         ,CO,80639-0001,Public       ,94,205,299,12143,5945,18088
00135000,COLORADO STATE UNIVERSITY               ,CO,80523-0100,Public       ,316,355,671,27165,12900,40065
00135200,DENVER  SEMINARY                        ,CO,80120-2192,Private      ,0,24,24,10,846,856
00135300,FORT LEWIS COLLEGE                      ,CO,81301-3999,Public       ,51,48,99,5044,1950,6994
00135400,ILIFF SCHOOL OF THEOLOGY                ,CO,80210-0000,Private      ,2,14,16,9,430,439
00135500,LAMAR COMMUNITY COLLEGE                 ,CO,81052-3999,Public       ,19,36,55,471,366,837
00135800,COLORADO MESA UNIVERSITY                ,CO,81501-3122,Public       ,156,207,363,7696,4786,12482
00135900,COLORADO NORTHWESTERN COMMUNITY COLLEGE ,CO,81648-3598,Public       ,6,31,37,512,554,1066
00136000,METROPOLITAN STATE CLG OF DENVER        ,CO,80204-3362,Public       ,345,767,1112,13907,20756,34663
00136100,NORTHEASTERN JUNIOR COLLEGE             ,CO,80751-2399,Public       ,29,51,80,1298,701,1999
00136200,OTERO JUNIOR COLLEGE                    ,CO,81050-3346,Public       ,23,78,101,743,863,1606
00136300,REGIS UNIVERSITY                        ,CO,80221-1099,Private      ,40,473,513,3709,10717,14426
00136500,COLORADO STATE UNIVERSITY-PUEBLO        ,CO,81001-4901,Public       ,89,126,215,5975,5105,11080
00136800,TRINIDAD STATE JR COLLEGE               ,CO,81082-2396,Public       ,26,97,123,824,1416,2240
00137000,UNIVERSITY OF COLORADO-BOULDER          ,CO,80309-0077,Public       ,347,327,674,27540,11271,38811
00137100,UNIVERSITY OF DENVER                    ,CO,80208-2000,Private      ,108,455,563,9253,11595,20848
00137200,WESTERN STATE COLLEGE                   ,CO,81231-0000,Public       ,27,18,45,2468,716,3184
00405702,NATIONAL AMERICAN UNIVERSITY - COLORADO ,CO,80920-4001,Proprietary  ,1,38,39,58,548,606
00405703,NATIONAL AMERICAN UNIVERSITY            ,CO,80222-0000,Proprietary  ,3,23,26,54,416,470
00450300,EVEREST COLLEGE                         ,CO,80916-3548,Proprietary  ,10,141,151,235,1654,1889
00450600,COLORADO MOUNTAIN COLLEGE               ,CO,81602-0000,Public       ,35,124,159,1805,2294,4099
00450700,EVEREST COLLEGE                         ,CO,80229-4339,Proprietary  ,18,98,116,178,853,1031
00450701,"EVEREST COLLEGE- EVEREST COLLEGE, AURORA",CO,80012-5692,Proprietary  ,23,76,99,216,911,1127
00450800,UNIVERSITY OF COLORADO DENVER           ,CO,80204-2029,Public       ,164,588,752,9706,17838,27544
00450900,UNIV OF COLORADO AT COLO SPRINGS        ,CO,80918-3735,Public       ,183,359,542,9213,7289,16502
00559600,EMILY GRIFFITH OPPORTUNITY SCH          ,CO,80204-2197,Public       ,40,263,303,798,3015,3813
00729700,REDSTONE COLLEGE                        ,CO,80020-9988,Proprietary  ,28,90,118,398,1185,1583
00732912,ITT TECHNICAL INSTITUTE                 ,CO,80229-5338,Proprietary  ,55,238,293,347,1638,1985
00754700,LINCOLN COLLEGE OF TECHNOLOGY           ,CO,80223-0000,Proprietary  ,162,171,333,1498,1514,3012
00754800,WESTWOOD COLLEGE - DENVER NORTH         ,CO,80221-3653,Proprietary  ,39,148,187,367,1698,2065
00754801,WESTWOOD COLLEGE - DENVER SOUTH         ,CO,80227-3653,Proprietary  ,18,103,121,213,1102,1315
00758200,AIMS COMMUNITY COLLEGE                  ,CO,80632-0000,Public       ,75,269,344,2627,4823,7450
00764900,ROCKY MOUNTAIN COLG OF ART & DESIGN     ,CO,80214-0000,Proprietary  ,20,63,83,934,777,1711
00793300,FRONT RANGE COMMUNITY COLLEGE           ,CO,80031-2199,Public       ,307,858,1165,8644,16520,25164
00863500,INTELLITEC MEDICAL INSTITUTE            ,CO,80909-0000,Proprietary  ,15,72,87,127,724,851
00887100,CONCORDE CAREER INSTITUTE               ,CO,80203-0000,Proprietary  ,56,224,280,456,1843,2299
00889600,PIKES PEAK COMMUNITY COLLEGE            ,CO,80906-5498,Public       ,239,1223,1462,5724,16058,21782
00940100,COLORADO CHRISTIAN UNIVERSITY           ,CO,80226-7449,Private      ,29,410,439,2139,4243,6382
00954200,COMMUNITY COLLEGE OF DENVER             ,CO,80217-2026,Public       ,226,760,986,6706,14751,21457
00954300,RED ROCKS COMMUNITY COLLEGE             ,CO,80228-1255,Public       ,132,496,628,3599,7950,11549
00998100,MORGAN COMMUNITY COLLEGE                ,CO,80701-4399,Public       ,27,100,127,407,1149,1556
01014800,COLORADO TECHNICAL UNIVERSITY           ,CO,80907-3896,Proprietary  ,35,457,492,505,6242,6747
01014802,COLORADO TECHNICAL UNIV - DENVER        ,CO,80111-3201,Proprietary  ,12,104,116,145,1382,1527
01014805,COLORADO TECH UNIV - ON LINE            ,CO,80907-0000,Proprietary  ,267,4344,4611,2262,45580,47842
01014806,COLORADO TECH UNIV - FED EXPRESS        ,CO,80921-3800,Proprietary  ,0,0,0,14,92,106
01014808,COLORADO TECH UNIV - USAA               ,CO,80920-1005,Proprietary  ,0,0,0,12,80,92
01014811,COLORADO TECH UNIV-HEWLETT PACKARD      ,CO,80919-2303,Proprietary  ,0,0,0,7,43,50
01014812,COLORADO TECHNICAL UNIVERSITY - WESTMINS,CO,80021-3498,Proprietary  ,11,77,88,133,1107,1240
01014813,COLORADO TECH UNIV - ORACLE             ,CO,80921-3660,Proprietary  ,0,0,0,6,62,68
01014815,COLORADO TECHNCL UNIV PUEBLO            ,CO,81003-2315,Proprietary  ,4,18,22,113,706,819
01070900,EMPIRE BEAUTY SCHOOL-LAKEWOOD           ,CO,80215-0000,Proprietary  ,4,20,24,52,134,186
01157200,COLORADO SCHOOL OF TRADES               ,CO,80215-2996,Proprietary  ,5,34,39,96,591,687
01267000,BEL-REA INST OF ANIMAL TECH             ,CO,80247-3048,Proprietary  ,28,42,70,558,891,1449
01285000,INTERNATIONAL SALON AND SPA ACADEMY     ,CO,80918-3684,Proprietary  ,16,49,65,112,434,546
01287500,PICKENS TECHNICAL COLLEGE               ,CO,80011-9307,Public       ,22,51,73,471,1188,1659
01300700,NAZARENE BIBLE COLLEGE                  ,CO,80910-3717,Private      ,2,46,48,72,699,771
02072200,EMPIRE BEAUTY SCHOOL -ARVADA            ,CO,80212-0000,Proprietary  ,8,17,25,84,193,277
02078900,ART INSTITUTE OF COLORADO (THE)         ,CO,80203-2983,Proprietary  ,113,243,356,2169,2835,5004
02116300,PUEBLO COMMUNITY COLLEGE                ,CO,81004-0000,Public       ,114,384,498,2428,7221,9649
02117500,NAROPA UNIVERSITY                       ,CO,80302-0000,Private      ,7,23,30,381,1410,1791
02133100,COLORADO CENTER FOR MEDICAL LABORATORY S,CO,80218-0000,Private      ,0,0,0,72,225,297
02141100,EMPIRE BEAUTY SCHOOL-LITTLETON          ,CO,80030-0000,Proprietary  ,12,28,40,108,301,409
02156200,DELTA - MONTROSE TECHNICAL COLLEGE      ,CO,81416-0000,Public       ,1,29,30,108,352,460
02160600,EMPIRE BEAUTY SCHOOL -THORNTON          ,CO,80241-1659,Proprietary  ,5,22,27,86,233,319
02165200,SALON PROFESSIONAL ACADEMY (THE)        ,CO,81504-5309,Proprietary  ,10,13,23,81,147,228
02167600,KAPLAN COLLEGE                          ,CO,80229-5309,Proprietary  ,1,18,19,42,410,452
02171300,TRINIDAD STATE JUNIOR COLLEGE           ,CO,81101-0000,Proprietary  ,0,0,0,0,3,3
02188700,DENVER ACAD OF COURT REPORTING          ,CO,80030-0000,Proprietary  ,2,26,28,19,224,243
02211901,CHEEKS INTERNATIONAL ACADEMY OF BEAUTY C,CO,80525-3053,Proprietary  ,2,8,10,32,101,133
02211902,CHEEKS INTERNATIONAL ACDMY BTY CULT     ,CO,80631-0000,Proprietary  ,0,3,3,20,79,99
02253700,INTELLITEC COLLEGE                      ,CO,80909-0000,Proprietary  ,34,161,195,210,1058,1268
02267500,GLENWOOD BEAUTY ACADEMY                 ,CO,81601-0000,Proprietary  ,0,2,2,22,59,81
02276900,COMMUNITY COLLEGE OF AURORA             ,CO,80011-9036,Public       ,126,515,641,3187,8758,11945
02518500,HAIR DYNAMICS EDUCATION CENTER          ,CO,80525-0000,Proprietary  ,9,30,39,126,251,377
02594300,COLLEGE AMERICA - DENVER                ,CO,80222-3380,Proprietary  ,56,374,430,524,3236,3760
02611000,HERITAGE COLLEGE                        ,CO,80212-7413,Proprietary  ,37,96,133,327,986,1313
03006300,INST OF BUSINESS & MEDICAL CAREERS      ,CO,80525-3044,Proprietary  ,31,160,191,403,1679,2082
03010622,VIRGINIA COLLEGE - ECOTECH INSTITUTE - A,CO,80014-1405,Proprietary  ,5,37,42,111,382,493
03012100,REMINGTON COLLEGE - COLORADO SPRINGS CAM,CO,80215-0000,Private      ,0,2,2,28,153,181
03013100,BOULDER COLLEGE OF MASSAGE THERAPY      ,CO,80301-3295,Private      ,2,12,14,114,313,427
03014900,PLATT COLLEGE                           ,CO,80014-3141,Proprietary  ,6,20,26,74,372,446
03027400,XENON INTERNATIONAL ACADEMY III         ,CO,80014-1193,Proprietary  ,15,15,30,85,163,248
03030606,UTAH COLLEGE OF MASSAGE THERAPY - DENVER,CO,80031-2921,Proprietary  ,13,39,52,104,245,349
03030607,UTAH COLLEGE OF MASSAGE THERAPY - DENVER,CO,80012-2523,Proprietary  ,21,40,61,104,237,341
03066900,INTELLITEC COLLEGE                      ,CO,81506-3994,Proprietary  ,31,109,140,246,890,1136
03068201,OHIO CENTER FOR BROADCASTING - COLORADO ,CO,80214-4129,Proprietary  ,5,26,31,80,219,299
03076401,BRYMAN SCHOOL OF ARIZONA (THE) - ANTHEM ,CO,80014-2622,Proprietary  ,7,15,22,34,108,142
03289300,COLORADO HEIGHTS UNIVERSITY             ,CO,80236-2711,Private      ,15,98,113,149,589,738
03306300,MONTESSORI EDUC CRT OF THE ROCKIES      ,CO,80301-2587,Private      ,0,4,4,2,93,95
03534300,JONES INTERNATIONAL UNIVERSITY          ,CO,80112-3446,Proprietary  ,34,947,981,256,7763,8019
03545300,UNIVERSITY OF THE ROCKIES               ,CO,80903-3612,Proprietary  ,5,263,268,124,3223,3347
03584400,COLORADO SCHOOL OF HEALING ARTS         ,CO,80226-4332,Proprietary  ,3,30,33,93,308,401
03670300,TONI & GUY HAIRDRESSING ACADEMY         ,CO,80911-0000,Proprietary  ,17,26,43,106,255,361
03686300,COLORADO SCHOOL OF TRADITIONAL CHINESE M,CO,80206-2127,Proprietary  ,0,25,25,20,305,325
03776300,CULINARY SCHOOL OF THE ROCKIES          ,CO,80305-5961,Proprietary  ,25,57,82,278,485,763
03972300,CUTTIN' UP BEAUTY ACADEMY               ,CO,80220-0000,Proprietary  ,0,0,0,29,79,108
03976300,MASSAGE THERAPY INSTITUTE OF COLORADO   ,CO,80206-2127,Proprietary  ,6,19,25,97,254,351
04080300,ASPEN UNIVERSITY                        ,CO,80246-1930,Proprietary  ,7,89,96,124,810,934
04093300,ACADEMY OF NATURAL THERAPY              ,CO,80631-3425,Proprietary  ,3,20,23,56,169,225
04121200,INSTITUTE OF TAOIST EDUCATION AND ACUPUN,CO,80027-1028,Private      ,0,1,1,2,75,77
04125100,MONTESSORI CASA INTERNATIONAL           ,CO,80111-5263,Private      ,0,1,1,0,13,13
04127700,AMERICAN SENTINEL UNIVERSITY            ,CO,80014-6510,Proprietary  ,4,271,275,35,1615,1650
04139300,NATIONAL BEAUTY COLLEGE                 ,CO,80221-0000,Proprietary  ,1,35,36,46,216,262
04148300,DENVER SCHOOL OF NURSING                ,CO,80202-1213,Proprietary  ,14,73,87,356,1430,1786
04151100,SUMMIT SALON & BEAUTY SCHOOL            ,CO,80866-4569,Proprietary  ,0,0,0,0,32,32
04167100,AVEDA INSTITUTE DENVER                  ,CO,80202-0000,Proprietary  ,36,61,97,358,637,995
04170200,PAUL MITCHELL THE SCHOOL COLORADO SPRING,CO,80903-0000,Proprietary  ,16,41,57,190,474,664
04172500,ROLF INSTITUTE OF STRUCTURAL INTEGRATION,CO,80301-0000,Private      ,1,6,7,12,136,148
04173800,SALON PROFESSIONAL ACADEMY (THE)        ,CO,80918-2932,Proprietary  ,4,12,16,85,213,298
04177100,PIMA MEDICAL INSTITUTE-SOUTH DENVER     ,CO,80231-0000,Proprietary  ,21,73,94,229,721,950
04179700,UNITED BEAUTY COLLEGE                   ,CO,80223-2936,Proprietary  ,1,13,14,42,141,183
04183700,HEALING ARTS INSTITUTE                  ,CO,80525-3479,Proprietary  ,4,7,11,50,167,217
04184900,COLLEGE OF INTERNATIONAL ESTHETICS      ,CO,80002-3754,Proprietary  ,4,22,26,40,235,275
04185000,COLORADO ACADEMY OF VETERINARY TECHNOLOG,CO,80906-4944,Proprietary  ,10,19,29,130,245,375
04185400,NATIONAL PERSONAL TRAINING INSTITUTE OF ,CO,80401-3304,Proprietary  ,2,19,21,42,168,210
04195300,LONGS PEAK ACADEMY                      ,CO,80501-6458,Proprietary  ,10,15,25,36,82,118
04202600,NEW DIMENSIONS BEAUTY ACADEMY           ,CO,80138-9801,Proprietary  ,5,10,15,22,70,92
04208700,COLORADO STATE UNIVERSITY - GLOBAL CAMPU,CO,80111-0000,Public       ,32,736,768,143,3373,3516
04218900,ROCKY VISTA UNIVERSITY COLLEGE OF OSTEOP,CO,80134-9498,Proprietary  ,0,28,28,0,342,342
00267811,BRYANT & STRATTON COLLEGE - VIRGINIA BEA,VA,23462-4417,Proprietary  ,58,300,358,832,4220,5052
00370200,AVERETT UNIVERSITY                      ,VA,24541-3692,Private      ,29,140,169,1731,1860,3591
00370300,BLUEFIELD COLLEGE                       ,VA,24605-1799,Private      ,7,48,55,972,777,1749
00370400,BRIDGEWATER COLLEGE                     ,VA,22812-1599,Private      ,28,7,35,3661,241,3902
00370500,COLLEGE OF WILLIAM & MARY               ,VA,23187-8795,Public       ,88,71,159,11778,4974,16752
00370600,CHRISTOPHER NEWPORT UNIVERSITY          ,VA,23606-3072,Public       ,86,50,136,8690,1777,10467
00370700,RICHARD BLAND COLLEGE                   ,VA,23805-7100,Public       ,12,33,45,1692,936,2628
00370800,EASTERN MENNONITE UNIVERSITY            ,VA,22802-2462,Private      ,7,18,25,1336,641,1977
00370900,EMORY & HENRY COLLEGE                   ,VA,24327-0010,Private      ,9,4,13,1589,183,1772
00371100,FERRUM COLLEGE                          ,VA,24088-2612,Private      ,40,7,47,3386,387,3773
00371200,TIDEWATER COMMUNITY COLLEGE             ,VA,23510-1910,Public       ,313,1593,1906,13501,31394,44895
00371300,HAMPDEN-SYDNEY COLLEGE                  ,VA,23943-0128,Private      ,13,1,14,1668,63,1731
00371400,HAMPTON UNIVERSITY                      ,VA,23668-0099,Private      ,148,121,269,9548,4333,13881
00371500,HOLLINS UNIVERSITY                      ,VA,24020-0000,Private      ,4,19,23,890,706,1596
00371900,LONGWOOD UNIVERSITY                     ,VA,23909-1899,Public       ,55,30,85,6062,1007,7069
00372000,LYNCHBURG COLLEGE                       ,VA,24501-3199,Private      ,39,46,85,3811,1217,5028
00372100,JAMES MADISON UNIVERSITY                ,VA,22807-3780,Public       ,211,60,271,25952,3305,29257
00372300,MARY BALDWIN COLLEGE                    ,VA,24401-3610,Private      ,19,28,47,1831,1324,3155
00372400,MARYMOUNT UNIVERSITY                    ,VA,22207-4224,Private      ,43,94,137,3084,2868,5952
00372600,NATIONAL COLLEGE                        ,VA,24153-4524,Proprietary  ,79,595,674,656,5816,6472
00372700,NORTHERN VA CMTY CLG                    ,VA,22003-3743,Public       ,556,1559,2115,17754,24237,41991
00372800,OLD DOMINION UNIVERSITY                 ,VA,23529-0052,Public       ,263,536,799,20730,17309,38039
00373200,RADFORD UNIVERSITY                      ,VA,24142-6905,Public       ,130,66,196,11420,3010,14430
00373300,RANDOLPH-MACON COLLEGE                  ,VA,23005-5505,Private      ,24,4,28,3093,203,3296
00373400,RANDOLPH COLLEGE                        ,VA,24503-1526,Private      ,10,9,19,966,207,1173
00373500,VIRGINIA COMMONWEALTH UNIVERSITY        ,VA,23284-9004,Public       ,344,399,743,27935,16873,44808
00373600,ROANOKE COLLEGE                         ,VA,24153-3794,Private      ,23,11,34,3514,335,3849
00373700,SHENANDOAH UNIVERSITY                   ,VA,22601-5195,Private      ,30,57,87,3252,2382,5634
00373800,SOUTHERN VIRGINIA UNIVERSITY            ,VA,24416-3038,Private      ,16,12,28,1327,391,1718
00373900,ST PAULS COLLEGE                        ,VA,23868-1299,Private      ,6,12,18,469,345,814
00374200,SWEET BRIAR COLLEGE                     ,VA,24595-9998,Private      ,7,4,11,1038,108,1146
00374300,UNION PRESBYTERIAN SEMINARY             ,VA,23227-0000,Private      ,0,6,6,6,132,138
00374400,UNIVERSITY OF RICHMOND                  ,VA,23173-0001,Private      ,45,80,125,7515,3677,11192
00374500,UNIVERSITY OF VIRGINIA - SFS            ,VA,22903-0000,Public       ,186,127,313,22384,9369,31753
00374600,UNIVERSITY OF MARY WASHINGTON           ,VA,22401-5358,Public       ,62,71,133,5887,1799,7686
00374700,UNIV OF VIRGINIA'S COLLEGE AT WISE      ,VA,24293-4412,Public       ,24,24,48,2185,661,2846
00374800,EASTERN SHORE COMMUNITY COLLEGE         ,VA,23410-3001,Public       ,3,22,25,451,788,1239
00374900,GEORGE MASON UNIVERSITY                 ,VA,22030-4444,Public       ,307,508,815,22471,18421,40892
00375100,PATRICK HENRY COMMUNITY COLLEGE         ,VA,24112-5311,Public       ,25,126,151,1346,2960,4306
00375200,VIRGINIA INTERMONT COLLEGE              ,VA,24201-4298,Private      ,1,15,16,584,374,958
00375300,VIRGINIA MILITARY INSTITUTE             ,VA,24450-2138,Public       ,27,6,33,2397,144,2541
00375400,VIRGINIA POLYTECH INST & STATE UNIV     ,VA,24061-2000,Public       ,232,154,386,27597,6478,34075
00375800,DANVILLE COMMUNITY COLLEGE              ,VA,24541-4004,Public       ,55,191,246,1778,3407,5185
00375900,J. SARGEANT REYNOLDS COMMUNITY CLG      ,VA,23285-0000,Public       ,137,559,696,6406,13994,20400
00376000,VIRGINIA WESTERN CMTY COLLEGE           ,VA,24038-0000,Public       ,52,221,273,3295,5322,8617
00376100,WYTHEVILLE COMMUNITY COLLEGE            ,VA,24382-3308,Public       ,46,150,196,1452,2294,3746
00376200,VIRGINIA UNIVERSITY OF LYNCHBURG        ,VA,24501-6400,Private      ,6,29,35,488,940,1428
00376400,VIRGINIA STATE UNIVERSITY               ,VA,23806-0001,Public       ,125,130,255,11435,4316,15751
00376500,NORFOLK STATE UNIVERSITY                ,VA,23504-8000,Public       ,125,249,374,10160,9030,19190
00376600,VIRGINIA UNION UNIVERSITY               ,VA,23220-1711,Private      ,23,51,74,5193,2002,7195
00376700,VIRGINIA WESLEYAN COLLEGE               ,VA,23502-5599,Private      ,41,39,80,3539,1173,4712
00376800,WASHINGTON & LEE UNIVERSITY             ,VA,24450-0303,Private      ,26,5,31,3071,1535,4606
00400400,JOHN TYLER COMMUNITY COLLEGE            ,VA,23831-5316,Public       ,95,334,429,4422,7194,11616
00450301,"EVEREST COLLEGE- EVEREST COLLEGE, MCLEAN",VA,22102-3000,Proprietary  ,16,43,59,125,570,695
00450702,"EVEREST COLLEGE- EVEREST COLLEGE, ARLING",VA,22203-1905,Proprietary  ,5,34,39,109,538,647
00498800,CENTRAL VIRGINIA COMMUNITY COLLEGE      ,VA,24502-2498,Public       ,53,145,198,1978,3038,5016
00499200,MILLER-MOTTE TECHNICAL COLLEGE          ,VA,24505-0000,Proprietary  ,36,205,241,328,1455,1783
00499600,DABNEY S LANCASTER COMMUNITY CLG        ,VA,24422-1000,Public       ,8,45,53,617,760,1377
00522300,NEW RIVER COMMUNITY COLLEGE             ,VA,24084-1127,Public       ,35,125,160,1802,2782,4584
00662200,COLLEGE OF HEALTH SCIENCES - CHRV       ,VA,24031-0000,Private      ,6,30,36,693,1294,1987
00681900,BLUE RIDGE COMMUNITY COLLEGE            ,VA,24486-0080,Public       ,41,136,177,2419,2932,5351
00687100,THOMAS NELSON COMMUNITY COLLEGE         ,VA,23670-0000,Public       ,101,585,686,4735,11432,16167
00709900,VIRGINIA HIGHLANDS COMMUNITY CLG        ,VA,24210-4210,Public       ,25,78,103,1131,1983,3114
00726000,SOUTHWEST VIRGINIA COMMUNITY CLG        ,VA,24641-0000,Public       ,41,156,197,1210,2015,3225
00859200,LOUISE OBICI SCHOOL OF NURSING          ,VA,23434-8038,Private      ,0,2,2,25,112,137
00865900,LORD FAIRFAX COMMUNITY COLLEGE          ,VA,22645-0047,Public       ,69,182,251,2578,3666,6244
00866000,GERMANNA COMMUNITY COLLEGE              ,VA,22508-0339,Public       ,88,219,307,3160,4708,7868
00866100,SOUTHSIDE VIRGINIA CMTY CLG             ,VA,23821-2930,Public       ,84,278,362,1908,3651,5559
00915900,PAUL D CAMP COMMUNITY COLLEGE           ,VA,23851-0737,Public       ,21,83,104,603,1577,2180
00916000,RAPPAHANNOCK COMMUNITY COLLEGE          ,VA,23149-2616,Public       ,29,115,144,1088,1778,2866
00926700,EVEREST COLLEGE                         ,VA,23606-4203,Proprietary  ,12,135,147,168,1079,1247
00926701,EVEREST COLLEGE - CHESAPEAKE            ,VA,23320-2637,Proprietary  ,19,182,201,265,1367,1632
00942000,SANFORD-BROWN COLLEGE                   ,VA,22182-3913,Proprietary  ,5,18,23,171,825,996
00953500,STAUNTON SCHOOL OF COSMETOLOGY          ,VA,24401-4323,Proprietary  ,4,4,8,33,69,102
00953700,VIRGINIA SCH OF HAIR DESIGN             ,VA,23669-0000,Proprietary  ,2,16,18,84,286,370
00962900,MOUNTAIN EMPIRE COMMUNITY COLLEGE       ,VA,24219-0700,Public       ,32,121,153,1258,2143,3401
00992800,PIEDMONT VIRGINIA COMMUNITY COLLEGE     ,VA,22902-7589,Public       ,50,175,225,1888,3454,5342
01004300,BON SECOURS MEMORIAL COLLEGE OF NURSING ,VA,23227-4612,Private      ,3,24,27,354,956,1310
01019800,ECPI COLLEGE OF TECHNOLOGY              ,VA,23462-6542,Proprietary  ,270,1269,1539,2905,12722,15627
01033800,EASTERN VIRGINIA MEDICAL SCHOOL         ,VA,23501-1980,Public       ,6,29,35,153,1848,2001
01159600,RALPH'S VIRGINIA SCH OF COSMETOLOGY     ,VA,24501-2652,Proprietary  ,4,10,14,39,134,173
01162601,WESTWOOD COLLEGE - SOUTH BAY - ARLINGTON,VA,22203-4167,Proprietary  ,25,58,83,324,840,1164
01162602,WESTWOOD COLLEGE - SOUTH BAY - ANNANDALE,VA,22003-2602,Proprietary  ,17,52,69,195,711,906
01274400,SOUTHSIDE REGIONAL MED CTR PROF SCHOOLS ,VA,23803-5133,Proprietary  ,1,10,11,104,402,506
02053000,LIBERTY UNIVERSITY                      ,VA,24502-0000,Private      ,404,6230,6634,21575,88571,110146
02083602,TESST COLLEGE OF TECHNOLOGY - KAPLAN COL,VA,23320-4422,Proprietary  ,2,20,22,72,446,518
02108800,WARDS CORNER BEAUTY ACADEMY             ,VA,23505-0000,Proprietary  ,6,75,81,92,508,600
02111600,DANVILLE REGIONAL MEDICAL CENTER SCHOOL ,VA,24541-0000,Proprietary  ,1,5,6,58,150,208
02119203,COURT REPORTING INSTITUTE OF DALLAS - CO,VA,22203-4179,Proprietary  ,0,5,5,4,47,51
02128700,CENTRAL SCHOOL OF PRACTICAL NURSING     ,VA,23502-2230,Public       ,10,16,26,145,455,600
02140000,RIVERSIDE SCHOOL OF HEALTH CAREERS      ,VA,23608-3802,Private      ,2,31,33,246,964,1210
02149901,PAUL MITCHELL THE SCHOOL-JACKSONVILLE - ,VA,22102-0000,Proprietary  ,0,2,2,0,2,2
02175800,LYNCHBURG GENERAL HOSP SCH OF NURSG     ,VA,24501-0000,Private      ,4,9,13,130,309,439
02197600,WOODROW WILSON REHABILITATION CTR       ,VA,22939-0000,Public       ,5,4,9,64,54,118
02242400,HENRICO CTY ST MARYS HOSP PRAC NRSG     ,VA,23075-0000,Public       ,1,2,3,25,97,122
02304500,HERITAGE INSTITUTE                      ,VA,20111-0000,Proprietary  ,0,0,0,3,20,23
02320900,TIDEWATER TECH                          ,VA,23502-1747,Proprietary  ,29,168,197,306,1392,1698
02334400,CENTURA COLLEGE                         ,VA,23452-0000,Proprietary  ,64,476,540,535,4887,5422
02342700,FORTIS COLLEGE                          ,VA,23502-4101,Proprietary  ,11,73,84,154,913,1067
02342701,FORTIS COLLEGE - RICHMOND CAMPUS        ,VA,23236-3472,Proprietary  ,18,93,111,295,1148,1443
02358500,BON SECOURS SAINT MARY'S HOSPITAL SCHOOL,VA,23227-4612,Private      ,1,17,18,135,502,637
02538800,SUFFOLK BEAUTY ACADEMY                  ,VA,23434-0000,Proprietary  ,3,16,19,37,141,178
02541200,STRATFORD UNIVERSITY                    ,VA,22043-0000,Proprietary  ,46,211,257,507,2418,2925
02541201,STRATFORD UNIVERSITY-WOODBRIDGE         ,VA,22192-0000,Proprietary  ,16,112,128,267,1234,1501
02588900,MEDTECH INSTITUTE                       ,VA,22042-3013,Proprietary  ,74,273,347,403,1684,2087
02610100,WASHINGTON COUNTY ADULT SKILL CTR       ,VA,24210-2346,Public       ,3,22,25,52,211,263
03002400,GRAHAM WEBB INTERNATIONAL ACAD HAIR     ,VA,22209-2129,Proprietary  ,6,15,21,61,155,216
03010700,BAR PALMA BEAUTY CAREERS  ACADEMY       ,VA,24014-2255,Proprietary  ,6,21,27,45,165,210
03042800,"VIRGINIA BEACH CITY SCHOOLS, SCH.-PR.NSG",VA,23456-0038,Public       ,1,8,9,79,270,349
03091100,ACT COLLEGE                             ,VA,22209-2297,Proprietary  ,0,0,0,35,87,122
03091300,REGENT UNIVERSITY                       ,VA,23464-9800,Private      ,28,261,289,1868,7677,9545
03092700,SKYLINE COLLEGE                         ,VA,24012-1603,Proprietary  ,10,48,58,143,554,697
03096500,SPRINGFIELD BEAUTY ACADEMY              ,VA,22003-3016,Proprietary  ,1,21,22,18,151,169
03106500,SENTARA NORFOLK GENERAL HOSPITAL        ,VA,23320-2843,Private      ,3,29,32,226,897,1123
03116900,BAPTIST THEOLOGICAL SEM.-RICHMOND       ,VA,23227-0000,Private      ,0,10,10,9,203,212
03126300,AVIATION INSTITUTE OF MAINTENANCE       ,VA,23320-5987,Proprietary  ,7,38,45,158,655,813
03126400,CENTURA COLLEGE                         ,VA,23235-5230,Proprietary  ,21,158,179,273,1493,1766
03127500,ADVANCED TECHNOLOGY INSTITUTE           ,VA,23462-2409,Proprietary  ,37,95,132,615,1143,1758
03280400,VIRGINIA SCHOOL OF MASSAGE              ,VA,22903-0000,Proprietary  ,10,24,34,82,204,286
03409500,RICHMOND SCHOOL OF HEALTH AND TECH      ,VA,23227-0000,Proprietary  ,4,44,48,137,760,897
03455300,CRESCENT COSMETOLOGY UNIVERSITY         ,VA,23666-3115,Proprietary  ,0,6,6,25,99,124
03559300,APPALACHIAN SCHOOL OF LAW               ,VA,24614-0000,Private      ,2,4,6,17,579,596
03645400,RUDY & KELLY ACADEMY OF HAIR AND NA     ,VA,23464-6857,Proprietary  ,16,39,55,187,468,655
03654300,CAREER TRAINING SOLUTIONS               ,VA,22406-1014,Proprietary  ,14,85,99,196,998,1194
03709300,EDWARD VIA VIRGINIA CLG OSTEOPATHIC MED ,VA,24060-6360,Private      ,1,4,5,12,867,879
03872400,INSTITUTE FOR THE PSYCHOLOGICAL SCIENCES,VA,22202-3609,Private      ,0,7,7,20,178,198
03876300,CULPEPER COSMETOLOGY TRAINING CENTER    ,VA,22701-3155,Public       ,1,4,5,33,88,121
03883400,AVIATION INSTITUTE OF MAINTENANCE       ,VA,20110-4156,Proprietary  ,14,82,96,119,545,664
04038400,AVI CAREER INSTITUTE                    ,VA,22066-1839,Proprietary  ,1,22,23,12,142,154
04110300,UNIVERSITY OF MANAGEMENT AND TECHNOLOGY ,VA,22209-1609,Proprietary  ,2,79,81,31,502,533
04124000,DOMINION SCHOOL OF HAIR DESIGN          ,VA,23062-2221,Proprietary  ,2,5,7,16,62,78
04127300,COLUMBIA COLLEGE                        ,VA,22031-4413,Proprietary  ,10,111,121,73,716,789
04133400,CENTURA COLLEGE                         ,VA,22312-2670,Proprietary  ,5,38,43,93,397,490
04133800,SOUTHEAST CULINARY & HOSPITALITY COLLEGE,VA,24201-4159,Proprietary  ,4,9,13,63,150,213
04137300,CAYCE/REILLY SCHOOL OF MASSOTHERAPY     ,VA,23451-2061,Private      ,0,17,17,19,136,155
04140000,GLOBAL HEALTH NURSE TRAINING SERVICES   ,VA,22314-4585,Proprietary  ,3,48,51,55,599,654
04153800,BETHEL COLLEGE                          ,VA,23666-3122,Private      ,1,6,7,58,177,235
04156200,INSTITUTE OF ADVANCED MEDICAL ESTHETICS ,VA,23294-4701,Proprietary  ,0,10,10,27,183,210
04169400,NORTHERN VIRGINIA SCHOOL OF THERAPEUTIC ,VA,22046-4302,Proprietary  ,2,22,24,34,158,192
04171500,COSMOPOLITAN BEAUTY & TECH SCHOOL       ,VA,22003-3204,Proprietary  ,1,45,46,18,241,259
04179900,TOMORROW'S IMAGE BARBER ACADEMY OF VIRGI,VA,23602-5532,Proprietary  ,3,12,15,8,77,85
04180600,APPALACHIAN COLLEGE OF PHARMACY         ,VA,24631-9210,Private      ,0,5,5,33,346,379
04220400,CHRYSM INSTITUTE OF ESTHETICS (THE)     ,VA,23462-3650,Proprietary  ,3,17,20,3,17,20
00107000,THUNDERBIRD SCHOOL OF GLOBAL MANAGEMENT ,AZ,85306-6000,Private      ,1,31,32,34,809,843
00107100,ARIZONA WESTERN COLLEGE                 ,AZ,85366-0000,Public       ,132,215,347,5292,5645,10937
00107200,COCHISE COLLEGE                         ,AZ,85607-6190,Public       ,44,189,233,1727,3324,5051
00107300,EASTERN ARIZONA COLLEGE                 ,AZ,85552-0769,Public       ,41,82,123,1799,1972,3771
00107400,GRAND CANYON UNIVERSITY                 ,AZ,85017-3030,Proprietary  ,379,6980,7359,11725,65215,76940
00107600,GLENDALE COMMUNITY COLLEGE              ,AZ,85302-3090,Public       ,314,843,1157,12565,17877,30442
00107700,MESA COMMUNITY COLLEGE                  ,AZ,85202-4866,Public       ,367,1141,1508,13340,22707,36047
00107800,PHOENIX COLLEGE                         ,AZ,85013-4234,Public       ,220,972,1192,7360,17800,25160
00107900,YAVAPAI COLLEGE                         ,AZ,86301-3297,Public       ,62,237,299,2491,5102,7593
00108100,ARIZONA STATE UNIV (ALL CAMPUSES)       ,AZ,85287-0412,Public       ,821,1681,2502,60670,47645,108315
00108200,NORTHERN ARIZONA UNIVERSITY             ,AZ,86011-0001,Public       ,470,495,965,31378,16502,47880
00108300,UNIVERSITY OF ARIZONA                   ,AZ,85721-0066,Public       ,631,563,1194,35367,17958,53325
00165701,MIDWESTERN UNIVERSITY                   ,AZ,85308-0000,Private      ,8,47,55,217,4252,4469
00446700,TUCSON COLLEGE                          ,AZ,85711-3781,Proprietary  ,30,131,161,351,1060,1411
00711300,ARIZONA CHRISTIAN UNIVERSITY            ,AZ,85032-7097,Private      ,20,35,55,858,643,1501
00726600,PIMA COUNTY COMMUNITY COLLEGE           ,AZ,85709-1110,Public       ,339,934,1273,12578,20977,33555
00728300,CENTRAL ARIZONA COLLEGE                 ,AZ,85228-9779,Public       ,94,331,425,3290,5938,9228
00732911,ITT TECHNICAL INSTITUTE                 ,AZ,85282-9272,Proprietary  ,63,429,492,686,3133,3819
00732990,ITT TECHNICAL INSTITUTE                 ,AZ,85704-5829,Proprietary  ,113,406,519,794,2644,3438
00822100,UNIVERSAL TECHNICAL INSTITUTE           ,AZ,85323-7946,Proprietary  ,491,636,1127,8766,8374,17140
00824600,DINÉ COLLEGE                            ,AZ,86556-0126,Public       ,53,94,147,1063,1847,2910
00830300,GATEWAY COMMUNITY COLLEGE               ,AZ,85034-1795,Public       ,165,608,773,3813,10668,14481
00830302,MARICOPA SKILL CENTER                   ,AZ,85034-0000,Public       ,21,133,154,477,1901,2378
00830400,SCOTTSDALE COMMUNITY COLLEGE            ,AZ,85250-0000,Public       ,117,332,449,5121,6633,11754
00886400,ARIZONA ACADEMY OF BEAUTY               ,AZ,85712-5021,Proprietary  ,3,19,22,112,237,349
00886500,ARTISTIC BEAUTY COLLEGES-TUCSON         ,AZ,85716-3999,Proprietary  ,18,29,47,148,358,506
01084700,ARIZONA AUTOMOTIVE INSTITUTE            ,AZ,85301-3503,Proprietary  ,33,101,134,411,1172,1583
01085800,AVALON SCHOOL OF COSMETOLOGY            ,AZ,85210-4010,Proprietary  ,51,96,147,533,960,1493
01168900,REFRIGERATION SCHOOL                    ,AZ,85034-0000,Proprietary  ,23,159,182,179,1218,1397
01180200,ARIZONA ACADEMY OF BEAUTY-NORTH         ,AZ,85705-2720,Proprietary  ,6,12,18,53,161,214
01180800,ARTISTIC BEAUTY COLLEGES-FLAGSTAFF      ,AZ,86004-5119,Proprietary  ,16,42,58,193,345,538
01186200,NORTHLAND PIONEER COLLEGE               ,AZ,86025-0610,Public       ,19,120,139,833,2276,3109
01186400,MOHAVE COMMUNITY COLLEGE                ,AZ,86409-1238,Public       ,49,251,300,1766,5582,7348
01218400,INTERNATIONAL ACAD OF HAIR DESIGN       ,AZ,85225-7198,Proprietary  ,9,35,44,105,309,414
01234300,ARTISTIC BEAUTY COLLEGES-PHOENIX        ,AZ,85304-0000,Proprietary  ,13,33,46,192,406,598
01293700,ARTISTIC BEAUTY COLLEGES - PARADISE VALL,AZ,85257-0000,Proprietary  ,12,33,45,144,369,513
02065300,PRESCOTT COLLEGE                        ,AZ,86301-0000,Private      ,15,53,68,838,1392,2230
02071200,KAPLAN COLLEGE                          ,AZ,85029-4349,Proprietary  ,11,124,135,433,2358,2791
02098800,UNIVERSITY OF PHOENIX                   ,AZ,85040-0000,Proprietary  ,2217,42875,45092,22811,426291,449102
02100500,UNIVERSAL TECHNICAL INSTITUTE           ,AZ,85027-0000,Proprietary  ,399,747,1146,6722,10040,16762
02100600,CARRINGTON COLLEGE                      ,AZ,85015-4096,Proprietary  ,159,564,723,1852,5686,7538
02113800,ROBERTO-VENN SCH OF LUTHIERY            ,AZ,85040-0000,Proprietary  ,2,7,9,36,92,128
02146600,SOUTH MOUNTAIN COMMUNITY COLLEGE        ,AZ,85040-0000,Public       ,105,393,498,3155,5993,9148
02160305,COLLINS COLLEGE                         ,AZ,85040-4000,Proprietary  ,8,24,32,675,1280,1955
02160306,INTERNATIONAL ACADEMY OF DESIGN AND TECH,AZ,85281-6705,Proprietary  ,0,5,5,64,111,175
02171500,WESTERN INTERNATIONAL UNIVERSITY        ,AZ,85021-0000,Proprietary  ,5,245,250,99,2847,2946
02177500,RIO SALADO COMMUNITY COLLEGE            ,AZ,85281-6948,Public       ,176,1737,1913,3550,26225,29775
02192300,MARICOPA BEAUTY COLLEGE                 ,AZ,85323-0000,Proprietary  ,0,0,0,36,74,110
02199900,AMERICAN INDIAN CLG-ASSEMBLIES GOD      ,AZ,85021-0000,Private      ,0,9,9,66,178,244
02217100,PIMA MEDICAL INSTITUTE                  ,AZ,85716-0000,Proprietary  ,397,1175,1572,3421,9964,13385
02218800,BROOKLINE COLLEGE                       ,AZ,85021-5815,Proprietary  ,35,191,226,477,2328,2805
02218804,BROOKLINE COLLEGE - MESA                ,AZ,85204-4448,Proprietary  ,16,87,103,248,1004,1252
02218805,BROOKLINE COLLEGE - TUCSON              ,AZ,85711-5444,Proprietary  ,30,94,124,330,1121,1451
02220300,ARTISTIC BEAUTY COLLEGES-GLENDALE       ,AZ,85051-0000,Proprietary  ,11,54,65,189,568,757
02221302,MARINELLO SCHOOL OF BEAUTY - SPA ACADEMY,AZ,85201-5205,Proprietary  ,0,0,0,37,116,153
02263100,ANTHEM COLLEGE                          ,AZ,85014-0000,Proprietary  ,119,566,685,1014,5153,6167
02280500,CHARLES OF ITALY BEAUTY COLLEGE         ,AZ,86403-0000,Proprietary  ,10,18,28,54,136,190
02295000,EVEREST COLLEGE                         ,AZ,85021-1610,Proprietary  ,140,930,1070,813,5463,6276
02295002,EVEREST COLLEGE - MESA                  ,AZ,85206-4704,Proprietary  ,24,135,159,247,1398,1645
02317800,AMERICAN INSTITUTE OF TECHNOLOGY        ,AZ,85043-0000,Proprietary  ,19,234,253,250,1875,2125
02491500,THE ART CENTER DESIGN COLLEGE           ,AZ,85716-0000,Proprietary  ,5,31,36,291,593,884
02521500,LAMSON COLLEGE                          ,AZ,85284-1141,Proprietary  ,0,1,1,25,118,143
02533200,FRANK LLOYD WRIGHT SCHOOL OF ARCHITECTUR,AZ,85261-4430,Private      ,1,5,6,34,80,114
02559000,UNIVERSITY OF ADVANCING TECHNOLOGY      ,AZ,85283-0000,Proprietary  ,34,53,87,1295,1047,2342
02561900,BRILLARE HAIRDRESSING ACADEMY           ,AZ,85254-3301,Proprietary  ,15,30,45,106,188,294
02582700,CORTIVA INSTITUTE - TUCSON              ,AZ,85710-3503,Proprietary  ,17,36,53,114,369,483
02616700,LE CORDON BLEU COLLEGE OF CULINARY ARTS ,AZ,85251-2729,Proprietary  ,108,536,644,1008,3073,4081
02623600,PARADISE VALLEY COMMUNITY COLLEGE       ,AZ,85032-1210,Public       ,131,313,444,4269,6625,10894
02623800,CORTIVA INSTITUTE - SCOTTSDALE          ,AZ,85257-4218,Proprietary  ,7,21,28,42,142,184
03005000,SAFFORD COLLEGE OF BEAUTY CULTURE       ,AZ,85546-3309,Proprietary  ,3,8,11,11,73,84
03010613,VIRGINIA COLLEGE - GOLF ACADEMY OF ARIZO,AZ,85225-6742,Proprietary  ,2,7,9,63,196,259
03030604,UTAH COLLEGE OF MASSAGE THERAPY - ARIZON,AZ,85282-0000,Proprietary  ,19,43,62,151,385,536
03030605,UTAH COLLEGE OF MASSAGE THERAPY - ARIZON,AZ,85051-3470,Proprietary  ,26,78,104,184,536,720
03034400,CONSERVATORY RECORDING ARTS & SCIS      ,AZ,85282-1707,Proprietary  ,53,72,125,838,989,1827
03072200,CHANDLER-GILBERT COMMUNITY COLLEGE      ,AZ,85225-2499,Public       ,174,422,596,6440,8582,15022
03076400,BRYMAN SCHOOL OF ARIZONA                ,AZ,85029-4919,Proprietary  ,104,360,464,1024,3331,4355
03097800,CARSTEN INSTITUTE OF HAIR & BEAUTY      ,AZ,85282-5404,Proprietary  ,12,32,44,119,258,377
03100400,COCONINO COUNTY COMMUNITY COLLEGE       ,AZ,86001-2701,Public       ,48,131,179,2093,2978,5071
03107000,SOUTHWEST CLG OF NATUROPATHIC MED       ,AZ,85282-0000,Private      ,0,17,17,28,698,726
03115000,ARIZONA COLLEGE OF ALLIED HEALTH        ,AZ,85302-3843,Proprietary  ,48,188,236,413,1453,1866
03120300,COLLEGE AMERICA                         ,AZ,86004-3936,Proprietary  ,60,234,294,348,1680,2028
03156300,ESTRELLA MOUNTAIN COMMUNITY COLLEGE     ,AZ,85392-1010,Public       ,157,521,678,5337,8801,14138
03347300,INTERNATIONAL BAPTIST COLLEGE           ,AZ,85282-6799,Private      ,3,3,6,49,50,99
03445300,HDS TRUCK DRIVING INSTITUTE             ,AZ,85731-0000,Proprietary  ,0,49,49,28,276,304
03478400,PHOENIX SEMINARY                        ,AZ,85018-7611,Private      ,0,13,13,5,246,251
03572300,EAST VALLEY INSTITUTE OF TECHNOLOGY     ,AZ,85201-6910,Public       ,27,48,75,476,989,1465
03593300,SOUTHWEST INSTITUTE OF HEALING ARTS     ,AZ,85281-3658,Proprietary  ,10,191,201,243,2079,2322
03617500,PHOENIX INSTITUTE OF HERBAL MEDICINE & A,AZ,85012-0000,Proprietary  ,3,22,25,78,509,587
03695500,ARIZONA SCHOOL OF ACUPUNCTURE AND ORIENT,AZ,85712-1100,Proprietary  ,0,8,8,24,162,186
03784400,TOHONO O'ODHAM COMMUNITY COLLEGE        ,AZ,85634-3129,Public       ,4,20,24,85,157,242
03813300,NORTHCENTRAL UNIVERSITY                 ,AZ,86314-2336,Proprietary  ,5,1115,1120,129,7883,8012
03814300,TURNING POINT BEAUTY COLLEGE            ,AZ,85222-4229,Proprietary  ,4,7,11,36,98,134
04051300,ART INSTITUTE OF PHOENIX (THE)          ,AZ,85021-2859,Proprietary  ,731,2909,3640,8691,27673,36364
04051306,ART INSTITUTE OF PHOENIX (THE) - ART INS,AZ,85712-2732,Proprietary  ,41,63,104,631,793,1424
04051325,ART INSTITUTE OF PHOENIX (THE) - BROWN M,AZ,85712-5300,Proprietary  ,25,109,134,318,1170,1488
04051327,ART INSTITUTE OF PHOENIX (THE) - BROWN M,AZ,85029-1348,Proprietary  ,3,22,25,210,442,652
04059300,TUCSON COLLEGE OF BEAUTY                ,AZ,85705-2451,Proprietary  ,6,24,30,85,218,303
04120900,ARIZONA CULINARY INSTITUTE              ,AZ,85259-4939,Proprietary  ,17,36,53,335,513,848
04131400,PHOENIX SCHOOL OF LAW                   ,AZ,85012-3330,Proprietary  ,1,39,40,122,2169,2291
04139200,UNIVERSAL BARBER COLLEGE                ,AZ,85007-3914,Proprietary  ,9,29,38,125,388,513
04148700,AMERICAN INSTITUTE OF INTERIOR DESIGN   ,AZ,85268-3827,Proprietary  ,1,5,6,25,83,108
04152900,STUDIO ACADEMY OF BEAUTY (THE)          ,AZ,85224-3600,Proprietary  ,17,47,64,110,324,434
04157400,NATIONAL PARALEGAL COLLEGE              ,AZ,85014-1262,Proprietary  ,9,178,187,107,1847,1954
04172100,CCIC BEAUTY COLLEGE                     ,AZ,85345-2410,Proprietary  ,2,7,9,28,95,123
04174100,PAUL MITCHELL THE SCHOOL PHOENIX        ,AZ,85017-1919,Proprietary  ,18,30,48,208,500,708
04174200,ALL BEAUTY COLLEGE                      ,AZ,86426-8326,Proprietary  ,6,12,18,41,134,175
04175300,KOHLER ACADEMY                          ,AZ,85254-4065,Proprietary  ,7,21,28,94,202,296
04177500,PURE AESTHETICS                         ,AZ,85711-2328,Proprietary  ,5,14,19,25,134,159
04191200,CLASSIC COOKING ACADEMY                 ,AZ,85255-8699,Private      ,3,9,12,55,79,134
04194500,AVEDA INSTITUTE TUCSON                  ,AZ,85719-4876,Proprietary  ,7,11,18,115,232,347
04217600,SESSIONS COLLEGE FOR PROFESSIONAL DESIGN,AZ,85281-2840,Proprietary  ,2,25,27,2,25,27
00142800,DELAWARE STATE UNIVERSITY               ,DE,19901-2277,Public       ,111,90,201,9654,3129,12783
00142900,GOLDEY BEACOM COLLEGE                   ,DE,19808-1993,Private      ,10,28,38,712,707,1419
00143100,UNIVERSITY OF DELAWARE                  ,DE,19716-0099,Public       ,204,141,345,27593,3743,31336
00143300,WESLEY COLLEGE                          ,DE,19901-3875,Private      ,34,38,72,2790,917,3707
00143301,WESLEY COLLEGE-CTR FOR ADULT STUDIE     ,DE,19720-0000,Private      ,2,15,17,49,360,409
00331301,WIDENER UNIV SCHOOL OF LAW - DE         ,DE,19803-0000,Private      ,1,19,20,95,1622,1717
00705300,DELAWARE TECH & CMTY COLLEGE-OWENS      ,DE,19947-0000,Public       ,51,183,234,2607,3875,6482
00794800,WILMINGTON UNIVERSITY                   ,DE,19720-6491,Private      ,58,572,630,2985,10516,13501
01172700,DELAWARE TECH & CMTY CLG-TERRY          ,DE,19901-8736,Public       ,50,172,222,2226,3396,5622
02125200,BEEBE SCHOOL OF NURSING                 ,DE,19958-1462,Private      ,0,4,4,76,154,230
02144900,DELAWARE TECH & CMTY CLG-STANTN/WLM     ,DE,19801-0000,Public       ,85,292,377,4332,5774,10106
02190400,SCHILLING DOUGLAS SCH OF HAIR DSGN      ,DE,19711-0000,Proprietary  ,8,23,31,80,175,255
02586902,STAR TECHNICAL INSTITUTE -              ,DE,19901-4615,Proprietary  ,2,10,12,47,156,203
03025800,DAWN TRAINING CENTRE                    ,DE,19805-1511,Proprietary  ,23,169,192,175,1198,1373
03543300,HARRIS SCHOOL OF BUSINESS               ,DE,19803-5341,Proprietary  ,23,95,118,170,657,827
03702300,DELAWARE LEARNING INSTITUTE OF COSMETOLO,DE,19939-9759,Proprietary  ,1,15,16,61,155,216
04130700,ACADEMY OF MASSAGE AND BODYWORK         ,DE,19701-1321,Proprietary  ,2,11,13,36,93,129
04139800,DELAWARE COLLEGE OF ART & DESIGN        ,DE,19801-3007,Private      ,11,6,17,527,197,724
04171100,DELAWARE ACADEMY PAUL MITCHELL PARTNER S,DE,19702-5108,Proprietary  ,10,23,33,117,179,296
        ,FEDERAL STUDENT AID USE ONLY            ,DC,20202-0000,,0,1,1,1,2,3
        ,OFFICIAL USE ONLY                       ,DC,20202-0000,,0,0,0,0,1,1
00143400,AMERICAN UNIVERSITY                     ,DC,20016-8020,Private      ,112,152,264,14561,10851,25412
00143700,CATHOLIC UNIVERSITY OF AMERICA          ,DC,20064-0002,Private      ,59,82,141,6075,2851,8926
00143711,"CATHOLIC UNIV AMERICA, LAW SCHOOL       ",DC,20064-0000,Private      ,3,8,11,81,1628,1709
00144100,UNIV OF THE DISTRICT OF COLUMBIA        ,DC,20008-0000,Public       ,80,325,405,3199,7910,11109
00144102,UNIV OF THE DIST OF COLU -SCHOOL OF LAW ,DC,20008-1173,Public       ,1,13,14,61,1079,1140
00144300,GALLAUDET UNIVERSITY                    ,DC,20002-3695,Private      ,13,35,48,1070,1269,2339
00144400,GEORGE WASHINGTON UNIVERSITY            ,DC,20052-2353,Private      ,139,419,558,14957,13396,28353
00144402,GEORGE WASHINGTON UNIV LAW SCHL         ,DC,20052-0000,Private      ,4,30,34,74,3902,3976
00144403,GEORGE WASHINGTON UNIV SCH MED          ,DC,20052-0000,Private      ,4,35,39,123,1811,1934
00144500,GEORGETOWN UNIVERSITY                   ,DC,20057-1252,Private      ,113,250,363,14021,5729,19750
00144501,"GEORGETOWN UNIV, SCH OF MEDICINE        ",DC,20007-0000,Private      ,6,17,23,137,1647,1784
00144502,GEORGETOWN UNIVERSITY - GRADUATE SCHOOL ,DC,20057-0004,Private      ,1,141,142,79,5418,5497
00144503,GEORGETOWN UNIV LAW CENTER              ,DC,20001-0000,Private      ,1,24,25,82,5293,5375
00144800,HOWARD UNIVERSITY                       ,DC,20059-0001,Private      ,249,245,494,17547,10908,28455
00145900,STRAYER UNIVERSITY                      ,DC,20005-2603,Proprietary  ,255,4735,4990,2293,58857,61150
00146000,TRINITY UNIVERSITY                      ,DC,20017-1004,Private      ,22,120,142,1635,3435,5070
00146400,WESLEY THEOLOGICAL SEMINARY             ,DC,20016-0000,Private      ,0,19,19,4,376,380
00207701,JOHNS HOPKINS UNIV SCH ADV INTL STU     ,DC,20036-0000,Private      ,2,30,32,73,1670,1743
01006500,WASHINGTON THEOLOGICAL UNION            ,DC,20012-0000,Private      ,0,3,3,3,57,60
01195000,THE CORCORAN COLLEGE OF ART & DESIG     ,DC,20006-4804,Private      ,6,13,19,514,556,1070
01280300,DOMINICAN HOUSE OF STUDIES              ,DC,20017-1584,Private      ,0,0,0,3,28,31
02132800,NAT'L CONSERVATORY DRAMATIC ARTS        ,DC,20007-2758,Private      ,0,7,7,20,77,97
03104300,CAREER BLAZERS LEARNING CENTER OF WASHIN,DC,20037-1881,Proprietary  ,19,168,187,101,985,1086
03218300,POTOMAC COLLEGE                         ,DC,20016-1860,Proprietary  ,2,47,49,82,686,768
03409600,BENNETT CAREER INSTITUTE                ,DC,20017-1754,Proprietary  ,11,56,67,159,490,649
03750300,TECHNICAL LEARNING CENTERS              ,DC,20006-3749,Proprietary  ,23,136,159,112,824,936
04114400,INSTITUTE OF WORLD POLITICS (THE)       ,DC,20036-1464,Private      ,0,5,5,12,266,278
04142700,PONTIFICAL JOHN PAUL II INSTITUTE FOR ST,DC,20064-0001,Private      ,0,0,0,2,41,43
04190000,RADIANS COLLEGE                         ,DC,20005-3542,Proprietary  ,5,61,66,8,94,102
00154100,ABRAHAM BALDWIN AGRICULTURAL CLG        ,GA,31794-0000,Public       ,57,67,124,3442,2487,5929
00154200,AGNES SCOTT COLLEGE                     ,GA,30030-3770,Private      ,19,20,39,1575,631,2206
00154300,DARTON COLLEGE                          ,GA,31707-3098,Public       ,100,341,441,4610,8044,12654
00154400,ALBANY STATE UNIVERSITY                 ,GA,31705-2796,Public       ,121,190,311,8546,6372,14918
00154500,ANDREW COLLEGE                          ,GA,39840-1395,Private      ,8,4,12,487,128,615
00154600,ARMSTRONG ATLANTIC STATE UNIVERSITY     ,GA,31419-1997,Public       ,145,253,398,7569,7186,14755
00154700,POINT UNIVERSITY                        ,GA,30344-1999,Private      ,19,82,101,1015,1651,2666
00155200,AUGUSTA STATE UNIVERSITY                ,GA,30904-2200,Public       ,119,190,309,6229,6304,12533
00155400,BERRY COLLEGE                           ,GA,30149-5007,Private      ,42,14,56,3962,442,4404
00155500,THOMAS UNIVERSITY                       ,GA,31792-7499,Private      ,15,65,80,561,1629,2190
00155600,BRENAU UNIVERSITY                       ,GA,30501-3668,Private      ,50,187,237,1804,4460,6264
00155700,BREWTON PARKER COLLEGE                  ,GA,30445-0000,Private      ,10,13,23,649,308,957
00155800,COASTAL GEORGIA COMMUNITY COLLEGE       ,GA,31520-3644,Public       ,46,121,167,2507,3465,5972
00155900,CLARK ATLANTA UNIVERSITY                ,GA,30314-4385,Private      ,198,204,402,14267,7545,21812
00156000,COLUMBIA THEOLOGICAL SEMINARY           ,GA,30031-0000,Private      ,1,11,12,13,292,305
00156100,COLUMBUS STATE UNIVERSITY               ,GA,31907-5645,Public       ,129,294,423,8034,7664,15698
00156200,GEORGIA PERIMETER COLLEGE               ,GA,30021-0000,Public       ,406,1097,1503,19098,28862,47960
00156300,EMMANUEL COLLEGE                        ,GA,30639-0000,Private      ,9,2,11,926,267,1193
00156400,EMORY UNIVERSITY                        ,GA,30322-1960,Private      ,158,307,465,14274,12295,26569
00156600,FORT VALLEY STATE UNIVERSITY            ,GA,31030-3298,Public       ,73,84,157,6120,3413,9533
00156700,GAINESVILLE STATE COLLEGE               ,GA,30503-0000,Public       ,122,174,296,7635,5222,12857
00156800,INTERDENOMINATIONAL THEOLOGY CENTER     ,GA,30314-0000,Private      ,0,26,26,12,774,786
00156900,GEORGIA INSTITUTE OF TECHNOLOGY         ,GA,30332-0325,Public       ,421,231,652,20009,7507,27516
00157000,SOUTHERN POLYTECHNIC STATE UNIV         ,GA,30060-2896,Public       ,88,161,249,5074,5364,10438
00157100,GEORGIA MILITARY COLLEGE                ,GA,31061-3398,Public       ,285,564,849,5846,7826,13672
00157200,GEORGIA SOUTHERN UNIVERSITY             ,GA,30460-8065,Public       ,604,344,948,26120,9578,35698
00157300,GEORGIA SOUTHWESTERN STATE UNIV         ,GA,31709-4693,Public       ,66,79,145,3259,2876,6135
00157400,GEORGIA STATE UNIVERSITY                ,GA,30303-3010,Public       ,737,969,1706,34801,34967,69768
00157500,GORDON COLLEGE                          ,GA,30204-1762,Public       ,71,112,183,5159,3848,9007
00157700,KENNESAW STATE UNIVERSITY               ,GA,30144-5591,Public       ,358,560,918,23739,18868,42607
00157800,LAGRANGE COLLEGE                        ,GA,30240-2999,Private      ,27,25,52,1504,729,2233
00157900,MEDICAL COLLEGE OF GEORGIA              ,GA,30912-0004,Public       ,24,95,119,856,3689,4545
00158000,MERCER UNIVERSITY                       ,GA,31207-0003,Private      ,106,277,383,5562,10368,15930
00158100,MIDDLE GEORGIA COLLEGE                  ,GA,31014-1599,Public       ,53,90,143,3442,2648,6090
00158200,MOREHOUSE COLLEGE                       ,GA,30314-3773,Private      ,91,66,157,5450,1890,7340
00158500,NORTH GEORGIA COLLEGE & STATE UNIV      ,GA,30597-0001,Public       ,214,130,344,7473,3292,10765
00158600,OGLETHORPE UNIVERSITY                   ,GA,30319-2737,Private      ,35,41,76,2295,998,3293
00158700,PAINE COLLEGE                           ,GA,30901-3182,Private      ,30,30,60,1571,1031,2602
00158800,PIEDMONT COLLEGE                        ,GA,30535-5644,Private      ,16,108,124,1286,2365,3651
00158900,REINHARDT UNIVERSITY                    ,GA,30183-2981,Private      ,31,29,60,1632,695,2327
00159000,SAVANNAH STATE UNIVERSITY               ,GA,31404-5298,Public       ,160,157,317,8833,4683,13516
00159100,SHORTER UNIVERSITY                      ,GA,30165-4298,Private      ,44,150,194,2262,3548,5810
00159200,SOUTH GEORGIA COLLEGE                   ,GA,31533-8104,Public       ,34,61,95,2276,1704,3980
00159400,SPELMAN COLLEGE                         ,GA,30314-4399,Private      ,142,72,214,7450,2262,9712
00159600,TOCCOA FALLS COLLEGE                    ,GA,30598-0001,Private      ,7,17,24,984,345,1329
00159700,TRUETT MCCONNELL COLLEGE                ,GA,30528-1264,Private      ,9,11,20,775,244,1019
00159800,UNIVERSITY OF GEORGIA                   ,GA,30602-6114,Public       ,485,308,793,32029,13984,46013
00159900,VALDOSTA STATE UNIVERSITY               ,GA,31698-0001,Public       ,283,258,541,15428,8049,23477
00160000,WESLEYAN COLLEGE                        ,GA,31210-4407,Private      ,10,22,32,628,934,1562
00160100,UNIV OF WEST GEORGIA                    ,GA,30118-0002,Public       ,268,245,513,13735,8008,21743
00160200,GEORGIA COLLEGE & STATE UNIVERSITY      ,GA,31061-0490,Public       ,226,118,344,8006,3045,11051
00160400,YOUNG HARRIS COLLEGE                    ,GA,30582-4137,Private      ,25,6,31,1452,185,1637
00348400,COVENANT COLLEGE                        ,GA,30750-4164,Private      ,7,8,15,1430,180,1610
00395600,DALTON STATE COLLEGE                    ,GA,30720-3797,Public       ,52,140,192,4454,4309,8763
00402400,GEORGIA NORTHWESTERN TECHNICAL COLLEGE  ,GA,30161-6757,Public       ,86,409,495,3216,8928,12144
00411700,GRADY HEALTH SYSTEM                     ,GA,30303-3050,Public       ,2,45,47,212,1196,1408
00489808,MCCANN SCHOOL OF BUSINESS & TECHNOLOGY -,GA,31210-0246,Proprietary  ,1,11,12,39,197,236
00525400,LANIER TECHNICAL COLLEGE                ,GA,30566-3499,Public       ,103,342,445,1734,4939,6673
00525500,MOULTRIE TECHNICAL COLLEGE              ,GA,31768-0000,Public       ,48,179,227,724,2618,3342
00525600,WIREGRASS GEORGIA TECHNICAL COLLEGE     ,GA,31602-0929,Public       ,97,394,491,2204,6595,8799
00551100,OKEFENOKEE TECHNICAL COLLEGE            ,GA,31501-4016,Public       ,33,117,150,650,2021,2671
00559900,AUGUSTA TECHNICAL COLLEGE               ,GA,30906-3399,Public       ,125,412,537,2874,8115,10989
00560000,ATHENS TECHNICAL COLLEGE                ,GA,30601-1579,Public       ,101,340,441,3107,6533,9640
00560100,ALBANY TECHNICAL COLLEGE                ,GA,31701-2648,Public       ,73,341,414,1911,7332,9243
00561300,FLINT RIVER TECHNICAL COLLEGE - THOMASTO,GA,30286-0014,Public       ,0,0,0,234,818,1052
00561500,SOUTHWEST GEORGIA TECHNICAL COLLEGE     ,GA,31792-2622,Public       ,33,120,153,960,2710,3670
00561700,SOUTH GEORGIA TECHNICAL COLLEGE         ,GA,31709-8167,Public       ,63,142,205,1034,2206,3240
00561800,SAVANNAH TECHNICAL COLLEGE              ,GA,31405-5594,Public       ,165,659,824,3034,9964,12998
00561900,NORTH GEORGIA TECHNICAL COLLEGE         ,GA,30523-0000,Public       ,51,186,237,1662,3088,4750
00562000,CHATTAHOOCHEE TECHNICAL COLLEGE         ,GA,30060-3398,Public       ,228,762,990,7400,15812,23212
00562100,SOUTHERN CRESCENT TECHNICAL COLLEGE     ,GA,30223-2097,Public       ,64,372,436,2569,7518,10087
00562200,DEKALB TECHNICAL COLLEGE                ,GA,30021-0000,Public       ,60,533,593,2166,9207,11373
00562400,COLUMBUS TECHNICAL COLLEGE              ,GA,31904-6572,Public       ,92,401,493,2579,7111,9690
00576300,CENTRAL GEORGIA TECHNICAL COLLEGE       ,GA,31206-3628,Public       ,88,470,558,2259,7963,10222
00772800,MACON STATE COLLEGE                     ,GA,31206-5145,Public       ,90,247,337,4896,7337,12233
00854300,ATLANTA TECHNICAL COLLEGE               ,GA,30310-4499,Public       ,117,852,969,3675,14416,18091
00897600,CLAYTON STATE UNIVERSITY                ,GA,30260-0285,Public       ,89,378,467,7027,12622,19649
00927000,ART INSTITUTE OF ATLANTA (THE)          ,GA,30328-1649,Proprietary  ,390,695,1085,10106,9242,19348
00950700,GEORGIA HIGHLANDS COLLEGE               ,GA,30162-0000,Public       ,85,188,273,5132,5172,10304
01031903,MEDIX SCHOOL                            ,GA,30080-7630,Proprietary  ,28,111,139,259,1012,1271
01035601,EVEREST INSTITUTE - DEKALB              ,GA,30035-3420,Proprietary  ,4,34,38,153,788,941
01048700,WEST GEORGIA TECHNICAL COLLEGE          ,GA,30182-6476,Public       ,175,568,743,4025,9153,13178
01077100,GUPTON JONES COLLEGE                    ,GA,30035-4022,Private      ,10,32,42,213,571,784
01099700,EAST GEORGIA COLLEGE                    ,GA,30401-2699,Public       ,82,60,142,3851,1936,5787
01107400,BAINBRIDGE COLLEGE                      ,GA,39819-8400,Public       ,53,140,193,1382,4621,6003
01110901,EVEREST COLLEGE - EVEREST INSTITUTE     ,GA,30067-8340,Proprietary  ,19,117,136,223,1208,1431
01110902,EVEREST COLLEGE - ATLANTA               ,GA,30331-2620,Proprietary  ,33,242,275,489,1987,2476
01112301,EVEREST COLLEGE - EVEREST INSTITUTE- NOR,GA,30093-2813,Proprietary  ,25,190,215,261,1376,1637
01157400,BAUDER COLLEGE                          ,GA,30313-2439,Proprietary  ,22,144,166,604,2514,3118
01205100,PRO WAY HAIR SCHOOL                     ,GA,30083-2884,Proprietary  ,10,53,63,103,430,533
01216500,ATLANTA METROPOLITAN COLLEGE            ,GA,30310-4498,Public       ,119,450,569,4224,8931,13155
01303900,SOUTH UNIVERSITY                        ,GA,31406-4881,Proprietary  ,402,3473,3875,4208,32398,36606
02055000,WAYCROSS COLLEGE                        ,GA,31503-0000,Public       ,25,42,67,757,1014,1771
02060900,BROWN CLG OF COURT REPORTING & M.T.     ,GA,30318-2570,Proprietary  ,0,37,37,46,624,670
02074800,LIFE UNIVERSITY                         ,GA,30060-0000,Private      ,21,84,105,639,3323,3962
02113613,AMERICAN INTERCONTINENTAL UNIVERSITY    ,GA,30328-1649,Proprietary  ,60,326,386,1393,4816,6209
02116000,SANFORD-BROWN COLLEGE                   ,GA,30328-4803,Proprietary  ,21,132,153,408,1874,2282
02141500,SAVANNAH COLLEGE OF ART & DESIGN        ,GA,31402-3146,Private      ,170,191,361,12240,5997,18237
02202800,AUGUSTA AREA DIET INTERN UNIV HOSP      ,GA,30901-0000,Private      ,1,3,4,18,106,124
02217200,PORTFOLIO CENTER                        ,GA,30309-0000,Proprietary  ,3,33,36,100,392,492
02266200,AMERICAN PROFESSIONAL INSTITUTE         ,GA,31201-3185,Proprietary  ,25,130,155,239,1283,1522
02284300,INTERACTIVE COLLEGE OF TECHNOLOGY       ,GA,30341-0000,Proprietary  ,63,325,388,309,2036,2345
02284308,INTERACTIVE LEARNING SYSTEMS            ,GA,30260-0000,Proprietary  ,3,41,44,62,355,417
02284309,INTERACTIVE COLLEGE OF TECHNOLOGY       ,GA,30501-0000,Proprietary  ,5,66,71,88,468,556
02285500,"CREATIVE CIRCUS, THE                    ",GA,30324-0000,Proprietary  ,6,14,20,112,363,475
02288400,GWINNETT TECHNICAL COLLEGE              ,GA,30043-5702,Public       ,140,540,680,4577,12044,16621
02313902,WESTWOOD COLLEGE - O'HARE AIRPORT - ATLA,GA,30345-2807,Proprietary  ,22,99,121,287,1078,1365
02321400,ROFFLER-MOLER HAIRSTYLING COLLEGE       ,GA,30062-0000,Proprietary  ,7,22,29,90,190,280
02354500,SOUTHEASTERN BEAUTY SCHOOLS             ,GA,31906-0000,Proprietary  ,2,22,24,45,214,259
02482100,MOREHOUSE SCHOOL OF MEDICINE            ,GA,30310-0000,Private      ,3,9,12,266,998,1264
02502700,ADVANCED CAREER TRAINING                ,GA,30329-0000,Proprietary  ,15,81,96,407,1507,1914
02502701,ADVANCED CAREER TRAINING-RIVERDALE      ,GA,30274-0000,Proprietary  ,12,51,63,76,430,506
02508600,MIDDLE GEORGIA TECHNICAL COLLEGE        ,GA,31088-2730,Public       ,75,348,423,1695,5065,6760
02520000,INTERNATIONAL SCH SKIN & NAILCARE       ,GA,30342-1119,Proprietary  ,10,76,86,98,555,653
02577000,ESANI INSTITUTE                         ,GA,30297-0000,Proprietary  ,17,27,44,114,254,368
02577700,BEAUTY COLLEGE OF AMERICA               ,GA,30297-0000,Proprietary  ,2,14,16,71,207,278
02580100,IVERSON INSTITUTE                       ,GA,30341-3662,Proprietary  ,7,37,44,30,265,295
02580200,ATLANTA SCHOOL OF MASSAGE               ,GA,30338-0000,Proprietary  ,16,70,86,216,834,1050
02583000,GWINNETT COLLEGE OF BUSINESS            ,GA,30047-3447,Proprietary  ,10,96,106,149,863,1012
02607600,CAPELLI LEARNING CTR FOR COSM           ,GA,30324-0000,Proprietary  ,8,48,56,135,384,519
02614206,MILLER - MOTTE TECHNICAL COLLEGE - COLUM,GA,31907-3222,Proprietary  ,17,147,164,283,1632,1915
02614207,MILLER - MOTTE TECHNICAL COLLEGE - AUGUS,GA,30907-0921,Proprietary  ,15,110,125,270,1332,1602
03005400,GEORGIA CAREER INSTITUTE                ,GA,30013-2076,Proprietary  ,24,110,134,306,983,1289
03010619,VIRGINIA COLLEGE - AUGUSTA              ,GA,30909-5515,Proprietary  ,12,83,95,309,1453,1762
03010623,VIRGINIA COLLEGE - MACON                ,GA,31206-3180,Proprietary  ,10,55,65,181,1004,1185
03022601,WESTERN CULINARY INSTITUTE - LE CORDON B,GA,30084-5893,Proprietary  ,22,107,129,467,1238,1705
03030000,OGEECHEE TECHNICAL COLLEGE              ,GA,30458-8049,Public       ,48,206,254,1739,3604,5343
03032100,ALTAMAHA TECHNICAL COLLEGE              ,GA,31545-4465,Public       ,73,150,223,871,2372,3243
03042700,LAURUSTECHNICAL INSTITUTE               ,GA,30030-1506,Proprietary  ,15,128,143,113,709,822
03066500,SOUTHEASTERN TECHNICAL COLLEGE          ,GA,30474-8817,Public       ,30,166,196,657,2294,2951
03072304,EVEREST COLLEGE - EVEREST INSTITUTE     ,GA,30236-0000,Proprietary  ,19,132,151,185,1156,1341
03076300,BEULAH HEIGHTS BIBLE COLLEGE            ,GA,30316-1873,Private      ,1,30,31,45,1016,1061
03079202,WESTWOOD COLLEGE - ATLANTA MIDTOWN      ,GA,30309-2848,Proprietary  ,33,157,190,733,2336,3069
03081500,SOUTHEASTERN BEAUTY SCHOOL              ,GA,31917-0000,Proprietary  ,3,12,15,74,273,347
03089100,GEORGIA INSTITUTE OF COSMETOLOGY        ,GA,30606-3152,Proprietary  ,13,67,80,220,651,871
03090600,COBB BEAUTY COLLEGE                     ,GA,30144-2828,Proprietary  ,5,16,21,80,243,323
03100900,LUTHER RICE UNIVERSITY                  ,GA,30038-2454,Private      ,1,45,46,74,1384,1458
03102000,RIVERTOWN SCHOOL OF BEAUTY              ,GA,31904-4747,Proprietary  ,11,43,54,119,426,545
03104500,ATLANTA INSTITUTE OF MUSIC              ,GA,30096-4988,Proprietary  ,31,43,74,496,659,1155
03116100,VOGUE BEAUTY AND BARBER SCHOOL          ,GA,30141-2226,Proprietary  ,12,39,51,100,324,424
03155500,OCONEE FALL LINE TECHNICAL COLLEGE      ,GA,31082-6179,Public       ,18,150,168,440,1665,2105
03155504,OCONEE FALL LINE TECHNICAL COLLEGE - SOU,GA,31021-0560,Public       ,7,42,49,341,1053,1394
03173300,ATLANTA'S JOHN MARSHALL LAW SCHOOL      ,GA,30309-0000,Proprietary  ,2,29,31,88,1791,1879
03232304,LINCOLN COLLEGE OF TECHNOLOGY           ,GA,30067-8638,Proprietary  ,10,69,79,113,632,745
03418300,GWINNETT COLLEGE-SANDY SPRINGS          ,GA,30328-3161,Proprietary  ,7,26,33,114,458,572
03445500,FAYETTE BEAUTY ACADEMY                  ,GA,30214-1191,Proprietary  ,1,20,21,42,130,172
03523300,AVIATION INSTITUTE OF MAINTENANCE       ,GA,30045-0000,Proprietary  ,22,109,131,322,1083,1405
03635300,CARVER BIBLE COLLEGE                    ,GA,30331-1300,Private      ,2,34,36,46,330,376
03748300,KEVOSNIK SCHOOL OF HAIR DESIGN          ,GA,31021-0000,Proprietary  ,0,6,6,10,70,80
03753400,MICHAEL'S SCHOOL OF BEAUTY              ,GA,30909-0000,Proprietary  ,3,23,26,51,220,271
03804400,MEDTECH INSTITUTE                       ,GA,30339-6040,Proprietary  ,17,128,145,164,937,1101
03812300,OMNITECH INSTITUTE                      ,GA,30035-1206,Proprietary  ,7,46,53,92,460,552
04021300,AUGUSTA SCHOOL OF MASSAGE               ,GA,30809-0000,Proprietary  ,2,9,11,31,124,155
04051331,ART INSTITUTE OF PHOENIX (THE) - BROWN M,GA,30319-3054,Proprietary  ,6,50,56,234,771,1005
04091300,SAVANNAH SCHOOL OF MASSAGE THERAPY      ,GA,31406-2711,Private      ,0,5,5,89,385,474
04126800,ACADEMY OF SOMATIC HEALING ARTS (ASHA)  ,GA,30071-1024,Proprietary  ,1,11,12,44,267,311
04142900,GEORGIA GWINNETT COLLEGE                ,GA,30043-7409,Public       ,194,211,405,10875,7358,18233
04147000,PAUL MITCHELL THE SCHOOL ATLANTA        ,GA,30318-5241,Proprietary  ,22,63,85,394,781,1175
04147700,LAKE LANIER SCHOOL OF MASSAGE           ,GA,30501-4546,Proprietary  ,4,31,35,71,282,353
04149900,PROFILE INSTITUTE OF BARBER-STYLING     ,GA,30315-8459,Proprietary  ,2,20,22,83,357,440
04150900,PROCESS INSTITUTE OF COSMETOLOGY (THE)  ,GA,30043-7344,Proprietary  ,11,22,33,114,228,342
04152300,GEORGIA BEAUTY ACADEMY                  ,GA,30721-3952,Proprietary  ,3,15,18,97,247,344
04156500,GEORGIA CHRISTIAN UNIVERSITY            ,GA,30047-3778,Private      ,3,5,8,61,141,202
04160200,ATLANTA BEAUTY ACADEMY                  ,GA,30340-1334,Proprietary  ,4,111,115,93,593,686
04203800,WOODRUFF MEDICAL TRAINING AND TESTING   ,GA,30033-6103,Proprietary  ,1,10,11,1,10,11
04204500,ELAINE STERLING INSTITUTE(THE)          ,GA,30342-2633,Proprietary  ,2,32,34,17,202,219
04206400,HELMS COLLEGE                           ,GA,31206-5309,Private      ,5,44,49,14,85,99
04206600,SAE INSTITUTE OF TECHNOLOGY - ATLANTA   ,GA,30303-1736,Proprietary  ,11,54,65,146,372,518
04208000,TECHNOLOGY CENTER                       ,GA,30071-3519,Proprietary  ,1,15,16,1,15,16
04218000,UNITED MEDICAL AND BUSINESS INSTITUTE   ,GA,30344-6977,Proprietary  ,0,2,2,0,2,2
00162800,AMERICAN ACADEMY OF ART                 ,IL,60604-4302,Proprietary  ,20,26,46,1149,515,1664
00163300,AUGUSTANA COLLEGE                       ,IL,61201-2296,Private      ,30,12,42,4693,274,4967
00163400,AURORA UNIVERSITY                       ,IL,60506-4892,Private      ,52,151,203,4041,3624,7665
00163600,SOUTHWESTERN ILLINOIS COLLEGE           ,IL,62221-5899,Public       ,173,501,674,4909,8070,12979
00163800,BLACK HAWK COLLEGE                      ,IL,61265-5899,Public       ,52,179,231,2864,3711,6575
00163900,BLACKBURN COLLEGE                       ,IL,62626-1498,Private      ,8,7,15,814,168,982
00164000,PRAIRIE STATE COLLEGE                   ,IL,60411-8226,Public       ,119,333,452,3785,6783,10568
00164100,BRADLEY UNIVERSITY                      ,IL,61625-0002,Private      ,84,42,126,8368,1504,9872
00164300,SPOON RIVER COLLEGE                     ,IL,61520-8907,Public       ,27,42,69,931,1164,2095
00164700,CITY COLLEGES OF CHICAGO                ,IL,60606-6998,Public       ,90,328,418,2455,4765,7220
00164800,TRUMAN COLLEGE                          ,IL,60640-5691,Public       ,125,451,576,4572,8395,12967
00164900,RICHARD J DALEY COLLEGE                 ,IL,60652-1299,Public       ,172,421,593,4497,7484,11981
00165000,CITY COLLEGES OF CHICAGO-MALCOLM X      ,IL,60612-3197,Public       ,187,671,858,5136,11524,16660
00165200,HAROLD WASHINGTON COLLEGE               ,IL,60601-2403,Public       ,265,588,853,10265,12682,22947
00165400,KENNEDY KING COLLEGE                    ,IL,60621-3798,Public       ,169,736,905,4308,11600,15908
00165500,WRIGHT COLLEGE                          ,IL,60634-1591,Public       ,214,428,642,7393,9128,16521
00165700,MIDWESTERN UNIVERSITY                   ,IL,60515-1200,Private      ,0,22,22,142,3498,3640
00165900,ROSALIND FRANKLIN UNIVERSITY OF MEDICINE,IL,60064-3095,Private      ,6,38,44,71,2852,2923
00166100,CHICAGO THEOLOGICAL SEMINARY            ,IL,60637-0000,Private      ,1,9,10,18,275,293
00166300,SPERTUS COLLEGE                         ,IL,60605-1995,Private      ,1,19,20,5,133,138
00166400,UNIVERSITY OF ST FRANCIS                ,IL,60435-6188,Private      ,28,101,129,2375,2804,5179
00166500,COLUMBIA COLLEGE                        ,IL,60605-1996,Private      ,239,242,481,16303,7120,23423
00166600,CONCORDIA UNIVERSITY                    ,IL,60305-1499,Private      ,31,251,282,2918,4761,7679
00166900,DANVILLE AREA COMMUNITY COLLEGE         ,IL,61832-5199,Public       ,45,136,181,1208,2078,3286
00167100,DEPAUL UNIVERSITY                       ,IL,60604-2287,Private      ,316,733,1049,25089,19721,44810
00167400,EASTERN ILLINOIS UNIVERSITY             ,IL,61920-3099,Public       ,174,106,280,12534,4469,17003
00167500,ELGIN COMMUNITY COLLEGE                 ,IL,60123-7193,Public       ,114,237,351,4839,5606,10445
00167600,ELMHURST COLLEGE                        ,IL,60126-3296,Private      ,44,62,106,4723,1526,6249
00167800,EUREKA COLLEGE                          ,IL,61530-9976,Private      ,5,9,14,1219,296,1515
00168100,HIGHLAND COMMUNITY COLLEGE              ,IL,61032-9341,Public       ,26,87,113,1048,1474,2522
00168200,GARRETT-EVANGELICAL THEOLOGICAL SEM     ,IL,60201-0000,Private      ,0,6,6,3,325,328
00168400,GREENVILLE COLLEGE                      ,IL,62246-1199,Private      ,14,70,84,1865,853,2718
00168500,HEBREW THEOLOGICAL COLLEGE              ,IL,60077-3263,Private      ,11,3,14,564,37,601
00168800,ILLINOIS COLLEGE                        ,IL,62650-2299,Private      ,20,11,31,1927,256,2183
00168900,ILLINOIS COLLEGE OF OPTOMETRY           ,IL,60616-3878,Private      ,1,4,5,40,788,828
00169100,ILLINOIS INSTITUTE OF TECHNOLOGY        ,IL,60616-0000,Private      ,78,108,186,3750,3207,6957
00169103,CHICAGO KENT COLLEGE OF LAW             ,IL,60661-0000,Private      ,6,42,48,96,2335,2431
00169200,ILLINOIS STATE UNIVERSITY               ,IL,61790-1000,Public       ,241,153,394,24540,5830,30370
00169300,NORTHEASTERN ILLINOIS UNIV              ,IL,60625-4699,Public       ,141,297,438,9031,10180,19211
00169400,CHICAGO STATE UNIVERSITY                ,IL,60628-1598,Public       ,158,477,635,7754,15068,22822
00169600,ILLINOIS WESLEYAN UNIVERSITY            ,IL,61701-0000,Private      ,22,9,31,3656,314,3970
00169800,JOHN MARSHALL LAW SCHOOL                ,IL,60604-0000,Private      ,5,38,43,99,2919,3018
00169900,JOLIET JUNIOR COLLEGE                   ,IL,60431-8938,Public       ,182,417,599,8642,9129,17771
00170000,JUDSON UNIVERSITY                       ,IL,60123-1498,Private      ,19,72,91,1154,969,2123
00170100,KASKASKIA COLLEGE                       ,IL,62801-7878,Public       ,74,201,275,1900,3013,4913
00170300,KENDALL COLLEGE                         ,IL,60622-4278,Proprietary  ,32,146,178,1472,2745,4217
00170400,KNOX COLLEGE                            ,IL,61401-4999,Private      ,19,5,24,2390,185,2575
00170500,ILLINOIS VALLEY COMMUNITY COLLEGE       ,IL,61348-9692,Public       ,32,106,138,1723,2185,3908
00170600,LAKE FOREST COLLEGE                     ,IL,60045-2399,Private      ,28,12,40,2639,276,2915
00170700,LEWIS UNIVERSITY                        ,IL,60446-2200,Private      ,53,192,245,6215,4585,10800
00170800,LINCOLN CHRISTIAN UNIVERSITY            ,IL,62656-2167,Private      ,6,45,51,537,805,1342
00170900,LINCOLN COLLEGE                         ,IL,62656-1699,Private      ,21,31,52,1333,826,2159
00171000,LOYOLA UNIVERSITY CHICAGO               ,IL,60626-0000,Private      ,204,350,554,19147,14388,33535
00171200,LUTHERAN SCHOOL OF THEOL AT CHICAGO     ,IL,60615-0000,Private      ,0,6,6,5,161,166
00171600,MACCORMAC COLLEGE                       ,IL,60602-4405,Private      ,2,23,25,77,287,364
00171700,MACMURRAY COLLEGE                       ,IL,62650-2590,Private      ,5,10,15,997,406,1403
00172100,MCCORMICK THEOLOGICAL SEMINARY          ,IL,60615-5108,Private      ,0,8,8,5,180,185
00172200,MCKENDREE UNIVERSITY                    ,IL,62254-1299,Private      ,14,115,129,1940,1775,3715
00172300,MEADVILLE LOMBARD THEOLOGICAL SCHOOL    ,IL,60637-1602,Private      ,0,0,0,2,86,88
00172400,MILLIKIN UNIVERSITY                     ,IL,62522-2084,Private      ,40,39,79,3666,1130,4796
00172500,MONMOUTH COLLEGE                        ,IL,61462-1963,Private      ,21,4,25,2104,173,2277
00172700,MOODY BIBLE INSTITUTE                   ,IL,60610-3214,Private      ,54,107,161,2062,2002,4064
00172800,MORTON COLLEGE                          ,IL,60804-4398,Public       ,115,161,276,3152,2833,5985
00173200,NATIONAL UNIV OF HEALTH SCIENCES        ,IL,60148-4583,Private      ,4,36,40,69,1107,1176
00173300,NATIONAL-LOUIS UNIVERSITY               ,IL,60603-3032,Private      ,21,460,481,508,7223,7731
00173400,NORTH CENTRAL COLLEGE                   ,IL,60540-4690,Private      ,33,53,86,4384,1238,5622
00173500,NORTH PARK UNIVERSITY                   ,IL,60625-4895,Private      ,53,119,172,3803,2462,6265
00173600,NORTHERN BAPTIST THEOL SEMINARY         ,IL,60148-0000,Private      ,0,4,4,2,96,98
00173700,NORTHERN ILLINOIS UNIVERSITY            ,IL,60115-2854,Public       ,329,306,635,25193,12213,37406
00173900,NORTHWESTERN UNIV                       ,IL,60208-0001,Private      ,155,359,514,21921,12063,33984
00174100,OLIVET NAZARENE UNIVERSITY              ,IL,60914-2271,Private      ,35,171,206,3815,2845,6660
00174200,IL EASTERN COMM COLGS-OLNEY CENTRAL     ,IL,62450-1099,Public       ,25,45,70,720,843,1563
00174500,QUINCY UNIVERSITY                       ,IL,62301-2699,Private      ,20,24,44,1763,975,2738
00174600,ROBERT MORRIS UNIVERSITY ILLINOIS       ,IL,60605-1225,Private      ,154,327,481,6562,7106,13668
00174700,ROCK VALLEY COLLEGE                     ,IL,61114-5699,Public       ,131,289,420,4073,6396,10469
00174800,ROCKFORD COLLEGE                        ,IL,61108-2393,Private      ,15,71,86,1580,1676,3256
00174900,ROOSEVELT UNIVERSITY                    ,IL,60605-1394,Private      ,90,296,386,6348,8813,15161
00175000,DOMINICAN UNIVERSITY                    ,IL,60305-1066,Private      ,39,55,94,3426,2191,5617
00175200,SAUK VALLEY COMMUNITY COLLEGE           ,IL,61021-9112,Public       ,30,68,98,1176,1478,2654
00175300,SCHOOL OF ART INSTITUTE OF CHICAGO      ,IL,60603-3013,Private      ,80,72,152,4988,3099,8087
00175600,SHIMER COLLEGE                          ,IL,60616-3893,Private      ,1,5,6,142,75,217
00175700,SOUTHEASTERN ILLINOIS COLLEGE           ,IL,62946-4925,Public       ,15,72,87,782,1024,1806
00175800,SOUTHERN ILL UNIV-CARBONDALE            ,IL,62901-0000,Public       ,257,389,646,19815,10967,30782
00175900,SOUTHERN ILL UNIV-EDWARDSVILLE          ,IL,62026-1060,Public       ,155,182,337,14780,7297,22077
00175924,SO IL UNIV-SCHL OF DENTAL MEDICINE      ,IL,62002-0000,Public       ,0,0,0,12,203,215
00176100,SPRINGFIELD COLLEGE IN ILLINOIS         ,IL,62702-2694,Private      ,0,0,0,328,480,808
00176500,UNIVERSITY OF ST MARY OF THE LAKE       ,IL,60060-0000,Private      ,0,4,4,1,26,27
00176700,BENEDICTINE UNIVERSITY                  ,IL,60532-0900,Private      ,56,281,337,3737,5012,8749
00176800,ST XAVIER UNIVERSITY                    ,IL,60655-3199,Private      ,83,151,234,6569,4610,11179
00176900,SOUTH SUBURBAN COLLEGE                  ,IL,60473-9978,Public       ,95,387,482,3781,8662,12443
00177100,TRINITY CHRISTIAN COLLEGE               ,IL,60463-0929,Private      ,11,41,52,1431,1089,2520
00177200,TRINITY INTERNATIONAL UNIVERSITY        ,IL,60015-1283,Private      ,12,51,63,1014,1291,2305
00177300,TRITON COLLEGE                          ,IL,60171-1995,Public       ,221,437,658,5136,6670,11806
00177400,UNIVERSITY OF CHICAGO                   ,IL,60637-1476,Private      ,217,135,352,20031,5141,25172
00177401,UNIV OF CHICAGO PRITZKER SCH OF MED     ,IL,60637-0000,Private      ,2,3,5,85,696,781
00177403,"UNIV OF CHICAGO, BOOTH SCH OF BUS       ",IL,60637-0000,Private      ,4,93,97,162,1886,2048
00177405,UNIVERSITY OF CHICAGO GRADUATE          ,IL,60637-0000,Private      ,0,69,69,149,5372,5521
00177500,UNIV OF ILLINOIS @ URBANA-CHAMPAIGN     ,IL,61820-5796,Public       ,282,204,486,34614,10634,45248
00177600,UNIV OF ILLINOIS AT CHICAGO             ,IL,60607-0000,Public       ,418,543,961,29405,23210,52615
00177800,VANDERCOOK COLLEGE OF MUSIC             ,IL,60616-3731,Private      ,4,13,17,218,148,366
00177900,IL EASTERN COMM COLGS-WABASH VALLEY     ,IL,62863-2699,Public       ,10,20,30,501,542,1043
00178000,WESTERN ILLINOIS UNIVERSITY             ,IL,61455-1390,Public       ,166,145,311,14747,5412,20159
00178100,WHEATON COLLEGE                         ,IL,60187-5535,Private      ,11,29,40,3206,735,3941
00178300,WORSHAM COLLEGE OF MORTUARY SCIENCE     ,IL,60090-2646,Proprietary  ,2,14,16,82,174,256
00396100,HARPER COLLEGE                          ,IL,60067-7398,Public       ,182,339,521,6412,6298,12710
00456000,GEM CITY COLLEGE                        ,IL,62301-4949,Proprietary  ,5,10,15,34,80,114
00456800,MIDSTATE COLLEGE                        ,IL,61614-3558,Proprietary  ,14,65,79,165,1140,1305
00621400,BLESSING RIEMAN COLLEGE OF NURSING      ,IL,62301-0000,Private      ,2,12,14,177,264,441
00621401,BLESSING HOSPITAL - SCHOOL OF MEDICAL LA,IL,62305-7005,Private      ,0,3,3,20,53,73
00621402,BLESSING HOSPITAL - SCHOOL OF RADIOLOGIC,IL,62305-7005,Private      ,0,4,4,42,60,102
00622500,TRINITY COLLEGE OF NURSING AND HEALTH SC,IL,61201-5317,Private      ,2,9,11,138,247,385
00622800,METHODIST MED CTR OF ILL SCH NRSNG      ,IL,61636-0000,Private      ,4,13,17,361,721,1082
00624000,ST FRANCIS MED CLG OF NRSG              ,IL,61603-3783,Private      ,8,15,23,390,695,1085
00638500,CHAMBERLAIN COLLEGE OF NURSING          ,IL,60101-0000,Proprietary  ,50,1300,1350,2268,17702,19970
00665600,COLLEGE OF DUPAGE                       ,IL,60137-6599,Public       ,321,748,1069,12019,12715,24734
00675300,ILLINOIS CENTRAL COLLEGE                ,IL,61635-0001,Public       ,107,395,502,4853,6610,11463
00693100,WAUBONSEE COMMUNITY COLLEGE             ,IL,60554-0000,Public       ,136,331,467,4004,5256,9260
00711800,PARKLAND COLLEGE                        ,IL,61821-1899,Public       ,89,193,282,5517,5204,10721
00711900,REND LAKE COLLEGE                       ,IL,62846-9801,Public       ,43,110,153,1439,2014,3453
00717000,LINCOLN LAND COMMUNITY COLLEGE          ,IL,62794-9256,Public       ,58,212,270,3171,5289,8460
00726500,CARL SANDBURG COLLEGE                   ,IL,61401-9576,Public       ,28,81,109,1254,1949,3203
00730307,LINCOLN COLLEGE OF TECHNOLOGY - MELROSE ,IL,60160-1605,Proprietary  ,60,85,145,934,885,1819
00750103,VATTEROTT COLLEGE - FAIRVIEW HEIGHTS    ,IL,62208-2029,Proprietary  ,22,133,155,148,580,728
00754900,COYNE AMERICAN INSTITUTE                ,IL,60607-1300,Proprietary  ,40,161,201,534,1832,2366
00764400,LAKE LAND COLLEGE                       ,IL,61938-9366,Public       ,55,116,171,2683,2871,5554
00768400,KISHWAUKEE COLLEGE                      ,IL,60150-9699,Public       ,47,108,155,2767,2755,5522
00769000,KANKAKEE COMMUNITY COLLEGE              ,IL,60901-6505,Public       ,42,140,182,1862,3557,5419
00769100,MCHENRY COUNTY COLLEGE                  ,IL,60012-2761,Public       ,77,195,272,2798,2900,5698
00769200,MORAINE VALLEY COMMUNITY COLLEGE        ,IL,60465-0937,Public       ,225,386,611,8089,7587,15676
00769300,SHAWNEE COMMUNITY COLLEGE               ,IL,62992-9725,Public       ,47,119,166,869,1390,2259
00769400,COLLEGE OF LAKE COUNTY                  ,IL,60030-1198,Public       ,249,512,761,5686,7057,12743
00793700,MS ROBERTS ACADEMY OF BEAUTY CULT       ,IL,60181-2930,Proprietary  ,2,12,14,37,93,130
00807600,JOHN A LOGAN COLLEGE                    ,IL,62918-2500,Public       ,71,200,271,2412,3195,5607
00809003,EVEREST COLLEGE - BEDFORD PARK          ,IL,60629-5819,Proprietary  ,34,199,233,189,697,886
00814604,EVEREST UNIVERSITY - EVEREST  COLLEGE   ,IL,60803-4517,Proprietary  ,21,121,142,138,905,1043
00825900,EDUCATORS OF BEAUTY                     ,IL,61081-3611,Proprietary  ,8,9,17,66,130,196
00825901,EDUCATORS OF BEAUTY                     ,IL,61104-0000,Proprietary  ,4,6,10,63,153,216
00832800,ALVAREITA'S COLLEGE OF COSMETOLOGY      ,IL,62025-2041,Proprietary  ,6,15,21,62,153,215
00854500,ROCKFORD CAREER  COLLEGE                ,IL,61108-3900,Proprietary  ,21,113,134,314,1279,1593
00869402,RASMUSSEN COLLEGE - ROCKFORD            ,IL,61108-2513,Proprietary  ,24,131,155,357,1780,2137
00869403,RASMUSSEN COLLEGE - AURORA              ,IL,60506-6219,Proprietary  ,10,67,77,218,951,1169
00869404,RASMUSSEN COLLEGE - ROMEOVILLE          ,IL,60446-0000,Proprietary  ,14,73,87,251,986,1237
00869418,RASMUSSEN COLLEGE -  MOKENA             ,IL,60448-0000,Proprietary  ,10,60,70,98,541,639
00888000,MORRISON INSTITUTE OF TECHNOLOGY        ,IL,61270-2959,Private      ,1,0,1,133,40,173
00893800,GRAHAM HOSPITAL SCH OF NURSING          ,IL,61520-2497,Private      ,0,3,3,44,109,153
00893900,CANNELLA SCHOOL OF HAIR DESIGN          ,IL,60406-2130,Proprietary  ,2,11,13,41,139,180
00914500,GOVERNORS STATE UNIVERSITY              ,IL,60466-0975,Public       ,31,295,326,1584,8348,9932
00923200,CATHOLIC THEOLOGICAL UNION              ,IL,60615-0000,Private      ,1,3,4,8,87,95
00933300,UNIV OF ILLINOIS AT SPRINGFIELD         ,IL,62703-5407,Public       ,39,125,164,2957,4081,7038
00947500,EDUCATORS OF BEAUTY                     ,IL,61301-2404,Proprietary  ,1,8,9,38,41,79
00959500,CANNELLA SCHOOL OF HAIR DESIGN          ,IL,60617-4303,Proprietary  ,1,31,32,136,323,459
00976700,OLIVE-HARVEY COLLEGE                    ,IL,60628-1696,Public       ,116,380,496,2772,6939,9711
00978600,IL EASTERN COMM COLGS-LINCOLN TRAIL     ,IL,62454-5708,Public       ,9,19,28,393,503,896
00980000,RUSH UNIVERSITY                         ,IL,60612-3806,Private      ,11,109,120,490,3819,4309
00989600,OAKTON COMMUNITY COLLEGE                ,IL,60016-1268,Public       ,149,237,386,4532,4426,8958
00998700,SAINT ANTHONY COLLEGE OF NURSING        ,IL,61108-2468,Private      ,9,11,20,228,537,765
01002000,LEWIS AND CLARK COMMUNITY COLLEGE       ,IL,62035-2466,Public       ,86,193,279,2612,3515,6127
01050100,LAKEVIEW  COLLEGE OF NURSING            ,IL,61832-3781,Private      ,2,7,9,208,333,541
01069500,TRI-COUNTY BEAUTY ACADEMY               ,IL,62056-2036,Proprietary  ,0,3,3,11,40,51
01071000,CAPITAL AREA SCH OF PRAC NRSG           ,IL,62707-0000,Public       ,7,23,30,105,734,839
01072700,DEVRY UNIVERSITY                        ,IL,60618-5994,Proprietary  ,699,5513,6212,17450,90772,108222
01083600,PIVOT POINT INTNL CSMTLGY RSRCH CTR     ,IL,60626-0000,Proprietary  ,47,68,115,499,769,1268
01087900,RICHLAND COMMUNITY COLLEGE              ,IL,62521-8513,Public       ,49,161,210,1226,2757,3983
01102401,EVEREST COLLEGE - CHICAGO               ,IL,60604-2052,Proprietary  ,0,0,0,645,1368,2013
01151002,EVEREST INSTITUTE - EVEREST COLLEGE     ,IL,60542-1610,Proprietary  ,27,106,133,236,708,944
01181000,TAYLOR BUSINESS INSTITUTE               ,IL,60606-5111,Proprietary  ,1,15,16,58,276,334
01185204,ITT TECHNICAL INSTITUTE - ORLAND PARK CA,IL,60467-4900,Proprietary  ,0,0,0,0,1,1
01185800,EVEREST COLLEGE                         ,IL,60077-1074,Proprietary  ,30,110,140,311,903,1214
01185802,EVEREST COLLEGE - BURR RIDGE            ,IL,60527-7826,Proprietary  ,24,68,92,166,530,696
01185803,EVEREST COLLEGE - MELROSE PARK          ,IL,60160-1526,Proprietary  ,30,127,157,217,786,1003
01236200,NORTHWESTERN COLLEGE                    ,IL,60630-2298,Proprietary  ,76,249,325,2397,4404,6801
01238500,BLOOMINGTON-NORMAL SCH RADIOGRAPHY      ,IL,61761-4604,Private      ,3,2,5,30,102,132
01258400,ILLINOIS INSTITUTE OF ART (THE)         ,IL,60654-1593,Proprietary  ,253,336,589,6744,5362,12106
01281300,JOHN WOOD COMMUNITY COLLEGE             ,IL,62305-0401,Public       ,45,96,141,1354,1655,3009
01308700,CAPRI GARFIELD RIDGE SCH OF BTY CLR     ,IL,60629-1613,Proprietary  ,3,24,27,105,313,418
01308800,CAPRI OAK FOREST COLLEGE OF BEAUTY      ,IL,60452-2798,Proprietary  ,11,16,27,143,240,383
02055200,HARRINGTON COLLEGE OF DESIGN            ,IL,60606-3433,Proprietary  ,14,43,57,482,801,1283
02068100,ADLER SCH OF PROFESSIONAL PSYCHLGY      ,IL,60601-0000,Private      ,3,31,34,133,1818,1951
02069300,VATTEROTT COLLEGE                       ,IL,62305-5938,Proprietary  ,13,67,80,152,541,693
02073200,TELSHE YESHIVA-CHICAGO                  ,IL,60625-0000,Private      ,4,0,4,33,14,47
02074400,IL EASTERN COMM COLGS-FRONTIER          ,IL,62837-0000,Public       ,8,29,37,231,440,671
02075400,KELLER GRADUATE SCHOOL OF MGMT.         ,IL,60515-5683,Proprietary  ,1,889,890,83,21425,21508
02113600,AMERICAN INTERCONTINENTAL UNIVERSITY    ,IL,60192-3713,Proprietary  ,157,2620,2777,1890,29289,31179
02117400,BECK AREA CAREER CENTER                 ,IL,62278-0000,Public       ,0,3,3,35,182,217
02124400,UNIVERSITY OF SPA & COSMETOLOGY ART     ,IL,62704-0000,Proprietary  ,13,27,40,154,284,438
02150600,COSMETOLOGY AND SPA INSTITUTE (THE)     ,IL,60014-4003,Proprietary  ,15,40,55,125,265,390
02155300,THE CHICAGO SCHOOL OF PROF PSYCHOLOGY   ,IL,60610-4705,Private      ,4,182,186,115,6089,6204
02160300,INTERNATIONAL ACAD OF DESIGN & TECH     ,IL,60602-3319,Proprietary  ,14,48,62,541,880,1421
02160304,INTERNATIONAL ACADEMY OF DESIGN AND TECH,IL,60173-5160,Proprietary  ,4,25,29,163,344,507
02168600,EAST WEST UNIVERSITY                    ,IL,60605-0000,Private      ,29,124,153,878,1641,2519
02179900,ARGOSY UNIVERSITY                       ,IL,60601-7757,Proprietary  ,782,5483,6265,10409,47248,57657
02185400,ST AUGUSTINE COLLEGE                    ,IL,60640-0000,Private      ,30,174,204,779,2645,3424
02192400,MR JOHNS SCHOOL OF COSMETOLOGY          ,IL,62521-0000,Proprietary  ,3,22,25,47,138,185
02202600,CANNELLA SCHOOL OF HAIR DESIGN          ,IL,60181-1321,Proprietary  ,2,13,15,17,105,122
02214100,RESURRECTION UNIVERSITY                 ,IL,60302-2519,Private      ,1,19,20,202,895,1097
02228100,MAC DANIEL'S BEAUTY SCHOOL              ,IL,60640-0000,Proprietary  ,3,17,20,65,153,218
02261200,HAIR PROFESSIONALS ACAD COSMETOLOGY     ,IL,60118-0000,Proprietary  ,14,39,53,79,270,349
02261201,HAIR PROFESSIONALS ACADEMY OF COSMETOLOG,IL,60118-9333,Proprietary  ,0,2,2,10,16,26
02262100,HAIR PROFESSIONALS SCH COSMETOLOGY      ,IL,60543-0000,Proprietary  ,3,8,11,46,91,137
02291200,CANNELLA SCHOOL OF HAIR DESIGN          ,IL,60639-0000,Proprietary  ,6,33,39,96,250,346
02295500,CANNELLA SCHOOL OF HAIR DESIGN          ,IL,60120-0000,Proprietary  ,0,16,16,31,116,147
02297500,OEHRLEIN SCHOOL OF COSMETOLOGY          ,IL,61611-0000,Proprietary  ,7,14,21,74,156,230
02312300,LA' JAMES COLLEGE HAIRSTYLING           ,IL,61244-0000,Proprietary  ,4,4,8,21,84,105
02313900,WESTWOOD COLLEGE - O'HARE AIRPORT       ,IL,60631-2801,Proprietary  ,18,78,96,454,1109,1563
02317300,CONCEPT COLLEGE OF COSMETOLOGY          ,IL,61832-0000,Proprietary  ,1,14,15,70,173,243
02319200,LAKE FOREST GRAD SCHL OF MGMT           ,IL,60045-4824,Private      ,0,29,29,6,378,384
02323300,PROFESSIONAL'S CHOICE HAIR DSN ACAD     ,IL,60435-0000,Proprietary  ,3,7,10,56,170,226
02332200,HAIR PROFESSIONALS CAREER COLLEGE       ,IL,60178-0000,Proprietary  ,2,10,12,32,98,130
02337800,THE COLLEGE OF OFFICE TECHNOLOGY        ,IL,60622-0000,Proprietary  ,0,0,0,55,244,299
02349400,ALVAREITA'S COLLEGE OF COSMETOLOGY      ,IL,62035-0000,Proprietary  ,7,16,23,42,111,153
02349500,CANNELLA SCHOOL OF HAIR DESIGN          ,IL,60632-0000,Proprietary  ,3,33,36,100,330,430
02352200,LE CORDON BLEU COLLEGE OF CULINARY ARTS ,IL,60610-3050,Proprietary  ,48,207,255,1219,2312,3531
02498200,G SKIN & BEAUTY INSTITUTE               ,IL,60523-1805,Proprietary  ,14,62,76,116,347,463
02498201,HAIR PROFESSIONALS ACADEMY OF COSMETOLOG,IL,60563-0000,Proprietary  ,1,5,6,23,60,83
02522800,FOX COLLEGE                             ,IL,60453-0000,Proprietary  ,21,27,48,546,610,1156
02527600,LEXINGTON COLLEGE                       ,IL,60607-0000,Private      ,2,5,7,115,137,252
02536700,BELL MAR BEAUTY COLLEGE                 ,IL,60650-0000,Proprietary  ,1,7,8,49,106,155
02556100,ENVIRONMENTAL TECHNICAL INSTITUTE       ,IL,60143-0000,Proprietary  ,22,112,134,128,508,636
02556600,NILES SCHOOL OF COSMETOLOGY             ,IL,60714-0000,Proprietary  ,2,12,14,24,76,100
02573700,INSTITUTE FOR CLINICAL SOCIAL WORK      ,IL,60605-1229,Private      ,2,11,13,37,366,403
02579200,INGALLS MEMORIAL HOSPITAL               ,IL,60426-0000,Private      ,0,1,1,7,70,77
02584900,"FIRST INSTITUTE, INC.                   ",IL,60014-7489,Proprietary  ,21,54,75,109,359,468
02587700,HAIR PROFESSIONALS CAREER COLLEGE       ,IL,60465-1929,Proprietary  ,9,28,37,45,147,192
02599500,HANOVER PARK COLLEGE OF BEAUTY CULT     ,IL,60133-5421,Proprietary  ,6,13,19,46,106,152
02622700,KNOWLEDGE SYSTEMS INSTITUTE             ,IL,60076-0000,Private      ,0,3,3,2,14,16
03002000,HAIRMASTERS INST OF COSMETOLOGY         ,IL,61701-5547,Proprietary  ,5,16,21,56,123,179
03027702,PACIFIC COLLEGE OF ORIENTAL MEDICINE - C,IL,60613-4418,Proprietary  ,5,26,31,43,426,469
03065300,TREND SETTERS COLL OF COSMETOLOGY       ,IL,60915-0000,Proprietary  ,25,34,59,265,318,583
03072701,WESTWOOD COLLEGE OF TECHNOLOGY          ,IL,60409-0000,Proprietary  ,14,66,80,248,1000,1248
03072702,WESTWOOD COLLEGE OF TECHNOLOGY          ,IL,60602-0000,Proprietary  ,27,133,160,505,1713,2218
03078400,CAMEO BEAUTY ACADEMY                    ,IL,60453-3196,Proprietary  ,5,16,21,55,115,170
03079200,WESTWOOD COLLEGE - DUPAGE               ,IL,60517-2321,Proprietary  ,10,44,54,388,806,1194
03082900,ROSEL SCHOOL OF COSMETOLOGY             ,IL,60659-1913,Proprietary  ,2,17,19,54,196,250
03083800,HEARTLAND COMMUNITY COLLEGE             ,IL,61761-9446,Public       ,52,147,199,2869,3058,5927
03098000,ST JOHN'S COLLEGE OF NURSING            ,IL,62702-5321,Private      ,5,11,16,191,311,502
03098002,ST JOHN'S HOSP SCH MED TECH             ,IL,62769-5324,Private      ,2,7,9,45,135,180
03099700,CAIN'S BARBER COLLEGE                   ,IL,60615-3510,Proprietary  ,7,50,57,182,642,824
03099800,ILLINOIS SCHOOL OF HEALTH CAREERS       ,IL,60604-0000,Proprietary  ,44,181,225,567,1787,2354
03101800,ILLINOIS CENTER FOR BROADCASTING        ,IL,60148-7015,Proprietary  ,18,47,65,174,463,637
03128300,PYRAMID CAREER INSTITUTE                ,IL,60657-4207,Proprietary  ,0,0,0,0,2,2
03128500,NATIONAL LATINO EDUCATION INSTITUTE     ,IL,60609-2205,Private      ,2,15,17,66,153,219
03199300,CHRISTIAN LIFE COLLEGE                  ,IL,60056-2522,Private      ,0,6,6,19,42,61
03368300,MIDWEST TECHNICAL INSTITUTE             ,IL,62707-8805,Proprietary  ,138,641,779,1084,3827,4911
03416300,COMPUTER SYSTEMS INSTITUTE              ,IL,60077-0000,Proprietary  ,65,285,350,442,1842,2284
03448300,BUSINESS INDUSTRIAL RESOURCES           ,IL,60659-1298,Proprietary  ,60,414,474,361,3480,3841
03455700,CORTIVA INSTITUTE - CHICAGO             ,IL,60602-3315,Proprietary  ,21,86,107,208,566,774
03455701,CORTIVA INSTITUTE - CHICAGO             ,IL,60014-6285,Proprietary  ,1,4,5,17,62,79
03490301,PAUL MITCHELL THE SCHOOL CHICAGO        ,IL,60607-0000,Proprietary  ,0,4,4,0,4,4
03510300,ERIKSON INSTITUTE                       ,IL,60654-4510,Private      ,0,7,7,8,429,437
03643300,"MR. JOHN'S SCHOOL OF JACKSONVILLE,  INC,",IL,62650-3488,Proprietary  ,4,6,10,17,47,64
03655300,ILLINOIS CAREERPATH INSTITUTE           ,IL,60610-4705,Private      ,5,21,26,39,229,268
03684300,NORTHSHORE UNIVERSITY HEALTHSYSTEM SCHOO,IL,60201-9872,Private      ,1,3,4,19,97,116
03881400,EUROPEAN MASSAGE THERAPY SCHOOL         ,IL,60077-2269,Proprietary  ,4,43,47,29,202,231
03891300,SOMA INSTITUTE - THE NATIONAL SCHOOL OF ,IL,60604-4466,Proprietary  ,13,33,46,95,245,340
03914300,"CALC, INSTITUTE OF TECHNOLOGY           ",IL,62002-5931,Proprietary  ,4,33,37,50,291,341
04117500,SOLEX MEDICAL ACADEMY                   ,IL,60090-3104,Proprietary  ,1,5,6,6,48,54
04117600,LARRY'S BARBER COLLEGE                  ,IL,60628-2322,Proprietary  ,13,74,87,243,758,1001
04118400,ZAREM /GOLDE ORT TECHNICAL INSTITUTE    ,IL,60077-3210,Private      ,12,48,60,61,311,372
04124700,AMERICARE INSTITUTE                     ,IL,60133-5456,Proprietary  ,6,39,45,105,672,777
04136900,UNIVERSITY OF AESTHETICS (THE)          ,IL,60622-2151,Proprietary  ,1,10,11,22,98,120
04137000,UNIVERSITY OF AESTHETICS (THE)          ,IL,60515-5602,Proprietary  ,2,9,11,12,44,56
04137500,TRICOCI UNIVERSITY OF BEAUTY CULTURE    ,IL,60656-1805,Proprietary  ,17,29,46,275,501,776
04139000,MIDWESTERN CAREER COLLEGE               ,IL,60606-3103,Proprietary  ,16,114,130,168,941,1109
04141000,AVEDA INSTITUTE CHICAGO                 ,IL,60647-0000,Proprietary  ,14,50,64,289,533,822
04147100,TRICOCI UNIVERSITY OF BEAUTY CULTURE    ,IL,60048-2906,Proprietary  ,13,14,27,107,154,261
04147200,TRICOCI UNIVERSITY OF BEAUTY CULTURE    ,IL,60455-1824,Proprietary  ,10,14,24,122,236,358
04147300,TRICOCI UNIVERSITY OF BEAUTY CULTURE    ,IL,60139-3119,Proprietary  ,11,10,21,131,160,291
04147400,TRICOCI UNIVERSITY OF BEAUTY CULTURE    ,IL,61614-4831,Proprietary  ,8,13,21,78,174,252
04147500,TRICOCI UNIVERSITY OF BEAUTY CULTURE    ,IL,61108-2337,Proprietary  ,9,25,34,122,278,400
04160600,PAUL MITCHELL THE SCHOOL NORMAL         ,IL,61761-0000,Proprietary  ,8,27,35,224,253,477
04167800,INNOVATIONS DESIGN ACADEMY              ,IL,61520-2625,Proprietary  ,2,13,15,21,60,81
04168500,SOLEX COLLEGE                           ,IL,60090-3192,Proprietary  ,1,76,77,17,225,242
04170800,UNITY COSMETOLOGY COLLEGE               ,IL,61764-9652,Proprietary  ,1,12,13,24,75,99
04171600,SALON PROFESSIONAL ACADEMY OF ELGIN (THE,IL,60123-2319,Proprietary  ,3,13,16,27,77,104
04172200,NORTHWESTERN INSTITUTE OF HEALTH AND TEC,IL,60640-4785,Private      ,17,49,66,280,1007,1287
04174900,SKIN CARE AND SPA INSTITUTE             ,IL,60077-2200,Proprietary  ,2,26,28,18,182,200
04175000,UNIVERSAL SPA TRAINING ACADEMY          ,IL,60515-0000,Proprietary  ,0,15,15,17,116,133
04175800,J RENEE CAREER FACILITATION             ,IL,60014-7986,Proprietary  ,3,11,14,21,160,181
04179100,PCCTI  IT & HEALTHCARE                  ,IL,60523-0000,Proprietary  ,4,74,78,10,189,199
04179101,PCCTI  IT & HEALTHCARE -                ,IL,60606-0000,Proprietary  ,3,9,12,3,9,12
04186000,CHICAGO SCHOOL FOR PIANO TECHNOLOGY (THE,IL,60612-1630,Private      ,0,1,1,30,80,110
04187400,COSMETOLOGY CONCEPTS                    ,IL,60452-2501,Proprietary  ,9,37,46,114,286,400
04189200,SALON PROFESSIONAL ACADEMY (THE)        ,IL,60404-8789,Proprietary  ,2,19,21,46,90,136
04189400,SHEAR LEARNING ACADEMY OF COSMETOLOGY   ,IL,62523-1208,Proprietary  ,2,7,9,24,82,106
04189600,STATE CAREER SCHOOL                     ,IL,60085-5129,Proprietary  ,5,19,24,43,196,239
04192000,CURVE METRIC SCHOOL OF HAIR DESIGN      ,IL,60707-1118,Proprietary  ,3,3,6,10,25,35
00195100,ALICE LLOYD COLLEGE                     ,KY,41844-9703,Private      ,21,5,26,1222,261,1483
00195200,ASBURY COLLEGE                          ,KY,40390-1198,Private      ,11,20,31,1776,796,2572
00195300,ASBURY THEOLOGICAL SEMINARY             ,KY,40390-0000,Private      ,0,38,38,29,1492,1521
00195400,BELLARMINE UNIVERSITY                   ,KY,40205-1877,Private      ,71,135,206,5241,2643,7884
00195500,BEREA COLLEGE                           ,KY,40403-0000,Private      ,33,20,53,3584,1046,4630
00195800,BRESCIA UNIVERSITY                      ,KY,42301-3023,Private      ,20,35,55,1090,932,2022
00195900,CAMPBELLSVILLE UNIVERSITY               ,KY,42718-2799,Private      ,46,98,144,2980,2233,5213
00196000,SPALDING UNIVERSITY                     ,KY,40203-2188,Private      ,29,151,180,1416,3779,5195
00196100,CENTRE COLLEGE                          ,KY,40422-1394,Private      ,16,12,28,2694,194,2888
00196200,UNIVERSITY OF THE CUMBERLANDS           ,KY,40769-1372,Private      ,42,210,252,3063,3169,6232
00196300,EASTERN KENTUCKY UNIVERSITY             ,KY,40475-3102,Public       ,224,472,696,14850,12225,27075
00196400,GEORGETOWN COLLEGE                      ,KY,40324-1628,Private      ,28,44,72,2511,916,3427
00196500,KENTUCKY CHRISTIAN UNIVERSITY           ,KY,41143-2205,Private      ,13,5,18,979,279,1258
00196800,KENTUCKY STATE UNIVERSITY               ,KY,40601-2355,Public       ,84,83,167,3581,2475,6056
00196900,KENTUCKY WESLEYAN COLLEGE               ,KY,42301-6057,Private      ,13,11,24,1234,473,1707
00197100,LEXINGTON THEOLOGICAL SEMINARY          ,KY,40508-0000,Private      ,1,6,7,10,120,130
00197200,LINDSEY WILSON COLLEGE                  ,KY,42728-1223,Private      ,43,65,108,3385,2131,5516
00197400,LOUISVILLE PRESBYTERIAN THEOL SEM       ,KY,40205-0000,Private      ,0,4,4,17,215,232
00197500,MIDWAY COLLEGE                          ,KY,40347-1120,Private      ,5,84,89,774,2597,3371
00197600,MOREHEAD STATE UNIVERSITY               ,KY,40351-1689,Public       ,146,184,330,8655,6445,15100
00197700,MURRAY STATE UNIVERSITY                 ,KY,42071-0009,Public       ,143,160,303,8554,5202,13756
00197900,WEST KENTUCKY CMNTY & TECHNICAL COLG    ,KY,42002-7380,Public       ,75,248,323,2331,5201,7532
00198000,UNIVERSITY OF PIKEVILLE                 ,KY,41501-1194,Private      ,36,28,64,2455,1453,3908
00198300,ST. CATHARINE COLLEGE                   ,KY,40061-9499,Private      ,15,22,37,963,564,1527
00198700,TRANSYLVANIA UNIVERSITY                 ,KY,40508-1797,Private      ,25,14,39,2242,416,2658
00198800,UNION COLLEGE                           ,KY,40906-1499,Private      ,19,67,86,1438,1192,2630
00198900,UNIVERSITY OF KENTUCKY                  ,KY,40506-0054,Public       ,331,271,602,25814,12121,37935
00198901,UNIV OF KY-COLLEGE OF DENTISTRY         ,KY,40536-0000,Public       ,2,5,7,64,317,381
00198902,UNIV OF KY-COLLEGE OF MEDICINE          ,KY,40536-0000,Public       ,6,15,21,148,745,893
00199000,ASHLAND COMMUNITY AND TECHNICAL COLLEGE ,KY,41101-3683,Public       ,60,179,239,1737,3557,5294
00199100,ELIZABETHTOWN COMMUNITY  AND TECHNICAL C,KY,42701-3081,Public       ,114,421,535,2962,6942,9904
00199300,HENDERSON COMMUNITY COLLEGE             ,KY,42420-4699,Public       ,18,73,91,654,1729,2383
00199400,HOPKINSVILLE COMMUNITY COLLEGE          ,KY,42241-2621,Public       ,45,314,359,1409,5137,6546
00199600,BIG SANDY COMMUNITY AND TECHNICAL COLG  ,KY,41653-1815,Public       ,67,227,294,2365,3632,5997
00199700,SOMERSET COMMUNITY COLLEGE              ,KY,42501-2973,Public       ,93,411,504,3620,8932,12552
00199800,SOUTHEAST KENTUCKY COMMUNITY AND TECHNIC,KY,40823-1099,Public       ,65,221,286,1474,2575,4049
00199900,UNIVERSITY OF LOUISVILLE                ,KY,40292-0000,Public       ,256,417,673,17169,15334,32503
00200100,THOMAS MORE COLLEGE                     ,KY,41017-3495,Private      ,13,86,99,1573,1006,2579
00200200,WESTERN KENTUCKY UNIVERSITY             ,KY,42101-3576,Public       ,290,428,718,18421,11919,30340
00461800,SPENCERIAN COLLEGE                      ,KY,40216-2605,Proprietary  ,40,157,197,849,2459,3308
00461900,SULLIVAN UNIVERSITY                     ,KY,40205-3000,Proprietary  ,165,559,724,2578,7797,10375
00493402,DAYMAR COLLEGE - BOWLING GREEN          ,KY,42101-4063,Proprietary  ,6,48,54,52,297,349
00493403,DAYMAR COLLEGE - CLINTON                ,KY,42031-9998,Proprietary  ,0,2,2,1,19,20
00493406,DAYMAR COLLEGE - RUSSELLVILLE           ,KY,42276-1622,Proprietary  ,1,14,15,7,67,74
00524400,BLUEGRASS COMMUNITY & TECHNICAL COLLEGE ,KY,40506-0235,Public       ,173,620,793,6839,13413,20252
00527100,BOWLING GREEN TECHNICAL COLLEGE         ,KY,42101-3601,Public       ,51,193,244,1999,4700,6699
00527300,GATEWAY COMMUNITY & TECHNOLOGY COLL     ,KY,41011-0000,Public       ,80,312,392,1743,5344,7087
00696000,MAYSVILLE CMNTY & TECHNCL COLG          ,KY,41056-8910,Public       ,53,191,244,1384,3616,5000
00696100,JEFFERSON COMMUNITY AND TECHNICAL COLLEG,KY,40202-2005,Public       ,201,652,853,7957,17374,25331
00696200,HAZARD COMMUNITY COLLEGE                ,KY,41701-2402,Public       ,32,170,202,1623,3050,4673
00696203,KY TECH-KNOTT CO. TECHNOLOGY CTR        ,KY,41822-0000,Public       ,1,0,1,18,26,44
00696204,KY TECH-LESLIE COUNTY AREA TECH CTR     ,KY,41749-0000,Public       ,0,0,0,8,19,27
00696205,KY TECH-LEE COUNTY AREA TECH CTR        ,KY,41311-0000,Public       ,1,1,2,5,20,25
00696206,KY TECH-LETCHER CNTY AREA TECH CTR      ,KY,41858-0000,Public       ,1,5,6,38,78,116
00696207,KY TECH-BREATHITT COUNTY VOC ED CTR     ,KY,41339-0000,Public       ,1,3,4,38,100,138
00736205,MEDTECH COLLEGE - LEXINGTON             ,KY,40511-1200,Proprietary  ,15,129,144,144,1042,1186
00842500,DAYMAR COLLEGE                          ,KY,42001-0000,Proprietary  ,4,44,48,77,564,641
00901000,MADISONVILLE COMMUNITY COLLEGE          ,KY,42431-9199,Public       ,36,122,158,1303,2939,4242
00927500,NORTHERN KENTUCKY UNIVERSITY            ,KY,41099-0001,Public       ,179,251,430,11298,8898,20196
00931300,DAYMAR COLLEGE                          ,KY,42301-5830,Proprietary  ,17,173,190,255,2256,2511
00931302,DAYMAR COLLEGE - LOUISVILLE             ,KY,40219-1973,Proprietary  ,0,41,41,17,194,211
00931304,DAYMAR COLLEGE - ALBANY                 ,KY,42602-1235,Proprietary  ,0,0,0,1,13,14
00931305,DAYMAR COLLEGE - BELLEVUE               ,KY,41073-2416,Proprietary  ,0,10,10,8,61,69
00931308,DAYMAR COLLEGE -  SCOTTSVILLE           ,KY,42164-1505,Proprietary  ,0,3,3,6,39,45
00931309,DAYMAR COLLEGE - LOUISVILLE EAST        ,KY,40245-1629,Proprietary  ,0,19,19,35,291,326
00931310,DAYMAR COLLEGE -  MADISONVILLE          ,KY,42431-0000,Proprietary  ,1,17,18,13,91,104
01042400,SALON PROFESSIONAL ACADEMY THE          ,KY,40502-1776,Proprietary  ,10,44,54,115,345,460
01048901,NATIONAL COLLEGE - FLORENCE CAMPUS      ,KY,41042-1812,Proprietary  ,3,29,32,48,363,411
01048902,NATIONAL COLLEGE - PIKEVILLE CAMPUS     ,KY,41501-1518,Proprietary  ,11,43,54,187,565,752
01048903,NATIONAL COLLEGE - DANVILLE CAMPUS      ,KY,40422-1517,Proprietary  ,3,51,54,68,511,579
01048904,NATIONAL COLLEGE - RICHMOND CAMPUS      ,KY,40475-2309,Proprietary  ,8,56,64,102,645,747
01048906,NATIONAL COLLEGE - LOUISVILLE CAMPUS    ,KY,40216-4147,Proprietary  ,8,83,91,167,1178,1345
01048907,NATIONAL COLLEGE - LEXINGTON CAMPUS     ,KY,40509-2256,Proprietary  ,9,75,84,140,1095,1235
01172500,COLLINS SCHOOL OF COSMETOLOGY           ,KY,40965-2809,Proprietary  ,1,15,16,38,134,172
01208800,SULLIVAN COLLEGE OF TECHNOLOGY AND DESIG,KY,40218-4528,Proprietary  ,47,63,110,651,1181,1832
01212801,SOUTHWESTERN COLLEGE                    ,KY,41042-1466,Proprietary  ,8,42,50,99,525,624
01272300,KY TECH-WAYNE COUNTY AREA TECH CTR      ,KY,42633-1088,Public       ,0,0,0,2,15,17
01291400,EMPIRE BEAUTY SCHOOL                    ,KY,40218-0000,Proprietary  ,6,58,64,156,477,633
01291500,EMPIRE BEAUTY SCHOOL                    ,KY,41042-5113,Proprietary  ,10,44,54,97,308,405
01291600,EMPIRE BEAUTY SCHOOL                    ,KY,40216-4212,Proprietary  ,6,42,48,77,288,365
01291700,EMPIRE BEAUTY SCHOOL                    ,KY,40160-0000,Proprietary  ,13,31,44,113,255,368
01296800,EMPIRE BEAUTY SCHOOL                    ,KY,40207-2695,Proprietary  ,10,24,34,91,228,319
02159100,"APPALACHIAN BEAUTY SCHOOL, INC.         ",KY,41503-0000,Proprietary  ,3,6,9,33,54,87
02177100,EMPIRE BEAUTY SCHOOL                    ,KY,40204-0000,Proprietary  ,4,28,32,103,309,412
02251500,TREND SETTERS ACAD OF BEAUTY CULT       ,KY,40258-0000,Proprietary  ,0,42,42,79,351,430
02275000,JENNY LEA ACADEMY OF COSMETOLOGY        ,KY,40831-0000,Proprietary  ,11,36,47,92,292,384
02284306,INTERACTIVE LEARNING SYSTEMS            ,KY,41042-0000,Proprietary  ,3,21,24,23,143,166
02323700,PAT WILSON'S BEAUTY COLLEGE             ,KY,42420-0000,Proprietary  ,0,9,9,11,85,96
02337200,PJ'S COLLEGE OF COSMETOLOGY             ,KY,42101-0000,Proprietary  ,19,80,99,166,638,804
02340800,PAUL MITCHELL THE SCHOOL LEXINGTON      ,KY,40514-1545,Proprietary  ,10,38,48,235,443,678
02351700,PAUL MITCHELL THE SCHOOL - LOUISVILLE   ,KY,40222-0000,Proprietary  ,14,42,56,241,414,655
02491100,BECKFIELD COLLEGE                       ,KY,41042-0000,Proprietary  ,26,286,312,353,2621,2974
02518900,BARRETT & COMPANY SCH HAIR DESIGN       ,KY,40356-0000,Proprietary  ,3,20,23,56,199,255
02526100,JENNY LEA ACADEMY OF COSMETOLOGY        ,KY,41858-0000,Proprietary  ,3,8,11,26,76,102
02535600,CLEAR CREEK BAPTIST BIBLE COLLEGE       ,KY,40977-0000,Private      ,0,4,4,55,171,226
02551100,PJ'S COLLEGE OF COSMETOLOGY             ,KY,42141-2434,Proprietary  ,3,16,19,45,136,181
02560800,SOUTHEAST SCHOOL OF COSMETOLOGY         ,KY,40962-0000,Proprietary  ,0,5,5,28,101,129
02576200,MID-CONTINENT UNIVERSITY                ,KY,42066-9007,Private      ,22,363,385,506,4242,4748
03002100,KENTUCKY MOUNTAIN BIBLE COLLEGE         ,KY,41385-0010,Private      ,1,1,2,71,45,116
03007000,FRONTIER SCH OF MIDWIFERY&FAMILY NU     ,KY,41749-0000,Private      ,0,258,258,9,2131,2140
03026200,HEAD'S WEST KENTUCKY BEAUTY COLLEGE     ,KY,42431-0000,Proprietary  ,1,8,9,18,91,109
03029200,NU-TEK ACADEMY OF BEAUTY                ,KY,40353-9767,Proprietary  ,2,10,12,38,71,109
03034500,OWENSBORO COMMUNITY & TECHNICAL COLLEGE ,KY,42303-1899,Public       ,61,167,228,1828,3675,5503
03083700,GALEN HEALTH INSTITUTES                 ,KY,40207-1047,Proprietary  ,52,390,442,958,5851,6809
03103500,MR JIM'S BEAUTY COLLEGE                 ,KY,42301-2646,Proprietary  ,0,11,11,21,80,101
03516500,EZELL'S COSMETOLOGY SCHOOL              ,KY,42071-2530,Proprietary  ,3,15,18,50,87,137
03611300,BRIGHTON CENTER'S CENTER FOR EMPLOY     ,KY,41071-1968,Private      ,3,52,55,14,158,172
03804300,BELLEFONTE ACADEMY OF BEAUTY            ,KY,41169-2015,Proprietary  ,6,21,27,36,219,255
03885300,EMPLOYMENT SOLUTIONS                    ,KY,40517-3260,Private      ,9,69,78,77,572,649
03886300,REGENCY SCHOOL OF HAIR DESIGN           ,KY,41653-1278,Proprietary  ,2,3,5,33,111,144
04038300,ATA CAREER EDUCATION                    ,KY,40223-3832,Proprietary  ,29,125,154,289,1527,1816
04051316,ART INSTITUTE OF PHOENIX (THE) - ATS - (,KY,41017-2136,Proprietary  ,9,61,70,198,891,1089
04051319,ART INSTITUTE OF PHOENIX (THE) - BROWN M,KY,40219-1916,Proprietary  ,1,29,30,241,736,977
04051320,ART INSTITUTE OF PHOENIX (THE) - BROWN M,KY,42240-3579,Proprietary  ,0,13,13,49,305,354
04123900,LEXINGTON HEALING ARTS ACADEMY          ,KY,40503-1932,Proprietary  ,9,26,35,70,285,355
04177600,LINDSEY INSTITUTE OF COSMETOLOGY        ,KY,42103-8036,Proprietary  ,5,17,22,105,194,299
04177700,TRI-STATE INSTITUTE OF HAIR DESIGN      ,KY,40744-5234,Proprietary  ,2,17,19,33,145,178
04178000,SIMMONS COLLEGE OF KENTUCKY             ,KY,40203-3322,Private      ,4,14,18,44,203,247
00200300,CENTENARY COLLEGE OF LOUISIANA          ,LA,71104-3396,Private      ,17,17,34,1267,491,1758
00200400,DILLARD UNIVERSITY                      ,LA,70122-3097,Private      ,53,52,105,3332,1780,5112
00200500,NICHOLLS STATE UNIVERSITY               ,LA,70310-0001,Public       ,72,126,198,6295,3250,9545
00200600,GRAMBLING STATE UNIVERSITY              ,LA,71245-2215,Public       ,124,154,278,7294,4672,11966
00200700,LOUISIANA COLLEGE                       ,LA,71359-0000,Private      ,19,42,61,1487,952,2439
00200800,LOUISIANA TECH UNIVERSITY               ,LA,71272-0001,Public       ,121,165,286,8009,3928,11937
00201000,LOUISIANA STATE UNIV & A&M COLG         ,LA,70803-5710,Public       ,339,249,588,28712,10315,39027
00201100,LOUISIANA STATE UNIV-ALEXANDRIA         ,LA,71302-9121,Public       ,28,85,113,2043,2530,4573
00201200,LOUISIANA STATE UNIV-EUNICE             ,LA,70535-6726,Public       ,41,63,104,2582,2338,4920
00201300,LOUISIANA STATE UNIV-SHREVEPORT         ,LA,71115-2399,Public       ,58,148,206,3571,4341,7912
00201400,LA STATE UNIV HEALTH SCIENCES CTR       ,LA,70112-2223,Public       ,1,97,98,689,2995,3684
00201500,(THE) UNIVERSITY OF NEW ORLEANS         ,LA,70148-0001,Public       ,120,264,384,7992,9129,17121
00201600,LOYOLA UNIVERSITY NEW ORLEANS           ,LA,70118-6195,Private      ,63,108,171,5713,3850,9563
00201700,MCNEESE STATE UNIVERSITY                ,LA,70609-4510,Public       ,99,161,260,6345,4673,11018
00201900,NEW ORLEANS BAPTIST THEOL SEMINARY      ,LA,70126-0000,Private      ,1,17,18,59,351,410
00202000,UNIVERSITY OF LOUISIANA AT MONROE       ,LA,71209-9001,Public       ,93,173,266,7216,5732,12948
00202100,NORTHWESTERN STATE UNIVERSITY           ,LA,71497-0001,Public       ,102,292,394,6858,7067,13925
00202200,NOTRE DAME SEMINARY                     ,LA,70118-0000,Private      ,1,2,3,13,63,76
00202300,OUR LADY OF HOLY CROSS COLLEGE          ,LA,70131-7399,Private      ,12,47,59,748,1753,2501
00202400,SOUTHEASTERN LOUISIANA UNIV             ,LA,70402-0001,Public       ,250,208,458,12705,7071,19776
00202500,SOUTHERN UNIVERSITY A & M COLLEGE       ,LA,70813-9374,Public       ,149,241,390,7706,8147,15853
00202600,SOUTHERN UNIV NEW ORLEANS               ,LA,70126-0002,Public       ,72,177,249,2757,5860,8617
00202700,ST JOSEPH SEMINARY COLLEGE              ,LA,70457-9990,Private      ,3,0,3,51,16,67
00202900,TULANE UNIVERSITY                       ,LA,70118-5698,Private      ,130,222,352,12989,8803,21792
00203100,UNIV OF LOUISIANA AT LAFAYETTE          ,LA,70504-0001,Public       ,191,225,416,15610,6873,22483
00203200,XAVIER UNIVERSITY OF LOUISIANA          ,LA,70125-1098,Private      ,89,45,134,5968,2489,8457
00462100,AYERS CAREER COLLEGE                    ,LA,71108-5845,Proprietary  ,6,86,92,94,571,665
00462500,DELGADO COMMUNITY COLLEGE               ,LA,70119-0000,Public       ,289,753,1042,10260,21290,31550
00546700,SOWELA TECHNICAL COMMUNITY COLLEGE      ,LA,70616-6950,Public       ,49,123,172,1401,2263,3664
00546702,SOWELA TECHNICAL COMMUNITY COLLEGE - MOR,LA,70546-1327,Public       ,1,5,6,72,150,222
00547100,NORTHEAST LOUISIANA TECHNICAL COLLEGE   ,LA,71292-9064,Public       ,8,57,65,360,1015,1375
00547101,NORTHEAST LOUISIANA TECHNICAL COLLEGE   ,LA,71241-0000,Public       ,1,1,2,15,68,83
00547102,NORTHEAST LOUISIANA TECHNICAL COLLEGE   ,LA,71270-0000,Public       ,5,20,25,197,405,602
00547103,NORTHEAST LOUISIANA TECHNICAL COLLEGE   ,LA,71295-0000,Public       ,15,19,34,98,271,369
00547104,NORTHEAST LOUISIANA TECHNICAL COLLEGE   ,LA,71220-0000,Public       ,2,17,19,84,251,335
00548800,LOUISIANA TECH COLG-BATON ROUGE         ,LA,70807-0000,Public       ,31,95,126,716,1641,2357
00548812,LOUISIANA TECH COLG-FOLKES CAMPUS       ,LA,70748-0000,Public       ,16,16,32,58,75,133
00548817,LOUISIANA TEC CLG-JUMONVILLE MEM CP     ,LA,70760-0000,Public       ,5,6,11,39,115,154
00548842,LOUISIANA TECHNICAL COLLEGE - WESTSIDE C,LA,70765-0733,Public       ,3,3,6,26,89,115
00548900,CENTRAL LOUISIANA TECHNICAL COLLEGE     ,LA,71302-3137,Public       ,9,39,48,255,851,1106
00548901,CENTRAL LOUISIANA TECHNICAL COLLEGE     ,LA,71327-3743,Public       ,3,12,15,81,167,248
00548902,CENTRAL LOUISIANA TECHNICAL COLLEGE     ,LA,71483-3563,Public       ,6,18,24,99,267,366
00548903,CENTRAL LOUISIANA TECHNICAL COLLEGE     ,LA,71302-6511,Public       ,9,22,31,86,420,506
00548904,CENTRAL LOUISIANA TECHNICAL COLLEGE     ,LA,71463-3536,Public       ,2,6,8,76,178,254
00548905,CENTRAL LOUISIANA TECHNICAL COLLEGE     ,LA,71334-2232,Public       ,3,16,19,103,287,390
00552600,SOUTH CENTRAL LOUISIANA TECHNICAL COLG  ,LA,70381-2148,Public       ,11,26,37,183,450,633
00552602,SOUTH CENTRAL LOUISIANA TECHNICAL COLG  ,LA,70302-4336,Public       ,4,16,20,167,322,489
00552603,SOUTH CENTRAL LOUISIANA TECHNICAL COLG  ,LA,70084-6632,Public       ,8,28,36,374,711,1085
00576100,L. E. FLETCHER TECHNICAL COMMUNITY COLLE,LA,70360-2863,Public       ,38,73,111,1140,1691,2831
00675600,NORTHSHORE TECHNICAL COLLEGE            ,LA,70427-5866,Public       ,13,45,58,294,877,1171
00675603,NORTHSHORE TECHNICAL COLLEGE - HAMMOND  ,LA,70401-0000,Public       ,23,73,96,527,1046,1573
00675604,NORTHSHORE TECHNICAL COLLEGE - FLORIDA  ,LA,70441-0000,Public       ,10,16,26,219,417,636
00768600,SOUTHERN UNIV AT SHREVEPORT/BOSSIER     ,LA,71107-4795,Public       ,80,214,294,1761,4056,5817
00777707,REMINGTON COLLEGE - CLEVELAND CAMPUS - L,LA,70508-5760,Private      ,6,12,18,178,309,487
00777708,REMINGTON COLLEGE - CLEVELAND CAMPUS - B,LA,70816-4040,Private      ,23,87,110,328,749,1077
00806700,LSU HEALTH SCIENCES CENTR-SHREVEPOR     ,LA,71130-3932,Public       ,5,40,45,373,1306,1679
00989800,DEMMON SCHOOL OF BEAUTY                 ,LA,70607-2128,Proprietary  ,1,14,15,42,137,179
00997500,NORTHWEST LOUISIANA TECHNICAL COLLEGE   ,LA,71055-2422,Public       ,10,46,56,234,599,833
00997503,NORTHWEST LOUISIANA TECHNICAL COLLEGE   ,LA,71137-8527,Public       ,20,103,123,397,1492,1889
00997504,NORTHWEST LOUISIANA TECHNICAL COLLEGE   ,LA,71052-1236,Public       ,3,10,13,62,195,257
00997505,NORTHWEST LOUISIANA TECHNICAL COLLEGE   ,LA,71449-0790,Public       ,7,11,18,43,173,216
00997506,NORTHWEST LOUISIANA TECHNICAL COLLEGE   ,LA,71458-0657,Public       ,8,24,32,239,444,683
01005701,AMERICAN COMMERCIAL COLLEGE             ,LA,71105-2502,Proprietary  ,3,10,13,34,242,276
01109700,CLOYD'S BEAUTY SCHOOL #1                ,LA,71291-3131,Proprietary  ,5,22,27,69,225,294
01163100,"D-JAY'S SCHL OF BEAUTY, ARTS & SCI      ",LA,70806-0000,Proprietary  ,7,21,28,67,228,295
01184100,JOHN JAY BEAUTY COLLEGE                 ,LA,70124-2592,Proprietary  ,6,23,29,126,317,443
01282300,PAT GOINS RUSTON BEAUTY SCHOOL          ,LA,71270-4301,Proprietary  ,2,8,10,43,71,114
01287900,PAT GOINS BENTON ROAD BEAUTY SCHOOL     ,LA,71111-4838,Proprietary  ,2,10,12,43,94,137
01288000,PAT GOINS BEAUTY SCHOOL                 ,LA,71201-5167,Proprietary  ,2,16,18,28,94,122
02055400,BOSSIER PARISH COMMUNITY COLLEGE        ,LA,71111-0000,Public       ,168,437,605,3928,6783,10711
02055500,DELTA SCH OF BUSINESS & TECHNOLOGY      ,LA,70601-0000,Proprietary  ,6,24,30,140,545,685
02117800,AVEDA INSTITUTE LAFAYETTE               ,LA,70503-3246,Proprietary  ,8,19,27,164,248,412
02166100,NUNEZ COMMUNITY COLLEGE                 ,LA,70043-0000,Public       ,33,131,164,869,2162,3031
02166200,ITI TECHNICAL COLLEGE                   ,LA,70817-0000,Proprietary  ,50,98,148,622,1096,1718
02197500,BATON ROUGE SCHOOL OF COMPUTERS         ,LA,70809-8188,Proprietary  ,5,15,20,88,183,271
02214800,ACADIANA TECHNICAL COLLEGE              ,LA,70506-4109,Public       ,20,53,73,798,1475,2273
02214802,ACADIANA TECHNICAL COLLEGE - ACADIAN    ,LA,70526-4109,Public       ,6,17,23,138,293,431
02214803,ACADIANA TECHNICAL COLLEGE - C.B. COREIL,LA,70586-0000,Public       ,7,11,18,139,220,359
02214804,ACADIANA TECHNICAL COLLEGE - EVANGELINE ,LA,70582-0000,Public       ,5,10,15,94,253,347
02214805,ACADIANA TECHNICAL COLLEGE - GULF AREA  ,LA,70510-0000,Public       ,12,18,30,187,373,560
02214806,ACADIANA TECHNICAL COLLEGE - T.H. HARRIS,LA,70570-0000,Public       ,12,22,34,401,701,1102
02214807,ACADIANA TECHNICAL COLLEGE - TECHE AREA ,LA,70562-0000,Public       ,14,15,29,260,491,751
02234000,CAMERON COLLEGE                         ,LA,70119-0000,Proprietary  ,8,52,60,138,519,657
02258400,AVEDA INSTITUTE BATON ROUGE             ,LA,70816-2246,Proprietary  ,18,45,63,258,445,703
02260200,DIESEL DRIVING ACADEMY                  ,LA,71109-5617,Proprietary  ,16,118,134,79,589,668
02265600,JOHN JAY KENNER ACADEMY                 ,LA,70062-0000,Proprietary  ,5,15,20,47,135,182
02269300,STEVENSON'S ACADEMY OF HAIR DESIGN      ,LA,70116-0000,Proprietary  ,11,25,36,116,316,432
02327800,PINEVILLE BEAUTY SCHOOL                 ,LA,71360-0000,Proprietary  ,3,10,13,75,112,187
02335700,BATON ROUGE GENERAL MEDICAL CENTER      ,LA,70806-3889,Private      ,3,10,13,121,274,395
02335701,BATON ROUGE GEN MED CTR SCH NSG         ,LA,70821-0000,Private      ,4,17,21,104,377,481
02335702,BATON ROUGE GEN MED CTR-RAD TECH        ,LA,70806-0000,Private      ,2,15,17,81,198,279
02338000,"CLOYD'S BEAUTY SCHOOL #2, INC           ",LA,71202-3539,Proprietary  ,6,19,25,74,198,272
02352500,"CLOYD'S BEAUTY SCHOOL #3, INC           ",LA,71201-3211,Proprietary  ,6,24,30,68,209,277
02358600,"STAGE ONE THE HAIR SCHOOL, INC.         ",LA,70605-0000,Proprietary  ,6,25,31,95,213,308
02518300,SOUTH LOUISIANA BEAUTY COLLEGE          ,LA,70363-0000,Proprietary  ,4,9,13,28,116,144
02536400,LOUISIANA ACADEMY OF BEAUTY             ,LA,70535-0000,Proprietary  ,3,6,9,43,85,128
02538300,DELTA COLLEGE OF ARTS & TECH INC        ,LA,70806-1529,Proprietary  ,22,98,120,280,1007,1287
02538301,DELTA COLLEGE OF ARTS & TECHNOLOGY - LAF,LA,70508-6831,Proprietary  ,5,33,38,142,456,598
02548500,COSMETOLOGY TRAINING CENTER             ,LA,70503-0000,Proprietary  ,7,14,21,117,141,258
02554800,VANGUARD COLLEGE OF COSMETOLOGY         ,LA,70458-8823,Proprietary  ,15,21,36,226,292,518
02582200,"GUY'S ACADEMY HAIR, SKIN & NAILS        ",LA,71105-2404,Proprietary  ,7,25,32,76,272,348
02600900,AVEDA INSTITUTE                         ,LA,70433-2922,Proprietary  ,145,285,430,1264,2246,3510
02601000,AMERICAN SCHOOL OF BUSINESS             ,LA,71105-5646,Proprietary  ,6,17,23,52,226,278
02601100,OPELOUSAS SCHOOL OF COSMETOLOGY         ,LA,70570-6156,Proprietary  ,2,3,5,38,78,116
02606800,CAREER TRAINING SPECIALISTS             ,LA,71201-6046,Proprietary  ,25,92,117,360,1167,1527
02606801,CAREER TECHNICAL COLLEGE - SHREVEPORT   ,LA,71105-2405,Proprietary  ,18,87,105,266,974,1240
02617100,BATON ROUGE COLLEGE                     ,LA,70806-1725,Proprietary  ,9,20,29,207,385,592
02619200,DENHAM SPRINGS BEAUTY COLLEGE           ,LA,70726-3829,Proprietary  ,5,15,20,56,124,180
03010400,CRESCENT CITY SCH GAMING & BARTENDG     ,LA,70119-5507,Proprietary  ,15,112,127,145,949,1094
03010624,VIRGINIA COLLEGE - BATON ROUGE          ,LA,70815-8604,Proprietary  ,3,28,31,175,655,830
03023500,CAMELOT CAREER COLLEGE                  ,LA,70805-7539,Proprietary  ,7,35,42,153,457,610
03030900,DIESEL DRIVING ACADEMY                  ,LA,70815-8109,Proprietary  ,14,112,126,100,710,810
03095100,GRETNA CAREER COLLEGE                   ,LA,70053-2436,Proprietary  ,3,4,7,70,256,326
03106200,OUR LADY OF THE LAKE COLLEGE            ,LA,70808-4345,Private      ,10,57,67,1206,2388,3594
03253300,JONESVILLE BEAUTY SCHOOL                ,LA,71343-0000,Proprietary  ,7,16,23,92,155,247
03294300,BLUE CLIFF SCH THERAPEUTIC MASSAGE      ,LA,70002-3458,Proprietary  ,42,198,240,432,1583,2015
03332600,DELTA COLLEGE                           ,LA,70433-9042,Proprietary  ,10,31,41,221,599,820
03332601,DELTA COLLEGE - SLIDELL                 ,LA,70460-2624,Proprietary  ,6,52,58,178,645,823
03356300,MEDICAL TRAINING COLLEGE                ,LA,70816-5820,Proprietary  ,10,62,72,211,565,776
03422500,BLUE CLIFF COLLEGE                      ,LA,71107-6520,Proprietary  ,20,139,159,325,1402,1727
03422600,BLUE CLIFF COLLEGE                      ,LA,70508-3858,Proprietary  ,35,127,162,367,1305,1672
03480300,MEDVANCE INSTITUTE                      ,LA,70809-1908,Proprietary  ,26,78,104,237,760,997
03498400,OMEGA INSTITUTE OF COSMETOLOGY          ,LA,70360-0000,Proprietary  ,2,10,12,61,104,165
03727500,MOORE CAREER COLLEGE                    ,LA,70808-4191,Proprietary  ,0,7,7,26,86,112
03730300,BATON ROUGE COMMUNITY COLLEGE           ,LA,78806-4129,Public       ,157,323,480,6592,7999,14591
03752400,SCHOOL OF URBAN MISSIONS                ,LA,70053-0000,Private      ,5,15,20,185,333,518
03789300,UNITECH TRAINING ACADEMY                ,LA,70503-5132,Proprietary  ,17,95,112,186,581,767
03789301,UNITECH TRAINING ACADEMY - WEST MONROE  ,LA,71291-2913,Proprietary  ,5,63,68,95,490,585
03789302,UNITECH TRAINING ACADEMY - HOUMA        ,LA,70363-5556,Proprietary  ,7,31,38,68,250,318
03789303,UNITECH TRAINING ACADEMY -  ALEXANDRIA  ,LA,71303-3625,Proprietary  ,15,55,70,111,383,494
03789304,UNITECH TRAINING ACADEMY - LAKE CHARLES ,LA,70601-7887,Proprietary  ,19,46,65,141,425,566
03789400,RIVER PARISHES COMMUNITY COLLEGE        ,LA,70778-0310,Public       ,42,69,111,1099,1525,2624
03810500,COURT REPORTING INSTITUTE OF LOUISI     ,LA,70816-0000,Proprietary  ,0,12,12,15,142,157
03956300,SOUTH LOUISIANA COMMUNITY COLLEGE       ,LA,70506-0000,Public       ,70,99,169,2722,2918,5640
04040300,COMPASS CAREER COLLEGE                  ,LA,70403-0653,Proprietary  ,5,29,34,128,404,532
04112300,LOUISIANA CULINARY INSTITUTE            ,LA,70816-4109,Proprietary  ,12,31,43,321,431,752
04120700,ALDEN'S SCHOOL OF COSMETOLOGY           ,LA,70714-1502,Proprietary  ,1,0,1,17,51,68
04130100,LOUISIANA DELTA COMMUNITY COLLEGE       ,LA,71203-3618,Public       ,60,156,216,1957,3239,5196
04130101,LOUISIANA TECHNICAL COLG - TALLULAH     ,LA,71284-0000,Public       ,3,8,11,58,122,180
04149500,A & W HEALTHCARE EDUCATORS              ,LA,70122-3146,Proprietary  ,1,30,31,67,431,498
04151600,MY-LE'S BEAUTY COLLEGE                  ,LA,70056-3150,Proprietary  ,4,24,28,41,146,187
04217000,HEALTHCARE TRAINING INSTITUTE           ,LA,70062-7630,Proprietary  ,0,21,21,0,23,23
00143600,CAPITOL COLLEGE                         ,MD,20708-9759,Private      ,1,39,40,503,675,1178
00146200,WASHINGTON BIBLE COLLEGE                ,MD,20706-3599,Private      ,1,10,11,83,467,550
00205700,ALLEGANY COLLEGE OF MARYLAND            ,MD,21502-2596,Public       ,49,98,147,2818,2449,5267
00205800,ANNE ARUNDEL COMMUNITY COLLEGE          ,MD,21012-1895,Public       ,242,730,972,5891,10787,16678
00206100,BALTIMORE CITY COMMUNITY COLLEGE        ,MD,21215-7893,Public       ,159,668,827,4634,12246,16880
00206200,BOWIE STATE UNIVERSITY                  ,MD,20715-9465,Public       ,147,267,414,8287,6873,15160
00206300,COMMUNITY COLLEGE OF BALTIMORE COUNTY   ,MD,21228-5381,Public       ,373,1172,1545,11021,20561,31582
00206400,COLLEGE OF SOUTHERN MARYLAND            ,MD,20646-0910,Public       ,137,355,492,4097,6074,10171
00206500,NOTRE DAME OF MARYLAND UNIVERSITY       ,MD,21210-2476,Private      ,28,125,153,1232,2498,3730
00206700,WASHINGTON ADVENTIST UNIVERSITY         ,MD,20912-7796,Private      ,13,50,63,1090,1526,2616
00206800,COPPIN STATE UNIVERSITY                 ,MD,21216-3698,Public       ,93,207,300,5181,6670,11851
00207100,FREDERICK COMMUNITY COLLEGE             ,MD,21702-9745,Public       ,84,236,320,2480,3576,6056
00207200,FROSTBURG STATE UNIVERSITY              ,MD,21532-1099,Public       ,84,74,158,7110,2069,9179
00207300,GOUCHER COLLEGE                         ,MD,21204-2794,Private      ,30,55,85,3518,1244,4762
00207400,HAGERSTOWN COMMUNITY COLLEGE            ,MD,21742-6514,Public       ,53,278,331,2215,3977,6192
00207500,HARFORD COMMUNITY COLLEGE               ,MD,21015-1696,Public       ,110,246,356,2622,3692,6314
00207600,HOOD COLLEGE                            ,MD,21701-8575,Private      ,25,46,71,2669,1160,3829
00207700,JOHNS HOPKINS UNIVERSITY                ,MD,21218-2693,Private      ,110,96,206,10201,2805,13006
00207702,JOHNS HOPKINS UNIV SCH ARTS/SCI/ENG     ,MD,21218-0000,Private      ,30,111,141,4188,2555,6743
00207703,JOHNS HOPKINS UNIV SCH OF BUS/ED        ,MD,21046-0000,Private      ,6,66,72,121,1809,1930
00207705,JOHNS HOPKINS BLOOMBERG SCH OF PH       ,MD,21205-0000,Private      ,3,34,37,77,1825,1902
00207706,JOHNS HOPKINS UNIV SCH OF MEDICINE      ,MD,21205-0000,Private      ,5,29,34,401,1411,1812
00207707,JOHNS HOPKINS UNIV SCH OF NURSING       ,MD,21205-0000,Private      ,14,72,86,478,1802,2280
00207708,JOHNS HOPKINS UNIV PEABODY CONSERV      ,MD,21202-2397,Private      ,7,4,11,679,551,1230
00207800,LOYOLA UNIVERSITY MARYLAND              ,MD,21210-2699,Private      ,84,104,188,9790,3310,13100
00208000,MARYLAND INST COLLEGE OF ART            ,MD,21217-4191,Private      ,50,29,79,3325,1251,4576
00208300,MORGAN STATE UNIVERSITY                 ,MD,21251-0002,Public       ,195,267,462,12854,8804,21658
00208600,MOUNT SAINT MARY'S UNIVERSITY           ,MD,21727-7799,Private      ,18,51,69,3731,598,4329
00208700,NER ISRAEL RABBINICAL COLLEGE           ,MD,21208-1198,Private      ,8,2,10,102,58,160
00208900,PRINCE GEORGES COMMUNITY COLLEGE        ,MD,20774-2199,Public       ,262,773,1035,8024,14481,22505
00209100,SALISBURY UNIVERSITY                    ,MD,21801-6862,Public       ,156,82,238,13060,2904,15964
00209200,ST JOHN'S COLLEGE                       ,MD,21404-0000,Private      ,5,22,27,670,234,904
00209500,ST. MARY'S COLLEGE OF MARYLAND          ,MD,20686-3001,Public       ,24,18,42,2777,376,3153
00209600,ST MARY'S SEMINARY & UNIV               ,MD,21210-1994,Private      ,1,4,5,34,114,148
00209900,TOWSON UNIVERSITY                       ,MD,21252-0002,Public       ,351,302,653,27963,10433,38396
00210200,UNIVERSITY OF BALTIMORE                 ,MD,21201-5779,Public       ,44,230,274,2378,8617,10995
00210300,"UNIVERSITY OF MARYLAND, COLLEGE PARK    ",MD,20742-5145,Public       ,436,609,1045,35922,16940,52862
00210400,"UNIVERSITY OF MARYLAND, BALTIMORE       ",MD,21201-1691,Public       ,105,317,422,5026,13151,18177
00210500,UMBC                                    ,MD,21250-0002,Public       ,191,246,437,11924,7232,19156
00210600,UNIVERSITY MARYLAND EASTERN SHORE       ,MD,21853-4053,Public       ,120,80,200,6805,2879,9684
00210700,STEVENSON UNIVERSITY                    ,MD,21153-0641,Private      ,83,120,203,7207,2532,9739
00210800,WASHINGTON COLLEGE                      ,MD,21620-1197,Private      ,28,6,34,2976,160,3136
00210900,MCDANIEL COLLEGE                        ,MD,21157-4390,Private      ,28,34,62,3496,870,4366
00458612,KAPLAN COLLEGE                          ,MD,21742-2797,Proprietary  ,37,166,203,342,1820,2162
00458614,KAPLAN COLLEGE - FREDERICK              ,MD,21704-8307,Proprietary  ,5,41,46,74,486,560
00465000,CHESAPEAKE COLLEGE                      ,MD,21679-0008,Public       ,30,108,138,1486,2012,3498
00691100,MONTGOMERY COLLEGE                      ,MD,20850-1195,Public       ,379,751,1130,12716,14084,26800
00734100,INTERNATIONAL BEAUTY SCHOOL             ,MD,21502-2370,Proprietary  ,11,58,69,81,525,606
00744700,DEL-MAR-VA BEAUTY ACADEMY               ,MD,21804-0000,Proprietary  ,3,23,26,83,217,300
00749100,TESST COLLEGE OF TECHNOLOGY             ,MD,21227-1063,Proprietary  ,34,163,197,489,1795,2284
00793600,LINCOLN TECHNICAL INSTITUTE             ,MD,21046-1544,Proprietary  ,81,153,234,693,1178,1871
00817500,HOWARD COMMUNITY COLLEGE                ,MD,21044-3197,Public       ,158,328,486,4251,5514,9765
00826300,AWARD BEAUTY SCHOOL                     ,MD,21740-5624,Proprietary  ,9,60,69,77,334,411
00830800,CECIL COLLEGE                           ,MD,21901-1999,Public       ,34,134,168,1358,1848,3206
00907906,EVEREST COLLEGE- EVEREST INSTITUTE      ,MD,20910-3737,Proprietary  ,33,144,177,333,1113,1446
01001400,GARRETT COMMUNITY COLLEGE               ,MD,21541-1265,Public       ,18,23,41,1106,504,1610
01031900,MEDIX SCHOOL                            ,MD,21204-2538,Proprietary  ,68,312,380,779,3310,4089
01041000,TESST COLLEGE OF TECHNOLOGY             ,MD,21286-2201,Proprietary  ,21,105,126,246,811,1057
01164400,UNIV OF MARYLAND UNIVERSITY COLLEGE     ,MD,20783-8078,Public       ,154,4690,4844,3556,46447,50003
01164402,U OF MD UNIVERSITY COLLEGE - EUROPE     ,MD,20832-0000,Public       ,11,114,125,401,1071,1472
01164404,U OF MD UNIVERSITY COLLEGE - ASIA       ,MD,31207-0000,Public       ,6,157,163,95,1162,1257
02073900,WOR-WIC COMMUNITY COLLEGE               ,MD,21804-0000,Public       ,56,191,247,1948,3628,5576
02083600,TESST COLLEGE OF TECHNOLOGY             ,MD,20705-2698,Proprietary  ,33,109,142,265,867,1132
02116005,SANFORD-BROWN INSTITUTE - LANDOVER      ,MD,20785-2287,Proprietary  ,4,26,30,146,750,896
02127900,SOJOURNER DOUGLASS COLLEGE              ,MD,21205-0000,Private      ,14,217,231,344,3835,4179
02155100,MARYLAND COLLEGE OF ART AND DESIGN      ,MD,20902-0000,Private      ,5,11,16,192,225,417
02269700,"COLORLAB ACADEMY OF HAIR, THE           ",MD,21014-3639,Proprietary  ,6,14,20,51,107,158
02314800,BALTIMORE INTERNATIONAL COLLEGE         ,MD,21202-0000,Private      ,0,0,0,73,126,199
02331000,MARYLAND BEAUTY ACADEMY OF ESSEX        ,MD,21221-0000,Proprietary  ,9,25,34,107,284,391
02333000,HAIR ACADEMY                            ,MD,20784-0000,Proprietary  ,25,90,115,225,579,804
02343800,MONTGOMERY BEAUTY SCHOOL                ,MD,20901-0000,Proprietary  ,7,29,36,108,329,437
02494700,BALTIMORE STUDIO OF HAIR DESIGN         ,MD,21201-0000,Proprietary  ,5,31,36,144,405,549
02495000,ROBERT PAUL ACAD COSMTGY ARTS & SCI     ,MD,21093-0000,Proprietary  ,4,7,11,79,103,182
02495100,MARYLAND BEAUTY ACADEMY                 ,MD,21136-0000,Proprietary  ,1,6,7,29,85,114
02545400,NORTH AMERICAN TRADE SCHOOLS            ,MD,21244-0069,Proprietary  ,25,192,217,269,1292,1561
02573800,"L' ACADEMIE DE CUISINE, INC.            ",MD,20877-0000,Proprietary  ,9,26,35,92,311,403
02578400,TAI SOPHIA INSTITUTE                    ,MD,20723-6010,Private      ,0,57,57,5,531,536
03027200,BLADES SCHOOL OF HAIR DESIGN            ,MD,20619-0226,Proprietary  ,6,16,22,37,151,188
03064900,AARON'S ACADEMY OF BEAUTY               ,MD,20602-2715,Proprietary  ,4,11,15,66,164,230
03097200,AESTHETICS INSTITUTE OF COSMETOLOGY     ,MD,20877-1305,Proprietary  ,2,13,15,34,159,193
03100700,CARROLL COMMUNITY COLLEGE               ,MD,21157-6913,Public       ,55,100,155,1480,1716,3196
03148300,AMERICAN BEAUTY ACADEMY                 ,MD,20902-1911,Proprietary  ,56,132,188,352,958,1310
03296300,BALTIMORE SCHOOL OF MASSAGE             ,MD,21090-2261,Proprietary  ,34,119,153,173,695,868
03327300,NEW CREATIONS ACADEMY OF HAIR DSN       ,MD,20746-0000,Proprietary  ,2,31,33,52,212,264
03455500,NATIONAL LABOR COLLEGE                  ,MD,20903-1790,Private      ,1,24,25,17,487,504
03493300,ALL-STATE CAREER SCHOOL                 ,MD,21224-6658,Proprietary  ,58,371,429,635,2960,3595
03667300,FAITH THEOLOGICAL SEMINARY              ,MD,21212-2624,Private      ,0,9,9,1,26,27
03771300,AMERICAN CAREER INSTITUTE               ,MD,20902-4637,Proprietary  ,13,43,56,613,2654,3267
03822400,MAPLE SPRINGS BAPTIST BIBLE COLLEGE & SE,MD,20743-5711,Private      ,0,4,4,2,62,64
03937300,YESHIVA COLLEGE OF THE NATION'S CAPITAL ,MD,20902-1700,Private      ,0,0,0,15,37,52
03965500,HAIR EXPRESSIONS ACADEMY                ,MD,20852-1729,Proprietary  ,15,36,51,80,247,327
04139700,FREDERICK SCHOOL OF COSMETOLOGY         ,MD,21701-0000,Proprietary  ,4,7,11,58,73,131
04141600,OMEGA STUDIOS' SCHOOL OF APPLIED RECORDI,MD,20852-1731,Proprietary  ,6,15,21,82,186,268
04151800,TEMPLE (THE): A PAUL MITCHELL PARTNER SC,MD,21701-5409,Proprietary  ,19,12,31,153,186,339
04168900,HOLISTIC MASSAGE TRAINING INSTITUTE     ,MD,21218-2407,Proprietary  ,1,12,13,27,197,224
04188400,BAIS HAMEDRASH AND MESIVTA OF BALTIMORE ,MD,21209-1613,Private      ,7,1,8,42,23,65
04204000,ASPEN BEAUTY ACADEMY - LAUREL           ,MD,20724-2013,Proprietary  ,3,12,15,57,193,250
04209600,INSTITUTE OF HEALTH SCIENCES            ,MD,21031-1408,Proprietary  ,0,26,26,1,30,31
04211700,HARMON'S BEAUTY SCHOOL                  ,MD,20785-2135,Proprietary  ,3,12,15,3,14,17
00211400,AMERICAN INTERNATIONAL COLLEGE          ,MA,01109-3189,Private      ,14,124,138,2120,3500,5620
00211500,AMHERST COLLEGE                         ,MA,01002-5000,Private      ,34,5,39,5130,420,5550
00211600,ANDOVER NEWTON THEOLOGICAL SCHOOL       ,MA,02459-0000,Private      ,0,3,3,1,202,203
00211700,ANNA MARIA COLLEGE                      ,MA,01612-1198,Private      ,21,47,68,1784,765,2549
00211800,ASSUMPTION COLLEGE                      ,MA,01615-1294,Private      ,34,23,57,4936,944,5880
00212000,MERRIMACK COLLEGE                       ,MA,01845-5800,Private      ,43,28,71,5603,598,6201
00212100,BABSON COLLEGE                          ,MA,02457-0310,Private      ,28,54,82,2900,905,3805
00212200,BAY PATH COLLEGE                        ,MA,01106-2212,Private      ,4,102,106,1029,2592,3621
00212300,BECKER COLLEGE-WORCESTER                ,MA,01615-0071,Private      ,38,56,94,3170,1359,4529
00212400,BENTLEY UNIVERSITY                      ,MA,02452-4705,Private      ,38,17,55,6016,957,6973
00212600,BERKLEE COLLEGE OF MUSIC                ,MA,02215-3693,Private      ,82,62,144,5411,1665,7076
00212800,BOSTON COLLEGE                          ,MA,02467-3800,Private      ,111,72,183,21651,6949,28600
00212900,BOSTON CONSERVATORY OF MUSIC            ,MA,02215-9830,Private      ,7,5,12,1269,396,1665
00213000,BOSTON UNIVERSITY                       ,MA,02215-1789,Private      ,308,399,707,36634,20470,57104
00213300,BRANDEIS UNIVERSITY                     ,MA,02453-2700,Private      ,30,28,58,5688,1545,7233
00213900,CLARK UNIVERSITY                        ,MA,01610-1473,Private      ,25,24,49,3931,996,4927
00214000,ELMS COLLEGE                            ,MA,01013-2839,Private      ,12,21,33,1278,1099,2377
00214100,COLLEGE OF THE HOLY CROSS               ,MA,01610-2395,Private      ,21,9,30,6143,197,6340
00214300,CURRY COLLEGE                           ,MA,02186-2395,Private      ,54,60,114,5448,1635,7083
00214400,DEAN COLLEGE                            ,MA,02038-1994,Private      ,31,16,47,1989,391,2380
00214500,EASTERN NAZARENE COLLEGE                ,MA,02170-2999,Private      ,5,28,33,1016,758,1774
00214507,EASTERN NAZARENE CLG - LEAD PROGRAM     ,MA,02170-0000,Private      ,0,16,16,67,996,1063
00214600,EMERSON COLLEGE                         ,MA,02116-4624,Private      ,51,20,71,7614,1815,9429
00214700,EMMANUEL COLLEGE                        ,MA,02115-5798,Private      ,41,19,60,5912,687,6599
00214800,ENDICOTT COLLEGE                        ,MA,01915-2098,Private      ,32,79,111,4872,892,5764
00214900,EPISCOPAL DIVINITY SCHOOL               ,MA,02138-0000,Private      ,0,2,2,0,86,86
00215000,FISHER COLLEGE                          ,MA,02116-1500,Private      ,38,156,194,1711,1898,3609
00215100,BENJAMIN FRANKLIN INSTITUTE OF TECH     ,MA,02116-6296,Public       ,21,16,37,652,464,1116
00215300,GORDON COLLEGE                          ,MA,01984-1899,Private      ,11,13,24,2472,266,2738
00215400,HELLENIC COLLEGE                        ,MA,02445-7496,Private      ,3,3,6,92,135,227
00215500,HARVARD UNIVERSITY                      ,MA,02138-3800,Private      ,45,49,94,4773,1128,5901
00215501,AMRCN REPERTORY THTR INST ADV THTR      ,MA,02138-0000,Private      ,0,2,2,4,128,132
00215502,HARVARD BUSINESS SCHOOL                 ,MA,02163-0000,Private      ,8,31,39,256,1869,2125
00215503,HARVARD EXTENSION SCHOOL                ,MA,02138-0000,Private      ,7,101,108,184,1770,1954
00215504,HARVARD SCH OF DENTAL MEDICINE          ,MA,02115-0000,Private      ,1,4,5,32,219,251
00215505,HARVARD UNIV GRAD SCH DESIGN            ,MA,02138-0000,Private      ,0,13,13,8,1045,1053
00215506,HARVARD DIVINITY SCHOOL                 ,MA,02138-0000,Private      ,0,6,6,17,561,578
00215507,HARVARD UNIV GRAD SCH ED                ,MA,02138-0000,Private      ,0,30,30,16,1614,1630
00215508,HARVARD UNIV GRAD S OF ARTS & SCIEN     ,MA,02138-0000,Private      ,1,29,30,68,1066,1134
00215509,HARVARD KENNEDY SCHOOL                  ,MA,02138-0000,Private      ,0,9,9,9,1454,1463
00215510,HARVARD LAW SCHOOL                      ,MA,02138-0000,Private      ,6,20,26,155,3403,3558
00215511,HARVARD UNIV MEDICAL SCHOOL             ,MA,02115-0000,Private      ,5,11,16,237,1188,1425
00215512,HARVARD UNIV SCH PUBLIC HEALTH          ,MA,02115-0000,Private      ,1,15,16,49,991,1040
00215513,HARVARD UNIVERSITY-HARVARD COLLEGE      ,MA,02138-0000,Private      ,148,41,189,20187,1436,21623
00215700,HEBREW COLLEGE                          ,MA,02459-2237,Private      ,0,4,4,2,103,105
00215800,LASELL COLLEGE                          ,MA,02466-2716,Private      ,28,38,66,3485,557,4042
00216000,LESLEY UNIVERSITY                       ,MA,02138-2790,Private      ,35,191,226,3169,4469,7638
00216100,UMASS LOWELL                            ,MA,01854-3089,Public       ,141,331,472,13992,7359,21351
00216400,NEW ENGLAND COLLEGE OF OPTOMETRY        ,MA,02115-1129,Private      ,0,5,5,16,442,458
00216500,MASS. COLLEGE OF PHARMACY  & HEALTH SCIE,MA,02115-5804,Private      ,47,42,89,6083,4247,10330
00216700,BERKSHIRE COMMUNITY COLLEGE             ,MA,01201-5786,Public       ,16,61,77,1151,1797,2948
00216800,CAPE COD COMMUNITY COLLEGE              ,MA,02668-1599,Public       ,67,180,247,1923,2838,4761
00216900,GREENFIELD COMMUNITY COLLEGE            ,MA,01301-9739,Public       ,42,89,131,1052,1864,2916
00217000,HOLYOKE COMMUNITY COLLEGE               ,MA,01040-1099,Public       ,83,168,251,4314,5715,10029
00217100,MASSACHUSETTS BAY COMMUNITY COLLEGE     ,MA,02181-0000,Public       ,49,144,193,2637,3184,5821
00217200,MOUNT WACHUSETT COMMUNITY COLLEGE       ,MA,01440-1000,Public       ,55,198,253,2259,4003,6262
00217300,NORTH SHORE COMMUNITY COLLEGE           ,MA,01923-4093,Public       ,98,261,359,3905,5699,9604
00217400,NORTHERN ESSEX COMMUNITY COLLEGE        ,MA,01830-2399,Public       ,114,272,386,3604,5273,8877
00217500,QUINSIGAMOND COMMUNITY COLLEGE          ,MA,01606-2092,Public       ,123,272,395,4857,6924,11781
00217600,BRISTOL COMMUNITY COLLEGE               ,MA,02720-7399,Public       ,120,286,406,4832,6533,11365
00217700,MASSASOIT COMMUNITY COLLEGE             ,MA,02302-3996,Public       ,82,195,277,4087,5356,9443
00217800,MASSACHUSETTS INST OF TECHNOLOGY        ,MA,02139-4307,Private      ,97,120,217,12649,3857,16506
00218000,MASSACHUSETTS COLLEGE OF ART AND DESIGN ,MA,02115-5803,Public       ,30,13,43,2737,1111,3848
00218100,MASSACHUSETTS MARITIME ACADEMY          ,MA,02532-3400,Public       ,13,8,21,1517,186,1703
00218300,BRIDGEWATER STATE COLLEGE               ,MA,02325-0001,Public       ,103,116,219,12668,4445,17113
00218400,FITCHBURG STATE UNIVERSITY              ,MA,01420-2697,Public       ,48,58,106,6022,1952,7974
00218500,FRAMINGHAM STATE COLLEGE                ,MA,01702-2471,Public       ,61,58,119,7619,1962,9581
00218700,MASSACHUSETTS CLG OF LIBERAL ARTS       ,MA,01247-4100,Public       ,16,16,32,2422,678,3100
00218800,SALEM STATE UNIVERSITY                  ,MA,01970-5353,Public       ,162,147,309,9687,4783,14470
00218900,WESTFIELD STATE COLLEGE                 ,MA,01086-1630,Public       ,59,48,107,8428,2213,10641
00219000,WORCESTER STATE COLLEGE                 ,MA,01602-2597,Public       ,53,81,134,6894,2985,9879
00219200,MOUNT HOLYOKE COLLEGE                   ,MA,01075-1492,Private      ,11,4,15,2988,375,3363
00219300,MOUNT IDA COLLEGE                       ,MA,02459-3323,Private      ,22,10,32,2176,479,2655
00219400,NEW ENGLAND CONSERVATORY OF MUSIC       ,MA,02115-5018,Private      ,8,4,12,803,641,1444
00219700,NICHOLS COLLEGE                         ,MA,01571-6346,Private      ,16,18,34,2123,481,2604
00219900,NORTHEASTERN UNIVERSITY                 ,MA,02115-5000,Private      ,280,502,782,35909,14146,50055
00220100,PINE MANOR COLLEGE                      ,MA,02167-0000,Private      ,1,5,6,378,161,539
00220200,BLESSED JOHN XXIII NATIONAL SEMINARY    ,MA,02493-0000,Private      ,0,0,0,0,6,6
00220500,QUINCY COLLEGE                          ,MA,02169-4501,Public       ,43,145,188,1902,4338,6240
00220600,REGIS COLLEGE                           ,MA,02193-0000,Private      ,22,19,41,2179,1080,3259
00220800,SIMMONS COLLEGE                         ,MA,02115-5898,Private      ,36,68,104,3727,4159,7886
00220900,SMITH COLLEGE                           ,MA,01063-2936,Private      ,21,7,28,3719,517,4236
00220901,"SMITH COLLEGE, SCH FOR SOCIAL WORK      ",MA,01063-0000,Private      ,0,18,18,17,591,608
00221000,UNIV OF MASSACHUSETTS-DARTMOUTH         ,MA,02747-2300,Public       ,105,96,201,13429,4318,17747
00221100,SPRINGFIELD COLLEGE                     ,MA,01109-3797,Private      ,23,157,180,4277,4947,9224
00221400,ST JOHN'S SEMINARY                      ,MA,02135-8839,Private      ,2,8,10,16,63,79
00221700,STONEHILL COLLEGE                       ,MA,02357-6110,Private      ,30,10,40,6223,203,6426
00221800,SUFFOLK UNIVERSITY                      ,MA,02108-2770,Private      ,85,55,140,9999,5694,15693
00221900,TUFTS UNIVERSITY                        ,MA,02155-5808,Private      ,65,40,105,10765,2791,13556
00221901,TUFTS UNIV SCH OF DENTAL MEDICINE       ,MA,02111-0000,Private      ,0,6,6,43,1012,1055
00221902,TUFTS UNIVERSITY - CUMMINGS SCHOOL OF VE,MA,01536-0000,Private      ,0,2,2,34,540,574
00221904,TUFTS UNIV SCHOOL OF MEDICINE           ,MA,02111-0000,Private      ,3,8,11,113,2067,2180
00222100,UNIV OF MASSACHUSETTS-AMHERST           ,MA,01003-0000,Public       ,302,221,523,41370,9112,50482
00222200,UNIV OF MASSACHUSETTS-BOSTON            ,MA,02125-3393,Public       ,166,360,526,14040,13525,27565
00222400,WELLESLEY COLLEGE                       ,MA,02481-8203,Private      ,24,5,29,3713,281,3994
00222500,WENTWORTH INSTITUTE OF TECHNOLOGY       ,MA,02115-5998,Private      ,52,33,85,5938,1100,7038
00222600,WESTERN NEW ENGLAND UNIVERSITY          ,MA,01119-2654,Private      ,47,41,88,6449,2091,8540
00222700,WHEATON COLLEGE                         ,MA,02766-2322,Private      ,13,6,19,2938,143,3081
00222800,WHEELOCK COLLEGE                        ,MA,02215-4176,Private      ,12,19,31,1796,978,2774
00222900,WILLIAMS COLLEGE                        ,MA,01267-2600,Private      ,20,6,26,4480,160,4640
00223300,WORCESTER POLYTECHNIC INSTITUTE         ,MA,01609-2280,Private      ,39,28,67,7400,761,8161
00267104,BARD COLLEGE - LONGY SCHOOL OF MUSIC    ,MA,02138-3599,Private      ,0,5,5,44,173,217
00396500,BAY STATE COLLEGE                       ,MA,02116-2901,Proprietary  ,26,57,83,1651,1547,3198
00396600,BOSTON ARCHITECTURAL COLLEGE            ,MA,02115-2795,Private      ,5,18,23,428,1031,1459
00466100,HAMPSHIRE COLLEGE                       ,MA,01002-3359,Private      ,26,1,27,2924,253,3177
00466600,SALTER COLLEGE                          ,MA,01583-1700,Proprietary  ,97,477,574,545,2794,3339
00466700,SCHOOL OF MUSEUM OF FINE ARTS           ,MA,02115-5534,Private      ,8,2,10,799,374,1173
00466900,UPPER CAPE COD REGIONAL VOC TECH        ,MA,02532-3310,Public       ,2,5,7,28,164,192
00527900,GREATER LOWELL REGNL VOC TECH SCH       ,MA,01879-0000,Public       ,0,1,1,32,123,155
00551900,DIMAN REGIONAL VOC TECH INST            ,MA,02723-3519,Public       ,1,3,4,40,194,234
00552300,BLUE HILLS REGIONAL VOC TECH            ,MA,02021-1398,Public       ,1,5,6,42,174,216
00555700,MCCANN TECHNICAL SCHOOL                 ,MA,01247-0000,Public       ,0,2,2,23,100,123
00613600,NATIONAL AVIATION ACADEMY - NEW ENGLAND ,MA,01730-2620,Proprietary  ,9,43,52,163,362,525
00632200,BROCKTON HOSPITAL SCH OF NURSING        ,MA,02302-0000,Private      ,0,18,18,157,688,845
00632400,LABOURE COLLEGE                         ,MA,02124-5698,Private      ,4,18,22,194,1034,1228
00633100,LAWRENCE MEM HOSPITAL SCH OF NRSNG      ,MA,02155-1643,Private      ,1,9,10,75,477,552
00635200,BAYSTATE MEDICAL CENTER                 ,MA,01199-0001,Private      ,1,7,8,39,149,188
00687300,MARIAN COURT COLLEGE                    ,MA,01907-2896,Private      ,5,11,16,138,110,248
00748100,GIBBS COLLEGE                           ,MA,02116-2904,Proprietary  ,5,3,8,100,337,437
00748400,NEWBURY COLLEGE                         ,MA,02445-5796,Private      ,26,7,33,2792,431,3223
00748600,THE NEW ENGLAND INSTITUTE OF ART        ,MA,02445-7295,Proprietary  ,30,44,74,1550,707,2257
00748800,KAPLAN CAREER INSTITUTE                 ,MA,02129-1644,Proprietary  ,2,9,11,108,439,547
00748801,KAPLAN CAREER INSTITUTE -               ,MA,02215-2606,Proprietary  ,1,11,12,77,314,391
00807800,SPRINGFIELD TECHNICAL COMMUNITY CLG     ,MA,01105-0000,Public       ,99,231,330,3938,6750,10688
00809002,EVEREST COLLEGE - EVEREST INSTITUTE     ,MA,02150-2333,Proprietary  ,16,80,96,184,576,760
00891600,NEW ENGLAND SCHOOL OF LAW               ,MA,02116-0000,Private      ,1,9,10,29,2283,2312
00964500,BARD COLLEGE AT SIMON'S ROCK            ,MA,01230-9702,Private      ,5,0,5,434,33,467
00974700,GORDON-CONWELL THEOLOGICAL SEMINARY     ,MA,01982-0000,Private      ,1,9,10,11,569,580
00975600,UNIVERSITY OF MASS MEDICAL CENTER       ,MA,01655-0000,Public       ,2,21,23,65,1017,1082
00987700,HENRI'S SCHOOL OF HAIR DESIGN           ,MA,01420-5675,Proprietary  ,3,10,13,27,56,83
00989900,LOWELL ACADEMY HAIRSTYLING INST         ,MA,01852-1909,Proprietary  ,2,17,19,49,100,149
00993600,MIDDLESEX COMMUNITY COLLEGE             ,MA,01730-1197,Public       ,65,131,196,2105,2162,4267
00993602,"MIDDLESEX COMMUNITY COLLEGE, LOWELL     ",MA,01852-0000,Public       ,97,213,310,3259,3757,7016
01121000,BUNKER HILL COMMUNITY COLLEGE           ,MA,02129-2991,Public       ,169,353,522,7103,12372,19475
01151000,EVEREST INSTITUTE                       ,MA,02135-7638,Proprietary  ,20,67,87,142,515,657
01193000,ROXBURY COMMUNITY COLLEGE               ,MA,02120-3400,Public       ,38,162,200,1322,3826,5148
01204200,MANSFIELD BEAUTY SCHOOLS                ,MA,02169-5061,Proprietary  ,1,11,12,45,96,141
01206800,MANSFIELD BEAUTY SCHOOL                 ,MA,01103-1410,Proprietary  ,0,8,8,24,69,93
01218700,BLACKSTONE VALLEY VOCATIONAL REGIONAL SC,MA,01568-1499,Public       ,1,0,1,4,29,33
01238600,SOUTHEASTERN TECHNICAL INSTITUTE        ,MA,02375-1780,Public       ,2,7,9,64,218,282
01288100,MONTACHUSETT REG VOC TECH SCH           ,MA,01420-4649,Public       ,0,4,4,22,124,146
01292100,EMPIRE BEAUTY SCHOOL                    ,MA,02215-0000,Proprietary  ,29,55,84,261,498,759
01294800,ROB ROY ACADEMY                         ,MA,02721-5330,Proprietary  ,5,17,22,53,131,184
02063000,MONTSERRAT COLLEGE OF ART               ,MA,01915-0000,Private      ,8,3,11,697,89,786
02076700,EMPIRE BEAUTY SCHOOL                    ,MA,02148-0000,Proprietary  ,10,28,38,92,199,291
02079400,EMPIRE BEAUTY SCHOOL                    ,MA,01702-5232,Proprietary  ,33,83,116,178,412,590
02092100,MASSACHUSETTS SCHOOL OF BARBERING       ,MA,02169-5058,Proprietary  ,2,28,30,39,185,224
02092200,EMPIRE BEAUTY SCHOOL                    ,MA,01852-0000,Proprietary  ,10,35,45,126,283,409
02122000,NEW ENGLAND HAIR ACADEMY                ,MA,02148-0000,Proprietary  ,8,31,39,91,180,271
02137000,ROB ROY ACADEMY                         ,MA,02780-0000,Proprietary  ,3,8,11,17,55,72
02137200,MASS GEN HOSP DIETETIC INTERNSHIP       ,MA,02114-0000,Private      ,0,3,3,6,42,48
02163500,NEW ENGLAND SCHOOL OF PHOTOGRAPHY       ,MA,02215-0000,Proprietary  ,4,7,11,133,160,293
02163600,MASS SCH OF PROFESSIONAL PSYCHOLOGY     ,MA,02132-0000,Private      ,2,12,14,32,918,950
02169900,ASSABET VALLEY REGIONAL VOC SCHOOL      ,MA,01752-0000,Public       ,0,0,0,24,127,151
02181600,ROB ROY ACADEMY                         ,MA,01609-0000,Proprietary  ,9,28,37,110,219,329
02182900,CAMBRIDGE COLLEGE                       ,MA,02138-5304,Private      ,58,266,324,430,4107,4537
02197900,NORTH BENNET STREET SCHOOL              ,MA,02113-0000,Private      ,2,14,16,53,210,263
02215100,HALLMARK INSTITUTE OF PHOTOGRAPHY       ,MA,01376-0000,Proprietary  ,9,11,20,179,191,370
02219501,MILDRED ELLEY - PITTSFIELD              ,MA,01201-5300,Proprietary  ,1,4,5,18,83,101
02220400,CATHERINE HINDS INST OF ESTHETICS       ,MA,01801-0000,Proprietary  ,4,32,36,77,275,352
02231600,MGH INSTITUTE OF HEALTH PROFESSION      ,MA,02129-0000,Private      ,6,40,46,106,1710,1816
02274300,CONWAY SCHOOL OF LANDSCAPE DESIGN       ,MA,01341-0179,Private      ,0,0,0,2,20,22
02325700,LABARON HAIRDRESSING ACADEMY            ,MA,02740-0000,Proprietary  ,2,12,14,20,76,96
02325800,LABARON HAIRDRESSING ACAD-BROCKTON      ,MA,02301-0000,Proprietary  ,0,2,2,25,77,102
02337400,BANCROFT SCHOOL OF MASSAGE THERAPY      ,MA,01604-4614,Proprietary  ,2,9,11,24,101,125
02338200,BAY STATE SCHOOL OF TECHNOLOGY          ,MA,02021-0000,Proprietary  ,3,32,35,62,324,386
02339400,ROB ROY ACADEMY                         ,MA,02746-0000,Proprietary  ,3,7,10,11,48,59
02491700,CORTIVA INSTITUTE -  BOSTON             ,MA,02472-2577,Proprietary  ,1,16,17,28,128,156
02523900,ELIZABETH GRADY SCHOOL OF ESTHETICS     ,MA,02155-0000,Proprietary  ,2,26,28,46,183,229
02579800,NEW ENGLAND SCHOOL OF ACUPUNCTURE       ,MA,02458-0000,Private      ,0,6,6,0,170,170
02616704,LE CORDON BLEU COLLEGE OF CULINARY ARTS ,MA,02142-1221,Proprietary  ,9,11,20,251,534,785
03066700,AILANO SCHOOL OF COSMETOLOGY            ,MA,02303-4740,Proprietary  ,4,8,12,38,74,112
03104000,SHAWSHEEN ADULT TECHNICAL INSTITUTE     ,MA,01821-5499,Public       ,0,1,1,14,99,113
03115200,MOTORING TECHNICAL TRAINING INST        ,MA,02771-5933,Proprietary  ,18,66,84,173,340,513
03120800,KAY HARVEY HAIRDRESSING ACADEMY         ,MA,01089-2701,Proprietary  ,0,8,8,27,66,93
03130500,URBAN COLLEGE OF BOSTON                 ,MA,02111-1093,Private      ,3,91,94,93,853,946
03194300,BOSTON GRAD SCH OF PSYCHOANALYSIS       ,MA,02446-4602,Private      ,0,3,3,2,98,100
03205400,JOLIE HAIR & BEAUTY ACADEMY             ,MA,01056-2769,Proprietary  ,1,27,28,44,192,236
03232302,LINCOLN TECHNICAL INSTITUTE - BROCKTON C,MA,02401-1818,Proprietary  ,15,64,79,127,353,480
03232310,LINCOLN TECHNICAL INSTITUTE - LOWELL    ,MA,01852-5119,Proprietary  ,22,55,77,181,471,652
03232311,LINCOLN TECHNICAL INSTITUTE - SOMERVILLE,MA,02145-1102,Proprietary  ,17,41,58,146,392,538
03235300,MASSACHUSETTS SCHOOL OF LAW             ,MA,01810-1094,Private      ,0,16,16,10,677,687
03240300,TONI & GUY HAIRDRESSING ACADEMY         ,MA,01605-2213,Proprietary  ,9,16,25,87,90,177
03248300,BOSTON BAPTIST COLLEGE                  ,MA,02136-4000,Private      ,1,3,4,115,80,195
03316400,FUNERAL INSTITUTE OF THE NORTHEAST      ,MA,02062-4766,Proprietary  ,0,3,3,51,117,168
03504300,NATL GRAD SCH OF QUALITY SYSTM MGMT     ,MA,02540-0000,Private      ,0,16,16,2,78,80
03570500,ZION BIBLE COLLEGE                      ,MA,01835-0000,Private      ,3,6,9,210,165,375
03763300,MEDICAL PROFESSIONAL INSTITUTE          ,MA,02148-8143,Proprietary  ,5,24,29,65,379,444
03859300,E.I.N.E.                                ,MA,01876-4709,Proprietary  ,0,4,4,11,66,77
03927303,BRIO ACADEMY OF COSMETOLOGY - NORTHHAMPT,MA,01060-3947,Proprietary  ,5,17,22,44,74,118
03946300,FRANKLIN W. OLIN COLLEGE OF ENGINEERING ,MA,02492-1200,Private      ,4,1,5,580,26,606
03965300,NEW ENGLAND COLLEGE OF FINANCE          ,MA,02110-1605,Proprietary  ,5,69,74,81,967,1048
04039300,SULLIVAN AND COGLIANO TRAINING CENTER   ,MA,02301-4921,Proprietary  ,16,308,324,82,1491,1573
04116900,DIGRIGOLI SCHOOL OF COSMETOLOGY         ,MA,01089-4623,Proprietary  ,3,7,10,60,97,157
04122000,TRI COUNTY REGIONAL VOCATIONAL TECHNICAL,MA,02038-0000,Public       ,0,2,2,15,89,104
04128000,MILLENNIUM TRAINING INSTITUTE           ,MA,01801-6386,Proprietary  ,0,25,25,8,195,203
04128900,CENTRAL MASS SCHOOL OF MASSAGE AND THERA,MA,01562-1712,Proprietary  ,0,3,3,11,26,37
04143200,HULT INTERNATIONAL BUSINESS SCHOOL      ,MA,02141-1805,Private      ,0,4,4,18,327,345
04153200,SOUTHERN WORCESTER COUNTY REGIONAL VOC S,MA,01507-1331,Public       ,0,3,3,13,47,60
04193100,ALEXANDER ACADEMY                       ,MA,01420-0000,Proprietary  ,1,18,19,29,90,119
00324204,CARNEGIE MELLON UNIVERSITY - QATAR      ,FC,00000-0000,Private      ,0,1,1,13,6,19
00401200,HEBREW UNIVERSITY OF JERUSALEM (THE)    ,FC,00000-0000,Public       ,1,2,3,37,118,155
00403000,UNIVERSITY OF CAMBRIDGE                 ,FC,00000-0000,Public       ,0,3,3,10,111,121
00503400,AMERICAN UNIVERSITY OF CAIRO            ,FC,00000-0000,Private      ,1,2,3,81,199,280
00667100,KATHOLIEKE UNIVERSITEIT LEUVEN          ,FC,00000-0000,Private      ,0,1,1,3,42,45
00669100,UNIVERSITY OF CAMBRIDGE - PEMBROKE      ,FC,00000-0000,Public       ,0,0,0,3,10,13
00669200,UNIVERSITY OF LEEDS                     ,FC,00000-0000,Public       ,0,0,0,20,91,111
00669300,UNIV OF LONDON-LONDON SCHOOL ECON       ,FC,00000-0000,Public       ,0,4,4,21,428,449
00669400,SCH OF ORIENTAL & AFRICAN STUDIES       ,FC,00000-0000,Public       ,2,1,3,15,186,201
00669500,UNIV OF LONDON-UNIVERSITY COLLEGE       ,FC,00000-0000,Public       ,1,4,5,57,434,491
00669600,UNIV OF LONDON-SCH ADVANCED STUDY       ,FC,00000-0000,Public       ,0,0,0,1,21,22
00669700,"QUEEN MARY, UNIVERSITY OF LONDON        ",FC,00000-0000,Public       ,0,3,3,31,160,191
00669900,UNIVERSITY OF SUSSEX                    ,FC,00000-0000,Public       ,0,0,0,32,97,129
00670000,"UNIVERSITY OF YORK, THE                 ",FC,00000-0000,Public       ,0,1,1,23,146,169
00670400,UNIVERSITY COLLEGE CORK                 ,FC,00000-0000,Public       ,0,3,3,18,74,92
00671300,UPPSALA UNIVERSITY                      ,FC,00000-0000,Public       ,0,0,0,5,39,44
00671500,UNIVERSITY OF GENEVA                    ,FC,00000-0000,Public       ,0,2,2,3,107,110
00683900,UNIVERSITY OF EDINBURGH                 ,FC,00000-0000,Public       ,2,6,8,229,749,978
00683903,UNIVERSITY OF EDINBURGH - EDINBURGH COLL,FC,00000-0000,Public       ,0,0,0,4,27,31
00684200,UNIVERSITY OF DUBLIN TRINITY COLLEG     ,FC,00000-0000,Public       ,1,3,4,61,202,263
00685000,UNIVERSITY OF CAMBRIDGE - DOWNING C     ,FC,00000-0000,Public       ,0,0,0,0,5,5
00763200,UNIVERSITY OF BRISTOL                   ,FC,00000-0000,Public       ,0,1,1,14,105,119
00768100,COLLEGE OF EUROPE                       ,FC,00000-0000,Private      ,0,0,0,1,10,11
00770500,ROYAL COLLEGE OF SURGEONS IN IRELAN     ,FC,00000-0000,Private      ,0,0,0,9,69,78
00788100,AMERICAN UNIVERSITY OF PARIS            ,FC,00000-0000,Private      ,4,5,9,535,309,844
00837100,AMERICAN UNIVERSITY OF BEIRUT           ,FC,00000-0000,Private      ,5,7,12,91,126,217
00837300,TEL-AVIV UNIVERSITY                     ,FC,00000-0000,Public       ,0,2,2,33,164,197
00837600,VRIJE UNIVERSITEIT AMSTERDAM            ,FC,00000-0000,Public       ,0,0,0,5,44,49
00837700,UNIVERSITEIT VAN AMSTERDAM(UNIVERSI     ,FC,00000-0000,Public       ,0,2,2,20,125,145
00838000,UNIVERSITY OF WARWICK                   ,FC,00000-0000,Public       ,0,0,0,9,74,83
00838300,UNIVERSITY OF GLASGOW                   ,FC,00000-0000,Public       ,0,1,1,59,372,431
00839300,UNIVERSITY OF OSLO                      ,FC,00000-0000,Public       ,0,0,0,6,34,40
00839400,UNIVERSITY OF OXFORD                    ,FC,00000-0000,Public       ,0,6,6,30,410,440
00839800,UNIVERSITY OF SHEFFIELD (THE)           ,FC,00000-0000,Public       ,0,3,3,8,114,122
00839900,UNIVERSITY OF SOUTHAMPTON               ,FC,00000-0000,Public       ,0,1,1,14,80,94
00845200,ABERYSTWYTH UNIVERSITY                  ,FC,00000-0000,Public       ,0,0,0,24,53,77
00845800,LOUGHBOROUGH UNIVERSITY                 ,FC,00000-0000,Public       ,0,0,0,3,9,12
00846000,UNIVERSITY OF NEWCASTLE UPON TYNE       ,FC,00000-0000,Public       ,0,0,0,20,141,161
00846100,UNIVERSITY OF SAINT ANDREWS             ,FC,00000-0000,Private      ,7,2,9,340,221,561
00850500,UNIVERSITY OF MELBOURNE                 ,FC,00000-0000,Public       ,1,20,21,20,224,244
00858600,SWANSEA UNIVERSITY                      ,FC,00000-0000,Public       ,0,0,0,7,42,49
00858700,UNIVERSITY OF DURHAM                    ,FC,00000-0000,Public       ,1,3,4,42,237,279
00866500,UNIVERSITY OF KENT AT CANTERBURY (THE)  ,FC,00000-0000,Public       ,0,0,0,22,132,154
00867000,UNIVERSITY OF NEW SOUTH WALES           ,FC,00000-0000,Public       ,0,9,9,20,117,137
00868700,UNIVERSITY OF ESSEX                     ,FC,00000-0000,Public       ,1,1,2,21,131,152
00869300,CITY UNIVERSITY                         ,FC,00000-0000,Public       ,0,3,3,35,198,233
00890800,THE UNIVERSITY OF BIRMINGHAM            ,FC,00000-0000,Public       ,0,0,0,17,112,129
00891000,UNIVERSITY OF HULL                      ,FC,00000-0000,Public       ,0,0,0,7,14,21
00892000,UNIVERSITY OF NOTTINGHAM                ,FC,00000-0000,Public       ,0,2,2,24,100,124
00900600,UNIVERSITY OF SALFORD (THE)             ,FC,00000-0000,Public       ,0,0,0,2,25,27
00908400,"UNIV OF LONDON, BIRKBECK                ",FC,00000-0000,Public       ,0,3,3,7,119,126
00908500,UNIV OF LONDON KING'S COLLEGE           ,FC,00000-0000,Public       ,1,5,6,53,426,479
00908600,UNIVERSITY OF LONDON - ROYAL HOLLOWAY   ,FC,00000-0000,Public       ,0,1,1,32,87,119
00914300,BAR-ILAN UNIVERSITY                     ,FC,00000-0000,Private      ,1,1,2,23,22,45
00924900,UNIVERSITY OF LIVERPOOL                 ,FC,00000-0000,Public       ,0,3,3,26,126,152
00936800,UNIVERSITY OF ABERDEEN                  ,FC,00000-0000,Public       ,1,0,1,44,143,187
00942300,ROYAL COLLEGE OF ART                    ,FC,00000-0000,Public       ,0,1,1,12,56,68
00942800,TECHNION-ISRAEL INST OF TECHLGY         ,FC,00000-0000,Public       ,0,1,1,6,60,66
00944200,UNIVERSITY OF EXETER                    ,FC,00000-0000,Public       ,0,3,3,13,116,129
00944400,UNIVERSITY OF LANCASTER                 ,FC,00000-0000,Public       ,0,0,0,10,62,72
00963400,UNIVERSITY OF OXFORD ST CATHERINE'S     ,FC,00000-0000,Public       ,0,0,0,3,9,12
00980800,UNIVERSITY OF STRATHCLYDE               ,FC,00000-0000,Public       ,0,0,0,8,55,63
00986000,UNIVERSITY OF SURREY                    ,FC,00000-0000,Public       ,0,0,0,10,29,39
00990600,PONTIFICAL NORTH AMERICAN COLLEGE       ,FC,00000-0000,Private      ,0,1,1,2,7,9
00992700,UNIVERSITY OF CAMBRIDGE - FITZWILLI     ,FC,00000-0000,Public       ,0,0,0,0,10,10
01006700,LUND UNIVERSITY                         ,FC,00000-0000,Public       ,0,0,0,5,90,95
01008400,UNIVERSITY OF CAPE TOWN                 ,FC,00000-0000,Public       ,3,6,9,16,88,104
01008700,UNIVERSITY OF OXFORD ST PETER'S COL     ,FC,00000-0000,Public       ,0,0,0,2,8,10
01008800,UNIVERSITY OF OXFORD - CORPUS CHRIS     ,FC,00000-0000,Public       ,0,0,0,0,4,4
01008900,CENTRAL SCHOOL OF SPEECH AND DRAMA      ,FC,00000-0000,Private      ,0,1,1,17,50,67
01009000,UNIVERSITY OF OXFORD - BALLIOL COLL     ,FC,00000-0000,Public       ,0,0,0,2,12,14
01014300,UNIVERSITY OF READING                   ,FC,00000-0000,Public       ,0,1,1,10,49,59
01015700,CARDIFF UNIVERSITY                      ,FC,00000-0000,Public       ,0,0,0,12,76,88
01015900,PONTIFICIA UNIVERSITA GREGORIANA        ,FC,00000-0000,Private      ,0,1,1,1,6,7
01016000,CG JUNG INST                            ,FC,00000-0000,Private      ,0,0,0,0,6,6
01018800,UNIVERSITY COLLEGE DUBLIN               ,FC,00000-0000,Public       ,0,3,3,44,242,286
01019000,UNIVERSITY OF CAMBRIDGE CHURCHILL C     ,FC,00000-0000,Public       ,0,0,0,2,14,16
01022800,UNIVERSITY OF STIRLING                  ,FC,00000-0000,Public       ,1,1,2,20,72,92
01033200,UNIVERSITY OF CAMBRIDGE - CLARE COL     ,FC,00000-0000,Public       ,0,0,0,1,9,10
01045600,UNIVERSITY OF HAIFA                     ,FC,00000-0000,Public       ,0,0,0,9,30,39
01047200,INST EUROPEEN OPEEN D'ADMINISTRATIO     ,FC,00000-0000,Private      ,0,1,1,1,68,69
01049300,CRANFIELD UNIVERSITY                    ,FC,00000-0000,Public       ,0,0,0,1,17,18
01052000,TRINITY LABAN CONSERVATOIRE OF MUSIC AND,FC,00000-0000,Public       ,0,0,0,8,13,21
01052500,UNIVERSITY OF HERTFORDSHIRE             ,FC,00000-0000,Public       ,0,0,0,14,28,42
01057400,LONDON INTRNTL FILM SCHOOL              ,FC,00000-0000,Private      ,0,0,0,2,37,39
01058800,AUSTRALIAN NATIONAL UNIVERSITY          ,FC,00000-0000,Public       ,0,3,3,16,58,74
01058900,BANGOR UNIVERSITY                       ,FC,00000-0000,Public       ,1,0,1,11,23,34
01059400,"RICHMOND, THE AMERICAN INT UNI IN LONDON",FC,00000-0000,Private      ,3,1,4,312,86,398
01059900,INST D'ETUDES POLITIQUES DE PARIS       ,FC,00000-0000,Public       ,0,2,2,11,129,140
01068100,MACQUARIE UNIVERSITY                    ,FC,00000-0000,Public       ,0,5,5,10,60,70
01069200,UNIVERSITY OF QUEENSLAND (THE)          ,FC,00000-0000,Public       ,1,24,25,18,367,385
01078900,UNIVERSITY OF OXFORD - WORCESTER CO     ,FC,00000-0000,Public       ,0,0,0,1,4,5
01079200,CITY AND GUILDS OF LONDON INSTITUTE     ,FC,00000-0000,Private      ,0,0,0,4,7,11
01079700,"NATIONAL UNIVERSITY OF IRELAND, MAY     ",FC,00000-0000,Public       ,0,0,0,14,16,30
01081600,KINGSTON UNIVERSITY                     ,FC,00000-0000,Public       ,0,4,4,51,221,272
01083800,UNIVERSITITY OF BERGEN (UOB)            ,FC,00000-0000,Public       ,0,0,0,2,12,14
01086400,UNIV OF DUNDEE                          ,FC,00000-0000,Public       ,0,1,1,8,37,45
01086600,UNIVERSITY OF OXFORD - MAGDALEN COLLEGE ,FC,00000-0000,Public       ,0,0,0,1,13,14
01086700,UNIVERSITY OF OXFORD ST JOHN'S COLL     ,FC,00000-0000,Public       ,0,0,0,3,6,9
01091400,MONASH UNIVERSITY                       ,FC,00000-0000,Public       ,0,6,6,10,51,61
01091500,UNIV OF EAST ANGLIA                     ,FC,00000-0000,Public       ,0,1,1,29,98,127
01094200,UNIVERSITY OF OXFORD - ST HUGH'S CO     ,FC,00000-0000,Public       ,0,0,0,1,9,10
01097700,UNIVERSIDAD CENTRAL DEL ESTE            ,FC,00000-0000,Private      ,3,27,30,120,931,1051
01098000,SOMERVILLE COLLEGE                      ,FC,00000-0000,Public       ,0,0,0,2,5,7
01099900,UNIV OF OXFORD - WADHAM COLLEGE         ,FC,00000-0000,Public       ,0,0,0,3,4,7
01104400,PONTIFICIA UNIVERSITA SAN TOMMASO       ,FC,00000-0000,Private      ,0,1,1,1,11,12
01105300,UNIVERSITY OF OXFORD - ST HILDA'S C     ,FC,00000-0000,Public       ,0,0,0,2,9,11
01105400,UNIVERSITY OF OXFORD - ST ANNE'S CO     ,FC,00000-0000,Public       ,0,0,0,1,6,7
01105500,UNIV OF OXFORD - LADY MARGARET HALL     ,FC,00000-0000,Public       ,0,0,0,2,5,7
01105600,UNIVERSITY OF OXFORD - UNIVERSITY C     ,FC,00000-0000,Public       ,0,2,2,4,47,51
01105700,UNIVERSITY OF OXFORD - TRINITY COLL     ,FC,00000-0000,Public       ,0,0,0,1,10,11
01105800,UNIVERSITY OF OXFORD-ST EDMUND HALL     ,FC,00000-0000,Public       ,1,0,1,2,11,13
01105900,UNIVERSITY OF OXFORD ST ANTONY'S CO     ,FC,00000-0000,Public       ,0,0,0,0,31,31
01106000,UNIVERSITY OF OXFORD - QUEEN'S COLL     ,FC,00000-0000,Public       ,0,0,0,2,7,9
01106100,UNIVERSITY OF OXFORD - PEMBROKE COL     ,FC,00000-0000,Public       ,0,0,0,1,9,10
01106200,UNIVERSITY OF OXFORD - ORIEL COLLEG     ,FC,00000-0000,Public       ,0,0,0,0,10,10
01106300,UNIVERSITY OF OXFORD - NUFFIELD COL     ,FC,00000-0000,Public       ,0,0,0,0,4,4
01106400,UNIVERSITY OF OXFORD - NEW COLLEGE      ,FC,00000-0000,Public       ,0,0,0,2,11,13
01106500,UNIVERSITY OF OXFORD MERTON COLLEGE     ,FC,00000-0000,Public       ,0,0,0,1,11,12
01106600,UNIVERSITY OF OXFORD - LINCOLN COLL     ,FC,00000-0000,Public       ,1,0,1,2,12,14
01106700,UNIVERSITY OF OXFORD - KEBLE COLLEG     ,FC,00000-0000,Public       ,0,0,0,1,4,5
01106800,UNIVERSITY OF OXFORD - JESUS COLLEG     ,FC,00000-0000,Public       ,0,0,0,1,5,6
01106900,UNIVERSITY OF OXFORD - HERTFORD COL     ,FC,00000-0000,Public       ,0,0,0,0,7,7
01107000,UNIVERSITY OF OXFORD EXETER COLLEGE     ,FC,00000-0000,Public       ,0,0,0,0,10,10
01107100,UNIV OF OXFORD - CHRIST CHURCH          ,FC,00000-0000,Public       ,0,0,0,4,20,24
01107200,UNIVERSITY OF OXFORD - BRASENOSE CO     ,FC,00000-0000,Public       ,0,0,0,0,10,10
01109100,FLINDERS UNIVERSITY OF S AUSTRALIA      ,FC,00000-0000,Public       ,0,2,2,7,27,34
01109400,UNIVERSITY OF WESTERN AUSTRALIA (THE)   ,FC,00000-0000,Public       ,0,2,2,4,37,41
01121400,UNIVERSITY OF THE WITWATERSRAND         ,FC,00000-0000,Public       ,1,0,1,2,3,5
01122600,AARHUS UNIVERSITY                       ,FC,00000-0000,Public       ,0,0,0,4,27,31
01156700,"IMPERIAL COLLEGE OF SCIENCE, TECHNOLOGY ",FC,00000-0000,Public       ,0,4,4,19,87,106
01167900,UNIVERSITY OF BATH                      ,FC,00000-0000,Public       ,0,1,1,10,42,52
01168300,FRANKLIN COLLEGE  SWITZERLAND           ,FC,00000-0000,Private      ,3,0,3,382,24,406
01175800,UNIV OF CAMBRIDGE - PETERHOUSE          ,FC,00000-0000,Public       ,0,0,0,2,5,7
01176400,ROYAL ACADEMY OF MUSIC                  ,FC,00000-0000,Public       ,0,1,1,6,25,31
01176500,GOLDSMITHS' COLLEGE-UNIV OF LONDON      ,FC,00000-0000,Public       ,0,1,1,30,186,216
01176600,UNIV OF LONDON - INST OF EDUC           ,FC,00000-0000,Public       ,0,0,0,2,38,40
01178000,BRUNEL UNIVERSITY                       ,FC,00000-0000,Public       ,1,0,1,12,38,50
01183800,UNIVERSITY OF OXFORD - MANSFIELD CO     ,FC,00000-0000,Public       ,0,0,0,0,6,6
01207500,UNIVERSITY CAMBRIDGE - TRINITY COLL     ,FC,00000-0000,Public       ,0,0,0,1,13,14
01207800,VICTORIA UNIV OF WELLINGTON             ,FC,00000-0000,Public       ,3,4,7,15,54,69
01209600,ECOLE HÔTELIERE DE LAUSANNE             ,FC,00000-0000,Private      ,0,0,0,2,16,18
01210100,UNIVERSITY OF CAMBRIDGE - GIRTON CO     ,FC,00000-0000,Public       ,0,0,0,1,3,4
01213600,VICTORIA UNIV OF MANCHESTER (THE)       ,FC,00000-0000,Public       ,0,0,0,24,176,200
01219800,UNIVERSITY OF BRADFORD                  ,FC,00000-0000,Public       ,0,2,2,2,33,35
01220100,UNIVERSITY OF OXFORD - REGENT'S PAR     ,FC,00000-0000,Public       ,0,0,0,0,7,7
01220600,JAMES COOK UNIVERSITY                   ,FC,00000-0000,Public       ,0,8,8,26,84,110
01221500,BIRMINGHAM CITY UNIVERSITY              ,FC,00000-0000,Public       ,0,0,0,6,28,34
01222300,JAGIELLONIAN UNIVERSITY COLLEGIUM M     ,FC,00000-0000,Public       ,0,0,0,3,44,47
01222500,UNIVERSITY OF SZEGED FACULTY OF MEDICINE,FC,00000-0000,Public       ,1,0,1,2,10,12
01225800,ASTON UNIVERSITY                        ,FC,00000-0000,Public       ,0,0,0,5,21,26
01227500,UNIVERSITY OF OXFORD - WOLFSON COLL     ,FC,00000-0000,Public       ,0,0,0,0,21,21
01230200,GONVILLE & CAIUS COLLEGE                ,FC,00000-0000,Public       ,1,0,1,1,6,7
01233500,ROYAL COLLEGE OF MUSIC                  ,FC,00000-0000,Public       ,0,0,0,8,15,23
01234100,UNIVERSITY OF WALES - ST DAVID'S UN     ,FC,00000-0000,Public       ,0,1,1,5,11,16
01242100,UNIV OF AUCKLAND                        ,FC,00000-0000,Public       ,3,7,10,28,103,131
01254000,UNIVERSIDAD DE NAVARRA                  ,FC,00000-0000,Private      ,0,0,0,14,24,38
01276500,UNIVERSITY OF OXFORD - LINACRE COLL     ,FC,00000-0000,Public       ,0,0,0,0,14,14
01276600,"NATIONAL UNIVERSITY IRELAND, GALWAY     ",FC,00000-0000,Public       ,0,0,0,32,97,129
01280200,PONTIFICIA UNIV CATOLICA MAD Y MAES     ,FC,00000-0000,Private      ,2,3,5,210,186,396
01281100,INST TECNOLOGICO DE SANTO DOMINGO       ,FC,00000-0000,Private      ,0,2,2,58,102,160
01283900,UNIVERSITY OF CAMBRIDGE - SAINT JOH     ,FC,00000-0000,Public       ,0,0,0,1,12,13
01297800,UNIVERSITY OF HUDDERSFIELD (THE)        ,FC,00000-0000,Public       ,0,0,0,4,19,23
01315300,MASSEY UNIVERSITY                       ,FC,00000-0000,Public       ,1,8,9,15,97,112
01322500,COLLEGE OF LAW                          ,FC,00000-0000,Private      ,0,1,1,0,26,26
02052400,DARWIN COLLEGE                          ,FC,00000-0000,Public       ,0,0,0,0,10,10
02082400,UNIVERSITY OF CAMBRIDGE - QUEEN'S C     ,FC,00000-0000,Public       ,0,0,0,3,19,22
02083400,UNIVERSITY OF CAMBRIDGE - WOLFSON C     ,FC,00000-0000,Public       ,0,0,0,0,18,18
02087400,UNIVERSITY OF CAMBRIDGE - NEWNHAM C     ,FC,00000-0000,Public       ,0,0,0,1,6,7
02087900,OXFORD BROOKES UNIVERSITY               ,FC,00000-0000,Public       ,0,0,0,19,83,102
02094100,BEN-GURION UNIV                         ,FC,00000-0000,Public       ,0,2,2,6,143,149
02094400,UNIV OF CAMBRIDGE - ST EDMUND'S HOU     ,FC,00000-0000,Public       ,0,0,0,1,15,16
02095500,LONDON BUS SCHOOL                       ,FC,00000-0000,Private      ,0,4,4,4,154,158
02101900,ROEHAMPTON UNIVERSITY                   ,FC,00000-0000,Public       ,1,1,2,14,100,114
02108600,LONDON ACADEMY OF MUSIC & DRAMATIC      ,FC,00000-0000,Private      ,0,0,0,22,23,45
02115900,UNIVERSITY OF PORTSMOUTH                ,FC,00000-0000,Public       ,0,1,1,10,22,32
02116700,UNIVERSITY OF CAMBRIDGE - LUCY CAVE     ,FC,00000-0000,Public       ,0,0,0,1,7,8
02120000,UNIV OF LONDON - COURTALD INST OF A     ,FC,00000-0000,Public       ,0,1,1,2,34,36
02133400,UNIVERSITY OF CAMBRIDGE - SIDNEY SU     ,FC,00000-0000,Public       ,0,0,0,0,10,10
02142000,UNIVERSITY OF CAMBRIDGE - HOMERTON      ,FC,00000-0000,Public       ,0,0,0,1,5,6
02149700,UNIVERSITY OF WINCHESTER (THE)          ,FC,00000-0000,Public       ,0,0,0,11,12,23
02156800,UNIV OF OTAGO                           ,FC,00000-0000,Public       ,1,6,7,10,38,48
02162300,"IESE BUSINESS SCH, UNIV OF NAVARRA      ",FC,00000-0000,Private      ,0,2,2,3,89,92
02167400,UNIVERSITY OF CAMBRIDGE - CORPUS CH     ,FC,00000-0000,Public       ,0,0,0,0,7,7
02177700,KING'S COLLEGE- UNIV OF CAMBRIDGE       ,FC,00000-0000,Public       ,1,0,1,5,29,34
02180500,MIDDLESEX UNIVERSITY                    ,FC,00000-0000,Public       ,0,0,0,33,113,146
02181000,UNIVERSITY OF SOUTH AUSTRALIA           ,FC,00000-0000,Public       ,0,0,0,1,5,6
02183500,UNIV OF OXFORD - WYCLIFFE HALL          ,FC,00000-0000,Public       ,0,0,0,1,13,14
02186000,UNIVERSITY OF CAMBRIDGE - MAGDALENE     ,FC,00000-0000,Public       ,0,0,0,0,6,6
02186100,UNIVERSITY OF CAMBRIDGE - EMMANUEL      ,FC,00000-0000,Public       ,0,0,0,1,7,8
02189600,UNIVERSITY OF GRONINGEN                 ,FC,00000-0000,Public       ,0,0,0,8,32,40
02194800,UNIVERSITY OF THE WEST OF ENGLAND -     ,FC,00000-0000,Public       ,0,0,0,11,22,33
02195100,UNIV OF WESTMINSTER                     ,FC,00000-0000,Public       ,0,2,2,39,131,170
02196700,GUILDHALL SCHOOL OF MUSIC & DRAMA       ,FC,00000-0000,Public       ,1,2,3,8,12,20
02207300,UNIVERSITY OF CAMBRIDGE - CHRIST'S      ,FC,00000-0000,Public       ,0,0,0,0,6,6
02207400,CHINESE UNIVERSITY OF HONG KONG (THE)   ,FC,00000-0000,Public       ,0,3,3,21,55,76
02209500,UNIVERSITEIT UTRECHT                    ,FC,00000-0000,Public       ,1,0,1,11,60,71
02210000,UNIV OF LONDON - LONDON SCHOOL OF H     ,FC,00000-0000,Public       ,0,2,2,1,91,92
02212300,UNIVERSITY OF CAMBRIDGE - ROBINSON      ,FC,00000-0000,Public       ,0,0,0,0,3,3
02225300,UNIV OF CANTERBURY                      ,FC,00000-0000,Public       ,0,0,0,6,29,35
02229100,UNIVERSITY OF LEICESTER                 ,FC,00000-0000,Public       ,0,2,2,8,107,115
02229600,SACKLER SCHOOL OF MEDICINE              ,FC,00000-0000,Public       ,0,2,2,0,174,174
02232100,UNIVERSITY OF CAMBRIDGE                 ,FC,00000-0000,Public       ,0,1,1,8,50,58
02233300,"ST GEORGE'S UNIVERSITY, SCHOOL OF MEDICI",FC,00000-0000,Proprietary  ,0,44,44,27,3669,3696
02235300,LONDON METROPOLITAN UNIVERSITY          ,FC,00000-0000,Public       ,2,0,2,32,137,169
02244400,AMERICAN UNIV OF THE CARIBBEAN          ,FC,00000-0000,Proprietary  ,0,80,80,15,1636,1651
02266600,UNIVERSITY OF LONDON - SAINT GEORGE     ,FC,00000-0000,Public       ,0,1,1,4,20,24
02271700,UNIVERSITY OF CAMBRIDGE - CLARE HAL     ,FC,00000-0000,Public       ,0,1,1,0,6,6
02271900,UNIVERSITY OF OXFORD - BLACKFRIARS      ,FC,00000-0000,Public       ,0,0,0,0,10,10
02272200,UNIV OF CAMBRIDGE - NEW HALL            ,FC,00000-0000,Public       ,0,0,0,1,4,5
02273600,QUEEN'S UNIV OF BELFAST (THE)           ,FC,00000-0000,Public       ,0,0,0,16,87,103
02273900,HERIOT WATT UNIVERSITY                  ,FC,00000-0000,Public       ,0,2,2,3,45,48
02276700,NYENRODE BUSINESS UNIVERSITEIT          ,FC,00000-0000,Private      ,0,0,0,0,5,5
02293400,ECOLE DES HAUTES ETUDES COMERCIALS      ,FC,00000-0000,Public       ,0,1,1,1,33,34
02296300,UNIVERSITY OF CAMBRIDGE - JESUS COL     ,FC,00000-0000,Public       ,0,0,0,1,3,4
02310500,DE MONTFORT UNIVERSITY                  ,FC,00000-0000,Public       ,0,0,0,1,14,15
02320500,ROYAL NORTHERN COLLEGE OF MUSIC         ,FC,00000-0000,Public       ,0,0,0,3,8,11
02335100,UNIV OF CAMBRIDGE - TRINITY HALL        ,FC,00000-0000,Public       ,0,0,0,0,16,16
02338900,UNIVERSITY  FOR THE CREATIVE ARTS       ,FC,00000-0000,Public       ,0,0,0,5,13,18
02351800,UNIVERSIDAD IBEROAMERICANA (UNIBE       ,FC,00000-0000,Private      ,0,4,4,115,707,822
02352100,UNIVERSITY OF PLYMOUTH                  ,FC,00000-0000,Public       ,0,2,2,9,23,32
02355200,ECOLE SUPERIEURE DE CUISINE FRANCAISE-FE,FC,00000-0000,Public       ,0,1,1,6,21,27
02493000,ESCUELA SUPERIOR ADMINISTRACION Y D     ,FC,00000-0000,Private      ,0,1,1,3,48,51
02496700,NATIONAL FILM & TV SCHOOL               ,FC,00000-0000,Public       ,0,0,0,1,5,6
02502600,PECSI ORVOSTUDOMANYI EGYETEM (PECS      ,FC,00000-0000,Public       ,0,0,0,0,19,19
02545700,GLASGOW SCHOOL OF ART                   ,FC,00000-0000,Public       ,0,1,1,13,31,44
02561600,SOUTHAMPTON SOLENT UNIVERSITY           ,FC,00000-0000,Public       ,0,1,1,6,10,16
02579600,MURDOCH UNIVERSITY                      ,FC,00000-0000,Public       ,3,8,11,10,47,57
02588000,UNIVERSITY OF ULSTER                    ,FC,00000-0000,Public       ,0,1,1,7,22,29
02591800,CURTIN UNIVERSITY OF TECHNOLOGY         ,FC,00000-0000,Public       ,0,3,3,4,19,23
02611600,ECOL NATIONAL DES PONTS ET CHAUSSEE     ,FC,00000-0000,Public       ,0,0,0,0,11,11
02611700,DUBLIN CITY UNIVERSITY                  ,FC,00000-0000,Public       ,0,0,0,12,27,39
02623200,UNIVERSITY OF NEWCASTLE (THE)           ,FC,00000-0000,Public       ,1,6,7,8,27,35
03012700,UNIVERSITY OF BUCKINGHAM                ,FC,00000-0000,Private      ,0,0,0,7,17,24
03029400,KEELE UNIVERSITY                        ,FC,00000-0000,Public       ,0,0,0,10,7,17
03029500,NORTHUMBRIA UNIVERSITY                  ,FC,00000-0000,Public       ,0,4,4,11,29,40
03029800,NORGES HANDELSHOYSKOLE                  ,FC,00000-0000,Public       ,0,0,0,1,5,6
03033300,MANCHESTER METROPOLITAN UNIV            ,FC,00000-0000,Public       ,0,0,0,21,53,74
03045000,UNIVERSITY OF EAST LONDON               ,FC,00000-0000,Public       ,1,1,2,25,70,95
03050100,STUDIO ART CENTERS INTERNATIONAL        ,FC,00000-0000,Private      ,0,1,1,25,61,86
03061000,CHALMERS TEKNISKA HOGSKOLA AB           ,FC,00000-0000,Private      ,0,0,0,0,7,7
03066800,PONTIFICIO ATENEO DELLA SANTA CROCE     ,FC,00000-0000,Private      ,0,1,1,0,10,10
03067200,UNIVERSITY OF SYDNEY                    ,FC,00000-0000,Public       ,0,27,27,49,298,347
03073800,UNIV OF DEBRECEN MED & HEALTH SCI       ,FC,00000-0000,Public       ,0,0,0,3,27,30
03080300,SHEFFIELD HALLAM UNIVERSITY             ,FC,00000-0000,Public       ,0,0,0,4,14,18
03084300,UNIVERSITY OF LIMERICK                  ,FC,00000-0000,Public       ,0,0,0,24,37,61
03088700,ROYAL SCOTTISH ACAD MUSIC & DRAMA       ,FC,00000-0000,Public       ,0,1,1,22,25,47
03091400,UNIVERSITY OF WOLLONGONG                ,FC,00000-0000,Public       ,1,0,1,7,18,25
03091500,UNIVERSITY OF CANBERRA                  ,FC,00000-0000,Public       ,1,0,1,4,15,19
03091700,POZNAN UNIVERSITY OF MEDICAL SCIENCES   ,FC,00000-0000,Public       ,0,0,0,5,101,106
03092500,NOTTINGHAM TRENT UNIVERSITY             ,FC,00000-0000,Public       ,0,1,1,2,19,21
03095000,RMIT UNIVERSITY                         ,FC,00000-0000,Public       ,5,6,11,14,44,58
03095400,BOND UNIVERSITY                         ,FC,00000-0000,Private      ,2,8,10,26,82,108
03095900,ESSEC BUSINESS SCHOOL                   ,FC,00000-0000,Private      ,0,1,1,0,19,19
03096100,LA TROBE UNIVERSITY                     ,FC,00000-0000,Public       ,0,6,6,5,34,39
03096900,DEAKIN UNIVERSITY                       ,FC,00000-0000,Public       ,0,1,1,3,14,17
03097100,UNIVERSITY OF WESTERN SYDNEY            ,FC,00000-0000,Public       ,0,1,1,3,9,12
03097300,VICTORIA UNIVERSITY OF TECHNOLOGY       ,FC,00000-0000,Public       ,0,0,0,4,12,16
03097500,CENTRAL QUEENSLAND UNIVERSITY           ,FC,00000-0000,Public       ,0,1,1,3,14,17
03100000,UNIVERSITY OF ADELAIDE (THE)            ,FC,00000-0000,Public       ,0,0,0,7,19,26
03101600,ASIAN INSTITUTE OF MANAGEMENT           ,FC,00000-0000,Private      ,0,0,0,3,10,13
03102500,AMERICAN UNIVERSITY OF ROME             ,FC,00000-0000,Private      ,1,2,3,177,74,251
03102800,ROBERT GORDON UNIVERSITY (THE)          ,FC,00000-0000,Public       ,0,0,0,0,27,27
03104800,GRIFFITH UNIVERSITY                     ,FC,00000-0000,Public       ,0,4,4,15,56,71
03136300,AUSTRALIAN CATHOLIC UNIVERSITY          ,FC,00000-0000,Public       ,0,1,1,4,18,22
03140300,EDITH COWAN UNIVERSITY                  ,FC,00000-0000,Public       ,0,2,2,2,19,21
03140400,NORTHERN TERRITORY UNIVERSITY           ,FC,00000-0000,Public       ,0,0,0,1,3,4
03140500,QUEENSLAND UNIVERSITY OF TECHNOLOGY     ,FC,00000-0000,Public       ,0,5,5,6,28,34
03140600,SOUTHERN CROSS UNIVERSITY               ,FC,00000-0000,Public       ,0,0,0,1,15,16
03140700,SWINBURNE UNIVERSITY OF TECHNOLOGY      ,FC,00000-0000,Public       ,0,0,0,4,11,15
03140900,UNIVERSITY OF BALLARAT                  ,FC,00000-0000,Public       ,0,0,0,0,1,1
03150400,"UNIVERSITY OF TECHNOLOGY, SYDNEY        ",FC,00000-0000,Public       ,2,7,9,11,50,61
03287300,LIVERPOOL INSTITUTE FOR PERFORMING ARTS ,FC,00000-0000,Public       ,0,0,0,21,1,22
03300300,"2ND SCHOOL OF MEDICINE, CHARLES UNI     ",FC,00000-0000,Public       ,0,1,1,3,22,25
03300400,"FIRST FACULTY OF MEDICINE, CHARLES UNIV.",FC,00000-0000,Public       ,0,0,0,4,37,41
03329300,JOHN CABOT UNIVERSITY                   ,FC,00000-0000,Private      ,1,1,2,181,57,238
03333300,MEDICAL UNIVERSITY SCHOOL OF LUBLIN     ,FC,00000-0000,Public       ,0,18,18,22,220,242
03334300,UNIVERSIDAD NORDESTANA                  ,FC,00000-0000,Private      ,0,2,2,30,365,395
03335300,MEDICAL UNIVERSITY OF SILESIA           ,FC,00000-0000,Public       ,0,1,1,5,49,54
03342300,GLASGOW CALEDONIAN UNIVERSITY           ,FC,00000-0000,Public       ,0,0,0,6,21,27
03349400,"QUEEN MARGARET UNIVERSITY, EDINBURGH    ",FC,00000-0000,Public       ,0,0,0,7,35,42
03350300,BOURNEMOUTH UNIVERSITY                  ,FC,00000-0000,Public       ,0,0,0,7,17,24
03352300,LONDON SOUTH BANK UNIVERSITY            ,FC,00000-0000,Private      ,0,0,0,13,30,43
03363300,THE ARTS EDUCATIONAL SCHOOLS LONDON     ,FC,00000-0000,Private      ,0,0,0,2,4,6
03364300,"FACULTY OF MEDICINE, PALACKY UNIVER     ",FC,00000-0000,Public       ,0,0,0,0,6,6
03365400,AUCKLAND INSTITUTE OF TECHNOLOGY        ,FC,00000-0000,Public       ,0,3,3,7,22,29
03366300,TROPICAL AGRICULTURE RESEARCH AND H     ,FC,00000-0000,Private      ,0,0,0,0,2,2
03378300,"THE 3RD FACULTY OF MEDICINE, CHARLE     ",FC,00000-0000,Public       ,0,0,0,1,11,12
03406300,"THE SCHOOL OF PHARMACY, UNIVERSITY      ",FC,00000-0000,Public       ,0,0,0,0,2,2
03418400,NAPIER UNIVERSITY                       ,FC,00000-0000,Public       ,0,1,1,9,57,66
03435300,ANGLIA  RUSKIN UNIVERSITY               ,FC,00000-0000,Private      ,0,2,2,11,25,36
03460300,INTERNATIONALES THEOLOGISCHES INSTI     ,FC,00000-0000,Private      ,0,0,0,1,15,16
03466300,INSTITUTO CENTROAMERICANO DE ADMINI     ,FC,00000-0000,Private      ,0,0,0,2,5,7
03473300,UNIV OF ARTS LONDON - LON COLL FASHION  ,FC,00000-0000,Public       ,0,2,2,93,114,207
03473304,UNIVERSITY OF THE ARTS LONDON - LCC     ,FC,00000-0000,Public       ,0,0,0,23,28,51
03473305,UNIVERSITY OF THE ARTS LONDON - CHELSEA ,FC,00000-0000,Public       ,0,1,1,26,24,50
03473306,UNIVERSITY OF THE ARTS LONDON - CAMBERWE,FC,00000-0000,Public       ,0,0,0,18,15,33
03473311,UNIVERSITY OF THE ARTS LONDON - WIMBLEDO,FC,00000-0000,Public       ,0,0,0,16,12,28
03473315,UNIVERSITY OF THE ARTS LONDON - CSM     ,FC,00000-0000,Public       ,1,1,2,53,55,108
03478300,ROYAL WELSH COLLEGE OF MUSIC AND DRAMA  ,FC,00000-0000,Public       ,0,0,0,11,18,29
03492300,UNIVERSITY OF OXFORD - GREEN TEMPLETON C,FC,00000-0000,Public       ,0,0,0,0,20,20
03492400,UNIV OF CAMBRIDGE-ST CATHERINE'S CG     ,FC,00000-0000,Public       ,0,0,0,0,6,6
03494400,UNIV OF CAMBRIDGE-SELWYN COLLEGE        ,FC,00000-0000,Public       ,0,0,0,0,3,3
03494600,UNIV OF OXFORD-HARRIS MANCHESTER        ,FC,00000-0000,Public       ,0,0,0,4,12,16
03501400,LEEDS METROPOLITAN UNIVERSITY           ,FC,00000-0000,Public       ,1,2,3,7,35,42
03507300,UNIVERSITY OF SUNDERLAND                ,FC,00000-0000,Public       ,0,0,0,4,13,17
03515300,UNIVERSITY OF CENTRAL LANCASHIRE        ,FC,00000-0000,Public       ,0,0,0,9,16,25
03517300,UNIVERSITY OF BRIGHTON                  ,FC,00000-0000,Public       ,0,1,1,15,20,35
03518300,EUROPEAN GRADUATE SCHOOL                ,FC,00000-0000,Private      ,0,22,22,0,126,126
03526300,INST CENTROAMERICANO DE ADM DE EMP      ,FC,00000-0000,Private      ,0,0,0,1,1,2
03527300,SOFIA UNIVERSITY ST. KLIMENT OHRIDSKI   ,FC,00000-0000,Public       ,0,2,2,2,8,10
03533300,BATH SPA UNIVERSITY                     ,FC,00000-0000,Public       ,0,0,0,11,13,24
03547300,UNIVERSITY OF GLAMORGAN                 ,FC,00000-0000,Public       ,0,1,1,5,16,21
03580300,LIVERPOOL JOHN MOORES UNIVERSITY        ,FC,00000-0000,Public       ,0,0,0,2,15,17
03589400,ARTS INSTITUTE AT BOURNEMOUTH (THE)     ,FC,00000-0000,Public       ,0,1,1,14,14,28
03590300,AVONDALE COLLEGE LIMITED                ,FC,00000-0000,Private      ,0,0,0,10,2,12
03594300,GROUP ESC GRENOBLE GRAD SCH OF BUS.     ,FC,00000-0000,Private      ,0,0,0,2,42,44
03597300,JAGIELLONIAN UNIVERSITY                 ,FC,00000-0000,Public       ,0,1,1,3,35,38
03601300,UNIVERSITAT JAUME I DE CASTELLO/UJI     ,FC,00000-0000,Public       ,0,0,0,1,17,18
03619300,UNIVERSITY OF GREENWICH                 ,FC,00000-0000,Public       ,1,2,3,16,62,78
03653400,UNIVERSIDAD DE IBEROAMERICA - UNIBE     ,FC,00000-0000,Private      ,0,2,2,9,34,43
03674300,UNIVERSITY OF ABERTAY DUNDEE            ,FC,00000-0000,Public       ,0,0,0,1,10,11
03684400,UNIVERSITY OF LINCOLN                   ,FC,00000-0000,Public       ,0,0,0,6,29,35
03684500,MEDICAL UNIVERSITY OF GDANSK            ,FC,00000-0000,Public       ,0,0,0,8,27,35
03694300,UNIVERSITY OF CHICHESTER                ,FC,00000-0000,Public       ,0,0,0,1,0,1
03716300,"UNIVERSITY OF WALES, NEWPORT            ",FC,00000-0000,Public       ,0,0,0,1,10,11
03727400,UNIVERSITY OF WAIKATO (THE)             ,FC,00000-0000,Public       ,0,0,0,6,7,13
03738300,LONDON SCHOOL OF THEOLOGY               ,FC,00000-0000,Private      ,0,0,0,1,8,9
03741300,ALRA (ACADEMY OF LIVE AND RECORDED ARTS),FC,00000-0000,Private      ,1,1,2,6,18,24
03770300,NAZARENE THEOLOGICAL COLLEGE            ,FC,00000-0000,Private      ,0,0,0,1,4,5
03794400,ANGLO EUROPEAN COLLEGE OF CHIROPRACTIC  ,FC,00000-0000,Private      ,0,0,0,0,4,4
03807300,ROSE BRUFORD COLLEGE                    ,FC,00000-0000,Public       ,0,0,0,1,6,7
03816400,AMERICAN GRAD SCH OF INTERNTL REL & DIPL,FC,00000-0000,Private      ,0,3,3,10,94,104
03818300,LEIPZIG GRADUATE SCHOOL OF MANAGEMENT   ,FC,00000-0000,Private      ,0,1,1,0,20,20
03824300,"ROYAL VETERINARY COLLEGE (THE), UNIVERSI",FC,00000-0000,Public       ,0,0,0,3,147,150
03850500,MEDICAL UNIVERSITY OF LODZ              ,FC,00000-0000,Public       ,0,0,0,4,45,49
03859400,UNIVERSITY COLLEGE FALMOUTH             ,FC,00000-0000,Public       ,0,0,0,5,5,10
03880300,UNIVERSITY OF GLOUCESTERSHIRE (THE)     ,FC,00000-0000,Public       ,0,0,0,2,13,15
03897400,INTERNATIONAL SPACE UNIVERSITY          ,FC,00000-0000,Private      ,0,0,0,2,7,9
03941301,AVE MARIA UNIVERSITY - LATIN AMERICA    ,FC,00000-0000,Private      ,12,7,19,185,56,241
03974300,"ST. GEORGE'S UNIVERSITY, SCHOOL OF VETER",FC,00000-0000,Proprietary  ,0,4,4,4,529,533
04021400,"AMERICAN COLLEGE, DUBLIN LIMITED (THE)  ",FC,00000-0000,Private      ,0,1,1,20,29,49
04021500,CENTRAL EUROPEAN UNIVERSITY             ,FC,00000-0000,Private      ,0,3,3,4,95,99
04032300,YORK ST JOHN UNIVERSITY                 ,FC,00000-0000,Public       ,0,0,0,12,8,20
04046300,HK UNIVERSITY OF SCI & TECH (HKUST)     ,FC,00000-0000,Public       ,0,1,1,4,21,25
04070300,"RAPHAEL RECANATI INTERNATIONAL SCHOOL, T",FC,00000-0000,Private      ,5,3,8,98,66,164
04085400,NEW ZEALAND COLLEGE OF CHIROPRACTIC     ,FC,00000-0000,Private      ,0,1,1,1,6,7
04113300,LEBANESE AMERICAN UNIVERSITY            ,FC,00000-0000,Private      ,0,0,0,60,21,81
04115900,LIVERPOOL HOPE UNIVERSITY               ,FC,00000-0000,Public       ,0,0,0,1,14,15
04116300,EDHEC BUSINESS SCHOOL                   ,FC,00000-0000,Private      ,0,1,1,0,46,46
04121400,ISAPZURICH (INTERNATIONAL SCHOOL OF ANAL,FC,00000-0000,Private      ,0,0,0,0,2,2
04128600,UNIVERSITY OF WORCESTER                 ,FC,00000-0000,Public       ,0,0,0,8,2,10
04128700,HERTIE SCHOOL OF GOVERNANCE             ,FC,00000-0000,Private      ,0,2,2,0,5,5
04134200,LONDON CONTEMPORARY DANCE SCHOOL        ,FC,00000-0000,Private      ,0,0,0,3,4,7
04139100,UNIVERSITA DEGLI STUDI DI SCIENZE GASTRO,FC,00000-0000,Private      ,1,2,3,4,26,30
04143700,ST MARY'S UNIVERSITY COLLEGE TWICKENHAM ,FC,00000-0000,Public       ,0,0,0,11,81,92
04168200,EUROPEAN UNIVERSITY AT ST. PETERSBURG   ,FC,00000-0000,Private      ,0,0,0,0,36,36
04171800,"INTERNATIONAL UNIVERSITY OF NURSING, ST.",FC,00000-0000,Proprietary  ,0,0,0,24,62,86
04176500,ESMT EUROPEAN SCHOOL OF MANAGEMENT AND T,FC,00000-0000,Private      ,0,1,1,2,9,11
00380600,ALDERSON-BROADDUS COLLEGE               ,WV,26416-1051,Private      ,23,23,46,1690,379,2069
00380700,MOUNTAIN STATE UNIVERSITY               ,WV,25801-5624,Private      ,4,17,21,857,4204,5061
00380800,BETHANY COLLEGE                         ,WV,26032-0417,Private      ,7,5,12,1366,144,1510
00380900,BLUEFIELD STATE COLLEGE                 ,WV,24701-2198,Public       ,25,77,102,1433,2123,3556
00381000,CONCORD UNIVERSITY                      ,WV,24712-0000,Public       ,37,74,111,3003,1693,4696
00381100,DAVIS & ELKINS COLLEGE                  ,WV,26241-3996,Private      ,20,22,42,1090,389,1479
00381200,FAIRMONT STATE UNIVERSITY               ,WV,26554-2470,Public       ,56,125,181,5262,4199,9461
00381300,GLENVILLE STATE COLLEGE                 ,WV,26351-1292,Public       ,14,21,35,1564,743,2307
00381500,MARSHALL UNIVERSITY                     ,WV,25755-3300,Public       ,116,266,382,10864,8294,19158
00381600,SOUTHERN WV COMMUNITY COLLEGE           ,WV,25637-2900,Public       ,33,95,128,1286,1818,3104
00381800,UNIVERSITY OF CHARLESTON                ,WV,25304-1099,Private      ,18,94,112,1717,1409,3126
00381900,OHIO VALLEY COLLEGE                     ,WV,26105-8000,Private      ,1,14,15,573,222,795
00382000,SALEM INTERNATIONAL UNIVERSITY          ,WV,26426-0500,Proprietary  ,11,134,145,446,1180,1626
00382200,SHEPHERD UNIVERSITY                     ,WV,25443-3210,Public       ,50,52,102,4312,1843,6155
00382300,WEST LIBERTY UNIVERSITY                 ,WV,26074-0295,Public       ,23,49,72,3110,1067,4177
00382600,WEST VIRGINIA STATE UNIVERSITY          ,WV,25112-0000,Public       ,30,69,99,2547,2616,5163
00382700,WEST VIRGINIA UNIVERSITY                ,WV,26506-6201,Public       ,253,261,514,27556,11203,38759
00382711,WEST VIRGINIA UNIVERSITY - POTOMAC STATE,WV,26726-3000,Public       ,28,27,55,2006,786,2792
00382721,WEST VIRGINIA UNIV INST OF TECH         ,WV,25136-2436,Public       ,9,23,32,1297,705,2002
00382800,WEST VIRGINIA UNIV AT PARKERSBURG       ,WV,26101-9577,Public       ,41,140,181,2024,3527,5551
00383000,WEST VIRGINIA WESLEYAN COLLEGE          ,WV,26201-2600,Private      ,21,10,31,2213,351,2564
00383100,WHEELING JESUIT UNIVERSITY              ,WV,26003-6243,Private      ,5,65,70,1330,1072,2402
00500700,WEST VIRGINIA JUNIOR COLLEGE            ,WV,26505-5596,Proprietary  ,8,30,38,275,413,688
00500800,MOUNTAIN STATE COLLEGE                  ,WV,26101-3993,Proprietary  ,3,32,35,88,445,533
00754400,APPALACHIAN BIBLE COLLEGE               ,WV,25818-1353,Private      ,1,1,2,315,90,405
00757800,HUNTINGTON SCHOOL OF BEAUTY CULTURE     ,WV,25705-2030,Proprietary  ,4,19,23,97,212,309
00760000,INTERNATIONAL BEAUTY SCHOOL             ,WV,25401-3231,Proprietary  ,3,24,27,36,150,186
00835500,JAMES RUMSEY TECHNICAL INSTITUTE        ,WV,25403-0259,Public       ,2,29,31,136,427,563
00895900,CLARKSBURG BEAUTY ACADEMY               ,WV,26301-2903,Proprietary  ,3,20,23,57,134,191
00904700,HUNTINGTON JUNIOR COLLEGE               ,WV,25701-2004,Proprietary  ,19,128,147,281,1428,1709
00905400,WEST VIRGINIA NORTHERN CMTY COLLEGE     ,WV,26003-0000,Public       ,27,125,152,1254,2519,3773
01014000,MINERAL COUNTY VOCATIONAL TECH CTR      ,WV,26726-0000,Public       ,0,3,3,22,91,113
01035600,EVEREST INSTITUTE                       ,WV,25313-1304,Proprietary  ,7,66,73,120,540,660
01057300,WEST VIRGINIA JUNIOR COLLEGE            ,WV,25322-0000,Proprietary  ,16,34,50,226,469,695
01057302,WEST VIRGINIA JUNIOR COLLEGE            ,WV,26330-0000,Proprietary  ,9,33,42,187,376,563
01086100,WEST VIRGINIA BUSINESS COLLEGE          ,WV,26301-0000,Proprietary  ,3,21,24,34,191,225
01124500,WEST VIRGINIA SCH OSTEOPATHIC MED       ,WV,24901-1128,Public       ,0,1,1,12,940,952
01174900,WOOD COUNTY SCH OF PRAC NURSING         ,WV,26101-6424,Public       ,2,11,13,46,125,171
01235900,B M SPURR SCHOOL OF PRAC NURSING        ,WV,26038-1660,Private      ,0,1,1,22,35,57
01257300,WEST VIRGINIA UNIV-HOSP-RAD TECH        ,WV,26506-8062,Private      ,3,7,10,217,180,397
01274300,BENJAMIN FRANKLIN CAREER&TECH           ,WV,25064-0000,Public       ,3,13,16,90,250,340
01290400,MONONGALIA CNTY TECH ED CTR             ,WV,26501-6841,Public       ,1,8,9,86,198,284
01290500,ACADEMY OF CAREERS AND TECHNOLOGY       ,WV,25801-0000,Public       ,5,31,36,132,415,547
02057400,ROANE-JACKSON TECHNICAL CENTER          ,WV,25252-0000,Public       ,1,7,8,31,101,132
02068000,UNITED TECHNICAL CENTER                 ,WV,26301-0000,Public       ,4,10,14,50,153,203
02070100,BECKLEY BEAUTY ACADEMY                  ,WV,25801-0000,Proprietary  ,0,0,0,14,39,53
02073400,CARVER CAREER TECH ED CTR               ,WV,25306-6397,Public       ,5,28,33,251,497,748
02145100,SCOTT COLLEGE OF COSMETOLOGY            ,WV,26003-0000,Proprietary  ,3,8,11,85,86,171
02178200,CHARLESTON SCHOOL OF BEAUTY CULTURE     ,WV,25301-0000,Proprietary  ,7,35,42,83,255,338
02218200,GARNET CAREER CENTER                    ,WV,25301-0000,Public       ,4,47,51,117,501,618
02275300,CABELL COUNTY CAREER TECHNOLOGY CTR     ,WV,25705-0000,Public       ,6,24,30,153,400,553
02524500,RALPH R WILLIS VOCATIONAL CENTER        ,WV,25601-0000,Public       ,0,2,2,35,104,139
02534800,FRED W EBERLE TECHNICAL CENTER          ,WV,26201-0000,Public       ,3,17,20,80,209,289
02535500,MERCER COUNTY TECH EDUC CNTR            ,WV,24740-0000,Public       ,4,33,37,117,358,475
02579900,NORTH CENTRAL OPPORTUNITIES INDUSTRIALIZ,WV,26554-2936,Private      ,6,36,42,55,149,204
02609400,VALLEY COLLEGE                          ,WV,25404-5711,Proprietary  ,3,29,32,34,324,358
03052000,MEREDITH MANOR EQUESTRIAN CENTRE        ,WV,26184-9707,Proprietary  ,7,5,12,308,133,441
03076500,FAYETTE INSTITUTE OF TECHNOLOGY         ,WV,25901-2174,Public       ,3,12,15,36,110,146
03084200,VALLEY COLLEGE                          ,WV,24740-3141,Proprietary  ,2,20,22,51,209,260
03084400,VALLEY COLLEGE                          ,WV,25801-2643,Proprietary  ,8,51,59,54,324,378
03098300,PUTNAM CAREER & TECHNICAL CENTER        ,WV,25070-0000,Public       ,1,4,5,91,135,226
03099200,"MOUNTAINEER BEAUTY COLLEGE, INC         ",WV,25177-2917,Proprietary  ,0,0,0,53,105,158
03102100,MORGANTOWN BEAUTY COLLEGE               ,WV,26505-5430,Proprietary  ,3,18,21,99,159,258
03123200,STANLEY TECHNICAL INSTITUTE             ,WV,26505-3751,Private      ,0,4,4,21,51,72
03327500,SOUTH BRANCH VOCATIONAL TECH CENTER     ,WV,26847-1698,Public       ,0,4,4,8,44,52
03734300,JOHN D. ROCKEFELLER IV CAREER CENTER    ,WV,26047-9424,Public       ,1,1,2,10,34,44
03819300,AMERICAN PUBLIC UNIVERSITY SYSTEM       ,WV,25414-1621,Proprietary  ,203,7207,7410,2446,61409,63855
03957300,BLUE RIDGE COMMUNITY AND TECHNICAL COLLE,WV,25401-3244,Public       ,35,161,196,927,2681,3608
03960300,NEW RIVER COMMUNITY AND TECHNICAL COLLEG,WV,25801-2636,Public       ,33,169,202,1162,3024,4186
04028300,MOUNTAIN STATE SCHOOL OF MASSAGE        ,WV,25304-2025,Proprietary  ,1,13,14,27,99,126
04038500,PIERPONT COMMUNITY & TECHNICAL COLLEGE  ,WV,26554-2451,Public       ,39,115,154,1984,2561,4545
04038600,KANAWHA VALLEY COMMUNITY & TECH COLLEGE ,WV,25112-1000,Public       ,26,135,161,760,2158,2918
04041400,MOUNTWEST COMMUNITY AND TECHNICAL COLLEG,WV,25755-3300,Public       ,27,160,187,1095,2465,3560
04047300,BRIDGEMONT COMMUNITY & TECHNICAL COLLEGE,WV,25136-2435,Public       ,4,21,25,445,472,917
04119000,EASTERN WEST VIRGINIA COMMUNITY & TECHNI,WV,26836-0000,Public       ,6,54,60,258,763,1021
00106100,ALASKA PACIFIC UNIVERSITY               ,AK,99508-4672,Private      ,20,57,77,624,1180,1804
00106300,UNIVERSITY OF ALASKA FAIRBANKS          ,AK,99775-7500,Public       ,76,284,360,3606,5005,8611
00106500,UNIVERSITY OF ALASKA SOUTHEAST          ,AK,99801-8680,Public       ,25,88,113,1012,1744,2756
00884300,ALASKA BIBLE COLLEGE                    ,AK,99588-0000,Private      ,1,2,3,38,45,83
01146200,UNIVERSITY OF ALASKA ANCHORAGE          ,AK,99514-1608,Public       ,211,495,706,7292,10447,17739
02541000,ALASKA CAREER COLLEGE                   ,AK,99507-1033,Proprietary  ,28,138,166,295,1061,1356
02576900,CHARTER COLLEGE                         ,AK,99508-0000,Proprietary  ,156,507,663,1168,4200,5368
03160300,AVTEC                                   ,AK,99664-0889,Public       ,11,33,44,297,512,809
03461300,ILISAGVIK COLLEGE                       ,AK,99723-0749,Public       ,0,9,9,33,98,131
04138600,ALASKA CHRISTIAN COLLEGE                ,AK,99669-9755,Private      ,2,16,18,55,79,134
00108500,UNIV ARKANSAS MONTICELLO                ,AR,71656-0000,Public       ,63,79,142,2786,2801,5587
00108600,UNIV OF ARKANSAS AT PINE BLUFF          ,AR,71601-2790,Public       ,73,44,117,4134,2259,6393
00108700,ARKANSAS BAPTIST COLLEGE                ,AR,72202-6099,Private      ,55,75,130,1366,1902,3268
00108800,LYON COLLEGE                            ,AR,72501-3699,Private      ,12,6,18,947,212,1159
00108900,ARKANSAS TECH UNIVERSITY                ,AR,72801-2222,Public       ,94,203,297,7522,6378,13900
00109000,ARKANSAS STATE UNIVERSITY               ,AR,72467-0000,Public       ,141,553,694,10791,13902,24693
00109002,ARKANSAS STATE UNIVERSITY - NEWPORT     ,AR,72112-1120,Public       ,11,43,54,11,43,54
00109006,DELTA TECHNICAL INSTITUTE               ,AR,72365-9558,Public       ,2,12,14,100,345,445
00109100,ARKANSAS STATE UNIVERSITY - BEEBE       ,AR,72012-1000,Public       ,54,135,189,2597,3837,6434
00109200,UNIVERSITY OF CENTRAL ARKANSAS          ,AR,72035-0001,Public       ,111,164,275,10616,5628,16244
00109300,CENTRAL BAPTIST COLLEGE                 ,AR,72034-6470,Private      ,8,31,39,714,669,1383
00109400,UNIVERSITY OF THE OZARKS                ,AR,72830-2880,Private      ,7,9,16,860,206,1066
00109500,CROWLEYS RIDGE COLLEGE                  ,AR,72450-9775,Private      ,4,11,15,261,243,504
00109700,HARDING UNIVERSITY                      ,AR,72149-0001,Private      ,32,90,122,4232,2128,6360
00109800,HENDERSON STATE UNIVERSITY              ,AR,71999-0001,Public       ,49,59,108,4237,2347,6584
00109900,HENDRIX COLLEGE                         ,AR,72032-3080,Private      ,22,8,30,2327,353,2680
00110000,JOHN BROWN UNIVERSITY                   ,AR,72761-2747,Private      ,9,53,62,1721,1463,3184
00110100,UNIV ARKANSAS LITTLE ROCK               ,AR,72204-1099,Public       ,103,288,391,6381,12419,18800
00110200,OUACHITA BAPTIST UNIVERSITY             ,AR,71998-0001,Private      ,18,7,25,2075,218,2293
00110300,PHILANDER SMITH COLLEGE                 ,AR,72202-3718,Private      ,25,21,46,1209,1095,2304
00110400,PHILLIPS COUNTY COMMUNITY COLLEGE       ,AR,72342-0000,Public       ,31,65,96,616,1000,1616
00110500,SHORTER COLLEGE                         ,AR,72114-4885,Private      ,5,81,86,17,164,181
00110600,WILLIAMS BAPTIST COLLEGE                ,AR,72476-4661,Private      ,4,8,12,652,214,866
00110700,SOUTHERN ARKANSAS UNIVERSITY            ,AR,71754-0000,Public       ,43,67,110,3145,2220,5365
00110800,UNIV ARKANSAS FAYETTEVILLE              ,AR,72701-0000,Public       ,205,237,442,19191,8604,27795
00110900,UNIVERSITY OF ARKANSAS FOR MEDICAL SCIEN,AR,72205-7102,Public       ,11,55,66,800,3428,4228
00111000,UNIVERSITY OF ARKANSAS-FORT SMITH       ,AR,72904-7397,Public       ,77,167,244,4786,5384,10170
00524500,U OF A COMM COLLEGE AT MORRILTON        ,AR,72110-9601,Public       ,41,89,130,1498,2370,3868
00570700,SEARK COLLEGE                           ,AR,71603-0000,Public       ,26,92,118,862,2549,3411
00573200,UNIV AR COMMUNITY COLLEGE AT HOPE       ,AR,71801-0000,Public       ,29,100,129,691,1514,2205
00704400,CROWLEYS RIDGE TECHNICAL INSTITUTE      ,AR,72336-0000,Public       ,12,32,44,213,486,699
00732967,ITT TECHNICAL INSTITUTE                 ,AR,72204-7739,Proprietary  ,22,113,135,350,1185,1535
00773800,SOUTHERN ARKANSAS UNIVERSITY TECH       ,AR,71701-1900,Public       ,12,40,52,682,1182,1864
00792100,PAUL MITCHELL THE SCHOOL ARKANSAS       ,AR,72701-0000,Proprietary  ,9,12,21,129,219,348
00997600,OUACHITA TECHNICAL COLLEGE              ,AR,72104-0816,Public       ,7,44,51,382,1360,1742
01074100,MELLIE'S BEAUTY COLLEGE                 ,AR,72901-3886,Proprietary  ,7,27,34,76,240,316
01210500,NATIONAL PARK COMMUNITY COLLEGE         ,AR,71913-9174,Public       ,15,133,148,1332,3497,4829
01226000,EAST ARKANSAS COMMUNITY COLLEGE         ,AR,72335-2204,Public       ,30,61,91,640,1135,1775
01226100,NORTH ARKANSAS COLLEGE                  ,AR,72601-5508,Public       ,26,71,97,1178,2295,3473
01286000,ARKANSAS NORTHEASTERN COLLEGE           ,AR,72316-1109,Public       ,44,122,166,884,1722,2606
02052200,BLACK RIVER TECHNICAL COLLEGE           ,AR,72455-0000,Public       ,11,73,84,973,2621,3594
02073500,UNIVERSITY OF ARKANSAS COMMUNITY COLLEGE,AR,72503-0000,Public       ,23,67,90,711,1417,2128
02073700,NORTHWEST TECHNICAL INSTITUTE           ,AR,72765-0000,Public       ,7,30,37,303,763,1066
02074600,SOUTH ARKANSAS COMMUNITY COLLEGE        ,AR,71731-0000,Public       ,12,71,83,746,2127,2873
02075300,PULASKI TECHNICAL COLLEGE               ,AR,72118-0000,Public       ,83,365,448,4705,16341,21046
02087000,OZARKA COLLEGE                          ,AR,72556-0000,Public       ,28,74,102,531,1604,2135
02111100,RICH MOUNTAIN COMMUNITY COLLEGE         ,AR,71953-0000,Public       ,9,55,64,435,708,1143
02202400,PROFESSIONAL COSMETOLOGY EDUC CTR       ,AR,71730-5828,Proprietary  ,1,7,8,31,99,130
02220900,COSSATOT COMMUNITY COLLEGE              ,AR,71832-0000,Public       ,19,46,65,557,1186,1743
02260400,BEE JAY'S HAIRSTYLING ACADEMY           ,AR,72212-0000,Proprietary  ,0,0,0,12,23,35
02260401,BEE JAY'S HAIRSTYLING ACADEMY - BATESVIL,AR,72501-6709,Proprietary  ,0,0,0,4,11,15
02272400,EASTERN COLLEGE OF HEALTH VOCATIONS     ,AR,72205-3535,Proprietary  ,24,91,115,206,877,1083
02284200,NEW TYLER BARBER COLLEGE INC            ,AR,72114-0000,Proprietary  ,3,13,16,87,262,349
02287400,MARSHA KAY BEAUTY COLLEGE               ,AR,72653-0000,Proprietary  ,1,4,5,20,58,78
02330800,JEFFERSON SCHOOL OF NURSING             ,AR,71603-0000,Private      ,1,12,13,99,281,380
02339800,SOUTHERN INSTITUTE OF COSMETOLOGY       ,AR,72301-0000,Proprietary  ,8,9,17,36,94,130
02341700,CAREER ACADEMY OF HAIR DESIGN           ,AR,72764-4304,Proprietary  ,8,20,28,54,196,250
02341701,CAREER ACADEMY OF HAIR DESIGN - ROGERS  ,AR,72756-2102,Proprietary  ,4,20,24,55,182,237
02341702,CAREER ACADEMY OF HAIR DESIGN - SILOAM  ,AR,72761-4217,Proprietary  ,4,4,8,28,58,86
02348200,MID-SOUTH COMMUNITY COLLEGE             ,AR,72301-0000,Public       ,54,175,229,885,2197,3082
02363500,ARTHUR'S BEAUTY COLLEGE                 ,AR,72901-0000,Proprietary  ,8,13,21,57,203,260
02525800,LEE'S SCHOOL OF COSMETOLOGY             ,AR,72114-0000,Proprietary  ,3,12,15,63,158,221
02538500,ARTHUR'S BEAUTY COLLEGE                 ,AR,72076-0000,Proprietary  ,3,30,33,97,263,360
02569600,SEARCY BEAUTY COLLEGE                   ,AR,72143-0000,Proprietary  ,1,8,9,42,115,157
03005100,ARKANSAS BEAUTY SCHOOL                  ,AR,72209-5116,Proprietary  ,4,14,18,79,279,358
03007100,HOT SPRINGS BEAUTY COLLEGE              ,AR,71901-5432,Proprietary  ,2,12,14,43,156,199
03007600,ARKANSAS BEAUTY SCHOOL-CONWAY           ,AR,72032-4354,Proprietary  ,1,12,13,63,178,241
03023400,ARKANSAS COLLEGE OF BARBERING           ,AR,72114-5615,Proprietary  ,7,24,31,87,308,395
03063300,NORTHWEST ARKANSAS COMMUNITY COLLEG     ,AR,72712-5190,Public       ,92,242,334,3809,6748,10557
03065100,ABC BEAUTY COLLEGE                      ,AR,71923-4206,Proprietary  ,1,10,11,38,108,146
03066302,BRYAN COLLEGE -                         ,AR,72756-1825,Proprietary  ,12,30,42,91,448,539
03105200,BAPTIST HEALTH SCHOOLS LITTLE ROCK      ,AR,72210-2820,Private      ,7,33,40,583,2107,2690
03115102,HERITAGE COLLEGE - LITTLE ROCK          ,AR,72227-5544,Proprietary  ,22,99,121,238,1138,1376
03124900,IMAGINE -  PAUL MITCHELL PARTNER SCHOOL ,AR,72117-2516,Proprietary  ,18,31,49,229,495,724
03127200,ASKINS VO-TECH                          ,AR,72908-8028,Proprietary  ,0,0,0,0,10,10
03214300,VELVATEX COLLEGE OF BEAUTY CULTURE      ,AR,72202-5452,Proprietary  ,1,4,5,25,94,119
03254300,MARGARET'S HAIR ACADEMY                 ,AR,71655-4905,Proprietary  ,0,14,14,43,129,172
03519400,LYNNDALE FUNDAMENTALS OF BEAUTY SCH     ,AR,71730-4804,Proprietary  ,0,3,3,7,39,46
03855300,ECCLESIA COLLEGE                        ,AR,72762-8159,Private      ,3,4,7,143,138,281
03912300,CROSSETT SCHOOL OF COSMETOLOGY          ,AR,71635-0000,Proprietary  ,0,4,4,10,37,47
03997300,ARKANSAS BEAUTY COLLEGE                 ,AR,72801-3741,Proprietary  ,5,16,21,47,120,167
04183100,WASHINGTON BARBER COLLEGE               ,AR,72209-3820,Proprietary  ,1,13,14,57,183,240
04183400,SALON PROFESSIONAL ACADEMY (THE)        ,AR,72116-7310,Proprietary  ,9,13,22,69,189,258
00133900,CORBAN UNIVERSITY                       ,OR,97301-9392,Private      ,23,41,64,2079,912,2991
00318600,BLUE MOUNTAIN COMMUNITY COLLEGE         ,OR,97801-0000,Public       ,46,158,204,1385,2593,3978
00318800,CENTRAL OREGON COMMUNITY COLLEGE        ,OR,97701-5998,Public       ,145,490,635,3652,8271,11923
00318900,CLATSOP COMMUNITY COLLEGE               ,OR,97103-3698,Public       ,27,102,129,660,1745,2405
00319100,CONCORDIA UNIVERSITY                    ,OR,97211-6099,Private      ,43,917,960,2380,5619,7999
00319300,EASTERN OREGON UNIVERSITY               ,OR,97850-2899,Public       ,70,162,232,3366,3964,7330
00319400,GEORGE FOX UNIVERSITY                   ,OR,97132-2697,Private      ,56,82,138,3750,2508,6258
00319600,LANE COMMUNITY COLLEGE                  ,OR,97405-0640,Public       ,299,818,1117,8244,16239,24483
00319700,LEWIS & CLARK COLLEGE                   ,OR,97219-7899,Private      ,55,88,143,6097,4177,10274
00319800,LINFIELD COLLEGE                        ,OR,97128-6894,Private      ,47,67,114,3729,1522,5251
00319801,LINFIELD COLLEGE - PORTLAND CAMPUS      ,OR,97210-0000,Private      ,17,49,66,777,1575,2352
00319900,MARYLHURST UNIVERSITY                   ,OR,97036-7036,Private      ,4,93,97,178,2221,2399
00320300,MOUNT ANGEL SEMINARY                    ,OR,97373-0505,Private      ,1,0,1,21,30,51
00320400,MOUNT HOOD COMMUNITY COLLEGE            ,OR,97030-3300,Public       ,198,666,864,5994,11277,17271
00320600,MULTNOMAH BIBLE COLLEGE/SEMINARY        ,OR,97220-5898,Private      ,11,49,60,575,1050,1625
00320700,PACIFIC NORTHWEST COLLEGE OF ART        ,OR,97209-3023,Private      ,17,45,62,905,1078,1983
00320800,NORTHWEST CHRISTIAN UNIVERSITY          ,OR,97401-3727,Private      ,11,56,67,713,966,1679
00320900,WESTERN OREGON UNIVERSITY               ,OR,97361-1394,Public       ,132,117,249,8432,3853,12285
00321000,OREGON STATE UNIVERSITY                 ,OR,97331-8507,Public       ,449,584,1033,26755,15644,42399
00321100,OREGON INSTITUTE OF TECHNOLOGY          ,OR,97601-8801,Public       ,54,102,156,3224,3148,6372
00321200,PACIFIC UNIVERSITY                      ,OR,97116-1797,Private      ,63,70,133,4260,3544,7804
00321300,PORTLAND COMMUNITY COLLEGE              ,OR,97219-7198,Public       ,630,2359,2989,16920,42426,59346
00321311,PORTLAND COMMUNITY COLLEGE - TILLAMOOK B,OR,97141-2599,Public       ,21,52,73,169,438,607
00321600,PORTLAND STATE UNIVERSITY               ,OR,97207-0000,Public       ,391,978,1369,17631,28668,46299
00321700,REED COLLEGE                            ,OR,97202-8199,Private      ,29,30,59,3129,1033,4162
00321800,CHEMEKETA COMMUNITY COLLEGE             ,OR,97309-1500,Public       ,240,708,948,7712,16020,23732
00321900,SOUTHERN OREGON UNIVERSITY              ,OR,97520-5010,Public       ,115,173,288,6329,4566,10895
00322000,SOUTHWESTERN OREGON COMMUNITY CLG       ,OR,97420-2956,Public       ,52,111,163,1874,2238,4112
00322100,TREASURE VALLEY COMMUNITY COLLEGE       ,OR,97914-3423,Public       ,57,239,296,1815,3279,5094
00322200,UMPQUA COMMUNITY COLLEGE                ,OR,97470-0226,Public       ,52,174,226,1474,3748,5222
00322300,UNIVERSITY OF OREGON                    ,OR,97403-1226,Public       ,458,341,799,29904,13012,42916
00322400,UNIVERSITY OF PORTLAND                  ,OR,97203-5798,Private      ,155,164,319,11299,4011,15310
00322500,WARNER PACIFIC COLLEGE                  ,OR,97215-4099,Private      ,25,142,167,1356,2513,3869
00322700,WILLAMETTE UNIVERSITY                   ,OR,97301-3930,Private      ,66,56,122,6205,2065,8270
00487800,CLACKAMAS COMMUNITY COLLEGE             ,OR,97045-7998,Public       ,179,439,618,4757,7788,12545
00488200,OREGON HEALTH & SCIENCE UNIVERSITY      ,OR,97239-0000,Public       ,37,139,176,1294,5116,6410
00693800,LINN BENTON COMMUNITY COLLEGE           ,OR,97321-3774,Public       ,111,315,426,4632,6972,11604
00717800,WESTERN SEMINARY                        ,OR,97215-0000,Private      ,2,33,35,31,646,677
00723402,HEALD COLLEGE - PORTLAND                ,OR,97205-3432,Proprietary  ,29,186,215,407,1891,2298
00732969,ITT TECHNICAL INSTITUTE                 ,OR,97220-6819,Proprietary  ,40,275,315,669,2689,3358
00737101,MARINELLO SCHOOL OF BEAUTY - PORTLAND   ,OR,97212-3732,Proprietary  ,8,35,43,117,336,453
00781900,ART INSTITUTE OF PORTLAND (THE)         ,OR,97209-2911,Proprietary  ,82,158,240,2412,2840,5252
00888700,CONCORDE CAREER INSTITUTE               ,OR,97232-2242,Proprietary  ,48,173,221,457,1669,2126
00907900,EVEREST COLLEGE                         ,OR,97204-2296,Proprietary  ,23,114,137,395,1476,1871
00958100,SPRINGFIELD COLLEGE OF BEAUTY           ,OR,97477-5474,Proprietary  ,7,15,22,96,219,315
01012200,PHAGANS' MEDFORD BEAUTY SCHOOL          ,OR,97504-5297,Proprietary  ,11,28,39,109,328,437
01018200,ROGUE COMMUNITY COLLEGE                 ,OR,97527-0000,Public       ,128,518,646,3280,8601,11881
01050700,ACADEMY OF HAIR DESIGN                  ,OR,97301-3526,Proprietary  ,8,24,32,114,294,408
01230900,UNIVERSITY OF WESTERN STATES            ,OR,97230-3099,Private      ,3,38,41,142,846,988
01234700,PHAGANS CENTRAL OREGON BEAUTY CLG       ,OR,97701-5175,Proprietary  ,7,25,32,124,380,504
01234800,PHAGANS BEAUTY COLLEGE                  ,OR,97333-4716,Proprietary  ,2,13,15,93,176,269
01235000,PHAGANS SCHOOL OF HAIR DESIGN           ,OR,97267-0000,Proprietary  ,10,23,33,101,195,296
01235100,PHAGANS SCHOOL OF BEAUTY                ,OR,97301-4732,Proprietary  ,2,23,25,109,311,420
01300800,PHAGANS TIGARD BEAUTY SCHOOL            ,OR,97223-0000,Proprietary  ,2,6,8,47,112,159
02101000,NORTHWEST COLLEGE OF HAIR DESIGN        ,OR,97086-7702,Proprietary  ,31,73,104,311,767,1078
02101002,NORTHWEST COLLEGE                       ,OR,97007-3954,Proprietary  ,3,7,10,42,134,176
02104900,COLLEGE OF LEGAL ARTS                   ,OR,97219-9998,Proprietary  ,3,69,72,105,564,669
02106100,COLLEGE OF COSMETOLOGY                  ,OR,97601-0000,Proprietary  ,5,19,24,69,179,248
02154400,BEAU MONDE CLG OF HAIR DESIGN           ,OR,97205-0000,Proprietary  ,12,40,52,201,483,684
02159700,NEW HOPE CHRISTIAN COLLEGE              ,OR,97405-1194,Private      ,8,19,27,322,329,651
02201900,PHAGANS' SCHOOL OF HAIR DESIGN          ,OR,97232-0000,Proprietary  ,11,56,67,218,537,755
02239203,ANTHEM COLLEGE - BEAVERTON              ,OR,97005-0000,Proprietary  ,8,32,40,118,306,424
02330100,PIONEER PACIFIC COLLEGE                 ,OR,97070-0000,Proprietary  ,29,123,152,436,1475,1911
02330102,PIONEER PACIFIC COLLEGE                 ,OR,97403-0000,Proprietary  ,25,105,130,325,1474,1799
02337900,COLLEGE OF HAIR DESIGN CAREERS          ,OR,97301-0000,Proprietary  ,4,19,23,108,275,383
02344100,ROSEBURG BEAUTY COLLEGE                 ,OR,97470-0000,Proprietary  ,3,15,18,56,166,222
02534000,NATIONAL COLLEGE OF NATURAL MEDICINE    ,OR,97201-0000,Private      ,1,27,28,89,1114,1203
02578800,NORTHWEST NANNIES INSTITUTE             ,OR,97035-0000,Proprietary  ,2,1,3,24,24,48
02603700,OREGON COL OF ORIENTAL MEDICINE         ,OR,97216-0000,Private      ,0,13,13,41,518,559
02617506,EVEREST COLLEGE - EVEREST INSTITUTE     ,OR,97223-6581,Proprietary  ,17,78,95,165,641,806
03007300,OREGON COLLEGE OF ART & CRAFT           ,OR,97225-6399,Private      ,9,29,38,381,672,1053
03022600,LE CORDON BLEU COLLEGE OF CULINARY ARTS ,OR,97205-2793,Proprietary  ,79,256,335,1181,2577,3758
03042500,CARRINGTON COLLEGE                      ,OR,97232-1302,Proprietary  ,39,175,214,476,1719,2195
03074400,PHAGANS NEWPORT ACAD CSMTLGY CAREER     ,OR,97365-4963,Proprietary  ,2,7,9,26,103,129
03074500,EAST-WEST COLLEGE OF THE HEALING ARTS   ,OR,97232-2765,Proprietary  ,11,63,74,134,715,849
03185300,PHAGANS GRANTS PASS COLLEGE OF BTY      ,OR,97527-3039,Proprietary  ,2,19,21,53,166,219
03428300,KLAMATH COMMUNITY COLLEGE               ,OR,97603-7121,Public       ,33,114,147,802,2026,2828
03642300,VALLEY MEDICAL COLLEGE                  ,OR,97305-1373,Proprietary  ,22,85,107,220,825,1045
03668300,BIRTHINGWAY COLLEGE OF MIDWIFERY        ,OR,97266-4042,Private      ,2,24,26,59,350,409
03783400,ABDILL CAREER COLLEGE                   ,OR,97504-7137,Proprietary  ,12,39,51,97,532,629
04146500,PORTLAND ACTORS CONSERVATORY            ,OR,97201-2557,Private      ,1,8,9,77,191,268
04151900,COLUMBIA GORGE COMMUNITY COLLEGE        ,OR,97058-3434,Public       ,19,84,103,557,1376,1933
04167400,SAGE SCHOOL OF MASSAGE & HEALING ARTS   ,OR,97701-4082,Proprietary  ,0,17,17,67,200,267
04171400,AVEDA INSTITUTE PORTLAND                ,OR,97209-3144,Proprietary  ,28,51,79,431,723,1154
04194400,AMERICAN COLLEGE OF HEALTHCARE SCIENCES ,OR,97239-3719,Proprietary  ,7,113,120,31,427,458
00137400,ALBERTUS MAGNUS COLLEGE                 ,CT,06511-1189,Private      ,16,63,79,1150,1477,2627
00137403,ALBERTUS MAGNUS CLG-NEW DIMENSIONS      ,CT,06511-0000,Private      ,1,84,85,111,1038,1149
00137800,CENTRAL CONNECTICUT STATE UNIV          ,CT,06050-2490,Public       ,108,178,286,10926,5840,16766
00137900,CONNECTICUT COLLEGE                     ,CT,06320-4196,Private      ,21,11,32,3305,246,3551
00138000,WESTERN CONNECTICUT STATE UNIV          ,CT,06810-6826,Public       ,87,59,146,6548,2170,8718
00138500,FAIRFIELD UNIVERSITY                    ,CT,06430-0000,Private      ,51,48,99,7716,1360,9076
00138700,HARTFORD SEMINARY                       ,CT,06105-0000,Private      ,0,6,6,8,122,130
00138900,HOLY APOSTLES COLLEGE & SEMINARY        ,CT,06416-2027,Private      ,0,5,5,17,78,95
00139200,MANCHESTER COMMUNITY COLLEGE            ,CT,06045-1046,Public       ,79,189,268,4554,4997,9551
00139300,MITCHELL COLLEGE                        ,CT,06320-4498,Private      ,13,16,29,1116,349,1465
00139700,UNIVERSITY OF NEW HAVEN                 ,CT,06516-1999,Private      ,117,84,201,10358,2525,12883
00139800,NORTHWESTERN CT COMMUNITY COLLEGE       ,CT,06098-1747,Public       ,16,42,58,698,1007,1705
00139900,NORWALK COMMUNITY TECHNICAL COLLEGE     ,CT,06854-1655,Public       ,66,180,246,2777,3590,6367
00140100,POST UNIVERSITY                         ,CT,06723-3240,Proprietary  ,147,1483,1630,2338,11201,13539
00140200,QUINNIPIAC UNIVERSITY                   ,CT,06518-1908,Private      ,119,81,200,15986,2489,18475
00140201,QUINNIPIAC UNIVERSITY SCHOOL OF LAW     ,CT,06518-0000,Private      ,1,6,7,88,950,1038
00140300,SACRED HEART UNIVERSITY                 ,CT,06825-1000,Private      ,96,147,243,8478,2893,11371
00140600,SOUTHERN CONNECTICUT STATE UNIV         ,CT,06515-1355,Public       ,107,145,252,10621,6311,16932
00140900,SAINT JOSEPH COLLEGE                    ,CT,06117-2791,Private      ,12,119,131,1250,2224,3474
00141400,TRINITY COLLEGE                         ,CT,06106-3100,Private      ,15,13,28,4047,429,4476
00141600,UNIVERSITY OF BRIDGEPORT                ,CT,06601-5650,Private      ,51,127,178,4031,3932,7963
00141700,UNIVERSITY OF CONNECTICUT-STORRS        ,CT,06269-2151,Public       ,250,175,425,32460,6870,39330
00141702,UNIV CONN STAMFORD                      ,CT,06901-0000,Public       ,23,36,59,1117,803,1920
00141703,UNIV OF CONNECTICUT - TORINGTON         ,CT,06790-0000,Public       ,6,1,7,332,198,530
00141706,UNIV OF CONNECTICUT SCH LAW             ,CT,06105-0000,Public       ,3,3,6,104,1368,1472
00141707,UNIV OF CT - SCH OF SOCIAL WORK         ,CT,06117-0000,Public       ,1,11,12,179,800,979
00141708,UNIVERSITY OF CONNECTICUT - SCHOOL OF ME,CT,06030-1920,Public       ,7,11,18,216,651,867
00141709,UNIVERSITY OF CONNECTICUT - SCHOOL OF DE,CT,06030-1920,Public       ,5,5,10,318,390,708
00142200,UNIVERSITY OF HARTFORD                  ,CT,06117-1599,Private      ,116,79,195,11847,2788,14635
00142400,WESLEYAN UNIVERSITY                     ,CT,06459-3208,Private      ,37,3,40,6053,350,6403
00142500,EASTERN CONNECTICUT STATE UNIV          ,CT,06226-2295,Public       ,85,53,138,6965,1709,8674
00142600,YALE UNIVERSITY                         ,CT,06520-8288,Private      ,129,103,232,19823,9168,28991
00280301,RENSSELAER POLYTECHNIC INSTITUTE-RENSSEL,CT,06120-2991,Private      ,0,8,8,25,79,104
00451300,HOUSATONIC COMMUNITY COLLEGE            ,CT,06604-4704,Public       ,72,172,244,3303,5390,8693
00618100,BRIDGEPORT HOSP SCHL OF NURSING         ,CT,06610-2896,Private      ,1,18,19,236,806,1042
00619100,ST. VINCENT'S COLLEGE                   ,CT,06606-9966,Private      ,3,19,22,446,1254,1700
00698200,NAUGATUCK VALLEY COMM-TECH COLG         ,CT,06708-3089,Public       ,97,200,297,3726,4829,8555
00730000,ELI WHITNEY TECHNICAL HIGH SCHOOL       ,CT,06514-0000,Public       ,1,2,3,18,112,130
00730300,LINCOLN TECHNICAL INSTITUTE             ,CT,06051-0000,Proprietary  ,51,144,195,751,1688,2439
00730306,LINCOLN TECHNICAL INSTITUTE - EAST WINDS,CT,06088-9631,Proprietary  ,53,54,107,1176,666,1842
00730500,PORTER AND CHESTER INSTITUTE OF BRANFORD,CT,06405-4022,Proprietary  ,29,84,113,271,648,919
00731100,WINDHAM TECHNICAL HIGH SCHOOL           ,CT,06226-2100,Public       ,0,0,0,9,15,24
00745900,PAIER COLLEGE OF ART                    ,CT,06514-3902,Proprietary  ,2,1,3,161,91,252
00763500,CAPITAL COMMUNITY COLLEGE               ,CT,06103-1207,Public       ,58,194,252,2196,5378,7574
00803700,GATEWAY COMMUNITY-TECHNICAL COLLEGE     ,CT,06511-0000,Public       ,97,290,387,3856,6915,10771
00803800,MIDDLESEX COMMUNITY CLG                 ,CT,06457-4889,Public       ,46,85,131,1452,1995,3447
00887300,PAUL MITCHELL THE SCHOOL                ,CT,06810-6716,Proprietary  ,14,10,24,105,115,220
00887400,BRIO ACADEMY OF COSMETOLOGY             ,CT,06450-4836,Proprietary  ,8,17,25,64,167,231
00887401,BRIO ACADEMY OF COSMETOLOGY - HAMDEN    ,CT,06514-4132,Proprietary  ,3,29,32,33,141,174
00887402,BRIO ACADEMY OF COSMETOLOGY - FAIRFIELD ,CT,06824-6690,Proprietary  ,13,39,52,106,248,354
00887403,BRIO ACADEMY OF COSMETOLOGY - WILLIMANTI,CT,06226-1940,Proprietary  ,8,39,47,46,137,183
00887404,BRIO ACADEMY OF COSMETOLOGY -           ,CT,06605-4114,Proprietary  ,1,2,3,22,65,87
00927700,E C GOODWIN TECHNICAL HIGH SCHOOL       ,CT,06053-0000,Public       ,1,4,5,30,73,103
00940700,LINCOLN COLLEGE OF NEW ENGLAND          ,CT,06489-1057,Proprietary  ,22,44,66,791,1242,2033
00940701,CLEMENS COLLEGE                         ,CT,06078-0000,Proprietary  ,0,0,0,21,11,32
00976400,TUNXIS COMMUNITY COLLEGE                ,CT,06032-3187,Public       ,69,119,188,2355,2974,5329
00976500,THREE RIVERS COMMUNITY COLLEGE          ,CT,06360-6598,Public       ,52,160,212,2204,3710,5914
00982200,ALBERT I PRINCE TECHNICAL HIGH SCHOOL   ,CT,06106-3799,Public       ,0,7,7,22,129,151
01041700,BRIO ACADEMY OF EAST HARTFORD           ,CT,06108-2220,Proprietary  ,16,29,45,100,259,359
01053000,QUINEBAUG VALLEY COMMUNITY COLLEGE      ,CT,06239-1440,Public       ,29,78,107,960,1683,2643
01077900,PORTER AND CHESTER INSTITUTE-ALLCAMPUSES,CT,06615-7158,Proprietary  ,187,579,766,1759,4401,6160
01115000,ASNUNTUCK COMMUNITY COLLEGE             ,CT,06082-3800,Public       ,20,86,106,708,1060,1768
01149600,BULLARD HAVENS VOC TECH SCHOOL          ,CT,06610-3499,Public       ,0,3,3,25,159,184
01169700,VINAL REGIONAL VOC TECH SCHOOL          ,CT,06457-4918,Public       ,0,2,2,12,54,66
01184300,NORWICH TECHNICAL HIGH SCHOOL           ,CT,06360-7097,Public       ,1,2,3,14,96,110
01242500,STONE ACADEMY                           ,CT,06516-4049,Proprietary  ,32,129,161,254,1122,1376
01242503,STONE ACADEMY -WATERBURY                ,CT,06705-3823,Proprietary  ,2,13,15,49,178,227
01242504,STONE ACADEMY -  EAST HARTFORD          ,CT,06118-0000,Proprietary  ,3,8,11,61,256,317
01287700,SANFORD-BROWN COLLEGE                   ,CT,06855-1436,Proprietary  ,0,6,6,108,381,489
01291300,LEON INSTITUTE OF HAIR DESIGN           ,CT,06604-4226,Proprietary  ,2,3,5,8,69,77
02074000,BRANFORD HALL CAREER INSTITUTE          ,CT,06405-0000,Proprietary  ,140,739,879,1059,4334,5393
02106600,AMERICAN INSTITUTE                      ,CT,06110-1922,Proprietary  ,11,51,62,77,422,499
02112300,RIDLEY LOWELL BUSINESS & TECH INST      ,CT,06320-0000,Proprietary  ,23,128,151,189,931,1120
02112700,NORTH HAVEN ACADEMY                     ,CT,06473-3108,Proprietary  ,20,15,35,116,134,250
02115100,BUTLER BUSINESS SCHOOL                  ,CT,06604-0000,Proprietary  ,0,1,1,78,375,453
02148700,CONNECTICUT INST OF HAIR DESIGN         ,CT,06716-0000,Proprietary  ,2,6,8,32,59,91
02202500,NEW ENGLAND TRACTOR TRAILER SCH         ,CT,06071-2036,Proprietary  ,41,375,416,151,1536,1687
02244900,GOODWIN COLLEGE                         ,CT,06118-9980,Private      ,47,327,374,1298,5476,6774
02245300,HOWELL CHENEY TECHNICAL HIGH SCHOOL     ,CT,06040-0000,Public       ,2,2,4,17,30,47
02265900,WINDHAM COMMUNITY MEM HOSP-RAD TECH     ,CT,06226-0000,Private      ,1,1,2,16,46,62
02296100,YALE-NEW HAVEN HOSP DIETETIC INTERN     ,CT,06510-8900,Private      ,0,1,1,32,53,85
02300000,W F KAYNOR TECHNICAL HIGH SCHOOL        ,CT,06708-0000,Public       ,0,2,2,23,107,130
02316600,CONNECTICUT CTR FOR MASSAGE THERAPY     ,CT,06111-3975,Proprietary  ,5,14,19,81,275,356
02316601,CONNECTICUT CENTER FOR MASSAGE THERAPY -,CT,06880-4619,Proprietary  ,3,38,41,43,214,257
02316603,CONNECTICUT CENTER FOR MASSAGE THERAPY -,CT,06340-4619,Proprietary  ,9,22,31,51,147,198
02565000,PLATT TECHNICAL HIGH SCHOOL             ,CT,06460-2105,Public       ,2,3,5,17,35,52
03079400,LYME ACADEMY COLLEGE OF FINE ARTS       ,CT,06371-2333,Private      ,0,0,0,107,39,146
03094800,INDUSTRIAL MANAGEMENT & TRAINING        ,CT,06706-1211,Proprietary  ,2,12,14,56,204,260
03234300,CHARTER OAK STATE COLLEGE               ,CT,06053-2150,Public       ,6,163,169,143,2050,2193
03316300,LINCOLN TECHNICAL INSTITUTE - HARTFORD  ,CT,06105-3630,Proprietary  ,22,65,87,740,850,1590
03381300,CONNECTICUT TRAINING CENTER             ,CT,06108-2705,Private      ,0,3,3,12,87,99
03927300,ALBERT SCHOOL (THE)                     ,CT,06357-2447,Proprietary  ,5,18,23,37,94,131
03927301,BRIO ACADEMY OF COSMETOLOGY - TORRINGTON,CT,06790-5425,Proprietary  ,0,7,7,21,54,75
03927302,BRIO ACADEMY OF COSMETOLOGY  -  ENFIELD ,CT,06082-2946,Proprietary  ,6,15,21,46,85,131
04104300,ACADEMY DI CAPELLI - SCHOOL OF COSMETOLO,CT,06492-0000,Proprietary  ,5,12,17,54,103,157
04128800,BRANFORD ACADEMY OF HAIR & COSMETOLOGY  ,CT,06405-0000,Proprietary  ,8,10,18,35,81,116
04145400,OXFORD ACADEMY OF HAIR DESIGN           ,CT,06483-2911,Proprietary  ,9,10,19,61,92,153
04148400,EUROPEAN ACADEMY OF COSMETOLOGY AND HAIR,CT,06437-0000,Proprietary  ,3,3,6,16,24,40
04152400,INTERNATIONAL INSTITUTE OF COSMETOLOGY  ,CT,06109-0000,Proprietary  ,12,9,21,121,103,224
04162900,TONSORIAL ACADEMY OF COSMETOLOGY AND BAR,CT,06516-0000,Proprietary  ,2,0,2,4,19,23
04219200,ACE COSMETOLOGY & BARBERING TRAINING CEN,CT,06716-0000,Proprietary  ,1,4,5,1,4,5
00146600,BARRY UNIVERSITY                        ,FL,33161-6695,Private      ,154,360,514,6860,10939,17799
00146601,BARRY UNIVERSITY - ORLANDO              ,FL,32807-3673,Private      ,21,64,85,515,2543,3058
00146700,BETHUNE COOKMAN UNIVERSITY              ,FL,32114-3099,Private      ,254,76,330,8107,2394,10501
00146800,ST THOMAS UNIVERSITY                    ,FL,33054-0000,Private      ,60,107,167,1945,3490,5435
00146900,FLORIDA INSTITUTE OF TECHNOLOGY         ,FL,32901-6988,Private      ,124,709,833,5186,9412,14598
00147000,BREVARD COMMUNITY COLLEGE               ,FL,32922-6503,Public       ,240,648,888,7399,12262,19661
00147100,COLLEGE OF CENTRAL FLORIDA              ,FL,34474-4415,Public       ,140,393,533,5526,9828,15354
00147200,CHIPOLA  COLLEGE                        ,FL,32446-2053,Public       ,34,63,97,1388,1830,3218
00147300,CLEARWATER CHRISTIAN COLLEGE            ,FL,33759-0000,Private      ,12,9,21,864,266,1130
00147500,DAYTONA STATE COLLEGE                   ,FL,32114-2800,Public       ,343,829,1172,9562,16266,25828
00147700,EDISON STATE COLLEGE                    ,FL,33906-6210,Public       ,215,424,639,9123,12519,21642
00147800,EDWARD WATERS COLLEGE                   ,FL,32209-6199,Private      ,38,52,90,1480,1228,2708
00147900,EMBRY-RIDDLE AERONAUTICAL UNIV          ,FL,32114-3900,Private      ,125,1157,1282,8331,10294,18625
00148000,FLORIDA A & M UNIVERSITY                ,FL,32307-3100,Public       ,561,227,788,19785,10291,30076
00148100,FLORIDA ATLANTIC UNIVERSITY             ,FL,33431-6498,Public       ,1314,591,1905,30995,19995,50990
00148101,FLORIDA ATLANTIC UNIVERSITY/DAVIE       ,FL,33314-0000,Public       ,107,175,282,3185,5898,9083
00148103,FLORIDA ATLANTIC UNIV-JUPITER/PSL       ,FL,33458-0000,Public       ,50,49,99,1667,1832,3499
00148200,FLORIDA COLLEGE                         ,FL,33617-5578,Private      ,6,4,10,575,120,695
00148400,FLORIDA STATE COLLEGE AT JACKSONVILLE   ,FL,32202-4030,Public       ,519,1761,2280,16779,33880,50659
00148500,FLORIDA KEYS COMMUNITY COLLEGE          ,FL,33040-4397,Public       ,26,48,74,787,1081,1868
00148600,FLORIDA MEMORIAL UNIVERSITY             ,FL,33054-6199,Private      ,107,69,176,3281,2142,5423
00148700,ECKERD COLLEGE                          ,FL,33711-4744,Private      ,41,65,106,3676,1484,5160
00148800,FLORIDA SOUTHERN COLLEGE                ,FL,33801-5698,Private      ,73,95,168,4637,1762,6399
00148900,FLORIDA STATE UNIVERSITY                ,FL,32306-2430,Public       ,2096,614,2710,61092,22053,83145
00149000,GULF COAST COMMUNITY COLLEGE            ,FL,32401-1058,Public       ,68,279,347,3301,6382,9683
00149300,INDIAN RIVER STATE COLLEGE              ,FL,34981-5596,Public       ,245,532,777,8141,12949,21090
00149500,JACKSONVILLE UNIVERSITY                 ,FL,32211-3394,Private      ,108,360,468,4563,5345,9908
00149700,JONES COLLEGE                           ,FL,32211-5588,Private      ,8,57,65,172,1253,1425
00149900,EVEREST UNIVERSITY                      ,FL,32810-5601,Proprietary  ,39,266,305,825,5214,6039
00149901,EVEREST UNIVERSITY - ORLANDO SOUTH      ,FL,32819-7666,Proprietary  ,839,7204,8043,4878,51864,56742
00149902,EVEREST UNIVERSITY - MELBOURNE          ,FL,32905-6609,Proprietary  ,12,130,142,208,1653,1861
00150000,BROWARD COLLEGE- DOWNTOWN CTR           ,FL,33301-2298,Public       ,346,866,1212,8107,15640,23747
00150001,BROWARD COLLEGE - DAVIE CAMPUS          ,FL,33314-0000,Public       ,359,543,902,12406,14960,27366
00150002,BROWARD COLLEGE- NORTH CAMPUS           ,FL,33066-0000,Public       ,216,466,682,8225,12991,21216
00150003,BROWARD COLLEGE- SOUTH CAMPUS           ,FL,33024-0000,Public       ,250,526,776,9086,12729,21815
00150100,FLORIDA GATEWAY COLLEGE                 ,FL,32025-2007,Public       ,43,142,185,1505,3323,4828
00150200,LAKE SUMTER COMMUNITY COLLEGE           ,FL,34788-8751,Public       ,82,139,221,2961,3861,6822
00150400,"STATE COLLEGE OF FLORIDA, MANATEE-SARASO",FL,34207-3596,Public       ,142,324,466,5865,8752,14617
00150500,LYNN UNIVERSITY                         ,FL,33431-5598,Private      ,56,56,112,2688,1282,3970
00150600,MIAMI DADE COLLEGE ADMINISTRATION ONLY  ,FL,33176-3393,Public       ,26,60,86,834,1181,2015
00150601,MIAMI DADE COLLEGE - NORTH CAMPUS       ,FL,33167-3495,Public       ,573,982,1555,15131,19796,34927
00150602,MIAMI DADE COLLEGE - KENDALL CAMPUS     ,FL,33176-3393,Public       ,670,962,1632,21437,19566,41003
00150603,MIAMI DADE COLLEGE - WOLFSON CAMPUS     ,FL,33132-2297,Public       ,438,769,1207,12009,14140,26149
00150604,MIAMI DADE COLLEGE - MEDICAL CAMPUS     ,FL,33127-4693,Public       ,135,357,492,3775,8531,12306
00150605,MIAMI DADE COLLEGE - HOMESTEAD CAMPUS   ,FL,33030-6009,Public       ,125,224,349,3269,4649,7918
00150606,MIAMI DADE COLLEGE -INTERAMERICAN CAMPUS,FL,33135-0000,Public       ,193,497,690,4658,9114,13772
00150607,MIAMI DADE COLLEGE - HIALEAH CAMPUS     ,FL,33012-2918,Public       ,167,331,498,4586,6014,10600
00150800,NORTH FLORIDA COMMUNITY COLLEGE         ,FL,32340-1699,Public       ,32,56,88,694,1151,1845
00150900,NOVA SOUTHEASTERN UNIVERSITY            ,FL,33314-7796,Private      ,232,1143,1375,7864,36196,44060
00151000,NORTHWEST FLORIDA STATE COLLEGE         ,FL,32578-1295,Public       ,68,306,374,2743,5988,8731
00151200,PALM BEACH COMMUNITY COLLEGE            ,FL,33461-4796,Public       ,470,842,1312,16860,19889,36749
00151300,PENSACOLA STATE COLLEGE                 ,FL,32504-8998,Public       ,199,618,817,6006,11822,17828
00151400,POLK STATE COLLEGE                      ,FL,33881-4256,Public       ,114,433,547,6023,9897,15920
00151500,ROLLINS COLLEGE                         ,FL,32789-4499,Private      ,77,45,122,3914,1717,5631
00151900,SANTA FE COLLEGE                        ,FL,32606-6200,Public       ,273,453,726,11765,11610,23375
00152000,SEMINOLE STATE COLLEGE OF FLORIDA       ,FL,32773-6199,Public       ,299,685,984,11726,18616,30342
00152100,SOUTHEASTERN UNIVERSITY                 ,FL,33801-6099,Private      ,58,70,128,3182,1789,4971
00152200,SOUTH FLORIDA COMMUNITY COLLEGE         ,FL,33825-9399,Public       ,44,127,171,1750,2583,4333
00152300,SAINT JOHNS RIVER STATE COLLEGE         ,FL,32177-3897,Public       ,100,231,331,3491,5519,9010
00152600,SAINT LEO UNIVERSITY                    ,FL,33574-6665,Private      ,107,1167,1274,4360,17801,22161
00152800,ST. PETERSBURG COLLEGE                  ,FL,33760-3768,Public       ,298,1172,1470,12396,28411,40807
00153100,STETSON UNIVERSITY                      ,FL,32723-3761,Private      ,167,55,222,5341,1270,6611
00153101,STETSON UNIVERSITY - COLLEGE OF LAW     ,FL,33707-3299,Private      ,7,13,20,162,2086,2248
00153300,TALLAHASSEE COMMUNITY COLLEGE           ,FL,32304-2895,Public       ,338,426,764,13101,11829,24930
00153400,EVEREST UNIVERSITY                      ,FL,33614-5801,Proprietary  ,47,344,391,747,5714,6461
00153408,EVEREST UNIVERSITY - TAMPA BRANDON CAMPU,FL,33619-1354,Proprietary  ,46,521,567,1142,14186,15328
00153409,EVEREST UNIVERSITY - ORANGE PARK        ,FL,32073-1111,Proprietary  ,17,140,157,186,1588,1774
00153500,UNIVERSITY OF FLORIDA                   ,FL,32611-3150,Public       ,1726,612,2338,57491,23540,81031
00153600,UNIVERSITY OF MIAMI                     ,FL,33146-6531,Private      ,474,194,668,25725,7810,33535
00153601,UNIV OF MIAMI SCHOOL OF LAW             ,FL,33124-0000,Private      ,9,22,31,238,2851,3089
00153602,UNIV OF MIAMI-SCH OF MEDICINE           ,FL,33136-0000,Private      ,57,53,110,1317,2268,3585
00153700,UNIVERSITY OF SOUTH FLORIDA             ,FL,33620-6960,Public       ,1541,719,2260,49503,29800,79303
00153701,UNIV OF SOUTH FLORIDA-ST PETERSBURG     ,FL,33701-0000,Public       ,223,184,407,5248,4809,10057
00153702,UNIV OF SOUTH FLORIDA-SARASOTA          ,FL,34243-2025,Public       ,26,81,107,1296,2552,3848
00153705,UNIV OF SOUTH FLORIDA                   ,FL,33803-0000,Public       ,42,52,94,1766,2351,4117
00153706,UNIV OF SOUTH FLORIDA- MEDICINE         ,FL,33612-0000,Public       ,90,56,146,2049,2635,4684
00153800,UNIVERSITY OF TAMPA                     ,FL,33606-1490,Private      ,256,164,420,13717,4587,18304
00154000,WEBBER INTERNATIONAL UNIVERSITY         ,FL,33827-0096,Private      ,16,28,44,1408,433,1841
00173308,NATIONAL-LOUIS UNIVERSITY               ,FL,33609-0000,Private      ,0,15,15,15,144,159
00177201,TRINITY INTERNATIONAL UNIVERSITY - SOUTH,FL,33324-4611,Private      ,0,37,37,78,632,710
00395400,UNIV OF CENTRAL FLORIDA                 ,FL,32816-0001,Public       ,2747,942,3689,79118,37891,117009
00395500,UNIVERSITY OF WEST FLORIDA              ,FL,32514-5750,Public       ,314,385,699,13386,9343,22729
00407215,NORTHWOOD UNIVERSITY                    ,FL,33409-0000,Private      ,17,32,49,695,670,1365
00491004,KAPLAN CAREER INSTITUTE - KAPLAN COLLEGE,FL,33026-3978,Proprietary  ,11,187,198,185,2008,2193
00491005,KAPLAN COLLEGE JACKSONVILLE             ,FL,32216-3216,Proprietary  ,21,245,266,299,3193,3492
00558500,LIVELY TECHNICAL CENTER                 ,FL,32304-0000,Public       ,28,107,135,847,2852,3699
00558600,LINDSEY HOPKINS TECHNICAL ED CENTER     ,FL,33127-4692,Public       ,37,123,160,336,1391,1727
00559400,D G ERWIN TECHNICAL CENTER              ,FL,33610-8255,Public       ,52,170,222,839,2980,3819
00560500,PINELLAS TECH ED CTR-CLEARWATER         ,FL,33760-2194,Public       ,29,160,189,452,2109,2561
00560700,SARASOTA COUNTY TECHNICAL INSTITUTE     ,FL,34233-0000,Public       ,9,43,52,366,1217,1583
00560800,MAYNARD A. TRAVISS CAREER CENTER        ,FL,33803-9709,Public       ,21,75,96,561,1816,2377
00561200,MANATEE TECHNICAL INSTITUTE             ,FL,34210-0000,Public       ,37,101,138,606,1935,2541
00561201,MANATEE TECHNICAL INSTITUTE-EAST        ,FL,34211-0000,Public       ,18,57,75,366,1196,1562
00675000,VALENCIA COMMUNITY COLLEGE              ,FL,32802-3028,Public       ,1649,1514,3163,35405,36558,71963
00732910,ITT TECHNICAL INSTITUTE                 ,FL,33634-7515,Proprietary  ,124,563,687,1162,4515,5677
00732947,ITT TECHNICAL INSTITUTE                 ,FL,32746-1607,Proprietary  ,93,434,527,744,3003,3747
00736206,MEDTECH COLLEGE - MEDTECH INSTITUTE - OR,FL,32826-4906,Proprietary  ,8,39,47,8,39,47
00752500,SUWANNEE-HAMILTON AREA VOC TECH CTR     ,FL,32060-0000,Public       ,7,21,28,99,403,502
00752600,WASHINGTON HOLMES TECHNICAL CENTER      ,FL,32428-1699,Public       ,11,53,64,175,678,853
00755800,LEE COUNTY HIGH TECH CENTER CENTRAL     ,FL,33916-2299,Public       ,18,61,79,611,1555,2166
00758600,REMINGTON COLLEGE - TAMPA CAMPUS        ,FL,33612-8410,Private      ,21,104,125,285,1339,1624
00787000,HILLSBOROUGH COMMUNITY COLLEGE          ,FL,33606-3572,Public       ,478,1102,1580,18972,27754,46726
00789300,FLAGLER COLLEGE                         ,FL,32085-1027,Private      ,90,38,128,5275,1189,6464
00789301,FLAGLER COLLEGE - TALLAHASSEE COMMUNITY ,FL,32304-2895,Private      ,18,59,77,596,1147,1743
00807500,ST JOHN VIANNEY COLLEGE SEMINARY        ,FL,33165-3244,Private      ,3,0,3,52,36,88
00814600,EVEREST UNIVERSITY - POMPANO BEACH      ,FL,33062-2522,Proprietary  ,54,460,514,598,5404,6002
00822300,ST VINCENT DE PAUL REGIONL SEMINARY     ,FL,33436-0000,Private      ,1,2,3,9,40,49
00841700,STENOTYPE INST OF JACKSONVILLE          ,FL,32207-0000,Proprietary  ,2,28,30,74,629,703
00869410,RASMUSSEN COLLEGE - OCALA               ,FL,34471-7051,Proprietary  ,58,719,777,930,7349,8279
00869411,RASMUSSEN COLLEGE - NEW PORT RICHEY     ,FL,34690-4554,Proprietary  ,17,117,134,309,1636,1945
00869413,RASMUSSEN COLLEGE - FORT MYERS          ,FL,33905-7805,Proprietary  ,26,100,126,479,1958,2437
00869420,RASMUSSEN COLLEGE - TAMPA               ,FL,33610-9558,Proprietary  ,12,78,90,242,1059,1301
00869422,RASMUSSEN COLLEGE - PASCO               ,FL,33558-0000,Proprietary  ,8,54,62,77,473,550
00884800,WARNER UNIVERSITY                       ,FL,33859-8725,Private      ,22,46,68,801,987,1788
00884900,PALM BEACH ATLANTIC UNIVERSITY          ,FL,33401-6505,Private      ,63,91,154,3966,3375,7341
00887800,MIAMI INTERNATIONAL UNIV ART&DESIGN     ,FL,33132-1418,Proprietary  ,151,215,366,3718,3593,7311
00910400,RIVERSIDE HAIRSTYLING ACADEMY           ,FL,32207-3810,Proprietary  ,3,10,13,32,150,182
00963500,FLORIDA INTERNATIONAL UNIVERSITY        ,FL,33199-0001,Public       ,1751,939,2690,44162,36206,80368
00984100,UNIVERSITY OF NORTH FLORIDA             ,FL,32224-2645,Public       ,772,422,1194,20057,12511,32568
00990200,SHERIDAN TECHNICAL CENTER               ,FL,33021-3399,Public       ,65,300,365,776,2978,3754
01016100,"LORAINE'S ACADEMY, INC                  ",FL,33710-0000,Proprietary  ,2,42,44,64,358,422
01019500,ART INSTITUTE OF FT LAUDERDALE          ,FL,33316-3000,Proprietary  ,85,191,276,2456,2801,5257
01065200,PASCO-HERNANDO COMMUNITY CLG            ,FL,34654-5199,Public       ,185,414,599,5845,9370,15215
01072401,CARLOS ALBIZU UNIVERSITY                ,FL,33172-0000,Private      ,5,42,47,154,1479,1633
01082600,TOM P. HANEY TECHNICAL CENTER           ,FL,32405-5099,Public       ,16,108,124,368,1619,1987
01112700,GOODING INST OF NUR ANES BAY MED CT     ,FL,32401-0000,Proprietary  ,1,5,6,22,197,219
01226300,ATLANTIC TECHNICAL CENTER               ,FL,33063-3902,Public       ,38,148,186,618,2156,2774
01254400,FIRST COAST TECHNICAL COLLEGE           ,FL,32084-1921,Public       ,52,93,145,483,1391,1874
01257400,RINGLING SCHOOL OF ART AND DESIGN       ,FL,34234-5895,Private      ,23,9,32,2351,550,2901
01303904,SOUTH UNIVERSITY - WEST PALM BEACH CAMPU,FL,33409-5149,Proprietary  ,34,185,219,628,2459,3087
01323400,LORENZO WALKER INST OF TECHNOLOGY       ,FL,34104-4405,Public       ,16,37,53,347,905,1252
02089600,CONCORDE CAREER INSTITUTE               ,FL,32211-0000,Proprietary  ,39,220,259,388,2005,2393
02106602,AMERICAN INSTITUTE - AMERICAN INSTITUTE ,FL,34747-5161,Proprietary  ,0,15,15,19,369,388
02113609,AMERICAN INTERCONTINENTAL UNIV - WESTON ,FL,33326-3233,Proprietary  ,2,32,34,254,1079,1333
02115300,PINELLAS TECHNICAL EDUCATION CENTERS - S,FL,33711-0000,Public       ,45,230,275,544,2691,3235
02116006,SANFORD-BROWN INSTITUTE - FT. LAUDERDALE,FL,33309-1906,Proprietary  ,15,65,80,225,1003,1228
02121800,EVEREST INSTITUTE                       ,FL,33169-4759,Proprietary  ,38,209,247,407,1685,2092
02121801,EVEREST INSTITUTE  - HIALEAH            ,FL,33012-7193,Proprietary  ,5,15,20,96,303,399
02148200,FASHION FOCUS HAIR ACADEMY              ,FL,34231-0000,Proprietary  ,1,11,12,47,173,220
02148300,MANHATTAN BEAUTY SCHOOL                 ,FL,33611-0000,Proprietary  ,22,132,154,203,833,1036
02149900,PAUL MITCHELL THE SCHOOL-JACKSONVILLE   ,FL,32205-0000,Proprietary  ,42,56,98,343,765,1108
02151100,ATI COLLEGE OF HEALTH                   ,FL,33169-0000,Proprietary  ,2,5,7,234,946,1180
02151900,KEISER  UNIVERSITY                      ,FL,33309-0000,Private      ,344,2034,2378,5366,23788,29154
02156700,FLORIDA CHRISTIAN COLLEGE               ,FL,34744-0000,Private      ,10,13,23,533,425,958
02159600,BAPTIST COLLEGE OF FLORIDA (THE)        ,FL,32440-0000,Private      ,7,21,28,395,382,777
02172700,CONCORDE CAREER INSTITUTE               ,FL,33607-0000,Proprietary  ,20,104,124,294,1223,1517
02188900,HOBE SOUND BIBLE COLLEGE                ,FL,33475-0000,Private      ,3,2,5,77,104,181
02200100,BRADENTON BEAUTY & BARBER ACADEMY       ,FL,34209-0000,Proprietary  ,4,21,25,90,249,339
02215900,ATI CAREER TRAINING CENTER              ,FL,33309-1785,Proprietary  ,0,0,0,124,606,730
02218700,FLORIDA TECHNICAL COLLEGE               ,FL,32826-2707,Proprietary  ,148,510,658,1289,4722,6011
02218707,FLORIDA TECHNICAL COLLEGE - LAKELAND    ,FL,33813-2101,Proprietary  ,2,34,36,152,746,898
02218709,FLORIDA TECHNICAL COLLEGE - DELAND      ,FL,32720-7415,Proprietary  ,22,127,149,241,1244,1485
02228300,LAKE TECHNICAL CENTER                   ,FL,32726-0000,Public       ,25,93,118,514,1715,2229
02245500,FORTIS COLLEGE                          ,FL,32789-4679,Proprietary  ,10,81,91,161,1112,1273
02257900,INTERNATIONAL ACADEMY                   ,FL,32119-3541,Proprietary  ,10,41,51,112,408,520
02275100,CONCORDE CAREER INSTITUTE               ,FL,33025-0000,Proprietary  ,21,74,95,195,767,962
02278800,SOUTHWEST FLORIDA COLLEGE               ,FL,33907-0000,Proprietary  ,40,185,225,644,2386,3030
02278801,SOUTHWEST FLORIDA COLLEGE - TAMPA       ,FL,33619-1344,Proprietary  ,18,75,93,520,1277,1797
02278802,SOUTHWEST FLORIDA COLLEGE - INSTITUTUE O,FL,33928-9469,Proprietary  ,2,13,15,42,133,175
02278803,SOUTHWEST FLORIDA COLLEGE - PORT CHARLOT,FL,33953-3100,Proprietary  ,10,61,71,199,919,1118
02279600,CORTIVA INSTITUTE - FLORIDA             ,FL,33781-0000,Proprietary  ,8,22,30,64,209,273
02280800,NEW ENGLAND INST TECH-PALM BEACH        ,FL,33407-0000,Proprietary  ,28,65,93,450,1219,1669
02283800,BEAUTY SCHOOLS OF AMERICA               ,FL,33012-3322,Proprietary  ,97,650,747,628,3478,4106
02286502,ITT TECHNICAL INSTITUTE                 ,FL,32244-6630,Proprietary  ,0,0,0,0,2,2
02287100,LA BELLE BEAUTY SCHOOL                  ,FL,33012-3224,Proprietary  ,3,32,35,57,251,308
02293200,ATI CAREER TRAINING CENTER              ,FL,33309-5916,Proprietary  ,1,3,4,177,787,964
02293201,ATI CAREER TRAINING CENTER - MIAMI      ,FL,33122-1707,Proprietary  ,2,4,6,188,618,806
02293600,ADVANCED TECHNICAL CENTERS              ,FL,33266-1597,Private      ,3,3,6,52,147,199
02297000,CHARLOTTE TECHNICAL CENTER              ,FL,33948-0000,Public       ,5,15,20,255,825,1080
02300900,WITHLACOOCHEE TECHNICAL INSTITUTE       ,FL,34450-0000,Public       ,8,29,37,278,901,1179
02305700,FORTIS COLLEGE                          ,FL,33619-1283,Proprietary  ,4,28,32,149,788,937
02305800,FLORIDA CAREER COLLEGE                  ,FL,33012-7028,Proprietary  ,230,1043,1273,1987,7295,9282
02305810,FLORIDA CAREER COLLEGE - CLEARWATER     ,FL,33759-3924,Proprietary  ,5,27,32,137,594,731
02307400,GEORGE STONE AREA VOCATIONAL TECHNICAL  ,FL,32526-0000,Public       ,26,143,169,446,1868,2314
02314100,SCHILLER INTERNATIONAL UNIVERSITY       ,FL,33770-0000,Proprietary  ,8,30,38,70,369,439
02316200,MIAMI LAKES TECHNICAL EDUCATION CTR     ,FL,33014-0000,Public       ,63,161,224,480,1692,2172
02321200,ORANGE TECH EDUC CTR- WESTSIDE TECH     ,FL,34787-0000,Public       ,23,83,106,312,1037,1349
02325100,KEY COLLEGE                             ,FL,33004-3046,Proprietary  ,1,8,9,20,108,128
02326303,MEDVANCE INSTITUTE - WEST PALM          ,FL,33461-2171,Proprietary  ,18,55,73,234,750,984
02326306,MEDVANCE INSTITUTE - MIAMI              ,FL,33173-3431,Proprietary  ,5,19,24,106,378,484
02326800,MERIDIAN COLLEGE                        ,FL,34240-8478,Proprietary  ,6,28,34,65,371,436
02326801,MERIDIAN CAREER INSTITUTE -             ,FL,33619-1378,Proprietary  ,0,0,0,14,38,52
02326900,SUNSTATE ACADEMY OF HAIR DESIGN         ,FL,33907-1415,Proprietary  ,19,69,88,219,616,835
02329900,FLORIDA INSTITUTE OF ULTRASOUND         ,FL,32514-0000,Proprietary  ,6,25,31,160,611,771
02338400,FT PIERCE BEAUTY ACADEMY                ,FL,34982-0000,Proprietary  ,15,70,85,102,428,530
02346200,WYOTECH                                 ,FL,32174-1010,Proprietary  ,27,105,132,641,1388,2029
02362100,FULL SAIL UNIVERSITY                    ,FL,32792-0000,Proprietary  ,852,2539,3391,17943,33357,51300
02499000,ACADEMY OF COSMETOLOGY                  ,FL,32953-3311,Proprietary  ,6,33,39,78,296,374
02501500,"O*TEC, MID-FLORIDA TECH                 ",FL,32809-0000,Public       ,45,209,254,715,2237,2952
02502702,ADVANCED CAREER TRAINING-JACKSONVIL     ,FL,32256-0000,Proprietary  ,11,28,39,105,447,552
02504600,WINTER PARK TECH                        ,FL,32789-0000,Public       ,6,85,91,187,952,1139
02508900,TALMUDIC COLLEGE OF FLORIDA             ,FL,33139-0000,Private      ,1,2,3,53,36,89
02511700,RIDGE TECHNICAL CENTER                  ,FL,33881-0000,Public       ,25,96,121,437,1482,1919
02513200,ORLANDO TECHNICAL CENTER                ,FL,32801-0000,Public       ,34,136,170,692,2242,2934
02515400,CITY COLLEGE                            ,FL,33309-3073,Private      ,33,236,269,540,2826,3366
02517100,SARASOTA SCHOOL OF MASSAGE THERAPY      ,FL,34243-6130,Proprietary  ,5,19,24,48,205,253
02524000,SUNSTATE ACADEMY OF HAIR DESIGN         ,FL,34624-0000,Proprietary  ,11,31,42,113,328,441
02524200,ROBERT MORGAN EDUCATIONAL CENTER        ,FL,33177-0000,Public       ,35,106,141,525,1354,1879
02531805,PAUL MITCHELL THE SCHOOL -TAMPA         ,FL,33613-0000,Proprietary  ,0,3,3,0,3,3
02547600,FLORIDA NATIONAL COLLEGE                ,FL,33012-0000,Proprietary  ,103,431,534,923,3348,4271
02554200,RADFORD LOCKLIN TECH CENTER             ,FL,32570-0000,Public       ,4,16,20,115,415,530
02573200,LA BELLE BEAUTY ACADEMY                 ,FL,33135-0000,Proprietary  ,7,63,70,116,480,596
02597100,HERITAGE INSTITUTE                      ,FL,33912-7132,Proprietary  ,34,129,163,419,1273,1692
02598200,SOUTHERN CAREER COLLEGE                 ,FL,32211-0000,Proprietary  ,5,23,28,76,459,535
02599800,EVEREST UNIVERSITY                      ,FL,33770-2556,Proprietary  ,11,100,111,152,1174,1326
02599801,EVEREST UNIVERSITY - TAMPA LAKELAND CAMP,FL,33801-3801,Proprietary  ,15,142,157,217,1575,1792
02599805,EVEREST UNIVERSITY - JACKSONVILLE       ,FL,32256-0000,Proprietary  ,19,170,189,404,2553,2957
02601600,HENRY W BREWSTER TECHNICAL CENTER       ,FL,33602-0000,Public       ,11,73,84,235,998,1233
02612700,"SALON PROFESSIONAL ACADEMY - MELBOURNE, ",FL,32904-3919,Proprietary  ,7,21,28,104,266,370
02616400,SANFORD-BROWN INSTITUTE                 ,FL,32256-3520,Proprietary  ,13,64,77,274,1517,1791
02616401,SANFORD-BROWN INSTITUTE - TAMPA         ,FL,33610-8304,Proprietary  ,22,78,100,241,1010,1251
02616705,LE CORDON BLEU COLLEGE OF CULINARY ARTS ,FL,33025-3929,Proprietary  ,10,35,45,315,1272,1587
03003200,EVEREST INSTITUTE                       ,FL,33186-1410,Proprietary  ,30,129,159,345,1182,1527
03003201,EVEREST INSTITUTE - FT. LAUDERDALE      ,FL,33304-2522,Proprietary  ,0,0,0,56,258,314
03003600,MCFATTER TECHNICAL CENTER               ,FL,33317-7499,Public       ,40,123,163,588,1790,2378
03008600,FLORIDA COLLEGE OF NATURAL HEALTH       ,FL,33064-1342,Proprietary  ,36,168,204,322,1203,1525
03010608,VIRGINIA COLLEGE - PENSACOLA            ,FL,32501-5650,Proprietary  ,10,118,128,224,1603,1827
03010612,VIRGINIA COLLEGE - GOLF ACADEMY OF AMERI,FL,32701-0000,Proprietary  ,3,6,9,117,257,374
03010618,VIRGINIA COLLEGE - JACKSONVILLE         ,FL,32207-5167,Proprietary  ,5,64,69,203,1112,1315
03012300,ASM BEAUTY WORLD ACADEMY                ,FL,33021-0000,Proprietary  ,8,36,44,47,243,290
03018500,BENE'S INTERNATIONAL SCHOOL OF BEAUTY   ,FL,34652-1637,Proprietary  ,9,53,62,118,436,554
03028200,TRINITY COLLEGE OF FLORIDA              ,FL,34655-4401,Private      ,4,8,12,175,216,391
03031400,INTERNATIONAL ACADEMY OF DESIGN AND TECH,FL,33634-6313,Proprietary  ,66,385,451,1500,5204,6704
03031402,INTERNATIONAL ACADEMY OF DESIGN AND TECH,FL,32809-4613,Proprietary  ,23,57,80,642,1135,1777
03031403,IADT - ORLANDO CULINARY ACADEMY         ,FL,32819-0000,Proprietary  ,6,21,27,381,778,1159
03035800,HERITAGE INSTITUTE                      ,FL,32216-0948,Proprietary  ,13,84,97,137,790,927
03035900,NATIONAL AVIATION ACADEMY               ,FL,33760-3931,Proprietary  ,54,99,153,424,1070,1494
03037500,HODGES UNIVERSITY                       ,FL,34119-7932,Private      ,58,322,380,804,4507,5311
03054200,FORTIS COLLEGE                          ,FL,33144-2373,Proprietary  ,13,33,46,217,419,636
03071600,COLLEGE OF BUSINESS & TECHNOLOGY        ,FL,33176-0000,Proprietary  ,28,260,288,390,1816,2206
03076402,BRYMAN SCHOOL OF ARIZONA (THE) - ANTHEM ,FL,32803-3509,Proprietary  ,5,30,35,70,245,315
03079800,GEORGE T BAKER AVIATION                 ,FL,33142-5687,Public       ,18,46,64,434,661,1095
03079900,CITY COLLEGE                            ,FL,32707-0000,Private      ,14,62,76,101,608,709
03089200,NOUVELLE INSTITUTE                      ,FL,33125-4141,Proprietary  ,6,86,92,54,477,531
03096300,FORTIS INSTITUTE                        ,FL,33860-0000,Proprietary  ,5,28,33,46,203,249
03100800,TAYLOR TECHNICAL INSTITUTE              ,FL,32348-0894,Public       ,6,24,30,64,276,340
03101900,TRINITY BAPTIST COLLEGE                 ,FL,32221-1398,Private      ,5,12,17,300,314,614
03103900,MARION COUNTY COMMUNITY TECH & ADUL     ,FL,34474-3172,Public       ,16,76,92,417,1785,2202
03108500,EVERGLADES UNIVERSITY                   ,FL,33431-0000,Private      ,20,189,209,262,2052,2314
03108600,COM-PU-MED VOCATIONAL CAREERS           ,FL,33012-4861,Proprietary  ,17,90,107,63,422,485
03113400,ACADEMY OF HEALING ARTS                 ,FL,33463-2113,Proprietary  ,3,17,20,48,212,260
03114700,PRAXIS INSTITUTE                        ,FL,33135-2657,Proprietary  ,3,61,64,33,328,361
03115500,ADVENTIST UNIVERSITY OF HEALTH SCIENCES ,FL,32803-1237,Private      ,39,120,159,1940,4287,6227
03123900,KEISER CAREER COLLEGE                   ,FL,33413-0000,Proprietary  ,34,150,184,433,1831,2264
03125600,MIAMI AD SCHOOL                         ,FL,33139-5203,Proprietary  ,5,23,28,108,470,578
03127900,TECHNICAL EDUCATION CTR OSCEOLA         ,FL,34744-4459,Public       ,22,101,123,455,1479,1934
03158300,LEE COUNTY HIGH TECH CENTER NORTH       ,FL,33993-2479,Public       ,7,48,55,237,736,973
03171300,UNIVERSITY OF ST. AUGUSTINE FOR HEALTH S,FL,32084-4215,Proprietary  ,7,142,149,131,1858,1989
03178400,CORAL RIDGE NURSES ASST TRAINING        ,FL,33306-0000,Proprietary  ,1,11,12,33,145,178
03224300,NEW PROFESSIONS TECHNICAL INSTITUTE     ,FL,33134-1640,Proprietary  ,20,193,213,114,834,948
03230300,CHOICE HIGH SCHOOL AND TECHNICAL CENTER ,FL,32547-1299,Public       ,7,57,64,136,799,935
03238300,FLORIDA COLLEGE OF INTEGRATIVE MED      ,FL,32809-5721,Proprietary  ,8,28,36,158,579,737
03255300,FLORIDA GULF COAST UNIVERSITY           ,FL,33965-6565,Public       ,620,211,831,18252,6901,25153
03256300,YESHIVA GEDOLAH RABBINICAL COLLEGE      ,FL,33139-4708,Private      ,8,1,9,38,17,55
03264300,SOUTH FLORIDA BIBLE COLLEGE AND THEOLOGI,FL,33441-5768,Private      ,1,5,6,20,118,138
03346300,ACAD FOR PRAC NURSING & HEALTH OCCP     ,FL,33417-4574,Private      ,18,111,129,320,1399,1719
03348400,PROFESSIONAL TRAINING CENTERS           ,FL,33184-0000,Proprietary  ,12,76,88,138,666,804
03373300,BEACON COLLEGE                          ,FL,34748-5224,Private      ,2,4,6,212,139,351
03374300,FLORIDA COASTAL SCHOOL OF LAW           ,FL,32256-0000,Proprietary  ,1,47,48,96,3417,3513
03382300,BRADFORD-UNION AREA CAREERTECHNICAL CENT,FL,32091-2434,Public       ,2,21,23,70,379,449
03390300,LINCOLN TECHNICAL INSTITUTE             ,FL,32730-2351,Proprietary  ,9,37,46,150,661,811
03411400,INTERNATIONAL TRAINING CAREERS          ,FL,33155-1462,Private      ,9,93,102,72,451,523
03414500,ACUPUNCTURE AND MASSAGE COLLEGE         ,FL,33176-1509,Proprietary  ,4,20,24,99,452,551
03425400,CENTRAL FLORIDA INSTITUTE               ,FL,34684-4436,Proprietary  ,14,79,93,205,815,1020
03429600,ATLANTIC INST OF ORIENTAL MEDICINE      ,FL,33316-0000,Private      ,1,20,21,30,279,309
03429700,EAST WEST COLLG OF NATURAL MEDICINE     ,FL,34236-4959,Proprietary  ,1,8,9,32,249,281
03433400,NEW CONCEPT MASSAGE AND BEAUTY SCHO     ,FL,33135-0000,Proprietary  ,5,29,34,25,152,177
03434300,FORTIS COLLEGE                          ,FL,32073-2999,Proprietary  ,20,83,103,192,848,1040
03480301,MEDVANCE INSTITUTE - FORT LAUDERDALE    ,FL,33313-7261,Proprietary  ,10,44,54,91,385,476
03480302,MEDVANCE INSTITUTE - STUART             ,FL,34994-3000,Proprietary  ,16,73,89,176,806,982
03491400,AMERICAN ADVANCED TECHNICIANS INST      ,FL,33014-4430,Proprietary  ,9,32,41,57,233,290
03549300,ULTIMATE MEDICAL ACADEMY                ,FL,33756-4917,Proprietary  ,261,2908,3169,1641,19133,20774
03553300,KEISER CAREER COLLEGE                   ,FL,32216-0000,Proprietary  ,15,110,125,435,1735,2170
03557300,NORTH FLORIDA COSMETOLOGY INSTITUTE     ,FL,32312-0000,Proprietary  ,12,30,42,162,574,736
03564300,"INTERNATIONAL SCHOOL OF HEALTH, BEAUTY &",FL,33311-1141,Proprietary  ,6,45,51,59,398,457
03570400,ENGLISH CENTER (THE)                    ,FL,33133-2703,Public       ,6,34,40,42,420,462
03595400,ANGLEY COLLEGE                          ,FL,32720-4257,Proprietary  ,0,0,0,1,4,5
03611400,FLORIDA BARBER ACADEMY                  ,FL,33441-0000,Proprietary  ,3,51,54,56,468,524
03618300,FLORIDA INSTITUTE OF ANIMAL ARTS        ,FL,32792-1740,Proprietary  ,15,40,55,192,357,549
03627400,JACKSONVILLE BEAUTY INSTITUTE           ,FL,32208-1885,Proprietary  ,13,51,64,108,443,551
03627600,FLORIDA EDUCATION INSTITUTE             ,FL,33144-5036,Proprietary  ,15,68,83,89,440,529
03661400,SOUTH FLORIDA INSTITUTE OF TECHNOLO     ,FL,33135-0000,Proprietary  ,20,208,228,200,1224,1424
03691400,AVE MARIA SCHOOL OF LAW                 ,FL,34119-1376,Private      ,4,2,6,78,812,890
03696400,SABER                                   ,FL,33134-1604,Private      ,5,56,61,68,620,688
03706300,AMERICAN INSTITUTE                      ,FL,33319-0000,Proprietary  ,18,51,69,90,330,420
03757300,ADVANCE SCIENCE INSTITUTE               ,FL,33012-0000,Proprietary  ,3,15,18,34,96,130
03801400,BEAUTY INSTITUTE (THE)                  ,FL,33409-2972,Proprietary  ,4,22,26,85,262,347
03801401,BEAUTY INSTITUTE (THE) - MARGATE        ,FL,33068-5704,Proprietary  ,1,9,10,35,110,145
03816300,ARTISTIC NAILS & BEAUTY ACADEMY         ,FL,33605-5919,Proprietary  ,17,88,105,194,688,882
03823300,FLORIDA ACADEMY OF HEALTH & BEAUTY      ,FL,33311-0000,Proprietary  ,0,7,7,20,62,82
03832300,DADE MEDICAL COLLEGE                    ,FL,33126-5534,Proprietary  ,47,296,343,915,3805,4720
03842500,CAMBRIDGE INSTITUTE OF ALLIED HEALTH    ,FL,32750-0000,Proprietary  ,0,26,26,73,342,415
03856300,UNIVERSAL BEAUTY SCHOOL                 ,FL,33174-4406,Proprietary  ,2,40,42,34,205,239
03856500,FLORIDA SCHOOL OF TRADITIONAL MIDWIFERY ,FL,32601-5507,Private      ,0,13,13,22,184,206
03875300,MCI INSTITUTE OF TECHNOLOGY             ,FL,33409-4937,Proprietary  ,12,73,85,158,596,754
03888300,DRAGON RISES COLLEGE OF ORIENTAL MEDICIN,FL,32601-5089,Proprietary  ,0,3,3,6,117,123
03903500,SOUTHERN TECHNICAL COLLEGE              ,FL,32809-0000,Proprietary  ,36,239,275,399,2238,2637
03907301,PAUL MITCHELL THE SCHOOL FT MYERS       ,FL,33907-0000,Proprietary  ,0,3,3,0,3,3
03911300,TOTAL INTERNATIONAL CAREER INSTITUTE    ,FL,33012-0000,Proprietary  ,1,60,61,17,284,301
03939300,WOLFORD COLLEGE                         ,FL,34108-1931,Proprietary  ,3,6,9,42,364,406
03939400,CENTURA INSTITUTE                       ,FL,32807-3566,Proprietary  ,6,76,82,138,765,903
03939600,DAYTONA COLLEGE                         ,FL,32174-8445,Proprietary  ,9,47,56,150,580,730
03941300,AVE MARIA UNIVERSITY                    ,FL,34142-9505,Private      ,24,1,25,1203,251,1454
03957400,NEW COLLEGE OF FLORIDA                  ,FL,34243-2109,Public       ,50,17,67,2063,605,2668
03985300,COMMERCIAL DIVING ACADEMY               ,FL,32208-0000,Proprietary  ,28,97,125,431,1187,1618
03986300,AVIATOR COLLEGE OF AERONAUTICAL SCIENCE ,FL,34946-9022,Proprietary  ,4,14,18,101,252,353
04016500,AMERICAN INSTITUTE OF BEAUTY            ,FL,33773-0000,Proprietary  ,8,55,63,111,455,566
04029300,TRENDSETTERS OF FLORIDA SCHOOL OF BEAUTY,FL,32205-4737,Proprietary  ,2,17,19,37,192,229
04038302,ATA COLLEGE-ATA CAREER EDUCATION        ,FL,34606-4300,Proprietary  ,16,54,70,87,346,433
04038303,ATA COLLEGE - ATA CAREER EDUCATION      ,FL,33773-3434,Proprietary  ,1,3,4,24,128,152
04083400,CAMBRIDGE INSTITUTE OF ALLIED HEALTH & T,FL,33484-6543,Proprietary  ,5,34,39,80,379,459
04105400,PENSACOLA SCHOOL OF MASSAGE THERAPY & HE,FL,32504-7337,Proprietary  ,3,23,26,83,440,523
04106300,PALM BEACH ACADEMY OF HEALTH & BEAUTY   ,FL,33403-2130,Proprietary  ,2,25,27,39,167,206
04116400,FUTURE-TECH INSTITUTE                   ,FL,33135-4142,Proprietary  ,4,49,53,39,173,212
04116600,TAYLOR COLLEGE                          ,FL,34420-8714,Proprietary  ,1,25,26,109,841,950
04119400,AVEDA INSTITUTE - SAINT PETERSBURG      ,FL,33701-4242,Proprietary  ,54,83,137,628,1158,1786
04120400,HI-TECH SCHOOL OF COSMETOLOGY           ,FL,33174-0000,Proprietary  ,5,15,20,108,187,295
04126900,ACADEMY OF CAREER TRAINING              ,FL,34741-4644,Proprietary  ,17,60,77,191,602,793
04127400,DIGITAL MEDIA ARTS COLLEGE              ,FL,33431-5919,Proprietary  ,12,16,28,404,336,740
04128400,MANAGEMENT RESOURCES INSTITUTE          ,FL,33126-5473,Proprietary  ,14,219,233,81,1236,1317
04129900,FLORIDA SCHOOL OF MASSAGE               ,FL,32608-5419,Proprietary  ,5,34,39,102,372,474
04130400,SHEAR EXCELLENCE INTERNATIONAL HAIR ACAD,FL,33614-2783,Proprietary  ,3,25,28,61,217,278
04131900,FASTTRAIN OF MIAMI                      ,FL,33134-1065,Proprietary  ,0,0,0,58,174,232
04132000,FASTTRAIN OF FORT LAUDERDALE            ,FL,33317-3127,Proprietary  ,0,0,0,21,121,142
04132100,FASTTRAIN OF TAMPA                      ,FL,33607-4153,Proprietary  ,0,0,0,21,150,171
04132200,FASTTRAIN OF JACKSONVILLE               ,FL,32256-4849,Proprietary  ,0,0,0,15,130,145
04133500,ACADEMY FOR FIVE ELEMENT ACUPUNCTURE    ,FL,32601-6811,Private      ,0,8,8,27,166,193
04133900,FUTURA CAREER INSTITUTE                 ,FL,33012-3325,Proprietary  ,6,39,45,23,154,177
04134800,AVEDA INSTITUTE - TALLAHASSEE           ,FL,32304-3186,Proprietary  ,49,75,124,422,735,1157
04134900,ORANGE PARK BEAUTY ACADEMY              ,FL,32073-5524,Proprietary  ,2,10,12,20,107,127
04135000,COZMO THE SCHOOL                        ,FL,34135-4810,Proprietary  ,1,10,11,25,93,118
04135900,ALLIED HEALTH INSTITUTE                 ,FL,33068-0000,Proprietary  ,12,196,208,109,1356,1465
04140800,NORTH FLORIDA ACADEMY                   ,FL,32065-7758,Proprietary  ,2,15,17,36,84,120
04143000,VOCATIONAL INSTITUTE OF FLORIDA         ,FL,33135-1939,Proprietary  ,2,6,8,42,212,254
04143100,PROFESSIONAL HANDS INSTITUTE            ,FL,33135-1939,Proprietary  ,2,7,9,16,92,108
04145900,CELEBRITY SCHOOL OF BEAUTY              ,FL,33144-4153,Proprietary  ,5,35,40,114,350,464
04146200,WALTON CAREER DEVELOPMENT CENTER        ,FL,32433-1557,Public       ,2,14,16,66,337,403
04146300,MARCHMAN TECHNICAL EDUCATION CENTER     ,FL,34653-1211,Public       ,6,18,24,201,466,667
04147800,ROSE TRAINING INSTITUTE                 ,FL,33881-4094,Proprietary  ,0,0,0,13,62,75
04148500,MEDICAL INSTITUTE OF PALM BEACH         ,FL,33460-5042,Proprietary  ,13,40,53,121,354,475
04150800,IMMOKALEE TECHNICAL CENTER              ,FL,34142-3146,Public       ,5,19,24,139,246,385
04151500,AMERICAN ACADEMY OF COSMETOLOGY         ,FL,32065-8026,Proprietary  ,10,23,33,55,172,227
04156300,UNIVERSITY OF FORT LAUDERDALE           ,FL,33313-5809,Private      ,2,11,13,69,187,256
04156400,AVIATION INSTITUTE OF MAINTENANCE       ,FL,32803-6487,Proprietary  ,28,89,117,291,758,1049
04157100,AEROSIM FLIGHT ACADEMY                  ,FL,32773-9683,Proprietary  ,3,22,25,111,274,385
04158300,FLAGLER TECHNICAL INSTITUTE             ,FL,32137-4714,Public       ,9,43,52,108,492,600
04162000,JOSE MARIA VARGAS UNIVERSITY            ,FL,33025-4534,Proprietary  ,1,15,16,32,168,200
04162500,HOLLYWOOD INSTITUTE OF BEAUTY CAREERS   ,FL,33020-4807,Proprietary  ,31,177,208,104,715,819
04163000,SALON PROFESSIONAL ACADEMY (THE)        ,FL,33624-6321,Proprietary  ,3,22,25,104,303,407
04163100,SALON PROFESSIONAL ACADEMY (THE)        ,FL,32607-1672,Proprietary  ,9,20,29,112,266,378
04163200,SALON PROFESSIONAL ACADEMY (THE)        ,FL,32162-9311,Proprietary  ,13,26,39,81,231,312
04164500,EUREKA INSTITUTE OF HEALTH AND BEAUTY   ,FL,33174-4205,Proprietary  ,1,18,19,30,139,169
04164600,D. A. DORSEY EDUCATIONAL CENTER         ,FL,33147-6304,Public       ,3,22,25,48,290,338
04167300,SALON PROFESSIONAL ACADEMY (THE)        ,FL,33904-4824,Proprietary  ,4,12,16,68,163,231
04170300,BEAUTY ACADEMY OF SOUTH FLORIDA         ,FL,33012-3221,Proprietary  ,3,45,48,45,200,245
04172300,ETERNITY COSMETOLOGY SCHOOL             ,FL,33415-5719,Proprietary  ,6,55,61,51,316,367
04173600,NOTTER SCHOOL OF PASTRY ARTS            ,FL,32809-7755,Proprietary  ,0,0,0,108,254,362
04176800,PROGRESSIVE TRAINING CENTERS            ,FL,33060-9238,Proprietary  ,1,5,6,9,96,105
04176900,AMERICAN HEALTH INSTITUTE               ,FL,34654-3743,Proprietary  ,4,7,11,51,217,268
04182500,MILLENNIA ATLANTIC UNIVERSITY           ,FL,33178-2369,Proprietary  ,0,9,9,32,81,113
04188300,FLORIDA ACADEMY                         ,FL,33966-1155,Proprietary  ,9,25,34,116,390,506
04192100,AMERICAN MEDICAL ACADEMY                ,FL,33186-4830,Proprietary  ,16,33,49,152,304,456
04195100,AMBIANCE BEAUTY & BARBER ACADEMY        ,FL,32935-8771,Proprietary  ,0,17,17,27,145,172
04197600,"FLORIDA INSTITUTE OF RECORDING, SOUND AN",FL,32804-3309,Proprietary  ,8,32,40,204,402,606
04206300,FLORIDA VOCATIONAL INSTITUTE            ,FL,33155-3762,Proprietary  ,6,18,24,24,179,203
04207900,SAE INSTITUTE OF TECHNOLOGY - MIAMI     ,FL,33160-4307,Proprietary  ,18,28,46,111,212,323
04209500,SHEAR FINESSE HAIRSTYLING ACADEMY       ,FL,32208-5005,Proprietary  ,0,5,5,2,22,24
04210800,ULTRASOUND MEDICAL INSTITUTE            ,FL,33462-4221,Proprietary  ,1,7,8,1,11,12
04213200,KAIZEN BEAUTY ACADEMY                   ,FL,33024-6609,Proprietary  ,4,9,13,4,9,13
04217800,BOCA BEAUTY ACADEMY                     ,FL,33434-4178,Proprietary  ,3,16,19,3,16,19
00160500,CHAMINADE UNIV OF HONOLULU              ,HI,96816-1578,Private      ,33,146,179,2556,2513,5069
00160600,BRIGHAM YOUNG UNIV-HAWAII CAMPUS        ,HI,96762-1294,Private      ,57,48,105,2471,1209,3680
00161000,UNIVERSITY OF HAWAII AT MANOA           ,HI,96822-2399,Public       ,184,243,427,15672,10940,26612
00161100,UNIVERSITY OF HAWAII AT HILO            ,HI,96720-4091,Public       ,66,64,130,4214,3430,7644
00161200,HONOLULU COMMUNITY COLLEGE              ,HI,96817-4598,Public       ,55,123,178,2965,3713,6678
00161300,KAPIOLANI COMMUNITY COLLEGE             ,HI,96816-4421,Public       ,72,134,206,4116,4624,8740
00161400,KAUAI COMMUNITY COLLEGE                 ,HI,96766-9591,Public       ,14,19,33,678,936,1614
00161500,UNIVERSITY OF HAWAII MAUI COLLEGE       ,HI,96732-1644,Public       ,29,79,108,1913,3725,5638
00454900,LEEWARD COMMUNITY COLLEGE               ,HI,96782-3393,Public       ,79,143,222,3288,4168,7456
00525800,HAWAII COMMUNITY COLLEGE                ,HI,96720-4075,Public       ,32,58,90,2083,3308,5391
00723401,HEALD COLLEGE - HONOLULU                ,HI,96814-0000,Proprietary  ,96,277,373,1160,2676,3836
00727900,HAWAII PACIFIC UNIVERSITY               ,HI,96813-2882,Private      ,89,303,392,5992,4945,10937
01122000,WINDWARD COMMUNITY COLLEGE              ,HI,96744-0000,Public       ,18,63,81,1171,1815,2986
02100300,MED-ASSIST SCHOOL OF HAWAII             ,HI,96813-0000,Proprietary  ,3,31,34,157,361,518
02107800,UNIVERSITY OF HAWAII - WEST OAHU        ,HI,96782-0000,Public       ,39,72,111,2157,2490,4647
02139500,HAWAII INSTITUTE OF HAIR DESIGN         ,HI,96817-5195,Proprietary  ,13,36,49,135,297,432
02159701,NEW HOPE CHRISTIAN COLLEGE - HAWAII     ,HI,96819-2228,Private      ,3,6,9,152,246,398
03017800,TRAVEL INSTITUTE OF THE PACIFIC         ,HI,96814-1946,Proprietary  ,7,42,49,91,272,363
03072500,WORLD MEDICINE INSTITUTE                ,HI,96826-0000,Private      ,1,5,6,64,175,239
03649300,HAWAII TECHNOLOGY INSTITUTE             ,HI,96813-3036,Private      ,0,0,0,115,196,311
03735300,INST OF CLINICAL ACUPUNCTURE & ORIENT MD,HI,96813-2307,Proprietary  ,0,8,8,13,122,135
03999400,TRADITIONAL CHINESE MEDICAL COLLEGE OF H,HI,96743-8324,Private      ,0,2,2,4,68,72
04165200,MAUNA LOA HELICOPTERS                   ,HI,96740-2650,Proprietary  ,1,5,6,22,83,105
04169600,HEISEI INTERNATIONAL INSTITUTE OF MASSAG,HI,96814-2254,Proprietary  ,0,0,0,5,16,21
04175100,PAUL MITCHELL THE SCHOOL HONOLULU       ,HI,96816-2433,Proprietary  ,12,24,36,188,291,479
04182200,HAWAII MEDICAL INSTITUTE                ,HI,96814-3518,Proprietary  ,25,69,94,315,670,985
00161600,BOISE STATE UNIVERSITY                  ,ID,83725-1000,Public       ,202,447,649,15223,14724,29947
00161700,"COLLEGE OF IDAHO, THE                   ",ID,83605-4432,Private      ,28,23,51,1814,708,2522
00161900,COLLEGE OF SOUTHERN IDAHO               ,ID,83301-0000,Public       ,84,185,269,3972,4983,8955
00161908,COLLEGE OF WESTERN IDAHO                ,ID,83687-1515,Public       ,0,0,0,4079,7382,11461
00162000,IDAHO STATE UNIVERSITY                  ,ID,83209-5377,Public       ,136,253,389,6854,10366,17220
00162100,LEWIS-CLARK STATE COLLEGE               ,ID,83501-2698,Public       ,45,100,145,2688,3077,5765
00162300,NORTH IDAHO COLLEGE                     ,ID,83814-2199,Public       ,52,196,248,3618,5701,9319
00162400,NORTHWEST NAZARENE UNIVERSITY           ,ID,83686-5897,Private      ,19,76,95,1707,1794,3501
00162500,BRIGHAM YOUNG UNIVERSITY-IDAHO          ,ID,83460-1650,Private      ,645,630,1275,14432,10837,25269
00162600,UNIVERSITY OF IDAHO                     ,ID,83844-4291,Public       ,112,130,242,10851,5392,16243
00732915,ITT TECHNICAL INSTITUTE                 ,ID,83713-1529,Proprietary  ,61,276,337,602,2141,2743
00987300,MR JUAN'S CLG OF HAIR DESIGN            ,ID,83301-4154,Proprietary  ,4,6,10,39,102,141
01113300,EASTERN IDAHO TECHNICAL COLLEGE         ,ID,83404-5788,Public       ,12,48,60,514,1442,1956
02218000,CARRINGTON COLLEGE                      ,ID,83704-0000,Proprietary  ,45,218,263,505,2025,2530
02234500,BOISE BIBLE COLLEGE                     ,ID,83714-1220,Private      ,0,4,4,262,195,457
02275800,MR LEONS SCHOOL OF HAIR DESIGN          ,ID,83843-8384,Proprietary  ,0,6,6,32,78,110
02275801,MR. LEON'S SCHOOL OF HAIR DESIGN        ,ID,83501-1910,Proprietary  ,0,4,4,18,33,51
02314000,SCHOOL OF HAIRSTYLING (THE)             ,ID,83202-0000,Proprietary  ,0,2,2,30,75,105
02319800,HEADMASTERS SCHOOL OF HAIR DESIGN       ,ID,83814-0000,Proprietary  ,9,26,35,129,265,394
02349200,HEADMASTERS SCHOOL OF HAIR DESIGN       ,ID,83501-0000,Proprietary  ,2,12,14,36,93,129
02559500,RAZZLE DAZZLE CLG OF HAIR DESIGN        ,ID,83686-5104,Proprietary  ,11,22,33,91,254,345
02607100,PAUL MITCHELL THE SCHOOL BOISE          ,ID,83709-1662,Proprietary  ,9,26,35,236,394,630
03098700,ACADEMY OF COURT REPORTING              ,ID,83704-8320,Proprietary  ,23,60,83,175,647,822
03832400,COSMETOLOGY SCHOOL OF ARTS & SCIENCES   ,ID,83318-1327,Proprietary  ,4,7,11,30,82,112
04051323,ART INSTITUTE OF PHOENIX (THE) - BROWN M,ID,83709-2746,Proprietary  ,2,11,13,105,274,379
04134300,EVANS HAIRSTYLING COLLEGE               ,ID,83440-5277,Proprietary  ,5,3,8,68,64,132
04144500,HAIR ACDMY PAUL MITCHELL PARTNER SCHOOL ,ID,83440-2600,Proprietary  ,14,15,29,124,156,280
04150600,D & L ACADEMY OF HAIR DESIGN            ,ID,83301-6229,Proprietary  ,1,7,8,32,87,119
04155200,OLIVER FINLEY ACADEMY OF COSMETOLOGY    ,ID,83704-8011,Proprietary  ,11,50,61,141,411,552
04163800,MASTER EDUCATORS BEAUTY SCHOOL          ,ID,83301-4118,Proprietary  ,3,9,12,61,97,158
04168600,COLLEGE OF MASSAGE THERAPY              ,ID,83221-1758,Proprietary  ,3,7,10,42,81,123
04176700,D'SHAW INSTITUTE OF COSMETOLOGY         ,ID,83704-4406,Proprietary  ,5,12,17,58,163,221
04194800,VELVET TOUCH ACADEMY OF COSMETOLOGY     ,ID,83687-5020,Proprietary  ,1,12,13,55,162,217
04203200,BOISE BARBER COLLEGE                    ,ID,83704-5919,Proprietary  ,8,16,24,40,154,194
04203500,AUSTIN KADE ACADEMY                     ,ID,83404-5540,Proprietary  ,11,30,41,101,274,375
04207200,ACADEMY DI FIRENZE                      ,ID,83338-2329,Proprietary  ,1,2,3,10,22,32
04211800,COLLEGE OF WESTERN IDAHO                ,ID,83687-5505,Public       ,118,426,544,1417,4221,5638
00163200,AQUINAS INSTITUTE OF THEOLOGY           ,MO,63108-3323,Private      ,1,7,8,10,110,120
00244900,AVILA COLLEGE                           ,MO,64145-1698,Private      ,16,91,107,1565,2174,3739
00245000,CALVARY BIBLE COLLEGE                   ,MO,64147-1341,Private      ,2,10,12,203,278,481
00245200,CENTRAL BIBLE COLLEGE                   ,MO,65803-1096,Private      ,3,25,28,448,402,850
00245300,CENTRAL METHODIST UNIVERSITY            ,MO,65248-1198,Private      ,18,117,135,1859,2267,4126
00245400,UNIVERSITY OF CENTRAL MISSOURI          ,MO,64093-5178,Public       ,99,192,291,10013,5665,15678
00245600,COLUMBIA COLLEGE                        ,MO,65216-4581,Private      ,144,1887,2031,3672,25122,28794
00245700,CONCORDIA SEMINARY                      ,MO,63105-3199,Private      ,0,14,14,8,483,491
00245800,COTTEY COLLEGE                          ,MO,64772-2790,Private      ,4,3,7,399,80,479
00245900,CROWDER COLLEGE                         ,MO,64850-9165,Public       ,100,253,353,2752,3858,6610
00246000,CULVER STOCKTON COLLEGE                 ,MO,63435-1299,Private      ,6,6,12,1122,223,1345
00246100,DRURY UNIVERSITY                        ,MO,65802-3791,Private      ,54,239,293,2849,4887,7736
00246200,EDEN THEOLOGICAL SEMINARY               ,MO,63119-0000,Private      ,0,7,7,4,142,146
00246300,EVANGEL UNIVERSITY                      ,MO,65802-2125,Private      ,19,35,54,2512,1118,3630
00246400,FONTBONNE UNIVERSITY                    ,MO,63105-3098,Private      ,21,112,133,1477,3067,4544
00246600,HARRIS-STOWE STATE COLLEGE              ,MO,63103-2199,Public       ,43,77,120,1860,2506,4366
00246700,CONCEPTION SEMINARY COLLEGE             ,MO,64433-0502,Private      ,0,0,0,69,14,83
00246800,JEFFERSON COLLEGE                       ,MO,63050-2441,Public       ,73,190,263,3130,3898,7028
00247100,ST LOUIS COMMUNITY COLLEGE              ,MO,63102-0000,Public       ,342,1072,1414,13657,22264,35921
00247300,KANSAS CITY ART INSTITUTE               ,MO,64111-1874,Private      ,17,26,43,1513,609,2122
00247400,KANSAS CITY UNIV OF MED AND BIOSCIENCES ,MO,64106-0000,Private      ,1,10,11,112,1252,1364
00247600,KENRICK-GLENNON SEMINARY                ,MO,63119-4330,Private      ,1,1,2,18,19,37
00247700,A.T. STILL UNIV OF HEALTH SCIENCES      ,MO,63501-0000,Private      ,0,81,81,25,3031,3056
00247900,LINCOLN UNIVERSITY                      ,MO,65101-3500,Public       ,39,75,114,2782,2303,5085
00248000,LINDENWOOD UNIVERSITY                   ,MO,63301-1695,Private      ,93,466,559,7312,8687,15999
00248200,MARYVILLE UNIVERSITY                    ,MO,63141-7299,Private      ,38,266,304,2718,4230,6948
00248400,METROPOLITAN COMMUNITY COLLEGE          ,MO,64111-2408,Public       ,240,898,1138,11376,19533,30909
00248500,MIDWESTERN BAPTIST THEOL SEMINARY       ,MO,64118-4697,Private      ,5,28,33,120,442,562
00248600,MINERAL AREA COLLEGE                    ,MO,63601-1000,Public       ,59,106,165,2312,3126,5438
00248800,MISSOURI SOUTHERN STATE UNIVERSITY      ,MO,64801-1595,Public       ,56,132,188,4516,4400,8916
00248900,MISSOURI VALLEY COLLEGE                 ,MO,65340-3197,Private      ,15,17,32,1798,594,2392
00249000,MISSOURI WESTERN STATE UNIVERSITY       ,MO,64507-2294,Public       ,51,115,166,5086,3324,8410
00249100,MOBERLY AREA COMMUNITY COLLEGE          ,MO,65270-1304,Public       ,78,138,216,3429,4239,7668
00249400,NAZARENE THEOLOGICAL SEMINARY           ,MO,64131-1246,Private      ,0,5,5,11,204,215
00249500,TRUMAN STATE UNIVERSITY                 ,MO,63501-4221,Public       ,51,23,74,6375,648,7023
00249600,NORTHWEST MISSOURI STATE UNIV           ,MO,64468-6001,Public       ,48,61,109,7438,1699,9137
00249800,PARK UNIVERSITY                         ,MO,64152-3795,Private      ,27,980,1007,1782,10537,12319
00249900,ROCKHURST UNIVERSITY                    ,MO,64110-2561,Private      ,18,47,65,2297,1744,4041
00250000,COLLEGE OF THE OZARKS                   ,MO,65726-2502,Private      ,34,12,46,3578,466,4044
00250100,SOUTHEAST MISSOURI STATE UNIV           ,MO,63701-4799,Public       ,100,167,267,9495,5118,14613
00250200,SOUTHWEST BAPTIST UNIVERSITY            ,MO,65613-2597,Private      ,29,74,103,2399,1954,4353
00250300,MISSOURI STATE UNIVERSITY               ,MO,65897-0094,Public       ,186,271,457,17083,9557,26640
00250400,ST LOUIS COLLEGE OF PHARMACY            ,MO,63110-1088,Private      ,7,11,18,917,873,1790
00250600,SAINT LOUIS UNIVERSITY                  ,MO,63103-2097,Private      ,122,250,372,11285,9549,20834
00250900,SAINT PAUL SCHOOL OF THEOLOGY           ,MO,64127-2499,Private      ,0,3,3,6,174,180
00251200,STEPHENS COLLEGE                        ,MO,65215-0001,Private      ,5,21,26,1034,817,1851
00251400,NORTH CENTRAL MISSOURI COLLEGE          ,MO,64683-1824,Public       ,25,37,62,1025,1227,2252
00251600,UNIVERSITY OF MISSOURI-COLUMBIA         ,MO,65211-1600,Public       ,263,298,561,29758,10507,40265
00251700,MISSOURI UNIVERSITY OF SCIENCE & TECHNOL,MO,65409-0250,Public       ,46,57,103,6143,1617,7760
00251800,UNIVERSITY OF MISSOURI-KANSAS CITY      ,MO,64110-2497,Public       ,97,332,429,9322,11793,21115
00251900,UNIVERSITY OF MISSOURI-ST LOUIS         ,MO,63121-4499,Public       ,116,391,507,8158,12867,21025
00252000,WASHINGTON UNIVERSITY                   ,MO,63130-4899,Private      ,102,133,235,15009,6635,21644
00252001,WASHINGTON UNIV-SCHOOL OF MEDICINE      ,MO,63110-0000,Private      ,9,15,24,247,1683,1930
00252100,WEBSTER UNIVERSITY                      ,MO,63119-3194,Private      ,52,639,691,3794,14912,18706
00252200,WENTWORTH MILITARY ACADEMY              ,MO,64067-1799,Private      ,5,25,30,348,324,672
00252300,WESTMINSTER COLLEGE                     ,MO,65251-1299,Private      ,11,8,19,1384,212,1596
00252400,WILLIAM JEWELL COLLEGE                  ,MO,64068-1896,Private      ,6,14,20,1636,424,2060
00252500,WILLIAM WOODS UNIVERSITY                ,MO,65251-2388,Private      ,13,186,199,1217,1591,2808
00405704,NATIONAL AMERICAN UNIVERSITY            ,MO,64057-1791,Proprietary  ,4,40,44,68,905,973
00439800,COX HEALTH SYSTEM SCHOOL OF RADIOLOGIC T,MO,65802-0000,Private      ,0,4,4,134,268,402
00441300,MERCY HOSPITAL SPRINGFIELD SCHOOL OF RAD,MO,65804-2263,Private      ,1,13,14,141,291,432
00470300,LOGAN COLLEGE OF CHIROPRACTIC           ,MO,63006-1065,Private      ,1,33,34,73,1131,1204
00470700,COVENANT THEOLOGICAL SEMINARY           ,MO,63141-8697,Private      ,0,5,5,4,547,551
00471100,LINN STATE TECHNICAL COLLEGE            ,MO,65051-9607,Public       ,36,25,61,1546,654,2200
00471300,THREE RIVERS COMMUNITY COLLEGE          ,MO,63901-2393,Public       ,57,185,242,2326,4592,6918
00528800,KIRKSVILLE AREA TECHNICAL CENTER        ,MO,63501-0000,Public       ,1,4,5,41,121,162
00528900,WAYNESVILLE CAREER CENTER               ,MO,65583-2131,Public       ,3,10,13,67,222,289
00542400,SOUTH CENTRAL CAREER CENTER             ,MO,65775-3334,Public       ,3,9,12,72,210,282
00542600,SIKESTON CAREER AND TECHNOLOGY CTR      ,MO,63801-0000,Public       ,1,13,14,92,343,435
00542900,ROLLA TECHNICAL INSTITUTE               ,MO,65401-3601,Public       ,2,16,18,285,462,747
00543000,POPLAR BLUFF TECHNICAL CAREER CNTR      ,MO,63901-0000,Public       ,4,19,23,64,315,379
00543800,SALINE COUNTY CAREER CENTER             ,MO,65340-0000,Public       ,0,1,1,16,94,110
00544500,TRUMAN MEDICAL CENTER SCHOOL OF NURSE AN,MO,64108-2677,Private      ,1,15,16,100,320,420
00553100,GRAND RIVER TECHNICAL SCHOOL            ,MO,64601-1299,Public       ,0,2,2,77,88,165
00553200,CAPE GIRARDEAU CAREER & TECHNOLOGY CENTE,MO,63703-7511,Public       ,9,28,37,285,794,1079
00638900,BARNES JEWISH COLLEGE OF NURSING AND ALL,MO,63110-1091,Private      ,14,52,66,645,1601,2246
00639200,RESEARCH COLLEGE OF NURSING             ,MO,64132-1199,Proprietary  ,1,15,16,174,547,721
00639201,RESEARCH MEDICAL CENTER - COLLEGE OF NUR,MO,64132-1199,Proprietary  ,2,7,9,98,284,382
00639202,RESEARCH MED CTR SCHL OF RAD TECH       ,MO,64132-0000,Proprietary  ,1,6,7,35,159,194
00666600,LUTHERAN  SCHOOL OF NURSING             ,MO,63118-3909,Proprietary  ,3,23,26,166,666,832
00732923,ITT TECHNICAL INSTITUTE                 ,MO,63045-1122,Proprietary  ,115,539,654,948,3853,4801
00754000,MISSOURI BAPTIST UNIVERSITY             ,MO,63141-8698,Private      ,30,138,168,1931,3201,5132
00808000,STATE FAIR COMMUNITY COLLEGE            ,MO,65301-0000,Public       ,87,275,362,2759,4177,6936
00826900,HILLYARD TECHNICAL CENTER               ,MO,64506-0000,Public       ,2,13,15,195,387,582
00855200,STEVENS INSTITUTE OF BUSINESS & ARTS    ,MO,63103-0000,Proprietary  ,11,20,31,125,328,453
00860600,TRI-COUNTY TECHNICAL SCHOOL             ,MO,65026-0000,Public       ,0,3,3,19,82,101
00886200,EAST CENTRAL COLLEGE                    ,MO,63084-0529,Public       ,69,125,194,2350,3025,5375
00908900,HANNIBAL-LAGRANGE COLLEGE               ,MO,63401-1999,Private      ,9,31,40,935,701,1636
00952000,NATIONAL ACADEMY OF BEAUTY ARTS         ,MO,63128-1307,Proprietary  ,11,50,61,173,450,623
00959000,INDEPENDENCE COLLEGE OF COSMETOLOGY     ,MO,64055-1105,Proprietary  ,5,14,19,74,190,264
00960700,HOUSE OF HEAVILIN BEAUTY COLLEGE        ,MO,64110-2826,Proprietary  ,0,12,12,61,177,238
00978200,SAINT LUKE'S COLLEGE OF HEALTH SCIENCES ,MO,64114-3237,Private      ,1,22,23,262,673,935
00979500,MISSOURI COLLEGE                        ,MO,63144-2901,Proprietary  ,33,84,117,311,982,1293
01014814,COLORADO TECHNL UNIV NORTH KANSAS CITY  ,MO,64116-3614,Proprietary  ,2,21,23,99,705,804
01027900,HICKEY COLLEGE                          ,MO,63146-0000,Proprietary  ,42,41,83,604,579,1183
01040500,PINNACLE CAREER INSTITUTE               ,MO,64131-3367,Proprietary  ,30,249,279,295,2476,2771
01040501,PINNACLE CAREER INSTITUTE - NORTH KANSAS,MO,64153-1151,Proprietary  ,4,56,60,107,532,639
01050303,WICHITA TECHNICAL INSTITUTE - WTI JOPLIN,MO,64801-2970,Proprietary  ,5,67,72,59,457,516
01102600,WARRENSBURG AREA VOC TECH SCH           ,MO,64093-0000,Public       ,1,10,11,48,147,195
01173500,PIKE/LINCOLN TECHNICAL CENTER           ,MO,63344-0000,Public       ,2,2,4,47,113,160
01212000,ASSEMBLIES OF GOD THEO. SEMINARY        ,MO,65802-0000,Private      ,0,8,8,21,315,336
01250000,RANKEN TECHNICAL COLLEGE                ,MO,63113-2811,Private      ,64,151,215,2000,2775,4775
01258000,ST LOUIS CHRISTIAN COLLEGE              ,MO,63033-6499,Private      ,9,10,19,205,241,446
01320800,BAPTIST BIBLE COLLEGE                   ,MO,65803-3498,Private      ,3,11,14,313,289,602
02056100,FOUR RIVERS CAREER CENTER               ,MO,63090-0000,Public       ,1,1,2,34,89,123
02066900,NICHOLS CAREER CENTER                   ,MO,65101-2814,Public       ,0,8,8,106,267,373
02068200,COX HEALTH - COX COLLEGE                ,MO,65802-0000,Private      ,4,42,46,407,1380,1787
02073600,KENNETT CAREER & TECHNOLOGY CENTER      ,MO,63857-0000,Public       ,0,0,0,32,111,143
02090400,BOONSLICK TECHNICAL EDUCATION CTR       ,MO,65233-0000,Public       ,0,4,4,17,62,79
02119204,COURT REPORTING INSTITUTE OF DALLAS - CO,MO,63105-3329,Proprietary  ,2,35,37,4,63,67
02121100,MIDWEST INSTITUTE                       ,MO,63122-0000,Proprietary  ,6,29,35,91,263,354
02124500,FRANKLIN TECHNOLOGY CENTER              ,MO,64801-0000,Public       ,1,21,22,113,509,622
02142200,LEX LA RAY TECHNICAL CENTER             ,MO,64067-0000,Public       ,1,1,2,42,106,148
02151000,HANNIBAL CAREER AND TECHNICAL CENTE     ,MO,63401-2285,Public       ,0,0,0,20,104,124
02154900,MISSOURI SCH OF BARB & HAIR             ,MO,63031-0000,Proprietary  ,3,16,19,30,124,154
02164200,FOREST INST PROFESSIONAL PSYCHOLOGY     ,MO,65807-0000,Private      ,0,7,7,25,414,439
02165900,CHILLICOTHE BEAUTY ACADEMY              ,MO,64601-0000,Proprietary  ,3,0,3,14,37,51
02180200,METRO BUSINESS COLLEGE                  ,MO,63701-0000,Proprietary  ,11,85,96,152,887,1039
02188000,NORTHWEST TECHNICAL SCHOOL              ,MO,64468-0000,Public       ,0,6,6,75,64,139
02188100,NORTHLAND CAREER CENTER                 ,MO,64079-8333,Public       ,0,2,2,38,105,143
02202700,OZARK CHRISTIAN COLLEGE                 ,MO,64801-0000,Private      ,7,8,15,753,253,1006
02203400,NEVADA REGIONAL TECHNICAL CENTER        ,MO,64772-0000,Public       ,3,3,6,51,97,148
02205200,SANFORD-BROWN COLLEGE                   ,MO,63026-7305,Proprietary  ,6,20,26,223,1134,1357
02205203,SANFORD BROWN COLLEGE-ST. PETERS        ,MO,63376-5950,Proprietary  ,3,11,14,171,724,895
02214500,SALEM COLLEGE OF HAIRSTYLING            ,MO,65401-0000,Proprietary  ,1,11,12,24,62,86
02239200,ANTHEM COLLEGE                          ,MO,63043-0000,Proprietary  ,62,172,234,420,1208,1628
02239202,ANTHEM COLLEGE - METRO SOUTH            ,MO,63026-0000,Proprietary  ,1,10,11,26,140,166
02250600,EVEREST COLLEGE                         ,MO,65807-2446,Proprietary  ,13,116,129,181,922,1103
02263106,ANTHEM COLLEGE - ANTHEM COLLEGE - KANSAS,MO,64114-3232,Proprietary  ,4,13,17,71,301,372
02263400,LAKE CAREER AND TECHNICAL CENTER        ,MO,65020-0000,Public       ,0,7,7,21,67,88
02266400,CENTRAL CHRISTIAN CLG OF THE BIBLE      ,MO,65270-0000,Private      ,3,3,6,225,216,441
02277500,HOUSE OF HEAVILIN OF BLUE SPRINGS       ,MO,64014-3953,Proprietary  ,1,19,20,59,145,204
02289200,COLUMBIA AREA CAREER CENTER             ,MO,65203-0000,Public       ,1,28,29,189,615,804
02295700,MISSOURI BEAUTY ACADEMY                 ,MO,63640-1827,Proprietary  ,5,21,26,75,186,261
02300105,EVEREST COLLEGE - EARTH CITY            ,MO,63045-1100,Proprietary  ,27,136,163,251,1083,1334
02304000,MISSOURI TECH                           ,MO,63303-3887,Proprietary  ,3,25,28,125,279,404
02309100,AMERICAN COLLEGE OF HAIR DESIGN         ,MO,65301-2144,Proprietary  ,1,10,11,34,94,128
02313000,CASS CAREER CENTER                      ,MO,64701-0000,Public       ,0,7,7,22,90,112
02340500,ST LOUIS COLLEGE OF HEALTH CAREERS      ,MO,63110-0000,Proprietary  ,34,117,151,392,1576,1968
02342100,CAREER & TECHNOLOGY CTR AT FT OSAGE     ,MO,64058-0000,Public       ,0,12,12,23,101,124
02361600,CONCORDE CAREER COLLEGE                 ,MO,64111-0000,Proprietary  ,51,246,297,436,2127,2563
02497500,CLINTON TECHNICAL SCHOOL                ,MO,64735-2966,Public       ,0,8,8,32,117,149
02520800,MERRELL UNIV OF BTY ARTS & SCIENCES     ,MO,65109-0000,Proprietary  ,10,22,32,129,250,379
02530600,SAINT CHARLES COMMUNITY COLLEGE         ,MO,63376-0975,Public       ,91,188,279,4767,4189,8956
02543800,PARIS II EDUCATIONAL CENTER (THE)       ,MO,64118-0000,Proprietary  ,7,25,32,73,242,315
02564700,ELAINE STEVEN BEAUTY COLLEGE            ,MO,63136-0000,Proprietary  ,16,34,50,143,331,474
02564701,ELAINE STEVEN BEAUTY COLLEGE - ADVANCE B,MO,63383-2006,Proprietary  ,1,0,1,5,19,24
02564702,ELAINE STEVEN BEAUTY COLLEGE - ADVANCE B,MO,63401-2269,Proprietary  ,2,3,5,14,23,37
02568500,GRABBER SCHOOL OF HAIR DESIGN           ,MO,63011-0000,Proprietary  ,7,17,24,65,167,232
02599700,VATTEROTT COLLEGE                       ,MO,63134-2900,Proprietary  ,69,261,330,563,2315,2878
02599701,VATTEROTT COLLEGE - KANSAS CITY         ,MO,64117-0000,Proprietary  ,14,140,154,216,1472,1688
02599702,VATTEROTT COLLEGE - SPRINGFIELD LOCATION,MO,65807-5340,Proprietary  ,12,93,105,179,974,1153
02599703,VATTEROTT COLLEGE - JOPLIN              ,MO,64801-5033,Proprietary  ,8,74,82,94,609,703
02599705,VATTEROTT COLLEGE - SUNSET HILLS        ,MO,63127-1516,Proprietary  ,26,114,140,194,1182,1376
02599712,VATTEROTT COLLEGE - O'FALLON            ,MO,63366-2748,Proprietary  ,12,53,65,163,556,719
02599714,VATTEROTT COLLEGE - EX'TREME INSTITUTE B,MO,63102-2115,Proprietary  ,32,78,110,32,79,111
02599715,VATTEROTT COLLEGE - PERSONAL FITNESS AND,MO,63132-3251,Proprietary  ,2,1,3,2,1,3
02608000,NEOSHO BEAUTY COLLEGE                   ,MO,64850-1525,Proprietary  ,3,6,9,25,76,101
02609202,VATTEROTT COLLEGE-ST JOSEPH             ,MO,64501-2911,Proprietary  ,9,59,68,140,593,733
02609203,VATTEROTT COLLEGE - L'ECOLE CULINAIRE   ,MO,63124-1103,Proprietary  ,13,76,89,311,946,1257
02611004,HERITAGE COLLEGE-KANSAS CITY            ,MO,64131-4203,Proprietary  ,29,118,147,329,1204,1533
03042400,LEBANON TECHNOLOGY & CAREER CENTER      ,MO,65536-3296,Public       ,3,11,14,102,269,371
03066300,BRYAN CAREER COLLEGE                    ,MO,65806-2507,Proprietary  ,18,143,161,119,995,1114
03066303,BRYAN COLLEGE - COLUMBIA                ,MO,65201-8248,Proprietary  ,5,52,57,108,578,686
03068600,SPECIAL SCHOOL DISTRICT OF ST. LOUIS CO.,MO,63127-0000,Public       ,7,47,54,75,674,749
03070200,CENTRAL COLLEGE OF COSMETOLOGY          ,MO,65583-0000,Proprietary  ,3,11,14,39,133,172
03070900,SE MO HOSP CLG NURSING & HEALTH SCI     ,MO,63703-4507,Private      ,4,13,17,188,504,692
03072800,DALLAS COUNTY CAREER CENTER             ,MO,65685-9152,Public       ,0,0,0,1,13,14
03077200,COSMETOLOGY CONCEPTS INSTITUTE          ,MO,65202-1972,Proprietary  ,3,11,14,77,145,222
03083000,OZARKS TECHNICAL COMMUNITY COLLEGE      ,MO,65802-3601,Public       ,205,621,826,8944,14474,23418
03092600,MESSENGER COLLEGE                       ,MO,64804-4909,Private      ,0,3,3,41,66,107
03097600,ST LOUIS HAIR ACADEMY                   ,MO,63107-1737,Proprietary  ,7,11,18,79,170,249
03101000,NEW DIMENSION SCHOOL OF HAIR DESIGN     ,MO,64801-5017,Proprietary  ,3,13,16,34,95,129
03106000,MISSOURI STATE UNIVERSITY - WEST PLAINS ,MO,65775-2715,Public       ,39,86,125,1340,1710,3050
03110900,HOUSE OF HEAVILIN BEAUTY COLLEGE        ,MO,64083-9195,Proprietary  ,1,13,14,38,82,120
03166300,MOBERLY AREA TECHNICAL CENTER           ,MO,65270-1904,Public       ,0,0,0,72,88,160
03174300,HERNDON CAREER CENTER                   ,MO,64138-2695,Public       ,0,1,1,19,44,63
03519300,MISSOURI COLLEGE OF COSMETOLOGY NORTH   ,MO,65803-0000,Proprietary  ,4,19,23,109,270,379
03579300,TEXAS COUNTY TECHNICAL INSTITUTE        ,MO,65483-2700,Private      ,1,8,9,50,286,336
03616300,AVIATION INSTITUTE OF MAINTENANCE       ,MO,64129-1811,Proprietary  ,7,47,54,66,459,525
03878300,PROFESSIONAL MASSAGE TRAINING CENTER    ,MO,65803-2939,Proprietary  ,1,15,16,61,185,246
03916300,ECLIPS SCHOOL OF COSMETOLOGY AND BARBERI,MO,63703-5809,Proprietary  ,5,48,53,73,333,406
03924300,HAIR ACADEMY 110 (THE)                  ,MO,63501-2915,Proprietary  ,1,2,3,11,33,44
03970400,WELLSPRING SCHOOL OF ALLIED HEALTH      ,MO,64114-3313,Proprietary  ,10,41,51,69,256,325
04037500,ACADEMY OF HAIR DESIGN                  ,MO,65804-2303,Proprietary  ,8,34,42,129,372,501
04051329,ART INSTITUTE OF PHOENIX (THE) - BROWN M,MO,63026-2564,Proprietary  ,3,7,10,72,147,219
04118700,AMERICAN COLLEGE OF TECHNOLOGY          ,MO,64506-2006,Proprietary  ,0,97,97,33,529,562
04119100,CITY VISION COLLEGE                     ,MO,64141-3188,Private      ,0,15,15,10,128,138
04122300,GRANTHAM UNIVERSITY                     ,MO,64153-2262,Proprietary  ,47,1044,1091,239,5261,5500
04127000,PEMISCOT COUNTY SPECIAL SCHOOL DISTRICT ,MO,63851-1666,Public       ,0,0,0,4,18,22
04130300,VICTORY TRADE SCHOOL                    ,MO,65803-2754,Private      ,2,11,13,19,97,116
04130600,"CENTER FOR HEALING ARTS (THE), LLC      ",MO,63143-2103,Proprietary  ,1,23,24,44,214,258
04133300,TREND SETTERS SCHOOL OF COSMETOLOGY     ,MO,63702-7607,Proprietary  ,1,6,7,67,158,225
04145200,TRANSFORMED BARBER AND COSMETOLOGY ACADE,MO,64137-1207,Proprietary  ,4,24,28,89,305,394
04145700,THE SYSTEM A PAUL MITCHELL PARTNER SCHL ,MO,65807-5969,Proprietary  ,9,16,25,174,261,435
04146100,URSHAN GRADUATE SCHOOL OF THEOLOGY      ,MO,63031-7526,Private      ,0,0,0,40,64,104
04170600,SALON PROFESSIONAL ACADEMY (THE)        ,MO,63301-1021,Proprietary  ,5,7,12,79,134,213
04170700,PAUL MITCHELL THE SCHOOL ST LOUIS       ,MO,63108-1554,Proprietary  ,10,25,35,219,334,553
04173900,COSMETOLOGY COLLEGE OF FRANKLIN COUNTY  ,MO,63077-3448,Proprietary  ,1,4,5,22,44,66
04174000,SKIN INSTITUTE                          ,MO,63128-1307,Proprietary  ,2,17,19,31,133,164
04174800,AMERICAN TRADE SCHOOL                   ,MO,63074-1807,Proprietary  ,2,25,27,36,206,242
04184400,SEYMOUR BEAUTY ACADEMY                  ,MO,65746-8743,Proprietary  ,0,7,7,13,51,64
04187000,DONNA'S ACADEMY OF HAIR DESIGN          ,MO,64089-9042,Proprietary  ,2,5,7,32,48,80
04212100,ACADEMY OF SALON PROFESSIONALS          ,MO,65301-6910,Proprietary  ,1,12,13,2,19,21
04218400,CITY POINTE BEAUTY ACADEMY              ,MO,64870-2502,Proprietary  ,0,2,2,0,2,2
00314600,WESTERN OKLAHOMA STATE COLLEGE          ,OK,73521-1397,Public       ,39,99,138,806,1318,2124
00314700,BACONE COLLEGE                          ,OK,74403-1597,Private      ,22,49,71,1346,1008,2354
00314900,SOUTHERN NAZARENE UNIVERSITY            ,OK,73008-2694,Private      ,12,149,161,1330,2257,3587
00315000,CAMERON UNIVERSITY                      ,OK,73505-6377,Public       ,74,248,322,2601,5059,7660
00315100,OKLAHOMA WESLEYAN UNIVERSITY            ,OK,74006-6299,Private      ,12,109,121,940,1297,2237
00315200,UNIV OF CENTRAL OKLAHOMA                ,OK,73034-5209,Public       ,206,281,487,10932,9339,20271
00315300,CONNORS STATE COLLEGE                   ,OK,74469-9700,Public       ,31,84,115,1392,2034,3426
00315400,EAST CENTRAL UNIVERSITY                 ,OK,74820-6999,Public       ,45,114,159,2959,3350,6309
00315500,EASTERN OKLAHOMA STATE COLLEGE          ,OK,74578-4999,Public       ,31,94,125,962,1558,2520
00315600,REDLANDS COMMUNITY COLLEGE              ,OK,73036-5304,Public       ,23,73,96,958,1526,2484
00315700,LANGSTON UNIVERSITY                     ,OK,73050-0000,Public       ,37,60,97,2410,2363,4773
00315800,MURRAY STATE COLLEGE                    ,OK,73460-3137,Public       ,30,101,131,1299,2106,3405
00316000,NORTHEASTERN OKLAHOMA A & M COLLEGE     ,OK,74354-6497,Public       ,38,76,114,2037,1685,3722
00316100,NORTHEASTERN STATE UNIVERSITY           ,OK,74464-2399,Public       ,70,212,282,5862,7288,13150
00316200,NORTHERN OKLAHOMA COLLEGE               ,OK,74653-0310,Public       ,54,77,131,2270,2669,4939
00316300,NORTHWESTERN OKLAHOMA STATE UNIV        ,OK,73717-2799,Public       ,26,44,70,1777,1213,2990
00316400,OKLAHOMA BAPTIST UNIVERSITY             ,OK,74801-2590,Private      ,41,24,65,2828,674,3502
00316500,OKLAHOMA CHRISTIAN UNIVERSITY           ,OK,73131-0000,Private      ,35,57,92,2459,1230,3689
00316600,OKLAHOMA CITY UNIVERSITY                ,OK,73106-1493,Private      ,58,113,171,3215,3691,6906
00316700,UNIV OF SCIENCE & ARTS OF OKLAHOMA      ,OK,73018-5322,Public       ,15,22,37,885,637,1522
00316800,ROGERS STATE UNIVERSITY                 ,OK,74017-3252,Public       ,46,107,153,3223,3594,6817
00317000,OKLAHOMA STATE UNIVERSITY               ,OK,74078-1026,Public       ,318,274,592,20816,9732,30548
00317200,OKLAHOMA STATE UNIVERSITY-OKMULGEE      ,OK,74447-3901,Public       ,40,102,142,2378,2485,4863
00317400,OKLAHOMA PANHANDLE STATE UNIVERSITY     ,OK,73939-0000,Public       ,22,21,43,1163,565,1728
00317600,CARL ALBERT STATE COLLEGE               ,OK,74953-5208,Public       ,44,101,145,1530,2425,3955
00317800,SEMINOLE STATE COLLEGE                  ,OK,74818-0351,Public       ,28,81,109,1055,1510,2565
00317900,SOUTHEASTERN OKLAHOMA STATE UNIV        ,OK,74701-0609,Public       ,54,129,183,2721,3015,5736
00318000,SOUTHWESTERN CHRISTIAN UNIVERSITY       ,OK,73008-2335,Private      ,7,73,80,568,1310,1878
00318100,SOUTHWESTERN OKLAHOMA STATE UNIV        ,OK,73096-3098,Public       ,67,62,129,3547,2397,5944
00318101,SOUTHWESTERN OK STATE UNIV AT SAYRE     ,OK,73662-0000,Public       ,6,13,19,180,284,464
00318300,ST GREGORY'S UNIVERSITY                 ,OK,74804-2499,Private      ,4,42,46,460,509,969
00318308,SAINT GREGORY'S UNIVERSITY - IPD TULSA  ,OK,74135-2499,Private      ,2,17,19,62,354,416
00318400,UNIVERSITY OF OKLAHOMA                  ,OK,73019-4078,Public       ,287,435,722,20525,12393,32918
00318401,UNIVERSITY OF OKLAHOMA-HLTH SCI CTR     ,OK,73190-0000,Public       ,12,115,127,898,4119,5017
00318500,UNIVERSITY OF TULSA                     ,OK,74104-3189,Private      ,63,83,146,3979,2789,6768
00398500,ORAL ROBERTS UNIVERSITY                 ,OK,74171-0001,Private      ,39,59,98,3550,2156,5706
00531100,TULSA COUNTY AREA VOC TECH SCHOOL       ,OK,74145-0000,Public       ,23,112,135,636,2222,2858
00531200,RED RIVER TECHNOLOGY CENTER             ,OK,73533-2700,Public       ,1,15,16,57,209,266
00533900,METRO TECHNOLOGY CENTERS SCH DIST22     ,OK,73111-0000,Public       ,18,114,132,300,1669,1969
00533903,METRO TECHNOLOGY CENTERS SCH DIST22     ,OK,73129-0000,Public       ,11,49,60,194,986,1180
00694200,MID-AMERICA CHRISTIAN UNIVERSITY        ,OK,73170-4504,Private      ,15,350,365,549,3426,3975
00767800,SPARTAN COLLEGE OF AERONAUTICS AND TECHN,OK,74115-5800,Proprietary  ,43,93,136,1007,1097,2104
00791100,VIRGILS BEAUTY COLLEGE                  ,OK,74401-6802,Proprietary  ,0,8,8,32,102,134
00834300,AUTRY TECHNOLOGY CENTER                 ,OK,73703-2598,Public       ,5,10,15,148,420,568
00861900,TRI COUNTY TECHNOLOGY CENTER            ,OK,74006-6029,Public       ,1,8,9,89,301,390
00918500,ROSE STATE COLLEGE                      ,OK,73110-2799,Public       ,89,424,513,3353,6960,10313
00920400,KIAMICHI TECHNOLOGY CENTER              ,OK,74578-0548,Public       ,13,66,79,282,1019,1301
00920408,KIAMICHI TECHNOLOGY CENTER - POTEAU CAMP,OK,74953-0825,Public       ,3,11,14,115,344,459
00961800,TULSA WELDING SCHOOL                    ,OK,74104-0000,Proprietary  ,225,399,624,1662,2757,4419
00964700,"OKLAHOMA STATE UNIV, OKLA CITY          ",OK,73107-6159,Public       ,135,486,621,3571,8531,12102
00970800,EVES COLLEGE OF HAIRSTYLING             ,OK,73501-4359,Proprietary  ,4,16,20,46,177,223
00976300,TULSA COMMUNITY COLLEGE                 ,OK,74135-6198,Public       ,216,759,975,8979,16028,25007
00996300,CADDO KIOWA VOC TECH CENTER             ,OK,73038-0000,Public       ,6,26,32,64,323,387
00996400,CENTRAL OKLAHOMA AREA VOC TECH SCH      ,OK,74030-9613,Public       ,3,38,41,124,444,568
00996500,CANADIAN VALLEY TECHNOLOGY CENTER       ,OK,73036-9117,Public       ,15,59,74,143,602,745
00996800,GORDON COOPER TECHNOLOGY CENTER         ,OK,74804-9913,Public       ,6,32,38,148,581,729
01005300,INDIAN CAPITAL TECHNOLGY CENTER #4      ,OK,74403-9907,Public       ,18,26,44,235,850,1085
01026600,HILLSDALE FREE WILL BAPTIST COLLEGE     ,OK,73153-0000,Private      ,5,13,18,207,130,337
01034200,SOUTHERN OKLAHOMA TECHNOLOGY CENTER     ,OK,73401-2100,Public       ,4,22,26,120,387,507
01039100,OKLAHOMA CITY COMMUNITY COLLEGE         ,OK,73159-4444,Public       ,233,704,937,5676,11828,17504
01050304,WTI TULSA CAMPUS                        ,OK,74112-3140,Proprietary  ,3,49,52,40,380,420
01071700,GREAT PLAINS TECHNOLOGY CENTER SCHOOL DI,OK,73505-8399,Public       ,14,46,60,237,998,1235
01076200,WESTERN OK AREA VOC TECH SCH DIST12     ,OK,73624-1469,Public       ,1,7,8,59,136,195
01120600,PIONEER TECHNOLOGY CENTER               ,OK,74601-1106,Public       ,4,11,15,52,241,293
01128200,OKLAHOMA STATE UNV CLG OSTEOPTHC MD     ,OK,74107-0000,Public       ,5,12,17,177,813,990
01153700,MID-AMERICA TECHNOLOGY CENTER           ,OK,73095-0210,Public       ,6,10,16,62,159,221
01227200,MOORE-NORMAN TECHNOLOGY CENTER          ,OK,73069-8399,Public       ,11,52,63,274,1244,1518
02052700,NORTHEAST TECHNOLOGY CENTER             ,OK,74361-0487,Public       ,3,37,40,204,710,914
02060800,MERIDIAN TECHNOLOGY CENTER              ,OK,74074-0000,Public       ,5,16,21,205,511,716
02126500,ENID BEAUTY COLLEGE                     ,OK,73701-0000,Proprietary  ,7,10,17,36,79,115
02184400,SAND SPRINGS BEAUTY COLLEGE             ,OK,74063-0000,Proprietary  ,5,18,23,39,185,224
02197300,HOLLYWOOD COSMETOLOGY CENTER            ,OK,73189-0000,Proprietary  ,4,3,7,20,111,131
02222700,FRANCIS TUTTLE TECHNOLOGY CENTER        ,OK,73142-0000,Public       ,26,143,169,421,2024,2445
02238500,CENTRAL STATE BEAUTY ACADEMY            ,OK,73162-6007,Proprietary  ,7,37,44,85,410,495
02250900,E OK COUNTY AREA VO-TECH                ,OK,73020-0000,Public       ,2,6,8,48,115,163
02256200,"BROKEN ARROW BEAUTY COLLEGE, INC        ",OK,74012-0000,Proprietary  ,19,32,51,120,328,448
02282100,HIGH PLAINS AREA VOC-TECH               ,OK,73801-0000,Public       ,1,3,4,39,93,132
02306800,PLATT COLLEGE                           ,OK,74145-0000,Proprietary  ,39,210,249,425,2249,2674
02510300,BEAUTY TECHNICAL COLLEGE                ,OK,74465-0000,Proprietary  ,0,16,16,32,106,138
02531200,WOODWARD BEAUTY COLLEGE                 ,OK,73801-0000,Proprietary  ,2,9,11,12,57,69
02554300,AMERICAN BEAUTY INSTITUTE               ,OK,74501-0000,Proprietary  ,0,4,4,25,74,99
02556500,YUKON BEAUTY COLLEGE                    ,OK,73099-4108,Proprietary  ,1,3,4,7,33,40
02560200,PHILLIPS THEOLOGICAL SEMINARY -         ,OK,74116-5612,Private      ,0,3,3,9,130,139
02581100,CLAREMORE BEAUTY COLLEGE                ,OK,74017-7034,Proprietary  ,0,8,8,17,45,62
02581200,CC'S COSMETOLOGY COLLEGE                ,OK,74129-0000,Proprietary  ,4,24,28,76,251,327
02591101,CAREER POINT INSTITUTE                  ,OK,74146-0000,Proprietary  ,5,25,30,115,530,645
02596501,ATI-CAREER TRAINING CENTER - OKLAHOMA CI,OK,73107-2442,Proprietary  ,0,0,0,41,226,267
02596502,ATI- CAREER TRAINING CENTER - OKLAHOMA C,OK,76101-2740,Proprietary  ,0,0,0,113,549,662
02597400,PONTOTOC TECHNOLOGY CENTER SCHOOL       ,OK,74820-8621,Public       ,4,7,11,76,303,379
02599706,VATTEROTT COLLEGE - TULSA               ,OK,74146-2205,Proprietary  ,3,51,54,90,600,690
02600000,NORTHWEST TECHNOLOG CTR SCH DIST 10     ,OK,73717-9600,Public       ,0,4,4,33,71,104
02600500,WES WATKINS TECHNOLOGY CENTER           ,OK,74883-9660,Public       ,2,12,14,43,197,240
02609205,VATTEROTT COLLEGE - OKLAHOMA CITY       ,OK,73127-2103,Proprietary  ,11,105,116,116,902,1018
03008700,SOUTHWEST TECHNOLOGY CENTER             ,OK,73521-1527,Public       ,3,19,22,52,205,257
03024700,STILLWATER BEAUTY ACADEMY               ,OK,74075-3467,Proprietary  ,3,7,10,35,88,123
03030700,OKLAHOMA SCHOOL OF PHOTOGRAPHY          ,OK,73160-3320,Proprietary  ,3,14,17,45,133,178
03030800,AMERICAN BROADCASTING SCHOOL            ,OK,73115-3334,Proprietary  ,6,38,44,69,439,508
03051100,CHISHOLM TRAIL TECHNOLOGY CENTER        ,OK,73764-6335,Public       ,0,5,5,17,90,107
03078500,TECH INST OF COSMETOLOGY ARTS & SCI     ,OK,74120-3610,Proprietary  ,3,13,16,60,181,241
03103800,SOUTHERN SCHOOL OF BEAUTY               ,OK,74701-5008,Proprietary  ,5,9,14,36,72,108
03109800,PONCA CITY BEAUTY COLLEGE               ,OK,74601-4201,Proprietary  ,0,6,6,4,44,48
03109801,BARTLESVILLE BEAUTY COLLEGE             ,OK,74003-2835,Proprietary  ,0,6,6,5,48,53
03115100,HERITAGE COLLEGE                        ,OK,73119-0000,Proprietary  ,37,171,208,339,1398,1737
03124800,PLATT COLLEGE                           ,OK,73501-3808,Proprietary  ,6,44,50,103,542,645
03124901,IMAGINE -  PAUL MITCHELL PARTNER SCHOOL ,OK,73072-4831,Proprietary  ,10,32,42,131,286,417
03126200,GREEN COUNTRY AREA VOC TECH SCHOOL      ,OK,74447-1217,Public       ,5,5,10,76,185,261
03198400,MID-DEL AREA VOCATIONAL & TECH SCH      ,OK,73110-4825,Public       ,1,10,11,40,225,265
03329400,PRYOR BEAUTY COLLEGE                    ,OK,74361-0000,Proprietary  ,0,6,6,11,47,58
03329401,PRYOR BEAUTY COLLEGE - GROVE BEAUTY COLL,OK,74345-0009,Proprietary  ,0,5,5,5,32,37
03329402,PRYOR BEAUTY COLLEGE - NORTH EAST OKLAHO,OK,74338-0000,Proprietary  ,0,0,0,2,7,9
03367400,COMMUNITY CARE COLLEGE                  ,OK,74145-6420,Proprietary  ,61,266,327,642,2240,2882
03396300,OKLAHOMA HEALTH ACADEMY                 ,OK,74105-6220,Proprietary  ,0,0,0,110,271,381
03396400,OKLAHOMA HEALTH ACADEMY                 ,OK,73160-3667,Proprietary  ,0,2,2,24,105,129
03453400,SHAWNEE BEAUTY COLLEGE                  ,OK,74801-7014,Proprietary  ,0,6,6,20,65,85
03676300,FAMILY OF FAITH COLLEGE                 ,OK,74802-1805,Private      ,0,5,5,13,28,41
03831300,INSTITUTE OF HAIR DESIGN                ,OK,74804-0000,Proprietary  ,0,10,10,16,54,70
03928300,CENTRAL STATE MASSAGE ACADEMY           ,OK,73162-6007,Proprietary  ,2,13,15,37,150,187
04051324,ART INSTITUTE OF PHOENIX (THE) - BROWN M,OK,74146-5234,Proprietary  ,7,25,32,120,405,525
04060300,AMERICAN INSTITUTE OF MEDICAL TECHNOLOGY,OK,74146-5201,Proprietary  ,6,24,30,126,440,566
04062300,BROOKLINE COLLEGE                       ,OK,73114-6318,Proprietary  ,3,15,18,36,194,230
04133600,CUTTER'S EDGE SCHOOL OF COSMETOLOGY     ,OK,74023-2905,Proprietary  ,0,0,0,2,31,33
04144400,ACADEMY OF HAIR DESIGN (THE)            ,OK,73120-6808,Proprietary  ,6,10,16,64,245,309
00163700,BETHANY THEOLOGICAL SEMINARY            ,IN,47374-0000,Private      ,0,3,3,2,72,74
00178400,ANCILLA COLLEGE-FINANCIAL AID OFFC      ,IN,46513-0001,Private      ,11,26,37,510,587,1097
00178500,ANDERSON UNIVERSITY                     ,IN,46012-3495,Private      ,25,59,84,3061,1479,4540
00178600,BALL STATE UNIVERSITY                   ,IN,47306-0880,Public       ,182,354,536,24586,9994,34580
00178700,BETHEL COLLEGE INC                      ,IN,46545-5591,Private      ,9,70,79,1768,1819,3587
00178800,BUTLER UNIVERSITY                       ,IN,46208-3487,Private      ,78,88,166,9089,2817,11906
00178900,CHRISTIAN THEOLOGICAL SEMINARY          ,IN,46208-0000,Private      ,0,8,8,16,373,389
00179200,DEPAUW UNIVERSITY                       ,IN,46135-0037,Private      ,22,6,28,3300,186,3486
00179300,EARLHAM COLLEGE                         ,IN,47374-4095,Private      ,10,6,16,1403,226,1629
00179301,EARLHAM SCHOOL OF RELIGION              ,IN,47374-0000,Private      ,0,0,0,12,63,75
00179500,UNIVERSITY OF EVANSVILLE                ,IN,47722-0002,Private      ,30,24,54,4225,1240,5465
00179800,FRANKLIN COLLEGE OF INDIANA             ,IN,46131-2623,Private      ,23,16,39,2143,413,2556
00179900,GOSHEN COLLEGE                          ,IN,46526-4794,Private      ,5,17,22,1027,593,1620
00180000,GRACE COLLEGE & THEO SEMINARY           ,IN,46590-1224,Private      ,7,17,24,2050,632,2682
00180100,HANOVER COLLEGE                         ,IN,47243-0108,Private      ,13,1,14,2652,154,2806
00180300,HUNTINGTON UNIVERSITY                   ,IN,46750-1299,Private      ,10,25,35,1502,465,1967
00180400,UNIVERSITY OF INDIANAPOLIS              ,IN,46227-3697,Private      ,75,222,297,7320,6309,13629
00180500,INDIANA INSTITUTE OF TECHNOLOGY         ,IN,46803-1297,Private      ,43,364,407,2696,6502,9198
00180700,INDIANA STATE UNIVERSITY                ,IN,47809-2501,Public       ,135,279,414,14553,8547,23100
00180800,UNIVERSITY OF SOUTHERN INDIANA          ,IN,47712-3596,Public       ,77,128,205,10310,5009,15319
00180900,INDIANA UNIVERSITY-BLOOMINGTON          ,IN,47405-7000,Public       ,309,301,610,36735,13171,49906
00181100,INDIANA UNIV-EAST                       ,IN,47374-1289,Public       ,24,117,141,2236,3276,5512
00181300,INDIANA UNIV-PURDUE UNIV INDPLS         ,IN,46202-5145,Public       ,285,790,1075,23477,27472,50949
00181301,INDIANA UNIVERSITY - PURDUE UNIVERSITY I,IN,47203-1769,Public       ,33,89,122,2162,2585,4747
00181400,INDIANA UNIV KOKOMO                     ,IN,46902-3557,Public       ,35,119,154,2547,3561,6108
00181500,INDIANA UNIV-NORTHWEST                  ,IN,46408-1197,Public       ,64,206,270,4400,7350,11750
00181600,INDIANA UNIVERSITY - SOUTH BEND         ,IN,46615-0000,Public       ,61,181,242,5693,7188,12881
00181700,INDIANA UNIVERSITY-SOUTHEAST            ,IN,47150-6405,Public       ,43,174,217,4912,4960,9872
00182000,MANCHESTER COLLEGE                      ,IN,46962-1276,Private      ,9,5,14,2734,406,3140
00182100,MARIAN UNIVERSITY                       ,IN,46222-1997,Private      ,39,137,176,2516,3345,5861
00182200,INDIANA WESLEYAN UNIVERSITY             ,IN,46953-4974,Private      ,60,1274,1334,5013,18229,23242
00182300,ASSOCIATED MENNONITE BIBLICAL SEM       ,IN,46517-1999,Private      ,1,1,2,5,115,120
00182400,OAKLAND CITY UNIVERSITY                 ,IN,47660-1099,Private      ,4,50,54,653,804,1457
00182500,PURDUE UNIVERSITY                       ,IN,47907-2050,Public       ,224,234,458,34059,9417,43476
00182600,PURDUE UNIV NORTH CENTRAL CAMPUS        ,IN,46391-9542,Public       ,42,74,116,3323,2868,6191
00182700,PURDUE UNIV CALUMET                     ,IN,46323-2094,Public       ,79,277,356,6327,7860,14187
00182800,INDIANA UNIV-PURDUE UNIV FORT WAYNE     ,IN,46805-1499,Public       ,94,258,352,11171,10347,21518
00183000,ROSE HULMAN INSTITUTE OF TECHNOLOGY     ,IN,47803-3999,Private      ,16,10,26,3691,265,3956
00183200,UNIVERSITY OF SAINT FRANCIS             ,IN,46808-3994,Private      ,20,70,90,2684,2461,5145
00183300,ST JOSEPH'S COLLEGE                     ,IN,47978-0000,Private      ,17,8,25,1593,249,1842
00183400,CALUMET COLLEGE OF SAINT JOSEPH         ,IN,46394-2195,Private      ,9,72,81,621,1046,1667
00183500,SAINT MARY-OF-THE-WOODS COLLEGE         ,IN,47876-0067,Private      ,5,57,62,415,1383,1798
00183600,ST MARY'S COLLEGE                       ,IN,46556-5007,Private      ,6,7,13,1857,122,1979
00183800,TAYLOR UNIVERSITY                       ,IN,46989-1001,Private      ,11,15,26,2669,347,3016
00183900,TRINE UNIVERSITY                        ,IN,46703-1764,Private      ,15,37,52,3032,1159,4191
00184000,UNIVERSITY OF NOTRE DAME                ,IN,46556-5602,Private      ,75,65,140,13827,3826,17653
00184200,VALPARAISO UNIVERSITY                   ,IN,46383-6493,Private      ,54,54,108,5408,2517,7925
00184300,VINCENNES UNIVERSITY                    ,IN,47591-1523,Public       ,109,241,350,7382,5612,12994
00184400,WABASH COLLEGE                          ,IN,47933-0352,Private      ,10,2,12,1501,100,1601
00457900,INTERNATIONAL BUSINESS COLLEGE          ,IN,46804-0000,Proprietary  ,13,23,36,829,712,1541
00457901,INTERNATIONAL BUSINESS COLLEGE          ,IN,46256-0000,Proprietary  ,16,41,57,800,674,1474
00625700,SAINT ELIZABETH SCHOOL OF NURSING       ,IN,47904-2198,Private      ,1,14,15,258,576,834
00726300,HOLY CROSS COLLEGE                      ,IN,46556-0308,Private      ,11,4,15,708,160,868
00727600,SAINT MEINRAD SCHOOL OF THEOLOGY        ,IN,47577-1002,Private      ,0,4,4,1,131,132
00732900,ITT TECHNICAL INSTITUTE                 ,IN,46268-1119,Proprietary  ,607,3271,3878,3581,18530,22111
00732908,ITT TECHNICAL INSTITUTE                 ,IN,46143-1067,Proprietary  ,0,0,0,3,16,19
00732933,ITT TECHNICAL INSTITUTE                 ,IN,46635-1512,Proprietary  ,26,114,140,495,1636,2131
00732962,ITT TECHNICAL INSTITUTE                 ,IN,47630-7430,Proprietary  ,135,670,805,1071,4517,5588
00732968,ITT TECHNICAL INSTITUTE                 ,IN,46410-0000,Proprietary  ,17,62,79,246,799,1045
00732993,ITT TECHNICAL INSTITUTE                 ,IN,46825-2393,Proprietary  ,100,442,542,1393,4140,5533
00736200,MEDTECH COLLEGE                         ,IN,46250-3970,Proprietary  ,10,160,170,466,2796,3262
00736202,MEDTECH COLLEGE - GREENWOOD             ,IN,46143-6478,Proprietary  ,17,84,101,216,1330,1546
00736204,MEDTECH COLLEGE - FORT WAYNE            ,IN,46804-2209,Proprietary  ,8,93,101,278,1376,1654
00793800,LINCOLN COLLEGE OF TECHNOLOGY           ,IN,46202-0000,Proprietary  ,157,147,304,1995,1459,3454
00931306,DAYMAR COLLEGE - ROCKPORT               ,IN,47635-1506,Proprietary  ,0,1,1,13,97,110
00951500,J MICHAEL HARROLD BEAUTY ACADEMY        ,IN,47807-3390,Proprietary  ,3,19,22,90,203,293
00961200,"APEX SCHOOL OF BEAUTY CULTURE, INC      ",IN,46016-0000,Proprietary  ,1,4,5,22,68,90
00961300,MERRILLVILLE BEAUTY COLLEGE             ,IN,46410-3401,Proprietary  ,3,23,26,59,212,271
00967300,RUDAE'S SCHOOL OF BEAUTY CULTURE        ,IN,46825-5444,Proprietary  ,5,29,34,132,370,502
00977700,KAPLAN COLLEGE                          ,IN,46278-1736,Proprietary  ,29,118,147,495,2202,2697
00977702,KAPLAN COLLEGE - TEMPORARY FACILITY EXPA,IN,46268-4111,Proprietary  ,3,10,13,22,169,191
00977703,KAPLAN COLLEGE -  SE INDY               ,IN,46227-0000,Proprietary  ,28,134,162,260,1362,1622
00991700,IVY TECH COMMUNITY COLLEGE OF INDIANA   ,IN,46208-1763,Public       ,1300,5598,6898,46490,119502,165992
01015100,VINCENNES BEAUTY COLLEGE                ,IN,47591-1297,Proprietary  ,1,10,11,83,141,224
01040900,LAFAYETTE BEAUTY ACADEMY                ,IN,47901-1149,Proprietary  ,1,11,12,93,240,333
01048900,NATIONAL COLLEGE                        ,IN,46250-1930,Proprietary  ,7,53,60,65,590,655
01048910,NATIONAL COLLEGE - SOUTH BEND           ,IN,46617-3123,Proprietary  ,7,44,51,132,664,796
01048911,NATIONAL COLLEGE - FORT WAYNE           ,IN,46826-4905,Proprietary  ,3,23,26,82,424,506
01061800,MID-AMERICA CLG FUNERAL SERVICE         ,IN,47130-9990,Private      ,7,13,20,71,188,259
01150500,CREATIVE HAIR STYLING ACADEMY           ,IN,46322-1554,Proprietary  ,7,26,33,125,229,354
02084800,RAVENSCROFT BEAUTY COLLEGE              ,IN,46815-0000,Proprietary  ,11,39,50,136,401,537
02087600,CONCORDIA THEOLOGICAL SEMINARY          ,IN,46825-0000,Private      ,0,7,7,13,288,301
02100402,EVEREST INSTITUTE - EVEREST COLLEGE     ,IN,46410-7064,Proprietary  ,32,151,183,359,1644,2003
02140800,MARTIN UNIVERSITY                       ,IN,46218-0000,Private      ,8,92,100,294,1950,2244
02158400,HARRISON COLLEGE                        ,IN,46204-2611,Proprietary  ,29,299,328,861,4567,5428
02158401,HARRISON COLLEGE - COLUMBUS             ,IN,47203-1843,Proprietary  ,7,53,60,193,790,983
02158402,HARRISON COLLEGE - LAFAYETTE            ,IN,47905-4859,Proprietary  ,5,49,54,258,901,1159
02158405,HARRISON COLLEGE - TERRE HAUTE          ,IN,47802-0000,Proprietary  ,6,53,59,166,821,987
02158407,HARRISON COLLEGE - ANDERSON             ,IN,46013-0000,Proprietary  ,8,57,65,173,831,1004
02158409,HARRISON COLLEGE - EVANSVILLE           ,IN,47715-3901,Proprietary  ,5,54,59,219,862,1081
02158410,HARRISON COLLEGE - EAST                 ,IN,46239-8903,Proprietary  ,8,76,84,279,1370,1649
02158412,HARRISON COLLEGE - FORT WAYNE           ,IN,46825-0000,Proprietary  ,7,38,45,259,1129,1388
02158413,HARRISON COLLEGE - NORTHWEST            ,IN,46278-0000,Proprietary  ,5,33,38,253,666,919
02158415,HARRISON COLLEGE - MUNCIE               ,IN,47303-0000,Proprietary  ,5,41,46,197,760,957
02158416,HARRISON COLLEGE - ELKHART              ,IN,46516-0000,Proprietary  ,4,37,41,94,645,739
02158800,DON ROBERTS BEAUTY SCHOOLS              ,IN,46383-0000,Proprietary  ,2,9,11,52,116,168
02164300,DON ROBERTS SCHOOL OF HAIR DESIGN       ,IN,46375-9999,Proprietary  ,4,16,20,42,107,149
02180108,ROSS MEDICAL EDUCATION CENTER -         ,IN,46530-4479,Proprietary  ,1,12,13,35,180,215
02201800,KAPLAN COLLEGE                          ,IN,46324-3347,Proprietary  ,18,99,117,292,1224,1516
02241700,PJ'S COLLEGE OF COSMETOLOGY             ,IN,47129-0000,Proprietary  ,5,22,27,74,259,333
02245505,FORTIS COLLEGE - INDIANAPOLIS CAMPUS    ,IN,46268-0000,Proprietary  ,3,38,41,116,573,689
02302700,J EVERETT LIGHT CAREER CENTER           ,IN,46240-0000,Public       ,2,34,36,119,555,674
02304800,PJ'S COLLEGE OF COSMETOLOGY             ,IN,47374-0000,Proprietary  ,3,11,14,50,159,209
02308900,MASTER'S OF COSMETOLOGY COLLEGE         ,IN,46809-0000,Proprietary  ,5,20,25,184,295,479
02339600,ROGER'S ACADEMY OF HAIR DESIGN          ,IN,47712-0000,Proprietary  ,10,15,25,106,284,390
02345200,EMPIRE BEAUTY SCHOOL                    ,IN,46237-0000,Proprietary  ,17,76,93,289,921,1210
02351300,KNOX BEAUTY COLLEGE                     ,IN,46534-0000,Proprietary  ,1,3,4,15,37,52
02490500,HAIR FASHIONS BY KAYE BEAUTY CLG        ,IN,46250-0000,Proprietary  ,3,39,42,133,439,572
02490800,HAIR FASHIONS BY KAYE BEAUTY CLG        ,IN,46060-0000,Proprietary  ,2,7,9,45,94,139
02607000,HAIR ARTS ACADEMY                       ,IN,47404-2419,Proprietary  ,8,16,24,75,216,291
02615800,COLLEGE OF COURT REPORTING              ,IN,46342-5969,Proprietary  ,1,24,25,41,378,419
03100600,MARION COMM TUCKER AREA VOC SCHOOL      ,IN,46952-3831,Public       ,2,7,9,87,297,384
03176300,AVIATION INSTITUTE OF MAINTENANCE       ,IN,46241-1445,Proprietary  ,13,58,71,188,621,809
03262300,DAVID DEMUTH INSTITUTE OF COSM          ,IN,47374-4101,Proprietary  ,1,4,5,25,68,93
03456700,CROSSROADS BIBLE COLLEGE                ,IN,46219-4912,Private      ,3,38,41,93,473,566
03538300,ALEXANDRIA SCH OF SCIENTIFIC THERAP     ,IN,46001-0287,Proprietary  ,1,3,4,32,101,133
04038700,IDEAL BEAUTY ACADEMY                    ,IN,47130-4215,Proprietary  ,1,15,16,36,120,156
04051304,ART INSTITUTE OF PHOENIX (THE) - ART  IN,IN,46268-1170,Proprietary  ,43,117,160,1394,1480,2874
04051311,ART INSTITUTE OF PHOENIX (THE) - BROWN M,IN,46410-5608,Proprietary  ,9,79,88,238,1166,1404
04051312,ART INSTITUTE OF PHOENIX (THE) - BROWN M,IN,46360-7362,Proprietary  ,9,35,44,144,704,848
04051318,ART INSTITUTE OF PHOENIX (THE) - BROWN M,IN,46204-1017,Proprietary  ,21,206,227,428,2285,2713
04051321,ART INSTITUTE OF PHOENIX (THE) - BROWN M,IN,46635-1176,Proprietary  ,6,73,79,315,1234,1549
04051322,ART INSTITUTE OF PHOENIX (THE) - BROWN M,IN,46805-0000,Proprietary  ,17,104,121,367,1777,2144
04100300,SUCCESS SCHOOLS                         ,IN,46410-5310,Proprietary  ,9,30,39,124,330,454
04121000,TECHSKILLS - INDIANAPOLIS               ,IN,46240-4302,Proprietary  ,9,83,92,93,470,563
04130900,HONORS BEAUTY COLLEGE                   ,IN,46256-3317,Proprietary  ,5,20,25,121,336,457
04155900,AVEDA FREDRIC'S INSTITUTE               ,IN,46250-4746,Proprietary  ,7,19,26,175,294,469
04166700,REM SPA INC                             ,IN,46013-3136,Proprietary  ,5,18,23,69,192,261
04171700,AVANT GARD THE SCHOOL                   ,IN,46214-6500,Proprietary  ,1,12,13,33,94,127
04172700,SALON PROFESSIONAL ACADEMY (THE)        ,IN,47715-7822,Proprietary  ,8,23,31,116,276,392
04184000,PAUL MITCHELL THE SCHOOL INDIANAPOLIS   ,IN,46227-6252,Proprietary  ,11,19,30,246,406,652
04186600,SALON PROFESSIONAL ACADEMY (THE)        ,IN,46901-6248,Proprietary  ,5,25,30,98,255,353
04205500,LIL LOU'S BARBER COLLEGE                ,IN,46409-2645,Proprietary  ,1,14,15,30,162,192
00190100,ALLEN COUNTY COMMUNITY COLLEGE          ,KS,66749-1607,Public       ,19,100,119,1236,1874,3110
00190200,COWLEY COUNTY COMMUNITY COLLEGE & AREA V,KS,67005-2662,Public       ,55,187,242,1925,3371,5296
00190300,BAKER UNIVERSITY                        ,KS,66006-0065,Private      ,15,258,273,1490,2529,4019
00190400,BETHANY COLLEGE                         ,KS,67456-1897,Private      ,3,12,15,802,129,931
00190500,BETHEL COLLEGE                          ,KS,67117-8061,Private      ,15,1,16,630,185,815
00190600,BUTLER COUNTY COMMUNITY COLLEGE         ,KS,67042-3280,Public       ,132,311,443,5052,6641,11693
00190700,CENTRAL BAPTIST THEOLOGY SEMINARY       ,KS,66226-3513,Private      ,0,1,1,0,71,71
00190800,CENTRAL CHRISTIAN COLLEGE OF KANSAS     ,KS,67460-5799,Private      ,7,140,147,427,810,1237
00190900,CLOUD COUNTY COMMUNITY COLLEGE          ,KS,66901-1002,Public       ,25,93,118,926,1345,2271
00191000,COFFEYVILLE COMMUNITY COLLEGE           ,KS,67337-5064,Public       ,71,33,104,1156,697,1853
00191100,COLBY COMMUNITY COLLEGE                 ,KS,67701-4099,Public       ,15,41,56,698,561,1259
00191300,DODGE CITY COMMUNITY COLLEGE            ,KS,67801-2399,Public       ,27,45,72,1032,865,1897
00191400,DONNELLY COLLEGE                        ,KS,66102-4298,Private      ,11,86,97,293,891,1184
00191500,FORT HAYS STATE UNIVERSITY              ,KS,67601-4099,Public       ,44,265,309,4385,6261,10646
00191600,FORT SCOTT COMMUNITY COLLEGE            ,KS,66701-3199,Public       ,55,63,118,1277,1243,2520
00191700,BARCLAY COLLEGE                         ,KS,67059-0288,Private      ,3,11,14,171,151,322
00191800,FRIENDS UNIVERSITY                      ,KS,67213-3397,Private      ,19,135,154,1578,3248,4826
00191900,GARDEN CITY COMMUNITY COLLEGE           ,KS,67846-6398,Public       ,36,56,92,946,817,1763
00192000,HESSTON COLLEGE                         ,KS,67062-2093,Private      ,1,1,2,519,211,730
00192100,HIGHLAND COMMUNITY COLLEGE              ,KS,66035-4062,Public       ,52,64,116,1407,1699,3106
00192300,HUTCHINSON COMMUNITY COLLEGE            ,KS,67501-5894,Public       ,70,170,240,2695,3294,5989
00192400,INDEPENDENCE COMMUNITY COLLEGE          ,KS,67301-0708,Public       ,48,44,92,712,596,1308
00192500,KANSAS CITY KANSAS COMMUNITY CLG        ,KS,66112-9978,Public       ,86,354,440,2485,6465,8950
00192600,PITTSBURG STATE UNIVERSITY              ,KS,66762-7500,Public       ,55,107,162,5872,3399,9271
00192700,EMPORIA STATE UNIVERSITY                ,KS,66801-5087,Public       ,36,82,118,3579,3179,6758
00192800,KANSAS STATE UNIVERSITY                 ,KS,66506-1104,Public       ,200,246,446,17781,8028,25809
00192900,KANSAS WESLEYAN UNIVERSITY              ,KS,67401-6196,Private      ,14,23,37,1141,419,1560
00193000,LABETTE COMMUNITY COLLEGE               ,KS,67357-4299,Public       ,7,57,64,757,1038,1795
00193100,MANHATTAN CHRISTIAN COLLEGE             ,KS,66502-4081,Private      ,2,9,11,385,155,540
00193300,MCPHERSON COLLEGE                       ,KS,67460-3899,Private      ,9,4,13,926,206,1132
00193600,NEOSHO COUNTY COMMUNITY COLLEGE         ,KS,66720-2699,Public       ,28,73,101,887,1499,2386
00193700,OTTAWA UNIVERSITY                       ,KS,66067-3399,Private      ,18,272,290,1053,3404,4457
00193800,PRATT COMMUNITY COLLEGE                 ,KS,67124-8432,Public       ,17,49,66,657,945,1602
00193900,NEWMAN UNIVERSITY                       ,KS,67213-2084,Private      ,22,71,93,1578,2150,3728
00194000,SOUTHWESTERN COLLEGE                    ,KS,67156-2499,Private      ,18,127,145,869,1499,2368
00194300,UNIVERSITY OF ST MARY                   ,KS,66048-5023,Private      ,8,55,63,725,855,1580
00194500,STERLING COLLEGE                        ,KS,67579-1533,Private      ,7,11,18,848,195,1043
00194600,TABOR COLLEGE                           ,KS,67063-1799,Private      ,8,17,25,925,347,1272
00194800,UNIVERSITY OF KANSAS                    ,KS,66045-7535,Public       ,213,297,510,18551,11589,30140
00194900,WASHBURN UNIVERSITY                     ,KS,66621-1110,Public       ,55,140,195,3696,4552,8248
00194901,WASHBURN INSTITUTE OF TECHNOLOGY        ,KS,66604-2199,Public       ,9,51,60,1001,1806,2807
00195000,WICHITA STATE UNIVERSITY                ,KS,67208-0001,Public       ,119,330,449,8122,9797,17919
00460800,BARTON COUNTY COMMUNITY COLLEGE         ,KS,67530-9283,Public       ,38,243,281,1084,2612,3696
00526400,FLINT HILLS TECHNICAL COLLEGE           ,KS,66801-5999,Public       ,10,22,32,375,630,1005
00526500,NORTH CENTRAL KANSAS TECH COLG          ,KS,67420-0000,Public       ,5,11,16,408,403,811
00526700,NORTHWEST KANSAS TECHNICAL SCHOOL       ,KS,67735-3441,Public       ,5,15,20,310,223,533
00549800,WICHITA AREA TECHNICAL COLLEGE          ,KS,67211-2099,Public       ,41,312,353,797,3615,4412
00549900,SALINA AREA TECHNICAL COLLEGE           ,KS,67401-8195,Public       ,5,21,26,234,353,587
00550000,MANHATTAN AREA TECHNICAL COLLEGE        ,KS,66503-2499,Public       ,9,48,57,474,940,1414
00675500,BROWN MACKIE COLLEGE (THE)              ,KS,67401-7307,Proprietary  ,31,210,241,547,1994,2541
00703200,MID AMERICA NAZARENE UNIVERSITY         ,KS,66062-1899,Private      ,12,99,111,1197,1587,2784
00822800,SEWARD CO COMM CO/AREA TECHNICAL SCHOOL ,KS,67905-0000,Public       ,18,37,55,625,618,1243
00824400,JOHNSON COUNTY COMMUNITY COLLEGE        ,KS,66210-1299,Public       ,151,429,580,7030,10238,17268
00833200,B-STREET DESIGN SCHOOL OF INTERNATIONAL ,KS,66502-6082,Proprietary  ,3,11,14,56,144,200
00833201,B-STREET DESIGN SCHOOL OF INTERNATIONAL ,KS,66046-2743,Proprietary  ,8,14,22,47,102,149
01025600,BENEDICTINE COLLEGE                     ,KS,66002-1499,Private      ,19,2,21,2585,231,2816
01043800,HASKELL INDIAN NATIONS UNIVERSITY       ,KS,66046-4800,Public       ,28,30,58,1270,928,2198
01050300,WICHITA TECHNICAL INSTITUTE             ,KS,67213-1927,Proprietary  ,21,131,152,301,1539,1840
01050302,WICHITA TECHNICAL INSTITUTE - WTI TOPEKA,KS,66609-1217,Proprietary  ,5,60,65,90,567,657
01050305,WICHITA TECHNICAL INSTITUTE - EAST CAMPU,KS,67208-4243,Proprietary  ,7,47,54,97,610,707
02090700,CLEVELAND CHIROPRACTIC COLLEGE          ,KS,66210-1613,Private      ,0,12,12,57,609,666
02134800,OLD TOWN BARBER AND BEAUTY COLLEGE      ,KS,67211-0000,Proprietary  ,5,16,21,53,162,215
02257700,HAYS ACADEMY OF HAIR DESIGN             ,KS,67601-0000,Proprietary  ,5,17,22,81,134,215
02303500,AMERICAN INSTITUTE OF BAKING            ,KS,66502-0000,Private      ,0,0,0,4,3,7
02340700,LABARON HAIRDRESSING ACADEMY            ,KS,66204-0000,Proprietary  ,1,6,7,13,79,92
02590900,WRIGHT CAREER COLLEGE                   ,KS,66212-0000,Private      ,68,405,473,475,3858,4333
02599709,VATTEROTT COLLEGE - WICHITA             ,KS,67226-1304,Proprietary  ,11,66,77,120,771,891
02603100,XENON INTERNATIONAL ACADEMY             ,KS,67203-5428,Proprietary  ,12,29,41,160,319,479
02606300,PAUL MITCHELL THE SCHOOL WICHITA        ,KS,67226-2803,Proprietary  ,8,18,26,153,261,414
02611005,HERITAGE COLLEGE - WICHITA              ,KS,67210-1879,Proprietary  ,19,84,103,203,917,1120
02613000,PINNACLE CAREER INSTITUTE               ,KS,66046-2703,Proprietary  ,12,46,58,74,441,515
03031300,XENON INTERNATIONAL ACADEMY IV          ,KS,66061-3765,Proprietary  ,2,13,15,48,124,172
03066200,BRYAN COLLEGE                           ,KS,66604-2496,Proprietary  ,1,31,32,47,390,437
03450300,B-STREET DESIGN SCHOOL OF INTERNATIONAL ,KS,66611-2373,Proprietary  ,13,31,44,60,176,236
03450301,B-STREET DESIGN SCHOOL OF INTERNATIONAL ,KS,67207-5148,Proprietary  ,6,18,24,58,178,236
03450302,B-STREET DESIGN SCHOOL OF INTERNATIONAL ,KS,66212-5451,Proprietary  ,6,21,27,98,204,302
03529300,SIDNEY'S HAIRDRESSING COLLEGE           ,KS,67501-7094,Proprietary  ,2,2,4,34,72,106
04132900,Z HAIR ACADEMY                          ,KS,66046-4040,Proprietary  ,1,6,7,54,93,147
04162700,ERIC FISHER ACADEMY                     ,KS,67212-3376,Proprietary  ,10,29,39,169,251,420
04175700,ACADEMY OF AESTHETIC ARTS               ,KS,66203-3502,Proprietary  ,1,4,5,22,82,104
04179600,ENTOURAGE INSTITUTE OF BEAUTY AND ESTHET,KS,66215-3803,Proprietary  ,2,20,22,22,68,90
04205300,MITSU SATO HAIR ACADEMY                 ,KS,66212-1457,Proprietary  ,2,3,5,20,49,69
04209300,PAUL MITCHELL THE SCHOOL - OVERLAND PARK,KS,66212-4050,Proprietary  ,4,12,16,74,132,206
00203300,UNIVERSITY OF MAINE-PRESQUE ISLE        ,ME,04769-2888,Public       ,3,18,21,916,689,1605
00203500,BANGOR THEOLOGICAL SEMINARY             ,ME,04402-0411,Private      ,1,3,4,7,67,74
00203600,BATES COLLEGE                           ,ME,04240-6028,Private      ,16,3,19,2935,158,3093
00203800,BOWDOIN COLLEGE                         ,ME,04011-8451,Private      ,19,1,20,4085,126,4211
00203900,COLBY COLLEGE                           ,ME,04901-8841,Private      ,21,4,25,3224,115,3339
00204000,UNIVERSITY OF MAINE-FARMINGTON          ,ME,04938-1990,Public       ,18,23,41,2805,655,3460
00204100,UNIVERSITY OF MAINE-FORT KENT           ,ME,04743-1292,Public       ,7,29,36,699,513,1212
00204300,HUSSON UNIVERSITY                       ,ME,04401-2999,Private      ,20,39,59,2873,1753,4626
00204400,MAINE MARITIME ACADEMY                  ,ME,04420-0001,Public       ,2,2,4,1219,187,1406
00205000,UNIVERSITY OF NEW ENGLAND               ,ME,04005-9599,Private      ,31,125,156,4692,4550,9242
00205100,SAINT JOSEPH'S COLLEGE                  ,ME,04084-5236,Private      ,20,105,125,1899,1858,3757
00205200,THOMAS COLLEGE                          ,ME,04901-5097,Private      ,15,10,25,1221,360,1581
00205300,UNIVERSITY OF MAINE                     ,ME,04469-0001,Public       ,102,69,171,12028,3463,15491
00205400,UNIVERSITY OF SOUTHERN MAINE            ,ME,04104-0000,Public       ,73,149,222,7163,6668,13831
00205500,UNIVERSITY OF MAINE-MACHIAS             ,ME,04654-1397,Public       ,13,17,30,605,506,1111
00458615,KAPLAN UNIVERSITY - PORTLAND            ,ME,04106-2415,Proprietary  ,7,118,125,217,1099,1316
00458616,KAPLAN UNIVERSITY - LEWISTON            ,ME,04240-0000,Proprietary  ,15,132,147,147,1275,1422
00520400,BEAL COLLEGE                            ,ME,04401-6896,Proprietary  ,13,69,82,312,864,1176
00527600,CENTRAL MAINE COMMUNITY COLLEGE         ,ME,04210-6498,Public       ,36,88,124,1760,2531,4291
00527700,EASTERN MAINE COMMUNITY COLLEGE         ,ME,04401-4280,Public       ,16,67,83,2043,2143,4186
00552500,SOUTHERN MAINE COMMUNITY  COLLEGE       ,ME,04106-1698,Public       ,77,134,211,4628,5302,9930
00576000,NORTHERN MAINE COMMUNITY COLLEGE        ,ME,04769-2016,Public       ,6,28,34,585,736,1321
00630501,CENTRAL MAINE MEDICAL CENTER - COLLEGE O,ME,04240-4500,Private      ,2,9,11,120,382,502
00676000,UNIVERSITY OF MAINE-AUGUSTA             ,ME,04330-9410,Public       ,27,144,171,1910,5976,7886
00685800,UNITY COLLEGE                           ,ME,04988-9502,Private      ,8,4,12,872,159,1031
00903800,MR BERNARD'S SCH HAIR FASHION INC       ,ME,04243-1163,Proprietary  ,8,23,31,57,227,284
00923100,WASHINGTON COUNTY COMMUNITY COLLEGE     ,ME,04619-9704,Public       ,7,9,16,306,346,652
00945900,EMPIRE BEAUTY SCHOOL                    ,ME,04101-3348,Proprietary  ,19,46,65,231,478,709
00982600,KENNEBEC VALLEY  COMMUNITY  COLLEGE     ,ME,04937-1367,Public       ,6,60,66,1011,2264,3275
01138500,COLLEGE OF THE ATLANTIC                 ,ME,04609-1105,Private      ,2,5,7,575,123,698
01167300,MAINE COLLEGE OF ART                    ,ME,04101-3987,Private      ,7,8,15,723,261,984
02104400,SPA TECH INSTITUTE                      ,ME,04093-0000,Proprietary  ,16,79,95,182,581,763
02347100,NEW ENGLAND SCHOOL OF COMMUNICATIONS    ,ME,04401-0000,Private      ,4,9,13,656,211,867
02361300,LANDING SCHOOL OF BOATBUILDING & DESIGN ,ME,04046-1490,Private      ,0,0,0,36,54,90
03122900,YORK COUNTY COMMUNITY COLLEGE           ,ME,04090-0529,Public       ,25,70,95,733,1197,1930
03429300,SEACOAST CAREER SCHOOLS                 ,ME,04073-0000,Proprietary  ,22,96,118,151,589,740
03612300,BIRTHWISE MIDWIFERY SCHOOL              ,ME,04009-1110,Proprietary  ,0,0,0,8,89,97
04177400,CAPILO SCHOOL OF HAIR DESIGN            ,ME,04330-0000,Proprietary  ,5,20,25,77,148,225
04185100,NORTHEAST TECHNICAL INSTITUTE           ,ME,04074-0000,Proprietary  ,16,135,151,128,850,978
04188800,INSTITUTE FOR DOCTORAL STUDIES IN THE VI,ME,04102-0000,Private      ,0,11,11,1,55,56
04214100,COSMOTECH SCHOOL OF COSMETOLOGY         ,ME,04092-2878,Proprietary  ,1,2,3,1,2,3
00209300,ST JOHN'S COLLEGE                       ,NM,87505-4599,Private      ,2,11,13,456,239,695
00264900,SANTA FE UNIVERSITY OF ART AND DESIGN   ,NM,87505-7634,Proprietary  ,9,8,17,1097,323,1420
00265000,UNIVERSITY OF THE SOUTHWEST             ,NM,88240-9129,Private      ,9,71,80,376,895,1271
00265100,EASTERN NEW MEXICO UNIV PORTALES        ,NM,88130-6000,Public       ,50,143,193,3548,3499,7047
00265101,EASTERN NEW MEXICO UNIV-ROSWELL CAM     ,NM,88202-0000,Public       ,29,120,149,1347,2091,3438
00265300,NEW MEXICO HIGHLANDS UNIVERSITY         ,NM,87701-4436,Public       ,32,89,121,2534,2937,5471
00265400,NEW MEXICO INST OF MINING & TECH        ,NM,87801-4796,Public       ,27,13,40,1444,570,2014
00265500,NEW MEXICO JUNIOR COLLEGE               ,NM,88240-9123,Public       ,29,50,79,870,1101,1971
00265600,NEW MEXICO MILITARY INSTITUTE           ,NM,88201-5173,Public       ,16,1,17,549,70,619
00265700,NEW MEXICO STATE UNIVERSITY             ,NM,88003-8001,Public       ,209,298,507,13398,9560,22958
00265701,NEW MEXICO STATE UNIV-ALAMOGORDO        ,NM,88311-0000,Public       ,27,108,135,735,1776,2511
00265702,NEW MEXICO STATE UNIV.-DONA ANA CLG     ,NM,88003-0000,Public       ,87,232,319,3962,5650,9612
00265703,NEW MEXICO STATE UNIV-CARLSBAD          ,NM,88220-0000,Public       ,14,48,62,457,787,1244
00265704,NEW MEXICO STATE UNIV-GRANTS            ,NM,87020-0000,Public       ,17,52,69,309,719,1028
00266000,SAN JUAN COLLEGE                        ,NM,87402-4699,Public       ,56,223,279,2372,5707,8079
00266300,THE UNIVERSITY OF NEW MEXICO            ,NM,87131-0001,Public       ,402,886,1288,20796,22769,43565
00266301,UNIVERSITY OF NEW MEXICO                ,NM,87301-5697,Public       ,0,0,0,64,227,291
00266302,UNIVERSITY OF NEW MEXICO                ,NM,87031-0000,Public       ,0,0,0,72,185,257
00266303,UNIVERSITY OF NEW MEXICO                ,NM,87544-2233,Public       ,0,0,0,30,20,50
00266304,UNIVERSITY OF NEW MEXICO                ,NM,87571-6401,Public       ,0,0,0,49,95,144
00266400,WESTERN NEW MEXICO UNIVERSITY           ,NM,88061-5417,Public       ,20,91,111,1571,2419,3990
00405701,NATIONAL AMERICAN UNIVERSITY            ,NM,87110-0000,Proprietary  ,7,45,52,115,841,956
00474200,CENTRAL NEW MEXICO COMMUNITY COLLEGE    ,NM,87106-4096,Public       ,317,1217,1534,10379,21847,32226
00474300,CLOVIS COMMUNITY COLLEGE                ,NM,88101-8381,Public       ,30,159,189,843,2181,3024
00996200,LUNA COMMUNITY COLLEGE                  ,NM,87701-0000,Public       ,22,46,68,584,885,1469
01063200,DEWOLFF CLG HAIRSTYLING/COSMETOLOGY     ,NM,87112-4113,Proprietary  ,8,23,31,123,299,422
01300500,OLYMPIAN UNIVERSITY OF COSMETOLOGY      ,NM,88310-5051,Proprietary  ,42,179,221,472,1511,1983
02083900,NORTHERN NEW MEXICO COLLEGE             ,NM,87530-0000,Public       ,15,54,69,748,1208,1956
02146400,INSTITUTE OF AMERICAN INDIAN ARTS       ,NM,87508-0000,Public       ,5,14,19,220,355,575
02151102,ATI COLLEGE OF HEALTH - ATI CAREER TRAIN,NM,87109-2016,Proprietary  ,1,11,12,111,375,486
02218808,BROOKLINE COLLEGE - ALBUQUERQUE         ,NM,87105-1649,Proprietary  ,32,105,137,287,1080,1367
02278100,SANTA FE COMMUNITY COLLEGE              ,NM,87507-0000,Public       ,46,213,259,1259,3136,4395
02357600,NAVAJO TECHNICAL COLLEGE                ,NM,87313-0000,Public       ,45,148,193,656,1478,2134
02511000,SOUTHWESTERN INDIAN POLYTECH INST       ,NM,87184-0000,Public       ,30,43,73,409,660,1069
02572003,COMPUTER CAREER CENTER - LAS CRUCES CAMP,NM,88011-8220,Proprietary  ,17,77,94,199,728,927
02622000,SOUTHWEST ACUPUNCTURE COLLEGE           ,NM,87505-0000,Proprietary  ,1,4,5,7,344,351
03076100,SOUTHWESTERN COLLEGE                    ,NM,87507-0000,Private      ,0,6,6,34,285,319
03206300,MESALANDS COMMUNITY COLLEGE             ,NM,88401-3352,Public       ,7,21,28,189,305,494
03430300,UNIVERSAL THERAPEUTIC MASSAGE INSTITUTE ,NM,87107-4403,Proprietary  ,3,30,33,70,271,341
03678300,PIMA MEDICAL INSTITUTE                  ,NM,87110-0000,Proprietary  ,17,55,72,413,1009,1422
03944300,MASSAGE THERAPY TRAINING INSTITUTE      ,NM,88007-0000,Proprietary  ,5,8,13,64,150,214
04162400,TONI AND GUY HAIR ACADEMY               ,NM,87106-4404,Proprietary  ,10,27,37,101,215,316
04174500,AVEDA INSTITUTE OF NEW MEXICO (THE)     ,NM,87110-3640,Proprietary  ,15,51,66,198,463,661
04178500,VOGUE COLLEGE OF COSMETOLOGY            ,NM,87505-7636,Proprietary  ,4,19,23,55,161,216
00223400,ADRIAN COLLEGE                          ,MI,49221-2575,Private      ,26,22,48,3166,495,3661
00223500,ALBION COLLEGE                          ,MI,49224-1831,Private      ,20,6,26,2520,196,2716
00223600,ALMA COLLEGE                            ,MI,48801-1599,Private      ,26,7,33,2731,209,2940
00223700,ALPENA COMMUNITY COLLEGE                ,MI,49707-1495,Public       ,25,79,104,1261,1380,2641
00223800,ANDREWS UNIVERSITY                      ,MI,49104-0750,Private      ,25,59,84,2246,1639,3885
00223900,AQUINAS COLLEGE                         ,MI,49506-1799,Private      ,25,45,70,3119,1047,4166
00224000,BAY DE NOC COMMUNITY COLLEGE            ,MI,49829-2524,Public       ,29,63,92,1391,1959,3350
00224100,CALVIN COLLEGE                          ,MI,49546-4388,Private      ,36,30,66,4803,729,5532
00224200,CALVIN THEOLOGICAL SEMINARY             ,MI,49546-4387,Private      ,0,3,3,22,224,246
00224300,CENTRAL MICHIGAN UNIVERSITY             ,MI,48859-0001,Public       ,202,514,716,26450,12559,39009
00224600,CLEARY UNIVERSITY                       ,MI,48105-2659,Private      ,5,59,64,184,989,1173
00224700,CONCORDIA UNIVERSITY-ANN ARBOR          ,MI,48105-2797,Private      ,12,26,38,929,465,1394
00224800,CRANBROOK ACADEMY OF ART                ,MI,48303-0000,Private      ,0,6,6,44,321,365
00224900,DAVENPORT UNIVERSITY                    ,MI,49503-0000,Private      ,83,729,812,3879,14890,18769
00225100,DELTA COLLEGE                           ,MI,48710-0001,Public       ,111,477,588,7183,9799,16982
00225400,MICHIGAN STATE UNIVERSITY COLLEGE OF LAW,MI,48824-1300,Private      ,10,28,38,395,2507,2902
00225900,EASTERN MICHIGAN UNIVERSITY             ,MI,48197-2214,Public       ,262,502,764,20251,17333,37584
00226000,FERRIS STATE UNIVERSITY                 ,MI,49307-2251,Public       ,184,240,424,16748,9047,25795
00226100,CHARLES STEWART MOTT COMMUNITY CLG      ,MI,48503-2089,Public       ,206,674,880,7052,12944,19996
00226200,KETTERING UNIVERSITY                    ,MI,48504-4898,Private      ,17,30,47,2441,645,3086
00226300,GLEN OAKS COMMUNITY COLLEGE             ,MI,49032-9784,Public       ,11,97,108,754,1377,2131
00226400,GOGEBIC COMMUNITY COLLEGE               ,MI,49938-1365,Public       ,16,26,42,780,734,1514
00226500,GRACE BIBLE COLLEGE                     ,MI,49509-1998,Private      ,5,49,54,504,467,971
00226600,CORNERSTONE UNIVERSITY                  ,MI,49525-5897,Private      ,14,163,177,2472,2401,4873
00226700,GRAND RAPIDS COMMUNITY COLLEGE          ,MI,49503-3295,Public       ,215,695,910,13249,15410,28659
00226800,GRAND VALLEY STATE UNIVERSITY           ,MI,49401-9403,Public       ,188,301,489,27733,9976,37709
00226900,GREAT LAKES CHRISTIAN COLLEGE           ,MI,48917-1299,Private      ,2,11,13,256,225,481
00227000,HENRY FORD COMMUNITY COLLEGE            ,MI,48128-1495,Public       ,303,1266,1569,12781,23917,36698
00227300,HOPE COLLEGE                            ,MI,49423-3607,Private      ,33,8,41,4885,314,5199
00227400,JACKSON COMMUNITY COLLEGE               ,MI,49201-8399,Public       ,97,373,470,4141,6666,10807
00227500,KALAMAZOO COLLEGE                       ,MI,49006-3295,Private      ,18,23,41,2324,426,2750
00227600,KELLOGG COMMUNITY COLLEGE               ,MI,49017-3397,Public       ,64,324,388,3239,7051,10290
00227700,LAKE MICHIGAN COLLEGE                   ,MI,49022-1899,Public       ,59,224,283,2165,4139,6304
00227800,LANSING COMMUNITY COLLEGE               ,MI,48933-1293,Public       ,171,525,696,11368,15484,26852
00227900,LAWRENCE TECHNOLOGICAL UNIVERSITY       ,MI,48075-1058,Private      ,29,77,106,2251,1909,4160
00228200,MADONNA UNIVERSITY                      ,MI,48150-1173,Private      ,31,138,169,2204,4460,6664
00228400,MARYGROVE COLLEGE                       ,MI,48221-2599,Private      ,37,226,263,1404,4499,5903
00228800,ROCHESTER COLLEGE                       ,MI,48307-2764,Private      ,15,51,66,1035,1135,2170
00229000,MICHIGAN STATE UNIVERSITY               ,MI,48824-1113,Public       ,399,484,883,42843,16728,59571
00229200,MICHIGAN TECHNOLOGICAL UNIV             ,MI,49931-1295,Public       ,38,24,62,6450,1188,7638
00229300,LAKE SUPERIOR STATE UNIVERSITY          ,MI,49783-1691,Public       ,17,27,44,2897,1146,4043
00229400,MONROE COUNTY COMMUNITY CLG             ,MI,48161-9746,Public       ,41,156,197,2199,3244,5443
00229500,MONTCALM COMMUNITY COLLEGE              ,MI,48885-9723,Public       ,25,107,132,1148,1929,3077
00229700,MUSKEGON COMMUNITY COLLEGE              ,MI,49442-1432,Public       ,71,246,317,3788,4680,8468
00229900,NORTH CENTRAL MICHIGAN COLLEGE          ,MI,49770-8740,Public       ,28,91,119,1452,1940,3392
00230100,NORTHERN MICHIGAN UNIVERSITY            ,MI,49855-5316,Public       ,103,95,198,9283,3495,12778
00230200,NORTHWESTERN MICHIGAN COLLEGE           ,MI,49686-3061,Public       ,43,136,179,3174,3915,7089
00230301,OAKLAND COMMUNITY COLLEGE - ORCHARD RIDG,MI,48334-4579,Public       ,79,316,395,4630,6956,11586
00230302,OAKLAND COMMUNITY COLLEGE - ROYAL OAK CA,MI,48067-3898,Public       ,140,413,553,5591,10160,15751
00230303,OAKLAND COMMUNITY COLLEGE - SOUTHFIELD C,MI,48075-4793,Public       ,121,579,700,4793,11531,16324
00230304,OAKLAND COMMUNITY COLLEGE - AUBURN HILLS,MI,48323-2845,Public       ,97,394,491,5826,8374,14200
00230305,OAKLAND COMMUNITY COLLEGE - HIGHLAND LAK,MI,48327-4187,Public       ,56,189,245,3229,4830,8059
00230700,OAKLAND UNIVERSITY                      ,MI,48309-4401,Public       ,195,386,581,18202,12486,30688
00230800,OLIVET COLLEGE                          ,MI,49076-9902,Private      ,19,11,30,1862,344,2206
00231000,ST. CLAIR COUNTY COMMUNITY COLLEGE      ,MI,48061-0000,Public       ,46,181,227,2601,3484,6085
00231100,KUYPER COLLEGE                          ,MI,49525-9749,Private      ,5,9,14,414,256,670
00231300,SACRED HEART MAJOR SEMINARY             ,MI,48206-1799,Private      ,0,11,11,39,212,251
00231400,SAGINAW VALLEY STATE UNIV               ,MI,48710-0001,Public       ,88,166,254,11526,5144,16670
00231500,SCHOOLCRAFT COLLEGE                     ,MI,48152-2696,Public       ,186,528,714,7952,12002,19954
00231600,SIENA HEIGHTS UNIVERSITY                ,MI,49221-1796,Private      ,9,115,124,1940,2579,4519
00231700,SOUTHWESTERN MICHIGAN COLLEGE           ,MI,49047-9793,Public       ,35,104,139,2241,2655,4896
00231800,SPRING ARBOR UNIVERSITY                 ,MI,49283-9984,Private      ,25,258,283,2687,4067,6754
00232200,FINLANDIA UNIVERSITY                    ,MI,49930-1882,Private      ,16,6,22,743,348,1091
00232300,UNIVERSITY OF DETROIT MERCY             ,MI,48221-3038,Private      ,51,192,243,4109,5180,9289
00232303,UNIV OF DETROIT MERCY - LAW SCHOOL      ,MI,48226-0000,Private      ,2,24,26,107,1000,1107
00232330,UNIV OF DETROIT MERCY - DENTAL SCHOOL   ,MI,48208-2576,Private      ,7,18,25,249,714,963
00232500,UNIVERSITY OF MICHIGAN - ANN ARBOR      ,MI,48109-1316,Public       ,357,339,696,37986,15184,53170
00232501,UNIVERSITY OF MICHIGAN-MEDICAL SCH      ,MI,48109-0000,Public       ,9,15,24,363,1285,1648
00232503,UNIVERSITY OF MICHIGAN LAW SCHOOL       ,MI,48109-0000,Public       ,2,22,24,165,2875,3040
00232600,UNIVERSITY OF MICHIGAN-DEARBORN         ,MI,48128-2406,Public       ,111,226,337,7922,7577,15499
00232700,UNIVERSITY OF MICHIGAN-FLINT            ,MI,48502-1950,Public       ,76,245,321,5855,8083,13938
00232800,WASHTENAW COMMUNITY COLLEGE             ,MI,48106-0000,Public       ,159,515,674,6250,9772,16022
00232900,WAYNE STATE UNIVERSITY                  ,MI,48202-0000,Public       ,307,745,1052,22385,26306,48691
00232901,WAYNE STATE UNIV SCH OF MEDICINE        ,MI,48201-3359,Public       ,30,35,65,1075,2488,3563
00232902,WAYNE STATE UNIVERSITY - LAW SCHOOL     ,MI,48202-3424,Public       ,11,36,47,296,1427,1723
00233000,WESTERN MICHIGAN UNIVERSITY             ,MI,49008-3899,Public       ,240,327,567,24590,12337,36927
00233100,WESTERN THEOLOGICAL SEMINARY            ,MI,49423-0000,Private      ,0,4,4,11,184,195
00407100,WALSH COLLEGE OF ACCT & BUS ADMN        ,MI,48007-7006,Private      ,10,194,204,431,3175,3606
00407200,NORTHWOOD UNIVERSITY                    ,MI,48640-2398,Private      ,24,95,119,2248,2165,4413
00467300,BAKER COLLEGE - FLINT                   ,MI,48507-5508,Private      ,121,547,668,3397,9001,12398
00467301,BAKER COLLEGE OF CADILLAC               ,MI,49601-0000,Private      ,39,191,230,714,2437,3151
00467302,BAKER COLLEGE OF CLINTON TOWNSHIP       ,MI,48035-0000,Private      ,85,373,458,2317,6580,8897
00467303,BAKER COLLEGE OF MUSKEGON               ,MI,49442-0000,Private      ,76,357,433,3028,5236,8264
00467304,BAKER COLLEGE OF OWOSSO                 ,MI,48867-0000,Private      ,49,171,220,1933,2724,4657
00467305,BAKER COLLEGE OF AUBURN HILLS           ,MI,48326-0000,Private      ,46,260,306,1369,4724,6093
00467306,BAKER COLLEGE OF PORT HURON             ,MI,48060-0000,Private      ,20,91,111,681,1569,2250
00467309,BAKER COLLEGE OF JACKSON                ,MI,49202-0000,Private      ,52,256,308,1134,3585,4719
00467311,BAKER COLLEGE-CASS CITY                 ,MI,48726-0000,Private      ,5,50,55,231,530,761
00467313,BAKER COLLEGE - GRADUATE ON-LINE        ,MI,48507-0000,Private      ,40,487,527,602,8114,8716
00467317,BAKER COLLEGE-ALLEN PARK                ,MI,48101-0000,Private      ,76,345,421,1661,5802,7463
00469200,DORSEY SCHOOL OF BUSINESS               ,MI,48195-2334,Proprietary  ,11,57,68,118,534,652
00469201,DORSEY SCHOOL OF BUSINESS               ,MI,48184-0000,Proprietary  ,18,58,76,111,425,536
00469202,DORSEY SCHOOL OF BUSINESS               ,MI,48071-0000,Proprietary  ,17,50,67,120,536,656
00469204,DORSEY SCHOOL OF BUSINESS               ,MI,48066-0000,Proprietary  ,27,104,131,234,841,1075
00469205,DORSEY BUSINESS SCHOOL - FARMINGTON HILL,MI,48334-3385,Proprietary  ,3,29,32,79,307,386
00469206,DORSEY BUSINESS SCHOOL - ROSEVILLE CULIN,MI,48066-4555,Proprietary  ,14,65,79,142,553,695
00469207,DORSEY BUSINESS SCHOOL - WATERFORD/PONTI,MI,48341-1037,Proprietary  ,20,79,99,138,596,734
00469208,DORSEY BUSINESS SCHOOL - SAGINAW CAMPUS ,MI,48603-5201,Proprietary  ,16,80,96,176,680,856
00469209,DORSEY SCHOOL OF BUSINESS - LANSING     ,MI,48911-5744,Proprietary  ,7,40,47,15,157,172
00489816,MCCANN SCHOOL OF BUSINESS & TECHNOLOGY -,MI,48017-1495,Proprietary  ,0,0,0,8,25,33
00491003,KAPLAN CAREER INSTITUTE - DEARBORN      ,MI,48228-0000,Proprietary  ,4,44,48,211,1026,1237
00676800,MID MICHIGAN COMMUNITY COLLEGE          ,MI,48625-9447,Public       ,35,153,188,2957,3699,6656
00677100,COLLEGE FOR CREATIVE STUDIES            ,MI,48202-4034,Private      ,28,38,66,2133,1212,3345
00694900,KALAMAZOO VALLEY COMMUNITY COLLEGE      ,MI,49003-4070,Public       ,128,459,587,7080,9791,16871
00717100,KIRTLAND COMMUNITY COLLEGE              ,MI,48653-0000,Public       ,18,96,114,1119,2085,3204
00732991,ITT TECHNICAL INSTITUTE                 ,MI,49519-1851,Proprietary  ,84,412,496,925,3188,4113
00761700,CARNEGIE INSTITUTE                      ,MI,48083-1159,Proprietary  ,9,27,36,109,519,628
00795000,WEST SHORE COMMUNITY COLLEGE            ,MI,49454-0000,Public       ,13,33,46,698,1166,1864
00817800,EMPIRE BEAUTY SCHOOL                    ,MI,49525-2440,Proprietary  ,21,60,81,308,600,908
00832903,ITT TECHNICAL INSTITUTE                 ,MI,48083-2008,Proprietary  ,0,0,0,1,2,3
00890600,MACOMB COMMUNITY COLLEGE                ,MI,48088-3896,Public       ,336,901,1237,14757,18577,33334
00894600,PORT HURON COSMETOLOGY COLLEGE          ,MI,48329-1618,Proprietary  ,7,12,19,30,70,100
00923000,WAYNE COUNTY COMMUNITY CLG-DISTRICT     ,MI,48226-3010,Public       ,369,1582,1951,11421,32741,44162
00982800,EVEREST INSTITUTE                       ,MI,48033-4400,Proprietary  ,28,194,222,365,1895,2260
00982801,EVEREST INSTITUTE- DEARBORN             ,MI,48124-1927,Proprietary  ,32,135,167,387,1407,1794
00982803,EVEREST INSTITUTE - DETROIT             ,MI,48207-4291,Proprietary  ,27,129,156,454,1609,2063
01047000,KALAMAZOO BEAUTY ACADEMY                ,MI,49002-5220,Proprietary  ,0,12,12,53,99,152
01082700,DAVID PRESSLEY PROF SCH OF COSMTLGY     ,MI,48067-3219,Proprietary  ,17,28,45,217,343,560
01109800,FLINT INSTITUTE OF BARBERING            ,MI,48504-4395,Proprietary  ,6,17,23,61,240,301
01229100,WRIGHT BEAUTY ACADEMY                   ,MI,49015-2696,Proprietary  ,1,17,18,43,139,182
01258405,ILLINOIS INSTITUTE OF ART (THE) - THE AR,MI,48377-2979,Proprietary  ,0,0,0,1,0,1
01262700,THOMAS M. COOLEY LAW SCHOOL             ,MI,48901-1586,Private      ,1,86,87,44,4569,4613
01321800,M J MURPHY BTY CLG MT PLEASANT          ,MI,48858-2502,Proprietary  ,6,18,24,75,150,225
02060300,MICHIGAN INSTITUTE OF AERONAUTICS       ,MI,48188-2533,Proprietary  ,47,129,176,588,956,1544
02068700,FISER'S COLLEGE OF COSMETOLOGY          ,MI,49221-0000,Proprietary  ,0,0,0,0,5,5
02099700,ROSS MEDICAL EDUCATION CENTER           ,MI,48532-0000,Proprietary  ,75,243,318,498,1792,2290
02099701,ROSS MEDICAL EDUCATION CENTER-SAGINAW   ,MI,48603-5227,Proprietary  ,2,11,13,84,264,348
02099702,ROSS MEDICAL EDUCATION CENTER-PORT HURON,MI,48060-1958,Proprietary  ,0,12,12,36,129,165
02099703,ROSS MEDICAL EDUCATION CENTER-ROOSEVELT ,MI,49441-4156,Proprietary  ,0,6,6,13,73,86
02100400,EVEREST INSTITUTE                       ,MI,49525-2301,Proprietary  ,18,138,156,332,1430,1762
02100401,EVEREST INSTITUTE - KALAMAZOO           ,MI,49009-3307,Proprietary  ,10,103,113,243,957,1200
02125600,MICHIGAN COLLEGE OF BEAUTY              ,MI,48083-0000,Proprietary  ,17,39,56,176,511,687
02158600,MR BELA'S SCHOOL OF COSMETOLOGY         ,MI,48092-4637,Proprietary  ,4,19,23,87,221,308
02160303,INTERNATIONAL ACADEMY OF DESIGN AND TECH,MI,48083-2160,Proprietary  ,21,47,68,578,864,1442
02180100,ROSS MEDICAL EDUCATION CENTER           ,MI,48092-0000,Proprietary  ,41,153,194,250,1044,1294
02180105,ROSS MEDICAL EDUCATION CENTER-REDFORD   ,MI,48239-1260,Proprietary  ,2,9,11,46,171,217
02198900,MICHIGAN SCHOOL OF PROFESSIONAL PSYCHOLO,MI,48334-4512,Private      ,0,10,10,53,358,411
02209200,TAYLORTOWN SCHOOL OF BEAUTY             ,MI,48180-0000,Proprietary  ,10,54,64,96,295,391
02237800,SPECS HOWARD SCHOOL OF MEDIA ARTS       ,MI,48075-0000,Proprietary  ,44,75,119,732,1045,1777
02285700,BAYSHIRE BEAUTY ACADEMY                 ,MI,48708-5614,Proprietary  ,2,21,23,63,206,269
02289801,KAPLAN INSTITUTE - DETROIT CAMPUS       ,MI,48202-0000,Proprietary  ,4,58,62,252,1100,1352
02324500,MICHIGAN COLLEGE OF BEAUTY              ,MI,48161-3901,Proprietary  ,6,31,37,109,293,402
02339700,ROSS MEDICAL EDUCATION CENTER           ,MI,48116-0000,Proprietary  ,45,204,249,289,1204,1493
02339701,ROSS MEDICAL EDUCATION CENTER-ANN ARBOR ,MI,48108-1411,Proprietary  ,1,12,13,62,203,265
02339703,ROSS MEDICAL EDUCATION CENTER - DAVISON ,MI,48423-1751,Proprietary  ,0,8,8,25,108,133
02361500,MICHIGAN BARBER COLLEGE                 ,MI,48204-2244,Private      ,15,64,79,229,746,975
02363800,YESHIVA GEDOLAH OF GREATER DETROIT      ,MI,48237-0000,Private      ,10,4,14,33,5,38
02491000,WEST MI COLG OF BARBERING & BEAUTY      ,MI,49008-0000,Proprietary  ,4,26,30,51,201,252
02531806,PAUL MITCHELL THE SCHOOL -MICHIGAN      ,MI,48313-0000,Proprietary  ,0,1,1,0,1,1
02533600,ROSS MEDICAL EDUCATION CENTER           ,MI,48917-2108,Proprietary  ,33,154,187,244,983,1227
02533601,ROSS MEDICAL EDUCATION CENTER - GRAND RA,MI,49546-2430,Proprietary  ,2,26,28,99,386,485
02588200,DOUGLAS J AVEDA INSTITUTE               ,MI,48823-4351,Proprietary  ,37,94,131,777,1036,1813
02588201,DOUGLAS J AVEDA INSTITUTE - ANN ARBOR   ,MI,48104-2211,Proprietary  ,17,15,32,207,231,438
02595700,HILLSDALE BEAUTY COLLEGE                ,MI,49242-0000,Proprietary  ,1,7,8,51,57,108
02618400,MICHIGAN CAREER & TECHNICAL INST        ,MI,49080-9254,Public       ,31,23,54,354,169,523
03005700,DETROIT BUSINESS INST. DOWNRIVER        ,MI,48193-6761,Proprietary  ,1,16,17,43,278,321
03028500,LAWTON SCHOOL                           ,MI,48075-0000,Proprietary  ,1,10,11,31,170,201
03066600,BAY MILLS COMMUNITY COLLEGE             ,MI,49715-9750,Public       ,7,37,44,206,615,821
03075200,TWIN CITY BEAUTY COLLEGE                ,MI,49085-3305,Proprietary  ,20,30,50,134,260,394
03075201,TWIN CITY BEAUTY COLLEGE - TRAVERSE CITY,MI,49686-5119,Proprietary  ,1,5,6,31,83,114
03090000,SHARP'S ACADEMY OF HAIRSTYLING INC.     ,MI,48433-0000,Proprietary  ,2,7,9,33,65,98
03109700,HOUGHTON LAKE INST OF COSMETOLOGY       ,MI,48629-0669,Proprietary  ,6,10,16,31,49,80
03110300,THE SCHOOL OF CREATIVE HAIR DESIGN      ,MI,49036-1139,Proprietary  ,2,7,9,29,83,112
03124000,NORTHWESTERN TECHNOLOGICAL INST         ,MI,48075-2412,Proprietary  ,17,90,107,131,669,800
03284300,MICHIGAN JEWISH INSTITUTE               ,MI,48237-0000,Private      ,11,8,19,1623,886,2509
03490300,PAUL MITCHELL THE SCHOOL ESCANABA       ,MI,49829-0000,Proprietary  ,12,33,45,331,414,745
03588300,IRENE'S MYOMASSOLOGY INSTITUTE          ,MI,48033-2404,Proprietary  ,11,35,46,121,481,602
03704300,BLUE WATER COLLEGE OF COSMETOLOGY       ,MI,48040-2093,Proprietary  ,2,10,12,40,61,101
03772300,SAGINAW CHIPPEWA TRIBAL COLLEGE         ,MI,48858-0000,Public       ,2,3,5,42,125,167
03815300,IN SESSION-ARTS OF COSMETOLOGY BEAU     ,MI,48609-0000,Proprietary  ,7,25,32,70,191,261
03907300,PAUL MITCHELL THE SCHOOL GREAT LAKES    ,MI,48060-0000,Proprietary  ,14,22,36,186,244,430
03915300,CAREER QUEST LEARNING CENTER            ,MI,48910-4732,Proprietary  ,27,197,224,244,1468,1712
03915301,CAREER QUEST LEARNING CENTER - JACKSON  ,MI,49201-2475,Proprietary  ,2,15,17,14,141,155
03915302,CAREER QUEST LEARNING CENTER - KALAMAZOO,MI,49002-1711,Proprietary  ,1,50,51,19,188,207
03968300,LAKEWOOD SCHOOL OF THERAPEUTIC MASSAGE  ,MI,48060-0000,Proprietary  ,1,10,11,26,89,115
03976500,ANN ARBOR INSTITUTE OF MASSAGE THERAPY  ,MI,48103-0000,Proprietary  ,5,20,25,61,209,270
04002400,ECUMENICAL THEOLOGICAL SEMINARY         ,MI,48201-3035,Private      ,0,11,11,9,197,206
04006300,NUVO COLLEGE OF COSMETOLOGY             ,MI,49441-3822,Proprietary  ,2,6,8,40,118,158
04014300,P&A SCHOLARS BEAUTY SCHOOL              ,MI,48204-0000,Proprietary  ,16,47,63,282,795,1077
04094300,ROBERT B. MILLER COLLEGE (THE)          ,MI,49017-3306,Private      ,4,23,27,130,673,803
04121100,GALLERY COLLEGE OF BEAUTY (THE)         ,MI,48036-3591,Proprietary  ,7,31,38,125,318,443
04136300,FOCUS:  HOPE INFORMATION TECHNOLOGIES CE,MI,48238-2949,Private      ,7,43,50,205,733,938
04138400,SCHOOL OF DESIGNING ARTS                ,MI,49015-2853,Proprietary  ,5,9,14,83,144,227
04140900,INTERNATIONAL COSMETOLOGY ACADEMY       ,MI,49508-1308,Proprietary  ,0,19,19,78,242,320
04141100,FRENCH ACADEMY OF COSMETOLOGY           ,MI,49456-3207,Proprietary  ,1,8,9,47,84,131
04158400,L'ESPRIT ACADEMY                        ,MI,48150-0000,Proprietary  ,4,18,22,104,238,342
04159300,MARKETTI ACADEMY OF COSMETOLOGY         ,MI,48329-3506,Proprietary  ,4,13,17,63,130,193
04163300,COMPASS COLLEGE OF CINEMATIC ARTS       ,MI,49503-4227,Private      ,0,2,2,137,141,278
04164700,KEWEENAW BAY OJIBWA COMMUNITY COLLEGE   ,MI,49908-0000,Public       ,2,16,18,28,105,133
04169300,SCHOLARS COSMETOLOGY UNIVERSITY         ,MI,48108-0000,Proprietary  ,1,9,10,35,108,143
04183300,ABCOTT INSTITUTE                        ,MI,48075-5227,Proprietary  ,7,16,23,65,269,334
04184700,PROTEGE ACADEMY                         ,MI,48823-8660,Proprietary  ,4,10,14,74,190,264
04207000,SCHOOL OF MISSIONARY AVIATION TECHNOLOGY,MI,48846-7412,Private      ,0,1,1,10,16,26
04211200,BRIGHTON INSTITUTE OF COSMETOLOGY       ,MI,48116-8360,Proprietary  ,5,8,13,24,37,61
00233200,ANOKA-RAMSEY CC-CAMBRIDGE/COONRAPID     ,MN,55433-3499,Public       ,96,237,333,4105,5638,9743
00233400,AUGSBURG COLLEGE                        ,MN,55454-1351,Private      ,30,123,153,3171,2682,5853
00233500,RIVERLAND COMMUNITY COLLEGE             ,MN,55912-1473,Public       ,23,84,107,1115,2206,3321
00233600,BEMIDJI STATE UNIVERSITY                ,MN,56601-2699,Public       ,42,78,120,3884,2367,6251
00233700,BETHANY LUTHERAN COLLEGE INC            ,MN,56001-6163,Private      ,2,3,5,721,95,816
00233900,CENTRAL LAKES COLG-BRAINERD/STAPLES     ,MN,56401-3900,Public       ,28,107,135,1574,2310,3884
00234000,CARLETON COLLEGE                        ,MN,55057-4001,Private      ,22,3,25,3523,85,3608
00234100,COLLEGE OF ST BENEDICT                  ,MN,56374-2099,Private      ,9,1,10,2274,87,2361
00234200,ST. CATHERINE UNIVERSITY                ,MN,55105-1789,Private      ,34,132,166,2988,3933,6921
00234300,COLLEGE OF ST SCHOLASTICA               ,MN,55811-4199,Private      ,25,143,168,2559,2504,5063
00234500,UNIVERSITY OF ST THOMAS                 ,MN,55105-1096,Private      ,45,158,203,7257,4064,11321
00234600,CONCORDIA COLLEGE-MOORHEAD              ,MN,56562-0001,Private      ,10,10,20,3124,255,3379
00234700,"CONCORDIA UNIVERSITY, ST PAUL, MN       ",MN,55104-5494,Private      ,23,210,233,1497,2952,4449
00235000,VERMILION COMMUNITY COLLEGE             ,MN,55731-1996,Public       ,9,9,18,605,197,802
00235300,GUSTAVUS ADOLPHUS COLLEGE               ,MN,56082-1498,Private      ,17,5,22,3759,102,3861
00235400,HAMLINE UNIVERSITY                      ,MN,55104-1284,Private      ,22,152,174,3352,3389,6741
00235500,HIBBING COMMUNITY COLLEGE               ,MN,55746-3300,Public       ,17,56,73,733,1123,1856
00235600,ITASCA COMMUNITY COLLEGE                ,MN,55744-3397,Public       ,16,25,41,917,684,1601
00235700,LUTHER SEMINARY                         ,MN,55108-0000,Private      ,0,5,5,6,450,456
00235800,MACALESTER COLLEGE                      ,MN,55105-1899,Private      ,19,8,27,3803,264,4067
00236000,"MINNESOTA STATE UNIVERSITY, MANKATO     ",MN,56002-0000,Public       ,122,153,275,12740,5164,17904
00236100,MARTIN LUTHER COLLEGE                   ,MN,56073-3965,Private      ,1,2,3,676,69,745
00236200,MINNEAPOLIS COMM AND TECH COLLEGE       ,MN,55403-1779,Public       ,112,484,596,4657,12196,16853
00236500,MINNEAPOLIS COLLEGE OF ART & DESIGN     ,MN,55404-4343,Private      ,13,12,25,1046,627,1673
00236600,CROSSROADS COLLEGE                      ,MN,55902-2382,Private      ,3,7,10,104,134,238
00236700,MINNESOTA STATE UNIVERSITY MOORHEAD     ,MN,56563-0001,Public       ,42,80,122,5805,2890,8695
00236900,NORTH CENTRAL UNIVERSITY                ,MN,55404-1391,Private      ,10,23,33,1456,574,2030
00237000,NORTH HENNEPIN COMMUNITY COLLEGE        ,MN,55445-2299,Public       ,86,282,368,3398,6692,10090
00237100,NORTHWESTERN COLLEGE                    ,MN,55113-1598,Private      ,15,63,78,2493,1158,3651
00237300,ROCHESTER COMMUNITY/TECH COLLEGE        ,MN,55904-4999,Public       ,61,132,193,2973,4208,7181
00237500,SOUTHWEST MINNESOTA STATE UNIVERSITY    ,MN,56258-1598,Public       ,7,51,58,2244,1314,3558
00237700,ST CLOUD STATE UNIVERSITY               ,MN,56301-4498,Public       ,103,175,278,10754,5876,16630
00237900,SAINT JOHNS UNIVERSITY                  ,MN,56321-0000,Private      ,20,6,26,2039,123,2162
00238000,SAINT MARY'S UNIVERSITY                 ,MN,55987-1399,Private      ,12,180,192,1875,3551,5426
00238200,ST OLAF COLLEGE                         ,MN,55057-1098,Private      ,18,2,20,3994,113,4107
00238300,CROWN COLLEGE                           ,MN,55375-9001,Private      ,10,111,121,915,854,1769
00238500,NORTHLAND COMMUNITY & TECHNICAL CLG     ,MN,56701-2598,Public       ,23,76,99,1663,2263,3926
00238600,UNITED THEOLGCL SEMINRY TWIN CITIES     ,MN,55112-0000,Private      ,0,0,0,2,123,125
00238800,"UNIVERSITY OF MINNESOTA, DULUTH         ",MN,55812-2496,Public       ,78,71,149,11116,2636,13752
00238900,"UNIVERSITY OF MINNESOTA, MORRIS         ",MN,56267-2113,Public       ,19,7,26,2415,325,2740
00239100,WILLIAM MITCHELL COLLEGE OF LAW         ,MN,55105-0000,Private      ,0,14,14,8,1258,1266
00239300,MINNESOTA STATE COLLEGE-SE TECH         ,MN,55987-0409,Public       ,19,77,96,1003,1766,2769
00239400,WINONA STATE UNIVERSITY                 ,MN,55987-5838,Public       ,68,63,131,8135,1896,10031
00396900,UNIVERSITY OF MINNESOTA-TWIN CITIES     ,MN,55455-0422,Public       ,307,493,800,34289,19971,54260
00400900,MESABI RANGE CMNTY & TECH COLLEGE       ,MN,55792-0000,Public       ,17,22,39,633,761,1394
00405708,NATIONAL AMERICAN UNIVERSITY            ,MN,55113-0000,Proprietary  ,2,20,22,54,395,449
00405715,NATIONAL AMERICAN UNIVERSITY - BLOOMINGT,MN,55425-5550,Proprietary  ,2,24,26,65,566,631
00406900,UNIVERSITY OF MINNESOTA-CROOKSTON       ,MN,56716-5001,Public       ,12,38,50,1240,968,2208
00438600,VETERAN'S MEDICAL CTR- SCH RAD TECH     ,MN,55417-2399,Public       ,0,4,4,6,52,58
00464100,DUNWOODY COLLEGE OF TECHNOLOGY          ,MN,55403-1192,Private      ,13,71,84,764,1618,2382
00464200,GLOBE UNIVERSITY                        ,MN,55125-5408,Proprietary  ,91,443,534,1330,4957,6287
00464500,MINNEAPOLIS BUSINESS COLLEGE            ,MN,55113-4036,Proprietary  ,2,8,10,422,242,664
00464600,MINNESOTA SCHOOL OF BUSINESS            ,MN,55423-0000,Proprietary  ,49,331,380,1420,5016,6436
00525200,RIDGEWATER COLLEGE                      ,MN,56201-2098,Public       ,31,80,111,2172,2229,4401
00526300,MINNESOTA WEST CMNTY & TECH COLG        ,MN,56241-1096,Public       ,27,88,115,899,1807,2706
00553300,"SAINT PAUL COLLEGE, COMMUNITY/TECHNICAL ",MN,55102-1800,Public       ,70,341,411,3661,9303,12964
00553400,SAINT CLOUD TECHNICAL COLLEGE AND COMMUN,MN,56303-1240,Public       ,57,157,214,2970,3585,6555
00553500,PINE TECHNICAL COLLEGE                  ,MN,55063-2198,Public       ,9,42,51,301,982,1283
00553700,SOUTH CENTRAL COLLEGE                   ,MN,56003-0000,Public       ,36,83,119,1803,2543,4346
00554100,MINNESOTA STATE COMMUNITY AND TECHNICAL ,MN,56573-1405,Public       ,51,110,161,2514,3920,6434
00554400,ALEXANDRIA TECHNICAL COLLEGE            ,MN,56308-3799,Public       ,8,36,44,1459,1110,2569
00575700,LAKE SUPERIOR COLLEGE                   ,MN,55811-3399,Public       ,54,136,190,2323,3486,5809
00575900,NORTHWEST TECHNICAL COLLEGE - BEMIDJI   ,MN,56601-4907,Public       ,18,50,68,446,1146,1592
00677500,RAINY RIVER COMMUNITY COLLEGE           ,MN,56649-2187,Public       ,1,2,3,178,164,342
00735000,ANOKA-HENNEPIN TECHNICAL COLLEGE        ,MN,55303-1590,Public       ,47,117,164,1085,3277,4362
00735100,BROWN COLLEGE                           ,MN,55120-1004,Proprietary  ,9,67,76,322,954,1276
00746200,COLLEGE OF VISUAL ARTS                  ,MN,55102-2199,Private      ,4,3,7,276,125,401
00795400,NORMANDALE COMMUNITY COLLEGE            ,MN,55431-4399,Public       ,118,222,340,5088,6366,11454
00826700,NORTHWEST TECHNICAL INSTITUTE           ,MN,55121-5001,Proprietary  ,1,5,6,57,57,114
00869400,RASMUSSEN COLLEGE - ST. CLOUD           ,MN,56301-3713,Proprietary  ,19,147,166,278,1672,1950
00869401,RASMUSSEN COLLEGE - BROOKLYN PARK       ,MN,55445-1512,Proprietary  ,14,126,140,273,1634,1907
00869406,RASMUSSEN COLLEGE - EAGAN               ,MN,55122-1346,Proprietary  ,15,105,120,267,1591,1858
00869407,RASMUSSEN COLLEGE - BLOOMINGTON         ,MN,55435-5444,Proprietary  ,13,107,120,327,3187,3514
00869409,RASMUSSEN COLLEGE - MANKATO             ,MN,56001-8658,Proprietary  ,14,97,111,333,1203,1536
00869412,RASMUSSEN COLLEGE - LAKE ELMO           ,MN,55042-8624,Proprietary  ,17,109,126,189,1084,1273
00869416,RASMUSSEN COLLEGE - MOORHEAD            ,MN,56560-4513,Proprietary  ,10,82,92,207,999,1206
00869417,RASMUSSEN COLLEGE - BLAINE              ,MN,55014-0000,Proprietary  ,15,76,91,212,994,1206
00905800,BETHEL UNIVERSITY                       ,MN,55112-6999,Private      ,24,173,197,3577,2825,6402
00960000,COSMETOLOGY CAREERS UNLTD-DULUTH        ,MN,55802-2031,Proprietary  ,0,4,4,27,74,101
00972200,EMPIRE BEAUTY SCHOOL                    ,MN,55119-7003,Proprietary  ,7,37,44,149,361,510
00974000,INVER HILLS COMMUNITY COLLEGE           ,MN,55076-3224,Public       ,61,203,264,2753,4282,7035
00983100,MODEL COLLEGE OF HAIR DESIGN            ,MN,56301-4280,Proprietary  ,17,23,40,139,173,312
00987000,EMPIRE BEAUTY SCHOOL                    ,MN,55420-2919,Proprietary  ,9,25,34,138,320,458
00989200,"DULUTH BUSINESS UNIV, INC.              ",MN,55807-0000,Proprietary  ,12,32,44,134,498,632
00999200,OAK HILLS CHRISTIAN COLLEGE             ,MN,56601-0000,Private      ,0,2,2,116,82,198
01024800,ART INSTITUTES INTL MINNESOTA           ,MN,55402-3137,Proprietary  ,43,86,129,1628,1520,3148
01035602,EVEREST INSTITUTE - EAGAN               ,MN,55121-1696,Proprietary  ,9,104,113,147,737,884
01037400,METROPOLITAN STATE UNIVERSITY           ,MN,55106-5000,Public       ,31,289,320,2332,9766,12098
01040200,DAKOTA COUNTY TECHNICAL COLLEGE         ,MN,55068-2999,Public       ,41,124,165,1400,2709,4109
01049000,REGENCY BEAUTY INSTITUTE                ,MN,55428-0000,Proprietary  ,429,967,1396,4356,8988,13344
01049100,HENNEPIN TECHNICAL COLLEGE              ,MN,55445-2399,Public       ,45,254,299,2176,6716,8892
01054600,CENTURY COLLEGE                         ,MN,55110-1894,Public       ,110,351,461,5548,8842,14390
01173200,"MAYO CLINIC, COLLEGE OF MEDICINE        ",MN,55905-0000,Private      ,0,7,7,51,381,432
01173201,MAYO SCHOOL OF HEALTH-RELATED SCIEN     ,MN,55905-0000,Private      ,0,7,7,93,236,329
01173206,MAYO GRAD SCHOOL                        ,MN,55901-0000,Private      ,0,1,1,5,53,58
01173207,MAYO MEDICAL SCHOOL                     ,MN,55901-0000,Private      ,0,1,1,17,231,248
01232800,NORTHWESTERN HEALTH SCIENCES UNIV       ,MN,55431-1599,Private      ,1,18,19,75,986,1061
02050300,ACADEMY COLLEGE                         ,MN,55420-1554,Proprietary  ,4,14,18,76,258,334
02097300,HASTINGS BEAUTY SCHOOL                  ,MN,55033-1205,Proprietary  ,0,8,8,36,62,98
02123200,AVEDA INSTITUTE                         ,MN,55414-0000,Proprietary  ,34,61,95,549,568,1117
02159800,COSMETOLOGY CAREERS UNLTD - HIBBING     ,MN,55746-0000,Proprietary  ,2,6,8,19,62,81
02160901,"SALON PROFESSIONAL ACADEMY, THE - THE SA",MN,55428-4928,Proprietary  ,0,12,12,38,83,121
02238100,MINNESOTA SCHOOL OF COSMETOLOGY         ,MN,55125-0000,Proprietary  ,16,23,39,183,320,503
02260500,SUMMIT ACAD OPPORTUNITIES IND CTR       ,MN,55405-0000,Private      ,27,153,180,105,758,863
02263102,ANTHEM COLLEGE - ST. LOUIS PARK         ,MN,55416-2467,Proprietary  ,1,22,23,39,138,177
02504200,WALDEN UNIVERSITY                       ,MN,55401-2511,Proprietary  ,29,5189,5218,368,61645,62013
02514100,AMERICAN INDIAN OPPORTUNITIES CTR       ,MN,55404-0000,Private      ,3,33,36,28,352,380
03001200,MCNALLY SMITH COLLEGE OF MUSIC          ,MN,55101-2220,Proprietary  ,9,15,24,869,368,1237
03051900,ALFRED ADLER GRADUATE SCHOOL            ,MN,55305-0000,Private      ,0,38,38,1,375,376
03096400,LEECH LAKE TRIBAL COLLEGE               ,MN,56633-0000,Public       ,0,12,12,67,418,485
03129100,FOND DU LAC TRIBAL & COMMUNITY CLG      ,MN,55720-2984,Public       ,17,53,70,597,1095,1692
03267300,CAPELLA UNIVERSITY                      ,MN,55402-3389,Proprietary  ,21,3190,3211,277,53454,53731
03833300,AMERICAN ACADEMY OF ACUPUNCTURE AND ORIE,MN,55113-0000,Proprietary  ,0,2,2,4,102,106
03921400,WHITE EARTH TRIBAL AND COMMUNITY COLLEGE,MN,56557-0478,Private      ,3,7,10,22,144,166
04044300,HAZELDEN GRADUATE SCHOOL OF ADDICTION ST,MN,55012-0000,Private      ,0,11,11,3,161,164
04130200,INST. OF PRODUCTION AND RECORDING       ,MN,55401-1315,Proprietary  ,18,36,54,521,519,1040
04148800,CENTERPOINT MASSAGE & SHIATSU THERAPY SC,MN,55414-4525,Proprietary  ,6,18,24,47,239,286
04157600,NOVA ACADEMY OF COSMETOLOGY             ,MN,55906-4103,Proprietary  ,3,9,12,55,115,170
04160500,AVALON SCHOOL OF COSMETOLOGY            ,MN,56187-1930,Proprietary  ,2,8,10,18,42,60
04174400,ROCHESTER SCHOOL OF HAIR DESIGN         ,MN,55901-4310,Proprietary  ,2,4,6,33,81,114
04175600,PARK AVENUE SCHOOL OF COSMETOLOGY       ,MN,56470-3361,Proprietary  ,3,7,10,25,75,100
00239600,ALCORN STATE UNIVERSITY                 ,MS,39096-7500,Public       ,142,146,288,4743,4589,9332
00239700,BELHAVEN UNIVERSITY                     ,MS,39202-1789,Private      ,37,329,366,1946,5395,7341
00239800,BLUE MOUNTAIN COLLEGE                   ,MS,38610-9370,Private      ,6,16,22,624,384,1008
00240100,COAHOMA COMMUNITY COLLEGE               ,MS,38614-9799,Public       ,81,145,226,1956,2913,4869
00240200,COPIAH-LINCOLN COMMUNITY COLLEGE        ,MS,39191-0649,Public       ,94,128,222,2432,2954,5386
00240300,DELTA STATE UNIVERSITY                  ,MS,38733-0000,Public       ,83,127,210,3703,3895,7598
00240400,EAST CENTRAL COMMUNITY COLLEGE          ,MS,39327-0129,Public       ,78,112,190,2177,2638,4815
00240500,EAST MISSISSIPPI COMM COLLEGE           ,MS,39358-0000,Public       ,129,184,313,3626,4355,7981
00240700,HINDS COMMUNITY COLLEGE                 ,MS,39154-9799,Public       ,312,543,855,8824,12805,21629
00240800,HOLMES COMMUNITY COLLEGE                ,MS,39079-0000,Public       ,165,321,486,4766,6978,11744
00240900,ITAWAMBA COMMUNITY COLLEGE              ,MS,38843-1099,Public       ,129,223,352,4558,5674,10232
00241000,JACKSON STATE UNIVERSITY                ,MS,39217-0001,Public       ,230,408,638,9857,12151,22008
00241100,JONES COUNTY JUNIOR COLLEGE             ,MS,39437-3999,Public       ,132,131,263,4214,3118,7332
00241300,MERIDIAN COMMUNITY COLLEGE              ,MS,39307-5890,Public       ,69,183,252,2618,3767,6385
00241400,MILLSAPS COLLEGE                        ,MS,39201-0000,Private      ,28,45,73,1689,1013,2702
00241500,MISSISSIPPI COLLEGE                     ,MS,39058-0001,Private      ,48,147,195,3220,4070,7290
00241501,MISSISSIPPI COLLEGE - SCHOOL OF LAW     ,MS,39201-1391,Private      ,1,29,30,128,1112,1240
00241600,MISSISSIPPI DELTA CMTY COLLEGE          ,MS,38761-0000,Public       ,90,124,214,2653,3014,5667
00241700,MISSISSIPPI GULF CST CLG-PERKINSTON     ,MS,39573-0000,Public       ,57,70,127,2301,1500,3801
00241701,MISSISSIPPI GULF CST CLG-JEFF DAVIS     ,MS,39507-0000,Public       ,68,237,305,2563,5117,7680
00241702,MISSISSIPPI GULF CST CLG-JACKSON CN     ,MS,39553-0000,Public       ,59,161,220,2179,3422,5601
00242200,MISSISSIPPI UNIV FOR WOMEN              ,MS,39701-5818,Public       ,43,90,133,2087,3175,5262
00242300,MISSISSIPPI STATE UNIVERSITY            ,MS,39762-9698,Public       ,307,233,540,19039,9452,28491
00242400,MISSISSIPPI VALLEY STATE UNIVERSITY     ,MS,38941-1400,Public       ,135,124,259,3606,3781,7387
00242600,NORTHEAST MS CMNTY COLLEGE              ,MS,38829-1731,Public       ,57,85,142,3189,2695,5884
00242700,NORTHWEST MISSISSIPPI COMMUNITY CLG     ,MS,38668-1703,Public       ,198,266,464,6500,6524,13024
00243000,PEARL RIVER COMMUNITY COLLEGE           ,MS,39470-2201,Public       ,140,180,320,3628,4487,8115
00243300,RUST COLLEGE                            ,MS,38635-2328,Private      ,35,27,62,1433,786,2219
00243500,SOUTHEASTERN BAPTIST COLLEGE            ,MS,39440-0000,Private      ,0,6,6,19,90,109
00243600,SOUTHWEST MISSISSIPPI CMNTY CLG         ,MS,39666-8099,Public       ,32,56,88,1759,1734,3493
00243900,TOUGALOO COLLEGE                        ,MS,39174-9799,Private      ,43,31,74,1826,929,2755
00244000,UNIVERSITY OF MISSISSIPPI               ,MS,38677-1848,Public       ,290,237,527,16870,8781,25651
00244001,UNIVERSITY OF MISSISSIPPI - MED CTR     ,MS,39216-0000,Public       ,26,64,90,874,2765,3639
00244100,UNIVERSITY OF SOUTHERN MISSISSIPPI      ,MS,39406-0001,Public       ,264,438,702,14376,12166,26542
00244700,WILLIAM CAREY UNIVERSITY                ,MS,39401-5499,Private      ,65,221,286,2044,5210,7254
00489809,MCCANN SCHOOL OF BUSINESS & TECHNOLOGY -,MS,39503-3167,Proprietary  ,1,7,8,43,173,216
01289101,ANTONELLI COLLEGE - JACKSON             ,MS,39232-9514,Proprietary  ,19,135,154,257,1783,2040
01289102,ANTONELLI COLLEGE - HATTIESBURG         ,MS,39401-3056,Proprietary  ,11,77,88,182,920,1102
02074900,CHRIS' BEAUTY COLLEGE                   ,MS,39501-0000,Proprietary  ,5,26,31,81,220,301
02160500,NORTH MISSISSIPPI MED CTR MED TECH      ,MS,38801-0000,Private      ,2,11,13,58,214,272
02235900,ACADEMY OF HAIR DESIGN #4               ,MS,39208-0000,Proprietary  ,3,11,14,76,225,301
02244300,ACADEMY OF HAIR DESIGN #1               ,MS,38901-0000,Proprietary  ,12,36,48,138,339,477
02249900,DELTA BEAUTY COLLEGE                    ,MS,38701-0000,Proprietary  ,1,5,6,75,127,202
02251600,ACADEMY OF HAIR DESIGN #6               ,MS,39401-7581,Proprietary  ,10,23,33,138,350,488
02251700,FOSTER'S COSMETOLOGY COLLEGE            ,MS,38663-0000,Proprietary  ,1,4,5,9,37,46
02302800,MISSISSIPPI COLLEGE OF BEAUTY CULT      ,MS,39440-0000,Proprietary  ,6,13,19,39,125,164
02320800,MAGNOLIA COLLEGE OF COSMETOLOGY         ,MS,39206-0000,Proprietary  ,9,42,51,130,530,660
02502100,CREATIONS COLLEGE OF COSMETOLOGY        ,MS,38803-0000,Proprietary  ,2,15,17,59,196,255
02516200,WESLEY BIBLICAL SEMINARY                ,MS,39206-0000,Private      ,1,3,4,8,205,213
02586000,J & J HAIR DESIGN COLLEGE               ,MS,39051-3716,Proprietary  ,4,19,23,57,153,210
03004000,FINAL TOUCH BEAUTY SCHOOL               ,MS,39307-2934,Proprietary  ,0,5,5,52,136,188
03010603,VIRGINIA COLLEGE - JACKSON              ,MS,39206-5602,Proprietary  ,15,91,106,276,1434,1710
03010610,VIRGINIA COLLEGE - BILOXI               ,MS,39532-2124,Proprietary  ,4,24,28,126,592,718
03032400,KC'S SCHOOL OF HAIR DESIGN              ,MS,38863-0000,Proprietary  ,2,18,20,16,91,107
03263300,TRAXLER'S SCHOOL OF HAIR                ,MS,39212-2529,Proprietary  ,3,4,7,43,162,205
03464300,ACADEMY OF HAIR DESIGN                  ,MS,39562-0000,Proprietary  ,1,8,9,15,87,102
03525300,BLUE CLIFF COLLEGE                      ,MS,39507-0000,Proprietary  ,13,83,96,222,905,1127
03848300,DAY SPA CAREER COLLEGE                  ,MS,39564-0000,Proprietary  ,2,9,11,32,144,176
03963300,HEALING TOUCH SCHOOL OF MASSAGE THERAPY ,MS,39402-1300,Proprietary  ,3,38,41,68,300,368
04131300,CORINTH ACADEMY OF COSMETOLOGY          ,MS,38834-4813,Proprietary  ,7,15,22,48,167,215
04137400,MISSISSIPPI SCHOOL OF THERAPEUTIC MASSAG,MS,39216-5023,Proprietary  ,0,0,0,9,27,36
04140200,"MISSISSIPPI INSTITUTE OF AESTHETICS, NAI",MS,39056-5628,Proprietary  ,2,13,15,47,143,190
00252600,CARROLL COLLEGE                         ,MT,59625-0002,Private      ,25,14,39,2326,355,2681
00252700,UNIVERSITY OF GREAT FALLS               ,MT,59405-4996,Private      ,8,39,47,862,803,1665
00252800,MILES COMMUNITY COLLEGE                 ,MT,59301-4799,Public       ,6,11,17,336,274,610
00252900,DAWSON COMMUNITY COLLEGE                ,MT,59330-1405,Public       ,2,12,14,258,188,446
00253000,MONTANA STATE UNIVERSITY - BILLINGS     ,MT,59101-0298,Public       ,46,157,203,3238,4278,7516
00253100,MONTANA TECH OF THE UNIV OF MONTANA     ,MT,59701-8997,Public       ,28,34,62,1766,1603,3369
00253200,MONTANA STATE UNIVERSITY - BOZEMAN      ,MT,59717-4160,Public       ,131,193,324,12839,5760,18599
00253300,MONTANA STATE UNIVERSITY-NORTHERN       ,MT,59501-3148,Public       ,21,38,59,1006,990,1996
00253400,ROCKY MOUNTAIN COLLEGE                  ,MT,59102-1796,Private      ,13,15,28,1395,540,1935
00253600,UNIVERSITY OF MONTANA (THE)             ,MT,59812-0001,Public       ,158,255,413,9783,9192,18975
00253700,UNIVERSITY OF MONTANA WESTERN (THE)     ,MT,59725-3598,Public       ,15,13,28,1555,705,2260
00677700,FLATHEAD VALLEY COMMUNITY COLLEGE       ,MT,59901-2699,Public       ,36,105,141,1059,2092,3151
00757000,HELENA COLLEGE OF TECHNOLOGY            ,MT,59601-3098,Public       ,16,57,73,563,1427,1990
00790000,BUTTE ACADEMY OF BEAUTY CULTURE         ,MT,59701-9197,Proprietary  ,3,10,13,31,83,114
00894700,"DAHL'S COLLEGE OF BEAUTY,INC            ",MT,59401-3731,Proprietary  ,1,5,6,17,46,63
00931400,GREAT FALLS COLLEGE MONTANA STATE UNIVER,MT,59405-4907,Public       ,25,100,125,855,1999,2854
02143400,SALISH KOOTENAI COLLEGE                 ,MT,59855-0000,Public       ,13,65,78,386,1174,1560
02286600,LITTLE BIG HORN COLLEGE                 ,MT,59022-0000,Public       ,12,37,49,126,252,378
02343000,FT PECK COMMUNITY COLLEGE               ,MT,59255-0000,Public       ,8,26,34,93,249,342
02510600,BLACKFEET COMMUNITY COLLEGE             ,MT,59417-0000,Private      ,24,77,101,185,440,625
02517500,FORT BELKNAP COLLEGE                    ,MT,59526-0000,Public       ,5,15,20,73,185,258
02545200,CHIEF DULL KNIFE COLLEGE                ,MT,59043-0098,Public       ,7,22,29,87,172,259
02610900,STONE CHILD COLLEGE                     ,MT,59521-9796,Public       ,12,52,64,97,249,346
02621300,ACADEMY OF COSMETOLOGY                  ,MT,59715-3544,Proprietary  ,0,6,6,58,83,141
03205300,MODERN BEAUTY SCHOOL                    ,MT,59801-8386,Proprietary  ,7,7,14,73,125,198
03763400,"ACADEMY OF NAIL, SKIN & HAIR            ",MT,59101-0000,Proprietary  ,8,23,31,112,247,359
03778300,HEALTH WORKS INSTITUTE                  ,MT,59715-0000,Proprietary  ,2,11,13,48,111,159
04163700,BITTERROOT SCHOOL OF COSMETOLOGY        ,MT,59840-3118,Proprietary  ,0,5,5,24,47,71
04164100,SALON PROFESSIONAL ACADEMY (THE)        ,MT,59405-0000,Proprietary  ,2,23,25,66,147,213
04187700,CREVIER'S SCHOOL OF COSMETOLOGY         ,MT,59901-4402,Proprietary  ,6,15,21,80,197,277
00253900,CHADRON STATE COLLEGE                   ,NE,69337-2690,Public       ,25,62,87,1910,1410,3320
00254000,COLLEGE OF ST MARY                      ,NE,68106-2606,Private      ,10,38,48,597,1373,1970
00254100,CONCORDIA UNIVERSITY                    ,NE,68434-1594,Private      ,8,80,88,1493,797,2290
00254200,CREIGHTON UNIVERSITY                    ,NE,68178-0001,Private      ,48,125,173,5775,5841,11616
00254400,DOANE COLLEGE                           ,NE,68333-2421,Private      ,13,71,84,1866,1383,3249
00254700,GRACE UNIVERSITY                        ,NE,68108-3629,Private      ,7,18,25,397,406,803
00254800,HASTINGS COLLEGE                        ,NE,68901-7621,Private      ,9,2,11,1539,201,1740
00255100,UNIVERSITY OF NEBRASKA AT KEARNEY       ,NE,68849-0001,Public       ,41,107,148,4993,2442,7435
00255300,MIDLAND UNIVERSITY                      ,NE,68025-4254,Private      ,11,22,33,1518,451,1969
00255400,UNIVERSITY OF NEBRASKA-OMAHA            ,NE,68182-0001,Public       ,127,273,400,9774,8151,17925
00255500,NEBRASKA WESLEYAN UNIVERSITY            ,NE,68504-2796,Private      ,28,26,54,2191,803,2994
00255700,MID-PLAINS COMM COLLEGE - NORTH PLATTE  ,NE,69101-9420,Public       ,12,61,73,550,862,1412
00255701,MID-PLAINS COMMUNITY COLLEGE - MCCOOK   ,NE,69001-2631,Public       ,8,14,22,281,256,537
00255900,PERU STATE COLLEGE                      ,NE,68421-0010,Public       ,12,55,67,1094,1237,2331
00256000,WESTERN NEBRASKA COMMUNITY COLLEGE      ,NE,69361-1815,Public       ,23,56,79,864,1177,2041
00256300,UNION COLLEGE                           ,NE,68506-4387,Private      ,15,6,21,901,473,1374
00256500,UNIVERSITY OF NEBRASKA-LINCOLN          ,NE,68588-0419,Public       ,150,140,290,16949,6208,23157
00256596,UNIVERSITY OF NEBRASKA - CURTIS         ,NE,69025-9522,Public       ,1,3,4,285,65,350
00256600,WAYNE STATE COLLEGE                     ,NE,68787-1172,Public       ,18,34,52,3323,1046,4369
00256700,YORK COLLEGE                            ,NE,68467-2699,Private      ,2,6,8,597,150,747
00443600,REGNL WST MEDCL CTR SCHL RAD            ,NE,69361-0000,Private      ,0,0,0,28,27,55
00458608,KAPLAN UNIVERSITY - OMAHA               ,NE,68134-1002,Proprietary  ,21,161,182,259,1814,2073
00458609,KAPLAN UNIVERSITY - LINCOLN             ,NE,68508-2668,Proprietary  ,13,125,138,151,1074,1225
00639900,BRYANLGH COLLEGE OF HEALTH SCIENCES     ,NE,68506-1398,Private      ,5,15,20,484,493,977
00640400,NEBR METHODIST CLG OF NURS ALLD HLTH    ,NE,68114-2852,Private      ,6,37,43,537,1148,1685
00689500,UNIVERSITY OF NEBRASKA-MED CTR          ,NE,68198-4265,Public       ,11,57,68,741,2844,3585
00750100,VATTEROTT COLLEGE                       ,NE,68137-1237,Proprietary  ,13,95,108,293,1346,1639
00849200,ALEGENT HEALTH SCHOOLS                  ,NE,68114-2767,Private      ,1,8,9,90,363,453
00952300,BAHNER COLLEGE OF HAIRSTYLING           ,NE,68025-3297,Proprietary  ,2,2,4,34,51,85
00961700,CAPITOL BEAUTY SCHOOL                   ,NE,68144-0000,Proprietary  ,7,13,20,166,298,464
00974300,BELLEVUE UNIVERSITY                     ,NE,68005-0000,Private      ,39,820,859,942,9879,10821
00986200,CLARKSON COLLEGE                        ,NE,68131-2739,Private      ,11,61,72,598,1552,2150
01151900,JOSEPH'S COLLEGE OF BEAUTY/ALL CAMPUSES ,NE,68510-2226,Proprietary  ,11,40,51,175,450,625
01166700,NORTHEAST COMMUNITY COLLEGE             ,NE,68702-0000,Public       ,20,61,81,1978,1734,3712
01258600,METROPOLITAN COMMUNITY COLLEGE          ,NE,68103-0000,Public       ,246,1070,1316,6004,15269,21273
01297600,NEBRASKA CHRISTIAN COLLEGE              ,NE,68046-4256,Private      ,4,4,8,128,69,197
02079700,COLLEGE OF HAIR DESIGN                  ,NE,68508-0000,Proprietary  ,8,12,20,220,285,505
02099500,CENTRAL COMMUNITY COLLEGE- GI           ,NE,68801-0000,Public       ,20,91,111,770,1826,2596
02099501,CENTRAL COMMUNITY COLLEGE - HASTINGS    ,NE,68902-0000,Public       ,13,34,47,1120,1027,2147
02099502,CENTRAL COMMUNITY COLLEGE - COLUMBUS    ,NE,68602-0000,Public       ,9,44,53,576,675,1251
02508300,SOUTHEAST COMM. COLLEGE-ALL CAMPUSES    ,NE,68520-0000,Public       ,168,450,618,5306,7620,12926
02550800,NEBRASKA INDIAN COMMUNITY COLLEGE       ,NE,68039-0000,Public       ,1,18,19,32,159,191
02610500,XENON INTERNATIONAL ACADEMY II          ,NE,68127-3522,Proprietary  ,13,26,39,236,374,610
03164300,THE CREATIVE CENTER                     ,NE,68164-2911,Proprietary  ,2,7,9,168,132,300
03279300,MYOTHERAPY INSTITUTE                    ,NE,68516-0000,Proprietary  ,0,0,0,36,76,112
03323300,LITTLE PRIEST TRIBAL COLLEGE            ,NE,68071-0000,Private      ,9,21,30,37,136,173
03821400,UNIVERSAL COLLEGE OF HEALING ARTS       ,NE,68112-1810,Proprietary  ,0,11,11,27,167,194
00256800,UNIVERSITY OF NEVADA RENO               ,NV,89557-0002,Public       ,306,251,557,15005,7909,22914
00256900,UNIVERSITY OF NEVADA-LAS VEGAS          ,NV,89154-1001,Public       ,440,697,1137,20617,20413,41030
00697700,GREAT BASIN COLLEGE                     ,NV,89801-3348,Public       ,31,94,125,795,1614,2409
00732954,ITT TECHNICAL INSTITUTE                 ,NV,89014-6712,Proprietary  ,32,127,159,387,1126,1513
00736700,MARINELLO SCHOOLS OF BEAUTY             ,NV,89110-3563,Proprietary  ,24,45,69,260,558,818
00736701,MARINELLO SCHOOLS OF BEAUTY -           ,NV,89014-2244,Proprietary  ,12,41,53,105,274,379
00737100,MARINELLO SCHOOL OF BEAUTY              ,NV,89502-6530,Proprietary  ,14,54,68,182,487,669
00844103,ANTHEM INSTITUTE - MORRISON UNIVERSITY  ,NV,89521-4826,Proprietary  ,9,67,76,64,435,499
00919200,SIERRA NEVADA COLLEGE                   ,NV,89451-0000,Private      ,7,54,61,701,753,1454
01036200,COLLEGE OF SOUTHERN NEVADA              ,NV,89146-1139,Public       ,498,1407,1905,17663,30469,48132
01036300,WESTERN NEVADA COLLEGE                  ,NV,89703-0000,Public       ,49,123,172,1561,3527,5088
01323200,ACADEMY OF HAIR DESIGN                  ,NV,89146-1617,Proprietary  ,22,48,70,274,508,782
02107700,TRUCKEE MEADOWS COMMUNITY CLG           ,NV,89512-0000,Public       ,209,480,689,5100,9458,14558
02237500,EVEREST COLLEGE                         ,NV,89103-0000,Proprietary  ,56,271,327,923,2696,3619
02338512,GLENDALE CAREER COLLEGE - NEVADA CAREER ,NV,89131-3268,Proprietary  ,2,24,26,76,373,449
02616703,SCOTTSDALE CULINARY INSTITUTE - LE CORDO,NV,89144-7047,Proprietary  ,9,33,42,236,621,857
02621500,CAREER COLLEGE OF NORTHERN NEVADA       ,NV,89434-7905,Proprietary  ,29,130,159,263,1030,1293
03030603,UTAH CLG OF MASSAGE THERAPY-NSMT        ,NV,89123-0000,Proprietary  ,16,57,73,192,488,680
03031405,INTERNATIONAL ACADEMY OF DESIGN AND TECH,NV,89074-7750,Proprietary  ,30,51,81,436,713,1149
03043200,KAPLAN COLLEGE                          ,NV,89102-8618,Proprietary  ,73,295,368,816,3231,4047
03076404,BRYMAN SCHOOL OF ARIZONA (THE) - ANTHEM ,NV,89102-4514,Proprietary  ,18,45,63,102,267,369
03088200,CARSON CITY BEAUTY ACADEMY              ,NV,89706-0000,Proprietary  ,4,32,36,59,229,288
03232306,EUPHORIA INSTITUTE - SUMMERLIN          ,NV,89117-8803,Proprietary  ,12,32,44,189,413,602
03232307,EUPHORIA INSTITUTE - GREEN VALLEY       ,NV,89052-4964,Proprietary  ,4,27,31,97,257,354
03232308,EUPHORIA INSTITUTE - ALIANTE            ,NV,89131-1036,Proprietary  ,16,20,36,183,341,524
03787300,EXPERTISE SCHOOL OF BEAUTY              ,NV,89106-2516,Private      ,11,44,55,114,340,454
03838500,NORTHWEST HEALTH CAREERS                ,NV,89128-0255,Proprietary  ,18,82,100,268,864,1132
03975300,INSTITUTE OF PROFESSIONAL CAREERS       ,NV,89119-7825,Proprietary  ,11,56,67,181,565,746
04051303,ART INSTITUTE OF PHOENIX (THE) - ART INS,NV,89074-7737,Proprietary  ,16,30,46,558,595,1153
04065300,UNIVERSITY OF SOUTHERN NEVADA           ,NV,89014-2333,Private      ,13,55,68,606,2426,3032
04114300,NEVADA STATE COLLEGE                    ,NV,89002-9455,Public       ,40,157,197,2031,4102,6133
04142601,TOURO UNIVERSITY - NEVADA               ,NV,89014-8800,Private      ,4,29,33,79,1052,1131
04144800,INTERNATIONAL ACADEMY OF STYLE          ,NV,89509-3450,Proprietary  ,5,25,30,80,222,302
04147600,AVEDA INSTITUTE LAS VEGAS               ,NV,89119-6103,Proprietary  ,17,42,59,174,457,631
04171000,ADVANCED TRAINING INSTITUTE             ,NV,89115-7504,Proprietary  ,18,140,158,148,831,979
04186300,PAUL MITCHELL THE SCHOOL LAS VEGAS      ,NV,89123-8014,Proprietary  ,21,36,57,331,529,860
04190300,AMERICAN INSTITUTE OF MEDICAL SONOGRAPHY,NV,89146-6597,Proprietary  ,11,60,71,143,682,825
04191100,DESTINATION ACADEMY FOR SPA AND SALON PR,NV,89147-8397,Proprietary  ,5,21,26,61,214,275
04203100,PAUL MITCHELL THE SCHOOL RENO           ,NV,89501-3356,Proprietary  ,12,24,36,192,295,487
00257200,COLBY-SAWYER COLLEGE                    ,NH,03257-4648,Private      ,12,5,17,2948,155,3103
00257300,DARTMOUTH COLLEGE                       ,NH,03755-3529,Private      ,76,20,96,12634,2049,14683
00257500,FRANKLIN PIERCE UNIVERSITY              ,NH,03461-0060,Private      ,27,64,91,3451,1348,4799
00257900,NEW ENGLAND COLLEGE                     ,NH,03242-3293,Private      ,38,242,280,2104,1651,3755
00258000,SOUTHERN NEW HAMPSHIRE UNIVERSITY       ,NH,03106-1045,Private      ,228,2245,2473,6990,18461,25451
00258100,NHTI  - CONCORD'S COMMUNITY COLLEGE     ,NH,03301-7412,Public       ,55,98,153,2997,2379,5376
00258200,MANCHESTER COMMUNITY COLLEGE            ,NH,03102-8518,Public       ,41,112,153,1532,2113,3645
00258300,GREAT BAY COMMUNITY COLLEGE             ,NH,03801-0000,Public       ,30,74,104,1137,1482,2619
00258600,RIVIER COLLEGE                          ,NH,03060-5086,Private      ,8,67,75,1461,1350,2811
00258700,SAINT ANSELM COLLEGE                    ,NH,03102-1310,Private      ,17,9,26,4402,229,4631
00258900,UNIVERSITY OF NEW HAMPSHIRE             ,NH,03824-2511,Public       ,128,91,219,21669,3953,25622
00259000,KEENE STATE COLLEGE                     ,NH,03431-0000,Public       ,55,22,77,8514,847,9361
00259100,PLYMOUTH STATE UNIVERSITY               ,NH,03264-1595,Public       ,34,78,112,7066,1807,8873
00301004,ANTIOCH UNIVERSITY                      ,NH,03431-0000,Private      ,1,14,15,7,890,897
00472900,HESSER COLLEGE                          ,NH,03103-7230,Proprietary  ,20,105,125,480,1370,1850
00472901,HESSER COLLEGE - NASHUA CAMPUS          ,NH,03063-1286,Proprietary  ,12,42,54,173,621,794
00472904,HESSER COLLEGE - PORTSMOUTH CAMPUS      ,NH,03801-3245,Proprietary  ,9,49,58,173,705,878
00472905,HESSER COLLEGE - SALEM CAMPUS           ,NH,03079-2842,Proprietary  ,15,47,62,195,710,905
00472906,HESSER COLLEGE - CONCORD CAMPUS         ,NH,03301-3415,Proprietary  ,8,42,50,111,552,663
00473100,DANIEL WEBSTER COLLEGE                  ,NH,03063-1300,Proprietary  ,11,49,60,810,444,1254
00473300,CHESTER COLLEGE OF NEW ENGLAND          ,NH,03036-4331,Private      ,0,0,0,180,41,221
00529100,WHITE MOUNTAINS COMMUNITY COLLEGE       ,NH,03570-3799,Public       ,4,39,43,414,689,1103
00702500,LEBANON COLLEGE                         ,NH,03766-0000,Private      ,2,9,11,39,119,158
00755500,LAKES REGION COMMUNITY COLLEGE          ,NH,03246-1326,Public       ,23,49,72,771,823,1594
00756000,RIVER VALLEY COMMUNITY COLLEGE          ,NH,03743-9707,Public       ,9,47,56,412,995,1407
00849300,CONTINENTAL ACADEMIE OF HAIR DESIGN     ,NH,03103-4901,Proprietary  ,0,0,0,8,15,23
00864500,EMPIRE BEAUTY SCHOOL                    ,NH,03220-0000,Proprietary  ,11,18,29,120,162,282
00923600,NASHUA COMMUNITY COLLEGE                ,NH,03063-2052,Public       ,28,49,77,1264,1275,2539
01318900,CONTINENTAL ACADEMIE OF HAIR DESIGN     ,NH,03051-3754,Proprietary  ,3,7,10,63,55,118
02097900,UNIVERSITY NEW HAMPSHIRE SCHOOL OF LAW  ,NH,03301-0000,Private      ,0,5,5,30,676,706
02140400,ST JOSEPH SCH OF PRAC NRSG              ,NH,03060-0000,Private      ,3,14,17,62,264,326
02174800,MICHAEL'S SCHOOL OF HAIR DESIGN & ESTHET,NH,03110-0000,Proprietary  ,10,22,32,128,125,253
02179600,EMPIRE BEAUTY SCHOOL                    ,NH,03878-0000,Proprietary  ,10,21,31,120,188,308
02211600,PORTSMOUTH BTY SCH OF HAIR DESIGN       ,NH,03801-4084,Proprietary  ,2,1,3,14,31,45
02223300,MAGDALEN COLLEGE                        ,NH,03278-4012,Private      ,0,0,0,52,5,57
02245400,KEENE BEAUTY ACADEMY                    ,NH,03431-0000,Proprietary  ,1,3,4,46,57,103
02247000,NEW ENGLAND SCHOOL OF HAIR DESIGN       ,NH,03784-0000,Proprietary  ,2,4,6,43,58,101
03043100,THOMAS MORE COLLEGE OF LIBERAL ARTS     ,NH,03054-4818,Private      ,1,0,1,117,31,148
03101300,GRANITE STATE COLLEGE                   ,NH,03301-6400,Public       ,14,188,202,470,2480,2950
03182300,NEW HAMPSHIRE INSTITUTE OF ART          ,NH,03104-4858,Private      ,3,11,14,756,152,908
03437300,UPPER VALLEY TEACHER TRANING PROGRAM    ,NH,03766-1358,Private      ,0,1,1,3,45,48
03729300,NH INSTITUTE FOR THERAPEUTIC ARTS       ,NH,03051-4906,Proprietary  ,0,1,1,20,48,68
04162200,LAIRD INSTITUTE OF SPA THERAPY          ,NH,03102-5263,Proprietary  ,3,18,21,16,86,102
00267000,BAPTIST BIBLE COLG OF PENNSYLVANIA      ,PA,18411-1297,Private      ,2,22,24,668,458,1126
00322800,BRYN ATHYN COLLEGE OF THE NEW CHURCH    ,PA,19009-0717,Private      ,1,0,1,280,47,327
00322900,ALBRIGHT COLLEGE                        ,PA,19612-5234,Private      ,51,73,124,4023,1455,5478
00323000,ALLEGHENY COLLEGE                       ,PA,16335-3902,Private      ,25,7,32,3989,162,4151
00323100,COMM CLG OF ALLEGHENY-ALLEGHENY CMP     ,PA,15212-0000,Public       ,94,388,482,3794,7297,11091
00323101,"COMM CLG OF ALLEGHENY, BOYCE CAMPUS     ",PA,15146-0000,Public       ,25,138,163,1652,2863,4515
00323102,"COMM CLG OF ALLEGHENY, NORTH CAMPUS     ",PA,15237-0000,Public       ,51,180,231,2051,2970,5021
00323103,"COMM CLG OF ALLEGHENY, SOUTH CAMPUS     ",PA,15122-0000,Public       ,42,154,196,2020,2809,4829
00323300,ALVERNIA UNIVERSITY                     ,PA,19607-1799,Private      ,19,69,88,2642,1803,4445
00323500,ARCADIA UNIVERSITY                      ,PA,19038-3295,Private      ,53,59,112,6417,2428,8845
00323700,BRYN MAWR COLLEGE                       ,PA,19010-2899,Private      ,7,13,20,1977,681,2658
00323800,BUCKNELL UNIVERSITY                     ,PA,17837-2122,Private      ,27,4,31,5643,222,5865
00323900,BUCKS COUNTY COMMUNITY COLLEGE          ,PA,18940-1320,Public       ,106,244,350,4580,4700,9280
00324000,BUTLER COUNTY COMMUNITY COLLEGE         ,PA,16001-0000,Public       ,49,93,142,2170,2222,4392
00324100,CABRINI COLLEGE                         ,PA,19087-3698,Private      ,16,79,95,2301,1421,3722
00324200,CARNEGIE MELLON UNIVERSITY              ,PA,15213-3890,Private      ,80,38,118,13395,1998,15393
00324201,CARNEGIE MELLON UNIV- THE HEINZ COLLEGE ,PA,15213-0000,Private      ,2,21,23,136,744,880
00324202,CARNEGIE MELLON- TEPPER SCHOOL OF BUSINE,PA,15213-0000,Private      ,3,15,18,261,594,855
00324300,CEDAR CREST COLLEGE                     ,PA,18104-6196,Private      ,14,51,65,1157,1551,2708
00324400,CHATHAM UNIVERSITY                      ,PA,15232-2826,Private      ,3,38,41,847,2095,2942
00324500,CHESTNUT HILL COLLEGE                   ,PA,19118-2693,Private      ,25,83,108,2114,2741,4855
00324700,MISERICORDIA  UNIVERSITY                ,PA,18612-1008,Private      ,22,33,55,2780,1532,4312
00324900,COMMUNITY COLLEGE OF PHILADELPHIA       ,PA,19130-3991,Public       ,257,930,1187,13890,24661,38551
00325100,CURTIS INSTITUTE OF MUSIC               ,PA,19103-6187,Private      ,0,3,3,318,156,474
00325200,DELAWARE VALLEY COLLEGE                 ,PA,18901-2697,Private      ,14,26,40,2443,571,3014
00325300,DICKINSON COLLEGE                       ,PA,17013-2896,Private      ,25,4,29,3824,182,4006
00325600,DREXEL UNIVERSITY                       ,PA,19104-2875,Private      ,348,718,1066,33993,21087,55080
00325800,DUQUESNE UNIVERSITY                     ,PA,15282-0001,Private      ,48,87,135,8186,4445,12631
00325900,EASTERN UNIVERSITY                      ,PA,19087-3696,Private      ,20,138,158,2446,3056,5502
00326200,ELIZABETHTOWN COLLEGE                   ,PA,17022-2298,Private      ,15,36,51,3301,771,4072
00326300,EVANGELICAL SCHOOL OF THEOLOGY          ,PA,17067-0000,Private      ,0,0,0,1,98,99
00326500,FRANKLIN & MARSHALL COLLEGE             ,PA,17604-0000,Private      ,26,5,31,3583,193,3776
00326600,GANNON UNIVERSITY                       ,PA,16541-0001,Private      ,29,41,70,4020,1629,5649
00326700,GENEVA COLLEGE                          ,PA,15010-3599,Private      ,14,41,55,2008,1089,3097
00326800,GETTYSBURG COLLEGE                      ,PA,17325-1486,Private      ,22,8,30,4516,205,4721
00326900,GROVE CITY COLLEGE                      ,PA,16127-2104,Private      ,10,2,12,1890,57,1947
00327000,GWYNEDD-MERCY COLLEGE                   ,PA,19437-0901,Private      ,12,90,102,1873,1842,3715
00327200,HARCUM COLLEGE                          ,PA,19010-3476,Private      ,22,45,67,1029,1902,2931
00327300,HARRISBURG AREA COMMUNITY COLLEGE       ,PA,17110-2999,Public       ,202,740,942,10456,18037,28493
00327400,HAVERFORD COLLEGE                       ,PA,19041-1392,Private      ,14,0,14,2346,54,2400
00327500,HOLY FAMILY UNIVERSITY                  ,PA,19114-2094,Private      ,15,51,66,2363,2392,4755
00327600,IMMACULATA UNIVERSITY                   ,PA,19345-0647,Private      ,16,73,89,1826,2111,3937
00327700,INDIANA UNIVERSITY OF PENNSYLVANIA      ,PA,15705-1097,Public       ,131,107,238,16078,4417,20495
00327900,JUNIATA COLLEGE                         ,PA,16652-2196,Private      ,15,3,18,2459,103,2562
00328000,KEYSTONE COLLEGE                        ,PA,18440-0200,Private      ,18,19,37,1807,878,2685
00328200,KINGS COLLEGE                           ,PA,18711-0801,Private      ,32,14,46,3567,682,4249
00328300,LACKAWANNA COLLEGE                      ,PA,18509-9961,Private      ,39,62,101,2050,1364,3414
00328400,LAFAYETTE COLLEGE                       ,PA,18042-1768,Private      ,28,3,31,4610,165,4775
00328500,LANCASTER BIBLE COLLEGE                 ,PA,17601-5036,Private      ,13,103,116,881,1196,2077
00328600,LANCASTER THEOLOGICAL SEMINARY          ,PA,17603-0000,Private      ,1,7,8,7,123,130
00328700,LASALLE UNIVERSITY                      ,PA,19141-1199,Private      ,73,142,215,6895,5013,11908
00328800,LEBANON VALLEY COLLEGE                  ,PA,17003-1400,Private      ,18,12,30,2901,311,3212
00328900,LEHIGH UNIVERSITY                       ,PA,18015-1588,Private      ,49,38,87,9044,1104,10148
00329000,LINCOLN UNIVERSITY                      ,PA,19352-0999,Public       ,44,44,88,4158,1495,5653
00329100,LUTHERAN THEOLOG SEMINARY-GETTYSBRG     ,PA,17325-0000,Private      ,0,1,1,2,110,112
00329200,LUTHERAN THEOLOGICAL SEMINARY           ,PA,19119-0000,Private      ,0,8,8,2,225,227
00329300,LYCOMING COLLEGE                        ,PA,17701-5192,Private      ,10,2,12,2088,176,2264
00329400,MANOR COLLEGE                           ,PA,19046-3399,Private      ,14,15,29,853,724,1577
00329600,MARYWOOD UNIVERSITY                     ,PA,18509-1598,Private      ,21,38,59,3117,1751,4868
00329700,MERCYHURST COLLEGE                      ,PA,16546-0001,Private      ,49,88,137,4563,2147,6710
00329800,MESSIAH COLLEGE                         ,PA,17027-0000,Private      ,21,22,43,3693,420,4113
00330000,MOORE COLLEGE OF ART & DESIGN           ,PA,19103-1179,Private      ,9,25,34,802,427,1229
00330100,MORAVIAN COLLEGE                        ,PA,18018-6650,Private      ,14,15,29,2469,429,2898
00330101,MORAVIAN THEOLOGICAL SEMINARY           ,PA,18018-0000,Private      ,0,3,3,14,85,99
00330200,MOUNT ALOYSIUS COLLEGE                  ,PA,16630-1999,Private      ,9,17,26,1456,923,2379
00330300,CARLOW UNIVERSITY                       ,PA,15213-3165,Private      ,14,53,67,1373,2242,3615
00330400,MUHLENBERG COLLEGE                      ,PA,18104-5586,Private      ,14,27,41,4152,458,4610
00330600,VALLEY FORGE CHRISTIAN COLLEGE          ,PA,19460-2399,Private      ,7,7,14,916,302,1218
00330900,PEIRCE COLLEGE                          ,PA,19102-4699,Private      ,26,128,154,635,3193,3828
00331100,SALUS UNIVERSITY                        ,PA,19027-1598,Private      ,0,5,5,19,1105,1124
00331300,WIDENER UNIVERSITY                      ,PA,19013-5792,Private      ,49,71,120,4971,2947,7918
00331302,WIDENER UNIV SCH OF LAW- HARRISBURG     ,PA,17106-9381,Private      ,0,6,6,23,822,845
00331500,BLOOMSBURG UNIVERSITY OF PA             ,PA,17815-1301,Public       ,152,41,193,12937,2254,15191
00331600,CALIFORNIA UNIV OF PENNSYLVANIA         ,PA,15419-1394,Public       ,67,200,267,7243,5045,12288
00331700,CHEYNEY UNIVERSITY OF PENNSYLVANIA      ,PA,19319-0200,Public       ,30,27,57,2443,1208,3651
00331800,CLARION UNIVERSITY OF PENNSYLVANIA      ,PA,16214-1232,Public       ,42,90,132,5482,2738,8220
00332000,EAST STROUDSBURG UNIVERSITY             ,PA,18301-2999,Public       ,103,54,157,8378,2151,10529
00332100,EDINBORO UNIVERSITY OF PENNSYLVANIA     ,PA,16444-0001,Public       ,67,103,170,6616,3417,10033
00332200,KUTZTOWN UNIVERSITY OF PENNSYLVANIA     ,PA,19530-9339,Public       ,87,61,148,12565,2521,15086
00332300,LOCK HAVEN UNIV OF PENNSYLVANIA         ,PA,17745-2439,Public       ,60,58,118,6476,1586,8062
00332400,MANSFIELD UNIVERSITY                    ,PA,16933-1123,Public       ,45,34,79,3285,1075,4360
00332500,MILLERSVILLE UNIVERSITY OF PA           ,PA,17551-1800,Public       ,64,78,142,9745,2772,12517
00332600,SHIPPENSBURG UNIVERSITY                 ,PA,17257-2299,Public       ,65,52,117,8938,1883,10821
00332700,SLIPPERY ROCK UNIVERSITY                ,PA,16057-1326,Public       ,58,49,107,9245,2316,11561
00332800,WEST CHESTER UNIVERSITY                 ,PA,19383-0001,Public       ,221,155,376,18764,5275,24039
00332900,PENN STATE UNIVERSITY                   ,PA,16802-1503,Public       ,1189,987,2176,77194,30474,107668
00335000,UNIVERSITY OF THE ARTS (THE)            ,PA,19102-9493,Private      ,35,21,56,3529,968,4497
00335100,CAIRN UNIVERSITY                        ,PA,19047-2942,Private      ,3,22,25,871,602,1473
00335200,PHILADELPHIA CLG OSTEOPATHIC MED        ,PA,19131-0000,Private      ,0,22,22,36,3442,3478
00335300,UNIVERSITY OF THE SCIENCES IN PHILADELPH,PA,19104-4495,Private      ,34,31,65,3800,1532,5332
00335400,PHILADELPHIA UNIVERSITY                 ,PA,19144-5497,Private      ,44,74,118,4688,2505,7193
00335600,PITTSBURGH THEOLOGICAL SEMINARY         ,PA,15206-0000,Private      ,0,10,10,6,227,233
00335700,POINT PARK UNIVERSITY                   ,PA,15222-1912,Private      ,34,77,111,3825,2601,6426
00335800,REFORMED PRESBYTERIAN THEOL SEMINAR     ,PA,15208-0000,Private      ,0,0,0,0,26,26
00335900,ROBERT MORRIS UNIVERSITY                ,PA,15108-1189,Private      ,44,105,149,5266,2410,7676
00336000,ROSEMONT COLLEGE                        ,PA,19010-1699,Private      ,9,25,34,751,683,1434
00336200,SETON HILL UNIVERSITY                   ,PA,15601-1599,Private      ,25,23,48,2263,1043,3306
00336400,ST. CHARLES BORROMEO SEMINARY           ,PA,19096-0000,Private      ,0,3,3,40,48,88
00336600,SAINT FRANCIS UNIVERSITY                ,PA,15940-0600,Private      ,15,30,45,2139,822,2961
00336700,SAINT JOSEPH'S UNIVERSITY               ,PA,19131-1395,Private      ,70,261,331,7632,4298,11930
00336800,ST VINCENT COLLEGE                      ,PA,15650-2690,Private      ,15,12,27,2087,340,2427
00336900,SUSQUEHANNA UNIVERSITY                  ,PA,17870-1001,Private      ,19,1,20,3367,124,3491
00337000,SWARTHMORE COLLEGE                      ,PA,19081-1397,Private      ,19,3,22,4189,119,4308
00337100,TEMPLE UNIVERSITY                       ,PA,19122-6003,Private      ,421,412,833,36127,22175,58302
00337600,THIEL COLLEGE                           ,PA,16125-2181,Private      ,12,5,17,1883,161,2044
00337800,UNIVERSITY OF PENNSYLVANIA              ,PA,19104-6216,Private      ,156,267,423,22065,14332,36397
00337900,UNIVERSITY OF PITTSBURGH                ,PA,15260-0000,Public       ,246,273,519,29987,11881,41868
00337906,UNIVERSITY OF PITTSBURGH - SCHOOL OF MED,PA,15261-0001,Public       ,1,7,8,259,1055,1314
00337907,UNIVERSITY OF PITTSBURGH - SCHOOL OF DEN,PA,15261-2523,Public       ,0,2,2,95,418,513
00338400,UNIVERSITY OF SCRANTON                  ,PA,18510-4622,Private      ,54,96,150,8350,2105,10455
00338500,URSINUS COLLEGE                         ,PA,19426-1000,Private      ,14,7,21,3217,141,3358
00338600,VALLEY FORGE MILITARY COLLEGE           ,PA,19087-3695,Private      ,9,2,11,366,67,433
00338800,VILLANOVA UNIVERSITY                    ,PA,19085-1699,Private      ,76,179,255,12698,3255,15953
00338801,VILLANOVA UNIV SCH OF LAW               ,PA,19085-0000,Private      ,2,6,8,50,1542,1592
00338900,WASHINGTON & JEFFERSON COLLEGE          ,PA,15301-4801,Private      ,16,3,19,2811,131,2942
00339100,WAYNESBURG UNIVERSITY                   ,PA,15370-1222,Private      ,9,47,56,2174,886,3060
00339200,WESTMINSTER COLLEGE                     ,PA,16172-0002,Private      ,12,4,16,2523,136,2659
00339300,WESTMINSTER THEOLOGICAL SEMINARY        ,PA,19038-0000,Private      ,1,5,6,8,364,372
00339400,WILKES UNIVERSITY                       ,PA,18766-0998,Private      ,31,73,104,3554,1473,5027
00339500,PENNSYLVANIA COLLEGE OF TECHNOLOGY      ,PA,17701-5779,Public       ,28,53,81,5432,2557,7989
00339600,WILSON COLLEGE                          ,PA,17201-1285,Private      ,2,18,20,462,456,918
00339900,YORK COLLEGE OF PENNSYLVANIA            ,PA,17405-7199,Private      ,91,49,140,9023,1693,10716
00398600,DESALES UNIVERSITY                      ,PA,18034-9568,Private      ,21,92,113,2730,1733,4463
00398700,LA ROCHE COLLEGE                        ,PA,15237-5898,Private      ,12,22,34,1390,707,2097
00398800,NEUMANN UNIVERSITY                      ,PA,19014-1298,Private      ,35,58,93,3675,1532,5207
00405800,GRATZ COLLEGE                           ,PA,19027-3097,Private      ,0,12,12,3,148,151
00445200,MONTGOMERY COUNTY COMMUNITY COLLEGE     ,PA,19422-6300,Public       ,120,342,462,5779,6928,12707
00488900,CAMBRIA-ROWE BUSINESS COLLEGE           ,PA,15902-2494,Proprietary  ,13,39,52,161,350,511
00489000,CENTRAL PENNSYLVANIA COLLEGE            ,PA,17093-0309,Proprietary  ,25,102,127,929,1664,2593
00489300,DU BOIS BUSINESS COLLEGE                ,PA,15801-2401,Proprietary  ,3,27,30,150,306,456
00489400,ERIE BUSINESS CENTER                    ,PA,16501-1305,Proprietary  ,12,42,54,109,435,544
00489401,ERIE BUSINESS CENTER - NEW CASTLE CAMPUS,PA,16101-3950,Proprietary  ,4,13,17,45,131,176
00489800,MCCANN SCHOOL OF BUSINESS & TECHNOL     ,PA,17901-1335,Proprietary  ,139,694,833,1727,5753,7480
00489807,MCCANN SCHOOL OF BUSINESS & TECHNOLOGY -,PA,17013-3180,Proprietary  ,3,7,10,61,180,241
00489900,MERCY HOSP SCH OF NURSING               ,PA,15219-5166,Private      ,1,8,9,163,283,446
00490100,NEWPORT BUSINESS INSTITUTE              ,PA,15068-3929,Proprietary  ,2,13,15,38,93,131
00490200,PENN COMMERCIAL BUSINESS/TECHNICAL SCHL ,PA,15301-2871,Proprietary  ,12,53,65,273,478,751
00491000,KAPLAN CAREER INSTITUTE                 ,PA,17111-3571,Proprietary  ,17,97,114,287,1063,1350
00491001,THOMPSON INSTITUTE-PHILADEPHIA CAMPUS   ,PA,19104-3386,Proprietary  ,42,156,198,382,1139,1521
00491400,NEWPORT BUSINESS INSTITUTE              ,PA,17701-5855,Proprietary  ,1,12,13,18,153,171
00500701,WEST VIRGINIA CAREER INSTITUTE          ,PA,15456-0000,Proprietary  ,4,15,19,64,140,204
00531000,PITTSBURGH INST OF AERONAUTICS          ,PA,15236-0000,Private      ,11,19,30,370,288,658
00533000,FAYETTE CNTY AREA VOC TECH PRC NRSG     ,PA,15401-0000,Public       ,6,12,18,40,124,164
00533500,CENTRAL PENN INST OF SCI & TECH PNP     ,PA,16823-0000,Public       ,8,18,26,126,247,373
00536500,YORK CO AREA VOC-TECH SCH-PRAC NSG      ,PA,17402-0000,Public       ,4,30,34,103,461,564
00653400,CITIZENS SCHOOL OF NURSING              ,PA,15068-6591,Private      ,0,5,5,103,191,294
00653700,CONEMAUGH VLY MEM HOSP SCH NRSNG        ,PA,15905-4398,Private      ,1,2,3,104,142,246
00653702,CONEMAUGH HOSP- SCH HISTOTECHNOLOGY     ,PA,15905-0000,Private      ,0,0,0,14,23,37
00653704,CONEMAUGH VLY MEM HOSP SCH RAD TECH     ,PA,15905-0000,Private      ,0,1,1,30,32,62
00653706,CONEMAUGH VLY MEM HOSP SCH  MED TECH    ,PA,15905-4398,Private      ,0,1,1,7,29,36
00655100,ST MARGARET SCHL OF NURSING             ,PA,15238-3205,Private      ,4,12,16,103,266,369
00656000,OHIO VALLEY HOSP SCH OF NURSING         ,PA,15136-1694,Private      ,0,1,1,24,71,95
00656500,READING HOSPITAL SCHOOL OF HEALTH SCIENC,PA,19611-1744,Private      ,1,15,16,282,545,827
00657400,"ST LUKE'S HOSPITAL OF BETHLEHEM, PA     ",PA,18015-1065,Private      ,0,9,9,86,311,397
00657600,SEWICKLEY VALLEY HOSP SCH NRSNG         ,PA,15143-1498,Private      ,0,0,0,36,76,112
00657700,UPMC SHADYSIDE SCHOOL OF NURSING        ,PA,15232-1381,Private      ,1,15,16,208,490,698
00657800,SHARON REGIONAL SCHOOL OF NURSING       ,PA,16146-3395,Private      ,1,3,4,31,74,105
00658200,WASHINGTON HOSP SCH OF NURSING          ,PA,15301-3398,Private      ,0,3,3,69,168,237
00658202,WASHINGTON HOSP SCH OF RAD TECH         ,PA,15301-3398,Private      ,0,0,0,23,17,40
00658300,WESTERN PENN HOSP-SCH OF NURSING        ,PA,15224-1790,Private      ,2,4,6,140,222,362
00680700,COMMUNITY COLLEGE OF BEAVER COUNTY      ,PA,15061-2588,Public       ,16,66,82,1428,1760,3188
00681000,LEHIGH CARBON COMMUNITY COLLEGE         ,PA,18078-2598,Public       ,40,203,243,3620,4753,8373
00681100,LUZERNE COUNTY COMMUNITY COLLEGE        ,PA,18634-3899,Public       ,57,170,227,3701,4287,7988
00708700,ABINGTON MEM HOSP SCHL OF NURSING       ,PA,19090-1284,Private      ,1,12,13,157,457,614
00709100,EVEREST INSTITUTE                       ,PA,15222-1320,Proprietary  ,32,146,178,245,1101,1346
00711000,DELAWARE COUNTY COMMUNITY COLLEGE       ,PA,19063-1094,Public       ,136,395,531,7014,9972,16986
00719100,NORTHAMPTON COMMUNITY COLLEGE           ,PA,18020-7599,Public       ,108,317,425,7125,7298,14423
00730305,LINCOLN TECHNICAL INSTITUTE - PHILADELPH,PA,19136-1530,Proprietary  ,36,48,84,534,714,1248
00732955,ITT TECHNICAL INSTITUTE                 ,PA,19406-1212,Proprietary  ,24,100,124,249,598,847
00743000,ANTONELLI INST OF ART & PHOTOGRAPHY     ,PA,19038-8242,Proprietary  ,1,2,3,248,72,320
00743600,KAPLAN CAREER INSTITUTE - ICM CAMPUS    ,PA,15222-1977,Proprietary  ,36,118,154,324,1153,1477
00743700,PITTSBURGH TECHNICAL INSTITUTE          ,PA,15071-3205,Proprietary  ,38,72,110,2318,1234,3552
00746900,"HUSSIAN SCHOOL OF ART, INC.             ",PA,19106-0000,Proprietary  ,1,1,2,150,66,216
00747000,"ART INSTITUTE OF PITTSBURGH, THE        ",PA,15219-1328,Proprietary  ,670,3106,3776,6499,22247,28746
00752900,"CHESTER COUNTY INTERMEDIATE UNIT, PNP   ",PA,19335-3043,Public       ,4,17,21,39,190,229
00775900,LINCOLN TECHNICAL INSTITUTE             ,PA,18104-3298,Proprietary  ,26,127,153,390,894,1284
00777900,LANSDALE SCHOOL OF BUSINESS             ,PA,19454-4114,Proprietary  ,10,47,57,124,546,670
00778000,NEW CASTLE SCHOOL OF TRADES             ,PA,16143-0000,Proprietary  ,46,149,195,386,1053,1439
00778100,CHI INSTITUTE/RETS CAMPUS               ,PA,19008-3516,Proprietary  ,30,114,144,237,686,923
00783900,TRIANGLE TECH                           ,PA,15214-3897,Proprietary  ,26,51,77,277,461,738
00791200,THADDEUS STEVENS CLG OF TECHNOLOGY      ,PA,17602-0000,Public       ,17,21,38,1330,638,1968
00791600,FRANKLIN CNTY CAREER & TECH CTR-PNP     ,PA,17201-0000,Public       ,0,2,2,30,129,159
00820000,JAMESON MEMORIAL HOSP SCH NURSING       ,PA,16105-2595,Private      ,1,2,3,48,112,160
00835000,ART INSTITUTE OF PHILADELPHIA           ,PA,19103-5198,Proprietary  ,87,214,301,3857,3315,7172
00844100,ANTHEM INSTITUTE                        ,PA,19064-1243,Proprietary  ,66,142,208,291,1002,1293
00856800,VET TECH INSTITUTE                      ,PA,15222-3400,Proprietary  ,4,6,10,385,219,604
00865300,JEFFERSON CO DUBOIS VOC TECH-PR NSG     ,PA,15851-0000,Public       ,0,1,1,25,64,89
00895500,PRUONTOS HAIR DESIGN INSTITUTE          ,PA,16602-0000,Proprietary  ,1,4,5,24,43,67
00915705,WYOMING TECHNICAL INSTITUTE - BLAIRSVILL,PA,15717-8060,Proprietary  ,145,136,281,1572,1355,2927
00918600,DEAN INSTITUTE OF TECHNOLOGY            ,PA,15226-1197,Proprietary  ,7,32,39,77,206,283
00944900,PENNCO TECH                             ,PA,19007-0000,Proprietary  ,51,143,194,306,719,1025
00966400,EMPIRE BEAUTY SCHOOL                    ,PA,18052-5730,Proprietary  ,35,49,84,221,501,722
00966500,EMPIRE BEAUTY SCHOOL                    ,PA,17109-2210,Proprietary  ,12,37,49,112,278,390
00966600,EMPIRE BEAUTY SCHOOL                    ,PA,19605-2803,Proprietary  ,24,46,70,140,386,526
00972100,BRADFORD SCHOOL                         ,PA,15219-2602,Proprietary  ,2,11,13,606,242,848
00972300,ARIA HEALTH SCHOOL OF NURSING           ,PA,19053-6939,Private      ,2,14,16,254,720,974
00978300,GORDON PHILLIPS SCH OF BEAUTY CULT      ,PA,19135-0000,Proprietary  ,21,53,74,258,499,757
00986300,LANCASTER GENERAL COLLEGE OF NURSING AND,PA,17602-4955,Private      ,6,29,35,688,1324,2012
01000600,GREATER JOHNSTOWN AREA VOC TECH SCH     ,PA,15904-0000,Public       ,6,21,27,110,315,425
01005500,CRAWFORD CNTY AREA VO-TECH PRAC NUR     ,PA,16335-0000,Public       ,0,2,2,21,35,56
01017600,WESTMORELAND COUNTY COMMUNITY CLG       ,PA,15697-1895,Public       ,85,256,341,3179,4130,7309
01038800,READING AREA COMMUNITY COLLEGE          ,PA,19603-1706,Public       ,109,413,522,2635,5198,7833
01054100,EMPIRE BEAUTY SCHOOL                    ,PA,15146-2229,Proprietary  ,11,46,57,143,334,477
01054200,EMPIRE BEAUTY SCHOOL                    ,PA,18701-0000,Proprietary  ,11,46,57,185,335,520
01054300,EMPIRE BEAUTY SCHOOL                    ,PA,17701-3914,Proprietary  ,10,24,34,79,233,312
01081400,PITTSBURGH INST MORTUARY SCIENCE        ,PA,15206-3706,Private      ,4,22,26,131,380,511
01086000,GREATER ALTOONA CAREER/TECH CENTER      ,PA,16602-0000,Public       ,0,8,8,99,314,413
01096300,GREENE COUNTY VOC-TECH SCHOOL           ,PA,15370-0000,Public       ,0,0,0,17,34,51
01097000,EMPIRE BEAUTY SCHOOL                    ,PA,17042-5209,Proprietary  ,1,8,9,35,86,121
01099800,PENNSYLVANIA INSTITUTE OF TECH          ,PA,19063-4098,Private      ,37,91,128,536,1100,1636
01102000,EMPIRE BEAUTY SCHOOL                    ,PA,17604-4335,Proprietary  ,13,46,59,188,430,618
01102100,EMPIRE BEAUTY SCHOOL                    ,PA,17402-2862,Proprietary  ,14,43,57,138,391,529
01162100,AUTOMOTIVE TRAINING CENTER              ,PA,19341-1310,Proprietary  ,90,56,146,1212,640,1852
01162200,WELDER TRAINING & TESTING INST          ,PA,18109-3253,Proprietary  ,6,18,24,45,160,205
01163800,EMPIRE BEAUTY SCHOOL                    ,PA,17876-0000,Proprietary  ,2,9,11,33,67,100
01171500,SCHUYLKILL HEALTH SCHOOL OF NURSING     ,PA,17901-3692,Private      ,0,0,0,57,72,129
01191900,BEAVER FALLS BEAUTY ACADEMY             ,PA,15010-4208,Proprietary  ,5,13,18,33,66,99
01205000,ROSEDALE TECHNICAL INSTITUTE            ,PA,15205-9791,Private      ,18,42,60,296,406,702
01239300,THOMAS JEFF UNIV-CLG ALLIED HEALTH      ,PA,19107-0000,Private      ,2,26,28,369,1697,2066
01239301,THOMAS JEFFERSON UNIVERSITY - JEFFERSON ,PA,19107-5001,Private      ,7,37,44,536,2988,3524
01239303,THOMAS JEFFERSON UNIVERSITY - COLLEGE OF,PA,19107-6731,Private      ,2,30,32,292,1144,1436
01246104,LINCOLN TECHNICAL INSTITUTE             ,PA,19104-0202,Proprietary  ,26,96,122,392,975,1367
01246105,LINCOLN TECHNICAL INSTITUTE             ,PA,19116-4202,Proprietary  ,24,53,77,230,573,803
01252300,TALMUDICAL YESHIVA OF PHILA             ,PA,19131-1296,Private      ,1,0,1,35,4,39
01260500,EMPIRE BEAUTY SCHOOL                    ,PA,17331-2405,Proprietary  ,12,37,49,110,291,401
01260600,EMPIRE BEAUTY SCHOOL                    ,PA,17901-3859,Proprietary  ,13,77,90,194,506,700
01260700,EMPIRE BEAUTY SCHOOL                    ,PA,16801-5218,Proprietary  ,4,12,16,48,75,123
01292900,SOUTH HILLS BEAUTY ACADEMY              ,PA,15216-2335,Proprietary  ,9,28,37,65,152,217
01301500,GORDON PHILLIPS SCH BEAUTY CULTURE      ,PA,19102-2701,Proprietary  ,25,83,108,274,629,903
01313400,YESHIVATH BETH MOSHE                    ,PA,18505-2196,Private      ,2,1,3,42,13,55
01321400,ROXBOROUGH MEM HOSP SCH OF NURSING      ,PA,19128-0000,Proprietary  ,0,8,8,75,286,361
01326300,SOUTH HILLS SCHOOL OF BUSINESS & TECHNOL,PA,16801-4516,Proprietary  ,0,2,2,563,555,1118
02061000,VENUS BEAUTY ACADEMY                    ,PA,19079-0000,Proprietary  ,2,12,14,53,101,154
02068300,DOUGLAS SCHOOL OF BUSINESS              ,PA,15062-0000,Proprietary  ,14,23,37,286,335,621
02090200,TRIANGLE TECH                           ,PA,16502-0000,Proprietary  ,12,14,26,107,146,253
02092500,LAUREL TECHNICAL INSTITUTE              ,PA,16146-0000,Proprietary  ,17,26,43,192,371,563
02092502,BUSINESS INSTITUTE OF PENNSYLVANIA      ,PA,16335-0000,Proprietary  ,0,1,1,17,30,47
02104003,HARRIS SCHOOL OF BUSINESS - UPPER DARBY ,PA,19082-2528,Proprietary  ,1,2,3,25,67,92
02107300,PENNSYLVANIA ACADEMY OF FINE ARTS       ,PA,19102-1424,Private      ,4,5,9,326,377,703
02112200,GREAT LAKES INSTITUTE OF TECHNOLOGY     ,PA,16509-0000,Proprietary  ,24,69,93,409,601,1010
02114200,JOHNSON COLLEGE                         ,PA,18508-0000,Private      ,5,8,13,574,355,929
02116001,SANFORD-BROWN INSTITUTE - TREVOSE       ,PA,19053-4700,Proprietary  ,1,6,7,258,827,1085
02118000,LEVITTOWN BEAUTY ACADEMY LLC            ,PA,19054-1713,Proprietary  ,10,10,20,41,57,98
02119300,PA ACAD OF COSMETOLOGY ARTS & SCI       ,PA,15904-0000,Proprietary  ,2,11,13,63,95,158
02120800,"YORKTOWNE BUSINESS INSTITUTE, INC.      ",PA,17404-0000,Proprietary  ,7,31,38,115,391,506
02127400,YORK TECHNICAL INSTITUTE                ,PA,17402-0000,Proprietary  ,73,185,258,1265,2106,3371
02129000,TRIANGLE TECH                           ,PA,15601-0000,Proprietary  ,36,35,71,351,287,638
02129001,TRIANGLE TECH - BUSINESS CAREERS INSTITU,PA,15601-3304,Proprietary  ,0,2,2,17,26,43
02144000,"VISION ACADEMY, THE                     ",PA,18103-0000,Proprietary  ,9,20,29,52,122,174
02149000,EMPIRE BEAUTY SCHOOL                    ,PA,19341-2804,Proprietary  ,10,45,55,168,387,555
02151500,CENTRAL SUSQUEHANNA LPN CENTER          ,PA,17837-8818,Public       ,0,3,3,53,213,266
02153500,OAKBRIDGE ACADEMY OF ARTS               ,PA,15068-0000,Proprietary  ,0,1,1,70,23,93
02158300,JUNIATA-MIFFLIN CO AREA VOC TECH        ,PA,17044-0000,Public       ,2,12,14,32,76,108
02161400,NORTHEASTERN HOSP SCH OF NRSG           ,PA,19134-0000,Private      ,0,9,9,102,384,486
02169600,CLEARFIELD CTY CAREER AND TECH CNTR     ,PA,16830-0000,Public       ,3,12,15,61,125,186
02174400,TRIANGLE TECH                           ,PA,15801-0000,Proprietary  ,45,34,79,364,243,607
02178900,ACADEMY OF HAIR DESIGN                  ,PA,18202-1465,Proprietary  ,10,43,53,128,289,417
02183000,ORLEANS TECHNICAL INSTITUTE             ,PA,19111-0000,Private      ,25,117,142,276,807,1083
02192800,WALNUT HILL COLLEGE                     ,PA,19104-0000,Proprietary  ,16,30,46,608,428,1036
02202300,SANFORD-BROWN INSTITUTE                 ,PA,15219-1907,Proprietary  ,18,73,91,295,1028,1323
02202301,SANFORD-BROWN INSTITUTE                 ,PA,15146-2141,Proprietary  ,1,4,5,121,407,528
02203900,ERIE INSTITUTE OF TECHNOLOGY            ,PA,16565-1002,Proprietary  ,19,48,67,201,367,568
02206200,"VISION ACADEMY, THE                     ",PA,19002-0000,Proprietary  ,9,15,24,55,122,177
02206300,STROUDSBURG SCHOOL OF COSMETOLOGY       ,PA,18360-0000,Proprietary  ,4,11,15,62,78,140
02212700,LANCASTER SCHOOL OF COSMETOLOGY         ,PA,17602-0000,Proprietary  ,5,26,31,77,205,282
02234200,ACADEMY OF MEDICAL ARTS & BUSINESS      ,PA,17112-0000,Proprietary  ,23,79,102,233,504,737
02240100,BARBER STYLING INSTITUTE                ,PA,17011-0000,Proprietary  ,0,0,0,0,1,1
02251200,SCHUYLKILL COUNTY AREA VOC TECH SCH     ,PA,17931-0000,Public       ,3,11,14,31,112,143
02251202,SCHUYLKILL COUNTY AREA VOC TECH SCH     ,PA,17931-0000,Public       ,0,0,0,9,40,49
02253900,BERKS TECHNICAL INSTITUTE               ,PA,19610-0000,Proprietary  ,54,113,167,828,1127,1955
02255200,PENNSYLVANIA SCHOOL OF BUSINESS         ,PA,18101-1604,Proprietary  ,10,34,44,147,601,748
02269900,PENNSYLVANIA COLLEGE OF ART & DESIGN    ,PA,17603-3528,Private      ,8,3,11,505,134,639
02270500,BUCKS COUNTY SCHOOL OF BEAUTY CULT      ,PA,19053-0000,Proprietary  ,5,7,12,49,57,106
02273400,RECONSTRUCTIONIST RABBINICAL COLLEG     ,PA,19095-0000,Private      ,0,0,0,0,43,43
02276600,HANOVER PUBLIC SCH DIST PRAC NURSG      ,PA,17331-0000,Public       ,0,0,0,13,81,94
02282500,LENAPE SCHOOL OF PRACTICAL NURSING      ,PA,16226-0000,Public       ,0,17,17,41,179,220
02288800,EMPIRE BEAUTY SCHOOL                    ,PA,18974-4508,Proprietary  ,19,49,68,166,422,588
02289500,PACE INSTITUTE                          ,PA,19601-0000,Proprietary  ,4,10,14,79,286,365
02289600,CONSOLIDATED SCHOOL OF BUSINESS         ,PA,17404-0000,Proprietary  ,5,19,24,61,278,339
02289700,ACADEMY OF CREATIVE HAIR DESIGN         ,PA,18702-0000,Proprietary  ,10,35,45,69,203,272
02289800,CHI INSTITUTE - FRANKLIN MILLS          ,PA,19154-0000,Proprietary  ,41,93,134,434,1109,1543
02290400,"ALTOONA BEAUTY SCHOOL, INC              ",PA,16602-0000,Proprietary  ,1,22,23,55,108,163
02292700,LANSDALE SCHOOL OF COSMETOLOGY          ,PA,19446-0000,Proprietary  ,5,4,9,31,56,87
02299300,TRINITY EPISCOPAL SCHOOL MINISTRY       ,PA,15003-0000,Private      ,0,3,3,2,122,124
02301300,PRISM CAREER INSTITUTE                  ,PA,19082-2448,Proprietary  ,13,86,99,180,823,1003
02304400,YTI CAREER INSTITUTE - MECHANICSBURG    ,PA,17055-0000,Proprietary  ,8,8,16,198,356,554
02306200,VENANGO COUNTY AREA VOC TECH SCHOOL     ,PA,16301-0000,Public       ,1,3,4,34,87,121
02310800,LANCASTER COUNTY CAREER & TECH CTR      ,PA,17584-0000,Public       ,4,45,49,178,571,749
02323000,BIBLICAL THEOLOGICAL SEMINARY           ,PA,19440-2421,Private      ,0,18,18,1,131,132
02330300,LEBANON CO CAREER & TECHNOLOGY CTR      ,PA,17042-0000,Public       ,2,16,18,62,240,302
02330600,PENNSYLVANIA GUNSMITH SCHOOL            ,PA,15202-0000,Proprietary  ,11,7,18,114,153,267
02350100,WESTERN AREA CAREER & TECHNOLOGY CT     ,PA,15317-0000,Public       ,0,6,6,41,152,193
02350200,INDIANA COUNTY TECH CTR SCH PR NSG      ,PA,15701-1465,Public       ,0,5,5,56,154,210
02353100,NORTHERN TIER CAREER CENTER             ,PA,18848-0000,Public       ,0,2,2,38,70,108
02362300,MERCER COUNTY AREA VOC TECH SCHOOL      ,PA,16137-0000,Public       ,0,1,1,24,70,94
02492600,EASTERN CTR ARTS AND TECH PR NSG        ,PA,19090-0000,Public       ,5,27,32,40,217,257
02495500,ALL-STATE CAREER SCHOOL                 ,PA,19029-0000,Proprietary  ,51,216,267,318,1127,1445
02529800,WILKES BARRE AREA CAREER AND TECHNICAL C,PA,18705-0000,Public       ,8,28,36,92,265,357
02536600,COMMONWEALTH TECH INSTIT @ HIRAM G      ,PA,15905-0000,Public       ,27,10,37,317,160,477
02544300,BUTLER BEAUTY SCHOOL                    ,PA,16001-0000,Proprietary  ,5,20,25,49,134,183
02545000,LAWRENCE COUNTY CAREER AND TECHNICAL CEN,PA,16101-0000,Public       ,1,4,5,32,99,131
02546200,LAUREL BUSINESS INSTITUTE               ,PA,15401-0877,Proprietary  ,12,14,26,135,246,381
02550000,CLARION CO AREA VOC-TECH PRAC NRSG      ,PA,16254-4637,Public       ,1,3,4,29,65,94
02554500,HAZLETON AREA CAREER CENTER PRACTICAL NU,PA,18201-0000,Public       ,0,2,2,22,92,114
02557800,ART INSTITUTE OF YORK (THE) - PENNSYLVAN,PA,17402-9012,Proprietary  ,18,24,42,817,400,1217
02566400,ALBERT EINSTEIN MED CTR DEPT DNTL       ,PA,19141-3098,Private      ,0,6,6,39,154,193
02574800,PENNSYLVANIA INSTITUTE OF TAXIDERMY     ,PA,15931-0000,Proprietary  ,3,3,6,16,32,48
02609500,CAREER TRAINING ACADEMY                 ,PA,15068-6308,Proprietary  ,20,63,83,132,345,477
02609501,CAREER TRAINING ACADEMY                 ,PA,15146-0000,Proprietary  ,0,2,2,14,41,55
02616100,JEAN MADELINE ED CTR FOR COSM           ,PA,19147-1542,Proprietary  ,19,44,63,395,474,869
03006800,LE CORDON BLEU INSTITUTE OF CULINARY ART,PA,15222-3511,Proprietary  ,3,6,9,156,203,359
03010800,FORTIS INSTITUTE                        ,PA,16506-1013,Proprietary  ,119,288,407,832,2774,3606
03011500,FORTIS INSTITUTE                        ,PA,18702-0000,Proprietary  ,12,47,59,115,301,416
03011600,FORTIS INSTITUTE                        ,PA,18509-2903,Proprietary  ,12,59,71,259,583,842
03029900,CONSOLIDATED SCHOOL OF BUSINESS         ,PA,17603-2389,Proprietary  ,3,19,22,79,227,306
03031600,DPT BUSINESS SCHOOL                     ,PA,19116-3961,Proprietary  ,0,0,0,0,4,4
03031601,DPT BUSINESS SCHOOL                     ,PA,19106-0000,Proprietary  ,0,0,0,0,4,4
03067000,ANTONELLI MEDICAL & PROF INST           ,PA,19464-9244,Proprietary  ,5,14,19,46,131,177
03072600,DCI CAREER INSTITUTE                    ,PA,15061-2307,Proprietary  ,4,23,27,41,126,167
03081900,YTI CAREER INSTITUTE - ALTOONA          ,PA,16602-4457,Proprietary  ,17,33,50,259,449,708
03090800,LAKE ERIE COLL OF OSTEOPATHIC MED       ,PA,16509-0000,Private      ,3,10,13,78,3776,3854
03098600,CAREER TECH CTR OF LACKAWANNA CNTY      ,PA,18508-0000,Public       ,1,12,13,87,277,364
03101400,FORBES ROAD CAREER & TECHNOLOGY CTR     ,PA,15146-1550,Public       ,2,2,4,16,38,54
03101500,BIDWELL TRAINING CENTER                 ,PA,15233-2233,Private      ,0,23,23,49,170,219
03103300,JNA INSTITUTE OF CULINARY ARTS          ,PA,19146-3119,Proprietary  ,7,35,42,156,264,420
03109100,METROPOLITAN CAREER CENTER              ,PA,19144-0000,Private      ,3,23,26,28,210,238
03110700,AVIATION INSTITUTE OF MAINTENANCE       ,PA,19114-1017,Proprietary  ,19,95,114,219,826,1045
03120400,REGIONAL CAREER & TECHNICAL CENTER      ,PA,16509-4699,Public       ,1,3,4,18,33,51
03128400,DELAWARE COUNTY TECHNICAL SCHOOL        ,PA,19008-1928,Public       ,5,20,25,61,216,277
03180400,PENNSYLVANIA HIGHLANDS COMMUNITY COLLEGE,PA,15904-2927,Public       ,15,42,57,1012,1006,2018
03236400,LT INTERNATIONAL BEAUTY SCHOOL          ,PA,19130-2235,Proprietary  ,8,29,37,38,139,177
03353300,ACADEMY OF VOCAL ARTS                   ,PA,19103-6685,Private      ,1,4,5,44,118,162
03380301,STAR CAREER ACADEMY - STAR PHILADELPHIA ,PA,19114-2204,Proprietary  ,49,174,223,421,1431,1852
03380304,STAR CAREER ACADEMY - STAR NORRISTOWN   ,PA,19403-2422,Proprietary  ,9,42,51,73,356,429
03439400,NAWCC SCHOOL OF HOROLOGY                ,PA,17512-2130,Private      ,0,0,0,1,13,14
03493302,ALL-STATE CAREER - WEST MIFFLIN CAMPUS  ,PA,15122-0000,Proprietary  ,13,84,97,93,453,546
03535300,HUNTINGDON COUNTY CAREER AND TECHNO     ,PA,17060-0905,Public       ,0,3,3,13,50,63
03561400,SUSQUEHANNA COUNTY CAREER & TECHNOL     ,PA,18816-0100,Public       ,1,3,4,11,23,34
03766300,PENNSYLVANIA SCHOOL OF MUSCLE THERAPY   ,PA,19406-3101,Proprietary  ,18,36,54,63,202,265
03781300,PRINCETON INFORMATION TECHNOLOGY CENTER ,PA,19038-4535,Proprietary  ,0,38,38,41,320,361
03899300,CALVARY BAPTIST THEOLOGICAL SEMINARY    ,PA,19446-4718,Private      ,0,0,0,1,47,48
03923300,PRECISION MANUFACTURING INSTITUTE       ,PA,16335-8380,Private      ,0,5,5,22,60,82
03948300,HARRISBURG UNIVERSITY OF SCIENCE AND TEC,PA,17101-2116,Private      ,11,21,32,711,343,1054
03949300,WON INSTITUTE OF GRADUATE STUDIES       ,PA,19038-4535,Private      ,0,2,2,0,55,55
03950500,NORTHWEST REGIONAL TECHNOLOGY INSTITUTE ,PA,16508-2820,Proprietary  ,3,12,15,22,68,90
03952300,NATIONAL MASSAGE THERAPY INSTITUTE      ,PA,19116-3965,Proprietary  ,40,130,170,220,771,991
04024300,EDUCATION AND TECHNOLOGY INSTITUTE      ,PA,15601-9214,Private      ,2,8,10,22,64,86
04041300,BERKS CAREER & TECHNOLOGY CENTER        ,PA,19533-9112,Public       ,0,1,1,0,1,1
04118000,BYZANTINE CATHOLIC SEMINARY OF SAINTS CY,PA,15214-2229,Private      ,0,0,0,2,7,9
04127500,CAREER DEVELOPMENT & EMPLOYMENT         ,PA,18702-5253,Proprietary  ,3,10,13,21,89,110
04138300,INTERNATIONAL BEAUTY ACADEMY            ,PA,19149-2710,Proprietary  ,0,0,0,24,28,52
04145800,PULSE BEAUTY ACADEMY A PAUL MITCHELL PAR,PA,19335-0000,Proprietary  ,15,7,22,115,90,205
04149800,SOMERSET COUNTY TECHNOLOGY CENTER       ,PA,15501-1444,Public       ,2,17,19,29,100,129
04151700,BELLA CAPELLI ACADEMY                   ,PA,15146-2388,Proprietary  ,7,10,17,93,101,194
04151701,BELLA CAPELLI ACADEMY -                 ,PA,15205-2388,Proprietary  ,8,11,19,11,14,25
04155100,INSTITUTE OF MEDICAL CAREERS            ,PA,15235-3718,Proprietary  ,4,13,17,53,120,173
04158000,METRO BEAUTY ACADEMY                    ,PA,18106-9693,Proprietary  ,16,35,51,142,209,351
04164900,BARONE BEAUTY ACADEMY                   ,PA,17701-5316,Proprietary  ,6,9,15,39,57,96
04167200,COMMONWEALTH MEDICAL COLLEGE (THE)      ,PA,18503-3251,Private      ,0,10,10,19,595,614
04167500,WORLD A CUTS BARBER INSTITUTE           ,PA,17401-1105,Proprietary  ,4,23,27,4,23,27
04175900,LEWISTOWN HOSPITAL SCHOOL OF NURSING    ,PA,17044-1167,Private      ,1,1,2,42,60,102
04209700,NEWCOURTLAND EDUCATION CENTER SCHOOL OF ,PA,19119-2126,Private      ,0,4,4,1,34,35
00153410,EVEREST UNIVERSITY - EVEREST COLLEGE - M,WI,53212-4006,Proprietary  ,8,33,41,237,1007,1244
00267813,BRYANT & STRATTON COLLEGE - MIL DOWNTOWN,WI,53203-2608,Proprietary  ,62,275,337,928,3753,4681
00383200,ALVERNO COLLEGE                         ,WI,53234-3922,Private      ,21,95,116,1633,2857,4490
00383500,BELOIT COLLEGE                          ,WI,53511-5595,Private      ,13,9,22,2042,156,2198
00383700,CARDINAL STRITCH UNIVERSITY             ,WI,53217-9884,Private      ,24,268,292,1315,5227,6542
00383800,CARROLL UNIVERSITY                      ,WI,53186-5593,Private      ,23,36,59,4074,1051,5125
00383900,CARTHAGE COLLEGE                        ,WI,53141-0000,Private      ,47,60,107,5402,1119,6521
00384000,WESTERN TECHNICAL COLLEGE               ,WI,54601-0908,Public       ,50,104,154,2443,3006,5449
00384200,CONCORDIA UNIVERSITY WISCONSIN          ,WI,53097-2402,Private      ,26,283,309,3339,5064,8403
00384800,EDGEWOOD COLLEGE                        ,WI,53711-1958,Private      ,11,63,74,1979,1623,3602
00385000,SILVER LAKE COLLEGE                     ,WI,54220-9319,Private      ,1,17,18,236,412,648
00385400,LAKELAND COLLEGE                        ,WI,53082-0000,Private      ,11,100,111,1235,2351,3586
00385600,LAWRENCE UNIVERSITY                     ,WI,54912-0599,Private      ,12,5,17,2482,163,2645
00386100,MARIAN UNIVERSITY                       ,WI,54935-4699,Private      ,9,51,60,1524,1235,2759
00386300,MARQUETTE UNIVERSITY                    ,WI,53201-1881,Private      ,124,73,197,16665,4942,21607
00386600,MILWAUKEE AREA TECH COLLEGE             ,WI,53233-1443,Public       ,203,775,978,8285,21198,29483
00386800,MILWAUKEE SCHOOL OF ENGINEERING         ,WI,53202-3109,Private      ,19,34,53,2862,998,3860
00386900,MOUNT MARY COLLEGE                      ,WI,53222-4597,Private      ,9,45,54,878,1648,2526
00387400,NASHOTAH HOUSE                          ,WI,53058-0000,Private      ,0,2,2,0,79,79
00387500,NORTHLAND COLLEGE                       ,WI,54806-3999,Private      ,2,3,5,817,162,979
00388400,RIPON COLLEGE                           ,WI,54971-0248,Private      ,8,1,9,1349,85,1434
00389200,ST. NORBERT COLLEGE                     ,WI,54115-2099,Private      ,16,3,19,2958,142,3100
00389500,UNIVERSITY OF WISCONSIN-MADISON         ,WI,53715-1382,Public       ,254,226,480,27911,12266,40177
00389600,UNIVERSITY OF WISCONSIN-MILWAUKEE       ,WI,53201-3165,Public       ,236,415,651,20406,14892,35298
00389700,UNIVERSITY OF WISCONSIN COLLEGES        ,WI,53708-8680,Public       ,57,92,149,3051,2512,5563
00389701,UNIVERSITY OF WISCONSIN-BARABOO         ,WI,53913-1098,Public       ,7,9,16,481,315,796
00389702,UNIVERSITY OF WISCONSIN-BARRON          ,WI,54868-2497,Public       ,3,10,13,463,302,765
00389703,UNIVERSITY OF WISCONSIN-FOND DU LAC     ,WI,54935-2998,Public       ,17,16,33,587,406,993
00389704,UNIVERSITY OF WISCONSIN-FOX VALLEY      ,WI,54952-1297,Public       ,23,25,48,1203,738,1941
00389705,UNIVERSITY OF WISCONSIN-MANITOWOC       ,WI,54220-6699,Public       ,9,9,18,430,239,669
00389706,UNIVERSITY OF WISCONSIN-MARATHON        ,WI,54401-5396,Public       ,21,23,44,1019,546,1565
00389707,UNIVERSITY OF WISCONSIN-MARINETTE       ,WI,54143-4299,Public       ,5,13,18,303,250,553
00389708,UNIVERSITY OF WISCONSIN-MARSHFIELD      ,WI,54449-3310,Public       ,10,8,18,371,244,615
00389709,UNIVERSITY OF WISCONSIN-RICHLAND        ,WI,53581-1399,Public       ,6,5,11,364,154,518
00389710,UNIVERSITY OF WISCONSIN COLLEGES - ROCK ,WI,53546-5699,Public       ,17,27,44,939,703,1642
00389711,UNIVERSITY OF WISCONSIN-SHEBOYGAN       ,WI,53081-4789,Public       ,11,12,23,622,455,1077
00389712,UNIVERSITY OF WISCONSIN-WASHINGTON      ,WI,53095-3699,Public       ,11,21,32,637,395,1032
00389713,UNIVERSITY OF WISCONSIN-WAUKESHA        ,WI,53188-2799,Public       ,40,33,73,1601,785,2386
00389900,UNIVERSITY OF WISCONSIN-GREEN BAY       ,WI,54311-7001,Public       ,54,93,147,5318,3107,8425
00391100,VITERBO UNIVERSITY                      ,WI,54601-4777,Private      ,9,50,59,2006,1469,3475
00391500,UNIVERSITY OF WISCONSIN-STOUT           ,WI,54751-0790,Public       ,58,82,140,6760,2552,9312
00391700,UNIVERSITY OF WISCONSIN-EAU CLAIRE      ,WI,54702-4004,Public       ,73,66,139,10111,2220,12331
00391900,UNIVERSITY OF WISCONSIN-LA CROSSE       ,WI,54601-3742,Public       ,54,65,119,9541,2011,11552
00392000,UNIVERSITY OF WISCONSIN-OSHKOSH         ,WI,54901-8604,Public       ,87,131,218,9812,4029,13841
00392100,UNIVERSITY OF WISCONSIN-PLATTEVILLE     ,WI,53818-3099,Public       ,62,77,139,7489,2026,9515
00392300,UNIVERSITY OF WISCONSIN-RIVER FALLS     ,WI,54022-5013,Public       ,41,53,94,5550,1675,7225
00392400,UNIVERSITY OF WISCONSIN-STEVENS POINT   ,WI,54481-3871,Public       ,64,54,118,8653,2307,10960
00392500,UNIVERSITY OF WISCONSIN-SUPERIOR        ,WI,54880-2898,Public       ,31,66,97,1935,1621,3556
00392600,UNIVERSITY OF WISCONSIN-WHITEWATER      ,WI,53190-1792,Public       ,91,98,189,10626,3093,13719
00400700,MADISON AREA TECHNICAL COLLEGE          ,WI,53704-2599,Public       ,135,341,476,5748,9799,15547
00501500,UNIVERSITY OF WISCONSIN-PARKSIDE        ,WI,53141-2000,Public       ,70,98,168,4222,2875,7097
00529400,WAUKESHA COUNTY TECHNICAL COLLEGE       ,WI,53072-4696,Public       ,53,153,206,1994,4170,6164
00530100,NORTHEAST WISCONSIN TECHNICAL COLLEGE   ,WI,54307-9042,Public       ,94,269,363,3152,6160,9312
00530400,CHIPPEWA VALLEY TECHNICAL COLLEGE       ,WI,54701-6162,Public       ,31,72,103,2677,4103,6780
00538000,MID-STATE TECHNICAL COLLEGE             ,WI,54494-5512,Public       ,33,90,123,1085,2237,3322
00538400,NICOLET AREA TECHNICAL COLLEGE          ,WI,54501-0000,Public       ,9,49,58,594,1092,1686
00538700,NORTHCENTRAL TECHNICAL COLLEGE          ,WI,54401-1899,Public       ,47,188,235,1481,3756,5237
00538900,GATEWAY TECHNICAL COLLEGE               ,WI,53144-1690,Public       ,59,205,264,3068,9472,12540
00539000,BLACKHAWK TECHNICAL COLLEGE             ,WI,53547-5009,Public       ,33,126,159,1228,3471,4699
00612601,ST LUKE'S MEDCL CTR SCHL RAD TECH       ,WI,53215-4330,Private      ,0,0,0,38,71,109
00663900,BELLIN COLLEGE                          ,WI,54305-0000,Private      ,4,12,16,307,298,605
00732934,ITT TECHNICAL INSTITUTE                 ,WI,53220-4612,Proprietary  ,61,302,363,564,2349,2913
00766900,SOUTHWEST WISCONSIN TECH COLLEGE        ,WI,53809-0000,Public       ,10,27,37,768,957,1725
00821700,PAUL MITCHELL THE SCHOOL GREEN BAY      ,WI,54324-0257,Proprietary  ,6,12,18,106,143,249
00869405,RASMUSSEN COLLEGE - WAUSAU              ,WI,54401-7804,Proprietary  ,5,80,85,183,1025,1208
00869414,RASMUSSEN COLLEGE - GREEN BAY           ,WI,54303-2349,Proprietary  ,10,73,83,181,1082,1263
00869419,RASMUSSEN COLLEGE - APPLETON            ,WI,54915-7305,Proprietary  ,15,59,74,118,694,812
00919400,LAKESHORE TECHNICAL COLLEGE             ,WI,53015-1412,Public       ,14,52,66,824,2041,2865
00925600,MORAINE PARK TECHNICAL COLLEGE          ,WI,54936-0000,Public       ,19,83,102,1172,3062,4234
00941900,STATE CLG OF BEAUTY CULT-WAUSAU         ,WI,54403-4667,Proprietary  ,1,7,8,51,85,136
00962100,HERZING UNIVERSITY                      ,WI,53718-4236,Proprietary  ,80,822,902,1432,11531,12963
00974400,FOX VALLEY TECHNICAL COLLEGE            ,WI,54913-0000,Public       ,92,297,389,3677,6701,10378
01091300,MADISON MEDIA INSTITUTE                 ,WI,53718-6787,Proprietary  ,29,54,83,748,675,1423
01148400,ADVANCED INSTITUTE OF HAIR DESIGN       ,WI,53225-0000,Proprietary  ,27,40,67,313,406,719
01182400,WISCONSIN INDIANHEAD TECH CLG WITC      ,WI,54871-9300,Public       ,16,86,102,1129,2888,4017
02077100,MILWAUKEE INST OF ART & DESIGN          ,WI,53202-0000,Private      ,19,18,37,1196,441,1637
02078000,SACRED HEART SCHOOL OF THEOLOGY         ,WI,53130-0000,Private      ,0,0,0,0,5,5
02136600,WISCONSIN LUTHERAN COLLEGE              ,WI,53226-0000,Private      ,7,24,31,1259,397,1656
02201803,KAPLAN COLLEGE - MILWAUKEE              ,WI,53212-3939,Proprietary  ,5,60,65,219,1097,1316
02239204,ANTHEM COLLEGE - BROOKFIELD             ,WI,53005-4207,Proprietary  ,1,7,8,27,92,119
02271300,WI SCH OF PROFESSIONAL PSYCHOLOGY       ,WI,53225-0000,Private      ,1,2,3,36,224,260
02317200,MARANATHA BAPTIST BIBLE COLLEGE         ,WI,53094-0000,Private      ,7,18,25,907,170,1077
02324700,EMPIRE BEAUTY SCHOOL                    ,WI,53717-0000,Proprietary  ,6,25,31,88,235,323
02332100,EMPIRE BEAUTY SCHOOL                    ,WI,54220-0000,Proprietary  ,9,35,44,104,307,411
02332101,EMPIRE BEAUTY SCHOOL - APPLETON         ,WI,54914-4644,Proprietary  ,1,8,9,35,68,103
02453500,MEDICAL COLLEGE OF WISCONSIN            ,WI,53226-0000,Private      ,4,18,22,112,1350,1462
02494300,GILL-TECH ACADEMY OF HAIR DESIGN        ,WI,54911-0000,Proprietary  ,7,9,16,87,85,172
02532200,LAC COURTE OREILLES OJIBWA CMTY CLG     ,WI,54843-0000,Public       ,9,57,66,96,527,623
03007400,LAKESIDE SCHOOL OF MASSAGE THERAPY      ,WI,53212-0000,Private      ,0,0,0,20,50,70
03061200,MIDWEST COLLEGE OF ORIENTAL MEDICINE    ,WI,53403-9747,Proprietary  ,2,11,13,31,317,348
03077600,EMPIRE BEAUTY SCHOOL                    ,WI,54304-4838,Proprietary  ,11,28,39,157,368,525
03125100,COLLEGE OF MENOMINEE NATION             ,WI,54135-0000,Private      ,12,45,57,146,589,735
03125102,COLLEGE OF  THE MENOMINEE NATION - GREEN,WI,54304-4964,Private      ,3,14,17,61,297,358
03220300,"SALON PROFESSIONAL ACADEMY, THE         ",WI,54701-7633,Proprietary  ,5,8,13,78,134,212
03309300,MONTESSORI INSTITUTE OF MILWAUKEE       ,WI,53207-0000,Private      ,0,3,3,8,58,66
03808300,INSTITUTE OF BEAUTY AND WELLNESS (THE)  ,WI,53202-5715,Proprietary  ,9,22,31,182,318,500
03822300,PAUL MITCHELL THE SCHOOL - MONROE       ,WI,53566-0000,Proprietary  ,4,5,9,29,63,92
03872500,NORTHLAND INTERNATIONAL UNIVERSITY      ,WI,54119-9285,Private      ,1,1,2,498,82,580
03925300,BLUE SKY SCHOOL OF PROFESSIONAL MASSAGE ,WI,53024-9699,Private      ,1,12,13,35,167,202
03925301,BLUE SKY SCHOOL OF PROFESSIONAL MASSAGE ,WI,54115-7407,Private      ,0,4,4,4,18,22
03925303,BLUE SKY SCHOOL OF PROFESSIONAL MASSAGE ,WI,53713-2366,Private      ,1,9,10,5,36,41
04117400,MILWAUKEE CAREER COLLEGE                ,WI,53222-4305,Proprietary  ,33,79,112,221,635,856
04118600,ACADEMY OF COSMETOLOGY                  ,WI,53548-3307,Proprietary  ,1,14,15,49,146,195
04124800,VISIONS IN HAIR DESIGN INSTITUTE OF COSM,WI,53210-1120,Proprietary  ,1,7,8,39,114,153
04132600,WISCONSIN ACADEMY (THE)                 ,WI,54157-1726,Proprietary  ,1,0,1,15,39,54
04137900,BRENSTEN EDUCATION                      ,WI,53186-0000,Proprietary  ,11,71,82,79,539,618
04138200,SALON PROFESSIONAL ACADEMY (THE)        ,WI,54914-3921,Proprietary  ,1,7,8,63,76,139
04157700,SALON PROFESSIONAL ACADEMY (THE)        ,WI,54650-8699,Proprietary  ,1,11,12,60,99,159
04159400,COLUMBIA COLLEGE OF NURSING             ,WI,53211-2952,Private      ,2,11,13,157,382,539
04165300,ACADEMY WAUKESHA (THE)                  ,WI,53072-5524,Proprietary  ,7,10,17,115,192,307
04179200,ADVANCED COLLEGE OF COSMETOLOGY         ,WI,53963-0000,Proprietary  ,1,1,2,38,37,75
04182100,FIRST CLASS COSMETOLOGY SCHOOL          ,WI,52511-0000,Proprietary  ,9,20,29,57,141,198
04183600,SALON PROFESSIONAL ACADEMY OF KENOSHA (T,WI,53142-4950,Proprietary  ,8,15,23,118,218,336
04193800,SHEPHERDS COLLEGE                       ,WI,53182-1527,Private      ,0,0,0,20,13,33
04202800,PANACHE ACADEMY OF BEAUTY               ,WI,53913-2596,Proprietary  ,2,12,14,34,65,99
00290500,NORTH CAROLINA A&T STATE UNIV           ,NC,27411-0001,Public       ,198,193,391,16342,8762,25104
00290600,APPALACHIAN STATE UNIVERSITY            ,NC,28608-2059,Public       ,180,109,289,18566,5380,23946
00290700,UNIVERSITY OF NC AT ASHEVILLE           ,NC,28804-3299,Public       ,44,62,106,4849,2499,7348
00290800,BARTON COLLEGE                          ,NC,27893-3104,Private      ,21,38,59,1802,1115,2917
00291000,BELMONT ABBEY COLLEGE                   ,NC,28012-1802,Private      ,13,42,55,1489,1534,3023
00291100,BENNETT COLLEGE                         ,NC,27401-3239,Private      ,19,11,30,1520,740,2260
00291200,BREVARD COLLEGE                         ,NC,28712-3306,Private      ,15,13,28,1135,250,1385
00291300,CAMPBELL UNIVERSITY                     ,NC,27506-0036,Private      ,70,197,267,6646,4450,11096
00291400,CATAWBA COLLEGE                         ,NC,28144-2488,Private      ,13,27,40,2073,881,2954
00291500,CENTRAL PIEDMONT COMMUNITY COLLEGE      ,NC,28204-2297,Public       ,304,1108,1412,11269,22905,34174
00291600,CHOWAN UNIVERSITY                       ,NC,27855-1850,Private      ,26,20,46,2485,512,2997
00291700,COLLEGE OF THE ALBEMARLE                ,NC,27909-2327,Public       ,31,100,131,1143,2130,3273
00291800,DAVIDSON COLLEGE                        ,NC,28035-7157,Private      ,26,11,37,3654,283,3937
00291900,DAVIDSON COUNTY COMMUNITY COLLEGE       ,NC,27293-0000,Public       ,37,192,229,2042,5374,7416
00292000,DUKE UNIVERSITY                         ,NC,27708-0397,Private      ,167,56,223,20182,1911,22093
00292001,DUKE UNIV - SCHOOL OF MEDICINE          ,NC,27710-0000,Private      ,7,18,25,308,1327,1635
00292002,DUKE UNIV - SCHOOL OF LAW               ,NC,27708-0000,Private      ,2,9,11,92,2483,2575
00292003,DUKE UNIV - GRAD SCH ARTS & SCIENCE     ,NC,27708-0000,Private      ,4,23,27,175,988,1163
00292004,DUKE UNIV - FUQUA SCH OF BUSINESS       ,NC,27708-0000,Private      ,0,27,27,95,1457,1552
00292005,DUKE UNIV/NICHOLAS SCH OF ENVIRON.      ,NC,27708-0000,Private      ,0,2,2,45,459,504
00292006,DUKE UNIV - DIVINITY SCHOOL             ,NC,27708-0000,Private      ,5,15,20,291,929,1220
00292007,DUKE UNIV - SCHOOL OF NURSING           ,NC,27710-0000,Private      ,3,25,28,266,1484,1750
00292010,DUKE UNIVERSITY - SCHOOL OF PUBLIC POLIC,NC,27708-0239,Private      ,1,7,8,45,341,386
00292300,EAST CAROLINA UNIVERSITY                ,NC,27858-1818,Public       ,241,387,628,25114,14643,39757
00292600,ELIZABETH CITY STATE UNIVERSITY         ,NC,27909-7806,Public       ,51,56,107,4610,2017,6627
00292700,ELON UNIVERSITY                         ,NC,27244-2010,Private      ,72,38,110,8092,1502,9594
00292800,FAYETTEVILLE STATE UNIVERSITY           ,NC,28301-4298,Public       ,69,297,366,6009,9036,15045
00292900,GARDNER-WEBB UNIVERSITY                 ,NC,28017-0000,Private      ,28,152,180,3530,4500,8030
00293000,GREENSBORO COLLEGE                      ,NC,27401-1875,Private      ,31,58,89,2031,1675,3706
00293100,GUILFORD COLLEGE                        ,NC,27410-4171,Private      ,52,122,174,3591,4039,7630
00293300,HIGH POINT UNIVERSITY                   ,NC,27262-4221,Private      ,52,27,79,6239,1241,7480
00293400,ISOTHERMAL COMMUNITY COLLEGE            ,NC,28160-0804,Public       ,24,113,137,1073,2243,3316
00293500,LAUREL UNIVERSITY                       ,NC,27265-3197,Private      ,1,16,17,69,370,439
00293600,JOHNSON C SMITH UNIVERSITY              ,NC,28216-5398,Private      ,61,106,167,3804,2426,6230
00293700,KING'S COLLEGE-CHARLOTTE                ,NC,28204-2435,Proprietary  ,32,55,87,989,1247,2236
00293900,LEES MCRAE COLLEGE                      ,NC,28604-0000,Private      ,14,10,24,1150,360,1510
00294000,LENOIR COMMUNITY COLLEGE                ,NC,28502-0188,Public       ,31,146,177,1225,3075,4300
00294100,LENOIR-RHYNE UNIVERSITY                 ,NC,28603-0000,Private      ,31,50,81,3316,1441,4757
00294200,LIVINGSTONE COLLEGE                     ,NC,28144-5298,Private      ,19,25,44,1663,678,2341
00294300,LOUISBURG COLLEGE                       ,NC,27549-2398,Private      ,20,13,33,1526,330,1856
00294400,MARS HILL COLLEGE                       ,NC,28754-0000,Private      ,20,30,50,2426,569,2995
00294500,MEREDITH COLLEGE                        ,NC,27607-5298,Private      ,14,49,63,2250,1317,3567
00294600,METHODIST UNIVERSITY                    ,NC,28311-1420,Private      ,21,124,145,3139,2552,5691
00294700,MITCHELL COMMUNITY COLLEGE              ,NC,28677-5264,Public       ,23,106,129,1587,3192,4779
00294800,MONTREAT COLLEGE                        ,NC,28757-1267,Private      ,6,62,68,690,703,1393
00294900,MOUNT OLIVE COLLEGE                     ,NC,28365-1299,Private      ,27,251,278,1532,4811,6343
00295000,NORTH CAROLINA CENTRAL UNIVERSITY       ,NC,27707-3198,Public       ,101,187,288,11540,9240,20780
00295100,NORTH CAROLINA WESLEYAN COLLEGE         ,NC,27804-8699,Private      ,19,85,104,1383,1725,3108
00295300,PEACE COLLEGE                           ,NC,27604-1194,Private      ,16,33,49,1233,911,2144
00295400,UNIV OF NORTH CAROLINA AT PEMBROKE      ,NC,28372-1510,Public       ,64,124,188,6784,5214,11998
00295500,PFEIFFER UNIVERSITY                     ,NC,28109-0000,Private      ,14,96,110,1134,1730,2864
00295600,PIEDMONT BAPTIST COLLEGE AND GRADUATE SC,NC,27101-5025,Private      ,2,11,13,203,274,477
00295700,QUEENS UNIVERSITY OF CHARLOTTE          ,NC,28274-0001,Private      ,38,150,188,2882,3069,5951
00295800,ROCKINGHAM COMMUNITY COLLEGE            ,NC,27375-0000,Public       ,17,77,94,1057,2036,3093
00296000,SALEM COLLEGE                           ,NC,27108-0000,Private      ,13,31,44,1032,1127,2159
00296100,SANDHILLS COMMUNITY COLLEGE             ,NC,28374-8283,Public       ,39,144,183,1963,4146,6109
00296200,SHAW UNIVERSITY                         ,NC,27601-2393,Private      ,44,73,117,3364,2899,6263
00296400,SOUTHEASTERN COMMUNITY COLLEGE          ,NC,28472-5422,Public       ,32,93,125,885,1904,2789
00296800,ST AUGUSTINES COLLEGE                   ,NC,27610-2298,Private      ,30,46,76,2736,1429,4165
00297000,SURRY COMMUNITY COLLEGE                 ,NC,27017-0304,Public       ,27,80,107,1494,2382,3876
00297200,NORTH CAROLINA STATE UNIV-RALEIGH       ,NC,27695-7001,Public       ,253,328,581,29604,13333,42937
00297300,GASTON COLLEGE                          ,NC,28034-1499,Public       ,62,272,334,2605,6048,8653
00297400,UNIVERSITY OF N C-CHAPEL HILL           ,NC,27514-0000,Public       ,267,364,631,28518,15590,44108
00297500,UNIVERSITY OF NC AT CHARLOTTE           ,NC,28223-0001,Public       ,289,466,755,25739,16800,42539
00297600,UNIVERSITY OF N C - GREENSBORO          ,NC,27412-0001,Public       ,166,260,426,18713,12995,31708
00297800,WAKE FOREST UNIV - UNDERGRADUATE        ,NC,27109-7246,Private      ,72,12,84,8347,586,8933
00297801,WAKE FOREST UNIV - SCH OF MEDICINE      ,NC,27157-1090,Private      ,3,18,21,186,1225,1411
00297803,WAKE FOREST GRAD SCHOOLS OF BUSINESS    ,NC,27109-7659,Private      ,0,21,21,70,898,968
00297805,WAKE FOREST UNIV - SCH OF LAW           ,NC,27109-7206,Private      ,0,8,8,57,1656,1713
00297806,WAKE FOREST UNIV - GRAD A&S/DIVINITY    ,NC,27109-7246,Private      ,3,16,19,68,713,781
00297900,WARREN WILSON COLLEGE                   ,NC,28815-0000,Private      ,11,28,39,1281,581,1862
00298000,WAYNE COMMUNITY COLLEGE                 ,NC,27533-0000,Public       ,49,186,235,1639,3846,5485
00298100,WESTERN CAROLINA UNIVERSITY             ,NC,28723-9731,Public       ,155,123,278,10550,4762,15312
00298200,WESTERN PIEDMONT COMMUNITY COLLEGE      ,NC,28655-4504,Public       ,28,104,132,1296,2607,3903
00298300,WILKES COMMUNITY COLLEGE                ,NC,28697-2100,Public       ,23,68,91,1305,1948,3253
00298400,UNIVERSITY OF N C-WILMINGTON            ,NC,28403-3297,Public       ,126,184,310,16320,6772,23092
00298500,WINGATE UNIVERSITY                      ,NC,28174-0159,Private      ,44,23,67,3946,1252,5198
00298600,WINSTON-SALEM STATE UNIVERSITY          ,NC,27102-0000,Public       ,86,170,256,8824,6567,15391
00398100,UNC SCHOOL OF THE ARTS                  ,NC,27127-2188,Public       ,16,9,25,1561,612,2173
00403300,ASHEVILLE BUNCOMBE TECH CMTY CLG        ,NC,28801-4897,Public       ,90,327,417,2967,7295,10262
00406200,PITT COMMUNITY COLLEGE                  ,NC,28590-0000,Public       ,95,285,380,5100,8485,13585
00483500,CALDWELL COMMUNITY CLG & TECH INST      ,NC,28638-2626,Public       ,34,124,158,1966,3887,5853
00483800,GUILFORD TECHNICAL COMMUNITY CLG        ,NC,27282-0309,Public       ,123,519,642,7979,17943,25922
00484400,WAKE TECHNICAL COMMUNITY COLLEGE        ,NC,27603-5696,Public       ,198,701,899,9479,18766,28245
00484500,WILSON COMMUNITY COLLEGE                ,NC,27893-3310,Public       ,19,109,128,794,2551,3345
00499201,MILLER-MOTTE TECHNICAL COLLEGE - MILLER-,NC,27511-9209,Proprietary  ,19,77,96,167,897,1064
00499202,MILLER-MOTTE TECHNICAL COLLEGE - MILLER-,NC,27604-6072,Proprietary  ,30,177,207,520,2105,2625
00499203,MILLER-MOTTE TECHNICAL COLLEGE - FAYETTE,NC,28311-7651,Proprietary  ,27,200,227,498,2719,3217
00499205,MILLER-MOTTE TECHNICAL COLLEGE - MILLER-,NC,28540-5901,Proprietary  ,14,139,153,185,1369,1554
00531600,COASTAL CAROLINA COMMUNITY COLLEGE      ,NC,28546-6816,Public       ,47,385,432,1803,6021,7824
00531700,FORSYTH TECHNICAL COMMUNITY COLLEGE     ,NC,27103-5197,Public       ,88,370,458,4710,11712,16422
00531800,CATAWBA VALLEY COMMUNITY COLLEGE        ,NC,28602-8302,Public       ,37,172,209,2741,4831,7572
00532000,CAPE FEAR COMMUNITY COLLEGE             ,NC,28401-3910,Public       ,110,324,434,5204,8397,13601
00544700,RANDOLPH COMMUNITY COLLEGE              ,NC,27204-1009,Public       ,32,151,183,1293,3174,4467
00544800,DURHAM TECHNICAL CMNTY COLLEGE          ,NC,27703-5023,Public       ,64,327,391,2382,7562,9944
00544900,CENTRAL CAROLINA COMMUNITY COLLEGE      ,NC,27330-9000,Public       ,43,201,244,1737,5101,6838
00546300,ALAMANCE COMMUNITY COLLEGE              ,NC,27253-0000,Public       ,45,155,200,2031,4537,6568
00546400,RICHMOND COMMUNITY COLLEGE              ,NC,28345-4522,Public       ,22,88,110,929,2671,3600
00575400,ROWAN-CABARRUS COMMUNITY COLLEGE        ,NC,28146-8357,Public       ,67,281,348,2716,6675,9391
00647700,CABARRUS COLLEGE OF HEALTH SCIENCES     ,NC,28025-0000,Private      ,5,43,48,403,1155,1558
00647800,MERCY HOSP SCH OF NURSING               ,NC,28207-0000,Public       ,7,60,67,288,1243,1531
00648300,WATTS SCHOOL OF NURSING                 ,NC,27704-0000,Private      ,2,13,15,116,502,618
00679900,CRAVEN COMMUNITY COLLEGE                ,NC,28562-0000,Public       ,35,221,256,1096,4068,5164
00703100,PAMLICO COMMUNITY COLLEGE               ,NC,28529-0000,Public       ,13,31,44,106,420,526
00764000,FAYETTEVILLE TECHNICAL CMTY COLLEGE     ,NC,28303-0236,Public       ,133,1020,1153,4644,18081,22725
00768700,JAMES SPRUNT COMMUNITY COLLEGE          ,NC,28349-0398,Public       ,19,68,87,541,1696,2237
00781400,BROOKSTONE COLLEGE OF BUSINESS          ,NC,28262-1294,Proprietary  ,7,51,58,150,733,883
00781401,BROOKSTONE COLLEGE OF BUSINESS          ,NC,27409-0000,Proprietary  ,5,40,45,124,582,706
00789200,SAMPSON COMMUNITY COLLEGE               ,NC,28328-0000,Public       ,9,36,45,619,1619,2238
00798500,SOUTH PIEDMONT COMMUNITY COLLEGE        ,NC,28135-9703,Public       ,38,105,143,1034,2561,3595
00798600,HALIFAX COMMUNITY COLLEGE               ,NC,27890-0089,Public       ,31,76,107,702,1712,2414
00798700,BLADEN COMMUNITY COLLEGE                ,NC,28332-0266,Public       ,11,78,89,697,2062,2759
00798800,MARTIN COMMUNITY COLLEGE                ,NC,27892-8307,Public       ,5,21,26,373,917,1290
00808100,CARTERET COMMUNITY COLLEGE              ,NC,28557-2989,Public       ,18,90,108,729,2018,2747
00808200,CLEVELAND COMMUNITY COLLEGE             ,NC,28150-0000,Public       ,41,142,183,1217,3190,4407
00808300,HAYWOOD COMMUNITY COLLEGE               ,NC,28721-0000,Public       ,26,108,134,720,1843,2563
00808500,MCDOWELL TECHNICAL COMMUNITY CLG        ,NC,28752-8728,Public       ,16,67,83,431,1191,1622
00808700,MONTGOMERY COMMUNITY COLLEGE            ,NC,27371-0787,Public       ,7,23,30,364,908,1272
00846600,SOUTHWESTERN COMMUNITY COLLEGE          ,NC,28779-8581,Public       ,27,72,99,1038,2030,3068
00855700,NASH COMMUNITY COLLEGE                  ,NC,27804-0488,Public       ,26,155,181,1471,3737,5208
00855800,BEAUFORT COUNTY COMMUNITY COLLEGE       ,NC,27889-7889,Public       ,21,84,105,757,2220,2977
00861200,ROBESON COMMUNITY COLLEGE               ,NC,28359-2151,Public       ,18,80,98,1419,4023,5442
00861300,ROANOKE-CHOWAN COMMUNITY COLLEGE        ,NC,27910-9522,Public       ,12,33,45,383,976,1359
00885500,EDGECOMBE COMMUNITY COLLEGE             ,NC,27886-9399,Public       ,26,198,224,982,3975,4957
00902500,EMPIRE BEAUTY SCHOOL                    ,NC,28105-2508,Proprietary  ,21,50,71,240,686,926
00933600,JOHNSTON COMMUNITY COLLEGE              ,NC,27577-0000,Public       ,19,109,128,1872,4381,6253
00943000,TRI-COUNTY COMMUNITY COLLEGE            ,NC,28906-7919,Public       ,15,57,72,431,1079,1510
00964600,PIEDMONT COMMUNITY COLLEGE              ,NC,27573-1197,Public       ,10,67,77,595,1584,2179
00968400,BLUE RIDGE COMMUNITY COLLEGE            ,NC,28731-9624,Public       ,23,96,119,869,1874,2743
00974701,GORDON-CONWELL THEO SEM - CHARLOTTE     ,NC,28273-0000,Private      ,1,17,18,13,380,393
00990300,VANCE-GRANVILLE CMTY COLLEGE            ,NC,27536-0917,Public       ,33,131,164,1473,3831,5304
01026400,SOUTH COLLEGE                           ,NC,28803-3152,Proprietary  ,7,69,76,148,867,1015
01119400,STANLY COMMUNITY COLLEGE                ,NC,28001-7458,Public       ,32,139,171,1052,2918,3970
01119700,MAYLAND COMMUNITY COLLEGE               ,NC,28777-2777,Public       ,6,42,48,505,815,1320
01179900,PAUL MITCHELL THE SCHOOL FAYETTEVILLE   ,NC,28303-5364,Proprietary  ,13,53,66,287,806,1093
01192600,LEON'S BEAUTY SCHOOL                    ,NC,27403-2812,Proprietary  ,14,23,37,197,510,707
01303918,SOUTH UNIVERSITY - THE ART INSTITUTE OF ,NC,28217-4536,Proprietary  ,87,177,264,3182,2828,6010
02056500,MITCHELL'S HAIR STYLING ACADEMY         ,NC,27893-0000,Proprietary  ,0,12,12,38,133,171
02056501,MITCHELL'S HAIR STYLING ACADEMY - MITCHE,NC,27606-3326,Proprietary  ,5,27,32,118,389,507
02158414,HARRISON COLLEGE - THE CHEF'S ACADEMY - ,NC,27560-0000,Proprietary  ,6,24,30,99,253,352
02170700,BRUNSWICK COMMUNITY COLLEGE             ,NC,28422-0000,Public       ,14,64,78,754,1430,2184
02205000,COLLEGE OF WILMINGTON                   ,NC,28403-0000,Proprietary  ,8,77,85,229,583,812
02210400,FAYETTEVILLE BEAUTY COLLEGE             ,NC,28303-0000,Proprietary  ,5,42,47,138,518,656
02227800,MITCHELL'S HAIR STYLING ACADEMY         ,NC,27534-0000,Proprietary  ,1,4,5,36,105,141
02227900,MITCHELL'S HAIR STYLING ACADEMY         ,NC,27858-0000,Proprietary  ,0,8,8,59,143,202
02280900,MID-ATLANTIC CHRISTIAN UNIVERSITY       ,NC,27909-0000,Private      ,1,10,11,175,183,358
02326203,KAPLAN CAREER INSTITUTE - KAPLAN COLLEGE,NC,28212-6830,Proprietary  ,27,194,221,378,2313,2691
02558900,CHEVEUX SCHOOL OF HAIR DESIGN           ,NC,28540-0000,Proprietary  ,1,14,15,14,115,129
02560600,PINNACLE INSTITUTE OF COSMETOLOGY       ,NC,28115-8020,Proprietary  ,2,5,7,67,110,177
02614201,MILLER-MOTTE BUSINESS COLLEGE           ,NC,28403-0000,Proprietary  ,44,436,480,540,3973,4513
02614205,MILLER - MOTTE TECHNICAL COLLEGE - MILLE,NC,27834-5052,Proprietary  ,21,115,136,365,1389,1754
03009500,WINSTON-SALEM BARBER SCHOOL             ,NC,27107-0000,Proprietary  ,3,25,28,90,250,340
03064400,REGENCY BEAUTY INSTITUTE                ,NC,27127-0000,Proprietary  ,12,29,41,144,404,548
03089300,HERITAGE BIBLE COLLEGE                  ,NC,28335-0000,Private      ,1,3,4,31,101,132
03104200,CAROLINAS COLLEGE OF HEALTH SCIENCE     ,NC,28232-2861,Public       ,14,71,85,525,1999,2524
03109000,LIVING ARTS COLLEGE                     ,NC,27614-7076,Proprietary  ,24,53,77,686,926,1612
03361300,MEDICAL ARTS MASSAGE SCHOOL             ,NC,27616-6453,Proprietary  ,6,33,39,86,526,612
03513400,APEX SCHOOL OF THEOLOGY                 ,NC,27703-8024,Private      ,1,55,56,32,1111,1143
03555300,SOUTHEASTERN INSTITUTE                  ,NC,28217-0000,Proprietary  ,19,81,100,181,934,1115
03555400,SOUTHEASTERN SCHOOL OF NEUROMUSCULAR  MA,NC,29406-0000,Proprietary  ,10,46,56,61,241,302
03570300,CAROLINA CHRISTIAN COLLEGE              ,NC,27105-3241,Private      ,2,10,12,46,228,274
03663300,HOOD THEOLOGICAL SEMINARY               ,NC,28144-5768,Private      ,0,10,10,5,267,272
03748500,LA SHE'S BEAUTY ACADEMY                 ,NC,27707-3569,Proprietary  ,4,27,31,49,219,268
03777300,PAUL MITCHELL THE SCHOOL GASTONIA       ,NC,28054-0460,Proprietary  ,19,52,71,228,496,724
03827300,NEW LIFE THEOLOGICAL SEMINARY           ,NC,28205-1648,Private      ,1,26,27,15,353,368
04073300,JUNG TAO SCHOOL OF CLASSICAL CHINESE MED,NC,28679-9657,Private      ,0,3,3,1,69,70
04098300,TECHSKILLS - CHARLOTTE                  ,NC,28217-0000,Proprietary  ,0,0,0,82,355,437
04101300,CAROLINA SCHOOL OF BROADCASTING         ,NC,28214-8085,Proprietary  ,5,42,47,159,525,684
04115700,REGINA'S COLLEGE OF BEAUTY              ,NC,28110-2831,Proprietary  ,7,32,39,51,314,365
04120300,"FILA ACADEMY, THE                       ",NC,27265-3114,Proprietary  ,4,28,32,37,240,277
04129400,CENTER FOR MASSAGE & NATURAL HEALTH     ,NC,28787-8331,Proprietary  ,5,23,28,25,143,168
04140700,AVEDA INSTITUTE CHAPEL HILL             ,NC,27516-2559,Proprietary  ,6,39,45,203,360,563
04143500,CHARLOTTE SCHOOL OF LAW                 ,NC,28208-2816,Proprietary  ,4,46,50,99,3003,3102
04146400,DAOIST TRADITIONS COLLEGE OF CHINESE MED,NC,28801-1060,Proprietary  ,1,8,9,8,163,171
04149300,PARK WEST BARBER SCHOOL                 ,NC,27701-4022,Proprietary  ,13,62,75,177,809,986
04154200,CAROLINA COLLEGE OF BIBLICAL STUDIES    ,NC,29303-5157,Private      ,4,17,21,36,346,382
04172800,BODY THERAPY INSTITUTE                  ,NC,27344-6728,Proprietary  ,1,14,15,24,152,176
04173000,SHEPHERDS THEOLOGICAL SEMINARY          ,NC,27518-9316,Private      ,1,3,4,3,44,47
04173700,GRACE COLLEGE OF DIVINITY               ,NC,28314-2343,Private      ,2,12,14,39,158,197
04178100,CAROLINA COLLEGE OF HAIR DESIGN         ,NC,28802-1232,Proprietary  ,5,18,23,64,182,246
04204700,PAUL MITCHELL THE SCHOOL RALEIGH        ,NC,27612-7358,Proprietary  ,7,22,29,152,291,443
04206500,MYCOMPUTERCAREER.COM                    ,NC,27606-3365,Proprietary  ,12,201,213,35,606,641
04214600,GRACE COLLEGE OF BARBERING              ,NC,28513-7178,Private      ,2,13,15,2,13,15
00298800,BISMARCK STATE COLLEGE                  ,ND,58501-1299,Public       ,24,96,120,2054,1845,3899
00298900,DICKINSON STATE UNIVERSITY              ,ND,58601-4896,Public       ,5,18,23,1052,714,1766
00299000,JAMESTOWN COLLEGE                       ,ND,58405-3401,Private      ,9,12,21,1040,180,1220
00299100,LAKE REGION STATE COLLEGE               ,ND,58301-1598,Public       ,9,43,52,476,528,1004
00299200,UNIVERSITY OF MARY                      ,ND,58504-9652,Private      ,9,186,195,1707,1993,3700
00299300,MAYVILLE STATE UNIVERSITY               ,ND,58257-1299,Public       ,7,12,19,723,347,1070
00299400,MINOT STATE UNIVERSITY                  ,ND,58707-0001,Public       ,16,68,84,1702,1564,3266
00299500,DAKOTA COLLEGE AT BOTTINEAU             ,ND,58318-1159,Public       ,8,13,21,296,288,584
00299600,NORTH DAKOTA STATE CLG OF SCIENCE       ,ND,58076-0002,Public       ,17,29,46,1781,969,2750
00299700,NORTH DAKOTA STATE UNIVERSITY           ,ND,58108-6050,Public       ,71,92,163,10592,3603,14195
00300500,UNIVERSITY OF NORTH DAKOTA              ,ND,58202-8193,Public       ,71,222,293,9290,6145,15435
00300700,WILLISTON STATE COLLEGE                 ,ND,58802-1326,Public       ,5,14,19,342,431,773
00300800,VALLEY CITY STATE UNIVERSITY            ,ND,58072-0000,Public       ,2,16,18,815,439,1254
00775600,JOSEF'S SCHOOL OF HAIR DESIGN INC       ,ND,58102-4977,Proprietary  ,0,14,14,69,122,191
00869408,RASMUSSEN COLLEGE - FARGO               ,ND,58103-7196,Proprietary  ,10,83,93,208,986,1194
00869415,RASMUSSEN COLLEGE - BISMARCK            ,ND,58503-0000,Proprietary  ,6,46,52,70,413,483
00935400,MEDCENTER ONE COLLEGE OF NURSING        ,ND,58501-4494,Private      ,1,1,2,111,104,215
01040600,JOSEF'S SCHOOL OF HAIR DESIGN           ,ND,58201-6394,Proprietary  ,4,10,14,70,113,183
01205900,TRINITY BIBLE COLLEGE                   ,ND,58436-7150,Private      ,0,2,2,189,104,293
01229500,JZ TREND ACADEMY PAUL MITCHELL PARTNER S,ND,58501-0000,Proprietary  ,5,6,11,68,74,142
02188200,SITTING BULL COLLEGE                    ,ND,58538-9701,Public       ,5,24,29,90,394,484
02236500,LITTLE HOOP COMMUNITY COLLEGE           ,ND,58335-0000,Public       ,7,74,81,49,289,338
02242900,UNITED TRIBES TECHNICAL COLLEGE         ,ND,58504-0000,Private      ,8,49,57,276,919,1195
02298200,HEADQUARTERS ACADEMY OF HAIR DESIGN     ,ND,58701-0000,Proprietary  ,2,9,11,19,75,94
02301100,TURTLE MTN CMNTY COLG-FIN AID OFC       ,ND,58316-0000,Private      ,15,36,51,264,571,835
02553700,FORT BERTHOLD COMMUNITY COLLEGE         ,ND,58763-0000,Public       ,7,48,55,58,213,271
03087200,MOLER BARBER CLG OF HAIRSTYLING         ,ND,58103-0000,Proprietary  ,0,2,2,6,28,34
04031300,SALON PROFESSIONAL ACADEMY (THE)        ,ND,58103-3337,Proprietary  ,3,8,11,91,113,204
04139400,HAIR ACADEMY (THE)                      ,ND,58501-4929,Proprietary  ,4,3,7,49,51,100
00301005,ANTIOCH UNIV/SEATTLE                    ,WA,98121-0000,Private      ,5,73,78,161,1694,1855
00376900,BELLEVUE COLLEGE                        ,WA,98007-6484,Public       ,224,648,872,6395,9787,16182
00377000,BIG BEND COMMUNITY COLLEGE              ,WA,98837-3299,Public       ,56,145,201,1264,2204,3468
00377100,"CENTRAL WASHINGTON UNIV., FIN AID       ",WA,98926-7495,Public       ,234,248,482,13659,6960,20619
00377200,CENTRALIA COLLEGE                       ,WA,98531-4099,Public       ,44,197,241,1444,2867,4311
00377300,CLARK COLLEGE                           ,WA,98663-3598,Public       ,248,882,1130,6452,12908,19360
00377400,COLUMBIA BASIN COLLEGE                  ,WA,99301-3379,Public       ,146,370,516,3867,5725,9592
00377500,EASTERN WASHINGTON UNIVERSITY           ,WA,99004-2447,Public       ,203,253,456,13755,8713,22468
00377600,EVERETT COMMUNITY COLLEGE               ,WA,98201-1352,Public       ,169,577,746,4106,8634,12740
00377700,HERITAGE UNIVERSITY                     ,WA,98948-9562,Private      ,6,48,54,746,1879,2625
00377800,GONZAGA UNIVERSITY                      ,WA,99258-0083,Private      ,125,195,320,9279,5009,14288
00377900,GRAYS HARBOR COLLEGE                    ,WA,98520-7599,Public       ,38,158,196,891,2171,3062
00378000,GREEN RIVER COMMUNITY COLLEGE           ,WA,98092-3622,Public       ,206,530,736,4257,7451,11708
00378100,HIGHLINE COMMUNITY COLLEGE              ,WA,98198-9800,Public       ,183,540,723,4346,8069,12415
00378200,LOWER COLUMBIA COLLEGE                  ,WA,98632-0310,Public       ,80,288,368,1506,4133,5639
00378300,NORTHWEST UNIVERSITY                    ,WA,98083-0000,Private      ,26,56,82,1620,1341,2961
00378400,OLYMPIC COLLEGE                         ,WA,98337-1600,Public       ,102,513,615,2679,7332,10011
00378500,PACIFIC LUTHERAN UNIVERSITY             ,WA,98447-0003,Private      ,86,105,191,5682,2865,8547
00378600,PENINSULA COLLEGE                       ,WA,98362-6660,Public       ,34,183,217,786,2331,3117
00378700,SEATTLE CENTRAL COMMUNITY COLLEGE       ,WA,98122-2413,Public       ,158,647,805,4558,10095,14653
00378703,SEATTLE VOCATIONAL INSTITUTE            ,WA,98144-0000,Public       ,14,106,120,252,1198,1450
00378800,SEATTLE PACIFIC UNIVERSITY              ,WA,98119-1997,Private      ,108,117,225,8487,3737,12224
00379000,SEATTLE UNIVERSITY                      ,WA,98122-1090,Private      ,151,230,381,10893,8302,19195
00379100,SHORELINE COMMUNITY COLLEGE             ,WA,98133-5696,Public       ,92,373,465,3229,6582,9811
00379200,SKAGIT VALLEY COLLEGE                   ,WA,98273-5899,Public       ,74,281,355,2160,4328,6488
00379300,SPOKANE COMMUNITY COLLEGE               ,WA,99207-5399,Public       ,165,781,946,5465,13398,18863
00379400,ST MARTIN'S UNIVERSITY                  ,WA,98503-7500,Private      ,13,47,60,1748,1532,3280
00379600,TACOMA COMMUNITY COLLEGE                ,WA,98466-6100,Public       ,244,903,1147,5157,13496,18653
00379700,UNIVERSITY OF PUGET SOUND               ,WA,98416-1039,Private      ,77,107,184,5878,2578,8456
00379800,UNIVERSITY OF WASHINGTON                ,WA,98195-5880,Public       ,591,915,1506,38390,34101,72491
00379900,WALLA WALLA UNIVERSITY                  ,WA,99324-1198,Private      ,28,21,49,2065,933,2998
00380000,WASHINGTON STATE UNIVERSITY             ,WA,99164-1035,Public       ,422,470,892,28796,15979,44775
00380100,WENATCHEE VALLEY COLLEGE                ,WA,98801-1799,Public       ,76,236,312,2073,3543,5616
00380200,WESTERN WASHINGTON UNIVERSITY           ,WA,98225-5946,Public       ,308,194,502,19864,6007,25871
00380300,WHITMAN COLLEGE                         ,WA,99362-2067,Private      ,25,12,37,2979,219,3198
00380400,WHITWORTH UNIVERSITY                    ,WA,99251-0001,Private      ,59,82,141,5396,1898,7294
00380500,YAKIMA VALLEY COMMUNITY COLLEGE         ,WA,98907-2520,Public       ,88,302,390,3720,5802,9522
00499900,BELLINGHAM TECHNICAL COLLEGE            ,WA,98225-0000,Public       ,62,240,302,1352,3857,5209
00500000,PIERCE COLLEGE                          ,WA,98498-1919,Public       ,190,801,991,4451,10843,15294
00500100,EDMONDS COMMUNITY COLLEGE               ,WA,98036-5999,Public       ,113,435,548,3368,6928,10296
00500600,WALLA WALLA COMMUNITY COLLEGE           ,WA,99362-9267,Public       ,59,233,292,2125,3393,5518
00530600,BATES TECHNICAL COLLEGE                 ,WA,98405-0000,Public       ,102,440,542,1521,5659,7180
00537200,SOUTH PUGET SOUND COMMUNITY COLLEGE     ,WA,98512-6292,Public       ,106,380,486,2813,6635,9448
00537300,LAKE WASHINGTON TECHNICAL COLLEGE       ,WA,98034-8505,Public       ,65,264,329,1143,3721,4864
00575200,CLOVER PARK TECHNICAL COLLEGE           ,WA,98499-0000,Public       ,107,524,631,1974,7790,9764
00815500,EVERGREEN STATE COLLEGE (THE)           ,WA,98505-0002,Public       ,64,170,234,4416,5175,9591
00907901,EVEREST COLLEGE                         ,WA,98684-6950,Proprietary  ,18,111,129,284,1038,1322
00938700,PERRY TECHNICAL INSTITUTE               ,WA,98903-1239,Private      ,50,104,154,910,1365,2275
00954400,SPOKANE FALLS COMMUNITY COLLEGE         ,WA,99224-5204,Public       ,182,590,772,5538,9475,15013
00970400,NORTH SEATTLE COMMUNITY COLLEGE         ,WA,98103-3599,Public       ,89,492,581,2590,7387,9977
00970600,SOUTH SEATTLE COMMUNITY COLLEGE         ,WA,98106-1499,Public       ,79,413,492,2975,6479,9454
00973900,GLEN DOW ACAD OF HAIR DESIGN            ,WA,99201-0209,Proprietary  ,7,40,47,173,372,545
01036400,WHATCOM COMMUNITY COLLEGE               ,WA,98226-8003,Public       ,81,271,352,2794,4451,7245
01043400,RENTON TECHNICAL COLLEGE                ,WA,98056-0000,Public       ,57,322,379,1385,4473,5858
01148100,DIVERS INSTITUTE OF TECHNOLOGY          ,WA,98107-0000,Proprietary  ,18,77,95,229,735,964
01231500,CORNISH COLLEGE OF THE ARTS             ,WA,98121-4604,Private      ,23,35,58,1860,693,2553
01249600,"BEAUTIWORKS SEATTLE, LLC                ",WA,98133-5615,Proprietary  ,8,18,26,62,125,187
01302200,CITY UNIVERSITY OF SEATTLE              ,WA,98005-0000,Private      ,13,166,179,275,2558,2833
01309400,BELLINGHAM BEAUTY SCHOOL                ,WA,98225-0000,Proprietary  ,3,8,11,65,178,243
02105300,EVERGREEN BEAUTY AND BARBER COLLEGE     ,WA,98007-3722,Proprietary  ,11,43,54,120,354,474
02106700,TRINITY LUTHERAN COLLEGE                ,WA,98201-3569,Private      ,9,10,19,297,175,472
02180000,NORTHWEST INDIAN COLLEGE                ,WA,98226-9278,Public       ,25,96,121,268,1045,1313
02184200,PAROBA COLLEGE OF COSMETOLOGY           ,WA,98208-0000,Proprietary  ,7,27,34,78,253,331
02202200,STYLEMASTERS COLLEGE OF HAIR DESIGN     ,WA,98632-0000,Proprietary  ,6,22,28,55,204,259
02203300,GENE JUAREZ ACADEMY OF BEAUTY           ,WA,98125-0000,Proprietary  ,36,73,109,550,884,1434
02222900,INTERNATIONAL AIR & HOSPITALITY ACADEMY ,WA,98661-4835,Proprietary  ,58,110,168,482,921,1403
02236800,PROFESSIONAL BEAUTY SCHOOL              ,WA,98902-0000,Proprietary  ,2,12,14,61,143,204
02242500,BASTYR UNIVERSITY                       ,WA,98028-0000,Private      ,7,46,53,252,1772,2024
02291300,ART INSTITUTE OF SEATTLE                ,WA,98121-1622,Proprietary  ,104,196,300,3063,3168,6231
02300100,EVEREST COLLEGE                         ,WA,98367-1835,Proprietary  ,15,94,109,185,808,993
02300103,EVEREST COLLEGE - EVERETT               ,WA,98208-2610,Proprietary  ,31,128,159,377,1301,1678
02300104,EVEREST COLLEGE - TACOMA                ,WA,98402-3004,Proprietary  ,69,299,368,697,2782,3479
02326500,INTERFACE COLLEGE                       ,WA,99201-4326,Proprietary  ,5,33,38,74,432,506
02331400,NORTHWEST HAIR ACADEMY                  ,WA,98273-0000,Proprietary  ,7,11,18,74,141,215
02331402,NORTHWEST HAIR ACADEMY - EVERETT        ,WA,98204-0000,Proprietary  ,8,15,23,66,167,233
02504900,ACADEMY OF HAIR DESIGN (THE)            ,WA,98801-0000,Proprietary  ,6,16,22,64,173,237
02541900,BJ'S BEAUTY AND BARBER COLLEGE          ,WA,98409-0000,Proprietary  ,9,37,46,113,491,604
02602100,NORTHWEST COLLEGE OF ART                ,WA,98370-8625,Proprietary  ,3,5,8,196,93,289
02606200,EVEREST COLLEGE                         ,WA,98055-2990,Proprietary  ,29,148,177,325,1185,1510
02617500,EVEREST COLLEGE                         ,WA,98133-9018,Proprietary  ,79,332,411,576,1846,2422
02617503,EVEREST COLLEGE - VANCOUVER             ,WA,98684-6951,Proprietary  ,0,0,0,108,398,506
03031406,INTERNATIONAL ACADEMY OF DESIGN & TECH  ,WA,98188-3319,Proprietary  ,13,43,56,348,698,1046
03065000,CLARE'S BEAUTY COLLEGE                  ,WA,99301-0000,Proprietary  ,8,19,27,107,214,321
03071800,ITT TECHNICAL INSTITUTE                 ,WA,99216-1589,Proprietary  ,60,292,352,627,2553,3180
03071805,ITT TECHNICAL INSTITUTE - SEATTLE       ,WA,98168-3346,Proprietary  ,76,334,410,735,2681,3416
03099000,CORTIVA INSTITUTE - SEATTLE             ,WA,98109-5474,Proprietary  ,16,67,83,141,568,709
03110800,BAKKE GRADUATE UNIVERSITY               ,WA,98104-1222,Private      ,0,5,5,15,79,94
03139500,MONTESSORI SCHOOLS OF WASHINGTON        ,WA,98203-6600,Private      ,0,4,4,8,43,51
03280300,SEATTLE INST OF ORIENTAL MEDICINE       ,WA,98115-0000,Proprietary  ,3,7,10,54,225,279
03283300,NORTHWEST HVAC/R ASSOCIATION & TRAINING ,WA,99202-0000,Private      ,0,11,11,33,186,219
03466400,SEATTLE SCHOOL OF THEOLOGY AND PSYCHOLOG,WA,98121-1177,Private      ,1,20,21,30,424,454
03483500,CASCADIA COMMUNITY COLLEGE              ,WA,98011-9510,Public       ,74,133,207,1636,2031,3667
03490400,EMIL FRIES PIANO HOSPITAL & TRAININ     ,WA,98661-4323,Private      ,1,2,3,15,57,72
03689400,FAITH EVANGELICAL COLLEGE & SEMINARY    ,WA,98407-2607,Private      ,3,29,32,35,460,495
03724300,DIGIPEN INSTITUTE OF TECHNOLOGY         ,WA,98052-5170,Proprietary  ,20,14,34,1133,619,1752
03917300,EVERGREEN BEAUTY AND BARBER COLLEGE     ,WA,98208-3759,Proprietary  ,23,52,75,131,405,536
03932500,TOTAL COSMETOLOGY TRAINING CENTER       ,WA,99217-6231,Proprietary  ,6,39,45,104,384,488
03953300,YAKIMA BEAUTY SCHOOL                    ,WA,98901-2202,Proprietary  ,0,14,14,67,166,233
04120000,SUNNYSIDE BEAUTY ACADEMY                ,WA,98944-8711,Proprietary  ,0,5,5,31,55,86
04127200,VICTORIA'S ACADEMY OF COSMETOLOGY       ,WA,99336-3826,Proprietary  ,10,20,30,111,244,355
04130500,PACIFIC NORTHWEST UNIV OF HEALTH SCIENCE,WA,98901-1471,Private      ,1,13,14,85,565,650
04130800,CASCADE BEAUTY COLLEGE                  ,WA,98002-5504,Proprietary  ,5,6,11,52,163,215
04132800,INLAND MASSAGE INSTITUTE                ,WA,99218-5016,Proprietary  ,5,21,26,88,236,324
04135200,NORTHWEST AVIATION COLLEGE              ,WA,98002-1609,Proprietary  ,0,0,0,29,88,117
04149400,GARY MANUEL AVEDA INSTITUTE             ,WA,98122-3807,Proprietary  ,21,57,78,252,542,794
04149600,GP INSTITUTE OF COSMETOLOGY             ,WA,98118-2353,Proprietary  ,1,12,13,46,170,216
04155000,NORTHWEST SCHOOL OF WOODEN BOAT BUILDING,WA,98339-8706,Private      ,0,2,2,10,70,80
04161200,BAINBRIDGE GRADUATE INSTITUTE           ,WA,98110-2870,Private      ,1,8,9,3,185,188
04170100,SALON PROFESSIONAL ACADEMY (THE)        ,WA,98409-7360,Proprietary  ,12,39,51,204,473,677
04172900,ACADEMY OF COSMETOLOGY                  ,WA,99354-2651,Proprietary  ,4,9,13,69,149,218
04188900,NORTHWEST INSTITUTE OF LITERARY ARTS    ,WA,98249-0000,Private      ,0,2,2,10,46,56
04191900,PAUL MITCHELL THE SCHOOL SPOKANE        ,WA,99037-5041,Proprietary  ,20,49,69,282,445,727
00340100,BROWN UNIVERSITY                        ,RI,02912-9127,Private      ,117,24,141,19277,1014,20291
00340101,BROWN UNIVERSITY - GRADUATE SCHOOL      ,RI,02912-1827,Private      ,0,17,17,65,1631,1696
00340102,BROWN MEDICAL SCHOOL                    ,RI,02912-0000,Private      ,2,2,4,72,566,638
00340200,BRYANT UNIVERSITY                       ,RI,02917-1284,Private      ,39,17,56,5687,670,6357
00340400,JOHNSON & WALES UNIVERSITY              ,RI,02903-3703,Private      ,276,175,451,21744,5893,27637
00340600,PROVIDENCE COLLEGE                      ,RI,02918-0001,Private      ,45,40,85,8507,1152,9659
00340700,RHODE ISLAND COLLEGE                    ,RI,02908-1991,Public       ,89,131,220,8690,5235,13925
00340800,COMMUNITY COLLEGE OF RI - WARWICK       ,RI,02906-0000,Public       ,257,578,835,10450,13551,24001
00340900,RHODE ISLAND SCHOOL OF DESIGN           ,RI,02903-2784,Private      ,40,27,67,3107,1549,4656
00341000,ROGER WILLIAMS UNIVERSITY               ,RI,02809-2921,Private      ,56,31,87,8796,1925,10721
00341100,SALVE REGINA UNIVERSITY                 ,RI,02840-4192,Private      ,29,20,49,4706,587,5293
00341400,UNIVERSITY OF RHODE ISLAND              ,RI,02881-0000,Public       ,219,143,362,24436,5046,29482
00659100,ST. JOSEPH HOSP SCH OF NURSING          ,RI,02904-5199,Private      ,0,7,7,98,338,436
00784500,NEW ENGLAND INSTITUTE OF TECHNOLOGY     ,RI,02886-0000,Private      ,93,217,310,2759,3463,6222
01115900,"SAWYER SCHOOL,THE                       ",RI,02860-4117,Proprietary  ,0,0,0,246,1216,1462
01164702,SBI CAMPUS - AN AFFILIATE OF SANFORD-BRO,RI,02920-7807,Proprietary  ,0,2,2,180,634,814
02071900,ARTHUR ANGELO SCH COSMET&HAIR DSGN      ,RI,02903-0000,Proprietary  ,9,14,23,92,244,336
02176900,WARWICK ACADEMY OF BEAUTY CULTURE       ,RI,02886-1534,Proprietary  ,5,15,20,83,141,224
02584400,NEW ENGLAND TRACTOR TRAILER TRAINING SCH,RI,02860-1752,Proprietary  ,24,310,334,112,1226,1338
03080000,NEWPORT SCHOOL OF HAIRDRESSING          ,RI,02860-4038,Proprietary  ,1,14,15,19,94,113
03232300,LINCOLN TECHNICAL INSTITUTE             ,RI,02865-4211,Proprietary  ,28,85,113,462,1060,1522
03732300,INTERNATIONAL YACHT RESTORATION SCH     ,RI,02840-6720,Private      ,0,7,7,42,74,116
04141200,TONI & GUY HAIRDRESSING ACADEMY         ,RI,02920-0000,Proprietary  ,11,9,20,137,123,260
00341700,ALLEN UNIVERSITY                        ,SC,29204-1085,Private      ,17,32,49,1288,855,2143
00341800,ANDERSON UNIVERSITY                     ,SC,29621-4035,Private      ,17,62,79,3038,1607,4645
00341900,CHARLESTON SOUTHERN UNIVERSITY          ,SC,29406-2160,Private      ,66,105,171,4882,3069,7951
00342000,BENEDICT COLLEGE                        ,SC,29204-1086,Private      ,68,66,134,4983,2189,7172
00342100,BOB JONES UNIVERSITY                    ,SC,29614-1000,Proprietary  ,33,24,57,2828,569,3397
00342200,SOUTHERN WESLEYAN UNIVERSITY            ,SC,29630-1020,Private      ,7,135,142,905,1989,2894
00342300,THE CITADEL                             ,SC,29409-0002,Public       ,39,45,84,3364,1548,4912
00342400,CLAFLIN UNIVERSITY                      ,SC,29115-4498,Private      ,44,46,90,3067,1286,4353
00342500,CLEMSON UNIVERSITY                      ,SC,29634-0001,Public       ,198,131,329,21088,4817,25905
00342600,UNIV OF SC AT SUMTER                    ,SC,29150-2498,Public       ,20,49,69,1078,1067,2145
00342700,COKER COLLEGE                           ,SC,29550-3797,Private      ,10,34,44,1187,1083,2270
00342800,COLLEGE OF CHARLESTON                   ,SC,29424-0100,Public       ,108,83,191,13144,3997,17141
00342900,COLUMBIA INTERNATIONAL UNIVERSITY       ,SC,29203-1599,Private      ,3,35,38,703,1026,1729
00343000,COLUMBIA COLLEGE                        ,SC,29203-5998,Private      ,13,88,101,1468,1942,3410
00343100,CONVERSE COLLEGE                        ,SC,29302-1931,Private      ,6,38,44,1191,866,2057
00343200,ERSKINE COLLEGE                         ,SC,29639-0000,Private      ,5,5,10,872,76,948
00343201,ERSKINE THEOLOGICAL SEMINARY            ,SC,29639-0000,Private      ,0,7,7,5,113,118
00343400,FURMAN UNIVERSITY                       ,SC,29613-5253,Private      ,56,23,79,4669,771,5440
00343500,LANDER UNIVERSITY                       ,SC,29649-2099,Public       ,35,33,68,4497,1199,5696
00343600,LIMESTONE COLLEGE                       ,SC,29340-3799,Private      ,25,159,184,1564,3763,5327
00343700,LUTHERAN THEOLOGICAL SOUTHERN SEM       ,SC,29203-5898,Private      ,0,12,12,4,191,195
00343800,MEDICAL UNIV OF SOUTH CAROLINA - FA     ,SC,29425-1760,Public       ,11,92,103,535,3934,4469
00343900,MORRIS COLLEGE                          ,SC,29150-3599,Private      ,17,17,34,1600,781,2381
00344000,NEWBERRY COLLEGE                        ,SC,29108-2197,Private      ,21,6,27,1783,461,2244
00344100,NORTH GREENVILLE COLLEGE                ,SC,29688-1892,Private      ,13,20,33,2776,570,3346
00344500,PRESBYTERIAN COLLEGE                    ,SC,29325-2503,Private      ,9,5,14,1775,360,2135
00344600,SOUTH CAROLINA STATE UNIVERSITY         ,SC,29117-4427,Public       ,84,69,153,6744,3448,10192
00344700,SPARTANBURG METHODIST COLLEGE           ,SC,29301-5899,Private      ,12,18,30,1575,392,1967
00344800,UNIVERSITY OF SOUTH CAROLINA            ,SC,29208-3999,Public       ,246,320,566,30395,14353,44748
00344900,UNIVERSITY OF SOUTH CAROLINA AIKEN      ,SC,29801-6399,Public       ,39,52,91,3881,1927,5808
00345000,UNIV OF SC AT BEAUFORT                  ,SC,29902-0000,Public       ,18,63,81,2277,1559,3836
00345100,COASTAL CAROLINA UNIVERSITY             ,SC,29528-0000,Public       ,158,105,263,14711,3725,18436
00345300,UNIV OF SC AT LANCASTER                 ,SC,29721-0889,Public       ,28,34,62,1316,1045,2361
00345400,UNIV OF SC SYSTEM SALKEHATCHIE          ,SC,29810-0617,Public       ,11,45,56,833,1201,2034
00345500,VOORHEES COLLEGE                        ,SC,29042-0000,Private      ,13,7,20,1023,542,1565
00345600,WINTHROP UNIVERSITY                     ,SC,29733-0001,Public       ,51,64,115,6930,2895,9825
00345700,WOFFORD COLLEGE                         ,SC,29303-3663,Private      ,21,17,38,2787,332,3119
00399000,FLORENCE-DARLINGTON TECH COLLEGE        ,SC,29501-0548,Public       ,91,328,419,3778,7715,11493
00399100,GREENVILLE TECHNICAL COLLEGE            ,SC,29607-2439,Public       ,172,617,789,9062,14958,24020
00399200,PIEDMONT TECHNICAL COLLEGE              ,SC,29648-1467,Public       ,88,376,464,2994,6706,9700
00399300,MIDLANDS TECHNICAL COLLEGE              ,SC,29202-0000,Public       ,140,634,774,8404,14471,22875
00399400,SPARTANBURG COMMUNITY COLLEGE           ,SC,29305-4386,Public       ,77,316,393,3878,6531,10409
00399500,CENTRAL CAROLINA TECHNICAL COLLEGE      ,SC,29150-2499,Public       ,85,382,467,2057,5751,7808
00399600,YORK TECHNICAL COLLEGE                  ,SC,29730-3395,Public       ,97,290,387,3266,6374,9640
00492000,TRIDENT TECHNICAL COLLEGE               ,SC,29423-8067,Public       ,227,842,1069,8188,18578,26766
00492300,CLINTON JR COLLEGE                      ,SC,29730-5152,Private      ,2,12,14,227,205,432
00492400,FORREST JUNIOR COLLEGE                  ,SC,29624-2405,Proprietary  ,1,27,28,51,388,439
00492500,HORRY-GEORGETOWN TECH COLLEGE           ,SC,29526-9521,Public       ,133,334,467,4626,8682,13308
00492600,TRI-COUNTY TECHNICAL COLLEGE            ,SC,29670-9133,Public       ,67,202,269,4733,5401,10134
00492700,UNIV OF SC AT UNION                     ,SC,29379-0729,Public       ,4,11,15,304,402,706
00499204,MILLER-MOTTE TECHNICAL COLLEGE - CONWAY ,SC,29526-9508,Proprietary  ,50,187,237,585,1872,2457
00536300,DENMARK TECHNICAL COLLEGE               ,SC,29042-0000,Public       ,106,262,368,1180,2249,3429
00681500,ORANGEBURG-CALHOUN TECHNICAL COLG       ,SC,29118-8299,Public       ,46,150,196,1882,3174,5056
00695100,UNIVERSITY OF SOUTH CAROLINA UPSTATE    ,SC,29303-9972,Public       ,59,117,176,7153,4128,11281
00760200,NORTHEASTERN TECHNICAL COLLEGE          ,SC,29520-7015,Public       ,19,77,96,754,1491,2245
00922600,FRANCIS MARION UNIVERSITY               ,SC,29501-0000,Public       ,52,72,124,5333,2605,7938
00932200,WILLIAMSBURG TECHNICAL COLLEGE          ,SC,29556-4197,Public       ,28,62,90,349,933,1282
00991000,TECHNICAL COLLEGE OF THE LOWCOUNTRY     ,SC,29902-5441,Public       ,42,185,227,1276,3665,4941
00991100,UNIV OF SC-REGIONAL CAMPUSES ADMIN      ,SC,29208-0001,Public       ,1,9,10,232,360,592
01005600,AIKEN TECHNICAL COLLEGE                 ,SC,29802-0696,Public       ,45,165,210,2080,4010,6090
01179901,PAUL MITCHELL THE SCHOOL COLUMBIA       ,SC,29201-3126,Proprietary  ,0,2,2,0,2,2
01179902,PAUL MITCHELL THE SCHOOL CHARLESTON     ,SC,29418-6993,Proprietary  ,0,2,2,0,2,2
01209200,KENNETH SHULER SCHOOL OF COSMETOLOGY    ,SC,29732-2169,Proprietary  ,9,49,58,191,537,728
01303907,SOUTH UNIVERSITY                        ,SC,29203-6400,Proprietary  ,25,322,347,654,3567,4221
02063700,SHERMAN CLG STRAIGHT CHIROPRACTIC       ,SC,29316-0000,Private      ,0,6,6,26,327,353
02338600,CHARZANNE BEAUTY COLLEGE                ,SC,29649-0000,Proprietary  ,1,10,11,38,138,176
02341100,KENNETH SHULER SCHOOL OF COSMETOLOGY & N,SC,29210-0000,Proprietary  ,14,76,90,264,930,1194
02356600,CHARLESTON COSMETOLOGY INSTITUTE        ,SC,29420-0000,Proprietary  ,6,22,28,98,247,345
02552400,ACADEMY OF HAIR TECHNOLOGY              ,SC,29615-2363,Proprietary  ,6,22,28,91,277,368
02567600,SUMTER BEAUTY COLLEGE                   ,SC,29150-0000,Proprietary  ,1,5,6,50,150,200
02614202,MILLER - MOTTE TECHNICAL COLLEGE - NORTH,SC,29406-9239,Proprietary  ,22,131,153,391,1769,2160
03010614,VIRGINIA COLLEGE - GOLF ACADEMY OF AMERI,SC,29579-0000,Proprietary  ,6,12,18,165,329,494
03010617,VIRGINIA COLLEGE - GREENVILLE           ,SC,29607-7200,Proprietary  ,10,49,59,257,1121,1378
03010620,VIRGINIA COLLEGE - CHARLESTON           ,SC,29406-4999,Proprietary  ,4,52,56,219,1009,1228
03010621,VIRGINIA COLLEGE - COLUMBIA             ,SC,29223-7527,Proprietary  ,6,59,65,269,1191,1460
03052300,KENNETH SHULER SCH COSM & HAIR DESG     ,SC,29841-2013,Proprietary  ,8,40,48,138,462,600
03088300,ACADEMY OF COSMETOLOGY                  ,SC,29418-5667,Proprietary  ,0,4,4,79,197,276
03293300,STRAND COLLEGE OF HAIR DESIGN           ,SC,29572-4310,Proprietary  ,3,22,25,47,160,207
03304300,CENTURA COLLEGE                         ,SC,29406-9235,Proprietary  ,15,180,195,210,1353,1563
03513300,LACY COSMETOLOGY SCHOOL                 ,SC,29803-9084,Proprietary  ,3,12,15,40,131,171
03513301,LACY COSMETOLOGY SCHOOL -               ,SC,29072-0000,Proprietary  ,0,6,6,16,68,84
03513302,LACY COSMETOLOGY SCHOOL -               ,SC,29445-0000,Proprietary  ,3,19,22,24,102,126
03595300,CHARLESTON SCHOOL OF MASSAGE            ,SC,29412-8270,Proprietary  ,0,0,0,30,75,105
03709301,EDWARD VIA VIRGINIA COLLEGE OF OSTEOPATH,SC,29303-3639,Private      ,0,8,8,29,463,492
03746300,LEGRAND INSTITUTE OF COSMETOLOGY        ,SC,29020-0000,Proprietary  ,1,5,6,29,83,112
03746400,SOUTHEASTERN INSTITUTE                  ,SC,29210-0000,Proprietary  ,10,42,52,100,533,633
03768400,STYLETRENDS BARBER AND HAIRSTYLING ACADE,SC,29730-4511,Proprietary  ,0,10,10,28,130,158
03856400,W. L. BONNER COLLEGE                    ,SC,29203-0000,Private      ,1,11,12,21,134,155
03892300,HARLEY'S BEAUTY & BARBER CAREER INST.   ,SC,29204-1919,Proprietary  ,0,0,0,21,97,118
04083300,MARION COUNTY TECHNICAL EDUCATION CENTER,SC,29571-0000,Public       ,2,7,9,35,192,227
04096300,CHARLESTON SCHOOL OF LAW                ,SC,29402-0535,Proprietary  ,3,8,11,62,1295,1357
04158100,AIKEN SCHOOL OF COSMETOLOGY             ,SC,29801-4026,Proprietary  ,4,12,16,61,137,198
04166900,COSMETIC ARTS INSTITUTE                 ,SC,29488-2753,Proprietary  ,1,6,7,22,85,107
04172600,SALON 496 BARBER ACADEMY                ,SC,29607-2548,Proprietary  ,2,15,17,37,175,212
04192600,PALMETTO BEAUTY SCHOOL                  ,SC,29307-1424,Proprietary  ,1,30,31,48,211,259
04202900,JOLEI'S HAIR INSTITUTE                  ,SC,29114-9337,Proprietary  ,0,4,4,5,53,58
00345800,AUGUSTANA COLLEGE                       ,SD,57197-0001,Private      ,10,13,23,1897,311,2208
00345900,BLACK HILLS STATE UNIVERSITY            ,SD,57799-9670,Public       ,28,54,82,2599,2030,4629
00346100,DAKOTA WESLEYAN UNIVERSITY              ,SD,57301-4398,Private      ,3,8,11,805,293,1098
00346300,DAKOTA STATE UNIVERSITY                 ,SD,57042-1799,Public       ,8,30,38,1367,965,2332
00346500,MOUNT MARTY COLLEGE                     ,SD,57078-3724,Private      ,3,11,14,578,509,1087
00346600,NORTHERN STATE UNIVERSITY               ,SD,57401-7198,Public       ,10,23,33,1751,950,2701
00346700,PRESENTATION COLLEGE                    ,SD,57401-1299,Private      ,11,9,20,587,560,1147
00346900,UNIVERSITY OF SIOUX FALLS               ,SD,57105-1699,Private      ,22,25,47,1560,772,2332
00347000,SOUTH DAKOTA SCH OF MINES & TECH        ,SD,57701-3995,Public       ,17,20,37,1834,745,2579
00347100,SOUTH DAKOTA STATE UNIVERSITY           ,SD,57007-2298,Public       ,47,82,129,8995,3546,12541
00347400,UNIVERSITY OF SOUTH DAKOTA              ,SD,57069-2390,Public       ,50,116,166,5657,5178,10835
00405600,SIOUX FALLS SEMINARY                    ,SD,57105-2729,Private      ,0,3,3,3,108,111
00405700,NATIONAL AMERICAN UNIVERSITY            ,SD,57701-3692,Proprietary  ,154,1956,2110,1182,16055,17237
00405707,NATIONAL AMERICAN UNIVERSITY            ,SD,57105-0000,Proprietary  ,3,40,43,76,903,979
00492900,MCKENNAN HOSP-RADOLOGICAL TECH          ,SD,57101-0000,Private      ,0,4,4,20,52,72
00530900,LAKE AREA TECHNICAL INSTITUTE           ,SD,57201-0730,Public       ,11,20,31,1067,732,1799
00598700,AVERA SACRED HEART HOSPITAL SCHOOL OF RA,SD,57078-3899,Private      ,0,0,0,10,13,23
00776400,SOUTHEAST TECHNICAL INST                ,SD,57107-0000,Public       ,23,67,90,1601,2061,3662
00828400,MITCHELL TECHNICAL INSTITUTE            ,SD,57301-9931,Public       ,11,13,24,774,492,1266
01013800,STEWART SCHOOL                          ,SD,57104-0000,Proprietary  ,11,9,20,117,130,247
01014804,COLORADO TECHNICAL UNIVERSITY           ,SD,57108-2272,Proprietary  ,1,15,16,199,1010,1209
01017000,WESTERN DAKOTA TECHNICAL INSTITUTE      ,SD,57701-4018,Public       ,14,60,74,602,1270,1872
01147701,SIOUX VALLEY HOSP-MEDICAL TECH          ,SD,57117-5039,Private      ,1,3,4,25,47,72
01465900,OGLALA LAKOTA COLLEGE                   ,SD,57752-0490,Public       ,32,176,208,409,1716,2125
02137100,BLACK HILLS BEAUTY COLLEGE              ,SD,57701-0000,Proprietary  ,10,15,25,102,153,255
02143700,SINTE GLESKA UNIVERSITY                 ,SD,57570-0000,Public       ,30,129,159,185,774,959
02144600,KILIAN COMMUNITY COLLEGE                ,SD,57103-7020,Private      ,13,31,44,134,474,608
02277300,SISSETON WAHPETON COLLEGE               ,SD,57262-0000,Public       ,5,40,45,46,220,266
02297800,HEADLINES ACADEMY                       ,SD,57701-0000,Proprietary  ,4,15,19,67,174,241
00347700,AQUINAS COLLEGE                         ,TN,37205-2086,Private      ,7,30,37,365,1104,1469
00347800,AUSTIN PEAY STATE UNIVERSITY            ,TN,37044-0002,Public       ,142,439,581,9146,9745,18891
00347900,BELMONT UNIVERSITY                      ,TN,37212-3757,Private      ,104,111,215,8214,4424,12638
00348000,BETHEL UNIVERSITY                       ,TN,38201-1705,Private      ,49,640,689,2405,7978,10383
00348100,CARSON-NEWMAN COLLEGE                   ,TN,37760-2204,Private      ,58,23,81,3523,897,4420
00348200,CHRISTIAN BROTHERS UNIVERSITY           ,TN,38104-5581,Private      ,38,122,160,2673,2609,5282
00348300,COLUMBIA STATE COMMUNITY COLLEGE        ,TN,38401-5653,Public       ,79,168,247,3542,4223,7765
00348500,CUMBERLAND UNIVERSITY                   ,TN,37087-3554,Private      ,14,55,69,1638,1354,2992
00348600,LIPSCOMB UNIVERSITY                     ,TN,37204-3951,Private      ,55,88,143,4041,2890,6931
00348700,EAST TENNESSEE STATE UNIV - MAIN CAMPUS ,TN,37614-2857,Public       ,153,255,408,13685,9667,23352
00348701,EAST TENNESSEE STATE UNIV - MEDICINE    ,TN,37614-1708,Public       ,8,17,25,392,749,1141
00348709,EAST TENNESSEE STATE UNIV - PHARMACY    ,TN,37614-1704,Public       ,3,11,14,193,539,732
00349000,FISK UNIVERSITY                         ,TN,37208-3045,Private      ,30,25,55,1671,848,2519
00349200,FREED-HARDEMAN UNIVERSITY               ,TN,38340-2399,Private      ,11,47,58,1951,1017,2968
00349400,HIWASSEE COLLEGE                        ,TN,37354-4001,Private      ,4,10,14,378,176,554
00349500,JOHNSON UNIVERSITY                      ,TN,37998-9775,Private      ,8,17,25,915,662,1577
00349600,KING COLLEGE                            ,TN,37620-2699,Private      ,16,105,121,1593,2489,4082
00349900,LANE COLLEGE                            ,TN,38301-4598,Private      ,36,44,80,2761,1329,4090
00350000,LEE UNIVERSITY                          ,TN,37320-0000,Private      ,41,95,136,4544,2053,6597
00350100,LEMOYNE-OWEN COLLEGE                    ,TN,38126-6510,Private      ,48,163,211,2119,3332,5451
00350200,LINCOLN MEMORIAL UNIVERSITY             ,TN,37752-7920,Private      ,18,118,136,2250,4717,6967
00350400,MARTIN METHODIST COLLEGE                ,TN,38478-2799,Private      ,6,19,25,1061,543,1604
00350500,MARYVILLE COLLEGE                       ,TN,37804-5907,Private      ,26,13,39,2247,395,2642
00350600,MEHARRY MEDICAL COLLEGE                 ,TN,37208-0000,Private      ,3,10,13,121,1559,1680
00350700,MEMPHIS COLLEGE OF ART                  ,TN,38104-2764,Private      ,11,26,37,925,618,1543
00350900,UNIVERSITY OF MEMPHIS (THE)             ,TN,38152-4611,Public       ,258,634,892,20296,22150,42446
00351000,MIDDLE TENNESSEE STATE UNIV             ,TN,37130-0000,Public       ,266,411,677,25889,16406,42295
00351100,MILLIGAN COLLEGE                        ,TN,37682-4001,Private      ,5,26,31,1360,790,2150
00351700,SOUTHERN COLLEGE OF OPTOMETRY           ,TN,38104-2222,Private      ,1,5,6,70,722,792
00351800,SOUTHERN ADVENTIST UNIVERSITY           ,TN,37315-0370,Private      ,29,17,46,3078,1146,4224
00351900,RHODES COLLEGE                          ,TN,38112-1690,Private      ,49,40,89,3667,917,4584
00352200,TENNESSEE STATE UNIVERSITY              ,TN,37209-1561,Public       ,211,383,594,12117,11857,23974
00352300,TENNESSEE TECHNOLOGICAL UNIV            ,TN,38505-0001,Public       ,110,151,261,11649,4696,16345
00352400,TENNESSEE TEMPLE UNIVERSITY             ,TN,37404-3587,Private      ,22,98,120,502,1032,1534
00352500,TENNESSEE WESLEYAN COLLEGE              ,TN,37371-0040,Private      ,10,22,32,1370,670,2040
00352600,TREVECCA NAZARENE UNIVERSITY            ,TN,37210-2877,Private      ,16,145,161,1702,2548,4250
00352700,TUSCULUM COLLEGE                        ,TN,37743-0001,Private      ,42,80,122,2568,2181,4749
00352800,UNION UNIVERSITY                        ,TN,38305-3697,Private      ,32,171,203,3374,3723,7097
00352900,UNIVERSITY OF TENNESSEE-CHATTANOOGA     ,TN,37403-2598,Public       ,180,203,383,16805,6853,23658
00353000,UNIVERSITY OF TENNESSEE-KNOXVILLE       ,TN,37996-0150,Public       ,302,293,595,30312,12338,42650
00353006,UNIVERSITY OF TENNESSEE-HEALTH SCI CTR  ,TN,38103-0000,Public       ,20,84,104,743,4126,4869
00353100,UNIVERSITY OF TENNESSEE-MARTIN          ,TN,38238-0002,Public       ,80,133,213,8815,4625,13440
00353400,UNIVERSITY OF THE SOUTH                 ,TN,37383-1000,Private      ,26,8,34,2518,162,2680
00353500,VANDERBILT UNIVERSITY                   ,TN,37240-0001,Private      ,187,127,314,19733,7748,27481
00353501,VANDERBILT UNIV MED CTR ALLIEDHEAL      ,TN,37232-5510,Private      ,2,13,15,106,476,582
00353502,VANDERBILT UNIVERSITY - SCHOOL OF MEDICI,TN,37232-0000,Private      ,6,7,13,386,1090,1476
00353600,BRYAN COLLEGE                           ,TN,37321-7000,Private      ,9,82,91,1401,998,2399
00399800,CHATTANOOGA STATE COMMUNITY COLLEGE     ,TN,37406-1097,Public       ,168,599,767,6578,11896,18474
00399900,CLEVELAND STATE COMMUNITY COLLEGE       ,TN,37312-2858,Public       ,49,129,178,2350,3309,5659
00402500,TN TECHNOLOGY CTR AT KNOXVILLE          ,TN,37919-2327,Public       ,23,107,130,756,2247,3003
00402600,TENNESSEE TECH. CNTR AT CROSSVILLE      ,TN,38555-4142,Public       ,12,36,48,487,757,1244
00461700,NATIONAL COLLEGE OF BUSINESS & TECH     ,TN,37211-6605,Proprietary  ,20,217,237,343,2458,2801
00493400,DAYMAR INSTITUTE                        ,TN,37217-1056,Proprietary  ,11,59,70,332,1974,2306
00493401,DAYMAR INSTITUTE - CLARKSVILLE          ,TN,37040-6718,Proprietary  ,8,86,94,117,782,899
00493404,DAYMAR INSTITUTE - MURFREESBORO         ,TN,37128-5508,Proprietary  ,9,50,59,112,428,540
00493700,JACKSON STATE COMMUNITY COLLEGE         ,TN,38301-3797,Public       ,48,166,214,3573,5120,8693
00493800,SOUTH COLLEGE                           ,TN,37909-3323,Proprietary  ,20,206,226,655,2724,3379
00494700,WEST TENNESSEE BUSINESS COLLEGE         ,TN,38301-3256,Proprietary  ,9,54,63,199,824,1023
00528000,TN TECHNOLOGY CTR AT COVINGTON          ,TN,38019-0249,Public       ,6,31,37,198,532,730
00528100,TN TECHNOLOGY CTR AT ELIZABETHTON       ,TN,37643-0789,Public       ,17,123,140,435,1188,1623
00528200,TN TECHNOLOGY CTR AT HARTSVILLE         ,TN,37074-0000,Public       ,11,31,42,266,480,746
00528300,TN TECHNOLOGY CTR AT NEWBERN            ,TN,38059-1198,Public       ,4,31,35,160,691,851
00530700,TN TECHNOLOGY CTR AT MCMINNVILLE        ,TN,37110-1322,Public       ,9,41,50,262,508,770
00535100,TENNESSEE TECHNOLOGY CENTER AT MORRISTOW,TN,37813-2094,Public       ,28,56,84,594,1311,1905
00535200,TN TECHNOLOGY CENTER AT MCKENZIE        ,TN,38201-1620,Public       ,4,24,28,186,417,603
00535300,TN TECHNOLOGY CENTER AT LIVINGSTON      ,TN,38570-0219,Public       ,11,35,46,297,540,837
00535400,TN TECHNOLOGY CTR AT JACKSON            ,TN,38301-0000,Public       ,13,62,75,545,1486,2031
00535600,TENNESSEE TECHNOLOGY CENTER AT HOHENWALD,TN,38462-0000,Public       ,3,29,32,271,548,819
00535700,TENNESSEE TECHNOLOGY CENTER AT CRUMP    ,TN,38327-3402,Public       ,7,19,26,198,528,726
00535800,TN TECHNOLOGY CENTER AT ATHENS          ,TN,37371-0848,Public       ,8,17,25,279,527,806
00535900,TENNESSEE TECHNOLOGY CENTER AT NASHVILLE,TN,37209-0000,Public       ,28,134,162,806,2700,3506
00536000,TENNESSEE TECHNOLOGY CENTER AT MEMPHIS  ,TN,38105-3604,Public       ,61,217,278,1347,3553,4900
00537800,NORTHEAST STATE COMMUNITY COLLEGE       ,TN,37617-0246,Public       ,89,243,332,3825,6111,9936
00537900,TN TECHNOLOGY CTR AT SHELBYVILLE        ,TN,37160-3697,Public       ,14,36,50,385,915,1300
00683500,DYERSBURG STATE COMMUNITY COLLEGE       ,TN,38024-0000,Public       ,40,142,182,2030,3877,5907
00683600,MOTLOW STATE COMMUNITY COLLEGE          ,TN,37388-7972,Public       ,64,146,210,3554,4106,7660
00732941,ITT TECHNICAL INSTITUTE                 ,TN,37932-3343,Proprietary  ,128,618,746,1228,4033,5261
00732958,ITT TECHNICAL INSTITUTE                 ,TN,37214-3717,Proprietary  ,79,441,520,920,3028,3948
00743900,FOUNTAINHEAD COLLEGE OF TECHNOLOGY      ,TN,37918-2583,Proprietary  ,6,37,43,251,904,1155
00778200,TENNESSEE TECHNOLOGY CENTER AT DICKSON  ,TN,37055-0000,Public       ,18,68,86,429,1025,1454
00778300,MIDDLE TENNESSEE SCH OF ANESTHESIA      ,TN,37116-0000,Private      ,2,3,5,25,200,225
00793803,NASHVILLE AUTO DIESEL COLLEGE - NASHVILL,TN,37206-3210,Proprietary  ,283,128,411,3207,1397,4604
00814500,NASHVILLE STATE TECH CMNTY COLLEGE      ,TN,37209-0000,Public       ,143,504,647,5201,11912,17113
00865500,GENESIS CAREER COLLEGE OF COOKEVILLE    ,TN,38501-1959,Proprietary  ,25,89,114,204,613,817
00885900,JOHN A GUPTON COLLEGE                   ,TN,37203-2934,Private      ,0,8,8,120,244,364
00886300,WALTERS STATE COMMUNITY COLLEGE         ,TN,37813-6899,Public       ,82,225,307,4946,5602,10548
00946400,TN TECHNOLOGY CTR AT PULASKI            ,TN,38478-4541,Public       ,12,37,49,179,431,610
00956700,TENNESSEE SCHOOL OF BEAUTY              ,TN,37921-3303,Proprietary  ,17,49,66,281,645,926
00971000,TENNESSEE TECHNOLOGY CENTER AT ONEIDA/HU,TN,37756-4149,Public       ,6,11,17,105,273,378
00991200,VOLUNTEER STATE COMMUNITY COLLEGE       ,TN,37066-3188,Public       ,109,299,408,4855,6702,11557
00991400,ROANE STATE COMMUNITY COLLEGE           ,TN,37748-8664,Public       ,88,227,315,4400,5925,10325
00998200,VICTORY UNIVERSITY                      ,TN,38111-4745,Proprietary  ,38,299,337,796,3828,4624
01032600,TN TECHNOLOGY CTR AT HARRIMAN           ,TN,37748-1109,Public       ,6,15,21,206,439,645
01043900,SOUTHWEST TENNESSEE COMMUNITY COLLG     ,TN,38104-3322,Public       ,248,797,1045,10132,18876,29008
01044700,"PLAZA BEAUTY SCHOOL, INC.               ",TN,38117-4822,Proprietary  ,8,24,32,221,513,734
01046000,AMERICAN BAPTIST THEOLOGICAL SEMINA     ,TN,37207-4994,Private      ,1,13,14,41,264,305
01052900,MEMPHIS THEOLOGICAL SEMINARY            ,TN,38104-0000,Private      ,1,24,25,32,447,479
01070000,TN TECHNOLOGY CENTER AT JACKSBORO       ,TN,37757-2461,Public       ,7,16,23,189,367,556
01155300,WM R MOORE COLLEGE OF TECHNOLOGY        ,TN,38104-0000,Private      ,7,40,47,180,569,749
01216400,TENNESSEE TECHNICAL CNTR AT RIPLEY      ,TN,38063-7359,Public       ,9,9,18,112,363,475
01254700,EMMANUEL SCHOOL OF RELIGION             ,TN,37601-0000,Private      ,0,11,11,6,94,100
01269300,PELLISSIPPI STATE COMMUNITY COLLEGE     ,TN,37933-0990,Public       ,176,353,529,7379,8506,15885
02069303,VATTEROTT COLLEGE -                     ,TN,38016-5877,Proprietary  ,11,71,82,214,775,989
02092800,TENNESSEE TECHNOLOGY CENTER AT WHITEVILL,TN,38075-0000,Public       ,6,13,19,159,329,488
02103500,TN TECHNOLOGY CTR AT MURFREESBORO       ,TN,37129-0000,Public       ,12,54,66,486,1084,1570
02106400,O'MORE COLLEGE OF DESIGN                ,TN,37064-0000,Private      ,3,5,8,185,111,296
02125300,NASHVILLE CLG OF MEDICAL CAREERS        ,TN,37115-0000,Proprietary  ,4,36,40,56,318,374
02153100,JON NAVE UNIVERSITY OF COSMETOLOGY      ,TN,37013-3347,Proprietary  ,24,52,76,272,464,736
02157100,CONCORDE CAREER COLLEGE                 ,TN,38137-0000,Proprietary  ,55,269,324,845,3135,3980
02160307,INTERNATIONAL ACADEMY OF DESIGN & TECH  ,TN,37212-0000,Proprietary  ,6,15,21,386,664,1050
02188300,PENTECOSTAL THEOLOGICAL SEMINARY        ,TN,37320-0000,Private      ,0,18,18,4,280,284
02204200,"CHATTANOOGA COLLEGE - MEDICAL, DENTAL AN",TN,37411-0000,Proprietary  ,19,84,103,301,1130,1431
02237900,TN TECHNOLOGY CENTER AT PARIS           ,TN,38242-0000,Public       ,7,54,61,215,636,851
02255000,KNOXVILLE INSTITUTE OF HAIR DESIGN      ,TN,37917-0000,Proprietary  ,6,38,44,110,392,502
02257400,ARNOLD'S BEAUTY SCHOOL                  ,TN,38358-0000,Proprietary  ,6,7,13,64,100,164
02263104,ANTHEM COLLEGE - ANTHEM CAREER COLLEGE -,TN,37214-2531,Proprietary  ,23,78,101,161,585,746
02275500,REUBEN-ALLEN COLLEGE                    ,TN,37922-0000,Proprietary  ,7,40,47,160,389,549
02278700,MR WAYNES SCH OF UNISEX HAIR DESIGN     ,TN,38501-0000,Proprietary  ,3,8,11,39,81,120
02293900,VOLUNTEER BEAUTY ACADEMY-NASHVILLE      ,TN,37115-2112,Proprietary  ,5,9,14,41,114,155
02294000,VOLUNTEER BEAUTY ACADEMY-DYERSBURG      ,TN,38024-1622,Proprietary  ,1,9,10,39,144,183
02326200,KAPLAN CAREER INSTITUTE                 ,TN,37212-5318,Proprietary  ,26,127,153,306,1611,1917
02326300,MEDVANCE INSTITUTE                      ,TN,38501-4305,Proprietary  ,24,64,88,154,425,579
02335900,VOLUNTEER BEAUTY ACADEMY-NASHVILLE      ,TN,37209-3033,Proprietary  ,0,12,12,74,214,288
02539800,QUEEN CITY COLLEGE                      ,TN,37042-0000,Proprietary  ,7,50,57,68,439,507
02540000,TENNESSEE ACADEMY OF COSMETOLOGY        ,TN,38133-0000,Proprietary  ,7,26,33,235,575,810
02578200,NOSSI COLLEGE OF ART                    ,TN,37115-5138,Proprietary  ,11,18,29,446,467,913
02595000,FAYETTEVILLE BEAUTY SCHOOL              ,TN,37334-2909,Proprietary  ,6,11,17,36,96,132
02599710,VATTEROTT COLLEGE - MEMPHIS             ,TN,38132-1714,Proprietary  ,29,183,212,527,2288,2815
02605501,REMINGTON COLLEGE - MEMPHIS CAMPUS      ,TN,38132-0000,Private      ,39,199,238,767,2629,3396
02609204,VATTEROTT COLLEGE - VATTEROTT CAREER COL,TN,38133-4727,Proprietary  ,17,113,130,354,1282,1636
02614200,MILLER MOTTE BUSINESS COLLEGE           ,TN,37040-6023,Proprietary  ,15,111,126,311,1217,1528
02614203,MILLER - MOTTE TECHNICAL COLLEGE - CHATT,TN,37421-7220,Proprietary  ,32,118,150,365,1229,1594
02614204,MILLER - MOTTE TECHNICAL COLLEGE - MADIS,TN,37072-1870,Proprietary  ,34,101,135,230,800,1030
03001800,FREE WILL BAPTIST BIBLE COLLEGE         ,TN,37205-2498,Private      ,5,13,18,255,191,446
03008800,FRANKLIN ACADEMY                        ,TN,37312-3939,Private      ,7,22,29,64,139,203
03010606,VIRGINIA COLLEGE - SCH OF BUSNSS & HLTH ,TN,37411-5600,Proprietary  ,28,116,144,212,1033,1245
03024900,TENNESSEE ACADEMY OF COSMETOLOGY        ,TN,38125-3442,Proprietary  ,4,30,34,221,455,676
03061100,GENESIS CAREER COLLEGE OF LEBANON       ,TN,37087-2718,Proprietary  ,18,46,64,125,340,465
03073404,ITT TECHNICAL INSTITUTE -               ,TN,37411-5336,Proprietary  ,0,1,1,0,2,2
03076405,BRYMAN SCHOOL OF ARIZONA (THE) - ANTHEM ,TN,38134-7345,Proprietary  ,5,28,33,53,244,297
03079100,NORTH CENTRAL INSTITUTE                 ,TN,37042-3116,Proprietary  ,5,33,38,50,284,334
03088800,"WATKINS COLLEGE OF ART, DESIGN & FILM   ",TN,37228-1306,Private      ,14,9,23,731,412,1143
03126900,STYLES & PROFILES BEAUTY COLLEGE        ,TN,38375-2109,Proprietary  ,3,2,5,26,37,63
03355400,RICHMONT GRADUATE UNIVERSITY            ,TN,37404-0000,Private      ,1,10,11,9,296,305
03440300,BAPTIST MEMORIAL COLLEGE OF HEALTH      ,TN,38104-3104,Private      ,18,81,99,1284,3209,4493
03480303,MEDVANCE INSTITUTE - NASHVILLE          ,TN,37203-1536,Proprietary  ,14,94,108,150,860,1010
03513500,WILLIAMSON CHRISTIAN COLLEGE            ,TN,37067-8237,Private      ,1,3,4,42,111,153
03647300,NEW CONCEPTS SCHOOL OF COSMETOLOGY      ,TN,37311-7373,Proprietary  ,2,16,18,33,119,152
03683300,INTERNATIONAL BARBER & STYLE COLLEGE    ,TN,37209-2205,Proprietary  ,3,49,52,75,307,382
03701300,MEMPHIS INSTITUTE OF BARBERING          ,TN,38107-4334,Proprietary  ,11,61,72,220,632,852
03774400,SHEAR ACADEMY                           ,TN,38555-4177,Proprietary  ,1,9,10,17,90,107
03830300,SAE INSTITUTE OF TECHNOLOGY             ,TN,37203-4310,Proprietary  ,6,21,27,184,309,493
03840300,OXFORD GRADUATE SCHOOL                  ,TN,37321-6736,Private      ,0,4,4,4,48,52
03841300,CAREER BEAUTY COLLEGE                   ,TN,38464-3634,Proprietary  ,1,8,9,27,68,95
03920300,INSTITUTE OF HAIR DESIGN                ,TN,38310-1801,Proprietary  ,0,11,11,26,82,108
03930300,BUCHANAN BEAUTY COLLEGE                 ,TN,37160-2741,Proprietary  ,4,10,14,44,108,152
03982300,VISIBLE SCHOOL - MUSIC AND WORSHIPS ARTS,TN,38104-5814,Private      ,2,3,5,175,143,318
04035300,TENNESSEE CAREER INSTITUTE              ,TN,38401-6335,Proprietary  ,7,29,36,82,277,359
04124100,ELITE COLLEGE OF COSMETOLOGY            ,TN,38351-1431,Proprietary  ,4,6,10,40,94,134
04157200,LOVE BEAUTY SCHOOL                      ,TN,37355-2950,Proprietary  ,6,14,20,30,113,143
04165000,MERIDIAN INSTITUTE OF SURGICAL ASSISTING,TN,37080-0758,Proprietary  ,0,46,46,7,358,365
04174600,NASHVILLE BARBER AND STYLE ACADEMY      ,TN,37208-2826,Proprietary  ,4,28,32,90,271,361
04213800,SALON PROFESSIONAL ACADEMY (THE)        ,TN,37214-2163,Proprietary  ,7,14,21,40,60,100
00353700,ABILENE CHRISTIAN UNIVERSITY            ,TX,79699-3701,Private      ,82,69,151,6343,1860,8203
00353900,ALVIN COMMUNITY COLLEGE                 ,TX,77511-4807,Public       ,76,185,261,1858,3532,5390
00354000,AMARILLO COLLEGE                        ,TX,79109-2446,Public       ,105,341,446,3987,7896,11883
00354100,ANGELO STATE UNIVERSITY                 ,TX,76909-5069,Public       ,91,108,199,7450,3627,11077
00354300,AUSTIN COLLEGE                          ,TX,75090-4440,Private      ,20,8,28,2455,316,2771
00354400,AUSTIN PRESBYTERIAN THEOLOGICAL SEM     ,TX,78705-5797,Private      ,0,7,7,12,192,204
00354500,BAYLOR UNIVERSITY                       ,TX,76798-1458,Private      ,390,166,556,27229,6086,33315
00354600,COASTAL BEND COLLEGE                    ,TX,78102-2197,Public       ,51,113,164,1661,2348,4009
00354900,BLINN COLLEGE                           ,TX,77833-4098,Public       ,305,211,516,14314,6504,20818
00355300,CISCO JUNIOR COLLEGE                    ,TX,76437-9803,Public       ,66,103,169,2363,3017,5380
00355400,CLARENDON COLLEGE                       ,TX,79226-0000,Public       ,21,62,83,591,727,1318
00355600,COMMONWEALTH INST OF FUNERAL SVC        ,TX,77090-5918,Private      ,4,40,44,97,581,678
00355700,CONCORDIA UNIVERSITY TEXAS              ,TX,78726-4141,Private      ,25,146,171,1998,3096,5094
00355800,NORTH CENTRAL TEXAS COLLEGE             ,TX,76240-4699,Public       ,111,249,360,4124,6169,10293
00356000,DALLAS BAPTIST UNIVERSITY               ,TX,75211-9299,Private      ,57,222,279,4085,5377,9462
00356100,CEDAR VALLEY COLLEGE                    ,TX,75134-0000,Public       ,86,359,445,2625,5847,8472
00356200,DALLAS THEOLOGICAL SEM                  ,TX,75204-0000,Private      ,1,48,49,43,942,985
00356300,DEL MAR COLLEGE                         ,TX,78404-3897,Public       ,146,400,546,5859,9284,15143
00356400,EAST TEXAS BAPTIST UNIVERSITY           ,TX,75670-1423,Private      ,13,19,32,1894,609,2503
00356500,TEXAS A&M UNIVERSITY - COMMERCE         ,TX,75429-3011,Public       ,92,326,418,6437,9775,16212
00356800,FRANK PHILLIPS COLLEGE                  ,TX,79008-0000,Public       ,13,29,42,467,637,1104
00357000,GRAYSON COUNTY COLLEGE                  ,TX,75020-8299,Public       ,59,238,297,1942,4763,6705
00357100,HARDIN-SIMMONS UNIVERSITY               ,TX,79698-6050,Private      ,34,33,67,2498,1163,3661
00357200,TRINITY VALLEY COMMUNITY COLLEGE        ,TX,75751-2734,Public       ,83,265,348,3021,5441,8462
00357300,HILL COLLEGE                            ,TX,76645-2711,Public       ,23,97,120,1092,1800,2892
00357301,HILL COLLEGE                            ,TX,76031-0000,Public       ,37,123,160,1096,2572,3668
00357400,HOWARD COLLEGE                          ,TX,79720-0213,Public       ,32,99,131,1729,2763,4492
00357500,HOWARD PAYNE UNIVERSITY                 ,TX,76801-2715,Private      ,20,12,32,1582,453,2035
00357600,HOUSTON BAPTIST UNIVERSITY              ,TX,77074-3298,Private      ,109,118,227,5821,3936,9757
00357700,HUSTON - TILLOTSON UNIVERSITY           ,TX,78702-2795,Private      ,18,86,104,1409,1138,2547
00357800,UNIVERSITY OF THE INCARNATE WORD        ,TX,78209-6398,Private      ,110,412,522,7874,8547,16421
00357900,JACKSONVILLE COLLEGE                    ,TX,75766-4759,Private      ,6,6,12,305,264,569
00358000,KILGORE COLLEGE                         ,TX,75662-3299,Public       ,82,189,271,3562,5456,9018
00358100,LAMAR UNIVERSITY-BEAUMONT               ,TX,77710-0042,Public       ,151,736,887,9839,11840,21679
00358200,LAREDO COMMUNITY COLLEGE                ,TX,78040-4395,Public       ,183,151,334,6783,4658,11441
00358300,LEE COLLEGE                             ,TX,77520-4796,Public       ,46,179,225,2036,4617,6653
00358400,LETOURNEAU UNIVERSITY                   ,TX,75607-0000,Private      ,13,163,176,1777,3111,4888
00358500,LON MORRIS COLLEGE                      ,TX,75766-2900,Private      ,0,0,0,432,168,600
00358600,LUBBOCK CHRISTIAN UNIVERSITY            ,TX,79407-2099,Private      ,25,75,100,1880,1795,3675
00358800,UNIVERSITY OF MARY HARDIN-BAYLOR        ,TX,76513-2599,Private      ,60,70,130,4764,2032,6796
00359000,MCLENNAN COMMUNITY COLLEGE              ,TX,76708-1498,Public       ,107,247,354,4985,9033,14018
00359100,MCMURRY UNIVERSITY                      ,TX,79697-0001,Private      ,25,42,67,2042,937,2979
00359200,MIDWESTERN STATE UNIVERSITY             ,TX,76308-2099,Public       ,72,104,176,4741,3559,8300
00359300,NAVARRO COLLEGE                         ,TX,75110-4818,Public       ,145,357,502,5351,7617,12968
00359400,UNIVERSITY OF NORTH TEXAS               ,TX,76203-5017,Public       ,459,683,1142,35387,23999,59386
00359500,OBLATE SCHOOL OF THEOLOGY               ,TX,78216-0000,Private      ,0,3,3,10,82,92
00359600,ODESSA COLLEGE                          ,TX,79764-7127,Public       ,49,130,179,1855,3043,4898
00359800,OUR LADY OF THE LAKE UNIVERSITY         ,TX,78207-4689,Private      ,46,133,179,2871,4097,6968
00359900,UNIVERSITY OF TEXAS - PAN AMERICAN      ,TX,78541-2999,Public       ,303,309,612,19276,11760,31036
00360000,PANOLA COLLEGE                          ,TX,75633-2397,Public       ,37,101,138,1170,2394,3564
00360100,PARIS JR COLLEGE                        ,TX,75460-6298,Public       ,97,212,309,2362,4313,6675
00360200,PAUL QUINN COLLEGE                      ,TX,75241-4398,Private      ,9,40,49,454,973,1427
00360300,RANGER COLLEGE                          ,TX,76470-3298,Public       ,32,59,91,791,963,1754
00360305,RANGER COLLEGE-STEPHENVILE BEAUTY COLLEG,TX,76401-5136,Public       ,8,5,13,83,118,201
00360400,RICE UNIVERSITY                         ,TX,77251-1892,Private      ,104,127,231,11977,3903,15880
00360600,SAM HOUSTON STATE UNIVERSITY            ,TX,77340-0000,Public       ,349,366,715,21564,10936,32500
00360700,ALAMO CMTY CLG DISTRICT PROGRAM         ,TX,78207-0000,Public       ,78,169,247,2350,4373,6723
00360800,ST PHILLIPS COLLEGE                     ,TX,78203-2098,Public       ,148,553,701,6569,13544,20113
00360900,SAN JACINTO CLG-CENTRAL-NORTH-SOUTH     ,TX,77501-0000,Public       ,378,881,1259,11951,19048,30999
00361000,SCHREINER UNIVERSITY                    ,TX,78028-5697,Private      ,18,19,37,1569,584,2153
00361100,SOUTH PLAINS COLLEGE                    ,TX,79336-6504,Public       ,122,197,319,5383,6090,11473
00361200,UNIV OF HOUSTON-DOWNTOWN                ,TX,77002-1001,Public       ,290,635,925,14260,20831,35091
00361300,SOUTHERN METHODIST UNIVERSITY           ,TX,75275-0181,Private      ,107,170,277,9300,6472,15772
00361400,SOUTHWEST TEXAS JR COLLEGE              ,TX,78801-6221,Public       ,86,156,242,2945,3043,5988
00361500,TEXAS STATE UNIVERSITY--SAN MARCOS      ,TX,78666-4602,Public       ,550,426,976,38582,17790,56372
00361600,SOUTHWESTERN ASSEMBLIES OF GOD UNIV     ,TX,75165-2397,Private      ,25,50,75,1788,1493,3281
00361800,SOUTHWESTERN CHRISTIAN COLLEGE          ,TX,75160-3400,Private      ,5,12,17,252,250,502
00361900,SOUTHWESTERN ADVENTIST UNIVERSITY       ,TX,76059-1922,Private      ,11,11,22,806,488,1294
00362000,SOUTHWESTERN UNIVERSITY                 ,TX,78626-6111,Private      ,26,10,36,2561,382,2943
00362100,ST EDWARDS UNIVERSITY                   ,TX,78704-0000,Private      ,70,115,185,5993,3628,9621
00362300,ST MARY'S UNIV OF SAN ANTONIO           ,TX,78228-8500,Private      ,76,84,160,6008,4146,10154
00362400,STEPHEN F AUSTIN STATE UNIVERSITY       ,TX,75962-0001,Public       ,258,223,481,17663,6279,23942
00362500,SUL ROSS STATE UNIVERSITY               ,TX,79832-0113,Public       ,37,93,130,1802,2111,3913
00362600,TARRANT COUNTY COLLEGE                  ,TX,76102-6599,Public       ,574,2001,2575,21244,38613,59857
00362700,TEMPLE COLLEGE                          ,TX,76504-7435,Public       ,71,325,396,2621,6949,9570
00362800,TEXARKANA COLLEGE                       ,TX,75599-0001,Public       ,40,201,241,1716,3600,5316
00363000,PRAIRIE VIEW A&M UNIVERSITY             ,TX,77446-2967,Public       ,202,194,396,12878,7323,20201
00363100,TARLETON STATE UNIVERSITY               ,TX,76402-0000,Public       ,172,260,432,9611,8117,17728
00363200,TEXAS A&M UNIVERSITY                    ,TX,77842-0000,Public       ,743,346,1089,47970,12105,60075
00363400,TEXAS STATE TECHNICAL CLG AT WACO       ,TX,76705-1695,Public       ,71,178,249,3376,5096,8472
00363500,TEXAS CHIROPRACTIC COLLEGE              ,TX,77505-1699,Private      ,1,10,11,37,372,409
00363600,TEXAS CHRISTIAN UNIVERSITY              ,TX,76129-0001,Private      ,204,169,373,15972,5349,21321
00363700,JARVIS CHRISTIAN COLLEGE                ,TX,75765-1470,Private      ,7,3,10,732,272,1004
00363800,TEXAS COLLEGE                           ,TX,75702-4500,Private      ,35,77,112,1250,1214,2464
00363900,TEXAS A&M UNIVERSITY-KINGSVILLE         ,TX,78363-8203,Public       ,152,206,358,10110,8091,18201
00364100,TEXAS LUTHERAN UNIVERSITY               ,TX,78155-5999,Private      ,28,8,36,2463,420,2883
00364200,TEXAS SOUTHERN UNIVERSITY               ,TX,77004-4598,Public       ,204,399,603,12483,16357,28840
00364400,TEXAS TECH UNIVERSITY                   ,TX,79409-2011,Public       ,450,330,780,29762,13283,43045
00364500,TEXAS WESLEYAN UNIVERSITY               ,TX,76105-1536,Private      ,38,99,137,1851,4733,6584
00364600,TEXAS WOMAN'S UNIVERSITY                ,TX,76204-5587,Public       ,117,349,466,9783,15722,25505
00364700,TRINITY UNIVERSITY                      ,TX,78212-7200,Private      ,42,31,73,4218,1189,5407
00364800,TYLER JUNIOR COLLEGE                    ,TX,75701-3436,Public       ,148,299,447,8662,9070,17732
00365100,UNIVERSITY OF DALLAS                    ,TX,75062-4799,Private      ,35,79,114,2465,2112,4577
00365200,UNIVERSITY OF HOUSTON                   ,TX,77204-2010,Public       ,597,795,1392,39219,33802,73021
00365400,UNIVERSITY OF ST THOMAS                 ,TX,77006-4626,Private      ,34,102,136,2012,3384,5396
00365600,UNIVERSITY OF TEXAS-ARLINGTON           ,TX,76019-0000,Public       ,342,1231,1573,26066,33389,59455
00365800,UNIVERSITY OF TEXAS-AUSTIN              ,TX,78713-7758,Public       ,576,499,1075,50927,24153,75080
00365900,UT HEALTH CENTER-SAN ANTONIO            ,TX,78229-3900,Public       ,35,123,158,1815,4893,6708
00366100,UNIVERSITY OF TEXAS-EL PASO             ,TX,79968-0629,Public       ,330,525,855,18651,16042,34693
00366200,VICTORIA COLLEGE                        ,TX,77901-4494,Public       ,58,159,217,1965,3663,5628
00366300,WAYLAND BAPTIST UNIVERSITY              ,TX,79072-6998,Private      ,29,386,415,1761,4994,6755
00366400,WEATHERFORD COLLEGE                     ,TX,76086-5699,Public       ,60,170,230,2835,4294,7129
00366500,WEST TEXAS A&M UNIVERSITY               ,TX,79016-0000,Public       ,112,144,256,6628,4365,10993
00366800,WHARTON COUNTY JR COLLEGE               ,TX,77488-3298,Public       ,97,165,262,3658,4104,7762
00366900,WILEY COLLEGE                           ,TX,75670-5199,Private      ,21,35,56,1435,1003,2438
00400300,CENTRAL TEXAS COLLEGE                   ,TX,76540-4199,Public       ,140,2314,2454,3625,22634,26259
00407221,NORTHWOOD UNIVERSITY                    ,TX,75104-0000,Private      ,14,51,65,694,963,1657
00445300,EL CENTRO COLLEGE                       ,TX,75202-3604,Public       ,165,811,976,6040,15628,21668
00450303,EVEREST COLLEGE - FORT WORTH SOUTH      ,TX,76115-1407,Proprietary  ,21,165,186,304,1551,1855
00481102,EVEREST INSTITUTE - EVEREST COLLEGE     ,TX,76011-6630,Proprietary  ,22,153,175,311,1352,1663
00494800,TEXAS A&M UNIV SYSTEM HEALTH SCI CT     ,TX,77840-7896,Public       ,52,49,101,2072,2772,4844
00494900,BAYLOR COLLEGE OF MEDICINE              ,TX,77030-0000,Private      ,31,64,95,1132,2341,3473
00495100,UNIV OF TEXAS HEALTH SCIENCE CENTER     ,TX,77225-0000,Public       ,31,114,145,1210,5173,6383
00495200,UNIV OF TEXAS MEDICAL BRANCH            ,TX,77550-0000,Public       ,21,94,115,885,3277,4162
00497200,GALVESTON COLLEGE                       ,TX,77550-7447,Public       ,44,101,145,1379,2357,3736
00497700,SOUTH TEXAS COLLEGE OF LAW              ,TX,77002-0000,Private      ,3,20,23,124,2329,2453
00660600,BAPTIST HS SCHOOL OF HEALTH PROFESSIONS ,TX,78229-3234,Proprietary  ,8,46,54,307,1672,1979
00661200,COVENANT SCH OF NSG & ALLIED HEALTH     ,TX,79410-0000,Private      ,4,12,16,228,597,825
00666100,ANGELINA COLLEGE                        ,TX,75902-0000,Public       ,83,206,289,2760,4588,7348
00694100,DALLAS CHRISTIAN COLLEGE                ,TX,75234-7229,Private      ,13,36,49,409,823,1232
00709600,COLLEGE OF THE MAINLAND                 ,TX,77591-2499,Public       ,50,184,234,1457,4060,5517
00728700,BRAZOSPORT COLLEGE                      ,TX,77566-3199,Public       ,106,125,231,1563,2284,3847
00732907,ITT TECHNICAL INSTITUTE                 ,TX,77063-3751,Proprietary  ,47,147,194,491,1345,1836
00732913,ITT TECHNICAL INSTITUTE                 ,TX,76011-3919,Proprietary  ,76,266,342,554,1782,2336
00732975,ITT TECHNICAL INSTITUTE                 ,TX,78249-3303,Proprietary  ,28,147,175,438,1563,2001
00754805,WESTWOOD COLLEGE OF TECHNOLOGY          ,TX,77074-0000,Proprietary  ,4,21,25,125,464,589
00793804,LINCOLN COLLEGE OF TECHNOLOGY - GRAND PR,TX,75052-7605,Proprietary  ,142,121,263,1113,920,2033
00849800,MIMS CLASSIC BEAUTY COLLEGE             ,TX,78216-0000,Proprietary  ,3,15,18,68,161,229
00850300,MOUNTAIN VIEW COLLEGE                   ,TX,75211-6599,Public       ,133,409,542,4851,8704,13555
00850400,RICHLAND COLLEGE                        ,TX,75243-2199,Public       ,207,636,843,6597,11807,18404
00851000,EASTFIELD COLLEGE                       ,TX,75150-2099,Public       ,188,535,723,5422,10695,16117
00907905,EVEREST COLLEGE                         ,TX,75206-5209,Proprietary  ,53,275,328,701,2766,3467
00908200,INTERNATIONAL BUSINESS COLLEGE          ,TX,79903-0000,Proprietary  ,27,87,114,258,775,1033
00916300,SAN ANTONIO COLLEGE                     ,TX,78212-4299,Public       ,298,825,1123,14572,23527,38099
00922500,TEXAS STATE TECHNICAL COLLEGE  HARLINGEN,TX,78550-3697,Public       ,117,193,310,4200,4463,8663
00946600,KAPLAN COLLEGE                          ,TX,78216-1899,Proprietary  ,36,172,208,445,1843,2288
00946607,KAPLAN COLLEGE - MCALLEN                ,TX,78503-1622,Proprietary  ,58,90,148,563,933,1496
00946609,KAPLAN COLLEGE - CAREER CENTERS OF TEXAS,TX,78416-9900,Proprietary  ,14,100,114,292,1061,1353
00946610,KAPLAN COLLEGE - CAREER CENTERS OF TEXAS,TX,76103-2310,Proprietary  ,18,92,110,255,1244,1499
00954900,WESTERN TEXAS COLLEGE                   ,TX,79549-9501,Public       ,21,33,54,666,598,1264
00965100,TEXAS A&M INTERNATIONAL UNIVERSITY      ,TX,78041-1900,Public       ,127,138,265,6492,3837,10329
00974100,UNIVERSITY OF TEXAS AT DALLAS           ,TX,75083-0000,Public       ,185,364,549,11973,12074,24047
00976800,UNIVERSITY OF NORTH TEXAS HEALTH SCIENCE,TX,76107-2699,Public       ,12,74,86,785,3244,4029
00979700,MIDLAND COLLEGE                         ,TX,79705-6397,Public       ,51,104,155,1945,2845,4790
00982802,EVEREST INSTITUTE- AUSTIN               ,TX,78754-0000,Proprietary  ,46,201,247,457,1726,2183
00993000,UNIVERSITY OF TEXAS-PERMIAN BASIN       ,TX,79762-0001,Public       ,41,169,210,2477,3099,5576
00993200,TEXAS STATE TECH CLG-WEST TEXAS         ,TX,79556-4108,Public       ,5,48,53,404,730,1134
00993201,TEXAS STATE TECH COLLEGE-ABILENE        ,TX,79601-0000,Public       ,15,50,65,410,956,1366
00993204,TEXAS STATE TECH CLG-BRECKENRIDGE       ,TX,76424-0000,Public       ,3,6,9,69,196,265
00993205,TEXAS STATE TECH COLLEGE-BROWNWOOD      ,TX,76801-0000,Public       ,5,18,23,135,402,537
01001900,UNIV OF TEXAS SOUTHWESTERN MED CTR      ,TX,75390-9096,Public       ,19,71,90,495,2765,3260
01005700,AMERICAN COMMERCIAL COLLEGE             ,TX,79602-1399,Proprietary  ,2,13,15,29,167,196
01005900,AMERICAN COMMERCIAL COLLEGE             ,TX,79761-0000,Proprietary  ,3,13,16,53,185,238
01005901,AMERICAN COMMERCIAL COLLEGE - AMERICAN C,TX,76310-2303,Proprietary  ,10,40,50,73,409,482
01006000,VERNON COLLEGE                          ,TX,76384-4092,Public       ,32,97,129,1404,2998,4402
01011500,UNIVERSITY OF TEXAS-SAN ANTONIO         ,TX,78249-0600,Public       ,534,561,1095,39123,22119,61242
01013000,WADE COLLEGE                            ,TX,75207-3199,Proprietary  ,19,37,56,256,546,802
01038700,EL PASO COMMUNITY COLLEGE               ,TX,79998-0000,Public       ,399,748,1147,17198,19175,36373
01050900,HALLMARK COLLEGE OF AERONAUTICS         ,TX,78214-0000,Proprietary  ,34,191,225,353,1456,1809
01050901,HALLMARK COLLEGE OF  TECHNOLOGY-        ,TX,78230-1736,Proprietary  ,0,0,0,0,1,1
01063300,HOUSTON COMMUNITY COLLEGE               ,TX,77002-0000,Public       ,829,3004,3833,28157,62511,90668
01067400,TEXAS TECH U HEALTH SCIENCES CENTER     ,TX,79430-0000,Public       ,33,124,157,1686,5715,7401
01076100,DALLAS INSTITUTE OF FUNERAL SERVICE     ,TX,75227-4314,Private      ,6,48,54,106,530,636
01114500,LONE STAR COLLEGE SYSTEM                ,TX,77073-3499,Public       ,747,2145,2892,24843,46105,70948
01116100,TEXAS A&M UNIV CORPUS CHRISTI           ,TX,78412-5599,Public       ,220,212,432,12556,7432,19988
01116300,UNIVERSITY OF TEXAS AT TYLER            ,TX,75799-6699,Public       ,92,202,294,5765,6434,12199
01171100,UNIVERSITY OF HOUSTON-CLEAR LAKE        ,TX,77058-1002,Public       ,74,267,341,2749,9304,12053
01201500,AUSTIN COMMUNITY COLLEGE                ,TX,78752-4390,Public       ,518,1405,1923,19181,30565,49746
01202000,VICTORIA BEAUTY COLLEGE                 ,TX,77901-6233,Proprietary  ,5,21,26,59,189,248
01226800,BALDWIN BEAUTY SCHOOL #5                ,TX,78704-4785,Proprietary  ,9,56,65,219,531,750
01229700,LAREDO BEAUTY COLLEGE                   ,TX,78040-1051,Proprietary  ,9,28,37,137,321,458
01248200,ATI TECHNICAL TRAINING CENTER           ,TX,75235-4622,Proprietary  ,0,0,0,167,658,825
01248209,ATI CAREER TRAINING CENTER - GARLAND    ,TX,75041-2497,Proprietary  ,0,0,0,28,182,210
01248210,ATI CAREER TRAINING CENTER - WACO       ,TX,76711-1682,Proprietary  ,0,0,0,97,365,462
01248300,COSMETOLOGY CAREER CENTER-A PAUL MITCHEL,TX,75006-2567,Proprietary  ,56,124,180,569,822,1391
01248800,INTERNATIONAL BEAUTY COLLEGE NO 3       ,TX,75040-0000,Proprietary  ,1,7,8,14,84,98
01276400,METROPLEX BEAUTY SCHOOL                 ,TX,75149-0000,Proprietary  ,2,19,21,51,182,233
01293000,CHARLES & SUE'S SCH OF HAIR DESIGN      ,TX,77801-0000,Proprietary  ,7,11,18,86,161,247
01293200,TINT SCHOOL OF MAKEUP & COSMETOLOGY     ,TX,75061-4235,Proprietary  ,5,26,31,61,216,277
01300300,NEILSON BEAUTY COLLEGE                  ,TX,75208-4637,Proprietary  ,4,9,13,47,180,227
01301600,OGLE SCHOOL HAIR SKIN NAILS             ,TX,76013-7400,Proprietary  ,42,128,170,404,1019,1423
01303912,SOUTH UNIVERSITY - THE ART INSTITUTE OF ,TX,75231-5993,Proprietary  ,69,105,174,1922,1865,3787
01303915,SOUTH UNIVERSITY - AUSTIN               ,TX,78729-8101,Proprietary  ,10,76,86,49,289,338
01323100,UNIVERSITY OF HOUSTON-VICTORIA          ,TX,77901-5731,Public       ,52,151,203,2266,4771,7037
02058600,CONLEE'S COLLEGE OF COSMETOLOGY         ,TX,78028-0000,Proprietary  ,0,7,7,24,78,102
02069302,VATTEROTT COLLEGE - VATTEROTT EDUCATION ,TX,75220-5441,Proprietary  ,0,0,0,8,114,122
02074100,CAPITOL CITY TRADE & TECHNICAL SCH      ,TX,78704-0000,Proprietary  ,15,89,104,212,780,992
02077400,NORTH LAKE COLLEGE                      ,TX,75038-0000,Public       ,100,361,461,3474,6804,10278
02081400,ARLINGTON BAPTIST COLLEGE               ,TX,76012-0000,Private      ,13,28,41,297,491,788
02093600,SOUTHWEST SCHOOL OF ELECTRONIC          ,TX,78735-0000,Proprietary  ,5,12,17,54,172,226
02098300,WESTERN TECHNICAL COLLEGE               ,TX,79927-2105,Proprietary  ,52,208,260,916,1909,2825
02100200,BROOKHAVEN COLLEGE                      ,TX,75244-0000,Public       ,106,390,496,3382,7985,11367
02113610,AMERICAN INTERCONTINENTAL UNIV - HOUSTON,TX,77042-4516,Proprietary  ,14,109,123,323,1628,1951
02116008,SANFORD-BROWN COLLEGE - HOUSTON         ,TX,77042-8900,Proprietary  ,32,128,160,451,1685,2136
02116012,SANFORD-BROWN COLLEGE - HOUSTON NORTH LO,TX,77008-1058,Proprietary  ,4,27,31,170,743,913
02117100,ART INSTITUTE OF HOUSTON                ,TX,77056-0000,Proprietary  ,307,478,785,5862,6206,12068
02119200,COURT REPORTING INSTITUTE OF DALLAS     ,TX,75247-6913,Proprietary  ,2,31,33,62,800,862
02119202,COURT REPORTING INSTIUTE OF DALLAS - COU,TX,77040-6315,Proprietary  ,2,8,10,17,174,191
02128302,INSTITUTE FOR BUSINESS & TECHNOLOGY - LA,TX,78230-2520,Proprietary  ,9,53,62,175,634,809
02136800,AMERICAN COMMERCIAL COLLEGE             ,TX,76904-0000,Proprietary  ,4,21,25,73,265,338
02144800,VET TECH INSTITUTE OF HOUSTON           ,TX,77027-9881,Proprietary  ,19,42,61,424,505,929
02176100,PIPO ACADEMY OF HAIR DESIGN             ,TX,79903-0000,Proprietary  ,5,15,20,94,162,256
02200800,AMERICAN COMMERCIAL COLLEGE             ,TX,79411-0000,Proprietary  ,0,0,0,34,147,181
02218300,SOUTHWEST SCHOOL OF BUSINESS & TECHNICAL,TX,78221-0000,Proprietary  ,15,79,94,187,642,829
02218305,SOUTHWEST SCHOOL OF BUSINESS AND TECHNIC,TX,78501-6053,Proprietary  ,4,21,25,75,197,272
02218306,SOUTHWEST SCHOOL OF BUSINESS AND TECHNIC,TX,78413-2045,Proprietary  ,1,16,17,64,188,252
02224600,TRI-STATE BEAUTY SCHOOL #1              ,TX,79915-0000,Proprietary  ,5,40,45,146,450,596
02230500,OGLE SCHOOL HAIR SKIN NAILS             ,TX,76132-3638,Proprietary  ,49,124,173,376,1100,1476
02230600,OGLE SCHOOL HAIR SKIN NAILS             ,TX,76053-4650,Proprietary  ,28,76,104,146,399,545
02239100,CENTRAL TEXAS BEAUTY COLLEGE #2         ,TX,78664-4204,Proprietary  ,8,51,59,104,463,567
02248200,MILAN INSTITUTE OF COSMETOLOGY          ,TX,79103-0000,Proprietary  ,79,311,390,778,2456,3234
02254800,TEXAS VOCATIONAL SCHOOLS                ,TX,77901-0000,Proprietary  ,8,19,27,83,224,307
02259400,AMBERTON UNIVERSITY                     ,TX,75041-0000,Private      ,2,38,40,34,470,504
02261300,EVEREST INSTITUTE                       ,TX,78213-3841,Proprietary  ,23,141,164,328,1404,1732
02261302,EVEREST INSTITUTE - HOUSTON GREENSPOINT ,TX,77060-3249,Proprietary  ,34,159,193,347,1378,1725
02261303,EVEREST INSTITUTE - HOUSTON HOBBY       ,TX,77087-2737,Proprietary  ,20,139,159,297,1213,1510
02267100,EXPOSITO SCHOOL OF HAIR DESIGN          ,TX,79109-0000,Proprietary  ,2,4,6,43,120,163
02276000,FRANKLIN BEAUTY SCHOOL #2               ,TX,77021-0000,Proprietary  ,5,44,49,156,503,659
02285900,UNIVERSITY OF COSMETOLOGY ARTS&SCI      ,TX,78504-0000,Proprietary  ,14,59,73,238,516,754
02294800,CAPITOL CITY CAREERS                    ,TX,78745-0000,Proprietary  ,3,28,31,63,390,453
02298501,EVEREST COLLEGE- FORT WORTH             ,TX,76137-2472,Proprietary  ,19,156,175,295,1362,1657
02305300,PARKER COLLEGE OF CHIROPRACTIC          ,TX,75229-0000,Private      ,6,57,63,99,1248,1347
02306700,FORT WORTH BEAUTY SCHOOL                ,TX,76116-3299,Proprietary  ,7,56,63,147,512,659
02312200,TEXAS SCHOOL OF BUSINESS                ,TX,77073-6032,Proprietary  ,32,114,146,436,1299,1735
02312201,TEXAS SCHOOL OF BUSINESS - SOUTHWEST CAM,TX,77057-5914,Proprietary  ,5,18,23,152,616,768
02312202,TEXAS SCHOOL OF BUSINESS - FRIENDSWOOD C,TX,77546-8938,Proprietary  ,11,56,67,110,424,534
02312203,TEXAS SCHOOL OF BUSINESS - EAST CAMPUS  ,TX,77029-1916,Proprietary  ,6,15,21,166,571,737
02313901,WESTWOOD COLLEGE - DALLAS               ,TX,75243-0000,Proprietary  ,6,43,49,211,836,1047
02315400,NORTHEAST TEXAS COMMUNITY COLLEGE       ,TX,75456-0000,Public       ,66,122,188,1773,2851,4624
02318200,"KD STUDIO, ACTOR'S CONSERVATORY         ",TX,75207-2111,Proprietary  ,14,23,37,202,404,606
02320200,HOUSTON GRADUATE SCHOOL OF THEOLOGY     ,TX,77092-0000,Private      ,4,14,18,22,336,358
02326000,SAN ANTONIO BEAUTY COLLEGE NO 3         ,TX,78217-0000,Proprietary  ,5,20,25,130,242,372
02331200,BAPTIST MISSIONARY ASSN THEOL SEM       ,TX,75766-0000,Private      ,0,3,3,11,88,99
02331300,INTERACTIVE LEARNING SYSTEMS            ,TX,77502-1201,Proprietary  ,10,78,88,33,357,390
02331301,INTERACTIVE LEARNING SYSTEMS            ,TX,77081-0000,Proprietary  ,32,172,204,135,830,965
02331304,INTERACTIVE LEARNING SYSTEMS            ,TX,77060-0000,Proprietary  ,8,51,59,39,365,404
02341300,PALO ALTO COLLEGE                       ,TX,78224-0000,Public       ,137,369,506,6140,8710,14850
02348500,LAMAR STATE COLLEGE-PORT ARTHUR         ,TX,77640-0000,Public       ,36,104,140,1364,3007,4371
02357700,PAUL MITCHELL THE SCHOOL                ,TX,77043-3412,Proprietary  ,32,68,100,387,902,1289
02358200,LAMAR STATE COLLEGE-ORANGE              ,TX,77630-0000,Public       ,37,100,137,1056,2586,3642
02361400,COLLIN COUNTY COMMUNITY COLLEGE         ,TX,75071-0000,Public       ,302,739,1041,9300,15270,24570
02362000,UNIVERSAL TECHNICAL INSTITUTE           ,TX,77073-0000,Proprietary  ,284,394,678,4846,4362,9208
02362800,AUSTIN GRADUATE SCHOOL OF THEOLOGY      ,TX,78752-1333,Private      ,1,4,5,25,176,201
02521200,ARLINGTON CAREER INSTITUTE              ,TX,75050-0000,Proprietary  ,7,51,58,77,464,541
02521800,SEGUIN BEAUTY SCHOOL                    ,TX,78155-0000,Proprietary  ,12,18,30,84,158,242
02527500,HOUSTON TRAINING SCHOOLS                ,TX,77029-0000,Proprietary  ,26,136,162,255,1300,1555
02530700,SEBRING CAREER SCHOOLS                  ,TX,77083-1510,Proprietary  ,4,14,18,29,160,189
02548800,SOUTH TEXAS VO-TECH INSTITUTE           ,TX,78596-0000,Proprietary  ,16,40,56,301,393,694
02548802,SOUTH TEXAS VOCATIONAL TECHNICAL INSTITU,TX,78520-8710,Proprietary  ,19,28,47,285,384,669
02549400,SOUTH TEXAS VO-TECH INSTITUTE           ,TX,78501-0000,Proprietary  ,30,50,80,377,690,1067
02549402,SOUTH TEXAS VOCATIONAL TECHNICAL INSTITU,TX,78416-1141,Proprietary  ,15,66,81,193,564,757
02555400,UNIV OF TX MD ANDERSON CANCER CTR       ,TX,77030-0000,Public       ,4,25,29,226,904,1130
02567200,OFFICE CAREER CENTER                    ,TX,76180-0000,Proprietary  ,0,0,0,0,1,1
02568100,TEXAS BARBER COLLEGE                    ,TX,77063-3949,Proprietary  ,12,57,69,304,1131,1435
02568101,TEXAS BARBER COLLEGES & HAIRSTYLING SCHO,TX,75228-3841,Proprietary  ,7,40,47,63,296,359
02568106,TEXAS BARBER COLLEGES & HAIRSTYLING SCHO,TX,77009-0000,Proprietary  ,9,28,37,69,230,299
02568107,TEXAS BARBER COLLEGES & HAIRSTYLING SCHO,TX,77063-3951,Proprietary  ,5,36,41,51,227,278
02568108,TEXAS BARBER COLLEGES & HAIRSTYLING SCHO,TX,75241-1327,Proprietary  ,14,55,69,77,331,408
02568109,TEXAS BARBER COLLEGES & HAIRSTYLING SCHO,TX,77301-4407,Proprietary  ,3,16,19,27,83,110
02569300,LE CORDON BLEU COLLEGE OF CULINARY ARTS ,TX,78758-3647,Proprietary  ,152,439,591,1816,4543,6359
02572000,COMPUTER CAREER CENTER                  ,TX,79925-2021,Proprietary  ,98,488,586,737,2688,3425
02572004,COMPUTER CAREER CENTER - AMARILLO CAMPUS,TX,79101-2404,Proprietary  ,20,89,109,159,618,777
02572005,COMPUTER CAREER CENTER - LUBBOCK CAMPUS ,TX,79414-3517,Proprietary  ,31,116,147,196,796,992
02572008,VISTA COLLEGE - BEAUMONT                ,TX,77701-3717,Proprietary  ,1,7,8,1,7,8
02572009,VISTA COLLEGE - LONGVIEW                ,TX,75604-1905,Proprietary  ,2,32,34,2,32,34
02572011,VISTA COLLEGE - KILLEEN                 ,TX,76541-7436,Proprietary  ,8,52,60,8,52,60
02591100,CAREER POINT COLLEGE                    ,TX,78201-2027,Proprietary  ,27,364,391,413,3127,3540
02591900,KAPLAN COLLEGE                          ,TX,79907-1525,Proprietary  ,54,182,236,658,1577,2235
02591905,KAPLAN COLLEGE - BROWNSVILLE            ,TX,78521-9905,Proprietary  ,22,100,122,296,687,983
02596400,REDSTONE COLLEGE - LOS ANGELES          ,TX,77061-0000,Proprietary  ,28,43,71,218,412,630
02596500,ATI CAREER TRAINING CENTER              ,TX,76180-1599,Proprietary  ,0,0,0,140,623,763
02596503,ATI- CAREER TRAINING CENTER - HOUSTON (#,TX,77029-1978,Proprietary  ,0,0,0,134,513,647
02596600,ATI-CAREER TRAINING CENTER              ,TX,75220-4443,Proprietary  ,3,45,48,98,539,637
02596601,ATI CAREER TRAINING CENTER - RICHARDSON ,TX,75081-1948,Proprietary  ,1,10,11,39,170,209
02596602,ATI CAREER TRAINING CENTER - DALLAS (STE,TX,75247-6103,Proprietary  ,9,58,67,249,1025,1274
02600200,OCEAN CORPORATION (THE)                 ,TX,77099-3479,Proprietary  ,19,118,137,255,1185,1440
02604700,CENTER FOR ADVANCED LEGAL STUDIES       ,TX,77098-4151,Proprietary  ,4,56,60,53,583,636
02606202,EVEREST COLLEGE - EVEREST INSTITUTE - BI,TX,77036-8014,Proprietary  ,47,264,311,416,2021,2437
02615000,SANFORD-BROWN COLLEGE                   ,TX,75247-6931,Proprietary  ,53,176,229,602,2194,2796
03009400,SW SCH BUS & TECH CAREERS               ,TX,78212-2840,Proprietary  ,3,29,32,64,265,329
03010604,VIRGINIA COLLEGE - VIRGINIA COLLEGE AT A,TX,78723-0000,Proprietary  ,7,47,54,209,1154,1363
03011800,UNIVERSITY OF COSMETOLOGY ARTS & SCIENCE,TX,78226-1160,Proprietary  ,5,16,21,136,214,350
03019800,PCI HEALTH TRAINING CENTER              ,TX,75247-4720,Proprietary  ,46,127,173,367,1094,1461
03021500,SW SCH BUS & TECH CAREERS               ,TX,78852-4859,Proprietary  ,11,36,47,248,300,548
03025000,TEXAS COLLEGE OF COSMETOLOGY            ,TX,79605-2001,Proprietary  ,9,37,46,98,334,432
03025001,TEXAS COLLEGE OF COSMETOLOGY - SAN ANGEL,TX,76903-4708,Proprietary  ,2,12,14,48,128,176
03026000,DALFORTH AIRCRAFT TECH                  ,TX,75209-3091,Proprietary  ,0,1,1,0,1,1
03026500,REMINGTON COLLEGE - HOUSTON CAMPUS      ,TX,77082-1849,Private      ,109,411,520,1109,3526,4635
03026501,REMINGTON COLLEGE - NORTH HOUSTON CAMPUS,TX,77067-1849,Private      ,8,40,48,233,854,1087
03026505,REMINGTON COLLEGE - HOUSTON CAMPUS - DAL,TX,75041-9935,Private      ,7,38,45,171,538,709
03026506,REMINGTON COLLEGE - FT. WORTH CAMPUS    ,TX,76112-1280,Private      ,20,146,166,380,1392,1772
03028800,CIRCLE J BEAUTY SCHOOL                  ,TX,77587-3714,Proprietary  ,6,31,37,47,279,326
03030608,UTAH COLLEGE OF MASSAGE THERAPY - TEXAS ,TX,75801-4848,Proprietary  ,20,57,77,116,354,470
03030609,UTAH COLLEGE OF MASSAGE THERAPY - TEXAS ,TX,77040-6307,Proprietary  ,18,67,85,45,167,212
03031408,INTERNATIONAL ACADEMY OF DESIGN & TECHNO,TX,78229-2263,Proprietary  ,11,35,46,308,731,1039
03032300,SCHOOL OF AUTOMOTIVE MACHINISTS         ,TX,77055-1803,Proprietary  ,8,29,37,192,423,615
03035200,TINT SCHOOL OF MAKEUP & COSMETOLOGY     ,TX,75229-3734,Proprietary  ,12,42,54,146,449,595
03035300,SOUTHERN CAREERS INSTITUTE              ,TX,78704-5252,Proprietary  ,171,564,735,977,3362,4339
03035301,SOUTHERN CAREERS INSTITUTE-PHARR        ,TX,78577-2118,Proprietary  ,17,62,79,140,377,517
03035302,SOUTHERN CAREERS INSTITUTE - CORPUS CHRI,TX,78414-2904,Proprietary  ,20,78,98,162,625,787
03035303,SOUTHERN CAREERS INSTITUTE - SAN ANTONIO,TX,78221-4351,Proprietary  ,5,14,19,89,312,401
03035305,SOUTHERN CAREERS INSTITUTE - BROWNSVILLE,TX,78520-8680,Proprietary  ,1,10,11,86,134,220
03035306,SOUTHERN CAREERS INSTITUTE - HARLINGEN  ,TX,78550-7911,Proprietary  ,4,7,11,83,145,228
03035307,SOUTHERN CAREERS INSTITUTE - CORPUS CHRI,TX,78410-1609,Proprietary  ,1,12,13,56,162,218
03061800,STAR COLLEGE OF COSMETOLOGY             ,TX,75702-8214,Proprietary  ,15,29,44,151,359,510
03064600,UNIVERSITY OF TEXAS AT BROWNSVILLE      ,TX,78520-4993,Public       ,132,237,369,9563,9333,18896
03073402,ITT TECHNICAL INSTITUTE                 ,TX,75080-2208,Proprietary  ,0,1,1,0,2,2
03075400,ICC TECHNICAL INSTITUTE                 ,TX,77004-2930,Private      ,3,39,42,94,308,402
03076403,BRYMAN SCHOOL OF ARIZONA (THE) - ANTHEM ,TX,75038-4201,Proprietary  ,1,15,16,36,131,167
03079201,WESTWOOD COLLEGE OF TECHNOLOGY          ,TX,76180-0000,Proprietary  ,0,7,7,30,123,153
03103400,SOUTH TEXAS COLLEGE                     ,TX,78501-6699,Public       ,527,722,1249,15548,14942,30490
03108700,ROYAL BEAUTY CAREERS                    ,TX,77069-4611,Proprietary  ,11,45,56,164,610,774
03111000,MID-CITIES BARBER COLLEGE               ,TX,75051-4810,Proprietary  ,0,0,0,67,188,255
03115800,KAPLAN COLLEGE                          ,TX,78238-4203,Proprietary  ,35,117,152,388,1425,1813
03115802,KAPLAN COLLEGE - LAREDO                 ,TX,78041-6181,Proprietary  ,24,49,73,213,547,760
03115803,KAPLAN COLLEGE-BEAUMONT                 ,TX,77701-3706,Proprietary  ,14,76,90,211,887,1098
03115804,KAPLAN COLLEGE - LUBBOCK                ,TX,79401-2601,Proprietary  ,19,59,78,197,696,893
03128100,ACADEMY OF HEALTH CARE PROFESSIONS      ,TX,77092-8108,Proprietary  ,70,345,415,692,2774,3466
03144300,NATIONAL BEAUTY COLLEGE                 ,TX,75043-4046,Proprietary  ,3,28,31,26,119,145
03153300,AMER COLL OF ACUPUNCTURE & O.M.         ,TX,77063-4104,Proprietary  ,2,11,13,19,205,224
03156400,ACADEMY OF ORIENTAL MEDICINE AT AUSTIN  ,TX,78757-1132,Proprietary  ,2,13,15,75,406,481
03159300,ARLINGTON MEDICAL INSTITUTE             ,TX,76011-0000,Proprietary  ,7,33,40,208,606,814
03170300,TEXAS A&M UNIVERSITY-TEXARKANA          ,TX,75501-0000,Public       ,31,86,117,1632,2727,4359
03179500,TEXAS COLG TRADITIONAL CHINESE MED      ,TX,78704-6748,Proprietary  ,0,6,6,16,167,183
03189400,COLLEGE OF SAINT THOMAS MORE            ,TX,76109-2323,Private      ,0,0,0,40,91,131
03237400,FARIS COMPUTER SCHOOL                   ,TX,77627-3829,Proprietary  ,0,5,5,1,34,35
03272300,KAPLAN COLLEGE                          ,TX,75234-7288,Proprietary  ,29,160,189,397,1802,2199
03272301,KAPLAN COLLEGE - MIDLAND                ,TX,79703-5531,Proprietary  ,2,10,12,118,413,531
03272303,KAPLAN COLLEGE - ARLINGTON              ,TX,76010-8121,Proprietary  ,23,108,131,334,1341,1675
03275300,TOUCH OF CLASS SCHOOL OF COSM           ,TX,75402-6314,Proprietary  ,10,27,37,64,203,267
03276300,ACADEMY OF HAIR DESIGN                  ,TX,75901-4900,Proprietary  ,4,33,37,102,349,451
03277300,ACADEMY OF HAIR DESIGN                  ,TX,77701-4650,Proprietary  ,3,26,29,77,278,355
03303300,NORTHWEST EDUCATIONAL CENTER            ,TX,77092-7055,Proprietary  ,8,57,65,70,446,516
03371300,TONI&GUY HAIRDRESSING ACADEMY           ,TX,75006-2351,Proprietary  ,28,35,63,209,316,525
03372300,NORTHWEST VISTA COLLEGE                 ,TX,78251-4217,Public       ,214,435,649,10715,12402,23117
03396500,TEXAS STATE TECHNICAL COLG/MARSHALL     ,TX,75672-7402,Public       ,18,51,69,514,790,1304
03400300,CAREER QUEST                            ,TX,78229-3539,Proprietary  ,3,65,68,126,829,955
03412300,ADVANCED BARBER COLLEGE & HAIR DESI     ,TX,78596-0000,Proprietary  ,14,34,48,107,307,414
03416500,DALLAS NURSING INSTITUTE                ,TX,75243-5502,Proprietary  ,17,71,88,425,2002,2427
03422300,MILAN INSTITUTE                         ,TX,78238-4103,Proprietary  ,90,318,408,959,2492,3451
03422400,COLLEGE OF BIBLICAL STUDIES-HOUSTON     ,TX,77036-3211,Private      ,5,81,86,114,1302,1416
03424400,MEDVANCE INSTITUTE                      ,TX,77057-7386,Proprietary  ,40,138,178,390,1432,1822
03426300,CAREER ADVANCEMENT CENTER               ,TX,78752-3630,Proprietary  ,30,125,155,105,575,680
03480304,MEDVANCE INSTITUTE OF BATON ROUGE - GRAN,TX,75050-2342,Proprietary  ,11,43,54,124,424,548
03509400,CORYELL COSMETOLOGY COLLEGE             ,TX,76528-2036,Proprietary  ,0,0,0,1,2,3
03520300,LUBBOCK HAIR ACADEMY                    ,TX,79410-3524,Proprietary  ,6,13,19,59,147,206
03542300,CONCORDE CAREER INSTITUTE               ,TX,76011-4016,Proprietary  ,20,138,158,309,1687,1996
03551400,STATE BEAUTY ACADEMY                    ,TX,75116-3501,Proprietary  ,0,0,0,12,49,61
03556400,KUSSAD INSTITUTE OF COURT REPORTING     ,TX,78704-5712,Proprietary  ,1,5,6,8,79,87
03573300,AVIATION INSTITUTE OF MAINTENANCE       ,TX,75209-3017,Proprietary  ,14,102,116,224,958,1182
03610300,MJ'S BEAUTY ACADEMY INC                 ,TX,75224-4425,Proprietary  ,2,14,16,61,212,273
03612400,VALLEY GRANDE INSTITUTE FOR ACADEMI     ,TX,78596-0000,Private      ,11,46,57,136,478,614
03627300,LAMAR INSTITUTE OF TECHNOLOGY           ,TX,77705-4142,Public       ,84,160,244,2328,3896,6224
03676400,HEALTHY HAIR ACADEMY                    ,TX,75227-0000,Proprietary  ,2,32,34,70,436,506
03680300,JAY'S TECHNICAL INSTITUTE               ,TX,77031-3509,Proprietary  ,9,33,42,71,279,350
03682400,DALLAS BARBER & STYLIST COLLEGE         ,TX,75231-0000,Proprietary  ,19,100,119,197,894,1091
03714300,TREND BARBER COLLEGE                    ,TX,77071-2104,Proprietary  ,10,56,66,158,665,823
03723300,CULINARY INST ALAIN & MARIE LENOTRE     ,TX,77022-4322,Proprietary  ,15,68,83,352,805,1157
03727600,CULINARY ACADEMY OF AUSTIN              ,TX,78752-0000,Proprietary  ,30,52,82,419,619,1038
03731300,INTERNATIONAL RENOWNED BEAUTY ACADE     ,TX,76103-2504,Proprietary  ,0,3,3,37,173,210
03733300,BAPTIST UNIVERSITY OF THE AMERICAS      ,TX,78224-1336,Private      ,7,22,29,142,429,571
03756300,ANAMARC COLLEGE                         ,TX,79930-6230,Proprietary  ,14,130,144,492,1847,2339
03922300,SOUTH TEXAS BARBER COLLEGE              ,TX,78415-3463,Proprietary  ,5,8,13,65,104,169
03944400,PROFESSIONAL CAREERS INSTITUTE          ,TX,77036-2252,Proprietary  ,4,25,29,50,306,356
03944401,PROFESSIONAL CAREERS INSTITUTE          ,TX,77090-3914,Proprietary  ,3,29,32,24,179,203
03970300,HANDS ON THERAPY                        ,TX,75149-2294,Proprietary  ,3,19,22,34,201,235
03987300,TEXAS HEALTH SCHOOL                     ,TX,77079-2106,Proprietary  ,14,59,73,284,891,1175
04036300,SOUTHEAST TEXAS CAREER INSTITUTE        ,TX,77656-8601,Proprietary  ,5,17,22,72,163,235
04045300,NORTHWEST BEAUTY SCHOOL                 ,TX,77091-1208,Proprietary  ,4,23,27,83,253,336
04045400,MAI-TRIX BEAUTY COLLEGE                 ,TX,77040-0000,Proprietary  ,3,19,22,69,239,308
04082300,PROFESSIONAL CAREER TRAINING INSTITUTE  ,TX,77090-0000,Proprietary  ,3,54,57,38,391,429
04089400,CCI TRAINING CENTER                     ,TX,76011-4857,Proprietary  ,4,69,73,75,515,590
04117900,CHAMPION BEAUTY COLLEGE                 ,TX,77069-4611,Proprietary  ,1,34,35,81,404,485
04121800,CRISWELL COLLEGE                        ,TX,75246-1537,Private      ,6,26,32,125,383,508
04125400,ACADEMY AT AUSTIN (THE)                 ,TX,78660-3287,Proprietary  ,12,33,45,139,276,415
04125500,MANUEL AND THERESA'S SCHOOL OF HAIR DESI,TX,77803-3236,Proprietary  ,1,13,14,37,106,143
04129800,MEDIATECH INSTITUTE DALLAS              ,TX,75039-3105,Proprietary  ,13,49,62,176,393,569
04129801,MEDIATECH INSTITUTE - AUSTIN            ,TX,78704-8933,Proprietary  ,12,24,36,139,265,404
04129802,MEDIATECH INSTITUTE HOUSTON             ,TX,77042-4712,Proprietary  ,6,34,40,136,298,434
04131700,SOUTHWEST CAREER COLLEGE                ,TX,79925-6230,Proprietary  ,97,242,339,931,2185,3116
04135600,CANNON INSTITUTE OF HIGHER LEARNING     ,TX,75247-9998,Proprietary  ,0,9,9,17,127,144
04136500,PCCENTER                                ,TX,75115-4214,Proprietary  ,2,14,16,21,111,132
04138500,CARDIOTECH ULTRASOUND SCHOOL            ,TX,77099-1440,Proprietary  ,4,34,38,128,697,825
04142300,AVEDA INSTITUTE SAN ANTONIO             ,TX,78215-1260,Proprietary  ,33,71,104,386,819,1205
04146700,AVIATION INSTITUTE OF MAINTENANCE       ,TX,77061-4004,Proprietary  ,19,72,91,245,646,891
04146800,SOUTH TEXAS TRAINING CENTER             ,TX,78586-7721,Proprietary  ,5,21,26,46,187,233
04152700,ASTRODOME CAREER CENTERS                ,TX,77054-2678,Proprietary  ,5,29,34,56,272,328
04154800,DUVALL'S SCHOOL OF COSMETOLOGY          ,TX,76021-4159,Proprietary  ,6,20,26,51,147,198
04155800,ADVANCED BEAUTY COLLEGE                 ,TX,75061-1918,Proprietary  ,1,12,13,28,118,146
04158500,TEXAS BEAUTY COLLEGE                    ,TX,76117-3201,Proprietary  ,2,16,18,9,97,106
04160700,AVENUE FIVE INSTITUTE                   ,TX,78757-7000,Proprietary  ,6,49,55,206,479,685
04161100,CORPUS CHRISTI BEAUTY ACADEMY           ,TX,78412-3900,Proprietary  ,3,12,15,75,180,255
04165800,SALON PROFESSIONAL ACADEMY (THE)        ,TX,75067-5390,Proprietary  ,9,14,23,62,148,210
04168700,LAWYER'S ASSISTANT SCHOOL OF DALLAS     ,TX,75201-2829,Proprietary  ,2,30,32,54,460,514
04168800,ABC BEAUTY ACADEMY                      ,TX,75042-8682,Proprietary  ,0,19,19,27,134,161
04169000,SALON & SPA INSTITUTE                   ,TX,78521-1727,Proprietary  ,9,11,20,80,147,227
04169100,DIAMONDS COSMETOLOGY COLLEGE            ,TX,75090-2657,Proprietary  ,3,12,15,31,115,146
04177900,BUCKNER BARBER SCHOOL                   ,TX,75217-1775,Proprietary  ,6,25,31,70,277,347
04178200,VOGUE COLLEGE - SAN ANTONIO             ,TX,78201-5035,Proprietary  ,6,35,41,94,240,334
04178300,VOGUE BEAUTY ACADEMY                    ,TX,78238-4402,Proprietary  ,6,37,43,130,290,420
04178400,VOGUE COLLEGE - MCALLEN                 ,TX,78501-1945,Proprietary  ,6,24,30,90,243,333
04179500,NORTH AMERICAN COLLEGE                  ,TX,77038-0000,Private      ,5,9,14,230,282,512
04184800,EXCEL LEARNING CENTER                   ,TX,79907-1400,Proprietary  ,3,30,33,26,203,229
04187800,CYBERTEX INSTITUTE OF TECHNOLOGY        ,TX,78752-3825,Proprietary  ,7,44,51,16,102,118
04193000,RGV CAREERS AN INSTITUTE FOR HIGHER LEAR,TX,78577-2106,Proprietary  ,4,33,37,23,167,190
04205200,WADE GORDON HAIRDRESSING ACADEMY        ,TX,79121-0548,Proprietary  ,7,21,28,47,152,199
04213300,SPA PROFESSIONALS ACADEMY (THE)         ,TX,78504-2569,Proprietary  ,7,25,32,16,97,113
00367000,BRIGHAM YOUNG UNIVERSITY                ,UT,84602-8406,Private      ,720,743,1463,16888,14673,31561
00367100,DIXIE STATE COLLEGE OF UTAH             ,UT,84770-3876,Public       ,136,191,327,5642,5802,11444
00367200,LDS BUSINESS COLLEGE                    ,UT,84101-3500,Private      ,66,83,149,1545,1485,3030
00367400,STEVENS HENAGER COLLEGE                 ,UT,84401-1420,Proprietary  ,372,2571,2943,2275,17682,19957
00367500,UNIVERSITY OF UTAH                      ,UT,84112-9055,Public       ,362,721,1083,16175,20918,37093
00367600,UTAH STATE UNIVERSITY - COLLEGE OF EASTE,UT,84501-2699,Public       ,0,0,0,736,678,1414
00367700,UTAH STATE UNIVERSITY                   ,UT,84322-1400,Public       ,298,516,814,13265,14501,27766
00367800,SOUTHERN UTAH UNIVERSITY                ,UT,84720-2470,Public       ,99,141,240,6276,4195,10471
00367900,SNOW COLLEGE                            ,UT,84627-1299,Public       ,70,57,127,3231,1346,4577
00368000,WEBER STATE UNIVERSITY                  ,UT,84408-1136,Public       ,234,573,807,9078,15393,24471
00368100,WESTMINSTER COLLEGE                     ,UT,84105-3697,Private      ,53,102,155,3098,2421,5519
00402700,UTAH VALLEY UNIVERSITY                  ,UT,84058-5999,Public       ,322,692,1014,11758,20693,32451
00522000,SALT LAKE COMMUNITY COLLEGE             ,UT,84123-0000,Public       ,447,1252,1699,11223,23985,35208
00732953,ITT TECHNICAL INSTITUTE                 ,UT,84123-2500,Proprietary  ,54,276,330,519,2111,2630
00943300,SHERMAN KENDALL'S ACADEMY OF BEAUTY     ,UT,84106-1836,Proprietary  ,2,14,16,51,132,183
01009800,NEUMONT UNIVERSITY                      ,UT,84095-0000,Proprietary  ,15,2,17,781,146,927
01116500,UINTAH BASIN APPLIED TECHNOLOGY CLG     ,UT,84066-0000,Public       ,3,23,26,36,192,228
01116600,BROADVIEW UNIVERSITY                    ,UT,84088-4021,Proprietary  ,50,105,155,526,1654,2180
02078800,SHERMAN KENDALL'S ACADEMY OF BEAUTY     ,UT,84047-0000,Proprietary  ,6,7,13,21,62,83
02115400,BRIDGERLAND APPLIED TECHNOLOGY COLLEGE  ,UT,84321-0000,Public       ,20,91,111,513,1331,1844
02156600,DAVIS APPLIED TECHNOLOGY COLLEGE        ,UT,84037-0000,Public       ,45,147,192,620,2062,2682
02178500,EAGLE GATE COLLEGE                      ,UT,84123-0000,Proprietary  ,35,203,238,298,1976,2274
02270800,AMERITECH COLLEGE                       ,UT,84604-6927,Proprietary  ,24,337,361,308,2624,2932
02270802,AMERITECH COLLEGE - DRAPER              ,UT,84020-6545,Proprietary  ,6,73,79,83,725,808
02298500,EVEREST COLLEGE                         ,UT,84119-2668,Proprietary  ,22,129,151,205,1277,1482
02346500,OGDEN-WEBER APPLIED TECHNOLOGY COLG     ,UT,84404-0000,Public       ,41,224,265,701,2783,3484
02360800,PROVO COLLEGE                           ,UT,84601-0000,Proprietary  ,14,95,109,284,1003,1287
02504001,MARINELLO SCHOOL OF BEAUTY - MAIN STREET,UT,84041-3002,Proprietary  ,0,0,0,11,23,34
02531800,PAUL MITCHELL THE SCHOOL - PROVO        ,UT,84606-0000,Proprietary  ,74,129,203,930,1236,2166
02556800,PAUL MITCHELL THE SCHOOL                ,UT,84117-7204,Proprietary  ,27,57,84,268,582,850
02556801,PAUL MITCHELL THE SCHOOL                ,UT,84780-0000,Proprietary  ,8,13,21,75,96,171
02557700,PREMIER HAIR ACADEMY                    ,UT,84120-3603,Proprietary  ,0,0,0,5,18,23
02572700,EVANS HAIRSTYLING COLLEGE               ,UT,84770-0000,Proprietary  ,3,5,8,51,57,108
02572800,VISTA COLLEGE                           ,UT,84015-0000,Proprietary  ,8,90,98,42,538,580
02573100,EVANS HAIRSTYLING COLLEGE               ,UT,84720-0000,Proprietary  ,3,6,9,54,70,124
02612200,MARINELLO SCHOOL OF BEAUTY              ,UT,84604-1585,Proprietary  ,9,19,28,114,162,276
03030600,UTAH COLLEGE OF MASSAGE THERAPY         ,UT,84111-1606,Proprietary  ,32,66,98,311,714,1025
03030601,UTAH CLG OF MASSAGE THER-PROVO CMPS     ,UT,84042-0000,Proprietary  ,5,17,22,74,164,238
03082100,MYOTHERAPY COLLEGE OF UTAH              ,UT,84115-2522,Proprietary  ,2,18,20,29,162,191
03108200,ECHELON EDGE ACADEMY OF HAIR SKIN & NAIL,UT,84070-2004,Proprietary  ,2,8,10,44,101,145
03110400,HAIRITAGE HAIR ACADEMY                  ,UT,84770-5233,Proprietary  ,5,6,11,52,78,130
03339400,WESTERN GOVERNORS UNIVERSITY            ,UT,84107-2533,Private      ,107,4106,4213,1513,52781,54294
03413300,MOUNTAINLAND APPLIED TECHNOLOGY COLLEGE ,UT,84058-5857,Public       ,9,80,89,358,936,1294
03463300,CAREERS UNLIMITED                       ,UT,84058-0000,Proprietary  ,0,8,8,76,216,292
03467308,MARINELLO SCHOOL OF BEAUTY - OGDEN      ,UT,84405-1501,Proprietary  ,14,47,61,92,271,363
03467309,MARINELLO SCHOOL OF BEAUTY - LAYTON     ,UT,84041-3002,Proprietary  ,6,21,27,71,187,258
03617300,HEALING MOUNTAIN MASSAGE SCHOOL         ,UT,84111-0000,Proprietary  ,5,17,22,56,193,249
03829500,SKINWORKS SCHOOL OF ADVANCED SKINCARE   ,UT,84115-0000,Proprietary  ,0,6,6,45,151,196
03838300,NIGHTINGALE COLL. SCH. OF NURSING SCH. O,UT,84403-0000,Proprietary  ,2,13,15,37,212,249
03902300,RENAISSANCE SCHOOL OF THERAPEUTIC MASSAG,UT,84010-2835,Proprietary  ,0,5,5,9,36,45
03909300,MAXIMUM STYLE TEC SCHOOL OF COSMETOLOGY ,UT,84323-4679,Proprietary  ,3,7,10,55,103,158
03921300,CAMEO COLLEGE OF ESSENTIAL BEAUTY       ,UT,84115-0000,Proprietary  ,14,64,78,136,498,634
04054300,SOUTHWEST APPLIED TECHNOLOGY COLLEGE    ,UT,84720-6608,Public       ,5,30,35,109,365,474
04072300,AVEDA INSTITUTE PROVO                   ,UT,84604-1008,Proprietary  ,7,11,18,129,184,313
04118100,IMAGEWORKS ACADEMY OF HAIR DESIGN       ,UT,84660-1210,Proprietary  ,3,7,10,18,100,118
04121700,DIXIE APPLIED TECHNOLOGY COLLEGE        ,UT,84770-3025,Public       ,12,33,45,229,531,760
04142100,SKIN INSTITUTE (THE)                    ,UT,84770-6452,Proprietary  ,3,4,7,29,92,121
04145500,SKIN SCIENCE INSTITUTE (THE)            ,UT,84115-0000,Proprietary  ,2,17,19,50,212,262
04153000,RENAISSANCE ACADEMIE                    ,UT,84604-0000,Proprietary  ,3,6,9,52,73,125
04161900,MANDALYN ACADEMY                        ,UT,84003-2161,Proprietary  ,6,16,22,20,97,117
04165500,ACAYDIA SCHOOL OF AESTHETICS            ,UT,84601-0000,Proprietary  ,1,3,4,40,89,129
04169900,AMERICAN BEAUTY ACADEMY                 ,UT,84651-0000,Proprietary  ,4,9,13,37,65,102
04173200,TAYLOR ANDREWS ACADEMY OF HAIR DESIGN   ,UT,84088-6577,Proprietary  ,10,26,36,109,223,332
04183000,TOP NAILS & HAIR BEAUTY SCHOOL          ,UT,84118-0000,Proprietary  ,2,40,42,3,43,46
04184200,TAYLOR ANDREWS ACADEMY-ST. GEORGE       ,UT,84790-2139,Proprietary  ,7,4,11,85,123,208
04192700,BARBER SCHOOL (THE)                     ,UT,84047-3723,Proprietary  ,7,24,31,39,150,189
04193200,ROCKY MOUNTAIN UNIVERSITY OF HEALTH PROF,UT,84606-7312,Proprietary  ,1,33,34,29,349,378
04210300,MEDSPA ACADEMIES                        ,UT,84095-3519,Proprietary  ,3,16,19,38,169,207
04211500,BEAUTIFUL YOU SCHOOL OF NAIL TECHNOLOGY ,UT,84720-8360,Proprietary  ,0,4,4,0,4,4
04216800,BONNIE JOSEPH ACADEMY OF COSMETOLOGY & B,UT,84032-2044,Proprietary  ,0,6,6,0,21,21
04218300,MIDWIVES COLLEGE OF UTAH                ,UT,84106-2671,Private      ,0,3,3,0,3,3
00368200,BENNINGTON COLLEGE                      ,VT,05201-6001,Private      ,7,13,20,1255,302,1557
00368300,CASTLETON STATE COLLEGE                 ,VT,05735-0000,Public       ,29,23,52,3559,560,4119
00368400,CHAMPLAIN COLLEGE                       ,VT,05401-3950,Private      ,38,64,102,4220,1444,5664
00368402,WOODBURY COLLEGE                        ,VT,05602-0000,Private      ,0,0,0,3,13,16
00368500,COLLEGE OF ST JOSEPH                    ,VT,05701-3899,Private      ,0,9,9,141,260,401
00368600,GODDARD COLLEGE                         ,VT,05667-0000,Private      ,4,54,58,76,1065,1141
00368700,GREEN MOUNTAIN COLLEGE                  ,VT,05764-1199,Private      ,8,36,44,1041,317,1358
00368800,JOHNSON STATE COLLEGE                   ,VT,05656-9898,Public       ,16,28,44,1567,1050,2617
00368900,LYNDON STATE COLLEGE                    ,VT,05851-0919,Public       ,13,17,30,2243,429,2672
00369000,MARLBORO COLLEGE                        ,VT,05344-0300,Private      ,4,16,20,380,151,531
00369100,MIDDLEBURY COLLEGE                      ,VT,05753-0000,Private      ,29,17,46,4618,593,5211
00369200,NORWICH UNIVERSITY                      ,VT,05663-1035,Private      ,24,139,163,3344,1657,5001
00369300,SOUTHERN VERMONT COLLEGE                ,VT,05201-6002,Private      ,4,3,7,776,261,1037
00369400,ST MICHAELS COLLEGE                     ,VT,05439-0001,Private      ,19,10,29,4200,262,4462
00369600,UNIVERSITY OF VERMONT                   ,VT,05405-0160,Public       ,134,93,227,19709,3574,23283
00369700,VERMONT COLLEGE OF FINE ARTS            ,VT,05602-3128,Private      ,0,21,21,30,536,566
00369800,VERMONT TECHNICAL COLLEGE               ,VT,05061-0000,Public       ,10,25,35,1348,961,2309
00857500,SALON PROFESSIONAL ACADEMY (THE)        ,VT,05495-4001,Proprietary  ,2,7,9,63,98,161
00865800,O'BRIENS AVEDA INSTITUTE                ,VT,05403-7747,Proprietary  ,3,14,17,64,118,182
00886000,SIT                                     ,VT,05301-4801,Private      ,1,9,10,179,620,799
01116700,COMMUNITY COLLEGE OF VERMONT            ,VT,05676-0000,Public       ,93,323,416,2066,5149,7215
01193400,VERMONT LAW SCHOOL                      ,VT,05068-0000,Private      ,1,14,15,7,1142,1149
01218300,BURLINGTON COLLEGE                      ,VT,05401-8477,Private      ,3,10,13,336,229,565
02143500,STERLING COLLEGE                        ,VT,05827-0000,Private      ,1,0,1,145,46,191
02254000,NEW ENGLAND CULINARY INSTITUTE          ,VT,05602-0000,Proprietary  ,15,14,29,491,284,775
02532600,LANDMARK COLLEGE                        ,VT,05346-0000,Private      ,11,4,15,555,113,668
03708300,BURLINGTON TECHNICAL CENTER             ,VT,05401-2721,Public       ,0,3,3,17,42,59
04146900,ADVANCED WELDING INSTITUTE              ,VT,05403-0000,Proprietary  ,10,14,24,40,56,96
00392800,CASPER COLLEGE                          ,WY,82601-4612,Public       ,48,98,146,1533,2041,3574
00392900,EASTERN WYOMING COLLEGE                 ,WY,82240-1603,Public       ,8,27,35,542,523,1065
00393000,SHERIDAN COLLEGE                        ,WY,82801-9133,Public       ,29,73,102,1202,1461,2663
00393100,NORTHWEST COLLEGE                       ,WY,82435-1895,Public       ,30,28,58,1067,786,1853
00393200,UNIVERSITY OF WYOMING                   ,WY,82071-3663,Public       ,111,184,295,7750,5517,13267
00393300,WESTERN WYOMING COMMUNITY COLLEGE       ,WY,82902-0000,Public       ,26,60,86,1097,1350,2447
00728900,CENTRAL WYOMING COLLEGE                 ,WY,82501-0000,Public       ,19,50,69,672,1099,1771
00915700,WYOMING TECHNICAL INSTITUTE             ,WY,82072-9519,Proprietary  ,233,160,393,2273,1364,3637
00925900,LARAMIE COUNTY COMMUNITY CLG            ,WY,82007-3299,Public       ,51,134,185,1758,2626,4384
02211900,CHEEKS INTERNATIONAL ACDMY              ,WY,82001-0000,Proprietary  ,7,18,25,81,185,266
00393500,UNIV OF GUAM                            ,GU,96923-0000,Public       ,82,98,180,2740,1996,4736
01536100,GUAM COMMUNITY COLLEGE                  ,GU,96921-0000,Public       ,67,78,145,1834,1808,3642
03438300,PACIFIC ISLANDS UNIVERSITY              ,GU,96913-2619,Private      ,3,6,9,100,124,224
00393600,PONTIFICAL CATHOLIC UNIV OF PR          ,PR,00717-0777,Private      ,110,240,350,7123,5821,12944
00393700,UNIVERSITY OF THE SACRED HEART          ,PR,00914-0383,Private      ,58,141,199,4350,2863,7213
00393800,INTER-AMER UNIV PR-CNTRL ADMN           ,PR,00936-0000,Private      ,119,380,499,4075,6653,10728
00393801,INTER-AMER UNIV PR SCHL LAW             ,PR,00936-8351,Private      ,2,4,6,48,325,373
00393802,INTER AMERICAN UNIVERSITY OF PUERTO RICO,PR,00926-0000,Private      ,18,53,71,1338,1472,2810
00393803,INTER AMERICAN UNIVERSITY OF PR         ,PR,00683-0000,Private      ,79,142,221,4094,2119,6213
00393804,INTER-AMER UNIV PR-RECINTO AGUADILA     ,PR,00605-2000,Private      ,109,183,292,3238,2529,5767
00393805,INTER-AMER UNIV PR-ARECIBO CAMPUS       ,PR,00614-4050,Private      ,52,186,238,3408,2972,6380
00393806,INTER-AMER UNIV PR-BARRANQUITAS REG     ,PR,00794-0517,Private      ,136,63,199,1765,970,2735
00393807,INTER-AMER UNIV PR-FAJARDO REGIONAL     ,PR,00738-0000,Private      ,55,98,153,1513,1280,2793
00393808,INTER-AMER UNIV PR - GUAYAMA CAMPUS     ,PR,00785-4004,Private      ,41,118,159,1262,1576,2838
00393809,INTER-AMER UNIV PR-PONCE REGIONAL       ,PR,00715-0000,Private      ,82,222,304,3819,3661,7480
00393811,INTER-AMER UNIV PR-BAYAMON REG CLG      ,PR,00959-0000,Private      ,68,94,162,4465,2114,6579
00394100,COLEGIO UNIVERSITARIO DEL ESTE          ,PR,00983-0000,Private      ,263,718,981,7804,9052,16856
00394200,UNIVERSITY OF PR-CENTRAL ADMINISTRATION ,PR,00936-4984,Public       ,3,7,10,487,289,776
00394300,UNIVERSITY OF PUERTO RICO - HUMACAO UNIV,PR,00791-4300,Public       ,12,9,21,3464,642,4106
00394400,UNIVERSITY OF PUERTO RICO - MAYAGUEZ    ,PR,00680-0000,Public       ,82,60,142,9647,2322,11969
00501900,UNIV ADVENTISTA DE LAS ANTILLAS         ,PR,00681-0118,Private      ,20,48,68,996,573,1569
00502200,BAYAMON CENTRAL UNIVERSITY              ,PR,00960-0000,Private      ,38,89,127,1199,1272,2471
00710800,UNIVERSITY OF PUERTO RICO - RIO PIEDRAS ,PR,00931-3300,Public       ,76,106,182,9113,3618,12731
00720600,UNIVERSITY OF PUERTO RICO - CAYEY UNIVER,PR,00736-5534,Public       ,10,15,25,3682,591,4273
00722800,UNIVERSITY OF PUERTO RICO - ARECIBO     ,PR,00614-4010,Public       ,18,21,39,3787,701,4488
00890200,COLUMBIA CENTRO UNIVERSITARIO           ,PR,00726-0000,Proprietary  ,73,126,199,1270,1458,2728
00965200,"UNIVERSITY OF PUERTO RICO, PONCE TECH UN",PR,00716-0000,Public       ,16,11,27,3608,625,4233
01056700,COLEGIO TECNOLOGICO DE SAN JUAN         ,PR,00918-2973,Public       ,31,33,64,864,1051,1915
01072400,CARLOS ALBIZU UNIVERSITY                ,PR,00902-3711,Private      ,1,14,15,127,910,1037
01081900,CONSERVATORIO DE MUSICA DE PUERTO RICO  ,PR,00907-3373,Public       ,5,7,12,347,129,476
01092200,UNIVERSITY OF PUERTO RICO - UTUADO      ,PR,00641-2500,Public       ,14,6,20,1487,272,1759
01097500,UNIVERSITY OF PUERTO RICO BAYAMON TECHNI,PR,00959-1911,Public       ,21,17,38,4879,864,5743
01120300,RYDER MEMORIAL HOSP SCH OF NURSING      ,PR,00792-0000,Private      ,0,0,0,36,15,51
01171900,UNIVERSIDAD DEL TURABO                  ,PR,00778-0000,Private      ,236,1044,1280,8767,11872,20639
01194000,ICPR JUNIOR COLLEGE                     ,PR,00919-0000,Proprietary  ,283,388,671,1596,1986,3582
01194100,AMERICAN UNIVERSITY OF PUERTO RICO      ,PR,00960-2037,Private      ,23,37,60,916,723,1639
01194101,AMERICAN UNIVERSITY OF PUERTO RICO      ,PR,00674-0000,Private      ,52,51,103,754,660,1414
01212300,"UNIVERSITY OF PUERTO RICO, AGUADILLA REG",PR,00604-0160,Public       ,20,14,34,2920,626,3546
01252500,CARIBBEAN UNIVERSITY                    ,PR,00960-0493,Private      ,97,241,338,2716,3603,6319
02063100,MBTI BUSINESS TRNG INSTITUTE            ,PR,00907-3917,Proprietary  ,262,780,1042,1339,4169,5508
02100000,POLYTECHNIC UNIVERSITY OF PR            ,PR,00917-0000,Private      ,49,152,201,2655,2388,5043
02163300,UNIVERSIDAD CENTRAL DEL CARIBE          ,PR,00960-0000,Private      ,2,8,10,239,473,712
02165100,EDP COLLEGE OF PUERTO RICO              ,PR,00919-0000,Private      ,76,178,254,944,1866,2810
02166000,CENTER FOR ADVANCED STUDIES OF PUER     ,PR,00902-0000,Private      ,0,40,40,11,313,324
02166400,INSTITUTO DE BANCA Y COMERCIO           ,PR,00925-0000,Proprietary  ,1131,1714,2845,10093,12282,22375
02170300,INST EDUC TECNIA OCUP LA REINA          ,PR,00674-0000,Proprietary  ,34,64,98,289,349,638
02189100,CENTRO DE ESTUDIOS MULTIDISCIPLIN       ,PR,00926-0000,Private      ,116,177,293,1651,2031,3682
02189300,EMMA'S BEAUTY ACADEMY                   ,PR,00680-0000,Proprietary  ,24,30,54,247,170,417
02195400,MODERN HAIRSTYLING INSTITUTE            ,PR,00961-0000,Proprietary  ,96,102,198,761,524,1285
02195500,MODERN HAIRSTYLING INSTITUTE            ,PR,00612-0000,Proprietary  ,0,1,1,6,15,21
02195800,LICEO E ARTE Y TECNOLGIA                ,PR,00919-0000,Proprietary  ,49,87,136,651,730,1381
02195900,MODERN HAIRSTYLING INSTITUTE            ,PR,00980-0000,Proprietary  ,0,0,0,12,10,22
02234900,ANTILLES SCHOOL OF TECH CAREERS         ,PR,00909-3006,Proprietary  ,39,60,99,225,287,512
02241901,COMMONWEALTH OF PR DEPT OF EDUC - CARLOS,PR,00986-0000,Public       ,0,0,0,10,19,29
02241902,COMMONWEALTH OF PR DEPT OF EDUC - TOMAS ,PR,00613-0000,Public       ,0,0,0,2,7,9
02241904,COMMONWEALTH OF PR DEPT OF EDUC - ITPR R,PR,00655-0000,Public       ,13,16,29,586,452,1038
02241905,COMMONWEALTH OF PR DEPT OF EDUC - JOSE A,PR,00674-0000,Public       ,0,1,1,39,25,64
02241907,COMMONWEALTH OF PR DEPT OF EDUC - ITPR R,PR,00928-0000,Public       ,8,11,19,356,319,675
02241908,COMMONWEALTH OF PR DEPT OF EDUC - ITPR R,PR,00732-0000,Public       ,10,6,16,502,358,860
02241909,COMMONWEALTH OF PR DEPT OF EDUC - TROQUE,PR,00959-0000,Public       ,0,0,0,72,18,90
02241910,COMMONWEALTH OF PR DEPT OF EDUC - ITPR R,PR,00701-1091,Public       ,4,3,7,685,324,1009
02260600,NATIONAL COLLEGE OF BUSINESS & TECH     ,PR,00960-2036,Proprietary  ,320,1298,1618,4322,8942,13264
02260800,HUERTAS JUNIOR COLLEGE                  ,PR,00726-0000,Proprietary  ,65,149,214,1064,1338,2402
02297700,AUTOMECA TECHNICAL COLLEGE              ,PR,00957-0000,Proprietary  ,90,93,183,1214,863,2077
02303800,AMERICAN EDUCATIONAL COLLEGE            ,PR,00961-0000,Proprietary  ,53,60,113,337,572,909
02335500,COLEGIO BIBLICO PENTECOSTAL DE PR       ,PR,00978-0000,Private      ,4,31,35,26,215,241
02340600,HUMACAO COMMUNITY COLLEGE               ,PR,00792-0000,Private      ,31,63,94,470,615,1085
02343600,INSTITUTE OF BEAUTY CAREERS             ,PR,00613-0000,Proprietary  ,54,57,111,462,416,878
02460000,UNIVERSITY OF PUERTO RICO - MEDICAL SCIE,PR,00936-0000,Public       ,2,20,22,1017,1622,2639
02482400,PONCE SCHOOL OF MEDICINE AND HEALTH SCIE,PR,00716-2347,Private      ,0,4,4,102,757,859
02502400,SERBIA'S SCHOOL OF BEAUTY CULTURE       ,PR,00785-0000,Proprietary  ,21,48,69,156,250,406
02504500,INSTITUCION CHAVIANO DE MAYAGUEZ        ,PR,00708-0000,Proprietary  ,6,41,47,37,157,194
02505400,ATLANTIC COLLEGE                        ,PR,00970-0000,Private      ,48,42,90,1289,478,1767
02534900,PONCE PARAMEDICAL COLLEGE (POPAC)       ,PR,00731-0000,Proprietary  ,136,189,325,2070,1752,3822
02552300,COLEGIO MAYOR DE TECHNOLOGIA            ,PR,00714-0000,Proprietary  ,25,40,65,223,256,479
02562500,INTERNATIONAL TECHNICAL COLLEGE         ,PR,00918-0000,Proprietary  ,11,20,31,82,120,202
02563500,ROGIES SCHOOL OF BEAUTY CULTURE         ,PR,00910-0000,Proprietary  ,4,10,14,110,125,235
02569400,ESCUELA DE ARTES PLASTICAS              ,PR,00902-1112,Public       ,1,3,4,448,178,626
02570400,EDUCATIONAL TECHNICAL COLLEGE           ,PR,00925-3404,Proprietary  ,102,195,297,605,1056,1661
02576100,ESCUELA TECNICA DE ELECTRICIDAD         ,PR,00731-0000,Proprietary  ,25,57,82,272,374,646
02587500,UNIVERSIDAD METROPOLITANA               ,PR,00928-0000,Private      ,239,843,1082,6995,9856,16851
02588600,SEMINARIO EVANGELICO DE PUERTO RICO     ,PR,00925-0000,Private      ,0,3,3,1,60,61
02593700,HISPANIC AMERICAN COLLEGE               ,PR,00725-0000,Proprietary  ,33,84,117,221,366,587
03016000,UNIVERSITY OF PUERTO RICO CAROLINA REGIO,PR,00985-0000,Public       ,25,29,54,3711,868,4579
03021900,EDIC COLLEGE                            ,PR,00726-0000,Proprietary  ,67,126,193,1240,1261,2501
03025500,MECH TECH COLLEGE                       ,PR,00725-6118,Proprietary  ,255,285,540,2984,2031,5015
03025900,"LICEO DE ARTE, DISENOS Y COMERCIO       ",PR,00726-0000,Proprietary  ,23,29,52,264,335,599
03029700,"UNIVERSAL TECHNOLOGY CLG OF PR, INC     ",PR,00605-1955,Private      ,45,102,147,533,1059,1592
03061900,COLEGIO TECHNOLOGICO Y COMERCIAL        ,PR,00602-0960,Proprietary  ,5,21,26,35,71,106
03068400,STAR BEAUTY ACADEMY                     ,PR,00961-6312,Proprietary  ,5,19,24,39,93,132
03070500,D'MART INSTITUTE                        ,PR,00794-3517,Proprietary  ,64,134,198,668,1114,1782
03075600,EMMA'S BEAUTY ACADEMY                   ,PR,00795-0000,Proprietary  ,36,26,62,416,234,650
03085700,PROFESSIONAL TECHNICAL INSTITUTION      ,PR,00960-7061,Proprietary  ,21,44,65,226,285,511
03104400,PROFESSIONAL ELECTRIC SCHOOL            ,PR,00674-1797,Proprietary  ,2,4,6,38,41,79
03106900,ESCUELA DE PERITOS ELECTRICITAS         ,PR,00662-0457,Proprietary  ,7,4,11,40,53,93
03112100,JOHN DEWEY COLLEGE                      ,PR,00915-9538,Private      ,195,526,721,2014,4320,6334
03112101,JOHN DEWEY COLLEGE                      ,PR,00986-0000,Private      ,29,100,129,527,950,1477
03112102,JOHN DEWEY COLLEGE-BAYAMON CAMPUS       ,PR,00959-0000,Private      ,40,65,105,236,413,649
03112104,JOHN DEWEY COLLEGE - YABUCOA LRNING SITE,PR,00767-0767,Private      ,14,15,29,126,248,374
03112105,JOHN DEWEY COLLEGE - FAJARDO BRANCH     ,PR,00738-0738,Private      ,5,23,28,118,210,328
03112106,JOHN DEWEY COLLEGE - ARROYO BRANCH      ,PR,00714-0714,Private      ,0,0,0,6,6,12
03112107,JOHN DEWEY COLLEGE - JUANA DIAZ BRANCH  ,PR,00795-0000,Private      ,21,36,57,190,260,450
03112108,JOHN DEWEY COLLEGE - HATILLO CAMPUS     ,PR,00659-0000,Private      ,9,29,38,135,224,359
03112109,JOHN DEWEY COLLEGE - MANATI             ,PR,00674-0000,Private      ,45,57,102,321,514,835
03115900,TRINITY COLLEGE OF PUERTO RICO          ,PR,00734-0000,Private      ,16,26,42,150,209,359
03122500,ACADEMIA SERRANT INC.                   ,PR,00717-1568,Proprietary  ,30,52,82,196,281,477
03123100,GLOBELLE TECHNICAL INSTITUTE            ,PR,00693-4218,Proprietary  ,14,9,23,112,86,198
03124200,NOVA COLLEGE DE PUERTO RICO             ,PR,00960-4016,Proprietary  ,21,66,87,143,298,441
03157600,"COLEGIO DE CINEMATOGRAFIA, ARTES Y TELEV",PR,00961-6345,Proprietary  ,54,49,103,758,473,1231
03177300,SAN JUAN BAUTISTA SCH OF MEDICINE       ,PR,00726-0000,Private      ,0,4,4,32,302,334
03326300,UNIVERSAL CAREER COMMUNITY COLLEGE      ,PR,00907-0000,Proprietary  ,0,0,0,7,11,18
03336300,CENTURY COLLEGE                         ,PR,00603-0000,Proprietary  ,13,35,48,129,164,293
03414300,MONTECLARO                              ,PR,00745-9612,Private      ,0,0,0,24,45,69
03452300,INSTITUTO PRE-VOCACIONAL E INDUSTRI     ,PR,00613-1800,Private      ,16,44,60,89,179,268
03469300,IVAEM COLLEGE                           ,PR,00725-0000,Proprietary  ,13,14,27,127,81,208
03531300,UNIVERSIDAD PENTECOSTAL MIZPA           ,PR,00928-0966,Private      ,2,56,58,27,381,408
03544300,ATENAS COLLEGE                          ,PR,00674-0000,Private      ,59,69,128,1113,1083,2196
03552300,LESTON COLLEGE                          ,PR,00961-6309,Proprietary  ,30,32,62,138,157,295
03585300,CENTRO DE CAPACITACION Y ASESORAMIE     ,PR,00612-0000,Private      ,0,0,0,9,35,44
03608300,CARIBBEAN FORENSIC & TECHNICAL COLL     ,PR,00926-0000,Proprietary  ,3,24,27,49,104,153
03638300,ROSSLYN TRAINING ACADEMY OF COSMETOLOGY ,PR,00602-3225,Proprietary  ,9,14,23,21,71,92
03735400,"CHARLIES GUARD,DETECTIVE BUREAU&ACA     ",PR,00605-0000,Proprietary  ,8,12,20,58,84,142
03751300,ESCUELA HOTELERA DE SAN JUAN            ,PR,00917-0091,Proprietary  ,29,28,57,721,414,1135
03758300,BAYAMON COMMUNITY COLLEGE               ,PR,00960-0000,Proprietary  ,20,47,67,103,292,395
03781400,INDUSTRIAL TECHNICAL COLLEGE            ,PR,00792-0000,Proprietary  ,14,39,53,134,210,344
03785300,J.G. GUAYNABO TECHNICAL COLLEGE         ,PR,00960-0000,Proprietary  ,19,33,52,60,132,192
03800300,COLEGIO TECNICO DE ELECTRICIDAD GALLOSA ,PR,00602-0000,Proprietary  ,6,15,21,18,49,67
03800400,INSTITUTE OF BEAUTY OCCUPATIONS AND TECH,PR,00676-5071,Proprietary  ,13,16,29,95,166,261
03843300,ADVANCED TECH COLLEGE                   ,PR,00961-6321,Proprietary  ,7,19,26,91,167,258
03849300,AGUADILLA TECHNICAL COLLEGE             ,PR,00603-0000,Proprietary  ,2,5,7,30,48,78
03965400,MYRANGEL BEAUTY INSTITUTE               ,PR,00754-3917,Proprietary  ,20,22,42,124,225,349
04030300,"ASPIRA DE PUERTO RICO, ACADEMIA DE TECNO",PR,00987-0000,Private      ,0,0,0,4,13,17
04107300,CARIB TECHNOLOGICAL INSTITUTE           ,PR,00960-0000,Proprietary  ,23,53,76,104,235,339
04117200,INSTITUTO EDUCATIVO PREMIER             ,PR,00731-0000,Proprietary  ,17,36,53,167,269,436
04131600,LIBERTY TECHNICAL COLLEGE               ,PR,00737-1298,Proprietary  ,11,13,24,105,108,213
04164300,GLOBAL INSTITUTE                        ,PR,00725-6485,Proprietary  ,0,8,8,14,35,49
04176000,AMERICAN TECHNICAL INSTITUTE            ,PR,00957-0000,Proprietary  ,2,9,11,39,45,84
00394600,UNIVERSITY OF THE VIRGIN ISLANDS        ,VI,00802-6000,Public       ,24,26,50,1232,968,2200
00394601,UNIV OF THE VIRGIN ISLANDS-ST CROIX     ,VI,00850-0000,Public       ,15,21,36,684,725,1409
00667700,MCGILL UNIVERSITY                       ,CN,00000-0000,Public       ,7,10,17,1668,489,2157
00667900,QUEEN'S UNIVERSITY AT KINGSTON          ,CN,00000-0000,Public       ,0,0,0,117,39,156
00668100,ST FRANCIS XAVIER UNIVERSITY            ,CN,00000-0000,Public       ,0,0,0,39,9,48
00668200,ST THOMAS UNIVERSITY                    ,CN,00000-0000,Public       ,0,0,0,40,8,48
00668300,UNIVERSITY OF GUELPH                    ,CN,00000-0000,Public       ,1,0,1,39,75,114
00668400,UNIVERSITY OF MANITOBA                  ,CN,00000-0000,Public       ,1,0,1,52,37,89
00668500,UNIVERSITY OF NEW BRUNSWICK (THE)       ,CN,00000-0000,Public       ,1,1,2,26,27,53
00668600,UNIVERSITY OF OTTAWA                    ,CN,00000-0000,Public       ,0,1,1,72,67,139
00668800,UNIVERSITY OF TORONTO                   ,CN,00000-0000,Public       ,4,5,9,437,488,925
00668900,UNIVERSITY OF WINDSOR                   ,CN,00000-0000,Public       ,2,4,6,25,54,79
00683700,UNIVERSITE LAVAL                        ,CN,00000-0000,Public       ,0,0,0,14,35,49
00683800,DALHOUSIE UNIVERSITY                    ,CN,00000-0000,Public       ,1,1,2,142,75,217
00685200,BISHOP'S UNIVERSITY                     ,CN,00000-0000,Private      ,1,0,1,72,12,84
00685300,MCMASTER UNIVERSITY                     ,CN,00000-0000,Public       ,0,2,2,28,43,71
00767900,YORK UNIVERSITY                         ,CN,00000-0000,Public       ,1,4,5,108,143,251
00787400,UNIVERSITY AT CALGARY (THE)             ,CN,00000-0000,Public       ,1,0,1,56,74,130
00814800,UNIVERSITY OF WINNIPEG                  ,CN,00000-0000,Public       ,1,0,1,24,15,39
00836200,UNIVERSITY OF ALBERTA (THE)             ,CN,00000-0000,Public       ,0,0,0,54,86,140
00836300,MOUNT SAINT VINCENT UNIVERSITY          ,CN,00000-0000,Public       ,0,0,0,8,5,13
00836400,SAINT MARY'S UNIVERSITY                 ,CN,00000-0000,Public       ,0,0,0,23,20,43
00836500,CONCORDIA UNIVERSITY - SIR GEORGE W     ,CN,00000-0000,Public       ,2,2,4,341,171,512
00836600,UNIVERSITE DE MONTREAL                  ,CN,00000-0000,Public       ,0,2,2,29,79,108
00836800,CARLETON UNIVERSITY                     ,CN,00000-0000,Public       ,1,0,1,78,54,132
00836900,UNIVERSITY OF BRITISH COLUMBIA          ,CN,00000-0000,Public       ,9,10,19,851,583,1434
00837000,"SAFA, UNIVERSITY OF VICTORIA            ",CN,00000-0000,Public       ,1,2,3,122,89,211
00844400,SIMON FRASER UNIVERSITY                 ,CN,00000-0000,Public       ,2,4,6,135,128,263
00844600,UNIVERSITY OF WESTERN ONTARIO (THE)     ,CN,00000-0000,Public       ,0,4,4,59,105,164
00844800,UNIVERSITY OF REGINA                    ,CN,00000-0000,Public       ,0,1,1,10,9,19
00844900,ACADIA UNIVERSITY                       ,CN,00000-0000,Public       ,1,1,2,57,21,78
00852600,UNIVERSITY OF WATERLOO                  ,CN,00000-0000,Public       ,0,0,0,8,1,9
00858200,WILFRID LAURIER UNIVERSITY              ,CN,00000-0000,Public       ,0,0,0,19,13,32
00891300,LAKEHEAD UNIVERSITY                     ,CN,00000-0000,Public       ,0,0,0,10,7,17
00911900,UNIVERSITE DE MONCTON                   ,CN,00000-0000,Public       ,0,0,0,0,2,2
00925200,BROCK UNIVERSITY                        ,CN,00000-0000,Public       ,2,0,2,19,16,35
00936700,UNIVERSITY OF PRINCE EDWARD ISLAND      ,CN,00000-0000,Public       ,0,0,0,31,120,151
00942100,BRANDON UNIVERSITY                      ,CN,00000-0000,Public       ,0,0,0,16,14,30
00948600,TRINITY WESTERN UNIVERSITY              ,CN,00000-0000,Private      ,5,1,6,186,81,267
00950000,MEMORIAL UNIVERSITY OF NEWFOUNDLAND     ,CN,00000-0000,Public       ,0,1,1,17,36,53
00950100,UNIVERSITY OF KING'S COLLEGE            ,CN,00000-0000,Public       ,0,0,0,33,5,38
00950300,MOUNT ALLISON UNIVERSITY                ,CN,00000-0000,Public       ,0,0,0,39,3,42
00950400,NOVA SCOTIA AGRICULTURAL COLLEGE        ,CN,00000-0000,Public       ,0,0,0,1,6,7
00950500,TRENT UNIVERSITY                        ,CN,00000-0000,Public       ,0,1,1,7,9,16
00969800,MEDICINE HAT COLLEGE                    ,CN,00000-0000,Public       ,0,0,0,1,9,10
01012300,NOVA SCOTIA COLLEGE OF ART & DESIGN     ,CN,00000-0000,Public       ,0,0,0,13,22,35
01022100,SAINT PAUL UNIVERSITY                   ,CN,00000-0000,Public       ,0,0,0,2,13,15
01045800,SHERIDAN COLLEGE OF APPLIED ARTS AN     ,CN,00000-0000,Public       ,2,1,3,40,23,63
01067500,REGENT COLLEGE                          ,CN,00000-0000,Private      ,0,3,3,9,96,105
01070300,UNIVERSITY OF LETHBRIDGE                ,CN,00000-0000,Public       ,0,0,0,10,13,23
01072000,RYERSON UNIVERSITY                      ,CN,00000-0000,Public       ,1,2,3,64,89,153
01172200,BRIERCREST BIBLE COLLEGE                ,CN,00000-0000,Private      ,0,0,0,9,9,18
01222800,HUMBER COLLEGE                          ,CN,00000-0000,Public       ,0,3,3,49,65,114
01227400,PROVIDENCE COLLEGE                      ,CN,00000-0000,Private      ,0,0,0,47,6,53
02102100,KINGSWOOD UNIVERSITY                    ,CN,00000-0000,Private      ,0,0,0,67,15,82
02167000,PRAIRIE BIBLE INST                      ,CN,00000-0000,Private      ,0,0,0,17,8,25
02184600,INSTITUTE FOR CHRISTIAN STUDIES         ,CN,00000-0000,Private      ,0,0,0,2,14,16
02195700,TAYLOR UNIVERSITY COLLEGE AND SEMINARY  ,CN,00000-0000,Private      ,0,0,0,1,2,3
02201100,COLUMBIA BIBLE COLLEGE                  ,CN,00000-0000,Private      ,1,1,2,16,12,28
02216400,TYNDALE COLLEGE & SEMINARY              ,CN,00000-0000,Private      ,0,0,0,6,23,29
02219200,UNIVERSITY OF SASKATCHEWAN              ,CN,00000-0000,Public       ,0,1,1,23,29,52
02324900,EMMANUEL BIBLE COLLEGE                  ,CN,00000-0000,Private      ,0,0,0,1,0,1
02338800,EMILY CARR UNIVERSITY OF ART AND DESIGN ,CN,00000-0000,Public       ,2,1,3,87,51,138
02577200,SALVATION ARMY WM & CATHERINE BOOTH     ,CN,00000-0000,Private      ,0,0,0,3,2,5
02593800,CONCORDIA UNIVERSITY COLLEGE            ,CN,00000-0000,Private      ,0,0,0,9,10,19
02611900,THE KING'S UNIVERSITY COLLEGE           ,CN,00000-0000,Private      ,0,0,0,2,5,7
03018300,ROCKY MOUNTAIN COLLEGE: CENTRE FOR BIBLI,CN,00000-0000,Private      ,0,0,0,0,2,2
03033800,UNIVERSITY COLLEGE OF CAPE BRETON       ,CN,00000-0000,Public       ,0,1,1,7,11,18
03078300,VANCOUVER SCHOOL OF THEOLOGY            ,CN,00000-0000,Private      ,0,1,1,2,12,14
03273300,CANADIAN COLLEGE OF NATUROPATHIC ME     ,CN,00000-0000,Private      ,0,0,0,9,43,52
03298300,ALBERTA COLLEGE OF ART & DESIGN         ,CN,00000-0000,Public       ,0,1,1,15,19,34
03332500,KWANTLEN UNIVERSITY COLLEGE             ,CN,00000-0000,Public       ,0,0,0,5,10,15
03335400,CANADIAN UNIVERSITY COLLEGE             ,CN,00000-0000,Private      ,0,0,0,52,20,72
03339300,ST. STEPHENS UNIVERSITY                 ,CN,00000-0000,Private      ,0,0,0,8,5,13
03348500,REDEEMER UNIVERSITY COLLEGE             ,CN,00000-0000,Private      ,0,0,0,8,6,14
03420300,HOLLAND COLLEGE                         ,CN,00000-0000,Public       ,0,0,0,17,10,27
03560400,NIAGARA COLLEGE-WELLAND CAMPUS          ,CN,00000-0000,Public       ,0,0,0,11,12,23
03613300,UNIV OF NORTHERN BRITISH COLUMBIA       ,CN,00000-0000,Public       ,0,0,0,13,23,36
03644400,CANADIAN MENNONITE UNIVERSITY           ,CN,00000-0000,Private      ,0,0,0,8,3,11
03674400,CANADIAN SOUTHERN BAPTIST SEMINARY      ,CN,00000-0000,Private      ,0,0,0,1,4,5
03711300,CAPILANO UNIVERSITY                     ,CN,00000-0000,Public       ,0,0,0,16,31,47
03846300,PACIFIC LIFE BIBLE COLLEGE              ,CN,00000-0000,Private      ,0,0,0,12,4,16
03847300,CRANDALL UNIVERSITY                     ,CN,00000-0000,Private      ,0,0,0,8,2,10
04075300,QUEST UNIVERSITY CANADA                 ,CN,00000-0000,Private      ,2,0,2,130,8,138
04123100,ATLANTIC SCHOOL OF THEOLOGY             ,CN,00000-0000,Public       ,0,0,0,4,11,15
04156700,AMBROSE UNIVERSITY COLLEGE              ,CN,00000-0000,Private      ,0,0,0,8,13,21
00814700,UNIVERSIDAD AUTONOMA DE GUADALAJARA     ,MX,00000-0000,Private      ,4,14,18,111,1260,1371
01041800,INST TEC Y DE ESTSUPER DE MONTERRE      ,MX,00000-0000,Private      ,3,4,7,103,87,190
01067600,UNIVERSIDAD DE MONTERREY                ,MX,00000-0000,Private      ,2,2,4,48,47,95
01093800,UNIVERSIDAD DE GUANAJUATO               ,MX,00000-0000,Public       ,1,0,1,43,50,93
02053300,CENTRO DE ESTUDIOS UNIVERSITARIOS D     ,MX,00000-0000,Private      ,3,4,7,113,172,285
04183900,CETYS UNIVERSIDAD                       ,MX,00000-0000,Private      ,13,6,19,19,12,31
01001000,AMERICAN SAMOA CMNTY COLLEGE            ,AS,96799-2609,Public       ,81,59,140,1409,472,1881
01034300,COLLEGE OF MICRONESIA - FSM             ,FM,96941-0159,Public       ,152,140,292,2396,1095,3491
01100900,PALAU COMMUNITY COLLEGE                 ,PW,96940-0009,Public       ,9,9,18,825,409,1234
03022400,COLLEGE OF THE MARSHALL ISLANDS         ,MH,96960-1258,Public       ,29,10,39,912,414,1326
03033000,NORTHERN MARIANAS COLLEGE               ,MP,96950-0000,Public       ,51,38,89,926,577,1503
