OPE ID,School,State,Zip Code,School Type,20122013Qtr3_Dependent Students,20122013Qtr3_Independent Students,Quarterly Total,YTD_20122013Qtr3_Dependent Students,YTD_20122013Qtr3_Independent Students,Award Year To Date Total
00100200,ALABAMA AGRCLTL & MECHL UNIV            ,AL,35762-1357,Public       ,889,898,1787,6803,3424,10227
00100300,FAULKNER UNIVERSITY                     ,AL,36109-3398,Private      ,311,1143,1454,1994,4279,6273
00100400,UNIVERSITY OF MONTEVALLO                ,AL,35115-6000,Public       ,338,361,699,2425,1527,3952
00100500,ALABAMA STATE UNIVERSITY                ,AL,36101-0000,Public       ,1390,1543,2933,9699,5815,15514
00100700,CENTRAL ALABAMA COMMUNITY COLLEGE       ,AL,35011-0000,Public       ,383,750,1133,1510,1954,3464
00100800,ATHENS STATE UNIVERSITY                 ,AL,35611-1999,Public       ,166,835,1001,883,3421,4304
00100900,AUBURN UNIVERSITY                       ,AL,36849-5113,Public       ,1714,1194,2908,19171,6417,25588
00101200,BIRMINGHAM SOUTHERN COLLEGE             ,AL,35254-0002,Private      ,238,217,455,2148,843,2991
00101300,CALHOUN COMMUNITY COLLEGE               ,AL,35609-2216,Public       ,1237,2278,3515,4997,7887,12884
00101500,ENTERPRISE STATE COMMUNITY COLLEGE      ,AL,36331-1300,Public       ,290,566,856,1189,1782,2971
00101600,UNIVERSITY OF NORTH ALABAMA             ,AL,35632-0001,Public       ,828,788,1616,5383,3042,8425
00101700,GADSDEN STATE COMMUNITY COLLEGE         ,AL,35903-2269,Public       ,962,1915,2877,3373,5856,9229
00101800,GEORGE C WALLACE COMMUNITY COLLEGE      ,AL,36303-0943,Public       ,611,1422,2033,2217,4131,6348
00101900,HUNTINGDON COLLEGE                      ,AL,36106-2148,Private      ,197,221,418,1604,783,2387
00102000,JACKSONVILLE STATE UNIVERSITY           ,AL,36265-1602,Public       ,1026,1478,2504,7334,5666,13000
00102100,JEFFERSON DAVIS COMMUNITY COLLEGE       ,AL,36427-2790,Public       ,146,271,417,569,820,1389
00102200,JEFFERSON STATE COMMUNITY COLLEGE       ,AL,35215-3098,Public       ,1284,2589,3873,4745,8648,13393
00102300,JUDSON COLLEGE                          ,AL,36756-2504,Private      ,60,42,102,365,153,518
00102400,UNIVERSITY OF WEST ALABAMA              ,AL,35470-0000,Public       ,386,1733,2119,2474,5281,7755
00102600,MARION MILITARY INSTITUTE               ,AL,36756-3214,Public       ,90,20,110,528,69,597
00102800,MILES COLLEGE                           ,AL,35064-2697,Private      ,480,430,910,2419,1412,3831
00102900,UNIVERSITY OF MOBILE                    ,AL,36613-0000,Private      ,321,658,979,1921,2397,4318
00103000,BISHOP STATE COMMUNITY COLLEGE          ,AL,36603-5898,Public       ,749,1696,2445,2471,4922,7393
00103100,NORTHEAST ALABAMA STATE CMNTY COLG      ,AL,35986-0159,Public       ,481,846,1327,1434,2069,3503
00103300,OAKWOOD COLLEGE                         ,AL,35896-0001,Private      ,389,334,723,2000,1238,3238
00103400,ALABAMA SOUTHERN COMMUNITY COLLEGE      ,AL,36460-5698,Public       ,231,365,596,1080,1100,2180
00103600,SAMFORD UNIVERSITY                      ,AL,35229-7000,Private      ,286,621,907,3742,3181,6923
00103800,SNEAD STATE COMMUNITY COLLEGE           ,AL,35957-0734,Public       ,313,581,894,1493,1957,3450
00104000,SOUTHERN UNION STATE COMMUNITY CLG      ,AL,36276-0000,Public       ,650,777,1427,3626,3248,6874
00104100,SPRING HILL COLLEGE                     ,AL,36608-1791,Private      ,137,277,414,1864,997,2861
00104400,STILLMAN COLLEGE                        ,AL,35403-1430,Private      ,257,172,429,1963,705,2668
00104600,TALLADEGA COLLEGE                       ,AL,35160-2354,Private      ,222,203,425,981,544,1525
00104700,TROY UNIVERSITY                         ,AL,36082-0001,Public       ,1500,6393,7893,8955,21646,30601
00105000,TUSKEGEE UNIVERSITY                     ,AL,36088-1645,Private      ,384,230,614,5880,1557,7437
00105100,UNIVERSITY OF ALABAMA (THE)             ,AL,35487-0120,Public       ,2366,2264,4630,26344,11095,37439
00105200,UNIVERSITY OF ALABAMA AT BIRMINGHAM     ,AL,35294-1150,Public       ,1481,2848,4329,11646,12999,24645
00105500,UNIVERSITY OF ALABAMA IN HUNTSVILLE     ,AL,35899-0001,Public       ,800,1204,2004,5198,4859,10057
00105700,UNIVERSITY OF SOUTH ALABAMA             ,AL,36688-0002,Public       ,1477,2306,3783,10388,10183,20571
00105900,LAWSON STATE COMMUNITY COLLEGE          ,AL,35221-1798,Public       ,791,1410,2201,2322,3886,6208
00105901,LAWSON STATE COMMUNITY COLLEGE - BESSEME,AL,35021-0308,Public       ,300,493,793,863,1466,2329
00106000,FAULKNER STATE COMMUNITY COLLEGE        ,AL,36507-2698,Public       ,711,894,1605,3360,3561,6921
00526000,J.F. DRAKE STATE TECH COLLEGE           ,AL,35811-1584,Public       ,215,674,889,614,2002,2616
00569100,SHELTON STATE COMMUNITY CLG             ,AL,35405-4017,Public       ,979,1158,2137,4475,4024,8499
00569200,REID STATE TECHNICAL COLLEGE            ,AL,36401-0000,Public       ,111,246,357,284,645,929
00569700,NORTHWEST- SHOALS COMMUNITY COLLEGE     ,AL,35661-0000,Public       ,659,1032,1691,1998,2450,4448
00569900,GEORGE C WALLACE STATE CMTY COLLEGE     ,AL,36703-0000,Public       ,390,748,1138,1152,1916,3068
00573300,BEVILL STATE CMTY COLLEGE-WALKER        ,AL,35148-0000,Public       ,537,1151,1688,2150,3412,5562
00573400,H. COUNCILL TRENHOLM STATE TECH COLLEGE ,AL,36108-0020,Public       ,360,802,1162,952,2262,3214
00573401,H. C. TRENHOLM ST TECH COL-PATTERSON CAM,AL,36116-2612,Public       ,226,446,672,580,1311,1891
00787100,GEORGE C WALLACE STATE CMTY CLG         ,AL,35077-2000,Public       ,590,1033,1623,3497,4668,8165
00831000,AUBURN UNIVERSITY-MONTGOMERY            ,AL,36124-0000,Public       ,573,1081,1654,4584,5058,9642
00898800,LURLEEN B WALLACE COMMUNITY COLLEGE     ,AL,36420-0418,Public       ,223,409,632,1057,1315,2372
01055400,CONCORDIA COLLEGE                       ,AL,36701-3323,Private      ,222,211,433,825,573,1398
01218200,CHATTAHOOCHEE VALLEY CMTY CLG           ,AL,36869-7917,Public       ,287,585,872,1085,1897,2982
01303906,SOUTH UNIVERSITY - MONTGOMERY           ,AL,36116-1120,Proprietary  ,144,550,694,485,1698,2183
02170600,UNITED STATES SPORTS ACADEMY            ,AL,36526-7055,Private      ,9,241,250,45,712,757
02199700,HERITAGE CHRISTIAN UNIVERSITY           ,AL,35630-0000,Private      ,4,24,28,27,81,108
02270400,SOUTHEASTERN BIBLE COLLEGE              ,AL,35244-2083,Private      ,32,84,116,131,329,460
02285000,PAUL MITCHELL THE SCHOOL HUNTSVILLE     ,AL,35758-0000,Proprietary  ,28,55,83,87,141,228
02296000,PRINCE INSTITUTE OF PROFESSIONAL STUDIES,AL,36117-0000,Proprietary  ,10,90,100,62,343,405
02341000,FORTIS COLLEGE                          ,AL,36609-0000,Proprietary  ,195,616,811,688,2183,2871
02503400,AMRIDGE UNIVERSITY                      ,AL,36124-0000,Private      ,33,501,534,102,1192,1294
02605500,REMINGTON COLLEGE - MOBILE CAMPUS       ,AL,36609-5593,Private      ,250,688,938,910,2388,3298
03010600,VIRGINIA COLLEGE                        ,AL,35209-5154,Proprietary  ,1071,6043,7114,2924,21447,24371
03010602,VIRGINIA COLLEGE - HUNTSVILLE           ,AL,35805-0000,Proprietary  ,80,312,392,276,1257,1533
03010607,VIRGINIA COLLEGE - MOBILE               ,AL,36608-1626,Proprietary  ,138,504,642,416,1461,1877
03010616,VIRGINIA COLLEGE - MONTGOMERY           ,AL,36117-2802,Proprietary  ,132,491,623,496,1873,2369
03032500,ALABAMA STATE CLG BARBER STYLING        ,AL,35215-0000,Proprietary  ,20,57,77,92,179,271
03361400,FORTIS COLLEGE                          ,AL,36535-0000,Proprietary  ,43,171,214,150,657,807
03459300,SOUTHEASTERN SCHOOL OF COSMETOLOGY      ,AL,35228-0000,Private      ,23,73,96,57,175,232
03783300,BLUE CLIFF CAREER COLLEGE               ,AL,63306-4749,Proprietary  ,41,176,217,103,394,497
03894300,HUNTSVILLE BIBLE COLLEGE                ,AL,35811-0000,Private      ,6,61,67,27,213,240
04066300,CARDIAC AND VASCULAR INSTITUTE OF ULTRAS,AL,36604-1411,Proprietary  ,16,103,119,68,322,390
04067300,SELMA UNIVERSITY                        ,AL,36701-0000,Private      ,88,287,375,214,509,723
04121500,COLUMBIA SOUTHERN UNIVERSITY            ,AL,36561-3815,Proprietary  ,109,2939,3048,394,11692,12086
04149200,XCELL ACADEMY-A PAUL MITCHELL PARTNER SC,AL,35216-4990,Proprietary  ,33,77,110,88,216,304
04187200,NEW BEGINNING COLLEGE OF COSMETOLOGY    ,AL,35950-2415,Proprietary  ,11,41,52,52,158,210
04187300,HAIR ACADEMY (THE)                      ,AL,36111-2201,Proprietary  ,18,56,74,62,196,258
04197500,UNIVERSITY ACADEMY OF HAIR DESIGN       ,AL,35476-3100,Proprietary  ,8,24,32,17,47,64
00111100,ALLAN HANCOCK COLLEGE                   ,CA,93454-6399,Public       ,878,1257,2135,4685,5108,9793
00111300,ANTELOPE VALLEY COLLEGE                 ,CA,93536-5426,Public       ,1135,2651,3786,6875,10609,17484
00111600,ART CENTER COLLEGE OF DESIGN            ,CA,91103-1999,Private      ,168,216,384,1925,1551,3476
00111700,AZUSA PACIFIC UNIVERSITY                ,CA,91702-7000,Private      ,463,1773,2236,10389,8225,18614
00111800,BAKERSFIELD COLLEGE                     ,CA,93305-1299,Public       ,898,1857,2755,10490,11534,22024
00111900,BARSTOW COMMUNITY COLLEGE               ,CA,92311-6608,Public       ,336,1261,1597,1283,3912,5195
00112000,AMER BAPT SEM OF THE WEST-BERKELEY      ,CA,94704-0000,Private      ,3,12,15,11,61,72
00112100,BETHANY UNIVERSITY /  ASSEMBLIES OF GOD ,CA,95066-2896,Private      ,0,0,0,4,13,17
00112200,BIOLA UNIVERSITY                        ,CA,90639-0001,Private      ,227,282,509,6914,2314,9228
00112300,BROOKS INSTITUTE                        ,CA,93103-1809,Proprietary  ,78,89,167,759,533,1292
00112400,CABRILLO COLLEGE                        ,CA,95003-3194,Public       ,711,1089,1800,5126,5467,10593
00112500,CALIFORNIA BAPTIST UNIVERSITY           ,CA,92504-3297,Private      ,351,927,1278,6562,4468,11030
00112700,CALIFORNIA COLLEGE OF THE ARTS          ,CA,94107-2206,Private      ,157,212,369,2416,2045,4461
00113100,CALIFORNIA INSTITUTE OF TECHNOLOGY      ,CA,91125-0001,Private      ,114,80,194,3716,752,4468
00113200,CALIFORNIA INSTITUTE OF THE ARTS        ,CA,91355-2397,Private      ,132,114,246,2409,1638,4047
00113300,CALIFORNIA LUTHERAN UNIVERSITY          ,CA,91360-2787,Private      ,154,323,477,5079,1776,6855
00113400,CALIFORNIA MARITIME ACADEMY             ,CA,94590-8181,Public       ,26,44,70,1014,472,1486
00113700,CALIF STATE UNIV-FULLERTON              ,CA,92831-3599,Public       ,1346,2289,3635,49408,23576,72984
00113800,"CALIFORNIA STATE UNIVERSITY, EAST BAY   ",CA,94542-3000,Public       ,460,1387,1847,15360,13853,29213
00113900,CALIF STATE UNIV-LONG BEACH             ,CA,90840-0006,Public       ,1373,1873,3246,60116,25316,85432
00114000,CALIF STATE UNIV-LOS ANGELES            ,CA,90032-4226,Public       ,973,2102,3075,33989,23209,57198
00114100,"CALIF STATE UNIV, DOMINGUEZ HILLS       ",CA,90747-0001,Public       ,415,1354,1769,17763,15879,33642
00114200,CALIF STATE UNIV SAN BERNARDINO         ,CA,92407-2397,Public       ,747,1609,2356,21319,14902,36221
00114300,CAL POLY STATE UNIVERSITY               ,CA,93407-0001,Public       ,824,424,1248,36485,4719,41204
00114400,CALIF STATE POLYTECHNIC UNIV POMONA     ,CA,91768-2500,Public       ,801,1066,1867,32766,11711,44477
00114600,CALIF STATE UNIV - CHICO                ,CA,95929-0001,Public       ,603,620,1223,20248,7057,27305
00114700,CALIF STATE UNIV - FRESNO               ,CA,93740-8026,Public       ,761,1316,2077,25002,12967,37969
00114900,HUMBOLDT STATE UNIVERSITY               ,CA,95521-8299,Public       ,330,314,644,11960,4121,16081
00115000,CALIF STATE UNIV-SACRAMENTO             ,CA,95819-6044,Public       ,746,1534,2280,31273,20697,51970
00115100,SAN DIEGO STATE UNIVERSITY              ,CA,92182-1690,Public       ,1814,2363,4177,56269,21908,78177
00115300,CALIF STATE UNIV-NORTHRIDGE             ,CA,91330-8307,Public       ,1153,2082,3235,42487,22772,65259
00115400,SAN FRANCISCO STATE UNIVERSITY          ,CA,94132-1740,Public       ,953,1674,2627,37553,20667,58220
00115500,SAN JOSE STATE UNIVERSITY               ,CA,95192-0036,Public       ,803,1491,2294,31206,17735,48941
00115600,SONOMA STATE UNIVERSITY                 ,CA,94928-3609,Public       ,214,337,551,12414,3876,16290
00115700,CALIF STATE UNIV-STANISLAUS             ,CA,95382-0299,Public       ,264,592,856,10115,6635,16750
00116100,CERRITOS COLLEGE                        ,CA,90650-6296,Public       ,2284,3200,5484,17710,13721,31431
00116200,CHABOT COLLEGE                          ,CA,94545-2400,Public       ,733,1441,2174,6507,7758,14265
00116300,CHAFFEY COLLEGE                         ,CA,91737-9400,Public       ,2359,3231,5590,14897,14376,29273
00116400,CHAPMAN UNIVERSITY                      ,CA,92866-1099,Private      ,354,427,781,10924,3661,14585
00116453,CHAPMAN UNIVERSITY SCHOOL OF LAW        ,CA,92866-0000,Private      ,6,86,92,82,1810,1892
00116500,CHURCH DIV SCH OF THE PACIFIC           ,CA,94709-0000,Private      ,0,5,5,2,61,63
00116600,CITRUS COLLEGE                          ,CA,91741-1899,Public       ,1626,1745,3371,10237,7152,17389
00116900,CLAREMONT GRADUATE UNIVERSITY           ,CA,91711-0000,Private      ,2,303,305,22,1945,1967
00117000,CLAREMONT MCKENNA COLLEGE               ,CA,91711-6400,Private      ,40,25,65,3679,210,3889
00117100,HARVEY MUDD COLLEGE                     ,CA,91711-5990,Private      ,22,10,32,2657,100,2757
00117200,PITZER COLLEGE                          ,CA,91711-6101,Private      ,30,22,52,3155,213,3368
00117300,POMONA COLLEGE                          ,CA,91711-6301,Private      ,58,44,102,5154,248,5402
00117400,SCRIPPS COLLEGE                         ,CA,91711-3948,Private      ,19,13,32,1916,160,2076
00117600,WEST HILLS COMMUNITY COLLEGE            ,CA,93210-1399,Public       ,152,293,445,1438,1254,2692
00117700,COGSWELL POLYTECHNICAL COLLEGE          ,CA,94089-1210,Proprietary  ,52,43,95,321,171,492
00117800,COLLEGE OF MARIN                        ,CA,94904-2590,Public       ,248,703,951,1205,2502,3707
00117801,COLG OF MARIN-INDIAN VALLEY CMPS        ,CA,94949-0000,Public       ,47,189,236,255,704,959
00117900,NOTRE DAME DE NAMUR UNIVERSITY          ,CA,94002-1997,Private      ,72,217,289,1789,1435,3224
00118100,COLLEGE OF SAN MATEO                    ,CA,94402-3784,Public       ,430,761,1191,3350,3179,6529
00118200,COLLEGE OF THE DESERT                   ,CA,92260-9305,Public       ,629,1160,1789,5876,5972,11848
00118300,HOLY NAMES UNIVERSITY                   ,CA,94619-1699,Private      ,83,197,280,1092,1210,2302
00118500,COLLEGE OF THE REDWOODS                 ,CA,95501-9300,Public       ,327,810,1137,2611,3914,6525
00118600,COLLEGE OF THE SEQUOIAS                 ,CA,93277-2234,Public       ,727,1366,2093,7072,6985,14057
00118700,COLLEGE OF THE SISKIYOUS                ,CA,96094-2899,Public       ,128,262,390,1114,1263,2377
00118701,COLLEGE OF THE SISKIYOUS - YREKA CENTER ,CA,96097-9538,Public       ,20,98,118,149,391,540
00119000,CONTRA COSTA COLLEGE                    ,CA,94806-3195,Public       ,468,994,1462,2478,4177,6655
00119100,DIABLO VALLEY COLLEGE                   ,CA,94523-1544,Public       ,934,1388,2322,6047,5880,11927
00119200,CUESTA COLLEGE                          ,CA,93403-8106,Public       ,663,1056,1719,4822,3920,8742
00119300,CYPRESS COLLEGE                         ,CA,90630-5897,Public       ,1319,1977,3296,11094,9118,20212
00119600,DOMINICAN UNIVERSITY OF CALIFORNIA      ,CA,94901-2298,Private      ,73,161,234,3120,1458,4578
00119700,EL CAMINO COLLEGE                       ,CA,90506-0002,Public       ,1801,2742,4543,14490,13073,27563
00119701,COMPTON COMMUNITY COLLEGE               ,CA,90221-5393,Public       ,604,1470,2074,3481,5816,9297
00119900,FOOTHILL COLLEGE                        ,CA,94022-4597,Public       ,721,1213,1934,3605,4497,8102
00120000,FULLER THEOLOGICAL SEMINARY             ,CA,91182-0000,Private      ,3,228,231,18,2236,2254
00120100,FULLERTON COLLEGE                       ,CA,92832-2095,Public       ,1735,2014,3749,13808,8890,22698
00120200,GAVILAN COLLEGE                         ,CA,95020-9599,Public       ,344,586,930,1952,2300,4252
00120300,GLENDALE COMMUNITY COLLEGE              ,CA,91208-2894,Public       ,1560,2135,3695,10331,9317,19648
00120500,GOLDEN GATE UNIVERSITY                  ,CA,94105-2967,Private      ,28,566,594,210,3788,3998
00120600,GOLDEN WEST COLLEGE                     ,CA,92647-2748,Public       ,1291,1859,3150,9333,7997,17330
00120700,GRADUATE THEOLOGICAL UNION              ,CA,94709-0000,Private      ,0,23,23,1,329,330
00120800,GROSSMONT COLLEGE                       ,CA,92020-1798,Public       ,1876,3008,4884,10069,11010,21079
00120900,HARTNELL COMMUNITY COLLEGE              ,CA,93901-1697,Public       ,693,783,1476,4004,3364,7368
00121200,HUMPHREYS COLLEGE                       ,CA,95207-3896,Private      ,63,258,321,403,1407,1810
00121400,IMPERIAL VALLEY COLLEGE                 ,CA,92251-9787,Public       ,1001,1251,2252,4520,3786,8306
00121500,LA SIERRA UNIVERSITY                    ,CA,92515-3332,Private      ,280,295,575,3479,1555,5034
00121600,UNIVERSITY OF LA VERNE                  ,CA,91750-4443,Private      ,176,1364,1540,5797,6731,12528
00121700,LASSEN COLLEGE                          ,CA,96130-3000,Public       ,96,201,297,526,747,1273
00121800,LOMA LINDA UNIVERSITY                   ,CA,92350-0001,Private      ,95,518,613,1359,6262,7621
00121900,LONG BEACH CITY COLLEGE                 ,CA,90808-1780,Public       ,2531,4123,6654,18813,17582,36395
00122000,MASTER'S COLLEGE & SEMINARY (THE)       ,CA,91321-1200,Private      ,64,79,143,1565,538,2103
00122300,LOS ANGELES CITY COLLEGE                ,CA,90029-3588,Public       ,1478,3474,4952,10783,15600,26383
00122400,LOS ANGELES HARBOR COLLEGE              ,CA,90744-2397,Public       ,738,1077,1815,4792,5264,10056
00122600,LOS ANGELES PIERCE COLLEGE              ,CA,91371-0001,Public       ,1628,2047,3675,13344,10797,24141
00122700,LOS ANGELES TRADE TECH COLLEGE          ,CA,90015-4181,Public       ,1089,2839,3928,7027,12727,19754
00122800,LOS ANGELES VALLEY COLLEGE              ,CA,91401-4096,Public       ,1309,2172,3481,9903,10835,20738
00122900,SO CA UNIV  HEALTH SCIENCES             ,CA,90604-4051,Private      ,8,107,115,52,740,792
00123000,SOUTHERN CA COLLEGE OF OPTOMETRY        ,CA,92831-1699,Private      ,1,8,9,28,559,587
00123200,AMERICAN RIVER COLLEGE                  ,CA,95841-4286,Public       ,1306,3573,4879,14371,23285,37656
00123300,SACRAMENTO CITY COLLEGE                 ,CA,95822-1386,Public       ,1143,2759,3902,14721,18340,33061
00123600,MENLO COLLEGE                           ,CA,94027-4301,Private      ,76,33,109,1727,212,1939
00123700,MERCED COMMUNITY COLLEGE                ,CA,95348-2898,Public       ,705,1103,1808,6717,6086,12803
00123800,MILLS COLLEGE                           ,CA,94613-1301,Private      ,47,197,244,1881,2002,3883
00123900,MIRACOSTA COLLEGE                       ,CA,92056-3899,Public       ,840,1592,2432,4935,6441,11376
00124000,MODESTO JUNIOR COLLEGE                  ,CA,95350-5800,Public       ,1550,2777,4327,10528,12150,22678
00124200,MONTEREY PENINSULA COLLEGE              ,CA,93940-4799,Public       ,404,635,1039,2862,2689,5551
00124300,MOUNT ST MARYS COLLEGE                  ,CA,90049-1599,Private      ,103,341,444,3516,2808,6324
00124500,MT. SAN ANTONIO COLLEGE                 ,CA,91789-1399,Public       ,3003,3665,6668,19958,15681,35639
00124600,MT SAN JACINTO COLLEGE                  ,CA,92583-2399,Public       ,1426,2500,3926,9154,11949,21103
00124700,NAPA VALLEY COLLEGE                     ,CA,94558-6236,Public       ,455,650,1105,3093,3104,6197
00124900,OCCIDENTAL COLLEGE                      ,CA,90041-3314,Private      ,51,66,117,5526,456,5982
00125000,ORANGE COAST COLLEGE - FIN AID OFF      ,CA,92628-5005,Public       ,1809,2408,4217,14938,10795,25733
00125100,OTIS COLLEGE OF ART AND DESIGN          ,CA,90045-3505,Private      ,130,149,279,1779,913,2692
00125200,HOPE INTERNATIONAL UNIVERSITY           ,CA,92631-0000,Private      ,63,173,236,877,1078,1955
00125300,FRESNO PACIFIC UNIVERSITY               ,CA,93702-4798,Private      ,172,818,990,2657,4059,6716
00125400,PACIFIC LUTHERAN THEOLOGICAL SEM        ,CA,94708-0000,Private      ,2,3,5,4,75,79
00125500,PACIFIC OAKS COLLEGE                    ,CA,91103-3606,Private      ,14,256,270,70,1111,1181
00125600,PACIFIC SCHOOL OF RELIGION              ,CA,94709-0000,Private      ,0,14,14,2,182,184
00125800,PACIFIC UNION COLLEGE                   ,CA,94508-9797,Private      ,209,104,313,2025,557,2582
00125900,PALO VERDE COLLEGE                      ,CA,92225-0000,Public       ,85,166,251,278,465,743
00126000,PALOMAR COLLEGE                         ,CA,92069-1486,Public       ,1674,2319,3993,10297,9296,19593
00126100,PASADENA CITY COLLEGE                   ,CA,91106-2003,Public       ,2173,2699,4872,19702,13208,32910
00126200,POINT LOMA NAZARENE UNIVERSITY          ,CA,92106-2899,Private      ,166,415,581,4957,1638,6595
00126600,LANEY COLLEGE                           ,CA,94607-4893,Public       ,716,2021,2737,4252,8403,12655
00126700,MERRITT COLLEGE                         ,CA,94619-3196,Public       ,446,1337,1783,2566,5410,7976
00126800,PORTERVILLE COLLEGE                     ,CA,93257-6059,Public       ,241,434,675,2350,2398,4748
00126900,RIO HONDO COLLEGE                       ,CA,90601-1699,Public       ,1781,2178,3959,12890,9350,22240
00127000,RIVERSIDE CITY COLLEGE                  ,CA,92506-1299,Public       ,3022,4309,7331,20608,19789,40397
00127200,SAN BERNARDINO VALLEY COLLEGE           ,CA,92410-2798,Public       ,1440,3052,4492,10140,13480,23620
00127300,SAN DIEGO CITY COLLEGE                  ,CA,92101-4787,Public       ,1804,4394,6198,11283,15517,26800
00127500,SAN DIEGO MESA COLLEGE                  ,CA,92111-4996,Public       ,2102,3821,5923,12143,13258,25401
00127800,SAN FRANCISCO CONSERVATORY OF MUSIC     ,CA,94122-4498,Private      ,24,40,64,380,443,823
00127900,SAN FRANCISCO THEOLOGICAL SEMINARY      ,CA,94960-0000,Private      ,2,8,10,3,76,79
00128000,SAN JOAQUIN DELTA COLLEGE               ,CA,95207-6370,Public       ,1319,2221,3540,10383,12044,22427
00128100,WILLIAM JESSUP UNIVERSITY               ,CA,95765-3707,Private      ,44,144,188,1058,715,1773
00128200,SAN JOSE CITY COLLEGE                   ,CA,95128-2797,Public       ,713,1605,2318,5127,7029,12156
00128400,SANTA ANA COLLEGE                       ,CA,92706-3398,Public       ,1288,2084,3372,9133,8079,17212
00128500,SANTA BARBARA CITY COLLEGE              ,CA,93109-2394,Public       ,960,1188,2148,9379,5986,15365
00128600,SANTA MONICA COLLEGE                    ,CA,90405-1644,Public       ,2088,2352,4440,21736,12258,33994
00128700,SANTA ROSA JUNIOR COLLEGE               ,CA,95401-4395,Public       ,1044,1764,2808,6754,7781,14535
00128800,CLAREMONT SCHOOL OF THEOLOGY            ,CA,91711-0000,Private      ,1,28,29,7,281,288
00128900,SHASTA COLLEGE                          ,CA,96049-7692,Public       ,534,1286,1820,4196,5688,9884
00129000,SIERRA COLLEGE                          ,CA,95677-3397,Public       ,843,1567,2410,8754,10062,18816
00129100,SIMPSON UNIVERSITY                      ,CA,96003-8606,Private      ,68,199,267,1311,1229,2540
00129200,SOLANO COMMUNITY COLLEGE                ,CA,94534-3197,Public       ,614,1288,1902,4175,5909,10084
00129300,VANGUARD UNIVERSITY OF SOUTHERN CA      ,CA,92626-6597,Private      ,118,267,385,2674,1317,3991
00129400,SOUTHWESTERN COLLEGE                    ,CA,91910-7299,Public       ,1399,2198,3597,10213,9160,19373
00129500,SOUTHWESTERN LAW SCHOOL                 ,CA,90010-1106,Private      ,8,112,120,98,2657,2755
00129600,DOMINICAN SCH PHILOSOPHY & THEOLOGY     ,CA,94709-0000,Private      ,0,19,19,7,72,79
00129900,ST JOHN'S SEMINARY COLLEGE              ,CA,93010-0000,Private      ,1,2,3,8,17,25
00130200,SAINT MARY'S COLLEGE OF CALIFORNIA      ,CA,94556-2744,Private      ,163,319,482,6115,1844,7959
00130500,STANFORD UNIVERSITY                     ,CA,94305-6106,Private      ,672,403,1075,25499,3865,29364
00130501,STANFORD UNIVERSITY - GRADUATE SCHOOL OF,CA,94305-5301,Private      ,8,162,170,77,1584,1661
00130502,STANFORD UNIVERSITY - GRADUATE SCHOOL OF,CA,94305-5015,Private      ,12,227,239,95,2011,2106
00130503,STANFORD UNIVERSITY - STANFORD LAW SCHOO,CA,94305-3096,Private      ,24,144,168,210,2420,2630
00130700,FRESNO CITY COLLEGE                     ,CA,93741-0002,Public       ,1191,2916,4107,16945,16781,33726
00130800,REEDLEY COLLEGE                         ,CA,93654-2099,Public       ,567,945,1512,7577,5476,13053
00130900,TAFT COLLEGE                            ,CA,93268-2317,Public       ,233,342,575,1846,1515,3361
00131200,UNIVERSITY OF CALIFORNIA-BERKELEY       ,CA,94720-1520,Public       ,1044,1406,2450,56557,21339,77896
00131300,UNIVERSITY OF CALIFORNIA-DAVIS          ,CA,95616-8558,Public       ,794,896,1690,52446,16402,68848
00131400,UNIVERSITY OF CALIFORNIA-IRVINE         ,CA,92697-2825,Public       ,699,1071,1770,58670,14717,73387
00131500,UNIVERSITY OF CALIFORNIA (UCLA)         ,CA,90095-9000,Public       ,1566,2607,4173,72396,29629,102025
00131502,UNIV OF CALIFORNIA LOS ANG SCH MED      ,CA,90095-0000,Public       ,31,54,85,381,1263,1644
00131503,UNIV OF CALIFORNIA LOS ANG DENTAL       ,CA,90095-0000,Public       ,14,30,44,135,279,414
00131600,UNIVERSITY OF CALIFORNIA-RIVERSIDE      ,CA,92521-0209,Public       ,679,934,1613,39778,9740,49518
00131700,UNIVERSITY OF CALIFORNIA-SAN DIEGO      ,CA,92093-0013,Public       ,657,772,1429,53686,12017,65703
00131900,UNIVERSITY OF CALIFORNIA-SFRANCISCO     ,CA,94143-0246,Public       ,159,361,520,1681,4888,6569
00132000,UNIVERSITY OF CALIFORNIA-SANTA BARB     ,CA,93106-3180,Public       ,789,464,1253,51314,8086,59400
00132100,UNIVERSITY OF CALIFORNIA-SANTA CRUZ     ,CA,95064-0001,Public       ,471,383,854,34462,5443,39905
00132200,UNIVERSITY OF REDLANDS                  ,CA,92373-0999,Private      ,128,581,709,5851,3250,9101
00132500,UNIVERSITY OF SAN FRANCISCO             ,CA,94117-1080,Private      ,284,862,1146,12214,8872,21086
00132600,SANTA CLARA UNIVERSITY                  ,CA,95053-4956,Private      ,231,356,587,11919,3888,15807
00132604,JESUIT SCHOOL OF THEOLOGY - BERKELEY    ,CA,94709-1193,Private      ,0,4,4,5,67,72
00132800,UNIVERSITY OF SOUTHERN CALIFORNIA       ,CA,90089-0914,Private      ,1179,2890,4069,44106,31031,75137
00132900,UNIVERSITY OF THE PACIFIC               ,CA,95211-0197,Private      ,208,262,470,13007,3889,16896
00132901,UNIVERSITY OF THE PACIFIC - MCGEORGE SCH,CA,95817-2799,Private      ,14,98,112,202,1972,2174
00132902,UNIV OF THE PACIFIC SCH OF DENT         ,CA,94115-0000,Private      ,9,43,52,104,673,777
00133400,VENTURA COLLEGE                         ,CA,93003-3899,Public       ,1245,1665,2910,6312,5913,12225
00133500,VICTOR VALLEY COLLEGE                   ,CA,92395-5849,Public       ,1631,2804,4435,6896,10475,17371
00133800,WEST VALLEY COLLEGE                     ,CA,95070-5697,Public       ,478,716,1194,3050,3095,6145
00134100,WESTMONT COLLEGE                        ,CA,93108-1099,Private      ,90,28,118,2692,163,2855
00134200,WHITTIER COLLEGE                        ,CA,90601-4413,Private      ,109,111,220,4103,733,4836
00134201,WHITTIER COLLEGE - COLLEGE OF LAW       ,CA,92626-1501,Private      ,3,95,98,42,1567,1609
00134300,WOODBURY UNIVERSITY                     ,CA,91510-7846,Private      ,73,161,234,1251,1027,2278
00134400,YUBA COLLEGE                            ,CA,95901-7699,Public       ,417,1097,1514,3462,5027,8489
00177212,TRINITY INTERNATIONAL UNIV-CA           ,CA,92705-0000,Private      ,1,111,112,9,366,375
00274100,AMERICAN JEWISH UNIVERSITY              ,CA,90077-1599,Private      ,11,14,25,109,137,246
00301002,ANTIOCH UNIV/LOS ANGELES                ,CA,90230-7615,Private      ,7,173,180,47,1086,1133
00301003,ANTIOCH  UNIV/SANTA BARBARA             ,CA,93101-0000,Private      ,31,79,110,678,632,1310
00369110,MIDDLEBURY COLLEGE - MONTEREY INSTITUTE ,CA,93940-2691,Private      ,1,69,70,38,851,889
00394700,UC-HASTINGS COLLEGE OF THE LAW          ,CA,94102-0000,Public       ,2,52,54,30,3503,3533
00394800,SAN FRANCISCO ART INSTITUTE             ,CA,94133-2299,Private      ,165,226,391,2136,1472,3608
00405402,HEBREW UNION COLLEGE JEWISH INSTITUTE OF,CA,90007-3717,Private      ,0,0,0,0,3,3
00408000,STARR KING SCHOOL FOR THE MINISTRY      ,CA,94709-1299,Private      ,3,25,28,3,107,110
00448000,DE ANZA COLLEGE                         ,CA,95014-5793,Public       ,1679,1930,3609,8657,7068,15725
00448100,OHLONE COLLEGE                          ,CA,94539-5847,Public       ,466,707,1173,3542,3454,6996
00448400,JOHN F. KENNEDY UNIVERSITY              ,CA,94523-4817,Private      ,12,345,357,51,1535,1586
00449000,PATTEN UNIVERSITY                       ,CA,94601-2699,Private      ,29,78,107,159,292,451
00449400,EVEREST COLLEGE                         ,CA,92408-3752,Proprietary  ,92,281,373,505,1085,1590
00450200,CITY COLLEGE OF SAN FRANCISCO           ,CA,94112-0000,Public       ,1745,4181,5926,11274,15252,26526
00450302,EVEREST COLLEGE - SANTA ANA             ,CA,92701-4559,Proprietary  ,72,150,222,361,572,933
00563800,DOWNEY ADULT SCHOOL                     ,CA,90241-5610,Public       ,58,238,296,242,786,1028
00565500,HACIENDA LA PUENTE ADULT EDUC CTR       ,CA,91746-0000,Public       ,62,206,268,211,561,772
00616500,LA CNTY CLG OF NURSING & ALLD HLTH      ,CA,90033-1018,Public       ,23,118,141,260,689,949
00672000,COLLEGE OF ALAMEDA                      ,CA,94501-2109,Public       ,424,847,1271,2817,3668,6485
00673100,CASA LOMA COLLEGE                       ,CA,91405-4523,Private      ,70,135,205,234,594,828
00697300,CANADA COLLEGE                          ,CA,94061-1099,Public       ,273,502,775,1489,2077,3566
00697500,LINCOLN UNIVERSITY                      ,CA,94612-2801,Private      ,9,43,52,52,180,232
00701200,SAMUEL MERRITT COLLEGE                  ,CA,94609-3108,Private      ,37,282,319,419,2606,3025
00704700,LOS ANGELES SOUTHWEST COLLEGE           ,CA,90047-4810,Public       ,600,1769,2369,3386,7363,10749
00705000,BAY VISTA COLLEGE OF BEAUTY             ,CA,91950-3616,Proprietary  ,28,79,107,81,193,274
00711500,MOORPARK COLLEGE                        ,CA,93021-1695,Public       ,1078,1112,2190,5912,4279,10191
00713000,NEWBERRY SCHOOLS OF BEAUTY              ,CA,91344-7404,Proprietary  ,31,63,94,72,116,188
00714200,LYLE'S COLLEGE OF BEAUTY                ,CA,93710-3948,Proprietary  ,40,68,108,156,203,359
00716400,BRYAN COLLEGE                           ,CA,90057-0000,Proprietary  ,63,483,546,246,1696,1942
00718700,NORTH ADRIAN'S COLLEGE OF BEAUTY        ,CA,95350-2381,Proprietary  ,40,109,149,146,275,421
00719000,WYOTECH                                 ,CA,94539-7663,Proprietary  ,156,331,487,716,1389,2105
00720300,SALON SUCCESS ACADEMY                   ,CA,91786-4060,Proprietary  ,50,55,105,137,176,313
00720400,MODERN BEAUTY ACADEMY                   ,CA,93030-7016,Proprietary  ,20,29,49,55,74,129
00722900,WESTERN BEAUTY INSTITUTE                ,CA,91402-3104,Proprietary  ,77,130,207,207,361,568
00723400,HEALD COLLEGE                           ,CA,94105-2206,Proprietary  ,103,351,454,584,1717,2301
00725300,FEDERICO BEAUTY INSTITUTE               ,CA,95834-1905,Proprietary  ,83,110,193,306,409,715
00729600,COLEMAN COLLEGE                         ,CA,92123-0000,Private      ,48,225,273,296,951,1247
00732909,ITT TECHNICAL INSTITUTE                 ,CA,92868-3506,Proprietary  ,220,816,1036,551,1653,2204
00732971,ITT TECHNICAL INSTITUTE                 ,CA,95670-6047,Proprietary  ,181,650,831,481,1543,2024
00732976,ITT TECHNICAL INSTITUTE                 ,CA,92408-3519,Proprietary  ,290,715,1005,949,1947,2896
00732981,ITT TECHNICAL INSTITUTE                 ,CA,92123-2662,Proprietary  ,168,753,921,858,2476,3334
00732985,ITT TECHNICAL INSTITUTE                 ,CA,91773-2933,Proprietary  ,173,528,701,449,1140,1589
00732989,ITT TECHNICAL INSTITUTE                 ,CA,90502-1356,Proprietary  ,224,716,940,494,1495,1989
00732994,ITT TECHNICAL INSTITUTE                 ,CA,91342-3664,Proprietary  ,152,476,628,430,1214,1644
00746501,AMERICAN ACADEMY OF DRAMATIC ARTS - LOS ,CA,90028-7504,Private      ,0,0,0,571,183,754
00747600,MARINELLO SCHOOLS OF BEAUTY             ,CA,90023-2666,Proprietary  ,195,312,507,574,1033,1607
00747602,MARINELLO SCHOOLS OF BEAUTY - SPA ACADEM,CA,90048-5101,Proprietary  ,20,27,47,92,126,218
00747603,MARINELLO SCHOOLS OF BEAUTY - INGLEWOOD ,CA,90301-2306,Proprietary  ,7,15,22,41,50,91
00747604,MARINELLO SCHOOLS OF BEAUTY - RESEDA    ,CA,91335-4218,Proprietary  ,4,11,15,35,40,75
00747606,MARINELLO SCHOOLS OF BEAUTY - WEST COVIN,CA,91790-2805,Proprietary  ,12,13,25,57,67,124
00747607,MARINELLO SCHOOLS OF BEAUTY - SAN BERNAR,CA,92410-3261,Proprietary  ,27,53,80,245,351,596
00747608,MARINELLO SCHOOLS OF BEAUTY - ONTARIO   ,CA,91762-2113,Proprietary  ,32,53,85,157,200,357
00747609,MARINELLO SCHOOLS OF BEAUTY - WHITTIER  ,CA,90601-4107,Proprietary  ,24,41,65,127,167,294
00747610,MARINELLO SCHOOLS OF BEAUTY - LOMITA    ,CA,90717-1460,Proprietary  ,27,31,58,61,89,150
00747611,MARINELLO SCHOOLS OF BEAUTY - SAN DIEGO ,CA,92126-4217,Proprietary  ,30,73,103,248,320,568
00747612,MARINELLO SCHOOLS OF BEAUTY - EL CAJON  ,CA,92020-2503,Proprietary  ,12,21,33,55,99,154
00747613,MARINELLO SCHOOLS OF BEAUTY - VICTORVILL,CA,92392-5496,Proprietary  ,37,82,119,154,301,455
00747614,MARINELLO SCHOOLS OF BEAUTY - ANAHEIM   ,CA,92801-4622,Proprietary  ,30,58,88,109,148,257
00747615,MARINELLO SCHOOLS OF BEAUTY - SIMI VALLE,CA,93065-2801,Proprietary  ,25,46,71,73,128,201
00747700,"HEALD COLLEGE,SCHOOLS OF BUS & TECH     ",CA,95670-6005,Proprietary  ,87,324,411,462,1681,2143
00753100,ACADEMY OF ART UNIVERSITY               ,CA,94105-3410,Proprietary  ,1254,3192,4446,8317,13074,21391
00753600,COSUMNES RIVER COLLEGE                  ,CA,95823-5799,Public       ,700,1625,2325,9308,10841,20149
00754802,WESTWOOD COLLEGE OF TECHNOLOGY          ,CA,92801-0000,Proprietary  ,82,126,208,907,761,1668
00754803,WESTWOOD COLLEGE OF TECHNOLOGY          ,CA,91786-0000,Proprietary  ,114,156,270,891,894,1785
00760600,EVEREST COLLEGE                         ,CA,90010-2221,Proprietary  ,52,191,243,391,695,1086
00760700,CONCORDE CAREER INSTITUTE               ,CA,91606-3134,Proprietary  ,85,188,273,296,652,948
00770700,COLUMBIA COLLEGE                        ,CA,95370-8580,Public       ,216,411,627,1220,1469,2689
00771300,SKYLINE COLLEGE                         ,CA,94066-1698,Public       ,571,890,1461,3473,3739,7212
00793000,CONCORDE CAREER INSTITUTE               ,CA,92108-0000,Proprietary  ,64,349,413,339,1244,1583
00799300,CALIF STATE UNIV BAKERSFIELD            ,CA,93311-1022,Public       ,426,902,1328,10012,7222,17234
00807100,CONCORDE CAREER INSTITUTE               ,CA,92840-9201,Proprietary  ,102,228,330,394,835,1229
00807300,BUTTE COMMUNITY COLLEGE                 ,CA,95965-0000,Public       ,612,1419,2031,7634,8749,16383
00809000,EVEREST COLLEGE                         ,CA,91803-1310,Proprietary  ,126,449,575,414,1236,1650
00809300,HEALD COLLEGE                           ,CA,93704-1706,Proprietary  ,216,504,720,1370,2655,4025
00853200,HEALD COLLEGE                           ,CA,94545-2352,Proprietary  ,156,368,524,730,1775,2505
00853202,HEALD COLLEGE - MODESTO                 ,CA,95368-9095,Proprietary  ,110,220,330,608,1120,1728
00853700,CONCORDE CAREER INSTITUTE               ,CA,92401-0000,Proprietary  ,106,276,382,443,1155,1598
00859600,WEST LOS ANGELES COLLEGE                ,CA,90230-3500,Public       ,740,1599,2339,4250,7046,11296
00859700,FEATHER RIVER COLLEGE                   ,CA,95971-9124,Public       ,131,138,269,801,546,1347
00884400,CALIFORNIA CHRISTIAN COLLEGE            ,CA,93703-3599,Private      ,15,46,61,108,174,282
00884600,WRIGHT INSTITUTE                        ,CA,94704-0000,Private      ,0,69,69,2,510,512
00890300,COLLEGE OF THE CANYONS                  ,CA,91355-1899,Public       ,1432,1631,3063,7498,5805,13303
00891800,SADDLEBACK COLLEGE                      ,CA,92692-3699,Public       ,1097,1809,2906,5988,6522,12510
00902200,ASSOCIATED TECHNICAL COLLEGE            ,CA,90017-0000,Proprietary  ,49,185,234,195,499,694
00903200,EMPIRE COLLEGE                          ,CA,95403-2122,Proprietary  ,54,195,249,168,570,738
00915706,WYOMING TECHNICAL INSTITUTE - WEST SACRA,CA,95605-1507,Proprietary  ,189,336,525,781,1288,2069
00927200,CRAFTON HILLS COLLEGE                   ,CA,92399-1799,Public       ,642,902,1544,4022,3727,7749
00932500,ABRAM FRIEDMAN OCCUP CTR                ,CA,90015-3507,Public       ,0,0,0,87,186,273
00950900,SKILLS & BUSINESS EDUCATION CENTER      ,CA,95824-1529,Public       ,48,239,287,283,1096,1379
00974800,CARRINGTON COLLEGE CALIFORNIA           ,CA,95826-3203,Proprietary  ,179,641,820,923,2529,3452
00974801,CARRINGTON COLLEGE CALIFORNIA - SAN LEAN,CA,94578-3711,Proprietary  ,65,115,180,285,576,861
00974802,CARRINGTON COLLEGE CALIFORNIA - PLEASANT,CA,94523-1984,Proprietary  ,41,102,143,188,490,678
00974803,CARRINGTON COLLEGE CALIFORNIA - STOCKTON,CA,95207-5509,Proprietary  ,77,136,213,390,611,1001
00974804,CARRINGTON COLLEGE CALIFORNIA - CITRUS H,CA,95621-5577,Proprietary  ,64,143,207,260,577,837
00974806,CARRINGTON COLLEGE CALIFORNIA -  ANTIOCH,CA,94531-1604,Proprietary  ,46,124,170,236,467,703
00974807,CARRINGTON COLLEGE CALIFORNIA - SAN JOSE,CA,95119-1325,Proprietary  ,95,263,358,441,1031,1472
00974808,CARRINGTON COLLEGE CALIFORNIA - EMERYVIL,CA,94608-3006,Proprietary  ,18,50,68,93,208,301
00974809,WESTERN CAREER COLLEGE -  EMERYVILLE SHE,CA,94608-3006,Proprietary  ,1,12,13,14,54,68
00998900,SANTA BARBARA BUSINESS COLLEGE          ,CA,93111-0000,Proprietary  ,42,110,152,324,535,859
01011100,CERRO-COSO COMMUNITY COLLEGE            ,CA,93555-9571,Public       ,174,513,687,1037,2437,3474
01014900,PEPPERDINE UNIVERSITY                   ,CA,90263-0000,Private      ,327,954,1281,8451,6539,14990
01034000,LOS MEDANOS COLLEGE                     ,CA,94565-5197,Public       ,639,1088,1727,3503,4739,8242
01036500,CHARLES R DREW UNIV OF MED & SCI        ,CA,90059-0000,Private      ,20,224,244,163,969,1132
01039500,UNIVERSITY OF SAN DIEGO                 ,CA,92110-2492,Private      ,560,796,1356,19570,6367,25937
01039501,UNIVERSITY OF SAN DIEGO - SCHOOL OF LAW ,CA,92110-2492,Private      ,20,155,175,228,2948,3176
01044100,PARDEE RAND GRADUATE SCHOOL             ,CA,90407-2138,Private      ,3,4,7,6,34,40
01047400,MARYMOUNT COLLEGE OF PALOS VERDES       ,CA,90275-0000,Private      ,65,43,108,1596,189,1785
01085400,THOMAS JEFFERSON SCHOOL OF LAW          ,CA,92110-0000,Private      ,4,236,240,43,2269,2312
01102400,EVEREST COLLEGE                         ,CA,94103-2091,Proprietary  ,38,159,197,176,516,692
01110700,EVEREST  COLLEGE                        ,CA,92801-5231,Proprietary  ,97,192,289,514,807,1321
01110900,EVEREST COLLEGE                         ,CA,91335-4631,Proprietary  ,91,305,396,375,1026,1401
01111200,FIDM-FASHION INSTITUTE OF DESIGN        ,CA,90015-1421,Proprietary  ,645,432,1077,6726,2540,9266
01111700,ALLIANT INTERNATIONAL UNIVERSITY        ,CA,92131-1799,Private      ,20,341,361,153,2338,2491
01111705,ALLIANT INTERNATIONAL UNIVERSITY - LOS A,CA,91803-1360,Private      ,0,69,69,11,751,762
01111706,ALLIANT INTERNATIONAL UNIVERSITY - SAN F,CA,94133-1221,Private      ,10,110,120,43,883,926
01111707,ALLIANT INTERNATIONAL UNIVERSITY - FRESN,CA,93727-2014,Private      ,9,83,92,76,613,689
01112100,EVEREST COLLEGE                         ,CA,94541-4007,Proprietary  ,34,111,145,161,457,618
01112300,EVEREST COLLEGE                         ,CA,90247-4163,Proprietary  ,48,174,222,225,612,837
01146000,NATIONAL UNIVERSITY                     ,CA,92037-1011,Private      ,165,4212,4377,910,17039,17949
01162600,PRACTICAL SCHOOLS                       ,CA,92805-0000,Proprietary  ,48,77,125,357,687,1044
01164900,LOYOLA MARYMOUNT UNIVERSITY             ,CA,90045-0000,Private      ,351,461,812,13316,4024,17340
01164901,LMU  - LOYOLA LAW SCHOOL                ,CA,90015-0019,Private      ,18,138,156,223,3439,3662
01167200,MENDOCINO COLLEGE                       ,CA,95482-3000,Public       ,227,474,701,1367,1938,3305
01170700,NORTH-WEST COLLEGE                      ,CA,91790-2097,Proprietary  ,65,129,194,231,448,679
01179200,FRANCISCAN SCHOOL OF THEOLOGY           ,CA,94709-0000,Private      ,1,8,9,2,41,43
01182000,SAN DIEGO MIRAMAR COLLEGE               ,CA,92126-0000,Public       ,954,2213,3167,5405,7528,12933
01186500,CALIFORNIA HAIR DESIGN ACADEMY          ,CA,92115-0000,Proprietary  ,53,112,165,180,295,475
01186600,LU ROSS ACADEMY                         ,CA,93001-2927,Proprietary  ,42,84,126,130,208,338
01202600,JE BOUTIQUE COLLEGE OF BEAUTY           ,CA,92021-6247,Proprietary  ,33,72,105,109,198,307
01202700,GALEN COLLEGE OF CALIFORNIA             ,CA,93728-2381,Proprietary  ,10,50,60,66,173,239
01203100,SAN DIEGO CHRISTIAN COLLEGE             ,CA,92019-1157,Private      ,105,301,406,946,1214,2160
01206100,EVEREST COLLEGE                         ,CA,95128-3908,Proprietary  ,45,154,199,297,623,920
01215400,CALIFORNIA INSTITUTE OF INTEGRAL STUDIES,CA,94103-2557,Private      ,8,159,167,64,1618,1682
01230002,PALMER COLLEGE OF CHIROPRACTIC - WEST CA,CA,95134-1617,Private      ,5,49,54,29,413,442
01231600,MANCHESTER BEAUTY COLLEGE               ,CA,93726-5306,Proprietary  ,35,61,96,184,261,445
01231700,TULARE BEAUTY COLLEGE                   ,CA,93274-3432,Proprietary  ,10,11,21,43,63,106
01244600,UNIVERSAL COLLEGE OF BEAUTY             ,CA,90044-0044,Proprietary  ,16,35,51,95,122,217
01245200,EVERGREEN VALLEY COLLEGE                ,CA,95135-1598,Public       ,819,1192,2011,5204,5648,10852
01255000,LOS ANGELES MISSION COLLEGE             ,CA,91342-3200,Public       ,674,1002,1676,6022,5406,11428
01265000,MARINELLO SCHOOL OF BEAUTY              ,CA,91502-2828,Proprietary  ,30,65,95,149,279,428
01265001,MARINELLO SCHOOL OF BEAUTY - PALMDALE   ,CA,93550-4686,Proprietary  ,13,29,42,82,115,197
01284200,OXNARD COLLEGE                          ,CA,93030-0000,Public       ,694,1107,1801,3458,4015,7473
01287200,NORTH-WEST COLLEGE                      ,CA,91768-3199,Proprietary  ,85,209,294,271,505,776
01287300,WYOTECH                                 ,CA,90810-3800,Proprietary  ,180,448,628,1070,1634,2704
01287301,WYOTECH - EVEREST  COLLEGE              ,CA,90034-3158,Proprietary  ,31,146,177,282,594,876
01287302,WYOTECH - EVEREST  COLLEGE              ,CA,91746-3412,Proprietary  ,95,189,284,423,805,1228
01290700,LAKE TAHOE COMMUNITY COLLEGE            ,CA,96150-4524,Public       ,206,377,583,756,1100,1856
01291200,MTI COLLEGE                             ,CA,95841-0000,Proprietary  ,86,340,426,568,1693,2261
01294200,ROSEMEAD BEAUTY SCHOOL                  ,CA,91770-1639,Proprietary  ,8,66,74,38,265,303
01298400,PROFESSIONAL INSTITUTE OF BEAUTY        ,CA,91731-2613,Proprietary  ,15,60,75,28,89,117
01298500,HAIR CALIFORNIA BEAUTY ACADEMY          ,CA,92867-7127,Proprietary  ,7,12,19,27,67,94
01298900,OCEANSIDE COLLEGE OF BEAUTY             ,CA,92054-5393,Proprietary  ,24,57,81,112,209,321
01301000,LANCASTER BEAUTY SCHOOL                 ,CA,93534-3098,Proprietary  ,19,56,75,92,215,307
01307400,AMERICAN BEAUTY COLLEGE                 ,CA,91790-2906,Proprietary  ,23,42,65,61,106,167
01309500,SALON SUCCESS ACADEMY                   ,CA,92879-6561,Proprietary  ,65,83,148,159,217,376
01310300,CALIFORNIA WESTERN SCHOOL OF LAW        ,CA,92101-0000,Private      ,12,160,172,123,2087,2210
01324000,LYTLE'S REDWOOD EMPIRE BEAUTY CLG       ,CA,95403-0000,Proprietary  ,25,39,64,140,208,348
02054900,MARINELLO SCHOOL OF BEAUTY              ,CA,92630-0000,Proprietary  ,73,132,205,123,227,350
02054902,MARINELLO SCHOOL OF BEAUTY - BAKERSFIELD,CA,93309-5001,Proprietary  ,60,113,173,279,336,615
02054903,MARINELLO SCHOOL OF BEAUTY - VISALIA    ,CA,93277-6228,Proprietary  ,3,7,10,3,7,10
02059800,PARIS BEAUTY COLLEGE                    ,CA,94520-2611,Proprietary  ,18,59,77,70,155,225
02061600,WAYNES COLLEGE OF BEAUTY                ,CA,93906-2830,Proprietary  ,8,11,19,14,36,50
02063500,COASTLINE COMMUNITY COLLEGE             ,CA,92708-0000,Public       ,288,1681,1969,2047,6633,8680
02064300,SIERRA COLLEGE OF BEAUTY                ,CA,95340-0000,Proprietary  ,26,50,76,117,166,283
02065700,CALIFORNIA BEAUTY COLLEGE               ,CA,95354-0000,Proprietary  ,39,57,96,187,228,415
02070500,CONCORDIA UNIVERSITY                    ,CA,92612-0000,Private      ,147,481,628,2826,2495,5321
02075800,SOUTHERN CA INST OF ARCHITECTURE        ,CA,90013-0000,Private      ,17,42,59,259,585,844
02086400,MARINELLO SCHOOL OF BEAUTY              ,CA,95050-0000,Proprietary  ,39,67,106,136,276,412
02086401,MARINELLO SCHOOL OF BEAUTY - SEASIDE    ,CA,93955-3615,Proprietary  ,19,31,50,115,153,268
02086402,MARINELLO SCHOOL OF BEAUTY - SAN MATEO  ,CA,94401-3801,Proprietary  ,12,16,28,32,49,81
02086403,MARINELLO SCHOOL OF BEAUTY - HAYWARD    ,CA,94541-5111,Proprietary  ,27,53,80,100,200,300
02086404,MARINELLO SCHOOL OF BEAUTY - CASTRO VALL,CA,94546-5506,Proprietary  ,5,3,8,27,27,54
02091200,ELEGANCE INTERNATIONAL                  ,CA,90028-0000,Proprietary  ,21,35,56,86,116,202
02091700,KAPLAN COLLEGE                          ,CA,92123-1509,Proprietary  ,135,589,724,737,2481,3218
02091702,KAPLAN COLLEGE - CHULA VISTA            ,CA,91910-5342,Proprietary  ,53,119,172,268,507,775
02096100,FIELDING GRADUATE UNIVERSITY            ,CA,93105-0000,Private      ,0,224,224,8,925,933
02099200,AMERICAN CONSERVATORY THEATER           ,CA,94108-0000,Private      ,9,20,29,72,225,297
02110200,COLUMBIA COLLEGE                        ,CA,91356-0000,Private      ,39,35,74,363,194,557
02110800,CALIFORNIA COLLEGE SAN DIEGO            ,CA,92108-3821,Proprietary  ,237,614,851,2146,3012,5158
02111300,CUYAMACA COLLEGE                        ,CA,92019-0000,Public       ,934,1604,2538,4739,6375,11114
02119100,MISSION COLLEGE                         ,CA,95054-1897,Public       ,504,986,1490,3423,5090,8513
02120600,SAYBROOK GRADUATE SCHOOL                ,CA,94111-1920,Private      ,0,134,134,1,652,653
02120700,SAN JOAQUIN VALLEY COLLEGE              ,CA,93291-0000,Proprietary  ,528,1243,1771,2825,5286,8111
02125000,CAREER ACADEMY OF BEAUTY                ,CA,92845-0000,Proprietary  ,42,78,120,81,169,250
02128200,"VICTOR VALLEY BEAUTY COLLEGE, INC       ",CA,92392-0000,Proprietary  ,23,61,84,149,252,401
02128300,INSTITUTE FOR BUSINESS & TECHNOLOGY     ,CA,95050-0000,Proprietary  ,37,135,172,105,423,528
02128301,INSTITUTE FOR BUSINESS & TECHNOLOGY - NA,CA,95670-6351,Proprietary  ,9,53,62,38,175,213
02138300,PALO ALTO UNIVERSITY                    ,CA,94304-1337,Private      ,9,181,190,77,969,1046
02147400,CLEVELAND CHIROPRACTIC COLLEGE          ,CA,90004-0000,Private      ,0,0,0,4,18,22
02161800,MUSICIANS INSTITUTE                     ,CA,90028-6157,Proprietary  ,280,241,521,1615,1100,2715
02167800,ESTES INSTITUTE OF COSMETOLOGY          ,CA,93291-0000,Proprietary  ,31,47,78,160,190,350
02178700,CITRUS HEIGHTS BEAUTY COLLEGE           ,CA,95610-1410,Proprietary  ,18,27,45,18,27,45
02179937,WESTERN STATE COLLEGE OF LAW            ,CA,92831-3014,Proprietary  ,3,77,80,34,1197,1231
02179938,"ART INSTITUTE OF CALIFORNIA, HOLLYWOOD  ",CA,91601-3112,Proprietary  ,438,423,861,3211,2392,5603
02179941,"ART INSTITUTE OF CALIFORNIA, LOS ANGELES",CA,90405-3035,Proprietary  ,676,651,1327,7118,5334,12452
02179947,"ART INSTITUTE OF CALIFORNIA, SAN DIEGO  ",CA,92108-4423,Proprietary  ,433,523,956,4321,3745,8066
02180600,BRIDGES  ACADEMY OF BEAUTY              ,CA,92311-2327,Proprietary  ,1,16,17,5,38,43
02185800,MOLER BARBER COLLEGE                    ,CA,94611-0000,Proprietary  ,17,46,63,63,174,237
02187500,"HEALD COLLEGE, SCH OF BUS & TECH        ",CA,94520-0000,Proprietary  ,161,389,550,943,1983,2926
02188400,SIERRA VALLEY COLLEGE OF COURT REPORTING,CA,93726-0000,Proprietary  ,23,66,89,82,212,294
02208600,MADERA BEAUTY COLLEGE                   ,CA,93637-3519,Proprietary  ,15,22,37,68,76,144
02211000,SALON SUCCESS ACADEMY                   ,CA,92405-0000,Proprietary  ,14,41,55,108,145,253
02220000,COLLEEN O'HARA BEAUTY ACADEMY           ,CA,92701-0000,Proprietary  ,26,36,62,76,112,188
02220200,CALIFORNIA CULINARY ACADEMY             ,CA,94102-3336,Proprietary  ,73,163,236,595,821,1416
02221300,MARINELLO SCHOOL OF BEAUTY              ,CA,92553-0000,Proprietary  ,73,159,232,176,278,454
02221303,MARINELLO SCHOOL OF BEAUTY - SAN RAFAEL ,CA,94901-3224,Proprietary  ,13,22,35,30,50,80
02222000,AMERICAN FILM INSTITUTE                 ,CA,90027-0000,Private      ,67,183,250,461,1038,1499
02226000,EAST LOS ANGELES COLLEGE                ,CA,91754-0000,Public       ,1818,2339,4157,16800,13870,30670
02228500,LIFE CHIROPRACTIC COLLEGE WEST          ,CA,94545-0000,Private      ,4,57,61,22,416,438
02230900,FREDRICK & CHARLES BEAUTY COLLEGE       ,CA,95501-0000,Proprietary  ,17,27,44,59,116,175
02231900,GEMOLOGICAL INSTITUTE OF AMERICA        ,CA,92008-4698,Private      ,13,65,78,60,223,283
02234300,FASHION CAREERS OF CALIFORNIA           ,CA,92110-0000,Proprietary  ,23,30,53,197,180,377
02236400,"THANH LE COLG, SCH OF COSMETOLOGY       ",CA,92840-0000,Proprietary  ,3,28,31,10,48,58
02237200,PHILLIPS GRADUATE INSTITUTE             ,CA,91316-0000,Private      ,0,68,68,5,208,213
02241600,SAN DIEGO CONTINUING EDUCATION          ,CA,92113-0000,Public       ,30,219,249,203,834,1037
02241800,AMERICAN CAREER COLLEGE                 ,CA,90004-0000,Proprietary  ,407,790,1197,1536,2938,4474
02242700,BERKELEY CITY COLLEGE                   ,CA,94704-0000,Public       ,545,1033,1578,3645,4696,8341
02250602,EVEREST COLLEGE                         ,CA,91761-8525,Proprietary  ,73,213,286,513,1205,1718
02255400,INTERNATIONAL SCHOOL OF COSMETOLOGY     ,CA,90250-0000,Proprietary  ,56,50,106,170,205,375
02258600,ALAMEDA BEAUTY COLLEGE                  ,CA,94501-0000,Proprietary  ,30,84,114,150,264,414
02262400,YESHIVA OHR ELCHONON CHABAD             ,CA,90046-0000,Private      ,1,1,2,32,7,39
02263101,ANTHEM COLLEGE - SACRAMENTO             ,CA,95827-3378,Proprietary  ,11,24,35,92,195,287
02267600,INSTITUTE OF TRANSPERSONAL PSYCHLGY     ,CA,94303-4624,Private      ,2,136,138,11,611,622
02270600,LIFE PACIFIC COLLEGE                    ,CA,91773-0000,Private      ,60,63,123,407,289,696
02276800,WESTMINSTER SEMINARY CALIFORNIA         ,CA,92027-0000,Private      ,0,10,10,10,172,182
02277400,SOUTH COAST COLLEGE                     ,CA,92868-2616,Proprietary  ,26,73,99,263,580,843
02282300,ALHAMBRA BEAUTY COLLEGE                 ,CA,91802-0000,Proprietary  ,17,56,73,49,111,160
02285100,HILLTOP BEAUTY SCHOOL                   ,CA,94014-0000,Proprietary  ,14,42,56,24,105,129
02298000,DESIGN INSTITUTE OF SAN DIEGO           ,CA,92121-0000,Proprietary  ,47,74,121,247,336,583
02304300,"PLATT COLLEGE, SAN DIEGO                ",CA,92115-0000,Proprietary  ,38,94,132,269,424,693
02306300,KAPLAN COLLEGE                          ,CA,95368-0000,Proprietary  ,48,135,183,383,777,1160
02306302,KAPLAN COLLEGE - FRESNO                 ,CA,93612-3802,Proprietary  ,42,98,140,322,490,812
02309500,CLOVIS ADULT EDUC                       ,CA,93611-0000,Public       ,10,89,99,98,365,463
02312400,LA COLLEGE INTERNATIONAL                ,CA,90010-0000,Proprietary  ,6,51,57,58,276,334
02321801,ITT TECHNICAL INSTITUTE                 ,CA,93030-2649,Proprietary  ,0,1,1,0,1,1
02330500,LAGUNA COLLEGE OF ART AND DESIGN        ,CA,92651-0000,Private      ,49,36,85,670,272,942
02332800,CENTER FOR EMPLOYMENT TRAINING          ,CA,95110-0000,Private      ,277,1097,1374,420,1842,2262
02338500,GLENDALE CAREER COLLEGE                 ,CA,91203-1207,Proprietary  ,74,222,296,224,519,743
02338700,MARINELLO SCHOOL OF BEAUTY              ,CA,94103-0000,Proprietary  ,36,42,78,184,283,467
02338701,MARINELLO SCHOOL OF BEAUTY - CHICO      ,CA,95928-7184,Proprietary  ,27,72,99,118,183,301
02338702,MARINELLO SCHOOL OF BEAUTY - REDDING    ,CA,96001-1023,Proprietary  ,20,69,89,99,198,297
02338703,MARINELLO SCHOOL OF BEAUTY - FRESNO     ,CA,93711-3246,Proprietary  ,50,91,141,194,215,409
02342400,ACADEMY OF RADIO BROADCASTING           ,CA,92647-3809,Proprietary  ,20,77,97,96,245,341
02343400,"BELLUS ACADEMY, THE ACADEMY OF BEAUTY AN",CA,92064-4633,Proprietary  ,97,167,264,267,493,760
02345800,MONTEBELLO BEAUTY COLLEGE               ,CA,90640-0000,Proprietary  ,8,19,27,60,67,127
02351900,KAPLAN COLLEGE                          ,CA,95660-5512,Proprietary  ,79,343,422,551,1587,2138
02351901,KAPLAN COLLEGE - BAKERSFIELD            ,CA,93304-0000,Proprietary  ,72,248,320,560,939,1499
02358000,THOMAS AQUINAS COLLEGE                  ,CA,93060-9622,Private      ,10,6,16,415,36,451
02359300,SHASTA BIBLE COLLEGE                    ,CA,96002-0000,Private      ,7,23,30,68,103,171
02482700,WESTERN UNIVERSITY OF HEALTH S          ,CA,91766-1854,Private      ,16,172,188,197,5686,5883
02494800,LOLA BEAUTY COLLEGE                     ,CA,92641-0000,Proprietary  ,15,31,46,39,106,145
02497300,TRINITY COLLEGE                         ,CA,93277-8109,Proprietary  ,71,156,227,223,622,845
02500000,SAN JOAQUIN COLLEGE OF LAW              ,CA,93612-0000,Private      ,1,34,35,29,338,367
02518400,THE NATIONAL HISPANIC UNIVERSITY        ,CA,95127-0000,Proprietary  ,50,257,307,452,840,1292
02519800,AVANCE BEAUTY COLLEGE                   ,CA,92154-0000,Proprietary  ,30,78,108,151,222,373
02520200,CALIFORNIA CAREER SCHOOLS               ,CA,92805-0000,Proprietary  ,18,60,78,100,257,357
02520300,INTERIOR DESIGNERS INSTITUTE            ,CA,92660-0000,Proprietary  ,7,24,31,53,187,240
02520400,ADRIAN'S BEAUTY COLLEGE OF TURLOCK      ,CA,95382-0000,Proprietary  ,38,47,85,141,146,287
02537200,PALOMAR INSTITUTE OF COSMETOLOGY        ,CA,92069-0000,Proprietary  ,49,83,132,203,324,527
02539100,KAPLAN COLLEGE                          ,CA,91606-3231,Proprietary  ,78,176,254,427,981,1408
02539102,KAPLAN COLLEGE -  RIVERSIDE             ,CA,92507-4223,Proprietary  ,73,253,326,513,1115,1628
02539500,IRVINE VALLEY COLLEGE                   ,CA,92620-0000,Public       ,790,1225,2015,6082,4751,10833
02542300,NATIONAL HOLISTIC INSTITUTE             ,CA,94608-0000,Proprietary  ,67,210,277,199,789,988
02543400,BROWNSON TECHNICAL SCHOOL               ,CA,92805-0000,Proprietary  ,17,65,82,46,151,197
02545900,HYPNOSIS MOTIVATION INSTITUTE           ,CA,91356-0000,Private      ,1,46,47,5,89,94
02546400,MTI BUSINESS COLLEGE INC                ,CA,95207-0000,Proprietary  ,13,79,92,79,242,321
02549000,KAPLAN COLLEGE                          ,CA,92083-7736,Proprietary  ,73,270,343,323,1090,1413
02549005,KAPLAN COLLEGE -  PALM SPRINGS          ,CA,92262-7011,Proprietary  ,66,120,186,325,539,864
02553500,ASSOCIATED TECHNICAL COLLEGE            ,CA,92101-0000,Proprietary  ,32,106,138,148,343,491
02553600,DIVERSIFIED LANGUAGE INSTITUTE          ,CA,90017-0000,Proprietary  ,20,357,377,73,910,983
02559300,UNITED EDUCATION INSTITUTE              ,CA,90020-0000,Proprietary  ,309,502,811,573,1017,1590
02559400,INTERCOAST COLLEGES                     ,CA,92868-1656,Proprietary  ,97,688,785,258,1962,2220
02565400,KAPLAN COLLEGE                          ,CA,95207-6216,Proprietary  ,45,153,198,359,746,1105
02570300,LOS ANGELES ORT COLLEGE                 ,CA,90048-0000,Private      ,33,222,255,133,528,661
02577900,SANTA BARBARA BUSINESS COLLEGE          ,CA,93309-1664,Proprietary  ,68,189,257,535,965,1500
02578000,SANTA BARBARA BUSINESS COLLEGE          ,CA,93454-6943,Proprietary  ,36,64,100,269,385,654
02584200,NEWBRIDGE COLLEGE                       ,CA,92701-0000,Proprietary  ,47,195,242,182,561,743
02591600,NORTH-WEST COLLEGE                      ,CA,91101-1744,Proprietary  ,23,63,86,97,224,321
02593100,HEALD COLLEGE                           ,CA,95678-5303,Proprietary  ,91,264,355,680,1926,2606
02593200,HEALD COLLEGE                           ,CA,95035-8008,Proprietary  ,170,379,549,821,2083,2904
02593300,HEALD COLLEGE                           ,CA,95210-5667,Proprietary  ,168,459,627,1002,2280,3282
02595600,ASIAN AMERICAN INTERNATIONAL BTY CG     ,CA,92683-4043,Proprietary  ,9,30,39,20,53,73
02597300,SOUTH BAYLO UNIVERSITY                  ,CA,92801-1701,Private      ,1,61,62,8,280,288
02602300,CENTRAL COAST COLLEGE                   ,CA,93901-3301,Proprietary  ,51,66,117,259,312,571
02608900,PINNACLE COLLEGE                        ,CA,91803-8842,Proprietary  ,19,21,40,78,90,168
02608901,PINNACLE COLLEGE - SACRAMENTO           ,CA,95670-6386,Proprietary  ,23,29,52,71,126,197
02609000,EMPERORS COLG OF TRAD ORIENTAL MED      ,CA,90403-5609,Proprietary  ,0,48,48,14,222,236
02612800,LOS ANGELES RECORDING SCHOOL            ,CA,90028-3112,Proprietary  ,74,90,164,398,415,813
03010611,VIRGINIA COLLEGE - GOLF ACADEMY OF AMERI,CA,92008-6512,Proprietary  ,18,39,57,78,191,269
03011300,"CALIF STATE UNIV, SAN MARCOS            ",CA,92096-0001,Public       ,403,783,1186,13440,7514,20954
03019900,CAPSTONE COLLEGE                        ,CA,91402-4924,Proprietary  ,3,23,26,17,61,78
03025600,DELL'ARTE SCH OF PHYSICAL THEATRE       ,CA,95525-0816,Private      ,3,10,13,7,40,47
03027700,PACIFIC COLLEGE OF ORIENTAL MED         ,CA,92108-4408,Proprietary  ,10,132,142,78,656,734
03029600,POMONA ADULT SCHOOL                     ,CA,91766-0000,Public       ,43,132,175,117,316,433
03031409,INTERNATIONAL ACADEMY OF DESIGN AND TECH,CA,95834-9664,Proprietary  ,36,114,150,337,622,959
03034000,HEALD COLLEGE                           ,CA,93906-5100,Proprietary  ,101,231,332,877,1588,2465
03035700,LAS POSITAS COLLEGE                     ,CA,94551-6750,Public       ,378,624,1002,3015,2759,5774
03039900,FREMONT COLLEGE                         ,CA,90703-5342,Proprietary  ,50,119,169,387,476,863
03043900,NEWSCHOOL OF ARCHITECTURE & DESIGN      ,CA,92101-6634,Proprietary  ,35,136,171,430,659,1089
03044500,KAPLAN COLLEGE                          ,CA,91402-4222,Proprietary  ,4,17,21,32,63,95
03054100,ROYALE COLLEGE OF BEAUTY                ,CA,92590-2525,Proprietary  ,18,25,43,71,92,163
03062300,WESTECH COLLEGE                         ,CA,91764-4988,Proprietary  ,46,138,184,205,538,743
03062400,MT DIABLO ADULT EDUC LOMA VISTA CTR     ,CA,94518-1122,Public       ,26,81,107,116,301,417
03062700,PLATT COLLEGE                           ,CA,90041-0000,Proprietary  ,58,119,177,282,397,679
03062701,PLATT COLLEGE                           ,CA,91764-0000,Proprietary  ,80,145,225,577,760,1337
03062702,PLATT COLLEGE - RIVERSIDE               ,CA,92507-0730,Proprietary  ,32,60,92,32,60,92
03063400,MODERN TECHNOLOGY SCHOOL                ,CA,92708-9821,Proprietary  ,18,44,62,77,193,270
03067400,BALDWIN PARK ADULT SCHOOL               ,CA,91706-4897,Public       ,54,125,179,151,345,496
03067500,INSTITUTE OF TECHNOLOGY                 ,CA,93612-3217,Proprietary  ,207,551,758,872,2269,3141
03069500,SAGE COLLEGE                            ,CA,92557-6720,Proprietary  ,38,137,175,174,726,900
03072300,EVEREST COLLEGE                         ,CA,91761-3222,Proprietary  ,84,208,292,449,874,1323
03072700,WESTWOOD COLLEGE - LOS ANGELES          ,CA,90010-1577,Proprietary  ,192,946,1138,1571,4596,6167
03074900,MARTINEZ ADULT CENTER                   ,CA,94553-3298,Public       ,0,0,0,5,25,30
03078200,AMERICAN CLG TRADITIONAL CHINESE MD     ,CA,94107-2813,Private      ,1,70,71,16,294,310
03084700,VENTURA ADULT\CONTINUING EDUCATION      ,CA,93003-7313,Public       ,13,79,92,42,246,288
03094400,ELITE PROGRESSIVE SCHOOL OF COSM        ,CA,95841-2909,Proprietary  ,37,81,118,135,280,415
03094401,MARINELLO SCHOOL OF BEAUTY - CONCORD    ,CA,94520-2581,Proprietary  ,25,70,95,94,180,274
03094402,MARINELLO SCHOOL OF BEAUTY- STOCKTON    ,CA,95203-3149,Proprietary  ,30,66,96,170,240,410
03097700,CENTRAL CALIF SCH CONTINUING EDUC       ,CA,93401-6739,Proprietary  ,17,58,75,73,240,313
03098200,YO SAN UNIV TRADITIONAL CHINESE MED     ,CA,90066-1103,Private      ,4,49,53,9,166,175
03108100,SUMMIT CAREER COLLEGE                   ,CA,92324-3956,Proprietary  ,103,325,428,326,1025,1351
03109500,DONGGUK  UNIVERSITY LOS ANGELES         ,CA,90020-1765,Private      ,3,19,22,30,91,121
03113300,UEI COLLEGE                             ,CA,93727-1620,Proprietary  ,96,288,384,684,1486,2170
03113600,SOUTHERN CALIFORNIA INST OF TECHNOL     ,CA,92805-3758,Proprietary  ,49,163,212,163,505,668
03116600,EAST SAN GABRIEL VLY REG OCCUP PROG     ,CA,91790-2105,Public       ,88,305,393,191,653,844
03125300,JOHN WESLEY INTER. BARBER & BTY CLG     ,CA,90813-4321,Proprietary  ,14,47,61,89,217,306
03125800,PREMIERE CAREER COLLEGE                 ,CA,91706-3746,Proprietary  ,61,191,252,166,460,626
03126800,PACIFICA GRADUATE INSTITUTE             ,CA,93013-0000,Proprietary  ,0,247,247,0,945,945
03128700,MT SIERRA COLLEGE                       ,CA,91016-3414,Proprietary  ,61,79,140,423,441,864
03131300,FIVE BRANCHES UNIVERSITY                ,CA,95062-4669,Private      ,7,72,79,55,452,507
03144400,AMERICAN CLG OF HEALTH PROFESSIONS      ,CA,92505-3038,Proprietary  ,77,162,239,271,637,908
03150500,VIRGINIA SEWING MACHINES & SCH CTR      ,CA,90015-3535,Proprietary  ,6,9,15,12,40,52
03162300,FOUR-D SUCCESS ACADEMY                  ,CA,92324-4218,Proprietary  ,74,199,273,170,648,818
03163300,PACIFIC STATES UNIVERSITY               ,CA,90006-0000,Private      ,10,19,29,77,106,183
03195400,EVEREST COLLEGE                         ,CA,90501-2867,Proprietary  ,31,92,123,154,300,454
03210300,LE CORDON BLEU COLLEGE OF CULINARY ARTS ,CA,91101-5221,Proprietary  ,660,1492,2152,2907,5957,8864
03225300,AMERICAN UNIVERSITY OF HEALTH SCIENCES  ,CA,90755-3612,Proprietary  ,20,65,85,144,319,463
03242300,CAREER NETWORK INSTITUTE                ,CA,92868-4710,Proprietary  ,45,162,207,104,392,496
03250300,COMMUNITY BASED EDUCATION AND DEVEL     ,CA,90036-0000,Private      ,17,67,84,62,217,279
03260300,CALIFORNIA STATE U-MONTEREY BAY         ,CA,93955-8001,Public       ,296,480,776,11758,3877,15635
03266300,BETHESDA UNIVERSITY OF CALIFORNIA       ,CA,92801-4132,Private      ,26,28,54,112,177,289
03278300,CLARITA CAREER COLLEGE                  ,CA,91351-5432,Proprietary  ,229,347,576,515,1086,1601
03288300,ACAD CHINESE CULTURE & HEALTH SCIS      ,CA,94512-0000,Private      ,1,55,56,19,155,174
03299300,PACIFIC COLLEGE                         ,CA,92626-3160,Proprietary  ,24,148,172,141,409,550
03308300,KENSINGTON COLLEGE                      ,CA,92705-8708,Proprietary  ,2,21,23,12,62,74
03327400,ACUPUNCTURE AND INTEGRATIVE MEDICINE COL,CA,94704-2724,Private      ,8,42,50,38,235,273
03332300,SOUTHERN CA BIBLE CLG & SEMINARY        ,CA,92019-1109,Private      ,2,33,35,16,156,172
03359300,ST. FRANCIS CAREER COLLEGE              ,CA,90262-2659,Private      ,6,13,19,64,124,188
03367300,PROFESSIONAL GOLFERS CAREER COLLEGE     ,CA,92591-6013,Proprietary  ,37,58,95,144,253,397
03395300,INTERNATIONAL CAREER DEVELOPMENT        ,CA,90027-5794,Proprietary  ,269,1602,1871,829,4969,5798
03399300,NORTHWESTERN TECHNICAL COLLEGE          ,CA,95670-4443,Proprietary  ,37,108,145,129,458,587
03403300,EPIC BIBLE COLLEGE                      ,CA,95841-3546,Private      ,20,116,136,136,521,657
03413400,ENGLISH CENTER  (THE)                   ,CA,94607-3734,Private      ,19,80,99,34,175,209
03427400,CAREER COLLEGES OF AMERICA              ,CA,90280-7420,Proprietary  ,99,266,365,352,1103,1455
03427500,ANTELOPE VALLEY MEDICAL COLLEGE         ,CA,93534-3324,Proprietary  ,152,305,457,582,943,1525
03440400,MARIAN HEALTH CAREERS CENTER            ,CA,90010-1728,Proprietary  ,26,52,78,95,184,279
03441400,VALLEY CAREER COLLEGE                   ,CA,92020-3057,Proprietary  ,24,91,115,99,286,385
03458300,MY LE'S BEAUTY COLLEGE                  ,CA,95824-3039,Proprietary  ,21,72,93,107,260,367
03467300,MARINELLO SCHOOL OF BEAUTY              ,CA,92545-3661,Proprietary  ,60,143,203,140,304,444
03467301,MARINELLO SCHOOL OF BEAUTY - CATHEDRAL C,CA,92234-6656,Proprietary  ,0,10,10,23,33,56
03467302,MARINELLO SCHOOL OF BEAUTY - MURRIETA   ,CA,92563-5039,Proprietary  ,50,102,152,114,196,310
03467303,MARINELLO SCHOOL OF BEAUTY - NAPA       ,CA,94559-1237,Proprietary  ,34,40,74,72,92,164
03467304,MARINELLO SCHOOL OF BEAUTY - CITY OF IND,CA,91748-1674,Proprietary  ,6,26,32,57,104,161
03467305,MARINELLO SCHOOL OF BEAUTY - BELL       ,CA,90201-1193,Proprietary  ,22,24,46,95,100,195
03467306,MARINELLO SCHOOL OF BEAUTY - PARAMOUNT  ,CA,90723-5256,Proprietary  ,43,48,91,106,142,248
03467307,MARINELLO SCHOOL OF BEAUTY - HUNTINGTON ,CA,92646-2552,Proprietary  ,23,59,82,97,164,261
03479300,PROFESSIONAL CAREER INSTITUTE           ,CA,90703-2522,Proprietary  ,22,37,59,106,153,259
03485400,JAMES ALBERT SCHOOL OF COSMETOLOGY      ,CA,92627-3831,Proprietary  ,0,0,0,17,20,37
03516300,KING'S UNIVERSITY (THE)                 ,CA,91405-2233,Private      ,49,190,239,111,441,552
03532400,ADVANCED TRAINING ASSOCIATES            ,CA,92020-1236,Proprietary  ,7,48,55,21,119,140
03542400,COPPER MOUNTAIN COLLEGE                 ,CA,92252-6102,Public       ,168,479,647,765,1947,2712
03577300,COBA ACADEMY                            ,CA,92866-1407,Proprietary  ,10,25,35,45,57,102
03590400,NTMA TRAINING CENTERS OF SOUTHERN C     ,CA,90650-6099,Private      ,47,168,215,118,454,572
03592400,IRELL & MANELLA GRADUATE SCHOOL OF BIOLO,CA,91010-0000,Private      ,0,0,0,1,9,10
03598300,AVALON BEAUTY COLLEGE                   ,CA,93103-3137,Proprietary  ,32,34,66,144,116,260
03614300,DAVID'S ACADEMY OF BEAUTY               ,CA,91780-1089,Proprietary  ,2,152,154,5,207,212
03639300,WEST COAST ULTRASOUND INSTITUTE         ,CA,90211-3312,Proprietary  ,91,269,360,387,1156,1543
03646300,DESIGN'S SCHOOL OF COSMETOLOGY          ,CA,93446-1471,Proprietary  ,28,87,115,83,185,268
03681300,CALIFORNIA HEALING ARTS COLLEGE         ,CA,90025-2589,Proprietary  ,13,77,90,87,271,358
03695300,COMMUNITY ENHANCEMENT SERVICES          ,CA,91502-2750,Private      ,13,53,66,22,97,119
03695700,SANTIAGO CANYON COLLEGE                 ,CA,92869-4512,Public       ,624,639,1263,3977,2451,6428
03696300,UNIVERSITY OF THE WEST                  ,CA,91770-3709,Private      ,2,19,21,29,87,116
03698300,WEST COAST UNIVERSITY                   ,CA,91606-3206,Proprietary  ,426,998,1424,2077,4257,6334
03698400,CA COLLEGE OF VOCATIONAL CAREER         ,CA,93301-1800,Proprietary  ,21,129,150,200,493,693
03736300,ADVANCE BEAUTY COLLEGE                  ,CA,92843-4752,Proprietary  ,12,108,120,64,312,376
03740400,ATI COLLEGE                             ,CA,90650-0000,Proprietary  ,27,71,98,92,218,310
03759300,COMPUTER TUTOR BUSINESS & TECH INST     ,CA,95356-0000,Proprietary  ,23,72,95,90,255,345
03786300,ADVANCED COLLEGE                        ,CA,90280-5255,Proprietary  ,29,73,102,71,208,279
03797400,CAREER CARE INSTITUTE                   ,CA,93534-4766,Proprietary  ,71,178,249,285,805,1090
03797401,CAREER CARE INSTITUTE - VENTURA         ,CA,93003-0000,Proprietary  ,7,43,50,59,191,250
03797402,CAREER CARE INSTITUTE - MORENO VALLEY   ,CA,92553-7519,Proprietary  ,8,41,49,55,158,213
03814400,SOKA UNIVERSITY OF AMERICA              ,CA,92656-8081,Private      ,15,8,23,538,56,594
03853300,KECK GRADUATE INSTITUTE OF APPLIED LIFE ,CA,91711-4817,Private      ,0,25,25,5,157,162
03853400,LADERA CAREER PATHS TRAINING CENTERS    ,CA,90045-1931,Proprietary  ,2,15,17,14,54,68
03868300,WORLD MISSION UNIVERSITY                ,CA,90020-1789,Private      ,4,35,39,15,124,139
03868400,LOS ANGELES MUSIC ACADEMY               ,CA,91105-2540,Proprietary  ,36,32,68,240,173,413
03871300,FOLSOM LAKE COLLEGE                     ,CA,95630-6798,Public       ,283,658,941,3327,4038,7365
03874300,CAMBRIDGE JUNIOR COLLEGE                ,CA,95993-0000,Proprietary  ,31,109,140,177,370,547
03874400,COMMMUNITY CHRISTIAN COLLEGE            ,CA,92373-4465,Private      ,22,25,47,219,155,374
03889300,STANBRIDGE COLLEGE                      ,CA,92612-0000,Proprietary  ,83,320,403,250,987,1237
03901300,PACIFIC COAST TRADE SCHOOL              ,CA,93033-2441,Proprietary  ,30,103,133,81,232,313
03910400,NATIONAL POLYTECHNIC COLLEGE            ,CA,90040-3066,Proprietary  ,51,92,143,97,190,287
03933300,MUELLER COLLEGE OF HOLISTIC STUDIES     ,CA,92116-2630,Proprietary  ,16,112,128,48,347,395
03935300,CALIFORNIA NURSES EDUCATIONAL INSTITUTE ,CA,92234-7248,Proprietary  ,19,65,84,85,243,328
03962300,AMERICAN INSTITUTE OF MASSAGE THERAPY   ,CA,92705-5463,Proprietary  ,7,26,33,64,112,176
03964400,INTERNATIONAL SCHOOL OF BEAUTY          ,CA,92260-2740,Proprietary  ,28,83,111,117,258,375
03969600,AMERICAN AUTO INSTITUTE                 ,CA,90703-2637,Proprietary  ,160,322,482,593,1226,1819
03971300,AMERICAN CAREER COLLEGE                 ,CA,91764-4906,Proprietary  ,232,466,698,901,1621,2522
03973300,EX'PRESSION COLLEGE FOR DIGTAL ARTS     ,CA,94608-1021,Proprietary  ,98,119,217,638,594,1232
03974500,CALIFORNIA CAREER COLLEGE               ,CA,91303-2006,Proprietary  ,7,45,52,41,112,153
03980300,CALIFORNIA STATE UNIVERSITY CHANNEL ISLA,CA,93012-8599,Public       ,236,400,636,7131,3015,10146
03995300,UNIVERSITY OF EAST-WEST MEDICINE        ,CA,94087-6106,Proprietary  ,2,15,17,10,78,88
03999300,BEAUMONT ADULT SCHOOL                   ,CA,92223-1927,Public       ,14,28,42,39,138,177
04001300,PALACE BEAUTY COLLEGE                   ,CA,90006-4233,Proprietary  ,33,60,93,114,189,303
04001400,MOJAVE BARBER COLLEGE                   ,CA,92395-3201,Proprietary  ,20,35,55,62,121,183
04003300,CSI CAREER COLLEGE                      ,CA,95687-3100,Proprietary  ,46,142,188,207,544,751
04004300,THUY PRINCESS BEAUTY COLLEGE            ,CA,91766-0000,Proprietary  ,8,38,46,36,87,123
04005300,INTERAMERICAN COLLEGE                   ,CA,91950-4437,Proprietary  ,8,77,85,23,238,261
04014400,PALLADIUM TECHNICAL ACADEMY             ,CA,91731-2429,Proprietary  ,6,19,25,22,45,67
04023400,PROTEUS                                 ,CA,93291-3014,Private      ,4,18,22,30,83,113
04037300,LOS ANGELES FILM SCHOOL (THE)           ,CA,90028-7300,Proprietary  ,431,623,1054,1622,2003,3625
04049300,MAXINE WATERS EMPLOYMENT PREPARATION CEN,CA,90059-1023,Public       ,0,0,0,39,126,165
04056300,CAREER COLLEGE OF CALIFORNIA            ,CA,92705-5805,Proprietary  ,22,75,97,109,210,319
04057300,TECHSKILLS OF CALIFORNIA                ,CA,95815-4025,Proprietary  ,36,272,308,177,817,994
04076400,GNOMON SCHOOL OF VISUAL EFFECTS         ,CA,90038-2616,Proprietary  ,17,64,81,95,220,315
04088300,WESTMED COLLEGE                         ,CA,95128-2541,Private      ,14,72,86,112,352,464
04088301,WESTMED COLLEGE - MERCED                ,CA,95340-9165,Private      ,8,41,49,109,268,377
04092300,COASTLINE BEAUTY COLLEGE                ,CA,92708-3847,Proprietary  ,8,86,94,41,159,200
04092400,MAKE-UP DESIGNORY                       ,CA,91502-1322,Proprietary  ,67,89,156,281,328,609
04100400,TAFT UNIVERSITY SYSTEM (THE)            ,CA,92704-6954,Proprietary  ,0,115,115,11,528,539
04109300,ACADEMY OF BARBERING ARTS (THE)         ,CA,91324-3406,Proprietary  ,43,86,129,90,145,235
04111300,WEST HILLS COLLEGE LEMOORE              ,CA,93245-9248,Public       ,180,457,637,2162,2747,4909
04114500,VALLEY COLLEGE OF MEDICAL CAREERS       ,CA,91304-2354,Proprietary  ,15,40,55,71,148,219
04115300,COACHELLA VALLEY BEAUTY COLLEGE         ,CA,92253-2051,Proprietary  ,13,21,34,79,84,163
04115600,MAYFIELD COLLEGE                        ,CA,92234-7014,Proprietary  ,27,94,121,111,321,432
04116000,VIDEO SYMPHONY ENTERTRAINING            ,CA,91502-3253,Proprietary  ,3,115,118,41,276,317
04118800,NEW YORK FILM ACADEMY                   ,CA,91608-1002,Proprietary  ,139,227,366,724,911,1635
04119200,CAREER COLLEGE CONSULTANTS              ,CA,90041-2088,Proprietary  ,17,37,54,44,139,183
04126400,CHAMPION INSTITUTE OF COSMETOLOGY       ,CA,92264-7458,Proprietary  ,1,18,19,37,64,101
04126500,COAST CAREER INSTITUTE                  ,CA,90015-3040,Proprietary  ,55,210,265,167,562,729
04127100,"UNIVERSITY OF CALIFORNIA, MERCED        ",CA,95343-5001,Public       ,145,114,259,13731,2096,15827
04127800,HEALTHY HAIR ACADEMY                    ,CA,90303-3137,Proprietary  ,0,0,0,9,13,22
04127900,TUI UNIVERSITY                          ,CA,90630-5023,Proprietary  ,13,731,744,39,2417,2456
04129700,INTERNATIONAL POLYTECHNIC INSTITUTE     ,CA,92231-1737,Private      ,7,14,21,30,54,84
04129803,MEDIATECH INSTITUTE - OCEANSIDE         ,CA,92054-5116,Proprietary  ,10,29,39,44,99,143
04132300,INSTITUTE OF MEDICAL EDUCATION          ,CA,95113-2207,Proprietary  ,0,0,0,64,110,174
04132400,ACADEMY OF ESTHETICS AND COSMETOLOGY    ,CA,91342-3373,Proprietary  ,9,36,45,55,87,142
04132700,INFOTECH CAREER COLLEGE                 ,CA,90706-5579,Proprietary  ,20,63,83,46,157,203
04133000,BIOHEALTH COLLEGE                       ,CA,95134-2033,Proprietary  ,22,113,135,73,306,379
04133100,CALIFORNIA UNIVERSITY OF MANAGEMENT AND ,CA,92801-1702,Private      ,5,14,19,23,71,94
04134500,CAREER COLLEGE OF SAN DIEGO             ,CA,92102-3348,Proprietary  ,44,201,245,220,563,783
04134700,INTERNATL PROFESSIONAL SCHL OF BODYWORK ,CA,92123-1520,Proprietary  ,10,66,76,54,273,327
04137200,BORNER'S BARBER COLLEGE                 ,CA,90047-3856,Proprietary  ,22,34,56,62,110,172
04138700,CAO INSTITUTE OF AESTHETICS (THE)       ,CA,91801-3903,Proprietary  ,25,42,67,61,105,166
04140500,HORIZON COLLEGE SAN DIEGO               ,CA,92131-9906,Private      ,13,36,49,63,140,203
04140600,MODERN INSTITUTE OF TECHNOLOGY          ,CA,93036-1387,Proprietary  ,0,0,0,22,49,71
04141300,SAN FRANCISCO INSTITUTE OF ESTHETICS    ,CA,94103-4083,Proprietary  ,46,73,119,159,226,385
04141400,LAURUS COLLEGE                          ,CA,93401-5405,Proprietary  ,50,298,348,113,612,725
04141700,HEALING HANDS SCHOOL OF HOLISTIC HEALTH ,CA,92025-1722,Proprietary  ,9,59,68,36,182,218
04142500,TOURO COLLEGE LOS ANGELES               ,CA,90046-4506,Private      ,14,18,32,110,120,230
04142600,TOURO UNIVERSITY                        ,CA,94592-1118,Private      ,3,142,145,40,2784,2824
04143800,WOODLAND COMMUNITY COLLEGE              ,CA,95776-5156,Public       ,97,279,376,1522,1643,3165
04144200,CAREER DEVELOPMENT INSTITUTE            ,CA,90035-4364,Proprietary  ,6,38,44,30,123,153
04145000,SAN DIEGO CULINARY INSTITUTE            ,CA,91941-6435,Proprietary  ,64,143,207,413,623,1036
04145600,INTERNATIONAL COLLEGE OF COSMETOLOGY    ,CA,94601-3525,Proprietary  ,15,51,66,62,193,255
04146000,NATIONAL CAREER COLLEGE                 ,CA,91605-1400,Proprietary  ,5,26,31,22,81,103
04148200,BEYOND 21ST CENTURY BEAUTY ACADEMY      ,CA,90670-6316,Proprietary  ,9,7,16,35,42,77
04148900,N CALIF INSTITUTE OF COSMETOLOGY        ,CA,94577-2820,Proprietary  ,9,30,39,18,59,77
04149700,HOMESTEAD SCHOOLS                       ,CA,90505-5945,Private      ,26,76,102,61,236,297
04150000,CENTRAL NURSING COLLEGE                 ,CA,90010-2444,Proprietary  ,18,74,92,198,318,516
04150100,GOLDEN STATE COLLEGE OF COURT REPORTING ,CA,94568-2948,Proprietary  ,2,9,11,7,59,66
04150300,RWM FIBER OPTICS                        ,CA,90746-1051,Proprietary  ,5,48,53,8,63,71
04150500,"PREFERRED COLLEGE OF NURSING, LOS ANGELE",CA,90010-2202,Proprietary  ,19,82,101,113,306,419
04152800,CALIFORNIA ACADEMY (THE) - A PAUL MITCHE,CA,95825-2276,Proprietary  ,73,131,204,364,521,885
04153900,PROVIDENCE CHRISTIAN COLLEGE            ,CA,91104-2635,Private      ,11,11,22,106,34,140
04154300,AMERICANA COLLEGE                       ,CA,90029-3765,Proprietary  ,0,0,0,5,9,14
04154400,FRANKLIN CAREER COLLEGE                 ,CA,91761-1522,Proprietary  ,12,43,55,40,157,197
04155500,"ACADEMY FOR JEWISH RELIGION, CALIFORNIA ",CA,90024-3234,Private      ,8,18,26,20,72,92
04156100,DIOR SCHOOL OF COSMETOLOGY              ,CA,95355-9695,Proprietary  ,26,49,75,123,172,295
04158200,PAUL MITCHELL THE SCHOOL SHERMAN OAKS   ,CA,91403-5882,Proprietary  ,69,99,168,236,252,488
04158700,HOLLYWOOD BEAUTY COLLEGE                ,CA,95210-3514,Proprietary  ,24,62,86,120,189,309
04158900,FLAIR BEAUTY COLLEGE                    ,CA,91351-3381,Proprietary  ,16,12,28,42,46,88
04159600,GALAXY MEDICAL COLLEGE                  ,CA,91606-1593,Proprietary  ,8,14,22,28,41,69
04159700,AMERICAN MEDICAL SCIENCES CENTER        ,CA,91204-5108,Proprietary  ,17,36,53,87,148,235
04160100,TRINITY VOCATIONAL CENTER               ,CA,90248-4334,Proprietary  ,21,42,63,35,126,161
04160400,ANGELES COLLEGE OF NURSING              ,CA,90010-2100,Proprietary  ,57,163,220,495,665,1160
04161300,PREFERRED COLLEGE OF NURSING            ,CA,91401-1442,Proprietary  ,7,37,44,54,162,216
04161700,SHASTA SCHOOL OF COSMETOLOGY            ,CA,96003-0000,Proprietary  ,15,38,53,103,155,258
04161800,BRANDMAN UNIVERSITY                     ,CA,92618-3801,Private      ,83,1699,1782,410,7382,7792
04162800,S.I.C.E PAUL MITCHELL PARTNER SCHOOL    ,CA,95350-1440,Proprietary  ,82,96,178,282,341,623
04163400,COSMO BEAUTY ACADEMY                    ,CA,95605-1904,Proprietary  ,29,57,86,198,303,501
04163900,L.A. BARBER COLLEGE                     ,CA,90013-1121,Proprietary  ,18,60,78,96,207,303
04164400,ANGELES INSTITUTE                       ,CA,90712-2903,Proprietary  ,27,40,67,96,156,252
04165900,PAUL MITCHELL THE SCHOOL FRESNO         ,CA,93710-7617,Proprietary  ,59,76,135,345,302,647
04167000,ESTHETIQUES COSMETOLOGY INSTITUTE       ,CA,92591-4663,Proprietary  ,67,61,128,198,236,434
04169200,TRAMY BEAUTY SCHOOL                     ,CA,92115-6347,Proprietary  ,19,99,118,93,247,340
04169700,UNITEK COLLEGE                          ,CA,94538-3185,Proprietary  ,97,349,446,316,1144,1460
04169800,GURNICK ACADEMY OF MEDICAL ARTS         ,CA,94403-1849,Proprietary  ,44,202,246,266,1195,1461
04172000,SOUTHERN CALIFORNIA UNIVERSITY SOMA     ,CA,90017-2211,Proprietary  ,25,89,114,173,335,508
04173400,SANTA ANA BEAUTY ACADEMY                ,CA,92705-7820,Proprietary  ,9,25,34,74,74,148
04173500,MORENO VALLEY COLLEGE                   ,CA,92551-2204,Public       ,844,1270,2114,4920,6410,11330
04175200,PAUL MITCHELL THE SCHOOL EAST BAY       ,CA,94523-5515,Proprietary  ,45,77,122,218,252,470
04175400,ELITE COSMETOLOGY SCHOOL                ,CA,92284-2860,Proprietary  ,12,37,49,37,90,127
04176100,NORCO COLLEGE                           ,CA,92860-2600,Public       ,799,976,1775,4344,4290,8634
04176200,TWIN RIVERS ADULT SCHOOL                ,CA,95660-5523,Public       ,9,155,164,30,486,516
04176300,BERGIN UNIVERSITY OF CANINE STUDIES     ,CA,95407-6834,Private      ,3,20,23,19,81,100
04177200,REAL BARBERS COLLEGE (THE)              ,CA,92805-2533,Proprietary  ,30,44,74,64,103,167
04178900,HANDS-ON MEDICAL MASSAGE SCHOOL         ,CA,92373-6271,Proprietary  ,5,23,28,33,87,120
04180000,CINTA AVEDA INSTITUTE                   ,CA,94108-3204,Proprietary  ,29,97,126,129,280,409
04181200,IPPT CAREER SCHOOL                      ,CA,91601-2028,Proprietary  ,24,103,127,46,164,210
04185200,SALINAS BEAUTY COLLEGE                  ,CA,93901-2405,Proprietary  ,11,32,43,50,76,126
04185500,ACADEMY OF COUTURE ART                  ,CA,90069-5701,Proprietary  ,16,27,43,99,114,213
04185600,MEDICAL ALLIED CAREER CENTER            ,CA,90670-4710,Proprietary  ,4,30,34,21,80,101
04185700,ACADEMY FOR SALON PROFESSIONALS (THE)   ,CA,95050-4057,Proprietary  ,37,78,115,109,179,288
04186900,"INTERNATIONAL COLLEGE OF BEAUTY, ARTS & ",CA,90039-1012,Proprietary  ,17,47,64,153,169,322
04187900,JOE BLASCO MAKEUP ARTIST TRAINING CENTER,CA,90027-5580,Proprietary  ,26,72,98,143,245,388
04189300,ALLIED AMERICAN UNIVERSITY              ,CA,92653-1337,Proprietary  ,18,344,362,55,858,913
04189800,ACADEMY FOR SALON PROFESSIONALS         ,CA,91304-2305,Proprietary  ,15,35,50,70,115,185
04191300,ANNENBERG SCHOOL OF NURSING             ,CA,91335-5426,Private      ,5,17,22,43,61,104
04193500,LEMELANGE ACADEMY OF HAIR               ,CA,94558-2935,Proprietary  ,10,12,22,37,47,84
04193700,JOHN PAUL THE GREAT CATHOLIC UNIVERSITY ,CA,92131-1652,Private      ,17,16,33,171,100,271
04194300,COLTON-REDLANDS-YUCAIPA REGIONAL OCCUPAT,CA,92374-2896,Public       ,7,23,30,7,23,30
04194600,BRAND COLLEGE                           ,CA,91203-3646,Proprietary  ,4,14,18,4,14,18
04195200,DIAMOND BEAUTY COLLEGE                  ,CA,91733-2180,Proprietary  ,1,18,19,1,19,20
04195400,NCP COLLEGE OF NURSING                  ,CA,94080-1005,Proprietary  ,17,58,75,71,220,291
04195401,NCP COLLEGE OF NURSING - HAYWARD CAMPUS ,CA,94541-7026,Proprietary  ,21,79,100,61,230,291
04205800,"SAE INSTITUTE OF TECHNOLOGY, LOS ANGELES",CA,90028-7219,Proprietary  ,59,72,131,107,161,268
04206800,ADVANCE BEAUTY TECHS ACADEMY            ,CA,92583-6572,Proprietary  ,17,31,48,17,31,48
04208900,ADVANCED CAREER INSTITUTE               ,CA,93291-9254,Proprietary  ,9,51,60,9,51,60
04209800,HINTON BARBER COLLEGE                   ,CA,94590-4547,Proprietary  ,9,28,37,9,28,37
00184600,BRIAR CLIFF UNIVERSITY                  ,IA,51104-2100,Private      ,79,125,204,1339,619,1958
00184700,BUENA VISTA UNIVERSITY                  ,IA,50588-9987,Private      ,91,393,484,1718,1904,3622
00184800,SOUTHEASTERN COMMUNITY COLLEGE          ,IA,52655-0000,Public       ,277,587,864,1177,1851,3028
00185000,CENTRAL COLLEGE                         ,IA,50219-1999,Private      ,95,32,127,2267,158,2425
00185200,CLARKE UNIVERSITY                       ,IA,52001-3198,Private      ,61,81,142,1166,581,1747
00185400,COE COLLEGE                             ,IA,52402-5092,Private      ,72,49,121,2339,249,2588
00185500,DES MOINES UNIV-OSTEOPATHIC MED CTR     ,IA,50312-0000,Private      ,2,148,150,27,1833,1860
00185600,CORNELL COLLEGE                         ,IA,52314-1098,Private      ,41,9,50,1962,102,2064
00185700,SOUTHWESTERN COMMUNITY COLLEGE          ,IA,50801-1098,Public       ,149,251,400,641,707,1348
00185800,DIVINE WORD COLLEGE                     ,IA,52045-0380,Private      ,5,5,10,13,13,26
00185900,DORDT COLLEGE                           ,IA,51250-1697,Private      ,48,26,74,1447,110,1557
00186000,DRAKE UNIVERSITY                        ,IA,50311-4505,Private      ,158,293,451,5050,2317,7367
00186200,ELLSWORTH COMMUNITY COLLEGE             ,IA,50126-1199,Public       ,140,143,283,765,450,1215
00186400,IOWA LAKES COMMUNITY COLLEGE            ,IA,51334-2234,Public       ,223,420,643,1272,1163,2435
00186500,IOWA CENTRAL COMMUNITY COLLEGE          ,IA,50501-0000,Public       ,485,951,1436,2746,2947,5693
00186600,GRACELAND UNIVERSITY                    ,IA,50140-1699,Private      ,130,309,439,1178,1370,2548
00186700,GRAND VIEW UNIVERSITY                   ,IA,50316-1599,Private      ,205,326,531,2127,1541,3668
00186800,GRINNELL COLLEGE                        ,IA,50112-1690,Private      ,36,11,47,2801,99,2900
00186900,IOWA STATE UNIV SCIENCE & TECHNOLOG     ,IA,50011-2028,Public       ,944,745,1689,25271,6262,31533
00187100,IOWA WESLEYAN COLLEGE                   ,IA,52641-1398,Private      ,41,74,115,799,400,1199
00187300,LORAS COLLEGE                           ,IA,52004-0178,Private      ,71,35,106,2067,216,2283
00187400,LUTHER COLLEGE                          ,IA,52101-1045,Private      ,67,13,80,3330,90,3420
00187500,MARSHALLTOWN COMMUNITY COLLEGE          ,IA,50158-4760,Public       ,145,285,430,732,982,1714
00187700,NORTH IOWA AREA COMMUNITY COLLEGE       ,IA,50401-7299,Public       ,253,349,602,1460,1153,2613
00187900,MORNINGSIDE COLLEGE                     ,IA,51106-1751,Private      ,87,210,297,1853,698,2551
00188000,MOUNT MERCY UNIVERSITY                  ,IA,52402-4797,Private      ,85,245,330,1067,1110,2177
00188100,ASHFORD UNIVERSITY                      ,IA,52732-3910,Proprietary  ,845,25784,26629,3509,106055,109564
00188300,NORTHWESTERN COLLEGE                    ,IA,51041-1996,Private      ,63,20,83,1494,137,1631
00188700,SIMPSON COLLEGE                         ,IA,50125-1297,Private      ,104,132,236,2203,588,2791
00188900,ST AMBROSE UNIVERSITY                   ,IA,52803-2898,Private      ,230,312,542,3370,1467,4837
00189000,UNIVERSITY OF NORTHERN IOWA             ,IA,50614-0002,Public       ,964,606,1570,10634,3001,13635
00189100,UNIVERSITY OF DUBUQUE                   ,IA,52001-5099,Private      ,119,104,223,2229,692,2921
00189200,UNIVERSITY OF IOWA                      ,IA,52242-1316,Public       ,1085,1207,2292,21566,10076,31642
00189300,UPPER IOWA UNIVERSITY                   ,IA,52142-9206,Private      ,156,1021,1177,1501,5128,6629
00189500,WALDORF COLLEGE                         ,IA,50436-1700,Proprietary  ,111,98,209,772,545,1317
00189600,WARTBURG COLLEGE                        ,IA,50677-2200,Private      ,72,12,84,2368,105,2473
00189700,WARTBURG THEOLOGICAL SEMINARY           ,IA,52004-5004,Private      ,0,12,12,6,128,134
00190000,WILLIAM PENN UNIVERSITY                 ,IA,52577-1799,Private      ,126,205,331,1231,1121,2352
00396300,AIB COLLEGE OF BUSINESS                 ,IA,50321-1799,Private      ,58,173,231,649,799,1448
00407500,ESTRN IOWA COMMUNITY COLLEGE DIST       ,IA,52801-1221,Public       ,43,171,214,205,592,797
00407501,CLINTON COMMUNITY COLLEGE               ,IA,52732-0000,Public       ,115,277,392,481,958,1439
00407502,MUSCATINE COMMUNITY COLLEGE             ,IA,52761-0000,Public       ,118,226,344,583,703,1286
00407503,SCOTT COMMUNITY COLLEGE                 ,IA,52722-0000,Public       ,373,923,1296,1465,3078,4543
00407600,KIRKWOOD COMMUNITY COLLEGE              ,IA,52406-2068,Public       ,1409,2474,3883,7222,8095,15317
00423300,MERCY/ST. LUKE'S SCH RAD TECH           ,IA,52402-0000,Private      ,4,12,16,36,48,84
00458600,KAPLAN UNIVERSITY                       ,IA,52807-2095,Proprietary  ,1165,16653,17818,3691,69002,72693
00458604,KAPLAN UNIVERSITY - CEDAR RAPIDS        ,IA,52404-2998,Proprietary  ,45,422,467,212,2392,2604
00458605,KAPLAN UNIVERSITY - DES MOINES          ,IA,50323-5702,Proprietary  ,25,370,395,175,1905,2080
00458606,KAPLAN UNIVERSITY - MASON CITY          ,IA,50401-4665,Proprietary  ,10,150,160,53,796,849
00458607,KAPLAN UNIVERSITY - CEDAR FALLS         ,IA,50613-6309,Proprietary  ,35,272,307,151,1329,1480
00458610,KAPLAN UNIVERSITY - COUNCIL BLUFFS      ,IA,51503-5289,Proprietary  ,14,165,179,77,803,880
00458700,NORTHEAST IOWA COMMUNITY COLLEGE        ,IA,52132-0400,Public       ,135,189,324,721,748,1469
00458701,NORTHEAST IOWA COMMUNITY COLLEGE        ,IA,52068-0000,Public       ,244,386,630,1077,1382,2459
00459500,HAWKEYE COMMUNITY COLLEGE               ,IA,50701-0000,Public       ,663,1013,1676,2982,2919,5901
00459800,IOWA WESTERN CMTY CLG-COUNCIL BLUFF     ,IA,51502-0000,Public       ,674,944,1618,3754,3539,7293
00460000,NORTHWEST IOWA COMMUNITY COLLEGE        ,IA,51201-1046,Public       ,69,135,204,582,520,1102
00626700,IOWA METHODIST MEDICAL CENTER SCHOOLS   ,IA,50309-1499,Private      ,5,37,42,51,143,194
00627300,MERCY COLLEGE OF HEALTH SCIENCES        ,IA,50309-1239,Private      ,64,211,275,541,1065,1606
00712000,DES MOINES AREA CMTY COLLEGE            ,IA,50021-0000,Public       ,1486,3274,4760,7430,11175,18605
00712100,FAITH BAPTIST BIBLE CLG & THEOL SEM     ,IA,50021-0000,Private      ,37,15,52,335,61,396
00729100,ST LUKE'S COLLEGE                       ,IA,51104-0263,Private      ,14,33,47,120,177,297
00731600,WESTERN IOWA TECH COMMUNITY COLLEGE     ,IA,51106-0000,Public       ,454,1093,1547,1990,3308,5298
00758800,CAPRI COLLEGE                           ,IA,52004-0873,Proprietary  ,17,41,58,77,107,184
00761100,EQ SCHOOL OF HAIR DESIGN                ,IA,51503-0813,Proprietary  ,17,29,46,38,57,95
00765600,AMERICAN COLLEGE OF HARISTYLING -CR     ,IA,52402-0000,Proprietary  ,4,12,16,12,46,58
00765800,AMER COLL OF HAIRSTYLING-DES MOINES     ,IA,50309-5446,Proprietary  ,5,29,34,13,77,90
00765900,LA JAMES COLLEGE OF HAIRSTYLING         ,IA,50401-3308,Proprietary  ,14,25,39,76,82,158
00771700,CAPRI COLLEGE                           ,IA,52807-2622,Proprietary  ,39,68,107,148,221,369
00794100,COLLEGE OF HAIR DESIGN                  ,IA,50703-1834,Proprietary  ,9,20,29,24,58,82
00826000,IOWA SCHOOL OF BEAUTY INC               ,IA,50322-0000,Proprietary  ,16,70,86,75,213,288
00840300,INDIAN HILLS COMMUNITY COLLEGE          ,IA,52501-1398,Public       ,461,762,1223,1867,2387,4254
00840301,INDIAN HILLS COMMUNITY COLLEGE          ,IA,52544-0000,Public       ,60,117,177,248,363,611
00842400,LA JAMES INTERNATIONAL COLLEGE          ,IA,50501-5577,Proprietary  ,9,23,32,55,80,135
00959300,LA'JAMES COLLEGE OF HAIRSTYLING         ,IA,52240-0000,Proprietary  ,18,25,43,79,78,157
01111300,MAHARISHI UNIV OF MANAGEMENT            ,IA,52557-0001,Private      ,39,105,144,194,523,717
01206400,HAMILTON TECHNICAL COLLEGE              ,IA,52807-2653,Proprietary  ,28,117,145,101,330,431
01230000,PALMER COLLEGE OF CHIROPRACTIC          ,IA,52803-5287,Private      ,13,285,298,91,2083,2174
01300600,LA' JAMES INTERNATIONAL COLLEGE-CF      ,IA,50613-5242,Proprietary  ,21,27,48,62,101,163
02090300,CAPRI COLLEGE                           ,IA,52404-0000,Proprietary  ,29,44,73,128,165,293
02134500,LA JAMES INTERNATIONAL COLLEGE - DAV    ,IA,52806-3952,Proprietary  ,17,30,47,53,82,135
02160900,"SALON PROFESSIONAL ACADEMY, THE         ",IA,50010-0000,Proprietary  ,15,25,40,88,96,184
02262500,FAUST INSTITUTE OF COSMETOLOGY          ,IA,50588-0000,Proprietary  ,0,11,11,19,41,60
02274100,LA' JAMES INTERNATIONAL COLLEGE - DM    ,IA,50131-0000,Proprietary  ,15,44,59,68,151,219
02289000,AMERICAN HAIR ACADEMY                   ,IA,52627-4530,Proprietary  ,6,5,11,21,31,52
02306900,IOWA SCHOOL OF BEAUTY                   ,IA,52501-0000,Proprietary  ,15,26,41,47,73,120
02328900,EMMAUS BIBLE COLLEGE                    ,IA,52001-0000,Private      ,35,20,55,231,58,289
02330900,IOWA SCHOOL OF BEAUTY                   ,IA,50158-0000,Proprietary  ,6,6,12,23,32,55
02609200,VATTEROTT COLLEGE                       ,IA,50321-4704,Proprietary  ,25,152,177,101,604,705
03069100,ALLEN COLLEGE                           ,IA,50703-1916,Private      ,18,69,87,354,540,894
03441300,IOWA SCHOOL OF BEAUTY                   ,IA,51106-5111,Proprietary  ,4,24,28,34,91,125
03607400,TOTAL LOOK SCHOOL OF COSMETOLOGY AND MAS,IA,52136-1053,Proprietary  ,3,1,4,12,5,17
03720300,CARLSON COLLEGE OF MASSAGE THERAPY      ,IA,52205-7519,Proprietary  ,4,13,17,15,33,48
04051313,ART INSTITUTE OF PHOENIX (THE) - BROWN M,IA,52722-3628,Proprietary  ,5,20,25,23,60,83
04089300,BIO-CHI INSTITUTE OF MASSAGE THERAPY    ,IA,51103-2138,Proprietary  ,2,22,24,12,58,70
04177800,SALON PROFESSIONAL ACADEMY (THE)        ,IA,52240-6083,Proprietary  ,14,18,32,46,51,97
04203300,AVEDA INSTITUTE DES MOINES              ,IA,50266-8137,Proprietary  ,34,41,75,148,150,298
00259600,ATLANTIC COMMUNITY COLLEGE              ,NJ,08330-2699,Public       ,734,1156,1890,3992,4615,8607
00259700,BLOOMFIELD COLLEGE                      ,NJ,07003-3425,Private      ,214,310,524,3266,1791,5057
00259800,CALDWELL COLLEGE                        ,NJ,07006-6195,Private      ,103,265,368,2311,1300,3611
00259900,CENTENARY COLLEGE                       ,NJ,07840-2184,Private      ,82,169,251,1830,904,2734
00260000,COLLEGE OF SAINT ELIZABETH              ,NJ,07960-6989,Private      ,42,195,237,887,776,1663
00260100,CUMBERLAND COUNTY COLLEGE               ,NJ,08362-9912,Public       ,403,679,1082,2305,3087,5392
00260300,DREW UNIVERSITY                         ,NJ,07940-4063,Private      ,109,127,236,3726,784,4510
00260700,FAIRLEIGH DICKINSON UNIV-TEANECK        ,NJ,07666-1996,Private      ,256,711,967,4963,3081,8044
00260701,FAIRLEIGH DICKINSON UNIV-FLORHAM        ,NJ,07940-0000,Private      ,129,180,309,3866,995,4861
00260702,FAIRLEIGH DICKINSON UNIV-ED WMS CLG     ,NJ,07601-0000,Private      ,46,100,146,528,428,956
00260703,FAIRLEIGH DICKINSON UNIVERSITY          ,NJ,07940-0000,Private      ,84,138,222,1798,837,2635
00260800,GEORGIAN COURT UNIVERSITY               ,NJ,08701-2697,Private      ,139,276,415,1474,1358,2832
00260900,ROWAN UNIVERSITY                        ,NJ,08028-1702,Public       ,845,860,1705,14727,5018,19745
00261000,FELICIAN COLLEGE                        ,NJ,07644-2198,Private      ,106,313,419,2423,1559,3982
00261300,NEW JERSEY CITY UNIVERSITY              ,NJ,07305-1597,Public       ,537,1463,2000,5610,6715,12325
00261500,MIDDLESEX COUNTY COLLEGE                ,NJ,08818-3050,Public       ,1258,1217,2475,7067,5369,12436
00261600,MONMOUTH UNIVERSITY                     ,NJ,07764-1898,Private      ,395,353,748,8228,2484,10712
00261700,MONTCLAIR STATE UNIVERSITY              ,NJ,07043-9987,Public       ,1186,1468,2654,18657,8158,26815
00261900,NEW BRUNSWICK THEOLOGICAL SEMINARY      ,NJ,08901-0000,Private      ,10,46,56,76,193,269
00262100,NEW JERSEY INST OF TECHNOLOGY           ,NJ,07102-1982,Public       ,472,761,1233,6740,3689,10429
00262200,KEAN UNIVERSITY                         ,NJ,07083-7131,Public       ,960,1409,2369,13812,9481,23293
00262400,OCEAN COUNTY COLLEGE                    ,NJ,08754-2001,Public       ,911,1045,1956,5294,4250,9544
00262500,WILLIAM PATERSON UNIVERSITY             ,NJ,07470-2152,Public       ,916,883,1799,12231,5298,17529
00262600,PRINCETON THEOLOGICAL SEMINARY          ,NJ,08542-0000,Private      ,1,43,44,9,639,648
00262700,PRINCETON UNIVERSITY                    ,NJ,08544-0001,Private      ,330,156,486,16551,1803,18354
00262800,RIDER UNIVERSITY                        ,NJ,08648-3099,Private      ,287,283,570,8233,1756,9989
00262900,"RUTGERS, THE STATE UNIVERSITY OF NJ     ",NJ,08901-1281,Public       ,2939,3601,6540,48875,25237,74112
00263200,SETON HALL UNIVERSITY                   ,NJ,07079-2697,Private      ,308,752,1060,10980,4359,15339
00263201,SETON HALL UNIVERSITY - SCHOOL OF LAW   ,NJ,07079-5210,Private      ,36,180,216,288,2048,2336
00263800,ST PETER'S COLLEGE                      ,NJ,07306-5997,Private      ,207,398,605,2956,1739,4695
00263900,STEVENS INSTITUTE OF TECHNOLOGY         ,NJ,07030-5370,Private      ,104,123,227,4337,656,4993
00264200,COLLEGE OF NEW JERSEY (THE)             ,NJ,08628-0718,Public       ,372,225,597,11887,1443,13330
00264300,UNION COUNTY COLLEGE                    ,NJ,07016-1598,Public       ,1528,2351,3879,5566,8027,13593
00473600,BERGEN COMMUNITY COLLEGE                ,NJ,07652-1595,Public       ,1764,1462,3226,8988,6040,15028
00474000,MERCER COUNTY COMMUNITY COLLEGE         ,NJ,08690-0000,Public       ,797,1262,2059,3588,4531,8119
00539900,MONMOUTH COUNTY VOCATIONAL SCH DIST     ,NJ,07728-5033,Public       ,21,59,80,68,153,221
00545200,TETERBORO SCH OF AERONAUTICS            ,NJ,07608-1083,Proprietary  ,44,75,119,102,159,261
00546100,SALEM COMMUNITY COLLEGE                 ,NJ,08069-2799,Public       ,178,217,395,644,808,1452
00641700,HOLY NAME HOSPITAL SCH OF NURSING       ,NJ,07666-4254,Private      ,10,71,81,100,270,370
00642000,MOUNTAINSIDE HOSP SCH NRSG              ,NJ,07042-4898,Proprietary  ,5,29,34,56,173,229
00642100,MUHLENBERG SNYDER SCHOOLS               ,NJ,07061-3399,Private      ,13,105,118,112,540,652
00642900,ST FRANCIS MEDICAL CTR SCH NURSING      ,NJ,08629-1986,Private      ,5,26,31,32,159,191
00642902,ST FRANCIS MED CTR RAD TECH             ,NJ,08629-0000,Private      ,6,19,25,16,63,79
00686500,CAMDEN COUNTY COLLEGE                   ,NJ,08012-3240,Public       ,1223,2343,3566,6483,8562,15045
00690100,GLOUCESTER COUNTY COLLEGE               ,NJ,08080-4249,Public       ,698,883,1581,3751,3287,7038
00710700,ESSEX COUNTY COLLEGE                    ,NJ,07102-1798,Public       ,1395,2391,3786,6070,9268,15338
00750200,BERKELEY COLLEGE                        ,NJ,07424-3367,Proprietary  ,267,455,722,2331,2622,4953
00750201,BERKELEY COLLEGE - WOODBRIDGE           ,NJ,07095-3305,Proprietary  ,0,0,0,58,74,132
00750202,BERKELEY COLLEGE - PARAMUS              ,NJ,07652-2931,Proprietary  ,0,0,0,57,52,109
00750600,LINCOLN TECHNICAL INSTITUTE             ,NJ,07083-5032,Proprietary  ,236,346,582,731,774,1505
00750601,LINCOLN TECHNICAL INSTITUTE             ,NJ,07430-0000,Proprietary  ,110,78,188,445,278,723
00759300,PARISIAN BEAUTY ACADEMY                 ,NJ,07601-5509,Proprietary  ,103,141,244,169,213,382
00772900,COUNTY COLLEGE OF MORRIS                ,NJ,07869-0000,Public       ,640,507,1147,3897,2102,5999
00773000,BURLINGTON COUNTY COLLEGE               ,NJ,08068-1599,Public       ,813,1307,2120,4464,5107,9571
00773100,RARITAN VALLEY COMMUNITY COLLEGE        ,NJ,08876-1265,Public       ,646,679,1325,2918,2279,5197
00780401,STAR CAREER ACADEMY - STAR LAKEWOOD     ,NJ,08701-5900,Proprietary  ,57,153,210,127,445,572
00780402,STAR CAREER ACADEMY - STAR EGG HARBOR   ,NJ,08234-4863,Proprietary  ,31,84,115,83,327,410
00794700,BETH MEDRASH GOVOHA OF AMERICA          ,NJ,08701-0000,Private      ,107,610,717,173,1290,1463
00840400,BROOKDALE COMMUNITY COLLEGE             ,NJ,07738-1597,Public       ,1349,1354,2703,6276,4433,10709
00844101,ANTHEM INSTITUTE                        ,NJ,08002-0000,Proprietary  ,9,66,75,52,203,255
00849400,HO HO KUS SCHL OF TRADE & TECH SCIENCES ,NJ,07513-1402,Proprietary  ,46,82,128,110,225,335
00860900,RABBINICAL COLLEGE OF AMERICA           ,NJ,07960-3600,Private      ,29,4,33,44,11,55
00907800,CAPRI INSTITUTE OF HAIR DESIGN          ,NJ,07011-2111,Proprietary  ,41,85,126,105,234,339
00934400,RAMAPO COLLEGE OF NEW JERSEY            ,NJ,07430-1680,Public       ,438,275,713,7802,1490,9292
00934500,RICHARD STOCKTON COLLEGE OF NJ          ,NJ,08240-0000,Public       ,614,600,1214,10120,3624,13744
00982804,EVEREST INSTITUTE - SOUTH PLAINFIELD    ,NJ,07080-1125,Proprietary  ,89,219,308,242,613,855
00999400,PASSAIC COUNTY COMMUNITY COLLEGE        ,NJ,07505-1179,Public       ,1338,1894,3232,4390,5775,10165
01039400,UNIV OF MEDICINE & DENTISTRY OF NJ      ,NJ,07107-0000,Public       ,62,845,907,435,5976,6411
01062900,P B COSMETOLOGY EDUCATION CENTRE        ,NJ,08030-1750,Proprietary  ,37,32,69,105,135,240
01085100,ANTHEM INSTITUTE                        ,NJ,07054-3409,Proprietary  ,89,216,305,264,558,822
01085101,ANTHEM INSTITUTE                        ,NJ,07306-0000,Proprietary  ,22,74,96,74,197,271
01085102,ANTHEM INSTITUTE                        ,NJ,08902-0000,Proprietary  ,19,53,72,80,175,255
01090300,RIZZIERI INSTITUTE                      ,NJ,08043-4600,Proprietary  ,48,57,105,138,179,317
01152300,MORRIS COUNTY SCHOOL OF TECHNOLOGY      ,NJ,07834-0000,Public       ,11,34,45,45,88,133
01170800,NATURAL MOTION INST OF HAIR DESIGN      ,NJ,07306-5496,Proprietary  ,11,30,41,54,103,157
01198900,TALMUDICAL ACADEMY                      ,NJ,07710-0000,Private      ,22,2,24,53,2,55
01209000,REIGNBOW BEAUTY ACADEMY                 ,NJ,08861-4118,Proprietary  ,41,81,122,74,136,210
01234600,DOVER BUSINESS COLLEGE                  ,NJ,07011-2161,Proprietary  ,125,240,365,371,882,1253
01234602,DOVER BUSINESS COLLEGE                  ,NJ,07801-4643,Proprietary  ,40,105,145,146,390,536
01246100,LINCOLN TECHNICAL INSTITUTE             ,NJ,08820-2896,Proprietary  ,102,287,389,332,821,1153
01246102,LINCOLN TECHNICAL INSTITUTE             ,NJ,08057-3212,Proprietary  ,67,252,319,240,784,1024
01246103,LINCOLN TECHNICAL INSTITUTE             ,NJ,07652-2106,Proprietary  ,107,239,346,354,760,1114
01246200,HOHOKUS - HACKENSACK SCHOOL OF BUSINESS ,NJ,07601-7197,Proprietary  ,47,216,263,117,536,653
01295400,HUDSON COUNTY COMMUNITY COLLEGE         ,NJ,07306-4012,Public       ,1351,1709,3060,5524,6786,12310
02053700,EASTWICK COLLEGE                        ,NJ,07446-0000,Proprietary  ,105,340,445,338,1182,1520
02061800,ROMAN ACADEMY OF BEAUTY CULTURE         ,NJ,07506-0000,Proprietary  ,16,20,36,29,40,69
02092300,HOHOKUS SCHOOL - RETS/NUTLEY            ,NJ,07110-0000,Proprietary  ,89,187,276,190,466,656
02103700,CAPRI INSTITUTE OF HAIR DESIGN          ,NJ,07652-0000,Proprietary  ,26,48,74,76,105,181
02104000,HARRIS SCHOOL OF BUSINESS               ,NJ,08002-2983,Proprietary  ,142,491,633,279,1108,1387
02106601,AMERICAN INSTITUTE - CLIFTON            ,NJ,07011-2345,Proprietary  ,71,195,266,179,496,675
02131100,DU CRET SCHOOL OF THE ARTS              ,NJ,07060-0000,Private      ,11,6,17,36,20,56
02131600,PENNCO TECH                             ,NJ,08012-0000,Proprietary  ,126,280,406,383,637,1020
02132300,BERDAN INSTITUTE                        ,NJ,07512-0000,Proprietary  ,79,180,259,263,530,793
02146800,JOE KUBERT SCH OF CARTOON & GRAPHIC     ,NJ,07801-0000,Proprietary  ,10,14,24,80,84,164
02149800,EMPIRE BEAUTY SCHOOL                    ,NJ,08021-0000,Proprietary  ,34,59,93,87,250,337
02149801,EMPIRE BEAUTY SCHOOL - BORDENTOWN       ,NJ,08505-1513,Proprietary  ,5,17,22,23,59,82
02154000,DIVERS ACAD OF EASTERN SEABOARD         ,NJ,08081-1139,Proprietary  ,31,77,108,83,217,300
02183600,CAPRI INSTITUTE OF HAIR DESIGN          ,NJ,07033-0000,Proprietary  ,26,50,76,65,147,212
02192200,THOMAS EDISON STATE COLLEGE             ,NJ,08608-0000,Public       ,124,1903,2027,500,7135,7635
02219600,OMEGA INSTITUTE                         ,NJ,08109-0000,Proprietary  ,12,65,77,41,170,211
02223700,NEW HORIZON INST OF COSMETOLOGY         ,NJ,07093-0000,Proprietary  ,13,48,61,36,138,174
02223900,DRAKE COLLEGE OF BUSINESS               ,NJ,07201-0000,Proprietary  ,61,379,440,132,798,930
02223902,DRAKE COLLEGE OF BUSINESS - NEWARK CAMPU,NJ,07112-2760,Proprietary  ,122,661,783,286,1400,1686
02232500,UNION COUNTY VOCATIONAL TECH INST       ,NJ,07076-0000,Public       ,17,33,50,76,114,190
02234600,SHORE BEAUTY SCHOOL                     ,NJ,08232-0000,Proprietary  ,22,61,83,54,132,186
02246000,ROSS UNIVERSITY - MEDICAL SCHOOL        ,NJ,08837-0000,Proprietary  ,5,728,733,34,3889,3923
02248600,COOPER HEALTH SYS-CTR ALLIED HEALTH     ,NJ,08103-0000,Private      ,28,105,133,124,413,537
02252700,CONCORDE SCHOOL OF HAIR DESIGN          ,NJ,07712-0000,Proprietary  ,52,61,113,109,208,317
02252701,CONCORDE SCHOOL OF HAIR DESIGN - BLOOMFI,NJ,07003-2517,Proprietary  ,7,26,33,29,79,108
02261800,EUROPEAN ACADEMY OF COSMETOLOGY         ,NJ,07083-0000,Proprietary  ,29,55,84,63,128,191
02265500,CAPRI INSTITUTE OF HAIR DESIGN          ,NJ,08724-0000,Proprietary  ,39,73,112,73,157,230
02277900,ROSS UNIV - SCH OF VETERINARY MED       ,NJ,08837-0000,Proprietary  ,3,107,110,18,1454,1472
02291000,LINCOLN TECHNICAL INSTITUTE             ,NJ,07080-2424,Proprietary  ,56,61,117,185,215,400
02312000,BERGEN COUNTY TECHNICAL SCHOOLS         ,NJ,07601-6110,Public       ,26,68,94,80,169,249
02344200,EMPIRE BEAUTY SCHOOL                    ,NJ,08002-0000,Proprietary  ,29,64,93,105,261,366
02503900,WARREN COUNTY COMMUNITY COLLEGE         ,NJ,07882-0000,Public       ,229,201,430,763,700,1463
02523700,OCEAN COUNTY VOCATIONAL-TECH SCHOOL     ,NJ,08753-0000,Public       ,60,118,178,255,455,710
02525900,ARTISTIC ACADEMY OF HAIR DESIGN         ,NJ,07950-1409,Proprietary  ,36,43,79,109,117,226
02528200,REIGNBOW BEAUTY ACADEMY                 ,NJ,07060-0000,Proprietary  ,22,56,78,32,91,123
02558700,PRISM CAREER INSTITUTE                  ,NJ,08037-0000,Proprietary  ,41,128,169,134,569,703
02568800,SUSSEX COUNTY COMMUNITY COLLEGE         ,NJ,07860-1149,Public       ,395,344,739,1592,1127,2719
02586900,HARRIS SCHOOL OF BUSINESS               ,NJ,08043-2604,Proprietary  ,77,389,466,135,701,836
02616402,SANFORD-BROWN INSTITUTE - ISELIN        ,NJ,08830-0000,Proprietary  ,120,207,327,284,602,886
03077500,RABBI JACOB JOSEPH SCHOOL               ,NJ,08817-4494,Private      ,15,0,15,29,4,33
03122600,EASTERN INTERNATIONAL COLLEGE           ,NJ,07306-3906,Proprietary  ,45,160,205,126,388,514
03187300,STENOTECH CAREER INSTITUTE              ,NJ,07004-3490,Proprietary  ,7,26,33,28,59,87
03197300,INSTITUTE FOR HEALTH EDUCATION(THE)     ,NJ,07306-2929,Proprietary  ,17,74,91,51,207,258
03324300,CENTRAL CAREER SCHOOL                   ,NJ,07080-2408,Proprietary  ,19,73,92,45,141,186
03380302,STAR CAREER ACADEMY - STAR NEWARK       ,NJ,07102-4510,Proprietary  ,81,266,347,207,840,1047
03380303,STAR CAREER ACADEMY - STAR CLIFTON      ,NJ,07011-2248,Proprietary  ,33,124,157,75,351,426
03389300,ACADEMY OF MASSAGE THERAPY              ,NJ,07631-0000,Proprietary  ,13,38,51,54,118,172
03424500,NEW COMMUNITY WORKFORCE DEVELOPMENT     ,NJ,07103-2402,Private      ,13,74,87,56,454,510
03536300,INSTITUTE FOR THERAPEUTIC MASSAGE       ,NJ,07420-1452,Proprietary  ,7,51,58,26,102,128
03625300,PERFORMANCE TRAINING INSTITUTE          ,NJ,08753-0000,Proprietary  ,21,327,348,64,991,1055
03650600,PC AGE                                  ,NJ,07306-3936,Proprietary  ,17,113,130,40,268,308
03650603,PC AGE                                  ,NJ,08817-2842,Proprietary  ,5,14,19,16,46,62
03666300,SOMERSET CHRISTIAN COLLEGE              ,NJ,08890-9035,Private      ,14,158,172,69,468,537
03803300,HEALTHCARE TRAINING INSTITUTE           ,NJ,07083-3504,Proprietary  ,36,98,134,93,393,486
03811300,EASTERN SCHOOL OF ACUPUNCTURE AND TRADIT,NJ,07042-3562,Proprietary  ,1,19,20,7,74,81
04081300,BAIS MEDRASH TORAS CHESED               ,NJ,08701-0000,Private      ,11,6,17,23,20,43
04123400,YESHIVAS BE'ER YITZCHOK                 ,NJ,07208-2380,Private      ,7,20,27,11,53,64
04125000,GENTLE HEALING SCHOOL OF MASSAGE        ,NJ,08512-3600,Proprietary  ,2,14,16,8,36,44
04131100,YESHIVA TORAS CHAIM                     ,NJ,08701-2120,Private      ,88,3,91,161,7,168
04131200,TOTAL IMAGE BEAUTY ACADEMY              ,NJ,07307-2943,Proprietary  ,10,55,65,18,94,112
04134100,CENTER FOR ALLIED HEALTH & NURSING EDUCA,NJ,07601-5801,Proprietary  ,43,340,383,137,1582,1719
04136400,AMERICAN INSTITUTE OF MEDICAL SCIENCES &,NJ,07080-1183,Proprietary  ,31,73,104,78,203,281
04154500,STARTING POINTS FOR CHILDREN            ,NJ,07306-0001,Private      ,8,49,57,14,117,131
04154900,NATIONAL CAREER INSTITUTE               ,NJ,07018-2011,Proprietary  ,13,103,116,19,187,206
04173100,LAB PAUL MITCHELL PARTNER SCHOOL (THE)  ,NJ,08628-2500,Proprietary  ,25,49,74,48,85,133
04180300,MESIVTA KESER TORAH                     ,NJ,07719-2409,Private      ,0,0,0,0,1,1
04181400,BEST CARE TRAINING INSTITUTE            ,NJ,07018-1703,Proprietary  ,8,61,69,23,201,224
04184500,CHRISTINE VALMY INTERNATIONAL SCHOOL OF ,NJ,07058-9589,Proprietary  ,9,32,41,24,55,79
04188700,ASI CAREER INSTITUTE                    ,NJ,08012-1043,Proprietary  ,6,51,57,17,167,184
04191400,SCHOOL OF COURT REPORTING (THE)         ,NJ,08053-1533,Proprietary  ,3,15,18,14,65,79
04192400,YESHIVA GEDOLAH ZICHRON LEYMA           ,NJ,07036-3905,Private      ,2,1,3,2,2,4
04207500,MEDICAL CAREER INSTITUTE                ,NJ,07712-7202,Proprietary  ,5,33,38,5,33,38
00266500,VAUGHN COLLEGE OF AERONAUTICS AND TECHNO,NY,11369-9997,Private      ,216,290,506,1353,983,2336
00266600,ADELPHI UNIVERSITY                      ,NY,11530-4299,Private      ,436,843,1279,9157,4784,13941
00266700,DOWLING COLLEGE                         ,NY,11769-1999,Private      ,291,381,672,2657,1525,4182
00266800,ALFRED UNIVERSITY                       ,NY,14802-1205,Private      ,133,173,306,3844,677,4521
00266900,BANK STREET COLLEGE OF EDUCATION        ,NY,10025-0000,Private      ,2,92,94,18,802,820
00267100,BARD COLLEGE                            ,NY,12504-5000,Private      ,44,28,72,2870,751,3621
00267400,NEW YORK THEOLOGICAL SEMINARY           ,NY,10115-0002,Private      ,0,111,111,3,268,271
00267700,BROOKLYN LAW SCHOOL                     ,NY,11201-0000,Private      ,20,143,163,104,2934,3038
00267800,BRYANT & STRATTON COLLEGE               ,NY,14203-1713,Proprietary  ,727,3375,4102,2637,13738,16375
00267803,BRYANT & STRATTON COLLEGE - GREECE      ,NY,14606-4227,Proprietary  ,79,302,381,341,1214,1555
00267805,BRYANT & STRATTON COLLEGE - SYRACUSE    ,NY,13203-2502,Proprietary  ,122,325,447,610,1539,2149
00267807,BRYANT & STRATTON COLLEGE - ALBANY      ,NY,12205-5230,Proprietary  ,58,234,292,264,1087,1351
00268100,CANISIUS COLLEGE                        ,NY,14208-1098,Private      ,243,378,621,4882,2018,6900
00268500,CAZENOVIA COLLEGE                       ,NY,13035-1085,Private      ,67,40,107,2029,223,2252
00268700,CUNY-BROOKLYN COLLEGE                   ,NY,11210-2814,Public       ,1603,2464,4067,19948,12376,32324
00268800,CITY COLLEGE-CUNY                       ,NY,10031-9198,Public       ,1526,2345,3871,22707,11850,34557
00268900,CUNY-HUNTER COLLEGE                     ,NY,10021-0000,Public       ,1767,2658,4425,30887,17312,48199
00269000,QUEENS COLLEGE-CUNY                     ,NY,11367-1597,Public       ,1461,2060,3521,19229,9377,28606
00269100,CUNY- BOROUGH OF MANHATTAN CMTY CLG     ,NY,10007-1047,Public       ,3870,3568,7438,28785,16819,45604
00269200,CUNY BRONX COMMUNITY COLLEGE            ,NY,10453-3102,Public       ,1974,2368,4342,12395,10391,22786
00269300,CUNY-JOHN JAY CLG CRIMINAL JUSTICE      ,NY,10019-1093,Public       ,1375,1562,2937,17775,8705,26480
00269400,KINGSBOROUGH COMMUNITY COLLEGE          ,NY,11235-2398,Public       ,3405,2771,6176,14860,8806,23666
00269600,NY CITY COLLEGE OF TECHNOLOGY-CUNY      ,NY,11201-2983,Public       ,1975,2238,4213,18267,9823,28090
00269700,QUEENSBOROUGH COMMUNITY COLLEGE         ,NY,11364-1497,Public       ,1668,1376,3044,15132,6898,22030
00269800,CUNY THE COLLEGE OF STATEN ISLAND       ,NY,10314-6600,Public       ,1356,1073,2429,12103,5010,17113
00269900,CLARKSON UNIVERSITY                     ,NY,13699-5615,Private      ,153,77,230,4868,485,5353
00270000,COLGATE ROCHESTER CROZER DIVINITY S     ,NY,14620-0000,Private      ,0,22,22,6,90,96
00270100,COLGATE UNIVERSITY                      ,NY,13346-1386,Private      ,64,10,74,4197,87,4284
00270300,COLLEGE OF MOUNT SAINT VINCENT          ,NY,10471-1093,Private      ,191,124,315,2890,601,3491
00270400,COLLEGE OF NEW ROCHELLE                 ,NY,10805-2339,Private      ,138,1294,1432,1236,4404,5640
00270500,COLLEGE OF SAINT ROSE                   ,NY,12203-1490,Private      ,326,370,696,5383,1970,7353
00270700,COLUMBIA UNIVERSITY                     ,NY,10027-0000,Private      ,637,1779,2416,22101,22937,45038
00270800,BARNARD COLLEGE-COLUMBIA UNIV           ,NY,10027-6598,Private      ,101,87,188,4385,486,4871
00270900,CONCORDIA COLLEGE                       ,NY,10708-1998,Private      ,68,113,181,955,563,1518
00271000,COOPER UNION                            ,NY,10003-7120,Private      ,70,51,121,1951,364,2315
00271100,CORNELL UNIVERSITY                      ,NY,14853-2801,Private      ,573,445,1018,28396,6722,35118
00271101,WEILL CORNELL MEDICAL COLLEGE AND GRADUA,NY,10021-0000,Private      ,9,174,183,41,833,874
00271200,D'YOUVILLE COLLEGE                      ,NY,14201-1084,Private      ,144,430,574,1999,2266,4265
00271300,DOMINICAN COLLEGE                       ,NY,10962-1299,Private      ,122,252,374,1954,970,2924
00271800,ELMIRA COLLEGE                          ,NY,14901-2099,Private      ,114,109,223,2321,432,2753
00272200,FORDHAM UNIVERSITY                      ,NY,10458-5157,Private      ,693,1473,2166,24849,9721,34570
00272600,GENERAL THEOLOGICAL SEMINARY            ,NY,10011-0000,Private      ,0,7,7,1,102,103
00272800,HAMILTON COLLEGE                        ,NY,13323-1218,Private      ,56,10,66,3051,67,3118
00272900,HARTWICK COLLEGE                        ,NY,13820-4020,Private      ,113,23,136,4155,181,4336
00273100,HOBART & WILLIAM SMITH COLLEGES         ,NY,14456-3397,Private      ,50,10,60,3574,101,3675
00273200,HOFSTRA UNIVERSITY                      ,NY,11549-1010,Private      ,608,761,1369,16469,5984,22453
00273400,HOUGHTON COLLEGE                        ,NY,14744-0128,Private      ,46,56,102,1291,187,1478
00273500,HILBERT COLLEGE                         ,NY,14075-1597,Private      ,133,114,247,1183,366,1549
00273700,IONA COLLEGE                            ,NY,10801-1890,Private      ,118,172,290,8621,1288,9909
00273900,ITHACA COLLEGE                          ,NY,14850-7130,Private      ,212,70,282,13884,1005,14889
00274000,JEWISH THEOLOGICAL SEMINARY OF AMER     ,NY,10027-4649,Private      ,2,8,10,133,190,323
00274200,THE JUILLIARD SCHOOL                    ,NY,10023-6588,Private      ,84,54,138,1663,910,2573
00274400,KEUKA COLLEGE                           ,NY,14478-0000,Private      ,88,313,401,1415,1339,2754
00274800,LEMOYNE COLLEGE                         ,NY,13214-1399,Private      ,251,191,442,4508,991,5499
00274900,NEW YORK COLLEGE OF PODIATRIC MED       ,NY,10035-1940,Private      ,5,30,35,32,407,439
00275100,LONG ISLAND UNIVERSITY                  ,NY,11548-1326,Private      ,1171,2766,3937,13439,10641,24080
00275800,MANHATTAN COLLEGE                       ,NY,10471-4098,Private      ,195,137,332,6295,646,6941
00275900,MANHATTAN SCHOOL OF MUSIC               ,NY,10027-4689,Private      ,33,55,88,690,853,1543
00276000,MANHATTANVILLE COLLEGE                  ,NY,10577-2132,Private      ,127,178,305,3125,825,3950
00276300,MARIA COLLEGE                           ,NY,12208-1798,Private      ,75,234,309,282,963,1245
00276500,MARIST COLLEGE                          ,NY,12601-1387,Private      ,425,361,786,10894,1449,12343
00276900,MARYMOUNT MANHATTAN COLLEGE             ,NY,10021-4597,Private      ,193,59,252,3891,368,4259
00277200,MERCY COLLEGE                           ,NY,10522-1189,Private      ,905,2303,3208,6129,7618,13747
00277500,MOLLOY COLLEGE                          ,NY,11570-1100,Private      ,194,396,590,3599,2224,5823
00277700,MEDAILLE COLLEGE                        ,NY,14214-2695,Private      ,238,443,681,1800,1628,3428
00277800,MOUNT SAINT MARY COLLEGE                ,NY,12550-3494,Private      ,205,247,452,3910,1191,5101
00277900,NAZARETH COLLEGE OF ROCHESTER           ,NY,14618-3790,Private      ,149,194,343,3629,1576,5205
00278200,NEW YORK INSTITUTE OF TECHNOLOGY        ,NY,11568-8000,Private      ,644,697,1341,6199,2916,9115
00278202,NY INSTITUTE OF TECHNOLOGY-OSTEOPATHIC M,NY,11568-0000,Private      ,4,41,45,72,1204,1276
00278300,NEW YORK LAW SCHOOL                     ,NY,10013-0000,Private      ,20,323,343,73,3265,3338
00278400,NEW YORK MEDICAL COLLEGE                ,NY,10595-0000,Private      ,6,155,161,38,2104,2142
00278500,NEW YORK UNIVERSITY                     ,NY,10012-1091,Private      ,1152,3251,4403,40375,30669,71044
00278800,NIAGARA UNIVERSITY                      ,NY,14109-2010,Private      ,221,173,394,3962,922,4884
00279000,NYACK COLLEGE                           ,NY,10960-3698,Private      ,244,666,910,1549,1845,3394
00279100,PACE UNIVERSITY - NEW YORK              ,NY,10038-1598,Private      ,447,758,1205,10972,4193,15165
00279101,PACE UNIVERSITY-PLEASANTVILLE           ,NY,10570-0000,Private      ,215,246,461,4251,1303,5554
00279102,PACE UNIVERSITY - WHITE PLAINS          ,NY,10603-0000,Private      ,35,249,284,687,2011,2698
00279500,PAUL SMITHS CLG OF ARTS & SCIENCES      ,NY,12970-0000,Private      ,115,46,161,1476,235,1711
00279600,POLYTECHNIC INTSTITUTE OF NEW YORK UNIV ,NY,11201-3840,Private      ,152,244,396,3626,1180,4806
00279800,PRATT INSTITUTE                         ,NY,11205-3899,Private      ,309,273,582,5301,2562,7863
00280300,RENSSELAER POLYTECHNIC INSTITUTE        ,NY,12180-3590,Private      ,236,71,307,11506,808,12314
00280500,ROBERTS WESLEYAN COLLEGE                ,NY,14624-1997,Private      ,149,316,465,1617,1304,2921
00280600,ROCHESTER INSTITUTE OF TECHNOLOGY       ,NY,14623-5608,Private      ,1002,610,1612,16868,3270,20138
00280700,ROCKEFELLER UNIVERSITY                  ,NY,10021-0000,Private      ,7,14,21,38,72,110
00280800,DAEMEN COLLEGE                          ,NY,14226-3592,Private      ,252,292,544,2807,1149,3956
00281000,THE SAGE COLLEGES                       ,NY,12180-4199,Private      ,179,347,526,2059,1964,4023
00281200,TROCAIRE COLLEGE                        ,NY,14220-2094,Private      ,126,411,537,773,1713,2486
00281300,SARAH LAWRENCE COLLEGE                  ,NY,10708-5999,Private      ,53,53,106,2072,711,2783
00281400,SKIDMORE COLLEGE                        ,NY,12866-1632,Private      ,60,14,74,3918,121,4039
00281500,ST BERNARDS SCH THEOLOGY & MINISTRY     ,NY,14618-3822,Private      ,0,6,6,2,44,46
00281600,SIENA COLLEGE                           ,NY,12211-1462,Private      ,317,47,364,6843,358,7201
00281700,ST BONAVENTURE UNIVERSITY               ,NY,14778-2284,Private      ,127,96,223,2804,527,3331
00282000,ST FRANCIS COLLEGE                      ,NY,11201-4398,Private      ,428,243,671,3077,807,3884
00282100,ST JOHN FISHER COLLEGE                  ,NY,14618-3597,Private      ,222,321,543,4997,1954,6951
00282200,CHRIST THE KING SEMINARY                ,NY,14052-0607,Private      ,0,3,3,1,12,13
00282300,ST JOHN'S UNIVERSITY                    ,NY,11439-1343,Private      ,804,813,1617,28110,7308,35418
00282500,ST JOSEPH'S COLLEGE                     ,NY,11205-3688,Private      ,170,237,407,1759,873,2632
00282501,ST JOSEPH'S COLLEGE-SUFFOLK CAMPUS      ,NY,11772-0000,Private      ,475,481,956,3271,1644,4915
00282900,ST LAWRENCE UNIVERSITY                  ,NY,13617-1455,Private      ,49,25,74,2836,149,2985
00283200,ST THOMAS AQUINAS COLLEGE               ,NY,10976-1050,Private      ,202,77,279,2000,289,2289
00283300,ST VLADIMIR ORTHODOX THEOL SEM          ,NY,10707-0000,Private      ,0,1,1,0,50,50
00283400,EXCELSIOR COLLEGE                       ,NY,12203-5159,Private      ,113,2781,2894,283,8441,8724
00283500,SUNY AT ALBANY                          ,NY,12222-0001,Public       ,1361,898,2259,22111,5486,27597
00283600,BINGHAMTON UNIVERSITY (SUNY)            ,NY,13902-6000,Public       ,943,497,1440,25780,3178,28958
00283700,SUNY AT BUFFALO                         ,NY,14260-0001,Public       ,1365,1432,2797,24534,10160,34694
00283800,SUNY AT STONY BROOK                     ,NY,11794-0701,Public       ,1540,1322,2862,27630,8431,36061
00283900,SUNY-DOWNSTATE MEDICAL CENTER           ,NY,11203-2098,Public       ,40,281,321,248,2631,2879
00284000,SUNY UPSTATE MEDICAL UNIVERSITY         ,NY,13210-2375,Public       ,19,139,158,320,1596,1916
00284100,SUNY BROCKPORT - FIN AID OFF            ,NY,14420-2914,Public       ,779,659,1438,10353,3123,13476
00284200,BUFFALO STATE COLLEGE - SUNY            ,NY,14222-1095,Public       ,1459,1349,2808,14510,5422,19932
00284300,SUNY COLLEGE-CORTLAND                   ,NY,13045-0900,Public       ,625,252,877,12367,1495,13862
00284400,SUNY AT FREDONIA                        ,NY,14063-1145,Public       ,536,185,721,7776,999,8775
00284500,SUNY GENESEO                            ,NY,14454-1401,Public       ,328,78,406,9302,640,9942
00284600,SUNY COLLEGE-NEW PALTZ                  ,NY,12561-2499,Public       ,542,299,841,12055,2289,14344
00284700,SUNY COLLEGE-ONEONTA                    ,NY,13820-4015,Public       ,669,120,789,11929,841,12770
00284800,SUNY OSWEGO                             ,NY,13126-3599,Public       ,740,340,1080,11394,2055,13449
00284900,SUNY COLLEGE AT PLATTSBURGH             ,NY,12901-2681,Public       ,633,327,960,8492,1591,10083
00285000,SUNY COLLEGE-POTSDAM                    ,NY,13676-2294,Public       ,419,197,616,5963,1019,6982
00285100,SUNY COLLEGE OF ENVIRONMENT SCIENCE AND ,NY,13210-2778,Public       ,116,84,200,2393,610,3003
00285300,SUNY MARITIME COLLEGE                   ,NY,10465-4198,Public       ,123,62,185,1797,334,2131
00285400,SUNY COLLEGE OF TECHNOLOGY-ALFRED       ,NY,14802-9951,Public       ,374,212,586,4702,1048,5750
00285500,SUNY CANTON COLG OF TECHNOLOGY          ,NY,13617-1098,Public       ,321,332,653,4466,1753,6219
00285600,SUNY AG & TECH COLLEGE-COBLESKILL       ,NY,12043-9986,Public       ,367,132,499,3198,572,3770
00285700,SUNY DELHI                              ,NY,13753-1190,Public       ,358,257,615,4170,1114,5284
00285800,SUNY FARMINGDALE                        ,NY,11735-1021,Public       ,856,695,1551,7386,2816,10202
00285900,SUNY COLLEGE OF AG & TECH AT MORRISVILLE,NY,13408-0901,Public       ,420,209,629,4005,1021,5026
00286000,ADIRONDACK COMMUNITY COLLEGE            ,NY,12804-2004,Public       ,526,501,1027,2022,1736,3758
00286100,CAYUGA COMMUNITY COLLEGE                ,NY,13021-3099,Public       ,563,718,1281,1941,2228,4169
00286200,BROOME COMMUNITY COLLEGE                ,NY,13902-0000,Public       ,850,941,1791,3431,2751,6182
00286300,CORNING COMMUNITY COLLEGE               ,NY,14830-3297,Public       ,545,655,1200,1773,1946,3719
00286400,DUTCHESS COMMUNITY COLLEGE              ,NY,12601-1595,Public       ,1052,800,1852,3876,2409,6285
00286600,FASHION INSTITUTE OF TECHNOLOGY         ,NY,10001-5992,Public       ,619,675,1294,9380,3708,13088
00286700,SUNY FULTON MONTGOMERY COMM CLG         ,NY,12095-3790,Public       ,408,395,803,1844,1191,3035
00286800,HUDSON VALLEY COMMUNITY COLLEGE         ,NY,12180-6096,Public       ,1309,1329,2638,6891,4646,11537
00286900,JAMESTOWN COMMUNITY COLLEGE             ,NY,14702-0020,Public       ,510,538,1048,2591,1911,4502
00287000,JEFFERSON COMMUNITY COLLEGE             ,NY,13601-1897,Public       ,432,896,1328,1608,2484,4092
00287100,"SUNY, MOHAWK VALLEY COMMUNITY CLG       ",NY,13501-5394,Public       ,959,991,1950,4580,3681,8261
00287200,MONROE COMMUNITY COLLEGE                ,NY,14623-5780,Public       ,2357,2887,5244,10521,9933,20454
00287300,NASSAU COMMUNITY COLLEGE                ,NY,11530-6793,Public       ,3752,2540,6292,13057,7283,20340
00287400,NIAGARA COUNTY COMMUNITY COLLEGE        ,NY,14132-9460,Public       ,791,733,1524,4093,2799,6892
00287500,ONONDAGA COMMUNITY COLLEGE              ,NY,13215-4585,Public       ,1390,1299,2689,7301,4733,12034
00287600,ORANGE COUNTY COMMUNITY COLLEGE         ,NY,10940-6441,Public       ,785,677,1462,3205,2567,5772
00287700,ROCKLAND COMMUNITY COLLEGE              ,NY,10901-3611,Public       ,950,752,1702,2783,2100,4883
00287800,SUFFOLK COMMUNITY COLLEGE               ,NY,11784-2899,Public       ,1687,1129,2816,7400,3832,11232
00287801,SUFFOLK COMMUNITY CLG-W. CAMPUS         ,NY,11717-0000,Public       ,1179,1003,2182,5190,3545,8735
00287803,SUFFOLK COMMUNITY CLG-EASTRN CAMPUS     ,NY,11901-0000,Public       ,481,411,892,1905,1291,3196
00287900,SULLIVAN COUNTY COMMUNITY COLLEGE       ,NY,12759-5151,Public       ,268,221,489,1583,777,2360
00288000,ULSTER COUNTY COMMUNITY COLLEGE         ,NY,12484-0557,Public       ,327,373,700,1349,1093,2442
00288100,SUNY WESTCHESTER COMMUNITY COLLEGE      ,NY,10595-1698,Public       ,1955,1761,3716,6495,5120,11615
00288200,SYRACUSE UNIVERSITY                     ,NY,13244-2130,Private      ,578,622,1200,24776,7021,31797
00288300,UTICA COLLEGE- UTICA                    ,NY,13502-4892,Private      ,179,362,541,3771,1975,5746
00288500,ALBANY COLLEGE OF PHARMACY AND HEALTH SC,NY,12208-3492,Private      ,31,44,75,1929,1017,2946
00288600,ALBANY LAW SCHOOL                       ,NY,12208-0000,Private      ,11,68,79,76,1321,1397
00288700,ALBANY MEDICAL COLLEGE                  ,NY,12208-0000,Private      ,20,88,108,127,1209,1336
00288900,UNION COLLEGE                           ,NY,12308-2311,Private      ,62,22,84,3869,167,4036
00289000,UNION THEOLOGICAL SEMINARY              ,NY,10027-0000,Private      ,0,25,25,2,351,353
00289200,UNITED STATES MERCHANT MARINE ACADEMY   ,NY,11024-1699,Public       ,19,5,24,453,25,478
00289400,UNIVERSITY OF ROCHESTER                 ,NY,14627-9000,Private      ,156,302,458,9376,2012,11388
00289401,EASTMAN SCH OF MUSIC/UNIV ROCHESTER     ,NY,14604-0000,Private      ,17,36,53,904,438,1342
00289402,UNIV OF ROCHESTER SCHL OF MEDICINE      ,NY,14642-0000,Private      ,11,54,65,84,809,893
00289500,VASSAR COLLEGE                          ,NY,12604-0008,Private      ,103,26,129,5251,184,5435
00289600,VILLA MARIA COLLEGE-BUFFALO             ,NY,14225-3999,Private      ,67,94,161,432,335,767
00289900,WAGNER COLLEGE                          ,NY,10301-4495,Private      ,182,146,328,2970,636,3606
00290000,WEBB INSTITUTE                          ,NY,11542-1398,Private      ,3,4,7,70,12,82
00290100,WELLS COLLEGE                           ,NY,13026-0500,Private      ,27,10,37,1365,104,1469
00290300,YESHIVA UNIVERSITY                      ,NY,10033-3201,Private      ,191,221,412,2402,3182,5584
00290302,YESHIVA UNIVERSITY - BRONX CAMPUS       ,NY,10461-1975,Private      ,27,83,110,94,1383,1477
00397400,MESIVTHA TIFERETH JERUSALEM OF AMER     ,NY,10002-6382,Private      ,2,0,2,10,1,11
00397600,RABBINICAL ACAD MESIVTA RABBI CHAIM     ,NY,11230-4715,Private      ,0,1,1,1,2,3
00397700,RABBINICAL COLLEGE CH'SAN SOFER         ,NY,11204-1252,Private      ,0,0,0,1,1,2
00397800,RABBINICAL SEMINARY OF AMERICA          ,NY,11375-0000,Private      ,14,18,32,40,20,60
00397900,COLUMBIA UNIV TEACHERS COLLEGE          ,NY,10027-0000,Private      ,12,492,504,132,5519,5651
00405400,HEBREW UNION COL-JEWISH INST OF REL     ,NY,10012-0000,Private      ,0,10,10,0,236,236
00475900,"CUNY, YORK COLLEGE                      ",NY,11451-0001,Public       ,867,1267,2134,12148,6424,18572
00476500,CUNY GRADUATE SCH & UNIV CTR            ,NY,10016-4309,Public       ,16,652,668,155,3236,3391
00477600,CENTRAL YESHIVA TOMCHEI TMIMIM LUBA     ,NY,11230-2798,Private      ,4,1,5,20,7,27
00478800,HERKIMER COUNTY COMMUNITY COLLEGE       ,NY,13350-1598,Public       ,410,351,761,2649,1400,4049
00479800,MIRRER YESHIVA CENTRAL INST             ,NY,11223-2010,Private      ,30,12,42,34,19,53
00479900,MONROE COLLEGE                          ,NY,10468-4305,Proprietary  ,876,1718,2594,4559,6097,10656
00481100,EVEREST INSTITUTE                       ,NY,14621-3007,Proprietary  ,43,202,245,185,1056,1241
00506400,SAINT JAMES MERCY HOSPITAL SCHOOL OF RAD,NY,14843-2197,Private      ,3,2,5,19,23,42
00506600,FAXTON ST. LUKE'S SCHOOL OF RADIOGRAPHY ,NY,13502-4856,Private      ,2,12,14,26,57,83
00520800,THE COLLEGE OF WESTCHESTER              ,NY,10602-0000,Proprietary  ,182,288,470,937,843,1780
00587700,ROBERT J HOCHSTIM SCHOOL OF RADIOG      ,NY,11572-1151,Private      ,1,7,8,2,18,20
00643501,ARNOT OGDEN MEDICAL CENTER              ,NY,14905-1676,Private      ,16,20,36,57,71,128
00643800,PHILLIPS BETH ISRAEL SCH OF NURSING     ,NY,10001-6354,Private      ,25,101,126,100,428,528
00644300,COCHRAN SCH NSG-ST JOHN RVSDE HOSP      ,NY,10701-1399,Private      ,5,45,50,40,202,242
00644500,CROUSE HOSP SCH OF NURSING              ,NY,13210-1690,Private      ,41,132,173,227,430,657
00644800,ELLIS HOSPITAL SCHOOL OF NURSING        ,NY,12308-0000,Private      ,13,47,60,72,217,289
00646101,ST ELIZABETH COLLEGE OF NURSING         ,NY,13501-2998,Private      ,17,39,56,143,224,367
00646102,ST ELIZABETH SCH OF RADIOGRAPHY         ,NY,13501-0000,Private      ,4,16,20,29,52,81
00646700,SAINT JOSEPH'S COLLEGE OF NURSING       ,NY,13203-1806,Private      ,20,72,92,243,401,644
00678200,GENESEE COMMUNITY COLLEGE               ,NY,14020-9704,Public       ,639,835,1474,3156,2608,5764
00678500,SCHENECTADY COUNTY COMMUNITY CLG        ,NY,12305-2294,Public       ,767,882,1649,2280,2529,4809
00678700,CLINTON COMMUNITY COLLEGE               ,NY,12901-5690,Public       ,280,197,477,1345,757,2102
00678800,TOMPKINS CORTLAND COMMUNITY COLLEGE     ,NY,13053-8504,Public       ,571,476,1047,3045,1601,4646
00678900,COLUMBIA-GREENE COMMUNITY COLLEGE       ,NY,12534-9543,Public       ,352,324,676,1013,865,1878
00679100,SUNY AT PURCHASE                        ,NY,10577-1400,Public       ,471,227,698,8176,1181,9357
00702200,CUNY-LEHMAN COLLEGE                     ,NY,10468-1589,Public       ,1061,2287,3348,14818,12170,26988
00702600,MOUNT SINAI SCHOOL OF MEDICINE          ,NY,10029-0000,Private      ,14,65,79,57,1087,1144
00710900,SUNY COLLEGE-OLD WESTBURY               ,NY,11568-0210,Public       ,365,373,738,6417,2425,8842
00711100,NORTH COUNTRY COMMUNITY COLLEGE         ,NY,12983-2046,Public       ,181,216,397,773,681,1454
00726400,MESIFTA TORAH VODAATH RABBINCAL SEM     ,NY,11218-5209,Private      ,5,5,10,8,25,33
00727300,CUNY-BERNARD BARUCH COLLEGE             ,NY,10010-5518,Public       ,1374,1934,3308,20088,10268,30356
00730400,CULINARY INSTITUTE OF AMERICA           ,NY,12538-1499,Private      ,390,297,687,3547,1526,5073
00732916,ITT TECHNICAL INSTITUTE                 ,NY,12205-1003,Proprietary  ,42,193,235,150,464,614
00737200,AUSTIN'S SCHOOL OF SPA TECHNOLOGY       ,NY,12206-1513,Proprietary  ,47,106,153,140,364,504
00737500,ISLAND DRAFTING & TECHNICAL INST        ,NY,11701-2704,Proprietary  ,14,23,37,60,71,131
00738700,LONG ISLAND BEAUTY SCHOOL               ,NY,11788-4346,Proprietary  ,82,120,202,137,262,399
00738800,LONG ISLAND BEAUTY SCHOOL               ,NY,11550-3704,Proprietary  ,26,58,84,55,130,185
00739100,BEAUTY SCHOOL OF MIDDLETOWN             ,NY,10940-6574,Proprietary  ,17,29,46,38,71,109
00739400,BERKELEY COLLEGE                        ,NY,10017-0000,Proprietary  ,530,905,1435,3488,4243,7731
00739402,BERKELEY COLLEGE  -  WESTCHESTER CAMPUS ,NY,10601-9963,Proprietary  ,0,0,0,91,50,141
00740100,MANDL SCHOOL                            ,NY,10019-5516,Proprietary  ,94,295,389,269,974,1243
00740500,WOOD TOBE-COBURN SCHOOL                 ,NY,10016-0102,Proprietary  ,73,24,97,644,156,800
00746500,AMERICAN ACADEMY OF DRAMATIC ARTS       ,NY,10016-7089,Private      ,106,91,197,892,396,1288
00746600,LIM COLLEGE                             ,NY,10022-5268,Proprietary  ,199,102,301,2320,488,2808
00746800,SCHOOL OF VISUAL ARTS                   ,NY,10010-3994,Proprietary  ,261,202,463,4334,1816,6150
00750602,LINCOLN TECHNICAL INSTITUTE             ,NY,11357-6092,Proprietary  ,237,132,369,657,358,1015
00751800,APEX TECHNICAL SCHOOL                   ,NY,10011-2008,Proprietary  ,146,473,619,436,1396,1832
00752200,CONTINENTAL SCH OF BEAUTY CULTURE       ,NY,14623-3231,Proprietary  ,113,288,401,193,442,635
00752205,CONTINENTAL SCHOOL OF BEAUTY CULTURE - M,NY,13211-1003,Proprietary  ,2,11,13,16,29,45
00753200,FINGER LAKES COMMUNITY COLLEGE          ,NY,14424-8395,Public       ,627,738,1365,3576,2639,6215
00757200,AMERICAN MUSICAL AND DRAMATIC ACAD      ,NY,10023-2106,Private      ,228,103,331,2618,567,3185
00757300,EMPIRE BEAUTY SCHOOL                    ,NY,11103-4028,Proprietary  ,60,85,145,152,279,431
00780400,STAR CAREER ACADEMY                     ,NY,10011-7307,Proprietary  ,70,269,339,185,720,905
00818900,CONTINENTAL SCHOOL OF BEAUTY CULTURE - B,NY,14224-3402,Proprietary  ,23,51,74,35,72,107
00818903,CONTINENTAL SCHOOL OF BEAUTY CULTURE - B,NY,14223-2911,Proprietary  ,31,86,117,63,162,225
00843700,CHAMPLAIN VALLEY - TEC/PRN              ,NY,12901-0000,Public       ,9,30,39,30,74,104
00849500,JAMESTOWN BUSINESS COLLEGE              ,NY,14702-0429,Proprietary  ,25,60,85,181,260,441
00861100,"CUNY, HOSTOS CMTY COLLEGE               ",NY,10451-1499,Public       ,1264,1691,2955,8368,7294,15662
00861400,RABBINICAL CLG BOBOVER YESHIVA BNEI     ,NY,11219-3293,Private      ,35,1,36,35,4,39
00861700,RABBINICAL SEM MKOR CHAIM-YESHIVA       ,NY,11219-4300,Private      ,0,1,1,0,2,2
00878800,STATE UNIVERSITY OF NEW YORK STUDENT LOA,NY,12246-0000,Public       ,43,66,109,571,388,959
00900300,OLEAN BUSINESS INSTITUTE INC            ,NY,14760-2691,Proprietary  ,6,25,31,20,74,94
00902900,NEIGHBORHOOD PLAYHOUSE                  ,NY,10022-5017,Private      ,5,13,18,26,48,74
00904300,ELMIRA BUSINESS INSTITUTE               ,NY,14901-2731,Proprietary  ,23,145,168,98,676,774
00907700,UTICA SCHOOL OF COMMERCE                ,NY,13501-2280,Proprietary  ,42,104,146,116,397,513
00924800,SAMARITAN HOSPITAL SCH NURSING          ,NY,12180-2475,Private      ,8,37,45,85,261,346
00928300,MIDWAY-PARIS BEAUTY SCHOOL              ,NY,11385-3453,Proprietary  ,17,57,74,20,73,93
00928400,LEARNING INST FOR BEAUTY SCIENCES       ,NY,11756-1345,Proprietary  ,35,113,148,67,195,262
00933500,MESIVTA EASTERN PKWY RABBINICAL CLG     ,NY,11218-5559,Private      ,4,2,6,7,5,12
00947900,SAINT VINCENTS CMC SI NURSING SCHOOL    ,NY,10304-3850,Proprietary  ,112,223,335,318,653,971
00976900,METROPOLITAN COLLEGE OF NEW YORK        ,NY,10013-1919,Private      ,97,492,589,308,1831,2139
00992900,SUNY COLLEGE OF OPTOMETRY               ,NY,10036-8003,Public       ,6,5,11,27,370,397
01005100,LA GUARDIA CMTY COLLEGE - CUNY          ,NY,11101-3083,Public       ,2820,2778,5598,16819,10899,27718
01005200,JEFFERSON-LEWIS BOCES PRAC NRSGPRG      ,NY,13601-9509,Public       ,9,57,66,26,171,197
01009700,CUNY-MEDGAR W EVERS COLLEGE             ,NY,11225-2010,Public       ,1146,1742,2888,7387,6441,13828
01014200,TOURO COLLEGE                           ,NY,10010-4202,Private      ,1076,2589,3665,3449,9872,13321
01014700,WESTERN SUFFOLK BOCES                   ,NY,11768-3499,Public       ,39,123,162,167,387,554
01015300,HELENE FULD COL OF NRSNG/N GEN HOSP     ,NY,10035-0000,Private      ,10,194,204,26,563,589
01028600,EMPIRE STATE COLLEGE                    ,NY,12866-4391,Public       ,242,2506,2748,999,12241,13240
01037800,RABBINICAL COLLEGE OF LONG ISLAND       ,NY,11561-3244,Private      ,25,0,25,30,0,30
01055100,NEW YORK SCH MED & DENTAL ASSISTANT     ,NY,11101-2327,Proprietary  ,48,94,142,136,258,394
01064100,SOUTHERN WESTCHESTER BOCES              ,NY,10543-0000,Public       ,11,108,119,24,207,231
01068400,ERIE COMMUNITY COLLEGE-ALL CAMPUSES     ,NY,14203-2698,Public       ,2348,2522,4870,8212,7787,15999
01081300,AMERICAN ACAD MCALLISTER INST           ,NY,10019-3604,Private      ,27,121,148,116,505,621
01083700,SIMMONS INST OF FUNERAL SERVICE         ,NY,13207-2098,Proprietary  ,3,8,11,21,60,81
01093000,SUBURBAN TECHNICAL SCHOOL               ,NY,11550-3771,Proprietary  ,0,3,3,1,9,10
01094300,RABBINICAL COLLEGE BETH SHRAGA          ,NY,10952-3033,Private      ,5,0,5,6,0,6
01095200,PNW BOCES LPN PROGRAM                   ,NY,10598-0000,Public       ,9,25,34,15,54,69
01103100,TECHNICAL CAREER INSTITUTE              ,NY,10001-2789,Proprietary  ,537,1016,1553,1469,3650,5119
01118900,UNITED TALMUDICAL SEMINARY              ,NY,11211-7984,Private      ,11,40,51,207,41,248
01119200,BETH HAMEDRASH SHAAREI YOSHER INST      ,NY,11204-1052,Private      ,0,3,3,3,7,10
01161400,CHAMPLAIN VALLEY HOSP SCH RAD TECH      ,NY,12901-1490,Private      ,3,7,10,27,31,58
01161700,NEW YORK METHODIST HOSPITAL             ,NY,11229-9023,Private      ,43,191,234,147,479,626
01164700,SBI CAMPUS - AN AFFILIATE OF SANFORD-BRO,NY,11747-3785,Proprietary  ,70,145,215,174,452,626
01167000,YESHIVA OF NITRA RABBINICAL COLLEGE     ,NY,11211-7108,Private      ,0,0,0,1,1,2
01167700,MEMORIAL SLOAN KETTERING CANCER CTR     ,NY,10021-6094,Private      ,2,10,12,9,39,48
01167800,SUNY INST OF TECHNOLOGY UTICA ROME      ,NY,13504-3050,Public       ,137,282,419,2019,1216,3235
01182100,YESHIVATH ZICHRON MOSHE                 ,NY,12779-0580,Private      ,55,0,55,57,0,57
01183000,BERK TRADE AND BUSINESS SCHOOL          ,NY,11101-0000,Proprietary  ,29,68,97,58,155,213
01185900,WORD OF LIFE BIBLE INSTITUTE            ,NY,12860-0129,Private      ,99,18,117,529,76,605
01186000,MERCY MED CNTR SCHL OF RADIOGRAPHY      ,NY,11570-1098,Private      ,0,7,7,15,30,45
01192100,WESTCHESTER SCH OF BEAUTY CULTURE       ,NY,10550-2295,Proprietary  ,20,53,73,33,108,141
01192200,BETH HATALMUD RABBINICAL CLG            ,NY,11214-2594,Private      ,0,0,0,2,8,10
01198400,OHR HAMEIR THEOLOGICAL SEMINARY         ,NY,10566-0990,Private      ,0,1,1,1,1,2
01201100,TALMUDICAL SEM OHOLEI TORAH             ,NY,11213-3310,Private      ,17,0,17,21,0,21
01207200,PHILLIPS HAIRSTYLING INSTITUTE          ,NY,13210-1509,Proprietary  ,1,13,14,13,53,66
01210700,INSTITUTE OF DESIGN & CONSTRUCTION      ,NY,11201-5380,Private      ,16,64,80,53,153,206
01220300,MEMORIAL HOSPITAL SCH OF NURSING        ,NY,12204-1083,Private      ,6,35,41,71,212,283
01227700,NEW YORK CHIROPRACTIC COLLEGE           ,NY,13148-0800,Private      ,3,125,128,8,825,833
01229300,VEEB NASSAU CNTY SCHL OF PRACT NURS     ,NY,11553-3037,Public       ,18,82,100,80,298,378
01235800,PLAZA COLLEGE                           ,NY,11372-6300,Proprietary  ,128,317,445,331,852,1183
01236400,SAINT VINCENTS CATHOLIC MEDICAL CENTERS ,NY,11354-0000,Proprietary  ,25,133,158,101,618,719
01240700,SCHUYLER-CHEMUNG-TIOGA BOCES            ,NY,14903-1089,Public       ,6,39,45,28,160,188
01240701,STEUBEN SCHUYLER CHEMUNG TIOGA ALLEGANY ,NY,14870-9518,Public       ,0,3,3,2,10,12
01256100,FIVE TOWNS COLLEGE                      ,NY,11746-5871,Proprietary  ,192,78,270,1158,290,1448
01258900,ERIE 1 BOCES                            ,NY,14224-0000,Public       ,46,106,152,109,323,432
01265200,ONONDAGA CORTLAND MADISON BOCES         ,NY,13090-4500,Public       ,63,288,351,196,708,904
01278300,OSWEGO COUNTY BOCES ADULT CAREERS       ,NY,13114-4498,Public       ,6,23,29,26,68,94
01292700,CENTRAL TECH NURSING PROGRAM            ,NY,13202-3092,Public       ,13,45,58,39,140,179
01302600,MACHZIKEI HADATH RABBINICAL COLLEGE     ,NY,11204-1805,Private      ,0,2,2,1,4,5
01302900,BORICUA COLLEGE                         ,NY,10032-1599,Private      ,228,499,727,543,1185,1728
02056400,CAPRI COSMETOLOGY LEARNING CENTER       ,NY,10954-0000,Proprietary  ,35,81,116,97,178,275
02066200,THE NEW SCHOOL                          ,NY,10011-0000,Private      ,526,960,1486,5781,5852,11633
02069000,NEW YORK SCHOOL OF INTERIOR DESIGN      ,NY,10021-0000,Private      ,38,78,116,256,420,676
02075700,BRIARCLIFFE COLLEGE                     ,NY,11714-0000,Proprietary  ,75,231,306,695,1218,1913
02075702,BRIARCLIFFE COLLEGE - PATCHOGUE         ,NY,11772-3019,Proprietary  ,75,134,209,583,742,1325
02092400,RIDLEY-LOWELL SCHOOL OF BUSINESS        ,NY,13905-0000,Proprietary  ,14,122,136,40,195,235
02093700,LONG ISLAND BUSINESS INSTITUTE          ,NY,11725-0000,Proprietary  ,84,234,318,165,466,631
02093701,LONG ISLAND BUSINESS INSTITUTE - FLUSHIN,NY,11354-4429,Proprietary  ,19,85,104,132,424,556
02098400,HERKIMER COUNTY BOCES                   ,NY,13350-0000,Public       ,16,54,70,33,142,175
02104300,OTSEGO AREA SCHOOL OF PRAC NURSING      ,NY,12167-0000,Public       ,12,25,37,16,32,48
02105900,HAIR DESIGN INSTITUTE AT FIFTH AVE      ,NY,11220-0000,Proprietary  ,45,123,168,101,235,336
02106800,BRAMSON ORT COLLEGE                     ,NY,11375-0000,Private      ,89,125,214,294,595,889
02110900,CATTARAUGUS/ALLEGANY BOCES              ,NY,14760-0000,Public       ,15,56,71,33,142,175
02112301,RIDLEY - LOWELL BUSINESS & TECHNICAL INS,NY,12601-3328,Proprietary  ,49,175,224,133,523,656
02116011,SANFORD-BROWN INSTITUTE - NEW YORK      ,NY,10003-2103,Proprietary  ,151,420,571,509,1417,1926
02118700,LONG ISLAND COLLEGE HOSPITAL - SCHOOL OF,NY,11201-6001,Private      ,19,66,85,170,320,490
02118702,LONG ISLAND COLLEGE HOSPITAL - SCHOOL OF,NY,11201-6001,Private      ,26,84,110,175,330,505
02124000,ORANGE ULSTER BOCES SCH OF PRAC NRS     ,NY,10924-9401,Public       ,14,54,68,41,165,206
02125500,CIRCLE IN THE SQUARE THEATRE SCHOOL     ,NY,10019-0000,Private      ,9,17,26,83,84,167
02126300,MADISON-ONEIDA BOCES PRAC NRS           ,NY,13478-0000,Public       ,2,30,32,11,69,80
02138500,BOCES RENSSELAER SCHOOL OF PN           ,NY,12033-3221,Public       ,13,49,62,31,82,113
02145800,CAYUGA ONONDAGA BOCES                   ,NY,13021-9430,Public       ,4,28,32,32,102,134
02146000,WAYNE-FINGER LAKES BOCES                ,NY,14513-0000,Public       ,11,50,61,37,292,329
02152000,YESHIVA SHAAR HATORAH ITRI TORAH        ,NY,11418-0000,Private      ,0,0,0,5,1,6
02153600,BROOME-TIOGA BOCES PN PROG              ,NY,13905-0000,Public       ,10,27,37,45,157,202
02157900,ROCHESTER GENERAL HOSPITAL              ,NY,14621-3001,Private      ,9,22,31,43,140,183
02158200,WSHNGTN-SARTGA-WARN-HMLTN-ESX BOCES     ,NY,12839-1051,Public       ,10,28,38,24,100,124
02160100,GENEVA GENERAL HOSPITAL                 ,NY,14456-0000,Private      ,7,23,30,46,165,211
02163400,NEW YORK CAREER INSTITUTE               ,NY,10007-2801,Proprietary  ,61,228,289,232,746,978
02169100,DAVIS COLLEGE                           ,NY,13790-0000,Private      ,20,27,47,178,108,286
02170000,SWEDISH INSTITUTE                       ,NY,10001-0000,Proprietary  ,36,162,198,142,720,862
02170200,ALBANY SCHOHARIE SCHENECTADY            ,NY,12205-0000,Public       ,24,64,88,59,133,192
02171900,AILEY SCHOOL (THE)                      ,NY,10019-4402,Private      ,18,17,35,157,105,262
02172100,HAMILTON-FULTON-MONTGOMERY BOCES        ,NY,12095-0665,Public       ,10,28,38,49,103,152
02172800,DUTCHESS COUNTY BOCES SCH PRAC NURS     ,NY,12601-0000,Public       ,23,66,89,74,199,273
02173200,EMPIRE BEAUTY SCHOOL                    ,NY,10001-0000,Proprietary  ,177,254,431,466,687,1153
02173900,ULSTER COUNTY BOCES PRACTICAL NRSG      ,NY,12466-0000,Public       ,9,54,63,46,183,229
02176000,CHERYL FELL'S SCHOOL OF BUSINESS        ,NY,14304-0000,Proprietary  ,2,13,15,13,55,68
02179400,EASTERN SUFFOLK BOCES                   ,NY,11713-0000,Public       ,54,91,145,198,355,553
02182200,NEW SCHOOL OF RADIO & TELEVISION        ,NY,12206-1106,Proprietary  ,22,49,71,73,93,166
02187300,DARKEI NOAM RABBINICAL COLLEGE          ,NY,11210-0000,Private      ,0,2,2,2,5,7
02191600,TORAH TEMIMAH TALMUDICAL SEMINARY       ,NY,11218-0000,Private      ,3,0,3,4,2,6
02192500,BELLEVUE HOSP CTR SCH RAD TECH          ,NY,10016-0000,Public       ,5,35,40,17,122,139
02199300,ORLEANS-NIAGARA BOCES                   ,NY,14132-0000,Public       ,3,14,17,22,73,95
02206000,HUNTER BUSINESS SCHOOL                  ,NY,11756-0000,Proprietary  ,79,225,304,184,504,688
02217800,D.HOPFER SCH NURSING AT MT.VRN HOSP     ,NY,10550-0000,Private      ,6,47,53,45,267,312
02219500,MILDRED ELLEY                           ,NY,12206-1513,Proprietary  ,151,659,810,366,2034,2400
02235600,ERIE 2-CHAUTAUQUA-CATTARAUGUS BOCES     ,NY,14006-0000,Public       ,8,23,31,22,102,124
02265100,YESHIVA DERECH CHAIM                    ,NY,11218-0000,Private      ,10,6,16,17,7,24
02265200,GLOBAL BUSINESS INSTITUTE               ,NY,11691-0000,Private      ,49,345,394,77,479,556
02272900,ROCKLAND COUNTY BOCES PRAC NRSG SCH     ,NY,10994-0000,Public       ,18,44,62,46,124,170
02275900,"MODERN WELDING SCHOOL, INC.             ",NY,12304-0000,Proprietary  ,20,54,74,40,99,139
02287800,NATIONAL TRACTOR TRAILER SCHOOL         ,NY,13088-2505,Proprietary  ,22,158,180,34,317,351
02294900,INSTITUTE OF AUDIO RESEARCH             ,NY,10003-0000,Proprietary  ,101,129,230,303,410,713
02306500,PROFESSIONAL BUSINESS INSTITUTE         ,NY,10002-0000,Private      ,278,551,829,422,840,1262
02314200,NORTHERN WESTCHESTER SCH COSMETOL       ,NY,10566-0000,Proprietary  ,16,13,29,35,43,78
02320100,OHR SOMAYACH TANENBAUM EDUCATIONAL CENTE,NY,10952-0000,Private      ,0,0,0,2,0,2
02325600,NEW YORK INSTITUTE OF ENGLISH & BUS     ,NY,10001-0000,Private      ,0,0,0,15,25,40
02350600,YESHIVA AND KOLLEL HARBOTZAS TORAH      ,NY,11230-0000,Private      ,1,5,6,1,5,6
02491400,SPANISH AMERICAN INSTITUTE              ,NY,10036-0000,Private      ,2,10,12,6,18,24
02505800,YESHIVA KARLIN STOLIN RAB INSTITUTE     ,NY,11204-0000,Private      ,0,0,0,1,0,1
02505900,SH-OR YOSHUV RABBINICAL COLLEGE         ,NY,11691-0000,Private      ,3,8,11,9,9,18
02506000,ASSOCIATED BETH RIVKAH SCHOOLS          ,NY,11225-0000,Private      ,58,6,64,96,12,108
02506100,CITY UNIV OF NEW YORK-CENTRAL           ,NY,10021-0000,Public       ,157,259,416,2224,1454,3678
02506800,YESHIVAT MIKDASH MELECH                 ,NY,11230-0000,Private      ,7,0,7,30,0,30
02511500,JOFFREY BALLET SCHOOL                   ,NY,10011-0000,Proprietary  ,8,2,10,83,16,99
02513500,MAR JON SCHOOL OF BEAUTY CULTURE        ,NY,14150-0000,Proprietary  ,17,29,46,35,63,98
02525600,ART INSTITUTE OF NEW YORK CITY (THE)    ,NY,10013-2429,Proprietary  ,446,363,809,2746,1701,4447
02540800,"GLOBE INSTITUTE OF TECHNOLOGY, INC.     ",NY,10007-0000,Proprietary  ,138,146,284,419,405,824
02546000,TRI-STATE COLLEGE OF ACUPUNCTURE        ,NY,10011-0000,Proprietary  ,1,27,28,2,123,125
02546300,YESHIVA OF THE TELSHE ALUMNI            ,NY,10471-0000,Private      ,1,0,1,3,0,3
02550600,TALMUDICAL INST OF UPSTATE NY           ,NY,14607-0000,Private      ,0,2,2,1,7,8
02556700,SEMINAR L'MOROS BAIS YAAKOV             ,NY,11219-0000,Private      ,98,1,99,227,3,230
02572900,BUSINESS INFORMATICS CENTER             ,NY,11580-0000,Proprietary  ,6,25,31,20,51,71
02575400,FRENCH CULINARY INSTITUTE               ,NY,10013-2618,Proprietary  ,98,293,391,518,937,1455
02587600,ORLO SCH HAIR DESIGN & COSMETOLOGY      ,NY,12206-1723,Proprietary  ,20,37,57,44,92,136
02599400,NEW YORK COLLEGE OF HEALTH PROFESSIONS  ,NY,11791-4413,Private      ,45,235,280,184,918,1102
02600100,NEW YORK ACADEMY OF ART (THE)           ,NY,10013-2911,Private      ,34,73,107,266,347,613
02614900,SANFORD-BROWN INSTITUTE                 ,NY,10604-2910,Proprietary  ,69,143,212,165,410,575
02615001,SANFORD-BROWN COLLEGE - SANFORD-BROWN IN,NY,11530-4734,Proprietary  ,72,139,211,178,353,531
02616600,SHEAR EGO INTERNATIONAL SCHOOL OF HAIR D,NY,14617-3501,Proprietary  ,26,67,93,77,183,260
02617000,CONTINENTAL SCH OF BEAUTY CULTURE       ,NY,14020-0000,Proprietary  ,35,52,87,47,78,125
02617002,CONTINENTAL SCHOOL OF BEAUTY CULTURE  - ,NY,14020-1908,Proprietary  ,1,1,2,4,5,9
02622900,BAIS MEDRASH ELYON                      ,NY,10952-3013,Private      ,0,0,0,1,1,2
03000100,YESHIVA GEDOLAH IMREI YOSEF DSPINKA     ,NY,11219-4696,Private      ,0,0,0,2,0,2
03007200,DANCE THEATRE OF HARLEM                 ,NY,10031-0000,Private      ,9,11,20,41,49,90
03027701,PACIFIC COLLEGE OF ORIENTAL MEDICINE - N,NY,10010-7108,Proprietary  ,16,117,133,50,531,581
03081600,DELAWARE CHENANGO MADISON OT. BOCES     ,NY,13815-9554,Public       ,9,43,52,20,88,108
03089700,COMPUTER CAREER CENTER                  ,NY,11530-3334,Proprietary  ,60,184,244,143,460,603
03095500,ASA INST BUSINESS & COMPUTER TECH       ,NY,11201-5208,Proprietary  ,660,1029,1689,1760,3251,5011
03096200,CHARLES STUART SCHOOL                   ,NY,11229-2004,Proprietary  ,3,9,12,11,47,58
03103700,ADIRONDACK BEAUTY SCHOOL                ,NY,12801-3158,Proprietary  ,4,17,21,18,47,65
03104900,SULLIVAN COUNTY BOCES                   ,NY,12754-2116,Public       ,4,29,33,13,67,80
03115300,GENESEE VALLEY BOCES                    ,NY,14020-1099,Public       ,21,80,101,40,168,208
03120700,NEW YORK CONSERVATORY FOR DRAMATIC ARTS ,NY,10011-4225,Proprietary  ,38,40,78,547,209,756
03127100,YESHIVAS NOVOMINSK                      ,NY,11219-0000,Private      ,2,0,2,3,0,3
03129200,RABBINICAL CLG OHR SHIMAR YISROEL       ,NY,11211-8102,Private      ,0,1,1,0,5,5
03169300,STUDIO JEWELERS                         ,NY,10016-4112,Proprietary  ,2,14,16,4,46,50
03181400,MERKAZ BNOS                             ,NY,11214-4911,Private      ,7,120,127,8,136,144
03191300,CUNY SCHOOL OF LAW @ QUEENS COLLEGE     ,NY,11367-0000,Public       ,43,93,136,434,1429,1863
03193300,MANHATTAN SCHOOL OF COMPUTER TECH       ,NY,11230-1617,Private      ,50,166,216,152,446,598
03203300,NEW YORK INSTITUTE OF MASSAGE           ,NY,14221-6021,Proprietary  ,16,55,71,45,148,193
03216300,UNIFICATION THEOLOGICAL SEMINARY        ,NY,12507-5021,Private      ,0,12,12,8,24,32
03328300,FRANKLIN CAREER INSTITUTE               ,NY,11550-3003,Private      ,11,38,49,53,174,227
03328301,FRANKLIN CAREER INSTITUTE - BROOKLYN    ,NY,11220-3110,Private      ,26,77,103,110,340,450
03342400,AMERICAN BARBER INSTITUTE               ,NY,10001-5271,Proprietary  ,16,48,64,51,135,186
03358300,ALLEN SCHOOL                            ,NY,11432-4901,Proprietary  ,56,346,402,146,1176,1322
03358301,ALLEN SCHOOL - BROOKLYN                 ,NY,11201-0000,Proprietary  ,38,190,228,149,631,780
03380300,STAR CAREER ACADEMY                     ,NY,11791-5311,Proprietary  ,32,87,119,77,289,366
03419400,NORTHEASTERN SEMINARY                   ,NY,14624-1997,Private      ,1,45,46,25,152,177
03426400,ANTHEM INSTITUTE                        ,NY,10018-0000,Proprietary  ,4,13,17,48,107,155
03433500,LIA SCHORR INSTITUTE OF COSMETIC SK     ,NY,10022-2614,Proprietary  ,9,36,45,17,74,91
03443300,NEW YORK COLLEGE OF TRADITIONAL CHINESE ,NY,11501-0000,Private      ,1,31,32,1,88,89
03496300,YESHIVA SHAAREI TORAH OF ROCKLAND       ,NY,10901-4003,Private      ,2,3,5,2,4,6
03537300,NEW YORK AUTOMOTIVE & DIESEL INSTIT     ,NY,11101-0000,Proprietary  ,64,113,177,166,378,544
03568300,LEON STUDIO ONE SCHOOL OF HAIR DESI     ,NY,14221-5323,Proprietary  ,11,21,32,33,46,79
03651300,SAINT JOSEPH'S MEDICAL CENTER SCHOO     ,NY,10701-4080,Private      ,4,17,21,20,58,78
03652300,METROPOLITAN LEARNING INSTITUTE         ,NY,11374-2101,Private      ,20,186,206,96,1016,1112
03665400,CHRISTIE'S EDUCATION                    ,NY,10036-8002,Proprietary  ,3,6,9,3,24,27
03713300,BEIS MEDRASH HEICHAL DOVID              ,NY,11691-4433,Private      ,1,2,3,2,3,5
03773300,CENTER FOR NATURAL WELLNESS SCHOOL OF MA,NY,12205-1601,Proprietary  ,17,58,75,48,193,241
03802300,UTA MESIVTA OF KIRYAS JOEL              ,NY,10950-2169,Private      ,0,0,0,1,1,2
03809400,MICROPOWER CAREER INSTITUTE             ,NY,10001-2812,Proprietary  ,34,215,249,59,361,420
03819400,HUDSON VALLEY SCHOOL OF ADVANCED AESTHET,NY,12493-0000,Proprietary  ,0,1,1,2,5,7
03839300,AVEDA INSTITUTE NEW YORK                ,NY,10013-1522,Proprietary  ,50,113,163,185,381,566
03881300,UNION GRADUATE COLLEGE                  ,NY,12308-3131,Private      ,1,51,52,18,197,215
03903400,AMERICAN BEAUTY SCHOOL                  ,NY,10462-8003,Proprietary  ,33,108,141,126,334,460
03941400,ELITE ACADEMY OF BEAUTY ARTS            ,NY,11223-1630,Proprietary  ,11,35,46,36,107,143
03983300,"SCHOOL OF PROFESSIONAL HORTICULTURE, AT ",NY,10458-5126,Private      ,4,18,22,17,61,78
03988300,"SAE INSTITUTE OF TECHNOLOGY, NEW YORK   ",NY,10001-2915,Proprietary  ,116,137,253,399,428,827
04043300,ACE COMPUTER TRAINING CENTER            ,NY,11375-5337,Proprietary  ,12,69,81,41,186,227
04092401,MAKE-UP DESIGNORY -                     ,NY,10012-0041,Proprietary  ,65,76,141,272,352,624
04095300,KING'S COLLEGE (THE)                    ,NY,10018-0110,Private      ,61,26,87,1212,136,1348
04102300,NEW AGE TRAINING                        ,NY,10001-4006,Proprietary  ,10,70,80,18,167,185
04115500,TALMUDICAL SEMINARY OF BOBOV            ,NY,11219-3826,Private      ,0,0,0,1,1,2
04117100,EDP SCHOOL OF COMPUTER PROGRAMMING      ,NY,11235-0000,Private      ,2,40,42,9,119,128
04117700,"MONROE 2-ORLEANS BOCES, CENTER FOR WORK ",NY,14624-1119,Public       ,26,101,127,77,238,315
04123200,INSTITUTE OF ALLIED MEDICAL PROFESSIONS ,NY,11373-5541,Private      ,11,52,63,23,169,192
04123300,HUDSON VALLEY SCHOOL OF MASSAGE THERAPY ,NY,12493-0000,Proprietary  ,1,8,9,7,25,32
04125600,CAREER SCHOOL OF NY                     ,NY,10301-2416,Private      ,18,40,58,61,109,170
04131500,COLLECTIVE (THE)                        ,NY,10011-2026,Proprietary  ,0,7,7,9,37,46
04133700,NEW YORK MEDICAL CAREER TRAINING CENTER ,NY,11354-6504,Proprietary  ,12,83,95,50,175,225
04134000,"JOHN PAOLO'S XTREME BEAUTY INSTITUTE, GO",NY,12020-1245,Proprietary  ,2,53,55,24,154,178
04134001,"JOHN PAOLO'S XTREME BEAUTY INSTITUTE, GO",NY,13417-1319,Proprietary  ,10,23,33,10,23,33
04137700,ANN MARIE'S WORLD OF BEAUTY SCHOOL      ,NY,13901-2308,Proprietary  ,1,13,14,10,36,46
04138100,YESHIVA OF MACHZIKAI HADAS              ,NY,11219-1408,Private      ,0,6,6,1,6,7
04144300,INSTITUTE OF CULINARY EDUCATION         ,NY,10010-5205,Proprietary  ,109,270,379,474,789,1263
04148000,NEW LIFE BUSINESS INSTITUTE             ,NY,11432-6149,Proprietary  ,19,108,127,24,126,150
04151200,SALON PROFESSIONAL ACADEMY (THE)        ,NY,14150-9200,Proprietary  ,21,30,51,61,104,165
04155300,ONONDAGA SCHOOL OF THERAPEUTIC MASSAGE  ,NY,13210-1533,Proprietary  ,17,69,86,74,220,294
04156000,ACADEMY OF COSMETOLOGY & ESTHETICS NYC (,NY,10306-3003,Proprietary  ,46,48,94,123,139,262
04157500,ACCESS CAREERS                          ,NY,11201-5826,Proprietary  ,11,54,65,42,152,194
04165700,"JOHN PAOLO'S XTREME BEAUTY INSTITUTE, GO",NY,12110-3053,Proprietary  ,2,18,20,10,48,58
04166000,MANHATTAN INSTITUTE (THE)               ,NY,10016-6516,Proprietary  ,26,75,101,109,221,330
04167600,FINGER LAKES SCHOOL OF MASSAGE (THE)    ,NY,14850-1384,Proprietary  ,16,43,59,61,147,208
04167601,FINGER LAKES SCHOOL OF MASSAGE (THE) -  ,NY,10549-1103,Proprietary  ,4,36,40,17,99,116
04178700,ATELIER ESTHETIQUE INSTITUTE OF ESTHETIC,NY,10016-8804,Proprietary  ,9,68,77,42,206,248
04180200,LONG ISLAND NAIL & SKIN CARE INSTITUTE  ,NY,11756-1316,Proprietary  ,8,31,39,16,62,78
04189000,LONG ISLAND BARBER INSTITUTE (THE)      ,NY,11550-6317,Proprietary  ,7,28,35,12,63,75
04190500,NEW YORK SCHOOL OF ESTHETICS & DAY SPA  ,NY,10591-3232,Proprietary  ,14,25,39,21,55,76
04192800,BE'ER YAAKOV TALMUDIC SEMINARY          ,NY,10977-1912,Private      ,3,31,34,4,31,35
04204300,AESTHETIC SCIENCE INSTITUTE (THE)       ,NY,12110-1095,Proprietary  ,14,20,34,24,51,75
04206200,DIGITAL FILM ACADEMY                    ,NY,10036-3708,Proprietary  ,29,61,90,29,62,91
04208600,RELAY SCHOOL OF EDUCATION               ,NY,10011-4233,Private      ,1,243,244,2,475,477
00267808,BRYANT & STRATTON COLLEGE - PARMA       ,OH,44130-0000,Proprietary  ,143,782,925,612,3547,4159
00301000,ANTIOCH UNIVERSITY                      ,OH,45387-1608,Private      ,16,177,193,627,879,1506
00301100,ART ACADEMY OF CINCINNATI               ,OH,45202-7106,Private      ,48,57,105,415,259,674
00301200,ASHLAND UNIVERSITY                      ,OH,44805-3799,Private      ,192,685,877,3960,2994,6954
00301300,ATHENAEUM OF OHIO                       ,OH,45230-2000,Private      ,1,7,8,3,25,28
00301400,BALDWIN-WALLACE COLLEGE                 ,OH,44017-2088,Private      ,421,367,788,4753,1726,6479
00301600,BLUFFTON UNIVERSITY                     ,OH,45817-2104,Private      ,78,79,157,1612,444,2056
00301800,BOWLING GREEN STATE UNIVERSITY          ,OH,43403-0001,Public       ,1469,1097,2566,21335,6660,27995
00302300,CAPITAL UNIVERSITY                      ,OH,43209-2394,Private      ,276,518,794,4399,3236,7635
00302400,CASE WESTERN RESERVE UNIV               ,OH,44106-0000,Private      ,178,326,504,8986,2042,11028
00302401,CASE WESTERN RESERVE UNIV - MED         ,OH,44106-0000,Private      ,13,66,79,94,1229,1323
00302402,CASE WESTERN RESERVE UNIV - DENTAL      ,OH,44106-0000,Private      ,13,31,44,47,357,404
00302403,CASE WESTERN RESERVE UNIV - LAW         ,OH,44106-0000,Private      ,7,67,74,30,953,983
00302404,CASE WESTERN RESERVE UNIV - UG          ,OH,44106-0000,Private      ,8,8,16,211,49,260
00302405,CASE WESTERN RESERVE UNIV - MSASS       ,OH,44106-0000,Private      ,1,51,52,32,506,538
00302406,CASE WESTERN RESERVE UNIV - NURS UG     ,OH,44106-0000,Private      ,15,46,61,230,255,485
00302407,CASE WESTERN RESERVE UNIV - WSOM        ,OH,44106-0000,Private      ,4,40,44,22,212,234
00302408,CASE WESTERN RESERVE UNIV -A&S GRAD     ,OH,44106-0000,Private      ,0,42,42,7,305,312
00302409,CASE WESTERN RESERVE UNIV -ENG GRAD     ,OH,44106-0000,Private      ,2,10,12,38,118,156
00302410,CASE WESTERN RESERVE UNIV -NURS GRD     ,OH,44106-0000,Private      ,5,53,58,23,407,430
00302500,CEDARVILLE UNIVERSITY                   ,OH,45314-8564,Private      ,244,104,348,4298,366,4664
00302600,CENTRAL STATE UNIVERSITY                ,OH,45384-1004,Public       ,378,353,731,3603,1817,5420
00302900,CINCINNATI CHRISTIAN UNIVERSITY         ,OH,45204-3200,Private      ,108,199,307,616,752,1368
00303000,OHIO CHRISTIAN UNIVERSITY               ,OH,43113-9487,Private      ,151,1022,1173,781,3192,3973
00303100,CLEVELAND INSTITUTE OF MUSIC            ,OH,44106-1776,Private      ,27,39,66,526,471,997
00303200,CLEVELAND STATE UNIVERSITY              ,OH,44115-2214,Public       ,1399,3521,4920,10927,14942,25869
00303300,COLLEGE OF MT ST JOSEPH                 ,OH,45233-1670,Private      ,70,210,280,1892,1471,3363
00303500,OHIO DOMINICAN UNIVERSITY               ,OH,43219-2099,Private      ,167,517,684,2303,2518,4821
00303600,FRANCISCAN UNIV OF STEUBENVILLE         ,OH,43952-1763,Private      ,199,132,331,2557,706,3263
00303700,COLLEGE OF WOOSTER                      ,OH,44691-2363,Private      ,103,31,134,3396,144,3540
00303900,COLUMBUS COLLEGE OF ART AND DESIGN      ,OH,43215-1758,Private      ,190,172,362,1917,760,2677
00304000,CUYAHOGA COMMUNITY COLLEGE              ,OH,44115-2878,Public       ,3386,7541,10927,11440,23973,35413
00304100,"DEFIANCE COLLEGE, THE                   ",OH,43512-1695,Private      ,82,81,163,1458,482,1940
00304200,DENISON UNIVERSITY                      ,OH,43023-1329,Private      ,67,11,78,3046,109,3155
00304300,CHANCELLOR UNIVERSITY                   ,OH,44114-0000,Proprietary  ,5,138,143,17,398,415
00304400,TRINITY LUTHERAN SEMINARY               ,OH,43209-0000,Private      ,1,22,23,2,142,144
00304500,UNIVERSITY OF FINDLAY                   ,OH,45840-3695,Private      ,277,280,557,3563,1617,5180
00304600,FRANKLIN UNIVERSITY                     ,OH,43215-5399,Private      ,211,1942,2153,1162,10851,12013
00304700,HEBREW UNION COLLEGE MAIN CAMPUS        ,OH,45220-0000,Private      ,0,0,0,1,1,2
00304800,HEIDELBERG UNIVERSITY                   ,OH,44883-2462,Private      ,92,86,178,1876,398,2274
00304900,HIRAM COLLEGE                           ,OH,44234-1808,Private      ,54,93,147,1793,393,2186
00305000,JOHN CARROLL UNIVERSITY                 ,OH,44118-4581,Private      ,189,172,361,4535,985,5520
00305100,KENT STATE UNIVERSITY                   ,OH,44242-0001,Public       ,1942,2104,4046,26036,12791,38827
00305101,KENT STATE UNIVERSITY - GEAUGA CAMPUS   ,OH,44021-9500,Public       ,126,192,318,820,1079,1899
00305102,KENT STATE UNIVERSITY - STARK CAMPUS    ,OH,44720-7599,Public       ,598,918,1516,3350,4066,7416
00305103,KENT STATE UNIVERSITY - TUSCARAWAS CAMPU,OH,44663-9403,Public       ,182,362,544,1115,1713,2828
00305104,KENT STATE UNIVERSITY - TRUMBULL CAMPUS ,OH,44483-1998,Public       ,209,577,786,1229,2401,3630
00305105,KENT STATE UNIVERSITY - ASHTABULA CAMPUS,OH,44004-2299,Public       ,187,462,649,980,2176,3156
00305106,KENT STATE UNIVERSITY - EAST LIVERPOOL C,OH,43920-3497,Public       ,77,182,259,473,934,1407
00305107,KENT STATE UNIVERSITY - SALEM CAMPUS    ,OH,44460-9412,Public       ,152,248,400,1020,1368,2388
00305143,KENT STATE UNIVERSITY - COLLEGE OF PODIA,OH,44131-2330,Public       ,1,33,34,4,472,476
00306500,KENYON COLLEGE                          ,OH,43022-9623,Private      ,48,3,51,2653,43,2696
00306600,LAKE ERIE COLLEGE                       ,OH,44077-3389,Private      ,102,103,205,1516,462,1978
00306800,LORAIN COUNTY COMMUNITY COLLEGE         ,OH,44035-1691,Public       ,1291,2491,3782,4156,8265,12421
00306900,LOURDES COLLEGE                         ,OH,43560-2898,Private      ,191,483,674,1431,2159,3590
00307200,MALONE UNIVERSITY                       ,OH,44709-3897,Private      ,91,300,391,2219,1549,3768
00307300,MARIETTA COLLEGE                        ,OH,45750-4033,Private      ,75,57,132,2594,387,2981
00307500,METHODIST THEOLOGICAL SCH IN OHIO       ,OH,43015-0000,Private      ,1,37,38,3,190,193
00307602,MIAMI - JACOBS CAREER COLLEGE - SPRINGBO,OH,45066-1115,Proprietary  ,0,0,0,74,237,311
00307603,MIAMI - JACOBS CAREER COLLEGE - TROY    ,OH,45373-3837,Proprietary  ,0,0,0,113,319,432
00307700,MIAMI UNIVERSITY                        ,OH,45056-1831,Public       ,1199,1113,2312,21544,5699,27243
00307800,WRIGHT STATE UNIVERSITY                 ,OH,45435-0002,Public       ,1216,1907,3123,14377,11620,25997
00308300,UNIVERSITY OF MOUNT UNION               ,OH,44601-3993,Private      ,222,52,274,3726,329,4055
00308400,MUSKINGUM UNIVERSITY                    ,OH,43762-1199,Private      ,147,133,280,2402,709,3111
00308500,NOTRE DAME COLLEGE OF OHIO              ,OH,44121-4293,Private      ,282,379,661,2557,1448,4005
00308600,OBERLIN COLLEGE                         ,OH,44074-1090,Private      ,83,22,105,4894,188,5082
00308900,OHIO NORTHERN UNIVERSITY                ,OH,45810-1555,Private      ,279,128,407,3838,1116,4954
00309000,OHIO STATE UNIVERSITY-ALL CAMPUSES      ,OH,43210-1358,Public       ,3123,2989,6112,51930,25677,77607
00310000,OHIO UNIVERSITY                         ,OH,45701-2979,Public       ,1454,2206,3660,22778,11177,33955
00310002,"OHIO UNIVERSITY, ZANESVILLE CAMPUS      ",OH,43701-0000,Public       ,169,335,504,1384,1785,3169
00310003,"OHIO UNIVERSITY, LANCASTER CAMPUS       ",OH,43130-0000,Public       ,228,390,618,1498,1998,3496
00310004,"OHIO UNIVERSITY, SOUTHERN CAMPUS        ",OH,45638-0000,Public       ,173,523,696,896,1992,2888
00310005,"OHIO UNIVERSITY, CHILLICOTHE CAMPUS     ",OH,45601-0000,Public       ,235,525,760,1205,2395,3600
00310006,"OHIO UNIVERSITY, EASTERN CAMPUS         ",OH,43950-0000,Public       ,87,91,178,611,430,1041
00310008,OHIO UNIV COLL OF OSTEOPATHIC MED       ,OH,45701-0000,Public       ,4,32,36,24,605,629
00310900,OHIO WESLEYAN UNIVERSITY                ,OH,43015-2398,Private      ,69,19,88,2941,184,3125
00311000,OTTERBEIN UNIVERSITY                    ,OH,43081-2006,Private      ,179,159,338,3958,1123,5081
00311300,PONTIFICAL COLLEGE JOSEPHINUM           ,OH,43235-1498,Private      ,6,10,16,47,23,70
00311400,FIRELANDS REGIONAL MEDICAL CENTER - SOUT,OH,44870-4788,Private      ,8,38,46,78,181,259
00311500,RABBINICAL COLLEGE OF TELSHE            ,OH,44092-2584,Private      ,0,1,1,1,1,2
00311600,UNIV OF RIO GRANDE                      ,OH,45674-3131,Private      ,238,535,773,1609,2076,3685
00311900,SINCLAIR COMMUNITY COLLEGE              ,OH,45402-1460,Public       ,2348,5638,7986,8932,18301,27233
00312100,TIFFIN UNIVERSITY                       ,OH,44883-2161,Private      ,290,1225,1515,2977,6943,9920
00312200,UNITED THEOLOGICAL SEMINARY             ,OH,45406-0000,Private      ,0,134,134,0,596,596
00312300,UNIVERSITY OF AKRON                     ,OH,44325-6211,Public       ,2167,2743,4910,21387,14906,36293
00312500,UNIVERSITY OF CINCINNATI                ,OH,45221-0125,Public       ,3163,4596,7759,28811,23097,51908
00312504,UNIVERSITY OF CINCINNATI - MEDICINE     ,OH,45267-0553,Public       ,39,133,172,407,1650,2057
00312700,UNIVERSITY OF DAYTON                    ,OH,45469-0002,Private      ,486,670,1156,12068,3828,15896
00313100,UNIVERSITY OF TOLEDO                    ,OH,43606-3390,Public       ,1840,1984,3824,18482,11124,29606
00313300,URBANA UNIVERSITY                       ,OH,43078-2091,Private      ,111,252,363,1111,914,2025
00313400,URSULINE COLLEGE                        ,OH,44124-4398,Private      ,78,330,408,659,1433,2092
00313500,WALSH UNIVERSITY                        ,OH,44720-3396,Private      ,132,257,389,2737,1413,4150
00314100,WILBERFORCE UNIVERSITY                  ,OH,45384-1001,Private      ,94,103,197,992,522,1514
00314200,WILMINGTON COLLEGE                      ,OH,45177-2499,Private      ,88,98,186,2211,598,2809
00314300,WITTENBERG UNIVERSITY                   ,OH,45501-2199,Private      ,85,76,161,4013,401,4414
00314400,XAVIER UNIVERSITY                       ,OH,45207-1035,Private      ,337,524,861,8271,3335,11606
00314500,YOUNGSTOWN STATE UNIVERSITY             ,OH,44555-0001,Public       ,1115,1552,2667,9627,7638,17265
00398200,CLEVELAND INSTITUTE OF ART              ,OH,44106-1700,Private      ,61,80,141,1046,316,1362
00406000,WINEBRENNER THEOLOGICAL SEMINARY        ,OH,45840-0000,Private      ,0,15,15,0,53,53
00485200,CLARK STATE COMMUNITY COLLEGE           ,OH,45505-4795,Public       ,456,1460,1916,1873,5842,7715
00485300,BRADFORD SCHOOL                         ,OH,43219-0000,Proprietary  ,83,168,251,848,750,1598
00485500,DAVIS COLLEGE                           ,OH,43623-4307,Proprietary  ,40,211,251,145,750,895
00486100,UNIVERSITY OF NORTHWESTERN OHIO         ,OH,45805-1498,Private      ,364,374,738,4867,2026,6893
00486600,STAUTZENBERGER COLLEGE                  ,OH,43537-4007,Proprietary  ,115,442,557,413,1475,1888
00489811,MCCANN SCHOOL OF BUSINESS & TECHNOLOGY -,OH,45402-1724,Proprietary  ,9,31,40,116,660,776
00489814,MCCANN SCHOOL OF BUSINESS & TECHNOLOGY -,OH,44131-2309,Proprietary  ,3,9,12,33,311,344
00489815,MCCANN SCHOOL OF BUSINESS & TECHNOLOGY -,OH,43215-3902,Proprietary  ,0,0,0,46,246,292
00489817,MCCANN SCHOOL OF BUSINESS & TECHNOLOGY -,OH,45241-5428,Proprietary  ,0,4,4,15,70,85
00510200,SCH OF DIAGNOSTIC IMAGING-CLEVELAND     ,OH,44119-0000,Private      ,6,12,18,16,68,84
00531300,NORTH CENTRAL STATE COLLEGE             ,OH,44901-0000,Public       ,250,626,876,1277,2636,3913
00575300,OWENS STATE COMMUNITY COLLEGE           ,OH,43699-0000,Public       ,1634,3347,4981,5984,11487,17471
00648700,AULTMAN COLLEGE OF NURSING AND HEALTH SC,OH,44710-1799,Private      ,25,94,119,196,517,713
00648900,CHRIST COLLEGE OF NURSING AND HEALTH SCI,OH,45219-2906,Private      ,26,132,158,287,684,971
00649400,GOOD SAMARITAN COLG-NURSING/HEALTH      ,OH,45220-2489,Private      ,29,135,164,274,699,973
00650700,TRINIT HEALTH SYSTEM SCH OF NURSING     ,OH,43952-2667,Private      ,7,25,32,63,160,223
00680400,LAKELAND COMMUNITY COLLEGE              ,OH,44094-5198,Public       ,866,1672,2538,3334,6517,9851
00686700,COLUMBUS STATE COMMUNITY COLLEGE        ,OH,43215-1786,Public       ,2676,6424,9100,13680,27254,40934
00703500,KETTERING COLLEGE OF MEDICAL ARTS       ,OH,45429-1299,Private      ,60,196,256,648,1012,1660
00708500,MOUNT VERNON NAZARENE UNIVERSITY        ,OH,43050-9500,Private      ,117,190,307,1641,809,2450
00708501,MOUNT VERNON NAZARENE UNIV - AGS        ,OH,43050-0000,Private      ,9,173,182,83,767,850
00727500,EASTERN GATEWAY COMMUNITY COLLEGE       ,OH,43952-3598,Public       ,262,644,906,964,2172,3136
00732920,ITT TECHNICAL INSTITUTE                 ,OH,45414-3456,Proprietary  ,148,589,737,450,1638,2088
00732992,ITT TECHNICAL INSTITUTE                 ,OH,44509-4098,Proprietary  ,126,309,435,484,1352,1836
00747300,CHOFFIN CAREER & TECHNICAL CENTER       ,OH,44503-1628,Public       ,31,126,157,118,410,528
00759800,HOCKING TECHNICAL COLLEGE               ,OH,45764-9582,Public       ,547,779,1326,3535,3469,7004
00777700,REMINGTON COLLEGE - CLEVELAND CAMPUS    ,OH,44125-1957,Private      ,134,515,649,454,1767,2221
00777704,REMINGTON COLLEGE-CLEVELAND WEST CAMPUS ,OH,44070-3129,Private      ,27,104,131,102,390,492
00812900,ADULT AND COMMUNITY EDUCATION @ HUDSON  ,OH,43211-2017,Public       ,28,174,202,66,542,608
00813200,TOLEDO SCHOOL OF PRACTICAL NURSING      ,OH,43613-5110,Public       ,23,162,185,128,567,695
00813300,ZANE STATE COLLEGE                      ,OH,43701-2626,Public       ,229,587,816,1406,2645,4051
00819400,AKRON SCHOOL OF PRACTICAL NRSG          ,OH,44311-0000,Public       ,22,94,116,140,310,450
00827800,TERRA COMMUNITY COLLEGE                 ,OH,43420-9670,Public       ,323,840,1163,1003,2401,3404
00867700,NORTHWEST STATE COMMUNITY COLLEGE       ,OH,43502-9542,Public       ,223,481,704,995,2269,3264
00888600,PORTAGE LAKES CAREER CENTER             ,OH,44685-9554,Public       ,13,46,59,31,133,164
00908803,ITT TECHNICAL INSTITUTE                 ,OH,44136-1758,Proprietary  ,0,0,0,0,1,1
00915600,WAYNE COUNTY SCHOOLS CAREER CENTER      ,OH,44677-9672,Public       ,8,61,69,41,187,228
00917200,SPRINGFIELD REGIONAL SCHOOL OF NURSING  ,OH,45501-0000,Private      ,7,31,38,38,116,154
00941200,FORTIS COLLEGE                          ,OH,44221-2998,Proprietary  ,57,276,333,257,1274,1531
00953000,GERBER AKRON BEAUTY SCHOOL              ,OH,44313-6995,Proprietary  ,7,48,55,39,148,187
00953100,SPA SCHOOL (THE)                        ,OH,43214-1524,Proprietary  ,15,69,84,74,279,353
00966000,TIFFIN ACADEMY OF HAIR DESIGN           ,OH,44883-2833,Proprietary  ,11,18,29,46,67,113
00994100,BELMONT TECHNICAL COLLEGE               ,OH,43950-9766,Public       ,207,426,633,863,1605,2468
00994200,SHAWNEE STATE UNIVERSITY                ,OH,45662-4344,Public       ,550,600,1150,4596,2676,7272
01001700,PAYNE THEOLOGICAL SEMINARY              ,OH,45384-0474,Private      ,0,46,46,1,148,149
01002700,JAMES A. RHODES STATE COLLEGE           ,OH,45804-3597,Public       ,295,733,1028,1689,2991,4680
01016800,NATIONWIDE BEAUTY ACADEMY               ,OH,43228-1000,Proprietary  ,19,67,86,109,216,325
01028000,OHIO STATE BEAUTY ACADEMY               ,OH,45801-0000,Proprietary  ,32,75,107,107,213,320
01032300,HANNAH E MULLINS SCH-PRAC NRSG          ,OH,44460-2906,Public       ,7,22,29,26,90,116
01034500,CINCINNATI STATE TECH & COMM CLG        ,OH,45223-2690,Public       ,1140,3199,4339,5118,11762,16880
01045300,WASHINGTON STATE CMTY COLLEGE           ,OH,45750-9225,Public       ,155,329,484,989,1363,2352
01063000,NORTHERN INSTITUTE OF COSMETOLOGY       ,OH,44052-1803,Proprietary  ,6,28,34,23,93,116
01073600,MARION TECHNICAL COLLEGE                ,OH,43302-5694,Public       ,150,452,602,912,2169,3081
01088000,CHATFIELD COLLEGE                       ,OH,45118-9705,Private      ,25,141,166,92,420,512
01088100,STARK STATE COLLEGE OF TECHNOLOGY       ,OH,44720-7299,Public       ,1140,3320,4460,4318,13007,17325
01090600,CINCINNATI CLG OF MORTUARY SCIENCE      ,OH,45224-1428,Private      ,18,46,64,110,234,344
01092300,UNION INSTITUTE & UNIVERSITY            ,OH,45206-1925,Private      ,13,605,618,49,1812,1861
01099300,HOBART INSTITUTE OF WELDING TECHNOLOGY  ,OH,45373-2400,Private      ,54,85,139,248,281,529
01100500,KAPLAN COLLEGE                          ,OH,43232-4827,Proprietary  ,49,339,388,218,1369,1587
01104600,CENTRAL OHIO TECHNICAL COLLEGE          ,OH,43055-1767,Public       ,305,830,1135,1737,4686,6423
01170300,PENTA COUNTY JOINT VOCATIONAL SCH       ,OH,43551-0000,Public       ,12,56,68,31,131,162
01174400,NATIONAL BEAUTY COLLEGE                 ,OH,44720-0000,Proprietary  ,13,56,69,44,168,212
01174500,OHIO TECHNICAL COLLEGE                  ,OH,44103-1228,Proprietary  ,178,261,439,1433,1034,2467
01182500,OHIO STATE SCHOOL OF COSMETOLOGY        ,OH,43224-1107,Proprietary  ,33,111,144,142,396,538
01212800,SOUTHWESTERN COLLEGE                    ,OH,45402-3003,Proprietary  ,20,150,170,79,566,645
01212802,SOUTHWESTERN COLLEGE                    ,OH,45005-2267,Proprietary  ,5,21,26,30,171,201
01212803,SOUTHWESTERN COLLEGE                    ,OH,45202-4304,Proprietary  ,18,91,109,62,366,428
01212804,SOUTHWESTERN COLLEGE                    ,OH,45246-3121,Proprietary  ,24,122,146,98,550,648
01212806,LINCOLN COLLEGE OF TECHNOLOGY - TOLEDO  ,OH,43615-6800,Proprietary  ,18,107,125,97,482,579
01212807,LINCOLN COLLEGE OF TECHNOLOGY - COLUMBUS,OH,43215-3602,Proprietary  ,12,69,81,66,277,343
01212808,LINCOLN COLLEGE OF TECHNOLOGY - CLEVELAN,OH,44114-3266,Proprietary  ,27,122,149,99,429,528
01216600,CAROUSEL BEAUTY COLLEGE                 ,OH,45402-8935,Proprietary  ,41,82,123,114,280,394
01224800,CENTRAL SCHOOL OF PRACTICAL NURSING     ,OH,44103-0000,Private      ,35,162,197,112,488,600
01267200,CAROUSEL BEAUTY COLLEGE                 ,OH,45044-5113,Proprietary  ,9,16,25,19,52,71
01267400,CAROUSEL OF MIAMI VALLEY BEAUTY CLG     ,OH,45424-2063,Proprietary  ,2,7,9,11,24,35
01275000,EDISON COMMUNITY COLLEGE                ,OH,45356-9239,Public       ,187,477,664,1136,2465,3601
01283800,LAURA AND ALVIN SIEGAL COLLEGE OF JUDAIC,OH,44122-7197,Private      ,2,3,5,5,7,12
01284800,MOLER-HOLLYWOOD BEAUTY COLLEGE          ,OH,45202-2577,Proprietary  ,5,43,48,32,98,130
01287000,SOUTHERN STATE COMMUNITY COLLEGE        ,OH,45133-9406,Public       ,262,659,921,1110,2397,3507
01289100,ANTONELLI COLLEGE                       ,OH,45202-2592,Proprietary  ,42,235,277,148,619,767
01289600,VIRGINIA MARTI COLLEGE OF ART AND DESIGN,OH,44107-0778,Proprietary  ,42,55,97,178,182,360
01303922,SOUTH UNIVERSITY - CLEVELAND            ,OH,44128-5919,Proprietary  ,4,50,54,4,50,54
01313200,INTERNATIONAL CLG OF BROADCASTING       ,OH,45431-1898,Proprietary  ,18,47,65,65,172,237
02052000,KAPLAN COLLEGE                          ,OH,45439-1984,Proprietary  ,72,407,479,250,1349,1599
02054300,TRUMBULL BUSINESS COLLEGE               ,OH,44484-0000,Proprietary  ,12,91,103,48,398,446
02056800,DAYMAR COLLEGE                          ,OH,45601-1038,Proprietary  ,9,78,87,41,330,371
02056802,DAYMAR COLLEGE - LANCASTER              ,OH,43130-0000,Proprietary  ,9,52,61,30,193,223
02056803,DAYMAR COLLEGE - NEW BOSTON             ,OH,45662-4900,Proprietary  ,11,74,85,31,224,255
02056804,DAYMAR COLLEGE - JACKSON                ,OH,45640-1728,Proprietary  ,9,40,49,27,230,257
02066100,OHIO STATE COLLEGE/BARBER STYLING       ,OH,43213-0000,Proprietary  ,33,123,156,112,367,479
02073300,GALLIA-JACKSON-VINTON SCH ADULT ED      ,OH,45674-0000,Public       ,25,64,89,85,200,285
02110700,CLEVELAND INST OF DENTAL-MED ASST       ,OH,44115-2285,Proprietary  ,58,234,292,139,582,721
02116009,SANFORD-BROWN COLLEGE - MIDDLEBURG HEIGH,OH,44130-8362,Proprietary  ,39,158,197,131,723,854
02116900,UPPER VALLEY JVS                        ,OH,45356-0000,Public       ,5,70,75,30,216,246
02117300,GREAT OAKS INSTITUTE OF TECHNOLOGY      ,OH,45241-1581,Public       ,74,286,360,249,888,1137
02128600,THE ART INSTITUTE OF CINCINNATI         ,OH,45246-0000,Proprietary  ,69,97,166,517,382,899
02140700,COMMUNITY EDUCATIONAL SERVICES          ,OH,44702-1710,Public       ,11,65,76,36,192,228
02158417,"HARRISON COLLEGE - COLUMBUS, OH         ",OH,43123-0000,Proprietary  ,21,68,89,85,314,399
02158500,OHIO BUSINESS COLLEGE                   ,OH,44035-0701,Proprietary  ,21,108,129,61,493,554
02158501,OHIO BUSINESS COLLEGE                   ,OH,44870-9953,Proprietary  ,20,112,132,64,517,581
02158503,OHIO BUSINESS COLLEGE - COLUMBUS        ,OH,43229-3523,Proprietary  ,26,144,170,65,366,431
02158504,OHIO BUSINESS COLLEGE - DAYTON          ,OH,45417-4094,Proprietary  ,1,31,32,1,31,32
02168100,TRI-COUNTY JOINT VOCATIONAL SCHOOL      ,OH,45764-0000,Public       ,16,99,115,50,240,290
02187900,ASHTABULA CO JOINT VOC SCH ADULT ED     ,OH,44047-0000,Public       ,26,133,159,45,254,299
02189000,ADULT CENTER FOR EDUCATION              ,OH,43701-0000,Public       ,35,119,154,118,431,549
02190700,FORTIS COLLEGE                          ,OH,45459-0000,Proprietary  ,125,811,936,480,3535,4015
02192100,BUTLER TECHNOLOGY AND CAREER DEVELOPMENT,OH,45011-0000,Public       ,59,243,302,229,666,895
02196300,COLLINS CAREER CENTER                   ,OH,45619-0000,Public       ,55,212,267,200,565,765
02210800,MEDINA COUNTY CAREER CENTER             ,OH,44256-0000,Public       ,11,67,78,30,167,197
02215400,OHIO STATE SCHOOL OF COSMETOLOGY        ,OH,43207-0000,Proprietary  ,0,0,0,26,41,67
02220500,GOD'S BIBLE SCHOOL & COLLEGE            ,OH,45210-0000,Private      ,33,34,67,177,105,282
02220800,CAREER & TECHNOLOGY EDUCATION CENTERS OF,OH,43055-0000,Public       ,36,109,145,104,353,457
02239800,PIONEER CAREER & TECHNOLOGY CENTER      ,OH,44875-0000,Public       ,3,42,45,10,85,95
02245600,WARREN COUNTY CAREER CENTER             ,OH,45036-0000,Public       ,30,142,172,89,375,464
02246300,INSTITUTE OF MEDICAL-DENTAL TECH        ,OH,45246-3317,Proprietary  ,13,88,101,59,270,329
02263700,MIAMI VALLEY CAREER TECHNOLOGY CTR      ,OH,45315-0000,Public       ,37,152,189,103,473,576
02269400,EASTERN HILLS ACAD OF HAIR DESIGN       ,OH,45255-0000,Proprietary  ,4,32,36,16,88,104
02269500,WESTERN HILLS SCHOOL OF BEAUTY & HAIR DE,OH,45211-0000,Proprietary  ,12,103,115,56,256,312
02270100,OHIO HI-POINT CAREER CENTER             ,OH,43311-0000,Public       ,6,36,42,50,211,261
02272700,COLUMBIANA COUNTY CAREER CENTER         ,OH,44432-0000,Public       ,27,144,171,60,312,372
02287900,RAPHAEL'S SCHOOL OF BEAUTY CULTURE      ,OH,44446-0000,Proprietary  ,27,70,97,54,169,223
02289802,KAPLAN COLLEGE                          ,OH,45203-0000,Proprietary  ,30,251,281,154,937,1091
02301400,OHIO VALLEY COLLEGE OF TECHNOLOGY       ,OH,43920-9139,Proprietary  ,13,55,68,110,212,322
02303600,FORTIS COLLEGE - RAVENNA CAMPUS         ,OH,44266-0000,Proprietary  ,18,103,121,134,493,627
02304700,TRI-RIVERS CAREER CENTER                ,OH,43302-0000,Public       ,20,79,99,69,307,376
02311200,AMERICAN SCHOOL OF TECHNOLOGY           ,OH,43229-0000,Proprietary  ,28,187,215,84,544,628
02315500,TOLEDO ACADEMY OF BEAUTY CULTURE - EAST ,OH,43616-0000,Proprietary  ,10,47,57,44,153,197
02324400,ALLSTATE HAIRSTYLING & BARBER CLG       ,OH,44113-0000,Proprietary  ,18,112,130,68,362,430
02328500,MOLER-PICKENS BEAUTY COLLEGE            ,OH,45014-0000,Proprietary  ,6,24,30,10,44,54
02334300,INTERNATIONAL ACAD OF HAIR DESIGN       ,OH,45239-0000,Proprietary  ,23,61,84,102,246,348
02336300,KNOX COUNTY CAREER CENTER               ,OH,43050-4298,Public       ,14,77,91,64,308,372
02336700,CUYAHOGA VALLEY CAREER CENTER           ,OH,44141-1296,Public       ,25,102,127,61,288,349
02337700,PROFESSIONAL SKILLS INSTITUTE           ,OH,43607-0000,Proprietary  ,29,179,208,136,718,854
02351500,WILLOUGHBY EASTLAKE SCH OF PRAC NSG     ,OH,44094-0000,Public       ,5,33,38,22,122,144
02352800,POLARIS CAREER CENTER-ADULT ED DEPT     ,OH,44130-0000,Public       ,52,178,230,129,422,551
02354200,SCIOTO COUNTY JOINT VOCATIONAL SCH      ,OH,45648-0000,Public       ,37,157,194,94,377,471
02454400,NORTHEAST OHIO MEDICAL UNIVERSITY       ,OH,44272-9621,Public       ,5,27,32,150,852,1002
02497800,GREENE COUNTY CAREER CENTER             ,OH,45385-0000,Public       ,12,66,78,35,181,216
02512600,ADULT VOCATIONAL SERVICES               ,OH,44308-0000,Public       ,7,40,47,27,125,152
02519300,OHIO STATE SCH COSMETOLOGY              ,OH,43110-2754,Proprietary  ,25,48,73,111,207,318
02522700,EASTLAND-FAIRFIELD CAREER AND TECHNICAL ,OH,43125-0000,Public       ,25,87,112,57,268,325
02528300,TDDS TECHNICAL INSTITUTE                ,OH,44429-0000,Proprietary  ,28,191,219,69,515,584
02529500,HAMRICK SCHOOL                          ,OH,44256-0000,Proprietary  ,10,84,94,14,179,193
02541400,TOLEDO ACADEMY OF BEAUTY CULTURE-SO     ,OH,43614-0000,Proprietary  ,9,54,63,57,192,249
02545800,INNER STATE BEAUTY SCHOOLS              ,OH,44124-0000,Proprietary  ,25,94,119,60,253,313
02553000,SCHOOL OF ADVERTISING ART               ,OH,45440-0000,Proprietary  ,21,13,34,228,37,265
02560000,CASAL AVEDA INSTITUTE                   ,OH,44515-0000,Proprietary  ,34,42,76,121,170,291
02560700,PICKAWAY ROSS CO JOINT VOC TECH SCH     ,OH,45601-0000,Public       ,39,149,188,83,343,426
02560701,PICKAWAY ROSS COUNTY JOINT VOCATIONAL SC,OH,45601-9010,Public       ,9,47,56,29,153,182
02562300,APOLLO CAREER CENTER-ADULT EDUC         ,OH,45806-0000,Public       ,38,165,203,119,535,654
02563000,RAPHAELS SCHOOL OF BEAUTY CULTURE       ,OH,44601-2847,Proprietary  ,13,40,53,38,110,148
02568600,MAHONING COUNTY CAREER & TECH CENTR     ,OH,44406-0000,Public       ,11,59,70,26,132,158
02582900,KAPLAN CAREER INSTITUTE                 ,OH,44129-6810,Proprietary  ,16,144,160,67,521,588
02586400,TRUMBULL CAREER & TECH CENTER-ADULT     ,OH,44483-1997,Public       ,25,90,115,62,306,368
02588500,OHIO STATE SCHOOL OF COSMETOLOGY        ,OH,43081-0000,Proprietary  ,26,54,80,98,221,319
02599711,VATTEROTT COLLEGE - CLEVELAND           ,OH,44147-3502,Proprietary  ,11,100,111,47,374,421
02603800,LORAIN COUNTY JVS ADULT CAREER CTR      ,OH,44074-9799,Public       ,40,133,173,80,260,340
02611007,HERITAGE COLLEGE - COLUMBUS             ,OH,43213-4440,Proprietary  ,56,219,275,184,723,907
02620000,SANDUSKY CAREER CENTER                  ,OH,44870-4786,Public       ,13,59,72,32,182,214
03007900,GALLIPOLIS CAREER COLLEGE               ,OH,45631-2600,Proprietary  ,6,47,53,21,201,222
03015100,ALLIANCE HIGH SCH-CMTY SERVICES DIV     ,OH,44601-2899,Public       ,15,76,91,29,126,155
03015300,EHOVE CAREER CENTER                     ,OH,44846-9500,Public       ,35,109,144,103,467,570
03023700,MADISON ADULT CAREER CENTER             ,OH,44905-2718,Public       ,17,109,126,44,352,396
03024300,VALLEY BEAUTY SCHOOL                    ,OH,43725-2332,Proprietary  ,0,4,4,13,29,42
03027100,FAIRVIEW ACADEMY                        ,OH,44126-2214,Proprietary  ,4,14,18,11,62,73
03034200,WASHINGTON COUNTY CAREER CENTER ADULT TE,OH,45750-9290,Public       ,18,76,94,84,286,370
03051400,AUBURN CAREER CENTER                    ,OH,44077-9723,Public       ,18,69,87,51,191,242
03051500,US GRANT JOINT VOCATIONAL SCHOOL        ,OH,45106-9502,Public       ,1,12,13,7,27,34
03065900,BUCKEYE CAREER CENTER                   ,OH,44663-9437,Public       ,26,89,115,76,240,316
03067600,RAPHAEL'S SCHOOL OF BEAUTY CULTURE      ,OH,44512-2222,Proprietary  ,11,34,45,34,102,136
03068200,OHIO CENTER FOR BROADCASTING            ,OH,44125-6273,Proprietary  ,23,55,78,70,211,281
03068202,OHIO CENTER FOR BROADCASTING - COLUMBUS ,OH,43213-2571,Proprietary  ,24,74,98,72,247,319
03071900,MOUNT CARMEL COLLEGE OF NURSING         ,OH,43222-1598,Private      ,80,258,338,907,1187,2094
03072303,EVEREST INSTITUTE - COLUMBUS            ,OH,43230-6653,Proprietary  ,33,290,323,108,772,880
03078000,OHIO CENTER FOR BROADCASTING            ,OH,45227-1509,Proprietary  ,10,40,50,49,124,173
03079000,ETI TECHNICAL COLLEGE                   ,OH,44446-4398,Proprietary  ,15,83,98,75,292,367
03084800,DELAWARE AREA CAREER CENTER             ,OH,43015-8969,Public       ,2,26,28,15,85,100
03084801,DELAWARE AREA CAREER CENTER -           ,OH,43015-9001,Public       ,2,8,10,6,46,52
03095600,VANTAGE CAREER CENTER                   ,OH,45891-1378,Public       ,3,54,57,21,105,126
03097000,MERCY COLLEGE OF NORTHWEST OHIO         ,OH,43604-1132,Private      ,103,326,429,636,1448,2084
03100100,PARAMOUNT BEAUTY ACADEMY                ,OH,45662-4136,Proprietary  ,11,44,55,38,111,149
03116200,DAYTON BARBER COLLEGE                   ,OH,45342-0000,Proprietary  ,9,43,52,20,97,117
03116300,OHIO COLLEGE OF MASSOTHERAPY            ,OH,44321-1363,Private      ,9,70,79,38,188,226
03116400,VANGUARD-SENTINELL VOC SCH DISTRICT     ,OH,43420-1197,Public       ,4,23,27,16,80,96
03117000,ASHLAND COUNTY-W HOLMES CAREER CTR      ,OH,44805-0000,Public       ,5,62,67,26,163,189
03319300,CREATIVE IMAGES-A CERTIFIED MATRIX      ,OH,45414-2557,Proprietary  ,15,75,90,88,278,366
03319301,CREATIVE IMAGES-A CERTIFIED MATRIX      ,OH,45459-0000,Proprietary  ,16,45,61,71,231,302
03416400,VALLEY BEAUTY SCHOOL                    ,OH,43701-3624,Proprietary  ,1,16,17,13,56,69
03425300,ROSEDALE BIBLE COLLEGE                  ,OH,43029-9517,Private      ,12,2,14,60,12,72
03457300,ALLEGHENY WESLEYAN COLLEGE              ,OH,44460-9598,Private      ,12,10,22,36,26,62
03468400,NATIONAL INSTITUTE OF MASSOTHERAPY      ,OH,44319-2100,Proprietary  ,10,33,43,23,134,157
03468500,ATS INSTITUTE OF TECHNOLOGY             ,OH,44143-2216,Proprietary  ,27,227,254,60,792,852
03475400,TRI-STATE BIBLE COLLEGE                 ,OH,45680-8402,Private      ,3,21,24,11,72,83
03534400,AMERICAN INST OF ALTERNATIVE MEDICI     ,OH,43229-1113,Proprietary  ,8,133,141,49,573,622
03626300,BROWN AVEDA INSTITUTE                   ,OH,44060-6212,Proprietary  ,58,77,135,190,259,449
03693300,CARNEGIE CAREER COLLEGE                 ,OH,44260-9608,Private      ,0,0,0,3,52,55
03700300,REGENCY BEAUTY INSTITUTE - CLEVELAND    ,OH,44094-0000,Proprietary  ,47,116,163,148,347,495
03726300,TEMPLE BAPTIST COLLEGE                  ,OH,45240-0000,Private      ,61,43,104,129,104,233
03747300,BEXLEY HALL SEMINARY                    ,OH,43209-2325,Private      ,2,12,14,6,44,50
03776400,HEALING ARTS INSTITUTE                  ,OH,43551-3138,Proprietary  ,2,8,10,11,52,63
03837300,AVEDA FREDRIC'S INSTITUTE               ,OH,45208-1304,Proprietary  ,25,52,77,139,203,342
03882300,OREGON CAREER CENTER                    ,OH,43616-2631,Public       ,0,5,5,7,24,31
04051307,ART INSTITUTE OF PHOENIX (THE) - BROWN M,OH,45215-1107,Proprietary  ,101,409,510,416,1795,2211
04051308,ART INSTITUTE OF PHOENIX (THE) - BROWN M,OH,44320-4420,Proprietary  ,74,287,361,240,1034,1274
04051317,ART INSTITUTE OF PHOENIX (THE) - BROWN M,OH,45840-6848,Proprietary  ,171,618,789,584,2643,3227
04051326,ART INSTITUTE OF PHOENIX (THE) - BROWN M,OH,44718-3674,Proprietary  ,49,260,309,150,801,951
04068300,FOUR COUNTY CAREER CENTER               ,OH,43512-9541,Public       ,2,17,19,6,56,62
04074300,HONDROS COLLEGE                         ,OH,43081-3855,Proprietary  ,96,613,709,434,2876,3310
04116700,NEWLIFE TECHNICAL INSTITUTE             ,OH,43920-2920,Private      ,0,0,0,3,8,11
04117300,DAYTON SCHOOL OF MEDICAL MASSAGE        ,OH,45429-1111,Proprietary  ,43,163,206,147,498,645
04118300,NORTHCOAST MEDICAL TRAINING ACADEMY     ,OH,44240-4174,Proprietary  ,12,72,84,58,205,263
04124500,TECHSKILLS                              ,OH,43231-0000,Proprietary  ,27,161,188,45,286,331
04125700,CUT BEAUTY SCHOOL (THE)                 ,OH,44118-2918,Proprietary  ,24,87,111,74,317,391
04126000,OHIO ACADEMY PAUL MITCHELL PARTNER SCHOO,OH,44087-3107,Proprietary  ,36,63,99,108,181,289
04137800,AVEDA INSTITUTE COLUMBUS                ,OH,43201-2333,Proprietary  ,86,146,232,255,407,662
04138000,INSTITUTE OF THERAPEUTIC MASSAGE        ,OH,45875-0350,Proprietary  ,6,20,26,9,45,54
04149100,CINCINNATI ACADEMY A PAUL MITCHELL PARTN,OH,45241-1702,Proprietary  ,39,86,125,151,250,401
04151400,VANITY SCHOOL OF COSMETOLOGY            ,OH,44035-0000,Proprietary  ,8,14,22,20,32,52
04152100,TOLEDO RESTAURANT TRAINING CENTER       ,OH,43604-6508,Private      ,6,24,30,17,86,103
04152600,PIKE COUNTY CAREER TECHNOLOGY CENTER    ,OH,45661-9114,Public       ,3,23,26,19,110,129
04153300,OHIO ACADEMY COLUMBUS (THE)             ,OH,43231-6038,Proprietary  ,33,65,98,112,190,302
04154000,TOLLES CAREER & TECHNICAL CENTER        ,OH,43064-8854,Public       ,2,6,8,4,25,29
04166800,SALON PROFESSIONAL ACADEMY (THE)        ,OH,45551-0000,Proprietary  ,13,27,40,54,74,128
04167700,ARTISAN COLLEGE OF COSMETOLOGY (THE)    ,OH,45840-6848,Proprietary  ,3,15,18,14,53,67
04185900,ELITE SCHOOL OF COSMETOLOGY             ,OH,44857-2714,Proprietary  ,3,12,15,12,51,63
04189100,TONI & GUY HAIRDRESSING ACADEMY         ,OH,43615-1731,Proprietary  ,25,31,56,94,120,214
04192200,ATHENA CAREER ACADEMY                   ,OH,43560-2796,Proprietary  ,5,81,86,31,266,297
        ,INVALID SCHOOL CODE                     ,  ,00000-0000,,313,1752,2065,1699,5105,6804
00134500,ADAMS STATE COLLEGE                     ,CO,81102-2373,Public       ,451,680,1131,2845,2297,5142
00134600,ARAPAHOE COMMUNITY COLLEGE              ,CO,80160-9002,Public       ,729,1899,2628,3166,7151,10317
00134700,COLORADO COLLEGE                        ,CO,80903-3294,Private      ,136,227,363,3316,945,4261
00134800,COLORADO SCHOOL OF MINES                ,CO,80401-1887,Public       ,213,211,424,6602,1376,7978
00134900,UNIVERSITY OF NORTHERN COLORADO         ,CO,80639-0001,Public       ,825,866,1691,11654,5371,17025
00135000,COLORADO STATE UNIVERSITY               ,CO,80523-0100,Public       ,1940,1851,3791,25818,11700,37518
00135200,DENVER  SEMINARY                        ,CO,80120-2192,Private      ,2,167,169,9,750,759
00135300,FORT LEWIS COLLEGE                      ,CO,81301-3999,Public       ,494,367,861,4740,1735,6475
00135400,ILIFF SCHOOL OF THEOLOGY                ,CO,80210-0000,Private      ,0,52,52,6,384,390
00135500,LAMAR COMMUNITY COLLEGE                 ,CO,81052-3999,Public       ,96,128,224,430,287,717
00135800,MESA STATE COLLEGE                      ,CO,81501-3122,Public       ,981,1128,2109,7133,4159,11292
00135900,COLORADO NORTHWESTERN COMMUNITY COLLEGE ,CO,81648-3598,Public       ,96,160,256,476,465,941
00136000,METROPOLITAN STATE CLG OF DENVER        ,CO,80204-3362,Public       ,2291,4139,6430,12767,18063,30830
00136100,NORTHEASTERN JUNIOR COLLEGE             ,CO,80751-2399,Public       ,194,177,371,1215,588,1803
00136200,OTERO JUNIOR COLLEGE                    ,CO,81050-3346,Public       ,158,306,464,683,685,1368
00136300,REGIS UNIVERSITY                        ,CO,80221-1099,Private      ,150,1497,1647,3554,9393,12947
00136500,COLORADO STATE UNIVERSITY-PUEBLO        ,CO,81001-4901,Public       ,484,742,1226,5667,4686,10353
00136800,TRINIDAD STATE JR COLLEGE               ,CO,81082-2396,Public       ,218,437,655,755,1155,1910
00137000,UNIVERSITY OF COLORADO-BOULDER          ,CO,80309-0077,Public       ,1963,1568,3531,26037,10212,36249
00137100,UNIVERSITY OF DENVER                    ,CO,80208-2000,Private      ,313,1181,1494,8746,10403,19149
00137200,WESTERN STATE COLLEGE                   ,CO,81231-0000,Public       ,212,132,344,2340,650,2990
00405702,NATIONAL AMERICAN UNIVERSITY - COLORADO ,CO,80920-4001,Proprietary  ,15,129,144,51,445,496
00405703,NATIONAL AMERICAN UNIVERSITY            ,CO,80222-0000,Proprietary  ,14,85,99,49,360,409
00450300,EVEREST COLLEGE                         ,CO,80916-3548,Proprietary  ,53,348,401,197,1303,1500
00450600,COLORADO MOUNTAIN COLLEGE               ,CO,81602-0000,Public       ,275,588,863,1633,1876,3509
00450700,EVEREST COLLEGE                         ,CO,80229-4339,Proprietary  ,39,182,221,140,625,765
00450701,"EVEREST COLLEGE- EVEREST COLLEGE, AURORA",CO,80012-5692,Proprietary  ,42,208,250,170,722,892
00450800,UNIVERSITY OF COLORADO DENVER           ,CO,80204-2029,Public       ,925,2818,3743,9072,16029,25101
00450900,UNIV OF COLORADO AT COLO SPRINGS        ,CO,80918-3735,Public       ,880,1359,2239,8628,6301,14929
00559600,EMILY GRIFFITH OPPORTUNITY SCH          ,CO,80204-2197,Public       ,151,669,820,674,2243,2917
00729700,REDSTONE COLLEGE                        ,CO,80020-9988,Proprietary  ,61,180,241,342,952,1294
00732912,ITT TECHNICAL INSTITUTE                 ,CO,80229-5338,Proprietary  ,104,481,585,234,1126,1360
00754700,LINCOLN COLLEGE OF TECHNOLOGY           ,CO,80223-0000,Proprietary  ,224,289,513,1116,1121,2237
00754800,WESTWOOD COLLEGE - DENVER NORTH         ,CO,80221-3653,Proprietary  ,58,348,406,286,1329,1615
00754801,WESTWOOD COLLEGE - DENVER SOUTH         ,CO,80227-3653,Proprietary  ,53,294,347,172,837,1009
00758200,AIMS COMMUNITY COLLEGE                  ,CO,80632-0000,Public       ,442,854,1296,2382,4009,6391
00764900,ROCKY MOUNTAIN COLG OF ART & DESIGN     ,CO,80214-0000,Proprietary  ,87,152,239,860,608,1468
00793300,FRONT RANGE COMMUNITY COLLEGE           ,CO,80031-2199,Public       ,1720,3412,5132,7585,13844,21429
00863500,INTELLITEC MEDICAL INSTITUTE            ,CO,80909-0000,Proprietary  ,33,153,186,98,564,662
00887100,CONCORDE CAREER INSTITUTE               ,CO,80203-0000,Proprietary  ,105,360,465,335,1373,1708
00889600,PIKES PEAK COMMUNITY COLLEGE            ,CO,80906-5498,Public       ,1530,4314,5844,4976,12872,17848
00940100,COLORADO CHRISTIAN UNIVERSITY           ,CO,80226-7449,Private      ,182,864,1046,1997,3367,5364
00954200,COMMUNITY COLLEGE OF DENVER             ,CO,80217-2026,Public       ,1258,3217,4475,5943,12272,18215
00954300,RED ROCKS COMMUNITY COLLEGE             ,CO,80228-1255,Public       ,789,1912,2701,3155,6583,9738
00998100,MORGAN COMMUNITY COLLEGE                ,CO,80701-4399,Public       ,95,306,401,348,933,1281
01014800,COLORADO TECHNICAL UNIVERSITY           ,CO,80907-3896,Proprietary  ,95,1200,1295,395,5052,5447
01014802,COLORADO TECHNICAL UNIV - DENVER        ,CO,80111-3201,Proprietary  ,24,224,248,114,1113,1227
01014805,COLORADO TECH UNIV - ON LINE            ,CO,80907-0000,Proprietary  ,596,9227,9823,1616,35110,36726
01014806,COLORADO TECH UNIV - FED EXPRESS        ,CO,80921-3800,Proprietary  ,0,0,0,14,92,106
01014808,COLORADO TECH UNIV - USAA               ,CO,80920-1005,Proprietary  ,0,0,0,12,80,92
01014811,COLORADO TECH UNIV-HEWLETT PACKARD      ,CO,80919-2303,Proprietary  ,0,0,0,7,43,50
01014812,COLORADO TECHNICAL UNIVERSITY - WESTMINS,CO,80021-3498,Proprietary  ,27,180,207,105,906,1011
01014813,COLORADO TECH UNIV - ORACLE             ,CO,80921-3660,Proprietary  ,0,0,0,6,62,68
01014815,COLORADO TECHNCL UNIV PUEBLO            ,CO,81003-2315,Proprietary  ,22,129,151,103,612,715
01070900,EMPIRE BEAUTY SCHOOL-LAKEWOOD           ,CO,80215-0000,Proprietary  ,12,32,44,42,99,141
01157200,COLORADO SCHOOL OF TRADES               ,CO,80215-2996,Proprietary  ,12,89,101,88,508,596
01267000,BEL-REA INST OF ANIMAL TECH             ,CO,80247-3048,Proprietary  ,85,149,234,487,761,1248
01285000,INTERNATIONAL SALON AND SPA ACADEMY     ,CO,80918-3684,Proprietary  ,27,129,156,84,309,393
01287500,PICKENS TECHNICAL COLLEGE               ,CO,80011-9307,Public       ,74,267,341,398,954,1352
01300700,NAZARENE BIBLE COLLEGE                  ,CO,80910-3717,Private      ,12,156,168,65,592,657
02072200,EMPIRE BEAUTY SCHOOL -ARVADA            ,CO,80212-0000,Proprietary  ,14,44,58,66,155,221
02078900,ART INSTITUTE OF COLORADO (THE)         ,CO,80203-2983,Proprietary  ,379,599,978,1827,2207,4034
02116300,PUEBLO COMMUNITY COLLEGE                ,CO,81004-0000,Public       ,659,1978,2637,2116,5968,8084
02117500,NAROPA UNIVERSITY                       ,CO,80302-0000,Private      ,31,126,157,345,1303,1648
02133100,COLORADO CENTER FOR MEDICAL LABORATORY S,CO,80218-0000,Private      ,9,43,52,65,202,267
02141100,EMPIRE BEAUTY SCHOOL-LITTLETON          ,CO,80030-0000,Proprietary  ,30,77,107,80,243,323
02156200,DELTA - MONTROSE TECHNICAL COLLEGE      ,CO,81416-0000,Public       ,25,96,121,90,280,370
02160600,EMPIRE BEAUTY SCHOOL -THORNTON          ,CO,80241-1659,Proprietary  ,17,45,62,65,183,248
02165200,SALON PROFESSIONAL ACADEMY (THE)        ,CO,81504-5309,Proprietary  ,23,33,56,65,111,176
02167600,KAPLAN COLLEGE                          ,CO,80229-5309,Proprietary  ,10,88,98,37,326,363
02171300,TRINIDAD STATE JUNIOR COLLEGE           ,CO,81101-0000,Proprietary  ,0,1,1,0,2,2
02188700,DENVER ACAD OF COURT REPORTING          ,CO,80030-0000,Proprietary  ,1,23,24,16,173,189
02211901,CHEEKS INTERNATIONAL ACADEMY OF BEAUTY C,CO,80525-3053,Proprietary  ,0,17,17,24,75,99
02211902,CHEEKS INTERNATIONAL ACDMY BTY CULT     ,CO,80631-0000,Proprietary  ,4,18,22,18,65,83
02253700,INTELLITEC COLLEGE                      ,CO,80909-0000,Proprietary  ,58,325,383,131,675,806
02267500,GLENWOOD BEAUTY ACADEMY                 ,CO,81601-0000,Proprietary  ,10,34,44,18,49,67
02276900,COMMUNITY COLLEGE OF AURORA             ,CO,80011-9036,Public       ,683,2182,2865,2758,7133,9891
02518500,HAIR DYNAMICS EDUCATION CENTER          ,CO,80525-0000,Proprietary  ,25,57,82,101,181,282
02594300,COLLEGE AMERICA - DENVER                ,CO,80222-3380,Proprietary  ,108,592,700,397,2422,2819
02611000,HERITAGE COLLEGE                        ,CO,80212-7413,Proprietary  ,78,210,288,240,761,1001
03006300,INST OF BUSINESS & MEDICAL CAREERS      ,CO,80525-3044,Proprietary  ,93,289,382,330,1331,1661
03010622,VIRGINIA COLLEGE - ECOTECH INSTITUTE - A,CO,80014-1405,Proprietary  ,24,84,108,96,307,403
03012100,REMINGTON COLLEGE - COLORADO SPRINGS CAM,CO,80215-0000,Private      ,7,36,43,25,144,169
03013100,BOULDER COLLEGE OF MASSAGE THERAPY      ,CO,80301-3295,Private      ,26,80,106,96,265,361
03014900,PLATT COLLEGE                           ,CO,80014-3141,Proprietary  ,10,75,85,60,323,383
03027400,XENON INTERNATIONAL ACADEMY III         ,CO,80014-1193,Proprietary  ,17,32,49,64,120,184
03030606,UTAH COLLEGE OF MASSAGE THERAPY - DENVER,CO,80031-2921,Proprietary  ,30,66,96,73,174,247
03030607,UTAH COLLEGE OF MASSAGE THERAPY - DENVER,CO,80012-2523,Proprietary  ,17,60,77,67,166,233
03066900,INTELLITEC COLLEGE                      ,CO,81506-3994,Proprietary  ,84,340,424,170,629,799
03068201,OHIO CENTER FOR BROADCASTING - COLORADO ,CO,80214-4129,Proprietary  ,20,54,74,62,153,215
03076401,BRYMAN SCHOOL OF ARIZONA (THE) - ANTHEM ,CO,80014-2622,Proprietary  ,3,26,29,26,86,112
03289300,COLORADO HEIGHTS UNIVERSITY             ,CO,80236-2711,Private      ,28,188,216,113,390,503
03306300,MONTESSORI EDUC CRT OF THE ROCKIES      ,CO,80301-2587,Private      ,0,9,9,2,82,84
03534300,JONES INTERNATIONAL UNIVERSITY          ,CO,80112-3446,Proprietary  ,47,1842,1889,183,5536,5719
03545300,UNIVERSITY OF THE ROCKIES               ,CO,80903-3612,Proprietary  ,16,768,784,109,2492,2601
03584400,COLORADO SCHOOL OF HEALING ARTS         ,CO,80226-4332,Proprietary  ,24,66,90,68,235,303
03670300,TONI & GUY HAIRDRESSING ACADEMY         ,CO,80911-1713,Proprietary  ,32,66,98,76,189,265
03686300,COLORADO SCHOOL OF TRADITIONAL CHINESE M,CO,80206-2127,Proprietary  ,5,73,78,16,245,261
03776300,CULINARY SCHOOL OF THE ROCKIES          ,CO,80305-5961,Proprietary  ,39,85,124,224,353,577
03972300,CUTTIN' UP BEAUTY ACADEMY               ,CO,80220-0000,Proprietary  ,0,0,0,29,79,108
03976300,MASSAGE THERAPY INSTITUTE OF COLORADO   ,CO,80206-2127,Proprietary  ,15,54,69,77,199,276
04080300,ASPEN UNIVERSITY                        ,CO,80246-1930,Proprietary  ,14,181,195,101,615,716
04093300,ACADEMY OF NATURAL THERAPY              ,CO,80631-3425,Proprietary  ,17,43,60,45,124,169
04121200,INSTITUTE OF TAOIST EDUCATION AND ACUPUN,CO,80027-1028,Private      ,1,26,27,2,70,72
04125100,MONTESSORI CASA INTERNATIONAL           ,CO,80111-5263,Private      ,0,1,1,0,12,12
04127700,AMERICAN SENTINEL UNIVERSITY            ,CO,80014-6510,Proprietary  ,7,371,378,26,1104,1130
04139300,NATIONAL BEAUTY COLLEGE                 ,CO,80221-0000,Proprietary  ,4,58,62,41,150,191
04148300,DENVER SCHOOL OF NURSING                ,CO,80202-1213,Proprietary  ,54,260,314,306,1179,1485
04151100,SUMMIT SALON & BEAUTY SCHOOL            ,CO,80866-4569,Proprietary  ,0,11,11,0,30,30
04167100,AVEDA INSTITUTE DENVER                  ,CO,80202-0000,Proprietary  ,80,143,223,274,507,781
04170200,PAUL MITCHELL THE SCHOOL COLORADO SPRING,CO,80903-0000,Proprietary  ,56,107,163,150,364,514
04172500,ROLF INSTITUTE OF STRUCTURAL INTEGRATION,CO,80301-0000,Private      ,1,30,31,8,117,125
04173800,SALON PROFESSIONAL ACADEMY (THE)        ,CO,80918-2932,Proprietary  ,15,50,65,71,174,245
04177100,PIMA MEDICAL INSTITUTE-SOUTH DENVER     ,CO,80231-0000,Proprietary  ,38,131,169,178,539,717
04179700,UNITED BEAUTY COLLEGE                   ,CO,80223-2936,Proprietary  ,5,35,40,32,101,133
04183700,HEALING ARTS INSTITUTE                  ,CO,80525-3479,Proprietary  ,9,33,42,38,122,160
04184900,COLLEGE OF INTERNATIONAL ESTHETICS      ,CO,80002-3754,Proprietary  ,12,64,76,33,178,211
04185000,COLORADO ACADEMY OF VETERINARY TECHNOLOG,CO,80906-4944,Proprietary  ,21,55,76,106,186,292
04185400,NATIONAL PERSONAL TRAINING INSTITUTE OF ,CO,80401-3304,Proprietary  ,10,43,53,34,122,156
04195300,LONGS PEAK ACADEMY                      ,CO,80501-6458,Proprietary  ,13,33,46,13,33,46
04202600,NEW DIMENSIONS BEAUTY ACADEMY           ,CO,80138-9801,Proprietary  ,7,18,25,14,49,63
04208700,COLORADO STATE UNIVERSITY - GLOBAL CAMPU,CO,80111-0000,Public       ,60,1000,1060,79,1843,1922
00267811,BRYANT & STRATTON COLLEGE - VIRGINIA BEA,VA,23462-4417,Proprietary  ,201,953,1154,696,3517,4213
00370200,AVERETT UNIVERSITY                      ,VA,24541-3692,Private      ,102,442,544,1651,1492,3143
00370300,BLUEFIELD COLLEGE                       ,VA,24605-1799,Private      ,74,169,243,936,637,1573
00370400,BRIDGEWATER COLLEGE                     ,VA,22812-1599,Private      ,78,28,106,3554,217,3771
00370500,COLLEGE OF WILLIAM & MARY               ,VA,23187-8795,Public       ,286,299,585,11318,4699,16017
00370600,CHRISTOPHER NEWPORT UNIVERSITY          ,VA,23606-3072,Public       ,323,271,594,8333,1538,9871
00370700,RICHARD BLAND COLLEGE                   ,VA,23805-7100,Public       ,201,174,375,1618,805,2423
00370800,EASTERN MENNONITE UNIVERSITY            ,VA,22802-2462,Private      ,57,118,175,1304,567,1871
00370900,EMORY & HENRY COLLEGE                   ,VA,24327-0010,Private      ,64,26,90,1538,172,1710
00371100,FERRUM COLLEGE                          ,VA,24088-2612,Private      ,154,36,190,3255,353,3608
00371200,TIDEWATER COMMUNITY COLLEGE             ,VA,23510-1910,Public       ,2965,7088,10053,12125,25791,37916
00371300,HAMPDEN-SYDNEY COLLEGE                  ,VA,23943-0128,Private      ,59,7,66,1629,57,1686
00371400,HAMPTON UNIVERSITY                      ,VA,23668-0099,Private      ,568,606,1174,9037,3915,12952
00371500,HOLLINS UNIVERSITY                      ,VA,24020-0000,Private      ,36,88,124,866,634,1500
00371900,LONGWOOD UNIVERSITY                     ,VA,23909-1899,Public       ,260,145,405,5829,914,6743
00372000,LYNCHBURG COLLEGE                       ,VA,24501-3199,Private      ,230,200,430,3663,1081,4744
00372100,JAMES MADISON UNIVERSITY                ,VA,22807-3780,Public       ,982,330,1312,24979,3055,28034
00372300,MARY BALDWIN COLLEGE                    ,VA,24401-3610,Private      ,114,298,412,1769,1196,2965
00372400,MARYMOUNT UNIVERSITY                    ,VA,22207-4224,Private      ,224,412,636,2916,2556,5472
00372600,NATIONAL COLLEGE                        ,VA,24153-4524,Proprietary  ,129,998,1127,498,4544,5042
00372700,NORTHERN VA CMTY CLG                    ,VA,22003-3743,Public       ,3449,5165,8614,15839,19827,35666
00372800,OLD DOMINION UNIVERSITY                 ,VA,23529-0052,Public       ,1666,2803,4469,19712,15366,35078
00373200,RADFORD UNIVERSITY                      ,VA,24142-6905,Public       ,662,319,981,10961,2758,13719
00373300,RANDOLPH-MACON COLLEGE                  ,VA,23005-5505,Private      ,91,17,108,2983,178,3161
00373400,RANDOLPH COLLEGE                        ,VA,24503-1526,Private      ,53,42,95,920,174,1094
00373500,VIRGINIA COMMONWEALTH UNIVERSITY        ,VA,23284-9004,Public       ,1982,2308,4290,26556,15501,42057
00373600,ROANOKE COLLEGE                         ,VA,24153-3794,Private      ,125,42,167,3433,298,3731
00373700,SHENANDOAH UNIVERSITY                   ,VA,22601-5195,Private      ,179,296,475,3122,2193,5315
00373800,SOUTHERN VIRGINIA UNIVERSITY            ,VA,24416-3038,Private      ,139,84,223,1236,349,1585
00373900,ST PAULS COLLEGE                        ,VA,23868-1299,Private      ,29,45,74,452,316,768
00374200,SWEET BRIAR COLLEGE                     ,VA,24595-9998,Private      ,49,14,63,991,93,1084
00374300,UNION PRESBYTERIAN SEMINARY             ,VA,23227-0000,Private      ,2,22,24,6,113,119
00374400,UNIVERSITY OF RICHMOND                  ,VA,23173-0001,Private      ,155,438,593,7242,3372,10614
00374500,UNIVERSITY OF VIRGINIA - SFS            ,VA,22903-0000,Public       ,550,674,1224,21386,8892,30278
00374600,UNIVERSITY OF MARY WASHINGTON           ,VA,22401-5358,Public       ,253,268,521,5619,1551,7170
00374700,UNIV OF VIRGINIA'S COLLEGE AT WISE      ,VA,24293-4412,Public       ,148,111,259,2115,602,2717
00374800,EASTERN SHORE COMMUNITY COLLEGE         ,VA,23410-3001,Public       ,83,177,260,414,682,1096
00374900,GEORGE MASON UNIVERSITY                 ,VA,22030-4444,Public       ,937,1822,2759,21339,16719,38058
00375100,PATRICK HENRY COMMUNITY COLLEGE         ,VA,24112-5311,Public       ,321,798,1119,1244,2497,3741
00375200,VIRGINIA INTERMONT COLLEGE              ,VA,24201-4298,Private      ,61,94,155,563,326,889
00375300,VIRGINIA MILITARY INSTITUTE             ,VA,24450-2138,Public       ,92,17,109,2260,124,2384
00375400,VIRGINIA POLYTECH INST & STATE UNIV     ,VA,24061-2000,Public       ,904,655,1559,26672,5953,32625
00375800,DANVILLE COMMUNITY COLLEGE              ,VA,24541-4004,Public       ,406,839,1245,1592,2790,4382
00375900,J. SARGEANT REYNOLDS COMMUNITY CLG      ,VA,23285-0000,Public       ,1250,2983,4233,5796,11858,17654
00376000,VIRGINIA WESTERN CMTY COLLEGE           ,VA,24038-0000,Public       ,489,1046,1535,3038,4450,7488
00376100,WYTHEVILLE COMMUNITY COLLEGE            ,VA,24382-3308,Public       ,195,439,634,1346,1904,3250
00376200,VIRGINIA UNIVERSITY OF LYNCHBURG        ,VA,24501-6400,Private      ,93,161,254,452,840,1292
00376400,VIRGINIA STATE UNIVERSITY               ,VA,23806-0001,Public       ,779,733,1512,10976,3915,14891
00376500,NORFOLK STATE UNIVERSITY                ,VA,23504-8000,Public       ,897,1553,2450,9693,8111,17804
00376600,VIRGINIA UNION UNIVERSITY               ,VA,23220-1711,Private      ,377,378,755,5065,1814,6879
00376700,VIRGINIA WESLEYAN COLLEGE               ,VA,23502-5599,Private      ,206,242,448,3390,1028,4418
00376800,WASHINGTON & LEE UNIVERSITY             ,VA,24450-0303,Private      ,116,34,150,2927,1509,4436
00400400,JOHN TYLER COMMUNITY COLLEGE            ,VA,23831-5316,Public       ,1069,1755,2824,3953,6063,10016
00450301,"EVEREST COLLEGE- EVEREST COLLEGE, MCLEAN",VA,22102-3000,Proprietary  ,29,104,133,97,465,562
00450702,"EVEREST COLLEGE- EVEREST COLLEGE, ARLING",VA,22203-1905,Proprietary  ,15,100,115,91,449,540
00498800,CENTRAL VIRGINIA COMMUNITY COLLEGE      ,VA,24502-2498,Public       ,347,710,1057,1801,2539,4340
00499200,MILLER-MOTTE TECHNICAL COLLEGE          ,VA,24505-0000,Proprietary  ,86,327,413,256,1045,1301
00499600,DABNEY S LANCASTER COMMUNITY CLG        ,VA,24422-1000,Public       ,110,194,304,571,641,1212
00522300,NEW RIVER COMMUNITY COLLEGE             ,VA,24084-1127,Public       ,314,494,808,1660,2373,4033
00662200,COLLEGE OF HEALTH SCIENCES - CHRV       ,VA,24031-0000,Private      ,57,215,272,668,1180,1848
00681900,BLUE RIDGE COMMUNITY COLLEGE            ,VA,24486-0080,Public       ,372,584,956,2272,2483,4755
00687100,THOMAS NELSON COMMUNITY COLLEGE         ,VA,23670-0000,Public       ,810,2134,2944,4222,9373,13595
00709900,VIRGINIA HIGHLANDS COMMUNITY CLG        ,VA,24210-4210,Public       ,186,441,627,1054,1701,2755
00726000,SOUTHWEST VIRGINIA COMMUNITY CLG        ,VA,24641-1510,Public       ,273,541,814,1115,1641,2756
00859200,LOUISE OBICI SCHOOL OF NURSING          ,VA,23434-8038,Private      ,3,18,21,24,95,119
00865900,LORD FAIRFAX COMMUNITY COLLEGE          ,VA,22645-0047,Public       ,576,844,1420,2339,3000,5339
00866000,GERMANNA COMMUNITY COLLEGE              ,VA,22508-0339,Public       ,633,981,1614,2813,3931,6744
00866100,SOUTHSIDE VIRGINIA CMTY CLG             ,VA,23821-2930,Public       ,628,1190,1818,1676,2906,4582
00915900,PAUL D CAMP COMMUNITY COLLEGE           ,VA,23851-0737,Public       ,157,427,584,530,1266,1796
00916000,RAPPAHANNOCK COMMUNITY COLLEGE          ,VA,23149-2616,Public       ,256,508,764,993,1448,2441
00926700,EVEREST COLLEGE                         ,VA,23606-4203,Proprietary  ,36,227,263,135,760,895
00926701,EVEREST COLLEGE - CHESAPEAKE            ,VA,23320-2637,Proprietary  ,66,296,362,207,962,1169
00942000,SANFORD-BROWN COLLEGE                   ,VA,22182-3913,Proprietary  ,48,167,215,146,732,878
00953500,STAUNTON SCHOOL OF COSMETOLOGY          ,VA,24401-4323,Proprietary  ,6,20,26,27,59,86
00953700,VIRGINIA SCH OF HAIR DESIGN             ,VA,23669-0000,Proprietary  ,11,65,76,69,233,302
00962900,MOUNTAIN EMPIRE COMMUNITY COLLEGE       ,VA,24219-0700,Public       ,268,624,892,1158,1807,2965
00992800,PIEDMONT VIRGINIA COMMUNITY COLLEGE     ,VA,22902-7589,Public       ,363,791,1154,1716,2886,4602
01004300,BON SECOURS MEMORIAL COLLEGE OF NURSING ,VA,23227-4612,Private      ,28,173,201,322,834,1156
01019800,ECPI COLLEGE OF TECHNOLOGY              ,VA,23462-6542,Proprietary  ,725,2976,3701,2343,9947,12290
01033800,EASTERN VIRGINIA MEDICAL SCHOOL         ,VA,23501-1980,Public       ,29,208,237,134,1751,1885
01159600,RALPH'S VIRGINIA SCH OF COSMETOLOGY     ,VA,24501-2652,Proprietary  ,8,32,40,27,109,136
01162601,WESTWOOD COLLEGE - SOUTH BAY - ARLINGTON,VA,22203-4167,Proprietary  ,67,156,223,272,701,973
01162602,WESTWOOD COLLEGE - SOUTH BAY - ANNANDALE,VA,22003-2602,Proprietary  ,39,129,168,163,573,736
01274400,SOUTHSIDE REGIONAL MED CTR PROF SCHOOLS ,VA,23803-5133,Proprietary  ,13,72,85,90,351,441
02053000,LIBERTY UNIVERSITY                      ,VA,24502-0000,Private      ,1815,21273,23088,20174,73189,93363
02083602,TESST COLLEGE OF TECHNOLOGY - KAPLAN COL,VA,23320-4422,Proprietary  ,10,120,130,62,387,449
02108800,WARDS CORNER BEAUTY ACADEMY             ,VA,23505-0000,Proprietary  ,25,139,164,71,352,423
02111600,DANVILLE REGIONAL MEDICAL CENTER SCHOOL ,VA,24541-0000,Proprietary  ,17,35,52,54,133,187
02119203,COURT REPORTING INSTITUTE OF DALLAS - CO,VA,22203-4179,Proprietary  ,3,16,19,3,16,19
02128700,CENTRAL SCHOOL OF PRACTICAL NURSING     ,VA,23502-2230,Public       ,28,91,119,119,378,497
02140000,RIVERSIDE SCHOOL OF HEALTH CAREERS      ,VA,23608-3802,Private      ,43,179,222,225,839,1064
02175800,LYNCHBURG GENERAL HOSP SCH OF NURSG     ,VA,24501-0000,Private      ,19,63,82,112,279,391
02197600,WOODROW WILSON REHABILITATION CTR       ,VA,22939-0000,Public       ,15,7,22,41,37,78
02242400,HENRICO CTY ST MARYS HOSP PRAC NRSG     ,VA,23075-0000,Public       ,6,13,19,22,94,116
02304500,HERITAGE INSTITUTE                      ,VA,20111-0000,Proprietary  ,0,0,0,3,20,23
02320900,TIDEWATER TECH                          ,VA,23502-1747,Proprietary  ,74,325,399,240,985,1225
02334400,CENTURA COLLEGE                         ,VA,23452-0000,Proprietary  ,116,874,990,409,3729,4138
02342700,FORTIS COLLEGE                          ,VA,23502-4101,Proprietary  ,45,234,279,123,714,837
02342701,FORTIS COLLEGE - RICHMOND CAMPUS        ,VA,23236-3472,Proprietary  ,55,268,323,256,908,1164
02358500,BON SECOURS SAINT MARY'S HOSPITAL SCHOOL,VA,23227-4612,Private      ,24,99,123,120,428,548
02538800,SUFFOLK BEAUTY ACADEMY                  ,VA,23434-0000,Proprietary  ,6,39,45,24,105,129
02541200,STRATFORD UNIVERSITY                    ,VA,22043-0000,Proprietary  ,145,621,766,408,1902,2310
02541201,STRATFORD UNIVERSITY-WOODBRIDGE         ,VA,22192-0000,Proprietary  ,59,360,419,222,948,1170
02610100,WASHINGTON COUNTY ADULT SKILL CTR       ,VA,24210-2346,Public       ,9,45,54,46,158,204
03002400,GRAHAM WEBB INTERNATIONAL ACAD HAIR     ,VA,22209-2129,Proprietary  ,18,45,63,45,109,154
03010700,BAR PALMA BEAUTY CAREERS  ACADEMY       ,VA,24014-2255,Proprietary  ,12,41,53,37,108,145
03042800,"VIRGINIA BEACH CITY SCHOOLS, SCH.-PR.NSG",VA,23456-0038,Public       ,11,70,81,66,220,286
03091100,ACT COLLEGE                             ,VA,22209-2297,Proprietary  ,0,0,0,35,87,122
03091300,REGENT UNIVERSITY                       ,VA,23464-9800,Private      ,195,1581,1776,1731,6792,8523
03092700,SKYLINE COLLEGE                         ,VA,24012-1603,Proprietary  ,34,137,171,114,438,552
03096500,SPRINGFIELD BEAUTY ACADEMY              ,VA,22003-3016,Proprietary  ,5,66,71,12,110,122
03106500,SENTARA NORFOLK GENERAL HOSPITAL        ,VA,23320-2843,Private      ,37,146,183,203,760,963
03116900,BAPTIST THEOLOGICAL SEM.-RICHMOND       ,VA,23227-0000,Private      ,3,42,45,8,179,187
03126300,AVIATION INSTITUTE OF MAINTENANCE       ,VA,23320-5987,Proprietary  ,38,122,160,127,543,670
03126400,CENTURA COLLEGE                         ,VA,23235-5230,Proprietary  ,49,351,400,213,1115,1328
03127500,ADVANCED TECHNOLOGY INSTITUTE           ,VA,23462-2409,Proprietary  ,109,269,378,505,878,1383
03280400,VIRGINIA SCHOOL OF MASSAGE              ,VA,22903-0000,Proprietary  ,23,52,75,68,146,214
03409500,RICHMOND SCHOOL OF HEALTH AND TECH      ,VA,23227-0000,Proprietary  ,31,163,194,116,646,762
03455300,CRESCENT COSMETOLOGY UNIVERSITY         ,VA,23666-3115,Proprietary  ,2,25,27,16,77,93
03559300,APPALACHIAN SCHOOL OF LAW               ,VA,24614-0000,Private      ,3,54,57,14,560,574
03645400,RUDY & KELLY ACADEMY OF HAIR AND NA     ,VA,23464-6857,Proprietary  ,49,118,167,151,380,531
03654300,CAREER TRAINING SOLUTIONS               ,VA,22406-1014,Proprietary  ,44,215,259,161,770,931
03709300,EDWARD VIA VIRGINIA CLG OSTEOPATHIC MED ,VA,24060-6360,Private      ,2,24,26,11,859,870
03872400,INSTITUTE FOR THE PSYCHOLOGICAL SCIENCES,VA,22202-3609,Private      ,2,22,24,15,156,171
03876300,CULPEPER COSMETOLOGY TRAINING CENTER    ,VA,22701-3155,Public       ,9,21,30,27,72,99
03883400,AVIATION INSTITUTE OF MAINTENANCE       ,VA,20110-4156,Proprietary  ,37,165,202,80,345,425
04038400,AVI CAREER INSTITUTE                    ,VA,22066-1839,Proprietary  ,1,38,39,9,94,103
04110300,UNIVERSITY OF MANAGEMENT AND TECHNOLOGY ,VA,22209-1609,Proprietary  ,6,129,135,26,343,369
04124000,DOMINION SCHOOL OF HAIR DESIGN          ,VA,23062-2221,Proprietary  ,4,16,20,13,47,60
04127300,COLUMBIA COLLEGE                        ,VA,22031-4413,Proprietary  ,17,225,242,52,485,537
04133400,CENTURA COLLEGE                         ,VA,22312-2670,Proprietary  ,12,68,80,70,279,349
04133800,SOUTHEAST CULINARY & HOSPITALITY COLLEGE,VA,24201-4159,Proprietary  ,11,36,47,53,118,171
04137300,CAYCE/REILLY SCHOOL OF MASSOTHERAPY     ,VA,23451-2061,Private      ,5,33,38,16,94,110
04140000,GLOBAL HEALTH NURSE TRAINING SERVICES   ,VA,22314-4585,Proprietary  ,12,112,124,43,406,449
04153800,BETHEL COLLEGE                          ,VA,23666-3122,Private      ,12,45,57,49,148,197
04156200,INSTITUTE OF ADVANCED MEDICAL ESTHETICS ,VA,23294-4701,Proprietary  ,7,37,44,22,148,170
04169400,NORTHERN VIRGINIA SCHOOL OF THERAPEUTIC ,VA,22046-4302,Proprietary  ,4,34,38,24,108,132
04171500,COSMOPOLITAN BEAUTY & TECH SCHOOL       ,VA,22003-3204,Proprietary  ,3,93,96,13,162,175
04179900,TOMORROW'S IMAGE BARBER ACADEMY OF VIRGI,VA,23602-5532,Proprietary  ,3,37,40,3,38,41
04180600,APPALACHIAN COLLEGE OF PHARMACY         ,VA,24631-9210,Private      ,2,37,39,28,331,359
00107000,THUNDERBIRD SCHOOL OF GLOBAL MANAGEMENT ,AZ,85306-6000,Private      ,2,151,153,30,689,719
00107100,ARIZONA WESTERN COLLEGE                 ,AZ,85366-0000,Public       ,580,1075,1655,4829,4780,9609
00107200,COCHISE COLLEGE                         ,AZ,85607-6190,Public       ,328,804,1132,1561,2702,4263
00107300,EASTERN ARIZONA COLLEGE                 ,AZ,85552-0769,Public       ,305,420,725,1662,1646,3308
00107400,GRAND CANYON UNIVERSITY                 ,AZ,85017-3030,Proprietary  ,1486,18116,19602,10499,49089,59588
00107600,GLENDALE COMMUNITY COLLEGE              ,AZ,85302-3090,Public       ,2401,3889,6290,11244,14980,26224
00107700,MESA COMMUNITY COLLEGE                  ,AZ,85202-4866,Public       ,2940,5243,8183,12021,18845,30866
00107800,PHOENIX COLLEGE                         ,AZ,85013-4234,Public       ,1388,4015,5403,6590,14487,21077
00107900,YAVAPAI COLLEGE                         ,AZ,86301-3297,Public       ,349,926,1275,2209,4218,6427
00108100,ARIZONA STATE UNIV (ALL CAMPUSES)       ,AZ,85287-0412,Public       ,5076,7606,12682,57476,42395,99871
00108200,NORTHERN ARIZONA UNIVERSITY             ,AZ,86011-0001,Public       ,1846,2579,4425,29690,14875,44565
00108300,UNIVERSITY OF ARIZONA                   ,AZ,85721-0066,Public       ,2261,2404,4665,33497,16358,49855
00165701,MIDWESTERN UNIVERSITY                   ,AZ,85308-0000,Private      ,23,248,271,196,4120,4316
00446700,TUCSON COLLEGE                          ,AZ,85711-3781,Proprietary  ,71,264,335,278,765,1043
00711300,ARIZONA CHRISTIAN UNIVERSITY            ,AZ,85032-7097,Private      ,114,162,276,784,517,1301
00726600,PIMA COUNTY COMMUNITY COLLEGE           ,AZ,85709-1110,Public       ,2422,4745,7167,11441,17912,29353
00728300,CENTRAL ARIZONA COLLEGE                 ,AZ,85228-9779,Public       ,747,1486,2233,2976,4930,7906
00732911,ITT TECHNICAL INSTITUTE                 ,AZ,85282-9272,Proprietary  ,187,1023,1210,497,2110,2607
00732990,ITT TECHNICAL INSTITUTE                 ,AZ,85704-5829,Proprietary  ,250,839,1089,556,1749,2305
00822100,UNIVERSAL TECHNICAL INSTITUTE           ,AZ,85323-7946,Proprietary  ,1200,1241,2441,7577,6846,14423
00824600,DINè COLLEGE                            ,AZ,86556-0126,Public       ,286,543,829,926,1571,2497
00830300,GATEWAY COMMUNITY COLLEGE               ,AZ,85034-1795,Public       ,677,2466,3143,3357,8573,11930
00830302,MARICOPA SKILL CENTER                   ,AZ,85034-0000,Public       ,102,483,585,406,1493,1899
00830400,SCOTTSDALE COMMUNITY COLLEGE            ,AZ,85250-0000,Public       ,1032,1475,2507,4687,5524,10211
00886400,ARIZONA ACADEMY OF BEAUTY               ,AZ,85712-5021,Proprietary  ,17,69,86,94,193,287
00886500,ARTISTIC BEAUTY COLLEGES-TUCSON         ,AZ,85716-3999,Proprietary  ,28,87,115,114,280,394
01084700,ARIZONA AUTOMOTIVE INSTITUTE            ,AZ,85301-3503,Proprietary  ,101,233,334,339,937,1276
01085800,AVALON SCHOOL OF COSMETOLOGY            ,AZ,85210-4010,Proprietary  ,180,291,471,408,757,1165
01168900,REFRIGERATION SCHOOL                    ,AZ,85034-0000,Proprietary  ,52,305,357,134,900,1034
01180200,ARIZONA ACADEMY OF BEAUTY-NORTH         ,AZ,85705-2720,Proprietary  ,13,52,65,39,130,169
01180800,ARTISTIC BEAUTY COLLEGES-FLAGSTAFF      ,AZ,86004-5119,Proprietary  ,51,77,128,155,261,416
01186200,NORTHLAND PIONEER COLLEGE               ,AZ,86025-0610,Public       ,171,480,651,709,1826,2535
01186400,MOHAVE COMMUNITY COLLEGE                ,AZ,86409-1238,Public       ,430,1246,1676,1520,4708,6228
01218400,INTERNATIONAL ACAD OF HAIR DESIGN       ,AZ,85225-7198,Proprietary  ,29,75,104,80,235,315
01234300,ARTISTIC BEAUTY COLLEGES-PHOENIX        ,AZ,85304-0000,Proprietary  ,55,99,154,155,326,481
01293700,ARTISTIC BEAUTY COLLEGES - PARADISE VALL,AZ,85257-0000,Proprietary  ,39,73,112,123,286,409
02065300,PRESCOTT COLLEGE                        ,AZ,86301-0000,Private      ,87,268,355,783,1189,1972
02071200,KAPLAN COLLEGE                          ,AZ,85029-4349,Proprietary  ,102,600,702,393,1970,2363
02098800,UNIVERSITY OF PHOENIX                   ,AZ,85040-0000,Proprietary  ,6593,120683,127276,17533,325802,343335
02100500,UNIVERSAL TECHNICAL INSTITUTE           ,AZ,85027-0000,Proprietary  ,912,1545,2457,5748,8220,13968
02100600,CARRINGTON COLLEGE                      ,AZ,85015-4096,Proprietary  ,455,1395,1850,1487,4438,5925
02113800,ROBERTO-VENN SCH OF LUTHIERY            ,AZ,85040-0000,Proprietary  ,4,24,28,28,69,97
02146600,SOUTH MOUNTAIN COMMUNITY COLLEGE        ,AZ,85040-0000,Public       ,753,1620,2373,2858,4928,7786
02160305,COLLINS COLLEGE                         ,AZ,85040-4000,Proprietary  ,98,253,351,629,1130,1759
02160306,INTERNATIONAL ACADEMY OF DESIGN AND TECH,AZ,85281-6705,Proprietary  ,9,20,29,57,86,143
02171500,WESTERN INTERNATIONAL UNIVERSITY        ,AZ,85021-0000,Proprietary  ,14,742,756,79,2210,2289
02177500,RIO SALADO COMMUNITY COLLEGE            ,AZ,85281-6948,Public       ,832,6575,7407,3073,21430,24503
02192300,MARICOPA BEAUTY COLLEGE                 ,AZ,85323-0000,Proprietary  ,0,0,0,36,74,110
02199900,AMERICAN INDIAN CLG-ASSEMBLIES GOD      ,AZ,85021-0000,Private      ,13,36,49,59,147,206
02217100,PIMA MEDICAL INSTITUTE                  ,AZ,85716-0000,Proprietary  ,774,2328,3102,2564,7459,10023
02218800,BROOKLINE COLLEGE                       ,AZ,85021-5815,Proprietary  ,95,512,607,394,1856,2250
02218804,BROOKLINE COLLEGE - MESA                ,AZ,85204-4448,Proprietary  ,69,257,326,209,764,973
02218805,BROOKLINE COLLEGE - TUCSON              ,AZ,85711-5444,Proprietary  ,80,259,339,259,865,1124
02220300,ARTISTIC BEAUTY COLLEGES-GLENDALE       ,AZ,85051-0000,Proprietary  ,40,137,177,162,433,595
02221302,MARINELLO SCHOOL OF BEAUTY - SPA ACADEMY,AZ,85201-5205,Proprietary  ,13,33,46,36,108,144
02263100,ANTHEM COLLEGE                          ,AZ,85014-0000,Proprietary  ,247,1043,1290,732,3694,4426
02280500,CHARLES OF ITALY BEAUTY COLLEGE         ,AZ,86403-0000,Proprietary  ,9,33,42,38,101,139
02295000,EVEREST COLLEGE                         ,AZ,85021-1610,Proprietary  ,154,1010,1164,536,3531,4067
02295002,EVEREST COLLEGE - MESA                  ,AZ,85206-4704,Proprietary  ,46,322,368,196,1065,1261
02317800,AMERICAN INSTITUTE OF TECHNOLOGY        ,AZ,85043-0000,Proprietary  ,52,515,567,195,1258,1453
02491500,THE ART CENTER DESIGN COLLEGE           ,AZ,85716-0000,Proprietary  ,68,168,236,250,496,746
02521500,LAMSON COLLEGE                          ,AZ,85284-1141,Proprietary  ,9,19,28,24,98,122
02533200,FRANK LLOYD WRIGHT SCHOOL OF ARCHITECTUR,AZ,85261-4430,Private      ,1,10,11,30,65,95
02559000,UNIVERSITY OF ADVANCING TECHNOLOGY      ,AZ,85283-0000,Proprietary  ,170,213,383,1174,864,2038
02561900,BRILLARE HAIRDRESSING ACADEMY           ,AZ,85254-3301,Proprietary  ,31,49,80,76,121,197
02582700,CORTIVA INSTITUTE - TUCSON              ,AZ,85710-3503,Proprietary  ,35,111,146,81,287,368
02616700,LE CORDON BLEU COLLEGE OF CULINARY ARTS ,AZ,85251-2729,Proprietary  ,179,505,684,786,2054,2840
02623600,PARADISE VALLEY COMMUNITY COLLEGE       ,AZ,85032-1210,Public       ,879,1529,2408,3832,5468,9300
02623800,CORTIVA INSTITUTE - SCOTTSDALE          ,AZ,85257-4218,Proprietary  ,13,29,42,29,92,121
03005000,SAFFORD COLLEGE OF BEAUTY CULTURE       ,AZ,85546-3309,Proprietary  ,3,22,25,6,56,62
03010613,VIRGINIA COLLEGE - GOLF ACADEMY OF ARIZO,AZ,85225-6742,Proprietary  ,10,24,34,56,182,238
03030604,UTAH COLLEGE OF MASSAGE THERAPY - ARIZON,AZ,85282-0000,Proprietary  ,44,91,135,108,269,377
03030605,UTAH COLLEGE OF MASSAGE THERAPY - ARIZON,AZ,85051-3470,Proprietary  ,32,113,145,129,374,503
03034400,CONSERVATORY RECORDING ARTS & SCIS      ,AZ,85282-1707,Proprietary  ,117,163,280,700,807,1507
03072200,CHANDLER-GILBERT COMMUNITY COLLEGE      ,AZ,85225-2499,Public       ,1325,1973,3298,5800,7107,12907
03076400,BRYMAN SCHOOL OF ARIZONA                ,AZ,85029-4919,Proprietary  ,253,811,1064,740,2405,3145
03097800,CARSTEN INSTITUTE OF HAIR & BEAUTY      ,AZ,85282-5404,Proprietary  ,36,65,101,90,190,280
03100400,COCONINO COUNTY COMMUNITY COLLEGE       ,AZ,86001-2701,Public       ,352,572,924,1857,2504,4361
03107000,SOUTHWEST CLG OF NATUROPATHIC MED       ,AZ,85282-0000,Private      ,9,95,104,25,633,658
03115000,ARIZONA COLLEGE OF ALLIED HEALTH        ,AZ,85302-3843,Proprietary  ,95,364,459,305,1062,1367
03120300,COLLEGE AMERICA                         ,AZ,86004-3936,Proprietary  ,53,317,370,249,1220,1469
03156300,ESTRELLA MOUNTAIN COMMUNITY COLLEGE     ,AZ,85392-1010,Public       ,1042,1911,2953,4782,7268,12050
03347300,INTERNATIONAL BAPTIST COLLEGE           ,AZ,85282-6799,Private      ,17,20,37,45,42,87
03445300,HDS TRUCK DRIVING INSTITUTE             ,AZ,85731-0000,Proprietary  ,10,74,84,24,170,194
03478400,PHOENIX SEMINARY                        ,AZ,85018-7611,Private      ,2,38,40,5,205,210
03572300,EAST VALLEY INSTITUTE OF TECHNOLOGY     ,AZ,85201-6910,Public       ,98,246,344,415,818,1233
03593300,SOUTHWEST INSTITUTE OF HEALING ARTS     ,AZ,85281-3658,Proprietary  ,51,433,484,201,1590,1791
03617500,PHOENIX INSTITUTE OF HERBAL MEDICINE & A,AZ,85012-0000,Proprietary  ,15,134,149,67,420,487
03695500,ARIZONA SCHOOL OF ACUPUNCTURE AND ORIENT,AZ,85712-1100,Proprietary  ,5,47,52,20,135,155
03784400,TOHONO O'ODHAM COMMUNITY COLLEGE        ,AZ,85634-3129,Public       ,34,74,108,74,130,204
03813300,NORTHCENTRAL UNIVERSITY                 ,AZ,86314-2336,Proprietary  ,19,1719,1738,118,5482,5600
03814300,TURNING POINT BEAUTY COLLEGE            ,AZ,85222-4229,Proprietary  ,8,33,41,26,80,106
04051300,ART INSTITUTE OF PHOENIX (THE)          ,AZ,85021-2859,Proprietary  ,1944,5911,7855,6920,21332,28252
04051306,ART INSTITUTE OF PHOENIX (THE) - ART INS,AZ,85712-2732,Proprietary  ,82,128,210,541,659,1200
04051325,ART INSTITUTE OF PHOENIX (THE) - BROWN M,AZ,85712-5300,Proprietary  ,74,285,359,260,948,1208
04051327,ART INSTITUTE OF PHOENIX (THE) - BROWN M,AZ,85029-1348,Proprietary  ,34,111,145,190,364,554
04059300,TUCSON COLLEGE OF BEAUTY                ,AZ,85705-2451,Proprietary  ,22,52,74,73,166,239
04120900,ARIZONA CULINARY INSTITUTE              ,AZ,85259-4939,Proprietary  ,48,105,153,282,404,686
04131400,PHOENIX SCHOOL OF LAW                   ,AZ,85012-3330,Proprietary  ,21,594,615,109,2029,2138
04139200,UNIVERSAL BARBER COLLEGE                ,AZ,85007-3914,Proprietary  ,34,116,150,106,314,420
04148700,AMERICAN INSTITUTE OF INTERIOR DESIGN   ,AZ,85268-3827,Proprietary  ,3,25,28,20,63,83
04152900,STUDIO ACADEMY OF BEAUTY (THE)          ,AZ,85224-3600,Proprietary  ,29,90,119,76,228,304
04157400,NATIONAL PARALEGAL COLLEGE              ,AZ,85014-1262,Proprietary  ,25,385,410,87,1445,1532
04172100,CCIC BEAUTY COLLEGE                     ,AZ,85345-2410,Proprietary  ,6,28,34,24,71,95
04174100,PAUL MITCHELL THE SCHOOL PHOENIX        ,AZ,85017-1919,Proprietary  ,42,150,192,164,396,560
04174200,ALL BEAUTY COLLEGE                      ,AZ,86426-8326,Proprietary  ,10,31,41,30,98,128
04175300,KOHLER ACADEMY                          ,AZ,85254-4065,Proprietary  ,21,38,59,74,152,226
04177500,PURE AESTHETICS                         ,AZ,85711-2328,Proprietary  ,6,46,52,19,109,128
04191200,CLASSIC COOKING ACADEMY                 ,AZ,85255-8699,Private      ,5,19,24,46,58,104
04194500,AVEDA INSTITUTE TUCSON                  ,AZ,85719-4876,Proprietary  ,17,56,73,97,197,294
00142800,DELAWARE STATE UNIVERSITY               ,DE,19901-2277,Public       ,479,515,994,9257,2773,12030
00142900,GOLDEY BEACOM COLLEGE                   ,DE,19808-1993,Private      ,112,170,282,665,598,1263
00143100,UNIVERSITY OF DELAWARE                  ,DE,19716-0099,Public       ,791,464,1255,26748,3351,30099
00143300,WESLEY COLLEGE                          ,DE,19901-3875,Private      ,199,173,372,2670,787,3457
00143301,WESLEY COLLEGE-CTR FOR ADULT STUDIE     ,DE,19720-0000,Private      ,8,77,85,46,305,351
00331301,WIDENER UNIV SCHOOL OF LAW - DE         ,DE,19803-0000,Private      ,10,136,146,87,1556,1643
00705300,DELAWARE TECH & CMTY COLLEGE-OWENS      ,DE,19947-0000,Public       ,429,763,1192,2405,3261,5666
00794800,WILMINGTON UNIVERSITY                   ,DE,19720-6491,Private      ,568,2629,3197,2755,8929,11684
01172700,DELAWARE TECH & CMTY CLG-TERRY          ,DE,19901-8736,Public       ,330,694,1024,2047,2868,4915
02125200,BEEBE SCHOOL OF NURSING                 ,DE,19958-1462,Private      ,7,27,34,72,126,198
02144900,DELAWARE TECH & CMTY CLG-STANTN/WLM     ,DE,19801-0000,Public       ,618,1116,1734,4012,4872,8884
02190400,SCHILLING DOUGLAS SCH OF HAIR DSGN      ,DE,19711-0000,Proprietary  ,23,34,57,66,126,192
02586902,STAR TECHNICAL INSTITUTE -              ,DE,19901-4615,Proprietary  ,11,38,49,42,127,169
03025800,DAWN TRAINING CENTRE                    ,DE,19805-1511,Proprietary  ,52,266,318,138,877,1015
03543300,HARRIS SCHOOL OF BUSINESS               ,DE,19803-5341,Proprietary  ,57,183,240,128,441,569
03702300,DELAWARE LEARNING INSTITUTE OF COSMETOLO,DE,19939-9759,Proprietary  ,16,31,47,48,112,160
04130700,ACADEMY OF MASSAGE AND BODYWORK         ,DE,19701-1321,Proprietary  ,16,24,40,31,66,97
04139800,DELAWARE COLLEGE OF ART & DESIGN        ,DE,19801-3007,Private      ,30,39,69,494,153,647
04171100,DELAWARE ACADEMY PAUL MITCHELL PARTNER S,DE,19702-5108,Proprietary  ,41,54,95,99,132,231
        ,FEDERAL STUDENT AID USE ONLY            ,DC,20202-0000,,0,0,0,1,1,2
        ,OFFICIAL USE ONLY                       ,DC,20202-0000,,0,1,1,0,1,1
00143400,AMERICAN UNIVERSITY                     ,DC,20016-8020,Private      ,253,745,998,13994,10246,24240
00143700,CATHOLIC UNIVERSITY OF AMERICA          ,DC,20064-0002,Private      ,260,464,724,5819,2569,8388
00143711,"CATHOLIC UNIV AMERICA, LAW SCHOOL       ",DC,20064-0000,Private      ,6,126,132,75,1597,1672
00144100,UNIV OF THE DISTRICT OF COLUMBIA        ,DC,20008-0000,Public       ,497,1491,1988,2951,6832,9783
00144102,UNIV OF THE DIST OF COLU -SCHOOL OF LAW ,DC,20008-1173,Public       ,14,87,101,55,1019,1074
00144300,GALLAUDET UNIVERSITY                    ,DC,20002-3695,Private      ,121,163,284,1019,1166,2185
00144400,GEORGE WASHINGTON UNIVERSITY            ,DC,20052-2353,Private      ,420,1657,2077,14317,12077,26394
00144402,GEORGE WASHINGTON UNIV LAW SCHL         ,DC,20052-0000,Private      ,6,336,342,66,3786,3852
00144403,GEORGE WASHINGTON UNIV SCH MED          ,DC,20052-0000,Private      ,7,114,121,107,1713,1820
00144500,GEORGETOWN UNIVERSITY                   ,DC,20057-1252,Private      ,384,940,1324,13418,5014,18432
00144501,"GEORGETOWN UNIV, SCH OF MEDICINE        ",DC,20007-0000,Private      ,15,79,94,114,1593,1707
00144502,GEORGETOWN UNIVERSITY - GRADUATE SCHOOL ,DC,20057-0004,Private      ,3,644,647,70,4940,5010
00144503,GEORGETOWN UNIV LAW CENTER              ,DC,20001-0000,Private      ,13,251,264,75,5169,5244
00144800,HOWARD UNIVERSITY                       ,DC,20059-0001,Private      ,655,1080,1735,16772,10107,26879
00145900,STRAYER UNIVERSITY                      ,DC,20005-2603,Proprietary  ,583,12948,13531,1702,48078,49780
00146000,TRINITY UNIVERSITY                      ,DC,20017-1004,Private      ,115,539,654,1561,3054,4615
00146400,WESLEY THEOLOGICAL SEMINARY             ,DC,20016-0000,Private      ,0,70,70,4,322,326
00207701,JOHNS HOPKINS UNIV SCH ADV INTL STU     ,DC,20036-0000,Private      ,7,101,108,62,1557,1619
01006500,WASHINGTON THEOLOGICAL UNION            ,DC,20012-0000,Private      ,0,9,9,3,46,49
01195000,THE CORCORAN COLLEGE OF ART & DESIG     ,DC,20006-4804,Private      ,28,86,114,481,489,970
01280300,DOMINICAN HOUSE OF STUDIES              ,DC,20017-1584,Private      ,0,6,6,3,26,29
02132800,NAT'L CONSERVATORY DRAMATIC ARTS        ,DC,20007-2758,Private      ,3,17,20,17,62,79
02588900,SANZ SCHOOL                             ,DC,20006-0000,Proprietary  ,151,563,714,256,1084,1340
03104300,CAREER BLAZERS LEARNING CENTER OF WASHIN,DC,20037-1881,Proprietary  ,34,315,349,53,574,627
03218300,POTOMAC COLLEGE                         ,DC,20016-1860,Proprietary  ,21,168,189,71,560,631
03409600,BENNETT CAREER INSTITUTE                ,DC,20017-1754,Proprietary  ,33,129,162,115,355,470
03750300,TECHNICAL LEARNING CENTERS              ,DC,20006-3749,Proprietary  ,23,202,225,66,482,548
04114400,INSTITUTE OF WORLD POLITICS (THE)       ,DC,20036-1464,Private      ,0,36,36,12,240,252
04142700,PONTIFICAL JOHN PAUL II INSTITUTE FOR ST,DC,20064-0001,Private      ,0,7,7,1,39,40
00154100,ABRAHAM BALDWIN AGRICULTURAL CLG        ,GA,31794-0000,Public       ,546,560,1106,3216,2190,5406
00154200,AGNES SCOTT COLLEGE                     ,GA,30030-3770,Private      ,69,108,177,1502,553,2055
00154300,DARTON COLLEGE                          ,GA,31707-3098,Public       ,898,1964,2862,4268,7056,11324
00154400,ALBANY STATE UNIVERSITY                 ,GA,31705-2796,Public       ,868,1386,2254,8102,5749,13851
00154500,ANDREW COLLEGE                          ,GA,39840-1395,Private      ,64,30,94,458,115,573
00154600,ARMSTRONG ATLANTIC STATE UNIVERSITY     ,GA,31419-1997,Public       ,790,1228,2018,7114,6310,13424
00154700,POINT UNIVERSITY                        ,GA,30344-1999,Private      ,173,347,520,948,1436,2384
00155200,AUGUSTA STATE UNIVERSITY                ,GA,30904-2200,Public       ,612,1008,1620,5814,5599,11413
00155400,BERRY COLLEGE                           ,GA,30149-5007,Private      ,192,69,261,3753,378,4131
00155500,THOMAS UNIVERSITY                       ,GA,31792-7499,Private      ,122,417,539,524,1434,1958
00155600,BRENAU UNIVERSITY                       ,GA,30501-3668,Private      ,171,896,1067,1654,3915,5569
00155700,BREWTON PARKER COLLEGE                  ,GA,30445-0000,Private      ,93,78,171,624,269,893
00155800,COASTAL GEORGIA COMMUNITY COLLEGE       ,GA,31520-3644,Public       ,474,703,1177,2285,2987,5272
00155900,CLARK ATLANTA UNIVERSITY                ,GA,30314-4385,Private      ,1123,1261,2384,13415,6745,20160
00156000,COLUMBIA THEOLOGICAL SEMINARY           ,GA,30031-0000,Private      ,1,37,38,8,253,261
00156100,COLUMBUS STATE UNIVERSITY               ,GA,31907-5645,Public       ,1005,1510,2515,7555,6658,14213
00156200,GEORGIA PERIMETER COLLEGE               ,GA,30021-0000,Public       ,3461,5445,8906,17375,24964,42339
00156300,EMMANUEL COLLEGE                        ,GA,30639-0000,Private      ,74,43,117,888,248,1136
00156400,EMORY UNIVERSITY                        ,GA,30322-1960,Private      ,460,1196,1656,13614,11332,24946
00156600,FORT VALLEY STATE UNIVERSITY            ,GA,31030-3298,Public       ,732,664,1396,5831,3100,8931
00156700,GAINESVILLE STATE COLLEGE               ,GA,30503-0000,Public       ,1167,878,2045,7037,4574,11611
00156800,INTERDENOMINATIONAL THEOLOGY CENTER     ,GA,30314-0000,Private      ,2,235,237,11,713,724
00156900,GEORGIA INSTITUTE OF TECHNOLOGY         ,GA,30332-0002,Public       ,1036,1035,2071,18865,6679,25544
00157000,SOUTHERN POLYTECHNIC STATE UNIV         ,GA,30060-2896,Public       ,487,824,1311,4766,4756,9522
00157100,GEORGIA MILITARY COLLEGE                ,GA,31061-3398,Public       ,1473,2034,3507,5111,6439,11550
00157200,GEORGIA SOUTHERN UNIVERSITY             ,GA,30460-8065,Public       ,2256,1679,3935,24618,8514,33132
00157300,GEORGIA SOUTHWESTERN STATE UNIV         ,GA,31709-4693,Public       ,386,574,960,3083,2582,5665
00157400,GEORGIA STATE UNIVERSITY                ,GA,30303-3010,Public       ,3666,5689,9355,32420,31195,63615
00157500,GORDON COLLEGE                          ,GA,30204-1762,Public       ,818,696,1514,4825,3419,8244
00157700,KENNESAW STATE UNIVERSITY               ,GA,30144-5591,Public       ,2435,2921,5356,22349,16932,39281
00157800,LAGRANGE COLLEGE                        ,GA,30240-2999,Private      ,68,126,194,1422,654,2076
00157900,MEDICAL COLLEGE OF GEORGIA              ,GA,30912-0004,Public       ,120,526,646,793,3428,4221
00158000,MERCER UNIVERSITY                       ,GA,31207-0003,Private      ,490,2001,2491,5141,9398,14539
00158100,MIDDLE GEORGIA COLLEGE                  ,GA,31014-1599,Public       ,435,507,942,3237,2338,5575
00158200,MOREHOUSE COLLEGE                       ,GA,30314-3773,Private      ,553,373,926,5162,1655,6817
00158500,NORTH GEORGIA COLLEGE & STATE UNIV      ,GA,30597-0001,Public       ,659,516,1175,6931,2930,9861
00158600,OGLETHORPE UNIVERSITY                   ,GA,30319-2737,Private      ,154,174,328,2144,849,2993
00158700,PAINE COLLEGE                           ,GA,30901-3182,Private      ,169,212,381,1502,903,2405
00158800,PIEDMONT COLLEGE                        ,GA,30535-5644,Private      ,142,502,644,1221,2024,3245
00158900,REINHARDT UNIVERSITY                    ,GA,30183-2981,Private      ,212,142,354,1539,604,2143
00159000,SAVANNAH STATE UNIVERSITY               ,GA,31404-5298,Public       ,1198,973,2171,8290,4133,12423
00159100,SHORTER UNIVERSITY                      ,GA,30165-4298,Private      ,231,670,901,2121,3124,5245
00159200,SOUTH GEORGIA COLLEGE                   ,GA,31533-8104,Public       ,497,387,884,2137,1473,3610
00159400,SPELMAN COLLEGE                         ,GA,30314-4399,Private      ,465,311,776,6974,1988,8962
00159600,TOCCOA FALLS COLLEGE                    ,GA,30598-0001,Private      ,77,65,142,948,305,1253
00159700,TRUETT MCCONNELL COLLEGE                ,GA,30528-1264,Private      ,105,54,159,742,203,945
00159800,UNIVERSITY OF GEORGIA                   ,GA,30602-6114,Public       ,2749,1949,4698,30279,12870,43149
00159900,VALDOSTA STATE UNIVERSITY               ,GA,31698-0001,Public       ,1767,1638,3405,14502,7089,21591
00160000,WESLEYAN COLLEGE                        ,GA,31210-4407,Private      ,59,194,253,581,807,1388
00160100,UNIV OF WEST GEORGIA                    ,GA,30118-0002,Public       ,1475,1492,2967,12931,7082,20013
00160200,GEORGIA COLLEGE & STATE UNIVERSITY      ,GA,31061-0490,Public       ,782,547,1329,7487,2682,10169
00160400,YOUNG HARRIS COLLEGE                    ,GA,30582-4137,Private      ,111,35,146,1364,159,1523
00348400,COVENANT COLLEGE                        ,GA,30750-4164,Private      ,81,29,110,1363,158,1521
00395600,DALTON STATE COLLEGE                    ,GA,30720-3797,Public       ,370,588,958,4199,3774,7973
00402400,GEORGIA NORTHWESTERN TECHNICAL COLLEGE  ,GA,30161-6757,Public       ,700,1759,2459,2828,7523,10351
00411700,GRADY HEALTH SYSTEM                     ,GA,30303-3050,Public       ,44,261,305,191,1018,1209
00489808,MCCANN SCHOOL OF BUSINESS & TECHNOLOGY -,GA,31210-0246,Proprietary  ,7,43,50,35,166,201
00525400,LANIER TECHNICAL COLLEGE                ,GA,30566-3499,Public       ,271,861,1132,1415,4059,5474
00525500,MOULTRIE TECHNICAL COLLEGE              ,GA,31768-0000,Public       ,271,788,1059,605,2118,2723
00525600,WIREGRASS GEORGIA TECHNICAL COLLEGE     ,GA,31602-0929,Public       ,687,1860,2547,1887,5314,7201
00551100,OKEFENOKEE TECHNICAL COLLEGE            ,GA,31501-4016,Public       ,235,754,989,534,1606,2140
00559900,AUGUSTA TECHNICAL COLLEGE               ,GA,30906-3399,Public       ,647,1861,2508,2441,6566,9007
00560000,ATHENS TECHNICAL COLLEGE                ,GA,30601-1579,Public       ,697,1432,2129,2722,5415,8137
00560100,ALBANY TECHNICAL COLLEGE                ,GA,31701-2648,Public       ,629,2350,2979,1657,6247,7904
00561500,SOUTHWEST GEORGIA TECHNICAL COLLEGE     ,GA,31792-2622,Public       ,223,605,828,854,2318,3172
00561700,SOUTH GEORGIA TECHNICAL COLLEGE         ,GA,31709-8167,Public       ,376,940,1316,897,1820,2717
00561800,SAVANNAH TECHNICAL COLLEGE              ,GA,31405-5594,Public       ,897,2552,3449,2539,8030,10569
00561900,NORTH GEORGIA TECHNICAL COLLEGE         ,GA,30523-0000,Public       ,464,768,1232,1454,2517,3971
00562000,CHATTAHOOCHEE TECHNICAL COLLEGE         ,GA,30060-3398,Public       ,2143,3998,6141,6372,13058,19430
00562100,SOUTHERN CRESCENT TECHNICAL COLLEGE     ,GA,30223-2097,Public       ,726,1788,2514,2191,6217,8408
00562101,SOUTHERN CRESCENT TECHNICAL COLLEGE     ,GA,30286-4752,Public       ,71,247,318,215,732,947
00562200,DEKALB TECHNICAL COLLEGE                ,GA,30021-0000,Public       ,605,2271,2876,1867,7549,9416
00562400,COLUMBUS TECHNICAL COLLEGE              ,GA,31904-6572,Public       ,859,2234,3093,2275,5811,8086
00576300,CENTRAL GEORGIA TECHNICAL COLLEGE       ,GA,31206-3628,Public       ,686,2139,2825,1940,6578,8518
00772800,MACON STATE COLLEGE                     ,GA,31206-5145,Public       ,774,1484,2258,4543,6466,11009
00854300,ATLANTA TECHNICAL COLLEGE               ,GA,30310-4499,Public       ,904,3505,4409,3108,11485,14593
00897600,CLAYTON STATE UNIVERSITY                ,GA,30260-0285,Public       ,933,2318,3251,6578,11190,17768
00927000,ART INSTITUTE OF ATLANTA (THE)          ,GA,30328-1649,Proprietary  ,1603,1778,3381,8852,7510,16362
00950700,GEORGIA HIGHLANDS COLLEGE               ,GA,30162-0000,Public       ,1047,1079,2126,4652,4461,9113
01031903,MEDIX SCHOOL                            ,GA,30080-7630,Proprietary  ,76,255,331,200,787,987
01035601,EVEREST INSTITUTE - DEKALB              ,GA,30035-3420,Proprietary  ,30,185,215,127,664,791
01048700,WEST GEORGIA TECHNICAL COLLEGE          ,GA,30182-6476,Public       ,906,1892,2798,3442,7502,10944
01077100,GUPTON JONES COLLEGE                    ,GA,30035-4022,Private      ,52,152,204,185,481,666
01099700,EAST GEORGIA COLLEGE                    ,GA,30401-2699,Public       ,780,455,1235,3576,1714,5290
01107400,BAINBRIDGE COLLEGE                      ,GA,39819-8400,Public       ,480,1552,2032,1237,4148,5385
01110901,EVEREST COLLEGE - EVEREST INSTITUTE     ,GA,30067-8340,Proprietary  ,61,309,370,171,902,1073
01110902,EVEREST COLLEGE - ATLANTA               ,GA,30331-2620,Proprietary  ,98,429,527,367,1410,1777
01112301,EVEREST COLLEGE - EVEREST INSTITUTE- NOR,GA,30093-2813,Proprietary  ,78,290,368,205,955,1160
01157400,BAUDER COLLEGE                          ,GA,30313-2439,Proprietary  ,126,498,624,532,2055,2587
01205100,PRO WAY HAIR SCHOOL                     ,GA,30083-2884,Proprietary  ,29,143,172,80,303,383
01216500,ATLANTA METROPOLITAN COLLEGE            ,GA,30310-4498,Public       ,917,1946,2863,3720,7395,11115
01303900,SOUTH UNIVERSITY                        ,GA,31406-4881,Proprietary  ,1027,8532,9559,3176,24395,27571
02055000,WAYCROSS COLLEGE                        ,GA,31503-0000,Public       ,146,247,393,698,863,1561
02060900,BROWN CLG OF COURT REPORTING & M.T.     ,GA,30318-2570,Proprietary  ,11,157,168,43,512,555
02074800,LIFE UNIVERSITY                         ,GA,30060-0000,Private      ,90,385,475,578,3107,3685
02113613,AMERICAN INTERCONTINENTAL UNIVERSITY    ,GA,30328-1649,Proprietary  ,217,997,1214,1236,3885,5121
02116000,SANFORD-BROWN COLLEGE                   ,GA,30328-4803,Proprietary  ,93,392,485,347,1520,1867
02141500,SAVANNAH COLLEGE OF ART & DESIGN        ,GA,31402-3146,Private      ,1284,1120,2404,11523,5355,16878
02202800,AUGUSTA AREA DIET INTERN UNIV HOSP      ,GA,30901-0000,Private      ,4,24,28,14,84,98
02217200,PORTFOLIO CENTER                        ,GA,30309-0000,Proprietary  ,26,122,148,84,290,374
02266200,AMERICAN PROFESSIONAL INSTITUTE         ,GA,31201-3185,Proprietary  ,71,389,460,181,970,1151
02284300,INTERACTIVE COLLEGE OF TECHNOLOGY       ,GA,30341-0000,Proprietary  ,68,519,587,187,1338,1525
02284308,INTERACTIVE LEARNING SYSTEMS            ,GA,30260-0000,Proprietary  ,15,103,118,46,254,300
02284309,INTERACTIVE COLLEGE OF TECHNOLOGY       ,GA,30501-0000,Proprietary  ,19,121,140,77,335,412
02285500,"CREATIVE CIRCUS, THE                    ",GA,30324-0000,Proprietary  ,18,59,77,87,321,408
02288400,GWINNETT TECHNICAL COLLEGE              ,GA,30043-5702,Public       ,979,2293,3272,3871,10147,14018
02313902,WESTWOOD COLLEGE - O'HARE AIRPORT - ATLA,GA,30345-2807,Proprietary  ,58,232,290,237,855,1092
02321400,ROFFLER-MOLER HAIRSTYLING COLLEGE       ,GA,30062-0000,Proprietary  ,30,38,68,79,145,224
02354500,SOUTHEASTERN BEAUTY SCHOOLS             ,GA,31906-0000,Proprietary  ,23,60,83,40,153,193
02482100,MOREHOUSE SCHOOL OF MEDICINE            ,GA,30310-0000,Private      ,30,83,113,238,935,1173
02502700,ADVANCED CAREER TRAINING                ,GA,30329-0000,Proprietary  ,82,335,417,344,1241,1585
02502701,ADVANCED CAREER TRAINING-RIVERDALE      ,GA,30274-0000,Proprietary  ,20,116,136,54,324,378
02508600,MIDDLE GEORGIA TECHNICAL COLLEGE        ,GA,31088-2730,Public       ,600,1639,2239,1455,4060,5515
02520000,INTERNATIONAL SCH SKIN & NAILCARE       ,GA,30342-1119,Proprietary  ,25,147,172,69,395,464
02577000,ESANI INSTITUTE                         ,GA,30297-0000,Proprietary  ,42,85,127,87,187,274
02577700,BEAUTY COLLEGE OF AMERICA               ,GA,30297-0000,Proprietary  ,16,43,59,59,167,226
02580200,ATLANTA SCHOOL OF MASSAGE               ,GA,30338-0000,Proprietary  ,51,186,237,178,659,837
02583000,GWINNETT COLLEGE OF BUSINESS            ,GA,30047-3447,Proprietary  ,26,189,215,117,652,769
02607600,CAPELLI LEARNING CTR FOR COSM           ,GA,30324-0000,Proprietary  ,25,59,84,108,276,384
02614206,MILLER - MOTTE TECHNICAL COLLEGE - COLUM,GA,31907-3222,Proprietary  ,73,353,426,241,1296,1537
02614207,MILLER - MOTTE TECHNICAL COLLEGE - AUGUS,GA,30907-0921,Proprietary  ,84,356,440,229,1061,1290
03005400,GEORGIA CAREER INSTITUTE                ,GA,30013-2076,Proprietary  ,92,298,390,227,702,929
03010619,VIRGINIA COLLEGE - AUGUSTA              ,GA,30909-5515,Proprietary  ,74,338,412,262,1220,1482
03010623,VIRGINIA COLLEGE - MACON                ,GA,31206-3180,Proprietary  ,31,203,234,151,848,999
03022601,WESTERN CULINARY INSTITUTE - LE CORDON B,GA,30084-5893,Proprietary  ,86,234,320,397,968,1365
03030000,OGEECHEE TECHNICAL COLLEGE              ,GA,30458-8049,Public       ,466,955,1421,1526,2953,4479
03032100,ALTAMAHA TECHNICAL COLLEGE              ,GA,31545-4465,Public       ,283,695,978,652,1901,2553
03042700,LAURUSTECHNICAL INSTITUTE               ,GA,30030-1506,Proprietary  ,23,190,213,78,433,511
03066500,SOUTHEASTERN TECHNICAL COLLEGE          ,GA,30474-8817,Public       ,197,637,834,555,1888,2443
03072304,EVEREST COLLEGE - EVEREST INSTITUTE     ,GA,30236-0000,Proprietary  ,48,295,343,138,841,979
03076300,BEULAH HEIGHTS BIBLE COLLEGE            ,GA,30316-1873,Private      ,16,330,346,42,920,962
03079202,WESTWOOD COLLEGE - ATLANTA MIDTOWN      ,GA,30309-2848,Proprietary  ,176,530,706,606,1874,2480
03081500,SOUTHEASTERN BEAUTY SCHOOL              ,GA,31917-0000,Proprietary  ,21,74,95,63,226,289
03089100,GEORGIA INSTITUTE OF COSMETOLOGY        ,GA,30606-3152,Proprietary  ,55,163,218,192,512,704
03090600,COBB BEAUTY COLLEGE                     ,GA,30144-2828,Proprietary  ,17,60,77,67,195,262
03100900,LUTHER RICE UNIVERSITY                  ,GA,30038-2454,Private      ,12,257,269,64,1226,1290
03102000,RIVERTOWN SCHOOL OF BEAUTY              ,GA,31904-4747,Proprietary  ,42,115,157,92,317,409
03104500,ATLANTA INSTITUTE OF MUSIC              ,GA,30096-4988,Proprietary  ,108,168,276,408,514,922
03116100,VOGUE BEAUTY AND BARBER SCHOOL          ,GA,30141-2226,Proprietary  ,33,95,128,76,242,318
03155500,OCONEE FALL LINE TECHNICAL COLLEGE      ,GA,31082-6179,Public       ,178,556,734,368,1281,1649
03155504,OCONEE FALL LINE TECHNICAL COLLEGE - SOU,GA,31021-0560,Public       ,111,296,407,305,860,1165
03173300,ATLANTA'S JOHN MARSHALL LAW SCHOOL      ,GA,30309-0000,Proprietary  ,16,356,372,76,1682,1758
03232304,LINCOLN COLLEGE OF TECHNOLOGY           ,GA,30067-8638,Proprietary  ,35,162,197,91,480,571
03418300,GWINNETT COLLEGE-SANDY SPRINGS          ,GA,30328-3161,Proprietary  ,19,126,145,94,370,464
03445500,FAYETTE BEAUTY ACADEMY                  ,GA,30214-1191,Proprietary  ,7,27,34,34,93,127
03523300,AVIATION INSTITUTE OF MAINTENANCE       ,GA,30045-0000,Proprietary  ,59,180,239,256,832,1088
03635300,CARVER BIBLE COLLEGE                    ,GA,30331-1300,Private      ,11,101,112,38,265,303
03748300,KEVOSNIK SCHOOL OF HAIR DESIGN          ,GA,31021-0000,Proprietary  ,1,23,24,9,59,68
03753400,MICHAEL'S SCHOOL OF BEAUTY              ,GA,30909-0000,Proprietary  ,12,47,59,44,172,216
03804400,JAVELIN TECHNICAL TRAINING CENTER       ,GA,30339-6040,Proprietary  ,50,259,309,119,642,761
03812300,OMNITECH INSTITUTE                      ,GA,30035-1206,Proprietary  ,22,126,148,77,346,423
04021300,AUGUSTA SCHOOL OF MASSAGE               ,GA,30809-0000,Proprietary  ,4,32,36,23,94,117
04051331,ART INSTITUTE OF PHOENIX (THE) - BROWN M,GA,30319-3054,Proprietary  ,49,169,218,200,603,803
04091300,SAVANNAH SCHOOL OF MASSAGE THERAPY      ,GA,31406-2711,Private      ,23,98,121,78,335,413
04126800,ACADEMY OF SOMATIC HEALING ARTS (ASHA)  ,GA,30071-1024,Proprietary  ,11,84,95,39,210,249
04142900,GEORGIA GWINNETT COLLEGE                ,GA,30043-7409,Public       ,1478,1155,2633,9992,6419,16411
04147000,PAUL MITCHELL THE SCHOOL ATLANTA        ,GA,30318-5241,Proprietary  ,90,174,264,331,610,941
04147700,LAKE LANIER SCHOOL OF MASSAGE           ,GA,30501-4546,Proprietary  ,21,78,99,62,204,266
04149900,PROFILE INSTITUTE OF BARBER-STYLING     ,GA,30315-8459,Proprietary  ,18,84,102,73,274,347
04150900,PROCESS INSTITUTE OF COSMETOLOGY (THE)  ,GA,30043-7344,Proprietary  ,31,59,90,94,180,274
04152300,GEORGIA BEAUTY ACADEMY                  ,GA,30721-3952,Proprietary  ,23,53,76,84,201,285
04156500,GEORGIA CHRISTIAN UNIVERSITY            ,GA,30047-3778,Private      ,10,22,32,52,103,155
04160200,ATLANTA BEAUTY ACADEMY                  ,GA,30340-1334,Proprietary  ,25,152,177,75,359,434
04204500,ELAINE STERLING INSTITUTE(THE)          ,GA,30342-2633,Proprietary  ,9,63,72,15,135,150
04206600,SAE INSTITUTE OF TECHNOLOGY - ATLANTA   ,GA,30303-1736,Proprietary  ,72,151,223,104,225,329
00162800,AMERICAN ACADEMY OF ART                 ,IL,60604-4302,Proprietary  ,97,80,177,1089,427,1516
00163300,AUGUSTANA COLLEGE                       ,IL,61201-2296,Private      ,95,39,134,4580,239,4819
00163400,AURORA UNIVERSITY                       ,IL,60506-4892,Private      ,282,678,960,3880,3207,7087
00163600,SOUTHWESTERN ILLINOIS COLLEGE           ,IL,62221-5899,Public       ,1014,1986,3000,4355,6626,10981
00163800,BLACK HAWK COLLEGE                      ,IL,61265-5899,Public       ,420,731,1151,2587,3086,5673
00163900,BLACKBURN COLLEGE                       ,IL,62626-1498,Private      ,39,27,66,783,148,931
00164000,PRAIRIE STATE COLLEGE                   ,IL,60411-8226,Public       ,700,1336,2036,3456,5788,9244
00164100,BRADLEY UNIVERSITY                      ,IL,61625-0002,Private      ,191,174,365,8145,1339,9484
00164300,SPOON RIVER COLLEGE                     ,IL,61520-8907,Public       ,119,210,329,849,1001,1850
00164700,CITY COLLEGES OF CHICAGO                ,IL,60606-6998,Public       ,263,912,1175,2244,3979,6223
00164800,TRUMAN COLLEGE                          ,IL,60640-5691,Public       ,657,1655,2312,4194,7172,11366
00164900,RICHARD J DALEY COLLEGE                 ,IL,60652-1299,Public       ,742,1528,2270,4102,6367,10469
00165000,CITY COLLEGES OF CHICAGO-MALCOLM X      ,IL,60612-3197,Public       ,777,2530,3307,4666,9792,14458
00165200,HAROLD WASHINGTON COLLEGE               ,IL,60601-2403,Public       ,1540,2505,4045,9466,10759,20225
00165400,KENNEDY KING COLLEGE                    ,IL,60621-3798,Public       ,683,2501,3184,3854,9582,13436
00165500,WRIGHT COLLEGE                          ,IL,60634-1591,Public       ,1010,1821,2831,6798,7746,14544
00165700,MIDWESTERN UNIVERSITY                   ,IL,60515-1200,Private      ,11,159,170,134,3432,3566
00165900,ROSALIND FRANKLIN UNIVERSITY OF MEDICINE,IL,60064-3095,Private      ,2,152,154,61,2748,2809
00166100,CHICAGO THEOLOGICAL SEMINARY            ,IL,60637-0000,Private      ,1,52,53,17,257,274
00166300,SPERTUS COLLEGE                         ,IL,60605-1995,Private      ,1,19,20,3,102,105
00166400,UNIVERSITY OF ST FRANCIS                ,IL,60435-6188,Private      ,120,459,579,2279,2440,4719
00166500,COLUMBIA COLLEGE                        ,IL,60605-1996,Private      ,1114,966,2080,15470,6342,21812
00166600,CONCORDIA UNIVERSITY                    ,IL,60305-1499,Private      ,116,735,851,2834,4083,6917
00166900,DANVILLE AREA COMMUNITY COLLEGE         ,IL,61832-5199,Public       ,222,481,703,1088,1714,2802
00167100,DEPAUL UNIVERSITY                       ,IL,60604-2287,Private      ,1241,2726,3967,24012,17689,41701
00167400,EASTERN ILLINOIS UNIVERSITY             ,IL,61920-3099,Public       ,781,568,1349,12040,4099,16139
00167500,ELGIN COMMUNITY COLLEGE                 ,IL,60123-7193,Public       ,717,953,1670,4406,4752,9158
00167600,ELMHURST COLLEGE                        ,IL,60126-3296,Private      ,233,205,438,4596,1373,5969
00167800,EUREKA COLLEGE                          ,IL,61530-9976,Private      ,36,31,67,1192,272,1464
00168100,HIGHLAND COMMUNITY COLLEGE              ,IL,61032-9341,Public       ,141,314,455,962,1226,2188
00168200,GARRETT-EVANGELICAL THEOLOGICAL SEM     ,IL,60201-0000,Private      ,0,68,68,3,299,302
00168400,GREENVILLE COLLEGE                      ,IL,62246-1199,Private      ,70,154,224,1801,722,2523
00168500,HEBREW THEOLOGICAL COLLEGE              ,IL,60077-3263,Private      ,34,8,42,534,28,562
00168800,ILLINOIS COLLEGE                        ,IL,62650-2299,Private      ,39,42,81,1869,227,2096
00168900,ILLINOIS COLLEGE OF OPTOMETRY           ,IL,60616-3878,Private      ,3,32,35,39,756,795
00169100,ILLINOIS INSTITUTE OF TECHNOLOGY        ,IL,60616-0000,Private      ,233,551,784,3548,2844,6392
00169103,CHICAGO KENT COLLEGE OF LAW             ,IL,60661-0000,Private      ,13,189,202,78,2247,2325
00169200,ILLINOIS STATE UNIVERSITY               ,IL,61790-1000,Public       ,1233,607,1840,23684,5323,29007
00169300,NORTHEASTERN ILLINOIS UNIV              ,IL,60625-4699,Public       ,623,1522,2145,8602,9168,17770
00169400,CHICAGO STATE UNIVERSITY                ,IL,60628-1598,Public       ,751,2352,3103,7274,13651,20925
00169600,ILLINOIS WESLEYAN UNIVERSITY            ,IL,61701-0000,Private      ,70,38,108,3551,269,3820
00169800,JOHN MARSHALL LAW SCHOOL                ,IL,60604-0000,Private      ,12,327,339,86,2747,2833
00169900,JOLIET JUNIOR COLLEGE                   ,IL,60431-8938,Public       ,1041,1628,2669,7935,7700,15635
00170000,JUDSON UNIVERSITY                       ,IL,60123-1498,Private      ,79,192,271,1100,805,1905
00170100,KASKASKIA COLLEGE                       ,IL,62801-7878,Public       ,377,837,1214,1701,2436,4137
00170300,KENDALL COLLEGE                         ,IL,60622-4278,Proprietary  ,142,410,552,1362,2385,3747
00170400,KNOX COLLEGE                            ,IL,61401-4999,Private      ,59,23,82,2310,165,2475
00170500,ILLINOIS VALLEY COMMUNITY COLLEGE       ,IL,61348-9692,Public       ,194,350,544,1587,1829,3416
00170600,LAKE FOREST COLLEGE                     ,IL,60045-2399,Private      ,44,36,80,2517,237,2754
00170700,LEWIS UNIVERSITY                        ,IL,60446-2200,Private      ,342,823,1165,5973,3975,9948
00170800,LINCOLN CHRISTIAN UNIVERSITY            ,IL,62656-2167,Private      ,41,149,190,513,698,1211
00170900,LINCOLN COLLEGE                         ,IL,62656-1699,Private      ,97,148,245,1273,736,2009
00171000,LOYOLA UNIVERSITY CHICAGO               ,IL,60626-0000,Private      ,687,1534,2221,18447,13275,31722
00171200,LUTHERAN SCHOOL OF THEOL AT CHICAGO     ,IL,60615-0000,Private      ,0,33,33,3,148,151
00171600,MACCORMAC COLLEGE                       ,IL,60602-4405,Private      ,14,67,81,67,239,306
00171700,MACMURRAY COLLEGE                       ,IL,62650-2590,Private      ,53,50,103,965,377,1342
00172100,MCCORMICK THEOLOGICAL SEMINARY          ,IL,60615-5108,Private      ,1,32,33,5,164,169
00172200,MCKENDREE UNIVERSITY                    ,IL,62254-1299,Private      ,101,358,459,1871,1543,3414
00172300,MEADVILLE LOMBARD THEOLOGICAL SCHOOL    ,IL,60637-1602,Private      ,0,6,6,2,84,86
00172400,MILLIKIN UNIVERSITY                     ,IL,62522-2084,Private      ,154,156,310,3547,997,4544
00172500,MONMOUTH COLLEGE                        ,IL,61462-1963,Private      ,57,8,65,2047,161,2208
00172700,MOODY BIBLE INSTITUTE                   ,IL,60610-3214,Private      ,160,393,553,1853,1651,3504
00172800,MORTON COLLEGE                          ,IL,60804-4398,Public       ,594,666,1260,2862,2427,5289
00173200,NATIONAL UNIV OF HEALTH SCIENCES        ,IL,60148-4583,Private      ,9,136,145,60,1010,1070
00173300,NATIONAL-LOUIS UNIVERSITY               ,IL,60603-3032,Private      ,67,1367,1434,469,6256,6725
00173400,NORTH CENTRAL COLLEGE                   ,IL,60540-4690,Private      ,170,199,369,4268,1075,5343
00173500,NORTH PARK UNIVERSITY                   ,IL,60625-4895,Private      ,238,428,666,3665,2158,5823
00173600,NORTHERN BAPTIST THEOL SEMINARY         ,IL,60148-0000,Private      ,0,30,30,2,88,90
00173700,NORTHERN ILLINOIS UNIVERSITY            ,IL,60115-2854,Public       ,1530,1622,3152,24131,11163,35294
00173900,NORTHWESTERN UNIV                       ,IL,60208-0001,Private      ,421,1371,1792,21092,11070,32162
00174100,OLIVET NAZARENE UNIVERSITY              ,IL,60914-2271,Private      ,180,578,758,3695,2376,6071
00174200,IL EASTERN COMM COLGS-OLNEY CENTRAL     ,IL,62450-1099,Public       ,70,151,221,661,690,1351
00174500,QUINCY UNIVERSITY                       ,IL,62301-2699,Private      ,39,103,142,1707,885,2592
00174600,ROBERT MORRIS UNIVERSITY ILLINOIS       ,IL,60605-1225,Private      ,437,1111,1548,6209,6299,12508
00174700,ROCK VALLEY COLLEGE                     ,IL,61114-5699,Public       ,550,1144,1694,3636,5298,8934
00174800,ROCKFORD COLLEGE                        ,IL,61108-2393,Private      ,126,287,413,1519,1427,2946
00174900,ROOSEVELT UNIVERSITY                    ,IL,60605-1394,Private      ,387,1355,1742,6055,7894,13949
00175000,DOMINICAN UNIVERSITY                    ,IL,60305-1066,Private      ,96,308,404,3336,2029,5365
00175200,SAUK VALLEY COMMUNITY COLLEGE           ,IL,61021-9112,Public       ,124,268,392,1070,1239,2309
00175300,SCHOOL OF ART INSTITUTE OF CHICAGO      ,IL,60603-3013,Private      ,258,271,529,4666,2845,7511
00175600,SHIMER COLLEGE                          ,IL,60616-3893,Private      ,11,7,18,132,68,200
00175700,SOUTHEASTERN ILLINOIS COLLEGE           ,IL,62946-4925,Public       ,102,226,328,710,798,1508
00175800,SOUTHERN ILL UNIV-CARBONDALE            ,IL,62901-0000,Public       ,1208,1728,2936,18988,9892,28880
00175900,SOUTHERN ILL UNIV-EDWARDSVILLE          ,IL,62026-1060,Public       ,781,996,1777,14217,6715,20932
00175924,SO IL UNIV-SCHL OF DENTAL MEDICINE      ,IL,62002-0000,Public       ,0,26,26,12,198,210
00176100,SPRINGFIELD COLLEGE IN ILLINOIS         ,IL,62702-2694,Private      ,35,107,142,327,477,804
00176500,UNIVERSITY OF ST MARY OF THE LAKE       ,IL,60060-0000,Private      ,0,11,11,1,19,20
00176700,BENEDICTINE UNIVERSITY                  ,IL,60532-0900,Private      ,202,752,954,3557,4348,7905
00176800,ST XAVIER UNIVERSITY                    ,IL,60655-3199,Private      ,277,716,993,6311,4177,10488
00176900,SOUTH SUBURBAN COLLEGE                  ,IL,60473-9978,Public       ,836,1876,2712,3485,7559,11044
00177100,TRINITY CHRISTIAN COLLEGE               ,IL,60463-0929,Private      ,57,187,244,1390,966,2356
00177200,TRINITY INTERNATIONAL UNIVERSITY        ,IL,60015-1283,Private      ,79,280,359,965,1157,2122
00177300,TRITON COLLEGE                          ,IL,60171-1995,Public       ,972,1528,2500,4649,5657,10306
00177400,UNIVERSITY OF CHICAGO                   ,IL,60637-1476,Private      ,551,513,1064,18881,4596,23477
00177401,UNIV OF CHICAGO PRITZKER SCH OF MED     ,IL,60637-0000,Private      ,5,29,34,78,668,746
00177403,"UNIV OF CHICAGO, BOOTH SCH OF BUS       ",IL,60637-0000,Private      ,17,462,479,141,1665,1806
00177405,UNIVERSITY OF CHICAGO GRADUATE          ,IL,60637-0000,Private      ,10,342,352,135,5041,5176
00177500,UNIV OF ILLINOIS @ URBANA-CHAMPAIGN     ,IL,61820-5796,Public       ,1217,895,2112,33515,9966,43481
00177600,UNIV OF ILLINOIS AT CHICAGO             ,IL,60607-0000,Public       ,1456,2588,4044,28110,21414,49524
00177800,VANDERCOOK COLLEGE OF MUSIC             ,IL,60616-3731,Private      ,10,19,29,206,124,330
00177900,IL EASTERN COMM COLGS-WABASH VALLEY     ,IL,62863-2699,Public       ,56,129,185,467,460,927
00178000,WESTERN ILLINOIS UNIVERSITY             ,IL,61455-1390,Public       ,990,808,1798,14194,4950,19144
00178100,WHEATON COLLEGE                         ,IL,60187-5535,Private      ,84,98,182,3123,660,3783
00178300,WORSHAM COLLEGE OF MORTUARY SCIENCE     ,IL,60090-2646,Proprietary  ,12,32,44,74,136,210
00396100,HARPER COLLEGE                          ,IL,60067-7398,Public       ,1030,1361,2391,5865,5266,11131
00456000,GEM CITY COLLEGE                        ,IL,62301-4949,Proprietary  ,5,22,27,25,60,85
00456800,MIDSTATE COLLEGE                        ,IL,61614-3558,Proprietary  ,34,226,260,139,943,1082
00621400,BLESSING RIEMAN COLLEGE OF NURSING      ,IL,62301-0000,Private      ,10,33,43,171,237,408
00621401,BLESSING HOSPITAL - SCHOOL OF MEDICAL LA,IL,62305-7005,Private      ,3,7,10,16,42,58
00621402,BLESSING HOSPITAL - SCHOOL OF RADIOLOGIC,IL,62305-7005,Private      ,4,11,15,41,50,91
00622500,TRINITY COLLEGE OF NURSING AND HEALTH SC,IL,61201-5317,Private      ,11,37,48,127,227,354
00622800,METHODIST MED CTR OF ILL SCH NRSNG      ,IL,61636-0000,Private      ,21,76,97,343,646,989
00624000,ST FRANCIS MED CLG OF NRSG              ,IL,61603-3783,Private      ,18,74,92,367,633,1000
00638500,CHAMBERLAIN COLLEGE OF NURSING          ,IL,60101-0000,Proprietary  ,283,2844,3127,2076,14397,16473
00665600,COLLEGE OF DUPAGE                       ,IL,60137-6599,Public       ,2022,2750,4772,10881,10615,21496
00675300,ILLINOIS CENTRAL COLLEGE                ,IL,61635-0001,Public       ,666,1410,2076,4464,5455,9919
00693100,WAUBONSEE COMMUNITY COLLEGE             ,IL,60554-0000,Public       ,686,1064,1750,3617,4355,7972
00711800,PARKLAND COLLEGE                        ,IL,61821-1899,Public       ,778,1093,1871,5169,4403,9572
00711900,REND LAKE COLLEGE                       ,IL,62846-9801,Public       ,243,430,673,1338,1642,2980
00717000,LINCOLN LAND COMMUNITY COLLEGE          ,IL,62794-9256,Public       ,413,931,1344,2878,4448,7326
00726500,CARL SANDBURG COLLEGE                   ,IL,61401-9576,Public       ,145,340,485,1151,1681,2832
00730307,LINCOLN COLLEGE OF TECHNOLOGY - MELROSE ,IL,60160-1605,Proprietary  ,135,150,285,798,689,1487
00750103,VATTEROTT COLLEGE - FAIRVIEW HEIGHTS    ,IL,62208-2029,Proprietary  ,60,220,280,96,321,417
00754900,COYNE AMERICAN INSTITUTE                ,IL,60607-1300,Proprietary  ,136,504,640,460,1454,1914
00764400,LAKE LAND COLLEGE                       ,IL,61938-9366,Public       ,319,552,871,2503,2443,4946
00768400,KISHWAUKEE COLLEGE                      ,IL,60150-9699,Public       ,418,499,917,2575,2377,4952
00769000,KANKAKEE COMMUNITY COLLEGE              ,IL,60901-6505,Public       ,314,684,998,1713,3001,4714
00769100,MCHENRY COUNTY COLLEGE                  ,IL,60012-2761,Public       ,450,562,1012,2512,2304,4816
00769200,MORAINE VALLEY COMMUNITY COLLEGE        ,IL,60465-0937,Public       ,1033,1446,2479,7375,6468,13843
00769300,SHAWNEE COMMUNITY COLLEGE               ,IL,62992-9725,Public       ,164,401,565,795,1148,1943
00769400,COLLEGE OF LAKE COUNTY                  ,IL,60030-1198,Public       ,1233,1812,3045,5086,5722,10808
00793700,MS ROBERTS ACADEMY OF BEAUTY CULT       ,IL,60181-2930,Proprietary  ,12,25,37,29,66,95
00807600,JOHN A LOGAN COLLEGE                    ,IL,62918-2500,Public       ,388,650,1038,2220,2641,4861
00809003,EVEREST COLLEGE - BEDFORD PARK          ,IL,60629-5819,Proprietary  ,21,69,90,110,286,396
00814604,EVEREST UNIVERSITY - EVEREST  COLLEGE   ,IL,60803-4517,Proprietary  ,26,193,219,96,650,746
00825900,EDUCATORS OF BEAUTY                     ,IL,61081-3611,Proprietary  ,14,27,41,51,108,159
00825901,EDUCATORS OF BEAUTY                     ,IL,61104-0000,Proprietary  ,10,35,45,48,124,172
00832800,ALVAREITA'S COLLEGE OF COSMETOLOGY      ,IL,62025-2041,Proprietary  ,14,40,54,47,121,168
00854500,ROCKFORD CAREER  COLLEGE                ,IL,61108-3900,Proprietary  ,46,220,266,252,989,1241
00869402,RASMUSSEN COLLEGE - ROCKFORD            ,IL,61108-2513,Proprietary  ,51,287,338,300,1447,1747
00869403,RASMUSSEN COLLEGE - AURORA              ,IL,60506-6219,Proprietary  ,33,139,172,197,792,989
00869404,RASMUSSEN COLLEGE - ROMEOVILLE          ,IL,60446-0000,Proprietary  ,40,148,188,220,799,1019
00869418,RASMUSSEN COLLEGE -  MOKENA             ,IL,60448-0000,Proprietary  ,18,107,125,77,413,490
00888000,MORRISON INSTITUTE OF TECHNOLOGY        ,IL,61270-2959,Private      ,7,7,14,127,36,163
00893800,GRAHAM HOSPITAL SCH OF NURSING          ,IL,61520-2497,Private      ,5,10,15,42,105,147
00893900,CANNELLA SCHOOL OF HAIR DESIGN          ,IL,60406-2130,Proprietary  ,12,26,38,33,110,143
00914500,GOVERNORS STATE UNIVERSITY              ,IL,60466-0975,Public       ,174,1357,1531,1485,7540,9025
00923200,CATHOLIC THEOLOGICAL UNION              ,IL,60615-0000,Private      ,1,22,23,7,76,83
00933300,UNIV OF ILLINOIS AT SPRINGFIELD         ,IL,62703-5407,Public       ,216,700,916,2797,3680,6477
00947500,EDUCATORS OF BEAUTY                     ,IL,61301-2404,Proprietary  ,7,12,19,30,29,59
00959500,CANNELLA SCHOOL OF HAIR DESIGN          ,IL,60617-4303,Proprietary  ,21,80,101,128,254,382
00976700,OLIVE-HARVEY COLLEGE                    ,IL,60628-1696,Public       ,594,1648,2242,2495,5933,8428
00978600,IL EASTERN COMM COLGS-LINCOLN TRAIL     ,IL,62454-5708,Public       ,58,109,167,370,424,794
00980000,RUSH UNIVERSITY                         ,IL,60612-3806,Private      ,41,353,394,449,3541,3990
00989600,OAKTON COMMUNITY COLLEGE                ,IL,60016-1268,Public       ,620,854,1474,4130,3705,7835
00998700,SAINT ANTHONY COLLEGE OF NURSING        ,IL,61108-2468,Private      ,19,68,87,201,487,688
01002000,LEWIS AND CLARK COMMUNITY COLLEGE       ,IL,62035-2466,Public       ,544,913,1457,2355,2932,5287
01050100,LAKEVIEW  COLLEGE OF NURSING            ,IL,61832-3781,Private      ,12,37,49,196,305,501
01069500,TRI-COUNTY BEAUTY ACADEMY               ,IL,62056-2036,Proprietary  ,2,11,13,10,27,37
01071000,CAPITAL AREA SCH OF PRAC NRSG           ,IL,62707-0000,Public       ,16,119,135,87,639,726
01072700,DEVRY UNIVERSITY                        ,IL,60618-5994,Proprietary  ,2188,12065,14253,15607,77465,93072
01083600,PIVOT POINT INTNL CSMTLGY RSRCH CTR     ,IL,60626-0000,Proprietary  ,90,162,252,406,612,1018
01087900,RICHLAND COMMUNITY COLLEGE              ,IL,62521-8513,Public       ,244,656,900,1070,2223,3293
01102401,EVEREST COLLEGE - CHICAGO               ,IL,60604-2052,Proprietary  ,91,334,425,636,1315,1951
01151002,EVEREST INSTITUTE - EVEREST COLLEGE     ,IL,60542-1610,Proprietary  ,56,169,225,178,490,668
01181000,TAYLOR BUSINESS INSTITUTE               ,IL,60606-5111,Proprietary  ,16,80,96,47,223,270
01185204,ITT TECHNICAL INSTITUTE - ORLAND PARK CA,IL,60467-4900,Proprietary  ,0,1,1,0,1,1
01185800,EVEREST COLLEGE                         ,IL,60077-1074,Proprietary  ,59,177,236,235,648,883
01185802,EVEREST COLLEGE - BURR RIDGE            ,IL,60527-7826,Proprietary  ,51,130,181,127,381,508
01185803,EVEREST COLLEGE - MELROSE PARK          ,IL,60160-1526,Proprietary  ,53,163,216,158,529,687
01236200,NORTHWESTERN COLLEGE                    ,IL,60630-2298,Proprietary  ,236,678,914,2178,3805,5983
01238500,BLOOMINGTON-NORMAL SCH RADIOGRAPHY      ,IL,61761-4604,Private      ,2,25,27,26,90,116
01258400,ILLINOIS INSTITUTE OF ART (THE)         ,IL,60654-1593,Proprietary  ,893,934,1827,6008,4458,10466
01281300,JOHN WOOD COMMUNITY COLLEGE             ,IL,62305-0401,Public       ,218,345,563,1231,1380,2611
01308700,CAPRI GARFIELD RIDGE SCH OF BTY CLR     ,IL,60629-1613,Proprietary  ,21,79,100,91,258,349
01308800,CAPRI OAK FOREST COLLEGE OF BEAUTY      ,IL,60452-2798,Proprietary  ,35,49,84,116,195,311
02055200,HARRINGTON COLLEGE OF DESIGN            ,IL,60606-3433,Proprietary  ,51,144,195,439,692,1131
02068100,ADLER SCH OF PROFESSIONAL PSYCHLGY      ,IL,60601-0000,Private      ,18,253,271,116,1690,1806
02069300,VATTEROTT COLLEGE                       ,IL,62305-5938,Proprietary  ,16,104,120,120,409,529
02073200,TELSHE YESHIVA-CHICAGO                  ,IL,60625-0000,Private      ,4,4,8,27,13,40
02074400,IL EASTERN COMM COLGS-FRONTIER          ,IL,62837-0000,Public       ,30,101,131,214,367,581
02075400,KELLER GRADUATE SCHOOL OF MGMT.         ,IL,60515-5683,Proprietary  ,7,2610,2617,78,18950,19028
02113600,AMERICAN INTERCONTINENTAL UNIVERSITY    ,IL,60192-3713,Proprietary  ,499,6959,7458,1502,23094,24596
02117400,BECK AREA CAREER CENTER                 ,IL,62278-0000,Public       ,3,19,22,28,150,178
02124400,UNIVERSITY OF SPA & COSMETOLOGY ART     ,IL,62704-0000,Proprietary  ,41,70,111,131,228,359
02150600,COSMETOLOGY AND SPA INSTITUTE (THE)     ,IL,60014-4003,Proprietary  ,41,87,128,99,179,278
02155300,THE CHICAGO SCHOOL OF PROF PSYCHOLOGY   ,IL,60610-4705,Private      ,14,938,952,102,5506,5608
02160300,INTERNATIONAL ACAD OF DESIGN & TECH     ,IL,60602-3319,Proprietary  ,80,145,225,495,758,1253
02160304,INTERNATIONAL ACADEMY OF DESIGN AND TECH,IL,60173-5160,Proprietary  ,15,67,82,148,266,414
02168600,EAST WEST UNIVERSITY                    ,IL,60605-0000,Private      ,110,301,411,810,1357,2167
02179900,ARGOSY UNIVERSITY                       ,IL,60601-7757,Proprietary  ,1789,10771,12560,7996,35379,43375
02185400,ST AUGUSTINE COLLEGE                    ,IL,60640-0000,Private      ,84,324,408,709,2308,3017
02192400,MR JOHNS SCHOOL OF COSMETOLOGY          ,IL,62521-0000,Proprietary  ,14,43,57,37,100,137
02202600,CANNELLA SCHOOL OF HAIR DESIGN          ,IL,60181-1321,Proprietary  ,2,13,15,14,82,96
02214100,RESURRECTION UNIVERSITY                 ,IL,60302-2519,Private      ,13,99,112,192,833,1025
02228100,MAC DANIEL'S BEAUTY SCHOOL              ,IL,60640-0000,Proprietary  ,8,31,39,54,114,168
02261200,HAIR PROFESSIONALS ACAD COSMETOLOGY     ,IL,60118-0000,Proprietary  ,26,84,110,51,192,243
02261201,HAIR PROFESSIONALS ACADEMY OF COSMETOLOG,IL,60118-9333,Proprietary  ,4,4,8,10,14,24
02262100,HAIR PROFESSIONALS SCH COSMETOLOGY      ,IL,60543-0000,Proprietary  ,13,27,40,36,68,104
02291200,CANNELLA SCHOOL OF HAIR DESIGN          ,IL,60639-0000,Proprietary  ,18,42,60,82,191,273
02295500,CANNELLA SCHOOL OF HAIR DESIGN          ,IL,60120-0000,Proprietary  ,6,51,57,28,92,120
02297500,OEHRLEIN SCHOOL OF COSMETOLOGY          ,IL,61611-0000,Proprietary  ,20,39,59,54,125,179
02312300,LA' JAMES COLLEGE HAIRSTYLING           ,IL,61244-0000,Proprietary  ,3,22,25,14,74,88
02313900,WESTWOOD COLLEGE - O'HARE AIRPORT       ,IL,60631-2801,Proprietary  ,76,181,257,402,927,1329
02317300,CONCEPT COLLEGE OF COSMETOLOGY          ,IL,61832-0000,Proprietary  ,21,57,78,59,124,183
02319200,LAKE FOREST GRAD SCHL OF MGMT           ,IL,60045-4824,Private      ,1,129,130,5,301,306
02323300,PROFESSIONAL'S CHOICE HAIR DSN ACAD     ,IL,60435-0000,Proprietary  ,8,40,48,48,141,189
02332200,HAIR PROFESSIONALS CAREER COLLEGE       ,IL,60178-0000,Proprietary  ,6,31,37,25,71,96
02337800,THE COLLEGE OF OFFICE TECHNOLOGY        ,IL,60622-0000,Proprietary  ,0,14,14,55,244,299
02349400,ALVAREITA'S COLLEGE OF COSMETOLOGY      ,IL,62035-0000,Proprietary  ,13,30,43,31,84,115
02349500,CANNELLA SCHOOL OF HAIR DESIGN          ,IL,60632-0000,Proprietary  ,17,100,117,90,260,350
02352200,LE CORDON BLEU COLLEGE OF CULINARY ARTS ,IL,60610-3050,Proprietary  ,155,413,568,1077,1828,2905
02498200,G SKIN & BEAUTY INSTITUTE               ,IL,60523-1805,Proprietary  ,35,103,138,90,224,314
02498201,HAIR PROFESSIONALS ACADEMY OF COSMETOLOG,IL,60563-0000,Proprietary  ,3,14,17,22,46,68
02522800,FOX COLLEGE                             ,IL,60453-0000,Proprietary  ,44,76,120,501,529,1030
02527600,LEXINGTON COLLEGE                       ,IL,60607-0000,Private      ,11,30,41,109,121,230
02536700,BELL MAR BEAUTY COLLEGE                 ,IL,60650-0000,Proprietary  ,5,25,30,43,89,132
02556100,ENVIRONMENTAL TECHNICAL INSTITUTE       ,IL,60143-0000,Proprietary  ,40,124,164,78,260,338
02556600,NILES SCHOOL OF COSMETOLOGY             ,IL,60714-0000,Proprietary  ,2,17,19,17,52,69
02573700,INSTITUTE FOR CLINICAL SOCIAL WORK      ,IL,60605-1229,Private      ,7,83,90,33,311,344
02579200,INGALLS MEMORIAL HOSPITAL               ,IL,60426-0000,Private      ,2,17,19,6,58,64
02584900,"FIRST INSTITUTE, INC.                   ",IL,60014-7489,Proprietary  ,28,80,108,70,242,312
02587700,HAIR PROFESSIONALS CAREER COLLEGE       ,IL,60465-1929,Proprietary  ,9,26,35,31,90,121
02599500,HANOVER PARK COLLEGE OF BEAUTY CULT     ,IL,60133-5421,Proprietary  ,5,19,24,39,77,116
02622700,KNOWLEDGE SYSTEMS INSTITUTE             ,IL,60076-0000,Private      ,0,5,5,0,9,9
03002000,HAIRMASTERS INST OF COSMETOLOGY         ,IL,61701-5547,Proprietary  ,17,41,58,44,87,131
03027702,PACIFIC COLLEGE OF ORIENTAL MEDICINE - C,IL,60613-4418,Proprietary  ,3,94,97,32,365,397
03065300,TREND SETTERS COLL OF COSMETOLOGY       ,IL,60915-0000,Proprietary  ,82,78,160,212,238,450
03072701,WESTWOOD COLLEGE OF TECHNOLOGY          ,IL,60409-0000,Proprietary  ,38,182,220,212,839,1051
03072702,WESTWOOD COLLEGE OF TECHNOLOGY          ,IL,60602-0000,Proprietary  ,89,305,394,439,1397,1836
03078400,CAMEO BEAUTY ACADEMY                    ,IL,60453-3196,Proprietary  ,13,35,48,39,84,123
03079200,WESTWOOD COLLEGE - DUPAGE               ,IL,60517-2321,Proprietary  ,48,126,174,355,671,1026
03082900,ROSEL SCHOOL OF COSMETOLOGY             ,IL,60659-1913,Proprietary  ,9,103,112,44,155,199
03083800,HEARTLAND COMMUNITY COLLEGE             ,IL,61761-9446,Public       ,398,600,998,2666,2592,5258
03098000,ST JOHN'S COLLEGE OF NURSING            ,IL,62702-5321,Private      ,12,44,56,182,275,457
03098002,ST JOHN'S HOSP SCH MED TECH             ,IL,62769-5324,Private      ,5,15,20,40,106,146
03099700,CAIN'S BARBER COLLEGE                   ,IL,60615-3510,Proprietary  ,33,148,181,164,494,658
03099800,ILLINOIS SCHOOL OF HEALTH CAREERS       ,IL,60604-0000,Proprietary  ,107,413,520,445,1343,1788
03101800,ILLINOIS CENTER FOR BROADCASTING        ,IL,60148-7015,Proprietary  ,28,135,163,131,362,493
03128300,PYRAMID CAREER INSTITUTE                ,IL,60657-4207,Proprietary  ,0,0,0,0,2,2
03128500,NATIONAL LATINO EDUCATION INSTITUTE     ,IL,60609-2205,Private      ,16,41,57,59,121,180
03199300,CHRISTIAN LIFE COLLEGE                  ,IL,60056-2522,Private      ,3,13,16,17,32,49
03368300,MIDWEST TECHNICAL INSTITUTE             ,IL,62707-8805,Proprietary  ,316,912,1228,806,2602,3408
03416300,COMPUTER SYSTEMS INSTITUTE              ,IL,60077-0000,Proprietary  ,96,455,551,305,1209,1514
03448300,BUSINESS INDUSTRIAL RESOURCES           ,IL,60659-1298,Proprietary  ,82,761,843,243,2507,2750
03455700,CORTIVA INSTITUTE - CHICAGO             ,IL,60602-3315,Proprietary  ,52,143,195,151,389,540
03455701,CORTIVA INSTITUTE - CHICAGO             ,IL,60014-6285,Proprietary  ,2,11,13,13,48,61
03510300,ERIKSON INSTITUTE                       ,IL,60654-4510,Private      ,1,33,34,8,407,415
03643300,"MR. JOHN'S SCHOOL OF JACKSONVILLE,  INC,",IL,62650-3488,Proprietary  ,3,14,17,10,36,46
03655300,ILLINOIS CAREERPATH INSTITUTE           ,IL,60610-4705,Private      ,4,51,55,29,175,204
03684300,NORTHSHORE UNIVERSITY HEALTHSYSTEM SCHOO,IL,60201-9872,Private      ,0,18,18,18,86,104
03881400,EUROPEAN MASSAGE THERAPY SCHOOL         ,IL,60077-2269,Proprietary  ,8,62,70,23,126,149
03891300,SOMA INSTITUTE - THE NATIONAL SCHOOL OF ,IL,60604-4466,Proprietary  ,19,66,85,60,156,216
03914300,"CALC, INSTITUTE OF TECHNOLOGY           ",IL,62002-5931,Proprietary  ,17,85,102,35,214,249
04117500,SOLEX MEDICAL ACADEMY                   ,IL,60090-3104,Proprietary  ,2,13,15,4,37,41
04117600,LARRY'S BARBER COLLEGE                  ,IL,60628-2322,Proprietary  ,40,151,191,202,563,765
04118400,ZAREM /GOLDE ORT TECHNICAL INSTITUTE    ,IL,60077-3210,Private      ,17,61,78,41,204,245
04124700,AMERICARE INSTITUTE                     ,IL,60133-5456,Proprietary  ,27,146,173,84,567,651
04136900,UNIVERSITY OF AESTHETICS (THE)          ,IL,60622-2151,Proprietary  ,4,21,25,18,74,92
04137000,UNIVERSITY OF AESTHETICS (THE)          ,IL,60515-5602,Proprietary  ,1,10,11,8,29,37
04137500,TRICOCI UNIVERSITY OF BEAUTY CULTURE    ,IL,60656-1805,Proprietary  ,37,90,127,230,403,633
04139000,MIDWESTERN CAREER COLLEGE               ,IL,60606-3103,Proprietary  ,20,144,164,138,723,861
04141000,AVEDA INSTITUTE CHICAGO                 ,IL,60647-0000,Proprietary  ,50,94,144,244,417,661
04147100,TRICOCI UNIVERSITY OF BEAUTY CULTURE    ,IL,60048-2906,Proprietary  ,16,30,46,80,125,205
04147200,TRICOCI UNIVERSITY OF BEAUTY CULTURE    ,IL,60455-1824,Proprietary  ,16,48,64,99,201,300
04147300,TRICOCI UNIVERSITY OF BEAUTY CULTURE    ,IL,60139-3119,Proprietary  ,24,25,49,106,130,236
04147400,TRICOCI UNIVERSITY OF BEAUTY CULTURE    ,IL,61614-4831,Proprietary  ,14,31,45,63,139,202
04147500,TRICOCI UNIVERSITY OF BEAUTY CULTURE    ,IL,61108-2337,Proprietary  ,17,41,58,99,214,313
04160600,PAUL MITCHELL THE SCHOOL NORMAL         ,IL,61761-0000,Proprietary  ,51,64,115,202,195,397
04167800,INNOVATIONS DESIGN ACADEMY              ,IL,61520-2625,Proprietary  ,5,11,16,15,38,53
04168500,SOLEX COLLEGE                           ,IL,60090-3192,Proprietary  ,7,28,35,12,80,92
04170800,UNITY COSMETOLOGY COLLEGE               ,IL,61764-9652,Proprietary  ,4,15,19,20,52,72
04171600,SALON PROFESSIONAL ACADEMY OF ELGIN (THE,IL,60123-2319,Proprietary  ,6,11,17,24,64,88
04172200,NORTHWESTERN INSTITUTE OF HEALTH AND TEC,IL,60640-4785,Private      ,29,172,201,249,874,1123
04174900,SKIN CARE AND SPA INSTITUTE             ,IL,60077-2200,Proprietary  ,1,33,34,13,121,134
04175000,UNIVERSAL SPA TRAINING ACADEMY          ,IL,60515-0000,Proprietary  ,4,43,47,15,87,102
04175800,J RENEE CAREER FACILITATION             ,IL,60014-7986,Proprietary  ,3,27,30,17,126,143
04186000,CHICAGO SCHOOL FOR PIANO TECHNOLOGY (THE,IL,60612-1630,Private      ,6,17,23,26,66,92
04187400,COSMETOLOGY CONCEPTS                    ,IL,60452-2501,Proprietary  ,18,63,81,91,201,292
04189200,SALON PROFESSIONAL ACADEMY (THE)        ,IL,60404-8789,Proprietary  ,12,21,33,32,61,93
04189400,SHEAR LEARNING ACADEMY OF COSMETOLOGY   ,IL,62523-1208,Proprietary  ,3,19,22,21,67,88
04189600,STATE CAREER SCHOOL                     ,IL,60085-5129,Proprietary  ,9,59,68,33,142,175
04192000,CURVE METRIC SCHOOL OF HAIR DESIGN      ,IL,60707-1118,Proprietary  ,3,5,8,7,14,21
00195100,ALICE LLOYD COLLEGE                     ,KY,41844-9703,Private      ,26,34,60,1161,240,1401
00195200,ASBURY COLLEGE                          ,KY,40390-1198,Private      ,83,147,230,1718,726,2444
00195300,ASBURY THEOLOGICAL SEMINARY             ,KY,40390-0000,Private      ,0,144,144,28,1373,1401
00195400,BELLARMINE UNIVERSITY                   ,KY,40205-1877,Private      ,176,440,616,5012,2300,7312
00195500,BEREA COLLEGE                           ,KY,40403-0000,Private      ,98,85,183,3420,967,4387
00195800,BRESCIA UNIVERSITY                      ,KY,42301-3023,Private      ,76,186,262,1026,818,1844
00195900,CAMPBELLSVILLE UNIVERSITY               ,KY,42718-2799,Private      ,125,371,496,2812,1961,4773
00196000,SPALDING UNIVERSITY                     ,KY,40203-2188,Private      ,98,532,630,1322,3413,4735
00196100,CENTRE COLLEGE                          ,KY,40422-1394,Private      ,52,28,80,2600,160,2760
00196200,UNIVERSITY OF THE CUMBERLANDS           ,KY,40769-1372,Private      ,88,557,645,2938,2660,5598
00196300,EASTERN KENTUCKY UNIVERSITY             ,KY,40475-3102,Public       ,892,1700,2592,14167,10881,25048
00196400,GEORGETOWN COLLEGE                      ,KY,40324-1628,Private      ,95,220,315,2421,783,3204
00196500,KENTUCKY CHRISTIAN UNIVERSITY           ,KY,41143-2205,Private      ,47,44,91,937,255,1192
00196800,KENTUCKY STATE UNIVERSITY               ,KY,40601-2355,Public       ,278,414,692,3364,2230,5594
00196900,KENTUCKY WESLEYAN COLLEGE               ,KY,42301-6057,Private      ,76,97,173,1178,415,1593
00197100,LEXINGTON THEOLOGICAL SEMINARY          ,KY,40508-0000,Private      ,1,22,23,9,102,111
00197200,LINDSEY WILSON COLLEGE                  ,KY,42728-1223,Private      ,100,245,345,3269,1925,5194
00197400,LOUISVILLE PRESBYTERIAN THEOL SEM       ,KY,40205-0000,Private      ,2,34,36,16,199,215
00197500,MIDWAY COLLEGE                          ,KY,40347-1120,Private      ,61,339,400,745,2361,3106
00197600,MOREHEAD STATE UNIVERSITY               ,KY,40351-1689,Public       ,643,1200,1843,8251,5867,14118
00197700,MURRAY STATE UNIVERSITY                 ,KY,42071-0009,Public       ,682,927,1609,8122,4666,12788
00197900,WEST KENTUCKY CMNTY & TECHNICAL COLG    ,KY,42002-7380,Public       ,341,1040,1381,2087,4307,6394
00198000,UNIVERSITY OF PIKEVILLE                 ,KY,41501-1194,Private      ,137,194,331,2344,1347,3691
00198300,ST. CATHARINE COLLEGE                   ,KY,40061-9499,Private      ,66,70,136,920,504,1424
00198700,TRANSYLVANIA UNIVERSITY                 ,KY,40508-1797,Private      ,71,75,146,2150,351,2501
00198800,UNION COLLEGE                           ,KY,40906-1499,Private      ,55,257,312,1379,1040,2419
00198900,UNIVERSITY OF KENTUCKY                  ,KY,40506-0054,Public       ,1562,1628,3190,24685,11155,35840
00198901,UNIV OF KY-COLLEGE OF DENTISTRY         ,KY,40536-0000,Public       ,6,28,34,57,299,356
00198902,UNIV OF KY-COLLEGE OF MEDICINE          ,KY,40536-0000,Public       ,14,64,78,130,709,839
00199000,ASHLAND COMMUNITY AND TECHNICAL COLLEGE ,KY,41101-3683,Public       ,305,889,1194,1563,3001,4564
00199100,ELIZABETHTOWN COMMUNITY  AND TECHNICAL C,KY,42701-3081,Public       ,447,1375,1822,2649,5849,8498
00199300,HENDERSON COMMUNITY COLLEGE             ,KY,42420-4699,Public       ,120,322,442,584,1442,2026
00199400,HOPKINSVILLE COMMUNITY COLLEGE          ,KY,42241-2621,Public       ,262,1070,1332,1255,4310,5565
00199600,BIG SANDY COMMUNITY AND TECHNICAL COLG  ,KY,41653-1815,Public       ,402,816,1218,2170,2949,5119
00199700,SOMERSET COMMUNITY COLLEGE              ,KY,42501-2973,Public       ,455,1668,2123,3342,7627,10969
00199800,SOUTHEAST KENTUCKY COMMUNITY AND TECHNIC,KY,40823-1099,Public       ,286,653,939,1349,2117,3466
00199900,UNIVERSITY OF LOUISVILLE                ,KY,40292-0000,Public       ,1182,2021,3203,16344,14014,30358
00200100,THOMAS MORE COLLEGE                     ,KY,41017-3495,Private      ,80,161,241,1525,814,2339
00200200,WESTERN KENTUCKY UNIVERSITY             ,KY,42101-3576,Public       ,1847,2139,3986,17513,10669,28182
00461800,SPENCERIAN COLLEGE                      ,KY,40216-2605,Proprietary  ,112,482,594,756,2070,2826
00461900,SULLIVAN UNIVERSITY                     ,KY,40205-3000,Proprietary  ,299,1468,1767,2234,6538,8772
00493402,DAYMAR COLLEGE - BOWLING GREEN          ,KY,42101-4063,Proprietary  ,24,154,178,27,182,209
00493403,DAYMAR COLLEGE - CLINTON                ,KY,42031-9998,Proprietary  ,1,5,6,1,10,11
00493406,DAYMAR COLLEGE - RUSSELLVILLE           ,KY,42276-1622,Proprietary  ,2,26,28,4,34,38
00524400,BLUEGRASS COMMUNITY & TECHNICAL COLLEGE ,KY,40506-0235,Public       ,1114,2702,3816,6271,11515,17786
00527100,BOWLING GREEN TECHNICAL COLLEGE         ,KY,42101-3601,Public       ,342,977,1319,1784,3979,5763
00527300,GATEWAY COMMUNITY & TECHNOLOGY COLL     ,KY,41011-0000,Public       ,384,1172,1556,1545,4517,6062
00696000,MAYSVILLE CMNTY & TECHNCL COLG          ,KY,41056-8910,Public       ,194,819,1013,1251,3014,4265
00696100,JEFFERSON COMMUNITY AND TECHNICAL COLLEG,KY,40202-2005,Public       ,1167,2793,3960,7232,14888,22120
00696200,HAZARD COMMUNITY COLLEGE                ,KY,41701-2402,Public       ,215,627,842,1520,2512,4032
00696203,KY TECH-KNOTT CO. TECHNOLOGY CTR        ,KY,41822-0000,Public       ,3,10,13,16,22,38
00696204,KY TECH-LESLIE COUNTY AREA TECH CTR     ,KY,41749-0000,Public       ,1,6,7,7,16,23
00696205,KY TECH-LEE COUNTY AREA TECH CTR        ,KY,41311-0000,Public       ,2,8,10,4,14,18
00696206,KY TECH-LETCHER CNTY AREA TECH CTR      ,KY,41858-0000,Public       ,7,18,25,33,55,88
00696207,KY TECH-BREATHITT COUNTY VOC ED CTR     ,KY,41339-0000,Public       ,3,30,33,34,88,122
00736205,MEDTECH COLLEGE - LEXINGTON             ,KY,40511-1200,Proprietary  ,25,212,237,108,773,881
00842500,DAYMAR COLLEGE                          ,KY,42001-0000,Proprietary  ,9,89,98,68,455,523
00901000,MADISONVILLE COMMUNITY COLLEGE          ,KY,42431-9199,Public       ,259,617,876,1179,2457,3636
00927500,NORTHERN KENTUCKY UNIVERSITY            ,KY,41099-0001,Public       ,1116,1618,2734,10810,8077,18887
00931300,DAYMAR COLLEGE                          ,KY,42301-5830,Proprietary  ,24,273,297,219,1920,2139
00931302,DAYMAR COLLEGE - LOUISVILLE             ,KY,40219-1973,Proprietary  ,4,81,85,4,81,85
00931304,DAYMAR COLLEGE - ALBANY                 ,KY,42602-1235,Proprietary  ,0,5,5,0,7,7
00931305,DAYMAR COLLEGE - BELLEVUE               ,KY,41073-2416,Proprietary  ,4,21,25,7,37,44
00931308,DAYMAR COLLEGE -  SCOTTSVILLE           ,KY,42164-1505,Proprietary  ,4,20,24,6,30,36
00931309,DAYMAR COLLEGE - LOUISVILLE EAST        ,KY,40245-1629,Proprietary  ,12,116,128,27,213,240
00931310,DAYMAR COLLEGE -  MADISONVILLE          ,KY,42431-0000,Proprietary  ,7,31,38,11,51,62
01042400,SALON PROFESSIONAL ACADEMY THE          ,KY,40502-1776,Proprietary  ,20,75,95,94,258,352
01048901,NATIONAL COLLEGE - FLORENCE CAMPUS      ,KY,41042-1812,Proprietary  ,3,64,67,37,302,339
01048902,NATIONAL COLLEGE - PIKEVILLE CAMPUS     ,KY,41501-1518,Proprietary  ,18,90,108,169,468,637
01048903,NATIONAL COLLEGE - DANVILLE CAMPUS      ,KY,40422-1517,Proprietary  ,10,69,79,59,413,472
01048904,NATIONAL COLLEGE - RICHMOND CAMPUS      ,KY,40475-2309,Proprietary  ,14,108,122,85,528,613
01048906,NATIONAL COLLEGE - LOUISVILLE CAMPUS    ,KY,40216-4147,Proprietary  ,21,181,202,145,982,1127
01048907,NATIONAL COLLEGE - LEXINGTON CAMPUS     ,KY,40509-2256,Proprietary  ,23,186,209,116,897,1013
01172500,COLLINS SCHOOL OF COSMETOLOGY           ,KY,40965-2809,Proprietary  ,9,42,51,34,98,132
01208800,SULLIVAN COLLEGE OF TECHNOLOGY AND DESIG,KY,40218-4528,Proprietary  ,61,224,285,557,977,1534
01212801,SOUTHWESTERN COLLEGE                    ,KY,41042-1466,Proprietary  ,18,114,132,85,420,505
01272300,KY TECH-WAYNE COUNTY AREA TECH CTR      ,KY,42633-1088,Public       ,0,0,0,1,12,13
01291400,EMPIRE BEAUTY SCHOOL                    ,KY,40218-0000,Proprietary  ,34,120,154,136,374,510
01291500,EMPIRE BEAUTY SCHOOL                    ,KY,41042-5113,Proprietary  ,17,56,73,77,234,311
01291600,EMPIRE BEAUTY SCHOOL                    ,KY,40216-4212,Proprietary  ,9,56,65,61,223,284
01291700,EMPIRE BEAUTY SCHOOL                    ,KY,40160-0000,Proprietary  ,25,52,77,92,205,297
01296800,EMPIRE BEAUTY SCHOOL                    ,KY,40207-2695,Proprietary  ,11,45,56,72,177,249
02159100,"APPALACHIAN BEAUTY SCHOOL, INC.         ",KY,41503-0000,Proprietary  ,3,10,13,27,40,67
02177100,EMPIRE BEAUTY SCHOOL                    ,KY,40204-0000,Proprietary  ,10,56,66,87,250,337
02251500,TREND SETTERS ACAD OF BEAUTY CULT       ,KY,40258-0000,Proprietary  ,21,112,133,64,273,337
02275000,JENNY LEA ACADEMY OF COSMETOLOGY        ,KY,40831-0000,Proprietary  ,26,80,106,69,213,282
02284306,INTERACTIVE LEARNING SYSTEMS            ,KY,41042-0000,Proprietary  ,5,24,29,15,92,107
02323700,PAT WILSON'S BEAUTY COLLEGE             ,KY,42420-0000,Proprietary  ,1,30,31,9,59,68
02337200,PJ'S COLLEGE OF COSMETOLOGY             ,KY,42101-0000,Proprietary  ,25,147,172,125,488,613
02340800,PAUL MITCHELL THE SCHOOL LEXINGTON      ,KY,40514-1545,Proprietary  ,58,116,174,206,355,561
02351700,PAUL MITCHELL THE SCHOOL - LOUISVILLE   ,KY,40222-0000,Proprietary  ,55,92,147,211,335,546
02491100,BECKFIELD COLLEGE                       ,KY,41042-0000,Proprietary  ,75,469,544,299,2105,2404
02518900,BARRETT & COMPANY SCH HAIR DESIGN       ,KY,40356-0000,Proprietary  ,16,45,61,51,160,211
02526100,JENNY LEA ACADEMY OF COSMETOLOGY        ,KY,41858-0000,Proprietary  ,2,16,18,22,55,77
02535600,CLEAR CREEK BAPTIST BIBLE COLLEGE       ,KY,40977-0000,Private      ,13,40,53,54,154,208
02551100,PJ'S COLLEGE OF COSMETOLOGY             ,KY,42141-2434,Proprietary  ,12,31,43,40,103,143
02560800,SOUTHEAST SCHOOL OF COSMETOLOGY         ,KY,40962-0000,Proprietary  ,8,29,37,24,80,104
02576200,MID-CONTINENT UNIVERSITY                ,KY,42066-9007,Private      ,63,400,463,463,3627,4090
03002100,KENTUCKY MOUNTAIN BIBLE COLLEGE         ,KY,41385-0010,Private      ,12,12,24,67,41,108
03007000,FRONTIER SCH OF MIDWIFERY&FAMILY NU     ,KY,41749-0000,Private      ,0,356,356,8,1609,1617
03026200,HEAD'S WEST KENTUCKY BEAUTY COLLEGE     ,KY,42431-0000,Proprietary  ,5,21,26,16,70,86
03029200,NU-TEK ACADEMY OF BEAUTY                ,KY,40353-9767,Proprietary  ,4,11,15,33,53,86
03034500,OWENSBORO COMMUNITY & TECHNICAL COLLEGE ,KY,42303-1899,Public       ,297,831,1128,1650,3068,4718
03083700,GALEN HEALTH INSTITUTES                 ,KY,40207-1047,Proprietary  ,152,1037,1189,812,4915,5727
03103500,MR JIM'S BEAUTY COLLEGE                 ,KY,42301-2646,Proprietary  ,5,34,39,18,58,76
03516500,EZELL'S COSMETOLOGY SCHOOL              ,KY,42071-2530,Proprietary  ,11,12,23,44,61,105
03611300,BRIGHTON CENTER'S CENTER FOR EMPLOY     ,KY,41071-1968,Private      ,2,21,23,8,69,77
03804300,BELLEFONTE ACADEMY OF BEAUTY            ,KY,41169-2015,Proprietary  ,9,76,85,27,164,191
03885300,EMPLOYMENT SOLUTIONS                    ,KY,40517-3260,Private      ,23,113,136,63,416,479
03886300,REGENCY SCHOOL OF HAIR DESIGN           ,KY,41653-1278,Proprietary  ,8,32,40,30,92,122
04038300,ATA CAREER EDUCATION                    ,KY,40223-3832,Proprietary  ,38,271,309,237,1263,1500
04051316,ART INSTITUTE OF PHOENIX (THE) - ATS - (,KY,41017-2136,Proprietary  ,39,167,206,165,744,909
04051319,ART INSTITUTE OF PHOENIX (THE) - BROWN M,KY,40219-1916,Proprietary  ,28,111,139,219,644,863
04051320,ART INSTITUTE OF PHOENIX (THE) - BROWN M,KY,42240-3579,Proprietary  ,3,37,40,43,265,308
04123900,LEXINGTON HEALING ARTS ACADEMY          ,KY,40503-1932,Proprietary  ,15,72,87,51,212,263
04177600,LINDSEY INSTITUTE OF COSMETOLOGY        ,KY,42103-8036,Proprietary  ,21,44,65,91,158,249
04177700,TRI-STATE INSTITUTE OF HAIR DESIGN      ,KY,40744-5234,Proprietary  ,2,33,35,26,110,136
04178000,SIMMONS COLLEGE OF KENTUCKY             ,KY,40203-3322,Private      ,14,56,70,36,174,210
00200300,CENTENARY COLLEGE OF LOUISIANA          ,LA,71104-3396,Private      ,105,103,208,1200,422,1622
00200400,DILLARD UNIVERSITY                      ,LA,70122-3097,Private      ,331,342,673,3170,1568,4738
00200500,NICHOLLS STATE UNIVERSITY               ,LA,70310-0001,Public       ,638,609,1247,6048,2858,8906
00200600,GRAMBLING STATE UNIVERSITY              ,LA,71245-2215,Public       ,927,1008,1935,6922,4196,11118
00200700,LOUISIANA COLLEGE                       ,LA,71359-0000,Private      ,173,249,422,1423,869,2292
00200800,LOUISIANA TECH UNIVERSITY               ,LA,71272-0001,Public       ,1000,869,1869,7626,3450,11076
00201000,LOUISIANA STATE UNIV & A&M COLG         ,LA,70803-5710,Public       ,2806,1581,4387,27403,9410,36813
00201100,LOUISIANA STATE UNIV-ALEXANDRIA         ,LA,71302-9121,Public       ,257,471,728,1906,2201,4107
00201200,LOUISIANA STATE UNIV-EUNICE             ,LA,70535-6726,Public       ,289,369,658,2383,2063,4446
00201300,LOUISIANA STATE UNIV-SHREVEPORT         ,LA,71115-2399,Public       ,471,950,1421,3351,3807,7158
00201400,LA STATE UNIV HEALTH SCIENCES CTR       ,LA,70112-2223,Public       ,87,397,484,652,2758,3410
00201500,(THE) UNIVERSITY OF NEW ORLEANS         ,LA,70148-0001,Public       ,1148,1846,2994,7483,8079,15562
00201600,LOYOLA UNIVERSITY NEW ORLEANS           ,LA,70118-6195,Private      ,448,678,1126,5377,3458,8835
00201700,MCNEESE STATE UNIVERSITY                ,LA,70609-4510,Public       ,709,869,1578,5970,4064,10034
00201900,NEW ORLEANS BAPTIST THEOL SEMINARY      ,LA,70126-0000,Private      ,13,84,97,55,298,353
00202000,UNIVERSITY OF LOUISIANA AT MONROE       ,LA,71209-9001,Public       ,753,1064,1817,6840,5016,11856
00202100,NORTHWESTERN STATE UNIVERSITY           ,LA,71497-0001,Public       ,744,1489,2233,6491,6178,12669
00202200,NOTRE DAME SEMINARY                     ,LA,70118-0000,Private      ,2,12,14,10,51,61
00202300,OUR LADY OF HOLY CROSS COLLEGE          ,LA,70131-7399,Private      ,125,401,526,697,1583,2280
00202400,SOUTHEASTERN LOUISIANA UNIV             ,LA,70402-0001,Public       ,1840,1503,3343,12039,6286,18325
00202500,SOUTHERN UNIVERSITY A & M COLLEGE       ,LA,70813-9374,Public       ,1030,1662,2692,7262,7372,14634
00202600,SOUTHERN UNIV NEW ORLEANS               ,LA,70126-0002,Public       ,576,1434,2010,2537,5256,7793
00202700,ST JOSEPH SEMINARY COLLEGE              ,LA,70457-9990,Private      ,19,12,31,44,16,60
00202900,TULANE UNIVERSITY                       ,LA,70118-5698,Private      ,610,1019,1629,12366,8074,20440
00203100,UNIV OF LOUISIANA AT LAFAYETTE          ,LA,70504-0001,Public       ,1674,1171,2845,14888,6099,20987
00203200,XAVIER UNIVERSITY OF LOUISIANA          ,LA,70125-1098,Private      ,459,386,845,5696,2284,7980
00462100,AYERS CAREER COLLEGE                    ,LA,71108-5845,Proprietary  ,28,147,175,74,392,466
00462500,DELGADO COMMUNITY COLLEGE               ,LA,70119-0000,Public       ,2314,4693,7007,9212,18304,27516
00546700,SOWELA TECHNICAL COMMUNITY COLLEGE      ,LA,70616-6950,Public       ,373,649,1022,1195,1775,2970
00546702,SOWELA TECHNICAL COMMUNITY COLLEGE - MOR,LA,70546-1327,Public       ,20,51,71,60,120,180
00547100,NORTHEAST LOUISIANA TECHNICAL COLLEGE   ,LA,71292-9064,Public       ,103,294,397,314,825,1139
00547101,NORTHEAST LOUISIANA TECHNICAL COLLEGE   ,LA,71241-0000,Public       ,4,31,35,12,58,70
00547102,NORTHEAST LOUISIANA TECHNICAL COLLEGE   ,LA,71270-0000,Public       ,38,113,151,177,326,503
00547103,NORTHEAST LOUISIANA TECHNICAL COLLEGE   ,LA,71295-0000,Public       ,23,94,117,76,224,300
00547104,NORTHEAST LOUISIANA TECHNICAL COLLEGE   ,LA,71220-0000,Public       ,29,85,114,73,206,279
00548800,LOUISIANA TECH COLG-BATON ROUGE         ,LA,70807-0000,Public       ,176,531,707,636,1335,1971
00548812,LOUISIANA TECH COLG-FOLKES CAMPUS       ,LA,70748-0000,Public       ,17,24,41,34,52,86
00548817,LOUISIANA TEC CLG-JUMONVILLE MEM CP     ,LA,70760-0000,Public       ,19,64,83,28,99,127
00548842,LOUISIANA TECHNICAL COLLEGE - WESTSIDE C,LA,70765-0733,Public       ,5,24,29,21,77,98
00548900,CENTRAL LOUISIANA TECHNICAL COLLEGE     ,LA,71302-3137,Public       ,72,232,304,217,716,933
00548901,CENTRAL LOUISIANA TECHNICAL COLLEGE     ,LA,71327-3743,Public       ,38,76,114,70,139,209
00548902,CENTRAL LOUISIANA TECHNICAL COLLEGE     ,LA,71483-3563,Public       ,42,115,157,85,220,305
00548903,CENTRAL LOUISIANA TECHNICAL COLLEGE     ,LA,71302-6511,Public       ,23,119,142,68,328,396
00548904,CENTRAL LOUISIANA TECHNICAL COLLEGE     ,LA,71463-3536,Public       ,26,62,88,72,144,216
00548905,CENTRAL LOUISIANA TECHNICAL COLLEGE     ,LA,71334-2232,Public       ,42,95,137,87,235,322
00552600,SOUTH CENTRAL LOUISIANA TECHNICAL COLG  ,LA,70381-2148,Public       ,64,151,215,154,372,526
00552602,SOUTH CENTRAL LOUISIANA TECHNICAL COLG  ,LA,70302-4336,Public       ,35,78,113,147,267,414
00552603,SOUTH CENTRAL LOUISIANA TECHNICAL COLG  ,LA,70084-6632,Public       ,120,242,362,340,600,940
00576100,L. E. FLETCHER TECHNICAL COMMUNITY COLLE,LA,70360-2863,Public       ,227,358,585,1018,1473,2491
00675600,NORTHSHORE TECHNICAL COLLEGE            ,LA,70427-5866,Public       ,106,303,409,261,749,1010
00675603,NORTHSHORE TECHNICAL COLLEGE - HAMMOND  ,LA,70401-0000,Public       ,166,331,497,462,847,1309
00675604,NORTHSHORE TECHNICAL COLLEGE - FLORIDA  ,LA,70441-0000,Public       ,75,137,212,191,357,548
00768600,SOUTHERN UNIV AT SHREVEPORT/BOSSIER     ,LA,71107-4795,Public       ,506,1269,1775,1585,3480,5065
00777707,REMINGTON COLLEGE - CLEVELAND CAMPUS - L,LA,70508-5760,Private      ,30,73,103,159,263,422
00777708,REMINGTON COLLEGE - CLEVELAND CAMPUS - B,LA,70816-4040,Private      ,69,178,247,267,581,848
00806700,LSU HEALTH SCIENCES CENTR-SHREVEPOR     ,LA,71130-3932,Public       ,36,170,206,347,1212,1559
00989800,DEMMON SCHOOL OF BEAUTY                 ,LA,70607-2128,Proprietary  ,12,37,49,39,105,144
00997500,NORTHWEST LOUISIANA TECHNICAL COLLEGE   ,LA,71055-2422,Public       ,67,213,280,202,481,683
00997503,NORTHWEST LOUISIANA TECHNICAL COLLEGE   ,LA,71137-8527,Public       ,109,445,554,326,1194,1520
00997504,NORTHWEST LOUISIANA TECHNICAL COLLEGE   ,LA,71052-1236,Public       ,23,57,80,51,156,207
00997505,NORTHWEST LOUISIANA TECHNICAL COLLEGE   ,LA,71449-0790,Public       ,15,54,69,32,143,175
00997506,NORTHWEST LOUISIANA TECHNICAL COLLEGE   ,LA,71458-0657,Public       ,67,131,198,202,370,572
01005701,AMERICAN COMMERCIAL COLLEGE             ,LA,71105-2502,Proprietary  ,5,64,69,28,208,236
01109700,CLOYD'S BEAUTY SCHOOL #1                ,LA,71291-3131,Proprietary  ,14,69,83,56,173,229
01163100,"D-JAY'S SCHL OF BEAUTY, ARTS & SCI      ",LA,70806-0000,Proprietary  ,12,69,81,54,178,232
01184100,JOHN JAY BEAUTY COLLEGE                 ,LA,70124-2592,Proprietary  ,26,80,106,100,264,364
01282300,PAT GOINS RUSTON BEAUTY SCHOOL          ,LA,71270-4301,Proprietary  ,23,27,50,41,53,94
01287900,PAT GOINS BENTON ROAD BEAUTY SCHOOL     ,LA,71111-4838,Proprietary  ,17,27,44,37,61,98
01288000,PAT GOINS BEAUTY SCHOOL                 ,LA,71201-5167,Proprietary  ,8,25,33,23,67,90
02055400,BOSSIER PARISH COMMUNITY COLLEGE        ,LA,71111-0000,Public       ,1056,1866,2922,3529,5578,9107
02055500,DELTA SCH OF BUSINESS & TECHNOLOGY      ,LA,70601-0000,Proprietary  ,28,147,175,118,448,566
02117800,AVEDA INSTITUTE LAFAYETTE               ,LA,70503-3246,Proprietary  ,27,60,87,141,194,335
02166100,NUNEZ COMMUNITY COLLEGE                 ,LA,70043-0000,Public       ,331,771,1102,781,1799,2580
02166200,ITI TECHNICAL COLLEGE                   ,LA,70817-0000,Proprietary  ,141,275,416,482,806,1288
02197500,BATON ROUGE SCHOOL OF COMPUTERS         ,LA,70809-8188,Proprietary  ,16,37,53,74,147,221
02214800,ACADIANA TECHNICAL COLLEGE              ,LA,70506-4109,Public       ,213,423,636,727,1271,1998
02214802,ACADIANA TECHNICAL COLLEGE - ACADIAN    ,LA,70526-4109,Public       ,44,83,127,123,238,361
02214803,ACADIANA TECHNICAL COLLEGE - C.B. COREIL,LA,70586-0000,Public       ,39,59,98,115,184,299
02214804,ACADIANA TECHNICAL COLLEGE - EVANGELINE ,LA,70582-0000,Public       ,37,84,121,81,212,293
02214805,ACADIANA TECHNICAL COLLEGE - GULF AREA  ,LA,70510-0000,Public       ,51,109,160,161,315,476
02214806,ACADIANA TECHNICAL COLLEGE - T.H. HARRIS,LA,70570-0000,Public       ,134,228,362,353,608,961
02214807,ACADIANA TECHNICAL COLLEGE - TECHE AREA ,LA,70562-0000,Public       ,94,176,270,223,422,645
02234000,CAMERON COLLEGE                         ,LA,70119-0000,Proprietary  ,40,184,224,110,380,490
02258400,AVEDA INSTITUTE BATON ROUGE             ,LA,70816-2246,Proprietary  ,65,103,168,209,345,554
02260200,DIESEL DRIVING ACADEMY                  ,LA,71109-5617,Proprietary  ,15,142,157,49,357,406
02265600,JOHN JAY KENNER ACADEMY                 ,LA,70062-0000,Proprietary  ,10,43,53,38,103,141
02269300,STEVENSON'S ACADEMY OF HAIR DESIGN      ,LA,70116-0000,Proprietary  ,30,89,119,89,244,333
02327800,PINEVILLE BEAUTY SCHOOL                 ,LA,71360-0000,Proprietary  ,20,28,48,63,86,149
02335700,BATON ROUGE GENERAL MEDICAL CENTER      ,LA,70806-3889,Private      ,21,61,82,109,224,333
02335701,BATON ROUGE GEN MED CTR SCH NSG         ,LA,70821-0000,Private      ,22,68,90,95,307,402
02335702,BATON ROUGE GEN MED CTR-RAD TECH        ,LA,70806-0000,Private      ,16,45,61,75,155,230
02338000,"CLOYD'S BEAUTY SCHOOL #2, INC           ",LA,71202-3539,Proprietary  ,20,56,76,60,156,216
02352500,"CLOYD'S BEAUTY SCHOOL #3, INC           ",LA,71201-3211,Proprietary  ,17,65,82,55,158,213
02358600,"STAGE ONE THE HAIR SCHOOL, INC.         ",LA,70605-0000,Proprietary  ,31,60,91,79,155,234
02518300,SOUTH LOUISIANA BEAUTY COLLEGE          ,LA,70363-0000,Proprietary  ,14,34,48,22,88,110
02536400,LOUISIANA ACADEMY OF BEAUTY             ,LA,70535-0000,Proprietary  ,18,24,42,38,69,107
02538300,DELTA COLLEGE OF ARTS & TECH INC        ,LA,70806-1529,Proprietary  ,67,234,301,217,779,996
02538301,DELTA COLLEGE OF ARTS & TECHNOLOGY - LAF,LA,70508-6831,Proprietary  ,25,102,127,124,366,490
02548500,COSMETOLOGY TRAINING CENTER             ,LA,70503-0000,Proprietary  ,26,30,56,77,97,174
02554800,VANGUARD COLLEGE OF COSMETOLOGY         ,LA,70458-8823,Proprietary  ,83,106,189,184,231,415
02582200,"GUY'S ACADEMY HAIR, SKIN & NAILS        ",LA,71105-2404,Proprietary  ,22,74,96,61,211,272
02600900,AVEDA INSTITUTE                         ,LA,70433-2922,Proprietary  ,291,493,784,922,1637,2559
02601000,AMERICAN SCHOOL OF BUSINESS             ,LA,71105-5646,Proprietary  ,9,71,80,40,166,206
02601100,OPELOUSAS SCHOOL OF COSMETOLOGY         ,LA,70570-6156,Proprietary  ,13,29,42,33,66,99
02606800,CAREER TRAINING SPECIALISTS             ,LA,71201-6046,Proprietary  ,89,223,312,305,957,1262
02606801,CAREER TECHNICAL COLLEGE - SHREVEPORT   ,LA,71105-2405,Proprietary  ,66,249,315,218,783,1001
02617100,BATON ROUGE COLLEGE                     ,LA,70806-1725,Proprietary  ,38,81,119,184,310,494
02619200,DENHAM SPRINGS BEAUTY COLLEGE           ,LA,70726-3829,Proprietary  ,12,27,39,42,95,137
03010400,CRESCENT CITY SCH GAMING & BARTENDG     ,LA,70119-5507,Proprietary  ,46,307,353,108,669,777
03010624,VIRGINIA COLLEGE - BATON ROUGE          ,LA,70815-8604,Proprietary  ,51,141,192,152,567,719
03023500,CAMELOT CAREER COLLEGE                  ,LA,70805-7539,Proprietary  ,49,104,153,129,356,485
03030900,DIESEL DRIVING ACADEMY                  ,LA,70815-8109,Proprietary  ,24,202,226,64,466,530
03095100,GRETNA CAREER COLLEGE                   ,LA,70053-2436,Proprietary  ,20,56,76,64,240,304
03106200,OUR LADY OF THE LAKE COLLEGE            ,LA,70808-4345,Private      ,175,478,653,1135,2126,3261
03253300,JONESVILLE BEAUTY SCHOOL                ,LA,71343-0000,Proprietary  ,28,59,87,81,113,194
03294300,BLUE CLIFF SCH THERAPEUTIC MASSAGE      ,LA,70002-3458,Proprietary  ,115,383,498,333,1146,1479
03332600,DELTA COLLEGE                           ,LA,70433-9042,Proprietary  ,50,140,190,190,496,686
03332601,DELTA COLLEGE - SLIDELL                 ,LA,70460-2624,Proprietary  ,46,154,200,152,527,679
03356300,MEDICAL TRAINING COLLEGE                ,LA,70816-5820,Proprietary  ,49,142,191,168,432,600
03422500,BLUE CLIFF COLLEGE                      ,LA,71107-6520,Proprietary  ,84,320,404,264,1091,1355
03422600,BLUE CLIFF COLLEGE                      ,LA,70508-3858,Proprietary  ,81,256,337,287,1009,1296
03480300,MEDVANCE INSTITUTE                      ,LA,70809-1908,Proprietary  ,68,207,275,187,579,766
03498400,OMEGA INSTITUTE OF COSMETOLOGY          ,LA,70360-0000,Proprietary  ,11,29,40,58,85,143
03727500,MOORE CAREER COLLEGE                    ,LA,70808-4191,Proprietary  ,4,20,24,20,62,82
03730300,BATON ROUGE COMMUNITY COLLEGE           ,LA,78806-4129,Public       ,1448,1888,3336,5999,6812,12811
03752400,SCHOOL OF URBAN MISSIONS                ,LA,70053-0000,Private      ,52,94,146,167,294,461
03789300,UNITECH TRAINING ACADEMY                ,LA,70503-5132,Proprietary  ,51,143,194,151,385,536
03789301,UNITECH TRAINING ACADEMY - WEST MONROE  ,LA,71291-2913,Proprietary  ,23,156,179,75,348,423
03789302,UNITECH TRAINING ACADEMY - HOUMA        ,LA,70363-5556,Proprietary  ,16,68,84,52,184,236
03789303,UNITECH TRAINING ACADEMY -  ALEXANDRIA  ,LA,71303-3625,Proprietary  ,29,104,133,77,260,337
03789304,UNITECH TRAINING ACADEMY - LAKE CHARLES ,LA,70601-7887,Proprietary  ,34,107,141,100,307,407
03789400,RIVER PARISHES COMMUNITY COLLEGE        ,LA,70778-0310,Public       ,347,525,872,998,1292,2290
03810500,COURT REPORTING INSTITUTE OF LOUISI     ,LA,70816-0000,Proprietary  ,5,33,38,12,113,125
03956300,SOUTH LOUISIANA COMMUNITY COLLEGE       ,LA,70506-0000,Public       ,545,642,1187,2441,2455,4896
04040300,COMPASS CAREER COLLEGE                  ,LA,70403-0653,Proprietary  ,35,111,146,112,313,425
04112300,LOUISIANA CULINARY INSTITUTE            ,LA,70816-4109,Proprietary  ,41,91,132,267,345,612
04120700,ALDEN'S SCHOOL OF COSMETOLOGY           ,LA,70714-1502,Proprietary  ,6,19,25,15,47,62
04130100,LOUISIANA DELTA COMMUNITY COLLEGE       ,LA,71203-3618,Public       ,383,755,1138,1760,2688,4448
04130101,LOUISIANA TECHNICAL COLG - TALLULAH     ,LA,71284-0000,Public       ,8,35,43,53,101,154
04149500,A & W HEALTHCARE EDUCATORS              ,LA,70122-3146,Proprietary  ,14,109,123,59,362,421
04151600,MY-LE'S BEAUTY COLLEGE                  ,LA,70056-3150,Proprietary  ,18,37,55,33,102,135
00143600,CAPITOL COLLEGE                         ,MD,20708-9759,Private      ,45,122,167,481,579,1060
00146200,WASHINGTON BIBLE COLLEGE                ,MD,20706-3599,Private      ,8,102,110,77,429,506
00205700,ALLEGANY COLLEGE OF MARYLAND            ,MD,21502-2596,Public       ,327,438,765,2660,2150,4810
00205800,ANNE ARUNDEL COMMUNITY COLLEGE          ,MD,21012-1895,Public       ,1047,2162,3209,5356,9062,14418
00206100,BALTIMORE CITY COMMUNITY COLLEGE        ,MD,21215-7893,Public       ,814,2410,3224,4222,10492,14714
00206200,BOWIE STATE UNIVERSITY                  ,MD,20715-9465,Public       ,699,1095,1794,7844,6161,14005
00206300,COMMUNITY COLLEGE OF BALTIMORE COUNTY   ,MD,21228-5381,Public       ,2054,4408,6462,10166,17774,27940
00206400,COLLEGE OF SOUTHERN MARYLAND            ,MD,20646-0910,Public       ,678,1188,1866,3688,5057,8745
00206500,NOTRE DAME OF MARYLAND UNIVERSITY       ,MD,21210-2476,Private      ,60,295,355,1155,2193,3348
00206700,WASHINGTON ADVENTIST UNIVERSITY         ,MD,20912-7796,Private      ,171,279,450,1045,1384,2429
00206800,COPPIN STATE UNIVERSITY                 ,MD,21216-3698,Public       ,456,1082,1538,4906,6028,10934
00207100,FREDERICK COMMUNITY COLLEGE             ,MD,21702-9745,Public       ,332,641,973,2263,2940,5203
00207200,FROSTBURG STATE UNIVERSITY              ,MD,21532-1099,Public       ,368,264,632,6837,1867,8704
00207300,GOUCHER COLLEGE                         ,MD,21204-2794,Private      ,89,165,254,3397,1097,4494
00207400,HAGERSTOWN COMMUNITY COLLEGE            ,MD,21742-6514,Public       ,347,809,1156,2016,3267,5283
00207500,HARFORD COMMUNITY COLLEGE               ,MD,21015-1696,Public       ,471,794,1265,2374,3059,5433
00207600,HOOD COLLEGE                            ,MD,21701-8575,Private      ,80,147,227,2583,1013,3596
00207700,JOHNS HOPKINS UNIVERSITY                ,MD,21218-2693,Private      ,192,377,569,9754,2513,12267
00207702,JOHNS HOPKINS UNIV SCH ARTS/SCI/ENG     ,MD,21218-0000,Private      ,99,453,552,4078,2228,6306
00207703,JOHNS HOPKINS UNIV SCH OF BUS/ED        ,MD,21046-0000,Private      ,17,233,250,109,1609,1718
00207705,JOHNS HOPKINS BLOOMBERG SCH OF PH       ,MD,21205-0000,Private      ,4,115,119,71,1721,1792
00207706,JOHNS HOPKINS UNIV SCH OF MEDICINE      ,MD,21205-0000,Private      ,56,82,138,344,1326,1670
00207707,JOHNS HOPKINS UNIV SCH OF NURSING       ,MD,21205-0000,Private      ,38,172,210,430,1601,2031
00207708,JOHNS HOPKINS UNIV PEABODY CONSERV      ,MD,21202-2397,Private      ,22,50,72,650,533,1183
00207800,LOYOLA UNIVERSITY MARYLAND              ,MD,21210-2699,Private      ,184,411,595,9441,2974,12415
00208000,MARYLAND INST COLLEGE OF ART            ,MD,21217-4191,Private      ,117,109,226,3153,1150,4303
00208300,MORGAN STATE UNIVERSITY                 ,MD,21251-0002,Public       ,1022,1338,2360,12231,8027,20258
00208600,MOUNT SAINT MARY'S UNIVERSITY           ,MD,21727-7799,Private      ,66,111,177,3635,507,4142
00208700,NER ISRAEL RABBINICAL COLLEGE           ,MD,21208-1198,Private      ,8,4,12,87,40,127
00208900,PRINCE GEORGES COMMUNITY COLLEGE        ,MD,20774-2199,Public       ,1321,2614,3935,7325,12339,19664
00209100,SALISBURY UNIVERSITY                    ,MD,21801-6862,Public       ,565,342,907,12527,2622,15149
00209200,ST JOHN'S COLLEGE                       ,MD,21404-0000,Private      ,9,23,32,640,201,841
00209500,ST. MARY'S COLLEGE OF MARYLAND          ,MD,20686-3001,Public       ,79,51,130,2687,326,3013
00209600,ST MARY'S SEMINARY & UNIV               ,MD,21210-1994,Private      ,3,20,23,32,96,128
00209900,TOWSON UNIVERSITY                       ,MD,21252-0002,Public       ,1162,1229,2391,26792,9503,36295
00210200,UNIVERSITY OF BALTIMORE                 ,MD,21201-5779,Public       ,244,1225,1469,2216,7919,10135
00210300,"UNIVERSITY OF MARYLAND, COLLEGE PARK    ",MD,20742-5145,Public       ,1546,2190,3736,34375,15166,49541
00210400,"UNIVERSITY OF MARYLAND, BALTIMORE       ",MD,21201-1691,Public       ,325,1200,1525,4637,12105,16742
00210500,UMBC                                    ,MD,21250-0002,Public       ,621,960,1581,11344,6466,17810
00210600,UNIVERSITY MARYLAND EASTERN SHORE       ,MD,21853-4053,Public       ,456,342,798,6479,2663,9142
00210700,STEVENSON UNIVERSITY                    ,MD,21153-0641,Private      ,254,311,565,6936,2246,9182
00210800,WASHINGTON COLLEGE                      ,MD,21620-1197,Private      ,49,18,67,2885,144,3029
00210900,MCDANIEL COLLEGE                        ,MD,21157-4390,Private      ,66,92,158,3379,761,4140
00458612,KAPLAN COLLEGE                          ,MD,21742-2797,Proprietary  ,60,361,421,275,1479,1754
00458614,KAPLAN COLLEGE - FREDERICK              ,MD,21704-8307,Proprietary  ,13,98,111,62,378,440
00465000,CHESAPEAKE COLLEGE                      ,MD,21679-0008,Public       ,186,356,542,1360,1689,3049
00691100,MONTGOMERY COLLEGE                      ,MD,20850-1195,Public       ,1543,2256,3799,11709,12171,23880
00734100,INTERNATIONAL BEAUTY SCHOOL             ,MD,21502-2370,Proprietary  ,13,132,145,62,399,461
00744700,DEL-MAR-VA BEAUTY ACADEMY               ,MD,21804-0000,Proprietary  ,17,46,63,68,161,229
00749100,TESST COLLEGE OF TECHNOLOGY             ,MD,21227-1063,Proprietary  ,99,368,467,403,1403,1806
00793600,LINCOLN TECHNICAL INSTITUTE             ,MD,21046-1544,Proprietary  ,136,251,387,543,844,1387
00817500,HOWARD COMMUNITY COLLEGE                ,MD,21044-3197,Public       ,628,975,1603,3871,4659,8530
00826300,AWARD BEAUTY SCHOOL                     ,MD,21740-5624,Proprietary  ,28,135,163,50,182,232
00830800,CECIL COLLEGE                           ,MD,21901-1999,Public       ,276,408,684,1247,1519,2766
00907906,EVEREST COLLEGE- EVEREST INSTITUTE      ,MD,20910-3737,Proprietary  ,84,253,337,256,812,1068
01001400,GARRETT COMMUNITY COLLEGE               ,MD,21541-1265,Public       ,114,97,211,1062,447,1509
01031900,MEDIX SCHOOL                            ,MD,21204-2538,Proprietary  ,163,720,883,612,2674,3286
01041000,TESST COLLEGE OF TECHNOLOGY             ,MD,21286-2201,Proprietary  ,44,168,212,195,584,779
01164400,UNIV OF MARYLAND UNIVERSITY COLLEGE     ,MD,20783-8078,Public       ,569,8779,9348,3126,36686,39812
01164402,U OF MD UNIVERSITY COLLEGE - EUROPE     ,MD,20832-0000,Public       ,39,235,274,366,822,1188
01164404,U OF MD UNIVERSITY COLLEGE - ASIA       ,MD,31207-0000,Public       ,13,251,264,72,850,922
02073900,WOR-WIC COMMUNITY COLLEGE               ,MD,21804-0000,Public       ,347,779,1126,1771,3043,4814
02083600,TESST COLLEGE OF TECHNOLOGY             ,MD,20705-2698,Proprietary  ,44,159,203,204,663,867
02116005,SANFORD-BROWN INSTITUTE - LANDOVER      ,MD,20785-2287,Proprietary  ,19,99,118,134,665,799
02127900,SOJOURNER DOUGLASS COLLEGE              ,MD,21205-0000,Private      ,64,568,632,302,3324,3626
02155100,MARYLAND COLLEGE OF ART AND DESIGN      ,MD,20902-0000,Private      ,19,47,66,170,184,354
02269700,"COLORLAB ACADEMY OF HAIR, THE           ",MD,21014-3639,Proprietary  ,18,35,53,39,82,121
02314800,BALTIMORE INTERNATIONAL COLLEGE         ,MD,21202-0000,Private      ,0,0,0,73,126,199
02331000,MARYLAND BEAUTY ACADEMY OF ESSEX        ,MD,21221-0000,Proprietary  ,24,79,103,85,219,304
02333000,HAIR ACADEMY                            ,MD,20784-0000,Proprietary  ,65,155,220,144,375,519
02343800,MONTGOMERY BEAUTY SCHOOL                ,MD,20901-0000,Proprietary  ,34,113,147,88,247,335
02494700,BALTIMORE STUDIO OF HAIR DESIGN         ,MD,21201-0000,Proprietary  ,33,103,136,126,322,448
02495000,ROBERT PAUL ACAD COSMTGY ARTS & SCI     ,MD,21093-0000,Proprietary  ,21,31,52,69,90,159
02495100,MARYLAND BEAUTY ACADEMY                 ,MD,21136-0000,Proprietary  ,7,21,28,24,67,91
02545400,NORTH AMERICAN TRADE SCHOOLS            ,MD,21244-0069,Proprietary  ,55,304,359,208,855,1063
02573800,"L' ACADEMIE DE CUISINE, INC.            ",MD,20877-0000,Proprietary  ,16,90,106,68,242,310
02578400,TAI SOPHIA INSTITUTE                    ,MD,20723-6010,Private      ,1,145,146,5,382,387
03027200,BLADES SCHOOL OF HAIR DESIGN            ,MD,20619-0226,Proprietary  ,10,39,49,26,113,139
03064900,AARON'S ACADEMY OF BEAUTY               ,MD,20602-2715,Proprietary  ,19,37,56,57,123,180
03097200,AESTHETICS INSTITUTE OF COSMETOLOGY     ,MD,20877-1305,Proprietary  ,9,61,70,28,120,148
03100700,CARROLL COMMUNITY COLLEGE               ,MD,21157-6913,Public       ,216,317,533,1339,1440,2779
03148300,AMERICAN BEAUTY ACADEMY                 ,MD,20902-1911,Proprietary  ,129,318,447,240,648,888
03296300,BALTIMORE SCHOOL OF MASSAGE             ,MD,21090-2261,Proprietary  ,49,220,269,116,442,558
03327300,NEW CREATIONS ACADEMY OF HAIR DSN       ,MD,20746-0000,Proprietary  ,14,41,55,37,136,173
03455500,NATIONAL LABOR COLLEGE                  ,MD,20903-1790,Private      ,3,114,117,13,387,400
03493300,ALL-STATE CAREER SCHOOL                 ,MD,21224-6658,Proprietary  ,144,676,820,507,2168,2675
03771300,AMERICAN CAREER INSTITUTE               ,MD,20902-4637,Proprietary  ,182,764,946,487,2165,2652
03822400,MAPLE SPRINGS BAPTIST BIBLE COLLEGE & SE,MD,20743-5711,Private      ,0,11,11,2,52,54
03937300,YESHIVA COLLEGE OF THE NATION'S CAPITAL ,MD,20902-1700,Private      ,7,4,11,13,31,44
03965500,HAIR EXPRESSIONS ACADEMY                ,MD,20852-1729,Proprietary  ,25,72,97,54,176,230
04139700,FREDERICK SCHOOL OF COSMETOLOGY         ,MD,21701-0000,Proprietary  ,10,22,32,50,61,111
04141600,OMEGA STUDIOS' SCHOOL OF APPLIED RECORDI,MD,20852-1731,Proprietary  ,16,43,59,69,148,217
04151800,TEMPLE (THE): A PAUL MITCHELL PARTNER SC,MD,21701-5409,Proprietary  ,35,64,99,118,151,269
04168900,HOLISTIC MASSAGE TRAINING INSTITUTE     ,MD,21218-2407,Proprietary  ,2,53,55,20,158,178
04188400,BAIS HAMEDRASH AND MESIVTA OF BALTIMORE ,MD,21209-1613,Private      ,1,6,7,34,18,52
04204000,ASPEN BEAUTY ACADEMY - LAUREL           ,MD,20724-2013,Proprietary  ,16,50,66,46,148,194
00211400,AMERICAN INTERNATIONAL COLLEGE          ,MA,01109-3189,Private      ,94,600,694,2052,3068,5120
00211500,AMHERST COLLEGE                         ,MA,01002-5000,Private      ,113,49,162,4937,384,5321
00211600,ANDOVER NEWTON THEOLOGICAL SCHOOL       ,MA,02459-0000,Private      ,0,40,40,1,194,195
00211700,ANNA MARIA COLLEGE                      ,MA,01612-1198,Private      ,71,138,209,1717,632,2349
00211800,ASSUMPTION COLLEGE                      ,MA,01615-1294,Private      ,91,93,184,4778,840,5618
00212000,MERRIMACK COLLEGE                       ,MA,01845-5800,Private      ,166,105,271,5419,524,5943
00212100,BABSON COLLEGE                          ,MA,02457-0310,Private      ,51,160,211,2759,770,3529
00212200,BAY PATH COLLEGE                        ,MA,01106-2212,Private      ,31,443,474,1003,2356,3359
00212300,BECKER COLLEGE-WORCESTER                ,MA,01615-0071,Private      ,115,184,299,3027,1197,4224
00212400,BENTLEY UNIVERSITY                      ,MA,02452-4705,Private      ,74,137,211,5814,880,6694
00212600,BERKLEE COLLEGE OF MUSIC                ,MA,02215-3693,Private      ,352,220,572,5109,1459,6568
00212800,BOSTON COLLEGE                          ,MA,02467-3800,Private      ,279,402,681,20987,6623,27610
00212900,BOSTON CONSERVATORY OF MUSIC            ,MA,02215-9830,Private      ,41,22,63,1210,372,1582
00213000,BOSTON UNIVERSITY                       ,MA,02215-1789,Private      ,679,1765,2444,34946,19049,53995
00213300,BRANDEIS UNIVERSITY                     ,MA,02453-2700,Private      ,57,158,215,5538,1428,6966
00213900,CLARK UNIVERSITY                        ,MA,01610-1473,Private      ,73,129,202,3787,907,4694
00214000,ELMS COLLEGE                            ,MA,01013-2839,Private      ,66,157,223,1243,1030,2273
00214100,COLLEGE OF THE HOLY CROSS               ,MA,01610-2395,Private      ,75,30,105,5981,167,6148
00214300,CURRY COLLEGE                           ,MA,02186-2395,Private      ,107,256,363,5266,1443,6709
00214400,DEAN COLLEGE                            ,MA,02038-1994,Private      ,115,65,180,1900,352,2252
00214500,EASTERN NAZARENE COLLEGE                ,MA,02170-2999,Private      ,72,146,218,975,560,1535
00214507,EASTERN NAZARENE CLG - LEAD PROGRAM     ,MA,02170-0000,Private      ,3,66,69,67,951,1018
00214600,EMERSON COLLEGE                         ,MA,02116-4624,Private      ,125,106,231,7311,1702,9013
00214700,EMMANUEL COLLEGE                        ,MA,02115-5798,Private      ,83,119,202,5746,607,6353
00214800,ENDICOTT COLLEGE                        ,MA,01915-2098,Private      ,91,198,289,4699,716,5415
00214900,EPISCOPAL DIVINITY SCHOOL               ,MA,02138-0000,Private      ,0,12,12,0,79,79
00215000,FISHER COLLEGE                          ,MA,02116-1500,Private      ,173,322,495,1618,1539,3157
00215100,BENJAMIN FRANKLIN INSTITUTE OF TECH     ,MA,02116-6296,Public       ,92,98,190,605,383,988
00215300,GORDON COLLEGE                          ,MA,01984-1899,Private      ,64,39,103,2418,236,2654
00215400,HELLENIC COLLEGE                        ,MA,02445-7496,Private      ,18,44,62,88,129,217
00215500,HARVARD UNIVERSITY                      ,MA,02138-3800,Private      ,141,149,290,4542,986,5528
00215501,AMRCN REPERTORY THTR INST ADV THTR      ,MA,02138-0000,Private      ,0,6,6,3,121,124
00215502,HARVARD BUSINESS SCHOOL                 ,MA,02163-0000,Private      ,21,140,161,223,1731,1954
00215503,HARVARD EXTENSION SCHOOL                ,MA,02138-0000,Private      ,28,324,352,163,1497,1660
00215504,HARVARD SCH OF DENTAL MEDICINE          ,MA,02115-0000,Private      ,5,13,18,30,211,241
00215505,HARVARD UNIV GRAD SCH DESIGN            ,MA,02138-0000,Private      ,1,27,28,8,1005,1013
00215506,HARVARD DIVINITY SCHOOL                 ,MA,02138-0000,Private      ,0,22,22,15,542,557
00215507,HARVARD UNIV GRAD SCH ED                ,MA,02138-0000,Private      ,0,48,48,15,1541,1556
00215508,HARVARD UNIV GRAD S OF ARTS & SCIEN     ,MA,02138-0000,Private      ,9,77,86,61,968,1029
00215509,HARVARD KENNEDY SCHOOL                  ,MA,02138-0000,Private      ,1,54,55,9,1397,1406
00215510,HARVARD LAW SCHOOL                      ,MA,02138-0000,Private      ,20,101,121,129,3305,3434
00215511,HARVARD UNIV MEDICAL SCHOOL             ,MA,02115-0000,Private      ,43,34,77,195,1145,1340
00215512,HARVARD UNIV SCH PUBLIC HEALTH          ,MA,02115-0000,Private      ,2,38,40,42,945,987
00215513,HARVARD UNIVERSITY-HARVARD COLLEGE      ,MA,02138-0000,Private      ,395,135,530,19461,1280,20741
00215700,HEBREW COLLEGE                          ,MA,02459-2237,Private      ,1,7,8,2,96,98
00215800,LASELL COLLEGE                          ,MA,02466-2716,Private      ,76,89,165,3394,461,3855
00216000,LESLEY UNIVERSITY                       ,MA,02138-2790,Private      ,121,815,936,3043,3884,6927
00216100,UMASS LOWELL                            ,MA,01854-3089,Public       ,799,1240,2039,13435,6513,19948
00216400,NEW ENGLAND COLLEGE OF OPTOMETRY        ,MA,02115-1129,Private      ,2,10,12,15,432,447
00216500,MASS. COLLEGE OF PHARMACY  & HEALTH SCIE,MA,02115-5804,Private      ,119,313,432,5898,4057,9955
00216700,BERKSHIRE COMMUNITY COLLEGE             ,MA,01201-5786,Public       ,138,284,422,1076,1576,2652
00216800,CAPE COD COMMUNITY COLLEGE              ,MA,02668-1599,Public       ,311,572,883,1731,2329,4060
00216900,GREENFIELD COMMUNITY COLLEGE            ,MA,01301-9739,Public       ,208,330,538,943,1621,2564
00217000,HOLYOKE COMMUNITY COLLEGE               ,MA,01040-1099,Public       ,578,1008,1586,4003,5042,9045
00217100,MASSACHUSETTS BAY COMMUNITY COLLEGE     ,MA,02181-0000,Public       ,462,680,1142,2429,2737,5166
00217200,MOUNT WACHUSETT COMMUNITY COLLEGE       ,MA,01440-1000,Public       ,369,762,1131,2061,3415,5476
00217300,NORTH SHORE COMMUNITY COLLEGE           ,MA,01923-4093,Public       ,815,1371,2186,3532,4827,8359
00217400,NORTHERN ESSEX COMMUNITY COLLEGE        ,MA,01830-2399,Public       ,819,1238,2057,3251,4473,7724
00217500,QUINSIGAMOND COMMUNITY COLLEGE          ,MA,01606-2092,Public       ,781,1319,2100,4458,5987,10445
00217600,BRISTOL COMMUNITY COLLEGE               ,MA,02720-7399,Public       ,833,1401,2234,4470,5599,10069
00217700,MASSASOIT COMMUNITY COLLEGE             ,MA,02302-3996,Public       ,655,1015,1670,3751,4572,8323
00217800,MASSACHUSETTS INST OF TECHNOLOGY        ,MA,02139-4307,Private      ,344,366,710,12063,3373,15436
00218000,MASSACHUSETTS COLLEGE OF ART AND DESIGN ,MA,02115-5803,Public       ,107,121,228,2616,1027,3643
00218100,MASSACHUSETTS MARITIME ACADEMY          ,MA,02532-3400,Public       ,44,41,85,1486,174,1660
00218300,BRIDGEWATER STATE COLLEGE               ,MA,02325-0001,Public       ,580,567,1147,12188,3998,16186
00218400,FITCHBURG STATE COLLEGE                 ,MA,01420-2697,Public       ,201,272,473,5819,1742,7561
00218500,FRAMINGHAM STATE COLLEGE                ,MA,01702-2471,Public       ,257,258,515,7377,1738,9115
00218700,MASSACHUSETTS CLG OF LIBERAL ARTS       ,MA,01247-4100,Public       ,74,84,158,2362,604,2966
00218800,SALEM STATE UNIVERSITY                  ,MA,01970-5353,Public       ,475,633,1108,9219,4255,13474
00218900,WESTFIELD STATE COLLEGE                 ,MA,01086-1630,Public       ,317,288,605,8176,1996,10172
00219000,WORCESTER STATE COLLEGE                 ,MA,01602-2597,Public       ,275,371,646,6656,2673,9329
00219200,MOUNT HOLYOKE COLLEGE                   ,MA,01075-1492,Private      ,45,24,69,2911,353,3264
00219300,MOUNT IDA COLLEGE                       ,MA,02459-3323,Private      ,81,75,156,2116,440,2556
00219400,NEW ENGLAND CONSERVATORY OF MUSIC       ,MA,02115-5018,Private      ,19,17,36,758,615,1373
00219700,NICHOLS COLLEGE                         ,MA,01571-6346,Private      ,75,85,160,2064,432,2496
00219900,NORTHEASTERN UNIVERSITY                 ,MA,02115-5000,Private      ,587,1769,2356,34613,12505,47118
00220100,PINE MANOR COLLEGE                      ,MA,02167-0000,Private      ,18,19,37,372,150,522
00220200,BLESSED JOHN XXIII NATIONAL SEMINARY    ,MA,02493-0000,Private      ,0,2,2,0,5,5
00220500,QUINCY COLLEGE                          ,MA,02169-4501,Public       ,395,924,1319,1726,3746,5472
00220600,REGIS COLLEGE                           ,MA,02193-0000,Private      ,56,138,194,2104,997,3101
00220800,SIMMONS COLLEGE                         ,MA,02115-5898,Private      ,70,335,405,3605,3843,7448
00220900,SMITH COLLEGE                           ,MA,01063-2936,Private      ,58,32,90,3619,489,4108
00220901,"SMITH COLLEGE, SCH FOR SOCIAL WORK      ",MA,01063-0000,Private      ,2,13,15,15,544,559
00221000,UNIV OF MASSACHUSETTS-DARTMOUTH         ,MA,02747-2300,Public       ,447,533,980,12995,3962,16957
00221100,SPRINGFIELD COLLEGE                     ,MA,01109-3797,Private      ,164,1065,1229,4144,4381,8525
00221400,ST JOHN'S SEMINARY                      ,MA,02135-8839,Private      ,4,16,20,14,45,59
00221700,STONEHILL COLLEGE                       ,MA,02357-6110,Private      ,75,16,91,6017,172,6189
00221800,SUFFOLK UNIVERSITY                      ,MA,02108-2770,Private      ,148,460,608,9701,5380,15081
00221900,TUFTS UNIVERSITY                        ,MA,02155-5808,Private      ,111,182,293,10409,2608,13017
00221901,TUFTS UNIV SCH OF DENTAL MEDICINE       ,MA,02111-0000,Private      ,2,18,20,41,990,1031
00221902,TUFTS UNIVERSITY - CUMMINGS SCHOOL OF VE,MA,01536-0000,Private      ,1,11,12,31,533,564
00221904,TUFTS UNIV SCHOOL OF MEDICINE           ,MA,02111-0000,Private      ,10,108,118,100,2003,2103
00222100,UNIV OF MASSACHUSETTS-AMHERST           ,MA,01003-0000,Public       ,1271,953,2224,40092,8322,48414
00222200,UNIV OF MASSACHUSETTS-BOSTON            ,MA,02125-3393,Public       ,762,1778,2540,13350,12155,25505
00222400,WELLESLEY COLLEGE                       ,MA,02481-8203,Private      ,54,26,80,3564,262,3826
00222500,WENTWORTH INSTITUTE OF TECHNOLOGY       ,MA,02115-5998,Private      ,155,190,345,5756,989,6745
00222600,WESTERN NEW ENGLAND UNIVERSITY          ,MA,01119-2654,Private      ,111,204,315,6269,1949,8218
00222700,WHEATON COLLEGE                         ,MA,02766-2322,Private      ,51,16,67,2852,124,2976
00222800,WHEELOCK COLLEGE                        ,MA,02215-4176,Private      ,33,89,122,1744,911,2655
00222900,WILLIAMS COLLEGE                        ,MA,01267-2600,Private      ,58,8,66,4369,143,4512
00223300,WORCESTER POLYTECHNIC INSTITUTE         ,MA,01609-2280,Private      ,79,91,170,7213,669,7882
00396500,BAY STATE COLLEGE                       ,MA,02116-2901,Proprietary  ,134,276,410,1540,1333,2873
00396600,BOSTON ARCHITECTURAL COLLEGE            ,MA,02115-2795,Private      ,55,194,249,403,947,1350
00466100,HAMPSHIRE COLLEGE                       ,MA,01002-3359,Private      ,51,19,70,2812,229,3041
00466600,SALTER COLLEGE                          ,MA,01583-1700,Proprietary  ,112,591,703,357,1886,2243
00466700,SCHOOL OF MUSEUM OF FINE ARTS           ,MA,02115-5534,Private      ,29,26,55,763,360,1123
00466900,UPPER CAPE COD REGIONAL VOC TECH        ,MA,02532-3310,Public       ,4,24,28,25,139,164
00527900,GREATER LOWELL REGNL VOC TECH SCH       ,MA,01879-0000,Public       ,3,25,28,30,105,135
00551900,DIMAN REGIONAL VOC TECH INST            ,MA,02723-3519,Public       ,8,30,38,37,180,217
00552300,BLUE HILLS REGIONAL VOC TECH            ,MA,02021-1398,Public       ,3,39,42,39,157,196
00555700,MCCANN TECHNICAL SCHOOL                 ,MA,01247-0000,Public       ,4,12,16,22,87,109
00613600,NATIONAL AVIATION ACADEMY - NEW ENGLAND ,MA,01730-2620,Proprietary  ,27,59,86,141,278,419
00632200,BROCKTON HOSPITAL SCH OF NURSING        ,MA,02302-0000,Private      ,10,75,85,147,639,786
00632400,LABOURE COLLEGE                         ,MA,02124-5698,Private      ,32,252,284,181,912,1093
00633100,LAWRENCE MEM HOSPITAL SCH OF NRSNG      ,MA,02155-1643,Private      ,9,80,89,71,436,507
00635200,BAYSTATE MEDICAL CENTER                 ,MA,01199-0001,Private      ,4,29,33,35,124,159
00687300,MARIAN COURT COLLEGE                    ,MA,01907-2896,Private      ,24,25,49,127,90,217
00748100,GIBBS COLLEGE                           ,MA,02116-2904,Proprietary  ,17,59,76,83,309,392
00748400,NEWBURY COLLEGE                         ,MA,02445-5796,Private      ,69,52,121,2700,394,3094
00748600,THE NEW ENGLAND INSTITUTE OF ART        ,MA,02445-7295,Proprietary  ,171,109,280,1413,599,2012
00748800,KAPLAN CAREER INSTITUTE                 ,MA,02129-1644,Proprietary  ,25,102,127,103,404,507
00748801,KAPLAN CAREER INSTITUTE -               ,MA,02215-2606,Proprietary  ,15,56,71,67,268,335
00807800,SPRINGFIELD TECHNICAL COMMUNITY CLG     ,MA,01105-0000,Public       ,595,1224,1819,3626,5807,9433
00809002,EVEREST COLLEGE - EVEREST INSTITUTE     ,MA,02150-2333,Proprietary  ,37,127,164,140,409,549
00891600,NEW ENGLAND SCHOOL OF LAW               ,MA,02116-0000,Private      ,1,59,60,25,2251,2276
00964500,BARD COLLEGE AT SIMON'S ROCK            ,MA,01230-9702,Private      ,12,3,15,409,26,435
00974700,GORDON-CONWELL THEOLOGICAL SEMINARY     ,MA,01982-0000,Private      ,1,79,80,10,527,537
00975600,UNIVERSITY OF MASS MEDICAL CENTER       ,MA,01655-0000,Public       ,9,73,82,57,963,1020
00987700,HENRI'S SCHOOL OF HAIR DESIGN           ,MA,01420-5675,Proprietary  ,8,14,22,20,40,60
00989900,LOWELL ACADEMY HAIRSTYLING INST         ,MA,01852-1909,Proprietary  ,24,51,75,41,72,113
00993600,MIDDLESEX COMMUNITY COLLEGE             ,MA,01730-1197,Public       ,312,473,785,1942,1835,3777
00993602,"MIDDLESEX COMMUNITY COLLEGE, LOWELL     ",MA,01852-0000,Public       ,519,851,1370,2972,3218,6190
01121000,BUNKER HILL COMMUNITY COLLEGE           ,MA,02129-2991,Public       ,1060,2049,3109,6407,10736,17143
01151000,EVEREST INSTITUTE                       ,MA,02135-7638,Proprietary  ,25,109,134,106,380,486
01193000,ROXBURY COMMUNITY COLLEGE               ,MA,02120-3400,Public       ,280,828,1108,1198,3291,4489
01204200,MANSFIELD BEAUTY SCHOOLS                ,MA,02169-5061,Proprietary  ,11,26,37,36,75,111
01206800,MANSFIELD BEAUTY SCHOOL                 ,MA,01103-1410,Proprietary  ,4,12,16,23,48,71
01218700,BLACKSTONE VALLEY VOCATIONAL REGIONAL SC,MA,01568-1499,Public       ,2,5,7,3,24,27
01238600,SOUTHEASTERN TECHNICAL INSTITUTE        ,MA,02375-1780,Public       ,11,42,53,59,199,258
01288100,MONTACHUSETT REG VOC TECH SCH           ,MA,01420-4649,Public       ,2,22,24,22,106,128
01292100,EMPIRE BEAUTY SCHOOL                    ,MA,02215-0000,Proprietary  ,67,117,184,209,368,577
01294800,ROB ROY ACADEMY                         ,MA,02721-5330,Proprietary  ,20,47,67,42,84,126
02063000,MONTSERRAT COLLEGE OF ART               ,MA,01915-0000,Private      ,15,7,22,666,79,745
02076700,EMPIRE BEAUTY SCHOOL                    ,MA,02148-0000,Proprietary  ,22,41,63,73,147,220
02079400,EMPIRE BEAUTY SCHOOL                    ,MA,01702-5232,Proprietary  ,48,91,139,115,259,374
02092100,MASSACHUSETTS SCHOOL OF BARBERING       ,MA,02169-5058,Proprietary  ,9,47,56,28,114,142
02092200,EMPIRE BEAUTY SCHOOL                    ,MA,01852-0000,Proprietary  ,27,59,86,108,203,311
02122000,NEW ENGLAND HAIR ACADEMY                ,MA,02148-0000,Proprietary  ,30,56,86,63,121,184
02137000,ROB ROY ACADEMY                         ,MA,02780-0000,Proprietary  ,7,22,29,9,37,46
02137200,MASS GEN HOSP DIETETIC INTERNSHIP       ,MA,02114-0000,Private      ,1,3,4,5,38,43
02143000,LONGY SCHOOL OF MUSIC                   ,MA,02138-3599,Private      ,8,9,17,40,163,203
02163500,NEW ENGLAND SCHOOL OF PHOTOGRAPHY       ,MA,02215-0000,Proprietary  ,14,38,52,120,133,253
02163600,MASS SCH OF PROFESSIONAL PSYCHOLOGY     ,MA,02132-0000,Private      ,3,74,77,25,877,902
02169900,ASSABET VALLEY REGIONAL VOC SCHOOL      ,MA,01752-0000,Public       ,2,18,20,23,118,141
02181600,ROB ROY ACADEMY                         ,MA,01609-0000,Proprietary  ,34,69,103,92,159,251
02182900,CAMBRIDGE COLLEGE                       ,MA,02138-5304,Private      ,99,1282,1381,332,3399,3731
02197900,NORTH BENNET STREET SCHOOL              ,MA,02113-0000,Private      ,5,38,43,47,180,227
02215100,HALLMARK INSTITUTE OF PHOTOGRAPHY       ,MA,01376-0000,Proprietary  ,26,47,73,159,163,322
02219501,MILDRED ELLEY - PITTSFIELD              ,MA,01201-5300,Proprietary  ,4,14,18,15,72,87
02220400,CATHERINE HINDS INST OF ESTHETICS       ,MA,01801-0000,Proprietary  ,17,57,74,67,197,264
02231600,MGH INSTITUTE OF HEALTH PROFESSION      ,MA,02129-0000,Private      ,11,149,160,84,1576,1660
02274300,CONWAY SCHOOL OF LANDSCAPE DESIGN       ,MA,01341-0179,Private      ,0,1,1,2,19,21
02325700,LABARON HAIRDRESSING ACADEMY            ,MA,02740-0000,Proprietary  ,8,22,30,12,52,64
02325800,LABARON HAIRDRESSING ACAD-BROCKTON      ,MA,02301-0000,Proprietary  ,9,28,37,24,64,88
02337400,BANCROFT SCHOOL OF MASSAGE THERAPY      ,MA,01604-4614,Proprietary  ,4,27,31,17,78,95
02338200,BAY STATE SCHOOL OF TECHNOLOGY          ,MA,02021-0000,Proprietary  ,14,86,100,55,242,297
02339400,ROB ROY ACADEMY                         ,MA,02746-0000,Proprietary  ,4,10,14,8,30,38
02491700,CORTIVA INSTITUTE -  BOSTON             ,MA,02472-2577,Proprietary  ,7,38,45,22,89,111
02523900,ELIZABETH GRADY SCHOOL OF ESTHETICS     ,MA,02155-0000,Proprietary  ,17,63,80,39,131,170
02579800,NEW ENGLAND SCHOOL OF ACUPUNCTURE       ,MA,02458-0000,Private      ,0,12,12,0,155,155
03006802,PENNSYLVANIA CULINARY INSTITUTE - LE COR,MA,02142-1221,Proprietary  ,59,129,188,220,472,692
03066700,AILANO SCHOOL OF COSMETOLOGY            ,MA,02303-4740,Proprietary  ,16,25,41,33,53,86
03104000,SHAWSHEEN ADULT TECHNICAL INSTITUTE     ,MA,01821-5499,Public       ,1,16,17,14,89,103
03115200,MOTORING TECHNICAL TRAINING INST        ,MA,02771-5933,Proprietary  ,50,84,134,141,224,365
03120800,KAY HARVEY HAIRDRESSING ACADEMY         ,MA,01089-2701,Proprietary  ,5,24,29,23,48,71
03130500,URBAN COLLEGE OF BOSTON                 ,MA,02111-1093,Private      ,29,160,189,76,657,733
03194300,BOSTON GRAD SCH OF PSYCHOANALYSIS       ,MA,02446-4602,Private      ,2,26,28,2,88,90
03196300,LINCOLN TECHNICAL INSTITUTE             ,MA,02145-1102,Proprietary  ,38,90,128,115,283,398
03196302,LINCOLN TECHNICAL INSTITUTE             ,MA,01852-5119,Proprietary  ,48,108,156,132,362,494
03205400,JOLIE HAIR & BEAUTY ACADEMY             ,MA,01056-2769,Proprietary  ,10,49,59,38,140,178
03232302,LINCOLN TECHNICAL INSTITUTE - BROCKTON C,MA,02401-1818,Proprietary  ,42,95,137,97,217,314
03235300,MASSACHUSETTS SCHOOL OF LAW             ,MA,01810-1094,Private      ,1,97,98,10,615,625
03240300,TONI & GUY HAIRDRESSING ACADEMY         ,MA,01605-2213,Proprietary  ,18,26,44,67,60,127
03248300,BOSTON BAPTIST COLLEGE                  ,MA,02136-4000,Private      ,23,22,45,103,63,166
03316400,FUNERAL INSTITUTE OF THE NORTHEAST      ,MA,02062-4766,Proprietary  ,13,19,32,48,106,154
03504300,NATL GRAD SCH OF QUALITY SYSTM MGMT     ,MA,02540-0000,Private      ,0,21,21,0,48,48
03570500,ZION BIBLE COLLEGE                      ,MA,01835-0000,Private      ,47,36,83,202,147,349
03763300,MEDICAL PROFESSIONAL INSTITUTE          ,MA,02148-8143,Proprietary  ,16,60,76,52,311,363
03859300,E.I.N.E.                                ,MA,01876-4709,Proprietary  ,1,13,14,10,51,61
03927303,BRIO ACADEMY OF COSMETOLOGY - NORTHHAMPT,MA,01060-3947,Proprietary  ,18,20,38,36,49,85
03946300,FRANKLIN W. OLIN COLLEGE OF ENGINEERING ,MA,02492-1200,Private      ,5,2,7,559,25,584
03965300,NEW ENGLAND COLLEGE OF FINANCE          ,MA,02110-1605,Proprietary  ,10,214,224,73,766,839
04039300,SULLIVAN AND COGLIANO TRAINING CENTER   ,MA,02301-4921,Proprietary  ,28,427,455,51,874,925
04116900,DIGRIGOLI SCHOOL OF COSMETOLOGY         ,MA,01089-4623,Proprietary  ,17,23,40,50,79,129
04122000,TRI COUNTY REGIONAL VOCATIONAL TECHNICAL,MA,02038-0000,Public       ,4,19,23,15,79,94
04128000,MILLENNIUM TRAINING INSTITUTE           ,MA,01801-6386,Proprietary  ,2,70,72,8,113,121
04128900,CENTRAL MASS SCHOOL OF MASSAGE AND THERA,MA,01562-1712,Proprietary  ,2,13,15,8,18,26
04143200,HULT INTERNATIONAL BUSINESS SCHOOL      ,MA,02141-1805,Private      ,5,56,61,16,304,320
04153200,SOUTHERN WORCESTER COUNTY REGIONAL VOC S,MA,01507-1331,Public       ,0,6,6,12,43,55
04193100,ALEXANDER ACADEMY                       ,MA,01420-0000,Proprietary  ,7,23,30,22,56,78
00324204,CARNEGIE MELLON UNIVERSITY - QATAR      ,FC,00000-0000,Private      ,0,1,1,10,3,13
00401200,HEBREW UNIVERSITY OF JERUSALEM (THE)    ,FC,00000-0000,Public       ,3,13,16,35,100,135
00403000,UNIVERSITY OF CAMBRIDGE                 ,FC,00000-0000,Public       ,1,17,18,10,104,114
00503400,AMERICAN UNIVERSITY OF CAIRO            ,FC,00000-0000,Private      ,20,44,64,75,185,260
00667100,KATHOLIEKE UNIVERSITEIT LEUVEN          ,FC,00000-0000,Private      ,1,4,5,3,41,44
00669100,UNIVERSITY OF CAMBRIDGE - PEMBROKE      ,FC,00000-0000,Public       ,0,0,0,3,8,11
00669200,UNIVERSITY OF LEEDS                     ,FC,00000-0000,Public       ,1,19,20,18,87,105
00669300,UNIV OF LONDON-LONDON SCHOOL ECON       ,FC,00000-0000,Public       ,5,56,61,19,415,434
00669400,SCH OF ORIENTAL & AFRICAN STUDIES       ,FC,00000-0000,Public       ,4,33,37,13,177,190
00669500,UNIV OF LONDON-UNIVERSITY COLLEGE       ,FC,00000-0000,Public       ,8,61,69,53,419,472
00669600,UNIV OF LONDON-SCH ADVANCED STUDY       ,FC,00000-0000,Public       ,1,4,5,1,20,21
00669700,"QUEEN MARY, UNIVERSITY OF LONDON        ",FC,00000-0000,Public       ,7,20,27,29,154,183
00669900,UNIVERSITY OF SUSSEX                    ,FC,00000-0000,Public       ,2,15,17,32,96,128
00670000,"UNIVERSITY OF YORK, THE                 ",FC,00000-0000,Public       ,4,25,29,20,141,161
00670400,UNIVERSITY COLLEGE CORK                 ,FC,00000-0000,Public       ,4,21,25,17,66,83
00671300,UPPSALA UNIVERSITY                      ,FC,00000-0000,Public       ,0,8,8,5,38,43
00671500,UNIVERSITY OF GENEVA                    ,FC,00000-0000,Public       ,0,11,11,3,96,99
00683900,UNIVERSITY OF EDINBURGH                 ,FC,00000-0000,Public       ,27,104,131,218,722,940
00683903,UNIVERSITY OF EDINBURGH - EDINBURGH COLL,FC,00000-0000,Public       ,0,1,1,4,27,31
00684200,UNIVERSITY OF DUBLIN TRINITY COLLEG     ,FC,00000-0000,Public       ,3,29,32,56,193,249
00685000,UNIVERSITY OF CAMBRIDGE - DOWNING C     ,FC,00000-0000,Public       ,0,0,0,0,3,3
00763200,UNIVERSITY OF BRISTOL                   ,FC,00000-0000,Public       ,2,13,15,14,99,113
00768100,COLLEGE OF EUROPE                       ,FC,00000-0000,Private      ,0,1,1,1,9,10
00770500,ROYAL COLLEGE OF SURGEONS IN IRELAN     ,FC,00000-0000,Private      ,1,12,13,8,68,76
00788100,AMERICAN UNIVERSITY OF PARIS            ,FC,00000-0000,Private      ,23,55,78,493,283,776
00837100,AMERICAN UNIVERSITY OF BEIRUT           ,FC,00000-0000,Private      ,18,15,33,81,114,195
00837300,TEL-AVIV UNIVERSITY                     ,FC,00000-0000,Public       ,1,38,39,31,156,187
00837600,VRIJE UNIVERSITEIT AMSTERDAM            ,FC,00000-0000,Public       ,1,4,5,5,41,46
00837700,UNIVERSITEIT VAN AMSTERDAM(UNIVERSI     ,FC,00000-0000,Public       ,4,14,18,18,114,132
00838000,UNIVERSITY OF WARWICK                   ,FC,00000-0000,Public       ,1,9,10,9,68,77
00838300,UNIVERSITY OF GLASGOW                   ,FC,00000-0000,Public       ,6,64,70,56,365,421
00839300,UNIVERSITY OF OSLO                      ,FC,00000-0000,Public       ,0,4,4,6,31,37
00839400,UNIVERSITY OF OXFORD                    ,FC,00000-0000,Public       ,6,63,69,29,390,419
00839800,UNIVERSITY OF SHEFFIELD (THE)           ,FC,00000-0000,Public       ,3,16,19,8,108,116
00839900,UNIVERSITY OF SOUTHAMPTON               ,FC,00000-0000,Public       ,1,13,14,13,76,89
00845200,ABERYSTWYTH UNIVERSITY                  ,FC,00000-0000,Public       ,4,6,10,24,50,74
00845800,LOUGHBOROUGH UNIVERSITY                 ,FC,00000-0000,Public       ,1,2,3,3,9,12
00846000,UNIVERSITY OF NEWCASTLE UPON TYNE       ,FC,00000-0000,Public       ,1,25,26,20,138,158
00846100,UNIVERSITY OF SAINT ANDREWS             ,FC,00000-0000,Public       ,40,39,79,323,214,537
00850500,UNIVERSITY OF MELBOURNE                 ,FC,00000-0000,Public       ,2,33,35,16,152,168
00858600,SWANSEA UNIVERSITY                      ,FC,00000-0000,Public       ,2,4,6,7,40,47
00858700,UNIVERSITY OF DURHAM                    ,FC,00000-0000,Public       ,4,38,42,37,225,262
00866500,UNIVERSITY OF KENT AT CANTERBURY (THE)  ,FC,00000-0000,Public       ,6,31,37,21,128,149
00867000,UNIVERSITY OF NEW SOUTH WALES           ,FC,00000-0000,Public       ,2,23,25,18,89,107
00868700,UNIVERSITY OF ESSEX                     ,FC,00000-0000,Public       ,5,14,19,18,129,147
00869300,CITY UNIVERSITY                         ,FC,00000-0000,Public       ,6,33,39,29,183,212
00890800,THE UNIVERSITY OF BIRMINGHAM            ,FC,00000-0000,Public       ,1,27,28,17,107,124
00891000,UNIVERSITY OF HULL                      ,FC,00000-0000,Public       ,1,3,4,6,14,20
00892000,UNIVERSITY OF NOTTINGHAM                ,FC,00000-0000,Public       ,2,19,21,22,95,117
00900600,UNIVERSITY OF SALFORD (THE)             ,FC,00000-0000,Public       ,0,7,7,1,24,25
00908400,"UNIV OF LONDON, BIRKBECK                ",FC,00000-0000,Public       ,1,26,27,6,112,118
00908500,UNIV OF LONDON KING'S COLLEGE           ,FC,00000-0000,Public       ,8,74,82,50,406,456
00908600,UNIVERSITY OF LONDON - ROYAL HOLLOWAY   ,FC,00000-0000,Public       ,2,16,18,26,83,109
00914300,BAR-ILAN UNIVERSITY                     ,FC,00000-0000,Private      ,3,7,10,21,19,40
00924900,UNIVERSITY OF LIVERPOOL                 ,FC,00000-0000,Public       ,2,30,32,26,115,141
00936800,UNIVERSITY OF ABERDEEN                  ,FC,00000-0000,Public       ,3,22,25,43,135,178
00942300,ROYAL COLLEGE OF ART                    ,FC,00000-0000,Public       ,1,9,10,10,53,63
00942800,TECHNION-ISRAEL INST OF TECHLGY         ,FC,00000-0000,Public       ,1,17,18,6,51,57
00944200,UNIVERSITY OF EXETER                    ,FC,00000-0000,Public       ,2,15,17,13,107,120
00944400,UNIVERSITY OF LANCASTER                 ,FC,00000-0000,Public       ,0,14,14,10,60,70
00963400,UNIVERSITY OF OXFORD ST CATHERINE'S     ,FC,00000-0000,Public       ,0,2,2,2,9,11
00980800,UNIVERSITY OF STRATHCLYDE               ,FC,00000-0000,Public       ,0,12,12,8,54,62
00986000,UNIVERSITY OF SURREY                    ,FC,00000-0000,Public       ,0,5,5,8,28,36
00990600,PONTIFICAL NORTH AMERICAN COLLEGE       ,FC,00000-0000,Private      ,1,1,2,2,5,7
00992700,UNIVERSITY OF CAMBRIDGE - FITZWILLI     ,FC,00000-0000,Public       ,0,2,2,0,9,9
01006700,LUND UNIVERSITY                         ,FC,00000-0000,Public       ,0,8,8,3,87,90
01008400,UNIVERSITY OF CAPE TOWN                 ,FC,00000-0000,Public       ,1,18,19,13,65,78
01008700,UNIVERSITY OF OXFORD ST PETER'S COL     ,FC,00000-0000,Public       ,0,2,2,1,8,9
01008800,UNIVERSITY OF OXFORD - CORPUS CHRIS     ,FC,00000-0000,Public       ,0,0,0,0,4,4
01008900,CENTRAL SCHOOL OF SPEECH AND DRAMA      ,FC,00000-0000,Private      ,1,8,9,15,46,61
01009000,UNIVERSITY OF OXFORD - BALLIOL COLL     ,FC,00000-0000,Public       ,0,2,2,2,12,14
01014300,UNIVERSITY OF READING                   ,FC,00000-0000,Public       ,1,17,18,9,48,57
01015700,CARDIFF UNIVERSITY                      ,FC,00000-0000,Public       ,2,7,9,10,75,85
01015900,PONTIFICIA UNIVERSITA GREGORIANA        ,FC,00000-0000,Private      ,0,0,0,1,4,5
01016000,CG JUNG INST                            ,FC,00000-0000,Private      ,0,1,1,0,6,6
01018800,UNIVERSITY COLLEGE DUBLIN               ,FC,00000-0000,Public       ,4,34,38,41,236,277
01019000,UNIVERSITY OF CAMBRIDGE CHURCHILL C     ,FC,00000-0000,Public       ,0,3,3,1,13,14
01022800,UNIVERSITY OF STIRLING                  ,FC,00000-0000,Public       ,2,11,13,19,71,90
01033200,UNIVERSITY OF CAMBRIDGE - CLARE COL     ,FC,00000-0000,Public       ,1,3,4,1,8,9
01045600,UNIVERSITY OF HAIFA                     ,FC,00000-0000,Public       ,0,2,2,9,29,38
01047200,INST EUROPEEN OPEEN D'ADMINISTRATIO     ,FC,00000-0000,Private      ,0,20,20,1,52,53
01049300,CRANFIELD UNIVERSITY                    ,FC,00000-0000,Public       ,0,2,2,1,17,18
01052000,TRINITY LABAN CONSERVATOIRE OF MUSIC AND,FC,00000-0000,Public       ,0,2,2,8,13,21
01052500,UNIVERSITY OF HERTFORDSHIRE             ,FC,00000-0000,Public       ,1,8,9,13,27,40
01057400,LONDON INTRNTL FILM SCHOOL              ,FC,00000-0000,Private      ,1,7,8,2,36,38
01058800,AUSTRALIAN NATIONAL UNIVERSITY          ,FC,00000-0000,Public       ,2,10,12,14,47,61
01058900,BANGOR UNIVERSITY                       ,FC,00000-0000,Public       ,0,3,3,9,22,31
01059400,"RICHMOND, THE AMERICAN INT UNI IN LONDON",FC,00000-0000,Private      ,24,11,35,297,83,380
01059900,INST D'ETUDES POLITIQUES DE PARIS       ,FC,00000-0000,Public       ,1,21,22,10,121,131
01068100,MACQUARIE UNIVERSITY                    ,FC,00000-0000,Public       ,0,14,14,10,50,60
01069200,UNIVERSITY OF QUEENSLAND (THE)          ,FC,00000-0000,Public       ,4,63,67,15,197,212
01078900,UNIVERSITY OF OXFORD - WORCESTER CO     ,FC,00000-0000,Public       ,0,0,0,1,4,5
01079200,CITY AND GUILDS OF LONDON INSTITUTE     ,FC,00000-0000,Private      ,1,1,2,4,6,10
01079700,"NATIONAL UNIVERSITY OF IRELAND, MAY     ",FC,00000-0000,Public       ,3,3,6,14,16,30
01081600,KINGSTON UNIVERSITY                     ,FC,00000-0000,Public       ,7,25,32,49,210,259
01083800,UNIVERSITITY OF BERGEN (UOB)            ,FC,00000-0000,Public       ,0,1,1,1,10,11
01086400,UNIV OF DUNDEE                          ,FC,00000-0000,Public       ,1,5,6,8,31,39
01086600,UNIVERSITY OF OXFORD - MAGDALEN COLLEGE ,FC,00000-0000,Public       ,0,4,4,0,13,13
01086700,UNIVERSITY OF OXFORD ST JOHN'S COLL     ,FC,00000-0000,Public       ,0,3,3,3,6,9
01091400,MONASH UNIVERSITY                       ,FC,00000-0000,Public       ,1,7,8,5,36,41
01091500,UNIV OF EAST ANGLIA                     ,FC,00000-0000,Public       ,3,19,22,28,95,123
01094200,UNIVERSITY OF OXFORD - ST HUGH'S CO     ,FC,00000-0000,Public       ,0,4,4,1,9,10
01097700,UNIVERSIDAD CENTRAL DEL ESTE            ,FC,00000-0000,Private      ,37,325,362,98,860,958
01098000,SOMERVILLE COLLEGE                      ,FC,00000-0000,Public       ,0,0,0,1,5,6
01099900,UNIV OF OXFORD - WADHAM COLLEGE         ,FC,00000-0000,Public       ,2,2,4,3,4,7
01104400,PONTIFICIA UNIVERSITA SAN TOMMASO       ,FC,00000-0000,Private      ,0,4,4,1,9,10
01105300,UNIVERSITY OF OXFORD - ST HILDA'S C     ,FC,00000-0000,Public       ,0,2,2,2,9,11
01105400,UNIVERSITY OF OXFORD - ST ANNE'S CO     ,FC,00000-0000,Public       ,0,1,1,1,6,7
01105500,UNIV OF OXFORD - LADY MARGARET HALL     ,FC,00000-0000,Public       ,0,1,1,2,5,7
01105600,UNIVERSITY OF OXFORD - UNIVERSITY C     ,FC,00000-0000,Public       ,2,3,5,4,43,47
01105700,UNIVERSITY OF OXFORD - TRINITY COLL     ,FC,00000-0000,Public       ,0,0,0,1,8,9
01105800,UNIVERSITY OF OXFORD-ST EDMUND HALL     ,FC,00000-0000,Public       ,0,2,2,0,10,10
01105900,UNIVERSITY OF OXFORD ST ANTONY'S CO     ,FC,00000-0000,Public       ,0,7,7,0,29,29
01106000,UNIVERSITY OF OXFORD - QUEEN'S COLL     ,FC,00000-0000,Public       ,0,2,2,1,7,8
01106100,UNIVERSITY OF OXFORD - PEMBROKE COL     ,FC,00000-0000,Public       ,0,2,2,0,9,9
01106200,UNIVERSITY OF OXFORD - ORIEL COLLEG     ,FC,00000-0000,Public       ,0,1,1,0,10,10
01106300,UNIVERSITY OF OXFORD - NUFFIELD COL     ,FC,00000-0000,Public       ,0,1,1,0,4,4
01106400,UNIVERSITY OF OXFORD - NEW COLLEGE      ,FC,00000-0000,Public       ,0,4,4,2,11,13
01106500,UNIVERSITY OF OXFORD MERTON COLLEGE     ,FC,00000-0000,Public       ,0,1,1,1,11,12
01106600,UNIVERSITY OF OXFORD - LINCOLN COLL     ,FC,00000-0000,Public       ,0,1,1,1,12,13
01106700,UNIVERSITY OF OXFORD - KEBLE COLLEG     ,FC,00000-0000,Public       ,0,1,1,0,4,4
01106800,UNIVERSITY OF OXFORD - JESUS COLLEG     ,FC,00000-0000,Public       ,0,1,1,1,5,6
01106900,UNIVERSITY OF OXFORD - HERTFORD COL     ,FC,00000-0000,Public       ,0,2,2,0,6,6
01107000,UNIVERSITY OF OXFORD EXETER COLLEGE     ,FC,00000-0000,Public       ,0,2,2,0,8,8
01107100,UNIV OF OXFORD - CHRIST CHURCH          ,FC,00000-0000,Public       ,1,3,4,4,18,22
01107200,UNIVERSITY OF OXFORD - BRASENOSE CO     ,FC,00000-0000,Public       ,0,2,2,0,9,9
01109100,FLINDERS UNIVERSITY OF S AUSTRALIA      ,FC,00000-0000,Public       ,3,4,7,7,17,24
01109400,UNIVERSITY OF WESTERN AUSTRALIA (THE)   ,FC,00000-0000,Public       ,0,7,7,4,32,36
01121400,UNIVERSITY OF THE WITWATERSRAND         ,FC,00000-0000,Public       ,1,1,2,1,1,2
01122600,AARHUS UNIVERSITY                       ,FC,00000-0000,Public       ,1,5,6,3,25,28
01156700,"IMPERIAL COLLEGE OF SCIENCE, TECHNOLOGY ",FC,00000-0000,Public       ,4,14,18,18,78,96
01167900,UNIVERSITY OF BATH                      ,FC,00000-0000,Public       ,1,7,8,10,39,49
01168300,FRANKLIN COLLEGE  SWITZERLAND           ,FC,00000-0000,Public       ,7,5,12,367,23,390
01175800,UNIV OF CAMBRIDGE - PETERHOUSE          ,FC,00000-0000,Public       ,0,1,1,2,5,7
01176400,ROYAL ACADEMY OF MUSIC                  ,FC,00000-0000,Public       ,0,1,1,6,24,30
01176500,GOLDSMITHS' COLLEGE-UNIV OF LONDON      ,FC,00000-0000,Public       ,8,29,37,27,176,203
01176600,UNIV OF LONDON - INST OF EDUC           ,FC,00000-0000,Public       ,2,3,5,2,34,36
01178000,BRUNEL UNIVERSITY                       ,FC,00000-0000,Public       ,0,5,5,8,35,43
01183800,UNIVERSITY OF OXFORD - MANSFIELD CO     ,FC,00000-0000,Public       ,0,0,0,0,6,6
01207500,UNIVERSITY CAMBRIDGE - TRINITY COLL     ,FC,00000-0000,Public       ,0,2,2,1,12,13
01207800,VICTORIA UNIV OF WELLINGTON             ,FC,00000-0000,Public       ,2,4,6,11,41,52
01209600,ECOLE HåTELIERE DE LAUSANNE             ,FC,00000-0000,Private      ,0,4,4,1,16,17
01210100,UNIVERSITY OF CAMBRIDGE - GIRTON CO     ,FC,00000-0000,Public       ,0,0,0,1,2,3
01213600,VICTORIA UNIV OF MANCHESTER (THE)       ,FC,00000-0000,Public       ,3,29,32,22,171,193
01219800,UNIVERSITY OF BRADFORD                  ,FC,00000-0000,Public       ,0,5,5,2,30,32
01220100,UNIVERSITY OF OXFORD - REGENT'S PAR     ,FC,00000-0000,Public       ,0,2,2,0,7,7
01220600,JAMES COOK UNIVERSITY                   ,FC,00000-0000,Public       ,3,13,16,24,67,91
01221500,BIRMINGHAM CITY UNIVERSITY              ,FC,00000-0000,Public       ,1,6,7,6,26,32
01222300,JAGIELLONIAN UNIVERSITY COLLEGIUM M     ,FC,00000-0000,Public       ,0,11,11,3,42,45
01222500,UNIVERSITY OF SZEGED FACULTY OF MEDICINE,FC,00000-0000,Public       ,0,4,4,1,10,11
01225800,ASTON UNIVERSITY                        ,FC,00000-0000,Public       ,2,9,11,4,20,24
01227500,UNIVERSITY OF OXFORD - WOLFSON COLL     ,FC,00000-0000,Public       ,0,3,3,0,21,21
01230200,GONVILLE & CAIUS COLLEGE                ,FC,00000-0000,Public       ,0,1,1,0,5,5
01233500,ROYAL COLLEGE OF MUSIC                  ,FC,00000-0000,Public       ,0,0,0,8,15,23
01234100,UNIVERSITY OF WALES - ST DAVID'S UN     ,FC,00000-0000,Public       ,0,3,3,5,8,13
01242100,UNIV OF AUCKLAND                        ,FC,00000-0000,Public       ,3,16,19,24,83,107
01254000,UNIVERSIDAD DE NAVARRA                  ,FC,00000-0000,Private      ,7,6,13,14,21,35
01276500,UNIVERSITY OF OXFORD - LINACRE COLL     ,FC,00000-0000,Public       ,0,3,3,0,14,14
01276600,"NATIONAL UNIVERSITY IRELAND, GALWAY     ",FC,00000-0000,Public       ,5,15,20,31,93,124
01280200,PONTIFICIA UNIV CATOLICA MAD Y MAES     ,FC,00000-0000,Private      ,93,73,166,191,164,355
01281100,INST TECNOLOGICO DE SANTO DOMINGO       ,FC,00000-0000,Private      ,8,11,19,53,94,147
01283900,UNIVERSITY OF CAMBRIDGE - SAINT JOH     ,FC,00000-0000,Public       ,1,2,3,1,10,11
01297800,UNIVERSITY OF HUDDERSFIELD (THE)        ,FC,00000-0000,Public       ,1,2,3,4,17,21
01315300,MASSEY UNIVERSITY                       ,FC,00000-0000,Public       ,4,10,14,11,60,71
01322500,COLLEGE OF LAW                          ,FC,00000-0000,Private      ,0,2,2,0,25,25
02052400,DARWIN COLLEGE                          ,FC,00000-0000,Public       ,0,2,2,0,10,10
02082400,UNIVERSITY OF CAMBRIDGE - QUEEN'S C     ,FC,00000-0000,Public       ,0,2,2,2,17,19
02083400,UNIVERSITY OF CAMBRIDGE - WOLFSON C     ,FC,00000-0000,Public       ,0,6,6,0,17,17
02087400,UNIVERSITY OF CAMBRIDGE - NEWNHAM C     ,FC,00000-0000,Public       ,0,1,1,1,6,7
02087900,OXFORD BROOKES UNIVERSITY               ,FC,00000-0000,Public       ,3,11,14,18,78,96
02094100,BEN-GURION UNIV                         ,FC,00000-0000,Public       ,2,0,2,5,138,143
02094400,UNIV OF CAMBRIDGE - ST EDMUND'S HOU     ,FC,00000-0000,Public       ,0,5,5,1,14,15
02095500,LONDON BUS SCHOOL                       ,FC,00000-0000,Private      ,1,23,24,3,141,144
02101900,ROEHAMPTON UNIVERSITY                   ,FC,00000-0000,Public       ,2,15,17,13,92,105
02108600,LONDON ACADEMY OF MUSIC & DRAMATIC      ,FC,00000-0000,Private      ,0,3,3,19,23,42
02115900,UNIVERSITY OF PORTSMOUTH                ,FC,00000-0000,Public       ,1,6,7,10,18,28
02116700,UNIVERSITY OF CAMBRIDGE - LUCY CAVE     ,FC,00000-0000,Public       ,0,4,4,1,7,8
02120000,UNIV OF LONDON - COURTALD INST OF A     ,FC,00000-0000,Public       ,0,7,7,2,33,35
02133400,UNIVERSITY OF CAMBRIDGE - SIDNEY SU     ,FC,00000-0000,Public       ,0,1,1,0,8,8
02142000,UNIVERSITY OF CAMBRIDGE - HOMERTON      ,FC,00000-0000,Public       ,0,4,4,1,5,6
02149700,UNIVERSITY OF WINCHESTER (THE)          ,FC,00000-0000,Public       ,0,3,3,11,10,21
02156800,UNIV OF OTAGO                           ,FC,00000-0000,Public       ,2,4,6,8,24,32
02162300,"IESE BUSINESS SCH, UNIV OF NAVARRA      ",FC,00000-0000,Private      ,1,14,15,3,79,82
02167400,UNIVERSITY OF CAMBRIDGE - CORPUS CH     ,FC,00000-0000,Public       ,0,2,2,0,6,6
02177700,KING'S COLLEGE- UNIV OF CAMBRIDGE       ,FC,00000-0000,Public       ,0,4,4,4,24,28
02180500,MIDDLESEX UNIVERSITY                    ,FC,00000-0000,Public       ,5,19,24,31,105,136
02181000,UNIVERSITY OF SOUTH AUSTRALIA           ,FC,00000-0000,Public       ,0,1,1,1,4,5
02183500,UNIV OF OXFORD - WYCLIFFE HALL          ,FC,00000-0000,Public       ,0,3,3,1,13,14
02186000,UNIVERSITY OF CAMBRIDGE - MAGDALENE     ,FC,00000-0000,Public       ,0,1,1,0,5,5
02186100,UNIVERSITY OF CAMBRIDGE - EMMANUEL      ,FC,00000-0000,Public       ,0,2,2,1,6,7
02189600,UNIVERSITY OF GRONINGEN                 ,FC,00000-0000,Public       ,3,4,7,8,30,38
02194800,UNIVERSITY OF THE WEST OF ENGLAND -     ,FC,00000-0000,Public       ,2,3,5,11,20,31
02195100,UNIV OF WESTMINSTER                     ,FC,00000-0000,Public       ,2,29,31,39,121,160
02196700,GUILDHALL SCHOOL OF MUSIC & DRAMA       ,FC,00000-0000,Public       ,2,1,3,7,10,17
02207300,UNIVERSITY OF CAMBRIDGE - CHRIST'S      ,FC,00000-0000,Public       ,0,0,0,0,5,5
02207400,CHINESE UNIVERSITY OF HONG KONG (THE)   ,FC,00000-0000,Public       ,1,10,11,21,48,69
02209500,UNIVERSITEIT UTRECHT                    ,FC,00000-0000,Public       ,1,8,9,8,59,67
02210000,UNIV OF LONDON - LONDON SCHOOL OF H     ,FC,00000-0000,Public       ,0,17,17,0,85,85
02212300,UNIVERSITY OF CAMBRIDGE - ROBINSON      ,FC,00000-0000,Public       ,0,1,1,0,3,3
02225300,UNIV OF CANTERBURY                      ,FC,00000-0000,Public       ,1,4,5,5,24,29
02229100,UNIVERSITY OF LEICESTER                 ,FC,00000-0000,Public       ,0,22,22,8,99,107
02229600,SACKLER SCHOOL OF MEDICINE              ,FC,00000-0000,Public       ,0,17,17,0,171,171
02232100,UNIVERSITY OF CAMBRIDGE                 ,FC,00000-0000,Public       ,2,2,4,8,42,50
02233300,"ST GEORGE'S UNIVERSITY, SCHOOL OF MEDICI",FC,00000-0000,Proprietary  ,2,540,542,24,3381,3405
02235300,LONDON METROPOLITAN UNIVERSITY          ,FC,00000-0000,Public       ,5,29,34,26,127,153
02244400,AMERICAN UNIV OF THE CARIBBEAN          ,FC,00000-0000,Proprietary  ,3,423,426,13,1414,1427
02266600,UNIVERSITY OF LONDON - SAINT GEORGE     ,FC,00000-0000,Public       ,0,5,5,4,18,22
02271700,UNIVERSITY OF CAMBRIDGE - CLARE HAL     ,FC,00000-0000,Public       ,0,3,3,0,5,5
02271900,UNIVERSITY OF OXFORD - BLACKFRIARS      ,FC,00000-0000,Public       ,0,2,2,0,10,10
02272200,UNIV OF CAMBRIDGE - NEW HALL            ,FC,00000-0000,Public       ,0,0,0,1,4,5
02273600,QUEEN'S UNIV OF BELFAST (THE)           ,FC,00000-0000,Public       ,3,14,17,16,85,101
02273900,HERIOT WATT UNIVERSITY                  ,FC,00000-0000,Public       ,0,7,7,3,34,37
02276700,NYENRODE BUSINESS UNIVERSITEIT          ,FC,00000-0000,Private      ,0,1,1,0,3,3
02293400,ECOLE DES HAUTES ETUDES COMERCIALS      ,FC,00000-0000,Public       ,0,4,4,1,28,29
02296300,UNIVERSITY OF CAMBRIDGE - JESUS COL     ,FC,00000-0000,Public       ,0,0,0,1,3,4
02310500,DE MONTFORT UNIVERSITY                  ,FC,00000-0000,Public       ,0,5,5,1,14,15
02320500,ROYAL NORTHERN COLLEGE OF MUSIC         ,FC,00000-0000,Public       ,0,2,2,3,7,10
02335100,UNIV OF CAMBRIDGE - TRINITY HALL        ,FC,00000-0000,Public       ,0,3,3,0,15,15
02338900,UNIVERSITY  FOR THE CREATIVE ARTS       ,FC,00000-0000,Public       ,0,3,3,4,12,16
02351800,UNIVERSIDAD IBEROAMERICANA (UNIBE       ,FC,00000-0000,Private      ,16,138,154,105,649,754
02352100,UNIVERSITY OF PLYMOUTH                  ,FC,00000-0000,Public       ,2,2,4,7,19,26
02355200,ECOLE SUPERIEURE DE CUISINE FRANCAISE-FE,FC,00000-0000,Public       ,1,5,6,5,14,19
02493000,ESCUELA SUPERIOR ADMINISTRACION Y D     ,FC,00000-0000,Private      ,0,8,8,3,42,45
02496700,NATIONAL FILM & TV SCHOOL               ,FC,00000-0000,Public       ,0,1,1,1,4,5
02502600,PECSI ORVOSTUDOMANYI EGYETEM (PECS      ,FC,00000-0000,Public       ,0,4,4,0,18,18
02545700,GLASGOW SCHOOL OF ART                   ,FC,00000-0000,Public       ,2,10,12,12,28,40
02561600,SOUTHAMPTON SOLENT UNIVERSITY           ,FC,00000-0000,Public       ,1,4,5,5,9,14
02579600,MURDOCH UNIVERSITY                      ,FC,00000-0000,Public       ,1,3,4,7,37,44
02588000,UNIVERSITY OF ULSTER                    ,FC,00000-0000,Public       ,0,3,3,7,20,27
02591800,CURTIN UNIVERSITY OF TECHNOLOGY         ,FC,00000-0000,Public       ,0,2,2,4,14,18
02611600,ECOL NATIONAL DES PONTS ET CHAUSSEE     ,FC,00000-0000,Public       ,0,5,5,0,11,11
02611700,DUBLIN CITY UNIVERSITY                  ,FC,00000-0000,Public       ,3,5,8,10,25,35
02623200,UNIVERSITY OF NEWCASTLE (THE)           ,FC,00000-0000,Public       ,0,2,2,6,19,25
03012700,UNIVERSITY OF BUCKINGHAM                ,FC,00000-0000,Private      ,1,4,5,4,17,21
03029400,KEELE UNIVERSITY                        ,FC,00000-0000,Public       ,1,3,4,8,7,15
03029500,NORTHUMBRIA UNIVERSITY                  ,FC,00000-0000,Public       ,1,1,2,11,24,35
03029800,NORGES HANDELSHOYSKOLE                  ,FC,00000-0000,Public       ,0,0,0,1,5,6
03033300,MANCHESTER METROPOLITAN UNIV            ,FC,00000-0000,Public       ,3,10,13,20,49,69
03045000,UNIVERSITY OF EAST LONDON               ,FC,00000-0000,Public       ,5,17,22,23,64,87
03050100,STUDIO ART CENTERS INTERNATIONAL        ,FC,00000-0000,Private      ,2,5,7,23,52,75
03061000,CHALMERS TEKNISKA HOGSKOLA AB           ,FC,00000-0000,Private      ,0,0,0,0,7,7
03066800,PONTIFICIO ATENEO DELLA SANTA CROCE     ,FC,00000-0000,Private      ,0,1,1,0,7,7
03067200,UNIVERSITY OF SYDNEY                    ,FC,00000-0000,Public       ,9,42,51,40,214,254
03073800,UNIV OF DEBRECEN MED & HEALTH SCI       ,FC,00000-0000,Public       ,1,10,11,3,24,27
03080300,SHEFFIELD HALLAM UNIVERSITY             ,FC,00000-0000,Public       ,0,0,0,4,14,18
03084300,UNIVERSITY OF LIMERICK                  ,FC,00000-0000,Public       ,2,4,6,23,35,58
03088700,ROYAL SCOTTISH ACAD MUSIC & DRAMA       ,FC,00000-0000,Public       ,2,7,9,20,21,41
03091400,UNIVERSITY OF WOLLONGONG                ,FC,00000-0000,Public       ,0,2,2,5,16,21
03091500,UNIVERSITY OF CANBERRA                  ,FC,00000-0000,Public       ,0,2,2,3,14,17
03091700,POZNAN UNIVERSITY OF MEDICAL SCIENCES   ,FC,00000-0000,Public       ,1,27,28,4,97,101
03092500,NOTTINGHAM TRENT UNIVERSITY             ,FC,00000-0000,Public       ,0,5,5,2,15,17
03095000,RMIT UNIVERSITY                         ,FC,00000-0000,Public       ,2,3,5,8,28,36
03095400,BOND UNIVERSITY                         ,FC,00000-0000,Private      ,2,14,16,21,59,80
03095900,ESSEC BUSINESS SCHOOL                   ,FC,00000-0000,Private      ,0,1,1,0,18,18
03096100,LA TROBE UNIVERSITY                     ,FC,00000-0000,Public       ,1,4,5,5,23,28
03096900,DEAKIN UNIVERSITY                       ,FC,00000-0000,Public       ,0,5,5,3,12,15
03097100,UNIVERSITY OF WESTERN SYDNEY            ,FC,00000-0000,Public       ,0,3,3,3,7,10
03097300,VICTORIA UNIVERSITY OF TECHNOLOGY       ,FC,00000-0000,Public       ,2,2,4,4,9,13
03097500,CENTRAL QUEENSLAND UNIVERSITY           ,FC,00000-0000,Public       ,1,2,3,2,11,13
03100000,UNIVERSITY OF ADELAIDE (THE)            ,FC,00000-0000,Public       ,0,4,4,5,17,22
03101600,ASIAN INSTITUTE OF MANAGEMENT           ,FC,00000-0000,Private      ,0,3,3,3,10,13
03102500,AMERICAN UNIVERSITY OF ROME             ,FC,00000-0000,Private      ,17,12,29,167,67,234
03102800,ROBERT GORDON UNIVERSITY (THE)          ,FC,00000-0000,Public       ,0,8,8,0,26,26
03104800,GRIFFITH UNIVERSITY                     ,FC,00000-0000,Public       ,3,14,17,15,43,58
03136300,AUSTRALIAN CATHOLIC UNIVERSITY          ,FC,00000-0000,Public       ,0,4,4,4,15,19
03140300,EDITH COWAN UNIVERSITY                  ,FC,00000-0000,Public       ,1,0,1,2,16,18
03140400,NORTHERN TERRITORY UNIVERSITY           ,FC,00000-0000,Public       ,0,0,0,1,3,4
03140500,QUEENSLAND UNIVERSITY OF TECHNOLOGY     ,FC,00000-0000,Public       ,3,2,5,6,18,24
03140600,SOUTHERN CROSS UNIVERSITY               ,FC,00000-0000,Public       ,0,4,4,1,13,14
03140700,SWINBURNE UNIVERSITY OF TECHNOLOGY      ,FC,00000-0000,Public       ,0,2,2,4,10,14
03150400,"UNIVERSITY OF TECHNOLOGY, SYDNEY        ",FC,00000-0000,Public       ,0,6,6,6,34,40
03287300,LIVERPOOL INSTITUTE FOR PERFORMING ARTS ,FC,00000-0000,Public       ,3,0,3,21,1,22
03300300,"2ND SCHOOL OF MEDICINE, CHARLES UNI     ",FC,00000-0000,Public       ,1,1,2,3,17,20
03300400,"FIRST FACULTY OF MEDICINE, CHARLES UNIV.",FC,00000-0000,Public       ,0,16,16,3,34,37
03329300,JOHN CABOT UNIVERSITY                   ,FC,00000-0000,Private      ,9,5,14,171,52,223
03333300,MEDICAL UNIVERSITY SCHOOL OF LUBLIN     ,FC,00000-0000,Public       ,8,84,92,21,178,199
03334300,UNIVERSIDAD NORDESTANA                  ,FC,00000-0000,Private      ,11,99,110,29,358,387
03335300,MEDICAL UNIVERSITY OF SILESIA           ,FC,00000-0000,Public       ,1,4,5,5,46,51
03342300,GLASGOW CALEDONIAN UNIVERSITY           ,FC,00000-0000,Public       ,1,9,10,6,20,26
03349400,"QUEEN MARGARET UNIVERSITY, EDINBURGH    ",FC,00000-0000,Public       ,0,3,3,7,33,40
03350300,BOURNEMOUTH UNIVERSITY                  ,FC,00000-0000,Public       ,3,2,5,7,15,22
03352300,LONDON SOUTH BANK UNIVERSITY            ,FC,00000-0000,Private      ,1,5,6,12,25,37
03363300,THE ARTS EDUCATIONAL SCHOOLS LONDON     ,FC,00000-0000,Private      ,1,1,2,2,4,6
03364300,"FACULTY OF MEDICINE, PALACKY UNIVER     ",FC,00000-0000,Public       ,0,1,1,0,6,6
03365400,AUCKLAND INSTITUTE OF TECHNOLOGY        ,FC,00000-0000,Public       ,0,5,5,5,17,22
03366300,TROPICAL AGRICULTURE RESEARCH AND H     ,FC,00000-0000,Private      ,0,0,0,0,2,2
03378300,"THE 3RD FACULTY OF MEDICINE, CHARLE     ",FC,00000-0000,Public       ,1,2,3,1,10,11
03406300,"THE SCHOOL OF PHARMACY, UNIVERSITY      ",FC,00000-0000,Public       ,0,0,0,0,2,2
03418400,NAPIER UNIVERSITY                       ,FC,00000-0000,Public       ,2,10,12,8,54,62
03435300,ANGLIA  RUSKIN UNIVERSITY               ,FC,00000-0000,Private      ,2,3,5,10,20,30
03460300,INTERNATIONALES THEOLOGISCHES INSTI     ,FC,00000-0000,Private      ,1,8,9,1,15,16
03466300,INSTITUTO CENTROAMERICANO DE ADMINI     ,FC,00000-0000,Private      ,1,0,1,2,5,7
03473300,UNIV OF ARTS LONDON - LON COLL FASHION  ,FC,00000-0000,Public       ,20,35,55,90,104,194
03473304,UNIVERSITY OF THE ARTS LONDON - LCC     ,FC,00000-0000,Public       ,6,4,10,22,22,44
03473305,UNIVERSITY OF THE ARTS LONDON - CHELSEA ,FC,00000-0000,Public       ,4,2,6,25,22,47
03473306,UNIVERSITY OF THE ARTS LONDON - CAMBERWE,FC,00000-0000,Public       ,3,3,6,17,15,32
03473311,UNIVERSITY OF THE ARTS LONDON - WIMBLEDO,FC,00000-0000,Public       ,5,3,8,16,12,28
03473315,UNIVERSITY OF THE ARTS LONDON - CSM     ,FC,00000-0000,Public       ,8,13,21,49,49,98
03478300,ROYAL WELSH COLLEGE OF MUSIC AND DRAMA  ,FC,00000-0000,Public       ,0,2,2,11,18,29
03492300,UNIVERSITY OF OXFORD - GREEN TEMPLETON C,FC,00000-0000,Public       ,0,6,6,0,20,20
03492400,UNIV OF CAMBRIDGE-ST CATHERINE'S CG     ,FC,00000-0000,Public       ,0,0,0,0,5,5
03494400,UNIV OF CAMBRIDGE-SELWYN COLLEGE        ,FC,00000-0000,Public       ,0,0,0,0,3,3
03494600,UNIV OF OXFORD-HARRIS MANCHESTER        ,FC,00000-0000,Public       ,3,2,5,3,12,15
03501400,LEEDS METROPOLITAN UNIVERSITY           ,FC,00000-0000,Public       ,0,8,8,6,32,38
03507300,UNIVERSITY OF SUNDERLAND                ,FC,00000-0000,Public       ,0,5,5,4,13,17
03515300,UNIVERSITY OF CENTRAL LANCASHIRE        ,FC,00000-0000,Public       ,2,3,5,9,16,25
03517300,UNIVERSITY OF BRIGHTON                  ,FC,00000-0000,Public       ,3,4,7,14,17,31
03518300,EUROPEAN GRADUATE SCHOOL                ,FC,00000-0000,Private      ,0,10,10,0,86,86
03526300,INST CENTROAMERICANO DE ADM DE EMP      ,FC,00000-0000,Private      ,0,0,0,1,1,2
03527300,SOFIA UNIVERSITY ST. KLIMENT OHRIDSKI   ,FC,00000-0000,Public       ,0,1,1,1,5,6
03533300,BATH SPA UNIVERSITY                     ,FC,00000-0000,Public       ,4,5,9,11,12,23
03547300,UNIVERSITY OF GLAMORGAN                 ,FC,00000-0000,Public       ,1,2,3,5,15,20
03580300,LIVERPOOL JOHN MOORES UNIVERSITY        ,FC,00000-0000,Public       ,0,2,2,2,14,16
03589400,ARTS INSTITUTE AT BOURNEMOUTH (THE)     ,FC,00000-0000,Public       ,3,5,8,13,12,25
03590300,AVONDALE COLLEGE LIMITED                ,FC,00000-0000,Private      ,0,0,0,10,2,12
03594300,GROUP ESC GRENOBLE GRAD SCH OF BUS.     ,FC,00000-0000,Private      ,1,9,10,2,38,40
03597300,JAGIELLONIAN UNIVERSITY                 ,FC,00000-0000,Public       ,0,8,8,3,31,34
03601300,UNIVERSITAT JAUME I DE CASTELLO/UJI     ,FC,00000-0000,Public       ,0,4,4,1,15,16
03619300,UNIVERSITY OF GREENWICH                 ,FC,00000-0000,Public       ,3,9,12,15,51,66
03653400,UNIVERSIDAD DE IBEROAMERICA - UNIBE     ,FC,00000-0000,Private      ,1,3,4,9,31,40
03674300,UNIVERSITY OF ABERTAY DUNDEE            ,FC,00000-0000,Public       ,0,1,1,1,10,11
03684400,UNIVERSITY OF LINCOLN                   ,FC,00000-0000,Public       ,0,4,4,6,28,34
03684500,MEDICAL UNIVERSITY OF GDANSK            ,FC,00000-0000,Public       ,3,6,9,8,22,30
03694300,UNIVERSITY COLLEGE CHICHESTER           ,FC,00000-0000,Public       ,0,0,0,1,0,1
03716300,"UNIVERSITY OF WALES, NEWPORT            ",FC,00000-0000,Public       ,1,0,1,1,8,9
03727400,UNIVERSITY OF WAIKATO (THE)             ,FC,00000-0000,Public       ,2,0,2,5,7,12
03738300,LONDON SCHOOL OF THEOLOGY               ,FC,00000-0000,Private      ,0,0,0,1,8,9
03741300,ALRA (ACADEMY OF LIVE AND RECORDED ARTS),FC,00000-0000,Private      ,0,8,8,4,17,21
03770300,NAZARENE THEOLOGICAL COLLEGE            ,FC,00000-0000,Private      ,0,1,1,1,4,5
03794400,ANGLO EUROPEAN COLLEGE OF CHIROPRACTIC  ,FC,00000-0000,Private      ,0,1,1,0,4,4
03807300,ROSE BRUFORD COLLEGE                    ,FC,00000-0000,Public       ,0,2,2,1,6,7
03816400,AMERICAN GRAD SCH OF INTERNTL REL & DIPL,FC,00000-0000,Private      ,1,18,19,10,84,94
03818300,LEIPZIG GRADUATE SCHOOL OF MANAGEMENT   ,FC,00000-0000,Private      ,0,4,4,0,18,18
03824300,"ROYAL VETERINARY COLLEGE (THE), UNIVERSI",FC,00000-0000,Public       ,0,19,19,3,145,148
03850500,MEDICAL UNIVERSITY OF LODZ              ,FC,00000-0000,Public       ,2,12,14,4,41,45
03859400,UNIVERSITY COLLEGE FALMOUTH             ,FC,00000-0000,Public       ,1,2,3,5,5,10
03880300,UNIVERSITY OF GLOUCESTERSHIRE (THE)     ,FC,00000-0000,Public       ,0,3,3,2,11,13
03897400,INTERNATIONAL SPACE UNIVERSITY          ,FC,00000-0000,Private      ,1,5,6,2,7,9
03941301,AVE MARIA UNIVERSITY - LATIN AMERICA    ,FC,00000-0000,Private      ,52,13,65,156,45,201
03974300,"ST. GEORGE'S UNIVERSITY, SCHOOL OF VETER",FC,00000-0000,Proprietary  ,0,48,48,3,478,481
04021400,"AMERICAN COLLEGE, DUBLIN LIMITED (THE)  ",FC,00000-0000,Private      ,3,6,9,20,24,44
04021500,CENTRAL EUROPEAN UNIVERSITY             ,FC,00000-0000,Private      ,1,8,9,4,87,91
04032300,YORK ST JOHN UNIVERSITY                 ,FC,00000-0000,Public       ,0,2,2,11,6,17
04046300,HK UNIVERSITY OF SCI & TECH (HKUST)     ,FC,00000-0000,Public       ,0,2,2,4,17,21
04070300,"RAPHAEL RECANATI INTERNATIONAL SCHOOL, T",FC,00000-0000,Private      ,24,16,40,85,57,142
04085400,NEW ZEALAND COLLEGE OF CHIROPRACTIC     ,FC,00000-0000,Private      ,0,1,1,1,3,4
04113300,LEBANESE AMERICAN UNIVERSITY            ,FC,00000-0000,Private      ,19,5,24,58,17,75
04115900,LIVERPOOL HOPE UNIVERSITY               ,FC,00000-0000,Public       ,0,1,1,1,12,13
04116300,EDHEC BUSINESS SCHOOL                   ,FC,00000-0000,Private      ,0,5,5,0,41,41
04121400,ISAPZURICH (INTERNATIONAL SCHOOL OF ANAL,FC,00000-0000,Private      ,0,0,0,0,2,2
04128600,UNIVERSITY OF WORCESTER                 ,FC,00000-0000,Public       ,2,0,2,8,2,10
04128700,HERTIE SCHOOL OF GOVERNANCE             ,FC,00000-0000,Private      ,0,1,1,0,1,1
04134200,LONDON CONTEMPORARY DANCE SCHOOL        ,FC,00000-0000,Private      ,0,1,1,3,4,7
04139100,UNIVERSITA DEGLI STUDI DI SCIENZE GASTRO,FC,00000-0000,Private      ,2,10,12,3,19,22
04143700,ST MARY'S UNIVERSITY COLLEGE TWICKENHAM ,FC,00000-0000,Public       ,0,7,7,11,77,88
04168200,EUROPEAN UNIVERSITY AT ST. PETERSBURG   ,FC,00000-0000,Private      ,0,4,4,0,30,30
04171800,"INTERNATIONAL UNIVERSITY OF NURSING, ST.",FC,00000-0000,Proprietary  ,9,16,25,24,61,85
04176500,ESMT EUROPEAN SCHOOL OF MANAGEMENT AND T,FC,00000-0000,Private      ,0,3,3,0,3,3
00380600,ALDERSON-BROADDUS COLLEGE               ,WV,26416-1051,Private      ,60,28,88,1615,332,1947
00380700,MOUNTAIN STATE UNIVERSITY               ,WV,25801-5624,Private      ,53,357,410,850,4092,4942
00380800,BETHANY COLLEGE                         ,WV,26032-0417,Private      ,104,30,134,1328,128,1456
00380900,BLUEFIELD STATE COLLEGE                 ,WV,24701-2198,Public       ,148,409,557,1348,1901,3249
00381000,CONCORD UNIVERSITY                      ,WV,24712-0000,Public       ,183,305,488,2900,1497,4397
00381100,DAVIS & ELKINS COLLEGE                  ,WV,26241-3996,Private      ,68,61,129,1047,335,1382
00381200,FAIRMONT STATE UNIVERSITY               ,WV,26554-2470,Public       ,350,718,1068,5039,3746,8785
00381300,GLENVILLE STATE COLLEGE                 ,WV,26351-1292,Public       ,123,128,251,1526,663,2189
00381500,MARSHALL UNIVERSITY                     ,WV,25755-3300,Public       ,594,1320,1914,10512,7473,17985
00381600,SOUTHERN WV COMMUNITY COLLEGE           ,WV,25637-2900,Public       ,240,529,769,1209,1524,2733
00381800,UNIVERSITY OF CHARLESTON                ,WV,25304-1099,Private      ,105,187,292,1653,1190,2843
00381900,OHIO VALLEY COLLEGE                     ,WV,26105-8000,Private      ,67,47,114,559,192,751
00382000,SALEM INTERNATIONAL UNIVERSITY          ,WV,26426-0500,Proprietary  ,57,270,327,419,906,1325
00382200,SHEPHERD UNIVERSITY                     ,WV,25443-3210,Public       ,230,250,480,4154,1664,5818
00382300,WEST LIBERTY UNIVERSITY                 ,WV,26074-0295,Public       ,210,185,395,3018,948,3966
00382600,WEST VIRGINIA STATE UNIVERSITY          ,WV,25112-0000,Public       ,187,428,615,2444,2357,4801
00382700,WEST VIRGINIA UNIVERSITY                ,WV,26506-6201,Public       ,1049,1325,2374,26772,10378,37150
00382711,WEST VIRGINIA UNIVERSITY - POTOMAC STATE,WV,26726-3000,Public       ,128,151,279,1905,703,2608
00382721,WEST VIRGINIA UNIV INST OF TECH         ,WV,25136-2436,Public       ,82,126,208,1252,620,1872
00382800,WEST VIRGINIA UNIV AT PARKERSBURG       ,WV,26101-9577,Public       ,242,702,944,1909,3038,4947
00383000,WEST VIRGINIA WESLEYAN COLLEGE          ,WV,26201-2600,Private      ,85,42,127,2158,303,2461
00383100,WHEELING JESUIT UNIVERSITY              ,WV,26003-6243,Private      ,87,206,293,1304,935,2239
00500700,WEST VIRGINIA JUNIOR COLLEGE            ,WV,26505-5596,Proprietary  ,33,85,118,243,352,595
00500800,MOUNTAIN STATE COLLEGE                  ,WV,26101-3993,Proprietary  ,10,82,92,79,366,445
00754400,APPALACHIAN BIBLE COLLEGE               ,WV,25818-1353,Private      ,16,16,32,306,88,394
00757800,HUNTINGTON SCHOOL OF BEAUTY CULTURE     ,WV,25705-2030,Proprietary  ,15,50,65,88,166,254
00760000,INTERNATIONAL BEAUTY SCHOOL             ,WV,25401-3231,Proprietary  ,14,26,40,31,96,127
00835500,JAMES RUMSEY TECHNICAL INSTITUTE        ,WV,25403-0259,Public       ,23,86,109,131,347,478
00895900,CLARKSBURG BEAUTY ACADEMY               ,WV,26301-2903,Proprietary  ,18,48,66,50,92,142
00904700,HUNTINGTON JUNIOR COLLEGE               ,WV,25701-2004,Proprietary  ,57,296,353,247,1171,1418
00905400,WEST VIRGINIA NORTHERN CMTY COLLEGE     ,WV,26003-0000,Public       ,241,599,840,1150,2117,3267
01014000,MINERAL COUNTY VOCATIONAL TECH CTR      ,WV,26726-0000,Public       ,4,12,16,18,75,93
01035600,EVEREST INSTITUTE                       ,WV,25313-1304,Proprietary  ,18,118,136,106,405,511
01057300,WEST VIRGINIA JUNIOR COLLEGE            ,WV,25322-0000,Proprietary  ,21,88,109,194,385,579
01057302,WEST VIRGINIA JUNIOR COLLEGE            ,WV,26330-0000,Proprietary  ,18,49,67,154,302,456
01086100,WEST VIRGINIA BUSINESS COLLEGE          ,WV,26301-0000,Proprietary  ,7,47,54,26,148,174
01124500,WEST VIRGINIA SCH OSTEOPATHIC MED       ,WV,24901-1128,Public       ,0,29,29,9,931,940
01174900,WOOD COUNTY SCH OF PRAC NURSING         ,WV,26101-6424,Public       ,4,23,27,42,96,138
01235900,B M SPURR SCHOOL OF PRAC NURSING        ,WV,26038-1660,Private      ,5,6,11,21,31,52
01257300,WEST VIRGINIA UNIV-HOSP-RAD TECH        ,WV,26506-8062,Private      ,7,35,42,207,155,362
01274300,BENJAMIN FRANKLIN CAREER&TECH           ,WV,25064-0000,Public       ,13,60,73,85,207,292
01290400,MONONGALIA CNTY TECH ED CTR             ,WV,26501-6841,Public       ,9,45,54,80,170,250
01290500,ACADEMY OF CAREERS AND TECHNOLOGY       ,WV,25801-0000,Public       ,25,96,121,120,319,439
02057400,ROANE-JACKSON TECHNICAL CENTER          ,WV,25252-0000,Public       ,5,35,40,30,85,115
02068000,UNITED TECHNICAL CENTER                 ,WV,26301-0000,Public       ,3,38,41,44,127,171
02070100,BECKLEY BEAUTY ACADEMY                  ,WV,25801-0000,Proprietary  ,0,0,0,14,39,53
02073400,CARVER CAREER TECH ED CTR               ,WV,25306-6397,Public       ,33,106,139,234,413,647
02145100,SCOTT COLLEGE OF COSMETOLOGY            ,WV,26003-0000,Proprietary  ,19,26,45,74,64,138
02178200,CHARLESTON SCHOOL OF BEAUTY CULTURE     ,WV,25301-0000,Proprietary  ,16,66,82,68,166,234
02218200,GARNET CAREER CENTER                    ,WV,25301-0000,Public       ,17,120,137,108,402,510
02275300,CABELL COUNTY CAREER TECHNOLOGY CTR     ,WV,25705-0000,Public       ,30,99,129,136,317,453
02524500,RALPH R WILLIS VOCATIONAL CENTER        ,WV,25601-0000,Public       ,4,25,29,29,91,120
02534800,FRED W EBERLE TECHNICAL CENTER          ,WV,26201-0000,Public       ,17,48,65,69,146,215
02535500,MERCER COUNTY TECH EDUC CNTR            ,WV,24740-0000,Public       ,16,84,100,106,289,395
02579900,NORTH CENTRAL OPPORTUNITIES INDUSTRIALIZ,WV,26554-2936,Private      ,14,41,55,47,88,135
02609400,VALLEY COLLEGE                          ,WV,25404-5711,Proprietary  ,9,76,85,28,244,272
03052000,MEREDITH MANOR EQUESTRIAN CENTRE        ,WV,26184-9707,Proprietary  ,41,30,71,269,109,378
03076500,FAYETTE INSTITUTE OF TECHNOLOGY         ,WV,25901-2174,Public       ,9,22,31,32,84,116
03084200,VALLEY COLLEGE                          ,WV,24740-3141,Proprietary  ,5,52,57,43,159,202
03084400,VALLEY COLLEGE                          ,WV,25801-2643,Proprietary  ,10,73,83,44,224,268
03098300,PUTNAM CAREER & TECHNICAL CENTER        ,WV,25070-0000,Public       ,32,32,64,83,113,196
03099200,"MOUNTAINEER BEAUTY COLLEGE, INC         ",WV,25177-2917,Proprietary  ,5,26,31,51,98,149
03102100,MORGANTOWN BEAUTY COLLEGE               ,WV,26505-5430,Proprietary  ,13,41,54,90,123,213
03123200,STANLEY TECHNICAL INSTITUTE             ,WV,26505-3751,Private      ,1,16,17,19,42,61
03327500,SOUTH BRANCH VOCATIONAL TECH CENTER     ,WV,26847-1698,Public       ,2,21,23,8,33,41
03734300,JOHN D. ROCKEFELLER IV CAREER CENTER    ,WV,26047-9424,Public       ,1,7,8,8,29,37
03819300,AMERICAN PUBLIC UNIVERSITY SYSTEM       ,WV,25414-1621,Proprietary  ,608,14093,14701,1901,45266,47167
03957300,BLUE RIDGE COMMUNITY AND TECHNICAL COLLE,WV,25401-3244,Public       ,165,500,665,815,2186,3001
03960300,NEW RIVER COMMUNITY AND TECHNICAL COLLEG,WV,25801-2636,Public       ,195,667,862,1057,2494,3551
04028300,MOUNTAIN STATE SCHOOL OF MASSAGE        ,WV,25304-2025,Proprietary  ,5,30,35,25,74,99
04038500,PIERPONT COMMUNITY & TECHNICAL COLLEGE  ,WV,26554-2451,Public       ,208,527,735,1852,2171,4023
04038600,KANAWHA VALLEY COMMUNITY & TECH COLLEGE ,WV,25112-1000,Public       ,82,394,476,682,1779,2461
04041400,MOUNTWEST COMMUNITY AND TECHNICAL COLLEG,WV,25755-3300,Public       ,206,606,812,1002,2023,3025
04047300,BRIDGEMONT COMMUNITY & TECHNICAL COLLEGE,WV,25136-2435,Public       ,61,113,174,430,410,840
04119000,EASTERN WEST VIRGINIA COMMUNITY & TECHNI,WV,26836-0000,Public       ,50,220,270,240,622,862
00106100,ALASKA PACIFIC UNIVERSITY               ,AK,99508-4672,Private      ,59,235,294,573,988,1561
00106300,UNIVERSITY OF ALASKA FAIRBANKS          ,AK,99775-7500,Public       ,452,1069,1521,3363,4246,7609
00106500,UNIVERSITY OF ALASKA SOUTHEAST          ,AK,99801-8680,Public       ,130,361,491,923,1452,2375
00884300,ALASKA BIBLE COLLEGE                    ,AK,99588-0000,Private      ,6,10,16,35,35,70
01146200,UNIVERSITY OF ALASKA ANCHORAGE          ,AK,99514-1608,Public       ,1033,2005,3038,6570,8886,15456
02541000,CAREER ACADEMY                          ,AK,99507-0000,Proprietary  ,72,255,327,233,731,964
02576900,CHARTER COLLEGE                         ,AK,99508-0000,Proprietary  ,353,1047,1400,864,3162,4026
03160300,AVTEC                                   ,AK,99664-0889,Public       ,40,98,138,252,408,660
03461300,ILISAGVIK COLLEGE                       ,AK,99723-0749,Public       ,10,42,52,29,76,105
04138600,ALASKA CHRISTIAN COLLEGE                ,AK,99669-9755,Private      ,12,23,35,49,54,103
00108500,UNIV ARKANSAS MONTICELLO                ,AR,71656-0000,Public       ,437,745,1182,2595,2422,5017
00108600,UNIV OF ARKANSAS AT PINE BLUFF          ,AR,71601-2790,Public       ,547,497,1044,3924,2010,5934
00108700,ARKANSAS BAPTIST COLLEGE                ,AR,72202-6099,Private      ,361,507,868,1246,1629,2875
00108800,LYON COLLEGE                            ,AR,72501-3699,Private      ,76,40,116,889,189,1078
00108900,ARKANSAS TECH UNIVERSITY                ,AR,72801-2222,Public       ,776,1091,1867,7158,5622,12780
00109000,ARKANSAS STATE UNIVERSITY               ,AR,72467-0000,Public       ,1214,3252,4466,10193,12151,22344
00109006,DELTA TECHNICAL INSTITUTE               ,AR,72365-9558,Public       ,23,99,122,91,280,371
00109100,ARKANSAS STATE UNIVERSITY - BEEBE       ,AR,72012-1000,Public       ,279,810,1089,2364,3243,5607
00109200,UNIVERSITY OF CENTRAL ARKANSAS          ,AR,72035-0001,Public       ,1068,1075,2143,10064,5000,15064
00109300,CENTRAL BAPTIST COLLEGE                 ,AR,72034-6470,Private      ,103,138,241,673,583,1256
00109400,UNIVERSITY OF THE OZARKS                ,AR,72830-2880,Private      ,72,42,114,809,174,983
00109500,CROWLEYS RIDGE COLLEGE                  ,AR,72450-9775,Private      ,37,74,111,244,203,447
00109700,HARDING UNIVERSITY                      ,AR,72149-0001,Private      ,435,386,821,4048,1913,5961
00109800,HENDERSON STATE UNIVERSITY              ,AR,71999-0001,Public       ,426,506,932,4042,2120,6162
00109900,HENDRIX COLLEGE                         ,AR,72032-3080,Private      ,105,60,165,2212,293,2505
00110000,JOHN BROWN UNIVERSITY                   ,AR,72761-2747,Private      ,100,257,357,1654,1296,2950
00110100,UNIV ARKANSAS LITTLE ROCK               ,AR,72204-1099,Public       ,863,2435,3298,5982,11228,17210
00110200,OUACHITA BAPTIST UNIVERSITY             ,AR,71998-0001,Private      ,177,31,208,1978,190,2168
00110300,PHILANDER SMITH COLLEGE                 ,AR,72202-3718,Private      ,124,234,358,1147,981,2128
00110400,PHILLIPS COUNTY COMMUNITY COLLEGE       ,AR,72342-0000,Public       ,214,347,561,555,826,1381
00110500,SHORTER COLLEGE                         ,AR,72114-4885,Private      ,7,45,52,7,45,52
00110600,WILLIAMS BAPTIST COLLEGE                ,AR,72476-4661,Private      ,40,34,74,632,189,821
00110700,SOUTHERN ARKANSAS UNIVERSITY            ,AR,71754-0000,Public       ,370,465,835,2979,1982,4961
00110800,UNIV ARKANSAS FAYETTEVILLE              ,AR,72701-0000,Public       ,1783,1664,3447,18147,7759,25906
00110900,UNIVERSITY OF ARKANSAS FOR MEDICAL SCIEN,AR,72205-7102,Public       ,85,467,552,749,3179,3928
00111000,UNIVERSITY OF ARKANSAS-FORT SMITH       ,AR,72904-7397,Public       ,601,1130,1731,4466,4697,9163
00524500,U OF A COMM COLLEGE AT MORRILTON        ,AR,72110-9601,Public       ,180,395,575,1357,1968,3325
00570700,SEARK COLLEGE                           ,AR,71603-0000,Public       ,197,638,835,763,2181,2944
00573200,UNIV AR COMMUNITY COLLEGE AT HOPE       ,AR,71801-0000,Public       ,128,409,537,634,1253,1887
00704400,CROWLEYS RIDGE TECHNICAL INSTITUTE      ,AR,72336-0000,Public       ,73,134,207,184,396,580
00732967,ITT TECHNICAL INSTITUTE                 ,AR,72204-7739,Proprietary  ,76,311,387,276,899,1175
00773800,SOUTHERN ARKANSAS UNIVERSITY TECH       ,AR,71701-1900,Public       ,113,282,395,633,1000,1633
00792100,PAUL MITCHELL THE SCHOOL ARKANSAS       ,AR,72701-0000,Proprietary  ,27,59,86,106,168,274
00997600,OUACHITA TECHNICAL COLLEGE              ,AR,72104-0816,Public       ,66,290,356,341,1175,1516
01074100,MELLIE'S BEAUTY COLLEGE                 ,AR,72901-3886,Proprietary  ,15,52,67,62,189,251
01210500,NATIONAL PARK COMMUNITY COLLEGE         ,AR,71913-9174,Public       ,294,885,1179,1216,3008,4224
01226000,EAST ARKANSAS COMMUNITY COLLEGE         ,AR,72335-2204,Public       ,187,363,550,575,968,1543
01226100,NORTH ARKANSAS COLLEGE                  ,AR,72601-5508,Public       ,159,460,619,1074,1944,3018
01286000,ARKANSAS NORTHEASTERN COLLEGE           ,AR,72316-1109,Public       ,230,523,753,795,1412,2207
02052200,BLACK RIVER TECHNICAL COLLEGE           ,AR,72455-0000,Public       ,219,738,957,890,2270,3160
02073500,UNIVERSITY OF ARKANSAS COMMUNITY COLLEGE,AR,72503-0000,Public       ,146,380,526,650,1201,1851
02073700,NORTHWEST TECHNICAL INSTITUTE           ,AR,72765-0000,Public       ,45,199,244,264,606,870
02074600,SOUTH ARKANSAS COMMUNITY COLLEGE        ,AR,71731-0000,Public       ,157,483,640,669,1783,2452
02075300,PULASKI TECHNICAL COLLEGE               ,AR,72118-0000,Public       ,954,3422,4376,4223,14124,18347
02087000,OZARKA COLLEGE                          ,AR,72556-0000,Public       ,117,407,524,452,1332,1784
02111100,RICH MOUNTAIN COMMUNITY COLLEGE         ,AR,71953-0000,Public       ,82,197,279,406,575,981
02202400,PROFESSIONAL COSMETOLOGY EDUC CTR       ,AR,71730-5828,Proprietary  ,7,23,30,29,81,110
02220900,COSSATOT COMMUNITY COLLEGE              ,AR,71832-0000,Public       ,81,243,324,504,980,1484
02260400,BEE JAY'S HAIRSTYLING ACADEMY           ,AR,72212-0000,Proprietary  ,0,0,0,12,23,35
02260401,BEE JAY'S HAIRSTYLING ACADEMY - BATESVIL,AR,72501-6709,Proprietary  ,0,0,0,4,11,15
02272400,EASTERN COLLEGE OF HEALTH VOCATIONS     ,AR,72205-3535,Proprietary  ,53,198,251,142,641,783
02284200,NEW TYLER BARBER COLLEGE INC            ,AR,72114-0000,Proprietary  ,34,80,114,74,199,273
02287400,MARSHA KAY BEAUTY COLLEGE               ,AR,72653-0000,Proprietary  ,7,13,20,17,49,66
02330800,JEFFERSON SCHOOL OF NURSING             ,AR,71603-0000,Private      ,21,54,75,85,239,324
02339800,SOUTHERN INSTITUTE OF COSMETOLOGY       ,AR,72301-0000,Proprietary  ,15,52,67,24,75,99
02341700,CAREER ACADEMY OF HAIR DESIGN           ,AR,72764-4304,Proprietary  ,13,62,75,41,140,181
02341701,CAREER ACADEMY OF HAIR DESIGN - ROGERS  ,AR,72756-2102,Proprietary  ,14,51,65,41,142,183
02341702,CAREER ACADEMY OF HAIR DESIGN - SILOAM  ,AR,72761-4217,Proprietary  ,7,9,16,21,40,61
02348200,MID-SOUTH COMMUNITY COLLEGE             ,AR,72301-0000,Public       ,254,673,927,779,1829,2608
02363500,ARTHUR'S BEAUTY COLLEGE                 ,AR,72901-0000,Proprietary  ,11,35,46,43,157,200
02525800,LEE'S SCHOOL OF COSMETOLOGY             ,AR,72114-0000,Proprietary  ,15,32,47,52,125,177
02538500,ARTHUR'S BEAUTY COLLEGE                 ,AR,72076-0000,Proprietary  ,25,49,74,83,208,291
02569600,SEARCY BEAUTY COLLEGE                   ,AR,72143-0000,Proprietary  ,8,37,45,34,89,123
03005100,ARKANSAS BEAUTY SCHOOL                  ,AR,72209-5116,Proprietary  ,22,70,92,69,223,292
03007100,HOT SPRINGS BEAUTY COLLEGE              ,AR,71901-5432,Proprietary  ,12,42,54,38,118,156
03007600,ARKANSAS BEAUTY SCHOOL-CONWAY           ,AR,72032-4354,Proprietary  ,16,44,60,57,143,200
03023400,ARKANSAS COLLEGE OF BARBERING           ,AR,72114-5615,Proprietary  ,28,104,132,69,233,302
03063300,NORTHWEST ARKANSAS COMMUNITY COLLEG     ,AR,72712-5190,Public       ,610,1335,1945,3449,5787,9236
03065100,ABC BEAUTY COLLEGE                      ,AR,71923-4206,Proprietary  ,12,31,43,31,83,114
03066302,BRYAN COLLEGE -                         ,AR,72756-1825,Proprietary  ,20,91,111,67,364,431
03105200,BAPTIST HEALTH SCHOOLS LITTLE ROCK      ,AR,72210-2820,Private      ,51,286,337,544,1898,2442
03115102,HERITAGE COLLEGE - LITTLE ROCK          ,AR,72227-5544,Proprietary  ,58,308,366,188,879,1067
03124900,IMAGINE -  PAUL MITCHELL PARTNER SCHOOL ,AR,72117-2516,Proprietary  ,50,99,149,194,394,588
03127200,ASKINS VO-TECH                          ,AR,72908-8028,Proprietary  ,0,0,0,0,10,10
03214300,VELVATEX COLLEGE OF BEAUTY CULTURE      ,AR,72202-5452,Proprietary  ,8,30,38,21,77,98
03254300,MARGARET'S HAIR ACADEMY                 ,AR,71655-4905,Proprietary  ,11,35,46,41,97,138
03519400,LYNNDALE FUNDAMENTALS OF BEAUTY SCH     ,AR,71730-4804,Proprietary  ,2,11,13,5,31,36
03855300,ECCLESIA COLLEGE                        ,AR,72762-8159,Private      ,28,29,57,132,111,243
03912300,CROSSETT SCHOOL OF COSMETOLOGY          ,AR,71635-0000,Proprietary  ,3,13,16,8,28,36
03997300,ARKANSAS BEAUTY COLLEGE                 ,AR,72801-3741,Proprietary  ,9,24,33,39,82,121
04183100,WASHINGTON BARBER COLLEGE               ,AR,72209-3820,Proprietary  ,18,41,59,46,148,194
04183400,SALON PROFESSIONAL ACADEMY (THE)        ,AR,72116-7310,Proprietary  ,18,37,55,54,153,207
00133900,CORBAN UNIVERSITY                       ,OR,97301-9392,Private      ,77,118,195,1972,806,2778
00318600,BLUE MOUNTAIN COMMUNITY COLLEGE         ,OR,97801-0000,Public       ,149,404,553,1255,2174,3429
00318800,CENTRAL OREGON COMMUNITY COLLEGE        ,OR,97701-5998,Public       ,453,1232,1685,3181,6963,10144
00318900,CLATSOP COMMUNITY COLLEGE               ,OR,97103-3698,Public       ,79,229,308,598,1471,2069
00319100,CONCORDIA UNIVERSITY                    ,OR,97211-6099,Private      ,134,953,1087,2253,4003,6256
00319300,EASTERN OREGON UNIVERSITY               ,OR,97850-2899,Public       ,198,458,656,3157,3554,6711
00319400,GEORGE FOX UNIVERSITY                   ,OR,97132-2697,Private      ,154,465,619,3580,2254,5834
00319600,LANE COMMUNITY COLLEGE                  ,OR,97405-0640,Public       ,888,2004,2892,7447,14184,21631
00319700,LEWIS & CLARK COLLEGE                   ,OR,97219-7899,Private      ,118,275,393,5839,3902,9741
00319800,LINFIELD COLLEGE                        ,OR,97128-6894,Private      ,84,184,268,3555,1365,4920
00319801,LINFIELD COLLEGE - PORTLAND CAMPUS      ,OR,97210-0000,Private      ,33,160,193,719,1429,2148
00319900,MARYLHURST UNIVERSITY                   ,OR,97036-7036,Private      ,16,378,394,162,1962,2124
00320300,MOUNT ANGEL SEMINARY                    ,OR,97373-0505,Private      ,8,9,17,20,29,49
00320400,MOUNT HOOD COMMUNITY COLLEGE            ,OR,97030-3300,Public       ,702,1588,2290,5419,9598,15017
00320600,MULTNOMAH BIBLE COLLEGE/SEMINARY        ,OR,97220-5898,Private      ,61,180,241,541,922,1463
00320700,PACIFIC NORTHWEST COLLEGE OF ART        ,OR,97209-3023,Private      ,66,115,181,842,948,1790
00320800,NORTHWEST CHRISTIAN UNIVERSITY          ,OR,97401-3727,Private      ,38,127,165,682,824,1506
00320900,WESTERN OREGON UNIVERSITY               ,OR,97361-1394,Public       ,363,392,755,8023,3541,11564
00321000,OREGON STATE UNIVERSITY                 ,OR,97331-8507,Public       ,1244,1724,2968,25105,14044,39149
00321100,OREGON INSTITUTE OF TECHNOLOGY          ,OR,97601-8801,Public       ,183,351,534,3045,2845,5890
00321200,PACIFIC UNIVERSITY                      ,OR,97116-1797,Private      ,81,197,278,4060,3350,7410
00321300,PORTLAND COMMUNITY COLLEGE              ,OR,97219-7198,Public       ,2067,5664,7731,15105,36203,51308
00321311,PORTLAND COMMUNITY COLLEGE - TILLAMOOK B,OR,97141-2599,Public       ,35,91,126,130,316,446
00321600,PORTLAND STATE UNIVERSITY               ,OR,97207-0000,Public       ,1338,3859,5197,16363,25966,42329
00321700,REED COLLEGE                            ,OR,97202-8199,Private      ,62,132,194,2984,915,3899
00321800,CHEMEKETA COMMUNITY COLLEGE             ,OR,97309-1500,Public       ,763,2003,2766,7031,13889,20920
00321900,SOUTHERN OREGON UNIVERSITY              ,OR,97520-5010,Public       ,357,525,882,5984,4116,10100
00322000,SOUTHWESTERN OREGON COMMUNITY CLG       ,OR,97420-2956,Public       ,134,293,427,1747,1966,3713
00322100,TREASURE VALLEY COMMUNITY COLLEGE       ,OR,97914-3423,Public       ,223,619,842,1625,2651,4276
00322200,UMPQUA COMMUNITY COLLEGE                ,OR,97470-0226,Public       ,160,469,629,1349,3243,4592
00322300,UNIVERSITY OF OREGON                    ,OR,97403-1226,Public       ,1339,1220,2559,28196,11912,40108
00322400,UNIVERSITY OF PORTLAND                  ,OR,97203-5798,Private      ,276,445,721,10713,3537,14250
00322500,WARNER PACIFIC COLLEGE                  ,OR,97215-4099,Private      ,68,328,396,1287,2156,3443
00322700,WILLAMETTE UNIVERSITY                   ,OR,97301-3930,Private      ,108,215,323,5960,1896,7856
00487800,CLACKAMAS COMMUNITY COLLEGE             ,OR,97045-7998,Public       ,526,1093,1619,4271,6579,10850
00488200,OREGON HEALTH & SCIENCE UNIVERSITY      ,OR,97239-0000,Public       ,80,390,470,1200,4718,5918
00693800,LINN BENTON COMMUNITY COLLEGE           ,OR,97321-3774,Public       ,499,899,1398,4277,6049,10326
00717800,WESTERN SEMINARY                        ,OR,97215-0000,Private      ,2,109,111,27,535,562
00723402,HEALD COLLEGE - PORTLAND                ,OR,97205-3432,Proprietary  ,88,424,512,329,1498,1827
00732969,ITT TECHNICAL INSTITUTE                 ,OR,97220-6819,Proprietary  ,144,668,812,547,2071,2618
00737101,MARINELLO SCHOOL OF BEAUTY - PORTLAND   ,OR,97212-3732,Proprietary  ,15,61,76,93,261,354
00781900,ART INSTITUTE OF PORTLAND (THE)         ,OR,97209-2911,Proprietary  ,248,417,665,2149,2403,4552
00888700,CONCORDE CAREER INSTITUTE               ,OR,97232-2242,Proprietary  ,86,350,436,360,1305,1665
00907900,EVEREST COLLEGE                         ,OR,97204-2296,Proprietary  ,55,247,302,332,1188,1520
00958100,SPRINGFIELD COLLEGE OF BEAUTY           ,OR,97477-5474,Proprietary  ,10,34,44,81,175,256
01012200,PHAGANS' MEDFORD BEAUTY SCHOOL          ,OR,97504-5297,Proprietary  ,21,61,82,91,257,348
01018200,ROGUE COMMUNITY COLLEGE                 ,OR,97527-0000,Public       ,341,1041,1382,2942,7300,10242
01050700,ACADEMY OF HAIR DESIGN                  ,OR,97301-3526,Proprietary  ,17,61,78,96,234,330
01230900,UNIVERSITY OF WESTERN STATES            ,OR,97230-3099,Private      ,17,78,95,129,763,892
01234700,PHAGANS CENTRAL OREGON BEAUTY CLG       ,OR,97701-5175,Proprietary  ,20,98,118,96,298,394
01234800,PHAGANS BEAUTY COLLEGE                  ,OR,97333-4716,Proprietary  ,12,33,45,85,141,226
01235000,PHAGANS SCHOOL OF HAIR DESIGN           ,OR,97267-0000,Proprietary  ,27,31,58,82,144,226
01235100,PHAGANS SCHOOL OF BEAUTY                ,OR,97301-4732,Proprietary  ,14,54,68,96,255,351
01300800,PHAGANS TIGARD BEAUTY SCHOOL            ,OR,97223-0000,Proprietary  ,6,18,24,37,88,125
02101000,NORTHWEST COLLEGE OF HAIR DESIGN        ,OR,97086-7702,Proprietary  ,61,158,219,227,620,847
02101002,NORTHWEST COLLEGE                       ,OR,97007-3954,Proprietary  ,6,17,23,27,104,131
02104900,COLLEGE OF LEGAL ARTS                   ,OR,97219-9998,Proprietary  ,17,95,112,93,436,529
02106100,COLLEGE OF COSMETOLOGY                  ,OR,97601-0000,Proprietary  ,14,33,47,56,133,189
02154400,BEAU MONDE CLG OF HAIR DESIGN           ,OR,97205-0000,Proprietary  ,22,87,109,172,381,553
02159700,NEW HOPE CHRISTIAN COLLEGE              ,OR,97405-1194,Private      ,43,57,100,302,272,574
02201900,PHAGANS' SCHOOL OF HAIR DESIGN          ,OR,97232-0000,Proprietary  ,30,96,126,184,420,604
02239203,ANTHEM COLLEGE - BEAVERTON              ,OR,97005-0000,Proprietary  ,14,50,64,102,244,346
02330100,PIONEER PACIFIC COLLEGE                 ,OR,97070-0000,Proprietary  ,86,219,305,380,1208,1588
02330102,PIONEER PACIFIC COLLEGE                 ,OR,97403-0000,Proprietary  ,49,229,278,276,1217,1493
02337900,COLLEGE OF HAIR DESIGN CAREERS          ,OR,97301-0000,Proprietary  ,19,53,72,99,226,325
02344100,ROSEBURG BEAUTY COLLEGE                 ,OR,97470-0000,Proprietary  ,6,32,38,47,136,183
02534000,NATIONAL COLLEGE OF NATURAL MEDICINE    ,OR,97201-0000,Private      ,13,119,132,76,999,1075
02578800,NORTHWEST NANNIES INSTITUTE             ,OR,97035-0000,Proprietary  ,1,6,7,22,20,42
02603700,OREGON COL OF ORIENTAL MEDICINE         ,OR,97216-0000,Private      ,8,67,75,38,477,515
02617506,EVEREST COLLEGE - EVEREST INSTITUTE     ,OR,97223-6581,Proprietary  ,28,118,146,128,462,590
03007300,OREGON COLLEGE OF ART & CRAFT           ,OR,97225-6399,Private      ,30,77,107,346,585,931
03022600,LE CORDON BLEU COLLEGE OF CULINARY ARTS ,OR,97205-2793,Proprietary  ,210,495,705,1002,2002,3004
03042500,CARRINGTON COLLEGE                      ,OR,97232-1302,Proprietary  ,73,344,417,386,1298,1684
03074400,PHAGANS NEWPORT ACAD CSMTLGY CAREER     ,OR,97365-4963,Proprietary  ,7,16,23,19,83,102
03074500,EAST-WEST COLLEGE OF THE HEALING ARTS   ,OR,97232-2765,Proprietary  ,24,120,144,111,546,657
03185300,PHAGANS GRANTS PASS COLLEGE OF BTY      ,OR,97527-3039,Proprietary  ,12,41,53,46,133,179
03428300,KLAMATH COMMUNITY COLLEGE               ,OR,97603-7121,Public       ,134,324,458,707,1731,2438
03642300,VALLEY MEDICAL COLLEGE                  ,OR,97305-1373,Proprietary  ,35,129,164,181,651,832
03668300,BIRTHINGWAY COLLEGE OF MIDWIFERY        ,OR,97266-4042,Private      ,6,36,42,50,286,336
03783400,ABDILL CAREER COLLEGE                   ,OR,97504-7137,Proprietary  ,11,102,113,68,415,483
04146500,PORTLAND ACTORS CONSERVATORY            ,OR,97201-2557,Private      ,13,35,48,72,154,226
04151900,COLUMBIA GORGE COMMUNITY COLLEGE        ,OR,97058-3434,Public       ,74,211,285,505,1166,1671
04167400,SAGE SCHOOL OF MASSAGE & HEALING ARTS   ,OR,97701-4082,Proprietary  ,10,40,50,59,166,225
04171400,AVEDA INSTITUTE PORTLAND                ,OR,97209-3144,Proprietary  ,67,131,198,363,592,955
04194400,AMERICAN COLLEGE OF HEALTHCARE SCIENCES ,OR,97239-3719,Proprietary  ,9,152,161,9,152,161
00137400,ALBERTUS MAGNUS COLLEGE                 ,CT,06511-1189,Private      ,71,318,389,1096,1282,2378
00137403,ALBERTUS MAGNUS CLG-NEW DIMENSIONS      ,CT,06511-0000,Private      ,20,227,247,103,844,947
00137800,CENTRAL CONNECTICUT STATE UNIV          ,CT,06050-2490,Public       ,539,788,1327,10521,5246,15767
00137900,CONNECTICUT COLLEGE                     ,CT,06320-4196,Private      ,42,32,74,3171,201,3372
00138000,WESTERN CONNECTICUT STATE UNIV          ,CT,06810-6826,Public       ,364,319,683,6274,1989,8263
00138500,FAIRFIELD UNIVERSITY                    ,CT,06430-0000,Private      ,99,175,274,7469,1206,8675
00138700,HARTFORD SEMINARY                       ,CT,06105-0000,Private      ,2,22,24,8,106,114
00138900,HOLY APOSTLES COLLEGE & SEMINARY        ,CT,06416-2005,Private      ,6,22,28,17,66,83
00139200,MANCHESTER COMMUNITY COLLEGE            ,CT,06045-1046,Public       ,807,1080,1887,4192,4239,8431
00139300,MITCHELL COLLEGE                        ,CT,06320-4498,Private      ,72,56,128,1074,299,1373
00139700,UNIVERSITY OF NEW HAVEN                 ,CT,06516-1999,Private      ,249,379,628,9963,2237,12200
00139800,NORTHWESTERN CT COMMUNITY COLLEGE       ,CT,06098-1747,Public       ,118,194,312,627,857,1484
00139900,NORWALK COMMUNITY TECHNICAL COLLEGE     ,CT,06854-1655,Public       ,648,806,1454,2542,3054,5596
00140100,POST UNIVERSITY                         ,CT,06723-3240,Proprietary  ,342,2598,2940,1989,8004,9993
00140200,QUINNIPIAC UNIVERSITY                   ,CT,06518-1908,Private      ,215,305,520,15462,2243,17705
00140201,QUINNIPIAC UNIVERSITY SCHOOL OF LAW     ,CT,06518-0000,Private      ,1,45,46,80,932,1012
00140300,SACRED HEART UNIVERSITY                 ,CT,06825-1000,Private      ,164,545,709,8182,2502,10684
00140600,SOUTHERN CONNECTICUT STATE UNIV         ,CT,06515-1355,Public       ,461,839,1300,10216,5707,15923
00140900,SAINT JOSEPH COLLEGE                    ,CT,06117-2791,Private      ,53,384,437,1204,1935,3139
00141400,TRINITY COLLEGE                         ,CT,06106-3100,Private      ,67,67,134,3908,363,4271
00141600,UNIVERSITY OF BRIDGEPORT                ,CT,06601-5650,Private      ,211,636,847,3849,3508,7357
00141700,UNIVERSITY OF CONNECTICUT-STORRS        ,CT,06269-2151,Public       ,674,670,1344,31506,6332,37838
00141702,UNIV CONN STAMFORD                      ,CT,06901-0000,Public       ,57,124,181,1049,696,1745
00141703,UNIV OF CONNECTICUT - TORINGTON         ,CT,06790-0000,Public       ,17,30,47,317,184,501
00141706,UNIV OF CONNECTICUT SCH LAW             ,CT,06105-0000,Public       ,8,56,64,96,1339,1435
00141707,UNIV OF CT - SCH OF SOCIAL WORK         ,CT,06117-0000,Public       ,11,61,72,174,752,926
00141708,UNIVERSITY OF CONNECTICUT - SCHOOL OF ME,CT,06030-1920,Public       ,10,37,47,201,622,823
00141709,UNIVERSITY OF CONNECTICUT - SCHOOL OF DE,CT,06030-1920,Public       ,21,38,59,293,367,660
00142200,UNIVERSITY OF HARTFORD                  ,CT,06117-1599,Private      ,242,337,579,11493,2516,14009
00142400,WESLEYAN UNIVERSITY                     ,CT,06459-3208,Private      ,66,49,115,5862,323,6185
00142500,EASTERN CONNECTICUT STATE UNIV          ,CT,06226-2295,Public       ,280,220,500,6679,1512,8191
00142600,YALE UNIVERSITY                         ,CT,06520-8288,Private      ,418,369,787,18942,8722,27664
00280301,RENSSELAER POLYTECHNIC INSTITUTE-RENSSEL,CT,06120-2991,Private      ,1,20,21,25,59,84
00451300,HOUSATONIC COMMUNITY COLLEGE            ,CT,06604-4704,Public       ,621,1095,1716,3021,4636,7657
00618100,BRIDGEPORT HOSP SCHL OF NURSING         ,CT,06610-2896,Private      ,21,135,156,212,725,937
00619100,ST. VINCENT'S COLLEGE                   ,CT,06606-9966,Private      ,38,184,222,420,1157,1577
00698200,NAUGATUCK VALLEY COMM-TECH COLG         ,CT,06708-3089,Public       ,707,992,1699,3377,4113,7490
00730000,ELI WHITNEY TECHNICAL HIGH SCHOOL       ,CT,06514-0000,Public       ,3,32,35,16,100,116
00730300,LINCOLN TECHNICAL INSTITUTE             ,CT,06051-0000,Proprietary  ,174,362,536,610,1301,1911
00730306,LINCOLN TECHNICAL INSTITUTE - EAST WINDS,CT,06088-9631,Proprietary  ,192,149,341,983,509,1492
00730500,PORTER AND CHESTER INSTITUTE OF BRANFORD,CT,06405-4022,Proprietary  ,71,119,190,200,458,658
00731100,WINDHAM TECHNICAL HIGH SCHOOL           ,CT,06226-2100,Public       ,2,5,7,9,14,23
00745900,PAIER COLLEGE OF ART                    ,CT,06514-3902,Proprietary  ,33,23,56,151,83,234
00763500,CAPITAL COMMUNITY COLLEGE               ,CT,06103-1207,Public       ,464,1174,1638,1973,4613,6586
00803700,GATEWAY COMMUNITY-TECHNICAL COLLEGE     ,CT,06511-0000,Public       ,794,1485,2279,3465,5833,9298
00803800,MIDDLESEX COMMUNITY CLG                 ,CT,06457-4889,Public       ,276,467,743,1289,1650,2939
00887300,PAUL MITCHELL THE SCHOOL                ,CT,06810-6716,Proprietary  ,33,43,76,79,80,159
00887400,BRIO ACADEMY OF COSMETOLOGY             ,CT,06450-4836,Proprietary  ,19,49,68,51,118,169
00887401,BRIO ACADEMY OF COSMETOLOGY - HAMDEN    ,CT,06514-4132,Proprietary  ,16,44,60,27,79,106
00887402,BRIO ACADEMY OF COSMETOLOGY - FAIRFIELD ,CT,06824-6690,Proprietary  ,39,73,112,73,153,226
00887403,BRIO ACADEMY OF COSMETOLOGY - WILLIMANTI,CT,06226-1940,Proprietary  ,14,37,51,28,70,98
00887404,BRIO ACADEMY OF COSMETOLOGY -           ,CT,06605-4114,Proprietary  ,4,19,23,19,54,73
00927700,E C GOODWIN TECHNICAL HIGH SCHOOL       ,CT,06053-0000,Public       ,9,23,32,27,61,88
00940700,LINCOLN COLLEGE OF NEW ENGLAND          ,CT,06489-1057,Proprietary  ,148,159,307,737,1134,1871
00940701,CLEMENS COLLEGE                         ,CT,06078-0000,Proprietary  ,1,1,2,21,9,30
00976400,TUNXIS COMMUNITY COLLEGE                ,CT,06032-3187,Public       ,401,622,1023,2121,2586,4707
00976500,THREE RIVERS COMMUNITY COLLEGE          ,CT,06360-6598,Public       ,370,743,1113,1999,3140,5139
00982200,ALBERT I PRINCE TECHNICAL HIGH SCHOOL   ,CT,06106-3799,Public       ,4,30,34,22,109,131
01041700,BRIO ACADEMY OF EAST HARTFORD           ,CT,06108-2220,Proprietary  ,47,107,154,77,183,260
01053000,QUINEBAUG VALLEY COMMUNITY COLLEGE      ,CT,06239-1440,Public       ,230,418,648,872,1419,2291
01077900,PORTER AND CHESTER INSTITUTE-ALLCAMPUSES,CT,06615-7158,Proprietary  ,379,892,1271,1340,3186,4526
01115000,ASNUNTUCK COMMUNITY COLLEGE             ,CT,06082-3800,Public       ,176,311,487,648,842,1490
01149600,BULLARD HAVENS VOC TECH SCHOOL          ,CT,06610-3499,Public       ,5,40,45,24,149,173
01169700,VINAL REGIONAL VOC TECH SCHOOL          ,CT,06457-4918,Public       ,1,16,17,10,49,59
01184300,NORWICH TECHNICAL HIGH SCHOOL           ,CT,06360-7097,Public       ,0,15,15,13,86,99
01242500,STONE ACADEMY                           ,CT,06516-4049,Proprietary  ,65,263,328,189,865,1054
01242503,STONE ACADEMY -WATERBURY                ,CT,06705-3823,Proprietary  ,11,35,46,43,143,186
01242504,STONE ACADEMY -  EAST HARTFORD          ,CT,06118-0000,Proprietary  ,17,53,70,54,217,271
01287700,SANFORD-BROWN COLLEGE                   ,CT,06855-1436,Proprietary  ,22,93,115,97,347,444
01291300,LEON INSTITUTE OF HAIR DESIGN           ,CT,06604-4226,Proprietary  ,1,19,20,4,57,61
02074000,BRANFORD HALL CAREER INSTITUTE          ,CT,06405-0000,Proprietary  ,353,1347,1700,749,2899,3648
02106600,AMERICAN INSTITUTE                      ,CT,06110-1922,Proprietary  ,21,115,136,59,319,378
02112300,RIDLEY LOWELL BUSINESS & TECH INST      ,CT,06320-0000,Proprietary  ,45,189,234,139,668,807
02112700,NORTH HAVEN ACADEMY                     ,CT,06473-3108,Proprietary  ,31,37,68,80,100,180
02115100,BUTLER BUSINESS SCHOOL                  ,CT,06604-0000,Proprietary  ,17,57,74,68,327,395
02148700,CONNECTICUT INST OF HAIR DESIGN         ,CT,06716-0000,Proprietary  ,11,11,22,26,49,75
02202500,NEW ENGLAND TRACTOR TRAILER SCH         ,CT,06071-2036,Proprietary  ,41,433,474,75,832,907
02244900,GOODWIN COLLEGE                         ,CT,06118-9980,Private      ,290,1335,1625,1155,4564,5719
02245300,HOWELL CHENEY TECHNICAL HIGH SCHOOL     ,CT,06040-0000,Public       ,6,9,15,14,24,38
02265900,WINDHAM COMMUNITY MEM HOSP-RAD TECH     ,CT,06226-0000,Private      ,1,10,11,14,35,49
02296100,YALE-NEW HAVEN HOSP DIETETIC INTERN     ,CT,06510-8900,Private      ,2,12,14,29,48,77
02300000,W F KAYNOR TECHNICAL HIGH SCHOOL        ,CT,06708-0000,Public       ,5,17,22,22,99,121
02316600,CONNECTICUT CTR FOR MASSAGE THERAPY     ,CT,06111-3975,Proprietary  ,26,60,86,69,214,283
02316601,CONNECTICUT CENTER FOR MASSAGE THERAPY -,CT,06880-4619,Proprietary  ,16,48,64,35,162,197
02316603,CONNECTICUT CENTER FOR MASSAGE THERAPY -,CT,06340-4619,Proprietary  ,9,29,38,35,100,135
02565000,PLATT TECHNICAL HIGH SCHOOL             ,CT,06460-2105,Public       ,6,14,20,14,31,45
03079400,LYME ACADEMY COLLEGE OF FINE ARTS       ,CT,06371-2333,Private      ,8,5,13,101,33,134
03094800,INDUSTRIAL MANAGEMENT & TRAINING        ,CT,06706-1211,Proprietary  ,19,41,60,44,166,210
03234300,CHARTER OAK STATE COLLEGE               ,CT,06053-2150,Public       ,37,551,588,130,1650,1780
03316300,LINCOLN TECHNICAL INSTITUTE - HARTFORD  ,CT,06105-3630,Proprietary  ,127,191,318,671,676,1347
03381300,CONNECTICUT TRAINING CENTER             ,CT,06108-2705,Private      ,4,29,33,12,72,84
03927300,ALBERT SCHOOL (THE)                     ,CT,06357-2447,Proprietary  ,11,34,45,25,64,89
03927301,BRIO ACADEMY OF COSMETOLOGY - TORRINGTON,CT,06790-5425,Proprietary  ,14,26,40,19,36,55
03927302,BRIO ACADEMY OF COSMETOLOGY  -  ENFIELD ,CT,06082-2946,Proprietary  ,20,38,58,33,57,90
04104300,ACADEMY DI CAPELLI - SCHOOL OF COSMETOLO,CT,06492-0000,Proprietary  ,12,32,44,42,71,113
04128800,BRANFORD ACADEMY OF HAIR & COSMETOLOGY  ,CT,06405-0000,Proprietary  ,9,25,34,24,57,81
04145400,OXFORD ACADEMY OF HAIR DESIGN           ,CT,06483-2911,Proprietary  ,24,37,61,44,75,119
04148400,EUROPEAN ACADEMY OF COSMETOLOGY AND HAIR,CT,06437-0000,Proprietary  ,5,6,11,12,15,27
04152400,INTERNATIONAL INSTITUTE OF COSMETOLOGY  ,CT,06109-0000,Proprietary  ,28,29,57,100,78,178
04162900,TONSORIAL ACADEMY OF COSMETOLOGY AND BAR,CT,06516-0000,Proprietary  ,2,9,11,2,18,20
00146600,BARRY UNIVERSITY                        ,FL,33161-6695,Private      ,519,1871,2390,6403,9684,16087
00146601,BARRY UNIVERSITY - ORLANDO              ,FL,32807-3673,Private      ,42,475,517,456,2290,2746
00146700,BETHUNE COOKMAN UNIVERSITY              ,FL,32114-3099,Private      ,611,342,953,7486,2107,9593
00146800,ST THOMAS UNIVERSITY                    ,FL,33054-0000,Private      ,217,707,924,1791,3176,4967
00146900,FLORIDA INSTITUTE OF TECHNOLOGY         ,FL,32901-6988,Private      ,346,1561,1907,4828,7740,12568
00147000,BREVARD COMMUNITY COLLEGE               ,FL,32922-6503,Public       ,1707,2941,4648,6629,10230,16859
00147100,CENTRAL FLORIDA COMMUNITY COLLEGE       ,FL,34478-1388,Public       ,1099,1865,2964,5021,8424,13445
00147200,CHIPOLA  COLLEGE                        ,FL,32446-2053,Public       ,299,424,723,1273,1560,2833
00147300,CLEARWATER CHRISTIAN COLLEGE            ,FL,33759-0000,Private      ,102,63,165,823,224,1047
00147500,DAYTONA STATE COLLEGE                   ,FL,32114-2800,Public       ,2054,3741,5795,8470,13702,22172
00147700,EDISON STATE COLLEGE                    ,FL,33906-6210,Public       ,1540,2240,3780,8289,10852,19141
00147800,EDWARD WATERS COLLEGE                   ,FL,32209-6199,Private      ,262,296,558,1370,1071,2441
00147900,EMBRY-RIDDLE AERONAUTICAL UNIV          ,FL,32114-3900,Private      ,665,2098,2763,7860,7944,15804
00148000,FLORIDA A & M UNIVERSITY                ,FL,32307-3100,Public       ,1715,1615,3330,18342,9526,27868
00148100,FLORIDA ATLANTIC UNIVERSITY             ,FL,33431-6498,Public       ,2972,3194,6166,28016,17987,46003
00148101,FLORIDA ATLANTIC UNIVERSITY/DAVIE       ,FL,33314-0000,Public       ,349,957,1306,2892,5258,8150
00148103,FLORIDA ATLANTIC UNIV-JUPITER/PSL       ,FL,33458-0000,Public       ,183,303,486,1503,1624,3127
00148200,FLORIDA COLLEGE                         ,FL,33617-5578,Private      ,103,29,132,543,103,646
00148400,FLORIDA STATE COLLEGE AT JACKSONVILLE   ,FL,32202-4030,Public       ,3476,7197,10673,14989,28553,43542
00148500,FLORIDA KEYS COMMUNITY COLLEGE          ,FL,33040-4397,Public       ,137,258,395,698,894,1592
00148600,FLORIDA MEMORIAL UNIVERSITY             ,FL,33054-6199,Private      ,377,417,794,3022,1859,4881
00148700,ECKERD COLLEGE                          ,FL,33711-4744,Private      ,192,382,574,3510,1250,4760
00148800,FLORIDA SOUTHERN COLLEGE                ,FL,33801-5698,Private      ,427,379,806,4339,1452,5791
00148900,FLORIDA STATE UNIVERSITY                ,FL,32306-2430,Public       ,6779,3013,9792,55761,20128,75889
00149000,GULF COAST COMMUNITY COLLEGE            ,FL,32401-1058,Public       ,702,1474,2176,2970,5322,8292
00149300,INDIAN RIVER STATE COLLEGE              ,FL,34981-5596,Public       ,1970,3299,5269,7310,10871,18181
00149500,JACKSONVILLE UNIVERSITY                 ,FL,32211-3394,Private      ,477,1191,1668,4138,4421,8559
00149700,JONES COLLEGE                           ,FL,32211-5588,Private      ,24,326,350,136,1082,1218
00149900,EVEREST UNIVERSITY                      ,FL,32810-5601,Proprietary  ,157,954,1111,707,4424,5131
00149901,EVEREST UNIVERSITY - ORLANDO SOUTH      ,FL,32819-7666,Proprietary  ,1151,10685,11836,3232,37220,40452
00149902,EVEREST UNIVERSITY - MELBOURNE          ,FL,32905-6609,Proprietary  ,26,304,330,171,1318,1489
00150000,BROWARD COLLEGE- DOWNTOWN CTR           ,FL,33301-2298,Public       ,1534,3097,4631,7035,12886,19921
00150001,BROWARD COLLEGE - DAVIE CAMPUS          ,FL,33314-0000,Public       ,1652,2590,4242,11345,13099,24444
00150002,BROWARD COLLEGE- NORTH CAMPUS           ,FL,33066-0000,Public       ,1192,2211,3403,7528,11348,18876
00150003,BROWARD COLLEGE- SOUTH CAMPUS           ,FL,33024-0000,Public       ,1421,2341,3762,8320,11075,19395
00150100,LAKE CITY COMMUNITY COLLEGE             ,FL,32025-2007,Public       ,272,695,967,1319,2765,4084
00150200,LAKE SUMTER COMMUNITY COLLEGE           ,FL,34788-8751,Public       ,489,694,1183,2678,3258,5936
00150400,"STATE COLLEGE OF FLORIDA, MANATEE-SARASO",FL,34207-3596,Public       ,1253,1929,3182,5296,7454,12750
00150500,LYNN UNIVERSITY                         ,FL,33431-5598,Private      ,192,249,441,2479,1072,3551
00150600,MIAMI DADE COLLEGE ADMINISTRATION ONLY  ,FL,33176-3393,Public       ,142,277,419,757,1001,1758
00150601,MIAMI DADE COLLEGE - NORTH CAMPUS       ,FL,33167-3495,Public       ,2984,4415,7399,13653,16722,30375
00150602,MIAMI DADE COLLEGE - KENDALL CAMPUS     ,FL,33176-3393,Public       ,4570,4532,9102,19489,16639,36128
00150603,MIAMI DADE COLLEGE - WOLFSON CAMPUS     ,FL,33132-2297,Public       ,2375,3193,5568,10843,11951,22794
00150604,MIAMI DADE COLLEGE - MEDICAL CAMPUS     ,FL,33127-4693,Public       ,626,1831,2457,3387,7264,10651
00150605,MIAMI DADE COLLEGE - HOMESTEAD CAMPUS   ,FL,33030-6009,Public       ,760,1128,1888,2944,3915,6859
00150606,MIAMI DADE COLLEGE -INTERAMERICAN CAMPUS,FL,33135-0000,Public       ,1025,2056,3081,4143,7687,11830
00150607,MIAMI DADE COLLEGE - HIALEAH CAMPUS     ,FL,33012-2918,Public       ,873,1227,2100,4093,4965,9058
00150800,NORTH FLORIDA COMMUNITY COLLEGE         ,FL,32340-1699,Public       ,188,305,493,608,955,1563
00150900,NOVA SOUTHEASTERN UNIVERSITY            ,FL,33314-7796,Private      ,598,5492,6090,7188,32614,39802
00151000,NORTHWEST FLORIDA STATE COLLEGE         ,FL,32578-1295,Public       ,650,1391,2041,2434,4935,7369
00151200,PALM BEACH COMMUNITY COLLEGE            ,FL,33461-4796,Public       ,3887,4918,8805,15175,16894,32069
00151300,PENSACOLA STATE COLLEGE                 ,FL,32504-8998,Public       ,1293,2592,3885,5327,9784,15111
00151400,POLK STATE COLLEGE                      ,FL,33881-4256,Public       ,1153,2021,3174,5463,8437,13900
00151500,ROLLINS COLLEGE                         ,FL,32789-4499,Private      ,274,320,594,3642,1538,5180
00151900,SANTA FE COLLEGE                        ,FL,32606-6200,Public       ,1847,2272,4119,10652,9964,20616
00152000,SEMINOLE STATE COLLEGE OF FLORIDA       ,FL,32773-6199,Public       ,2844,4467,7311,10652,15953,26605
00152100,SOUTHEASTERN UNIVERSITY                 ,FL,33801-6099,Private      ,321,386,707,2949,1518,4467
00152200,SOUTH FLORIDA COMMUNITY COLLEGE         ,FL,33825-9399,Public       ,326,614,940,1596,2124,3720
00152300,SAINT JOHNS RIVER STATE COLLEGE         ,FL,32177-3897,Public       ,711,1186,1897,3124,4677,7801
00152600,SAINT LEO UNIVERSITY                    ,FL,33574-6665,Private      ,425,3479,3904,4053,15030,19083
00152800,ST. PETERSBURG COLLEGE                  ,FL,33760-3768,Public       ,2773,6410,9183,11084,24290,35374
00153100,STETSON UNIVERSITY                      ,FL,32723-3761,Private      ,300,196,496,4854,1101,5955
00153101,STETSON UNIVERSITY - COLLEGE OF LAW     ,FL,33707-3299,Private      ,21,305,326,138,2018,2156
00153300,TALLAHASSEE COMMUNITY COLLEGE           ,FL,32304-2895,Public       ,2310,2528,4838,11979,10265,22244
00153400,EVEREST UNIVERSITY                      ,FL,33614-5801,Proprietary  ,136,958,1094,613,4821,5434
00153408,EVEREST UNIVERSITY - TAMPA BRANDON CAMPU,FL,33619-1354,Proprietary  ,240,2280,2520,980,12636,13616
00153409,EVEREST UNIVERSITY - ORANGE PARK        ,FL,32073-1111,Proprietary  ,44,329,373,135,1236,1371
00153500,UNIVERSITY OF FLORIDA                   ,FL,32611-3150,Public       ,5814,3014,8828,52979,21519,74498
00153600,UNIVERSITY OF MIAMI                     ,FL,33146-6531,Private      ,1328,891,2219,23757,7049,30806
00153601,UNIV OF MIAMI SCHOOL OF LAW             ,FL,33124-0000,Private      ,26,191,217,204,2781,2985
00153602,UNIV OF MIAMI-SCH OF MEDICINE           ,FL,33136-0000,Private      ,170,216,386,1142,2095,3237
00153700,UNIVERSITY OF SOUTH FLORIDA             ,FL,33620-6960,Public       ,4456,4494,8950,45438,26970,72408
00153701,UNIV OF SOUTH FLORIDA-ST PETERSBURG     ,FL,33701-0000,Public       ,536,901,1437,4725,4167,8892
00153702,UNIV OF SOUTH FLORIDA-SARASOTA          ,FL,34243-2025,Public       ,175,452,627,1186,2243,3429
00153705,UNIV OF SOUTH FLORIDA                   ,FL,33803-0000,Public       ,172,379,551,1587,2093,3680
00153706,UNIV OF SOUTH FLORIDA- MEDICINE         ,FL,33612-0000,Public       ,210,324,534,1767,2430,4197
00153800,UNIVERSITY OF TAMPA                     ,FL,33606-1490,Private      ,811,714,1525,12813,3996,16809
00154000,WEBBER INTERNATIONAL UNIVERSITY         ,FL,33827-0096,Private      ,154,83,237,1338,370,1708
00173308,NATIONAL-LOUIS UNIVERSITY               ,FL,33609-0000,Private      ,4,32,36,12,108,120
00177201,TRINITY INTERNATIONAL UNIVERSITY - SOUTH,FL,33324-4611,Private      ,17,178,195,67,536,603
00395400,UNIV OF CENTRAL FLORIDA                 ,FL,32816-0001,Public       ,7243,6089,13332,72814,34522,107336
00395500,UNIVERSITY OF WEST FLORIDA              ,FL,32514-5750,Public       ,1496,1749,3245,12406,8158,20564
00407215,NORTHWOOD UNIVERSITY                    ,FL,33409-0000,Private      ,63,149,212,637,560,1197
00491004,KAPLAN CAREER INSTITUTE - KAPLAN COLLEGE,FL,33026-3978,Proprietary  ,28,380,408,151,1551,1702
00491005,KAPLAN COLLEGE JACKSONVILLE             ,FL,32216-3216,Proprietary  ,56,634,690,236,2571,2807
00558500,LIVELY TECHNICAL CENTER                 ,FL,32304-0000,Public       ,211,781,992,700,2317,3017
00558600,LINDSEY HOPKINS TECHNICAL ED CENTER     ,FL,33127-4692,Public       ,113,407,520,257,1050,1307
00559400,D G ERWIN TECHNICAL CENTER              ,FL,33610-8255,Public       ,171,714,885,696,2389,3085
00560500,PINELLAS TECH ED CTR-CLEARWATER         ,FL,33760-2194,Public       ,109,521,630,363,1614,1977
00560700,SARASOTA COUNTY TECHNICAL INSTITUTE     ,FL,34233-0000,Public       ,78,305,383,326,1001,1327
00560800,TRAVISS TECHNICAL CENTER                ,FL,33803-0000,Public       ,128,453,581,474,1505,1979
00561200,MANATEE TECHNICAL INSTITUTE             ,FL,34210-0000,Public       ,146,510,656,496,1560,2056
00561201,MANATEE TECHNICAL INSTITUTE-EAST        ,FL,34211-0000,Public       ,76,298,374,297,973,1270
00675000,VALENCIA COMMUNITY COLLEGE              ,FL,32802-3028,Public       ,6100,7510,13610,31281,31112,62393
00732910,ITT TECHNICAL INSTITUTE                 ,FL,33634-7515,Proprietary  ,326,1348,1674,861,3292,4153
00732947,ITT TECHNICAL INSTITUTE                 ,FL,32746-1607,Proprietary  ,219,1020,1239,512,2051,2563
00752500,SUWANNEE-HAMILTON AREA VOC TECH CTR     ,FL,32060-0000,Public       ,22,88,110,80,330,410
00752600,WASHINGTON HOLMES TECHNICAL CENTER      ,FL,32428-1699,Public       ,43,158,201,136,534,670
00755800,LEE COUNTY HIGH TECH CENTER CENTRAL     ,FL,33916-2299,Public       ,144,350,494,530,1282,1812
00758600,REMINGTON COLLEGE - TAMPA CAMPUS        ,FL,33612-8410,Private      ,52,268,320,223,1059,1282
00787000,HILLSBOROUGH COMMUNITY COLLEGE          ,FL,33606-3572,Public       ,3727,5672,9399,16987,23394,40381
00789300,FLAGLER COLLEGE                         ,FL,32085-1027,Private      ,421,190,611,4950,1036,5986
00789301,FLAGLER COLLEGE - TALLAHASSEE COMMUNITY ,FL,32304-2895,Private      ,95,206,301,538,976,1514
00807500,ST JOHN VIANNEY COLLEGE SEMINARY        ,FL,33165-3244,Private      ,14,12,26,40,31,71
00814600,EVEREST UNIVERSITY - POMPANO BEACH      ,FL,33062-2522,Proprietary  ,130,865,995,472,4389,4861
00822300,ST VINCENT DE PAUL REGIONL SEMINARY     ,FL,33436-0000,Private      ,2,11,13,8,33,41
00841700,STENOTYPE INST OF JACKSONVILLE          ,FL,32207-0000,Proprietary  ,21,201,222,62,536,598
00869410,RASMUSSEN COLLEGE - OCALA               ,FL,34471-7051,Proprietary  ,185,1295,1480,749,5777,6526
00869411,RASMUSSEN COLLEGE - NEW PORT RICHEY     ,FL,34690-4554,Proprietary  ,42,252,294,267,1393,1660
00869413,RASMUSSEN COLLEGE - FORT MYERS          ,FL,33905-7805,Proprietary  ,76,385,461,401,1665,2066
00869420,RASMUSSEN COLLEGE - TAMPA               ,FL,33610-9558,Proprietary  ,42,235,277,205,844,1049
00869422,RASMUSSEN COLLEGE - PASCO               ,FL,33558-0000,Proprietary  ,16,103,119,59,357,416
00884800,WARNER UNIVERSITY                       ,FL,33859-8725,Private      ,152,318,470,698,848,1546
00884900,PALM BEACH ATLANTIC UNIVERSITY          ,FL,33401-6505,Private      ,379,633,1012,3730,2982,6712
00887800,MIAMI INTERNATIONAL UNIV ART&DESIGN     ,FL,33132-1418,Proprietary  ,607,703,1310,3296,3012,6308
00910400,RIVERSIDE HAIRSTYLING ACADEMY           ,FL,32207-3810,Proprietary  ,2,37,39,25,112,137
00963500,FLORIDA INTERNATIONAL UNIVERSITY        ,FL,33199-0001,Public       ,4227,5323,9550,40284,32856,73140
00984100,UNIVERSITY OF NORTH FLORIDA             ,FL,32224-2645,Public       ,1918,2020,3938,18047,11126,29173
00990200,SHERIDAN TECHNICAL CENTER               ,FL,33021-3399,Public       ,194,810,1004,617,2195,2812
01016100,"LORAINE'S ACADEMY, INC                  ",FL,33710-0000,Proprietary  ,25,103,128,56,255,311
01019500,ART INSTITUTE OF FT LAUDERDALE          ,FL,33316-3000,Proprietary  ,384,533,917,2196,2344,4540
01065200,PASCO-HERNANDO COMMUNITY CLG            ,FL,34654-5199,Public       ,1289,2067,3356,5218,7839,13057
01072401,CARLOS ALBIZU UNIVERSITY                ,FL,33172-0000,Private      ,29,349,378,135,1284,1419
01082600,TOM P. HANEY TECHNICAL CENTER           ,FL,32405-5099,Public       ,82,435,517,306,1252,1558
01112700,GOODING INST OF NUR ANES BAY MED CT     ,FL,32401-0000,Public       ,1,50,51,18,164,182
01226300,ATLANTIC TECHNICAL CENTER               ,FL,33063-3902,Public       ,165,552,717,513,1704,2217
01254400,FIRST COAST TECHNICAL COLLEGE           ,FL,32084-1921,Public       ,131,347,478,374,1067,1441
01257400,RINGLING SCHOOL OF ART AND DESIGN       ,FL,34234-5895,Private      ,153,82,235,2248,511,2759
01303904,SOUTH UNIVERSITY - WEST PALM BEACH CAMPU,FL,33409-5149,Proprietary  ,117,565,682,529,1987,2516
01323400,LORENZO WALKER INST OF TECHNOLOGY       ,FL,34104-4405,Public       ,72,216,288,282,755,1037
02089600,CONCORDE CAREER INSTITUTE               ,FL,32211-0000,Proprietary  ,104,456,560,302,1529,1831
02106602,AMERICAN INSTITUTE - AMERICAN INSTITUTE ,FL,34747-5161,Proprietary  ,7,100,107,19,295,314
02113609,AMERICAN INTERCONTINENTAL UNIV - WESTON ,FL,33326-3233,Proprietary  ,23,181,204,238,960,1198
02115300,PINELLAS TECHNICAL EDUCATION CENTERS - S,FL,33711-0000,Public       ,128,669,797,423,2012,2435
02116006,SANFORD-BROWN INSTITUTE - FT. LAUDERDALE,FL,33309-1906,Proprietary  ,47,196,243,185,824,1009
02121800,EVEREST INSTITUTE                       ,FL,33169-4759,Proprietary  ,81,333,414,334,1231,1565
02121801,EVEREST INSTITUTE  - HIALEAH            ,FL,33012-7193,Proprietary  ,22,75,97,86,249,335
02148200,FASHION FOCUS HAIR ACADEMY              ,FL,34231-0000,Proprietary  ,15,54,69,42,139,181
02148300,MANHATTAN BEAUTY SCHOOL                 ,FL,33611-0000,Proprietary  ,65,280,345,146,531,677
02149900,PAUL MITCHELL THE SCHOOL-JACKSONVILLE   ,FL,32205-0000,Proprietary  ,81,185,266,259,589,848
02151900,KEISER  UNIVERSITY                      ,FL,33309-0000,Private      ,1408,6094,7502,4459,18931,23390
02156700,FLORIDA CHRISTIAN COLLEGE               ,FL,34744-0000,Private      ,77,87,164,501,353,854
02159600,BAPTIST COLLEGE OF FLORIDA (THE)        ,FL,32440-0000,Private      ,101,98,199,375,329,704
02172700,CONCORDE CAREER INSTITUTE               ,FL,33607-0000,Proprietary  ,81,304,385,238,944,1182
02188900,HOBE SOUND BIBLE COLLEGE                ,FL,33475-0000,Private      ,34,30,64,70,93,163
02200100,BRADENTON BEAUTY & BARBER ACADEMY       ,FL,34209-0000,Proprietary  ,28,54,82,75,197,272
02215900,ATI CAREER TRAINING CENTER              ,FL,33309-1785,Proprietary  ,26,161,187,117,538,655
02218700,FLORIDA TECHNICAL COLLEGE               ,FL,32826-2707,Proprietary  ,303,1259,1562,934,3444,4378
02218707,FLORIDA TECHNICAL COLLEGE - LAKELAND    ,FL,33813-2101,Proprietary  ,30,189,219,132,591,723
02218709,FLORIDA TECHNICAL COLLEGE - DELAND      ,FL,32720-7415,Proprietary  ,54,345,399,188,939,1127
02228300,LAKE TECHNICAL CENTER                   ,FL,32726-0000,Public       ,122,397,519,430,1351,1781
02245500,FORTIS COLLEGE                          ,FL,32789-4679,Proprietary  ,43,263,306,124,898,1022
02257900,INTERNATIONAL ACADEMY                   ,FL,32119-3541,Proprietary  ,29,121,150,92,301,393
02275100,CONCORDE CAREER INSTITUTE               ,FL,33025-0000,Proprietary  ,44,176,220,149,592,741
02278800,SOUTHWEST FLORIDA COLLEGE               ,FL,33907-0000,Proprietary  ,135,578,713,529,1952,2481
02278801,SOUTHWEST FLORIDA COLLEGE - TAMPA       ,FL,33619-1344,Proprietary  ,100,310,410,456,1037,1493
02278802,SOUTHWEST FLORIDA COLLEGE - INSTITUTUE O,FL,33928-9469,Proprietary  ,10,45,55,35,103,138
02278803,SOUTHWEST FLORIDA COLLEGE - PORT CHARLOT,FL,33953-3100,Proprietary  ,34,229,263,174,740,914
02279600,CORTIVA INSTITUTE - FLORIDA             ,FL,33781-0000,Proprietary  ,16,58,74,45,151,196
02280800,NEW ENGLAND INST TECH-PALM BEACH        ,FL,33407-0000,Proprietary  ,155,310,465,370,1031,1401
02283800,BEAUTY SCHOOLS OF AMERICA               ,FL,33012-3322,Proprietary  ,246,1071,1317,425,2126,2551
02286502,ITT TECHNICAL INSTITUTE                 ,FL,32244-6630,Proprietary  ,0,0,0,0,1,1
02287100,LA BELLE BEAUTY SCHOOL                  ,FL,33012-3224,Proprietary  ,21,96,117,40,163,203
02293200,ATI CAREER TRAINING CENTER              ,FL,33309-5916,Proprietary  ,63,191,254,172,746,918
02293201,ATI CAREER TRAINING CENTER - MIAMI      ,FL,33122-1707,Proprietary  ,48,183,231,168,565,733
02293202,ATI CAREER TAINING CENTER - ATI COLLEGE ,FL,87109-2016,Proprietary  ,48,211,259,221,871,1092
02293600,ADVANCED TECHNICAL CENTERS              ,FL,33266-1597,Private      ,4,45,49,45,121,166
02297000,CHARLOTTE TECHNICAL CENTER              ,FL,33948-0000,Public       ,54,197,251,233,702,935
02300900,WITHLACOOCHEE TECHNICAL INSTITUTE       ,FL,34450-0000,Public       ,72,193,265,219,726,945
02305700,FORTIS COLLEGE                          ,FL,33619-1283,Proprietary  ,25,163,188,128,675,803
02305800,FLORIDA CAREER COLLEGE                  ,FL,33012-7028,Proprietary  ,531,1667,2198,1456,5111,6567
02305810,FLORIDA CAREER COLLEGE - CLEARWATER     ,FL,33759-3924,Proprietary  ,40,174,214,121,497,618
02307400,GEORGE STONE AREA VOCATIONAL TECHNICAL  ,FL,32526-0000,Public       ,129,447,576,362,1432,1794
02314100,SCHILLER INTERNATIONAL UNIVERSITY       ,FL,33770-0000,Proprietary  ,10,91,101,55,299,354
02316200,MIAMI LAKES TECHNICAL EDUCATION CTR     ,FL,33014-0000,Public       ,114,490,604,362,1299,1661
02321200,ORANGE TECH EDUC CTR- WESTSIDE TECH     ,FL,34787-0000,Public       ,79,271,350,250,802,1052
02325100,KEY COLLEGE                             ,FL,33004-3046,Proprietary  ,1,15,16,19,93,112
02326303,MEDVANCE INSTITUTE - WEST PALM          ,FL,33461-2171,Proprietary  ,46,181,227,202,614,816
02326306,MEDVANCE INSTITUTE - MIAMI              ,FL,33173-3431,Proprietary  ,20,77,97,92,328,420
02326800,MERIDIAN COLLEGE                        ,FL,34240-8478,Proprietary  ,14,107,121,47,296,343
02326801,MERIDIAN CAREER INSTITUTE -             ,FL,33619-1378,Proprietary  ,0,0,0,14,38,52
02326900,SUNSTATE ACADEMY OF HAIR DESIGN         ,FL,33907-1415,Proprietary  ,48,136,184,176,469,645
02329900,FLORIDA INSTITUTE OF ULTRASOUND         ,FL,32514-0000,Proprietary  ,33,141,174,137,501,638
02338400,FT PIERCE BEAUTY ACADEMY                ,FL,34982-0000,Proprietary  ,23,117,140,65,261,326
02346200,WYOTECH                                 ,FL,32174-1010,Proprietary  ,90,285,375,550,1103,1653
02362100,FULL SAIL UNIVERSITY                    ,FL,32792-0000,Proprietary  ,3115,7305,10420,15323,26488,41811
02499000,ACADEMY OF COSMETOLOGY                  ,FL,32953-3311,Proprietary  ,28,90,118,62,228,290
02501500,"O*TEC, MID-FLORIDA TECH                 ",FL,32809-0000,Public       ,187,640,827,594,1699,2293
02502702,ADVANCED CAREER TRAINING-JACKSONVIL     ,FL,32256-0000,Proprietary  ,42,186,228,73,314,387
02504600,WINTER PARK TECH                        ,FL,32789-0000,Public       ,50,244,294,157,722,879
02508900,TALMUDIC COLLEGE OF FLORIDA             ,FL,33139-0000,Private      ,15,5,20,47,29,76
02511700,RIDGE TECHNICAL CENTER                  ,FL,33881-0000,Public       ,106,393,499,361,1194,1555
02513200,ORLANDO TECHNICAL CENTER                ,FL,32801-0000,Public       ,160,583,743,591,1780,2371
02515400,CITY COLLEGE                            ,FL,33309-3073,Private      ,114,583,697,449,2291,2740
02517100,SARASOTA SCHOOL OF MASSAGE THERAPY      ,FL,34243-6130,Proprietary  ,12,55,67,37,150,187
02524000,SUNSTATE ACADEMY OF HAIR DESIGN         ,FL,34624-0000,Proprietary  ,36,116,152,82,245,327
02524200,ROBERT MORGAN EDUCATIONAL CENTER        ,FL,33177-0000,Public       ,139,431,570,417,1055,1472
02547600,FLORIDA NATIONAL COLLEGE                ,FL,33012-0000,Proprietary  ,220,753,973,695,2502,3197
02554200,RADFORD LOCKLIN TECH CENTER             ,FL,32570-0000,Public       ,29,108,137,97,349,446
02573200,LA BELLE BEAUTY ACADEMY                 ,FL,33135-0000,Proprietary  ,37,128,165,94,346,440
02597100,HERITAGE INSTITUTE                      ,FL,33912-7132,Proprietary  ,105,330,435,324,939,1263
02598200,SOUTHERN CAREER COLLEGE                 ,FL,32211-0000,Proprietary  ,17,124,141,64,375,439
02599800,EVEREST UNIVERSITY                      ,FL,33770-2556,Proprietary  ,44,235,279,123,924,1047
02599801,EVEREST UNIVERSITY - TAMPA LAKELAND CAMP,FL,33801-3801,Proprietary  ,58,344,402,186,1261,1447
02599805,EVEREST UNIVERSITY - JACKSONVILLE       ,FL,32256-0000,Proprietary  ,81,535,616,330,2067,2397
02601600,HENRY W BREWSTER TECHNICAL CENTER       ,FL,33602-0000,Public       ,70,258,328,200,789,989
02612700,"SALON PROFESSIONAL ACADEMY - MELBOURNE, ",FL,32904-3919,Proprietary  ,23,78,101,84,211,295
02616400,SANFORD-BROWN INSTITUTE                 ,FL,32256-3520,Proprietary  ,46,259,305,237,1330,1567
02616401,SANFORD-BROWN INSTITUTE - TAMPA         ,FL,33610-8304,Proprietary  ,48,218,266,187,812,999
03003200,EVEREST INSTITUTE                       ,FL,33186-1410,Proprietary  ,81,248,329,294,898,1192
03003201,EVEREST INSTITUTE - FT. LAUDERDALE      ,FL,33304-2522,Proprietary  ,0,0,0,56,258,314
03003600,MCFATTER TECHNICAL CENTER               ,FL,33317-7499,Public       ,139,473,612,486,1439,1925
03006801,PENNSYLVANIA CULINARY INSTITUTE - LE COR,FL,33025-3929,Proprietary  ,77,295,372,281,1155,1436
03008600,FLORIDA COLLEGE OF NATURAL HEALTH       ,FL,33064-1342,Proprietary  ,98,362,460,230,843,1073
03010608,VIRGINIA COLLEGE - PENSACOLA            ,FL,32501-5650,Proprietary  ,61,341,402,183,1271,1454
03010612,VIRGINIA COLLEGE - GOLF ACADEMY OF AMERI,FL,32701-0000,Proprietary  ,16,56,72,110,237,347
03010618,VIRGINIA COLLEGE - JACKSONVILLE         ,FL,32207-5167,Proprietary  ,46,270,316,181,903,1084
03012300,ASM BEAUTY WORLD ACADEMY                ,FL,33021-0000,Proprietary  ,12,82,94,34,168,202
03018500,BENE'S INTERNATIONAL SCHOOL OF BEAUTY   ,FL,34652-1637,Proprietary  ,24,110,134,90,316,406
03028200,TRINITY COLLEGE OF FLORIDA              ,FL,34655-4401,Private      ,39,62,101,163,186,349
03031400,INTERNATIONAL ACADEMY OF DESIGN AND TECH,FL,33634-6313,Proprietary  ,277,911,1188,1304,4328,5632
03031402,INTERNATIONAL ACADEMY OF DESIGN AND TECH,FL,32809-4613,Proprietary  ,81,186,267,577,960,1537
03031403,IADT - ORLANDO CULINARY ACADEMY         ,FL,32819-0000,Proprietary  ,63,146,209,340,671,1011
03035800,HERITAGE INSTITUTE                      ,FL,32216-0948,Proprietary  ,38,199,237,101,594,695
03035900,NATIONAL AVIATION ACADEMY               ,FL,33760-3931,Proprietary  ,80,181,261,322,837,1159
03037500,HODGES UNIVERSITY                       ,FL,34119-7932,Private      ,186,942,1128,661,3776,4437
03054200,FORTIS COLLEGE                          ,FL,33144-2373,Proprietary  ,58,119,177,189,330,519
03071600,COLLEGE OF BUSINESS & TECHNOLOGY        ,FL,33176-0000,Proprietary  ,86,485,571,320,1296,1616
03076402,BRYMAN SCHOOL OF ARIZONA (THE) - ANTHEM ,FL,32803-3509,Proprietary  ,20,62,82,60,196,256
03079800,GEORGE T BAKER AVIATION                 ,FL,33142-5687,Public       ,129,182,311,376,550,926
03079900,CITY COLLEGE                            ,FL,32707-0000,Private      ,35,150,185,77,464,541
03089200,NOUVELLE INSTITUTE                      ,FL,33125-4141,Proprietary  ,22,211,233,39,302,341
03096300,FORTIS INSTITUTE                        ,FL,33860-0000,Proprietary  ,13,53,66,28,153,181
03100800,TAYLOR TECHNICAL INSTITUTE              ,FL,32348-0894,Public       ,18,105,123,48,219,267
03101900,TRINITY BAPTIST COLLEGE                 ,FL,32221-1398,Private      ,61,76,137,276,265,541
03103900,MARION COUNTY COMMUNITY TECH & ADUL     ,FL,34474-3172,Public       ,79,363,442,355,1451,1806
03108500,EVERGLADES UNIVERSITY                   ,FL,33431-0000,Private      ,45,549,594,209,1594,1803
03108600,COM-PU-MED VOCATIONAL CAREERS           ,FL,33012-4861,Proprietary  ,14,91,105,39,253,292
03113400,ACADEMY OF HEALING ARTS                 ,FL,33463-2113,Proprietary  ,12,53,65,34,160,194
03114700,PRAXIS INSTITUTE                        ,FL,33135-2657,Proprietary  ,10,111,121,26,223,249
03115500,FLORIDA HOSPITAL COLG OF HEALTH SCI     ,FL,32803-1237,Private      ,299,966,1265,1788,3807,5595
03123900,KEISER CAREER COLLEGE                   ,FL,33413-0000,Proprietary  ,115,454,569,355,1460,1815
03125600,MIAMI AD SCHOOL                         ,FL,33139-5203,Proprietary  ,22,115,137,86,389,475
03127900,TECHNICAL EDUCATION CTR OSCEOLA         ,FL,34744-4459,Public       ,109,402,511,382,1147,1529
03158300,LEE COUNTY HIGH TECH CENTER NORTH       ,FL,33993-2479,Public       ,73,226,299,191,583,774
03171300,UNIVERSITY OF ST. AUGUSTINE FOR HEALTH S,FL,32084-4215,Proprietary  ,15,271,286,113,1431,1544
03178400,CORAL RIDGE NURSES ASST TRAINING        ,FL,33306-0000,Proprietary  ,4,39,43,27,116,143
03224300,NEW PROFESSIONS TECHNICAL INSTITUTE     ,FL,33134-1640,Proprietary  ,27,231,258,65,515,580
03230300,CHOICE HIGH SCHOOL AND TECHNICAL CENTER ,FL,32547-1299,Public       ,39,226,265,111,610,721
03238300,FLORIDA COLLEGE OF INTEGRATIVE MED      ,FL,32809-5721,Proprietary  ,21,120,141,139,465,604
03255300,FLORIDA GULF COAST UNIVERSITY           ,FL,33965-6565,Public       ,1634,1036,2670,16638,6182,22820
03256300,YESHIVA GEDOLAH RABBINICAL COLLEGE      ,FL,33139-4708,Private      ,6,4,10,16,13,29
03264300,SOUTH FLORIDA BIBLE COLLEGE AND THEOLOGI,FL,33441-5768,Private      ,6,36,42,16,98,114
03346300,ACAD FOR PRAC NURSING & HEALTH OCCP     ,FL,33417-4574,Private      ,66,302,368,250,1092,1342
03348400,PROFESSIONAL TRAINING CENTERS           ,FL,33184-0000,Proprietary  ,29,119,148,107,510,617
03373300,BEACON COLLEGE                          ,FL,34748-5224,Private      ,25,23,48,190,113,303
03374300,FLORIDA COASTAL SCHOOL OF LAW           ,FL,32256-0000,Proprietary  ,16,371,387,79,3254,3333
03382300,BRADFORD-UNION AREA CAREERTECHNICAL CENT,FL,32091-2434,Public       ,14,96,110,58,316,374
03390300,LINCOLN TECHNICAL INSTITUTE             ,FL,32730-2351,Proprietary  ,42,109,151,131,581,712
03411400,INTERNATIONAL TRAINING CAREERS          ,FL,33155-1462,Private      ,18,145,163,48,292,340
03414500,ACUPUNCTURE AND MASSAGE COLLEGE         ,FL,33176-1509,Proprietary  ,25,96,121,84,381,465
03425400,CENTRAL FLORIDA INSTITUTE               ,FL,34684-4436,Proprietary  ,54,197,251,155,627,782
03429600,ATLANTIC INST OF ORIENTAL MEDICINE      ,FL,33316-0000,Private      ,7,58,65,25,211,236
03429700,EAST WEST COLLG OF NATURAL MEDICINE     ,FL,34236-4959,Proprietary  ,8,72,80,28,219,247
03433400,NEW CONCEPT MASSAGE AND BEAUTY SCHO     ,FL,33135-0000,Proprietary  ,7,35,42,19,97,116
03434300,FORTIS COLLEGE                          ,FL,32073-2999,Proprietary  ,38,181,219,154,655,809
03480301,MEDVANCE INSTITUTE - FORT LAUDERDALE    ,FL,33313-7261,Proprietary  ,29,119,148,70,300,370
03480302,MEDVANCE INSTITUTE - STUART             ,FL,34994-3000,Proprietary  ,36,182,218,136,609,745
03491400,AMERICAN ADVANCED TECHNICIANS INST      ,FL,33014-4430,Proprietary  ,19,101,120,37,165,202
03549300,ULTIMATE MEDICAL ACADEMY                ,FL,33756-5802,Proprietary  ,482,5240,5722,1079,13092,14171
03553300,KEISER CAREER COLLEGE                   ,FL,32216-0000,Proprietary  ,108,404,512,372,1407,1779
03557300,NORTH FLORIDA COSMETOLOGY INSTITUTE     ,FL,32312-0000,Proprietary  ,33,129,162,130,480,610
03564300,"INTERNATIONAL SCHOOL OF HEALTH, BEAUTY &",FL,33311-1141,Proprietary  ,12,98,110,42,273,315
03570400,ENGLISH CENTER (THE)                    ,FL,33133-2703,Public       ,13,153,166,33,338,371
03595400,ANGLEY COLLEGE                          ,FL,32720-4257,Proprietary  ,0,0,0,1,4,5
03611400,FLORIDA BARBER ACADEMY                  ,FL,33441-0000,Proprietary  ,19,140,159,44,353,397
03618300,FLORIDA INSTITUTE OF ANIMAL ARTS        ,FL,32792-1740,Proprietary  ,44,116,160,160,264,424
03627400,JACKSONVILLE BEAUTY INSTITUTE           ,FL,32208-1885,Proprietary  ,22,115,137,85,316,401
03627600,FLORIDA EDUCATION INSTITUTE             ,FL,33144-5036,Proprietary  ,20,94,114,62,306,368
03661400,SOUTH FLORIDA INSTITUTE OF TECHNOLO     ,FL,33135-0000,Proprietary  ,56,482,538,150,844,994
03691400,AVE MARIA SCHOOL OF LAW                 ,FL,34119-1376,Private      ,4,74,78,66,794,860
03696400,SABER                                   ,FL,33134-1604,Private      ,18,143,161,51,502,553
03706300,AMERICAN INSTITUTE                      ,FL,33319-0000,Proprietary  ,26,93,119,63,226,289
03757300,ADVANCE SCIENCE INSTITUTE               ,FL,33012-0000,Proprietary  ,10,36,46,29,63,92
03801400,BEAUTY INSTITUTE (THE)                  ,FL,33409-2972,Proprietary  ,23,64,87,73,205,278
03801401,BEAUTY INSTITUTE (THE) - MARGATE        ,FL,33068-5704,Proprietary  ,8,24,32,30,82,112
03816300,ARTISTIC NAILS & BEAUTY ACADEMY         ,FL,33605-5919,Proprietary  ,68,242,310,145,456,601
03823300,FLORIDA ACADEMY OF HEALTH & BEAUTY      ,FL,33311-0000,Proprietary  ,6,11,17,17,51,68
03832300,DADE MEDICAL COLLEGE                    ,FL,33126-5534,Proprietary  ,186,818,1004,784,3038,3822
03842500,CAMBRIDGE INSTITUTE OF ALLIED HEALTH    ,FL,32750-0000,Proprietary  ,20,83,103,64,268,332
03856300,UNIVERSAL BEAUTY SCHOOL                 ,FL,33174-4406,Proprietary  ,11,56,67,28,129,157
03856500,FLORIDA SCHOOL OF TRADITIONAL MIDWIFERY ,FL,32601-5507,Private      ,3,28,31,21,151,172
03875300,MCI INSTITUTE OF TECHNOLOGY             ,FL,33409-4937,Proprietary  ,53,187,240,117,423,540
03888300,DRAGON RISES COLLEGE OF ORIENTAL MEDICIN,FL,32601-5089,Proprietary  ,2,24,26,6,95,101
03903500,SOUTHERN TECHNICAL COLLEGE              ,FL,32809-0000,Proprietary  ,88,489,577,328,1730,2058
03911300,TOTAL INTERNATIONAL CAREER INSTITUTE    ,FL,33012-0000,Proprietary  ,7,147,154,14,155,169
03939300,WOLFORD COLLEGE                         ,FL,34108-1931,Proprietary  ,5,156,161,36,310,346
03939400,CENTURA INSTITUTE                       ,FL,32807-3566,Proprietary  ,30,184,214,114,555,669
03939600,DAYTONA COLLEGE                         ,FL,32174-8445,Proprietary  ,27,146,173,127,463,590
03941300,AVE MARIA UNIVERSITY                    ,FL,34142-9505,Private      ,139,56,195,1139,230,1369
03957400,NEW COLLEGE OF FLORIDA                  ,FL,34243-2109,Public       ,173,126,299,1931,510,2441
03985300,COMMERCIAL DIVING ACADEMY               ,FL,32208-0000,Proprietary  ,99,279,378,337,927,1264
03986300,AVIATOR COLLEGE OF AERONAUTICAL SCIENCE ,FL,34946-9022,Proprietary  ,11,63,74,86,191,277
04016500,AMERICAN INSTITUTE OF BEAUTY            ,FL,33773-0000,Proprietary  ,30,130,160,90,335,425
04029300,TRENDSETTERS OF FLORIDA SCHOOL OF BEAUTY,FL,32205-4737,Proprietary  ,7,46,53,30,148,178
04038302,ATA COLLEGE-ATA CAREER EDUCATION        ,FL,34606-4300,Proprietary  ,33,105,138,58,224,282
04038303,ATA COLLEGE - ATA CAREER EDUCATION      ,FL,33773-3434,Proprietary  ,4,11,15,23,111,134
04083400,CAMBRIDGE INSTITUTE OF ALLIED HEALTH & T,FL,33484-6543,Proprietary  ,25,95,120,64,288,352
04105400,PENSACOLA SCHOOL OF MASSAGE THERAPY & HE,FL,32504-7337,Proprietary  ,15,98,113,62,351,413
04106300,PALM BEACH ACADEMY OF HEALTH & BEAUTY   ,FL,33403-2130,Proprietary  ,11,47,58,36,127,163
04116400,FUTURE-TECH INSTITUTE                   ,FL,33135-4142,Proprietary  ,2,48,50,30,98,128
04116600,TAYLOR COLLEGE                          ,FL,34420-8714,Proprietary  ,25,190,215,97,710,807
04119400,AVEDA INSTITUTE - SAINT PETERSBURG      ,FL,33701-4242,Proprietary  ,125,261,386,499,892,1391
04120400,HI-TECH SCHOOL OF COSMETOLOGY           ,FL,33174-0000,Proprietary  ,41,61,102,90,150,240
04126900,ACADEMY OF CAREER TRAINING              ,FL,34741-4644,Proprietary  ,52,180,232,155,460,615
04127400,DIGITAL MEDIA ARTS COLLEGE              ,FL,33431-5919,Proprietary  ,65,63,128,358,287,645
04128400,MANAGEMENT RESOURCES INSTITUTE          ,FL,33126-5473,Proprietary  ,14,285,299,48,779,827
04129900,FLORIDA SCHOOL OF MASSAGE               ,FL,32608-5419,Proprietary  ,30,71,101,85,278,363
04130400,SHEAR EXCELLENCE INTERNATIONAL HAIR ACAD,FL,33614-2783,Proprietary  ,22,84,106,49,159,208
04131900,FASTTRAIN OF MIAMI                      ,FL,33134-1065,Proprietary  ,0,3,3,58,174,232
04132000,FASTTRAIN OF FORT LAUDERDALE            ,FL,33317-3127,Proprietary  ,0,3,3,21,121,142
04132100,FASTTRAIN OF TAMPA                      ,FL,33607-4153,Proprietary  ,0,2,2,21,150,171
04132200,FASTTRAIN OF JACKSONVILLE               ,FL,32256-4849,Proprietary  ,0,4,4,15,130,145
04133500,ACADEMY FOR FIVE ELEMENT ACUPUNCTURE    ,FL,32601-6811,Private      ,10,32,42,27,136,163
04133900,FUTURA CAREER INSTITUTE                 ,FL,33012-3325,Proprietary  ,7,51,58,13,64,77
04134800,AVEDA INSTITUTE - TALLAHASSEE           ,FL,32304-3186,Proprietary  ,73,134,207,332,570,902
04134900,ORANGE PARK BEAUTY ACADEMY              ,FL,32073-5524,Proprietary  ,6,35,41,17,86,103
04135000,COZMO THE SCHOOL                        ,FL,34135-4810,Proprietary  ,11,28,39,19,68,87
04135900,ALLIED HEALTH INSTITUTE                 ,FL,33068-0000,Proprietary  ,21,260,281,78,971,1049
04140800,NORTH FLORIDA ACADEMY                   ,FL,32065-7758,Proprietary  ,10,24,34,28,57,85
04143000,VOCATIONAL INSTITUTE OF FLORIDA         ,FL,33135-1939,Proprietary  ,11,93,104,37,186,223
04143100,PROFESSIONAL HANDS INSTITUTE            ,FL,33135-1939,Proprietary  ,3,24,27,12,60,72
04145900,CELEBRITY SCHOOL OF BEAUTY              ,FL,33144-4153,Proprietary  ,24,84,108,89,207,296
04146200,WALTON CAREER DEVELOPMENT CENTER        ,FL,32433-1557,Public       ,10,74,84,57,268,325
04146300,MARCHMAN TECHNICAL EDUCATION CENTER     ,FL,34653-1211,Public       ,58,124,182,166,378,544
04147800,ROSE TRAINING INSTITUTE                 ,FL,33881-4094,Proprietary  ,0,0,0,13,62,75
04148500,MEDICAL INSTITUTE OF PALM BEACH         ,FL,33460-5042,Proprietary  ,38,127,165,82,246,328
04150800,IMMOKALEE TECHNICAL CENTER              ,FL,34142-3146,Public       ,43,76,119,129,203,332
04151500,AMERICAN ACADEMY OF COSMETOLOGY         ,FL,32065-8026,Proprietary  ,15,61,76,37,122,159
04156300,UNIVERSITY OF FORT LAUDERDALE           ,FL,33313-5809,Private      ,7,59,66,62,155,217
04156400,AVIATION INSTITUTE OF MAINTENANCE       ,FL,32803-6487,Proprietary  ,75,176,251,223,542,765
04157100,AEROSIM FLIGHT ACADEMY                  ,FL,32773-9683,Proprietary  ,19,67,86,95,206,301
04158300,FLAGLER TECHNICAL INSTITUTE             ,FL,32137-4714,Public       ,26,114,140,86,386,472
04162000,JOSE MARIA VARGAS UNIVERSITY            ,FL,33025-4534,Proprietary  ,5,39,44,29,130,159
04162500,HOLLYWOOD INSTITUTE OF BEAUTY CAREERS   ,FL,33020-4807,Proprietary  ,30,217,247,56,393,449
04163000,SALON PROFESSIONAL ACADEMY (THE)        ,FL,33624-6321,Proprietary  ,29,82,111,89,229,318
04163100,SALON PROFESSIONAL ACADEMY (THE)        ,FL,32607-1672,Proprietary  ,26,61,87,89,207,296
04163200,SALON PROFESSIONAL ACADEMY (THE)        ,FL,32162-9311,Proprietary  ,17,43,60,60,168,228
04164500,EUREKA INSTITUTE OF HEALTH AND BEAUTY   ,FL,33174-4205,Proprietary  ,9,45,54,24,94,118
04164600,D. A. DORSEY EDUCATIONAL CENTER         ,FL,33147-6304,Public       ,10,86,96,40,223,263
04167300,SALON PROFESSIONAL ACADEMY (THE)        ,FL,33904-4824,Proprietary  ,14,53,67,58,139,197
04170300,BEAUTY ACADEMY OF SOUTH FLORIDA         ,FL,33012-3221,Proprietary  ,18,86,104,33,122,155
04172300,ETERNITY COSMETOLOGY SCHOOL             ,FL,33415-5719,Proprietary  ,16,83,99,38,201,239
04173600,NOTTER SCHOOL OF PASTRY ARTS            ,FL,32809-7755,Proprietary  ,20,75,95,99,235,334
04176800,PROGRESSIVE TRAINING CENTERS            ,FL,33060-9238,Proprietary  ,2,29,31,7,77,84
04176900,AMERICAN HEALTH INSTITUTE               ,FL,34654-3743,Proprietary  ,13,70,83,41,168,209
04182500,MILLENNIA ATLANTIC UNIVERSITY           ,FL,33178-2369,Proprietary  ,5,24,29,28,60,88
04188300,FLORIDA ACADEMY                         ,FL,33966-1155,Proprietary  ,21,99,120,86,303,389
04192100,AMERICAN MEDICAL ACADEMY                ,FL,33186-4830,Proprietary  ,39,79,118,119,224,343
04195100,AMBIANCE BEAUTY & BARBER ACADEMY        ,FL,32935-8771,Proprietary  ,6,52,58,25,105,130
04197600,"FLORIDA INSTITUTE OF RECORDING, SOUND AN",FL,32804-3309,Proprietary  ,53,113,166,162,300,462
04206300,FLORIDA VOCATIONAL INSTITUTE            ,FL,33155-3762,Proprietary  ,12,118,130,13,122,135
04207900,SAE INSTITUTE OF TECHNOLOGY - MIAMI     ,FL,33160-4307,Proprietary  ,47,88,135,67,129,196
00160500,CHAMINADE UNIV OF HONOLULU              ,HI,96816-1578,Private      ,195,374,569,2378,2180,4558
00160600,BRIGHAM YOUNG UNIV-HAWAII CAMPUS        ,HI,96762-1294,Private      ,308,234,542,2228,1063,3291
00161000,UNIVERSITY OF HAWAII AT MANOA           ,HI,96822-2399,Public       ,781,1101,1882,14898,10082,24980
00161100,UNIVERSITY OF HAWAII AT HILO            ,HI,96720-4091,Public       ,215,370,585,3969,3168,7137
00161200,HONOLULU COMMUNITY COLLEGE              ,HI,96817-4598,Public       ,338,588,926,2682,3150,5832
00161300,KAPIOLANI COMMUNITY COLLEGE             ,HI,96816-4421,Public       ,345,635,980,3794,4000,7794
00161400,KAUAI COMMUNITY COLLEGE                 ,HI,96766-9591,Public       ,113,173,286,615,824,1439
00161500,UNIVERSITY OF HAWAII MAUI COLLEGE       ,HI,96732-1644,Public       ,230,580,810,1743,3266,5009
00454900,LEEWARD COMMUNITY COLLEGE               ,HI,96782-3393,Public       ,462,723,1185,2978,3523,6501
00525800,HAWAII COMMUNITY COLLEGE                ,HI,96720-4075,Public       ,230,478,708,1918,2909,4827
00723401,HEALD COLLEGE - HONOLULU                ,HI,96814-0000,Proprietary  ,239,586,825,918,2022,2940
00727900,HAWAII PACIFIC UNIVERSITY               ,HI,96813-2882,Private      ,347,752,1099,5657,4218,9875
01122000,WINDWARD COMMUNITY COLLEGE              ,HI,96744-0000,Public       ,157,291,448,1075,1563,2638
02100300,MED-ASSIST SCHOOL OF HAWAII             ,HI,96813-0000,Proprietary  ,21,68,89,134,274,408
02107800,UNIVERSITY OF HAWAII - WEST OAHU        ,HI,96782-0000,Public       ,162,381,543,2006,2225,4231
02139500,HAWAII INSTITUTE OF HAIR DESIGN         ,HI,96817-5195,Proprietary  ,21,59,80,113,221,334
02159701,NEW HOPE CHRISTIAN COLLEGE - HAWAII     ,HI,96819-2228,Private      ,17,57,74,142,203,345
03017800,TRAVEL INSTITUTE OF THE PACIFIC         ,HI,96814-1946,Proprietary  ,17,56,73,72,194,266
03072500,WORLD MEDICINE INSTITUTE                ,HI,96826-0000,Private      ,9,42,51,56,146,202
03649300,HAWAII TECHNOLOGY INSTITUTE             ,HI,96813-3036,Private      ,3,9,12,115,196,311
03735300,INST OF CLINICAL ACUPUNCTURE & ORIENT MD,HI,96813-2307,Proprietary  ,2,26,28,12,98,110
03999400,TRADITIONAL CHINESE MEDICAL COLLEGE OF H,HI,96743-8324,Private      ,0,11,11,3,55,58
04165200,MAUNA LOA HELICOPTERS                   ,HI,96740-2650,Proprietary  ,5,22,27,21,67,88
04169600,HEISEI INTERNATIONAL INSTITUTE OF MASSAG,HI,96814-2254,Proprietary  ,0,0,0,5,16,21
04175100,PAUL MITCHELL THE SCHOOL HONOLULU       ,HI,96816-2433,Proprietary  ,24,64,88,148,225,373
04182200,HAWAII MEDICAL INSTITUTE                ,HI,96814-3518,Proprietary  ,52,132,184,256,516,772
00161600,BOISE STATE UNIVERSITY                  ,ID,83725-1000,Public       ,913,1897,2810,14375,13248,27623
00161700,"COLLEGE OF IDAHO, THE                   ",ID,83605-4432,Private      ,103,131,234,1728,609,2337
00161900,COLLEGE OF SOUTHERN IDAHO               ,ID,83301-0000,Public       ,476,927,1403,3660,4275,7935
00161908,COLLEGE OF WESTERN IDAHO                ,ID,83687-1515,Public       ,453,1007,1460,3952,7001,10953
00162000,IDAHO STATE UNIVERSITY                  ,ID,83209-5377,Public       ,799,2213,3012,6355,9347,15702
00162100,LEWIS-CLARK STATE COLLEGE               ,ID,83501-2698,Public       ,198,478,676,2563,2756,5319
00162300,NORTH IDAHO COLLEGE                     ,ID,83814-2199,Public       ,398,871,1269,3361,4910,8271
00162400,NORTHWEST NAZARENE UNIVERSITY           ,ID,83686-5897,Private      ,112,331,443,1631,1567,3198
00162500,BRIGHAM YOUNG UNIVERSITY-IDAHO          ,ID,83460-1650,Private      ,1799,2041,3840,12415,8850,21265
00162600,UNIVERSITY OF IDAHO                     ,ID,83844-4291,Public       ,550,735,1285,10409,4991,15400
00732915,ITT TECHNICAL INSTITUTE                 ,ID,83713-1529,Proprietary  ,163,649,812,464,1544,2008
00987300,MR JUAN'S CLG OF HAIR DESIGN            ,ID,83301-4154,Proprietary  ,11,31,42,31,80,111
01113300,EASTERN IDAHO TECHNICAL COLLEGE         ,ID,83404-5788,Public       ,82,250,332,454,1219,1673
02218000,CARRINGTON COLLEGE                      ,ID,83704-0000,Proprietary  ,99,437,536,399,1542,1941
02234500,BOISE BIBLE COLLEGE                     ,ID,83714-1220,Private      ,33,45,78,253,170,423
02275800,MR LEONS SCHOOL OF HAIR DESIGN          ,ID,83843-8384,Proprietary  ,5,21,26,28,58,86
02275801,MR. LEON'S SCHOOL OF HAIR DESIGN        ,ID,83501-1910,Proprietary  ,0,4,4,16,23,39
02314000,SCHOOL OF HAIRSTYLING (THE)             ,ID,83202-0000,Proprietary  ,4,13,17,29,59,88
02319800,HEADMASTERS SCHOOL OF HAIR DESIGN       ,ID,83814-0000,Proprietary  ,24,54,78,106,198,304
02349200,HEADMASTERS SCHOOL OF HAIR DESIGN       ,ID,83501-0000,Proprietary  ,6,24,30,31,67,98
02559500,RAZZLE DAZZLE CLG OF HAIR DESIGN        ,ID,83686-5104,Proprietary  ,15,58,73,70,192,262
02607100,PAUL MITCHELL THE SCHOOL BOISE          ,ID,83709-1662,Proprietary  ,28,78,106,201,329,530
03098700,ACADEMY OF COURT REPORTING              ,ID,83704-8320,Proprietary  ,36,150,186,129,527,656
03832400,COSMETOLOGY SCHOOL OF ARTS & SCIENCES   ,ID,83318-1327,Proprietary  ,8,16,24,24,68,92
04051323,ART INSTITUTE OF PHOENIX (THE) - BROWN M,ID,83709-2746,Proprietary  ,14,56,70,92,226,318
04134300,EVANS HAIRSTYLING COLLEGE               ,ID,83440-5277,Proprietary  ,14,16,30,58,52,110
04144500,HAIR ACDMY PAUL MITCHELL PARTNER SCHOOL ,ID,83440-2600,Proprietary  ,17,33,50,100,129,229
04150600,D & L ACADEMY OF HAIR DESIGN            ,ID,83301-6229,Proprietary  ,6,24,30,28,67,95
04155200,OLIVER FINLEY ACADEMY OF COSMETOLOGY    ,ID,83704-8011,Proprietary  ,24,113,137,105,305,410
04163800,MASTER EDUCATORS BEAUTY SCHOOL          ,ID,83301-4118,Proprietary  ,12,19,31,53,77,130
04168600,COLLEGE OF MASSAGE THERAPY              ,ID,83221-1758,Proprietary  ,10,27,37,39,64,103
04176700,D'SHAW INSTITUTE OF COSMETOLOGY         ,ID,83704-4406,Proprietary  ,5,31,36,50,130,180
04194800,VELVET TOUCH ACADEMY OF COSMETOLOGY     ,ID,83687-5020,Proprietary  ,8,28,36,48,127,175
04203200,BOISE BARBER COLLEGE                    ,ID,83704-5919,Proprietary  ,5,35,40,29,114,143
04203500,AUSTIN KADE ACADEMY                     ,ID,83404-5540,Proprietary  ,23,68,91,81,205,286
04207200,ACADEMY DI FIRENZE                      ,ID,83338-2329,Proprietary  ,4,7,11,6,15,21
04211800,COLLEGE OF WESTERN IDAHO                ,ID,83687-5505,Public       ,577,1666,2243,887,2626,3513
00163200,AQUINAS INSTITUTE OF THEOLOGY           ,MO,63108-3323,Private      ,3,18,21,8,90,98
00244900,AVILA COLLEGE                           ,MO,64145-1698,Private      ,122,437,559,1486,1858,3344
00245000,CALVARY BIBLE COLLEGE                   ,MO,64147-1341,Private      ,37,67,104,189,228,417
00245200,CENTRAL BIBLE COLLEGE                   ,MO,65803-1096,Private      ,80,82,162,437,339,776
00245300,CENTRAL METHODIST UNIVERSITY            ,MO,65248-1198,Private      ,102,399,501,1781,1975,3756
00245400,UNIVERSITY OF CENTRAL MISSOURI          ,MO,64093-5178,Public       ,689,915,1604,9576,5042,14618
00245600,COLUMBIA COLLEGE                        ,MO,65216-4581,Private      ,554,4393,4947,3298,20808,24106
00245700,CONCORDIA SEMINARY                      ,MO,63105-3199,Private      ,2,19,21,7,453,460
00245800,COTTEY COLLEGE                          ,MO,64772-2790,Private      ,15,15,30,380,69,449
00245900,CROWDER COLLEGE                         ,MO,64850-9165,Public       ,489,858,1347,2506,3169,5675
00246000,CULVER STOCKTON COLLEGE                 ,MO,63435-1299,Private      ,46,22,68,1068,203,1271
00246100,DRURY UNIVERSITY                        ,MO,65802-3791,Private      ,256,921,1177,2650,4265,6915
00246200,EDEN THEOLOGICAL SEMINARY               ,MO,63119-0000,Private      ,1,42,43,3,127,130
00246300,EVANGEL UNIVERSITY                      ,MO,65802-2125,Private      ,216,188,404,2408,976,3384
00246400,FONTBONNE UNIVERSITY                    ,MO,63105-3098,Private      ,102,461,563,1394,2745,4139
00246600,HARRIS-STOWE STATE COLLEGE              ,MO,63103-2199,Public       ,332,554,886,1745,2197,3942
00246700,CONCEPTION SEMINARY COLLEGE             ,MO,64433-0502,Private      ,12,3,15,68,13,81
00246800,JEFFERSON COLLEGE                       ,MO,63050-2441,Public       ,565,893,1458,2892,3275,6167
00247100,ST LOUIS COMMUNITY COLLEGE              ,MO,63102-0000,Public       ,2611,5274,7885,12460,18842,31302
00247300,KANSAS CITY ART INSTITUTE               ,MO,64111-1874,Private      ,92,106,198,1439,521,1960
00247400,KANSAS CITY UNIV OF MED AND BIOSCIENCES ,MO,64106-0000,Private      ,7,71,78,101,1202,1303
00247600,KENRICK-GLENNON SEMINARY                ,MO,63119-4330,Private      ,1,5,6,16,14,30
00247700,A.T. STILL UNIV OF HEALTH SCIENCES      ,MO,63501-0000,Private      ,6,346,352,22,2863,2885
00247900,LINCOLN UNIVERSITY                      ,MO,65101-3500,Public       ,336,482,818,2661,2073,4734
00248000,LINDENWOOD UNIVERSITY                   ,MO,63301-1695,Private      ,535,1521,2056,6881,7569,14450
00248200,MARYVILLE UNIVERSITY                    ,MO,63141-7299,Private      ,150,791,941,2587,3498,6085
00248400,METROPOLITAN COMMUNITY COLLEGE          ,MO,64111-2408,Public       ,1698,3855,5553,10412,16303,26715
00248500,MIDWESTERN BAPTIST THEOL SEMINARY       ,MO,64118-4697,Private      ,32,116,148,113,370,483
00248600,MINERAL AREA COLLEGE                    ,MO,63601-1000,Public       ,319,704,1023,2126,2653,4779
00248800,MISSOURI SOUTHERN STATE UNIVERSITY      ,MO,64801-1595,Public       ,453,785,1238,4283,3920,8203
00248900,MISSOURI VALLEY COLLEGE                 ,MO,65340-3197,Private      ,150,115,265,1707,531,2238
00249000,MISSOURI WESTERN STATE UNIVERSITY       ,MO,64507-2294,Public       ,462,606,1068,4814,3002,7816
00249100,MOBERLY AREA COMMUNITY COLLEGE          ,MO,65270-1304,Public       ,546,874,1420,3132,3668,6800
00249400,NAZARENE THEOLOGICAL SEMINARY           ,MO,64131-1246,Private      ,2,44,46,10,177,187
00249500,TRUMAN STATE UNIVERSITY                 ,MO,63501-4221,Public       ,262,62,324,6165,590,6755
00249600,NORTHWEST MISSOURI STATE UNIV           ,MO,64468-6001,Public       ,470,292,762,7184,1507,8691
00249800,PARK UNIVERSITY                         ,MO,64152-3795,Private      ,277,2356,2633,1686,8547,10233
00249900,ROCKHURST UNIVERSITY                    ,MO,64110-2561,Private      ,116,279,395,2205,1545,3750
00250000,COLLEGE OF THE OZARKS                   ,MO,65726-2502,Private      ,132,53,185,3409,419,3828
00250100,SOUTHEAST MISSOURI STATE UNIV           ,MO,63701-4799,Public       ,641,894,1535,9084,4512,13596
00250200,SOUTHWEST BAPTIST UNIVERSITY            ,MO,65613-2597,Private      ,153,401,554,2276,1772,4048
00250300,MISSOURI STATE UNIVERSITY               ,MO,65897-0094,Public       ,1314,1611,2925,16233,8564,24797
00250400,ST LOUIS COLLEGE OF PHARMACY            ,MO,63110-1088,Private      ,39,81,120,892,825,1717
00250600,SAINT LOUIS UNIVERSITY                  ,MO,63103-2097,Private      ,421,1148,1569,10894,8794,19688
00250900,SAINT PAUL SCHOOL OF THEOLOGY           ,MO,64127-2499,Private      ,1,34,35,5,154,159
00251200,STEPHENS COLLEGE                        ,MO,65215-0001,Private      ,58,127,185,996,731,1727
00251400,NORTH CENTRAL MISSOURI COLLEGE          ,MO,64683-1824,Public       ,94,210,304,958,1088,2046
00251600,UNIVERSITY OF MISSOURI-COLUMBIA         ,MO,65211-1600,Public       ,1512,1231,2743,28447,9610,38057
00251700,MISSOURI UNIVERSITY OF SCIENCE & TECHNOL,MO,65409-0250,Public       ,289,230,519,5919,1454,7373
00251800,UNIVERSITY OF MISSOURI-KANSAS CITY      ,MO,64110-2497,Public       ,776,1824,2600,8840,10719,19559
00251900,UNIVERSITY OF MISSOURI-ST LOUIS         ,MO,63121-4499,Public       ,816,2277,3093,7727,11623,19350
00252000,WASHINGTON UNIVERSITY                   ,MO,63130-4899,Private      ,306,658,964,14461,6194,20655
00252001,WASHINGTON UNIV-SCHOOL OF MEDICINE      ,MO,63110-0000,Private      ,22,69,91,209,1626,1835
00252100,WEBSTER UNIVERSITY                      ,MO,63119-3194,Private      ,221,2077,2298,3615,13249,16864
00252200,WENTWORTH MILITARY ACADEMY              ,MO,64067-1799,Private      ,54,65,119,327,262,589
00252300,WESTMINSTER COLLEGE                     ,MO,65251-1299,Private      ,59,31,90,1342,186,1528
00252400,WILLIAM JEWELL COLLEGE                  ,MO,64068-1896,Private      ,55,65,120,1580,365,1945
00252500,WILLIAM WOODS UNIVERSITY                ,MO,65251-2388,Private      ,105,325,430,1153,1176,2329
00405704,NATIONAL AMERICAN UNIVERSITY            ,MO,64057-1791,Proprietary  ,11,164,175,56,794,850
00441300,ST JOHNS HOSP SCH RAD TECH              ,MO,65802-0000,Private      ,10,63,73,131,242,373
00470300,LOGAN COLLEGE OF CHIROPRACTIC           ,MO,63006-1065,Private      ,9,112,121,68,1043,1111
00470700,COVENANT THEOLOGICAL SEMINARY           ,MO,63141-8697,Private      ,1,38,39,4,519,523
00471100,LINN STATE TECHNICAL COLLEGE            ,MO,65051-9607,Public       ,97,104,201,1460,562,2022
00471300,THREE RIVERS COMMUNITY COLLEGE          ,MO,63901-2393,Public       ,406,1056,1462,2123,3865,5988
00528800,KIRKSVILLE AREA TECHNICAL CENTER        ,MO,63501-0000,Public       ,8,23,31,38,106,144
00528900,WAYNESVILLE CAREER CENTER               ,MO,65583-2131,Public       ,16,48,64,60,184,244
00542400,SOUTH CENTRAL CAREER CENTER             ,MO,65775-3334,Public       ,16,65,81,66,167,233
00542600,SIKESTON CAREER AND TECHNOLOGY CTR      ,MO,63801-0000,Public       ,15,77,92,81,283,364
00542900,ROLLA TECHNICAL INSTITUTE               ,MO,65401-3601,Public       ,26,79,105,265,394,659
00543000,POPLAR BLUFF TECHNICAL CAREER CNTR      ,MO,63901-0000,Public       ,9,61,70,54,267,321
00543800,SALINE COUNTY CAREER CENTER             ,MO,65340-0000,Public       ,0,15,15,14,91,105
00544500,TRUMAN MEDICAL CENTER SCHOOL OF NURSE AN,MO,64108-2677,Private      ,11,61,72,85,259,344
00553100,GRAND RIVER TECHNICAL SCHOOL            ,MO,64601-1299,Public       ,12,24,36,74,80,154
00553200,CAPE GIRARDEAU CAREER & TECHNOLOGY CENTE,MO,63703-7511,Public       ,41,185,226,256,674,930
00638900,BARNES JEWISH COLLEGE OF NURSING AND ALL,MO,63110-1091,Private      ,58,203,261,603,1443,2046
00639200,RESEARCH COLLEGE OF NURSING             ,MO,64132-1199,Proprietary  ,13,107,120,163,464,627
00639201,RESEARCH MEDICAL CENTER - COLLEGE OF NUR,MO,64132-1199,Proprietary  ,14,57,71,92,234,326
00639202,RESEARCH MED CTR SCHL OF RAD TECH       ,MO,64132-0000,Proprietary  ,2,30,32,32,125,157
00666600,LUTHERAN  SCHOOL OF NURSING             ,MO,63118-3909,Proprietary  ,27,103,130,150,581,731
00732923,ITT TECHNICAL INSTITUTE                 ,MO,63045-1122,Proprietary  ,290,1251,1541,666,2609,3275
00754000,MISSOURI BAPTIST UNIVERSITY             ,MO,63141-8698,Private      ,149,588,737,1837,2803,4640
00808000,STATE FAIR COMMUNITY COLLEGE            ,MO,65301-0000,Public       ,474,941,1415,2515,3445,5960
00826900,HILLYARD TECHNICAL CENTER               ,MO,64506-0000,Public       ,31,89,120,185,341,526
00855200,STEVENS INSTITUTE OF BUSINESS & ARTS    ,MO,63103-0000,Proprietary  ,30,41,71,102,275,377
00860600,TRI-COUNTY TECHNICAL SCHOOL             ,MO,65026-0000,Public       ,5,13,18,19,56,75
00886200,EAST CENTRAL COLLEGE                    ,MO,63084-0529,Public       ,343,614,957,2151,2528,4679
00908900,HANNIBAL-LAGRANGE COLLEGE               ,MO,63401-1999,Private      ,83,134,217,886,611,1497
00952000,NATIONAL ACADEMY OF BEAUTY ARTS         ,MO,63128-1307,Proprietary  ,54,111,165,141,334,475
00959000,INDEPENDENCE COLLEGE OF COSMETOLOGY     ,MO,64055-1105,Proprietary  ,17,49,66,60,144,204
00960700,HOUSE OF HEAVILIN BEAUTY COLLEGE        ,MO,64110-2826,Proprietary  ,9,49,58,53,141,194
00978200,SAINT LUKE'S COLLEGE OF HEALTH SCIENCES ,MO,64114-3237,Private      ,19,102,121,240,585,825
00979500,MISSOURI COLLEGE                        ,MO,63144-2901,Proprietary  ,68,195,263,250,827,1077
01014814,COLORADO TECHNL UNIV NORTH KANSAS CITY  ,MO,64116-3614,Proprietary  ,7,134,141,89,607,696
01027900,HICKEY COLLEGE                          ,MO,63146-0000,Proprietary  ,121,130,251,521,478,999
01040500,PINNACLE CAREER INSTITUTE               ,MO,64131-3367,Proprietary  ,57,459,516,234,1853,2087
01040501,PINNACLE CAREER INSTITUTE - NORTH KANSAS,MO,64153-1151,Proprietary  ,20,102,122,81,389,470
01050303,WICHITA TECHNICAL INSTITUTE - WTI JOPLIN,MO,64801-2970,Proprietary  ,13,135,148,44,345,389
01102600,WARRENSBURG AREA VOC TECH SCH           ,MO,64093-0000,Public       ,4,18,22,44,125,169
01173500,PIKE/LINCOLN TECHNICAL CENTER           ,MO,63344-0000,Public       ,10,23,33,42,104,146
01212000,ASSEMBLIES OF GOD THEO. SEMINARY        ,MO,65802-0000,Private      ,1,75,76,19,277,296
01250000,RANKEN TECHNICAL COLLEGE                ,MO,63113-2811,Private      ,314,637,951,1770,2253,4023
01258000,ST LOUIS CHRISTIAN COLLEGE              ,MO,63033-6499,Private      ,52,57,109,184,212,396
01320800,BAPTIST BIBLE COLLEGE                   ,MO,65803-3498,Private      ,81,83,164,297,255,552
02056100,FOUR RIVERS CAREER CENTER               ,MO,63090-0000,Public       ,6,15,21,32,79,111
02066900,NICHOLS CAREER CENTER                   ,MO,65101-2814,Public       ,8,51,59,102,233,335
02068200,COX HEALTH - COX COLLEGE                ,MO,65802-0000,Private      ,38,244,282,377,1206,1583
02068202,COX HEALTH - RADIOLOGIC TECHNOLOGY      ,MO,65802-0000,Private      ,8,56,64,122,232,354
02073600,KENNETT CAREER & TECHNOLOGY CENTER      ,MO,63857-0000,Public       ,4,32,36,31,105,136
02090400,BOONSLICK TECHNICAL EDUCATION CTR       ,MO,65233-0000,Public       ,2,8,10,17,55,72
02121100,MIDWEST INSTITUTE                       ,MO,63122-0000,Proprietary  ,27,81,108,64,185,249
02124500,FRANKLIN TECHNOLOGY CENTER              ,MO,64801-0000,Public       ,17,116,133,105,439,544
02142200,LEX LA RAY TECHNICAL CENTER             ,MO,64067-0000,Public       ,5,14,19,40,95,135
02151000,HANNIBAL CAREER AND TECHNICAL CENTE     ,MO,63401-2285,Public       ,1,21,22,20,98,118
02154900,MISSOURI SCH OF BARB & HAIR             ,MO,63031-0000,Proprietary  ,9,33,42,22,82,104
02164200,FOREST INST PROFESSIONAL PSYCHOLOGY     ,MO,65807-0000,Private      ,4,73,77,24,383,407
02165900,CHILLICOTHE BEAUTY ACADEMY              ,MO,64601-0000,Proprietary  ,2,10,12,9,28,37
02180200,METRO BUSINESS COLLEGE                  ,MO,63701-0000,Proprietary  ,40,211,251,124,709,833
02188000,NORTHWEST TECHNICAL SCHOOL              ,MO,64468-0000,Public       ,11,19,30,72,55,127
02188100,NORTHLAND CAREER CENTER                 ,MO,64079-8333,Public       ,4,11,15,37,93,130
02202700,OZARK CHRISTIAN COLLEGE                 ,MO,64801-0000,Private      ,107,73,180,720,225,945
02203400,NEVADA REGIONAL TECHNICAL CENTER        ,MO,64772-0000,Public       ,4,17,21,47,80,127
02205200,SANFORD-BROWN COLLEGE                   ,MO,63026-7305,Proprietary  ,45,170,215,197,1018,1215
02205203,SANFORD BROWN COLLEGE-ST. PETERS        ,MO,63376-5950,Proprietary  ,35,148,183,153,640,793
02214500,SALEM COLLEGE OF HAIRSTYLING            ,MO,65401-0000,Proprietary  ,3,13,16,21,45,66
02239200,ANTHEM COLLEGE                          ,MO,63043-0000,Proprietary  ,122,260,382,302,876,1178
02239202,ANTHEM COLLEGE - METRO SOUTH            ,MO,63026-0000,Proprietary  ,3,34,37,22,112,134
02250600,EVEREST COLLEGE                         ,MO,65807-2446,Proprietary  ,33,177,210,152,676,828
02263106,ANTHEM COLLEGE - ANTHEM COLLEGE - KANSAS,MO,64114-3232,Proprietary  ,10,82,92,62,239,301
02263400,LAKE CAREER AND TECHNICAL CENTER        ,MO,65020-0000,Public       ,7,13,20,19,48,67
02266400,CENTRAL CHRISTIAN CLG OF THE BIBLE      ,MO,65270-0000,Private      ,37,50,87,213,194,407
02277500,HOUSE OF HEAVILIN OF BLUE SPRINGS       ,MO,64014-3953,Proprietary  ,15,35,50,53,114,167
02289200,COLUMBIA AREA CAREER CENTER             ,MO,65203-0000,Public       ,30,103,133,178,525,703
02295700,MISSOURI BEAUTY ACADEMY                 ,MO,63640-1827,Proprietary  ,12,54,66,54,149,203
02300105,EVEREST COLLEGE - EARTH CITY            ,MO,63045-1100,Proprietary  ,57,215,272,187,797,984
02304000,MISSOURI TECH                           ,MO,63303-3887,Proprietary  ,22,56,78,110,215,325
02309100,AMERICAN COLLEGE OF HAIR DESIGN         ,MO,65301-2144,Proprietary  ,9,25,34,30,71,101
02313000,CASS CAREER CENTER                      ,MO,64701-0000,Public       ,1,10,11,22,72,94
02340500,ST LOUIS COLLEGE OF HEALTH CAREERS      ,MO,63110-0000,Proprietary  ,89,376,465,320,1220,1540
02342100,CAREER & TECHNOLOGY CTR AT FT OSAGE     ,MO,64058-0000,Public       ,1,22,23,23,73,96
02361600,CONCORDE CAREER COLLEGE                 ,MO,64111-0000,Proprietary  ,106,509,615,338,1578,1916
02497500,CLINTON TECHNICAL SCHOOL                ,MO,64735-2966,Public       ,7,31,38,28,89,117
02520800,MERRELL UNIV OF BTY ARTS & SCIENCES     ,MO,65109-0000,Proprietary  ,30,59,89,103,189,292
02530600,SAINT CHARLES COMMUNITY COLLEGE         ,MO,63376-0975,Public       ,611,908,1519,4364,3522,7886
02543800,PARIS II EDUCATIONAL CENTER (THE)       ,MO,64118-0000,Proprietary  ,18,65,83,56,183,239
02564700,ELAINE STEVEN BEAUTY COLLEGE            ,MO,63136-0000,Proprietary  ,39,117,156,103,255,358
02564701,ELAINE STEVEN BEAUTY COLLEGE - ADVANCE B,MO,63383-2006,Proprietary  ,0,5,5,4,15,19
02564702,ELAINE STEVEN BEAUTY COLLEGE - ADVANCE B,MO,63401-2269,Proprietary  ,5,5,10,10,15,25
02568500,GRABBER SCHOOL OF HAIR DESIGN           ,MO,63011-0000,Proprietary  ,19,32,51,49,128,177
02599700,VATTEROTT COLLEGE                       ,MO,63134-2900,Proprietary  ,122,420,542,426,1730,2156
02599701,VATTEROTT COLLEGE - KANSAS CITY         ,MO,64129-1692,Proprietary  ,62,341,403,182,1167,1349
02599702,VATTEROTT COLLEGE - SPRINGFIELD LOCATION,MO,65807-5340,Proprietary  ,35,206,241,148,745,893
02599703,VATTEROTT COLLEGE - JOPLIN              ,MO,64801-5033,Proprietary  ,22,127,149,76,443,519
02599705,VATTEROTT COLLEGE - SUNSET HILLS        ,MO,63127-1516,Proprietary  ,49,255,304,147,935,1082
02599712,VATTEROTT COLLEGE - O'FALLON            ,MO,63366-2748,Proprietary  ,33,103,136,131,433,564
02608000,NEOSHO BEAUTY COLLEGE                   ,MO,64850-1525,Proprietary  ,8,23,31,19,59,78
02609202,VATTEROTT COLLEGE-ST JOSEPH             ,MO,64501-2911,Proprietary  ,31,128,159,119,444,563
02609203,VATTEROTT COLLEGE - L'ECOLE CULINAIRE   ,MO,63124-1103,Proprietary  ,59,172,231,280,788,1068
02611004,HERITAGE COLLEGE-KANSAS CITY            ,MO,64131-4203,Proprietary  ,82,278,360,255,908,1163
03042400,LEBANON TECHNOLOGY & CAREER CENTER      ,MO,65536-3296,Public       ,21,63,84,91,210,301
03066300,BRYAN CAREER COLLEGE                    ,MO,65806-2507,Proprietary  ,26,204,230,82,679,761
03066303,BRYAN COLLEGE - COLUMBIA                ,MO,65201-8248,Proprietary  ,21,114,135,98,456,554
03068600,SPECIAL SCHOOL DISTRICT OF ST. LOUIS CO.,MO,63127-0000,Public       ,13,125,138,63,559,622
03070200,CENTRAL COLLEGE OF COSMETOLOGY          ,MO,65583-0000,Proprietary  ,14,47,61,31,102,133
03070900,SE MO HOSP CLG NURSING & HEALTH SCI     ,MO,63703-4507,Private      ,11,88,99,176,451,627
03072800,DALLAS COUNTY CAREER CENTER             ,MO,65685-9152,Public       ,1,8,9,1,11,12
03077200,COSMETOLOGY CONCEPTS INSTITUTE          ,MO,65202-1972,Proprietary  ,17,28,45,69,103,172
03083000,OZARKS TECHNICAL COMMUNITY COLLEGE      ,MO,65802-3601,Public       ,1443,3030,4473,8088,12149,20237
03092600,MESSENGER COLLEGE                       ,MO,64804-4909,Private      ,12,19,31,40,59,99
03097600,ST LOUIS HAIR ACADEMY                   ,MO,63107-1737,Proprietary  ,13,35,48,68,137,205
03101000,NEW DIMENSION SCHOOL OF HAIR DESIGN     ,MO,64801-5017,Proprietary  ,10,33,43,25,72,97
03106000,MISSOURI STATE UNIVERSITY - WEST PLAINS ,MO,65775-2715,Public       ,154,380,534,1215,1451,2666
03110900,HOUSE OF HEAVILIN BEAUTY COLLEGE        ,MO,64083-9195,Proprietary  ,13,18,31,35,62,97
03166300,MOBERLY AREA TECHNICAL CENTER           ,MO,65270-1904,Public       ,2,10,12,72,88,160
03174300,HERNDON CAREER CENTER                   ,MO,64138-2695,Public       ,1,9,10,17,36,53
03519300,MISSOURI COLLEGE OF COSMETOLOGY NORTH   ,MO,65803-0000,Proprietary  ,14,60,74,92,208,300
03579300,TEXAS COUNTY TECHNICAL INSTITUTE        ,MO,65483-2700,Private      ,5,41,46,44,256,300
03616300,AVIATION INSTITUTE OF MAINTENANCE       ,MO,64129-1811,Proprietary  ,11,96,107,53,360,413
03878300,PROFESSIONAL MASSAGE TRAINING CENTER    ,MO,65803-2939,Proprietary  ,9,12,21,55,140,195
03916300,ECLIPS SCHOOL OF COSMETOLOGY AND BARBERI,MO,63703-5809,Proprietary  ,16,90,106,60,242,302
03924300,HAIR ACADEMY 110 (THE)                  ,MO,63501-2915,Proprietary  ,2,12,14,10,29,39
03970400,WELLSPRING SCHOOL OF ALLIED HEALTH      ,MO,64114-3313,Proprietary  ,15,68,83,53,183,236
04037500,ACADEMY OF HAIR DESIGN                  ,MO,65804-2303,Proprietary  ,21,105,126,105,282,387
04051329,ART INSTITUTE OF PHOENIX (THE) - BROWN M,MO,63026-2564,Proprietary  ,10,25,35,62,113,175
04118700,AMERICAN COLLEGE OF TECHNOLOGY          ,MO,64506-2006,Proprietary  ,3,93,96,32,286,318
04119100,CITY VISION COLLEGE                     ,MO,64141-3188,Private      ,2,27,29,9,97,106
04122300,GRANTHAM UNIVERSITY                     ,MO,64153-2262,Proprietary  ,54,1214,1268,140,3182,3322
04127000,PEMISCOT COUNTY SPECIAL SCHOOL DISTRICT ,MO,63851-1666,Public       ,0,1,1,4,17,21
04130300,VICTORY TRADE SCHOOL                    ,MO,65803-2754,Private      ,1,21,22,15,64,79
04130600,"CENTER FOR HEALING ARTS (THE), LLC      ",MO,63143-2103,Proprietary  ,10,47,57,41,145,186
04133300,TREND SETTERS SCHOOL OF COSMETOLOGY     ,MO,63702-7607,Proprietary  ,10,38,48,63,138,201
04145200,TRANSFORMED BARBER AND COSMETOLOGY ACADE,MO,64137-1207,Proprietary  ,21,76,97,77,234,311
04145700,THE SYSTEM A PAUL MITCHELL PARTNER SCHL ,MO,65807-5969,Proprietary  ,28,58,86,148,205,353
04146100,URSHAN GRADUATE SCHOOL OF THEOLOGY      ,MO,63031-7526,Private      ,7,11,18,37,60,97
04170600,SALON PROFESSIONAL ACADEMY (THE)        ,MO,63301-1021,Proprietary  ,19,33,52,59,109,168
04170700,PAUL MITCHELL THE SCHOOL ST LOUIS       ,MO,63108-1554,Proprietary  ,40,59,99,188,258,446
04173900,COSMETOLOGY COLLEGE OF FRANKLIN COUNTY  ,MO,63077-3448,Proprietary  ,3,7,10,17,32,49
04174000,SKIN INSTITUTE                          ,MO,63128-1307,Proprietary  ,7,40,47,25,104,129
04174800,AMERICAN TRADE SCHOOL                   ,MO,63074-1807,Proprietary  ,10,43,53,30,150,180
04184400,SEYMOUR BEAUTY ACADEMY                  ,MO,65746-8743,Proprietary  ,3,13,16,12,40,52
04187000,DONNA'S ACADEMY OF HAIR DESIGN          ,MO,64089-9042,Proprietary  ,2,6,8,27,38,65
00314600,WESTERN OKLAHOMA STATE COLLEGE          ,OK,73521-1397,Public       ,229,399,628,722,1088,1810
00314700,BACONE COLLEGE                          ,OK,74403-1597,Private      ,212,228,440,1294,871,2165
00314900,SOUTHERN NAZARENE UNIVERSITY            ,OK,73008-2694,Private      ,212,541,753,1272,1880,3152
00315000,CAMERON UNIVERSITY                      ,OK,73505-6377,Public       ,478,1142,1620,2389,4299,6688
00315100,OKLAHOMA WESLEYAN UNIVERSITY            ,OK,74006-6299,Private      ,59,290,349,894,1088,1982
00315200,UNIV OF CENTRAL OKLAHOMA                ,OK,73034-5209,Public       ,1540,1951,3491,10235,8364,18599
00315300,CONNORS STATE COLLEGE                   ,OK,74469-9700,Public       ,227,475,702,1286,1760,3046
00315400,EAST CENTRAL UNIVERSITY                 ,OK,74820-6999,Public       ,450,716,1166,2784,2972,5756
00315500,EASTERN OKLAHOMA STATE COLLEGE          ,OK,74578-4999,Public       ,176,415,591,880,1333,2213
00315600,REDLANDS COMMUNITY COLLEGE              ,OK,73036-5304,Public       ,181,355,536,886,1266,2152
00315700,LANGSTON UNIVERSITY                     ,OK,73050-0000,Public       ,395,492,887,2284,2142,4426
00315800,MURRAY STATE COLLEGE                    ,OK,73460-3137,Public       ,277,478,755,1199,1800,2999
00316000,NORTHEASTERN OKLAHOMA A & M COLLEGE     ,OK,74354-6497,Public       ,300,386,686,1912,1449,3361
00316100,NORTHEASTERN STATE UNIVERSITY           ,OK,74464-2399,Public       ,703,1476,2179,5591,6661,12252
00316200,NORTHERN OKLAHOMA COLLEGE               ,OK,74653-0310,Public       ,508,641,1149,2098,2320,4418
00316300,NORTHWESTERN OKLAHOMA STATE UNIV        ,OK,73717-2799,Public       ,239,255,494,1678,1047,2725
00316400,OKLAHOMA BAPTIST UNIVERSITY             ,OK,74801-2590,Private      ,230,115,345,2642,594,3236
00316500,OKLAHOMA CHRISTIAN UNIVERSITY           ,OK,73131-0000,Private      ,271,257,528,2345,1040,3385
00316600,OKLAHOMA CITY UNIVERSITY                ,OK,73106-1493,Private      ,294,668,962,2991,3278,6269
00316700,UNIV OF SCIENCE & ARTS OF OKLAHOMA      ,OK,73018-5322,Public       ,85,119,204,818,559,1377
00316800,ROGERS STATE UNIVERSITY                 ,OK,74017-3252,Public       ,411,754,1165,3037,3213,6250
00317000,OKLAHOMA STATE UNIVERSITY               ,OK,74078-1026,Public       ,2176,1878,4054,19564,8791,28355
00317200,OKLAHOMA STATE UNIVERSITY-OKMULGEE      ,OK,74447-3901,Public       ,328,484,812,2205,2168,4373
00317400,OKLAHOMA PANHANDLE STATE UNIVERSITY     ,OK,73939-0000,Public       ,220,163,383,1088,491,1579
00317600,CARL ALBERT STATE COLLEGE               ,OK,74953-5208,Public       ,215,520,735,1402,2091,3493
00317800,SEMINOLE STATE COLLEGE                  ,OK,74818-0351,Public       ,209,426,635,952,1294,2246
00317900,SOUTHEASTERN OKLAHOMA STATE UNIV        ,OK,74701-0609,Public       ,441,706,1147,2538,2628,5166
00318000,SOUTHWESTERN CHRISTIAN UNIVERSITY       ,OK,73008-2335,Private      ,122,304,426,540,1135,1675
00318100,SOUTHWESTERN OKLAHOMA STATE UNIV        ,OK,73096-3098,Public       ,511,545,1056,3322,2147,5469
00318101,SOUTHWESTERN OK STATE UNIV AT SAYRE     ,OK,73662-0000,Public       ,32,77,109,160,247,407
00318300,ST GREGORY'S UNIVERSITY                 ,OK,74804-2499,Private      ,61,105,166,438,408,846
00318308,SAINT GREGORY'S UNIVERSITY - IPD TULSA  ,OK,74135-2499,Private      ,4,74,78,56,305,361
00318400,UNIVERSITY OF OKLAHOMA                  ,OK,73019-4078,Public       ,1552,1932,3484,19384,11112,30496
00318401,UNIVERSITY OF OKLAHOMA-HLTH SCI CTR     ,OK,73190-0000,Public       ,86,505,591,819,3816,4635
00318500,UNIVERSITY OF TULSA                     ,OK,74104-3189,Private      ,262,433,695,3759,2472,6231
00398500,ORAL ROBERTS UNIVERSITY                 ,OK,74171-0001,Private      ,339,422,761,3390,1917,5307
00531100,TULSA COUNTY AREA VOC TECH SCHOOL       ,OK,74145-0000,Public       ,121,504,625,565,1847,2412
00531200,RED RIVER TECHNOLOGY CENTER             ,OK,73533-2700,Public       ,22,50,72,52,161,213
00533900,METRO TECHNOLOGY CENTERS SCH DIST22     ,OK,73111-0000,Public       ,71,415,486,255,1358,1613
00533903,METRO TECHNOLOGY CENTERS SCH DIST22     ,OK,73129-0000,Public       ,31,263,294,164,813,977
00694200,MID-AMERICA CHRISTIAN UNIVERSITY        ,OK,73170-4504,Private      ,99,847,946,505,2753,3258
00767800,SPARTAN COLLEGE OF AERONAUTICS AND TECHN,OK,74115-5800,Proprietary  ,91,182,273,889,881,1770
00791100,VIRGILS BEAUTY COLLEGE                  ,OK,74401-6802,Proprietary  ,8,30,38,26,79,105
00834300,AUTRY TECHNOLOGY CENTER                 ,OK,73703-2598,Public       ,31,120,151,132,366,498
00861900,TRI COUNTY TECHNOLOGY CENTER            ,OK,74006-6029,Public       ,11,75,86,83,255,338
00918500,ROSE STATE COLLEGE                      ,OK,73110-2799,Public       ,668,1761,2429,3081,5875,8956
00920400,KIAMICHI AREA VOC TECH SCHOOL           ,OK,74578-0548,Public       ,74,232,306,248,838,1086
00920408,KIAMICHI AREA VOC TECH SCHOOL           ,OK,74953-0000,Public       ,13,68,81,108,295,403
00961800,TULSA WELDING SCHOOL                    ,OK,74104-0000,Proprietary  ,302,591,893,1277,1865,3142
00964700,"OKLAHOMA STATE UNIV, OKLA CITY          ",OK,73107-6159,Public       ,695,2090,2785,3185,7125,10310
00970800,EVES COLLEGE OF HAIRSTYLING             ,OK,73501-4359,Proprietary  ,11,61,72,34,132,166
00976300,TULSA COMMUNITY COLLEGE                 ,OK,74135-6198,Public       ,1442,3600,5042,8304,13673,21977
00996300,CADDO KIOWA VOC TECH CENTER             ,OK,73038-0000,Public       ,15,95,110,54,257,311
00996400,CENTRAL OKLAHOMA AREA VOC TECH SCH      ,OK,74030-9613,Public       ,30,108,138,116,349,465
00996500,CANADIAN VALLEY TECHNOLOGY CENTER       ,OK,73036-9117,Public       ,40,157,197,111,460,571
00996800,GORDON COOPER TECHNOLOGY CENTER         ,OK,74804-9913,Public       ,43,149,192,125,477,602
01005300,INDIAN CAPITAL TECHNOLGY CENTER #4      ,OK,74403-9907,Public       ,55,183,238,205,744,949
01026600,HILLSDALE FREE WILL BAPTIST COLLEGE     ,OK,73153-0000,Private      ,47,31,78,196,103,299
01034200,SOUTHERN OKLAHOMA TECHNOLOGY CENTER     ,OK,73401-2100,Public       ,30,86,116,110,315,425
01039100,OKLAHOMA CITY COMMUNITY COLLEGE         ,OK,73159-4444,Public       ,1229,2928,4157,5063,9893,14956
01050304,WTI TULSA CAMPUS                        ,OK,74112-3140,Proprietary  ,12,91,103,30,267,297
01071700,GREAT PLAINS TECHNOLOGY CENTER SCHOOL DI,OK,73505-8399,Public       ,41,226,267,205,833,1038
01076200,WESTERN OK AREA VOC TECH SCH DIST12     ,OK,73624-1469,Public       ,15,34,49,57,118,175
01120600,PIONEER TECHNOLOGY CENTER               ,OK,74601-1106,Public       ,12,64,76,46,196,242
01128200,OKLAHOMA STATE UNV CLG OSTEOPTHC MD     ,OK,74107-0000,Public       ,15,102,117,161,757,918
01153700,MID-AMERICA TECHNOLOGY CENTER           ,OK,73095-0210,Public       ,25,46,71,46,124,170
01227200,MOORE-NORMAN TECHNOLOGY CENTER          ,OK,73069-8399,Public       ,59,300,359,239,1042,1281
02052700,NORTHEAST TECHNOLOGY CENTER             ,OK,74361-0487,Public       ,56,169,225,181,597,778
02060800,MERIDIAN TECHNOLOGY CENTER              ,OK,74074-0000,Public       ,41,113,154,182,439,621
02126500,ENID BEAUTY COLLEGE                     ,OK,73701-0000,Proprietary  ,7,24,31,26,58,84
02184400,SAND SPRINGS BEAUTY COLLEGE             ,OK,74063-0000,Proprietary  ,12,58,70,32,148,180
02197300,HOLLYWOOD COSMETOLOGY CENTER            ,OK,73189-0000,Proprietary  ,2,36,38,15,86,101
02222700,FRANCIS TUTTLE TECHNOLOGY CENTER        ,OK,73142-0000,Public       ,109,443,552,363,1626,1989
02238500,CENTRAL STATE BEAUTY ACADEMY            ,OK,73162-6007,Proprietary  ,16,100,116,67,300,367
02250900,E OK COUNTY AREA VO-TECH                ,OK,73020-0000,Public       ,9,32,41,34,88,122
02256200,"BROKEN ARROW BEAUTY COLLEGE, INC        ",OK,74012-0000,Proprietary  ,29,95,124,91,272,363
02282100,HIGH PLAINS AREA VOC-TECH               ,OK,73801-0000,Public       ,8,22,30,38,84,122
02306800,PLATT COLLEGE                           ,OK,74145-0000,Proprietary  ,137,684,821,339,1792,2131
02510300,BEAUTY TECHNICAL COLLEGE                ,OK,74465-0000,Proprietary  ,6,36,42,28,79,107
02531200,WOODWARD BEAUTY COLLEGE                 ,OK,73801-0000,Proprietary  ,4,17,21,8,41,49
02554300,AMERICAN BEAUTY INSTITUTE               ,OK,74501-0000,Proprietary  ,11,14,25,22,51,73
02556500,YUKON BEAUTY COLLEGE                    ,OK,73099-4108,Proprietary  ,0,7,7,4,29,33
02560200,PHILLIPS THEOLOGICAL SEMINARY -         ,OK,74116-5612,Private      ,0,29,29,8,118,126
02581100,CLAREMORE BEAUTY COLLEGE                ,OK,74017-7034,Proprietary  ,2,13,15,14,33,47
02581200,CC'S COSMETOLOGY COLLEGE                ,OK,74129-0000,Proprietary  ,8,65,73,66,181,247
02591101,CAREER POINT INSTITUTE                  ,OK,74146-0000,Proprietary  ,23,141,164,105,434,539
02596501,ATI-CAREER TRAINING CENTER - OKLAHOMA CI,OK,73107-2442,Proprietary  ,9,57,66,39,210,249
02596502,ATI- CAREER TRAINING CENTER - OKLAHOMA C,OK,76101-2740,Proprietary  ,27,134,161,108,508,616
02597400,PONTOTOC TECHNOLOGY CENTER SCHOOL       ,OK,74820-8621,Public       ,20,64,84,63,257,320
02599706,VATTEROTT COLLEGE - TULSA               ,OK,74146-2205,Proprietary  ,11,131,142,72,472,544
02600000,NORTHWEST TECHNOLOG CTR SCH DIST 10     ,OK,73717-9600,Public       ,12,18,30,33,55,88
02600500,WES WATKINS TECHNOLOGY CENTER           ,OK,74883-9660,Public       ,7,55,62,37,162,199
02609205,VATTEROTT COLLEGE - OKLAHOMA CITY       ,OK,73127-2103,Proprietary  ,26,200,226,92,681,773
03008700,SOUTHWEST TECHNOLOGY CENTER             ,OK,73521-1527,Public       ,19,63,82,46,154,200
03024700,STILLWATER BEAUTY ACADEMY               ,OK,74075-3467,Proprietary  ,5,18,23,29,59,88
03030700,OKLAHOMA SCHOOL OF PHOTOGRAPHY          ,OK,73160-3320,Proprietary  ,7,32,39,39,103,142
03030800,AMERICAN BROADCASTING SCHOOL            ,OK,73115-3334,Proprietary  ,16,108,124,54,337,391
03051100,CHISHOLM TRAIL TECHNOLOGY CENTER        ,OK,73764-9720,Public       ,5,32,37,14,70,84
03078500,TECH INST OF COSMETOLOGY ARTS & SCI     ,OK,74120-3610,Proprietary  ,7,52,59,52,143,195
03103800,SOUTHERN SCHOOL OF BEAUTY               ,OK,74701-5008,Proprietary  ,5,18,23,27,53,80
03109800,PONCA CITY BEAUTY COLLEGE               ,OK,74601-4201,Proprietary  ,2,14,16,3,31,34
03109801,BARTLESVILLE BEAUTY COLLEGE             ,OK,74003-2835,Proprietary  ,2,20,22,3,34,37
03115100,HERITAGE COLLEGE                        ,OK,73119-0000,Proprietary  ,94,315,409,253,1010,1263
03124800,PLATT COLLEGE                           ,OK,73501-3808,Proprietary  ,25,148,173,87,411,498
03124901,IMAGINE -  PAUL MITCHELL PARTNER SCHOOL ,OK,73072-4831,Proprietary  ,28,64,92,102,209,311
03126200,GREEN COUNTRY AREA VOC TECH SCHOOL      ,OK,74447-1217,Public       ,12,34,46,65,167,232
03198400,MID-DEL AREA VOCATIONAL & TECH SCH      ,OK,73110-4825,Public       ,10,73,83,36,182,218
03329400,PRYOR BEAUTY COLLEGE                    ,OK,74361-0000,Proprietary  ,0,9,9,11,36,47
03329401,PRYOR BEAUTY COLLEGE - GROVE BEAUTY COLL,OK,74345-0009,Proprietary  ,1,6,7,4,21,25
03329402,PRYOR BEAUTY COLLEGE - NORTH EAST OKLAHO,OK,74338-0000,Proprietary  ,0,2,2,1,6,7
03367400,COMMUNITY CARE COLLEGE                  ,OK,74145-6420,Proprietary  ,151,572,723,515,1659,2174
03396300,OKLAHOMA HEALTH ACADEMY                 ,OK,74105-6220,Proprietary  ,7,44,51,110,271,381
03396400,OKLAHOMA HEALTH ACADEMY                 ,OK,73160-3667,Proprietary  ,6,25,31,21,87,108
03453400,SHAWNEE BEAUTY COLLEGE                  ,OK,74801-7014,Proprietary  ,5,16,21,17,46,63
03676300,FAMILY OF FAITH COLLEGE                 ,OK,74802-1805,Private      ,3,7,10,12,19,31
03831300,INSTITUTE OF HAIR DESIGN                ,OK,74804-0000,Proprietary  ,7,14,21,15,39,54
03928300,CENTRAL STATE MASSAGE ACADEMY           ,OK,73162-6007,Proprietary  ,6,45,51,31,109,140
04051324,ART INSTITUTE OF PHOENIX (THE) - BROWN M,OK,74146-5234,Proprietary  ,20,81,101,103,319,422
04060300,AMERICAN INSTITUTE OF MEDICAL TECHNOLOGY,OK,74146-5201,Proprietary  ,15,106,121,111,355,466
04062300,BROOKLINE COLLEGE                       ,OK,73114-6318,Proprietary  ,6,48,54,29,156,185
04133600,CUTTER'S EDGE SCHOOL OF COSMETOLOGY     ,OK,74023-2905,Proprietary  ,2,8,10,2,26,28
04144400,ACADEMY OF HAIR DESIGN (THE)            ,OK,73120-6808,Proprietary  ,11,66,77,49,197,246
00163700,BETHANY THEOLOGICAL SEMINARY            ,IN,47374-0000,Private      ,0,10,10,2,64,66
00178400,ANCILLA COLLEGE-FINANCIAL AID OFFC      ,IN,46513-0001,Private      ,30,63,93,488,530,1018
00178500,ANDERSON UNIVERSITY                     ,IN,46012-3495,Private      ,122,247,369,2982,1311,4293
00178600,BALL STATE UNIVERSITY                   ,IN,47306-0880,Public       ,724,1022,1746,23936,9051,32987
00178700,BETHEL COLLEGE INC                      ,IN,46545-5591,Private      ,46,193,239,1724,1661,3385
00178800,BUTLER UNIVERSITY                       ,IN,46208-3487,Private      ,161,306,467,8810,2545,11355
00178900,CHRISTIAN THEOLOGICAL SEMINARY          ,IN,46208-0000,Private      ,1,41,42,16,345,361
00179200,DEPAUW UNIVERSITY                       ,IN,46135-0037,Private      ,76,16,92,3221,165,3386
00179300,EARLHAM COLLEGE                         ,IN,47374-4095,Private      ,44,22,66,1357,202,1559
00179301,EARLHAM SCHOOL OF RELIGION              ,IN,47374-0000,Private      ,0,8,8,12,60,72
00179500,UNIVERSITY OF EVANSVILLE                ,IN,47722-0002,Private      ,82,171,253,4120,1127,5247
00179800,FRANKLIN COLLEGE OF INDIANA             ,IN,46131-2623,Private      ,44,43,87,2076,371,2447
00179900,GOSHEN COLLEGE                          ,IN,46526-4794,Private      ,39,73,112,1005,521,1526
00180000,GRACE COLLEGE & THEO SEMINARY           ,IN,46590-1224,Private      ,50,88,138,2014,567,2581
00180100,HANOVER COLLEGE                         ,IN,47243-0108,Private      ,46,17,63,2592,138,2730
00180300,HUNTINGTON UNIVERSITY                   ,IN,46750-1299,Private      ,43,55,98,1473,414,1887
00180400,UNIVERSITY OF INDIANAPOLIS              ,IN,46227-3697,Private      ,208,702,910,7087,5731,12818
00180500,INDIANA INSTITUTE OF TECHNOLOGY         ,IN,46803-1297,Private      ,172,985,1157,2556,5651,8207
00180700,INDIANA STATE UNIVERSITY                ,IN,47809-2501,Public       ,432,974,1406,14124,7717,21841
00180800,UNIVERSITY OF SOUTHERN INDIANA          ,IN,47712-3596,Public       ,354,606,960,10041,4570,14611
00180900,INDIANA UNIVERSITY-BLOOMINGTON          ,IN,47405-1223,Public       ,1085,1178,2263,35648,12310,47958
00181100,INDIANA UNIV-EAST                       ,IN,47374-1289,Public       ,105,508,613,2167,2934,5101
00181300,INDIANA UNIV-PURDUE UNIV INDPLS         ,IN,46202-5145,Public       ,1000,2811,3811,22642,25241,47883
00181301,INDIANA UNIVERSITY - PURDUE UNIVERSITY I,IN,47203-1769,Public       ,116,309,425,2056,2315,4371
00181400,INDIANA UNIV KOKOMO                     ,IN,46902-3557,Public       ,135,472,607,2432,3193,5625
00181500,INDIANA UNIV-NORTHWEST                  ,IN,46408-1197,Public       ,329,1060,1389,4158,6621,10779
00181600,INDIANA UNIVERSITY - SOUTH BEND         ,IN,46615-0000,Public       ,256,837,1093,5511,6602,12113
00181700,INDIANA UNIVERSITY-SOUTHEAST            ,IN,47150-6405,Public       ,282,633,915,4728,4501,9229
00182000,MANCHESTER COLLEGE                      ,IN,46962-1276,Private      ,47,30,77,2691,387,3078
00182100,MARIAN UNIVERSITY                       ,IN,46222-1997,Private      ,88,366,454,2408,3004,5412
00182200,INDIANA WESLEYAN UNIVERSITY             ,IN,46953-4974,Private      ,193,2662,2855,4839,15309,20148
00182300,ASSOCIATED MENNONITE BIBLICAL SEM       ,IN,46517-1999,Private      ,0,16,16,4,105,109
00182400,OAKLAND CITY UNIVERSITY                 ,IN,47660-1099,Private      ,18,102,120,637,704,1341
00182500,PURDUE UNIVERSITY                       ,IN,47907-2050,Public       ,811,900,1711,33217,8694,41911
00182600,PURDUE UNIV NORTH CENTRAL CAMPUS        ,IN,46391-9542,Public       ,176,332,508,3207,2620,5827
00182700,PURDUE UNIV CALUMET                     ,IN,46323-2094,Public       ,449,1129,1578,6082,7083,13165
00182800,INDIANA UNIV-PURDUE UNIV FORT WAYNE     ,IN,46805-1499,Public       ,516,1251,1767,10844,9465,20309
00183000,ROSE HULMAN INSTITUTE OF TECHNOLOGY     ,IN,47803-3999,Private      ,60,36,96,3629,234,3863
00183200,UNIVERSITY OF SAINT FRANCIS             ,IN,46808-3994,Private      ,70,230,300,2612,2228,4840
00183300,ST JOSEPH'S COLLEGE                     ,IN,47978-0000,Private      ,30,17,47,1547,231,1778
00183400,CALUMET COLLEGE OF SAINT JOSEPH         ,IN,46394-2195,Private      ,75,195,270,597,908,1505
00183500,SAINT MARY-OF-THE-WOODS COLLEGE         ,IN,47876-0067,Private      ,11,165,176,403,1257,1660
00183600,ST MARY'S COLLEGE                       ,IN,46556-5007,Private      ,13,10,23,1828,110,1938
00183800,TAYLOR UNIVERSITY                       ,IN,46989-1001,Private      ,52,47,99,2625,311,2936
00183900,TRINE UNIVERSITY                        ,IN,46703-1764,Private      ,43,137,180,2982,1047,4029
00184000,UNIVERSITY OF NOTRE DAME                ,IN,46556-5602,Private      ,251,253,504,13350,3601,16951
00184200,VALPARAISO UNIVERSITY                   ,IN,46383-6493,Private      ,130,287,417,5223,2348,7571
00184300,VINCENNES UNIVERSITY                    ,IN,47591-1523,Public       ,428,876,1304,7071,4858,11929
00184400,WABASH COLLEGE                          ,IN,47933-0352,Private      ,22,12,34,1465,90,1555
00457900,INTERNATIONAL BUSINESS COLLEGE          ,IN,46804-0000,Proprietary  ,26,95,121,795,635,1430
00457901,INTERNATIONAL BUSINESS COLLEGE          ,IN,46256-0000,Proprietary  ,26,88,114,766,571,1337
00625700,SAINT ELIZABETH SCHOOL OF NURSING       ,IN,47904-2198,Private      ,10,58,68,246,519,765
00726300,HOLY CROSS COLLEGE                      ,IN,46556-0308,Private      ,37,20,57,676,144,820
00727600,SAINT MEINRAD SCHOOL OF THEOLOGY        ,IN,47577-1002,Private      ,0,42,42,1,119,120
00732900,ITT TECHNICAL INSTITUTE                 ,IN,46268-1119,Proprietary  ,948,4900,5848,2459,12292,14751
00732908,ITT TECHNICAL INSTITUTE                 ,IN,46143-1067,Proprietary  ,0,0,0,3,16,19
00732933,ITT TECHNICAL INSTITUTE                 ,IN,46635-1512,Proprietary  ,57,311,368,444,1331,1775
00732962,ITT TECHNICAL INSTITUTE                 ,IN,47630-7430,Proprietary  ,314,1367,1681,777,3173,3950
00732968,ITT TECHNICAL INSTITUTE                 ,IN,46410-0000,Proprietary  ,27,116,143,217,671,888
00732993,ITT TECHNICAL INSTITUTE                 ,IN,46825-2393,Proprietary  ,298,1135,1433,1138,3137,4275
00736200,MEDTECH COLLEGE                         ,IN,46250-3970,Proprietary  ,60,376,436,427,2439,2866
00736202,MEDTECH COLLEGE - GREENWOOD             ,IN,46143-6478,Proprietary  ,28,186,214,179,1149,1328
00736204,MEDTECH COLLEGE - FORT WAYNE            ,IN,46804-2209,Proprietary  ,32,195,227,246,1182,1428
00793800,LINCOLN COLLEGE OF TECHNOLOGY           ,IN,46202-0000,Proprietary  ,179,246,425,1649,1131,2780
00931306,DAYMAR COLLEGE - ROCKPORT               ,IN,47635-1506,Proprietary  ,2,18,20,13,86,99
00951500,J MICHAEL HARROLD BEAUTY ACADEMY        ,IN,47807-3390,Proprietary  ,10,41,51,78,165,243
00961200,"APEX SCHOOL OF BEAUTY CULTURE, INC      ",IN,46016-0000,Proprietary  ,5,16,21,21,56,77
00961300,MERRILLVILLE BEAUTY COLLEGE             ,IN,46410-3401,Proprietary  ,11,49,60,46,155,201
00967300,RUDAE'S SCHOOL OF BEAUTY CULTURE        ,IN,46825-5444,Proprietary  ,20,82,102,120,296,416
00977700,KAPLAN COLLEGE                          ,IN,46278-1736,Proprietary  ,53,417,470,445,1887,2332
00977702,KAPLAN COLLEGE - TEMPORARY FACILITY EXPA,IN,46268-4111,Proprietary  ,2,39,41,18,140,158
00977703,KAPLAN COLLEGE -  SE INDY               ,IN,46227-0000,Proprietary  ,33,276,309,202,1062,1264
00991700,IVY TECH COMMUNITY COLLEGE OF INDIANA   ,IN,46208-1763,Public       ,5135,19967,25102,42615,102847,145462
01015100,VINCENNES BEAUTY COLLEGE                ,IN,47591-1297,Proprietary  ,9,24,33,78,117,195
01040900,LAFAYETTE BEAUTY ACADEMY                ,IN,47901-1149,Proprietary  ,13,37,50,83,204,287
01048900,NATIONAL COLLEGE                        ,IN,46250-1930,Proprietary  ,7,94,101,55,466,521
01048910,NATIONAL COLLEGE - SOUTH BEND           ,IN,46617-3123,Proprietary  ,14,106,120,114,543,657
01048911,NATIONAL COLLEGE - FORT WAYNE           ,IN,46826-4905,Proprietary  ,10,71,81,71,360,431
01061800,MID-AMERICA CLG FUNERAL SERVICE         ,IN,47130-9990,Private      ,12,50,62,61,167,228
01150500,CREATIVE HAIR STYLING ACADEMY           ,IN,46322-1554,Proprietary  ,22,28,50,101,169,270
02084800,RAVENSCROFT BEAUTY COLLEGE              ,IN,46815-0000,Proprietary  ,24,81,105,122,304,426
02087600,CONCORDIA THEOLOGICAL SEMINARY          ,IN,46825-0000,Private      ,1,23,24,12,263,275
02100402,EVEREST INSTITUTE - EVEREST COLLEGE     ,IN,46410-7064,Proprietary  ,53,351,404,297,1316,1613
02140800,MARTIN UNIVERSITY                       ,IN,46218-0000,Private      ,42,387,429,269,1730,1999
02158400,HARRISON COLLEGE                        ,IN,46204-2611,Proprietary  ,98,509,607,780,3897,4677
02158401,HARRISON COLLEGE - COLUMBUS             ,IN,47203-1843,Proprietary  ,18,91,109,174,674,848
02158402,HARRISON COLLEGE - LAFAYETTE            ,IN,47905-4859,Proprietary  ,24,137,161,239,771,1010
02158405,HARRISON COLLEGE - TERRE HAUTE          ,IN,47802-0000,Proprietary  ,12,98,110,152,705,857
02158407,HARRISON COLLEGE - ANDERSON             ,IN,46013-0000,Proprietary  ,22,136,158,157,693,850
02158409,HARRISON COLLEGE - EVANSVILLE           ,IN,47715-3901,Proprietary  ,23,150,173,202,714,916
02158410,HARRISON COLLEGE - EAST                 ,IN,46239-8903,Proprietary  ,26,182,208,256,1201,1457
02158412,HARRISON COLLEGE - FORT WAYNE           ,IN,46825-0000,Proprietary  ,18,135,153,235,994,1229
02158413,HARRISON COLLEGE - NORTHWEST            ,IN,46278-0000,Proprietary  ,22,95,117,241,580,821
02158415,HARRISON COLLEGE - MUNCIE               ,IN,47303-0000,Proprietary  ,20,124,144,183,637,820
02158416,HARRISON COLLEGE - ELKHART              ,IN,46516-0000,Proprietary  ,13,85,98,85,558,643
02158800,DON ROBERTS BEAUTY SCHOOLS              ,IN,46383-0000,Proprietary  ,7,35,42,45,95,140
02164300,DON ROBERTS SCHOOL OF HAIR DESIGN       ,IN,46375-9999,Proprietary  ,3,20,23,29,77,106
02180108,ROSS MEDICAL EDUCATION CENTER -         ,IN,46530-4479,Proprietary  ,4,36,40,34,151,185
02201800,KAPLAN COLLEGE                          ,IN,46324-3347,Proprietary  ,45,227,272,251,1002,1253
02241700,PJ'S COLLEGE OF COSMETOLOGY             ,IN,47129-0000,Proprietary  ,11,55,66,65,211,276
02245505,FORTIS COLLEGE - INDIANAPOLIS CAMPUS    ,IN,46268-0000,Proprietary  ,23,80,103,110,484,594
02302700,J EVERETT LIGHT CAREER CENTER           ,IN,46240-0000,Public       ,10,65,75,115,477,592
02304800,PJ'S COLLEGE OF COSMETOLOGY             ,IN,47374-0000,Proprietary  ,6,36,42,42,131,173
02308900,MASTER'S OF COSMETOLOGY COLLEGE         ,IN,46809-0000,Proprietary  ,27,51,78,170,244,414
02339600,ROGER'S ACADEMY OF HAIR DESIGN          ,IN,47712-0000,Proprietary  ,26,77,103,84,228,312
02345200,EMPIRE BEAUTY SCHOOL                    ,IN,46237-0000,Proprietary  ,34,162,196,250,740,990
02351300,KNOX BEAUTY COLLEGE                     ,IN,46534-0000,Proprietary  ,2,9,11,14,29,43
02490500,HAIR FASHIONS BY KAYE BEAUTY CLG        ,IN,46250-0000,Proprietary  ,16,75,91,121,346,467
02490800,HAIR FASHIONS BY KAYE BEAUTY CLG        ,IN,46060-0000,Proprietary  ,11,23,34,38,69,107
02607000,HAIR ARTS ACADEMY                       ,IN,47404-2419,Proprietary  ,11,35,46,59,165,224
02615800,COLLEGE OF COURT REPORTING              ,IN,46342-5969,Proprietary  ,11,64,75,40,316,356
03100600,MARION COMM TUCKER AREA VOC SCHOOL      ,IN,46952-3831,Public       ,4,33,37,81,255,336
03176300,AVIATION INSTITUTE OF MAINTENANCE       ,IN,46241-1445,Proprietary  ,31,103,134,158,485,643
03262300,DAVID DEMUTH INSTITUTE OF COSM          ,IN,47374-4101,Proprietary  ,2,22,24,21,58,79
03456700,CROSSROADS BIBLE COLLEGE                ,IN,46219-4912,Private      ,11,71,82,86,379,465
03538300,ALEXANDRIA SCH OF SCIENTIFIC THERAP     ,IN,46001-0287,Proprietary  ,5,24,29,29,88,117
04038700,IDEAL BEAUTY ACADEMY                    ,IN,47130-4215,Proprietary  ,3,27,30,29,83,112
04051304,ART INSTITUTE OF PHOENIX (THE) - ART  IN,IN,46268-1170,Proprietary  ,123,243,366,1283,1227,2510
04051311,ART INSTITUTE OF PHOENIX (THE) - BROWN M,IN,46410-5608,Proprietary  ,31,191,222,204,981,1185
04051312,ART INSTITUTE OF PHOENIX (THE) - BROWN M,IN,46360-7362,Proprietary  ,15,120,135,122,608,730
04051318,ART INSTITUTE OF PHOENIX (THE) - BROWN M,IN,46204-1017,Proprietary  ,55,345,400,378,1847,2225
04051321,ART INSTITUTE OF PHOENIX (THE) - BROWN M,IN,46635-1176,Proprietary  ,41,197,238,291,1045,1336
04051322,ART INSTITUTE OF PHOENIX (THE) - BROWN M,IN,46805-0000,Proprietary  ,52,228,280,325,1536,1861
04100300,SUCCESS SCHOOLS                         ,IN,46410-5310,Proprietary  ,16,53,69,104,263,367
04121000,TECHSKILLS - INDIANAPOLIS               ,IN,46240-4302,Proprietary  ,5,73,78,77,304,381
04130900,HONORS BEAUTY COLLEGE                   ,IN,46256-3317,Proprietary  ,16,69,85,106,268,374
04155900,AVEDA FREDRIC'S INSTITUTE               ,IN,46250-4746,Proprietary  ,19,65,84,153,242,395
04166700,REM SPA INC                             ,IN,46013-3136,Proprietary  ,10,37,47,60,153,213
04171700,AVANT GARD THE SCHOOL                   ,IN,46214-6500,Proprietary  ,3,16,19,29,71,100
04172700,SALON PROFESSIONAL ACADEMY (THE)        ,IN,47715-7822,Proprietary  ,13,57,70,99,228,327
04184000,PAUL MITCHELL THE SCHOOL INDIANAPOLIS   ,IN,46227-6252,Proprietary  ,28,81,109,218,347,565
04186600,SALON PROFESSIONAL ACADEMY (THE)        ,IN,46901-6248,Proprietary  ,13,37,50,86,204,290
04205500,LIL LOU'S BARBER COLLEGE                ,IN,46409-2645,Proprietary  ,6,43,49,28,127,155
00190100,ALLEN COUNTY COMMUNITY COLLEGE          ,KS,66749-1607,Public       ,273,535,808,1146,1554,2700
00190200,COWLEY COUNTY COMMUNITY COLLEGE & AREA V,KS,67005-2662,Public       ,347,990,1337,1752,2859,4611
00190300,BAKER UNIVERSITY                        ,KS,66006-0065,Private      ,122,583,705,1421,1968,3389
00190400,BETHANY COLLEGE                         ,KS,67456-1897,Private      ,57,32,89,781,110,891
00190500,BETHEL COLLEGE                          ,KS,67117-8061,Private      ,41,43,84,596,172,768
00190600,BUTLER COUNTY COMMUNITY COLLEGE         ,KS,67042-3280,Public       ,869,1608,2477,4615,5655,10270
00190700,CENTRAL BAPTIST THEOLOGY SEMINARY       ,KS,66226-3513,Private      ,0,21,21,0,64,64
00190800,CENTRAL CHRISTIAN COLLEGE OF KANSAS     ,KS,67460-5799,Private      ,36,215,251,403,533,936
00190900,CLOUD COUNTY COMMUNITY COLLEGE          ,KS,66901-1002,Public       ,135,334,469,853,1116,1969
00191000,COFFEYVILLE COMMUNITY COLLEGE           ,KS,67337-5064,Public       ,187,191,378,1038,570,1608
00191100,COLBY COMMUNITY COLLEGE                 ,KS,67701-4099,Public       ,96,130,226,647,466,1113
00191300,DODGE CITY COMMUNITY COLLEGE            ,KS,67801-2399,Public       ,136,219,355,953,723,1676
00191400,DONNELLY COLLEGE                        ,KS,66102-4298,Private      ,69,273,342,266,688,954
00191500,FORT HAYS STATE UNIVERSITY              ,KS,67601-4099,Public       ,415,1196,1611,4199,5482,9681
00191600,FORT SCOTT COMMUNITY COLLEGE            ,KS,66701-3199,Public       ,216,345,561,1155,1033,2188
00191700,BARCLAY COLLEGE                         ,KS,67059-0288,Private      ,30,32,62,157,129,286
00191800,FRIENDS UNIVERSITY                      ,KS,67213-3397,Private      ,118,568,686,1503,2860,4363
00191900,GARDEN CITY COMMUNITY COLLEGE           ,KS,67846-6398,Public       ,191,189,380,848,670,1518
00192000,HESSTON COLLEGE                         ,KS,67062-2093,Private      ,30,26,56,504,198,702
00192100,HIGHLAND COMMUNITY COLLEGE              ,KS,66035-4062,Public       ,188,373,561,1282,1459,2741
00192300,HUTCHINSON COMMUNITY COLLEGE            ,KS,67501-5894,Public       ,407,822,1229,2483,2750,5233
00192400,INDEPENDENCE COMMUNITY COLLEGE          ,KS,67301-0708,Public       ,161,192,353,613,481,1094
00192500,KANSAS CITY KANSAS COMMUNITY CLG        ,KS,66112-9978,Public       ,595,1825,2420,2208,5483,7691
00192600,PITTSBURG STATE UNIVERSITY              ,KS,66762-7500,Public       ,719,734,1453,5617,3090,8707
00192700,EMPORIA STATE UNIVERSITY                ,KS,66801-5087,Public       ,369,540,909,3398,2880,6278
00192800,KANSAS STATE UNIVERSITY                 ,KS,66506-1104,Public       ,1251,1281,2532,17013,7208,24221
00192900,KANSAS WESLEYAN UNIVERSITY              ,KS,67401-6196,Private      ,53,67,120,1094,368,1462
00193000,LABETTE COMMUNITY COLLEGE               ,KS,67357-4299,Public       ,134,242,376,721,863,1584
00193100,MANHATTAN CHRISTIAN COLLEGE             ,KS,66502-4081,Private      ,39,31,70,370,133,503
00193300,MCPHERSON COLLEGE                       ,KS,67460-3899,Private      ,32,29,61,899,190,1089
00193600,NEOSHO COUNTY COMMUNITY COLLEGE         ,KS,66720-2699,Public       ,146,344,490,815,1253,2068
00193700,OTTAWA UNIVERSITY                       ,KS,66067-3399,Private      ,108,785,893,1004,2810,3814
00193800,PRATT COMMUNITY COLLEGE                 ,KS,67124-8432,Public       ,112,244,356,599,828,1427
00193900,NEWMAN UNIVERSITY                       ,KS,67213-2084,Private      ,139,417,556,1496,1884,3380
00194000,SOUTHWESTERN COLLEGE                    ,KS,67156-2499,Private      ,38,275,313,826,1251,2077
00194300,UNIVERSITY OF ST MARY                   ,KS,66048-5023,Private      ,64,209,273,692,724,1416
00194500,STERLING COLLEGE                        ,KS,67579-1533,Private      ,66,31,97,810,166,976
00194600,TABOR COLLEGE                           ,KS,67063-1799,Private      ,58,88,146,862,294,1156
00194800,UNIVERSITY OF KANSAS                    ,KS,66045-7535,Public       ,1097,1166,2263,17669,10698,28367
00194900,WASHBURN UNIVERSITY                     ,KS,66621-1110,Public       ,368,766,1134,3508,4061,7569
00194901,WASHBURN INSTITUTE OF TECHNOLOGY        ,KS,66604-2199,Public       ,154,404,558,971,1609,2580
00195000,WICHITA STATE UNIVERSITY                ,KS,67208-0001,Public       ,905,1862,2767,7692,8819,16511
00460800,BARTON COUNTY COMMUNITY COLLEGE         ,KS,67530-9283,Public       ,163,595,758,975,2051,3026
00526400,FLINT HILLS TECHNICAL COLLEGE           ,KS,66801-5999,Public       ,66,124,190,338,512,850
00526500,NORTH CENTRAL KANSAS TECH COLG          ,KS,67420-0000,Public       ,68,95,163,389,354,743
00526700,NORTHWEST KANSAS TECHNICAL SCHOOL       ,KS,67735-3441,Public       ,67,48,115,294,189,483
00549800,WICHITA AREA TECHNICAL COLLEGE          ,KS,67211-2099,Public       ,247,1136,1383,673,2828,3501
00549900,SALINA AREA TECHNICAL COLLEGE           ,KS,67401-8195,Public       ,41,104,145,222,300,522
00550000,MANHATTAN AREA TECHNICAL COLLEGE        ,KS,66503-2499,Public       ,71,211,282,430,779,1209
00675500,BROWN MACKIE COLLEGE (THE)              ,KS,67401-7307,Proprietary  ,147,463,610,457,1513,1970
00703200,MID AMERICA NAZARENE UNIVERSITY         ,KS,66062-1899,Private      ,114,398,512,1151,1344,2495
00822800,SEWARD CO COMM CO/AREA TECHNICAL SCHOOL ,KS,67905-0000,Public       ,147,157,304,572,512,1084
00824400,JOHNSON COUNTY COMMUNITY COLLEGE        ,KS,66210-1299,Public       ,1029,2060,3089,6377,8657,15034
00833200,B-STREET DESIGN SCHOOL OF INTERNATIONAL ,KS,66502-6082,Proprietary  ,8,34,42,47,112,159
00833201,B-STREET DESIGN SCHOOL OF INTERNATIONAL ,KS,66046-2743,Proprietary  ,12,26,38,31,66,97
01025600,BENEDICTINE COLLEGE                     ,KS,66002-1499,Private      ,110,47,157,2504,210,2714
01043800,HASKELL INDIAN NATIONS UNIVERSITY       ,KS,66046-4800,Public       ,216,150,366,1175,820,1995
01050300,WICHITA TECHNICAL INSTITUTE             ,KS,67213-1927,Proprietary  ,87,365,452,247,1184,1431
01050302,WICHITA TECHNICAL INSTITUTE - WTI TOPEKA,KS,66609-1217,Proprietary  ,21,153,174,72,438,510
01050305,WICHITA TECHNICAL INSTITUTE - EAST CAMPU,KS,67208-4243,Proprietary  ,18,162,180,79,468,547
02090700,CLEVELAND CHIROPRACTIC COLLEGE          ,KS,66210-1613,Private      ,5,107,112,52,559,611
02134800,OLD TOWN BARBER AND BEAUTY COLLEGE      ,KS,67211-0000,Proprietary  ,18,51,69,36,123,159
02257700,HAYS ACADEMY OF HAIR DESIGN             ,KS,67601-0000,Proprietary  ,14,33,47,65,96,161
02303500,AMERICAN INSTITUTE OF BAKING            ,KS,66502-0000,Private      ,0,0,0,4,3,7
02340700,LABARON HAIRDRESSING ACADEMY            ,KS,66204-0000,Proprietary  ,3,18,21,11,59,70
02590900,WRIGHT CAREER COLLEGE                   ,KS,66212-0000,Private      ,151,1066,1217,336,2853,3189
02599709,VATTEROTT COLLEGE - WICHITA             ,KS,67226-1304,Proprietary  ,30,194,224,94,578,672
02603100,XENON INTERNATIONAL ACADEMY             ,KS,67203-5428,Proprietary  ,36,76,112,134,246,380
02606300,PAUL MITCHELL THE SCHOOL WICHITA        ,KS,67226-2803,Proprietary  ,37,79,116,130,211,341
02611005,HERITAGE COLLEGE - WICHITA              ,KS,67210-1879,Proprietary  ,41,236,277,160,693,853
02613000,PINNACLE CAREER INSTITUTE               ,KS,66046-2703,Proprietary  ,15,102,117,56,339,395
03031300,XENON INTERNATIONAL ACADEMY IV          ,KS,66061-3765,Proprietary  ,13,29,42,39,94,133
03066200,BRYAN COLLEGE                           ,KS,66604-2496,Proprietary  ,10,82,92,40,313,353
03450300,B-STREET DESIGN SCHOOL OF INTERNATIONAL ,KS,66611-2373,Proprietary  ,8,39,47,38,118,156
03450301,B-STREET DESIGN SCHOOL OF INTERNATIONAL ,KS,67207-5148,Proprietary  ,18,48,66,45,129,174
03450302,B-STREET DESIGN SCHOOL OF INTERNATIONAL ,KS,66212-5451,Proprietary  ,17,51,68,66,136,202
03529300,SIDNEY'S HAIRDRESSING COLLEGE           ,KS,67501-7094,Proprietary  ,6,23,29,30,63,93
04132900,Z HAIR ACADEMY                          ,KS,66046-4040,Proprietary  ,6,20,26,46,72,118
04162700,ERIC FISHER ACADEMY                     ,KS,67212-3376,Proprietary  ,31,59,90,143,193,336
04175700,ACADEMY OF AESTHETIC ARTS               ,KS,66203-3502,Proprietary  ,8,25,33,17,59,76
04179600,ENTOURAGE INSTITUTE OF BEAUTY AND ESTHET,KS,66215-3803,Proprietary  ,8,9,17,18,39,57
04205300,MITSU SATO HAIR ACADEMY                 ,KS,66212-1457,Proprietary  ,7,13,20,14,35,49
04209300,PAUL MITCHELL THE SCHOOL - OVERLAND PARK,KS,66212-4050,Proprietary  ,29,49,78,50,88,138
00203300,UNIVERSITY OF MAINE-PRESQUE ISLE        ,ME,04769-2888,Public       ,55,106,161,895,616,1511
00203500,BANGOR THEOLOGICAL SEMINARY             ,ME,04402-0411,Private      ,1,8,9,6,57,63
00203600,BATES COLLEGE                           ,ME,04240-6028,Private      ,55,16,71,2832,138,2970
00203800,BOWDOIN COLLEGE                         ,ME,04011-8451,Private      ,26,7,33,3965,115,4080
00203900,COLBY COLLEGE                           ,ME,04901-8841,Private      ,53,8,61,3109,101,3210
00204000,UNIVERSITY OF MAINE-FARMINGTON          ,ME,04938-1990,Public       ,77,69,146,2731,589,3320
00204100,UNIVERSITY OF MAINE-FORT KENT           ,ME,04743-1292,Public       ,42,65,107,676,456,1132
00204300,HUSSON UNIVERSITY                       ,ME,04401-2999,Private      ,71,171,242,2810,1629,4439
00204400,MAINE MARITIME ACADEMY                  ,ME,04420-0001,Public       ,25,11,36,1207,174,1381
00205000,UNIVERSITY OF NEW ENGLAND               ,ME,04005-9599,Private      ,79,408,487,4578,4169,8747
00205100,SAINT JOSEPH'S COLLEGE                  ,ME,04084-5236,Private      ,51,358,409,1833,1570,3403
00205200,THOMAS COLLEGE                          ,ME,04901-5097,Private      ,62,56,118,1194,328,1522
00205300,UNIVERSITY OF MAINE                     ,ME,04469-0001,Public       ,299,314,613,11663,3206,14869
00205400,UNIVERSITY OF SOUTHERN MAINE            ,ME,04104-0000,Public       ,307,658,965,6906,6161,13067
00205500,UNIVERSITY OF MAINE-MACHIAS             ,ME,04654-1397,Public       ,42,87,129,577,462,1039
00458615,KAPLAN UNIVERSITY - PORTLAND            ,ME,04106-2415,Proprietary  ,34,187,221,192,863,1055
00458616,KAPLAN UNIVERSITY - LEWISTON            ,ME,04240-0000,Proprietary  ,25,225,250,123,997,1120
00520400,BEAL COLLEGE                            ,ME,04401-6896,Proprietary  ,38,121,159,277,698,975
00527600,CENTRAL MAINE COMMUNITY COLLEGE         ,ME,04210-6498,Public       ,248,495,743,1653,2225,3878
00527700,EASTERN MAINE COMMUNITY COLLEGE         ,ME,04401-4280,Public       ,148,294,442,1938,1858,3796
00552500,SOUTHERN MAINE COMMUNITY  COLLEGE       ,ME,04106-1698,Public       ,594,916,1510,4316,4650,8966
00576000,NORTHERN MAINE COMMUNITY COLLEGE        ,ME,04769-2016,Public       ,52,127,179,546,647,1193
00630501,CENTRAL MAINE MEDICAL CENTER - COLLEGE O,ME,04240-4500,Private      ,6,43,49,114,353,467
00676000,UNIVERSITY OF MAINE-AUGUSTA             ,ME,04330-9410,Public       ,186,796,982,1789,5383,7172
00685800,UNITY COLLEGE                           ,ME,04988-9502,Private      ,18,17,35,842,144,986
00903800,MR BERNARD'S SCH HAIR FASHION INC       ,ME,04243-1163,Proprietary  ,9,35,44,45,172,217
00923100,WASHINGTON COUNTY COMMUNITY COLLEGE     ,ME,04619-9704,Public       ,35,74,109,284,308,592
00945900,EMPIRE BEAUTY SCHOOL                    ,ME,04101-3348,Proprietary  ,42,77,119,189,383,572
00982600,KENNEBEC VALLEY  COMMUNITY  COLLEGE     ,ME,04937-1367,Public       ,98,367,465,962,2001,2963
01138500,COLLEGE OF THE ATLANTIC                 ,ME,04609-1105,Private      ,12,9,21,553,108,661
01167300,MAINE COLLEGE OF ART                    ,ME,04101-3987,Private      ,15,41,56,690,227,917
02104400,SPA TECH INSTITUTE                      ,ME,04093-0000,Proprietary  ,36,156,192,138,420,558
02347100,NEW ENGLAND SCHOOL OF COMMUNICATIONS    ,ME,04401-0000,Private      ,26,19,45,636,187,823
02361300,LANDING SCHOOL OF BOATBUILDING & DESIGN ,ME,04046-1490,Private      ,8,7,15,36,50,86
03122900,YORK COUNTY COMMUNITY COLLEGE           ,ME,04090-0529,Public       ,99,203,302,652,1015,1667
03429300,SEACOAST CAREER SCHOOLS                 ,ME,04073-0000,Proprietary  ,48,160,208,113,397,510
03612300,BIRTHWISE MIDWIFERY SCHOOL              ,ME,04009-1110,Proprietary  ,1,7,8,8,82,90
04177400,CAPILO SCHOOL OF HAIR DESIGN            ,ME,04330-0000,Proprietary  ,24,31,55,66,113,179
04185100,NORTHEAST TECHNICAL INSTITUTE           ,ME,04074-0000,Proprietary  ,36,213,249,100,563,663
04188800,INSTITUTE FOR DOCTORAL STUDIES IN THE VI,ME,04102-0000,Private      ,0,12,12,1,39,40
00209300,ST JOHN'S COLLEGE                       ,NM,87505-4599,Private      ,18,23,41,437,210,647
00264900,SANTA FE UNIVERSITY OF ART AND DESIGN   ,NM,87505-7634,Proprietary  ,80,61,141,1036,292,1328
00265000,UNIVERSITY OF THE SOUTHWEST             ,NM,88240-9129,Private      ,50,239,289,356,700,1056
00265100,EASTERN NEW MEXICO UNIV PORTALES        ,NM,88130-6000,Public       ,514,912,1426,3366,3102,6468
00265101,EASTERN NEW MEXICO UNIV-ROSWELL CAM     ,NM,88202-0000,Public       ,335,668,1003,1223,1737,2960
00265300,NEW MEXICO HIGHLANDS UNIVERSITY         ,NM,87701-4436,Public       ,251,578,829,2415,2676,5091
00265400,NEW MEXICO INST OF MINING & TECH        ,NM,87801-4796,Public       ,116,98,214,1367,519,1886
00265500,NEW MEXICO JUNIOR COLLEGE               ,NM,88240-9123,Public       ,236,334,570,784,923,1707
00265600,NEW MEXICO MILITARY INSTITUTE           ,NM,88201-5173,Public       ,78,10,88,503,57,560
00265700,NEW MEXICO STATE UNIVERSITY             ,NM,88003-8001,Public       ,1429,1916,3345,12723,8729,21452
00265701,NEW MEXICO STATE UNIV-ALAMOGORDO        ,NM,88311-0000,Public       ,146,430,576,659,1485,2144
00265702,NEW MEXICO STATE UNIV.-DONA ANA CLG     ,NM,88003-0000,Public       ,775,1336,2111,3687,4982,8669
00265703,NEW MEXICO STATE UNIV-CARLSBAD          ,NM,88220-0000,Public       ,145,251,396,419,665,1084
00265704,NEW MEXICO STATE UNIV-GRANTS            ,NM,87020-0000,Public       ,93,215,308,278,596,874
00266000,SAN JUAN COLLEGE                        ,NM,87402-4699,Public       ,504,1309,1813,2067,4659,6726
00266300,THE UNIVERSITY OF NEW MEXICO            ,NM,87131-0001,Public       ,2148,3750,5898,19605,20365,39970
00266301,UNIVERSITY OF NEW MEXICO                ,NM,87301-5697,Public       ,0,0,0,64,227,291
00266302,UNIVERSITY OF NEW MEXICO                ,NM,87031-0000,Public       ,0,0,0,72,185,257
00266303,UNIVERSITY OF NEW MEXICO                ,NM,87544-2233,Public       ,0,0,0,30,20,50
00266304,UNIVERSITY OF NEW MEXICO                ,NM,87571-6401,Public       ,0,0,0,49,95,144
00266400,WESTERN NEW MEXICO UNIVERSITY           ,NM,88061-5417,Public       ,247,548,795,1481,2113,3594
00405701,NATIONAL AMERICAN UNIVERSITY            ,NM,87110-0000,Proprietary  ,15,166,181,100,730,830
00474200,CENTRAL NEW MEXICO COMMUNITY COLLEGE    ,NM,87106-4096,Public       ,2317,5434,7751,9305,18272,27577
00474300,CLOVIS COMMUNITY COLLEGE                ,NM,88101-8381,Public       ,263,651,914,754,1770,2524
00996200,LUNA COMMUNITY COLLEGE                  ,NM,87701-0000,Public       ,152,266,418,539,751,1290
01063200,DEWOLFF CLG HAIRSTYLING/COSMETOLOGY     ,NM,87112-4113,Proprietary  ,24,95,119,107,242,349
01300500,OLYMPIAN UNIVERSITY OF COSMETOLOGY      ,NM,88310-5051,Proprietary  ,135,349,484,377,1171,1548
02083900,NORTHERN NEW MEXICO COLLEGE             ,NM,87530-0000,Public       ,186,352,538,701,1042,1743
02146400,INSTITUTE OF AMERICAN INDIAN ARTS       ,NM,87508-0000,Public       ,49,78,127,200,321,521
02218808,BROOKLINE COLLEGE - ALBUQUERQUE         ,NM,87105-1649,Proprietary  ,50,240,290,227,851,1078
02278100,SANTA FE COMMUNITY COLLEGE              ,NM,87507-0000,Public       ,319,757,1076,1111,2587,3698
02293203,ATI CAREER TRAINING CENTER - ALBUQUERQUE,NM,87109-2016,Proprietary  ,14,100,114,103,318,421
02357600,NAVAJO TECHNICAL COLLEGE                ,NM,87313-0000,Public       ,219,551,770,560,1197,1757
02511000,SOUTHWESTERN INDIAN POLYTECH INST       ,NM,87184-0000,Public       ,139,203,342,342,544,886
02572003,COMPUTER CAREER CENTER - LAS CRUCES CAMP,NM,88011-8220,Proprietary  ,68,186,254,168,557,725
02622000,SOUTHWEST ACUPUNCTURE COLLEGE           ,NM,87505-0000,Proprietary  ,2,120,122,4,322,326
03076100,SOUTHWESTERN COLLEGE                    ,NM,87507-0000,Private      ,4,42,46,31,264,295
03206300,MESALANDS COMMUNITY COLLEGE             ,NM,88401-3352,Public       ,55,109,164,170,253,423
03430300,UNIVERSAL THERAPEUTIC MASSAGE INSTITUTE ,NM,87107-4403,Proprietary  ,13,50,63,63,197,260
03678300,PIMA MEDICAL INSTITUTE                  ,NM,87110-0000,Proprietary  ,66,263,329,367,834,1201
03944300,MASSAGE THERAPY TRAINING INSTITUTE      ,NM,88007-0000,Proprietary  ,18,35,53,52,126,178
04162400,TONI AND GUY HAIR ACADEMY               ,NM,87106-4404,Proprietary  ,27,64,91,81,167,248
04174500,AVEDA INSTITUTE OF NEW MEXICO (THE)     ,NM,87110-3640,Proprietary  ,38,103,141,167,361,528
04178500,VOGUE COLLEGE OF COSMETOLOGY            ,NM,87505-7636,Proprietary  ,8,40,48,42,116,158
00223400,ADRIAN COLLEGE                          ,MI,49221-2575,Private      ,137,107,244,3062,421,3483
00223500,ALBION COLLEGE                          ,MI,49224-1831,Private      ,90,29,119,2445,163,2608
00223600,ALMA COLLEGE                            ,MI,48801-1599,Private      ,103,34,137,2653,188,2841
00223700,ALPENA COMMUNITY COLLEGE                ,MI,49707-1495,Public       ,222,378,600,1174,1181,2355
00223800,ANDREWS UNIVERSITY                      ,MI,49104-0750,Private      ,263,360,623,2163,1481,3644
00223900,AQUINAS COLLEGE                         ,MI,49506-1799,Private      ,128,204,332,3008,887,3895
00224000,BAY DE NOC COMMUNITY COLLEGE            ,MI,49829-2524,Public       ,259,585,844,1299,1643,2942
00224100,CALVIN COLLEGE                          ,MI,49546-4388,Private      ,132,120,252,4656,604,5260
00224200,CALVIN THEOLOGICAL SEMINARY             ,MI,49546-4387,Private      ,4,35,39,19,205,224
00224300,CENTRAL MICHIGAN UNIVERSITY             ,MI,48859-0001,Public       ,1635,2244,3879,25608,11050,36658
00224600,CLEARY UNIVERSITY                       ,MI,48105-2659,Private      ,37,238,275,164,815,979
00224700,CONCORDIA UNIVERSITY-ANN ARBOR          ,MI,48105-2797,Private      ,87,130,217,879,392,1271
00224800,CRANBROOK ACADEMY OF ART                ,MI,48303-0000,Private      ,3,23,26,42,297,339
00224900,DAVENPORT UNIVERSITY                    ,MI,49503-0000,Private      ,573,3661,4234,3592,12822,16414
00225100,DELTA COLLEGE                           ,MI,48710-0001,Public       ,867,1848,2715,6582,8254,14836
00225400,MICHIGAN STATE UNIVERSITY COLLEGE OF LAW,MI,48824-1300,Private      ,34,165,199,361,2411,2772
00225900,EASTERN MICHIGAN UNIVERSITY             ,MI,48197-2214,Public       ,1994,3392,5386,19241,15678,34919
00226000,FERRIS STATE UNIVERSITY                 ,MI,49307-2251,Public       ,992,1247,2239,16106,8276,24382
00226100,CHARLES STEWART MOTT COMMUNITY CLG      ,MI,48503-2089,Public       ,1446,3053,4499,6314,10864,17178
00226200,KETTERING UNIVERSITY                    ,MI,48504-4898,Private      ,156,126,282,2351,540,2891
00226300,GLEN OAKS COMMUNITY COLLEGE             ,MI,49032-9784,Public       ,112,321,433,698,1068,1766
00226400,GOGEBIC COMMUNITY COLLEGE               ,MI,49938-1365,Public       ,106,183,289,739,641,1380
00226500,GRACE BIBLE COLLEGE                     ,MI,49509-1998,Private      ,47,89,136,482,353,835
00226600,CORNERSTONE UNIVERSITY                  ,MI,49525-5897,Private      ,117,410,527,2394,1973,4367
00226700,GRAND RAPIDS COMMUNITY COLLEGE          ,MI,49503-3295,Public       ,1684,3144,4828,12234,12954,25188
00226800,GRAND VALLEY STATE UNIVERSITY           ,MI,49401-9403,Public       ,1323,1566,2889,26897,9017,35914
00226900,GREAT LAKES CHRISTIAN COLLEGE           ,MI,48917-1299,Private      ,48,56,104,246,194,440
00227000,HENRY FORD COMMUNITY COLLEGE            ,MI,48128-1495,Public       ,2874,5871,8745,11415,19070,30485
00227300,HOPE COLLEGE                            ,MI,49423-3607,Private      ,82,31,113,4765,272,5037
00227400,JACKSON COMMUNITY COLLEGE               ,MI,49201-8399,Public       ,782,1819,2601,3837,5652,9489
00227500,KALAMAZOO COLLEGE                       ,MI,49006-3295,Private      ,88,90,178,2245,347,2592
00227600,KELLOGG COMMUNITY COLLEGE               ,MI,49017-3397,Public       ,448,1543,1991,2978,5951,8929
00227700,LAKE MICHIGAN COLLEGE                   ,MI,49022-1899,Public       ,418,1128,1546,1985,3433,5418
00227800,LANSING COMMUNITY COLLEGE               ,MI,48933-1293,Public       ,1960,3552,5512,10523,13133,23656
00227900,LAWRENCE TECHNOLOGICAL UNIVERSITY       ,MI,48075-1058,Private      ,164,408,572,2127,1658,3785
00228200,MADONNA UNIVERSITY                      ,MI,48150-1173,Private      ,276,964,1240,2099,4007,6106
00228400,MARYGROVE COLLEGE                       ,MI,48221-2599,Private      ,208,1042,1250,1264,3824,5088
00228800,ROCHESTER COLLEGE                       ,MI,48307-2764,Private      ,128,217,345,987,993,1980
00229000,MICHIGAN STATE UNIVERSITY               ,MI,48824-1113,Public       ,2602,2057,4659,41286,15337,56623
00229200,MICHIGAN TECHNOLOGICAL UNIV             ,MI,49931-1295,Public       ,283,165,448,6298,1109,7407
00229300,LAKE SUPERIOR STATE UNIVERSITY          ,MI,49783-1691,Public       ,195,206,401,2817,1030,3847
00229400,MONROE COUNTY COMMUNITY CLG             ,MI,48161-9746,Public       ,399,763,1162,2007,2694,4701
00229500,MONTCALM COMMUNITY COLLEGE              ,MI,48885-9723,Public       ,188,475,663,1063,1618,2681
00229700,MUSKEGON COMMUNITY COLLEGE              ,MI,49442-1432,Public       ,564,1024,1588,3492,3819,7311
00229900,NORTH CENTRAL MICHIGAN COLLEGE          ,MI,49770-8740,Public       ,256,466,722,1333,1623,2956
00230100,NORTHERN MICHIGAN UNIVERSITY            ,MI,49855-5316,Public       ,737,631,1368,8952,3134,12086
00230200,NORTHWESTERN MICHIGAN COLLEGE           ,MI,49686-3061,Public       ,376,789,1165,2968,3387,6355
00230301,OAKLAND COMMUNITY COLLEGE - ORCHARD RIDG,MI,48334-4579,Public       ,933,1627,2560,4261,5927,10188
00230302,OAKLAND COMMUNITY COLLEGE - ROYAL OAK CA,MI,48067-3898,Public       ,1248,2503,3751,5018,8644,13662
00230303,OAKLAND COMMUNITY COLLEGE - SOUTHFIELD C,MI,48075-4793,Public       ,1078,2822,3900,4279,9735,14014
00230304,OAKLAND COMMUNITY COLLEGE - AUBURN HILLS,MI,48323-2845,Public       ,1077,1987,3064,5349,7073,12422
00230305,OAKLAND COMMUNITY COLLEGE - HIGHLAND LAK,MI,48327-4187,Public       ,684,1167,1851,2943,4104,7047
00230700,OAKLAND UNIVERSITY                      ,MI,48309-4401,Public       ,1611,2324,3935,17376,11191,28567
00230800,OLIVET COLLEGE                          ,MI,49076-9902,Private      ,100,48,148,1796,305,2101
00231000,ST. CLAIR COUNTY COMMUNITY COLLEGE      ,MI,48061-0000,Public       ,403,759,1162,2401,2925,5326
00231100,KUYPER COLLEGE                          ,MI,49525-9749,Private      ,14,35,49,398,217,615
00231300,SACRED HEART MAJOR SEMINARY             ,MI,48206-1799,Private      ,7,45,52,37,180,217
00231400,SAGINAW VALLEY STATE UNIV               ,MI,48710-0001,Public       ,613,858,1471,11141,4603,15744
00231500,SCHOOLCRAFT COLLEGE                     ,MI,48152-2696,Public       ,1409,2558,3967,7236,10142,17378
00231600,SIENA HEIGHTS UNIVERSITY                ,MI,49221-1796,Private      ,167,552,719,1886,2249,4135
00231700,SOUTHWESTERN MICHIGAN COLLEGE           ,MI,49047-9793,Public       ,325,654,979,2116,2272,4388
00231800,SPRING ARBOR UNIVERSITY                 ,MI,49283-9984,Private      ,132,761,893,2605,3559,6164
00232200,FINLANDIA UNIVERSITY                    ,MI,49930-1882,Private      ,44,58,102,705,318,1023
00232300,UNIVERSITY OF DETROIT MERCY             ,MI,48221-3038,Private      ,353,1005,1358,3876,4580,8456
00232303,UNIV OF DETROIT MERCY - LAW SCHOOL      ,MI,48226-0000,Private      ,14,120,134,90,930,1020
00232330,UNIV OF DETROIT MERCY - DENTAL SCHOOL   ,MI,48208-2576,Private      ,23,124,147,214,655,869
00232500,UNIVERSITY OF MICHIGAN - ANN ARBOR      ,MI,48109-1316,Public       ,1256,1415,2671,36454,14138,50592
00232501,UNIVERSITY OF MICHIGAN-MEDICAL SCH      ,MI,48109-0000,Public       ,32,61,93,313,1235,1548
00232503,UNIVERSITY OF MICHIGAN LAW SCHOOL       ,MI,48109-0000,Public       ,12,141,153,150,2798,2948
00232600,UNIVERSITY OF MICHIGAN-DEARBORN         ,MI,48128-2406,Public       ,855,1516,2371,7487,6794,14281
00232700,UNIVERSITY OF MICHIGAN-FLINT            ,MI,48502-1950,Public       ,596,1489,2085,5553,7270,12823
00232800,WASHTENAW COMMUNITY COLLEGE             ,MI,48106-0000,Public       ,1476,2705,4181,5588,8083,13671
00232900,WAYNE STATE UNIVERSITY                  ,MI,48202-0000,Public       ,2299,4768,7067,21160,23736,44896
00232901,WAYNE STATE UNIV SCH OF MEDICINE        ,MI,48201-3359,Public       ,121,237,358,957,2335,3292
00232902,WAYNE STATE UNIVERSITY - LAW SCHOOL     ,MI,48202-3424,Public       ,37,189,226,263,1309,1572
00233000,WESTERN MICHIGAN UNIVERSITY             ,MI,49008-3899,Public       ,1864,1944,3808,23618,11251,34869
00233100,WESTERN THEOLOGICAL SEMINARY            ,MI,49423-0000,Private      ,1,43,44,11,167,178
00407100,WALSH COLLEGE OF ACCT & BUS ADMN        ,MI,48007-7006,Private      ,68,837,905,399,2624,3023
00407200,NORTHWOOD UNIVERSITY                    ,MI,48640-2398,Private      ,112,399,511,2153,1912,4065
00467300,BAKER COLLEGE - FLINT                   ,MI,48507-5508,Private      ,653,2246,2899,3044,7665,10709
00467301,BAKER COLLEGE OF CADILLAC               ,MI,49601-0000,Private      ,150,638,788,615,2016,2631
00467302,BAKER COLLEGE OF CLINTON TOWNSHIP       ,MI,48035-0000,Private      ,561,1795,2356,2065,5631,7696
00467303,BAKER COLLEGE OF MUSKEGON               ,MI,49442-0000,Private      ,459,1317,1776,2804,4384,7188
00467304,BAKER COLLEGE OF OWOSSO                 ,MI,48867-0000,Private      ,342,660,1002,1784,2338,4122
00467305,BAKER COLLEGE OF AUBURN HILLS           ,MI,48326-0000,Private      ,296,1134,1430,1209,4055,5264
00467306,BAKER COLLEGE OF PORT HURON             ,MI,48060-0000,Private      ,122,355,477,618,1345,1963
00467309,BAKER COLLEGE OF JACKSON                ,MI,49202-0000,Private      ,222,1044,1266,1005,3046,4051
00467311,BAKER COLLEGE-CASS CITY                 ,MI,48726-0000,Private      ,34,119,153,214,433,647
00467313,BAKER COLLEGE - GRADUATE ON-LINE        ,MI,48507-0000,Private      ,109,1773,1882,505,6881,7386
00467317,BAKER COLLEGE-ALLEN PARK                ,MI,48101-0000,Private      ,413,1593,2006,1448,4954,6402
00469200,DORSEY SCHOOL OF BUSINESS               ,MI,48195-2334,Proprietary  ,36,154,190,92,387,479
00469201,DORSEY SCHOOL OF BUSINESS               ,MI,48184-0000,Proprietary  ,30,125,155,75,279,354
00469202,DORSEY SCHOOL OF BUSINESS               ,MI,48071-0000,Proprietary  ,43,201,244,87,404,491
00469204,DORSEY SCHOOL OF BUSINESS               ,MI,48066-0000,Proprietary  ,79,217,296,171,567,738
00469205,DORSEY BUSINESS SCHOOL - FARMINGTON HILL,MI,48334-3385,Proprietary  ,14,68,82,66,236,302
00469206,DORSEY BUSINESS SCHOOL - ROSEVILLE CULIN,MI,48066-4555,Proprietary  ,37,142,179,102,393,495
00469207,DORSEY BUSINESS SCHOOL - WATERFORD/PONTI,MI,48341-1037,Proprietary  ,35,152,187,90,422,512
00469208,DORSEY BUSINESS SCHOOL - SAGINAW CAMPUS ,MI,48603-5201,Proprietary  ,63,283,346,135,510,645
00469209,DORSEY SCHOOL OF BUSINESS - LANSING     ,MI,48911-5744,Proprietary  ,1,47,48,1,47,48
00489816,MCCANN SCHOOL OF BUSINESS & TECHNOLOGY -,MI,48017-1495,Proprietary  ,0,0,0,8,25,33
00491003,KAPLAN CAREER INSTITUTE - DEARBORN      ,MI,48228-0000,Proprietary  ,51,282,333,189,878,1067
00676800,MID MICHIGAN COMMUNITY COLLEGE          ,MI,48625-9447,Public       ,544,855,1399,2724,3120,5844
00677100,COLLEGE FOR CREATIVE STUDIES            ,MI,48202-4034,Private      ,213,268,481,2002,1049,3051
00694900,KALAMAZOO VALLEY COMMUNITY COLLEGE      ,MI,49003-4070,Public       ,1225,2455,3680,6499,8194,14693
00717100,KIRTLAND COMMUNITY COLLEGE              ,MI,48653-0000,Public       ,155,413,568,1027,1716,2743
00732991,ITT TECHNICAL INSTITUTE                 ,MI,49519-1851,Proprietary  ,271,1044,1315,699,2264,2963
00761700,CARNEGIE INSTITUTE                      ,MI,48083-1159,Proprietary  ,23,108,131,90,444,534
00795000,WEST SHORE COMMUNITY COLLEGE            ,MI,49454-0000,Public       ,108,222,330,639,968,1607
00817800,EMPIRE BEAUTY SCHOOL                    ,MI,49525-2440,Proprietary  ,55,116,171,256,464,720
00832903,ITT TECHNICAL INSTITUTE                 ,MI,48083-2008,Proprietary  ,0,1,1,1,2,3
00890600,MACOMB COMMUNITY COLLEGE                ,MI,48088-3896,Public       ,2930,4428,7358,13237,15403,28640
00894600,PORT HURON COSMETOLOGY COLLEGE          ,MI,48329-1618,Proprietary  ,6,16,22,18,46,64
00923000,WAYNE COUNTY COMMUNITY CLG-DISTRICT     ,MI,48226-3010,Public       ,2678,8067,10745,10083,27535,37618
00982800,EVEREST INSTITUTE                       ,MI,48033-4400,Proprietary  ,83,439,522,285,1447,1732
00982801,EVEREST INSTITUTE- DEARBORN             ,MI,48124-1927,Proprietary  ,87,343,430,309,1061,1370
00982803,EVEREST INSTITUTE - DETROIT             ,MI,48207-4291,Proprietary  ,107,413,520,372,1251,1623
01047000,KALAMAZOO BEAUTY ACADEMY                ,MI,49002-5220,Proprietary  ,13,21,34,47,79,126
01082700,DAVID PRESSLEY PROF SCH OF COSMTLGY     ,MI,48067-3219,Proprietary  ,70,88,158,178,272,450
01109800,FLINT INSTITUTE OF BARBERING            ,MI,48504-4395,Proprietary  ,16,51,67,48,187,235
01229100,WRIGHT BEAUTY ACADEMY                   ,MI,49015-2696,Proprietary  ,8,34,42,38,99,137
01258405,ILLINOIS INSTITUTE OF ART (THE) - THE AR,MI,48377-2979,Proprietary  ,0,0,0,1,0,1
01262700,THOMAS M. COOLEY LAW SCHOOL             ,MI,48901-1586,Private      ,8,1140,1148,41,4305,4346
01321800,M J MURPHY BTY CLG MT PLEASANT          ,MI,48858-2502,Proprietary  ,16,35,51,65,114,179
02060300,MICHIGAN INSTITUTE OF AERONAUTICS       ,MI,48188-2533,Proprietary  ,137,241,378,490,703,1193
02068700,FISER'S COLLEGE OF COSMETOLOGY          ,MI,49221-0000,Proprietary  ,0,0,0,0,5,5
02099700,ROSS MEDICAL EDUCATION CENTER           ,MI,48532-0000,Proprietary  ,120,463,583,340,1238,1578
02099701,ROSS MEDICAL EDUCATION CENTER-SAGINAW   ,MI,48603-5227,Proprietary  ,10,61,71,71,218,289
02099702,ROSS MEDICAL EDUCATION CENTER-PORT HURON,MI,48060-1958,Proprietary  ,8,34,42,34,101,135
02099703,ROSS MEDICAL EDUCATION CENTER-ROOSEVELT ,MI,49441-4156,Proprietary  ,3,13,16,12,55,67
02100400,EVEREST INSTITUTE                       ,MI,49525-2301,Proprietary  ,55,323,378,281,1077,1358
02100401,EVEREST INSTITUTE - KALAMAZOO           ,MI,49009-3307,Proprietary  ,46,225,271,208,730,938
02125600,MICHIGAN COLLEGE OF BEAUTY              ,MI,48083-0000,Proprietary  ,45,135,180,132,380,512
02158600,MR BELA'S SCHOOL OF COSMETOLOGY         ,MI,48092-4637,Proprietary  ,26,87,113,71,166,237
02160303,INTERNATIONAL ACADEMY OF DESIGN AND TECH,MI,48083-2160,Proprietary  ,65,134,199,519,731,1250
02180100,ROSS MEDICAL EDUCATION CENTER           ,MI,48092-0000,Proprietary  ,66,280,346,163,728,891
02180105,ROSS MEDICAL EDUCATION CENTER-REDFORD   ,MI,48239-1260,Proprietary  ,9,39,48,43,141,184
02198900,MICHIGAN SCHOOL OF PROFESSIONAL PSYCHOLO,MI,48334-4512,Private      ,5,66,71,48,325,373
02209200,TAYLORTOWN SCHOOL OF BEAUTY             ,MI,48180-0000,Proprietary  ,26,89,115,69,185,254
02237800,SPECS HOWARD SCHOOL OF MEDIA ARTS       ,MI,48075-0000,Proprietary  ,137,287,424,628,825,1453
02285700,BAYSHIRE BEAUTY ACADEMY                 ,MI,48708-5614,Proprietary  ,12,67,79,52,167,219
02289801,KAPLAN INSTITUTE - DETROIT CAMPUS       ,MI,48202-0000,Proprietary  ,68,297,365,229,936,1165
02324500,MICHIGAN COLLEGE OF BEAUTY              ,MI,48161-3901,Proprietary  ,28,86,114,86,220,306
02339700,ROSS MEDICAL EDUCATION CENTER           ,MI,48116-0000,Proprietary  ,97,312,409,195,813,1008
02339701,ROSS MEDICAL EDUCATION CENTER-ANN ARBOR ,MI,48108-1411,Proprietary  ,12,58,70,51,173,224
02339703,ROSS MEDICAL EDUCATION CENTER - DAVISON ,MI,48423-1751,Proprietary  ,6,30,36,23,95,118
02361500,MICHIGAN BARBER COLLEGE                 ,MI,48204-2244,Private      ,56,195,251,187,566,753
02363800,YESHIVA GEDOLAH OF GREATER DETROIT      ,MI,48237-0000,Private      ,7,0,7,10,1,11
02491000,WEST MI COLG OF BARBERING & BEAUTY      ,MI,49008-0000,Proprietary  ,6,61,67,43,156,199
02533600,ROSS MEDICAL EDUCATION CENTER           ,MI,48917-2108,Proprietary  ,63,223,286,179,691,870
02533601,ROSS MEDICAL EDUCATION CENTER - GRAND RA,MI,49546-2430,Proprietary  ,12,87,99,85,303,388
02588200,DOUGLAS J AVEDA INSTITUTE               ,MI,48823-4351,Proprietary  ,170,208,378,676,815,1491
02588201,DOUGLAS J AVEDA INSTITUTE - ANN ARBOR   ,MI,48104-2211,Proprietary  ,24,54,78,171,188,359
02595700,HILLSDALE BEAUTY COLLEGE                ,MI,49242-0000,Proprietary  ,4,15,19,46,41,87
02618400,MICHIGAN CAREER & TECHNICAL INST        ,MI,49080-9254,Public       ,102,51,153,288,129,417
03005700,DETROIT BUSINESS INST. DOWNRIVER        ,MI,48193-6761,Proprietary  ,10,86,96,37,225,262
03028500,LAWTON SCHOOL                           ,MI,48075-0000,Proprietary  ,13,52,65,22,123,145
03066600,BAY MILLS COMMUNITY COLLEGE             ,MI,49715-9750,Public       ,57,185,242,188,511,699
03075200,TWIN CITY BEAUTY COLLEGE                ,MI,49085-3305,Proprietary  ,41,96,137,96,195,291
03075201,TWIN CITY BEAUTY COLLEGE - TRAVERSE CITY,MI,49686-5119,Proprietary  ,3,25,28,29,69,98
03090000,SHARP'S ACADEMY OF HAIRSTYLING INC.     ,MI,48433-0000,Proprietary  ,7,14,21,27,51,78
03109700,HOUGHTON LAKE INST OF COSMETOLOGY       ,MI,48629-0669,Proprietary  ,2,9,11,13,27,40
03110300,THE SCHOOL OF CREATIVE HAIR DESIGN      ,MI,49036-1139,Proprietary  ,7,31,38,22,65,87
03124000,NORTHWESTERN TECHNOLOGICAL INST         ,MI,48075-2412,Proprietary  ,25,169,194,104,461,565
03284300,MICHIGAN JEWISH INSTITUTE               ,MI,48237-0000,Private      ,607,386,993,1142,545,1687
03490300,PAUL MITCHELL THE SCHOOL ESCANABA       ,MI,49829-0000,Proprietary  ,70,80,150,281,336,617
03588300,IRENE'S MYOMASSOLOGY INSTITUTE          ,MI,48033-2404,Proprietary  ,28,113,141,98,375,473
03704300,BLUE WATER COLLEGE OF COSMETOLOGY       ,MI,48040-0000,Proprietary  ,9,18,27,28,41,69
03772300,SAGINAW CHIPPEWA TRIBAL COLLEGE         ,MI,48858-0000,Public       ,7,49,56,38,107,145
03815300,IN SESSION-ARTS OF COSMETOLOGY BEAU     ,MI,48609-0000,Proprietary  ,17,43,60,54,143,197
03907300,PAUL MITCHELL THE SCHOOL GREAT LAKES    ,MI,48060-0000,Proprietary  ,40,56,96,153,177,330
03915300,CAREER QUEST LEARNING CENTER            ,MI,48910-4732,Proprietary  ,72,383,455,188,1060,1248
03915301,CAREER QUEST LEARNING CENTER - JACKSON  ,MI,49201-2475,Proprietary  ,7,72,79,10,88,98
03915302,CAREER QUEST LEARNING CENTER - KALAMAZOO,MI,49002-1711,Proprietary  ,4,59,63,9,74,83
03968300,LAKEWOOD SCHOOL OF THERAPEUTIC MASSAGE  ,MI,48060-0000,Proprietary  ,6,35,41,25,68,93
03976500,ANN ARBOR INSTITUTE OF MASSAGE THERAPY  ,MI,48103-0000,Proprietary  ,9,74,83,49,171,220
04002400,ECUMENICAL THEOLOGICAL SEMINARY         ,MI,48201-3035,Private      ,0,46,46,7,162,169
04006300,NUVO COLLEGE OF COSMETOLOGY             ,MI,49441-3822,Proprietary  ,10,33,43,32,95,127
04014300,P&A SCHOLARS BEAUTY SCHOOL              ,MI,48204-0000,Proprietary  ,87,236,323,223,637,860
04094300,ROBERT B. MILLER COLLEGE (THE)          ,MI,49017-3306,Private      ,21,149,170,121,594,715
04121100,GALLERY COLLEGE OF BEAUTY (THE)         ,MI,48036-3591,Proprietary  ,29,81,110,94,240,334
04136300,FOCUS:  HOPE INFORMATION TECHNOLOGIES CE,MI,48238-2949,Private      ,46,192,238,178,578,756
04138400,SCHOOL OF DESIGNING ARTS                ,MI,49015-2853,Proprietary  ,14,37,51,66,112,178
04140900,INTERNATIONAL COSMETOLOGY ACADEMY       ,MI,49508-1308,Proprietary  ,9,64,73,68,169,237
04141100,FRENCH ACADEMY OF COSMETOLOGY           ,MI,49456-3207,Proprietary  ,10,19,29,35,59,94
04158400,L'ESPRIT ACADEMY                        ,MI,48150-0000,Proprietary  ,29,53,82,87,191,278
04159300,MARKETTI ACADEMY OF COSMETOLOGY         ,MI,48329-3506,Proprietary  ,11,33,44,53,101,154
04163300,COMPASS FILM ACADEMY                    ,MI,49504-5296,Private      ,9,31,40,132,123,255
04164700,KEWEENAW BAY OJIBWA COMMUNITY COLLEGE   ,MI,49908-0000,Public       ,15,40,55,26,78,104
04169300,SCHOLARS COSMETOLOGY UNIVERSITY         ,MI,48108-0000,Proprietary  ,9,31,40,31,87,118
04183300,ABCOTT INSTITUTE                        ,MI,48075-5227,Proprietary  ,18,86,104,48,209,257
04184700,PROTEGE ACADEMY                         ,MI,48823-8660,Proprietary  ,13,40,53,65,151,216
04207000,SCHOOL OF MISSIONARY AVIATION TECHNOLOGY,MI,48846-7412,Private      ,8,12,20,10,13,23
04211200,BRIGHTON INSTITUTE OF COSMETOLOGY       ,MI,48116-8360,Proprietary  ,8,15,23,15,20,35
00233200,ANOKA-RAMSEY CC-CAMBRIDGE/COONRAPID     ,MN,55433-3499,Public       ,1317,1796,3113,3715,4785,8500
00233400,AUGSBURG COLLEGE                        ,MN,55454-1351,Private      ,220,572,792,3051,2335,5386
00233500,RIVERLAND COMMUNITY COLLEGE             ,MN,55912-1473,Public       ,302,701,1003,1025,1870,2895
00233600,BEMIDJI STATE UNIVERSITY                ,MN,56601-2699,Public       ,445,506,951,3740,2081,5821
00233700,BETHANY LUTHERAN COLLEGE INC            ,MN,56001-6163,Private      ,80,22,102,707,84,791
00233900,CENTRAL LAKES COLG-BRAINERD/STAPLES     ,MN,56401-3900,Public       ,400,669,1069,1469,1920,3389
00234000,CARLETON COLLEGE                        ,MN,55057-4001,Private      ,46,13,59,3426,77,3503
00234100,COLLEGE OF ST BENEDICT                  ,MN,56374-2099,Private      ,110,12,122,2232,78,2310
00234200,ST. CATHERINE UNIVERSITY                ,MN,55105-1789,Private      ,184,763,947,2885,3561,6446
00234300,COLLEGE OF ST SCHOLASTICA               ,MN,55811-4199,Private      ,250,661,911,2460,2151,4611
00234500,UNIVERSITY OF ST THOMAS                 ,MN,55105-1096,Private      ,368,775,1143,7064,3610,10674
00234600,CONCORDIA COLLEGE-MOORHEAD              ,MN,56562-0001,Private      ,156,43,199,3062,217,3279
00234700,"CONCORDIA UNIVERSITY, ST PAUL, MN       ",MN,55104-5494,Private      ,198,874,1072,1408,2376,3784
00235000,VERMILION COMMUNITY COLLEGE             ,MN,55731-1996,Public       ,95,37,132,571,170,741
00235300,GUSTAVUS ADOLPHUS COLLEGE               ,MN,56082-1498,Private      ,124,13,137,3667,90,3757
00235400,HAMLINE UNIVERSITY                      ,MN,55104-1284,Private      ,254,766,1020,3239,2980,6219
00235500,HIBBING COMMUNITY COLLEGE               ,MN,55746-3300,Public       ,237,355,592,689,961,1650
00235600,ITASCA COMMUNITY COLLEGE                ,MN,55744-3397,Public       ,222,189,411,863,578,1441
00235700,LUTHER SEMINARY                         ,MN,55108-0000,Private      ,0,45,45,5,425,430
00235800,MACALESTER COLLEGE                      ,MN,55105-1899,Private      ,97,44,141,3698,229,3927
00236000,"MINNESOTA STATE UNIVERSITY, MANKATO     ",MN,56002-0000,Public       ,1382,1063,2445,12281,4646,16927
00236100,MARTIN LUTHER COLLEGE                   ,MN,56073-3965,Private      ,18,10,28,671,62,733
00236200,MINNEAPOLIS COMM AND TECH COLLEGE       ,MN,55403-1779,Public       ,1244,3449,4693,4116,10142,14258
00236500,MINNEAPOLIS COLLEGE OF ART & DESIGN     ,MN,55404-4343,Private      ,71,125,196,981,538,1519
00236600,CROSSROADS COLLEGE                      ,MN,55902-2382,Private      ,24,35,59,98,112,210
00236700,MINNESOTA STATE UNIVERSITY MOORHEAD     ,MN,56563-0001,Public       ,820,770,1590,5586,2571,8157
00236900,NORTH CENTRAL UNIVERSITY                ,MN,55404-1391,Private      ,157,130,287,1412,490,1902
00237000,NORTH HENNEPIN COMMUNITY COLLEGE        ,MN,55445-2299,Public       ,1042,2059,3101,3073,5626,8699
00237100,NORTHWESTERN COLLEGE                    ,MN,55113-1598,Private      ,243,341,584,2424,957,3381
00237300,ROCHESTER COMMUNITY/TECH COLLEGE        ,MN,55904-4999,Public       ,749,1161,1910,2728,3531,6259
00237500,SOUTHWEST MINNESOTA STATE UNIVERSITY    ,MN,56258-1598,Public       ,241,417,658,2181,1156,3337
00237700,ST CLOUD STATE UNIVERSITY               ,MN,56301-4498,Public       ,1810,1660,3470,10329,5259,15588
00237900,SAINT JOHNS UNIVERSITY                  ,MN,56321-0000,Private      ,141,20,161,1983,107,2090
00238000,SAINT MARY'S UNIVERSITY                 ,MN,55987-1399,Private      ,85,974,1059,1828,2935,4763
00238200,ST OLAF COLLEGE                         ,MN,55057-1098,Private      ,98,14,112,3912,100,4012
00238300,CROWN COLLEGE                           ,MN,55375-9001,Private      ,101,178,279,875,639,1514
00238500,NORTHLAND COMMUNITY & TECHNICAL CLG     ,MN,56701-2598,Public       ,499,729,1228,1556,1933,3489
00238600,UNITED THEOLGCL SEMINRY TWIN CITIES     ,MN,55112-0000,Private      ,0,26,26,2,121,123
00238800,"UNIVERSITY OF MINNESOTA, DULUTH         ",MN,55812-2496,Public       ,1532,599,2131,10712,2410,13122
00238900,"UNIVERSITY OF MINNESOTA, MORRIS         ",MN,56267-2113,Public       ,164,62,226,2330,287,2617
00239100,WILLIAM MITCHELL COLLEGE OF LAW         ,MN,55105-0000,Private      ,1,123,124,7,1221,1228
00239300,MINNESOTA STATE COLLEGE-SE TECH         ,MN,55987-0409,Public       ,299,544,843,906,1467,2373
00239400,WINONA STATE UNIVERSITY                 ,MN,55987-5838,Public       ,1143,520,1663,7897,1707,9604
00396900,UNIVERSITY OF MINNESOTA-TWIN CITIES     ,MN,55455-0422,Public       ,3177,4001,7178,33082,18342,51424
00400900,MESABI RANGE CMNTY & TECH COLLEGE       ,MN,55792-0000,Public       ,193,291,484,595,659,1254
00405708,NATIONAL AMERICAN UNIVERSITY            ,MN,55113-0000,Proprietary  ,18,75,93,45,332,377
00405715,NATIONAL AMERICAN UNIVERSITY - BLOOMINGT,MN,55425-5550,Proprietary  ,16,116,132,56,489,545
00406900,UNIVERSITY OF MINNESOTA-CROOKSTON       ,MN,56716-5001,Public       ,159,248,407,1185,832,2017
00438600,VETERAN'S MEDICAL CTR- SCH RAD TECH     ,MN,55417-2399,Public       ,1,12,13,5,47,52
00464100,DUNWOODY COLLEGE OF TECHNOLOGY          ,MN,55403-1192,Private      ,185,421,606,687,1304,1991
00464200,GLOBE UNIVERSITY                        ,MN,55125-5408,Proprietary  ,243,940,1183,1123,4041,5164
00464500,MINNEAPOLIS BUSINESS COLLEGE            ,MN,55113-4036,Proprietary  ,34,39,73,419,211,630
00464600,MINNESOTA SCHOOL OF BUSINESS            ,MN,55423-0000,Proprietary  ,306,863,1169,1255,4252,5507
00525200,RIDGEWATER COLLEGE                      ,MN,56201-2098,Public       ,544,593,1137,2045,1862,3907
00526300,MINNESOTA WEST CMNTY & TECH COLG        ,MN,56241-1096,Public       ,256,543,799,827,1530,2357
00553300,"SAINT PAUL COLLEGE, COMMUNITY/TECHNICAL ",MN,55102-1800,Public       ,792,2555,3347,3244,7634,10878
00553400,SAINT CLOUD TECHNICAL COLLEGE AND COMMUN,MN,56303-1240,Public       ,798,1053,1851,2717,2984,5701
00553500,PINE TECHNICAL COLLEGE                  ,MN,55063-2198,Public       ,89,300,389,273,815,1088
00553700,SOUTH CENTRAL COLLEGE                   ,MN,56003-0000,Public       ,481,688,1169,1673,2178,3851
00554100,MINNESOTA STATE COMMUNITY AND TECHNICAL ,MN,56573-1405,Public       ,733,1210,1943,2321,3402,5723
00554400,ALEXANDRIA TECHNICAL COLLEGE            ,MN,56308-3799,Public       ,259,314,573,1407,948,2355
00575700,LAKE SUPERIOR COLLEGE                   ,MN,55811-3399,Public       ,681,1021,1702,2101,2955,5056
00575900,NORTHWEST TECHNICAL COLLEGE - BEMIDJI   ,MN,56601-4907,Public       ,103,298,401,402,967,1369
00677500,RAINY RIVER COMMUNITY COLLEGE           ,MN,56649-2187,Public       ,41,47,88,166,138,304
00735000,ANOKA-HENNEPIN TECHNICAL COLLEGE        ,MN,55303-1590,Public       ,334,955,1289,940,2781,3721
00735100,BROWN COLLEGE                           ,MN,55120-1004,Proprietary  ,47,189,236,285,800,1085
00746200,COLLEGE OF VISUAL ARTS                  ,MN,55102-2199,Private      ,49,31,80,257,108,365
00795400,NORMANDALE COMMUNITY COLLEGE            ,MN,55431-4399,Public       ,1414,1854,3268,4590,5419,10009
00826700,NORTHWEST TECHNICAL INSTITUTE           ,MN,55121-5001,Proprietary  ,17,13,30,53,47,100
00869400,RASMUSSEN COLLEGE - ST. CLOUD           ,MN,56301-3713,Proprietary  ,49,224,273,237,1358,1595
00869401,RASMUSSEN COLLEGE - BROOKLYN PARK       ,MN,55445-1512,Proprietary  ,57,274,331,233,1345,1578
00869406,RASMUSSEN COLLEGE - EAGAN               ,MN,55122-1346,Proprietary  ,56,268,324,230,1339,1569
00869407,RASMUSSEN COLLEGE - BLOOMINGTON         ,MN,55435-5444,Proprietary  ,64,489,553,292,2878,3170
00869409,RASMUSSEN COLLEGE - MANKATO             ,MN,56001-8658,Proprietary  ,47,181,228,297,1014,1311
00869412,RASMUSSEN COLLEGE - LAKE ELMO           ,MN,55042-8624,Proprietary  ,33,149,182,153,884,1037
00869416,RASMUSSEN COLLEGE - MOORHEAD            ,MN,56560-4513,Proprietary  ,39,139,178,184,823,1007
00869417,RASMUSSEN COLLEGE - BLAINE              ,MN,55014-0000,Proprietary  ,41,150,191,187,817,1004
00905800,BETHEL UNIVERSITY                       ,MN,55112-6999,Private      ,222,796,1018,3476,2357,5833
00960000,COSMETOLOGY CAREERS UNLTD-DULUTH        ,MN,55802-2031,Proprietary  ,6,18,24,24,59,83
00972200,EMPIRE BEAUTY SCHOOL                    ,MN,55119-7003,Proprietary  ,44,109,153,124,279,403
00974000,INVER HILLS COMMUNITY COLLEGE           ,MN,55076-3224,Public       ,744,1157,1901,2497,3559,6056
00983100,MODEL COLLEGE OF HAIR DESIGN            ,MN,56301-4280,Proprietary  ,28,42,70,109,128,237
00987000,EMPIRE BEAUTY SCHOOL                    ,MN,55420-2919,Proprietary  ,41,115,156,114,250,364
00989200,"DULUTH BUSINESS UNIV, INC.              ",MN,55807-0000,Proprietary  ,29,95,124,112,422,534
00999200,OAK HILLS CHRISTIAN COLLEGE             ,MN,56601-0000,Private      ,25,22,47,111,70,181
01024800,ART INSTITUTES INTL MINNESOTA           ,MN,55402-3137,Proprietary  ,244,306,550,1466,1265,2731
01035602,EVEREST INSTITUTE - EAGAN               ,MN,55121-1696,Proprietary  ,42,183,225,115,525,640
01037400,METROPOLITAN STATE UNIVERSITY           ,MN,55106-5000,Public       ,483,2366,2849,2168,8597,10765
01040200,DAKOTA COUNTY TECHNICAL COLLEGE         ,MN,55068-2999,Public       ,418,850,1268,1254,2255,3509
01049000,REGENCY BEAUTY INSTITUTE                ,MN,55428-0000,Proprietary  ,1101,2161,3262,3458,6954,10412
01049100,HENNEPIN TECHNICAL COLLEGE              ,MN,55445-2399,Public       ,575,1808,2383,1918,5643,7561
01054600,CENTURY COLLEGE                         ,MN,55110-1894,Public       ,1371,2249,3620,5017,7450,12467
01173200,"MAYO CLINIC, COLLEGE OF MEDICINE        ",MN,55905-0000,Private      ,9,47,56,45,362,407
01173201,MAYO SCHOOL OF HEALTH-RELATED SCIEN     ,MN,55905-0000,Private      ,8,41,49,88,213,301
01173206,MAYO GRAD SCHOOL                        ,MN,55901-0000,Private      ,0,15,15,4,47,51
01173207,MAYO MEDICAL SCHOOL                     ,MN,55901-0000,Private      ,1,21,22,15,227,242
01232800,NORTHWESTERN HEALTH SCIENCES UNIV       ,MN,55431-1599,Private      ,20,248,268,69,897,966
02050300,ACADEMY COLLEGE                         ,MN,55420-1554,Proprietary  ,15,74,89,64,213,277
02097300,HASTINGS BEAUTY SCHOOL                  ,MN,55033-1205,Proprietary  ,8,8,16,30,46,76
02123200,AVEDA INSTITUTE                         ,MN,55414-0000,Proprietary  ,119,121,240,453,410,863
02159800,COSMETOLOGY CAREERS UNLTD - HIBBING     ,MN,55746-0000,Proprietary  ,10,26,36,15,47,62
02160901,"SALON PROFESSIONAL ACADEMY, THE - THE SA",MN,55428-4928,Proprietary  ,6,20,26,32,61,93
02238100,MINNESOTA SCHOOL OF COSMETOLOGY         ,MN,55125-0000,Proprietary  ,45,86,131,149,263,412
02260500,SUMMIT ACAD OPPORTUNITIES IND CTR       ,MN,55405-0000,Private      ,32,183,215,57,422,479
02263102,ANTHEM COLLEGE - ST. LOUIS PARK         ,MN,55416-2467,Proprietary  ,9,26,35,32,105,137
02504200,WALDEN UNIVERSITY                       ,MN,55401-2511,Proprietary  ,85,13974,14059,299,48113,48412
02514100,AMERICAN INDIAN OPPORTUNITIES CTR       ,MN,55404-0000,Private      ,4,71,75,20,265,285
03001200,MCNALLY SMITH COLLEGE OF MUSIC          ,MN,55101-2220,Proprietary  ,88,74,162,804,318,1122
03051900,ALFRED ADLER GRADUATE SCHOOL            ,MN,55305-0000,Private      ,0,87,87,1,289,290
03096400,LEECH LAKE TRIBAL COLLEGE               ,MN,56633-0000,Public       ,30,180,210,63,364,427
03129100,FOND DU LAC TRIBAL & COMMUNITY CLG      ,MN,55720-2984,Public       ,210,376,586,542,913,1455
03267300,CAPELLA UNIVERSITY                      ,MN,55402-3389,Proprietary  ,67,8203,8270,216,46138,46354
03833300,AMERICAN ACADEMY OF ACUPUNCTURE AND ORIE,MN,55113-0000,Proprietary  ,1,31,32,4,81,85
03921400,WHITE EARTH TRIBAL AND COMMUNITY COLLEGE,MN,56557-0478,Private      ,11,53,64,17,120,137
04044300,HAZELDEN GRADUATE SCHOOL OF ADDICTION ST,MN,55012-0000,Private      ,0,34,34,3,131,134
04130200,INST. OF PRODUCTION AND RECORDING       ,MN,55401-1315,Proprietary  ,69,120,189,454,423,877
04148800,CENTERPOINT MASSAGE & SHIATSU THERAPY SC,MN,55414-4525,Proprietary  ,11,76,87,27,182,209
04157600,NOVA ACADEMY OF COSMETOLOGY             ,MN,55906-4103,Proprietary  ,14,26,40,49,88,137
04160500,AVALON SCHOOL OF COSMETOLOGY            ,MN,56187-1930,Proprietary  ,2,9,11,14,28,42
04174400,ROCHESTER SCHOOL OF HAIR DESIGN         ,MN,55901-4310,Proprietary  ,6,27,33,26,72,98
04175600,PARK AVENUE SCHOOL OF COSMETOLOGY       ,MN,56470-3361,Proprietary  ,7,16,23,21,53,74
00239600,ALCORN STATE UNIVERSITY                 ,MS,39096-7500,Public       ,700,1291,1991,4465,4201,8666
00239700,BELHAVEN UNIVERSITY                     ,MS,39202-1789,Private      ,235,1276,1511,1824,4556,6380
00239800,BLUE MOUNTAIN COLLEGE                   ,MS,38610-9370,Private      ,107,100,207,599,329,928
00240100,COAHOMA COMMUNITY COLLEGE               ,MS,38614-9799,Public       ,665,1272,1937,1799,2583,4382
00240200,COPIAH-LINCOLN COMMUNITY COLLEGE        ,MS,39191-0649,Public       ,574,868,1442,2219,2546,4765
00240300,DELTA STATE UNIVERSITY                  ,MS,38733-0000,Public       ,541,984,1525,3476,3520,6996
00240400,EAST CENTRAL COMMUNITY COLLEGE          ,MS,39327-0129,Public       ,396,707,1103,2013,2307,4320
00240500,EAST MISSISSIPPI COMM COLLEGE           ,MS,39358-0000,Public       ,948,1399,2347,3297,3760,7057
00240700,HINDS COMMUNITY COLLEGE                 ,MS,39154-9799,Public       ,2030,3516,5546,8043,11068,19111
00240800,HOLMES COMMUNITY COLLEGE                ,MS,39079-0000,Public       ,1066,2077,3143,4352,6006,10358
00240900,ITAWAMBA COMMUNITY COLLEGE              ,MS,38843-1099,Public       ,1088,1811,2899,4259,4961,9220
00241000,JACKSON STATE UNIVERSITY                ,MS,39217-0001,Public       ,1170,2864,4034,9296,10996,20292
00241100,JONES COUNTY JUNIOR COLLEGE             ,MS,39437-3999,Public       ,760,806,1566,3858,2658,6516
00241300,MERIDIAN COMMUNITY COLLEGE              ,MS,39307-5890,Public       ,655,1123,1778,2440,3234,5674
00241400,MILLSAPS COLLEGE                        ,MS,39201-0000,Private      ,132,255,387,1603,894,2497
00241500,MISSISSIPPI COLLEGE                     ,MS,39058-0001,Private      ,410,848,1258,3056,3664,6720
00241501,MISSISSIPPI COLLEGE - SCHOOL OF LAW     ,MS,39201-1391,Private      ,23,149,172,119,1038,1157
00241600,MISSISSIPPI DELTA CMTY COLLEGE          ,MS,38761-0000,Public       ,756,945,1701,2448,2659,5107
00241700,MISSISSIPPI GULF CST CLG-PERKINSTON     ,MS,39573-0000,Public       ,441,405,846,2121,1246,3367
00241701,MISSISSIPPI GULF CST CLG-JEFF DAVIS     ,MS,39507-0000,Public       ,621,1381,2002,2278,4208,6486
00241702,MISSISSIPPI GULF CST CLG-JACKSON CN     ,MS,39553-0000,Public       ,532,953,1485,1974,2816,4790
00242200,MISSISSIPPI UNIV FOR WOMEN              ,MS,39701-5818,Public       ,288,807,1095,1971,2869,4840
00242300,MISSISSIPPI STATE UNIVERSITY            ,MS,39762-9698,Public       ,2280,2048,4328,18015,8602,26617
00242400,MISSISSIPPI VALLEY STATE UNIVERSITY     ,MS,38941-1400,Public       ,599,1072,1671,3326,3435,6761
00242600,NORTHEAST MS CMNTY COLLEGE              ,MS,38829-1731,Public       ,572,694,1266,3009,2363,5372
00242700,NORTHWEST MISSISSIPPI COMMUNITY CLG     ,MS,38668-1703,Public       ,1391,1661,3052,6000,5653,11653
00243000,PEARL RIVER COMMUNITY COLLEGE           ,MS,39470-2201,Public       ,875,1308,2183,3294,3855,7149
00243300,RUST COLLEGE                            ,MS,38635-2328,Private      ,254,194,448,1336,700,2036
00243500,SOUTHEASTERN BAPTIST COLLEGE            ,MS,39440-0000,Private      ,4,37,41,17,79,96
00243600,SOUTHWEST MISSISSIPPI CMNTY CLG         ,MS,39666-8099,Public       ,385,495,880,1618,1501,3119
00243900,TOUGALOO COLLEGE                        ,MS,39174-9799,Private      ,288,216,504,1731,840,2571
00244000,UNIVERSITY OF MISSISSIPPI               ,MS,38677-1848,Public       ,1944,1955,3899,15903,8074,23977
00244001,UNIVERSITY OF MISSISSIPPI - MED CTR     ,MS,39216-0000,Public       ,97,411,508,803,2574,3377
00244100,UNIVERSITY OF SOUTHERN MISSISSIPPI      ,MS,39406-0001,Public       ,1890,2652,4542,13556,10953,24509
00244700,WILLIAM CAREY UNIVERSITY                ,MS,39401-5499,Private      ,395,1259,1654,1906,4644,6550
00489809,MCCANN SCHOOL OF BUSINESS & TECHNOLOGY -,MS,39503-3167,Proprietary  ,7,40,47,41,142,183
01289101,ANTONELLI COLLEGE - JACKSON             ,MS,39232-9514,Proprietary  ,55,391,446,210,1432,1642
01289102,ANTONELLI COLLEGE - HATTIESBURG         ,MS,39401-3056,Proprietary  ,50,199,249,153,708,861
02074900,CHRIS' BEAUTY COLLEGE                   ,MS,39501-0000,Proprietary  ,27,61,88,68,149,217
02160500,NORTH MISSISSIPPI MED CTR MED TECH      ,MS,38801-0000,Private      ,7,50,57,52,178,230
02235900,ACADEMY OF HAIR DESIGN #4               ,MS,39208-0000,Proprietary  ,14,60,74,66,190,256
02244300,ACADEMY OF HAIR DESIGN #1               ,MS,38901-0000,Proprietary  ,23,66,89,112,277,389
02249900,DELTA BEAUTY COLLEGE                    ,MS,38701-0000,Proprietary  ,19,31,50,65,113,178
02251600,ACADEMY OF HAIR DESIGN #6               ,MS,39401-7581,Proprietary  ,25,92,117,119,285,404
02251700,FOSTER'S COSMETOLOGY COLLEGE            ,MS,38663-0000,Proprietary  ,3,18,21,8,27,35
02302800,MISSISSIPPI COLLEGE OF BEAUTY CULT      ,MS,39440-0000,Proprietary  ,7,24,31,28,91,119
02320800,MAGNOLIA COLLEGE OF COSMETOLOGY         ,MS,39206-0000,Proprietary  ,36,186,222,105,434,539
02502100,CREATIONS COLLEGE OF COSMETOLOGY        ,MS,38803-0000,Proprietary  ,18,44,62,50,152,202
02516200,WESLEY BIBLICAL SEMINARY                ,MS,39206-0000,Private      ,1,48,49,7,181,188
02586000,J & J HAIR DESIGN COLLEGE               ,MS,39051-3716,Proprietary  ,24,50,74,49,116,165
03004000,FINAL TOUCH BEAUTY SCHOOL               ,MS,39307-2934,Proprietary  ,16,55,71,44,111,155
03010603,VIRGINIA COLLEGE - JACKSON              ,MS,39206-5602,Proprietary  ,66,390,456,232,1184,1416
03010610,VIRGINIA COLLEGE - BILOXI               ,MS,39532-2124,Proprietary  ,29,150,179,113,503,616
03032400,KC'S SCHOOL OF HAIR DESIGN              ,MS,38863-0000,Proprietary  ,6,31,37,11,48,59
03263300,TRAXLER'S SCHOOL OF HAIR                ,MS,39212-2529,Proprietary  ,12,50,62,32,138,170
03464300,ACADEMY OF HAIR DESIGN                  ,MS,39562-0000,Proprietary  ,8,44,52,13,66,79
03525300,BLUE CLIFF COLLEGE                      ,MS,39507-0000,Proprietary  ,49,219,268,182,702,884
03848300,DAY SPA CAREER COLLEGE                  ,MS,39564-0000,Proprietary  ,10,41,51,27,117,144
03963300,HEALING TOUCH SCHOOL OF MASSAGE THERAPY ,MS,39402-1300,Proprietary  ,14,78,92,63,226,289
04131300,CORINTH ACADEMY OF COSMETOLOGY          ,MS,38834-4813,Proprietary  ,11,59,70,38,130,168
04137400,MISSISSIPPI SCHOOL OF THERAPEUTIC MASSAG,MS,39216-5023,Proprietary  ,0,0,0,9,27,36
04140200,"MISSISSIPPI INSTITUTE OF AESTHETICS, NAI",MS,39056-5628,Proprietary  ,13,40,53,43,110,153
00252600,CARROLL COLLEGE                         ,MT,59625-0002,Private      ,70,44,114,2232,324,2556
00252700,UNIVERSITY OF GREAT FALLS               ,MT,59405-4996,Private      ,84,184,268,816,688,1504
00252800,MILES COMMUNITY COLLEGE                 ,MT,59301-4799,Public       ,55,47,102,319,247,566
00252900,DAWSON COMMUNITY COLLEGE                ,MT,59330-1405,Public       ,47,51,98,248,153,401
00253000,MONTANA STATE UNIVERSITY - BILLINGS     ,MT,59101-0298,Public       ,354,886,1240,3027,3724,6751
00253100,MONTANA TECH OF THE UNIV OF MONTANA     ,MT,59701-8997,Public       ,167,281,448,1645,1420,3065
00253200,MONTANA STATE UNIVERSITY - BOZEMAN      ,MT,59717-0001,Public       ,770,934,1704,12250,5171,17421
00253300,MONTANA STATE UNIVERSITY-NORTHERN       ,MT,59501-3148,Public       ,133,225,358,941,872,1813
00253400,ROCKY MOUNTAIN COLLEGE                  ,MT,59102-1796,Private      ,84,72,156,1329,473,1802
00253600,UNIVERSITY OF MONTANA (THE)             ,MT,59812-0001,Public       ,912,1468,2380,9236,8359,17595
00253700,UNIVERSITY OF MONTANA WESTERN (THE)     ,MT,59725-3598,Public       ,122,93,215,1470,648,2118
00677700,FLATHEAD VALLEY COMMUNITY COLLEGE       ,MT,59901-2699,Public       ,168,384,552,934,1748,2682
00757000,HELENA COLLEGE OF TECHNOLOGY            ,MT,59601-3098,Public       ,100,303,403,494,1244,1738
00790000,BUTTE ACADEMY OF BEAUTY CULTURE         ,MT,59701-9197,Proprietary  ,1,24,25,26,59,85
00894700,"DAHL'S COLLEGE OF BEAUTY,INC            ",MT,59401-3731,Proprietary  ,3,12,15,16,35,51
00931400,MSU COLLEGE OF TECH-GREAT FALLS         ,MT,59405-4907,Public       ,138,460,598,764,1686,2450
02143400,SALISH KOOTENAI COLLEGE                 ,MT,59855-0000,Public       ,69,277,346,347,1005,1352
02286600,LITTLE BIG HORN COLLEGE                 ,MT,59022-0000,Public       ,38,97,135,100,183,283
02343000,FT PECK COMMUNITY COLLEGE               ,MT,59255-0000,Public       ,33,97,130,75,197,272
02510600,BLACKFEET COMMUNITY COLLEGE             ,MT,59417-0000,Private      ,57,165,222,152,324,476
02517500,FORT BELKNAP COLLEGE                    ,MT,59526-0000,Public       ,21,71,92,65,164,229
02545200,CHIEF DULL KNIFE COLLEGE                ,MT,59043-0098,Public       ,12,39,51,70,131,201
02610900,STONE CHILD COLLEGE                     ,MT,59521-9796,Public       ,42,106,148,83,181,264
02621300,ACADEMY OF COSMETOLOGY                  ,MT,59715-3544,Proprietary  ,4,22,26,49,67,116
03205300,MODERN BEAUTY SCHOOL                    ,MT,59801-8386,Proprietary  ,10,22,32,58,103,161
03763400,"ACADEMY OF NAIL, SKIN & HAIR            ",MT,59101-0000,Proprietary  ,18,43,61,95,182,277
03778300,HEALTH WORKS INSTITUTE                  ,MT,59715-0000,Proprietary  ,7,23,30,42,91,133
04163700,BITTERROOT SCHOOL OF COSMETOLOGY        ,MT,59840-3118,Proprietary  ,2,5,7,22,38,60
04164100,SALON PROFESSIONAL ACADEMY (THE)        ,MT,59405-0000,Proprietary  ,12,20,32,63,103,166
04187700,CREVIER'S SCHOOL OF COSMETOLOGY         ,MT,59901-4402,Proprietary  ,17,41,58,61,155,216
00253900,CHADRON STATE COLLEGE                   ,NE,69337-2690,Public       ,240,326,566,1792,1235,3027
00254000,COLLEGE OF ST MARY                      ,NE,68106-2606,Private      ,48,234,282,565,1229,1794
00254100,CONCORDIA UNIVERSITY                    ,NE,68434-1594,Private      ,93,139,232,1448,625,2073
00254200,CREIGHTON UNIVERSITY                    ,NE,68178-0001,Private      ,255,608,863,5571,5407,10978
00254400,DOANE COLLEGE                           ,NE,68333-2421,Private      ,165,348,513,1796,1198,2994
00254700,GRACE UNIVERSITY                        ,NE,68108-3629,Private      ,67,101,168,382,351,733
00254800,HASTINGS COLLEGE                        ,NE,68901-7621,Private      ,105,39,144,1489,173,1662
00255100,UNIVERSITY OF NEBRASKA AT KEARNEY       ,NE,68849-0001,Public       ,483,537,1020,4760,2123,6883
00255300,MIDLAND UNIVERSITY                      ,NE,68025-4254,Private      ,135,90,225,1470,374,1844
00255400,UNIVERSITY OF NEBRASKA-OMAHA            ,NE,68182-0001,Public       ,1151,1502,2653,9299,7261,16560
00255500,NEBRASKA WESLEYAN UNIVERSITY            ,NE,68504-2796,Private      ,239,177,416,2079,694,2773
00255700,MID-PLAINS COMM COLLEGE - NORTH PLATTE  ,NE,69101-9420,Public       ,114,241,355,502,705,1207
00255701,MID-PLAINS COMMUNITY COLLEGE - MCCOOK   ,NE,69001-2631,Public       ,56,71,127,252,206,458
00255900,PERU STATE COLLEGE                      ,NE,68421-0010,Public       ,151,260,411,1037,1070,2107
00256000,WESTERN NEBRASKA COMMUNITY COLLEGE      ,NE,69361-1815,Public       ,176,309,485,810,984,1794
00256300,UNION COLLEGE                           ,NE,68506-4387,Private      ,113,79,192,869,440,1309
00256500,UNIVERSITY OF NEBRASKA-LINCOLN          ,NE,68588-0419,Public       ,1537,1065,2602,16310,5646,21956
00256596,UNIVERSITY OF NEBRASKA - CURTIS         ,NE,69025-9522,Public       ,33,10,43,269,57,326
00256600,WAYNE STATE COLLEGE                     ,NE,68787-1172,Public       ,308,200,508,3201,938,4139
00256700,YORK COLLEGE                            ,NE,68467-2699,Private      ,71,34,105,580,137,717
00443600,REGNL WST MEDCL CTR SCHL RAD            ,NE,69361-0000,Private      ,5,10,15,27,22,49
00458608,KAPLAN UNIVERSITY - OMAHA               ,NE,68134-1002,Proprietary  ,48,332,380,216,1454,1670
00458609,KAPLAN UNIVERSITY - LINCOLN             ,NE,68508-2668,Proprietary  ,30,182,212,123,826,949
00639900,BRYANLGH COLLEGE OF HEALTH SCIENCES     ,NE,68506-1398,Private      ,47,87,134,463,438,901
00640400,NEBR METHODIST CLG OF NURS ALLD HLTH    ,NE,68114-2852,Private      ,52,178,230,510,978,1488
00689500,UNIVERSITY OF NEBRASKA-MED CTR          ,NE,68198-4265,Public       ,47,216,263,702,2666,3368
00750100,VATTEROTT COLLEGE                       ,NE,68137-1237,Proprietary  ,44,186,230,256,1117,1373
00849200,ALEGENT HEALTH SCHOOLS                  ,NE,68114-2767,Private      ,12,63,75,83,306,389
00952300,BAHNER COLLEGE OF HAIRSTYLING           ,NE,68025-3297,Proprietary  ,9,12,21,27,42,69
00961700,CAPITOL BEAUTY SCHOOL                   ,NE,68144-0000,Proprietary  ,39,63,102,140,243,383
00974300,BELLEVUE UNIVERSITY                     ,NE,68005-0000,Private      ,223,2247,2470,852,8071,8923
00986200,CLARKSON COLLEGE                        ,NE,68131-2739,Private      ,58,288,346,566,1350,1916
01151900,JOSEPH'S COLLEGE OF BEAUTY/ALL CAMPUSES ,NE,68510-2226,Proprietary  ,35,104,139,148,361,509
01166700,NORTHEAST COMMUNITY COLLEGE             ,NE,68702-0000,Public       ,277,417,694,1886,1469,3355
01258600,METROPOLITAN COMMUNITY COLLEGE          ,NE,68103-0000,Public       ,1331,3016,4347,5353,12634,17987
01297600,NEBRASKA CHRISTIAN COLLEGE              ,NE,68046-4256,Private      ,32,16,48,122,61,183
02079700,COLLEGE OF HAIR DESIGN                  ,NE,68508-0000,Proprietary  ,50,83,133,178,241,419
02099500,CENTRAL COMMUNITY COLLEGE- GI           ,NE,68801-0000,Public       ,147,475,622,686,1517,2203
02099501,CENTRAL COMMUNITY COLLEGE - HASTINGS    ,NE,68902-0000,Public       ,163,263,426,1048,868,1916
02099502,CENTRAL COMMUNITY COLLEGE - COLUMBUS    ,NE,68602-0000,Public       ,98,174,272,539,561,1100
02508300,SOUTHEAST COMM. COLLEGE-ALL CAMPUSES    ,NE,68520-0000,Public       ,985,1514,2499,4798,6444,11242
02550800,NEBRASKA INDIAN COMMUNITY COLLEGE       ,NE,68039-0000,Public       ,19,90,109,29,123,152
02610500,XENON INTERNATIONAL ACADEMY II          ,NE,68127-3522,Proprietary  ,52,66,118,207,302,509
03164300,THE CREATIVE CENTER                     ,NE,68164-2911,Proprietary  ,30,21,51,160,111,271
03279300,MYOTHERAPY INSTITUTE                    ,NE,68516-0000,Proprietary  ,7,20,27,28,64,92
03323300,LITTLE PRIEST TRIBAL COLLEGE            ,NE,68071-0000,Private      ,22,67,89,27,107,134
03821400,UNIVERSAL COLLEGE OF HEALING ARTS       ,NE,68112-1810,Proprietary  ,5,34,39,25,131,156
00256800,UNIVERSITY OF NEVADA RENO               ,NV,89557-0002,Public       ,1034,1193,2227,13950,7053,21003
00256900,UNIVERSITY OF NEVADA-LAS VEGAS          ,NV,89154-1001,Public       ,1744,2966,4710,19118,18072,37190
00697700,GREAT BASIN COLLEGE                     ,NV,89801-3348,Public       ,135,415,550,707,1324,2031
00732954,ITT TECHNICAL INSTITUTE                 ,NV,89014-6712,Proprietary  ,93,322,415,304,802,1106
00736700,MARINELLO SCHOOLS OF BEAUTY             ,NV,89110-3563,Proprietary  ,65,124,189,199,421,620
00736701,MARINELLO SCHOOLS OF BEAUTY -           ,NV,89014-2244,Proprietary  ,28,57,85,81,195,276
00737100,MARINELLO SCHOOL OF BEAUTY              ,NV,89502-6530,Proprietary  ,33,85,118,147,393,540
00844103,ANTHEM INSTITUTE - MORRISON UNIVERSITY  ,NV,89521-4826,Proprietary  ,9,87,96,47,313,360
00919200,SIERRA NEVADA COLLEGE                   ,NV,89451-0000,Private      ,65,144,209,659,632,1291
01036200,COLLEGE OF SOUTHERN NEVADA              ,NV,89146-1139,Public       ,2206,5052,7258,15697,25321,41018
01036300,WESTERN NEVADA COLLEGE                  ,NV,89703-0000,Public       ,237,688,925,1372,2951,4323
01323200,ACADEMY OF HAIR DESIGN                  ,NV,89146-1617,Proprietary  ,46,112,158,222,385,607
02107700,TRUCKEE MEADOWS COMMUNITY CLG           ,NV,89512-0000,Public       ,742,1766,2508,4466,7831,12297
02237500,EVEREST COLLEGE                         ,NV,89103-0000,Proprietary  ,140,505,645,784,2077,2861
02338512,GLENDALE CAREER COLLEGE - NEVADA CAREER ,NV,89131-3268,Proprietary  ,19,87,106,66,301,367
02616703,SCOTTSDALE CULINARY INSTITUTE - LE CORDO,NV,89144-7047,Proprietary  ,40,121,161,206,514,720
02621500,CAREER COLLEGE OF NORTHERN NEVADA       ,NV,89434-7905,Proprietary  ,52,211,263,205,749,954
03030603,UTAH CLG OF MASSAGE THERAPY-NSMT        ,NV,89123-0000,Proprietary  ,54,143,197,141,357,498
03031405,INTERNATIONAL ACADEMY OF DESIGN AND TECH,NV,89074-7750,Proprietary  ,79,116,195,375,601,976
03043200,KAPLAN COLLEGE                          ,NV,89102-8618,Proprietary  ,146,701,847,658,2497,3155
03076404,BRYMAN SCHOOL OF ARIZONA (THE) - ANTHEM ,NV,89102-4514,Proprietary  ,10,49,59,77,192,269
03088200,CARSON CITY BEAUTY ACADEMY              ,NV,89706-0000,Proprietary  ,7,35,42,49,163,212
03232306,EUPHORIA INSTITUTE - SUMMERLIN          ,NV,89117-8803,Proprietary  ,46,88,134,154,320,474
03232307,EUPHORIA INSTITUTE - GREEN VALLEY       ,NV,89052-4964,Proprietary  ,32,54,86,85,188,273
03232308,EUPHORIA INSTITUTE - ALIANTE            ,NV,89131-1036,Proprietary  ,53,106,159,145,272,417
03787300,EXPERTISE SCHOOL OF BEAUTY              ,NV,89106-2516,Private      ,28,87,115,93,247,340
03838500,NORTHWEST HEALTH CAREERS                ,NV,89128-0255,Proprietary  ,45,210,255,213,662,875
03975300,INSTITUTE OF PROFESSIONAL CAREERS       ,NV,89119-7825,Proprietary  ,25,139,164,154,420,574
04051303,ART INSTITUTE OF PHOENIX (THE) - ART INS,NV,89074-7737,Proprietary  ,70,99,169,509,506,1015
04065300,UNIVERSITY OF SOUTHERN NEVADA           ,NV,89014-2333,Private      ,80,307,387,544,2196,2740
04114300,NEVADA STATE COLLEGE                    ,NV,89002-9455,Public       ,228,689,917,1876,3578,5454
04142601,TOURO UNIVERSITY - NEVADA               ,NV,89014-8800,Private      ,8,96,104,68,956,1024
04144800,INTERNATIONAL ACADEMY OF STYLE          ,NV,89509-3450,Proprietary  ,15,46,61,60,159,219
04147600,AVEDA INSTITUTE LAS VEGAS               ,NV,89119-6103,Proprietary  ,24,93,117,130,337,467
04171000,ADVANCED TRAINING INSTITUTE             ,NV,89115-7504,Proprietary  ,30,209,239,110,560,670
04186300,PAUL MITCHELL THE SCHOOL LAS VEGAS      ,NV,89123-8014,Proprietary  ,75,108,183,285,417,702
04190300,AMERICAN INSTITUTE OF MEDICAL SONOGRAPHY,NV,89146-6597,Proprietary  ,19,148,167,119,524,643
04191100,DESTINATION ACADEMY FOR SPA AND SALON PR,NV,89147-8397,Proprietary  ,9,40,49,50,163,213
04203100,PAUL MITCHELL THE SCHOOL RENO           ,NV,89501-3356,Proprietary  ,51,65,116,159,230,389
00257200,COLBY-SAWYER COLLEGE                    ,NH,03257-4648,Private      ,40,10,50,2869,140,3009
00257300,DARTMOUTH COLLEGE                       ,NH,03755-3529,Private      ,132,113,245,12275,1958,14233
00257500,FRANKLIN PIERCE UNIVERSITY              ,NH,03461-0060,Private      ,62,164,226,3334,1197,4531
00257900,NEW ENGLAND COLLEGE                     ,NH,03242-3293,Private      ,87,400,487,2011,1187,3198
00258000,SOUTHERN NEW HAMPSHIRE UNIVERSITY       ,NH,03106-1045,Private      ,425,3624,4049,6425,13592,20017
00258100,NHTI  - CONCORD'S COMMUNITY COLLEGE     ,NH,03301-7412,Public       ,494,514,1008,2821,2051,4872
00258200,MANCHESTER COMMUNITY COLLEGE            ,NH,03102-8518,Public       ,351,476,827,1381,1784,3165
00258300,GREAT BAY COMMUNITY COLLEGE             ,NH,03801-0000,Public       ,219,314,533,1039,1266,2305
00258600,RIVIER COLLEGE                          ,NH,03060-5086,Private      ,60,247,307,1425,1173,2598
00258700,SAINT ANSELM COLLEGE                    ,NH,03102-1310,Private      ,44,35,79,4274,199,4473
00258900,UNIVERSITY OF NEW HAMPSHIRE             ,NH,03824-2511,Public       ,333,354,687,21113,3666,24779
00259000,KEENE STATE COLLEGE                     ,NH,03431-0000,Public       ,190,101,291,8285,763,9048
00259100,PLYMOUTH STATE UNIVERSITY               ,NH,03264-1595,Public       ,157,230,387,6874,1599,8473
00301004,ANTIOCH UNIVERSITY                      ,NH,03431-0000,Private      ,0,73,73,6,832,838
00472900,HESSER COLLEGE                          ,NH,03103-7230,Proprietary  ,99,310,409,413,1085,1498
00472901,HESSER COLLEGE - NASHUA CAMPUS          ,NH,03063-1286,Proprietary  ,43,127,170,144,525,669
00472904,HESSER COLLEGE - PORTSMOUTH CAMPUS      ,NH,03801-3245,Proprietary  ,40,154,194,155,568,723
00472905,HESSER COLLEGE - SALEM CAMPUS           ,NH,03079-2842,Proprietary  ,42,147,189,164,603,767
00472906,HESSER COLLEGE - CONCORD CAMPUS         ,NH,03301-3415,Proprietary  ,19,116,135,89,427,516
00473100,DANIEL WEBSTER COLLEGE                  ,NH,03063-1300,Proprietary  ,43,143,186,774,337,1111
00473300,CHESTER COLLEGE OF NEW ENGLAND          ,NH,03036-4331,Private      ,0,0,0,180,41,221
00529100,WHITE MOUNTAINS COMMUNITY COLLEGE       ,NH,03570-3799,Public       ,83,143,226,392,594,986
00702500,LEBANON COLLEGE                         ,NH,03766-0000,Private      ,4,25,29,33,92,125
00755500,LAKES REGION COMMUNITY COLLEGE          ,NH,03246-1326,Public       ,148,176,324,701,692,1393
00756000,RIVER VALLEY COMMUNITY COLLEGE          ,NH,03743-9707,Public       ,79,215,294,364,852,1216
00849300,CONTINENTAL ACADEMIE OF HAIR DESIGN     ,NH,03103-4901,Proprietary  ,0,0,0,8,15,23
00864500,EMPIRE BEAUTY SCHOOL                    ,NH,03220-0000,Proprietary  ,37,42,79,93,120,213
00923600,NASHUA COMMUNITY COLLEGE                ,NH,03063-2052,Public       ,290,307,597,1149,1102,2251
01318900,CONTINENTAL ACADEMIE OF HAIR DESIGN     ,NH,03051-3754,Proprietary  ,18,22,40,51,39,90
02097900,UNIVERSITY NEW HAMPSHIRE SCHOOL OF LAW  ,NH,03301-0000,Private      ,2,20,22,28,652,680
02140400,ST JOSEPH SCH OF PRAC NRSG              ,NH,03060-0000,Private      ,6,49,55,56,240,296
02174800,MICHAEL'S SCHOOL OF HAIR DESIGN & ESTHET,NH,03110-0000,Proprietary  ,34,29,63,107,89,196
02179600,EMPIRE BEAUTY SCHOOL                    ,NH,03878-0000,Proprietary  ,35,47,82,95,146,241
02211600,PORTSMOUTH BTY SCH OF HAIR DESIGN       ,NH,03801-4084,Proprietary  ,2,10,12,9,27,36
02223300,MAGDALEN COLLEGE                        ,NH,03278-4012,Private      ,2,0,2,52,5,57
02245400,KEENE BEAUTY ACADEMY                    ,NH,03431-0000,Proprietary  ,11,15,26,41,49,90
02247000,NEW ENGLAND SCHOOL OF HAIR DESIGN       ,NH,03784-0000,Proprietary  ,10,14,24,38,46,84
03043100,THOMAS MORE COLLEGE OF LIBERAL ARTS     ,NH,03054-4818,Private      ,13,7,20,114,29,143
03101300,GRANITE STATE COLLEGE                   ,NH,03301-6400,Public       ,101,541,642,419,2045,2464
03182300,NEW HAMPSHIRE INSTITUTE OF ART          ,NH,03104-4858,Private      ,34,23,57,740,124,864
03437300,UPPER VALLEY TEACHER TRANING PROGRAM    ,NH,03766-1358,Private      ,0,8,8,3,40,43
03729300,NH INSTITUTE FOR THERAPEUTIC ARTS       ,NH,03051-4906,Proprietary  ,4,12,16,18,35,53
04162200,LAIRD INSTITUTE OF SPA THERAPY          ,NH,03102-5263,Proprietary  ,3,27,30,10,52,62
00267000,BAPTIST BIBLE COLG OF PENNSYLVANIA      ,PA,18411-1297,Private      ,58,107,165,651,383,1034
00322800,BRYN ATHYN COLLEGE OF THE NEW CHURCH    ,PA,19009-0717,Private      ,16,7,23,273,45,318
00322900,ALBRIGHT COLLEGE                        ,PA,19612-5234,Private      ,122,193,315,3888,1258,5146
00323000,ALLEGHENY COLLEGE                       ,PA,16335-3902,Private      ,69,13,82,3910,138,4048
00323100,COMM CLG OF ALLEGHENY-ALLEGHENY CMP     ,PA,15212-0000,Public       ,738,1551,2289,3393,6086,9479
00323101,"COMM CLG OF ALLEGHENY, BOYCE CAMPUS     ",PA,15146-0000,Public       ,292,579,871,1521,2420,3941
00323102,"COMM CLG OF ALLEGHENY, NORTH CAMPUS     ",PA,15237-0000,Public       ,396,629,1025,1859,2424,4283
00323103,"COMM CLG OF ALLEGHENY, SOUTH CAMPUS     ",PA,15122-0000,Public       ,332,546,878,1835,2342,4177
00323300,ALVERNIA UNIVERSITY                     ,PA,19607-1799,Private      ,102,252,354,2566,1617,4183
00323500,ARCADIA UNIVERSITY                      ,PA,19038-3295,Private      ,129,278,407,6217,2224,8441
00323700,BRYN MAWR COLLEGE                       ,PA,19010-2899,Private      ,31,37,68,1918,640,2558
00323800,BUCKNELL UNIVERSITY                     ,PA,17837-2122,Private      ,80,14,94,5473,209,5682
00323900,BUCKS COUNTY COMMUNITY COLLEGE          ,PA,18940-1320,Public       ,754,958,1712,4227,3975,8202
00324000,BUTLER COUNTY COMMUNITY COLLEGE         ,PA,16001-0000,Public       ,304,401,705,2016,1897,3913
00324100,CABRINI COLLEGE                         ,PA,19087-3698,Private      ,90,401,491,2251,1169,3420
00324200,CARNEGIE MELLON UNIVERSITY              ,PA,15213-3890,Private      ,217,181,398,12929,1839,14768
00324201,CARNEGIE MELLON UNIV- THE HEINZ COLLEGE ,PA,15213-0000,Private      ,4,58,62,125,683,808
00324202,CARNEGIE MELLON- TEPPER SCHOOL OF BUSINE,PA,15213-0000,Private      ,2,65,67,251,550,801
00324300,CEDAR CREST COLLEGE                     ,PA,18104-6196,Private      ,51,189,240,1113,1414,2527
00324400,CHATHAM UNIVERSITY                      ,PA,15232-2826,Private      ,48,252,300,828,1903,2731
00324500,CHESTNUT HILL COLLEGE                   ,PA,19118-2693,Private      ,98,480,578,2015,2466,4481
00324700,MISERICORDIA  UNIVERSITY                ,PA,18612-1008,Private      ,106,170,276,2725,1427,4152
00324900,COMMUNITY COLLEGE OF PHILADELPHIA       ,PA,19130-3991,Public       ,2253,4811,7064,12611,20827,33438
00325100,CURTIS INSTITUTE OF MUSIC               ,PA,19103-6187,Private      ,6,19,25,299,141,440
00325200,DELAWARE VALLEY COLLEGE                 ,PA,18901-2697,Private      ,118,106,224,2404,509,2913
00325300,DICKINSON COLLEGE                       ,PA,17013-2896,Private      ,76,16,92,3696,173,3869
00325600,DREXEL UNIVERSITY                       ,PA,19104-2875,Private      ,646,2626,3272,32789,19163,51952
00325800,DUQUESNE UNIVERSITY                     ,PA,15282-0001,Private      ,165,388,553,7995,4167,12162
00325900,EASTERN UNIVERSITY                      ,PA,19087-3696,Private      ,118,489,607,2376,2750,5126
00326200,ELIZABETHTOWN COLLEGE                   ,PA,17022-2298,Private      ,61,98,159,3238,692,3930
00326300,EVANGELICAL SCHOOL OF THEOLOGY          ,PA,17067-0000,Private      ,0,11,11,1,90,91
00326500,FRANKLIN & MARSHALL COLLEGE             ,PA,17604-0000,Private      ,54,22,76,3468,173,3641
00326600,GANNON UNIVERSITY                       ,PA,16541-0001,Private      ,98,195,293,3912,1477,5389
00326700,GENEVA COLLEGE                          ,PA,15010-3599,Private      ,42,150,192,1973,989,2962
00326800,GETTYSBURG COLLEGE                      ,PA,17325-1486,Private      ,59,28,87,4399,172,4571
00326900,GROVE CITY COLLEGE                      ,PA,16127-2104,Private      ,26,6,32,1844,50,1894
00327000,GWYNEDD-MERCY COLLEGE                   ,PA,19437-0901,Private      ,76,252,328,1831,1600,3431
00327200,HARCUM COLLEGE                          ,PA,19010-3476,Private      ,90,246,336,951,1680,2631
00327300,HARRISBURG AREA COMMUNITY COLLEGE       ,PA,17110-2999,Public       ,1561,3046,4607,9573,15374,24947
00327400,HAVERFORD COLLEGE                       ,PA,19041-1392,Private      ,54,7,61,2291,46,2337
00327500,HOLY FAMILY UNIVERSITY                  ,PA,19114-2094,Private      ,113,337,450,2286,2162,4448
00327600,IMMACULATA UNIVERSITY                   ,PA,19345-0647,Private      ,115,445,560,1786,1889,3675
00327700,INDIANA UNIVERSITY OF PENNSYLVANIA      ,PA,15705-1097,Public       ,811,597,1408,15600,4045,19645
00327900,JUNIATA COLLEGE                         ,PA,16652-2196,Private      ,23,8,31,2401,98,2499
00328000,KEYSTONE COLLEGE                        ,PA,18440-0200,Private      ,82,104,186,1753,806,2559
00328200,KINGS COLLEGE                           ,PA,18711-0801,Private      ,119,84,203,3473,629,4102
00328300,LACKAWANNA COLLEGE                      ,PA,18509-9961,Private      ,212,212,424,1917,1161,3078
00328400,LAFAYETTE COLLEGE                       ,PA,18042-1768,Private      ,58,20,78,4455,148,4603
00328500,LANCASTER BIBLE COLLEGE                 ,PA,17601-5036,Private      ,66,330,396,847,988,1835
00328600,LANCASTER THEOLOGICAL SEMINARY          ,PA,17603-0000,Private      ,0,15,15,6,113,119
00328700,LASALLE UNIVERSITY                      ,PA,19141-1199,Private      ,349,760,1109,6635,4493,11128
00328800,LEBANON VALLEY COLLEGE                  ,PA,17003-1400,Private      ,37,25,62,2838,285,3123
00328900,LEHIGH UNIVERSITY                       ,PA,18015-1588,Private      ,120,105,225,8748,998,9746
00329000,LINCOLN UNIVERSITY                      ,PA,19352-0999,Public       ,291,319,610,3997,1359,5356
00329100,LUTHERAN THEOLOG SEMINARY-GETTYSBRG     ,PA,17325-0000,Private      ,0,7,7,2,106,108
00329200,LUTHERAN THEOLOGICAL SEMINARY           ,PA,19119-0000,Private      ,0,48,48,1,203,204
00329300,LYCOMING COLLEGE                        ,PA,17701-5192,Private      ,77,23,100,2054,164,2218
00329400,MANOR COLLEGE                           ,PA,19046-3399,Private      ,83,97,180,822,667,1489
00329600,MARYWOOD UNIVERSITY                     ,PA,18509-1598,Private      ,83,201,284,3046,1646,4692
00329700,MERCYHURST COLLEGE                      ,PA,16546-0001,Private      ,242,281,523,4409,1915,6324
00329800,MESSIAH COLLEGE                         ,PA,17027-0000,Private      ,107,58,165,3624,360,3984
00330000,MOORE COLLEGE OF ART & DESIGN           ,PA,19103-1179,Private      ,34,50,84,760,371,1131
00330100,MORAVIAN COLLEGE                        ,PA,18018-6650,Private      ,48,48,96,2416,383,2799
00330101,MORAVIAN THEOLOGICAL SEMINARY           ,PA,18018-0000,Private      ,1,18,19,13,79,92
00330200,MOUNT ALOYSIUS COLLEGE                  ,PA,16630-1999,Private      ,41,86,127,1429,847,2276
00330300,CARLOW UNIVERSITY                       ,PA,15213-3165,Private      ,71,332,403,1327,2042,3369
00330400,MUHLENBERG COLLEGE                      ,PA,18104-5586,Private      ,64,61,125,4064,383,4447
00330600,VALLEY FORGE CHRISTIAN COLLEGE          ,PA,19460-2399,Private      ,55,66,121,891,276,1167
00330900,PEIRCE COLLEGE                          ,PA,19102-4699,Private      ,91,497,588,568,2826,3394
00331100,SALUS UNIVERSITY                        ,PA,19027-1598,Private      ,0,41,41,19,1086,1105
00331300,WIDENER UNIVERSITY                      ,PA,19013-5792,Private      ,183,275,458,4825,2726,7551
00331302,WIDENER UNIV SCH OF LAW- HARRISBURG     ,PA,17106-9381,Private      ,1,72,73,20,788,808
00331500,BLOOMSBURG UNIVERSITY OF PA             ,PA,17815-1301,Public       ,688,234,922,12503,2111,14614
00331600,CALIFORNIA UNIV OF PENNSYLVANIA         ,PA,15419-1394,Public       ,412,652,1064,7022,4504,11526
00331700,CHEYNEY UNIVERSITY OF PENNSYLVANIA      ,PA,19319-0200,Public       ,236,211,447,2333,1097,3430
00331800,CLARION UNIVERSITY OF PENNSYLVANIA      ,PA,16214-1232,Public       ,290,338,628,5343,2463,7806
00332000,EAST STROUDSBURG UNIVERSITY             ,PA,18301-2999,Public       ,544,310,854,8073,1961,10034
00332100,EDINBORO UNIVERSITY OF PENNSYLVANIA     ,PA,16444-0001,Public       ,386,463,849,6422,3143,9565
00332200,KUTZTOWN UNIVERSITY OF PENNSYLVANIA     ,PA,19530-9339,Public       ,501,310,811,12227,2318,14545
00332300,LOCK HAVEN UNIV OF PENNSYLVANIA         ,PA,17745-2439,Public       ,221,172,393,6304,1435,7739
00332400,MANSFIELD UNIVERSITY                    ,PA,16933-1123,Public       ,208,183,391,3180,977,4157
00332500,MILLERSVILLE UNIVERSITY OF PA           ,PA,17551-1800,Public       ,439,295,734,9481,2553,12034
00332600,SHIPPENSBURG UNIVERSITY                 ,PA,17257-2299,Public       ,514,243,757,8679,1722,10401
00332700,SLIPPERY ROCK UNIVERSITY                ,PA,16057-1326,Public       ,451,262,713,9042,2136,11178
00332800,WEST CHESTER UNIVERSITY                 ,PA,19383-0001,Public       ,807,611,1418,18110,4764,22874
00332900,PENN STATE UNIVERSITY                   ,PA,16802-1503,Public       ,3964,3754,7718,74375,27432,101807
00335000,UNIVERSITY OF THE ARTS (THE)            ,PA,19102-9493,Private      ,169,106,275,3384,875,4259
00335100,PHILADELPHIA BIBLICAL UNIVERSITY        ,PA,19047-2942,Private      ,59,139,198,852,547,1399
00335200,PHILADELPHIA CLG OSTEOPATHIC MED        ,PA,19131-0000,Private      ,5,206,211,32,3373,3405
00335300,UNIVERSITY OF THE SCIENCES IN PHILADELPH,PA,19104-4495,Private      ,85,121,206,3682,1429,5111
00335400,PHILADELPHIA UNIVERSITY                 ,PA,19144-5497,Private      ,220,370,590,4512,2198,6710
00335600,PITTSBURGH THEOLOGICAL SEMINARY         ,PA,15206-0000,Private      ,0,27,27,6,210,216
00335700,POINT PARK UNIVERSITY                   ,PA,15222-1912,Private      ,179,382,561,3687,2314,6001
00335800,REFORMED PRESBYTERIAN THEOL SEMINAR     ,PA,15208-0000,Private      ,0,10,10,0,23,23
00335900,ROBERT MORRIS UNIVERSITY                ,PA,15108-1189,Private      ,176,391,567,5126,2113,7239
00336000,ROSEMONT COLLEGE                        ,PA,19010-1699,Private      ,24,135,159,725,615,1340
00336200,SETON HILL UNIVERSITY                   ,PA,15601-1599,Private      ,72,105,177,2205,965,3170
00336400,ST. CHARLES BORROMEO SEMINARY           ,PA,19096-0000,Private      ,7,15,22,38,40,78
00336600,SAINT FRANCIS UNIVERSITY                ,PA,15940-0600,Private      ,89,102,191,2080,750,2830
00336700,SAINT JOSEPH'S UNIVERSITY               ,PA,19131-1395,Private      ,364,919,1283,7363,3593,10956
00336800,ST VINCENT COLLEGE                      ,PA,15650-2690,Private      ,49,37,86,2041,311,2352
00336900,SUSQUEHANNA UNIVERSITY                  ,PA,17870-1001,Private      ,54,14,68,3313,117,3430
00337000,SWARTHMORE COLLEGE                      ,PA,19081-1397,Private      ,50,15,65,4061,110,4171
00337100,TEMPLE UNIVERSITY                       ,PA,19122-6003,Private      ,1512,2121,3633,34765,20703,55468
00337600,THIEL COLLEGE                           ,PA,16125-2181,Private      ,73,16,89,1840,144,1984
00337800,UNIVERSITY OF PENNSYLVANIA              ,PA,19104-6216,Private      ,486,1099,1585,21146,13427,34573
00337900,UNIVERSITY OF PITTSBURGH                ,PA,15260-0000,Public       ,1119,1322,2441,29135,10986,40121
00337906,UNIVERSITY OF PITTSBURGH - SCHOOL OF MED,PA,15261-0001,Public       ,29,32,61,235,1033,1268
00337907,UNIVERSITY OF PITTSBURGH - SCHOOL OF DEN,PA,15261-2523,Public       ,14,19,33,94,409,503
00338400,UNIVERSITY OF SCRANTON                  ,PA,18510-4622,Private      ,179,388,567,8156,1832,9988
00338500,URSINUS COLLEGE                         ,PA,19426-2562,Private      ,45,14,59,3146,123,3269
00338600,VALLEY FORGE MILITARY COLLEGE           ,PA,19087-3695,Private      ,33,8,41,342,56,398
00338800,VILLANOVA UNIVERSITY                    ,PA,19085-1699,Private      ,180,461,641,12285,2781,15066
00338801,VILLANOVA UNIV SCH OF LAW               ,PA,19085-0000,Private      ,3,92,95,47,1514,1561
00338900,WASHINGTON & JEFFERSON COLLEGE          ,PA,15301-4801,Private      ,75,19,94,2751,124,2875
00339100,WAYNESBURG UNIVERSITY                   ,PA,15370-1222,Private      ,84,219,303,2119,763,2882
00339200,WESTMINSTER COLLEGE                     ,PA,16172-0002,Private      ,40,7,47,2477,122,2599
00339300,WESTMINSTER THEOLOGICAL SEMINARY        ,PA,19038-0000,Private      ,0,28,28,7,346,353
00339400,WILKES UNIVERSITY                       ,PA,18766-0998,Private      ,141,245,386,3444,1275,4719
00339500,PENNSYLVANIA COLLEGE OF TECHNOLOGY      ,PA,17701-5779,Public       ,268,279,547,5275,2316,7591
00339600,WILSON COLLEGE                          ,PA,17201-1285,Private      ,21,71,92,450,398,848
00339900,YORK COLLEGE OF PENNSYLVANIA            ,PA,17405-7199,Private      ,268,244,512,8742,1507,10249
00398600,DESALES UNIVERSITY                      ,PA,18034-9568,Private      ,78,244,322,2653,1521,4174
00398700,LA ROCHE COLLEGE                        ,PA,15237-5898,Private      ,64,104,168,1351,628,1979
00398800,NEUMANN UNIVERSITY                      ,PA,19014-1298,Private      ,212,204,416,3559,1386,4945
00405800,GRATZ COLLEGE                           ,PA,19027-3097,Private      ,0,36,36,2,120,122
00445200,MONTGOMERY COUNTY COMMUNITY COLLEGE     ,PA,19422-6300,Public       ,870,1236,2106,5333,5880,11213
00488900,CAMBRIA-ROWE BUSINESS COLLEGE           ,PA,15902-2494,Proprietary  ,25,63,88,143,269,412
00489000,CENTRAL PENNSYLVANIA COLLEGE            ,PA,17093-0309,Proprietary  ,63,210,273,848,1444,2292
00489300,DU BOIS BUSINESS COLLEGE                ,PA,15801-2401,Proprietary  ,13,47,60,137,248,385
00489400,ERIE BUSINESS CENTER                    ,PA,16501-1305,Proprietary  ,18,82,100,87,351,438
00489401,ERIE BUSINESS CENTER - NEW CASTLE CAMPUS,PA,16101-3950,Proprietary  ,7,22,29,36,98,134
00489800,MCCANN SCHOOL OF BUSINESS & TECHNOL     ,PA,17901-1335,Proprietary  ,384,1139,1523,1415,4442,5857
00489807,MCCANN SCHOOL OF BUSINESS & TECHNOLOGY -,PA,17013-3180,Proprietary  ,3,21,24,54,155,209
00489900,MERCY HOSP SCH OF NURSING               ,PA,15219-5166,Private      ,9,49,58,156,258,414
00490100,NEWPORT BUSINESS INSTITUTE              ,PA,15068-3929,Proprietary  ,6,22,28,34,74,108
00490200,PENN COMMERCIAL BUSINESS/TECHNICAL SCHL ,PA,15301-2871,Proprietary  ,55,122,177,231,370,601
00491000,KAPLAN CAREER INSTITUTE                 ,PA,17111-3571,Proprietary  ,58,241,299,245,826,1071
00491001,THOMPSON INSTITUTE-PHILADEPHIA CAMPUS   ,PA,19104-3386,Proprietary  ,115,266,381,284,811,1095
00491400,NEWPORT BUSINESS INSTITUTE              ,PA,17701-5855,Proprietary  ,4,26,30,16,130,146
00500701,WEST VIRGINIA CAREER INSTITUTE          ,PA,15456-0000,Proprietary  ,6,17,23,57,102,159
00531000,PITTSBURGH INST OF AERONAUTICS          ,PA,15236-0000,Private      ,55,50,105,338,237,575
00533000,FAYETTE CNTY AREA VOC TECH PRC NRSG     ,PA,15401-0000,Public       ,4,22,26,33,98,131
00533500,CENTRAL PENN INST OF SCI & TECH PNP     ,PA,16823-0000,Public       ,37,82,119,103,203,306
00536500,YORK CO AREA VOC-TECH SCH-PRAC NSG      ,PA,17402-0000,Public       ,24,112,136,84,347,431
00653400,CITIZENS SCHOOL OF NURSING              ,PA,15068-6591,Private      ,8,14,22,100,176,276
00653700,CONEMAUGH VLY MEM HOSP SCH NRSNG        ,PA,15905-4398,Private      ,4,11,15,103,136,239
00653702,CONEMAUGH HOSP- SCH HISTOTECHNOLOGY     ,PA,15905-0000,Private      ,1,3,4,12,19,31
00653704,CONEMAUGH VLY MEM HOSP SCH RAD TECH     ,PA,15905-0000,Private      ,1,3,4,30,28,58
00653706,CONEMAUGH VLY MEM HOSP SCH  MED TECH    ,PA,15905-4398,Private      ,4,1,5,7,23,30
00655100,ST MARGARET SCHL OF NURSING             ,PA,15238-3205,Private      ,12,31,43,91,222,313
00656000,OHIO VALLEY HOSP SCH OF NURSING         ,PA,15136-1694,Private      ,5,10,15,21,64,85
00656500,READING HOSPITAL SCHOOL OF HEALTH SCIENC,PA,19611-1744,Private      ,13,75,88,272,496,768
00657400,"ST LUKE'S HOSPITAL OF BETHLEHEM, PA     ",PA,18015-1065,Private      ,3,34,37,79,273,352
00657600,SEWICKLEY VALLEY HOSP SCH NRSNG         ,PA,15143-1498,Private      ,4,12,16,35,75,110
00657700,UPMC SHADYSIDE SCHOOL OF NURSING        ,PA,15232-1381,Private      ,29,103,132,193,438,631
00657800,SHARON REGIONAL SCHOOL OF NURSING       ,PA,16146-3395,Private      ,2,8,10,30,67,97
00658200,WASHINGTON HOSP SCH OF NURSING          ,PA,15301-3398,Private      ,10,32,42,69,161,230
00658202,WASHINGTON HOSP SCH OF RAD TECH         ,PA,15301-3398,Private      ,4,7,11,23,17,40
00658300,WESTERN PENN HOSP-SCH OF NURSING        ,PA,15224-1790,Private      ,14,46,60,132,207,339
00680700,COMMUNITY COLLEGE OF BEAVER COUNTY      ,PA,15061-2588,Public       ,238,356,594,1321,1485,2806
00681000,LEHIGH CARBON COMMUNITY COLLEGE         ,PA,18078-2598,Public       ,423,720,1143,3370,3985,7355
00681100,LUZERNE COUNTY COMMUNITY COLLEGE        ,PA,18634-3899,Public       ,499,726,1225,3459,3716,7175
00708700,ABINGTON MEM HOSP SCHL OF NURSING       ,PA,19090-1284,Private      ,11,44,55,144,407,551
00709100,EVEREST INSTITUTE                       ,PA,15222-1320,Proprietary  ,45,226,271,175,798,973
00711000,DELAWARE COUNTY COMMUNITY COLLEGE       ,PA,19063-1094,Public       ,1077,1690,2767,6432,8521,14953
00719100,NORTHAMPTON COMMUNITY COLLEGE           ,PA,18020-7599,Public       ,825,1106,1931,6626,6323,12949
00730305,LINCOLN TECHNICAL INSTITUTE - PHILADELPH,PA,19136-1530,Proprietary  ,85,149,234,446,589,1035
00732955,ITT TECHNICAL INSTITUTE                 ,PA,19406-1212,Proprietary  ,40,121,161,187,369,556
00743000,ANTONELLI INST OF ART & PHOTOGRAPHY     ,PA,19038-8242,Proprietary  ,19,14,33,238,64,302
00743600,KAPLAN CAREER INSTITUTE - ICM CAMPUS    ,PA,15222-1977,Proprietary  ,39,206,245,260,923,1183
00743700,PITTSBURGH TECHNICAL INSTITUTE          ,PA,15071-3205,Proprietary  ,196,173,369,2203,1034,3237
00746900,"HUSSIAN SCHOOL OF ART, INC.             ",PA,19106-0000,Proprietary  ,10,13,23,143,59,202
00747000,"ART INSTITUTE OF PITTSBURGH, THE        ",PA,15219-1328,Proprietary  ,1337,5638,6975,4976,15892,20868
00752900,CTR ART TCH BRDYWN CMPS PRC NRS PRG     ,PA,19320-0000,Public       ,6,37,43,28,143,171
00775900,LINCOLN TECHNICAL INSTITUTE             ,PA,18104-3298,Proprietary  ,70,205,275,309,629,938
00777900,LANSDALE SCHOOL OF BUSINESS             ,PA,19454-4114,Proprietary  ,36,115,151,101,445,546
00778000,NEW CASTLE SCHOOL OF TRADES             ,PA,16143-0000,Proprietary  ,107,298,405,277,670,947
00778100,CHI INSTITUTE/RETS CAMPUS               ,PA,19008-3516,Proprietary  ,65,164,229,173,471,644
00783900,TRIANGLE TECH                           ,PA,15214-3897,Proprietary  ,44,103,147,218,356,574
00791200,THADDEUS STEVENS CLG OF TECHNOLOGY      ,PA,17602-0000,Public       ,64,78,142,1280,572,1852
00791600,FRANKLIN CNTY CAREER & TECH CTR-PNP     ,PA,17201-0000,Public       ,1,30,31,25,105,130
00820000,JAMESON MEMORIAL HOSP SCH NURSING       ,PA,16105-2595,Private      ,1,12,13,47,104,151
00835000,ART INSTITUTE OF PHILADELPHIA           ,PA,19103-5198,Proprietary  ,614,720,1334,3500,2756,6256
00844100,ANTHEM INSTITUTE                        ,PA,19064-1243,Proprietary  ,69,246,315,187,677,864
00856800,VET TECH INSTITUTE                      ,PA,15222-3400,Proprietary  ,36,36,72,352,187,539
00865300,JEFFERSON CO DUBOIS VOC TECH-PR NSG     ,PA,15851-0000,Public       ,8,7,15,25,59,84
00895500,PRUONTOS HAIR DESIGN INSTITUTE          ,PA,16602-0000,Proprietary  ,4,12,16,21,32,53
00915705,WYOMING TECHNICAL INSTITUTE - BLAIRSVILL,PA,15717-8060,Proprietary  ,234,276,510,1239,1038,2277
00918600,DEAN INSTITUTE OF TECHNOLOGY            ,PA,15226-1197,Proprietary  ,13,46,59,59,150,209
00944900,PENNCO TECH                             ,PA,19007-0000,Proprietary  ,58,169,227,224,474,698
00966400,EMPIRE BEAUTY SCHOOL                    ,PA,18052-5730,Proprietary  ,49,131,180,168,373,541
00966500,EMPIRE BEAUTY SCHOOL                    ,PA,17109-2210,Proprietary  ,27,55,82,93,195,288
00966600,EMPIRE BEAUTY SCHOOL                    ,PA,19605-2803,Proprietary  ,31,62,93,100,291,391
00972100,BRADFORD SCHOOL                         ,PA,15219-2602,Proprietary  ,54,48,102,592,211,803
00972300,ARIA HEALTH SCHOOL OF NURSING           ,PA,19124-0000,Private      ,16,105,121,227,631,858
00978300,GORDON PHILLIPS SCH OF BEAUTY CULT      ,PA,19135-0000,Proprietary  ,47,87,134,217,395,612
00986300,LANCASTER GENERAL COLLEGE OF NURSING AND,PA,17602-4955,Private      ,41,177,218,660,1212,1872
01000600,GREATER JOHNSTOWN AREA VOC TECH SCH     ,PA,15904-0000,Public       ,26,79,105,95,255,350
01005500,CRAWFORD CNTY AREA VO-TECH PRAC NUR     ,PA,16335-0000,Public       ,0,5,5,21,29,50
01017600,WESTMORELAND COUNTY COMMUNITY CLG       ,PA,15697-1895,Public       ,600,885,1485,2927,3480,6407
01038800,READING AREA COMMUNITY COLLEGE          ,PA,19603-1706,Public       ,516,1142,1658,2366,4233,6599
01054100,EMPIRE BEAUTY SCHOOL                    ,PA,15146-2229,Proprietary  ,45,76,121,118,241,359
01054200,EMPIRE BEAUTY SCHOOL                    ,PA,18701-0000,Proprietary  ,25,63,88,155,244,399
01054300,EMPIRE BEAUTY SCHOOL                    ,PA,17701-3914,Proprietary  ,20,43,63,62,183,245
01081400,PITTSBURGH INST MORTUARY SCIENCE        ,PA,15206-3706,Private      ,18,54,72,122,300,422
01086000,GREATER ALTOONA CAREER/TECH CENTER      ,PA,16602-0000,Public       ,14,80,94,97,293,390
01096300,GREENE COUNTY VOC-TECH SCHOOL           ,PA,15370-0000,Public       ,3,6,9,14,33,47
01097000,EMPIRE BEAUTY SCHOOL                    ,PA,17042-5209,Proprietary  ,7,25,32,31,68,99
01099800,PENNSYLVANIA INSTITUTE OF TECH          ,PA,19063-4098,Private      ,94,207,301,455,878,1333
01102000,EMPIRE BEAUTY SCHOOL                    ,PA,17604-4335,Proprietary  ,42,97,139,154,329,483
01102100,EMPIRE BEAUTY SCHOOL                    ,PA,17402-2862,Proprietary  ,43,89,132,105,288,393
01162100,AUTOMOTIVE TRAINING CENTER              ,PA,19341-1310,Proprietary  ,128,115,243,1030,511,1541
01162200,WELDER TRAINING & TESTING INST          ,PA,18109-3253,Proprietary  ,11,35,46,31,109,140
01163800,EMPIRE BEAUTY SCHOOL                    ,PA,17876-0000,Proprietary  ,4,14,18,24,53,77
01171500,SCHUYLKILL HEALTH SCHOOL OF NURSING     ,PA,17901-3692,Private      ,2,8,10,57,68,125
01191900,BEAVER FALLS BEAUTY ACADEMY             ,PA,15010-4208,Proprietary  ,7,7,14,25,46,71
01205000,ROSEDALE TECHNICAL INSTITUTE            ,PA,15205-9791,Private      ,43,54,97,264,311,575
01239300,THOMAS JEFF UNIV-CLG ALLIED HEALTH      ,PA,19107-0000,Private      ,18,137,155,350,1594,1944
01239301,THOMAS JEFFERSON UNIVERSITY - JEFFERSON ,PA,19107-5001,Private      ,40,235,275,501,2844,3345
01239303,THOMAS JEFFERSON UNIVERSITY - COLLEGE OF,PA,19107-6731,Private      ,19,140,159,268,1042,1310
01246104,LINCOLN TECHNICAL INSTITUTE             ,PA,19104-0202,Proprietary  ,107,320,427,315,740,1055
01246105,LINCOLN TECHNICAL INSTITUTE             ,PA,19116-4202,Proprietary  ,43,118,161,173,434,607
01252300,TALMUDICAL YESHIVA OF PHILA             ,PA,19131-1296,Private      ,2,1,3,15,4,19
01260500,EMPIRE BEAUTY SCHOOL                    ,PA,17331-2405,Proprietary  ,20,51,71,87,225,312
01260600,EMPIRE BEAUTY SCHOOL                    ,PA,17901-2505,Proprietary  ,49,89,138,161,353,514
01260700,EMPIRE BEAUTY SCHOOL                    ,PA,16801-5218,Proprietary  ,11,13,24,36,55,91
01292900,SOUTH HILLS BEAUTY ACADEMY              ,PA,15216-2335,Proprietary  ,19,59,78,48,102,150
01301500,GORDON PHILLIPS SCH BEAUTY CULTURE      ,PA,19102-2701,Proprietary  ,86,173,259,214,483,697
01313400,YESHIVATH BETH MOSHE                    ,PA,18505-2196,Private      ,4,2,6,9,8,17
01321400,ROXBOROUGH MEM HOSP SCH OF NURSING      ,PA,19128-0000,Proprietary  ,6,30,36,68,248,316
01326300,SOUTH HILLS SCHOOL OF BUSINESS & TECHNOL,PA,16801-4516,Proprietary  ,29,87,116,557,528,1085
02061000,VENUS BEAUTY ACADEMY                    ,PA,19079-0000,Proprietary  ,20,36,56,46,68,114
02068300,DOUGLAS SCHOOL OF BUSINESS              ,PA,15062-0000,Proprietary  ,44,71,115,262,282,544
02090200,TRIANGLE TECH                           ,PA,16502-0000,Proprietary  ,13,25,38,88,114,202
02092500,LAUREL TECHNICAL INSTITUTE              ,PA,16146-0000,Proprietary  ,24,54,78,160,312,472
02092502,BUSINESS INSTITUTE OF PENNSYLVANIA      ,PA,16335-0000,Proprietary  ,1,5,6,16,24,40
02104003,HARRIS SCHOOL OF BUSINESS - UPPER DARBY ,PA,19082-2528,Proprietary  ,6,12,18,21,58,79
02107300,PENNSYLVANIA ACADEMY OF FINE ARTS       ,PA,19102-1424,Private      ,19,39,58,310,354,664
02112200,GREAT LAKES INSTITUTE OF TECHNOLOGY     ,PA,16509-0000,Proprietary  ,74,110,184,357,464,821
02114200,JOHNSON COLLEGE                         ,PA,18508-0000,Private      ,52,54,106,554,314,868
02116001,SANFORD-BROWN INSTITUTE - TREVOSE       ,PA,19053-4700,Proprietary  ,62,146,208,242,750,992
02118000,LEVITTOWN BEAUTY ACADEMY LLC            ,PA,19054-1713,Proprietary  ,17,22,39,28,34,62
02119300,PA ACAD OF COSMETOLOGY ARTS & SCI       ,PA,15904-0000,Proprietary  ,14,24,38,52,62,114
02120800,"YORKTOWNE BUSINESS INSTITUTE, INC.      ",PA,17404-0000,Proprietary  ,17,68,85,106,311,417
02127400,YORK TECHNICAL INSTITUTE                ,PA,17402-0000,Proprietary  ,157,334,491,1090,1664,2754
02129000,TRIANGLE TECH                           ,PA,15601-0000,Proprietary  ,55,47,102,285,223,508
02129001,TRIANGLE TECH - BUSINESS CAREERS INSTITU,PA,15601-3304,Proprietary  ,1,9,10,16,20,36
02144000,"VISION ACADEMY, THE                     ",PA,18103-0000,Proprietary  ,22,48,70,35,80,115
02149000,EMPIRE BEAUTY SCHOOL                    ,PA,19341-2804,Proprietary  ,54,89,143,141,303,444
02151500,CENTRAL SUSQUEHANNA LPN CENTER          ,PA,17837-8818,Public       ,2,12,14,48,197,245
02153500,OAKBRIDGE ACADEMY OF ARTS               ,PA,15068-0000,Proprietary  ,3,2,5,68,22,90
02158300,JUNIATA-MIFFLIN CO AREA VOC TECH        ,PA,17044-0000,Public       ,5,13,18,29,59,88
02161400,NORTHEASTERN HOSP SCH OF NRSG           ,PA,19134-0000,Private      ,10,63,73,90,342,432
02169600,CLEARFIELD CTY CAREER AND TECH CNTR     ,PA,16830-0000,Public       ,7,15,22,52,100,152
02174400,TRIANGLE TECH                           ,PA,15801-0000,Proprietary  ,44,30,74,274,182,456
02178900,ACADEMY OF HAIR DESIGN                  ,PA,18202-1465,Proprietary  ,39,66,105,94,207,301
02183000,ORLEANS TECHNICAL INSTITUTE             ,PA,19111-0000,Private      ,68,178,246,198,566,764
02192800,WALNUT HILL COLLEGE                     ,PA,19104-0000,Proprietary  ,59,66,125,544,347,891
02202300,SANFORD-BROWN INSTITUTE                 ,PA,15219-1907,Proprietary  ,49,158,207,260,881,1141
02202301,SANFORD-BROWN INSTITUTE                 ,PA,15146-2141,Proprietary  ,30,73,103,107,378,485
02203900,ERIE INSTITUTE OF TECHNOLOGY            ,PA,16565-1002,Proprietary  ,30,49,79,162,271,433
02206200,"VISION ACADEMY, THE                     ",PA,19002-0000,Proprietary  ,22,49,71,42,88,130
02206300,STROUDSBURG SCHOOL OF COSMETOLOGY       ,PA,18360-0000,Proprietary  ,25,26,51,47,53,100
02212700,LANCASTER SCHOOL OF COSMETOLOGY         ,PA,17602-0000,Proprietary  ,21,50,71,62,146,208
02234200,ACADEMY OF MEDICAL ARTS & BUSINESS      ,PA,17112-0000,Proprietary  ,31,90,121,197,360,557
02240100,BARBER STYLING INSTITUTE                ,PA,17011-0000,Proprietary  ,0,0,0,0,1,1
02251200,SCHUYLKILL COUNTY AREA VOC TECH SCH     ,PA,17931-0000,Public       ,7,40,47,26,83,109
02251202,SCHUYLKILL COUNTY AREA VOC TECH SCH     ,PA,17931-0000,Public       ,3,12,15,8,36,44
02253900,BERKS TECHNICAL INSTITUTE               ,PA,19610-0000,Proprietary  ,114,154,268,717,911,1628
02255200,PENNSYLVANIA SCHOOL OF BUSINESS         ,PA,18101-1604,Proprietary  ,24,73,97,126,523,649
02269900,PENNSYLVANIA COLLEGE OF ART & DESIGN    ,PA,17603-3528,Private      ,26,16,42,483,114,597
02270500,BUCKS COUNTY SCHOOL OF BEAUTY CULT      ,PA,19053-0000,Proprietary  ,14,15,29,41,45,86
02273400,RECONSTRUCTIONIST RABBINICAL COLLEG     ,PA,19095-0000,Private      ,0,5,5,0,43,43
02276600,HANOVER PUBLIC SCH DIST PRAC NURSG      ,PA,17331-0000,Public       ,2,16,18,11,59,70
02282500,LENAPE SCHOOL OF PRACTICAL NURSING      ,PA,16226-0000,Public       ,8,35,43,30,138,168
02288800,EMPIRE BEAUTY SCHOOL                    ,PA,18974-4508,Proprietary  ,45,88,133,133,322,455
02289500,PACE INSTITUTE                          ,PA,19601-0000,Proprietary  ,12,38,50,69,249,318
02289600,CONSOLIDATED SCHOOL OF BUSINESS         ,PA,17404-0000,Proprietary  ,6,52,58,52,220,272
02289700,ACADEMY OF CREATIVE HAIR DESIGN         ,PA,18702-0000,Proprietary  ,15,50,65,50,148,198
02289800,CHI INSTITUTE - FRANKLIN MILLS          ,PA,19154-0000,Proprietary  ,71,213,284,348,901,1249
02290400,"ALTOONA BEAUTY SCHOOL, INC              ",PA,16602-0000,Proprietary  ,16,28,44,51,65,116
02292700,LANSDALE SCHOOL OF COSMETOLOGY          ,PA,19446-0000,Proprietary  ,7,22,29,24,39,63
02299300,TRINITY EPISCOPAL SCHOOL MINISTRY       ,PA,15003-0000,Private      ,1,21,22,2,113,115
02301300,PRISM CAREER INSTITUTE                  ,PA,19082-2448,Proprietary  ,35,131,166,141,639,780
02304400,YTI CAREER INSTITUTE - MECHANICSBURG    ,PA,17055-0000,Proprietary  ,21,82,103,178,300,478
02306200,VENANGO COUNTY AREA VOC TECH SCHOOL     ,PA,16301-0000,Public       ,7,15,22,32,78,110
02310800,LANCASTER COUNTY CAREER & TECH CTR      ,PA,17584-0000,Public       ,47,107,154,143,447,590
02323000,BIBLICAL THEOLOGICAL SEMINARY           ,PA,19440-2421,Private      ,0,32,32,1,97,98
02330300,LEBANON CO CAREER & TECHNOLOGY CTR      ,PA,17042-0000,Public       ,12,39,51,59,204,263
02330600,PENNSYLVANIA GUNSMITH SCHOOL            ,PA,15202-0000,Proprietary  ,20,30,50,99,133,232
02350100,WESTERN AREA CAREER & TECHNOLOGY CT     ,PA,15317-0000,Public       ,9,21,30,40,135,175
02350200,INDIANA COUNTY TECH CTR SCH PR NSG      ,PA,15701-1465,Public       ,20,39,59,52,138,190
02353100,NORTHERN TIER CAREER CENTER             ,PA,18848-0000,Public       ,5,9,14,37,66,103
02362300,MERCER COUNTY AREA VOC TECH SCHOOL      ,PA,16137-0000,Public       ,1,10,11,21,60,81
02492600,EASTERN CTR ARTS AND TECH PR NSG        ,PA,19090-0000,Public       ,6,45,51,30,172,202
02495500,ALL-STATE CAREER SCHOOL                 ,PA,19029-0000,Proprietary  ,67,315,382,229,690,919
02529800,WILKES BARRE AREA CAREER AND TECHNICAL C,PA,18705-0000,Public       ,9,56,65,73,204,277
02536600,COMMONWEALTH TECH INSTIT @ HIRAM G      ,PA,15905-0000,Public       ,67,41,108,248,124,372
02544300,BUTLER BEAUTY SCHOOL                    ,PA,16001-0000,Proprietary  ,15,38,53,39,91,130
02545000,LAWRENCE COUNTY CAREER AND TECHNICAL CEN,PA,16101-0000,Public       ,3,23,26,28,80,108
02546200,LAUREL BUSINESS INSTITUTE               ,PA,15401-0877,Proprietary  ,31,51,82,115,218,333
02550000,CLARION CO AREA VOC-TECH PRAC NRSG      ,PA,16254-4637,Public       ,10,24,34,27,58,85
02554500,HAZLETON AREA CAREER CENTER PRACTICAL NU,PA,18201-0000,Public       ,2,19,21,21,84,105
02557800,ART INSTITUTE OF YORK (THE) - PENNSYLVAN,PA,17402-9012,Proprietary  ,78,46,124,742,336,1078
02566400,ALBERT EINSTEIN MED CTR DEPT DNTL       ,PA,19141-3098,Private      ,4,33,37,35,119,154
02574800,PENNSYLVANIA INSTITUTE OF TAXIDERMY     ,PA,15931-0000,Proprietary  ,2,7,9,11,22,33
02609500,CAREER TRAINING ACADEMY                 ,PA,15068-6308,Proprietary  ,33,79,112,93,222,315
02609501,CAREER TRAINING ACADEMY                 ,PA,15146-0000,Proprietary  ,2,10,12,14,32,46
02616100,JEAN MADELINE ED CTR FOR COSM           ,PA,19147-1542,Proprietary  ,69,97,166,347,371,718
03006800,LE CORDON BLEU INSTITUTE OF CULINARY ART,PA,15222-3511,Proprietary  ,19,38,57,140,168,308
03010800,TRI-STATE BUSINESS INSTITUTE            ,PA,16506-1013,Proprietary  ,160,586,746,659,2206,2865
03011500,FORTIS INSTITUTE                        ,PA,18702-0000,Proprietary  ,16,73,89,95,206,301
03011600,FORTIS INSTITUTE                        ,PA,18509-2903,Proprietary  ,54,126,180,218,449,667
03029900,CONSOLIDATED SCHOOL OF BUSINESS         ,PA,17603-2389,Proprietary  ,20,53,73,72,187,259
03031600,DPT BUSINESS SCHOOL                     ,PA,19116-3961,Proprietary  ,0,0,0,0,4,4
03031601,DPT BUSINESS SCHOOL                     ,PA,19106-0000,Proprietary  ,0,0,0,0,4,4
03067000,ANTONELLI MEDICAL & PROF INST           ,PA,19464-9244,Proprietary  ,9,42,51,34,91,125
03072400,ALL-STATE CAREER SCHOOL                 ,PA,15122-0000,Proprietary  ,16,120,136,59,290,349
03072600,DCI CAREER INSTITUTE                    ,PA,15061-2307,Proprietary  ,8,28,36,33,87,120
03081900,YTI CAREER INSTITUTE - ALTOONA          ,PA,16602-4457,Proprietary  ,36,71,107,219,368,587
03090800,LAKE ERIE COLL OF OSTEOPATHIC MED       ,PA,16509-0000,Private      ,1,165,166,75,3741,3816
03098600,CAREER TECH CTR OF LACKAWANNA CNTY      ,PA,18508-0000,Public       ,15,66,81,68,228,296
03101400,FORBES ROAD CAREER & TECHNOLOGY CTR     ,PA,15146-1550,Public       ,3,11,14,12,32,44
03101500,BIDWELL TRAINING CENTER                 ,PA,15233-2233,Private      ,8,32,40,41,94,135
03103300,JNA INSTITUTE OF CULINARY ARTS          ,PA,19146-3119,Proprietary  ,27,65,92,127,198,325
03109100,METROPOLITAN CAREER CENTER              ,PA,19144-0000,Private      ,10,35,45,20,158,178
03110700,AVIATION INSTITUTE OF MAINTENANCE       ,PA,19114-1017,Proprietary  ,55,222,277,181,644,825
03120400,REGIONAL CAREER & TECHNICAL CENTER      ,PA,16509-4699,Public       ,2,6,8,16,25,41
03128400,DELAWARE COUNTY TECHNICAL SCHOOL        ,PA,19008-1928,Public       ,11,39,50,53,175,228
03180400,PENNSYLVANIA HIGHLANDS COMMUNITY COLLEGE,PA,15904-2927,Public       ,109,183,292,948,872,1820
03236400,LT INTERNATIONAL BEAUTY SCHOOL          ,PA,19130-2235,Proprietary  ,9,50,59,26,86,112
03353300,ACADEMY OF VOCAL ARTS                   ,PA,19103-6685,Private      ,11,25,36,39,102,141
03380301,STAR CAREER ACADEMY - STAR PHILADELPHIA ,PA,19114-2204,Proprietary  ,124,418,542,310,1034,1344
03380304,STAR CAREER ACADEMY - STAR NORRISTOWN   ,PA,19403-2422,Proprietary  ,21,110,131,54,272,326
03439400,NAWCC SCHOOL OF HOROLOGY                ,PA,17512-2130,Private      ,0,1,1,1,13,14
03535300,HUNTINGDON COUNTY CAREER AND TECHNO     ,PA,17060-0905,Public       ,2,12,14,13,44,57
03561400,SUSQUEHANNA COUNTY CAREER & TECHNOL     ,PA,18816-0100,Public       ,4,9,13,10,16,26
03766300,PENNSYLVANIA SCHOOL OF MUSCLE THERAPY   ,PA,19406-3101,Proprietary  ,18,58,76,38,132,170
03781300,PRINCETON INFORMATION TECHNOLOGY CENTER ,PA,19038-4535,Proprietary  ,16,65,81,36,247,283
03899300,CALVARY BAPTIST THEOLOGICAL SEMINARY    ,PA,19446-4718,Private      ,0,6,6,1,40,41
03923300,PRECISION MANUFACTURING INSTITUTE       ,PA,16335-8380,Private      ,0,14,14,18,37,55
03948300,HARRISBURG UNIVERSITY OF SCIENCE AND TEC,PA,17101-2116,Private      ,30,49,79,668,279,947
03949300,WON INSTITUTE OF GRADUATE STUDIES       ,PA,19038-4535,Private      ,0,22,22,0,52,52
03950500,NORTHWEST REGIONAL TECHNOLOGY INSTITUTE ,PA,16508-2820,Proprietary  ,5,15,20,19,41,60
03952300,NATIONAL MASSAGE THERAPY INSTITUTE      ,PA,19116-3965,Proprietary  ,66,204,270,148,487,635
04024300,EDUCATION AND TECHNOLOGY INSTITUTE      ,PA,15601-9214,Private      ,2,15,17,19,40,59
04118000,BYZANTINE CATHOLIC SEMINARY OF SAINTS CY,PA,15214-2229,Private      ,1,1,2,2,6,8
04127500,CAREER DEVELOPMENT & EMPLOYMENT         ,PA,18702-5253,Proprietary  ,6,33,39,16,65,81
04138300,INTERNATIONAL BEAUTY ACADEMY            ,PA,19149-2710,Proprietary  ,0,0,0,24,28,52
04145800,PULSE BEAUTY ACADEMY A PAUL MITCHELL PAR,PA,19335-0000,Proprietary  ,21,16,37,95,63,158
04149800,SOMERSET COUNTY TECHNOLOGY CENTER       ,PA,15501-1444,Public       ,4,18,22,24,73,97
04151700,BELLA CAPELLI ACADEMY                   ,PA,15146-2388,Proprietary  ,14,32,46,72,74,146
04155100,INSTITUTE OF MEDICAL CAREERS            ,PA,15235-3718,Proprietary  ,12,26,38,43,96,139
04158000,METRO BEAUTY ACADEMY                    ,PA,18106-9693,Proprietary  ,37,38,75,116,140,256
04164900,BARONE BEAUTY ACADEMY                   ,PA,17701-5316,Proprietary  ,7,18,25,28,41,69
04167200,COMMONWEALTH MEDICAL COLLEGE (THE)      ,PA,18503-3251,Private      ,3,46,49,16,570,586
04175900,LEWISTOWN HOSPITAL SCHOOL OF NURSING    ,PA,17044-1167,Private      ,1,4,5,38,54,92
04209700,NEWCOURTLAND EDUCATION CENTER SCHOOL OF ,PA,19119-2126,Private      ,0,6,6,0,6,6
00153410,EVEREST UNIVERSITY - EVEREST COLLEGE - M,WI,53212-4006,Proprietary  ,39,156,195,217,914,1131
00267813,BRYANT & STRATTON COLLEGE - MIL DOWNTOWN,WI,53203-2608,Proprietary  ,235,732,967,800,3138,3938
00383200,ALVERNO COLLEGE                         ,WI,53234-3922,Private      ,159,471,630,1534,2550,4084
00383500,BELOIT COLLEGE                          ,WI,53511-5595,Private      ,39,17,56,1988,126,2114
00383700,CARDINAL STRITCH UNIVERSITY             ,WI,53217-9884,Private      ,111,1070,1181,1248,4471,5719
00383800,CARROLL UNIVERSITY                      ,WI,53186-5593,Private      ,152,169,321,3981,939,4920
00383900,CARTHAGE COLLEGE                        ,WI,53141-0000,Private      ,265,213,478,5225,960,6185
00384000,WESTERN TECHNICAL COLLEGE               ,WI,54601-0908,Public       ,539,818,1357,2244,2591,4835
00384200,CONCORDIA UNIVERSITY WISCONSIN          ,WI,53097-2402,Private      ,234,1101,1335,3229,4339,7568
00384800,EDGEWOOD COLLEGE                        ,WI,53711-1958,Private      ,86,242,328,1927,1431,3358
00385000,SILVER LAKE COLLEGE                     ,WI,54220-9319,Private      ,24,85,109,229,359,588
00385400,LAKELAND COLLEGE                        ,WI,53082-0000,Private      ,63,556,619,1185,2024,3209
00385600,LAWRENCE UNIVERSITY                     ,WI,54912-0599,Private      ,55,22,77,2430,144,2574
00386100,MARIAN UNIVERSITY                       ,WI,54935-4699,Private      ,77,213,290,1492,1098,2590
00386300,MARQUETTE UNIVERSITY                    ,WI,53201-1881,Private      ,255,371,626,16198,4634,20832
00386600,MILWAUKEE AREA TECH COLLEGE             ,WI,53233-1443,Public       ,1933,5034,6967,7296,17757,25053
00386800,MILWAUKEE SCHOOL OF ENGINEERING         ,WI,53202-3109,Private      ,120,168,288,2778,886,3664
00386900,MOUNT MARY COLLEGE                      ,WI,53222-4597,Private      ,56,229,285,840,1498,2338
00387400,NASHOTAH HOUSE                          ,WI,53058-0000,Private      ,0,10,10,0,76,76
00387500,NORTHLAND COLLEGE                       ,WI,54806-3999,Private      ,34,27,61,797,147,944
00388400,RIPON COLLEGE                           ,WI,54971-0248,Private      ,22,15,37,1322,78,1400
00389200,ST. NORBERT COLLEGE                     ,WI,54115-2099,Private      ,73,24,97,2913,127,3040
00389500,UNIVERSITY OF WISCONSIN-MADISON         ,WI,53715-1382,Public       ,1658,1357,3015,27000,11541,38541
00389600,UNIVERSITY OF WISCONSIN-MILWAUKEE       ,WI,53201-3165,Public       ,2053,2369,4422,19550,13431,32981
00389700,UNIVERSITY OF WISCONSIN COLLEGES        ,WI,53708-8680,Public       ,288,438,726,2850,2178,5028
00389701,UNIVERSITY OF WISCONSIN-BARABOO         ,WI,53913-1098,Public       ,79,70,149,445,272,717
00389702,UNIVERSITY OF WISCONSIN-BARRON          ,WI,54868-2497,Public       ,77,80,157,445,252,697
00389703,UNIVERSITY OF WISCONSIN-FOND DU LAC     ,WI,54935-2998,Public       ,104,90,194,547,340,887
00389704,UNIVERSITY OF WISCONSIN-FOX VALLEY      ,WI,54952-1297,Public       ,157,150,307,1125,655,1780
00389705,UNIVERSITY OF WISCONSIN-MANITOWOC       ,WI,54220-6699,Public       ,69,47,116,408,213,621
00389706,UNIVERSITY OF WISCONSIN-MARATHON        ,WI,54401-5396,Public       ,117,116,233,965,462,1427
00389707,UNIVERSITY OF WISCONSIN-MARINETTE       ,WI,54143-4299,Public       ,56,62,118,287,200,487
00389708,UNIVERSITY OF WISCONSIN-MARSHFIELD      ,WI,54449-3310,Public       ,47,56,103,354,206,560
00389709,UNIVERSITY OF WISCONSIN-RICHLAND        ,WI,53581-1399,Public       ,38,34,72,345,131,476
00389710,UNIVERSITY OF WISCONSIN COLLEGES - ROCK ,WI,53546-5699,Public       ,138,142,280,881,601,1482
00389711,UNIVERSITY OF WISCONSIN-SHEBOYGAN       ,WI,53081-4789,Public       ,100,106,206,582,398,980
00389712,UNIVERSITY OF WISCONSIN-WASHINGTON      ,WI,53095-3699,Public       ,120,87,207,586,331,917
00389713,UNIVERSITY OF WISCONSIN-WAUKESHA        ,WI,53188-2799,Public       ,287,184,471,1495,678,2173
00389900,UNIVERSITY OF WISCONSIN-GREEN BAY       ,WI,54311-7001,Public       ,457,545,1002,5150,2787,7937
00391100,VITERBO UNIVERSITY                      ,WI,54601-4777,Private      ,79,237,316,1965,1327,3292
00391500,UNIVERSITY OF WISCONSIN-STOUT           ,WI,54751-0790,Public       ,831,549,1380,6555,2291,8846
00391700,UNIVERSITY OF WISCONSIN-EAU CLAIRE      ,WI,54702-4004,Public       ,781,383,1164,9824,1965,11789
00391900,UNIVERSITY OF WISCONSIN-LA CROSSE       ,WI,54601-3742,Public       ,632,298,930,9305,1830,11135
00392000,UNIVERSITY OF WISCONSIN-OSHKOSH         ,WI,54901-8604,Public       ,1023,777,1800,9487,3625,13112
00392100,UNIVERSITY OF WISCONSIN-PLATTEVILLE     ,WI,53818-3099,Public       ,609,416,1025,7284,1782,9066
00392300,UNIVERSITY OF WISCONSIN-RIVER FALLS     ,WI,54022-5013,Public       ,744,404,1148,5402,1509,6911
00392400,UNIVERSITY OF WISCONSIN-STEVENS POINT   ,WI,54481-3871,Public       ,619,323,942,8421,2121,10542
00392500,UNIVERSITY OF WISCONSIN-SUPERIOR        ,WI,54880-2898,Public       ,291,402,693,1856,1413,3269
00392600,UNIVERSITY OF WISCONSIN-WHITEWATER      ,WI,53190-1792,Public       ,854,536,1390,10289,2769,13058
00400700,MADISON AREA TECHNICAL COLLEGE          ,WI,53704-2599,Public       ,1266,2318,3584,5259,8433,13692
00501500,UNIVERSITY OF WISCONSIN-PARKSIDE        ,WI,53141-2000,Public       ,605,584,1189,3993,2548,6541
00529400,WAUKESHA COUNTY TECHNICAL COLLEGE       ,WI,53072-4696,Public       ,441,1037,1478,1778,3555,5333
00530100,NORTHEAST WISCONSIN TECHNICAL COLLEGE   ,WI,54307-9042,Public       ,655,1445,2100,2789,5159,7948
00530400,CHIPPEWA VALLEY TECHNICAL COLLEGE       ,WI,54701-6162,Public       ,436,792,1228,2472,3616,6088
00538000,MID-STATE TECHNICAL COLLEGE             ,WI,54494-5512,Public       ,222,492,714,962,1867,2829
00538400,NICOLET AREA TECHNICAL COLLEGE          ,WI,54501-0000,Public       ,104,279,383,544,912,1456
00538700,NORTHCENTRAL TECHNICAL COLLEGE          ,WI,54401-1899,Public       ,347,879,1226,1335,3202,4537
00538900,GATEWAY TECHNICAL COLLEGE               ,WI,53144-1690,Public       ,654,1660,2314,2680,8254,10934
00539000,BLACKHAWK TECHNICAL COLLEGE             ,WI,53547-5009,Public       ,241,658,899,1093,2979,4072
00612601,ST LUKE'S MEDCL CTR SCHL RAD TECH       ,WI,53215-4330,Private      ,0,0,0,38,71,109
00663900,BELLIN COLLEGE                          ,WI,54305-0000,Private      ,13,47,60,295,251,546
00732934,ITT TECHNICAL INSTITUTE                 ,WI,53220-4612,Proprietary  ,140,737,877,394,1628,2022
00766900,SOUTHWEST WISCONSIN TECH COLLEGE        ,WI,53809-0000,Public       ,97,219,316,731,851,1582
00821700,PAUL MITCHELL THE SCHOOL GREEN BAY      ,WI,54324-0257,Proprietary  ,23,31,54,87,113,200
00869405,RASMUSSEN COLLEGE - WAUSAU              ,WI,54401-7804,Proprietary  ,33,154,187,161,845,1006
00869414,RASMUSSEN COLLEGE - GREEN BAY           ,WI,54303-2349,Proprietary  ,31,168,199,151,894,1045
00869419,RASMUSSEN COLLEGE - APPLETON            ,WI,54915-7305,Proprietary  ,22,138,160,92,553,645
00919400,LAKESHORE TECHNICAL COLLEGE             ,WI,53015-1412,Public       ,140,405,545,747,1754,2501
00925600,MORAINE PARK TECHNICAL COLLEGE          ,WI,54936-0000,Public       ,170,495,665,1064,2627,3691
00941900,STATE CLG OF BEAUTY CULT-WAUSAU         ,WI,54403-4667,Proprietary  ,8,24,32,47,66,113
00962100,HERZING UNIVERSITY                      ,WI,53718-4236,Proprietary  ,279,2092,2371,1222,9495,10717
00974400,FOX VALLEY TECHNICAL COLLEGE            ,WI,54913-0000,Public       ,670,1402,2072,3265,5605,8870
01091300,MADISON MEDIA INSTITUTE                 ,WI,53718-6787,Proprietary  ,141,154,295,666,554,1220
01148400,ADVANCED INSTITUTE OF HAIR DESIGN       ,WI,53225-0000,Proprietary  ,73,92,165,248,305,553
01182400,WISCONSIN INDIANHEAD TECH CLG WITC      ,WI,54871-9300,Public       ,181,565,746,1024,2491,3515
02077100,MILWAUKEE INST OF ART & DESIGN          ,WI,53202-0000,Private      ,95,81,176,1130,369,1499
02078000,SACRED HEART SCHOOL OF THEOLOGY         ,WI,53130-0000,Private      ,0,1,1,0,4,4
02136600,WISCONSIN LUTHERAN COLLEGE              ,WI,53226-0000,Private      ,60,77,137,1227,323,1550
02201803,KAPLAN COLLEGE - MILWAUKEE              ,WI,53212-3939,Proprietary  ,43,254,297,197,920,1117
02239204,ANTHEM COLLEGE - BROOKFIELD             ,WI,53005-4207,Proprietary  ,7,21,28,23,73,96
02271300,WI SCH OF PROFESSIONAL PSYCHOLOGY       ,WI,53225-0000,Private      ,6,44,50,29,204,233
02317200,MARANATHA BAPTIST BIBLE COLLEGE         ,WI,53094-0000,Private      ,185,54,239,857,139,996
02324700,EMPIRE BEAUTY SCHOOL                    ,WI,53717-0000,Proprietary  ,16,56,72,74,176,250
02332100,EMPIRE BEAUTY SCHOOL                    ,WI,54220-0000,Proprietary  ,20,60,80,83,229,312
02332101,EMPIRE BEAUTY SCHOOL - APPLETON         ,WI,54914-4644,Proprietary  ,7,9,16,32,51,83
02453500,MEDICAL COLLEGE OF WISCONSIN            ,WI,53226-0000,Private      ,13,66,79,98,1295,1393
02494300,GILL-TECH ACADEMY OF HAIR DESIGN        ,WI,54911-0000,Proprietary  ,16,19,35,69,56,125
02532200,LAC COURTE OREILLES OJIBWA CMTY CLG     ,WI,54843-0000,Public       ,39,228,267,84,416,500
03007400,LAKESIDE SCHOOL OF MASSAGE THERAPY      ,WI,53212-0000,Private      ,0,0,0,20,50,70
03061200,MIDWEST COLLEGE OF ORIENTAL MEDICINE    ,WI,53403-9747,Proprietary  ,4,99,103,23,266,289
03077600,EMPIRE BEAUTY SCHOOL                    ,WI,54304-4838,Proprietary  ,12,57,69,136,318,454
03125100,COLLEGE OF MENOMINEE NATION             ,WI,54135-0000,Private      ,42,187,229,119,492,611
03125102,COLLEGE OF  THE MENOMINEE NATION - GREEN,WI,54304-4964,Private      ,12,83,95,54,253,307
03220300,"SALON PROFESSIONAL ACADEMY, THE         ",WI,54701-7633,Proprietary  ,9,28,37,67,113,180
03309300,MONTESSORI INSTITUTE OF MILWAUKEE       ,WI,53207-0000,Private      ,1,12,13,6,39,45
03808300,INSTITUTE OF BEAUTY AND WELLNESS (THE)  ,WI,53202-5715,Proprietary  ,36,76,112,155,255,410
03822300,FOUR SEASONS SALON AND COSMETOLOGY SCHOO,WI,53566-0000,Proprietary  ,10,23,33,24,53,77
03872500,NORTHLAND INTERNATIONAL UNIVERSITY      ,WI,54119-9285,Private      ,81,12,93,485,74,559
03925300,BLUE SKY SCHOOL OF PROFESSIONAL MASSAGE ,WI,53024-9699,Private      ,8,46,54,30,140,170
03925301,BLUE SKY SCHOOL OF PROFESSIONAL MASSAGE ,WI,54115-7407,Private      ,0,8,8,0,8,8
03925303,BLUE SKY SCHOOL OF PROFESSIONAL MASSAGE ,WI,53713-2366,Private      ,2,13,15,2,13,15
04117400,MILWAUKEE CAREER COLLEGE                ,WI,53222-4305,Proprietary  ,38,136,174,169,474,643
04118600,ACADEMY OF COSMETOLOGY                  ,WI,53548-3307,Proprietary  ,14,31,45,41,112,153
04124800,VISIONS IN HAIR DESIGN INSTITUTE OF COSM,WI,53210-1120,Proprietary  ,7,27,34,33,87,120
04132600,WISCONSIN ACADEMY (THE)                 ,WI,54157-1726,Proprietary  ,6,9,15,12,34,46
04137900,BRENSTEN EDUCATION                      ,WI,53186-0000,Proprietary  ,22,122,144,55,378,433
04138200,SALON PROFESSIONAL ACADEMY (THE)        ,WI,54914-3921,Proprietary  ,13,21,34,57,65,122
04157700,SALON PROFESSIONAL ACADEMY (THE)        ,WI,54650-8699,Proprietary  ,14,16,30,50,73,123
04159400,COLUMBIA COLLEGE OF NURSING             ,WI,53211-2952,Private      ,15,66,81,144,336,480
04165300,ACADEMY WAUKESHA (THE)                  ,WI,53072-5524,Proprietary  ,25,46,71,97,147,244
04179200,ADVANCED COLLEGE OF COSMETOLOGY         ,WI,53963-0000,Proprietary  ,9,9,18,28,30,58
04182100,FIRST CLASS COSMETOLOGY SCHOOL          ,WI,52511-0000,Proprietary  ,13,31,44,43,101,144
04183600,SALON PROFESSIONAL ACADEMY OF KENOSHA (T,WI,53142-4950,Proprietary  ,16,52,68,101,185,286
04193800,SHEPHERDS COLLEGE                       ,WI,53182-1527,Private      ,9,10,19,19,12,31
04202800,PANACHE ACADEMY OF BEAUTY               ,WI,53913-2596,Proprietary  ,8,12,20,27,40,67
00290500,NORTH CAROLINA A&T STATE UNIV           ,NC,27411-0001,Public       ,1135,1326,2461,15488,7886,23374
00290600,APPALACHIAN STATE UNIVERSITY            ,NC,28608-2059,Public       ,1035,780,1815,17646,4879,22525
00290700,UNIVERSITY OF NC AT ASHEVILLE           ,NC,28804-3299,Public       ,301,387,688,4578,2202,6780
00290800,BARTON COLLEGE                          ,NC,27893-3104,Private      ,124,168,292,1708,997,2705
00291000,BELMONT ABBEY COLLEGE                   ,NC,28012-1802,Private      ,118,279,397,1418,1326,2744
00291100,BENNETT COLLEGE                         ,NC,27401-3239,Private      ,89,103,192,1455,657,2112
00291200,BREVARD COLLEGE                         ,NC,28712-3306,Private      ,65,56,121,1063,218,1281
00291300,CAMPBELL UNIVERSITY                     ,NC,27506-0036,Private      ,345,756,1101,6325,3955,10280
00291400,CATAWBA COLLEGE                         ,NC,28144-2488,Private      ,129,142,271,1995,772,2767
00291500,CENTRAL PIEDMONT COMMUNITY COLLEGE      ,NC,28204-2297,Public       ,2304,4885,7189,9844,18635,28479
00291600,CHOWAN UNIVERSITY                       ,NC,27855-1850,Private      ,126,62,188,2393,455,2848
00291700,COLLEGE OF THE ALBEMARLE                ,NC,27909-2327,Public       ,232,451,683,1009,1760,2769
00291800,DAVIDSON COLLEGE                        ,NC,28035-7157,Private      ,94,30,124,3491,228,3719
00291900,DAVIDSON COUNTY COMMUNITY COLLEGE       ,NC,27293-0000,Public       ,305,963,1268,1793,4522,6315
00292000,DUKE UNIVERSITY                         ,NC,27708-0397,Private      ,525,210,735,19343,1696,21039
00292001,DUKE UNIV - SCHOOL OF MEDICINE          ,NC,27710-0000,Private      ,38,79,117,243,1267,1510
00292002,DUKE UNIV - SCHOOL OF LAW               ,NC,27708-0000,Private      ,16,50,66,74,2426,2500
00292003,DUKE UNIV - GRAD SCH ARTS & SCIENCE     ,NC,27708-0000,Private      ,12,118,130,153,912,1065
00292004,DUKE UNIV - FUQUA SCH OF BUSINESS       ,NC,27708-0000,Private      ,9,155,164,83,1359,1442
00292005,DUKE UNIV/NICHOLAS SCH OF ENVIRON.      ,NC,27708-0000,Private      ,2,24,26,42,446,488
00292006,DUKE UNIV - DIVINITY SCHOOL             ,NC,27708-0000,Private      ,16,59,75,268,885,1153
00292007,DUKE UNIV - SCHOOL OF NURSING           ,NC,27710-0000,Private      ,43,281,324,240,1365,1605
00292010,DUKE UNIVERSITY - SCHOOL OF PUBLIC POLIC,NC,27708-0239,Private      ,5,16,21,41,314,355
00292300,EAST CAROLINA UNIVERSITY                ,NC,27858-1818,Public       ,1721,2096,3817,23910,13152,37062
00292600,ELIZABETH CITY STATE UNIVERSITY         ,NC,27909-7806,Public       ,311,317,628,4422,1842,6264
00292700,ELON UNIVERSITY                         ,NC,27244-2010,Private      ,262,169,431,7763,1367,9130
00292800,FAYETTEVILLE STATE UNIVERSITY           ,NC,28301-4298,Public       ,621,1607,2228,5678,8028,13706
00292900,GARDNER-WEBB UNIVERSITY                 ,NC,28017-0000,Private      ,235,1040,1275,3381,3871,7252
00293000,GREENSBORO COLLEGE                      ,NC,27401-1875,Private      ,175,316,491,1896,1452,3348
00293100,GUILFORD COLLEGE                        ,NC,27410-4171,Private      ,264,774,1038,3395,3524,6919
00293300,HIGH POINT UNIVERSITY                   ,NC,27262-4221,Private      ,200,193,393,6010,1095,7105
00293400,ISOTHERMAL COMMUNITY COLLEGE            ,NC,28160-0804,Public       ,214,478,692,943,1797,2740
00293500,LAUREL UNIVERSITY                       ,NC,27265-3197,Private      ,18,78,96,65,302,367
00293600,JOHNSON C SMITH UNIVERSITY              ,NC,28216-5398,Private      ,339,447,786,3572,2062,5634
00293700,KING'S COLLEGE-CHARLOTTE                ,NC,28204-2435,Proprietary  ,134,245,379,906,1025,1931
00293900,LEES MCRAE COLLEGE                      ,NC,28604-0000,Private      ,93,69,162,1087,325,1412
00294000,LENOIR COMMUNITY COLLEGE                ,NC,28502-0188,Public       ,333,834,1167,1105,2558,3663
00294100,LENOIR-RHYNE UNIVERSITY                 ,NC,28603-0000,Private      ,193,200,393,3160,1265,4425
00294200,LIVINGSTONE COLLEGE                     ,NC,28144-5298,Private      ,228,141,369,1592,609,2201
00294300,LOUISBURG COLLEGE                       ,NC,27549-2398,Private      ,150,61,211,1436,273,1709
00294400,MARS HILL COLLEGE                       ,NC,28754-0000,Private      ,86,94,180,2324,495,2819
00294500,MEREDITH COLLEGE                        ,NC,27607-5298,Private      ,113,179,292,2169,1150,3319
00294600,METHODIST UNIVERSITY                    ,NC,28311-1420,Private      ,208,464,672,3018,2171,5189
00294700,MITCHELL COMMUNITY COLLEGE              ,NC,28677-5264,Public       ,265,602,867,1399,2657,4056
00294800,MONTREAT COLLEGE                        ,NC,28757-1267,Private      ,41,127,168,673,559,1232
00294900,MOUNT OLIVE COLLEGE                     ,NC,28365-1299,Private      ,142,913,1055,1450,4131,5581
00295000,NORTH CAROLINA CENTRAL UNIVERSITY       ,NC,27707-3198,Public       ,702,1258,1960,11091,8471,19562
00295100,NORTH CAROLINA WESLEYAN COLLEGE         ,NC,27804-8699,Private      ,134,350,484,1318,1472,2790
00295300,PEACE COLLEGE                           ,NC,27604-1194,Private      ,104,174,278,1140,741,1881
00295400,UNIV OF NORTH CAROLINA AT PEMBROKE      ,NC,28372-1510,Public       ,559,979,1538,6441,4718,11159
00295500,PFEIFFER UNIVERSITY                     ,NC,28109-0000,Private      ,70,447,517,1089,1504,2593
00295600,PIEDMONT BAPTIST COLLEGE AND GRADUATE SC,NC,27101-5025,Private      ,40,70,110,188,232,420
00295700,QUEENS UNIVERSITY OF CHARLOTTE          ,NC,28274-0001,Private      ,278,611,889,2720,2611,5331
00295800,ROCKINGHAM COMMUNITY COLLEGE            ,NC,27375-0000,Public       ,165,470,635,945,1742,2687
00296000,SALEM COLLEGE                           ,NC,27108-0000,Private      ,76,176,252,975,989,1964
00296100,SANDHILLS COMMUNITY COLLEGE             ,NC,28374-8283,Public       ,521,1014,1535,1754,3515,5269
00296200,SHAW UNIVERSITY                         ,NC,27601-2393,Private      ,418,552,970,3179,2562,5741
00296400,SOUTHEASTERN COMMUNITY COLLEGE          ,NC,28472-5422,Public       ,287,544,831,809,1626,2435
00296800,ST AUGUSTINES COLLEGE                   ,NC,27610-2298,Private      ,268,248,516,2606,1233,3839
00297000,SURRY COMMUNITY COLLEGE                 ,NC,27017-0304,Public       ,178,454,632,1360,2049,3409
00297200,NORTH CAROLINA STATE UNIV-RALEIGH       ,NC,27695-7001,Public       ,1408,1722,3130,28278,11912,40190
00297300,GASTON COLLEGE                          ,NC,28034-1499,Public       ,440,1152,1592,2282,5017,7299
00297400,UNIVERSITY OF N C-CHAPEL HILL           ,NC,27514-0000,Public       ,960,1393,2353,27163,14385,41548
00297500,UNIVERSITY OF NC AT CHARLOTTE           ,NC,28223-0001,Public       ,1725,2611,4336,24407,15039,39446
00297600,UNIVERSITY OF N C - GREENSBORO          ,NC,27412-0001,Public       ,1096,1663,2759,17809,11835,29644
00297800,WAKE FOREST UNIV - UNDERGRADUATE        ,NC,27109-7246,Private      ,207,84,291,7967,520,8487
00297801,WAKE FOREST UNIV - SCH OF MEDICINE      ,NC,27157-1090,Private      ,24,64,88,162,1166,1328
00297803,WAKE FOREST GRAD SCHOOLS OF BUSINESS    ,NC,27109-7659,Private      ,3,136,139,59,817,876
00297805,WAKE FOREST UNIV - SCH OF LAW           ,NC,27109-7206,Private      ,5,68,73,51,1616,1667
00297806,WAKE FOREST UNIV - GRAD A&S/DIVINITY    ,NC,27109-7246,Private      ,2,110,112,58,638,696
00297900,WARREN WILSON COLLEGE                   ,NC,28815-0000,Private      ,43,100,143,1218,500,1718
00298000,WAYNE COMMUNITY COLLEGE                 ,NC,27533-0000,Public       ,342,895,1237,1453,3182,4635
00298100,WESTERN CAROLINA UNIVERSITY             ,NC,28723-9731,Public       ,501,591,1092,9974,4303,14277
00298200,WESTERN PIEDMONT COMMUNITY COLLEGE      ,NC,28655-4504,Public       ,360,589,949,1184,2188,3372
00298300,WILKES COMMUNITY COLLEGE                ,NC,28697-2100,Public       ,162,370,532,1142,1626,2768
00298400,UNIVERSITY OF N C-WILMINGTON            ,NC,28403-3297,Public       ,1090,992,2082,15497,6120,21617
00298500,WINGATE UNIVERSITY                      ,NC,28174-0159,Private      ,175,182,357,3724,1151,4875
00298600,WINSTON-SALEM STATE UNIVERSITY          ,NC,27102-0000,Public       ,449,884,1333,8435,5849,14284
00398100,UNC SCHOOL OF THE ARTS                  ,NC,27127-2188,Public       ,84,86,170,1464,544,2008
00403300,ASHEVILLE BUNCOMBE TECH CMTY CLG        ,NC,28801-4897,Public       ,574,1523,2097,2605,6007,8612
00406200,PITT COMMUNITY COLLEGE                  ,NC,28590-0000,Public       ,764,1534,2298,4623,7244,11867
00483500,CALDWELL COMMUNITY CLG & TECH INST      ,NC,28638-2626,Public       ,351,757,1108,1764,3321,5085
00483800,GUILFORD TECHNICAL COMMUNITY CLG        ,NC,27282-0309,Public       ,1148,3078,4226,7256,15496,22752
00484400,WAKE TECHNICAL COMMUNITY COLLEGE        ,NC,27603-5696,Public       ,1428,3388,4816,8441,15729,24170
00484500,WILSON COMMUNITY COLLEGE                ,NC,27893-3310,Public       ,219,720,939,679,2112,2791
00499201,MILLER-MOTTE TECHNICAL COLLEGE - MILLER-,NC,27511-9209,Proprietary  ,34,165,199,133,704,837
00499202,MILLER-MOTTE TECHNICAL COLLEGE - MILLER-,NC,27604-6072,Proprietary  ,112,463,575,421,1631,2052
00499203,MILLER-MOTTE TECHNICAL COLLEGE - FAYETTE,NC,28311-7651,Proprietary  ,119,636,755,418,2207,2625
00499205,MILLER-MOTTE TECHNICAL COLLEGE - MILLER-,NC,28540-5901,Proprietary  ,34,283,317,146,1051,1197
00531600,COASTAL CAROLINA COMMUNITY COLLEGE      ,NC,28546-6816,Public       ,442,1510,1952,1596,4815,6411
00531700,FORSYTH TECHNICAL COMMUNITY COLLEGE     ,NC,27103-5197,Public       ,786,2120,2906,4226,9972,14198
00531800,CATAWBA VALLEY COMMUNITY COLLEGE        ,NC,28602-8302,Public       ,404,867,1271,2516,4056,6572
00532000,CAPE FEAR COMMUNITY COLLEGE             ,NC,28401-3910,Public       ,1144,2038,3182,4599,6932,11531
00544700,RANDOLPH COMMUNITY COLLEGE              ,NC,27204-1009,Public       ,220,613,833,1158,2561,3719
00544800,DURHAM TECHNICAL CMNTY COLLEGE          ,NC,27703-5023,Public       ,480,1507,1987,2085,6335,8420
00544900,CENTRAL CAROLINA COMMUNITY COLLEGE      ,NC,27330-9000,Public       ,370,1105,1475,1523,4237,5760
00546300,ALAMANCE COMMUNITY COLLEGE              ,NC,27253-0000,Public       ,368,917,1285,1810,3779,5589
00546400,RICHMOND COMMUNITY COLLEGE              ,NC,28345-4522,Public       ,269,703,972,835,2324,3159
00575400,ROWAN-CABARRUS COMMUNITY COLLEGE        ,NC,28146-8357,Public       ,786,1773,2559,2389,5518,7907
00647700,CABARRUS COLLEGE OF HEALTH SCIENCES     ,NC,28025-0000,Private      ,62,204,266,368,985,1353
00647800,MERCY HOSP SCH OF NURSING               ,NC,28207-0000,Public       ,49,217,266,255,1018,1273
00648300,WATTS SCHOOL OF NURSING                 ,NC,27704-0000,Private      ,17,77,94,103,441,544
00679900,CRAVEN COMMUNITY COLLEGE                ,NC,28562-0000,Public       ,268,882,1150,966,3334,4300
00703100,PAMLICO COMMUNITY COLLEGE               ,NC,28529-0000,Public       ,47,133,180,87,342,429
00764000,FAYETTEVILLE TECHNICAL CMTY COLLEGE     ,NC,28303-0236,Public       ,986,3844,4830,4072,14836,18908
00768700,JAMES SPRUNT COMMUNITY COLLEGE          ,NC,28349-0398,Public       ,134,473,607,491,1447,1938
00781400,BROOKSTONE COLLEGE OF BUSINESS          ,NC,28262-1294,Proprietary  ,36,163,199,126,564,690
00781401,BROOKSTONE COLLEGE OF BUSINESS          ,NC,27409-0000,Proprietary  ,29,131,160,102,460,562
00789200,SAMPSON COMMUNITY COLLEGE               ,NC,28328-0000,Public       ,111,293,404,567,1415,1982
00798500,SOUTH PIEDMONT COMMUNITY COLLEGE        ,NC,28135-9703,Public       ,226,562,788,893,2116,3009
00798600,HALIFAX COMMUNITY COLLEGE               ,NC,27890-0089,Public       ,181,474,655,615,1443,2058
00798700,BLADEN COMMUNITY COLLEGE                ,NC,28332-0266,Public       ,194,523,717,633,1797,2430
00798800,MARTIN COMMUNITY COLLEGE                ,NC,27892-8307,Public       ,99,211,310,336,772,1108
00808100,CARTERET COMMUNITY COLLEGE              ,NC,28557-2989,Public       ,205,428,633,627,1659,2286
00808200,CLEVELAND COMMUNITY COLLEGE             ,NC,28150-0000,Public       ,296,842,1138,1067,2657,3724
00808300,HAYWOOD COMMUNITY COLLEGE               ,NC,28721-0000,Public       ,138,425,563,632,1530,2162
00808500,MCDOWELL TECHNICAL COMMUNITY CLG        ,NC,28752-8728,Public       ,137,355,492,378,973,1351
00808700,MONTGOMERY COMMUNITY COLLEGE            ,NC,27371-0787,Public       ,70,168,238,330,767,1097
00846600,SOUTHWESTERN COMMUNITY COLLEGE          ,NC,28779-8581,Public       ,142,323,465,950,1754,2704
00855700,NASH COMMUNITY COLLEGE                  ,NC,27804-0488,Public       ,359,985,1344,1331,3150,4481
00855800,BEAUFORT COUNTY COMMUNITY COLLEGE       ,NC,27889-7889,Public       ,145,470,615,645,1856,2501
00861200,ROBESON COMMUNITY COLLEGE               ,NC,28359-2151,Public       ,316,949,1265,1282,3522,4804
00861300,ROANOKE-CHOWAN COMMUNITY COLLEGE        ,NC,27910-9522,Public       ,102,246,348,344,816,1160
00885500,EDGECOMBE COMMUNITY COLLEGE             ,NC,27886-9399,Public       ,342,1189,1531,864,3350,4214
00902500,EMPIRE BEAUTY SCHOOL                    ,NC,28105-2508,Proprietary  ,60,143,203,194,546,740
00933600,JOHNSTON COMMUNITY COLLEGE              ,NC,27577-0000,Public       ,340,846,1186,1688,3740,5428
00943000,TRI-COUNTY COMMUNITY COLLEGE            ,NC,28906-7919,Public       ,113,300,413,381,906,1287
00964600,PIEDMONT COMMUNITY COLLEGE              ,NC,27573-1197,Public       ,207,422,629,538,1334,1872
00968400,BLUE RIDGE COMMUNITY COLLEGE            ,NC,28731-9624,Public       ,205,455,660,767,1521,2288
00974701,GORDON-CONWELL THEO SEM - CHARLOTTE     ,NC,28273-0000,Private      ,3,76,79,11,322,333
00990300,VANCE-GRANVILLE CMTY COLLEGE            ,NC,27536-0917,Public       ,460,1216,1676,1322,3201,4523
01026400,SOUTH COLLEGE                           ,NC,28803-3152,Proprietary  ,26,222,248,123,672,795
01119400,STANLY COMMUNITY COLLEGE                ,NC,28001-7458,Public       ,266,765,1031,933,2473,3406
01119700,MAYLAND COMMUNITY COLLEGE               ,NC,28777-2777,Public       ,95,138,233,460,675,1135
01179900,PAUL MITCHELL THE SCHOOL FAYETTEVILLE   ,NC,28303-5364,Proprietary  ,93,201,294,241,649,890
01192600,LEON'S BEAUTY SCHOOL                    ,NC,27403-2812,Proprietary  ,38,115,153,167,422,589
01303918,SOUTH UNIVERSITY - THE ART INSTITUTE OF ,NC,28217-4536,Proprietary  ,490,557,1047,2780,2385,5165
02056500,MITCHELL'S HAIR STYLING ACADEMY         ,NC,27893-0000,Proprietary  ,5,32,37,30,109,139
02056501,MITCHELL'S HAIR STYLING ACADEMY - MITCHE,NC,27606-3326,Proprietary  ,21,76,97,103,304,407
02158414,HARRISON COLLEGE - THE CHEF'S ACADEMY - ,NC,27560-0000,Proprietary  ,26,82,108,79,190,269
02170700,BRUNSWICK COMMUNITY COLLEGE             ,NC,28422-0000,Public       ,123,284,407,664,1175,1839
02205000,COLLEGE OF WILMINGTON                   ,NC,28403-0000,Proprietary  ,45,155,200,192,435,627
02210400,FAYETTEVILLE BEAUTY COLLEGE             ,NC,28303-0000,Proprietary  ,27,113,140,109,406,515
02227800,MITCHELL'S HAIR STYLING ACADEMY         ,NC,27534-0000,Proprietary  ,6,30,36,34,80,114
02227900,MITCHELL'S HAIR STYLING ACADEMY         ,NC,27858-0000,Proprietary  ,8,29,37,55,116,171
02280900,MID-ATLANTIC CHRISTIAN UNIVERSITY       ,NC,27909-0000,Private      ,21,43,64,168,153,321
02326203,KAPLAN CAREER INSTITUTE - KAPLAN COLLEGE,NC,28212-6830,Proprietary  ,82,506,588,306,1800,2106
02558900,CHEVEUX SCHOOL OF HAIR DESIGN           ,NC,28540-0000,Proprietary  ,4,34,38,12,83,95
02560600,PINNACLE INSTITUTE OF COSMETOLOGY       ,NC,28115-8020,Proprietary  ,18,27,45,53,84,137
02614201,MILLER-MOTTE BUSINESS COLLEGE           ,NC,28403-0000,Proprietary  ,124,824,948,435,3039,3474
02614205,MILLER - MOTTE TECHNICAL COLLEGE - MILLE,NC,27834-5052,Proprietary  ,102,310,412,315,1085,1400
03009500,WINSTON-SALEM BARBER SCHOOL             ,NC,27107-0000,Proprietary  ,16,59,75,76,195,271
03064400,REGENCY BEAUTY INSTITUTE                ,NC,27127-0000,Proprietary  ,31,82,113,112,325,437
03089300,HERITAGE BIBLE COLLEGE                  ,NC,28335-0000,Private      ,9,19,28,26,92,118
03104200,CAROLINAS COLLEGE OF HEALTH SCIENCE     ,NC,28232-2861,Public       ,74,377,451,459,1689,2148
03109000,LIVING ARTS COLLEGE                     ,NC,27614-7076,Proprietary  ,114,207,321,567,764,1331
03361300,MEDICAL ARTS MASSAGE SCHOOL             ,NC,27616-6453,Proprietary  ,22,151,173,68,420,488
03513400,APEX SCHOOL OF THEOLOGY                 ,NC,27703-8024,Private      ,7,337,344,20,957,977
03555300,SOUTHEASTERN INSTITUTE                  ,NC,28217-0000,Proprietary  ,45,254,299,140,719,859
03555400,SOUTHEASTERN SCHOOL OF NEUROMUSCULAR  MA,NC,29406-0000,Proprietary  ,17,68,85,43,149,192
03570300,CAROLINA CHRISTIAN COLLEGE              ,NC,27105-3241,Private      ,5,52,57,41,179,220
03663300,HOOD THEOLOGICAL SEMINARY               ,NC,28144-5768,Private      ,2,85,87,5,236,241
03748500,LA SHE'S BEAUTY ACADEMY                 ,NC,27707-3569,Proprietary  ,19,36,55,40,170,210
03777300,PAUL MITCHELL THE SCHOOL GASTONIA       ,NC,28054-0460,Proprietary  ,63,156,219,163,356,519
03827300,NEW LIFE THEOLOGICAL SEMINARY           ,NC,28205-1648,Private      ,4,88,92,12,289,301
04073300,JUNG TAO SCHOOL OF CLASSICAL CHINESE MED,NC,28679-9657,Private      ,1,13,14,1,61,62
04098300,TECHSKILLS - CHARLOTTE                  ,NC,28217-0000,Proprietary  ,11,74,85,82,355,437
04101300,CAROLINA SCHOOL OF BROADCASTING         ,NC,28214-8085,Proprietary  ,35,103,138,140,406,546
04115700,REGINA'S COLLEGE OF BEAUTY              ,NC,28110-2831,Proprietary  ,22,99,121,38,231,269
04120300,"FILA ACADEMY, THE                       ",NC,27265-3114,Proprietary  ,10,54,64,31,180,211
04129400,CENTER FOR MASSAGE & NATURAL HEALTH     ,NC,28787-8331,Proprietary  ,1,29,30,18,105,123
04140700,AVEDA INSTITUTE CHAPEL HILL             ,NC,27516-2559,Proprietary  ,37,80,117,170,267,437
04143500,CHARLOTTE SCHOOL OF LAW                 ,NC,28208-2816,Proprietary  ,21,444,465,82,2816,2898
04146400,DAOIST TRADITIONS COLLEGE OF CHINESE MED,NC,28801-1060,Proprietary  ,0,44,44,7,136,143
04149300,PARK WEST BARBER SCHOOL                 ,NC,27701-4022,Proprietary  ,58,268,326,135,627,762
04154200,CAROLINA COLLEGE OF BIBLICAL STUDIES    ,NC,29303-5157,Private      ,7,97,104,31,298,329
04172800,BODY THERAPY INSTITUTE                  ,NC,27344-6728,Proprietary  ,6,34,40,19,118,137
04173000,SHEPHERDS THEOLOGICAL SEMINARY          ,NC,27518-9316,Private      ,0,7,7,1,39,40
04173700,GRACE COLLEGE OF DIVINITY               ,NC,28314-2343,Private      ,17,41,58,33,125,158
04178100,CAROLINA COLLEGE OF HAIR DESIGN         ,NC,28802-1232,Proprietary  ,14,43,57,52,139,191
04204700,PAUL MITCHELL THE SCHOOL RALEIGH        ,NC,27612-7358,Proprietary  ,26,57,83,123,232,355
04206500,MYCOMPUTERCAREER.COM                    ,NC,27606-3365,Proprietary  ,9,161,170,9,161,170
00298800,BISMARCK STATE COLLEGE                  ,ND,58501-1299,Public       ,296,396,692,1959,1569,3528
00298900,DICKINSON STATE UNIVERSITY              ,ND,58601-4896,Public       ,129,155,284,1020,650,1670
00299000,JAMESTOWN COLLEGE                       ,ND,58405-3401,Private      ,120,40,160,1005,152,1157
00299100,LAKE REGION STATE COLLEGE               ,ND,58301-1598,Public       ,93,115,208,441,422,863
00299200,UNIVERSITY OF MARY                      ,ND,58504-9652,Private      ,168,434,602,1668,1606,3274
00299300,MAYVILLE STATE UNIVERSITY               ,ND,58257-1299,Public       ,88,79,167,698,312,1010
00299400,MINOT STATE UNIVERSITY                  ,ND,58707-0001,Public       ,230,324,554,1645,1346,2991
00299500,DAKOTA COLLEGE AT BOTTINEAU             ,ND,58318-1159,Public       ,56,61,117,275,242,517
00299600,NORTH DAKOTA STATE CLG OF SCIENCE       ,ND,58076-0002,Public       ,336,250,586,1711,865,2576
00299700,NORTH DAKOTA STATE UNIVERSITY           ,ND,58108-6050,Public       ,1097,675,1772,10292,3272,13564
00300500,UNIVERSITY OF NORTH DAKOTA              ,ND,58202-8193,Public       ,1082,1271,2353,9009,5477,14486
00300700,WILLISTON STATE COLLEGE                 ,ND,58802-1326,Public       ,53,109,162,314,373,687
00300800,VALLEY CITY STATE UNIVERSITY            ,ND,58072-0000,Public       ,105,110,215,797,393,1190
00775600,JOSEF'S SCHOOL OF HAIR DESIGN INC       ,ND,58102-4977,Proprietary  ,21,25,46,59,82,141
00869408,RASMUSSEN COLLEGE - FARGO               ,ND,58103-7196,Proprietary  ,41,131,172,183,805,988
00869415,RASMUSSEN COLLEGE - BISMARCK            ,ND,58503-0000,Proprietary  ,14,63,77,56,322,378
00935400,MEDCENTER ONE COLLEGE OF NURSING        ,ND,58501-4494,Private      ,18,17,35,107,93,200
01040600,JOSEF'S SCHOOL OF HAIR DESIGN           ,ND,58201-6394,Proprietary  ,17,30,47,56,78,134
01205900,TRINITY BIBLE COLLEGE                   ,ND,58436-7150,Private      ,43,28,71,186,97,283
01229500,JZ TREND ACADEMY PAUL MITCHELL PARTNER S,ND,58501-0000,Proprietary  ,13,17,30,56,60,116
02188200,SITTING BULL COLLEGE                    ,ND,58538-9701,Public       ,30,135,165,81,346,427
02236500,LITTLE HOOP COMMUNITY COLLEGE           ,ND,58335-0000,Public       ,23,136,159,35,206,241
02242900,UNITED TRIBES TECHNICAL COLLEGE         ,ND,58504-0000,Private      ,88,289,377,243,786,1029
02298200,HEADQUARTERS ACADEMY OF HAIR DESIGN     ,ND,58701-0000,Proprietary  ,5,21,26,14,51,65
02301100,TURTLE MTN CMNTY COLG-FIN AID OFC       ,ND,58316-0000,Private      ,91,196,287,237,481,718
02553700,FORT BERTHOLD COMMUNITY COLLEGE         ,ND,58763-0000,Public       ,30,97,127,49,151,200
03087200,MOLER BARBER CLG OF HAIRSTYLING         ,ND,58103-0000,Proprietary  ,2,8,10,5,19,24
04031300,SALON PROFESSIONAL ACADEMY (THE)        ,ND,58103-3337,Proprietary  ,17,30,47,82,90,172
04139400,HAIR ACADEMY (THE)                      ,ND,58501-4929,Proprietary  ,8,11,19,41,40,81
00301005,ANTIOCH UNIV/SEATTLE                    ,WA,98121-0000,Private      ,19,226,245,148,1490,1638
00376900,BELLEVUE COLLEGE                        ,WA,98007-6484,Public       ,624,1385,2009,5712,8116,13828
00377000,BIG BEND COMMUNITY COLLEGE              ,WA,98837-3299,Public       ,149,355,504,1117,1788,2905
00377100,"CENTRAL WASHINGTON UNIV., FIN AID       ",WA,98926-7495,Public       ,990,848,1838,12851,6283,19134
00377200,CENTRALIA COLLEGE                       ,WA,98531-4099,Public       ,163,462,625,1311,2358,3669
00377300,CLARK COLLEGE                           ,WA,98663-3598,Public       ,862,1802,2664,5665,10666,16331
00377400,COLUMBIA BASIN COLLEGE                  ,WA,99301-3379,Public       ,385,920,1305,3481,4713,8194
00377500,EASTERN WASHINGTON UNIVERSITY           ,WA,99004-2447,Public       ,585,753,1338,13055,8022,21077
00377600,EVERETT COMMUNITY COLLEGE               ,WA,98201-1352,Public       ,504,1375,1879,3590,7074,10664
00377700,HERITAGE UNIVERSITY                     ,WA,98948-9562,Private      ,30,235,265,711,1724,2435
00377800,GONZAGA UNIVERSITY                      ,WA,99258-0083,Private      ,159,637,796,8854,4516,13370
00377900,GRAYS HARBOR COLLEGE                    ,WA,98520-7599,Public       ,131,330,461,784,1749,2533
00378000,GREEN RIVER COMMUNITY COLLEGE           ,WA,98092-3622,Public       ,501,1191,1692,3690,6002,9692
00378100,HIGHLINE COMMUNITY COLLEGE              ,WA,98198-9800,Public       ,463,1142,1605,3829,6620,10449
00378200,LOWER COLUMBIA COLLEGE                  ,WA,98632-0310,Public       ,239,638,877,1299,3373,4672
00378300,NORTHWEST UNIVERSITY                    ,WA,98083-0000,Private      ,105,264,369,1515,1174,2689
00378400,OLYMPIC COLLEGE                         ,WA,98337-1600,Public       ,353,1136,1489,2340,5990,8330
00378500,PACIFIC LUTHERAN UNIVERSITY             ,WA,98447-0003,Private      ,157,268,425,5424,2516,7940
00378600,PENINSULA COLLEGE                       ,WA,98362-6660,Public       ,114,354,468,660,1852,2512
00378700,SEATTLE CENTRAL COMMUNITY COLLEGE       ,WA,98122-2413,Public       ,511,1488,1999,4044,8270,12314
00378703,SEATTLE VOCATIONAL INSTITUTE            ,WA,98144-0000,Public       ,54,261,315,213,928,1141
00378800,SEATTLE PACIFIC UNIVERSITY              ,WA,98119-1997,Private      ,188,392,580,8052,3374,11426
00379000,SEATTLE UNIVERSITY                      ,WA,98122-1090,Private      ,479,706,1185,10313,7579,17892
00379100,SHORELINE COMMUNITY COLLEGE             ,WA,98133-5696,Public       ,378,971,1349,2892,5520,8412
00379200,SKAGIT VALLEY COLLEGE                   ,WA,98273-5899,Public       ,263,697,960,1941,3558,5499
00379300,SPOKANE COMMUNITY COLLEGE               ,WA,99207-5399,Public       ,446,1751,2197,4931,11287,16218
00379400,ST MARTIN'S UNIVERSITY                  ,WA,98503-7500,Private      ,58,165,223,1687,1376,3063
00379600,TACOMA COMMUNITY COLLEGE                ,WA,98466-6100,Public       ,495,1869,2364,4507,11177,15684
00379700,UNIVERSITY OF PUGET SOUND               ,WA,98416-1039,Private      ,153,284,437,5598,2200,7798
00379800,UNIVERSITY OF WASHINGTON                ,WA,98195-5880,Public       ,1429,2659,4088,36144,31322,67466
00379900,WALLA WALLA UNIVERSITY                  ,WA,99324-1198,Private      ,204,128,332,1977,876,2853
00380000,WASHINGTON STATE UNIVERSITY             ,WA,99164-1035,Public       ,1217,1530,2747,27310,14557,41867
00380100,WENATCHEE VALLEY COLLEGE                ,WA,98801-1799,Public       ,245,588,833,1840,2930,4770
00380200,WESTERN WASHINGTON UNIVERSITY           ,WA,98225-5946,Public       ,704,551,1255,18840,5430,24270
00380300,WHITMAN COLLEGE                         ,WA,99362-2067,Private      ,49,29,78,2863,186,3049
00380400,WHITWORTH UNIVERSITY                    ,WA,99251-0001,Private      ,129,262,391,5188,1679,6867
00380500,YAKIMA VALLEY COMMUNITY COLLEGE         ,WA,98907-2520,Public       ,274,713,987,3446,5029,8475
00499900,BELLINGHAM TECHNICAL COLLEGE            ,WA,98225-0000,Public       ,166,610,776,1165,3239,4404
00500000,PIERCE COLLEGE                          ,WA,98498-1919,Public       ,524,1619,2143,3924,8853,12777
00500100,EDMONDS COMMUNITY COLLEGE               ,WA,98036-5999,Public       ,385,995,1380,2997,5696,8693
00500600,WALLA WALLA COMMUNITY COLLEGE           ,WA,99362-9267,Public       ,197,515,712,1953,2798,4751
00530600,BATES TECHNICAL COLLEGE                 ,WA,98405-0000,Public       ,210,1037,1247,1285,4386,5671
00537200,SOUTH PUGET SOUND COMMUNITY COLLEGE     ,WA,98512-6292,Public       ,299,934,1233,2450,5500,7950
00537300,LAKE WASHINGTON TECHNICAL COLLEGE       ,WA,98034-8505,Public       ,150,570,720,985,3077,4062
00575200,CLOVER PARK TECHNICAL COLLEGE           ,WA,98499-0000,Public       ,268,1204,1472,1704,6410,8114
00815500,EVERGREEN STATE COLLEGE (THE)           ,WA,98505-0002,Public       ,262,562,824,4131,4640,8771
00907901,EVEREST COLLEGE                         ,WA,98684-6950,Proprietary  ,46,188,234,234,764,998
00938700,PERRY TECHNICAL INSTITUTE               ,WA,98903-1239,Private      ,77,221,298,780,1081,1861
00954400,SPOKANE FALLS COMMUNITY COLLEGE         ,WA,99224-5204,Public       ,471,1247,1718,5004,7891,12895
00970400,NORTH SEATTLE COMMUNITY COLLEGE         ,WA,98103-3599,Public       ,320,1116,1436,2313,6040,8353
00970600,SOUTH SEATTLE COMMUNITY COLLEGE         ,WA,98106-1499,Public       ,317,977,1294,2702,5329,8031
00973900,GLEN DOW ACAD OF HAIR DESIGN            ,WA,99201-0209,Proprietary  ,19,60,79,149,295,444
01036400,WHATCOM COMMUNITY COLLEGE               ,WA,98226-8003,Public       ,289,590,879,2541,3722,6263
01043400,RENTON TECHNICAL COLLEGE                ,WA,98056-0000,Public       ,228,760,988,1196,3618,4814
01148100,DIVERS INSTITUTE OF TECHNOLOGY          ,WA,98107-0000,Proprietary  ,47,166,213,170,534,704
01231500,CORNISH COLLEGE OF THE ARTS             ,WA,98121-4604,Private      ,75,84,159,1752,593,2345
01249600,"BEAUTIWORKS SEATTLE, LLC                ",WA,98133-5615,Proprietary  ,12,18,30,50,89,139
01302200,CITY UNIVERSITY OF SEATTLE              ,WA,98005-3030,Private      ,29,492,521,233,2170,2403
01309400,BELLINGHAM BEAUTY SCHOOL                ,WA,98225-0000,Proprietary  ,11,41,52,58,147,205
02105300,EVERGREEN BEAUTY AND BARBER COLLEGE     ,WA,98007-3722,Proprietary  ,22,79,101,95,260,355
02106700,TRINITY LUTHERAN COLLEGE                ,WA,98201-3569,Private      ,32,27,59,271,150,421
02180000,NORTHWEST INDIAN COLLEGE                ,WA,98226-9278,Public       ,74,285,359,218,828,1046
02184200,PAROBA COLLEGE OF COSMETOLOGY           ,WA,98208-0000,Proprietary  ,9,54,63,57,187,244
02202200,STYLEMASTERS COLLEGE OF HAIR DESIGN     ,WA,98632-0000,Proprietary  ,20,59,79,42,148,190
02203300,GENE JUAREZ ACADEMY OF BEAUTY           ,WA,98125-0000,Proprietary  ,88,151,239,472,694,1166
02222900,INTERNATIONAL AIR & HOSPITALITY ACADEMY ,WA,98661-4835,Proprietary  ,120,239,359,357,622,979
02236800,PROFESSIONAL BEAUTY SCHOOL              ,WA,98902-0000,Proprietary  ,6,30,36,52,123,175
02242500,BASTYR UNIVERSITY                       ,WA,98028-0000,Private      ,23,193,216,227,1630,1857
02291300,ART INSTITUTE OF SEATTLE                ,WA,98121-1622,Proprietary  ,274,415,689,2667,2580,5247
02300100,EVEREST COLLEGE                         ,WA,98367-1835,Proprietary  ,28,161,189,144,610,754
02300103,EVEREST COLLEGE - EVERETT               ,WA,98208-2610,Proprietary  ,71,255,326,315,976,1291
02300104,EVEREST COLLEGE - TACOMA                ,WA,98402-3004,Proprietary  ,121,553,674,563,2078,2641
02326500,INTERFACE COLLEGE                       ,WA,99201-4326,Proprietary  ,7,104,111,62,341,403
02331400,NORTHWEST HAIR ACADEMY                  ,WA,98273-0000,Proprietary  ,16,37,53,64,108,172
02331402,NORTHWEST HAIR ACADEMY - EVERETT        ,WA,98204-0000,Proprietary  ,12,32,44,54,133,187
02504900,ACADEMY OF HAIR DESIGN (THE)            ,WA,98801-0000,Proprietary  ,4,41,45,52,136,188
02541900,BJ'S BEAUTY AND BARBER COLLEGE          ,WA,98409-0000,Proprietary  ,24,105,129,84,369,453
02602100,NORTHWEST COLLEGE OF ART                ,WA,98370-8625,Proprietary  ,12,10,22,183,76,259
02606200,EVEREST COLLEGE                         ,WA,98055-2990,Proprietary  ,71,225,296,262,869,1131
02617500,EVEREST COLLEGE                         ,WA,98133-9018,Proprietary  ,134,378,512,433,1157,1590
02617503,EVEREST COLLEGE - VANCOUVER             ,WA,98684-6951,Proprietary  ,22,84,106,108,398,506
03031406,INTERNATIONAL ACADEMY OF DESIGN & TECH  ,WA,98188-3319,Proprietary  ,54,113,167,293,569,862
03065000,CLARE'S BEAUTY COLLEGE                  ,WA,99301-0000,Proprietary  ,20,43,63,89,169,258
03071800,ITT TECHNICAL INSTITUTE                 ,WA,99216-1589,Proprietary  ,142,675,817,501,1906,2407
03071805,ITT TECHNICAL INSTITUTE - SEATTLE       ,WA,98168-3346,Proprietary  ,151,754,905,551,1872,2423
03099000,CORTIVA INSTITUTE - SEATTLE             ,WA,98109-5474,Proprietary  ,39,115,154,103,422,525
03110800,BAKKE GRADUATE UNIVERSITY               ,WA,98104-1222,Private      ,2,15,17,14,57,71
03139500,MONTESSORI SCHOOLS OF WASHINGTON        ,WA,98203-6600,Private      ,0,5,5,7,29,36
03280300,SEATTLE INST OF ORIENTAL MEDICINE       ,WA,98115-0000,Proprietary  ,7,37,44,47,191,238
03283300,NORTHWEST HVAC/R ASSOCIATION & TRAINING ,WA,99202-0000,Private      ,9,39,48,32,143,175
03466400,SEATTLE SCHOOL OF THEOLOGY AND PSYCHOLOG,WA,98121-1177,Private      ,8,80,88,15,358,373
03483500,CASCADIA COMMUNITY COLLEGE              ,WA,98011-9510,Public       ,202,347,549,1434,1688,3122
03490400,EMIL FRIES PIANO HOSPITAL & TRAININ     ,WA,98661-4323,Private      ,3,17,20,12,44,56
03689400,FAITH EVANGELICAL COLLEGE & SEMINARY    ,WA,98407-2607,Private      ,5,92,97,30,380,410
03724300,DIGIPEN INSTITUTE OF TECHNOLOGY         ,WA,98052-5170,Proprietary  ,85,75,160,1047,557,1604
03917300,EVERGREEN BEAUTY AND BARBER COLLEGE     ,WA,98208-3759,Proprietary  ,21,66,87,90,293,383
03932500,TOTAL COSMETOLOGY TRAINING CENTER       ,WA,99217-6231,Proprietary  ,22,83,105,86,295,381
03953300,YAKIMA BEAUTY SCHOOL                    ,WA,98901-2202,Proprietary  ,5,33,38,58,144,202
04120000,SUNNYSIDE BEAUTY ACADEMY                ,WA,98944-8711,Proprietary  ,7,9,16,29,42,71
04127200,VICTORIA'S ACADEMY OF COSMETOLOGY       ,WA,99336-3826,Proprietary  ,14,50,64,90,193,283
04130500,PACIFIC NORTHWEST UNIV OF HEALTH SCIENCE,WA,98901-1471,Private      ,7,42,49,77,536,613
04130800,CASCADE BEAUTY COLLEGE                  ,WA,98002-5504,Proprietary  ,10,32,42,41,124,165
04132800,INLAND MASSAGE INSTITUTE                ,WA,99218-5016,Proprietary  ,10,48,58,74,183,257
04135200,NORTHWEST AVIATION COLLEGE              ,WA,98002-1609,Proprietary  ,0,0,0,29,88,117
04149400,GARY MANUEL AVEDA INSTITUTE             ,WA,98122-3807,Proprietary  ,41,106,147,196,422,618
04149600,GP INSTITUTE OF COSMETOLOGY             ,WA,98118-2353,Proprietary  ,10,25,35,39,129,168
04155000,NORTHWEST SCHOOL OF WOODEN BOAT BUILDING,WA,98339-8706,Private      ,1,10,11,10,61,71
04161200,BAINBRIDGE GRADUATE INSTITUTE           ,WA,98110-2870,Private      ,1,59,60,2,157,159
04170100,SALON PROFESSIONAL ACADEMY (THE)        ,WA,98409-7360,Proprietary  ,35,89,124,164,344,508
04172900,ACADEMY OF COSMETOLOGY                  ,WA,99354-2651,Proprietary  ,9,37,46,60,117,177
04188900,NORTHWEST INSTITUTE OF LITERARY ARTS    ,WA,98249-0000,Private      ,2,6,8,10,38,48
04191900,PAUL MITCHELL THE SCHOOL SPOKANE        ,WA,99037-5041,Proprietary  ,38,93,131,233,326,559
00340100,BROWN UNIVERSITY                        ,RI,02912-9127,Private      ,259,77,336,18597,912,19509
00340101,BROWN UNIVERSITY - GRADUATE SCHOOL      ,RI,02912-1827,Private      ,2,62,64,61,1436,1497
00340102,BROWN MEDICAL SCHOOL                    ,RI,02912-0000,Private      ,10,16,26,64,555,619
00340200,BRYANT UNIVERSITY                       ,RI,02917-1284,Private      ,175,92,267,5485,607,6092
00340400,JOHNSON & WALES UNIVERSITY              ,RI,02903-3703,Private      ,922,721,1643,20841,5283,26124
00340600,PROVIDENCE COLLEGE                      ,RI,02918-0001,Private      ,113,154,267,8220,1000,9220
00340700,RHODE ISLAND COLLEGE                    ,RI,02908-1991,Public       ,329,585,914,8399,4782,13181
00340800,COMMUNITY COLLEGE OF RI - WARWICK       ,RI,02906-0000,Public       ,1448,2251,3699,9569,11685,21254
00340900,RHODE ISLAND SCHOOL OF DESIGN           ,RI,02903-2784,Private      ,104,100,204,2943,1434,4377
00341000,ROGER WILLIAMS UNIVERSITY               ,RI,02809-2921,Private      ,91,148,239,8508,1821,10329
00341100,SALVE REGINA UNIVERSITY                 ,RI,02840-4192,Private      ,50,105,155,4561,524,5085
00341400,UNIVERSITY OF RHODE ISLAND              ,RI,02881-0000,Public       ,811,651,1462,23605,4645,28250
00659100,ST. JOSEPH HOSP SCH OF NURSING          ,RI,02904-5199,Private      ,7,34,41,92,307,399
00784500,NEW ENGLAND INSTITUTE OF TECHNOLOGY     ,RI,02886-0000,Private      ,321,538,859,2491,2884,5375
01115900,"SAWYER SCHOOL,THE                       ",RI,02860-4117,Proprietary  ,48,272,320,218,1065,1283
01164702,SBI CAMPUS - AN AFFILIATE OF SANFORD-BRO,RI,02920-7807,Proprietary  ,20,90,110,170,596,766
02071900,ARTHUR ANGELO SCH COSMET&HAIR DSGN      ,RI,02903-0000,Proprietary  ,8,48,56,71,198,269
02176900,WARWICK ACADEMY OF BEAUTY CULTURE       ,RI,02886-1534,Proprietary  ,18,27,45,71,108,179
02584400,NEW ENGLAND TRACTOR TRAILER TRAINING SCH,RI,02860-1752,Proprietary  ,33,323,356,62,642,704
03080000,NEWPORT SCHOOL OF HAIRDRESSING          ,RI,02860-4038,Proprietary  ,1,16,17,15,73,88
03232300,LINCOLN TECHNICAL INSTITUTE             ,RI,02865-4211,Proprietary  ,83,201,284,396,865,1261
03732300,INTERNATIONAL YACHT RESTORATION SCH     ,RI,02840-6720,Private      ,8,16,24,42,59,101
04141200,TONI & GUY HAIRDRESSING ACADEMY         ,RI,02920-0000,Proprietary  ,18,25,43,103,93,196
00341700,ALLEN UNIVERSITY                        ,SC,29204-1085,Private      ,191,161,352,1226,737,1963
00341800,ANDERSON UNIVERSITY                     ,SC,29621-4035,Private      ,194,298,492,2934,1414,4348
00341900,CHARLESTON SOUTHERN UNIVERSITY          ,SC,29406-2160,Private      ,344,593,937,4658,2700,7358
00342000,BENEDICT COLLEGE                        ,SC,29204-1086,Private      ,645,419,1064,4773,1973,6746
00342100,BOB JONES UNIVERSITY                    ,SC,29614-1000,Proprietary  ,412,128,540,2714,494,3208
00342200,SOUTHERN WESLEYAN UNIVERSITY            ,SC,29630-1020,Private      ,91,338,429,870,1696,2566
00342300,THE CITADEL                             ,SC,29409-0002,Public       ,301,338,639,3170,1354,4524
00342400,CLAFLIN UNIVERSITY                      ,SC,29115-4498,Private      ,297,273,570,2945,1162,4107
00342500,CLEMSON UNIVERSITY                      ,SC,29634-0001,Public       ,1287,794,2081,20253,4358,24611
00342600,UNIV OF SC AT SUMTER                    ,SC,29150-2498,Public       ,171,239,410,1010,914,1924
00342700,COKER COLLEGE                           ,SC,29550-3797,Private      ,93,192,285,1129,973,2102
00342800,COLLEGE OF CHARLESTON                   ,SC,29424-0100,Public       ,984,712,1696,12542,3590,16132
00342900,COLUMBIA INTERNATIONAL UNIVERSITY       ,SC,29203-1599,Private      ,62,165,227,684,894,1578
00343000,COLUMBIA COLLEGE                        ,SC,29203-5998,Private      ,136,383,519,1401,1707,3108
00343100,CONVERSE COLLEGE                        ,SC,29302-0006,Private      ,79,138,217,1146,759,1905
00343200,ERSKINE COLLEGE                         ,SC,29639-0000,Private      ,41,10,51,838,61,899
00343201,ERSKINE THEOLOGICAL SEMINARY            ,SC,29639-0000,Private      ,0,23,23,4,101,105
00343400,FURMAN UNIVERSITY                       ,SC,29613-5253,Private      ,199,170,369,4439,671,5110
00343500,LANDER UNIVERSITY                       ,SC,29649-2099,Public       ,322,196,518,4340,1076,5416
00343600,LIMESTONE COLLEGE                       ,SC,29340-3799,Private      ,140,612,752,1499,3354,4853
00343700,LUTHERAN THEOLOGICAL SOUTHERN SEM       ,SC,29203-5898,Private      ,0,25,25,3,168,171
00343800,MEDICAL UNIV OF SOUTH CAROLINA - FA     ,SC,29425-1760,Public       ,67,365,432,485,3681,4166
00343900,MORRIS COLLEGE                          ,SC,29150-3599,Private      ,223,175,398,1533,719,2252
00344000,NEWBERRY COLLEGE                        ,SC,29108-2197,Private      ,89,95,184,1717,411,2128
00344100,NORTH GREENVILLE COLLEGE                ,SC,29688-1892,Private      ,175,86,261,2696,519,3215
00344500,PRESBYTERIAN COLLEGE                    ,SC,29325-2503,Private      ,83,26,109,1708,338,2046
00344600,SOUTH CAROLINA STATE UNIVERSITY         ,SC,29117-4427,Public       ,597,625,1222,6489,3180,9669
00344700,SPARTANBURG METHODIST COLLEGE           ,SC,29301-5899,Private      ,139,76,215,1517,328,1845
00344800,UNIVERSITY OF SOUTH CAROLINA            ,SC,29208-3999,Public       ,2133,1944,4077,29298,13250,42548
00344900,UNIVERSITY OF SOUTH CAROLINA AIKEN      ,SC,29801-6399,Public       ,338,334,672,3727,1723,5450
00345000,UNIV OF SC AT BEAUFORT                  ,SC,29902-0000,Public       ,248,264,512,2191,1345,3536
00345100,COASTAL CAROLINA UNIVERSITY             ,SC,29528-0000,Public       ,1193,674,1867,14083,3324,17407
00345300,UNIV OF SC AT LANCASTER                 ,SC,29721-0889,Public       ,206,214,420,1218,903,2121
00345400,UNIV OF SC SYSTEM SALKEHATCHIE          ,SC,29810-0617,Public       ,168,341,509,777,1058,1835
00345500,VOORHEES COLLEGE                        ,SC,29042-0000,Private      ,155,146,301,979,493,1472
00345600,WINTHROP UNIVERSITY                     ,SC,29733-0001,Public       ,539,543,1082,6678,2592,9270
00345700,WOFFORD COLLEGE                         ,SC,29303-3663,Private      ,86,60,146,2668,276,2944
00399000,FLORENCE-DARLINGTON TECH COLLEGE        ,SC,29501-0548,Public       ,1004,2003,3007,3447,6638,10085
00399100,GREENVILLE TECHNICAL COLLEGE            ,SC,29607-2439,Public       ,1991,3411,5402,8221,12732,20953
00399200,PIEDMONT TECHNICAL COLLEGE              ,SC,29648-1467,Public       ,754,1710,2464,2727,5718,8445
00399300,MIDLANDS TECHNICAL COLLEGE              ,SC,29202-0000,Public       ,1669,3196,4865,7749,12442,20191
00399400,SPARTANBURG COMMUNITY COLLEGE           ,SC,29305-4386,Public       ,759,1449,2208,3563,5547,9110
00399500,CENTRAL CAROLINA TECHNICAL COLLEGE      ,SC,29150-2499,Public       ,589,1558,2147,1824,4792,6616
00399600,YORK TECHNICAL COLLEGE                  ,SC,29730-3395,Public       ,643,1374,2017,2881,5316,8197
00492000,TRIDENT TECHNICAL COLLEGE               ,SC,29423-8067,Public       ,2397,5206,7603,7187,15474,22661
00492300,CLINTON JR COLLEGE                      ,SC,29730-5152,Private      ,79,56,135,213,162,375
00492400,FORREST JUNIOR COLLEGE                  ,SC,29624-2405,Proprietary  ,11,88,99,43,319,362
00492500,HORRY-GEORGETOWN TECH COLLEGE           ,SC,29526-9521,Public       ,991,1803,2794,4107,7351,11458
00492600,TRI-COUNTY TECHNICAL COLLEGE            ,SC,29670-9133,Public       ,768,1100,1868,4379,4617,8996
00492700,UNIV OF SC AT UNION                     ,SC,29379-0729,Public       ,60,95,155,287,349,636
00499204,MILLER-MOTTE TECHNICAL COLLEGE - CONWAY ,SC,29526-9508,Proprietary  ,138,422,560,475,1452,1927
00536300,DENMARK TECHNICAL COLLEGE               ,SC,29042-0000,Public       ,467,931,1398,1003,1828,2831
00681500,ORANGEBURG-CALHOUN TECHNICAL COLG       ,SC,29118-8299,Public       ,518,819,1337,1722,2729,4451
00695100,UNIVERSITY OF SOUTH CAROLINA UPSTATE    ,SC,29303-9972,Public       ,613,662,1275,6886,3712,10598
00760200,NORTHEASTERN TECHNICAL COLLEGE          ,SC,29520-7015,Public       ,204,395,599,684,1251,1935
00922600,FRANCIS MARION UNIVERSITY               ,SC,29501-0000,Public       ,518,492,1010,5128,2310,7438
00932200,WILLIAMSBURG TECHNICAL COLLEGE          ,SC,29556-4197,Public       ,93,275,368,293,751,1044
00991000,TECHNICAL COLLEGE OF THE LOWCOUNTRY     ,SC,29902-5441,Public       ,312,753,1065,1120,3038,4158
00991100,UNIV OF SC-REGIONAL CAMPUSES ADMIN      ,SC,29208-0001,Public       ,16,67,83,223,314,537
01005600,AIKEN TECHNICAL COLLEGE                 ,SC,29802-0696,Public       ,511,959,1470,1867,3381,5248
01209200,KENNETH SHULER SCHOOL OF COSMETOLOGY    ,SC,29732-2169,Proprietary  ,50,110,160,166,435,601
01303907,SOUTH UNIVERSITY                        ,SC,29203-6400,Proprietary  ,123,728,851,562,2851,3413
02063700,SHERMAN CLG STRAIGHT CHIROPRACTIC       ,SC,29316-0000,Private      ,6,37,43,25,311,336
02338600,CHARZANNE BEAUTY COLLEGE                ,SC,29649-0000,Proprietary  ,11,44,55,29,104,133
02341100,KENNETH SHULER SCHOOL OF COSMETOLOGY & N,SC,29210-0000,Proprietary  ,60,224,284,213,761,974
02356600,CHARLESTON COSMETOLOGY INSTITUTE        ,SC,29420-0000,Proprietary  ,34,75,109,85,185,270
02552400,ACADEMY OF HAIR TECHNOLOGY              ,SC,29615-2363,Proprietary  ,23,74,97,75,217,292
02567600,SUMTER BEAUTY COLLEGE                   ,SC,29150-0000,Proprietary  ,17,37,54,46,125,171
02614202,MILLER - MOTTE TECHNICAL COLLEGE - NORTH,SC,29406-9239,Proprietary  ,104,424,528,326,1408,1734
03010614,VIRGINIA COLLEGE - GOLF ACADEMY OF AMERI,SC,29579-0000,Proprietary  ,27,74,101,140,290,430
03010617,VIRGINIA COLLEGE - GREENVILLE           ,SC,29607-7200,Proprietary  ,46,253,299,224,927,1151
03010620,VIRGINIA COLLEGE - CHARLESTON           ,SC,29406-4999,Proprietary  ,49,245,294,197,838,1035
03010621,VIRGINIA COLLEGE - COLUMBIA             ,SC,29223-7527,Proprietary  ,65,302,367,235,1004,1239
03052300,KENNETH SHULER SCH COSM & HAIR DESG     ,SC,29841-2013,Proprietary  ,26,118,144,121,366,487
03088300,ACADEMY OF COSMETOLOGY                  ,SC,29418-5667,Proprietary  ,22,58,80,70,170,240
03293300,STRAND COLLEGE OF HAIR DESIGN           ,SC,29572-4310,Proprietary  ,9,37,46,37,120,157
03304300,CENTURA COLLEGE                         ,SC,29406-9235,Proprietary  ,54,315,369,168,985,1153
03513300,LACY COSMETOLOGY SCHOOL                 ,SC,29803-9084,Proprietary  ,11,35,46,30,103,133
03513301,LACY COSMETOLOGY SCHOOL -               ,SC,29072-0000,Proprietary  ,3,16,19,14,56,70
03513302,LACY COSMETOLOGY SCHOOL -               ,SC,29445-0000,Proprietary  ,5,22,27,19,58,77
03595300,CHARLESTON SCHOOL OF MASSAGE            ,SC,29412-8270,Proprietary  ,2,13,15,30,75,105
03709301,EDWARD VIA VIRGINIA COLLEGE OF OSTEOPATH,SC,29303-3639,Private      ,6,36,42,28,440,468
03746300,LEGRAND INSTITUTE OF COSMETOLOGY        ,SC,29020-0000,Proprietary  ,6,20,26,24,67,91
03746400,SOUTHEASTERN INSTITUTE                  ,SC,29210-0000,Proprietary  ,30,139,169,78,408,486
03768400,STYLETRENDS BARBER AND HAIRSTYLING ACADE,SC,29730-4511,Proprietary  ,12,31,43,25,93,118
03856400,W. L. BONNER COLLEGE                    ,SC,29203-0000,Private      ,7,49,56,18,105,123
03892300,HARLEY'S BEAUTY & BARBER CAREER INST.   ,SC,29204-1919,Proprietary  ,0,0,0,21,97,118
04083300,MARION COUNTY TECHNICAL EDUCATION CENTER,SC,29571-0000,Public       ,7,37,44,31,174,205
04096300,CHARLESTON SCHOOL OF LAW                ,SC,29402-0535,Proprietary  ,17,176,193,57,1255,1312
04158100,AIKEN SCHOOL OF COSMETOLOGY             ,SC,29801-4026,Proprietary  ,14,38,52,53,108,161
04166900,COSMETIC ARTS INSTITUTE                 ,SC,29488-2753,Proprietary  ,8,23,31,20,63,83
04172600,SALON 496 BARBER ACADEMY                ,SC,29607-2548,Proprietary  ,12,44,56,30,128,158
04192600,PALMETTO BEAUTY SCHOOL                  ,SC,29307-1424,Proprietary  ,11,56,67,42,147,189
04202900,JOLEI'S HAIR INSTITUTE                  ,SC,29114-9337,Proprietary  ,0,23,23,4,38,42
00345800,AUGUSTANA COLLEGE                       ,SD,57197-0001,Private      ,162,72,234,1856,275,2131
00345900,BLACK HILLS STATE UNIVERSITY            ,SD,57799-9670,Public       ,367,438,805,2479,1824,4303
00346100,DAKOTA WESLEYAN UNIVERSITY              ,SD,57301-4398,Private      ,66,40,106,785,273,1058
00346300,DAKOTA STATE UNIVERSITY                 ,SD,57042-1799,Public       ,160,196,356,1316,867,2183
00346500,MOUNT MARTY COLLEGE                     ,SD,57078-3724,Private      ,51,100,151,559,468,1027
00346600,NORTHERN STATE UNIVERSITY               ,SD,57401-7198,Public       ,117,189,306,1700,854,2554
00346700,PRESENTATION COLLEGE                    ,SD,57401-1299,Private      ,57,107,164,560,511,1071
00346900,UNIVERSITY OF SIOUX FALLS               ,SD,57105-1699,Private      ,73,133,206,1499,682,2181
00347000,SOUTH DAKOTA SCH OF MINES & TECH        ,SD,57701-3995,Public       ,193,172,365,1758,675,2433
00347100,SOUTH DAKOTA STATE UNIVERSITY           ,SD,57007-2298,Public       ,1059,748,1807,8756,3234,11990
00347400,UNIVERSITY OF SOUTH DAKOTA              ,SD,57069-2390,Public       ,625,875,1500,5441,4736,10177
00405600,SIOUX FALLS SEMINARY                    ,SD,57105-2729,Private      ,1,45,46,3,100,103
00405700,NATIONAL AMERICAN UNIVERSITY            ,SD,57701-3692,Proprietary  ,333,3949,4282,864,11988,12852
00405707,NATIONAL AMERICAN UNIVERSITY            ,SD,57105-0000,Proprietary  ,11,140,151,66,805,871
00492900,MCKENNAN HOSP-RADOLOGICAL TECH          ,SD,57101-0000,Private      ,4,11,15,18,37,55
00530900,LAKE AREA TECHNICAL INSTITUTE           ,SD,57201-2869,Public       ,180,182,362,1019,642,1661
00598700,AVERA SACRED HEART HOSPITAL SCHOOL OF RA,SD,57078-3899,Private      ,1,1,2,10,11,21
00776400,SOUTHEAST TECHNICAL INST                ,SD,57107-0000,Public       ,342,528,870,1489,1760,3249
00828400,MITCHELL TECHNICAL INSTITUTE            ,SD,57301-9931,Public       ,129,126,255,730,438,1168
01013800,STEWART SCHOOL                          ,SD,57104-0000,Proprietary  ,27,31,58,95,104,199
01014804,COLORADO TECHNICAL UNIVERSITY           ,SD,57108-2272,Proprietary  ,33,120,153,183,933,1116
01017000,WESTERN DAKOTA TECHNICAL INSTITUTE      ,SD,57701-4018,Public       ,132,330,462,533,1036,1569
01147701,SIOUX VALLEY HOSP-MEDICAL TECH          ,SD,57117-5039,Private      ,4,7,11,23,36,59
01465900,OGLALA LAKOTA COLLEGE                   ,SD,57752-0490,Public       ,188,619,807,346,1399,1745
02137100,BLACK HILLS BEAUTY COLLEGE              ,SD,57701-0000,Proprietary  ,31,54,85,82,122,204
02143700,SINTE GLESKA UNIVERSITY                 ,SD,57570-0000,Public       ,85,356,441,148,612,760
02144600,KILIAN COMMUNITY COLLEGE                ,SD,57103-7020,Private      ,49,125,174,111,394,505
02277300,SISSETON WAHPETON COLLEGE               ,SD,57262-0000,Public       ,24,99,123,39,171,210
02297800,HEADLINES ACADEMY                       ,SD,57701-0000,Proprietary  ,18,40,58,56,133,189
00347700,AQUINAS COLLEGE                         ,TN,37205-2086,Private      ,33,204,237,341,996,1337
00347800,AUSTIN PEAY STATE UNIVERSITY            ,TN,37044-0002,Public       ,919,1903,2822,8629,8535,17164
00347900,BELMONT UNIVERSITY                      ,TN,37212-3757,Private      ,552,708,1260,7798,3993,11791
00348000,BETHEL UNIVERSITY                       ,TN,38201-1705,Private      ,193,1548,1741,2274,6539,8813
00348100,CARSON-NEWMAN COLLEGE                   ,TN,37760-2204,Private      ,228,161,389,3290,797,4087
00348200,CHRISTIAN BROTHERS UNIVERSITY           ,TN,38104-5581,Private      ,187,448,635,2531,2267,4798
00348300,COLUMBIA STATE COMMUNITY COLLEGE        ,TN,38401-5653,Public       ,536,908,1444,3291,3623,6914
00348500,CUMBERLAND UNIVERSITY                   ,TN,37087-3554,Private      ,155,295,450,1563,1178,2741
00348600,LIPSCOMB UNIVERSITY                     ,TN,37204-3951,Private      ,338,579,917,3828,2535,6363
00348700,EAST TENNESSEE STATE UNIV - MAIN CAMPUS ,TN,37614-2857,Public       ,1078,1469,2547,13076,8736,21812
00348701,EAST TENNESSEE STATE UNIV - MEDICINE    ,TN,37614-1708,Public       ,28,67,95,351,689,1040
00348709,EAST TENNESSEE STATE UNIV - PHARMACY    ,TN,37614-1704,Public       ,17,46,63,174,505,679
00349000,FISK UNIVERSITY                         ,TN,37208-3045,Private      ,116,140,256,1585,746,2331
00349200,FREED-HARDEMAN UNIVERSITY               ,TN,38340-2399,Private      ,126,190,316,1898,927,2825
00349400,HIWASSEE COLLEGE                        ,TN,37354-4001,Private      ,57,29,86,362,152,514
00349500,JOHNSON UNIVERSITY                      ,TN,37998-9775,Private      ,68,131,199,867,592,1459
00349600,KING COLLEGE                            ,TN,37620-2699,Private      ,125,495,620,1507,2169,3676
00349900,LANE COLLEGE                            ,TN,38301-4598,Private      ,294,188,482,2645,1211,3856
00350000,LEE UNIVERSITY                          ,TN,37320-0000,Private      ,477,442,919,4360,1823,6183
00350100,LEMOYNE-OWEN COLLEGE                    ,TN,38126-6510,Private      ,286,612,898,1989,2914,4903
00350200,LINCOLN MEMORIAL UNIVERSITY             ,TN,37752-7920,Private      ,178,599,777,2162,4228,6390
00350400,MARTIN METHODIST COLLEGE                ,TN,38478-2799,Private      ,76,80,156,1019,483,1502
00350500,MARYVILLE COLLEGE                       ,TN,37804-5907,Private      ,74,55,129,2143,347,2490
00350600,MEHARRY MEDICAL COLLEGE                 ,TN,37208-0000,Private      ,13,125,138,106,1513,1619
00350700,MEMPHIS COLLEGE OF ART                  ,TN,38104-2764,Private      ,92,127,219,862,535,1397
00350900,UNIVERSITY OF MEMPHIS (THE)             ,TN,38152-4611,Public       ,1980,3352,5332,19371,20146,39517
00351000,MIDDLE TENNESSEE STATE UNIV             ,TN,37130-0000,Public       ,2736,2922,5658,24684,14856,39540
00351100,MILLIGAN COLLEGE                        ,TN,37682-4001,Private      ,86,127,213,1325,724,2049
00351700,SOUTHERN COLLEGE OF OPTOMETRY           ,TN,38104-2222,Private      ,7,32,39,65,691,756
00351800,SOUTHERN ADVENTIST UNIVERSITY           ,TN,37315-0370,Private      ,286,222,508,2974,1055,4029
00351900,RHODES COLLEGE                          ,TN,38112-1690,Private      ,220,172,392,3467,777,4244
00352200,TENNESSEE STATE UNIVERSITY              ,TN,37209-1561,Public       ,1012,2080,3092,11459,10560,22019
00352300,TENNESSEE TECHNOLOGICAL UNIV            ,TN,38505-0001,Public       ,903,791,1694,11161,4211,15372
00352400,TENNESSEE TEMPLE UNIVERSITY             ,TN,37404-3587,Private      ,86,240,326,444,771,1215
00352500,TENNESSEE WESLEYAN COLLEGE              ,TN,37371-0040,Private      ,98,86,184,1319,617,1936
00352600,TREVECCA NAZARENE UNIVERSITY            ,TN,37210-2877,Private      ,173,419,592,1647,2209,3856
00352700,TUSCULUM COLLEGE                        ,TN,37743-0001,Private      ,119,283,402,2409,1943,4352
00352800,UNION UNIVERSITY                        ,TN,38305-3697,Private      ,264,585,849,3241,3273,6514
00352900,UNIVERSITY OF TENNESSEE-CHATTANOOGA     ,TN,37403-2598,Public       ,1113,1079,2192,16001,6072,22073
00353000,UNIVERSITY OF TENNESSEE-KNOXVILLE       ,TN,37996-0150,Public       ,2326,1842,4168,29051,11295,40346
00353006,UNIVERSITY OF TENNESSEE-HEALTH SCI CTR  ,TN,38103-0000,Public       ,78,468,546,683,3875,4558
00353100,UNIVERSITY OF TENNESSEE-MARTIN          ,TN,38238-0002,Public       ,800,856,1656,8505,4182,12687
00353400,UNIVERSITY OF THE SOUTH                 ,TN,37383-1000,Private      ,71,13,84,2406,138,2544
00353500,VANDERBILT UNIVERSITY                   ,TN,37240-0001,Private      ,572,598,1170,18837,7278,26115
00353501,VANDERBILT UNIV MED CTR ALLIEDHEAL      ,TN,37232-5510,Private      ,13,60,73,94,441,535
00353502,VANDERBILT UNIV - SCH OF MED            ,TN,37232-0000,Private      ,43,65,108,335,1045,1380
00353600,BRYAN COLLEGE                           ,TN,37321-7000,Private      ,96,187,283,1346,814,2160
00399800,CHATTANOOGA STATE COMMUNITY COLLEGE     ,TN,37406-1097,Public       ,1185,2626,3811,5991,10023,16014
00399900,CLEVELAND STATE COMMUNITY COLLEGE       ,TN,37312-2858,Public       ,332,720,1052,2192,2852,5044
00402500,TN TECHNOLOGY CTR AT KNOXVILLE          ,TN,37919-2327,Public       ,95,458,553,653,1836,2489
00402600,TENNESSEE TECH. CNTR AT CROSSVILLE      ,TN,38555-4142,Public       ,59,145,204,425,632,1057
00461700,NATIONAL COLLEGE OF BUSINESS & TECH     ,TN,37211-6605,Proprietary  ,37,413,450,292,1994,2286
00493400,DAYMAR INSTITUTE                        ,TN,37217-1056,Proprietary  ,50,221,271,299,1794,2093
00493401,DAYMAR INSTITUTE - CLARKSVILLE          ,TN,37040-6718,Proprietary  ,39,224,263,96,561,657
00493404,DAYMAR INSTITUTE - MURFREESBORO         ,TN,37128-5508,Proprietary  ,36,139,175,83,303,386
00493700,JACKSON STATE COMMUNITY COLLEGE         ,TN,38301-3797,Public       ,378,956,1334,3384,4473,7857
00493800,SOUTH COLLEGE                           ,TN,37909-3323,Proprietary  ,95,480,575,577,2240,2817
00494700,WEST TENNESSEE BUSINESS COLLEGE         ,TN,38301-3256,Proprietary  ,37,165,202,176,675,851
00528000,TN TECHNOLOGY CTR AT COVINGTON          ,TN,38019-0249,Public       ,44,113,157,175,456,631
00528100,TN TECHNOLOGY CTR AT ELIZABETHTON       ,TN,37643-0789,Public       ,64,243,307,385,934,1319
00528200,TN TECHNOLOGY CTR AT HARTSVILLE         ,TN,37074-0000,Public       ,31,87,118,240,400,640
00528300,TN TECHNOLOGY CTR AT NEWBERN            ,TN,38059-1198,Public       ,22,101,123,143,600,743
00530700,TN TECHNOLOGY CTR AT MCMINNVILLE        ,TN,37110-1322,Public       ,38,97,135,240,404,644
00535100,TENNESSEE TECHNOLOGY CENTER AT MORRISTOW,TN,37813-2094,Public       ,61,246,307,530,1094,1624
00535200,TN TECHNOLOGY CENTER AT MCKENZIE        ,TN,38201-1620,Public       ,29,107,136,169,357,526
00535300,TN TECHNOLOGY CENTER AT LIVINGSTON      ,TN,38570-0219,Public       ,47,88,135,265,464,729
00535400,TN TECHNOLOGY CTR AT JACKSON            ,TN,38301-0000,Public       ,86,296,382,488,1237,1725
00535600,TENNESSEE TECHNOLOGY CENTER AT HOHENWALD,TN,38462-0000,Public       ,41,103,144,253,448,701
00535700,TENNESSEE TECHNOLOGY CENTER AT CRUMP    ,TN,38327-3402,Public       ,29,108,137,181,463,644
00535800,TN TECHNOLOGY CENTER AT ATHENS          ,TN,37371-0848,Public       ,37,88,125,248,460,708
00535900,TENNESSEE TECHNOLOGY CENTER AT NASHVILLE,TN,37209-0000,Public       ,126,550,676,706,2263,2969
00536000,TENNESSEE TECHNOLOGY CENTER AT MEMPHIS  ,TN,38105-3604,Public       ,205,734,939,1204,2935,4139
00537800,NORTHEAST STATE COMMUNITY COLLEGE       ,TN,37617-0246,Public       ,610,1205,1815,3541,5252,8793
00537900,TN TECHNOLOGY CTR AT SHELBYVILLE        ,TN,37160-3697,Public       ,52,178,230,343,766,1109
00683500,DYERSBURG STATE COMMUNITY COLLEGE       ,TN,38024-0000,Public       ,269,715,984,1894,3371,5265
00683600,MOTLOW STATE COMMUNITY COLLEGE          ,TN,37388-7972,Public       ,567,822,1389,3296,3507,6803
00732941,ITT TECHNICAL INSTITUTE                 ,TN,37932-3343,Proprietary  ,323,1260,1583,899,2762,3661
00732958,ITT TECHNICAL INSTITUTE                 ,TN,37214-3717,Proprietary  ,227,960,1187,705,2052,2757
00743900,FOUNTAINHEAD COLLEGE OF TECHNOLOGY      ,TN,37918-2583,Proprietary  ,34,160,194,219,738,957
00778200,TENNESSEE TECHNOLOGY CENTER AT DICKSON  ,TN,37055-0000,Public       ,60,238,298,380,839,1219
00778300,MIDDLE TENNESSEE SCH OF ANESTHESIA      ,TN,37116-0000,Private      ,2,21,23,21,190,211
00793803,NASHVILLE AUTO DIESEL COLLEGE - NASHVILL,TN,37206-3210,Proprietary  ,411,265,676,2502,1071,3573
00814500,NASHVILLE STATE TECH CMNTY COLLEGE      ,TN,37209-0000,Public       ,945,2433,3378,4663,10077,14740
00865500,GENESIS CAREER COLLEGE OF COOKEVILLE    ,TN,38501-1959,Proprietary  ,72,166,238,142,392,534
00885900,JOHN A GUPTON COLLEGE                   ,TN,37203-2934,Private      ,17,47,64,116,205,321
00886300,WALTERS STATE COMMUNITY COLLEGE         ,TN,37813-6899,Public       ,465,997,1462,4612,4786,9398
00946400,TN TECHNOLOGY CTR AT PULASKI            ,TN,38478-4541,Public       ,37,80,117,153,333,486
00956700,TENNESSEE SCHOOL OF BEAUTY              ,TN,37921-3303,Proprietary  ,43,144,187,239,503,742
00971000,TENNESSEE TECHNOLOGY CENTER AT ONEIDA/HU,TN,37756-4149,Public       ,23,75,98,87,225,312
00991200,VOLUNTEER STATE COMMUNITY COLLEGE       ,TN,37066-3188,Public       ,805,1424,2229,4490,5719,10209
00991400,ROANE STATE COMMUNITY COLLEGE           ,TN,37748-8664,Public       ,504,1068,1572,4102,5194,9296
00998200,VICTORY UNIVERSITY                      ,TN,38111-4745,Proprietary  ,186,933,1119,689,3072,3761
01032600,TN TECHNOLOGY CTR AT HARRIMAN           ,TN,37748-1109,Public       ,55,115,170,181,380,561
01043900,SOUTHWEST TENNESSEE COMMUNITY COLLG     ,TN,38104-3322,Public       ,1788,3873,5661,9359,16280,25639
01044700,"PLAZA BEAUTY SCHOOL, INC.               ",TN,38117-4822,Proprietary  ,44,94,138,195,424,619
01046000,AMERICAN BAPTIST THEOLOGICAL SEMINA     ,TN,37207-4994,Private      ,8,64,72,35,224,259
01052900,MEMPHIS THEOLOGICAL SEMINARY            ,TN,38104-0000,Private      ,6,119,125,29,369,398
01070000,TN TECHNOLOGY CENTER AT JACKSBORO       ,TN,37757-2461,Public       ,28,61,89,166,323,489
01155300,WM R MOORE COLLEGE OF TECHNOLOGY        ,TN,38104-0000,Private      ,32,139,171,164,450,614
01216400,TENNESSEE TECHNICAL CNTR AT RIPLEY      ,TN,38063-7359,Public       ,9,77,86,93,315,408
01254700,EMMANUEL SCHOOL OF RELIGION             ,TN,37601-0000,Private      ,0,14,14,4,72,76
01269300,PELLISSIPPI STATE COMMUNITY COLLEGE     ,TN,37933-0990,Public       ,1242,1921,3163,6712,7239,13951
02069303,VATTEROTT COLLEGE -                     ,TN,38016-5877,Proprietary  ,36,145,181,177,613,790
02092800,TENNESSEE TECHNOLOGY CENTER AT WHITEVILL,TN,38075-0000,Public       ,27,55,82,143,264,407
02103500,TN TECHNOLOGY CTR AT MURFREESBORO       ,TN,37129-0000,Public       ,93,259,352,435,897,1332
02106400,O'MORE COLLEGE OF DESIGN                ,TN,37064-0000,Private      ,25,18,43,177,98,275
02125300,NASHVILLE CLG OF MEDICAL CAREERS        ,TN,37115-0000,Proprietary  ,15,74,89,48,228,276
02153100,JON NAVE UNIVERSITY OF COSMETOLOGY      ,TN,37013-3347,Proprietary  ,55,98,153,216,355,571
02157100,CONCORDE CAREER COLLEGE                 ,TN,38137-0000,Proprietary  ,164,704,868,711,2496,3207
02160307,INTERNATIONAL ACADEMY OF DESIGN & TECH  ,TN,37212-0000,Proprietary  ,59,122,181,346,589,935
02188300,PENTECOSTAL THEOLOGICAL SEMINARY        ,TN,37320-0000,Private      ,0,59,59,4,241,245
02204200,"CHATTANOOGA COLLEGE - MEDICAL, DENTAL AN",TN,37411-0000,Proprietary  ,43,223,266,250,923,1173
02237900,TN TECHNOLOGY CENTER AT PARIS           ,TN,38242-0000,Public       ,35,129,164,179,509,688
02255000,KNOXVILLE INSTITUTE OF HAIR DESIGN      ,TN,37917-0000,Proprietary  ,17,87,104,96,300,396
02257400,ARNOLD'S BEAUTY SCHOOL                  ,TN,38358-0000,Proprietary  ,21,32,53,52,74,126
02263104,ANTHEM COLLEGE - ANTHEM CAREER COLLEGE -,TN,37214-2531,Proprietary  ,24,142,166,121,446,567
02275500,REUBEN-ALLEN COLLEGE                    ,TN,37922-0000,Proprietary  ,25,71,96,134,295,429
02278700,MR WAYNES SCH OF UNISEX HAIR DESIGN     ,TN,38501-0000,Proprietary  ,9,18,27,34,62,96
02293900,VOLUNTEER BEAUTY ACADEMY-NASHVILLE      ,TN,37115-2112,Proprietary  ,10,34,44,32,91,123
02294000,VOLUNTEER BEAUTY ACADEMY-DYERSBURG      ,TN,38024-1622,Proprietary  ,9,34,43,33,119,152
02326200,KAPLAN CAREER INSTITUTE                 ,TN,37212-5318,Proprietary  ,63,358,421,242,1276,1518
02326300,MEDVANCE INSTITUTE                      ,TN,38501-4305,Proprietary  ,25,70,95,103,304,407
02335900,VOLUNTEER BEAUTY ACADEMY-NASHVILLE      ,TN,37209-3033,Proprietary  ,15,64,79,65,171,236
02539800,QUEEN CITY COLLEGE                      ,TN,37042-0000,Proprietary  ,17,88,105,58,332,390
02540000,TENNESSEE ACADEMY OF COSMETOLOGY        ,TN,38133-0000,Proprietary  ,50,128,178,205,478,683
02578200,NOSSI COLLEGE OF ART                    ,TN,37115-5138,Proprietary  ,58,81,139,408,408,816
02595000,FAYETTEVILLE BEAUTY SCHOOL              ,TN,37334-2909,Proprietary  ,16,38,54,29,68,97
02599710,VATTEROTT COLLEGE - MEMPHIS             ,TN,38132-1714,Proprietary  ,106,452,558,444,1855,2299
02605501,REMINGTON COLLEGE - MEMPHIS CAMPUS      ,TN,38132-0000,Private      ,137,594,731,675,2124,2799
02609204,VATTEROTT COLLEGE - VATTEROTT CAREER COL,TN,38133-4727,Proprietary  ,84,285,369,306,1028,1334
02614200,MILLER MOTTE BUSINESS COLLEGE           ,TN,37040-6023,Proprietary  ,65,234,299,266,948,1214
02614203,MILLER - MOTTE TECHNICAL COLLEGE - CHATT,TN,37421-7220,Proprietary  ,65,235,300,303,967,1270
02614204,MILLER - MOTTE TECHNICAL COLLEGE - MADIS,TN,37072-1870,Proprietary  ,54,159,213,165,611,776
03001800,FREE WILL BAPTIST BIBLE COLLEGE         ,TN,37205-2498,Private      ,29,59,88,238,164,402
03008800,FRANKLIN ACADEMY                        ,TN,37312-3939,Private      ,14,35,49,55,90,145
03010606,VIRGINIA COLLEGE - SCH OF BUSNSS & HLTH ,TN,37411-5600,Proprietary  ,39,248,287,157,789,946
03024900,TENNESSEE ACADEMY OF COSMETOLOGY        ,TN,38125-3442,Proprietary  ,35,81,116,200,379,579
03061100,GENESIS CAREER COLLEGE OF LEBANON       ,TN,37087-2718,Proprietary  ,32,85,117,91,216,307
03073404,ITT TECHNICAL INSTITUTE -               ,TN,37411-5336,Proprietary  ,0,1,1,0,1,1
03076405,BRYMAN SCHOOL OF ARIZONA (THE) - ANTHEM ,TN,38134-7345,Proprietary  ,12,49,61,42,186,228
03079100,NORTH CENTRAL INSTITUTE                 ,TN,37042-3116,Proprietary  ,11,61,72,40,205,245
03088800,"WATKINS COLLEGE OF ART, DESIGN & FILM   ",TN,37228-1306,Private      ,67,74,141,679,357,1036
03126900,STYLES & PROFILES BEAUTY COLLEGE        ,TN,38375-2109,Proprietary  ,8,12,20,21,26,47
03355400,RICHMONT GRADUATE UNIVERSITY            ,TN,37404-0000,Private      ,0,77,77,5,267,272
03440300,BAPTIST MEMORIAL COLLEGE OF HEALTH      ,TN,38104-3104,Private      ,116,466,582,1199,2874,4073
03480303,MEDVANCE INSTITUTE - NASHVILLE          ,TN,37203-1536,Proprietary  ,39,235,274,110,672,782
03513500,WILLIAMSON CHRISTIAN COLLEGE            ,TN,37067-8237,Private      ,12,22,34,38,99,137
03647300,NEW CONCEPTS SCHOOL OF COSMETOLOGY      ,TN,37311-7373,Proprietary  ,7,33,40,29,87,116
03683300,INTERNATIONAL BARBER & STYLE COLLEGE    ,TN,37209-2205,Proprietary  ,24,102,126,64,212,276
03701300,MEMPHIS INSTITUTE OF BARBERING          ,TN,38107-4334,Proprietary  ,48,152,200,195,496,691
03774400,SHEAR ACADEMY                           ,TN,38555-4177,Proprietary  ,2,19,21,14,72,86
03830300,SAE INSTITUTE OF TECHNOLOGY             ,TN,37203-4310,Proprietary  ,32,58,90,166,251,417
03840300,OXFORD GRADUATE SCHOOL                  ,TN,37321-6736,Private      ,2,10,12,3,41,44
03841300,CAREER BEAUTY COLLEGE                   ,TN,38464-3634,Proprietary  ,8,18,26,21,50,71
03920300,INSTITUTE OF HAIR DESIGN                ,TN,38310-1801,Proprietary  ,5,23,28,21,62,83
03930300,BUCHANAN BEAUTY COLLEGE                 ,TN,37160-2741,Proprietary  ,12,24,36,35,79,114
03982300,VISIBLE SCHOOL - MUSIC AND WORSHIPS ARTS,TN,38104-5814,Private      ,30,43,73,165,130,295
04035300,TENNESSEE CAREER INSTITUTE              ,TN,38401-6335,Proprietary  ,17,64,81,61,183,244
04124100,ELITE COLLEGE OF COSMETOLOGY            ,TN,38351-1431,Proprietary  ,7,27,34,33,77,110
04157200,LOVE BEAUTY SCHOOL                      ,TN,37355-2950,Proprietary  ,6,41,47,20,78,98
04165000,MERIDIAN INSTITUTE OF SURGICAL ASSISTING,TN,37080-0758,Proprietary  ,2,86,88,6,261,267
04174600,NASHVILLE BARBER AND STYLE ACADEMY      ,TN,37208-2826,Proprietary  ,21,58,79,70,207,277
04213800,SALON PROFESSIONAL ACADEMY (THE)        ,TN,37214-2163,Proprietary  ,20,19,39,20,19,39
00353700,ABILENE CHRISTIAN UNIVERSITY            ,TX,79699-3701,Private      ,410,318,728,5976,1637,7613
00353900,ALVIN COMMUNITY COLLEGE                 ,TX,77511-4807,Public       ,367,773,1140,1632,2963,4595
00354000,AMARILLO COLLEGE                        ,TX,79109-2446,Public       ,825,1852,2677,3561,6581,10142
00354100,ANGELO STATE UNIVERSITY                 ,TX,76909-5069,Public       ,732,654,1386,7102,3243,10345
00354300,AUSTIN COLLEGE                          ,TX,75090-4440,Private      ,76,52,128,2343,269,2612
00354400,AUSTIN PRESBYTERIAN THEOLOGICAL SEM     ,TX,78705-5797,Private      ,3,24,27,11,175,186
00354500,BAYLOR UNIVERSITY                       ,TX,76798-1458,Private      ,1122,688,1810,25446,5507,30953
00354600,COASTAL BEND COLLEGE                    ,TX,78102-2197,Public       ,385,604,989,1508,1956,3464
00354900,BLINN COLLEGE                           ,TX,77833-4098,Public       ,1919,1342,3261,13144,5503,18647
00355300,CISCO JUNIOR COLLEGE                    ,TX,76437-9803,Public       ,566,751,1317,2166,2540,4706
00355400,CLARENDON COLLEGE                       ,TX,79226-0000,Public       ,204,268,472,532,596,1128
00355600,COMMONWEALTH INST OF FUNERAL SVC        ,TX,77090-5918,Private      ,23,124,147,84,482,566
00355700,CONCORDIA UNIVERSITY TEXAS              ,TX,78726-4141,Private      ,202,713,915,1885,2536,4421
00355800,NORTH CENTRAL TEXAS COLLEGE             ,TX,76240-4699,Public       ,869,1392,2261,3676,5215,8891
00356000,DALLAS BAPTIST UNIVERSITY               ,TX,75211-9299,Private      ,533,1432,1965,3808,4671,8479
00356100,CEDAR VALLEY COLLEGE                    ,TX,75134-0000,Public       ,610,1534,2144,2367,4771,7138
00356200,DALLAS THEOLOGICAL SEM                  ,TX,75204-0000,Private      ,10,186,196,37,793,830
00356300,DEL MAR COLLEGE                         ,TX,78404-3897,Public       ,1027,2005,3032,5272,7856,13128
00356400,EAST TEXAS BAPTIST UNIVERSITY           ,TX,75670-1423,Private      ,78,91,169,1804,539,2343
00356500,TEXAS A&M UNIVERSITY - COMMERCE         ,TX,75429-3011,Public       ,754,2224,2978,6086,8667,14753
00356800,FRANK PHILLIPS COLLEGE                  ,TX,79008-0000,Public       ,105,186,291,415,518,933
00357000,GRAYSON COUNTY COLLEGE                  ,TX,75020-8299,Public       ,417,1102,1519,1734,3919,5653
00357100,HARDIN-SIMMONS UNIVERSITY               ,TX,79698-6050,Private      ,225,225,450,2383,1042,3425
00357200,TRINITY VALLEY COMMUNITY COLLEGE        ,TX,75751-2734,Public       ,617,1203,1820,2708,4551,7259
00357300,HILL COLLEGE                            ,TX,76645-2711,Public       ,233,499,732,999,1493,2492
00357301,HILL COLLEGE                            ,TX,76031-0000,Public       ,218,667,885,968,2161,3129
00357400,HOWARD COLLEGE                          ,TX,79720-0213,Public       ,322,562,884,1593,2369,3962
00357500,HOWARD PAYNE UNIVERSITY                 ,TX,76801-2715,Private      ,152,96,248,1504,403,1907
00357600,HOUSTON BAPTIST UNIVERSITY              ,TX,77074-3298,Private      ,429,720,1149,5379,3453,8832
00357700,HUSTON - TILLOTSON UNIVERSITY           ,TX,78702-2795,Private      ,182,206,388,1346,943,2289
00357800,UNIVERSITY OF THE INCARNATE WORD        ,TX,78209-6398,Private      ,668,1530,2198,7412,7447,14859
00357900,JACKSONVILLE COLLEGE                    ,TX,75766-4759,Private      ,67,71,138,285,219,504
00358000,KILGORE COLLEGE                         ,TX,75662-3299,Public       ,612,1173,1785,3192,4584,7776
00358100,LAMAR UNIVERSITY-BEAUMONT               ,TX,77710-0042,Public       ,1236,2771,4007,9242,9884,19126
00358200,LAREDO COMMUNITY COLLEGE                ,TX,78040-4395,Public       ,1172,1175,2347,6122,4043,10165
00358300,LEE COLLEGE                             ,TX,77520-4796,Public       ,441,1031,1472,1784,3928,5712
00358400,LETOURNEAU UNIVERSITY                   ,TX,75607-0000,Private      ,142,692,834,1697,2697,4394
00358500,LON MORRIS COLLEGE                      ,TX,75766-2900,Private      ,17,15,32,432,168,600
00358600,LUBBOCK CHRISTIAN UNIVERSITY            ,TX,79407-2099,Private      ,250,357,607,1745,1581,3326
00358800,UNIVERSITY OF MARY HARDIN-BAYLOR        ,TX,76513-2599,Private      ,244,365,609,4472,1815,6287
00359000,MCLENNAN COMMUNITY COLLEGE              ,TX,76708-1498,Public       ,788,1956,2744,4565,7850,12415
00359100,MCMURRY UNIVERSITY                      ,TX,79697-0001,Private      ,231,198,429,1958,793,2751
00359200,MIDWESTERN STATE UNIVERSITY             ,TX,76308-2099,Public       ,528,678,1206,4448,3174,7622
00359300,NAVARRO COLLEGE                         ,TX,75110-4818,Public       ,1225,2025,3250,4860,6488,11348
00359400,UNIVERSITY OF NORTH TEXAS               ,TX,76203-5017,Public       ,3143,3848,6991,33266,21585,54851
00359500,OBLATE SCHOOL OF THEOLOGY               ,TX,78216-0000,Private      ,4,16,20,8,67,75
00359600,ODESSA COLLEGE                          ,TX,79764-7127,Public       ,407,734,1141,1679,2591,4270
00359800,OUR LADY OF THE LAKE UNIVERSITY         ,TX,78207-4689,Private      ,221,833,1054,2674,3617,6291
00359900,UNIVERSITY OF TEXAS - PAN AMERICAN      ,TX,78541-2999,Public       ,1312,2058,3370,18439,10703,29142
00360000,PANOLA COLLEGE                          ,TX,75633-2397,Public       ,293,629,922,1058,2027,3085
00360100,PARIS JR COLLEGE                        ,TX,75460-6298,Public       ,614,1238,1852,2134,3668,5802
00360200,PAUL QUINN COLLEGE                      ,TX,75241-4398,Private      ,92,245,337,422,810,1232
00360300,RANGER COLLEGE                          ,TX,76470-3298,Public       ,206,222,428,705,814,1519
00360305,RANGER COLLEGE-STEPHENVILE BEAUTY COLLEG,TX,76401-5136,Public       ,13,27,40,67,96,163
00360400,RICE UNIVERSITY                         ,TX,77251-1892,Private      ,501,602,1103,11227,3409,14636
00360600,SAM HOUSTON STATE UNIVERSITY            ,TX,77340-0000,Public       ,2036,1898,3934,20141,9709,29850
00360700,ALAMO CMTY CLG DISTRICT PROGRAM         ,TX,78207-0000,Public       ,364,835,1199,2122,3704,5826
00360800,ST PHILLIPS COLLEGE                     ,TX,78203-2098,Public       ,907,2616,3523,5970,11376,17346
00360900,SAN JACINTO CLG-CENTRAL-NORTH-SOUTH     ,TX,77501-0000,Public       ,2534,4622,7156,10723,15924,26647
00361000,SCHREINER UNIVERSITY                    ,TX,78028-5697,Private      ,87,99,186,1495,519,2014
00361100,SOUTH PLAINS COLLEGE                    ,TX,79336-6504,Public       ,1001,1460,2461,4886,5184,10070
00361200,UNIV OF HOUSTON-DOWNTOWN                ,TX,77002-1001,Public       ,1797,4033,5830,13185,18460,31645
00361300,SOUTHERN METHODIST UNIVERSITY           ,TX,75275-0181,Private      ,455,1028,1483,8704,5838,14542
00361400,SOUTHWEST TEXAS JR COLLEGE              ,TX,78801-6221,Public       ,749,902,1651,2721,2557,5278
00361500,TEXAS STATE UNIVERSITY--SAN MARCOS      ,TX,78666-4602,Public       ,2971,2401,5372,36187,16242,52429
00361600,SOUTHWESTERN ASSEMBLIES OF GOD UNIV     ,TX,75165-2397,Private      ,315,344,659,1702,1310,3012
00361800,SOUTHWESTERN CHRISTIAN COLLEGE          ,TX,75160-3400,Private      ,62,79,141,237,204,441
00361900,SOUTHWESTERN ADVENTIST UNIVERSITY       ,TX,76059-1922,Private      ,88,78,166,774,443,1217
00362000,SOUTHWESTERN UNIVERSITY                 ,TX,78626-6111,Private      ,105,58,163,2408,328,2736
00362100,ST EDWARDS UNIVERSITY                   ,TX,78704-0000,Private      ,226,473,699,5643,3203,8846
00362300,ST MARY'S UNIV OF SAN ANTONIO           ,TX,78228-8500,Private      ,290,508,798,5688,3788,9476
00362400,STEPHEN F AUSTIN STATE UNIVERSITY       ,TX,75962-0001,Public       ,1660,1253,2913,16660,5560,22220
00362500,SUL ROSS STATE UNIVERSITY               ,TX,79832-0113,Public       ,308,591,899,1701,1870,3571
00362600,TARRANT COUNTY COLLEGE                  ,TX,76102-6599,Public       ,4275,8856,13131,19015,31878,50893
00362700,TEMPLE COLLEGE                          ,TX,76504-7435,Public       ,495,1604,2099,2331,5849,8180
00362800,TEXARKANA COLLEGE                       ,TX,75599-0001,Public       ,328,804,1132,1551,2919,4470
00363000,PRAIRIE VIEW A&M UNIVERSITY             ,TX,77446-2967,Public       ,1156,1380,2536,12254,6594,18848
00363100,TARLETON STATE UNIVERSITY               ,TX,76402-0000,Public       ,1011,1537,2548,8970,7287,16257
00363200,TEXAS A&M UNIVERSITY                    ,TX,77842-0000,Public       ,3337,1706,5043,44799,10923,55722
00363400,TEXAS STATE TECHNICAL CLG AT WACO       ,TX,76705-1695,Public       ,704,1397,2101,3042,4341,7383
00363500,TEXAS CHIROPRACTIC COLLEGE              ,TX,77505-1699,Private      ,2,85,87,31,343,374
00363600,TEXAS CHRISTIAN UNIVERSITY              ,TX,76129-0001,Private      ,759,755,1514,14934,4691,19625
00363700,JARVIS CHRISTIAN COLLEGE                ,TX,75765-1470,Private      ,198,74,272,704,248,952
00363800,TEXAS COLLEGE                           ,TX,75702-4500,Private      ,209,289,498,1147,1015,2162
00363900,TEXAS A&M UNIVERSITY-KINGSVILLE         ,TX,78363-8203,Public       ,698,1352,2050,9557,7424,16981
00364100,TEXAS LUTHERAN UNIVERSITY               ,TX,78155-5999,Private      ,125,57,182,2351,371,2722
00364200,TEXAS SOUTHERN UNIVERSITY               ,TX,77004-4598,Public       ,1630,3386,5016,11731,14865,26596
00364400,TEXAS TECH UNIVERSITY                   ,TX,79409-0000,Public       ,2872,2242,5114,27722,12085,39807
00364500,TEXAS WESLEYAN UNIVERSITY               ,TX,76105-1536,Private      ,231,651,882,1701,4321,6022
00364600,TEXAS WOMAN'S UNIVERSITY                ,TX,76204-5587,Public       ,742,2099,2841,9288,14328,23616
00364700,TRINITY UNIVERSITY                      ,TX,78212-7200,Private      ,180,187,367,3982,1059,5041
00364800,TYLER JUNIOR COLLEGE                    ,TX,75701-3436,Public       ,1397,1974,3371,8035,7756,15791
00365100,UNIVERSITY OF DALLAS                    ,TX,75062-4799,Private      ,172,433,605,2318,1823,4141
00365200,UNIVERSITY OF HOUSTON                   ,TX,77204-2010,Public       ,3608,5365,8973,36778,30584,67362
00365400,UNIVERSITY OF ST THOMAS                 ,TX,77006-4626,Private      ,182,746,928,1878,2988,4866
00365600,UNIVERSITY OF TEXAS-ARLINGTON           ,TX,76019-0000,Public       ,2005,5013,7018,24575,29369,53944
00365800,UNIVERSITY OF TEXAS-AUSTIN              ,TX,78713-7758,Public       ,2495,2428,4923,47672,22099,69771
00365900,UT HEALTH CENTER-SAN ANTONIO            ,TX,78229-3900,Public       ,178,548,726,1648,4480,6128
00366100,UNIVERSITY OF TEXAS-EL PASO             ,TX,79968-0629,Public       ,1822,2952,4774,17678,14505,32183
00366200,VICTORIA COLLEGE                        ,TX,77901-4494,Public       ,359,759,1118,1754,3081,4835
00366300,WAYLAND BAPTIST UNIVERSITY              ,TX,79072-6998,Private      ,270,1259,1529,1660,4152,5812
00366400,WEATHERFORD COLLEGE                     ,TX,76086-5699,Public       ,503,939,1442,2519,3612,6131
00366500,WEST TEXAS A&M UNIVERSITY               ,TX,79016-0000,Public       ,774,870,1644,6157,3877,10034
00366800,WHARTON COUNTY JR COLLEGE               ,TX,77488-3298,Public       ,754,944,1698,3324,3473,6797
00366900,WILEY COLLEGE                           ,TX,75670-5199,Private      ,314,272,586,1376,906,2282
00400300,CENTRAL TEXAS COLLEGE                   ,TX,76540-4199,Public       ,804,5542,6346,3164,17154,20318
00407221,NORTHWOOD UNIVERSITY                    ,TX,75104-0000,Private      ,137,227,364,655,827,1482
00445300,EL CENTRO COLLEGE                       ,TX,75202-0000,Public       ,1097,3638,4735,5448,12859,18307
00450303,EVEREST COLLEGE - FORT WORTH SOUTH      ,TX,76115-1407,Proprietary  ,67,389,456,241,1133,1374
00481102,EVEREST INSTITUTE - EVEREST COLLEGE     ,TX,76011-6630,Proprietary  ,89,326,415,249,975,1224
00494800,TEXAS A&M UNIV SYSTEM HEALTH SCI CT     ,TX,77840-7896,Public       ,164,274,438,1821,2576,4397
00494900,BAYLOR COLLEGE OF MEDICINE              ,TX,77030-0000,Private      ,132,307,439,971,2107,3078
00495100,UNIV OF TEXAS HEALTH SCIENCE CENTER     ,TX,77225-0000,Public       ,125,633,758,1089,4774,5863
00495200,UNIV OF TEXAS MEDICAL BRANCH            ,TX,77550-0000,Public       ,94,455,549,800,2997,3797
00497200,GALVESTON COLLEGE                       ,TX,77550-7447,Public       ,367,599,966,1209,1972,3181
00497700,SOUTH TEXAS COLLEGE OF LAW              ,TX,77002-0000,Private      ,24,154,178,104,2196,2300
00660600,BAPTIST HS SCHOOL OF HEALTH PROFESSIONS ,TX,78229-3234,Proprietary  ,28,279,307,265,1455,1720
00661200,COVENANT SCH OF NSG & ALLIED HEALTH     ,TX,79410-0000,Private      ,21,86,107,208,525,733
00666100,ANGELINA COLLEGE                        ,TX,75902-0000,Public       ,577,1168,1745,2434,3759,6193
00694100,DALLAS CHRISTIAN COLLEGE                ,TX,75234-7229,Private      ,82,211,293,360,705,1065
00709600,COLLEGE OF THE MAINLAND                 ,TX,77591-2499,Public       ,354,1009,1363,1267,3356,4623
00728700,BRAZOSPORT COLLEGE                      ,TX,77566-3199,Public       ,307,521,828,1311,1841,3152
00732907,ITT TECHNICAL INSTITUTE                 ,TX,77063-3751,Proprietary  ,95,307,402,390,1004,1394
00732913,ITT TECHNICAL INSTITUTE                 ,TX,76011-3919,Proprietary  ,131,524,655,376,1131,1507
00732975,ITT TECHNICAL INSTITUTE                 ,TX,78249-3303,Proprietary  ,78,474,552,349,1152,1501
00754805,WESTWOOD COLLEGE OF TECHNOLOGY          ,TX,77074-0000,Proprietary  ,15,103,118,107,390,497
00793804,LINCOLN COLLEGE OF TECHNOLOGY - GRAND PR,TX,75052-7605,Proprietary  ,177,207,384,795,678,1473
00849800,MIMS CLASSIC BEAUTY COLLEGE             ,TX,78216-0000,Proprietary  ,9,36,45,59,126,185
00850300,MOUNTAIN VIEW COLLEGE                   ,TX,75211-6599,Public       ,960,2140,3100,4436,7340,11776
00850400,RICHLAND COLLEGE                        ,TX,75243-2199,Public       ,1396,2976,4372,5940,9792,15732
00851000,EASTFIELD COLLEGE                       ,TX,75150-2099,Public       ,1172,2680,3852,4903,8898,13801
00907905,EVEREST COLLEGE                         ,TX,75206-5209,Proprietary  ,175,747,922,571,2063,2634
00908200,INTERNATIONAL BUSINESS COLLEGE          ,TX,79903-0000,Proprietary  ,58,211,269,188,575,763
00916300,SAN ANTONIO COLLEGE                     ,TX,78212-4299,Public       ,1999,4189,6188,13295,20098,33393
00922500,TEXAS STATE TECHNICAL COLLEGE  HARLINGEN,TX,78550-3697,Public       ,752,1040,1792,3803,3767,7570
00946600,KAPLAN COLLEGE                          ,TX,78216-1899,Proprietary  ,81,389,470,360,1443,1803
00946607,KAPLAN COLLEGE - MCALLEN                ,TX,78503-1622,Proprietary  ,111,207,318,467,707,1174
00946609,KAPLAN COLLEGE - CAREER CENTERS OF TEXAS,TX,78416-9900,Proprietary  ,57,199,256,252,846,1098
00946610,KAPLAN COLLEGE - CAREER CENTERS OF TEXAS,TX,76103-2310,Proprietary  ,49,309,358,209,955,1164
00954900,WESTERN TEXAS COLLEGE                   ,TX,79549-9501,Public       ,139,144,283,623,488,1111
00965100,TEXAS A&M INTERNATIONAL UNIVERSITY      ,TX,78041-1900,Public       ,625,827,1452,6055,3431,9486
00974100,UNIVERSITY OF TEXAS AT DALLAS           ,TX,75083-0000,Public       ,1120,2097,3217,11133,10830,21963
00976800,UNIVERSITY OF NORTH TEXAS HEALTH SCIENCE,TX,76107-2699,Public       ,72,348,420,706,2970,3676
00979700,MIDLAND COLLEGE                         ,TX,79705-6397,Public       ,378,697,1075,1766,2445,4211
00982802,EVEREST INSTITUTE- AUSTIN               ,TX,78754-0000,Proprietary  ,111,419,530,342,1287,1629
00993000,UNIVERSITY OF TEXAS-PERMIAN BASIN       ,TX,79762-0001,Public       ,393,771,1164,2307,2616,4923
00993200,TEXAS STATE TECH CLG-WEST TEXAS         ,TX,79556-4108,Public       ,77,188,265,371,565,936
00993201,TEXAS STATE TECH COLLEGE-ABILENE        ,TX,79601-0000,Public       ,76,259,335,353,762,1115
00993204,TEXAS STATE TECH CLG-BRECKENRIDGE       ,TX,76424-0000,Public       ,14,57,71,58,173,231
00993205,TEXAS STATE TECH COLLEGE-BROWNWOOD      ,TX,76801-0000,Public       ,27,113,140,114,309,423
01001900,UNIV OF TEXAS SOUTHWESTERN MED CTR      ,TX,75390-9096,Public       ,60,304,364,443,2552,2995
01005700,AMERICAN COMMERCIAL COLLEGE             ,TX,79602-1399,Proprietary  ,6,33,39,25,127,152
01005900,AMERICAN COMMERCIAL COLLEGE             ,TX,79761-0000,Proprietary  ,16,55,71,45,145,190
01005901,AMERICAN COMMERCIAL COLLEGE - AMERICAN C,TX,76310-2303,Proprietary  ,18,114,132,54,310,364
01006000,VERNON COLLEGE                          ,TX,76384-4092,Public       ,263,606,869,1270,2600,3870
01011500,UNIVERSITY OF TEXAS-SAN ANTONIO         ,TX,78249-0600,Public       ,2577,3051,5628,36941,20013,56954
01013000,WADE COLLEGE                            ,TX,75207-3199,Proprietary  ,38,115,153,220,448,668
01038700,EL PASO COMMUNITY COLLEGE               ,TX,79998-0000,Public       ,2746,4103,6849,15820,16591,32411
01050900,HALLMARK COLLEGE OF AERONAUTICS         ,TX,78214-0000,Proprietary  ,111,373,484,272,1035,1307
01050901,HALLMARK COLLEGE OF  TECHNOLOGY-        ,TX,78230-1736,Proprietary  ,0,0,0,0,1,1
01063300,HOUSTON COMMUNITY COLLEGE               ,TX,77002-0000,Public       ,5870,14493,20363,25444,52811,78255
01067400,TEXAS TECH U HEALTH SCIENCES CENTER     ,TX,79430-0000,Public       ,153,675,828,1535,5213,6748
01076100,DALLAS INSTITUTE OF FUNERAL SERVICE     ,TX,75227-4314,Private      ,19,127,146,90,414,504
01114500,LONE STAR COLLEGE SYSTEM                ,TX,77073-3499,Public       ,5134,10208,15342,22186,38660,60846
01116100,TEXAS A&M UNIV CORPUS CHRISTI           ,TX,78412-5599,Public       ,1136,1442,2578,11697,6643,18340
01116300,UNIVERSITY OF TEXAS AT TYLER            ,TX,75799-6699,Public       ,653,1287,1940,5384,5672,11056
01171100,UNIVERSITY OF HOUSTON-CLEAR LAKE        ,TX,77058-1002,Public       ,416,1853,2269,2495,8391,10886
01201500,AUSTIN COMMUNITY COLLEGE                ,TX,78752-4390,Public       ,2803,5633,8436,17304,25781,43085
01202000,VICTORIA BEAUTY COLLEGE                 ,TX,77901-6233,Proprietary  ,18,51,69,48,142,190
01226800,BALDWIN BEAUTY SCHOOL #5                ,TX,78704-4785,Proprietary  ,51,138,189,184,423,607
01229700,LAREDO BEAUTY COLLEGE                   ,TX,78040-1051,Proprietary  ,26,92,118,122,265,387
01248200,ATI TECHNICAL TRAINING CENTER           ,TX,75235-4622,Proprietary  ,24,149,173,156,582,738
01248209,ATI CAREER TRAINING CENTER - GARLAND    ,TX,75041-2497,Proprietary  ,7,52,59,25,157,182
01248210,ATI CAREER TRAINING CENTER - WACO       ,TX,76711-1682,Proprietary  ,16,98,114,86,319,405
01248300,COSMETOLOGY CAREER CENTER-A PAUL MITCHEL,TX,75006-2567,Proprietary  ,155,231,386,418,560,978
01248800,INTERNATIONAL BEAUTY COLLEGE NO 3       ,TX,75040-0000,Proprietary  ,4,23,27,9,67,76
01276400,METROPLEX BEAUTY SCHOOL                 ,TX,75149-0000,Proprietary  ,13,66,79,44,135,179
01293000,CHARLES & SUE'S SCH OF HAIR DESIGN      ,TX,77801-0000,Proprietary  ,18,38,56,69,125,194
01293200,TINT SCHOOL OF MAKEUP & COSMETOLOGY     ,TX,75061-4235,Proprietary  ,16,35,51,51,155,206
01300300,NEILSON BEAUTY COLLEGE                  ,TX,75208-4637,Proprietary  ,7,40,47,40,147,187
01301600,OGLE SCHOOL HAIR SKIN NAILS             ,TX,76013-7400,Proprietary  ,87,227,314,320,765,1085
01303912,SOUTH UNIVERSITY - THE ART INSTITUTE OF ,TX,75231-5993,Proprietary  ,309,396,705,1701,1554,3255
01303915,SOUTH UNIVERSITY - AUSTIN               ,TX,78729-8101,Proprietary  ,12,86,98,12,86,98
01323100,UNIVERSITY OF HOUSTON-VICTORIA          ,TX,77901-5731,Public       ,214,860,1074,2119,4232,6351
02058600,CONLEE'S COLLEGE OF COSMETOLOGY         ,TX,78028-0000,Proprietary  ,7,21,28,21,56,77
02069302,VATTEROTT COLLEGE - VATTEROTT EDUCATION ,TX,75220-5441,Proprietary  ,1,34,35,8,104,112
02074100,CAPITOL CITY TRADE & TECHNICAL SCH      ,TX,78704-0000,Proprietary  ,47,190,237,165,570,735
02077400,NORTH LAKE COLLEGE                      ,TX,75038-0000,Public       ,742,1574,2316,3186,5683,8869
02081400,ARLINGTON BAPTIST COLLEGE               ,TX,76012-0000,Private      ,78,118,196,267,392,659
02093600,SOUTHWEST SCHOOL OF ELECTRONIC          ,TX,78735-0000,Proprietary  ,10,39,49,41,132,173
02098300,WESTERN TECHNICAL COLLEGE               ,TX,79927-2105,Proprietary  ,253,583,836,788,1477,2265
02100200,BROOKHAVEN COLLEGE                      ,TX,75244-0000,Public       ,693,1831,2524,3071,6713,9784
02113610,AMERICAN INTERCONTINENTAL UNIV - HOUSTON,TX,77042-4516,Proprietary  ,70,378,448,286,1282,1568
02116008,SANFORD-BROWN COLLEGE - HOUSTON         ,TX,77042-8900,Proprietary  ,119,441,560,371,1399,1770
02116012,SANFORD-BROWN COLLEGE - HOUSTON NORTH LO,TX,77008-1058,Proprietary  ,37,204,241,151,633,784
02117100,ART INSTITUTE OF HOUSTON                ,TX,77056-0000,Proprietary  ,1080,1320,2400,4937,4999,9936
02119200,COURT REPORTING INSTITUTE OF DALLAS     ,TX,75247-6913,Proprietary  ,13,173,186,55,715,770
02119202,COURT REPORTING INSTIUTE OF DALLAS - COU,TX,77040-6315,Proprietary  ,1,33,34,12,146,158
02128302,INSTITUTE FOR BUSINESS & TECHNOLOGY - LA,TX,78230-2520,Proprietary  ,26,154,180,141,467,608
02136800,AMERICAN COMMERCIAL COLLEGE             ,TX,76904-0000,Proprietary  ,20,91,111,62,207,269
02144800,VET TECH INSTITUTE OF HOUSTON           ,TX,77027-9881,Proprietary  ,63,89,152,356,398,754
02176100,PIPO ACADEMY OF HAIR DESIGN             ,TX,79903-0000,Proprietary  ,12,31,43,78,126,204
02200800,AMERICAN COMMERCIAL COLLEGE             ,TX,79411-0000,Proprietary  ,8,39,47,28,123,151
02218300,SOUTHWEST SCHOOL OF BUSINESS & TECHNICAL,TX,78221-0000,Proprietary  ,46,195,241,151,436,587
02218305,SOUTHWEST SCHOOL OF BUSINESS AND TECHNIC,TX,78501-6053,Proprietary  ,26,67,93,67,130,197
02218306,SOUTHWEST SCHOOL OF BUSINESS AND TECHNIC,TX,78413-2045,Proprietary  ,16,44,60,56,131,187
02224600,TRI-STATE BEAUTY SCHOOL #1              ,TX,79915-0000,Proprietary  ,28,96,124,133,354,487
02230500,OGLE SCHOOL HAIR SKIN NAILS             ,TX,76132-3638,Proprietary  ,85,241,326,278,829,1107
02230600,OGLE SCHOOL HAIR SKIN NAILS             ,TX,76053-4650,Proprietary  ,28,71,99,103,263,366
02239100,CENTRAL TEXAS BEAUTY COLLEGE #2         ,TX,78664-4204,Proprietary  ,31,141,172,83,348,431
02248200,MILAN INSTITUTE OF COSMETOLOGY          ,TX,79103-0000,Proprietary  ,200,589,789,557,1832,2389
02254800,TEXAS VOCATIONAL SCHOOLS                ,TX,77901-0000,Proprietary  ,24,72,96,57,158,215
02259400,AMBERTON UNIVERSITY                     ,TX,75041-0000,Private      ,5,118,123,30,355,385
02261300,EVEREST INSTITUTE                       ,TX,78213-3841,Proprietary  ,78,327,405,254,1012,1266
02261302,EVEREST INSTITUTE - HOUSTON GREENSPOINT ,TX,77060-3249,Proprietary  ,82,294,376,272,1016,1288
02261303,EVEREST INSTITUTE - HOUSTON HOBBY       ,TX,77087-2737,Proprietary  ,85,270,355,237,857,1094
02267100,EXPOSITO SCHOOL OF HAIR DESIGN          ,TX,79109-0000,Proprietary  ,12,31,43,35,94,129
02276000,FRANKLIN BEAUTY SCHOOL #2               ,TX,77021-0000,Proprietary  ,37,130,167,128,395,523
02285900,UNIVERSITY OF COSMETOLOGY ARTS&SCI      ,TX,78504-0000,Proprietary  ,61,145,206,203,370,573
02294800,CAPITOL CITY CAREERS                    ,TX,78745-0000,Proprietary  ,11,76,87,51,303,354
02298501,EVEREST COLLEGE- FORT WORTH             ,TX,76137-2472,Proprietary  ,64,350,414,231,992,1223
02305300,PARKER COLLEGE OF CHIROPRACTIC          ,TX,75229-0000,Private      ,18,178,196,78,1107,1185
02306700,FORT WORTH BEAUTY SCHOOL                ,TX,76116-3299,Proprietary  ,40,137,177,116,372,488
02312200,TEXAS SCHOOL OF BUSINESS                ,TX,77073-6032,Proprietary  ,84,277,361,360,1022,1382
02312201,TEXAS SCHOOL OF BUSINESS - SOUTHWEST CAM,TX,77057-5914,Proprietary  ,33,155,188,135,528,663
02312202,TEXAS SCHOOL OF BUSINESS - FRIENDSWOOD C,TX,77546-8938,Proprietary  ,22,98,120,82,315,397
02312203,TEXAS SCHOOL OF BUSINESS - EAST CAMPUS  ,TX,77029-1916,Proprietary  ,41,141,182,153,508,661
02313901,WESTWOOD COLLEGE - DALLAS               ,TX,75243-0000,Proprietary  ,36,187,223,184,682,866
02315400,NORTHEAST TEXAS COMMUNITY COLLEGE       ,TX,75456-0000,Public       ,484,851,1335,1617,2389,4006
02318200,"KD STUDIO, ACTOR'S CONSERVATORY         ",TX,75207-2111,Proprietary  ,38,90,128,169,322,491
02320200,HOUSTON GRADUATE SCHOOL OF THEOLOGY     ,TX,77092-0000,Private      ,3,79,82,16,286,302
02326000,SAN ANTONIO BEAUTY COLLEGE NO 3         ,TX,78217-0000,Proprietary  ,19,62,81,105,183,288
02331200,BAPTIST MISSIONARY ASSN THEOL SEM       ,TX,75766-0000,Private      ,4,33,37,11,77,88
02331300,INTERACTIVE LEARNING SYSTEMS            ,TX,77502-1201,Proprietary  ,9,119,128,21,214,235
02331301,INTERACTIVE LEARNING SYSTEMS            ,TX,77081-0000,Proprietary  ,22,188,210,83,491,574
02331304,INTERACTIVE LEARNING SYSTEMS            ,TX,77060-0000,Proprietary  ,7,83,90,23,256,279
02341300,PALO ALTO COLLEGE                       ,TX,78224-0000,Public       ,830,1656,2486,5641,7385,13026
02348500,LAMAR STATE COLLEGE-PORT ARTHUR         ,TX,77640-0000,Public       ,304,712,1016,1205,2585,3790
02357700,PAUL MITCHELL THE SCHOOL                ,TX,77043-3412,Proprietary  ,108,252,360,301,701,1002
02358200,LAMAR STATE COLLEGE-ORANGE              ,TX,77630-0000,Public       ,281,668,949,935,2218,3153
02361400,COLLIN COUNTY COMMUNITY COLLEGE         ,TX,75071-0000,Public       ,1821,3294,5115,8260,12722,20982
02362000,UNIVERSAL TECHNICAL INSTITUTE           ,TX,77073-0000,Proprietary  ,782,920,1702,4165,3380,7545
02362800,AUSTIN GRADUATE SCHOOL OF THEOLOGY      ,TX,78752-1333,Private      ,5,36,41,21,158,179
02521200,ARLINGTON CAREER INSTITUTE              ,TX,75050-0000,Proprietary  ,14,111,125,61,359,420
02521800,SEGUIN BEAUTY SCHOOL                    ,TX,78155-0000,Proprietary  ,19,35,54,66,110,176
02527500,HOUSTON TRAINING SCHOOLS                ,TX,77029-0000,Proprietary  ,110,556,666,193,985,1178
02530700,SEBRING CAREER SCHOOLS                  ,TX,77083-1510,Proprietary  ,13,74,87,22,114,136
02548800,SOUTH TEXAS VO-TECH INSTITUTE           ,TX,78596-0000,Proprietary  ,86,112,198,260,310,570
02548802,SOUTH TEXAS VOCATIONAL TECHNICAL INSTITU,TX,78520-8710,Proprietary  ,64,91,155,248,315,563
02549400,SOUTH TEXAS VO-TECH INSTITUTE           ,TX,78501-0000,Proprietary  ,91,163,254,320,547,867
02549402,SOUTH TEXAS VOCATIONAL TECHNICAL INSTITU,TX,78416-1141,Proprietary  ,42,154,196,162,425,587
02555400,UNIV OF TX MD ANDERSON CANCER CTR       ,TX,77030-0000,Public       ,28,166,194,210,805,1015
02567200,OFFICE CAREER CENTER                    ,TX,76180-0000,Proprietary  ,0,0,0,0,1,1
02568100,TEXAS BARBER COLLEGE                    ,TX,77063-3949,Proprietary  ,68,248,316,255,955,1210
02568101,TEXAS BARBER COLLEGES & HAIRSTYLING SCHO,TX,75228-3841,Proprietary  ,26,128,154,37,158,195
02568106,TEXAS BARBER COLLEGES & HAIRSTYLING SCHO,TX,77009-0000,Proprietary  ,34,111,145,44,145,189
02568107,TEXAS BARBER COLLEGES & HAIRSTYLING SCHO,TX,77063-3951,Proprietary  ,19,94,113,26,132,158
02568108,TEXAS BARBER COLLEGES & HAIRSTYLING SCHO,TX,75241-1327,Proprietary  ,30,147,177,41,184,225
02568109,TEXAS BARBER COLLEGES & HAIRSTYLING SCHO,TX,77301-4407,Proprietary  ,6,35,41,9,46,55
02569300,LE CORDON BLEU COLLEGE OF CULINARY ARTS ,TX,78758-3647,Proprietary  ,332,882,1214,1481,3577,5058
02572000,COMPUTER CAREER CENTER                  ,TX,79925-2021,Proprietary  ,256,843,1099,541,1730,2271
02572004,COMPUTER CAREER CENTER - AMARILLO CAMPUS,TX,79101-2404,Proprietary  ,43,145,188,103,426,529
02572005,COMPUTER CAREER CENTER - LUBBOCK CAMPUS ,TX,79414-3517,Proprietary  ,46,166,212,140,563,703
02580100,IVERSON BUSINESS SCH & COURT REPORT     ,TX,76011-1344,Proprietary  ,10,57,67,19,177,196
02591100,CAREER POINT COLLEGE                    ,TX,78201-2027,Proprietary  ,104,712,816,342,2312,2654
02591900,KAPLAN COLLEGE                          ,TX,79907-1525,Proprietary  ,126,325,451,553,1212,1765
02591905,KAPLAN COLLEGE - BROWNSVILLE            ,TX,78521-9905,Proprietary  ,46,151,197,244,500,744
02596400,REDSTONE COLLEGE - LOS ANGELES          ,TX,77061-0000,Proprietary  ,49,104,153,175,327,502
02596500,ATI CAREER TRAINING CENTER              ,TX,76180-1599,Proprietary  ,40,164,204,129,576,705
02596503,ATI- CAREER TRAINING CENTER - HOUSTON (#,TX,77029-1978,Proprietary  ,39,131,170,124,426,550
02596600,ATI-CAREER TRAINING CENTER              ,TX,75220-4443,Proprietary  ,17,121,138,85,415,500
02596601,ATI CAREER TRAINING CENTER - RICHARDSON ,TX,75081-1948,Proprietary  ,11,41,52,34,141,175
02596602,ATI CAREER TRAINING CENTER - DALLAS (STE,TX,75247-6103,Proprietary  ,63,278,341,218,818,1036
02600200,OCEAN CORPORATION (THE)                 ,TX,77099-3479,Proprietary  ,65,298,363,194,845,1039
02604700,CENTER FOR ADVANCED LEGAL STUDIES       ,TX,77098-4151,Proprietary  ,10,129,139,38,451,489
02606202,EVEREST COLLEGE - EVEREST INSTITUTE - BI,TX,77036-8014,Proprietary  ,118,488,606,313,1414,1727
02615000,SANFORD-BROWN COLLEGE                   ,TX,75247-6931,Proprietary  ,140,459,599,477,1745,2222
03009400,SW SCH BUS & TECH CAREERS               ,TX,78212-2840,Proprietary  ,24,102,126,57,198,255
03010604,VIRGINIA COLLEGE - VIRGINIA COLLEGE AT A,TX,78723-0000,Proprietary  ,35,261,296,185,1013,1198
03011800,UNIVERSITY OF COSMETOLOGY ARTS & SCIENCE,TX,78226-1160,Proprietary  ,24,50,74,114,165,279
03019800,PCI HEALTH TRAINING CENTER              ,TX,75247-4720,Proprietary  ,101,310,411,268,784,1052
03021500,SW SCH BUS & TECH CAREERS               ,TX,78852-4859,Proprietary  ,52,84,136,223,224,447
03025000,TEXAS COLLEGE OF COSMETOLOGY            ,TX,79605-2001,Proprietary  ,23,84,107,80,241,321
03025001,TEXAS COLLEGE OF COSMETOLOGY - SAN ANGEL,TX,76903-4708,Proprietary  ,12,24,36,43,101,144
03026500,REMINGTON COLLEGE - HOUSTON CAMPUS      ,TX,77082-1849,Private      ,278,859,1137,855,2608,3463
03026501,REMINGTON COLLEGE - NORTH HOUSTON CAMPUS,TX,77067-1849,Private      ,53,212,265,197,696,893
03026505,REMINGTON COLLEGE - HOUSTON CAMPUS - DAL,TX,75041-9935,Private      ,32,113,145,150,427,577
03026506,REMINGTON COLLEGE - FT. WORTH CAMPUS    ,TX,76112-1280,Private      ,90,323,413,316,1021,1337
03028800,CIRCLE J BEAUTY SCHOOL                  ,TX,77587-3714,Proprietary  ,13,96,109,32,206,238
03030608,UTAH COLLEGE OF MASSAGE THERAPY - TEXAS ,TX,75801-4848,Proprietary  ,40,102,142,82,226,308
03030609,UTAH COLLEGE OF MASSAGE THERAPY - TEXAS ,TX,77040-6307,Proprietary  ,4,17,21,4,17,21
03031408,INTERNATIONAL ACADEMY OF DESIGN & TECHNO,TX,78229-2263,Proprietary  ,32,142,174,270,647,917
03032300,SCHOOL OF AUTOMOTIVE MACHINISTS         ,TX,77055-1803,Proprietary  ,45,84,129,161,322,483
03035200,TINT SCHOOL OF MAKEUP & COSMETOLOGY     ,TX,75229-3734,Proprietary  ,29,88,117,116,340,456
03035300,SOUTHERN CAREERS INSTITUTE              ,TX,78704-5252,Proprietary  ,275,895,1170,657,2280,2937
03035301,SOUTHERN CAREERS INSTITUTE-PHARR        ,TX,78577-2118,Proprietary  ,46,133,179,103,246,349
03035302,SOUTHERN CAREERS INSTITUTE - CORPUS CHRI,TX,78414-2904,Proprietary  ,37,140,177,115,441,556
03035303,SOUTHERN CAREERS INSTITUTE - SAN ANTONIO,TX,78221-4351,Proprietary  ,15,64,79,80,256,336
03035305,SOUTHERN CAREERS INSTITUTE - BROWNSVILLE,TX,78520-8680,Proprietary  ,11,22,33,80,106,186
03035306,SOUTHERN CAREERS INSTITUTE - HARLINGEN  ,TX,78550-7911,Proprietary  ,12,35,47,76,112,188
03035307,SOUTHERN CAREERS INSTITUTE - CORPUS CHRI,TX,78410-1609,Proprietary  ,10,36,46,51,121,172
03061800,STAR COLLEGE OF COSMETOLOGY             ,TX,75702-8214,Proprietary  ,32,92,124,125,282,407
03064600,UNIVERSITY OF TEXAS AT BROWNSVILLE      ,TX,78520-4993,Public       ,794,1500,2294,9026,8409,17435
03073402,ITT TECHNICAL INSTITUTE                 ,TX,75080-2208,Proprietary  ,0,0,0,0,1,1
03075400,ICC TECHNICAL INSTITUTE                 ,TX,77004-2930,Private      ,20,90,110,79,214,293
03076403,BRYMAN SCHOOL OF ARIZONA (THE) - ANTHEM ,TX,75038-4201,Proprietary  ,10,25,35,32,99,131
03079201,WESTWOOD COLLEGE OF TECHNOLOGY          ,TX,76180-0000,Proprietary  ,4,24,28,28,97,125
03103400,SOUTH TEXAS COLLEGE                     ,TX,78501-6699,Public       ,2884,3874,6758,14272,12870,27142
03108700,ROYAL BEAUTY CAREERS                    ,TX,77069-4611,Proprietary  ,58,247,305,128,499,627
03111000,MID-CITIES BARBER COLLEGE               ,TX,75051-4810,Proprietary  ,18,56,74,63,176,239
03115800,KAPLAN COLLEGE                          ,TX,78238-4203,Proprietary  ,76,339,415,317,1117,1434
03115802,KAPLAN COLLEGE - LAREDO                 ,TX,78041-6181,Proprietary  ,56,144,200,155,435,590
03115803,KAPLAN COLLEGE-BEAUMONT                 ,TX,77701-3706,Proprietary  ,50,198,248,173,680,853
03115804,KAPLAN COLLEGE - LUBBOCK                ,TX,79401-2601,Proprietary  ,39,157,196,157,547,704
03128100,ACADEMY OF HEALTH CARE PROFESSIONS      ,TX,77092-8108,Proprietary  ,207,817,1024,511,1962,2473
03144300,NATIONAL BEAUTY COLLEGE                 ,TX,75043-4046,Proprietary  ,11,29,40,21,70,91
03153300,AMER COLL OF ACUPUNCTURE & O.M.         ,TX,77063-4104,Proprietary  ,3,45,48,15,156,171
03156400,ACADEMY OF ORIENTAL MEDICINE AT AUSTIN  ,TX,78757-1132,Proprietary  ,11,93,104,62,340,402
03159300,ARLINGTON MEDICAL INSTITUTE             ,TX,76011-0000,Proprietary  ,35,147,182,175,468,643
03170300,TEXAS A&M UNIVERSITY-TEXARKANA          ,TX,75501-0000,Public       ,210,595,805,1531,2393,3924
03179500,TEXAS COLG TRADITIONAL CHINESE MED      ,TX,78704-6748,Proprietary  ,4,32,36,15,144,159
03189400,COLLEGE OF SAINT THOMAS MORE            ,TX,76109-2323,Private      ,4,15,19,40,91,131
03237400,FARIS COMPUTER SCHOOL                   ,TX,77627-3829,Proprietary  ,0,10,10,1,23,24
03272300,KAPLAN COLLEGE                          ,TX,75234-7288,Proprietary  ,82,452,534,324,1397,1721
03272301,KAPLAN COLLEGE - MIDLAND                ,TX,79703-5531,Proprietary  ,30,101,131,112,382,494
03272303,KAPLAN COLLEGE - ARLINGTON              ,TX,76010-8121,Proprietary  ,79,300,379,269,1018,1287
03275300,TOUCH OF CLASS SCHOOL OF COSM           ,TX,75402-6314,Proprietary  ,12,64,76,42,136,178
03276300,ACADEMY OF HAIR DESIGN                  ,TX,75901-4900,Proprietary  ,31,93,124,88,267,355
03277300,ACADEMY OF HAIR DESIGN                  ,TX,77701-4650,Proprietary  ,17,72,89,64,206,270
03303300,NORTHWEST EDUCATIONAL CENTER            ,TX,77092-7055,Proprietary  ,26,125,151,47,311,358
03371300,TONI&GUY HAIRDRESSING ACADEMY           ,TX,75006-2351,Proprietary  ,48,78,126,152,242,394
03372300,NORTHWEST VISTA COLLEGE                 ,TX,78251-4217,Public       ,1530,2301,3831,9731,10614,20345
03396500,TEXAS STATE TECHNICAL COLG/MARSHALL     ,TX,75672-7402,Public       ,124,204,328,447,643,1090
03400300,CAREER QUEST                            ,TX,78229-3539,Proprietary  ,46,287,333,99,611,710
03412300,ADVANCED BARBER COLLEGE & HAIR DESI     ,TX,78596-0000,Proprietary  ,25,69,94,79,229,308
03416500,DALLAS NURSING INSTITUTE                ,TX,75243-5502,Proprietary  ,74,448,522,362,1715,2077
03422300,MILAN INSTITUTE                         ,TX,78238-4103,Proprietary  ,215,501,716,731,1833,2564
03422400,COLLEGE OF BIBLICAL STUDIES-HOUSTON     ,TX,77036-3211,Private      ,29,319,348,94,1066,1160
03424400,MEDVANCE INSTITUTE                      ,TX,77057-7386,Proprietary  ,119,376,495,321,1141,1462
03426300,CAREER ADVANCEMENT CENTER               ,TX,78752-3630,Proprietary  ,29,134,163,51,300,351
03480304,MEDVANCE INSTITUTE OF BATON ROUGE - GRAN,TX,75050-2342,Proprietary  ,36,100,136,94,330,424
03509400,CORYELL COSMETOLOGY COLLEGE             ,TX,76528-2036,Proprietary  ,0,0,0,1,2,3
03520300,LUBBOCK HAIR ACADEMY                    ,TX,79410-3524,Proprietary  ,12,30,42,49,112,161
03542300,CONCORDE CAREER INSTITUTE               ,TX,76011-4016,Proprietary  ,86,367,453,256,1298,1554
03551400,STATE BEAUTY ACADEMY                    ,TX,75116-3501,Proprietary  ,3,14,17,12,46,58
03556400,KUSSAD INSTITUTE OF COURT REPORTING     ,TX,78704-5712,Proprietary  ,1,20,21,7,68,75
03573300,AVIATION INSTITUTE OF MAINTENANCE       ,TX,75209-3017,Proprietary  ,42,203,245,175,728,903
03610300,MJ'S BEAUTY ACADEMY INC                 ,TX,75224-4425,Proprietary  ,15,65,80,53,148,201
03612400,VALLEY GRANDE INSTITUTE FOR ACADEMI     ,TX,78596-0000,Private      ,32,109,141,108,348,456
03627300,LAMAR INSTITUTE OF TECHNOLOGY           ,TX,77705-4142,Public       ,487,965,1452,2071,3294,5365
03676400,HEALTHY HAIR ACADEMY                    ,TX,75227-0000,Proprietary  ,21,178,199,55,311,366
03680300,JAY'S TECHNICAL INSTITUTE               ,TX,77031-3509,Proprietary  ,17,81,98,52,203,255
03682400,DALLAS BARBER & STYLIST COLLEGE         ,TX,75231-0000,Proprietary  ,48,239,287,150,661,811
03714300,TREND BARBER COLLEGE                    ,TX,77071-2104,Proprietary  ,46,189,235,125,479,604
03723300,CULINARY INST ALAIN & MARIE LENOTRE     ,TX,77022-4322,Proprietary  ,75,194,269,303,632,935
03727600,CULINARY ACADEMY OF AUSTIN              ,TX,78752-0000,Proprietary  ,72,153,225,342,479,821
03731300,INTERNATIONAL RENOWNED BEAUTY ACADE     ,TX,76103-2504,Proprietary  ,14,34,48,32,138,170
03733300,BAPTIST UNIVERSITY OF THE AMERICAS      ,TX,78224-1336,Private      ,24,90,114,123,360,483
03756300,ANAMARC COLLEGE                         ,TX,79930-6230,Proprietary  ,135,578,713,427,1472,1899
03922300,SOUTH TEXAS BARBER COLLEGE              ,TX,78415-3463,Proprietary  ,22,32,54,53,73,126
03944400,PROFESSIONAL CAREERS INSTITUTE          ,TX,77036-2252,Proprietary  ,6,44,50,40,253,293
03944401,PROFESSIONAL CAREERS INSTITUTE          ,TX,77090-3914,Proprietary  ,7,54,61,14,106,120
03970300,HANDS ON THERAPY                        ,TX,75149-2294,Proprietary  ,8,47,55,25,144,169
03987300,TEXAS HEALTH SCHOOL                     ,TX,77079-2106,Proprietary  ,51,180,231,240,727,967
04036300,SOUTHEAST TEXAS CAREER INSTITUTE        ,TX,77656-8601,Proprietary  ,26,46,72,60,117,177
04045300,NORTHWEST BEAUTY SCHOOL                 ,TX,77091-1208,Proprietary  ,18,74,92,62,192,254
04045400,MAI-TRIX BEAUTY COLLEGE                 ,TX,77040-0000,Proprietary  ,15,78,93,59,188,247
04082300,PROFESSIONAL CAREER TRAINING INSTITUTE  ,TX,77090-0000,Proprietary  ,9,95,104,30,265,295
04089400,CCI TRAINING CENTER                     ,TX,76011-4857,Proprietary  ,21,149,170,63,350,413
04117900,CHAMPION BEAUTY COLLEGE                 ,TX,77069-4611,Proprietary  ,22,116,138,68,317,385
04121800,CRISWELL COLLEGE                        ,TX,75246-1537,Private      ,22,83,105,98,286,384
04125400,ACADEMY AT AUSTIN (THE)                 ,TX,78660-3287,Proprietary  ,48,73,121,95,208,303
04125500,MANUEL AND THERESA'S SCHOOL OF HAIR DESI,TX,77803-3236,Proprietary  ,14,39,53,32,78,110
04129800,MEDIATECH INSTITUTE DALLAS              ,TX,75039-3105,Proprietary  ,40,67,107,152,284,436
04129801,MEDIATECH INSTITUTE - AUSTIN            ,TX,78704-8933,Proprietary  ,23,57,80,111,208,319
04129802,MEDIATECH INSTITUTE HOUSTON             ,TX,77042-4712,Proprietary  ,43,78,121,116,225,341
04131700,SOUTHWEST CAREER COLLEGE                ,TX,79925-6230,Proprietary  ,185,504,689,728,1625,2353
04135600,CANNON INSTITUTE OF HIGHER LEARNING     ,TX,75247-9998,Proprietary  ,3,29,32,12,87,99
04136500,PCCENTER                                ,TX,75115-4214,Proprietary  ,6,31,37,17,75,92
04138500,CARDIOTECH ULTRASOUND SCHOOL            ,TX,77099-1440,Proprietary  ,27,180,207,110,584,694
04142300,AVEDA INSTITUTE SAN ANTONIO             ,TX,78215-1260,Proprietary  ,71,206,277,288,608,896
04146700,AVIATION INSTITUTE OF MAINTENANCE       ,TX,77061-4004,Proprietary  ,76,160,236,186,476,662
04146800,SOUTH TEXAS TRAINING CENTER             ,TX,78586-7721,Proprietary  ,16,71,87,34,141,175
04152700,ASTRODOME CAREER CENTERS                ,TX,77054-2678,Proprietary  ,16,74,90,47,204,251
04154800,DUVALL'S SCHOOL OF COSMETOLOGY          ,TX,76021-4159,Proprietary  ,11,42,53,35,102,137
04155800,ADVANCED BEAUTY COLLEGE                 ,TX,75061-1918,Proprietary  ,10,38,48,24,93,117
04158500,TEXAS BEAUTY COLLEGE                    ,TX,76117-3201,Proprietary  ,2,31,33,7,64,71
04160700,AVENUE FIVE INSTITUTE                   ,TX,78757-7000,Proprietary  ,52,124,176,178,375,553
04161100,CORPUS CHRISTI BEAUTY ACADEMY           ,TX,78412-3900,Proprietary  ,16,45,61,65,136,201
04165800,SALON PROFESSIONAL ACADEMY (THE)        ,TX,75067-5390,Proprietary  ,18,22,40,43,108,151
04168700,LAWYER'S ASSISTANT SCHOOL OF DALLAS     ,TX,75201-2829,Proprietary  ,14,118,132,46,360,406
04168800,ABC BEAUTY ACADEMY                      ,TX,75042-8682,Proprietary  ,7,46,53,21,90,111
04169000,SALON & SPA INSTITUTE                   ,TX,78521-1727,Proprietary  ,23,47,70,62,115,177
04169100,DIAMONDS COSMETOLOGY COLLEGE            ,TX,75090-2657,Proprietary  ,5,31,36,24,87,111
04177900,BUCKNER BARBER SCHOOL                   ,TX,75217-1775,Proprietary  ,16,91,107,54,211,265
04178200,VOGUE COLLEGE - SAN ANTONIO             ,TX,78201-5035,Proprietary  ,16,68,84,80,169,249
04178300,VOGUE BEAUTY ACADEMY                    ,TX,78238-4402,Proprietary  ,21,75,96,117,208,325
04178400,VOGUE COLLEGE - MCALLEN                 ,TX,78501-1945,Proprietary  ,13,48,61,76,171,247
04179500,NORTH AMERICAN COLLEGE                  ,TX,77038-0000,Private      ,59,80,139,210,243,453
04184800,EXCEL LEARNING CENTER                   ,TX,79907-1400,Proprietary  ,6,73,79,14,125,139
04193000,RGV CAREERS AN INSTITUTE FOR HIGHER LEAR,TX,78577-2106,Proprietary  ,8,64,72,15,110,125
04205200,WADE GORDON HAIRDRESSING ACADEMY        ,TX,79121-0548,Proprietary  ,16,37,53,32,101,133
04213300,SPA PROFESSIONALS ACADEMY (THE)         ,TX,78504-2569,Proprietary  ,5,39,44,5,39,44
00367000,BRIGHAM YOUNG UNIVERSITY                ,UT,84602-8406,Private      ,1890,3354,5244,14847,12749,27596
00367100,DIXIE STATE COLLEGE OF UTAH             ,UT,84770-3876,Public       ,1023,1582,2605,5009,5056,10065
00367200,LDS BUSINESS COLLEGE                    ,UT,84101-3500,Private      ,385,425,810,1309,1212,2521
00367400,STEVENS HENAGER COLLEGE                 ,UT,84401-1420,Proprietary  ,489,3502,3991,1543,12624,14167
00367500,UNIVERSITY OF UTAH                      ,UT,84112-9055,Public       ,2045,3929,5974,14660,18638,33298
00367600,UTAH STATE UNIVERSITY - COLLEGE OF EASTE,UT,84501-2699,Public       ,160,218,378,736,678,1414
00367700,UTAH STATE UNIVERSITY                   ,UT,84322-1400,Public       ,1923,3159,5082,11828,12732,24560
00367800,SOUTHERN UTAH UNIVERSITY                ,UT,84720-2470,Public       ,815,981,1796,5626,3650,9276
00367900,SNOW COLLEGE                            ,UT,84627-1299,Public       ,476,331,807,2874,1112,3986
00368000,WEBER STATE UNIVERSITY                  ,UT,84408-1136,Public       ,1605,3140,4745,8057,13366,21423
00368100,WESTMINSTER COLLEGE                     ,UT,84105-3697,Private      ,193,471,664,2879,2056,4935
00402700,UTAH VALLEY UNIVERSITY                  ,UT,84058-5999,Public       ,2672,5687,8359,10123,17999,28122
00522000,SALT LAKE COMMUNITY COLLEGE             ,UT,84123-0000,Public       ,2665,5611,8276,9515,19749,29264
00732953,ITT TECHNICAL INSTITUTE                 ,UT,84123-2500,Proprietary  ,161,620,781,376,1510,1886
00943300,SHERMAN KENDALL'S ACADEMY OF BEAUTY     ,UT,84106-1836,Proprietary  ,19,34,53,37,102,139
01009800,NEUMONT UNIVERSITY                      ,UT,84095-0000,Proprietary  ,41,24,65,729,130,859
01116500,UINTAH BASIN APPLIED TECHNOLOGY CLG     ,UT,84066-0000,Public       ,7,48,55,29,140,169
01116600,BROADVIEW UNIVERSITY                    ,UT,84088-4021,Proprietary  ,145,368,513,429,1357,1786
02078800,SHERMAN KENDALL'S ACADEMY OF BEAUTY     ,UT,84047-0000,Proprietary  ,5,22,27,12,47,59
02115400,BRIDGERLAND APPLIED TECHNOLOGY COLLEGE  ,UT,84321-0000,Public       ,102,304,406,434,1073,1507
02156600,DAVIS APPLIED TECHNOLOGY COLLEGE        ,UT,84037-0000,Public       ,133,441,574,501,1632,2133
02178500,EAGLE GATE COLLEGE                      ,UT,84123-0000,Proprietary  ,86,428,514,217,1528,1745
02270800,AMERITECH COLLEGE                       ,UT,84604-6927,Proprietary  ,81,795,876,230,1871,2101
02270802,AMERITECH COLLEGE - DRAPER              ,UT,84020-6545,Proprietary  ,20,179,199,62,563,625
02298500,EVEREST COLLEGE                         ,UT,84119-2668,Proprietary  ,50,256,306,155,947,1102
02346500,OGDEN-WEBER APPLIED TECHNOLOGY COLG     ,UT,84404-0000,Public       ,164,590,754,566,2164,2730
02360800,PROVO COLLEGE                           ,UT,84601-0000,Proprietary  ,77,250,327,238,774,1012
02504001,MARINELLO SCHOOL OF BEAUTY - MAIN STREET,UT,84041-3002,Proprietary  ,0,2,2,11,23,34
02531800,VON CURTIS ACADEMY OF HAIR DESIGN       ,UT,84606-0000,Proprietary  ,275,374,649,709,933,1642
02556800,PAUL MITCHELL THE SCHOOL                ,UT,84117-7204,Proprietary  ,81,160,241,186,423,609
02556801,PAUL MITCHELL THE SCHOOL                ,UT,84780-0000,Proprietary  ,13,26,39,59,66,125
02557700,PREMIER HAIR ACADEMY                    ,UT,84120-3603,Proprietary  ,0,0,0,5,18,23
02572700,EVANS HAIRSTYLING COLLEGE               ,UT,84770-0000,Proprietary  ,11,8,19,44,42,86
02572800,VISTA COLLEGE                           ,UT,84015-0000,Proprietary  ,13,114,127,26,372,398
02573100,EVANS HAIRSTYLING COLLEGE               ,UT,84720-0000,Proprietary  ,18,15,33,42,54,96
02612200,MARINELLO SCHOOL OF BEAUTY              ,UT,84604-1585,Proprietary  ,20,29,49,91,119,210
03030600,UTAH COLLEGE OF MASSAGE THERAPY         ,UT,84111-1606,Proprietary  ,111,245,356,243,542,785
03030601,UTAH CLG OF MASSAGE THER-PROVO CMPS     ,UT,84042-0000,Proprietary  ,24,35,59,57,124,181
03082100,MYOTHERAPY COLLEGE OF UTAH              ,UT,84115-2522,Proprietary  ,10,39,49,23,120,143
03108200,ECHELON EDGE ACADEMY OF HAIR SKIN & NAIL,UT,84070-2004,Proprietary  ,12,27,39,37,71,108
03110400,HAIRITAGE HAIR ACADEMY                  ,UT,84770-5233,Proprietary  ,7,17,24,39,60,99
03339400,WESTERN GOVERNORS UNIVERSITY            ,UT,84107-2533,Private      ,355,13957,14312,1214,42194,43408
03413300,MOUNTAINLAND APPLIED TECHNOLOGY COLLEGE ,UT,84058-5857,Public       ,80,198,278,306,735,1041
03463300,CAREERS UNLIMITED                       ,UT,84058-0000,Proprietary  ,28,45,73,68,187,255
03467308,MARINELLO SCHOOL OF BEAUTY - OGDEN      ,UT,84405-1501,Proprietary  ,18,57,75,60,196,256
03467309,MARINELLO SCHOOL OF BEAUTY - LAYTON     ,UT,84041-3002,Proprietary  ,22,50,72,57,132,189
03617300,HEALING MOUNTAIN MASSAGE SCHOOL         ,UT,84111-0000,Proprietary  ,14,42,56,45,138,183
03829500,SKINWORKS SCHOOL OF ADVANCED SKINCARE   ,UT,84115-0000,Proprietary  ,11,44,55,35,121,156
03838300,NIGHTINGALE COLL. SCH. OF NURSING SCH. O,UT,84403-0000,Proprietary  ,8,42,50,29,164,193
03902300,RENAISSANCE SCHOOL OF THERAPEUTIC MASSAG,UT,84010-2835,Proprietary  ,2,8,10,7,27,34
03909300,MAXIMUM STYLE TEC SCHOOL OF COSMETOLOGY ,UT,84323-4679,Proprietary  ,9,21,30,47,80,127
03921300,CAMEO COLLEGE OF ESSENTIAL BEAUTY       ,UT,84115-0000,Proprietary  ,39,161,200,95,370,465
04054300,SOUTHWEST APPLIED TECHNOLOGY COLLEGE    ,UT,84720-6608,Public       ,26,96,122,98,286,384
04072300,AVEDA INSTITUTE PROVO                   ,UT,84604-1008,Proprietary  ,31,46,77,95,148,243
04118100,IMAGEWORKS ACADEMY OF HAIR DESIGN       ,UT,84660-1210,Proprietary  ,4,29,33,13,81,94
04121700,DIXIE APPLIED TECHNOLOGY COLLEGE        ,UT,84770-3025,Public       ,34,141,175,188,428,616
04142100,SKIN INSTITUTE (THE)                    ,UT,84770-6452,Proprietary  ,5,19,24,23,70,93
04145500,SKIN SCIENCE INSTITUTE (THE)            ,UT,84115-0000,Proprietary  ,16,61,77,38,163,201
04153000,RENAISSANCE ACADEMIE                    ,UT,84604-0000,Proprietary  ,9,16,25,46,58,104
04161900,MANDALYN ACADEMY                        ,UT,84003-2161,Proprietary  ,4,15,19,8,63,71
04165500,ACAYDIA SCHOOL OF AESTHETICS            ,UT,84601-0000,Proprietary  ,7,23,30,31,73,104
04169900,AMERICAN BEAUTY ACADEMY                 ,UT,84651-0000,Proprietary  ,11,13,24,32,41,73
04173200,TAYLOR ANDREWS ACADEMY OF HAIR DESIGN   ,UT,84088-6577,Proprietary  ,24,56,80,81,165,246
04184200,TAYLOR ANDREWS ACADEMY-ST. GEORGE       ,UT,84790-2139,Proprietary  ,20,23,43,70,101,171
04192700,BARBER SCHOOL (THE)                     ,UT,84047-3723,Proprietary  ,7,34,41,23,92,115
04193200,ROCKY MOUNTAIN UNIVERSITY OF HEALTH PROF,UT,84606-7312,Proprietary  ,8,48,56,22,255,277
04210300,MEDSPA ACADEMIES                        ,UT,84095-3519,Proprietary  ,13,52,65,30,122,152
00368200,BENNINGTON COLLEGE                      ,VT,05201-6001,Private      ,21,30,51,1206,277,1483
00368300,CASTLETON STATE COLLEGE                 ,VT,05735-0000,Public       ,176,76,252,3433,503,3936
00368400,CHAMPLAIN COLLEGE                       ,VT,05401-3950,Private      ,134,258,392,3906,1246,5152
00368402,WOODBURY COLLEGE                        ,VT,05602-0000,Private      ,0,2,2,3,11,14
00368500,COLLEGE OF ST JOSEPH                    ,VT,05701-3899,Private      ,24,59,83,135,230,365
00368600,GODDARD COLLEGE                         ,VT,05667-0000,Private      ,12,170,182,66,931,997
00368700,GREEN MOUNTAIN COLLEGE                  ,VT,05764-1199,Private      ,73,74,147,1012,243,1255
00368800,JOHNSON STATE COLLEGE                   ,VT,05656-9898,Public       ,140,183,323,1509,970,2479
00368900,LYNDON STATE COLLEGE                    ,VT,05851-0919,Public       ,124,75,199,2176,395,2571
00369000,MARLBORO COLLEGE                        ,VT,05344-0300,Private      ,13,34,47,363,120,483
00369100,MIDDLEBURY COLLEGE                      ,VT,05753-0000,Private      ,80,20,100,4469,544,5013
00369200,NORWICH UNIVERSITY                      ,VT,05663-1035,Private      ,112,298,410,3233,1357,4590
00369300,SOUTHERN VERMONT COLLEGE                ,VT,05201-6002,Private      ,44,42,86,760,240,1000
00369400,ST MICHAELS COLLEGE                     ,VT,05439-0001,Private      ,64,45,109,4091,233,4324
00369600,UNIVERSITY OF VERMONT                   ,VT,05405-0160,Public       ,287,291,578,19108,3323,22431
00369700,VERMONT COLLEGE OF FINE ARTS            ,VT,05602-3128,Private      ,3,85,88,26,471,497
00369800,VERMONT TECHNICAL COLLEGE               ,VT,05061-0000,Public       ,112,127,239,1301,880,2181
00857500,SALON PROFESSIONAL ACADEMY (THE)        ,VT,05495-4001,Proprietary  ,14,20,34,55,77,132
00865800,O'BRIENS AVEDA INSTITUTE                ,VT,05403-7747,Proprietary  ,15,27,42,58,93,151
00886000,SIT                                     ,VT,05301-4801,Private      ,10,65,75,171,565,736
01116700,COMMUNITY COLLEGE OF VERMONT            ,VT,05676-0000,Public       ,576,1250,1826,1815,4299,6114
01193400,VERMONT LAW SCHOOL                      ,VT,05068-0000,Private      ,0,103,103,4,1094,1098
01218300,BURLINGTON COLLEGE                      ,VT,05401-8477,Private      ,27,49,76,320,199,519
02143500,STERLING COLLEGE                        ,VT,05827-0000,Private      ,10,7,17,135,41,176
02254000,NEW ENGLAND CULINARY INSTITUTE          ,VT,05602-0000,Proprietary  ,53,53,106,447,232,679
02532600,LANDMARK COLLEGE                        ,VT,05346-0000,Private      ,64,20,84,507,94,601
03708300,BURLINGTON TECHNICAL CENTER             ,VT,05401-2721,Public       ,4,12,16,17,35,52
04146900,ADVANCED WELDING INSTITUTE              ,VT,05403-0000,Proprietary  ,6,18,24,28,39,67
00392800,CASPER COLLEGE                          ,WY,82601-4612,Public       ,280,511,791,1384,1719,3103
00392900,EASTERN WYOMING COLLEGE                 ,WY,82240-1603,Public       ,81,157,238,504,441,945
00393000,SHERIDAN COLLEGE                        ,WY,82801-9133,Public       ,187,289,476,1084,1218,2302
00393100,NORTHWEST COLLEGE                       ,WY,82435-1895,Public       ,170,190,360,976,669,1645
00393200,UNIVERSITY OF WYOMING                   ,WY,82071-3663,Public       ,778,1005,1783,7312,4931,12243
00393300,WESTERN WYOMING COMMUNITY COLLEGE       ,WY,82902-0000,Public       ,227,334,561,1009,1109,2118
00728900,CENTRAL WYOMING COLLEGE                 ,WY,82501-0000,Public       ,113,269,382,605,908,1513
00915700,WYOMING TECHNICAL INSTITUTE             ,WY,82072-9519,Proprietary  ,376,290,666,1680,958,2638
00925900,LARAMIE COUNTY COMMUNITY CLG            ,WY,82007-3299,Public       ,278,502,780,1589,2165,3754
02211900,CHEEKS INTERNATIONAL ACDMY              ,WY,82001-0000,Proprietary  ,20,46,66,61,131,192
00393500,UNIV OF GUAM                            ,GU,96923-0000,Public       ,753,543,1296,2485,1725,4210
01536100,GUAM COMMUNITY COLLEGE                  ,GU,96921-0000,Public       ,600,457,1057,1605,1512,3117
03438300,PACIFIC ISLANDS UNIVERSITY              ,GU,96913-2619,Private      ,37,26,63,89,107,196
00393600,PONTIFICAL CATHOLIC UNIV OF PR          ,PR,00717-0777,Private      ,1113,1986,3099,6919,5322,12241
00393700,UNIVERSITY OF THE SACRED HEART          ,PR,00914-0383,Private      ,814,989,1803,4227,2584,6811
00393800,INTER-AMER UNIV PR-CNTRL ADMN           ,PR,00936-0000,Private      ,951,2027,2978,3810,5821,9631
00393801,INTER-AMER UNIV PR SCHL LAW             ,PR,00936-8351,Private      ,10,61,71,45,310,355
00393802,INTER AMERICAN UNIVERSITY OF PUERTO RICO,PR,00926-0000,Private      ,170,436,606,1281,1333,2614
00393803,INTER AMERICAN UNIVERSITY OF PR         ,PR,00683-0000,Private      ,1041,760,1801,3934,1876,5810
00393804,INTER-AMER UNIV PR-RECINTO AGUADILA     ,PR,00605-2000,Private      ,715,880,1595,3037,2222,5259
00393805,INTER-AMER UNIV PR-ARECIBO CAMPUS       ,PR,00614-4050,Private      ,664,891,1555,3286,2621,5907
00393806,INTER-AMER UNIV PR-BARRANQUITAS REG     ,PR,00794-0517,Private      ,289,295,584,1588,860,2448
00393807,INTER-AMER UNIV PR-FAJARDO REGIONAL     ,PR,00738-0000,Private      ,375,402,777,1427,1106,2533
00393808,INTER-AMER UNIV PR - GUAYAMA CAMPUS     ,PR,00785-4004,Private      ,320,509,829,1177,1372,2549
00393809,INTER-AMER UNIV PR-PONCE REGIONAL       ,PR,00715-0000,Private      ,654,1098,1752,3676,3247,6923
00393811,INTER-AMER UNIV PR-BAYAMON REG CLG      ,PR,00959-0000,Private      ,935,701,1636,4308,1923,6231
00394100,COLEGIO UNIVERSITARIO DEL ESTE          ,PR,00983-0000,Private      ,1917,2954,4871,7337,7811,15148
00394200,UNIVERSITY OF PR-CENTRAL ADMINISTRATION ,PR,00936-4984,Public       ,34,66,100,472,259,731
00394300,UNIVERSITY OF PUERTO RICO - HUMACAO UNIV,PR,00791-4300,Public       ,287,137,424,3415,601,4016
00394400,UNIVERSITY OF PUERTO RICO - MAYAGUEZ    ,PR,00680-0000,Public       ,545,317,862,9444,2172,11616
00501900,UNIV ADVENTISTA DE LAS ANTILLAS         ,PR,00681-0118,Private      ,243,185,428,951,486,1437
00502200,BAYAMON CENTRAL UNIVERSITY              ,PR,00960-0000,Private      ,214,322,536,1139,1101,2240
00710800,UNIVERSITY OF PUERTO RICO - RIO PIEDRAS ,PR,00931-3300,Public       ,558,526,1084,8886,3356,12242
00720600,UNIVERSITY OF PUERTO RICO - CAYEY UNIVER,PR,00736-5534,Public       ,81,54,135,3645,559,4204
00722800,UNIVERSITY OF PUERTO RICO - ARECIBO     ,PR,00614-4010,Public       ,179,99,278,3732,647,4379
00890200,COLUMBIA CENTRO UNIVERSITARIO           ,PR,00726-0000,Proprietary  ,427,429,856,1121,1140,2261
00965200,"UNIVERSITY OF PUERTO RICO, PONCE TECH UN",PR,00716-0000,Public       ,137,74,211,3548,576,4124
01056700,COLEGIO TECNOLOGICO DE SAN JUAN         ,PR,00918-2973,Public       ,163,220,383,800,956,1756
01072400,CARLOS ALBIZU UNIVERSITY                ,PR,00902-3711,Private      ,20,132,152,124,860,984
01081900,CONSERVATORIO DE MUSICA DE PUERTO RICO  ,PR,00907-3373,Public       ,60,32,92,334,117,451
01092200,UNIVERSITY OF PUERTO RICO - UTUADO      ,PR,00641-2500,Public       ,134,30,164,1457,252,1709
01097500,UNIVERSITY OF PUERTO RICO BAYAMON TECHNI,PR,00959-1911,Public       ,252,133,385,4800,813,5613
01120300,RYDER MEMORIAL HOSP SCH OF NURSING      ,PR,00792-0000,Private      ,12,9,21,33,14,47
01171900,UNIVERSIDAD DEL TURABO                  ,PR,00778-0000,Private      ,1941,4405,6346,8330,10137,18467
01194000,ICPR JUNIOR COLLEGE                     ,PR,00919-0000,Proprietary  ,700,862,1562,1176,1351,2527
01194100,AMERICAN UNIVERSITY OF PUERTO RICO      ,PR,00960-2037,Private      ,245,193,438,849,615,1464
01194101,AMERICAN UNIVERSITY OF PUERTO RICO      ,PR,00674-0000,Private      ,209,197,406,659,538,1197
01212300,"UNIVERSITY OF PUERTO RICO, AGUADILLA REG",PR,00604-0160,Public       ,204,69,273,2862,587,3449
01252500,CARIBBEAN UNIVERSITY                    ,PR,00960-0493,Private      ,763,1123,1886,2546,3131,5677
02063100,MBTI BUSINESS TRNG INSTITUTE            ,PR,00907-3917,Proprietary  ,540,1635,2175,804,2619,3423
02100000,POLYTECHNIC UNIVERSITY OF PR            ,PR,00917-0000,Private      ,384,518,902,2555,2069,4624
02163300,UNIVERSIDAD CENTRAL DEL CARIBE          ,PR,00960-0000,Private      ,41,143,184,234,446,680
02165100,EDP COLLEGE OF PUERTO RICO              ,PR,00919-0000,Private      ,453,729,1182,822,1496,2318
02166000,CENTER FOR ADVANCED STUDIES OF PUER     ,PR,00902-0000,Private      ,0,135,135,10,220,230
02166400,INSTITUTO DE BANCA Y COMERCIO           ,PR,00925-0000,Proprietary  ,3645,3923,7568,7755,8942,16697
02170300,INST EDUC TECNIA OCUP LA REINA          ,PR,00674-0000,Proprietary  ,129,143,272,227,252,479
02189100,CENTRO DE ESTUDIOS MULTIDISCIPLIN       ,PR,00926-0000,Private      ,875,960,1835,1449,1724,3173
02189300,EMMA'S BEAUTY ACADEMY                   ,PR,00680-0000,Proprietary  ,85,46,131,207,122,329
02195400,MODERN HAIRSTYLING INSTITUTE            ,PR,00961-0000,Proprietary  ,492,287,779,610,361,971
02195500,MODERN HAIRSTYLING INSTITUTE            ,PR,00612-0000,Proprietary  ,2,4,6,6,12,18
02195800,LICEO E ARTE Y TECNOLGIA                ,PR,00919-0000,Proprietary  ,184,216,400,550,577,1127
02195900,MODERN HAIRSTYLING INSTITUTE            ,PR,00980-0000,Proprietary  ,2,0,2,11,7,18
02234900,ANTILLES SCHOOL OF TECH CAREERS         ,PR,00909-3006,Proprietary  ,84,113,197,151,167,318
02241901,COMMONWEALTH OF PR DEPT OF EDUC - CARLOS,PR,00986-0000,Public       ,2,3,5,8,15,23
02241902,COMMONWEALTH OF PR DEPT OF EDUC - TOMAS ,PR,00613-0000,Public       ,0,1,1,2,6,8
02241904,COMMONWEALTH OF PR DEPT OF EDUC - ITPR R,PR,00655-0000,Public       ,158,150,308,556,404,960
02241905,COMMONWEALTH OF PR DEPT OF EDUC - JOSE A,PR,00674-0000,Public       ,5,2,7,37,23,60
02241907,COMMONWEALTH OF PR DEPT OF EDUC - ITPR R,PR,00928-0000,Public       ,57,67,124,340,292,632
02241908,COMMONWEALTH OF PR DEPT OF EDUC - ITPR R,PR,00732-0000,Public       ,72,69,141,462,328,790
02241909,COMMONWEALTH OF PR DEPT OF EDUC - TROQUE,PR,00959-0000,Public       ,31,8,39,72,18,90
02241910,COMMONWEALTH OF PR DEPT OF EDUC - ITPR R,PR,00701-1091,Public       ,31,19,50,678,313,991
02260600,NATIONAL COLLEGE OF BUSINESS & TECH     ,PR,00960-2036,Proprietary  ,1109,2337,3446,3609,6406,10015
02260800,HUERTAS JUNIOR COLLEGE                  ,PR,00726-0000,Proprietary  ,367,518,885,949,1092,2041
02297700,AUTOMECA TECHNICAL COLLEGE              ,PR,00957-0000,Proprietary  ,513,368,881,1052,691,1743
02303800,AMERICAN EDUCATIONAL COLLEGE            ,PR,00961-0000,Proprietary  ,123,240,363,224,383,607
02335500,COLEGIO BIBLICO PENTECOSTAL DE PR       ,PR,00978-0000,Private      ,3,47,50,20,170,190
02340600,HUMACAO COMMUNITY COLLEGE               ,PR,00792-0000,Private      ,161,161,322,420,517,937
02343600,INSTITUTE OF BEAUTY CAREERS             ,PR,00613-0000,Proprietary  ,126,82,208,379,325,704
02460000,UNIVERSITY OF PUERTO RICO - MEDICAL SCIE,PR,00936-0000,Public       ,45,253,298,991,1563,2554
02482400,PONCE SCHOOL OF MEDICINE AND HEALTH SCIE,PR,00716-2347,Private      ,9,78,87,97,742,839
02502400,SERBIA'S SCHOOL OF BEAUTY CULTURE       ,PR,00785-0000,Proprietary  ,63,80,143,125,172,297
02504500,INSTITUCION CHAVIANO DE MAYAGUEZ        ,PR,00708-0000,Proprietary  ,15,59,74,25,83,108
02505400,ATLANTIC COLLEGE                        ,PR,00970-0000,Private      ,562,192,754,1188,395,1583
02534900,PONCE PARAMEDICAL COLLEGE (POPAC)       ,PR,00731-0000,Proprietary  ,791,642,1433,1805,1421,3226
02552300,COLEGIO MAYOR DE TECHNOLOGIA            ,PR,00714-0000,Proprietary  ,97,74,171,170,187,357
02562500,INTERNATIONAL TECHNICAL COLLEGE         ,PR,00918-0000,Proprietary  ,40,49,89,59,78,137
02563500,ROGIES SCHOOL OF BEAUTY CULTURE         ,PR,00910-0000,Proprietary  ,31,25,56,91,105,196
02569400,ESCUELA DE ARTES PLASTICAS              ,PR,00902-1112,Public       ,101,45,146,432,163,595
02570400,EDUCATIONAL TECHNICAL COLLEGE           ,PR,00925-3404,Proprietary  ,207,353,560,443,729,1172
02576100,ESCUELA TECNICA DE ELECTRICIDAD         ,PR,00731-0000,Proprietary  ,85,93,178,234,279,513
02587500,UNIVERSIDAD METROPOLITANA               ,PR,00928-0000,Private      ,1842,3659,5501,6590,8416,15006
02588600,SEMINARIO EVANGELICO DE PUERTO RICO     ,PR,00925-0000,Private      ,0,22,22,1,50,51
02593700,HISPANIC AMERICAN COLLEGE               ,PR,00725-0000,Proprietary  ,122,202,324,160,230,390
03016000,UNIVERSITY OF PUERTO RICO CAROLINA REGIO,PR,00985-0000,Public       ,246,143,389,3620,779,4399
03021900,EDIC COLLEGE                            ,PR,00726-0000,Proprietary  ,425,548,973,1124,1059,2183
03025500,MECH TECH COLLEGE                       ,PR,00725-6118,Proprietary  ,893,641,1534,2553,1550,4103
03025900,"LICEO DE ARTE, DISENOS Y COMERCIO       ",PR,00726-0000,Proprietary  ,90,127,217,214,241,455
03029700,"UNIVERSAL TECHNOLOGY CLG OF PR, INC     ",PR,00605-1955,Private      ,225,391,616,464,894,1358
03061900,COLEGIO TECHNOLOGICO Y COMERCIAL        ,PR,00602-0960,Proprietary  ,19,27,46,27,42,69
03068400,STAR BEAUTY ACADEMY                     ,PR,00961-6312,Proprietary  ,16,49,65,18,51,69
03070500,D'MART INSTITUTE                        ,PR,00794-3517,Proprietary  ,182,263,445,569,868,1437
03075600,EMMA'S BEAUTY ACADEMY                   ,PR,00795-0000,Proprietary  ,160,90,250,350,182,532
03085700,PROFESSIONAL TECHNICAL INSTITUTION      ,PR,00960-7061,Proprietary  ,56,71,127,178,190,368
03104400,PROFESSIONAL ELECTRIC SCHOOL            ,PR,00674-1797,Proprietary  ,18,19,37,34,31,65
03106900,ESCUELA DE PERITOS ELECTRICITAS         ,PR,00662-0457,Proprietary  ,10,21,31,32,49,81
03112100,JOHN DEWEY COLLEGE                      ,PR,00915-9538,Private      ,1044,2105,3149,1619,3373,4992
03112101,JOHN DEWEY COLLEGE                      ,PR,00986-0000,Private      ,216,351,567,444,742,1186
03112102,JOHN DEWEY COLLEGE-BAYAMON CAMPUS       ,PR,00959-0000,Private      ,98,201,299,166,291,457
03112104,JOHN DEWEY COLLEGE - YABUCOA LRNING SITE,PR,00767-0767,Private      ,56,110,166,104,217,321
03112105,JOHN DEWEY COLLEGE - FAJARDO BRANCH     ,PR,00738-0738,Private      ,41,54,95,105,169,274
03112106,JOHN DEWEY COLLEGE - ARROYO BRANCH      ,PR,00714-0714,Private      ,1,0,1,5,5,10
03112107,JOHN DEWEY COLLEGE - JUANA DIAZ BRANCH  ,PR,00795-0000,Private      ,95,120,215,156,208,364
03112108,JOHN DEWEY COLLEGE - HATILLO CAMPUS     ,PR,00659-0000,Private      ,76,131,207,102,156,258
03112109,JOHN DEWEY COLLEGE - MANATI             ,PR,00674-0000,Private      ,199,349,548,237,402,639
03115900,TRINITY COLLEGE OF PUERTO RICO          ,PR,00734-0000,Private      ,54,81,135,111,150,261
03122500,ACADEMIA SERRANT INC.                   ,PR,00717-1568,Proprietary  ,75,93,168,137,171,308
03123100,GLOBELLE TECHNICAL INSTITUTE            ,PR,00693-4218,Proprietary  ,57,41,98,86,65,151
03124200,NOVA COLLEGE DE PUERTO RICO             ,PR,00960-4016,Proprietary  ,53,86,139,106,176,282
03157600,"COLEGIO DE CINEMATOGRAFIA, ARTES Y TELEV",PR,00961-6345,Proprietary  ,308,177,485,666,375,1041
03177300,SAN JUAN BAUTISTA SCH OF MEDICINE       ,PR,00726-0000,Private      ,6,32,38,30,285,315
03326300,UNIVERSAL CAREER COMMUNITY COLLEGE      ,PR,00907-0000,Proprietary  ,0,0,0,7,11,18
03336300,CENTURY COLLEGE                         ,PR,00603-0000,Proprietary  ,42,58,100,102,106,208
03414300,MONTECLARO                              ,PR,00745-9612,Private      ,6,7,13,23,40,63
03452300,INSTITUTO PRE-VOCACIONAL E INDUSTRI     ,PR,00613-1800,Private      ,52,92,144,59,101,160
03469300,IVAEM COLLEGE                           ,PR,00725-0000,Proprietary  ,35,29,64,113,62,175
03531300,UNIVERSIDAD PENTECOSTAL MIZPA           ,PR,00928-0966,Private      ,4,120,124,23,307,330
03544300,ATENAS COLLEGE                          ,PR,00674-0000,Private      ,216,210,426,1002,933,1935
03552300,LESTON COLLEGE                          ,PR,00961-6309,Proprietary  ,54,63,117,77,97,174
03585300,CENTRO DE CAPACITACION Y ASESORAMIE     ,PR,00612-0000,Private      ,1,2,3,7,27,34
03608300,CARIBBEAN FORENSIC & TECHNICAL COLL     ,PR,00926-0000,Proprietary  ,20,36,56,39,60,99
03638300,ROSSLYN TRAINING ACADEMY OF COSMETOLOGY ,PR,00602-3225,Proprietary  ,5,26,31,6,29,35
03735400,"CHARLIES GUARD,DETECTIVE BUREAU&ACA     ",PR,00605-0000,Proprietary  ,20,29,49,31,45,76
03751300,ESCUELA HOTELERA DE SAN JUAN            ,PR,00917-0091,Proprietary  ,168,125,293,658,337,995
03758300,BAYAMON COMMUNITY COLLEGE               ,PR,00960-0000,Proprietary  ,47,133,180,73,202,275
03781400,INDUSTRIAL TECHNICAL COLLEGE            ,PR,00792-0000,Proprietary  ,79,89,168,101,129,230
03785300,J.G. GUAYNABO TECHNICAL COLLEGE         ,PR,00960-0000,Proprietary  ,10,29,39,34,75,109
03800300,COLEGIO TECNICO DE ELECTRICIDAD GALLOSA ,PR,00602-0000,Proprietary  ,7,23,30,10,25,35
03800400,INSTITUTE OF BEAUTY OCCUPATIONS AND TECH,PR,00676-5071,Proprietary  ,51,90,141,55,98,153
03843300,ADVANCED TECH COLLEGE                   ,PR,00961-6321,Proprietary  ,40,59,99,75,124,199
03849300,AGUADILLA TECHNICAL COLLEGE             ,PR,00603-0000,Proprietary  ,7,10,17,25,39,64
03965400,MYRANGEL BEAUTY INSTITUTE               ,PR,00754-3917,Proprietary  ,59,114,173,76,155,231
04030300,"ASPIRA DE PUERTO RICO, ACADEMIA DE TECNO",PR,00987-0000,Private      ,1,4,5,4,11,15
04107300,CARIB TECHNOLOGICAL INSTITUTE           ,PR,00960-0000,Proprietary  ,37,69,106,57,145,202
04117200,INSTITUTO EDUCATIVO PREMIER             ,PR,00731-0000,Proprietary  ,88,135,223,125,188,313
04131600,LIBERTY TECHNICAL COLLEGE               ,PR,00737-1298,Proprietary  ,44,38,82,86,87,173
04164300,GLOBAL INSTITUTE                        ,PR,00725-6485,Proprietary  ,9,17,26,13,24,37
04176000,AMERICAN TECHNICAL INSTITUTE            ,PR,00957-0000,Proprietary  ,17,16,33,36,31,67
00394600,UNIVERSITY OF THE VIRGIN ISLANDS        ,VI,00802-6000,Public       ,165,201,366,1152,864,2016
00394601,UNIV OF THE VIRGIN ISLANDS-ST CROIX     ,VI,00850-0000,Public       ,106,144,250,644,652,1296
00667700,MCGILL UNIVERSITY                       ,CN,00000-0000,Public       ,105,60,165,1608,461,2069
00667900,QUEEN'S UNIVERSITY AT KINGSTON          ,CN,00000-0000,Public       ,10,8,18,115,38,153
00668100,ST FRANCIS XAVIER UNIVERSITY            ,CN,00000-0000,Public       ,5,0,5,34,7,41
00668200,ST THOMAS UNIVERSITY                    ,CN,00000-0000,Public       ,2,1,3,40,7,47
00668300,UNIVERSITY OF GUELPH                    ,CN,00000-0000,Public       ,3,12,15,33,72,105
00668400,UNIVERSITY OF MANITOBA                  ,CN,00000-0000,Public       ,9,13,22,49,33,82
00668500,UNIVERSITY OF NEW BRUNSWICK (THE)       ,CN,00000-0000,Public       ,2,4,6,25,25,50
00668600,UNIVERSITY OF OTTAWA                    ,CN,00000-0000,Public       ,1,14,15,70,61,131
00668800,UNIVERSITY OF TORONTO                   ,CN,00000-0000,Public       ,34,62,96,401,447,848
00668900,UNIVERSITY OF WINDSOR                   ,CN,00000-0000,Public       ,2,10,12,20,45,65
00683700,UNIVERSITE LAVAL                        ,CN,00000-0000,Public       ,1,14,15,12,31,43
00683800,DALHOUSIE UNIVERSITY                    ,CN,00000-0000,Public       ,13,17,30,132,68,200
00685200,BISHOP'S UNIVERSITY                     ,CN,00000-0000,Private      ,4,1,5,68,9,77
00685300,MCMASTER UNIVERSITY                     ,CN,00000-0000,Public       ,3,5,8,24,37,61
00767900,YORK UNIVERSITY                         ,CN,00000-0000,Public       ,14,17,31,102,128,230
00787400,UNIVERSITY AT CALGARY (THE)             ,CN,00000-0000,Public       ,5,13,18,50,67,117
00814800,UNIVERSITY OF WINNIPEG                  ,CN,00000-0000,Public       ,5,2,7,22,13,35
00836200,UNIVERSITY OF ALBERTA (THE)             ,CN,00000-0000,Public       ,5,18,23,51,74,125
00836300,MOUNT SAINT VINCENT UNIVERSITY          ,CN,00000-0000,Private      ,2,0,2,8,5,13
00836400,SAINT MARY'S UNIVERSITY                 ,CN,00000-0000,Public       ,4,6,10,20,17,37
00836500,CONCORDIA UNIVERSITY - SIR GEORGE W     ,CN,00000-0000,Public       ,30,26,56,330,156,486
00836600,UNIVERSITE DE MONTREAL                  ,CN,00000-0000,Public       ,4,12,16,25,71,96
00836800,CARLETON UNIVERSITY                     ,CN,00000-0000,Public       ,7,14,21,73,51,124
00836900,UNIVERSITY OF BRITISH COLUMBIA          ,CN,00000-0000,Public       ,61,73,134,803,543,1346
00837000,"SAFA, UNIVERSITY OF VICTORIA            ",CN,00000-0000,Public       ,8,15,23,111,77,188
00844400,SIMON FRASER UNIVERSITY                 ,CN,00000-0000,Public       ,15,16,31,121,112,233
00844600,UNIVERSITY OF WESTERN ONTARIO (THE)     ,CN,00000-0000,Public       ,6,14,20,59,95,154
00844800,UNIVERSITY OF REGINA                    ,CN,00000-0000,Public       ,2,0,2,9,8,17
00844900,ACADIA UNIVERSITY                       ,CN,00000-0000,Public       ,12,5,17,55,15,70
00852600,UNIVERSITY OF WATERLOO                  ,CN,00000-0000,Public       ,3,1,4,3,1,4
00858200,WILFRID LAURIER UNIVERSITY              ,CN,00000-0000,Public       ,2,2,4,17,13,30
00891300,LAKEHEAD UNIVERSITY                     ,CN,00000-0000,Public       ,0,2,2,10,6,16
00911900,UNIVERSITE DE MONCTON                   ,CN,00000-0000,Public       ,0,1,1,0,2,2
00925200,BROCK UNIVERSITY                        ,CN,00000-0000,Public       ,1,2,3,15,12,27
00936700,UNIVERSITY OF PRINCE EDWARD ISLAND      ,CN,00000-0000,Public       ,0,10,10,28,119,147
00942100,BRANDON UNIVERSITY                      ,CN,00000-0000,Public       ,8,2,10,16,11,27
00948600,TRINITY WESTERN UNIVERSITY              ,CN,00000-0000,Private      ,10,14,24,178,75,253
00950000,MEMORIAL UNIVERSITY OF NEWFOUNDLAND     ,CN,00000-0000,Public       ,2,7,9,16,31,47
00950100,UNIVERSITY OF KING'S COLLEGE            ,CN,00000-0000,Public       ,8,2,10,30,5,35
00950300,MOUNT ALLISON UNIVERSITY                ,CN,00000-0000,Public       ,5,1,6,37,3,40
00950400,NOVA SCOTIA AGRICULTURAL COLLEGE        ,CN,00000-0000,Public       ,0,2,2,1,5,6
00950500,TRENT UNIVERSITY                        ,CN,00000-0000,Public       ,0,1,1,7,8,15
00969800,MEDICINE HAT COLLEGE                    ,CN,00000-0000,Public       ,1,3,4,1,9,10
01012300,NOVA SCOTIA COLLEGE OF ART & DESIGN     ,CN,00000-0000,Public       ,2,2,4,13,19,32
01022100,SAINT PAUL UNIVERSITY                   ,CN,00000-0000,Public       ,0,3,3,2,8,10
01045800,SHERIDAN COLLEGE OF APPLIED ARTS AN     ,CN,00000-0000,Public       ,2,5,7,34,20,54
01067500,REGENT COLLEGE                          ,CN,00000-0000,Private      ,0,15,15,6,85,91
01070300,UNIVERSITY OF LETHBRIDGE                ,CN,00000-0000,Public       ,1,2,3,6,11,17
01072000,RYERSON UNIVERSITY                      ,CN,00000-0000,Public       ,7,16,23,56,79,135
01172200,BRIERCREST BIBLE COLLEGE                ,CN,00000-0000,Private      ,1,2,3,9,6,15
01222800,HUMBER COLLEGE                          ,CN,00000-0000,Public       ,7,8,15,45,51,96
01227400,PROVIDENCE COLLEGE                      ,CN,00000-0000,Private      ,2,3,5,47,5,52
02102100,KINGSWOOD UNIVERSITY                    ,CN,00000-0000,Private      ,18,8,26,64,14,78
02167000,PRAIRIE BIBLE INST                      ,CN,00000-0000,Private      ,3,1,4,17,8,25
02184600,INSTITUTE FOR CHRISTIAN STUDIES         ,CN,00000-0000,Private      ,0,1,1,2,13,15
02195700,TAYLOR UNIVERSITY COLLEGE AND SEMINARY  ,CN,00000-0000,Private      ,0,0,0,1,2,3
02201100,COLUMBIA BIBLE COLLEGE                  ,CN,00000-0000,Private      ,2,5,7,14,11,25
02216400,TYNDALE COLLEGE & SEMINARY              ,CN,00000-0000,Private      ,0,4,4,6,21,27
02219200,UNIVERSITY OF SASKATCHEWAN              ,CN,00000-0000,Public       ,2,3,5,21,24,45
02324900,EMMANUEL BIBLE COLLEGE                  ,CN,00000-0000,Private      ,0,0,0,1,0,1
02338800,EMILY CARR UNIVERSITY OF ART AND DESIGN ,CN,00000-0000,Public       ,7,10,17,80,47,127
02577200,SALVATION ARMY WM & CATHERINE BOOTH     ,CN,00000-0000,Private      ,1,2,3,3,2,5
02593800,CONCORDIA UNIVERSITY COLLEGE            ,CN,00000-0000,Private      ,2,4,6,9,7,16
02611900,THE KING'S UNIVERSITY COLLEGE           ,CN,00000-0000,Private      ,2,0,2,2,3,5
03018300,ROCKY MOUNTAIN COLLEGE: CENTRE FOR BIBLI,CN,00000-0000,Private      ,0,0,0,0,2,2
03033800,UNIVERSITY COLLEGE OF CAPE BRETON       ,CN,00000-0000,Public       ,2,2,4,7,9,16
03078300,VANCOUVER SCHOOL OF THEOLOGY            ,CN,00000-0000,Private      ,0,1,1,1,10,11
03273300,CANADIAN COLLEGE OF NATUROPATHIC ME     ,CN,00000-0000,Private      ,2,14,16,8,40,48
03298300,ALBERTA COLLEGE OF ART & DESIGN         ,CN,00000-0000,Public       ,4,1,5,14,17,31
03332500,KWANTLEN UNIVERSITY COLLEGE             ,CN,00000-0000,Public       ,1,4,5,4,9,13
03335400,CANADIAN UNIVERSITY COLLEGE             ,CN,00000-0000,Private      ,8,8,16,49,20,69
03339300,ST. STEPHENS UNIVERSITY                 ,CN,00000-0000,Private      ,3,1,4,8,5,13
03348500,REDEEMER UNIVERSITY COLLEGE             ,CN,00000-0000,Private      ,2,3,5,8,6,14
03420300,HOLLAND COLLEGE                         ,CN,00000-0000,Public       ,7,5,12,15,8,23
03560400,NIAGARA COLLEGE-WELLAND CAMPUS          ,CN,00000-0000,Public       ,2,1,3,8,10,18
03613300,UNIV OF NORTHERN BRITISH COLUMBIA       ,CN,00000-0000,Public       ,1,5,6,12,22,34
03644400,CANADIAN MENNONITE UNIVERSITY           ,CN,00000-0000,Private      ,2,1,3,8,2,10
03674400,CANADIAN SOUTHERN BAPTIST SEMINARY      ,CN,00000-0000,Private      ,0,1,1,1,3,4
03711300,CAPILANO UNIVERSITY                     ,CN,00000-0000,Public       ,0,2,2,13,30,43
03846300,PACIFIC LIFE BIBLE COLLEGE              ,CN,00000-0000,Private      ,3,1,4,12,4,16
03847300,CRANDALL UNIVERSITY                     ,CN,00000-0000,Private      ,0,1,1,7,2,9
04075300,QUEST UNIVERSITY CANADA                 ,CN,00000-0000,Private      ,8,1,9,117,8,125
04123100,ATLANTIC SCHOOL OF THEOLOGY             ,CN,00000-0000,Public       ,2,2,4,4,6,10
04156700,AMBROSE UNIVERSITY COLLEGE              ,CN,00000-0000,Private      ,3,2,5,6,11,17
00814700,UNIVERSIDAD AUTONOMA DE GUADALAJARA     ,MX,00000-0000,Private      ,6,91,97,104,991,1095
01041800,INST TEC Y DE ESTSUPER DE MONTERRE      ,MX,00000-0000,Private      ,12,12,24,92,76,168
01067600,UNIVERSIDAD DE MONTERREY                ,MX,00000-0000,Private      ,4,6,10,44,42,86
01093800,UNIVERSIDAD DE GUANAJUATO               ,MX,00000-0000,Public       ,6,5,11,38,45,83
02053300,CENTRO DE ESTUDIOS UNIVERSITARIOS D     ,MX,00000-0000,Private      ,21,34,55,102,152,254
04183900,CETYS UNIVERSIDAD                       ,MX,00000-0000,Private      ,0,1,1,0,1,1
01001000,AMERICAN SAMOA CMNTY COLLEGE            ,AS,96799-2609,Public       ,916,237,1153,1287,394,1681
01034300,COLLEGE OF MICRONESIA - FSM             ,FM,96941-0159,Public       ,944,546,1490,1813,755,2568
01100900,PALAU COMMUNITY COLLEGE                 ,PW,96940-0009,Public       ,156,86,242,780,390,1170
03022400,COLLEGE OF THE MARSHALL ISLANDS         ,MH,96960-1258,Public       ,445,220,665,497,273,770
03033000,NORTHERN MARIANAS COLLEGE               ,MP,96950-0000,Public       ,351,203,554,786,483,1269
