OPE ID,School,State,Zip Code,School Type,20132014Qtr3_Dependent Students,20132014Qtr3_Independent Students,Quarterly Total,YTD_20132014Qtr3_Dependent Students,YTD_20132014Qtr3_Independent Students,Award Year To Date Total
00100200,ALABAMA AGRCLTL & MECHL UNIV            ,AL,35762-1357,Public       ,921,982,1903,6263,3445,9708
00100300,FAULKNER UNIVERSITY                     ,AL,36109-3398,Private      ,300,1132,1432,1959,3884,5843
00100400,UNIVERSITY OF MONTEVALLO                ,AL,35115-6000,Public       ,310,335,645,2465,1447,3912
00100500,ALABAMA STATE UNIVERSITY                ,AL,36101-0000,Public       ,1507,1602,3109,9819,5719,15538
00100700,CENTRAL ALABAMA COMMUNITY COLLEGE       ,AL,35011-0000,Public       ,341,640,981,1371,1738,3109
00100800,ATHENS STATE UNIVERSITY                 ,AL,35611-1999,Public       ,214,907,1121,927,3150,4077
00100900,AUBURN UNIVERSITY                       ,AL,36849-5113,Public       ,1704,1387,3091,17716,6350,24066
00101200,BIRMINGHAM SOUTHERN COLLEGE             ,AL,35254-0002,Private      ,231,232,463,2017,775,2792
00101300,CALHOUN COMMUNITY COLLEGE               ,AL,35609-2216,Public       ,1333,2283,3616,5098,7404,12502
00101500,ENTERPRISE STATE COMMUNITY COLLEGE      ,AL,36331-1300,Public       ,297,504,801,1273,1604,2877
00101600,UNIVERSITY OF NORTH ALABAMA             ,AL,35632-0001,Public       ,829,806,1635,5367,2766,8133
00101700,GADSDEN STATE COMMUNITY COLLEGE         ,AL,35903-2269,Public       ,847,1889,2736,3029,5332,8361
00101800,GEORGE C WALLACE COMMUNITY COLLEGE      ,AL,36303-0943,Public       ,729,1448,2177,2322,3972,6294
00101900,HUNTINGDON COLLEGE                      ,AL,36106-2148,Private      ,205,241,446,1540,730,2270
00102000,JACKSONVILLE STATE UNIVERSITY           ,AL,36265-1602,Public       ,892,1374,2266,6961,5329,12290
00102100,JEFFERSON DAVIS COMMUNITY COLLEGE       ,AL,36427-2790,Public       ,163,273,436,635,797,1432
00102200,JEFFERSON STATE COMMUNITY COLLEGE       ,AL,35215-3098,Public       ,1240,2321,3561,4804,8048,12852
00102300,JUDSON COLLEGE                          ,AL,36756-2504,Private      ,34,41,75,348,148,496
00102400,UNIVERSITY OF WEST ALABAMA              ,AL,35470-0000,Public       ,355,1449,1804,2577,4427,7004
00102600,MARION MILITARY INSTITUTE               ,AL,36756-3214,Public       ,104,28,132,523,93,616
00102800,MILES COLLEGE                           ,AL,35064-2697,Private      ,491,417,908,2554,1305,3859
00102900,UNIVERSITY OF MOBILE                    ,AL,36613-0000,Private      ,318,582,900,1857,2092,3949
00103000,BISHOP STATE COMMUNITY COLLEGE          ,AL,36603-5898,Public       ,709,1498,2207,2358,4785,7143
00103100,NORTHEAST ALABAMA STATE CMNTY COLG      ,AL,35986-0159,Public       ,500,740,1240,1351,1723,3074
00103300,OAKWOOD COLLEGE                         ,AL,35896-0001,Private      ,341,274,615,1927,1109,3036
00103400,ALABAMA SOUTHERN COMMUNITY COLLEGE      ,AL,36460-5698,Public       ,276,311,587,1170,952,2122
00103600,SAMFORD UNIVERSITY                      ,AL,35229-7000,Private      ,302,623,925,3824,2845,6669
00103800,SNEAD STATE COMMUNITY COLLEGE           ,AL,35957-0734,Public       ,310,597,907,1555,1770,3325
00104000,SOUTHERN UNION STATE COMMUNITY CLG      ,AL,36276-0000,Public       ,614,903,1517,3429,3086,6515
00104100,SPRING HILL COLLEGE                     ,AL,36608-1791,Private      ,152,227,379,2475,933,3408
00104400,STILLMAN COLLEGE                        ,AL,35403-1430,Private      ,289,193,482,1816,684,2500
00104600,TALLADEGA COLLEGE                       ,AL,35160-2354,Private      ,249,169,418,1061,526,1587
00104700,TROY UNIVERSITY                         ,AL,36082-0001,Public       ,1592,6222,7814,9029,19929,28958
00105000,TUSKEGEE UNIVERSITY                     ,AL,36088-1645,Private      ,391,241,632,5254,1486,6740
00105100,UNIVERSITY OF ALABAMA (THE)             ,AL,35487-0120,Public       ,2531,2294,4825,27458,11176,38634
00105200,UNIVERSITY OF ALABAMA AT BIRMINGHAM     ,AL,35294-1150,Public       ,1584,2878,4462,11902,12681,24583
00105500,UNIVERSITY OF ALABAMA IN HUNTSVILLE     ,AL,35899-0001,Public       ,841,1145,1986,5111,4408,9519
00105700,UNIVERSITY OF SOUTH ALABAMA             ,AL,36688-0002,Public       ,1534,2309,3843,10492,9993,20485
00105900,LAWSON STATE COMMUNITY COLLEGE          ,AL,35221-1798,Public       ,799,1363,2162,2226,3505,5731
00105901,LAWSON STATE COMMUNITY COLLEGE - BESSEME,AL,35021-0308,Public       ,300,506,806,789,1379,2168
00106000,FAULKNER STATE COMMUNITY COLLEGE        ,AL,36507-2698,Public       ,708,977,1685,3281,3438,6719
00526000,J.F. DRAKE STATE TECH COLLEGE           ,AL,35811-1584,Public       ,255,708,963,658,1983,2641
00569100,SHELTON STATE COMMUNITY CLG             ,AL,35405-4017,Public       ,947,1111,2058,4250,3678,7928
00569200,REID STATE TECHNICAL COLLEGE            ,AL,36401-0000,Public       ,93,272,365,239,627,866
00569700,NORTHWEST- SHOALS COMMUNITY COLLEGE     ,AL,35661-0000,Public       ,692,986,1678,2102,2224,4326
00569900,GEORGE C WALLACE STATE CMTY COLLEGE     ,AL,36703-0000,Public       ,401,739,1140,1154,1767,2921
00573300,BEVILL STATE CMTY COLLEGE-WALKER        ,AL,35148-0000,Public       ,508,953,1461,2171,3005,5176
00573400,H. COUNCILL TRENHOLM STATE TECH COLLEGE ,AL,36108-0020,Public       ,281,757,1038,812,2012,2824
00573401,H. C. TRENHOLM ST TECH COL-PATTERSON CAM,AL,36116-2612,Public       ,149,411,560,496,1125,1621
00787100,GEORGE C WALLACE STATE CMTY CLG         ,AL,35077-2000,Public       ,748,1124,1872,3438,3842,7280
00831000,AUBURN UNIVERSITY-MONTGOMERY            ,AL,36124-0000,Public       ,600,1136,1736,4576,4578,9154
00898800,LURLEEN B WALLACE COMMUNITY COLLEGE     ,AL,36420-0418,Public       ,258,401,659,1056,1176,2232
01055400,CONCORDIA COLLEGE                       ,AL,36701-3323,Private      ,197,167,364,779,514,1293
01218200,CHATTAHOOCHEE VALLEY CMTY CLG           ,AL,36869-7917,Public       ,355,721,1076,1158,2001,3159
01303906,SOUTH UNIVERSITY - MONTGOMERY           ,AL,36116-1120,Proprietary  ,131,532,663,401,1496,1897
02170600,UNITED STATES SPORTS ACADEMY            ,AL,36526-7055,Private      ,5,204,209,42,661,703
02199700,HERITAGE CHRISTIAN UNIVERSITY           ,AL,35630-0000,Private      ,5,21,26,33,88,121
02270400,SOUTHEASTERN BIBLE COLLEGE              ,AL,35244-2083,Private      ,22,88,110,135,296,431
02285000,PAUL MITCHELL THE SCHOOL HUNTSVILLE     ,AL,35758-0000,Proprietary  ,25,63,88,82,172,254
02296000,PRINCE INSTITUTE OF PROFESSIONAL STUDIES,AL,36117-0000,Proprietary  ,10,79,89,45,322,367
02341000,FORTIS COLLEGE                          ,AL,36609-0000,Proprietary  ,167,539,706,690,2244,2934
02503400,AMRIDGE UNIVERSITY                      ,AL,36124-0000,Private      ,31,494,525,80,1129,1209
03010600,VIRGINIA COLLEGE                        ,AL,35209-5154,Proprietary  ,912,4621,5533,3236,19367,22603
03010602,VIRGINIA COLLEGE - HUNTSVILLE           ,AL,35805-0000,Proprietary  ,58,259,317,242,941,1183
03010607,VIRGINIA COLLEGE - MOBILE               ,AL,36608-1626,Proprietary  ,86,388,474,384,1382,1766
03010616,VIRGINIA COLLEGE - MONTGOMERY           ,AL,36117-2802,Proprietary  ,93,417,510,415,1585,2000
03026516,REMINGTON COLLEGE - MOBILE              ,AL,36609-5593,Private      ,118,288,406,671,1741,2412
03032500,ALABAMA STATE CLG BARBER STYLING        ,AL,35215-0000,Proprietary  ,18,54,72,87,165,252
03361400,FORTIS COLLEGE                          ,AL,36535-0000,Proprietary  ,62,170,232,178,610,788
03459300,SOUTHEASTERN SCHOOL OF COSMETOLOGY      ,AL,35228-0000,Private      ,14,57,71,42,128,170
03783300,BLUE CLIFF CAREER COLLEGE               ,AL,63306-4749,Proprietary  ,39,112,151,119,331,450
03894300,HUNTSVILLE BIBLE COLLEGE                ,AL,35811-0000,Private      ,9,100,109,32,232,264
04066300,CARDIAC AND VASCULAR INSTITUTE OF ULTRAS,AL,36604-1411,Proprietary  ,10,88,98,60,305,365
04067300,SELMA UNIVERSITY                        ,AL,36701-0000,Private      ,106,354,460,217,601,818
04121500,COLUMBIA SOUTHERN UNIVERSITY            ,AL,36561-3815,Proprietary  ,150,3744,3894,500,13617,14117
04149200,XCELL ACADEMY-A PAUL MITCHELL PARTNER SC,AL,35216-4990,Proprietary  ,34,80,114,101,243,344
04187200,NEW BEGINNING COLLEGE OF COSMETOLOGY    ,AL,35950-2415,Proprietary  ,11,34,45,64,140,204
04187300,HAIR ACADEMY (THE)                      ,AL,36111-2201,Proprietary  ,20,46,66,65,155,220
04197500,UNIVERSITY ACADEMY OF HAIR DESIGN       ,AL,35476-3100,Proprietary  ,8,20,28,41,93,134
04211000,SALON PROFESSIONAL ACADEMY (THE)        ,AL,35816-1849,Proprietary  ,18,39,57,63,161,224
00111100,ALLAN HANCOCK COLLEGE                   ,CA,93454-6399,Public       ,781,1185,1966,4883,5030,9913
00111300,ANTELOPE VALLEY COLLEGE                 ,CA,93536-5426,Public       ,1255,2883,4138,7085,11058,18143
00111600,ART CENTER COLLEGE OF DESIGN            ,CA,91103-1999,Private      ,165,247,412,1900,1530,3430
00111700,AZUSA PACIFIC UNIVERSITY                ,CA,91702-7000,Private      ,516,1874,2390,10567,8923,19490
00111800,BAKERSFIELD COLLEGE                     ,CA,93305-1299,Public       ,1004,1882,2886,10759,10622,21381
00111900,BARSTOW COMMUNITY COLLEGE               ,CA,92311-6608,Public       ,418,1383,1801,1432,3978,5410
00112000,AMER BAPT SEM OF THE WEST-BERKELEY      ,CA,94704-0000,Private      ,4,11,15,11,58,69
00112200,BIOLA UNIVERSITY                        ,CA,90639-0001,Private      ,306,348,654,6738,2265,9003
00112300,BROOKS INSTITUTE                        ,CA,93103-1809,Proprietary  ,78,68,146,502,417,919
00112400,CABRILLO COLLEGE                        ,CA,95003-3194,Public       ,683,1150,1833,5064,5370,10434
00112500,CALIFORNIA BAPTIST UNIVERSITY           ,CA,92504-3297,Private      ,356,1162,1518,7266,5626,12892
00112700,CALIFORNIA COLLEGE OF THE ARTS          ,CA,94107-2206,Private      ,139,223,362,2325,1951,4276
00113100,CALIFORNIA INSTITUTE OF TECHNOLOGY      ,CA,91125-0001,Private      ,151,85,236,3525,703,4228
00113200,CALIFORNIA INSTITUTE OF THE ARTS        ,CA,91355-2397,Private      ,142,117,259,2626,1586,4212
00113300,CALIFORNIA LUTHERAN UNIVERSITY          ,CA,91360-2787,Private      ,164,298,462,5206,1831,7037
00113400,CALIFORNIA MARITIME ACADEMY             ,CA,94590-8181,Public       ,30,50,80,1107,443,1550
00113700,CALIF STATE UNIV-FULLERTON              ,CA,92831-3599,Public       ,1433,2390,3823,49350,23636,72986
00113800,"CALIFORNIA STATE UNIVERSITY, EAST BAY   ",CA,94542-3000,Public       ,557,1532,2089,17195,14316,31511
00113900,CALIF STATE UNIV-LONG BEACH             ,CA,90840-0006,Public       ,1335,2102,3437,58114,25202,83316
00114000,CALIF STATE UNIV-LOS ANGELES            ,CA,90032-4226,Public       ,1113,2296,3409,37222,23284,60506
00114100,"CALIF STATE UNIV, DOMINGUEZ HILLS       ",CA,90747-0001,Public       ,408,1589,1997,18607,16335,34942
00114200,CALIF STATE UNIV SAN BERNARDINO         ,CA,92407-2397,Public       ,745,1688,2433,21782,14602,36384
00114300,CAL POLY STATE UNIVERSITY               ,CA,93407-0001,Public       ,809,408,1217,38394,4860,43254
00114400,CALIF STATE POLYTECHNIC UNIV POMONA     ,CA,91768-2500,Public       ,882,1127,2009,35570,12041,47611
00114600,CALIF STATE UNIV - CHICO                ,CA,95929-0001,Public       ,662,767,1429,22274,7245,29519
00114700,CALIF STATE UNIV - FRESNO               ,CA,93740-8026,Public       ,772,1382,2154,25967,13110,39077
00114900,HUMBOLDT STATE UNIVERSITY               ,CA,95521-8299,Public       ,321,376,697,12870,4478,17348
00115000,CALIF STATE UNIV-SACRAMENTO             ,CA,95819-6044,Public       ,862,1718,2580,32437,20421,52858
00115100,SAN DIEGO STATE UNIVERSITY              ,CA,92182-1690,Public       ,1801,2411,4212,57906,21977,79883
00115300,CALIF STATE UNIV-NORTHRIDGE             ,CA,91330-8307,Public       ,1213,2320,3533,42294,22772,65066
00115400,SAN FRANCISCO STATE UNIVERSITY          ,CA,94132-1740,Public       ,1028,1809,2837,40252,20164,60416
00115500,SAN JOSE STATE UNIVERSITY               ,CA,95192-0036,Public       ,976,1741,2717,33210,17515,50725
00115600,SONOMA STATE UNIVERSITY                 ,CA,94928-3609,Public       ,249,374,623,13620,3898,17518
00115700,CALIF STATE UNIV-STANISLAUS             ,CA,95382-0299,Public       ,297,676,973,10014,6337,16351
00116100,CERRITOS COLLEGE                        ,CA,90650-6296,Public       ,2581,3299,5880,17833,13895,31728
00116200,CHABOT COLLEGE                          ,CA,94545-2400,Public       ,757,1417,2174,6530,7209,13739
00116300,CHAFFEY COLLEGE                         ,CA,91737-9400,Public       ,2369,3474,5843,15442,14784,30226
00116400,CHAPMAN UNIVERSITY                      ,CA,92866-1099,Private      ,395,366,761,11771,3433,15204
00116453,CHAPMAN UNIVERSITY SCHOOL OF LAW        ,CA,92866-0000,Private      ,4,79,83,74,1437,1511
00116500,CHURCH DIV SCH OF THE PACIFIC           ,CA,94709-0000,Private      ,1,5,6,5,68,73
00116600,CITRUS COLLEGE                          ,CA,91741-1899,Public       ,1773,2063,3836,10629,7588,18217
00116900,CLAREMONT GRADUATE UNIVERSITY           ,CA,91711-0000,Private      ,2,338,340,32,1864,1896
00117000,CLAREMONT MCKENNA COLLEGE               ,CA,91711-6400,Private      ,59,17,76,3647,194,3841
00117100,HARVEY MUDD COLLEGE                     ,CA,91711-5990,Private      ,28,12,40,2591,123,2714
00117200,PITZER COLLEGE                          ,CA,91711-6101,Private      ,24,15,39,2940,215,3155
00117300,POMONA COLLEGE                          ,CA,91711-6301,Private      ,51,39,90,4982,261,5243
00117400,SCRIPPS COLLEGE                         ,CA,91711-3948,Private      ,33,10,43,1925,160,2085
00117600,WEST HILLS COMMUNITY COLLEGE            ,CA,93210-1399,Public       ,155,291,446,1465,1242,2707
00117700,COGSWELL POLYTECHNICAL COLLEGE          ,CA,94089-1210,Proprietary  ,64,50,114,401,209,610
00117800,COLLEGE OF MARIN                        ,CA,94904-2590,Public       ,242,650,892,1219,2279,3498
00117801,COLG OF MARIN-INDIAN VALLEY CMPS        ,CA,94949-0000,Public       ,59,178,237,292,694,986
00117900,NOTRE DAME DE NAMUR UNIVERSITY          ,CA,94002-1997,Private      ,91,219,310,1838,1439,3277
00118100,COLLEGE OF SAN MATEO                    ,CA,94402-3784,Public       ,487,681,1168,3470,3017,6487
00118200,COLLEGE OF THE DESERT                   ,CA,92260-9305,Public       ,767,1223,1990,5728,5907,11635
00118300,HOLY NAMES UNIVERSITY                   ,CA,94619-1699,Private      ,46,212,258,1078,1262,2340
00118500,COLLEGE OF THE REDWOODS                 ,CA,95501-9300,Public       ,374,833,1207,2541,3737,6278
00118600,COLLEGE OF THE SEQUOIAS                 ,CA,93277-2234,Public       ,693,1366,2059,6776,6671,13447
00118700,COLLEGE OF THE SISKIYOUS                ,CA,96094-2899,Public       ,152,273,425,1078,1153,2231
00118701,COLLEGE OF THE SISKIYOUS - YREKA CENTER ,CA,96097-9538,Public       ,25,83,108,154,376,530
00119000,CONTRA COSTA COLLEGE                    ,CA,94806-3195,Public       ,451,949,1400,2601,3804,6405
00119100,DIABLO VALLEY COLLEGE                   ,CA,94523-1544,Public       ,938,1357,2295,6435,5919,12354
00119200,CUESTA COLLEGE                          ,CA,93403-8106,Public       ,667,1027,1694,4563,3797,8360
00119300,CYPRESS COLLEGE                         ,CA,90630-5897,Public       ,1583,2229,3812,11703,9450,21153
00119600,DOMINICAN UNIVERSITY OF CALIFORNIA      ,CA,94901-2298,Private      ,69,169,238,3069,1409,4478
00119700,EL CAMINO COLLEGE                       ,CA,90506-0002,Public       ,2050,3039,5089,15494,13374,28868
00119701,COMPTON COMMUNITY COLLEGE               ,CA,90221-5393,Public       ,723,1434,2157,3694,5316,9010
00119900,FOOTHILL COLLEGE                        ,CA,94022-4597,Public       ,732,1340,2072,3934,4689,8623
00120000,FULLER THEOLOGICAL SEMINARY             ,CA,91182-0000,Private      ,5,294,299,29,2167,2196
00120100,FULLERTON COLLEGE                       ,CA,92832-2095,Public       ,2303,2595,4898,15193,10007,25200
00120200,GAVILAN COLLEGE                         ,CA,95020-9599,Public       ,365,568,933,2091,2159,4250
00120300,GLENDALE COMMUNITY COLLEGE              ,CA,91208-2894,Public       ,1675,2236,3911,11026,9293,20319
00120500,GOLDEN GATE UNIVERSITY                  ,CA,94105-2967,Private      ,35,513,548,237,3241,3478
00120600,GOLDEN WEST COLLEGE                     ,CA,92647-2748,Public       ,1302,1843,3145,9698,7807,17505
00120700,GRADUATE THEOLOGICAL UNION              ,CA,94709-0000,Private      ,0,25,25,1,296,297
00120800,GROSSMONT COLLEGE                       ,CA,92020-1799,Public       ,2057,3226,5283,10312,11390,21702
00120900,HARTNELL COMMUNITY COLLEGE              ,CA,93901-1697,Public       ,721,756,1477,4288,3214,7502
00121200,HUMPHREYS COLLEGE                       ,CA,95207-3896,Private      ,59,301,360,378,1205,1583
00121400,IMPERIAL VALLEY COLLEGE                 ,CA,92251-9787,Public       ,996,1248,2244,4746,3781,8527
00121500,LA SIERRA UNIVERSITY                    ,CA,92515-3332,Private      ,277,319,596,3732,1621,5353
00121600,UNIVERSITY OF LA VERNE                  ,CA,91750-4443,Private      ,231,1402,1633,6623,6973,13596
00121700,LASSEN COLLEGE                          ,CA,96130-3000,Public       ,101,184,285,586,659,1245
00121800,LOMA LINDA UNIVERSITY                   ,CA,92350-0001,Private      ,131,543,674,1388,6192,7580
00121900,LONG BEACH CITY COLLEGE                 ,CA,90808-1780,Public       ,2769,3980,6749,18782,16213,34995
00122000,MASTER'S COLLEGE & SEMINARY (THE)       ,CA,91321-1200,Private      ,45,61,106,1463,475,1938
00122300,LOS ANGELES CITY COLLEGE                ,CA,90029-3588,Public       ,1559,3337,4896,11429,16552,27981
00122400,LOS ANGELES HARBOR COLLEGE              ,CA,90744-2397,Public       ,814,1235,2049,4773,5412,10185
00122600,LOS ANGELES PIERCE COLLEGE              ,CA,91371-0001,Public       ,1801,2459,4260,13559,11433,24992
00122700,LOS ANGELES TRADE TECH COLLEGE          ,CA,90015-4181,Public       ,1330,3847,5177,7527,14325,21852
00122800,LOS ANGELES VALLEY COLLEGE              ,CA,91401-4096,Public       ,1521,2421,3942,10441,11255,21696
00122900,SO CA UNIV  HEALTH SCIENCES             ,CA,90604-4051,Private      ,12,99,111,51,750,801
00123000,SOUTHERN CA COLLEGE OF OPTOMETRY        ,CA,92831-1699,Private      ,4,9,13,23,508,531
00123200,AMERICAN RIVER COLLEGE                  ,CA,95841-4286,Public       ,1304,3660,4964,14594,21715,36309
00123300,SACRAMENTO CITY COLLEGE                 ,CA,95822-1386,Public       ,1246,2862,4108,15250,17639,32889
00123600,MENLO COLLEGE                           ,CA,94027-4301,Private      ,78,33,111,1650,254,1904
00123700,MERCED COMMUNITY COLLEGE                ,CA,95348-2898,Public       ,925,1211,2136,6775,5858,12633
00123800,MILLS COLLEGE                           ,CA,94613-1301,Private      ,66,186,252,1922,1878,3800
00123900,MIRACOSTA COLLEGE                       ,CA,92056-3899,Public       ,880,1656,2536,5272,7006,12278
00124000,MODESTO JUNIOR COLLEGE                  ,CA,95350-5800,Public       ,1566,2681,4247,10441,11785,22226
00124200,MONTEREY PENINSULA COLLEGE              ,CA,93940-4799,Public       ,425,603,1028,3171,2768,5939
00124300,MOUNT ST MARYS COLLEGE                  ,CA,90049-1599,Private      ,95,357,452,3694,2646,6340
00124500,MT. SAN ANTONIO COLLEGE                 ,CA,91789-1399,Public       ,3009,3651,6660,20413,15967,36380
00124600,MT SAN JACINTO COLLEGE                  ,CA,92583-2399,Public       ,1459,2649,4108,9103,11401,20504
00124700,NAPA VALLEY COLLEGE                     ,CA,94558-6236,Public       ,465,619,1084,3143,2959,6102
00124900,OCCIDENTAL COLLEGE                      ,CA,90041-3314,Private      ,59,54,113,5406,433,5839
00125000,ORANGE COAST COLLEGE - FIN AID OFF      ,CA,92628-5005,Public       ,1865,2596,4461,14405,10509,24914
00125100,OTIS COLLEGE OF ART AND DESIGN          ,CA,90045-3505,Private      ,112,116,228,1690,851,2541
00125200,HOPE INTERNATIONAL UNIVERSITY           ,CA,92631-0000,Private      ,40,179,219,856,1154,2010
00125300,FRESNO PACIFIC UNIVERSITY               ,CA,93702-4798,Private      ,173,889,1062,2834,4080,6914
00125400,PACIFIC LUTHERAN THEOLOGICAL SEM        ,CA,94708-0000,Private      ,0,3,3,2,66,68
00125500,PACIFIC OAKS COLLEGE                    ,CA,91103-3606,Private      ,13,320,333,85,1484,1569
00125600,PACIFIC SCHOOL OF RELIGION              ,CA,94709-0000,Private      ,1,20,21,2,199,201
00125800,PACIFIC UNION COLLEGE                   ,CA,94508-9797,Private      ,233,104,337,2002,528,2530
00125900,PALO VERDE COLLEGE                      ,CA,92225-0000,Public       ,119,188,307,263,479,742
00126000,PALOMAR COLLEGE                         ,CA,92069-1486,Public       ,1707,2495,4202,10722,9491,20213
00126100,PASADENA CITY COLLEGE                   ,CA,91106-2003,Public       ,2687,3442,6129,19352,13576,32928
00126200,POINT LOMA NAZARENE UNIVERSITY          ,CA,92106-2899,Private      ,158,416,574,4927,1617,6544
00126600,LANEY COLLEGE                           ,CA,94607-4893,Public       ,734,2077,2811,4395,8354,12749
00126700,MERRITT COLLEGE                         ,CA,94619-3196,Public       ,498,1365,1863,2767,5449,8216
00126800,PORTERVILLE COLLEGE                     ,CA,93257-6059,Public       ,271,444,715,2447,2302,4749
00126900,RIO HONDO COLLEGE                       ,CA,90601-1699,Public       ,2037,2262,4299,13526,9104,22630
00127000,RIVERSIDE CITY COLLEGE                  ,CA,92506-1299,Public       ,2885,4263,7148,20463,18879,39342
00127200,SAN BERNARDINO VALLEY COLLEGE           ,CA,92410-2798,Public       ,1583,3470,5053,10363,13537,23900
00127300,SAN DIEGO CITY COLLEGE                  ,CA,92101-4787,Public       ,1892,4483,6375,11497,15632,27129
00127500,SAN DIEGO MESA COLLEGE                  ,CA,92111-4996,Public       ,2306,3987,6293,12422,13622,26044
00127800,SAN FRANCISCO CONSERVATORY OF MUSIC     ,CA,94122-4498,Private      ,25,35,60,325,442,767
00127900,SAN FRANCISCO THEOLOGICAL SEMINARY      ,CA,94960-0000,Private      ,1,7,8,1,64,65
00128000,SAN JOAQUIN DELTA COLLEGE               ,CA,95207-6370,Public       ,1752,2800,4552,10035,11289,21324
00128100,WILLIAM JESSUP UNIVERSITY               ,CA,95765-3707,Private      ,74,160,234,1176,707,1883
00128200,SAN JOSE CITY COLLEGE                   ,CA,95128-2797,Public       ,774,1706,2480,5055,6871,11926
00128400,SANTA ANA COLLEGE                       ,CA,92706-3398,Public       ,1245,1875,3120,9321,7864,17185
00128500,SANTA BARBARA CITY COLLEGE              ,CA,93109-2394,Public       ,986,1268,2254,9786,6045,15831
00128600,SANTA MONICA COLLEGE                    ,CA,90405-1644,Public       ,2200,2517,4717,21167,12380,33547
00128700,SANTA ROSA JUNIOR COLLEGE               ,CA,95401-4395,Public       ,1087,1807,2894,6753,7506,14259
00128800,CLAREMONT SCHOOL OF THEOLOGY            ,CA,91711-0000,Private      ,1,24,25,7,305,312
00128900,SHASTA COLLEGE                          ,CA,96049-7692,Public       ,547,1156,1703,4039,5309,9348
00129000,SIERRA COLLEGE                          ,CA,95677-3397,Public       ,1022,1886,2908,8883,9638,18521
00129100,SIMPSON UNIVERSITY                      ,CA,96003-8606,Private      ,55,162,217,1397,1232,2629
00129200,SOLANO COMMUNITY COLLEGE                ,CA,94534-3197,Public       ,681,1386,2067,3941,5723,9664
00129300,VANGUARD UNIVERSITY OF SOUTHERN CA      ,CA,92626-6597,Private      ,118,294,412,2613,1348,3961
00129400,SOUTHWESTERN COLLEGE                    ,CA,91910-7299,Public       ,1593,2210,3803,10296,9137,19433
00129500,SOUTHWESTERN LAW SCHOOL                 ,CA,90010-1106,Private      ,4,109,113,71,2256,2327
00129600,DOMINICAN SCH PHILOSOPHY & THEOLOGY     ,CA,94709-0000,Private      ,2,18,20,9,70,79
00129900,ST JOHN'S SEMINARY COLLEGE              ,CA,93010-0000,Private      ,0,2,2,8,8,16
00130200,SAINT MARY'S COLLEGE OF CALIFORNIA      ,CA,94556-2744,Private      ,157,260,417,5814,1714,7528
00130500,STANFORD UNIVERSITY                     ,CA,94305-6106,Private      ,714,451,1165,26395,3969,30364
00130501,STANFORD UNIVERSITY - GRADUATE SCHOOL OF,CA,94305-5301,Private      ,11,179,190,81,1566,1647
00130502,STANFORD UNIVERSITY - GRADUATE SCHOOL OF,CA,94305-5015,Private      ,14,216,230,94,1887,1981
00130503,STANFORD UNIVERSITY - STANFORD LAW SCHOO,CA,94305-3096,Private      ,20,165,185,248,2346,2594
00130700,FRESNO CITY COLLEGE                     ,CA,93741-0002,Public       ,1241,2867,4108,17130,17177,34307
00130800,REEDLEY COLLEGE                         ,CA,93654-2099,Public       ,620,939,1559,7503,5361,12864
00130900,TAFT COLLEGE                            ,CA,93268-2317,Public       ,242,426,668,1885,1654,3539
00131200,UNIVERSITY OF CALIFORNIA-BERKELEY       ,CA,94720-1520,Public       ,1062,1527,2589,57572,20166,77738
00131300,UNIVERSITY OF CALIFORNIA-DAVIS          ,CA,95616-8558,Public       ,864,1025,1889,54959,15317,70276
00131400,UNIVERSITY OF CALIFORNIA-IRVINE         ,CA,92697-2825,Public       ,711,1144,1855,60069,14822,74891
00131500,UNIVERSITY OF CALIFORNIA (UCLA)         ,CA,90095-9000,Public       ,1651,2393,4044,74256,28032,102288
00131502,UNIV OF CALIFORNIA LOS ANG SCH MED      ,CA,90095-0000,Public       ,35,55,90,363,1202,1565
00131503,UNIV OF CALIFORNIA LOS ANG DENTAL       ,CA,90095-0000,Public       ,15,19,34,128,231,359
00131600,UNIVERSITY OF CALIFORNIA-RIVERSIDE      ,CA,92521-0209,Public       ,660,992,1652,41350,10214,51564
00131700,UNIVERSITY OF CALIFORNIA-SAN DIEGO      ,CA,92093-0013,Public       ,758,868,1626,54007,11486,65493
00131900,UNIVERSITY OF CALIFORNIA-SFRANCISCO     ,CA,94143-0246,Public       ,169,413,582,1835,4744,6579
00132000,UNIVERSITY OF CALIFORNIA-SANTA BARB     ,CA,93106-3180,Public       ,790,470,1260,53816,7691,61507
00132100,UNIVERSITY OF CALIFORNIA-SANTA CRUZ     ,CA,95064-0001,Public       ,491,393,884,37618,5576,43194
00132200,UNIVERSITY OF REDLANDS                  ,CA,92373-0999,Private      ,138,609,747,5850,3386,9236
00132500,UNIVERSITY OF SAN FRANCISCO             ,CA,94117-1080,Private      ,332,891,1223,13772,8338,22110
00132600,SANTA CLARA UNIVERSITY                  ,CA,95053-4956,Private      ,246,388,634,12071,3649,15720
00132604,JESUIT SCHOOL OF THEOLOGY - BERKELEY    ,CA,94709-1193,Private      ,2,4,6,2,57,59
00132800,UNIVERSITY OF SOUTHERN CALIFORNIA       ,CA,90089-0914,Private      ,1076,2839,3915,45200,29837,75037
00132900,UNIVERSITY OF THE PACIFIC               ,CA,95211-0197,Private      ,196,325,521,12451,3698,16149
00132901,UNIVERSITY OF THE PACIFIC - MCGEORGE SCH,CA,95817-2799,Private      ,7,100,107,201,1531,1732
00132902,UNIV OF THE PACIFIC SCH OF DENT         ,CA,94115-0000,Private      ,5,13,18,80,700,780
00133400,VENTURA COLLEGE                         ,CA,93003-3899,Public       ,1361,1750,3111,6570,5732,12302
00133500,VICTOR VALLEY COLLEGE                   ,CA,92395-5849,Public       ,1584,2909,4493,7126,9997,17123
00133800,WEST VALLEY COLLEGE                     ,CA,95070-5697,Public       ,521,712,1233,3316,2925,6241
00134100,WESTMONT COLLEGE                        ,CA,93108-1099,Private      ,94,21,115,2633,172,2805
00134200,WHITTIER COLLEGE                        ,CA,90601-4413,Private      ,128,109,237,4377,706,5083
00134201,WHITTIER COLLEGE - COLLEGE OF LAW       ,CA,92626-1501,Private      ,4,94,98,39,1316,1355
00134300,WOODBURY UNIVERSITY                     ,CA,91510-7846,Private      ,63,147,210,1304,938,2242
00134400,YUBA COLLEGE                            ,CA,95901-7699,Public       ,464,1083,1547,3603,4928,8531
00177212,TRINITY INTERNATIONAL UNIV-CA           ,CA,92705-0000,Private      ,3,127,130,19,351,370
00274100,AMERICAN JEWISH UNIVERSITY              ,CA,90077-1599,Private      ,17,14,31,108,145,253
00301002,ANTIOCH UNIV/LOS ANGELES                ,CA,90230-7615,Private      ,11,211,222,60,1057,1117
00301003,ANTIOCH  UNIV/SANTA BARBARA             ,CA,93101-0000,Private      ,35,87,122,749,595,1344
00369110,MIDDLEBURY COLLEGE - MONTEREY INSTITUTE ,CA,93940-2691,Private      ,2,78,80,51,876,927
00394700,UC-HASTINGS COLLEGE OF THE LAW          ,CA,94102-0000,Public       ,1,52,53,41,2954,2995
00394800,SAN FRANCISCO ART INSTITUTE             ,CA,94133-2299,Private      ,146,192,338,1962,1366,3328
00408000,STARR KING SCHOOL FOR THE MINISTRY      ,CA,94709-1299,Private      ,1,10,11,1,87,88
00448000,DE ANZA COLLEGE                         ,CA,95014-5793,Public       ,1891,2076,3967,9797,7275,17072
00448100,OHLONE COLLEGE                          ,CA,94539-5847,Public       ,549,751,1300,3850,3340,7190
00448400,JOHN F. KENNEDY UNIVERSITY              ,CA,94523-4817,Private      ,5,377,382,54,1487,1541
00449000,PATTEN UNIVERSITY                       ,CA,94601-2699,Private      ,0,0,0,47,89,136
00449400,EVEREST COLLEGE                         ,CA,92408-3752,Proprietary  ,82,292,374,524,1008,1532
00450200,CITY COLLEGE OF SAN FRANCISCO           ,CA,94112-0000,Public       ,1593,3770,5363,9928,13762,23690
00450302,EVEREST COLLEGE - SANTA ANA             ,CA,92701-4559,Proprietary  ,82,146,228,423,518,941
00563800,DOWNEY ADULT SCHOOL                     ,CA,90241-5610,Public       ,64,214,278,284,745,1029
00565500,HACIENDA LA PUENTE ADULT EDUC CTR       ,CA,91746-0000,Public       ,77,215,292,249,666,915
00616500,LA CNTY CLG OF NURSING & ALLD HLTH      ,CA,90033-1018,Public       ,18,100,118,216,641,857
00672000,COLLEGE OF ALAMEDA                      ,CA,94501-2109,Public       ,488,992,1480,2889,3830,6719
00673100,CASA LOMA COLLEGE                       ,CA,91405-4523,Private      ,39,107,146,243,599,842
00697300,CANADA COLLEGE                          ,CA,94061-1099,Public       ,258,536,794,1451,2091,3542
00697500,LINCOLN UNIVERSITY                      ,CA,94612-2801,Private      ,4,41,45,38,178,216
00701200,SAMUEL MERRITT COLLEGE                  ,CA,94609-3108,Private      ,41,286,327,456,2596,3052
00704700,LOS ANGELES SOUTHWEST COLLEGE           ,CA,90047-4810,Public       ,654,1966,2620,3703,7862,11565
00705000,BAY VISTA COLLEGE OF BEAUTY             ,CA,91950-3616,Proprietary  ,31,65,96,83,180,263
00711500,MOORPARK COLLEGE                        ,CA,93021-1695,Public       ,1201,1306,2507,6466,4514,10980
00713000,NEWBERRY SCHOOLS OF BEAUTY              ,CA,91344-7404,Proprietary  ,23,25,48,78,88,166
00714200,LYLE'S COLLEGE OF BEAUTY                ,CA,93710-3948,Proprietary  ,22,44,66,117,171,288
00716400,BRYAN COLLEGE                           ,CA,90057-0000,Proprietary  ,40,382,422,216,1487,1703
00718700,NORTH ADRIAN'S COLLEGE OF BEAUTY        ,CA,95350-2381,Proprietary  ,36,103,139,126,214,340
00719000,WYOTECH                                 ,CA,94539-7663,Proprietary  ,114,267,381,591,1124,1715
00720300,SALON SUCCESS ACADEMY                   ,CA,91786-4060,Proprietary  ,53,45,98,128,137,265
00720400,MODERN BEAUTY ACADEMY                   ,CA,93030-7016,Proprietary  ,22,24,46,65,72,137
00722900,WESTERN BEAUTY INSTITUTE                ,CA,91402-3104,Proprietary  ,101,158,259,181,314,495
00723400,HEALD COLLEGE                           ,CA,94105-2206,Proprietary  ,143,384,527,633,1612,2245
00723404,HEALD COLLEGE - CONCORD                 ,CA,94520-0000,Proprietary  ,199,424,623,763,1788,2551
00723405,HEALD COLLEGE - MILPITAS                ,CA,95035-8008,Proprietary  ,151,364,515,780,1967,2747
00723406,HEALD COLLEGE - HAYWARD                 ,CA,94545-2352,Proprietary  ,126,303,429,707,1704,2411
00723407,HEALD COLLEGE - MODESTO                 ,CA,95368-9095,Proprietary  ,100,227,327,733,1287,2020
00723408,HEALD COLLEGE - ROSEVILLE               ,CA,95678-5303,Proprietary  ,117,306,423,676,1748,2424
00723409,HEALD COLLEGE - SALINAS                 ,CA,93906-5100,Proprietary  ,85,232,317,747,1398,2145
00723410,HEALD COLLEGE - STOCKTON                ,CA,95210-5667,Proprietary  ,148,376,524,991,2116,3107
00723411,HEALD COLLEGE - RANCHO CORDOVA          ,CA,95670-6005,Proprietary  ,94,249,343,536,1514,2050
00723412,HEALD COLLEGE - FRESNO                  ,CA,93704-1706,Proprietary  ,129,474,603,1300,2516,3816
00725300,FEDERICO BEAUTY INSTITUTE               ,CA,95834-1905,Proprietary  ,58,123,181,266,416,682
00729600,COLEMAN COLLEGE                         ,CA,92123-0000,Private      ,44,250,294,250,813,1063
00732909,ITT TECHNICAL INSTITUTE                 ,CA,92868-3506,Proprietary  ,202,763,965,566,2148,2714
00732971,ITT TECHNICAL INSTITUTE                 ,CA,95670-6047,Proprietary  ,154,539,693,477,1762,2239
00732976,ITT TECHNICAL INSTITUTE                 ,CA,92408-3519,Proprietary  ,199,656,855,983,2403,3386
00732981,ITT TECHNICAL INSTITUTE                 ,CA,92123-2662,Proprietary  ,183,1068,1251,689,2582,3271
00732985,ITT TECHNICAL INSTITUTE                 ,CA,91773-2933,Proprietary  ,171,462,633,466,1560,2026
00732989,ITT TECHNICAL INSTITUTE                 ,CA,90502-1356,Proprietary  ,141,551,692,438,1582,2020
00732994,ITT TECHNICAL INSTITUTE                 ,CA,91342-3664,Proprietary  ,179,523,702,404,1343,1747
00747600,MARINELLO SCHOOLS OF BEAUTY             ,CA,90023-2666,Proprietary  ,67,154,221,427,542,969
00747602,MARINELLO SCHOOLS OF BEAUTY - SPA ACADEM,CA,90048-5101,Proprietary  ,14,59,73,138,237,375
00747603,MARINELLO SCHOOLS OF BEAUTY - INGLEWOOD ,CA,90301-2306,Proprietary  ,16,50,66,82,133,215
00747604,MARINELLO SCHOOLS OF BEAUTY - RESEDA    ,CA,91335-4218,Proprietary  ,4,10,14,23,38,61
00747606,MARINELLO SCHOOLS OF BEAUTY - WEST COVIN,CA,91790-2805,Proprietary  ,19,20,39,74,65,139
00747607,MARINELLO SCHOOLS OF BEAUTY - SAN BERNAR,CA,92410-3261,Proprietary  ,14,40,54,158,207,365
00747608,MARINELLO SCHOOLS OF BEAUTY - ONTARIO   ,CA,91762-2113,Proprietary  ,44,63,107,219,278,497
00747609,MARINELLO SCHOOLS OF BEAUTY - WHITTIER  ,CA,90601-4107,Proprietary  ,22,27,49,122,118,240
00747610,MARINELLO SCHOOLS OF BEAUTY - LOMITA    ,CA,90717-1460,Proprietary  ,17,22,39,67,111,178
00747611,MARINELLO SCHOOLS OF BEAUTY - SAN DIEGO ,CA,92126-4217,Proprietary  ,29,88,117,209,317,526
00747612,MARINELLO SCHOOLS OF BEAUTY - EL CAJON  ,CA,92020-2503,Proprietary  ,24,63,87,94,202,296
00747613,MARINELLO SCHOOLS OF BEAUTY - VICTORVILL,CA,92392-5496,Proprietary  ,32,78,110,156,289,445
00747614,MARINELLO SCHOOLS OF BEAUTY - ANAHEIM   ,CA,92801-4622,Proprietary  ,39,43,82,186,192,378
00747615,MARINELLO SCHOOLS OF BEAUTY - SIMI VALLE,CA,93065-2801,Proprietary  ,23,37,60,82,127,209
00753100,ACADEMY OF ART UNIVERSITY               ,CA,94105-3410,Proprietary  ,1258,2942,4200,7927,11770,19697
00753600,COSUMNES RIVER COLLEGE                  ,CA,95823-5799,Public       ,732,1771,2503,9463,10561,20024
00754802,WESTWOOD COLLEGE OF TECHNOLOGY          ,CA,92801-0000,Proprietary  ,141,148,289,759,629,1388
00754803,WESTWOOD COLLEGE OF TECHNOLOGY          ,CA,91786-0000,Proprietary  ,116,135,251,843,835,1678
00760600,EVEREST COLLEGE                         ,CA,90010-2221,Proprietary  ,41,139,180,388,593,981
00760700,CONCORDE CAREER INSTITUTE               ,CA,91606-3134,Proprietary  ,104,166,270,325,601,926
00770700,COLUMBIA COLLEGE                        ,CA,95370-8580,Public       ,166,316,482,1304,1427,2731
00771300,SKYLINE COLLEGE                         ,CA,94066-1698,Public       ,722,940,1662,3840,3729,7569
00793000,CONCORDE CAREER INSTITUTE               ,CA,92108-0000,Proprietary  ,111,311,422,398,1225,1623
00799300,CALIF STATE UNIV BAKERSFIELD            ,CA,93311-1022,Public       ,465,909,1374,10806,7006,17812
00807100,CONCORDE CAREER INSTITUTE               ,CA,92840-9201,Proprietary  ,97,224,321,365,800,1165
00807300,BUTTE COMMUNITY COLLEGE                 ,CA,95965-0000,Public       ,691,1395,2086,7565,8354,15919
00809000,EVEREST COLLEGE                         ,CA,91803-1310,Proprietary  ,73,149,222,304,554,858
00853700,CONCORDE CAREER INSTITUTE               ,CA,92401-0000,Proprietary  ,98,247,345,409,1043,1452
00859600,WEST LOS ANGELES COLLEGE                ,CA,90230-3500,Public       ,796,1722,2518,4761,7377,12138
00859700,FEATHER RIVER COLLEGE                   ,CA,95971-9124,Public       ,84,121,205,756,526,1282
00884400,CALIFORNIA CHRISTIAN COLLEGE            ,CA,93703-3599,Private      ,13,29,42,102,139,241
00884600,WRIGHT INSTITUTE                        ,CA,94704-0000,Private      ,1,65,66,6,495,501
00890300,COLLEGE OF THE CANYONS                  ,CA,91355-1899,Public       ,1612,1774,3386,8555,6271,14826
00891800,SADDLEBACK COLLEGE                      ,CA,92692-3699,Public       ,1151,1786,2937,6187,6683,12870
00902200,ASSOCIATED TECHNICAL COLLEGE            ,CA,90017-0000,Proprietary  ,39,164,203,164,437,601
00903200,EMPIRE COLLEGE                          ,CA,95403-2122,Proprietary  ,49,154,203,192,526,718
00915706,WYOMING TECHNICAL INSTITUTE - WEST SACRA,CA,95605-1507,Proprietary  ,16,44,60,313,363,676
00927200,CRAFTON HILLS COLLEGE                   ,CA,92399-1799,Public       ,683,1059,1742,4274,4058,8332
00950900,SKILLS & BUSINESS EDUCATION CENTER      ,CA,95824-1529,Public       ,69,229,298,326,906,1232
00974800,CARRINGTON COLLEGE CALIFORNIA           ,CA,95826-3203,Proprietary  ,229,510,739,1052,2314,3366
00974801,CARRINGTON COLLEGE CALIFORNIA - SAN LEAN,CA,94578-3711,Proprietary  ,69,107,176,288,520,808
00974802,CARRINGTON COLLEGE CALIFORNIA - PLEASANT,CA,94523-1984,Proprietary  ,71,158,229,253,543,796
00974803,CARRINGTON COLLEGE CALIFORNIA - STOCKTON,CA,95207-5509,Proprietary  ,89,154,243,467,686,1153
00974804,CARRINGTON COLLEGE CALIFORNIA - CITRUS H,CA,95621-5577,Proprietary  ,55,150,205,265,561,826
00974806,CARRINGTON COLLEGE CALIFORNIA -  ANTIOCH,CA,94531-1604,Proprietary  ,6,31,37,168,378,546
00974807,CARRINGTON COLLEGE CALIFORNIA - SAN JOSE,CA,95119-1325,Proprietary  ,88,225,313,507,978,1485
00974808,CARRINGTON COLLEGE CALIFORNIA - EMERYVIL,CA,94608-3006,Proprietary  ,0,3,3,84,117,201
00974809,WESTERN CAREER COLLEGE -  EMERYVILLE SHE,CA,94608-3006,Proprietary  ,0,3,3,8,17,25
00998900,SANTA BARBARA BUSINESS COLLEGE          ,CA,93111-0000,Proprietary  ,44,133,177,323,575,898
01011100,CERRO-COSO COMMUNITY COLLEGE            ,CA,93555-9571,Public       ,154,542,696,902,2169,3071
01014900,PEPPERDINE UNIVERSITY                   ,CA,90263-0000,Private      ,247,934,1181,9228,6064,15292
01034000,LOS MEDANOS COLLEGE                     ,CA,94565-5197,Public       ,709,1027,1736,3621,4324,7945
01036500,CHARLES R DREW UNIV OF MED & SCI        ,CA,90059-0000,Private      ,22,200,222,150,962,1112
01039500,UNIVERSITY OF SAN DIEGO                 ,CA,92110-2492,Private      ,581,849,1430,18460,6497,24957
01039501,UNIVERSITY OF SAN DIEGO - SCHOOL OF LAW ,CA,92110-2492,Private      ,19,144,163,215,2389,2604
01044100,PARDEE RAND GRADUATE SCHOOL             ,CA,90407-2138,Private      ,0,4,4,4,28,32
01047400,MARYMOUNT COLLEGE OF PALOS VERDES       ,CA,90275-0000,Private      ,45,38,83,1301,217,1518
01085400,THOMAS JEFFERSON SCHOOL OF LAW          ,CA,92110-0000,Private      ,5,235,240,48,1861,1909
01102400,EVEREST COLLEGE                         ,CA,94103-2091,Proprietary  ,44,94,138,147,367,514
01110700,EVEREST  COLLEGE                        ,CA,92801-5231,Proprietary  ,119,214,333,491,691,1182
01110900,EVEREST COLLEGE                         ,CA,91335-4631,Proprietary  ,104,174,278,365,553,918
01111200,FIDM-FASHION INSTITUTE OF DESIGN        ,CA,90015-1421,Proprietary  ,592,441,1033,5951,2224,8175
01111700,ALLIANT INTERNATIONAL UNIVERSITY        ,CA,92131-1799,Private      ,37,353,390,193,2137,2330
01111705,ALLIANT INTERNATIONAL UNIVERSITY - LOS A,CA,91803-1360,Private      ,3,80,83,22,687,709
01111706,ALLIANT INTERNATIONAL UNIVERSITY - SAN F,CA,94133-1221,Private      ,4,128,132,31,877,908
01111707,ALLIANT INTERNATIONAL UNIVERSITY - FRESN,CA,93727-2014,Private      ,7,78,85,75,554,629
01112100,EVEREST COLLEGE                         ,CA,94541-4007,Proprietary  ,20,66,86,113,319,432
01112300,EVEREST COLLEGE                         ,CA,90247-4163,Proprietary  ,52,145,197,212,518,730
01146000,NATIONAL UNIVERSITY                     ,CA,92037-1011,Private      ,195,4462,4657,1032,17550,18582
01162600,PRACTICAL SCHOOLS                       ,CA,92805-0000,Proprietary  ,31,74,105,288,599,887
01164900,LOYOLA MARYMOUNT UNIVERSITY             ,CA,90045-0000,Private      ,376,498,874,12998,3865,16863
01164901,LMU  - LOYOLA LAW SCHOOL                ,CA,90015-0019,Private      ,13,135,148,195,3016,3211
01167200,MENDOCINO COLLEGE                       ,CA,95482-3000,Public       ,202,500,702,1382,1965,3347
01170700,NORTH-WEST COLLEGE                      ,CA,91790-2097,Proprietary  ,88,156,244,252,455,707
01179200,FRANCISCAN SCHOOL OF THEOLOGY           ,CA,94709-0000,Private      ,2,10,12,7,43,50
01182000,SAN DIEGO MIRAMAR COLLEGE               ,CA,92126-0000,Public       ,1033,2380,3413,5598,7982,13580
01186500,CALIFORNIA HAIR DESIGN ACADEMY          ,CA,92115-0000,Proprietary  ,56,89,145,187,255,442
01186600,LU ROSS ACADEMY                         ,CA,93001-2927,Proprietary  ,54,104,158,155,268,423
01202600,JE BOUTIQUE COLLEGE OF BEAUTY           ,CA,92021-6247,Proprietary  ,26,47,73,77,160,237
01202700,GALEN COLLEGE OF CALIFORNIA             ,CA,93728-2381,Proprietary  ,2,33,35,55,115,170
01203100,SAN DIEGO CHRISTIAN COLLEGE             ,CA,92019-1157,Private      ,76,156,232,954,686,1640
01206100,EVEREST COLLEGE                         ,CA,95128-3908,Proprietary  ,36,127,163,246,460,706
01215400,CALIFORNIA INSTITUTE OF INTEGRAL STUDIES,CA,94103-2557,Private      ,7,176,183,50,1528,1578
01230002,PALMER COLLEGE OF CHIROPRACTIC - WEST CA,CA,95134-1617,Private      ,0,0,0,22,209,231
01231600,MANCHESTER BEAUTY COLLEGE               ,CA,93726-5306,Proprietary  ,15,40,55,133,146,279
01231700,TULARE BEAUTY COLLEGE                   ,CA,93274-3432,Proprietary  ,6,10,16,27,40,67
01244600,UNIVERSAL COLLEGE OF BEAUTY             ,CA,90044-0044,Proprietary  ,16,45,61,94,135,229
01245200,EVERGREEN VALLEY COLLEGE                ,CA,95135-1598,Public       ,826,1275,2101,5087,5585,10672
01255000,LOS ANGELES MISSION COLLEGE             ,CA,91342-3200,Public       ,774,1180,1954,6361,5673,12034
01265000,MARINELLO SCHOOL OF BEAUTY              ,CA,91502-2828,Proprietary  ,34,80,114,139,243,382
01265001,MARINELLO SCHOOL OF BEAUTY - PALMDALE   ,CA,93550-4686,Proprietary  ,11,29,40,107,148,255
01284200,OXNARD COLLEGE                          ,CA,93030-0000,Public       ,738,1135,1873,3587,3905,7492
01287200,NORTH-WEST COLLEGE                      ,CA,91768-3199,Proprietary  ,87,205,292,295,616,911
01287300,WYOTECH                                 ,CA,90810-3800,Proprietary  ,195,512,707,896,1555,2451
01287301,WYOTECH - EVEREST  COLLEGE              ,CA,90034-3158,Proprietary  ,41,125,166,250,488,738
01287302,WYOTECH - EVEREST  COLLEGE              ,CA,91746-3412,Proprietary  ,84,197,281,423,770,1193
01290700,LAKE TAHOE COMMUNITY COLLEGE            ,CA,96150-4524,Public       ,195,415,610,708,1048,1756
01291200,MTI COLLEGE                             ,CA,95841-0000,Proprietary  ,91,302,393,560,1469,2029
01294200,ROSEMEAD BEAUTY SCHOOL                  ,CA,91770-1639,Proprietary  ,12,52,64,44,210,254
01298400,PROFESSIONAL INSTITUTE OF BEAUTY        ,CA,91731-2613,Proprietary  ,16,34,50,28,83,111
01298500,HAIR CALIFORNIA BEAUTY ACADEMY          ,CA,92867-7127,Proprietary  ,3,13,16,31,50,81
01298900,OCEANSIDE COLLEGE OF BEAUTY             ,CA,92054-5393,Proprietary  ,28,38,66,124,183,307
01301000,LANCASTER BEAUTY SCHOOL                 ,CA,93534-3098,Proprietary  ,25,59,84,112,222,334
01307400,AMERICAN BEAUTY COLLEGE                 ,CA,91790-2906,Proprietary  ,18,42,60,66,98,164
01309500,SALON SUCCESS ACADEMY                   ,CA,92879-6561,Proprietary  ,62,64,126,193,218,411
01310300,CALIFORNIA WESTERN SCHOOL OF LAW        ,CA,92101-0000,Private      ,10,142,152,125,1696,1821
01324000,LYTLE'S REDWOOD EMPIRE BEAUTY CLG       ,CA,95403-0000,Proprietary  ,37,48,85,165,224,389
02054900,MARINELLO SCHOOL OF BEAUTY              ,CA,92630-0000,Proprietary  ,37,84,121,128,253,381
02054902,MARINELLO SCHOOL OF BEAUTY - BAKERSFIELD,CA,93309-5001,Proprietary  ,41,74,115,316,359,675
02054903,MARINELLO SCHOOL OF BEAUTY - VISALIA    ,CA,93277-6228,Proprietary  ,15,29,44,101,130,231
02059800,PARIS BEAUTY COLLEGE                    ,CA,94520-2611,Proprietary  ,10,49,59,46,134,180
02061600,WAYNES COLLEGE OF BEAUTY                ,CA,93906-2830,Proprietary  ,13,21,34,58,65,123
02063500,COASTLINE COMMUNITY COLLEGE             ,CA,92708-0000,Public       ,345,1899,2244,2441,7045,9486
02064300,SIERRA COLLEGE OF BEAUTY                ,CA,95340-0000,Proprietary  ,16,64,80,95,145,240
02065700,CALIFORNIA BEAUTY COLLEGE               ,CA,95354-0000,Proprietary  ,27,36,63,164,204,368
02070500,CONCORDIA UNIVERSITY                    ,CA,92612-0000,Private      ,141,504,645,3305,2747,6052
02075800,SOUTHERN CA INST OF ARCHITECTURE        ,CA,90013-0000,Private      ,21,52,73,269,536,805
02086400,MARINELLO SCHOOL OF BEAUTY              ,CA,95050-0000,Proprietary  ,48,80,128,104,181,285
02086401,MARINELLO SCHOOL OF BEAUTY - SEASIDE    ,CA,93955-3615,Proprietary  ,36,50,86,92,140,232
02086402,MARINELLO SCHOOL OF BEAUTY - SAN MATEO  ,CA,94401-3801,Proprietary  ,16,30,46,57,93,150
02086403,MARINELLO SCHOOL OF BEAUTY - HAYWARD    ,CA,94541-5111,Proprietary  ,36,52,88,106,165,271
02086404,MARINELLO SCHOOL OF BEAUTY - CASTRO VALL,CA,94546-5506,Proprietary  ,8,13,21,24,49,73
02091200,ELEGANCE INTERNATIONAL                  ,CA,90028-0000,Proprietary  ,47,54,101,118,165,283
02091700,KAPLAN COLLEGE                          ,CA,92123-1509,Proprietary  ,137,625,762,692,2386,3078
02091702,KAPLAN COLLEGE - CHULA VISTA            ,CA,91910-5342,Proprietary  ,47,122,169,250,466,716
02096100,FIELDING GRADUATE UNIVERSITY            ,CA,93105-0000,Private      ,0,219,219,3,841,844
02099200,AMERICAN CONSERVATORY THEATER           ,CA,94108-0000,Private      ,12,24,36,91,254,345
02110200,COLUMBIA COLLEGE                        ,CA,91356-0000,Private      ,48,28,76,370,179,549
02110800,CALIFORNIA COLLEGE SAN DIEGO            ,CA,92108-3821,Proprietary  ,236,682,918,2211,3075,5286
02111300,CUYAMACA COLLEGE                        ,CA,92019-0000,Public       ,1025,1909,2934,4711,6731,11442
02119100,MISSION COLLEGE                         ,CA,95054-1897,Public       ,465,1017,1482,3527,4918,8445
02120600,SAYBROOK GRADUATE SCHOOL                ,CA,94111-1920,Private      ,0,170,170,4,690,694
02120700,SAN JOAQUIN VALLEY COLLEGE              ,CA,93291-0000,Proprietary  ,536,1358,1894,2334,4771,7105
02125000,CAREER ACADEMY OF BEAUTY                ,CA,92845-0000,Proprietary  ,30,68,98,84,176,260
02128200,"VICTOR VALLEY BEAUTY COLLEGE, INC       ",CA,92392-0000,Proprietary  ,32,63,95,153,221,374
02128300,INSTITUTE FOR BUSINESS & TECHNOLOGY     ,CA,95050-0000,Proprietary  ,37,160,197,108,421,529
02128301,INSTITUTE FOR BUSINESS & TECHNOLOGY - NA,CA,95670-6351,Proprietary  ,11,53,64,33,114,147
02138300,PALO ALTO UNIVERSITY                    ,CA,94304-1337,Private      ,10,209,219,79,1029,1108
02161800,MUSICIANS INSTITUTE                     ,CA,90028-6157,Proprietary  ,252,221,473,1226,921,2147
02167800,ESTES INSTITUTE OF COSMETOLOGY          ,CA,93291-0000,Proprietary  ,30,30,60,112,114,226
02178700,CITRUS HEIGHTS BEAUTY COLLEGE           ,CA,95610-1410,Proprietary  ,18,38,56,112,137,249
02179916,ARGOSY UNIVERSITY - ORANGE COUNTY       ,CA,92868-4844,Proprietary  ,0,0,0,0,1,1
02179937,WESTERN STATE COLLEGE OF LAW            ,CA,92831-3014,Proprietary  ,6,73,79,33,947,980
02179938,"ART INSTITUTE OF CALIFORNIA, HOLLYWOOD  ",CA,91601-3112,Proprietary  ,296,269,565,2830,1755,4585
02179941,"ART INSTITUTE OF CALIFORNIA, LOS ANGELES",CA,90405-3035,Proprietary  ,300,298,598,4412,2846,7258
02179947,"ART INSTITUTE OF CALIFORNIA, SAN DIEGO  ",CA,92108-4423,Proprietary  ,317,494,811,2944,2703,5647
02185800,MOLER BARBER COLLEGE                    ,CA,94611-0000,Proprietary  ,14,58,72,53,177,230
02188400,SIERRA VALLEY COLLEGE OF COURT REPORTING,CA,93726-0000,Proprietary  ,18,49,67,77,175,252
02208600,MADERA BEAUTY COLLEGE                   ,CA,93637-3519,Proprietary  ,9,15,24,72,75,147
02211000,SALON SUCCESS ACADEMY                   ,CA,92405-0000,Proprietary  ,18,29,47,99,122,221
02220000,COLLEEN O'HARA BEAUTY ACADEMY           ,CA,92701-0000,Proprietary  ,15,39,54,65,99,164
02220200,CALIFORNIA CULINARY ACADEMY             ,CA,94102-3336,Proprietary  ,65,142,207,489,658,1147
02221300,MARINELLO SCHOOL OF BEAUTY              ,CA,92553-0000,Proprietary  ,27,55,82,155,236,391
02221303,MARINELLO SCHOOL OF BEAUTY - SAN RAFAEL ,CA,94901-3224,Proprietary  ,6,31,37,35,88,123
02222000,AMERICAN FILM INSTITUTE                 ,CA,90027-0000,Private      ,70,168,238,519,1011,1530
02226000,EAST LOS ANGELES COLLEGE                ,CA,91754-0000,Public       ,2143,2816,4959,17131,14241,31372
02228500,LIFE CHIROPRACTIC COLLEGE WEST          ,CA,94545-0000,Private      ,3,71,74,24,518,542
02230900,FREDRICK & CHARLES BEAUTY COLLEGE       ,CA,95501-0000,Proprietary  ,19,47,66,76,122,198
02231900,GEMOLOGICAL INSTITUTE OF AMERICA        ,CA,92008-4698,Private      ,17,78,95,72,287,359
02234300,FASHION CAREERS OF CALIFORNIA           ,CA,92110-0000,Proprietary  ,0,0,0,32,27,59
02236400,"THANH LE COLG, SCH OF COSMETOLOGY       ",CA,92840-0000,Proprietary  ,7,23,30,10,28,38
02237200,PHILLIPS GRADUATE INSTITUTE             ,CA,91316-0000,Private      ,0,69,69,6,215,221
02241800,AMERICAN CAREER COLLEGE                 ,CA,90004-0000,Proprietary  ,538,1088,1626,1615,3215,4830
02242700,BERKELEY CITY COLLEGE                   ,CA,94704-0000,Public       ,604,1221,1825,4122,5094,9216
02250602,EVEREST COLLEGE                         ,CA,91761-8525,Proprietary  ,86,203,289,611,1194,1805
02255400,INTERNATIONAL SCHOOL OF COSMETOLOGY     ,CA,90250-0000,Proprietary  ,51,41,92,172,226,398
02258600,ALAMEDA BEAUTY COLLEGE                  ,CA,94501-0000,Proprietary  ,34,85,119,185,275,460
02262400,YESHIVA OHR ELCHONON CHABAD             ,CA,90046-0000,Private      ,25,2,27,97,5,102
02263101,ANTHEM COLLEGE - SACRAMENTO             ,CA,95827-3378,Proprietary  ,49,121,170,136,356,492
02267600,INSTITUTE OF TRANSPERSONAL PSYCHLGY     ,CA,94303-4624,Private      ,3,113,116,22,570,592
02270600,LIFE PACIFIC COLLEGE                    ,CA,91773-0000,Private      ,79,47,126,441,240,681
02276800,WESTMINSTER SEMINARY CALIFORNIA         ,CA,92027-0000,Private      ,1,8,9,8,156,164
02277400,SOUTH COAST COLLEGE                     ,CA,92868-2616,Proprietary  ,34,105,139,244,471,715
02282300,ALHAMBRA BEAUTY COLLEGE                 ,CA,91802-0000,Proprietary  ,15,39,54,40,104,144
02285100,HILLTOP BEAUTY SCHOOL                   ,CA,94014-0000,Proprietary  ,6,33,39,23,104,127
02298000,DESIGN INSTITUTE OF SAN DIEGO           ,CA,92121-0000,Proprietary  ,27,71,98,245,301,546
02304300,"PLATT COLLEGE, SAN DIEGO                ",CA,92115-0000,Proprietary  ,29,95,124,255,421,676
02306300,KAPLAN COLLEGE                          ,CA,95368-0000,Proprietary  ,51,133,184,291,604,895
02306302,KAPLAN COLLEGE - FRESNO                 ,CA,93612-3802,Proprietary  ,31,80,111,207,326,533
02309500,CLOVIS ADULT EDUC                       ,CA,93611-0000,Public       ,16,77,93,91,350,441
02312400,LA COLLEGE INTERNATIONAL                ,CA,90010-0000,Proprietary  ,0,0,0,1,3,4
02330500,LAGUNA COLLEGE OF ART AND DESIGN        ,CA,92651-0000,Private      ,52,53,105,712,283,995
02332800,CENTER FOR EMPLOYMENT TRAINING          ,CA,95110-0000,Private      ,228,874,1102,443,1651,2094
02338500,GLENDALE CAREER COLLEGE                 ,CA,91203-1207,Proprietary  ,69,206,275,241,543,784
02338700,MARINELLO SCHOOL OF BEAUTY              ,CA,94103-0000,Proprietary  ,16,48,64,130,197,327
02338701,MARINELLO SCHOOL OF BEAUTY - CHICO      ,CA,95928-7184,Proprietary  ,21,58,79,120,171,291
02338702,MARINELLO SCHOOL OF BEAUTY - REDDING    ,CA,96001-1023,Proprietary  ,14,46,60,95,190,285
02338703,MARINELLO SCHOOL OF BEAUTY - FRESNO     ,CA,93711-3246,Proprietary  ,44,103,147,215,245,460
02342400,ACADEMY OF RADIO BROADCASTING           ,CA,92647-3809,Proprietary  ,22,61,83,97,218,315
02343400,"BELLUS ACADEMY, THE ACADEMY OF BEAUTY AN",CA,92064-4633,Proprietary  ,98,144,242,323,490,813
02345800,MONTEBELLO BEAUTY COLLEGE               ,CA,90640-0000,Proprietary  ,1,6,7,15,18,33
02351900,KAPLAN COLLEGE                          ,CA,95660-5512,Proprietary  ,89,386,475,485,1521,2006
02351901,KAPLAN COLLEGE - BAKERSFIELD            ,CA,93304-0000,Proprietary  ,104,205,309,523,822,1345
02358000,THOMAS AQUINAS COLLEGE                  ,CA,93060-9622,Private      ,11,5,16,394,37,431
02359300,SHASTA BIBLE COLLEGE                    ,CA,96002-0000,Private      ,9,32,41,53,95,148
02482700,WESTERN UNIVERSITY OF HEALTH S          ,CA,91766-1854,Private      ,23,179,202,184,5734,5918
02494800,LOLA BEAUTY COLLEGE                     ,CA,92641-0000,Proprietary  ,12,16,28,27,38,65
02497300,TRINITY COLLEGE                         ,CA,93277-8109,Proprietary  ,59,184,243,198,625,823
02500000,SAN JOAQUIN COLLEGE OF LAW              ,CA,93612-0000,Private      ,3,34,37,26,331,357
02518400,THE NATIONAL HISPANIC UNIVERSITY        ,CA,95127-0000,Proprietary  ,43,293,336,488,981,1469
02519800,AVANCE BEAUTY COLLEGE                   ,CA,92154-0000,Proprietary  ,28,50,78,158,185,343
02520200,CALIFORNIA CAREER SCHOOLS               ,CA,92805-0000,Proprietary  ,15,68,83,92,198,290
02520300,INTERIOR DESIGNERS INSTITUTE            ,CA,92660-0000,Proprietary  ,12,62,74,43,166,209
02520400,ADRIAN'S BEAUTY COLLEGE OF TURLOCK      ,CA,95382-0000,Proprietary  ,37,30,67,126,123,249
02531801,PAUL MITCHELL THE SCHOOL-COSTA MESA     ,CA,92626-3804,Proprietary  ,62,102,164,101,167,268
02531804,PAUL MITCHELL THE SCHOOL - SAN DIEGO    ,CA,92101-0000,Proprietary  ,58,113,171,139,277,416
02537200,PALOMAR INSTITUTE OF COSMETOLOGY        ,CA,92069-0000,Proprietary  ,51,81,132,205,281,486
02539100,KAPLAN COLLEGE                          ,CA,91606-3231,Proprietary  ,94,196,290,382,829,1211
02539102,KAPLAN COLLEGE -  RIVERSIDE             ,CA,92507-4223,Proprietary  ,57,204,261,447,882,1329
02539500,IRVINE VALLEY COLLEGE                   ,CA,92620-0000,Public       ,891,1240,2131,6817,4771,11588
02542300,NATIONAL HOLISTIC INSTITUTE             ,CA,94608-0000,Proprietary  ,60,267,327,208,804,1012
02543400,BROWNSON TECHNICAL SCHOOL               ,CA,92805-0000,Proprietary  ,13,84,97,37,173,210
02545900,HYPNOSIS MOTIVATION INSTITUTE           ,CA,91356-0000,Private      ,5,44,49,8,85,93
02546400,MTI BUSINESS COLLEGE INC                ,CA,95207-0000,Proprietary  ,18,89,107,82,246,328
02549000,KAPLAN COLLEGE                          ,CA,92083-7736,Proprietary  ,87,279,366,347,976,1323
02549005,KAPLAN COLLEGE -  PALM SPRINGS          ,CA,92262-7011,Proprietary  ,49,103,152,318,450,768
02553500,ASSOCIATED TECHNICAL COLLEGE            ,CA,92101-0000,Proprietary  ,30,122,152,157,336,493
02553600,DIVERSIFIED LANGUAGE INSTITUTE          ,CA,90017-0000,Proprietary  ,23,250,273,62,611,673
02559300,UNITED EDUCATION INSTITUTE              ,CA,90020-0000,Proprietary  ,285,637,922,656,1519,2175
02559400,INTERCOAST COLLEGES                     ,CA,92868-1656,Proprietary  ,84,722,806,244,1772,2016
02565400,KAPLAN COLLEGE                          ,CA,95207-6216,Proprietary  ,18,81,99,208,397,605
02570300,LOS ANGELES ORT COLLEGE                 ,CA,90048-0000,Private      ,48,234,282,132,592,724
02577900,SANTA BARBARA BUSINESS COLLEGE          ,CA,93309-1664,Proprietary  ,94,220,314,436,788,1224
02578000,SANTA BARBARA BUSINESS COLLEGE          ,CA,93454-6943,Proprietary  ,22,89,111,203,409,612
02584200,NEWBRIDGE COLLEGE                       ,CA,92701-0000,Proprietary  ,25,88,113,174,442,616
02591600,NORTH-WEST COLLEGE                      ,CA,91101-1744,Proprietary  ,22,71,93,105,249,354
02595600,ASIAN AMERICAN INTERNATIONAL BTY CG     ,CA,92683-4043,Proprietary  ,7,45,52,10,67,77
02597300,SOUTH BAYLO UNIVERSITY                  ,CA,92801-1701,Private      ,1,98,99,8,292,300
02602300,CENTRAL COAST COLLEGE                   ,CA,93901-3301,Proprietary  ,44,72,116,251,323,574
02608900,PINNACLE COLLEGE                        ,CA,91803-8842,Proprietary  ,14,17,31,70,79,149
02608901,PINNACLE COLLEGE - SACRAMENTO           ,CA,95670-6386,Proprietary  ,18,25,43,70,135,205
02609000,EMPERORS COLG OF TRAD ORIENTAL MED      ,CA,90403-5609,Proprietary  ,1,50,51,6,203,209
03010611,VIRGINIA COLLEGE - GOLF ACADEMY OF AMERI,CA,92008-6512,Proprietary  ,5,19,24,40,108,148
03011300,"CALIF STATE UNIV, SAN MARCOS            ",CA,92096-0001,Public       ,486,904,1390,14599,7604,22203
03019900,CAPSTONE COLLEGE                        ,CA,91402-4924,Proprietary  ,12,29,41,23,67,90
03025600,DELL'ARTE SCH OF PHYSICAL THEATRE       ,CA,95525-0816,Private      ,1,10,11,8,44,52
03027700,PACIFIC COLLEGE OF ORIENTAL MED         ,CA,92108-4408,Proprietary  ,14,137,151,81,586,667
03029600,POMONA ADULT SCHOOL                     ,CA,91766-0000,Public       ,67,123,190,154,341,495
03031409,INTERNATIONAL ACADEMY OF DESIGN AND TECH,CA,95834-9664,Proprietary  ,37,112,149,277,475,752
03035700,LAS POSITAS COLLEGE                     ,CA,94551-6750,Public       ,416,601,1017,3211,2802,6013
03039900,FREMONT COLLEGE                         ,CA,90703-5342,Proprietary  ,55,146,201,370,488,858
03043900,NEWSCHOOL OF ARCHITECTURE & DESIGN      ,CA,92101-6634,Proprietary  ,41,117,158,341,542,883
03054100,ROYALE COLLEGE OF BEAUTY                ,CA,92590-2525,Proprietary  ,25,22,47,65,91,156
03062300,WESTECH COLLEGE                         ,CA,91764-4988,Proprietary  ,71,237,308,232,652,884
03062400,MT DIABLO ADULT EDUC LOMA VISTA CTR     ,CA,94518-1122,Public       ,28,68,96,134,268,402
03062700,PLATT COLLEGE                           ,CA,90041-0000,Proprietary  ,81,176,257,471,728,1199
03062701,PLATT COLLEGE                           ,CA,91764-0000,Proprietary  ,65,107,172,456,635,1091
03062702,PLATT COLLEGE - RIVERSIDE               ,CA,92507-0730,Proprietary  ,80,149,229,551,640,1191
03063400,MODERN TECHNOLOGY SCHOOL                ,CA,92708-9821,Proprietary  ,19,42,61,83,174,257
03067400,BALDWIN PARK ADULT SCHOOL               ,CA,91706-4897,Public       ,44,105,149,161,341,502
03067500,INSTITUTE OF TECHNOLOGY                 ,CA,93612-3217,Proprietary  ,194,503,697,592,1644,2236
03069500,SAGE COLLEGE                            ,CA,92557-6720,Proprietary  ,35,168,203,156,663,819
03072300,EVEREST COLLEGE                         ,CA,91761-3222,Proprietary  ,93,209,302,437,763,1200
03072700,WESTWOOD COLLEGE - LOS ANGELES          ,CA,90010-1577,Proprietary  ,166,811,977,1383,4127,5510
03078200,AMERICAN CLG TRADITIONAL CHINESE MD     ,CA,94107-2813,Private      ,1,76,77,7,272,279
03084700,VENTURA ADULT\CONTINUING EDUCATION      ,CA,93003-7313,Public       ,12,88,100,50,262,312
03094400,ELITE PROGRESSIVE SCHOOL OF COSM        ,CA,95841-2909,Proprietary  ,23,68,91,122,254,376
03094401,MARINELLO SCHOOL OF BEAUTY - CONCORD    ,CA,94520-2581,Proprietary  ,28,48,76,100,177,277
03094402,MARINELLO SCHOOL OF BEAUTY- STOCKTON    ,CA,95203-3149,Proprietary  ,23,52,75,162,237,399
03097700,CENTRAL CALIF SCH CONTINUING EDUC       ,CA,93401-6739,Proprietary  ,31,63,94,85,196,281
03098200,YO SAN UNIV TRADITIONAL CHINESE MED     ,CA,90066-1103,Private      ,0,50,50,3,166,169
03108100,SUMMIT CAREER COLLEGE                   ,CA,92324-3956,Proprietary  ,98,294,392,374,956,1330
03109500,DONGGUK  UNIVERSITY LOS ANGELES         ,CA,90020-1765,Private      ,4,23,27,33,107,140
03113300,UEI COLLEGE                             ,CA,93727-1620,Proprietary  ,111,335,446,488,1004,1492
03113600,SOUTHERN CALIFORNIA INST OF TECHNOL     ,CA,92805-3758,Proprietary  ,53,165,218,149,452,601
03116600,EAST SAN GABRIEL VLY REG OCCUP PROG     ,CA,91790-2105,Public       ,79,238,317,247,663,910
03125300,JOHN WESLEY INTER. BARBER & BTY CLG     ,CA,90813-4321,Proprietary  ,15,35,50,100,177,277
03125800,PREMIERE CAREER COLLEGE                 ,CA,91706-3746,Proprietary  ,61,177,238,157,398,555
03126800,PACIFICA GRADUATE INSTITUTE             ,CA,93013-0000,Proprietary  ,0,276,276,3,932,935
03128700,MT SIERRA COLLEGE                       ,CA,91016-3414,Proprietary  ,40,71,111,390,391,781
03131300,FIVE BRANCHES UNIVERSITY                ,CA,95062-4669,Proprietary  ,1,76,77,24,410,434
03144400,AMERICAN CLG OF HEALTH PROFESSIONS      ,CA,92505-3038,Proprietary  ,40,134,174,276,551,827
03150500,VIRGINIA SEWING MACHINES & SCH CTR      ,CA,90015-3535,Proprietary  ,11,30,41,22,44,66
03162300,FOUR-D SUCCESS ACADEMY                  ,CA,92324-4218,Proprietary  ,41,174,215,188,618,806
03163300,PACIFIC STATES UNIVERSITY               ,CA,90006-0000,Private      ,11,16,27,79,77,156
03195400,EVEREST COLLEGE                         ,CA,90501-2867,Proprietary  ,30,73,103,132,269,401
03210300,LE CORDON BLEU COLLEGE OF CULINARY ARTS ,CA,91101-5221,Proprietary  ,358,616,974,1946,2750,4696
03225300,AMERICAN UNIVERSITY OF HEALTH SCIENCES  ,CA,90755-3612,Proprietary  ,14,50,64,137,334,471
03242300,CAREER NETWORK INSTITUTE                ,CA,92868-4710,Proprietary  ,58,183,241,147,575,722
03250300,COMMUNITY BASED EDUCATION AND DEVEL     ,CA,90036-0000,Private      ,27,66,93,84,215,299
03260300,CALIFORNIA STATE U-MONTEREY BAY         ,CA,93955-8001,Public       ,266,466,732,13045,4185,17230
03266300,BETHESDA UNIVERSITY OF CALIFORNIA       ,CA,92801-4132,Private      ,31,44,75,146,153,299
03278300,CLARITA CAREER COLLEGE                  ,CA,91351-5432,Proprietary  ,156,238,394,457,899,1356
03288300,ACAD CHINESE CULTURE & HEALTH SCIS      ,CA,94512-0000,Private      ,12,44,56,24,190,214
03299300,PACIFIC COLLEGE                         ,CA,92626-3160,Proprietary  ,24,112,136,133,336,469
03308300,BRISTOL UNIVERSITY                      ,CA,92806-6198,Proprietary  ,14,39,53,31,97,128
03327400,ACUPUNCTURE AND INTEGRATIVE MEDICINE COL,CA,94704-2724,Private      ,5,45,50,42,228,270
03332300,SOUTHERN CA BIBLE CLG & SEMINARY        ,CA,92019-1109,Private      ,5,47,52,16,154,170
03359300,ST. FRANCIS CAREER COLLEGE              ,CA,90262-2659,Private      ,10,56,66,39,90,129
03367300,PROFESSIONAL GOLFERS CAREER COLLEGE     ,CA,92591-6013,Proprietary  ,19,61,80,99,197,296
03395300,INTERNATIONAL CAREER DEVELOPMENT        ,CA,90027-5794,Proprietary  ,192,1441,1633,590,4338,4928
03399300,NORTHWESTERN TECHNICAL COLLEGE          ,CA,95670-4443,Proprietary  ,13,32,45,77,330,407
03403300,EPIC BIBLE COLLEGE                      ,CA,95841-3546,Private      ,18,116,134,123,484,607
03413400,ENGLISH CENTER  (THE)                   ,CA,94607-3734,Private      ,15,52,67,27,121,148
03427400,CAREER COLLEGES OF AMERICA              ,CA,90280-7420,Proprietary  ,116,382,498,372,1080,1452
03427500,UNIVERSITY OF ANTELOPE VALLEY           ,CA,93534-3324,Proprietary  ,130,327,457,621,1065,1686
03440400,MARIAN HEALTH CAREERS CENTER            ,CA,90010-1728,Proprietary  ,25,68,93,90,193,283
03441400,VALLEY CAREER COLLEGE                   ,CA,92020-3057,Proprietary  ,12,49,61,67,195,262
03458300,MY LE'S BEAUTY COLLEGE                  ,CA,95824-3039,Proprietary  ,10,45,55,97,224,321
03467300,MARINELLO SCHOOL OF BEAUTY              ,CA,92545-3661,Proprietary  ,19,64,83,116,238,354
03467301,MARINELLO SCHOOL OF BEAUTY - CATHEDRAL C,CA,92234-6656,Proprietary  ,0,10,10,36,29,65
03467302,MARINELLO SCHOOL OF BEAUTY - MURRIETA   ,CA,92563-5039,Proprietary  ,40,81,121,129,219,348
03467303,MARINELLO SCHOOL OF BEAUTY - NAPA       ,CA,94559-1237,Proprietary  ,16,19,35,71,108,179
03467304,MARINELLO SCHOOL OF BEAUTY - CITY OF IND,CA,91748-1674,Proprietary  ,19,30,49,49,103,152
03467305,MARINELLO SCHOOL OF BEAUTY - BELL       ,CA,90201-1193,Proprietary  ,8,20,28,77,87,164
03467306,MARINELLO SCHOOL OF BEAUTY - PARAMOUNT  ,CA,90723-5256,Proprietary  ,28,42,70,121,145,266
03467307,MARINELLO SCHOOL OF BEAUTY - HUNTINGTON ,CA,92646-2552,Proprietary  ,22,45,67,116,153,269
03479300,PROFESSIONAL CAREER INSTITUTE           ,CA,90703-2522,Proprietary  ,18,54,72,94,131,225
03516300,KING'S UNIVERSITY (THE)                 ,CA,91405-2233,Private      ,53,216,269,144,457,601
03532400,ADVANCED TRAINING ASSOCIATES            ,CA,92020-1236,Proprietary  ,6,48,54,26,125,151
03542400,COPPER MOUNTAIN COLLEGE                 ,CA,92252-6102,Public       ,192,545,737,683,1854,2537
03577300,COBA ACADEMY                            ,CA,92866-1407,Proprietary  ,12,23,35,33,49,82
03590400,NTMA TRAINING CENTERS OF SOUTHERN C     ,CA,90650-6099,Private      ,52,158,210,144,424,568
03592400,IRELL & MANELLA GRADUATE SCHOOL OF BIOLO,CA,91010-0000,Private      ,0,3,3,0,22,22
03598300,AVALON BEAUTY COLLEGE                   ,CA,93103-3137,Proprietary  ,35,41,76,128,101,229
03614300,DAVID'S ACADEMY OF BEAUTY               ,CA,91780-1089,Proprietary  ,20,94,114,30,152,182
03639300,WEST COAST ULTRASOUND INSTITUTE         ,CA,90211-3312,Proprietary  ,69,250,319,393,1264,1657
03646300,DESIGN'S SCHOOL OF COSMETOLOGY          ,CA,93446-9530,Proprietary  ,43,84,127,85,163,248
03681300,CALIFORNIA HEALING ARTS COLLEGE         ,CA,90025-2589,Proprietary  ,16,62,78,95,239,334
03695300,COMMUNITY ENHANCEMENT SERVICES          ,CA,91502-2750,Private      ,16,73,89,34,149,183
03695700,SANTIAGO CANYON COLLEGE                 ,CA,92869-4512,Public       ,712,677,1389,4478,2668,7146
03696300,UNIVERSITY OF THE WEST                  ,CA,91770-3709,Private      ,0,14,14,51,97,148
03698300,WEST COAST UNIVERSITY                   ,CA,91606-3206,Proprietary  ,428,1049,1477,2224,4974,7198
03698400,CA COLLEGE OF VOCATIONAL CAREER         ,CA,93301-1800,Proprietary  ,35,103,138,181,431,612
03736300,ADVANCE BEAUTY COLLEGE                  ,CA,92843-4752,Proprietary  ,12,146,158,57,322,379
03740400,ATI COLLEGE                             ,CA,90650-0000,Proprietary  ,20,59,79,85,181,266
03759300,COMPUTER TUTOR BUSINESS & TECH INST     ,CA,95356-0000,Proprietary  ,27,67,94,105,233,338
03786300,ADVANCED COLLEGE                        ,CA,90280-5255,Proprietary  ,22,87,109,75,248,323
03797400,CAREER CARE INSTITUTE                   ,CA,93534-4766,Proprietary  ,73,261,334,219,670,889
03797401,CAREER CARE INSTITUTE - VENTURA         ,CA,93003-0000,Proprietary  ,8,44,52,57,187,244
03797402,CAREER CARE INSTITUTE - MORENO VALLEY   ,CA,92553-7519,Proprietary  ,7,29,36,56,147,203
03814400,SOKA UNIVERSITY OF AMERICA              ,CA,92656-8081,Private      ,6,12,18,572,58,630
03853300,KECK GRADUATE INSTITUTE OF APPLIED LIFE ,CA,91711-4817,Private      ,0,24,24,4,132,136
03868300,WORLD MISSION UNIVERSITY                ,CA,90020-1789,Private      ,3,29,32,12,109,121
03868400,LOS ANGELES MUSIC ACADEMY               ,CA,91105-2540,Proprietary  ,27,44,71,228,184,412
03871300,FOLSOM LAKE COLLEGE                     ,CA,95630-6798,Public       ,299,702,1001,3608,4138,7746
03874300,CAMBRIDGE JUNIOR COLLEGE                ,CA,95993-0000,Proprietary  ,28,111,139,211,442,653
03874400,COMMMUNITY CHRISTIAN COLLEGE            ,CA,92373-4465,Private      ,24,28,52,149,127,276
03889300,STANBRIDGE COLLEGE                      ,CA,92612-0000,Proprietary  ,83,252,335,335,1180,1515
03901300,PACIFIC COAST TRADE SCHOOL              ,CA,93033-2441,Proprietary  ,39,86,125,97,226,323
03910400,NATIONAL POLYTECHNIC COLLEGE            ,CA,90040-3066,Proprietary  ,49,60,109,128,149,277
03933300,MUELLER COLLEGE OF HOLISTIC STUDIES     ,CA,92116-2630,Proprietary  ,10,79,89,37,258,295
03935300,CALIFORNIA NURSES EDUCATIONAL INSTITUTE ,CA,92234-7248,Proprietary  ,23,85,108,96,260,356
03962300,AMERICAN INSTITUTE OF MASSAGE THERAPY   ,CA,92705-5463,Proprietary  ,10,24,34,72,95,167
03964400,INTERNATIONAL SCHOOL OF BEAUTY          ,CA,92260-2740,Proprietary  ,28,82,110,122,270,392
03969600,AMERICAN AUTO INSTITUTE                 ,CA,90703-2637,Proprietary  ,175,291,466,432,809,1241
03971300,AMERICAN CAREER COLLEGE                 ,CA,91764-4906,Proprietary  ,275,538,813,832,1625,2457
03973300,EX'PRESSION COLLEGE FOR DIGTAL ARTS     ,CA,94608-1021,Proprietary  ,112,98,210,542,459,1001
03974500,CALIFORNIA CAREER COLLEGE               ,CA,91303-2006,Proprietary  ,7,30,37,43,135,178
03980300,CALIFORNIA STATE UNIVERSITY CHANNEL ISLA,CA,93012-8599,Public       ,194,380,574,8355,3410,11765
03995300,UNIVERSITY OF EAST-WEST MEDICINE        ,CA,94087-6106,Proprietary  ,3,17,20,16,75,91
03999300,BEAUMONT ADULT SCHOOL                   ,CA,92223-1927,Public       ,7,33,40,38,148,186
04001300,PALACE BEAUTY COLLEGE                   ,CA,90006-4233,Proprietary  ,12,77,89,86,182,268
04003300,BLAKE AUSTIN COLLEGE                    ,CA,95687-3100,Proprietary  ,62,135,197,198,463,661
04004300,THUY PRINCESS BEAUTY COLLEGE            ,CA,91766-0000,Proprietary  ,9,30,39,35,72,107
04005300,UNITED STATES UNIVERSITY                ,CA,91911-1683,Proprietary  ,6,93,99,24,302,326
04014400,PALLADIUM TECHNICAL ACADEMY             ,CA,91731-2429,Proprietary  ,10,31,41,21,48,69
04023400,PROTEUS                                 ,CA,93291-3014,Private      ,0,0,0,17,51,68
04037300,LOS ANGELES FILM SCHOOL (THE)           ,CA,90028-7300,Proprietary  ,390,523,913,1719,2110,3829
04056300,CAREER COLLEGE OF CALIFORNIA            ,CA,92705-5805,Proprietary  ,37,93,130,132,245,377
04057300,TECHSKILLS OF CALIFORNIA                ,CA,95815-4025,Proprietary  ,47,320,367,188,848,1036
04076400,GNOMON SCHOOL OF VISUAL EFFECTS         ,CA,90038-2616,Proprietary  ,25,45,70,129,193,322
04088300,WESTMED COLLEGE                         ,CA,95128-2541,Private      ,21,86,107,120,360,480
04088301,WESTMED COLLEGE - MERCED                ,CA,95340-9165,Private      ,14,40,54,122,255,377
04092300,COASTLINE BEAUTY COLLEGE                ,CA,92708-3847,Proprietary  ,17,105,122,67,199,266
04092400,MAKE-UP DESIGNORY                       ,CA,91502-1322,Proprietary  ,57,64,121,282,285,567
04100400,TAFT UNIVERSITY SYSTEM (THE)            ,CA,92704-6954,Proprietary  ,3,119,122,14,447,461
04109300,ACADEMY OF BARBERING ARTS (THE)         ,CA,91324-3406,Proprietary  ,0,0,0,9,22,31
04111300,WEST HILLS COLLEGE LEMOORE              ,CA,93245-9248,Public       ,233,550,783,2354,2873,5227
04114500,VALLEY COLLEGE OF MEDICAL CAREERS       ,CA,91304-2354,Proprietary  ,19,32,51,69,135,204
04115300,COACHELLA VALLEY BEAUTY COLLEGE         ,CA,92253-2051,Proprietary  ,24,37,61,100,113,213
04115600,MAYFIELD COLLEGE                        ,CA,92234-7014,Proprietary  ,54,143,197,173,363,536
04116000,VIDEO SYMPHONY ENTERTRAINING            ,CA,91502-3253,Proprietary  ,14,70,84,97,358,455
04118800,NEW YORK FILM ACADEMY                   ,CA,91608-1002,Proprietary  ,143,229,372,765,961,1726
04119200,CAREER COLLEGE CONSULTANTS              ,CA,90041-2088,Proprietary  ,6,45,51,41,136,177
04126400,CHAMPION INSTITUTE OF COSMETOLOGY       ,CA,92264-7458,Proprietary  ,6,15,21,33,48,81
04126500,COAST CAREER INSTITUTE                  ,CA,90015-3040,Proprietary  ,25,84,109,76,199,275
04127100,"UNIVERSITY OF CALIFORNIA, MERCED        ",CA,95343-5001,Public       ,128,100,228,15476,2167,17643
04127900,TUI UNIVERSITY                          ,CA,90630-5023,Proprietary  ,14,812,826,49,2734,2783
04129700,INTERNATIONAL POLYTECHNIC INSTITUTE     ,CA,92231-1737,Private      ,4,6,10,17,14,31
04129803,MEDIATECH INSTITUTE - OCEANSIDE         ,CA,92054-5116,Proprietary  ,19,27,46,56,104,160
04132400,ACADEMY OF ESTHETICS AND COSMETOLOGY    ,CA,91342-3373,Proprietary  ,12,30,42,59,71,130
04132700,INFOTECH CAREER COLLEGE                 ,CA,90706-5579,Proprietary  ,18,67,85,44,152,196
04133000,BIOHEALTH COLLEGE                       ,CA,95134-2033,Proprietary  ,21,103,124,72,280,352
04133100,CALIFORNIA UNIVERSITY OF MANAGEMENT AND ,CA,92801-1702,Private      ,2,20,22,22,88,110
04134500,CAREER COLLEGE OF SAN DIEGO             ,CA,92102-3348,Proprietary  ,39,249,288,234,787,1021
04134700,INTERNATL PROFESSIONAL SCHL OF BODYWORK ,CA,92123-1520,Proprietary  ,17,58,75,54,246,300
04137200,BORNER'S BARBER COLLEGE                 ,CA,90047-3856,Proprietary  ,10,41,51,66,148,214
04138700,CAO INSTITUTE OF AESTHETICS (THE)       ,CA,91801-3903,Proprietary  ,24,62,86,77,145,222
04140500,HORIZON UNIVERSITY                      ,CA,92111-2622,Private      ,6,50,56,60,162,222
04141300,SAN FRANCISCO INSTITUTE OF ESTHETICS    ,CA,94103-4083,Proprietary  ,33,51,84,120,186,306
04141400,LAURUS COLLEGE                          ,CA,93401-5405,Proprietary  ,67,336,403,161,784,945
04141700,HEALING HANDS SCHOOL OF HOLISTIC HEALTH ,CA,92025-1722,Proprietary  ,9,52,61,42,171,213
04142500,TOURO COLLEGE LOS ANGELES               ,CA,90046-4506,Private      ,15,44,59,99,154,253
04142600,TOURO UNIVERSITY                        ,CA,94592-1118,Private      ,5,174,179,40,2854,2894
04143800,WOODLAND COMMUNITY COLLEGE              ,CA,95776-5156,Public       ,133,289,422,1444,1641,3085
04144200,CAREER DEVELOPMENT INSTITUTE            ,CA,90035-4364,Proprietary  ,8,67,75,46,186,232
04145000,SAN DIEGO CULINARY INSTITUTE            ,CA,91941-6435,Proprietary  ,50,157,207,369,563,932
04145600,INTERNATIONAL COLLEGE OF COSMETOLOGY    ,CA,94601-3525,Proprietary  ,16,56,72,58,182,240
04146000,NATIONAL CAREER COLLEGE                 ,CA,91605-1400,Proprietary  ,10,54,64,26,107,133
04148200,BEYOND 21ST CENTURY BEAUTY ACADEMY      ,CA,90670-6316,Proprietary  ,16,17,33,29,36,65
04148900,N CALIF INSTITUTE OF COSMETOLOGY        ,CA,94577-2820,Proprietary  ,6,21,27,22,71,93
04149700,HOMESTEAD SCHOOLS                       ,CA,90505-5945,Private      ,25,46,71,67,175,242
04150000,CENTRAL NURSING COLLEGE                 ,CA,90010-2444,Proprietary  ,20,55,75,218,289,507
04150100,GOLDEN STATE COLLEGE OF COURT REPORTING ,CA,94568-2948,Proprietary  ,2,11,13,12,61,73
04150300,RWM FIBER OPTICS                        ,CA,90746-1051,Proprietary  ,6,32,38,15,83,98
04150500,"PREFERRED COLLEGE OF NURSING, LOS ANGELE",CA,90010-2202,Proprietary  ,18,97,115,128,357,485
04152800,CALIFORNIA ACADEMY (THE) - A PAUL MITCHE,CA,95825-2276,Proprietary  ,102,140,242,388,489,877
04153900,PROVIDENCE CHRISTIAN COLLEGE            ,CA,91104-2635,Private      ,8,15,23,91,50,141
04154400,FRANKLIN CAREER COLLEGE                 ,CA,91761-1522,Proprietary  ,5,23,28,34,124,158
04155500,"ACADEMY FOR JEWISH RELIGION, CALIFORNIA ",CA,90024-3234,Private      ,4,31,35,24,84,108
04156100,DIOR SCHOOL OF COSMETOLOGY              ,CA,95355-9695,Proprietary  ,15,40,55,84,144,228
04157800,GRACE MISSION UNIVERSITY                ,CA,92833-3860,Private      ,3,22,25,14,61,75
04158200,PAUL MITCHELL THE SCHOOL SHERMAN OAKS   ,CA,91403-5882,Proprietary  ,56,75,131,216,214,430
04158700,HOLLYWOOD BEAUTY COLLEGE                ,CA,95210-3514,Proprietary  ,11,40,51,116,190,306
04158900,FLAIR BEAUTY COLLEGE                    ,CA,91351-3381,Proprietary  ,17,23,40,40,60,100
04159600,GALAXY MEDICAL COLLEGE                  ,CA,91606-1593,Proprietary  ,7,17,24,29,50,79
04159700,AMERICAN MEDICAL SCIENCES CENTER        ,CA,91204-5108,Proprietary  ,22,40,62,72,138,210
04160100,TRINITY VOCATIONAL CENTER               ,CA,90248-4334,Proprietary  ,28,81,109,48,181,229
04160400,ANGELES COLLEGE OF NURSING              ,CA,90010-2100,Proprietary  ,57,128,185,461,586,1047
04161300,PREFERRED COLLEGE OF NURSING            ,CA,91401-1442,Proprietary  ,16,55,71,56,156,212
04161700,SHASTA SCHOOL OF COSMETOLOGY            ,CA,96003-0000,Proprietary  ,15,23,38,99,144,243
04161800,BRANDMAN UNIVERSITY                     ,CA,92618-3801,Private      ,99,2239,2338,469,7877,8346
04162800,S.I.C.E PAUL MITCHELL PARTNER SCHOOL    ,CA,95350-1440,Proprietary  ,55,91,146,284,331,615
04163400,COSMO BEAUTY ACADEMY                    ,CA,95605-1904,Proprietary  ,26,62,88,189,293,482
04163900,L.A. BARBER COLLEGE                     ,CA,90013-1121,Proprietary  ,0,0,0,13,29,42
04164400,ANGELES INSTITUTE                       ,CA,90712-2903,Proprietary  ,26,59,85,64,163,227
04165900,PAUL MITCHELL THE SCHOOL FRESNO         ,CA,93710-7617,Proprietary  ,55,101,156,312,327,639
04167000,PAUL MITCHELL THE SCHOOL TEMECULA       ,CA,92591-4663,Proprietary  ,53,75,128,199,222,421
04169200,TRAMY BEAUTY SCHOOL                     ,CA,92115-6347,Proprietary  ,22,112,134,113,291,404
04169700,UNITEK COLLEGE                          ,CA,94538-3185,Proprietary  ,96,494,590,401,1666,2067
04169800,GURNICK ACADEMY OF MEDICAL ARTS         ,CA,94403-1849,Proprietary  ,70,315,385,276,1267,1543
04172000,SOUTHERN CALIFORNIA UNIVERSITY SOMA     ,CA,90017-2211,Proprietary  ,31,50,81,205,324,529
04173400,SANTA ANA BEAUTY ACADEMY                ,CA,92705-7820,Proprietary  ,7,29,36,60,79,139
04173500,MORENO VALLEY COLLEGE                   ,CA,92551-2204,Public       ,936,1453,2389,5086,6393,11479
04175200,PAUL MITCHELL THE SCHOOL EAST BAY       ,CA,94523-5515,Proprietary  ,63,79,142,216,235,451
04175400,ELITE COSMETOLOGY SCHOOL                ,CA,92284-2860,Proprietary  ,16,36,52,41,94,135
04176100,NORCO COLLEGE                           ,CA,92860-2600,Public       ,903,1070,1973,4767,4601,9368
04176200,TWIN RIVERS ADULT SCHOOL                ,CA,95660-5523,Public       ,1,10,11,19,98,117
04176300,BERGIN UNIVERSITY OF CANINE STUDIES     ,CA,95407-6834,Private      ,3,24,27,30,93,123
04177200,REAL BARBERS COLLEGE (THE)              ,CA,92805-2533,Proprietary  ,33,49,82,73,115,188
04178900,HANDS-ON MEDICAL MASSAGE SCHOOL         ,CA,92373-6271,Proprietary  ,3,13,16,22,55,77
04180000,CINTA AVEDA INSTITUTE                   ,CA,94108-3204,Proprietary  ,37,96,133,148,353,501
04181200,IPPT CAREER SCHOOL                      ,CA,91601-2028,Proprietary  ,26,97,123,41,155,196
04181600,INTEGRITY COLLEGE OF HEALTH             ,CA,91104-2300,Proprietary  ,1,10,11,1,10,11
04185200,SALINAS BEAUTY COLLEGE                  ,CA,93901-2405,Proprietary  ,8,29,37,58,90,148
04185500,ACADEMY OF COUTURE ART                  ,CA,90069-5701,Proprietary  ,22,32,54,120,123,243
04185600,MEDICAL ALLIED CAREER CENTER            ,CA,90670-4710,Proprietary  ,6,27,33,15,86,101
04185700,ACADEMY FOR SALON PROFESSIONALS (THE)   ,CA,95050-4057,Proprietary  ,45,67,112,114,178,292
04186900,"INTERNATIONAL COLLEGE OF BEAUTY, ARTS & ",CA,90039-1012,Proprietary  ,12,57,69,120,180,300
04187900,JOE BLASCO MAKEUP ARTIST TRAINING CENTER,CA,90027-5580,Proprietary  ,25,63,88,180,263,443
04189300,ALLIED AMERICAN UNIVERSITY              ,CA,92653-1337,Proprietary  ,29,652,681,92,1840,1932
04189700,CALIFORNIA MIRAMAR UNIVERSITY           ,CA,92126-7501,Proprietary  ,66,172,238,491,670,1161
04189800,ACADEMY FOR SALON PROFESSIONALS         ,CA,91304-2305,Proprietary  ,20,39,59,75,133,208
04190800,SANTA ANA BEAUTY COLLEGE                ,CA,92706-2321,Proprietary  ,9,47,56,50,81,131
04190900,SUTTER BEAUTY COLLEGE                   ,CA,95991-3624,Proprietary  ,5,20,25,5,20,25
04191300,ANNENBERG SCHOOL OF NURSING             ,CA,91335-5426,Private      ,6,18,24,39,66,105
04193500,LEMELANGE ACADEMY OF HAIR               ,CA,94558-2935,Proprietary  ,11,11,22,27,59,86
04193700,JOHN PAUL THE GREAT CATHOLIC UNIVERSITY ,CA,92131-1652,Private      ,15,28,43,210,108,318
04194300,COLTON-REDLANDS-YUCAIPA REGIONAL OCCUPAT,CA,92374-2896,Public       ,23,42,65,110,176,286
04194600,BRAND COLLEGE                           ,CA,91203-3646,Proprietary  ,9,13,22,23,47,70
04195200,DIAMOND BEAUTY COLLEGE                  ,CA,91733-2180,Proprietary  ,1,23,24,8,27,35
04195400,NCP COLLEGE OF NURSING                  ,CA,94080-1005,Proprietary  ,19,66,85,109,272,381
04195401,NCP COLLEGE OF NURSING - HAYWARD CAMPUS ,CA,94541-7026,Proprietary  ,20,56,76,146,311,457
04205800,"SAE INSTITUTE OF TECHNOLOGY, LOS ANGELES",CA,90028-7219,Proprietary  ,59,80,139,211,296,507
04206800,ADVANCE BEAUTY TECHS ACADEMY            ,CA,92583-6572,Proprietary  ,10,28,38,41,89,130
04208100,UKIAH ADULT SCHOOL                      ,CA,95482-3865,Public       ,1,35,36,17,106,123
04208400,RIVERSIDE COUNTY OFFICE OF EDUCATION    ,CA,92503-3504,Public       ,39,91,130,99,250,349
04208900,ADVANCED CAREER INSTITUTE               ,CA,93291-9254,Proprietary  ,13,134,147,63,314,377
04209800,HINTON BARBER COLLEGE                   ,CA,94590-4547,Proprietary  ,10,22,32,36,86,122
04210600,ADVANCED COMPUTING INSTITUTE            ,CA,90010-3911,Proprietary  ,22,78,100,111,185,296
04211900,XAVIER COLLEGE SCHOOL OF NURSING        ,CA,95202-1332,Proprietary  ,16,55,71,143,294,437
04212000,LAWRENCE & COMPANY COLLEGE OF COSMETOLOG,CA,93230-4102,Proprietary  ,20,29,49,41,72,113
04215100,CALIFORNIA CAREER INSTITUTE             ,CA,92840-2816,Proprietary  ,11,60,71,23,136,159
04215300,COSMO FACTORY COSMETOLOGY ACADEMY (THE) ,CA,95060-4401,Proprietary  ,4,13,17,50,79,129
04216300,UEI COLLEGE                             ,CA,95065-1520,Proprietary  ,12,41,53,87,142,229
04217100,RUDOLF STEINER COLLEGE                  ,CA,95628-6811,Private      ,1,35,36,1,35,36
04217500,W INSTITUTE OF COSMETOLOGY              ,CA,94521-5385,Proprietary  ,3,16,19,24,64,88
04221800,TONI&GUY HAIRDRESSING ACADEMY           ,CA,95337-5703,Proprietary  ,13,27,40,24,48,72
04222200,FAB SCHOOL (THE)                        ,CA,92507-3434,Proprietary  ,31,76,107,31,76,107
00184600,BRIAR CLIFF UNIVERSITY                  ,IA,51104-2100,Private      ,84,122,206,1250,651,1901
00184700,BUENA VISTA UNIVERSITY                  ,IA,50588-9987,Private      ,111,423,534,1752,1871,3623
00184800,SOUTHEASTERN COMMUNITY COLLEGE          ,IA,52655-0000,Public       ,274,519,793,1165,1639,2804
00185000,CENTRAL COLLEGE                         ,IA,50219-1999,Private      ,107,37,144,2142,143,2285
00185200,CLARKE UNIVERSITY                       ,IA,52001-3198,Private      ,85,103,188,1283,550,1833
00185400,COE COLLEGE                             ,IA,52402-5092,Private      ,56,43,99,2494,260,2754
00185500,DES MOINES UNIV-OSTEOPATHIC MED CTR     ,IA,50312-0000,Private      ,1,158,159,44,1728,1772
00185600,CORNELL COLLEGE                         ,IA,52314-1098,Private      ,34,8,42,2031,113,2144
00185700,SOUTHWESTERN COMMUNITY COLLEGE          ,IA,50801-1098,Public       ,128,214,342,663,617,1280
00185800,DIVINE WORD COLLEGE                     ,IA,52045-0380,Private      ,20,7,27,30,16,46
00185900,DORDT COLLEGE                           ,IA,51250-1697,Private      ,46,17,63,1525,108,1633
00186000,DRAKE UNIVERSITY                        ,IA,50311-4505,Private      ,191,294,485,4849,2107,6956
00186200,ELLSWORTH COMMUNITY COLLEGE             ,IA,50126-1199,Public       ,131,91,222,789,372,1161
00186400,IOWA LAKES COMMUNITY COLLEGE            ,IA,51334-2234,Public       ,205,343,548,1128,955,2083
00186500,IOWA CENTRAL COMMUNITY COLLEGE          ,IA,50501-0000,Public       ,527,833,1360,2799,2772,5571
00186600,GRACELAND UNIVERSITY                    ,IA,50140-1699,Private      ,162,333,495,1344,1418,2762
00186700,GRAND VIEW UNIVERSITY                   ,IA,50316-1599,Private      ,222,309,531,2131,1445,3576
00186800,GRINNELL COLLEGE                        ,IA,50112-1690,Private      ,35,9,44,2825,102,2927
00186900,IOWA STATE UNIV SCIENCE & TECHNOLOG     ,IA,50011-2028,Public       ,960,771,1731,26929,6245,33174
00187100,IOWA WESLEYAN COLLEGE                   ,IA,52641-1398,Private      ,42,69,111,805,368,1173
00187300,LORAS COLLEGE                           ,IA,52004-0178,Private      ,100,49,149,2035,219,2254
00187400,LUTHER COLLEGE                          ,IA,52101-1045,Private      ,77,19,96,3252,134,3386
00187500,MARSHALLTOWN COMMUNITY COLLEGE          ,IA,50158-4760,Public       ,157,249,406,718,833,1551
00187700,NORTH IOWA AREA COMMUNITY COLLEGE       ,IA,50401-7299,Public       ,256,329,585,1405,1057,2462
00187900,MORNINGSIDE COLLEGE                     ,IA,51106-1751,Private      ,84,255,339,2066,814,2880
00188000,MOUNT MERCY UNIVERSITY                  ,IA,52402-4797,Private      ,70,230,300,1011,1076,2087
00188100,ASHFORD UNIVERSITY                      ,IA,52732-3910,Proprietary  ,480,18098,18578,2283,89926,92209
00188300,NORTHWESTERN COLLEGE                    ,IA,51041-1996,Private      ,38,21,59,1503,142,1645
00188700,SIMPSON COLLEGE                         ,IA,50125-1297,Private      ,111,121,232,2185,546,2731
00188900,ST AMBROSE UNIVERSITY                   ,IA,52803-2898,Private      ,208,273,481,3477,1480,4957
00189000,UNIVERSITY OF NORTHERN IOWA             ,IA,50614-0002,Public       ,1023,664,1687,10046,2893,12939
00189100,UNIVERSITY OF DUBUQUE                   ,IA,52001-5099,Private      ,144,152,296,2206,717,2923
00189200,UNIVERSITY OF IOWA                      ,IA,52242-1316,Public       ,1021,1132,2153,21609,8998,30607
00189300,UPPER IOWA UNIVERSITY                   ,IA,52142-9206,Private      ,140,1214,1354,1496,5239,6735
00189500,WALDORF COLLEGE                         ,IA,50436-1700,Proprietary  ,117,152,269,665,683,1348
00189600,WARTBURG COLLEGE                        ,IA,50677-2200,Private      ,53,18,71,2244,117,2361
00189700,WARTBURG THEOLOGICAL SEMINARY           ,IA,52004-5004,Private      ,1,17,18,13,131,144
00190000,WILLIAM PENN UNIVERSITY                 ,IA,52577-1799,Private      ,136,240,376,1179,1096,2275
00396300,AIB COLLEGE OF BUSINESS                 ,IA,50321-1799,Private      ,72,179,251,793,796,1589
00407500,ESTRN IOWA COMMUNITY COLLEGE DIST       ,IA,52801-1221,Public       ,32,146,178,183,545,728
00407501,CLINTON COMMUNITY COLLEGE               ,IA,52732-0000,Public       ,129,238,367,489,827,1316
00407502,MUSCATINE COMMUNITY COLLEGE             ,IA,52761-0000,Public       ,132,197,329,574,642,1216
00407503,SCOTT COMMUNITY COLLEGE                 ,IA,52722-0000,Public       ,390,789,1179,1549,2795,4344
00407600,KIRKWOOD COMMUNITY COLLEGE              ,IA,52406-2068,Public       ,1390,2282,3672,6720,6962,13682
00422009,HAMILTON COLLEGE -  COUNCIL BLUFFS      ,IA,51503-5289,Proprietary  ,0,0,0,25,273,298
00423300,MERCY/ST. LUKE'S SCH RAD TECH           ,IA,52402-0000,Private      ,0,15,15,33,56,89
00458600,KAPLAN UNIVERSITY                       ,IA,52807-2095,Proprietary  ,1161,17540,18701,3472,66267,69739
00458604,KAPLAN UNIVERSITY - CEDAR RAPIDS        ,IA,52404-2998,Proprietary  ,32,379,411,152,1606,1758
00458605,KAPLAN UNIVERSITY - DES MOINES          ,IA,50323-5702,Proprietary  ,38,439,477,156,1867,2023
00458606,KAPLAN UNIVERSITY - MASON CITY          ,IA,50401-4665,Proprietary  ,12,238,250,56,762,818
00458607,KAPLAN UNIVERSITY - CEDAR FALLS         ,IA,50613-6309,Proprietary  ,28,335,363,128,1334,1462
00458700,NORTHEAST IOWA COMMUNITY COLLEGE        ,IA,52132-0400,Public       ,140,217,357,694,711,1405
00458701,NORTHEAST IOWA COMMUNITY COLLEGE        ,IA,52068-0000,Public       ,236,371,607,1085,1283,2368
00459500,HAWKEYE COMMUNITY COLLEGE               ,IA,50701-0000,Public       ,670,935,1605,2891,2576,5467
00459800,IOWA WESTERN CMTY CLG-COUNCIL BLUFF     ,IA,51502-0000,Public       ,628,840,1468,3644,3367,7011
00460000,NORTHWEST IOWA COMMUNITY COLLEGE        ,IA,51201-1046,Public       ,63,108,171,565,443,1008
00626700,IOWA METHODIST MEDICAL CENTER SCHOOLS   ,IA,50309-1499,Private      ,2,27,29,56,114,170
00627300,MERCY COLLEGE OF HEALTH SCIENCES        ,IA,50309-1239,Private      ,70,241,311,486,1038,1524
00712000,DES MOINES AREA CMTY COLLEGE            ,IA,50021-0000,Public       ,1421,2917,4338,7396,9697,17093
00712100,FAITH BAPTIST BIBLE CLG & THEOL SEM     ,IA,50021-0000,Private      ,36,20,56,276,68,344
00729100,ST LUKE'S COLLEGE                       ,IA,51104-0263,Private      ,12,37,49,125,195,320
00731600,WESTERN IOWA TECH COMMUNITY COLLEGE     ,IA,51106-0000,Public       ,520,1020,1540,1972,3111,5083
00758800,CAPRI COLLEGE                           ,IA,52004-0873,Proprietary  ,14,31,45,81,123,204
00761100,EQ SCHOOL OF HAIR DESIGN                ,IA,51503-0813,Proprietary  ,12,24,36,50,59,109
00765600,AMERICAN COLLEGE OF HARISTYLING -CR     ,IA,52402-0000,Proprietary  ,0,15,15,10,39,49
00765800,AMER COLL OF HAIRSTYLING-DES MOINES     ,IA,50309-5446,Proprietary  ,3,18,21,14,49,63
00765900,LA JAMES COLLEGE OF HAIRSTYLING         ,IA,50401-3308,Proprietary  ,22,20,42,62,60,122
00771700,CAPRI COLLEGE                           ,IA,52807-2622,Proprietary  ,35,67,102,119,243,362
00794100,COLLEGE OF HAIR DESIGN                  ,IA,50703-1834,Proprietary  ,5,29,34,15,62,77
00826000,IOWA SCHOOL OF BEAUTY INC               ,IA,50322-0000,Proprietary  ,28,49,77,84,206,290
00840300,INDIAN HILLS COMMUNITY COLLEGE          ,IA,52501-1398,Public       ,448,750,1198,1938,2394,4332
00840301,INDIAN HILLS COMMUNITY COLLEGE          ,IA,52544-1223,Public       ,0,0,0,15,16,31
00842400,LA JAMES INTERNATIONAL COLLEGE          ,IA,50501-5577,Proprietary  ,15,18,33,54,65,119
00959300,LA'JAMES COLLEGE OF HAIRSTYLING         ,IA,52240-0000,Proprietary  ,10,25,35,49,66,115
01111300,MAHARISHI UNIV OF MANAGEMENT            ,IA,52557-0001,Private      ,39,116,155,185,482,667
01206400,HAMILTON TECHNICAL COLLEGE              ,IA,52807-2653,Proprietary  ,23,69,92,79,252,331
01230000,PALMER COLLEGE OF CHIROPRACTIC          ,IA,52803-5287,Private      ,9,192,201,97,2113,2210
01300600,LA' JAMES INTERNATIONAL COLLEGE-CF      ,IA,50613-5242,Proprietary  ,12,22,34,61,92,153
02090300,CAPRI COLLEGE                           ,IA,52404-0000,Proprietary  ,29,52,81,129,157,286
02134500,LA JAMES INTERNATIONAL COLLEGE - DAV    ,IA,52806-3952,Proprietary  ,6,22,28,30,73,103
02160900,"SALON PROFESSIONAL ACADEMY, THE         ",IA,50010-0000,Proprietary  ,23,26,49,112,90,202
02262500,FAUST INSTITUTE OF COSMETOLOGY          ,IA,50588-0000,Proprietary  ,8,11,19,32,47,79
02274100,LA' JAMES INTERNATIONAL COLLEGE - DM    ,IA,50131-0000,Proprietary  ,16,30,46,73,116,189
02289000,AMERICAN HAIR ACADEMY                   ,IA,52627-4530,Proprietary  ,10,6,16,23,34,57
02306900,IOWA SCHOOL OF BEAUTY                   ,IA,52501-0000,Proprietary  ,18,16,34,40,58,98
02328900,EMMAUS BIBLE COLLEGE                    ,IA,52001-0000,Private      ,26,12,38,251,51,302
02330900,IOWA SCHOOL OF BEAUTY                   ,IA,50158-0000,Proprietary  ,5,12,17,16,38,54
02609200,VATTEROTT COLLEGE                       ,IA,50321-4704,Proprietary  ,30,146,176,119,537,656
03069100,ALLEN COLLEGE                           ,IA,50703-1916,Private      ,29,89,118,361,604,965
03441300,IOWA SCHOOL OF BEAUTY                   ,IA,51106-5111,Proprietary  ,7,29,36,38,97,135
03607400,TOTAL LOOK SCHOOL OF COSMETOLOGY AND MAS,IA,52136-1053,Proprietary  ,2,1,3,8,11,19
03720300,CARLSON COLLEGE OF MASSAGE THERAPY      ,IA,52205-7519,Proprietary  ,3,11,14,19,41,60
04051313,ART INSTITUTE OF PHOENIX (THE) - BROWN M,IA,52722-3628,Proprietary  ,6,21,27,30,71,101
04089300,BIO-CHI INSTITUTE OF MASSAGE THERAPY    ,IA,51103-2138,Proprietary  ,0,0,0,9,24,33
04177800,SALON PROFESSIONAL ACADEMY (THE)        ,IA,52240-6083,Proprietary  ,13,19,32,34,53,87
04203300,AVEDA INSTITUTE DES MOINES              ,IA,50266-8137,Proprietary  ,38,32,70,192,152,344
00259600,ATLANTIC COMMUNITY COLLEGE              ,NJ,08330-2699,Public       ,841,1239,2080,3888,4335,8223
00259700,BLOOMFIELD COLLEGE                      ,NJ,07003-3425,Private      ,172,279,451,2888,1549,4437
00259800,CALDWELL COLLEGE                        ,NJ,07006-6195,Private      ,119,246,365,2448,1155,3603
00259900,CENTENARY COLLEGE                       ,NJ,07840-2184,Private      ,81,151,232,1781,885,2666
00260000,COLLEGE OF SAINT ELIZABETH              ,NJ,07960-6989,Private      ,53,181,234,1032,732,1764
00260100,CUMBERLAND COUNTY COLLEGE               ,NJ,08362-9912,Public       ,460,827,1287,2341,3141,5482
00260300,DREW UNIVERSITY                         ,NJ,07940-4063,Private      ,108,90,198,3118,673,3791
00260700,FAIRLEIGH DICKINSON UNIV-TEANECK        ,NJ,07666-1996,Private      ,218,684,902,4731,2907,7638
00260701,FAIRLEIGH DICKINSON UNIV-FLORHAM        ,NJ,07940-0000,Private      ,129,220,349,3659,1125,4784
00260702,FAIRLEIGH DICKINSON UNIV-ED WMS CLG     ,NJ,07601-0000,Private      ,36,108,144,548,467,1015
00260703,FAIRLEIGH DICKINSON UNIVERSITY          ,NJ,07940-0000,Private      ,95,149,244,1790,760,2550
00260800,GEORGIAN COURT UNIVERSITY               ,NJ,08701-2697,Private      ,133,300,433,1742,1296,3038
00260900,ROWAN UNIVERSITY                        ,NJ,08028-1702,Public       ,971,934,1905,14788,5411,20199
00261000,FELICIAN COLLEGE                        ,NJ,07644-2198,Private      ,86,242,328,1900,1341,3241
00261300,NEW JERSEY CITY UNIVERSITY              ,NJ,07305-1597,Public       ,648,1542,2190,5469,6412,11881
00261500,MIDDLESEX COUNTY COLLEGE                ,NJ,08818-3050,Public       ,1367,1225,2592,7038,5054,12092
00261600,MONMOUTH UNIVERSITY                     ,NJ,07764-1898,Private      ,420,401,821,7500,2416,9916
00261700,MONTCLAIR STATE UNIVERSITY              ,NJ,07043-9987,Public       ,1277,1525,2802,19457,8068,27525
00261900,NEW BRUNSWICK THEOLOGICAL SEMINARY      ,NJ,08901-0000,Private      ,16,42,58,86,193,279
00262100,NEW JERSEY INST OF TECHNOLOGY           ,NJ,07102-1982,Public       ,457,704,1161,6996,3719,10715
00262200,KEAN UNIVERSITY                         ,NJ,07083-7131,Public       ,958,1606,2564,11498,8770,20268
00262400,OCEAN COUNTY COLLEGE                    ,NJ,08754-2001,Public       ,1065,1089,2154,5166,4088,9254
00262500,WILLIAM PATERSON UNIVERSITY             ,NJ,07470-2152,Public       ,996,978,1974,12954,5299,18253
00262600,PRINCETON THEOLOGICAL SEMINARY          ,NJ,08542-0000,Private      ,1,54,55,12,577,589
00262700,PRINCETON UNIVERSITY                    ,NJ,08544-0001,Private      ,297,140,437,16397,1644,18041
00262800,RIDER UNIVERSITY                        ,NJ,08648-3099,Private      ,311,313,624,8006,1713,9719
00262900,"RUTGERS, THE STATE UNIVERSITY OF NJ     ",NJ,08901-1281,Public       ,3419,4073,7492,49663,26036,75699
00262923,"RUTGERS, THE STATE UNIVERSITY OF NEW JER",NJ,07101-1709,Public       ,369,1018,1387,769,5876,6645
00263200,SETON HALL UNIVERSITY                   ,NJ,07079-2697,Private      ,330,708,1038,11384,4082,15466
00263201,SETON HALL UNIVERSITY - SCHOOL OF LAW   ,NJ,07079-5210,Private      ,24,205,229,279,1687,1966
00263800,SAINT PETER'S UNIVERSITY                ,NJ,07306-5997,Private      ,219,496,715,3966,1912,5878
00263900,STEVENS INSTITUTE OF TECHNOLOGY         ,NJ,07030-5370,Private      ,104,140,244,4885,676,5561
00264200,COLLEGE OF NEW JERSEY (THE)             ,NJ,08628-0718,Public       ,472,221,693,12272,1353,13625
00264300,UNION COUNTY COLLEGE                    ,NJ,07016-1598,Public       ,1683,2368,4051,5777,7920,13697
00473600,BERGEN COMMUNITY COLLEGE                ,NJ,07652-1595,Public       ,1955,1572,3527,8716,5602,14318
00474000,MERCER COUNTY COMMUNITY COLLEGE         ,NJ,08690-0000,Public       ,881,1261,2142,3513,4080,7593
00539900,MONMOUTH COUNTY VOCATIONAL SCH DIST     ,NJ,07728-5033,Public       ,14,51,65,67,129,196
00545200,TETERBORO SCH OF AERONAUTICS            ,NJ,07608-1083,Proprietary  ,39,58,97,98,145,243
00546100,SALEM COMMUNITY COLLEGE                 ,NJ,08069-2799,Public       ,178,244,422,670,779,1449
00641700,HOLY NAME HOSPITAL SCH OF NURSING       ,NJ,07666-4254,Private      ,21,53,74,90,249,339
00642000,MOUNTAINSIDE HOSP SCH NRSG              ,NJ,07042-4898,Proprietary  ,1,28,29,42,182,224
00642100,MUHLENBERG SNYDER SCHOOLS               ,NJ,07061-3399,Private      ,14,103,117,116,487,603
00642900,ST FRANCIS MEDICAL CTR SCH NURSING      ,NJ,08629-1986,Private      ,10,36,46,50,155,205
00642902,ST FRANCIS MED CTR RAD TECH             ,NJ,08629-0000,Private      ,3,20,23,17,66,83
00686500,CAMDEN COUNTY COLLEGE                   ,NJ,08012-3240,Public       ,1378,2304,3682,6387,8267,14654
00690100,GLOUCESTER COUNTY COLLEGE               ,NJ,08080-4249,Public       ,963,941,1904,3963,3221,7184
00710700,ESSEX COUNTY COLLEGE                    ,NJ,07102-1798,Public       ,1610,2465,4075,6184,9097,15281
00750200,BERKELEY COLLEGE                        ,NJ,07424-3367,Proprietary  ,365,660,1025,2487,3253,5740
00750205,BERKELEY COLLEGE - CLIFTON              ,NJ,07011-2161,Proprietary  ,16,31,47,198,580,778
00750600,LINCOLN TECHNICAL INSTITUTE             ,NJ,07083-5032,Proprietary  ,235,266,501,642,709,1351
00750601,LINCOLN TECHNICAL INSTITUTE             ,NJ,07430-0000,Proprietary  ,98,87,185,460,277,737
00757302,NATURAL MOTION INST OF HAIR DESIGN      ,NJ,07306-5496,Proprietary  ,4,12,16,34,90,124
00757309,EMPIRE BEAUTY SCHOOL - CHERRY HILL      ,NJ,08002-3711,Proprietary  ,14,40,54,88,236,324
00759300,PARISIAN BEAUTY ACADEMY                 ,NJ,07601-5509,Proprietary  ,71,66,137,192,229,421
00772900,COUNTY COLLEGE OF MORRIS                ,NJ,07869-0000,Public       ,837,564,1401,3952,2021,5973
00773000,BURLINGTON COUNTY COLLEGE               ,NJ,08068-1599,Public       ,947,1372,2319,4533,4775,9308
00773100,RARITAN VALLEY COMMUNITY COLLEGE        ,NJ,08876-1265,Public       ,708,678,1386,2959,2236,5195
00780401,STAR CAREER ACADEMY - STAR LAKEWOOD     ,NJ,08701-5900,Proprietary  ,52,152,204,126,392,518
00780402,STAR CAREER ACADEMY - STAR EGG HARBOR   ,NJ,08234-4863,Proprietary  ,40,75,115,87,282,369
00794700,BETH MEDRASH GOVOHA OF AMERICA          ,NJ,08701-0000,Private      ,115,514,629,206,1337,1543
00840400,BROOKDALE COMMUNITY COLLEGE             ,NJ,07738-1597,Public       ,1609,1432,3041,5978,4151,10129
00844101,ANTHEM INSTITUTE                        ,NJ,08002-0000,Proprietary  ,47,118,165,102,288,390
00849400,HO HO KUS SCHL OF TRADE & TECH SCIENCES ,NJ,07513-1402,Proprietary  ,35,66,101,106,186,292
00860900,RABBINICAL COLLEGE OF AMERICA           ,NJ,07960-3600,Private      ,30,2,32,48,5,53
00907800,CAPRI INSTITUTE OF HAIR DESIGN          ,NJ,07011-2111,Proprietary  ,56,128,184,93,203,296
00934400,RAMAPO COLLEGE OF NEW JERSEY            ,NJ,07430-1680,Public       ,498,321,819,7867,1563,9430
00934500,RICHARD STOCKTON COLLEGE OF NJ          ,NJ,08240-0000,Public       ,684,609,1293,9737,3446,13183
00945916,EMPIRE BEAUTY SCHOOL - HAIR DESIGN SCHOO,NJ,07712-4003,Proprietary  ,22,36,58,100,184,284
00945917,EMPIRE BEAUTY SCHOOL - HAIR DESIGN SCHOO,NJ,07003-2517,Proprietary  ,5,8,13,15,45,60
00945919,EMPIRE BEAUTY SCHOOL - HAIR DESIGN SCHOO,NJ,07083-3306,Proprietary  ,13,39,52,48,112,160
00982804,EVEREST INSTITUTE - SOUTH PLAINFIELD    ,NJ,07080-1125,Proprietary  ,96,174,270,280,524,804
00999400,PASSAIC COUNTY COMMUNITY COLLEGE        ,NJ,07505-1179,Public       ,1518,1938,3456,4456,5147,9603
01062900,P B COSMETOLOGY EDUCATION CENTRE        ,NJ,08030-1750,Proprietary  ,30,48,78,102,117,219
01085100,ANTHEM INSTITUTE                        ,NJ,07054-3409,Proprietary  ,113,229,342,284,614,898
01085101,ANTHEM INSTITUTE                        ,NJ,07306-0000,Proprietary  ,20,53,73,65,164,229
01085102,ANTHEM INSTITUTE                        ,NJ,08902-0000,Proprietary  ,8,26,34,47,98,145
01090300,RIZZIERI INSTITUTE                      ,NJ,08043-4600,Proprietary  ,36,53,89,129,153,282
01152300,MORRIS COUNTY SCHOOL OF TECHNOLOGY      ,NJ,07834-0000,Public       ,10,43,53,49,98,147
01198900,TALMUDICAL ACADEMY                      ,NJ,07710-0000,Private      ,30,1,31,54,1,55
01209000,ROBERT FIANCE BEAUTY SCHOOLS            ,NJ,08861-4118,Proprietary  ,40,52,92,70,109,179
01234602,DOVER BUSINESS COLLEGE                  ,NJ,07801-4643,Proprietary  ,0,0,0,81,203,284
01246100,LINCOLN TECHNICAL INSTITUTE             ,NJ,08820-2896,Proprietary  ,76,191,267,315,623,938
01246102,LINCOLN TECHNICAL INSTITUTE             ,NJ,08057-3212,Proprietary  ,53,150,203,214,621,835
01246103,LINCOLN TECHNICAL INSTITUTE             ,NJ,07652-2106,Proprietary  ,97,179,276,381,653,1034
01246200,HOHOKUS - HACKENSACK SCHOOL OF BUSINESS ,NJ,07601-7197,Proprietary  ,40,145,185,88,350,438
01295400,HUDSON COUNTY COMMUNITY COLLEGE         ,NJ,07306-4012,Public       ,1660,1993,3653,5492,6166,11658
02053700,EASTWICK COLLEGE                        ,NJ,07446-0000,Proprietary  ,63,291,354,318,1295,1613
02061800,ROMAN ACADEMY OF BEAUTY CULTURE         ,NJ,07506-0000,Proprietary  ,10,8,18,26,24,50
02079414,EMPIRE BEAUTY SCHOOL - LAUREL SPRINGS   ,NJ,08021-5602,Proprietary  ,18,39,57,100,210,310
02079415,EMPIRE BEAUTY SCHOOL - BORDENTOWN       ,NJ,08505-1513,Proprietary  ,5,12,17,16,48,64
02092300,HOHOKUS SCHOOL - RETS/NUTLEY            ,NJ,07110-0000,Proprietary  ,67,137,204,181,381,562
02103700,CAPRI INSTITUTE OF HAIR DESIGN          ,NJ,07652-0000,Proprietary  ,31,35,66,71,87,158
02104000,HARRIS SCHOOL OF BUSINESS               ,NJ,08002-2983,Proprietary  ,161,554,715,285,1100,1385
02106601,AMERICAN INSTITUTE - CLIFTON            ,NJ,07011-2345,Proprietary  ,91,180,271,200,439,639
02106605,AMERICAN INSTITUTE - TOMS RIVER         ,NJ,08755-1524,Proprietary  ,20,94,114,42,177,219
02131100,DU CRET SCHOOL OF THE ARTS              ,NJ,07060-0000,Private      ,13,7,20,24,17,41
02131600,PENNCO TECH                             ,NJ,08012-0000,Proprietary  ,118,204,322,390,661,1051
02132300,BERDAN INSTITUTE                        ,NJ,07512-0000,Proprietary  ,137,189,326,319,483,802
02146800,JOE KUBERT SCH OF CARTOON & GRAPHIC     ,NJ,07801-0000,Proprietary  ,15,12,27,113,67,180
02154000,DIVERS ACAD OF EASTERN SEABOARD         ,NJ,08081-1139,Proprietary  ,20,79,99,81,196,277
02183600,CAPRI INSTITUTE OF HAIR DESIGN          ,NJ,07033-0000,Proprietary  ,32,42,74,72,114,186
02192200,THOMAS EDISON STATE COLLEGE             ,NJ,08608-0000,Public       ,133,2040,2173,637,7902,8539
02219600,OMEGA INSTITUTE                         ,NJ,08109-0000,Proprietary  ,13,59,72,37,160,197
02223700,ROBERT FIANCE BEAUTY SCHOOLS            ,NJ,07093-4623,Proprietary  ,22,70,92,34,104,138
02223900,DRAKE COLLEGE OF BUSINESS               ,NJ,07201-0000,Proprietary  ,56,378,434,122,829,951
02223902,DRAKE COLLEGE OF BUSINESS - NEWARK CAMPU,NJ,07112-2760,Proprietary  ,96,499,595,249,1242,1491
02232500,UNION COUNTY VOCATIONAL TECH INST       ,NJ,07076-0000,Public       ,26,33,59,89,123,212
02234600,SHORE BEAUTY SCHOOL                     ,NJ,08232-0000,Proprietary  ,28,51,79,62,137,199
02246000,ROSS UNIVERSITY - MEDICAL SCHOOL        ,NJ,08837-0000,Proprietary  ,6,441,447,35,3667,3702
02248600,COOPER HEALTH SYS-CTR ALLIED HEALTH     ,NJ,08103-0000,Private      ,38,111,149,149,416,565
02265500,CAPRI INSTITUTE OF HAIR DESIGN          ,NJ,08724-0000,Proprietary  ,34,50,84,69,113,182
02277900,ROSS UNIV - SCH OF VETERINARY MED       ,NJ,08837-0000,Proprietary  ,3,101,104,19,1459,1478
02291000,LINCOLN TECHNICAL INSTITUTE             ,NJ,07080-2424,Proprietary  ,39,44,83,179,183,362
02312000,BERGEN COUNTY TECHNICAL SCHOOLS         ,NJ,07601-6110,Public       ,17,44,61,98,148,246
02503900,WARREN COUNTY COMMUNITY COLLEGE         ,NJ,07882-0000,Public       ,215,236,451,732,671,1403
02523700,OCEAN COUNTY VOCATIONAL-TECH SCHOOL     ,NJ,08753-0000,Public       ,100,142,242,274,471,745
02525900,ARTISTIC ACADEMY OF HAIR DESIGN         ,NJ,07950-1409,Proprietary  ,21,36,57,97,107,204
02528200,ROBERT FIANCE BEAUTY SCHOOLS            ,NJ,07060-4840,Proprietary  ,24,56,80,43,104,147
02558700,PRISM CAREER INSTITUTE                  ,NJ,08037-0000,Proprietary  ,19,110,129,94,474,568
02568800,SUSSEX COUNTY COMMUNITY COLLEGE         ,NJ,07860-1149,Public       ,421,354,775,1554,1016,2570
02586900,HARRIS SCHOOL OF BUSINESS               ,NJ,08043-2604,Proprietary  ,77,296,373,156,621,777
02616402,SANFORD-BROWN INSTITUTE - ISELIN        ,NJ,08830-0000,Proprietary  ,99,205,304,255,591,846
03077500,RABBI JACOB JOSEPH SCHOOL               ,NJ,08817-4494,Private      ,15,2,17,27,7,34
03122600,EASTERN INTERNATIONAL COLLEGE           ,NJ,07306-3906,Proprietary  ,72,169,241,181,472,653
03187300,STENOTECH CAREER INSTITUTE              ,NJ,07004-3490,Proprietary  ,6,10,16,19,36,55
03197300,INSTITUTE FOR HEALTH EDUCATION(THE)     ,NJ,07306-2929,Proprietary  ,23,72,95,58,183,241
03324300,CENTRAL CAREER SCHOOL                   ,NJ,07080-2408,Proprietary  ,17,67,84,38,154,192
03380302,STAR CAREER ACADEMY - STAR NEWARK       ,NJ,07102-4510,Proprietary  ,96,242,338,211,703,914
03380303,STAR CAREER ACADEMY - STAR CLIFTON      ,NJ,07011-2248,Proprietary  ,32,115,147,57,199,256
03389300,ACADEMY OF MASSAGE THERAPY              ,NJ,07631-0000,Proprietary  ,7,23,30,29,96,125
03424500,NEW COMMUNITY WORKFORCE DEVELOPMENT     ,NJ,07103-2402,Private      ,14,82,96,60,516,576
03536300,INSTITUTE FOR THERAPEUTIC MASSAGE       ,NJ,07420-1452,Proprietary  ,11,51,62,28,103,131
03625300,PERFORMANCE TRAINING INSTITUTE          ,NJ,08753-0000,Proprietary  ,0,0,0,16,50,66
03650600,PC AGE                                  ,NJ,07306-3936,Proprietary  ,25,97,122,50,267,317
03650603,PC AGE                                  ,NJ,08817-2842,Proprietary  ,1,20,21,9,50,59
03666300,PILLAR COLLEGE                          ,NJ,07102-5511,Private      ,22,166,188,82,589,671
03803300,HEALTHCARE TRAINING INSTITUTE           ,NJ,07083-3504,Proprietary  ,33,92,125,87,310,397
03811300,EASTERN SCHOOL OF ACUPUNCTURE AND TRADIT,NJ,07042-3562,Proprietary  ,1,27,28,4,74,78
04081300,BAIS MEDRASH TORAS CHESED               ,NJ,08701-0000,Private      ,12,5,17,20,16,36
04123400,YESHIVAS BE'ER YITZCHOK                 ,NJ,07208-2380,Private      ,12,18,30,18,49,67
04125000,GENTLE HEALING SCHOOL OF MASSAGE        ,NJ,08512-3600,Proprietary  ,0,13,13,1,33,34
04131100,YESHIVA TORAS CHAIM                     ,NJ,08701-2120,Private      ,69,1,70,172,3,175
04131200,TOTAL IMAGE BEAUTY ACADEMY              ,NJ,07307-2943,Proprietary  ,10,42,52,20,76,96
04134100,CENTER FOR ALLIED HEALTH & NURSING EDUCA,NJ,07601-5801,Proprietary  ,58,598,656,174,2151,2325
04136400,AMERICAN INSTITUTE OF MEDICAL SCIENCES &,NJ,07080-1183,Proprietary  ,28,76,104,99,248,347
04154500,STARTING POINTS FOR CHILDREN            ,NJ,07306-0001,Private      ,6,46,52,14,99,113
04154900,NATIONAL CAREER INSTITUTE               ,NJ,07018-2011,Proprietary  ,10,71,81,17,131,148
04154901,NATIONAL CAREER INSTITUTE - JERSEY CITY ,NJ,07306-4300,Proprietary  ,1,3,4,1,3,4
04173100,LAB PAUL MITCHELL PARTNER SCHOOL (THE)  ,NJ,08628-2500,Proprietary  ,24,31,55,78,101,179
04180300,MESIVTA KESER TORAH                     ,NJ,07719-2409,Private      ,0,0,0,2,2,4
04181400,BEST CARE TRAINING INSTITUTE            ,NJ,07018-1703,Proprietary  ,11,55,66,18,179,197
04184500,CHRISTINE VALMY INTERNATIONAL SCHOOL OF ,NJ,07058-9589,Proprietary  ,14,31,45,27,48,75
04188700,ASI CAREER INSTITUTE                    ,NJ,08012-1043,Proprietary  ,7,51,58,18,159,177
04191400,SCHOOL OF COURT REPORTING (THE)         ,NJ,08053-1533,Proprietary  ,0,0,0,6,20,26
04192400,YESHIVA GEDOLAH ZICHRON LEYMA           ,NJ,07036-3905,Private      ,1,2,3,5,4,9
04207500,MEDICAL CAREER INSTITUTE                ,NJ,07712-7202,Proprietary  ,13,40,53,30,98,128
04216000,UNIVERSAL TRAINING INSTITUTE            ,NJ,08861-4106,Proprietary  ,15,97,112,23,151,174
04216100,YESHIVA YESODEI HATORAH                 ,NJ,08701-4946,Private      ,3,0,3,3,0,3
04216500,RIZZIERI INSTITUTE                      ,NJ,08043-1911,Proprietary  ,10,33,43,24,58,82
04218200,PAUL MITCHELL THE SCHOOL - JERSEY SHORE ,NJ,08723-3413,Proprietary  ,28,28,56,57,51,108
04218500,SALON PROFESSIONAL ACADEMY THE          ,NJ,07080-0000,Proprietary  ,4,6,10,4,6,10
00266500,VAUGHN COLLEGE OF AERONAUTICS AND TECHNO,NY,11369-9997,Private      ,217,274,491,1295,972,2267
00266600,ADELPHI UNIVERSITY                      ,NY,11530-4299,Private      ,408,860,1268,8620,4305,12925
00266700,DOWLING COLLEGE                         ,NY,11769-1999,Private      ,154,242,396,2054,1290,3344
00266800,ALFRED UNIVERSITY                       ,NY,14802-1205,Private      ,136,160,296,3840,670,4510
00266900,BANK STREET COLLEGE OF EDUCATION        ,NY,10025-0000,Private      ,4,84,88,22,756,778
00267100,BARD COLLEGE                            ,NY,12504-5000,Private      ,37,37,74,2978,743,3721
00267400,NEW YORK THEOLOGICAL SEMINARY           ,NY,10115-0002,Private      ,0,104,104,4,266,270
00267700,BROOKLYN LAW SCHOOL                     ,NY,11201-0000,Private      ,25,183,208,122,2574,2696
00267800,BRYANT & STRATTON COLLEGE               ,NY,14203-1713,Proprietary  ,758,3447,4205,2637,13596,16233
00267803,BRYANT & STRATTON COLLEGE - GREECE      ,NY,14606-4227,Proprietary  ,87,298,385,301,1160,1461
00267805,BRYANT & STRATTON COLLEGE - SYRACUSE    ,NY,13203-2502,Proprietary  ,89,315,404,502,1384,1886
00267807,BRYANT & STRATTON COLLEGE - ALBANY      ,NY,12205-5230,Proprietary  ,60,216,276,249,941,1190
00268100,CANISIUS COLLEGE                        ,NY,14208-1098,Private      ,204,282,486,4790,1793,6583
00268500,CAZENOVIA COLLEGE                       ,NY,13035-1085,Private      ,55,32,87,1986,225,2211
00268700,CUNY-BROOKLYN COLLEGE                   ,NY,11210-2814,Public       ,1663,2651,4314,20508,12612,33120
00268800,CITY COLLEGE-CUNY                       ,NY,10031-9198,Public       ,1294,2279,3573,22275,11718,33993
00268900,CUNY-HUNTER COLLEGE                     ,NY,10021-0000,Public       ,2013,2885,4898,30938,17143,48081
00269000,QUEENS COLLEGE-CUNY                     ,NY,11367-1597,Public       ,1371,2029,3400,18741,9097,27838
00269100,CUNY- BOROUGH OF MANHATTAN CMTY CLG     ,NY,10007-1047,Public       ,4119,3718,7837,29860,17039,46899
00269200,CUNY BRONX COMMUNITY COLLEGE            ,NY,10453-3102,Public       ,2071,2762,4833,12250,10775,23025
00269300,CUNY-JOHN JAY CLG CRIMINAL JUSTICE      ,NY,10019-1093,Public       ,1368,1644,3012,18036,8782,26818
00269400,KINGSBOROUGH COMMUNITY COLLEGE          ,NY,11235-2398,Public       ,3110,2509,5619,15364,9279,24643
00269600,NY CITY COLLEGE OF TECHNOLOGY-CUNY      ,NY,11201-2983,Public       ,2166,2422,4588,19426,10226,29652
00269700,QUEENSBOROUGH COMMUNITY COLLEGE         ,NY,11364-1497,Public       ,1705,1268,2973,15077,6717,21794
00269800,CUNY THE COLLEGE OF STATEN ISLAND       ,NY,10314-6600,Public       ,1100,942,2042,13349,5098,18447
00269900,CLARKSON UNIVERSITY                     ,NY,13699-5615,Private      ,162,59,221,6193,499,6692
00270000,COLGATE ROCHESTER CROZER DIVINITY S     ,NY,14620-0000,Private      ,1,21,22,7,74,81
00270100,COLGATE UNIVERSITY                      ,NY,13346-1386,Private      ,81,7,88,4283,95,4378
00270300,COLLEGE OF MOUNT SAINT VINCENT          ,NY,10471-1093,Private      ,106,119,225,2715,556,3271
00270400,COLLEGE OF NEW ROCHELLE                 ,NY,10805-2339,Private      ,142,1308,1450,1234,4096,5330
00270500,COLLEGE OF SAINT ROSE                   ,NY,12203-1490,Private      ,339,340,679,4836,1700,6536
00270700,COLUMBIA UNIVERSITY                     ,NY,10027-0000,Private      ,532,1701,2233,22866,21545,44411
00270800,BARNARD COLLEGE-COLUMBIA UNIV           ,NY,10027-6598,Private      ,100,75,175,4438,450,4888
00270900,CONCORDIA COLLEGE                       ,NY,10708-1998,Private      ,57,102,159,1031,540,1571
00271000,COOPER UNION                            ,NY,10003-7120,Private      ,89,55,144,1766,340,2106
00271100,CORNELL UNIVERSITY                      ,NY,14853-2801,Private      ,594,405,999,29061,6199,35260
00271101,WEILL CORNELL MEDICAL COLLEGE AND GRADUA,NY,10021-0000,Private      ,6,148,154,40,733,773
00271200,D'YOUVILLE COLLEGE                      ,NY,14201-1084,Private      ,127,348,475,2037,2268,4305
00271300,DOMINICAN COLLEGE                       ,NY,10962-1299,Private      ,119,219,338,1779,936,2715
00271800,ELMIRA COLLEGE                          ,NY,14901-2099,Private      ,115,88,203,2346,370,2716
00272200,FORDHAM UNIVERSITY                      ,NY,10458-5157,Private      ,528,1315,1843,25378,8961,34339
00272600,GENERAL THEOLOGICAL SEMINARY            ,NY,10011-0000,Private      ,1,6,7,1,76,77
00272800,HAMILTON COLLEGE                        ,NY,13323-1218,Private      ,51,13,64,3092,92,3184
00272900,HARTWICK COLLEGE                        ,NY,13820-4020,Private      ,73,14,87,4251,195,4446
00273100,HOBART & WILLIAM SMITH COLLEGES         ,NY,14456-3397,Private      ,48,13,61,3419,96,3515
00273200,HOFSTRA UNIVERSITY                      ,NY,11549-1010,Private      ,622,738,1360,18377,5432,23809
00273400,HOUGHTON COLLEGE                        ,NY,14744-0128,Private      ,46,45,91,1346,183,1529
00273500,HILBERT COLLEGE                         ,NY,14075-1597,Private      ,119,92,211,1115,346,1461
00273700,IONA COLLEGE                            ,NY,10801-1890,Private      ,103,153,256,6758,1149,7907
00273900,ITHACA COLLEGE                          ,NY,14850-7130,Private      ,265,55,320,14536,1101,15637
00274000,JEWISH THEOLOGICAL SEMINARY OF AMER     ,NY,10027-4649,Private      ,2,11,13,109,163,272
00274200,THE JUILLIARD SCHOOL                    ,NY,10023-6588,Private      ,68,60,128,1581,794,2375
00274400,KEUKA COLLEGE                           ,NY,14478-0000,Private      ,77,300,377,1688,1286,2974
00274800,LEMOYNE COLLEGE                         ,NY,13214-1399,Private      ,266,170,436,4909,911,5820
00274900,NEW YORK COLLEGE OF PODIATRIC MED       ,NY,10035-1940,Private      ,7,37,44,48,431,479
00275100,LONG ISLAND UNIVERSITY                  ,NY,11548-1326,Private      ,1084,2595,3679,12753,10277,23030
00275800,MANHATTAN COLLEGE                       ,NY,10471-4098,Private      ,230,163,393,6798,770,7568
00275900,MANHATTAN SCHOOL OF MUSIC               ,NY,10027-4689,Private      ,49,54,103,684,662,1346
00276000,MANHATTANVILLE COLLEGE                  ,NY,10577-2132,Private      ,125,161,286,3145,751,3896
00276300,MARIA COLLEGE                           ,NY,12208-1798,Private      ,54,231,285,220,833,1053
00276500,MARIST COLLEGE                          ,NY,12601-1387,Private      ,442,376,818,10133,1496,11629
00276900,MARYMOUNT MANHATTAN COLLEGE             ,NY,10021-4597,Private      ,133,64,197,3850,376,4226
00277200,MERCY COLLEGE                           ,NY,10522-1189,Private      ,866,2219,3085,6021,7349,13370
00277500,MOLLOY COLLEGE                          ,NY,11570-1100,Private      ,254,458,712,4134,2323,6457
00277700,MEDAILLE COLLEGE                        ,NY,14214-2695,Private      ,298,487,785,1767,1534,3301
00277800,MOUNT SAINT MARY COLLEGE                ,NY,12550-3494,Private      ,182,287,469,3749,1160,4909
00277900,NAZARETH COLLEGE OF ROCHESTER           ,NY,14618-3790,Private      ,131,176,307,3797,1539,5336
00278200,NEW YORK INSTITUTE OF TECHNOLOGY        ,NY,11568-8000,Private      ,613,600,1213,5754,2577,8331
00278202,NY INSTITUTE OF TECHNOLOGY-OSTEOPATHIC M,NY,11568-0000,Private      ,2,62,64,37,1135,1172
00278300,NEW YORK LAW SCHOOL                     ,NY,10013-0000,Private      ,19,289,308,94,2489,2583
00278400,NEW YORK MEDICAL COLLEGE                ,NY,10595-0000,Private      ,9,152,161,45,1980,2025
00278500,NEW YORK UNIVERSITY                     ,NY,10012-1091,Private      ,1281,3137,4418,40937,27979,68916
00278800,NIAGARA UNIVERSITY                      ,NY,14109-2010,Private      ,245,206,451,3987,872,4859
00279000,NYACK COLLEGE                           ,NY,10960-3698,Private      ,195,699,894,1488,1843,3331
00279100,PACE UNIVERSITY - NEW YORK              ,NY,10038-1598,Private      ,513,900,1413,12147,4328,16475
00279101,PACE UNIVERSITY-PLEASANTVILLE           ,NY,10570-0000,Private      ,283,311,594,4134,1319,5453
00279102,PACE UNIVERSITY - WHITE PLAINS          ,NY,10603-0000,Private      ,26,255,281,550,1648,2198
00279500,PAUL SMITHS CLG OF ARTS & SCIENCES      ,NY,12970-0000,Private      ,108,42,150,1300,164,1464
00279600,POLYTECHNIC INTSTITUTE OF NEW YORK UNIV ,NY,11201-3840,Private      ,157,221,378,3878,1124,5002
00279800,PRATT INSTITUTE                         ,NY,11205-3899,Private      ,327,264,591,5070,2387,7457
00280300,RENSSELAER POLYTECHNIC INSTITUTE        ,NY,12180-3590,Private      ,227,71,298,11889,709,12598
00280500,ROBERTS WESLEYAN COLLEGE                ,NY,14624-1997,Private      ,122,350,472,1323,1245,2568
00280600,ROCHESTER INSTITUTE OF TECHNOLOGY       ,NY,14623-5608,Private      ,1077,541,1618,16368,2945,19313
00280700,ROCKEFELLER UNIVERSITY                  ,NY,10021-0000,Private      ,4,10,14,29,50,79
00280800,DAEMEN COLLEGE                          ,NY,14226-3592,Private      ,251,328,579,2824,1222,4046
00281000,THE SAGE COLLEGES                       ,NY,12180-4199,Private      ,144,270,414,2022,1832,3854
00281200,TROCAIRE COLLEGE                        ,NY,14220-2094,Private      ,140,459,599,881,1666,2547
00281300,SARAH LAWRENCE COLLEGE                  ,NY,10708-5999,Private      ,57,33,90,2104,597,2701
00281400,SKIDMORE COLLEGE                        ,NY,12866-1632,Private      ,82,23,105,4860,160,5020
00281500,ST BERNARDS SCH THEOLOGY & MINISTRY     ,NY,14618-3822,Private      ,1,4,5,2,43,45
00281600,SIENA COLLEGE                           ,NY,12211-1462,Private      ,215,49,264,6522,348,6870
00281700,ST BONAVENTURE UNIVERSITY               ,NY,14778-2284,Private      ,137,100,237,2984,552,3536
00282000,ST FRANCIS COLLEGE                      ,NY,11201-4398,Private      ,441,215,656,3121,788,3909
00282100,ST JOHN FISHER COLLEGE                  ,NY,14618-3597,Private      ,287,324,611,4939,1843,6782
00282200,CHRIST THE KING SEMINARY                ,NY,14052-0607,Private      ,0,3,3,2,8,10
00282300,ST JOHN'S UNIVERSITY                    ,NY,11439-1343,Private      ,642,694,1336,26689,6671,33360
00282500,ST JOSEPH'S COLLEGE                     ,NY,11205-3688,Private      ,207,235,442,1760,879,2639
00282501,ST JOSEPH'S COLLEGE-SUFFOLK CAMPUS      ,NY,11772-0000,Private      ,428,408,836,3132,1548,4680
00282900,ST LAWRENCE UNIVERSITY                  ,NY,13617-1455,Private      ,57,20,77,2832,142,2974
00283200,ST THOMAS AQUINAS COLLEGE               ,NY,10976-1050,Private      ,264,75,339,1930,281,2211
00283300,ST VLADIMIR ORTHODOX THEOL SEM          ,NY,10707-0000,Private      ,0,9,9,0,47,47
00283400,EXCELSIOR COLLEGE                       ,NY,12203-5159,Private      ,125,3260,3385,410,9483,9893
00283500,SUNY AT ALBANY                          ,NY,12222-0001,Public       ,1328,933,2261,22050,5187,27237
00283600,BINGHAMTON UNIVERSITY (SUNY)            ,NY,13902-6000,Public       ,988,531,1519,25965,3081,29046
00283700,SUNY AT BUFFALO                         ,NY,14260-0001,Public       ,1403,1460,2863,25397,9735,35132
00283800,SUNY AT STONY BROOK                     ,NY,11794-0701,Public       ,1585,1344,2929,29163,8288,37451
00283900,SUNY-DOWNSTATE MEDICAL CENTER           ,NY,11203-2098,Public       ,36,269,305,282,2529,2811
00284000,SUNY UPSTATE MEDICAL UNIVERSITY         ,NY,13210-2375,Public       ,22,105,127,301,1544,1845
00284100,SUNY BROCKPORT - FIN AID OFF            ,NY,14420-2914,Public       ,794,668,1462,10144,2859,13003
00284200,BUFFALO STATE COLLEGE - SUNY            ,NY,14222-1095,Public       ,1533,1312,2845,13701,5107,18808
00284300,SUNY COLLEGE-CORTLAND                   ,NY,13045-0900,Public       ,697,257,954,12118,1412,13530
00284400,SUNY AT FREDONIA                        ,NY,14063-1145,Public       ,520,174,694,7516,1016,8532
00284500,SUNY GENESEO                            ,NY,14454-1401,Public       ,394,88,482,8986,635,9621
00284600,SUNY COLLEGE-NEW PALTZ                  ,NY,12561-2499,Public       ,607,318,925,12528,2113,14641
00284700,SUNY COLLEGE-ONEONTA                    ,NY,13820-4015,Public       ,670,138,808,11817,839,12656
00284800,SUNY OSWEGO                             ,NY,13126-3599,Public       ,785,349,1134,11578,2035,13613
00284900,SUNY COLLEGE AT PLATTSBURGH             ,NY,12901-2681,Public       ,515,242,757,8402,1466,9868
00285000,SUNY COLLEGE-POTSDAM                    ,NY,13676-2294,Public       ,448,171,619,5757,924,6681
00285100,SUNY COLLEGE OF ENVIRONMENT SCIENCE AND ,NY,13210-2778,Public       ,102,78,180,2247,567,2814
00285300,SUNY MARITIME COLLEGE                   ,NY,10465-4198,Public       ,120,51,171,1872,323,2195
00285400,SUNY COLLEGE OF TECHNOLOGY-ALFRED       ,NY,14802-9951,Public       ,439,212,651,4841,1017,5858
00285500,SUNY CANTON COLG OF TECHNOLOGY          ,NY,13617-1098,Public       ,325,302,627,3949,1586,5535
00285600,SUNY AG & TECH COLLEGE-COBLESKILL       ,NY,12043-9986,Public       ,344,149,493,3211,599,3810
00285700,SUNY DELHI                              ,NY,13753-1190,Public       ,415,287,702,4119,1126,5245
00285800,SUNY FARMINGDALE                        ,NY,11735-1021,Public       ,817,701,1518,7526,2713,10239
00285900,SUNY COLLEGE OF AG & TECH AT MORRISVILLE,NY,13408-0901,Public       ,351,213,564,4115,974,5089
00286000,ADIRONDACK COMMUNITY COLLEGE            ,NY,12804-2004,Public       ,591,548,1139,2232,1725,3957
00286100,CAYUGA COMMUNITY COLLEGE                ,NY,13021-3099,Public       ,587,751,1338,1906,2176,4082
00286200,BROOME COMMUNITY COLLEGE                ,NY,13902-0000,Public       ,905,964,1869,3472,2793,6265
00286300,CORNING COMMUNITY COLLEGE               ,NY,14830-3297,Public       ,541,637,1178,1916,1832,3748
00286400,DUTCHESS COMMUNITY COLLEGE              ,NY,12601-1595,Public       ,1116,805,1921,4449,2359,6808
00286600,FASHION INSTITUTE OF TECHNOLOGY         ,NY,10001-5992,Public       ,645,628,1273,9442,3612,13054
00286700,SUNY FULTON MONTGOMERY COMM CLG         ,NY,12095-3790,Public       ,466,351,817,1880,1131,3011
00286800,HUDSON VALLEY COMMUNITY COLLEGE         ,NY,12180-6096,Public       ,1378,1327,2705,6629,4647,11276
00286900,JAMESTOWN COMMUNITY COLLEGE             ,NY,14702-0020,Public       ,522,525,1047,2563,1827,4390
00287000,JEFFERSON COMMUNITY COLLEGE             ,NY,13601-1897,Public       ,416,917,1333,1566,2653,4219
00287100,"SUNY, MOHAWK VALLEY COMMUNITY CLG       ",NY,13501-5394,Public       ,1020,1010,2030,4325,3511,7836
00287200,MONROE COMMUNITY COLLEGE                ,NY,14623-5780,Public       ,2247,2777,5024,10110,9404,19514
00287300,NASSAU COMMUNITY COLLEGE                ,NY,11530-6793,Public       ,3711,2429,6140,12741,7063,19804
00287400,NIAGARA COUNTY COMMUNITY COLLEGE        ,NY,14132-9460,Public       ,889,710,1599,3968,2708,6676
00287500,ONONDAGA COMMUNITY COLLEGE              ,NY,13215-4585,Public       ,1313,1234,2547,7182,4372,11554
00287600,ORANGE COUNTY COMMUNITY COLLEGE         ,NY,10940-6441,Public       ,855,703,1558,3171,2385,5556
00287700,ROCKLAND COMMUNITY COLLEGE              ,NY,10901-3611,Public       ,1076,796,1872,2757,2055,4812
00287800,SUFFOLK COMMUNITY COLLEGE               ,NY,11784-2899,Public       ,1571,1042,2613,7462,3630,11092
00287801,SUFFOLK COMMUNITY CLG-W. CAMPUS         ,NY,11717-0000,Public       ,1204,1009,2213,5168,3333,8501
00287803,SUFFOLK COMMUNITY CLG-EASTRN CAMPUS     ,NY,11901-0000,Public       ,449,348,797,1922,1172,3094
00287900,SULLIVAN COUNTY COMMUNITY COLLEGE       ,NY,12759-5151,Public       ,340,221,561,1452,724,2176
00288000,ULSTER COUNTY COMMUNITY COLLEGE         ,NY,12484-0557,Public       ,401,383,784,1266,1061,2327
00288100,SUNY WESTCHESTER COMMUNITY COLLEGE      ,NY,10595-1698,Public       ,2129,1730,3859,6759,5044,11803
00288200,SYRACUSE UNIVERSITY                     ,NY,13244-2130,Private      ,615,622,1237,26278,6328,32606
00288300,UTICA COLLEGE- UTICA                    ,NY,13502-4892,Private      ,195,416,611,3966,2162,6128
00288500,ALBANY COLLEGE OF PHARMACY AND HEALTH SC,NY,12208-3492,Private      ,26,38,64,1950,886,2836
00288600,ALBANY LAW SCHOOL                       ,NY,12208-0000,Private      ,10,55,65,73,1024,1097
00288700,ALBANY MEDICAL COLLEGE                  ,NY,12208-0000,Private      ,9,67,76,128,1314,1442
00288900,UNION COLLEGE                           ,NY,12308-2311,Private      ,51,31,82,3902,168,4070
00289000,UNION THEOLOGICAL SEMINARY              ,NY,10027-0000,Private      ,0,23,23,0,299,299
00289200,UNITED STATES MERCHANT MARINE ACADEMY   ,NY,11024-1699,Public       ,25,3,28,443,21,464
00289400,UNIVERSITY OF ROCHESTER                 ,NY,14627-9000,Private      ,164,319,483,9803,2026,11829
00289401,EASTMAN SCH OF MUSIC/UNIV ROCHESTER     ,NY,14604-0000,Private      ,41,47,88,828,452,1280
00289402,UNIV OF ROCHESTER SCHL OF MEDICINE      ,NY,14642-0000,Private      ,9,51,60,82,744,826
00289500,VASSAR COLLEGE                          ,NY,12604-0008,Private      ,104,41,145,4913,209,5122
00289600,VILLA MARIA COLLEGE-BUFFALO             ,NY,14225-3999,Private      ,65,69,134,457,312,769
00289900,WAGNER COLLEGE                          ,NY,10301-4495,Private      ,143,123,266,3059,605,3664
00290000,WEBB INSTITUTE                          ,NY,11542-1398,Private      ,4,3,7,89,11,100
00290100,WELLS COLLEGE                           ,NY,13026-0500,Private      ,27,11,38,1382,97,1479
00290300,YESHIVA UNIVERSITY                      ,NY,10033-3201,Private      ,205,216,421,2353,2639,4992
00290302,YESHIVA UNIVERSITY - BRONX CAMPUS       ,NY,10461-1975,Private      ,8,69,77,95,1352,1447
00397400,MESIVTHA TIFERETH JERUSALEM OF AMER     ,NY,10002-6382,Private      ,13,0,13,22,1,23
00397600,RABBINICAL ACAD MESIVTA RABBI CHAIM     ,NY,11230-4715,Private      ,0,0,0,3,0,3
00397700,RABBINICAL COLLEGE CH'SAN SOFER         ,NY,11204-1252,Private      ,0,0,0,2,1,3
00397800,RABBINICAL SEMINARY OF AMERICA          ,NY,11375-0000,Private      ,30,13,43,58,18,76
00397900,COLUMBIA UNIV TEACHERS COLLEGE          ,NY,10027-0000,Private      ,13,597,610,132,5059,5191
00405400,HEBREW UNION COL-JEWISH INST OF REL     ,NY,10012-0000,Private      ,0,6,6,0,233,233
00475900,"CUNY, YORK COLLEGE                      ",NY,11451-0001,Public       ,872,1270,2142,13134,6371,19505
00476500,CUNY GRADUATE SCH & UNIV CTR            ,NY,10016-4309,Public       ,20,641,661,150,3031,3181
00477600,CENTRAL YESHIVA TOMCHEI TMIMIM LUBA     ,NY,11230-2798,Private      ,9,2,11,25,10,35
00478800,HERKIMER COUNTY COMMUNITY COLLEGE       ,NY,13350-1598,Public       ,369,355,724,2197,1383,3580
00479800,MIRRER YESHIVA CENTRAL INST             ,NY,11223-2010,Private      ,45,11,56,53,15,68
00479900,MONROE COLLEGE                          ,NY,10468-4305,Proprietary  ,845,1464,2309,4841,5881,10722
00481100,EVEREST INSTITUTE                       ,NY,14621-3007,Proprietary  ,28,194,222,154,861,1015
00506400,SAINT JAMES MERCY HOSPITAL SCHOOL OF RAD,NY,14843-2197,Private      ,2,4,6,23,26,49
00506600,FAXTON ST. LUKE'S SCHOOL OF RADIOGRAPHY ,NY,13502-4856,Private      ,3,8,11,23,40,63
00520800,THE COLLEGE OF WESTCHESTER              ,NY,10602-0000,Proprietary  ,154,311,465,935,882,1817
00587700,ROBERT J HOCHSTIM SCHOOL OF RADIOG      ,NY,11572-1151,Private      ,0,5,5,0,14,14
00643501,ARNOT OGDEN MEDICAL CENTER              ,NY,14905-1676,Private      ,11,22,33,56,80,136
00643800,PHILLIPS BETH ISRAEL SCH OF NURSING     ,NY,10001-6354,Private      ,20,87,107,106,396,502
00644300,COCHRAN SCH NSG-ST JOHN RVSDE HOSP      ,NY,10701-1399,Private      ,8,36,44,33,174,207
00644500,CROUSE HOSP SCH OF NURSING              ,NY,13210-1690,Private      ,32,105,137,221,364,585
00644800,ELLIS HOSPITAL SCHOOL OF NURSING        ,NY,12308-0000,Private      ,10,61,71,77,225,302
00646101,ST ELIZABETH COLLEGE OF NURSING         ,NY,13501-2998,Private      ,7,16,23,139,183,322
00646102,ST ELIZABETH SCH OF RADIOGRAPHY         ,NY,13501-0000,Private      ,0,6,6,17,28,45
00646700,SAINT JOSEPH'S COLLEGE OF NURSING       ,NY,13203-1806,Private      ,14,47,61,247,326,573
00678200,GENESEE COMMUNITY COLLEGE               ,NY,14020-9704,Public       ,634,846,1480,2990,2583,5573
00678500,SCHENECTADY COUNTY COMMUNITY CLG        ,NY,12305-2294,Public       ,707,782,1489,2493,2363,4856
00678700,CLINTON COMMUNITY COLLEGE               ,NY,12901-5690,Public       ,277,166,443,1215,650,1865
00678800,TOMPKINS CORTLAND COMMUNITY COLLEGE     ,NY,13053-8504,Public       ,539,437,976,2760,1538,4298
00678900,COLUMBIA-GREENE COMMUNITY COLLEGE       ,NY,12534-9543,Public       ,291,356,647,923,938,1861
00679100,SUNY AT PURCHASE                        ,NY,10577-1400,Public       ,519,204,723,7801,1133,8934
00702200,CUNY-LEHMAN COLLEGE                     ,NY,10468-1589,Public       ,1044,2504,3548,14639,12023,26662
00702600,MOUNT SINAI SCHOOL OF MEDICINE          ,NY,10029-0000,Private      ,4,71,75,37,1045,1082
00710900,SUNY COLLEGE-OLD WESTBURY               ,NY,11568-0210,Public       ,412,417,829,5981,2295,8276
00711100,NORTH COUNTRY COMMUNITY COLLEGE         ,NY,12983-2046,Public       ,141,183,324,676,593,1269
00726400,MESIFTA TORAH VODAATH RABBINCAL SEM     ,NY,11218-5209,Private      ,2,12,14,6,13,19
00727300,CUNY-BERNARD BARUCH COLLEGE             ,NY,10010-5518,Public       ,1372,1923,3295,19371,9844,29215
00730400,CULINARY INSTITUTE OF AMERICA           ,NY,12538-1499,Private      ,366,292,658,3470,1385,4855
00732916,ITT TECHNICAL INSTITUTE                 ,NY,12205-1003,Proprietary  ,37,154,191,147,498,645
00737200,AUSTIN'S SCHOOL OF SPA TECHNOLOGY       ,NY,12206-1513,Proprietary  ,40,122,162,123,359,482
00737500,ISLAND DRAFTING & TECHNICAL INST        ,NY,11701-2704,Proprietary  ,16,17,33,57,62,119
00738700,LONG ISLAND BEAUTY SCHOOL               ,NY,11788-4346,Proprietary  ,75,107,182,152,249,401
00738800,LONG ISLAND BEAUTY SCHOOL               ,NY,11550-3704,Proprietary  ,26,54,80,41,122,163
00739100,BEAUTY SCHOOL OF MIDDLETOWN             ,NY,10940-6574,Proprietary  ,19,33,52,49,71,120
00739400,BERKELEY COLLEGE                        ,NY,10017-0000,Proprietary  ,497,895,1392,3175,4042,7217
00740100,MANDL SCHOOL                            ,NY,10019-5516,Proprietary  ,81,199,280,280,884,1164
00740500,WOOD TOBE-COBURN SCHOOL                 ,NY,10016-0102,Proprietary  ,73,29,102,606,146,752
00746500,AMERICAN ACADEMY OF DRAMATIC ARTS       ,NY,10016-7089,Private      ,108,74,182,1124,398,1522
00746600,LIM COLLEGE                             ,NY,10022-5268,Proprietary  ,136,103,239,2415,526,2941
00746800,SCHOOL OF VISUAL ARTS                   ,NY,10010-3994,Proprietary  ,230,189,419,3941,1624,5565
00750602,LINCOLN TECHNICAL INSTITUTE             ,NY,11357-6092,Proprietary  ,133,106,239,550,325,875
00751800,APEX TECHNICAL SCHOOL                   ,NY,10011-0000,Proprietary  ,186,450,636,450,1121,1571
00752200,CONTINENTAL SCH OF BEAUTY CULTURE       ,NY,14623-3231,Proprietary  ,95,257,352,167,439,606
00752205,CONTINENTAL SCHOOL OF BEAUTY CULTURE - M,NY,13211-1003,Proprietary  ,4,11,15,29,49,78
00753200,FINGER LAKES COMMUNITY COLLEGE          ,NY,14424-8395,Public       ,592,721,1313,3410,2578,5988
00757200,AMERICAN MUSICAL AND DRAMATIC ACAD      ,NY,10023-2106,Private      ,270,80,350,2578,518,3096
00757300,EMPIRE BEAUTY SCHOOL                    ,NY,11103-4028,Proprietary  ,104,234,338,214,425,639
00780400,STAR CAREER ACADEMY                     ,NY,10011-7307,Proprietary  ,71,258,329,152,689,841
00818900,CONTINENTAL SCHOOL OF BEAUTY CULTURE - B,NY,14224-3402,Proprietary  ,19,49,68,39,80,119
00818903,CONTINENTAL SCHOOL OF BEAUTY CULTURE - B,NY,14223-2911,Proprietary  ,31,61,92,85,151,236
00843700,CHAMPLAIN VALLEY - TEC/PRN              ,NY,12901-0000,Public       ,8,23,31,30,58,88
00849500,JAMESTOWN BUSINESS COLLEGE              ,NY,14702-0429,Proprietary  ,34,64,98,189,249,438
00861100,"CUNY, HOSTOS CMTY COLLEGE               ",NY,10451-1499,Public       ,1295,1867,3162,9117,7635,16752
00861400,RABBINICAL CLG BOBOVER YESHIVA BNEI     ,NY,11219-3293,Private      ,38,1,39,41,7,48
00861700,RABBINICAL SEM MKOR CHAIM-YESHIVA       ,NY,11219-4300,Private      ,0,0,0,0,2,2
00878800,STATE UNIVERSITY OF NEW YORK STUDENT LOA,NY,12246-0000,Public       ,48,60,108,553,331,884
00900300,OLEAN BUSINESS INSTITUTE INC            ,NY,14760-2691,Proprietary  ,2,6,8,21,52,73
00902900,NEIGHBORHOOD PLAYHOUSE                  ,NY,10022-5017,Private      ,5,19,24,27,49,76
00904300,ELMIRA BUSINESS INSTITUTE               ,NY,14901-2731,Proprietary  ,36,194,230,88,614,702
00907700,UTICA SCHOOL OF COMMERCE                ,NY,13501-2280,Proprietary  ,32,119,151,111,370,481
00924800,SAMARITAN HOSPITAL SCH NURSING          ,NY,12180-2475,Private      ,6,41,47,76,240,316
00928300,MIDWAY-PARIS BEAUTY SCHOOL              ,NY,11385-3453,Proprietary  ,15,34,49,31,88,119
00928400,BRITTANY BEAUTY SCHOOL                  ,NY,11756-1345,Proprietary  ,57,122,179,92,202,294
00933500,MESIVTA EASTERN PKWY RABBINICAL CLG     ,NY,11218-5559,Private      ,7,3,10,14,7,21
00947900,SAINT VINCENTS CMC SI NURSING SCHOOL    ,NY,10304-3850,Proprietary  ,104,175,279,322,673,995
00976900,METROPOLITAN COLLEGE OF NEW YORK        ,NY,10013-1919,Private      ,65,508,573,280,1880,2160
00992900,SUNY COLLEGE OF OPTOMETRY               ,NY,10036-8003,Public       ,0,5,5,21,371,392
01005100,LA GUARDIA CMTY COLLEGE - CUNY          ,NY,11101-3083,Public       ,3010,3021,6031,17677,11185,28862
01005200,JEFFERSON-LEWIS BOCES PRAC NRSGPRG      ,NY,13601-9509,Public       ,16,68,84,41,181,222
01009700,CUNY-MEDGAR W EVERS COLLEGE             ,NY,11225-2010,Public       ,1215,1790,3005,7741,6259,14000
01014200,TOURO COLLEGE                           ,NY,10010-4202,Private      ,1051,2548,3599,3213,9210,12423
01014700,WESTERN SUFFOLK BOCES                   ,NY,11768-3499,Public       ,40,131,171,142,378,520
01015300,HELENE FULD COL OF NRSNG/N GEN HOSP     ,NY,10035-0000,Private      ,9,261,270,39,666,705
01028600,EMPIRE STATE COLLEGE                    ,NY,12866-4391,Public       ,242,2599,2841,1015,11773,12788
01037800,RABBINICAL COLLEGE OF LONG ISLAND       ,NY,11561-3244,Private      ,0,0,0,6,3,9
01054900,KEHILATH YAKOV RABBINICAL SEMINARY      ,NY,10562-1001,Private      ,1,1,2,1,1,2
01055100,NEW YORK SCH MED & DENTAL ASSISTANT     ,NY,11101-2327,Proprietary  ,51,102,153,119,247,366
01064100,SOUTHERN WESTCHESTER BOCES              ,NY,10543-0000,Public       ,12,114,126,31,187,218
01068400,ERIE COMMUNITY COLLEGE-ALL CAMPUSES     ,NY,14203-2698,Public       ,2240,2408,4648,8081,7429,15510
01081300,AMERICAN ACAD MCALLISTER INST           ,NY,10019-3604,Private      ,30,120,150,142,553,695
01083700,SIMMONS INST OF FUNERAL SERVICE         ,NY,13207-2098,Proprietary  ,0,6,6,6,41,47
01094300,RABBINICAL COLLEGE BETH SHRAGA          ,NY,10952-3033,Private      ,0,0,0,1,0,1
01095200,PNW BOCES LPN PROGRAM                   ,NY,10598-0000,Public       ,6,26,32,18,52,70
01103100,TECHNICAL CAREER INSTITUTE              ,NY,10001-2789,Proprietary  ,534,981,1515,1142,2852,3994
01118900,UNITED TALMUDICAL SEMINARY              ,NY,11211-7984,Private      ,31,0,31,40,2,42
01119200,BETH HAMEDRASH SHAAREI YOSHER INST      ,NY,11204-1052,Private      ,3,6,9,6,11,17
01161400,CHAMPLAIN VALLEY HOSP SCH RAD TECH      ,NY,12901-1490,Private      ,2,4,6,23,22,45
01161700,NEW YORK METHODIST HOSPITAL             ,NY,11229-9023,Private      ,36,131,167,116,421,537
01164700,SBI CAMPUS - AN AFFILIATE OF SANFORD-BRO,NY,11747-3785,Proprietary  ,45,86,131,134,303,437
01167700,MEMORIAL SLOAN KETTERING CANCER CTR     ,NY,10021-6094,Private      ,2,12,14,8,47,55
01167800,SUNY INST OF TECHNOLOGY UTICA ROME      ,NY,13504-3050,Public       ,160,306,466,2131,1191,3322
01182100,YESHIVATH ZICHRON MOSHE                 ,NY,12779-0580,Private      ,73,0,73,73,0,73
01183000,BERK TRADE AND BUSINESS SCHOOL          ,NY,11101-0000,Proprietary  ,33,67,100,72,172,244
01185900,WORD OF LIFE BIBLE INSTITUTE            ,NY,12860-0129,Private      ,116,40,156,530,82,612
01186000,MERCY MED CNTR SCHL OF RADIOGRAPHY      ,NY,11570-1098,Private      ,4,10,14,20,32,52
01192100,WESTCHESTER SCH OF BEAUTY CULTURE       ,NY,10550-2295,Proprietary  ,19,37,56,44,105,149
01192200,BETH HATALMUD RABBINICAL CLG            ,NY,11214-2594,Private      ,5,4,9,11,9,20
01198400,OHR HAMEIR THEOLOGICAL SEMINARY         ,NY,10566-0990,Private      ,0,1,1,2,1,3
01201100,TALMUDICAL SEM OHOLEI TORAH             ,NY,11213-3310,Private      ,4,0,4,8,0,8
01210700,INSTITUTE OF DESIGN & CONSTRUCTION      ,NY,11201-5380,Private      ,20,58,78,51,138,189
01220300,MEMORIAL HOSPITAL SCH OF NURSING        ,NY,12204-1083,Private      ,7,41,48,59,203,262
01227700,NEW YORK CHIROPRACTIC COLLEGE           ,NY,13148-0800,Private      ,2,118,120,16,816,832
01229300,VEEB NASSAU CNTY SCHL OF PRACT NURS     ,NY,11553-3040,Public       ,23,44,67,79,251,330
01235800,PLAZA COLLEGE                           ,NY,11372-6300,Proprietary  ,123,436,559,225,781,1006
01236400,SAINT VINCENTS CATHOLIC MEDICAL CENTERS ,NY,11354-0000,Proprietary  ,23,99,122,127,609,736
01240700,SCHUYLER-CHEMUNG-TIOGA BOCES            ,NY,14903-1089,Public       ,7,38,45,24,167,191
01240701,STEUBEN SCHUYLER CHEMUNG TIOGA ALLEGANY ,NY,14870-9518,Public       ,0,2,2,1,8,9
01256100,FIVE TOWNS COLLEGE                      ,NY,11746-5871,Proprietary  ,157,78,235,951,248,1199
01258900,ERIE 1 BOCES                            ,NY,14224-0000,Public       ,29,118,147,100,351,451
01265200,ONONDAGA CORTLAND MADISON BOCES         ,NY,13090-4500,Public       ,53,213,266,169,582,751
01278300,OSWEGO COUNTY BOCES ADULT CAREERS       ,NY,13114-4498,Public       ,18,41,59,37,76,113
01292700,CENTRAL TECH NURSING PROGRAM            ,NY,13202-3092,Public       ,6,26,32,30,114,144
01302600,MACHZIKEI HADATH RABBINICAL COLLEGE     ,NY,11204-1805,Private      ,0,0,0,1,0,1
01302700,YESHIVATH VIZNITZ                       ,NY,10952-3021,Private      ,0,1,1,9,3,12
01302900,BORICUA COLLEGE                         ,NY,10032-1599,Private      ,160,452,612,485,1146,1631
02056400,CAPRI COSMETOLOGY LEARNING CENTER       ,NY,10954-0000,Proprietary  ,55,104,159,111,174,285
02066200,THE NEW SCHOOL                          ,NY,10011-0000,Private      ,505,880,1385,5839,5520,11359
02069000,NEW YORK SCHOOL OF INTERIOR DESIGN      ,NY,10021-0000,Private      ,28,74,102,235,394,629
02075700,BRIARCLIFFE COLLEGE                     ,NY,11714-0000,Proprietary  ,87,230,317,550,1280,1830
02075702,BRIARCLIFFE COLLEGE - PATCHOGUE         ,NY,11772-3019,Proprietary  ,74,143,217,589,762,1351
02092400,RIDLEY-LOWELL SCHOOL OF BUSINESS        ,NY,13905-0000,Proprietary  ,24,126,150,36,214,250
02093700,LONG ISLAND BUSINESS INSTITUTE          ,NY,11725-0000,Proprietary  ,62,167,229,257,820,1077
02093701,LONG ISLAND BUSINESS INSTITUTE - FLUSHIN,NY,11354-4429,Proprietary  ,2,8,10,13,30,43
02098400,HERKIMER COUNTY BOCES                   ,NY,13350-0000,Public       ,15,68,83,38,128,166
02104300,OTSEGO AREA SCHOOL OF PRAC NURSING      ,NY,12167-0000,Public       ,8,20,28,11,31,42
02105900,HAIR DESIGN INSTITUTE AT FIFTH AVE      ,NY,11220-0000,Proprietary  ,62,137,199,124,232,356
02106800,BRAMSON ORT COLLEGE                     ,NY,11375-0000,Private      ,82,160,242,212,529,741
02110900,CATTARAUGUS/ALLEGANY BOCES              ,NY,14760-0000,Public       ,13,47,60,48,162,210
02112301,RIDLEY - LOWELL BUSINESS & TECHNICAL INS,NY,12601-3328,Proprietary  ,75,190,265,158,487,645
02116011,SANFORD-BROWN INSTITUTE - NEW YORK      ,NY,10003-2103,Proprietary  ,152,398,550,452,1331,1783
02118700,LONG ISLAND COLLEGE HOSPITAL - SCHOOL OF,NY,11201-6001,Private      ,23,79,102,133,292,425
02118702,LONG ISLAND COLLEGE HOSPITAL - SCHOOL OF,NY,11201-6001,Private      ,24,78,102,172,296,468
02124000,ORANGE ULSTER BOCES SCH OF PRAC NRS     ,NY,10924-9401,Public       ,6,37,43,30,178,208
02125500,CIRCLE IN THE SQUARE THEATRE SCHOOL     ,NY,10019-0000,Private      ,10,21,31,59,71,130
02126300,MADISON-ONEIDA BOCES PRAC NRS           ,NY,13478-0000,Public       ,0,21,21,6,65,71
02138500,BOCES RENSSELAER SCHOOL OF PN           ,NY,12033-3221,Public       ,3,23,26,21,64,85
02145800,CAYUGA ONONDAGA BOCES                   ,NY,13021-9430,Public       ,7,38,45,42,104,146
02146000,WAYNE-FINGER LAKES BOCES                ,NY,14513-0000,Public       ,14,78,92,56,308,364
02152000,YESHIVA SHAAR HATORAH ITRI TORAH        ,NY,11418-0000,Private      ,1,0,1,5,0,5
02153600,BROOME-TIOGA BOCES PN PROG              ,NY,13905-0000,Public       ,6,25,31,40,143,183
02157900,ROCHESTER GENERAL HOSPITAL              ,NY,14621-3001,Private      ,10,38,48,46,143,189
02158200,WSHNGTN-SARTGA-WARN-HMLTN-ESX BOCES     ,NY,12839-1051,Public       ,4,29,33,14,63,77
02160100,GENEVA GENERAL HOSPITAL                 ,NY,14456-0000,Private      ,3,25,28,53,180,233
02163400,NEW YORK CAREER INSTITUTE               ,NY,10007-2801,Proprietary  ,50,151,201,206,667,873
02169100,DAVIS COLLEGE                           ,NY,13790-0000,Private      ,33,20,53,173,128,301
02170000,SWEDISH INSTITUTE                       ,NY,10001-0000,Proprietary  ,51,199,250,196,771,967
02170200,ALBANY SCHOHARIE SCHENECTADY            ,NY,12205-0000,Public       ,25,73,98,48,133,181
02171900,AILEY SCHOOL (THE)                      ,NY,10019-4402,Private      ,23,29,52,130,98,228
02172100,HAMILTON-FULTON-MONTGOMERY BOCES        ,NY,12095-0665,Public       ,8,22,30,28,90,118
02172800,DUTCHESS COUNTY BOCES SCH PRAC NURS     ,NY,12601-0000,Public       ,23,62,85,68,168,236
02173200,EMPIRE BEAUTY SCHOOL                    ,NY,10001-0000,Proprietary  ,213,355,568,582,1016,1598
02173900,ULSTER COUNTY BOCES PRACTICAL NRSG      ,NY,12466-0000,Public       ,14,87,101,40,194,234
02176000,CHERYL FELL'S SCHOOL OF BUSINESS        ,NY,14304-0000,Proprietary  ,1,22,23,6,75,81
02179400,EASTERN SUFFOLK BOCES                   ,NY,11713-0000,Public       ,67,113,180,178,376,554
02182200,NEW SCHOOL OF RADIO & TELEVISION        ,NY,12206-1106,Proprietary  ,17,23,40,51,76,127
02187300,DARKEI NOAM RABBINICAL COLLEGE          ,NY,11210-0000,Private      ,0,0,0,0,1,1
02191600,TORAH TEMIMAH TALMUDICAL SEMINARY       ,NY,11218-0000,Private      ,2,0,2,9,1,10
02192500,BELLEVUE HOSP CTR SCH RAD TECH          ,NY,10016-0000,Public       ,5,25,30,16,119,135
02199300,ORLEANS-NIAGARA BOCES                   ,NY,14132-0000,Public       ,1,10,11,18,65,83
02206000,HUNTER BUSINESS SCHOOL                  ,NY,11756-0000,Proprietary  ,92,246,338,228,557,785
02217800,D.HOPFER SCH NURSING AT MT.VRN HOSP     ,NY,10550-0000,Private      ,8,46,54,49,271,320
02219500,MILDRED ELLEY                           ,NY,12206-1513,Proprietary  ,152,650,802,394,1964,2358
02235600,ERIE 2-CHAUTAUQUA-CATTARAUGUS BOCES     ,NY,14006-0000,Public       ,9,41,50,25,93,118
02265100,YESHIVA DERECH CHAIM                    ,NY,11218-0000,Private      ,21,13,34,27,14,41
02265200,GLOBAL BUSINESS INSTITUTE               ,NY,11691-0000,Private      ,0,0,0,4,45,49
02272900,ROCKLAND COUNTY BOCES PRAC NRSG SCH     ,NY,10994-0000,Public       ,17,55,72,53,126,179
02275900,"MODERN WELDING SCHOOL, INC.             ",NY,12304-0000,Proprietary  ,24,27,51,60,96,156
02287800,NATIONAL TRACTOR TRAILER SCHOOL         ,NY,13088-2505,Proprietary  ,13,220,233,28,411,439
02294900,INSTITUTE OF AUDIO RESEARCH             ,NY,10003-0000,Proprietary  ,117,126,243,270,347,617
02306500,PROFESSIONAL BUSINESS INSTITUTE         ,NY,10002-0000,Private      ,156,370,526,387,1055,1442
02314200,NORTHERN WESTCHESTER SCH COSMETOL       ,NY,10566-0000,Proprietary  ,11,8,19,30,30,60
02320100,OHR SOMAYACH TANENBAUM EDUCATIONAL CENTE,NY,10952-0000,Private      ,0,1,1,2,2,4
02350600,YESHIVA AND KOLLEL HARBOTZAS TORAH      ,NY,11230-0000,Private      ,0,7,7,0,8,8
02491400,SPANISH AMERICAN INSTITUTE              ,NY,10036-0000,Private      ,0,3,3,4,10,14
02505800,YESHIVA KARLIN STOLIN RAB INSTITUTE     ,NY,11204-0000,Private      ,0,1,1,0,1,1
02505900,SH-OR YOSHUV RABBINICAL COLLEGE         ,NY,11691-0000,Private      ,12,9,21,18,11,29
02506000,ASSOCIATED BETH RIVKAH SCHOOLS          ,NY,11225-0000,Private      ,57,9,66,79,12,91
02506100,CITY UNIV OF NEW YORK-CENTRAL           ,NY,10021-0000,Public       ,111,271,382,2943,1484,4427
02506800,YESHIVAT MIKDASH MELECH                 ,NY,11230-0000,Private      ,8,2,10,29,3,32
02511500,JOFFREY BALLET SCHOOL                   ,NY,10011-0000,Proprietary  ,8,4,12,118,14,132
02513500,MAR JON SCHOOL OF BEAUTY CULTURE        ,NY,14150-0000,Proprietary  ,17,33,50,31,69,100
02525600,ART INSTITUTE OF NEW YORK CITY (THE)    ,NY,10013-2429,Proprietary  ,343,353,696,2045,1392,3437
02540800,"GLOBE INSTITUTE OF TECHNOLOGY, INC.     ",NY,10007-0000,Proprietary  ,143,123,266,360,353,713
02546000,TRI-STATE COLLEGE OF ACUPUNCTURE        ,NY,10011-0000,Proprietary  ,2,24,26,2,111,113
02546300,YESHIVA OF THE TELSHE ALUMNI            ,NY,10471-0000,Private      ,0,1,1,0,1,1
02550600,TALMUDICAL INST OF UPSTATE NY           ,NY,14607-0000,Private      ,4,2,6,4,4,8
02556700,SEMINAR L'MOROS BAIS YAAKOV             ,NY,11219-0000,Private      ,55,1,56,198,3,201
02572900,BUSINESS INFORMATICS CENTER             ,NY,11580-0000,Proprietary  ,7,16,23,19,56,75
02575400,FRENCH CULINARY INSTITUTE               ,NY,10013-2618,Proprietary  ,83,235,318,391,789,1180
02587600,ORLO SCH HAIR DESIGN & COSMETOLOGY      ,NY,12206-1723,Proprietary  ,11,29,40,46,86,132
02599400,NEW YORK COLLEGE OF HEALTH PROFESSIONS  ,NY,11791-4413,Private      ,61,244,305,197,831,1028
02600100,NEW YORK ACADEMY OF ART (THE)           ,NY,10013-2911,Private      ,42,54,96,229,334,563
02614900,SANFORD-BROWN INSTITUTE                 ,NY,10604-2910,Proprietary  ,47,92,139,139,366,505
02615001,SANFORD-BROWN COLLEGE - SANFORD-BROWN IN,NY,11530-4734,Proprietary  ,113,207,320,296,631,927
02616600,SHEAR EGO INTERNATIONAL SCHOOL OF HAIR D,NY,14617-3501,Proprietary  ,30,60,90,69,134,203
02617000,CONTINENTAL SCH OF BEAUTY CULTURE       ,NY,14020-0000,Proprietary  ,21,46,67,40,77,117
02617002,CONTINENTAL SCHOOL OF BEAUTY CULTURE  - ,NY,14020-1908,Proprietary  ,2,8,10,8,18,26
02622900,BAIS MEDRASH ELYON                      ,NY,10952-3013,Private      ,0,0,0,0,1,1
03000100,YESHIVA GEDOLAH IMREI YOSEF DSPINKA     ,NY,11219-4696,Private      ,0,1,1,0,2,2
03007200,DANCE THEATRE OF HARLEM                 ,NY,10031-0000,Private      ,5,16,21,42,45,87
03027701,PACIFIC COLLEGE OF ORIENTAL MEDICINE - N,NY,10010-7108,Proprietary  ,9,103,112,42,457,499
03081600,DELAWARE CHENANGO MADISON OT. BOCES     ,NY,13815-9554,Public       ,11,23,34,23,57,80
03089700,COMPUTER CAREER CENTER                  ,NY,11530-3334,Proprietary  ,30,99,129,72,242,314
03095500,ASA INST BUSINESS & COMPUTER TECH       ,NY,11201-5208,Proprietary  ,768,1366,2134,1780,3407,5187
03096200,CHARLES STUART SCHOOL                   ,NY,11229-2004,Proprietary  ,2,15,17,11,47,58
03103700,ADIRONDACK BEAUTY SCHOOL                ,NY,12801-3158,Proprietary  ,13,11,24,23,42,65
03104900,SULLIVAN COUNTY BOCES                   ,NY,12754-2116,Public       ,8,20,28,21,50,71
03115300,GENESEE VALLEY BOCES                    ,NY,14020-1099,Public       ,20,64,84,57,150,207
03120700,NEW YORK CONSERVATORY FOR DRAMATIC ARTS ,NY,10011-4225,Proprietary  ,48,18,66,546,189,735
03127100,YESHIVAS NOVOMINSK                      ,NY,11219-0000,Private      ,22,1,23,34,1,35
03129200,RABBINICAL CLG OHR SHIMAR YISROEL       ,NY,11211-8102,Private      ,0,2,2,2,4,6
03147300,YESHIVA D'MONSEY                        ,NY,10952-3106,Private      ,0,1,1,1,1,2
03169300,STUDIO JEWELERS                         ,NY,10016-4112,Proprietary  ,4,13,17,8,35,43
03181400,MERKAZ BNOS                             ,NY,11214-4911,Private      ,6,119,125,6,174,180
03191300,CUNY SCHOOL OF LAW @ QUEENS COLLEGE     ,NY,11367-0000,Public       ,40,118,158,383,1135,1518
03193300,MANHATTAN SCHOOL OF COMPUTER TECH       ,NY,11230-1617,Private      ,54,183,237,192,477,669
03203300,NEW YORK INSTITUTE OF MASSAGE           ,NY,14221-6021,Proprietary  ,12,46,58,40,141,181
03216300,UNIFICATION THEOLOGICAL SEMINARY        ,NY,12507-5021,Private      ,3,16,19,17,35,52
03328300,FRANKLIN CAREER INSTITUTE               ,NY,11550-3003,Private      ,19,48,67,46,120,166
03328301,FRANKLIN CAREER INSTITUTE - BROOKLYN    ,NY,11220-3110,Private      ,27,101,128,111,306,417
03342400,AMERICAN BARBER INSTITUTE               ,NY,10001-5271,Proprietary  ,0,0,0,18,74,92
03358300,ALLEN SCHOOL                            ,NY,11432-4901,Proprietary  ,59,492,551,143,1239,1382
03358301,ALLEN SCHOOL - BROOKLYN                 ,NY,11201-0000,Proprietary  ,62,245,307,165,645,810
03380300,STAR CAREER ACADEMY                     ,NY,11791-5311,Proprietary  ,29,96,125,71,246,317
03419400,NORTHEASTERN SEMINARY                   ,NY,14624-1997,Private      ,0,40,40,26,129,155
03426400,ANTHEM INSTITUTE                        ,NY,10018-0000,Proprietary  ,0,0,0,4,8,12
03433500,LIA SCHORR INSTITUTE OF COSMETIC SK     ,NY,10022-2614,Proprietary  ,6,21,27,11,50,61
03443300,NEW YORK COLLEGE OF TRADITIONAL CHINESE ,NY,11501-0000,Private      ,1,36,37,2,72,74
03496300,YESHIVA SHAAREI TORAH OF ROCKLAND       ,NY,10901-4003,Private      ,0,16,16,2,17,19
03537300,NEW YORK AUTOMOTIVE & DIESEL INSTIT     ,NY,11101-0000,Proprietary  ,50,108,158,119,272,391
03568300,LEON STUDIO ONE SCHOOL OF HAIR DESI     ,NY,14221-5323,Proprietary  ,9,27,36,28,58,86
03651300,SAINT JOSEPH'S MEDICAL CENTER SCHOO     ,NY,10701-4080,Private      ,2,4,6,17,26,43
03652300,METROPOLITAN LEARNING INSTITUTE         ,NY,11374-2101,Private      ,15,169,184,61,890,951
03665400,CHRISTIE'S EDUCATION                    ,NY,10036-8002,Proprietary  ,0,12,12,5,54,59
03713300,BEIS MEDRASH HEICHAL DOVID              ,NY,11691-4433,Private      ,2,0,2,4,0,4
03773300,CENTER FOR NATURAL WELLNESS SCHOOL OF MA,NY,12205-1601,Proprietary  ,13,66,79,38,176,214
03802300,UTA MESIVTA OF KIRYAS JOEL              ,NY,10950-2169,Private      ,1,9,10,1,9,10
03809400,MICROPOWER CAREER INSTITUTE             ,NY,10001-2812,Proprietary  ,32,220,252,66,452,518
03839300,AVEDA INSTITUTE NEW YORK                ,NY,10013-1522,Proprietary  ,51,114,165,168,347,515
03881300,UNION GRADUATE COLLEGE                  ,NY,12308-3131,Private      ,1,35,36,15,169,184
03903400,AMERICAN BEAUTY SCHOOL                  ,NY,10462-8003,Proprietary  ,32,93,125,127,317,444
03941400,ELITE ACADEMY OF BEAUTY ARTS            ,NY,11223-1630,Proprietary  ,9,37,46,21,80,101
03983300,"SCHOOL OF PROFESSIONAL HORTICULTURE, AT ",NY,10458-5126,Private      ,3,17,20,10,46,56
03988300,"SAE INSTITUTE OF TECHNOLOGY, NEW YORK   ",NY,10001-2915,Proprietary  ,109,108,217,300,398,698
04043300,ACE COMPUTER TRAINING CENTER            ,NY,11375-5337,Proprietary  ,17,70,87,38,200,238
04092401,MAKE-UP DESIGNORY -                     ,NY,10012-0041,Proprietary  ,55,85,140,284,306,590
04095300,KING'S COLLEGE (THE)                    ,NY,10018-0110,Private      ,33,23,56,918,135,1053
04102300,NEW AGE TRAINING                        ,NY,10001-4006,Proprietary  ,8,47,55,25,117,142
04117100,EDP SCHOOL OF COMPUTER PROGRAMMING      ,NY,11235-0000,Private      ,4,36,40,16,90,106
04117700,"MONROE 2-ORLEANS BOCES, CENTER FOR WORK ",NY,14624-1119,Public       ,21,107,128,92,265,357
04123200,INSTITUTE OF ALLIED MEDICAL PROFESSIONS ,NY,11373-5541,Private      ,4,50,54,19,125,144
04123300,HUDSON VALLEY SCHOOL OF MASSAGE THERAPY ,NY,12493-0000,Proprietary  ,0,0,0,2,2,4
04125600,CAREER SCHOOL OF NY                     ,NY,10301-2416,Private      ,18,62,80,66,115,181
04131500,COLLECTIVE (THE)                        ,NY,10011-2026,Proprietary  ,1,3,4,10,21,31
04133700,NEW YORK MEDICAL CAREER TRAINING CENTER ,NY,11354-6504,Proprietary  ,12,71,83,38,152,190
04133701,NEW YORK MEDICAL CAREER TRAINING CENTER ,NY,10018-6504,Proprietary  ,2,12,14,2,12,14
04134000,"JOHN PAOLO'S XTREME BEAUTY INSTITUTE, GO",NY,12020-1245,Proprietary  ,8,24,32,13,64,77
04134001,"JOHN PAOLO'S XTREME BEAUTY INSTITUTE, GO",NY,13417-1319,Proprietary  ,12,60,72,36,131,167
04137700,ANN MARIE'S WORLD OF BEAUTY SCHOOL      ,NY,13901-2308,Proprietary  ,2,9,11,14,28,42
04138100,YESHIVA OF MACHZIKAI HADAS              ,NY,11219-1408,Private      ,0,1,1,0,2,2
04144300,INSTITUTE OF CULINARY EDUCATION         ,NY,10010-5205,Proprietary  ,121,333,454,482,928,1410
04148000,NEW LIFE BUSINESS INSTITUTE             ,NY,11432-6149,Proprietary  ,29,192,221,39,243,282
04151200,SALON PROFESSIONAL ACADEMY (THE)        ,NY,14150-9200,Proprietary  ,26,45,71,69,100,169
04155300,ONONDAGA SCHOOL OF THERAPEUTIC MASSAGE  ,NY,13210-1533,Proprietary  ,16,105,121,69,313,382
04156000,ACADEMY OF COSMETOLOGY & ESTHETICS NYC (,NY,10306-3003,Proprietary  ,45,61,106,153,180,333
04157500,ACCESS CAREERS                          ,NY,11201-5826,Proprietary  ,13,87,100,45,221,266
04165700,"JOHN PAOLO'S XTREME BEAUTY INSTITUTE, GO",NY,12110-3053,Proprietary  ,1,17,18,9,37,46
04166000,MANHATTAN INSTITUTE (THE)               ,NY,10016-6516,Proprietary  ,28,80,108,124,235,359
04167600,FINGER LAKES SCHOOL OF MASSAGE (THE)    ,NY,14850-1384,Proprietary  ,11,39,50,50,145,195
04167601,FINGER LAKES SCHOOL OF MASSAGE (THE) -  ,NY,10549-1103,Proprietary  ,6,44,50,11,87,98
04178700,ATELIER ESTHETIQUE INSTITUTE OF ESTHETIC,NY,10016-8804,Proprietary  ,11,91,102,37,219,256
04179800,SOTHEBY'S INSTITUTE OF ART - NY         ,NY,10022-6717,Proprietary  ,8,16,24,27,131,158
04180200,LONG ISLAND NAIL & SKIN CARE INSTITUTE  ,NY,11756-1316,Proprietary  ,8,29,37,17,73,90
04189000,LONG ISLAND BARBER INSTITUTE (THE)      ,NY,11550-6317,Proprietary  ,4,28,32,16,61,77
04190500,NEW YORK SCHOOL OF ESTHETICS & DAY SPA  ,NY,10591-3232,Proprietary  ,10,23,33,19,69,88
04192800,BE'ER YAAKOV TALMUDIC SEMINARY          ,NY,10977-1912,Private      ,0,26,26,0,26,26
04204300,AESTHETIC SCIENCE INSTITUTE (THE)       ,NY,12110-1095,Proprietary  ,11,27,38,27,69,96
04206200,DIGITAL FILM ACADEMY                    ,NY,10036-3708,Proprietary  ,33,61,94,151,218,369
04207600,AMERICAN ACADEMY OF PERSONAL TRAINING   ,NY,10011-7301,Proprietary  ,13,67,80,23,95,118
04208600,RELAY SCHOOL OF EDUCATION               ,NY,10011-4233,Private      ,0,91,91,1,193,194
04208800,GLORIA FRANCIS SCHOOL OF MAKE-UP ARTISTR,NY,11801-3873,Proprietary  ,5,11,16,5,11,16
04210100,NEW COMMUNITY COLLEGE AT CUNY (THE)     ,NY,10018-2602,Public       ,141,157,298,772,400,1172
04210700,NEW YORK INSTITUTE OF BEAUTY            ,NY,11749-1479,Proprietary  ,14,31,45,25,60,85
04212500,CACTUS ACADEMY (THE)                    ,NY,11530-3402,Proprietary  ,24,30,54,51,53,104
04213500,SHARP EDGEZ BARBER INSTITUTE            ,NY,14620-0000,Proprietary  ,2,36,38,6,53,59
04215900,YESHIVA GEDOLAH KESSER TORAH            ,NY,10952-2127,Private      ,12,1,13,15,1,16
04223100,ARROJO COSMETOLOGY SCHOOL               ,NY,10014-4960,Proprietary  ,18,43,61,18,43,61
00267808,BRYANT & STRATTON COLLEGE - PARMA       ,OH,44130-0000,Proprietary  ,117,732,849,516,3057,3573
00301000,ANTIOCH UNIVERSITY                      ,OH,45387-1608,Private      ,12,146,158,253,709,962
00301100,ART ACADEMY OF CINCINNATI               ,OH,45202-7106,Private      ,39,52,91,460,233,693
00301200,ASHLAND UNIVERSITY                      ,OH,44805-3799,Private      ,178,664,842,3628,2659,6287
00301300,ATHENAEUM OF OHIO                       ,OH,45230-2000,Private      ,0,5,5,6,19,25
00301400,BALDWIN-WALLACE COLLEGE                 ,OH,44017-2088,Private      ,417,353,770,4988,1704,6692
00301600,BLUFFTON UNIVERSITY                     ,OH,45817-2104,Private      ,73,69,142,1513,367,1880
00301800,BOWLING GREEN STATE UNIVERSITY          ,OH,43403-0001,Public       ,1464,989,2453,20351,5945,26296
00302300,CAPITAL UNIVERSITY                      ,OH,43209-2394,Private      ,240,509,749,4285,3011,7296
00302400,CASE WESTERN RESERVE UNIV               ,OH,44106-0000,Private      ,147,368,515,10737,2084,12821
00302401,CASE WESTERN RESERVE UNIV - MED         ,OH,44106-0000,Private      ,8,71,79,92,1201,1293
00302402,CASE WESTERN RESERVE UNIV - DENTAL      ,OH,44106-0000,Private      ,5,27,32,45,315,360
00302403,CASE WESTERN RESERVE UNIV - LAW         ,OH,44106-0000,Private      ,2,59,61,31,814,845
00302404,CASE WESTERN RESERVE UNIV - UG          ,OH,44106-0000,Private      ,6,9,15,205,48,253
00302405,CASE WESTERN RESERVE UNIV - MSASS       ,OH,44106-0000,Private      ,1,56,57,20,537,557
00302406,CASE WESTERN RESERVE UNIV - NURS UG     ,OH,44106-0000,Private      ,11,50,61,267,220,487
00302407,CASE WESTERN RESERVE UNIV - WSOM        ,OH,44106-0000,Private      ,1,44,45,33,225,258
00302408,CASE WESTERN RESERVE UNIV -A&S GRAD     ,OH,44106-0000,Private      ,0,61,61,13,316,329
00302409,CASE WESTERN RESERVE UNIV -ENG GRAD     ,OH,44106-0000,Private      ,3,15,18,44,93,137
00302410,CASE WESTERN RESERVE UNIV -NURS GRD     ,OH,44106-0000,Private      ,3,54,57,12,390,402
00302500,CEDARVILLE UNIVERSITY                   ,OH,45314-8564,Private      ,285,98,383,4164,440,4604
00302600,CENTRAL STATE UNIVERSITY                ,OH,45384-1004,Public       ,289,299,588,3058,1660,4718
00302900,CINCINNATI CHRISTIAN UNIVERSITY         ,OH,45204-3200,Private      ,111,213,324,584,704,1288
00303000,OHIO CHRISTIAN UNIVERSITY               ,OH,43113-9487,Private      ,171,1137,1308,855,3434,4289
00303100,CLEVELAND INSTITUTE OF MUSIC            ,OH,44106-1776,Private      ,27,32,59,393,421,814
00303200,CLEVELAND STATE UNIVERSITY              ,OH,44115-2214,Public       ,1538,3278,4816,11396,13799,25195
00303300,COLLEGE OF MT ST JOSEPH                 ,OH,45233-1670,Private      ,96,206,302,1971,1429,3400
00303500,OHIO DOMINICAN UNIVERSITY               ,OH,43219-2099,Private      ,155,512,667,2274,2484,4758
00303600,FRANCISCAN UNIV OF STEUBENVILLE         ,OH,43952-1763,Private      ,205,144,349,2583,656,3239
00303700,COLLEGE OF WOOSTER                      ,OH,44691-2363,Private      ,101,25,126,3489,144,3633
00303900,COLUMBUS COLLEGE OF ART AND DESIGN      ,OH,43215-1758,Private      ,151,172,323,1728,787,2515
00304000,CUYAHOGA COMMUNITY COLLEGE              ,OH,44115-2878,Public       ,3190,6999,10189,11183,23061,34244
00304100,"DEFIANCE COLLEGE, THE                   ",OH,43512-1695,Private      ,77,76,153,1414,460,1874
00304200,DENISON UNIVERSITY                      ,OH,43023-1329,Private      ,96,13,109,3042,125,3167
00304300,CHANCELLOR UNIVERSITY                   ,OH,44114-0000,Proprietary  ,6,47,53,32,261,293
00304400,TRINITY LUTHERAN SEMINARY               ,OH,43209-0000,Private      ,0,17,17,3,135,138
00304500,UNIVERSITY OF FINDLAY                   ,OH,45840-3695,Private      ,242,305,547,3614,1619,5233
00304600,FRANKLIN UNIVERSITY                     ,OH,43215-5399,Private      ,205,1835,2040,1221,9935,11156
00304800,HEIDELBERG UNIVERSITY                   ,OH,44883-2462,Private      ,75,80,155,1967,409,2376
00304900,HIRAM COLLEGE                           ,OH,44234-1808,Private      ,65,110,175,1737,429,2166
00305000,JOHN CARROLL UNIVERSITY                 ,OH,44118-4581,Private      ,227,180,407,4627,955,5582
00305100,KENT STATE UNIVERSITY                   ,OH,44242-0001,Public       ,1970,2100,4070,26480,12412,38892
00305101,KENT STATE UNIVERSITY - GEAUGA CAMPUS   ,OH,44021-9500,Public       ,138,163,301,800,950,1750
00305102,KENT STATE UNIVERSITY - STARK CAMPUS    ,OH,44720-7599,Public       ,617,845,1462,3382,3800,7182
00305103,KENT STATE UNIVERSITY - TUSCARAWAS CAMPU,OH,44663-9403,Public       ,172,310,482,1021,1425,2446
00305104,KENT STATE UNIVERSITY - TRUMBULL CAMPUS ,OH,44483-1998,Public       ,205,480,685,1193,2152,3345
00305105,KENT STATE UNIVERSITY - ASHTABULA CAMPUS,OH,44004-2299,Public       ,163,372,535,922,1953,2875
00305106,KENT STATE UNIVERSITY - EAST LIVERPOOL C,OH,43920-3497,Public       ,87,162,249,477,819,1296
00305107,KENT STATE UNIVERSITY - SALEM CAMPUS    ,OH,44460-9412,Public       ,158,245,403,1007,1164,2171
00305143,KENT STATE UNIVERSITY - COLLEGE OF PODIA,OH,44131-2330,Public       ,1,26,27,29,305,334
00306500,KENYON COLLEGE                          ,OH,43022-9623,Private      ,30,7,37,2666,68,2734
00306600,LAKE ERIE COLLEGE                       ,OH,44077-3389,Private      ,97,95,192,1331,394,1725
00306800,LORAIN COUNTY COMMUNITY COLLEGE         ,OH,44035-1691,Public       ,1398,2485,3883,4227,7743,11970
00306900,LOURDES COLLEGE                         ,OH,43560-2898,Private      ,167,408,575,1286,1766,3052
00307200,MALONE UNIVERSITY                       ,OH,44709-3897,Private      ,99,263,362,1900,1380,3280
00307300,MARIETTA COLLEGE                        ,OH,45750-4033,Private      ,82,48,130,2526,356,2882
00307500,METHODIST THEOLOGICAL SCH IN OHIO       ,OH,43015-0000,Private      ,0,38,38,2,186,188
00307600,MIAMI-JACOBS COLLEGE                    ,OH,45401-0000,Proprietary  ,1,21,22,22,74,96
00307700,MIAMI UNIVERSITY                        ,OH,45056-1831,Public       ,1230,1059,2289,22386,5557,27943
00307800,WRIGHT STATE UNIVERSITY                 ,OH,45435-0002,Public       ,1059,1759,2818,13187,10485,23672
00308300,UNIVERSITY OF MOUNT UNION               ,OH,44601-3993,Private      ,157,53,210,3457,328,3785
00308400,MUSKINGUM UNIVERSITY                    ,OH,43762-1199,Private      ,151,162,313,2254,653,2907
00308500,NOTRE DAME COLLEGE OF OHIO              ,OH,44121-4293,Private      ,297,439,736,2448,1620,4068
00308600,OBERLIN COLLEGE                         ,OH,44074-1090,Private      ,81,33,114,4916,202,5118
00308900,OHIO NORTHERN UNIVERSITY                ,OH,45810-1555,Private      ,253,154,407,3675,963,4638
00309000,OHIO STATE UNIVERSITY-ALL CAMPUSES      ,OH,43210-1358,Public       ,2766,3019,5785,55254,24709,79963
00310000,OHIO UNIVERSITY                         ,OH,45701-2979,Public       ,1329,2179,3508,23906,11736,35642
00310002,"OHIO UNIVERSITY, ZANESVILLE CAMPUS      ",OH,43701-0000,Public       ,148,305,453,1307,1591,2898
00310003,"OHIO UNIVERSITY, LANCASTER CAMPUS       ",OH,43130-0000,Public       ,216,411,627,1523,1953,3476
00310004,"OHIO UNIVERSITY, SOUTHERN CAMPUS        ",OH,45638-0000,Public       ,140,449,589,843,1791,2634
00310005,"OHIO UNIVERSITY, CHILLICOTHE CAMPUS     ",OH,45601-0000,Public       ,210,499,709,1240,2099,3339
00310006,"OHIO UNIVERSITY, EASTERN CAMPUS         ",OH,43950-0000,Public       ,71,109,180,572,422,994
00310008,OHIO UNIV COLL OF OSTEOPATHIC MED       ,OH,45701-0000,Public       ,1,31,32,15,596,611
00310900,OHIO WESLEYAN UNIVERSITY                ,OH,43015-2398,Private      ,55,31,86,3054,187,3241
00311000,OTTERBEIN UNIVERSITY                    ,OH,43081-2006,Private      ,218,154,372,3993,1027,5020
00311300,PONTIFICAL COLLEGE JOSEPHINUM           ,OH,43235-1498,Private      ,12,9,21,51,22,73
00311400,FIRELANDS REGIONAL MEDICAL CENTER - SOUT,OH,44870-4788,Private      ,2,25,27,63,157,220
00311500,RABBINICAL COLLEGE OF TELSHE            ,OH,44092-2584,Private      ,7,19,26,8,23,31
00311600,UNIV OF RIO GRANDE                      ,OH,45674-3131,Private      ,269,554,823,1525,1973,3498
00311900,SINCLAIR COMMUNITY COLLEGE              ,OH,45402-1460,Public       ,2159,4660,6819,8764,16088,24852
00312100,TIFFIN UNIVERSITY                       ,OH,44883-2161,Private      ,248,710,958,2816,5573,8389
00312200,UNITED THEOLOGICAL SEMINARY             ,OH,45406-0000,Private      ,1,173,174,5,650,655
00312300,UNIVERSITY OF AKRON                     ,OH,44325-6211,Public       ,1933,2490,4423,19908,13613,33521
00312500,UNIVERSITY OF CINCINNATI                ,OH,45221-0125,Public       ,2964,4324,7288,28808,21849,50657
00312504,UNIVERSITY OF CINCINNATI - MEDICINE     ,OH,45267-0553,Public       ,33,134,167,388,1634,2022
00312700,UNIVERSITY OF DAYTON                    ,OH,45469-0002,Private      ,375,572,947,12706,3272,15978
00313100,UNIVERSITY OF TOLEDO                    ,OH,43606-3390,Public       ,1906,1885,3791,17331,10242,27573
00313300,URBANA UNIVERSITY                       ,OH,43078-2091,Private      ,120,215,335,1023,879,1902
00313400,URSULINE COLLEGE                        ,OH,44124-4398,Private      ,59,292,351,637,1285,1922
00313500,WALSH UNIVERSITY                        ,OH,44720-3396,Private      ,108,265,373,2651,1332,3983
00314100,WILBERFORCE UNIVERSITY                  ,OH,45384-1001,Private      ,94,106,200,623,434,1057
00314200,WILMINGTON COLLEGE                      ,OH,45177-2499,Private      ,78,77,155,2074,519,2593
00314300,WITTENBERG UNIVERSITY                   ,OH,45501-2199,Private      ,74,82,156,3792,434,4226
00314400,XAVIER UNIVERSITY                       ,OH,45207-1035,Private      ,235,471,706,8279,3147,11426
00314500,YOUNGSTOWN STATE UNIVERSITY             ,OH,44555-0001,Public       ,1122,1381,2503,9278,6836,16114
00398200,CLEVELAND INSTITUTE OF ART              ,OH,44106-1700,Private      ,51,64,115,1026,311,1337
00406000,WINEBRENNER THEOLOGICAL SEMINARY        ,OH,45840-0000,Private      ,0,13,13,2,53,55
00485200,CLARK STATE COMMUNITY COLLEGE           ,OH,45505-4795,Public       ,528,1654,2182,1971,5614,7585
00485300,BRADFORD SCHOOL                         ,OH,43219-0000,Proprietary  ,65,140,205,703,680,1383
00485500,DAVIS COLLEGE                           ,OH,43623-4307,Proprietary  ,43,209,252,130,675,805
00486100,UNIVERSITY OF NORTHWESTERN OHIO         ,OH,45805-1498,Private      ,413,424,837,4778,1912,6690
00486600,STAUTZENBERGER COLLEGE                  ,OH,43537-4007,Proprietary  ,134,481,615,415,1412,1827
00489814,MCCANN SCHOOL OF BUSINESS & TECHNOLOGY -,OH,44131-2309,Proprietary  ,2,11,13,6,37,43
00489817,MCCANN SCHOOL OF BUSINESS & TECHNOLOGY -,OH,45241-5428,Proprietary  ,2,3,5,4,16,20
00510200,SCH OF DIAGNOSTIC IMAGING-CLEVELAND     ,OH,44119-0000,Private      ,3,8,11,16,42,58
00531300,NORTH CENTRAL STATE COLLEGE             ,OH,44901-0000,Public       ,248,516,764,1313,2335,3648
00575300,OWENS STATE COMMUNITY COLLEGE           ,OH,43699-0000,Public       ,1515,2790,4305,5591,9727,15318
00648700,AULTMAN COLLEGE OF NURSING AND HEALTH SC,OH,44710-1799,Private      ,18,101,119,191,524,715
00648900,CHRIST COLLEGE OF NURSING AND HEALTH SCI,OH,45219-2906,Private      ,51,173,224,336,784,1120
00649400,GOOD SAMARITAN COLG-NURSING/HEALTH      ,OH,45220-2489,Private      ,33,159,192,295,703,998
00650700,TRINIT HEALTH SYSTEM SCH OF NURSING     ,OH,43952-2667,Private      ,12,28,40,69,173,242
00680400,LAKELAND COMMUNITY COLLEGE              ,OH,44094-5198,Public       ,778,1560,2338,3051,5920,8971
00686700,COLUMBUS STATE COMMUNITY COLLEGE        ,OH,43215-1786,Public       ,2391,5178,7569,13206,22983,36189
00703500,KETTERING COLLEGE OF MEDICAL ARTS       ,OH,45429-1299,Private      ,46,180,226,600,912,1512
00708500,MOUNT VERNON NAZARENE UNIVERSITY        ,OH,43050-9500,Private      ,108,167,275,1564,825,2389
00708501,MOUNT VERNON NAZARENE UNIV - AGS        ,OH,43050-0000,Private      ,10,177,187,91,709,800
00727500,EASTERN GATEWAY COMMUNITY COLLEGE       ,OH,43952-3598,Public       ,349,681,1030,1089,2210,3299
00732920,ITT TECHNICAL INSTITUTE                 ,OH,45414-3456,Proprietary  ,113,461,574,421,1569,1990
00732992,ITT TECHNICAL INSTITUTE                 ,OH,44509-4098,Proprietary  ,78,355,433,410,1511,1921
00747300,CHOFFIN CAREER & TECHNICAL CENTER       ,OH,44503-1628,Public       ,34,97,131,117,321,438
00759800,HOCKING TECHNICAL COLLEGE               ,OH,45764-9582,Public       ,445,660,1105,3109,3014,6123
00812900,ADULT AND COMMUNITY EDUCATION @ HUDSON  ,OH,43211-2017,Public       ,16,157,173,58,498,556
00813200,TOLEDO SCHOOL OF PRACTICAL NURSING      ,OH,43613-5110,Public       ,28,124,152,128,473,601
00813300,ZANE STATE COLLEGE                      ,OH,43701-2626,Public       ,249,521,770,1306,2053,3359
00819400,AKRON SCHOOL OF PRACTICAL NRSG          ,OH,44311-0000,Public       ,27,74,101,165,294,459
00827800,TERRA COMMUNITY COLLEGE                 ,OH,43420-9670,Public       ,317,668,985,925,1940,2865
00867700,NORTHWEST STATE COMMUNITY COLLEGE       ,OH,43502-9542,Public       ,202,590,792,999,2063,3062
00888600,PORTAGE LAKES CAREER CENTER             ,OH,44685-9554,Public       ,12,31,43,26,93,119
00908803,ITT TECHNICAL INSTITUTE                 ,OH,44136-1758,Proprietary  ,0,1,1,0,2,2
00915600,WAYNE COUNTY SCHOOLS CAREER CENTER      ,OH,44677-9672,Public       ,10,60,70,52,215,267
00941200,FORTIS COLLEGE                          ,OH,44221-2998,Proprietary  ,52,273,325,183,1080,1263
00953000,GERBER AKRON BEAUTY SCHOOL              ,OH,44313-6995,Proprietary  ,11,31,42,36,127,163
00953100,SPA SCHOOL (THE)                        ,OH,43214-1524,Proprietary  ,19,108,127,58,318,376
00966000,TIFFIN ACADEMY OF HAIR DESIGN           ,OH,44883-2833,Proprietary  ,12,11,23,38,51,89
00994100,BELMONT TECHNICAL COLLEGE               ,OH,43950-9766,Public       ,185,341,526,781,1260,2041
00994200,SHAWNEE STATE UNIVERSITY                ,OH,45662-4344,Public       ,511,565,1076,4474,2421,6895
01001700,PAYNE THEOLOGICAL SEMINARY              ,OH,45384-0474,Private      ,0,54,54,0,154,154
01002700,JAMES A. RHODES STATE COLLEGE           ,OH,45804-3597,Public       ,286,693,979,1581,2577,4158
01016800,NATIONWIDE BEAUTY ACADEMY               ,OH,43228-1000,Proprietary  ,18,63,81,91,238,329
01028000,OHIO STATE BEAUTY ACADEMY               ,OH,45801-0000,Proprietary  ,27,59,86,134,180,314
01032300,HANNAH E MULLINS SCH-PRAC NRSG          ,OH,44460-2906,Public       ,7,21,28,23,82,105
01034500,CINCINNATI STATE TECH & COMM CLG        ,OH,45223-2690,Public       ,1296,3603,4899,5306,11389,16695
01045300,WASHINGTON STATE CMTY COLLEGE           ,OH,45750-9225,Public       ,115,252,367,859,1061,1920
01063000,NORTHERN INSTITUTE OF COSMETOLOGY       ,OH,44052-1803,Proprietary  ,7,25,32,20,68,88
01073600,MARION TECHNICAL COLLEGE                ,OH,43302-5694,Public       ,153,401,554,897,1765,2662
01088000,CHATFIELD COLLEGE                       ,OH,45118-9705,Private      ,21,107,128,88,403,491
01088100,STARK STATE COLLEGE OF TECHNOLOGY       ,OH,44720-7299,Public       ,1171,3236,4407,4303,12368,16671
01090600,CINCINNATI CLG OF MORTUARY SCIENCE      ,OH,45224-1428,Private      ,17,48,65,76,199,275
01092300,UNION INSTITUTE & UNIVERSITY            ,OH,45206-1925,Private      ,9,636,645,41,1929,1970
01099300,HOBART INSTITUTE OF WELDING TECHNOLOGY  ,OH,45373-2400,Private      ,32,62,94,297,245,542
01100500,KAPLAN COLLEGE                          ,OH,43232-4827,Proprietary  ,27,234,261,122,797,919
01104600,CENTRAL OHIO TECHNICAL COLLEGE          ,OH,43055-1767,Public       ,277,713,990,1630,4137,5767
01170300,PENTA COUNTY JOINT VOCATIONAL SCH       ,OH,43551-0000,Public       ,14,37,51,25,119,144
01174400,NATIONAL BEAUTY COLLEGE                 ,OH,44720-0000,Proprietary  ,15,45,60,49,174,223
01174500,OHIO TECHNICAL COLLEGE                  ,OH,44103-1228,Proprietary  ,165,247,412,1451,955,2406
01182500,OHIO STATE SCHOOL OF COSMETOLOGY        ,OH,43224-1107,Proprietary  ,10,30,40,103,259,362
01212800,SOUTHWESTERN COLLEGE                    ,OH,45402-3003,Proprietary  ,4,73,77,62,337,399
01212802,SOUTHWESTERN COLLEGE                    ,OH,45005-2267,Proprietary  ,0,0,0,1,7,8
01212803,SOUTHWESTERN COLLEGE                    ,OH,45202-4304,Proprietary  ,0,0,0,5,41,46
01212804,SOUTHWESTERN COLLEGE                    ,OH,45246-3121,Proprietary  ,8,49,57,56,331,387
01212806,LINCOLN COLLEGE OF TECHNOLOGY - TOLEDO  ,OH,43615-6800,Proprietary  ,14,54,68,86,293,379
01212807,LINCOLN COLLEGE OF TECHNOLOGY - COLUMBUS,OH,43215-3602,Proprietary  ,0,0,0,17,46,63
01212808,LINCOLN COLLEGE OF TECHNOLOGY - CLEVELAN,OH,44114-3266,Proprietary  ,16,58,74,94,368,462
01216600,CAROUSEL BEAUTY COLLEGE                 ,OH,45402-8935,Proprietary  ,27,76,103,95,278,373
01224800,CENTRAL SCHOOL OF PRACTICAL NURSING     ,OH,44103-0000,Private      ,27,112,139,92,399,491
01267200,CAROUSEL BEAUTY COLLEGE                 ,OH,45044-5113,Proprietary  ,8,18,26,15,38,53
01267400,CAROUSEL OF MIAMI VALLEY BEAUTY CLG     ,OH,45424-2063,Proprietary  ,5,5,10,10,27,37
01275000,EDISON COMMUNITY COLLEGE                ,OH,45356-9239,Public       ,193,483,676,1022,2183,3205
01283800,LAURA AND ALVIN SIEGAL COLLEGE OF JUDAIC,OH,44122-7197,Private      ,0,5,5,3,9,12
01284800,MOLER-HOLLYWOOD BEAUTY COLLEGE          ,OH,45202-2577,Proprietary  ,10,40,50,34,104,138
01287000,SOUTHERN STATE COMMUNITY COLLEGE        ,OH,45133-9406,Public       ,275,597,872,1103,2118,3221
01289100,ANTONELLI COLLEGE                       ,OH,45202-2592,Proprietary  ,29,166,195,126,602,728
01289600,VIRGINIA MARTI COLLEGE OF ART AND DESIGN,OH,44107-0778,Proprietary  ,35,58,93,145,179,324
01303922,SOUTH UNIVERSITY - CLEVELAND            ,OH,44128-5919,Proprietary  ,25,135,160,60,452,512
01313200,INTERNATIONAL CLG OF BROADCASTING       ,OH,45431-1898,Proprietary  ,18,53,71,86,180,266
02052000,KAPLAN COLLEGE                          ,OH,45439-1984,Proprietary  ,51,393,444,203,1212,1415
02054300,TRUMBULL BUSINESS COLLEGE               ,OH,44484-0000,Proprietary  ,13,117,130,31,364,395
02056800,DAYMAR COLLEGE                          ,OH,45601-1038,Proprietary  ,3,75,78,32,233,265
02056802,DAYMAR COLLEGE - LANCASTER              ,OH,43130-0000,Proprietary  ,9,42,51,30,169,199
02056803,DAYMAR COLLEGE - NEW BOSTON             ,OH,45662-4900,Proprietary  ,6,45,51,30,173,203
02056804,DAYMAR COLLEGE - JACKSON                ,OH,45640-1728,Proprietary  ,8,20,28,28,136,164
02066100,OHIO STATE COLLEGE/BARBER STYLING       ,OH,43213-0000,Proprietary  ,23,107,130,122,291,413
02073300,GALLIA-JACKSON-VINTON SCH ADULT ED      ,OH,45674-0000,Public       ,21,78,99,78,203,281
02110700,CLEVELAND INST OF DENTAL-MED ASST       ,OH,44115-2285,Proprietary  ,49,180,229,131,546,677
02116009,SANFORD-BROWN COLLEGE - MIDDLEBURG HEIGH,OH,44130-8362,Proprietary  ,34,174,208,111,606,717
02116900,UPPER VALLEY JVS                        ,OH,45356-0000,Public       ,2,54,56,25,184,209
02117300,GREAT OAKS INSTITUTE OF TECHNOLOGY      ,OH,45241-1581,Public       ,56,228,284,233,849,1082
02128600,THE ART INSTITUTE OF CINCINNATI         ,OH,45246-0000,Proprietary  ,72,88,160,502,343,845
02140700,COMMUNITY EDUCATIONAL SERVICES          ,OH,44702-1710,Public       ,9,77,86,31,224,255
02158417,"HARRISON COLLEGE - COLUMBUS, OH         ",OH,43123-0000,Proprietary  ,19,82,101,73,319,392
02158500,OHIO BUSINESS COLLEGE                   ,OH,44035-0701,Proprietary  ,31,107,138,78,497,575
02158501,OHIO BUSINESS COLLEGE                   ,OH,44870-9953,Proprietary  ,14,98,112,41,402,443
02158503,OHIO BUSINESS COLLEGE - COLUMBUS        ,OH,43229-3523,Proprietary  ,28,128,156,136,453,589
02158504,OHIO BUSINESS COLLEGE - DAYTON          ,OH,45417-4094,Proprietary  ,7,66,73,30,175,205
02168100,TRI-COUNTY JOINT VOCATIONAL SCHOOL      ,OH,45764-0000,Public       ,22,67,89,57,183,240
02187900,ASHTABULA CO JOINT VOC SCH ADULT ED     ,OH,44047-0000,Public       ,25,118,143,55,237,292
02189000,ADULT CENTER FOR EDUCATION              ,OH,43701-0000,Public       ,33,135,168,113,412,525
02190700,FORTIS COLLEGE                          ,OH,45459-0000,Proprietary  ,114,888,1002,443,3576,4019
02192100,BUTLER TECHNOLOGY AND CAREER DEVELOPMENT,OH,45011-0000,Public       ,64,177,241,218,565,783
02196300,COLLINS CAREER CENTER                   ,OH,45619-0000,Public       ,43,178,221,166,527,693
02210800,MEDINA COUNTY CAREER CENTER             ,OH,44256-0000,Public       ,13,49,62,44,158,202
02220500,GOD'S BIBLE SCHOOL & COLLEGE            ,OH,45210-0000,Private      ,41,29,70,185,98,283
02220800,CAREER & TECHNOLOGY EDUCATION CENTERS OF,OH,43055-0000,Public       ,33,105,138,130,339,469
02239800,PIONEER CAREER & TECHNOLOGY CENTER      ,OH,44875-0000,Public       ,0,23,23,8,52,60
02245600,WARREN COUNTY CAREER CENTER             ,OH,45036-0000,Public       ,28,101,129,81,303,384
02246300,INSTITUTE OF MEDICAL-DENTAL TECH        ,OH,45246-3317,Proprietary  ,32,112,144,102,348,450
02263700,MIAMI VALLEY CAREER TECHNOLOGY CTR      ,OH,45315-0000,Public       ,56,159,215,145,515,660
02269400,EASTERN HILLS ACAD OF HAIR DESIGN       ,OH,45255-0000,Proprietary  ,10,22,32,24,69,93
02269500,WESTERN HILLS SCHOOL OF BEAUTY & HAIR DE,OH,45211-0000,Proprietary  ,19,93,112,54,232,286
02270100,OHIO HI-POINT CAREER CENTER             ,OH,43311-0000,Public       ,3,21,24,15,113,128
02272700,COLUMBIANA COUNTY CAREER CENTER         ,OH,44432-0000,Public       ,19,99,118,58,261,319
02287900,RAPHAEL'S SCHOOL OF BEAUTY CULTURE      ,OH,44446-0000,Proprietary  ,25,64,89,65,202,267
02289802,KAPLAN COLLEGE                          ,OH,45203-0000,Proprietary  ,14,123,137,73,489,562
02301400,OHIO VALLEY COLLEGE OF TECHNOLOGY       ,OH,43920-9139,Proprietary  ,20,55,75,91,221,312
02304700,TRI-RIVERS CAREER CENTER                ,OH,43302-0000,Public       ,15,79,94,73,278,351
02311200,AMERICAN SCHOOL OF TECHNOLOGY           ,OH,43229-0000,Proprietary  ,47,209,256,110,605,715
02315500,TOLEDO ACADEMY OF BEAUTY CULTURE - EAST ,OH,43616-0000,Proprietary  ,19,45,64,51,155,206
02324400,ALLSTATE HAIRSTYLING & BARBER CLG       ,OH,44113-0000,Proprietary  ,23,101,124,74,325,399
02328500,MOLER-PICKENS BEAUTY COLLEGE            ,OH,45014-0000,Proprietary  ,2,22,24,10,52,62
02334300,INTERNATIONAL ACAD OF HAIR DESIGN       ,OH,45239-0000,Proprietary  ,22,46,68,80,216,296
02336300,KNOX COUNTY CAREER CENTER               ,OH,43050-4298,Public       ,14,65,79,68,277,345
02336700,CUYAHOGA VALLEY CAREER CENTER           ,OH,44141-1296,Public       ,14,67,81,55,231,286
02337700,PROFESSIONAL SKILLS INSTITUTE           ,OH,43607-0000,Proprietary  ,45,185,230,149,671,820
02342705,FORTIS COLLEGE -  RAVENNA CAMPUS        ,OH,44266-0000,Proprietary  ,8,28,36,73,228,301
02351500,WILLOUGHBY EASTLAKE SCH OF PRAC NSG     ,OH,44094-0000,Public       ,6,35,41,22,140,162
02352800,POLARIS CAREER CENTER-ADULT ED DEPT     ,OH,44130-0000,Public       ,54,166,220,134,422,556
02354200,SCIOTO COUNTY JOINT VOCATIONAL SCH      ,OH,45648-0000,Public       ,38,123,161,119,349,468
02359803,ITT TECHNICAL INSTITUTE -               ,OH,45212-2273,Proprietary  ,0,0,0,0,1,1
02454400,NORTHEAST OHIO MEDICAL UNIVERSITY       ,OH,44272-9621,Public       ,6,49,55,142,865,1007
02497800,GREENE COUNTY CAREER CENTER             ,OH,45385-0000,Public       ,12,66,78,33,174,207
02512600,ADULT VOCATIONAL SERVICES               ,OH,44308-0000,Public       ,0,0,0,3,11,14
02519300,OHIO STATE SCH COSMETOLOGY              ,OH,43110-2754,Proprietary  ,26,50,76,109,196,305
02522700,EASTLAND-FAIRFIELD CAREER AND TECHNICAL ,OH,43125-0000,Public       ,26,108,134,62,274,336
02528300,TDDS TECHNICAL INSTITUTE                ,OH,44429-0000,Proprietary  ,28,181,209,62,372,434
02529500,HAMRICK SCHOOL                          ,OH,44256-0000,Proprietary  ,7,96,103,19,219,238
02545800,INNER STATE BEAUTY SCHOOLS              ,OH,44124-0000,Proprietary  ,18,71,89,58,221,279
02553000,SCHOOL OF ADVERTISING ART               ,OH,45440-0000,Proprietary  ,10,9,19,249,56,305
02560000,CASAL AVEDA INSTITUTE                   ,OH,44515-0000,Proprietary  ,27,56,83,137,183,320
02560700,PICKAWAY ROSS CO JOINT VOC TECH SCH     ,OH,45601-0000,Public       ,31,158,189,94,390,484
02562300,APOLLO CAREER CENTER-ADULT EDUC         ,OH,45806-0000,Public       ,20,167,187,115,504,619
02563000,RAPHAELS SCHOOL OF BEAUTY CULTURE       ,OH,44601-2847,Proprietary  ,16,46,62,28,120,148
02568600,MAHONING COUNTY CAREER & TECH CENTR     ,OH,44406-0000,Public       ,9,45,54,34,119,153
02582900,KAPLAN CAREER INSTITUTE                 ,OH,44129-6810,Proprietary  ,5,144,149,40,514,554
02586400,TRUMBULL CAREER & TECH CENTER-ADULT     ,OH,44483-1997,Public       ,24,105,129,57,304,361
02588500,OHIO STATE SCHOOL OF COSMETOLOGY        ,OH,43081-0000,Proprietary  ,25,49,74,123,194,317
02599711,VATTEROTT COLLEGE - CLEVELAND           ,OH,44147-3502,Proprietary  ,22,84,106,50,333,383
02603800,LORAIN COUNTY JVS ADULT CAREER CTR      ,OH,44074-9799,Public       ,31,110,141,65,230,295
02611007,HERITAGE COLLEGE - COLUMBUS             ,OH,43213-4440,Proprietary  ,63,240,303,189,783,972
02620000,SANDUSKY CAREER CENTER                  ,OH,44870-4786,Public       ,7,62,69,21,145,166
03007900,GALLIPOLIS CAREER COLLEGE               ,OH,45631-2600,Proprietary  ,10,42,52,24,172,196
03015100,ALLIANCE HIGH SCH-CMTY SERVICES DIV     ,OH,44601-2899,Public       ,13,56,69,32,113,145
03015300,EHOVE CAREER CENTER                     ,OH,44846-9500,Public       ,26,104,130,87,395,482
03023700,MADISON ADULT CAREER CENTER             ,OH,44905-2718,Public       ,16,77,93,63,313,376
03024300,VALLEY BEAUTY SCHOOL                    ,OH,43725-2332,Proprietary  ,2,12,14,6,23,29
03026511,REMINGTON COLLEGE - CLEVELAND           ,OH,44125-1957,Private      ,79,212,291,348,1295,1643
03026512,REMINGTON COLLEGE - CLEVELAND WEST      ,OH,44070-3129,Private      ,8,44,52,48,177,225
03027100,FAIRVIEW ACADEMY                        ,OH,44126-2214,Proprietary  ,4,15,19,17,64,81
03034200,WASHINGTON COUNTY CAREER CENTER ADULT TE,OH,45750-9290,Public       ,33,103,136,121,321,442
03051400,AUBURN CAREER CENTER                    ,OH,44077-9723,Public       ,27,94,121,65,230,295
03051500,US GRANT JOINT VOCATIONAL SCHOOL        ,OH,45106-9502,Public       ,0,9,9,5,20,25
03065900,BUCKEYE CAREER CENTER                   ,OH,44663-9437,Public       ,11,63,74,60,208,268
03067600,RAPHAEL'S SCHOOL OF BEAUTY CULTURE      ,OH,44512-2222,Proprietary  ,18,54,72,45,122,167
03068200,OHIO CENTER FOR BROADCASTING            ,OH,44125-6273,Proprietary  ,14,59,73,53,174,227
03068202,OHIO CENTER FOR BROADCASTING - COLUMBUS ,OH,43213-2571,Proprietary  ,22,62,84,76,221,297
03071900,MOUNT CARMEL COLLEGE OF NURSING         ,OH,43222-1598,Private      ,85,245,330,848,1199,2047
03072303,EVEREST INSTITUTE - COLUMBUS            ,OH,43230-6653,Proprietary  ,47,230,277,135,697,832
03078000,OHIO CENTER FOR BROADCASTING            ,OH,45227-1509,Proprietary  ,7,58,65,53,205,258
03079000,ETI TECHNICAL COLLEGE                   ,OH,44446-4398,Proprietary  ,17,73,90,60,273,333
03084800,DELAWARE AREA CAREER CENTER             ,OH,43015-8969,Public       ,6,26,32,23,72,95
03084801,DELAWARE AREA CAREER CENTER -           ,OH,43015-9001,Public       ,2,17,19,14,44,58
03095600,VANTAGE CAREER CENTER                   ,OH,45891-1378,Public       ,5,38,43,18,106,124
03097000,MERCY COLLEGE OF NORTHWEST OHIO         ,OH,43604-1132,Private      ,103,310,413,656,1342,1998
03100100,PARAMOUNT BEAUTY ACADEMY                ,OH,45662-4136,Proprietary  ,12,52,64,39,121,160
03116200,DAYTON BARBER COLLEGE                   ,OH,45342-0000,Proprietary  ,7,36,43,23,105,128
03116300,OHIO COLLEGE OF MASSOTHERAPY            ,OH,44321-1363,Private      ,11,71,82,39,163,202
03116400,VANGUARD-SENTINELL VOC SCH DISTRICT     ,OH,43420-1197,Public       ,4,19,23,17,75,92
03117000,ASHLAND COUNTY-W HOLMES CAREER CTR      ,OH,44805-0000,Public       ,9,42,51,32,136,168
03319300,CREATIVE IMAGES-A CERTIFIED MATRIX      ,OH,45414-2557,Proprietary  ,27,78,105,105,234,339
03319301,CREATIVE IMAGES-A CERTIFIED MATRIX      ,OH,45459-0000,Proprietary  ,24,69,93,91,219,310
03416400,VALLEY BEAUTY SCHOOL                    ,OH,43701-3624,Proprietary  ,3,18,21,14,47,61
03425300,ROSEDALE BIBLE COLLEGE                  ,OH,43029-9517,Private      ,12,0,12,54,15,69
03457300,ALLEGHENY WESLEYAN COLLEGE              ,OH,44460-9598,Private      ,14,4,18,39,15,54
03468400,NATIONAL INSTITUTE OF MASSOTHERAPY      ,OH,44319-2100,Proprietary  ,7,28,35,21,97,118
03468500,ATS INSTITUTE OF TECHNOLOGY             ,OH,44143-2216,Proprietary  ,24,192,216,67,804,871
03475400,TRI-STATE BIBLE COLLEGE                 ,OH,45680-8402,Private      ,1,42,43,6,74,80
03534400,AMERICAN INST OF ALTERNATIVE MEDICI     ,OH,43229-1113,Proprietary  ,18,176,194,70,595,665
03626300,BROWN AVEDA INSTITUTE                   ,OH,44060-6212,Proprietary  ,52,86,138,173,275,448
03700300,REGENCY BEAUTY INSTITUTE - CLEVELAND    ,OH,44094-0000,Proprietary  ,60,130,190,211,413,624
03726300,TEMPLE BAPTIST COLLEGE                  ,OH,45240-0000,Private      ,45,35,80,78,76,154
03747300,BEXLEY HALL SEMINARY                    ,OH,43209-2325,Private      ,2,10,12,5,48,53
03776400,HEALING ARTS INSTITUTE                  ,OH,43551-3138,Proprietary  ,4,12,16,17,47,64
03837300,AVEDA FREDRIC'S INSTITUTE               ,OH,45208-1304,Proprietary  ,32,65,97,150,214,364
03882300,OREGON CAREER CENTER                    ,OH,43616-2631,Public       ,0,3,3,5,8,13
04051307,ART INSTITUTE OF PHOENIX (THE) - BROWN M,OH,45215-1107,Proprietary  ,101,353,454,358,1323,1681
04051308,ART INSTITUTE OF PHOENIX (THE) - BROWN M,OH,44320-4420,Proprietary  ,60,239,299,203,834,1037
04051317,ART INSTITUTE OF PHOENIX (THE) - BROWN M,OH,45840-6848,Proprietary  ,100,456,556,520,2261,2781
04051326,ART INSTITUTE OF PHOENIX (THE) - BROWN M,OH,44718-3674,Proprietary  ,25,175,200,130,691,821
04068300,FOUR COUNTY CAREER CENTER               ,OH,43512-9541,Public       ,3,20,23,10,48,58
04074300,HONDROS COLLEGE                         ,OH,43081-3855,Proprietary  ,122,827,949,447,3166,3613
04117300,DAYTON SCHOOL OF MEDICAL MASSAGE        ,OH,45429-1111,Proprietary  ,50,168,218,139,437,576
04118300,NORTHCOAST MEDICAL TRAINING ACADEMY     ,OH,44240-4174,Proprietary  ,15,80,95,67,220,287
04124500,TECHSKILLS                              ,OH,43231-0000,Proprietary  ,17,138,155,43,398,441
04125700,CUT BEAUTY SCHOOL (THE)                 ,OH,44118-2918,Proprietary  ,16,67,83,52,236,288
04126000,OHIO ACADEMY PAUL MITCHELL PARTNER SCHOO,OH,44087-3107,Proprietary  ,35,55,90,127,202,329
04137800,AVEDA INSTITUTE COLUMBUS                ,OH,43201-2333,Proprietary  ,81,131,212,281,470,751
04138000,INSTITUTE OF THERAPEUTIC MASSAGE        ,OH,45875-0350,Proprietary  ,7,25,32,8,52,60
04149100,CINCINNATI ACADEMY A PAUL MITCHELL PARTN,OH,45241-1702,Proprietary  ,51,77,128,157,245,402
04151400,VANITY SCHOOL OF COSMETOLOGY            ,OH,44035-0000,Proprietary  ,9,19,28,30,73,103
04152100,TOLEDO RESTAURANT TRAINING CENTER       ,OH,43604-6508,Private      ,6,37,43,18,105,123
04152600,PIKE COUNTY CAREER TECHNOLOGY CENTER    ,OH,45661-9114,Public       ,4,17,21,18,77,95
04153300,OHIO ACADEMY COLUMBUS (THE)             ,OH,43231-6038,Proprietary  ,40,66,106,106,224,330
04154000,TOLLES CAREER & TECHNICAL CENTER        ,OH,43064-8854,Public       ,3,6,9,12,24,36
04166800,SALON PROFESSIONAL ACADEMY (THE)        ,OH,45551-0000,Proprietary  ,16,18,34,51,71,122
04167700,ARTISAN COLLEGE OF COSMETOLOGY (THE)    ,OH,45840-6848,Proprietary  ,12,11,23,27,36,63
04185900,ELITE SCHOOL OF COSMETOLOGY             ,OH,44857-2714,Proprietary  ,3,13,16,19,48,67
04189100,TONI & GUY HAIRDRESSING ACADEMY         ,OH,43615-1731,Proprietary  ,37,41,78,93,133,226
04192200,ATHENA CAREER ACADEMY                   ,OH,43560-2796,Proprietary  ,12,95,107,29,281,310
04220900,NATIONAL PERSONAL TRAINING INSTITUTE OF ,OH,43235-5739,Proprietary  ,7,41,48,27,84,111
04225700,LABARBERIA INSTITUTE OF HAIR            ,OH,44106-1923,Proprietary  ,0,1,1,0,1,1
        ,INVALID SCHOOL CODE                     ,  ,00000-0000,,308,1672,1980,1128,4207,5335
00134500,ADAMS STATE COLLEGE                     ,CO,81102-2373,Public       ,453,628,1081,2885,2169,5054
00134600,ARAPAHOE COMMUNITY COLLEGE              ,CO,80160-9002,Public       ,810,1991,2801,3270,6602,9872
00134700,COLORADO COLLEGE                        ,CO,80903-3294,Private      ,137,193,330,3238,926,4164
00134800,COLORADO SCHOOL OF MINES                ,CO,80401-1887,Public       ,238,214,452,6649,1441,8090
00134900,UNIVERSITY OF NORTHERN COLORADO         ,CO,80639-0001,Public       ,856,876,1732,10856,5234,16090
00135000,COLORADO STATE UNIVERSITY               ,CO,80523-0100,Public       ,2025,1779,3804,25798,10778,36576
00135200,DENVER  SEMINARY                        ,CO,80120-2192,Private      ,2,168,170,6,715,721
00135300,FORT LEWIS COLLEGE                      ,CO,81301-3999,Public       ,500,353,853,4881,1692,6573
00135400,ILIFF SCHOOL OF THEOLOGY                ,CO,80210-0000,Private      ,4,67,71,18,343,361
00135500,LAMAR COMMUNITY COLLEGE                 ,CO,81052-3999,Public       ,110,120,230,447,277,724
00135800,COLORADO MESA UNIVERSITY                ,CO,81501-3122,Public       ,1039,1035,2074,7644,4035,11679
00135900,COLORADO NORTHWESTERN COMMUNITY COLLEGE ,CO,81648-3598,Public       ,100,142,242,417,429,846
00136000,METROPOLITAN STATE CLG OF DENVER        ,CO,80204-3362,Public       ,2215,4162,6377,12582,17243,29825
00136100,NORTHEASTERN JUNIOR COLLEGE             ,CO,80751-2399,Public       ,212,155,367,1195,466,1661
00136200,OTERO JUNIOR COLLEGE                    ,CO,81050-3346,Public       ,166,281,447,658,608,1266
00136300,REGIS UNIVERSITY                        ,CO,80221-1099,Private      ,150,1375,1525,3444,8486,11930
00136500,COLORADO STATE UNIVERSITY-PUEBLO        ,CO,81001-4901,Public       ,481,653,1134,5314,3273,8587
00136800,TRINIDAD STATE JR COLLEGE               ,CO,81082-2396,Public       ,222,415,637,769,1046,1815
00137000,UNIVERSITY OF COLORADO-BOULDER          ,CO,80309-0077,Public       ,1975,1433,3408,25792,9749,35541
00137100,UNIVERSITY OF DENVER                    ,CO,80208-2000,Private      ,361,1247,1608,10296,10080,20376
00137200,WESTERN STATE COLLEGE                   ,CO,81231-0000,Public       ,222,137,359,2335,618,2953
00405702,NATIONAL AMERICAN UNIVERSITY - COLORADO ,CO,80920-4001,Proprietary  ,10,109,119,40,462,502
00405703,NATIONAL AMERICAN UNIVERSITY            ,CO,80222-0000,Proprietary  ,9,72,81,29,352,381
00450300,EVEREST COLLEGE                         ,CO,80916-3548,Proprietary  ,45,278,323,187,1212,1399
00450600,COLORADO MOUNTAIN COLLEGE               ,CO,81602-0000,Public       ,321,550,871,1616,1925,3541
00450700,EVEREST COLLEGE                         ,CO,80229-4339,Proprietary  ,39,148,187,124,531,655
00450701,"EVEREST COLLEGE- EVEREST COLLEGE, AURORA",CO,80012-5692,Proprietary  ,51,190,241,160,614,774
00450800,UNIVERSITY OF COLORADO DENVER           ,CO,80204-2029,Public       ,989,2878,3867,9542,15540,25082
00450900,UNIV OF COLORADO AT COLO SPRINGS        ,CO,80918-3735,Public       ,895,1380,2275,9496,6698,16194
00559600,EMILY GRIFFITH OPPORTUNITY SCH          ,CO,80204-2197,Public       ,148,659,807,644,2129,2773
00729700,REDSTONE COLLEGE                        ,CO,80020-9988,Proprietary  ,65,199,264,280,749,1029
00732912,ITT TECHNICAL INSTITUTE                 ,CO,80229-5338,Proprietary  ,74,406,480,236,1245,1481
00754700,LINCOLN COLLEGE OF TECHNOLOGY           ,CO,80223-0000,Proprietary  ,204,239,443,1137,988,2125
00754800,WESTWOOD COLLEGE - DENVER NORTH         ,CO,80221-3653,Proprietary  ,37,225,262,257,1142,1399
00754801,WESTWOOD COLLEGE - DENVER SOUTH         ,CO,80227-3653,Proprietary  ,26,167,193,139,784,923
00757306,EMPIRE BEAUTY SCHOOL - THORNTON         ,CO,80241-1659,Proprietary  ,15,32,47,77,148,225
00758200,AIMS COMMUNITY COLLEGE                  ,CO,80632-0000,Public       ,388,875,1263,2270,3635,5905
00764900,ROCKY MOUNTAIN COLG OF ART & DESIGN     ,CO,80214-0000,Proprietary  ,126,254,380,789,778,1567
00793300,FRONT RANGE COMMUNITY COLLEGE           ,CO,80031-2199,Public       ,1765,3216,4981,7488,13008,20496
00863500,INTELLITEC MEDICAL INSTITUTE            ,CO,80909-0000,Proprietary  ,38,157,195,122,509,631
00887100,CONCORDE CAREER INSTITUTE               ,CO,80203-0000,Proprietary  ,165,474,639,432,1623,2055
00889600,PIKES PEAK COMMUNITY COLLEGE            ,CO,80906-5498,Public       ,1474,3939,5413,4976,12452,17428
00940100,COLORADO CHRISTIAN UNIVERSITY           ,CO,80226-7449,Private      ,207,1183,1390,2072,4134,6206
00945914,EMPIRE BEAUTY SCHOOL - ARVADA           ,CO,80003-4434,Proprietary  ,12,27,39,69,156,225
00954200,COMMUNITY COLLEGE OF DENVER             ,CO,80217-2026,Public       ,1214,2977,4191,5870,11210,17080
00954300,RED ROCKS COMMUNITY COLLEGE             ,CO,80228-1255,Public       ,692,1731,2423,3156,6084,9240
00966407,EMPIRE BEAUTY SCHOOL - LAKEWOOD         ,CO,80266-5107,Proprietary  ,7,21,28,37,104,141
00998100,MORGAN COMMUNITY COLLEGE                ,CO,80701-4399,Public       ,93,300,393,336,896,1232
01014800,COLORADO TECHNICAL UNIVERSITY           ,CO,80907-3896,Proprietary  ,77,1063,1140,410,4651,5061
01014802,COLORADO TECHNICAL UNIV - DENVER        ,CO,80111-3201,Proprietary  ,35,223,258,133,962,1095
01014805,COLORADO TECH UNIV - ON LINE            ,CO,80907-0000,Proprietary  ,536,9167,9703,1621,34457,36078
01014812,COLORADO TECHNICAL UNIVERSITY - WESTMINS,CO,80021-3498,Proprietary  ,25,189,214,96,700,796
01014815,COLORADO TECHNCL UNIV PUEBLO            ,CO,81003-2315,Proprietary  ,10,82,92,89,355,444
01157200,COLORADO SCHOOL OF TRADES               ,CO,80215-2996,Proprietary  ,18,83,101,83,416,499
01267000,BEL-REA INST OF ANIMAL TECH             ,CO,80247-3048,Proprietary  ,71,128,199,431,656,1087
01285000,INTERNATIONAL SALON AND SPA ACADEMY     ,CO,80918-3684,Proprietary  ,25,97,122,84,288,372
01287500,PICKENS TECHNICAL COLLEGE               ,CO,80011-9307,Public       ,89,224,313,389,935,1324
01300700,NAZARENE BIBLE COLLEGE                  ,CO,80910-3717,Private      ,23,179,202,67,637,704
02078900,ART INSTITUTE OF COLORADO (THE)         ,CO,80203-2983,Proprietary  ,384,551,935,1799,2125,3924
02116300,PUEBLO COMMUNITY COLLEGE                ,CO,81004-0000,Public       ,605,1830,2435,2077,5495,7572
02117500,NAROPA UNIVERSITY                       ,CO,80302-0000,Private      ,41,151,192,359,1255,1614
02141100,EMPIRE BEAUTY SCHOOL-LITTLETON          ,CO,80030-0000,Proprietary  ,25,25,50,88,185,273
02156200,DELTA - MONTROSE TECHNICAL COLLEGE      ,CO,81416-0000,Public       ,24,71,95,88,250,338
02165200,SALON PROFESSIONAL ACADEMY (THE)        ,CO,81504-5309,Proprietary  ,18,35,53,74,101,175
02167600,KAPLAN COLLEGE                          ,CO,80229-5309,Proprietary  ,0,0,0,10,64,74
02211901,CHEEKS INTERNATIONAL ACADEMY OF BEAUTY C,CO,80525-3053,Proprietary  ,8,16,24,31,84,115
02211902,CHEEKS INTERNATIONAL ACDMY BTY CULT     ,CO,80631-0000,Proprietary  ,3,8,11,24,50,74
02253700,INTELLITEC COLLEGE                      ,CO,80909-0000,Proprietary  ,52,289,341,147,700,847
02267500,GLENWOOD BEAUTY ACADEMY                 ,CO,81601-0000,Proprietary  ,7,24,31,15,46,61
02276900,COMMUNITY COLLEGE OF AURORA             ,CO,80011-9036,Public       ,639,1998,2637,2939,6797,9736
02296004,PRINCE INSTITUTE - SOUTHEAST - PRINCE IN,CO,80031-2943,Proprietary  ,2,3,5,6,96,102
02518500,HAIR DYNAMICS EDUCATION CENTER          ,CO,80525-0000,Proprietary  ,29,57,86,85,173,258
02594300,COLLEGE AMERICA - DENVER                ,CO,80222-3380,Proprietary  ,86,475,561,367,2057,2424
02611000,HERITAGE COLLEGE                        ,CO,80212-7413,Proprietary  ,66,208,274,199,597,796
03006300,INST OF BUSINESS & MEDICAL CAREERS      ,CO,80525-3044,Proprietary  ,130,313,443,359,1277,1636
03010622,VIRGINIA COLLEGE - ECOTECH INSTITUTE - A,CO,80014-1405,Proprietary  ,16,77,93,71,315,386
03012100,REMINGTON COLLEGE - COLORADO SPRINGS CAM,CO,80215-0000,Private      ,0,7,7,11,33,44
03013100,BOULDER COLLEGE OF MASSAGE THERAPY      ,CO,80301-3295,Private      ,0,0,0,57,135,192
03014900,PLATT COLLEGE                           ,CO,80014-3141,Proprietary  ,11,71,82,58,296,354
03027400,XENON INTERNATIONAL ACADEMY III         ,CO,80014-1193,Proprietary  ,15,38,53,59,124,183
03030606,UTAH COLLEGE OF MASSAGE THERAPY - DENVER,CO,80031-2921,Proprietary  ,9,48,57,44,134,178
03030607,UTAH COLLEGE OF MASSAGE THERAPY - DENVER,CO,80012-2523,Proprietary  ,32,60,92,85,179,264
03066900,INTELLITEC COLLEGE                      ,CO,81506-3994,Proprietary  ,67,241,308,170,610,780
03068201,OHIO CENTER FOR BROADCASTING - COLORADO ,CO,80214-4129,Proprietary  ,16,56,72,38,148,186
03076401,BRYMAN SCHOOL OF ARIZONA (THE) - ANTHEM ,CO,80014-2622,Proprietary  ,26,49,75,80,180,260
03289300,COLORADO HEIGHTS UNIVERSITY             ,CO,80236-2711,Private      ,37,162,199,131,411,542
03306300,MONTESSORI EDUC CRT OF THE ROCKIES      ,CO,80301-2587,Private      ,0,7,7,3,58,61
03534300,JONES INTERNATIONAL UNIVERSITY          ,CO,80112-3446,Proprietary  ,47,1474,1521,135,4340,4475
03545300,UNIVERSITY OF THE ROCKIES               ,CO,80903-3612,Proprietary  ,17,678,695,96,2389,2485
03584400,COLORADO SCHOOL OF HEALING ARTS         ,CO,80226-4332,Proprietary  ,20,59,79,78,283,361
03670300,TONI & GUY HAIRDRESSING ACADEMY         ,CO,80911-0000,Proprietary  ,39,55,94,125,193,318
03686300,COLORADO SCHOOL OF TRADITIONAL CHINESE M,CO,80206-2127,Proprietary  ,4,58,62,16,228,244
03776300,CULINARY SCHOOL OF THE ROCKIES          ,CO,80305-5961,Proprietary  ,60,100,160,265,332,597
03976300,MASSAGE THERAPY INSTITUTE OF COLORADO   ,CO,80206-2127,Proprietary  ,13,69,82,73,211,284
04080300,ASPEN UNIVERSITY                        ,CO,80246-1930,Proprietary  ,22,225,247,128,780,908
04093300,ACADEMY OF NATURAL THERAPY              ,CO,80631-3425,Proprietary  ,9,36,45,35,107,142
04121200,INSTITUTE OF TAOIST EDUCATION AND ACUPUN,CO,80027-1028,Private      ,0,17,17,2,54,56
04125100,MONTESSORI CASA INTERNATIONAL           ,CO,80111-5263,Private      ,1,3,4,1,7,8
04127700,AMERICAN SENTINEL UNIVERSITY            ,CO,80014-6510,Proprietary  ,4,506,510,23,1522,1545
04139300,NATIONAL BEAUTY COLLEGE                 ,CO,80221-0000,Proprietary  ,9,46,55,39,152,191
04148300,DENVER SCHOOL OF NURSING                ,CO,80202-1213,Proprietary  ,56,271,327,364,1263,1627
04151100,SUMMIT SALON & BEAUTY SCHOOL            ,CO,80866-4569,Proprietary  ,3,1,4,6,12,18
04167100,AVEDA INSTITUTE DENVER                  ,CO,80202-0000,Proprietary  ,82,131,213,321,502,823
04170200,PAUL MITCHELL THE SCHOOL COLORADO SPRING,CO,80903-0000,Proprietary  ,42,94,136,162,304,466
04172500,ROLF INSTITUTE OF STRUCTURAL INTEGRATION,CO,80301-0000,Private      ,1,27,28,10,97,107
04173800,SALON PROFESSIONAL ACADEMY (THE)        ,CO,80918-2932,Proprietary  ,17,41,58,67,133,200
04177100,PIMA MEDICAL INSTITUTE-SOUTH DENVER     ,CO,80231-0000,Proprietary  ,60,196,256,257,664,921
04179700,UNITED BEAUTY COLLEGE                   ,CO,80223-2936,Proprietary  ,13,37,50,43,100,143
04183700,HEALING ARTS INSTITUTE                  ,CO,80525-3479,Proprietary  ,15,52,67,47,141,188
04184900,COLLEGE OF INTERNATIONAL ESTHETICS      ,CO,80002-3754,Proprietary  ,12,39,51,27,137,164
04185000,COLORADO ACADEMY OF VETERINARY TECHNOLOG,CO,80906-4944,Proprietary  ,24,57,81,124,210,334
04185400,NATIONAL PERSONAL TRAINING INSTITUTE OF ,CO,80401-3304,Proprietary  ,5,26,31,19,111,130
04195300,LONGS PEAK ACADEMY                      ,CO,80501-6458,Proprietary  ,13,39,52,57,127,184
04202600,NEW DIMENSIONS BEAUTY ACADEMY           ,CO,80138-9801,Proprietary  ,9,21,30,26,52,78
04208700,COLORADO STATE UNIVERSITY - GLOBAL CAMPU,CO,80111-0000,Public       ,94,2082,2176,400,6173,6573
04218900,ROCKY VISTA UNIVERSITY COLLEGE OF OSTEOP,CO,80134-9498,Proprietary  ,1,53,54,4,613,617
04221400,PAUL MITCHELL THE SCHOOL DENVER         ,CO,80226-7395,Proprietary  ,29,33,62,29,33,62
00267811,BRYANT & STRATTON COLLEGE - VIRGINIA BEA,VA,23462-4417,Proprietary  ,208,971,1179,700,3350,4050
00370200,AVERETT UNIVERSITY                      ,VA,24541-3692,Private      ,95,411,506,1722,1500,3222
00370300,BLUEFIELD COLLEGE                       ,VA,24605-1799,Private      ,58,138,196,891,668,1559
00370400,BRIDGEWATER COLLEGE                     ,VA,22812-1599,Private      ,76,34,110,3519,230,3749
00370500,COLLEGE OF WILLIAM & MARY               ,VA,23187-8795,Public       ,279,326,605,11133,4443,15576
00370600,CHRISTOPHER NEWPORT UNIVERSITY          ,VA,23606-3072,Public       ,315,257,572,8473,1459,9932
00370700,RICHARD BLAND COLLEGE                   ,VA,23805-7100,Public       ,180,155,335,1457,674,2131
00370800,EASTERN MENNONITE UNIVERSITY            ,VA,22802-2462,Private      ,66,107,173,1303,597,1900
00370900,EMORY & HENRY COLLEGE                   ,VA,24327-0010,Private      ,79,33,112,1545,163,1708
00371100,FERRUM COLLEGE                          ,VA,24088-2612,Private      ,138,32,170,3095,335,3430
00371200,TIDEWATER COMMUNITY COLLEGE             ,VA,23510-1910,Public       ,3061,7335,10396,11468,24717,36185
00371300,HAMPDEN-SYDNEY COLLEGE                  ,VA,23943-0128,Private      ,55,7,62,1570,64,1634
00371400,HAMPTON UNIVERSITY                      ,VA,23668-0099,Private      ,483,610,1093,8705,3597,12302
00371500,HOLLINS UNIVERSITY                      ,VA,24020-0000,Private      ,30,89,119,779,607,1386
00371900,LONGWOOD UNIVERSITY                     ,VA,23909-1899,Public       ,284,134,418,5810,970,6780
00372000,LYNCHBURG COLLEGE                       ,VA,24501-3199,Private      ,249,183,432,3907,1182,5089
00372100,JAMES MADISON UNIVERSITY                ,VA,22807-3780,Public       ,997,367,1364,25544,3104,28648
00372300,MARY BALDWIN COLLEGE                    ,VA,24401-3610,Private      ,77,278,355,1744,1133,2877
00372400,MARYMOUNT UNIVERSITY                    ,VA,22207-4224,Private      ,214,405,619,3072,2498,5570
00372600,NATIONAL COLLEGE                        ,VA,24153-4524,Proprietary  ,124,991,1115,491,4338,4829
00372700,NORTHERN VA CMTY CLG                    ,VA,22003-3743,Public       ,3755,5431,9186,17066,20683,37749
00372800,OLD DOMINION UNIVERSITY                 ,VA,23529-0052,Public       ,1681,2966,4647,19874,15559,35433
00373200,RADFORD UNIVERSITY                      ,VA,24142-6905,Public       ,715,380,1095,11214,2922,14136
00373300,RANDOLPH-MACON COLLEGE                  ,VA,23005-5505,Private      ,86,23,109,2688,184,2872
00373400,RANDOLPH COLLEGE                        ,VA,24503-1526,Private      ,77,35,112,1064,211,1275
00373500,VIRGINIA COMMONWEALTH UNIVERSITY        ,VA,23284-9004,Public       ,1881,2201,4082,25717,14891,40608
00373600,ROANOKE COLLEGE                         ,VA,24153-3794,Private      ,126,36,162,3499,305,3804
00373700,SHENANDOAH UNIVERSITY                   ,VA,22601-5195,Private      ,185,338,523,2894,2285,5179
00373800,SOUTHERN VIRGINIA UNIVERSITY            ,VA,24416-3038,Private      ,137,95,232,1023,355,1378
00373900,ST PAULS COLLEGE                        ,VA,23868-1299,Private      ,0,0,0,114,123,237
00374200,SWEET BRIAR COLLEGE                     ,VA,24595-9998,Private      ,36,18,54,1041,99,1140
00374300,UNION PRESBYTERIAN SEMINARY             ,VA,23227-0000,Private      ,1,31,32,5,104,109
00374400,UNIVERSITY OF RICHMOND                  ,VA,23173-0001,Private      ,135,420,555,6575,3032,9607
00374500,UNIVERSITY OF VIRGINIA - SFS            ,VA,22903-0000,Public       ,490,677,1167,21538,8472,30010
00374600,UNIVERSITY OF MARY WASHINGTON           ,VA,22401-5358,Public       ,272,302,574,5344,1487,6831
00374700,UNIV OF VIRGINIA'S COLLEGE AT WISE      ,VA,24293-4412,Public       ,142,110,252,2000,602,2602
00374800,EASTERN SHORE COMMUNITY COLLEGE         ,VA,23410-3001,Public       ,79,163,242,358,619,977
00374900,GEORGE MASON UNIVERSITY                 ,VA,22030-4444,Public       ,991,2146,3137,23605,15841,39446
00375100,PATRICK HENRY COMMUNITY COLLEGE         ,VA,24112-5311,Public       ,320,616,936,1204,2066,3270
00375200,VIRGINIA INTERMONT COLLEGE              ,VA,24201-4298,Private      ,62,64,126,520,258,778
00375300,VIRGINIA MILITARY INSTITUTE             ,VA,24450-2138,Public       ,107,15,122,2326,119,2445
00375400,VIRGINIA POLYTECH INST & STATE UNIV     ,VA,24061-2000,Public       ,818,644,1462,26477,5752,32229
00375800,DANVILLE COMMUNITY COLLEGE              ,VA,24541-4004,Public       ,420,823,1243,1517,2555,4072
00375900,J. SARGEANT REYNOLDS COMMUNITY CLG      ,VA,23285-0000,Public       ,1245,2995,4240,5655,11574,17229
00376000,VIRGINIA WESTERN CMTY COLLEGE           ,VA,24038-0000,Public       ,522,1123,1645,3216,4351,7567
00376100,WYTHEVILLE COMMUNITY COLLEGE            ,VA,24382-3308,Public       ,227,486,713,1258,1781,3039
00376200,VIRGINIA UNIVERSITY OF LYNCHBURG        ,VA,24501-6400,Private      ,70,142,212,425,703,1128
00376400,VIRGINIA STATE UNIVERSITY               ,VA,23806-0001,Public       ,710,696,1406,9937,3769,13706
00376500,NORFOLK STATE UNIVERSITY                ,VA,23504-8000,Public       ,825,1434,2259,9259,7803,17062
00376600,VIRGINIA UNION UNIVERSITY               ,VA,23220-1711,Private      ,366,379,745,2761,1557,4318
00376700,VIRGINIA WESLEYAN COLLEGE               ,VA,23502-5599,Private      ,228,222,450,3305,1014,4319
00376800,WASHINGTON & LEE UNIVERSITY             ,VA,24450-0303,Private      ,115,60,175,3313,1119,4432
00400400,JOHN TYLER COMMUNITY COLLEGE            ,VA,23831-5316,Public       ,1124,1722,2846,4110,5919,10029
00450301,"EVEREST COLLEGE- EVEREST COLLEGE, MCLEAN",VA,22102-3000,Proprietary  ,28,125,153,70,351,421
00450702,"EVEREST COLLEGE- EVEREST COLLEGE, ARLING",VA,22203-1905,Proprietary  ,0,0,0,42,159,201
00498800,CENTRAL VIRGINIA COMMUNITY COLLEGE      ,VA,24502-2498,Public       ,353,658,1011,1838,2395,4233
00499200,MILLER-MOTTE TECHNICAL COLLEGE          ,VA,24505-0000,Proprietary  ,98,302,400,334,1192,1526
00499600,DABNEY S LANCASTER COMMUNITY CLG        ,VA,24422-1000,Public       ,129,164,293,562,575,1137
00522300,NEW RIVER COMMUNITY COLLEGE             ,VA,24084-1127,Public       ,303,564,867,1632,2353,3985
00662200,COLLEGE OF HEALTH SCIENCES - CHRV       ,VA,24031-0000,Private      ,57,166,223,660,1133,1793
00681900,BLUE RIDGE COMMUNITY COLLEGE            ,VA,24486-0080,Public       ,345,603,948,2205,2458,4663
00687100,THOMAS NELSON COMMUNITY COLLEGE         ,VA,23670-0000,Public       ,929,2246,3175,4343,9451,13794
00709900,VIRGINIA HIGHLANDS COMMUNITY CLG        ,VA,24210-4210,Public       ,215,430,645,1122,1600,2722
00726000,SOUTHWEST VIRGINIA COMMUNITY CLG        ,VA,24641-0000,Public       ,299,601,900,1164,1648,2812
00859200,LOUISE OBICI SCHOOL OF NURSING          ,VA,23434-8038,Private      ,0,0,0,4,23,27
00865900,LORD FAIRFAX COMMUNITY COLLEGE          ,VA,22645-0047,Public       ,603,903,1506,2326,3082,5408
00866000,GERMANNA COMMUNITY COLLEGE              ,VA,22508-0339,Public       ,676,1048,1724,2929,4008,6937
00866100,SOUTHSIDE VIRGINIA CMTY CLG             ,VA,23821-2930,Public       ,624,1055,1679,1642,2612,4254
00915900,PAUL D CAMP COMMUNITY COLLEGE           ,VA,23851-0737,Public       ,141,370,511,515,1206,1721
00916000,RAPPAHANNOCK COMMUNITY COLLEGE          ,VA,23149-2616,Public       ,239,436,675,908,1409,2317
00926700,EVEREST COLLEGE                         ,VA,23606-4203,Proprietary  ,40,263,303,172,936,1108
00926701,EVEREST COLLEGE - CHESAPEAKE            ,VA,23320-2637,Proprietary  ,77,347,424,226,1117,1343
00942000,SANFORD-BROWN COLLEGE                   ,VA,22182-3913,Proprietary  ,8,56,64,41,259,300
00953500,STAUNTON SCHOOL OF COSMETOLOGY          ,VA,24401-4323,Proprietary  ,5,21,26,24,67,91
00953700,VIRGINIA SCH OF HAIR DESIGN             ,VA,23669-0000,Proprietary  ,13,51,64,53,202,255
00962900,MOUNTAIN EMPIRE COMMUNITY COLLEGE       ,VA,24219-0700,Public       ,245,492,737,1117,1661,2778
00992800,PIEDMONT VIRGINIA COMMUNITY COLLEGE     ,VA,22902-7589,Public       ,428,856,1284,1831,2807,4638
01004300,BON SECOURS MEMORIAL COLLEGE OF NURSING ,VA,23227-4612,Private      ,46,163,209,352,827,1179
01019800,ECPI UNIVERSITY                         ,VA,23462-6542,Proprietary  ,762,3340,4102,2348,10005,12353
01019802,ECPI UNIVERSITY - NEWPORT NEWS          ,VA,23606-4298,Proprietary  ,0,2,2,0,2,2
01019813,ECPI UNIVERSITY - CULINARY INSTITUTE OF ,VA,23513-2448,Proprietary  ,0,2,2,0,2,2
01019814,ECPI UNIVERSITY - VIRGINIA BEACH HEALTH ,VA,23462-6540,Proprietary  ,0,2,2,0,2,2
01019817,ECPI UNIVERSITY - RICHMOND WEST         ,VA,23294-3730,Proprietary  ,0,1,1,0,1,1
01033800,EASTERN VIRGINIA MEDICAL SCHOOL         ,VA,23501-1980,Public       ,18,204,222,134,1908,2042
01159600,SYLVAIN MELLOUL INTERNATIONAL HAIR ACADE,VA,24502-2652,Proprietary  ,11,38,49,44,128,172
01162601,WESTWOOD COLLEGE - SOUTH BAY - ARLINGTON,VA,22203-4167,Proprietary  ,59,207,266,178,617,795
01162602,WESTWOOD COLLEGE - SOUTH BAY - ANNANDALE,VA,22003-2602,Proprietary  ,40,176,216,114,475,589
01274400,SOUTHSIDE REGIONAL MED CTR PROF SCHOOLS ,VA,23803-5133,Proprietary  ,10,52,62,100,324,424
02053000,LIBERTY UNIVERSITY                      ,VA,24502-0000,Private      ,2113,24335,26448,20514,77240,97754
02083602,TESST COLLEGE OF TECHNOLOGY - KAPLAN COL,VA,23320-4422,Proprietary  ,0,2,2,8,104,112
02108800,WARDS CORNER BEAUTY ACADEMY             ,VA,23505-0000,Proprietary  ,27,113,140,81,391,472
02111600,DANVILLE REGIONAL MEDICAL CENTER SCHOOL ,VA,24541-0000,Proprietary  ,5,33,38,43,115,158
02119203,COURT REPORTING INSTITUTE OF DALLAS - CO,VA,22203-4179,Proprietary  ,0,8,8,7,39,46
02128700,CENTRAL SCHOOL OF PRACTICAL NURSING     ,VA,23502-2230,Public       ,17,90,107,113,365,478
02140000,RIVERSIDE SCHOOL OF HEALTH CAREERS      ,VA,23608-3802,Private      ,48,196,244,215,758,973
02149901,PAUL MITCHELL THE SCHOOL-JACKSONVILLE - ,VA,22102-0000,Proprietary  ,34,53,87,61,103,164
02149902,PAUL MITCHELL THE SCHOOL-JACKSONVILLE - ,VA,22192-0000,Proprietary  ,28,61,89,56,135,191
02175800,LYNCHBURG GENERAL HOSP SCH OF NURSG     ,VA,24501-0000,Private      ,20,85,105,131,331,462
02197600,WOODROW WILSON REHABILITATION CTR       ,VA,22939-0000,Public       ,18,18,36,40,29,69
02242400,HENRICO CTY ST MARYS HOSP PRAC NRSG     ,VA,23075-0000,Public       ,3,18,21,26,83,109
02320900,TIDEWATER TECH                          ,VA,23502-1747,Proprietary  ,95,369,464,306,1066,1372
02334400,CENTURA COLLEGE                         ,VA,23452-0000,Proprietary  ,122,623,745,404,2682,3086
02342700,FORTIS COLLEGE                          ,VA,23502-4101,Proprietary  ,54,250,304,191,900,1091
02342701,FORTIS COLLEGE - RICHMOND CAMPUS        ,VA,23236-3472,Proprietary  ,83,266,349,250,805,1055
02358500,BON SECOURS SAINT MARY'S HOSPITAL SCHOOL,VA,23227-4612,Private      ,25,112,137,120,403,523
02538800,SUFFOLK BEAUTY ACADEMY                  ,VA,23434-0000,Proprietary  ,14,42,56,26,104,130
02541200,STRATFORD UNIVERSITY                    ,VA,22043-0000,Proprietary  ,160,763,923,525,2216,2741
02541201,STRATFORD UNIVERSITY-WOODBRIDGE         ,VA,22192-0000,Proprietary  ,49,208,257,231,1037,1268
02588900,MEDTECH INSTITUTE                       ,VA,22042-3013,Proprietary  ,119,436,555,302,1138,1440
02610100,WASHINGTON COUNTY ADULT SKILL CTR       ,VA,24210-2346,Public       ,16,52,68,44,157,201
03002400,GRAHAM WEBB INTERNATIONAL ACAD HAIR     ,VA,22209-2129,Proprietary  ,23,41,64,52,120,172
03010700,BAR PALMA BEAUTY CAREERS  ACADEMY       ,VA,24014-2255,Proprietary  ,13,57,70,33,158,191
03042800,"VIRGINIA BEACH CITY SCHOOLS, SCH.-PR.NSG",VA,23456-0038,Public       ,20,57,77,67,213,280
03091300,REGENT UNIVERSITY                       ,VA,23464-9800,Private      ,192,1584,1776,1816,6367,8183
03092700,SKYLINE COLLEGE                         ,VA,24012-1603,Proprietary  ,17,140,157,97,405,502
03096500,SPRINGFIELD BEAUTY ACADEMY              ,VA,22003-3016,Proprietary  ,5,50,55,12,102,114
03106500,SENTARA NORFOLK GENERAL HOSPITAL        ,VA,23320-2843,Private      ,25,167,192,176,751,927
03116900,BAPTIST THEOLOGICAL SEM.-RICHMOND       ,VA,23227-0000,Private      ,4,44,48,6,156,162
03126300,AVIATION INSTITUTE OF MAINTENANCE       ,VA,23320-5987,Proprietary  ,34,99,133,91,402,493
03126400,CENTURA COLLEGE                         ,VA,23235-5230,Proprietary  ,37,265,302,181,978,1159
03127500,ADVANCED TECHNOLOGY INSTITUTE           ,VA,23462-2409,Proprietary  ,123,211,334,520,769,1289
03280400,VIRGINIA SCHOOL OF MASSAGE              ,VA,22903-0000,Proprietary  ,16,67,83,50,157,207
03409500,RICHMOND SCHOOL OF HEALTH AND TECH      ,VA,23227-0000,Proprietary  ,40,170,210,125,557,682
03455300,CRESCENT COSMETOLOGY UNIVERSITY         ,VA,23666-3115,Proprietary  ,6,25,31,16,76,92
03559300,APPALACHIAN SCHOOL OF LAW               ,VA,24614-0000,Private      ,1,30,31,11,432,443
03645400,RUDY & KELLY ACADEMY OF HAIR AND NA     ,VA,23464-6857,Proprietary  ,42,115,157,132,342,474
03654300,CAREER TRAINING SOLUTIONS               ,VA,22406-1014,Proprietary  ,45,236,281,139,695,834
03709300,EDWARD VIA VIRGINIA CLG OSTEOPATHIC MED ,VA,24060-6360,Private      ,2,20,22,14,884,898
03862600,VIRGINIA BAPTIST COLLEGE                ,VA,22407-0000,Private      ,0,1,1,0,1,1
03872400,INSTITUTE FOR THE PSYCHOLOGICAL SCIENCES,VA,22202-3609,Private      ,7,21,28,19,160,179
03876300,CULPEPER COSMETOLOGY TRAINING CENTER    ,VA,22701-3155,Public       ,11,24,35,29,66,95
03883400,AVIATION INSTITUTE OF MAINTENANCE       ,VA,20110-4156,Proprietary  ,18,52,70,82,275,357
04038400,AVI CAREER INSTITUTE                    ,VA,22066-1839,Proprietary  ,4,35,39,6,82,88
04110300,UNIVERSITY OF MANAGEMENT AND TECHNOLOGY ,VA,22209-1609,Proprietary  ,4,139,143,26,396,422
04124000,DOMINION SCHOOL OF HAIR DESIGN          ,VA,23062-2221,Proprietary  ,6,14,20,15,48,63
04127300,COLUMBIA COLLEGE                        ,VA,22031-4413,Proprietary  ,19,218,237,64,410,474
04133400,CENTURA COLLEGE                         ,VA,22312-2670,Proprietary  ,28,126,154,81,407,488
04133800,SOUTHEAST CULINARY & HOSPITALITY COLLEGE,VA,24201-4159,Proprietary  ,0,0,0,29,36,65
04137300,CAYCE/REILLY SCHOOL OF MASSOTHERAPY     ,VA,23451-2061,Private      ,5,31,36,21,89,110
04140000,GLOBAL HEALTH NURSE TRAINING SERVICES   ,VA,22314-4585,Proprietary  ,16,129,145,52,561,613
04153800,BETHEL COLLEGE                          ,VA,23666-3122,Private      ,12,43,55,59,136,195
04156200,INSTITUTE OF ADVANCED MEDICAL ESTHETICS ,VA,23294-4701,Proprietary  ,7,42,49,26,126,152
04169400,NORTHERN VIRGINIA SCHOOL OF THERAPEUTIC ,VA,22046-4302,Proprietary  ,14,43,57,43,135,178
04171500,COSMOPOLITAN BEAUTY & TECH SCHOOL       ,VA,22003-3204,Proprietary  ,8,96,104,25,164,189
04179900,TOMORROW'S IMAGE BARBER ACADEMY OF VIRGI,VA,23602-5532,Proprietary  ,7,28,35,17,76,93
04180600,APPALACHIAN COLLEGE OF PHARMACY         ,VA,24631-9210,Private      ,0,35,35,15,302,317
04220400,CHRYSM INSTITUTE OF ESTHETICS (THE)     ,VA,23462-3650,Proprietary  ,6,48,54,16,103,119
04221000,"STANDARD HEALTHCARE SERVICES, COLLEGE OF",VA,22046-4612,Proprietary  ,2,31,33,2,31,33
00107000,THUNDERBIRD SCHOOL OF GLOBAL MANAGEMENT ,AZ,85306-6000,Private      ,7,139,146,37,598,635
00107100,ARIZONA WESTERN COLLEGE                 ,AZ,85366-0000,Public       ,599,1039,1638,4733,4597,9330
00107200,COCHISE COLLEGE                         ,AZ,85607-6190,Public       ,378,772,1150,1598,2548,4146
00107300,EASTERN ARIZONA COLLEGE                 ,AZ,85552-0769,Public       ,313,463,776,1543,1500,3043
00107400,GRAND CANYON UNIVERSITY                 ,AZ,85017-3030,Proprietary  ,1778,19868,21646,13279,54208,67487
00107600,GLENDALE COMMUNITY COLLEGE              ,AZ,85302-3090,Public       ,2137,3583,5720,11116,14328,25444
00107700,MESA COMMUNITY COLLEGE                  ,AZ,85202-4866,Public       ,2629,5023,7652,11194,17927,29121
00107800,PHOENIX COLLEGE                         ,AZ,85013-4234,Public       ,1297,4099,5396,6367,14534,20901
00107900,YAVAPAI COLLEGE                         ,AZ,86301-3297,Public       ,294,937,1231,1981,4186,6167
00108100,ARIZONA STATE UNIV (ALL CAMPUSES)       ,AZ,85287-0412,Public       ,5073,8438,13511,56612,43965,100577
00108200,NORTHERN ARIZONA UNIVERSITY             ,AZ,86011-0001,Public       ,1812,2587,4399,31220,14566,45786
00108300,UNIVERSITY OF ARIZONA                   ,AZ,85721-0066,Public       ,2417,2535,4952,33272,16292,49564
00165701,MIDWESTERN UNIVERSITY                   ,AZ,85308-0000,Private      ,35,241,276,196,4130,4326
00446700,TUCSON COLLEGE                          ,AZ,85711-3781,Proprietary  ,81,234,315,279,703,982
00711300,ARIZONA CHRISTIAN UNIVERSITY            ,AZ,85032-7097,Private      ,140,141,281,1044,572,1616
00726600,PIMA COUNTY COMMUNITY COLLEGE           ,AZ,85709-1110,Public       ,2339,4426,6765,10646,15554,26200
00728300,CENTRAL ARIZONA COLLEGE                 ,AZ,85228-9779,Public       ,733,1371,2104,2844,4668,7512
00732911,ITT TECHNICAL INSTITUTE                 ,AZ,85282-9272,Proprietary  ,161,876,1037,555,2564,3119
00732990,ITT TECHNICAL INSTITUTE                 ,AZ,85704-5829,Proprietary  ,269,910,1179,614,2124,2738
00822100,UNIVERSAL TECHNICAL INSTITUTE           ,AZ,85323-7946,Proprietary  ,1088,1177,2265,8027,6115,14142
00824600,DINÉ COLLEGE                            ,AZ,86556-0126,Public       ,172,297,469,775,1241,2016
00830300,GATEWAY COMMUNITY COLLEGE               ,AZ,85034-1795,Public       ,671,2500,3171,3359,8474,11833
00830302,MARICOPA SKILL CENTER                   ,AZ,85034-0000,Public       ,107,457,564,388,1420,1808
00830400,SCOTTSDALE COMMUNITY COLLEGE            ,AZ,85250-0000,Public       ,824,1403,2227,4274,5235,9509
00886400,ARIZONA ACADEMY OF BEAUTY               ,AZ,85712-5021,Proprietary  ,17,49,66,88,157,245
00886500,ARTISTIC BEAUTY COLLEGES-TUCSON         ,AZ,85716-3999,Proprietary  ,24,29,53,107,187,294
00945915,EMPIRE BEAUTY SCHOOL - NW PHOENIX       ,AZ,85051-8499,Proprietary  ,23,57,80,123,319,442
01054207,EMPIRE BEAUTY SCHOOL - FLAGSTAFF        ,AZ,86004-5119,Proprietary  ,29,34,63,114,210,324
01084700,ARIZONA AUTOMOTIVE INSTITUTE            ,AZ,85301-3503,Proprietary  ,107,308,415,303,763,1066
01085800,AVALON SCHOOL OF COSMETOLOGY            ,AZ,85210-4010,Proprietary  ,118,205,323,495,772,1267
01168900,REFRIGERATION SCHOOL                    ,AZ,85034-0000,Proprietary  ,57,249,306,148,774,922
01180200,ARIZONA ACADEMY OF BEAUTY-NORTH         ,AZ,85705-2720,Proprietary  ,12,36,48,53,100,153
01186200,NORTHLAND PIONEER COLLEGE               ,AZ,86025-0610,Public       ,129,435,564,638,1667,2305
01186400,MOHAVE COMMUNITY COLLEGE                ,AZ,86409-1238,Public       ,406,1084,1490,1456,4031,5487
01218400,INTERNATIONAL ACAD OF HAIR DESIGN       ,AZ,85225-7198,Proprietary  ,28,54,82,102,225,327
01234300,ARTISTIC BEAUTY COLLEGES-PHOENIX        ,AZ,85304-0000,Proprietary  ,27,58,85,125,260,385
01293700,ARTISTIC BEAUTY COLLEGES - PARADISE VALL,AZ,85257-0000,Proprietary  ,19,42,61,77,219,296
02065300,PRESCOTT COLLEGE                        ,AZ,86301-0000,Private      ,54,234,288,602,1091,1693
02071200,KAPLAN COLLEGE                          ,AZ,85029-4349,Proprietary  ,40,318,358,172,1116,1288
02098800,UNIVERSITY OF PHOENIX                   ,AZ,85040-0000,Proprietary  ,5295,101406,106701,14031,267898,281929
02100500,UNIVERSAL TECHNICAL INSTITUTE           ,AZ,85027-0000,Proprietary  ,971,1536,2507,5475,7563,13038
02100600,CARRINGTON COLLEGE                      ,AZ,85015-4096,Proprietary  ,496,1348,1844,1563,4519,6082
02113800,ROBERTO-VENN SCH OF LUTHIERY            ,AZ,85040-0000,Proprietary  ,9,14,23,27,64,91
02146600,SOUTH MOUNTAIN COMMUNITY COLLEGE        ,AZ,85040-0000,Public       ,652,1827,2479,2643,5279,7922
02160305,COLLINS COLLEGE                         ,AZ,85040-4000,Proprietary  ,31,117,148,251,522,773
02160306,INTERNATIONAL ACADEMY OF DESIGN AND TECH,AZ,85281-6705,Proprietary  ,7,21,28,39,72,111
02171500,WESTERN INTERNATIONAL UNIVERSITY        ,AZ,85021-0000,Proprietary  ,12,422,434,66,1374,1440
02177500,RIO SALADO COMMUNITY COLLEGE            ,AZ,85281-6948,Public       ,825,5071,5896,2899,16848,19747
02199900,AMERICAN INDIAN CLG-ASSEMBLIES GOD      ,AZ,85021-0000,Private      ,8,38,46,50,137,187
02217100,PIMA MEDICAL INSTITUTE                  ,AZ,85716-0000,Proprietary  ,943,2335,3278,2726,7760,10486
02218800,BROOKLINE COLLEGE                       ,AZ,85021-5815,Proprietary  ,114,613,727,329,1663,1992
02218804,BROOKLINE COLLEGE - MESA                ,AZ,85204-4448,Proprietary  ,60,229,289,175,630,805
02218805,BROOKLINE COLLEGE - TUCSON              ,AZ,85711-5444,Proprietary  ,61,292,353,233,804,1037
02263100,ANTHEM COLLEGE                          ,AZ,85014-0000,Proprietary  ,221,948,1169,565,2969,3534
02280500,CHARLES OF ITALY BEAUTY COLLEGE         ,AZ,86403-0000,Proprietary  ,16,25,41,59,100,159
02295000,EVEREST COLLEGE                         ,AZ,85021-1610,Proprietary  ,264,1578,1842,784,4975,5759
02295002,EVEREST COLLEGE - MESA                  ,AZ,85206-4704,Proprietary  ,58,377,435,245,1133,1378
02317800,AMERICAN INSTITUTE OF TECHNOLOGY        ,AZ,85043-0000,Proprietary  ,47,318,365,175,817,992
02491500,THE ART CENTER DESIGN COLLEGE           ,AZ,85716-0000,Proprietary  ,67,169,236,205,409,614
02533200,FRANK LLOYD WRIGHT SCHOOL OF ARCHITECTUR,AZ,85261-4430,Private      ,5,22,27,29,66,95
02559000,UNIVERSITY OF ADVANCING TECHNOLOGY      ,AZ,85283-0000,Proprietary  ,135,189,324,1101,846,1947
02561900,BRILLARE HAIRDRESSING ACADEMY           ,AZ,85254-3301,Proprietary  ,37,58,95,118,162,280
02582700,CORTIVA INSTITUTE - TUCSON              ,AZ,85710-3503,Proprietary  ,44,89,133,111,243,354
02616700,LE CORDON BLEU COLLEGE OF CULINARY ARTS ,AZ,85251-2729,Proprietary  ,225,763,988,953,3108,4061
02623600,PARADISE VALLEY COMMUNITY COLLEGE       ,AZ,85032-1210,Public       ,930,1538,2468,3754,5314,9068
02623800,CORTIVA INSTITUTE - SCOTTSDALE          ,AZ,85257-4218,Proprietary  ,3,40,43,25,115,140
03005000,SAFFORD COLLEGE OF BEAUTY CULTURE       ,AZ,85546-3309,Proprietary  ,3,9,12,6,16,22
03010613,VIRGINIA COLLEGE - GOLF ACADEMY OF ARIZO,AZ,85225-6742,Proprietary  ,6,16,22,35,86,121
03030604,UTAH COLLEGE OF MASSAGE THERAPY - ARIZON,AZ,85282-0000,Proprietary  ,32,79,111,98,242,340
03030605,UTAH COLLEGE OF MASSAGE THERAPY - ARIZON,AZ,85051-3470,Proprietary  ,57,130,187,153,319,472
03034400,CONSERVATORY RECORDING ARTS & SCIS      ,AZ,85282-1707,Proprietary  ,147,151,298,691,688,1379
03072200,CHANDLER-GILBERT COMMUNITY COLLEGE      ,AZ,85225-2499,Public       ,1343,1878,3221,5826,6745,12571
03076400,BRYMAN SCHOOL OF ARIZONA                ,AZ,85029-4919,Proprietary  ,78,251,329,289,995,1284
03097800,CARSTEN INSTITUTE OF HAIR & BEAUTY      ,AZ,85282-5404,Proprietary  ,35,71,106,89,184,273
03100400,COCONINO COUNTY COMMUNITY COLLEGE       ,AZ,86001-2701,Public       ,359,629,988,1849,2339,4188
03107000,SOUTHWEST CLG OF NATUROPATHIC MED       ,AZ,85282-0000,Private      ,5,119,124,24,623,647
03115000,ARIZONA COLLEGE OF ALLIED HEALTH        ,AZ,85302-3843,Proprietary  ,136,412,548,366,1138,1504
03120300,COLLEGE AMERICA                         ,AZ,86004-3936,Proprietary  ,81,318,399,276,1226,1502
03156300,ESTRELLA MOUNTAIN COMMUNITY COLLEGE     ,AZ,85392-1010,Public       ,1107,2312,3419,4836,7645,12481
03347300,INTERNATIONAL BAPTIST COLLEGE           ,AZ,85282-6799,Private      ,13,9,22,41,26,67
03445300,HDS TRUCK DRIVING INSTITUTE             ,AZ,85731-0000,Proprietary  ,2,72,74,24,200,224
03478400,PHOENIX SEMINARY                        ,AZ,85018-7611,Private      ,1,37,38,4,188,192
03572300,EAST VALLEY INSTITUTE OF TECHNOLOGY     ,AZ,85201-6910,Public       ,117,312,429,430,937,1367
03593300,SOUTHWEST INSTITUTE OF HEALING ARTS     ,AZ,85281-3658,Proprietary  ,53,449,502,159,1526,1685
03617500,PHOENIX INSTITUTE OF HERBAL MEDICINE & A,AZ,85012-0000,Proprietary  ,14,125,139,59,419,478
03695500,ARIZONA SCHOOL OF ACUPUNCTURE AND ORIENT,AZ,85712-1100,Proprietary  ,4,35,39,21,119,140
03784400,TOHONO O'ODHAM COMMUNITY COLLEGE        ,AZ,85634-3129,Public       ,31,59,90,91,116,207
03813300,NORTHCENTRAL UNIVERSITY                 ,AZ,86314-2336,Proprietary  ,14,1959,1973,82,6412,6494
03814300,TURNING POINT BEAUTY COLLEGE            ,AZ,85222-4229,Proprietary  ,5,27,32,20,76,96
04051300,ART INSTITUTE OF PHOENIX (THE)          ,AZ,85021-2859,Proprietary  ,1837,5347,7184,6971,20677,27648
04051306,ART INSTITUTE OF PHOENIX (THE) - ART INS,AZ,85712-2732,Proprietary  ,82,112,194,499,539,1038
04051325,ART INSTITUTE OF PHOENIX (THE) - BROWN M,AZ,85712-5300,Proprietary  ,62,250,312,222,851,1073
04051327,ART INSTITUTE OF PHOENIX (THE) - BROWN M,AZ,85029-1348,Proprietary  ,29,95,124,179,389,568
04059300,TUCSON COLLEGE OF BEAUTY                ,AZ,85705-2451,Proprietary  ,17,49,66,72,142,214
04120900,ARIZONA CULINARY INSTITUTE              ,AZ,85259-4939,Proprietary  ,43,90,133,247,345,592
04131400,PHOENIX SCHOOL OF LAW                   ,AZ,85012-3330,Proprietary  ,20,522,542,92,1575,1667
04139200,UNIVERSAL BARBER COLLEGE                ,AZ,85007-3914,Proprietary  ,20,96,116,77,289,366
04148700,AMERICAN INSTITUTE OF INTERIOR DESIGN   ,AZ,85268-3827,Proprietary  ,7,23,30,28,68,96
04152900,STUDIO ACADEMY OF BEAUTY (THE)          ,AZ,85224-3600,Proprietary  ,36,76,112,96,218,314
04157400,NATIONAL PARALEGAL COLLEGE              ,AZ,85014-1262,Proprietary  ,25,448,473,76,1522,1598
04172100,CCIC BEAUTY COLLEGE                     ,AZ,85345-2410,Proprietary  ,0,0,0,7,21,28
04174100,PAUL MITCHELL THE SCHOOL PHOENIX        ,AZ,85017-1919,Proprietary  ,60,121,181,180,351,531
04174200,ALL BEAUTY COLLEGE                      ,AZ,86426-8326,Proprietary  ,15,44,59,35,124,159
04175300,PENROSE ACADEMY                         ,AZ,85254-4065,Proprietary  ,28,32,60,84,133,217
04177500,PURE AESTHETICS                         ,AZ,85711-2328,Proprietary  ,13,26,39,23,93,116
04191200,CLASSIC COOKING ACADEMY                 ,AZ,85255-8699,Private      ,8,14,22,46,54,100
04194500,AVEDA INSTITUTE TUCSON                  ,AZ,85719-4876,Proprietary  ,52,73,125,161,228,389
04217600,SESSIONS COLLEGE FOR PROFESSIONAL DESIGN,AZ,85281-2840,Proprietary  ,7,34,41,21,122,143
00142800,DELAWARE STATE UNIVERSITY               ,DE,19901-2277,Public       ,477,425,902,8333,2603,10936
00142900,GOLDEY BEACOM COLLEGE                   ,DE,19808-1993,Private      ,93,155,248,626,525,1151
00143100,UNIVERSITY OF DELAWARE                  ,DE,19716-0099,Public       ,896,518,1414,26600,3302,29902
00143300,WESLEY COLLEGE                          ,DE,19901-3875,Private      ,189,161,350,2553,728,3281
00143301,WESLEY COLLEGE-CTR FOR ADULT STUDIE     ,DE,19720-0000,Private      ,4,36,40,30,202,232
00331301,WIDENER UNIV SCHOOL OF LAW - DE         ,DE,19803-0000,Private      ,12,147,159,91,1283,1374
00705300,DELAWARE TECH & CMTY COLLEGE-OWENS      ,DE,19947-0000,Public       ,469,843,1312,2594,3134,5728
00794800,WILMINGTON UNIVERSITY                   ,DE,19720-6491,Private      ,613,2746,3359,3022,9405,12427
01172700,DELAWARE TECH & CMTY CLG-TERRY          ,DE,19901-8736,Public       ,386,697,1083,2154,2715,4869
02125200,BEEBE SCHOOL OF NURSING                 ,DE,19958-1462,Private      ,2,25,27,62,108,170
02144900,DELAWARE TECH & CMTY CLG-STANTN/WLM     ,DE,19801-0000,Public       ,726,1216,1942,4100,4881,8981
02190400,SCHILLING DOUGLAS SCH OF HAIR DSGN      ,DE,19711-0000,Proprietary  ,30,31,61,95,122,217
02586902,STAR TECHNICAL INSTITUTE -              ,DE,19901-4615,Proprietary  ,5,28,33,30,97,127
03025800,DAWN TRAINING CENTRE                    ,DE,19805-1511,Proprietary  ,39,228,267,117,700,817
03543300,HARRIS SCHOOL OF BUSINESS               ,DE,19803-5341,Proprietary  ,53,168,221,129,393,522
03702300,DELAWARE LEARNING INSTITUTE OF COSMETOLO,DE,19939-9759,Proprietary  ,4,22,26,38,61,99
04130700,ACADEMY OF MASSAGE AND BODYWORK         ,DE,19701-1321,Proprietary  ,6,33,39,19,88,107
04139800,DELAWARE COLLEGE OF ART & DESIGN        ,DE,19801-3007,Private      ,43,27,70,452,135,587
04171100,DELAWARE ACADEMY PAUL MITCHELL PARTNER S,DE,19702-5108,Proprietary  ,23,35,58,92,121,213
        ,FEDERAL STUDENT AID USE ONLY            ,DC,20202-0000,,0,0,0,3,4,7
        ,OFFICIAL USE ONLY                       ,DC,20202-0000,,0,1,1,0,1,1
00143400,AMERICAN UNIVERSITY                     ,DC,20016-8020,Private      ,286,840,1126,14483,9857,24340
00143700,CATHOLIC UNIVERSITY OF AMERICA          ,DC,20064-0002,Private      ,283,518,801,5758,2495,8253
00143711,"CATHOLIC UNIV AMERICA, LAW SCHOOL       ",DC,20064-0000,Private      ,7,99,106,73,1209,1282
00144100,UNIV OF THE DISTRICT OF COLUMBIA        ,DC,20008-0000,Public       ,518,1598,2116,3175,7017,10192
00144102,UNIV OF THE DIST OF COLU -SCHOOL OF LAW ,DC,20008-1173,Public       ,9,90,99,65,882,947
00144300,GALLAUDET UNIVERSITY                    ,DC,20002-3695,Private      ,118,152,270,1025,1244,2269
00144400,GEORGE WASHINGTON UNIVERSITY            ,DC,20052-2353,Private      ,469,1648,2117,14471,11262,25733
00144402,GEORGE WASHINGTON UNIV LAW SCHL         ,DC,20052-0000,Private      ,12,318,330,96,4024,4120
00144403,GEORGE WASHINGTON UNIV SCH MED          ,DC,20052-0000,Private      ,8,120,128,107,1777,1884
00144500,GEORGETOWN UNIVERSITY                   ,DC,20057-1252,Private      ,364,875,1239,13168,5092,18260
00144501,"GEORGETOWN UNIV, SCH OF MEDICINE        ",DC,20007-0000,Private      ,4,87,91,103,1466,1569
00144502,GEORGETOWN UNIVERSITY - GRADUATE SCHOOL ,DC,20057-0004,Private      ,7,654,661,65,4684,4749
00144503,GEORGETOWN UNIV LAW CENTER              ,DC,20001-0000,Private      ,6,252,258,71,4767,4838
00144800,HOWARD UNIVERSITY                       ,DC,20059-0001,Private      ,524,1079,1603,15504,9566,25070
00145900,STRAYER UNIVERSITY                      ,DC,20005-2603,Proprietary  ,506,10212,10718,1756,45685,47441
00146000,TRINITY UNIVERSITY                      ,DC,20017-1004,Private      ,109,541,650,1549,3053,4602
00146400,WESLEY THEOLOGICAL SEMINARY             ,DC,20016-0000,Private      ,2,79,81,7,339,346
00207701,JOHNS HOPKINS UNIV SCH ADV INTL STU     ,DC,20036-0000,Private      ,4,107,111,69,1478,1547
01006500,WASHINGTON THEOLOGICAL UNION            ,DC,20012-0000,Private      ,3,7,10,9,41,50
01195000,THE CORCORAN COLLEGE OF ART & DESIG     ,DC,20006-4804,Private      ,35,66,101,346,398,744
01280300,DOMINICAN HOUSE OF STUDIES              ,DC,20017-1584,Private      ,0,10,10,3,39,42
02132800,NAT'L CONSERVATORY DRAMATIC ARTS        ,DC,20007-2758,Private      ,7,18,25,30,60,90
03104300,CAREER BLAZERS LEARNING CENTER OF WASHIN,DC,20037-1881,Proprietary  ,41,404,445,66,681,747
03218300,POTOMAC COLLEGE                         ,DC,20016-1860,Proprietary  ,17,145,162,69,522,591
03409600,BENNETT CAREER INSTITUTE                ,DC,20017-1754,Proprietary  ,46,121,167,132,364,496
03750300,TECHNICAL LEARNING CENTERS              ,DC,20006-3749,Proprietary  ,42,249,291,81,451,532
04114400,INSTITUTE OF WORLD POLITICS (THE)       ,DC,20036-1464,Private      ,2,28,30,13,207,220
04142700,PONTIFICAL JOHN PAUL II INSTITUTE FOR ST,DC,20064-0001,Private      ,0,10,10,2,32,34
04190000,RADIANS COLLEGE                         ,DC,20005-3542,Proprietary  ,19,208,227,71,644,715
00154100,ABRAHAM BALDWIN AGRICULTURAL CLG        ,GA,31794-0000,Public       ,490,524,1014,3346,1966,5312
00154200,AGNES SCOTT COLLEGE                     ,GA,30030-3770,Private      ,80,101,181,1495,526,2021
00154300,DARTON COLLEGE                          ,GA,31707-3098,Public       ,941,2051,2992,4320,7187,11507
00154400,ALBANY STATE UNIVERSITY                 ,GA,31705-2796,Public       ,880,1502,2382,7061,5560,12621
00154500,ANDREW COLLEGE                          ,GA,39840-1395,Private      ,65,28,93,510,96,606
00154600,ARMSTRONG ATLANTIC STATE UNIVERSITY     ,GA,31419-1997,Public       ,787,1317,2104,6905,6282,13187
00154700,POINT UNIVERSITY                        ,GA,30344-1999,Private      ,199,315,514,984,1330,2314
00155400,BERRY COLLEGE                           ,GA,30149-5007,Private      ,177,71,248,4149,369,4518
00155500,THOMAS UNIVERSITY                       ,GA,31792-7499,Private      ,98,345,443,522,1326,1848
00155600,BRENAU UNIVERSITY                       ,GA,30501-3668,Private      ,182,869,1051,1847,3592,5439
00155700,BREWTON PARKER COLLEGE                  ,GA,30445-0000,Private      ,107,76,183,614,262,876
00155800,COASTAL GEORGIA COMMUNITY COLLEGE       ,GA,31520-3644,Public       ,424,694,1118,2325,2804,5129
00155900,CLARK ATLANTA UNIVERSITY                ,GA,30314-4385,Private      ,1030,1184,2214,11064,6146,17210
00156000,COLUMBIA THEOLOGICAL SEMINARY           ,GA,30031-0000,Private      ,4,38,42,12,234,246
00156100,COLUMBUS STATE UNIVERSITY               ,GA,31907-5645,Public       ,918,1621,2539,7339,6818,14157
00156200,GEORGIA PERIMETER COLLEGE               ,GA,30021-0000,Public       ,3455,5066,8521,16353,22091,38444
00156300,EMMANUEL COLLEGE                        ,GA,30639-0000,Private      ,87,49,136,875,192,1067
00156400,EMORY UNIVERSITY                        ,GA,30322-1960,Private      ,478,1101,1579,13412,10593,24005
00156600,FORT VALLEY STATE UNIVERSITY            ,GA,31030-3298,Public       ,692,709,1401,4717,2905,7622
00156700,GAINESVILLE STATE COLLEGE               ,GA,30503-0000,Public       ,698,504,1202,6116,3678,9794
00156800,INTERDENOMINATIONAL THEOLOGY CENTER     ,GA,30314-0000,Private      ,4,165,169,10,600,610
00156900,GEORGIA INSTITUTE OF TECHNOLOGY         ,GA,30332-0325,Public       ,1087,1165,2252,20911,6447,27358
00157000,SOUTHERN POLYTECHNIC STATE UNIV         ,GA,30060-2896,Public       ,508,837,1345,5421,4836,10257
00157100,GEORGIA MILITARY COLLEGE                ,GA,31061-3398,Public       ,1688,2128,3816,5373,6594,11967
00157200,GEORGIA SOUTHERN UNIVERSITY             ,GA,30460-8065,Public       ,2108,1703,3811,24531,8477,33008
00157300,GEORGIA SOUTHWESTERN STATE UNIV         ,GA,31709-4693,Public       ,376,550,926,2970,2385,5355
00157400,GEORGIA STATE UNIVERSITY                ,GA,30303-3010,Public       ,3991,5773,9764,34181,29503,63684
00157500,GORDON COLLEGE                          ,GA,30204-1762,Public       ,818,586,1404,4700,2987,7687
00157700,KENNESAW STATE UNIVERSITY               ,GA,30144-5591,Public       ,2921,3173,6094,23893,16069,39962
00157800,LAGRANGE COLLEGE                        ,GA,30240-2999,Private      ,94,125,219,1609,609,2218
00157900,MEDICAL COLLEGE OF GEORGIA              ,GA,30912-0004,Public       ,193,458,651,1313,3728,5041
00157913,GEORGIA REGENTS UNIVERSITY - AUGUSTA STA,GA,30904-2200,Public       ,475,963,1438,5550,5383,10933
00158000,MERCER UNIVERSITY                       ,GA,31207-0003,Private      ,633,2075,2708,5733,9086,14819
00158100,MIDDLE GEORGIA COLLEGE                  ,GA,31014-1599,Public       ,609,685,1294,3647,2865,6512
00158103,MIDDLE GEORGIA STATE COLLEGE - MACON CAM,GA,31206-5145,Public       ,688,1210,1898,4181,5226,9407
00158200,MOREHOUSE COLLEGE                       ,GA,30314-3773,Private      ,500,343,843,4725,1485,6210
00158500,UNIVERSITY OF NORTH GEORGIA             ,GA,30597-0001,Public       ,1328,958,2286,9836,3985,13821
00158600,OGLETHORPE UNIVERSITY                   ,GA,30319-2737,Private      ,156,190,346,2223,757,2980
00158700,PAINE COLLEGE                           ,GA,30901-3182,Private      ,303,287,590,1391,932,2323
00158800,PIEDMONT COLLEGE                        ,GA,30535-5644,Private      ,142,401,543,1275,1818,3093
00158900,REINHARDT UNIVERSITY                    ,GA,30183-2981,Private      ,244,142,386,1682,643,2325
00159000,SAVANNAH STATE UNIVERSITY               ,GA,31404-5298,Public       ,1397,1039,2436,8623,4105,12728
00159100,SHORTER UNIVERSITY                      ,GA,30165-4298,Private      ,222,549,771,2125,2650,4775
00159200,SOUTH GEORGIA COLLEGE                   ,GA,31533-8104,Public       ,510,402,912,2113,1435,3548
00159203,SOUTH GEORGIA STATE COLLEGE - WAYCROSS C,GA,31503-0110,Public       ,132,215,347,659,682,1341
00159400,SPELMAN COLLEGE                         ,GA,30314-4399,Private      ,469,303,772,6723,1890,8613
00159600,TOCCOA FALLS COLLEGE                    ,GA,30598-0001,Private      ,100,69,169,959,272,1231
00159700,TRUETT MCCONNELL COLLEGE                ,GA,30528-1264,Private      ,119,71,190,847,243,1090
00159800,UNIVERSITY OF GEORGIA                   ,GA,30602-6114,Public       ,2947,2024,4971,33580,12359,45939
00159900,VALDOSTA STATE UNIVERSITY               ,GA,31698-0001,Public       ,1645,1663,3308,13755,7004,20759
00160000,WESLEYAN COLLEGE                        ,GA,31210-4407,Private      ,88,196,284,588,703,1291
00160100,UNIV OF WEST GEORGIA                    ,GA,30118-0002,Public       ,1469,1483,2952,13895,7013,20908
00160200,GEORGIA COLLEGE & STATE UNIVERSITY      ,GA,31061-0490,Public       ,851,574,1425,8159,2543,10702
00160400,YOUNG HARRIS COLLEGE                    ,GA,30582-4137,Private      ,122,38,160,1607,184,1791
00348400,COVENANT COLLEGE                        ,GA,30750-4164,Private      ,81,28,109,1382,167,1549
00395600,DALTON STATE COLLEGE                    ,GA,30720-3797,Public       ,465,650,1115,4330,3503,7833
00402400,GEORGIA NORTHWESTERN TECHNICAL COLLEGE  ,GA,30161-6757,Public       ,908,2021,2929,2824,6419,9243
00411700,GRADY HEALTH SYSTEM                     ,GA,30303-3050,Public       ,36,235,271,178,981,1159
00489808,MCCANN SCHOOL OF BUSINESS & TECHNOLOGY -,GA,31210-0246,Proprietary  ,8,39,47,31,147,178
00525400,LANIER TECHNICAL COLLEGE                ,GA,30566-3499,Public       ,392,863,1255,1747,3956,5703
00525500,MOULTRIE TECHNICAL COLLEGE              ,GA,31768-0000,Public       ,325,855,1180,631,1942,2573
00525600,WIREGRASS GEORGIA TECHNICAL COLLEGE     ,GA,31602-0929,Public       ,742,1742,2484,1879,4933,6812
00551100,OKEFENOKEE TECHNICAL COLLEGE            ,GA,31501-4016,Public       ,200,480,680,529,1357,1886
00559900,AUGUSTA TECHNICAL COLLEGE               ,GA,30906-3399,Public       ,776,1898,2674,2517,6559,9076
00560000,ATHENS TECHNICAL COLLEGE                ,GA,30601-1579,Public       ,724,1460,2184,2938,5078,8016
00560100,ALBANY TECHNICAL COLLEGE                ,GA,31701-2648,Public       ,724,2477,3201,1709,6017,7726
00561500,SOUTHWEST GEORGIA TECHNICAL COLLEGE     ,GA,31792-2622,Public       ,368,629,997,939,2006,2945
00561700,SOUTH GEORGIA TECHNICAL COLLEGE         ,GA,31709-8167,Public       ,449,872,1321,1004,1749,2753
00561800,SAVANNAH TECHNICAL COLLEGE              ,GA,31405-5594,Public       ,923,2586,3509,2700,8058,10758
00561900,NORTH GEORGIA TECHNICAL COLLEGE         ,GA,30523-0000,Public       ,512,729,1241,1626,2387,4013
00562000,CHATTAHOOCHEE TECHNICAL COLLEGE         ,GA,30060-3398,Public       ,2125,3593,5718,6336,11716,18052
00562100,SOUTHERN CRESCENT TECHNICAL COLLEGE     ,GA,30223-2097,Public       ,839,1891,2730,2455,6582,9037
00562200,DEKALB TECHNICAL COLLEGE                ,GA,30021-0000,Public       ,599,2283,2882,1796,7299,9095
00562400,COLUMBUS TECHNICAL COLLEGE              ,GA,31904-6572,Public       ,776,1923,2699,2255,5589,7844
00576300,CENTRAL GEORGIA TECHNICAL COLLEGE       ,GA,31206-3628,Public       ,1036,3203,4239,2228,7136,9364
00576304,CENTRAL GEORGIA TECHNICAL COLLEGE -     ,GA,31088-2729,Public       ,336,823,1159,1198,2903,4101
00854300,ATLANTA TECHNICAL COLLEGE               ,GA,30310-4499,Public       ,931,3592,4523,3160,12674,15834
00897600,CLAYTON STATE UNIVERSITY                ,GA,30260-0285,Public       ,1000,2322,3322,6785,10812,17597
00927000,ART INSTITUTE OF ATLANTA (THE)          ,GA,30328-1649,Proprietary  ,1482,1677,3159,8153,7014,15167
00950700,GEORGIA HIGHLANDS COLLEGE               ,GA,30162-0000,Public       ,1138,1082,2220,5077,4276,9353
01031903,MEDIX SCHOOL                            ,GA,30080-7630,Proprietary  ,36,202,238,154,694,848
01035601,EVEREST INSTITUTE - DEKALB              ,GA,30035-3420,Proprietary  ,34,136,170,103,429,532
01048700,WEST GEORGIA TECHNICAL COLLEGE          ,GA,30182-6476,Public       ,1039,2106,3145,3796,7418,11214
01054212,EMPIRE BEAUTY SCHOOL - DUNWOODY         ,GA,30338-3020,Proprietary  ,33,44,77,107,253,360
01077100,GUPTON JONES COLLEGE                    ,GA,30035-4022,Private      ,38,112,150,137,346,483
01099700,EAST GEORGIA COLLEGE                    ,GA,30401-2699,Public       ,712,404,1116,3376,1544,4920
01107400,BAINBRIDGE COLLEGE                      ,GA,39819-8400,Public       ,436,1122,1558,1199,3317,4516
01110901,EVEREST COLLEGE - EVEREST INSTITUTE     ,GA,30067-8340,Proprietary  ,51,270,321,185,862,1047
01110902,EVEREST COLLEGE - ATLANTA               ,GA,30331-2620,Proprietary  ,138,549,687,454,1749,2203
01112301,EVEREST COLLEGE - EVEREST INSTITUTE- NOR,GA,30093-2813,Proprietary  ,72,320,392,217,1003,1220
01157400,BAUDER COLLEGE                          ,GA,30313-2439,Proprietary  ,142,515,657,508,1868,2376
01205100,PRO WAY HAIR SCHOOL                     ,GA,30083-2884,Proprietary  ,25,131,156,75,353,428
01216500,ATLANTA METROPOLITAN COLLEGE            ,GA,30310-4498,Public       ,1010,2152,3162,3898,7855,11753
01303900,SOUTH UNIVERSITY                        ,GA,31406-4881,Proprietary  ,1030,7413,8443,3100,18921,22021
02060900,BROWN CLG OF COURT REPORTING & M.T.     ,GA,30318-2570,Proprietary  ,9,140,149,44,500,544
02074800,LIFE UNIVERSITY                         ,GA,30060-0000,Private      ,117,423,540,667,3114,3781
02113613,AMERICAN INTERCONTINENTAL UNIVERSITY    ,GA,30328-1649,Proprietary  ,213,886,1099,911,3115,4026
02116000,SANFORD-BROWN COLLEGE                   ,GA,30328-4803,Proprietary  ,58,333,391,237,1151,1388
02141500,SAVANNAH COLLEGE OF ART & DESIGN        ,GA,31402-3146,Private      ,1304,1055,2359,11419,4905,16324
02202800,AUGUSTA AREA DIET INTERN UNIV HOSP      ,GA,30901-0000,Private      ,5,30,35,15,93,108
02217200,PORTFOLIO CENTER                        ,GA,30309-0000,Proprietary  ,20,77,97,56,235,291
02266200,AMERICAN PROFESSIONAL INSTITUTE         ,GA,31201-3185,Proprietary  ,26,169,195,99,523,622
02279500,HEART OF GEORGIA TECHNICAL COLLEGE      ,GA,31021-8896,Public       ,88,232,320,256,724,980
02284300,INTERACTIVE COLLEGE OF TECHNOLOGY       ,GA,30341-0000,Proprietary  ,76,577,653,198,1382,1580
02284308,INTERACTIVE LEARNING SYSTEMS            ,GA,30260-0000,Proprietary  ,13,88,101,37,231,268
02284309,INTERACTIVE COLLEGE OF TECHNOLOGY       ,GA,30501-0000,Proprietary  ,22,104,126,90,283,373
02285500,"CREATIVE CIRCUS, THE                    ",GA,30324-0000,Proprietary  ,15,68,83,102,319,421
02288400,GWINNETT TECHNICAL COLLEGE              ,GA,30043-5702,Public       ,961,2276,3237,4053,10119,14172
02313902,WESTWOOD COLLEGE - O'HARE AIRPORT - ATLA,GA,30345-2807,Proprietary  ,48,282,330,187,801,988
02321400,ROFFLER-MOLER HAIRSTYLING COLLEGE       ,GA,30062-0000,Proprietary  ,23,38,61,74,136,210
02354500,SOUTHEASTERN BEAUTY SCHOOLS             ,GA,31906-0000,Proprietary  ,0,0,0,25,62,87
02482100,MOREHOUSE SCHOOL OF MEDICINE            ,GA,30310-0000,Private      ,30,78,108,195,812,1007
02520000,INTERNATIONAL SCH SKIN & NAILCARE       ,GA,30342-1119,Proprietary  ,28,137,165,82,407,489
02559315,(UNITED EDUCATION INSTITUTE) - UEI MORRO,GA,30260-2941,Proprietary  ,9,72,81,41,247,288
02577000,ESANI INSTITUTE                         ,GA,30297-0000,Proprietary  ,39,66,105,81,167,248
02577700,BEAUTY COLLEGE OF AMERICA               ,GA,30297-0000,Proprietary  ,15,51,66,66,138,204
02580100,IVERSON INSTITUTE                       ,GA,30341-3662,Proprietary  ,25,108,133,47,202,249
02580200,ATLANTA SCHOOL OF MASSAGE               ,GA,30338-0000,Proprietary  ,44,211,255,146,636,782
02583000,GWINNETT COLLEGE OF BUSINESS            ,GA,30047-3447,Proprietary  ,34,188,222,130,709,839
02614206,MILLER - MOTTE TECHNICAL COLLEGE - COLUM,GA,31907-3222,Proprietary  ,61,344,405,218,1360,1578
02614207,MILLER - MOTTE TECHNICAL COLLEGE - AUGUS,GA,30907-0921,Proprietary  ,71,344,415,209,1137,1346
03005400,GEORGIA CAREER INSTITUTE                ,GA,30013-2076,Proprietary  ,94,256,350,235,683,918
03010619,VIRGINIA COLLEGE - AUGUSTA              ,GA,30909-5515,Proprietary  ,57,304,361,257,1161,1418
03010623,VIRGINIA COLLEGE - MACON                ,GA,31206-3180,Proprietary  ,36,231,267,145,767,912
03022601,WESTERN CULINARY INSTITUTE - LE CORDON B,GA,30084-5893,Proprietary  ,91,230,321,398,933,1331
03030000,OGEECHEE TECHNICAL COLLEGE              ,GA,30458-8049,Public       ,512,1012,1524,1560,3006,4566
03032100,ALTAMAHA TECHNICAL COLLEGE              ,GA,31545-4465,Public       ,304,666,970,732,1716,2448
03042700,LAURUSTECHNICAL INSTITUTE               ,GA,30030-1506,Proprietary  ,27,203,230,63,536,599
03066500,SOUTHEASTERN TECHNICAL COLLEGE          ,GA,30474-8817,Public       ,214,567,781,642,1795,2437
03072304,EVEREST COLLEGE - EVEREST INSTITUTE     ,GA,30236-0000,Proprietary  ,57,301,358,139,809,948
03076300,BEULAH HEIGHTS BIBLE COLLEGE            ,GA,30316-1873,Private      ,13,389,402,37,907,944
03079202,WESTWOOD COLLEGE - ATLANTA MIDTOWN      ,GA,30309-2848,Proprietary  ,123,439,562,527,1589,2116
03081500,SOUTHEASTERN BEAUTY SCHOOL              ,GA,31917-0000,Proprietary  ,33,96,129,70,213,283
03089100,GEORGIA INSTITUTE OF COSMETOLOGY        ,GA,30606-3152,Proprietary  ,50,163,213,214,525,739
03090600,COBB BEAUTY COLLEGE                     ,GA,30144-2828,Proprietary  ,19,56,75,74,176,250
03100900,LUTHER RICE UNIVERSITY                  ,GA,30038-2454,Private      ,10,291,301,52,1239,1291
03102000,RIVERTOWN SCHOOL OF BEAUTY              ,GA,31904-4747,Proprietary  ,29,124,153,91,329,420
03104500,ATLANTA INSTITUTE OF MUSIC              ,GA,30096-4988,Proprietary  ,139,158,297,434,475,909
03116100,VOGUE BEAUTY AND BARBER SCHOOL          ,GA,30141-2226,Proprietary  ,26,88,114,73,259,332
03155500,OCONEE FALL LINE TECHNICAL COLLEGE      ,GA,31082-6179,Public       ,183,636,819,398,1442,1840
03173300,ATLANTA'S JOHN MARSHALL LAW SCHOOL      ,GA,30309-0000,Proprietary  ,10,345,355,66,1431,1497
03232304,LINCOLN TECHNICAL INSTITUTE - LINCOLN CO,GA,30067-8638,Proprietary  ,28,133,161,108,466,574
03418300,GWINNETT COLLEGE-SANDY SPRINGS          ,GA,30328-3161,Proprietary  ,25,137,162,116,401,517
03445500,FAYETTE BEAUTY ACADEMY                  ,GA,30214-1191,Proprietary  ,15,62,77,33,129,162
03523300,AVIATION INSTITUTE OF MAINTENANCE       ,GA,30045-0000,Proprietary  ,95,258,353,241,790,1031
03635300,CARVER BIBLE COLLEGE                    ,GA,30331-1300,Private      ,14,85,99,44,250,294
03748300,KEVOSNIK SCHOOL OF HAIR DESIGN          ,GA,31021-0000,Proprietary  ,1,20,21,6,52,58
03753400,MICHAEL'S SCHOOL OF BEAUTY              ,GA,30909-0000,Proprietary  ,11,23,34,49,132,181
03804400,MEDTECH INSTITUTE                       ,GA,30339-6040,Proprietary  ,56,272,328,193,826,1019
03812300,OMNITECH INSTITUTE                      ,GA,30035-1206,Proprietary  ,8,122,130,34,307,341
04021300,AUGUSTA SCHOOL OF MASSAGE               ,GA,30809-0000,Proprietary  ,7,29,36,26,93,119
04051331,ART INSTITUTE OF PHOENIX (THE) - BROWN M,GA,30319-3054,Proprietary  ,40,133,173,218,485,703
04091300,SAVANNAH SCHOOL OF MASSAGE THERAPY      ,GA,31406-2711,Private      ,0,0,0,9,18,27
04126800,ACADEMY OF SOMATIC HEALING ARTS (ASHA)  ,GA,30071-1024,Proprietary  ,0,0,0,6,47,53
04142900,GEORGIA GWINNETT COLLEGE                ,GA,30043-7409,Public       ,1712,1271,2983,10724,6781,17505
04147000,PAUL MITCHELL THE SCHOOL ATLANTA        ,GA,30318-5241,Proprietary  ,117,216,333,391,656,1047
04147700,LAKE LANIER SCHOOL OF MASSAGE           ,GA,30501-4546,Proprietary  ,17,65,82,43,174,217
04149900,PROFILE INSTITUTE OF BARBER-STYLING     ,GA,30315-8459,Proprietary  ,16,78,94,53,271,324
04150900,PROCESS INSTITUTE OF COSMETOLOGY (THE)  ,GA,30043-7344,Proprietary  ,31,55,86,119,173,292
04152300,GEORGIA BEAUTY ACADEMY                  ,GA,30721-3952,Proprietary  ,23,53,76,86,189,275
04156500,GEORGIA CHRISTIAN UNIVERSITY            ,GA,30047-3778,Private      ,2,31,33,39,120,159
04160200,ATLANTA BEAUTY ACADEMY                  ,GA,30340-1334,Proprietary  ,26,173,199,93,442,535
04203800,WOODRUFF MEDICAL TRAINING AND TESTING   ,GA,30033-6103,Proprietary  ,10,69,79,27,193,220
04204500,ELAINE STERLING INSTITUTE(THE)          ,GA,30342-2633,Proprietary  ,14,74,88,41,157,198
04206400,HELMS COLLEGE                           ,GA,31206-5309,Private      ,33,79,112,76,263,339
04206600,SAE INSTITUTE OF TECHNOLOGY - ATLANTA   ,GA,30303-1736,Proprietary  ,69,183,252,246,498,744
04208000,TECHNOLOGY CENTER                       ,GA,30071-3519,Proprietary  ,10,80,90,17,179,196
04218000,UNITED MEDICAL AND BUSINESS INSTITUTE   ,GA,30344-6977,Proprietary  ,5,47,52,17,110,127
00162800,AMERICAN ACADEMY OF ART                 ,IL,60604-4302,Proprietary  ,80,72,152,984,396,1380
00163300,AUGUSTANA COLLEGE                       ,IL,61201-2296,Private      ,90,35,125,4906,291,5197
00163400,AURORA UNIVERSITY                       ,IL,60506-4892,Private      ,250,644,894,4477,3512,7989
00163600,SOUTHWESTERN ILLINOIS COLLEGE           ,IL,62221-5899,Public       ,1064,1935,2999,4604,6729,11333
00163800,BLACK HAWK COLLEGE                      ,IL,61265-5899,Public       ,409,682,1091,2689,2969,5658
00163900,BLACKBURN COLLEGE                       ,IL,62626-1498,Private      ,38,28,66,780,156,936
00164000,PRAIRIE STATE COLLEGE                   ,IL,60411-8226,Public       ,734,1247,1981,3612,5605,9217
00164100,BRADLEY UNIVERSITY                      ,IL,61625-0002,Private      ,206,190,396,8813,1352,10165
00164300,SPOON RIVER COLLEGE                     ,IL,61520-8907,Public       ,90,186,276,867,916,1783
00164700,CITY COLLEGES OF CHICAGO                ,IL,60606-6998,Public       ,374,1128,1502,3469,5455,8924
00164800,TRUMAN COLLEGE                          ,IL,60640-5691,Public       ,647,1566,2213,3889,6757,10646
00164900,RICHARD J DALEY COLLEGE                 ,IL,60652-1299,Public       ,764,1442,2206,4382,6016,10398
00165000,CITY COLLEGES OF CHICAGO-MALCOLM X      ,IL,60612-3197,Public       ,854,2323,3177,4986,9778,14764
00165200,HAROLD WASHINGTON COLLEGE               ,IL,60601-2403,Public       ,1480,2390,3870,9841,10533,20374
00165400,KENNEDY KING COLLEGE                    ,IL,60621-3798,Public       ,678,2438,3116,3565,9280,12845
00165500,WRIGHT COLLEGE                          ,IL,60634-1591,Public       ,986,1777,2763,6633,7644,14277
00165700,MIDWESTERN UNIVERSITY                   ,IL,60515-1200,Private      ,15,181,196,165,3692,3857
00165900,ROSALIND FRANKLIN UNIVERSITY OF MEDICINE,IL,60064-3095,Private      ,6,137,143,59,2788,2847
00166100,CHICAGO THEOLOGICAL SEMINARY            ,IL,60637-0000,Private      ,3,49,52,18,261,279
00166300,SPERTUS COLLEGE                         ,IL,60605-1995,Private      ,0,11,11,4,87,91
00166400,UNIVERSITY OF ST FRANCIS                ,IL,60435-6188,Private      ,92,465,557,2262,2310,4572
00166500,COLUMBIA COLLEGE                        ,IL,60605-1996,Private      ,1034,907,1941,15255,5952,21207
00166600,CONCORDIA UNIVERSITY                    ,IL,60305-1499,Private      ,93,782,875,3096,3761,6857
00166900,DANVILLE AREA COMMUNITY COLLEGE         ,IL,61832-5199,Public       ,229,541,770,1069,1626,2695
00167100,DEPAUL UNIVERSITY                       ,IL,60604-2287,Private      ,1039,2356,3395,25022,16983,42005
00167400,EASTERN ILLINOIS UNIVERSITY             ,IL,61920-3099,Public       ,674,517,1191,11750,3919,15669
00167500,ELGIN COMMUNITY COLLEGE                 ,IL,60123-7193,Public       ,836,994,1830,4603,4599,9202
00167600,ELMHURST COLLEGE                        ,IL,60126-3296,Private      ,257,231,488,4444,1441,5885
00167800,EUREKA COLLEGE                          ,IL,61530-9976,Private      ,25,25,50,1047,238,1285
00168100,HIGHLAND COMMUNITY COLLEGE              ,IL,61032-9341,Public       ,133,299,432,988,1142,2130
00168200,GARRETT-EVANGELICAL THEOLOGICAL SEM     ,IL,60201-0000,Private      ,2,75,77,3,246,249
00168400,GREENVILLE COLLEGE                      ,IL,62246-1199,Private      ,60,140,200,1738,667,2405
00168500,HEBREW THEOLOGICAL COLLEGE              ,IL,60077-3263,Private      ,42,6,48,501,30,531
00168800,ILLINOIS COLLEGE                        ,IL,62650-2299,Private      ,32,31,63,2015,240,2255
00168900,ILLINOIS COLLEGE OF OPTOMETRY           ,IL,60616-3878,Private      ,4,35,39,41,705,746
00169100,ILLINOIS INSTITUTE OF TECHNOLOGY        ,IL,60616-0000,Private      ,192,459,651,3804,2788,6592
00169103,CHICAGO KENT COLLEGE OF LAW             ,IL,60661-0000,Private      ,9,148,157,80,1948,2028
00169200,ILLINOIS STATE UNIVERSITY               ,IL,61790-1000,Public       ,1176,602,1778,24416,5312,29728
00169300,NORTHEASTERN ILLINOIS UNIV              ,IL,60625-4699,Public       ,631,1471,2102,8578,8922,17500
00169400,CHICAGO STATE UNIVERSITY                ,IL,60628-1598,Public       ,587,2091,2678,6954,12684,19638
00169600,ILLINOIS WESLEYAN UNIVERSITY            ,IL,61701-0000,Private      ,79,25,104,3539,223,3762
00169800,JOHN MARSHALL LAW SCHOOL                ,IL,60604-0000,Private      ,9,246,255,85,2468,2553
00169900,JOLIET JUNIOR COLLEGE                   ,IL,60431-8938,Public       ,954,1462,2416,7863,7273,15136
00170000,JUDSON UNIVERSITY                       ,IL,60123-1498,Private      ,74,166,240,1201,813,2014
00170100,KASKASKIA COLLEGE                       ,IL,62801-7878,Public       ,353,707,1060,1705,2264,3969
00170300,KENDALL COLLEGE                         ,IL,60622-4278,Proprietary  ,118,368,486,1203,2163,3366
00170400,KNOX COLLEGE                            ,IL,61401-4999,Private      ,43,15,58,2555,155,2710
00170500,ILLINOIS VALLEY COMMUNITY COLLEGE       ,IL,61348-9692,Public       ,179,340,519,1597,1673,3270
00170600,LAKE FOREST COLLEGE                     ,IL,60045-2399,Private      ,64,33,97,2726,246,2972
00170700,LEWIS UNIVERSITY                        ,IL,60446-2200,Private      ,329,711,1040,6048,3827,9875
00170800,LINCOLN CHRISTIAN UNIVERSITY            ,IL,62656-2167,Private      ,41,125,166,471,661,1132
00170900,LINCOLN COLLEGE                         ,IL,62656-1699,Private      ,88,100,188,1323,731,2054
00171000,LOYOLA UNIVERSITY CHICAGO               ,IL,60626-0000,Private      ,686,1448,2134,18252,12319,30571
00171200,LUTHERAN SCHOOL OF THEOL AT CHICAGO     ,IL,60615-0000,Private      ,0,33,33,7,121,128
00171600,MACCORMAC COLLEGE                       ,IL,60602-4405,Private      ,12,64,76,87,261,348
00171700,MACMURRAY COLLEGE                       ,IL,62650-2590,Private      ,49,46,95,988,306,1294
00172100,MCCORMICK THEOLOGICAL SEMINARY          ,IL,60615-5108,Private      ,1,24,25,7,160,167
00172200,MCKENDREE UNIVERSITY                    ,IL,62254-1299,Private      ,103,327,430,1931,1513,3444
00172300,MEADVILLE LOMBARD THEOLOGICAL SCHOOL    ,IL,60637-1602,Private      ,0,5,5,7,77,84
00172400,MILLIKIN UNIVERSITY                     ,IL,62522-2084,Private      ,119,120,239,3389,980,4369
00172500,MONMOUTH COLLEGE                        ,IL,61462-1963,Private      ,29,11,40,2493,230,2723
00172700,MOODY BIBLE INSTITUTE                   ,IL,60610-3214,Private      ,486,553,1039,2416,1948,4364
00172800,MORTON COLLEGE                          ,IL,60804-4398,Public       ,552,587,1139,3006,2279,5285
00173200,NATIONAL UNIV OF HEALTH SCIENCES        ,IL,60148-4583,Private      ,18,105,123,65,925,990
00173300,NATIONAL-LOUIS UNIVERSITY               ,IL,60603-3032,Private      ,65,1316,1381,538,5949,6487
00173400,NORTH CENTRAL COLLEGE                   ,IL,60540-4690,Private      ,148,187,335,4530,1073,5603
00173500,NORTH PARK UNIVERSITY                   ,IL,60625-4895,Private      ,186,389,575,3416,2061,5477
00173600,NORTHERN BAPTIST THEOL SEMINARY         ,IL,60148-0000,Private      ,0,26,26,1,92,93
00173700,NORTHERN ILLINOIS UNIVERSITY            ,IL,60115-2854,Public       ,1391,1598,2989,25444,11223,36667
00173900,NORTHWESTERN UNIV                       ,IL,60208-0001,Private      ,388,1242,1630,21158,10508,31666
00174100,OLIVET NAZARENE UNIVERSITY              ,IL,60914-2271,Private      ,196,558,754,3994,2703,6697
00174200,IL EASTERN COMM COLGS-OLNEY CENTRAL     ,IL,62450-1099,Public       ,50,172,222,595,697,1292
00174500,QUINCY UNIVERSITY                       ,IL,62301-2699,Private      ,35,72,107,1755,698,2453
00174600,ROBERT MORRIS UNIVERSITY ILLINOIS       ,IL,60605-1225,Private      ,410,983,1393,6265,5694,11959
00174700,ROCK VALLEY COLLEGE                     ,IL,61114-5699,Public       ,517,1069,1586,3805,5030,8835
00174800,ROCKFORD COLLEGE                        ,IL,61108-2393,Private      ,98,253,351,1365,1370,2735
00174900,ROOSEVELT UNIVERSITY                    ,IL,60605-1394,Private      ,356,1185,1541,6217,7747,13964
00175000,DOMINICAN UNIVERSITY                    ,IL,60305-1066,Private      ,97,280,377,3787,1860,5647
00175200,SAUK VALLEY COMMUNITY COLLEGE           ,IL,61021-9112,Public       ,163,242,405,1136,1108,2244
00175300,SCHOOL OF ART INSTITUTE OF CHICAGO      ,IL,60603-3013,Private      ,238,268,506,4722,2574,7296
00175600,SHIMER COLLEGE                          ,IL,60616-3893,Private      ,14,16,30,103,75,178
00175700,SOUTHEASTERN ILLINOIS COLLEGE           ,IL,62946-4925,Public       ,112,207,319,767,812,1579
00175800,SOUTHERN ILL UNIV-CARBONDALE            ,IL,62901-0000,Public       ,939,1474,2413,18869,9284,28153
00175900,SOUTHERN ILL UNIV-EDWARDSVILLE          ,IL,62026-1060,Public       ,821,916,1737,14461,6382,20843
00175924,SO IL UNIV-SCHL OF DENTAL MEDICINE      ,IL,62002-0000,Public       ,0,38,38,13,213,226
00176500,UNIVERSITY OF ST MARY OF THE LAKE       ,IL,60060-0000,Private      ,0,7,7,6,18,24
00176700,BENEDICTINE UNIVERSITY                  ,IL,60532-0900,Private      ,206,731,937,4098,4347,8445
00176800,ST XAVIER UNIVERSITY                    ,IL,60655-3199,Private      ,223,678,901,6483,3824,10307
00176900,SOUTH SUBURBAN COLLEGE                  ,IL,60473-9978,Public       ,802,1671,2473,3377,6212,9589
00177100,TRINITY CHRISTIAN COLLEGE               ,IL,60463-0929,Private      ,60,139,199,1415,985,2400
00177200,TRINITY INTERNATIONAL UNIVERSITY        ,IL,60015-1283,Private      ,78,245,323,1000,1105,2105
00177300,TRITON COLLEGE                          ,IL,60171-1995,Public       ,1051,1486,2537,4908,5277,10185
00177400,UNIVERSITY OF CHICAGO                   ,IL,60637-1476,Private      ,560,520,1080,21630,4621,26251
00177401,UNIV OF CHICAGO PRITZKER SCH OF MED     ,IL,60637-0000,Private      ,7,35,42,93,660,753
00177403,"UNIV OF CHICAGO, BOOTH SCH OF BUS       ",IL,60637-0000,Private      ,13,385,398,171,1423,1594
00177405,UNIVERSITY OF CHICAGO GRADUATE          ,IL,60637-0000,Private      ,10,379,389,141,4807,4948
00177500,UNIV OF ILLINOIS @ URBANA-CHAMPAIGN     ,IL,61820-5796,Public       ,1182,797,1979,34008,9369,43377
00177600,UNIV OF ILLINOIS AT CHICAGO             ,IL,60607-0000,Public       ,1357,2274,3631,29198,20793,49991
00177800,VANDERCOOK COLLEGE OF MUSIC             ,IL,60616-3731,Private      ,13,19,32,203,120,323
00177900,IL EASTERN COMM COLGS-WABASH VALLEY     ,IL,62863-2699,Public       ,63,94,157,487,398,885
00178000,WESTERN ILLINOIS UNIVERSITY             ,IL,61455-1390,Public       ,734,762,1496,14102,4978,19080
00178100,WHEATON COLLEGE                         ,IL,60187-5535,Private      ,79,101,180,3002,631,3633
00178300,WORSHAM COLLEGE OF MORTUARY SCIENCE     ,IL,60090-2646,Proprietary  ,6,40,46,74,163,237
00396100,HARPER COLLEGE                          ,IL,60067-7398,Public       ,1065,1334,2399,6016,4973,10989
00456000,GEM CITY COLLEGE                        ,IL,62301-4949,Proprietary  ,5,15,20,20,58,78
00456800,MIDSTATE COLLEGE                        ,IL,61614-3558,Proprietary  ,20,212,232,128,931,1059
00621400,BLESSING RIEMAN COLLEGE OF NURSING      ,IL,62301-0000,Private      ,13,23,36,180,217,397
00621401,BLESSING HOSPITAL - SCHOOL OF MEDICAL LA,IL,62305-7005,Private      ,4,9,13,19,38,57
00621402,BLESSING HOSPITAL - SCHOOL OF RADIOLOGIC,IL,62305-7005,Private      ,3,11,14,31,45,76
00622500,TRINITY COLLEGE OF NURSING AND HEALTH SC,IL,61201-5317,Private      ,9,41,50,132,283,415
00622800,METHODIST MED CTR OF ILL SCH NRSNG      ,IL,61636-0000,Private      ,17,80,97,346,649,995
00624000,ST FRANCIS MED CLG OF NRSG              ,IL,61603-3783,Private      ,13,75,88,399,651,1050
00638500,CHAMBERLAIN COLLEGE OF NURSING          ,IL,60101-0000,Proprietary  ,305,3534,3839,2454,18444,20898
00665600,COLLEGE OF DUPAGE                       ,IL,60137-6599,Public       ,2318,2630,4948,12374,10534,22908
00675300,ILLINOIS CENTRAL COLLEGE                ,IL,61635-0001,Public       ,677,1367,2044,4662,5269,9931
00693100,WAUBONSEE COMMUNITY COLLEGE             ,IL,60554-0000,Public       ,697,952,1649,3826,4224,8050
00711800,PARKLAND COLLEGE                        ,IL,61821-1899,Public       ,697,1019,1716,5021,4035,9056
00711900,REND LAKE COLLEGE                       ,IL,62846-9801,Public       ,191,427,618,1269,1539,2808
00717000,LINCOLN LAND COMMUNITY COLLEGE          ,IL,62794-9256,Public       ,390,900,1290,3064,4262,7326
00726500,CARL SANDBURG COLLEGE                   ,IL,61401-9576,Public       ,128,307,435,1095,1507,2602
00730307,LINCOLN COLLEGE OF TECHNOLOGY - MELROSE ,IL,60160-1605,Proprietary  ,102,140,242,692,608,1300
00750103,VATTEROTT COLLEGE - FAIRVIEW HEIGHTS    ,IL,62208-2029,Proprietary  ,49,176,225,157,598,755
00754900,COYNE AMERICAN INSTITUTE                ,IL,60607-1300,Proprietary  ,82,322,404,426,1292,1718
00764400,LAKE LAND COLLEGE                       ,IL,61938-9366,Public       ,292,522,814,2442,2252,4694
00768400,KISHWAUKEE COLLEGE                      ,IL,60150-9699,Public       ,415,451,866,2492,2271,4763
00769000,KANKAKEE COMMUNITY COLLEGE              ,IL,60901-6505,Public       ,294,674,968,1674,2701,4375
00769100,MCHENRY COUNTY COLLEGE                  ,IL,60012-2761,Public       ,485,554,1039,2594,2440,5034
00769200,MORAINE VALLEY COMMUNITY COLLEGE        ,IL,60465-0937,Public       ,1004,1342,2346,7853,6172,14025
00769300,SHAWNEE COMMUNITY COLLEGE               ,IL,62992-9725,Public       ,151,386,537,715,1014,1729
00769400,COLLEGE OF LAKE COUNTY                  ,IL,60030-1198,Public       ,1303,1742,3045,5146,5507,10653
00793700,MS ROBERTS ACADEMY OF BEAUTY CULT       ,IL,60181-2930,Proprietary  ,7,18,25,17,57,74
00807600,JOHN A LOGAN COLLEGE                    ,IL,62918-2500,Public       ,352,624,976,2077,2518,4595
00809003,EVEREST COLLEGE - BEDFORD PARK          ,IL,60629-5819,Proprietary  ,48,228,276,220,827,1047
00814604,EVEREST UNIVERSITY - EVEREST  COLLEGE   ,IL,60803-4517,Proprietary  ,49,143,192,153,524,677
00825900,EDUCATORS OF BEAUTY                     ,IL,61081-3611,Proprietary  ,18,27,45,61,94,155
00825901,EDUCATORS OF BEAUTY                     ,IL,61104-0000,Proprietary  ,8,36,44,61,121,182
00832800,ALVAREITA'S COLLEGE OF COSMETOLOGY      ,IL,62025-2041,Proprietary  ,11,24,35,57,96,153
00869402,RASMUSSEN COLLEGE - ROCKFORD            ,IL,61108-2513,Proprietary  ,46,301,347,275,1406,1681
00869403,RASMUSSEN COLLEGE - AURORA              ,IL,60506-6219,Proprietary  ,34,147,181,141,675,816
00869404,RASMUSSEN COLLEGE - ROMEOVILLE          ,IL,60446-0000,Proprietary  ,46,176,222,213,814,1027
00869418,RASMUSSEN COLLEGE -  MOKENA             ,IL,60448-0000,Proprietary  ,22,97,119,71,468,539
00888000,MORRISON INSTITUTE OF TECHNOLOGY        ,IL,61270-2959,Private      ,11,6,17,145,34,179
00893800,GRAHAM HOSPITAL SCH OF NURSING          ,IL,61520-2497,Private      ,0,12,12,32,126,158
00893900,CANNELLA SCHOOL OF HAIR DESIGN          ,IL,60406-2130,Proprietary  ,10,27,37,30,91,121
00914500,GOVERNORS STATE UNIVERSITY              ,IL,60466-0975,Public       ,172,1195,1367,1646,7443,9089
00923200,CATHOLIC THEOLOGICAL UNION              ,IL,60615-0000,Private      ,0,15,15,5,74,79
00933300,UNIV OF ILLINOIS AT SPRINGFIELD         ,IL,62703-5407,Public       ,190,694,884,2941,3625,6566
00945918,EMPIRE BEAUTY SCHOOL - HANOVER PARK     ,IL,60133-5421,Proprietary  ,6,14,20,34,68,102
00947500,EDUCATORS OF BEAUTY                     ,IL,61301-2404,Proprietary  ,11,14,25,32,28,60
00959500,CANNELLA SCHOOL OF HAIR DESIGN          ,IL,60617-4303,Proprietary  ,15,36,51,91,194,285
00976700,OLIVE-HARVEY COLLEGE                    ,IL,60628-1696,Public       ,558,1459,2017,2452,5657,8109
00978600,IL EASTERN COMM COLGS-LINCOLN TRAIL     ,IL,62454-5708,Public       ,42,95,137,339,390,729
00980000,RUSH UNIVERSITY                         ,IL,60612-3806,Private      ,31,379,410,451,3571,4022
00989600,OAKTON COMMUNITY COLLEGE                ,IL,60016-1268,Public       ,596,840,1436,4231,3515,7746
00998700,SAINT ANTHONY COLLEGE OF NURSING        ,IL,61108-2468,Private      ,16,60,76,206,483,689
01002000,LEWIS AND CLARK COMMUNITY COLLEGE       ,IL,62035-2466,Public       ,512,782,1294,2383,2809,5192
01050100,LAKEVIEW  COLLEGE OF NURSING            ,IL,61832-3781,Private      ,19,34,53,236,316,552
01069500,TRI-COUNTY BEAUTY ACADEMY               ,IL,62056-2036,Proprietary  ,3,5,8,20,28,48
01071000,CAPITAL AREA SCH OF PRAC NRSG           ,IL,62707-0000,Public       ,15,107,122,113,605,718
01072700,DEVRY UNIVERSITY                        ,IL,60618-5994,Proprietary  ,1794,12770,14564,12618,77029,89647
01083600,PIVOT POINT INTNL CSMTLGY RSRCH CTR     ,IL,60626-0000,Proprietary  ,67,160,227,362,523,885
01087900,RICHLAND COMMUNITY COLLEGE              ,IL,62521-8513,Public       ,209,621,830,1099,2276,3375
01091303,MADISON MEDIA INSTITUTE - ROCKFORD CAREE,IL,61108-3900,Proprietary  ,56,202,258,313,1060,1373
01151002,EVEREST INSTITUTE - EVEREST COLLEGE     ,IL,60542-1610,Proprietary  ,44,151,195,175,525,700
01181000,TAYLOR BUSINESS INSTITUTE               ,IL,60606-5111,Proprietary  ,15,89,104,38,227,265
01185800,EVEREST COLLEGE                         ,IL,60077-1074,Proprietary  ,51,158,209,178,459,637
01185802,EVEREST COLLEGE - BURR RIDGE            ,IL,60527-7826,Proprietary  ,47,86,133,124,307,431
01185803,EVEREST COLLEGE - MELROSE PARK          ,IL,60160-1526,Proprietary  ,58,215,273,237,664,901
01236200,NORTHWESTERN COLLEGE                    ,IL,60630-2298,Proprietary  ,168,565,733,2117,3522,5639
01238500,BLOOMINGTON-NORMAL SCH RADIOGRAPHY      ,IL,61761-4604,Private      ,2,9,11,34,62,96
01258400,ILLINOIS INSTITUTE OF ART (THE)         ,IL,60654-1593,Proprietary  ,722,797,1519,5479,4100,9579
01281300,JOHN WOOD COMMUNITY COLLEGE             ,IL,62305-0401,Public       ,170,315,485,1136,1271,2407
01308700,CAPRI GARFIELD RIDGE SCH OF BTY CLR     ,IL,60629-1613,Proprietary  ,23,50,73,91,212,303
01308800,CAPRI OAK FOREST COLLEGE OF BEAUTY      ,IL,60452-2798,Proprietary  ,36,44,80,130,159,289
02055200,HARRINGTON COLLEGE OF DESIGN            ,IL,60606-3433,Proprietary  ,53,121,174,352,531,883
02068100,ADLER SCH OF PROFESSIONAL PSYCHLGY      ,IL,60601-0000,Private      ,17,172,189,145,1745,1890
02069300,VATTEROTT COLLEGE                       ,IL,62305-5938,Proprietary  ,19,70,89,99,344,443
02073200,TELSHE YESHIVA-CHICAGO                  ,IL,60625-0000,Private      ,7,3,10,33,11,44
02074400,IL EASTERN COMM COLGS-FRONTIER          ,IL,62837-0000,Public       ,25,84,109,187,324,511
02075400,KELLER GRADUATE SCHOOL OF MGMT.         ,IL,60515-5683,Proprietary  ,11,2151,2162,65,14812,14877
02113600,AMERICAN INTERCONTINENTAL UNIVERSITY    ,IL,60192-3713,Proprietary  ,489,7926,8415,1231,22648,23879
02117400,BECK AREA CAREER CENTER                 ,IL,62278-0000,Public       ,8,27,35,27,165,192
02124400,UNIVERSITY OF SPA & COSMETOLOGY ART     ,IL,62704-0000,Proprietary  ,33,46,79,132,198,330
02150600,COSMETOLOGY AND SPA INSTITUTE (THE)     ,IL,60014-4003,Proprietary  ,37,70,107,96,184,280
02155300,THE CHICAGO SCHOOL OF PROF PSYCHOLOGY   ,IL,60610-4705,Private      ,17,945,962,114,5553,5667
02160300,INTERNATIONAL ACAD OF DESIGN & TECH     ,IL,60602-3319,Proprietary  ,47,131,178,364,566,930
02160304,INTERNATIONAL ACADEMY OF DESIGN AND TECH,IL,60173-5160,Proprietary  ,16,75,91,129,237,366
02168600,EAST WEST UNIVERSITY                    ,IL,60605-0000,Private      ,112,292,404,935,1496,2431
02179900,ARGOSY UNIVERSITY                       ,IL,60601-7757,Proprietary  ,1668,12168,13836,8092,34167,42259
02185400,ST AUGUSTINE COLLEGE                    ,IL,60640-0000,Private      ,115,365,480,709,2125,2834
02192400,MR JOHNS SCHOOL OF COSMETOLOGY          ,IL,62521-0000,Proprietary  ,4,44,48,24,106,130
02202600,CANNELLA SCHOOL OF HAIR DESIGN          ,IL,60181-1321,Proprietary  ,1,15,16,14,77,91
02214100,RESURRECTION UNIVERSITY                 ,IL,60302-2519,Private      ,16,103,119,243,867,1110
02228100,MAC DANIEL'S BEAUTY SCHOOL              ,IL,60640-0000,Proprietary  ,8,28,36,52,101,153
02261200,HAIR PROFESSIONALS ACAD COSMETOLOGY     ,IL,60118-0000,Proprietary  ,14,57,71,40,159,199
02261201,HAIR PROFESSIONALS ACADEMY OF COSMETOLOG,IL,60118-9333,Proprietary  ,1,6,7,7,18,25
02262100,HAIR PROFESSIONALS SCH COSMETOLOGY      ,IL,60543-0000,Proprietary  ,13,21,34,33,71,104
02291200,CANNELLA SCHOOL OF HAIR DESIGN          ,IL,60639-0000,Proprietary  ,18,43,61,114,178,292
02295500,CANNELLA SCHOOL OF HAIR DESIGN          ,IL,60120-0000,Proprietary  ,9,12,21,35,78,113
02297500,OEHRLEIN SCHOOL OF COSMETOLOGY          ,IL,61611-0000,Proprietary  ,14,29,43,67,98,165
02312300,LA' JAMES COLLEGE HAIRSTYLING           ,IL,61244-0000,Proprietary  ,6,11,17,23,56,79
02313900,WESTWOOD COLLEGE - O'HARE AIRPORT       ,IL,60631-2801,Proprietary  ,46,167,213,281,694,975
02317300,CONCEPT COLLEGE OF COSMETOLOGY          ,IL,61832-0000,Proprietary  ,20,41,61,58,126,184
02319200,LAKE FOREST GRAD SCHL OF MGMT           ,IL,60045-4824,Private      ,0,99,99,2,249,251
02323300,PROFESSIONAL'S CHOICE HAIR DSN ACAD     ,IL,60435-0000,Proprietary  ,14,27,41,48,110,158
02332200,HAIR PROFESSIONALS CAREER COLLEGE       ,IL,60178-0000,Proprietary  ,11,22,33,28,70,98
02349400,ALVAREITA'S COLLEGE OF COSMETOLOGY      ,IL,62035-0000,Proprietary  ,9,25,34,37,82,119
02349500,CANNELLA SCHOOL OF HAIR DESIGN          ,IL,60632-0000,Proprietary  ,18,55,73,126,246,372
02352200,LE CORDON BLEU COLLEGE OF CULINARY ARTS ,IL,60610-3050,Proprietary  ,142,357,499,857,1580,2437
02498200,G SKIN & BEAUTY INSTITUTE               ,IL,60523-1805,Proprietary  ,36,103,139,101,254,355
02498201,HAIR PROFESSIONALS ACADEMY OF COSMETOLOG,IL,60563-0000,Proprietary  ,4,11,15,21,50,71
02522800,FOX COLLEGE                             ,IL,60453-0000,Proprietary  ,52,81,133,496,525,1021
02527600,LEXINGTON COLLEGE                       ,IL,60607-0000,Private      ,5,25,30,89,96,185
02536700,BELL MAR BEAUTY COLLEGE                 ,IL,60650-0000,Proprietary  ,14,21,35,33,69,102
02556100,ENVIRONMENTAL TECHNICAL INSTITUTE       ,IL,60143-0000,Proprietary  ,38,140,178,84,288,372
02556600,NILES SCHOOL OF COSMETOLOGY             ,IL,60714-0000,Proprietary  ,2,17,19,17,41,58
02573700,INSTITUTE FOR CLINICAL SOCIAL WORK      ,IL,60605-1229,Private      ,4,73,77,49,292,341
02579200,INGALLS MEMORIAL HOSPITAL               ,IL,60426-0000,Private      ,0,0,0,2,20,22
02584900,"FIRST INSTITUTE, INC.                   ",IL,60014-7489,Proprietary  ,37,96,133,101,280,381
02587700,HAIR PROFESSIONALS CAREER COLLEGE       ,IL,60465-1929,Proprietary  ,16,44,60,38,107,145
02622700,KNOWLEDGE SYSTEMS INSTITUTE             ,IL,60076-0000,Private      ,0,0,0,1,8,9
03002000,HAIRMASTERS INST OF COSMETOLOGY         ,IL,61701-5547,Proprietary  ,17,28,45,47,81,128
03027702,PACIFIC COLLEGE OF ORIENTAL MEDICINE - C,IL,60613-4418,Proprietary  ,7,78,85,47,294,341
03065300,TREND SETTERS COLL OF COSMETOLOGY       ,IL,60915-0000,Proprietary  ,61,68,129,176,214,390
03072701,WESTWOOD COLLEGE OF TECHNOLOGY          ,IL,60409-0000,Proprietary  ,35,127,162,187,619,806
03072702,WESTWOOD COLLEGE OF TECHNOLOGY          ,IL,60602-0000,Proprietary  ,65,227,292,360,1090,1450
03078400,CAMEO BEAUTY ACADEMY                    ,IL,60453-3196,Proprietary  ,17,28,45,49,80,129
03079200,WESTWOOD COLLEGE - DUPAGE               ,IL,60517-2321,Proprietary  ,37,112,149,227,592,819
03082900,ROSEL SCHOOL OF COSMETOLOGY             ,IL,60659-1913,Proprietary  ,9,22,31,52,104,156
03083800,HEARTLAND COMMUNITY COLLEGE             ,IL,61761-9446,Public       ,360,498,858,2538,2338,4876
03098000,ST JOHN'S COLLEGE OF NURSING            ,IL,62702-5321,Private      ,16,44,60,202,275,477
03098002,ST JOHN'S HOSP SCH MED TECH             ,IL,62769-5324,Private      ,6,24,30,34,109,143
03099700,CAIN'S BARBER COLLEGE                   ,IL,60615-3510,Proprietary  ,39,113,152,151,407,558
03099800,ILLINOIS SCHOOL OF HEALTH CAREERS       ,IL,60604-0000,Proprietary  ,115,368,483,499,1304,1803
03101800,ILLINOIS CENTER FOR BROADCASTING        ,IL,60148-7015,Proprietary  ,46,123,169,149,335,484
03128500,NATIONAL LATINO EDUCATION INSTITUTE     ,IL,60609-2205,Private      ,12,33,45,68,128,196
03199300,CHRISTIAN LIFE COLLEGE                  ,IL,60056-2522,Private      ,4,5,9,22,21,43
03368300,MIDWEST TECHNICAL INSTITUTE             ,IL,62707-8805,Proprietary  ,332,1078,1410,869,2655,3524
03416300,COMPUTER SYSTEMS INSTITUTE              ,IL,60077-0000,Proprietary  ,93,452,545,296,1059,1355
03448300,BUSINESS INDUSTRIAL RESOURCES           ,IL,60659-1298,Proprietary  ,111,1016,1127,360,3208,3568
03455700,CORTIVA INSTITUTE - CHICAGO             ,IL,60602-3315,Proprietary  ,58,137,195,187,395,582
03455701,CORTIVA INSTITUTE - CHICAGO             ,IL,60014-6285,Proprietary  ,4,9,13,15,42,57
03490301,PAUL MITCHELL THE SCHOOL CHICAGO        ,IL,60607-0000,Proprietary  ,108,134,242,239,323,562
03510300,ERIKSON INSTITUTE                       ,IL,60654-4510,Private      ,1,32,33,8,341,349
03643300,"MR. JOHN'S SCHOOL OF JACKSONVILLE,  INC,",IL,62650-3488,Proprietary  ,10,10,20,24,34,58
03655300,ILLINOIS CAREERPATH INSTITUTE           ,IL,60610-4705,Private      ,9,52,61,43,157,200
03684300,NORTHSHORE UNIVERSITY HEALTHSYSTEM SCHOO,IL,60201-9872,Private      ,0,12,12,9,52,61
03881400,EUROPEAN MASSAGE THERAPY SCHOOL         ,IL,60077-2269,Proprietary  ,5,37,42,18,125,143
03891300,SOMA INSTITUTE - THE NATIONAL SCHOOL OF ,IL,60604-4466,Proprietary  ,21,78,99,55,162,217
03914300,"CALC, INSTITUTE OF TECHNOLOGY           ",IL,62002-5931,Proprietary  ,16,60,76,49,204,253
04117500,SOLEX MEDICAL ACADEMY                   ,IL,60090-3104,Proprietary  ,2,15,17,6,36,42
04117600,LARRY'S BARBER COLLEGE                  ,IL,60628-2322,Proprietary  ,31,125,156,161,481,642
04118400,ZAREM /GOLDE ORT TECHNICAL INSTITUTE    ,IL,60077-3210,Private      ,8,81,89,26,196,222
04124700,AMERICARE INSTITUTE                     ,IL,60133-5456,Proprietary  ,21,104,125,67,403,470
04136900,UNIVERSITY OF AESTHETICS (THE)          ,IL,60622-2151,Proprietary  ,2,22,24,21,81,102
04137000,UNIVERSITY OF AESTHETICS (THE)          ,IL,60515-5602,Proprietary  ,4,13,17,17,39,56
04137500,TRICOCI UNIVERSITY OF BEAUTY CULTURE    ,IL,60656-1805,Proprietary  ,39,69,108,273,349,622
04139000,MIDWESTERN CAREER COLLEGE               ,IL,60606-3103,Proprietary  ,18,156,174,106,639,745
04141000,AVEDA INSTITUTE CHICAGO                 ,IL,60647-0000,Proprietary  ,39,85,124,248,404,652
04147100,TRICOCI UNIVERSITY OF BEAUTY CULTURE    ,IL,60048-2906,Proprietary  ,23,28,51,102,104,206
04147200,TRICOCI UNIVERSITY OF BEAUTY CULTURE    ,IL,60455-1824,Proprietary  ,21,37,58,109,164,273
04147300,TRICOCI UNIVERSITY OF BEAUTY CULTURE    ,IL,60139-3119,Proprietary  ,30,31,61,125,126,251
04147400,TRICOCI UNIVERSITY OF BEAUTY CULTURE    ,IL,61614-4831,Proprietary  ,16,28,44,77,138,215
04147500,TRICOCI UNIVERSITY OF BEAUTY CULTURE    ,IL,61108-2337,Proprietary  ,23,49,72,105,181,286
04160600,PAUL MITCHELL THE SCHOOL NORMAL         ,IL,61761-0000,Proprietary  ,28,38,66,168,160,328
04167800,INNOVATIONS DESIGN ACADEMY              ,IL,61520-2625,Proprietary  ,10,18,28,26,69,95
04168500,SOLEX COLLEGE                           ,IL,60090-3192,Proprietary  ,10,123,133,17,176,193
04170800,UNITY COSMETOLOGY COLLEGE               ,IL,61764-9652,Proprietary  ,3,22,25,23,51,74
04171600,SALON PROFESSIONAL ACADEMY OF ELGIN (THE,IL,60123-2319,Proprietary  ,8,30,38,24,64,88
04172200,NORTHWESTERN INSTITUTE OF HEALTH AND TEC,IL,60640-4785,Private      ,9,27,36,219,604,823
04174900,SKIN CARE AND SPA INSTITUTE             ,IL,60077-2200,Proprietary  ,5,29,34,14,108,122
04175000,UNIVERSAL SPA TRAINING ACADEMY          ,IL,60515-0000,Proprietary  ,9,50,59,23,97,120
04175800,J RENEE CAREER FACILITATION             ,IL,60014-7986,Proprietary  ,3,26,29,16,107,123
04179100,PCCTI  IT & HEALTHCARE                  ,IL,60523-0000,Proprietary  ,8,98,106,38,445,483
04179101,PCCTI  IT & HEALTHCARE -                ,IL,60606-0000,Proprietary  ,5,48,53,27,213,240
04186000,CHICAGO SCHOOL FOR PIANO TECHNOLOGY (THE,IL,60612-1630,Private      ,2,10,12,17,53,70
04187400,COSMETOLOGY CONCEPTS                    ,IL,60452-2501,Proprietary  ,32,79,111,108,225,333
04189200,SALON PROFESSIONAL ACADEMY (THE)        ,IL,60404-8789,Proprietary  ,14,17,31,32,76,108
04189400,SHEAR LEARNING ACADEMY OF COSMETOLOGY   ,IL,62523-1208,Proprietary  ,4,10,14,25,41,66
04189600,STATE CAREER SCHOOL                     ,IL,60085-5129,Proprietary  ,15,69,84,50,152,202
04192000,CURVE METRIC SCHOOL OF HAIR DESIGN      ,IL,60707-1118,Proprietary  ,4,13,17,12,30,42
04195600,TRIBECA FLASHPOINT MEDIA ARTS ACADEMY   ,IL,60602-2716,Proprietary  ,97,90,187,302,208,510
04224400,NETWORKS BARBER COLLEGE                 ,IL,60409-3401,Proprietary  ,1,17,18,1,17,18
04224500,TRENZ BEAUTY ACADEMY                    ,IL,60409-0000,Proprietary  ,5,26,31,5,26,31
00195100,ALICE LLOYD COLLEGE                     ,KY,41844-9703,Private      ,46,25,71,1288,261,1549
00195200,ASBURY COLLEGE                          ,KY,40390-1198,Private      ,78,136,214,1749,733,2482
00195300,ASBURY THEOLOGICAL SEMINARY             ,KY,40390-0000,Private      ,0,142,142,33,1372,1405
00195400,BELLARMINE UNIVERSITY                   ,KY,40205-1877,Private      ,192,372,564,5215,2199,7414
00195500,BEREA COLLEGE                           ,KY,40403-0000,Private      ,99,89,188,3219,915,4134
00195800,BRESCIA UNIVERSITY                      ,KY,42301-3023,Private      ,59,180,239,1111,948,2059
00195900,CAMPBELLSVILLE UNIVERSITY               ,KY,42718-2799,Private      ,131,339,470,2917,1790,4707
00196000,SPALDING UNIVERSITY                     ,KY,40203-2188,Private      ,108,488,596,1494,3126,4620
00196100,CENTRE COLLEGE                          ,KY,40422-1394,Private      ,72,27,99,2656,146,2802
00196200,UNIVERSITY OF THE CUMBERLANDS           ,KY,40769-1372,Private      ,97,665,762,2839,3096,5935
00196300,EASTERN KENTUCKY UNIVERSITY             ,KY,40475-3102,Public       ,1134,1962,3096,13957,10565,24522
00196400,GEORGETOWN COLLEGE                      ,KY,40324-1628,Private      ,89,208,297,2224,736,2960
00196500,KENTUCKY CHRISTIAN UNIVERSITY           ,KY,41143-2205,Private      ,72,56,128,880,251,1131
00196800,KENTUCKY STATE UNIVERSITY               ,KY,40601-2355,Public       ,277,387,664,3728,2153,5881
00196900,KENTUCKY WESLEYAN COLLEGE               ,KY,42301-6057,Private      ,88,61,149,1277,412,1689
00197100,LEXINGTON THEOLOGICAL SEMINARY          ,KY,40508-0000,Private      ,0,23,23,8,109,117
00197200,LINDSEY WILSON COLLEGE                  ,KY,42728-1223,Private      ,80,275,355,3182,1842,5024
00197400,LOUISVILLE PRESBYTERIAN THEOL SEM       ,KY,40205-0000,Private      ,0,34,34,8,200,208
00197500,MIDWAY COLLEGE                          ,KY,40347-1120,Private      ,51,278,329,659,1886,2545
00197600,MOREHEAD STATE UNIVERSITY               ,KY,40351-1689,Public       ,654,1099,1753,8797,5400,14197
00197700,MURRAY STATE UNIVERSITY                 ,KY,42071-0009,Public       ,620,781,1401,8438,4485,12923
00197900,WEST KENTUCKY CMNTY & TECHNICAL COLG    ,KY,42002-7380,Public       ,300,856,1156,2161,4345,6506
00198000,UNIVERSITY OF PIKEVILLE                 ,KY,41501-1194,Private      ,134,166,300,2419,1412,3831
00198300,ST. CATHARINE COLLEGE                   ,KY,40061-9499,Private      ,52,79,131,797,464,1261
00198700,TRANSYLVANIA UNIVERSITY                 ,KY,40508-1797,Private      ,60,51,111,2123,315,2438
00198800,UNION COLLEGE                           ,KY,40906-1499,Private      ,55,240,295,1410,853,2263
00198900,UNIVERSITY OF KENTUCKY                  ,KY,40506-0054,Public       ,1606,1500,3106,25103,10580,35683
00198901,UNIV OF KY-COLLEGE OF DENTISTRY         ,KY,40536-0000,Public       ,3,14,17,48,292,340
00198902,UNIV OF KY-COLLEGE OF MEDICINE          ,KY,40536-0000,Public       ,8,36,44,146,625,771
00199000,ASHLAND COMMUNITY AND TECHNICAL COLLEGE ,KY,41101-3683,Public       ,358,874,1232,1527,2947,4474
00199100,ELIZABETHTOWN COMMUNITY  AND TECHNICAL C,KY,42701-3081,Public       ,486,1396,1882,2667,5558,8225
00199300,HENDERSON COMMUNITY COLLEGE             ,KY,42420-4699,Public       ,110,354,464,601,1489,2090
00199400,HOPKINSVILLE COMMUNITY COLLEGE          ,KY,42241-2621,Public       ,216,1109,1325,1121,3934,5055
00199600,BIG SANDY COMMUNITY AND TECHNICAL COLG  ,KY,41653-1815,Public       ,353,744,1097,2193,3043,5236
00199700,SOMERSET COMMUNITY COLLEGE              ,KY,42501-2973,Public       ,518,1554,2072,3224,6954,10178
00199800,SOUTHEAST KENTUCKY COMMUNITY AND TECHNIC,KY,40823-1099,Public       ,338,736,1074,1407,2291,3698
00199900,UNIVERSITY OF LOUISVILLE                ,KY,40292-0000,Public       ,1164,1883,3047,17177,13650,30827
00200100,THOMAS MORE COLLEGE                     ,KY,41017-3495,Private      ,76,157,233,1568,720,2288
00200200,WESTERN KENTUCKY UNIVERSITY             ,KY,42101-3576,Public       ,1721,1914,3635,17071,10097,27168
00461800,SPENCERIAN COLLEGE                      ,KY,40216-2605,Proprietary  ,91,386,477,638,1643,2281
00461900,SULLIVAN UNIVERSITY                     ,KY,40205-3000,Proprietary  ,241,1289,1530,2101,5995,8096
00493402,DAYMAR COLLEGE - BOWLING GREEN          ,KY,42101-4063,Proprietary  ,24,114,138,131,461,592
00493403,DAYMAR COLLEGE - CLINTON                ,KY,42031-9998,Proprietary  ,0,6,6,1,37,38
00493406,DAYMAR COLLEGE - RUSSELLVILLE           ,KY,42276-1622,Proprietary  ,4,21,25,20,103,123
00524400,BLUEGRASS COMMUNITY & TECHNICAL COLLEGE ,KY,40506-0235,Public       ,1010,2265,3275,6099,10350,16449
00527100,BOWLING GREEN TECHNICAL COLLEGE         ,KY,42101-3601,Public       ,330,898,1228,1943,3864,5807
00527300,GATEWAY COMMUNITY & TECHNOLOGY COLL     ,KY,41011-0000,Public       ,384,1139,1523,1562,4203,5765
00696000,MAYSVILLE CMNTY & TECHNCL COLG          ,KY,41056-8910,Public       ,251,879,1130,1343,3138,4481
00696100,JEFFERSON COMMUNITY AND TECHNICAL COLLEG,KY,40202-2005,Public       ,1193,2662,3855,7108,14101,21209
00696200,HAZARD COMMUNITY COLLEGE                ,KY,41701-2402,Public       ,219,633,852,1510,2556,4066
00696203,KY TECH-KNOTT CO. TECHNOLOGY CTR        ,KY,41822-0000,Public       ,1,2,3,11,18,29
00696204,KY TECH-LESLIE COUNTY AREA TECH CTR     ,KY,41749-0000,Public       ,1,6,7,6,20,26
00696205,KY TECH-LEE COUNTY AREA TECH CTR        ,KY,41311-0000,Public       ,0,4,4,5,16,21
00696206,KY TECH-LETCHER CNTY AREA TECH CTR      ,KY,41858-0000,Public       ,6,24,30,30,73,103
00696207,KY TECH-BREATHITT COUNTY VOC ED CTR     ,KY,41339-0000,Public       ,5,19,24,36,74,110
00736205,MEDTECH COLLEGE - LEXINGTON             ,KY,40511-1200,Proprietary  ,28,171,199,128,690,818
00757303,EMPIRE BEAUTY SCHOOL - HURSTBOURNE      ,KY,40291-1931,Proprietary  ,19,50,69,119,344,463
00757305,EMPIRE BEAUTY SCHOOL - DIXIE            ,KY,40216-4212,Proprietary  ,16,26,42,72,182,254
00842500,DAYMAR COLLEGE                          ,KY,42001-0000,Proprietary  ,6,64,70,48,298,346
00901000,MADISONVILLE COMMUNITY COLLEGE          ,KY,42431-9199,Public       ,213,574,787,1178,2366,3544
00927500,NORTHERN KENTUCKY UNIVERSITY            ,KY,41099-0001,Public       ,1068,1409,2477,11092,7788,18880
00931300,DAYMAR COLLEGE                          ,KY,42301-5830,Proprietary  ,24,277,301,132,1325,1457
00931302,DAYMAR COLLEGE - LOUISVILLE             ,KY,40219-1973,Proprietary  ,20,136,156,119,580,699
00931304,DAYMAR COLLEGE - ALBANY                 ,KY,42602-1235,Proprietary  ,2,3,5,6,13,19
00931305,DAYMAR COLLEGE - BELLEVUE               ,KY,41073-2416,Proprietary  ,3,18,21,20,73,93
00931308,DAYMAR COLLEGE -  SCOTTSVILLE           ,KY,42164-1505,Proprietary  ,2,21,23,9,58,67
00931309,DAYMAR COLLEGE - LOUISVILLE EAST        ,KY,40245-1629,Proprietary  ,13,71,84,51,269,320
00931310,DAYMAR COLLEGE -  MADISONVILLE          ,KY,42431-0000,Proprietary  ,5,35,40,20,152,172
00945913,EMPIRE BEAUTY SCHOOL - FLORENCE         ,KY,41042-5113,Proprietary  ,18,30,48,81,204,285
01042400,SALON PROFESSIONAL ACADEMY THE          ,KY,40502-0000,Proprietary  ,33,85,118,124,311,435
01048901,NATIONAL COLLEGE - FLORENCE CAMPUS      ,KY,41042-1812,Proprietary  ,4,72,76,30,305,335
01048902,NATIONAL COLLEGE - PIKEVILLE CAMPUS     ,KY,41501-1518,Proprietary  ,24,108,132,172,498,670
01048903,NATIONAL COLLEGE - DANVILLE CAMPUS      ,KY,40422-1517,Proprietary  ,7,84,91,59,341,400
01048904,NATIONAL COLLEGE - RICHMOND CAMPUS      ,KY,40475-2309,Proprietary  ,9,72,81,64,428,492
01048906,NATIONAL COLLEGE - LOUISVILLE CAMPUS    ,KY,40216-4147,Proprietary  ,17,199,216,107,850,957
01048907,NATIONAL COLLEGE - LEXINGTON CAMPUS     ,KY,40509-2256,Proprietary  ,18,148,166,108,794,902
01054210,EMPIRE BEAUTY SCHOOL - CHENOWETH        ,KY,40207-2695,Proprietary  ,11,24,35,69,151,220
01172500,COLLINS SCHOOL OF COSMETOLOGY           ,KY,40965-2809,Proprietary  ,5,29,34,28,77,105
01208800,SULLIVAN COLLEGE OF TECHNOLOGY AND DESIG,KY,40218-4528,Proprietary  ,75,210,285,546,873,1419
01212801,SOUTHWESTERN COLLEGE                    ,KY,41042-1466,Proprietary  ,3,37,40,72,272,344
01260609,EMPIRE BEAUTY SCHOOL - HIGHLAND         ,KY,40204-1317,Proprietary  ,8,26,34,60,170,230
01272300,KY TECH-WAYNE COUNTY AREA TECH CTR      ,KY,42633-1088,Public       ,0,1,1,2,6,8
01291700,EMPIRE BEAUTY SCHOOL                    ,KY,42701-2949,Proprietary  ,9,29,38,75,175,250
02159100,"APPALACHIAN BEAUTY SCHOOL, INC.         ",KY,41503-0000,Proprietary  ,4,11,15,36,52,88
02251500,TREND SETTERS ACAD OF BEAUTY CULT       ,KY,40258-0000,Proprietary  ,23,75,98,62,222,284
02275000,JENNY LEA ACADEMY OF COSMETOLOGY        ,KY,40831-0000,Proprietary  ,19,77,96,80,255,335
02284306,INTERACTIVE LEARNING SYSTEMS            ,KY,41042-0000,Proprietary  ,4,22,26,14,72,86
02323700,PAT WILSON'S BEAUTY COLLEGE             ,KY,42420-0000,Proprietary  ,4,25,29,13,82,95
02337200,PJ'S COLLEGE OF COSMETOLOGY             ,KY,42101-0000,Proprietary  ,25,147,172,113,450,563
02340800,PAUL MITCHELL THE SCHOOL LEXINGTON      ,KY,40514-1545,Proprietary  ,51,78,129,213,340,553
02351700,PAUL MITCHELL THE SCHOOL - LOUISVILLE   ,KY,40222-0000,Proprietary  ,50,86,136,211,333,544
02491100,BECKFIELD COLLEGE                       ,KY,41042-0000,Proprietary  ,84,616,700,277,2155,2432
02518900,BARRETT & COMPANY SCH HAIR DESIGN       ,KY,40356-0000,Proprietary  ,12,50,62,42,165,207
02526100,JENNY LEA ACADEMY OF COSMETOLOGY        ,KY,41858-0000,Proprietary  ,4,16,20,25,59,84
02535600,CLEAR CREEK BAPTIST BIBLE COLLEGE       ,KY,40977-0000,Private      ,11,38,49,44,131,175
02551100,PJ'S COLLEGE OF COSMETOLOGY             ,KY,42141-2434,Proprietary  ,11,36,47,32,98,130
02560800,SOUTHEAST SCHOOL OF COSMETOLOGY         ,KY,40962-0000,Proprietary  ,3,31,34,16,79,95
02576200,MID-CONTINENT UNIVERSITY                ,KY,42066-9007,Private      ,36,412,448,447,3526,3973
03002100,KENTUCKY MOUNTAIN BIBLE COLLEGE         ,KY,41385-0010,Private      ,12,9,21,52,38,90
03007000,FRONTIER SCH OF MIDWIFERY&FAMILY NU     ,KY,41749-0000,Private      ,0,386,386,10,1670,1680
03026200,HEAD'S WEST KENTUCKY BEAUTY COLLEGE     ,KY,42431-0000,Proprietary  ,3,21,24,21,77,98
03029200,NU-TEK ACADEMY OF BEAUTY                ,KY,40353-9767,Proprietary  ,4,12,16,22,56,78
03034500,OWENSBORO COMMUNITY & TECHNICAL COLLEGE ,KY,42303-1899,Public       ,291,755,1046,1757,3029,4786
03083700,GALEN HEALTH INSTITUTES                 ,KY,40207-1047,Proprietary  ,179,1128,1307,873,5348,6221
03103500,MR JIM'S BEAUTY COLLEGE                 ,KY,42301-2646,Proprietary  ,0,0,0,20,40,60
03516500,EZELL'S COSMETOLOGY SCHOOL              ,KY,42071-2530,Proprietary  ,5,18,23,33,83,116
03611300,BRIGHTON CENTER'S CENTER FOR EMPLOY     ,KY,41071-1968,Private      ,2,43,45,8,75,83
03804300,BELLEFONTE ACADEMY OF BEAUTY            ,KY,41169-2015,Proprietary  ,15,62,77,26,162,188
03885300,EMPLOYMENT SOLUTIONS                    ,KY,40517-3260,Private      ,24,114,138,75,404,479
03886300,REGENCY SCHOOL OF HAIR DESIGN           ,KY,41653-1278,Proprietary  ,4,30,34,24,91,115
04038300,ATA CAREER EDUCATION                    ,KY,40223-3832,Proprietary  ,66,291,357,224,1015,1239
04051316,ART INSTITUTE OF PHOENIX (THE) - ATS - (,KY,41017-2136,Proprietary  ,30,113,143,124,566,690
04051319,ART INSTITUTE OF PHOENIX (THE) - BROWN M,KY,40219-1916,Proprietary  ,22,103,125,186,628,814
04051320,ART INSTITUTE OF PHOENIX (THE) - BROWN M,KY,42240-3579,Proprietary  ,1,41,42,49,217,266
04123900,LEXINGTON HEALING ARTS ACADEMY          ,KY,40503-1932,Proprietary  ,18,55,73,63,178,241
04177600,LINDSEY INSTITUTE OF COSMETOLOGY        ,KY,42103-8036,Proprietary  ,17,35,52,75,128,203
04177700,TRI-STATE INSTITUTE OF HAIR DESIGN      ,KY,40744-5234,Proprietary  ,9,31,40,33,96,129
04178000,SIMMONS COLLEGE OF KENTUCKY             ,KY,40203-3322,Private      ,12,62,74,38,174,212
00200300,CENTENARY COLLEGE OF LOUISIANA          ,LA,71104-3396,Private      ,89,94,183,956,336,1292
00200400,DILLARD UNIVERSITY                      ,LA,70122-3097,Private      ,305,351,656,2676,1407,4083
00200500,NICHOLLS STATE UNIVERSITY               ,LA,70310-0001,Public       ,562,640,1202,6200,3009,9209
00200600,GRAMBLING STATE UNIVERSITY              ,LA,71245-2215,Public       ,997,1182,2179,6221,4250,10471
00200700,LOUISIANA COLLEGE                       ,LA,71359-0000,Private      ,154,228,382,1350,768,2118
00200800,LOUISIANA TECH UNIVERSITY               ,LA,71272-0001,Public       ,897,813,1710,7935,3266,11201
00201000,LOUISIANA STATE UNIV & A&M COLG         ,LA,70803-5710,Public       ,3137,1799,4936,27354,9145,36499
00201100,LOUISIANA STATE UNIV-ALEXANDRIA         ,LA,71302-9121,Public       ,288,460,748,1987,1966,3953
00201200,LOUISIANA STATE UNIV-EUNICE             ,LA,70535-6726,Public       ,254,338,592,2232,1822,4054
00201300,LOUISIANA STATE UNIV-SHREVEPORT         ,LA,71115-2399,Public       ,556,1066,1622,3104,3779,6883
00201400,LA STATE UNIV HEALTH SCIENCES CTR       ,LA,70112-2223,Public       ,103,337,440,711,2655,3366
00201500,(THE) UNIVERSITY OF NEW ORLEANS         ,LA,70148-0001,Public       ,1225,1863,3088,7288,7458,14746
00201600,LOYOLA UNIVERSITY NEW ORLEANS           ,LA,70118-6195,Private      ,419,719,1138,5277,3179,8456
00201700,MCNEESE STATE UNIVERSITY                ,LA,70609-4510,Public       ,864,917,1781,5846,3935,9781
00201900,NEW ORLEANS BAPTIST THEOL SEMINARY      ,LA,70126-0000,Private      ,13,87,100,57,276,333
00202000,UNIVERSITY OF LOUISIANA AT MONROE       ,LA,71209-9001,Public       ,738,1007,1745,7267,4939,12206
00202100,NORTHWESTERN STATE UNIVERSITY           ,LA,71497-0001,Public       ,917,1572,2489,6310,5877,12187
00202200,NOTRE DAME SEMINARY                     ,LA,70118-0000,Private      ,3,9,12,17,37,54
00202300,OUR LADY OF HOLY CROSS COLLEGE          ,LA,70131-7399,Private      ,120,410,530,632,1429,2061
00202400,SOUTHEASTERN LOUISIANA UNIV             ,LA,70402-0001,Public       ,2015,1565,3580,11938,5850,17788
00202500,SOUTHERN UNIVERSITY A & M COLLEGE       ,LA,70813-9374,Public       ,1315,1900,3215,8005,7207,15212
00202600,SOUTHERN UNIV NEW ORLEANS               ,LA,70126-0002,Public       ,628,1532,2160,2557,4905,7462
00202700,ST JOSEPH SEMINARY COLLEGE              ,LA,70457-9990,Private      ,24,9,33,53,18,71
00202900,TULANE UNIVERSITY                       ,LA,70118-5698,Private      ,595,1059,1654,12133,7625,19758
00203100,UNIV OF LOUISIANA AT LAFAYETTE          ,LA,70504-0001,Public       ,1871,1450,3321,14761,6431,21192
00203200,XAVIER UNIVERSITY OF LOUISIANA          ,LA,70125-1098,Private      ,520,425,945,5101,2094,7195
00462100,AYERS CAREER COLLEGE                    ,LA,71108-5845,Proprietary  ,33,181,214,81,461,542
00462500,DELGADO COMMUNITY COLLEGE               ,LA,70119-0000,Public       ,2671,5229,7900,8919,17584,26503
00546700,SOWELA TECHNICAL COMMUNITY COLLEGE      ,LA,70616-6950,Public       ,419,711,1130,1494,2078,3572
00546702,SOWELA TECHNICAL COMMUNITY COLLEGE - MOR,LA,70546-1327,Public       ,18,36,54,83,134,217
00547100,NORTHEAST LOUISIANA TECHNICAL COLLEGE   ,LA,71292-9064,Public       ,49,229,278,282,719,1001
00547101,NORTHEAST LOUISIANA TECHNICAL COLLEGE   ,LA,71241-0000,Public       ,4,5,9,9,14,23
00547102,NORTHEAST LOUISIANA TECHNICAL COLLEGE   ,LA,71270-0000,Public       ,36,100,136,161,328,489
00547103,NORTHEAST LOUISIANA TECHNICAL COLLEGE   ,LA,71295-0000,Public       ,25,55,80,77,182,259
00547104,NORTHEAST LOUISIANA TECHNICAL COLLEGE   ,LA,71220-0000,Public       ,16,39,55,61,154,215
00548800,LOUISIANA TECH COLG-BATON ROUGE         ,LA,70807-0000,Public       ,187,497,684,611,1275,1886
00548812,LOUISIANA TECH COLG-FOLKES CAMPUS       ,LA,70748-0000,Public       ,20,26,46,31,60,91
00548817,LOUISIANA TEC CLG-JUMONVILLE MEM CP     ,LA,70760-0000,Public       ,15,22,37,32,57,89
00548842,LOUISIANA TECHNICAL COLLEGE - WESTSIDE C,LA,70765-0733,Public       ,16,33,49,36,92,128
00548900,CENTRAL LOUISIANA TECHNICAL COLLEGE     ,LA,71302-3137,Public       ,81,239,320,234,591,825
00548901,CENTRAL LOUISIANA TECHNICAL COLLEGE     ,LA,71327-3743,Public       ,30,74,104,75,155,230
00548902,CENTRAL LOUISIANA TECHNICAL COLLEGE     ,LA,71483-3563,Public       ,51,67,118,118,224,342
00548903,CENTRAL LOUISIANA TECHNICAL COLLEGE     ,LA,71302-6511,Public       ,28,105,133,86,310,396
00548904,CENTRAL LOUISIANA TECHNICAL COLLEGE     ,LA,71463-3536,Public       ,21,49,70,75,102,177
00548905,CENTRAL LOUISIANA TECHNICAL COLLEGE     ,LA,71334-2232,Public       ,44,97,141,91,228,319
00552600,SOUTH CENTRAL LOUISIANA TECHNICAL COLG  ,LA,70381-2148,Public       ,51,127,178,125,337,462
00552602,SOUTH CENTRAL LOUISIANA TECHNICAL COLG  ,LA,70302-4336,Public       ,36,66,102,112,219,331
00552603,SOUTH CENTRAL LOUISIANA TECHNICAL COLG  ,LA,70084-6632,Public       ,162,247,409,380,551,931
00576100,L. E. FLETCHER TECHNICAL COMMUNITY COLLE,LA,70360-2863,Public       ,304,391,695,1170,1408,2578
00675600,NORTHSHORE TECHNICAL COLLEGE            ,LA,70427-5866,Public       ,128,254,382,296,650,946
00675603,NORTHSHORE TECHNICAL COLLEGE - HAMMOND  ,LA,70401-0000,Public       ,212,321,533,543,899,1442
00675604,NORTHSHORE TECHNICAL COLLEGE - FLORIDA  ,LA,70441-0000,Public       ,52,112,164,194,268,462
00768600,SOUTHERN UNIV AT SHREVEPORT/BOSSIER     ,LA,71107-4795,Public       ,590,1332,1922,1777,3408,5185
00806700,LSU HEALTH SCIENCES CENTR-SHREVEPOR     ,LA,71130-3932,Public       ,47,142,189,332,1127,1459
00989800,DEMMON SCHOOL OF BEAUTY                 ,LA,70607-2128,Proprietary  ,5,41,46,29,109,138
00997500,NORTHWEST LOUISIANA TECHNICAL COLLEGE   ,LA,71055-2422,Public       ,84,213,297,205,486,691
00997503,NORTHWEST LOUISIANA TECHNICAL COLLEGE   ,LA,71137-8527,Public       ,113,487,600,323,1149,1472
00997504,NORTHWEST LOUISIANA TECHNICAL COLLEGE   ,LA,71052-1236,Public       ,18,57,75,63,152,215
00997505,NORTHWEST LOUISIANA TECHNICAL COLLEGE   ,LA,71449-0790,Public       ,18,57,75,29,114,143
00997506,NORTHWEST LOUISIANA TECHNICAL COLLEGE   ,LA,71458-0657,Public       ,55,161,216,189,358,547
01005701,AMERICAN COMMERCIAL COLLEGE             ,LA,71105-2502,Proprietary  ,0,0,0,6,22,28
01109700,CLOYD'S BEAUTY SCHOOL #1                ,LA,71291-3131,Proprietary  ,5,29,34,38,106,144
01163100,"D-JAY'S SCHL OF BEAUTY, ARTS & SCI      ",LA,70806-0000,Proprietary  ,19,53,72,64,163,227
01184100,JOHN JAY BEAUTY COLLEGE                 ,LA,70124-2592,Proprietary  ,37,86,123,126,254,380
01282300,PAT GOINS RUSTON BEAUTY SCHOOL          ,LA,71270-4301,Proprietary  ,13,23,36,27,51,78
01287900,PAT GOINS BENTON ROAD BEAUTY SCHOOL     ,LA,71111-4838,Proprietary  ,10,51,61,23,97,120
01288000,PAT GOINS BEAUTY SCHOOL                 ,LA,71201-5167,Proprietary  ,8,23,31,32,69,101
02055400,BOSSIER PARISH COMMUNITY COLLEGE        ,LA,71111-0000,Public       ,1228,2170,3398,3702,6335,10037
02055500,DELTA SCH OF BUSINESS & TECHNOLOGY      ,LA,70601-0000,Proprietary  ,40,135,175,119,390,509
02117800,AVEDA INSTITUTE LAFAYETTE               ,LA,70503-3246,Proprietary  ,40,62,102,170,194,364
02166100,NUNEZ COMMUNITY COLLEGE                 ,LA,70043-0000,Public       ,327,805,1132,776,1925,2701
02166200,ITI TECHNICAL COLLEGE                   ,LA,70817-0000,Proprietary  ,136,316,452,490,861,1351
02197500,BATON ROUGE SCHOOL OF COMPUTERS         ,LA,70809-8188,Proprietary  ,18,50,68,58,154,212
02214800,ACADIANA TECHNICAL COLLEGE              ,LA,70506-4109,Public       ,82,196,278,449,891,1340
02214802,ACADIANA TECHNICAL COLLEGE - ACADIAN    ,LA,70526-4109,Public       ,17,51,68,89,204,293
02214803,ACADIANA TECHNICAL COLLEGE - C.B. COREIL,LA,70586-0000,Public       ,22,39,61,84,147,231
02214804,ACADIANA TECHNICAL COLLEGE - EVANGELINE ,LA,70582-0000,Public       ,13,48,61,37,150,187
02214805,ACADIANA TECHNICAL COLLEGE - GULF AREA  ,LA,70510-0000,Public       ,28,57,85,121,249,370
02214806,ACADIANA TECHNICAL COLLEGE - T.H. HARRIS,LA,70570-0000,Public       ,74,121,195,262,460,722
02214807,ACADIANA TECHNICAL COLLEGE - TECHE AREA ,LA,70562-0000,Public       ,37,106,143,204,336,540
02234000,CAMERON COLLEGE                         ,LA,70119-0000,Proprietary  ,34,153,187,92,329,421
02253901,BERKS TECHNICAL INSTITUTE - CAREER TECHN,LA,71021-6126,Proprietary  ,37,148,185,224,800,1024
02253902,BERKS TECHNICAL INSTITUTE - CAREER TECHN,LA,71105-2405,Proprietary  ,62,196,258,192,669,861
02258400,AVEDA INSTITUTE BATON ROUGE             ,LA,70816-2246,Proprietary  ,46,103,149,261,333,594
02260200,DIESEL DRIVING ACADEMY                  ,LA,71109-5617,Proprietary  ,21,130,151,54,326,380
02265600,JOHN JAY KENNER ACADEMY                 ,LA,70062-0000,Proprietary  ,7,38,45,26,99,125
02269300,STEVENSON'S ACADEMY OF HAIR DESIGN      ,LA,70116-0000,Proprietary  ,22,79,101,80,238,318
02327800,PINEVILLE BEAUTY SCHOOL                 ,LA,71360-0000,Proprietary  ,9,28,37,45,103,148
02335700,BATON ROUGE GENERAL MEDICAL CENTER      ,LA,70806-3889,Private      ,18,55,73,90,194,284
02335701,BATON ROUGE GEN MED CTR SCH NSG         ,LA,70821-0000,Private      ,14,88,102,93,329,422
02335702,BATON ROUGE GEN MED CTR-RAD TECH        ,LA,70806-0000,Private      ,13,47,60,65,150,215
02338000,"CLOYD'S BEAUTY SCHOOL #2, INC           ",LA,71202-3539,Proprietary  ,7,31,38,44,116,160
02352500,"CLOYD'S BEAUTY SCHOOL #3, INC           ",LA,71201-3211,Proprietary  ,12,39,51,44,124,168
02358600,"STAGE ONE THE HAIR SCHOOL, INC.         ",LA,70605-0000,Proprietary  ,29,52,81,106,158,264
02518300,SOUTH LOUISIANA BEAUTY COLLEGE          ,LA,70363-0000,Proprietary  ,19,28,47,45,68,113
02536400,LOUISIANA ACADEMY OF BEAUTY             ,LA,70535-0000,Proprietary  ,11,21,32,33,64,97
02538300,DELTA COLLEGE OF ARTS & TECH INC        ,LA,70806-1529,Proprietary  ,88,243,331,242,751,993
02538301,DELTA COLLEGE OF ARTS & TECHNOLOGY - LAF,LA,70508-6831,Proprietary  ,35,105,140,128,398,526
02548500,COSMETOLOGY TRAINING CENTER             ,LA,70503-0000,Proprietary  ,28,49,77,101,142,243
02554800,VANGUARD COLLEGE OF COSMETOLOGY         ,LA,70458-8823,Proprietary  ,76,88,164,227,244,471
02582200,"GUY'S ACADEMY HAIR, SKIN & NAILS        ",LA,71105-2404,Proprietary  ,10,59,69,42,182,224
02600900,AVEDA INSTITUTE                         ,LA,70433-2922,Proprietary  ,343,561,904,1079,1713,2792
02601000,AMERICAN SCHOOL OF BUSINESS             ,LA,71105-5646,Proprietary  ,9,81,90,34,166,200
02601100,OPELOUSAS SCHOOL OF COSMETOLOGY         ,LA,70570-6156,Proprietary  ,8,16,24,20,55,75
02617100,BATON ROUGE COLLEGE                     ,LA,70806-1725,Proprietary  ,16,19,35,163,219,382
02619200,DENHAM SPRINGS BEAUTY COLLEGE           ,LA,70726-3829,Proprietary  ,18,31,49,61,84,145
03010400,CRESCENT CITY SCH GAMING & BARTENDG     ,LA,70119-5507,Proprietary  ,43,324,367,83,653,736
03010624,VIRGINIA COLLEGE - BATON ROUGE          ,LA,70815-8604,Proprietary  ,35,133,168,132,501,633
03023500,CAMELOT CAREER COLLEGE                  ,LA,70805-7539,Proprietary  ,53,135,188,95,281,376
03026514,REMINGTON COLLEGE - LAFAYETTE           ,LA,70508-5760,Private      ,18,78,96,120,258,378
03026515,REMINGTON COLLEGE - BATON ROUGE         ,LA,70816-4040,Private      ,40,97,137,186,454,640
03030900,DIESEL DRIVING ACADEMY                  ,LA,70815-8109,Proprietary  ,26,222,248,53,474,527
03095100,GRETNA CAREER COLLEGE                   ,LA,70053-2436,Proprietary  ,0,0,0,6,13,19
03106200,OUR LADY OF THE LAKE COLLEGE            ,LA,70808-4345,Private      ,139,391,530,1181,1967,3148
03253300,JONESVILLE BEAUTY SCHOOL                ,LA,71343-0000,Proprietary  ,32,58,90,64,110,174
03294300,BLUE CLIFF SCH THERAPEUTIC MASSAGE      ,LA,70002-3458,Proprietary  ,259,928,1187,444,1655,2099
03294303,BLUE CLIFF COLLEGE - LAFAYETTE          ,LA,70508-3256,Proprietary  ,25,95,120,226,645,871
03294306,BLUE CLIFF COLLEGE - SHREVEPORT         ,LA,71105-6520,Proprietary  ,22,134,156,133,636,769
03332600,DELTA COLLEGE                           ,LA,70433-9042,Proprietary  ,32,113,145,165,457,622
03332601,DELTA COLLEGE - SLIDELL                 ,LA,70460-2624,Proprietary  ,46,166,212,162,490,652
03356300,MEDICAL TRAINING COLLEGE                ,LA,70816-5820,Proprietary  ,50,160,210,143,447,590
03480300,MEDVANCE INSTITUTE                      ,LA,70809-1908,Proprietary  ,62,174,236,158,477,635
03498400,OMEGA INSTITUTE OF COSMETOLOGY          ,LA,70360-0000,Proprietary  ,8,19,27,67,68,135
03727500,MOORE CAREER COLLEGE                    ,LA,70808-4191,Proprietary  ,3,31,34,13,75,88
03730300,BATON ROUGE COMMUNITY COLLEGE           ,LA,78806-4129,Public       ,1612,1995,3607,5839,6506,12345
03752400,SCHOOL OF URBAN MISSIONS                ,LA,70053-0000,Private      ,57,71,128,164,275,439
03789300,UNITECH TRAINING ACADEMY                ,LA,70503-5132,Proprietary  ,105,314,419,197,515,712
03789301,UNITECH TRAINING ACADEMY - WEST MONROE  ,LA,71291-2913,Proprietary  ,37,228,265,91,421,512
03789302,UNITECH TRAINING ACADEMY - HOUMA        ,LA,70363-5556,Proprietary  ,32,104,136,90,190,280
03789303,UNITECH TRAINING ACADEMY -  ALEXANDRIA  ,LA,71303-3625,Proprietary  ,26,112,138,79,288,367
03789304,UNITECH TRAINING ACADEMY - LAKE CHARLES ,LA,70601-7887,Proprietary  ,60,152,212,124,279,403
03789400,RIVER PARISHES COMMUNITY COLLEGE        ,LA,70778-0310,Public       ,293,456,749,962,1173,2135
03795300,CASSIA BEAUTY COLLEGE                   ,LA,70126-0000,Proprietary  ,13,21,34,13,21,34
03810500,COURT REPORTING INSTITUTE OF LOUISI     ,LA,70816-0000,Proprietary  ,3,31,34,9,90,99
03956300,SOUTH LOUISIANA COMMUNITY COLLEGE       ,LA,70506-0000,Public       ,773,1070,1843,2867,3261,6128
04040300,COMPASS CAREER COLLEGE                  ,LA,70403-0653,Proprietary  ,54,104,158,142,288,430
04112300,LOUISIANA CULINARY INSTITUTE            ,LA,70816-4109,Proprietary  ,40,79,119,260,330,590
04120700,ALDEN'S SCHOOL OF COSMETOLOGY           ,LA,70714-1502,Proprietary  ,0,0,0,1,0,1
04130100,LOUISIANA DELTA COMMUNITY COLLEGE       ,LA,71203-3618,Public       ,447,901,1348,1895,2931,4826
04130101,LOUISIANA TECHNICAL COLG - TALLULAH     ,LA,71284-0000,Public       ,12,22,34,50,86,136
04149500,A & W HEALTHCARE EDUCATORS              ,LA,70122-3146,Proprietary  ,20,96,116,65,367,432
04151600,MY-LE'S BEAUTY COLLEGE                  ,LA,70056-3150,Proprietary  ,2,51,53,12,98,110
04217000,HEALTHCARE TRAINING INSTITUTE           ,LA,70062-7630,Proprietary  ,4,58,62,24,138,162
04225900,SETTING THE STANDARD BARBERING AND NATUR,LA,71109-4124,Proprietary  ,2,11,13,2,11,13
04226000,BOS-MAN'S BARBER COLLEGE                ,LA,71106-2653,Proprietary  ,6,26,32,6,26,32
00143600,CAPITOL COLLEGE                         ,MD,20708-9759,Private      ,65,151,216,487,617,1104
00146200,WASHINGTON BIBLE COLLEGE                ,MD,20706-3599,Private      ,0,0,0,14,65,79
00205700,ALLEGANY COLLEGE OF MARYLAND            ,MD,21502-2596,Public       ,298,365,663,2585,2029,4614
00205800,ANNE ARUNDEL COMMUNITY COLLEGE          ,MD,21012-1895,Public       ,1092,2142,3234,5371,8755,14126
00206100,BALTIMORE CITY COMMUNITY COLLEGE        ,MD,21215-7893,Public       ,747,2531,3278,4149,9919,14068
00206200,BOWIE STATE UNIVERSITY                  ,MD,20715-9465,Public       ,654,1042,1696,7724,6260,13984
00206300,COMMUNITY COLLEGE OF BALTIMORE COUNTY   ,MD,21228-5381,Public       ,2134,4357,6491,10351,17188,27539
00206400,COLLEGE OF SOUTHERN MARYLAND            ,MD,20646-0910,Public       ,690,1242,1932,3963,5056,9019
00206500,NOTRE DAME OF MARYLAND UNIVERSITY       ,MD,21210-2476,Private      ,51,298,349,1177,2270,3447
00206700,WASHINGTON ADVENTIST UNIVERSITY         ,MD,20912-7796,Private      ,158,276,434,987,1238,2225
00206800,COPPIN STATE UNIVERSITY                 ,MD,21216-3698,Public       ,416,1111,1527,4654,6042,10696
00207100,FREDERICK COMMUNITY COLLEGE             ,MD,21702-9745,Public       ,360,617,977,2269,2854,5123
00207200,FROSTBURG STATE UNIVERSITY              ,MD,21532-1099,Public       ,318,260,578,6685,1862,8547
00207300,GOUCHER COLLEGE                         ,MD,21204-2794,Private      ,87,177,264,3206,1013,4219
00207400,HAGERSTOWN COMMUNITY COLLEGE            ,MD,21742-6514,Public       ,388,773,1161,2155,3119,5274
00207500,HARFORD COMMUNITY COLLEGE               ,MD,21015-1696,Public       ,533,834,1367,2437,3091,5528
00207600,HOOD COLLEGE                            ,MD,21701-8575,Private      ,78,156,234,2323,952,3275
00207700,JOHNS HOPKINS UNIVERSITY                ,MD,21218-2693,Private      ,197,387,584,9469,2551,12020
00207702,JOHNS HOPKINS UNIV SCH ARTS/SCI/ENG     ,MD,21218-0000,Private      ,75,475,550,4251,2150,6401
00207703,JOHNS HOPKINS UNIV SCH OF BUS/ED        ,MD,21046-0000,Private      ,8,311,319,79,1599,1678
00207705,JOHNS HOPKINS BLOOMBERG SCH OF PH       ,MD,21205-0000,Private      ,8,117,125,86,1630,1716
00207706,JOHNS HOPKINS UNIV SCH OF MEDICINE      ,MD,21205-0000,Private      ,41,64,105,355,1172,1527
00207707,JOHNS HOPKINS UNIV SCH OF NURSING       ,MD,21205-0000,Private      ,32,172,204,416,1661,2077
00207708,JOHNS HOPKINS UNIV PEABODY CONSERV      ,MD,21202-2397,Private      ,22,36,58,580,492,1072
00207800,LOYOLA UNIVERSITY MARYLAND              ,MD,21210-2699,Private      ,188,405,593,9973,2846,12819
00208000,MARYLAND INST COLLEGE OF ART            ,MD,21217-4191,Private      ,125,102,227,3097,1072,4169
00208300,MORGAN STATE UNIVERSITY                 ,MD,21251-0002,Public       ,943,1352,2295,10719,7565,18284
00208600,MOUNT SAINT MARY'S UNIVERSITY           ,MD,21727-7799,Private      ,74,87,161,3356,515,3871
00208700,NER ISRAEL RABBINICAL COLLEGE           ,MD,21208-1198,Private      ,6,7,13,93,39,132
00208900,PRINCE GEORGES COMMUNITY COLLEGE        ,MD,20774-2199,Public       ,1410,2720,4130,7488,12469,19957
00209100,SALISBURY UNIVERSITY                    ,MD,21801-6862,Public       ,529,324,853,12296,2557,14853
00209200,ST JOHN'S COLLEGE                       ,MD,21404-0000,Private      ,22,32,54,542,214,756
00209500,ST. MARY'S COLLEGE OF MARYLAND          ,MD,20686-3001,Public       ,79,60,139,2862,360,3222
00209600,ST MARY'S SEMINARY & UNIV               ,MD,21210-1994,Private      ,4,16,20,35,77,112
00209900,TOWSON UNIVERSITY                       ,MD,21252-0002,Public       ,1169,1196,2365,26327,9429,35756
00210200,UNIVERSITY OF BALTIMORE                 ,MD,21201-5779,Public       ,248,1335,1583,2453,7690,10143
00210300,"UNIVERSITY OF MARYLAND, COLLEGE PARK    ",MD,20742-5145,Public       ,1659,2214,3873,34045,14687,48732
00210400,"UNIVERSITY OF MARYLAND, BALTIMORE       ",MD,21201-1691,Public       ,316,1223,1539,5036,11845,16881
00210500,UMBC                                    ,MD,21250-0002,Public       ,654,987,1641,11820,6674,18494
00210600,UNIVERSITY MARYLAND EASTERN SHORE       ,MD,21853-4053,Public       ,414,336,750,6308,2499,8807
00210700,STEVENSON UNIVERSITY                    ,MD,21153-0641,Private      ,216,339,555,6663,2246,8909
00210800,WASHINGTON COLLEGE                      ,MD,21620-1197,Private      ,65,23,88,2833,177,3010
00210900,MCDANIEL COLLEGE                        ,MD,21157-4390,Private      ,77,143,220,3235,759,3994
00458612,KAPLAN COLLEGE                          ,MD,21742-2797,Proprietary  ,45,448,493,228,1696,1924
00458614,KAPLAN COLLEGE - FREDERICK              ,MD,21704-8307,Proprietary  ,0,0,0,38,255,293
00465000,CHESAPEAKE COLLEGE                      ,MD,21679-0008,Public       ,167,339,506,1279,1552,2831
00691100,MONTGOMERY COLLEGE                      ,MD,20850-1195,Public       ,1730,2335,4065,11891,12154,24045
00734100,INTERNATIONAL BEAUTY SCHOOL             ,MD,21502-2370,Proprietary  ,19,91,110,68,352,420
00744700,DEL-MAR-VA BEAUTY ACADEMY               ,MD,21804-0000,Proprietary  ,12,53,65,64,165,229
00749100,TESST COLLEGE OF TECHNOLOGY             ,MD,21227-1063,Proprietary  ,100,335,435,451,1377,1828
00793600,LINCOLN TECHNICAL INSTITUTE             ,MD,21046-1544,Proprietary  ,139,243,382,560,822,1382
00817500,HOWARD COMMUNITY COLLEGE                ,MD,21044-3197,Public       ,664,1093,1757,4174,4888,9062
00826300,AWARD BEAUTY SCHOOL                     ,MD,21740-5624,Proprietary  ,21,121,142,50,202,252
00830800,CECIL COLLEGE                           ,MD,21901-1999,Public       ,205,370,575,1202,1505,2707
00907906,EVEREST COLLEGE- EVEREST INSTITUTE      ,MD,20910-3737,Proprietary  ,79,253,332,268,833,1101
01001400,GARRETT COMMUNITY COLLEGE               ,MD,21541-1265,Public       ,108,71,179,1065,374,1439
01031900,MEDIX SCHOOL                            ,MD,21204-2538,Proprietary  ,168,642,810,600,2544,3144
01041000,TESST COLLEGE OF TECHNOLOGY             ,MD,21286-2201,Proprietary  ,42,171,213,167,594,761
01164400,UNIV OF MARYLAND UNIVERSITY COLLEGE     ,MD,20783-8078,Public       ,566,9707,10273,2938,36456,39394
01164402,U OF MD UNIVERSITY COLLEGE - EUROPE     ,MD,20832-0000,Public       ,37,218,255,408,904,1312
01164404,U OF MD UNIVERSITY COLLEGE - ASIA       ,MD,31207-0000,Public       ,13,289,302,103,1025,1128
02073900,WOR-WIC COMMUNITY COLLEGE               ,MD,21804-0000,Public       ,310,675,985,1624,2676,4300
02083600,TESST COLLEGE OF TECHNOLOGY             ,MD,20705-2698,Proprietary  ,82,222,304,208,642,850
02116005,SANFORD-BROWN INSTITUTE - LANDOVER      ,MD,20785-2287,Proprietary  ,10,54,64,47,232,279
02127900,SOJOURNER DOUGLASS COLLEGE              ,MD,21205-0000,Private      ,43,635,678,270,3101,3371
02155100,MARYLAND COLLEGE OF ART AND DESIGN      ,MD,20902-0000,Private      ,18,44,62,171,198,369
02269700,"COLORLAB ACADEMY OF HAIR, THE           ",MD,21014-3639,Proprietary  ,19,27,46,46,94,140
02331000,MARYLAND BEAUTY ACADEMY OF ESSEX        ,MD,21221-0000,Proprietary  ,28,83,111,84,234,318
02333000,HAIR ACADEMY                            ,MD,20784-0000,Proprietary  ,72,206,278,144,378,522
02343800,MONTGOMERY BEAUTY SCHOOL                ,MD,20901-0000,Proprietary  ,27,94,121,102,216,318
02494700,BALTIMORE STUDIO OF HAIR DESIGN         ,MD,21201-0000,Proprietary  ,24,91,115,128,319,447
02495000,ROBERT PAUL ACAD COSMTGY ARTS & SCI     ,MD,21093-0000,Proprietary  ,15,13,28,70,69,139
02495100,MARYLAND BEAUTY ACADEMY                 ,MD,21136-0000,Proprietary  ,9,21,30,32,65,97
02545400,NORTH AMERICAN TRADE SCHOOLS            ,MD,21244-0069,Proprietary  ,67,365,432,236,1105,1341
02573800,"L' ACADEMIE DE CUISINE, INC.            ",MD,20877-0000,Proprietary  ,18,70,88,77,216,293
02578400,TAI SOPHIA INSTITUTE                    ,MD,20723-6010,Private      ,0,170,170,4,421,425
03027200,BLADES SCHOOL OF HAIR DESIGN            ,MD,20619-0226,Proprietary  ,18,24,42,37,112,149
03064900,AARON'S ACADEMY OF BEAUTY               ,MD,20602-2715,Proprietary  ,9,26,35,48,97,145
03097200,AESTHETICS INSTITUTE OF COSMETOLOGY     ,MD,20877-1305,Proprietary  ,6,28,34,24,84,108
03100700,CARROLL COMMUNITY COLLEGE               ,MD,21157-6913,Public       ,199,357,556,1337,1393,2730
03148300,AMERICAN BEAUTY ACADEMY                 ,MD,20902-1911,Proprietary  ,107,225,332,238,630,868
03296300,BALTIMORE SCHOOL OF MASSAGE             ,MD,21090-2261,Proprietary  ,50,204,254,140,450,590
03327300,NEW CREATIONS ACADEMY OF HAIR DSN       ,MD,20746-0000,Proprietary  ,28,69,97,64,169,233
03455500,NATIONAL LABOR COLLEGE                  ,MD,20903-1790,Private      ,4,151,155,14,446,460
03493300,ALL-STATE CAREER SCHOOL                 ,MD,21224-6658,Proprietary  ,164,723,887,502,2058,2560
03667300,FAITH THEOLOGICAL SEMINARY              ,MD,21212-2624,Private      ,3,39,42,10,130,140
03771300,AMERICAN CAREER INSTITUTE               ,MD,20902-4637,Proprietary  ,0,0,0,2,15,17
03822400,MAPLE SPRINGS BAPTIST BIBLE COLLEGE & SE,MD,20743-5711,Private      ,0,26,26,1,76,77
03937300,YESHIVA COLLEGE OF THE NATION'S CAPITAL ,MD,20902-1700,Private      ,4,3,7,10,23,33
03965500,HAIR EXPRESSIONS ACADEMY                ,MD,20852-1729,Proprietary  ,34,57,91,111,198,309
04121600,FILA ACADEMY (THE)                      ,MD,21061-1634,Proprietary  ,5,31,36,5,31,36
04139700,FREDERICK SCHOOL OF COSMETOLOGY         ,MD,21701-0000,Proprietary  ,8,20,28,48,77,125
04141600,OMEGA STUDIOS' SCHOOL OF APPLIED RECORDI,MD,20852-1731,Proprietary  ,18,47,65,70,144,214
04151800,TEMPLE (THE): A PAUL MITCHELL PARTNER SC,MD,21701-5409,Proprietary  ,43,47,90,154,173,327
04167602,FINGER LAKES SCHOOL OF MASSAGE (THE)    ,MD,21701-3030,Proprietary  ,2,31,33,6,40,46
04168900,HOLISTIC MASSAGE TRAINING INSTITUTE     ,MD,21218-2407,Proprietary  ,5,33,38,34,151,185
04188400,BAIS HAMEDRASH AND MESIVTA OF BALTIMORE ,MD,21209-1613,Private      ,3,5,8,44,21,65
04204000,ASPEN BEAUTY ACADEMY - LAUREL           ,MD,20724-2013,Proprietary  ,7,41,48,38,128,166
04209600,INSTITUTE OF HEALTH SCIENCES            ,MD,21031-1408,Proprietary  ,9,33,42,34,142,176
04211700,HARMON'S BEAUTY SCHOOL                  ,MD,20785-2135,Proprietary  ,5,17,22,29,61,90
00211400,AMERICAN INTERNATIONAL COLLEGE          ,MA,01109-3189,Private      ,104,652,756,2168,3002,5170
00211500,AMHERST COLLEGE                         ,MA,01002-5000,Private      ,120,44,164,4467,330,4797
00211600,ANDOVER NEWTON THEOLOGICAL SCHOOL       ,MA,02459-0000,Private      ,1,17,18,3,184,187
00211700,ANNA MARIA COLLEGE                      ,MA,01612-1198,Private      ,84,131,215,1982,674,2656
00211800,ASSUMPTION COLLEGE                      ,MA,01615-1294,Private      ,99,120,219,4927,914,5841
00212000,MERRIMACK COLLEGE                       ,MA,01845-5800,Private      ,151,92,243,5858,608,6466
00212100,BABSON COLLEGE                          ,MA,02457-0310,Private      ,47,135,182,2823,703,3526
00212200,BAY PATH COLLEGE                        ,MA,01106-2212,Private      ,44,560,604,927,2359,3286
00212300,BECKER COLLEGE-WORCESTER                ,MA,01615-0071,Private      ,130,227,357,3117,1162,4279
00212400,BENTLEY UNIVERSITY                      ,MA,02452-4705,Private      ,95,111,206,6015,807,6822
00212600,BERKLEE COLLEGE OF MUSIC                ,MA,02215-3693,Private      ,375,239,614,4955,1435,6390
00212800,BOSTON COLLEGE                          ,MA,02467-3800,Private      ,280,369,649,17396,5805,23201
00212900,BOSTON CONSERVATORY OF MUSIC            ,MA,02215-9830,Private      ,29,20,49,1165,359,1524
00213000,BOSTON UNIVERSITY                       ,MA,02215-1789,Private      ,676,1758,2434,38721,17529,56250
00213300,BRANDEIS UNIVERSITY                     ,MA,02453-2700,Private      ,85,168,253,5966,1454,7420
00213900,CLARK UNIVERSITY                        ,MA,01610-1473,Private      ,71,117,188,4413,857,5270
00214000,ELMS COLLEGE                            ,MA,01013-2839,Private      ,60,158,218,1452,1094,2546
00214100,COLLEGE OF THE HOLY CROSS               ,MA,01610-2395,Private      ,80,21,101,5855,200,6055
00214300,CURRY COLLEGE                           ,MA,02186-2395,Private      ,82,285,367,5164,1481,6645
00214400,DEAN COLLEGE                            ,MA,02038-1994,Private      ,105,54,159,1959,318,2277
00214500,EASTERN NAZARENE COLLEGE                ,MA,02170-2999,Private      ,88,103,191,894,839,1733
00214507,EASTERN NAZARENE CLG - LEAD PROGRAM     ,MA,02170-0000,Private      ,2,46,48,34,417,451
00214600,EMERSON COLLEGE                         ,MA,02116-4624,Private      ,125,94,219,7397,1559,8956
00214700,EMMANUEL COLLEGE                        ,MA,02115-5798,Private      ,78,90,168,5453,544,5997
00214800,ENDICOTT COLLEGE                        ,MA,01915-2098,Private      ,95,236,331,4759,849,5608
00214900,EPISCOPAL DIVINITY SCHOOL               ,MA,02138-0000,Private      ,0,11,11,0,71,71
00215000,FISHER COLLEGE                          ,MA,02116-1500,Private      ,184,411,595,1670,1509,3179
00215100,BENJAMIN FRANKLIN INSTITUTE OF TECH     ,MA,02116-6296,Public       ,95,95,190,562,385,947
00215300,GORDON COLLEGE                          ,MA,01984-1899,Private      ,75,24,99,2446,215,2661
00215400,HELLENIC COLLEGE                        ,MA,02445-7496,Private      ,14,23,37,85,122,207
00215500,HARVARD UNIVERSITY                      ,MA,02138-3800,Private      ,123,119,242,4359,898,5257
00215501,AMRCN REPERTORY THTR INST ADV THTR      ,MA,02138-0000,Private      ,1,7,8,3,131,134
00215502,HARVARD BUSINESS SCHOOL                 ,MA,02163-0000,Private      ,22,137,159,215,1646,1861
00215503,HARVARD EXTENSION SCHOOL                ,MA,02138-0000,Private      ,26,272,298,147,1389,1536
00215504,HARVARD SCH OF DENTAL MEDICINE          ,MA,02115-0000,Private      ,4,16,20,25,210,235
00215505,HARVARD UNIV GRAD SCH DESIGN            ,MA,02138-0000,Private      ,3,29,32,14,935,949
00215506,HARVARD DIVINITY SCHOOL                 ,MA,02138-0000,Private      ,1,32,33,9,489,498
00215507,HARVARD UNIV GRAD SCH ED                ,MA,02138-0000,Private      ,1,56,57,7,1525,1532
00215508,HARVARD UNIV GRAD S OF ARTS & SCIEN     ,MA,02138-0000,Private      ,2,82,84,69,813,882
00215509,HARVARD KENNEDY SCHOOL                  ,MA,02138-0000,Private      ,4,44,48,17,1295,1312
00215510,HARVARD LAW SCHOOL                      ,MA,02138-0000,Private      ,20,91,111,125,3302,3427
00215511,HARVARD UNIV MEDICAL SCHOOL             ,MA,02115-0000,Private      ,29,50,79,187,1132,1319
00215512,HARVARD UNIV SCH PUBLIC HEALTH          ,MA,02115-0000,Private      ,4,31,35,37,1027,1064
00215513,HARVARD UNIVERSITY-HARVARD COLLEGE      ,MA,02138-0000,Private      ,368,165,533,19627,1338,20965
00215700,HEBREW COLLEGE                          ,MA,02459-2237,Private      ,0,13,13,0,101,101
00215800,LASELL COLLEGE                          ,MA,02466-2716,Private      ,77,113,190,3362,561,3923
00216000,LESLEY UNIVERSITY                       ,MA,02138-2790,Private      ,146,662,808,2900,3501,6401
00216100,UMASS LOWELL                            ,MA,01854-3089,Public       ,809,1405,2214,14167,6606,20773
00216400,NEW ENGLAND COLLEGE OF OPTOMETRY        ,MA,02115-1129,Private      ,0,8,8,12,423,435
00216500,MASS. COLLEGE OF PHARMACY  & HEALTH SCIE,MA,02115-5804,Private      ,139,309,448,6088,4234,10322
00216700,BERKSHIRE COMMUNITY COLLEGE             ,MA,01201-5786,Public       ,134,285,419,999,1485,2484
00216800,CAPE COD COMMUNITY COLLEGE              ,MA,02668-1599,Public       ,367,574,941,1688,2264,3952
00216900,GREENFIELD COMMUNITY COLLEGE            ,MA,01301-9739,Public       ,188,354,542,959,1518,2477
00217000,HOLYOKE COMMUNITY COLLEGE               ,MA,01040-1099,Public       ,598,940,1538,3950,4717,8667
00217100,MASSACHUSETTS BAY COMMUNITY COLLEGE     ,MA,02181-0000,Public       ,440,706,1146,2401,2789,5190
00217200,MOUNT WACHUSETT COMMUNITY COLLEGE       ,MA,01440-1000,Public       ,374,749,1123,2126,3289,5415
00217300,NORTH SHORE COMMUNITY COLLEGE           ,MA,01923-4093,Public       ,803,1296,2099,3518,4813,8331
00217400,NORTHERN ESSEX COMMUNITY COLLEGE        ,MA,01830-2399,Public       ,795,1063,1858,3521,4492,8013
00217500,QUINSIGAMOND COMMUNITY COLLEGE          ,MA,01606-2092,Public       ,933,1479,2412,4350,5846,10196
00217600,BRISTOL COMMUNITY COLLEGE               ,MA,02720-7399,Public       ,844,1358,2202,4675,5729,10404
00217700,MASSASOIT COMMUNITY COLLEGE             ,MA,02302-3996,Public       ,756,1067,1823,3864,4670,8534
00217800,MASSACHUSETTS INST OF TECHNOLOGY        ,MA,02139-4307,Private      ,335,329,664,12558,3043,15601
00218000,MASSACHUSETTS COLLEGE OF ART AND DESIGN ,MA,02115-5803,Public       ,111,105,216,2566,931,3497
00218100,MASSACHUSETTS MARITIME ACADEMY          ,MA,02532-3400,Public       ,38,40,78,1622,158,1780
00218300,BRIDGEWATER STATE COLLEGE               ,MA,02325-0001,Public       ,596,631,1227,12188,3998,16186
00218400,FITCHBURG STATE UNIVERSITY              ,MA,01420-2697,Public       ,227,307,534,6291,1782,8073
00218500,FRAMINGHAM STATE COLLEGE                ,MA,01702-2471,Public       ,212,249,461,7651,1741,9392
00218700,MASSACHUSETTS CLG OF LIBERAL ARTS       ,MA,01247-4100,Public       ,80,84,164,2417,600,3017
00218800,SALEM STATE UNIVERSITY                  ,MA,01970-5353,Public       ,511,687,1198,9442,4335,13777
00218900,WESTFIELD STATE COLLEGE                 ,MA,01086-1630,Public       ,274,302,576,8332,2058,10390
00219000,WORCESTER STATE COLLEGE                 ,MA,01602-2597,Public       ,342,403,745,6788,2656,9444
00219200,MOUNT HOLYOKE COLLEGE                   ,MA,01075-1492,Private      ,44,30,74,2763,370,3133
00219300,MOUNT IDA COLLEGE                       ,MA,02459-3323,Private      ,53,69,122,1912,421,2333
00219400,NEW ENGLAND CONSERVATORY OF MUSIC       ,MA,02115-5018,Private      ,16,21,37,716,618,1334
00219700,NICHOLS COLLEGE                         ,MA,01571-6346,Private      ,82,86,168,2202,379,2581
00219900,NORTHEASTERN UNIVERSITY                 ,MA,02115-5000,Private      ,595,1771,2366,35125,12738,47863
00220100,PINE MANOR COLLEGE                      ,MA,02167-0000,Private      ,21,16,37,273,123,396
00220200,BLESSED JOHN XXIII NATIONAL SEMINARY    ,MA,02493-0000,Private      ,0,1,1,0,3,3
00220500,QUINCY COLLEGE                          ,MA,02169-4501,Public       ,478,963,1441,1833,3807,5640
00220600,REGIS COLLEGE                           ,MA,02193-0000,Private      ,71,132,203,2178,1013,3191
00220800,SIMMONS COLLEGE                         ,MA,02115-5898,Private      ,72,454,526,3391,3593,6984
00220900,SMITH COLLEGE                           ,MA,01063-2936,Private      ,62,31,93,3510,522,4032
00220901,"SMITH COLLEGE, SCH FOR SOCIAL WORK      ",MA,01063-0000,Private      ,0,15,15,15,523,538
00221000,UNIV OF MASSACHUSETTS-DARTMOUTH         ,MA,02747-2300,Public       ,382,490,872,12951,3938,16889
00221100,SPRINGFIELD COLLEGE                     ,MA,01109-3797,Private      ,203,1053,1256,4062,4291,8353
00221400,ST JOHN'S SEMINARY                      ,MA,02135-8839,Private      ,3,10,13,9,30,39
00221700,STONEHILL COLLEGE                       ,MA,02357-6110,Private      ,70,16,86,6156,189,6345
00221800,SUFFOLK UNIVERSITY                      ,MA,02108-2770,Private      ,138,300,438,9113,4656,13769
00221900,TUFTS UNIVERSITY                        ,MA,02155-5808,Private      ,104,185,289,11132,2444,13576
00221901,TUFTS UNIV SCH OF DENTAL MEDICINE       ,MA,02111-0000,Private      ,5,38,43,33,942,975
00221902,TUFTS UNIVERSITY - CUMMINGS SCHOOL OF VE,MA,01536-0000,Private      ,3,7,10,35,486,521
00221904,TUFTS UNIV SCHOOL OF MEDICINE           ,MA,02111-0000,Private      ,10,156,166,90,2058,2148
00222100,UNIV OF MASSACHUSETTS-AMHERST           ,MA,01003-0000,Public       ,1321,997,2318,40049,7919,47968
00222200,UNIV OF MASSACHUSETTS-BOSTON            ,MA,02125-3393,Public       ,792,1830,2622,13770,11637,25407
00222400,WELLESLEY COLLEGE                       ,MA,02481-8203,Private      ,66,25,91,3613,232,3845
00222500,WENTWORTH INSTITUTE OF TECHNOLOGY       ,MA,02115-5998,Private      ,241,204,445,6001,933,6934
00222600,WESTERN NEW ENGLAND UNIVERSITY          ,MA,01119-2654,Private      ,142,198,340,6318,1737,8055
00222700,WHEATON COLLEGE                         ,MA,02766-2322,Private      ,50,11,61,2662,110,2772
00222800,WHEELOCK COLLEGE                        ,MA,02215-4176,Private      ,30,106,136,1723,885,2608
00222900,WILLIAMS COLLEGE                        ,MA,01267-2600,Private      ,49,10,59,4205,145,4350
00223300,WORCESTER POLYTECHNIC INSTITUTE         ,MA,01609-2280,Private      ,99,108,207,7682,702,8384
00267104,BARD COLLEGE - LONGY SCHOOL OF MUSIC    ,MA,02138-3599,Private      ,5,14,19,40,176,216
00396500,BAY STATE COLLEGE                       ,MA,02116-2901,Proprietary  ,131,242,373,1492,1393,2885
00396600,BOSTON ARCHITECTURAL COLLEGE            ,MA,02115-2795,Private      ,46,199,245,319,828,1147
00466100,HAMPSHIRE COLLEGE                       ,MA,01002-3359,Private      ,57,21,78,2582,239,2821
00466600,SALTER COLLEGE                          ,MA,01583-1700,Proprietary  ,150,758,908,399,2115,2514
00466700,SCHOOL OF MUSEUM OF FINE ARTS           ,MA,02115-5534,Private      ,33,25,58,661,324,985
00466900,UPPER CAPE COD REGIONAL VOC TECH        ,MA,02532-3310,Public       ,7,36,43,30,135,165
00527900,GREATER LOWELL REGNL VOC TECH SCH       ,MA,01879-0000,Public       ,9,20,29,34,126,160
00551900,DIMAN REGIONAL VOC TECH INST            ,MA,02723-3519,Public       ,6,24,30,57,190,247
00552300,BLUE HILLS REGIONAL VOC TECH            ,MA,02021-1398,Public       ,13,30,43,43,162,205
00555700,MCCANN TECHNICAL SCHOOL                 ,MA,01247-0000,Public       ,6,24,30,31,90,121
00613600,NATIONAL AVIATION ACADEMY - NEW ENGLAND ,MA,01730-2620,Proprietary  ,25,47,72,130,212,342
00632200,BROCKTON HOSPITAL SCH OF NURSING        ,MA,02302-0000,Private      ,11,73,84,161,618,779
00632400,LABOURE COLLEGE                         ,MA,02124-5698,Private      ,23,151,174,183,837,1020
00633100,LAWRENCE MEM HOSPITAL SCH OF NRSNG      ,MA,02155-1643,Private      ,3,51,54,57,388,445
00635200,BAYSTATE MEDICAL CENTER                 ,MA,01199-0001,Private      ,7,25,32,26,105,131
00687300,MARIAN COURT COLLEGE                    ,MA,01907-2896,Private      ,20,39,59,109,113,222
00748100,GIBBS COLLEGE                           ,MA,02116-2904,Proprietary  ,5,17,22,31,118,149
00748400,NEWBURY COLLEGE                         ,MA,02445-5796,Private      ,53,36,89,2476,338,2814
00748600,THE NEW ENGLAND INSTITUTE OF ART        ,MA,02445-7295,Proprietary  ,141,95,236,1134,499,1633
00748800,KAPLAN CAREER INSTITUTE                 ,MA,02129-1644,Proprietary  ,2,31,33,25,121,146
00748801,KAPLAN CAREER INSTITUTE -               ,MA,02215-2606,Proprietary  ,0,0,0,15,82,97
00807800,SPRINGFIELD TECHNICAL COMMUNITY CLG     ,MA,01105-0000,Public       ,687,1247,1934,3677,5738,9415
00809002,EVEREST COLLEGE - EVEREST INSTITUTE     ,MA,02150-2333,Proprietary  ,40,93,133,146,373,519
00817807,EMPIRE BEAUTY SCHOOL - BOSTON           ,MA,02111-1204,Proprietary  ,33,60,93,158,309,467
00891600,NEW ENGLAND SCHOOL OF LAW               ,MA,02116-0000,Private      ,2,64,66,27,1767,1794
00964500,BARD COLLEGE AT SIMON'S ROCK            ,MA,01230-9702,Private      ,20,2,22,374,19,393
00974700,GORDON-CONWELL THEOLOGICAL SEMINARY     ,MA,01982-0000,Private      ,1,87,88,7,532,539
00975600,UNIVERSITY OF MASS MEDICAL CENTER       ,MA,01655-0000,Public       ,7,83,90,56,950,1006
00987700,HENRI'S SCHOOL OF HAIR DESIGN           ,MA,01420-5675,Proprietary  ,6,12,18,21,40,61
00989900,LOWELL ACADEMY HAIRSTYLING INST         ,MA,01852-1909,Proprietary  ,18,27,45,41,82,123
00993600,MIDDLESEX COMMUNITY COLLEGE             ,MA,01730-1197,Public       ,333,487,820,1910,1909,3819
00993602,"MIDDLESEX COMMUNITY COLLEGE, LOWELL     ",MA,01852-0000,Public       ,605,865,1470,3162,3253,6415
01054211,EMPIRE BEAUTY SCHOOL - MALDEN           ,MA,02148-5103,Proprietary  ,15,33,48,72,150,222
01121000,BUNKER HILL COMMUNITY COLLEGE           ,MA,02129-2991,Public       ,1095,2127,3222,6884,11042,17926
01151000,EVEREST INSTITUTE                       ,MA,02135-7638,Proprietary  ,29,87,116,118,327,445
01193000,ROXBURY COMMUNITY COLLEGE               ,MA,02120-3400,Public       ,297,871,1168,1068,3110,4178
01204200,MANSFIELD BEAUTY SCHOOLS                ,MA,02169-5061,Proprietary  ,5,26,31,14,78,92
01206800,MANSFIELD BEAUTY SCHOOL                 ,MA,01103-1410,Proprietary  ,6,16,22,14,52,66
01218700,BLACKSTONE VALLEY VOCATIONAL REGIONAL SC,MA,01568-1499,Public       ,2,15,17,10,63,73
01238600,SOUTHEASTERN TECHNICAL INSTITUTE        ,MA,02375-1780,Public       ,15,46,61,46,180,226
01288100,MONTACHUSETT REG VOC TECH SCH           ,MA,01420-4649,Public       ,1,14,15,22,102,124
01294800,ROB ROY ACADEMY                         ,MA,02721-5330,Proprietary  ,18,34,52,33,66,99
02063000,MONTSERRAT COLLEGE OF ART               ,MA,01915-0000,Private      ,23,7,30,642,76,718
02079400,EMPIRE BEAUTY SCHOOL                    ,MA,01702-5232,Proprietary  ,131,271,402,295,599,894
02079412,EMPIRE BEAUTY SCHOOL - LOWELL           ,MA,01852-2214,Proprietary  ,24,33,57,106,192,298
02092100,MASSACHUSETTS SCHOOL OF BARBERING       ,MA,02169-5058,Proprietary  ,5,50,55,19,124,143
02122000,NEW ENGLAND HAIR ACADEMY                ,MA,02148-0000,Proprietary  ,28,80,108,61,143,204
02137000,ROB ROY ACADEMY                         ,MA,02780-0000,Proprietary  ,5,17,22,11,31,42
02137200,MASS GEN HOSP DIETETIC INTERNSHIP       ,MA,02114-0000,Private      ,2,10,12,7,56,63
02163500,NEW ENGLAND SCHOOL OF PHOTOGRAPHY       ,MA,02215-0000,Proprietary  ,17,34,51,93,122,215
02163600,MASS SCH OF PROFESSIONAL PSYCHOLOGY     ,MA,02132-0000,Private      ,5,90,95,38,865,903
02169900,ASSABET VALLEY REGIONAL VOC SCHOOL      ,MA,01752-0000,Public       ,7,18,25,18,110,128
02181600,ROB ROY ACADEMY                         ,MA,01609-0000,Proprietary  ,25,56,81,48,114,162
02182900,CAMBRIDGE COLLEGE                       ,MA,02138-5304,Private      ,102,1138,1240,357,2899,3256
02197900,NORTH BENNET STREET SCHOOL              ,MA,02113-0000,Private      ,7,28,35,55,156,211
02215100,HALLMARK INSTITUTE OF PHOTOGRAPHY       ,MA,01376-0000,Proprietary  ,13,27,40,112,113,225
02219501,MILDRED ELLEY - PITTSFIELD              ,MA,01201-5300,Proprietary  ,2,17,19,20,73,93
02220400,CATHERINE HINDS INST OF ESTHETICS       ,MA,01801-0000,Proprietary  ,18,70,88,62,171,233
02231600,MGH INSTITUTE OF HEALTH PROFESSION      ,MA,02129-0000,Private      ,17,153,170,88,1454,1542
02274300,CONWAY SCHOOL OF LANDSCAPE DESIGN       ,MA,01341-0179,Private      ,0,4,4,0,15,15
02325700,LABARON HAIRDRESSING ACADEMY            ,MA,02740-0000,Proprietary  ,6,17,23,18,55,73
02325800,LABARON HAIRDRESSING ACAD-BROCKTON      ,MA,02301-0000,Proprietary  ,6,21,27,17,41,58
02337400,BANCROFT SCHOOL OF MASSAGE THERAPY      ,MA,01604-4614,Proprietary  ,4,34,38,23,75,98
02338200,BAY STATE SCHOOL OF TECHNOLOGY          ,MA,02021-0000,Proprietary  ,20,94,114,66,195,261
02339400,ROB ROY ACADEMY                         ,MA,02746-0000,Proprietary  ,4,12,16,9,33,42
02491700,CORTIVA INSTITUTE -  BOSTON             ,MA,02472-2577,Proprietary  ,13,40,53,23,102,125
02523900,ELIZABETH GRADY SCHOOL OF ESTHETICS     ,MA,02155-0000,Proprietary  ,18,58,76,51,141,192
02579800,NEW ENGLAND SCHOOL OF ACUPUNCTURE       ,MA,02458-0000,Private      ,0,37,37,1,135,136
02616704,LE CORDON BLEU COLLEGE OF CULINARY ARTS ,MA,02142-1221,Proprietary  ,30,86,116,168,229,397
03066700,AILANO SCHOOL OF COSMETOLOGY            ,MA,02303-4740,Proprietary  ,10,30,40,24,61,85
03104000,SHAWSHEEN ADULT TECHNICAL INSTITUTE     ,MA,01821-5499,Public       ,5,15,20,14,73,87
03115200,MOTORING TECHNICAL TRAINING INST        ,MA,02771-5933,Proprietary  ,52,98,150,137,280,417
03120800,KAY HARVEY HAIRDRESSING ACADEMY         ,MA,01089-2701,Proprietary  ,6,19,25,19,47,66
03130500,URBAN COLLEGE OF BOSTON                 ,MA,02111-1093,Private      ,14,274,288,63,771,834
03194300,BOSTON GRAD SCH OF PSYCHOANALYSIS       ,MA,02446-4602,Private      ,1,26,27,3,78,81
03205400,JOLIE HAIR & BEAUTY ACADEMY             ,MA,01056-2769,Proprietary  ,14,43,57,24,94,118
03232302,LINCOLN TECHNICAL INSTITUTE - BROCKTON C,MA,02401-1818,Proprietary  ,37,123,160,136,379,515
03232310,LINCOLN TECHNICAL INSTITUTE - LOWELL    ,MA,01852-5119,Proprietary  ,56,113,169,189,371,560
03232311,LINCOLN TECHNICAL INSTITUTE - SOMERVILLE,MA,02145-1102,Proprietary  ,22,71,93,107,276,383
03235300,MASSACHUSETTS SCHOOL OF LAW             ,MA,01810-1094,Private      ,1,106,107,14,535,549
03240300,TONI & GUY HAIRDRESSING ACADEMY         ,MA,01605-2213,Proprietary  ,39,42,81,117,115,232
03240301,TONI & GUY HAIRDRESSING ACADEMY - BRAINT,MA,02184-2807,Proprietary  ,5,2,7,5,2,7
03248300,BOSTON BAPTIST COLLEGE                  ,MA,02136-4000,Private      ,19,15,34,91,58,149
03316400,FUNERAL INSTITUTE OF THE NORTHEAST      ,MA,02062-4766,Proprietary  ,13,25,38,45,104,149
03504300,NATL GRAD SCH OF QUALITY SYSTM MGMT     ,MA,02540-0000,Private      ,0,21,21,0,54,54
03570500,NORTHPOINT BIBLE COLLEGE                ,MA,01835-0000,Private      ,48,31,79,212,157,369
03763300,MEDICAL PROFESSIONAL INSTITUTE          ,MA,02148-8143,Proprietary  ,22,113,135,62,350,412
03859300,E.I.N.E.                                ,MA,01876-4709,Proprietary  ,0,12,12,9,37,46
03927303,BRIO ACADEMY OF COSMETOLOGY - NORTHHAMPT,MA,01060-3947,Proprietary  ,6,35,41,23,66,89
03946300,FRANKLIN W. OLIN COLLEGE OF ENGINEERING ,MA,02492-1200,Private      ,8,0,8,586,13,599
03965300,NEW ENGLAND COLLEGE OF FINANCE          ,MA,02110-1605,Proprietary  ,15,205,220,82,772,854
04039300,SULLIVAN AND COGLIANO TRAINING CENTER   ,MA,02301-4921,Proprietary  ,35,480,515,73,1034,1107
04116900,DIGRIGOLI SCHOOL OF COSMETOLOGY         ,MA,01089-4623,Proprietary  ,17,26,43,56,76,132
04122000,TRI COUNTY REGIONAL VOCATIONAL TECHNICAL,MA,02038-0000,Public       ,1,25,26,11,93,104
04128000,MILLENNIUM TRAINING INSTITUTE           ,MA,01801-6386,Proprietary  ,2,78,80,4,136,140
04128900,CENTRAL MASS SCHOOL OF MASSAGE AND THERA,MA,01562-1712,Proprietary  ,0,7,7,2,18,20
04143200,HULT INTERNATIONAL BUSINESS SCHOOL      ,MA,02141-1805,Private      ,6,38,44,46,243,289
04153200,SOUTHERN WORCESTER COUNTY REGIONAL VOC S,MA,01507-1331,Public       ,1,8,9,11,43,54
04193100,ALEXANDER ACADEMY                       ,MA,01420-0000,Proprietary  ,7,23,30,17,60,77
00401200,HEBREW UNIVERSITY OF JERUSALEM (THE)    ,FC,00000-0000,Public       ,3,22,25,31,96,127
00403000,UNIVERSITY OF CAMBRIDGE                 ,FC,00000-0000,Public       ,2,10,12,6,86,92
00503400,AMERICAN UNIVERSITY OF CAIRO            ,FC,00000-0000,Private      ,17,33,50,61,132,193
00667100,KATHOLIEKE UNIVERSITEIT LEUVEN          ,FC,00000-0000,Private      ,1,6,7,3,28,31
00669000,UNIVERSITY OF COPENHAGEN                ,FC,00000-0000,Public       ,0,6,6,0,7,7
00669100,UNIVERSITY OF CAMBRIDGE - PEMBROKE      ,FC,00000-0000,Public       ,0,1,1,1,17,18
00669200,UNIVERSITY OF LEEDS                     ,FC,00000-0000,Public       ,2,10,12,20,89,109
00669300,UNIV OF LONDON-LONDON SCHOOL ECON       ,FC,00000-0000,Public       ,5,68,73,24,421,445
00669400,UNIVERSITY OF LONDON - SCHOOL OF ORIENTA,FC,00000-0000,Public       ,3,28,31,12,161,173
00669500,UNIV OF LONDON-UNIVERSITY COLLEGE       ,FC,00000-0000,Public       ,10,72,82,83,440,523
00669600,UNIV OF LONDON-SCH ADVANCED STUDY       ,FC,00000-0000,Public       ,0,4,4,0,10,10
00669700,"QUEEN MARY, UNIVERSITY OF LONDON        ",FC,00000-0000,Public       ,8,22,30,44,150,194
00669900,UNIVERSITY OF SUSSEX                    ,FC,00000-0000,Public       ,3,11,14,31,96,127
00670000,"UNIVERSITY OF YORK, THE                 ",FC,00000-0000,Public       ,3,23,26,20,161,181
00670400,UNIVERSITY COLLEGE CORK                 ,FC,00000-0000,Public       ,1,17,18,13,75,88
00671300,UPPSALA UNIVERSITY                      ,FC,00000-0000,Public       ,1,6,7,4,46,50
00671500,UNIVERSITY OF GENEVA                    ,FC,00000-0000,Public       ,0,15,15,7,93,100
00683900,UNIVERSITY OF EDINBURGH                 ,FC,00000-0000,Public       ,39,92,131,236,757,993
00684200,UNIVERSITY OF DUBLIN TRINITY COLLEG     ,FC,00000-0000,Public       ,8,42,50,65,223,288
00685000,UNIVERSITY OF CAMBRIDGE - DOWNING C     ,FC,00000-0000,Public       ,0,1,1,1,5,6
00763200,UNIVERSITY OF BRISTOL                   ,FC,00000-0000,Public       ,1,11,12,20,83,103
00768100,COLLEGE OF EUROPE                       ,FC,00000-0000,Private      ,1,0,1,1,9,10
00770500,ROYAL COLLEGE OF SURGEONS IN IRELAN     ,FC,00000-0000,Private      ,2,8,10,7,60,67
00788100,AMERICAN UNIVERSITY OF PARIS            ,FC,00000-0000,Private      ,31,34,65,443,261,704
00837100,AMERICAN UNIVERSITY OF BEIRUT           ,FC,00000-0000,Private      ,29,15,44,103,73,176
00837300,TEL-AVIV UNIVERSITY                     ,FC,00000-0000,Public       ,9,33,42,33,105,138
00837600,VRIJE UNIVERSITEIT AMSTERDAM            ,FC,00000-0000,Public       ,0,4,4,1,30,31
00837700,UNIVERSITEIT VAN AMSTERDAM(UNIVERSI     ,FC,00000-0000,Public       ,2,24,26,15,110,125
00838000,UNIVERSITY OF WARWICK                   ,FC,00000-0000,Public       ,1,13,14,18,67,85
00838300,UNIVERSITY OF GLASGOW                   ,FC,00000-0000,Public       ,7,72,79,61,391,452
00839300,UNIVERSITY OF OSLO                      ,FC,00000-0000,Public       ,0,6,6,2,29,31
00839400,UNIVERSITY OF OXFORD                    ,FC,00000-0000,Public       ,4,84,88,23,389,412
00839800,UNIVERSITY OF SHEFFIELD (THE)           ,FC,00000-0000,Public       ,1,15,16,12,91,103
00839900,UNIVERSITY OF SOUTHAMPTON               ,FC,00000-0000,Public       ,2,6,8,17,67,84
00845200,ABERYSTWYTH UNIVERSITY                  ,FC,00000-0000,Public       ,7,4,11,29,58,87
00845800,LOUGHBOROUGH UNIVERSITY                 ,FC,00000-0000,Public       ,0,2,2,5,16,21
00846000,UNIVERSITY OF NEWCASTLE UPON TYNE       ,FC,00000-0000,Public       ,3,12,15,16,107,123
00846100,UNIVERSITY OF SAINT ANDREWS             ,FC,00000-0000,Private      ,46,32,78,307,181,488
00850500,UNIVERSITY OF MELBOURNE                 ,FC,00000-0000,Public       ,1,43,44,23,165,188
00858600,SWANSEA UNIVERSITY                      ,FC,00000-0000,Public       ,0,8,8,13,61,74
00858700,UNIVERSITY OF DURHAM                    ,FC,00000-0000,Public       ,3,46,49,31,205,236
00866500,UNIVERSITY OF KENT AT CANTERBURY (THE)  ,FC,00000-0000,Public       ,6,27,33,41,176,217
00867000,UNIVERSITY OF NEW SOUTH WALES           ,FC,00000-0000,Public       ,4,14,18,24,73,97
00868700,UNIVERSITY OF ESSEX                     ,FC,00000-0000,Public       ,2,14,16,36,154,190
00869300,CITY UNIVERSITY                         ,FC,00000-0000,Public       ,4,36,40,24,185,209
00890800,THE UNIVERSITY OF BIRMINGHAM            ,FC,00000-0000,Public       ,4,25,29,14,118,132
00891000,UNIVERSITY OF HULL                      ,FC,00000-0000,Public       ,1,1,2,8,9,17
00892000,UNIVERSITY OF NOTTINGHAM                ,FC,00000-0000,Public       ,2,22,24,22,106,128
00900600,UNIVERSITY OF SALFORD (THE)             ,FC,00000-0000,Public       ,1,3,4,5,16,21
00908400,"UNIV OF LONDON, BIRKBECK                ",FC,00000-0000,Public       ,1,18,19,8,101,109
00908500,UNIV OF LONDON KING'S COLLEGE           ,FC,00000-0000,Public       ,6,87,93,64,435,499
00908600,UNIVERSITY OF LONDON - ROYAL HOLLOWAY   ,FC,00000-0000,Public       ,7,9,16,35,82,117
00914300,BAR-ILAN UNIVERSITY                     ,FC,00000-0000,Private      ,7,8,15,23,26,49
00924900,UNIVERSITY OF LIVERPOOL                 ,FC,00000-0000,Public       ,3,20,23,30,97,127
00936800,UNIVERSITY OF ABERDEEN                  ,FC,00000-0000,Public       ,5,16,21,42,129,171
00942300,ROYAL COLLEGE OF ART                    ,FC,00000-0000,Public       ,0,12,12,3,66,69
00942800,TECHNION-ISRAEL INST OF TECHLGY         ,FC,00000-0000,Public       ,1,18,19,5,52,57
00944200,UNIVERSITY OF EXETER                    ,FC,00000-0000,Public       ,2,19,21,21,98,119
00944400,UNIVERSITY OF LANCASTER                 ,FC,00000-0000,Public       ,0,4,4,15,57,72
00963400,UNIVERSITY OF OXFORD ST CATHERINE'S     ,FC,00000-0000,Public       ,1,3,4,5,9,14
00980800,UNIVERSITY OF STRATHCLYDE               ,FC,00000-0000,Public       ,2,10,12,13,44,57
00986000,UNIVERSITY OF SURREY                    ,FC,00000-0000,Public       ,1,4,5,10,37,47
00990600,PONTIFICAL NORTH AMERICAN COLLEGE       ,FC,00000-0000,Private      ,0,2,2,1,7,8
00992700,UNIVERSITY OF CAMBRIDGE - FITZWILLI     ,FC,00000-0000,Public       ,0,2,2,1,11,12
01006700,LUND UNIVERSITY                         ,FC,00000-0000,Public       ,1,3,4,4,67,71
01008400,UNIVERSITY OF CAPE TOWN                 ,FC,00000-0000,Public       ,3,13,16,8,65,73
01008700,UNIVERSITY OF OXFORD ST PETER'S COL     ,FC,00000-0000,Public       ,0,1,1,1,5,6
01008800,UNIVERSITY OF OXFORD - CORPUS CHRIS     ,FC,00000-0000,Public       ,0,0,0,1,1,2
01008900,CENTRAL SCHOOL OF SPEECH AND DRAMA      ,FC,00000-0000,Private      ,3,8,11,13,62,75
01009000,UNIVERSITY OF OXFORD - BALLIOL COLL     ,FC,00000-0000,Public       ,0,2,2,4,4,8
01014300,UNIVERSITY OF READING                   ,FC,00000-0000,Public       ,2,6,8,17,60,77
01015700,CARDIFF UNIVERSITY                      ,FC,00000-0000,Public       ,4,11,15,19,59,78
01015900,PONTIFICIA UNIVERSITA GREGORIANA        ,FC,00000-0000,Private      ,1,0,1,2,5,7
01016000,CG JUNG INST                            ,FC,00000-0000,Private      ,0,0,0,0,4,4
01018800,UNIVERSITY COLLEGE DUBLIN               ,FC,00000-0000,Public       ,5,43,48,51,265,316
01019000,UNIVERSITY OF CAMBRIDGE CHURCHILL C     ,FC,00000-0000,Public       ,0,1,1,0,4,4
01022800,UNIVERSITY OF STIRLING                  ,FC,00000-0000,Public       ,3,8,11,33,60,93
01033200,UNIVERSITY OF CAMBRIDGE - CLARE COL     ,FC,00000-0000,Public       ,0,1,1,0,7,7
01045600,UNIVERSITY OF HAIFA                     ,FC,00000-0000,Public       ,0,7,7,5,35,40
01047200,INST EUROPEEN OPEEN D'ADMINISTRATIO     ,FC,00000-0000,Private      ,0,17,17,0,52,52
01049300,CRANFIELD UNIVERSITY                    ,FC,00000-0000,Public       ,0,1,1,1,19,20
01052000,TRINITY LABAN CONSERVATOIRE OF MUSIC AND,FC,00000-0000,Public       ,0,3,3,4,12,16
01052500,UNIVERSITY OF HERTFORDSHIRE             ,FC,00000-0000,Public       ,0,5,5,13,19,32
01057400,LONDON INTRNTL FILM SCHOOL              ,FC,00000-0000,Private      ,0,5,5,4,21,25
01058800,AUSTRALIAN NATIONAL UNIVERSITY          ,FC,00000-0000,Public       ,4,6,10,18,42,60
01058900,BANGOR UNIVERSITY                       ,FC,00000-0000,Public       ,3,1,4,14,17,31
01059400,"RICHMOND, THE AMERICAN INT UNI IN LONDON",FC,00000-0000,Private      ,22,10,32,384,89,473
01059900,INST D'ETUDES POLITIQUES DE PARIS       ,FC,00000-0000,Public       ,1,21,22,16,140,156
01068100,MACQUARIE UNIVERSITY                    ,FC,00000-0000,Public       ,1,7,8,8,43,51
01069200,UNIVERSITY OF QUEENSLAND (THE)          ,FC,00000-0000,Public       ,2,86,88,11,207,218
01078900,UNIVERSITY OF OXFORD - WORCESTER CO     ,FC,00000-0000,Public       ,0,1,1,0,1,1
01079200,CITY AND GUILDS OF LONDON INSTITUTE     ,FC,00000-0000,Private      ,0,0,0,2,3,5
01079700,"NATIONAL UNIVERSITY OF IRELAND, MAY     ",FC,00000-0000,Public       ,2,5,7,18,20,38
01081600,KINGSTON UNIVERSITY                     ,FC,00000-0000,Public       ,7,35,42,62,223,285
01083800,UNIVERSITITY OF BERGEN (UOB)            ,FC,00000-0000,Public       ,0,2,2,1,6,7
01086400,UNIV OF DUNDEE                          ,FC,00000-0000,Public       ,0,10,10,7,52,59
01086600,UNIVERSITY OF OXFORD - MAGDALEN COLLEGE ,FC,00000-0000,Public       ,0,1,1,1,11,12
01086700,UNIVERSITY OF OXFORD ST JOHN'S COLL     ,FC,00000-0000,Public       ,0,1,1,2,8,10
01091400,MONASH UNIVERSITY                       ,FC,00000-0000,Public       ,3,10,13,9,40,49
01091500,UNIV OF EAST ANGLIA                     ,FC,00000-0000,Public       ,4,20,24,26,98,124
01094200,UNIVERSITY OF OXFORD - ST HUGH'S CO     ,FC,00000-0000,Public       ,0,5,5,0,11,11
01097700,UNIVERSIDAD CENTRAL DEL ESTE            ,FC,00000-0000,Private      ,33,213,246,91,825,916
01098000,SOMERVILLE COLLEGE                      ,FC,00000-0000,Public       ,2,1,3,4,3,7
01099900,UNIV OF OXFORD - WADHAM COLLEGE         ,FC,00000-0000,Public       ,0,2,2,0,3,3
01104400,PONTIFICIA UNIVERSITA SAN TOMMASO       ,FC,00000-0000,Private      ,0,0,0,0,8,8
01105300,UNIVERSITY OF OXFORD - ST HILDA'S C     ,FC,00000-0000,Public       ,0,3,3,1,5,6
01105400,UNIVERSITY OF OXFORD - ST ANNE'S CO     ,FC,00000-0000,Public       ,0,2,2,0,6,6
01105500,UNIV OF OXFORD - LADY MARGARET HALL     ,FC,00000-0000,Public       ,0,1,1,0,7,7
01105600,UNIVERSITY OF OXFORD - UNIVERSITY C     ,FC,00000-0000,Public       ,1,3,4,9,28,37
01105700,UNIVERSITY OF OXFORD - TRINITY COLL     ,FC,00000-0000,Public       ,0,2,2,3,10,13
01105800,UNIVERSITY OF OXFORD-ST EDMUND HALL     ,FC,00000-0000,Public       ,0,3,3,1,8,9
01105900,UNIVERSITY OF OXFORD ST ANTONY'S CO     ,FC,00000-0000,Public       ,0,9,9,0,35,35
01106000,UNIVERSITY OF OXFORD - QUEEN'S COLL     ,FC,00000-0000,Public       ,0,4,4,1,5,6
01106100,UNIVERSITY OF OXFORD - PEMBROKE COL     ,FC,00000-0000,Public       ,0,3,3,3,10,13
01106200,UNIVERSITY OF OXFORD - ORIEL COLLEG     ,FC,00000-0000,Public       ,0,3,3,0,10,10
01106300,UNIVERSITY OF OXFORD - NUFFIELD COL     ,FC,00000-0000,Public       ,0,1,1,0,2,2
01106400,UNIVERSITY OF OXFORD - NEW COLLEGE      ,FC,00000-0000,Public       ,0,2,2,2,8,10
01106500,UNIVERSITY OF OXFORD MERTON COLLEGE     ,FC,00000-0000,Public       ,0,5,5,1,9,10
01106600,UNIVERSITY OF OXFORD - LINCOLN COLL     ,FC,00000-0000,Public       ,0,2,2,0,6,6
01106700,UNIVERSITY OF OXFORD - KEBLE COLLEG     ,FC,00000-0000,Public       ,0,2,2,0,5,5
01106800,UNIVERSITY OF OXFORD - JESUS COLLEG     ,FC,00000-0000,Public       ,0,0,0,0,5,5
01106900,UNIVERSITY OF OXFORD - HERTFORD COL     ,FC,00000-0000,Public       ,0,2,2,0,7,7
01107000,UNIVERSITY OF OXFORD EXETER COLLEGE     ,FC,00000-0000,Public       ,0,1,1,2,4,6
01107100,UNIV OF OXFORD - CHRIST CHURCH          ,FC,00000-0000,Public       ,0,5,5,0,11,11
01107200,UNIVERSITY OF OXFORD - BRASENOSE CO     ,FC,00000-0000,Public       ,0,1,1,0,3,3
01109100,FLINDERS UNIVERSITY OF S AUSTRALIA      ,FC,00000-0000,Public       ,0,2,2,2,24,26
01109400,UNIVERSITY OF WESTERN AUSTRALIA (THE)   ,FC,00000-0000,Public       ,1,4,5,8,20,28
01121400,UNIVERSITY OF THE WITWATERSRAND         ,FC,00000-0000,Public       ,3,4,7,5,22,27
01122600,AARHUS UNIVERSITY                       ,FC,00000-0000,Public       ,0,12,12,3,26,29
01156700,"IMPERIAL COLLEGE OF SCIENCE, TECHNOLOGY ",FC,00000-0000,Public       ,5,13,18,23,101,124
01167900,UNIVERSITY OF BATH                      ,FC,00000-0000,Public       ,0,6,6,20,50,70
01168300,FRANKLIN COLLEGE  SWITZERLAND           ,FC,00000-0000,Private      ,6,1,7,320,18,338
01175800,UNIV OF CAMBRIDGE - PETERHOUSE          ,FC,00000-0000,Public       ,0,2,2,0,6,6
01176400,ROYAL ACADEMY OF MUSIC                  ,FC,00000-0000,Public       ,1,6,7,7,23,30
01176500,GOLDSMITHS' COLLEGE-UNIV OF LONDON      ,FC,00000-0000,Public       ,5,28,33,48,149,197
01176600,UNIV OF LONDON - INST OF EDUC           ,FC,00000-0000,Public       ,0,7,7,3,42,45
01178000,BRUNEL UNIVERSITY                       ,FC,00000-0000,Public       ,1,9,10,10,52,62
01183800,UNIVERSITY OF OXFORD - MANSFIELD CO     ,FC,00000-0000,Public       ,0,4,4,1,7,8
01207500,UNIVERSITY CAMBRIDGE - TRINITY COLL     ,FC,00000-0000,Public       ,0,0,0,2,18,20
01207800,VICTORIA UNIV OF WELLINGTON             ,FC,00000-0000,Public       ,3,4,7,19,39,58
01209600,ECOLE HÔTELIERE DE LAUSANNE             ,FC,00000-0000,Private      ,1,3,4,6,8,14
01210100,UNIVERSITY OF CAMBRIDGE - GIRTON CO     ,FC,00000-0000,Public       ,0,1,1,0,8,8
01213600,VICTORIA UNIV OF MANCHESTER (THE)       ,FC,00000-0000,Public       ,3,23,26,32,146,178
01219800,UNIVERSITY OF BRADFORD                  ,FC,00000-0000,Public       ,0,3,3,2,23,25
01220100,UNIVERSITY OF OXFORD - REGENT'S PAR     ,FC,00000-0000,Public       ,0,1,1,1,5,6
01220600,JAMES COOK UNIVERSITY                   ,FC,00000-0000,Public       ,2,12,14,22,64,86
01221500,BIRMINGHAM CITY UNIVERSITY              ,FC,00000-0000,Public       ,4,9,13,12,33,45
01222300,JAGIELLONIAN UNIVERSITY COLLEGIUM M     ,FC,00000-0000,Public       ,0,10,10,3,24,27
01222500,UNIVERSITY OF SZEGED FACULTY OF MEDICINE,FC,00000-0000,Public       ,0,2,2,1,10,11
01225800,ASTON UNIVERSITY                        ,FC,00000-0000,Public       ,0,4,4,4,19,23
01227500,UNIVERSITY OF OXFORD - WOLFSON COLL     ,FC,00000-0000,Public       ,0,6,6,0,26,26
01230200,GONVILLE & CAIUS COLLEGE                ,FC,00000-0000,Public       ,0,1,1,2,3,5
01233300,UNIVERSITY OF THE ARTS LONDON IDO - CAMB,FC,00000-0000,Public       ,0,0,0,15,12,27
01233500,ROYAL COLLEGE OF MUSIC                  ,FC,00000-0000,Public       ,2,5,7,11,25,36
01234100,UNIVERSITY OF WALES - ST DAVID'S UN     ,FC,00000-0000,Public       ,1,5,6,5,22,27
01242100,UNIV OF AUCKLAND                        ,FC,00000-0000,Public       ,4,14,18,27,79,106
01253900,UNIVERSITY OF THE ARTS LONDON IDO - CENT,FC,00000-0000,Public       ,0,0,0,23,31,54
01254000,UNIVERSIDAD DE NAVARRA                  ,FC,00000-0000,Private      ,6,5,11,17,22,39
01276500,UNIVERSITY OF OXFORD - LINACRE COLL     ,FC,00000-0000,Public       ,0,3,3,0,10,10
01276600,"NATIONAL UNIVERSITY IRELAND, GALWAY     ",FC,00000-0000,Public       ,1,8,9,32,90,122
01280200,PONTIFICIA UNIV CATOLICA MAD Y MAES     ,FC,00000-0000,Private      ,90,43,133,165,96,261
01281100,INST TECNOLOGICO DE SANTO DOMINGO       ,FC,00000-0000,Private      ,12,23,35,43,58,101
01283900,UNIVERSITY OF CAMBRIDGE - SAINT JOH     ,FC,00000-0000,Public       ,0,1,1,0,11,11
01297800,UNIVERSITY OF HUDDERSFIELD (THE)        ,FC,00000-0000,Public       ,0,6,6,8,19,27
01315300,MASSEY UNIVERSITY                       ,FC,00000-0000,Public       ,2,6,8,6,39,45
01322500,COLLEGE OF LAW                          ,FC,00000-0000,Private      ,0,0,0,0,2,2
02052400,DARWIN COLLEGE                          ,FC,00000-0000,Public       ,0,1,1,0,9,9
02082400,UNIVERSITY OF CAMBRIDGE - QUEEN'S C     ,FC,00000-0000,Public       ,1,2,3,1,24,25
02083400,UNIVERSITY OF CAMBRIDGE - WOLFSON C     ,FC,00000-0000,Public       ,0,2,2,0,17,17
02087400,UNIVERSITY OF CAMBRIDGE - NEWNHAM C     ,FC,00000-0000,Public       ,0,4,4,1,8,9
02087900,OXFORD BROOKES UNIVERSITY               ,FC,00000-0000,Public       ,6,10,16,27,88,115
02094100,BEN-GURION UNIV                         ,FC,00000-0000,Public       ,0,2,2,0,126,126
02094400,UNIV OF CAMBRIDGE - ST EDMUND'S HOU     ,FC,00000-0000,Public       ,0,2,2,2,15,17
02095500,LONDON BUS SCHOOL                       ,FC,00000-0000,Public       ,1,17,18,6,112,118
02101900,ROEHAMPTON UNIVERSITY                   ,FC,00000-0000,Public       ,2,15,17,17,97,114
02108600,LONDON ACADEMY OF MUSIC & DRAMATIC      ,FC,00000-0000,Private      ,2,6,8,13,32,45
02115900,UNIVERSITY OF PORTSMOUTH                ,FC,00000-0000,Public       ,1,3,4,10,21,31
02116700,UNIVERSITY OF CAMBRIDGE - LUCY CAVE     ,FC,00000-0000,Public       ,0,0,0,1,3,4
02120000,UNIV OF LONDON - COURTALD INST OF A     ,FC,00000-0000,Public       ,0,6,6,3,37,40
02133400,UNIVERSITY OF CAMBRIDGE - SIDNEY SU     ,FC,00000-0000,Public       ,0,1,1,0,8,8
02142000,UNIVERSITY OF CAMBRIDGE - HOMERTON      ,FC,00000-0000,Public       ,0,3,3,0,7,7
02149700,UNIVERSITY OF WINCHESTER (THE)          ,FC,00000-0000,Public       ,2,3,5,19,12,31
02156800,UNIV OF OTAGO                           ,FC,00000-0000,Public       ,2,4,6,11,26,37
02162300,"IESE BUSINESS SCH, UNIV OF NAVARRA      ",FC,00000-0000,Private      ,1,17,18,8,64,72
02167400,UNIVERSITY OF CAMBRIDGE - CORPUS CH     ,FC,00000-0000,Public       ,0,5,5,0,11,11
02177700,KING'S COLLEGE- UNIV OF CAMBRIDGE       ,FC,00000-0000,Public       ,0,2,2,4,28,32
02180500,MIDDLESEX UNIVERSITY                    ,FC,00000-0000,Public       ,3,24,27,39,93,132
02181000,UNIVERSITY OF SOUTH AUSTRALIA           ,FC,00000-0000,Public       ,1,3,4,6,9,15
02183500,UNIV OF OXFORD - WYCLIFFE HALL          ,FC,00000-0000,Public       ,0,2,2,1,9,10
02186000,UNIVERSITY OF CAMBRIDGE - MAGDALENE     ,FC,00000-0000,Public       ,0,0,0,1,5,6
02186100,UNIVERSITY OF CAMBRIDGE - EMMANUEL      ,FC,00000-0000,Public       ,0,1,1,0,6,6
02189600,UNIVERSITY OF GRONINGEN                 ,FC,00000-0000,Public       ,2,3,5,4,27,31
02194800,UNIVERSITY OF THE WEST OF ENGLAND -     ,FC,00000-0000,Public       ,2,1,3,9,10,19
02195100,UNIV OF WESTMINSTER                     ,FC,00000-0000,Public       ,6,18,24,54,123,177
02196700,GUILDHALL SCHOOL OF MUSIC & DRAMA       ,FC,00000-0000,Public       ,3,7,10,14,21,35
02207300,UNIVERSITY OF CAMBRIDGE - CHRIST'S      ,FC,00000-0000,Public       ,0,0,0,1,5,6
02207400,CHINESE UNIVERSITY OF HONG KONG (THE)   ,FC,00000-0000,Public       ,0,9,9,18,48,66
02209500,UNIVERSITEIT UTRECHT                    ,FC,00000-0000,Public       ,2,6,8,14,50,64
02210000,UNIV OF LONDON - LONDON SCHOOL OF H     ,FC,00000-0000,Public       ,0,20,20,3,86,89
02212300,UNIVERSITY OF CAMBRIDGE - ROBINSON      ,FC,00000-0000,Public       ,0,1,1,0,1,1
02225300,UNIV OF CANTERBURY                      ,FC,00000-0000,Public       ,0,7,7,4,38,42
02229100,UNIVERSITY OF LEICESTER                 ,FC,00000-0000,Public       ,3,18,21,17,107,124
02229600,SACKLER SCHOOL OF MEDICINE              ,FC,00000-0000,Public       ,0,11,11,1,152,153
02232100,UNIVERSITY OF CAMBRIDGE                 ,FC,00000-0000,Public       ,1,4,5,2,23,25
02233300,"ST GEORGE'S UNIVERSITY, SCHOOL OF MEDICI",FC,00000-0000,Proprietary  ,3,736,739,20,3449,3469
02235300,LONDON METROPOLITAN UNIVERSITY          ,FC,00000-0000,Public       ,7,25,32,25,77,102
02244400,AMERICAN UNIV OF THE CARIBBEAN          ,FC,00000-0000,Proprietary  ,3,305,308,14,1610,1624
02266600,UNIVERSITY OF LONDON - SAINT GEORGE     ,FC,00000-0000,Public       ,0,6,6,2,25,27
02271700,UNIVERSITY OF CAMBRIDGE - CLARE HAL     ,FC,00000-0000,Public       ,0,1,1,0,4,4
02271900,UNIVERSITY OF OXFORD - BLACKFRIARS      ,FC,00000-0000,Public       ,0,0,0,0,5,5
02272200,UNIV OF CAMBRIDGE - NEW HALL            ,FC,00000-0000,Public       ,0,1,1,0,4,4
02273600,QUEEN'S UNIV OF BELFAST (THE)           ,FC,00000-0000,Public       ,1,16,17,12,71,83
02273900,HERIOT WATT UNIVERSITY                  ,FC,00000-0000,Public       ,0,10,10,9,42,51
02276700,NYENRODE BUSINESS UNIVERSITEIT          ,FC,00000-0000,Private      ,0,1,1,0,2,2
02293400,ECOLE DES HAUTES ETUDES COMERCIALS      ,FC,00000-0000,Public       ,0,5,5,0,24,24
02296300,UNIVERSITY OF CAMBRIDGE - JESUS COL     ,FC,00000-0000,Public       ,0,3,3,0,7,7
02310500,DE MONTFORT UNIVERSITY                  ,FC,00000-0000,Public       ,0,2,2,3,7,10
02320500,ROYAL NORTHERN COLLEGE OF MUSIC         ,FC,00000-0000,Public       ,0,2,2,0,12,12
02335100,UNIV OF CAMBRIDGE - TRINITY HALL        ,FC,00000-0000,Public       ,1,4,5,2,16,18
02338900,UNIVERSITY  FOR THE CREATIVE ARTS       ,FC,00000-0000,Public       ,1,2,3,8,12,20
02351800,UNIVERSIDAD IBEROAMERICANA (UNIBE       ,FC,00000-0000,Private      ,31,132,163,102,468,570
02352100,UNIVERSITY OF PLYMOUTH                  ,FC,00000-0000,Public       ,0,4,4,5,19,24
02355200,ECOLE SUPERIEURE DE CUISINE FRANCAISE-FE,FC,00000-0000,Public       ,1,5,6,4,17,21
02493000,ESCUELA SUPERIOR ADMINISTRACION Y D     ,FC,00000-0000,Private      ,1,6,7,5,25,30
02496700,NATIONAL FILM & TV SCHOOL               ,FC,00000-0000,Public       ,0,2,2,0,8,8
02502600,PECSI ORVOSTUDOMANYI EGYETEM (PECS      ,FC,00000-0000,Public       ,0,0,0,0,2,2
02545700,GLASGOW SCHOOL OF ART                   ,FC,00000-0000,Public       ,2,5,7,8,27,35
02561600,SOUTHAMPTON SOLENT UNIVERSITY           ,FC,00000-0000,Public       ,1,2,3,8,8,16
02579600,MURDOCH UNIVERSITY                      ,FC,00000-0000,Public       ,0,4,4,1,48,49
02588000,UNIVERSITY OF ULSTER                    ,FC,00000-0000,Public       ,0,4,4,5,17,22
02591800,CURTIN UNIVERSITY OF TECHNOLOGY         ,FC,00000-0000,Public       ,1,3,4,3,11,14
02611700,DUBLIN CITY UNIVERSITY                  ,FC,00000-0000,Public       ,2,5,7,10,36,46
02623200,UNIVERSITY OF NEWCASTLE (THE)           ,FC,00000-0000,Public       ,0,5,5,11,15,26
03012700,UNIVERSITY OF BUCKINGHAM                ,FC,00000-0000,Private      ,0,2,2,5,7,12
03029400,KEELE UNIVERSITY                        ,FC,00000-0000,Public       ,1,4,5,19,21,40
03029500,NORTHUMBRIA UNIVERSITY                  ,FC,00000-0000,Public       ,2,7,9,7,27,34
03029800,NORGES HANDELSHOYSKOLE                  ,FC,00000-0000,Public       ,0,0,0,1,3,4
03033300,MANCHESTER METROPOLITAN UNIV            ,FC,00000-0000,Public       ,3,8,11,24,46,70
03045000,UNIVERSITY OF EAST LONDON               ,FC,00000-0000,Public       ,3,26,29,34,78,112
03050100,STUDIO ART CENTERS INTERNATIONAL        ,FC,00000-0000,Private      ,1,2,3,20,42,62
03066800,PONTIFICIO ATENEO DELLA SANTA CROCE     ,FC,00000-0000,Private      ,0,1,1,0,6,6
03067200,UNIVERSITY OF SYDNEY                    ,FC,00000-0000,Public       ,4,44,48,25,195,220
03073800,UNIV OF DEBRECEN MED & HEALTH SCI       ,FC,00000-0000,Public       ,2,8,10,5,19,24
03080300,SHEFFIELD HALLAM UNIVERSITY             ,FC,00000-0000,Public       ,1,3,4,2,15,17
03084300,UNIVERSITY OF LIMERICK                  ,FC,00000-0000,Public       ,2,10,12,23,57,80
03088700,ROYAL SCOTTISH ACAD MUSIC & DRAMA       ,FC,00000-0000,Public       ,4,6,10,25,22,47
03091400,UNIVERSITY OF WOLLONGONG                ,FC,00000-0000,Public       ,0,5,5,4,20,24
03091500,UNIVERSITY OF CANBERRA                  ,FC,00000-0000,Public       ,1,0,1,2,10,12
03091700,POZNAN UNIVERSITY OF MEDICAL SCIENCES   ,FC,00000-0000,Public       ,0,25,25,7,73,80
03092500,NOTTINGHAM TRENT UNIVERSITY             ,FC,00000-0000,Public       ,0,8,8,11,28,39
03095000,RMIT UNIVERSITY                         ,FC,00000-0000,Public       ,4,4,8,12,37,49
03095400,BOND UNIVERSITY                         ,FC,00000-0000,Private      ,0,13,13,11,40,51
03095900,ESSEC BUSINESS SCHOOL                   ,FC,00000-0000,Private      ,0,3,3,0,13,13
03096100,LA TROBE UNIVERSITY                     ,FC,00000-0000,Public       ,1,9,10,7,25,32
03096900,DEAKIN UNIVERSITY                       ,FC,00000-0000,Public       ,1,1,2,4,6,10
03097100,UNIVERSITY OF WESTERN SYDNEY            ,FC,00000-0000,Public       ,0,2,2,3,5,8
03097300,VICTORIA UNIVERSITY OF TECHNOLOGY       ,FC,00000-0000,Public       ,1,3,4,4,11,15
03097500,CENTRAL QUEENSLAND UNIVERSITY           ,FC,00000-0000,Public       ,0,5,5,1,9,10
03100000,UNIVERSITY OF ADELAIDE (THE)            ,FC,00000-0000,Public       ,1,3,4,4,15,19
03101600,ASIAN INSTITUTE OF MANAGEMENT           ,FC,00000-0000,Private      ,2,7,9,3,25,28
03102500,AMERICAN UNIVERSITY OF ROME             ,FC,00000-0000,Private      ,13,16,29,149,70,219
03102800,ROBERT GORDON UNIVERSITY (THE)          ,FC,00000-0000,Public       ,2,12,14,3,41,44
03104800,GRIFFITH UNIVERSITY                     ,FC,00000-0000,Public       ,3,12,15,10,33,43
03136300,AUSTRALIAN CATHOLIC UNIVERSITY          ,FC,00000-0000,Public       ,1,2,3,4,7,11
03140300,EDITH COWAN UNIVERSITY                  ,FC,00000-0000,Public       ,0,1,1,3,3,6
03140400,NORTHERN TERRITORY UNIVERSITY           ,FC,00000-0000,Public       ,0,0,0,0,1,1
03140500,QUEENSLAND UNIVERSITY OF TECHNOLOGY     ,FC,00000-0000,Public       ,2,3,5,5,20,25
03140600,SOUTHERN CROSS UNIVERSITY               ,FC,00000-0000,Public       ,0,4,4,2,18,20
03140700,SWINBURNE UNIVERSITY OF TECHNOLOGY      ,FC,00000-0000,Public       ,0,3,3,0,9,9
03140900,UNIVERSITY OF BALLARAT                  ,FC,00000-0000,Public       ,0,1,1,0,2,2
03150400,"UNIVERSITY OF TECHNOLOGY, SYDNEY        ",FC,00000-0000,Public       ,1,9,10,4,30,34
03287300,LIVERPOOL INSTITUTE FOR PERFORMING ARTS ,FC,00000-0000,Public       ,2,0,2,13,0,13
03300300,"2ND SCHOOL OF MEDICINE, CHARLES UNI     ",FC,00000-0000,Public       ,1,3,4,2,14,16
03300400,"FIRST FACULTY OF MEDICINE, CHARLES UNIV.",FC,00000-0000,Public       ,0,11,11,3,35,38
03329300,JOHN CABOT UNIVERSITY                   ,FC,00000-0000,Private      ,16,6,22,161,34,195
03333300,MEDICAL UNIVERSITY SCHOOL OF LUBLIN     ,FC,00000-0000,Public       ,4,64,68,5,160,165
03334300,UNIVERSIDAD NORDESTANA                  ,FC,00000-0000,Private      ,1,14,15,13,70,83
03335300,MEDICAL UNIVERSITY OF SILESIA           ,FC,00000-0000,Public       ,4,22,26,4,33,37
03342300,GLASGOW CALEDONIAN UNIVERSITY           ,FC,00000-0000,Public       ,0,3,3,6,19,25
03349400,"QUEEN MARGARET UNIVERSITY, EDINBURGH    ",FC,00000-0000,Public       ,1,3,4,3,32,35
03350300,BOURNEMOUTH UNIVERSITY                  ,FC,00000-0000,Public       ,0,4,4,7,25,32
03352300,LONDON SOUTH BANK UNIVERSITY            ,FC,00000-0000,Private      ,3,11,14,13,42,55
03363300,THE ARTS EDUCATIONAL SCHOOLS LONDON     ,FC,00000-0000,Private      ,0,0,0,0,2,2
03364300,"FACULTY OF MEDICINE, PALACKY UNIVER     ",FC,00000-0000,Public       ,0,1,1,0,4,4
03365400,AUCKLAND INSTITUTE OF TECHNOLOGY        ,FC,00000-0000,Public       ,1,3,4,8,14,22
03366300,TROPICAL AGRICULTURE RESEARCH AND H     ,FC,00000-0000,Private      ,0,1,1,0,3,3
03378300,"THE 3RD FACULTY OF MEDICINE, CHARLE     ",FC,00000-0000,Public       ,0,1,1,1,8,9
03406300,"THE SCHOOL OF PHARMACY, UNIVERSITY      ",FC,00000-0000,Public       ,0,0,0,0,3,3
03418400,NAPIER UNIVERSITY                       ,FC,00000-0000,Public       ,3,7,10,11,50,61
03435300,ANGLIA  RUSKIN UNIVERSITY               ,FC,00000-0000,Private      ,5,7,12,14,29,43
03460300,INTERNATIONALES THEOLOGISCHES INSTI     ,FC,00000-0000,Private      ,2,7,9,2,18,20
03462400,UNIV OF ARTS LONDON - LON COLL OF COMMUN,FC,00000-0000,Public       ,0,0,0,14,14,28
03466300,INSTITUTO CENTROAMERICANO DE ADMINI     ,FC,00000-0000,Private      ,0,0,0,1,0,1
03473300,UNIV OF ARTS LONDON - LON COLL FASHION  ,FC,00000-0000,Public       ,36,45,81,125,135,260
03473305,UNIVERSITY OF THE ARTS LONDON - CHELSEA ,FC,00000-0000,Public       ,0,0,0,12,6,18
03473311,UNIVERSITY OF THE ARTS LONDON - WIMBLEDO,FC,00000-0000,Public       ,0,0,0,2,5,7
03478300,ROYAL WELSH COLLEGE OF MUSIC AND DRAMA  ,FC,00000-0000,Public       ,0,3,3,15,17,32
03492300,UNIVERSITY OF OXFORD - GREEN TEMPLETON C,FC,00000-0000,Public       ,0,5,5,0,17,17
03492400,UNIV OF CAMBRIDGE-ST CATHERINE'S CG     ,FC,00000-0000,Public       ,0,2,2,0,5,5
03494400,UNIV OF CAMBRIDGE-SELWYN COLLEGE        ,FC,00000-0000,Public       ,0,1,1,0,7,7
03494600,UNIV OF OXFORD-HARRIS MANCHESTER        ,FC,00000-0000,Public       ,0,0,0,1,3,4
03501400,LEEDS METROPOLITAN UNIVERSITY           ,FC,00000-0000,Public       ,3,9,12,16,37,53
03507300,UNIVERSITY OF SUNDERLAND                ,FC,00000-0000,Public       ,0,1,1,5,12,17
03515300,UNIVERSITY OF CENTRAL LANCASHIRE        ,FC,00000-0000,Public       ,0,2,2,3,18,21
03517300,UNIVERSITY OF BRIGHTON                  ,FC,00000-0000,Public       ,0,3,3,10,32,42
03518300,EUROPEAN GRADUATE SCHOOL                ,FC,00000-0000,Private      ,0,10,10,0,88,88
03527300,SOFIA UNIVERSITY ST. KLIMENT OHRIDSKI   ,FC,00000-0000,Public       ,0,2,2,1,9,10
03533300,BATH SPA UNIVERSITY                     ,FC,00000-0000,Public       ,4,9,13,12,32,44
03547300,UNIVERSITY OF GLAMORGAN                 ,FC,00000-0000,Public       ,0,3,3,5,13,18
03580300,LIVERPOOL JOHN MOORES UNIVERSITY        ,FC,00000-0000,Public       ,0,2,2,6,7,13
03589400,ARTS INSTITUTE AT BOURNEMOUTH (THE)     ,FC,00000-0000,Public       ,4,1,5,10,8,18
03590300,AVONDALE COLLEGE LIMITED                ,FC,00000-0000,Private      ,0,0,0,3,4,7
03594300,GROUP ESC GRENOBLE GRAD SCH OF BUS.     ,FC,00000-0000,Private      ,0,3,3,0,22,22
03597300,JAGIELLONIAN UNIVERSITY                 ,FC,00000-0000,Public       ,0,11,11,1,27,28
03601300,UNIVERSITAT JAUME I DE CASTELLO/UJI     ,FC,00000-0000,Public       ,0,2,2,1,13,14
03619300,UNIVERSITY OF GREENWICH                 ,FC,00000-0000,Public       ,2,6,8,31,48,79
03653400,UNIVERSIDAD DE IBEROAMERICA - UNIBE     ,FC,00000-0000,Private      ,1,9,10,3,33,36
03674300,UNIVERSITY OF ABERTAY DUNDEE            ,FC,00000-0000,Public       ,0,1,1,1,6,7
03684400,UNIVERSITY OF LINCOLN                   ,FC,00000-0000,Public       ,2,2,4,16,31,47
03684500,MEDICAL UNIVERSITY OF GDANSK            ,FC,00000-0000,Public       ,0,3,3,0,13,13
03694300,UNIVERSITY OF CHICHESTER                ,FC,00000-0000,Public       ,2,0,2,5,1,6
03716300,"UNIVERSITY OF WALES, NEWPORT            ",FC,00000-0000,Public       ,0,1,1,3,10,13
03727400,UNIVERSITY OF WAIKATO (THE)             ,FC,00000-0000,Public       ,0,0,0,4,12,16
03738300,LONDON SCHOOL OF THEOLOGY               ,FC,00000-0000,Private      ,1,1,2,1,7,8
03741300,ALRA (ACADEMY OF LIVE AND RECORDED ARTS),FC,00000-0000,Private      ,0,4,4,9,12,21
03770300,NAZARENE THEOLOGICAL COLLEGE            ,FC,00000-0000,Private      ,0,0,0,0,4,4
03780300,SABA UNIVERSITY SCHOOL OF MEDICINE      ,FC,00000-0000,Proprietary  ,1,106,107,1,106,107
03794400,ANGLO EUROPEAN COLLEGE OF CHIROPRACTIC  ,FC,00000-0000,Private      ,0,0,0,1,3,4
03807300,ROSE BRUFORD COLLEGE                    ,FC,00000-0000,Public       ,2,4,6,5,11,16
03816400,AMERICAN GRAD SCH OF INTERNTL REL & DIPL,FC,00000-0000,Private      ,3,11,14,8,68,76
03818300,LEIPZIG GRADUATE SCHOOL OF MANAGEMENT   ,FC,00000-0000,Private      ,1,2,3,2,20,22
03824300,"ROYAL VETERINARY COLLEGE (THE), UNIVERSI",FC,00000-0000,Public       ,2,32,34,4,145,149
03829300,INTERNATIONAL CHRISTIAN COLLEGE         ,FC,00000-0000,Private      ,0,1,1,0,1,1
03850500,MEDICAL UNIVERSITY OF LODZ              ,FC,00000-0000,Public       ,0,4,4,3,17,20
03859400,UNIVERSITY COLLEGE FALMOUTH             ,FC,00000-0000,Public       ,0,1,1,12,8,20
03873300,COPENHAGEN BUSINESS SCHOOL              ,FC,00000-0000,Public       ,0,3,3,2,12,14
03880300,UNIVERSITY OF GLOUCESTERSHIRE (THE)     ,FC,00000-0000,Public       ,0,2,2,2,9,11
03897400,INTERNATIONAL SPACE UNIVERSITY          ,FC,00000-0000,Private      ,0,1,1,0,5,5
03941301,AVE MARIA UNIVERSITY - LATIN AMERICA    ,FC,00000-0000,Private      ,32,6,38,108,38,146
03974300,"ST. GEORGE'S UNIVERSITY, SCHOOL OF VETER",FC,00000-0000,Proprietary  ,1,107,108,8,590,598
04021400,"AMERICAN COLLEGE, DUBLIN LIMITED (THE)  ",FC,00000-0000,Private      ,5,5,10,28,31,59
04021500,CENTRAL EUROPEAN UNIVERSITY             ,FC,00000-0000,Private      ,0,11,11,3,95,98
04032300,YORK ST JOHN UNIVERSITY                 ,FC,00000-0000,Public       ,0,1,1,6,3,9
04046300,HK UNIVERSITY OF SCI & TECH (HKUST)     ,FC,00000-0000,Public       ,0,2,2,4,17,21
04070300,"RAPHAEL RECANATI INTERNATIONAL SCHOOL, T",FC,00000-0000,Private      ,34,24,58,81,60,141
04076300,NEWCASTLE COLLEGE                       ,FC,00000-0000,Public       ,0,0,0,1,2,3
04085400,NEW ZEALAND COLLEGE OF CHIROPRACTIC     ,FC,00000-0000,Private      ,0,1,1,0,4,4
04113300,LEBANESE AMERICAN UNIVERSITY            ,FC,00000-0000,Private      ,20,7,27,58,25,83
04115900,LIVERPOOL HOPE UNIVERSITY               ,FC,00000-0000,Public       ,2,2,4,5,9,14
04116300,EDHEC BUSINESS SCHOOL                   ,FC,00000-0000,Private      ,0,4,4,0,19,19
04128600,UNIVERSITY OF WORCESTER                 ,FC,00000-0000,Public       ,0,0,0,4,5,9
04128700,HERTIE SCHOOL OF GOVERNANCE             ,FC,00000-0000,Private      ,0,4,4,4,32,36
04134200,LONDON CONTEMPORARY DANCE SCHOOL        ,FC,00000-0000,Private      ,3,1,4,3,4,7
04139100,UNIVERSITA DEGLI STUDI DI SCIENZE GASTRO,FC,00000-0000,Private      ,0,3,3,1,28,29
04143700,ST MARY'S UNIVERSITY COLLEGE TWICKENHAM ,FC,00000-0000,Public       ,4,7,11,14,36,50
04168200,EUROPEAN UNIVERSITY AT ST. PETERSBURG   ,FC,00000-0000,Private      ,0,1,1,4,33,37
04171800,"INTERNATIONAL UNIVERSITY OF NURSING, ST.",FC,00000-0000,Proprietary  ,0,0,0,2,4,6
04176500,ESMT EUROPEAN SCHOOL OF MANAGEMENT AND T,FC,00000-0000,Private      ,0,5,5,4,19,23
00380600,ALDERSON-BROADDUS COLLEGE               ,WV,26416-1051,Private      ,73,50,123,1961,423,2384
00380700,MOUNTAIN STATE UNIVERSITY               ,WV,25801-5624,Private      ,11,64,75,42,161,203
00380800,BETHANY COLLEGE                         ,WV,26032-0417,Private      ,91,19,110,1200,130,1330
00380900,BLUEFIELD STATE COLLEGE                 ,WV,24701-2198,Public       ,150,407,557,1385,1807,3192
00381000,CONCORD UNIVERSITY                      ,WV,24712-0000,Public       ,164,289,453,2915,1519,4434
00381100,DAVIS & ELKINS COLLEGE                  ,WV,26241-3996,Private      ,61,52,113,1082,335,1417
00381200,FAIRMONT STATE UNIVERSITY               ,WV,26554-2470,Public       ,371,627,998,5085,3284,8369
00381300,GLENVILLE STATE COLLEGE                 ,WV,26351-1292,Public       ,98,115,213,1502,598,2100
00381500,MARSHALL UNIVERSITY                     ,WV,25755-3300,Public       ,630,1327,1957,10448,7235,17683
00381600,SOUTHERN WV COMMUNITY COLLEGE           ,WV,25637-2900,Public       ,185,381,566,1256,1459,2715
00381800,UNIVERSITY OF CHARLESTON                ,WV,25304-1099,Private      ,153,432,585,1922,2003,3925
00381900,OHIO VALLEY COLLEGE                     ,WV,26105-8000,Private      ,47,44,91,493,181,674
00382000,SALEM INTERNATIONAL UNIVERSITY          ,WV,26426-0500,Proprietary  ,73,264,337,396,799,1195
00382200,SHEPHERD UNIVERSITY                     ,WV,25443-5000,Public       ,230,265,495,4042,1671,5713
00382300,WEST LIBERTY UNIVERSITY                 ,WV,26074-0295,Public       ,169,176,345,3090,1049,4139
00382600,WEST VIRGINIA STATE UNIVERSITY          ,WV,25112-0000,Public       ,183,400,583,2451,2070,4521
00382700,WEST VIRGINIA UNIVERSITY                ,WV,26506-6201,Public       ,1141,1289,2430,26391,9719,36110
00382711,WEST VIRGINIA UNIVERSITY - POTOMAC STATE,WV,26726-3000,Public       ,123,140,263,1935,657,2592
00382721,WEST VIRGINIA UNIV INST OF TECH         ,WV,25136-2436,Public       ,84,118,202,1438,668,2106
00382800,WEST VIRGINIA UNIV AT PARKERSBURG       ,WV,26101-9577,Public       ,243,706,949,1822,2744,4566
00383000,WEST VIRGINIA WESLEYAN COLLEGE          ,WV,26201-2600,Private      ,59,63,122,2059,337,2396
00383100,WHEELING JESUIT UNIVERSITY              ,WV,26003-6243,Private      ,75,204,279,1328,990,2318
00500700,WEST VIRGINIA JUNIOR COLLEGE            ,WV,26505-5596,Proprietary  ,51,126,177,296,422,718
00500800,MOUNTAIN STATE COLLEGE                  ,WV,26101-3993,Proprietary  ,8,94,102,59,343,402
00754400,APPALACHIAN BIBLE COLLEGE               ,WV,25818-1353,Private      ,31,12,43,289,68,357
00757800,HUNTINGTON SCHOOL OF BEAUTY CULTURE     ,WV,25705-2030,Proprietary  ,26,49,75,100,186,286
00760000,INTERNATIONAL BEAUTY SCHOOL             ,WV,25401-3231,Proprietary  ,8,29,37,33,99,132
00835500,JAMES RUMSEY TECHNICAL INSTITUTE        ,WV,25403-0259,Public       ,14,86,100,118,341,459
00895900,CLARKSBURG BEAUTY ACADEMY               ,WV,26301-2903,Proprietary  ,19,39,58,68,107,175
00904700,HUNTINGTON JUNIOR COLLEGE               ,WV,25701-2004,Proprietary  ,31,319,350,192,1150,1342
00905400,WEST VIRGINIA NORTHERN CMTY COLLEGE     ,WV,26003-0000,Public       ,173,449,622,1045,1892,2937
01014000,MINERAL COUNTY VOCATIONAL TECH CTR      ,WV,26726-0000,Public       ,3,20,23,14,69,83
01035600,EVEREST INSTITUTE                       ,WV,25313-1304,Proprietary  ,13,102,115,74,383,457
01057300,WEST VIRGINIA JUNIOR COLLEGE            ,WV,25322-0000,Proprietary  ,33,103,136,177,388,565
01057302,WEST VIRGINIA JUNIOR COLLEGE            ,WV,26330-0000,Proprietary  ,16,56,72,161,262,423
01086100,WEST VIRGINIA BUSINESS COLLEGE          ,WV,26301-0000,Proprietary  ,8,75,83,39,191,230
01124500,WEST VIRGINIA SCH OSTEOPATHIC MED       ,WV,24901-1128,Public       ,2,35,37,34,858,892
01174900,WOOD COUNTY SCH OF PRAC NURSING         ,WV,26101-6424,Public       ,5,30,35,43,126,169
01235900,B M SPURR SCHOOL OF PRAC NURSING        ,WV,26038-1660,Private      ,2,5,7,15,38,53
01257300,WEST VIRGINIA UNIV-HOSP-RAD TECH        ,WV,26506-8062,Private      ,8,13,21,196,138,334
01274300,BENJAMIN FRANKLIN CAREER&TECH           ,WV,25064-0000,Public       ,6,56,62,93,224,317
01290400,MONONGALIA CNTY TECH ED CTR             ,WV,26501-6841,Public       ,12,32,44,94,181,275
01290500,ACADEMY OF CAREERS AND TECHNOLOGY       ,WV,25801-0000,Public       ,24,112,136,115,351,466
02057400,ROANE-JACKSON TECHNICAL CENTER          ,WV,25252-0000,Public       ,2,25,27,22,83,105
02068000,UNITED TECHNICAL CENTER                 ,WV,26301-0000,Public       ,0,29,29,38,142,180
02073400,CARVER CAREER TECH ED CTR               ,WV,25306-6397,Public       ,30,112,142,208,411,619
02145100,SCOTT COLLEGE OF COSMETOLOGY            ,WV,26003-0000,Proprietary  ,16,24,40,73,76,149
02178200,CHARLESTON SCHOOL OF BEAUTY CULTURE     ,WV,25301-0000,Proprietary  ,24,80,104,94,187,281
02218200,GARNET CAREER CENTER                    ,WV,25301-0000,Public       ,18,111,129,106,387,493
02275300,CABELL COUNTY CAREER TECHNOLOGY CTR     ,WV,25705-0000,Public       ,23,96,119,141,312,453
02524500,RALPH R WILLIS VOCATIONAL CENTER        ,WV,25601-0000,Public       ,3,19,22,32,86,118
02534800,FRED W EBERLE TECHNICAL CENTER          ,WV,26201-0000,Public       ,11,57,68,70,147,217
02535500,MERCER COUNTY TECH EDUC CNTR            ,WV,24740-0000,Public       ,19,87,106,107,292,399
02579900,NORTH CENTRAL OPPORTUNITIES INDUSTRIALIZ,WV,26554-2936,Private      ,17,60,77,43,124,167
02609400,VALLEY COLLEGE                          ,WV,25404-5711,Proprietary  ,4,59,63,40,197,237
03052000,MEREDITH MANOR EQUESTRIAN CENTRE        ,WV,26184-9707,Proprietary  ,36,33,69,238,111,349
03076500,FAYETTE INSTITUTE OF TECHNOLOGY         ,WV,25901-2174,Public       ,4,22,26,27,80,107
03084200,VALLEY COLLEGE                          ,WV,24740-3141,Proprietary  ,7,50,57,37,155,192
03084400,VALLEY COLLEGE                          ,WV,25801-2643,Proprietary  ,13,117,130,63,355,418
03098300,PUTNAM CAREER & TECHNICAL CENTER        ,WV,25070-0000,Public       ,32,45,77,94,138,232
03099200,"MOUNTAINEER BEAUTY COLLEGE, INC         ",WV,25177-2917,Proprietary  ,0,0,0,4,3,7
03102100,MORGANTOWN BEAUTY COLLEGE               ,WV,26505-5430,Proprietary  ,15,21,36,93,127,220
03123200,STANLEY TECHNICAL INSTITUTE             ,WV,26505-3751,Private      ,2,8,10,15,45,60
03327500,SOUTH BRANCH VOCATIONAL TECH CENTER     ,WV,26847-1698,Public       ,5,8,13,12,21,33
03734300,JOHN D. ROCKEFELLER IV CAREER CENTER    ,WV,26047-9424,Public       ,4,5,9,12,27,39
03819300,AMERICAN PUBLIC UNIVERSITY SYSTEM       ,WV,25414-1621,Proprietary  ,668,16462,17130,2132,54455,56587
03957300,BLUE RIDGE COMMUNITY AND TECHNICAL COLLE,WV,25401-3244,Public       ,181,553,734,966,2279,3245
03960300,NEW RIVER COMMUNITY AND TECHNICAL COLLEG,WV,25801-2636,Public       ,178,661,839,1168,2514,3682
04028300,MOUNTAIN STATE SCHOOL OF MASSAGE        ,WV,25304-2025,Proprietary  ,1,15,16,17,64,81
04038500,PIERPONT COMMUNITY & TECHNICAL COLLEGE  ,WV,26554-2451,Public       ,176,407,583,1766,1947,3713
04038600,KANAWHA VALLEY COMMUNITY & TECH COLLEGE ,WV,25112-1000,Public       ,93,381,474,727,1803,2530
04041400,MOUNTWEST COMMUNITY AND TECHNICAL COLLEG,WV,25755-3300,Public       ,193,633,826,1068,2083,3151
04047300,BRIDGEMONT COMMUNITY & TECHNICAL COLLEGE,WV,25136-2435,Public       ,50,116,166,493,406,899
04119000,EASTERN WEST VIRGINIA COMMUNITY & TECHNI,WV,26836-0000,Public       ,47,224,271,223,630,853
04139900,FUTURE GENERATIONS GRADUATE SCHOOL      ,WV,26807-0000,Private      ,0,0,0,0,1,1
00106100,ALASKA PACIFIC UNIVERSITY               ,AK,99508-4672,Private      ,80,235,315,524,932,1456
00106300,UNIVERSITY OF ALASKA FAIRBANKS          ,AK,99775-7500,Public       ,498,1039,1537,3506,4055,7561
00106500,UNIVERSITY OF ALASKA SOUTHEAST          ,AK,99801-8680,Public       ,116,344,460,864,1401,2265
00884300,ALASKA BIBLE COLLEGE                    ,AK,99588-0000,Private      ,4,13,17,36,39,75
01146200,UNIVERSITY OF ALASKA ANCHORAGE          ,AK,99514-1608,Public       ,1136,2055,3191,6759,8719,15478
02541000,ALASKA CAREER COLLEGE                   ,AK,99507-1033,Proprietary  ,75,285,360,250,872,1122
02576900,CHARTER COLLEGE                         ,AK,99508-0000,Proprietary  ,261,777,1038,825,2858,3683
03160300,AVTEC                                   ,AK,99664-0889,Public       ,38,99,137,260,412,672
03461300,ILISAGVIK COLLEGE                       ,AK,99723-0749,Public       ,12,34,46,35,75,110
04138600,ALASKA CHRISTIAN COLLEGE                ,AK,99669-9755,Private      ,10,21,31,36,60,96
00108500,UNIV ARKANSAS MONTICELLO                ,AR,71656-0000,Public       ,403,690,1093,2492,2221,4713
00108600,UNIV OF ARKANSAS AT PINE BLUFF          ,AR,71601-2790,Public       ,498,487,985,3607,1863,5470
00108700,ARKANSAS BAPTIST COLLEGE                ,AR,72202-6099,Private      ,287,397,684,1244,1543,2787
00108800,LYON COLLEGE                            ,AR,72501-3699,Private      ,58,29,87,891,152,1043
00108900,ARKANSAS TECH UNIVERSITY                ,AR,72801-2222,Public       ,911,1498,2409,6956,5501,12457
00109000,ARKANSAS STATE UNIVERSITY               ,AR,72467-0000,Public       ,1183,2937,4120,9928,11096,21024
00109002,ARKANSAS STATE UNIVERSITY - NEWPORT     ,AR,72112-1120,Public       ,144,356,500,818,1408,2226
00109006,DELTA TECHNICAL INSTITUTE               ,AR,72365-9558,Public       ,9,19,28,63,130,193
00109100,ARKANSAS STATE UNIVERSITY - BEEBE       ,AR,72012-1000,Public       ,305,663,968,2328,2912,5240
00109200,UNIVERSITY OF CENTRAL ARKANSAS          ,AR,72035-0001,Public       ,1171,1141,2312,10373,5120,15493
00109300,CENTRAL BAPTIST COLLEGE                 ,AR,72034-6470,Private      ,106,157,263,666,624,1290
00109400,UNIVERSITY OF THE OZARKS                ,AR,72830-2880,Private      ,85,40,125,740,165,905
00109500,CROWLEYS RIDGE COLLEGE                  ,AR,72450-9775,Private      ,45,61,106,219,176,395
00109700,HARDING UNIVERSITY                      ,AR,72149-0001,Private      ,523,424,947,4127,1832,5959
00109800,HENDERSON STATE UNIVERSITY              ,AR,71999-0001,Public       ,454,513,967,3888,1901,5789
00109900,HENDRIX COLLEGE                         ,AR,72032-3080,Private      ,113,71,184,2312,311,2623
00110000,JOHN BROWN UNIVERSITY                   ,AR,72761-2747,Private      ,114,312,426,1622,1290,2912
00110100,UNIV ARKANSAS LITTLE ROCK               ,AR,72204-1099,Public       ,847,2516,3363,5718,10278,15996
00110200,OUACHITA BAPTIST UNIVERSITY             ,AR,71998-0001,Private      ,170,51,221,1917,227,2144
00110300,PHILANDER SMITH COLLEGE                 ,AR,72202-3718,Private      ,91,201,292,1111,864,1975
00110400,PHILLIPS COUNTY COMMUNITY COLLEGE       ,AR,72342-0000,Public       ,165,326,491,530,824,1354
00110500,SHORTER COLLEGE                         ,AR,72114-4885,Private      ,41,243,284,82,572,654
00110600,WILLIAMS BAPTIST COLLEGE                ,AR,72476-4661,Private      ,58,41,99,629,165,794
00110700,SOUTHERN ARKANSAS UNIVERSITY            ,AR,71754-0000,Public       ,419,473,892,3031,1849,4880
00110800,UNIV ARKANSAS FAYETTEVILLE              ,AR,72701-0000,Public       ,2026,1652,3678,18282,7223,25505
00110900,UNIVERSITY OF ARKANSAS FOR MEDICAL SCIEN,AR,72205-7102,Public       ,81,479,560,743,3156,3899
00111000,UNIVERSITY OF ARKANSAS-FORT SMITH       ,AR,72904-7397,Public       ,654,1005,1659,4546,4194,8740
00524500,U OF A COMM COLLEGE AT MORRILTON        ,AR,72110-9601,Public       ,180,484,664,1368,2004,3372
00570700,SEARK COLLEGE                           ,AR,71603-0000,Public       ,172,553,725,720,1885,2605
00573200,UNIV AR COMMUNITY COLLEGE AT HOPE       ,AR,71801-0000,Public       ,129,352,481,634,1151,1785
00704400,CROWLEYS RIDGE TECHNICAL INSTITUTE      ,AR,72336-0000,Public       ,67,146,213,177,363,540
00732967,ITT TECHNICAL INSTITUTE                 ,AR,72204-7739,Proprietary  ,59,280,339,270,783,1053
00773800,SOUTHERN ARKANSAS UNIVERSITY TECH       ,AR,71701-1900,Public       ,92,243,335,621,855,1476
00792100,PAUL MITCHELL THE SCHOOL ARKANSAS       ,AR,72701-0000,Proprietary  ,21,35,56,92,130,222
00997600,OUACHITA TECHNICAL COLLEGE              ,AR,72104-0816,Public       ,72,330,402,400,1131,1531
01074100,MELLIE'S BEAUTY COLLEGE                 ,AR,72901-3886,Proprietary  ,12,59,71,66,204,270
01210500,NATIONAL PARK COMMUNITY COLLEGE         ,AR,71913-9174,Public       ,256,877,1133,1097,2495,3592
01226000,EAST ARKANSAS COMMUNITY COLLEGE         ,AR,72335-2204,Public       ,192,306,498,574,828,1402
01226100,NORTH ARKANSAS COLLEGE                  ,AR,72601-5508,Public       ,141,446,587,1095,1760,2855
01286000,ARKANSAS NORTHEASTERN COLLEGE           ,AR,72316-1109,Public       ,184,469,653,742,1232,1974
02052200,BLACK RIVER TECHNICAL COLLEGE           ,AR,72455-0000,Public       ,201,635,836,850,2021,2871
02073500,UNIVERSITY OF ARKANSAS COMMUNITY COLLEGE,AR,72503-0000,Public       ,135,304,439,656,1029,1685
02073700,NORTHWEST TECHNICAL INSTITUTE           ,AR,72765-0000,Public       ,43,155,198,238,510,748
02074600,SOUTH ARKANSAS COMMUNITY COLLEGE        ,AR,71731-0000,Public       ,195,499,694,730,1703,2433
02075300,PULASKI TECHNICAL COLLEGE               ,AR,72118-0000,Public       ,988,3240,4228,4122,13002,17124
02087000,OZARKA COLLEGE                          ,AR,72556-0000,Public       ,112,432,544,446,1194,1640
02111100,RICH MOUNTAIN COMMUNITY COLLEGE         ,AR,71953-0000,Public       ,65,177,242,352,502,854
02202400,PROFESSIONAL COSMETOLOGY EDUC CTR       ,AR,71730-5828,Proprietary  ,7,21,28,28,72,100
02220900,COSSATOT COMMUNITY COLLEGE              ,AR,71832-0000,Public       ,79,212,291,553,943,1496
02272400,EASTERN COLLEGE OF HEALTH VOCATIONS     ,AR,72205-3535,Proprietary  ,79,237,316,190,619,809
02284200,NEW TYLER BARBER COLLEGE INC            ,AR,72114-0000,Proprietary  ,21,71,92,55,192,247
02287400,MARSHA KAY BEAUTY COLLEGE               ,AR,72653-0000,Proprietary  ,3,15,18,23,43,66
02330800,JEFFERSON SCHOOL OF NURSING             ,AR,71603-0000,Private      ,7,49,56,91,238,329
02339800,SOUTHERN INSTITUTE OF COSMETOLOGY       ,AR,72301-0000,Proprietary  ,13,36,49,18,61,79
02341700,CAREER ACADEMY OF HAIR DESIGN           ,AR,72764-4304,Proprietary  ,16,45,61,42,146,188
02341701,CAREER ACADEMY OF HAIR DESIGN - ROGERS  ,AR,72756-2102,Proprietary  ,11,47,58,30,122,152
02341702,CAREER ACADEMY OF HAIR DESIGN - SILOAM  ,AR,72761-4217,Proprietary  ,7,23,30,21,47,68
02348200,MID-SOUTH COMMUNITY COLLEGE             ,AR,72301-0000,Public       ,207,533,740,814,1681,2495
02363500,ARTHUR'S BEAUTY COLLEGE                 ,AR,72901-0000,Proprietary  ,18,50,68,62,176,238
02525800,LEE'S SCHOOL OF COSMETOLOGY             ,AR,72114-0000,Proprietary  ,14,32,46,43,117,160
02538500,ARTHUR'S BEAUTY COLLEGE                 ,AR,72076-0000,Proprietary  ,22,51,73,77,213,290
02569600,SEARCY BEAUTY COLLEGE                   ,AR,72143-0000,Proprietary  ,9,29,38,36,114,150
03005100,ARKANSAS BEAUTY SCHOOL                  ,AR,72209-5116,Proprietary  ,24,71,95,85,213,298
03007100,HOT SPRINGS BEAUTY COLLEGE              ,AR,71901-5432,Proprietary  ,8,42,50,36,120,156
03007600,ARKANSAS BEAUTY SCHOOL-CONWAY           ,AR,72032-4354,Proprietary  ,12,44,56,62,147,209
03023400,ARKANSAS COLLEGE OF BARBERING           ,AR,72114-5615,Proprietary  ,31,96,127,68,222,290
03063300,NORTHWEST ARKANSAS COMMUNITY COLLEG     ,AR,72712-5190,Public       ,689,1326,2015,3617,5284,8901
03065100,ABC BEAUTY COLLEGE                      ,AR,71923-4206,Proprietary  ,6,36,42,22,84,106
03066302,BRYAN COLLEGE -                         ,AR,72756-1825,Proprietary  ,20,59,79,71,269,340
03105200,BAPTIST HEALTH SCHOOLS LITTLE ROCK      ,AR,72210-2820,Private      ,74,294,368,579,1822,2401
03115102,HERITAGE COLLEGE - LITTLE ROCK          ,AR,72227-5544,Proprietary  ,57,235,292,179,734,913
03124900,IMAGINE -  PAUL MITCHELL PARTNER SCHOOL ,AR,72117-2516,Proprietary  ,48,88,136,227,395,622
03214300,VELVATEX COLLEGE OF BEAUTY CULTURE      ,AR,72202-5452,Proprietary  ,8,26,34,24,65,89
03254300,MARGARET'S HAIR ACADEMY                 ,AR,71655-4905,Proprietary  ,10,25,35,40,77,117
03519400,LYNNDALE FUNDAMENTALS OF BEAUTY SCH     ,AR,71730-4804,Proprietary  ,4,8,12,7,27,34
03855300,ECCLESIA COLLEGE                        ,AR,72762-8159,Private      ,41,40,81,159,124,283
03912300,CROSSETT SCHOOL OF COSMETOLOGY          ,AR,71635-0000,Proprietary  ,7,17,24,17,36,53
03997300,ARKANSAS BEAUTY COLLEGE                 ,AR,72801-3741,Proprietary  ,8,27,35,30,95,125
04183100,WASHINGTON BARBER COLLEGE               ,AR,72209-3820,Proprietary  ,16,57,73,49,159,208
04183400,SALON PROFESSIONAL ACADEMY (THE)        ,AR,72116-7310,Proprietary  ,19,38,57,63,142,205
04203400,ARKANSAS STATE UNIVERSITY - NEWPORT     ,AR,72112-9073,Public       ,35,93,128,35,93,128
04220000,DESIGNER BARBER & STYLIST SCHOOL        ,AR,72903-3753,Proprietary  ,7,42,49,8,51,59
00133900,CORBAN UNIVERSITY                       ,OR,97301-9392,Private      ,62,100,162,1971,748,2719
00318600,BLUE MOUNTAIN COMMUNITY COLLEGE         ,OR,97801-0000,Public       ,154,368,522,1193,1939,3132
00318800,CENTRAL OREGON COMMUNITY COLLEGE        ,OR,97701-5998,Public       ,449,1074,1523,3129,6011,9140
00318900,CLATSOP COMMUNITY COLLEGE               ,OR,97103-3698,Public       ,96,228,324,609,1329,1938
00319100,CONCORDIA UNIVERSITY                    ,OR,97211-6099,Private      ,148,2356,2504,2264,7243,9507
00319300,EASTERN OREGON UNIVERSITY               ,OR,97850-2899,Public       ,195,492,687,3106,3398,6504
00319400,GEORGE FOX UNIVERSITY                   ,OR,97132-2697,Private      ,162,440,602,3667,2266,5933
00319600,LANE COMMUNITY COLLEGE                  ,OR,97405-0640,Public       ,770,1740,2510,6990,12392,19382
00319700,LEWIS & CLARK COLLEGE                   ,OR,97219-7899,Private      ,108,218,326,5908,3451,9359
00319800,LINFIELD COLLEGE                        ,OR,97128-6894,Private      ,88,123,211,3787,1273,5060
00319801,LINFIELD COLLEGE - PORTLAND CAMPUS      ,OR,97210-0000,Private      ,40,135,175,813,1330,2143
00319900,MARYLHURST UNIVERSITY                   ,OR,97036-7036,Private      ,12,333,345,158,1663,1821
00320300,MOUNT ANGEL SEMINARY                    ,OR,97373-0505,Private      ,3,5,8,7,19,26
00320400,MOUNT HOOD COMMUNITY COLLEGE            ,OR,97030-3300,Public       ,698,1502,2200,5285,9415,14700
00320600,MULTNOMAH BIBLE COLLEGE/SEMINARY        ,OR,97220-5898,Private      ,52,161,213,487,892,1379
00320700,PACIFIC NORTHWEST COLLEGE OF ART        ,OR,97209-3023,Private      ,56,102,158,773,866,1639
00320800,NORTHWEST CHRISTIAN UNIVERSITY          ,OR,97401-3727,Private      ,36,117,153,758,932,1690
00320900,WESTERN OREGON UNIVERSITY               ,OR,97361-1394,Public       ,336,358,694,7755,3375,11130
00321000,OREGON STATE UNIVERSITY                 ,OR,97331-8507,Public       ,1242,1833,3075,27097,14842,41939
00321100,OREGON INSTITUTE OF TECHNOLOGY          ,OR,97601-8801,Public       ,170,322,492,3198,2796,5994
00321200,PACIFIC UNIVERSITY                      ,OR,97116-1797,Private      ,90,221,311,4145,3297,7442
00321300,PORTLAND COMMUNITY COLLEGE              ,OR,97219-7198,Public       ,2144,5539,7683,15254,35293,50547
00321311,PORTLAND COMMUNITY COLLEGE - TILLAMOOK B,OR,97141-2599,Public       ,0,2,2,239,429,668
00321600,PORTLAND STATE UNIVERSITY               ,OR,97207-0000,Public       ,1308,3689,4997,17140,25411,42551
00321700,REED COLLEGE                            ,OR,97202-8199,Private      ,75,113,188,2754,830,3584
00321800,CHEMEKETA COMMUNITY COLLEGE             ,OR,97309-1500,Public       ,685,1796,2481,6821,12982,19803
00321900,SOUTHERN OREGON UNIVERSITY              ,OR,97520-5010,Public       ,308,452,760,5873,3956,9829
00322000,SOUTHWESTERN OREGON COMMUNITY CLG       ,OR,97420-2956,Public       ,113,279,392,1715,1789,3504
00322100,TREASURE VALLEY COMMUNITY COLLEGE       ,OR,97914-3423,Public       ,226,582,808,1591,2491,4082
00322200,UMPQUA COMMUNITY COLLEGE                ,OR,97470-0226,Public       ,154,416,570,1289,2504,3793
00322300,UNIVERSITY OF OREGON                    ,OR,97403-1226,Public       ,1273,1110,2383,28160,11207,39367
00322400,UNIVERSITY OF PORTLAND                  ,OR,97203-5798,Private      ,362,396,758,11000,3406,14406
00322500,WARNER PACIFIC COLLEGE                  ,OR,97215-4099,Private      ,65,262,327,1126,2010,3136
00322700,WILLAMETTE UNIVERSITY                   ,OR,97301-3930,Private      ,122,185,307,5693,1654,7347
00487800,CLACKAMAS COMMUNITY COLLEGE             ,OR,97045-7998,Public       ,456,1025,1481,4155,6253,10408
00488200,OREGON HEALTH & SCIENCE UNIVERSITY      ,OR,97239-0000,Public       ,67,393,460,1217,4670,5887
00693800,LINN BENTON COMMUNITY COLLEGE           ,OR,97321-3774,Public       ,378,823,1201,4094,5577,9671
00717800,WESTERN SEMINARY                        ,OR,97215-0000,Private      ,3,140,143,19,572,591
00723402,HEALD COLLEGE - PORTLAND                ,OR,97205-3432,Proprietary  ,93,324,417,340,1319,1659
00732969,ITT TECHNICAL INSTITUTE                 ,OR,97220-6819,Proprietary  ,100,501,601,560,2069,2629
00737101,MARINELLO SCHOOL OF BEAUTY - PORTLAND   ,OR,97212-3732,Proprietary  ,15,91,106,118,284,402
00781900,ART INSTITUTE OF PORTLAND (THE)         ,OR,97209-2911,Proprietary  ,174,296,470,1827,2072,3899
00888700,CONCORDE CAREER INSTITUTE               ,OR,97232-2242,Proprietary  ,96,288,384,404,1192,1596
00907900,EVEREST COLLEGE                         ,OR,97204-2296,Proprietary  ,49,223,272,282,945,1227
00958100,SPRINGFIELD COLLEGE OF BEAUTY           ,OR,97477-5474,Proprietary  ,12,33,45,87,168,255
01012200,PHAGANS' MEDFORD BEAUTY SCHOOL          ,OR,97504-5297,Proprietary  ,14,60,74,73,223,296
01018200,ROGUE COMMUNITY COLLEGE                 ,OR,97527-0000,Public       ,332,1055,1387,2891,6715,9606
01050700,ACADEMY OF HAIR DESIGN                  ,OR,97301-3526,Proprietary  ,12,52,64,92,226,318
01230900,UNIVERSITY OF WESTERN STATES            ,OR,97230-3099,Private      ,8,111,119,97,753,850
01234700,PHAGANS CENTRAL OREGON BEAUTY CLG       ,OR,97701-5175,Proprietary  ,33,79,112,107,252,359
01234800,PHAGANS BEAUTY COLLEGE                  ,OR,97333-4716,Proprietary  ,5,39,44,74,129,203
01235000,PHAGANS SCHOOL OF HAIR DESIGN           ,OR,97267-0000,Proprietary  ,20,36,56,83,171,254
01235100,PHAGANS SCHOOL OF BEAUTY                ,OR,97301-4732,Proprietary  ,9,68,77,78,275,353
01300800,PHAGANS TIGARD BEAUTY SCHOOL            ,OR,97223-0000,Proprietary  ,7,19,26,32,88,120
02101000,NORTHWEST COLLEGE OF HAIR DESIGN        ,OR,97086-7702,Proprietary  ,55,140,195,261,637,898
02101002,NORTHWEST COLLEGE                       ,OR,97007-3954,Proprietary  ,11,23,34,53,106,159
02104900,COLLEGE OF LEGAL ARTS                   ,OR,97219-9998,Proprietary  ,21,112,133,88,494,582
02106100,COLLEGE OF COSMETOLOGY                  ,OR,97601-0000,Proprietary  ,10,29,39,59,133,192
02154400,BEAU MONDE CLG OF HAIR DESIGN           ,OR,97205-0000,Proprietary  ,30,72,102,166,344,510
02159700,NEW HOPE CHRISTIAN COLLEGE              ,OR,97405-1194,Private      ,46,69,115,315,298,613
02201900,PHAGANS' SCHOOL OF HAIR DESIGN          ,OR,97232-0000,Proprietary  ,15,78,93,157,428,585
02239203,ANTHEM COLLEGE - BEAVERTON              ,OR,97005-0000,Proprietary  ,48,115,163,137,326,463
02311000,PAUL MITCHELL THE SCHOOL                ,OR,97205-3724,Proprietary  ,31,41,72,31,41,72
02330100,PIONEER PACIFIC COLLEGE                 ,OR,97070-0000,Proprietary  ,62,219,281,294,1014,1308
02330102,PIONEER PACIFIC COLLEGE                 ,OR,97403-0000,Proprietary  ,34,205,239,269,1024,1293
02337900,COLLEGE OF HAIR DESIGN CAREERS          ,OR,97301-0000,Proprietary  ,11,37,48,94,216,310
02344100,ROSEBURG BEAUTY COLLEGE                 ,OR,97470-0000,Proprietary  ,12,24,36,53,139,192
02534000,NATIONAL COLLEGE OF NATURAL MEDICINE    ,OR,97201-0000,Private      ,15,117,132,89,1020,1109
02578800,NORTHWEST NANNIES INSTITUTE             ,OR,97035-0000,Proprietary  ,8,11,19,27,22,49
02603700,OREGON COL OF ORIENTAL MEDICINE         ,OR,97216-0000,Private      ,8,68,76,42,512,554
02617506,EVEREST COLLEGE - EVEREST INSTITUTE     ,OR,97223-6581,Proprietary  ,39,91,130,127,424,551
03007300,OREGON COLLEGE OF ART & CRAFT           ,OR,97225-6399,Private      ,24,60,84,306,530,836
03022600,LE CORDON BLEU COLLEGE OF CULINARY ARTS ,OR,97205-2793,Proprietary  ,135,355,490,896,1646,2542
03042500,CARRINGTON COLLEGE                      ,OR,97232-1302,Proprietary  ,55,230,285,339,1126,1465
03074400,PHAGANS NEWPORT ACAD CSMTLGY CAREER     ,OR,97365-4963,Proprietary  ,11,23,34,28,73,101
03074500,EAST-WEST COLLEGE OF THE HEALING ARTS   ,OR,97232-2765,Proprietary  ,27,113,140,120,503,623
03185300,PHAGANS GRANTS PASS COLLEGE OF BTY      ,OR,97527-3039,Proprietary  ,5,39,44,45,130,175
03428300,KLAMATH COMMUNITY COLLEGE               ,OR,97603-7121,Public       ,93,270,363,647,1482,2129
03642300,VALLEY MEDICAL COLLEGE                  ,OR,97305-1373,Proprietary  ,39,144,183,174,588,762
03668300,BIRTHINGWAY COLLEGE OF MIDWIFERY        ,OR,97266-4042,Private      ,10,48,58,43,305,348
03783400,ABDILL CAREER COLLEGE                   ,OR,97504-7137,Proprietary  ,21,97,118,105,398,503
04146500,PORTLAND ACTORS CONSERVATORY            ,OR,97201-2557,Private      ,16,17,33,75,150,225
04151900,COLUMBIA GORGE COMMUNITY COLLEGE        ,OR,97058-3434,Public       ,67,193,260,487,939,1426
04167400,SAGE SCHOOL OF MASSAGE & HEALING ARTS   ,OR,97701-4082,Proprietary  ,4,38,42,39,142,181
04171400,AVEDA INSTITUTE PORTLAND                ,OR,97209-3144,Proprietary  ,60,91,151,362,550,912
04194400,AMERICAN COLLEGE OF HEALTHCARE SCIENCES ,OR,97239-3719,Proprietary  ,29,224,253,193,828,1021
04194900,TILLAMOOK BAY COMMUNITY COLLEGE         ,OR,97141-2807,Public       ,33,75,108,44,121,165
00137400,ALBERTUS MAGNUS COLLEGE                 ,CT,06511-1189,Private      ,61,296,357,1085,1283,2368
00137403,ALBERTUS MAGNUS CLG-NEW DIMENSIONS      ,CT,06511-0000,Private      ,11,180,191,84,780,864
00137800,CENTRAL CONNECTICUT STATE UNIV          ,CT,06050-2490,Public       ,592,827,1419,10378,5132,15510
00137900,CONNECTICUT COLLEGE                     ,CT,06320-4196,Private      ,51,40,91,3108,217,3325
00138000,WESTERN CONNECTICUT STATE UNIV          ,CT,06810-6826,Public       ,352,304,656,6337,1921,8258
00138500,FAIRFIELD UNIVERSITY                    ,CT,06430-0000,Private      ,108,195,303,7594,1177,8771
00138700,HARTFORD SEMINARY                       ,CT,06105-0000,Private      ,4,22,26,21,102,123
00138900,HOLY APOSTLES COLLEGE & SEMINARY        ,CT,06416-2027,Private      ,2,29,31,10,74,84
00139200,MANCHESTER COMMUNITY COLLEGE            ,CT,06045-1046,Public       ,886,1119,2005,4091,4193,8284
00139300,MITCHELL COLLEGE                        ,CT,06320-4498,Private      ,89,62,151,1020,312,1332
00139700,UNIVERSITY OF NEW HAVEN                 ,CT,06516-1999,Private      ,237,376,613,10113,2306,12419
00139800,NORTHWESTERN CT COMMUNITY COLLEGE       ,CT,06098-1747,Public       ,92,174,266,583,756,1339
00139900,NORWALK COMMUNITY TECHNICAL COLLEGE     ,CT,06854-1655,Public       ,713,822,1535,2589,3031,5620
00140100,POST UNIVERSITY                         ,CT,06723-3240,Proprietary  ,332,2835,3167,2007,9610,11617
00140200,QUINNIPIAC UNIVERSITY                   ,CT,06518-1908,Private      ,258,334,592,16426,2686,19112
00140201,QUINNIPIAC UNIVERSITY SCHOOL OF LAW     ,CT,06518-0000,Private      ,5,47,52,73,733,806
00140300,SACRED HEART UNIVERSITY                 ,CT,06825-1000,Private      ,142,631,773,7986,2773,10759
00140600,SOUTHERN CONNECTICUT STATE UNIV         ,CT,06515-1355,Public       ,474,837,1311,9908,5563,15471
00140900,SAINT JOSEPH COLLEGE                    ,CT,06117-2791,Private      ,52,390,442,1266,1876,3142
00141400,TRINITY COLLEGE                         ,CT,06106-3100,Private      ,70,76,146,3650,379,4029
00141600,UNIVERSITY OF BRIDGEPORT                ,CT,06601-5650,Private      ,214,567,781,3639,3515,7154
00141700,UNIVERSITY OF CONNECTICUT-STORRS        ,CT,06269-2151,Public       ,607,634,1241,31277,6180,37457
00141702,UNIV CONN STAMFORD                      ,CT,06901-0000,Public       ,89,135,224,1066,696,1762
00141703,UNIV OF CONNECTICUT - TORINGTON         ,CT,06790-0000,Public       ,16,24,40,291,145,436
00141706,UNIV OF CONNECTICUT SCH LAW             ,CT,06105-0000,Public       ,6,52,58,69,1071,1140
00141707,UNIV OF CT - SCH OF SOCIAL WORK         ,CT,06117-0000,Public       ,12,58,70,185,770,955
00141708,UNIVERSITY OF CONNECTICUT - SCHOOL OF ME,CT,06030-1920,Public       ,12,38,50,162,652,814
00141709,UNIVERSITY OF CONNECTICUT - SCHOOL OF DE,CT,06030-1920,Public       ,9,38,47,301,387,688
00142200,UNIVERSITY OF HARTFORD                  ,CT,06117-1599,Private      ,325,361,686,10759,2455,13214
00142400,WESLEYAN UNIVERSITY                     ,CT,06459-3208,Private      ,69,45,114,5834,289,6123
00142500,EASTERN CONNECTICUT STATE UNIV          ,CT,06226-2295,Public       ,314,223,537,7225,1494,8719
00142600,YALE UNIVERSITY                         ,CT,06520-8288,Private      ,390,375,765,18644,8380,27024
00280301,RENSSELAER POLYTECHNIC INSTITUTE-RENSSEL,CT,06120-2991,Private      ,2,8,10,33,35,68
00451300,HOUSATONIC COMMUNITY COLLEGE            ,CT,06604-4704,Public       ,622,1019,1641,2978,4451,7429
00618100,BRIDGEPORT HOSP SCHL OF NURSING         ,CT,06610-2896,Private      ,17,101,118,207,631,838
00619100,ST. VINCENT'S COLLEGE                   ,CT,06606-9966,Private      ,45,173,218,407,1034,1441
00698200,NAUGATUCK VALLEY COMM-TECH COLG         ,CT,06708-3089,Public       ,690,970,1660,3436,4066,7502
00730000,ELI WHITNEY TECHNICAL HIGH SCHOOL       ,CT,06514-0000,Public       ,3,21,24,14,85,99
00730300,LINCOLN TECHNICAL INSTITUTE             ,CT,06051-0000,Proprietary  ,132,263,395,511,1109,1620
00730306,LINCOLN TECHNICAL INSTITUTE - EAST WINDS,CT,06088-9631,Proprietary  ,128,101,229,889,453,1342
00730500,PORTER AND CHESTER INSTITUTE OF BRANFORD,CT,06405-4022,Proprietary  ,54,124,178,234,477,711
00731100,WINDHAM TECHNICAL HIGH SCHOOL           ,CT,06226-2100,Public       ,4,6,10,7,15,22
00745900,PAIER COLLEGE OF ART                    ,CT,06514-3902,Proprietary  ,34,15,49,139,72,211
00763500,CAPITAL COMMUNITY COLLEGE               ,CT,06103-1207,Public       ,447,1188,1635,1893,4463,6356
00803700,GATEWAY COMMUNITY-TECHNICAL COLLEGE     ,CT,06511-0000,Public       ,880,1555,2435,3829,6038,9867
00803800,MIDDLESEX COMMUNITY CLG                 ,CT,06457-4889,Public       ,336,472,808,1348,1663,3011
00887300,PAUL MITCHELL THE SCHOOL                ,CT,06810-6716,Proprietary  ,38,36,74,107,106,213
00887400,BRIO ACADEMY OF COSMETOLOGY             ,CT,06450-4836,Proprietary  ,11,37,48,34,70,104
00887401,BRIO ACADEMY OF COSMETOLOGY - HAMDEN    ,CT,06514-4132,Proprietary  ,7,57,64,22,84,106
00887402,BRIO ACADEMY OF COSMETOLOGY - FAIRFIELD ,CT,06824-6690,Proprietary  ,25,64,89,61,133,194
00887403,BRIO ACADEMY OF COSMETOLOGY - WILLIMANTI,CT,06226-1940,Proprietary  ,10,37,47,28,81,109
00887404,BRIO ACADEMY OF COSMETOLOGY -           ,CT,06605-4114,Proprietary  ,0,0,0,4,19,23
00927700,E C GOODWIN TECHNICAL HIGH SCHOOL       ,CT,06053-0000,Public       ,5,19,24,29,64,93
00940700,LINCOLN COLLEGE OF NEW ENGLAND          ,CT,06489-1057,Proprietary  ,147,149,296,588,770,1358
00940701,CLEMENS COLLEGE                         ,CT,06078-0000,Proprietary  ,0,0,0,2,1,3
00976400,TUNXIS COMMUNITY COLLEGE                ,CT,06032-3187,Public       ,464,610,1074,2271,2350,4621
00976500,THREE RIVERS COMMUNITY COLLEGE          ,CT,06360-6598,Public       ,395,753,1148,2094,3086,5180
00982200,ALBERT I PRINCE TECHNICAL HIGH SCHOOL   ,CT,06106-3799,Public       ,8,41,49,18,123,141
01041700,BRIO ACADEMY OF EAST HARTFORD           ,CT,06108-2220,Proprietary  ,34,83,117,57,159,216
01053000,QUINEBAUG VALLEY COMMUNITY COLLEGE      ,CT,06239-1440,Public       ,217,392,609,856,1338,2194
01077900,PORTER AND CHESTER INSTITUTE-ALLCAMPUSES,CT,06615-7158,Proprietary  ,337,741,1078,1373,3065,4438
01115000,ASNUNTUCK COMMUNITY COLLEGE             ,CT,06082-3800,Public       ,201,276,477,653,870,1523
01149600,BULLARD HAVENS VOC TECH SCHOOL          ,CT,06610-3499,Public       ,6,33,39,31,120,151
01169700,VINAL REGIONAL VOC TECH SCHOOL          ,CT,06457-4918,Public       ,1,14,15,12,50,62
01184300,NORWICH TECHNICAL HIGH SCHOOL           ,CT,06360-7097,Public       ,3,20,23,13,79,92
01242500,STONE ACADEMY                           ,CT,06516-4049,Proprietary  ,79,246,325,182,714,896
01242503,STONE ACADEMY -WATERBURY                ,CT,06705-3823,Proprietary  ,10,40,50,42,131,173
01242504,STONE ACADEMY -  EAST HARTFORD          ,CT,06118-0000,Proprietary  ,17,46,63,56,214,270
01287700,SANFORD-BROWN COLLEGE                   ,CT,06855-1436,Proprietary  ,6,23,29,40,123,163
01291300,LEON INSTITUTE OF HAIR DESIGN           ,CT,06604-4226,Proprietary  ,2,13,15,9,32,41
02074000,BRANFORD HALL CAREER INSTITUTE          ,CT,06405-0000,Proprietary  ,415,1458,1873,708,2767,3475
02106600,AMERICAN INSTITUTE                      ,CT,06110-1922,Proprietary  ,23,129,152,66,386,452
02112300,RIDLEY LOWELL BUSINESS & TECH INST      ,CT,06320-0000,Proprietary  ,41,188,229,128,644,772
02112700,NORTH HAVEN ACADEMY                     ,CT,06473-3108,Proprietary  ,35,23,58,117,86,203
02115100,BUTLER BUSINESS SCHOOL                  ,CT,06604-0000,Proprietary  ,0,0,0,1,0,1
02148700,CONNECTICUT INST OF HAIR DESIGN         ,CT,06716-0000,Proprietary  ,7,17,24,22,40,62
02202500,NEW ENGLAND TRACTOR TRAILER SCH         ,CT,06071-2036,Proprietary  ,53,404,457,89,781,870
02244900,GOODWIN COLLEGE                         ,CT,06118-9980,Private      ,328,1222,1550,1192,4720,5912
02245300,HOWELL CHENEY TECHNICAL HIGH SCHOOL     ,CT,06040-0000,Public       ,0,4,4,7,14,21
02265900,WINDHAM COMMUNITY MEM HOSP-RAD TECH     ,CT,06226-0000,Private      ,0,7,7,13,25,38
02296100,YALE-NEW HAVEN HOSP DIETETIC INTERN     ,CT,06510-8900,Private      ,2,9,11,31,36,67
02300000,W F KAYNOR TECHNICAL HIGH SCHOOL        ,CT,06708-0000,Public       ,7,22,29,22,92,114
02316600,CONNECTICUT CTR FOR MASSAGE THERAPY     ,CT,06111-3975,Proprietary  ,17,60,77,51,151,202
02316601,CONNECTICUT CENTER FOR MASSAGE THERAPY -,CT,06880-4619,Proprietary  ,11,46,57,36,124,160
02316603,CONNECTICUT CENTER FOR MASSAGE THERAPY -,CT,06340-4619,Proprietary  ,11,42,53,33,92,125
02565000,PLATT TECHNICAL HIGH SCHOOL             ,CT,06460-2105,Public       ,3,8,11,13,32,45
03079400,LYME ACADEMY COLLEGE OF FINE ARTS       ,CT,06371-2333,Private      ,8,3,11,97,30,127
03094800,INDUSTRIAL MANAGEMENT & TRAINING        ,CT,06706-1211,Proprietary  ,18,39,57,54,133,187
03234300,CHARTER OAK STATE COLLEGE               ,CT,06053-2150,Public       ,35,524,559,135,1756,1891
03316300,LINCOLN TECHNICAL INSTITUTE - HARTFORD  ,CT,06105-3630,Proprietary  ,64,141,205,502,524,1026
03381300,CONNECTICUT TRAINING CENTER             ,CT,06108-2705,Private      ,0,0,0,1,20,21
03927300,ALBERT SCHOOL (THE)                     ,CT,06357-2447,Proprietary  ,17,39,56,25,70,95
03927301,BRIO ACADEMY OF COSMETOLOGY - TORRINGTON,CT,06790-5425,Proprietary  ,10,19,29,19,39,58
03927302,BRIO ACADEMY OF COSMETOLOGY  -  ENFIELD ,CT,06082-2946,Proprietary  ,11,23,34,30,56,86
04104300,ACADEMY DI CAPELLI - SCHOOL OF COSMETOLO,CT,06492-0000,Proprietary  ,11,24,35,50,70,120
04128800,BRANFORD ACADEMY OF HAIR & COSMETOLOGY  ,CT,06405-0000,Proprietary  ,2,20,22,23,61,84
04145400,OXFORD ACADEMY OF HAIR DESIGN           ,CT,06483-2911,Proprietary  ,9,17,26,45,61,106
04148400,EUROPEAN ACADEMY OF COSMETOLOGY AND HAIR,CT,06437-0000,Proprietary  ,9,6,15,19,14,33
04152400,INTERNATIONAL INSTITUTE OF COSMETOLOGY  ,CT,06109-0000,Proprietary  ,41,23,64,105,75,180
04162900,TONSORIAL ACADEMY OF COSMETOLOGY AND BAR,CT,06516-0000,Proprietary  ,0,0,0,4,7,11
04219200,ACE COSMETOLOGY & BARBERING TRAINING CEN,CT,06716-0000,Proprietary  ,3,9,12,7,16,23
04224200,BELLE ACADEMY OF COSMETOLOGY            ,CT,06704-0135,Proprietary  ,8,21,29,10,31,41
00146600,BARRY UNIVERSITY                        ,FL,33161-6695,Private      ,513,1898,2411,6207,9396,15603
00146601,BARRY UNIVERSITY - ORLANDO              ,FL,32807-3673,Private      ,46,373,419,433,2152,2585
00146700,BETHUNE COOKMAN UNIVERSITY              ,FL,32114-3099,Private      ,593,401,994,7975,2213,10188
00146800,ST THOMAS UNIVERSITY                    ,FL,33054-0000,Private      ,240,722,962,1816,2902,4718
00146900,FLORIDA INSTITUTE OF TECHNOLOGY         ,FL,32901-6988,Private      ,385,1671,2056,4934,8092,13026
00147000,BREVARD COMMUNITY COLLEGE               ,FL,32922-6503,Public       ,1648,2950,4598,6544,10196,16740
00147100,COLLEGE OF CENTRAL FLORIDA              ,FL,34474-4415,Public       ,987,1817,2804,4730,7799,12529
00147200,CHIPOLA  COLLEGE                        ,FL,32446-2053,Public       ,218,375,593,1131,1455,2586
00147300,CLEARWATER CHRISTIAN COLLEGE            ,FL,33759-0000,Private      ,86,57,143,796,208,1004
00147500,DAYTONA STATE COLLEGE                   ,FL,32114-2800,Public       ,2080,3637,5717,8421,12871,21292
00147700,EDISON STATE COLLEGE                    ,FL,33906-6210,Public       ,1560,2341,3901,8409,10324,18733
00147800,EDWARD WATERS COLLEGE                   ,FL,32209-6199,Private      ,254,283,537,1414,1043,2457
00147900,EMBRY-RIDDLE AERONAUTICAL UNIV          ,FL,32114-3900,Private      ,580,2338,2918,7563,8543,16106
00148000,FLORIDA A & M UNIVERSITY                ,FL,32307-3100,Public       ,1665,1587,3252,15804,8709,24513
00148100,FLORIDA ATLANTIC UNIVERSITY             ,FL,33431-6498,Public       ,2942,3626,6568,29429,18412,47841
00148101,FLORIDA ATLANTIC UNIVERSITY/DAVIE       ,FL,33314-0000,Public       ,412,1082,1494,3100,5339,8439
00148103,FLORIDA ATLANTIC UNIV-JUPITER/PSL       ,FL,33458-0000,Public       ,165,302,467,1546,1536,3082
00148200,FLORIDA COLLEGE                         ,FL,33617-5578,Private      ,102,32,134,594,123,717
00148400,FLORIDA STATE COLLEGE AT JACKSONVILLE   ,FL,32202-4030,Public       ,3347,7010,10357,13986,26457,40443
00148500,FLORIDA KEYS COMMUNITY COLLEGE          ,FL,33040-4397,Public       ,143,245,388,723,832,1555
00148600,FLORIDA MEMORIAL UNIVERSITY             ,FL,33054-6199,Private      ,386,376,762,3168,1635,4803
00148700,ECKERD COLLEGE                          ,FL,33711-4744,Private      ,200,306,506,3269,1124,4393
00148800,FLORIDA SOUTHERN COLLEGE                ,FL,33801-5698,Private      ,411,357,768,4454,1502,5956
00148900,FLORIDA STATE UNIVERSITY                ,FL,32306-2430,Public       ,5319,3268,8587,53358,19226,72584
00149000,GULF COAST COMMUNITY COLLEGE            ,FL,32401-1058,Public       ,570,1341,1911,2743,5063,7806
00149300,INDIAN RIVER STATE COLLEGE              ,FL,34981-5596,Public       ,2027,3336,5363,7345,10377,17722
00149500,JACKSONVILLE UNIVERSITY                 ,FL,32211-3394,Private      ,475,1229,1704,4151,4450,8601
00149700,JONES COLLEGE                           ,FL,32211-5588,Private      ,35,306,341,138,941,1079
00149900,EVEREST UNIVERSITY                      ,FL,32810-5601,Proprietary  ,143,765,908,658,3847,4505
00149901,EVEREST UNIVERSITY - ORLANDO SOUTH      ,FL,32819-7666,Proprietary  ,1040,9190,10230,3258,36941,40199
00149902,EVEREST UNIVERSITY - MELBOURNE          ,FL,32905-6609,Proprietary  ,54,283,337,171,1166,1337
00150000,BROWARD COLLEGE- DOWNTOWN CTR           ,FL,33301-2298,Public       ,1871,3606,5477,7719,13645,21364
00150001,BROWARD COLLEGE - DAVIE CAMPUS          ,FL,33314-0000,Public       ,2413,3174,5587,12007,13168,25175
00150002,BROWARD COLLEGE- NORTH CAMPUS           ,FL,33066-0000,Public       ,1549,2540,4089,7453,11143,18596
00150003,BROWARD COLLEGE- SOUTH CAMPUS           ,FL,33024-0000,Public       ,1864,2601,4465,8508,10696,19204
00150100,FLORIDA GATEWAY COLLEGE                 ,FL,32025-2007,Public       ,261,634,895,1339,2565,3904
00150200,LAKE SUMTER COMMUNITY COLLEGE           ,FL,34788-8751,Public       ,430,629,1059,2612,2935,5547
00150400,"STATE COLLEGE OF FLORIDA, MANATEE-SARASO",FL,34207-3596,Public       ,1138,1743,2881,5507,7314,12821
00150500,LYNN UNIVERSITY                         ,FL,33431-5598,Private      ,273,271,544,2563,1108,3671
00150600,MIAMI DADE COLLEGE ADMINISTRATION ONLY  ,FL,33176-3393,Public       ,143,251,394,681,882,1563
00150601,MIAMI DADE COLLEGE - NORTH CAMPUS       ,FL,33167-3495,Public       ,3367,4573,7940,14501,16664,31165
00150602,MIAMI DADE COLLEGE - KENDALL CAMPUS     ,FL,33176-3393,Public       ,4857,4478,9335,20191,15992,36183
00150603,MIAMI DADE COLLEGE - WOLFSON CAMPUS     ,FL,33132-2297,Public       ,2748,3208,5956,11628,11775,23403
00150604,MIAMI DADE COLLEGE - MEDICAL CAMPUS     ,FL,33127-4693,Public       ,734,1796,2530,3840,7274,11114
00150605,MIAMI DADE COLLEGE - HOMESTEAD CAMPUS   ,FL,33030-6009,Public       ,827,1090,1917,3153,3801,6954
00150606,MIAMI DADE COLLEGE -INTERAMERICAN CAMPUS,FL,33135-0000,Public       ,1097,1941,3038,4324,7340,11664
00150607,MIAMI DADE COLLEGE - HIALEAH CAMPUS     ,FL,33012-2918,Public       ,1058,1279,2337,4277,4972,9249
00150800,NORTH FLORIDA COMMUNITY COLLEGE         ,FL,32340-1699,Public       ,154,305,459,599,875,1474
00150900,NOVA SOUTHEASTERN UNIVERSITY            ,FL,33314-7796,Private      ,586,4831,5417,7389,30361,37750
00151000,NORTHWEST FLORIDA STATE COLLEGE         ,FL,32578-1295,Public       ,560,1368,1928,2363,4930,7293
00151200,PALM BEACH COMMUNITY COLLEGE            ,FL,33461-4796,Public       ,3517,4461,7978,15187,16524,31711
00151300,PENSACOLA STATE COLLEGE                 ,FL,32504-8998,Public       ,1234,2554,3788,5060,9422,14482
00151400,POLK STATE COLLEGE                      ,FL,33881-4256,Public       ,1275,2215,3490,5540,8489,14029
00151500,ROLLINS COLLEGE                         ,FL,32789-4499,Private      ,227,299,526,3503,1420,4923
00151900,SANTA FE COLLEGE                        ,FL,32606-6200,Public       ,1710,2246,3956,10560,9601,20161
00152000,SEMINOLE STATE COLLEGE OF FLORIDA       ,FL,32773-6199,Public       ,2869,4208,7077,10352,14505,24857
00152100,SOUTHEASTERN UNIVERSITY                 ,FL,33801-6099,Private      ,414,472,886,3597,1760,5357
00152200,SOUTH FLORIDA COMMUNITY COLLEGE         ,FL,33825-9399,Public       ,319,630,949,1461,2055,3516
00152300,SAINT JOHNS RIVER STATE COLLEGE         ,FL,32177-3897,Public       ,769,1187,1956,3096,4565,7661
00152600,SAINT LEO UNIVERSITY                    ,FL,33574-6665,Private      ,402,3295,3697,4179,15592,19771
00152800,ST. PETERSBURG COLLEGE                  ,FL,33760-3768,Public       ,2576,5749,8325,11090,24152,35242
00153100,STETSON UNIVERSITY                      ,FL,32723-3761,Private      ,318,205,523,6759,1020,7779
00153101,STETSON UNIVERSITY - COLLEGE OF LAW     ,FL,33707-3299,Private      ,16,323,339,134,1759,1893
00153300,TALLAHASSEE COMMUNITY COLLEGE           ,FL,32304-2895,Public       ,2064,2328,4392,11114,9538,20652
00153400,EVEREST UNIVERSITY                      ,FL,33614-5801,Proprietary  ,138,873,1011,556,4121,4677
00153408,EVEREST UNIVERSITY - TAMPA BRANDON CAMPU,FL,33619-1354,Proprietary  ,113,1054,1167,549,7053,7602
00153409,EVEREST UNIVERSITY - ORANGE PARK        ,FL,32073-1111,Proprietary  ,43,274,317,141,1058,1199
00153500,UNIVERSITY OF FLORIDA                   ,FL,32611-3150,Public       ,3856,3289,7145,51838,21347,73185
00153600,UNIVERSITY OF MIAMI                     ,FL,33146-6531,Private      ,1140,978,2118,23288,6719,30007
00153601,UNIV OF MIAMI SCHOOL OF LAW             ,FL,33124-0000,Private      ,22,215,237,182,2325,2507
00153602,UNIV OF MIAMI-SCH OF MEDICINE           ,FL,33136-0000,Private      ,130,250,380,1083,2017,3100
00153700,UNIVERSITY OF SOUTH FLORIDA             ,FL,33620-6960,Public       ,3897,4467,8364,45034,26496,71530
00153701,UNIV OF SOUTH FLORIDA-ST PETERSBURG     ,FL,33701-0000,Public       ,499,850,1349,5420,4205,9625
00153702,UNIV OF SOUTH FLORIDA-SARASOTA          ,FL,34243-2025,Public       ,162,406,568,1371,2134,3505
00153705,UNIV OF SOUTH FLORIDA                   ,FL,33803-0000,Public       ,153,287,440,1297,1523,2820
00153706,UNIV OF SOUTH FLORIDA- MEDICINE         ,FL,33612-0000,Public       ,161,300,461,1809,2462,4271
00153800,UNIVERSITY OF TAMPA                     ,FL,33606-1490,Private      ,769,723,1492,13075,3902,16977
00154000,WEBBER INTERNATIONAL UNIVERSITY         ,FL,33827-0096,Private      ,171,90,261,1461,409,1870
00173308,NATIONAL-LOUIS UNIVERSITY               ,FL,33609-0000,Private      ,2,37,39,21,120,141
00177201,TRINITY INTERNATIONAL UNIVERSITY - SOUTH,FL,33324-4611,Private      ,27,131,158,99,550,649
00395400,UNIV OF CENTRAL FLORIDA                 ,FL,32816-0001,Public       ,6427,6152,12579,69389,33995,103384
00395500,UNIVERSITY OF WEST FLORIDA              ,FL,32514-5750,Public       ,1136,1765,2901,11141,8259,19400
00407215,NORTHWOOD UNIVERSITY                    ,FL,33409-0000,Private      ,87,136,223,694,523,1217
00491004,KAPLAN CAREER INSTITUTE - KAPLAN COLLEGE,FL,33026-3978,Proprietary  ,0,0,0,54,473,527
00491005,KAPLAN COLLEGE JACKSONVILLE             ,FL,32216-3216,Proprietary  ,64,950,1014,211,2855,3066
00558500,LIVELY TECHNICAL CENTER                 ,FL,32304-0000,Public       ,217,640,857,695,2121,2816
00558600,LINDSEY HOPKINS TECHNICAL ED CENTER     ,FL,33127-4692,Public       ,111,396,507,316,1029,1345
00559400,D G ERWIN TECHNICAL CENTER              ,FL,33610-8255,Public       ,151,585,736,641,2205,2846
00560500,PINELLAS TECH ED CTR-CLEARWATER         ,FL,33760-2194,Public       ,105,458,563,364,1468,1832
00560700,SARASOTA COUNTY TECHNICAL INSTITUTE     ,FL,34233-0000,Public       ,82,288,370,353,958,1311
00560800,MAYNARD A. TRAVISS CAREER CENTER        ,FL,33803-9709,Public       ,97,338,435,394,1243,1637
00561200,MANATEE TECHNICAL INSTITUTE             ,FL,34210-0000,Public       ,165,393,558,530,1392,1922
00561201,MANATEE TECHNICAL INSTITUTE-EAST        ,FL,34211-0000,Public       ,75,222,297,339,965,1304
00675000,VALENCIA COMMUNITY COLLEGE              ,FL,32802-3028,Public       ,6359,7183,13542,31783,29792,61575
00732910,ITT TECHNICAL INSTITUTE                 ,FL,33634-7515,Proprietary  ,244,1187,1431,877,3670,4547
00732947,ITT TECHNICAL INSTITUTE                 ,FL,32746-1607,Proprietary  ,181,761,942,586,2415,3001
00736206,MEDTECH COLLEGE - MEDTECH INSTITUTE - OR,FL,32826-4906,Proprietary  ,52,221,273,159,661,820
00752500,SUWANNEE-HAMILTON AREA VOC TECH CTR     ,FL,32060-0000,Public       ,26,94,120,86,302,388
00752600,WASHINGTON HOLMES TECHNICAL CENTER      ,FL,32428-1699,Public       ,49,135,184,182,468,650
00755800,LEE COUNTY HIGH TECH CENTER CENTRAL     ,FL,33916-2299,Public       ,127,364,491,481,1225,1706
00787000,HILLSBOROUGH COMMUNITY COLLEGE          ,FL,33606-3572,Public       ,2925,5181,8106,16539,22789,39328
00789300,FLAGLER COLLEGE                         ,FL,32085-1027,Private      ,354,200,554,4949,1056,6005
00789301,FLAGLER COLLEGE - TALLAHASSEE COMMUNITY ,FL,32304-2895,Private      ,66,204,270,509,973,1482
00807500,ST JOHN VIANNEY COLLEGE SEMINARY        ,FL,33165-3244,Private      ,1,4,5,36,28,64
00814600,EVEREST UNIVERSITY - POMPANO BEACH      ,FL,33062-2522,Proprietary  ,123,822,945,389,3779,4168
00822300,ST VINCENT DE PAUL REGIONL SEMINARY     ,FL,33436-0000,Private      ,2,6,8,6,21,27
00841700,STENOTYPE INST OF JACKSONVILLE          ,FL,32207-0000,Proprietary  ,12,120,132,42,369,411
00869410,RASMUSSEN COLLEGE - OCALA               ,FL,34471-7051,Proprietary  ,195,1627,1822,740,6190,6930
00869411,RASMUSSEN COLLEGE - NEW PORT RICHEY     ,FL,34690-4554,Proprietary  ,54,262,316,218,1255,1473
00869413,RASMUSSEN COLLEGE - FORT MYERS          ,FL,33905-7805,Proprietary  ,75,364,439,407,1613,2020
00869420,RASMUSSEN COLLEGE - TAMPA               ,FL,33610-9558,Proprietary  ,40,296,336,210,1149,1359
00869422,RASMUSSEN COLLEGE - PASCO               ,FL,33558-0000,Proprietary  ,22,108,130,89,423,512
00884800,WARNER UNIVERSITY                       ,FL,33859-8725,Private      ,159,282,441,984,876,1860
00884900,PALM BEACH ATLANTIC UNIVERSITY          ,FL,33401-6505,Private      ,377,603,980,3682,2821,6503
00887800,MIAMI INTERNATIONAL UNIV ART&DESIGN     ,FL,33132-1418,Proprietary  ,454,591,1045,2746,2618,5364
00910400,TONI & GUY HAIRDRESSING ACADEMY         ,FL,32256-3810,Proprietary  ,16,28,44,45,119,164
00963500,FLORIDA INTERNATIONAL UNIVERSITY        ,FL,33199-0001,Public       ,4457,6137,10594,41846,32415,74261
00984100,UNIVERSITY OF NORTH FLORIDA             ,FL,32224-2645,Public       ,1879,2137,4016,17201,10597,27798
00990200,SHERIDAN TECHNICAL CENTER               ,FL,33021-3399,Public       ,252,840,1092,777,2372,3149
01016100,"LORAINE'S ACADEMY, INC                  ",FL,33710-0000,Proprietary  ,26,107,133,51,240,291
01019500,ART INSTITUTE OF FT LAUDERDALE          ,FL,33316-3000,Proprietary  ,316,460,776,2028,2175,4203
01065200,PASCO-HERNANDO COMMUNITY CLG            ,FL,34654-5199,Public       ,1318,2002,3320,5232,7342,12574
01072401,CARLOS ALBIZU UNIVERSITY                ,FL,33172-0000,Private      ,31,370,401,132,1171,1303
01082600,TOM P. HANEY TECHNICAL CENTER           ,FL,32405-5099,Public       ,93,368,461,273,1210,1483
01112700,GOODING INST OF NUR ANES BAY MED CT     ,FL,32401-0000,Proprietary  ,7,35,42,33,149,182
01226300,ATLANTIC TECHNICAL CENTER               ,FL,33063-3902,Public       ,178,521,699,578,1578,2156
01254400,FIRST COAST TECHNICAL COLLEGE           ,FL,32084-1921,Public       ,111,309,420,392,1121,1513
01257400,RINGLING SCHOOL OF ART AND DESIGN       ,FL,34234-5895,Private      ,90,55,145,2117,432,2549
01303904,SOUTH UNIVERSITY - WEST PALM BEACH CAMPU,FL,33409-5149,Proprietary  ,125,562,687,556,1997,2553
01323400,LORENZO WALKER INST OF TECHNOLOGY       ,FL,34104-4405,Public       ,86,183,269,320,677,997
02089600,CONCORDE CAREER INSTITUTE               ,FL,32211-0000,Proprietary  ,98,438,536,300,1634,1934
02106602,AMERICAN INSTITUTE - AMERICAN INSTITUTE ,FL,34747-5161,Proprietary  ,0,0,0,2,17,19
02113609,AMERICAN INTERCONTINENTAL UNIV - WESTON ,FL,33326-3233,Proprietary  ,13,121,134,94,460,554
02115300,PINELLAS TECHNICAL EDUCATION CENTERS - S,FL,33711-0000,Public       ,144,692,836,458,2068,2526
02116006,SANFORD-BROWN INSTITUTE - FT. LAUDERDALE,FL,33309-1906,Proprietary  ,70,222,292,231,708,939
02121800,EVEREST INSTITUTE                       ,FL,33169-4759,Proprietary  ,75,294,369,288,1128,1416
02121801,EVEREST INSTITUTE  - HIALEAH            ,FL,33012-7193,Proprietary  ,6,11,17,46,99,145
02148200,FASHION FOCUS HAIR ACADEMY              ,FL,34231-0000,Proprietary  ,18,35,53,40,105,145
02148300,MANHATTAN BEAUTY SCHOOL                 ,FL,33611-0000,Proprietary  ,36,148,184,130,464,594
02149900,PAUL MITCHELL THE SCHOOL-JACKSONVILLE   ,FL,32205-0000,Proprietary  ,40,97,137,202,404,606
02151100,ATI COLLEGE OF HEALTH                   ,FL,33169-0000,Proprietary  ,0,0,0,9,20,29
02151900,KEISER  UNIVERSITY                      ,FL,33309-0000,Private      ,1484,5864,7348,4751,19216,23967
02156700,FLORIDA CHRISTIAN COLLEGE               ,FL,34744-0000,Private      ,68,93,161,436,320,756
02159600,BAPTIST COLLEGE OF FLORIDA (THE)        ,FL,32440-0000,Private      ,80,95,175,334,321,655
02172700,CONCORDE CAREER INSTITUTE               ,FL,33607-0000,Proprietary  ,69,328,397,204,934,1138
02188900,HOBE SOUND BIBLE COLLEGE                ,FL,33475-0000,Private      ,32,42,74,71,108,179
02200100,BRADENTON BEAUTY & BARBER ACADEMY       ,FL,34209-0000,Proprietary  ,23,74,97,49,173,222
02218700,FLORIDA TECHNICAL COLLEGE               ,FL,32826-2707,Proprietary  ,395,1197,1592,1094,3415,4509
02218707,FLORIDA TECHNICAL COLLEGE - LAKELAND    ,FL,33813-2101,Proprietary  ,33,158,191,137,542,679
02218709,FLORIDA TECHNICAL COLLEGE - DELAND      ,FL,32720-7415,Proprietary  ,68,344,412,191,938,1129
02228300,LAKE TECHNICAL CENTER                   ,FL,32726-0000,Public       ,133,428,561,449,1389,1838
02245500,FORTIS COLLEGE                          ,FL,32789-4679,Proprietary  ,30,201,231,105,714,819
02257900,INTERNATIONAL ACADEMY                   ,FL,32119-3541,Proprietary  ,31,93,124,78,300,378
02275100,CONCORDE CAREER INSTITUTE               ,FL,33025-0000,Proprietary  ,49,205,254,163,555,718
02278800,SOUTHWEST FLORIDA COLLEGE               ,FL,33907-0000,Proprietary  ,143,545,688,498,1787,2285
02278801,SOUTHWEST FLORIDA COLLEGE - TAMPA       ,FL,33619-1344,Proprietary  ,88,296,384,428,1046,1474
02278802,SOUTHWEST FLORIDA COLLEGE - INSTITUTUE O,FL,33928-9469,Proprietary  ,9,55,64,41,130,171
02278803,SOUTHWEST FLORIDA COLLEGE - PORT CHARLOT,FL,33953-3100,Proprietary  ,38,175,213,144,658,802
02279600,CORTIVA INSTITUTE - FLORIDA             ,FL,33781-0000,Proprietary  ,11,52,63,42,145,187
02280800,NEW ENGLAND INST TECH-PALM BEACH        ,FL,33407-0000,Proprietary  ,113,233,346,368,721,1089
02283800,BEAUTY SCHOOLS OF AMERICA               ,FL,33012-3322,Proprietary  ,208,1047,1255,441,2246,2687
02287100,LA BELLE BEAUTY SCHOOL                  ,FL,33012-3224,Proprietary  ,18,102,120,27,112,139
02293200,ATI CAREER TRAINING CENTER              ,FL,33309-5916,Proprietary  ,0,0,0,4,7,11
02293201,ATI CAREER TRAINING CENTER - MIAMI      ,FL,33122-1707,Proprietary  ,0,0,0,7,18,25
02293600,ADVANCED TECHNICAL CENTERS              ,FL,33266-1597,Private      ,9,37,46,53,118,171
02297000,CHARLOTTE TECHNICAL CENTER              ,FL,33948-0000,Public       ,39,139,178,206,524,730
02300900,WITHLACOOCHEE TECHNICAL INSTITUTE       ,FL,34450-0000,Public       ,54,162,216,228,636,864
02305700,FORTIS COLLEGE                          ,FL,33619-1283,Proprietary  ,13,114,127,80,397,477
02305800,FLORIDA CAREER COLLEGE                  ,FL,33012-7028,Proprietary  ,514,1798,2312,1260,5074,6334
02305810,FLORIDA CAREER COLLEGE - CLEARWATER     ,FL,33759-3924,Proprietary  ,22,95,117,100,323,423
02307400,GEORGE STONE AREA VOCATIONAL TECHNICAL  ,FL,32526-0000,Public       ,125,484,609,325,1387,1712
02314100,SCHILLER INTERNATIONAL UNIVERSITY       ,FL,33770-0000,Proprietary  ,25,108,133,74,326,400
02316200,MIAMI LAKES TECHNICAL EDUCATION CTR     ,FL,33014-0000,Public       ,129,476,605,405,1235,1640
02321200,ORANGE TECH EDUC CTR- WESTSIDE TECH     ,FL,34787-0000,Public       ,95,240,335,280,716,996
02325100,KEY COLLEGE                             ,FL,33004-3046,Proprietary  ,4,19,23,18,64,82
02326303,MEDVANCE INSTITUTE - WEST PALM          ,FL,33461-2171,Proprietary  ,31,95,126,125,383,508
02326306,MEDVANCE INSTITUTE - MIAMI              ,FL,33173-3431,Proprietary  ,19,62,81,77,283,360
02326800,MERIDIAN COLLEGE                        ,FL,34240-8478,Proprietary  ,32,118,150,66,263,329
02326900,SUNSTATE ACADEMY OF HAIR DESIGN         ,FL,33907-1415,Proprietary  ,51,132,183,177,434,611
02329900,FLORIDA INSTITUTE OF ULTRASOUND         ,FL,32514-0000,Proprietary  ,23,120,143,114,435,549
02338400,FT PIERCE BEAUTY ACADEMY                ,FL,34982-0000,Proprietary  ,33,112,145,67,265,332
02346200,WYOTECH                                 ,FL,32174-1010,Proprietary  ,76,190,266,372,809,1181
02362100,FULL SAIL UNIVERSITY                    ,FL,32792-0000,Proprietary  ,2625,5723,8348,13953,23991,37944
02499000,ACADEMY OF COSMETOLOGY                  ,FL,32953-3311,Proprietary  ,24,73,97,72,197,269
02501500,"O*TEC, MID-FLORIDA TECH                 ",FL,32809-0000,Public       ,173,511,684,560,1518,2078
02502702,ADVANCED CAREER TRAINING-JACKSONVIL     ,FL,32256-0000,Proprietary  ,15,94,109,104,419,523
02504600,WINTER PARK TECH                        ,FL,32789-0000,Public       ,55,203,258,172,676,848
02508900,TALMUDIC COLLEGE OF FLORIDA             ,FL,33139-0000,Private      ,10,4,14,35,18,53
02511700,RIDGE TECHNICAL CENTER                  ,FL,33881-0000,Public       ,146,318,464,408,1080,1488
02513200,ORLANDO TECHNICAL CENTER                ,FL,32801-0000,Public       ,154,456,610,569,1594,2163
02515400,CITY COLLEGE                            ,FL,33309-3073,Private      ,133,695,828,452,2117,2569
02517100,SARASOTA SCHOOL OF MASSAGE THERAPY      ,FL,34243-6130,Proprietary  ,10,54,64,23,161,184
02524000,SUNSTATE ACADEMY OF HAIR DESIGN         ,FL,34624-0000,Proprietary  ,30,97,127,77,222,299
02524200,ROBERT MORGAN EDUCATIONAL CENTER        ,FL,33177-0000,Public       ,169,376,545,473,1008,1481
02531803,PAUL MITCHELL THE SCHOOL - ORLANDO      ,FL,32765-6444,Proprietary  ,51,101,152,88,142,230
02531805,PAUL MITCHELL THE SCHOOL -TAMPA         ,FL,33613-0000,Proprietary  ,52,96,148,131,189,320
02547600,FLORIDA NATIONAL COLLEGE                ,FL,33012-0000,Proprietary  ,253,720,973,706,2423,3129
02554200,RADFORD LOCKLIN TECH CENTER             ,FL,32570-0000,Public       ,29,88,117,93,302,395
02559316,(UNITED EDUCATION INSTITUTE) - UEI JACKS,FL,32207-5627,Proprietary  ,23,136,159,132,563,695
02573200,LA BELLE BEAUTY ACADEMY                 ,FL,33135-0000,Proprietary  ,17,107,124,74,287,361
02597100,HERITAGE INSTITUTE                      ,FL,33912-7132,Proprietary  ,108,312,420,330,875,1205
02598200,SOUTHERN CAREER COLLEGE                 ,FL,32211-0000,Proprietary  ,13,78,91,61,305,366
02599800,EVEREST UNIVERSITY                      ,FL,33770-2556,Proprietary  ,37,214,251,122,821,943
02599801,EVEREST UNIVERSITY - TAMPA LAKELAND CAMP,FL,33801-3801,Proprietary  ,47,307,354,180,1153,1333
02599805,EVEREST UNIVERSITY - JACKSONVILLE       ,FL,32256-0000,Proprietary  ,74,483,557,306,1770,2076
02601600,HENRY W BREWSTER TECHNICAL CENTER       ,FL,33602-0000,Public       ,44,245,289,160,762,922
02612700,"SALON PROFESSIONAL ACADEMY - MELBOURNE, ",FL,32904-3919,Proprietary  ,24,61,85,62,180,242
02616400,SANFORD-BROWN INSTITUTE                 ,FL,32256-3520,Proprietary  ,48,196,244,177,776,953
02616401,SANFORD-BROWN INSTITUTE - TAMPA         ,FL,33610-8304,Proprietary  ,40,178,218,149,611,760
02616705,LE CORDON BLEU COLLEGE OF CULINARY ARTS ,FL,33025-3929,Proprietary  ,95,152,247,377,499,876
03003200,EVEREST INSTITUTE                       ,FL,33186-1410,Proprietary  ,79,237,316,308,879,1187
03003600,MCFATTER TECHNICAL CENTER               ,FL,33317-7499,Public       ,180,488,668,566,1337,1903
03008600,FLORIDA COLLEGE OF NATURAL HEALTH       ,FL,33064-1342,Proprietary  ,70,305,375,194,654,848
03010608,VIRGINIA COLLEGE - PENSACOLA            ,FL,32501-5650,Proprietary  ,38,271,309,183,1153,1336
03010612,VIRGINIA COLLEGE - GOLF ACADEMY OF AMERI,FL,32701-0000,Proprietary  ,13,22,35,57,106,163
03010618,VIRGINIA COLLEGE - JACKSONVILLE         ,FL,32207-5167,Proprietary  ,36,196,232,170,815,985
03012300,ASM BEAUTY WORLD ACADEMY                ,FL,33021-0000,Proprietary  ,16,63,79,40,154,194
03018500,BENE'S INTERNATIONAL SCHOOL OF BEAUTY   ,FL,34652-1637,Proprietary  ,30,141,171,85,299,384
03026508,REMINGTON COLLEGE - TAMPA               ,FL,33619-1177,Private      ,22,178,200,159,958,1117
03028200,TRINITY COLLEGE OF FLORIDA              ,FL,34655-4401,Private      ,47,78,125,162,181,343
03031400,INTERNATIONAL ACADEMY OF DESIGN AND TECH,FL,33634-6313,Proprietary  ,225,793,1018,920,3291,4211
03031402,INTERNATIONAL ACADEMY OF DESIGN AND TECH,FL,32809-4613,Proprietary  ,99,161,260,431,741,1172
03031403,IADT - ORLANDO CULINARY ACADEMY         ,FL,32819-0000,Proprietary  ,47,94,141,219,408,627
03035800,HERITAGE INSTITUTE                      ,FL,32216-0948,Proprietary  ,27,197,224,90,534,624
03035900,NATIONAL AVIATION ACADEMY               ,FL,33760-3931,Proprietary  ,73,155,228,338,745,1083
03037500,HODGES UNIVERSITY                       ,FL,34119-7932,Private      ,169,856,1025,747,3438,4185
03054200,FORTIS COLLEGE                          ,FL,33144-2373,Proprietary  ,13,53,66,84,204,288
03071600,COLLEGE OF BUSINESS & TECHNOLOGY        ,FL,33176-0000,Proprietary  ,95,416,511,319,1228,1547
03076402,BRYMAN SCHOOL OF ARIZONA (THE) - ANTHEM ,FL,32803-3509,Proprietary  ,49,144,193,160,470,630
03078003,OHIO CENTER FOR BROADCASTING - MIAMI MED,FL,33130-3042,Proprietary  ,5,9,14,5,9,14
03079800,GEORGE T BAKER AVIATION                 ,FL,33142-5687,Public       ,117,178,295,357,505,862
03079900,CITY COLLEGE                            ,FL,32707-0000,Private      ,37,203,240,88,531,619
03089200,NOUVELLE INSTITUTE                      ,FL,33125-4141,Proprietary  ,16,215,231,30,355,385
03096300,FORTIS INSTITUTE                        ,FL,33860-0000,Proprietary  ,9,60,69,40,183,223
03100800,TAYLOR TECHNICAL INSTITUTE              ,FL,32348-0894,Public       ,17,52,69,47,171,218
03101900,TRINITY BAPTIST COLLEGE                 ,FL,32221-1398,Private      ,58,65,123,280,268,548
03103900,MARION COUNTY COMMUNITY TECH & ADUL     ,FL,34474-3172,Public       ,70,380,450,411,1468,1879
03108500,EVERGLADES UNIVERSITY                   ,FL,33431-0000,Private      ,56,466,522,216,1642,1858
03108600,COM-PU-MED VOCATIONAL CAREERS           ,FL,33012-4861,Proprietary  ,35,204,239,54,293,347
03113400,ACADEMY OF HEALING ARTS                 ,FL,33463-2113,Proprietary  ,6,46,52,38,139,177
03114700,PRAXIS INSTITUTE                        ,FL,33135-2657,Proprietary  ,9,123,132,19,238,257
03115500,ADVENTIST UNIVERSITY OF HEALTH SCIENCES ,FL,32803-1237,Private      ,254,753,1007,1385,2660,4045
03123900,KEISER CAREER COLLEGE                   ,FL,33413-0000,Proprietary  ,118,480,598,330,1382,1712
03125600,MIAMI AD SCHOOL                         ,FL,33139-5203,Proprietary  ,28,87,115,110,345,455
03127900,TECHNICAL EDUCATION CTR OSCEOLA         ,FL,34744-4459,Public       ,114,361,475,385,1113,1498
03158300,LEE COUNTY HIGH TECH CENTER NORTH       ,FL,33993-2479,Public       ,57,160,217,198,527,725
03171300,UNIVERSITY OF ST. AUGUSTINE FOR HEALTH S,FL,32084-4215,Proprietary  ,19,321,340,136,1528,1664
03178400,CORAL RIDGE NURSES ASST TRAINING        ,FL,33306-0000,Proprietary  ,0,0,0,22,68,90
03224300,NEW PROFESSIONS TECHNICAL INSTITUTE     ,FL,33134-1640,Proprietary  ,22,225,247,56,517,573
03230300,CHOICE HIGH SCHOOL AND TECHNICAL CENTER ,FL,32547-1299,Public       ,51,222,273,132,578,710
03238300,FLORIDA COLLEGE OF INTEGRATIVE MED      ,FL,32809-5721,Proprietary  ,22,94,116,133,432,565
03255300,FLORIDA GULF COAST UNIVERSITY           ,FL,33965-6565,Public       ,1549,1143,2692,17844,6367,24211
03256300,YESHIVA GEDOLAH RABBINICAL COLLEGE      ,FL,33139-4708,Private      ,6,3,9,21,15,36
03264300,SOUTH FLORIDA BIBLE COLLEGE AND THEOLOGI,FL,33441-5768,Private      ,7,41,48,19,127,146
03346300,ACAD FOR PRAC NURSING & HEALTH OCCP     ,FL,33417-4574,Private      ,58,287,345,275,1098,1373
03348400,PROFESSIONAL TRAINING CENTERS           ,FL,33184-0000,Proprietary  ,62,330,392,134,645,779
03373300,BEACON COLLEGE                          ,FL,34748-5224,Private      ,21,20,41,177,107,284
03374300,FLORIDA COASTAL SCHOOL OF LAW           ,FL,32256-0000,Proprietary  ,10,355,365,85,2411,2496
03382300,BRADFORD-UNION AREA CAREERTECHNICAL CENT,FL,32091-2434,Public       ,16,95,111,57,275,332
03390300,LINCOLN TECHNICAL INSTITUTE             ,FL,32730-2351,Proprietary  ,47,99,146,166,390,556
03411400,INTERNATIONAL TRAINING CAREERS          ,FL,33155-1462,Private      ,14,126,140,50,295,345
03414500,ACUPUNCTURE AND MASSAGE COLLEGE         ,FL,33176-1509,Proprietary  ,25,113,138,86,335,421
03425400,CENTRAL FLORIDA INSTITUTE               ,FL,34684-4436,Proprietary  ,59,145,204,152,536,688
03429600,ATLANTIC INST OF ORIENTAL MEDICINE      ,FL,33316-0000,Private      ,9,67,76,39,215,254
03429700,EAST WEST COLLG OF NATURAL MEDICINE     ,FL,34236-4959,Proprietary  ,7,95,102,21,224,245
03433400,NEW CONCEPT MASSAGE AND BEAUTY SCHO     ,FL,33135-0000,Proprietary  ,5,38,43,38,88,126
03434300,FORTIS COLLEGE                          ,FL,32073-2999,Proprietary  ,44,174,218,123,518,641
03480301,MEDVANCE INSTITUTE - FORT LAUDERDALE    ,FL,33313-7261,Proprietary  ,16,61,77,67,253,320
03480302,MEDVANCE INSTITUTE - STUART             ,FL,34994-3000,Proprietary  ,48,164,212,130,538,668
03491400,AMERICAN ADVANCED TECHNICIANS INST      ,FL,33014-4430,Proprietary  ,18,32,50,52,114,166
03549300,ULTIMATE MEDICAL ACADEMY                ,FL,33756-4917,Proprietary  ,507,4759,5266,1284,13912,15196
03553300,KEISER CAREER COLLEGE                   ,FL,32216-0000,Proprietary  ,61,381,442,318,1298,1616
03557300,NORTH FLORIDA COSMETOLOGY INSTITUTE     ,FL,32312-0000,Proprietary  ,31,106,137,147,398,545
03564300,"INTERNATIONAL SCHOOL OF HEALTH, BEAUTY &",FL,33311-1141,Proprietary  ,18,84,102,46,190,236
03570400,ENGLISH CENTER (THE)                    ,FL,33133-2703,Public       ,15,135,150,28,290,318
03611400,FLORIDA BARBER ACADEMY                  ,FL,33441-0000,Proprietary  ,15,99,114,41,267,308
03618300,FLORIDA INSTITUTE OF ANIMAL ARTS        ,FL,32792-0000,Proprietary  ,31,58,89,161,201,362
03627400,JACKSONVILLE BEAUTY INSTITUTE           ,FL,32208-1885,Proprietary  ,33,125,158,93,317,410
03627600,FLORIDA EDUCATION INSTITUTE             ,FL,33144-5036,Proprietary  ,17,144,161,79,365,444
03661400,SOUTH FLORIDA INSTITUTE OF TECHNOLO     ,FL,33135-0000,Proprietary  ,39,317,356,161,921,1082
03691400,AVE MARIA SCHOOL OF LAW                 ,FL,34119-1376,Private      ,10,76,86,81,610,691
03696400,SABER                                   ,FL,33134-1604,Private      ,25,183,208,62,558,620
03706300,AMERICAN INSTITUTE                      ,FL,33319-0000,Proprietary  ,25,110,135,68,254,322
03757300,ADVANCE SCIENCE INSTITUTE               ,FL,33012-0000,Proprietary  ,11,25,36,24,55,79
03801400,BEAUTY INSTITUTE (THE)                  ,FL,33409-2972,Proprietary  ,18,58,76,62,155,217
03801401,BEAUTY INSTITUTE (THE) - MARGATE        ,FL,33068-5704,Proprietary  ,4,24,28,23,72,95
03816300,ARTISTIC NAILS & BEAUTY ACADEMY         ,FL,33605-5919,Proprietary  ,56,188,244,141,413,554
03823300,FLORIDA ACADEMY OF HEALTH & BEAUTY      ,FL,33311-0000,Proprietary  ,4,18,22,13,50,63
03832300,DADE MEDICAL COLLEGE                    ,FL,33126-5534,Proprietary  ,231,916,1147,990,3943,4933
03842500,CAMBRIDGE INSTITUTE OF ALLIED HEALTH    ,FL,32750-0000,Proprietary  ,11,84,95,39,292,331
03856300,UNIVERSAL BEAUTY SCHOOL                 ,FL,33174-4406,Proprietary  ,11,67,78,21,134,155
03856500,FLORIDA SCHOOL OF TRADITIONAL MIDWIFERY ,FL,32601-5507,Private      ,4,36,40,24,170,194
03875300,MCI INSTITUTE OF TECHNOLOGY             ,FL,33409-4937,Proprietary  ,46,153,199,113,359,472
03888300,DRAGON RISES COLLEGE OF ORIENTAL MEDICIN,FL,32601-5089,Proprietary  ,3,29,32,15,84,99
03903500,SOUTHERN TECHNICAL COLLEGE              ,FL,32809-0000,Proprietary  ,85,589,674,270,1756,2026
03906300,CAREER INSTITUTE OF FLORIDA             ,FL,33773-3434,Proprietary  ,0,0,0,5,29,34
03907301,PAUL MITCHELL THE SCHOOL FT MYERS       ,FL,33907-0000,Proprietary  ,27,56,83,73,131,204
03911300,TOTAL INTERNATIONAL CAREER INSTITUTE    ,FL,33012-0000,Proprietary  ,0,41,41,7,127,134
03939300,WOLFORD COLLEGE                         ,FL,34108-1931,Proprietary  ,5,137,142,30,296,326
03939400,CENTURA INSTITUTE                       ,FL,32807-3566,Proprietary  ,18,78,96,103,443,546
03939600,DAYTONA COLLEGE                         ,FL,32174-8445,Proprietary  ,41,152,193,130,459,589
03941300,AVE MARIA UNIVERSITY                    ,FL,34142-9505,Private      ,179,49,228,1360,223,1583
03957400,NEW COLLEGE OF FLORIDA                  ,FL,34243-2109,Public       ,98,104,202,1979,480,2459
03985300,COMMERCIAL DIVING ACADEMY               ,FL,32208-0000,Proprietary  ,92,249,341,312,817,1129
03986300,AVIATOR COLLEGE OF AERONAUTICAL SCIENCE ,FL,34946-9022,Proprietary  ,13,72,85,76,221,297
04016500,AMERICAN INSTITUTE OF BEAUTY            ,FL,33773-0000,Proprietary  ,29,89,118,82,278,360
04029300,TRENDSETTERS OF FLORIDA SCHOOL OF BEAUTY,FL,32205-4737,Proprietary  ,10,59,69,25,140,165
04038302,ATA COLLEGE-ATA CAREER EDUCATION        ,FL,34606-4300,Proprietary  ,31,164,195,88,417,505
04083400,CAMBRIDGE INSTITUTE OF ALLIED HEALTH & T,FL,33484-6543,Proprietary  ,24,78,102,68,313,381
04105400,PENSACOLA SCHOOL OF MASSAGE THERAPY & HE,FL,32504-7337,Proprietary  ,21,103,124,61,296,357
04106300,PALM BEACH ACADEMY OF HEALTH & BEAUTY   ,FL,33403-2130,Proprietary  ,11,40,51,39,107,146
04116400,FUTURE-TECH INSTITUTE                   ,FL,33135-4142,Proprietary  ,4,74,78,25,183,208
04116600,TAYLOR COLLEGE                          ,FL,34420-8714,Proprietary  ,18,208,226,83,811,894
04119400,AVEDA INSTITUTE - SAINT PETERSBURG      ,FL,33701-4242,Proprietary  ,97,191,288,386,736,1122
04120400,HI-TECH SCHOOL OF COSMETOLOGY           ,FL,33174-0000,Proprietary  ,15,37,52,87,135,222
04126900,ACADEMY OF CAREER TRAINING              ,FL,34741-4644,Proprietary  ,52,121,173,155,389,544
04127400,DIGITAL MEDIA ARTS COLLEGE              ,FL,33431-5919,Proprietary  ,46,60,106,346,271,617
04128400,MANAGEMENT RESOURCES INSTITUTE          ,FL,33126-5473,Proprietary  ,26,435,461,50,825,875
04129900,FLORIDA SCHOOL OF MASSAGE               ,FL,32608-5419,Proprietary  ,14,70,84,68,236,304
04130400,SHEAR EXCELLENCE INTERNATIONAL HAIR ACAD,FL,33614-2783,Proprietary  ,17,58,75,40,118,158
04133500,ACADEMY FOR FIVE ELEMENT ACUPUNCTURE    ,FL,32601-6811,Private      ,5,26,31,24,117,141
04133900,FUTURA CAREER INSTITUTE                 ,FL,33012-3325,Proprietary  ,23,108,131,28,130,158
04134800,AVEDA INSTITUTE - TALLAHASSEE           ,FL,32304-3186,Proprietary  ,102,166,268,388,605,993
04134900,ORANGE PARK BEAUTY ACADEMY              ,FL,32073-5524,Proprietary  ,0,0,0,8,16,24
04135000,COZMO THE SCHOOL                        ,FL,34135-4810,Proprietary  ,7,33,40,15,71,86
04135900,ALLIED HEALTH INSTITUTE                 ,FL,33068-0000,Proprietary  ,18,333,351,87,1175,1262
04140800,NORTH FLORIDA ACADEMY                   ,FL,32065-7758,Proprietary  ,8,19,27,29,91,120
04143000,VOCATIONAL INSTITUTE OF FLORIDA         ,FL,33135-1939,Proprietary  ,0,0,0,17,42,59
04143100,PROFESSIONAL HANDS INSTITUTE            ,FL,33135-1939,Proprietary  ,5,23,28,11,44,55
04145900,CELEBRITY SCHOOL OF BEAUTY              ,FL,33144-4153,Proprietary  ,12,103,115,78,217,295
04146200,WALTON CAREER DEVELOPMENT CENTER        ,FL,32433-1557,Public       ,16,72,88,68,229,297
04146300,MARCHMAN TECHNICAL EDUCATION CENTER     ,FL,34653-1211,Public       ,57,88,145,200,340,540
04148500,MEDICAL INSTITUTE OF PALM BEACH         ,FL,33460-5042,Proprietary  ,27,91,118,83,236,319
04150800,IMMOKALEE TECHNICAL CENTER              ,FL,34142-3146,Public       ,52,67,119,152,191,343
04151500,AMERICAN ACADEMY OF COSMETOLOGY         ,FL,32065-8026,Proprietary  ,17,50,67,60,159,219
04156300,UNIVERSITY OF FORT LAUDERDALE           ,FL,33313-5809,Private      ,8,48,56,74,137,211
04156400,AVIATION INSTITUTE OF MAINTENANCE       ,FL,32803-6487,Proprietary  ,73,166,239,229,585,814
04157100,AEROSIM FLIGHT ACADEMY                  ,FL,32773-9683,Proprietary  ,39,67,106,112,211,323
04158300,FLAGLER TECHNICAL INSTITUTE             ,FL,32137-4714,Public       ,28,136,164,113,368,481
04162000,JOSE MARIA VARGAS UNIVERSITY            ,FL,33025-4534,Proprietary  ,1,32,33,21,106,127
04162500,HOLLYWOOD INSTITUTE OF BEAUTY CAREERS   ,FL,33020-4807,Proprietary  ,61,299,360,124,598,722
04163000,SALON PROFESSIONAL ACADEMY (THE)        ,FL,33624-6321,Proprietary  ,28,64,92,91,210,301
04163100,SALON PROFESSIONAL ACADEMY (THE)        ,FL,32607-1672,Proprietary  ,22,72,94,93,211,304
04163200,SALON PROFESSIONAL ACADEMY (THE)        ,FL,32162-9311,Proprietary  ,13,45,58,70,162,232
04164500,EUREKA INSTITUTE OF HEALTH AND BEAUTY   ,FL,33174-4205,Proprietary  ,7,44,51,28,89,117
04164600,D. A. DORSEY EDUCATIONAL CENTER         ,FL,33147-6304,Public       ,21,83,104,52,224,276
04167300,SALON PROFESSIONAL ACADEMY (THE)        ,FL,33904-4824,Proprietary  ,9,34,43,52,119,171
04170300,BEAUTY ACADEMY OF SOUTH FLORIDA         ,FL,33012-3221,Proprietary  ,7,75,82,28,175,203
04172300,ETERNITY COSMETOLOGY SCHOOL             ,FL,33415-5719,Proprietary  ,17,96,113,49,163,212
04176800,PROGRESSIVE TRAINING CENTERS            ,FL,33060-9238,Proprietary  ,0,0,0,0,4,4
04176900,AMERICAN HEALTH INSTITUTE               ,FL,34654-3743,Proprietary  ,12,40,52,42,141,183
04182500,MILLENNIA ATLANTIC UNIVERSITY           ,FL,33178-2369,Proprietary  ,5,25,30,17,64,81
04188300,FLORIDA ACADEMY                         ,FL,33966-1155,Proprietary  ,19,94,113,91,301,392
04192100,AMERICAN MEDICAL ACADEMY                ,FL,33186-4830,Proprietary  ,31,95,126,160,299,459
04195100,AMBIANCE BEAUTY & BARBER ACADEMY        ,FL,32935-8771,Proprietary  ,17,51,68,38,129,167
04197600,"FLORIDA INSTITUTE OF RECORDING, SOUND AN",FL,32804-3309,Proprietary  ,49,92,141,221,322,543
04204600,BEAUTY AND HEALTH INSTITUTE             ,FL,33626-2610,Proprietary  ,4,50,54,4,50,54
04206300,FLORIDA VOCATIONAL INSTITUTE            ,FL,33155-3762,Proprietary  ,10,67,77,47,186,233
04207900,SAE INSTITUTE OF TECHNOLOGY - MIAMI     ,FL,33160-4307,Proprietary  ,27,65,92,126,226,352
04209500,SHEAR FINESSE HAIRSTYLING ACADEMY       ,FL,32208-5005,Proprietary  ,7,19,26,24,86,110
04210800,ULTRASOUND MEDICAL INSTITUTE            ,FL,33462-4221,Proprietary  ,0,18,18,15,56,71
04213200,KAIZEN BEAUTY ACADEMY                   ,FL,33024-6609,Proprietary  ,6,17,23,16,44,60
04214500,PRESTIGE HEALTH & BEAUTY SCIENCES ACADEM,FL,33160-4102,Proprietary  ,1,27,28,1,34,35
04217800,BOCA BEAUTY ACADEMY                     ,FL,33434-4178,Proprietary  ,14,65,79,57,178,235
04220200,MORE TECH INSTITUTE                     ,FL,33012-2165,Proprietary  ,2,6,8,2,6,8
04221200,BLY'S SCHOOL OF COSMETOLOGY             ,FL,32601-4021,Proprietary  ,9,82,91,19,113,132
04222100,ANTON AESTHETICS ACADEMY                ,FL,33416-4629,Proprietary  ,0,3,3,0,3,3
00160500,CHAMINADE UNIV OF HONOLULU              ,HI,96816-1578,Private      ,193,427,620,2274,2303,4577
00160600,BRIGHAM YOUNG UNIV-HAWAII CAMPUS        ,HI,96762-1294,Private      ,286,267,553,1923,992,2915
00161000,UNIVERSITY OF HAWAII AT MANOA           ,HI,96822-2399,Public       ,818,1047,1865,14866,9445,24311
00161100,UNIVERSITY OF HAWAII AT HILO            ,HI,96720-4091,Public       ,261,329,590,4026,3061,7087
00161200,HONOLULU COMMUNITY COLLEGE              ,HI,96817-4598,Public       ,345,639,984,2595,3211,5806
00161300,KAPIOLANI COMMUNITY COLLEGE             ,HI,96816-4421,Public       ,404,667,1071,3663,3801,7464
00161400,KAUAI COMMUNITY COLLEGE                 ,HI,96766-9591,Public       ,114,149,263,649,782,1431
00161500,UNIVERSITY OF HAWAII MAUI COLLEGE       ,HI,96732-1644,Public       ,237,502,739,1770,2846,4616
00454900,LEEWARD COMMUNITY COLLEGE               ,HI,96782-3393,Public       ,519,760,1279,2938,3684,6622
00525800,HAWAII COMMUNITY COLLEGE                ,HI,96720-4075,Public       ,193,402,595,1762,2632,4394
00723401,HEALD COLLEGE - HONOLULU                ,HI,96814-0000,Proprietary  ,218,528,746,938,2117,3055
00727900,HAWAII PACIFIC UNIVERSITY               ,HI,96813-2882,Private      ,318,712,1030,5113,4013,9126
01122000,WINDWARD COMMUNITY COLLEGE              ,HI,96744-0000,Public       ,177,288,465,1055,1626,2681
02100300,MED-ASSIST SCHOOL OF HAWAII             ,HI,96813-0000,Proprietary  ,36,91,127,139,311,450
02107800,UNIVERSITY OF HAWAII - WEST OAHU        ,HI,96782-0000,Public       ,192,356,548,2181,2384,4565
02139500,HAWAII INSTITUTE OF HAIR DESIGN         ,HI,96817-5195,Proprietary  ,18,45,63,99,212,311
02159701,NEW HOPE CHRISTIAN COLLEGE - HAWAII     ,HI,96819-2228,Private      ,0,0,0,80,97,177
03017800,TRAVEL INSTITUTE OF THE PACIFIC         ,HI,96814-1946,Proprietary  ,18,58,76,69,194,263
03072500,WORLD MEDICINE INSTITUTE                ,HI,96826-0000,Private      ,6,56,62,47,195,242
03735300,INST OF CLINICAL ACUPUNCTURE & ORIENT MD,HI,96813-2307,Proprietary  ,2,27,29,14,123,137
03999400,TRADITIONAL CHINESE MEDICAL COLLEGE OF H,HI,96743-8324,Private      ,0,16,16,3,49,52
04165200,MAUNA LOA HELICOPTERS                   ,HI,96740-2650,Proprietary  ,5,16,21,18,73,91
04175100,PAUL MITCHELL THE SCHOOL HONOLULU       ,HI,96816-2433,Proprietary  ,33,60,93,139,234,373
04182200,HAWAII MEDICAL INSTITUTE                ,HI,96814-3518,Proprietary  ,45,157,202,234,602,836
00161600,BOISE STATE UNIVERSITY                  ,ID,83725-1000,Public       ,896,1777,2673,14254,12160,26414
00161700,"COLLEGE OF IDAHO, THE                   ",ID,83605-4432,Private      ,106,111,217,1889,615,2504
00161900,COLLEGE OF SOUTHERN IDAHO               ,ID,83301-0000,Public       ,473,896,1369,3259,3800,7059
00162000,IDAHO STATE UNIVERSITY                  ,ID,83209-5377,Public       ,822,1923,2745,5831,8392,14223
00162100,LEWIS-CLARK STATE COLLEGE               ,ID,83501-2698,Public       ,169,386,555,2515,2574,5089
00162300,NORTH IDAHO COLLEGE                     ,ID,83814-2199,Public       ,373,833,1206,2980,4520,7500
00162400,NORTHWEST NAZARENE UNIVERSITY           ,ID,83686-5897,Private      ,128,392,520,1675,1590,3265
00162500,BRIGHAM YOUNG UNIVERSITY-IDAHO          ,ID,83460-1650,Private      ,1814,2690,4504,11499,10209,21708
00162600,UNIVERSITY OF IDAHO                     ,ID,83844-4291,Public       ,555,653,1208,10552,4639,15191
00732915,ITT TECHNICAL INSTITUTE                 ,ID,83713-1529,Proprietary  ,100,531,631,385,1553,1938
00987300,MR JUAN'S CLG OF HAIR DESIGN            ,ID,83301-4154,Proprietary  ,12,28,40,39,83,122
01113300,EASTERN IDAHO TECHNICAL COLLEGE         ,ID,83404-5788,Public       ,77,266,343,407,1085,1492
02218000,CARRINGTON COLLEGE                      ,ID,83704-0000,Proprietary  ,114,417,531,433,1594,2027
02234500,BOISE BIBLE COLLEGE                     ,ID,83714-1220,Private      ,30,25,55,203,143,346
02275800,MR LEONS SCHOOL OF HAIR DESIGN          ,ID,83843-8384,Proprietary  ,2,15,17,16,51,67
02275801,MR. LEON'S SCHOOL OF HAIR DESIGN        ,ID,83501-1910,Proprietary  ,2,3,5,10,21,31
02314000,SCHOOL OF HAIRSTYLING (THE)             ,ID,83202-0000,Proprietary  ,3,10,13,21,53,74
02319800,TONI&GUY HAIRDRESSING ACADEMY           ,ID,83814-2822,Proprietary  ,19,29,48,100,157,257
02319801,TONI&GUY HAIRDRESSING ACADEMY - BOISE   ,ID,83705-2636,Proprietary  ,23,50,73,36,85,121
02349200,HEADMASTERS SCHOOL OF HAIR DESIGN       ,ID,83501-0000,Proprietary  ,10,21,31,28,61,89
02559500,RAZZLE DAZZLE CLG OF HAIR DESIGN        ,ID,83686-5104,Proprietary  ,17,45,62,89,176,265
02607100,PAUL MITCHELL THE SCHOOL BOISE          ,ID,83709-1662,Proprietary  ,43,69,112,163,231,394
03098700,ACADEMY OF COURT REPORTING              ,ID,83704-8320,Proprietary  ,49,126,175,123,344,467
03832400,COSMETOLOGY SCHOOL OF ARTS & SCIENCES   ,ID,83318-1327,Proprietary  ,4,17,21,15,67,82
04051323,ART INSTITUTE OF PHOENIX (THE) - BROWN M,ID,83709-2746,Proprietary  ,8,37,45,73,168,241
04134300,EVANS HAIRSTYLING COLLEGE               ,ID,83440-5277,Proprietary  ,15,10,25,70,44,114
04144500,HAIR ACDMY PAUL MITCHELL PARTNER SCHOOL ,ID,83440-2600,Proprietary  ,18,34,52,105,129,234
04150600,D & L ACADEMY OF HAIR DESIGN            ,ID,83301-6229,Proprietary  ,3,15,18,20,61,81
04155200,OLIVER FINLEY ACADEMY OF COSMETOLOGY    ,ID,83704-8011,Proprietary  ,37,89,126,131,283,414
04163800,MASTER EDUCATORS BEAUTY SCHOOL          ,ID,83301-4118,Proprietary  ,12,15,27,36,51,87
04168600,COLLEGE OF MASSAGE THERAPY              ,ID,83221-1758,Proprietary  ,8,22,30,24,52,76
04176700,D'SHAW INSTITUTE OF COSMETOLOGY         ,ID,83704-4406,Proprietary  ,6,24,30,36,89,125
04194800,VELVET TOUCH ACADEMY OF COSMETOLOGY     ,ID,83687-5020,Proprietary  ,8,25,33,52,97,149
04203200,BOISE BARBER COLLEGE                    ,ID,83704-5919,Proprietary  ,2,18,20,31,79,110
04203500,AUSTIN KADE ACADEMY                     ,ID,83404-5540,Proprietary  ,29,74,103,82,221,303
04207200,ACADEMY DI FIRENZE                      ,ID,83338-2329,Proprietary  ,1,12,13,11,39,50
04211800,COLLEGE OF WESTERN IDAHO                ,ID,83687-5505,Public       ,925,2082,3007,4640,8511,13151
00163200,AQUINAS INSTITUTE OF THEOLOGY           ,MO,63108-3323,Private      ,1,14,15,4,85,89
00244900,AVILA COLLEGE                           ,MO,64145-1698,Private      ,118,333,451,1539,1767,3306
00245000,CALVARY BIBLE COLLEGE                   ,MO,64147-1341,Private      ,30,59,89,184,216,400
00245200,CENTRAL BIBLE COLLEGE                   ,MO,65803-1096,Private      ,9,14,23,188,148,336
00245300,CENTRAL METHODIST UNIVERSITY            ,MO,65248-1198,Private      ,117,433,550,1850,2259,4109
00245400,UNIVERSITY OF CENTRAL MISSOURI          ,MO,64093-5178,Public       ,848,1054,1902,9582,4957,14539
00245600,COLUMBIA COLLEGE                        ,MO,65216-4581,Private      ,511,4399,4910,3329,20987,24316
00245700,CONCORDIA SEMINARY                      ,MO,63105-3199,Private      ,1,15,16,6,432,438
00245800,COTTEY COLLEGE                          ,MO,64772-2790,Private      ,12,16,28,358,90,448
00245900,CROWDER COLLEGE                         ,MO,64850-9165,Public       ,477,827,1304,2627,3093,5720
00246000,CULVER STOCKTON COLLEGE                 ,MO,63435-1299,Private      ,60,31,91,1246,217,1463
00246100,DRURY UNIVERSITY                        ,MO,65802-3791,Private      ,284,934,1218,2690,3974,6664
00246200,EDEN THEOLOGICAL SEMINARY               ,MO,63119-0000,Private      ,2,65,67,3,168,171
00246300,EVANGEL UNIVERSITY                      ,MO,65802-2125,Private      ,182,238,420,2578,1107,3685
00246302,EVANGEL UNIVERSITY - ASSEMBLIES OF GOD T,MO,65802-2131,Private      ,1,61,62,15,238,253
00246400,FONTBONNE UNIVERSITY                    ,MO,63105-3098,Private      ,80,475,555,1359,2361,3720
00246600,HARRIS-STOWE STATE COLLEGE              ,MO,63103-2199,Public       ,304,544,848,1504,2000,3504
00246700,CONCEPTION SEMINARY COLLEGE             ,MO,64433-0502,Private      ,21,6,27,59,14,73
00246800,JEFFERSON COLLEGE                       ,MO,63050-2441,Public       ,570,874,1444,2782,3029,5811
00247100,ST LOUIS COMMUNITY COLLEGE              ,MO,63102-0000,Public       ,2491,4634,7125,11745,16846,28591
00247300,KANSAS CITY ART INSTITUTE               ,MO,64111-1874,Private      ,85,90,175,1351,471,1822
00247400,KANSAS CITY UNIV OF MED AND BIOSCIENCES ,MO,64106-0000,Private      ,18,73,91,110,1199,1309
00247600,KENRICK-GLENNON SEMINARY                ,MO,63119-4330,Private      ,3,2,5,26,8,34
00247700,A.T. STILL UNIV OF HEALTH SCIENCES      ,MO,63501-0000,Private      ,5,208,213,25,2732,2757
00247900,LINCOLN UNIVERSITY                      ,MO,65101-3500,Public       ,329,442,771,2341,1817,4158
00248000,LINDENWOOD UNIVERSITY                   ,MO,63301-1695,Private      ,605,1701,2306,7141,7436,14577
00248200,MARYVILLE UNIVERSITY                    ,MO,63141-7299,Private      ,146,1015,1161,2678,4150,6828
00248400,METROPOLITAN COMMUNITY COLLEGE          ,MO,64111-2408,Public       ,1794,3721,5515,10002,14618,24620
00248500,MIDWESTERN BAPTIST THEOL SEMINARY       ,MO,64118-4697,Private      ,23,118,141,95,356,451
00248600,MINERAL AREA COLLEGE                    ,MO,63601-1000,Public       ,308,591,899,2178,2441,4619
00248800,MISSOURI SOUTHERN STATE UNIVERSITY      ,MO,64801-1595,Public       ,436,726,1162,4399,3802,8201
00248900,MISSOURI VALLEY COLLEGE                 ,MO,65340-3197,Private      ,184,104,288,1764,481,2245
00249000,MISSOURI WESTERN STATE UNIVERSITY       ,MO,64507-2294,Public       ,506,601,1107,4681,2840,7521
00249100,MOBERLY AREA COMMUNITY COLLEGE          ,MO,65270-1304,Public       ,565,840,1405,3217,3393,6610
00249400,NAZARENE THEOLOGICAL SEMINARY           ,MO,64131-1246,Private      ,0,40,40,6,190,196
00249500,TRUMAN STATE UNIVERSITY                 ,MO,63501-4221,Public       ,257,73,330,5973,630,6603
00249600,NORTHWEST MISSOURI STATE UNIV           ,MO,64468-6001,Public       ,528,301,829,6536,1423,7959
00249800,PARK UNIVERSITY                         ,MO,64152-3795,Private      ,261,2379,2640,1666,8672,10338
00249900,ROCKHURST UNIVERSITY                    ,MO,64110-2561,Private      ,159,272,431,2432,1468,3900
00250000,COLLEGE OF THE OZARKS                   ,MO,65726-2502,Private      ,115,46,161,3479,408,3887
00250100,SOUTHEAST MISSOURI STATE UNIV           ,MO,63701-4799,Public       ,616,843,1459,8947,4578,13525
00250200,SOUTHWEST BAPTIST UNIVERSITY            ,MO,65613-2597,Private      ,139,396,535,2224,1777,4001
00250300,MISSOURI STATE UNIVERSITY               ,MO,65897-0094,Public       ,1408,1751,3159,16393,8734,25127
00250400,ST LOUIS COLLEGE OF PHARMACY            ,MO,63110-1088,Private      ,47,91,138,894,794,1688
00250600,SAINT LOUIS UNIVERSITY                  ,MO,63103-2097,Private      ,465,1180,1645,10779,8049,18828
00250900,SAINT PAUL SCHOOL OF THEOLOGY           ,MO,64127-2499,Private      ,0,33,33,6,113,119
00251200,STEPHENS COLLEGE                        ,MO,65215-0001,Private      ,54,107,161,938,664,1602
00251400,NORTH CENTRAL MISSOURI COLLEGE          ,MO,64683-1824,Public       ,112,213,325,954,973,1927
00251600,UNIVERSITY OF MISSOURI-COLUMBIA         ,MO,65211-1600,Public       ,1454,1184,2638,28076,9104,37180
00251700,MISSOURI UNIVERSITY OF SCIENCE & TECHNOL,MO,65409-0250,Public       ,358,264,622,6060,1453,7513
00251800,UNIVERSITY OF MISSOURI-KANSAS CITY      ,MO,64110-2497,Public       ,751,1963,2714,8677,10196,18873
00251900,UNIVERSITY OF MISSOURI-ST LOUIS         ,MO,63121-4499,Public       ,848,2328,3176,7622,10988,18610
00252000,WASHINGTON UNIVERSITY                   ,MO,63130-4899,Private      ,301,611,912,14715,5413,20128
00252001,WASHINGTON UNIV-SCHOOL OF MEDICINE      ,MO,63110-0000,Private      ,34,72,106,222,1479,1701
00252100,WEBSTER UNIVERSITY                      ,MO,63119-3194,Private      ,273,2198,2471,3685,12582,16267
00252200,WENTWORTH MILITARY ACADEMY              ,MO,64067-1799,Private      ,63,54,117,375,246,621
00252300,WESTMINSTER COLLEGE                     ,MO,65251-1299,Private      ,47,39,86,1297,202,1499
00252400,WILLIAM JEWELL COLLEGE                  ,MO,64068-1896,Private      ,60,48,108,1336,326,1662
00252500,WILLIAM WOODS UNIVERSITY                ,MO,65251-2388,Private      ,96,322,418,1170,1194,2364
00405704,NATIONAL AMERICAN UNIVERSITY            ,MO,64057-1791,Proprietary  ,9,133,142,60,723,783
00439800,COX HEALTH SYSTEM SCHOOL OF RADIOLOGIC T,MO,65802-0000,Private      ,0,0,0,4,31,35
00441300,MERCY HOSPITAL SPRINGFIELD SCHOOL OF RAD,MO,65804-2263,Private      ,12,50,62,126,257,383
00470300,LOGAN COLLEGE OF CHIROPRACTIC           ,MO,63006-1065,Private      ,13,244,257,67,952,1019
00470700,COVENANT THEOLOGICAL SEMINARY           ,MO,63141-8697,Private      ,2,34,36,2,497,499
00471100,LINN STATE TECHNICAL COLLEGE            ,MO,65051-9607,Public       ,105,120,225,1539,557,2096
00471300,THREE RIVERS COMMUNITY COLLEGE          ,MO,63901-2393,Public       ,416,1012,1428,2064,3696,5760
00528800,KIRKSVILLE AREA TECHNICAL CENTER        ,MO,63501-0000,Public       ,3,11,14,39,85,124
00528900,WAYNESVILLE CAREER CENTER               ,MO,65583-2131,Public       ,17,46,63,59,162,221
00542400,SOUTH CENTRAL CAREER CENTER             ,MO,65775-3334,Public       ,15,34,49,49,143,192
00542600,SIKESTON CAREER AND TECHNOLOGY CTR      ,MO,63801-0000,Public       ,14,84,98,79,301,380
00542900,ROLLA TECHNICAL INSTITUTE               ,MO,65401-3601,Public       ,27,83,110,309,393,702
00543000,POPLAR BLUFF TECHNICAL CAREER CNTR      ,MO,63901-0000,Public       ,11,59,70,70,244,314
00543800,SALINE COUNTY CAREER CENTER             ,MO,65340-0000,Public       ,0,7,7,17,57,74
00544500,TRUMAN MEDICAL CENTER SCHOOL OF NURSE AN,MO,64108-2677,Private      ,11,52,63,67,243,310
00553100,GRAND RIVER TECHNICAL SCHOOL            ,MO,64601-1299,Public       ,7,17,24,76,63,139
00553200,CAPE GIRARDEAU CAREER & TECHNOLOGY CENTE,MO,63703-7511,Public       ,62,147,209,314,631,945
00638900,BARNES JEWISH COLLEGE OF NURSING AND ALL,MO,63110-1091,Private      ,67,184,251,680,1281,1961
00639200,RESEARCH COLLEGE OF NURSING             ,MO,64132-1199,Proprietary  ,15,65,80,146,375,521
00639201,RESEARCH MEDICAL CENTER - COLLEGE OF NUR,MO,64132-1199,Proprietary  ,9,35,44,65,197,262
00639202,RESEARCH MED CTR SCHL OF RAD TECH       ,MO,64132-0000,Proprietary  ,2,32,34,28,102,130
00666600,LUTHERAN  SCHOOL OF NURSING             ,MO,63118-3909,Proprietary  ,25,110,135,152,602,754
00732923,ITT TECHNICAL INSTITUTE                 ,MO,63045-1122,Proprietary  ,227,1105,1332,638,3179,3817
00754000,MISSOURI BAPTIST UNIVERSITY             ,MO,63141-8698,Private      ,195,724,919,1873,2660,4533
00808000,STATE FAIR COMMUNITY COLLEGE            ,MO,65301-0000,Public       ,619,1114,1733,2590,3427,6017
00826900,HILLYARD TECHNICAL CENTER               ,MO,64506-0000,Public       ,27,76,103,181,326,507
00855200,STEVENS INSTITUTE OF BUSINESS & ARTS    ,MO,63103-0000,Proprietary  ,26,45,71,126,276,402
00860600,TRI-COUNTY TECHNICAL SCHOOL             ,MO,65026-0000,Public       ,2,10,12,16,49,65
00886200,EAST CENTRAL COLLEGE                    ,MO,63084-0529,Public       ,322,564,886,2168,2420,4588
00908900,HANNIBAL-LAGRANGE COLLEGE               ,MO,63401-1999,Private      ,94,131,225,898,566,1464
00952000,NATIONAL ACADEMY OF BEAUTY ARTS         ,MO,63128-1307,Proprietary  ,50,114,164,134,317,451
00959000,INDEPENDENCE COLLEGE OF COSMETOLOGY     ,MO,64055-1105,Proprietary  ,16,47,63,53,132,185
00960700,HOUSE OF HEAVILIN BEAUTY COLLEGE        ,MO,64110-2826,Proprietary  ,10,43,53,40,155,195
00978200,SAINT LUKE'S COLLEGE OF HEALTH SCIENCES ,MO,64114-3237,Private      ,31,118,149,258,616,874
00979500,MISSOURI COLLEGE                        ,MO,63144-2901,Proprietary  ,52,166,218,215,575,790
01014814,COLORADO TECHNL UNIV NORTH KANSAS CITY  ,MO,64116-3614,Proprietary  ,9,103,112,54,387,441
01027900,HICKEY COLLEGE                          ,MO,63146-0000,Proprietary  ,65,87,152,555,419,974
01040500,PINNACLE CAREER INSTITUTE               ,MO,64131-3367,Proprietary  ,48,394,442,167,1266,1433
01040501,PINNACLE CAREER INSTITUTE - NORTH KANSAS,MO,64153-1151,Proprietary  ,21,106,127,70,370,440
01050303,WICHITA TECHNICAL INSTITUTE - WTI JOPLIN,MO,64801-2970,Proprietary  ,15,102,117,51,331,382
01102600,WARRENSBURG AREA VOC TECH SCH           ,MO,64093-0000,Public       ,8,25,33,54,102,156
01173500,PIKE/LINCOLN TECHNICAL CENTER           ,MO,63344-0000,Public       ,6,11,17,40,72,112
01250000,RANKEN TECHNICAL COLLEGE                ,MO,63113-2811,Private      ,296,609,905,1701,2141,3842
01258000,ST LOUIS CHRISTIAN COLLEGE              ,MO,63033-6499,Private      ,43,41,84,164,186,350
01320800,BAPTIST BIBLE COLLEGE                   ,MO,65803-3498,Private      ,65,69,134,269,240,509
02056100,FOUR RIVERS CAREER CENTER               ,MO,63090-0000,Public       ,8,16,24,28,64,92
02066900,NICHOLS CAREER CENTER                   ,MO,65101-2814,Public       ,3,30,33,74,144,218
02068200,COX HEALTH - COX COLLEGE                ,MO,65802-0000,Private      ,45,237,282,408,1209,1617
02090400,BOONSLICK TECHNICAL EDUCATION CTR       ,MO,65233-0000,Public       ,0,1,1,12,40,52
02119204,COURT REPORTING INSTITUTE OF DALLAS - CO,MO,63105-3329,Proprietary  ,5,41,46,13,185,198
02121100,MIDWEST INSTITUTE                       ,MO,63122-0000,Proprietary  ,16,63,79,54,179,233
02124500,FRANKLIN TECHNOLOGY CENTER              ,MO,64801-0000,Public       ,29,129,158,135,444,579
02142200,LEX LA RAY TECHNICAL CENTER             ,MO,64067-0000,Public       ,7,7,14,32,70,102
02154900,MISSOURI SCH OF BARB & HAIR             ,MO,63031-0000,Proprietary  ,8,29,37,26,77,103
02164200,FOREST INST PROFESSIONAL PSYCHOLOGY     ,MO,65807-0000,Private      ,4,77,81,22,344,366
02165900,CHILLICOTHE BEAUTY ACADEMY              ,MO,64601-0000,Proprietary  ,4,15,19,12,37,49
02180200,METRO BUSINESS COLLEGE                  ,MO,63701-0000,Proprietary  ,49,221,270,142,682,824
02188000,NORTHWEST TECHNICAL SCHOOL              ,MO,64468-0000,Public       ,7,25,32,50,65,115
02188100,NORTHLAND CAREER CENTER                 ,MO,64079-8333,Public       ,2,7,9,29,69,98
02202700,OZARK CHRISTIAN COLLEGE                 ,MO,64801-0000,Private      ,112,66,178,745,229,974
02203400,NEVADA REGIONAL TECHNICAL CENTER        ,MO,64772-0000,Public       ,5,14,19,52,76,128
02205200,SANFORD-BROWN COLLEGE                   ,MO,63026-7305,Proprietary  ,6,27,33,73,291,364
02205203,SANFORD BROWN COLLEGE-ST. PETERS        ,MO,63376-5950,Proprietary  ,6,32,38,46,179,225
02214500,SALEM COLLEGE OF HAIRSTYLING            ,MO,65401-0000,Proprietary  ,9,19,28,17,43,60
02239200,ANTHEM COLLEGE                          ,MO,63043-0000,Proprietary  ,23,72,95,131,403,534
02239202,ANTHEM COLLEGE - METRO SOUTH            ,MO,63026-0000,Proprietary  ,23,88,111,86,280,366
02250600,EVEREST COLLEGE                         ,MO,65807-2446,Proprietary  ,28,188,216,150,707,857
02263106,ANTHEM COLLEGE - ANTHEM COLLEGE - KANSAS,MO,64114-3232,Proprietary  ,3,43,46,65,183,248
02263400,LAKE CAREER AND TECHNICAL CENTER        ,MO,65020-0000,Public       ,8,10,18,24,43,67
02266400,CENTRAL CHRISTIAN CLG OF THE BIBLE      ,MO,65270-0000,Private      ,47,45,92,235,178,413
02277500,HOUSE OF HEAVILIN OF BLUE SPRINGS       ,MO,64014-3953,Proprietary  ,15,25,40,49,121,170
02289200,COLUMBIA AREA CAREER CENTER             ,MO,65203-0000,Public       ,29,123,152,200,531,731
02295700,MISSOURI BEAUTY ACADEMY                 ,MO,63640-1827,Proprietary  ,12,40,52,52,118,170
02300105,EVEREST COLLEGE - EARTH CITY            ,MO,63045-1100,Proprietary  ,65,209,274,170,651,821
02304000,MISSOURI TECH                           ,MO,63303-3887,Proprietary  ,13,57,70,86,203,289
02309100,AMERICAN COLLEGE OF HAIR DESIGN         ,MO,65301-2144,Proprietary  ,2,17,19,23,67,90
02313000,CASS CAREER CENTER                      ,MO,64701-0000,Public       ,5,15,20,21,74,95
02340500,ST LOUIS COLLEGE OF HEALTH CAREERS      ,MO,63110-0000,Proprietary  ,96,384,480,345,1184,1529
02342100,CAREER & TECHNOLOGY CTR AT FT OSAGE     ,MO,64058-0000,Public       ,3,19,22,24,65,89
02361600,CONCORDE CAREER COLLEGE                 ,MO,64111-0000,Proprietary  ,111,480,591,396,1564,1960
02497500,CLINTON TECHNICAL SCHOOL                ,MO,64735-2966,Public       ,5,22,27,23,78,101
02520800,MERRELL UNIV OF BTY ARTS & SCIENCES     ,MO,65109-0000,Proprietary  ,24,55,79,79,185,264
02530600,SAINT CHARLES COMMUNITY COLLEGE         ,MO,63376-0975,Public       ,708,801,1509,4459,3196,7655
02543800,PARIS II EDUCATIONAL CENTER (THE)       ,MO,64118-0000,Proprietary  ,13,36,49,52,124,176
02564700,ELAINE STEVEN BEAUTY COLLEGE            ,MO,63136-0000,Proprietary  ,34,102,136,90,244,334
02564701,ELAINE STEVEN BEAUTY COLLEGE - ADVANCE B,MO,63383-2006,Proprietary  ,1,3,4,10,7,17
02564702,ELAINE STEVEN BEAUTY COLLEGE - ADVANCE B,MO,63401-2269,Proprietary  ,2,10,12,16,30,46
02568500,GRABBER SCHOOL OF HAIR DESIGN           ,MO,63011-0000,Proprietary  ,25,50,75,84,139,223
02599700,VATTEROTT COLLEGE                       ,MO,63134-2900,Proprietary  ,154,547,701,409,1663,2072
02599701,VATTEROTT COLLEGE - KANSAS CITY         ,MO,64117-0000,Proprietary  ,41,317,358,169,1119,1288
02599702,VATTEROTT COLLEGE - SPRINGFIELD LOCATION,MO,65807-5340,Proprietary  ,33,195,228,123,677,800
02599703,VATTEROTT COLLEGE - JOPLIN              ,MO,64801-5033,Proprietary  ,21,154,175,67,500,567
02599705,VATTEROTT COLLEGE - SUNSET HILLS        ,MO,63127-1516,Proprietary  ,52,187,239,147,738,885
02599712,VATTEROTT COLLEGE - O'FALLON            ,MO,63366-2748,Proprietary  ,36,135,171,97,403,500
02599714,VATTEROTT COLLEGE - EX'TREME INSTITUTE B,MO,63102-2115,Proprietary  ,98,223,321,315,624,939
02599715,VATTEROTT COLLEGE - PERSONAL FITNESS AND,MO,63132-3251,Proprietary  ,1,2,3,8,12,20
02608000,NEOSHO BEAUTY COLLEGE                   ,MO,64850-1525,Proprietary  ,4,12,16,21,43,64
02609202,VATTEROTT COLLEGE-ST JOSEPH             ,MO,64501-2911,Proprietary  ,38,105,143,115,396,511
02609203,VATTEROTT COLLEGE - L'ECOLE CULINAIRE   ,MO,63124-1103,Proprietary  ,38,101,139,159,484,643
02609206,VATTEROTT COLLEGE - L'ECOLE CULINAIRE   ,MO,64112-2110,Proprietary  ,10,86,96,17,127,144
02611004,HERITAGE COLLEGE-KANSAS CITY            ,MO,64131-4203,Proprietary  ,61,246,307,226,832,1058
03042400,LEBANON TECHNOLOGY & CAREER CENTER      ,MO,65536-3296,Public       ,14,49,63,94,189,283
03066300,BRYAN CAREER COLLEGE                    ,MO,65806-2507,Proprietary  ,28,255,283,96,712,808
03066303,BRYAN COLLEGE - COLUMBIA                ,MO,65201-8248,Proprietary  ,17,123,140,108,419,527
03068600,SPECIAL SCHOOL DISTRICT OF ST. LOUIS CO.,MO,63127-0000,Public       ,10,101,111,48,510,558
03070200,CENTRAL COLLEGE OF COSMETOLOGY          ,MO,65583-0000,Proprietary  ,18,42,60,35,99,134
03070900,SE MO HOSP CLG NURSING & HEALTH SCI     ,MO,63703-4507,Private      ,15,79,94,179,466,645
03072800,DALLAS COUNTY CAREER CENTER             ,MO,65685-9152,Public       ,1,4,5,1,9,10
03077200,COSMETOLOGY CONCEPTS INSTITUTE          ,MO,65202-1972,Proprietary  ,9,28,37,58,112,170
03083000,OZARKS TECHNICAL COMMUNITY COLLEGE      ,MO,65802-3601,Public       ,1662,3127,4789,8198,11756,19954
03092600,MESSENGER COLLEGE                       ,MO,64804-0000,Private      ,17,25,42,38,57,95
03097600,ST LOUIS HAIR ACADEMY                   ,MO,63107-1737,Proprietary  ,3,38,41,40,122,162
03101000,NEW DIMENSION SCHOOL OF HAIR DESIGN     ,MO,64801-5017,Proprietary  ,10,27,37,23,77,100
03106000,MISSOURI STATE UNIVERSITY - WEST PLAINS ,MO,65775-2715,Public       ,219,357,576,1282,1310,2592
03110900,HOUSE OF HEAVILIN BEAUTY COLLEGE        ,MO,64083-9195,Proprietary  ,4,14,18,24,56,80
03174300,HERNDON CAREER CENTER                   ,MO,64138-2695,Public       ,1,1,2,23,15,38
03519300,MISSOURI COLLEGE OF COSMETOLOGY NORTH   ,MO,65803-0000,Proprietary  ,17,57,74,71,177,248
03579300,TEXAS COUNTY TECHNICAL INSTITUTE        ,MO,65483-2700,Private      ,8,36,44,41,242,283
03616300,AVIATION INSTITUTE OF MAINTENANCE       ,MO,64129-1811,Proprietary  ,4,27,31,41,225,266
03878300,PROFESSIONAL MASSAGE TRAINING CENTER    ,MO,65803-2939,Proprietary  ,9,34,43,34,123,157
03916300,ECLIPS SCHOOL OF COSMETOLOGY AND BARBERI,MO,63703-5809,Proprietary  ,10,65,75,49,222,271
03924300,HAIR ACADEMY 110 (THE)                  ,MO,63501-2915,Proprietary  ,5,5,10,19,19,38
03970400,WELLSPRING SCHOOL OF ALLIED HEALTH      ,MO,64114-3313,Proprietary  ,19,57,76,46,175,221
04037500,ACADEMY OF HAIR DESIGN                  ,MO,65804-2303,Proprietary  ,23,78,101,90,223,313
04051329,ART INSTITUTE OF PHOENIX (THE) - BROWN M,MO,63026-2564,Proprietary  ,15,29,44,86,156,242
04118700,AMERICAN COLLEGE OF TECHNOLOGY          ,MO,64506-2006,Proprietary  ,5,188,193,24,672,696
04119100,CITY VISION COLLEGE                     ,MO,64141-3188,Private      ,3,29,32,13,103,116
04122300,GRANTHAM UNIVERSITY                     ,MO,64153-2262,Proprietary  ,148,3176,3324,400,9129,9529
04130300,VICTORY TRADE SCHOOL                    ,MO,65803-2754,Private      ,3,24,27,19,95,114
04130600,"CENTER FOR HEALING ARTS (THE), LLC      ",MO,63143-2103,Proprietary  ,9,39,48,29,145,174
04133300,TREND SETTERS SCHOOL OF COSMETOLOGY     ,MO,63702-7607,Proprietary  ,11,30,41,56,129,185
04145200,TRANSFORMED BARBER AND COSMETOLOGY ACADE,MO,64137-1207,Proprietary  ,15,54,69,62,187,249
04145700,THE SYSTEM A PAUL MITCHELL PARTNER SCHL ,MO,65807-5969,Proprietary  ,33,52,85,132,183,315
04146100,URSHAN GRADUATE SCHOOL OF THEOLOGY      ,MO,63031-7526,Private      ,6,15,21,39,56,95
04152200,CARTHAGE R-9 SCHOOL DISTRICT/CARTHAGE TE,MO,64836-1332,Public       ,8,17,25,15,46,61
04170600,SALON PROFESSIONAL ACADEMY (THE)        ,MO,63301-1021,Proprietary  ,7,36,43,43,109,152
04170700,PAUL MITCHELL THE SCHOOL ST LOUIS       ,MO,63108-1554,Proprietary  ,45,84,129,193,256,449
04173900,COSMETOLOGY COLLEGE OF FRANKLIN COUNTY  ,MO,63077-3448,Proprietary  ,2,5,7,19,28,47
04174000,SKIN INSTITUTE                          ,MO,63128-1307,Proprietary  ,3,27,30,20,91,111
04174800,AMERICAN TRADE SCHOOL                   ,MO,63074-1807,Proprietary  ,11,48,59,30,163,193
04179000,"SALON PROFESSIONAL ACADEMY, THE         ",MO,65616-7216,Proprietary  ,4,11,15,4,11,15
04184400,SEYMOUR BEAUTY ACADEMY                  ,MO,65746-8743,Proprietary  ,3,12,15,6,38,44
04187000,DONNA'S ACADEMY OF HAIR DESIGN          ,MO,64089-9042,Proprietary  ,3,7,10,19,29,48
04212100,ACADEMY OF SALON PROFESSIONALS          ,MO,65301-6910,Proprietary  ,4,15,19,23,58,81
04218400,CITY POINTE BEAUTY ACADEMY              ,MO,64870-2502,Proprietary  ,11,14,25,27,46,73
00314600,WESTERN OKLAHOMA STATE COLLEGE          ,OK,73521-1397,Public       ,213,363,576,713,1027,1740
00314700,BACONE COLLEGE                          ,OK,74403-1597,Private      ,239,228,467,1196,757,1953
00314900,SOUTHERN NAZARENE UNIVERSITY            ,OK,73008-2694,Private      ,159,535,694,1188,1891,3079
00315000,CAMERON UNIVERSITY                      ,OK,73505-6377,Public       ,497,1120,1617,2372,4174,6546
00315100,OKLAHOMA WESLEYAN UNIVERSITY            ,OK,74006-6299,Private      ,50,271,321,1019,1110,2129
00315200,UNIV OF CENTRAL OKLAHOMA                ,OK,73034-5209,Public       ,1604,2012,3616,10242,8101,18343
00315300,CONNORS STATE COLLEGE                   ,OK,74469-9700,Public       ,240,452,692,1345,1688,3033
00315400,EAST CENTRAL UNIVERSITY                 ,OK,74820-6999,Public       ,423,737,1160,2828,2692,5520
00315500,EASTERN OKLAHOMA STATE COLLEGE          ,OK,74578-4999,Public       ,152,389,541,871,1186,2057
00315600,REDLANDS COMMUNITY COLLEGE              ,OK,73036-5304,Public       ,169,338,507,786,1113,1899
00315700,LANGSTON UNIVERSITY                     ,OK,73050-0000,Public       ,374,508,882,2371,2109,4480
00315800,MURRAY STATE COLLEGE                    ,OK,73460-3137,Public       ,248,407,655,1199,1570,2769
00316000,NORTHEASTERN OKLAHOMA A & M COLLEGE     ,OK,74354-6497,Public       ,290,345,635,1831,1317,3148
00316100,NORTHEASTERN STATE UNIVERSITY           ,OK,74464-2399,Public       ,662,1288,1950,5338,6236,11574
00316200,NORTHERN OKLAHOMA COLLEGE               ,OK,74653-0310,Public       ,484,558,1042,2075,2064,4139
00316300,NORTHWESTERN OKLAHOMA STATE UNIV        ,OK,73717-2799,Public       ,313,265,578,1658,1032,2690
00316400,OKLAHOMA BAPTIST UNIVERSITY             ,OK,74801-2590,Private      ,276,113,389,2929,554,3483
00316500,OKLAHOMA CHRISTIAN UNIVERSITY           ,OK,73131-0000,Private      ,296,250,546,2500,998,3498
00316600,OKLAHOMA CITY UNIVERSITY                ,OK,73106-1493,Private      ,297,603,900,2839,2779,5618
00316700,UNIV OF SCIENCE & ARTS OF OKLAHOMA      ,OK,73018-5322,Public       ,109,104,213,787,498,1285
00316800,ROGERS STATE UNIVERSITY                 ,OK,74017-3252,Public       ,407,732,1139,2839,3099,5938
00317000,OKLAHOMA STATE UNIVERSITY               ,OK,74078-1026,Public       ,2197,1792,3989,19150,8477,27627
00317200,OKLAHOMA STATE UNIVERSITY-OKMULGEE      ,OK,74447-3901,Public       ,384,569,953,2049,1983,4032
00317400,OKLAHOMA PANHANDLE STATE UNIVERSITY     ,OK,73939-0000,Public       ,188,145,333,951,477,1428
00317600,CARL ALBERT STATE COLLEGE               ,OK,74953-5208,Public       ,223,486,709,1379,1853,3232
00317800,SEMINOLE STATE COLLEGE                  ,OK,74818-0351,Public       ,241,336,577,1016,1173,2189
00317900,SOUTHEASTERN OKLAHOMA STATE UNIV        ,OK,74701-0609,Public       ,464,712,1176,2464,2331,4795
00318000,SOUTHWESTERN CHRISTIAN UNIVERSITY       ,OK,73008-2335,Private      ,115,193,308,516,696,1212
00318100,SOUTHWESTERN OKLAHOMA STATE UNIV        ,OK,73096-3098,Public       ,471,519,990,3256,1970,5226
00318101,SOUTHWESTERN OK STATE UNIV AT SAYRE     ,OK,73662-0000,Public       ,31,65,96,150,204,354
00318300,ST GREGORY'S UNIVERSITY                 ,OK,74804-2499,Private      ,54,95,149,465,372,837
00318308,SAINT GREGORY'S UNIVERSITY - IPD TULSA  ,OK,74135-2499,Private      ,9,55,64,52,253,305
00318400,UNIVERSITY OF OKLAHOMA                  ,OK,73019-4078,Public       ,1725,2168,3893,18909,10645,29554
00318401,UNIVERSITY OF OKLAHOMA-HLTH SCI CTR     ,OK,73190-0000,Public       ,91,419,510,907,3674,4581
00318500,UNIVERSITY OF TULSA                     ,OK,74104-3189,Private      ,275,413,688,3901,2263,6164
00398500,ORAL ROBERTS UNIVERSITY                 ,OK,74171-0001,Private      ,346,410,756,3215,1831,5046
00531100,TULSA COUNTY AREA VOC TECH SCHOOL       ,OK,74145-0000,Public       ,135,511,646,588,1733,2321
00531200,RED RIVER TECHNOLOGY CENTER             ,OK,73533-2700,Public       ,26,74,100,57,169,226
00533900,METRO TECHNOLOGY CENTERS SCH DIST22     ,OK,73111-0000,Public       ,80,358,438,237,1248,1485
00533903,METRO TECHNOLOGY CENTERS SCH DIST22     ,OK,73129-0000,Public       ,39,186,225,134,684,818
00694200,MID-AMERICA CHRISTIAN UNIVERSITY        ,OK,73170-4504,Private      ,104,1040,1144,560,3155,3715
00767800,SPARTAN COLLEGE OF AERONAUTICS AND TECHN,OK,74115-5800,Proprietary  ,110,176,286,825,772,1597
00791100,VIRGILS BEAUTY COLLEGE                  ,OK,74401-6802,Proprietary  ,8,38,46,21,70,91
00834300,AUTRY TECHNOLOGY CENTER                 ,OK,73703-2598,Public       ,29,96,125,114,283,397
00861900,TRI COUNTY TECHNOLOGY CENTER            ,OK,74006-6029,Public       ,12,50,62,77,245,322
00918500,ROSE STATE COLLEGE                      ,OK,73110-2799,Public       ,600,1633,2233,2832,5391,8223
00920400,KIAMICHI TECHNOLOGY CENTER              ,OK,74578-0548,Public       ,85,268,353,269,855,1124
00920408,KIAMICHI TECHNOLOGY CENTER - POTEAU CAMP,OK,74953-0825,Public       ,0,0,0,12,51,63
00961800,TULSA WELDING SCHOOL                    ,OK,74104-0000,Proprietary  ,320,676,996,1396,1816,3212
00964700,"OKLAHOMA STATE UNIV, OKLA CITY          ",OK,73107-6159,Public       ,663,1866,2529,3098,6733,9831
00970800,EVES COLLEGE OF HAIRSTYLING             ,OK,73501-4359,Proprietary  ,15,54,69,37,139,176
00976300,TULSA COMMUNITY COLLEGE                 ,OK,74135-6198,Public       ,1415,3315,4730,8320,12681,21001
00996300,CADDO KIOWA VOC TECH CENTER             ,OK,73038-0000,Public       ,20,106,126,61,269,330
00996400,CENTRAL OKLAHOMA AREA VOC TECH SCH      ,OK,74030-9613,Public       ,30,90,120,106,304,410
00996500,CANADIAN VALLEY TECHNOLOGY CENTER       ,OK,73036-9117,Public       ,15,101,116,78,378,456
00996800,GORDON COOPER TECHNOLOGY CENTER         ,OK,74804-9913,Public       ,34,119,153,135,423,558
01005300,INDIAN CAPITAL TECHNOLGY CENTER #4      ,OK,74403-9907,Public       ,53,208,261,249,703,952
01026600,HILLSDALE FREE WILL BAPTIST COLLEGE     ,OK,73153-0000,Private      ,56,36,92,213,104,317
01034200,SOUTHERN OKLAHOMA TECHNOLOGY CENTER     ,OK,73401-2100,Public       ,26,87,113,135,333,468
01039100,OKLAHOMA CITY COMMUNITY COLLEGE         ,OK,73159-4444,Public       ,1331,2721,4052,5151,9007,14158
01050304,WTI TULSA CAMPUS                        ,OK,74112-3140,Proprietary  ,16,89,105,51,263,314
01071700,GREAT PLAINS TECHNOLOGY CENTER SCHOOL DI,OK,73505-8399,Public       ,49,191,240,184,726,910
01076200,WESTERN OK AREA VOC TECH SCH DIST12     ,OK,73624-1469,Public       ,12,37,49,53,108,161
01120600,PIONEER TECHNOLOGY CENTER               ,OK,74601-1106,Public       ,10,57,67,34,209,243
01128200,OKLAHOMA STATE UNV CLG OSTEOPTHC MD     ,OK,74107-0000,Public       ,14,134,148,134,748,882
01153700,MID-AMERICA TECHNOLOGY CENTER           ,OK,73095-0210,Public       ,10,40,50,51,140,191
01227200,MOORE-NORMAN TECHNOLOGY CENTER          ,OK,73069-8399,Public       ,66,240,306,258,888,1146
02052700,NORTHEAST TECHNOLOGY CENTER             ,OK,74361-0487,Public       ,61,161,222,190,530,720
02060800,MERIDIAN TECHNOLOGY CENTER              ,OK,74074-0000,Public       ,28,83,111,166,372,538
02126500,ENID BEAUTY COLLEGE                     ,OK,73701-0000,Proprietary  ,8,15,23,27,54,81
02184400,SAND SPRINGS BEAUTY COLLEGE             ,OK,74063-0000,Proprietary  ,11,46,57,34,109,143
02197300,HOLLYWOOD COSMETOLOGY CENTER            ,OK,73189-0000,Proprietary  ,7,24,31,26,76,102
02222700,FRANCIS TUTTLE TECHNOLOGY CENTER        ,OK,73142-0000,Public       ,93,443,536,328,1473,1801
02238500,CENTRAL STATE BEAUTY ACADEMY            ,OK,73162-6007,Proprietary  ,32,97,129,80,311,391
02250900,E OK COUNTY AREA VO-TECH                ,OK,73020-0000,Public       ,8,30,38,41,104,145
02256200,"BROKEN ARROW BEAUTY COLLEGE, INC        ",OK,74012-0000,Proprietary  ,28,83,111,84,222,306
02282100,HIGH PLAINS AREA VOC-TECH               ,OK,73801-0000,Public       ,14,35,49,29,81,110
02306800,PLATT COLLEGE                           ,OK,74145-0000,Proprietary  ,98,420,518,309,1403,1712
02510300,BEAUTY TECHNICAL COLLEGE                ,OK,74465-0000,Proprietary  ,7,24,31,18,56,74
02531200,WOODWARD BEAUTY COLLEGE                 ,OK,73801-0000,Proprietary  ,3,16,19,7,36,43
02554300,AMERICAN BEAUTY INSTITUTE               ,OK,74501-0000,Proprietary  ,7,30,37,13,63,76
02556500,YUKON BEAUTY COLLEGE                    ,OK,73099-4108,Proprietary  ,0,12,12,2,30,32
02560200,PHILLIPS THEOLOGICAL SEMINARY -         ,OK,74116-5612,Private      ,1,20,21,5,90,95
02581100,CLAREMORE BEAUTY COLLEGE                ,OK,74017-7034,Proprietary  ,0,15,15,8,36,44
02581200,CC'S COSMETOLOGY COLLEGE                ,OK,74129-0000,Proprietary  ,14,66,80,69,194,263
02591101,CAREER POINT INSTITUTE                  ,OK,74146-0000,Proprietary  ,11,107,118,71,385,456
02597400,PONTOTOC TECHNOLOGY CENTER SCHOOL       ,OK,74820-8621,Public       ,13,55,68,71,201,272
02599706,VATTEROTT COLLEGE - TULSA               ,OK,74146-2205,Proprietary  ,16,125,141,66,419,485
02600000,NORTHWEST TECHNOLOG CTR SCH DIST 10     ,OK,73717-9600,Public       ,10,24,34,27,60,87
02600500,WES WATKINS TECHNOLOGY CENTER           ,OK,74883-9660,Public       ,8,46,54,37,135,172
02609205,VATTEROTT COLLEGE - OKLAHOMA CITY       ,OK,73127-2103,Proprietary  ,27,206,233,79,654,733
03008700,SOUTHWEST TECHNOLOGY CENTER             ,OK,73521-1527,Public       ,23,78,101,49,166,215
03024700,STILLWATER BEAUTY ACADEMY               ,OK,74075-3467,Proprietary  ,10,22,32,25,54,79
03030700,OKLAHOMA SCHOOL OF PHOTOGRAPHY          ,OK,73160-3320,Proprietary  ,7,41,48,39,132,171
03030800,AMERICAN BROADCASTING SCHOOL            ,OK,73115-3334,Proprietary  ,8,62,70,50,261,311
03051100,CHISHOLM TRAIL TECHNOLOGY CENTER        ,OK,73764-6335,Public       ,2,16,18,5,58,63
03078500,TECH INST OF COSMETOLOGY ARTS & SCI     ,OK,74120-3610,Proprietary  ,5,42,47,45,130,175
03103800,SOUTHERN SCHOOL OF BEAUTY               ,OK,74701-5008,Proprietary  ,5,19,24,24,63,87
03109800,PONCA CITY BEAUTY COLLEGE               ,OK,74601-4201,Proprietary  ,1,14,15,2,33,35
03109801,BARTLESVILLE BEAUTY COLLEGE             ,OK,74003-2835,Proprietary  ,1,11,12,6,31,37
03115100,HERITAGE COLLEGE                        ,OK,73119-0000,Proprietary  ,67,318,385,202,887,1089
03124800,PLATT COLLEGE                           ,OK,73501-3808,Proprietary  ,17,126,143,59,439,498
03124901,IMAGINE -  PAUL MITCHELL PARTNER SCHOOL ,OK,73072-4831,Proprietary  ,33,54,87,133,211,344
03126200,GREEN COUNTRY AREA VOC TECH SCHOOL      ,OK,74447-1217,Public       ,8,37,45,57,148,205
03198400,MID-DEL AREA VOCATIONAL & TECH SCH      ,OK,73110-4825,Public       ,13,62,75,52,151,203
03329400,PRYOR BEAUTY COLLEGE                    ,OK,74361-0000,Proprietary  ,3,19,22,10,43,53
03329401,PRYOR BEAUTY COLLEGE - GROVE BEAUTY COLL,OK,74345-0009,Proprietary  ,3,6,9,6,21,27
03329402,PRYOR BEAUTY COLLEGE - NORTH EAST OKLAHO,OK,74338-0000,Proprietary  ,1,0,1,1,1,2
03367400,COMMUNITY CARE COLLEGE                  ,OK,74145-6420,Proprietary  ,158,508,666,456,1503,1959
03396400,OKLAHOMA HEALTH ACADEMY                 ,OK,73160-3667,Proprietary  ,0,0,0,3,3,6
03453400,SHAWNEE BEAUTY COLLEGE                  ,OK,74801-7014,Proprietary  ,0,15,15,14,46,60
03676300,FAMILY OF FAITH COLLEGE                 ,OK,74802-1805,Private      ,2,9,11,14,29,43
03831300,INSTITUTE OF HAIR DESIGN                ,OK,74804-0000,Proprietary  ,1,12,13,7,37,44
03928300,CENTRAL STATE MASSAGE ACADEMY           ,OK,73162-6007,Proprietary  ,7,26,33,31,121,152
04051324,ART INSTITUTE OF PHOENIX (THE) - BROWN M,OK,74146-5234,Proprietary  ,17,79,96,106,345,451
04060300,AMERICAN INSTITUTE OF MEDICAL TECHNOLOGY,OK,74146-5201,Proprietary  ,22,77,99,110,306,416
04062300,BROOKLINE COLLEGE                       ,OK,73114-6318,Proprietary  ,3,31,34,23,115,138
04133600,CUTTER'S EDGE SCHOOL OF COSMETOLOGY     ,OK,74023-2905,Proprietary  ,0,6,6,6,12,18
04144400,ACADEMY OF HAIR DESIGN (THE)            ,OK,73120-6808,Proprietary  ,16,53,69,51,172,223
04184300,PAUL MITCHELL THE SCHOOL ARDMORE        ,OK,73401-3912,Proprietary  ,1,6,7,1,6,7
04224700,JB'S HAIR DESIGN AND BARBER COLLEGE     ,OK,73139-1602,Proprietary  ,0,9,9,0,9,9
00163700,BETHANY THEOLOGICAL SEMINARY            ,IN,47374-0000,Private      ,0,10,10,2,65,67
00178400,ANCILLA COLLEGE-FINANCIAL AID OFFC      ,IN,46513-0001,Private      ,21,55,76,458,451,909
00178500,ANDERSON UNIVERSITY                     ,IN,46012-3495,Private      ,103,214,317,2764,1217,3981
00178600,BALL STATE UNIVERSITY                   ,IN,47306-0880,Public       ,649,1029,1678,23691,8922,32613
00178700,BETHEL COLLEGE INC                      ,IN,46545-5591,Private      ,45,159,204,1744,1515,3259
00178800,BUTLER UNIVERSITY                       ,IN,46208-3487,Private      ,183,273,456,8914,2524,11438
00178900,CHRISTIAN THEOLOGICAL SEMINARY          ,IN,46208-0000,Private      ,0,32,32,23,333,356
00179200,DEPAUW UNIVERSITY                       ,IN,46135-0037,Private      ,53,18,71,3293,183,3476
00179300,EARLHAM COLLEGE                         ,IN,47374-4095,Private      ,60,23,83,1556,199,1755
00179301,EARLHAM SCHOOL OF RELIGION              ,IN,47374-0000,Private      ,1,2,3,13,49,62
00179500,UNIVERSITY OF EVANSVILLE                ,IN,47722-0002,Private      ,85,122,207,3817,994,4811
00179800,FRANKLIN COLLEGE OF INDIANA             ,IN,46131-2623,Private      ,36,53,89,2051,373,2424
00179900,GOSHEN COLLEGE                          ,IN,46526-4794,Private      ,29,79,108,978,502,1480
00180000,GRACE COLLEGE & THEO SEMINARY           ,IN,46590-1224,Private      ,56,89,145,2106,608,2714
00180100,HANOVER COLLEGE                         ,IN,47243-0108,Private      ,56,12,68,2534,143,2677
00180300,HUNTINGTON UNIVERSITY                   ,IN,46750-1299,Private      ,47,59,106,1365,447,1812
00180400,UNIVERSITY OF INDIANAPOLIS              ,IN,46227-3697,Private      ,185,656,841,6917,5856,12773
00180500,INDIANA INSTITUTE OF TECHNOLOGY         ,IN,46803-1297,Private      ,195,1393,1588,2509,6551,9060
00180700,INDIANA STATE UNIVERSITY                ,IN,47809-2501,Public       ,461,977,1438,14820,7502,22322
00180800,UNIVERSITY OF SOUTHERN INDIANA          ,IN,47712-3596,Public       ,357,589,946,9445,4322,13767
00180900,INDIANA UNIVERSITY-BLOOMINGTON          ,IN,47405-7000,Public       ,1153,1110,2263,36158,11825,47983
00181100,INDIANA UNIV-EAST                       ,IN,47374-1289,Public       ,108,466,574,2104,2990,5094
00181300,INDIANA UNIV-PURDUE UNIV INDPLS         ,IN,46202-5145,Public       ,910,2494,3404,23905,24659,48564
00181301,INDIANA UNIVERSITY - PURDUE UNIVERSITY I,IN,47203-1769,Public       ,90,276,366,2104,2225,4329
00181400,INDIANA UNIV KOKOMO                     ,IN,46902-3557,Public       ,103,415,518,2480,3035,5515
00181500,INDIANA UNIV-NORTHWEST                  ,IN,46408-1197,Public       ,328,958,1286,4345,6192,10537
00181600,INDIANA UNIVERSITY - SOUTH BEND         ,IN,46615-0000,Public       ,277,706,983,5359,5894,11253
00181700,INDIANA UNIVERSITY-SOUTHEAST            ,IN,47150-6405,Public       ,318,685,1003,4586,4144,8730
00182000,MANCHESTER COLLEGE                      ,IN,46962-1276,Private      ,21,20,41,2286,449,2735
00182100,MARIAN UNIVERSITY                       ,IN,46222-1997,Private      ,83,349,432,2479,3116,5595
00182200,INDIANA WESLEYAN UNIVERSITY             ,IN,46953-4974,Private      ,166,2617,2783,4665,15173,19838
00182300,ASSOCIATED MENNONITE BIBLICAL SEM       ,IN,46517-1999,Private      ,3,10,13,11,101,112
00182400,OAKLAND CITY UNIVERSITY                 ,IN,47660-1099,Private      ,34,115,149,583,652,1235
00182500,PURDUE UNIVERSITY                       ,IN,47907-2050,Public       ,709,877,1586,32398,8471,40869
00182600,PURDUE UNIV NORTH CENTRAL CAMPUS        ,IN,46391-9542,Public       ,168,329,497,3254,2589,5843
00182700,PURDUE UNIV CALUMET                     ,IN,46323-2094,Public       ,396,1027,1423,5771,6686,12457
00182800,INDIANA UNIV-PURDUE UNIV FORT WAYNE     ,IN,46805-1499,Public       ,474,1103,1577,10284,8302,18586
00183000,ROSE HULMAN INSTITUTE OF TECHNOLOGY     ,IN,47803-3999,Private      ,55,21,76,3798,198,3996
00183200,UNIVERSITY OF SAINT FRANCIS             ,IN,46808-3994,Private      ,72,307,379,2491,2235,4726
00183300,ST JOSEPH'S COLLEGE                     ,IN,47978-0000,Private      ,35,26,61,1575,237,1812
00183400,CALUMET COLLEGE OF SAINT JOSEPH         ,IN,46394-2195,Private      ,94,187,281,643,882,1525
00183500,SAINT MARY-OF-THE-WOODS COLLEGE         ,IN,47876-0067,Private      ,12,186,198,416,1060,1476
00183600,ST MARY'S COLLEGE                       ,IN,46556-5007,Private      ,15,14,29,1854,151,2005
00183800,TAYLOR UNIVERSITY                       ,IN,46989-1001,Private      ,53,69,122,2517,325,2842
00183900,TRINE UNIVERSITY                        ,IN,46703-1764,Private      ,42,134,176,2994,1050,4044
00184000,UNIVERSITY OF NOTRE DAME                ,IN,46556-5602,Private      ,247,240,487,13436,3161,16597
00184200,VALPARAISO UNIVERSITY                   ,IN,46383-6493,Private      ,186,271,457,5657,2337,7994
00184300,VINCENNES UNIVERSITY                    ,IN,47591-1523,Public       ,450,976,1426,7191,4877,12068
00184400,WABASH COLLEGE                          ,IN,47933-0352,Private      ,17,7,24,1371,76,1447
00420300,GOOD SAMARITAN HOSP RADIOGRAPHY PRG     ,IN,47591-0000,Public       ,0,0,0,0,1,1
00457900,INTERNATIONAL BUSINESS COLLEGE          ,IN,46804-0000,Proprietary  ,16,76,92,663,488,1151
00457901,INTERNATIONAL BUSINESS COLLEGE          ,IN,46256-0000,Proprietary  ,34,89,123,830,642,1472
00625700,SAINT ELIZABETH SCHOOL OF NURSING       ,IN,47904-2198,Private      ,10,57,67,235,521,756
00638510,CHAMBERLAIN COLLEGE OF NURSING - INDIANA,IN,46240-2158,Proprietary  ,5,51,56,5,51,56
00726300,HOLY CROSS COLLEGE                      ,IN,46556-0308,Private      ,35,12,47,728,156,884
00727600,SAINT MEINRAD SCHOOL OF THEOLOGY        ,IN,47577-1002,Private      ,0,40,40,1,118,119
00732900,ITT TECHNICAL INSTITUTE                 ,IN,46268-1119,Proprietary  ,1060,5734,6794,3098,15541,18639
00732933,ITT TECHNICAL INSTITUTE                 ,IN,46635-1512,Proprietary  ,56,288,344,402,1230,1632
00732962,ITT TECHNICAL INSTITUTE                 ,IN,47630-7430,Proprietary  ,237,1050,1287,714,3583,4297
00732968,ITT TECHNICAL INSTITUTE                 ,IN,46410-0000,Proprietary  ,36,180,216,291,872,1163
00732993,ITT TECHNICAL INSTITUTE                 ,IN,46825-2393,Proprietary  ,152,791,943,862,2668,3530
00736200,MEDTECH COLLEGE                         ,IN,46250-3970,Proprietary  ,35,314,349,377,2312,2689
00736202,MEDTECH COLLEGE - GREENWOOD             ,IN,46143-6478,Proprietary  ,28,162,190,217,1055,1272
00736204,MEDTECH COLLEGE - FORT WAYNE            ,IN,46804-2209,Proprietary  ,26,181,207,225,1107,1332
00757311,EMPIRE BEAUTY SCHOOL - INDIANAPOLIS     ,IN,46237-3249,Proprietary  ,26,103,129,252,712,964
00793800,LINCOLN COLLEGE OF TECHNOLOGY           ,IN,46202-0000,Proprietary  ,208,278,486,1835,1125,2960
00931306,DAYMAR COLLEGE - ROCKPORT               ,IN,47635-1506,Proprietary  ,0,8,8,9,32,41
00951500,J MICHAEL HARROLD BEAUTY ACADEMY        ,IN,47807-3390,Proprietary  ,15,41,56,73,185,258
00961200,"APEX SCHOOL OF BEAUTY CULTURE, INC      ",IN,46016-0000,Proprietary  ,3,12,15,29,65,94
00961300,MERRILLVILLE BEAUTY COLLEGE             ,IN,46410-3401,Proprietary  ,10,38,48,60,151,211
00967300,RUDAE'S SCHOOL OF BEAUTY CULTURE        ,IN,46825-5444,Proprietary  ,15,63,78,137,281,418
00977700,KAPLAN COLLEGE                          ,IN,46278-1736,Proprietary  ,33,341,374,351,1522,1873
00977702,KAPLAN COLLEGE - TEMPORARY FACILITY EXPA,IN,46268-4111,Proprietary  ,2,27,29,21,116,137
00977703,KAPLAN COLLEGE -  SE INDY               ,IN,46227-0000,Proprietary  ,44,251,295,205,912,1117
00991700,IVY TECH COMMUNITY COLLEGE OF INDIANA   ,IN,46208-1763,Public       ,4682,17361,22043,43457,95877,139334
01015100,VINCENNES BEAUTY COLLEGE                ,IN,47591-1297,Proprietary  ,11,35,46,99,126,225
01040900,LAFAYETTE BEAUTY ACADEMY                ,IN,47901-1149,Proprietary  ,18,30,48,95,178,273
01048900,NATIONAL COLLEGE                        ,IN,46250-1930,Proprietary  ,10,111,121,60,486,546
01048910,NATIONAL COLLEGE - SOUTH BEND           ,IN,46617-3123,Proprietary  ,16,113,129,113,519,632
01048911,NATIONAL COLLEGE - FORT WAYNE           ,IN,46826-4905,Proprietary  ,8,54,62,74,354,428
01061800,MID-AMERICA CLG FUNERAL SERVICE         ,IN,47130-9990,Private      ,16,23,39,82,126,208
01150500,CREATIVE HAIR STYLING ACADEMY           ,IN,46322-1554,Proprietary  ,18,42,60,116,211,327
02084800,RAVENSCROFT BEAUTY COLLEGE              ,IN,46815-0000,Proprietary  ,23,94,117,103,288,391
02087600,CONCORDIA THEOLOGICAL SEMINARY          ,IN,46825-0000,Private      ,2,36,38,14,261,275
02100402,EVEREST INSTITUTE - EVEREST COLLEGE     ,IN,46410-7064,Proprietary  ,55,279,334,288,1207,1495
02140800,MARTIN UNIVERSITY                       ,IN,46218-0000,Private      ,32,254,286,214,1407,1621
02158400,HARRISON COLLEGE                        ,IN,46204-2611,Proprietary  ,103,615,718,634,3478,4112
02158401,HARRISON COLLEGE - COLUMBUS             ,IN,47203-1843,Proprietary  ,13,108,121,163,565,728
02158402,HARRISON COLLEGE - LAFAYETTE            ,IN,47905-4859,Proprietary  ,21,124,145,176,718,894
02158405,HARRISON COLLEGE - TERRE HAUTE          ,IN,47802-0000,Proprietary  ,18,128,146,138,658,796
02158407,HARRISON COLLEGE - ANDERSON             ,IN,46013-0000,Proprietary  ,16,110,126,138,609,747
02158409,HARRISON COLLEGE - EVANSVILLE           ,IN,47715-3901,Proprietary  ,15,110,125,181,566,747
02158410,HARRISON COLLEGE - EAST                 ,IN,46239-8903,Proprietary  ,40,204,244,269,1133,1402
02158412,HARRISON COLLEGE - FORT WAYNE           ,IN,46825-0000,Proprietary  ,14,118,132,163,687,850
02158413,HARRISON COLLEGE - NORTHWEST            ,IN,46278-0000,Proprietary  ,26,82,108,206,478,684
02158415,HARRISON COLLEGE - MUNCIE               ,IN,47303-0000,Proprietary  ,5,51,56,125,445,570
02158416,HARRISON COLLEGE - ELKHART              ,IN,46516-0000,Proprietary  ,10,63,73,77,343,420
02158800,DON ROBERTS BEAUTY SCHOOLS              ,IN,46383-0000,Proprietary  ,9,29,38,45,107,152
02164300,DON ROBERTS SCHOOL OF HAIR DESIGN       ,IN,46375-9999,Proprietary  ,7,25,32,45,74,119
02180108,ROSS MEDICAL EDUCATION CENTER -         ,IN,46530-4479,Proprietary  ,3,33,36,37,157,194
02201800,KAPLAN COLLEGE                          ,IN,46324-3347,Proprietary  ,40,176,216,231,816,1047
02241700,PJ'S COLLEGE OF COSMETOLOGY             ,IN,47129-0000,Proprietary  ,18,57,75,67,202,269
02245505,FORTIS COLLEGE - INDIANAPOLIS CAMPUS    ,IN,46268-0000,Proprietary  ,11,96,107,87,450,537
02302700,J EVERETT LIGHT CAREER CENTER           ,IN,46240-0000,Public       ,8,72,80,112,534,646
02304800,PJ'S COLLEGE OF COSMETOLOGY             ,IN,47374-0000,Proprietary  ,5,32,37,42,139,181
02308900,MASTER'S OF COSMETOLOGY COLLEGE         ,IN,46809-0000,Proprietary  ,13,41,54,134,204,338
02339600,ROGER'S ACADEMY OF HAIR DESIGN          ,IN,47712-0000,Proprietary  ,17,66,83,90,189,279
02351300,KNOX BEAUTY COLLEGE                     ,IN,46534-0000,Proprietary  ,0,7,7,25,37,62
02490500,HAIR FASHIONS BY KAYE BEAUTY CLG        ,IN,46250-0000,Proprietary  ,17,79,96,95,371,466
02490800,HAIR FASHIONS BY KAYE BEAUTY CLG        ,IN,46060-0000,Proprietary  ,10,26,36,35,79,114
02607000,HAIR ARTS ACADEMY                       ,IN,47404-2419,Proprietary  ,9,31,40,58,135,193
02615800,COLLEGE OF COURT REPORTING              ,IN,46342-5969,Proprietary  ,4,76,80,30,311,341
03100600,MARION COMM TUCKER AREA VOC SCHOOL      ,IN,46952-3831,Public       ,9,25,34,67,162,229
03176300,AVIATION INSTITUTE OF MAINTENANCE       ,IN,46241-1445,Proprietary  ,12,63,75,119,382,501
03262300,DAVID DEMUTH INSTITUTE OF COSM          ,IN,47374-4101,Proprietary  ,0,0,0,16,31,47
03456700,CROSSROADS BIBLE COLLEGE                ,IN,46219-4912,Private      ,7,58,65,86,419,505
03538300,ALEXANDRIA SCH OF SCIENTIFIC THERAP     ,IN,46001-0287,Proprietary  ,1,15,16,17,74,91
04038700,IDEAL BEAUTY ACADEMY                    ,IN,47130-4215,Proprietary  ,2,21,23,17,70,87
04051304,ART INSTITUTE OF PHOENIX (THE) - ART  IN,IN,46268-1170,Proprietary  ,101,187,288,1143,1146,2289
04051311,ART INSTITUTE OF PHOENIX (THE) - BROWN M,IN,46410-5608,Proprietary  ,29,160,189,188,853,1041
04051312,ART INSTITUTE OF PHOENIX (THE) - BROWN M,IN,46360-7362,Proprietary  ,13,71,84,120,425,545
04051318,ART INSTITUTE OF PHOENIX (THE) - BROWN M,IN,46204-1017,Proprietary  ,48,333,381,338,1749,2087
04051321,ART INSTITUTE OF PHOENIX (THE) - BROWN M,IN,46635-1176,Proprietary  ,28,136,164,207,779,986
04051322,ART INSTITUTE OF PHOENIX (THE) - BROWN M,IN,46805-0000,Proprietary  ,37,166,203,235,1089,1324
04100300,SUCCESS SCHOOLS                         ,IN,46410-5310,Proprietary  ,18,55,73,82,249,331
04121000,TECHSKILLS - INDIANAPOLIS               ,IN,46240-4302,Proprietary  ,11,143,154,112,448,560
04130900,HONORS BEAUTY COLLEGE                   ,IN,46256-3317,Proprietary  ,16,52,68,101,294,395
04155900,AVEDA FREDRIC'S INSTITUTE               ,IN,46250-4746,Proprietary  ,25,59,84,168,282,450
04166700,REM SPA INC                             ,IN,46013-3136,Proprietary  ,19,32,51,55,133,188
04171700,AVANT GARD THE SCHOOL                   ,IN,46214-6500,Proprietary  ,6,13,19,35,72,107
04172700,SALON PROFESSIONAL ACADEMY (THE)        ,IN,47715-7822,Proprietary  ,8,42,50,123,177,300
04184000,PAUL MITCHELL THE SCHOOL INDIANAPOLIS   ,IN,46227-6252,Proprietary  ,24,69,93,176,315,491
04186600,SALON PROFESSIONAL ACADEMY (THE)        ,IN,46901-6248,Proprietary  ,9,36,45,75,162,237
04205500,LIL LOU'S BARBER COLLEGE                ,IN,46409-2645,Proprietary  ,11,48,59,34,155,189
00190100,ALLEN COUNTY COMMUNITY COLLEGE          ,KS,66749-1607,Public       ,237,479,716,1084,1482,2566
00190200,COWLEY COUNTY COMMUNITY COLLEGE & AREA V,KS,67005-2662,Public       ,385,898,1283,1685,2631,4316
00190300,BAKER UNIVERSITY                        ,KS,66006-0065,Private      ,103,556,659,1388,1954,3342
00190400,BETHANY COLLEGE                         ,KS,67456-1897,Private      ,54,25,79,808,137,945
00190500,BETHEL COLLEGE                          ,KS,67117-8061,Private      ,55,30,85,750,163,913
00190600,BUTLER COUNTY COMMUNITY COLLEGE         ,KS,67042-3280,Public       ,914,1527,2441,4456,5053,9509
00190700,CENTRAL BAPTIST THEOLOGY SEMINARY       ,KS,66226-3513,Private      ,0,24,24,0,65,65
00190800,CENTRAL CHRISTIAN COLLEGE OF KANSAS     ,KS,67460-5799,Private      ,69,217,286,463,576,1039
00190900,CLOUD COUNTY COMMUNITY COLLEGE          ,KS,66901-1002,Public       ,159,290,449,845,959,1804
00191000,COFFEYVILLE COMMUNITY COLLEGE           ,KS,67337-5064,Public       ,198,149,347,1094,505,1599
00191100,COLBY COMMUNITY COLLEGE                 ,KS,67701-4099,Public       ,115,150,265,654,526,1180
00191300,DODGE CITY COMMUNITY COLLEGE            ,KS,67801-2399,Public       ,129,201,330,944,666,1610
00191400,DONNELLY COLLEGE                        ,KS,66102-4298,Private      ,59,238,297,316,662,978
00191500,FORT HAYS STATE UNIVERSITY              ,KS,67601-4099,Public       ,458,1268,1726,4346,6022,10368
00191600,FORT SCOTT COMMUNITY COLLEGE            ,KS,66701-3199,Public       ,175,283,458,1143,938,2081
00191700,BARCLAY COLLEGE                         ,KS,67059-0288,Private      ,35,52,87,152,127,279
00191800,FRIENDS UNIVERSITY                      ,KS,67213-3397,Private      ,116,475,591,1398,2407,3805
00191900,GARDEN CITY COMMUNITY COLLEGE           ,KS,67846-6398,Public       ,197,207,404,934,671,1605
00192000,HESSTON COLLEGE                         ,KS,67062-2093,Private      ,26,23,49,487,175,662
00192100,HIGHLAND COMMUNITY COLLEGE              ,KS,66035-4062,Public       ,188,349,537,1261,1344,2605
00192300,HUTCHINSON COMMUNITY COLLEGE            ,KS,67501-5894,Public       ,392,816,1208,2325,2583,4908
00192400,INDEPENDENCE COMMUNITY COLLEGE          ,KS,67301-0708,Public       ,153,146,299,617,451,1068
00192500,KANSAS CITY KANSAS COMMUNITY CLG        ,KS,66112-9978,Public       ,555,1731,2286,2260,5101,7361
00192600,PITTSBURG STATE UNIVERSITY              ,KS,66762-7500,Public       ,731,701,1432,5663,2932,8595
00192700,EMPORIA STATE UNIVERSITY                ,KS,66801-5087,Public       ,365,522,887,3535,2870,6405
00192800,KANSAS STATE UNIVERSITY                 ,KS,66506-1104,Public       ,1308,1242,2550,17217,7016,24233
00192900,KANSAS WESLEYAN UNIVERSITY              ,KS,67401-6196,Private      ,60,68,128,1035,335,1370
00193000,LABETTE COMMUNITY COLLEGE               ,KS,67357-4299,Public       ,97,197,294,598,806,1404
00193100,MANHATTAN CHRISTIAN COLLEGE             ,KS,66502-4081,Private      ,47,32,79,358,127,485
00193300,MCPHERSON COLLEGE                       ,KS,67460-3899,Private      ,45,34,79,891,183,1074
00193600,NEOSHO COUNTY COMMUNITY COLLEGE         ,KS,66720-2699,Public       ,150,312,462,939,1192,2131
00193700,OTTAWA UNIVERSITY                       ,KS,66067-3399,Private      ,89,757,846,933,2600,3533
00193800,PRATT COMMUNITY COLLEGE                 ,KS,67124-8432,Public       ,99,198,297,653,768,1421
00193900,NEWMAN UNIVERSITY                       ,KS,67213-2084,Private      ,146,360,506,1407,1665,3072
00194000,SOUTHWESTERN COLLEGE                    ,KS,67156-2499,Private      ,34,260,294,883,1372,2255
00194300,UNIVERSITY OF ST MARY                   ,KS,66048-5023,Private      ,97,266,363,740,836,1576
00194500,STERLING COLLEGE                        ,KS,67579-1533,Private      ,78,42,120,833,180,1013
00194600,TABOR COLLEGE                           ,KS,67063-1799,Private      ,57,66,123,901,263,1164
00194800,UNIVERSITY OF KANSAS                    ,KS,66045-7535,Public       ,1110,1133,2243,17734,10286,28020
00194900,WASHBURN UNIVERSITY                     ,KS,66621-1110,Public       ,382,760,1142,3662,4111,7773
00194901,WASHBURN INSTITUTE OF TECHNOLOGY        ,KS,66604-2199,Public       ,91,247,338,403,909,1312
00195000,WICHITA STATE UNIVERSITY                ,KS,67208-0000,Public       ,1016,1896,2912,7805,8349,16154
00460800,BARTON COUNTY COMMUNITY COLLEGE         ,KS,67530-9283,Public       ,195,685,880,1021,2162,3183
00526400,FLINT HILLS TECHNICAL COLLEGE           ,KS,66801-5999,Public       ,68,132,200,332,530,862
00526500,NORTH CENTRAL KANSAS TECH COLG          ,KS,67420-0000,Public       ,68,90,158,382,335,717
00526700,NORTHWEST KANSAS TECHNICAL SCHOOL       ,KS,67735-3441,Public       ,75,52,127,334,166,500
00549800,WICHITA AREA TECHNICAL COLLEGE          ,KS,67211-2099,Public       ,256,1140,1396,769,2942,3711
00549900,SALINA AREA TECHNICAL COLLEGE           ,KS,67401-8195,Public       ,48,78,126,227,263,490
00550000,MANHATTAN AREA TECHNICAL COLLEGE        ,KS,66503-2499,Public       ,68,191,259,477,841,1318
00675500,BROWN MACKIE COLLEGE (THE)              ,KS,67401-7307,Proprietary  ,132,461,593,475,1626,2101
00703200,MID AMERICA NAZARENE UNIVERSITY         ,KS,66062-1899,Private      ,105,322,427,1107,1239,2346
00822800,SEWARD CO COMM CO/AREA TECHNICAL SCHOOL ,KS,67905-0000,Public       ,144,140,284,554,472,1026
00824400,JOHNSON COUNTY COMMUNITY COLLEGE        ,KS,66210-1299,Public       ,937,1871,2808,6120,7733,13853
00833200,B-STREET DESIGN SCHOOL OF INTERNATIONAL ,KS,66502-6082,Proprietary  ,8,35,43,37,95,132
00833201,B-STREET DESIGN SCHOOL OF INTERNATIONAL ,KS,66046-2743,Proprietary  ,11,29,40,30,66,96
00869423,RASMUSSEN COLLEGE - OVERLAND PARK       ,KS,66210-2786,Proprietary  ,6,34,40,10,58,68
00869424,RASMUSSEN COLLEGE - TOPEKA              ,KS,66606-2339,Proprietary  ,23,108,131,39,185,224
01025600,BENEDICTINE COLLEGE                     ,KS,66002-1499,Private      ,130,47,177,2449,196,2645
01043800,HASKELL INDIAN NATIONS UNIVERSITY       ,KS,66046-4800,Public       ,166,157,323,1168,693,1861
01050300,WICHITA TECHNICAL INSTITUTE             ,KS,67213-1927,Proprietary  ,66,317,383,200,957,1157
01050302,WICHITA TECHNICAL INSTITUTE - WTI TOPEKA,KS,66609-1217,Proprietary  ,23,121,144,68,383,451
01050305,WICHITA TECHNICAL INSTITUTE - EAST CAMPU,KS,67208-4243,Proprietary  ,20,121,141,86,378,464
02090700,CLEVELAND CHIROPRACTIC COLLEGE          ,KS,66210-1613,Private      ,9,177,186,51,584,635
02134800,OLD TOWN BARBER AND BEAUTY COLLEGE      ,KS,67211-0000,Proprietary  ,17,55,72,38,143,181
02257700,HAYS ACADEMY OF HAIR DESIGN             ,KS,67601-3685,Proprietary  ,16,28,44,86,107,193
02257702,HAYS ACADEMY OF HAIR DESIGN -           ,KS,67401-0000,Proprietary  ,2,8,10,2,8,10
02340700,LABARON HAIRDRESSING ACADEMY            ,KS,66204-0000,Proprietary  ,7,20,27,22,42,64
02590900,WRIGHT CAREER COLLEGE                   ,KS,66212-0000,Private      ,123,710,833,352,2787,3139
02599709,VATTEROTT COLLEGE - WICHITA             ,KS,67226-1304,Proprietary  ,30,152,182,99,509,608
02603100,XENON INTERNATIONAL ACADEMY             ,KS,67203-5428,Proprietary  ,44,77,121,133,237,370
02606300,PAUL MITCHELL THE SCHOOL WICHITA        ,KS,67226-2803,Proprietary  ,33,51,84,99,190,289
02611005,HERITAGE COLLEGE - WICHITA              ,KS,67210-1879,Proprietary  ,51,187,238,168,575,743
02613000,PINNACLE CAREER INSTITUTE               ,KS,66046-2703,Proprietary  ,24,100,124,64,343,407
03031300,XENON INTERNATIONAL ACADEMY IV          ,KS,66061-3765,Proprietary  ,6,17,23,36,73,109
03066200,BRYAN COLLEGE                           ,KS,66604-2496,Proprietary  ,11,63,74,38,242,280
03450300,B-STREET DESIGN SCHOOL OF INTERNATIONAL ,KS,66611-2373,Proprietary  ,12,50,62,52,139,191
03450301,B-STREET DESIGN SCHOOL OF INTERNATIONAL ,KS,67207-5148,Proprietary  ,12,42,54,39,104,143
03450302,B-STREET DESIGN SCHOOL OF INTERNATIONAL ,KS,66212-5451,Proprietary  ,36,68,104,59,137,196
03529300,SIDNEY'S HAIRDRESSING COLLEGE           ,KS,67501-7094,Proprietary  ,6,18,24,25,52,77
04132900,Z HAIR ACADEMY                          ,KS,66046-4040,Proprietary  ,17,16,33,52,59,111
04162700,ERIC FISHER ACADEMY                     ,KS,67212-3376,Proprietary  ,38,42,80,131,186,317
04175700,ACADEMY OF AESTHETIC ARTS               ,KS,66203-3502,Proprietary  ,2,16,18,15,49,64
04179600,ENTOURAGE INSTITUTE OF BEAUTY AND ESTHET,KS,66215-3803,Proprietary  ,6,33,39,19,71,90
04205300,MITSU SATO HAIR ACADEMY                 ,KS,66212-1457,Proprietary  ,8,14,22,26,38,64
04209300,PAUL MITCHELL THE SCHOOL - OVERLAND PARK,KS,66212-4050,Proprietary  ,40,61,101,119,160,279
00203300,UNIVERSITY OF MAINE-PRESQUE ISLE        ,ME,04769-2888,Public       ,48,111,159,859,603,1462
00203500,BANGOR THEOLOGICAL SEMINARY             ,ME,04402-0411,Private      ,1,2,3,3,24,27
00203600,BATES COLLEGE                           ,ME,04240-6028,Private      ,48,16,64,3052,121,3173
00203800,BOWDOIN COLLEGE                         ,ME,04011-8451,Private      ,33,13,46,4035,139,4174
00203900,COLBY COLLEGE                           ,ME,04901-8841,Private      ,47,13,60,3067,116,3183
00204000,UNIVERSITY OF MAINE-FARMINGTON          ,ME,04938-1990,Public       ,61,67,128,2833,586,3419
00204100,UNIVERSITY OF MAINE-FORT KENT           ,ME,04743-1292,Public       ,34,98,132,716,525,1241
00204300,HUSSON UNIVERSITY                       ,ME,04401-2999,Private      ,75,163,238,2781,1553,4334
00204400,MAINE MARITIME ACADEMY                  ,ME,04420-0001,Public       ,30,11,41,1228,161,1389
00205000,UNIVERSITY OF NEW ENGLAND               ,ME,04005-9599,Private      ,109,520,629,4760,4529,9289
00205100,SAINT JOSEPH'S COLLEGE                  ,ME,04084-5236,Private      ,49,329,378,1850,1587,3437
00205200,THOMAS COLLEGE                          ,ME,04901-5097,Private      ,64,53,117,1194,312,1506
00205300,UNIVERSITY OF MAINE                     ,ME,04469-0001,Public       ,305,351,656,12361,3053,15414
00205400,UNIVERSITY OF SOUTHERN MAINE            ,ME,04104-0000,Public       ,270,676,946,6726,5705,12431
00205500,UNIVERSITY OF MAINE-MACHIAS             ,ME,04654-1397,Public       ,33,62,95,588,424,1012
00458615,KAPLAN UNIVERSITY - PORTLAND            ,ME,04106-2415,Proprietary  ,26,198,224,155,928,1083
00458616,KAPLAN UNIVERSITY - LEWISTON            ,ME,04240-0000,Proprietary  ,27,207,234,136,1034,1170
00458617,KAPLAN UNIVERSITY - AUGUSTA             ,ME,04330-8038,Proprietary  ,3,39,42,3,39,42
00520400,BEAL COLLEGE                            ,ME,04401-6896,Proprietary  ,41,121,162,318,670,988
00527600,CENTRAL MAINE COMMUNITY COLLEGE         ,ME,04210-6498,Public       ,222,452,674,1580,2079,3659
00527700,EASTERN MAINE COMMUNITY COLLEGE         ,ME,04401-4280,Public       ,170,323,493,1785,1780,3565
00552500,SOUTHERN MAINE COMMUNITY  COLLEGE       ,ME,04106-1698,Public       ,552,902,1454,4087,4450,8537
00576000,NORTHERN MAINE COMMUNITY COLLEGE        ,ME,04769-2016,Public       ,69,128,197,526,573,1099
00630500,CENTRAL MAINE MEDICAL CENTER COLLEGE OF ,ME,04243-9986,Private      ,13,46,59,118,331,449
00676000,UNIVERSITY OF MAINE-AUGUSTA             ,ME,04330-9410,Public       ,202,777,979,1716,5076,6792
00685800,UNITY COLLEGE                           ,ME,04988-9502,Private      ,20,19,39,870,131,1001
00903800,MR BERNARD'S SCH HAIR FASHION INC       ,ME,04243-1163,Proprietary  ,16,36,52,41,132,173
00923100,WASHINGTON COUNTY COMMUNITY COLLEGE     ,ME,04619-9704,Public       ,23,69,92,262,294,556
00945900,EMPIRE BEAUTY SCHOOL                    ,ME,04101-3348,Proprietary  ,97,231,328,264,459,723
00982600,KENNEBEC VALLEY  COMMUNITY  COLLEGE     ,ME,04937-1367,Public       ,97,332,429,919,1856,2775
01138500,COLLEGE OF THE ATLANTIC                 ,ME,04609-1105,Private      ,17,13,30,605,104,709
01167300,MAINE COLLEGE OF ART                    ,ME,04101-3987,Private      ,23,28,51,696,232,928
02104400,SPA TECH INSTITUTE                      ,ME,04093-0000,Proprietary  ,27,140,167,145,387,532
02347100,NEW ENGLAND SCHOOL OF COMMUNICATIONS    ,ME,04401-0000,Private      ,18,25,43,576,178,754
02361300,LANDING SCHOOL OF BOATBUILDING & DESIGN ,ME,04046-1490,Private      ,3,11,14,39,45,84
03122900,YORK COUNTY COMMUNITY COLLEGE           ,ME,04090-0529,Public       ,124,237,361,707,1005,1712
03429300,SEACOAST CAREER SCHOOLS                 ,ME,04073-0000,Proprietary  ,38,166,204,93,385,478
03612300,BIRTHWISE MIDWIFERY SCHOOL              ,ME,04009-1110,Proprietary  ,1,21,22,11,87,98
04177400,CAPILO SCHOOL OF HAIR DESIGN            ,ME,04330-0000,Proprietary  ,20,39,59,84,127,211
04185100,NORTHEAST TECHNICAL INSTITUTE           ,ME,04074-0000,Proprietary  ,34,199,233,105,584,689
04188800,INSTITUTE FOR DOCTORAL STUDIES IN THE VI,ME,04102-0000,Private      ,0,10,10,1,51,52
04214100,COSMOTECH SCHOOL OF COSMETOLOGY         ,ME,04092-2878,Proprietary  ,3,16,19,16,32,48
00209300,ST JOHN'S COLLEGE                       ,NM,87505-4599,Private      ,21,33,54,360,205,565
00264900,SANTA FE UNIVERSITY OF ART AND DESIGN   ,NM,87505-7634,Proprietary  ,101,63,164,1014,293,1307
00265000,UNIVERSITY OF THE SOUTHWEST             ,NM,88240-9129,Private      ,72,396,468,343,964,1307
00265100,EASTERN NEW MEXICO UNIV PORTALES        ,NM,88130-6000,Public       ,538,792,1330,3339,2869,6208
00265101,EASTERN NEW MEXICO UNIV-ROSWELL CAM     ,NM,88202-0000,Public       ,306,510,816,1201,1497,2698
00265300,NEW MEXICO HIGHLANDS UNIVERSITY         ,NM,87701-4436,Public       ,298,633,931,2238,2569,4807
00265400,NEW MEXICO INST OF MINING & TECH        ,NM,87801-4796,Public       ,151,112,263,1376,529,1905
00265500,NEW MEXICO JUNIOR COLLEGE               ,NM,88240-9123,Public       ,240,349,589,795,889,1684
00265600,NEW MEXICO MILITARY INSTITUTE           ,NM,88201-5173,Public       ,76,19,95,477,74,551
00265700,NEW MEXICO STATE UNIVERSITY             ,NM,88003-8001,Public       ,1321,1866,3187,12045,8263,20308
00265701,NEW MEXICO STATE UNIV-ALAMOGORDO        ,NM,88311-0000,Public       ,137,382,519,575,1346,1921
00265702,NEW MEXICO STATE UNIV.-DONA ANA CLG     ,NM,88003-0000,Public       ,714,1258,1972,3304,4544,7848
00265703,NEW MEXICO STATE UNIV-CARLSBAD          ,NM,88220-0000,Public       ,111,238,349,400,627,1027
00265704,NEW MEXICO STATE UNIV-GRANTS            ,NM,87020-0000,Public       ,74,216,290,269,556,825
00266000,SAN JUAN COLLEGE                        ,NM,87402-4699,Public       ,488,1174,1662,2110,4646,6756
00266300,THE UNIVERSITY OF NEW MEXICO            ,NM,87131-0001,Public       ,2179,3747,5926,19429,19418,38847
00266400,WESTERN NEW MEXICO UNIVERSITY           ,NM,88061-5417,Public       ,251,587,838,1581,2098,3679
00405701,NATIONAL AMERICAN UNIVERSITY            ,NM,87110-0000,Proprietary  ,15,152,167,100,639,739
00474200,CENTRAL NEW MEXICO COMMUNITY COLLEGE    ,NM,87106-4096,Public       ,2350,5289,7639,9128,17088,26216
00474300,CLOVIS COMMUNITY COLLEGE                ,NM,88101-8381,Public       ,230,627,857,677,1692,2369
00996200,LUNA COMMUNITY COLLEGE                  ,NM,87701-0000,Public       ,168,236,404,539,631,1170
01063200,DEWOLFF CLG HAIRSTYLING/COSMETOLOGY     ,NM,87112-4113,Proprietary  ,26,94,120,88,202,290
01300500,OLYMPIAN UNIVERSITY OF COSMETOLOGY      ,NM,88310-5051,Proprietary  ,111,323,434,327,985,1312
02083900,NORTHERN NEW MEXICO COLLEGE             ,NM,87530-0000,Public       ,179,272,451,638,856,1494
02146400,INSTITUTE OF AMERICAN INDIAN ARTS       ,NM,87508-0000,Public       ,34,68,102,184,290,474
02151102,ATI COLLEGE OF HEALTH - ATI CAREER TRAIN,NM,87109-2016,Proprietary  ,0,0,0,5,20,25
02218808,BROOKLINE COLLEGE - ALBUQUERQUE         ,NM,87105-1649,Proprietary  ,54,250,304,223,763,986
02278100,SANTA FE COMMUNITY COLLEGE              ,NM,87507-0000,Public       ,320,800,1120,1115,2612,3727
02357600,NAVAJO TECHNICAL COLLEGE                ,NM,87313-0000,Public       ,260,626,886,615,1367,1982
02511000,SOUTHWESTERN INDIAN POLYTECH INST       ,NM,87184-0000,Public       ,128,223,351,346,552,898
02572003,COMPUTER CAREER CENTER - LAS CRUCES CAMP,NM,88011-8220,Proprietary  ,38,166,204,148,525,673
02622000,SOUTHWEST ACUPUNCTURE COLLEGE           ,NM,87505-0000,Proprietary  ,1,70,71,3,256,259
03076100,SOUTHWESTERN COLLEGE                    ,NM,87507-0000,Private      ,2,50,52,30,264,294
03206300,MESALANDS COMMUNITY COLLEGE             ,NM,88401-3352,Public       ,43,68,111,145,163,308
03430300,UNIVERSAL THERAPEUTIC MASSAGE INSTITUTE ,NM,87107-4403,Proprietary  ,9,59,68,46,177,223
03678300,PIMA MEDICAL INSTITUTE                  ,NM,87110-0000,Proprietary  ,66,234,300,356,817,1173
03944300,MASSAGE THERAPY TRAINING INSTITUTE      ,NM,88007-0000,Proprietary  ,10,24,34,49,105,154
04162400,TONI AND GUY HAIR ACADEMY               ,NM,87106-4404,Proprietary  ,20,71,91,87,188,275
04174500,AVEDA INSTITUTE OF NEW MEXICO (THE)     ,NM,87110-3640,Proprietary  ,48,102,150,195,362,557
04178500,VOGUE COLLEGE OF COSMETOLOGY            ,NM,87505-7636,Proprietary  ,14,49,63,57,131,188
00223400,ADRIAN COLLEGE                          ,MI,49221-2575,Private      ,157,74,231,3018,427,3445
00223500,ALBION COLLEGE                          ,MI,49224-1831,Private      ,89,25,114,2724,177,2901
00223600,ALMA COLLEGE                            ,MI,48801-1599,Private      ,101,31,132,2817,207,3024
00223700,ALPENA COMMUNITY COLLEGE                ,MI,49707-1495,Public       ,182,297,479,1085,1046,2131
00223800,ANDREWS UNIVERSITY                      ,MI,49104-0750,Private      ,266,400,666,2018,1435,3453
00223900,AQUINAS COLLEGE                         ,MI,49506-1799,Private      ,108,186,294,3055,806,3861
00224000,BAY DE NOC COMMUNITY COLLEGE            ,MI,49829-2524,Public       ,238,461,699,1182,1451,2633
00224100,CALVIN COLLEGE                          ,MI,49546-4388,Private      ,119,124,243,4805,650,5455
00224200,CALVIN THEOLOGICAL SEMINARY             ,MI,49546-4387,Private      ,3,19,22,25,209,234
00224300,CENTRAL MICHIGAN UNIVERSITY             ,MI,48859-0001,Public       ,1555,2143,3698,23913,10920,34833
00224600,CLEARY UNIVERSITY                       ,MI,48105-2659,Private      ,26,207,233,224,751,975
00224700,CONCORDIA UNIVERSITY-ANN ARBOR          ,MI,48105-2797,Private      ,58,113,171,1058,410,1468
00224800,CRANBROOK ACADEMY OF ART                ,MI,48303-0000,Private      ,4,21,25,35,265,300
00224900,DAVENPORT UNIVERSITY                    ,MI,49503-0000,Private      ,492,2703,3195,3786,11801,15587
00225100,DELTA COLLEGE                           ,MI,48710-0001,Public       ,913,1668,2581,6577,7563,14140
00225400,MICHIGAN STATE UNIVERSITY COLLEGE OF LAW,MI,48824-1300,Private      ,43,163,206,376,2092,2468
00225900,EASTERN MICHIGAN UNIVERSITY             ,MI,48197-2214,Public       ,1892,3067,4959,19895,14722,34617
00226000,FERRIS STATE UNIVERSITY                 ,MI,49307-2251,Public       ,878,1216,2094,16104,8212,24316
00226100,CHARLES STEWART MOTT COMMUNITY CLG      ,MI,48503-2089,Public       ,1553,2959,4512,6226,9862,16088
00226200,KETTERING UNIVERSITY                    ,MI,48504-4898,Private      ,140,128,268,2321,511,2832
00226300,GLEN OAKS COMMUNITY COLLEGE             ,MI,49032-9784,Public       ,102,234,336,694,835,1529
00226400,GOGEBIC COMMUNITY COLLEGE               ,MI,49938-1365,Public       ,123,147,270,740,542,1282
00226500,GRACE BIBLE COLLEGE                     ,MI,49509-1998,Private      ,47,124,171,546,539,1085
00226600,CORNERSTONE UNIVERSITY                  ,MI,49525-5897,Private      ,109,437,546,2445,1987,4432
00226700,GRAND RAPIDS COMMUNITY COLLEGE          ,MI,49503-3295,Public       ,1620,2756,4376,11735,11694,23429
00226800,GRAND VALLEY STATE UNIVERSITY           ,MI,49401-9403,Public       ,1295,1470,2765,27205,8877,36082
00226900,GREAT LAKES CHRISTIAN COLLEGE           ,MI,48917-1299,Private      ,31,59,90,218,211,429
00227000,HENRY FORD COMMUNITY COLLEGE            ,MI,48128-1495,Public       ,2018,3576,5594,11135,16903,28038
00227300,HOPE COLLEGE                            ,MI,49423-3607,Private      ,83,49,132,5071,289,5360
00227400,JACKSON COMMUNITY COLLEGE               ,MI,49201-8399,Public       ,776,1519,2295,3746,4804,8550
00227500,KALAMAZOO COLLEGE                       ,MI,49006-3295,Private      ,66,78,144,2401,327,2728
00227600,KELLOGG COMMUNITY COLLEGE               ,MI,49017-3397,Public       ,432,1443,1875,2970,5510,8480
00227700,LAKE MICHIGAN COLLEGE                   ,MI,49022-1899,Public       ,405,894,1299,1993,3048,5041
00227800,LANSING COMMUNITY COLLEGE               ,MI,48933-1293,Public       ,1960,3191,5151,10265,11600,21865
00227900,LAWRENCE TECHNOLOGICAL UNIVERSITY       ,MI,48075-1058,Private      ,157,384,541,2156,1471,3627
00228200,MADONNA UNIVERSITY                      ,MI,48150-1173,Private      ,213,825,1038,2039,3580,5619
00228400,MARYGROVE COLLEGE                       ,MI,48221-2599,Private      ,220,920,1140,1384,3434,4818
00228800,ROCHESTER COLLEGE                       ,MI,48307-2764,Private      ,138,195,333,923,889,1812
00229000,MICHIGAN STATE UNIVERSITY               ,MI,48824-1113,Public       ,2393,1875,4268,41083,14900,55983
00229200,MICHIGAN TECHNOLOGICAL UNIV             ,MI,49931-1295,Public       ,360,180,540,6538,1015,7553
00229300,LAKE SUPERIOR STATE UNIVERSITY          ,MI,49783-1691,Public       ,146,183,329,2722,944,3666
00229400,MONROE COUNTY COMMUNITY CLG             ,MI,48161-9746,Public       ,368,671,1039,1926,2472,4398
00229500,MONTCALM COMMUNITY COLLEGE              ,MI,48885-9723,Public       ,172,371,543,1057,1530,2587
00229700,MUSKEGON COMMUNITY COLLEGE              ,MI,49442-1432,Public       ,515,970,1485,3241,3409,6650
00229900,NORTH CENTRAL MICHIGAN COLLEGE          ,MI,49770-8740,Public       ,239,411,650,1258,1409,2667
00230100,NORTHERN MICHIGAN UNIVERSITY            ,MI,49855-5316,Public       ,685,634,1319,8657,2949,11606
00230200,NORTHWESTERN MICHIGAN COLLEGE           ,MI,49686-3061,Public       ,353,653,1006,2779,3068,5847
00230301,OAKLAND COMMUNITY COLLEGE - ORCHARD RIDG,MI,48334-4579,Public       ,874,1561,2435,4058,5688,9746
00230302,OAKLAND COMMUNITY COLLEGE - ROYAL OAK CA,MI,48067-3898,Public       ,1174,2173,3347,4979,8119,13098
00230303,OAKLAND COMMUNITY COLLEGE - SOUTHFIELD C,MI,48075-4793,Public       ,1047,3049,4096,4253,9979,14232
00230304,OAKLAND COMMUNITY COLLEGE - AUBURN HILLS,MI,48323-2845,Public       ,1054,1786,2840,5374,6655,12029
00230305,OAKLAND COMMUNITY COLLEGE - HIGHLAND LAK,MI,48327-4187,Public       ,574,999,1573,2694,3939,6633
00230700,OAKLAND UNIVERSITY                      ,MI,48309-4401,Public       ,1593,2167,3760,17510,10850,28360
00230800,OLIVET COLLEGE                          ,MI,49076-9902,Private      ,87,37,124,1743,290,2033
00231000,ST. CLAIR COUNTY COMMUNITY COLLEGE      ,MI,48061-0000,Public       ,401,657,1058,2315,2485,4800
00231100,KUYPER COLLEGE                          ,MI,49525-9749,Private      ,20,33,53,413,213,626
00231300,SACRED HEART MAJOR SEMINARY             ,MI,48206-1799,Private      ,8,47,55,40,184,224
00231400,SAGINAW VALLEY STATE UNIV               ,MI,48710-0001,Public       ,646,759,1405,10649,4261,14910
00231500,SCHOOLCRAFT COLLEGE                     ,MI,48152-2696,Public       ,1451,2466,3917,7337,9956,17293
00231600,SIENA HEIGHTS UNIVERSITY                ,MI,49221-1796,Private      ,122,556,678,1898,2282,4180
00231700,SOUTHWESTERN MICHIGAN COLLEGE           ,MI,49047-9793,Public       ,353,596,949,2288,1935,4223
00231800,SPRING ARBOR UNIVERSITY                 ,MI,49283-9984,Private      ,152,873,1025,2421,3287,5708
00232200,FINLANDIA UNIVERSITY                    ,MI,49930-1882,Private      ,51,50,101,704,273,977
00232300,UNIVERSITY OF DETROIT MERCY             ,MI,48221-3038,Private      ,360,889,1249,3888,4187,8075
00232303,UNIV OF DETROIT MERCY - LAW SCHOOL      ,MI,48226-0000,Private      ,6,89,95,76,785,861
00232330,UNIV OF DETROIT MERCY - DENTAL SCHOOL   ,MI,48208-2576,Private      ,24,145,169,220,743,963
00232500,UNIVERSITY OF MICHIGAN - ANN ARBOR      ,MI,48109-1316,Public       ,1206,1322,2528,38298,13548,51846
00232501,UNIVERSITY OF MICHIGAN-MEDICAL SCH      ,MI,48109-0000,Public       ,36,56,92,360,1165,1525
00232503,UNIVERSITY OF MICHIGAN LAW SCHOOL       ,MI,48109-0000,Public       ,13,163,176,144,2528,2672
00232600,UNIVERSITY OF MICHIGAN-DEARBORN         ,MI,48128-2406,Public       ,844,1306,2150,7910,6409,14319
00232700,UNIVERSITY OF MICHIGAN-FLINT            ,MI,48502-1950,Public       ,630,1447,2077,5612,6912,12524
00232800,WASHTENAW COMMUNITY COLLEGE             ,MI,48106-0000,Public       ,1390,2525,3915,5472,7654,13126
00232900,WAYNE STATE UNIVERSITY                  ,MI,48202-0000,Public       ,2257,4297,6554,20626,21854,42480
00232901,WAYNE STATE UNIV SCH OF MEDICINE        ,MI,48201-3359,Public       ,94,223,317,968,2233,3201
00232902,WAYNE STATE UNIVERSITY - LAW SCHOOL     ,MI,48202-3424,Public       ,35,173,208,240,1172,1412
00233000,WESTERN MICHIGAN UNIVERSITY             ,MI,49008-3899,Public       ,1793,1818,3611,23214,10864,34078
00233100,WESTERN THEOLOGICAL SEMINARY            ,MI,49423-0000,Private      ,0,32,32,5,173,178
00407100,WALSH COLLEGE OF ACCT & BUS ADMN        ,MI,48007-7006,Private      ,55,791,846,404,2427,2831
00407200,NORTHWOOD UNIVERSITY                    ,MI,48640-2398,Private      ,138,392,530,2175,1903,4078
00467300,BAKER COLLEGE - FLINT                   ,MI,48507-5508,Private      ,545,1932,2477,2856,6892,9748
00467301,BAKER COLLEGE OF CADILLAC               ,MI,49601-0000,Private      ,137,525,662,637,1741,2378
00467302,BAKER COLLEGE OF CLINTON TOWNSHIP       ,MI,48035-0000,Private      ,445,1454,1899,1784,4930,6714
00467303,BAKER COLLEGE OF MUSKEGON               ,MI,49442-0000,Private      ,421,1157,1578,2620,3809,6429
00467304,BAKER COLLEGE OF OWOSSO                 ,MI,48867-0000,Private      ,337,626,963,1757,2103,3860
00467305,BAKER COLLEGE OF AUBURN HILLS           ,MI,48326-0000,Private      ,259,993,1252,1159,3573,4732
00467306,BAKER COLLEGE OF PORT HURON             ,MI,48060-0000,Private      ,85,228,313,566,1113,1679
00467309,BAKER COLLEGE OF JACKSON                ,MI,49202-0000,Private      ,196,836,1032,906,2541,3447
00467311,BAKER COLLEGE-CASS CITY                 ,MI,48726-0000,Private      ,35,90,125,180,341,521
00467313,BAKER COLLEGE - GRADUATE ON-LINE        ,MI,48507-0000,Private      ,132,1450,1582,538,6292,6830
00467317,BAKER COLLEGE-ALLEN PARK                ,MI,48101-0000,Private      ,392,1384,1776,1483,4671,6154
00469200,DORSEY SCHOOL OF BUSINESS               ,MI,48195-2334,Proprietary  ,28,96,124,87,363,450
00469201,DORSEY SCHOOL OF BUSINESS               ,MI,48184-0000,Proprietary  ,33,139,172,85,344,429
00469202,DORSEY SCHOOL OF BUSINESS               ,MI,48071-0000,Proprietary  ,29,101,130,104,373,477
00469204,DORSEY SCHOOL OF BUSINESS               ,MI,48066-0000,Proprietary  ,107,271,378,232,655,887
00469205,DORSEY BUSINESS SCHOOL - FARMINGTON HILL,MI,48334-3385,Proprietary  ,18,68,86,56,219,275
00469206,DORSEY BUSINESS SCHOOL - ROSEVILLE CULIN,MI,48066-4555,Proprietary  ,33,135,168,125,362,487
00469207,DORSEY BUSINESS SCHOOL - WATERFORD/PONTI,MI,48341-1037,Proprietary  ,31,134,165,78,346,424
00469208,DORSEY BUSINESS SCHOOL - SAGINAW CAMPUS ,MI,48603-5201,Proprietary  ,32,155,187,82,366,448
00469209,DORSEY SCHOOL OF BUSINESS - LANSING     ,MI,48911-5744,Proprietary  ,24,135,159,66,310,376
00469210,DORSEY SCHOOL OF BUSINESS - DEARBORN    ,MI,48228-3858,Proprietary  ,13,56,69,13,56,69
00491003,KAPLAN CAREER INSTITUTE - DEARBORN      ,MI,48228-0000,Proprietary  ,36,220,256,132,654,786
00676800,MID MICHIGAN COMMUNITY COLLEGE          ,MI,48625-9447,Public       ,495,741,1236,2611,2817,5428
00677100,COLLEGE FOR CREATIVE STUDIES            ,MI,48202-4034,Private      ,183,217,400,1872,982,2854
00694900,KALAMAZOO VALLEY COMMUNITY COLLEGE      ,MI,49003-4070,Public       ,1105,2150,3255,6029,7260,13289
00717100,KIRTLAND COMMUNITY COLLEGE              ,MI,48653-0000,Public       ,187,384,571,931,1606,2537
00732991,ITT TECHNICAL INSTITUTE                 ,MI,49519-1851,Proprietary  ,199,739,938,692,2528,3220
00761700,CARNEGIE INSTITUTE                      ,MI,48083-1159,Proprietary  ,22,103,125,66,373,439
00795000,WEST SHORE COMMUNITY COLLEGE            ,MI,49454-0000,Public       ,116,231,347,610,896,1506
00817800,EMPIRE BEAUTY SCHOOL                    ,MI,49525-2440,Proprietary  ,114,238,352,297,540,837
00832903,ITT TECHNICAL INSTITUTE                 ,MI,48083-2008,Proprietary  ,0,1,1,0,1,1
00890600,MACOMB COMMUNITY COLLEGE                ,MI,48088-3896,Public       ,3152,4386,7538,13597,15033,28630
00894600,PORT HURON COSMETOLOGY COLLEGE          ,MI,48329-1618,Proprietary  ,12,31,43,28,66,94
00923000,WAYNE COUNTY COMMUNITY CLG-DISTRICT     ,MI,48226-3010,Public       ,2275,7233,9508,8999,24771,33770
00982800,EVEREST INSTITUTE                       ,MI,48033-4400,Proprietary  ,89,445,534,289,1461,1750
00982801,EVEREST INSTITUTE- DEARBORN             ,MI,48124-1927,Proprietary  ,76,317,393,302,998,1300
00982803,EVEREST INSTITUTE - DETROIT             ,MI,48207-4291,Proprietary  ,101,386,487,360,1154,1514
01047000,KALAMAZOO BEAUTY ACADEMY                ,MI,49002-5220,Proprietary  ,9,18,27,33,70,103
01082700,DAVID PRESSLEY PROF SCH OF COSMTLGY     ,MI,48067-3219,Proprietary  ,50,67,117,181,273,454
01109800,FLINT INSTITUTE OF BARBERING            ,MI,48504-4395,Proprietary  ,19,47,66,58,170,228
01229100,WRIGHT BEAUTY ACADEMY                   ,MI,49015-2696,Proprietary  ,13,46,59,42,113,155
01262700,THOMAS M. COOLEY LAW SCHOOL             ,MI,48901-1586,Private      ,4,894,898,43,3143,3186
01321800,M J MURPHY BTY CLG MT PLEASANT          ,MI,48858-2502,Proprietary  ,14,30,44,55,102,157
02060300,MICHIGAN INSTITUTE OF AERONAUTICS       ,MI,48188-2533,Proprietary  ,129,179,308,597,650,1247
02099700,ROSS MEDICAL EDUCATION CENTER           ,MI,48532-0000,Proprietary  ,120,360,480,357,1126,1483
02099701,ROSS MEDICAL EDUCATION CENTER-SAGINAW   ,MI,48603-5227,Proprietary  ,11,43,54,66,146,212
02099702,ROSS MEDICAL EDUCATION CENTER-PORT HURON,MI,48060-1958,Proprietary  ,2,17,19,22,80,102
02099703,ROSS MEDICAL EDUCATION CENTER-ROOSEVELT ,MI,49441-4156,Proprietary  ,0,13,13,10,40,50
02100400,EVEREST INSTITUTE                       ,MI,49525-2301,Proprietary  ,45,265,310,247,952,1199
02100401,EVEREST INSTITUTE - KALAMAZOO           ,MI,49009-3307,Proprietary  ,21,157,178,142,540,682
02125600,MICHIGAN COLLEGE OF BEAUTY              ,MI,48083-0000,Proprietary  ,30,114,144,148,332,480
02158600,MR BELA'S SCHOOL OF COSMETOLOGY         ,MI,48092-4637,Proprietary  ,18,56,74,54,155,209
02160303,INTERNATIONAL ACADEMY OF DESIGN AND TECH,MI,48083-2160,Proprietary  ,67,98,165,354,548,902
02180100,ROSS MEDICAL EDUCATION CENTER           ,MI,48092-0000,Proprietary  ,82,231,313,239,709,948
02180105,ROSS MEDICAL EDUCATION CENTER-REDFORD   ,MI,48239-1260,Proprietary  ,6,35,41,32,114,146
02198900,MICHIGAN SCHOOL OF PROFESSIONAL PSYCHOLO,MI,48334-4512,Private      ,5,81,86,33,296,329
02209200,TAYLORTOWN SCHOOL OF BEAUTY             ,MI,48180-0000,Proprietary  ,37,83,120,89,241,330
02237800,SPECS HOWARD SCHOOL OF MEDIA ARTS       ,MI,48075-0000,Proprietary  ,166,280,446,680,869,1549
02285700,BAYSHIRE BEAUTY ACADEMY                 ,MI,48708-5614,Proprietary  ,9,38,47,43,132,175
02289801,KAPLAN INSTITUTE - DETROIT CAMPUS       ,MI,48202-0000,Proprietary  ,0,0,0,59,245,304
02324500,MICHIGAN COLLEGE OF BEAUTY              ,MI,48161-3901,Proprietary  ,23,66,89,89,197,286
02339700,ROSS MEDICAL EDUCATION CENTER           ,MI,48116-0000,Proprietary  ,77,313,390,187,951,1138
02339701,ROSS MEDICAL EDUCATION CENTER-ANN ARBOR ,MI,48108-1411,Proprietary  ,9,35,44,45,145,190
02339703,ROSS MEDICAL EDUCATION CENTER - DAVISON ,MI,48423-1751,Proprietary  ,4,26,30,22,77,99
02361500,MICHIGAN BARBER COLLEGE                 ,MI,48204-2244,Private      ,46,151,197,155,502,657
02363800,YESHIVA GEDOLAH OF GREATER DETROIT      ,MI,48237-0000,Private      ,9,2,11,11,8,19
02491000,WEST MI COLG OF BARBERING & BEAUTY      ,MI,49008-0000,Proprietary  ,15,47,62,49,132,181
02531806,PAUL MITCHELL THE SCHOOL -MICHIGAN      ,MI,48313-0000,Proprietary  ,49,80,129,103,155,258
02533600,ROSS MEDICAL EDUCATION CENTER           ,MI,48917-2108,Proprietary  ,70,243,313,203,704,907
02533601,ROSS MEDICAL EDUCATION CENTER - GRAND RA,MI,49546-2430,Proprietary  ,17,68,85,86,289,375
02588200,DOUGLAS J AVEDA INSTITUTE               ,MI,48823-4351,Proprietary  ,158,195,353,657,756,1413
02588201,DOUGLAS J AVEDA INSTITUTE - ANN ARBOR   ,MI,48104-2211,Proprietary  ,32,38,70,179,184,363
02595700,HILLSDALE BEAUTY COLLEGE                ,MI,49242-0000,Proprietary  ,8,17,25,76,44,120
02618400,MICHIGAN CAREER & TECHNICAL INST        ,MI,49080-9254,Public       ,73,34,107,241,91,332
03005700,DETROIT BUSINESS INST. DOWNRIVER        ,MI,48193-6761,Proprietary  ,7,62,69,31,192,223
03028500,LAWTON SCHOOL                           ,MI,48075-0000,Proprietary  ,1,14,15,13,79,92
03066600,BAY MILLS COMMUNITY COLLEGE             ,MI,49715-9750,Public       ,48,144,192,210,451,661
03075200,TWIN CITY BEAUTY COLLEGE                ,MI,49085-3305,Proprietary  ,44,78,122,130,207,337
03075201,TWIN CITY BEAUTY COLLEGE - TRAVERSE CITY,MI,49686-5119,Proprietary  ,7,14,21,41,65,106
03090000,SHARP'S ACADEMY OF HAIRSTYLING          ,MI,48439-1838,Proprietary  ,3,11,14,31,44,75
03109700,HOUGHTON LAKE INST OF COSMETOLOGY       ,MI,48629-0669,Proprietary  ,9,20,29,35,65,100
03110300,THE SCHOOL OF CREATIVE HAIR DESIGN      ,MI,49036-1139,Proprietary  ,12,28,40,26,65,91
03124000,NORTHWESTERN TECHNOLOGICAL INST         ,MI,48075-2412,Proprietary  ,40,156,196,108,432,540
03284300,MICHIGAN JEWISH INSTITUTE               ,MI,48237-0000,Private      ,692,336,1028,885,356,1241
03490300,PAUL MITCHELL THE SCHOOL ESCANABA       ,MI,49829-0000,Proprietary  ,7,10,17,162,139,301
03588300,IRENE'S MYOMASSOLOGY INSTITUTE          ,MI,48033-2404,Proprietary  ,20,95,115,96,357,453
03704300,BLUE WATER COLLEGE OF COSMETOLOGY       ,MI,48040-2093,Proprietary  ,5,16,21,23,35,58
03772300,SAGINAW CHIPPEWA TRIBAL COLLEGE         ,MI,48858-0000,Public       ,7,31,38,24,88,112
03815300,IN SESSION-ARTS OF COSMETOLOGY BEAU     ,MI,48609-0000,Proprietary  ,26,48,74,68,138,206
03907300,PAUL MITCHELL THE SCHOOL GREAT LAKES    ,MI,48060-0000,Proprietary  ,25,41,66,114,144,258
03915300,CAREER QUEST LEARNING CENTER            ,MI,48910-4732,Proprietary  ,48,224,272,148,827,975
03915301,CAREER QUEST LEARNING CENTER - JACKSON  ,MI,49201-2475,Proprietary  ,10,92,102,40,213,253
03915302,CAREER QUEST LEARNING CENTER - KALAMAZOO,MI,49002-1711,Proprietary  ,12,67,79,48,241,289
03968300,LAKEWOOD SCHOOL OF THERAPEUTIC MASSAGE  ,MI,48060-0000,Proprietary  ,3,16,19,18,62,80
03976500,ANN ARBOR INSTITUTE OF MASSAGE THERAPY  ,MI,48103-0000,Proprietary  ,8,35,43,58,148,206
04002400,ECUMENICAL THEOLOGICAL SEMINARY         ,MI,48201-3035,Private      ,4,34,38,13,157,170
04006300,NUVO COLLEGE OF COSMETOLOGY             ,MI,49441-3822,Proprietary  ,4,32,36,23,87,110
04014300,P&A SCHOLARS BEAUTY SCHOOL              ,MI,48204-0000,Proprietary  ,55,211,266,205,607,812
04094300,ROBERT B. MILLER COLLEGE (THE)          ,MI,49017-3306,Private      ,24,107,131,118,529,647
04121100,GALLERY COLLEGE OF BEAUTY (THE)         ,MI,48036-3591,Proprietary  ,30,86,116,70,220,290
04136300,FOCUS:  HOPE INFORMATION TECHNOLOGIES CE,MI,48238-2949,Private      ,32,141,173,161,510,671
04138400,SCHOOL OF DESIGNING ARTS                ,MI,49015-2853,Proprietary  ,14,35,49,61,105,166
04140900,INTERNATIONAL COSMETOLOGY ACADEMY       ,MI,49508-1308,Proprietary  ,15,67,82,53,163,216
04141100,FRENCH ACADEMY OF COSMETOLOGY           ,MI,49456-3207,Proprietary  ,15,29,44,28,70,98
04158400,L'ESPRIT ACADEMY                        ,MI,48150-0000,Proprietary  ,39,56,95,99,184,283
04159300,MARKETTI ACADEMY OF COSMETOLOGY         ,MI,48329-3506,Proprietary  ,20,23,43,55,76,131
04163300,COMPASS COLLEGE OF CINEMATIC ARTS       ,MI,49503-4227,Private      ,16,15,31,140,78,218
04164700,KEWEENAW BAY OJIBWA COMMUNITY COLLEGE   ,MI,49908-0000,Public       ,14,62,76,20,87,107
04169300,SCHOLARS COSMETOLOGY UNIVERSITY         ,MI,48108-0000,Proprietary  ,8,34,42,38,106,144
04183300,ABCOTT INSTITUTE                        ,MI,48075-5227,Proprietary  ,23,96,119,54,245,299
04184700,PROTEGE ACADEMY                         ,MI,48823-8660,Proprietary  ,9,24,33,51,115,166
04207000,SCHOOL OF MISSIONARY AVIATION TECHNOLOGY,MI,48846-7412,Private      ,3,8,11,35,40,75
04211200,BRIGHTON INSTITUTE OF COSMETOLOGY       ,MI,48116-8360,Proprietary  ,7,19,26,36,58,94
00233200,ANOKA-RAMSEY CC-CAMBRIDGE/COONRAPID     ,MN,55433-3499,Public       ,1383,1801,3184,3631,4634,8265
00233400,AUGSBURG COLLEGE                        ,MN,55454-1351,Private      ,186,544,730,3306,2321,5627
00233500,RIVERLAND COMMUNITY COLLEGE             ,MN,55912-1473,Public       ,332,633,965,963,1636,2599
00233600,BEMIDJI STATE UNIVERSITY                ,MN,56601-2699,Public       ,419,540,959,3853,2043,5896
00233700,BETHANY LUTHERAN COLLEGE INC            ,MN,56001-6163,Private      ,68,28,96,712,82,794
00233900,CENTRAL LAKES COLG-BRAINERD/STAPLES     ,MN,56401-3900,Public       ,411,649,1060,1405,1774,3179
00234000,CARLETON COLLEGE                        ,MN,55057-4001,Private      ,49,20,69,3670,99,3769
00234100,COLLEGE OF ST BENEDICT                  ,MN,56374-2099,Private      ,114,9,123,2209,90,2299
00234200,ST. CATHERINE UNIVERSITY                ,MN,55105-1789,Private      ,209,768,977,2874,3434,6308
00234300,COLLEGE OF ST SCHOLASTICA               ,MN,55811-4199,Private      ,274,654,928,2389,2281,4670
00234500,UNIVERSITY OF ST THOMAS                 ,MN,55105-1096,Private      ,418,801,1219,7155,3354,10509
00234600,CONCORDIA COLLEGE-MOORHEAD              ,MN,56562-0001,Private      ,203,39,242,3048,204,3252
00234700,"CONCORDIA UNIVERSITY, ST PAUL, MN       ",MN,55104-5494,Private      ,218,1110,1328,1681,2897,4578
00235000,VERMILION COMMUNITY COLLEGE             ,MN,55731-1996,Public       ,90,50,140,521,186,707
00235300,GUSTAVUS ADOLPHUS COLLEGE               ,MN,56082-1498,Private      ,186,19,205,3522,121,3643
00235400,HAMLINE UNIVERSITY                      ,MN,55104-1284,Private      ,310,735,1045,3430,2668,6098
00235500,HIBBING COMMUNITY COLLEGE               ,MN,55746-3300,Public       ,231,365,596,654,946,1600
00235600,ITASCA COMMUNITY COLLEGE                ,MN,55744-3397,Public       ,188,211,399,811,606,1417
00235700,LUTHER SEMINARY                         ,MN,55108-0000,Private      ,1,57,58,6,376,382
00235800,MACALESTER COLLEGE                      ,MN,55105-1899,Private      ,61,57,118,3712,234,3946
00236000,"MINNESOTA STATE UNIVERSITY, MANKATO     ",MN,56002-0000,Public       ,1632,1141,2773,12280,4495,16775
00236100,MARTIN LUTHER COLLEGE                   ,MN,56073-3965,Private      ,21,15,36,685,67,752
00236200,MINNEAPOLIS COMM AND TECH COLLEGE       ,MN,55403-1779,Public       ,1247,3388,4635,3988,9835,13823
00236500,MINNEAPOLIS COLLEGE OF ART & DESIGN     ,MN,55404-4343,Private      ,58,108,166,999,547,1546
00236600,CROSSROADS COLLEGE                      ,MN,55902-2382,Private      ,25,29,54,90,86,176
00236700,MINNESOTA STATE UNIVERSITY MOORHEAD     ,MN,56563-0001,Public       ,764,712,1476,5327,2490,7817
00236900,NORTH CENTRAL UNIVERSITY                ,MN,55404-1391,Private      ,169,124,293,1327,467,1794
00237000,NORTH HENNEPIN COMMUNITY COLLEGE        ,MN,55445-2299,Public       ,1044,1939,2983,3016,5560,8576
00237100,NORTHWESTERN COLLEGE                    ,MN,55113-1598,Private      ,236,296,532,2412,919,3331
00237300,ROCHESTER COMMUNITY/TECH COLLEGE        ,MN,55904-4999,Public       ,761,1200,1961,2727,3537,6264
00237500,SOUTHWEST MINNESOTA STATE UNIVERSITY    ,MN,56258-1598,Public       ,228,383,611,2147,1170,3317
00237700,ST CLOUD STATE UNIVERSITY               ,MN,56301-4498,Public       ,1753,1545,3298,10046,5010,15056
00237900,SAINT JOHNS UNIVERSITY                  ,MN,56321-0000,Private      ,146,11,157,2017,96,2113
00238000,SAINT MARY'S UNIVERSITY                 ,MN,55987-1399,Private      ,127,1064,1191,1699,3171,4870
00238200,ST OLAF COLLEGE                         ,MN,55057-1098,Private      ,113,14,127,3849,121,3970
00238300,CROWN COLLEGE                           ,MN,55375-9001,Private      ,89,349,438,915,818,1733
00238500,NORTHLAND COMMUNITY & TECHNICAL CLG     ,MN,56701-2598,Public       ,489,644,1133,1481,1760,3241
00238600,UNITED THEOLGCL SEMINRY TWIN CITIES     ,MN,55112-0000,Private      ,0,27,27,8,96,104
00238800,"UNIVERSITY OF MINNESOTA, DULUTH         ",MN,55812-2496,Public       ,1464,597,2061,10457,2368,12825
00238900,"UNIVERSITY OF MINNESOTA, MORRIS         ",MN,56267-2113,Public       ,193,71,264,2368,332,2700
00239100,WILLIAM MITCHELL COLLEGE OF LAW         ,MN,55105-0000,Private      ,1,126,127,10,1014,1024
00239300,MINNESOTA STATE COLLEGE-SE TECH         ,MN,55987-0409,Public       ,248,503,751,839,1408,2247
00239400,WINONA STATE UNIVERSITY                 ,MN,55987-5838,Public       ,1135,563,1698,7660,1710,9370
00396900,UNIVERSITY OF MINNESOTA-TWIN CITIES     ,MN,55455-0422,Public       ,3097,3648,6745,33791,17338,51129
00400900,MESABI RANGE CMNTY & TECH COLLEGE       ,MN,55792-0000,Public       ,265,276,541,596,656,1252
00405708,NATIONAL AMERICAN UNIVERSITY            ,MN,55113-0000,Proprietary  ,10,66,76,31,318,349
00405715,NATIONAL AMERICAN UNIVERSITY - BLOOMINGT,MN,55425-5550,Proprietary  ,11,105,116,32,452,484
00406900,UNIVERSITY OF MINNESOTA-CROOKSTON       ,MN,56716-5001,Public       ,169,284,453,1151,924,2075
00438600,VETERAN'S MEDICAL CTR- SCH RAD TECH     ,MN,55417-2399,Public       ,0,5,5,7,26,33
00464100,DUNWOODY COLLEGE OF TECHNOLOGY          ,MN,55403-1192,Private      ,177,384,561,638,1227,1865
00464200,GLOBE UNIVERSITY                        ,MN,55125-5408,Proprietary  ,207,810,1017,1014,3300,4314
00464500,MINNEAPOLIS BUSINESS COLLEGE            ,MN,55113-4036,Proprietary  ,25,46,71,338,171,509
00464600,MINNESOTA SCHOOL OF BUSINESS            ,MN,55423-0000,Proprietary  ,288,805,1093,1006,3190,4196
00525200,RIDGEWATER COLLEGE                      ,MN,56201-2098,Public       ,527,665,1192,1892,1797,3689
00526300,MINNESOTA WEST CMNTY & TECH COLG        ,MN,56241-1096,Public       ,248,540,788,823,1397,2220
00553300,"SAINT PAUL COLLEGE, COMMUNITY/TECHNICAL ",MN,55102-1800,Public       ,853,2619,3472,3331,7183,10514
00553400,SAINT CLOUD TECHNICAL COLLEGE AND COMMUN,MN,56303-1240,Public       ,886,1066,1952,2826,2949,5775
00553500,PINE TECHNICAL COLLEGE                  ,MN,55063-2198,Public       ,106,262,368,261,805,1066
00553700,SOUTH CENTRAL COLLEGE                   ,MN,56003-0000,Public       ,425,608,1033,1675,2107,3782
00554100,MINNESOTA STATE COMMUNITY AND TECHNICAL ,MN,56573-1405,Public       ,725,1148,1873,2213,3126,5339
00554400,ALEXANDRIA TECHNICAL COLLEGE            ,MN,56308-3799,Public       ,258,284,542,1328,891,2219
00575700,LAKE SUPERIOR COLLEGE                   ,MN,55811-3399,Public       ,706,1061,1767,2098,2924,5022
00575900,NORTHWEST TECHNICAL COLLEGE - BEMIDJI   ,MN,56601-4907,Public       ,107,288,395,399,847,1246
00677500,RAINY RIVER COMMUNITY COLLEGE           ,MN,56649-2187,Public       ,52,41,93,158,118,276
00735000,ANOKA-HENNEPIN TECHNICAL COLLEGE        ,MN,55303-1590,Public       ,344,876,1220,1007,2485,3492
00735100,BROWN COLLEGE                           ,MN,55120-1004,Proprietary  ,35,133,168,199,596,795
00746200,COLLEGE OF VISUAL ARTS                  ,MN,55102-2199,Private      ,6,16,22,65,67,132
00795400,NORMANDALE COMMUNITY COLLEGE            ,MN,55431-4399,Public       ,1385,1900,3285,4528,5203,9731
00826700,NORTHWEST TECHNICAL INSTITUTE           ,MN,55121-5001,Proprietary  ,6,11,17,15,38,53
00869400,RASMUSSEN COLLEGE - ST. CLOUD           ,MN,56301-3713,Proprietary  ,65,304,369,228,1211,1439
00869401,RASMUSSEN COLLEGE - BROOKLYN PARK       ,MN,55445-1512,Proprietary  ,68,324,392,227,1253,1480
00869406,RASMUSSEN COLLEGE - EAGAN               ,MN,55122-1346,Proprietary  ,49,246,295,182,1116,1298
00869407,RASMUSSEN COLLEGE - BLOOMINGTON         ,MN,55435-5444,Proprietary  ,45,301,346,171,1375,1546
00869409,RASMUSSEN COLLEGE - MANKATO             ,MN,56001-8658,Proprietary  ,43,210,253,218,932,1150
00869412,RASMUSSEN COLLEGE - LAKE ELMO           ,MN,55042-8624,Proprietary  ,36,189,225,147,840,987
00869416,RASMUSSEN COLLEGE - MOORHEAD            ,MN,56560-4513,Proprietary  ,42,162,204,187,697,884
00869417,RASMUSSEN COLLEGE - BLAINE              ,MN,55014-0000,Proprietary  ,49,169,218,150,752,902
00905800,BETHEL UNIVERSITY                       ,MN,55112-6999,Private      ,267,818,1085,3329,2300,5629
00945911,EMPIRE BEAUTY SCHOOL - ST. PAUL         ,MN,55119-7003,Proprietary  ,13,37,50,81,211,292
00960000,COSMETOLOGY CAREERS UNLTD-DULUTH        ,MN,55802-2031,Proprietary  ,6,24,30,17,51,68
00974000,INVER HILLS COMMUNITY COLLEGE           ,MN,55076-3224,Public       ,802,1108,1910,2485,3527,6012
00983100,MODEL COLLEGE OF HAIR DESIGN            ,MN,56301-4280,Proprietary  ,27,26,53,130,109,239
00987000,EMPIRE BEAUTY SCHOOL                    ,MN,55420-2919,Proprietary  ,25,48,73,111,199,310
00989200,"DULUTH BUSINESS UNIV, INC.              ",MN,55807-0000,Proprietary  ,29,84,113,106,309,415
00999200,OAK HILLS CHRISTIAN COLLEGE             ,MN,56601-0000,Private      ,34,27,61,125,65,190
01024800,ART INSTITUTES INTL MINNESOTA           ,MN,55402-3137,Proprietary  ,175,251,426,1168,1116,2284
01035602,EVEREST INSTITUTE - EAGAN               ,MN,55121-1696,Proprietary  ,22,149,171,67,449,516
01037400,METROPOLITAN STATE UNIVERSITY           ,MN,55106-5000,Public       ,480,2437,2917,2214,8667,10881
01040200,DAKOTA COUNTY TECHNICAL COLLEGE         ,MN,55068-2999,Public       ,448,826,1274,1200,2087,3287
01049000,REGENCY BEAUTY INSTITUTE                ,MN,55428-0000,Proprietary  ,1050,1864,2914,3277,5962,9239
01049100,HENNEPIN TECHNICAL COLLEGE              ,MN,55445-2399,Public       ,640,1741,2381,1898,5559,7457
01054600,CENTURY COLLEGE                         ,MN,55110-1894,Public       ,1349,2108,3457,4861,7345,12206
01173200,"MAYO CLINIC, COLLEGE OF MEDICINE        ",MN,55905-0000,Private      ,9,30,39,78,389,467
01173201,MAYO SCHOOL OF HEALTH-RELATED SCIEN     ,MN,55905-0000,Private      ,10,38,48,85,216,301
01173206,MAYO GRAD SCHOOL                        ,MN,55901-0000,Private      ,1,6,7,7,54,61
01173207,MAYO MEDICAL SCHOOL                     ,MN,55901-0000,Private      ,4,10,14,31,200,231
01232800,NORTHWESTERN HEALTH SCIENCES UNIV       ,MN,55431-1599,Private      ,15,288,303,76,860,936
02050300,ACADEMY COLLEGE                         ,MN,55420-1554,Proprietary  ,8,60,68,34,174,208
02097300,HASTINGS BEAUTY SCHOOL                  ,MN,55033-1205,Proprietary  ,6,19,25,13,42,55
02123200,AVEDA INSTITUTE                         ,MN,55414-0000,Proprietary  ,104,129,233,427,446,873
02159800,COSMETOLOGY CAREERS UNLTD - HIBBING     ,MN,55746-0000,Proprietary  ,7,15,22,20,42,62
02160901,"SALON PROFESSIONAL ACADEMY, THE - THE SA",MN,55428-4928,Proprietary  ,4,16,20,25,49,74
02238100,MINNESOTA SCHOOL OF COSMETOLOGY         ,MN,55125-0000,Proprietary  ,32,46,78,142,207,349
02260500,SUMMIT ACAD OPPORTUNITIES IND CTR       ,MN,55405-0000,Private      ,32,223,255,79,505,584
02263102,ANTHEM COLLEGE - ST. LOUIS PARK         ,MN,55416-2467,Proprietary  ,5,19,24,24,178,202
02504200,WALDEN UNIVERSITY                       ,MN,55401-2511,Proprietary  ,82,13977,14059,330,49718,50048
02514100,AMERICAN INDIAN OPPORTUNITIES CTR       ,MN,55404-0000,Private      ,3,78,81,20,232,252
03001200,MCNALLY SMITH COLLEGE OF MUSIC          ,MN,55101-2220,Proprietary  ,87,62,149,701,275,976
03051900,ALFRED ADLER GRADUATE SCHOOL            ,MN,55305-0000,Private      ,0,79,79,1,299,300
03096400,LEECH LAKE TRIBAL COLLEGE               ,MN,56633-0000,Public       ,27,165,192,70,337,407
03129100,FOND DU LAC TRIBAL & COMMUNITY CLG      ,MN,55720-2984,Public       ,181,389,570,465,875,1340
03267300,CAPELLA UNIVERSITY                      ,MN,55402-3389,Proprietary  ,62,8707,8769,268,47797,48065
03833300,AMERICAN ACADEMY OF ACUPUNCTURE AND ORIE,MN,55113-0000,Proprietary  ,1,26,27,1,61,62
03921400,WHITE EARTH TRIBAL AND COMMUNITY COLLEGE,MN,56557-0478,Private      ,7,40,47,15,86,101
04044300,HAZELDEN GRADUATE SCHOOL OF ADDICTION ST,MN,55012-0000,Private      ,4,42,46,6,139,145
04130200,INST. OF PRODUCTION AND RECORDING       ,MN,55401-1315,Proprietary  ,39,78,117,320,337,657
04148800,CENTERPOINT MASSAGE & SHIATSU THERAPY SC,MN,55414-4525,Proprietary  ,5,46,51,24,138,162
04157600,NOVA ACADEMY OF COSMETOLOGY             ,MN,55906-4103,Proprietary  ,12,28,40,50,95,145
04160500,AVALON SCHOOL OF COSMETOLOGY            ,MN,56187-1930,Proprietary  ,4,11,15,16,42,58
04174400,ROCHESTER SCHOOL OF HAIR DESIGN         ,MN,55901-4310,Proprietary  ,7,20,27,32,52,84
04175600,PARK AVENUE SCHOOL OF COSMETOLOGY       ,MN,56470-3361,Proprietary  ,7,16,23,17,64,81
00239600,ALCORN STATE UNIVERSITY                 ,MS,39096-7500,Public       ,680,1232,1912,4301,3764,8065
00239700,BELHAVEN UNIVERSITY                     ,MS,39202-1789,Private      ,265,1530,1795,1761,4770,6531
00239800,BLUE MOUNTAIN COLLEGE                   ,MS,38610-9370,Private      ,90,101,191,580,335,915
00240100,COAHOMA COMMUNITY COLLEGE               ,MS,38614-9799,Public       ,501,897,1398,1609,2015,3624
00240200,COPIAH-LINCOLN COMMUNITY COLLEGE        ,MS,39191-0649,Public       ,609,781,1390,2250,2137,4387
00240300,DELTA STATE UNIVERSITY                  ,MS,38733-0000,Public       ,487,849,1336,3512,3060,6572
00240400,EAST CENTRAL COMMUNITY COLLEGE          ,MS,39327-0129,Public       ,407,634,1041,1987,1929,3916
00240500,EAST MISSISSIPPI COMM COLLEGE           ,MS,39358-0000,Public       ,986,1351,2337,3412,3467,6879
00240700,HINDS COMMUNITY COLLEGE                 ,MS,39154-9799,Public       ,2258,3733,5991,7985,10034,18019
00240800,HOLMES COMMUNITY COLLEGE                ,MS,39079-0000,Public       ,1217,1990,3207,4325,5782,10107
00240900,ITAWAMBA COMMUNITY COLLEGE              ,MS,38843-1099,Public       ,1068,1470,2538,4293,3921,8214
00241000,JACKSON STATE UNIVERSITY                ,MS,39217-0001,Public       ,1267,3149,4416,8682,10392,19074
00241100,JONES COUNTY JUNIOR COLLEGE             ,MS,39437-3999,Public       ,759,694,1453,4058,2440,6498
00241300,MERIDIAN COMMUNITY COLLEGE              ,MS,39307-5890,Public       ,683,1064,1747,2270,2832,5102
00241400,MILLSAPS COLLEGE                        ,MS,39201-0000,Private      ,123,243,366,1396,816,2212
00241500,MISSISSIPPI COLLEGE                     ,MS,39058-0001,Private      ,408,884,1292,2993,3468,6461
00241501,MISSISSIPPI COLLEGE - SCHOOL OF LAW     ,MS,39201-1391,Private      ,19,161,180,120,895,1015
00241600,MISSISSIPPI DELTA CMTY COLLEGE          ,MS,38761-0000,Public       ,722,796,1518,2364,2222,4586
00241700,MISSISSIPPI GULF CST CLG-PERKINSTON     ,MS,39573-0000,Public       ,374,382,756,2143,1290,3433
00241701,MISSISSIPPI GULF CST CLG-JEFF DAVIS     ,MS,39507-0000,Public       ,593,1342,1935,2313,4288,6601
00241702,MISSISSIPPI GULF CST CLG-JACKSON CN     ,MS,39553-0000,Public       ,485,889,1374,1891,2717,4608
00242200,MISSISSIPPI UNIV FOR WOMEN              ,MS,39701-5818,Public       ,263,707,970,1906,2597,4503
00242300,MISSISSIPPI STATE UNIVERSITY            ,MS,39762-9698,Public       ,2109,1906,4015,17718,7711,25429
00242400,MISSISSIPPI VALLEY STATE UNIVERSITY     ,MS,38941-1400,Public       ,616,954,1570,3326,2895,6221
00242600,NORTHEAST MS CMNTY COLLEGE              ,MS,38829-1731,Public       ,533,640,1173,2915,1977,4892
00242700,NORTHWEST MISSISSIPPI COMMUNITY CLG     ,MS,38668-1703,Public       ,1399,1581,2980,6082,5122,11204
00243000,PEARL RIVER COMMUNITY COLLEGE           ,MS,39470-2201,Public       ,938,1209,2147,3400,3322,6722
00243300,RUST COLLEGE                            ,MS,38635-2328,Private      ,240,213,453,1496,715,2211
00243500,SOUTHEASTERN BAPTIST COLLEGE            ,MS,39440-0000,Private      ,9,41,50,23,93,116
00243600,SOUTHWEST MISSISSIPPI CMNTY CLG         ,MS,39666-8099,Public       ,376,446,822,1563,1339,2902
00243900,TOUGALOO COLLEGE                        ,MS,39174-9799,Private      ,234,226,460,1679,785,2464
00244000,UNIVERSITY OF MISSISSIPPI               ,MS,38677-1848,Public       ,2017,1762,3779,16354,7255,23609
00244001,UNIVERSITY OF MISSISSIPPI - MED CTR     ,MS,39216-0000,Public       ,118,420,538,815,2557,3372
00244100,UNIVERSITY OF SOUTHERN MISSISSIPPI      ,MS,39406-0001,Public       ,1922,2543,4465,13169,10029,23198
00244700,WILLIAM CAREY UNIVERSITY                ,MS,39401-5499,Private      ,364,993,1357,1962,4520,6482
00489809,MCCANN SCHOOL OF BUSINESS & TECHNOLOGY -,MS,39503-3167,Proprietary  ,8,55,63,20,160,180
01289101,ANTONELLI COLLEGE - JACKSON             ,MS,39232-9514,Proprietary  ,60,366,426,189,1257,1446
01289102,ANTONELLI COLLEGE - HATTIESBURG         ,MS,39401-3056,Proprietary  ,39,183,222,161,709,870
02074900,CHRIS' BEAUTY COLLEGE                   ,MS,39501-0000,Proprietary  ,17,51,68,58,174,232
02160500,NORTH MISSISSIPPI MED CTR MED TECH      ,MS,38801-0000,Private      ,13,59,72,46,167,213
02235900,ACADEMY OF HAIR DESIGN #4               ,MS,39208-0000,Proprietary  ,21,56,77,80,183,263
02244300,ACADEMY OF HAIR DESIGN #1               ,MS,38901-0000,Proprietary  ,36,79,115,100,238,338
02249900,DELTA BEAUTY COLLEGE                    ,MS,38701-0000,Proprietary  ,10,44,54,55,114,169
02251600,ACADEMY OF HAIR DESIGN #6               ,MS,39401-7581,Proprietary  ,27,86,113,90,261,351
02251700,FOSTER'S COSMETOLOGY COLLEGE            ,MS,38663-0000,Proprietary  ,5,23,28,11,37,48
02302800,MISSISSIPPI COLLEGE OF BEAUTY CULT      ,MS,39440-0000,Proprietary  ,18,30,48,42,88,130
02320800,MAGNOLIA COLLEGE OF COSMETOLOGY         ,MS,39206-0000,Proprietary  ,39,152,191,117,370,487
02502100,CREATIONS COLLEGE OF COSMETOLOGY        ,MS,38803-0000,Proprietary  ,13,50,63,43,125,168
02516200,WESLEY BIBLICAL SEMINARY                ,MS,39206-0000,Private      ,4,42,46,10,136,146
02586000,J & J HAIR DESIGN COLLEGE               ,MS,39051-3716,Proprietary  ,18,40,58,44,99,143
03004000,FINAL TOUCH BEAUTY SCHOOL               ,MS,39307-2934,Proprietary  ,0,0,0,2,7,9
03010603,VIRGINIA COLLEGE - JACKSON              ,MS,39206-5602,Proprietary  ,54,289,343,202,1103,1305
03010610,VIRGINIA COLLEGE - BILOXI               ,MS,39532-2124,Proprietary  ,35,114,149,113,447,560
03032400,KC'S SCHOOL OF HAIR DESIGN              ,MS,38863-0000,Proprietary  ,12,35,47,35,134,169
03263300,TRAXLER'S SCHOOL OF HAIR                ,MS,39212-2529,Proprietary  ,13,50,63,37,117,154
03294305,BLUE CLIFF COLLEGE - GULFPORT           ,MS,39503-0000,Proprietary  ,23,102,125,115,486,601
03464300,ACADEMY OF HAIR DESIGN                  ,MS,39562-0000,Proprietary  ,6,26,32,14,57,71
03848300,DAY SPA CAREER COLLEGE                  ,MS,39564-0000,Proprietary  ,5,28,33,16,85,101
03963300,HEALING TOUCH SCHOOL OF MASSAGE THERAPY ,MS,39402-1300,Proprietary  ,23,134,157,73,295,368
04131300,CORINTH ACADEMY OF COSMETOLOGY          ,MS,38834-4813,Proprietary  ,29,57,86,56,147,203
04140200,"MISSISSIPPI INSTITUTE OF AESTHETICS, NAI",MS,39056-5628,Proprietary  ,16,56,72,45,153,198
00252600,CARROLL COLLEGE                         ,MT,59625-0002,Private      ,60,49,109,2312,290,2602
00252700,UNIVERSITY OF GREAT FALLS               ,MT,59405-4996,Private      ,100,173,273,826,702,1528
00252800,MILES COMMUNITY COLLEGE                 ,MT,59301-4799,Public       ,50,34,84,253,184,437
00252900,DAWSON COMMUNITY COLLEGE                ,MT,59330-1405,Public       ,53,36,89,231,148,379
00253000,MONTANA STATE UNIVERSITY - BILLINGS     ,MT,59101-0298,Public       ,409,849,1258,2803,3455,6258
00253100,MONTANA TECH OF THE UNIV OF MONTANA     ,MT,59701-8997,Public       ,191,303,494,1651,1466,3117
00253200,MONTANA STATE UNIVERSITY - BOZEMAN      ,MT,59717-4160,Public       ,856,907,1763,12688,4942,17630
00253300,MONTANA STATE UNIVERSITY-NORTHERN       ,MT,59501-3148,Public       ,124,215,339,888,858,1746
00253400,ROCKY MOUNTAIN COLLEGE                  ,MT,59102-1796,Private      ,77,79,156,1321,497,1818
00253600,UNIVERSITY OF MONTANA (THE)             ,MT,59812-0001,Public       ,916,1462,2378,8368,7679,16047
00253700,UNIVERSITY OF MONTANA WESTERN (THE)     ,MT,59725-3598,Public       ,96,94,190,1397,586,1983
00677700,FLATHEAD VALLEY COMMUNITY COLLEGE       ,MT,59901-2699,Public       ,152,374,526,901,1617,2518
00757000,HELENA COLLEGE OF TECHNOLOGY            ,MT,59601-3098,Public       ,86,260,346,506,1093,1599
00790000,BUTTE ACADEMY OF BEAUTY CULTURE         ,MT,59701-9197,Proprietary  ,3,16,19,27,59,86
00894700,"DAHL'S COLLEGE OF BEAUTY,INC            ",MT,59401-3731,Proprietary  ,0,0,0,13,23,36
00931400,GREAT FALLS COLLEGE MONTANA STATE UNIVER,MT,59405-4907,Public       ,148,479,627,674,1609,2283
02143400,SALISH KOOTENAI COLLEGE                 ,MT,59855-0000,Public       ,73,279,352,298,895,1193
02286600,LITTLE BIG HORN COLLEGE                 ,MT,59022-0000,Public       ,50,130,180,91,197,288
02343000,FT PECK COMMUNITY COLLEGE               ,MT,59255-0000,Public       ,38,96,134,72,171,243
02510600,BLACKFEET COMMUNITY COLLEGE             ,MT,59417-0000,Private      ,67,195,262,163,370,533
02517500,FORT BELKNAP COLLEGE                    ,MT,59526-0000,Public       ,24,72,96,51,149,200
02545200,CHIEF DULL KNIFE COLLEGE                ,MT,59043-0098,Public       ,24,61,85,47,121,168
02610900,STONE CHILD COLLEGE                     ,MT,59521-9796,Public       ,35,120,155,89,194,283
02621300,ACADEMY OF COSMETOLOGY                  ,MT,59715-3544,Proprietary  ,13,15,28,44,60,104
03205300,MODERN BEAUTY SCHOOL                    ,MT,59801-8386,Proprietary  ,12,32,44,64,111,175
03763400,"ACADEMY OF NAIL, SKIN & HAIR            ",MT,59101-0000,Proprietary  ,15,59,74,67,154,221
03778300,HEALTH WORKS INSTITUTE                  ,MT,59715-0000,Proprietary  ,5,33,38,46,107,153
04163700,BITTERROOT SCHOOL OF COSMETOLOGY        ,MT,59840-3118,Proprietary  ,3,13,16,14,47,61
04164100,SALON PROFESSIONAL ACADEMY (THE)        ,MT,59405-0000,Proprietary  ,17,22,39,68,116,184
04187700,CREVIER'S SCHOOL OF COSMETOLOGY         ,MT,59901-4402,Proprietary  ,14,44,58,59,144,203
00253900,CHADRON STATE COLLEGE                   ,NE,69337-2690,Public       ,178,263,441,1970,1192,3162
00254000,COLLEGE OF ST MARY                      ,NE,68106-2606,Private      ,52,174,226,582,1163,1745
00254100,CONCORDIA UNIVERSITY                    ,NE,68434-1594,Private      ,97,175,272,1404,685,2089
00254200,CREIGHTON UNIVERSITY                    ,NE,68178-0001,Private      ,247,621,868,5348,5246,10594
00254400,DOANE COLLEGE                           ,NE,68333-2421,Private      ,121,349,470,1738,1174,2912
00254700,GRACE UNIVERSITY                        ,NE,68108-3629,Private      ,90,110,200,417,328,745
00254800,HASTINGS COLLEGE                        ,NE,68901-7621,Private      ,110,36,146,1413,177,1590
00255100,UNIVERSITY OF NEBRASKA AT KEARNEY       ,NE,68849-0001,Public       ,456,517,973,4763,2192,6955
00255300,MIDLAND UNIVERSITY                      ,NE,68025-4254,Private      ,173,94,267,1564,393,1957
00255400,UNIVERSITY OF NEBRASKA-OMAHA            ,NE,68182-0001,Public       ,1059,1448,2507,9641,7124,16765
00255500,NEBRASKA WESLEYAN UNIVERSITY            ,NE,68504-2796,Private      ,214,210,424,2095,778,2873
00255700,MID-PLAINS COMM COLLEGE - NORTH PLATTE  ,NE,69101-9420,Public       ,129,253,382,516,721,1237
00255701,MID-PLAINS COMMUNITY COLLEGE - MCCOOK   ,NE,69001-2631,Public       ,55,70,125,249,194,443
00255900,PERU STATE COLLEGE                      ,NE,68421-0010,Public       ,129,223,352,1144,1045,2189
00256000,WESTERN NEBRASKA COMMUNITY COLLEGE      ,NE,69361-1815,Public       ,139,263,402,734,886,1620
00256300,UNION COLLEGE                           ,NE,68506-4387,Private      ,143,82,225,865,438,1303
00256500,UNIVERSITY OF NEBRASKA-LINCOLN          ,NE,68588-0419,Public       ,1244,848,2092,16546,5300,21846
00256596,UNIVERSITY OF NEBRASKA - CURTIS         ,NE,69025-9522,Public       ,28,12,40,224,50,274
00256600,WAYNE STATE COLLEGE                     ,NE,68787-1172,Public       ,291,235,526,3200,968,4168
00256700,YORK COLLEGE                            ,NE,68467-2699,Private      ,59,41,100,538,144,682
00443600,REGNL WST MEDCL CTR SCHL RAD            ,NE,69361-0000,Private      ,3,7,10,21,24,45
00458608,KAPLAN UNIVERSITY - OMAHA               ,NE,68134-1002,Proprietary  ,50,400,450,179,1516,1695
00458609,KAPLAN UNIVERSITY - LINCOLN             ,NE,68508-2668,Proprietary  ,29,225,254,131,1014,1145
00639900,BRYANLGH COLLEGE OF HEALTH SCIENCES     ,NE,68506-1398,Private      ,50,98,148,436,434,870
00640400,NEBR METHODIST CLG OF NURS ALLD HLTH    ,NE,68114-2852,Private      ,74,231,305,520,1011,1531
00689500,UNIVERSITY OF NEBRASKA-MED CTR          ,NE,68198-4265,Public       ,44,226,270,707,2523,3230
00750100,VATTEROTT COLLEGE                       ,NE,68137-1237,Proprietary  ,47,180,227,189,759,948
00849200,ALEGENT HEALTH SCHOOLS                  ,NE,68114-2767,Private      ,14,44,58,102,250,352
00952300,BAHNER COLLEGE OF HAIRSTYLING           ,NE,68025-3297,Proprietary  ,3,13,16,23,43,66
00961700,CAPITOL BEAUTY SCHOOL                   ,NE,68144-0000,Proprietary  ,27,60,87,140,181,321
00974300,BELLEVUE UNIVERSITY                     ,NE,68005-0000,Private      ,204,2197,2401,869,8141,9010
00986200,CLARKSON COLLEGE                        ,NE,68131-2739,Private      ,62,311,373,565,1381,1946
01151900,JOSEPH'S COLLEGE OF BEAUTY/ALL CAMPUSES ,NE,68510-2226,Proprietary  ,30,96,126,143,326,469
01166700,NORTHEAST COMMUNITY COLLEGE             ,NE,68702-0000,Public       ,322,375,697,1941,1354,3295
01258600,METROPOLITAN COMMUNITY COLLEGE          ,NE,68103-0000,Public       ,1170,2596,3766,5242,11235,16477
01297600,NEBRASKA CHRISTIAN COLLEGE              ,NE,68046-4256,Private      ,30,20,50,157,63,220
02079700,COLLEGE OF HAIR DESIGN                  ,NE,68508-0000,Proprietary  ,47,50,97,203,192,395
02099500,CENTRAL COMMUNITY COLLEGE- GI           ,NE,68801-0000,Public       ,158,405,563,738,1315,2053
02099501,CENTRAL COMMUNITY COLLEGE - HASTINGS    ,NE,68902-0000,Public       ,174,208,382,1013,758,1771
02099502,CENTRAL COMMUNITY COLLEGE - COLUMBUS    ,NE,68602-0000,Public       ,107,157,264,542,537,1079
02508300,SOUTHEAST COMM. COLLEGE-ALL CAMPUSES    ,NE,68520-0000,Public       ,916,1458,2374,4770,5837,10607
02550800,NEBRASKA INDIAN COMMUNITY COLLEGE       ,NE,68039-0000,Public       ,19,84,103,28,139,167
02610500,XENON INTERNATIONAL ACADEMY II          ,NE,68127-3522,Proprietary  ,40,73,113,196,272,468
03164300,THE CREATIVE CENTER                     ,NE,68164-2911,Proprietary  ,31,19,50,156,87,243
03279300,MYOTHERAPY INSTITUTE                    ,NE,68516-0000,Proprietary  ,9,13,22,35,38,73
03323300,LITTLE PRIEST TRIBAL COLLEGE            ,NE,68071-0000,Private      ,15,88,103,27,130,157
03821400,UNIVERSAL COLLEGE OF HEALING ARTS       ,NE,68112-1810,Proprietary  ,8,34,42,24,128,152
00256800,UNIVERSITY OF NEVADA RENO               ,NV,89557-0002,Public       ,1092,1097,2189,15226,6923,22149
00256900,UNIVERSITY OF NEVADA-LAS VEGAS          ,NV,89154-1001,Public       ,2015,3062,5077,20927,17863,38790
00697700,GREAT BASIN COLLEGE                     ,NV,89801-3348,Public       ,156,464,620,667,1412,2079
00732954,ITT TECHNICAL INSTITUTE                 ,NV,89014-6712,Proprietary  ,74,251,325,307,830,1137
00736700,MARINELLO SCHOOLS OF BEAUTY             ,NV,89110-3563,Proprietary  ,44,165,209,191,388,579
00736701,MARINELLO SCHOOLS OF BEAUTY -           ,NV,89014-2244,Proprietary  ,19,68,87,73,195,268
00737100,MARINELLO SCHOOL OF BEAUTY              ,NV,89502-6530,Proprietary  ,34,94,128,149,294,443
00844103,ANTHEM INSTITUTE - MORRISON UNIVERSITY  ,NV,89521-4826,Proprietary  ,31,159,190,95,521,616
00919200,SIERRA NEVADA COLLEGE                   ,NV,89451-0000,Private      ,79,190,269,553,654,1207
01036200,COLLEGE OF SOUTHERN NEVADA              ,NV,89146-1139,Public       ,2859,5795,8654,15658,24344,40002
01036300,WESTERN NEVADA COLLEGE                  ,NV,89703-0000,Public       ,264,687,951,1235,2760,3995
01323200,ACADEMY OF HAIR DESIGN                  ,NV,89146-1617,Proprietary  ,45,165,210,181,445,626
02107700,TRUCKEE MEADOWS COMMUNITY CLG           ,NV,89512-0000,Public       ,785,1639,2424,4376,6979,11355
02237500,EVEREST COLLEGE                         ,NV,89103-0000,Proprietary  ,157,557,714,766,2009,2775
02338512,GLENDALE CAREER COLLEGE - NEVADA CAREER ,NV,89131-3268,Proprietary  ,13,76,89,74,273,347
02616703,SCOTTSDALE CULINARY INSTITUTE - LE CORDO,NV,89144-7047,Proprietary  ,25,102,127,149,414,563
02621500,CAREER COLLEGE OF NORTHERN NEVADA       ,NV,89434-7905,Proprietary  ,79,184,263,226,709,935
03030603,UTAH CLG OF MASSAGE THERAPY-NSMT        ,NV,89123-0000,Proprietary  ,47,111,158,128,338,466
03031405,INTERNATIONAL ACADEMY OF DESIGN AND TECH,NV,89074-7750,Proprietary  ,104,131,235,297,513,810
03043200,KAPLAN COLLEGE                          ,NV,89102-8618,Proprietary  ,169,646,815,702,2387,3089
03076404,BRYMAN SCHOOL OF ARIZONA (THE) - ANTHEM ,NV,89102-4514,Proprietary  ,56,132,188,164,393,557
03088200,CARSON CITY BEAUTY ACADEMY              ,NV,89706-0000,Proprietary  ,8,40,48,43,161,204
03232306,LINCOLN TECHNICAL INSTITUTE -  EUPHORIA ,NV,89117-8803,Proprietary  ,24,72,96,133,282,415
03232307,LINCOLN TECHNICAL INSTITUTE -  EUPHORIA ,NV,89052-4964,Proprietary  ,25,56,81,84,186,270
03232308,LINCOLN TECHNICAL INSTITUTE - EUPHORIA I,NV,89131-1036,Proprietary  ,36,61,97,150,247,397
03787300,EXPERTISE SCHOOL OF BEAUTY              ,NV,89106-2516,Private      ,21,84,105,79,284,363
03838500,NORTHWEST HEALTH CAREERS                ,NV,89128-0255,Proprietary  ,66,204,270,225,669,894
03975300,INSTITUTE OF PROFESSIONAL CAREERS       ,NV,89119-7825,Proprietary  ,24,104,128,124,384,508
04051303,ART INSTITUTE OF PHOENIX (THE) - ART INS,NV,89074-7737,Proprietary  ,49,77,126,434,377,811
04065300,UNIVERSITY OF SOUTHERN NEVADA           ,NV,89014-2333,Private      ,77,372,449,597,2213,2810
04114300,NEVADA STATE COLLEGE                    ,NV,89002-9455,Public       ,276,758,1034,2062,3650,5712
04142601,TOURO UNIVERSITY - NEVADA               ,NV,89014-8800,Private      ,11,105,116,95,800,895
04144800,INTERNATIONAL ACADEMY OF STYLE          ,NV,89509-3450,Proprietary  ,19,52,71,73,155,228
04147600,AVEDA INSTITUTE LAS VEGAS               ,NV,89119-6103,Proprietary  ,42,103,145,168,379,547
04171000,ADVANCED TRAINING INSTITUTE             ,NV,89115-7504,Proprietary  ,42,245,287,160,664,824
04186300,PAUL MITCHELL THE SCHOOL LAS VEGAS      ,NV,89123-8014,Proprietary  ,69,121,190,263,390,653
04190300,AMERICAN INSTITUTE OF MEDICAL SONOGRAPHY,NV,89146-6597,Proprietary  ,26,141,167,138,521,659
04191100,DESTINATION ACADEMY FOR SPA AND SALON PR,NV,89147-8397,Proprietary  ,14,58,72,60,176,236
04203100,PAUL MITCHELL THE SCHOOL RENO           ,NV,89501-3356,Proprietary  ,36,64,100,149,223,372
00257200,COLBY-SAWYER COLLEGE                    ,NH,03257-4648,Private      ,26,14,40,2787,146,2933
00257300,DARTMOUTH COLLEGE                       ,NH,03755-3529,Private      ,133,112,245,12167,1857,14024
00257500,FRANKLIN PIERCE UNIVERSITY              ,NH,03461-0060,Private      ,75,162,237,3660,1144,4804
00257900,NEW ENGLAND COLLEGE                     ,NH,03242-3293,Private      ,132,432,564,2345,1664,4009
00258000,SOUTHERN NEW HAMPSHIRE UNIVERSITY       ,NH,03106-1045,Private      ,731,6906,7637,7366,25931,33297
00258100,NHTI  - CONCORD'S COMMUNITY COLLEGE     ,NH,03301-7412,Public       ,527,482,1009,2857,1984,4841
00258200,MANCHESTER COMMUNITY COLLEGE            ,NH,03102-8518,Public       ,396,487,883,1438,1787,3225
00258300,GREAT BAY COMMUNITY COLLEGE             ,NH,03801-0000,Public       ,250,358,608,1084,1299,2383
00258600,RIVIER COLLEGE                          ,NH,03060-5086,Private      ,69,289,358,1329,1168,2497
00258700,SAINT ANSELM COLLEGE                    ,NH,03102-1310,Private      ,38,33,71,3992,216,4208
00258900,UNIVERSITY OF NEW HAMPSHIRE             ,NH,03824-2511,Public       ,362,339,701,21228,3540,24768
00259000,KEENE STATE COLLEGE                     ,NH,03431-0000,Public       ,239,99,338,7940,755,8695
00259100,PLYMOUTH STATE UNIVERSITY               ,NH,03264-1595,Public       ,156,197,353,6828,1533,8361
00301004,ANTIOCH UNIVERSITY                      ,NH,03431-0000,Private      ,1,72,73,10,807,817
00472900,HESSER COLLEGE                          ,NH,03103-7230,Proprietary  ,80,235,315,344,1044,1388
00472901,HESSER COLLEGE - NASHUA CAMPUS          ,NH,03063-1286,Proprietary  ,19,69,88,140,389,529
00472904,HESSER COLLEGE - PORTSMOUTH CAMPUS      ,NH,03801-3245,Proprietary  ,15,73,88,105,406,511
00472905,HESSER COLLEGE - SALEM CAMPUS           ,NH,03079-2842,Proprietary  ,51,108,159,175,466,641
00472906,HESSER COLLEGE - CONCORD CAMPUS         ,NH,03301-3415,Proprietary  ,11,39,50,78,317,395
00473100,DANIEL WEBSTER COLLEGE                  ,NH,03063-1300,Proprietary  ,65,135,200,784,364,1148
00529100,WHITE MOUNTAINS COMMUNITY COLLEGE       ,NH,03570-3799,Public       ,65,133,198,360,525,885
00702500,LEBANON COLLEGE                         ,NH,03766-0000,Private      ,6,27,33,43,85,128
00755500,LAKES REGION COMMUNITY COLLEGE          ,NH,03246-1326,Public       ,133,197,330,665,722,1387
00756000,RIVER VALLEY COMMUNITY COLLEGE          ,NH,03743-9707,Public       ,86,190,276,418,835,1253
00864500,EMPIRE BEAUTY SCHOOL                    ,NH,03220-0000,Proprietary  ,55,53,108,125,153,278
00923600,NASHUA COMMUNITY COLLEGE                ,NH,03063-2052,Public       ,311,326,637,1193,1110,2303
01318900,CONTINENTAL ACADEMIE OF HAIR DESIGN     ,NH,03051-3754,Proprietary  ,22,7,29,64,37,101
02097900,UNIVERSITY NEW HAMPSHIRE SCHOOL OF LAW  ,NH,03301-0000,Private      ,0,39,39,21,532,553
02140400,ST JOSEPH SCH OF PRAC NRSG              ,NH,03060-0000,Private      ,12,52,64,71,244,315
02174800,MICHAEL'S SCHOOL OF HAIR DESIGN & ESTHET,NH,03110-0000,Proprietary  ,27,35,62,107,103,210
02179600,EMPIRE BEAUTY SCHOOL                    ,NH,03878-0000,Proprietary  ,50,49,99,90,123,213
02211600,PORTSMOUTH BTY SCH OF HAIR DESIGN       ,NH,03801-4084,Proprietary  ,13,13,26,27,31,58
02245400,KEENE BEAUTY ACADEMY                    ,NH,03431-0000,Proprietary  ,9,16,25,44,47,91
02247000,NEW ENGLAND SCHOOL OF HAIR DESIGN       ,NH,03784-0000,Proprietary  ,3,13,16,45,38,83
03043100,THOMAS MORE COLLEGE OF LIBERAL ARTS     ,NH,03054-4818,Private      ,13,4,17,109,27,136
03101300,GRANITE STATE COLLEGE                   ,NH,03301-6400,Public       ,85,434,519,410,2095,2505
03182300,NEW HAMPSHIRE INSTITUTE OF ART          ,NH,03104-4858,Private      ,35,34,69,714,178,892
03437300,UPPER VALLEY TEACHER TRANING PROGRAM    ,NH,03766-1358,Private      ,1,8,9,3,41,44
03729300,NH INSTITUTE FOR THERAPEUTIC ARTS       ,NH,03051-4906,Proprietary  ,4,13,17,11,31,42
04162200,LAIRD INSTITUTE OF SPA THERAPY          ,NH,03102-5263,Proprietary  ,9,27,36,16,71,87
00267000,BAPTIST BIBLE COLG OF PENNSYLVANIA      ,PA,18411-1297,Private      ,67,133,200,584,436,1020
00322800,BRYN ATHYN COLLEGE OF THE NEW CHURCH    ,PA,19009-0717,Private      ,14,4,18,297,45,342
00322900,ALBRIGHT COLLEGE                        ,PA,19612-5234,Private      ,103,172,275,4389,1261,5650
00323000,ALLEGHENY COLLEGE                       ,PA,16335-3902,Private      ,67,20,87,3779,136,3915
00323100,COMM CLG OF ALLEGHENY-ALLEGHENY CMP     ,PA,15212-0000,Public       ,699,1475,2174,3224,5926,9150
00323101,"COMM CLG OF ALLEGHENY, BOYCE CAMPUS     ",PA,15146-0000,Public       ,288,600,888,1518,2423,3941
00323102,"COMM CLG OF ALLEGHENY, NORTH CAMPUS     ",PA,15237-0000,Public       ,386,584,970,1818,2393,4211
00323103,"COMM CLG OF ALLEGHENY, SOUTH CAMPUS     ",PA,15122-0000,Public       ,340,521,861,1822,2214,4036
00323300,ALVERNIA UNIVERSITY                     ,PA,19607-1799,Private      ,96,252,348,2532,1624,4156
00323500,ARCADIA UNIVERSITY                      ,PA,19038-3295,Private      ,123,253,376,6352,1996,8348
00323700,BRYN MAWR COLLEGE                       ,PA,19010-2899,Private      ,32,44,76,1787,592,2379
00323800,BUCKNELL UNIVERSITY                     ,PA,17837-2122,Private      ,84,23,107,5263,208,5471
00323900,BUCKS COUNTY COMMUNITY COLLEGE          ,PA,18940-1320,Public       ,783,925,1708,4233,3755,7988
00324000,BUTLER COUNTY COMMUNITY COLLEGE         ,PA,16001-0000,Public       ,294,403,697,1977,1846,3823
00324100,CABRINI COLLEGE                         ,PA,19087-3698,Private      ,102,325,427,2047,923,2970
00324200,CARNEGIE MELLON UNIVERSITY              ,PA,15213-3890,Private      ,269,201,470,13264,1710,14974
00324201,CARNEGIE MELLON UNIV- THE HEINZ COLLEGE ,PA,15213-0000,Private      ,11,48,59,164,661,825
00324202,CARNEGIE MELLON- TEPPER SCHOOL OF BUSINE,PA,15213-0000,Private      ,12,59,71,253,555,808
00324300,CEDAR CREST COLLEGE                     ,PA,18104-6196,Private      ,36,181,217,1078,1362,2440
00324400,CHATHAM UNIVERSITY                      ,PA,15232-2826,Private      ,35,274,309,731,1742,2473
00324500,CHESTNUT HILL COLLEGE                   ,PA,19118-2693,Private      ,125,466,591,1766,2265,4031
00324700,MISERICORDIA  UNIVERSITY                ,PA,18612-1008,Private      ,87,179,266,2757,1429,4186
00324900,COMMUNITY COLLEGE OF PHILADELPHIA       ,PA,19130-3991,Public       ,2370,5089,7459,12888,21410,34298
00325100,CURTIS INSTITUTE OF MUSIC               ,PA,19103-6187,Private      ,10,14,24,319,135,454
00325200,DELAWARE VALLEY COLLEGE                 ,PA,18901-2697,Private      ,117,78,195,2346,425,2771
00325300,DICKINSON COLLEGE                       ,PA,17013-2896,Private      ,62,9,71,3559,155,3714
00325600,DREXEL UNIVERSITY                       ,PA,19104-2875,Private      ,694,2539,3233,34223,18194,52417
00325800,DUQUESNE UNIVERSITY                     ,PA,15282-0001,Private      ,179,372,551,8176,3829,12005
00325900,EASTERN UNIVERSITY                      ,PA,19087-3696,Private      ,140,413,553,2361,2608,4969
00326200,ELIZABETHTOWN COLLEGE                   ,PA,17022-2298,Private      ,55,117,172,3236,728,3964
00326300,EVANGELICAL SCHOOL OF THEOLOGY          ,PA,17067-0000,Private      ,0,8,8,0,84,84
00326500,FRANKLIN & MARSHALL COLLEGE             ,PA,17604-0000,Private      ,72,27,99,3530,174,3704
00326600,GANNON UNIVERSITY                       ,PA,16541-0001,Private      ,82,203,285,3726,1412,5138
00326700,GENEVA COLLEGE                          ,PA,15010-3599,Private      ,32,131,163,1881,817,2698
00326800,GETTYSBURG COLLEGE                      ,PA,17325-1486,Private      ,67,26,93,4257,184,4441
00326900,GROVE CITY COLLEGE                      ,PA,16127-2104,Private      ,28,5,33,1891,67,1958
00327000,GWYNEDD-MERCY COLLEGE                   ,PA,19437-0901,Private      ,70,248,318,1609,1624,3233
00327200,HARCUM COLLEGE                          ,PA,19010-3476,Private      ,89,263,352,1007,1727,2734
00327300,HARRISBURG AREA COMMUNITY COLLEGE       ,PA,17110-2999,Public       ,1555,3018,4573,9449,14402,23851
00327400,HAVERFORD COLLEGE                       ,PA,19041-1392,Private      ,44,18,62,2143,68,2211
00327500,HOLY FAMILY UNIVERSITY                  ,PA,19114-2094,Private      ,95,326,421,2212,2001,4213
00327600,IMMACULATA UNIVERSITY                   ,PA,19345-0647,Private      ,92,374,466,1881,1737,3618
00327700,INDIANA UNIVERSITY OF PENNSYLVANIA      ,PA,15705-1097,Public       ,860,607,1467,14980,3864,18844
00327900,JUNIATA COLLEGE                         ,PA,16652-2196,Private      ,15,6,21,2571,123,2694
00328000,KEYSTONE COLLEGE                        ,PA,18440-0200,Private      ,82,84,166,1725,726,2451
00328200,KINGS COLLEGE                           ,PA,18711-0801,Private      ,113,69,182,3229,578,3807
00328300,LACKAWANNA COLLEGE                      ,PA,18509-9961,Private      ,182,191,373,1851,1066,2917
00328400,LAFAYETTE COLLEGE                       ,PA,18042-1768,Private      ,60,21,81,4427,142,4569
00328500,LANCASTER BIBLE COLLEGE                 ,PA,17601-5036,Private      ,38,273,311,815,1077,1892
00328600,LANCASTER THEOLOGICAL SEMINARY          ,PA,17603-0000,Private      ,0,24,24,2,122,124
00328700,LASALLE UNIVERSITY                      ,PA,19141-1199,Private      ,321,634,955,6596,4230,10826
00328800,LEBANON VALLEY COLLEGE                  ,PA,17003-1400,Private      ,40,30,70,3062,308,3370
00328900,LEHIGH UNIVERSITY                       ,PA,18015-1588,Private      ,110,147,257,9281,996,10277
00329000,LINCOLN UNIVERSITY                      ,PA,19352-0999,Public       ,205,243,448,3730,1301,5031
00329100,LUTHERAN THEOLOG SEMINARY-GETTYSBRG     ,PA,17325-0000,Private      ,0,13,13,2,86,88
00329200,LUTHERAN THEOLOGICAL SEMINARY           ,PA,19119-0000,Private      ,0,47,47,2,187,189
00329300,LYCOMING COLLEGE                        ,PA,17701-5192,Private      ,50,28,78,1979,175,2154
00329400,MANOR COLLEGE                           ,PA,19046-3399,Private      ,73,118,191,727,603,1330
00329600,MARYWOOD UNIVERSITY                     ,PA,18509-1598,Private      ,152,226,378,2942,1464,4406
00329700,MERCYHURST COLLEGE                      ,PA,16546-0001,Private      ,220,283,503,4223,1765,5988
00329800,MESSIAH COLLEGE                         ,PA,17027-0000,Private      ,97,83,180,3523,446,3969
00330000,MOORE COLLEGE OF ART & DESIGN           ,PA,19103-1179,Private      ,34,50,84,640,357,997
00330100,MORAVIAN COLLEGE                        ,PA,18018-6650,Private      ,57,62,119,2183,386,2569
00330101,MORAVIAN THEOLOGICAL SEMINARY           ,PA,18018-0000,Private      ,3,13,16,18,59,77
00330200,MOUNT ALOYSIUS COLLEGE                  ,PA,16630-1999,Private      ,41,111,152,1459,871,2330
00330300,CARLOW UNIVERSITY                       ,PA,15213-3165,Private      ,69,410,479,1274,2064,3338
00330400,MUHLENBERG COLLEGE                      ,PA,18104-5586,Private      ,49,85,134,4116,417,4533
00330600,VALLEY FORGE CHRISTIAN COLLEGE          ,PA,19460-2399,Private      ,67,59,126,822,281,1103
00330900,PEIRCE COLLEGE                          ,PA,19102-4699,Private      ,103,560,663,581,2695,3276
00331100,SALUS UNIVERSITY                        ,PA,19027-1598,Private      ,1,31,32,8,1144,1152
00331300,WIDENER UNIVERSITY                      ,PA,19013-5792,Private      ,228,320,548,5046,2698,7744
00331302,WIDENER UNIV SCH OF LAW- HARRISBURG     ,PA,17106-9381,Private      ,1,40,41,35,626,661
00331500,BLOOMSBURG UNIVERSITY OF PA             ,PA,17815-1301,Public       ,710,227,937,12938,2124,15062
00331600,CALIFORNIA UNIV OF PENNSYLVANIA         ,PA,15419-1394,Public       ,504,696,1200,6540,4214,10754
00331700,CHEYNEY UNIVERSITY OF PENNSYLVANIA      ,PA,19319-0200,Public       ,196,168,364,2123,980,3103
00331800,CLARION UNIVERSITY OF PENNSYLVANIA      ,PA,16214-1232,Public       ,210,344,554,5101,2291,7392
00332000,EAST STROUDSBURG UNIVERSITY             ,PA,18301-2999,Public       ,533,322,855,7731,1954,9685
00332100,EDINBORO UNIVERSITY OF PENNSYLVANIA     ,PA,16444-0001,Public       ,365,483,848,6014,2861,8875
00332200,KUTZTOWN UNIVERSITY OF PENNSYLVANIA     ,PA,19530-9339,Public       ,596,292,888,11715,2242,13957
00332300,LOCK HAVEN UNIV OF PENNSYLVANIA         ,PA,17745-2439,Public       ,260,178,438,6025,1402,7427
00332400,MANSFIELD UNIVERSITY                    ,PA,16933-1123,Public       ,211,156,367,3057,880,3937
00332500,MILLERSVILLE UNIVERSITY OF PA           ,PA,17551-1800,Public       ,469,293,762,8903,2492,11395
00332600,SHIPPENSBURG UNIVERSITY                 ,PA,17257-2299,Public       ,497,231,728,8664,1707,10371
00332700,SLIPPERY ROCK UNIVERSITY                ,PA,16057-1326,Public       ,330,298,628,8755,2062,10817
00332800,WEST CHESTER UNIVERSITY                 ,PA,19383-0001,Public       ,957,671,1628,18269,4889,23158
00332900,PENN STATE UNIVERSITY                   ,PA,16802-1503,Public       ,4270,4133,8403,70343,26515,96858
00335000,UNIVERSITY OF THE ARTS (THE)            ,PA,19102-9493,Private      ,185,125,310,3193,734,3927
00335100,CAIRN UNIVERSITY                        ,PA,19047-2942,Private      ,84,117,201,771,490,1261
00335200,PHILADELPHIA CLG OSTEOPATHIC MED        ,PA,19131-0000,Private      ,4,157,161,47,3429,3476
00335300,UNIVERSITY OF THE SCIENCES IN PHILADELPH,PA,19104-4495,Private      ,78,135,213,3615,1533,5148
00335400,PHILADELPHIA UNIVERSITY                 ,PA,19144-5497,Private      ,197,435,632,4668,2293,6961
00335600,PITTSBURGH THEOLOGICAL SEMINARY         ,PA,15206-0000,Private      ,1,26,27,6,185,191
00335700,POINT PARK UNIVERSITY                   ,PA,15222-1912,Private      ,149,423,572,3605,2241,5846
00335800,REFORMED PRESBYTERIAN THEOL SEMINAR     ,PA,15208-0000,Private      ,0,10,10,0,24,24
00335900,ROBERT MORRIS UNIVERSITY                ,PA,15108-1189,Private      ,165,373,538,5393,2098,7491
00336000,ROSEMONT COLLEGE                        ,PA,19010-1699,Private      ,42,148,190,756,608,1364
00336200,SETON HILL UNIVERSITY                   ,PA,15601-1599,Private      ,85,106,191,2299,895,3194
00336400,ST. CHARLES BORROMEO SEMINARY           ,PA,19096-0000,Private      ,5,13,18,43,34,77
00336600,SAINT FRANCIS UNIVERSITY                ,PA,15940-0600,Private      ,119,106,225,2120,738,2858
00336700,SAINT JOSEPH'S UNIVERSITY               ,PA,19131-1395,Private      ,336,888,1224,7660,3546,11206
00336800,ST VINCENT COLLEGE                      ,PA,15650-2690,Private      ,43,46,89,2146,288,2434
00336900,SUSQUEHANNA UNIVERSITY                  ,PA,17870-1001,Private      ,63,14,77,3254,124,3378
00337000,SWARTHMORE COLLEGE                      ,PA,19081-1397,Private      ,41,17,58,3835,126,3961
00337100,TEMPLE UNIVERSITY                       ,PA,19122-6003,Private      ,1332,2139,3471,35416,20553,55969
00337600,THIEL COLLEGE                           ,PA,16125-2181,Private      ,72,15,87,1943,156,2099
00337800,UNIVERSITY OF PENNSYLVANIA              ,PA,19104-6216,Private      ,471,1049,1520,21383,12539,33922
00337900,UNIVERSITY OF PITTSBURGH                ,PA,15260-0000,Public       ,1059,1232,2291,30541,10278,40819
00337906,UNIVERSITY OF PITTSBURGH - SCHOOL OF MED,PA,15261-0001,Public       ,15,31,46,202,1014,1216
00337907,UNIVERSITY OF PITTSBURGH - SCHOOL OF DEN,PA,15261-2523,Public       ,4,23,27,85,405,490
00338400,UNIVERSITY OF SCRANTON                  ,PA,18510-4622,Private      ,193,351,544,7819,1589,9408
00338500,URSINUS COLLEGE                         ,PA,19426-1000,Private      ,56,12,68,3072,115,3187
00338600,VALLEY FORGE MILITARY COLLEGE           ,PA,19087-3695,Private      ,48,5,53,477,62,539
00338800,VILLANOVA UNIVERSITY                    ,PA,19085-1699,Private      ,141,504,645,12319,2838,15157
00338801,VILLANOVA UNIV SCH OF LAW               ,PA,19085-0000,Private      ,0,91,91,30,1047,1077
00338900,WASHINGTON & JEFFERSON COLLEGE          ,PA,15301-4801,Private      ,100,9,109,2657,98,2755
00339100,WAYNESBURG UNIVERSITY                   ,PA,15370-1222,Private      ,40,175,215,2110,762,2872
00339200,WESTMINSTER COLLEGE                     ,PA,16172-0002,Private      ,50,12,62,2355,113,2468
00339300,WESTMINSTER THEOLOGICAL SEMINARY        ,PA,19038-0000,Private      ,0,23,23,3,314,317
00339400,WILKES UNIVERSITY                       ,PA,18766-0998,Private      ,153,287,440,3599,1317,4916
00339500,PENNSYLVANIA COLLEGE OF TECHNOLOGY      ,PA,17701-5779,Public       ,275,292,567,5266,2178,7444
00339600,WILSON COLLEGE                          ,PA,17201-1285,Private      ,23,60,83,404,371,775
00339900,YORK COLLEGE OF PENNSYLVANIA            ,PA,17405-7199,Private      ,310,235,545,8964,1413,10377
00398600,DESALES UNIVERSITY                      ,PA,18034-9568,Private      ,96,220,316,2792,1564,4356
00398700,LA ROCHE COLLEGE                        ,PA,15237-5898,Private      ,54,86,140,1231,596,1827
00398800,NEUMANN UNIVERSITY                      ,PA,19014-1298,Private      ,204,234,438,3248,1344,4592
00405800,GRATZ COLLEGE                           ,PA,19027-3097,Private      ,1,44,45,3,120,123
00445200,MONTGOMERY COUNTY COMMUNITY COLLEGE     ,PA,19422-6300,Public       ,861,1277,2138,5382,5706,11088
00488900,CAMBRIA-ROWE BUSINESS COLLEGE           ,PA,15902-2494,Proprietary  ,9,48,57,133,261,394
00488901,CAMBRIA ROWE BUSINESS COLLEGE - INDIANA ,PA,15701-2804,Proprietary  ,8,21,29,15,34,49
00489000,CENTRAL PENNSYLVANIA COLLEGE            ,PA,17093-0309,Proprietary  ,69,188,257,1108,1481,2589
00489300,DU BOIS BUSINESS COLLEGE                ,PA,15801-2401,Proprietary  ,20,41,61,146,242,388
00489400,ERIE BUSINESS CENTER                    ,PA,16501-1305,Proprietary  ,17,63,80,88,341,429
00489401,ERIE BUSINESS CENTER - NEW CASTLE CAMPUS,PA,16101-3950,Proprietary  ,4,29,33,33,112,145
00489800,MCCANN SCHOOL OF BUSINESS & TECHNOL     ,PA,17901-1335,Proprietary  ,300,1103,1403,1512,5304,6816
00489807,MCCANN SCHOOL OF BUSINESS & TECHNOLOGY -,PA,17013-3180,Proprietary  ,3,7,10,44,113,157
00489900,MERCY HOSP SCH OF NURSING               ,PA,15219-5166,Private      ,9,43,52,164,269,433
00490100,NEWPORT BUSINESS INSTITUTE              ,PA,15068-3929,Proprietary  ,2,13,15,24,70,94
00490200,PENN COMMERCIAL BUSINESS/TECHNICAL SCHL ,PA,15301-2871,Proprietary  ,43,89,132,207,336,543
00491000,KAPLAN CAREER INSTITUTE                 ,PA,17111-3571,Proprietary  ,65,199,264,234,751,985
00491001,THOMPSON INSTITUTE-PHILADEPHIA CAMPUS   ,PA,19104-3386,Proprietary  ,107,230,337,329,770,1099
00491400,NEWPORT BUSINESS INSTITUTE              ,PA,17701-5855,Proprietary  ,3,18,21,12,95,107
00500701,WEST VIRGINIA CAREER INSTITUTE          ,PA,15456-0000,Proprietary  ,10,17,27,62,110,172
00531000,PITTSBURGH INST OF AERONAUTICS          ,PA,15236-0000,Private      ,55,72,127,366,270,636
00533000,FAYETTE CNTY AREA VOC TECH PRC NRSG     ,PA,15401-0000,Public       ,10,23,33,43,114,157
00533500,CENTRAL PENN INST OF SCI & TECH PNP     ,PA,16823-0000,Public       ,25,69,94,155,225,380
00536500,YORK CO AREA VOC-TECH SCH-PRAC NSG      ,PA,17402-0000,Public       ,14,90,104,58,302,360
00653400,CITIZENS SCHOOL OF NURSING              ,PA,15068-6591,Private      ,3,17,20,105,182,287
00653700,CONEMAUGH VLY MEM HOSP SCH NRSNG        ,PA,15905-4398,Private      ,2,20,22,121,133,254
00653702,CONEMAUGH HOSP- SCH HISTOTECHNOLOGY     ,PA,15905-0000,Private      ,1,1,2,6,8,14
00653704,CONEMAUGH VLY MEM HOSP SCH RAD TECH     ,PA,15905-0000,Private      ,2,9,11,34,26,60
00653706,CONEMAUGH VLY MEM HOSP SCH  MED TECH    ,PA,15905-4398,Private      ,1,2,3,14,15,29
00655100,ST MARGARET SCHL OF NURSING             ,PA,15238-3205,Private      ,5,31,36,109,240,349
00656000,OHIO VALLEY HOSP SCH OF NURSING         ,PA,15136-1694,Private      ,11,20,31,31,61,92
00656500,READING HOSPITAL SCHOOL OF HEALTH SCIENC,PA,19611-1744,Private      ,9,58,67,268,494,762
00657400,"ST LUKE'S HOSPITAL OF BETHLEHEM, PA     ",PA,18015-1065,Private      ,4,45,49,92,260,352
00657600,SEWICKLEY VALLEY HOSP SCH NRSNG         ,PA,15143-1498,Private      ,0,0,0,25,59,84
00657700,UPMC SHADYSIDE SCHOOL OF NURSING        ,PA,15232-1381,Private      ,27,88,115,222,472,694
00657800,SHARON REGIONAL SCHOOL OF NURSING       ,PA,16146-3395,Private      ,0,5,5,24,55,79
00658200,WASHINGTON HOSP SCH OF NURSING          ,PA,15301-3398,Private      ,6,26,32,44,110,154
00658202,WASHINGTON HOSP SCH OF RAD TECH         ,PA,15301-3398,Private      ,3,4,7,18,22,40
00658300,WESTERN PENN HOSP-SCH OF NURSING        ,PA,15224-1790,Private      ,8,36,44,137,225,362
00680700,COMMUNITY COLLEGE OF BEAVER COUNTY      ,PA,15061-2588,Public       ,273,357,630,1304,1361,2665
00681000,LEHIGH CARBON COMMUNITY COLLEGE         ,PA,18078-2598,Public       ,381,705,1086,3293,3834,7127
00681100,LUZERNE COUNTY COMMUNITY COLLEGE        ,PA,18634-3899,Public       ,494,744,1238,3238,3677,6915
00708700,ABINGTON MEM HOSP SCHL OF NURSING       ,PA,19090-1284,Private      ,4,38,42,122,375,497
00709100,EVEREST INSTITUTE                       ,PA,15222-1320,Proprietary  ,67,208,275,220,790,1010
00711000,DELAWARE COUNTY COMMUNITY COLLEGE       ,PA,19063-1094,Public       ,1233,1915,3148,6571,8426,14997
00719100,NORTHAMPTON COMMUNITY COLLEGE           ,PA,18020-7599,Public       ,788,1076,1864,6570,6212,12782
00730305,LINCOLN TECHNICAL INSTITUTE - PHILADELPH,PA,19136-1530,Proprietary  ,52,103,155,302,407,709
00732955,ITT TECHNICAL INSTITUTE                 ,PA,19406-1212,Proprietary  ,53,149,202,239,577,816
00743000,ANTONELLI INST OF ART & PHOTOGRAPHY     ,PA,19038-8242,Proprietary  ,12,10,22,235,61,296
00743600,KAPLAN CAREER INSTITUTE - ICM CAMPUS    ,PA,15222-1977,Proprietary  ,38,222,260,233,857,1090
00743700,PITTSBURGH TECHNICAL INSTITUTE          ,PA,15071-3205,Proprietary  ,199,190,389,2196,1082,3278
00746900,"HUSSIAN SCHOOL OF ART, INC.             ",PA,19106-0000,Proprietary  ,10,6,16,111,32,143
00747000,"ART INSTITUTE OF PITTSBURGH, THE        ",PA,15219-1328,Proprietary  ,1147,5061,6208,4044,14118,18162
00752900,"CHESTER COUNTY INTERMEDIATE UNIT, PNP   ",PA,19335-3043,Public       ,9,49,58,33,151,184
00757307,EMPIRE BEAUTY SCHOOL - WARMINSTER       ,PA,18974-4508,Proprietary  ,26,59,85,127,295,422
00775900,LINCOLN TECHNICAL INSTITUTE             ,PA,18104-3298,Proprietary  ,85,167,252,288,647,935
00777900,LANSDALE SCHOOL OF BUSINESS             ,PA,19454-4114,Proprietary  ,24,70,94,101,377,478
00778000,NEW CASTLE SCHOOL OF TRADES             ,PA,16143-0000,Proprietary  ,116,202,318,346,678,1024
00778100,CHI INSTITUTE/RETS CAMPUS               ,PA,19008-3516,Proprietary  ,43,154,197,119,439,558
00783900,TRIANGLE TECH                           ,PA,15214-3897,Proprietary  ,49,73,122,214,339,553
00791200,THADDEUS STEVENS CLG OF TECHNOLOGY      ,PA,17602-0000,Public       ,67,69,136,1352,574,1926
00791600,FRANKLIN CNTY CAREER & TECH CTR-PNP     ,PA,17201-0000,Public       ,6,24,30,28,113,141
00817803,EMPIRE BEAUTY SCHOOL - HARRISBURG       ,PA,17109-2210,Proprietary  ,18,44,62,86,193,279
00817804,EMPIRE BEAUTY SCHOOL - WILLIAMSPORT     ,PA,17701-3914,Proprietary  ,19,20,39,78,140,218
00817806,EMPIRE BEAUTY SCHOOL - LEBANON          ,PA,17042-5209,Proprietary  ,2,2,4,27,38,65
00817809,EMPIRE BEAUTY SCHOOL - CENTER CITY PHILA,PA,19102-2701,Proprietary  ,40,70,110,190,429,619
00820000,JAMESON MEMORIAL HOSP SCH NURSING       ,PA,16105-2595,Private      ,3,7,10,44,93,137
00835000,ART INSTITUTE OF PHILADELPHIA           ,PA,19103-5198,Proprietary  ,454,603,1057,2926,2584,5510
00844100,ANTHEM INSTITUTE                        ,PA,19064-1243,Proprietary  ,28,105,133,93,297,390
00856800,VET TECH INSTITUTE                      ,PA,15222-3400,Proprietary  ,54,36,90,394,200,594
00865300,JEFFERSON CO DUBOIS VOC TECH-PR NSG     ,PA,15851-0000,Public       ,7,4,11,22,45,67
00895500,PRUONTOS HAIR DESIGN INSTITUTE          ,PA,16602-0000,Proprietary  ,9,4,13,28,24,52
00915705,WYOMING TECHNICAL INSTITUTE - BLAIRSVILL,PA,15717-8060,Proprietary  ,207,228,435,1091,891,1982
00918600,DEAN INSTITUTE OF TECHNOLOGY            ,PA,15226-1197,Proprietary  ,19,38,57,52,159,211
00944900,PENNCO TECH                             ,PA,19007-0000,Proprietary  ,76,154,230,223,469,692
00966400,EMPIRE BEAUTY SCHOOL                    ,PA,18052-5730,Proprietary  ,94,220,314,232,523,755
00966405,EMPIRE BEAUTY SCHOOL - MONROEVILLE      ,PA,15146-2229,Proprietary  ,20,36,56,116,213,329
00966408,EMPIRE BEAUTY SCHOOL - LANCASTER        ,PA,17604-4335,Proprietary  ,28,49,77,131,242,373
00966411,EMPIRE BEAUTY SCHOOL - SHAMOKIN DAM     ,PA,17876-0397,Proprietary  ,3,5,8,27,33,60
00966412,EMPIRE BEAUTY SCHOOL - EXTON            ,PA,19341-2804,Proprietary  ,26,46,72,150,237,387
00966600,EMPIRE BEAUTY SCHOOL                    ,PA,19605-2803,Proprietary  ,20,37,57,114,227,341
00972100,BRADFORD SCHOOL                         ,PA,15219-2602,Proprietary  ,42,45,87,592,200,792
00972300,ARIA HEALTH SCHOOL OF NURSING           ,PA,19053-6939,Private      ,7,24,31,152,358,510
00978300,GORDON PHILLIPS SCH OF BEAUTY CULT      ,PA,19135-0000,Proprietary  ,26,48,74,166,302,468
00986300,LANCASTER GENERAL COLLEGE OF NURSING AND,PA,17602-4955,Private      ,47,157,204,684,1172,1856
01000600,GREATER JOHNSTOWN AREA VOC TECH SCH     ,PA,15904-0000,Public       ,27,89,116,91,245,336
01005500,CRAWFORD CNTY AREA VO-TECH PRAC NUR     ,PA,16335-0000,Public       ,1,6,7,18,39,57
01017600,WESTMORELAND COUNTY COMMUNITY CLG       ,PA,15697-1895,Public       ,688,881,1569,2992,3290,6282
01038800,READING AREA COMMUNITY COLLEGE          ,PA,19603-1706,Public       ,507,1090,1597,2231,3908,6139
01054200,EMPIRE BEAUTY SCHOOL                    ,PA,18701-0000,Proprietary  ,83,189,272,220,375,595
01054205,EMPIRE BEAUTY SCHOOL - YORK             ,PA,17402-2862,Proprietary  ,21,50,71,126,243,369
01081400,PITTSBURGH INST MORTUARY SCIENCE        ,PA,15206-3706,Private      ,17,76,93,114,265,379
01086000,GREATER ALTOONA CAREER/TECH CENTER      ,PA,16602-0000,Public       ,20,62,82,130,253,383
01096300,GREENE COUNTY VOC-TECH SCHOOL           ,PA,15370-0000,Public       ,0,4,4,14,37,51
01099800,PENNSYLVANIA INSTITUTE OF TECH          ,PA,19063-4098,Private      ,90,223,313,433,748,1181
01162100,AUTOMOTIVE TRAINING CENTER              ,PA,19341-1310,Proprietary  ,104,80,184,850,396,1246
01162200,WELDER TRAINING & TESTING INST          ,PA,18109-3253,Proprietary  ,9,35,44,38,102,140
01171500,SCHUYLKILL HEALTH SCHOOL OF NURSING     ,PA,17901-3692,Private      ,0,7,7,69,64,133
01191900,BEAVER FALLS BEAUTY ACADEMY             ,PA,15010-4208,Proprietary  ,6,15,21,17,42,59
01205000,ROSEDALE TECHNICAL INSTITUTE            ,PA,15205-9791,Private      ,57,69,126,296,323,619
01239300,THOMAS JEFF UNIV-CLG ALLIED HEALTH      ,PA,19107-0000,Private      ,13,141,154,344,1447,1791
01239301,THOMAS JEFFERSON UNIVERSITY - JEFFERSON ,PA,19107-5001,Private      ,30,204,234,432,2676,3108
01239303,THOMAS JEFFERSON UNIVERSITY - COLLEGE OF,PA,19107-6731,Private      ,18,128,146,240,983,1223
01246104,LINCOLN TECHNICAL INSTITUTE             ,PA,19104-0202,Proprietary  ,89,234,323,315,626,941
01246105,LINCOLN TECHNICAL INSTITUTE             ,PA,19116-4202,Proprietary  ,61,153,214,245,517,762
01252300,TALMUDICAL YESHIVA OF PHILA             ,PA,19131-1296,Private      ,4,1,5,21,5,26
01260500,EMPIRE BEAUTY SCHOOL                    ,PA,17331-2405,Proprietary  ,15,49,64,66,182,248
01260600,EMPIRE BEAUTY SCHOOL                    ,PA,17901-3859,Proprietary  ,68,196,264,191,537,728
01260607,EMPIRE BEAUTY SCHOOL - STATE COLLEGE    ,PA,16801-5218,Proprietary  ,7,8,15,41,40,81
01292900,SOUTH HILLS BEAUTY ACADEMY              ,PA,15216-2335,Proprietary  ,21,43,64,58,115,173
01313400,YESHIVATH BETH MOSHE                    ,PA,18505-2196,Private      ,0,3,3,7,10,17
01321400,ROXBOROUGH MEM HOSP SCH OF NURSING      ,PA,19128-0000,Proprietary  ,12,46,58,97,344,441
01326300,SOUTH HILLS SCHOOL OF BUSINESS & TECHNOL,PA,16801-4516,Proprietary  ,36,82,118,553,470,1023
02061000,VENUS BEAUTY ACADEMY                    ,PA,19079-0000,Proprietary  ,19,30,49,49,66,115
02068300,DOUGLAS SCHOOL OF BUSINESS              ,PA,15062-0000,Proprietary  ,39,48,87,256,212,468
02090200,TRIANGLE TECH                           ,PA,16502-0000,Proprietary  ,13,21,34,110,94,204
02092500,LAUREL TECHNICAL INSTITUTE              ,PA,16146-0000,Proprietary  ,39,85,124,163,293,456
02092502,BUSINESS INSTITUTE OF PENNSYLVANIA      ,PA,16335-0000,Proprietary  ,2,8,10,9,27,36
02104003,HARRIS SCHOOL OF BUSINESS - UPPER DARBY ,PA,19082-2528,Proprietary  ,12,15,27,32,40,72
02107300,PENNSYLVANIA ACADEMY OF FINE ARTS       ,PA,19102-1424,Private      ,20,29,49,298,316,614
02112200,GREAT LAKES INSTITUTE OF TECHNOLOGY     ,PA,16509-0000,Proprietary  ,69,127,196,374,439,813
02114200,JOHNSON COLLEGE                         ,PA,18508-0000,Private      ,47,51,98,506,304,810
02116001,SANFORD-BROWN INSTITUTE - TREVOSE       ,PA,19053-4700,Proprietary  ,5,7,12,59,129,188
02118000,LEVITTOWN BEAUTY ACADEMY LLC            ,PA,19054-1713,Proprietary  ,14,17,31,29,30,59
02119300,PA ACAD OF COSMETOLOGY ARTS & SCI       ,PA,15904-0000,Proprietary  ,22,26,48,57,69,126
02120800,"YORKTOWNE BUSINESS INSTITUTE, INC.      ",PA,17404-0000,Proprietary  ,25,55,80,103,275,378
02127400,YORK TECHNICAL INSTITUTE                ,PA,17402-0000,Proprietary  ,178,329,507,1133,1545,2678
02129000,TRIANGLE TECH                           ,PA,15601-0000,Proprietary  ,34,52,86,238,225,463
02129001,TRIANGLE TECH - BUSINESS CAREERS INSTITU,PA,15601-3304,Proprietary  ,1,7,8,8,16,24
02144000,"VISION ACADEMY, THE                     ",PA,18103-0000,Proprietary  ,8,21,29,32,89,121
02151500,CENTRAL SUSQUEHANNA LPN CENTER          ,PA,17837-8818,Public       ,3,14,17,53,150,203
02153500,OAKBRIDGE ACADEMY OF ARTS               ,PA,15068-0000,Proprietary  ,5,1,6,69,13,82
02158300,JUNIATA-MIFFLIN CO AREA VOC TECH        ,PA,17044-0000,Public       ,4,13,17,16,55,71
02161400,NORTHEASTERN HOSP SCH OF NRSG           ,PA,19134-0000,Private      ,13,45,58,84,276,360
02169600,CLEARFIELD CTY CAREER AND TECH CNTR     ,PA,16830-0000,Public       ,7,19,26,49,119,168
02174400,TRIANGLE TECH                           ,PA,15801-0000,Proprietary  ,44,37,81,295,190,485
02178900,ACADEMY OF HAIR DESIGN                  ,PA,18202-1465,Proprietary  ,42,70,112,104,203,307
02183000,ORLEANS TECHNICAL INSTITUTE             ,PA,19111-0000,Private      ,50,173,223,192,596,788
02192800,WALNUT HILL COLLEGE                     ,PA,19104-0000,Proprietary  ,58,78,136,519,381,900
02202300,SANFORD-BROWN INSTITUTE                 ,PA,15219-1907,Proprietary  ,30,137,167,185,619,804
02202301,SANFORD-BROWN INSTITUTE                 ,PA,15146-2141,Proprietary  ,3,10,13,40,116,156
02203900,ERIE INSTITUTE OF TECHNOLOGY            ,PA,16565-1002,Proprietary  ,32,46,78,202,235,437
02206200,"VISION ACADEMY, THE                     ",PA,19002-0000,Proprietary  ,35,52,87,63,96,159
02206300,STROUDSBURG SCHOOL OF COSMETOLOGY       ,PA,18360-0000,Proprietary  ,18,23,41,49,47,96
02212700,LANCASTER SCHOOL OF COSMETOLOGY         ,PA,17602-0000,Proprietary  ,19,50,69,50,132,182
02234200,ACADEMY OF MEDICAL ARTS & BUSINESS      ,PA,17112-0000,Proprietary  ,34,81,115,229,398,627
02251200,SCHUYLKILL COUNTY AREA VOC TECH SCH     ,PA,17931-0000,Public       ,1,30,31,14,107,121
02251202,SCHUYLKILL COUNTY AREA VOC TECH SCH     ,PA,17931-0000,Public       ,3,14,17,5,29,34
02253900,BERKS TECHNICAL INSTITUTE               ,PA,19610-1168,Proprietary  ,105,225,330,742,971,1713
02255200,PENNSYLVANIA SCHOOL OF BUSINESS         ,PA,18101-1604,Proprietary  ,8,56,64,78,408,486
02269900,PENNSYLVANIA COLLEGE OF ART & DESIGN    ,PA,17603-3528,Private      ,22,14,36,424,101,525
02270500,BUCKS COUNTY SCHOOL OF BEAUTY CULT      ,PA,19053-0000,Proprietary  ,6,19,25,37,53,90
02273400,RECONSTRUCTIONIST RABBINICAL COLLEG     ,PA,19095-0000,Private      ,0,2,2,0,37,37
02276600,HANOVER PUBLIC SCH DIST PRAC NURSG      ,PA,17331-0000,Public       ,1,20,21,11,63,74
02282500,LENAPE SCHOOL OF PRACTICAL NURSING      ,PA,16226-0000,Public       ,11,24,35,41,116,157
02289500,PACE INSTITUTE                          ,PA,19601-0000,Proprietary  ,5,23,28,43,152,195
02289600,CONSOLIDATED SCHOOL OF BUSINESS         ,PA,17404-0000,Proprietary  ,11,32,43,50,161,211
02289700,ACADEMY OF CREATIVE HAIR DESIGN         ,PA,18702-0000,Proprietary  ,27,76,103,76,162,238
02289800,CHI INSTITUTE - FRANKLIN MILLS          ,PA,19154-0000,Proprietary  ,72,183,255,342,755,1097
02290400,"ALTOONA BEAUTY SCHOOL, INC              ",PA,16602-0000,Proprietary  ,13,24,37,44,78,122
02292700,LANSDALE SCHOOL OF COSMETOLOGY          ,PA,19446-0000,Proprietary  ,12,14,26,27,40,67
02299300,TRINITY EPISCOPAL SCHOOL MINISTRY       ,PA,15003-0000,Private      ,0,14,14,1,99,100
02301300,PRISM CAREER INSTITUTE                  ,PA,19082-2448,Proprietary  ,23,99,122,135,508,643
02304400,YTI CAREER INSTITUTE - MECHANICSBURG    ,PA,17055-0000,Proprietary  ,6,14,20,102,124,226
02306200,VENANGO COUNTY AREA VOC TECH SCHOOL     ,PA,16301-0000,Public       ,1,12,13,30,86,116
02310800,LANCASTER COUNTY CAREER & TECH CTR      ,PA,17584-0000,Public       ,34,153,187,165,506,671
02323000,BIBLICAL THEOLOGICAL SEMINARY           ,PA,19440-2421,Private      ,1,43,44,2,104,106
02330300,LEBANON CO CAREER & TECHNOLOGY CTR      ,PA,17042-0000,Public       ,18,58,76,58,231,289
02330600,PENNSYLVANIA GUNSMITH SCHOOL            ,PA,15202-0000,Proprietary  ,17,24,41,93,100,193
02350100,WESTERN AREA CAREER & TECHNOLOGY CT     ,PA,15317-0000,Public       ,4,21,25,26,101,127
02350200,INDIANA COUNTY TECH CTR SCH PR NSG      ,PA,15701-1465,Public       ,13,44,57,55,129,184
02353100,NORTHERN TIER CAREER CENTER             ,PA,18848-0000,Public       ,5,14,19,30,80,110
02362300,MERCER COUNTY AREA VOC TECH SCHOOL      ,PA,16137-0000,Public       ,6,17,23,19,47,66
02492600,EASTERN CTR ARTS AND TECH PR NSG        ,PA,19090-0000,Public       ,14,61,75,33,150,183
02495500,ALL-STATE CAREER SCHOOL                 ,PA,19029-0000,Proprietary  ,65,253,318,217,721,938
02529800,WILKES BARRE AREA CAREER AND TECHNICAL C,PA,18705-0000,Public       ,18,47,65,81,214,295
02536600,COMMONWEALTH TECH INSTIT @ HIRAM G      ,PA,15905-0000,Public       ,63,30,93,233,105,338
02544300,BUTLER BEAUTY SCHOOL                    ,PA,16001-0000,Proprietary  ,17,42,59,43,98,141
02545000,LAWRENCE COUNTY CAREER AND TECHNICAL CEN,PA,16101-0000,Public       ,1,12,13,22,72,94
02546200,LAUREL BUSINESS INSTITUTE               ,PA,15401-0877,Proprietary  ,40,54,94,162,178,340
02550000,CLARION CO AREA VOC-TECH PRAC NRSG      ,PA,16254-4637,Public       ,5,17,22,21,80,101
02554500,HAZLETON AREA CAREER CENTER PRACTICAL NU,PA,18201-0000,Public       ,2,19,21,37,85,122
02557800,ART INSTITUTE OF YORK (THE) - PENNSYLVAN,PA,17402-9012,Proprietary  ,68,51,119,622,302,924
02566400,ALBERT EINSTEIN MED CTR DEPT DNTL       ,PA,19141-3098,Private      ,5,37,42,33,130,163
02574800,PENNSYLVANIA INSTITUTE OF TAXIDERMY     ,PA,15931-0000,Proprietary  ,1,3,4,14,14,28
02609500,CAREER TRAINING ACADEMY                 ,PA,15068-6308,Proprietary  ,31,100,131,91,236,327
02609501,CAREER TRAINING ACADEMY                 ,PA,15146-0000,Proprietary  ,1,12,13,18,50,68
02616100,JEAN MADELINE ED CTR FOR COSM           ,PA,19147-1542,Proprietary  ,57,103,160,285,350,635
03006800,LE CORDON BLEU INSTITUTE OF CULINARY ART,PA,15222-3511,Proprietary  ,0,0,0,29,27,56
03010800,FORTIS INSTITUTE                        ,PA,16506-1013,Proprietary  ,144,427,571,698,1938,2636
03011500,FORTIS INSTITUTE                        ,PA,18702-0000,Proprietary  ,32,71,103,86,216,302
03011600,FORTIS INSTITUTE                        ,PA,18509-2903,Proprietary  ,48,103,151,198,427,625
03029900,CONSOLIDATED SCHOOL OF BUSINESS         ,PA,17603-2389,Proprietary  ,19,31,50,67,146,213
03067000,ANTONELLI MEDICAL & PROF INST           ,PA,19464-9244,Proprietary  ,11,50,61,39,128,167
03072600,DCI CAREER INSTITUTE                    ,PA,15061-2307,Proprietary  ,14,23,37,42,86,128
03081900,YTI CAREER INSTITUTE - ALTOONA          ,PA,16602-4457,Proprietary  ,34,73,107,245,335,580
03090800,LAKE ERIE COLL OF OSTEOPATHIC MED       ,PA,16509-0000,Private      ,3,154,157,70,3959,4029
03098600,CAREER TECH CTR OF LACKAWANNA CNTY      ,PA,18508-0000,Public       ,5,40,45,82,208,290
03101400,FORBES ROAD CAREER & TECHNOLOGY CTR     ,PA,15146-1550,Public       ,4,10,14,10,29,39
03101500,BIDWELL TRAINING CENTER                 ,PA,15233-2233,Private      ,6,30,36,32,104,136
03103300,JNA INSTITUTE OF CULINARY ARTS          ,PA,19146-3119,Proprietary  ,20,47,67,99,202,301
03109100,METROPOLITAN CAREER CENTER              ,PA,19144-0000,Private      ,7,43,50,38,156,194
03110700,AVIATION INSTITUTE OF MAINTENANCE       ,PA,19114-1017,Proprietary  ,49,130,179,150,430,580
03120400,REGIONAL CAREER & TECHNICAL CENTER      ,PA,16509-4699,Public       ,0,7,7,16,26,42
03128400,DELAWARE COUNTY TECHNICAL SCHOOL        ,PA,19008-1928,Public       ,13,54,67,49,198,247
03180400,PENNSYLVANIA HIGHLANDS COMMUNITY COLLEGE,PA,15904-2927,Public       ,135,201,336,963,832,1795
03236400,LT INTERNATIONAL BEAUTY SCHOOL          ,PA,19130-2235,Proprietary  ,9,38,47,29,80,109
03353300,ACADEMY OF VOCAL ARTS                   ,PA,19103-6685,Private      ,7,23,30,47,89,136
03380301,STAR CAREER ACADEMY - STAR PHILADELPHIA ,PA,19114-2204,Proprietary  ,140,372,512,361,1082,1443
03380304,STAR CAREER ACADEMY - STAR NORRISTOWN   ,PA,19403-2422,Proprietary  ,22,96,118,49,241,290
03493302,ALL-STATE CAREER - WEST MIFFLIN CAMPUS  ,PA,15122-0000,Proprietary  ,6,23,29,41,170,211
03535300,HUNTINGDON COUNTY CAREER AND TECHNO     ,PA,17060-0905,Public       ,1,13,14,7,39,46
03561400,SUSQUEHANNA COUNTY CAREER & TECHNOL     ,PA,18816-0100,Public       ,7,25,32,17,76,93
03766300,PENNSYLVANIA SCHOOL OF MUSCLE THERAPY   ,PA,19406-3101,Proprietary  ,15,64,79,55,152,207
03781300,PRINCETON INFORMATION TECHNOLOGY CENTER ,PA,19038-4535,Proprietary  ,13,146,159,35,319,354
03899300,CALVARY BAPTIST THEOLOGICAL SEMINARY    ,PA,19446-4718,Private      ,1,5,6,2,16,18
03923300,PRECISION MANUFACTURING INSTITUTE       ,PA,16335-8380,Private      ,6,13,19,18,29,47
03948300,HARRISBURG UNIVERSITY OF SCIENCE AND TEC,PA,17101-2116,Private      ,25,57,82,835,274,1109
03949300,WON INSTITUTE OF GRADUATE STUDIES       ,PA,19038-4535,Private      ,0,22,22,0,68,68
03950500,NORTHWEST REGIONAL TECHNOLOGY INSTITUTE ,PA,16508-2820,Proprietary  ,3,32,35,22,71,93
03952300,NATIONAL MASSAGE THERAPY INSTITUTE      ,PA,19116-3965,Proprietary  ,46,193,239,122,548,670
04024300,EDUCATION AND TECHNOLOGY INSTITUTE      ,PA,15601-9214,Private      ,2,11,13,15,37,52
04041300,BERKS CAREER & TECHNOLOGY CENTER        ,PA,19533-9112,Public       ,11,16,27,26,45,71
04118000,BYZANTINE CATHOLIC SEMINARY OF SAINTS CY,PA,15214-2229,Private      ,0,2,2,1,9,10
04127500,CAREER DEVELOPMENT & EMPLOYMENT         ,PA,18702-5253,Proprietary  ,3,13,16,8,54,62
04145800,PULSE BEAUTY ACADEMY A PAUL MITCHELL PAR,PA,19335-0000,Proprietary  ,19,42,61,71,94,165
04149800,SOMERSET COUNTY TECHNOLOGY CENTER       ,PA,15501-1444,Public       ,7,35,42,27,108,135
04151700,BELLA CAPELLI ACADEMY                   ,PA,15146-2388,Proprietary  ,31,24,55,74,62,136
04151701,BELLA CAPELLI ACADEMY -                 ,PA,15205-2388,Proprietary  ,24,23,47,78,64,142
04155100,INSTITUTE OF MEDICAL CAREERS            ,PA,15235-3718,Proprietary  ,10,44,54,35,120,155
04158000,METRO BEAUTY ACADEMY                    ,PA,18106-9693,Proprietary  ,34,72,106,95,172,267
04164900,BARONE BEAUTY ACADEMY                   ,PA,17701-5316,Proprietary  ,12,14,26,50,48,98
04167200,COMMONWEALTH MEDICAL COLLEGE (THE)      ,PA,18503-3251,Private      ,5,38,43,17,700,717
04167500,WORLD A CUTS BARBER INSTITUTE           ,PA,17401-1105,Proprietary  ,5,29,34,13,64,77
04175900,LEWISTOWN HOSPITAL SCHOOL OF NURSING    ,PA,17044-1167,Private      ,0,5,5,32,52,84
04209700,NEWCOURTLAND EDUCATION CENTER SCHOOL OF ,PA,19119-2126,Private      ,0,9,9,12,58,70
04215500,CHAMP'S BARBER SCHOOL                   ,PA,17603-3809,Proprietary  ,2,17,19,2,17,19
04224600,BARBER SCHOOL OF PITTSBURGH             ,PA,15220-5537,Proprietary  ,5,23,28,5,23,28
04226300,DIVINE CROWN ACADEMY OF COSMETOLOGY     ,PA,17104-2103,Proprietary  ,2,1,3,2,1,3
00153410,EVEREST UNIVERSITY - EVEREST COLLEGE - M,WI,53212-4006,Proprietary  ,2,33,35,64,224,288
00267813,BRYANT & STRATTON COLLEGE - MIL DOWNTOWN,WI,53203-2608,Proprietary  ,223,644,867,847,2897,3744
00383200,ALVERNO COLLEGE                         ,WI,53234-3922,Private      ,144,463,607,1566,2533,4099
00383500,BELOIT COLLEGE                          ,WI,53511-5595,Private      ,60,24,84,2057,138,2195
00383700,CARDINAL STRITCH UNIVERSITY             ,WI,53217-9884,Private      ,111,1027,1138,1274,4153,5427
00383800,CARROLL UNIVERSITY                      ,WI,53186-5593,Private      ,121,149,270,4005,952,4957
00383900,CARTHAGE COLLEGE                        ,WI,53141-0000,Private      ,228,192,420,5049,859,5908
00384000,WESTERN TECHNICAL COLLEGE               ,WI,54601-0908,Public       ,538,732,1270,2182,2332,4514
00384200,CONCORDIA UNIVERSITY WISCONSIN          ,WI,53097-2402,Private      ,302,1178,1480,3518,4622,8140
00384800,EDGEWOOD COLLEGE                        ,WI,53711-1958,Private      ,66,190,256,1914,1310,3224
00385000,SILVER LAKE COLLEGE                     ,WI,54220-9319,Private      ,24,88,112,230,341,571
00385400,LAKELAND COLLEGE                        ,WI,53082-0000,Private      ,72,540,612,1346,1942,3288
00385600,LAWRENCE UNIVERSITY                     ,WI,54912-0599,Private      ,43,30,73,2406,165,2571
00386100,MARIAN UNIVERSITY                       ,WI,54935-4699,Private      ,85,197,282,1469,1002,2471
00386300,MARQUETTE UNIVERSITY                    ,WI,53201-1881,Private      ,263,394,657,16603,4456,21059
00386600,MILWAUKEE AREA TECH COLLEGE             ,WI,53233-1443,Public       ,2035,5183,7218,7417,17550,24967
00386800,MILWAUKEE SCHOOL OF ENGINEERING         ,WI,53202-3109,Private      ,126,185,311,2858,892,3750
00386900,MOUNT MARY COLLEGE                      ,WI,53222-4597,Private      ,60,198,258,812,1340,2152
00387400,NASHOTAH HOUSE                          ,WI,53058-0000,Private      ,0,9,9,1,73,74
00387500,NORTHLAND COLLEGE                       ,WI,54806-3999,Private      ,62,32,94,860,131,991
00388400,RIPON COLLEGE                           ,WI,54971-0248,Private      ,34,13,47,1337,84,1421
00389200,ST. NORBERT COLLEGE                     ,WI,54115-2099,Private      ,79,25,104,2739,136,2875
00389500,UNIVERSITY OF WISCONSIN-MADISON         ,WI,53715-1382,Public       ,1794,1280,3074,27116,10644,37760
00389600,UNIVERSITY OF WISCONSIN-MILWAUKEE       ,WI,53201-3165,Public       ,1951,2543,4494,18787,13155,31942
00389700,UNIVERSITY OF WISCONSIN COLLEGES        ,WI,53708-8680,Public       ,275,437,712,2830,2011,4841
00389701,UNIVERSITY OF WISCONSIN-BARABOO         ,WI,53913-1098,Public       ,70,65,135,403,213,616
00389702,UNIVERSITY OF WISCONSIN-BARRON          ,WI,54868-2497,Public       ,72,70,142,392,216,608
00389703,UNIVERSITY OF WISCONSIN-FOND DU LAC     ,WI,54935-2998,Public       ,99,68,167,593,299,892
00389704,UNIVERSITY OF WISCONSIN-FOX VALLEY      ,WI,54952-1297,Public       ,198,177,375,1258,582,1840
00389705,UNIVERSITY OF WISCONSIN-MANITOWOC       ,WI,54220-6699,Public       ,48,58,106,375,169,544
00389706,UNIVERSITY OF WISCONSIN-MARATHON        ,WI,54401-5396,Public       ,143,107,250,973,420,1393
00389707,UNIVERSITY OF WISCONSIN-MARINETTE       ,WI,54143-4299,Public       ,45,55,100,308,192,500
00389708,UNIVERSITY OF WISCONSIN-MARSHFIELD      ,WI,54449-3310,Public       ,56,52,108,375,206,581
00389709,UNIVERSITY OF WISCONSIN-RICHLAND        ,WI,53581-1399,Public       ,32,23,55,352,128,480
00389710,UNIVERSITY OF WISCONSIN COLLEGES - ROCK ,WI,53546-5699,Public       ,137,121,258,840,597,1437
00389711,UNIVERSITY OF WISCONSIN-SHEBOYGAN       ,WI,53081-4789,Public       ,97,100,197,542,328,870
00389712,UNIVERSITY OF WISCONSIN-WASHINGTON      ,WI,53095-3699,Public       ,144,79,223,715,277,992
00389713,UNIVERSITY OF WISCONSIN-WAUKESHA        ,WI,53188-2799,Public       ,263,165,428,1528,656,2184
00389900,UNIVERSITY OF WISCONSIN-GREEN BAY       ,WI,54311-7001,Public       ,408,536,944,4842,2640,7482
00391100,VITERBO UNIVERSITY                      ,WI,54601-4777,Private      ,82,257,339,1892,1268,3160
00391500,UNIVERSITY OF WISCONSIN-STOUT           ,WI,54751-0790,Public       ,794,478,1272,6414,2185,8599
00391700,UNIVERSITY OF WISCONSIN-EAU CLAIRE      ,WI,54702-4004,Public       ,810,370,1180,9586,1912,11498
00391900,UNIVERSITY OF WISCONSIN-LA CROSSE       ,WI,54601-3742,Public       ,617,272,889,9203,1757,10960
00392000,UNIVERSITY OF WISCONSIN-OSHKOSH         ,WI,54901-8604,Public       ,1057,783,1840,9425,3584,13009
00392100,UNIVERSITY OF WISCONSIN-PLATTEVILLE     ,WI,53818-3099,Public       ,544,364,908,7421,1765,9186
00392300,UNIVERSITY OF WISCONSIN-RIVER FALLS     ,WI,54022-5013,Public       ,735,414,1149,5082,1396,6478
00392400,UNIVERSITY OF WISCONSIN-STEVENS POINT   ,WI,54481-3871,Public       ,669,382,1051,8404,2140,10544
00392500,UNIVERSITY OF WISCONSIN-SUPERIOR        ,WI,54880-2898,Public       ,303,432,735,1726,1417,3143
00392600,UNIVERSITY OF WISCONSIN-WHITEWATER      ,WI,53190-1792,Public       ,873,492,1365,10470,2686,13156
00400700,MADISON AREA TECHNICAL COLLEGE          ,WI,53704-2599,Public       ,1245,2274,3519,5246,8098,13344
00501500,UNIVERSITY OF WISCONSIN-PARKSIDE        ,WI,53141-2000,Public       ,645,600,1245,3929,2421,6350
00529400,WAUKESHA COUNTY TECHNICAL COLLEGE       ,WI,53072-4696,Public       ,430,974,1404,1640,3471,5111
00530100,NORTHEAST WISCONSIN TECHNICAL COLLEGE   ,WI,54307-9042,Public       ,769,1676,2445,3016,5250,8266
00530400,CHIPPEWA VALLEY TECHNICAL COLLEGE       ,WI,54701-6162,Public       ,485,718,1203,2388,3321,5709
00538000,MID-STATE TECHNICAL COLLEGE             ,WI,54494-5512,Public       ,209,491,700,929,1788,2717
00538400,NICOLET AREA TECHNICAL COLLEGE          ,WI,54501-0000,Public       ,122,243,365,565,891,1456
00538700,NORTHCENTRAL TECHNICAL COLLEGE          ,WI,54401-1899,Public       ,333,847,1180,1416,3008,4424
00538900,GATEWAY TECHNICAL COLLEGE               ,WI,53144-1690,Public       ,579,1598,2177,2617,7474,10091
00539000,BLACKHAWK TECHNICAL COLLEGE             ,WI,53547-5009,Public       ,230,657,887,977,2682,3659
00663900,BELLIN COLLEGE                          ,WI,54305-0000,Private      ,20,50,70,329,224,553
00732934,ITT TECHNICAL INSTITUTE                 ,WI,53220-4612,Proprietary  ,130,548,678,340,1659,1999
00766900,SOUTHWEST WISCONSIN TECH COLLEGE        ,WI,53809-0000,Public       ,126,200,326,782,807,1589
00778103,CHI INSTITUTE/RETS CAMPUS - KAPLAN COLLE,WI,53212-3939,Proprietary  ,19,133,152,107,538,645
00821700,PAUL MITCHELL THE SCHOOL GREEN BAY      ,WI,54324-0257,Proprietary  ,25,48,73,103,127,230
00869405,RASMUSSEN COLLEGE - WAUSAU              ,WI,54401-7804,Proprietary  ,30,164,194,124,780,904
00869414,RASMUSSEN COLLEGE - GREEN BAY           ,WI,54303-2349,Proprietary  ,33,166,199,156,826,982
00869419,RASMUSSEN COLLEGE - APPLETON            ,WI,54915-7305,Proprietary  ,25,139,164,104,584,688
00919400,LAKESHORE TECHNICAL COLLEGE             ,WI,53015-1412,Public       ,150,347,497,775,1611,2386
00925600,MORAINE PARK TECHNICAL COLLEGE          ,WI,54936-0000,Public       ,142,482,624,1093,2524,3617
00941900,STATE CLG OF BEAUTY CULT-WAUSAU         ,WI,54403-4667,Proprietary  ,11,20,31,42,62,104
00962100,HERZING UNIVERSITY                      ,WI,53718-4236,Proprietary  ,251,2264,2515,1078,9283,10361
00974400,FOX VALLEY TECHNICAL COLLEGE            ,WI,54913-0000,Public       ,647,1346,1993,3303,5416,8719
01091300,MADISON MEDIA INSTITUTE                 ,WI,53718-6787,Proprietary  ,117,148,265,627,549,1176
01148400,ADVANCED INSTITUTE OF HAIR DESIGN       ,WI,53225-0000,Proprietary  ,84,93,177,268,291,559
01182400,WISCONSIN INDIANHEAD TECH CLG WITC      ,WI,54871-9300,Public       ,221,549,770,1058,2275,3333
01260610,EMPIRE BEAUTY SCHOOL - MADISON          ,WI,53717-1111,Proprietary  ,15,21,36,73,155,228
01260611,EMPIRE BEAUTY SCHOOL - GREEN BAY        ,WI,54304-4838,Proprietary  ,13,31,44,77,177,254
02077100,MILWAUKEE INST OF ART & DESIGN          ,WI,53202-0000,Private      ,103,98,201,1104,382,1486
02078000,SACRED HEART SCHOOL OF THEOLOGY         ,WI,53130-0000,Private      ,0,1,1,0,4,4
02136600,WISCONSIN LUTHERAN COLLEGE              ,WI,53226-0000,Private      ,100,116,216,1331,364,1695
02173208,EMPIRE BEAUTY SCHOOL - MANITOWOC        ,WI,54220-5040,Proprietary  ,19,32,51,79,199,278
02173209,EMPIRE BEAUTY SCHOOL - APPLETON         ,WI,54914-4644,Proprietary  ,5,3,8,23,38,61
02239204,ANTHEM COLLEGE - BROOKFIELD             ,WI,53005-4207,Proprietary  ,22,89,111,69,295,364
02271300,WI SCH OF PROFESSIONAL PSYCHOLOGY       ,WI,53225-0000,Private      ,3,53,56,27,177,204
02317200,MARANATHA BAPTIST BIBLE COLLEGE         ,WI,53094-0000,Private      ,171,65,236,854,180,1034
02453500,MEDICAL COLLEGE OF WISCONSIN            ,WI,53226-0000,Private      ,12,75,87,108,1260,1368
02494300,GILL-TECH ACADEMY OF HAIR DESIGN        ,WI,54911-0000,Proprietary  ,12,17,29,43,63,106
02532200,LAC COURTE OREILLES OJIBWA CMTY CLG     ,WI,54843-0000,Public       ,31,183,214,64,385,449
03061200,MIDWEST COLLEGE OF ORIENTAL MEDICINE    ,WI,53403-9747,Proprietary  ,5,70,75,22,236,258
03125100,COLLEGE OF MENOMINEE NATION             ,WI,54135-0000,Private      ,36,166,202,112,455,567
03125102,COLLEGE OF  THE MENOMINEE NATION - GREEN,WI,54304-4964,Private      ,15,63,78,56,230,286
03220300,"SALON PROFESSIONAL ACADEMY, THE         ",WI,54701-7633,Proprietary  ,12,23,35,68,82,150
03309300,MONTESSORI INSTITUTE OF MILWAUKEE       ,WI,53207-0000,Private      ,2,10,12,5,41,46
03808300,INSTITUTE OF BEAUTY AND WELLNESS (THE)  ,WI,53202-5715,Proprietary  ,35,69,104,153,229,382
03822300,PAUL MITCHELL THE SCHOOL - MONROE       ,WI,53566-0000,Proprietary  ,11,6,17,32,41,73
03872500,NORTHLAND INTERNATIONAL UNIVERSITY      ,WI,54119-9285,Private      ,58,16,74,346,67,413
03925300,BLUE SKY SCHOOL OF PROFESSIONAL MASSAGE ,WI,53024-9699,Private      ,4,25,29,10,59,69
03925301,BLUE SKY SCHOOL OF PROFESSIONAL MASSAGE ,WI,54115-7407,Private      ,2,13,15,9,46,55
03925303,BLUE SKY SCHOOL OF PROFESSIONAL MASSAGE ,WI,53713-2366,Private      ,0,18,18,9,48,57
04117400,MILWAUKEE CAREER COLLEGE                ,WI,53222-4305,Proprietary  ,78,174,252,248,566,814
04118600,ACADEMY OF COSMETOLOGY                  ,WI,53548-3307,Proprietary  ,12,25,37,43,108,151
04124800,VISIONS IN HAIR DESIGN INSTITUTE OF COSM,WI,53210-1120,Proprietary  ,6,29,35,40,86,126
04132600,WISCONSIN ACADEMY (THE)                 ,WI,54157-1726,Proprietary  ,6,7,13,15,23,38
04137900,BRENSTEN EDUCATION                      ,WI,53186-0000,Proprietary  ,8,147,155,31,305,336
04138200,SALON PROFESSIONAL ACADEMY (THE)        ,WI,54914-3921,Proprietary  ,24,17,41,57,59,116
04157700,SALON PROFESSIONAL ACADEMY (THE)        ,WI,54650-8699,Proprietary  ,15,22,37,59,79,138
04159400,COLUMBIA COLLEGE OF NURSING             ,WI,53211-2952,Private      ,20,74,94,164,314,478
04165300,ACADEMY WAUKESHA (THE)                  ,WI,53072-5524,Proprietary  ,20,45,65,76,115,191
04179200,ADVANCED COLLEGE OF COSMETOLOGY         ,WI,53963-0000,Proprietary  ,8,15,23,34,32,66
04182100,FIRST CLASS COSMETOLOGY SCHOOL          ,WI,52511-0000,Proprietary  ,13,33,46,39,71,110
04183600,SALON PROFESSIONAL ACADEMY OF KENOSHA (T,WI,53142-4950,Proprietary  ,18,39,57,74,157,231
04193800,SHEPHERDS COLLEGE                       ,WI,53182-1527,Private      ,2,2,4,25,19,44
04202800,PANACHE ACADEMY OF BEAUTY               ,WI,53913-2596,Proprietary  ,8,20,28,24,50,74
00290500,NORTH CAROLINA A&T STATE UNIV           ,NC,27411-0001,Public       ,1087,1274,2361,16086,7481,23567
00290600,APPALACHIAN STATE UNIVERSITY            ,NC,28608-2059,Public       ,1194,763,1957,17976,4924,22900
00290700,UNIVERSITY OF NC AT ASHEVILLE           ,NC,28804-3299,Public       ,330,373,703,4614,2095,6709
00290800,BARTON COLLEGE                          ,NC,27893-3104,Private      ,136,161,297,1667,866,2533
00291000,BELMONT ABBEY COLLEGE                   ,NC,28012-1802,Private      ,129,249,378,1475,1228,2703
00291100,BENNETT COLLEGE                         ,NC,27401-3239,Private      ,103,112,215,1327,581,1908
00291200,BREVARD COLLEGE                         ,NC,28712-3306,Private      ,77,46,123,1285,233,1518
00291300,CAMPBELL UNIVERSITY                     ,NC,27506-0036,Private      ,464,817,1281,5960,4089,10049
00291400,CATAWBA COLLEGE                         ,NC,28144-2488,Private      ,122,120,242,1955,706,2661
00291500,CENTRAL PIEDMONT COMMUNITY COLLEGE      ,NC,28204-2297,Public       ,2605,5441,8046,10768,19279,30047
00291600,CHOWAN UNIVERSITY                       ,NC,27855-1850,Private      ,120,67,187,2149,441,2590
00291700,COLLEGE OF THE ALBEMARLE                ,NC,27909-2327,Public       ,266,486,752,1039,1661,2700
00291800,DAVIDSON COLLEGE                        ,NC,28035-7157,Private      ,85,54,139,3328,262,3590
00291900,DAVIDSON COUNTY COMMUNITY COLLEGE       ,NC,27293-0000,Public       ,291,988,1279,1888,4605,6493
00292000,DUKE UNIVERSITY                         ,NC,27708-0397,Private      ,512,240,752,19149,2260,21409
00292001,DUKE UNIV - SCHOOL OF MEDICINE          ,NC,27710-0000,Private      ,40,59,99,237,1122,1359
00292002,DUKE UNIV - SCHOOL OF LAW               ,NC,27708-0000,Private      ,11,79,90,86,2077,2163
00292003,DUKE UNIV - GRAD SCH ARTS & SCIENCE     ,NC,27708-0000,Private      ,14,81,95,151,803,954
00292004,DUKE UNIV - FUQUA SCH OF BUSINESS       ,NC,27708-0000,Private      ,9,124,133,106,1115,1221
00292005,DUKE UNIV/NICHOLAS SCH OF ENVIRON.      ,NC,27708-0000,Private      ,4,21,25,48,384,432
00292006,DUKE UNIV - DIVINITY SCHOOL             ,NC,27708-0000,Private      ,14,72,86,351,804,1155
00292007,DUKE UNIV - SCHOOL OF NURSING           ,NC,27710-0000,Private      ,35,244,279,249,1412,1661
00292010,DUKE UNIVERSITY - SCHOOL OF PUBLIC POLIC,NC,27708-0239,Private      ,1,14,15,54,263,317
00292300,EAST CAROLINA UNIVERSITY                ,NC,27858-1818,Public       ,1732,2022,3754,24078,12653,36731
00292600,ELIZABETH CITY STATE UNIVERSITY         ,NC,27909-7806,Public       ,324,340,664,3675,1596,5271
00292700,ELON UNIVERSITY                         ,NC,27244-2010,Private      ,261,165,426,7757,1349,9106
00292800,FAYETTEVILLE STATE UNIVERSITY           ,NC,28301-4298,Public       ,624,1690,2314,5529,7979,13508
00292900,GARDNER-WEBB UNIVERSITY                 ,NC,28017-0000,Private      ,193,939,1132,3260,3725,6985
00293000,GREENSBORO COLLEGE                      ,NC,27401-1875,Private      ,150,301,451,2022,1396,3418
00293100,GUILFORD COLLEGE                        ,NC,27410-4171,Private      ,235,709,944,3187,3175,6362
00293300,HIGH POINT UNIVERSITY                   ,NC,27262-4221,Private      ,212,180,392,5462,898,6360
00293400,ISOTHERMAL COMMUNITY COLLEGE            ,NC,28160-0804,Public       ,155,413,568,928,1566,2494
00293500,LAUREL UNIVERSITY                       ,NC,27265-3197,Private      ,19,78,97,62,326,388
00293600,JOHNSON C SMITH UNIVERSITY              ,NC,28216-5398,Private      ,396,475,871,3210,1957,5167
00293700,KING'S COLLEGE-CHARLOTTE                ,NC,28204-2435,Proprietary  ,141,272,413,952,933,1885
00293900,LEES MCRAE COLLEGE                      ,NC,28604-0000,Private      ,82,78,160,1295,405,1700
00294000,LENOIR COMMUNITY COLLEGE                ,NC,28502-0188,Public       ,308,798,1106,1120,2477,3597
00294100,LENOIR-RHYNE UNIVERSITY                 ,NC,28603-0000,Private      ,204,199,403,3086,1168,4254
00294200,LIVINGSTONE COLLEGE                     ,NC,28144-5298,Private      ,271,133,404,1645,591,2236
00294300,LOUISBURG COLLEGE                       ,NC,27549-2398,Private      ,232,58,290,1337,272,1609
00294400,MARS HILL COLLEGE                       ,NC,28754-0000,Private      ,127,78,205,2287,515,2802
00294500,MEREDITH COLLEGE                        ,NC,27607-5298,Private      ,129,200,329,2142,1115,3257
00294600,METHODIST UNIVERSITY                    ,NC,28311-1420,Private      ,269,575,844,2866,2217,5083
00294700,MITCHELL COMMUNITY COLLEGE              ,NC,28677-5264,Public       ,292,582,874,1337,2373,3710
00294800,MONTREAT COLLEGE                        ,NC,28757-1267,Private      ,33,214,247,554,714,1268
00294900,MOUNT OLIVE COLLEGE                     ,NC,28365-1299,Private      ,165,1018,1183,1444,3924,5368
00295000,NORTH CAROLINA CENTRAL UNIVERSITY       ,NC,27707-3198,Public       ,699,1163,1862,9565,7634,17199
00295100,NORTH CAROLINA WESLEYAN COLLEGE         ,NC,27804-8699,Private      ,151,355,506,1176,1556,2732
00295300,PEACE COLLEGE                           ,NC,27604-1194,Private      ,123,208,331,1432,874,2306
00295400,UNIV OF NORTH CAROLINA AT PEMBROKE      ,NC,28372-1510,Public       ,605,917,1522,6730,4397,11127
00295500,PFEIFFER UNIVERSITY                     ,NC,28109-0000,Private      ,84,329,413,1171,1398,2569
00295600,PIEDMONT BAPTIST COLLEGE AND GRADUATE SC,NC,27101-5025,Private      ,26,49,75,178,221,399
00295700,QUEENS UNIVERSITY OF CHARLOTTE          ,NC,28274-0001,Private      ,265,648,913,2463,2410,4873
00295800,ROCKINGHAM COMMUNITY COLLEGE            ,NC,27375-0000,Public       ,160,364,524,958,1538,2496
00296000,SALEM COLLEGE                           ,NC,27108-0000,Private      ,86,205,291,1003,981,1984
00296100,SANDHILLS COMMUNITY COLLEGE             ,NC,28374-8283,Public       ,481,1010,1491,1721,3314,5035
00296200,SHAW UNIVERSITY                         ,NC,27601-2393,Private      ,379,524,903,3425,2393,5818
00296300,SOUTHEASTERN BAPTIST THEOL SEMINARY     ,NC,27588-0000,Private      ,24,58,82,44,86,130
00296400,SOUTHEASTERN COMMUNITY COLLEGE          ,NC,28472-5422,Public       ,244,502,746,698,1369,2067
00296800,ST AUGUSTINES COLLEGE                   ,NC,27610-2298,Private      ,243,220,463,2497,1081,3578
00297000,SURRY COMMUNITY COLLEGE                 ,NC,27017-0304,Public       ,208,426,634,1329,1882,3211
00297200,NORTH CAROLINA STATE UNIV-RALEIGH       ,NC,27695-7001,Public       ,1295,1709,3004,29014,11672,40686
00297300,GASTON COLLEGE                          ,NC,28034-1499,Public       ,592,1223,1815,2309,4742,7051
00297400,UNIVERSITY OF N C-CHAPEL HILL           ,NC,27514-0000,Public       ,1004,1426,2430,27485,13286,40771
00297500,UNIVERSITY OF NC AT CHARLOTTE           ,NC,28223-0001,Public       ,1835,2554,4389,26197,14500,40697
00297600,UNIVERSITY OF N C - GREENSBORO          ,NC,27412-0001,Public       ,1125,1626,2751,17981,11197,29178
00297800,WAKE FOREST UNIV - UNDERGRADUATE        ,NC,27109-7246,Private      ,210,83,293,7622,539,8161
00297801,WAKE FOREST UNIV - SCH OF MEDICINE      ,NC,27157-1090,Private      ,19,46,65,150,1146,1296
00297803,WAKE FOREST GRAD SCHOOLS OF BUSINESS    ,NC,27109-7659,Private      ,5,129,134,64,822,886
00297805,WAKE FOREST UNIV - SCH OF LAW           ,NC,27109-7206,Private      ,6,71,77,44,1356,1400
00297806,WAKE FOREST UNIV - GRAD A&S/DIVINITY    ,NC,27109-7246,Private      ,3,134,137,46,730,776
00297900,WARREN WILSON COLLEGE                   ,NC,28815-0000,Private      ,45,89,134,1334,478,1812
00298000,WAYNE COMMUNITY COLLEGE                 ,NC,27533-0000,Public       ,348,896,1244,1526,3335,4861
00298100,WESTERN CAROLINA UNIVERSITY             ,NC,28723-9731,Public       ,552,533,1085,10380,4285,14665
00298200,WESTERN PIEDMONT COMMUNITY COLLEGE      ,NC,28655-4504,Public       ,340,586,926,1159,1909,3068
00298300,WILKES COMMUNITY COLLEGE                ,NC,28697-2100,Public       ,204,366,570,1214,1545,2759
00298400,UNIVERSITY OF N C-WILMINGTON            ,NC,28403-3297,Public       ,1152,1098,2250,16068,6079,22147
00298500,WINGATE UNIVERSITY                      ,NC,28174-0159,Private      ,208,197,405,4288,1344,5632
00298600,WINSTON-SALEM STATE UNIVERSITY          ,NC,27102-0000,Public       ,521,854,1375,7596,5596,13192
00398100,UNC SCHOOL OF THE ARTS                  ,NC,27127-2188,Public       ,114,86,200,1468,523,1991
00403300,ASHEVILLE BUNCOMBE TECH CMTY CLG        ,NC,28801-4897,Public       ,680,1615,2295,2729,5948,8677
00406200,PITT COMMUNITY COLLEGE                  ,NC,28590-0000,Public       ,874,1863,2737,4762,7558,12320
00483500,CALDWELL COMMUNITY CLG & TECH INST      ,NC,28638-2626,Public       ,331,587,918,1619,2652,4271
00483800,GUILFORD TECHNICAL COMMUNITY CLG        ,NC,27282-0309,Public       ,1205,2770,3975,6843,14680,21523
00484400,WAKE TECHNICAL COMMUNITY COLLEGE        ,NC,27603-5696,Public       ,1595,3601,5196,9471,16836,26307
00484500,WILSON COMMUNITY COLLEGE                ,NC,27893-3310,Public       ,234,733,967,724,2072,2796
00499201,MILLER-MOTTE TECHNICAL COLLEGE - MILLER-,NC,27511-9209,Proprietary  ,56,250,306,136,649,785
00499202,MILLER-MOTTE TECHNICAL COLLEGE - MILLER-,NC,27604-6072,Proprietary  ,129,483,612,407,1544,1951
00499203,MILLER-MOTTE TECHNICAL COLLEGE - FAYETTE,NC,28311-7651,Proprietary  ,126,608,734,393,2088,2481
00499205,MILLER-MOTTE TECHNICAL COLLEGE - MILLER-,NC,28540-5901,Proprietary  ,44,304,348,123,994,1117
00531600,COASTAL CAROLINA COMMUNITY COLLEGE      ,NC,28546-6816,Public       ,425,1606,2031,1574,4848,6422
00531700,FORSYTH TECHNICAL COMMUNITY COLLEGE     ,NC,27103-5197,Public       ,847,2043,2890,4343,9353,13696
00531800,CATAWBA VALLEY COMMUNITY COLLEGE        ,NC,28602-8302,Public       ,404,869,1273,2457,3765,6222
00532000,CAPE FEAR COMMUNITY COLLEGE             ,NC,28401-3910,Public       ,1194,2020,3214,4584,6591,11175
00544700,RANDOLPH COMMUNITY COLLEGE              ,NC,27204-1009,Public       ,262,530,792,1204,2416,3620
00544800,DURHAM TECHNICAL CMNTY COLLEGE          ,NC,27703-5023,Public       ,544,1563,2107,2152,6230,8382
00544900,CENTRAL CAROLINA COMMUNITY COLLEGE      ,NC,27330-9000,Public       ,423,1074,1497,1653,4027,5680
00546300,ALAMANCE COMMUNITY COLLEGE              ,NC,27253-0000,Public       ,424,917,1341,1882,3669,5551
00546400,RICHMOND COMMUNITY COLLEGE              ,NC,28345-4522,Public       ,314,681,995,867,2117,2984
00575400,ROWAN-CABARRUS COMMUNITY COLLEGE        ,NC,28146-8357,Public       ,804,1764,2568,2377,5423,7800
00647700,CABARRUS COLLEGE OF HEALTH SCIENCES     ,NC,28025-0000,Private      ,61,212,273,390,879,1269
00647800,MERCY HOSP SCH OF NURSING               ,NC,28207-0000,Public       ,39,234,273,211,963,1174
00648300,WATTS SCHOOL OF NURSING                 ,NC,27704-0000,Private      ,15,73,88,103,403,506
00679900,CRAVEN COMMUNITY COLLEGE                ,NC,28562-0000,Public       ,252,960,1212,954,3322,4276
00703100,PAMLICO COMMUNITY COLLEGE               ,NC,28529-0000,Public       ,36,151,187,84,345,429
00764000,FAYETTEVILLE TECHNICAL CMTY COLLEGE     ,NC,28303-0236,Public       ,1126,4186,5312,4064,15157,19221
00768700,JAMES SPRUNT COMMUNITY COLLEGE          ,NC,28349-0398,Public       ,123,399,522,414,1326,1740
00781400,BROOKSTONE COLLEGE OF BUSINESS          ,NC,28262-1294,Proprietary  ,41,191,232,145,597,742
00781401,BROOKSTONE COLLEGE OF BUSINESS          ,NC,27409-0000,Proprietary  ,21,141,162,92,463,555
00789200,SAMPSON COMMUNITY COLLEGE               ,NC,28328-0000,Public       ,138,276,414,519,1270,1789
00798500,SOUTH PIEDMONT COMMUNITY COLLEGE        ,NC,28135-9703,Public       ,238,512,750,907,1957,2864
00798600,HALIFAX COMMUNITY COLLEGE               ,NC,27890-0089,Public       ,171,435,606,589,1227,1816
00798700,BLADEN COMMUNITY COLLEGE                ,NC,28332-0266,Public       ,198,500,698,546,1449,1995
00798800,MARTIN COMMUNITY COLLEGE                ,NC,27892-8307,Public       ,95,253,348,334,788,1122
00808100,CARTERET COMMUNITY COLLEGE              ,NC,28557-2989,Public       ,198,503,701,645,1624,2269
00808200,CLEVELAND COMMUNITY COLLEGE             ,NC,28150-0000,Public       ,323,815,1138,1071,2498,3569
00808300,HAYWOOD COMMUNITY COLLEGE               ,NC,28721-0000,Public       ,178,422,600,639,1573,2212
00808500,MCDOWELL TECHNICAL COMMUNITY CLG        ,NC,28752-8728,Public       ,118,326,444,355,886,1241
00808700,MONTGOMERY COMMUNITY COLLEGE            ,NC,27371-0787,Public       ,69,184,253,337,672,1009
00846600,SOUTHWESTERN COMMUNITY COLLEGE          ,NC,28779-8581,Public       ,142,322,464,865,1652,2517
00855700,NASH COMMUNITY COLLEGE                  ,NC,27804-0488,Public       ,433,1052,1485,1369,3116,4485
00855800,BEAUFORT COUNTY COMMUNITY COLLEGE       ,NC,27889-7889,Public       ,185,508,693,687,1888,2575
00861200,ROBESON COMMUNITY COLLEGE               ,NC,28359-2151,Public       ,401,956,1357,1224,3108,4332
00861300,ROANOKE-CHOWAN COMMUNITY COLLEGE        ,NC,27910-9522,Public       ,96,255,351,337,786,1123
00885500,EDGECOMBE COMMUNITY COLLEGE             ,NC,27886-9399,Public       ,341,1237,1578,827,3287,4114
00902500,EMPIRE BEAUTY SCHOOL                    ,NC,28105-2508,Proprietary  ,40,85,125,179,384,563
00933600,JOHNSTON COMMUNITY COLLEGE              ,NC,27577-0000,Public       ,384,806,1190,1693,3579,5272
00943000,TRI-COUNTY COMMUNITY COLLEGE            ,NC,28906-7919,Public       ,113,321,434,391,845,1236
00964600,PIEDMONT COMMUNITY COLLEGE              ,NC,27573-1197,Public       ,207,385,592,505,1133,1638
00968400,BLUE RIDGE COMMUNITY COLLEGE            ,NC,28731-9624,Public       ,207,504,711,753,1570,2323
00974701,GORDON-CONWELL THEO SEM - CHARLOTTE     ,NC,28273-0000,Private      ,5,76,81,15,283,298
00990300,VANCE-GRANVILLE CMTY COLLEGE            ,NC,27536-0917,Public       ,439,1044,1483,1302,3004,4306
01019804,ECPI UNIVERSITY - GREENSBORO            ,NC,27409-9048,Proprietary  ,1,3,4,1,3,4
01019805,ECPI UNIVERSITY - CHARLOTTE             ,NC,28208-5886,Proprietary  ,0,2,2,0,2,2
01026400,SOUTH COLLEGE                           ,NC,28803-3152,Proprietary  ,27,209,236,130,666,796
01119400,STANLY COMMUNITY COLLEGE                ,NC,28001-7458,Public       ,279,800,1079,901,2349,3250
01119700,MAYLAND COMMUNITY COLLEGE               ,NC,28777-2777,Public       ,111,172,283,400,583,983
01179900,PAUL MITCHELL THE SCHOOL FAYETTEVILLE   ,NC,28303-5364,Proprietary  ,59,178,237,174,527,701
01192600,LEON'S BEAUTY SCHOOL                    ,NC,27403-2812,Proprietary  ,44,72,116,189,342,531
01303918,SOUTH UNIVERSITY - THE ART INSTITUTE OF ,NC,28217-4536,Proprietary  ,339,361,700,1761,1422,3183
02056500,MITCHELL'S HAIR STYLING ACADEMY         ,NC,27893-0000,Proprietary  ,7,26,33,30,80,110
02056501,MITCHELL'S HAIR STYLING ACADEMY - MITCHE,NC,27606-3326,Proprietary  ,18,90,108,98,272,370
02158414,HARRISON COLLEGE - THE CHEF'S ACADEMY - ,NC,27560-0000,Proprietary  ,23,68,91,77,231,308
02170700,BRUNSWICK COMMUNITY COLLEGE             ,NC,28422-0000,Public       ,157,259,416,645,1084,1729
02205000,COLLEGE OF WILMINGTON                   ,NC,28403-0000,Proprietary  ,50,172,222,232,558,790
02210400,FAYETTEVILLE BEAUTY COLLEGE             ,NC,28303-0000,Proprietary  ,37,127,164,112,415,527
02227800,MITCHELL'S HAIR STYLING ACADEMY         ,NC,27534-0000,Proprietary  ,3,31,34,21,81,102
02227900,MITCHELL'S HAIR STYLING ACADEMY         ,NC,27858-0000,Proprietary  ,10,30,40,50,96,146
02280900,MID-ATLANTIC CHRISTIAN UNIVERSITY       ,NC,27909-0000,Private      ,25,54,79,157,157,314
02326203,KAPLAN CAREER INSTITUTE - KAPLAN COLLEGE,NC,28212-6830,Proprietary  ,85,546,631,298,1659,1957
02558900,CHEVEUX SCHOOL OF HAIR DESIGN           ,NC,28540-0000,Proprietary  ,6,28,34,14,90,104
02560600,PINNACLE INSTITUTE OF COSMETOLOGY       ,NC,28115-8020,Proprietary  ,18,28,46,63,104,167
02614201,MILLER-MOTTE BUSINESS COLLEGE           ,NC,28403-0000,Proprietary  ,141,843,984,440,3577,4017
02614205,MILLER - MOTTE TECHNICAL COLLEGE - MILLE,NC,27834-5052,Proprietary  ,58,234,292,289,1052,1341
03009500,WINSTON-SALEM BARBER SCHOOL             ,NC,27107-0000,Proprietary  ,17,49,66,68,184,252
03064400,REGENCY BEAUTY INSTITUTE                ,NC,27127-0000,Proprietary  ,37,81,118,132,303,435
03089300,HERITAGE BIBLE COLLEGE                  ,NC,28335-0000,Private      ,7,16,23,27,63,90
03104200,CAROLINAS COLLEGE OF HEALTH SCIENCE     ,NC,28232-2861,Public       ,82,430,512,501,1587,2088
03109000,LIVING ARTS COLLEGE                     ,NC,27614-7076,Proprietary  ,78,159,237,584,718,1302
03361300,MEDICAL ARTS MASSAGE SCHOOL             ,NC,27616-6453,Proprietary  ,19,118,137,80,379,459
03513400,APEX SCHOOL OF THEOLOGY                 ,NC,27703-8024,Private      ,6,440,446,20,1037,1057
03555300,SOUTHEASTERN INSTITUTE                  ,NC,28217-0000,Proprietary  ,46,207,253,140,645,785
03555400,SOUTHEASTERN SCHOOL OF NEUROMUSCULAR  MA,NC,29406-0000,Proprietary  ,27,78,105,59,183,242
03570300,CAROLINA CHRISTIAN COLLEGE              ,NC,27105-3241,Private      ,3,46,49,29,162,191
03663300,HOOD THEOLOGICAL SEMINARY               ,NC,28144-5768,Private      ,2,68,70,3,213,216
03748500,LA SHE'S BEAUTY ACADEMY                 ,NC,27707-3569,Proprietary  ,12,81,93,30,150,180
03777300,PAUL MITCHELL THE SCHOOL GASTONIA       ,NC,28054-0460,Proprietary  ,66,137,203,180,410,590
03827300,NEW LIFE THEOLOGICAL SEMINARY           ,NC,28205-1648,Private      ,5,80,85,24,272,296
04073300,JUNG TAO SCHOOL OF CLASSICAL CHINESE MED,NC,28679-9657,Private      ,0,14,14,2,62,64
04101300,CAROLINA SCHOOL OF BROADCASTING         ,NC,28214-8085,Proprietary  ,32,110,142,142,383,525
04115700,REGINA'S COLLEGE OF BEAUTY              ,NC,28110-2831,Proprietary  ,15,78,93,36,193,229
04120300,HEALTH AND STYLE INSTITUTE              ,NC,27265-3114,Proprietary  ,22,101,123,44,217,261
04129400,CENTER FOR MASSAGE & NATURAL HEALTH     ,NC,28787-8331,Proprietary  ,5,35,40,27,111,138
04140700,AVEDA INSTITUTE CHAPEL HILL             ,NC,27516-2559,Proprietary  ,30,86,116,173,235,408
04143500,CHARLOTTE SCHOOL OF LAW                 ,NC,28208-2816,Proprietary  ,23,498,521,108,2661,2769
04146400,DAOIST TRADITIONS COLLEGE OF CHINESE MED,NC,28801-1060,Proprietary  ,1,46,47,5,122,127
04149300,PARK WEST BARBER SCHOOL                 ,NC,27701-4022,Proprietary  ,51,217,268,160,673,833
04154200,CAROLINA COLLEGE OF BIBLICAL STUDIES    ,NC,29303-5157,Private      ,9,79,88,29,280,309
04172800,BODY THERAPY INSTITUTE                  ,NC,27344-6728,Proprietary  ,2,29,31,23,102,125
04173000,SHEPHERDS THEOLOGICAL SEMINARY          ,NC,27518-9316,Private      ,0,13,13,0,41,41
04173700,GRACE COLLEGE OF DIVINITY               ,NC,28314-2343,Private      ,16,40,56,28,124,152
04178100,CAROLINA COLLEGE OF HAIR DESIGN         ,NC,28802-1232,Proprietary  ,14,29,43,52,123,175
04204700,PAUL MITCHELL THE SCHOOL RALEIGH        ,NC,27612-7358,Proprietary  ,40,96,136,131,230,361
04206500,MYCOMPUTERCAREER.COM                    ,NC,27606-3365,Proprietary  ,24,386,410,60,694,754
04214600,GRACE COLLEGE OF BARBERING              ,NC,28513-7178,Private      ,4,23,27,9,51,60
04219100,ALEXANDER PAUL INSTITUTE OF HAIR DESIGN ,NC,27858-3344,Proprietary  ,4,13,17,4,13,17
00298800,BISMARCK STATE COLLEGE                  ,ND,58501-1299,Public       ,355,402,757,1883,1390,3273
00298900,DICKINSON STATE UNIVERSITY              ,ND,58601-4896,Public       ,124,133,257,821,556,1377
00299000,JAMESTOWN COLLEGE                       ,ND,58405-3401,Private      ,136,61,197,1014,206,1220
00299100,LAKE REGION STATE COLLEGE               ,ND,58301-1598,Public       ,100,136,236,387,457,844
00299200,UNIVERSITY OF MARY                      ,ND,58504-9652,Private      ,174,309,483,1689,1498,3187
00299300,MAYVILLE STATE UNIVERSITY               ,ND,58257-1299,Public       ,119,80,199,655,321,976
00299400,MINOT STATE UNIVERSITY                  ,ND,58707-0001,Public       ,211,321,532,1542,1316,2858
00299500,DAKOTA COLLEGE AT BOTTINEAU             ,ND,58318-1159,Public       ,57,55,112,303,238,541
00299600,NORTH DAKOTA STATE CLG OF SCIENCE       ,ND,58076-0002,Public       ,297,220,517,1627,729,2356
00299700,NORTH DAKOTA STATE UNIVERSITY           ,ND,58108-6050,Public       ,1109,682,1791,10393,3173,13566
00300500,UNIVERSITY OF NORTH DAKOTA              ,ND,58202-8193,Public       ,1167,1238,2405,8652,5491,14143
00300700,WILLISTON STATE COLLEGE                 ,ND,58802-1326,Public       ,81,102,183,307,315,622
00300800,VALLEY CITY STATE UNIVERSITY            ,ND,58072-0000,Public       ,88,84,172,746,348,1094
00775600,JOSEF'S SCHOOL OF HAIR DESIGN INC       ,ND,58102-4977,Proprietary  ,19,34,53,59,78,137
00869408,RASMUSSEN COLLEGE - FARGO               ,ND,58103-7196,Proprietary  ,41,154,195,164,698,862
00869415,RASMUSSEN COLLEGE - BISMARCK            ,ND,58503-0000,Proprietary  ,16,74,90,63,337,400
00935400,MEDCENTER ONE COLLEGE OF NURSING        ,ND,58501-4494,Private      ,20,29,49,106,106,212
01040600,JOSEF'S SCHOOL OF HAIR DESIGN           ,ND,58201-6394,Proprietary  ,14,36,50,54,90,144
01205900,TRINITY BIBLE COLLEGE                   ,ND,58436-7150,Private      ,33,26,59,194,85,279
01229500,JZ TREND ACADEMY PAUL MITCHELL PARTNER S,ND,58501-0000,Proprietary  ,4,4,8,48,39,87
02188200,SITTING BULL COLLEGE                    ,ND,58538-9701,Public       ,32,103,135,86,260,346
02236500,LITTLE HOOP COMMUNITY COLLEGE           ,ND,58335-0000,Public       ,28,107,135,44,193,237
02242900,UNITED TRIBES TECHNICAL COLLEGE         ,ND,58504-0000,Private      ,90,221,311,250,689,939
02298200,HEADQUARTERS ACADEMY OF HAIR DESIGN     ,ND,58701-0000,Proprietary  ,9,20,29,37,64,101
02301100,TURTLE MTN CMNTY COLG-FIN AID OFC       ,ND,58316-0000,Private      ,70,229,299,203,474,677
02553700,FORT BERTHOLD COMMUNITY COLLEGE         ,ND,58763-0000,Public       ,33,73,106,44,131,175
03087200,MOLER BARBER CLG OF HAIRSTYLING         ,ND,58103-0000,Proprietary  ,2,5,7,3,14,17
04031300,SALON PROFESSIONAL ACADEMY (THE)        ,ND,58103-3337,Proprietary  ,20,22,42,88,60,148
04139400,HAIR ACADEMY (THE)                      ,ND,58501-4929,Proprietary  ,6,8,14,33,30,63
00301005,ANTIOCH UNIV/SEATTLE                    ,WA,98121-0000,Private      ,27,208,235,149,1406,1555
00376900,BELLEVUE COLLEGE                        ,WA,98007-6484,Public       ,668,1423,2091,5868,8201,14069
00377000,BIG BEND COMMUNITY COLLEGE              ,WA,98837-3299,Public       ,138,330,468,1196,1730,2926
00377100,"CENTRAL WASHINGTON UNIV., FIN AID       ",WA,98926-7495,Public       ,892,875,1767,12976,6328,19304
00377200,CENTRALIA COLLEGE                       ,WA,98531-4099,Public       ,178,461,639,1384,2285,3669
00377300,CLARK COLLEGE                           ,WA,98663-3598,Public       ,899,1758,2657,5693,9917,15610
00377400,COLUMBIA BASIN COLLEGE                  ,WA,99301-3379,Public       ,387,842,1229,3657,4631,8288
00377500,EASTERN WASHINGTON UNIVERSITY           ,WA,99004-2447,Public       ,645,769,1414,13403,7986,21389
00377600,EVERETT COMMUNITY COLLEGE               ,WA,98201-1352,Public       ,473,1445,1918,3851,7298,11149
00377700,HERITAGE UNIVERSITY                     ,WA,98948-9562,Private      ,34,217,251,657,1544,2201
00377800,GONZAGA UNIVERSITY                      ,WA,99258-0083,Private      ,298,696,994,8938,3924,12862
00377900,GRAYS HARBOR COLLEGE                    ,WA,98520-7599,Public       ,116,323,439,808,1607,2415
00378000,GREEN RIVER COMMUNITY COLLEGE           ,WA,98092-3622,Public       ,472,1166,1638,3683,5845,9528
00378100,HIGHLINE COMMUNITY COLLEGE              ,WA,98198-9800,Public       ,422,1131,1553,3934,6405,10339
00378200,LOWER COLUMBIA COLLEGE                  ,WA,98632-0310,Public       ,230,732,962,1420,3333,4753
00378300,NORTHWEST UNIVERSITY                    ,WA,98083-0000,Private      ,118,257,375,1614,1208,2822
00378400,OLYMPIC COLLEGE                         ,WA,98337-1600,Public       ,431,1147,1578,2373,5814,8187
00378500,PACIFIC LUTHERAN UNIVERSITY             ,WA,98447-0003,Private      ,216,299,515,5343,2597,7940
00378600,PENINSULA COLLEGE                       ,WA,98362-6660,Public       ,99,386,485,657,1965,2622
00378700,SEATTLE CENTRAL COMMUNITY COLLEGE       ,WA,98122-2413,Public       ,500,1526,2026,4013,8202,12215
00378703,SEATTLE VOCATIONAL INSTITUTE            ,WA,98144-0000,Public       ,44,223,267,229,840,1069
00378800,SEATTLE PACIFIC UNIVERSITY              ,WA,98119-1997,Private      ,218,397,615,8002,3311,11313
00379000,SEATTLE UNIVERSITY                      ,WA,98122-1090,Private      ,528,749,1277,10297,7349,17646
00379100,SHORELINE COMMUNITY COLLEGE             ,WA,98133-5696,Public       ,356,897,1253,2920,5396,8316
00379200,SKAGIT VALLEY COLLEGE                   ,WA,98273-5899,Public       ,248,605,853,1874,3451,5325
00379300,SPOKANE COMMUNITY COLLEGE               ,WA,99207-5399,Public       ,436,1602,2038,4777,10496,15273
00379400,ST MARTIN'S UNIVERSITY                  ,WA,98503-7500,Private      ,53,179,232,1617,1417,3034
00379600,TACOMA COMMUNITY COLLEGE                ,WA,98466-6100,Public       ,520,1794,2314,4822,11243,16065
00379700,UNIVERSITY OF PUGET SOUND               ,WA,98416-1039,Private      ,157,324,481,5569,2356,7925
00379800,UNIVERSITY OF WASHINGTON                ,WA,98195-5880,Public       ,1536,2764,4300,39458,31243,70701
00379900,WALLA WALLA UNIVERSITY                  ,WA,99324-1198,Private      ,182,127,309,1986,864,2850
00380000,WASHINGTON STATE UNIVERSITY             ,WA,99164-1035,Public       ,1281,1571,2852,28048,14479,42527
00380100,WENATCHEE VALLEY COLLEGE                ,WA,98801-1799,Public       ,253,544,797,1909,2653,4562
00380200,WESTERN WASHINGTON UNIVERSITY           ,WA,98225-5946,Public       ,823,557,1380,18790,5462,24252
00380300,WHITMAN COLLEGE                         ,WA,99362-2067,Private      ,50,22,72,2661,194,2855
00380400,WHITWORTH UNIVERSITY                    ,WA,99251-0001,Private      ,142,210,352,4506,1566,6072
00380500,YAKIMA VALLEY COMMUNITY COLLEGE         ,WA,98907-2520,Public       ,280,732,1012,3334,4673,8007
00499900,BELLINGHAM TECHNICAL COLLEGE            ,WA,98225-0000,Public       ,141,557,698,1190,2849,4039
00500000,PIERCE COLLEGE                          ,WA,98498-1919,Public       ,563,1647,2210,4046,8822,12868
00500100,EDMONDS COMMUNITY COLLEGE               ,WA,98036-5999,Public       ,355,900,1255,2981,5343,8324
00500600,WALLA WALLA COMMUNITY COLLEGE           ,WA,99362-9267,Public       ,187,470,657,1978,2763,4741
00530600,BATES TECHNICAL COLLEGE                 ,WA,98405-0000,Public       ,220,999,1219,1323,4476,5799
00537200,SOUTH PUGET SOUND COMMUNITY COLLEGE     ,WA,98512-6292,Public       ,299,941,1240,2457,5467,7924
00537300,LAKE WASHINGTON TECHNICAL COLLEGE       ,WA,98034-8505,Public       ,165,530,695,989,2891,3880
00575200,CLOVER PARK TECHNICAL COLLEGE           ,WA,98499-0000,Public       ,266,1172,1438,1684,6224,7908
00815500,EVERGREEN STATE COLLEGE (THE)           ,WA,98505-0002,Public       ,229,581,810,3949,4648,8597
00907901,EVEREST COLLEGE                         ,WA,98684-6950,Proprietary  ,48,174,222,253,760,1013
00938700,PERRY TECHNICAL INSTITUTE               ,WA,98903-1239,Private      ,128,228,356,804,1185,1989
00954400,SPOKANE FALLS COMMUNITY COLLEGE         ,WA,99224-5204,Public       ,473,1168,1641,5047,7478,12525
00970400,NORTH SEATTLE COMMUNITY COLLEGE         ,WA,98103-3599,Public       ,272,1078,1350,2298,5962,8260
00970600,SOUTH SEATTLE COMMUNITY COLLEGE         ,WA,98106-1499,Public       ,309,945,1254,2754,5234,7988
00973900,GLEN DOW ACAD OF HAIR DESIGN            ,WA,99201-0209,Proprietary  ,12,73,85,140,312,452
01036400,WHATCOM COMMUNITY COLLEGE               ,WA,98226-8003,Public       ,292,529,821,2432,3443,5875
01043400,RENTON TECHNICAL COLLEGE                ,WA,98056-0000,Public       ,187,733,920,1202,3381,4583
01148100,DIVERS INSTITUTE OF TECHNOLOGY          ,WA,98107-0000,Proprietary  ,42,139,181,175,542,717
01231500,CORNISH COLLEGE OF THE ARTS             ,WA,98121-4604,Private      ,72,77,149,1794,585,2379
01249600,TONI & GUY HAIRDRESSING ACADEMY         ,WA,98133-5615,Proprietary  ,8,26,34,50,90,140
01302200,CITY UNIVERSITY OF SEATTLE              ,WA,98005-0000,Private      ,40,505,545,299,2168,2467
01309400,BELLINGHAM BEAUTY SCHOOL                ,WA,98225-0000,Proprietary  ,10,34,44,54,124,178
02105300,EVERGREEN BEAUTY AND BARBER COLLEGE     ,WA,98007-3722,Proprietary  ,23,71,94,95,222,317
02106700,TRINITY LUTHERAN COLLEGE                ,WA,98201-3569,Private      ,22,32,54,275,147,422
02180000,NORTHWEST INDIAN COLLEGE                ,WA,98226-9278,Public       ,60,281,341,200,846,1046
02184200,PAROBA COLLEGE OF COSMETOLOGY           ,WA,98208-0000,Proprietary  ,9,77,86,46,206,252
02202200,STYLEMASTERS COLLEGE OF HAIR DESIGN     ,WA,98632-0000,Proprietary  ,11,52,63,47,162,209
02203300,GENE JUAREZ ACADEMY OF BEAUTY           ,WA,98125-0000,Proprietary  ,66,137,203,426,641,1067
02222900,INTERNATIONAL AIR & HOSPITALITY ACADEMY ,WA,98661-4835,Proprietary  ,98,216,314,358,635,993
02236800,PROFESSIONAL BEAUTY SCHOOL              ,WA,98902-0000,Proprietary  ,1,17,18,64,112,176
02242500,BASTYR UNIVERSITY                       ,WA,98028-0000,Private      ,21,183,204,243,1724,1967
02291300,ART INSTITUTE OF SEATTLE                ,WA,98121-1622,Proprietary  ,318,446,764,2439,2345,4784
02300100,EVEREST COLLEGE                         ,WA,98367-1835,Proprietary  ,42,167,209,137,549,686
02300103,EVEREST COLLEGE - EVERETT               ,WA,98208-2610,Proprietary  ,71,254,325,285,902,1187
02300104,EVEREST COLLEGE - TACOMA                ,WA,98402-3004,Proprietary  ,116,503,619,558,1942,2500
02326500,INTERFACE COLLEGE                       ,WA,99201-4326,Proprietary  ,9,69,78,69,301,370
02331400,NORTHWEST HAIR ACADEMY                  ,WA,98273-0000,Proprietary  ,16,34,50,55,103,158
02331402,NORTHWEST HAIR ACADEMY - EVERETT        ,WA,98204-0000,Proprietary  ,11,33,44,50,135,185
02504900,ACADEMY OF HAIR DESIGN (THE)            ,WA,98801-0000,Proprietary  ,11,35,46,72,138,210
02541900,BJ'S BEAUTY AND BARBER COLLEGE          ,WA,98409-0000,Proprietary  ,19,99,118,84,358,442
02602100,NORTHWEST COLLEGE OF ART                ,WA,98370-8625,Proprietary  ,20,18,38,191,90,281
02606200,EVEREST COLLEGE                         ,WA,98055-2990,Proprietary  ,64,208,272,286,784,1070
02617500,EVEREST COLLEGE                         ,WA,98133-9018,Proprietary  ,154,428,582,614,1602,2216
03031406,INTERNATIONAL ACADEMY OF DESIGN & TECH  ,WA,98188-3319,Proprietary  ,64,155,219,289,599,888
03065000,CLARE'S BEAUTY COLLEGE                  ,WA,99301-0000,Proprietary  ,18,38,56,77,140,217
03071800,ITT TECHNICAL INSTITUTE                 ,WA,99216-1589,Proprietary  ,103,446,549,458,1786,2244
03071805,ITT TECHNICAL INSTITUTE - SEATTLE       ,WA,98168-3346,Proprietary  ,114,586,700,598,2099,2697
03099000,CORTIVA INSTITUTE - SEATTLE             ,WA,98109-5474,Proprietary  ,37,112,149,148,424,572
03110800,BAKKE GRADUATE UNIVERSITY               ,WA,98104-1222,Private      ,4,14,18,12,78,90
03139500,MONTESSORI SCHOOLS OF WASHINGTON        ,WA,98203-6600,Private      ,1,10,11,2,34,36
03280300,SEATTLE INST OF ORIENTAL MEDICINE       ,WA,98115-0000,Proprietary  ,5,39,44,53,199,252
03283300,NORTHWEST HVAC/R ASSOCIATION & TRAINING ,WA,99202-0000,Private      ,6,31,37,46,129,175
03466400,SEATTLE SCHOOL OF THEOLOGY AND PSYCHOLOG,WA,98121-1177,Private      ,12,91,103,101,518,619
03483500,CASCADIA COMMUNITY COLLEGE              ,WA,98011-9510,Public       ,225,310,535,1525,1656,3181
03490400,EMIL FRIES PIANO HOSPITAL & TRAININ     ,WA,98661-4323,Private      ,1,8,9,7,32,39
03689400,FAITH EVANGELICAL COLLEGE & SEMINARY    ,WA,98407-2607,Private      ,4,103,107,37,369,406
03724300,DIGIPEN INSTITUTE OF TECHNOLOGY         ,WA,98052-5170,Proprietary  ,88,83,171,1144,542,1686
03917300,EVERGREEN BEAUTY AND BARBER COLLEGE     ,WA,98208-3759,Proprietary  ,46,110,156,126,357,483
03932500,TOTAL COSMETOLOGY TRAINING CENTER       ,WA,99217-6231,Proprietary  ,8,84,92,77,297,374
03953300,YAKIMA BEAUTY SCHOOL                    ,WA,98901-2202,Proprietary  ,6,22,28,56,110,166
04120000,SUNNYSIDE BEAUTY ACADEMY                ,WA,98944-8711,Proprietary  ,3,7,10,20,36,56
04127200,VICTORIA'S ACADEMY OF COSMETOLOGY       ,WA,99336-3826,Proprietary  ,12,38,50,80,196,276
04130500,PACIFIC NORTHWEST UNIV OF HEALTH SCIENCE,WA,98901-1471,Private      ,4,44,48,70,591,661
04130800,CASCADE BEAUTY COLLEGE                  ,WA,98002-5504,Proprietary  ,7,35,42,36,120,156
04132800,INLAND MASSAGE INSTITUTE                ,WA,99218-5016,Proprietary  ,4,41,45,48,197,245
04149400,GARY MANUEL AVEDA INSTITUTE             ,WA,98122-3807,Proprietary  ,35,92,127,197,421,618
04149600,GP INSTITUTE OF COSMETOLOGY             ,WA,98118-2353,Proprietary  ,5,7,12,35,91,126
04155000,NORTHWEST SCHOOL OF WOODEN BOAT BUILDING,WA,98339-8706,Private      ,3,30,33,9,86,95
04161200,BAINBRIDGE GRADUATE INSTITUTE           ,WA,98110-2870,Private      ,1,49,50,4,161,165
04170100,SALON PROFESSIONAL ACADEMY (THE)        ,WA,98409-7360,Proprietary  ,25,80,105,139,346,485
04172900,ACADEMY OF COSMETOLOGY                  ,WA,99354-2651,Proprietary  ,7,29,36,63,142,205
04188900,NORTHWEST INSTITUTE OF LITERARY ARTS    ,WA,98249-0000,Private      ,0,5,5,9,42,51
04191900,PAUL MITCHELL THE SCHOOL SPOKANE        ,WA,99037-5041,Proprietary  ,38,82,120,219,348,567
04223600,ACADEMY OF INTERACTIVE ENTERTAINMENT    ,WA,98109-4623,Private      ,16,32,48,16,32,48
00340100,BROWN UNIVERSITY                        ,RI,02912-9127,Private      ,213,81,294,18161,937,19098
00340101,BROWN UNIVERSITY - GRADUATE SCHOOL      ,RI,02912-1827,Private      ,3,80,83,48,1375,1423
00340102,BROWN MEDICAL SCHOOL                    ,RI,02912-0000,Private      ,11,14,25,57,536,593
00340200,BRYANT UNIVERSITY                       ,RI,02917-1284,Private      ,130,74,204,5352,552,5904
00340400,JOHNSON & WALES UNIVERSITY              ,RI,02903-3703,Private      ,853,715,1568,20259,4964,25223
00340600,PROVIDENCE COLLEGE                      ,RI,02918-0001,Private      ,98,162,260,8319,1050,9369
00340700,RHODE ISLAND COLLEGE                    ,RI,02908-1991,Public       ,279,587,866,8494,4802,13296
00340800,COMMUNITY COLLEGE OF RI - WARWICK       ,RI,02906-0000,Public       ,1480,2374,3854,9752,11694,21446
00340900,RHODE ISLAND SCHOOL OF DESIGN           ,RI,02903-2784,Private      ,99,101,200,2926,1208,4134
00341000,ROGER WILLIAMS UNIVERSITY               ,RI,02809-2921,Private      ,84,157,241,8552,1612,10164
00341100,SALVE REGINA UNIVERSITY                 ,RI,02840-4192,Private      ,69,98,167,4675,552,5227
00341400,UNIVERSITY OF RHODE ISLAND              ,RI,02881-0000,Public       ,894,673,1567,23876,4592,28468
00659100,ST. JOSEPH HOSP SCH OF NURSING          ,RI,02904-5199,Private      ,12,36,48,105,324,429
00784500,NEW ENGLAND INSTITUTE OF TECHNOLOGY     ,RI,02886-0000,Private      ,304,539,843,2486,2889,5375
00817811,EMPIRE BEAUTY SCHOOL - PROVIDENCE       ,RI,02903-3042,Proprietary  ,8,19,27,80,160,240
01164702,SBI CAMPUS - AN AFFILIATE OF SANFORD-BRO,RI,02920-7807,Proprietary  ,2,12,14,26,129,155
01260608,EMPIRE BEAUTY SCHOOL - WARWICK          ,RI,02886-1534,Proprietary  ,8,11,19,77,97,174
02531802,PAUL MITCHELL THE SCHOOL-CRANSTON       ,RI,02920-0000,Proprietary  ,37,43,80,61,67,128
02584400,NEW ENGLAND TRACTOR TRAILER TRAINING SCH,RI,02860-1752,Proprietary  ,50,345,395,93,629,722
03080000,NEWPORT SCHOOL OF HAIRDRESSING          ,RI,02860-4038,Proprietary  ,6,18,24,14,63,77
03232300,LINCOLN TECHNICAL INSTITUTE             ,RI,02865-4211,Proprietary  ,70,162,232,412,759,1171
03732300,INTERNATIONAL YACHT RESTORATION SCH     ,RI,02840-6720,Private      ,8,14,22,31,54,85
04141200,TONI & GUY HAIRDRESSING ACADEMY         ,RI,02920-0000,Proprietary  ,33,22,55,109,85,194
00341700,ALLEN UNIVERSITY                        ,SC,29204-1085,Private      ,160,135,295,1138,643,1781
00341800,ANDERSON UNIVERSITY                     ,SC,29621-4035,Private      ,200,313,513,3216,1425,4641
00341900,CHARLESTON SOUTHERN UNIVERSITY          ,SC,29406-2160,Private      ,377,641,1018,4849,2701,7550
00342000,BENEDICT COLLEGE                        ,SC,29204-1086,Private      ,571,407,978,3798,1722,5520
00342100,BOB JONES UNIVERSITY                    ,SC,29614-1000,Proprietary  ,334,129,463,2734,463,3197
00342200,SOUTHERN WESLEYAN UNIVERSITY            ,SC,29630-1020,Private      ,66,315,381,910,1641,2551
00342300,THE CITADEL                             ,SC,29409-0002,Public       ,279,345,624,3413,1406,4819
00342400,CLAFLIN UNIVERSITY                      ,SC,29115-4498,Private      ,285,267,552,2875,1151,4026
00342500,CLEMSON UNIVERSITY                      ,SC,29634-0001,Public       ,1434,826,2260,21034,4280,25314
00342600,UNIV OF SC AT SUMTER                    ,SC,29150-2498,Public       ,199,254,453,976,836,1812
00342700,COKER COLLEGE                           ,SC,29550-3797,Private      ,121,193,314,1247,967,2214
00342800,COLLEGE OF CHARLESTON                   ,SC,29424-0100,Public       ,1083,769,1852,12707,3534,16241
00342900,COLUMBIA INTERNATIONAL UNIVERSITY       ,SC,29203-1599,Private      ,62,188,250,723,834,1557
00343000,COLUMBIA COLLEGE                        ,SC,29203-5998,Private      ,146,399,545,1297,1758,3055
00343100,CONVERSE COLLEGE                        ,SC,29302-1931,Private      ,70,166,236,1197,775,1972
00343200,ERSKINE COLLEGE                         ,SC,29639-0000,Private      ,62,9,71,734,63,797
00343201,ERSKINE THEOLOGICAL SEMINARY            ,SC,29639-0000,Private      ,1,25,26,6,103,109
00343400,FURMAN UNIVERSITY                       ,SC,29613-5253,Private      ,186,150,336,4355,593,4948
00343500,LANDER UNIVERSITY                       ,SC,29649-2099,Public       ,331,187,518,4235,988,5223
00343600,LIMESTONE COLLEGE                       ,SC,29340-3799,Private      ,253,652,905,1966,3128,5094
00343700,LUTHERAN THEOLOGICAL SOUTHERN SEM       ,SC,29203-5898,Private      ,1,33,34,8,139,147
00343800,MEDICAL UNIV OF SOUTH CAROLINA - FA     ,SC,29425-1760,Public       ,67,344,411,496,3578,4074
00343900,MORRIS COLLEGE                          ,SC,29150-3599,Private      ,209,162,371,1411,641,2052
00344000,NEWBERRY COLLEGE                        ,SC,29108-2197,Private      ,90,93,183,1720,398,2118
00344100,NORTH GREENVILLE COLLEGE                ,SC,29688-1892,Private      ,174,91,265,2741,503,3244
00344500,PRESBYTERIAN COLLEGE                    ,SC,29325-2503,Private      ,86,35,121,1790,460,2250
00344600,SOUTH CAROLINA STATE UNIVERSITY         ,SC,29117-4427,Public       ,536,548,1084,5079,2659,7738
00344700,SPARTANBURG METHODIST COLLEGE           ,SC,29301-5899,Private      ,169,79,248,1590,335,1925
00344800,UNIVERSITY OF SOUTH CAROLINA            ,SC,29208-3999,Public       ,2506,2055,4561,30022,12486,42508
00344900,UNIVERSITY OF SOUTH CAROLINA AIKEN      ,SC,29801-6399,Public       ,393,379,772,3572,1754,5326
00345000,UNIV OF SC AT BEAUFORT                  ,SC,29902-0000,Public       ,288,268,556,2177,1242,3419
00345100,COASTAL CAROLINA UNIVERSITY             ,SC,29528-0000,Public       ,1241,692,1933,14228,3332,17560
00345300,UNIV OF SC AT LANCASTER                 ,SC,29721-0889,Public       ,245,230,475,1215,835,2050
00345400,UNIV OF SC SYSTEM SALKEHATCHIE          ,SC,29810-0617,Public       ,190,237,427,721,746,1467
00345500,VOORHEES COLLEGE                        ,SC,29042-0000,Private      ,106,93,199,823,378,1201
00345600,WINTHROP UNIVERSITY                     ,SC,29733-0001,Public       ,562,438,1000,6851,2423,9274
00345700,WOFFORD COLLEGE                         ,SC,29303-3663,Private      ,111,57,168,2754,258,3012
00399000,FLORENCE-DARLINGTON TECH COLLEGE        ,SC,29501-0548,Public       ,999,2111,3110,3316,6179,9495
00399100,GREENVILLE TECHNICAL COLLEGE            ,SC,29607-2439,Public       ,2009,3230,5239,8273,11870,20143
00399200,PIEDMONT TECHNICAL COLLEGE              ,SC,29648-1467,Public       ,730,1666,2396,2719,5582,8301
00399300,MIDLANDS TECHNICAL COLLEGE              ,SC,29202-0000,Public       ,1731,2825,4556,7572,11424,18996
00399400,SPARTANBURG COMMUNITY COLLEGE           ,SC,29305-4386,Public       ,807,1370,2177,3520,5252,8772
00399500,CENTRAL CAROLINA TECHNICAL COLLEGE      ,SC,29150-2499,Public       ,716,1637,2353,1882,4405,6287
00399600,YORK TECHNICAL COLLEGE                  ,SC,29730-3395,Public       ,851,1396,2247,3135,5113,8248
00492000,TRIDENT TECHNICAL COLLEGE               ,SC,29423-8067,Public       ,2616,5173,7789,7336,15366,22702
00492300,CLINTON JR COLLEGE                      ,SC,29730-5152,Private      ,69,72,141,208,208,416
00492400,FORREST JUNIOR COLLEGE                  ,SC,29624-2405,Proprietary  ,17,81,98,52,329,381
00492500,HORRY-GEORGETOWN TECH COLLEGE           ,SC,29526-9521,Public       ,1083,1948,3031,4088,7176,11264
00492600,TRI-COUNTY TECHNICAL COLLEGE            ,SC,29670-9133,Public       ,910,1149,2059,4386,4081,8467
00492700,UNIV OF SC AT UNION                     ,SC,29379-0729,Public       ,71,117,188,297,365,662
00499204,MILLER-MOTTE TECHNICAL COLLEGE - CONWAY ,SC,29526-9508,Proprietary  ,106,347,453,440,1385,1825
00536300,DENMARK TECHNICAL COLLEGE               ,SC,29042-0000,Public       ,369,954,1323,821,2191,3012
00681500,ORANGEBURG-CALHOUN TECHNICAL COLG       ,SC,29118-8299,Public       ,541,859,1400,1856,2742,4598
00695100,UNIVERSITY OF SOUTH CAROLINA UPSTATE    ,SC,29303-9972,Public       ,772,773,1545,6681,3611,10292
00760200,NORTHEASTERN TECHNICAL COLLEGE          ,SC,29520-7015,Public       ,216,362,578,691,1122,1813
00922600,FRANCIS MARION UNIVERSITY               ,SC,29501-0000,Public       ,566,487,1053,4981,2151,7132
00932200,WILLIAMSBURG TECHNICAL COLLEGE          ,SC,29556-4197,Public       ,110,280,390,307,718,1025
00991000,TECHNICAL COLLEGE OF THE LOWCOUNTRY     ,SC,29902-5441,Public       ,347,789,1136,1146,2975,4121
00991100,UNIV OF SC-REGIONAL CAMPUSES ADMIN      ,SC,29208-0001,Public       ,27,80,107,251,321,572
01005600,AIKEN TECHNICAL COLLEGE                 ,SC,29802-0696,Public       ,502,930,1432,1848,3354,5202
01019806,ECPI UNIVERSITY - GREENVILLE            ,SC,29615-4232,Proprietary  ,0,1,1,0,1,1
01179901,PAUL MITCHELL THE SCHOOL COLUMBIA       ,SC,29201-3126,Proprietary  ,41,80,121,71,160,231
01179902,PAUL MITCHELL THE SCHOOL CHARLESTON     ,SC,29418-6993,Proprietary  ,42,84,126,78,179,257
01209200,KENNETH SHULER SCHOOL OF COSMETOLOGY    ,SC,29732-2169,Proprietary  ,52,99,151,171,409,580
01303907,SOUTH UNIVERSITY                        ,SC,29203-6400,Proprietary  ,138,806,944,513,2718,3231
02063700,SHERMAN CLG STRAIGHT CHIROPRACTIC       ,SC,29316-0000,Private      ,1,55,56,16,373,389
02338600,CHARZANNE BEAUTY COLLEGE                ,SC,29649-0000,Proprietary  ,11,36,47,26,88,114
02341100,KENNETH SHULER SCHOOL OF COSMETOLOGY & N,SC,29210-0000,Proprietary  ,60,181,241,237,639,876
02356600,CHARLESTON COSMETOLOGY INSTITUTE        ,SC,29420-0000,Proprietary  ,17,59,76,59,174,233
02359802,ITT TECHNICAL INSTITUTE -               ,SC,29615-4506,Proprietary  ,0,0,0,0,1,1
02552400,ACADEMY OF HAIR TECHNOLOGY              ,SC,29615-2363,Proprietary  ,10,65,75,54,198,252
02567600,SUMTER BEAUTY COLLEGE                   ,SC,29150-0000,Proprietary  ,11,35,46,36,116,152
02614202,MILLER - MOTTE TECHNICAL COLLEGE - NORTH,SC,29406-9239,Proprietary  ,129,453,582,372,1319,1691
03010614,VIRGINIA COLLEGE - GOLF ACADEMY OF AMERI,SC,29579-0000,Proprietary  ,21,58,79,117,201,318
03010617,VIRGINIA COLLEGE - GREENVILLE           ,SC,29607-7200,Proprietary  ,46,240,286,179,840,1019
03010620,VIRGINIA COLLEGE - CHARLESTON           ,SC,29406-4999,Proprietary  ,47,217,264,185,756,941
03010621,VIRGINIA COLLEGE - COLUMBIA             ,SC,29223-7527,Proprietary  ,49,229,278,193,867,1060
03052300,KENNETH SHULER SCH COSM & HAIR DESG     ,SC,29841-2013,Proprietary  ,38,79,117,124,322,446
03088300,ACADEMY OF COSMETOLOGY                  ,SC,29418-5667,Proprietary  ,0,0,0,8,15,23
03293300,STRAND COLLEGE OF HAIR DESIGN           ,SC,29572-4310,Proprietary  ,17,36,53,41,115,156
03304300,CENTURA COLLEGE                         ,SC,29406-9235,Proprietary  ,18,139,157,107,665,772
03513300,LACY COSMETOLOGY SCHOOL                 ,SC,29803-9084,Proprietary  ,12,30,42,26,66,92
03513301,LACY COSMETOLOGY SCHOOL -               ,SC,29072-0000,Proprietary  ,9,19,28,20,52,72
03513302,LACY COSMETOLOGY SCHOOL -               ,SC,29445-0000,Proprietary  ,5,19,24,11,44,55
03513303,LACY COSMETOLOGY SCHOOL - WEST ASHLEY   ,SC,29407-4605,Proprietary  ,5,26,31,5,26,31
03709301,EDWARD VIA VIRGINIA COLLEGE OF OSTEOPATH,SC,29303-3639,Private      ,5,38,43,20,590,610
03746300,LEGRAND INSTITUTE OF COSMETOLOGY        ,SC,29020-0000,Proprietary  ,8,21,29,18,60,78
03746400,SOUTHEASTERN INSTITUTE                  ,SC,29210-0000,Proprietary  ,24,160,184,73,383,456
03768400,STYLETRENDS BARBER AND HAIRSTYLING ACADE,SC,29730-4511,Proprietary  ,4,25,29,19,93,112
03856400,W. L. BONNER COLLEGE                    ,SC,29203-0000,Private      ,2,35,37,11,94,105
04083300,MARION COUNTY TECHNICAL EDUCATION CENTER,SC,29571-0000,Public       ,5,33,38,29,159,188
04096300,CHARLESTON SCHOOL OF LAW                ,SC,29402-0535,Proprietary  ,15,167,182,54,1063,1117
04158100,AIKEN SCHOOL OF COSMETOLOGY             ,SC,29801-4026,Proprietary  ,12,25,37,38,90,128
04166900,COSMETIC ARTS INSTITUTE                 ,SC,29488-2753,Proprietary  ,8,20,28,21,45,66
04172600,SALON 496 BARBER ACADEMY                ,SC,29607-2548,Proprietary  ,3,47,50,18,135,153
04192600,PALMETTO BEAUTY SCHOOL                  ,SC,29307-1424,Proprietary  ,12,43,55,40,146,186
04202900,JOLEI'S HAIR INSTITUTE                  ,SC,29114-9337,Proprietary  ,5,24,29,9,74,83
00345800,AUGUSTANA COLLEGE                       ,SD,57197-0001,Private      ,145,63,208,1697,250,1947
00345900,BLACK HILLS STATE UNIVERSITY            ,SD,57799-9670,Public       ,414,423,837,2393,1712,4105
00346100,DAKOTA WESLEYAN UNIVERSITY              ,SD,57301-4398,Private      ,65,58,123,805,269,1074
00346300,DAKOTA STATE UNIVERSITY                 ,SD,57042-1799,Public       ,213,217,430,1346,920,2266
00346500,MOUNT MARTY COLLEGE                     ,SD,57078-3724,Private      ,50,109,159,527,438,965
00346600,NORTHERN STATE UNIVERSITY               ,SD,57401-7198,Public       ,106,155,261,1652,782,2434
00346700,PRESENTATION COLLEGE                    ,SD,57401-1299,Private      ,81,108,189,628,495,1123
00346900,UNIVERSITY OF SIOUX FALLS               ,SD,57105-1699,Private      ,116,166,282,1380,668,2048
00347000,SOUTH DAKOTA SCH OF MINES & TECH        ,SD,57701-3995,Public       ,249,201,450,2048,694,2742
00347100,SOUTH DAKOTA STATE UNIVERSITY           ,SD,57007-2298,Public       ,1108,714,1822,8557,3140,11697
00347400,UNIVERSITY OF SOUTH DAKOTA              ,SD,57069-2390,Public       ,636,821,1457,5537,4353,9890
00405600,SIOUX FALLS SEMINARY                    ,SD,57105-2729,Private      ,1,44,45,4,92,96
00405700,NATIONAL AMERICAN UNIVERSITY            ,SD,57701-3692,Proprietary  ,288,4183,4471,809,12718,13527
00405707,NATIONAL AMERICAN UNIVERSITY            ,SD,57105-0000,Proprietary  ,20,140,160,76,810,886
00492900,MCKENNAN HOSP-RADOLOGICAL TECH          ,SD,57101-0000,Private      ,4,11,15,23,37,60
00530900,LAKE AREA TECHNICAL INSTITUTE           ,SD,57201-0730,Public       ,207,149,356,1140,576,1716
00598700,AVERA SACRED HEART HOSPITAL SCHOOL OF RA,SD,57078-3899,Private      ,1,1,2,8,10,18
00776400,SOUTHEAST TECHNICAL INST                ,SD,57107-0000,Public       ,330,499,829,1404,1677,3081
00828400,MITCHELL TECHNICAL INSTITUTE            ,SD,57301-9931,Public       ,142,126,268,789,441,1230
01013800,STEWART SCHOOL                          ,SD,57104-0000,Proprietary  ,20,29,49,110,97,207
01014804,COLORADO TECHNICAL UNIVERSITY           ,SD,57108-2272,Proprietary  ,14,73,87,78,438,516
01017000,WESTERN DAKOTA TECHNICAL INSTITUTE      ,SD,57701-4018,Public       ,155,344,499,490,1009,1499
01147701,SIOUX VALLEY HOSP-MEDICAL TECH          ,SD,57117-5039,Private      ,1,6,7,20,30,50
01465900,OGLALA LAKOTA COLLEGE                   ,SD,57752-0490,Public       ,182,636,818,332,1255,1587
02137100,BLACK HILLS BEAUTY COLLEGE              ,SD,57701-0000,Proprietary  ,24,40,64,99,129,228
02143700,SINTE GLESKA UNIVERSITY                 ,SD,57570-0000,Public       ,72,320,392,117,496,613
02144600,KILIAN COMMUNITY COLLEGE                ,SD,57103-7020,Private      ,35,95,130,97,350,447
02277300,SISSETON WAHPETON COLLEGE               ,SD,57262-0000,Public       ,33,115,148,53,169,222
02297800,HEADLINES ACADEMY                       ,SD,57701-0000,Proprietary  ,11,29,40,45,122,167
00347700,AQUINAS COLLEGE                         ,TN,37205-2086,Private      ,46,165,211,357,837,1194
00347800,AUSTIN PEAY STATE UNIVERSITY            ,TN,37044-0002,Public       ,927,1843,2770,8658,8072,16730
00347900,BELMONT UNIVERSITY                      ,TN,37212-3757,Private      ,516,687,1203,8162,3856,12018
00348000,BETHEL UNIVERSITY                       ,TN,38201-1705,Private      ,203,1337,1540,2353,7016,9369
00348100,CARSON-NEWMAN COLLEGE                   ,TN,37760-2204,Private      ,266,162,428,3689,806,4495
00348200,CHRISTIAN BROTHERS UNIVERSITY           ,TN,38104-5581,Private      ,173,462,635,2426,2122,4548
00348300,COLUMBIA STATE COMMUNITY COLLEGE        ,TN,38401-5653,Public       ,555,835,1390,3304,3355,6659
00348500,CUMBERLAND UNIVERSITY                   ,TN,37087-3554,Private      ,104,234,338,1643,1083,2726
00348600,LIPSCOMB UNIVERSITY                     ,TN,37204-3951,Private      ,325,613,938,4170,2674,6844
00348700,EAST TENNESSEE STATE UNIV - MAIN CAMPUS ,TN,37614-2857,Public       ,1198,1533,2731,12465,8659,21124
00348701,EAST TENNESSEE STATE UNIV - MEDICINE    ,TN,37614-1708,Public       ,49,98,147,395,660,1055
00348709,EAST TENNESSEE STATE UNIV - PHARMACY    ,TN,37614-1704,Public       ,15,67,82,156,516,672
00349000,FISK UNIVERSITY                         ,TN,37208-3045,Private      ,116,182,298,1718,778,2496
00349200,FREED-HARDEMAN UNIVERSITY               ,TN,38340-2399,Private      ,96,193,289,1821,796,2617
00349400,HIWASSEE COLLEGE                        ,TN,37354-4001,Private      ,46,41,87,374,167,541
00349500,JOHNSON UNIVERSITY                      ,TN,37998-9775,Private      ,101,142,243,1034,582,1616
00349600,KING COLLEGE                            ,TN,37620-2699,Private      ,176,537,713,1533,2480,4013
00349900,LANE COLLEGE                            ,TN,38301-4598,Private      ,300,202,502,2137,1032,3169
00350000,LEE UNIVERSITY                          ,TN,37320-0000,Private      ,376,416,792,4345,1906,6251
00350100,LEMOYNE-OWEN COLLEGE                    ,TN,38126-6510,Private      ,256,595,851,1855,2643,4498
00350200,LINCOLN MEMORIAL UNIVERSITY             ,TN,37752-7920,Private      ,134,565,699,1928,3723,5651
00350400,MARTIN METHODIST COLLEGE                ,TN,38478-2799,Private      ,86,86,172,1134,454,1588
00350500,MARYVILLE COLLEGE                       ,TN,37804-5907,Private      ,74,55,129,2239,365,2604
00350600,MEHARRY MEDICAL COLLEGE                 ,TN,37208-0000,Private      ,12,116,128,114,1378,1492
00350700,MEMPHIS COLLEGE OF ART                  ,TN,38104-2764,Private      ,118,125,243,840,475,1315
00350900,UNIVERSITY OF MEMPHIS (THE)             ,TN,38152-4611,Public       ,2172,3498,5670,18602,18166,36768
00351000,MIDDLE TENNESSEE STATE UNIV             ,TN,37130-0000,Public       ,2694,2771,5465,24244,13760,38004
00351100,MILLIGAN COLLEGE                        ,TN,37682-4001,Private      ,102,146,248,1301,730,2031
00351700,SOUTHERN COLLEGE OF OPTOMETRY           ,TN,38104-2222,Private      ,11,34,45,78,701,779
00351800,SOUTHERN ADVENTIST UNIVERSITY           ,TN,37315-0370,Private      ,270,200,470,2887,1025,3912
00351900,RHODES COLLEGE                          ,TN,38112-1690,Private      ,239,174,413,3404,736,4140
00352200,TENNESSEE STATE UNIVERSITY              ,TN,37209-1561,Public       ,1085,2051,3136,11370,9852,21222
00352300,TENNESSEE TECHNOLOGICAL UNIV            ,TN,38505-0001,Public       ,1009,737,1746,11438,3877,15315
00352400,TENNESSEE TEMPLE UNIVERSITY             ,TN,37404-3587,Private      ,107,305,412,554,815,1369
00352500,TENNESSEE WESLEYAN COLLEGE              ,TN,37371-0040,Private      ,92,83,175,1191,671,1862
00352600,TREVECCA NAZARENE UNIVERSITY            ,TN,37210-2877,Private      ,156,466,622,1685,1949,3634
00352700,TUSCULUM COLLEGE                        ,TN,37743-0001,Private      ,139,275,414,2417,1886,4303
00352800,UNION UNIVERSITY                        ,TN,38305-3697,Private      ,214,610,824,3006,3165,6171
00352900,UNIVERSITY OF TENNESSEE-CHATTANOOGA     ,TN,37403-2598,Public       ,1122,1079,2201,16030,5728,21758
00353000,UNIVERSITY OF TENNESSEE-KNOXVILLE       ,TN,37996-0150,Public       ,2042,1809,3851,28844,10730,39574
00353006,UNIVERSITY OF TENNESSEE-HEALTH SCI CTR  ,TN,38103-0000,Public       ,86,518,604,682,3944,4626
00353100,UNIVERSITY OF TENNESSEE-MARTIN          ,TN,38238-0002,Public       ,742,688,1430,8178,3732,11910
00353400,UNIVERSITY OF THE SOUTH                 ,TN,37383-1000,Private      ,69,19,88,2499,140,2639
00353500,VANDERBILT UNIVERSITY                   ,TN,37240-0001,Private      ,604,698,1302,19984,7307,27291
00353501,VANDERBILT UNIV MED CTR ALLIEDHEAL      ,TN,37232-5510,Private      ,40,93,133,225,733,958
00353502,VANDERBILT UNIVERSITY - SCHOOL OF MEDICI,TN,37232-0000,Private      ,0,0,0,47,27,74
00353600,BRYAN COLLEGE                           ,TN,37321-7000,Private      ,92,183,275,1286,879,2165
00399800,CHATTANOOGA STATE COMMUNITY COLLEGE     ,TN,37406-1097,Public       ,1225,2430,3655,6113,9577,15690
00399900,CLEVELAND STATE COMMUNITY COLLEGE       ,TN,37312-2858,Public       ,313,689,1002,2225,2639,4864
00402500,TN TECHNOLOGY CTR AT KNOXVILLE          ,TN,37919-2327,Public       ,133,429,562,746,1848,2594
00402600,TENNESSEE TECH. CNTR AT CROSSVILLE      ,TN,38555-4142,Public       ,66,123,189,577,647,1224
00461700,NATIONAL COLLEGE OF BUSINESS & TECH     ,TN,37211-6605,Proprietary  ,65,422,487,288,1928,2216
00493400,DAYMAR INSTITUTE                        ,TN,37217-1056,Proprietary  ,37,147,184,141,623,764
00493401,DAYMAR INSTITUTE - CLARKSVILLE          ,TN,37040-6718,Proprietary  ,59,232,291,197,911,1108
00493404,DAYMAR INSTITUTE - MURFREESBORO         ,TN,37128-5508,Proprietary  ,20,111,131,140,541,681
00493700,JACKSON STATE COMMUNITY COLLEGE         ,TN,38301-3797,Public       ,384,880,1264,3209,4063,7272
00493800,SOUTH COLLEGE                           ,TN,37909-3323,Proprietary  ,90,533,623,541,2183,2724
00494700,WEST TENNESSEE BUSINESS COLLEGE         ,TN,38301-3256,Proprietary  ,20,121,141,145,598,743
00528000,TN TECHNOLOGY CTR AT COVINGTON          ,TN,38019-0249,Public       ,39,83,122,167,377,544
00528100,TN TECHNOLOGY CTR AT ELIZABETHTON       ,TN,37643-0789,Public       ,78,238,316,364,929,1293
00528200,TN TECHNOLOGY CTR AT HARTSVILLE         ,TN,37074-0000,Public       ,23,73,96,239,356,595
00528300,TN TECHNOLOGY CTR AT NEWBERN            ,TN,38059-1198,Public       ,23,105,128,143,475,618
00530700,TN TECHNOLOGY CTR AT MCMINNVILLE        ,TN,37110-1322,Public       ,36,105,141,211,406,617
00535100,TENNESSEE TECHNOLOGY CENTER AT MORRISTOW,TN,37813-2094,Public       ,78,215,293,523,1042,1565
00535200,TN TECHNOLOGY CENTER AT MCKENZIE        ,TN,38201-1620,Public       ,16,69,85,135,326,461
00535300,TN TECHNOLOGY CENTER AT LIVINGSTON      ,TN,38570-1291,Public       ,37,79,116,266,413,679
00535400,TN TECHNOLOGY CTR AT JACKSON            ,TN,38301-0000,Public       ,68,254,322,502,1196,1698
00535600,TENNESSEE TECHNOLOGY CENTER AT HOHENWALD,TN,38462-0000,Public       ,36,93,129,245,420,665
00535700,TENNESSEE TECHNOLOGY CENTER AT CRUMP    ,TN,38327-3402,Public       ,24,90,114,185,394,579
00535800,TN TECHNOLOGY CENTER AT ATHENS          ,TN,37371-0848,Public       ,41,77,118,262,426,688
00535900,TENNESSEE TECHNOLOGY CENTER AT NASHVILLE,TN,37209-0000,Public       ,166,520,686,790,2056,2846
00536000,TENNESSEE TECHNOLOGY CENTER AT MEMPHIS  ,TN,38105-3604,Public       ,244,698,942,1279,2897,4176
00537800,NORTHEAST STATE COMMUNITY COLLEGE       ,TN,37617-0246,Public       ,515,1123,1638,3538,4712,8250
00537900,TN TECHNOLOGY CTR AT SHELBYVILLE        ,TN,37160-3697,Public       ,64,159,223,353,676,1029
00683500,DYERSBURG STATE COMMUNITY COLLEGE       ,TN,38024-0000,Public       ,264,607,871,1810,2819,4629
00683600,MOTLOW STATE COMMUNITY COLLEGE          ,TN,37388-7972,Public       ,651,843,1494,3419,3308,6727
00732941,ITT TECHNICAL INSTITUTE                 ,TN,37932-3343,Proprietary  ,282,1032,1314,982,3428,4410
00732958,ITT TECHNICAL INSTITUTE                 ,TN,37214-3717,Proprietary  ,194,807,1001,678,2482,3160
00743900,FOUNTAINHEAD COLLEGE OF TECHNOLOGY      ,TN,37918-0000,Proprietary  ,44,144,188,207,583,790
00778200,TENNESSEE TECHNOLOGY CENTER AT DICKSON  ,TN,37055-0000,Public       ,65,179,244,377,878,1255
00778300,MIDDLE TENNESSEE SCH OF ANESTHESIA      ,TN,37116-0000,Private      ,1,16,17,17,176,193
00793803,NASHVILLE AUTO DIESEL COLLEGE - NASHVILL,TN,37206-3210,Proprietary  ,395,202,597,2301,882,3183
00814500,NASHVILLE STATE TECH CMNTY COLLEGE      ,TN,37209-0000,Public       ,1016,2397,3413,5142,10219,15361
00865500,GENESIS CAREER COLLEGE OF COOKEVILLE    ,TN,38501-1959,Proprietary  ,69,177,246,175,486,661
00885900,JOHN A GUPTON COLLEGE                   ,TN,37203-2934,Private      ,13,54,67,88,214,302
00886300,WALTERS STATE COMMUNITY COLLEGE         ,TN,37813-6899,Public       ,411,861,1272,4650,4412,9062
00946400,TN TECHNOLOGY CTR AT PULASKI            ,TN,38478-4541,Public       ,39,79,118,163,325,488
00956700,TENNESSEE SCHOOL OF BEAUTY              ,TN,37921-3303,Proprietary  ,47,124,171,210,447,657
00971000,TENNESSEE TECHNOLOGY CENTER AT ONEIDA/HU,TN,37756-4149,Public       ,32,63,95,98,193,291
00991200,VOLUNTEER STATE COMMUNITY COLLEGE       ,TN,37066-3188,Public       ,840,1317,2157,4494,5116,9610
00991400,ROANE STATE COMMUNITY COLLEGE           ,TN,37748-8664,Public       ,494,1091,1585,4163,4829,8992
00998200,VICTORY UNIVERSITY                      ,TN,38111-4745,Proprietary  ,159,754,913,849,3110,3959
01032600,TN TECHNOLOGY CTR AT HARRIMAN           ,TN,37748-1109,Public       ,52,108,160,190,332,522
01043900,SOUTHWEST TENNESSEE COMMUNITY COLLG     ,TN,38104-3322,Public       ,1702,3685,5387,9206,14983,24189
01044700,"PLAZA BEAUTY SCHOOL, INC.               ",TN,38117-4822,Proprietary  ,25,98,123,164,347,511
01046000,AMERICAN BAPTIST THEOLOGICAL SEMINA     ,TN,37207-4994,Private      ,11,80,91,51,249,300
01052900,MEMPHIS THEOLOGICAL SEMINARY            ,TN,38104-0000,Private      ,1,132,133,22,364,386
01070000,TN TECHNOLOGY CENTER AT JACKSBORO       ,TN,37757-2461,Public       ,27,59,86,152,280,432
01155300,WM R MOORE COLLEGE OF TECHNOLOGY        ,TN,38104-0000,Private      ,37,131,168,151,437,588
01216400,TENNESSEE TECHNICAL CNTR AT RIPLEY      ,TN,38063-7359,Public       ,16,79,95,73,298,371
01254700,EMMANUEL SCHOOL OF RELIGION             ,TN,37601-0000,Private      ,0,20,20,6,64,70
01269300,PELLISSIPPI STATE COMMUNITY COLLEGE     ,TN,37933-0990,Public       ,1145,1888,3033,7062,6921,13983
02069303,VATTEROTT COLLEGE -                     ,TN,38016-5877,Proprietary  ,59,166,225,176,534,710
02092800,TENNESSEE TECHNOLOGY CENTER AT WHITEVILL,TN,38075-0000,Public       ,26,72,98,116,320,436
02103500,TENNESSEE COLLEGE OF APPLIED TECHNOLOGY ,TN,37129-3311,Public       ,92,266,358,400,887,1287
02106400,O'MORE COLLEGE OF DESIGN                ,TN,37064-0000,Private      ,25,29,54,195,106,301
02125300,NASHVILLE CLG OF MEDICAL CAREERS        ,TN,37115-0000,Proprietary  ,21,73,94,55,204,259
02153100,JON NAVE UNIVERSITY OF COSMETOLOGY      ,TN,37013-3347,Proprietary  ,67,77,144,230,277,507
02157100,CONCORDE CAREER COLLEGE                 ,TN,38137-0000,Proprietary  ,212,756,968,842,2888,3730
02160307,INTERNATIONAL ACADEMY OF DESIGN & TECH  ,TN,37212-0000,Proprietary  ,23,65,88,169,310,479
02188300,PENTECOSTAL THEOLOGICAL SEMINARY        ,TN,37320-0000,Private      ,3,81,84,5,247,252
02204200,"CHATTANOOGA COLLEGE - MEDICAL, DENTAL AN",TN,37411-0000,Proprietary  ,53,241,294,267,893,1160
02237900,TN TECHNOLOGY CENTER AT PARIS           ,TN,38242-0000,Public       ,23,111,134,159,509,668
02255000,KNOXVILLE INSTITUTE OF HAIR DESIGN      ,TN,37917-0000,Proprietary  ,19,59,78,88,259,347
02257400,ARNOLD'S BEAUTY SCHOOL                  ,TN,38358-0000,Proprietary  ,9,19,28,48,79,127
02263104,ANTHEM COLLEGE - ANTHEM CAREER COLLEGE -,TN,37214-2531,Proprietary  ,54,184,238,200,620,820
02275500,REUBEN-ALLEN COLLEGE                    ,TN,37922-0000,Proprietary  ,39,81,120,137,281,418
02278700,MR WAYNES SCH OF UNISEX HAIR DESIGN     ,TN,38501-0000,Proprietary  ,13,25,38,33,65,98
02293900,VOLUNTEER BEAUTY ACADEMY-NASHVILLE      ,TN,37115-2112,Proprietary  ,7,21,28,24,62,86
02294000,VOLUNTEER BEAUTY ACADEMY-DYERSBURG      ,TN,38024-1622,Proprietary  ,7,41,48,29,105,134
02326200,KAPLAN CAREER INSTITUTE                 ,TN,37212-5318,Proprietary  ,48,265,313,209,996,1205
02326300,MEDVANCE INSTITUTE                      ,TN,38501-4305,Proprietary  ,49,112,161,142,332,474
02335900,VOLUNTEER BEAUTY ACADEMY-NASHVILLE      ,TN,37209-3033,Proprietary  ,17,33,50,68,130,198
02539800,QUEEN CITY COLLEGE                      ,TN,37042-0000,Proprietary  ,17,94,111,71,323,394
02540000,TENNESSEE ACADEMY OF COSMETOLOGY        ,TN,38133-0000,Proprietary  ,51,121,172,200,392,592
02578200,NOSSI COLLEGE OF ART                    ,TN,37115-5138,Proprietary  ,59,62,121,376,322,698
02595000,FAYETTEVILLE BEAUTY SCHOOL              ,TN,37334-2909,Proprietary  ,8,27,35,22,60,82
02599710,VATTEROTT COLLEGE - MEMPHIS             ,TN,38132-1714,Proprietary  ,120,403,523,501,1759,2260
02609204,VATTEROTT COLLEGE - VATTEROTT CAREER COL,TN,38133-4727,Proprietary  ,68,245,313,349,1008,1357
02614200,MILLER MOTTE BUSINESS COLLEGE           ,TN,37040-6023,Proprietary  ,60,233,293,244,957,1201
02614203,MILLER - MOTTE TECHNICAL COLLEGE - CHATT,TN,37421-7220,Proprietary  ,59,238,297,283,947,1230
02614204,MILLER - MOTTE TECHNICAL COLLEGE - MADIS,TN,37072-1870,Proprietary  ,53,176,229,172,595,767
03001800,FREE WILL BAPTIST BIBLE COLLEGE         ,TN,37205-2498,Private      ,55,60,115,251,161,412
03008800,FRANKLIN ACADEMY                        ,TN,37312-3939,Private      ,8,42,50,31,116,147
03010606,VIRGINIA COLLEGE - SCH OF BUSNSS & HLTH ,TN,37411-5600,Proprietary  ,44,254,298,210,918,1128
03024900,TENNESSEE ACADEMY OF COSMETOLOGY        ,TN,38125-3442,Proprietary  ,42,116,158,192,373,565
03026517,REMINGTON COLLEGE - MEMPHIS             ,TN,38132-2107,Private      ,75,278,353,627,1723,2350
03061100,GENESIS CAREER COLLEGE OF LEBANON       ,TN,37087-2718,Proprietary  ,30,87,117,79,265,344
03076405,BRYMAN SCHOOL OF ARIZONA (THE) - ANTHEM ,TN,38134-7345,Proprietary  ,83,296,379,181,735,916
03079100,NORTH CENTRAL INSTITUTE                 ,TN,37042-3116,Proprietary  ,16,72,88,44,214,258
03088800,"WATKINS COLLEGE OF ART, DESIGN & FILM   ",TN,37228-1306,Private      ,74,78,152,595,331,926
03126900,STYLES & PROFILES BEAUTY COLLEGE        ,TN,38375-2109,Proprietary  ,11,17,28,22,38,60
03355400,RICHMONT GRADUATE UNIVERSITY            ,TN,37404-0000,Private      ,2,76,78,9,272,281
03440300,BAPTIST MEMORIAL COLLEGE OF HEALTH      ,TN,38104-3104,Private      ,140,388,528,1282,2672,3954
03480303,MEDVANCE INSTITUTE - NASHVILLE          ,TN,37203-1536,Proprietary  ,32,183,215,95,554,649
03513500,WILLIAMSON CHRISTIAN COLLEGE            ,TN,37067-8237,Private      ,10,13,23,22,71,93
03647300,NEW CONCEPTS SCHOOL OF COSMETOLOGY      ,TN,37311-7373,Proprietary  ,10,38,48,23,84,107
03683300,INTERNATIONAL BARBER & STYLE COLLEGE    ,TN,37209-2205,Proprietary  ,11,76,87,46,180,226
03701300,MEMPHIS INSTITUTE OF BARBERING          ,TN,38107-4334,Proprietary  ,51,145,196,206,453,659
03774400,SHEAR ACADEMY                           ,TN,38555-4177,Proprietary  ,4,26,30,17,79,96
03830300,SAE INSTITUTE OF TECHNOLOGY             ,TN,37203-4310,Proprietary  ,37,63,100,125,194,319
03840300,OXFORD GRADUATE SCHOOL                  ,TN,37321-6736,Private      ,1,6,7,4,33,37
03841300,CAREER BEAUTY COLLEGE                   ,TN,38464-3634,Proprietary  ,7,18,25,16,49,65
03920300,INSTITUTE OF HAIR DESIGN                ,TN,38310-1801,Proprietary  ,2,12,14,21,56,77
03930300,BUCHANAN BEAUTY COLLEGE                 ,TN,37160-2741,Proprietary  ,13,31,44,37,84,121
03982300,VISIBLE SCHOOL - MUSIC AND WORSHIPS ARTS,TN,38104-5814,Private      ,21,29,50,156,117,273
04035300,TENNESSEE CAREER INSTITUTE              ,TN,38401-6335,Proprietary  ,18,56,74,84,225,309
04124100,ELITE COLLEGE OF COSMETOLOGY            ,TN,38351-1431,Proprietary  ,3,20,23,27,57,84
04157200,LOVE BEAUTY SCHOOL                      ,TN,37355-2950,Proprietary  ,6,32,38,23,69,92
04165000,MERIDIAN INSTITUTE OF SURGICAL ASSISTING,TN,37080-0758,Proprietary  ,1,139,140,8,322,330
04174600,NASHVILLE BARBER AND STYLE ACADEMY      ,TN,37208-2826,Proprietary  ,12,63,75,65,162,227
04210200,MID-SOUTH CHRISTIAN COLLEGE             ,TN,38118-3151,Private      ,18,55,73,37,130,167
04213800,SALON PROFESSIONAL ACADEMY (THE)        ,TN,37214-2163,Proprietary  ,17,33,50,91,111,202
00353700,ABILENE CHRISTIAN UNIVERSITY            ,TX,79699-3701,Private      ,437,345,782,6184,1606,7790
00353900,ALVIN COMMUNITY COLLEGE                 ,TX,77511-4807,Public       ,412,789,1201,1658,2869,4527
00354000,AMARILLO COLLEGE                        ,TX,79109-2446,Public       ,832,1769,2601,3546,6053,9599
00354100,ANGELO STATE UNIVERSITY                 ,TX,76909-5069,Public       ,622,598,1220,6431,3089,9520
00354300,AUSTIN COLLEGE                          ,TX,75090-4440,Private      ,75,63,138,2248,279,2527
00354400,AUSTIN PRESBYTERIAN THEOLOGICAL SEM     ,TX,78705-5797,Private      ,0,18,18,5,157,162
00354500,BAYLOR UNIVERSITY                       ,TX,76798-7048,Private      ,1099,637,1736,24897,5121,30018
00354600,COASTAL BEND COLLEGE                    ,TX,78102-2197,Public       ,422,519,941,1515,1791,3306
00354900,BLINN COLLEGE                           ,TX,77833-4098,Public       ,2011,1329,3340,14315,5775,20090
00355300,CISCO JUNIOR COLLEGE                    ,TX,76437-9803,Public       ,578,773,1351,2010,2439,4449
00355400,CLARENDON COLLEGE                       ,TX,79226-0000,Public       ,187,220,407,578,508,1086
00355600,COMMONWEALTH INST OF FUNERAL SVC        ,TX,77090-5918,Private      ,30,123,153,93,475,568
00355700,CONCORDIA UNIVERSITY TEXAS              ,TX,78726-4141,Private      ,201,771,972,1784,2560,4344
00355800,NORTH CENTRAL TEXAS COLLEGE             ,TX,76240-4699,Public       ,1026,1500,2526,3886,5303,9189
00356000,DALLAS BAPTIST UNIVERSITY               ,TX,75211-9299,Private      ,552,1303,1855,3666,4341,8007
00356100,CEDAR VALLEY COLLEGE                    ,TX,75134-0000,Public       ,648,1707,2355,2341,4933,7274
00356200,DALLAS THEOLOGICAL SEM                  ,TX,75204-0000,Private      ,12,223,235,47,844,891
00356300,DEL MAR COLLEGE                         ,TX,78404-3897,Public       ,1110,2031,3141,5164,7473,12637
00356400,EAST TEXAS BAPTIST UNIVERSITY           ,TX,75670-1423,Private      ,91,100,191,1691,466,2157
00356500,TEXAS A&M UNIVERSITY - COMMERCE         ,TX,75429-3011,Public       ,757,1977,2734,6405,7956,14361
00356800,FRANK PHILLIPS COLLEGE                  ,TX,79008-0000,Public       ,106,200,306,381,490,871
00357000,GRAYSON COUNTY COLLEGE                  ,TX,75020-8299,Public       ,535,1194,1729,1799,3669,5468
00357100,HARDIN-SIMMONS UNIVERSITY               ,TX,79698-6050,Private      ,190,191,381,2296,1016,3312
00357200,TRINITY VALLEY COMMUNITY COLLEGE        ,TX,75751-2734,Public       ,561,1154,1715,2567,4386,6953
00357300,HILL COLLEGE                            ,TX,76645-2711,Public       ,244,555,799,1025,1534,2559
00357301,HILL COLLEGE                            ,TX,76031-0000,Public       ,285,598,883,1034,1964,2998
00357400,HOWARD COLLEGE                          ,TX,79720-0213,Public       ,305,551,856,1442,2052,3494
00357500,HOWARD PAYNE UNIVERSITY                 ,TX,76801-2715,Private      ,167,77,244,1543,382,1925
00357600,HOUSTON BAPTIST UNIVERSITY              ,TX,77074-3298,Private      ,428,749,1177,5713,3616,9329
00357700,HUSTON - TILLOTSON UNIVERSITY           ,TX,78702-2795,Private      ,199,244,443,1398,1037,2435
00357800,UNIVERSITY OF THE INCARNATE WORD        ,TX,78209-6398,Private      ,644,1331,1975,7427,7064,14491
00357900,JACKSONVILLE COLLEGE                    ,TX,75766-4759,Private      ,90,82,172,306,249,555
00358000,KILGORE COLLEGE                         ,TX,75662-3299,Public       ,638,1164,1802,3208,4436,7644
00358100,LAMAR UNIVERSITY-BEAUMONT               ,TX,77710-0042,Public       ,1154,3009,4163,8572,10583,19155
00358200,LAREDO COMMUNITY COLLEGE                ,TX,78040-4395,Public       ,1218,1062,2280,6034,3611,9645
00358300,LEE COLLEGE                             ,TX,77520-4796,Public       ,466,1026,1492,1853,3736,5589
00358400,LETOURNEAU UNIVERSITY                   ,TX,75607-0000,Private      ,156,581,737,1686,2378,4064
00358600,LUBBOCK CHRISTIAN UNIVERSITY            ,TX,79407-2099,Private      ,269,301,570,1626,1475,3101
00358800,UNIVERSITY OF MARY HARDIN-BAYLOR        ,TX,76513-2599,Private      ,248,354,602,4912,1806,6718
00359000,MCLENNAN COMMUNITY COLLEGE              ,TX,76708-1498,Public       ,846,1962,2808,4554,7141,11695
00359100,MCMURRY UNIVERSITY                      ,TX,79697-0001,Private      ,199,196,395,1686,735,2421
00359200,MIDWESTERN STATE UNIVERSITY             ,TX,76308-2099,Public       ,555,712,1267,4983,3071,8054
00359300,NAVARRO COLLEGE                         ,TX,75110-4818,Public       ,1169,2110,3279,4839,6254,11093
00359400,UNIVERSITY OF NORTH TEXAS               ,TX,76203-5017,Public       ,3424,4301,7725,33765,20983,54748
00359500,OBLATE SCHOOL OF THEOLOGY               ,TX,78216-0000,Private      ,2,16,18,7,72,79
00359600,ODESSA COLLEGE                          ,TX,79764-7127,Public       ,413,760,1173,1568,2478,4046
00359800,OUR LADY OF THE LAKE UNIVERSITY         ,TX,78207-4689,Private      ,240,877,1117,3199,3799,6998
00359900,UNIVERSITY OF TEXAS - PAN AMERICAN      ,TX,78541-2999,Public       ,1359,2006,3365,19565,10566,30131
00360000,PANOLA COLLEGE                          ,TX,75633-2397,Public       ,303,616,919,1103,1947,3050
00360100,PARIS JR COLLEGE                        ,TX,75460-6298,Public       ,586,1053,1639,2077,3098,5175
00360200,PAUL QUINN COLLEGE                      ,TX,75241-4398,Private      ,80,199,279,441,708,1149
00360300,RANGER COLLEGE                          ,TX,76470-3298,Public       ,198,240,438,745,777,1522
00360305,RANGER COLLEGE-STEPHENVILE BEAUTY COLLEG,TX,76401-5136,Public       ,17,26,43,75,89,164
00360400,RICE UNIVERSITY                         ,TX,77251-1892,Private      ,480,649,1129,10897,3174,14071
00360600,SAM HOUSTON STATE UNIVERSITY            ,TX,77340-0000,Public       ,2377,2091,4468,21526,10075,31601
00360700,ALAMO CMTY CLG DISTRICT PROGRAM         ,TX,78207-0000,Public       ,356,855,1211,2349,3766,6115
00360800,ST PHILLIPS COLLEGE                     ,TX,78203-2098,Public       ,928,2451,3379,5615,10392,16007
00360900,SAN JACINTO CLG-CENTRAL-NORTH-SOUTH     ,TX,77501-0000,Public       ,2648,4679,7327,10817,15582,26399
00361000,SCHREINER UNIVERSITY                    ,TX,78028-5697,Private      ,103,95,198,1564,472,2036
00361100,SOUTH PLAINS COLLEGE                    ,TX,79336-6504,Public       ,1057,1399,2456,4815,4986,9801
00361200,UNIV OF HOUSTON-DOWNTOWN                ,TX,77002-1001,Public       ,1820,4206,6026,13059,18347,31406
00361300,SOUTHERN METHODIST UNIVERSITY           ,TX,75275-0181,Private      ,470,1065,1535,9032,5439,14471
00361400,SOUTHWEST TEXAS JR COLLEGE              ,TX,78801-6221,Public       ,600,698,1298,2678,2326,5004
00361500,TEXAS STATE UNIVERSITY--SAN MARCOS      ,TX,78666-4602,Public       ,2903,2156,5059,37665,15347,53012
00361600,SOUTHWESTERN ASSEMBLIES OF GOD UNIV     ,TX,75165-2397,Private      ,311,398,709,1665,1185,2850
00361800,SOUTHWESTERN CHRISTIAN COLLEGE          ,TX,75160-3400,Private      ,82,50,132,227,157,384
00361900,SOUTHWESTERN ADVENTIST UNIVERSITY       ,TX,76059-1922,Private      ,100,108,208,771,437,1208
00362000,SOUTHWESTERN UNIVERSITY                 ,TX,78626-6111,Private      ,84,59,143,2751,340,3091
00362100,ST EDWARDS UNIVERSITY                   ,TX,78704-0000,Private      ,236,380,616,5843,2831,8674
00362300,ST MARY'S UNIV OF SAN ANTONIO           ,TX,78228-8500,Private      ,251,491,742,5328,3459,8787
00362400,STEPHEN F AUSTIN STATE UNIVERSITY       ,TX,75962-0001,Public       ,1620,1235,2855,16068,5398,21466
00362500,SUL ROSS STATE UNIVERSITY               ,TX,79832-0113,Public       ,281,598,879,1735,1793,3528
00362600,TARRANT COUNTY COLLEGE                  ,TX,76102-6599,Public       ,4769,9420,14189,19863,32264,52127
00362700,TEMPLE COLLEGE                          ,TX,76504-7435,Public       ,553,1602,2155,2339,5669,8008
00362800,TEXARKANA COLLEGE                       ,TX,75599-0001,Public       ,374,1063,1437,1501,3296,4797
00363000,PRAIRIE VIEW A&M UNIVERSITY             ,TX,77446-2967,Public       ,1095,1331,2426,11491,6163,17654
00363100,TARLETON STATE UNIVERSITY               ,TX,76402-0000,Public       ,1114,1759,2873,9665,7813,17478
00363200,TEXAS A&M UNIVERSITY                    ,TX,77843-1246,Public       ,3344,1720,5064,47534,11614,59148
00363208,TEXAS A&M UNIVERSITY - HEALTH SCIENCE CE,TX,77807-3260,Public       ,104,222,326,1730,2590,4320
00363400,TEXAS STATE TECHNICAL CLG AT WACO       ,TX,76705-1695,Public       ,650,1195,1845,2969,3725,6694
00363500,TEXAS CHIROPRACTIC COLLEGE              ,TX,77505-1699,Private      ,2,63,65,18,312,330
00363600,TEXAS CHRISTIAN UNIVERSITY              ,TX,76129-0001,Private      ,744,808,1552,14033,4473,18506
00363700,JARVIS CHRISTIAN COLLEGE                ,TX,75765-1470,Private      ,181,90,271,640,249,889
00363800,TEXAS COLLEGE                           ,TX,75702-4500,Private      ,275,362,637,1146,1123,2269
00363900,TEXAS A&M UNIVERSITY-KINGSVILLE         ,TX,78363-8203,Public       ,684,1213,1897,10495,7533,18028
00364100,TEXAS LUTHERAN UNIVERSITY               ,TX,78155-5999,Private      ,151,64,215,2117,323,2440
00364200,TEXAS SOUTHERN UNIVERSITY               ,TX,77004-4598,Public       ,1553,3264,4817,11105,13547,24652
00364400,TEXAS TECH UNIVERSITY                   ,TX,79409-2011,Public       ,3163,2382,5545,28713,11931,40644
00364500,TEXAS WESLEYAN UNIVERSITY               ,TX,76105-1536,Private      ,270,699,969,1944,4236,6180
00364600,TEXAS WOMAN'S UNIVERSITY                ,TX,76204-5587,Public       ,814,2141,2955,9877,13600,23477
00364700,TRINITY UNIVERSITY                      ,TX,78212-7200,Private      ,186,182,368,3770,1021,4791
00364800,TYLER JUNIOR COLLEGE                    ,TX,75701-3436,Public       ,1475,1840,3315,8290,7249,15539
00365100,UNIVERSITY OF DALLAS                    ,TX,75062-4799,Private      ,170,400,570,2464,1788,4252
00365200,UNIVERSITY OF HOUSTON                   ,TX,77204-2010,Public       ,3592,5258,8850,35632,28968,64600
00365400,UNIVERSITY OF ST THOMAS                 ,TX,77006-4626,Private      ,191,659,850,1855,2857,4712
00365600,UNIVERSITY OF TEXAS-ARLINGTON           ,TX,76019-0000,Public       ,2226,5666,7892,25202,29494,54696
00365800,UNIVERSITY OF TEXAS-AUSTIN              ,TX,78713-7758,Public       ,2473,2379,4852,49243,21278,70521
00365900,UT HEALTH CENTER-SAN ANTONIO            ,TX,78229-3900,Public       ,169,464,633,1563,4407,5970
00366100,UNIVERSITY OF TEXAS-EL PASO             ,TX,79968-0629,Public       ,1853,3073,4926,17927,14180,32107
00366200,VICTORIA COLLEGE                        ,TX,77901-4494,Public       ,424,750,1174,1765,2786,4551
00366300,WAYLAND BAPTIST UNIVERSITY              ,TX,79072-6998,Private      ,282,1341,1623,1505,4151,5656
00366400,WEATHERFORD COLLEGE                     ,TX,76086-5699,Public       ,505,911,1416,2595,3625,6220
00366500,WEST TEXAS A&M UNIVERSITY               ,TX,79016-0000,Public       ,780,917,1697,6373,4046,10419
00366800,WHARTON COUNTY JR COLLEGE               ,TX,77488-3298,Public       ,808,949,1757,3446,3409,6855
00366900,WILEY COLLEGE                           ,TX,75670-5199,Private      ,258,280,538,1302,840,2142
00400300,CENTRAL TEXAS COLLEGE                   ,TX,76540-4199,Public       ,846,5878,6724,3211,18466,21677
00407221,NORTHWOOD UNIVERSITY                    ,TX,75104-0000,Private      ,126,245,371,734,780,1514
00445300,EL CENTRO COLLEGE                       ,TX,75202-3604,Public       ,1208,3660,4868,5411,12504,17915
00450303,EVEREST COLLEGE - FORT WORTH SOUTH      ,TX,76115-1407,Proprietary  ,74,341,415,252,1045,1297
00481102,EVEREST INSTITUTE - EVEREST COLLEGE     ,TX,76011-6630,Proprietary  ,78,308,386,263,964,1227
00494900,BAYLOR COLLEGE OF MEDICINE              ,TX,77030-0000,Private      ,180,286,466,964,2196,3160
00495100,UNIV OF TEXAS HEALTH SCIENCE CENTER     ,TX,77225-0000,Public       ,136,635,771,1218,4755,5973
00495200,UNIV OF TEXAS MEDICAL BRANCH            ,TX,77550-0000,Public       ,68,399,467,796,3016,3812
00497200,GALVESTON COLLEGE                       ,TX,77550-7447,Public       ,371,566,937,1228,1936,3164
00497700,SOUTH TEXAS COLLEGE OF LAW              ,TX,77002-0000,Private      ,12,172,184,105,1866,1971
00520307,REMINGTON COLLEGE - DALLAS CAMPUS       ,TX,75041-9935,Proprietary  ,0,0,0,86,266,352
00660600,BAPTIST HS SCHOOL OF HEALTH PROFESSIONS ,TX,78229-3234,Proprietary  ,38,257,295,250,1341,1591
00661200,COVENANT SCH OF NSG & ALLIED HEALTH     ,TX,79410-0000,Private      ,30,89,119,225,513,738
00666100,ANGELINA COLLEGE                        ,TX,75902-0000,Public       ,709,1280,1989,2476,3771,6247
00694100,DALLAS CHRISTIAN COLLEGE                ,TX,75234-7229,Private      ,93,191,284,409,628,1037
00709600,COLLEGE OF THE MAINLAND                 ,TX,77591-2499,Public       ,396,946,1342,1359,3151,4510
00728700,BRAZOSPORT COLLEGE                      ,TX,77566-3199,Public       ,316,596,912,1359,1942,3301
00732907,ITT TECHNICAL INSTITUTE                 ,TX,77063-3751,Proprietary  ,161,523,684,550,1627,2177
00732913,ITT TECHNICAL INSTITUTE                 ,TX,76011-3919,Proprietary  ,129,484,613,408,1471,1879
00732975,ITT TECHNICAL INSTITUTE                 ,TX,78249-3303,Proprietary  ,99,356,455,378,1195,1573
00754805,WESTWOOD COLLEGE OF TECHNOLOGY          ,TX,77074-0000,Proprietary  ,10,84,94,66,287,353
00793804,LINCOLN COLLEGE OF TECHNOLOGY - GRAND PR,TX,75052-7605,Proprietary  ,176,150,326,874,632,1506
00849800,MIMS CLASSIC BEAUTY COLLEGE             ,TX,78216-0000,Proprietary  ,11,31,42,42,109,151
00850300,MOUNTAIN VIEW COLLEGE                   ,TX,75211-6599,Public       ,1105,2243,3348,4346,6840,11186
00850400,RICHLAND COLLEGE                        ,TX,75243-2199,Public       ,1641,3188,4829,6172,9748,15920
00851000,EASTFIELD COLLEGE                       ,TX,75150-2099,Public       ,1361,2891,4252,5073,8922,13995
00907905,EVEREST COLLEGE                         ,TX,75206-5209,Proprietary  ,171,649,820,613,2076,2689
00908200,INTERNATIONAL BUSINESS COLLEGE          ,TX,79903-0000,Proprietary  ,36,183,219,128,421,549
00916300,SAN ANTONIO COLLEGE                     ,TX,78212-4299,Public       ,2000,4176,6176,13200,18871,32071
00922500,TEXAS STATE TECHNICAL COLLEGE  HARLINGEN,TX,78550-3697,Public       ,754,1072,1826,4140,3850,7990
00946600,KAPLAN COLLEGE                          ,TX,78216-1899,Proprietary  ,86,346,432,319,1241,1560
00946607,KAPLAN COLLEGE - MCALLEN                ,TX,78503-1622,Proprietary  ,115,184,299,400,537,937
00946609,KAPLAN COLLEGE - CAREER CENTERS OF TEXAS,TX,78416-9900,Proprietary  ,62,212,274,210,709,919
00946610,KAPLAN COLLEGE - CAREER CENTERS OF TEXAS,TX,76103-2310,Proprietary  ,62,278,340,201,847,1048
00954900,WESTERN TEXAS COLLEGE                   ,TX,79549-9501,Public       ,126,153,279,650,491,1141
00965100,TEXAS A&M INTERNATIONAL UNIVERSITY      ,TX,78041-1900,Public       ,623,842,1465,6280,3300,9580
00974100,UNIVERSITY OF TEXAS AT DALLAS           ,TX,75083-0000,Public       ,1028,2030,3058,12478,10750,23228
00976800,UNIVERSITY OF NORTH TEXAS HEALTH SCIENCE,TX,76107-2699,Public       ,108,368,476,727,3167,3894
00979700,MIDLAND COLLEGE                         ,TX,79705-6397,Public       ,409,705,1114,1633,2357,3990
00982802,EVEREST INSTITUTE- AUSTIN               ,TX,78754-0000,Proprietary  ,113,345,458,353,1053,1406
00993000,UNIVERSITY OF TEXAS-PERMIAN BASIN       ,TX,79762-0001,Public       ,461,920,1381,2240,3093,5333
00993200,TEXAS STATE TECH CLG-WEST TEXAS         ,TX,79556-4108,Public       ,71,181,252,436,652,1088
00993201,TEXAS STATE TECH COLLEGE-ABILENE        ,TX,79601-0000,Public       ,64,204,268,333,757,1090
00993204,TEXAS STATE TECH CLG-BRECKENRIDGE       ,TX,76424-0000,Public       ,14,29,43,68,119,187
00993205,TEXAS STATE TECH COLLEGE-BROWNWOOD      ,TX,76801-0000,Public       ,12,83,95,105,309,414
01001900,UNIV OF TEXAS SOUTHWESTERN MED CTR      ,TX,75390-9096,Public       ,59,296,355,423,2492,2915
01005700,AMERICAN COMMERCIAL COLLEGE             ,TX,79602-1399,Proprietary  ,0,0,0,15,60,75
01005900,AMERICAN COMMERCIAL COLLEGE             ,TX,79761-0000,Proprietary  ,10,51,61,34,134,168
01005901,AMERICAN COMMERCIAL COLLEGE - AMERICAN C,TX,76310-2303,Proprietary  ,28,95,123,72,308,380
01006000,VERNON COLLEGE                          ,TX,76384-4092,Public       ,255,611,866,1268,2461,3729
01011500,UNIVERSITY OF TEXAS-SAN ANTONIO         ,TX,78249-0600,Public       ,2618,3165,5783,34770,18509,53279
01013000,WADE COLLEGE                            ,TX,75207-3199,Proprietary  ,47,111,158,219,393,612
01038700,EL PASO COMMUNITY COLLEGE               ,TX,79998-0000,Public       ,2715,3897,6612,15912,15334,31246
01050900,HALLMARK COLLEGE OF AERONAUTICS         ,TX,78214-0000,Proprietary  ,85,363,448,244,1055,1299
01062400,LIGHTHOUSE CAREER INSTITUTE             ,TX,75231-5033,Private      ,8,42,50,8,42,50
01063300,HOUSTON COMMUNITY COLLEGE               ,TX,77002-0000,Public       ,6131,14865,20996,25545,52073,77618
01067400,TEXAS TECH U HEALTH SCIENCES CENTER     ,TX,79430-0000,Public       ,185,714,899,1559,5376,6935
01076100,DALLAS INSTITUTE OF FUNERAL SERVICE     ,TX,75227-4314,Private      ,26,125,151,106,435,541
01114500,LONE STAR COLLEGE SYSTEM                ,TX,77073-3499,Public       ,5894,11491,17385,23171,39616,62787
01116100,TEXAS A&M UNIV CORPUS CHRISTI           ,TX,78412-5599,Public       ,1145,1349,2494,12344,6472,18816
01116300,UNIVERSITY OF TEXAS AT TYLER            ,TX,75799-6699,Public       ,721,1407,2128,5555,5939,11494
01171100,UNIVERSITY OF HOUSTON-CLEAR LAKE        ,TX,77058-1002,Public       ,465,1782,2247,2642,8107,10749
01201500,AUSTIN COMMUNITY COLLEGE                ,TX,78752-4390,Public       ,2559,5072,7631,16923,23111,40034
01202000,VICTORIA BEAUTY COLLEGE                 ,TX,77901-6233,Proprietary  ,14,51,65,45,143,188
01226800,BALDWIN BEAUTY SCHOOL #5                ,TX,78704-4785,Proprietary  ,33,104,137,163,381,544
01229700,LAREDO BEAUTY COLLEGE                   ,TX,78040-1051,Proprietary  ,48,90,138,142,241,383
01248300,COSMETOLOGY CAREER CENTER-A PAUL MITCHEL,TX,75006-2567,Proprietary  ,165,233,398,388,553,941
01248800,INTERNATIONAL BEAUTY COLLEGE NO 3       ,TX,75040-0000,Proprietary  ,2,23,25,17,83,100
01276400,METROPLEX BEAUTY SCHOOL                 ,TX,75149-0000,Proprietary  ,8,36,44,30,113,143
01293000,CHARLES & SUE'S SCH OF HAIR DESIGN      ,TX,77801-0000,Proprietary  ,29,26,55,90,109,199
01293200,TINT SCHOOL OF MAKEUP & COSMETOLOGY     ,TX,75061-4235,Proprietary  ,16,53,69,42,134,176
01300300,NEILSON BEAUTY COLLEGE                  ,TX,75208-4637,Proprietary  ,10,38,48,47,111,158
01301600,OGLE SCHOOL HAIR SKIN NAILS             ,TX,76013-7400,Proprietary  ,102,231,333,364,806,1170
01303912,SOUTH UNIVERSITY - THE ART INSTITUTE OF ,TX,75231-5993,Proprietary  ,295,353,648,1624,1382,3006
01303915,SOUTH UNIVERSITY - AUSTIN               ,TX,78729-8101,Proprietary  ,48,162,210,207,581,788
01323100,UNIVERSITY OF HOUSTON-VICTORIA          ,TX,77901-5731,Public       ,261,927,1188,2553,4162,6715
02058600,CONLEE'S COLLEGE OF COSMETOLOGY         ,TX,78028-0000,Proprietary  ,3,17,20,20,46,66
02074100,CAPITOL CITY TRADE & TECHNICAL SCH      ,TX,78704-0000,Proprietary  ,38,120,158,143,451,594
02077400,NORTH LAKE COLLEGE                      ,TX,75038-0000,Public       ,777,1762,2539,3138,5703,8841
02081400,ARLINGTON BAPTIST COLLEGE               ,TX,76012-0000,Private      ,76,119,195,273,358,631
02093600,SOUTHWEST SCHOOL OF ELECTRONIC          ,TX,78735-0000,Proprietary  ,7,24,31,38,90,128
02098300,WESTERN TECHNICAL COLLEGE               ,TX,79927-2105,Proprietary  ,188,482,670,751,1478,2229
02100200,BROOKHAVEN COLLEGE                      ,TX,75244-0000,Public       ,768,1975,2743,3056,6485,9541
02113610,AMERICAN INTERCONTINENTAL UNIV - HOUSTON,TX,77042-4516,Proprietary  ,73,354,427,219,1146,1365
02116008,SANFORD-BROWN COLLEGE - HOUSTON         ,TX,77042-8900,Proprietary  ,120,361,481,386,1193,1579
02116012,SANFORD-BROWN COLLEGE - HOUSTON NORTH LO,TX,77008-1058,Proprietary  ,25,105,130,100,395,495
02117100,ART INSTITUTE OF HOUSTON                ,TX,77056-0000,Proprietary  ,1106,1367,2473,4683,4979,9662
02119200,COURT REPORTING INSTITUTE OF DALLAS     ,TX,75247-6913,Proprietary  ,12,104,116,47,460,507
02119202,COURT REPORTING INSTIUTE OF DALLAS - COU,TX,77040-6315,Proprietary  ,1,3,4,10,73,83
02128302,INSTITUTE FOR BUSINESS & TECHNOLOGY - LA,TX,78230-2520,Proprietary  ,36,110,146,115,326,441
02136800,AMERICAN COMMERCIAL COLLEGE             ,TX,76904-0000,Proprietary  ,18,57,75,49,159,208
02144800,VET TECH INSTITUTE OF HOUSTON           ,TX,77027-9881,Proprietary  ,79,87,166,368,384,752
02176100,PIPO ACADEMY OF HAIR DESIGN             ,TX,79903-0000,Proprietary  ,9,34,43,50,118,168
02200800,AMERICAN COMMERCIAL COLLEGE             ,TX,79411-0000,Proprietary  ,0,0,0,6,5,11
02218300,SOUTHWEST SCHOOL OF BUSINESS & TECHNICAL,TX,78221-0000,Proprietary  ,43,127,170,116,372,488
02218305,SOUTHWEST SCHOOL OF BUSINESS AND TECHNIC,TX,78501-6053,Proprietary  ,12,47,59,47,138,185
02218306,SOUTHWEST SCHOOL OF BUSINESS AND TECHNIC,TX,78413-2045,Proprietary  ,12,42,54,48,155,203
02224600,TRI-STATE BEAUTY SCHOOL #1              ,TX,79915-0000,Proprietary  ,20,90,110,98,300,398
02228400,TEXAS AERO TECHNOLOGY                   ,TX,75209-0000,Proprietary  ,0,1,1,0,1,1
02230500,OGLE SCHOOL HAIR SKIN NAILS             ,TX,76132-3638,Proprietary  ,90,292,382,340,906,1246
02230600,OGLE SCHOOL HAIR SKIN NAILS             ,TX,76053-4650,Proprietary  ,57,125,182,193,431,624
02239100,CENTRAL TEXAS BEAUTY COLLEGE #2         ,TX,78664-4204,Proprietary  ,22,107,129,83,319,402
02248200,MILAN INSTITUTE OF COSMETOLOGY          ,TX,79103-0000,Proprietary  ,209,588,797,544,1411,1955
02254800,TEXAS VOCATIONAL SCHOOLS                ,TX,77901-0000,Proprietary  ,10,50,60,52,136,188
02259400,AMBERTON UNIVERSITY                     ,TX,75041-0000,Private      ,7,123,130,33,411,444
02261300,EVEREST INSTITUTE                       ,TX,78213-3841,Proprietary  ,59,275,334,228,869,1097
02261302,EVEREST INSTITUTE - HOUSTON GREENSPOINT ,TX,77060-3249,Proprietary  ,101,418,519,314,1131,1445
02261303,EVEREST INSTITUTE - HOUSTON HOBBY       ,TX,77087-2737,Proprietary  ,82,326,408,255,901,1156
02267100,EXPOSITO SCHOOL OF HAIR DESIGN          ,TX,79109-0000,Proprietary  ,13,23,36,40,69,109
02276000,FRANKLIN BEAUTY SCHOOL #2               ,TX,77021-0000,Proprietary  ,46,122,168,123,336,459
02285900,UNIVERSITY OF COSMETOLOGY ARTS&SCI      ,TX,78504-0000,Proprietary  ,74,130,204,206,357,563
02294800,CAPITOL CITY CAREERS                    ,TX,78745-0000,Proprietary  ,13,58,71,40,208,248
02298501,EVEREST COLLEGE- FORT WORTH             ,TX,76137-2472,Proprietary  ,60,312,372,256,1061,1317
02305300,PARKER COLLEGE OF CHIROPRACTIC          ,TX,75229-0000,Private      ,24,296,320,105,1244,1349
02306700,FORT WORTH BEAUTY SCHOOL                ,TX,76116-3299,Proprietary  ,31,145,176,107,377,484
02312200,TEXAS SCHOOL OF BUSINESS                ,TX,77073-6032,Proprietary  ,90,367,457,321,1084,1405
02312201,TEXAS SCHOOL OF BUSINESS - SOUTHWEST CAM,TX,77057-5914,Proprietary  ,0,0,0,28,108,136
02312202,TEXAS SCHOOL OF BUSINESS - FRIENDSWOOD C,TX,77546-8938,Proprietary  ,44,95,139,86,286,372
02312203,TEXAS SCHOOL OF BUSINESS - EAST CAMPUS  ,TX,77029-1916,Proprietary  ,0,0,0,29,77,106
02313901,WESTWOOD COLLEGE - DALLAS               ,TX,75243-0000,Proprietary  ,36,173,209,138,566,704
02315400,NORTHEAST TEXAS COMMUNITY COLLEGE       ,TX,75456-0000,Public       ,493,793,1286,1746,2256,4002
02318200,"KD STUDIO, ACTOR'S CONSERVATORY         ",TX,75207-2111,Proprietary  ,51,95,146,177,278,455
02320200,HOUSTON GRADUATE SCHOOL OF THEOLOGY     ,TX,77092-0000,Private      ,4,84,88,20,307,327
02326000,SAN ANTONIO BEAUTY COLLEGE NO 3         ,TX,78217-0000,Proprietary  ,14,48,62,86,154,240
02331200,BAPTIST MISSIONARY ASSN THEOL SEM       ,TX,75766-0000,Private      ,4,38,42,10,95,105
02331300,INTERACTIVE LEARNING SYSTEMS            ,TX,77502-1201,Proprietary  ,10,110,120,36,237,273
02331301,INTERACTIVE LEARNING SYSTEMS            ,TX,77081-0000,Proprietary  ,36,229,265,97,535,632
02331304,INTERACTIVE LEARNING SYSTEMS            ,TX,77060-0000,Proprietary  ,6,98,104,22,236,258
02341300,PALO ALTO COLLEGE                       ,TX,78224-0000,Public       ,869,1688,2557,5528,6983,12511
02348500,LAMAR STATE COLLEGE-PORT ARTHUR         ,TX,77640-0000,Public       ,328,589,917,1190,2138,3328
02357700,PAUL MITCHELL THE SCHOOL                ,TX,77043-3412,Proprietary  ,109,253,362,400,791,1191
02358200,LAMAR STATE COLLEGE-ORANGE              ,TX,77630-0000,Public       ,288,639,927,967,2004,2971
02361400,COLLIN COUNTY COMMUNITY COLLEGE         ,TX,75071-0000,Public       ,2074,3496,5570,8499,12524,21023
02362000,UNIVERSAL TECHNICAL INSTITUTE           ,TX,77073-0000,Proprietary  ,806,882,1688,4812,3672,8484
02362800,AUSTIN GRADUATE SCHOOL OF THEOLOGY      ,TX,78752-1333,Private      ,4,38,42,14,115,129
02521200,ARLINGTON CAREER INSTITUTE              ,TX,75050-0000,Proprietary  ,22,124,146,61,365,426
02521800,SEGUIN BEAUTY SCHOOL                    ,TX,78155-0000,Proprietary  ,15,39,54,46,110,156
02527500,HOUSTON TRAINING SCHOOLS                ,TX,77029-0000,Proprietary  ,112,485,597,207,895,1102
02530700,SEBRING CAREER SCHOOLS                  ,TX,77083-1510,Proprietary  ,11,52,63,23,104,127
02548800,SOUTH TEXAS VO-TECH INSTITUTE           ,TX,78596-0000,Proprietary  ,66,107,173,219,303,522
02548802,SOUTH TEXAS VOCATIONAL TECHNICAL INSTITU,TX,78520-8710,Proprietary  ,67,97,164,220,276,496
02549400,SOUTH TEXAS VO-TECH INSTITUTE           ,TX,78501-0000,Proprietary  ,81,120,201,282,361,643
02549402,SOUTH TEXAS VOCATIONAL TECHNICAL INSTITU,TX,78416-1141,Proprietary  ,50,141,191,159,442,601
02555400,UNIV OF TX MD ANDERSON CANCER CTR       ,TX,77030-0000,Public       ,44,176,220,257,812,1069
02567200,OFFICE CAREER CENTER                    ,TX,76180-0000,Proprietary  ,0,0,0,0,1,1
02568100,TEXAS BARBER COLLEGE                    ,TX,77063-3949,Proprietary  ,48,199,247,133,532,665
02568101,TEXAS BARBER COLLEGES & HAIRSTYLING SCHO,TX,75228-3841,Proprietary  ,42,156,198,120,390,510
02568106,TEXAS BARBER COLLEGES & HAIRSTYLING SCHO,TX,77009-0000,Proprietary  ,34,119,153,106,314,420
02568107,TEXAS BARBER COLLEGES & HAIRSTYLING SCHO,TX,77063-3951,Proprietary  ,32,121,153,106,351,457
02568108,TEXAS BARBER COLLEGES & HAIRSTYLING SCHO,TX,75241-1327,Proprietary  ,36,137,173,111,435,546
02568109,TEXAS BARBER COLLEGES & HAIRSTYLING SCHO,TX,77301-4407,Proprietary  ,9,33,42,35,103,138
02569300,LE CORDON BLEU COLLEGE OF CULINARY ARTS ,TX,78758-3647,Proprietary  ,279,723,1002,1281,2599,3880
02572000,COMPUTER CAREER CENTER                  ,TX,79925-2021,Proprietary  ,185,401,586,561,1583,2144
02572004,COMPUTER CAREER CENTER - AMARILLO CAMPUS,TX,79101-2404,Proprietary  ,43,140,183,121,401,522
02572005,COMPUTER CAREER CENTER - LUBBOCK CAMPUS ,TX,79414-3517,Proprietary  ,67,272,339,151,564,715
02572008,VISTA COLLEGE - BEAUMONT                ,TX,77701-3717,Proprietary  ,35,210,245,89,507,596
02572009,VISTA COLLEGE - LONGVIEW                ,TX,75604-1905,Proprietary  ,55,287,342,129,687,816
02572011,VISTA COLLEGE - KILLEEN                 ,TX,76541-7436,Proprietary  ,43,328,371,132,902,1034
02591100,CAREER POINT COLLEGE                    ,TX,78201-2027,Proprietary  ,82,740,822,275,2002,2277
02591900,KAPLAN COLLEGE                          ,TX,79907-1525,Proprietary  ,102,347,449,410,1148,1558
02591905,KAPLAN COLLEGE - BROWNSVILLE            ,TX,78521-9905,Proprietary  ,52,127,179,203,489,692
02596400,REDSTONE COLLEGE - LOS ANGELES          ,TX,77061-0000,Proprietary  ,37,87,124,166,355,521
02596600,ATI-CAREER TRAINING CENTER              ,TX,75220-4443,Proprietary  ,0,0,0,44,160,204
02596601,ATI CAREER TRAINING CENTER - RICHARDSON ,TX,75081-1948,Proprietary  ,0,0,0,15,52,67
02596602,ATI CAREER TRAINING CENTER - DALLAS (STE,TX,75247-6103,Proprietary  ,0,0,0,74,200,274
02600200,OCEAN CORPORATION (THE)                 ,TX,77099-3479,Proprietary  ,60,308,368,192,836,1028
02604700,CENTER FOR ADVANCED LEGAL STUDIES       ,TX,77098-4151,Proprietary  ,11,132,143,44,419,463
02606202,EVEREST COLLEGE - EVEREST INSTITUTE - BI,TX,77036-8014,Proprietary  ,145,525,670,367,1474,1841
02615000,SANFORD-BROWN COLLEGE                   ,TX,75247-6931,Proprietary  ,108,435,543,359,1392,1751
03009400,SW SCH BUS & TECH CAREERS               ,TX,78212-2840,Proprietary  ,21,52,73,45,166,211
03010604,VIRGINIA COLLEGE - VIRGINIA COLLEGE AT A,TX,78723-0000,Proprietary  ,36,131,167,169,713,882
03011800,UNIVERSITY OF COSMETOLOGY ARTS & SCIENCE,TX,78226-1160,Proprietary  ,16,41,57,92,159,251
03019800,PCI HEALTH TRAINING CENTER              ,TX,75247-4720,Proprietary  ,93,283,376,284,805,1089
03019801,PCI HEALTH TRAINING CENTER - RICHARDSON ,TX,75081-2321,Proprietary  ,4,17,21,4,17,21
03021500,SW SCH BUS & TECH CAREERS               ,TX,78852-4859,Proprietary  ,43,82,125,187,223,410
03025000,TEXAS COLLEGE OF COSMETOLOGY            ,TX,79605-2001,Proprietary  ,31,101,132,76,257,333
03025001,TEXAS COLLEGE OF COSMETOLOGY - SAN ANGEL,TX,76903-4708,Proprietary  ,13,29,42,49,89,138
03026500,REMINGTON COLLEGE - HOUSTON CAMPUS      ,TX,77082-1849,Private      ,775,2213,2988,1555,4519,6074
03026501,REMINGTON COLLEGE - NORTH HOUSTON CAMPUS,TX,77067-1849,Private      ,70,215,285,198,718,916
03026506,REMINGTON COLLEGE - FT. WORTH CAMPUS    ,TX,76112-1280,Private      ,74,284,358,284,920,1204
03028800,CIRCLE J BEAUTY SCHOOL                  ,TX,77587-3714,Proprietary  ,11,65,76,50,157,207
03030608,UTAH COLLEGE OF MASSAGE THERAPY - TEXAS ,TX,75801-4848,Proprietary  ,47,101,148,124,265,389
03030609,UTAH COLLEGE OF MASSAGE THERAPY - TEXAS ,TX,77040-6307,Proprietary  ,44,135,179,139,405,544
03031408,INTERNATIONAL ACADEMY OF DESIGN & TECHNO,TX,78229-2263,Proprietary  ,51,113,164,234,546,780
03032300,SCHOOL OF AUTOMOTIVE MACHINISTS         ,TX,77055-1803,Proprietary  ,45,114,159,160,350,510
03035200,TINT SCHOOL OF MAKEUP & COSMETOLOGY     ,TX,75229-3734,Proprietary  ,30,141,171,127,361,488
03035300,SOUTHERN CAREERS INSTITUTE              ,TX,78704-5252,Proprietary  ,370,1056,1426,722,2293,3015
03035301,SOUTHERN CAREERS INSTITUTE-PHARR        ,TX,78577-2118,Proprietary  ,64,127,191,116,241,357
03035302,SOUTHERN CAREERS INSTITUTE - CORPUS CHRI,TX,78414-2904,Proprietary  ,52,178,230,128,463,591
03035303,SOUTHERN CAREERS INSTITUTE - SAN ANTONIO,TX,78221-4351,Proprietary  ,11,62,73,54,224,278
03035305,SOUTHERN CAREERS INSTITUTE - BROWNSVILLE,TX,78520-8680,Proprietary  ,12,32,44,77,102,179
03035306,SOUTHERN CAREERS INSTITUTE - HARLINGEN  ,TX,78550-7911,Proprietary  ,14,39,53,77,126,203
03035307,SOUTHERN CAREERS INSTITUTE - CORPUS CHRI,TX,78410-1609,Proprietary  ,0,0,0,14,44,58
03035308,SOUTHERN CAREERS INSTITUTE - SAN ANTONIO,TX,78238-4114,Proprietary  ,53,212,265,61,249,310
03061800,STAR COLLEGE OF COSMETOLOGY             ,TX,75702-8214,Proprietary  ,43,97,140,142,318,460
03064600,UNIVERSITY OF TEXAS AT BROWNSVILLE      ,TX,78520-4993,Public       ,794,1601,2395,8834,7726,16560
03075400,ICC TECHNICAL INSTITUTE                 ,TX,77004-2930,Private      ,21,92,113,86,250,336
03076403,BRYMAN SCHOOL OF ARIZONA (THE) - ANTHEM ,TX,75038-4201,Proprietary  ,28,106,134,75,264,339
03079201,WESTWOOD COLLEGE OF TECHNOLOGY          ,TX,76180-0000,Proprietary  ,0,0,0,13,32,45
03103400,SOUTH TEXAS COLLEGE                     ,TX,78501-6699,Public       ,2982,3717,6699,14153,11691,25844
03108700,ROYAL BEAUTY CAREERS                    ,TX,77069-4611,Proprietary  ,51,192,243,127,410,537
03115800,KAPLAN COLLEGE                          ,TX,78238-4203,Proprietary  ,82,367,449,262,1037,1299
03115802,KAPLAN COLLEGE - LAREDO                 ,TX,78041-6181,Proprietary  ,69,120,189,207,382,589
03115803,KAPLAN COLLEGE-BEAUMONT                 ,TX,77701-3706,Proprietary  ,53,208,261,140,623,763
03115804,KAPLAN COLLEGE - LUBBOCK                ,TX,79401-2601,Proprietary  ,48,168,216,128,451,579
03128100,COLLEGE OF HEALTH CARE PROFESSIONS (THE),TX,77092-8108,Proprietary  ,245,812,1057,714,2429,3143
03144300,NATIONAL BEAUTY COLLEGE                 ,TX,75043-4046,Proprietary  ,8,20,28,23,76,99
03153300,AMER COLL OF ACUPUNCTURE & O.M.         ,TX,77063-4104,Proprietary  ,9,66,75,21,158,179
03156400,ACADEMY OF ORIENTAL MEDICINE AT AUSTIN  ,TX,78757-1132,Proprietary  ,14,61,75,60,309,369
03159300,ARLINGTON MEDICAL INSTITUTE             ,TX,76011-0000,Proprietary  ,40,152,192,184,451,635
03170300,TEXAS A&M UNIVERSITY-TEXARKANA          ,TX,75501-0000,Public       ,202,552,754,1385,2128,3513
03179500,TEXAS COLG TRADITIONAL CHINESE MED      ,TX,78704-6748,Proprietary  ,2,16,18,11,113,124
03237400,FARIS COMPUTER SCHOOL                   ,TX,77627-3829,Proprietary  ,2,12,14,8,23,31
03272300,KAPLAN COLLEGE                          ,TX,75234-7288,Proprietary  ,102,460,562,287,1318,1605
03272301,KAPLAN COLLEGE - MIDLAND                ,TX,79703-5531,Proprietary  ,14,45,59,54,165,219
03272303,KAPLAN COLLEGE - ARLINGTON              ,TX,76010-8121,Proprietary  ,67,319,386,272,953,1225
03275300,TOUCH OF CLASS SCHOOL OF COSM           ,TX,75402-6314,Proprietary  ,24,53,77,44,125,169
03276300,ACADEMY OF HAIR DESIGN                  ,TX,75901-4900,Proprietary  ,39,116,155,76,254,330
03277300,ACADEMY OF HAIR DESIGN                  ,TX,77701-4650,Proprietary  ,22,72,94,50,188,238
03303300,NORTHWEST EDUCATIONAL CENTER            ,TX,77092-7055,Proprietary  ,31,138,169,63,293,356
03371300,TONI&GUY HAIRDRESSING ACADEMY           ,TX,75006-2351,Proprietary  ,41,55,96,135,208,343
03372300,NORTHWEST VISTA COLLEGE                 ,TX,78251-4217,Public       ,1596,2305,3901,9812,10220,20032
03396500,TEXAS STATE TECHNICAL COLG/MARSHALL     ,TX,75672-7402,Public       ,125,220,345,423,597,1020
03400300,CAREER QUEST                            ,TX,78229-3539,Proprietary  ,23,151,174,95,517,612
03412300,ADVANCED BARBER COLLEGE & HAIR DESI     ,TX,78596-0000,Proprietary  ,37,73,110,89,192,281
03416500,DALLAS NURSING INSTITUTE                ,TX,75243-5502,Proprietary  ,85,429,514,366,1379,1745
03422300,MILAN INSTITUTE                         ,TX,78238-4103,Proprietary  ,227,555,782,667,1609,2276
03422400,COLLEGE OF BIBLICAL STUDIES-HOUSTON     ,TX,77036-3211,Private      ,24,328,352,111,1056,1167
03424400,MEDVANCE INSTITUTE                      ,TX,77057-7386,Proprietary  ,82,252,334,212,887,1099
03426300,COLLEGE OF HEALTH CARE PROFESSIONS (THE),TX,78752-3630,Proprietary  ,71,250,321,161,569,730
03480304,MEDVANCE INSTITUTE OF BATON ROUGE - GRAN,TX,75050-2342,Proprietary  ,37,114,151,79,265,344
03520300,LUBBOCK HAIR ACADEMY                    ,TX,79410-3524,Proprietary  ,19,38,57,48,118,166
03542300,CONCORDE CAREER INSTITUTE               ,TX,76011-4016,Proprietary  ,105,406,511,302,1437,1739
03556400,KUSSAD INSTITUTE OF COURT REPORTING     ,TX,78704-5712,Proprietary  ,1,14,15,9,43,52
03573300,AVIATION INSTITUTE OF MAINTENANCE       ,TX,75209-3017,Proprietary  ,49,197,246,160,676,836
03610300,MJ'S BEAUTY ACADEMY INC                 ,TX,75224-4425,Proprietary  ,23,102,125,60,197,257
03612400,VALLEY GRANDE INSTITUTE FOR ACADEMI     ,TX,78596-0000,Private      ,45,150,195,135,384,519
03627300,LAMAR INSTITUTE OF TECHNOLOGY           ,TX,77705-4142,Public       ,516,884,1400,1888,3056,4944
03676400,HEALTHY HAIR ACADEMY                    ,TX,75227-0000,Proprietary  ,0,10,10,26,82,108
03680300,JAY'S TECHNICAL INSTITUTE               ,TX,77031-3509,Proprietary  ,8,56,64,27,168,195
03682400,DALLAS BARBER & STYLIST COLLEGE         ,TX,75231-0000,Proprietary  ,74,256,330,183,651,834
03714300,TREND BARBER COLLEGE                    ,TX,77071-2104,Proprietary  ,39,143,182,92,427,519
03723300,CULINARY INST ALAIN & MARIE LENOTRE     ,TX,77022-4322,Proprietary  ,47,170,217,254,620,874
03727600,CULINARY ACADEMY OF AUSTIN              ,TX,78752-0000,Proprietary  ,54,108,162,332,429,761
03731300,INTERNATIONAL RENOWNED BEAUTY ACADE     ,TX,76103-2504,Proprietary  ,0,0,0,4,12,16
03733300,BAPTIST UNIVERSITY OF THE AMERICAS      ,TX,78224-1336,Private      ,26,93,119,138,356,494
03756300,ANAMARC COLLEGE                         ,TX,79930-6230,Proprietary  ,74,370,444,353,1386,1739
03922300,SOUTH TEXAS BARBER COLLEGE              ,TX,78415-3463,Proprietary  ,14,35,49,37,84,121
03944400,PROFESSIONAL CAREERS INSTITUTE          ,TX,77036-2252,Proprietary  ,6,67,73,26,189,215
03944401,PROFESSIONAL CAREERS INSTITUTE          ,TX,77090-3914,Proprietary  ,8,83,91,39,233,272
03970300,HANDS ON THERAPY                        ,TX,75149-2294,Proprietary  ,4,44,48,29,118,147
03987300,TEXAS HEALTH SCHOOL                     ,TX,77079-2106,Proprietary  ,59,217,276,263,679,942
04036300,SOUTHEAST TEXAS CAREER INSTITUTE        ,TX,77656-8601,Proprietary  ,23,42,65,55,125,180
04045300,NORTHWEST BEAUTY SCHOOL                 ,TX,77091-1208,Proprietary  ,22,68,90,60,169,229
04045400,MAI-TRIX BEAUTY COLLEGE                 ,TX,77040-0000,Proprietary  ,18,48,66,56,163,219
04082300,PROFESSIONAL CAREER TRAINING INSTITUTE  ,TX,77090-0000,Proprietary  ,16,101,117,56,288,344
04089400,CCI TRAINING CENTER                     ,TX,76011-4857,Proprietary  ,11,114,125,47,335,382
04117900,CHAMPION BEAUTY COLLEGE                 ,TX,77069-4611,Proprietary  ,22,113,135,83,324,407
04121800,CRISWELL COLLEGE                        ,TX,75246-1537,Private      ,30,104,134,142,401,543
04125400,ACADEMY AT AUSTIN (THE)                 ,TX,78660-3287,Proprietary  ,18,50,68,98,188,286
04125500,MANUEL AND THERESA'S SCHOOL OF HAIR DESI,TX,77803-3236,Proprietary  ,19,34,53,43,75,118
04129800,MEDIATECH INSTITUTE DALLAS              ,TX,75039-3105,Proprietary  ,42,77,119,131,275,406
04129801,MEDIATECH INSTITUTE - AUSTIN            ,TX,78704-8933,Proprietary  ,20,51,71,74,154,228
04129802,MEDIATECH INSTITUTE HOUSTON             ,TX,77042-4712,Proprietary  ,52,90,142,117,253,370
04131700,SOUTHWEST CAREER COLLEGE                ,TX,79925-6230,Proprietary  ,257,624,881,864,1793,2657
04135600,CANNON INSTITUTE OF HIGHER LEARNING     ,TX,75247-9998,Proprietary  ,11,38,49,20,109,129
04136500,PCCENTER                                ,TX,75115-4214,Proprietary  ,7,37,44,18,76,94
04138500,CARDIOTECH ULTRASOUND SCHOOL            ,TX,77099-1440,Proprietary  ,20,154,174,112,477,589
04142300,AVEDA INSTITUTE SAN ANTONIO             ,TX,78215-1260,Proprietary  ,78,193,271,288,619,907
04146700,AVIATION INSTITUTE OF MAINTENANCE       ,TX,77061-4004,Proprietary  ,50,172,222,171,466,637
04146800,SOUTH TEXAS TRAINING CENTER             ,TX,78586-7721,Proprietary  ,21,36,57,44,94,138
04152700,ASTRODOME CAREER CENTERS                ,TX,77054-2678,Proprietary  ,19,66,85,41,195,236
04154800,DUVALL'S SCHOOL OF COSMETOLOGY          ,TX,76021-4159,Proprietary  ,16,35,51,43,66,109
04155800,ADVANCED BEAUTY COLLEGE                 ,TX,75061-1918,Proprietary  ,9,20,29,33,93,126
04158500,TEXAS BEAUTY COLLEGE                    ,TX,76117-3201,Proprietary  ,5,37,42,12,54,66
04160700,AVENUE FIVE INSTITUTE                   ,TX,78757-7000,Proprietary  ,45,124,169,131,375,506
04161100,CORPUS CHRISTI BEAUTY ACADEMY           ,TX,78412-3900,Proprietary  ,7,38,45,56,119,175
04165800,SALON PROFESSIONAL ACADEMY (THE)        ,TX,75067-5390,Proprietary  ,17,36,53,47,101,148
04168700,LAWYER'S ASSISTANT SCHOOL OF DALLAS     ,TX,75201-2829,Proprietary  ,18,118,136,65,362,427
04168800,ABC BEAUTY ACADEMY                      ,TX,75042-8682,Proprietary  ,8,35,43,27,95,122
04169000,SALON & SPA INSTITUTE                   ,TX,78521-1727,Proprietary  ,15,49,64,77,130,207
04169100,DIAMONDS COSMETOLOGY COLLEGE            ,TX,75090-2657,Proprietary  ,7,28,35,26,86,112
04177900,BUCKNER BARBER SCHOOL                   ,TX,75217-1775,Proprietary  ,22,61,83,67,175,242
04178200,VOGUE COLLEGE - SAN ANTONIO             ,TX,78201-5035,Proprietary  ,12,71,83,59,171,230
04178300,VOGUE BEAUTY ACADEMY                    ,TX,78238-4402,Proprietary  ,14,69,83,74,200,274
04178400,VOGUE COLLEGE - MCALLEN                 ,TX,78501-1945,Proprietary  ,24,58,82,91,180,271
04179500,NORTH AMERICAN COLLEGE                  ,TX,77038-0000,Private      ,42,46,88,261,233,494
04184800,EXCEL LEARNING CENTER                   ,TX,79907-1400,Proprietary  ,11,75,86,31,183,214
04187800,CYBERTEX INSTITUTE OF TECHNOLOGY        ,TX,78752-3825,Proprietary  ,11,83,94,48,212,260
04193000,RGV CAREERS AN INSTITUTE FOR HIGHER LEAR,TX,78577-2106,Proprietary  ,16,81,97,38,200,238
04205200,WADE GORDON HAIRDRESSING ACADEMY        ,TX,79121-0548,Proprietary  ,22,40,62,53,104,157
04206501,MYCOMPUTERCAREER.COM - DALLAS           ,TX,75062-8173,Proprietary  ,0,3,3,0,3,3
04206502,MYCOMPUTERCAREER.COM - HOUSTON          ,TX,77056-6764,Proprietary  ,0,9,9,0,9,9
04213300,SPA PROFESSIONALS ACADEMY (THE)         ,TX,78504-2569,Proprietary  ,13,38,51,47,107,154
04215000,TOTAL TRANSFORMATION INSTITUTE OF COSMET,TX,78666-8115,Proprietary  ,10,24,34,10,24,34
04215400,GRACE SCHOOL OF THEOLOGY                ,TX,77384-4894,Private      ,1,14,15,1,14,15
04219700,GEMINI SCHOOL OF VISUAL ARTS & COMMUNICA,TX,78613-2642,Proprietary  ,4,8,12,6,8,14
04224100,COSMETOLOGY ACADEMY OF TEXARKANA        ,TX,75503-4855,Proprietary  ,6,35,41,6,35,41
04226400,MT TRAINING CENTER                      ,TX,75051-3542,Proprietary  ,2,2,4,2,2,4
00367000,BRIGHAM YOUNG UNIVERSITY                ,UT,84602-8406,Private      ,2046,3704,5750,13788,13015,26803
00367100,DIXIE STATE COLLEGE OF UTAH             ,UT,84770-3876,Public       ,1100,1486,2586,5012,4706,9718
00367200,LDS BUSINESS COLLEGE                    ,UT,84101-3500,Private      ,337,419,756,1151,1218,2369
00367400,STEVENS HENAGER COLLEGE                 ,UT,84401-1420,Proprietary  ,529,3512,4041,1498,11932,13430
00367500,UNIVERSITY OF UTAH                      ,UT,84112-9055,Public       ,2051,3890,5941,14054,17768,31822
00367700,UTAH STATE UNIVERSITY                   ,UT,84322-1400,Public       ,2079,3575,5654,11771,13172,24943
00367800,SOUTHERN UTAH UNIVERSITY                ,UT,84720-2470,Public       ,784,975,1759,5198,3493,8691
00367900,SNOW COLLEGE                            ,UT,84627-1299,Public       ,518,335,853,2782,1160,3942
00368000,WEBER STATE UNIVERSITY                  ,UT,84408-1136,Public       ,1513,3196,4709,7408,12925,20333
00368100,WESTMINSTER COLLEGE                     ,UT,84105-3697,Private      ,187,425,612,2669,1909,4578
00402700,UTAH VALLEY UNIVERSITY                  ,UT,84058-5999,Public       ,2473,5645,8118,9313,16999,26312
00522000,SALT LAKE COMMUNITY COLLEGE             ,UT,84123-0000,Public       ,2572,5717,8289,8715,18566,27281
00732953,ITT TECHNICAL INSTITUTE                 ,UT,84123-2500,Proprietary  ,117,576,693,364,1634,1998
00943300,SHERMAN KENDALL'S ACADEMY OF BEAUTY     ,UT,84106-1836,Proprietary  ,12,28,40,31,80,111
01009800,NEUMONT UNIVERSITY                      ,UT,84095-0000,Proprietary  ,58,28,86,789,118,907
01116500,UINTAH BASIN APPLIED TECHNOLOGY CLG     ,UT,84066-0000,Public       ,8,73,81,23,148,171
01116600,BROADVIEW UNIVERSITY                    ,UT,84088-4021,Proprietary  ,129,354,483,378,1096,1474
02078800,SHERMAN KENDALL'S ACADEMY OF BEAUTY     ,UT,84047-0000,Proprietary  ,11,10,21,20,35,55
02115400,BRIDGERLAND APPLIED TECHNOLOGY COLLEGE  ,UT,84321-0000,Public       ,94,287,381,386,1033,1419
02156600,DAVIS APPLIED TECHNOLOGY COLLEGE        ,UT,84037-0000,Public       ,110,421,531,460,1473,1933
02178500,EAGLE GATE COLLEGE                      ,UT,84123-0000,Proprietary  ,83,360,443,205,1204,1409
02270800,AMERITECH COLLEGE                       ,UT,84604-6927,Proprietary  ,46,470,516,127,1487,1614
02270802,AMERITECH COLLEGE - DRAPER              ,UT,84020-6545,Proprietary  ,24,151,175,83,739,822
02298500,EVEREST COLLEGE                         ,UT,84119-2668,Proprietary  ,50,249,299,181,856,1037
02346500,OGDEN-WEBER APPLIED TECHNOLOGY COLG     ,UT,84404-0000,Public       ,154,564,718,559,1967,2526
02360800,PROVO COLLEGE                           ,UT,84601-0000,Proprietary  ,73,239,312,210,608,818
02531800,PAUL MITCHELL THE SCHOOL - PROVO        ,UT,84606-0000,Proprietary  ,44,38,82,318,396,714
02556800,PAUL MITCHELL THE SCHOOL                ,UT,84117-7204,Proprietary  ,64,135,199,198,375,573
02556801,PAUL MITCHELL THE SCHOOL                ,UT,84780-0000,Proprietary  ,25,48,73,81,126,207
02572700,EVANS HAIRSTYLING COLLEGE               ,UT,84770-0000,Proprietary  ,9,14,23,33,45,78
02572800,VISTA COLLEGE                           ,UT,84015-0000,Proprietary  ,16,100,116,41,435,476
02573100,EVANS HAIRSTYLING COLLEGE               ,UT,84720-0000,Proprietary  ,8,13,21,36,43,79
02612200,MARINELLO SCHOOL OF BEAUTY              ,UT,84604-1585,Proprietary  ,11,32,43,67,108,175
03030600,UTAH COLLEGE OF MASSAGE THERAPY         ,UT,84111-1606,Proprietary  ,52,120,172,182,392,574
03030601,UTAH CLG OF MASSAGE THER-PROVO CMPS     ,UT,84042-0000,Proprietary  ,15,33,48,49,108,157
03082100,MYOTHERAPY COLLEGE OF UTAH              ,UT,84115-2522,Proprietary  ,3,33,36,19,91,110
03108200,ECHELON EDGE ACADEMY OF HAIR SKIN & NAIL,UT,84070-2004,Proprietary  ,13,30,43,21,61,82
03110400,HAIRITAGE HAIR ACADEMY                  ,UT,84770-5233,Proprietary  ,10,15,25,32,51,83
03339400,WESTERN GOVERNORS UNIVERSITY            ,UT,84107-2533,Private      ,433,17552,17985,1369,49358,50727
03413300,MOUNTAINLAND APPLIED TECHNOLOGY COLLEGE ,UT,84058-5857,Public       ,88,207,295,308,735,1043
03463300,CAREERS UNLIMITED                       ,UT,84058-0000,Proprietary  ,19,36,55,67,173,240
03467308,MARINELLO SCHOOL OF BEAUTY - OGDEN      ,UT,84405-1501,Proprietary  ,9,68,77,63,228,291
03467309,MARINELLO SCHOOL OF BEAUTY - LAYTON     ,UT,84041-3002,Proprietary  ,16,47,63,50,134,184
03617300,HEALING MOUNTAIN MASSAGE SCHOOL         ,UT,84111-0000,Proprietary  ,9,58,67,43,176,219
03829500,SKINWORKS SCHOOL OF ADVANCED SKINCARE   ,UT,84115-0000,Proprietary  ,12,33,45,40,102,142
03838300,NIGHTINGALE COLL. SCH. OF NURSING SCH. O,UT,84403-0000,Proprietary  ,4,90,94,30,227,257
03902300,RENAISSANCE SCHOOL OF THERAPEUTIC MASSAG,UT,84010-2835,Proprietary  ,2,3,5,5,17,22
03909300,MAXIMUM STYLE TEC SCHOOL OF COSMETOLOGY ,UT,84323-4679,Proprietary  ,13,24,37,49,91,140
03921300,CAMEO COLLEGE OF ESSENTIAL BEAUTY       ,UT,84115-0000,Proprietary  ,37,114,151,112,364,476
04054300,SOUTHWEST APPLIED TECHNOLOGY COLLEGE    ,UT,84720-6608,Public       ,25,72,97,93,215,308
04072300,AVEDA INSTITUTE PROVO                   ,UT,84604-1008,Proprietary  ,32,32,64,114,140,254
04118100,IMAGEWORKS ACADEMY OF HAIR DESIGN       ,UT,84660-1210,Proprietary  ,0,0,0,2,8,10
04121700,DIXIE APPLIED TECHNOLOGY COLLEGE        ,UT,84770-3025,Public       ,51,99,150,202,333,535
04142100,SKIN INSTITUTE (THE)                    ,UT,84770-6452,Proprietary  ,5,24,29,28,79,107
04145500,SKIN SCIENCE INSTITUTE (THE)            ,UT,84115-0000,Proprietary  ,12,41,53,43,156,199
04153000,RENAISSANCE ACADEMIE                    ,UT,84604-0000,Proprietary  ,5,20,25,29,79,108
04161900,MANDALYN ACADEMY                        ,UT,84003-2161,Proprietary  ,7,22,29,20,66,86
04165500,ACAYDIA SCHOOL OF AESTHETICS            ,UT,84601-0000,Proprietary  ,7,14,21,33,64,97
04169900,AMERICAN BEAUTY ACADEMY                 ,UT,84651-0000,Proprietary  ,4,10,14,19,42,61
04173200,TAYLOR ANDREWS ACADEMY OF HAIR DESIGN   ,UT,84088-6577,Proprietary  ,36,49,85,77,141,218
04183000,TOP NAILS & HAIR BEAUTY SCHOOL          ,UT,84118-0000,Proprietary  ,2,32,34,16,89,105
04184200,TAYLOR ANDREWS ACADEMY-ST. GEORGE       ,UT,84790-2139,Proprietary  ,21,32,53,67,104,171
04192700,BARBER SCHOOL (THE)                     ,UT,84047-3723,Proprietary  ,11,46,57,19,106,125
04193200,ROCKY MOUNTAIN UNIVERSITY OF HEALTH PROF,UT,84606-7312,Proprietary  ,4,99,103,20,364,384
04210300,MEDSPA ACADEMIES                        ,UT,84095-3519,Proprietary  ,18,66,84,38,168,206
04211500,BEAUTIFUL YOU SCHOOL OF NAIL TECHNOLOGY ,UT,84720-8360,Proprietary  ,1,4,5,10,17,27
04216800,BONNIE JOSEPH ACADEMY OF COSMETOLOGY & B,UT,84032-2044,Proprietary  ,1,9,10,2,32,34
04218300,MIDWIVES COLLEGE OF UTAH                ,UT,84106-2671,Private      ,5,98,103,18,217,235
00368200,BENNINGTON COLLEGE                      ,VT,05201-6001,Private      ,22,25,47,1099,212,1311
00368300,CASTLETON STATE COLLEGE                 ,VT,05735-0000,Public       ,204,73,277,3340,508,3848
00368400,CHAMPLAIN COLLEGE                       ,VT,05401-3950,Private      ,158,274,432,4176,1260,5436
00368500,COLLEGE OF ST JOSEPH                    ,VT,05701-3899,Private      ,24,50,74,147,205,352
00368600,GODDARD COLLEGE                         ,VT,05667-0000,Private      ,11,162,173,48,841,889
00368700,GREEN MOUNTAIN COLLEGE                  ,VT,05764-1199,Private      ,65,80,145,852,282,1134
00368800,JOHNSON STATE COLLEGE                   ,VT,05656-9898,Public       ,117,183,300,1388,907,2295
00368900,LYNDON STATE COLLEGE                    ,VT,05851-0919,Public       ,111,73,184,2014,385,2399
00369000,MARLBORO COLLEGE                        ,VT,05344-0300,Private      ,10,37,47,354,126,480
00369100,MIDDLEBURY COLLEGE                      ,VT,05753-0000,Private      ,67,28,95,4591,532,5123
00369200,NORWICH UNIVERSITY                      ,VT,05663-1035,Private      ,118,424,542,3222,1403,4625
00369300,SOUTHERN VERMONT COLLEGE                ,VT,05201-6002,Private      ,23,27,50,633,178,811
00369400,ST MICHAELS COLLEGE                     ,VT,05439-0001,Private      ,62,43,105,3939,217,4156
00369600,UNIVERSITY OF VERMONT                   ,VT,05405-0160,Public       ,261,259,520,18726,3193,21919
00369700,VERMONT COLLEGE OF FINE ARTS            ,VT,05602-3128,Private      ,3,80,83,27,402,429
00369800,VERMONT TECHNICAL COLLEGE               ,VT,05061-0000,Public       ,101,113,214,1165,852,2017
00857500,SALON PROFESSIONAL ACADEMY (THE)        ,VT,05495-4001,Proprietary  ,10,16,26,41,67,108
00865800,O'BRIENS AVEDA INSTITUTE                ,VT,05403-7747,Proprietary  ,12,29,41,34,79,113
00886000,SIT                                     ,VT,05301-4801,Private      ,7,67,74,204,547,751
01116700,COMMUNITY COLLEGE OF VERMONT            ,VT,05676-0000,Public       ,546,1169,1715,1787,4163,5950
01193400,VERMONT LAW SCHOOL                      ,VT,05068-0000,Private      ,0,92,92,3,996,999
01218300,BURLINGTON COLLEGE                      ,VT,05401-8477,Private      ,30,56,86,287,190,477
02143500,STERLING COLLEGE                        ,VT,05827-0000,Private      ,9,10,19,117,57,174
02254000,NEW ENGLAND CULINARY INSTITUTE          ,VT,05602-0000,Proprietary  ,45,41,86,427,221,648
02532600,LANDMARK COLLEGE                        ,VT,05346-0000,Private      ,63,11,74,534,92,626
03708300,BURLINGTON TECHNICAL CENTER             ,VT,05401-2721,Public       ,0,0,0,12,18,30
04146900,ADVANCED WELDING INSTITUTE              ,VT,05403-0000,Proprietary  ,9,10,19,41,37,78
00392800,CASPER COLLEGE                          ,WY,82601-4612,Public       ,257,475,732,1398,1664,3062
00392900,EASTERN WYOMING COLLEGE                 ,WY,82240-1603,Public       ,101,142,243,543,388,931
00393000,SHERIDAN COLLEGE                        ,WY,82801-9133,Public       ,235,305,540,1058,1147,2205
00393100,NORTHWEST COLLEGE                       ,WY,82435-1895,Public       ,149,195,344,896,565,1461
00393200,UNIVERSITY OF WYOMING                   ,WY,82071-2000,Public       ,870,1001,1871,7346,4880,12226
00393300,WESTERN WYOMING COMMUNITY COLLEGE       ,WY,82902-0000,Public       ,225,321,546,952,1106,2058
00728900,CENTRAL WYOMING COLLEGE                 ,WY,82501-0000,Public       ,132,228,360,574,799,1373
00915700,WYOMING TECHNICAL INSTITUTE             ,WY,82072-9519,Proprietary  ,303,229,532,1442,899,2341
00925900,LARAMIE COUNTY COMMUNITY CLG            ,WY,82007-3299,Public       ,324,539,863,1601,2217,3818
02211900,CHEEKS INTERNATIONAL ACDMY              ,WY,82001-0000,Proprietary  ,17,46,63,50,139,189
00393500,UNIV OF GUAM                            ,GU,96923-0000,Public       ,742,582,1324,2532,1795,4327
01536100,GUAM COMMUNITY COLLEGE                  ,GU,96921-0000,Public       ,565,431,996,1703,1554,3257
03438300,PACIFIC ISLANDS UNIVERSITY              ,GU,96913-2619,Private      ,41,36,77,100,118,218
00393600,PONTIFICAL CATHOLIC UNIV OF PR          ,PR,00717-0777,Private      ,1367,2419,3786,6585,4962,11547
00393700,UNIVERSITY OF THE SACRED HEART          ,PR,00914-0383,Private      ,947,980,1927,3883,2312,6195
00393800,INTER-AMER UNIV PR-CNTRL ADMN           ,PR,00936-0000,Private      ,1092,2318,3410,3461,5220,8681
00393801,INTER-AMER UNIV PR SCHL LAW             ,PR,00936-8351,Private      ,3,79,82,34,311,345
00393802,INTER AMERICAN UNIVERSITY OF PUERTO RICO,PR,00926-0000,Private      ,218,417,635,1116,1117,2233
00393803,INTER AMERICAN UNIVERSITY OF PR         ,PR,00683-0000,Private      ,1092,772,1864,3774,1758,5532
00393804,INTER-AMER UNIV PR-RECINTO AGUADILA     ,PR,00605-2000,Private      ,778,848,1626,3061,1898,4959
00393805,INTER-AMER UNIV PR-ARECIBO CAMPUS       ,PR,00614-4050,Private      ,751,1018,1769,3078,2301,5379
00393806,INTER-AMER UNIV PR-BARRANQUITAS REG     ,PR,00794-0517,Private      ,282,280,562,1594,728,2322
00393807,INTER-AMER UNIV PR-FAJARDO REGIONAL     ,PR,00738-0000,Private      ,484,452,936,1495,997,2492
00393808,INTER-AMER UNIV PR - GUAYAMA CAMPUS     ,PR,00785-4004,Private      ,359,489,848,1245,1132,2377
00393809,INTER-AMER UNIV PR-PONCE REGIONAL       ,PR,00715-0000,Private      ,720,1123,1843,3728,2856,6584
00393811,INTER-AMER UNIV PR-BAYAMON REG CLG      ,PR,00959-0000,Private      ,919,732,1651,3981,1682,5663
00394100,COLEGIO UNIVERSITARIO DEL ESTE          ,PR,00983-0000,Private      ,2254,3481,5735,7238,7306,14544
00394200,UNIVERSITY OF PR-CENTRAL ADMINISTRATION ,PR,00936-4984,Public       ,35,68,103,378,248,626
00394300,UNIVERSITY OF PUERTO RICO - HUMACAO UNIV,PR,00791-4300,Public       ,299,96,395,3162,438,3600
00394400,UNIVERSITY OF PUERTO RICO - MAYAGUEZ    ,PR,00680-0000,Public       ,832,513,1345,8791,1837,10628
00501900,UNIV ADVENTISTA DE LAS ANTILLAS         ,PR,00681-0118,Private      ,176,215,391,999,578,1577
00502200,BAYAMON CENTRAL UNIVERSITY              ,PR,00960-0000,Private      ,204,413,617,1102,1135,2237
00710800,UNIVERSITY OF PUERTO RICO - RIO PIEDRAS ,PR,00931-3300,Public       ,694,515,1209,9086,3066,12152
00720600,UNIVERSITY OF PUERTO RICO - CAYEY UNIVER,PR,00736-5534,Public       ,108,52,160,3589,427,4016
00722800,UNIVERSITY OF PUERTO RICO - ARECIBO     ,PR,00614-4010,Public       ,143,97,240,3715,576,4291
00890200,COLUMBIA CENTRO UNIVERSITARIO           ,PR,00726-0000,Proprietary  ,441,515,956,1244,1102,2346
00965200,"UNIVERSITY OF PUERTO RICO, PONCE TECH UN",PR,00716-0000,Public       ,173,73,246,3370,433,3803
01056700,COLEGIO TECNOLOGICO DE SAN JUAN         ,PR,00918-2973,Public       ,191,208,399,755,760,1515
01072400,CARLOS ALBIZU UNIVERSITY                ,PR,00902-3711,Private      ,23,166,189,105,852,957
01081900,CONSERVATORIO DE MUSICA DE PUERTO RICO  ,PR,00907-3373,Public       ,54,51,105,348,128,476
01092200,UNIVERSITY OF PUERTO RICO - UTUADO      ,PR,00641-2500,Public       ,199,36,235,1577,266,1843
01097500,UNIVERSITY OF PUERTO RICO BAYAMON TECHNI,PR,00959-1911,Public       ,255,135,390,4526,648,5174
01120300,RYDER MEMORIAL HOSP SCH OF NURSING      ,PR,00792-0000,Private      ,2,3,5,14,17,31
01171900,UNIVERSIDAD DEL TURABO                  ,PR,00778-0000,Private      ,2260,4668,6928,8520,9720,18240
01194000,ICPR JUNIOR COLLEGE                     ,PR,00919-0000,Proprietary  ,635,904,1539,1381,1736,3117
01194100,AMERICAN UNIVERSITY OF PUERTO RICO      ,PR,00960-2037,Private      ,196,211,407,709,497,1206
01194101,AMERICAN UNIVERSITY OF PUERTO RICO      ,PR,00674-0000,Private      ,207,201,408,689,479,1168
01212300,"UNIVERSITY OF PUERTO RICO, AGUADILLA REG",PR,00604-0160,Public       ,227,98,325,2816,511,3327
01252500,CARIBBEAN UNIVERSITY                    ,PR,00960-0493,Private      ,744,1160,1904,2424,2853,5277
02063100,MBTI BUSINESS TRNG INSTITUTE            ,PR,00907-3917,Proprietary  ,662,1767,2429,1057,2942,3999
02100000,POLYTECHNIC UNIVERSITY OF PR            ,PR,00917-0000,Private      ,410,614,1024,2266,2071,4337
02163300,UNIVERSIDAD CENTRAL DEL CARIBE          ,PR,00960-0000,Private      ,37,128,165,199,403,602
02165100,EDP COLLEGE OF PUERTO RICO              ,PR,00919-0000,Private      ,567,872,1439,942,1476,2418
02166000,CENTER FOR ADVANCED STUDIES OF PUER     ,PR,00902-0000,Private      ,1,132,133,5,203,208
02166400,INSTITUTO DE BANCA Y COMERCIO           ,PR,00925-0000,Proprietary  ,3101,3178,6279,6727,7226,13953
02170300,INST EDUC TECNIA OCUP LA REINA          ,PR,00674-0000,Proprietary  ,110,140,250,219,226,445
02189100,CENTRO DE ESTUDIOS MULTIDISCIPLIN       ,PR,00926-0000,Private      ,919,1062,1981,1471,1614,3085
02189300,EMMA'S BEAUTY ACADEMY                   ,PR,00680-0000,Proprietary  ,78,43,121,209,97,306
02195400,MODERN HAIRSTYLING INSTITUTE            ,PR,00961-0000,Proprietary  ,319,187,506,645,381,1026
02195500,MODERN HAIRSTYLING INSTITUTE            ,PR,00612-0000,Proprietary  ,2,3,5,8,10,18
02195800,LICEO E ARTE Y TECNOLGIA                ,PR,00919-0000,Proprietary  ,202,198,400,658,657,1315
02195900,MODERN HAIRSTYLING INSTITUTE            ,PR,00980-0000,Proprietary  ,2,3,5,13,9,22
02234900,ANTILLES SCHOOL OF TECH CAREERS         ,PR,00909-3006,Proprietary  ,131,201,332,226,274,500
02241901,COMMONWEALTH OF PR DEPT OF EDUC - CARLOS,PR,00986-0000,Public       ,2,5,7,11,14,25
02241902,COMMONWEALTH OF PR DEPT OF EDUC - TOMAS ,PR,00613-0000,Public       ,0,2,2,3,3,6
02241904,COMMONWEALTH OF PR DEPT OF EDUC - ITPR R,PR,00655-0000,Public       ,87,64,151,534,346,880
02241905,COMMONWEALTH OF PR DEPT OF EDUC - JOSE A,PR,00674-0000,Public       ,5,2,7,37,20,57
02241907,COMMONWEALTH OF PR DEPT OF EDUC - ITPR R,PR,00928-0000,Public       ,84,60,144,294,197,491
02241908,COMMONWEALTH OF PR DEPT OF EDUC - ITPR R,PR,00732-0000,Public       ,171,98,269,454,254,708
02241909,COMMONWEALTH OF PR DEPT OF EDUC - TROQUE,PR,00959-0000,Public       ,2,3,5,60,18,78
02241910,COMMONWEALTH OF PR DEPT OF EDUC - ITPR R,PR,00701-1091,Public       ,41,13,54,585,217,802
02260600,NATIONAL COLLEGE OF BUSINESS & TECH     ,PR,00960-2036,Proprietary  ,1203,2784,3987,4532,7683,12215
02260800,HUERTAS JUNIOR COLLEGE                  ,PR,00726-0000,Proprietary  ,349,443,792,872,912,1784
02297700,AUTOMECA TECHNICAL COLLEGE              ,PR,00957-0000,Proprietary  ,430,259,689,990,529,1519
02303800,AMERICAN EDUCATIONAL COLLEGE            ,PR,00961-0000,Proprietary  ,167,341,508,236,457,693
02335500,COLEGIO BIBLICO PENTECOSTAL DE PR       ,PR,00978-0000,Private      ,10,76,86,25,198,223
02340600,HUMACAO COMMUNITY COLLEGE               ,PR,00792-0000,Private      ,136,147,283,404,423,827
02343600,INSTITUTE OF BEAUTY CAREERS             ,PR,00613-0000,Proprietary  ,105,62,167,305,200,505
02460000,UNIVERSITY OF PUERTO RICO - MEDICAL SCIE,PR,00936-0000,Public       ,35,243,278,674,1447,2121
02482400,PONCE SCHOOL OF MEDICINE AND HEALTH SCIE,PR,00716-2347,Private      ,4,96,100,79,724,803
02502400,SERBIA'S SCHOOL OF BEAUTY CULTURE       ,PR,00785-0000,Proprietary  ,50,67,117,122,192,314
02504500,INSTITUCION CHAVIANO DE MAYAGUEZ        ,PR,00708-0000,Proprietary  ,11,23,34,20,46,66
02505400,ATLANTIC COLLEGE                        ,PR,00970-0000,Private      ,570,234,804,1165,396,1561
02534900,PONCE PARAMEDICAL COLLEGE (POPAC)       ,PR,00731-0000,Proprietary  ,606,497,1103,1668,1195,2863
02552300,COLEGIO MAYOR DE TECHNOLOGIA            ,PR,00714-0000,Proprietary  ,64,75,139,146,170,316
02562500,INTERNATIONAL TECHNICAL COLLEGE         ,PR,00918-0000,Proprietary  ,25,36,61,53,73,126
02563500,ROGIES SCHOOL OF BEAUTY CULTURE         ,PR,00910-0000,Proprietary  ,23,26,49,44,56,100
02569400,ESCUELA DE ARTES PLASTICAS              ,PR,00902-1112,Public       ,21,20,41,411,146,557
02570400,EDUCATIONAL TECHNICAL COLLEGE           ,PR,00925-3404,Proprietary  ,219,357,576,428,701,1129
02576100,ESCUELA TECNICA DE ELECTRICIDAD         ,PR,00731-0000,Proprietary  ,97,88,185,241,237,478
02587500,UNIVERSIDAD METROPOLITANA               ,PR,00928-0000,Private      ,2480,4435,6915,6735,7990,14725
02588600,SEMINARIO EVANGELICO DE PUERTO RICO     ,PR,00925-0000,Private      ,2,26,28,3,52,55
02593700,HISPANIC AMERICAN COLLEGE               ,PR,00725-0000,Proprietary  ,110,165,275,160,230,390
03016000,UNIVERSITY OF PUERTO RICO CAROLINA REGIO,PR,00985-0000,Public       ,264,138,402,3705,685,4390
03021900,EDIC COLLEGE                            ,PR,00726-0000,Proprietary  ,334,411,745,1064,944,2008
03025500,MECH TECH COLLEGE                       ,PR,00725-6118,Proprietary  ,937,676,1613,2653,1561,4214
03025900,"LICEO DE ARTE, DISENOS Y COMERCIO       ",PR,00726-0000,Proprietary  ,67,133,200,201,317,518
03029700,"UNIVERSAL TECHNOLOGY CLG OF PR, INC     ",PR,00605-1955,Private      ,235,378,613,499,859,1358
03061900,COLEGIO TECHNOLOGICO Y COMERCIAL        ,PR,00602-0960,Proprietary  ,22,28,50,34,54,88
03068400,STAR BEAUTY ACADEMY                     ,PR,00961-6312,Proprietary  ,28,35,63,31,36,67
03070500,D'MART INSTITUTE                        ,PR,00794-3517,Proprietary  ,202,271,473,493,694,1187
03075600,EMMA'S BEAUTY ACADEMY                   ,PR,00795-0000,Proprietary  ,123,83,206,271,134,405
03085700,PROFESSIONAL TECHNICAL INSTITUTION      ,PR,00960-7061,Proprietary  ,96,99,195,199,205,404
03104400,PROFESSIONAL ELECTRIC SCHOOL            ,PR,00674-1797,Proprietary  ,17,23,40,38,35,73
03106900,ESCUELA DE PERITOS ELECTRICITAS         ,PR,00662-0457,Proprietary  ,19,9,28,50,37,87
03112100,JOHN DEWEY COLLEGE                      ,PR,00915-9538,Private      ,852,1827,2679,1493,3027,4520
03112101,JOHN DEWEY COLLEGE                      ,PR,00986-0000,Private      ,159,265,424,349,620,969
03112102,JOHN DEWEY COLLEGE-BAYAMON CAMPUS       ,PR,00959-0000,Private      ,68,164,232,125,258,383
03112104,JOHN DEWEY COLLEGE - YABUCOA LRNING SITE,PR,00767-0767,Private      ,0,2,2,23,33,56
03112105,JOHN DEWEY COLLEGE - FAJARDO BRANCH     ,PR,00738-0738,Private      ,38,96,134,155,246,401
03112106,JOHN DEWEY COLLEGE - ARROYO BRANCH      ,PR,00714-0714,Private      ,19,40,59,56,94,150
03112107,JOHN DEWEY COLLEGE - JUANA DIAZ BRANCH  ,PR,00795-0000,Private      ,80,95,175,176,225,401
03112108,JOHN DEWEY COLLEGE - HATILLO CAMPUS     ,PR,00659-0000,Private      ,54,71,125,98,180,278
03112109,JOHN DEWEY COLLEGE - MANATI             ,PR,00674-0000,Private      ,158,245,403,308,467,775
03115900,TRINITY COLLEGE OF PUERTO RICO          ,PR,00734-0000,Private      ,76,101,177,153,201,354
03122500,ACADEMIA SERRANT INC.                   ,PR,00717-1568,Proprietary  ,122,119,241,161,174,335
03123100,GLOBELLE TECHNICAL INSTITUTE            ,PR,00693-4218,Proprietary  ,18,26,44,61,61,122
03124200,NOVA COLLEGE DE PUERTO RICO             ,PR,00960-4016,Proprietary  ,39,92,131,104,197,301
03157600,"COLEGIO DE CINEMATOGRAFIA, ARTES Y TELEV",PR,00961-6345,Proprietary  ,325,184,509,689,366,1055
03177300,SAN JUAN BAUTISTA SCH OF MEDICINE       ,PR,00726-0000,Private      ,4,46,50,23,314,337
03336300,CENTURY COLLEGE                         ,PR,00603-0000,Proprietary  ,49,76,125,102,147,249
03414300,MONTECLARO                              ,PR,00745-9612,Private      ,7,6,13,16,19,35
03452300,INSTITUTO PRE-VOCACIONAL E INDUSTRI     ,PR,00613-1800,Private      ,68,145,213,74,149,223
03469300,IVAEM COLLEGE                           ,PR,00725-0000,Proprietary  ,28,20,48,103,54,157
03531300,UNIVERSIDAD PENTECOSTAL MIZPA           ,PR,00928-0966,Private      ,9,99,108,29,311,340
03544300,ATENAS COLLEGE                          ,PR,00674-0000,Private      ,234,261,495,933,733,1666
03552300,LESTON COLLEGE                          ,PR,00961-6309,Proprietary  ,73,55,128,89,82,171
03585300,CENTRO DE CAPACITACION Y ASESORAMIE     ,PR,00612-0000,Private      ,0,2,2,1,9,10
03608300,CARIBBEAN FORENSIC & TECHNICAL COLL     ,PR,00926-0000,Proprietary  ,17,51,68,37,74,111
03638300,ROSSLYN TRAINING ACADEMY OF COSMETOLOGY ,PR,00602-3225,Proprietary  ,21,41,62,23,41,64
03735400,"CHARLIES GUARD,DETECTIVE BUREAU&ACA     ",PR,00605-0000,Proprietary  ,33,36,69,40,44,84
03751300,ESCUELA HOTELERA DE SAN JUAN            ,PR,00917-0091,Proprietary  ,180,140,320,646,383,1029
03758300,BAYAMON COMMUNITY COLLEGE               ,PR,00960-0000,Proprietary  ,44,149,193,69,185,254
03781400,INDUSTRIAL TECHNICAL COLLEGE            ,PR,00792-0000,Proprietary  ,70,110,180,121,200,321
03785300,J.G. GUAYNABO TECHNICAL COLLEGE         ,PR,00960-0000,Proprietary  ,12,36,48,33,74,107
03800300,COLEGIO TECNICO DE ELECTRICIDAD GALLOSA ,PR,00602-0000,Proprietary  ,13,24,37,19,35,54
03800400,INSTITUTE OF BEAUTY OCCUPATIONS AND TECH,PR,00676-5071,Proprietary  ,46,58,104,63,71,134
03843300,ADVANCED TECH COLLEGE                   ,PR,00961-6321,Proprietary  ,24,52,76,36,84,120
03849300,AGUADILLA TECHNICAL COLLEGE             ,PR,00603-0000,Proprietary  ,14,45,59,32,65,97
03965400,MYRANGEL BEAUTY INSTITUTE               ,PR,00754-3917,Proprietary  ,45,77,122,86,107,193
04030300,"ASPIRA DE PUERTO RICO, ACADEMIA DE TECNO",PR,00987-0000,Private      ,0,0,0,2,4,6
04107300,CARIB TECHNOLOGICAL INSTITUTE           ,PR,00960-0000,Proprietary  ,40,58,98,63,162,225
04117200,INSTITUTO EDUCATIVO PREMIER             ,PR,00731-0000,Proprietary  ,62,76,138,118,153,271
04131600,LIBERTY TECHNICAL COLLEGE               ,PR,00737-1298,Proprietary  ,30,54,84,73,98,171
04164300,GLOBAL INSTITUTE                        ,PR,00725-6485,Proprietary  ,14,13,27,18,17,35
04176000,AMERICAN TECHNICAL INSTITUTE            ,PR,00957-0000,Proprietary  ,9,18,27,18,39,57
00394600,UNIVERSITY OF THE VIRGIN ISLANDS        ,VI,00802-9990,Public       ,154,176,330,1096,791,1887
00394601,UNIV OF THE VIRGIN ISLANDS-ST CROIX     ,VI,00850-0000,Public       ,86,137,223,572,625,1197
00667700,MCGILL UNIVERSITY                       ,CN,00000-0000,Public       ,62,47,109,1494,425,1919
00667900,QUEEN'S UNIVERSITY AT KINGSTON          ,CN,00000-0000,Public       ,10,8,18,105,38,143
00668100,ST FRANCIS XAVIER UNIVERSITY            ,CN,00000-0000,Public       ,3,2,5,25,10,35
00668200,ST THOMAS UNIVERSITY                    ,CN,00000-0000,Public       ,4,1,5,46,5,51
00668300,UNIVERSITY OF GUELPH                    ,CN,00000-0000,Public       ,4,12,16,47,82,129
00668400,UNIVERSITY OF MANITOBA                  ,CN,00000-0000,Public       ,5,14,19,57,48,105
00668500,UNIVERSITY OF NEW BRUNSWICK (THE)       ,CN,00000-0000,Public       ,2,3,5,29,17,46
00668600,UNIVERSITY OF OTTAWA                    ,CN,00000-0000,Public       ,8,18,26,52,75,127
00668800,UNIVERSITY OF TORONTO                   ,CN,00000-0000,Public       ,25,52,77,341,370,711
00668900,UNIVERSITY OF WINDSOR                   ,CN,00000-0000,Public       ,8,12,20,26,49,75
00683700,UNIVERSITE LAVAL                        ,CN,00000-0000,Public       ,3,6,9,10,32,42
00683800,DALHOUSIE UNIVERSITY                    ,CN,00000-0000,Public       ,14,18,32,128,62,190
00685200,BISHOP'S UNIVERSITY                     ,CN,00000-0000,Private      ,2,2,4,65,6,71
00685300,MCMASTER UNIVERSITY                     ,CN,00000-0000,Public       ,1,6,7,22,28,50
00767900,YORK UNIVERSITY                         ,CN,00000-0000,Public       ,5,19,24,82,98,180
00787400,UNIVERSITY AT CALGARY (THE)             ,CN,00000-0000,Public       ,5,13,18,47,64,111
00814800,UNIVERSITY OF WINNIPEG                  ,CN,00000-0000,Public       ,2,3,5,26,16,42
00836200,UNIVERSITY OF ALBERTA (THE)             ,CN,00000-0000,Public       ,5,6,11,47,39,86
00836300,MOUNT SAINT VINCENT UNIVERSITY          ,CN,00000-0000,Public       ,2,1,3,10,7,17
00836400,SAINT MARY'S UNIVERSITY                 ,CN,00000-0000,Public       ,2,2,4,15,15,30
00836500,CONCORDIA UNIVERSITY - SIR GEORGE W     ,CN,00000-0000,Public       ,24,27,51,261,155,416
00836600,UNIVERSITE DE MONTREAL                  ,CN,00000-0000,Public       ,4,14,18,24,60,84
00836800,CARLETON UNIVERSITY                     ,CN,00000-0000,Public       ,4,6,10,62,39,101
00836900,UNIVERSITY OF BRITISH COLUMBIA          ,CN,00000-0000,Public       ,84,88,172,838,529,1367
00837000,"SAFA, UNIVERSITY OF VICTORIA            ",CN,00000-0000,Public       ,10,11,21,137,59,196
00844400,SIMON FRASER UNIVERSITY                 ,CN,00000-0000,Public       ,18,16,34,145,101,246
00844600,UNIVERSITY OF WESTERN ONTARIO (THE)     ,CN,00000-0000,Public       ,6,15,21,53,77,130
00844800,UNIVERSITY OF REGINA                    ,CN,00000-0000,Public       ,1,1,2,8,10,18
00844900,ACADIA UNIVERSITY                       ,CN,00000-0000,Public       ,7,2,9,53,12,65
00852600,UNIVERSITY OF WATERLOO                  ,CN,00000-0000,Public       ,4,4,8,54,30,84
00858200,WILFRID LAURIER UNIVERSITY              ,CN,00000-0000,Public       ,2,2,4,10,10,20
00891300,LAKEHEAD UNIVERSITY                     ,CN,00000-0000,Public       ,3,3,6,8,7,15
00911900,UNIVERSITE DE MONCTON                   ,CN,00000-0000,Public       ,0,0,0,1,1,2
00925200,BROCK UNIVERSITY                        ,CN,00000-0000,Public       ,0,0,0,12,12,24
00936700,UNIVERSITY OF PRINCE EDWARD ISLAND      ,CN,00000-0000,Public       ,1,13,14,22,106,128
00942100,BRANDON UNIVERSITY                      ,CN,00000-0000,Public       ,3,0,3,13,12,25
00948600,TRINITY WESTERN UNIVERSITY              ,CN,00000-0000,Private      ,6,7,13,123,59,182
00950000,MEMORIAL UNIVERSITY OF NEWFOUNDLAND     ,CN,00000-0000,Public       ,3,4,7,16,28,44
00950100,UNIVERSITY OF KING'S COLLEGE            ,CN,00000-0000,Public       ,5,1,6,32,5,37
00950300,MOUNT ALLISON UNIVERSITY                ,CN,00000-0000,Public       ,9,1,10,31,3,34
00950400,NOVA SCOTIA AGRICULTURAL COLLEGE        ,CN,00000-0000,Public       ,0,1,1,2,4,6
00950500,TRENT UNIVERSITY                        ,CN,00000-0000,Public       ,0,0,0,8,3,11
00969800,MEDICINE HAT COLLEGE                    ,CN,00000-0000,Public       ,0,0,0,4,4,8
01012300,NOVA SCOTIA COLLEGE OF ART & DESIGN     ,CN,00000-0000,Public       ,0,2,2,14,10,24
01022100,SAINT PAUL UNIVERSITY                   ,CN,00000-0000,Public       ,1,6,7,4,18,22
01045800,SHERIDAN COLLEGE OF APPLIED ARTS AN     ,CN,00000-0000,Public       ,7,10,17,53,26,79
01067500,REGENT COLLEGE                          ,CN,00000-0000,Private      ,0,18,18,7,74,81
01070300,UNIVERSITY OF LETHBRIDGE                ,CN,00000-0000,Public       ,0,4,4,5,7,12
01072000,RYERSON UNIVERSITY                      ,CN,00000-0000,Public       ,5,12,17,58,59,117
01172200,BRIERCREST BIBLE COLLEGE                ,CN,00000-0000,Private      ,1,2,3,9,6,15
01222800,HUMBER COLLEGE                          ,CN,00000-0000,Public       ,3,9,12,38,50,88
01227400,PROVIDENCE COLLEGE                      ,CN,00000-0000,Private      ,0,2,2,32,5,37
02102100,KINGSWOOD UNIVERSITY                    ,CN,00000-0000,Private      ,12,8,20,63,18,81
02167000,PRAIRIE BIBLE INST                      ,CN,00000-0000,Private      ,2,0,2,13,6,19
02184600,INSTITUTE FOR CHRISTIAN STUDIES         ,CN,00000-0000,Private      ,1,1,2,4,1,5
02195700,TAYLOR UNIVERSITY COLLEGE AND SEMINARY  ,CN,00000-0000,Private      ,0,0,0,1,4,5
02201100,COLUMBIA BIBLE COLLEGE                  ,CN,00000-0000,Private      ,0,5,5,14,12,26
02216400,TYNDALE COLLEGE & SEMINARY              ,CN,00000-0000,Private      ,1,4,5,6,14,20
02219200,UNIVERSITY OF SASKATCHEWAN              ,CN,00000-0000,Public       ,1,5,6,13,28,41
02324900,EMMANUEL BIBLE COLLEGE                  ,CN,00000-0000,Private      ,0,0,0,1,1,2
02338800,EMILY CARR UNIVERSITY OF ART AND DESIGN ,CN,00000-0000,Public       ,8,9,17,70,49,119
02577200,SALVATION ARMY WM & CATHERINE BOOTH     ,CN,00000-0000,Private      ,1,0,1,3,0,3
02593800,CONCORDIA UNIVERSITY COLLEGE            ,CN,00000-0000,Private      ,2,1,3,10,10,20
02611900,THE KING'S UNIVERSITY COLLEGE           ,CN,00000-0000,Private      ,1,0,1,3,6,9
03018300,ROCKY MOUNTAIN COLLEGE: CENTRE FOR BIBLI,CN,00000-0000,Private      ,1,1,2,2,1,3
03033800,UNIVERSITY COLLEGE OF CAPE BRETON       ,CN,00000-0000,Public       ,1,1,2,6,6,12
03078300,VANCOUVER SCHOOL OF THEOLOGY            ,CN,00000-0000,Private      ,0,2,2,1,9,10
03273300,CANADIAN COLLEGE OF NATUROPATHIC ME     ,CN,00000-0000,Private      ,1,4,5,2,17,19
03298300,ALBERTA COLLEGE OF ART & DESIGN         ,CN,00000-0000,Public       ,2,5,7,23,20,43
03332500,KWANTLEN UNIVERSITY COLLEGE             ,CN,00000-0000,Public       ,0,3,3,4,14,18
03335400,CANADIAN UNIVERSITY COLLEGE             ,CN,00000-0000,Private      ,5,4,9,45,18,63
03339300,ST. STEPHENS UNIVERSITY                 ,CN,00000-0000,Private      ,3,2,5,3,2,5
03348500,REDEEMER UNIVERSITY COLLEGE             ,CN,00000-0000,Private      ,2,1,3,14,3,17
03420300,HOLLAND COLLEGE                         ,CN,00000-0000,Public       ,1,6,7,13,8,21
03560400,NIAGARA COLLEGE-WELLAND CAMPUS          ,CN,00000-0000,Public       ,2,2,4,15,12,27
03613300,UNIV OF NORTHERN BRITISH COLUMBIA       ,CN,00000-0000,Public       ,0,4,4,7,14,21
03644400,CANADIAN MENNONITE UNIVERSITY           ,CN,00000-0000,Private      ,1,0,1,7,1,8
03674400,CANADIAN SOUTHERN BAPTIST SEMINARY      ,CN,00000-0000,Private      ,0,0,0,1,2,3
03711300,CAPILANO UNIVERSITY                     ,CN,00000-0000,Public       ,1,6,7,16,18,34
03846300,PACIFIC LIFE BIBLE COLLEGE              ,CN,00000-0000,Private      ,5,0,5,11,4,15
03847300,CRANDALL UNIVERSITY                     ,CN,00000-0000,Private      ,1,2,3,3,3,6
04075300,QUEST UNIVERSITY CANADA                 ,CN,00000-0000,Private      ,10,3,13,140,7,147
04123100,ATLANTIC SCHOOL OF THEOLOGY             ,CN,00000-0000,Public       ,0,2,2,1,5,6
04156700,AMBROSE UNIVERSITY COLLEGE              ,CN,00000-0000,Private      ,1,3,4,10,9,19
00814700,UNIVERSIDAD AUTONOMA DE GUADALAJARA     ,MX,00000-0000,Private      ,7,95,102,81,999,1080
01041800,INST TEC Y DE ESTSUPER DE MONTERRE      ,MX,00000-0000,Private      ,9,6,15,84,65,149
01067600,UNIVERSIDAD DE MONTERREY                ,MX,00000-0000,Private      ,4,5,9,32,35,67
01093800,UNIVERSIDAD DE GUANAJUATO               ,MX,00000-0000,Public       ,3,9,12,24,41,65
01230100,UNIV AUTON DE TAMAULIPAS FAC DEMED      ,MX,00000-0000,Public       ,0,3,3,0,3,3
02053300,CENTRO DE ESTUDIOS UNIVERSITARIOS D     ,MX,00000-0000,Private      ,17,31,48,49,76,125
04183900,CETYS UNIVERSIDAD                       ,MX,00000-0000,Private      ,15,17,32,95,58,153
01001000,AMERICAN SAMOA CMNTY COLLEGE            ,AS,96799-2609,Public       ,737,184,921,1172,385,1557
01034300,COLLEGE OF MICRONESIA - FSM             ,FM,96941-0159,Public       ,996,612,1608,1756,792,2548
01100900,PALAU COMMUNITY COLLEGE                 ,PW,96940-0009,Public       ,191,102,293,723,284,1007
03022400,COLLEGE OF THE MARSHALL ISLANDS         ,MH,96960-1258,Public       ,416,192,608,546,292,838
03033000,NORTHERN MARIANAS COLLEGE               ,MP,96950-0000,Public       ,244,123,367,851,438,1289
