OPE ID,School,State,Zip Code,School Type,20132014Qtr2_Dependent Students,20132014Qtr2_Independent Students,Quarterly Total,YTD_20132014Qtr2_Dependent Students,YTD_20132014Qtr2_Independent Students,Award Year To Date Total
00100200,ALABAMA AGRCLTL & MECHL UNIV            ,AL,35762-1357,Public       ,1773,1271,3044,5342,2463,7805
00100300,FAULKNER UNIVERSITY                     ,AL,36109-3398,Private      ,568,1447,2015,1659,2752,4411
00100400,UNIVERSITY OF MONTEVALLO                ,AL,35115-6000,Public       ,803,516,1319,2155,1112,3267
00100500,ALABAMA STATE UNIVERSITY                ,AL,36101-0000,Public       ,2808,1983,4791,8312,4117,12429
00100700,CENTRAL ALABAMA COMMUNITY COLLEGE       ,AL,35011-0000,Public       ,350,562,912,1030,1098,2128
00100800,ATHENS STATE UNIVERSITY                 ,AL,35611-1999,Public       ,357,1331,1688,713,2243,2956
00100900,AUBURN UNIVERSITY                       ,AL,36849-5113,Public       ,3786,2095,5881,16012,4963,20975
00101200,BIRMINGHAM SOUTHERN COLLEGE             ,AL,35254-0002,Private      ,441,271,712,1786,543,2329
00101300,CALHOUN COMMUNITY COLLEGE               ,AL,35609-2216,Public       ,1900,2987,4887,3765,5121,8886
00101500,ENTERPRISE STATE COMMUNITY COLLEGE      ,AL,36331-1300,Public       ,409,627,1036,976,1100,2076
00101600,UNIVERSITY OF NORTH ALABAMA             ,AL,35632-0001,Public       ,1874,1090,2964,4538,1960,6498
00101700,GADSDEN STATE COMMUNITY COLLEGE         ,AL,35903-2269,Public       ,1002,1916,2918,2182,3443,5625
00101800,GEORGE C WALLACE COMMUNITY COLLEGE      ,AL,36303-0943,Public       ,757,1465,2222,1593,2524,4117
00101900,HUNTINGDON COLLEGE                      ,AL,36106-2148,Private      ,475,239,714,1335,489,1824
00102000,JACKSONVILLE STATE UNIVERSITY           ,AL,36265-1602,Public       ,2265,2088,4353,6069,3955,10024
00102100,JEFFERSON DAVIS COMMUNITY COLLEGE       ,AL,36427-2790,Public       ,242,281,523,472,524,996
00102200,JEFFERSON STATE COMMUNITY COLLEGE       ,AL,35215-3098,Public       ,1889,3129,5018,3564,5727,9291
00102300,JUDSON COLLEGE                          ,AL,36756-2504,Private      ,152,64,216,314,107,421
00102400,UNIVERSITY OF WEST ALABAMA              ,AL,35470-0000,Public       ,845,1655,2500,2222,2978,5200
00102600,MARION MILITARY INSTITUTE               ,AL,36756-3214,Public       ,181,28,209,419,65,484
00102800,MILES COLLEGE                           ,AL,35064-2697,Private      ,851,451,1302,2063,888,2951
00102900,UNIVERSITY OF MOBILE                    ,AL,36613-0000,Private      ,619,864,1483,1539,1510,3049
00103000,BISHOP STATE COMMUNITY COLLEGE          ,AL,36603-5898,Public       ,1008,1953,2961,1649,3287,4936
00103100,NORTHEAST ALABAMA STATE CMNTY COLG      ,AL,35986-0159,Public       ,453,608,1061,851,983,1834
00103300,OAKWOOD COLLEGE                         ,AL,35896-0001,Private      ,645,412,1057,1586,835,2421
00103400,ALABAMA SOUTHERN COMMUNITY COLLEGE      ,AL,36460-5698,Public       ,459,388,847,894,641,1535
00103600,SAMFORD UNIVERSITY                      ,AL,35229-7000,Private      ,568,1013,1581,3522,2222,5744
00103800,SNEAD STATE COMMUNITY COLLEGE           ,AL,35957-0734,Public       ,448,642,1090,1245,1173,2418
00104000,SOUTHERN UNION STATE COMMUNITY CLG      ,AL,36276-0000,Public       ,1254,1152,2406,2815,2183,4998
00104100,SPRING HILL COLLEGE                     ,AL,36608-1791,Private      ,485,354,839,2323,706,3029
00104400,STILLMAN COLLEGE                        ,AL,35403-1430,Private      ,615,218,833,1527,491,2018
00104600,TALLADEGA COLLEGE                       ,AL,35160-2354,Private      ,305,167,472,812,357,1169
00104700,TROY UNIVERSITY                         ,AL,36082-0001,Public       ,2993,7686,10679,7437,13707,21144
00105000,TUSKEGEE UNIVERSITY                     ,AL,36088-1645,Private      ,1177,397,1574,4863,1245,6108
00105100,UNIVERSITY OF ALABAMA (THE)             ,AL,35487-0120,Public       ,5687,3771,9458,24927,8882,33809
00105200,UNIVERSITY OF ALABAMA AT BIRMINGHAM     ,AL,35294-1150,Public       ,3430,4989,8419,10318,9803,20121
00105500,UNIVERSITY OF ALABAMA IN HUNTSVILLE     ,AL,35899-0001,Public       ,1629,1753,3382,4270,3263,7533
00105700,UNIVERSITY OF SOUTH ALABAMA             ,AL,36688-0002,Public       ,3818,4298,8116,8958,7684,16642
00105900,LAWSON STATE COMMUNITY COLLEGE          ,AL,35221-1798,Public       ,733,1156,1889,1427,2142,3569
00105901,LAWSON STATE COMMUNITY COLLEGE - BESSEME,AL,35021-0308,Public       ,241,471,712,489,873,1362
00106000,FAULKNER STATE COMMUNITY COLLEGE        ,AL,36507-2698,Public       ,1433,1413,2846,2573,2461,5034
00526000,J.F. DRAKE STATE TECH COLLEGE           ,AL,35811-1584,Public       ,217,730,947,403,1275,1678
00569100,SHELTON STATE COMMUNITY CLG             ,AL,35405-4017,Public       ,1629,1380,3009,3303,2567,5870
00569200,REID STATE TECHNICAL COLLEGE            ,AL,36401-0000,Public       ,77,214,291,146,355,501
00569700,NORTHWEST- SHOALS COMMUNITY COLLEGE     ,AL,35661-0000,Public       ,720,751,1471,1410,1238,2648
00569900,GEORGE C WALLACE STATE CMTY COLLEGE     ,AL,36703-0000,Public       ,436,589,1025,753,1028,1781
00573300,BEVILL STATE CMTY COLLEGE-WALKER        ,AL,35148-0000,Public       ,566,1046,1612,1663,2052,3715
00573400,H. COUNCILL TRENHOLM STATE TECH COLLEGE ,AL,36108-0020,Public       ,304,700,1004,531,1255,1786
00573401,H. C. TRENHOLM ST TECH COL-PATTERSON CAM,AL,36116-2612,Public       ,177,373,550,347,714,1061
00787100,GEORGE C WALLACE STATE CMTY CLG         ,AL,35077-2000,Public       ,1431,1656,3087,2690,2718,5408
00831000,AUBURN UNIVERSITY-MONTGOMERY            ,AL,36124-0000,Public       ,1319,1474,2793,3976,3442,7418
00898800,LURLEEN B WALLACE COMMUNITY COLLEGE     ,AL,36420-0418,Public       ,295,437,732,798,775,1573
01055400,CONCORDIA COLLEGE                       ,AL,36701-3323,Private      ,368,222,590,582,347,929
01218200,CHATTAHOOCHEE VALLEY CMTY CLG           ,AL,36869-7917,Public       ,419,739,1158,803,1280,2083
01303906,SOUTH UNIVERSITY - MONTGOMERY           ,AL,36116-1120,Proprietary  ,142,532,674,270,964,1234
02170600,UNITED STATES SPORTS ACADEMY            ,AL,36526-7055,Private      ,18,222,240,37,457,494
02199700,HERITAGE CHRISTIAN UNIVERSITY           ,AL,35630-0000,Private      ,11,36,47,28,67,95
02270400,SOUTHEASTERN BIBLE COLLEGE              ,AL,35244-2083,Private      ,56,120,176,113,208,321
02285000,PAUL MITCHELL THE SCHOOL HUNTSVILLE     ,AL,35758-0000,Proprietary  ,37,57,94,57,109,166
02296000,PRINCE INSTITUTE OF PROFESSIONAL STUDIES,AL,36117-0000,Proprietary  ,25,133,158,35,243,278
02341000,FORTIS COLLEGE                          ,AL,36609-0000,Proprietary  ,305,913,1218,523,1705,2228
02503400,AMRIDGE UNIVERSITY                      ,AL,36124-0000,Private      ,20,338,358,49,635,684
02605500,REMINGTON COLLEGE - MOBILE CAMPUS       ,AL,36609-5593,Private      ,373,882,1255,553,1453,2006
03010600,VIRGINIA COLLEGE                        ,AL,35209-5154,Proprietary  ,1576,8924,10500,2324,14746,17070
03010602,VIRGINIA COLLEGE - HUNTSVILLE           ,AL,35805-0000,Proprietary  ,90,341,431,184,682,866
03010607,VIRGINIA COLLEGE - MOBILE               ,AL,36608-1626,Proprietary  ,206,652,858,298,994,1292
03010616,VIRGINIA COLLEGE - MONTGOMERY           ,AL,36117-2802,Proprietary  ,156,570,726,322,1168,1490
03032500,ALABAMA STATE CLG BARBER STYLING        ,AL,35215-0000,Proprietary  ,26,49,75,69,111,180
03361400,FORTIS COLLEGE                          ,AL,36535-0000,Proprietary  ,73,249,322,116,440,556
03459300,SOUTHEASTERN SCHOOL OF COSMETOLOGY      ,AL,35228-0000,Private      ,10,42,52,28,71,99
03783300,BLUE CLIFF CAREER COLLEGE               ,AL,63306-4749,Proprietary  ,44,120,164,80,219,299
03894300,HUNTSVILLE BIBLE COLLEGE                ,AL,35811-0000,Private      ,13,69,82,23,132,155
04066300,CARDIAC AND VASCULAR INSTITUTE OF ULTRAS,AL,36604-1411,Proprietary  ,29,107,136,50,217,267
04067300,SELMA UNIVERSITY                        ,AL,36701-0000,Private      ,56,119,175,111,247,358
04121500,COLUMBIA SOUTHERN UNIVERSITY            ,AL,36561-3815,Proprietary  ,189,4834,5023,350,9873,10223
04149200,XCELL ACADEMY-A PAUL MITCHELL PARTNER SC,AL,35216-4990,Proprietary  ,39,86,125,67,163,230
04187200,NEW BEGINNING COLLEGE OF COSMETOLOGY    ,AL,35950-2415,Proprietary  ,29,57,86,53,106,159
04187300,HAIR ACADEMY (THE)                      ,AL,36111-2201,Proprietary  ,20,54,74,45,109,154
04197500,UNIVERSITY ACADEMY OF HAIR DESIGN       ,AL,35476-3100,Proprietary  ,21,40,61,33,73,106
04211000,SALON PROFESSIONAL ACADEMY (THE)        ,AL,35816-1849,Proprietary  ,22,63,85,45,122,167
00111100,ALLAN HANCOCK COLLEGE                   ,CA,93454-6399,Public       ,1227,1823,3050,4102,3845,7947
00111300,ANTELOPE VALLEY COLLEGE                 ,CA,93536-5426,Public       ,1507,3219,4726,5830,8175,14005
00111600,ART CENTER COLLEGE OF DESIGN            ,CA,91103-1999,Private      ,226,282,508,1735,1283,3018
00111700,AZUSA PACIFIC UNIVERSITY                ,CA,91702-7000,Private      ,805,2237,3042,10051,7049,17100
00111800,BAKERSFIELD COLLEGE                     ,CA,93305-1299,Public       ,2381,3397,5778,9755,8740,18495
00111900,BARSTOW COMMUNITY COLLEGE               ,CA,92311-6608,Public       ,348,1218,1566,1014,2595,3609
00112000,AMER BAPT SEM OF THE WEST-BERKELEY      ,CA,94704-0000,Private      ,1,18,19,7,47,54
00112200,BIOLA UNIVERSITY                        ,CA,90639-0001,Private      ,610,545,1155,6432,1917,8349
00112300,BROOKS INSTITUTE                        ,CA,93103-1809,Proprietary  ,119,155,274,424,349,773
00112400,CABRILLO COLLEGE                        ,CA,95003-3194,Public       ,995,1520,2515,4381,4220,8601
00112500,CALIFORNIA BAPTIST UNIVERSITY           ,CA,92504-3297,Private      ,633,1226,1859,6910,4464,11374
00112700,CALIFORNIA COLLEGE OF THE ARTS          ,CA,94107-2206,Private      ,316,383,699,2186,1728,3914
00113100,CALIFORNIA INSTITUTE OF TECHNOLOGY      ,CA,91125-0001,Private      ,171,132,303,3374,618,3992
00113200,CALIFORNIA INSTITUTE OF THE ARTS        ,CA,91355-2397,Private      ,200,168,368,2484,1469,3953
00113300,CALIFORNIA LUTHERAN UNIVERSITY          ,CA,91360-2787,Private      ,362,534,896,5042,1533,6575
00113400,CALIFORNIA MARITIME ACADEMY             ,CA,94590-8181,Public       ,46,44,90,1077,393,1470
00113700,CALIF STATE UNIV-FULLERTON              ,CA,92831-3599,Public       ,2262,3586,5848,47917,21246,69163
00113800,"CALIFORNIA STATE UNIVERSITY, EAST BAY   ",CA,94542-3000,Public       ,973,2750,3723,16638,12784,29422
00113900,CALIF STATE UNIV-LONG BEACH             ,CA,90840-0006,Public       ,2553,3677,6230,56779,23100,79879
00114000,CALIF STATE UNIV-LOS ANGELES            ,CA,90032-4226,Public       ,1766,3692,5458,36109,20988,57097
00114100,"CALIF STATE UNIV, DOMINGUEZ HILLS       ",CA,90747-0001,Public       ,803,2761,3564,18199,14746,32945
00114200,CALIF STATE UNIV SAN BERNARDINO         ,CA,92407-2397,Public       ,1242,2574,3816,21037,12914,33951
00114300,CAL POLY STATE UNIVERSITY               ,CA,93407-0001,Public       ,1209,605,1814,37585,4452,42037
00114400,CALIF STATE POLYTECHNIC UNIV POMONA     ,CA,91768-2500,Public       ,1425,1662,3087,34688,10914,45602
00114600,CALIF STATE UNIV - CHICO                ,CA,95929-0001,Public       ,1329,1347,2676,21612,6478,28090
00114700,CALIF STATE UNIV - FRESNO               ,CA,93740-8026,Public       ,1570,2440,4010,25195,11728,36923
00114900,HUMBOLDT STATE UNIVERSITY               ,CA,95521-8299,Public       ,547,584,1131,12549,4102,16651
00115000,CALIF STATE UNIV-SACRAMENTO             ,CA,95819-6044,Public       ,2278,3710,5988,31575,18703,50278
00115100,SAN DIEGO STATE UNIVERSITY              ,CA,92182-1690,Public       ,3123,4028,7151,56105,19566,75671
00115300,CALIF STATE UNIV-NORTHRIDGE             ,CA,91330-8307,Public       ,2407,4042,6449,41081,20452,61533
00115400,SAN FRANCISCO STATE UNIVERSITY          ,CA,94132-1740,Public       ,1845,2889,4734,39224,18355,57579
00115500,SAN JOSE STATE UNIVERSITY               ,CA,95192-0036,Public       ,1884,3346,5230,32234,15774,48008
00115600,SONOMA STATE UNIVERSITY                 ,CA,94928-3609,Public       ,721,696,1417,13371,3524,16895
00115700,CALIF STATE UNIV-STANISLAUS             ,CA,95382-0299,Public       ,493,1031,1524,9717,5661,15378
00116100,CERRITOS COLLEGE                        ,CA,90650-6296,Public       ,2828,3571,6399,15252,10596,25848
00116200,CHABOT COLLEGE                          ,CA,94545-2400,Public       ,1494,2386,3880,5773,5792,11565
00116300,CHAFFEY COLLEGE                         ,CA,91737-9400,Public       ,3113,4581,7694,13073,11310,24383
00116400,CHAPMAN UNIVERSITY                      ,CA,92866-1099,Private      ,588,590,1178,11376,3067,14443
00116453,CHAPMAN UNIVERSITY SCHOOL OF LAW        ,CA,92866-0000,Private      ,4,223,227,70,1358,1428
00116500,CHURCH DIV SCH OF THE PACIFIC           ,CA,94709-0000,Private      ,1,9,10,4,63,67
00116600,CITRUS COLLEGE                          ,CA,91741-1899,Public       ,1503,1692,3195,8856,5525,14381
00116900,CLAREMONT GRADUATE UNIVERSITY           ,CA,91711-0000,Private      ,2,337,339,30,1526,1556
00117000,CLAREMONT MCKENNA COLLEGE               ,CA,91711-6400,Private      ,229,50,279,3588,177,3765
00117100,HARVEY MUDD COLLEGE                     ,CA,91711-5990,Private      ,41,25,66,2563,111,2674
00117200,PITZER COLLEGE                          ,CA,91711-6101,Private      ,188,54,242,2916,200,3116
00117300,POMONA COLLEGE                          ,CA,91711-6301,Private      ,361,56,417,4931,222,5153
00117400,SCRIPPS COLLEGE                         ,CA,91711-3948,Private      ,129,24,153,1892,150,2042
00117600,WEST HILLS COMMUNITY COLLEGE            ,CA,93210-1399,Public       ,275,427,702,1310,951,2261
00117700,COGSWELL POLYTECHNICAL COLLEGE          ,CA,94089-1210,Proprietary  ,78,54,132,337,159,496
00117800,COLLEGE OF MARIN                        ,CA,94904-2590,Public       ,172,478,650,977,1629,2606
00117801,COLG OF MARIN-INDIAN VALLEY CMPS        ,CA,94949-0000,Public       ,50,164,214,233,516,749
00117900,NOTRE DAME DE NAMUR UNIVERSITY          ,CA,94002-1997,Private      ,112,362,474,1747,1220,2967
00118100,COLLEGE OF SAN MATEO                    ,CA,94402-3784,Public       ,608,858,1466,2983,2336,5319
00118200,COLLEGE OF THE DESERT                   ,CA,92260-9305,Public       ,1373,2014,3387,4961,4684,9645
00118300,HOLY NAMES UNIVERSITY                   ,CA,94619-1699,Private      ,100,297,397,1032,1050,2082
00118500,COLLEGE OF THE REDWOODS                 ,CA,95501-9300,Public       ,550,1201,1751,2167,2904,5071
00118600,COLLEGE OF THE SEQUOIAS                 ,CA,93277-2234,Public       ,1610,2186,3796,6083,5305,11388
00118700,COLLEGE OF THE SISKIYOUS                ,CA,96094-2899,Public       ,189,347,536,926,880,1806
00118701,COLLEGE OF THE SISKIYOUS - YREKA CENTER ,CA,96097-9538,Public       ,32,107,139,129,293,422
00119000,CONTRA COSTA COLLEGE                    ,CA,94806-3195,Public       ,438,1003,1441,2150,2855,5005
00119100,DIABLO VALLEY COLLEGE                   ,CA,94523-1544,Public       ,1118,1592,2710,5497,4562,10059
00119200,CUESTA COLLEGE                          ,CA,93403-8106,Public       ,728,1009,1737,3896,2770,6666
00119300,CYPRESS COLLEGE                         ,CA,90630-5897,Public       ,1475,2177,3652,10120,7221,17341
00119600,DOMINICAN UNIVERSITY OF CALIFORNIA      ,CA,94901-2298,Private      ,132,294,426,3000,1240,4240
00119700,EL CAMINO COLLEGE                       ,CA,90506-0002,Public       ,2865,3678,6543,13444,10335,23779
00119701,COMPTON COMMUNITY COLLEGE               ,CA,90221-5393,Public       ,708,1464,2172,2971,3882,6853
00119900,FOOTHILL COLLEGE                        ,CA,94022-4597,Public       ,694,1358,2052,3202,3349,6551
00120000,FULLER THEOLOGICAL SEMINARY             ,CA,91182-0000,Private      ,5,342,347,24,1873,1897
00120100,FULLERTON COLLEGE                       ,CA,92832-2095,Public       ,2178,2502,4680,12890,7412,20302
00120200,GAVILAN COLLEGE                         ,CA,95020-9599,Public       ,584,723,1307,1726,1591,3317
00120300,GLENDALE COMMUNITY COLLEGE              ,CA,91208-2894,Public       ,1541,2302,3843,9351,7057,16408
00120500,GOLDEN GATE UNIVERSITY                  ,CA,94105-2967,Private      ,37,760,797,202,2728,2930
00120600,GOLDEN WEST COLLEGE                     ,CA,92647-2748,Public       ,1316,1877,3193,8396,5964,14360
00120700,GRADUATE THEOLOGICAL UNION              ,CA,94709-0000,Private      ,0,42,42,1,271,272
00120800,GROSSMONT COLLEGE                       ,CA,92020-1799,Public       ,1732,2926,4658,8255,8164,16419
00120900,HARTNELL COMMUNITY COLLEGE              ,CA,93901-1697,Public       ,982,1028,2010,3567,2458,6025
00121200,HUMPHREYS COLLEGE                       ,CA,95207-3896,Private      ,60,321,381,319,904,1223
00121400,IMPERIAL VALLEY COLLEGE                 ,CA,92251-9787,Public       ,1223,1352,2575,3750,2533,6283
00121500,LA SIERRA UNIVERSITY                    ,CA,92515-3332,Private      ,335,366,701,3455,1302,4757
00121600,UNIVERSITY OF LA VERNE                  ,CA,91750-4443,Private      ,338,1537,1875,6392,5571,11963
00121700,LASSEN COLLEGE                          ,CA,96130-3000,Public       ,169,187,356,485,475,960
00121800,LOMA LINDA UNIVERSITY                   ,CA,92350-0001,Private      ,166,1161,1327,1257,5649,6906
00121900,LONG BEACH CITY COLLEGE                 ,CA,90808-1780,Public       ,2562,3626,6188,16013,12233,28246
00122000,MASTER'S COLLEGE & SEMINARY (THE)       ,CA,91321-1200,Private      ,114,136,250,1418,414,1832
00122300,LOS ANGELES CITY COLLEGE                ,CA,90029-3588,Public       ,1974,4350,6324,9870,13215,23085
00122400,LOS ANGELES HARBOR COLLEGE              ,CA,90744-2397,Public       ,906,1537,2443,3959,4177,8136
00122600,LOS ANGELES PIERCE COLLEGE              ,CA,91371-0001,Public       ,2301,3048,5349,11758,8974,20732
00122700,LOS ANGELES TRADE TECH COLLEGE          ,CA,90015-4181,Public       ,1477,4088,5565,6197,10478,16675
00122800,LOS ANGELES VALLEY COLLEGE              ,CA,91401-4096,Public       ,1969,3103,5072,8920,8834,17754
00122900,SO CA UNIV  HEALTH SCIENCES             ,CA,90604-4051,Private      ,10,135,145,39,651,690
00123000,SOUTHERN CA COLLEGE OF OPTOMETRY        ,CA,92831-1699,Private      ,3,157,160,19,499,518
00123200,AMERICAN RIVER COLLEGE                  ,CA,95841-4286,Public       ,3205,7113,10318,13290,18055,31345
00123300,SACRAMENTO CITY COLLEGE                 ,CA,95822-1386,Public       ,2670,5241,7911,14004,14777,28781
00123600,MENLO COLLEGE                           ,CA,94027-4301,Private      ,145,56,201,1572,221,1793
00123700,MERCED COMMUNITY COLLEGE                ,CA,95348-2898,Public       ,1286,1819,3105,5850,4647,10497
00123800,MILLS COLLEGE                           ,CA,94613-1301,Private      ,90,301,391,1856,1692,3548
00123900,MIRACOSTA COLLEGE                       ,CA,92056-3899,Public       ,1005,2195,3200,4392,5350,9742
00124000,MODESTO JUNIOR COLLEGE                  ,CA,95350-5800,Public       ,1935,3145,5080,8875,9104,17979
00124200,MONTEREY PENINSULA COLLEGE              ,CA,93940-4799,Public       ,671,825,1496,2746,2165,4911
00124300,MOUNT ST MARYS COLLEGE                  ,CA,90049-1599,Private      ,211,552,763,3599,2289,5888
00124500,MT. SAN ANTONIO COLLEGE                 ,CA,91789-1399,Public       ,2925,3669,6594,17404,12316,29720
00124600,MT SAN JACINTO COLLEGE                  ,CA,92583-2399,Public       ,2159,3243,5402,7644,8752,16396
00124700,NAPA VALLEY COLLEGE                     ,CA,94558-6236,Public       ,648,937,1585,2678,2340,5018
00124900,OCCIDENTAL COLLEGE                      ,CA,90041-3314,Private      ,106,73,179,5347,379,5726
00125000,ORANGE COAST COLLEGE - FIN AID OFF      ,CA,92628-5005,Public       ,1902,2492,4394,12540,7913,20453
00125100,OTIS COLLEGE OF ART AND DESIGN          ,CA,90045-3505,Private      ,205,182,387,1578,735,2313
00125200,HOPE INTERNATIONAL UNIVERSITY           ,CA,92631-0000,Private      ,111,321,432,816,975,1791
00125300,FRESNO PACIFIC UNIVERSITY               ,CA,93702-4798,Private      ,218,868,1086,2661,3191,5852
00125400,PACIFIC LUTHERAN THEOLOGICAL SEM        ,CA,94708-0000,Private      ,0,10,10,2,63,65
00125500,PACIFIC OAKS COLLEGE                    ,CA,91103-3606,Private      ,15,435,450,72,1164,1236
00125600,PACIFIC SCHOOL OF RELIGION              ,CA,94709-0000,Private      ,0,20,20,1,179,180
00125800,PACIFIC UNION COLLEGE                   ,CA,94508-9797,Private      ,257,116,373,1769,424,2193
00125900,PALO VERDE COLLEGE                      ,CA,92225-0000,Public       ,64,181,245,144,291,435
00126000,PALOMAR COLLEGE                         ,CA,92069-1486,Public       ,1980,2772,4752,9015,6996,16011
00126100,PASADENA CITY COLLEGE                   ,CA,91106-2003,Public       ,3071,3688,6759,16665,10134,26799
00126200,POINT LOMA NAZARENE UNIVERSITY          ,CA,92106-2899,Private      ,349,396,745,4769,1201,5970
00126600,LANEY COLLEGE                           ,CA,94607-4893,Public       ,897,2579,3476,3661,6277,9938
00126700,MERRITT COLLEGE                         ,CA,94619-3196,Public       ,551,1622,2173,2269,4084,6353
00126800,PORTERVILLE COLLEGE                     ,CA,93257-6059,Public       ,596,812,1408,2176,1858,4034
00126900,RIO HONDO COLLEGE                       ,CA,90601-1699,Public       ,1995,2386,4381,11489,6842,18331
00127000,RIVERSIDE CITY COLLEGE                  ,CA,92506-1299,Public       ,3583,5083,8666,17578,14616,32194
00127200,SAN BERNARDINO VALLEY COLLEGE           ,CA,92410-2798,Public       ,1888,3605,5493,8780,10067,18847
00127300,SAN DIEGO CITY COLLEGE                  ,CA,92101-4787,Public       ,2196,4193,6389,9605,11149,20754
00127500,SAN DIEGO MESA COLLEGE                  ,CA,92111-4996,Public       ,2277,3494,5771,10116,9635,19751
00127800,SAN FRANCISCO CONSERVATORY OF MUSIC     ,CA,94122-4498,Private      ,32,85,117,300,407,707
00127900,SAN FRANCISCO THEOLOGICAL SEMINARY      ,CA,94960-0000,Private      ,0,34,34,0,57,57
00128000,SAN JOAQUIN DELTA COLLEGE               ,CA,95207-6370,Public       ,1807,3165,4972,8283,8489,16772
00128100,WILLIAM JESSUP UNIVERSITY               ,CA,95765-3707,Private      ,131,159,290,1102,547,1649
00128200,SAN JOSE CITY COLLEGE                   ,CA,95128-2797,Public       ,840,1869,2709,4281,5165,9446
00128400,SANTA ANA COLLEGE                       ,CA,92706-3398,Public       ,1255,2168,3423,8076,5989,14065
00128500,SANTA BARBARA CITY COLLEGE              ,CA,93109-2394,Public       ,2078,2033,4111,8800,4777,13577
00128600,SANTA MONICA COLLEGE                    ,CA,90405-1644,Public       ,3784,3627,7411,18967,9863,28830
00128700,SANTA ROSA JUNIOR COLLEGE               ,CA,95401-4395,Public       ,1138,2059,3197,5666,5699,11365
00128800,CLAREMONT SCHOOL OF THEOLOGY            ,CA,91711-0000,Private      ,0,82,82,6,281,287
00128900,SHASTA COLLEGE                          ,CA,96049-7692,Public       ,745,1623,2368,3492,4153,7645
00129000,SIERRA COLLEGE                          ,CA,95677-3397,Public       ,2263,3351,5614,7861,7752,15613
00129100,SIMPSON UNIVERSITY                      ,CA,96003-8606,Private      ,101,260,361,1342,1070,2412
00129200,SOLANO COMMUNITY COLLEGE                ,CA,94534-3197,Public       ,777,1719,2496,3260,4337,7597
00129300,VANGUARD UNIVERSITY OF SOUTHERN CA      ,CA,92626-6597,Private      ,165,309,474,2495,1054,3549
00129400,SOUTHWESTERN COLLEGE                    ,CA,91910-7299,Public       ,2181,2762,4943,8703,6927,15630
00129500,SOUTHWESTERN LAW SCHOOL                 ,CA,90010-1106,Private      ,12,371,383,67,2147,2214
00129600,DOMINICAN SCH PHILOSOPHY & THEOLOGY     ,CA,94709-0000,Private      ,2,14,16,7,52,59
00129900,ST JOHN'S SEMINARY COLLEGE              ,CA,93010-0000,Private      ,1,1,2,8,6,14
00130200,SAINT MARY'S COLLEGE OF CALIFORNIA      ,CA,94556-2744,Private      ,169,425,594,5657,1454,7111
00130500,STANFORD UNIVERSITY                     ,CA,94305-6106,Private      ,1705,630,2335,25681,3518,29199
00130501,STANFORD UNIVERSITY - GRADUATE SCHOOL OF,CA,94305-5301,Private      ,14,301,315,70,1387,1457
00130502,STANFORD UNIVERSITY - GRADUATE SCHOOL OF,CA,94305-5015,Private      ,18,418,436,80,1671,1751
00130503,STANFORD UNIVERSITY - STANFORD LAW SCHOO,CA,94305-3096,Private      ,33,239,272,228,2181,2409
00130700,FRESNO CITY COLLEGE                     ,CA,93741-0002,Public       ,2477,4715,7192,15889,14310,30199
00130800,REEDLEY COLLEGE                         ,CA,93654-2099,Public       ,1459,1564,3023,6883,4422,11305
00130900,TAFT COLLEGE                            ,CA,93268-2317,Public       ,389,574,963,1643,1228,2871
00131200,UNIVERSITY OF CALIFORNIA-BERKELEY       ,CA,94720-1520,Public       ,1650,2527,4177,56510,18639,75149
00131300,UNIVERSITY OF CALIFORNIA-DAVIS          ,CA,95616-8558,Public       ,1405,1796,3201,54095,14292,68387
00131400,UNIVERSITY OF CALIFORNIA-IRVINE         ,CA,92697-2825,Public       ,1031,1694,2725,59358,13678,73036
00131500,UNIVERSITY OF CALIFORNIA (UCLA)         ,CA,90095-9000,Public       ,2479,4000,6479,72605,25639,98244
00131502,UNIV OF CALIFORNIA LOS ANG SCH MED      ,CA,90095-0000,Public       ,30,159,189,328,1147,1475
00131503,UNIV OF CALIFORNIA LOS ANG DENTAL       ,CA,90095-0000,Public       ,10,73,83,113,212,325
00131600,UNIVERSITY OF CALIFORNIA-RIVERSIDE      ,CA,92521-0209,Public       ,1164,1461,2625,40690,9222,49912
00131700,UNIVERSITY OF CALIFORNIA-SAN DIEGO      ,CA,92093-0013,Public       ,1253,1428,2681,53249,10618,63867
00131900,UNIVERSITY OF CALIFORNIA-SFRANCISCO     ,CA,94143-0246,Public       ,201,708,909,1666,4331,5997
00132000,UNIVERSITY OF CALIFORNIA-SANTA BARB     ,CA,93106-3180,Public       ,1375,736,2111,53026,7221,60247
00132100,UNIVERSITY OF CALIFORNIA-SANTA CRUZ     ,CA,95064-0001,Public       ,845,563,1408,37127,5183,42310
00132200,UNIVERSITY OF REDLANDS                  ,CA,92373-0999,Private      ,263,917,1180,5712,2777,8489
00132500,UNIVERSITY OF SAN FRANCISCO             ,CA,94117-1080,Private      ,456,1590,2046,13440,7447,20887
00132600,SANTA CLARA UNIVERSITY                  ,CA,95053-4956,Private      ,359,804,1163,11825,3261,15086
00132604,JESUIT SCHOOL OF THEOLOGY - BERKELEY    ,CA,94709-1193,Private      ,0,12,12,0,53,53
00132800,UNIVERSITY OF SOUTHERN CALIFORNIA       ,CA,90089-0914,Private      ,1616,7002,8618,44124,26998,71122
00132900,UNIVERSITY OF THE PACIFIC               ,CA,95211-0197,Private      ,408,538,946,12255,3373,15628
00132901,UNIVERSITY OF THE PACIFIC - MCGEORGE SCH,CA,95817-2799,Private      ,21,180,201,194,1431,1625
00132902,UNIV OF THE PACIFIC SCH OF DENT         ,CA,94115-0000,Private      ,11,119,130,75,687,762
00133400,VENTURA COLLEGE                         ,CA,93003-3899,Public       ,1345,1680,3025,5209,3982,9191
00133500,VICTOR VALLEY COLLEGE                   ,CA,92395-5849,Public       ,1393,2647,4040,5542,7088,12630
00133800,WEST VALLEY COLLEGE                     ,CA,95070-5697,Public       ,773,1018,1791,2795,2213,5008
00134100,WESTMONT COLLEGE                        ,CA,93108-1099,Private      ,210,36,246,2539,151,2690
00134200,WHITTIER COLLEGE                        ,CA,90601-4413,Private      ,222,144,366,4249,597,4846
00134201,WHITTIER COLLEGE - COLLEGE OF LAW       ,CA,92626-1501,Private      ,3,324,327,35,1222,1257
00134300,WOODBURY UNIVERSITY                     ,CA,91510-7846,Private      ,113,189,302,1241,791,2032
00134400,YUBA COLLEGE                            ,CA,95901-7699,Public       ,864,1730,2594,3139,3845,6984
00177212,TRINITY INTERNATIONAL UNIV-CA           ,CA,92705-0000,Private      ,5,87,92,16,224,240
00274100,AMERICAN JEWISH UNIVERSITY              ,CA,90077-1599,Private      ,14,50,64,91,131,222
00301002,ANTIOCH UNIV/LOS ANGELES                ,CA,90230-7615,Private      ,12,325,337,49,846,895
00301003,ANTIOCH  UNIV/SANTA BARBARA             ,CA,93101-0000,Private      ,44,145,189,714,508,1222
00369110,MIDDLEBURY COLLEGE - MONTEREY INSTITUTE ,CA,93940-2691,Private      ,6,154,160,49,798,847
00394700,UC-HASTINGS COLLEGE OF THE LAW          ,CA,94102-0000,Public       ,9,184,193,40,2902,2942
00394800,SAN FRANCISCO ART INSTITUTE             ,CA,94133-2299,Private      ,267,300,567,1816,1174,2990
00408000,STARR KING SCHOOL FOR THE MINISTRY      ,CA,94709-1299,Private      ,0,28,28,0,77,77
00448000,DE ANZA COLLEGE                         ,CA,95014-5793,Public       ,1504,1912,3416,7906,5199,13105
00448100,OHLONE COLLEGE                          ,CA,94539-5847,Public       ,808,999,1807,3301,2589,5890
00448400,JOHN F. KENNEDY UNIVERSITY              ,CA,94523-4817,Private      ,10,347,357,49,1110,1159
00449000,PATTEN UNIVERSITY                       ,CA,94601-2699,Private      ,6,18,24,47,89,136
00449400,EVEREST COLLEGE                         ,CA,92408-3752,Proprietary  ,144,376,520,442,716,1158
00450200,CITY COLLEGE OF SAN FRANCISCO           ,CA,94112-0000,Public       ,1461,3510,4971,8335,9992,18327
00450302,EVEREST COLLEGE - SANTA ANA             ,CA,92701-4559,Proprietary  ,122,176,298,341,372,713
00563800,DOWNEY ADULT SCHOOL                     ,CA,90241-5610,Public       ,65,216,281,220,531,751
00565500,HACIENDA LA PUENTE ADULT EDUC CTR       ,CA,91746-0000,Public       ,67,211,278,172,451,623
00616500,LA CNTY CLG OF NURSING & ALLD HLTH      ,CA,90033-1018,Public       ,25,144,169,198,541,739
00672000,COLLEGE OF ALAMEDA                      ,CA,94501-2109,Public       ,531,1096,1627,2401,2838,5239
00673100,CASA LOMA COLLEGE                       ,CA,91405-4523,Private      ,98,271,369,204,492,696
00697300,CANADA COLLEGE                          ,CA,94061-1099,Public       ,287,570,857,1193,1555,2748
00697500,LINCOLN UNIVERSITY                      ,CA,94612-2801,Private      ,2,48,50,34,137,171
00701200,SAMUEL MERRITT COLLEGE                  ,CA,94609-3108,Private      ,51,629,680,415,2310,2725
00704700,LOS ANGELES SOUTHWEST COLLEGE           ,CA,90047-4810,Public       ,679,2141,2820,3049,5896,8945
00705000,BAY VISTA COLLEGE OF BEAUTY             ,CA,91950-3616,Proprietary  ,29,76,105,52,115,167
00711500,MOORPARK COLLEGE                        ,CA,93021-1695,Public       ,1118,1162,2280,5265,3208,8473
00713000,NEWBERRY SCHOOLS OF BEAUTY              ,CA,91344-7404,Proprietary  ,17,30,47,55,63,118
00714200,LYLE'S COLLEGE OF BEAUTY                ,CA,93710-3948,Proprietary  ,19,47,66,95,127,222
00716400,BRYAN COLLEGE                           ,CA,90057-0000,Proprietary  ,68,444,512,176,1105,1281
00718700,NORTH ADRIAN'S COLLEGE OF BEAUTY        ,CA,95350-2381,Proprietary  ,28,47,75,90,111,201
00719000,WYOTECH                                 ,CA,94539-7663,Proprietary  ,194,441,635,477,857,1334
00720300,SALON SUCCESS ACADEMY                   ,CA,91786-4060,Proprietary  ,37,51,88,75,92,167
00720400,MODERN BEAUTY ACADEMY                   ,CA,93030-7016,Proprietary  ,11,29,40,43,48,91
00722900,WESTERN BEAUTY INSTITUTE                ,CA,91402-3104,Proprietary  ,43,103,146,80,156,236
00723400,HEALD COLLEGE                           ,CA,94105-2206,Proprietary  ,168,460,628,490,1228,1718
00723404,HEALD COLLEGE - CONCORD                 ,CA,94520-0000,Proprietary  ,229,611,840,564,1364,1928
00723405,HEALD COLLEGE - MILPITAS                ,CA,95035-8008,Proprietary  ,241,661,902,629,1603,2232
00723406,HEALD COLLEGE - HAYWARD                 ,CA,94545-2352,Proprietary  ,170,472,642,581,1401,1982
00723407,HEALD COLLEGE - MODESTO                 ,CA,95368-9095,Proprietary  ,152,282,434,633,1060,1693
00723408,HEALD COLLEGE - ROSEVILLE               ,CA,95678-5303,Proprietary  ,158,451,609,559,1442,2001
00723409,HEALD COLLEGE - SALINAS                 ,CA,93906-5100,Proprietary  ,143,320,463,662,1166,1828
00723410,HEALD COLLEGE - STOCKTON                ,CA,95210-5667,Proprietary  ,206,537,743,843,1740,2583
00723411,HEALD COLLEGE - RANCHO CORDOVA          ,CA,95670-6005,Proprietary  ,114,366,480,442,1265,1707
00723412,HEALD COLLEGE - FRESNO                  ,CA,93704-1706,Proprietary  ,208,526,734,1171,2042,3213
00725300,FEDERICO BEAUTY INSTITUTE               ,CA,95834-1905,Proprietary  ,63,121,184,208,293,501
00729600,COLEMAN COLLEGE                         ,CA,92123-0000,Private      ,44,236,280,206,563,769
00732909,ITT TECHNICAL INSTITUTE                 ,CA,92868-3506,Proprietary  ,186,913,1099,364,1385,1749
00732971,ITT TECHNICAL INSTITUTE                 ,CA,95670-6047,Proprietary  ,184,821,1005,323,1223,1546
00732976,ITT TECHNICAL INSTITUTE                 ,CA,92408-3519,Proprietary  ,365,1158,1523,784,1747,2531
00732981,ITT TECHNICAL INSTITUTE                 ,CA,92123-2662,Proprietary  ,168,930,1098,506,1514,2020
00732985,ITT TECHNICAL INSTITUTE                 ,CA,91773-2933,Proprietary  ,184,815,999,295,1098,1393
00732989,ITT TECHNICAL INSTITUTE                 ,CA,90502-1356,Proprietary  ,152,681,833,297,1031,1328
00732994,ITT TECHNICAL INSTITUTE                 ,CA,91342-3664,Proprietary  ,121,566,687,225,820,1045
00747600,MARINELLO SCHOOLS OF BEAUTY             ,CA,90023-2666,Proprietary  ,169,258,427,360,388,748
00747602,MARINELLO SCHOOLS OF BEAUTY - SPA ACADEM,CA,90048-5101,Proprietary  ,50,94,144,124,178,302
00747603,MARINELLO SCHOOLS OF BEAUTY - INGLEWOOD ,CA,90301-2306,Proprietary  ,38,63,101,66,83,149
00747604,MARINELLO SCHOOLS OF BEAUTY - RESEDA    ,CA,91335-4218,Proprietary  ,4,12,16,19,28,47
00747606,MARINELLO SCHOOLS OF BEAUTY - WEST COVIN,CA,91790-2805,Proprietary  ,10,16,26,55,45,100
00747607,MARINELLO SCHOOLS OF BEAUTY - SAN BERNAR,CA,92410-3261,Proprietary  ,26,59,85,144,167,311
00747608,MARINELLO SCHOOLS OF BEAUTY - ONTARIO   ,CA,91762-2113,Proprietary  ,86,131,217,175,215,390
00747609,MARINELLO SCHOOLS OF BEAUTY - WHITTIER  ,CA,90601-4107,Proprietary  ,44,65,109,100,91,191
00747610,MARINELLO SCHOOLS OF BEAUTY - LOMITA    ,CA,90717-1460,Proprietary  ,31,58,89,50,89,139
00747611,MARINELLO SCHOOLS OF BEAUTY - SAN DIEGO ,CA,92126-4217,Proprietary  ,46,127,173,180,229,409
00747612,MARINELLO SCHOOLS OF BEAUTY - EL CAJON  ,CA,92020-2503,Proprietary  ,32,97,129,70,139,209
00747613,MARINELLO SCHOOLS OF BEAUTY - VICTORVILL,CA,92392-5496,Proprietary  ,48,127,175,124,211,335
00747614,MARINELLO SCHOOLS OF BEAUTY - ANAHEIM   ,CA,92801-4622,Proprietary  ,44,61,105,147,149,296
00747615,MARINELLO SCHOOLS OF BEAUTY - SIMI VALLE,CA,93065-2801,Proprietary  ,37,52,89,59,90,149
00753100,ACADEMY OF ART UNIVERSITY               ,CA,94105-3410,Proprietary  ,1615,3308,4923,6669,8828,15497
00753600,COSUMNES RIVER COLLEGE                  ,CA,95823-5799,Public       ,1624,3075,4699,8731,8790,17521
00754802,WESTWOOD COLLEGE OF TECHNOLOGY          ,CA,92801-0000,Proprietary  ,238,231,469,618,481,1099
00754803,WESTWOOD COLLEGE OF TECHNOLOGY          ,CA,91786-0000,Proprietary  ,218,206,424,727,700,1427
00760600,EVEREST COLLEGE                         ,CA,90010-2221,Proprietary  ,68,212,280,347,454,801
00760700,CONCORDE CAREER INSTITUTE               ,CA,91606-3134,Proprietary  ,78,193,271,221,435,656
00770700,COLUMBIA COLLEGE                        ,CA,95370-8580,Public       ,289,478,767,1138,1111,2249
00771300,SKYLINE COLLEGE                         ,CA,94066-1698,Public       ,672,1077,1749,3118,2789,5907
00793000,CONCORDE CAREER INSTITUTE               ,CA,92108-0000,Proprietary  ,104,401,505,287,914,1201
00799300,CALIF STATE UNIV BAKERSFIELD            ,CA,93311-1022,Public       ,752,1363,2115,10341,6097,16438
00807100,CONCORDE CAREER INSTITUTE               ,CA,92840-9201,Proprietary  ,93,250,343,268,576,844
00807300,BUTTE COMMUNITY COLLEGE                 ,CA,95965-0000,Public       ,1815,2737,4552,6874,6959,13833
00809000,EVEREST COLLEGE                         ,CA,91803-1310,Proprietary  ,100,198,298,231,405,636
00853700,CONCORDE CAREER INSTITUTE               ,CA,92401-0000,Proprietary  ,103,356,459,311,796,1107
00859600,WEST LOS ANGELES COLLEGE                ,CA,90230-3500,Public       ,961,2077,3038,3965,5655,9620
00859700,FEATHER RIVER COLLEGE                   ,CA,95971-9124,Public       ,160,147,307,672,405,1077
00884400,CALIFORNIA CHRISTIAN COLLEGE            ,CA,93703-3599,Private      ,16,32,48,89,110,199
00884600,WRIGHT INSTITUTE                        ,CA,94704-0000,Private      ,1,195,196,5,430,435
00890300,COLLEGE OF THE CANYONS                  ,CA,91355-1899,Public       ,1397,1638,3035,6943,4497,11440
00891800,SADDLEBACK COLLEGE                      ,CA,92692-3699,Public       ,1049,1706,2755,5036,4897,9933
00902200,ASSOCIATED TECHNICAL COLLEGE            ,CA,90017-0000,Proprietary  ,28,141,169,125,273,398
00903200,EMPIRE COLLEGE                          ,CA,95403-2122,Proprietary  ,51,197,248,143,372,515
00915706,WYOMING TECHNICAL INSTITUTE - WEST SACRA,CA,95605-1507,Proprietary  ,73,134,207,297,319,616
00927200,CRAFTON HILLS COLLEGE                   ,CA,92399-1799,Public       ,826,1107,1933,3591,2999,6590
00950900,SKILLS & BUSINESS EDUCATION CENTER      ,CA,95824-1529,Public       ,71,272,343,257,677,934
00974800,CARRINGTON COLLEGE CALIFORNIA           ,CA,95826-3203,Proprietary  ,288,806,1094,823,1804,2627
00974801,CARRINGTON COLLEGE CALIFORNIA - SAN LEAN,CA,94578-3711,Proprietary  ,93,192,285,219,413,632
00974802,CARRINGTON COLLEGE CALIFORNIA - PLEASANT,CA,94523-1984,Proprietary  ,88,227,315,182,385,567
00974803,CARRINGTON COLLEGE CALIFORNIA - STOCKTON,CA,95207-5509,Proprietary  ,132,209,341,378,532,910
00974804,CARRINGTON COLLEGE CALIFORNIA - CITRUS H,CA,95621-5577,Proprietary  ,84,195,279,210,411,621
00974806,CARRINGTON COLLEGE CALIFORNIA -  ANTIOCH,CA,94531-1604,Proprietary  ,62,144,206,162,347,509
00974807,CARRINGTON COLLEGE CALIFORNIA - SAN JOSE,CA,95119-1325,Proprietary  ,147,335,482,419,753,1172
00974808,CARRINGTON COLLEGE CALIFORNIA - EMERYVIL,CA,94608-3006,Proprietary  ,21,36,57,84,114,198
00974809,WESTERN CAREER COLLEGE -  EMERYVILLE SHE,CA,94608-3006,Proprietary  ,3,3,6,8,14,22
00998900,SANTA BARBARA BUSINESS COLLEGE          ,CA,93111-0000,Proprietary  ,85,253,338,279,442,721
01011100,CERRO-COSO COMMUNITY COLLEGE            ,CA,93555-9571,Public       ,275,814,1089,748,1627,2375
01014900,PEPPERDINE UNIVERSITY                   ,CA,90263-0000,Private      ,333,1475,1808,8981,5130,14111
01034000,LOS MEDANOS COLLEGE                     ,CA,94565-5197,Public       ,753,1224,1977,2912,3297,6209
01036500,CHARLES R DREW UNIV OF MED & SCI        ,CA,90059-0000,Private      ,15,206,221,128,762,890
01039500,UNIVERSITY OF SAN DIEGO                 ,CA,92110-2492,Private      ,823,1326,2149,17879,5648,23527
01039501,UNIVERSITY OF SAN DIEGO - SCHOOL OF LAW ,CA,92110-2492,Private      ,35,371,406,196,2245,2441
01044100,PARDEE RAND GRADUATE SCHOOL             ,CA,90407-2138,Private      ,0,8,8,4,24,28
01047400,MARYMOUNT COLLEGE OF PALOS VERDES       ,CA,90275-0000,Private      ,106,37,143,1256,179,1435
01085400,THOMAS JEFFERSON SCHOOL OF LAW          ,CA,92110-0000,Private      ,7,507,514,43,1626,1669
01102400,EVEREST COLLEGE                         ,CA,94103-2091,Proprietary  ,38,123,161,103,273,376
01110700,EVEREST  COLLEGE                        ,CA,92801-5231,Proprietary  ,107,213,320,372,477,849
01110900,EVEREST COLLEGE                         ,CA,91335-4631,Proprietary  ,128,198,326,261,379,640
01111200,FIDM-FASHION INSTITUTE OF DESIGN        ,CA,90015-1421,Proprietary  ,918,518,1436,5359,1783,7142
01111700,ALLIANT INTERNATIONAL UNIVERSITY        ,CA,92131-1799,Private      ,36,368,404,156,1784,1940
01111705,ALLIANT INTERNATIONAL UNIVERSITY - LOS A,CA,91803-1360,Private      ,3,85,88,19,607,626
01111706,ALLIANT INTERNATIONAL UNIVERSITY - SAN F,CA,94133-1221,Private      ,7,146,153,27,749,776
01111707,ALLIANT INTERNATIONAL UNIVERSITY - FRESN,CA,93727-2014,Private      ,6,89,95,68,476,544
01112100,EVEREST COLLEGE                         ,CA,94541-4007,Proprietary  ,23,96,119,93,253,346
01112300,EVEREST COLLEGE                         ,CA,90247-4163,Proprietary  ,62,187,249,160,373,533
01146000,NATIONAL UNIVERSITY                     ,CA,92037-1011,Private      ,265,5218,5483,837,13088,13925
01162600,PRACTICAL SCHOOLS                       ,CA,92805-0000,Proprietary  ,135,262,397,257,525,782
01164900,LOYOLA MARYMOUNT UNIVERSITY             ,CA,90045-0000,Private      ,623,956,1579,12622,3367,15989
01164901,LMU  - LOYOLA LAW SCHOOL                ,CA,90015-0019,Private      ,24,338,362,182,2881,3063
01167200,MENDOCINO COLLEGE                       ,CA,95482-3000,Public       ,339,603,942,1180,1465,2645
01170700,NORTH-WEST COLLEGE                      ,CA,91790-2097,Proprietary  ,68,167,235,164,299,463
01179200,FRANCISCAN SCHOOL OF THEOLOGY           ,CA,94709-0000,Private      ,0,12,12,5,33,38
01182000,SAN DIEGO MIRAMAR COLLEGE               ,CA,92126-0000,Public       ,1031,2167,3198,4565,5602,10167
01186500,CALIFORNIA HAIR DESIGN ACADEMY          ,CA,92115-0000,Proprietary  ,46,83,129,131,166,297
01186600,LU ROSS ACADEMY                         ,CA,93001-2927,Proprietary  ,29,75,104,101,164,265
01202600,JE BOUTIQUE COLLEGE OF BEAUTY           ,CA,92021-6247,Proprietary  ,31,84,115,51,113,164
01202700,GALEN COLLEGE OF CALIFORNIA             ,CA,93728-2381,Proprietary  ,5,20,25,53,82,135
01203100,SAN DIEGO CHRISTIAN COLLEGE             ,CA,92019-1157,Private      ,152,174,326,878,530,1408
01206100,EVEREST COLLEGE                         ,CA,95128-3908,Proprietary  ,42,134,176,210,333,543
01215400,CALIFORNIA INSTITUTE OF INTEGRAL STUDIES,CA,94103-2557,Private      ,7,576,583,43,1352,1395
01230002,PALMER COLLEGE OF CHIROPRACTIC - WEST CA,CA,95134-1617,Private      ,2,11,13,22,209,231
01231600,MANCHESTER BEAUTY COLLEGE               ,CA,93726-5306,Proprietary  ,24,47,71,118,106,224
01231700,TULARE BEAUTY COLLEGE                   ,CA,93274-3432,Proprietary  ,8,21,29,21,30,51
01244600,UNIVERSAL COLLEGE OF BEAUTY             ,CA,90044-0044,Proprietary  ,23,46,69,78,90,168
01245200,EVERGREEN VALLEY COLLEGE                ,CA,95135-1598,Public       ,864,1608,2472,4261,4310,8571
01255000,LOS ANGELES MISSION COLLEGE             ,CA,91342-3200,Public       ,1024,1514,2538,5587,4493,10080
01265000,MARINELLO SCHOOL OF BEAUTY              ,CA,91502-2828,Proprietary  ,48,94,142,105,163,268
01265001,MARINELLO SCHOOL OF BEAUTY - PALMDALE   ,CA,93550-4686,Proprietary  ,33,61,94,96,119,215
01284200,OXNARD COLLEGE                          ,CA,93030-0000,Public       ,642,1035,1677,2849,2770,5619
01287200,NORTH-WEST COLLEGE                      ,CA,91768-3199,Proprietary  ,91,223,314,208,411,619
01287300,WYOTECH                                 ,CA,90810-3800,Proprietary  ,275,604,879,701,1043,1744
01287301,WYOTECH - EVEREST  COLLEGE              ,CA,90034-3158,Proprietary  ,70,194,264,209,363,572
01287302,WYOTECH - EVEREST  COLLEGE              ,CA,91746-3412,Proprietary  ,151,298,449,339,573,912
01290700,LAKE TAHOE COMMUNITY COLLEGE            ,CA,96150-4524,Public       ,128,268,396,513,633,1146
01291200,MTI COLLEGE                             ,CA,95841-0000,Proprietary  ,99,335,434,469,1167,1636
01294200,ROSEMEAD BEAUTY SCHOOL                  ,CA,91770-1639,Proprietary  ,25,152,177,32,158,190
01298400,PROFESSIONAL INSTITUTE OF BEAUTY        ,CA,91731-2613,Proprietary  ,6,43,49,12,49,61
01298500,HAIR CALIFORNIA BEAUTY ACADEMY          ,CA,92867-7127,Proprietary  ,7,19,26,28,37,65
01298900,OCEANSIDE COLLEGE OF BEAUTY             ,CA,92054-5393,Proprietary  ,36,78,114,96,145,241
01301000,LANCASTER BEAUTY SCHOOL                 ,CA,93534-3098,Proprietary  ,39,87,126,87,163,250
01307400,AMERICAN BEAUTY COLLEGE                 ,CA,91790-2906,Proprietary  ,19,35,54,48,56,104
01309500,SALON SUCCESS ACADEMY                   ,CA,92879-6561,Proprietary  ,71,92,163,131,154,285
01310300,CALIFORNIA WESTERN SCHOOL OF LAW        ,CA,92101-0000,Private      ,27,365,392,115,1554,1669
01324000,LYTLE'S REDWOOD EMPIRE BEAUTY CLG       ,CA,95403-0000,Proprietary  ,41,87,128,128,176,304
02054900,MARINELLO SCHOOL OF BEAUTY              ,CA,92630-0000,Proprietary  ,75,142,217,91,169,260
02054902,MARINELLO SCHOOL OF BEAUTY - BAKERSFIELD,CA,93309-5001,Proprietary  ,85,126,211,275,285,560
02054903,MARINELLO SCHOOL OF BEAUTY - VISALIA    ,CA,93277-6228,Proprietary  ,18,44,62,86,101,187
02059800,PARIS BEAUTY COLLEGE                    ,CA,94520-2611,Proprietary  ,11,48,59,36,85,121
02061600,WAYNES COLLEGE OF BEAUTY                ,CA,93906-2830,Proprietary  ,12,22,34,45,44,89
02063500,COASTLINE COMMUNITY COLLEGE             ,CA,92708-0000,Public       ,380,1976,2356,2096,5146,7242
02064300,SIERRA COLLEGE OF BEAUTY                ,CA,95340-0000,Proprietary  ,17,33,50,79,81,160
02065700,CALIFORNIA BEAUTY COLLEGE               ,CA,95354-0000,Proprietary  ,42,62,104,137,168,305
02070500,CONCORDIA UNIVERSITY                    ,CA,92612-0000,Private      ,311,963,1274,3164,2243,5407
02075800,SOUTHERN CA INST OF ARCHITECTURE        ,CA,90013-0000,Private      ,29,105,134,248,484,732
02086400,MARINELLO SCHOOL OF BEAUTY              ,CA,95050-0000,Proprietary  ,29,67,96,56,101,157
02086401,MARINELLO SCHOOL OF BEAUTY - SEASIDE    ,CA,93955-3615,Proprietary  ,28,63,91,56,90,146
02086402,MARINELLO SCHOOL OF BEAUTY - SAN MATEO  ,CA,94401-3801,Proprietary  ,20,41,61,41,63,104
02086403,MARINELLO SCHOOL OF BEAUTY - HAYWARD    ,CA,94541-5111,Proprietary  ,24,56,80,70,113,183
02086404,MARINELLO SCHOOL OF BEAUTY - CASTRO VALL,CA,94546-5506,Proprietary  ,6,17,23,16,36,52
02091200,ELEGANCE INTERNATIONAL                  ,CA,90028-0000,Proprietary  ,37,55,92,71,111,182
02091700,KAPLAN COLLEGE                          ,CA,92123-1509,Proprietary  ,148,683,831,555,1761,2316
02091702,KAPLAN COLLEGE - CHULA VISTA            ,CA,91910-5342,Proprietary  ,75,169,244,203,344,547
02096100,FIELDING GRADUATE UNIVERSITY            ,CA,93105-0000,Private      ,0,272,272,3,622,625
02099200,AMERICAN CONSERVATORY THEATER           ,CA,94108-0000,Private      ,25,50,75,79,230,309
02110200,COLUMBIA COLLEGE                        ,CA,91356-0000,Private      ,73,56,129,322,151,473
02110800,CALIFORNIA COLLEGE SAN DIEGO            ,CA,92108-3821,Proprietary  ,455,1326,1781,1975,2393,4368
02111300,CUYAMACA COLLEGE                        ,CA,92019-0000,Public       ,814,1573,2387,3686,4822,8508
02119100,MISSION COLLEGE                         ,CA,95054-1897,Public       ,738,1553,2291,3062,3901,6963
02120600,SAYBROOK GRADUATE SCHOOL                ,CA,94111-1920,Private      ,0,280,280,4,520,524
02120700,SAN JOAQUIN VALLEY COLLEGE              ,CA,93291-0000,Proprietary  ,708,1662,2370,1798,3413,5211
02125000,CAREER ACADEMY OF BEAUTY                ,CA,92845-0000,Proprietary  ,27,61,88,54,108,162
02128200,"VICTOR VALLEY BEAUTY COLLEGE, INC       ",CA,92392-0000,Proprietary  ,44,72,116,121,158,279
02128300,INSTITUTE FOR BUSINESS & TECHNOLOGY     ,CA,95050-0000,Proprietary  ,26,140,166,71,261,332
02128301,INSTITUTE FOR BUSINESS & TECHNOLOGY - NA,CA,95670-6351,Proprietary  ,3,31,34,22,61,83
02138300,PALO ALTO UNIVERSITY                    ,CA,94304-1337,Private      ,9,186,195,69,820,889
02161800,MUSICIANS INSTITUTE                     ,CA,90028-6157,Proprietary  ,316,289,605,974,700,1674
02167800,ESTES INSTITUTE OF COSMETOLOGY          ,CA,93291-0000,Proprietary  ,23,34,57,82,84,166
02178700,CITRUS HEIGHTS BEAUTY COLLEGE           ,CA,95610-1410,Proprietary  ,33,38,71,94,99,193
02179916,ARGOSY UNIVERSITY - ORANGE COUNTY       ,CA,92868-4844,Proprietary  ,0,1,1,0,1,1
02179937,WESTERN STATE COLLEGE OF LAW            ,CA,92831-3014,Proprietary  ,4,261,265,27,874,901
02179938,"ART INSTITUTE OF CALIFORNIA, HOLLYWOOD  ",CA,91601-3112,Proprietary  ,491,400,891,2534,1486,4020
02179941,"ART INSTITUTE OF CALIFORNIA, LOS ANGELES",CA,90405-3035,Proprietary  ,543,486,1029,4112,2548,6660
02179947,"ART INSTITUTE OF CALIFORNIA, SAN DIEGO  ",CA,92108-4423,Proprietary  ,539,633,1172,2627,2209,4836
02185800,MOLER BARBER COLLEGE                    ,CA,94611-0000,Proprietary  ,18,54,72,39,119,158
02188400,SIERRA VALLEY COLLEGE OF COURT REPORTING,CA,93726-0000,Proprietary  ,21,62,83,59,126,185
02208600,MADERA BEAUTY COLLEGE                   ,CA,93637-3519,Proprietary  ,21,43,64,63,60,123
02211000,SALON SUCCESS ACADEMY                   ,CA,92405-0000,Proprietary  ,20,31,51,81,93,174
02220000,COLLEEN O'HARA BEAUTY ACADEMY           ,CA,92701-0000,Proprietary  ,20,32,52,50,60,110
02220200,CALIFORNIA CULINARY ACADEMY             ,CA,94102-3336,Proprietary  ,72,199,271,424,516,940
02221300,MARINELLO SCHOOL OF BEAUTY              ,CA,92553-0000,Proprietary  ,49,113,162,128,181,309
02221303,MARINELLO SCHOOL OF BEAUTY - SAN RAFAEL ,CA,94901-3224,Proprietary  ,8,37,45,29,57,86
02222000,AMERICAN FILM INSTITUTE                 ,CA,90027-0000,Private      ,96,314,410,449,843,1292
02226000,EAST LOS ANGELES COLLEGE                ,CA,91754-0000,Public       ,2763,3684,6447,14988,11425,26413
02228500,LIFE CHIROPRACTIC COLLEGE WEST          ,CA,94545-0000,Private      ,4,245,249,21,447,468
02230900,FREDRICK & CHARLES BEAUTY COLLEGE       ,CA,95501-0000,Proprietary  ,24,34,58,57,75,132
02231900,GEMOLOGICAL INSTITUTE OF AMERICA        ,CA,92008-4698,Private      ,25,108,133,55,209,264
02234300,FASHION CAREERS OF CALIFORNIA           ,CA,92110-0000,Proprietary  ,0,0,0,32,27,59
02236400,"THANH LE COLG, SCH OF COSMETOLOGY       ",CA,92840-0000,Proprietary  ,0,1,1,3,5,8
02237200,PHILLIPS GRADUATE INSTITUTE             ,CA,91316-0000,Private      ,2,57,59,6,146,152
02241800,AMERICAN CAREER COLLEGE                 ,CA,90004-0000,Proprietary  ,415,1000,1415,1077,2127,3204
02242700,BERKELEY CITY COLLEGE                   ,CA,94704-0000,Public       ,788,1312,2100,3518,3873,7391
02250602,EVEREST COLLEGE                         ,CA,91761-8525,Proprietary  ,194,463,657,525,991,1516
02255400,INTERNATIONAL SCHOOL OF COSMETOLOGY     ,CA,90250-0000,Proprietary  ,87,115,202,121,185,306
02258600,ALAMEDA BEAUTY COLLEGE                  ,CA,94501-0000,Proprietary  ,50,95,145,151,190,341
02262400,YESHIVA OHR ELCHONON CHABAD             ,CA,90046-0000,Private      ,13,0,13,72,3,75
02263101,ANTHEM COLLEGE - SACRAMENTO             ,CA,95827-3378,Proprietary  ,44,118,162,87,235,322
02267600,INSTITUTE OF TRANSPERSONAL PSYCHLGY     ,CA,94303-4624,Private      ,4,221,225,19,457,476
02270600,LIFE PACIFIC COLLEGE                    ,CA,91773-0000,Private      ,109,62,171,362,193,555
02276800,WESTMINSTER SEMINARY CALIFORNIA         ,CA,92027-0000,Private      ,2,20,22,7,148,155
02277400,SOUTH COAST COLLEGE                     ,CA,92868-2616,Proprietary  ,45,109,154,210,366,576
02282300,ALHAMBRA BEAUTY COLLEGE                 ,CA,91802-0000,Proprietary  ,10,46,56,25,65,90
02285100,HILLTOP BEAUTY SCHOOL                   ,CA,94014-0000,Proprietary  ,8,43,51,17,71,88
02298000,DESIGN INSTITUTE OF SAN DIEGO           ,CA,92121-0000,Proprietary  ,51,86,137,218,230,448
02304300,"PLATT COLLEGE, SAN DIEGO                ",CA,92115-0000,Proprietary  ,64,142,206,226,326,552
02306300,KAPLAN COLLEGE                          ,CA,95368-0000,Proprietary  ,90,246,336,240,471,711
02306302,KAPLAN COLLEGE - FRESNO                 ,CA,93612-3802,Proprietary  ,69,110,179,176,246,422
02309500,CLOVIS ADULT EDUC                       ,CA,93611-0000,Public       ,14,113,127,75,273,348
02312400,LA COLLEGE INTERNATIONAL                ,CA,90010-0000,Proprietary  ,0,0,0,1,3,4
02330500,LAGUNA COLLEGE OF ART AND DESIGN        ,CA,92651-0000,Private      ,83,58,141,660,230,890
02332800,CENTER FOR EMPLOYMENT TRAINING          ,CA,95110-0000,Private      ,124,556,680,215,777,992
02338500,GLENDALE CAREER COLLEGE                 ,CA,91203-1207,Proprietary  ,55,176,231,172,337,509
02338700,MARINELLO SCHOOL OF BEAUTY              ,CA,94103-0000,Proprietary  ,33,70,103,114,149,263
02338701,MARINELLO SCHOOL OF BEAUTY - CHICO      ,CA,95928-7184,Proprietary  ,30,57,87,99,113,212
02338702,MARINELLO SCHOOL OF BEAUTY - REDDING    ,CA,96001-1023,Proprietary  ,32,62,94,81,144,225
02338703,MARINELLO SCHOOL OF BEAUTY - FRESNO     ,CA,93711-3246,Proprietary  ,26,41,67,171,142,313
02342400,ACADEMY OF RADIO BROADCASTING           ,CA,92647-3809,Proprietary  ,28,79,107,75,157,232
02343400,"BELLUS ACADEMY, THE ACADEMY OF BEAUTY AN",CA,92064-4633,Proprietary  ,130,227,357,225,346,571
02345800,MONTEBELLO BEAUTY COLLEGE               ,CA,90640-0000,Proprietary  ,3,7,10,14,12,26
02351900,KAPLAN COLLEGE                          ,CA,95660-5512,Proprietary  ,107,480,587,396,1135,1531
02351901,KAPLAN COLLEGE - BAKERSFIELD            ,CA,93304-0000,Proprietary  ,99,247,346,419,617,1036
02358000,THOMAS AQUINAS COLLEGE                  ,CA,93060-9622,Private      ,31,14,45,383,32,415
02359300,SHASTA BIBLE COLLEGE                    ,CA,96002-0000,Private      ,7,22,29,44,63,107
02482700,WESTERN UNIVERSITY OF HEALTH S          ,CA,91766-1854,Private      ,27,650,677,161,5555,5716
02494800,LOLA BEAUTY COLLEGE                     ,CA,92641-0000,Proprietary  ,7,9,16,15,22,37
02497300,TRINITY COLLEGE                         ,CA,93277-8109,Proprietary  ,60,227,287,139,441,580
02500000,SAN JOAQUIN COLLEGE OF LAW              ,CA,93612-0000,Private      ,1,138,139,23,297,320
02518400,THE NATIONAL HISPANIC UNIVERSITY        ,CA,95127-0000,Proprietary  ,46,285,331,445,688,1133
02519800,AVANCE BEAUTY COLLEGE                   ,CA,92154-0000,Proprietary  ,34,68,102,130,135,265
02520200,CALIFORNIA CAREER SCHOOLS               ,CA,92805-0000,Proprietary  ,14,53,67,77,130,207
02520300,INTERIOR DESIGNERS INSTITUTE            ,CA,92660-0000,Proprietary  ,6,45,51,31,104,135
02520400,ADRIAN'S BEAUTY COLLEGE OF TURLOCK      ,CA,95382-0000,Proprietary  ,29,34,63,89,93,182
02531801,PAUL MITCHELL THE SCHOOL-COSTA MESA     ,CA,92626-3804,Proprietary  ,37,60,97,39,65,104
02531804,PAUL MITCHELL THE SCHOOL - SAN DIEGO    ,CA,92101-0000,Proprietary  ,72,144,216,81,164,245
02537200,PALOMAR INSTITUTE OF COSMETOLOGY        ,CA,92069-0000,Proprietary  ,46,90,136,154,200,354
02539100,KAPLAN COLLEGE                          ,CA,91606-3231,Proprietary  ,139,317,456,288,633,921
02539102,KAPLAN COLLEGE -  RIVERSIDE             ,CA,92507-4223,Proprietary  ,99,266,365,390,678,1068
02539500,IRVINE VALLEY COLLEGE                   ,CA,92620-0000,Public       ,926,1077,2003,5926,3531,9457
02542300,NATIONAL HOLISTIC INSTITUTE             ,CA,94608-0000,Proprietary  ,65,264,329,148,537,685
02543400,BROWNSON TECHNICAL SCHOOL               ,CA,92805-0000,Proprietary  ,10,55,65,24,89,113
02545900,HYPNOSIS MOTIVATION INSTITUTE           ,CA,91356-0000,Private      ,0,24,24,3,41,44
02546400,MTI BUSINESS COLLEGE INC                ,CA,95207-0000,Proprietary  ,11,50,61,64,157,221
02549000,KAPLAN COLLEGE                          ,CA,92083-7736,Proprietary  ,104,308,412,260,697,957
02549005,KAPLAN COLLEGE -  PALM SPRINGS          ,CA,92262-7011,Proprietary  ,78,142,220,269,347,616
02553500,ASSOCIATED TECHNICAL COLLEGE            ,CA,92101-0000,Proprietary  ,42,107,149,127,214,341
02553600,DIVERSIFIED LANGUAGE INSTITUTE          ,CA,90017-0000,Proprietary  ,17,247,264,39,361,400
02559300,UNITED EDUCATION INSTITUTE              ,CA,90020-0000,Proprietary  ,215,544,759,371,882,1253
02559400,INTERCOAST COLLEGES                     ,CA,92868-1656,Proprietary  ,95,632,727,160,1050,1210
02565400,KAPLAN COLLEGE                          ,CA,95207-6216,Proprietary  ,19,100,119,190,316,506
02570300,LOS ANGELES ORT COLLEGE                 ,CA,90048-0000,Private      ,36,243,279,84,358,442
02577900,SANTA BARBARA BUSINESS COLLEGE          ,CA,93309-1664,Proprietary  ,143,316,459,342,568,910
02578000,SANTA BARBARA BUSINESS COLLEGE          ,CA,93454-6943,Proprietary  ,65,146,211,181,320,501
02584200,NEWBRIDGE COLLEGE                       ,CA,92701-0000,Proprietary  ,57,174,231,149,354,503
02591600,NORTH-WEST COLLEGE                      ,CA,91101-1744,Proprietary  ,25,78,103,83,178,261
02595600,ASIAN AMERICAN INTERNATIONAL BTY CG     ,CA,92683-4043,Proprietary  ,3,15,18,3,22,25
02597300,SOUTH BAYLO UNIVERSITY                  ,CA,92801-1701,Private      ,2,107,109,7,194,201
02602300,CENTRAL COAST COLLEGE                   ,CA,93901-3301,Proprietary  ,63,109,172,207,251,458
02608900,PINNACLE COLLEGE                        ,CA,91803-8842,Proprietary  ,12,27,39,56,62,118
02608901,PINNACLE COLLEGE - SACRAMENTO           ,CA,95670-6386,Proprietary  ,12,57,69,52,110,162
02609000,EMPERORS COLG OF TRAD ORIENTAL MED      ,CA,90403-5609,Proprietary  ,2,70,72,5,153,158
03010611,VIRGINIA COLLEGE - GOLF ACADEMY OF AMERI,CA,92008-6512,Proprietary  ,19,40,59,35,89,124
03011300,"CALIF STATE UNIV, SAN MARCOS            ",CA,92096-0001,Public       ,988,1490,2478,14113,6700,20813
03019900,CAPSTONE COLLEGE                        ,CA,91402-4924,Proprietary  ,2,16,18,11,38,49
03025600,DELL'ARTE SCH OF PHYSICAL THEATRE       ,CA,95525-0816,Private      ,1,13,14,7,34,41
03027700,PACIFIC COLLEGE OF ORIENTAL MED         ,CA,92108-4408,Proprietary  ,25,176,201,67,449,516
03029600,POMONA ADULT SCHOOL                     ,CA,91766-0000,Public       ,30,116,146,87,218,305
03031409,INTERNATIONAL ACADEMY OF DESIGN AND TECH,CA,95834-9664,Proprietary  ,57,140,197,240,363,603
03035700,LAS POSITAS COLLEGE                     ,CA,94551-6750,Public       ,904,997,1901,2795,2201,4996
03039900,FREMONT COLLEGE                         ,CA,90703-5342,Proprietary  ,68,146,214,315,342,657
03043900,NEWSCHOOL OF ARCHITECTURE & DESIGN      ,CA,92101-6634,Proprietary  ,46,111,157,300,425,725
03054100,ROYALE COLLEGE OF BEAUTY                ,CA,92590-2525,Proprietary  ,13,36,49,40,69,109
03062300,WESTECH COLLEGE                         ,CA,91764-4988,Proprietary  ,72,207,279,161,415,576
03062400,MT DIABLO ADULT EDUC LOMA VISTA CTR     ,CA,94518-1122,Public       ,18,77,95,106,200,306
03062700,PLATT COLLEGE                           ,CA,90041-0000,Proprietary  ,142,240,382,390,552,942
03062701,PLATT COLLEGE                           ,CA,91764-0000,Proprietary  ,113,210,323,391,528,919
03062702,PLATT COLLEGE - RIVERSIDE               ,CA,92507-0730,Proprietary  ,112,168,280,471,491,962
03063400,MODERN TECHNOLOGY SCHOOL                ,CA,92708-9821,Proprietary  ,20,67,87,64,132,196
03067400,BALDWIN PARK ADULT SCHOOL               ,CA,91706-4897,Public       ,62,135,197,117,236,353
03067500,INSTITUTE OF TECHNOLOGY                 ,CA,93612-3217,Proprietary  ,177,617,794,398,1141,1539
03069500,SAGE COLLEGE                            ,CA,92557-6720,Proprietary  ,43,266,309,121,495,616
03072300,EVEREST COLLEGE                         ,CA,91761-3222,Proprietary  ,159,302,461,344,554,898
03072700,WESTWOOD COLLEGE - LOS ANGELES          ,CA,90010-1577,Proprietary  ,247,1723,1970,1217,3316,4533
03078200,AMERICAN CLG TRADITIONAL CHINESE MD     ,CA,94107-2813,Private      ,2,74,76,6,196,202
03084700,VENTURA ADULT\CONTINUING EDUCATION      ,CA,93003-7313,Public       ,17,76,93,38,174,212
03094400,ELITE PROGRESSIVE SCHOOL OF COSM        ,CA,95841-2909,Proprietary  ,31,95,126,99,186,285
03094401,MARINELLO SCHOOL OF BEAUTY - CONCORD    ,CA,94520-2581,Proprietary  ,32,81,113,72,129,201
03094402,MARINELLO SCHOOL OF BEAUTY- STOCKTON    ,CA,95203-3149,Proprietary  ,57,98,155,139,185,324
03097700,CENTRAL CALIF SCH CONTINUING EDUC       ,CA,93401-6739,Proprietary  ,12,69,81,54,133,187
03098200,YO SAN UNIV TRADITIONAL CHINESE MED     ,CA,90066-1103,Private      ,1,47,48,3,116,119
03108100,SUMMIT CAREER COLLEGE                   ,CA,92324-3956,Proprietary  ,113,363,476,276,662,938
03109500,DONGGUK  UNIVERSITY LOS ANGELES         ,CA,90020-1765,Private      ,3,39,42,29,84,113
03113300,UEI COLLEGE                             ,CA,93727-1620,Proprietary  ,123,296,419,377,669,1046
03113600,SOUTHERN CALIFORNIA INST OF TECHNOL     ,CA,92805-3758,Proprietary  ,29,166,195,96,287,383
03116600,EAST SAN GABRIEL VLY REG OCCUP PROG     ,CA,91790-2105,Public       ,65,281,346,168,425,593
03125300,JOHN WESLEY INTER. BARBER & BTY CLG     ,CA,90813-4321,Proprietary  ,35,80,115,85,142,227
03125800,PREMIERE CAREER COLLEGE                 ,CA,91706-3746,Proprietary  ,62,161,223,96,221,317
03126800,PACIFICA GRADUATE INSTITUTE             ,CA,93013-0000,Proprietary  ,1,346,347,3,656,659
03128700,MT SIERRA COLLEGE                       ,CA,91016-3414,Proprietary  ,126,132,258,350,320,670
03131300,FIVE BRANCHES UNIVERSITY                ,CA,95062-4669,Proprietary  ,5,138,143,23,334,357
03144400,AMERICAN CLG OF HEALTH PROFESSIONS      ,CA,92505-3038,Proprietary  ,64,201,265,236,417,653
03150500,VIRGINIA SEWING MACHINES & SCH CTR      ,CA,90015-3535,Proprietary  ,5,10,15,11,14,25
03162300,FOUR-D SUCCESS ACADEMY                  ,CA,92324-4218,Proprietary  ,81,290,371,147,444,591
03163300,PACIFIC STATES UNIVERSITY               ,CA,90006-0000,Private      ,12,22,34,68,61,129
03195400,EVEREST COLLEGE                         ,CA,90501-2867,Proprietary  ,36,87,123,102,196,298
03210300,LE CORDON BLEU COLLEGE OF CULINARY ARTS ,CA,91101-5221,Proprietary  ,528,937,1465,1588,2134,3722
03225300,AMERICAN UNIVERSITY OF HEALTH SCIENCES  ,CA,90755-3612,Proprietary  ,41,112,153,123,284,407
03242300,CAREER NETWORK INSTITUTE                ,CA,92868-4710,Proprietary  ,52,257,309,89,392,481
03250300,COMMUNITY BASED EDUCATION AND DEVEL     ,CA,90036-0000,Private      ,18,37,55,57,149,206
03260300,CALIFORNIA STATE U-MONTEREY BAY         ,CA,93955-8001,Public       ,455,704,1159,12779,3719,16498
03266300,BETHESDA UNIVERSITY OF CALIFORNIA       ,CA,92801-4132,Private      ,22,41,63,115,109,224
03278300,CLARITA CAREER COLLEGE                  ,CA,91351-5432,Proprietary  ,260,559,819,301,661,962
03288300,ACAD CHINESE CULTURE & HEALTH SCIS      ,CA,94512-0000,Private      ,2,54,56,12,146,158
03299300,PACIFIC COLLEGE                         ,CA,92626-3160,Proprietary  ,25,115,140,109,224,333
03308300,BRISTOL UNIVERSITY                      ,CA,92806-6198,Proprietary  ,4,27,31,17,58,75
03327400,ACUPUNCTURE AND INTEGRATIVE MEDICINE COL,CA,94704-2724,Private      ,6,74,80,37,183,220
03332300,SOUTHERN CA BIBLE CLG & SEMINARY        ,CA,92019-1109,Private      ,5,48,53,11,107,118
03359300,ST. FRANCIS CAREER COLLEGE              ,CA,90262-2659,Private      ,8,15,23,29,34,63
03367300,PROFESSIONAL GOLFERS CAREER COLLEGE     ,CA,92591-6013,Proprietary  ,33,55,88,80,136,216
03395300,INTERNATIONAL CAREER DEVELOPMENT        ,CA,90027-5794,Proprietary  ,213,1473,1686,398,2897,3295
03399300,NORTHWESTERN TECHNICAL COLLEGE          ,CA,95670-4443,Proprietary  ,34,123,157,64,298,362
03403300,EPIC BIBLE COLLEGE                      ,CA,95841-3546,Private      ,23,104,127,105,368,473
03413400,ENGLISH CENTER  (THE)                   ,CA,94607-3734,Private      ,4,30,34,12,69,81
03427400,CAREER COLLEGES OF AMERICA              ,CA,90280-7420,Proprietary  ,144,419,563,256,698,954
03427500,UNIVERSITY OF ANTELOPE VALLEY           ,CA,93534-3324,Proprietary  ,213,381,594,491,738,1229
03440400,MARIAN HEALTH CAREERS CENTER            ,CA,90010-1728,Proprietary  ,21,73,94,65,125,190
03441400,VALLEY CAREER COLLEGE                   ,CA,92020-3057,Proprietary  ,15,78,93,55,146,201
03458300,MY LE'S BEAUTY COLLEGE                  ,CA,95824-3039,Proprietary  ,21,85,106,87,179,266
03467300,MARINELLO SCHOOL OF BEAUTY              ,CA,92545-3661,Proprietary  ,68,117,185,97,174,271
03467301,MARINELLO SCHOOL OF BEAUTY - CATHEDRAL C,CA,92234-6656,Proprietary  ,6,12,18,36,19,55
03467302,MARINELLO SCHOOL OF BEAUTY - MURRIETA   ,CA,92563-5039,Proprietary  ,40,71,111,89,138,227
03467303,MARINELLO SCHOOL OF BEAUTY - NAPA       ,CA,94559-1237,Proprietary  ,22,57,79,55,89,144
03467304,MARINELLO SCHOOL OF BEAUTY - CITY OF IND,CA,91748-1674,Proprietary  ,18,58,76,30,73,103
03467305,MARINELLO SCHOOL OF BEAUTY - BELL       ,CA,90201-1193,Proprietary  ,38,49,87,69,67,136
03467306,MARINELLO SCHOOL OF BEAUTY - PARAMOUNT  ,CA,90723-5256,Proprietary  ,46,74,120,93,103,196
03467307,MARINELLO SCHOOL OF BEAUTY - HUNTINGTON ,CA,92646-2552,Proprietary  ,40,69,109,94,108,202
03479300,PROFESSIONAL CAREER INSTITUTE           ,CA,90703-2522,Proprietary  ,18,38,56,76,77,153
03516300,KING'S UNIVERSITY (THE)                 ,CA,91405-2233,Private      ,29,110,139,91,241,332
03532400,ADVANCED TRAINING ASSOCIATES            ,CA,92020-1236,Proprietary  ,4,43,47,20,77,97
03542400,COPPER MOUNTAIN COLLEGE                 ,CA,92252-6102,Public       ,184,660,844,491,1309,1800
03577300,COBA ACADEMY                            ,CA,92866-1407,Proprietary  ,4,14,18,21,26,47
03590400,NTMA TRAINING CENTERS OF SOUTHERN C     ,CA,90650-6099,Private      ,63,188,251,92,266,358
03592400,IRELL & MANELLA GRADUATE SCHOOL OF BIOLO,CA,91010-0000,Private      ,0,0,0,0,19,19
03598300,AVALON BEAUTY COLLEGE                   ,CA,93103-3137,Proprietary  ,37,35,72,93,60,153
03614300,DAVID'S ACADEMY OF BEAUTY               ,CA,91780-1089,Proprietary  ,5,51,56,10,58,68
03639300,WEST COAST ULTRASOUND INSTITUTE         ,CA,90211-3312,Proprietary  ,144,544,688,324,1014,1338
03646300,DESIGN'S SCHOOL OF COSMETOLOGY          ,CA,93446-9530,Proprietary  ,20,39,59,42,79,121
03681300,CALIFORNIA HEALING ARTS COLLEGE         ,CA,90025-2589,Proprietary  ,15,58,73,79,177,256
03695300,COMMUNITY ENHANCEMENT SERVICES          ,CA,91502-2750,Private      ,3,46,49,18,76,94
03695700,SANTIAGO CANYON COLLEGE                 ,CA,92869-4512,Public       ,752,740,1492,3766,1991,5757
03696300,UNIVERSITY OF THE WEST                  ,CA,91770-3709,Private      ,3,33,36,51,83,134
03698300,WEST COAST UNIVERSITY                   ,CA,91606-3206,Proprietary  ,494,1225,1719,1796,3925,5721
03698400,CA COLLEGE OF VOCATIONAL CAREER         ,CA,93301-1800,Proprietary  ,31,119,150,146,328,474
03736300,ADVANCE BEAUTY COLLEGE                  ,CA,92843-4752,Proprietary  ,21,120,141,45,176,221
03740400,ATI COLLEGE                             ,CA,90650-0000,Proprietary  ,27,70,97,65,122,187
03759300,COMPUTER TUTOR BUSINESS & TECH INST     ,CA,95356-0000,Proprietary  ,22,65,87,78,166,244
03786300,ADVANCED COLLEGE                        ,CA,90280-5255,Proprietary  ,27,109,136,53,161,214
03797400,CAREER CARE INSTITUTE                   ,CA,93534-4766,Proprietary  ,83,257,340,146,409,555
03797401,CAREER CARE INSTITUTE - VENTURA         ,CA,93003-0000,Proprietary  ,9,62,71,49,143,192
03797402,CAREER CARE INSTITUTE - MORENO VALLEY   ,CA,92553-7519,Proprietary  ,12,50,62,49,118,167
03814400,SOKA UNIVERSITY OF AMERICA              ,CA,92656-8081,Private      ,10,7,17,566,46,612
03853300,KECK GRADUATE INSTITUTE OF APPLIED LIFE ,CA,91711-4817,Private      ,0,41,41,4,108,112
03868300,WORLD MISSION UNIVERSITY                ,CA,90020-1789,Private      ,4,41,45,9,80,89
03868400,LOS ANGELES MUSIC ACADEMY               ,CA,91105-2540,Proprietary  ,58,49,107,201,140,341
03871300,FOLSOM LAKE COLLEGE                     ,CA,95630-6798,Public       ,851,1366,2217,3309,3436,6745
03874300,CAMBRIDGE JUNIOR COLLEGE                ,CA,95993-0000,Proprietary  ,42,119,161,183,331,514
03874400,COMMMUNITY CHRISTIAN COLLEGE            ,CA,92373-4465,Private      ,23,37,60,125,99,224
03889300,STANBRIDGE COLLEGE                      ,CA,92612-0000,Proprietary  ,122,418,540,252,928,1180
03901300,PACIFIC COAST TRADE SCHOOL              ,CA,93033-2441,Proprietary  ,21,81,102,58,140,198
03910400,NATIONAL POLYTECHNIC COLLEGE            ,CA,90040-3066,Proprietary  ,44,71,115,79,89,168
03933300,MUELLER COLLEGE OF HOLISTIC STUDIES     ,CA,92116-2630,Proprietary  ,11,78,89,27,179,206
03935300,CALIFORNIA NURSES EDUCATIONAL INSTITUTE ,CA,92234-7248,Proprietary  ,23,99,122,73,175,248
03962300,AMERICAN INSTITUTE OF MASSAGE THERAPY   ,CA,92705-5463,Proprietary  ,17,29,46,62,71,133
03964400,INTERNATIONAL SCHOOL OF BEAUTY          ,CA,92260-2740,Proprietary  ,39,106,145,94,188,282
03969600,AMERICAN AUTO INSTITUTE                 ,CA,90703-2637,Proprietary  ,115,290,405,257,518,775
03971300,AMERICAN CAREER COLLEGE                 ,CA,91764-4906,Proprietary  ,220,563,783,557,1087,1644
03973300,EX'PRESSION COLLEGE FOR DIGTAL ARTS     ,CA,94608-1021,Proprietary  ,127,162,289,430,361,791
03974500,CALIFORNIA CAREER COLLEGE               ,CA,91303-2006,Proprietary  ,10,68,78,36,105,141
03980300,CALIFORNIA STATE UNIVERSITY CHANNEL ISLA,CA,93012-8599,Public       ,372,600,972,8161,3030,11191
03995300,UNIVERSITY OF EAST-WEST MEDICINE        ,CA,94087-6106,Proprietary  ,2,24,26,13,58,71
03999300,BEAUMONT ADULT SCHOOL                   ,CA,92223-1927,Public       ,20,71,91,31,115,146
04001300,PALACE BEAUTY COLLEGE                   ,CA,90006-4233,Proprietary  ,16,50,66,74,105,179
04003300,BLAKE AUSTIN COLLEGE                    ,CA,95687-3100,Proprietary  ,54,202,256,136,328,464
04004300,THUY PRINCESS BEAUTY COLLEGE            ,CA,91766-0000,Proprietary  ,7,28,35,26,42,68
04005300,INTERAMERICAN COLLEGE                   ,CA,91950-4437,Proprietary  ,8,127,135,18,209,227
04014400,PALLADIUM TECHNICAL ACADEMY             ,CA,91731-2429,Proprietary  ,5,11,16,11,17,28
04023400,PROTEUS                                 ,CA,93291-3014,Private      ,2,5,7,17,51,68
04037300,LOS ANGELES FILM SCHOOL (THE)           ,CA,90028-7300,Proprietary  ,405,576,981,1329,1587,2916
04056300,CAREER COLLEGE OF CALIFORNIA            ,CA,92705-5805,Proprietary  ,26,74,100,95,152,247
04057300,TECHSKILLS OF CALIFORNIA                ,CA,95815-4025,Proprietary  ,34,333,367,141,528,669
04076400,GNOMON SCHOOL OF VISUAL EFFECTS         ,CA,90038-2616,Proprietary  ,35,68,103,104,148,252
04088300,WESTMED COLLEGE                         ,CA,95128-2541,Private      ,34,126,160,99,274,373
04088301,WESTMED COLLEGE - MERCED                ,CA,95340-9165,Private      ,19,76,95,108,215,323
04092300,COASTLINE BEAUTY COLLEGE                ,CA,92708-3847,Proprietary  ,7,39,46,50,94,144
04092400,MAKE-UP DESIGNORY                       ,CA,91502-1322,Proprietary  ,89,83,172,225,221,446
04100400,TAFT UNIVERSITY SYSTEM (THE)            ,CA,92704-6954,Proprietary  ,6,145,151,11,328,339
04109300,ACADEMY OF BARBERING ARTS (THE)         ,CA,91324-3406,Proprietary  ,0,0,0,9,22,31
04111300,WEST HILLS COLLEGE LEMOORE              ,CA,93245-9248,Public       ,476,1071,1547,2121,2323,4444
04114500,VALLEY COLLEGE OF MEDICAL CAREERS       ,CA,91304-2354,Proprietary  ,11,41,52,50,103,153
04115300,COACHELLA VALLEY BEAUTY COLLEGE         ,CA,92253-2051,Proprietary  ,35,55,90,76,76,152
04115600,MAYFIELD COLLEGE                        ,CA,92234-7014,Proprietary  ,75,162,237,119,220,339
04116000,VIDEO SYMPHONY ENTERTRAINING            ,CA,91502-3253,Proprietary  ,23,62,85,83,288,371
04118800,NEW YORK FILM ACADEMY                   ,CA,91608-1002,Proprietary  ,197,304,501,622,732,1354
04119200,CAREER COLLEGE CONSULTANTS              ,CA,90041-2088,Proprietary  ,11,47,58,35,91,126
04126400,CHAMPION INSTITUTE OF COSMETOLOGY       ,CA,92264-7458,Proprietary  ,11,19,30,27,33,60
04126500,COAST CAREER INSTITUTE                  ,CA,90015-3040,Proprietary  ,23,58,81,51,115,166
04127100,"UNIVERSITY OF CALIFORNIA, MERCED        ",CA,95343-5001,Public       ,246,168,414,15348,2067,17415
04127900,TUI UNIVERSITY                          ,CA,90630-5023,Proprietary  ,15,872,887,35,1922,1957
04129700,INTERNATIONAL POLYTECHNIC INSTITUTE     ,CA,92231-1737,Private      ,1,3,4,13,8,21
04129803,MEDIATECH INSTITUTE - OCEANSIDE         ,CA,92054-5116,Proprietary  ,8,38,46,37,77,114
04132400,ACADEMY OF ESTHETICS AND COSMETOLOGY    ,CA,91342-3373,Proprietary  ,13,19,32,47,41,88
04132700,INFOTECH CAREER COLLEGE                 ,CA,90706-5579,Proprietary  ,10,50,60,26,85,111
04133000,BIOHEALTH COLLEGE                       ,CA,95134-2033,Proprietary  ,18,94,112,51,177,228
04133100,CALIFORNIA UNIVERSITY OF MANAGEMENT AND ,CA,92801-1702,Private      ,5,27,32,20,68,88
04134500,CAREER COLLEGE OF SAN DIEGO             ,CA,92102-3348,Proprietary  ,56,245,301,195,538,733
04134700,INTERNATL PROFESSIONAL SCHL OF BODYWORK ,CA,92123-1520,Proprietary  ,11,87,98,37,188,225
04137200,BORNER'S BARBER COLLEGE                 ,CA,90047-3856,Proprietary  ,20,37,57,56,107,163
04138700,CAO INSTITUTE OF AESTHETICS (THE)       ,CA,91801-3903,Proprietary  ,26,51,77,53,83,136
04140500,HORIZON UNIVERSITY                      ,CA,92111-2622,Private      ,14,44,58,54,112,166
04141300,SAN FRANCISCO INSTITUTE OF ESTHETICS    ,CA,94103-4083,Proprietary  ,36,62,98,87,135,222
04141400,LAURUS COLLEGE                          ,CA,93401-5405,Proprietary  ,35,323,358,94,448,542
04141700,HEALING HANDS SCHOOL OF HOLISTIC HEALTH ,CA,92025-1722,Proprietary  ,11,52,63,33,119,152
04142500,TOURO COLLEGE LOS ANGELES               ,CA,90046-4506,Private      ,14,50,64,84,110,194
04142600,TOURO UNIVERSITY                        ,CA,94592-1118,Private      ,3,1027,1030,35,2680,2715
04143800,WOODLAND COMMUNITY COLLEGE              ,CA,95776-5156,Public       ,273,506,779,1311,1352,2663
04144200,CAREER DEVELOPMENT INSTITUTE            ,CA,90035-4364,Proprietary  ,12,41,53,38,119,157
04145000,SAN DIEGO CULINARY INSTITUTE            ,CA,91941-6435,Proprietary  ,70,139,209,319,406,725
04145600,INTERNATIONAL COLLEGE OF COSMETOLOGY    ,CA,94601-3525,Proprietary  ,14,62,76,42,126,168
04146000,NATIONAL CAREER COLLEGE                 ,CA,91605-1400,Proprietary  ,7,20,27,16,53,69
04148200,BEYOND 21ST CENTURY BEAUTY ACADEMY      ,CA,90670-6316,Proprietary  ,8,16,24,13,19,32
04148900,N CALIF INSTITUTE OF COSMETOLOGY        ,CA,94577-2820,Proprietary  ,7,31,38,16,50,66
04149700,HOMESTEAD SCHOOLS                       ,CA,90505-5945,Private      ,27,97,124,42,129,171
04150000,CENTRAL NURSING COLLEGE                 ,CA,90010-2444,Proprietary  ,29,88,117,198,234,432
04150100,GOLDEN STATE COLLEGE OF COURT REPORTING ,CA,94568-2948,Proprietary  ,2,18,20,10,50,60
04150300,RWM FIBER OPTICS                        ,CA,90746-1051,Proprietary  ,6,41,47,9,51,60
04150500,"PREFERRED COLLEGE OF NURSING, LOS ANGELE",CA,90010-2202,Proprietary  ,32,133,165,110,260,370
04152800,CALIFORNIA ACADEMY (THE) - A PAUL MITCHE,CA,95825-2276,Proprietary  ,71,145,216,286,349,635
04153900,PROVIDENCE CHRISTIAN COLLEGE            ,CA,91104-2635,Private      ,17,9,26,83,35,118
04154400,FRANKLIN CAREER COLLEGE                 ,CA,91761-1522,Proprietary  ,10,47,57,29,101,130
04155500,"ACADEMY FOR JEWISH RELIGION, CALIFORNIA ",CA,90024-3234,Private      ,3,27,30,20,53,73
04156100,DIOR SCHOOL OF COSMETOLOGY              ,CA,95355-9695,Proprietary  ,13,37,50,69,104,173
04157800,GRACE MISSION UNIVERSITY                ,CA,92833-3860,Private      ,3,24,27,11,39,50
04158200,PAUL MITCHELL THE SCHOOL SHERMAN OAKS   ,CA,91403-5882,Proprietary  ,60,64,124,160,139,299
04158700,HOLLYWOOD BEAUTY COLLEGE                ,CA,95210-3514,Proprietary  ,29,66,95,105,150,255
04158900,FLAIR BEAUTY COLLEGE                    ,CA,91351-3381,Proprietary  ,10,25,35,23,37,60
04159600,GALAXY MEDICAL COLLEGE                  ,CA,91606-1593,Proprietary  ,4,15,19,22,33,55
04159700,AMERICAN MEDICAL SCIENCES CENTER        ,CA,91204-5108,Proprietary  ,14,50,64,50,98,148
04160100,TRINITY VOCATIONAL CENTER               ,CA,90248-4334,Proprietary  ,8,67,75,20,100,120
04160400,ANGELES COLLEGE OF NURSING              ,CA,90010-2100,Proprietary  ,69,151,220,404,458,862
04161300,PREFERRED COLLEGE OF NURSING            ,CA,91401-1442,Proprietary  ,17,56,73,40,101,141
04161700,SHASTA SCHOOL OF COSMETOLOGY            ,CA,96003-0000,Proprietary  ,30,48,78,84,121,205
04161800,BRANDMAN UNIVERSITY                     ,CA,92618-3801,Private      ,115,2242,2357,370,5638,6008
04162800,S.I.C.E PAUL MITCHELL PARTNER SCHOOL    ,CA,95350-1440,Proprietary  ,77,105,182,229,240,469
04163400,COSMO BEAUTY ACADEMY                    ,CA,95605-1904,Proprietary  ,39,83,122,163,231,394
04163900,L.A. BARBER COLLEGE                     ,CA,90013-1121,Proprietary  ,0,0,0,13,29,42
04164400,ANGELES INSTITUTE                       ,CA,90712-2903,Proprietary  ,23,64,87,38,104,142
04165900,PAUL MITCHELL THE SCHOOL FRESNO         ,CA,93710-7617,Proprietary  ,64,69,133,257,226,483
04167000,PAUL MITCHELL THE SCHOOL TEMECULA       ,CA,92591-4663,Proprietary  ,82,95,177,146,147,293
04169200,TRAMY BEAUTY SCHOOL                     ,CA,92115-6347,Proprietary  ,22,124,146,91,179,270
04169700,UNITEK COLLEGE                          ,CA,94538-3185,Proprietary  ,142,643,785,305,1172,1477
04169800,GURNICK ACADEMY OF MEDICAL ARTS         ,CA,94403-1849,Proprietary  ,72,365,437,206,952,1158
04172000,SOUTHERN CALIFORNIA UNIVERSITY SOMA     ,CA,90017-2211,Proprietary  ,37,104,141,174,274,448
04173400,SANTA ANA BEAUTY ACADEMY                ,CA,92705-7820,Proprietary  ,1,14,15,53,50,103
04173500,MORENO VALLEY COLLEGE                   ,CA,92551-2204,Public       ,1011,1662,2673,4150,4940,9090
04175200,PAUL MITCHELL THE SCHOOL EAST BAY       ,CA,94523-5515,Proprietary  ,54,76,130,153,156,309
04175400,ELITE COSMETOLOGY SCHOOL                ,CA,92284-2860,Proprietary  ,10,25,35,25,58,83
04176100,NORCO COLLEGE                           ,CA,92860-2600,Public       ,857,1188,2045,3864,3531,7395
04176200,TWIN RIVERS ADULT SCHOOL                ,CA,95660-5523,Public       ,4,16,20,18,88,106
04176300,BERGIN UNIVERSITY OF CANINE STUDIES     ,CA,95407-6834,Private      ,8,28,36,27,69,96
04177200,REAL BARBERS COLLEGE (THE)              ,CA,92805-2533,Proprietary  ,13,33,46,40,66,106
04178900,HANDS-ON MEDICAL MASSAGE SCHOOL         ,CA,92373-6271,Proprietary  ,8,24,32,19,42,61
04180000,CINTA AVEDA INSTITUTE                   ,CA,94108-3204,Proprietary  ,36,120,156,111,257,368
04181200,IPPT CAREER SCHOOL                      ,CA,91601-2028,Proprietary  ,10,47,57,15,58,73
04185200,SALINAS BEAUTY COLLEGE                  ,CA,93901-2405,Proprietary  ,9,34,43,50,61,111
04185500,ACADEMY OF COUTURE ART                  ,CA,90069-5701,Proprietary  ,32,26,58,98,91,189
04185600,MEDICAL ALLIED CAREER CENTER            ,CA,90670-4710,Proprietary  ,7,48,55,9,59,68
04185700,ACADEMY FOR SALON PROFESSIONALS (THE)   ,CA,95050-4057,Proprietary  ,23,66,89,69,111,180
04186900,"INTERNATIONAL COLLEGE OF BEAUTY, ARTS & ",CA,90039-1012,Proprietary  ,19,50,69,108,123,231
04187900,JOE BLASCO MAKEUP ARTIST TRAINING CENTER,CA,90027-5580,Proprietary  ,39,83,122,155,200,355
04189300,ALLIED AMERICAN UNIVERSITY              ,CA,92653-1337,Proprietary  ,32,600,632,63,1188,1251
04189700,CALIFORNIA MIRAMAR UNIVERSITY           ,CA,92126-7501,Proprietary  ,80,191,271,425,498,923
04189800,ACADEMY FOR SALON PROFESSIONALS         ,CA,91304-2305,Proprietary  ,26,33,59,55,94,149
04190800,SANTA ANA BEAUTY COLLEGE                ,CA,92706-2321,Proprietary  ,8,13,21,41,34,75
04191300,ANNENBERG SCHOOL OF NURSING             ,CA,91335-5426,Private      ,10,18,28,33,48,81
04193500,LEMELANGE ACADEMY OF HAIR               ,CA,94558-2935,Proprietary  ,4,24,28,16,48,64
04193700,JOHN PAUL THE GREAT CATHOLIC UNIVERSITY ,CA,92131-1652,Private      ,50,24,74,195,80,275
04194300,COLTON-REDLANDS-YUCAIPA REGIONAL OCCUPAT,CA,92374-2896,Public       ,21,67,88,87,134,221
04194600,BRAND COLLEGE                           ,CA,91203-3646,Proprietary  ,1,14,15,14,34,48
04195200,DIAMOND BEAUTY COLLEGE                  ,CA,91733-2180,Proprietary  ,2,4,6,7,4,11
04195400,NCP COLLEGE OF NURSING                  ,CA,94080-1005,Proprietary  ,20,83,103,90,206,296
04195401,NCP COLLEGE OF NURSING - HAYWARD CAMPUS ,CA,94541-7026,Proprietary  ,36,100,136,126,255,381
04205800,"SAE INSTITUTE OF TECHNOLOGY, LOS ANGELES",CA,90028-7219,Proprietary  ,48,83,131,152,216,368
04206800,ADVANCE BEAUTY TECHS ACADEMY            ,CA,92583-6572,Proprietary  ,15,26,41,31,61,92
04208100,UKIAH ADULT SCHOOL                      ,CA,95482-3865,Public       ,4,23,27,16,71,87
04208400,RIVERSIDE COUNTY OFFICE OF EDUCATION    ,CA,92503-3504,Public       ,40,105,145,60,159,219
04208900,ADVANCED CAREER INSTITUTE               ,CA,93291-9254,Proprietary  ,19,124,143,50,180,230
04209800,HINTON BARBER COLLEGE                   ,CA,94590-4547,Proprietary  ,17,27,44,26,64,90
04210600,ADVANCED COMPUTING INSTITUTE            ,CA,90010-3911,Proprietary  ,12,44,56,89,107,196
04211900,XAVIER COLLEGE SCHOOL OF NURSING        ,CA,95202-1332,Proprietary  ,25,80,105,127,239,366
04212000,LAWRENCE & COMPANY COLLEGE OF COSMETOLOG,CA,93230-4102,Proprietary  ,16,40,56,21,43,64
04215100,CALIFORNIA CAREER INSTITUTE             ,CA,92840-2816,Proprietary  ,12,76,88,12,76,88
04215300,COSMO FACTORY COSMETOLOGY ACADEMY (THE) ,CA,95060-4401,Proprietary  ,10,26,36,46,66,112
04216300,UEI COLLEGE                             ,CA,95065-1520,Proprietary  ,28,60,88,75,101,176
04217500,W INSTITUTE OF COSMETOLOGY              ,CA,94521-5385,Proprietary  ,5,20,25,21,48,69
04221800,TONI&GUY HAIRDRESSING ACADEMY           ,CA,95337-5703,Proprietary  ,11,21,32,11,21,32
00184600,BRIAR CLIFF UNIVERSITY                  ,IA,51104-2100,Private      ,264,252,516,1166,529,1695
00184700,BUENA VISTA UNIVERSITY                  ,IA,50588-9987,Private      ,485,801,1286,1641,1448,3089
00184800,SOUTHEASTERN COMMUNITY COLLEGE          ,IA,52655-0000,Public       ,345,566,911,891,1120,2011
00185000,CENTRAL COLLEGE                         ,IA,50219-1999,Private      ,403,30,433,2035,106,2141
00185200,CLARKE UNIVERSITY                       ,IA,52001-3198,Private      ,272,224,496,1198,447,1645
00185400,COE COLLEGE                             ,IA,52402-5092,Private      ,209,60,269,2438,217,2655
00185500,DES MOINES UNIV-OSTEOPATHIC MED CTR     ,IA,50312-0000,Private      ,12,731,743,43,1570,1613
00185600,CORNELL COLLEGE                         ,IA,52314-1098,Private      ,245,29,274,1997,105,2102
00185700,SOUTHWESTERN COMMUNITY COLLEGE          ,IA,50801-1098,Public       ,205,198,403,535,403,938
00185800,DIVINE WORD COLLEGE                     ,IA,52045-0380,Private      ,6,3,9,10,9,19
00185900,DORDT COLLEGE                           ,IA,51250-1697,Private      ,299,44,343,1479,91,1570
00186000,DRAKE UNIVERSITY                        ,IA,50311-4505,Private      ,444,577,1021,4658,1813,6471
00186200,ELLSWORTH COMMUNITY COLLEGE             ,IA,50126-1199,Public       ,227,137,364,658,281,939
00186400,IOWA LAKES COMMUNITY COLLEGE            ,IA,51334-2234,Public       ,363,305,668,923,612,1535
00186500,IOWA CENTRAL COMMUNITY COLLEGE          ,IA,50501-0000,Public       ,834,925,1759,2272,1939,4211
00186600,GRACELAND UNIVERSITY                    ,IA,50140-1699,Private      ,450,608,1058,1182,1085,2267
00186700,GRAND VIEW UNIVERSITY                   ,IA,50316-1599,Private      ,521,466,987,1909,1136,3045
00186800,GRINNELL COLLEGE                        ,IA,50112-1690,Private      ,263,23,286,2790,93,2883
00186900,IOWA STATE UNIV SCIENCE & TECHNOLOG     ,IA,50011-2028,Public       ,2082,1222,3304,25969,5474,31443
00187100,IOWA WESLEYAN COLLEGE                   ,IA,52641-1398,Private      ,162,134,296,763,299,1062
00187300,LORAS COLLEGE                           ,IA,52004-0178,Private      ,412,79,491,1935,170,2105
00187400,LUTHER COLLEGE                          ,IA,52101-1045,Private      ,436,36,472,3175,115,3290
00187500,MARSHALLTOWN COMMUNITY COLLEGE          ,IA,50158-4760,Public       ,235,314,549,561,584,1145
00187700,NORTH IOWA AREA COMMUNITY COLLEGE       ,IA,50401-7299,Public       ,354,340,694,1149,728,1877
00187900,MORNINGSIDE COLLEGE                     ,IA,51106-1751,Private      ,239,257,496,1982,559,2541
00188000,MOUNT MERCY UNIVERSITY                  ,IA,52402-4797,Private      ,299,447,746,941,846,1787
00188100,ASHFORD UNIVERSITY                      ,IA,52732-3910,Proprietary  ,686,37183,37869,1803,71828,73631
00188300,NORTHWESTERN COLLEGE                    ,IA,51041-1996,Private      ,454,67,521,1465,121,1586
00188700,SIMPSON COLLEGE                         ,IA,50125-1297,Private      ,463,187,650,2074,425,2499
00188900,ST AMBROSE UNIVERSITY                   ,IA,52803-2898,Private      ,564,486,1050,3269,1207,4476
00189000,UNIVERSITY OF NORTHERN IOWA             ,IA,50614-0002,Public       ,2392,1062,3454,9023,2229,11252
00189100,UNIVERSITY OF DUBUQUE                   ,IA,52001-5099,Private      ,569,256,825,2062,565,2627
00189200,UNIVERSITY OF IOWA                      ,IA,52242-1316,Public       ,2736,2426,5162,20588,7866,28454
00189300,UPPER IOWA UNIVERSITY                   ,IA,52142-9206,Private      ,458,2091,2549,1356,4025,5381
00189500,WALDORF COLLEGE                         ,IA,50436-1700,Proprietary  ,210,292,502,548,531,1079
00189600,WARTBURG COLLEGE                        ,IA,50677-2200,Private      ,404,30,434,2191,99,2290
00189700,WARTBURG THEOLOGICAL SEMINARY           ,IA,52004-5004,Private      ,2,47,49,12,114,126
00190000,WILLIAM PENN UNIVERSITY                 ,IA,52577-1799,Private      ,419,459,878,1043,856,1899
00396300,AIB COLLEGE OF BUSINESS                 ,IA,50321-1799,Private      ,233,245,478,721,617,1338
00407500,ESTRN IOWA COMMUNITY COLLEGE DIST       ,IA,52801-1221,Public       ,60,189,249,151,399,550
00407501,CLINTON COMMUNITY COLLEGE               ,IA,52732-0000,Public       ,154,294,448,360,589,949
00407502,MUSCATINE COMMUNITY COLLEGE             ,IA,52761-0000,Public       ,179,230,409,442,445,887
00407503,SCOTT COMMUNITY COLLEGE                 ,IA,52722-0000,Public       ,540,1064,1604,1159,2006,3165
00407600,KIRKWOOD COMMUNITY COLLEGE              ,IA,52406-2068,Public       ,2138,2572,4710,5330,4680,10010
00422009,HAMILTON COLLEGE -  COUNCIL BLUFFS      ,IA,51503-5289,Proprietary  ,11,104,115,25,273,298
00423300,MERCY/ST. LUKE'S SCH RAD TECH           ,IA,52402-0000,Private      ,15,16,31,33,41,74
00458600,KAPLAN UNIVERSITY                       ,IA,52807-2095,Proprietary  ,1359,27587,28946,2311,48727,51038
00458604,KAPLAN UNIVERSITY - CEDAR RAPIDS        ,IA,52404-2998,Proprietary  ,83,736,819,120,1227,1347
00458605,KAPLAN UNIVERSITY - DES MOINES          ,IA,50323-5702,Proprietary  ,73,859,932,118,1428,1546
00458606,KAPLAN UNIVERSITY - MASON CITY          ,IA,50401-4665,Proprietary  ,31,323,354,44,524,568
00458607,KAPLAN UNIVERSITY - CEDAR FALLS         ,IA,50613-6309,Proprietary  ,56,558,614,100,999,1099
00458700,NORTHEAST IOWA COMMUNITY COLLEGE        ,IA,52132-0400,Public       ,235,252,487,554,494,1048
00458701,NORTHEAST IOWA COMMUNITY COLLEGE        ,IA,52068-0000,Public       ,390,461,851,849,912,1761
00459500,HAWKEYE COMMUNITY COLLEGE               ,IA,50701-0000,Public       ,958,870,1828,2221,1641,3862
00459800,IOWA WESTERN CMTY CLG-COUNCIL BLUFF     ,IA,51502-0000,Public       ,1232,1338,2570,3016,2527,5543
00460000,NORTHWEST IOWA COMMUNITY COLLEGE        ,IA,51201-1046,Public       ,203,180,383,502,335,837
00626700,IOWA METHODIST MEDICAL CENTER SCHOOLS   ,IA,50309-1499,Private      ,14,37,51,54,87,141
00627300,MERCY COLLEGE OF HEALTH SCIENCES        ,IA,50309-1239,Private      ,142,432,574,416,797,1213
00712000,DES MOINES AREA CMTY COLLEGE            ,IA,50021-0000,Public       ,2153,3409,5562,5975,6780,12755
00712100,FAITH BAPTIST BIBLE CLG & THEOL SEM     ,IA,50021-0000,Private      ,72,18,90,240,48,288
00729100,ST LUKE'S COLLEGE                       ,IA,51104-0263,Private      ,41,72,113,113,158,271
00731600,WESTERN IOWA TECH COMMUNITY COLLEGE     ,IA,51106-0000,Public       ,641,1090,1731,1452,2091,3543
00758800,CAPRI COLLEGE                           ,IA,52004-0873,Proprietary  ,26,51,77,67,92,159
00761100,EQ SCHOOL OF HAIR DESIGN                ,IA,51503-0813,Proprietary  ,22,20,42,38,35,73
00765600,AMERICAN COLLEGE OF HARISTYLING -CR     ,IA,52402-0000,Proprietary  ,4,9,13,10,24,34
00765800,AMER COLL OF HAIRSTYLING-DES MOINES     ,IA,50309-5446,Proprietary  ,2,14,16,11,31,42
00765900,LA JAMES COLLEGE OF HAIRSTYLING         ,IA,50401-3308,Proprietary  ,22,27,49,40,40,80
00771700,CAPRI COLLEGE                           ,IA,52807-2622,Proprietary  ,44,83,127,84,176,260
00794100,COLLEGE OF HAIR DESIGN                  ,IA,50703-1834,Proprietary  ,6,16,22,10,33,43
00826000,IOWA SCHOOL OF BEAUTY INC               ,IA,50322-0000,Proprietary  ,30,88,118,56,157,213
00840300,INDIAN HILLS COMMUNITY COLLEGE          ,IA,52501-1398,Public       ,593,800,1393,1490,1644,3134
00840301,INDIAN HILLS COMMUNITY COLLEGE          ,IA,52544-1223,Public       ,0,0,0,15,16,31
00842400,LA JAMES INTERNATIONAL COLLEGE          ,IA,50501-5577,Proprietary  ,16,27,43,39,47,86
00959300,LA'JAMES COLLEGE OF HAIRSTYLING         ,IA,52240-0000,Proprietary  ,11,18,29,39,41,80
01111300,MAHARISHI UNIV OF MANAGEMENT            ,IA,52557-0001,Private      ,73,215,288,146,366,512
01206400,HAMILTON TECHNICAL COLLEGE              ,IA,52807-2653,Proprietary  ,27,120,147,56,183,239
01230000,PALMER COLLEGE OF CHIROPRACTIC          ,IA,52803-5287,Private      ,31,932,963,88,1921,2009
01300600,LA' JAMES INTERNATIONAL COLLEGE-CF      ,IA,50613-5242,Proprietary  ,25,37,62,49,70,119
02090300,CAPRI COLLEGE                           ,IA,52404-0000,Proprietary  ,60,54,114,100,105,205
02134500,LA JAMES INTERNATIONAL COLLEGE - DAV    ,IA,52806-3952,Proprietary  ,13,28,41,24,51,75
02160900,"SALON PROFESSIONAL ACADEMY, THE         ",IA,50010-0000,Proprietary  ,44,34,78,89,64,153
02262500,FAUST INSTITUTE OF COSMETOLOGY          ,IA,50588-0000,Proprietary  ,16,29,45,24,36,60
02274100,LA' JAMES INTERNATIONAL COLLEGE - DM    ,IA,50131-0000,Proprietary  ,27,46,73,57,86,143
02289000,AMERICAN HAIR ACADEMY                   ,IA,52627-4530,Proprietary  ,7,13,20,13,28,41
02306900,IOWA SCHOOL OF BEAUTY                   ,IA,52501-0000,Proprietary  ,15,26,41,22,42,64
02328900,EMMAUS BIBLE COLLEGE                    ,IA,52001-0000,Private      ,70,20,90,225,39,264
02330900,IOWA SCHOOL OF BEAUTY                   ,IA,50158-0000,Proprietary  ,6,14,20,11,26,37
02609200,VATTEROTT COLLEGE                       ,IA,50321-4704,Proprietary  ,54,222,276,89,391,480
03069100,ALLEN COLLEGE                           ,IA,50703-1916,Private      ,68,182,250,332,515,847
03441300,IOWA SCHOOL OF BEAUTY                   ,IA,51106-5111,Proprietary  ,19,42,61,31,68,99
03607400,TOTAL LOOK SCHOOL OF COSMETOLOGY AND MAS,IA,52136-1053,Proprietary  ,4,7,11,6,10,16
03720300,CARLSON COLLEGE OF MASSAGE THERAPY      ,IA,52205-7519,Proprietary  ,7,16,23,16,30,46
04051313,ART INSTITUTE OF PHOENIX (THE) - BROWN M,IA,52722-3628,Proprietary  ,7,21,28,24,50,74
04089300,BIO-CHI INSTITUTE OF MASSAGE THERAPY    ,IA,51103-2138,Proprietary  ,2,14,16,9,24,33
04177800,SALON PROFESSIONAL ACADEMY (THE)        ,IA,52240-6083,Proprietary  ,10,18,28,21,34,55
04203300,AVEDA INSTITUTE DES MOINES              ,IA,50266-8137,Proprietary  ,75,61,136,154,120,274
00259600,ATLANTIC COMMUNITY COLLEGE              ,NJ,08330-2699,Public       ,1790,1898,3688,3047,3096,6143
00259700,BLOOMFIELD COLLEGE                      ,NJ,07003-3425,Private      ,853,629,1482,2716,1270,3986
00259800,CALDWELL COLLEGE                        ,NJ,07006-6195,Private      ,590,472,1062,2329,909,3238
00259900,CENTENARY COLLEGE                       ,NJ,07840-2184,Private      ,483,362,845,1700,734,2434
00260000,COLLEGE OF SAINT ELIZABETH              ,NJ,07960-6989,Private      ,243,295,538,979,551,1530
00260100,CUMBERLAND COUNTY COLLEGE               ,NJ,08362-9912,Public       ,1222,1476,2698,1881,2314,4195
00260300,DREW UNIVERSITY                         ,NJ,07940-4063,Private      ,436,247,683,3010,583,3593
00260700,FAIRLEIGH DICKINSON UNIV-TEANECK        ,NJ,07666-1996,Private      ,758,956,1714,4513,2223,6736
00260701,FAIRLEIGH DICKINSON UNIV-FLORHAM        ,NJ,07940-0000,Private      ,409,373,782,3530,905,4435
00260702,FAIRLEIGH DICKINSON UNIV-ED WMS CLG     ,NJ,07601-0000,Private      ,127,170,297,512,359,871
00260703,FAIRLEIGH DICKINSON UNIVERSITY          ,NJ,07940-0000,Private      ,264,249,513,1695,611,2306
00260800,GEORGIAN COURT UNIVERSITY               ,NJ,08701-2697,Private      ,622,556,1178,1609,996,2605
00260900,ROWAN UNIVERSITY                        ,NJ,08028-1702,Public       ,3788,2263,6051,13817,4477,18294
00261000,FELICIAN COLLEGE                        ,NJ,07644-2198,Private      ,648,616,1264,1814,1099,2913
00261300,NEW JERSEY CITY UNIVERSITY              ,NJ,07305-1597,Public       ,1995,2797,4792,4821,4870,9691
00261500,MIDDLESEX COUNTY COLLEGE                ,NJ,08818-3050,Public       ,3074,2319,5393,5671,3829,9500
00261600,MONMOUTH UNIVERSITY                     ,NJ,07764-1898,Private      ,1653,1030,2683,7080,2015,9095
00261700,MONTCLAIR STATE UNIVERSITY              ,NJ,07043-9987,Public       ,3710,2628,6338,18180,6543,24723
00261900,NEW BRUNSWICK THEOLOGICAL SEMINARY      ,NJ,08901-0000,Private      ,12,99,111,70,151,221
00262100,NEW JERSEY INST OF TECHNOLOGY           ,NJ,07102-1982,Public       ,1587,1356,2943,6539,3015,9554
00262200,KEAN UNIVERSITY                         ,NJ,07083-7131,Public       ,4185,4021,8206,10540,7164,17704
00262400,OCEAN COUNTY COLLEGE                    ,NJ,08754-2001,Public       ,2300,1665,3965,4101,2999,7100
00262500,WILLIAM PATERSON UNIVERSITY             ,NJ,07470-2152,Public       ,3955,2422,6377,11958,4321,16279
00262600,PRINCETON THEOLOGICAL SEMINARY          ,NJ,08542-0000,Private      ,3,207,210,11,523,534
00262700,PRINCETON UNIVERSITY                    ,NJ,08544-0001,Private      ,1528,248,1776,16100,1504,17604
00262800,RIDER UNIVERSITY                        ,NJ,08648-3099,Private      ,913,440,1353,7695,1400,9095
00262900,"RUTGERS, THE STATE UNIVERSITY OF NJ     ",NJ,08901-1281,Public       ,9820,8865,18685,46244,21963,68207
00263200,SETON HALL UNIVERSITY                   ,NJ,07079-2697,Private      ,1075,1208,2283,11054,3374,14428
00263201,SETON HALL UNIVERSITY - SCHOOL OF LAW   ,NJ,07079-5210,Private      ,65,485,550,255,1482,1737
00263800,SAINT PETER'S UNIVERSITY                ,NJ,07306-5997,Private      ,1057,773,1830,3747,1416,5163
00263900,STEVENS INSTITUTE OF TECHNOLOGY         ,NJ,07030-5370,Private      ,783,226,1009,4781,536,5317
00264200,COLLEGE OF NEW JERSEY (THE)             ,NJ,08628-0718,Public       ,1587,451,2038,11800,1132,12932
00264300,UNION COUNTY COLLEGE                    ,NJ,07016-1598,Public       ,2341,3593,5934,4094,5552,9646
00473600,BERGEN COMMUNITY COLLEGE                ,NJ,07652-1595,Public       ,3124,2110,5234,6761,4030,10791
00474000,MERCER COUNTY COMMUNITY COLLEGE         ,NJ,08690-0000,Public       ,1509,1638,3147,2632,2819,5451
00539900,MONMOUTH COUNTY VOCATIONAL SCH DIST     ,NJ,07728-5033,Public       ,30,46,76,53,78,131
00545200,TETERBORO SCH OF AERONAUTICS            ,NJ,07608-1083,Proprietary  ,32,48,80,59,87,146
00546100,SALEM COMMUNITY COLLEGE                 ,NJ,08069-2799,Public       ,299,314,613,492,535,1027
00641700,HOLY NAME HOSPITAL SCH OF NURSING       ,NJ,07666-4254,Private      ,30,116,146,69,196,265
00642000,MOUNTAINSIDE HOSP SCH NRSG              ,NJ,07042-4898,Proprietary  ,18,103,121,41,154,195
00642100,MUHLENBERG SNYDER SCHOOLS               ,NJ,07061-3399,Private      ,56,243,299,102,384,486
00642900,ST FRANCIS MEDICAL CTR SCH NURSING      ,NJ,08629-1986,Private      ,22,61,83,40,119,159
00642902,ST FRANCIS MED CTR RAD TECH             ,NJ,08629-0000,Private      ,9,22,31,14,46,60
00686500,CAMDEN COUNTY COLLEGE                   ,NJ,08012-3240,Public       ,2818,3296,6114,5009,5963,10972
00690100,GLOUCESTER COUNTY COLLEGE               ,NJ,08080-4249,Public       ,1585,1258,2843,3000,2280,5280
00710700,ESSEX COUNTY COLLEGE                    ,NJ,07102-1798,Public       ,2540,3637,6177,4574,6632,11206
00750200,BERKELEY COLLEGE                        ,NJ,07424-3367,Proprietary  ,1242,1683,2925,2122,2593,4715
00750205,BERKELEY COLLEGE - CLIFTON              ,NJ,07011-2161,Proprietary  ,153,440,593,182,549,731
00750600,LINCOLN TECHNICAL INSTITUTE             ,NJ,07083-5032,Proprietary  ,296,293,589,407,443,850
00750601,LINCOLN TECHNICAL INSTITUTE             ,NJ,07430-0000,Proprietary  ,282,153,435,362,190,552
00759300,PARISIAN BEAUTY ACADEMY                 ,NJ,07601-5509,Proprietary  ,83,111,194,121,163,284
00772900,COUNTY COLLEGE OF MORRIS                ,NJ,07869-0000,Public       ,1483,852,2335,3115,1457,4572
00773000,BURLINGTON COUNTY COLLEGE               ,NJ,08068-1599,Public       ,1845,1881,3726,3586,3403,6989
00773100,RARITAN VALLEY COMMUNITY COLLEGE        ,NJ,08876-1265,Public       ,1177,896,2073,2251,1558,3809
00780401,STAR CAREER ACADEMY - STAR LAKEWOOD     ,NJ,08701-5900,Proprietary  ,52,153,205,74,240,314
00780402,STAR CAREER ACADEMY - STAR EGG HARBOR   ,NJ,08234-4863,Proprietary  ,34,132,166,47,207,254
00794700,BETH MEDRASH GOVOHA OF AMERICA          ,NJ,08701-0000,Private      ,83,774,857,91,823,914
00840400,BROOKDALE COMMUNITY COLLEGE             ,NJ,07738-1597,Public       ,2376,1635,4011,4369,2719,7088
00844101,ANTHEM INSTITUTE                        ,NJ,08002-0000,Proprietary  ,41,96,137,55,170,225
00849400,HO HO KUS SCHL OF TRADE & TECH SCIENCES ,NJ,07513-1402,Proprietary  ,48,75,123,71,120,191
00860900,RABBINICAL COLLEGE OF AMERICA           ,NJ,07960-3600,Private      ,12,1,13,18,3,21
00907800,CAPRI INSTITUTE OF HAIR DESIGN          ,NJ,07011-2111,Proprietary  ,26,49,75,37,75,112
00934400,RAMAPO COLLEGE OF NEW JERSEY            ,NJ,07430-1680,Public       ,1489,572,2061,7369,1242,8611
00934500,RICHARD STOCKTON COLLEGE OF NJ          ,NJ,08240-0000,Public       ,2582,1312,3894,9053,2837,11890
00982804,EVEREST INSTITUTE - SOUTH PLAINFIELD    ,NJ,07080-1125,Proprietary  ,126,238,364,184,350,534
00999400,PASSAIC COUNTY COMMUNITY COLLEGE        ,NJ,07505-1179,Public       ,1666,2073,3739,2938,3209,6147
01039400,UNIV OF MEDICINE & DENTISTRY OF NJ      ,NJ,07107-0000,Public       ,179,2340,2519,400,4858,5258
01062900,P B COSMETOLOGY EDUCATION CENTRE        ,NJ,08030-1750,Proprietary  ,55,52,107,72,69,141
01085100,ANTHEM INSTITUTE                        ,NJ,07054-3409,Proprietary  ,116,225,341,171,385,556
01085101,ANTHEM INSTITUTE                        ,NJ,07306-0000,Proprietary  ,27,66,93,45,111,156
01085102,ANTHEM INSTITUTE                        ,NJ,08902-0000,Proprietary  ,15,45,60,39,72,111
01090300,RIZZIERI INSTITUTE                      ,NJ,08043-4600,Proprietary  ,62,49,111,93,100,193
01152300,MORRIS COUNTY SCHOOL OF TECHNOLOGY      ,NJ,07834-0000,Public       ,22,25,47,39,55,94
01170800,NATURAL MOTION INST OF HAIR DESIGN      ,NJ,07306-5496,Proprietary  ,20,51,71,30,78,108
01198900,TALMUDICAL ACADEMY                      ,NJ,07710-0000,Private      ,24,0,24,24,0,24
01209000,REIGNBOW BEAUTY ACADEMY                 ,NJ,08861-4118,Proprietary  ,20,47,67,30,57,87
01234602,DOVER BUSINESS COLLEGE                  ,NJ,07801-4643,Proprietary  ,58,147,205,81,203,284
01246100,LINCOLN TECHNICAL INSTITUTE             ,NJ,08820-2896,Proprietary  ,156,292,448,239,432,671
01246102,LINCOLN TECHNICAL INSTITUTE             ,NJ,08057-3212,Proprietary  ,106,304,410,161,471,632
01246103,LINCOLN TECHNICAL INSTITUTE             ,NJ,07652-2106,Proprietary  ,167,310,477,284,474,758
01246200,HOHOKUS - HACKENSACK SCHOOL OF BUSINESS ,NJ,07601-7197,Proprietary  ,32,118,150,48,205,253
01295400,HUDSON COUNTY COMMUNITY COLLEGE         ,NJ,07306-4012,Public       ,2281,2713,4994,3832,4173,8005
02053700,EASTWICK COLLEGE                        ,NJ,07446-0000,Proprietary  ,164,634,798,255,1004,1259
02061800,ROMAN ACADEMY OF BEAUTY CULTURE         ,NJ,07506-0000,Proprietary  ,13,15,28,16,16,32
02092300,HOHOKUS SCHOOL - RETS/NUTLEY            ,NJ,07110-0000,Proprietary  ,80,175,255,114,244,358
02103700,CAPRI INSTITUTE OF HAIR DESIGN          ,NJ,07652-0000,Proprietary  ,23,34,57,40,52,92
02104000,HARRIS SCHOOL OF BUSINESS               ,NJ,08002-2983,Proprietary  ,104,465,569,124,546,670
02106601,AMERICAN INSTITUTE - CLIFTON            ,NJ,07011-2345,Proprietary  ,93,191,284,109,259,368
02106605,AMERICAN INSTITUTE - TOMS RIVER         ,NJ,08755-1524,Proprietary  ,18,76,94,22,83,105
02131100,DU CRET SCHOOL OF THE ARTS              ,NJ,07060-0000,Private      ,4,7,11,11,10,21
02131600,PENNCO TECH                             ,NJ,08012-0000,Proprietary  ,192,291,483,272,457,729
02132300,BERDAN INSTITUTE                        ,NJ,07512-0000,Proprietary  ,141,228,369,182,294,476
02146800,JOE KUBERT SCH OF CARTOON & GRAPHIC     ,NJ,07801-0000,Proprietary  ,51,29,80,98,55,153
02149800,EMPIRE BEAUTY SCHOOL                    ,NJ,08021-0000,Proprietary  ,61,107,168,82,171,253
02149801,EMPIRE BEAUTY SCHOOL - BORDENTOWN       ,NJ,08505-1513,Proprietary  ,6,17,23,11,36,47
02154000,DIVERS ACAD OF EASTERN SEABOARD         ,NJ,08081-1139,Proprietary  ,32,73,105,61,117,178
02183600,CAPRI INSTITUTE OF HAIR DESIGN          ,NJ,07033-0000,Proprietary  ,28,52,80,40,72,112
02192200,THOMAS EDISON STATE COLLEGE             ,NJ,08608-0000,Public       ,246,3066,3312,504,5862,6366
02219600,OMEGA INSTITUTE                         ,NJ,08109-0000,Proprietary  ,18,58,76,24,101,125
02223700,ROBERT FIANCE BEAUTY SCHOOLS            ,NJ,07093-4623,Proprietary  ,12,31,43,12,34,46
02223900,DRAKE COLLEGE OF BUSINESS               ,NJ,07201-0000,Proprietary  ,46,349,395,66,451,517
02223902,DRAKE COLLEGE OF BUSINESS - NEWARK CAMPU,NJ,07112-2760,Proprietary  ,91,487,578,153,743,896
02232500,UNION COUNTY VOCATIONAL TECH INST       ,NJ,07076-0000,Public       ,30,51,81,63,90,153
02234600,SHORE BEAUTY SCHOOL                     ,NJ,08232-0000,Proprietary  ,22,58,80,34,86,120
02246000,ROSS UNIVERSITY - MEDICAL SCHOOL        ,NJ,08837-0000,Proprietary  ,9,705,714,29,3226,3255
02248600,COOPER HEALTH SYS-CTR ALLIED HEALTH     ,NJ,08103-0000,Private      ,56,149,205,111,305,416
02252700,CONCORDE SCHOOL OF HAIR DESIGN          ,NJ,07712-0000,Proprietary  ,55,118,173,78,148,226
02252701,CONCORDE SCHOOL OF HAIR DESIGN - BLOOMFI,NJ,07003-2517,Proprietary  ,6,29,35,10,37,47
02261800,EUROPEAN ACADEMY OF COSMETOLOGY         ,NJ,07083-0000,Proprietary  ,22,44,66,35,73,108
02265500,CAPRI INSTITUTE OF HAIR DESIGN          ,NJ,08724-0000,Proprietary  ,20,46,66,35,63,98
02277900,ROSS UNIV - SCH OF VETERINARY MED       ,NJ,08837-0000,Proprietary  ,4,199,203,16,1358,1374
02291000,LINCOLN TECHNICAL INSTITUTE             ,NJ,07080-2424,Proprietary  ,110,103,213,140,139,279
02312000,BERGEN COUNTY TECHNICAL SCHOOLS         ,NJ,07601-6110,Public       ,43,54,97,81,104,185
02344200,EMPIRE BEAUTY SCHOOL                    ,NJ,08002-0000,Proprietary  ,42,105,147,74,196,270
02503900,WARREN COUNTY COMMUNITY COLLEGE         ,NJ,07882-0000,Public       ,257,259,516,517,435,952
02523700,OCEAN COUNTY VOCATIONAL-TECH SCHOOL     ,NJ,08753-0000,Public       ,108,193,301,174,329,503
02525900,ARTISTIC ACADEMY OF HAIR DESIGN         ,NJ,07950-1409,Proprietary  ,44,39,83,76,71,147
02528200,REIGNBOW BEAUTY ACADEMY                 ,NJ,07060-0000,Proprietary  ,14,43,57,19,48,67
02558700,PRISM CAREER INSTITUTE                  ,NJ,08037-0000,Proprietary  ,37,168,205,75,364,439
02568800,SUSSEX COUNTY COMMUNITY COLLEGE         ,NJ,07860-1149,Public       ,587,364,951,1133,662,1795
02586900,HARRIS SCHOOL OF BUSINESS               ,NJ,08043-2604,Proprietary  ,62,266,328,79,325,404
02616402,SANFORD-BROWN INSTITUTE - ISELIN        ,NJ,08830-0000,Proprietary  ,88,224,312,156,386,542
03077500,RABBI JACOB JOSEPH SCHOOL               ,NJ,08817-4494,Private      ,11,2,13,12,5,17
03122600,EASTERN INTERNATIONAL COLLEGE           ,NJ,07306-3906,Proprietary  ,76,217,293,109,303,412
03187300,STENOTECH CAREER INSTITUTE              ,NJ,07004-3490,Proprietary  ,6,17,23,13,26,39
03197300,INSTITUTE FOR HEALTH EDUCATION(THE)     ,NJ,07306-2929,Proprietary  ,18,81,99,35,111,146
03324300,CENTRAL CAREER SCHOOL                   ,NJ,07080-2408,Proprietary  ,14,65,79,21,87,108
03380302,STAR CAREER ACADEMY - STAR NEWARK       ,NJ,07102-4510,Proprietary  ,61,233,294,115,461,576
03380303,STAR CAREER ACADEMY - STAR CLIFTON      ,NJ,07011-2248,Proprietary  ,18,54,72,25,84,109
03389300,ACADEMY OF MASSAGE THERAPY              ,NJ,07631-0000,Proprietary  ,14,43,57,22,73,95
03424500,NEW COMMUNITY WORKFORCE DEVELOPMENT     ,NJ,07103-2402,Private      ,30,352,382,46,434,480
03536300,INSTITUTE FOR THERAPEUTIC MASSAGE       ,NJ,07420-1452,Proprietary  ,12,30,42,17,52,69
03625300,PERFORMANCE TRAINING INSTITUTE          ,NJ,08753-0000,Proprietary  ,1,3,4,16,50,66
03650600,PC AGE                                  ,NJ,07306-3936,Proprietary  ,18,140,158,25,170,195
03650603,PC AGE                                  ,NJ,08817-2842,Proprietary  ,3,18,21,8,30,38
03666300,SOMERSET CHRISTIAN COLLEGE              ,NJ,08890-9035,Private      ,39,300,339,60,423,483
03803300,HEALTHCARE TRAINING INSTITUTE           ,NJ,07083-3504,Proprietary  ,33,121,154,54,218,272
03811300,EASTERN SCHOOL OF ACUPUNCTURE AND TRADIT,NJ,07042-3562,Proprietary  ,2,23,25,3,47,50
04081300,BAIS MEDRASH TORAS CHESED               ,NJ,08701-0000,Private      ,7,9,16,8,11,19
04123400,YESHIVAS BE'ER YITZCHOK                 ,NJ,07208-2380,Private      ,4,24,28,6,31,37
04125000,GENTLE HEALING SCHOOL OF MASSAGE        ,NJ,08512-3600,Proprietary  ,1,14,15,1,20,21
04131100,YESHIVA TORAS CHAIM                     ,NJ,08701-2120,Private      ,103,2,105,103,2,105
04131200,TOTAL IMAGE BEAUTY ACADEMY              ,NJ,07307-2943,Proprietary  ,8,26,34,10,34,44
04134100,CENTER FOR ALLIED HEALTH & NURSING EDUCA,NJ,07601-5801,Proprietary  ,79,1072,1151,116,1553,1669
04136400,AMERICAN INSTITUTE OF MEDICAL SCIENCES &,NJ,07080-1183,Proprietary  ,42,117,159,71,172,243
04154500,STARTING POINTS FOR CHILDREN            ,NJ,07306-0001,Private      ,5,37,42,8,53,61
04154900,NATIONAL CAREER INSTITUTE               ,NJ,07018-2011,Proprietary  ,5,50,55,7,60,67
04173100,LAB PAUL MITCHELL PARTNER SCHOOL (THE)  ,NJ,08628-2500,Proprietary  ,37,45,82,54,70,124
04180300,MESIVTA KESER TORAH                     ,NJ,07719-2409,Private      ,2,1,3,2,2,4
04181400,BEST CARE TRAINING INSTITUTE            ,NJ,07018-1703,Proprietary  ,4,61,65,7,124,131
04184500,CHRISTINE VALMY INTERNATIONAL SCHOOL OF ,NJ,07058-9589,Proprietary  ,7,12,19,13,17,30
04188700,ASI CAREER INSTITUTE                    ,NJ,08012-1043,Proprietary  ,4,49,53,11,108,119
04191400,SCHOOL OF COURT REPORTING (THE)         ,NJ,08053-1533,Proprietary  ,2,6,8,6,20,26
04192400,YESHIVA GEDOLAH ZICHRON LEYMA           ,NJ,07036-3905,Private      ,1,1,2,4,2,6
04207500,MEDICAL CAREER INSTITUTE                ,NJ,07712-7202,Proprietary  ,12,33,45,17,58,75
04216000,UNIVERSAL TRAINING INSTITUTE            ,NJ,08861-4106,Proprietary  ,8,54,62,8,54,62
04216500,RIZZIERI INSTITUTE                      ,NJ,08043-1911,Proprietary  ,14,25,39,14,25,39
04218200,PAUL MITCHELL THE SCHOOL - JERSEY SHORE ,NJ,08723-3413,Proprietary  ,29,23,52,29,23,52
00266500,VAUGHN COLLEGE OF AERONAUTICS AND TECHNO,NY,11369-9997,Private      ,408,329,737,1078,698,1776
00266600,ADELPHI UNIVERSITY                      ,NY,11530-4299,Private      ,1044,1290,2334,8212,3445,11657
00266700,DOWLING COLLEGE                         ,NY,11769-1999,Private      ,404,355,759,1900,1048,2948
00266800,ALFRED UNIVERSITY                       ,NY,14802-1205,Private      ,403,192,595,3704,510,4214
00266900,BANK STREET COLLEGE OF EDUCATION        ,NY,10025-0000,Private      ,5,321,326,18,672,690
00267100,BARD COLLEGE                            ,NY,12504-5000,Private      ,138,112,250,2941,706,3647
00267400,NEW YORK THEOLOGICAL SEMINARY           ,NY,10115-0002,Private      ,0,85,85,4,162,166
00267700,BROOKLYN LAW SCHOOL                     ,NY,11201-0000,Private      ,35,765,800,97,2391,2488
00267800,BRYANT & STRATTON COLLEGE               ,NY,14203-1713,Proprietary  ,996,4955,5951,1879,10149,12028
00267803,BRYANT & STRATTON COLLEGE - GREECE      ,NY,14606-4227,Proprietary  ,99,346,445,214,862,1076
00267805,BRYANT & STRATTON COLLEGE - SYRACUSE    ,NY,13203-2502,Proprietary  ,182,455,637,413,1069,1482
00267807,BRYANT & STRATTON COLLEGE - ALBANY      ,NY,12205-5230,Proprietary  ,90,343,433,189,725,914
00268100,CANISIUS COLLEGE                        ,NY,14208-1098,Private      ,934,707,1641,4586,1511,6097
00268500,CAZENOVIA COLLEGE                       ,NY,13035-1085,Private      ,218,55,273,1931,193,2124
00268700,CUNY-BROOKLYN COLLEGE                   ,NY,11210-2814,Public       ,4995,4644,9639,18845,9961,28806
00268800,CITY COLLEGE-CUNY                       ,NY,10031-9198,Public       ,4794,4229,9023,20981,9439,30420
00268900,CUNY-HUNTER COLLEGE                     ,NY,10021-0000,Public       ,6404,5955,12359,28925,14258,43183
00269000,QUEENS COLLEGE-CUNY                     ,NY,11367-1597,Public       ,4490,3422,7912,17370,7068,24438
00269100,CUNY- BOROUGH OF MANHATTAN CMTY CLG     ,NY,10007-1047,Public       ,10469,6705,17174,25741,13321,39062
00269200,CUNY BRONX COMMUNITY COLLEGE            ,NY,10453-3102,Public       ,4409,4326,8735,10179,8013,18192
00269300,CUNY-JOHN JAY CLG CRIMINAL JUSTICE      ,NY,10019-1093,Public       ,4893,3187,8080,16668,7138,23806
00269400,KINGSBOROUGH COMMUNITY COLLEGE          ,NY,11235-2398,Public       ,4766,3423,8189,12254,6770,19024
00269600,NY CITY COLLEGE OF TECHNOLOGY-CUNY      ,NY,11201-2983,Public       ,5850,3964,9814,17260,7804,25064
00269700,QUEENSBOROUGH COMMUNITY COLLEGE         ,NY,11364-1497,Public       ,5919,2944,8863,13372,5449,18821
00269800,CUNY THE COLLEGE OF STATEN ISLAND       ,NY,10314-6600,Public       ,4749,2349,7098,12249,4156,16405
00269900,CLARKSON UNIVERSITY                     ,NY,13699-5615,Private      ,986,154,1140,6031,440,6471
00270000,COLGATE ROCHESTER CROZER DIVINITY S     ,NY,14620-0000,Private      ,1,35,36,6,53,59
00270100,COLGATE UNIVERSITY                      ,NY,13346-1386,Private      ,336,16,352,4202,88,4290
00270300,COLLEGE OF MOUNT SAINT VINCENT          ,NY,10471-1093,Private      ,637,187,824,2609,437,3046
00270400,COLLEGE OF NEW ROCHELLE                 ,NY,10805-2339,Private      ,342,2122,2464,1092,2788,3880
00270500,COLLEGE OF SAINT ROSE                   ,NY,12203-1490,Private      ,770,590,1360,4497,1360,5857
00270700,COLUMBIA UNIVERSITY                     ,NY,10027-0000,Private      ,2075,4608,6683,22334,19844,42178
00270800,BARNARD COLLEGE-COLUMBIA UNIV           ,NY,10027-6598,Private      ,568,135,703,4338,375,4713
00270900,CONCORDIA COLLEGE                       ,NY,10708-1998,Private      ,221,233,454,974,438,1412
00271000,COOPER UNION                            ,NY,10003-7120,Private      ,179,88,267,1677,285,1962
00271100,CORNELL UNIVERSITY                      ,NY,14853-2801,Private      ,3431,1288,4719,28467,5794,34261
00271101,WEILL CORNELL MEDICAL COLLEGE AND GRADUA,NY,10021-0000,Private      ,13,156,169,34,585,619
00271200,D'YOUVILLE COLLEGE                      ,NY,14201-1084,Private      ,413,811,1224,1910,1920,3830
00271300,DOMINICAN COLLEGE                       ,NY,10962-1299,Private      ,532,370,902,1660,717,2377
00271800,ELMIRA COLLEGE                          ,NY,14901-2099,Private      ,419,139,558,2231,282,2513
00272200,FORDHAM UNIVERSITY                      ,NY,10458-5157,Private      ,2543,2629,5172,24850,7646,32496
00272600,GENERAL THEOLOGICAL SEMINARY            ,NY,10011-0000,Private      ,0,35,35,0,70,70
00272800,HAMILTON COLLEGE                        ,NY,13323-1218,Private      ,479,16,495,3041,79,3120
00272900,HARTWICK COLLEGE                        ,NY,13820-4020,Private      ,603,54,657,4178,181,4359
00273100,HOBART & WILLIAM SMITH COLLEGES         ,NY,14456-3397,Private      ,644,22,666,3371,83,3454
00273200,HOFSTRA UNIVERSITY                      ,NY,11549-1010,Private      ,1686,1573,3259,17755,4694,22449
00273400,HOUGHTON COLLEGE                        ,NY,14744-0128,Private      ,245,60,305,1300,138,1438
00273500,HILBERT COLLEGE                         ,NY,14075-1597,Private      ,252,107,359,996,254,1250
00273700,IONA COLLEGE                            ,NY,10801-1890,Private      ,1446,467,1913,6655,996,7651
00273900,ITHACA COLLEGE                          ,NY,14850-7130,Private      ,1013,241,1254,14271,1046,15317
00274000,JEWISH THEOLOGICAL SEMINARY OF AMER     ,NY,10027-4649,Private      ,11,24,35,107,152,259
00274200,THE JUILLIARD SCHOOL                    ,NY,10023-6588,Private      ,221,128,349,1513,734,2247
00274400,KEUKA COLLEGE                           ,NY,14478-0000,Private      ,401,471,872,1611,986,2597
00274800,LEMOYNE COLLEGE                         ,NY,13214-1399,Private      ,760,338,1098,4643,741,5384
00274900,NEW YORK COLLEGE OF PODIATRIC MED       ,NY,10035-1940,Private      ,8,144,152,41,394,435
00275100,LONG ISLAND UNIVERSITY                  ,NY,11548-1326,Private      ,2446,3547,5993,11669,7682,19351
00275800,MANHATTAN COLLEGE                       ,NY,10471-4098,Private      ,1142,240,1382,6568,607,7175
00275900,MANHATTAN SCHOOL OF MUSIC               ,NY,10027-4689,Private      ,100,112,212,635,608,1243
00276000,MANHATTANVILLE COLLEGE                  ,NY,10577-2132,Private      ,371,268,639,3020,590,3610
00276300,MARIA COLLEGE                           ,NY,12208-1798,Private      ,77,327,404,166,602,768
00276500,MARIST COLLEGE                          ,NY,12601-1387,Private      ,935,480,1415,9691,1120,10811
00276900,MARYMOUNT MANHATTAN COLLEGE             ,NY,10021-4597,Private      ,533,97,630,3717,312,4029
00277200,MERCY COLLEGE                           ,NY,10522-1189,Private      ,1348,2405,3753,5155,5130,10285
00277500,MOLLOY COLLEGE                          ,NY,11570-1100,Private      ,1072,955,2027,3880,1865,5745
00277700,MEDAILLE COLLEGE                        ,NY,14214-2695,Private      ,405,474,879,1469,1047,2516
00277800,MOUNT SAINT MARY COLLEGE                ,NY,12550-3494,Private      ,622,427,1049,3567,873,4440
00277900,NAZARETH COLLEGE OF ROCHESTER           ,NY,14618-3790,Private      ,720,636,1356,3666,1363,5029
00278200,NEW YORK INSTITUTE OF TECHNOLOGY        ,NY,11568-8000,Private      ,1227,850,2077,5141,1977,7118
00278202,NY INSTITUTE OF TECHNOLOGY-OSTEOPATHIC M,NY,11568-0000,Private      ,10,696,706,35,1073,1108
00278300,NEW YORK LAW SCHOOL                     ,NY,10013-0000,Private      ,20,747,767,75,2200,2275
00278400,NEW YORK MEDICAL COLLEGE                ,NY,10595-0000,Private      ,13,864,877,36,1828,1864
00278500,NEW YORK UNIVERSITY                     ,NY,10012-1091,Private      ,4052,6131,10183,39656,24842,64498
00278800,NIAGARA UNIVERSITY                      ,NY,14109-2010,Private      ,852,287,1139,3742,666,4408
00279000,NYACK COLLEGE                           ,NY,10960-3698,Private      ,390,615,1005,1293,1144,2437
00279100,PACE UNIVERSITY - NEW YORK              ,NY,10038-1598,Private      ,1080,1339,2419,11634,3428,15062
00279101,PACE UNIVERSITY-PLEASANTVILLE           ,NY,10570-0000,Private      ,491,420,911,3851,1008,4859
00279102,PACE UNIVERSITY - WHITE PLAINS          ,NY,10603-0000,Private      ,78,471,549,524,1393,1917
00279500,PAUL SMITHS CLG OF ARTS & SCIENCES      ,NY,12970-0000,Private      ,367,62,429,1192,122,1314
00279600,POLYTECHNIC INTSTITUTE OF NEW YORK UNIV ,NY,11201-3840,Private      ,367,337,704,3721,903,4624
00279800,PRATT INSTITUTE                         ,NY,11205-3899,Private      ,633,559,1192,4743,2123,6866
00280300,RENSSELAER POLYTECHNIC INSTITUTE        ,NY,12180-3590,Private      ,900,156,1056,11662,638,12300
00280500,ROBERTS WESLEYAN COLLEGE                ,NY,14624-1997,Private      ,353,451,804,1201,895,2096
00280600,ROCHESTER INSTITUTE OF TECHNOLOGY       ,NY,14623-5608,Private      ,2897,969,3866,15291,2404,17695
00280700,ROCKEFELLER UNIVERSITY                  ,NY,10021-0000,Private      ,14,14,28,25,40,65
00280800,DAEMEN COLLEGE                          ,NY,14226-3592,Private      ,472,444,916,2573,894,3467
00281000,THE SAGE COLLEGES                       ,NY,12180-4199,Private      ,409,655,1064,1878,1562,3440
00281200,TROCAIRE COLLEGE                        ,NY,14220-2094,Private      ,327,683,1010,741,1207,1948
00281300,SARAH LAWRENCE COLLEGE                  ,NY,10708-5999,Private      ,187,99,286,2047,564,2611
00281400,SKIDMORE COLLEGE                        ,NY,12866-1632,Private      ,640,33,673,4778,137,4915
00281500,ST BERNARDS SCH THEOLOGY & MINISTRY     ,NY,14618-3822,Private      ,1,21,22,1,39,40
00281600,SIENA COLLEGE                           ,NY,12211-1462,Private      ,1008,116,1124,6307,299,6606
00281700,ST BONAVENTURE UNIVERSITY               ,NY,14778-2284,Private      ,482,196,678,2847,452,3299
00282000,ST FRANCIS COLLEGE                      ,NY,11201-4398,Private      ,713,263,976,2680,573,3253
00282100,ST JOHN FISHER COLLEGE                  ,NY,14618-3597,Private      ,773,780,1553,4652,1519,6171
00282200,CHRIST THE KING SEMINARY                ,NY,14052-0607,Private      ,0,2,2,2,5,7
00282300,ST JOHN'S UNIVERSITY                    ,NY,11439-1343,Private      ,3863,2200,6063,26047,5977,32024
00282500,ST JOSEPH'S COLLEGE                     ,NY,11205-3688,Private      ,392,342,734,1553,644,2197
00282501,ST JOSEPH'S COLLEGE-SUFFOLK CAMPUS      ,NY,11772-0000,Private      ,928,622,1550,2704,1140,3844
00282900,ST LAWRENCE UNIVERSITY                  ,NY,13617-1455,Private      ,596,50,646,2775,122,2897
00283200,ST THOMAS AQUINAS COLLEGE               ,NY,10976-1050,Private      ,333,84,417,1666,206,1872
00283300,ST VLADIMIR ORTHODOX THEOL SEM          ,NY,10707-0000,Private      ,0,17,17,0,38,38
00283400,EXCELSIOR COLLEGE                       ,NY,12203-5159,Private      ,151,3408,3559,285,6223,6508
00283500,SUNY AT ALBANY                          ,NY,12222-0001,Public       ,3755,1760,5515,20722,4254,24976
00283600,BINGHAMTON UNIVERSITY (SUNY)            ,NY,13902-6000,Public       ,2802,871,3673,24977,2550,27527
00283700,SUNY AT BUFFALO                         ,NY,14260-0001,Public       ,3457,2542,5999,23994,8275,32269
00283800,SUNY AT STONY BROOK                     ,NY,11794-0701,Public       ,3745,2857,6602,27578,6944,34522
00283900,SUNY-DOWNSTATE MEDICAL CENTER           ,NY,11203-2098,Public       ,98,806,904,246,2260,2506
00284000,SUNY UPSTATE MEDICAL UNIVERSITY         ,NY,13210-2375,Public       ,67,293,360,279,1439,1718
00284100,SUNY BROCKPORT - FIN AID OFF            ,NY,14420-2914,Public       ,1924,991,2915,9350,2191,11541
00284200,BUFFALO STATE COLLEGE - SUNY            ,NY,14222-1095,Public       ,2793,1652,4445,12168,3795,15963
00284300,SUNY COLLEGE-CORTLAND                   ,NY,13045-0900,Public       ,1800,459,2259,11421,1155,12576
00284400,SUNY AT FREDONIA                        ,NY,14063-1145,Public       ,1232,289,1521,6996,842,7838
00284500,SUNY GENESEO                            ,NY,14454-1401,Public       ,1064,212,1276,8592,547,9139
00284600,SUNY COLLEGE-NEW PALTZ                  ,NY,12561-2499,Public       ,1750,688,2438,11921,1795,13716
00284700,SUNY COLLEGE-ONEONTA                    ,NY,13820-4015,Public       ,1622,196,1818,11147,701,11848
00284800,SUNY OSWEGO                             ,NY,13126-3599,Public       ,1969,710,2679,10793,1686,12479
00284900,SUNY COLLEGE AT PLATTSBURGH             ,NY,12901-2681,Public       ,1677,568,2245,7887,1224,9111
00285000,SUNY COLLEGE-POTSDAM                    ,NY,13676-2294,Public       ,1113,318,1431,5309,753,6062
00285100,SUNY COLLEGE OF ENVIRONMENT SCIENCE AND ,NY,13210-2778,Public       ,369,196,565,2145,489,2634
00285300,SUNY MARITIME COLLEGE                   ,NY,10465-4198,Public       ,382,100,482,1752,272,2024
00285400,SUNY COLLEGE OF TECHNOLOGY-ALFRED       ,NY,14802-9951,Public       ,1216,367,1583,4402,805,5207
00285500,SUNY CANTON COLG OF TECHNOLOGY          ,NY,13617-1098,Public       ,790,499,1289,3624,1284,4908
00285600,SUNY AG & TECH COLLEGE-COBLESKILL       ,NY,12043-9986,Public       ,786,200,986,2867,450,3317
00285700,SUNY DELHI                              ,NY,13753-1190,Public       ,1015,406,1421,3704,839,4543
00285800,SUNY FARMINGDALE                        ,NY,11735-1021,Public       ,1966,1012,2978,6709,2012,8721
00285900,SUNY COLLEGE OF AG & TECH AT MORRISVILLE,NY,13408-0901,Public       ,1131,322,1453,3764,761,4525
00286000,ADIRONDACK COMMUNITY COLLEGE            ,NY,12804-2004,Public       ,801,658,1459,1641,1177,2818
00286100,CAYUGA COMMUNITY COLLEGE                ,NY,13021-3099,Public       ,631,820,1451,1319,1425,2744
00286200,BROOME COMMUNITY COLLEGE                ,NY,13902-0000,Public       ,1126,989,2115,2567,1829,4396
00286300,CORNING COMMUNITY COLLEGE               ,NY,14830-3297,Public       ,620,613,1233,1375,1195,2570
00286400,DUTCHESS COMMUNITY COLLEGE              ,NY,12601-1595,Public       ,1379,757,2136,3333,1554,4887
00286600,FASHION INSTITUTE OF TECHNOLOGY         ,NY,10001-5992,Public       ,1319,888,2207,8797,2984,11781
00286700,SUNY FULTON MONTGOMERY COMM CLG         ,NY,12095-3790,Public       ,585,417,1002,1414,780,2194
00286800,HUDSON VALLEY COMMUNITY COLLEGE         ,NY,12180-6096,Public       ,2633,1912,4545,5251,3320,8571
00286900,JAMESTOWN COMMUNITY COLLEGE             ,NY,14702-0020,Public       ,796,677,1473,2041,1302,3343
00287000,JEFFERSON COMMUNITY COLLEGE             ,NY,13601-1897,Public       ,487,917,1404,1150,1736,2886
00287100,"SUNY, MOHAWK VALLEY COMMUNITY CLG       ",NY,13501-5394,Public       ,1598,1458,3056,3305,2501,5806
00287200,MONROE COMMUNITY COLLEGE                ,NY,14623-5780,Public       ,3400,3501,6901,7863,6627,14490
00287300,NASSAU COMMUNITY COLLEGE                ,NY,11530-6793,Public       ,4277,2720,6997,9030,4634,13664
00287400,NIAGARA COUNTY COMMUNITY COLLEGE        ,NY,14132-9460,Public       ,1330,1023,2353,3079,1998,5077
00287500,ONONDAGA COMMUNITY COLLEGE              ,NY,13215-4585,Public       ,2374,1622,3996,5869,3138,9007
00287600,ORANGE COUNTY COMMUNITY COLLEGE         ,NY,10940-6441,Public       ,1202,998,2200,2316,1682,3998
00287700,ROCKLAND COMMUNITY COLLEGE              ,NY,10901-3611,Public       ,907,826,1733,1681,1259,2940
00287800,SUFFOLK COMMUNITY COLLEGE               ,NY,11784-2899,Public       ,2865,1444,4309,5891,2588,8479
00287801,SUFFOLK COMMUNITY CLG-W. CAMPUS         ,NY,11717-0000,Public       ,1984,1306,3290,3964,2324,6288
00287803,SUFFOLK COMMUNITY CLG-EASTRN CAMPUS     ,NY,11901-0000,Public       ,716,461,1177,1473,824,2297
00287900,SULLIVAN COUNTY COMMUNITY COLLEGE       ,NY,12759-5151,Public       ,456,248,704,1112,503,1615
00288000,ULSTER COUNTY COMMUNITY COLLEGE         ,NY,12484-0557,Public       ,418,367,785,865,678,1543
00288100,SUNY WESTCHESTER COMMUNITY COLLEGE      ,NY,10595-1698,Public       ,2255,1962,4217,4630,3314,7944
00288200,SYRACUSE UNIVERSITY                     ,NY,13244-2130,Private      ,3355,1472,4827,25663,5706,31369
00288300,UTICA COLLEGE- UTICA                    ,NY,13502-4892,Private      ,859,853,1712,3771,1746,5517
00288500,ALBANY COLLEGE OF PHARMACY AND HEALTH SC,NY,12208-3492,Private      ,128,129,257,1924,848,2772
00288600,ALBANY LAW SCHOOL                       ,NY,12208-0000,Private      ,17,331,348,63,969,1032
00288700,ALBANY MEDICAL COLLEGE                  ,NY,12208-0000,Private      ,26,278,304,119,1247,1366
00288900,UNION COLLEGE                           ,NY,12308-2311,Private      ,543,29,572,3851,137,3988
00289000,UNION THEOLOGICAL SEMINARY              ,NY,10027-0000,Private      ,0,57,57,0,276,276
00289200,UNITED STATES MERCHANT MARINE ACADEMY   ,NY,11024-1699,Public       ,78,7,85,418,18,436
00289400,UNIVERSITY OF ROCHESTER                 ,NY,14627-9000,Private      ,1214,702,1916,9639,1707,11346
00289401,EASTMAN SCH OF MUSIC/UNIV ROCHESTER     ,NY,14604-0000,Private      ,108,97,205,787,405,1192
00289402,UNIV OF ROCHESTER SCHL OF MEDICINE      ,NY,14642-0000,Private      ,12,240,252,73,693,766
00289500,VASSAR COLLEGE                          ,NY,12604-0008,Private      ,769,33,802,4809,168,4977
00289600,VILLA MARIA COLLEGE-BUFFALO             ,NY,14225-3999,Private      ,149,131,280,392,243,635
00289900,WAGNER COLLEGE                          ,NY,10301-4495,Private      ,517,218,735,2916,482,3398
00290000,WEBB INSTITUTE                          ,NY,11542-1398,Private      ,7,2,9,85,8,93
00290100,WELLS COLLEGE                           ,NY,13026-0500,Private      ,222,24,246,1355,86,1441
00290300,YESHIVA UNIVERSITY                      ,NY,10033-3201,Private      ,663,660,1323,2148,2423,4571
00290302,YESHIVA UNIVERSITY - BRONX CAMPUS       ,NY,10461-1975,Private      ,29,451,480,87,1283,1370
00397400,MESIVTHA TIFERETH JERUSALEM OF AMER     ,NY,10002-6382,Private      ,6,0,6,9,1,10
00397600,RABBINICAL ACAD MESIVTA RABBI CHAIM     ,NY,11230-4715,Private      ,3,0,3,3,0,3
00397700,RABBINICAL COLLEGE CH'SAN SOFER         ,NY,11204-1252,Private      ,2,1,3,2,1,3
00397800,RABBINICAL SEMINARY OF AMERICA          ,NY,11375-0000,Private      ,21,3,24,28,5,33
00397900,COLUMBIA UNIV TEACHERS COLLEGE          ,NY,10027-0000,Private      ,29,1244,1273,119,4462,4581
00405400,HEBREW UNION COL-JEWISH INST OF REL     ,NY,10012-0000,Private      ,0,145,145,0,227,227
00475900,"CUNY, YORK COLLEGE                      ",NY,11451-0001,Public       ,3377,2545,5922,12262,5101,17363
00476500,CUNY GRADUATE SCH & UNIV CTR            ,NY,10016-4309,Public       ,46,1062,1108,130,2390,2520
00477600,CENTRAL YESHIVA TOMCHEI TMIMIM LUBA     ,NY,11230-2798,Private      ,6,3,9,16,8,24
00478800,HERKIMER COUNTY COMMUNITY COLLEGE       ,NY,13350-1598,Public       ,756,510,1266,1828,1028,2856
00479800,MIRRER YESHIVA CENTRAL INST             ,NY,11223-2010,Private      ,3,3,6,8,4,12
00479900,MONROE COLLEGE                          ,NY,10468-4305,Proprietary  ,1585,2202,3787,3996,4417,8413
00481100,EVEREST INSTITUTE                       ,NY,14621-3007,Proprietary  ,71,366,437,126,667,793
00506400,SAINT JAMES MERCY HOSPITAL SCHOOL OF RAD,NY,14843-2197,Private      ,10,17,27,21,22,43
00506600,FAXTON ST. LUKE'S SCHOOL OF RADIOGRAPHY ,NY,13502-4856,Private      ,9,13,22,20,32,52
00520800,THE COLLEGE OF WESTCHESTER              ,NY,10602-0000,Proprietary  ,365,359,724,781,571,1352
00587700,ROBERT J HOCHSTIM SCHOOL OF RADIOG      ,NY,11572-1151,Private      ,0,4,4,0,9,9
00643501,ARNOT OGDEN MEDICAL CENTER              ,NY,14905-1676,Private      ,21,33,54,45,58,103
00643800,PHILLIPS BETH ISRAEL SCH OF NURSING     ,NY,10001-6354,Private      ,47,193,240,86,309,395
00644300,COCHRAN SCH NSG-ST JOHN RVSDE HOSP      ,NY,10701-1399,Private      ,12,101,113,25,138,163
00644500,CROUSE HOSP SCH OF NURSING              ,NY,13210-1690,Private      ,55,121,176,189,259,448
00644800,ELLIS HOSPITAL SCHOOL OF NURSING        ,NY,12308-0000,Private      ,26,88,114,67,164,231
00646101,ST ELIZABETH COLLEGE OF NURSING         ,NY,13501-2998,Private      ,50,91,141,132,167,299
00646102,ST ELIZABETH SCH OF RADIOGRAPHY         ,NY,13501-0000,Private      ,14,7,21,17,22,39
00646700,SAINT JOSEPH'S COLLEGE OF NURSING       ,NY,13203-1806,Private      ,63,84,147,233,279,512
00678200,GENESEE COMMUNITY COLLEGE               ,NY,14020-9704,Public       ,966,905,1871,2356,1737,4093
00678500,SCHENECTADY COUNTY COMMUNITY CLG        ,NY,12305-2294,Public       ,831,876,1707,1786,1581,3367
00678700,CLINTON COMMUNITY COLLEGE               ,NY,12901-5690,Public       ,398,265,663,938,484,1422
00678800,TOMPKINS CORTLAND COMMUNITY COLLEGE     ,NY,13053-8504,Public       ,893,606,1499,2221,1101,3322
00678900,COLUMBIA-GREENE COMMUNITY COLLEGE       ,NY,12534-9543,Public       ,288,307,595,632,582,1214
00679100,SUNY AT PURCHASE                        ,NY,10577-1400,Public       ,1106,291,1397,7282,929,8211
00702200,CUNY-LEHMAN COLLEGE                     ,NY,10468-1589,Public       ,3522,5141,8663,13595,9519,23114
00702600,MOUNT SINAI SCHOOL OF MEDICINE          ,NY,10029-0000,Private      ,13,338,351,33,974,1007
00710900,SUNY COLLEGE-OLD WESTBURY               ,NY,11568-0210,Public       ,1360,930,2290,5569,1878,7447
00711100,NORTH COUNTRY COMMUNITY COLLEGE         ,NY,12983-2046,Public       ,208,220,428,535,410,945
00726400,MESIFTA TORAH VODAATH RABBINCAL SEM     ,NY,11218-5209,Private      ,2,1,3,4,1,5
00727300,CUNY-BERNARD BARUCH COLLEGE             ,NY,10010-5518,Public       ,4228,3844,8072,17999,7921,25920
00730400,CULINARY INSTITUTE OF AMERICA           ,NY,12538-1499,Private      ,862,412,1274,3104,1093,4197
00732916,ITT TECHNICAL INSTITUTE                 ,NY,12205-1003,Proprietary  ,54,203,257,110,344,454
00737200,AUSTIN'S SCHOOL OF SPA TECHNOLOGY       ,NY,12206-1513,Proprietary  ,69,192,261,83,237,320
00737500,ISLAND DRAFTING & TECHNICAL INST        ,NY,11701-2704,Proprietary  ,33,39,72,41,45,86
00738700,LONG ISLAND BEAUTY SCHOOL               ,NY,11788-4346,Proprietary  ,57,90,147,77,142,219
00738800,LONG ISLAND BEAUTY SCHOOL               ,NY,11550-3704,Proprietary  ,10,54,64,15,68,83
00739100,BEAUTY SCHOOL OF MIDDLETOWN             ,NY,10940-6574,Proprietary  ,13,19,32,30,38,68
00739400,BERKELEY COLLEGE                        ,NY,10017-0000,Proprietary  ,1424,1978,3402,2678,3147,5825
00740100,MANDL SCHOOL                            ,NY,10019-5516,Proprietary  ,153,496,649,199,685,884
00740500,WOOD TOBE-COBURN SCHOOL                 ,NY,10016-0102,Proprietary  ,294,47,341,533,117,650
00746500,AMERICAN ACADEMY OF DRAMATIC ARTS       ,NY,10016-7089,Private      ,231,124,355,1016,324,1340
00746600,LIM COLLEGE                             ,NY,10022-5268,Proprietary  ,349,123,472,2279,423,2702
00746800,SCHOOL OF VISUAL ARTS                   ,NY,10010-3994,Proprietary  ,638,405,1043,3711,1435,5146
00750602,LINCOLN TECHNICAL INSTITUTE             ,NY,11357-6092,Proprietary  ,260,136,396,417,219,636
00751800,APEX TECHNICAL SCHOOL                   ,NY,10011-0000,Proprietary  ,148,412,560,264,671,935
00752200,CONTINENTAL SCH OF BEAUTY CULTURE       ,NY,14623-3231,Proprietary  ,51,138,189,72,182,254
00752205,CONTINENTAL SCHOOL OF BEAUTY CULTURE - M,NY,13211-1003,Proprietary  ,18,19,37,25,38,63
00753200,FINGER LAKES COMMUNITY COLLEGE          ,NY,14424-8395,Public       ,1023,844,1867,2818,1857,4675
00757200,AMERICAN MUSICAL AND DRAMATIC ACAD      ,NY,10023-2106,Private      ,571,154,725,2308,438,2746
00757300,EMPIRE BEAUTY SCHOOL                    ,NY,11103-4028,Proprietary  ,72,127,199,110,191,301
00780400,STAR CAREER ACADEMY                     ,NY,10011-7307,Proprietary  ,56,278,334,81,431,512
00818900,CONTINENTAL SCHOOL OF BEAUTY CULTURE - B,NY,14224-3402,Proprietary  ,13,23,36,20,31,51
00818903,CONTINENTAL SCHOOL OF BEAUTY CULTURE - B,NY,14223-2911,Proprietary  ,20,55,75,54,90,144
00843700,CHAMPLAIN VALLEY - TEC/PRN              ,NY,12901-0000,Public       ,15,17,32,22,35,57
00849500,JAMESTOWN BUSINESS COLLEGE              ,NY,14702-0429,Proprietary  ,69,119,188,155,185,340
00861100,"CUNY, HOSTOS CMTY COLLEGE               ",NY,10451-1499,Public       ,3200,3147,6347,7822,5768,13590
00861400,RABBINICAL CLG BOBOVER YESHIVA BNEI     ,NY,11219-3293,Private      ,1,1,2,3,6,9
00861700,RABBINICAL SEM MKOR CHAIM-YESHIVA       ,NY,11219-4300,Private      ,0,1,1,0,2,2
00878800,STATE UNIVERSITY OF NEW YORK STUDENT LOA,NY,12246-0000,Public       ,115,87,202,505,271,776
00900300,OLEAN BUSINESS INSTITUTE INC            ,NY,14760-2691,Proprietary  ,12,31,43,19,46,65
00902900,NEIGHBORHOOD PLAYHOUSE                  ,NY,10022-5017,Private      ,12,16,28,22,30,52
00904300,ELMIRA BUSINESS INSTITUTE               ,NY,14901-2731,Proprietary  ,35,268,303,52,420,472
00907700,UTICA SCHOOL OF COMMERCE                ,NY,13501-2280,Proprietary  ,48,163,211,79,251,330
00924800,SAMARITAN HOSPITAL SCH NURSING          ,NY,12180-2475,Private      ,26,119,145,70,199,269
00928300,MIDWAY-PARIS BEAUTY SCHOOL              ,NY,11385-3453,Proprietary  ,7,29,36,16,54,70
00928400,BRITTANY BEAUTY SCHOOL                  ,NY,11756-1345,Proprietary  ,20,70,90,35,80,115
00933500,MESIVTA EASTERN PKWY RABBINICAL CLG     ,NY,11218-5559,Private      ,4,2,6,7,4,11
00947900,SAINT VINCENTS CMC SI NURSING SCHOOL    ,NY,10304-3850,Proprietary  ,124,286,410,218,498,716
00976900,METROPOLITAN COLLEGE OF NEW YORK        ,NY,10013-1919,Private      ,100,734,834,215,1372,1587
00992900,SUNY COLLEGE OF OPTOMETRY               ,NY,10036-8003,Public       ,8,186,194,21,366,387
01005100,LA GUARDIA CMTY COLLEGE - CUNY          ,NY,11101-3083,Public       ,5299,3920,9219,14667,8164,22831
01005200,JEFFERSON-LEWIS BOCES PRAC NRSGPRG      ,NY,13601-9509,Public       ,14,60,74,25,113,138
01009700,CUNY-MEDGAR W EVERS COLLEGE             ,NY,11225-2010,Public       ,2122,2314,4436,6526,4469,10995
01014200,TOURO COLLEGE                           ,NY,10010-4202,Private      ,1262,4224,5486,2162,6662,8824
01014700,WESTERN SUFFOLK BOCES                   ,NY,11768-3499,Public       ,61,134,195,102,247,349
01015300,HELENE FULD COL OF NRSNG/N GEN HOSP     ,NY,10035-0000,Private      ,9,228,237,30,405,435
01028600,EMPIRE STATE COLLEGE                    ,NY,12866-4391,Public       ,366,3898,4264,773,9174,9947
01037800,RABBINICAL COLLEGE OF LONG ISLAND       ,NY,11561-3244,Private      ,4,0,4,6,3,9
01055100,NEW YORK SCH MED & DENTAL ASSISTANT     ,NY,11101-2327,Proprietary  ,45,96,141,68,145,213
01064100,SOUTHERN WESTCHESTER BOCES              ,NY,10543-0000,Public       ,10,52,62,19,73,92
01068400,ERIE COMMUNITY COLLEGE-ALL CAMPUSES     ,NY,14203-2698,Public       ,2591,2780,5371,5841,5021,10862
01081300,AMERICAN ACAD MCALLISTER INST           ,NY,10019-3604,Private      ,54,175,229,112,433,545
01083700,SIMMONS INST OF FUNERAL SERVICE         ,NY,13207-2098,Proprietary  ,2,8,10,6,35,41
01094300,RABBINICAL COLLEGE BETH SHRAGA          ,NY,10952-3033,Private      ,0,0,0,1,0,1
01095200,PNW BOCES LPN PROGRAM                   ,NY,10598-0000,Public       ,4,15,19,12,26,38
01103100,TECHNICAL CAREER INSTITUTE              ,NY,10001-2789,Proprietary  ,475,1402,1877,608,1871,2479
01118900,UNITED TALMUDICAL SEMINARY              ,NY,11211-7984,Private      ,1,0,1,9,2,11
01119200,BETH HAMEDRASH SHAAREI YOSHER INST      ,NY,11204-1052,Private      ,1,2,3,3,5,8
01161400,CHAMPLAIN VALLEY HOSP SCH RAD TECH      ,NY,12901-1490,Private      ,8,10,18,21,18,39
01161700,NEW YORK METHODIST HOSPITAL             ,NY,11229-9023,Private      ,43,150,193,80,290,370
01164700,SBI CAMPUS - AN AFFILIATE OF SANFORD-BRO,NY,11747-3785,Proprietary  ,55,130,185,89,217,306
01167700,MEMORIAL SLOAN KETTERING CANCER CTR     ,NY,10021-6094,Private      ,2,12,14,6,35,41
01167800,SUNY INST OF TECHNOLOGY UTICA ROME      ,NY,13504-3050,Public       ,456,461,917,1971,885,2856
01183000,BERK TRADE AND BUSINESS SCHOOL          ,NY,11101-0000,Proprietary  ,26,75,101,39,105,144
01185900,WORD OF LIFE BIBLE INSTITUTE            ,NY,12860-0129,Private      ,182,17,199,414,42,456
01186000,MERCY MED CNTR SCHL OF RADIOGRAPHY      ,NY,11570-1098,Private      ,6,6,12,16,22,38
01192100,WESTCHESTER SCH OF BEAUTY CULTURE       ,NY,10550-2295,Proprietary  ,13,47,60,25,68,93
01192200,BETH HATALMUD RABBINICAL CLG            ,NY,11214-2594,Private      ,2,4,6,6,5,11
01198400,OHR HAMEIR THEOLOGICAL SEMINARY         ,NY,10566-0990,Private      ,0,0,0,2,0,2
01201100,TALMUDICAL SEM OHOLEI TORAH             ,NY,11213-3310,Private      ,2,0,2,4,0,4
01210700,INSTITUTE OF DESIGN & CONSTRUCTION      ,NY,11201-5380,Private      ,14,46,60,31,80,111
01220300,MEMORIAL HOSPITAL SCH OF NURSING        ,NY,12204-1083,Private      ,20,78,98,52,162,214
01227700,NEW YORK CHIROPRACTIC COLLEGE           ,NY,13148-0800,Private      ,8,331,339,14,698,712
01229300,VEEB NASSAU CNTY SCHL OF PRACT NURS     ,NY,11553-3037,Public       ,29,143,172,56,207,263
01235800,PLAZA COLLEGE                           ,NY,11372-6300,Proprietary  ,85,317,402,102,345,447
01236400,SAINT VINCENTS CATHOLIC MEDICAL CENTERS ,NY,11354-0000,Proprietary  ,67,321,388,104,510,614
01240700,SCHUYLER-CHEMUNG-TIOGA BOCES            ,NY,14903-1089,Public       ,13,71,84,17,129,146
01240701,STEUBEN SCHUYLER CHEMUNG TIOGA ALLEGANY ,NY,14870-9518,Public       ,1,2,3,1,6,7
01256100,FIVE TOWNS COLLEGE                      ,NY,11746-5871,Proprietary  ,358,99,457,794,170,964
01258900,ERIE 1 BOCES                            ,NY,14224-0000,Public       ,25,94,119,71,233,304
01265200,ONONDAGA CORTLAND MADISON BOCES         ,NY,13090-4500,Public       ,62,207,269,116,369,485
01278300,OSWEGO COUNTY BOCES ADULT CAREERS       ,NY,13114-4498,Public       ,5,13,18,19,35,54
01292700,CENTRAL TECH NURSING PROGRAM            ,NY,13202-3092,Public       ,11,49,60,24,88,112
01302600,MACHZIKEI HADATH RABBINICAL COLLEGE     ,NY,11204-1805,Private      ,0,0,0,1,0,1
01302700,YESHIVATH VIZNITZ                       ,NY,10952-3021,Private      ,8,1,9,9,2,11
01302900,BORICUA COLLEGE                         ,NY,10032-1599,Private      ,218,507,725,325,694,1019
02056400,CAPRI COSMETOLOGY LEARNING CENTER       ,NY,10954-0000,Proprietary  ,39,53,92,56,70,126
02066200,THE NEW SCHOOL                          ,NY,10011-0000,Private      ,993,1400,2393,5334,4640,9974
02069000,NEW YORK SCHOOL OF INTERIOR DESIGN      ,NY,10021-0000,Private      ,65,169,234,207,320,527
02075700,BRIARCLIFFE COLLEGE                     ,NY,11714-0000,Proprietary  ,145,356,501,463,1050,1513
02075702,BRIARCLIFFE COLLEGE - PATCHOGUE         ,NY,11772-3019,Proprietary  ,168,196,364,515,619,1134
02092400,RIDLEY-LOWELL SCHOOL OF BUSINESS        ,NY,13905-0000,Proprietary  ,10,68,78,12,88,100
02093700,LONG ISLAND BUSINESS INSTITUTE          ,NY,11725-0000,Proprietary  ,167,504,671,195,653,848
02093701,LONG ISLAND BUSINESS INSTITUTE - FLUSHIN,NY,11354-4429,Proprietary  ,3,10,13,11,22,33
02098400,HERKIMER COUNTY BOCES                   ,NY,13350-0000,Public       ,12,33,45,23,60,83
02104300,OTSEGO AREA SCHOOL OF PRAC NURSING      ,NY,12167-0000,Public       ,1,8,9,3,11,14
02105900,HAIR DESIGN INSTITUTE AT FIFTH AVE      ,NY,11220-0000,Proprietary  ,40,56,96,62,95,157
02106800,BRAMSON ORT COLLEGE                     ,NY,11375-0000,Private      ,117,329,446,130,369,499
02110900,CATTARAUGUS/ALLEGANY BOCES              ,NY,14760-0000,Public       ,16,84,100,35,115,150
02112301,RIDLEY - LOWELL BUSINESS & TECHNICAL INS,NY,12601-3328,Proprietary  ,63,212,275,83,297,380
02116011,SANFORD-BROWN INSTITUTE - NEW YORK      ,NY,10003-2103,Proprietary  ,185,555,740,300,933,1233
02118700,LONG ISLAND COLLEGE HOSPITAL - SCHOOL OF,NY,11201-6001,Private      ,41,98,139,110,213,323
02118702,LONG ISLAND COLLEGE HOSPITAL - SCHOOL OF,NY,11201-6001,Private      ,46,93,139,148,218,366
02124000,ORANGE ULSTER BOCES SCH OF PRAC NRS     ,NY,10924-9401,Public       ,13,86,99,24,141,165
02125500,CIRCLE IN THE SQUARE THEATRE SCHOOL     ,NY,10019-0000,Private      ,22,26,48,49,50,99
02126300,MADISON-ONEIDA BOCES PRAC NRS           ,NY,13478-0000,Public       ,4,31,35,6,44,50
02138500,BOCES RENSSELAER SCHOOL OF PN           ,NY,12033-3221,Public       ,12,24,36,18,41,59
02145800,CAYUGA ONONDAGA BOCES                   ,NY,13021-9430,Public       ,20,30,50,35,66,101
02146000,WAYNE-FINGER LAKES BOCES                ,NY,14513-0000,Public       ,35,168,203,42,230,272
02152000,YESHIVA SHAAR HATORAH ITRI TORAH        ,NY,11418-0000,Private      ,1,0,1,4,0,4
02153600,BROOME-TIOGA BOCES PN PROG              ,NY,13905-0000,Public       ,19,79,98,34,118,152
02157900,ROCHESTER GENERAL HOSPITAL              ,NY,14621-3001,Private      ,16,53,69,36,105,141
02158200,WSHNGTN-SARTGA-WARN-HMLTN-ESX BOCES     ,NY,12839-1051,Public       ,6,22,28,10,34,44
02160100,GENEVA GENERAL HOSPITAL                 ,NY,14456-0000,Private      ,30,87,117,50,155,205
02163400,NEW YORK CAREER INSTITUTE               ,NY,10007-2801,Proprietary  ,88,302,390,156,516,672
02169100,DAVIS COLLEGE                           ,NY,13790-0000,Private      ,75,61,136,140,108,248
02170000,SWEDISH INSTITUTE                       ,NY,10001-0000,Proprietary  ,80,352,432,145,572,717
02170200,ALBANY SCHOHARIE SCHENECTADY            ,NY,12205-0000,Public       ,8,41,49,23,60,83
02171900,AILEY SCHOOL (THE)                      ,NY,10019-4402,Private      ,30,34,64,107,69,176
02172100,HAMILTON-FULTON-MONTGOMERY BOCES        ,NY,12095-0665,Public       ,15,51,66,20,68,88
02172800,DUTCHESS COUNTY BOCES SCH PRAC NURS     ,NY,12601-0000,Public       ,23,60,83,45,106,151
02173200,EMPIRE BEAUTY SCHOOL                    ,NY,10001-0000,Proprietary  ,236,409,645,369,661,1030
02173900,ULSTER COUNTY BOCES PRACTICAL NRSG      ,NY,12466-0000,Public       ,15,61,76,26,107,133
02176000,CHERYL FELL'S SCHOOL OF BUSINESS        ,NY,14304-0000,Proprietary  ,2,48,50,5,53,58
02179400,EASTERN SUFFOLK BOCES                   ,NY,11713-0000,Public       ,74,186,260,111,263,374
02182200,NEW SCHOOL OF RADIO & TELEVISION        ,NY,12206-1106,Proprietary  ,13,24,37,34,53,87
02187300,DARKEI NOAM RABBINICAL COLLEGE          ,NY,11210-0000,Private      ,0,0,0,0,1,1
02191600,TORAH TEMIMAH TALMUDICAL SEMINARY       ,NY,11218-0000,Private      ,4,1,5,7,1,8
02192500,BELLEVUE HOSP CTR SCH RAD TECH          ,NY,10016-0000,Public       ,4,44,48,11,94,105
02199300,ORLEANS-NIAGARA BOCES                   ,NY,14132-0000,Public       ,10,34,44,17,55,72
02206000,HUNTER BUSINESS SCHOOL                  ,NY,11756-0000,Proprietary  ,75,191,266,136,311,447
02217800,D.HOPFER SCH NURSING AT MT.VRN HOSP     ,NY,10550-0000,Private      ,19,150,169,41,225,266
02219500,MILDRED ELLEY                           ,NY,12206-1513,Proprietary  ,209,1011,1220,242,1314,1556
02235600,ERIE 2-CHAUTAUQUA-CATTARAUGUS BOCES     ,NY,14006-0000,Public       ,10,41,51,16,52,68
02265100,YESHIVA DERECH CHAIM                    ,NY,11218-0000,Private      ,2,1,3,6,1,7
02265200,GLOBAL BUSINESS INSTITUTE               ,NY,11691-0000,Private      ,1,25,26,4,45,49
02272900,ROCKLAND COUNTY BOCES PRAC NRSG SCH     ,NY,10994-0000,Public       ,19,58,77,36,71,107
02275900,"MODERN WELDING SCHOOL, INC.             ",NY,12304-0000,Proprietary  ,24,42,66,36,69,105
02287800,NATIONAL TRACTOR TRAILER SCHOOL         ,NY,13088-2505,Proprietary  ,13,150,163,15,191,206
02294900,INSTITUTE OF AUDIO RESEARCH             ,NY,10003-0000,Proprietary  ,78,123,201,153,221,374
02306500,PROFESSIONAL BUSINESS INSTITUTE         ,NY,10002-0000,Private      ,164,526,690,231,685,916
02314200,NORTHERN WESTCHESTER SCH COSMETOL       ,NY,10566-0000,Proprietary  ,19,17,36,19,22,41
02320100,OHR SOMAYACH TANENBAUM EDUCATIONAL CENTE,NY,10952-0000,Private      ,1,1,2,2,1,3
02350600,YESHIVA AND KOLLEL HARBOTZAS TORAH      ,NY,11230-0000,Private      ,0,0,0,0,1,1
02491400,SPANISH AMERICAN INSTITUTE              ,NY,10036-0000,Private      ,3,3,6,4,7,11
02505900,SH-OR YOSHUV RABBINICAL COLLEGE         ,NY,11691-0000,Private      ,4,1,5,6,2,8
02506000,ASSOCIATED BETH RIVKAH SCHOOLS          ,NY,11225-0000,Private      ,11,2,13,22,3,25
02506100,CITY UNIV OF NEW YORK-CENTRAL           ,NY,10021-0000,Public       ,477,405,882,2832,1213,4045
02506800,YESHIVAT MIKDASH MELECH                 ,NY,11230-0000,Private      ,13,1,14,21,1,22
02511500,JOFFREY BALLET SCHOOL                   ,NY,10011-0000,Proprietary  ,41,4,45,110,10,120
02513500,MAR JON SCHOOL OF BEAUTY CULTURE        ,NY,14150-0000,Proprietary  ,6,25,31,14,36,50
02525600,ART INSTITUTE OF NEW YORK CITY (THE)    ,NY,10013-2429,Proprietary  ,672,480,1152,1702,1039,2741
02540800,"GLOBE INSTITUTE OF TECHNOLOGY, INC.     ",NY,10007-0000,Proprietary  ,136,168,304,217,230,447
02546000,TRI-STATE COLLEGE OF ACUPUNCTURE        ,NY,10011-0000,Proprietary  ,0,63,63,0,87,87
02550600,TALMUDICAL INST OF UPSTATE NY           ,NY,14607-0000,Private      ,0,2,2,0,2,2
02556700,SEMINAR L'MOROS BAIS YAAKOV             ,NY,11219-0000,Private      ,129,1,130,143,2,145
02572900,BUSINESS INFORMATICS CENTER             ,NY,11580-0000,Proprietary  ,7,35,42,12,40,52
02575400,FRENCH CULINARY INSTITUTE               ,NY,10013-2618,Proprietary  ,123,269,392,308,554,862
02587600,ORLO SCH HAIR DESIGN & COSMETOLOGY      ,NY,12206-1723,Proprietary  ,24,39,63,35,57,92
02599400,NEW YORK COLLEGE OF HEALTH PROFESSIONS  ,NY,11791-4413,Private      ,60,314,374,136,587,723
02600100,NEW YORK ACADEMY OF ART (THE)           ,NY,10013-2911,Private      ,51,99,150,187,280,467
02614900,SANFORD-BROWN INSTITUTE                 ,NY,10604-2910,Proprietary  ,64,155,219,92,274,366
02615001,SANFORD-BROWN COLLEGE - SANFORD-BROWN IN,NY,11530-4734,Proprietary  ,124,250,374,183,424,607
02616600,SHEAR EGO INTERNATIONAL SCHOOL OF HAIR D,NY,14617-3501,Proprietary  ,24,45,69,39,74,113
02617000,CONTINENTAL SCH OF BEAUTY CULTURE       ,NY,14020-0000,Proprietary  ,14,25,39,19,31,50
02617002,CONTINENTAL SCHOOL OF BEAUTY CULTURE  - ,NY,14020-1908,Proprietary  ,3,7,10,6,10,16
02622900,BAIS MEDRASH ELYON                      ,NY,10952-3013,Private      ,0,0,0,0,1,1
03000100,YESHIVA GEDOLAH IMREI YOSEF DSPINKA     ,NY,11219-4696,Private      ,0,1,1,0,1,1
03007200,DANCE THEATRE OF HARLEM                 ,NY,10031-0000,Private      ,16,9,25,37,29,66
03027701,PACIFIC COLLEGE OF ORIENTAL MEDICINE - N,NY,10010-7108,Proprietary  ,14,152,166,33,354,387
03081600,DELAWARE CHENANGO MADISON OT. BOCES     ,NY,13815-9554,Public       ,2,12,14,12,34,46
03089700,COMPUTER CAREER CENTER                  ,NY,11530-3334,Proprietary  ,24,102,126,42,143,185
03095500,ASA INST BUSINESS & COMPUTER TECH       ,NY,11201-5208,Proprietary  ,800,1807,2607,1012,2041,3053
03096200,CHARLES STUART SCHOOL                   ,NY,11229-2004,Proprietary  ,3,19,22,9,32,41
03103700,ADIRONDACK BEAUTY SCHOOL                ,NY,12801-3158,Proprietary  ,4,13,17,10,31,41
03104900,SULLIVAN COUNTY BOCES                   ,NY,12754-2116,Public       ,7,12,19,13,30,43
03115300,GENESEE VALLEY BOCES                    ,NY,14020-1099,Public       ,15,56,71,37,86,123
03120700,NEW YORK CONSERVATORY FOR DRAMATIC ARTS ,NY,10011-4225,Proprietary  ,160,67,227,498,171,669
03127100,YESHIVAS NOVOMINSK                      ,NY,11219-0000,Private      ,7,0,7,12,0,12
03129200,RABBINICAL CLG OHR SHIMAR YISROEL       ,NY,11211-8102,Private      ,1,1,2,2,2,4
03147300,YESHIVA D'MONSEY                        ,NY,10952-3106,Private      ,0,0,0,1,0,1
03169300,STUDIO JEWELERS                         ,NY,10016-4112,Proprietary  ,1,12,13,4,22,26
03181400,MERKAZ BNOS                             ,NY,11214-4911,Private      ,0,55,55,0,55,55
03191300,CUNY SCHOOL OF LAW @ QUEENS COLLEGE     ,NY,11367-0000,Public       ,96,375,471,343,1017,1360
03193300,MANHATTAN SCHOOL OF COMPUTER TECH       ,NY,11230-1617,Private      ,75,206,281,138,294,432
03203300,NEW YORK INSTITUTE OF MASSAGE           ,NY,14221-6021,Proprietary  ,18,53,71,28,95,123
03216300,UNIFICATION THEOLOGICAL SEMINARY        ,NY,12507-5021,Private      ,13,12,25,14,19,33
03328300,FRANKLIN CAREER INSTITUTE               ,NY,11550-3003,Private      ,19,49,68,27,72,99
03328301,FRANKLIN CAREER INSTITUTE - BROOKLYN    ,NY,11220-3110,Private      ,56,121,177,84,205,289
03342400,AMERICAN BARBER INSTITUTE               ,NY,10001-5271,Proprietary  ,5,32,37,18,74,92
03358300,ALLEN SCHOOL                            ,NY,11432-4901,Proprietary  ,50,452,502,84,747,831
03358301,ALLEN SCHOOL - BROOKLYN                 ,NY,11201-0000,Proprietary  ,51,212,263,103,400,503
03380300,STAR CAREER ACADEMY                     ,NY,11791-5311,Proprietary  ,23,85,108,42,150,192
03419400,NORTHEASTERN SEMINARY                   ,NY,14624-1997,Private      ,3,60,63,26,89,115
03426400,ANTHEM INSTITUTE                        ,NY,10018-0000,Proprietary  ,0,0,0,4,8,12
03433500,LIA SCHORR INSTITUTE OF COSMETIC SK     ,NY,10022-2614,Proprietary  ,2,13,15,5,29,34
03443300,NEW YORK COLLEGE OF TRADITIONAL CHINESE ,NY,11501-0000,Private      ,0,23,23,1,36,37
03496300,YESHIVA SHAAREI TORAH OF ROCKLAND       ,NY,10901-4003,Private      ,2,1,3,2,1,3
03537300,NEW YORK AUTOMOTIVE & DIESEL INSTIT     ,NY,11101-0000,Proprietary  ,50,116,166,69,164,233
03568300,LEON STUDIO ONE SCHOOL OF HAIR DESI     ,NY,14221-5323,Proprietary  ,7,19,26,19,31,50
03651300,SAINT JOSEPH'S MEDICAL CENTER SCHOO     ,NY,10701-4080,Private      ,3,10,13,15,22,37
03652300,METROPOLITAN LEARNING INSTITUTE         ,NY,11374-2101,Private      ,40,625,665,46,721,767
03665400,CHRISTIE'S EDUCATION                    ,NY,10036-8002,Proprietary  ,1,15,16,5,42,47
03713300,BEIS MEDRASH HEICHAL DOVID              ,NY,11691-4433,Private      ,0,0,0,2,0,2
03773300,CENTER FOR NATURAL WELLNESS SCHOOL OF MA,NY,12205-1601,Proprietary  ,15,66,81,25,110,135
03809400,MICROPOWER CAREER INSTITUTE             ,NY,10001-2812,Proprietary  ,28,196,224,34,232,266
03839300,AVEDA INSTITUTE NEW YORK                ,NY,10013-1522,Proprietary  ,58,119,177,117,233,350
03881300,UNION GRADUATE COLLEGE                  ,NY,12308-3131,Private      ,2,77,79,14,134,148
03903400,AMERICAN BEAUTY SCHOOL                  ,NY,10462-8003,Proprietary  ,48,124,172,95,224,319
03941400,ELITE ACADEMY OF BEAUTY ARTS            ,NY,11223-1630,Proprietary  ,5,21,26,12,43,55
03983300,"SCHOOL OF PROFESSIONAL HORTICULTURE, AT ",NY,10458-5126,Private      ,2,10,12,7,29,36
03988300,"SAE INSTITUTE OF TECHNOLOGY, NEW YORK   ",NY,10001-2915,Proprietary  ,81,136,217,191,290,481
04043300,ACE COMPUTER TRAINING CENTER            ,NY,11375-5337,Proprietary  ,14,96,110,21,130,151
04092401,MAKE-UP DESIGNORY -                     ,NY,10012-0041,Proprietary  ,102,114,216,229,221,450
04095300,KING'S COLLEGE (THE)                    ,NY,10018-0110,Private      ,123,40,163,885,112,997
04102300,NEW AGE TRAINING                        ,NY,10001-4006,Proprietary  ,14,41,55,17,70,87
04117100,EDP SCHOOL OF COMPUTER PROGRAMMING      ,NY,11235-0000,Private      ,7,23,30,12,54,66
04117700,"MONROE 2-ORLEANS BOCES, CENTER FOR WORK ",NY,14624-1119,Public       ,25,88,113,71,158,229
04123200,INSTITUTE OF ALLIED MEDICAL PROFESSIONS ,NY,11373-5541,Private      ,6,47,53,15,75,90
04123300,HUDSON VALLEY SCHOOL OF MASSAGE THERAPY ,NY,12493-0000,Proprietary  ,0,0,0,2,2,4
04125600,CAREER SCHOOL OF NY                     ,NY,10301-2416,Private      ,21,26,47,48,53,101
04131500,COLLECTIVE (THE)                        ,NY,10011-2026,Proprietary  ,3,8,11,9,18,27
04133700,NEW YORK MEDICAL CAREER TRAINING CENTER ,NY,11354-6504,Proprietary  ,15,44,59,26,81,107
04134000,"JOHN PAOLO'S XTREME BEAUTY INSTITUTE, GO",NY,12020-1245,Proprietary  ,2,27,29,5,40,45
04134001,"JOHN PAOLO'S XTREME BEAUTY INSTITUTE, GO",NY,13417-1319,Proprietary  ,11,45,56,24,71,95
04137700,ANN MARIE'S WORLD OF BEAUTY SCHOOL      ,NY,13901-2308,Proprietary  ,5,8,13,12,19,31
04138100,YESHIVA OF MACHZIKAI HADAS              ,NY,11219-1408,Private      ,0,1,1,0,1,1
04144300,INSTITUTE OF CULINARY EDUCATION         ,NY,10010-5205,Proprietary  ,146,321,467,361,595,956
04148000,NEW LIFE BUSINESS INSTITUTE             ,NY,11432-6149,Proprietary  ,7,33,40,10,51,61
04151200,SALON PROFESSIONAL ACADEMY (THE)        ,NY,14150-9200,Proprietary  ,24,38,62,43,55,98
04155300,ONONDAGA SCHOOL OF THERAPEUTIC MASSAGE  ,NY,13210-1533,Proprietary  ,31,130,161,53,208,261
04156000,ACADEMY OF COSMETOLOGY & ESTHETICS NYC (,NY,10306-3003,Proprietary  ,40,58,98,108,119,227
04157500,ACCESS CAREERS                          ,NY,11201-5826,Proprietary  ,18,75,93,32,134,166
04165700,"JOHN PAOLO'S XTREME BEAUTY INSTITUTE, GO",NY,12110-3053,Proprietary  ,4,10,14,8,20,28
04166000,MANHATTAN INSTITUTE (THE)               ,NY,10016-6516,Proprietary  ,34,74,108,96,155,251
04167600,FINGER LAKES SCHOOL OF MASSAGE (THE)    ,NY,14850-1384,Proprietary  ,18,68,86,39,106,145
04167601,FINGER LAKES SCHOOL OF MASSAGE (THE) -  ,NY,10549-1103,Proprietary  ,3,31,34,5,43,48
04178700,ATELIER ESTHETIQUE INSTITUTE OF ESTHETIC,NY,10016-8804,Proprietary  ,16,74,90,26,128,154
04179800,SOTHEBY'S INSTITUTE OF ART - NY         ,NY,10022-6717,Proprietary  ,5,44,49,19,115,134
04180200,LONG ISLAND NAIL & SKIN CARE INSTITUTE  ,NY,11756-1316,Proprietary  ,5,29,34,9,44,53
04189000,LONG ISLAND BARBER INSTITUTE (THE)      ,NY,11550-6317,Proprietary  ,9,19,28,12,33,45
04190500,NEW YORK SCHOOL OF ESTHETICS & DAY SPA  ,NY,10591-3232,Proprietary  ,7,29,36,9,46,55
04204300,AESTHETIC SCIENCE INSTITUTE (THE)       ,NY,12110-1095,Proprietary  ,5,22,27,16,42,58
04206200,DIGITAL FILM ACADEMY                    ,NY,10036-3708,Proprietary  ,35,68,103,118,157,275
04207600,AMERICAN ACADEMY OF PERSONAL TRAINING   ,NY,10011-7301,Proprietary  ,10,28,38,10,28,38
04208600,RELAY SCHOOL OF EDUCATION               ,NY,10011-4233,Private      ,0,69,69,1,102,103
04210100,NEW COMMUNITY COLLEGE AT CUNY (THE)     ,NY,10018-2602,Public       ,631,243,874,631,243,874
04210700,NEW YORK INSTITUTE OF BEAUTY            ,NY,11749-1479,Proprietary  ,8,22,30,11,29,40
04212500,CACTUS ACADEMY (THE)                    ,NY,11530-3402,Proprietary  ,15,14,29,27,23,50
04213500,SHARP EDGEZ BARBER INSTITUTE            ,NY,14620-0000,Proprietary  ,4,17,21,4,17,21
04215900,YESHIVA GEDOLAH KESSER TORAH            ,NY,10952-2127,Private      ,3,0,3,3,0,3
00267808,BRYANT & STRATTON COLLEGE - PARMA       ,OH,44130-0000,Proprietary  ,177,1085,1262,399,2325,2724
00301000,ANTIOCH UNIVERSITY                      ,OH,45387-1608,Private      ,37,276,313,241,563,804
00301100,ART ACADEMY OF CINCINNATI               ,OH,45202-7106,Private      ,110,82,192,421,181,602
00301200,ASHLAND UNIVERSITY                      ,OH,44805-3799,Private      ,624,853,1477,3450,1995,5445
00301300,ATHENAEUM OF OHIO                       ,OH,45230-2000,Private      ,2,9,11,6,14,20
00301400,BALDWIN-WALLACE COLLEGE                 ,OH,44017-2088,Private      ,942,587,1529,4571,1351,5922
00301600,BLUFFTON UNIVERSITY                     ,OH,45817-2104,Private      ,284,134,418,1440,298,1738
00301800,BOWLING GREEN STATE UNIVERSITY          ,OH,43403-0001,Public       ,3332,1796,5128,18887,4956,23843
00302300,CAPITAL UNIVERSITY                      ,OH,43209-2394,Private      ,773,1024,1797,4045,2502,6547
00302400,CASE WESTERN RESERVE UNIV               ,OH,44106-0000,Private      ,1426,721,2147,10590,1716,12306
00302401,CASE WESTERN RESERVE UNIV - MED         ,OH,44106-0000,Private      ,13,402,415,84,1130,1214
00302402,CASE WESTERN RESERVE UNIV - DENTAL      ,OH,44106-0000,Private      ,9,132,141,40,288,328
00302403,CASE WESTERN RESERVE UNIV - LAW         ,OH,44106-0000,Private      ,7,240,247,29,755,784
00302404,CASE WESTERN RESERVE UNIV - UG          ,OH,44106-0000,Private      ,53,21,74,199,39,238
00302405,CASE WESTERN RESERVE UNIV - MSASS       ,OH,44106-0000,Private      ,5,179,184,19,481,500
00302406,CASE WESTERN RESERVE UNIV - NURS UG     ,OH,44106-0000,Private      ,58,82,140,256,170,426
00302407,CASE WESTERN RESERVE UNIV - WSOM        ,OH,44106-0000,Private      ,11,109,120,32,181,213
00302408,CASE WESTERN RESERVE UNIV -A&S GRAD     ,OH,44106-0000,Private      ,5,99,104,13,255,268
00302409,CASE WESTERN RESERVE UNIV -ENG GRAD     ,OH,44106-0000,Private      ,9,35,44,41,78,119
00302410,CASE WESTERN RESERVE UNIV -NURS GRD     ,OH,44106-0000,Private      ,1,157,158,9,336,345
00302500,CEDARVILLE UNIVERSITY                   ,OH,45314-8564,Private      ,703,149,852,3879,342,4221
00302600,CENTRAL STATE UNIVERSITY                ,OH,45384-1004,Public       ,583,487,1070,2769,1361,4130
00302900,CINCINNATI CHRISTIAN UNIVERSITY         ,OH,45204-3200,Private      ,143,223,366,473,491,964
00303000,OHIO CHRISTIAN UNIVERSITY               ,OH,43113-9487,Private      ,240,1057,1297,684,2297,2981
00303100,CLEVELAND INSTITUTE OF MUSIC            ,OH,44106-1776,Private      ,28,43,71,366,389,755
00303200,CLEVELAND STATE UNIVERSITY              ,OH,44115-2214,Public       ,3012,4764,7776,9858,10521,20379
00303300,COLLEGE OF MT ST JOSEPH                 ,OH,45233-1670,Private      ,313,434,747,1875,1223,3098
00303500,OHIO DOMINICAN UNIVERSITY               ,OH,43219-2099,Private      ,448,792,1240,2119,1972,4091
00303600,FRANCISCAN UNIV OF STEUBENVILLE         ,OH,43952-1763,Private      ,675,258,933,2378,512,2890
00303700,COLLEGE OF WOOSTER                      ,OH,44691-2363,Private      ,419,36,455,3388,119,3507
00303900,COLUMBUS COLLEGE OF ART AND DESIGN      ,OH,43215-1758,Private      ,295,213,508,1577,615,2192
00304000,CUYAHOGA COMMUNITY COLLEGE              ,OH,44115-2878,Public       ,3559,8323,11882,7993,16062,24055
00304100,"DEFIANCE COLLEGE, THE                   ",OH,43512-1695,Private      ,275,167,442,1337,384,1721
00304200,DENISON UNIVERSITY                      ,OH,43023-1329,Private      ,303,22,325,2946,112,3058
00304300,CHANCELLOR UNIVERSITY                   ,OH,44114-0000,Proprietary  ,8,96,104,26,214,240
00304400,TRINITY LUTHERAN SEMINARY               ,OH,43209-0000,Private      ,1,53,54,3,118,121
00304500,UNIVERSITY OF FINDLAY                   ,OH,45840-3695,Private      ,678,578,1256,3372,1314,4686
00304600,FRANKLIN UNIVERSITY                     ,OH,43215-5399,Private      ,389,3190,3579,1016,8100,9116
00304800,HEIDELBERG UNIVERSITY                   ,OH,44883-2462,Private      ,404,144,548,1892,329,2221
00304900,HIRAM COLLEGE                           ,OH,44234-1808,Private      ,292,153,445,1672,319,1991
00305000,JOHN CARROLL UNIVERSITY                 ,OH,44118-4581,Private      ,690,327,1017,4400,775,5175
00305100,KENT STATE UNIVERSITY                   ,OH,44242-0001,Public       ,4907,3803,8710,24510,10312,34822
00305101,KENT STATE UNIVERSITY - GEAUGA CAMPUS   ,OH,44021-9500,Public       ,248,302,550,662,787,1449
00305102,KENT STATE UNIVERSITY - STARK CAMPUS    ,OH,44720-7599,Public       ,919,1365,2284,2765,2955,5720
00305103,KENT STATE UNIVERSITY - TUSCARAWAS CAMPU,OH,44663-9403,Public       ,282,434,716,849,1115,1964
00305104,KENT STATE UNIVERSITY - TRUMBULL CAMPUS ,OH,44483-1998,Public       ,336,657,993,988,1672,2660
00305105,KENT STATE UNIVERSITY - ASHTABULA CAMPUS,OH,44004-2299,Public       ,261,600,861,759,1581,2340
00305106,KENT STATE UNIVERSITY - EAST LIVERPOOL C,OH,43920-3497,Public       ,122,249,371,390,657,1047
00305107,KENT STATE UNIVERSITY - SALEM CAMPUS    ,OH,44460-9412,Public       ,271,337,608,849,919,1768
00305143,KENT STATE UNIVERSITY - COLLEGE OF PODIA,OH,44131-2330,Public       ,10,78,88,28,279,307
00306500,KENYON COLLEGE                          ,OH,43022-9623,Private      ,191,13,204,2636,61,2697
00306600,LAKE ERIE COLLEGE                       ,OH,44077-3389,Private      ,266,122,388,1234,299,1533
00306800,LORAIN COUNTY COMMUNITY COLLEGE         ,OH,44035-1691,Public       ,1276,2911,4187,2829,5258,8087
00306900,LOURDES COLLEGE                         ,OH,43560-2898,Private      ,358,636,994,1119,1358,2477
00307200,MALONE UNIVERSITY                       ,OH,44709-3897,Private      ,355,501,856,1801,1117,2918
00307300,MARIETTA COLLEGE                        ,OH,45750-4033,Private      ,371,115,486,2444,308,2752
00307500,METHODIST THEOLOGICAL SCH IN OHIO       ,OH,43015-0000,Private      ,1,74,75,2,148,150
00307700,MIAMI UNIVERSITY                        ,OH,45056-1831,Public       ,2007,1235,3242,21156,4498,25654
00307800,WRIGHT STATE UNIVERSITY                 ,OH,45435-0002,Public       ,2278,2962,5240,12128,8726,20854
00308300,UNIVERSITY OF MOUNT UNION               ,OH,44601-3993,Private      ,786,89,875,3300,275,3575
00308400,MUSKINGUM UNIVERSITY                    ,OH,43762-1199,Private      ,539,255,794,2103,491,2594
00308500,NOTRE DAME COLLEGE OF OHIO              ,OH,44121-4293,Private      ,543,562,1105,2151,1181,3332
00308600,OBERLIN COLLEGE                         ,OH,44074-1090,Private      ,727,47,774,4835,169,5004
00308900,OHIO NORTHERN UNIVERSITY                ,OH,45810-1555,Private      ,591,302,893,3422,809,4231
00309000,OHIO STATE UNIVERSITY-ALL CAMPUSES      ,OH,43210-1358,Public       ,5754,5756,11510,52488,21690,74178
00310000,OHIO UNIVERSITY                         ,OH,45701-2979,Public       ,3296,3662,6958,22577,9557,32134
00310002,"OHIO UNIVERSITY, ZANESVILLE CAMPUS      ",OH,43701-0000,Public       ,307,515,822,1159,1286,2445
00310003,"OHIO UNIVERSITY, LANCASTER CAMPUS       ",OH,43130-0000,Public       ,363,590,953,1307,1542,2849
00310004,"OHIO UNIVERSITY, SOUTHERN CAMPUS        ",OH,45638-0000,Public       ,175,561,736,703,1342,2045
00310005,"OHIO UNIVERSITY, CHILLICOTHE CAMPUS     ",OH,45601-0000,Public       ,350,670,1020,1030,1600,2630
00310006,"OHIO UNIVERSITY, EASTERN CAMPUS         ",OH,43950-0000,Public       ,158,144,302,501,313,814
00310008,OHIO UNIV COLL OF OSTEOPATHIC MED       ,OH,45701-0000,Public       ,4,373,377,14,565,579
00310900,OHIO WESLEYAN UNIVERSITY                ,OH,43015-2398,Private      ,156,45,201,2999,156,3155
00311000,OTTERBEIN UNIVERSITY                    ,OH,43081-2006,Private      ,612,379,991,3775,873,4648
00311300,PONTIFICAL COLLEGE JOSEPHINUM           ,OH,43235-1498,Private      ,12,6,18,39,13,52
00311400,FIRELANDS REGIONAL MEDICAL CENTER - SOUT,OH,44870-4788,Private      ,29,51,80,61,132,193
00311500,RABBINICAL COLLEGE OF TELSHE            ,OH,44092-2584,Private      ,1,4,5,1,4,5
00311600,UNIV OF RIO GRANDE                      ,OH,45674-3131,Private      ,351,601,952,1256,1419,2675
00311900,SINCLAIR COMMUNITY COLLEGE              ,OH,45402-1460,Public       ,2980,5888,8868,6605,11428,18033
00312100,TIFFIN UNIVERSITY                       ,OH,44883-2161,Private      ,716,2150,2866,2568,4863,7431
00312200,UNITED THEOLOGICAL SEMINARY             ,OH,45406-0000,Private      ,2,193,195,4,477,481
00312300,UNIVERSITY OF AKRON                     ,OH,44325-6211,Public       ,4720,4628,9348,17975,11123,29098
00312500,UNIVERSITY OF CINCINNATI                ,OH,45221-0125,Public       ,6154,7533,13687,25844,17525,43369
00312504,UNIVERSITY OF CINCINNATI - MEDICINE     ,OH,45267-0553,Public       ,78,629,707,355,1500,1855
00312700,UNIVERSITY OF DAYTON                    ,OH,45469-0002,Private      ,1008,929,1937,12331,2700,15031
00313100,UNIVERSITY OF TOLEDO                    ,OH,43606-3390,Public       ,4017,3582,7599,15425,8357,23782
00313300,URBANA UNIVERSITY                       ,OH,43078-2091,Private      ,288,343,631,903,664,1567
00313400,URSULINE COLLEGE                        ,OH,44124-4398,Private      ,153,481,634,578,993,1571
00313500,WALSH UNIVERSITY                        ,OH,44720-3396,Private      ,312,396,708,2543,1067,3610
00314100,WILBERFORCE UNIVERSITY                  ,OH,45384-1001,Private      ,171,146,317,529,328,857
00314200,WILMINGTON COLLEGE                      ,OH,45177-2499,Private      ,353,170,523,1996,442,2438
00314300,WITTENBERG UNIVERSITY                   ,OH,45501-2199,Private      ,214,117,331,3718,352,4070
00314400,XAVIER UNIVERSITY                       ,OH,45207-1035,Private      ,814,1080,1894,8044,2676,10720
00314500,YOUNGSTOWN STATE UNIVERSITY             ,OH,44555-0001,Public       ,2016,2031,4047,8156,5455,13611
00398200,CLEVELAND INSTITUTE OF ART              ,OH,44106-1700,Private      ,121,77,198,975,247,1222
00406000,WINEBRENNER THEOLOGICAL SEMINARY        ,OH,45840-0000,Private      ,1,17,18,2,40,42
00485200,CLARK STATE COMMUNITY COLLEGE           ,OH,45505-4795,Public       ,633,1992,2625,1443,3960,5403
00485300,BRADFORD SCHOOL                         ,OH,43219-0000,Proprietary  ,329,285,614,638,540,1178
00485500,DAVIS COLLEGE                           ,OH,43623-4307,Proprietary  ,46,249,295,87,466,553
00486100,UNIVERSITY OF NORTHWESTERN OHIO         ,OH,45805-1498,Private      ,1273,655,1928,4365,1488,5853
00486600,STAUTZENBERGER COLLEGE                  ,OH,43537-4007,Proprietary  ,169,617,786,281,931,1212
00489811,MCCANN SCHOOL OF BUSINESS & TECHNOLOGY -,OH,45402-1724,Proprietary  ,7,25,32,21,53,74
00489814,MCCANN SCHOOL OF BUSINESS & TECHNOLOGY -,OH,44131-2309,Proprietary  ,4,12,16,4,26,30
00489817,MCCANN SCHOOL OF BUSINESS & TECHNOLOGY -,OH,45241-5428,Proprietary  ,0,4,4,2,13,15
00510200,SCH OF DIAGNOSTIC IMAGING-CLEVELAND     ,OH,44119-0000,Private      ,10,24,34,13,34,47
00531300,NORTH CENTRAL STATE COLLEGE             ,OH,44901-0000,Public       ,385,799,1184,1065,1819,2884
00575300,OWENS STATE COMMUNITY COLLEGE           ,OH,43699-0000,Public       ,1773,3504,5277,4076,6937,11013
00648700,AULTMAN COLLEGE OF NURSING AND HEALTH SC,OH,44710-1799,Private      ,65,183,248,173,423,596
00648900,CHRIST COLLEGE OF NURSING AND HEALTH SCI,OH,45219-2906,Private      ,108,281,389,285,611,896
00649400,GOOD SAMARITAN COLG-NURSING/HEALTH      ,OH,45220-2489,Private      ,83,254,337,262,544,806
00650700,TRINIT HEALTH SYSTEM SCH OF NURSING     ,OH,43952-2667,Private      ,28,77,105,57,145,202
00680400,LAKELAND COMMUNITY COLLEGE              ,OH,44094-5198,Public       ,993,2055,3048,2273,4360,6633
00686700,COLUMBUS STATE COMMUNITY COLLEGE        ,OH,43215-1786,Public       ,4370,8803,13173,10815,17805,28620
00703500,KETTERING COLLEGE OF MEDICAL ARTS       ,OH,45429-1299,Private      ,175,346,521,554,732,1286
00708500,MOUNT VERNON NAZARENE UNIVERSITY        ,OH,43050-9500,Private      ,335,259,594,1456,658,2114
00708501,MOUNT VERNON NAZARENE UNIV - AGS        ,OH,43050-0000,Private      ,23,237,260,81,532,613
00727500,EASTERN GATEWAY COMMUNITY COLLEGE       ,OH,43952-3598,Public       ,369,861,1230,740,1529,2269
00732920,ITT TECHNICAL INSTITUTE                 ,OH,45414-3456,Proprietary  ,152,767,919,308,1108,1416
00732992,ITT TECHNICAL INSTITUTE                 ,OH,44509-4098,Proprietary  ,171,549,720,332,1156,1488
00747300,CHOFFIN CAREER & TECHNICAL CENTER       ,OH,44503-1628,Public       ,40,110,150,83,224,307
00759800,HOCKING TECHNICAL COLLEGE               ,OH,45764-9582,Public       ,1188,1178,2366,2664,2354,5018
00777700,REMINGTON COLLEGE - CLEVELAND CAMPUS    ,OH,44125-1957,Private      ,178,672,850,269,1083,1352
00777704,REMINGTON COLLEGE-CLEVELAND WEST CAMPUS ,OH,44070-3129,Private      ,21,87,108,40,133,173
00812900,ADULT AND COMMUNITY EDUCATION @ HUDSON  ,OH,43211-2017,Public       ,19,179,198,42,341,383
00813200,TOLEDO SCHOOL OF PRACTICAL NURSING      ,OH,43613-5110,Public       ,32,175,207,100,349,449
00813300,ZANE STATE COLLEGE                      ,OH,43701-2626,Public       ,408,677,1085,1057,1532,2589
00819400,AKRON SCHOOL OF PRACTICAL NRSG          ,OH,44311-0000,Public       ,32,96,128,138,220,358
00827800,TERRA COMMUNITY COLLEGE                 ,OH,43420-9670,Public       ,285,681,966,608,1272,1880
00867700,NORTHWEST STATE COMMUNITY COLLEGE       ,OH,43502-9542,Public       ,339,822,1161,797,1473,2270
00888600,PORTAGE LAKES CAREER CENTER             ,OH,44685-9554,Public       ,12,35,47,14,62,76
00908803,ITT TECHNICAL INSTITUTE                 ,OH,44136-1758,Proprietary  ,0,0,0,0,1,1
00915600,WAYNE COUNTY SCHOOLS CAREER CENTER      ,OH,44677-9672,Public       ,17,96,113,42,155,197
00941200,FORTIS COLLEGE                          ,OH,44221-2998,Proprietary  ,93,530,623,131,807,938
00953000,GERBER AKRON BEAUTY SCHOOL              ,OH,44313-6995,Proprietary  ,10,58,68,25,96,121
00953100,SPA SCHOOL (THE)                        ,OH,43214-1524,Proprietary  ,19,95,114,39,210,249
00966000,TIFFIN ACADEMY OF HAIR DESIGN           ,OH,44883-2833,Proprietary  ,16,24,40,26,40,66
00994100,BELMONT TECHNICAL COLLEGE               ,OH,43950-9766,Public       ,281,548,829,596,919,1515
00994200,SHAWNEE STATE UNIVERSITY                ,OH,45662-4344,Public       ,939,848,1787,3963,1856,5819
01001700,PAYNE THEOLOGICAL SEMINARY              ,OH,45384-0474,Private      ,0,70,70,0,100,100
01002700,JAMES A. RHODES STATE COLLEGE           ,OH,45804-3597,Public       ,464,1031,1495,1295,1884,3179
01016800,NATIONWIDE BEAUTY ACADEMY               ,OH,43228-1000,Proprietary  ,36,85,121,73,175,248
01028000,OHIO STATE BEAUTY ACADEMY               ,OH,45801-0000,Proprietary  ,41,72,113,107,121,228
01032300,HANNAH E MULLINS SCH-PRAC NRSG          ,OH,44460-2906,Public       ,6,33,39,16,61,77
01034500,CINCINNATI STATE TECH & COMM CLG        ,OH,45223-2690,Public       ,1372,3222,4594,4010,7786,11796
01045300,WASHINGTON STATE CMTY COLLEGE           ,OH,45750-9225,Public       ,329,436,765,744,809,1553
01063000,NORTHERN INSTITUTE OF COSMETOLOGY       ,OH,44052-1803,Proprietary  ,11,27,38,13,43,56
01073600,MARION TECHNICAL COLLEGE                ,OH,43302-5694,Public       ,238,517,755,744,1364,2108
01088000,CHATFIELD COLLEGE                       ,OH,45118-9705,Private      ,35,164,199,67,296,363
01088100,STARK STATE COLLEGE OF TECHNOLOGY       ,OH,44720-7299,Public       ,1550,5157,6707,3132,9132,12264
01090600,CINCINNATI CLG OF MORTUARY SCIENCE      ,OH,45224-1428,Private      ,22,69,91,59,151,210
01092300,UNION INSTITUTE & UNIVERSITY            ,OH,45206-1925,Private      ,15,552,567,32,1293,1325
01099300,HOBART INSTITUTE OF WELDING TECHNOLOGY  ,OH,45373-2400,Private      ,73,75,148,265,183,448
01100500,KAPLAN COLLEGE                          ,OH,43232-4827,Proprietary  ,30,243,273,95,563,658
01104600,CENTRAL OHIO TECHNICAL COLLEGE          ,OH,43055-1767,Public       ,466,1226,1692,1353,3424,4777
01170300,PENTA COUNTY JOINT VOCATIONAL SCH       ,OH,43551-0000,Public       ,6,46,52,11,82,93
01174400,NATIONAL BEAUTY COLLEGE                 ,OH,44720-0000,Proprietary  ,19,78,97,34,129,163
01174500,OHIO TECHNICAL COLLEGE                  ,OH,44103-1228,Proprietary  ,421,325,746,1286,708,1994
01182500,OHIO STATE SCHOOL OF COSMETOLOGY        ,OH,43224-1107,Proprietary  ,42,99,141,93,229,322
01212800,SOUTHWESTERN COLLEGE                    ,OH,45402-3003,Proprietary  ,31,141,172,58,264,322
01212802,SOUTHWESTERN COLLEGE                    ,OH,45005-2267,Proprietary  ,0,0,0,1,7,8
01212803,SOUTHWESTERN COLLEGE                    ,OH,45202-4304,Proprietary  ,0,0,0,5,41,46
01212804,SOUTHWESTERN COLLEGE                    ,OH,45246-3121,Proprietary  ,26,153,179,48,282,330
01212806,LINCOLN COLLEGE OF TECHNOLOGY - TOLEDO  ,OH,43615-6800,Proprietary  ,32,151,183,72,239,311
01212807,LINCOLN COLLEGE OF TECHNOLOGY - COLUMBUS,OH,43215-3602,Proprietary  ,0,0,0,17,46,63
01212808,LINCOLN COLLEGE OF TECHNOLOGY - CLEVELAN,OH,44114-3266,Proprietary  ,35,173,208,78,310,388
01216600,CAROUSEL BEAUTY COLLEGE                 ,OH,45402-8935,Proprietary  ,44,126,170,68,202,270
01224800,CENTRAL SCHOOL OF PRACTICAL NURSING     ,OH,44103-0000,Private      ,22,135,157,65,287,352
01267200,CAROUSEL BEAUTY COLLEGE                 ,OH,45044-5113,Proprietary  ,4,12,16,7,20,27
01267400,CAROUSEL OF MIAMI VALLEY BEAUTY CLG     ,OH,45424-2063,Proprietary  ,1,8,9,5,22,27
01275000,EDISON COMMUNITY COLLEGE                ,OH,45356-9239,Public       ,314,789,1103,829,1700,2529
01283800,LAURA AND ALVIN SIEGAL COLLEGE OF JUDAIC,OH,44122-7197,Private      ,2,1,3,3,4,7
01284800,MOLER-HOLLYWOOD BEAUTY COLLEGE          ,OH,45202-2577,Proprietary  ,7,29,36,24,64,88
01287000,SOUTHERN STATE COMMUNITY COLLEGE        ,OH,45133-9406,Public       ,339,718,1057,828,1521,2349
01289100,ANTONELLI COLLEGE                       ,OH,45202-2592,Proprietary  ,52,265,317,97,436,533
01289600,VIRGINIA MARTI COLLEGE OF ART AND DESIGN,OH,44107-0778,Proprietary  ,52,59,111,110,121,231
01303922,SOUTH UNIVERSITY - CLEVELAND            ,OH,44128-5919,Proprietary  ,23,184,207,35,317,352
01313200,INTERNATIONAL CLG OF BROADCASTING       ,OH,45431-1898,Proprietary  ,47,85,132,68,127,195
02052000,KAPLAN COLLEGE                          ,OH,45439-1984,Proprietary  ,74,453,527,152,819,971
02054300,TRUMBULL BUSINESS COLLEGE               ,OH,44484-0000,Proprietary  ,10,156,166,18,247,265
02056800,DAYMAR COLLEGE                          ,OH,45601-1038,Proprietary  ,12,78,90,29,158,187
02056802,DAYMAR COLLEGE - LANCASTER              ,OH,43130-0000,Proprietary  ,15,78,93,21,127,148
02056803,DAYMAR COLLEGE - NEW BOSTON             ,OH,45662-4900,Proprietary  ,11,63,74,24,128,152
02056804,DAYMAR COLLEGE - JACKSON                ,OH,45640-1728,Proprietary  ,10,61,71,20,116,136
02066100,OHIO STATE COLLEGE/BARBER STYLING       ,OH,43213-0000,Proprietary  ,35,82,117,99,184,283
02073300,GALLIA-JACKSON-VINTON SCH ADULT ED      ,OH,45674-0000,Public       ,28,58,86,57,125,182
02110700,CLEVELAND INST OF DENTAL-MED ASST       ,OH,44115-2285,Proprietary  ,45,198,243,82,366,448
02116009,SANFORD-BROWN COLLEGE - MIDDLEBURG HEIGH,OH,44130-8362,Proprietary  ,46,243,289,77,432,509
02116900,UPPER VALLEY JVS                        ,OH,45356-0000,Public       ,11,72,83,23,130,153
02117300,GREAT OAKS INSTITUTE OF TECHNOLOGY      ,OH,45241-1581,Public       ,72,320,392,177,621,798
02128600,THE ART INSTITUTE OF CINCINNATI         ,OH,45246-0000,Proprietary  ,99,97,196,430,255,685
02140700,COMMUNITY EDUCATIONAL SERVICES          ,OH,44702-1710,Public       ,13,88,101,22,147,169
02158417,"HARRISON COLLEGE - COLUMBUS, OH         ",OH,43123-0000,Proprietary  ,37,154,191,54,237,291
02158500,OHIO BUSINESS COLLEGE                   ,OH,44035-0701,Proprietary  ,36,257,293,47,390,437
02158501,OHIO BUSINESS COLLEGE                   ,OH,44870-9953,Proprietary  ,14,234,248,27,304,331
02158503,OHIO BUSINESS COLLEGE - COLUMBUS        ,OH,43229-3523,Proprietary  ,42,172,214,108,325,433
02158504,OHIO BUSINESS COLLEGE - DAYTON          ,OH,45417-4094,Proprietary  ,4,56,60,23,109,132
02168100,TRI-COUNTY JOINT VOCATIONAL SCHOOL      ,OH,45764-0000,Public       ,20,62,82,35,116,151
02187900,ASHTABULA CO JOINT VOC SCH ADULT ED     ,OH,44047-0000,Public       ,17,67,84,30,119,149
02189000,ADULT CENTER FOR EDUCATION              ,OH,43701-0000,Public       ,47,168,215,80,277,357
02190700,FORTIS COLLEGE                          ,OH,45459-0000,Proprietary  ,189,1557,1746,329,2688,3017
02192100,BUTLER TECHNOLOGY AND CAREER DEVELOPMENT,OH,45011-0000,Public       ,54,195,249,154,388,542
02196300,COLLINS CAREER CENTER                   ,OH,45619-0000,Public       ,60,199,259,123,349,472
02210800,MEDINA COUNTY CAREER CENTER             ,OH,44256-0000,Public       ,18,70,88,31,109,140
02220500,GOD'S BIBLE SCHOOL & COLLEGE            ,OH,45210-0000,Private      ,91,40,131,144,69,213
02220800,CAREER & TECHNOLOGY EDUCATION CENTERS OF,OH,43055-0000,Public       ,44,119,163,97,234,331
02239800,PIONEER CAREER & TECHNOLOGY CENTER      ,OH,44875-0000,Public       ,3,10,13,8,29,37
02245600,WARREN COUNTY CAREER CENTER             ,OH,45036-0000,Public       ,25,83,108,53,202,255
02246300,INSTITUTE OF MEDICAL-DENTAL TECH        ,OH,45246-3317,Proprietary  ,34,132,166,70,236,306
02263700,MIAMI VALLEY CAREER TECHNOLOGY CTR      ,OH,45315-0000,Public       ,45,193,238,89,356,445
02269400,EASTERN HILLS ACAD OF HAIR DESIGN       ,OH,45255-0000,Proprietary  ,5,22,27,14,47,61
02269500,WESTERN HILLS SCHOOL OF BEAUTY & HAIR DE,OH,45211-0000,Proprietary  ,8,66,74,35,139,174
02270100,OHIO HI-POINT CAREER CENTER             ,OH,43311-0000,Public       ,4,38,42,12,92,104
02272700,COLUMBIANA COUNTY CAREER CENTER         ,OH,44432-0000,Public       ,22,109,131,39,162,201
02287900,RAPHAEL'S SCHOOL OF BEAUTY CULTURE      ,OH,44446-0000,Proprietary  ,30,85,115,40,138,178
02289802,KAPLAN COLLEGE                          ,OH,45203-0000,Proprietary  ,22,168,190,59,366,425
02301400,OHIO VALLEY COLLEGE OF TECHNOLOGY       ,OH,43920-9139,Proprietary  ,37,92,129,71,166,237
02304700,TRI-RIVERS CAREER CENTER                ,OH,43302-0000,Public       ,22,97,119,58,199,257
02311200,AMERICAN SCHOOL OF TECHNOLOGY           ,OH,43229-0000,Proprietary  ,33,239,272,63,396,459
02315500,TOLEDO ACADEMY OF BEAUTY CULTURE - EAST ,OH,43616-0000,Proprietary  ,26,64,90,32,110,142
02324400,ALLSTATE HAIRSTYLING & BARBER CLG       ,OH,44113-0000,Proprietary  ,21,94,115,51,224,275
02328500,MOLER-PICKENS BEAUTY COLLEGE            ,OH,45014-0000,Proprietary  ,6,14,20,8,30,38
02334300,INTERNATIONAL ACAD OF HAIR DESIGN       ,OH,45239-0000,Proprietary  ,35,115,150,58,170,228
02336300,KNOX COUNTY CAREER CENTER               ,OH,43050-4298,Public       ,26,100,126,54,212,266
02336700,CUYAHOGA VALLEY CAREER CENTER           ,OH,44141-1296,Public       ,20,94,114,41,164,205
02337700,PROFESSIONAL SKILLS INSTITUTE           ,OH,43607-0000,Proprietary  ,53,261,314,104,486,590
02342705,FORTIS COLLEGE -  RAVENNA CAMPUS        ,OH,44266-0000,Proprietary  ,23,54,77,65,200,265
02351500,WILLOUGHBY EASTLAKE SCH OF PRAC NSG     ,OH,44094-0000,Public       ,10,57,67,16,105,121
02352800,POLARIS CAREER CENTER-ADULT ED DEPT     ,OH,44130-0000,Public       ,52,144,196,80,256,336
02354200,SCIOTO COUNTY JOINT VOCATIONAL SCH      ,OH,45648-0000,Public       ,32,102,134,81,226,307
02359803,ITT TECHNICAL INSTITUTE -               ,OH,45212-2273,Proprietary  ,0,1,1,0,1,1
02454400,NORTHEAST OHIO MEDICAL UNIVERSITY       ,OH,44272-9621,Public       ,8,91,99,136,816,952
02497800,GREENE COUNTY CAREER CENTER             ,OH,45385-0000,Public       ,11,58,69,21,108,129
02512600,ADULT VOCATIONAL SERVICES               ,OH,44308-0000,Public       ,0,0,0,3,11,14
02519300,OHIO STATE SCH COSMETOLOGY              ,OH,43110-2754,Proprietary  ,55,87,142,83,146,229
02522700,EASTLAND-FAIRFIELD CAREER AND TECHNICAL ,OH,43125-0000,Public       ,20,103,123,36,166,202
02528300,TDDS TECHNICAL INSTITUTE                ,OH,44429-0000,Proprietary  ,23,98,121,34,191,225
02529500,HAMRICK SCHOOL                          ,OH,44256-0000,Proprietary  ,7,84,91,12,123,135
02545800,INNER STATE BEAUTY SCHOOLS              ,OH,44124-0000,Proprietary  ,22,96,118,40,150,190
02553000,SCHOOL OF ADVERTISING ART               ,OH,45440-0000,Proprietary  ,91,14,105,239,47,286
02560000,CASAL AVEDA INSTITUTE                   ,OH,44515-0000,Proprietary  ,51,74,125,110,127,237
02560700,PICKAWAY ROSS CO JOINT VOC TECH SCH     ,OH,45601-0000,Public       ,30,112,142,63,232,295
02562300,APOLLO CAREER CENTER-ADULT EDUC         ,OH,45806-0000,Public       ,34,168,202,95,337,432
02563000,RAPHAELS SCHOOL OF BEAUTY CULTURE       ,OH,44601-2847,Proprietary  ,9,53,62,12,74,86
02568600,MAHONING COUNTY CAREER & TECH CENTR     ,OH,44406-0000,Public       ,12,40,52,25,74,99
02582900,KAPLAN CAREER INSTITUTE                 ,OH,44129-6810,Proprietary  ,23,239,262,35,370,405
02586400,TRUMBULL CAREER & TECH CENTER-ADULT     ,OH,44483-1997,Public       ,16,114,130,33,199,232
02588500,OHIO STATE SCHOOL OF COSMETOLOGY        ,OH,43081-0000,Proprietary  ,61,91,152,98,145,243
02599711,VATTEROTT COLLEGE - CLEVELAND           ,OH,44147-3502,Proprietary  ,20,186,206,28,249,277
02603800,LORAIN COUNTY JVS ADULT CAREER CTR      ,OH,44074-9799,Public       ,19,64,83,34,120,154
02611007,HERITAGE COLLEGE - COLUMBUS             ,OH,43213-4440,Proprietary  ,77,295,372,126,543,669
02620000,SANDUSKY CAREER CENTER                  ,OH,44870-4786,Public       ,6,46,52,14,83,97
03007900,GALLIPOLIS CAREER COLLEGE               ,OH,45631-2600,Proprietary  ,10,79,89,14,130,144
03015100,ALLIANCE HIGH SCH-CMTY SERVICES DIV     ,OH,44601-2899,Public       ,12,33,45,19,57,76
03015300,EHOVE CAREER CENTER                     ,OH,44846-9500,Public       ,30,162,192,61,291,352
03023700,MADISON ADULT CAREER CENTER             ,OH,44905-2718,Public       ,25,141,166,47,236,283
03024300,VALLEY BEAUTY SCHOOL                    ,OH,43725-2332,Proprietary  ,3,5,8,4,11,15
03027100,FAIRVIEW ACADEMY                        ,OH,44126-2214,Proprietary  ,8,25,33,13,49,62
03034200,WASHINGTON COUNTY CAREER CENTER ADULT TE,OH,45750-9290,Public       ,49,113,162,88,218,306
03051400,AUBURN CAREER CENTER                    ,OH,44077-9723,Public       ,16,68,84,38,136,174
03051500,US GRANT JOINT VOCATIONAL SCHOOL        ,OH,45106-9502,Public       ,4,6,10,5,11,16
03065900,BUCKEYE CAREER CENTER                   ,OH,44663-9437,Public       ,30,81,111,49,145,194
03067600,RAPHAEL'S SCHOOL OF BEAUTY CULTURE      ,OH,44512-2222,Proprietary  ,9,39,48,27,68,95
03068200,OHIO CENTER FOR BROADCASTING            ,OH,44125-6273,Proprietary  ,25,70,95,39,115,154
03068202,OHIO CENTER FOR BROADCASTING - COLUMBUS ,OH,43213-2571,Proprietary  ,35,93,128,54,159,213
03071900,MOUNT CARMEL COLLEGE OF NURSING         ,OH,43222-1598,Private      ,235,455,690,763,954,1717
03072303,EVEREST INSTITUTE - COLUMBUS            ,OH,43230-6653,Proprietary  ,61,326,387,88,467,555
03078000,OHIO CENTER FOR BROADCASTING            ,OH,45227-1509,Proprietary  ,27,92,119,46,147,193
03079000,ETI TECHNICAL COLLEGE                   ,OH,44446-4398,Proprietary  ,29,116,145,43,200,243
03084800,DELAWARE AREA CAREER CENTER             ,OH,43015-8969,Public       ,6,19,25,17,46,63
03084801,DELAWARE AREA CAREER CENTER -           ,OH,43015-9001,Public       ,5,11,16,12,27,39
03095600,VANTAGE CAREER CENTER                   ,OH,45891-1378,Public       ,7,36,43,13,68,81
03097000,MERCY COLLEGE OF NORTHWEST OHIO         ,OH,43604-1132,Private      ,197,476,673,553,1032,1585
03100100,PARAMOUNT BEAUTY ACADEMY                ,OH,45662-4136,Proprietary  ,14,35,49,27,69,96
03116200,DAYTON BARBER COLLEGE                   ,OH,45342-0000,Proprietary  ,9,43,52,16,69,85
03116300,OHIO COLLEGE OF MASSOTHERAPY            ,OH,44321-1363,Private      ,13,50,63,28,92,120
03116400,VANGUARD-SENTINELL VOC SCH DISTRICT     ,OH,43420-1197,Public       ,6,35,41,13,56,69
03117000,ASHLAND COUNTY-W HOLMES CAREER CTR      ,OH,44805-0000,Public       ,14,54,68,23,94,117
03319300,CREATIVE IMAGES-A CERTIFIED MATRIX      ,OH,45414-2557,Proprietary  ,51,100,151,78,156,234
03319301,CREATIVE IMAGES-A CERTIFIED MATRIX      ,OH,45459-0000,Proprietary  ,40,89,129,67,150,217
03416400,VALLEY BEAUTY SCHOOL                    ,OH,43701-3624,Proprietary  ,7,21,28,11,29,40
03425300,ROSEDALE BIBLE COLLEGE                  ,OH,43029-9517,Private      ,15,7,22,42,15,57
03457300,ALLEGHENY WESLEYAN COLLEGE              ,OH,44460-9598,Private      ,7,5,12,25,11,36
03468400,NATIONAL INSTITUTE OF MASSOTHERAPY      ,OH,44319-2100,Proprietary  ,7,40,47,14,69,83
03468500,ATS INSTITUTE OF TECHNOLOGY             ,OH,44143-2216,Proprietary  ,21,314,335,43,612,655
03475400,TRI-STATE BIBLE COLLEGE                 ,OH,45680-8402,Private      ,1,15,16,5,32,37
03534400,AMERICAN INST OF ALTERNATIVE MEDICI     ,OH,43229-1113,Proprietary  ,17,207,224,52,419,471
03626300,BROWN AVEDA INSTITUTE                   ,OH,44060-6212,Proprietary  ,69,100,169,121,189,310
03700300,REGENCY BEAUTY INSTITUTE - CLEVELAND    ,OH,44094-0000,Proprietary  ,85,165,250,151,283,434
03726300,TEMPLE BAPTIST COLLEGE                  ,OH,45240-0000,Private      ,16,25,41,33,41,74
03747300,BEXLEY HALL SEMINARY                    ,OH,43209-2325,Private      ,0,16,16,3,38,41
03776400,HEALING ARTS INSTITUTE                  ,OH,43551-3138,Proprietary  ,8,17,25,13,35,48
03837300,AVEDA FREDRIC'S INSTITUTE               ,OH,45208-1304,Proprietary  ,57,86,143,118,149,267
03882300,OREGON CAREER CENTER                    ,OH,43616-2631,Public       ,3,0,3,5,5,10
04051307,ART INSTITUTE OF PHOENIX (THE) - BROWN M,OH,45215-1107,Proprietary  ,135,543,678,257,970,1227
04051308,ART INSTITUTE OF PHOENIX (THE) - BROWN M,OH,44320-4420,Proprietary  ,76,345,421,143,595,738
04051317,ART INSTITUTE OF PHOENIX (THE) - BROWN M,OH,45840-6848,Proprietary  ,171,709,880,420,1805,2225
04051326,ART INSTITUTE OF PHOENIX (THE) - BROWN M,OH,44718-3674,Proprietary  ,83,422,505,105,516,621
04068300,FOUR COUNTY CAREER CENTER               ,OH,43512-9541,Public       ,3,12,15,7,28,35
04074300,HONDROS COLLEGE                         ,OH,43081-3855,Proprietary  ,191,1448,1639,325,2339,2664
04117300,DAYTON SCHOOL OF MEDICAL MASSAGE        ,OH,45429-1111,Proprietary  ,51,160,211,89,269,358
04118300,NORTHCOAST MEDICAL TRAINING ACADEMY     ,OH,44240-4174,Proprietary  ,23,81,104,52,140,192
04124500,TECHSKILLS                              ,OH,43231-0000,Proprietary  ,15,174,189,26,260,286
04125700,CUT BEAUTY SCHOOL (THE)                 ,OH,44118-2918,Proprietary  ,11,74,85,36,169,205
04126000,OHIO ACADEMY PAUL MITCHELL PARTNER SCHOO,OH,44087-3107,Proprietary  ,58,100,158,92,147,239
04137800,AVEDA INSTITUTE COLUMBUS                ,OH,43201-2333,Proprietary  ,86,177,263,200,339,539
04138000,INSTITUTE OF THERAPEUTIC MASSAGE        ,OH,45875-0350,Proprietary  ,1,18,19,1,27,28
04149100,CINCINNATI ACADEMY A PAUL MITCHELL PARTN,OH,45241-1702,Proprietary  ,53,88,141,106,168,274
04151400,VANITY SCHOOL OF COSMETOLOGY            ,OH,44035-0000,Proprietary  ,10,32,42,21,54,75
04152100,TOLEDO RESTAURANT TRAINING CENTER       ,OH,43604-6508,Private      ,7,33,40,12,68,80
04152600,PIKE COUNTY CAREER TECHNOLOGY CENTER    ,OH,45661-9114,Public       ,11,41,52,14,60,74
04153300,OHIO ACADEMY COLUMBUS (THE)             ,OH,43231-6038,Proprietary  ,37,83,120,66,158,224
04154000,TOLLES CAREER & TECHNICAL CENTER        ,OH,43064-8854,Public       ,3,4,7,9,18,27
04166800,SALON PROFESSIONAL ACADEMY (THE)        ,OH,45551-0000,Proprietary  ,21,24,45,35,53,88
04167700,ARTISAN COLLEGE OF COSMETOLOGY (THE)    ,OH,45840-6848,Proprietary  ,10,9,19,15,25,40
04185900,ELITE SCHOOL OF COSMETOLOGY             ,OH,44857-2714,Proprietary  ,9,23,32,16,35,51
04189100,TONI & GUY HAIRDRESSING ACADEMY         ,OH,43615-1731,Proprietary  ,32,45,77,56,92,148
04192200,ATHENA CAREER ACADEMY                   ,OH,43560-2796,Proprietary  ,6,91,97,17,186,203
04220900,NATIONAL PERSONAL TRAINING INSTITUTE OF ,OH,43235-5739,Proprietary  ,20,43,63,20,43,63
        ,INVALID SCHOOL CODE                     ,  ,00000-0000,,430,1546,1976,820,2535,3355
00134500,ADAMS STATE COLLEGE                     ,CO,81102-2373,Public       ,604,714,1318,2432,1541,3973
00134600,ARAPAHOE COMMUNITY COLLEGE              ,CO,80160-9002,Public       ,1029,2294,3323,2460,4611,7071
00134700,COLORADO COLLEGE                        ,CO,80903-3294,Private      ,465,282,747,3101,733,3834
00134800,COLORADO SCHOOL OF MINES                ,CO,80401-1887,Public       ,594,394,988,6411,1227,7638
00134900,UNIVERSITY OF NORTHERN COLORADO         ,CO,80639-0001,Public       ,1475,1502,2977,10000,4358,14358
00135000,COLORADO STATE UNIVERSITY               ,CO,80523-0100,Public       ,3635,2913,6548,23773,8999,32772
00135200,DENVER  SEMINARY                        ,CO,80120-2192,Private      ,0,254,254,4,547,551
00135300,FORT LEWIS COLLEGE                      ,CO,81301-3999,Public       ,1004,506,1510,4381,1339,5720
00135400,ILIFF SCHOOL OF THEOLOGY                ,CO,80210-0000,Private      ,9,91,100,14,276,290
00135500,LAMAR COMMUNITY COLLEGE                 ,CO,81052-3999,Public       ,134,94,228,337,157,494
00135800,COLORADO MESA UNIVERSITY                ,CO,81501-3122,Public       ,1736,1264,3000,6605,3000,9605
00135900,COLORADO NORTHWESTERN COMMUNITY COLLEGE ,CO,81648-3598,Public       ,141,150,291,317,287,604
00136000,METROPOLITAN STATE CLG OF DENVER        ,CO,80204-3362,Public       ,3579,6077,9656,10367,13081,23448
00136100,NORTHEASTERN JUNIOR COLLEGE             ,CO,80751-2399,Public       ,298,154,452,983,311,1294
00136200,OTERO JUNIOR COLLEGE                    ,CO,81050-3346,Public       ,198,178,376,492,327,819
00136300,REGIS UNIVERSITY                        ,CO,80221-1099,Private      ,643,3044,3687,3294,7111,10405
00136500,COLORADO STATE UNIVERSITY-PUEBLO        ,CO,81001-4901,Public       ,741,852,1593,4833,2620,7453
00136800,TRINIDAD STATE JR COLLEGE               ,CO,81082-2396,Public       ,212,356,568,547,631,1178
00137000,UNIVERSITY OF COLORADO-BOULDER          ,CO,80309-0077,Public       ,3303,2293,5596,23817,8316,32133
00137100,UNIVERSITY OF DENVER                    ,CO,80208-2000,Private      ,704,1886,2590,9935,8833,18768
00137200,WESTERN STATE COLLEGE                   ,CO,81231-0000,Public       ,442,225,667,2113,481,2594
00405702,NATIONAL AMERICAN UNIVERSITY - COLORADO ,CO,80920-4001,Proprietary  ,10,166,176,30,353,383
00405703,NATIONAL AMERICAN UNIVERSITY            ,CO,80222-0000,Proprietary  ,8,144,152,20,280,300
00450300,EVEREST COLLEGE                         ,CO,80916-3548,Proprietary  ,78,488,566,142,934,1076
00450600,COLORADO MOUNTAIN COLLEGE               ,CO,81602-0000,Public       ,401,606,1007,1295,1375,2670
00450700,EVEREST COLLEGE                         ,CO,80229-4339,Proprietary  ,59,236,295,85,383,468
00450701,"EVEREST COLLEGE- EVEREST COLLEGE, AURORA",CO,80012-5692,Proprietary  ,74,254,328,109,424,533
00450800,UNIVERSITY OF COLORADO DENVER           ,CO,80204-2029,Public       ,2297,5287,7584,8553,12662,21215
00450900,UNIV OF COLORADO AT COLO SPRINGS        ,CO,80918-3735,Public       ,1470,1888,3358,8601,5318,13919
00559600,EMILY GRIFFITH OPPORTUNITY SCH          ,CO,80204-2197,Public       ,221,751,972,496,1470,1966
00729700,REDSTONE COLLEGE                        ,CO,80020-9988,Proprietary  ,125,287,412,215,550,765
00732912,ITT TECHNICAL INSTITUTE                 ,CO,80229-5338,Proprietary  ,109,572,681,162,839,1001
00754700,LINCOLN COLLEGE OF TECHNOLOGY           ,CO,80223-0000,Proprietary  ,444,447,891,933,749,1682
00754800,WESTWOOD COLLEGE - DENVER NORTH         ,CO,80221-3653,Proprietary  ,124,540,664,220,917,1137
00754801,WESTWOOD COLLEGE - DENVER SOUTH         ,CO,80227-3653,Proprietary  ,67,366,433,113,617,730
00758200,AIMS COMMUNITY COLLEGE                  ,CO,80632-0000,Public       ,653,1180,1833,1882,2760,4642
00764900,ROCKY MOUNTAIN COLG OF ART & DESIGN     ,CO,80214-0000,Proprietary  ,157,213,370,663,524,1187
00793300,FRONT RANGE COMMUNITY COLLEGE           ,CO,80031-2199,Public       ,2450,4546,6996,5723,9792,15515
00863500,INTELLITEC MEDICAL INSTITUTE            ,CO,80909-0000,Proprietary  ,41,204,245,84,352,436
00887100,CONCORDE CAREER INSTITUTE               ,CO,80203-0000,Proprietary  ,175,672,847,267,1149,1416
00889600,PIKES PEAK COMMUNITY COLLEGE            ,CO,80906-5498,Public       ,1501,4174,5675,3502,8513,12015
00940100,COLORADO CHRISTIAN UNIVERSITY           ,CO,80226-7449,Private      ,439,1400,1839,1865,2951,4816
00954200,COMMUNITY COLLEGE OF DENVER             ,CO,80217-2026,Public       ,1899,3829,5728,4656,8233,12889
00954300,RED ROCKS COMMUNITY COLLEGE             ,CO,80228-1255,Public       ,990,2149,3139,2464,4353,6817
00998100,MORGAN COMMUNITY COLLEGE                ,CO,80701-4399,Public       ,92,308,400,243,596,839
01014800,COLORADO TECHNICAL UNIVERSITY           ,CO,80907-3896,Proprietary  ,147,1524,1671,333,3588,3921
01014802,COLORADO TECHNICAL UNIV - DENVER        ,CO,80111-3201,Proprietary  ,32,336,368,98,739,837
01014805,COLORADO TECH UNIV - ON LINE            ,CO,80907-0000,Proprietary  ,552,11891,12443,1085,25290,26375
01014812,COLORADO TECHNICAL UNIVERSITY - WESTMINS,CO,80021-3498,Proprietary  ,37,244,281,71,511,582
01014815,COLORADO TECHNCL UNIV PUEBLO            ,CO,81003-2315,Proprietary  ,28,127,155,79,273,352
01070900,EMPIRE BEAUTY SCHOOL-LAKEWOOD           ,CO,80215-0000,Proprietary  ,13,45,58,30,83,113
01157200,COLORADO SCHOOL OF TRADES               ,CO,80215-2996,Proprietary  ,26,153,179,65,333,398
01267000,BEL-REA INST OF ANIMAL TECH             ,CO,80247-3048,Proprietary  ,156,273,429,360,528,888
01285000,INTERNATIONAL SALON AND SPA ACADEMY     ,CO,80918-3684,Proprietary  ,42,119,161,59,191,250
01287500,PICKENS TECHNICAL COLLEGE               ,CO,80011-9307,Public       ,171,417,588,300,711,1011
01300700,NAZARENE BIBLE COLLEGE                  ,CO,80910-3717,Private      ,17,267,284,44,458,502
02072200,EMPIRE BEAUTY SCHOOL -ARVADA            ,CO,80212-0000,Proprietary  ,26,70,96,57,129,186
02078900,ART INSTITUTE OF COLORADO (THE)         ,CO,80203-2983,Proprietary  ,555,728,1283,1415,1574,2989
02116300,PUEBLO COMMUNITY COLLEGE                ,CO,81004-0000,Public       ,601,1866,2467,1472,3665,5137
02117500,NAROPA UNIVERSITY                       ,CO,80302-0000,Private      ,79,272,351,318,1104,1422
02141100,EMPIRE BEAUTY SCHOOL-LITTLETON          ,CO,80030-0000,Proprietary  ,35,88,123,63,160,223
02156200,DELTA - MONTROSE TECHNICAL COLLEGE      ,CO,81416-0000,Public       ,34,91,125,64,179,243
02160600,EMPIRE BEAUTY SCHOOL -THORNTON          ,CO,80241-1659,Proprietary  ,39,72,111,62,116,178
02165200,SALON PROFESSIONAL ACADEMY (THE)        ,CO,81504-5309,Proprietary  ,30,38,68,56,66,122
02167600,KAPLAN COLLEGE                          ,CO,80229-5309,Proprietary  ,0,0,0,10,64,74
02211901,CHEEKS INTERNATIONAL ACADEMY OF BEAUTY C,CO,80525-3053,Proprietary  ,9,25,34,23,68,91
02211902,CHEEKS INTERNATIONAL ACDMY BTY CULT     ,CO,80631-0000,Proprietary  ,11,23,34,21,42,63
02253700,INTELLITEC COLLEGE                      ,CO,80909-0000,Proprietary  ,56,250,306,95,411,506
02267500,GLENWOOD BEAUTY ACADEMY                 ,CO,81601-0000,Proprietary  ,4,15,19,8,22,30
02276900,COMMUNITY COLLEGE OF AURORA             ,CO,80011-9036,Public       ,1040,2568,3608,2300,4799,7099
02296004,PRINCE INSTITUTE - SOUTHEAST - PRINCE IN,CO,80031-2943,Proprietary  ,2,45,47,4,93,97
02518500,HAIR DYNAMICS EDUCATION CENTER          ,CO,80525-0000,Proprietary  ,33,57,90,56,116,172
02594300,COLLEGE AMERICA - DENVER                ,CO,80222-3380,Proprietary  ,202,1076,1278,281,1582,1863
02611000,HERITAGE COLLEGE                        ,CO,80212-7413,Proprietary  ,73,222,295,133,389,522
03006300,INST OF BUSINESS & MEDICAL CAREERS      ,CO,80525-3044,Proprietary  ,142,583,725,229,964,1193
03010622,VIRGINIA COLLEGE - ECOTECH INSTITUTE - A,CO,80014-1405,Proprietary  ,37,138,175,55,238,293
03012100,REMINGTON COLLEGE - COLORADO SPRINGS CAM,CO,80215-0000,Private      ,4,11,15,11,26,37
03013100,BOULDER COLLEGE OF MASSAGE THERAPY      ,CO,80301-3295,Private      ,21,63,84,57,135,192
03014900,PLATT COLLEGE                           ,CO,80014-3141,Proprietary  ,21,112,133,47,225,272
03027400,XENON INTERNATIONAL ACADEMY III         ,CO,80014-1193,Proprietary  ,20,48,68,44,86,130
03030606,UTAH COLLEGE OF MASSAGE THERAPY - DENVER,CO,80031-2921,Proprietary  ,19,43,62,35,86,121
03030607,UTAH COLLEGE OF MASSAGE THERAPY - DENVER,CO,80012-2523,Proprietary  ,36,73,109,53,119,172
03066900,INTELLITEC COLLEGE                      ,CO,81506-3994,Proprietary  ,62,255,317,103,369,472
03068201,OHIO CENTER FOR BROADCASTING - COLORADO ,CO,80214-4129,Proprietary  ,16,43,59,22,92,114
03076401,BRYMAN SCHOOL OF ARIZONA (THE) - ANTHEM ,CO,80014-2622,Proprietary  ,36,79,115,54,131,185
03289300,COLORADO HEIGHTS UNIVERSITY             ,CO,80236-2711,Private      ,46,170,216,94,249,343
03306300,MONTESSORI EDUC CRT OF THE ROCKIES      ,CO,80301-2587,Private      ,1,23,24,3,51,54
03534300,JONES INTERNATIONAL UNIVERSITY          ,CO,80112-3446,Proprietary  ,49,1499,1548,88,2866,2954
03545300,UNIVERSITY OF THE ROCKIES               ,CO,80903-3612,Proprietary  ,26,722,748,79,1711,1790
03584400,COLORADO SCHOOL OF HEALING ARTS         ,CO,80226-4332,Proprietary  ,38,130,168,58,224,282
03670300,TONI & GUY HAIRDRESSING ACADEMY         ,CO,80911-0000,Proprietary  ,53,74,127,86,138,224
03686300,COLORADO SCHOOL OF TRADITIONAL CHINESE M,CO,80206-2127,Proprietary  ,5,65,70,12,170,182
03776300,CULINARY SCHOOL OF THE ROCKIES          ,CO,80305-5961,Proprietary  ,74,97,171,205,232,437
03976300,MASSAGE THERAPY INSTITUTE OF COLORADO   ,CO,80206-2127,Proprietary  ,24,69,93,60,142,202
04080300,ASPEN UNIVERSITY                        ,CO,80246-1930,Proprietary  ,33,253,286,106,555,661
04093300,ACADEMY OF NATURAL THERAPY              ,CO,80631-3425,Proprietary  ,8,40,48,26,71,97
04121200,INSTITUTE OF TAOIST EDUCATION AND ACUPUN,CO,80027-1028,Private      ,1,22,23,2,37,39
04125100,MONTESSORI CASA INTERNATIONAL           ,CO,80111-5263,Private      ,0,2,2,0,4,4
04127700,AMERICAN SENTINEL UNIVERSITY            ,CO,80014-6510,Proprietary  ,5,462,467,19,1016,1035
04139300,NATIONAL BEAUTY COLLEGE                 ,CO,80221-0000,Proprietary  ,14,52,66,30,106,136
04148300,DENVER SCHOOL OF NURSING                ,CO,80202-1213,Proprietary  ,115,503,618,308,992,1300
04151100,SUMMIT SALON & BEAUTY SCHOOL            ,CO,80866-4569,Proprietary  ,0,6,6,3,11,14
04167100,AVEDA INSTITUTE DENVER                  ,CO,80202-0000,Proprietary  ,127,186,313,239,371,610
04170200,PAUL MITCHELL THE SCHOOL COLORADO SPRING,CO,80903-0000,Proprietary  ,59,122,181,120,210,330
04172500,ROLF INSTITUTE OF STRUCTURAL INTEGRATION,CO,80301-0000,Private      ,4,38,42,9,70,79
04173800,SALON PROFESSIONAL ACADEMY (THE)        ,CO,80918-2932,Proprietary  ,25,43,68,50,92,142
04177100,PIMA MEDICAL INSTITUTE-SOUTH DENVER     ,CO,80231-0000,Proprietary  ,91,232,323,197,468,665
04179700,UNITED BEAUTY COLLEGE                   ,CO,80223-2936,Proprietary  ,10,25,35,30,63,93
04183700,HEALING ARTS INSTITUTE                  ,CO,80525-3479,Proprietary  ,14,50,64,32,89,121
04184900,COLLEGE OF INTERNATIONAL ESTHETICS      ,CO,80002-3754,Proprietary  ,9,55,64,15,98,113
04185000,COLORADO ACADEMY OF VETERINARY TECHNOLOG,CO,80906-4944,Proprietary  ,41,67,108,100,153,253
04185400,NATIONAL PERSONAL TRAINING INSTITUTE OF ,CO,80401-3304,Proprietary  ,4,50,54,14,85,99
04195300,LONGS PEAK ACADEMY                      ,CO,80501-6458,Proprietary  ,27,48,75,44,88,132
04202600,NEW DIMENSIONS BEAUTY ACADEMY           ,CO,80138-9801,Proprietary  ,10,17,27,17,31,48
04208700,COLORADO STATE UNIVERSITY - GLOBAL CAMPU,CO,80111-0000,Public       ,108,1947,2055,306,4091,4397
04218900,ROCKY VISTA UNIVERSITY COLLEGE OF OSTEOP,CO,80134-9498,Proprietary  ,0,303,303,3,560,563
00267811,BRYANT & STRATTON COLLEGE - VIRGINIA BEA,VA,23462-4417,Proprietary  ,229,1073,1302,492,2379,2871
00370200,AVERETT UNIVERSITY                      ,VA,24541-3692,Private      ,397,544,941,1627,1089,2716
00370300,BLUEFIELD COLLEGE                       ,VA,24605-1799,Private      ,236,263,499,833,530,1363
00370400,BRIDGEWATER COLLEGE                     ,VA,22812-1599,Private      ,225,49,274,3443,196,3639
00370500,COLLEGE OF WILLIAM & MARY               ,VA,23187-8795,Public       ,584,637,1221,10854,4117,14971
00370600,CHRISTOPHER NEWPORT UNIVERSITY          ,VA,23606-3072,Public       ,702,406,1108,8158,1202,9360
00370700,RICHARD BLAND COLLEGE                   ,VA,23805-7100,Public       ,434,232,666,1277,519,1796
00370800,EASTERN MENNONITE UNIVERSITY            ,VA,22802-2462,Private      ,274,216,490,1237,490,1727
00370900,EMORY & HENRY COLLEGE                   ,VA,24327-0010,Private      ,255,43,298,1466,130,1596
00371100,FERRUM COLLEGE                          ,VA,24088-2612,Private      ,569,87,656,2957,303,3260
00371200,TIDEWATER COMMUNITY COLLEGE             ,VA,23510-1910,Public       ,3324,7977,11301,8407,17382,25789
00371300,HAMPDEN-SYDNEY COLLEGE                  ,VA,23943-0128,Private      ,306,23,329,1515,57,1572
00371400,HAMPTON UNIVERSITY                      ,VA,23668-0099,Private      ,1138,1063,2201,8222,2987,11209
00371500,HOLLINS UNIVERSITY                      ,VA,24020-0000,Private      ,99,172,271,749,518,1267
00371900,LONGWOOD UNIVERSITY                     ,VA,23909-1899,Public       ,602,212,814,5526,836,6362
00372000,LYNCHBURG COLLEGE                       ,VA,24501-3199,Private      ,648,427,1075,3658,999,4657
00372100,JAMES MADISON UNIVERSITY                ,VA,22807-3780,Public       ,2361,728,3089,24547,2737,27284
00372300,MARY BALDWIN COLLEGE                    ,VA,24401-3610,Private      ,339,362,701,1667,855,2522
00372400,MARYMOUNT UNIVERSITY                    ,VA,22207-4224,Private      ,464,725,1189,2858,2093,4951
00372600,NATIONAL COLLEGE                        ,VA,24153-4524,Proprietary  ,187,1368,1555,367,3347,3714
00372700,NORTHERN VA CMTY CLG                    ,VA,22003-3743,Public       ,6318,8333,14651,13311,15252,28563
00372800,OLD DOMINION UNIVERSITY                 ,VA,23529-0052,Public       ,3614,4833,8447,18193,12593,30786
00373200,RADFORD UNIVERSITY                      ,VA,24142-6905,Public       ,1679,765,2444,10499,2542,13041
00373300,RANDOLPH-MACON COLLEGE                  ,VA,23005-5505,Private      ,456,48,504,2602,161,2763
00373400,RANDOLPH COLLEGE                        ,VA,24503-1526,Private      ,181,88,269,987,176,1163
00373500,VIRGINIA COMMONWEALTH UNIVERSITY        ,VA,23284-9004,Public       ,4239,4530,8769,23836,12690,36526
00373600,ROANOKE COLLEGE                         ,VA,24153-3794,Private      ,395,79,474,3373,269,3642
00373700,SHENANDOAH UNIVERSITY                   ,VA,22601-5195,Private      ,573,776,1349,2709,1947,4656
00373800,SOUTHERN VIRGINIA UNIVERSITY            ,VA,24416-3038,Private      ,297,125,422,886,260,1146
00373900,ST PAULS COLLEGE                        ,VA,23868-1299,Private      ,37,43,80,114,123,237
00374200,SWEET BRIAR COLLEGE                     ,VA,24595-9998,Private      ,238,26,264,1005,81,1086
00374300,UNION PRESBYTERIAN SEMINARY             ,VA,23227-0000,Private      ,2,34,36,4,73,77
00374400,UNIVERSITY OF RICHMOND                  ,VA,23173-0001,Private      ,726,749,1475,6440,2612,9052
00374500,UNIVERSITY OF VIRGINIA - SFS            ,VA,22903-0000,Public       ,760,1959,2719,21048,7795,28843
00374600,UNIVERSITY OF MARY WASHINGTON           ,VA,22401-5358,Public       ,589,415,1004,5072,1185,6257
00374700,UNIV OF VIRGINIA'S COLLEGE AT WISE      ,VA,24293-4412,Public       ,476,205,681,1858,492,2350
00374800,EASTERN SHORE COMMUNITY COLLEGE         ,VA,23410-3001,Public       ,129,251,380,279,456,735
00374900,GEORGE MASON UNIVERSITY                 ,VA,22030-4444,Public       ,2158,3476,5634,22614,13695,36309
00375100,PATRICK HENRY COMMUNITY COLLEGE         ,VA,24112-5311,Public       ,351,719,1070,884,1450,2334
00375200,VIRGINIA INTERMONT COLLEGE              ,VA,24201-4298,Private      ,128,104,232,458,194,652
00375300,VIRGINIA MILITARY INSTITUTE             ,VA,24450-2138,Public       ,323,39,362,2219,104,2323
00375400,VIRGINIA POLYTECH INST & STATE UNIV     ,VA,24061-2000,Public       ,1810,1083,2893,25659,5108,30767
00375800,DANVILLE COMMUNITY COLLEGE              ,VA,24541-4004,Public       ,486,956,1442,1097,1732,2829
00375900,J. SARGEANT REYNOLDS COMMUNITY CLG      ,VA,23285-0000,Public       ,1826,3965,5791,4410,8579,12989
00376000,VIRGINIA WESTERN CMTY COLLEGE           ,VA,24038-0000,Public       ,936,1701,2637,2694,3228,5922
00376100,WYTHEVILLE COMMUNITY COLLEGE            ,VA,24382-3308,Public       ,421,644,1065,1031,1295,2326
00376200,VIRGINIA UNIVERSITY OF LYNCHBURG        ,VA,24501-6400,Private      ,129,277,406,355,561,916
00376400,VIRGINIA STATE UNIVERSITY               ,VA,23806-0001,Public       ,2060,1153,3213,9227,3073,12300
00376500,NORFOLK STATE UNIVERSITY                ,VA,23504-8000,Public       ,1689,2311,4000,8434,6369,14803
00376600,VIRGINIA UNION UNIVERSITY               ,VA,23220-1711,Private      ,678,515,1193,2395,1178,3573
00376700,VIRGINIA WESLEYAN COLLEGE               ,VA,23502-5599,Private      ,492,327,819,3077,792,3869
00376800,WASHINGTON & LEE UNIVERSITY             ,VA,24450-0303,Private      ,429,117,546,3198,1059,4257
00400400,JOHN TYLER COMMUNITY COLLEGE            ,VA,23831-5316,Public       ,1262,2061,3323,2986,4197,7183
00450301,"EVEREST COLLEGE- EVEREST COLLEGE, MCLEAN",VA,22102-3000,Proprietary  ,30,161,191,42,226,268
00450702,"EVEREST COLLEGE- EVEREST COLLEGE, ARLING",VA,22203-1905,Proprietary  ,3,43,46,42,159,201
00498800,CENTRAL VIRGINIA COMMUNITY COLLEGE      ,VA,24502-2498,Public       ,632,835,1467,1485,1737,3222
00499200,MILLER-MOTTE TECHNICAL COLLEGE          ,VA,24505-0000,Proprietary  ,167,657,824,236,890,1126
00499600,DABNEY S LANCASTER COMMUNITY CLG        ,VA,24422-1000,Public       ,102,167,269,433,411,844
00522300,NEW RIVER COMMUNITY COLLEGE             ,VA,24084-1127,Public       ,482,821,1303,1329,1789,3118
00662200,COLLEGE OF HEALTH SCIENCES - CHRV       ,VA,24031-0000,Private      ,190,415,605,603,967,1570
00681900,BLUE RIDGE COMMUNITY COLLEGE            ,VA,24486-0080,Public       ,473,688,1161,1860,1855,3715
00687100,THOMAS NELSON COMMUNITY COLLEGE         ,VA,23670-0000,Public       ,1594,3657,5251,3414,7205,10619
00709900,VIRGINIA HIGHLANDS COMMUNITY CLG        ,VA,24210-4210,Public       ,459,611,1070,907,1170,2077
00726000,SOUTHWEST VIRGINIA COMMUNITY CLG        ,VA,24641-0000,Public       ,413,577,990,865,1047,1912
00859200,LOUISE OBICI SCHOOL OF NURSING          ,VA,23434-8038,Private      ,0,0,0,4,23,27
00865900,LORD FAIRFAX COMMUNITY COLLEGE          ,VA,22645-0047,Public       ,782,1148,1930,1723,2179,3902
00866000,GERMANNA COMMUNITY COLLEGE              ,VA,22508-0339,Public       ,1032,1339,2371,2253,2960,5213
00866100,SOUTHSIDE VIRGINIA CMTY CLG             ,VA,23821-2930,Public       ,538,944,1482,1018,1557,2575
00915900,PAUL D CAMP COMMUNITY COLLEGE           ,VA,23851-0737,Public       ,151,454,605,374,836,1210
00916000,RAPPAHANNOCK COMMUNITY COLLEGE          ,VA,23149-2616,Public       ,245,460,705,669,973,1642
00926700,EVEREST COLLEGE                         ,VA,23606-4203,Proprietary  ,67,411,478,132,673,805
00926701,EVEREST COLLEGE - CHESAPEAKE            ,VA,23320-2637,Proprietary  ,100,516,616,149,770,919
00942000,SANFORD-BROWN COLLEGE                   ,VA,22182-3913,Proprietary  ,19,125,144,33,203,236
00953500,STAUNTON SCHOOL OF COSMETOLOGY          ,VA,24401-4323,Proprietary  ,13,27,40,19,46,65
00953700,VIRGINIA SCH OF HAIR DESIGN             ,VA,23669-0000,Proprietary  ,26,96,122,40,151,191
00962900,MOUNTAIN EMPIRE COMMUNITY COLLEGE       ,VA,24219-0700,Public       ,456,734,1190,872,1169,2041
00992800,PIEDMONT VIRGINIA COMMUNITY COLLEGE     ,VA,22902-7589,Public       ,560,926,1486,1403,1951,3354
01004300,BON SECOURS MEMORIAL COLLEGE OF NURSING ,VA,23227-4612,Private      ,122,373,495,306,664,970
01019800,ECPI COLLEGE OF TECHNOLOGY              ,VA,23462-6542,Proprietary  ,894,3876,4770,1586,6665,8251
01033800,EASTERN VIRGINIA MEDICAL SCHOOL         ,VA,23501-1980,Public       ,30,444,474,116,1704,1820
01159600,RALPH'S VIRGINIA SCH OF COSMETOLOGY     ,VA,24501-2652,Proprietary  ,23,58,81,33,90,123
01162601,WESTWOOD COLLEGE - SOUTH BAY - ARLINGTON,VA,22203-4167,Proprietary  ,59,196,255,119,410,529
01162602,WESTWOOD COLLEGE - SOUTH BAY - ANNANDALE,VA,22003-2602,Proprietary  ,35,143,178,74,299,373
01274400,SOUTHSIDE REGIONAL MED CTR PROF SCHOOLS ,VA,23803-5133,Proprietary  ,43,143,186,90,272,362
02053000,LIBERTY UNIVERSITY                      ,VA,24502-0000,Private      ,5655,27369,33024,18401,52905,71306
02083602,TESST COLLEGE OF TECHNOLOGY - KAPLAN COL,VA,23320-4422,Proprietary  ,2,51,53,8,102,110
02108800,WARDS CORNER BEAUTY ACADEMY             ,VA,23505-0000,Proprietary  ,30,173,203,54,278,332
02111600,DANVILLE REGIONAL MEDICAL CENTER SCHOOL ,VA,24541-0000,Proprietary  ,9,33,42,38,82,120
02119203,COURT REPORTING INSTITUTE OF DALLAS - CO,VA,22203-4179,Proprietary  ,2,13,15,7,31,38
02128700,CENTRAL SCHOOL OF PRACTICAL NURSING     ,VA,23502-2230,Public       ,37,132,169,96,275,371
02140000,RIVERSIDE SCHOOL OF HEALTH CAREERS      ,VA,23608-3802,Private      ,62,281,343,167,562,729
02149901,PAUL MITCHELL THE SCHOOL-JACKSONVILLE - ,VA,22102-0000,Proprietary  ,26,44,70,27,50,77
02149902,PAUL MITCHELL THE SCHOOL-JACKSONVILLE - ,VA,22192-0000,Proprietary  ,27,66,93,28,74,102
02175800,LYNCHBURG GENERAL HOSP SCH OF NURSG     ,VA,24501-0000,Private      ,45,128,173,111,246,357
02197600,WOODROW WILSON REHABILITATION CTR       ,VA,22939-0000,Public       ,7,3,10,22,11,33
02242400,HENRICO CTY ST MARYS HOSP PRAC NRSG     ,VA,23075-0000,Public       ,5,26,31,23,65,88
02320900,TIDEWATER TECH                          ,VA,23502-1747,Proprietary  ,107,350,457,211,697,908
02334400,CENTURA COLLEGE                         ,VA,23452-0000,Proprietary  ,149,1013,1162,282,2059,2341
02342700,FORTIS COLLEGE                          ,VA,23502-4101,Proprietary  ,75,366,441,137,650,787
02342701,FORTIS COLLEGE - RICHMOND CAMPUS        ,VA,23236-3472,Proprietary  ,91,299,390,167,539,706
02358500,BON SECOURS SAINT MARY'S HOSPITAL SCHOOL,VA,23227-4612,Private      ,35,142,177,95,291,386
02538800,SUFFOLK BEAUTY ACADEMY                  ,VA,23434-0000,Proprietary  ,7,37,44,12,62,74
02541200,STRATFORD UNIVERSITY                    ,VA,22043-0000,Proprietary  ,186,873,1059,365,1453,1818
02541201,STRATFORD UNIVERSITY-WOODBRIDGE         ,VA,22192-0000,Proprietary  ,79,467,546,182,829,1011
02588900,MEDTECH INSTITUTE                       ,VA,22042-3013,Proprietary  ,119,478,597,183,702,885
02610100,WASHINGTON COUNTY ADULT SKILL CTR       ,VA,24210-2346,Public       ,12,61,73,28,105,133
03002400,GRAHAM WEBB INTERNATIONAL ACAD HAIR     ,VA,22209-2129,Proprietary  ,12,43,55,29,79,108
03010700,BAR PALMA BEAUTY CAREERS  ACADEMY       ,VA,24014-2255,Proprietary  ,7,45,52,20,101,121
03042800,"VIRGINIA BEACH CITY SCHOOLS, SCH.-PR.NSG",VA,23456-0038,Public       ,18,69,87,47,156,203
03091300,REGENT UNIVERSITY                       ,VA,23464-9800,Private      ,440,2248,2688,1624,4783,6407
03092700,SKYLINE COLLEGE                         ,VA,24012-1603,Proprietary  ,42,138,180,80,265,345
03096500,SPRINGFIELD BEAUTY ACADEMY              ,VA,22003-3016,Proprietary  ,4,26,30,7,52,59
03106500,SENTARA NORFOLK GENERAL HOSPITAL        ,VA,23320-2843,Private      ,59,286,345,151,584,735
03116900,BAPTIST THEOLOGICAL SEM.-RICHMOND       ,VA,23227-0000,Private      ,0,73,73,2,112,114
03126300,AVIATION INSTITUTE OF MAINTENANCE       ,VA,23320-5987,Proprietary  ,24,154,178,57,303,360
03126400,CENTURA COLLEGE                         ,VA,23235-5230,Proprietary  ,76,378,454,144,713,857
03127500,ADVANCED TECHNOLOGY INSTITUTE           ,VA,23462-2409,Proprietary  ,208,283,491,397,558,955
03280400,VIRGINIA SCHOOL OF MASSAGE              ,VA,22903-0000,Proprietary  ,21,41,62,34,90,124
03409500,RICHMOND SCHOOL OF HEALTH AND TECH      ,VA,23227-0000,Proprietary  ,47,221,268,85,387,472
03455300,CRESCENT COSMETOLOGY UNIVERSITY         ,VA,23666-3115,Proprietary  ,5,23,28,10,51,61
03559300,APPALACHIAN SCHOOL OF LAW               ,VA,24614-0000,Private      ,4,148,152,10,402,412
03645400,RUDY & KELLY ACADEMY OF HAIR AND NA     ,VA,23464-6857,Proprietary  ,54,116,170,90,227,317
03654300,CAREER TRAINING SOLUTIONS               ,VA,22406-1014,Proprietary  ,44,198,242,94,459,553
03709300,EDWARD VIA VIRGINIA CLG OSTEOPATHIC MED ,VA,24060-6360,Private      ,2,379,381,12,864,876
03872400,INSTITUTE FOR THE PSYCHOLOGICAL SCIENCES,VA,22202-3609,Private      ,2,30,32,12,139,151
03876300,CULPEPER COSMETOLOGY TRAINING CENTER    ,VA,22701-3155,Public       ,10,23,33,18,42,60
03883400,AVIATION INSTITUTE OF MAINTENANCE       ,VA,20110-4156,Proprietary  ,38,128,166,64,223,287
04038400,AVI CAREER INSTITUTE                    ,VA,22066-1839,Proprietary  ,0,28,28,2,47,49
04110300,UNIVERSITY OF MANAGEMENT AND TECHNOLOGY ,VA,22209-1609,Proprietary  ,6,97,103,22,257,279
04124000,DOMINION SCHOOL OF HAIR DESIGN          ,VA,23062-2221,Proprietary  ,6,17,23,9,34,43
04127300,COLUMBIA COLLEGE                        ,VA,22031-4413,Proprietary  ,13,118,131,45,192,237
04133400,CENTURA COLLEGE                         ,VA,22312-2670,Proprietary  ,23,140,163,53,281,334
04133800,SOUTHEAST CULINARY & HOSPITALITY COLLEGE,VA,24201-4159,Proprietary  ,0,1,1,29,36,65
04137300,CAYCE/REILLY SCHOOL OF MASSOTHERAPY     ,VA,23451-2061,Private      ,6,15,21,16,58,74
04140000,GLOBAL HEALTH NURSE TRAINING SERVICES   ,VA,22314-4585,Proprietary  ,20,217,237,36,432,468
04153800,BETHEL COLLEGE                          ,VA,23666-3122,Private      ,17,44,61,47,93,140
04156200,INSTITUTE OF ADVANCED MEDICAL ESTHETICS ,VA,23294-4701,Proprietary  ,8,33,41,19,84,103
04169400,NORTHERN VIRGINIA SCHOOL OF THERAPEUTIC ,VA,22046-4302,Proprietary  ,10,46,56,29,92,121
04171500,COSMOPOLITAN BEAUTY & TECH SCHOOL       ,VA,22003-3204,Proprietary  ,9,40,49,17,68,85
04179900,TOMORROW'S IMAGE BARBER ACADEMY OF VIRGI,VA,23602-5532,Proprietary  ,2,29,31,10,48,58
04180600,APPALACHIAN COLLEGE OF PHARMACY         ,VA,24631-9210,Private      ,6,110,116,15,267,282
04220400,CHRYSM INSTITUTE OF ESTHETICS (THE)     ,VA,23462-3650,Proprietary  ,7,37,44,10,55,65
00107000,THUNDERBIRD SCHOOL OF GLOBAL MANAGEMENT ,AZ,85306-6000,Private      ,12,214,226,30,459,489
00107100,ARIZONA WESTERN COLLEGE                 ,AZ,85366-0000,Public       ,2084,2117,4201,4134,3558,7692
00107200,COCHISE COLLEGE                         ,AZ,85607-6190,Public       ,631,982,1613,1220,1776,2996
00107300,EASTERN ARIZONA COLLEGE                 ,AZ,85552-0769,Public       ,502,547,1049,1230,1037,2267
00107400,GRAND CANYON UNIVERSITY                 ,AZ,85017-3030,Proprietary  ,3559,17632,21191,11501,34340,45841
00107600,GLENDALE COMMUNITY COLLEGE              ,AZ,85302-3090,Public       ,4729,5966,10695,8979,10745,19724
00107700,MESA COMMUNITY COLLEGE                  ,AZ,85202-4866,Public       ,4370,7185,11555,8565,12904,21469
00107800,PHOENIX COLLEGE                         ,AZ,85013-4234,Public       ,2547,5559,8106,5070,10435,15505
00107900,YAVAPAI COLLEGE                         ,AZ,86301-3297,Public       ,733,1582,2315,1687,3249,4936
00108100,ARIZONA STATE UNIV (ALL CAMPUSES)       ,AZ,85287-0412,Public       ,11606,14078,25684,51539,35527,87066
00108200,NORTHERN ARIZONA UNIVERSITY             ,AZ,86011-0001,Public       ,4679,4410,9089,29408,11979,41387
00108300,UNIVERSITY OF ARIZONA                   ,AZ,85721-0066,Public       ,4947,4282,9229,30855,13757,44612
00165701,MIDWESTERN UNIVERSITY                   ,AZ,85308-0000,Private      ,59,1326,1385,161,3889,4050
00446700,TUCSON COLLEGE                          ,AZ,85711-3781,Proprietary  ,88,276,364,198,469,667
00711300,ARIZONA CHRISTIAN UNIVERSITY            ,AZ,85032-7097,Private      ,301,225,526,904,431,1335
00726600,PIMA COUNTY COMMUNITY COLLEGE           ,AZ,85709-1110,Public       ,3520,5908,9428,8307,11128,19435
00728300,CENTRAL ARIZONA COLLEGE                 ,AZ,85228-9779,Public       ,1156,1944,3100,2111,3297,5408
00732911,ITT TECHNICAL INSTITUTE                 ,AZ,85282-9272,Proprietary  ,249,1277,1526,394,1688,2082
00732990,ITT TECHNICAL INSTITUTE                 ,AZ,85704-5829,Proprietary  ,211,968,1179,345,1214,1559
00822100,UNIVERSAL TECHNICAL INSTITUTE           ,AZ,85323-7946,Proprietary  ,2857,2276,5133,6939,4938,11877
00824600,DINÉ COLLEGE                            ,AZ,86556-0126,Public       ,413,591,1004,603,944,1547
00830300,GATEWAY COMMUNITY COLLEGE               ,AZ,85034-1795,Public       ,1298,3283,4581,2688,5974,8662
00830302,MARICOPA SKILL CENTER                   ,AZ,85034-0000,Public       ,146,533,679,281,963,1244
00830400,SCOTTSDALE COMMUNITY COLLEGE            ,AZ,85250-0000,Public       ,1634,2139,3773,3450,3832,7282
00886400,ARIZONA ACADEMY OF BEAUTY               ,AZ,85712-5021,Proprietary  ,26,52,78,71,108,179
00886500,ARTISTIC BEAUTY COLLEGES-TUCSON         ,AZ,85716-3999,Proprietary  ,51,91,142,83,158,241
01084700,ARIZONA AUTOMOTIVE INSTITUTE            ,AZ,85301-3503,Proprietary  ,126,298,424,196,455,651
01085800,AVALON SCHOOL OF COSMETOLOGY            ,AZ,85210-4010,Proprietary  ,281,376,657,377,567,944
01168900,REFRIGERATION SCHOOL                    ,AZ,85034-0000,Proprietary  ,54,305,359,91,525,616
01180200,ARIZONA ACADEMY OF BEAUTY-NORTH         ,AZ,85705-2720,Proprietary  ,13,31,44,41,64,105
01180800,ARTISTIC BEAUTY COLLEGES-FLAGSTAFF      ,AZ,86004-5119,Proprietary  ,61,114,175,85,176,261
01186200,NORTHLAND PIONEER COLLEGE               ,AZ,86025-0610,Public       ,262,649,911,509,1232,1741
01186400,MOHAVE COMMUNITY COLLEGE                ,AZ,86409-1238,Public       ,595,1607,2202,1050,2947,3997
01218400,INTERNATIONAL ACAD OF HAIR DESIGN       ,AZ,85225-7198,Proprietary  ,58,111,169,74,171,245
01234300,ARTISTIC BEAUTY COLLEGES-PHOENIX        ,AZ,85304-0000,Proprietary  ,70,129,199,98,202,300
01293700,ARTISTIC BEAUTY COLLEGES - PARADISE VALL,AZ,85257-0000,Proprietary  ,36,121,157,58,177,235
02065300,PRESCOTT COLLEGE                        ,AZ,86301-0000,Private      ,132,390,522,548,857,1405
02071200,KAPLAN COLLEGE                          ,AZ,85029-4349,Proprietary  ,65,399,464,132,798,930
02098800,UNIVERSITY OF PHOENIX                   ,AZ,85040-0000,Proprietary  ,4785,97817,102602,8736,166492,175228
02100500,UNIVERSAL TECHNICAL INSTITUTE           ,AZ,85027-0000,Proprietary  ,1940,3065,5005,4504,6027,10531
02100600,CARRINGTON COLLEGE                      ,AZ,85015-4096,Proprietary  ,637,1880,2517,1067,3171,4238
02113800,ROBERTO-VENN SCH OF LUTHIERY            ,AZ,85040-0000,Proprietary  ,9,19,28,18,50,68
02146600,SOUTH MOUNTAIN COMMUNITY COLLEGE        ,AZ,85040-0000,Public       ,1072,1995,3067,1991,3452,5443
02160305,COLLINS COLLEGE                         ,AZ,85040-4000,Proprietary  ,88,204,292,220,405,625
02160306,INTERNATIONAL ACADEMY OF DESIGN AND TECH,AZ,85281-6705,Proprietary  ,12,23,35,32,51,83
02171500,WESTERN INTERNATIONAL UNIVERSITY        ,AZ,85021-0000,Proprietary  ,26,453,479,54,952,1006
02177500,RIO SALADO COMMUNITY COLLEGE            ,AZ,85281-6948,Public       ,994,5946,6940,2074,11777,13851
02199900,AMERICAN INDIAN CLG-ASSEMBLIES GOD      ,AZ,85021-0000,Private      ,21,55,76,42,99,141
02217100,PIMA MEDICAL INSTITUTE                  ,AZ,85716-0000,Proprietary  ,962,3040,4002,1783,5425,7208
02218800,BROOKLINE COLLEGE                       ,AZ,85021-5815,Proprietary  ,121,558,679,215,1050,1265
02218804,BROOKLINE COLLEGE - MESA                ,AZ,85204-4448,Proprietary  ,71,225,296,115,401,516
02218805,BROOKLINE COLLEGE - TUCSON              ,AZ,85711-5444,Proprietary  ,79,316,395,172,512,684
02220300,ARTISTIC BEAUTY COLLEGES-GLENDALE       ,AZ,85051-0000,Proprietary  ,57,141,198,100,262,362
02263100,ANTHEM COLLEGE                          ,AZ,85014-0000,Proprietary  ,190,1143,1333,344,2021,2365
02280500,CHARLES OF ITALY BEAUTY COLLEGE         ,AZ,86403-0000,Proprietary  ,29,46,75,43,75,118
02295000,EVEREST COLLEGE                         ,AZ,85021-1610,Proprietary  ,294,1969,2263,520,3397,3917
02295002,EVEREST COLLEGE - MESA                  ,AZ,85206-4704,Proprietary  ,105,412,517,187,756,943
02317800,AMERICAN INSTITUTE OF TECHNOLOGY        ,AZ,85043-0000,Proprietary  ,50,335,385,128,499,627
02491500,THE ART CENTER DESIGN COLLEGE           ,AZ,85716-0000,Proprietary  ,69,103,172,138,240,378
02533200,FRANK LLOYD WRIGHT SCHOOL OF ARCHITECTUR,AZ,85261-4430,Private      ,10,22,32,24,44,68
02559000,UNIVERSITY OF ADVANCING TECHNOLOGY      ,AZ,85283-0000,Proprietary  ,274,320,594,966,657,1623
02561900,BRILLARE HAIRDRESSING ACADEMY           ,AZ,85254-3301,Proprietary  ,47,60,107,81,104,185
02582700,CORTIVA INSTITUTE - TUCSON              ,AZ,85710-3503,Proprietary  ,45,109,154,67,154,221
02616700,LE CORDON BLEU COLLEGE OF CULINARY ARTS ,AZ,85251-2729,Proprietary  ,353,1170,1523,728,2345,3073
02623600,PARADISE VALLEY COMMUNITY COLLEGE       ,AZ,85032-1210,Public       ,1376,2103,3479,2824,3776,6600
02623800,CORTIVA INSTITUTE - SCOTTSDALE          ,AZ,85257-4218,Proprietary  ,16,47,63,22,75,97
03005000,SAFFORD COLLEGE OF BEAUTY CULTURE       ,AZ,85546-3309,Proprietary  ,2,3,5,3,7,10
03010613,VIRGINIA COLLEGE - GOLF ACADEMY OF ARIZO,AZ,85225-6742,Proprietary  ,14,36,50,29,70,99
03030604,UTAH COLLEGE OF MASSAGE THERAPY - ARIZON,AZ,85282-0000,Proprietary  ,39,78,117,66,163,229
03030605,UTAH COLLEGE OF MASSAGE THERAPY - ARIZON,AZ,85051-3470,Proprietary  ,67,105,172,96,189,285
03034400,CONSERVATORY RECORDING ARTS & SCIS      ,AZ,85282-1707,Proprietary  ,250,234,484,544,537,1081
03072200,CHANDLER-GILBERT COMMUNITY COLLEGE      ,AZ,85225-2499,Public       ,2208,2723,4931,4483,4867,9350
03076400,BRYMAN SCHOOL OF ARIZONA                ,AZ,85029-4919,Proprietary  ,109,370,479,211,744,955
03097800,CARSTEN INSTITUTE OF HAIR & BEAUTY      ,AZ,85282-5404,Proprietary  ,32,68,100,54,113,167
03100400,COCONINO COUNTY COMMUNITY COLLEGE       ,AZ,86001-2701,Public       ,632,817,1449,1490,1710,3200
03107000,SOUTHWEST CLG OF NATUROPATHIC MED       ,AZ,85282-0000,Private      ,7,305,312,19,504,523
03115000,ARIZONA COLLEGE OF ALLIED HEALTH        ,AZ,85302-3843,Proprietary  ,141,461,602,230,726,956
03120300,COLLEGE AMERICA                         ,AZ,86004-3936,Proprietary  ,158,721,879,195,908,1103
03156300,ESTRELLA MOUNTAIN COMMUNITY COLLEGE     ,AZ,85392-1010,Public       ,1946,2923,4869,3729,5333,9062
03347300,INTERNATIONAL BAPTIST COLLEGE           ,AZ,85282-6799,Private      ,16,10,26,28,17,45
03445300,HDS TRUCK DRIVING INSTITUTE             ,AZ,85731-0000,Proprietary  ,15,85,100,22,128,150
03478400,PHOENIX SEMINARY                        ,AZ,85018-7611,Private      ,0,64,64,3,151,154
03572300,EAST VALLEY INSTITUTE OF TECHNOLOGY     ,AZ,85201-6910,Public       ,169,342,511,313,625,938
03593300,SOUTHWEST INSTITUTE OF HEALING ARTS     ,AZ,85281-3658,Proprietary  ,60,518,578,106,1077,1183
03617500,PHOENIX INSTITUTE OF HERBAL MEDICINE & A,AZ,85012-0000,Proprietary  ,20,149,169,45,294,339
03695500,ARIZONA SCHOOL OF ACUPUNCTURE AND ORIENT,AZ,85712-1100,Proprietary  ,6,36,42,17,84,101
03784400,TOHONO O'ODHAM COMMUNITY COLLEGE        ,AZ,85634-3129,Public       ,31,39,70,60,57,117
03813300,NORTHCENTRAL UNIVERSITY                 ,AZ,86314-2336,Proprietary  ,25,2020,2045,68,4453,4521
03814300,TURNING POINT BEAUTY COLLEGE            ,AZ,85222-4229,Proprietary  ,9,37,46,15,49,64
04051300,ART INSTITUTE OF PHOENIX (THE)          ,AZ,85021-2859,Proprietary  ,2617,8228,10845,5134,15330,20464
04051306,ART INSTITUTE OF PHOENIX (THE) - ART INS,AZ,85712-2732,Proprietary  ,122,130,252,417,427,844
04051325,ART INSTITUTE OF PHOENIX (THE) - BROWN M,AZ,85712-5300,Proprietary  ,102,470,572,160,601,761
04051327,ART INSTITUTE OF PHOENIX (THE) - BROWN M,AZ,85029-1348,Proprietary  ,70,141,211,150,294,444
04059300,TUCSON COLLEGE OF BEAUTY                ,AZ,85705-2451,Proprietary  ,20,49,69,55,93,148
04120900,ARIZONA CULINARY INSTITUTE              ,AZ,85259-4939,Proprietary  ,78,113,191,204,255,459
04131400,PHOENIX SCHOOL OF LAW                   ,AZ,85012-3330,Proprietary  ,26,468,494,72,1053,1125
04139200,UNIVERSAL BARBER COLLEGE                ,AZ,85007-3914,Proprietary  ,27,110,137,57,193,250
04148700,AMERICAN INSTITUTE OF INTERIOR DESIGN   ,AZ,85268-3827,Proprietary  ,11,23,34,21,45,66
04152900,STUDIO ACADEMY OF BEAUTY (THE)          ,AZ,85224-3600,Proprietary  ,40,96,136,60,142,202
04157400,NATIONAL PARALEGAL COLLEGE              ,AZ,85014-1262,Proprietary  ,19,468,487,51,1074,1125
04172100,CCIC BEAUTY COLLEGE                     ,AZ,85345-2410,Proprietary  ,2,2,4,7,21,28
04174100,PAUL MITCHELL THE SCHOOL PHOENIX        ,AZ,85017-1919,Proprietary  ,69,138,207,120,230,350
04174200,ALL BEAUTY COLLEGE                      ,AZ,86426-8326,Proprietary  ,9,50,59,20,80,100
04175300,PENROSE ACADEMY                         ,AZ,85254-4065,Proprietary  ,36,55,91,56,101,157
04177500,PURE AESTHETICS                         ,AZ,85711-2328,Proprietary  ,3,31,34,10,67,77
04191200,CLASSIC COOKING ACADEMY                 ,AZ,85255-8699,Private      ,15,22,37,38,40,78
04194500,AVEDA INSTITUTE TUCSON                  ,AZ,85719-4876,Proprietary  ,68,94,162,109,155,264
04217600,SESSIONS COLLEGE FOR PROFESSIONAL DESIGN,AZ,85281-2840,Proprietary  ,9,51,60,14,88,102
00142800,DELAWARE STATE UNIVERSITY               ,DE,19901-2277,Public       ,1329,740,2069,7856,2178,10034
00142900,GOLDEY BEACOM COLLEGE                   ,DE,19808-1993,Private      ,193,198,391,533,370,903
00143100,UNIVERSITY OF DELAWARE                  ,DE,19716-0099,Public       ,4075,1025,5100,25704,2784,28488
00143300,WESLEY COLLEGE                          ,DE,19901-3875,Private      ,620,226,846,2364,567,2931
00143301,WESLEY COLLEGE-CTR FOR ADULT STUDIE     ,DE,19720-0000,Private      ,11,90,101,26,166,192
00331301,WIDENER UNIV SCHOOL OF LAW - DE         ,DE,19803-0000,Private      ,25,444,469,79,1136,1215
00705300,DELAWARE TECH & CMTY COLLEGE-OWENS      ,DE,19947-0000,Public       ,1121,1282,2403,2125,2291,4416
00794800,WILMINGTON UNIVERSITY                   ,DE,19720-6491,Private      ,1113,3534,4647,2409,6659,9068
01172700,DELAWARE TECH & CMTY CLG-TERRY          ,DE,19901-8736,Public       ,872,1117,1989,1768,2018,3786
02125200,BEEBE SCHOOL OF NURSING                 ,DE,19958-1462,Private      ,34,52,86,60,83,143
02144900,DELAWARE TECH & CMTY CLG-STANTN/WLM     ,DE,19801-0000,Public       ,1734,2067,3801,3374,3665,7039
02190400,SCHILLING DOUGLAS SCH OF HAIR DSGN      ,DE,19711-0000,Proprietary  ,47,61,108,65,91,156
02586902,STAR TECHNICAL INSTITUTE -              ,DE,19901-4615,Proprietary  ,8,31,39,25,69,94
03025800,DAWN TRAINING CENTRE                    ,DE,19805-1511,Proprietary  ,38,261,299,78,472,550
03543300,HARRIS SCHOOL OF BUSINESS               ,DE,19803-5341,Proprietary  ,54,166,220,76,225,301
03702300,DELAWARE LEARNING INSTITUTE OF COSMETOLO,DE,19939-9759,Proprietary  ,18,22,40,34,39,73
04130700,ACADEMY OF MASSAGE AND BODYWORK         ,DE,19701-1321,Proprietary  ,9,30,39,13,55,68
04139800,DELAWARE COLLEGE OF ART & DESIGN        ,DE,19801-3007,Private      ,102,51,153,409,108,517
04171100,DELAWARE ACADEMY PAUL MITCHELL PARTNER S,DE,19702-5108,Proprietary  ,38,52,90,69,86,155
        ,FEDERAL STUDENT AID USE ONLY            ,DC,20202-0000,,2,2,4,3,4,7
00143400,AMERICAN UNIVERSITY                     ,DC,20016-8020,Private      ,1657,1825,3482,14197,9017,23214
00143700,CATHOLIC UNIVERSITY OF AMERICA          ,DC,20064-0002,Private      ,714,708,1422,5475,1977,7452
00143711,"CATHOLIC UNIV AMERICA, LAW SCHOOL       ",DC,20064-0000,Private      ,22,306,328,66,1110,1176
00144100,UNIV OF THE DISTRICT OF COLUMBIA        ,DC,20008-0000,Public       ,1037,2396,3433,2657,5419,8076
00144102,UNIV OF THE DIST OF COLU -SCHOOL OF LAW ,DC,20008-1173,Public       ,24,192,216,56,792,848
00144300,GALLAUDET UNIVERSITY                    ,DC,20002-3695,Private      ,307,433,740,907,1092,1999
00144400,GEORGE WASHINGTON UNIVERSITY            ,DC,20052-2353,Private      ,1683,2885,4568,14002,9614,23616
00144402,GEORGE WASHINGTON UNIV LAW SCHL         ,DC,20052-0000,Private      ,13,693,706,84,3706,3790
00144403,GEORGE WASHINGTON UNIV SCH MED          ,DC,20052-0000,Private      ,27,433,460,99,1657,1756
00144500,GEORGETOWN UNIVERSITY                   ,DC,20057-1252,Private      ,1331,1531,2862,12804,4217,17021
00144501,"GEORGETOWN UNIV, SCH OF MEDICINE        ",DC,20007-0000,Private      ,22,357,379,99,1379,1478
00144502,GEORGETOWN UNIVERSITY - GRADUATE SCHOOL ,DC,20057-0004,Private      ,11,1186,1197,58,4030,4088
00144503,GEORGETOWN UNIV LAW CENTER              ,DC,20001-0000,Private      ,16,978,994,65,4515,4580
00144800,HOWARD UNIVERSITY                       ,DC,20059-0001,Private      ,1376,1986,3362,14980,8487,23467
00145900,STRAYER UNIVERSITY                      ,DC,20005-2603,Proprietary  ,810,22321,23131,1250,35473,36723
00146000,TRINITY UNIVERSITY                      ,DC,20017-1004,Private      ,307,897,1204,1440,2512,3952
00146400,WESLEY THEOLOGICAL SEMINARY             ,DC,20016-0000,Private      ,2,121,123,5,260,265
00207701,JOHNS HOPKINS UNIV SCH ADV INTL STU     ,DC,20036-0000,Private      ,10,202,212,65,1371,1436
01006500,WASHINGTON THEOLOGICAL UNION            ,DC,20012-0000,Private      ,4,11,15,6,34,40
01195000,THE CORCORAN COLLEGE OF ART & DESIG     ,DC,20006-4804,Private      ,75,132,207,311,332,643
01280300,DOMINICAN HOUSE OF STUDIES              ,DC,20017-1584,Private      ,1,18,19,3,29,32
02132800,NAT'L CONSERVATORY DRAMATIC ARTS        ,DC,20007-2758,Private      ,10,19,29,23,42,65
03104300,CAREER BLAZERS LEARNING CENTER OF WASHIN,DC,20037-1881,Proprietary  ,15,207,222,25,277,302
03218300,POTOMAC COLLEGE                         ,DC,20016-1860,Proprietary  ,20,195,215,52,377,429
03409600,BENNETT CAREER INSTITUTE                ,DC,20017-1754,Proprietary  ,36,121,157,86,243,329
03750300,TECHNICAL LEARNING CENTERS              ,DC,20006-3749,Proprietary  ,27,139,166,39,202,241
04114400,INSTITUTE OF WORLD POLITICS (THE)       ,DC,20036-1464,Private      ,0,75,75,11,179,190
04142700,PONTIFICAL JOHN PAUL II INSTITUTE FOR ST,DC,20064-0001,Private      ,1,12,13,2,22,24
04190000,RADIANS COLLEGE                         ,DC,20005-3542,Proprietary  ,25,239,264,52,436,488
00154100,ABRAHAM BALDWIN AGRICULTURAL CLG        ,GA,31794-0000,Public       ,1591,828,2419,2856,1442,4298
00154200,AGNES SCOTT COLLEGE                     ,GA,30030-3770,Private      ,331,168,499,1415,425,1840
00154300,DARTON COLLEGE                          ,GA,31707-3098,Public       ,2122,3102,5224,3379,5136,8515
00154400,ALBANY STATE UNIVERSITY                 ,GA,31705-2796,Public       ,2622,2359,4981,6181,4058,10239
00154500,ANDREW COLLEGE                          ,GA,39840-1395,Private      ,242,31,273,445,68,513
00154600,ARMSTRONG ATLANTIC STATE UNIVERSITY     ,GA,31419-1997,Public       ,2288,2216,4504,6118,4965,11083
00154700,POINT UNIVERSITY                        ,GA,30344-1999,Private      ,385,579,964,785,1015,1800
00155400,BERRY COLLEGE                           ,GA,30149-5007,Private      ,979,143,1122,3972,298,4270
00155500,THOMAS UNIVERSITY                       ,GA,31792-7499,Private      ,247,587,834,424,981,1405
00155600,BRENAU UNIVERSITY                       ,GA,30501-3668,Private      ,499,1352,1851,1665,2723,4388
00155700,BREWTON PARKER COLLEGE                  ,GA,30445-0000,Private      ,297,118,415,507,186,693
00155800,COASTAL GEORGIA COMMUNITY COLLEGE       ,GA,31520-3644,Public       ,971,1121,2092,1901,2110,4011
00155900,CLARK ATLANTA UNIVERSITY                ,GA,30314-4385,Private      ,2336,1934,4270,10034,4962,14996
00156000,COLUMBIA THEOLOGICAL SEMINARY           ,GA,30031-0000,Private      ,3,116,119,8,196,204
00156100,COLUMBUS STATE UNIVERSITY               ,GA,31907-5645,Public       ,3034,2962,5996,6421,5197,11618
00156200,GEORGIA PERIMETER COLLEGE               ,GA,30021-0000,Public       ,7020,8824,15844,12898,17025,29923
00156300,EMMANUEL COLLEGE                        ,GA,30639-0000,Private      ,381,74,455,788,143,931
00156400,EMORY UNIVERSITY                        ,GA,30322-1960,Private      ,1428,2499,3927,12934,9492,22426
00156600,FORT VALLEY STATE UNIVERSITY            ,GA,31030-3298,Public       ,1797,1175,2972,4025,2196,6221
00156700,GAINESVILLE STATE COLLEGE               ,GA,30503-0000,Public       ,3054,1707,4761,5418,3174,8592
00156800,INTERDENOMINATIONAL THEOLOGY CENTER     ,GA,30314-0000,Private      ,3,259,262,6,435,441
00156900,GEORGIA INSTITUTE OF TECHNOLOGY         ,GA,30332-0325,Public       ,4974,2296,7270,19824,5282,25106
00157000,SOUTHERN POLYTECHNIC STATE UNIV         ,GA,30060-2896,Public       ,1734,1644,3378,4913,3999,8912
00157100,GEORGIA MILITARY COLLEGE                ,GA,31061-3398,Public       ,2092,2489,4581,3685,4466,8151
00157200,GEORGIA SOUTHERN UNIVERSITY             ,GA,30460-8065,Public       ,9650,3570,13220,22423,6774,29197
00157300,GEORGIA SOUTHWESTERN STATE UNIV         ,GA,31709-4693,Public       ,1225,1071,2296,2594,1835,4429
00157400,GEORGIA STATE UNIVERSITY                ,GA,30303-3010,Public       ,11097,10726,21823,30190,23730,53920
00157500,GORDON COLLEGE                          ,GA,30204-1762,Public       ,2142,1330,3472,3882,2401,6283
00157700,KENNESAW STATE UNIVERSITY               ,GA,30144-5591,Public       ,9186,6685,15871,20972,12896,33868
00157800,LAGRANGE COLLEGE                        ,GA,30240-2999,Private      ,404,253,657,1515,484,1999
00157900,MEDICAL COLLEGE OF GEORGIA              ,GA,30912-0004,Public       ,520,1611,2131,1120,3270,4390
00157913,GEORGIA REGENTS UNIVERSITY - AUGUSTA STA,GA,30904-2200,Public       ,2110,2227,4337,5075,4420,9495
00158000,MERCER UNIVERSITY                       ,GA,31207-0003,Private      ,1342,3543,4885,5100,7011,12111
00158100,MIDDLE GEORGIA COLLEGE                  ,GA,31014-1599,Public       ,1861,1378,3239,3038,2180,5218
00158200,MOREHOUSE COLLEGE                       ,GA,30314-3773,Private      ,986,481,1467,4225,1142,5367
00158500,NORTH GEORGIA COLLEGE & STATE UNIV      ,GA,30597-0001,Public       ,3476,1627,5103,8508,3027,11535
00158600,OGLETHORPE UNIVERSITY                   ,GA,30319-2737,Private      ,460,246,706,2067,567,2634
00158700,PAINE COLLEGE                           ,GA,30901-3182,Private      ,524,320,844,1088,645,1733
00158800,PIEDMONT COLLEGE                        ,GA,30535-5644,Private      ,495,931,1426,1133,1417,2550
00158900,REINHARDT UNIVERSITY                    ,GA,30183-2981,Private      ,585,285,870,1438,501,1939
00159000,SAVANNAH STATE UNIVERSITY               ,GA,31404-5298,Public       ,3200,1562,4762,7226,3066,10292
00159100,SHORTER UNIVERSITY                      ,GA,30165-4298,Private      ,741,1103,1844,1903,2101,4004
00159200,SOUTH GEORGIA COLLEGE                   ,GA,31533-8104,Public       ,1032,636,1668,1603,1033,2636
00159400,SPELMAN COLLEGE                         ,GA,30314-4399,Private      ,1006,539,1545,6254,1587,7841
00159600,TOCCOA FALLS COLLEGE                    ,GA,30598-0001,Private      ,412,103,515,859,203,1062
00159700,TRUETT MCCONNELL COLLEGE                ,GA,30528-1264,Private      ,348,99,447,728,172,900
00159800,UNIVERSITY OF GEORGIA                   ,GA,30602-6114,Public       ,10680,4623,15303,30633,10335,40968
00159900,VALDOSTA STATE UNIVERSITY               ,GA,31698-0001,Public       ,5626,3082,8708,12110,5341,17451
00160000,WESLEYAN COLLEGE                        ,GA,31210-4407,Private      ,181,284,465,500,507,1007
00160100,UNIV OF WEST GEORGIA                    ,GA,30118-0002,Public       ,5578,2970,8548,12426,5530,17956
00160200,GEORGIA COLLEGE & STATE UNIVERSITY      ,GA,31061-0490,Public       ,2845,1051,3896,7308,1969,9277
00160400,YOUNG HARRIS COLLEGE                    ,GA,30582-4137,Private      ,574,66,640,1485,146,1631
00348400,COVENANT COLLEGE                        ,GA,30750-4164,Private      ,262,65,327,1301,139,1440
00395600,DALTON STATE COLLEGE                    ,GA,30720-3797,Public       ,2176,1627,3803,3865,2853,6718
00402400,GEORGIA NORTHWESTERN TECHNICAL COLLEGE  ,GA,30161-6757,Public       ,1180,2449,3629,1916,4398,6314
00411700,GRADY HEALTH SYSTEM                     ,GA,30303-3050,Public       ,66,346,412,142,746,888
00489808,MCCANN SCHOOL OF BUSINESS & TECHNOLOGY -,GA,31210-0246,Proprietary  ,13,56,69,23,108,131
00525400,LANIER TECHNICAL COLLEGE                ,GA,30566-3499,Public       ,805,1490,2295,1355,3093,4448
00525500,MOULTRIE TECHNICAL COLLEGE              ,GA,31768-0000,Public       ,208,761,969,306,1087,1393
00525600,WIREGRASS GEORGIA TECHNICAL COLLEGE     ,GA,31602-0929,Public       ,774,1979,2753,1137,3191,4328
00551100,OKEFENOKEE TECHNICAL COLLEGE            ,GA,31501-4016,Public       ,236,544,780,329,877,1206
00559900,AUGUSTA TECHNICAL COLLEGE               ,GA,30906-3399,Public       ,962,2329,3291,1741,4661,6402
00560000,ATHENS TECHNICAL COLLEGE                ,GA,30601-1579,Public       ,1338,2010,3348,2214,3618,5832
00560100,ALBANY TECHNICAL COLLEGE                ,GA,31701-2648,Public       ,639,2298,2937,985,3540,4525
00561500,SOUTHWEST GEORGIA TECHNICAL COLLEGE     ,GA,31792-2622,Public       ,400,828,1228,571,1377,1948
00561700,SOUTH GEORGIA TECHNICAL COLLEGE         ,GA,31709-8167,Public       ,353,553,906,555,877,1432
00561800,SAVANNAH TECHNICAL COLLEGE              ,GA,31405-5594,Public       ,1016,2967,3983,1777,5472,7249
00561900,NORTH GEORGIA TECHNICAL COLLEGE         ,GA,30523-0000,Public       ,701,958,1659,1114,1658,2772
00562000,CHATTAHOOCHEE TECHNICAL COLLEGE         ,GA,30060-3398,Public       ,2521,4491,7012,4211,8123,12334
00562100,SOUTHERN CRESCENT TECHNICAL COLLEGE     ,GA,30223-2097,Public       ,1017,2633,3650,1616,4691,6307
00562200,DEKALB TECHNICAL COLLEGE                ,GA,30021-0000,Public       ,711,2771,3482,1197,5016,6213
00562400,COLUMBUS TECHNICAL COLLEGE              ,GA,31904-6572,Public       ,891,2056,2947,1479,3666,5145
00576300,CENTRAL GEORGIA TECHNICAL COLLEGE       ,GA,31206-3628,Public       ,741,2393,3134,1192,3933,5125
00772800,MACON STATE COLLEGE                     ,GA,31206-5145,Public       ,1812,2217,4029,3493,4016,7509
00854300,ATLANTA TECHNICAL COLLEGE               ,GA,30310-4499,Public       ,1231,4743,5974,2229,9082,11311
00897600,CLAYTON STATE UNIVERSITY                ,GA,30260-0285,Public       ,2810,4659,7469,5785,8490,14275
00927000,ART INSTITUTE OF ATLANTA (THE)          ,GA,30328-1649,Proprietary  ,2566,2363,4929,6671,5337,12008
00950700,GEORGIA HIGHLANDS COLLEGE               ,GA,30162-0000,Public       ,2146,1686,3832,3939,3194,7133
01031903,MEDIX SCHOOL                            ,GA,30080-7630,Proprietary  ,78,297,375,118,492,610
01035601,EVEREST INSTITUTE - DEKALB              ,GA,30035-3420,Proprietary  ,33,169,202,69,293,362
01048700,WEST GEORGIA TECHNICAL COLLEGE          ,GA,30182-6476,Public       ,1676,2972,4648,2757,5312,8069
01077100,GUPTON JONES COLLEGE                    ,GA,30035-4022,Private      ,33,96,129,99,234,333
01099700,EAST GEORGIA COLLEGE                    ,GA,30401-2699,Public       ,1569,657,2226,2664,1140,3804
01107400,BAINBRIDGE COLLEGE                      ,GA,39819-8400,Public       ,515,1331,1846,763,2195,2958
01110901,EVEREST COLLEGE - EVEREST INSTITUTE     ,GA,30067-8340,Proprietary  ,75,326,401,134,592,726
01110902,EVEREST COLLEGE - ATLANTA               ,GA,30331-2620,Proprietary  ,185,689,874,316,1200,1516
01112301,EVEREST COLLEGE - EVEREST INSTITUTE- NOR,GA,30093-2813,Proprietary  ,96,423,519,145,683,828
01157400,BAUDER COLLEGE                          ,GA,30313-2439,Proprietary  ,200,744,944,366,1353,1719
01205100,PRO WAY HAIR SCHOOL                     ,GA,30083-2884,Proprietary  ,25,151,176,50,222,272
01216500,ATLANTA METROPOLITAN COLLEGE            ,GA,30310-4498,Public       ,1600,2989,4589,2888,5703,8591
01303900,SOUTH UNIVERSITY                        ,GA,31406-4881,Proprietary  ,1127,6421,7548,2070,11508,13578
02055000,WAYCROSS COLLEGE                        ,GA,31503-0000,Public       ,330,265,595,527,467,994
02060900,BROWN CLG OF COURT REPORTING & M.T.     ,GA,30318-2570,Proprietary  ,21,200,221,35,360,395
02074800,LIFE UNIVERSITY                         ,GA,30060-0000,Private      ,204,796,1000,550,2691,3241
02113613,AMERICAN INTERCONTINENTAL UNIVERSITY    ,GA,30328-1649,Proprietary  ,325,1049,1374,698,2229,2927
02116000,SANFORD-BROWN COLLEGE                   ,GA,30328-4803,Proprietary  ,98,397,495,179,818,997
02141500,SAVANNAH COLLEGE OF ART & DESIGN        ,GA,31402-3146,Private      ,2732,1563,4295,10115,3850,13965
02202800,AUGUSTA AREA DIET INTERN UNIV HOSP      ,GA,30901-0000,Private      ,3,27,30,10,63,73
02217200,PORTFOLIO CENTER                        ,GA,30309-0000,Proprietary  ,15,71,86,36,158,194
02266200,AMERICAN PROFESSIONAL INSTITUTE         ,GA,31201-3185,Proprietary  ,49,216,265,73,354,427
02284300,INTERACTIVE COLLEGE OF TECHNOLOGY       ,GA,30341-0000,Proprietary  ,76,521,597,122,805,927
02284308,INTERACTIVE LEARNING SYSTEMS            ,GA,30260-0000,Proprietary  ,15,92,107,24,143,167
02284309,INTERACTIVE COLLEGE OF TECHNOLOGY       ,GA,30501-0000,Proprietary  ,38,122,160,68,179,247
02285500,"CREATIVE CIRCUS, THE                    ",GA,30324-0000,Proprietary  ,52,125,177,87,251,338
02288400,GWINNETT TECHNICAL COLLEGE              ,GA,30043-5702,Public       ,1852,4190,6042,3092,7843,10935
02313902,WESTWOOD COLLEGE - O'HARE AIRPORT - ATLA,GA,30345-2807,Proprietary  ,71,285,356,139,519,658
02321400,ROFFLER-MOLER HAIRSTYLING COLLEGE       ,GA,30062-0000,Proprietary  ,34,63,97,51,98,149
02354500,SOUTHEASTERN BEAUTY SCHOOLS             ,GA,31906-0000,Proprietary  ,11,29,40,25,62,87
02482100,MOREHOUSE SCHOOL OF MEDICINE            ,GA,30310-0000,Private      ,55,235,290,165,734,899
02502700,ADVANCED CAREER TRAINING                ,GA,30329-0000,Proprietary  ,54,218,272,109,427,536
02502701,ADVANCED CAREER TRAINING-RIVERDALE      ,GA,30274-0000,Proprietary  ,15,93,108,32,175,207
02508600,MIDDLE GEORGIA TECHNICAL COLLEGE        ,GA,31088-2730,Public       ,493,1086,1579,862,2080,2942
02520000,INTERNATIONAL SCH SKIN & NAILCARE       ,GA,30342-1119,Proprietary  ,35,145,180,54,270,324
02577000,ESANI INSTITUTE                         ,GA,30297-0000,Proprietary  ,24,63,87,42,101,143
02577700,BEAUTY COLLEGE OF AMERICA               ,GA,30297-0000,Proprietary  ,32,38,70,51,87,138
02580100,IVERSON INSTITUTE                       ,GA,30341-3662,Proprietary  ,13,53,66,22,94,116
02580200,ATLANTA SCHOOL OF MASSAGE               ,GA,30338-0000,Proprietary  ,49,202,251,102,425,527
02583000,GWINNETT COLLEGE OF BUSINESS            ,GA,30047-3447,Proprietary  ,63,371,434,96,521,617
02607600,CAPELLI LEARNING CTR FOR COSM           ,GA,30324-0000,Proprietary  ,51,131,182,74,209,283
02614206,MILLER - MOTTE TECHNICAL COLLEGE - COLUM,GA,31907-3222,Proprietary  ,110,754,864,157,1016,1173
02614207,MILLER - MOTTE TECHNICAL COLLEGE - AUGUS,GA,30907-0921,Proprietary  ,82,444,526,138,793,931
03005400,GEORGIA CAREER INSTITUTE                ,GA,30013-2076,Proprietary  ,87,221,308,141,427,568
03010619,VIRGINIA COLLEGE - AUGUSTA              ,GA,30909-5515,Proprietary  ,98,421,519,200,857,1057
03010623,VIRGINIA COLLEGE - MACON                ,GA,31206-3180,Proprietary  ,65,279,344,109,536,645
03022601,WESTERN CULINARY INSTITUTE - LE CORDON B,GA,30084-5893,Proprietary  ,157,328,485,307,703,1010
03030000,OGEECHEE TECHNICAL COLLEGE              ,GA,30458-8049,Public       ,706,1209,1915,1048,1994,3042
03032100,ALTAMAHA TECHNICAL COLLEGE              ,GA,31545-4465,Public       ,304,625,929,428,1050,1478
03042700,LAURUSTECHNICAL INSTITUTE               ,GA,30030-1506,Proprietary  ,24,190,214,36,333,369
03066500,SOUTHEASTERN TECHNICAL COLLEGE          ,GA,30474-8817,Public       ,308,838,1146,428,1228,1656
03072304,EVEREST COLLEGE - EVEREST INSTITUTE     ,GA,30236-0000,Proprietary  ,49,318,367,82,508,590
03076300,BEULAH HEIGHTS BIBLE COLLEGE            ,GA,30316-1873,Private      ,12,304,316,24,518,542
03079202,WESTWOOD COLLEGE - ATLANTA MIDTOWN      ,GA,30309-2848,Proprietary  ,225,633,858,404,1150,1554
03081500,SOUTHEASTERN BEAUTY SCHOOL              ,GA,31917-0000,Proprietary  ,25,74,99,37,117,154
03089100,GEORGIA INSTITUTE OF COSMETOLOGY        ,GA,30606-3152,Proprietary  ,94,209,303,164,362,526
03090600,COBB BEAUTY COLLEGE                     ,GA,30144-2828,Proprietary  ,35,53,88,55,120,175
03100900,LUTHER RICE UNIVERSITY                  ,GA,30038-2454,Private      ,27,527,554,42,948,990
03102000,RIVERTOWN SCHOOL OF BEAUTY              ,GA,31904-4747,Proprietary  ,38,142,180,62,205,267
03104500,ATLANTA INSTITUTE OF MUSIC              ,GA,30096-4988,Proprietary  ,145,160,305,295,317,612
03116100,VOGUE BEAUTY AND BARBER SCHOOL          ,GA,30141-2226,Proprietary  ,28,82,110,47,171,218
03155500,OCONEE FALL LINE TECHNICAL COLLEGE      ,GA,31082-6179,Public       ,149,570,719,215,806,1021
03155504,OCONEE FALL LINE TECHNICAL COLLEGE - SOU,GA,31021-0560,Public       ,114,293,407,168,492,660
03173300,ATLANTA'S JOHN MARSHALL LAW SCHOOL      ,GA,30309-0000,Proprietary  ,25,484,509,56,1086,1142
03232304,LINCOLN COLLEGE OF TECHNOLOGY           ,GA,30067-8638,Proprietary  ,39,197,236,80,333,413
03418300,GWINNETT COLLEGE-SANDY SPRINGS          ,GA,30328-3161,Proprietary  ,39,140,179,91,264,355
03445500,FAYETTE BEAUTY ACADEMY                  ,GA,30214-1191,Proprietary  ,10,33,43,18,67,85
03523300,AVIATION INSTITUTE OF MAINTENANCE       ,GA,30045-0000,Proprietary  ,98,313,411,146,532,678
03635300,CARVER BIBLE COLLEGE                    ,GA,30331-1300,Private      ,18,73,91,30,165,195
03748300,KEVOSNIK SCHOOL OF HAIR DESIGN          ,GA,31021-0000,Proprietary  ,2,25,27,5,32,37
03753400,MICHAEL'S SCHOOL OF BEAUTY              ,GA,30909-0000,Proprietary  ,24,52,76,38,109,147
03804400,MEDTECH INSTITUTE                       ,GA,30339-6040,Proprietary  ,106,353,459,137,554,691
03812300,OMNITECH INSTITUTE                      ,GA,30035-1206,Proprietary  ,18,123,141,26,185,211
04021300,AUGUSTA SCHOOL OF MASSAGE               ,GA,30809-0000,Proprietary  ,10,33,43,19,64,83
04051331,ART INSTITUTE OF PHOENIX (THE) - BROWN M,GA,30319-3054,Proprietary  ,79,165,244,178,352,530
04091300,SAVANNAH SCHOOL OF MASSAGE THERAPY      ,GA,31406-2711,Private      ,0,0,0,9,18,27
04126800,ACADEMY OF SOMATIC HEALING ARTS (ASHA)  ,GA,30071-1024,Proprietary  ,0,0,0,6,47,53
04142900,GEORGIA GWINNETT COLLEGE                ,GA,30043-7409,Public       ,5184,2989,8173,9012,5510,14522
04147000,PAUL MITCHELL THE SCHOOL ATLANTA        ,GA,30318-5241,Proprietary  ,150,230,380,274,440,714
04147700,LAKE LANIER SCHOOL OF MASSAGE           ,GA,30501-4546,Proprietary  ,12,62,74,26,109,135
04149900,PROFILE INSTITUTE OF BARBER-STYLING     ,GA,30315-8459,Proprietary  ,16,95,111,37,193,230
04150900,PROCESS INSTITUTE OF COSMETOLOGY (THE)  ,GA,30043-7344,Proprietary  ,55,59,114,88,118,206
04152300,GEORGIA BEAUTY ACADEMY                  ,GA,30721-3952,Proprietary  ,38,71,109,63,136,199
04156500,GEORGIA CHRISTIAN UNIVERSITY            ,GA,30047-3778,Private      ,15,45,60,37,89,126
04160200,ATLANTA BEAUTY ACADEMY                  ,GA,30340-1334,Proprietary  ,43,189,232,67,269,336
04203800,WOODRUFF MEDICAL TRAINING AND TESTING   ,GA,30033-6103,Proprietary  ,11,97,108,17,124,141
04204500,ELAINE STERLING INSTITUTE(THE)          ,GA,30342-2633,Proprietary  ,15,43,58,27,83,110
04206400,HELMS COLLEGE                           ,GA,31206-5309,Private      ,26,95,121,43,184,227
04206600,SAE INSTITUTE OF TECHNOLOGY - ATLANTA   ,GA,30303-1736,Proprietary  ,96,154,250,177,315,492
04208000,TECHNOLOGY CENTER                       ,GA,30071-3519,Proprietary  ,4,66,70,7,99,106
04218000,UNITED MEDICAL AND BUSINESS INSTITUTE   ,GA,30344-6977,Proprietary  ,7,42,49,12,63,75
00162800,AMERICAN ACADEMY OF ART                 ,IL,60604-4302,Proprietary  ,193,95,288,904,324,1228
00163300,AUGUSTANA COLLEGE                       ,IL,61201-2296,Private      ,167,50,217,4816,256,5072
00163400,AURORA UNIVERSITY                       ,IL,60506-4892,Private      ,479,897,1376,4227,2868,7095
00163600,SOUTHWESTERN ILLINOIS COLLEGE           ,IL,62221-5899,Public       ,1296,2097,3393,3540,4794,8334
00163800,BLACK HAWK COLLEGE                      ,IL,61265-5899,Public       ,759,990,1749,2280,2287,4567
00163900,BLACKBURN COLLEGE                       ,IL,62626-1498,Private      ,87,22,109,742,128,870
00164000,PRAIRIE STATE COLLEGE                   ,IL,60411-8226,Public       ,771,1464,2235,2878,4358,7236
00164100,BRADLEY UNIVERSITY                      ,IL,61625-0002,Private      ,486,256,742,8607,1162,9769
00164300,SPOON RIVER COLLEGE                     ,IL,61520-8907,Public       ,190,236,426,777,730,1507
00164700,CITY COLLEGES OF CHICAGO                ,IL,60606-6998,Public       ,591,1311,1902,3095,4327,7422
00164800,TRUMAN COLLEGE                          ,IL,60640-5691,Public       ,734,1656,2390,3242,5191,8433
00164900,RICHARD J DALEY COLLEGE                 ,IL,60652-1299,Public       ,766,1420,2186,3618,4574,8192
00165000,CITY COLLEGES OF CHICAGO-MALCOLM X      ,IL,60612-3197,Public       ,935,2392,3327,4132,7455,11587
00165200,HAROLD WASHINGTON COLLEGE               ,IL,60601-2403,Public       ,1839,2567,4406,8361,8143,16504
00165400,KENNEDY KING COLLEGE                    ,IL,60621-3798,Public       ,664,2190,2854,2887,6842,9729
00165500,WRIGHT COLLEGE                          ,IL,60634-1591,Public       ,1220,1993,3213,5647,5867,11514
00165700,MIDWESTERN UNIVERSITY                   ,IL,60515-1200,Private      ,31,1007,1038,150,3511,3661
00165900,ROSALIND FRANKLIN UNIVERSITY OF MEDICINE,IL,60064-3095,Private      ,10,507,517,53,2651,2704
00166100,CHICAGO THEOLOGICAL SEMINARY            ,IL,60637-0000,Private      ,5,63,68,15,212,227
00166300,SPERTUS COLLEGE                         ,IL,60605-1995,Private      ,1,22,23,4,76,80
00166400,UNIVERSITY OF ST FRANCIS                ,IL,60435-6188,Private      ,241,674,915,2170,1845,4015
00166500,COLUMBIA COLLEGE                        ,IL,60605-1996,Private      ,1954,1244,3198,14221,5045,19266
00166600,CONCORDIA UNIVERSITY                    ,IL,60305-1499,Private      ,292,1357,1649,3003,2979,5982
00166900,DANVILLE AREA COMMUNITY COLLEGE         ,IL,61832-5199,Public       ,256,483,739,840,1085,1925
00167100,DEPAUL UNIVERSITY                       ,IL,60604-2287,Private      ,1791,2945,4736,23983,14627,38610
00167400,EASTERN ILLINOIS UNIVERSITY             ,IL,61920-3099,Public       ,1429,856,2285,11076,3402,14478
00167500,ELGIN COMMUNITY COLLEGE                 ,IL,60123-7193,Public       ,1360,1561,2921,3767,3605,7372
00167600,ELMHURST COLLEGE                        ,IL,60126-3296,Private      ,485,323,808,4187,1210,5397
00167800,EUREKA COLLEGE                          ,IL,61530-9976,Private      ,114,55,169,1022,213,1235
00168100,HIGHLAND COMMUNITY COLLEGE              ,IL,61032-9341,Public       ,271,375,646,855,843,1698
00168200,GARRETT-EVANGELICAL THEOLOGICAL SEM     ,IL,60201-0000,Private      ,0,70,70,1,171,172
00168400,GREENVILLE COLLEGE                      ,IL,62246-1199,Private      ,147,172,319,1678,527,2205
00168500,HEBREW THEOLOGICAL COLLEGE              ,IL,60077-3263,Private      ,143,11,154,459,24,483
00168800,ILLINOIS COLLEGE                        ,IL,62650-2299,Private      ,82,36,118,1983,209,2192
00168900,ILLINOIS COLLEGE OF OPTOMETRY           ,IL,60616-3878,Private      ,2,194,196,37,670,707
00169100,ILLINOIS INSTITUTE OF TECHNOLOGY        ,IL,60616-0000,Private      ,343,629,972,3612,2329,5941
00169103,CHICAGO KENT COLLEGE OF LAW             ,IL,60661-0000,Private      ,12,384,396,71,1800,1871
00169200,ILLINOIS STATE UNIVERSITY               ,IL,61790-1000,Public       ,2466,991,3457,23240,4710,27950
00169300,NORTHEASTERN ILLINOIS UNIV              ,IL,60625-4699,Public       ,1077,2090,3167,7947,7451,15398
00169400,CHICAGO STATE UNIVERSITY                ,IL,60628-1598,Public       ,883,2766,3649,6367,10593,16960
00169600,ILLINOIS WESLEYAN UNIVERSITY            ,IL,61701-0000,Private      ,204,56,260,3460,198,3658
00169800,JOHN MARSHALL LAW SCHOOL                ,IL,60604-0000,Private      ,12,545,557,76,2222,2298
00169900,JOLIET JUNIOR COLLEGE                   ,IL,60431-8938,Public       ,2177,2407,4584,6909,5811,12720
00170000,JUDSON UNIVERSITY                       ,IL,60123-1498,Private      ,191,187,378,1127,647,1774
00170100,KASKASKIA COLLEGE                       ,IL,62801-7878,Public       ,390,685,1075,1352,1557,2909
00170300,KENDALL COLLEGE                         ,IL,60622-4278,Proprietary  ,198,458,656,1085,1795,2880
00170400,KNOX COLLEGE                            ,IL,61401-4999,Private      ,92,16,108,2512,140,2652
00170500,ILLINOIS VALLEY COMMUNITY COLLEGE       ,IL,61348-9692,Public       ,325,387,712,1418,1333,2751
00170600,LAKE FOREST COLLEGE                     ,IL,60045-2399,Private      ,197,44,241,2662,213,2875
00170700,LEWIS UNIVERSITY                        ,IL,60446-2200,Private      ,740,1042,1782,5719,3116,8835
00170800,LINCOLN CHRISTIAN UNIVERSITY            ,IL,62656-2167,Private      ,69,158,227,430,536,966
00170900,LINCOLN COLLEGE                         ,IL,62656-1699,Private      ,138,134,272,1235,631,1866
00171000,LOYOLA UNIVERSITY CHICAGO               ,IL,60626-0000,Private      ,1541,2447,3988,17566,10871,28437
00171200,LUTHERAN SCHOOL OF THEOL AT CHICAGO     ,IL,60615-0000,Private      ,1,25,26,7,88,95
00171600,MACCORMAC COLLEGE                       ,IL,60602-4405,Private      ,8,42,50,75,197,272
00171700,MACMURRAY COLLEGE                       ,IL,62650-2590,Private      ,82,48,130,939,260,1199
00172100,MCCORMICK THEOLOGICAL SEMINARY          ,IL,60615-5108,Private      ,2,52,54,6,136,142
00172200,MCKENDREE UNIVERSITY                    ,IL,62254-1299,Private      ,241,370,611,1828,1186,3014
00172300,MEADVILLE LOMBARD THEOLOGICAL SCHOOL    ,IL,60637-1602,Private      ,1,8,9,7,72,79
00172400,MILLIKIN UNIVERSITY                     ,IL,62522-2084,Private      ,247,201,448,3270,860,4130
00172500,MONMOUTH COLLEGE                        ,IL,61462-1963,Private      ,87,24,111,2464,219,2683
00172700,MOODY BIBLE INSTITUTE                   ,IL,60610-3214,Private      ,772,650,1422,1930,1395,3325
00172800,MORTON COLLEGE                          ,IL,60804-4398,Public       ,701,691,1392,2454,1692,4146
00173200,NATIONAL UNIV OF HEALTH SCIENCES        ,IL,60148-4583,Private      ,15,441,456,47,820,867
00173300,NATIONAL-LOUIS UNIVERSITY               ,IL,60603-3032,Private      ,71,1724,1795,473,4633,5106
00173400,NORTH CENTRAL COLLEGE                   ,IL,60540-4690,Private      ,297,254,551,4382,886,5268
00173500,NORTH PARK UNIVERSITY                   ,IL,60625-4895,Private      ,336,439,775,3230,1672,4902
00173600,NORTHERN BAPTIST THEOL SEMINARY         ,IL,60148-0000,Private      ,1,24,25,1,66,67
00173700,NORTHERN ILLINOIS UNIVERSITY            ,IL,60115-2854,Public       ,2837,2418,5255,24053,9625,33678
00173900,NORTHWESTERN UNIV                       ,IL,60208-0001,Private      ,1774,2633,4407,20770,9266,30036
00174100,OLIVET NAZARENE UNIVERSITY              ,IL,60914-2271,Private      ,403,843,1246,3798,2145,5943
00174200,IL EASTERN COMM COLGS-OLNEY CENTRAL     ,IL,62450-1099,Public       ,132,216,348,545,525,1070
00174500,QUINCY UNIVERSITY                       ,IL,62301-2699,Private      ,226,198,424,1720,626,2346
00174600,ROBERT MORRIS UNIVERSITY ILLINOIS       ,IL,60605-1225,Private      ,703,1078,1781,5855,4711,10566
00174700,ROCK VALLEY COLLEGE                     ,IL,61114-5699,Public       ,1085,1531,2616,3288,3961,7249
00174800,ROCKFORD COLLEGE                        ,IL,61108-2393,Private      ,170,300,470,1267,1117,2384
00174900,ROOSEVELT UNIVERSITY                    ,IL,60605-1394,Private      ,731,1684,2415,5861,6562,12423
00175000,DOMINICAN UNIVERSITY                    ,IL,60305-1066,Private      ,273,551,824,3690,1580,5270
00175200,SAUK VALLEY COMMUNITY COLLEGE           ,IL,61021-9112,Public       ,303,334,637,973,866,1839
00175300,SCHOOL OF ART INSTITUTE OF CHICAGO      ,IL,60603-3013,Private      ,552,403,955,4484,2306,6790
00175600,SHIMER COLLEGE                          ,IL,60616-3893,Private      ,19,17,36,89,59,148
00175700,SOUTHEASTERN ILLINOIS COLLEGE           ,IL,62946-4925,Public       ,177,227,404,655,605,1260
00175800,SOUTHERN ILL UNIV-CARBONDALE            ,IL,62901-0000,Public       ,2024,2165,4189,17930,7810,25740
00175900,SOUTHERN ILL UNIV-EDWARDSVILLE          ,IL,62026-1060,Public       ,2000,1560,3560,13640,5466,19106
00175924,SO IL UNIV-SCHL OF DENTAL MEDICINE      ,IL,62002-0000,Public       ,1,76,77,13,175,188
00176500,UNIVERSITY OF ST MARY OF THE LAKE       ,IL,60060-0000,Private      ,1,3,4,6,11,17
00176700,BENEDICTINE UNIVERSITY                  ,IL,60532-0900,Private      ,398,1246,1644,3892,3616,7508
00176800,ST XAVIER UNIVERSITY                    ,IL,60655-3199,Private      ,422,807,1229,6260,3146,9406
00176900,SOUTH SUBURBAN COLLEGE                  ,IL,60473-9978,Public       ,784,1640,2424,2575,4541,7116
00177100,TRINITY CHRISTIAN COLLEGE               ,IL,60463-0929,Private      ,132,188,320,1355,846,2201
00177200,TRINITY INTERNATIONAL UNIVERSITY        ,IL,60015-1283,Private      ,137,304,441,922,860,1782
00177300,TRITON COLLEGE                          ,IL,60171-1995,Public       ,857,1301,2158,3857,3791,7648
00177400,UNIVERSITY OF CHICAGO                   ,IL,60637-1476,Private      ,1528,790,2318,21070,4101,25171
00177401,UNIV OF CHICAGO PRITZKER SCH OF MED     ,IL,60637-0000,Private      ,6,145,151,86,625,711
00177403,"UNIV OF CHICAGO, BOOTH SCH OF BUS       ",IL,60637-0000,Private      ,24,467,491,158,1038,1196
00177405,UNIVERSITY OF CHICAGO GRADUATE          ,IL,60637-0000,Private      ,15,908,923,131,4428,4559
00177500,UNIV OF ILLINOIS @ URBANA-CHAMPAIGN     ,IL,61820-5796,Public       ,2348,1569,3917,32826,8572,41398
00177600,UNIV OF ILLINOIS AT CHICAGO             ,IL,60607-0000,Public       ,2915,4100,7015,27841,18519,46360
00177800,VANDERCOOK COLLEGE OF MUSIC             ,IL,60616-3731,Private      ,13,22,35,190,101,291
00177900,IL EASTERN COMM COLGS-WABASH VALLEY     ,IL,62863-2699,Public       ,101,132,233,424,304,728
00178000,WESTERN ILLINOIS UNIVERSITY             ,IL,61455-1390,Public       ,1765,1285,3050,13368,4216,17584
00178100,WHEATON COLLEGE                         ,IL,60187-5535,Private      ,511,193,704,2923,530,3453
00178300,WORSHAM COLLEGE OF MORTUARY SCIENCE     ,IL,60090-2646,Proprietary  ,27,44,71,68,123,191
00396100,HARPER COLLEGE                          ,IL,60067-7398,Public       ,1443,1537,2980,4951,3639,8590
00456000,GEM CITY COLLEGE                        ,IL,62301-4949,Proprietary  ,3,16,19,15,43,58
00456800,MIDSTATE COLLEGE                        ,IL,61614-3558,Proprietary  ,28,185,213,108,719,827
00621400,BLESSING RIEMAN COLLEGE OF NURSING      ,IL,62301-0000,Private      ,25,49,74,167,194,361
00621401,BLESSING HOSPITAL - SCHOOL OF MEDICAL LA,IL,62305-7005,Private      ,0,12,12,15,29,44
00621402,BLESSING HOSPITAL - SCHOOL OF RADIOLOGIC,IL,62305-7005,Private      ,2,9,11,28,34,62
00622500,TRINITY COLLEGE OF NURSING AND HEALTH SC,IL,61201-5317,Private      ,22,78,100,123,242,365
00622800,METHODIST MED CTR OF ILL SCH NRSNG      ,IL,61636-0000,Private      ,66,113,179,329,569,898
00624000,ST FRANCIS MED CLG OF NRSG              ,IL,61603-3783,Private      ,66,127,193,386,576,962
00638500,CHAMBERLAIN COLLEGE OF NURSING          ,IL,60101-0000,Proprietary  ,737,6691,7428,2149,14910,17059
00665600,COLLEGE OF DUPAGE                       ,IL,60137-6599,Public       ,2901,3179,6080,10056,7904,17960
00675300,ILLINOIS CENTRAL COLLEGE                ,IL,61635-0001,Public       ,1075,1566,2641,3985,3902,7887
00693100,WAUBONSEE COMMUNITY COLLEGE             ,IL,60554-0000,Public       ,841,1045,1886,3129,3272,6401
00711800,PARKLAND COLLEGE                        ,IL,61821-1899,Public       ,1066,1220,2286,4324,3016,7340
00711900,REND LAKE COLLEGE                       ,IL,62846-9801,Public       ,338,470,808,1078,1112,2190
00717000,LINCOLN LAND COMMUNITY COLLEGE          ,IL,62794-9256,Public       ,755,1350,2105,2674,3362,6036
00726500,CARL SANDBURG COLLEGE                   ,IL,61401-9576,Public       ,188,364,552,967,1200,2167
00730307,LINCOLN COLLEGE OF TECHNOLOGY - MELROSE ,IL,60160-1605,Proprietary  ,296,286,582,590,468,1058
00750103,VATTEROTT COLLEGE - FAIRVIEW HEIGHTS    ,IL,62208-2029,Proprietary  ,83,313,396,108,422,530
00754900,COYNE AMERICAN INSTITUTE                ,IL,60607-1300,Proprietary  ,161,586,747,344,970,1314
00764400,LAKE LAND COLLEGE                       ,IL,61938-9366,Public       ,525,719,1244,2150,1730,3880
00768400,KISHWAUKEE COLLEGE                      ,IL,60150-9699,Public       ,584,572,1156,2077,1820,3897
00769000,KANKAKEE COMMUNITY COLLEGE              ,IL,60901-6505,Public       ,436,875,1311,1380,2027,3407
00769100,MCHENRY COUNTY COLLEGE                  ,IL,60012-2761,Public       ,667,692,1359,2109,1886,3995
00769200,MORAINE VALLEY COMMUNITY COLLEGE        ,IL,60465-0937,Public       ,1880,1741,3621,6849,4830,11679
00769300,SHAWNEE COMMUNITY COLLEGE               ,IL,62992-9725,Public       ,140,275,415,564,628,1192
00769400,COLLEGE OF LAKE COUNTY                  ,IL,60030-1198,Public       ,1083,1581,2664,3843,3765,7608
00793700,MS ROBERTS ACADEMY OF BEAUTY CULT       ,IL,60181-2930,Proprietary  ,3,21,24,10,39,49
00807600,JOHN A LOGAN COLLEGE                    ,IL,62918-2500,Public       ,537,830,1367,1725,1894,3619
00809003,EVEREST COLLEGE - BEDFORD PARK          ,IL,60629-5819,Proprietary  ,97,361,458,172,599,771
00814604,EVEREST UNIVERSITY - EVEREST  COLLEGE   ,IL,60803-4517,Proprietary  ,41,189,230,104,381,485
00825900,EDUCATORS OF BEAUTY                     ,IL,61081-3611,Proprietary  ,21,45,66,43,67,110
00825901,EDUCATORS OF BEAUTY                     ,IL,61104-0000,Proprietary  ,11,40,51,53,85,138
00832800,ALVAREITA'S COLLEGE OF COSMETOLOGY      ,IL,62025-2041,Proprietary  ,20,45,65,46,72,118
00854500,ROCKFORD CAREER  COLLEGE                ,IL,61108-3900,Proprietary  ,123,492,615,257,858,1115
00869402,RASMUSSEN COLLEGE - ROCKFORD            ,IL,61108-2513,Proprietary  ,112,606,718,229,1105,1334
00869403,RASMUSSEN COLLEGE - AURORA              ,IL,60506-6219,Proprietary  ,48,283,331,107,528,635
00869404,RASMUSSEN COLLEGE - ROMEOVILLE          ,IL,60446-0000,Proprietary  ,99,378,477,167,638,805
00869418,RASMUSSEN COLLEGE -  MOKENA             ,IL,60448-0000,Proprietary  ,27,223,250,49,371,420
00888000,MORRISON INSTITUTE OF TECHNOLOGY        ,IL,61270-2959,Private      ,25,9,34,134,28,162
00893800,GRAHAM HOSPITAL SCH OF NURSING          ,IL,61520-2497,Private      ,6,24,30,32,114,146
00893900,CANNELLA SCHOOL OF HAIR DESIGN          ,IL,60406-2130,Proprietary  ,7,34,41,20,64,84
00914500,GOVERNORS STATE UNIVERSITY              ,IL,60466-0975,Public       ,371,1928,2299,1474,6248,7722
00923200,CATHOLIC THEOLOGICAL UNION              ,IL,60615-0000,Private      ,1,10,11,5,59,64
00933300,UNIV OF ILLINOIS AT SPRINGFIELD         ,IL,62703-5407,Public       ,371,842,1213,2751,2931,5682
00947500,EDUCATORS OF BEAUTY                     ,IL,61301-2404,Proprietary  ,12,5,17,21,14,35
00959500,CANNELLA SCHOOL OF HAIR DESIGN          ,IL,60617-4303,Proprietary  ,21,75,96,76,158,234
00976700,OLIVE-HARVEY COLLEGE                    ,IL,60628-1696,Public       ,466,1215,1681,1894,4198,6092
00978600,IL EASTERN COMM COLGS-LINCOLN TRAIL     ,IL,62454-5708,Public       ,66,118,184,297,295,592
00980000,RUSH UNIVERSITY                         ,IL,60612-3806,Private      ,59,931,990,420,3192,3612
00989600,OAKTON COMMUNITY COLLEGE                ,IL,60016-1268,Public       ,933,1027,1960,3635,2675,6310
00998700,SAINT ANTHONY COLLEGE OF NURSING        ,IL,61108-2468,Private      ,29,120,149,190,423,613
01002000,LEWIS AND CLARK COMMUNITY COLLEGE       ,IL,62035-2466,Public       ,621,862,1483,1871,2027,3898
01050100,LAKEVIEW  COLLEGE OF NURSING            ,IL,61832-3781,Private      ,40,85,125,217,282,499
01069500,TRI-COUNTY BEAUTY ACADEMY               ,IL,62056-2036,Proprietary  ,10,12,22,17,23,40
01071000,CAPITAL AREA SCH OF PRAC NRSG           ,IL,62707-0000,Public       ,33,220,253,98,498,596
01072700,DEVRY UNIVERSITY                        ,IL,60618-5994,Proprietary  ,4177,27409,31586,10824,64259,75083
01083600,PIVOT POINT INTNL CSMTLGY RSRCH CTR     ,IL,60626-0000,Proprietary  ,69,139,208,295,363,658
01087900,RICHLAND COMMUNITY COLLEGE              ,IL,62521-8513,Public       ,268,690,958,890,1655,2545
01151002,EVEREST INSTITUTE - EVEREST COLLEGE     ,IL,60542-1610,Proprietary  ,53,173,226,131,374,505
01181000,TAYLOR BUSINESS INSTITUTE               ,IL,60606-5111,Proprietary  ,7,66,73,23,138,161
01185800,EVEREST COLLEGE                         ,IL,60077-1074,Proprietary  ,61,152,213,127,301,428
01185802,EVEREST COLLEGE - BURR RIDGE            ,IL,60527-7826,Proprietary  ,43,126,169,77,221,298
01185803,EVEREST COLLEGE - MELROSE PARK          ,IL,60160-1526,Proprietary  ,86,271,357,179,449,628
01236200,NORTHWESTERN COLLEGE                    ,IL,60630-2298,Proprietary  ,197,590,787,1949,2957,4906
01238500,BLOOMINGTON-NORMAL SCH RADIOGRAPHY      ,IL,61761-4604,Private      ,7,21,28,32,53,85
01258400,ILLINOIS INSTITUTE OF ART (THE)         ,IL,60654-1593,Proprietary  ,1146,1042,2188,4757,3303,8060
01281300,JOHN WOOD COMMUNITY COLLEGE             ,IL,62305-0401,Public       ,197,307,504,966,956,1922
01308700,CAPRI GARFIELD RIDGE SCH OF BTY CLR     ,IL,60629-1613,Proprietary  ,16,58,74,68,162,230
01308800,CAPRI OAK FOREST COLLEGE OF BEAUTY      ,IL,60452-2798,Proprietary  ,39,52,91,94,115,209
02055200,HARRINGTON COLLEGE OF DESIGN            ,IL,60606-3433,Proprietary  ,85,167,252,299,410,709
02068100,ADLER SCH OF PROFESSIONAL PSYCHLGY      ,IL,60601-0000,Private      ,31,638,669,128,1573,1701
02069300,VATTEROTT COLLEGE                       ,IL,62305-5938,Proprietary  ,35,153,188,80,274,354
02073200,TELSHE YESHIVA-CHICAGO                  ,IL,60625-0000,Private      ,3,4,7,26,8,34
02074400,IL EASTERN COMM COLGS-FRONTIER          ,IL,62837-0000,Public       ,42,98,140,162,240,402
02075400,KELLER GRADUATE SCHOOL OF MGMT.         ,IL,60515-5683,Proprietary  ,11,6050,6061,54,12661,12715
02113600,AMERICAN INTERCONTINENTAL UNIVERSITY    ,IL,60192-3713,Proprietary  ,446,8331,8777,742,14722,15464
02117400,BECK AREA CAREER CENTER                 ,IL,62278-0000,Public       ,11,68,79,19,138,157
02124400,UNIVERSITY OF SPA & COSMETOLOGY ART     ,IL,62704-0000,Proprietary  ,48,65,113,99,152,251
02150600,COSMETOLOGY AND SPA INSTITUTE (THE)     ,IL,60014-4003,Proprietary  ,29,50,79,59,114,173
02155300,THE CHICAGO SCHOOL OF PROF PSYCHOLOGY   ,IL,60610-4705,Private      ,27,1773,1800,97,4608,4705
02160300,INTERNATIONAL ACAD OF DESIGN & TECH     ,IL,60602-3319,Proprietary  ,105,192,297,317,435,752
02160304,INTERNATIONAL ACADEMY OF DESIGN AND TECH,IL,60173-5160,Proprietary  ,32,76,108,113,162,275
02168600,EAST WEST UNIVERSITY                    ,IL,60605-0000,Private      ,98,225,323,823,1204,2027
02179900,ARGOSY UNIVERSITY                       ,IL,60601-7757,Proprietary  ,1756,10180,11936,6424,21999,28423
02185400,ST AUGUSTINE COLLEGE                    ,IL,60640-0000,Private      ,59,236,295,594,1760,2354
02192400,MR JOHNS SCHOOL OF COSMETOLOGY          ,IL,62521-0000,Proprietary  ,13,39,52,20,62,82
02202600,CANNELLA SCHOOL OF HAIR DESIGN          ,IL,60181-1321,Proprietary  ,5,50,55,13,62,75
02214100,RESURRECTION UNIVERSITY                 ,IL,60302-2519,Private      ,35,247,282,227,764,991
02228100,MAC DANIEL'S BEAUTY SCHOOL              ,IL,60640-0000,Proprietary  ,7,33,40,44,73,117
02261200,HAIR PROFESSIONALS ACAD COSMETOLOGY     ,IL,60118-0000,Proprietary  ,21,75,96,26,102,128
02261201,HAIR PROFESSIONALS ACADEMY OF COSMETOLOG,IL,60118-9333,Proprietary  ,3,5,8,6,12,18
02262100,HAIR PROFESSIONALS SCH COSMETOLOGY      ,IL,60543-0000,Proprietary  ,9,29,38,20,50,70
02291200,CANNELLA SCHOOL OF HAIR DESIGN          ,IL,60639-0000,Proprietary  ,20,65,85,96,135,231
02295500,CANNELLA SCHOOL OF HAIR DESIGN          ,IL,60120-0000,Proprietary  ,15,51,66,26,66,92
02297500,OEHRLEIN SCHOOL OF COSMETOLOGY          ,IL,61611-0000,Proprietary  ,29,30,59,53,69,122
02312300,LA' JAMES COLLEGE HAIRSTYLING           ,IL,61244-0000,Proprietary  ,8,15,23,17,45,62
02313900,WESTWOOD COLLEGE - O'HARE AIRPORT       ,IL,60631-2801,Proprietary  ,90,221,311,235,527,762
02317300,CONCEPT COLLEGE OF COSMETOLOGY          ,IL,61832-0000,Proprietary  ,16,45,61,38,85,123
02319200,LAKE FOREST GRAD SCHL OF MGMT           ,IL,60045-4824,Private      ,0,83,83,2,150,152
02323300,PROFESSIONAL'S CHOICE HAIR DSN ACAD     ,IL,60435-0000,Proprietary  ,12,43,55,34,83,117
02332200,HAIR PROFESSIONALS CAREER COLLEGE       ,IL,60178-0000,Proprietary  ,10,27,37,17,48,65
02349400,ALVAREITA'S COLLEGE OF COSMETOLOGY      ,IL,62035-0000,Proprietary  ,9,28,37,28,57,85
02349500,CANNELLA SCHOOL OF HAIR DESIGN          ,IL,60632-0000,Proprietary  ,27,111,138,108,191,299
02352200,LE CORDON BLEU COLLEGE OF CULINARY ARTS ,IL,60610-3050,Proprietary  ,197,500,697,715,1223,1938
02498200,G SKIN & BEAUTY INSTITUTE               ,IL,60523-1805,Proprietary  ,33,103,136,65,151,216
02498201,HAIR PROFESSIONALS ACADEMY OF COSMETOLOG,IL,60563-0000,Proprietary  ,3,16,19,17,39,56
02522800,FOX COLLEGE                             ,IL,60453-0000,Proprietary  ,90,118,208,444,444,888
02527600,LEXINGTON COLLEGE                       ,IL,60607-0000,Private      ,12,29,41,84,71,155
02536700,BELL MAR BEAUTY COLLEGE                 ,IL,60650-0000,Proprietary  ,6,21,27,19,48,67
02556100,ENVIRONMENTAL TECHNICAL INSTITUTE       ,IL,60143-0000,Proprietary  ,21,95,116,46,148,194
02556600,NILES SCHOOL OF COSMETOLOGY             ,IL,60714-0000,Proprietary  ,9,17,26,15,24,39
02573700,INSTITUTE FOR CLINICAL SOCIAL WORK      ,IL,60605-1229,Private      ,7,80,87,45,219,264
02579200,INGALLS MEMORIAL HOSPITAL               ,IL,60426-0000,Private      ,0,0,0,2,20,22
02584900,"FIRST INSTITUTE, INC.                   ",IL,60014-7489,Proprietary  ,46,127,173,64,184,248
02587700,HAIR PROFESSIONALS CAREER COLLEGE       ,IL,60465-1929,Proprietary  ,7,35,42,22,63,85
02599500,HANOVER PARK COLLEGE OF BEAUTY CULT     ,IL,60133-5421,Proprietary  ,20,37,57,28,54,82
02622700,KNOWLEDGE SYSTEMS INSTITUTE             ,IL,60076-0000,Private      ,0,2,2,1,8,9
03002000,HAIRMASTERS INST OF COSMETOLOGY         ,IL,61701-5547,Proprietary  ,16,32,48,30,53,83
03027702,PACIFIC COLLEGE OF ORIENTAL MEDICINE - C,IL,60613-4418,Proprietary  ,16,79,95,40,216,256
03065300,TREND SETTERS COLL OF COSMETOLOGY       ,IL,60915-0000,Proprietary  ,77,90,167,115,146,261
03072701,WESTWOOD COLLEGE OF TECHNOLOGY          ,IL,60409-0000,Proprietary  ,58,179,237,152,492,644
03072702,WESTWOOD COLLEGE OF TECHNOLOGY          ,IL,60602-0000,Proprietary  ,96,406,502,295,863,1158
03078400,CAMEO BEAUTY ACADEMY                    ,IL,60453-3196,Proprietary  ,11,28,39,32,52,84
03079200,WESTWOOD COLLEGE - DUPAGE               ,IL,60517-2321,Proprietary  ,59,145,204,190,480,670
03082900,ROSEL SCHOOL OF COSMETOLOGY             ,IL,60659-1913,Proprietary  ,14,56,70,43,82,125
03083800,HEARTLAND COMMUNITY COLLEGE             ,IL,61761-9446,Public       ,500,608,1108,2178,1840,4018
03098000,ST JOHN'S COLLEGE OF NURSING            ,IL,62702-5321,Private      ,34,50,84,186,231,417
03098002,ST JOHN'S HOSP SCH MED TECH             ,IL,62769-5324,Private      ,7,27,34,28,85,113
03099700,CAIN'S BARBER COLLEGE                   ,IL,60615-3510,Proprietary  ,31,119,150,112,294,406
03099800,ILLINOIS SCHOOL OF HEALTH CAREERS       ,IL,60604-0000,Proprietary  ,118,382,500,384,936,1320
03101800,ILLINOIS CENTER FOR BROADCASTING        ,IL,60148-7015,Proprietary  ,44,121,165,103,212,315
03128500,NATIONAL LATINO EDUCATION INSTITUTE     ,IL,60609-2205,Private      ,17,39,56,56,95,151
03199300,CHRISTIAN LIFE COLLEGE                  ,IL,60056-2522,Private      ,10,10,20,18,16,34
03368300,MIDWEST TECHNICAL INSTITUTE             ,IL,62707-8805,Proprietary  ,297,920,1217,537,1577,2114
03416300,COMPUTER SYSTEMS INSTITUTE              ,IL,60077-0000,Proprietary  ,105,394,499,203,607,810
03448300,BUSINESS INDUSTRIAL RESOURCES           ,IL,60659-1298,Proprietary  ,131,1552,1683,249,2192,2441
03455700,CORTIVA INSTITUTE - CHICAGO             ,IL,60602-3315,Proprietary  ,62,148,210,129,258,387
03455701,CORTIVA INSTITUTE - CHICAGO             ,IL,60014-6285,Proprietary  ,5,9,14,11,33,44
03490301,PAUL MITCHELL THE SCHOOL CHICAGO        ,IL,60607-0000,Proprietary  ,111,156,267,131,189,320
03510300,ERIKSON INSTITUTE                       ,IL,60654-4510,Private      ,1,62,63,7,309,316
03643300,"MR. JOHN'S SCHOOL OF JACKSONVILLE,  INC,",IL,62650-3488,Proprietary  ,6,16,22,14,24,38
03655300,ILLINOIS CAREERPATH INSTITUTE           ,IL,60610-4705,Private      ,5,35,40,34,105,139
03684300,NORTHSHORE UNIVERSITY HEALTHSYSTEM SCHOO,IL,60201-9872,Private      ,3,11,14,9,40,49
03881400,EUROPEAN MASSAGE THERAPY SCHOOL         ,IL,60077-2269,Proprietary  ,7,52,59,13,88,101
03891300,SOMA INSTITUTE - THE NATIONAL SCHOOL OF ,IL,60604-4466,Proprietary  ,14,35,49,34,84,118
03914300,"CALC, INSTITUTE OF TECHNOLOGY           ",IL,62002-5931,Proprietary  ,24,99,123,33,144,177
04117500,SOLEX MEDICAL ACADEMY                   ,IL,60090-3104,Proprietary  ,3,6,9,4,21,25
04117600,LARRY'S BARBER COLLEGE                  ,IL,60628-2322,Proprietary  ,30,126,156,130,356,486
04118400,ZAREM /GOLDE ORT TECHNICAL INSTITUTE    ,IL,60077-3210,Private      ,8,69,77,18,115,133
04124700,AMERICARE INSTITUTE                     ,IL,60133-5456,Proprietary  ,20,156,176,46,299,345
04136900,UNIVERSITY OF AESTHETICS (THE)          ,IL,60622-2151,Proprietary  ,3,32,35,19,59,78
04137000,UNIVERSITY OF AESTHETICS (THE)          ,IL,60515-5602,Proprietary  ,9,12,21,13,26,39
04137500,TRICOCI UNIVERSITY OF BEAUTY CULTURE    ,IL,60656-1805,Proprietary  ,47,86,133,234,280,514
04139000,MIDWESTERN CAREER COLLEGE               ,IL,60606-3103,Proprietary  ,29,202,231,88,483,571
04141000,AVEDA INSTITUTE CHICAGO                 ,IL,60647-0000,Proprietary  ,46,103,149,209,319,528
04147100,TRICOCI UNIVERSITY OF BEAUTY CULTURE    ,IL,60048-2906,Proprietary  ,35,27,62,79,76,155
04147200,TRICOCI UNIVERSITY OF BEAUTY CULTURE    ,IL,60455-1824,Proprietary  ,28,48,76,88,127,215
04147300,TRICOCI UNIVERSITY OF BEAUTY CULTURE    ,IL,60139-3119,Proprietary  ,40,36,76,95,95,190
04147400,TRICOCI UNIVERSITY OF BEAUTY CULTURE    ,IL,61614-4831,Proprietary  ,26,52,78,61,110,171
04147500,TRICOCI UNIVERSITY OF BEAUTY CULTURE    ,IL,61108-2337,Proprietary  ,30,53,83,82,132,214
04160600,PAUL MITCHELL THE SCHOOL NORMAL         ,IL,61761-0000,Proprietary  ,31,29,60,140,122,262
04167800,INNOVATIONS DESIGN ACADEMY              ,IL,61520-2625,Proprietary  ,12,31,43,16,51,67
04168500,SOLEX COLLEGE                           ,IL,60090-3192,Proprietary  ,3,27,30,7,53,60
04170800,UNITY COSMETOLOGY COLLEGE               ,IL,61764-9652,Proprietary  ,11,15,26,20,29,49
04171600,SALON PROFESSIONAL ACADEMY OF ELGIN (THE,IL,60123-2319,Proprietary  ,12,23,35,16,34,50
04172200,NORTHWESTERN INSTITUTE OF HEALTH AND TEC,IL,60640-4785,Private      ,32,173,205,210,577,787
04174900,SKIN CARE AND SPA INSTITUTE             ,IL,60077-2200,Proprietary  ,7,62,69,9,79,88
04175000,UNIVERSAL SPA TRAINING ACADEMY          ,IL,60515-0000,Proprietary  ,4,22,26,14,47,61
04175800,J RENEE CAREER FACILITATION             ,IL,60014-7986,Proprietary  ,7,43,50,13,81,94
04179100,PCCTI  IT & HEALTHCARE                  ,IL,60523-0000,Proprietary  ,11,136,147,30,347,377
04179101,PCCTI  IT & HEALTHCARE -                ,IL,60606-0000,Proprietary  ,7,72,79,22,165,187
04186000,CHICAGO SCHOOL FOR PIANO TECHNOLOGY (THE,IL,60612-1630,Private      ,1,16,17,15,43,58
04187400,COSMETOLOGY CONCEPTS                    ,IL,60452-2501,Proprietary  ,30,80,110,76,146,222
04189200,SALON PROFESSIONAL ACADEMY (THE)        ,IL,60404-8789,Proprietary  ,9,20,29,18,59,77
04189400,SHEAR LEARNING ACADEMY OF COSMETOLOGY   ,IL,62523-1208,Proprietary  ,12,17,29,21,31,52
04189600,STATE CAREER SCHOOL                     ,IL,60085-5129,Proprietary  ,11,39,50,35,83,118
04192000,CURVE METRIC SCHOOL OF HAIR DESIGN      ,IL,60707-1118,Proprietary  ,7,13,20,8,17,25
04195600,TRIBECA FLASHPOINT MEDIA ARTS ACADEMY   ,IL,60602-2716,Proprietary  ,205,118,323,205,118,323
00195100,ALICE LLOYD COLLEGE                     ,KY,41844-9703,Private      ,65,53,118,1242,236,1478
00195200,ASBURY COLLEGE                          ,KY,40390-1198,Private      ,196,193,389,1671,597,2268
00195300,ASBURY THEOLOGICAL SEMINARY             ,KY,40390-0000,Private      ,4,193,197,33,1230,1263
00195400,BELLARMINE UNIVERSITY                   ,KY,40205-1877,Private      ,316,571,887,5023,1827,6850
00195500,BEREA COLLEGE                           ,KY,40403-0000,Private      ,186,146,332,3120,826,3946
00195800,BRESCIA UNIVERSITY                      ,KY,42301-3023,Private      ,98,254,352,1052,768,1820
00195900,CAMPBELLSVILLE UNIVERSITY               ,KY,42718-2799,Private      ,232,394,626,2786,1451,4237
00196000,SPALDING UNIVERSITY                     ,KY,40203-2188,Private      ,205,701,906,1386,2638,4024
00196100,CENTRE COLLEGE                          ,KY,40422-1394,Private      ,98,41,139,2584,119,2703
00196200,UNIVERSITY OF THE CUMBERLANDS           ,KY,40769-1372,Private      ,192,1182,1374,2742,2431,5173
00196300,EASTERN KENTUCKY UNIVERSITY             ,KY,40475-3102,Public       ,1922,2692,4614,12823,8603,21426
00196400,GEORGETOWN COLLEGE                      ,KY,40324-1628,Private      ,170,174,344,2135,528,2663
00196500,KENTUCKY CHRISTIAN UNIVERSITY           ,KY,41143-2205,Private      ,154,65,219,808,195,1003
00196800,KENTUCKY STATE UNIVERSITY               ,KY,40601-2355,Public       ,635,539,1174,3451,1766,5217
00196900,KENTUCKY WESLEYAN COLLEGE               ,KY,42301-6057,Private      ,123,83,206,1189,351,1540
00197100,LEXINGTON THEOLOGICAL SEMINARY          ,KY,40508-0000,Private      ,2,36,38,8,86,94
00197200,LINDSEY WILSON COLLEGE                  ,KY,42728-1223,Private      ,177,395,572,3102,1567,4669
00197400,LOUISVILLE PRESBYTERIAN THEOL SEM       ,KY,40205-0000,Private      ,0,81,81,8,166,174
00197500,MIDWAY COLLEGE                          ,KY,40347-1120,Private      ,74,402,476,608,1608,2216
00197600,MOREHEAD STATE UNIVERSITY               ,KY,40351-1689,Public       ,1262,1481,2743,8143,4301,12444
00197700,MURRAY STATE UNIVERSITY                 ,KY,42071-0009,Public       ,1309,1289,2598,7818,3704,11522
00197900,WEST KENTUCKY CMNTY & TECHNICAL COLG    ,KY,42002-7380,Public       ,395,1187,1582,1861,3489,5350
00198000,UNIVERSITY OF PIKEVILLE                 ,KY,41501-1194,Private      ,203,237,440,2285,1246,3531
00198300,ST. CATHARINE COLLEGE                   ,KY,40061-9499,Private      ,73,76,149,745,385,1130
00198700,TRANSYLVANIA UNIVERSITY                 ,KY,40508-1797,Private      ,101,70,171,2063,264,2327
00198800,UNION COLLEGE                           ,KY,40906-1499,Private      ,151,212,363,1355,613,1968
00198900,UNIVERSITY OF KENTUCKY                  ,KY,40506-0054,Public       ,2772,2472,5244,23497,9080,32577
00198901,UNIV OF KY-COLLEGE OF DENTISTRY         ,KY,40536-0000,Public       ,2,117,119,45,278,323
00198902,UNIV OF KY-COLLEGE OF MEDICINE          ,KY,40536-0000,Public       ,15,182,197,138,589,727
00199000,ASHLAND COMMUNITY AND TECHNICAL COLLEGE ,KY,41101-3683,Public       ,316,873,1189,1169,2073,3242
00199100,ELIZABETHTOWN COMMUNITY  AND TECHNICAL C,KY,42701-3081,Public       ,562,1598,2160,2181,4162,6343
00199300,HENDERSON COMMUNITY COLLEGE             ,KY,42420-4699,Public       ,135,406,541,491,1135,1626
00199400,HOPKINSVILLE COMMUNITY COLLEGE          ,KY,42241-2621,Public       ,346,1164,1510,905,2825,3730
00199600,BIG SANDY COMMUNITY AND TECHNICAL COLG  ,KY,41653-1815,Public       ,441,860,1301,1840,2299,4139
00199700,SOMERSET COMMUNITY COLLEGE              ,KY,42501-2973,Public       ,649,2005,2654,2706,5400,8106
00199800,SOUTHEAST KENTUCKY COMMUNITY AND TECHNIC,KY,40823-1099,Public       ,252,616,868,1069,1555,2624
00199900,UNIVERSITY OF LOUISVILLE                ,KY,40292-0000,Public       ,2265,3514,5779,16013,11767,27780
00200100,THOMAS MORE COLLEGE                     ,KY,41017-3495,Private      ,155,190,345,1492,563,2055
00200200,WESTERN KENTUCKY UNIVERSITY             ,KY,42101-3576,Public       ,2654,2700,5354,15350,8183,23533
00461800,SPENCERIAN COLLEGE                      ,KY,40216-2605,Proprietary  ,120,460,580,547,1257,1804
00461900,SULLIVAN UNIVERSITY                     ,KY,40205-3000,Proprietary  ,394,1404,1798,1860,4706,6566
00493402,DAYMAR COLLEGE - BOWLING GREEN          ,KY,42101-4063,Proprietary  ,48,146,194,107,347,454
00493403,DAYMAR COLLEGE - CLINTON                ,KY,42031-9998,Proprietary  ,0,17,17,1,31,32
00493406,DAYMAR COLLEGE - RUSSELLVILLE           ,KY,42276-1622,Proprietary  ,8,18,26,16,82,98
00524400,BLUEGRASS COMMUNITY & TECHNICAL COLLEGE ,KY,40506-0235,Public       ,1381,3038,4419,5089,8085,13174
00527100,BOWLING GREEN TECHNICAL COLLEGE         ,KY,42101-3601,Public       ,443,1063,1506,1613,2966,4579
00527300,GATEWAY COMMUNITY & TECHNOLOGY COLL     ,KY,41011-0000,Public       ,361,1240,1601,1178,3064,4242
00696000,MAYSVILLE CMNTY & TECHNCL COLG          ,KY,41056-8910,Public       ,278,868,1146,1092,2259,3351
00696100,JEFFERSON COMMUNITY AND TECHNICAL COLLEG,KY,40202-2005,Public       ,1557,4011,5568,5915,11439,17354
00696200,HAZARD COMMUNITY COLLEGE                ,KY,41701-2402,Public       ,248,640,888,1291,1923,3214
00696203,KY TECH-KNOTT CO. TECHNOLOGY CTR        ,KY,41822-0000,Public       ,3,7,10,10,16,26
00696204,KY TECH-LESLIE COUNTY AREA TECH CTR     ,KY,41749-0000,Public       ,3,5,8,5,14,19
00696205,KY TECH-LEE COUNTY AREA TECH CTR        ,KY,41311-0000,Public       ,1,6,7,5,12,17
00696206,KY TECH-LETCHER CNTY AREA TECH CTR      ,KY,41858-0000,Public       ,4,16,20,24,49,73
00696207,KY TECH-BREATHITT COUNTY VOC ED CTR     ,KY,41339-0000,Public       ,8,21,29,31,55,86
00736205,MEDTECH COLLEGE - LEXINGTON             ,KY,40511-1200,Proprietary  ,35,251,286,100,519,619
00842500,DAYMAR COLLEGE                          ,KY,42001-0000,Proprietary  ,14,84,98,42,234,276
00901000,MADISONVILLE COMMUNITY COLLEGE          ,KY,42431-9199,Public       ,284,706,990,965,1792,2757
00927500,NORTHERN KENTUCKY UNIVERSITY            ,KY,41099-0001,Public       ,2142,2603,4745,10024,6379,16403
00931300,DAYMAR COLLEGE                          ,KY,42301-5830,Proprietary  ,35,401,436,108,1048,1156
00931302,DAYMAR COLLEGE - LOUISVILLE             ,KY,40219-1973,Proprietary  ,25,141,166,99,444,543
00931304,DAYMAR COLLEGE - ALBANY                 ,KY,42602-1235,Proprietary  ,1,4,5,4,10,14
00931305,DAYMAR COLLEGE - BELLEVUE               ,KY,41073-2416,Proprietary  ,7,25,32,17,55,72
00931308,DAYMAR COLLEGE -  SCOTTSVILLE           ,KY,42164-1505,Proprietary  ,5,16,21,7,37,44
00931309,DAYMAR COLLEGE - LOUISVILLE EAST        ,KY,40245-1629,Proprietary  ,11,63,74,38,198,236
00931310,DAYMAR COLLEGE -  MADISONVILLE          ,KY,42431-0000,Proprietary  ,6,41,47,15,117,132
01042400,SALON PROFESSIONAL ACADEMY THE          ,KY,40502-0000,Proprietary  ,39,111,150,91,226,317
01048901,NATIONAL COLLEGE - FLORENCE CAMPUS      ,KY,41042-1812,Proprietary  ,11,83,94,26,233,259
01048902,NATIONAL COLLEGE - PIKEVILLE CAMPUS     ,KY,41501-1518,Proprietary  ,31,125,156,148,390,538
01048903,NATIONAL COLLEGE - DANVILLE CAMPUS      ,KY,40422-1517,Proprietary  ,13,74,87,52,257,309
01048904,NATIONAL COLLEGE - RICHMOND CAMPUS      ,KY,40475-2309,Proprietary  ,14,117,131,55,356,411
01048906,NATIONAL COLLEGE - LOUISVILLE CAMPUS    ,KY,40216-4147,Proprietary  ,24,214,238,90,651,741
01048907,NATIONAL COLLEGE - LEXINGTON CAMPUS     ,KY,40509-2256,Proprietary  ,15,193,208,90,646,736
01172500,COLLINS SCHOOL OF COSMETOLOGY           ,KY,40965-2809,Proprietary  ,11,24,35,23,48,71
01208800,SULLIVAN COLLEGE OF TECHNOLOGY AND DESIG,KY,40218-4528,Proprietary  ,98,213,311,471,663,1134
01212801,SOUTHWESTERN COLLEGE                    ,KY,41042-1466,Proprietary  ,38,142,180,69,235,304
01272300,KY TECH-WAYNE COUNTY AREA TECH CTR      ,KY,42633-1088,Public       ,1,2,3,2,5,7
01291400,EMPIRE BEAUTY SCHOOL                    ,KY,40218-0000,Proprietary  ,39,172,211,100,294,394
01291500,EMPIRE BEAUTY SCHOOL                    ,KY,41042-5113,Proprietary  ,27,94,121,63,174,237
01291600,EMPIRE BEAUTY SCHOOL                    ,KY,40216-4212,Proprietary  ,22,62,84,56,156,212
01291700,EMPIRE BEAUTY SCHOOL                    ,KY,40160-0000,Proprietary  ,37,85,122,66,146,212
01296800,EMPIRE BEAUTY SCHOOL                    ,KY,40207-2695,Proprietary  ,25,68,93,58,127,185
02159100,"APPALACHIAN BEAUTY SCHOOL, INC.         ",KY,41503-0000,Proprietary  ,6,13,19,32,41,73
02177100,EMPIRE BEAUTY SCHOOL                    ,KY,40204-0000,Proprietary  ,15,74,89,52,144,196
02251500,TREND SETTERS ACAD OF BEAUTY CULT       ,KY,40258-0000,Proprietary  ,12,72,84,39,147,186
02275000,JENNY LEA ACADEMY OF COSMETOLOGY        ,KY,40831-0000,Proprietary  ,26,92,118,61,178,239
02284306,INTERACTIVE LEARNING SYSTEMS            ,KY,41042-0000,Proprietary  ,5,27,32,10,50,60
02323700,PAT WILSON'S BEAUTY COLLEGE             ,KY,42420-0000,Proprietary  ,4,34,38,9,57,66
02337200,PJ'S COLLEGE OF COSMETOLOGY             ,KY,42101-0000,Proprietary  ,40,133,173,88,303,391
02340800,PAUL MITCHELL THE SCHOOL LEXINGTON      ,KY,40514-1545,Proprietary  ,51,125,176,162,262,424
02351700,PAUL MITCHELL THE SCHOOL - LOUISVILLE   ,KY,40222-0000,Proprietary  ,55,107,162,161,247,408
02491100,BECKFIELD COLLEGE                       ,KY,41042-0000,Proprietary  ,95,792,887,193,1539,1732
02518900,BARRETT & COMPANY SCH HAIR DESIGN       ,KY,40356-0000,Proprietary  ,9,62,71,30,115,145
02526100,JENNY LEA ACADEMY OF COSMETOLOGY        ,KY,41858-0000,Proprietary  ,9,19,28,21,43,64
02535600,CLEAR CREEK BAPTIST BIBLE COLLEGE       ,KY,40977-0000,Private      ,14,55,69,33,93,126
02551100,PJ'S COLLEGE OF COSMETOLOGY             ,KY,42141-2434,Proprietary  ,10,36,46,21,62,83
02560800,SOUTHEAST SCHOOL OF COSMETOLOGY         ,KY,40962-0000,Proprietary  ,4,27,31,13,48,61
02576200,MID-CONTINENT UNIVERSITY                ,KY,42066-9007,Private      ,84,410,494,411,3114,3525
03002100,KENTUCKY MOUNTAIN BIBLE COLLEGE         ,KY,41385-0010,Private      ,16,12,28,40,29,69
03007000,FRONTIER SCH OF MIDWIFERY&FAMILY NU     ,KY,41749-0000,Private      ,3,628,631,10,1284,1294
03026200,HEAD'S WEST KENTUCKY BEAUTY COLLEGE     ,KY,42431-0000,Proprietary  ,7,34,41,18,56,74
03029200,NU-TEK ACADEMY OF BEAUTY                ,KY,40353-9767,Proprietary  ,6,28,34,18,44,62
03034500,OWENSBORO COMMUNITY & TECHNICAL COLLEGE ,KY,42303-1899,Public       ,338,876,1214,1466,2274,3740
03083700,GALEN HEALTH INSTITUTES                 ,KY,40207-1047,Proprietary  ,285,1917,2202,694,4220,4914
03103500,MR JIM'S BEAUTY COLLEGE                 ,KY,42301-2646,Proprietary  ,4,13,17,20,40,60
03516500,EZELL'S COSMETOLOGY SCHOOL              ,KY,42071-2530,Proprietary  ,10,25,35,28,65,93
03611300,BRIGHTON CENTER'S CENTER FOR EMPLOY     ,KY,41071-1968,Private      ,4,18,22,6,32,38
03804300,BELLEFONTE ACADEMY OF BEAUTY            ,KY,41169-2015,Proprietary  ,5,64,69,11,100,111
03885300,EMPLOYMENT SOLUTIONS                    ,KY,40517-3260,Private      ,22,166,188,51,290,341
03886300,REGENCY SCHOOL OF HAIR DESIGN           ,KY,41653-1278,Proprietary  ,3,34,37,20,61,81
04038300,ATA CAREER EDUCATION                    ,KY,40223-3832,Proprietary  ,73,304,377,158,724,882
04051316,ART INSTITUTE OF PHOENIX (THE) - ATS - (,KY,41017-2136,Proprietary  ,41,142,183,94,453,547
04051319,ART INSTITUTE OF PHOENIX (THE) - BROWN M,KY,40219-1916,Proprietary  ,32,132,164,164,525,689
04051320,ART INSTITUTE OF PHOENIX (THE) - BROWN M,KY,42240-3579,Proprietary  ,18,45,63,48,176,224
04123900,LEXINGTON HEALING ARTS ACADEMY          ,KY,40503-1932,Proprietary  ,16,63,79,45,123,168
04177600,LINDSEY INSTITUTE OF COSMETOLOGY        ,KY,42103-8036,Proprietary  ,15,51,66,58,93,151
04177700,TRI-STATE INSTITUTE OF HAIR DESIGN      ,KY,40744-5234,Proprietary  ,12,31,43,24,65,89
04178000,SIMMONS COLLEGE OF KENTUCKY             ,KY,40203-3322,Private      ,7,41,48,26,112,138
00200300,CENTENARY COLLEGE OF LOUISIANA          ,LA,71104-3396,Private      ,367,144,511,867,242,1109
00200400,DILLARD UNIVERSITY                      ,LA,70122-3097,Private      ,777,489,1266,2371,1056,3427
00200500,NICHOLLS STATE UNIVERSITY               ,LA,70310-0001,Public       ,2957,1367,4324,5638,2369,8007
00200600,GRAMBLING STATE UNIVERSITY              ,LA,71245-2215,Public       ,2081,1654,3735,5224,3068,8292
00200700,LOUISIANA COLLEGE                       ,LA,71359-0000,Private      ,601,331,932,1196,540,1736
00200800,LOUISIANA TECH UNIVERSITY               ,LA,71272-0001,Public       ,3777,1403,5180,7038,2453,9491
00201000,LOUISIANA STATE UNIV & A&M COLG         ,LA,70803-5710,Public       ,10286,3636,13922,24217,7346,31563
00201100,LOUISIANA STATE UNIV-ALEXANDRIA         ,LA,71302-9121,Public       ,763,669,1432,1699,1506,3205
00201200,LOUISIANA STATE UNIV-EUNICE             ,LA,70535-6726,Public       ,1120,765,1885,1978,1484,3462
00201300,LOUISIANA STATE UNIV-SHREVEPORT         ,LA,71115-2399,Public       ,1370,1558,2928,2548,2713,5261
00201400,LA STATE UNIV HEALTH SCIENCES CTR       ,LA,70112-2223,Public       ,349,1287,1636,608,2318,2926
00201500,(THE) UNIVERSITY OF NEW ORLEANS         ,LA,70148-0001,Public       ,3045,3075,6120,6063,5595,11658
00201600,LOYOLA UNIVERSITY NEW ORLEANS           ,LA,70118-6195,Private      ,1268,1186,2454,4858,2460,7318
00201700,MCNEESE STATE UNIVERSITY                ,LA,70609-4510,Public       ,2685,1804,4489,4982,3018,8000
00201900,NEW ORLEANS BAPTIST THEOL SEMINARY      ,LA,70126-0000,Private      ,19,102,121,44,189,233
00202000,UNIVERSITY OF LOUISIANA AT MONROE       ,LA,71209-9001,Public       ,3152,2184,5336,6529,3932,10461
00202100,NORTHWESTERN STATE UNIVERSITY           ,LA,71497-0001,Public       ,2814,2557,5371,5393,4305,9698
00202200,NOTRE DAME SEMINARY                     ,LA,70118-0000,Private      ,4,11,15,14,28,42
00202300,OUR LADY OF HOLY CROSS COLLEGE          ,LA,70131-7399,Private      ,265,619,884,512,1019,1531
00202400,SOUTHEASTERN LOUISIANA UNIV             ,LA,70402-0001,Public       ,5416,2542,7958,9923,4285,14208
00202500,SOUTHERN UNIVERSITY A & M COLLEGE       ,LA,70813-9374,Public       ,3271,3031,6302,6690,5307,11997
00202600,SOUTHERN UNIV NEW ORLEANS               ,LA,70126-0002,Public       ,1036,2017,3053,1929,3373,5302
00202700,ST JOSEPH SEMINARY COLLEGE              ,LA,70457-9990,Private      ,19,5,24,29,9,38
00202900,TULANE UNIVERSITY                       ,LA,70118-5698,Private      ,1603,2336,3939,11538,6566,18104
00203100,UNIV OF LOUISIANA AT LAFAYETTE          ,LA,70504-0001,Public       ,6709,2788,9497,12890,4981,17871
00203200,XAVIER UNIVERSITY OF LOUISIANA          ,LA,70125-1098,Private      ,1329,861,2190,4581,1669,6250
00462100,AYERS CAREER COLLEGE                    ,LA,71108-5845,Proprietary  ,23,164,187,48,280,328
00462500,DELGADO COMMUNITY COLLEGE               ,LA,70119-0000,Public       ,3812,7131,10943,6248,12355,18603
00546700,SOWELA TECHNICAL COMMUNITY COLLEGE      ,LA,70616-6950,Public       ,684,878,1562,1075,1367,2442
00546702,SOWELA TECHNICAL COMMUNITY COLLEGE - MOR,LA,70546-1327,Public       ,36,60,96,65,98,163
00547100,NORTHEAST LOUISIANA TECHNICAL COLLEGE   ,LA,71292-9064,Public       ,138,293,431,233,490,723
00547101,NORTHEAST LOUISIANA TECHNICAL COLLEGE   ,LA,71241-0000,Public       ,3,6,9,5,9,14
00547102,NORTHEAST LOUISIANA TECHNICAL COLLEGE   ,LA,71270-0000,Public       ,72,136,208,125,228,353
00547103,NORTHEAST LOUISIANA TECHNICAL COLLEGE   ,LA,71295-0000,Public       ,35,65,100,52,127,179
00547104,NORTHEAST LOUISIANA TECHNICAL COLLEGE   ,LA,71220-0000,Public       ,29,64,93,45,115,160
00548800,LOUISIANA TECH COLG-BATON ROUGE         ,LA,70807-0000,Public       ,236,476,712,424,778,1202
00548812,LOUISIANA TECH COLG-FOLKES CAMPUS       ,LA,70748-0000,Public       ,7,18,25,11,34,45
00548817,LOUISIANA TEC CLG-JUMONVILLE MEM CP     ,LA,70760-0000,Public       ,10,15,25,17,35,52
00548842,LOUISIANA TECHNICAL COLLEGE - WESTSIDE C,LA,70765-0733,Public       ,12,36,48,20,59,79
00548900,CENTRAL LOUISIANA TECHNICAL COLLEGE     ,LA,71302-3137,Public       ,101,185,286,153,352,505
00548901,CENTRAL LOUISIANA TECHNICAL COLLEGE     ,LA,71327-3743,Public       ,26,49,75,45,81,126
00548902,CENTRAL LOUISIANA TECHNICAL COLLEGE     ,LA,71483-3563,Public       ,49,96,145,67,157,224
00548903,CENTRAL LOUISIANA TECHNICAL COLLEGE     ,LA,71302-6511,Public       ,30,126,156,58,205,263
00548904,CENTRAL LOUISIANA TECHNICAL COLLEGE     ,LA,71463-3536,Public       ,25,35,60,54,53,107
00548905,CENTRAL LOUISIANA TECHNICAL COLLEGE     ,LA,71334-2232,Public       ,20,77,97,47,131,178
00552600,SOUTH CENTRAL LOUISIANA TECHNICAL COLG  ,LA,70381-2148,Public       ,43,93,136,74,210,284
00552602,SOUTH CENTRAL LOUISIANA TECHNICAL COLG  ,LA,70302-4336,Public       ,41,91,132,76,153,229
00552603,SOUTH CENTRAL LOUISIANA TECHNICAL COLG  ,LA,70084-6632,Public       ,155,183,338,218,304,522
00576100,L. E. FLETCHER TECHNICAL COMMUNITY COLLE,LA,70360-2863,Public       ,521,601,1122,866,1017,1883
00675600,NORTHSHORE TECHNICAL COLLEGE            ,LA,70427-5866,Public       ,108,239,347,168,396,564
00675603,NORTHSHORE TECHNICAL COLLEGE - HAMMOND  ,LA,70401-0000,Public       ,194,321,515,331,578,909
00675604,NORTHSHORE TECHNICAL COLLEGE - FLORIDA  ,LA,70441-0000,Public       ,101,105,206,142,156,298
00768600,SOUTHERN UNIV AT SHREVEPORT/BOSSIER     ,LA,71107-4795,Public       ,672,1207,1879,1187,2076,3263
00777707,REMINGTON COLLEGE - CLEVELAND CAMPUS - L,LA,70508-5760,Private      ,49,84,133,102,180,282
00777708,REMINGTON COLLEGE - CLEVELAND CAMPUS - B,LA,70816-4040,Private      ,94,196,290,146,357,503
00806700,LSU HEALTH SCIENCES CENTR-SHREVEPOR     ,LA,71130-3932,Public       ,127,539,666,285,985,1270
00989800,DEMMON SCHOOL OF BEAUTY                 ,LA,70607-2128,Proprietary  ,17,44,61,24,68,92
00997500,NORTHWEST LOUISIANA TECHNICAL COLLEGE   ,LA,71055-2422,Public       ,79,160,239,121,273,394
00997503,NORTHWEST LOUISIANA TECHNICAL COLLEGE   ,LA,71137-8527,Public       ,124,374,498,210,662,872
00997504,NORTHWEST LOUISIANA TECHNICAL COLLEGE   ,LA,71052-1236,Public       ,37,71,108,45,95,140
00997505,NORTHWEST LOUISIANA TECHNICAL COLLEGE   ,LA,71449-0790,Public       ,5,36,41,11,57,68
00997506,NORTHWEST LOUISIANA TECHNICAL COLLEGE   ,LA,71458-0657,Public       ,66,113,179,134,197,331
01005701,AMERICAN COMMERCIAL COLLEGE             ,LA,71105-2502,Proprietary  ,0,0,0,6,22,28
01109700,CLOYD'S BEAUTY SCHOOL #1                ,LA,71291-3131,Proprietary  ,14,37,51,33,77,110
01163100,"D-JAY'S SCHL OF BEAUTY, ARTS & SCI      ",LA,70806-0000,Proprietary  ,27,57,84,45,110,155
01184100,JOHN JAY BEAUTY COLLEGE                 ,LA,70124-2592,Proprietary  ,42,86,128,89,168,257
01282300,PAT GOINS RUSTON BEAUTY SCHOOL          ,LA,71270-4301,Proprietary  ,9,9,18,14,28,42
01287900,PAT GOINS BENTON ROAD BEAUTY SCHOOL     ,LA,71111-4838,Proprietary  ,7,24,31,13,46,59
01288000,PAT GOINS BEAUTY SCHOOL                 ,LA,71201-5167,Proprietary  ,11,23,34,24,46,70
02055400,BOSSIER PARISH COMMUNITY COLLEGE        ,LA,71111-0000,Public       ,1627,2603,4230,2474,4165,6639
02055500,DELTA SCH OF BUSINESS & TECHNOLOGY      ,LA,70601-0000,Proprietary  ,52,171,223,79,255,334
02117800,AVEDA INSTITUTE LAFAYETTE               ,LA,70503-3246,Proprietary  ,74,77,151,130,132,262
02166100,NUNEZ COMMUNITY COLLEGE                 ,LA,70043-0000,Public       ,265,663,928,449,1120,1569
02166200,ITI TECHNICAL COLLEGE                   ,LA,70817-0000,Proprietary  ,225,338,563,354,545,899
02197500,BATON ROUGE SCHOOL OF COMPUTERS         ,LA,70809-8188,Proprietary  ,20,55,75,40,104,144
02214800,ACADIANA TECHNICAL COLLEGE              ,LA,70506-4109,Public       ,212,378,590,367,695,1062
02214802,ACADIANA TECHNICAL COLLEGE - ACADIAN    ,LA,70526-4109,Public       ,41,89,130,72,153,225
02214803,ACADIANA TECHNICAL COLLEGE - C.B. COREIL,LA,70586-0000,Public       ,31,63,94,62,108,170
02214804,ACADIANA TECHNICAL COLLEGE - EVANGELINE ,LA,70582-0000,Public       ,14,67,81,24,102,126
02214805,ACADIANA TECHNICAL COLLEGE - GULF AREA  ,LA,70510-0000,Public       ,58,100,158,93,192,285
02214806,ACADIANA TECHNICAL COLLEGE - T.H. HARRIS,LA,70570-0000,Public       ,106,196,302,188,339,527
02214807,ACADIANA TECHNICAL COLLEGE - TECHE AREA ,LA,70562-0000,Public       ,101,129,230,167,230,397
02234000,CAMERON COLLEGE                         ,LA,70119-0000,Proprietary  ,33,101,134,58,176,234
02258400,AVEDA INSTITUTE BATON ROUGE             ,LA,70816-2246,Proprietary  ,144,150,294,215,230,445
02260200,DIESEL DRIVING ACADEMY                  ,LA,71109-5617,Proprietary  ,26,142,168,33,196,229
02265600,JOHN JAY KENNER ACADEMY                 ,LA,70062-0000,Proprietary  ,13,44,57,19,61,80
02269300,STEVENSON'S ACADEMY OF HAIR DESIGN      ,LA,70116-0000,Proprietary  ,30,84,114,58,159,217
02327800,PINEVILLE BEAUTY SCHOOL                 ,LA,71360-0000,Proprietary  ,28,50,78,36,75,111
02335700,BATON ROUGE GENERAL MEDICAL CENTER      ,LA,70806-3889,Private      ,38,77,115,72,139,211
02335701,BATON ROUGE GEN MED CTR SCH NSG         ,LA,70821-0000,Private      ,40,149,189,79,241,320
02335702,BATON ROUGE GEN MED CTR-RAD TECH        ,LA,70806-0000,Private      ,29,55,84,52,103,155
02338000,"CLOYD'S BEAUTY SCHOOL #2, INC           ",LA,71202-3539,Proprietary  ,18,31,49,37,85,122
02352500,"CLOYD'S BEAUTY SCHOOL #3, INC           ",LA,71201-3211,Proprietary  ,15,34,49,32,85,117
02358600,"STAGE ONE THE HAIR SCHOOL, INC.         ",LA,70605-0000,Proprietary  ,48,61,109,77,106,183
02518300,SOUTH LOUISIANA BEAUTY COLLEGE          ,LA,70363-0000,Proprietary  ,15,23,38,26,40,66
02536400,LOUISIANA ACADEMY OF BEAUTY             ,LA,70535-0000,Proprietary  ,12,21,33,22,43,65
02538300,DELTA COLLEGE OF ARTS & TECH INC        ,LA,70806-1529,Proprietary  ,100,347,447,154,508,662
02538301,DELTA COLLEGE OF ARTS & TECHNOLOGY - LAF,LA,70508-6831,Proprietary  ,50,167,217,93,293,386
02548500,COSMETOLOGY TRAINING CENTER             ,LA,70503-0000,Proprietary  ,51,59,110,73,93,166
02554800,VANGUARD COLLEGE OF COSMETOLOGY         ,LA,70458-8823,Proprietary  ,116,105,221,151,156,307
02582200,"GUY'S ACADEMY HAIR, SKIN & NAILS        ",LA,71105-2404,Proprietary  ,13,64,77,32,123,155
02600900,AVEDA INSTITUTE                         ,LA,70433-2922,Proprietary  ,460,668,1128,736,1152,1888
02601000,AMERICAN SCHOOL OF BUSINESS             ,LA,71105-5646,Proprietary  ,12,51,63,25,85,110
02601100,OPELOUSAS SCHOOL OF COSMETOLOGY         ,LA,70570-6156,Proprietary  ,6,19,25,12,39,51
02606800,CAREER TRAINING SPECIALISTS             ,LA,71201-6046,Proprietary  ,127,383,510,187,652,839
02606801,CAREER TECHNICAL COLLEGE - SHREVEPORT   ,LA,71105-2405,Proprietary  ,75,320,395,130,473,603
02617100,BATON ROUGE COLLEGE                     ,LA,70806-1725,Proprietary  ,82,91,173,147,200,347
02619200,DENHAM SPRINGS BEAUTY COLLEGE           ,LA,70726-3829,Proprietary  ,28,27,55,43,53,96
03010400,CRESCENT CITY SCH GAMING & BARTENDG     ,LA,70119-5507,Proprietary  ,27,218,245,40,329,369
03010624,VIRGINIA COLLEGE - BATON ROUGE          ,LA,70815-8604,Proprietary  ,49,181,230,97,368,465
03023500,CAMELOT CAREER COLLEGE                  ,LA,70805-7539,Proprietary  ,23,78,101,42,146,188
03030900,DIESEL DRIVING ACADEMY                  ,LA,70815-8109,Proprietary  ,21,172,193,27,252,279
03095100,GRETNA CAREER COLLEGE                   ,LA,70053-2436,Proprietary  ,0,0,0,6,13,19
03106200,OUR LADY OF THE LAKE COLLEGE            ,LA,70808-4345,Private      ,540,831,1371,1042,1576,2618
03253300,JONESVILLE BEAUTY SCHOOL                ,LA,71343-0000,Proprietary  ,20,28,48,32,52,84
03294300,BLUE CLIFF SCH THERAPEUTIC MASSAGE      ,LA,70002-3458,Proprietary  ,148,580,728,185,727,912
03294303,BLUE CLIFF COLLEGE - LAFAYETTE          ,LA,70508-3256,Proprietary  ,121,329,450,201,550,751
03294306,BLUE CLIFF COLLEGE - SHREVEPORT         ,LA,71105-6520,Proprietary  ,67,349,416,111,502,613
03332600,DELTA COLLEGE                           ,LA,70433-9042,Proprietary  ,70,207,277,133,344,477
03332601,DELTA COLLEGE - SLIDELL                 ,LA,70460-2624,Proprietary  ,78,180,258,116,324,440
03356300,MEDICAL TRAINING COLLEGE                ,LA,70816-5820,Proprietary  ,49,163,212,93,287,380
03480300,MEDVANCE INSTITUTE                      ,LA,70809-1908,Proprietary  ,69,197,266,96,303,399
03498400,OMEGA INSTITUTE OF COSMETOLOGY          ,LA,70360-0000,Proprietary  ,41,32,73,59,49,108
03727500,MOORE CAREER COLLEGE                    ,LA,70808-4191,Proprietary  ,6,24,30,10,44,54
03730300,BATON ROUGE COMMUNITY COLLEGE           ,LA,78806-4129,Public       ,2588,2704,5292,4227,4511,8738
03752400,SCHOOL OF URBAN MISSIONS                ,LA,70053-0000,Private      ,75,126,201,107,204,311
03789300,UNITECH TRAINING ACADEMY                ,LA,70503-5132,Proprietary  ,52,129,181,92,201,293
03789301,UNITECH TRAINING ACADEMY - WEST MONROE  ,LA,71291-2913,Proprietary  ,33,131,164,54,193,247
03789302,UNITECH TRAINING ACADEMY - HOUMA        ,LA,70363-5556,Proprietary  ,40,50,90,58,86,144
03789303,UNITECH TRAINING ACADEMY -  ALEXANDRIA  ,LA,71303-3625,Proprietary  ,39,118,157,53,176,229
03789304,UNITECH TRAINING ACADEMY - LAKE CHARLES ,LA,70601-7887,Proprietary  ,44,85,129,64,127,191
03789400,RIVER PARISHES COMMUNITY COLLEGE        ,LA,70778-0310,Public       ,402,430,832,669,717,1386
03810500,COURT REPORTING INSTITUTE OF LOUISI     ,LA,70816-0000,Proprietary  ,3,32,35,6,59,65
03956300,SOUTH LOUISIANA COMMUNITY COLLEGE       ,LA,70506-0000,Public       ,1327,1327,2654,2094,2191,4285
04040300,COMPASS CAREER COLLEGE                  ,LA,70403-0653,Proprietary  ,60,115,175,88,184,272
04112300,LOUISIANA CULINARY INSTITUTE            ,LA,70816-4109,Proprietary  ,105,142,247,220,251,471
04120700,ALDEN'S SCHOOL OF COSMETOLOGY           ,LA,70714-1502,Proprietary  ,0,0,0,1,0,1
04130100,LOUISIANA DELTA COMMUNITY COLLEGE       ,LA,71203-3618,Public       ,861,1209,2070,1448,2030,3478
04130101,LOUISIANA TECHNICAL COLG - TALLULAH     ,LA,71284-0000,Public       ,21,34,55,38,64,102
04149500,A & W HEALTHCARE EDUCATORS              ,LA,70122-3146,Proprietary  ,24,156,180,45,271,316
04151600,MY-LE'S BEAUTY COLLEGE                  ,LA,70056-3150,Proprietary  ,5,20,25,10,47,57
04217000,HEALTHCARE TRAINING INSTITUTE           ,LA,70062-7630,Proprietary  ,12,40,52,20,80,100
00143600,CAPITOL COLLEGE                         ,MD,20708-9759,Private      ,68,172,240,422,466,888
00146200,WASHINGTON BIBLE COLLEGE                ,MD,20706-3599,Private      ,0,0,0,14,65,79
00205700,ALLEGANY COLLEGE OF MARYLAND            ,MD,21502-2596,Public       ,548,601,1149,2287,1664,3951
00205800,ANNE ARUNDEL COMMUNITY COLLEGE          ,MD,21012-1895,Public       ,969,2181,3150,4279,6613,10892
00206100,BALTIMORE CITY COMMUNITY COLLEGE        ,MD,21215-7893,Public       ,729,2449,3178,3402,7388,10790
00206200,BOWIE STATE UNIVERSITY                  ,MD,20715-9465,Public       ,1042,1468,2510,7070,5218,12288
00206300,COMMUNITY COLLEGE OF BALTIMORE COUNTY   ,MD,21228-5381,Public       ,1971,4488,6459,8217,12831,21048
00206400,COLLEGE OF SOUTHERN MARYLAND            ,MD,20646-0910,Public       ,834,1374,2208,3273,3814,7087
00206500,NOTRE DAME OF MARYLAND UNIVERSITY       ,MD,21210-2476,Private      ,97,440,537,1126,1972,3098
00206700,WASHINGTON ADVENTIST UNIVERSITY         ,MD,20912-7796,Private      ,212,292,504,829,962,1791
00206800,COPPIN STATE UNIVERSITY                 ,MD,21216-3698,Public       ,582,1263,1845,4238,4931,9169
00207100,FREDERICK COMMUNITY COLLEGE             ,MD,21702-9745,Public       ,501,815,1316,1909,2237,4146
00207200,FROSTBURG STATE UNIVERSITY              ,MD,21532-1099,Public       ,559,366,925,6367,1602,7969
00207300,GOUCHER COLLEGE                         ,MD,21204-2794,Private      ,318,251,569,3119,836,3955
00207400,HAGERSTOWN COMMUNITY COLLEGE            ,MD,21742-6514,Public       ,465,816,1281,1767,2346,4113
00207500,HARFORD COMMUNITY COLLEGE               ,MD,21015-1696,Public       ,572,915,1487,1904,2257,4161
00207600,HOOD COLLEGE                            ,MD,21701-8575,Private      ,188,227,415,2245,796,3041
00207700,JOHNS HOPKINS UNIVERSITY                ,MD,21218-2693,Private      ,470,557,1027,9272,2164,11436
00207702,JOHNS HOPKINS UNIV SCH ARTS/SCI/ENG     ,MD,21218-0000,Private      ,709,618,1327,4176,1675,5851
00207703,JOHNS HOPKINS UNIV SCH OF BUS/ED        ,MD,21046-0000,Private      ,14,540,554,71,1288,1359
00207705,JOHNS HOPKINS BLOOMBERG SCH OF PH       ,MD,21205-0000,Private      ,10,364,374,78,1513,1591
00207706,JOHNS HOPKINS UNIV SCH OF MEDICINE      ,MD,21205-0000,Private      ,58,152,210,314,1108,1422
00207707,JOHNS HOPKINS UNIV SCH OF NURSING       ,MD,21205-0000,Private      ,64,361,425,384,1489,1873
00207708,JOHNS HOPKINS UNIV PEABODY CONSERV      ,MD,21202-2397,Private      ,37,86,123,558,456,1014
00207800,LOYOLA UNIVERSITY MARYLAND              ,MD,21210-2699,Private      ,715,718,1433,9785,2441,12226
00208000,MARYLAND INST COLLEGE OF ART            ,MD,21217-4191,Private      ,282,193,475,2972,970,3942
00208300,MORGAN STATE UNIVERSITY                 ,MD,21251-0002,Public       ,1614,1749,3363,9776,6213,15989
00208600,MOUNT SAINT MARY'S UNIVERSITY           ,MD,21727-7799,Private      ,246,131,377,3282,428,3710
00208700,NER ISRAEL RABBINICAL COLLEGE           ,MD,21208-1198,Private      ,17,8,25,87,32,119
00208900,PRINCE GEORGES COMMUNITY COLLEGE        ,MD,20774-2199,Public       ,1572,3436,5008,6078,9749,15827
00209100,SALISBURY UNIVERSITY                    ,MD,21801-6862,Public       ,1031,466,1497,11767,2233,14000
00209200,ST JOHN'S COLLEGE                       ,MD,21404-0000,Private      ,26,50,76,520,182,702
00209500,ST. MARY'S COLLEGE OF MARYLAND          ,MD,20686-3001,Public       ,134,70,204,2783,300,3083
00209600,ST MARY'S SEMINARY & UNIV               ,MD,21210-1994,Private      ,7,21,28,31,61,92
00209900,TOWSON UNIVERSITY                       ,MD,21252-0002,Public       ,1986,1787,3773,25158,8233,33391
00210200,UNIVERSITY OF BALTIMORE                 ,MD,21201-5779,Public       ,384,1743,2127,2205,6355,8560
00210300,"UNIVERSITY OF MARYLAND, COLLEGE PARK    ",MD,20742-5145,Public       ,2813,3207,6020,32386,12473,44859
00210400,"UNIVERSITY OF MARYLAND, BALTIMORE       ",MD,21201-1691,Public       ,526,2061,2587,4720,10622,15342
00210500,UMBC                                    ,MD,21250-0002,Public       ,923,1363,2286,11166,5687,16853
00210600,UNIVERSITY MARYLAND EASTERN SHORE       ,MD,21853-4053,Public       ,669,486,1155,5894,2163,8057
00210700,STEVENSON UNIVERSITY                    ,MD,21153-0641,Private      ,489,449,938,6447,1907,8354
00210800,WASHINGTON COLLEGE                      ,MD,21620-1197,Private      ,147,34,181,2768,154,2922
00210900,MCDANIEL COLLEGE                        ,MD,21157-4390,Private      ,164,196,360,3158,616,3774
00458612,KAPLAN COLLEGE                          ,MD,21742-2797,Proprietary  ,87,574,661,183,1248,1431
00458614,KAPLAN COLLEGE - FREDERICK              ,MD,21704-8307,Proprietary  ,10,92,102,38,255,293
00465000,CHESAPEAKE COLLEGE                      ,MD,21679-0008,Public       ,293,472,765,1112,1213,2325
00691100,MONTGOMERY COLLEGE                      ,MD,20850-1195,Public       ,2636,3278,5914,10161,9819,19980
00734100,INTERNATIONAL BEAUTY SCHOOL             ,MD,21502-2370,Proprietary  ,23,181,204,49,261,310
00744700,DEL-MAR-VA BEAUTY ACADEMY               ,MD,21804-0000,Proprietary  ,17,60,77,52,112,164
00749100,TESST COLLEGE OF TECHNOLOGY             ,MD,21227-1063,Proprietary  ,87,355,442,351,1042,1393
00793600,LINCOLN TECHNICAL INSTITUTE             ,MD,21046-1544,Proprietary  ,214,300,514,421,579,1000
00817500,HOWARD COMMUNITY COLLEGE                ,MD,21044-3197,Public       ,831,1305,2136,3510,3795,7305
00826300,AWARD BEAUTY SCHOOL                     ,MD,21740-5624,Proprietary  ,12,59,71,29,81,110
00830800,CECIL COLLEGE                           ,MD,21901-1999,Public       ,291,405,696,997,1135,2132
00907906,EVEREST COLLEGE- EVEREST INSTITUTE      ,MD,20910-3737,Proprietary  ,84,254,338,189,580,769
01001400,GARRETT COMMUNITY COLLEGE               ,MD,21541-1265,Public       ,184,81,265,957,303,1260
01031900,MEDIX SCHOOL                            ,MD,21204-2538,Proprietary  ,280,1239,1519,432,1902,2334
01041000,TESST COLLEGE OF TECHNOLOGY             ,MD,21286-2201,Proprietary  ,40,195,235,125,423,548
01164400,UNIV OF MARYLAND UNIVERSITY COLLEGE     ,MD,20783-8078,Public       ,584,10235,10819,2372,26749,29121
01164402,U OF MD UNIVERSITY COLLEGE - EUROPE     ,MD,20832-0000,Public       ,58,243,301,371,686,1057
01164404,U OF MD UNIVERSITY COLLEGE - ASIA       ,MD,31207-0000,Public       ,18,287,305,90,736,826
02073900,WOR-WIC COMMUNITY COLLEGE               ,MD,21804-0000,Public       ,287,627,914,1314,2001,3315
02083600,TESST COLLEGE OF TECHNOLOGY             ,MD,20705-2698,Proprietary  ,62,194,256,126,420,546
02116005,SANFORD-BROWN INSTITUTE - LANDOVER      ,MD,20785-2287,Proprietary  ,9,50,59,37,178,215
02127900,SOJOURNER DOUGLASS COLLEGE              ,MD,21205-0000,Private      ,56,623,679,227,2466,2693
02155100,MARYLAND COLLEGE OF ART AND DESIGN      ,MD,20902-0000,Private      ,26,51,77,153,154,307
02269700,"COLORLAB ACADEMY OF HAIR, THE           ",MD,21014-3639,Proprietary  ,13,33,46,27,67,94
02331000,MARYLAND BEAUTY ACADEMY OF ESSEX        ,MD,21221-0000,Proprietary  ,20,67,87,56,151,207
02333000,HAIR ACADEMY                            ,MD,20784-0000,Proprietary  ,29,116,145,72,172,244
02343800,MONTGOMERY BEAUTY SCHOOL                ,MD,20901-0000,Proprietary  ,24,59,83,75,122,197
02494700,BALTIMORE STUDIO OF HAIR DESIGN         ,MD,21201-0000,Proprietary  ,22,96,118,104,228,332
02495000,ROBERT PAUL ACAD COSMTGY ARTS & SCI     ,MD,21093-0000,Proprietary  ,21,31,52,55,56,111
02495100,MARYLAND BEAUTY ACADEMY                 ,MD,21136-0000,Proprietary  ,4,14,18,23,44,67
02545400,NORTH AMERICAN TRADE SCHOOLS            ,MD,21244-0069,Proprietary  ,50,297,347,169,740,909
02573800,"L' ACADEMIE DE CUISINE, INC.            ",MD,20877-0000,Proprietary  ,20,92,112,59,146,205
02578400,TAI SOPHIA INSTITUTE                    ,MD,20723-6010,Private      ,2,101,103,4,251,255
03027200,BLADES SCHOOL OF HAIR DESIGN            ,MD,20619-0226,Proprietary  ,7,53,60,19,88,107
03064900,AARON'S ACADEMY OF BEAUTY               ,MD,20602-2715,Proprietary  ,15,36,51,39,71,110
03097200,AESTHETICS INSTITUTE OF COSMETOLOGY     ,MD,20877-1305,Proprietary  ,9,29,38,18,56,74
03100700,CARROLL COMMUNITY COLLEGE               ,MD,21157-6913,Public       ,264,371,635,1138,1036,2174
03148300,AMERICAN BEAUTY ACADEMY                 ,MD,20902-1911,Proprietary  ,89,323,412,131,405,536
03296300,BALTIMORE SCHOOL OF MASSAGE             ,MD,21090-2261,Proprietary  ,37,138,175,90,246,336
03327300,NEW CREATIONS ACADEMY OF HAIR DSN       ,MD,20746-0000,Proprietary  ,15,58,73,36,100,136
03455500,NATIONAL LABOR COLLEGE                  ,MD,20903-1790,Private      ,2,137,139,10,295,305
03493300,ALL-STATE CAREER SCHOOL                 ,MD,21224-6658,Proprietary  ,147,712,859,338,1335,1673
03667300,FAITH THEOLOGICAL SEMINARY              ,MD,21212-2624,Private      ,3,35,38,7,91,98
03771300,AMERICAN CAREER INSTITUTE               ,MD,20902-4637,Proprietary  ,0,0,0,2,15,17
03822400,MAPLE SPRINGS BAPTIST BIBLE COLLEGE & SE,MD,20743-5711,Private      ,0,17,17,1,50,51
03937300,YESHIVA COLLEGE OF THE NATION'S CAPITAL ,MD,20902-1700,Private      ,1,11,12,6,20,26
03965500,HAIR EXPRESSIONS ACADEMY                ,MD,20852-1729,Proprietary  ,47,80,127,77,141,218
04139700,FREDERICK SCHOOL OF COSMETOLOGY         ,MD,21701-0000,Proprietary  ,10,17,27,40,57,97
04141600,OMEGA STUDIOS' SCHOOL OF APPLIED RECORDI,MD,20852-1731,Proprietary  ,22,36,58,52,97,149
04151800,TEMPLE (THE): A PAUL MITCHELL PARTNER SC,MD,21701-5409,Proprietary  ,57,67,124,111,126,237
04167602,FINGER LAKES SCHOOL OF MASSAGE (THE)    ,MD,21701-3030,Proprietary  ,4,9,13,4,9,13
04168900,HOLISTIC MASSAGE TRAINING INSTITUTE     ,MD,21218-2407,Proprietary  ,8,41,49,29,118,147
04188400,BAIS HAMEDRASH AND MESIVTA OF BALTIMORE ,MD,21209-1613,Private      ,2,6,8,41,16,57
04204000,ASPEN BEAUTY ACADEMY - LAUREL           ,MD,20724-2013,Proprietary  ,9,41,50,31,87,118
04209600,INSTITUTE OF HEALTH SCIENCES            ,MD,21031-1408,Proprietary  ,3,36,39,25,109,134
04211700,HARMON'S BEAUTY SCHOOL                  ,MD,20785-2135,Proprietary  ,7,11,18,24,44,68
00211400,AMERICAN INTERNATIONAL COLLEGE          ,MA,01109-3189,Private      ,431,1049,1480,2064,2350,4414
00211500,AMHERST COLLEGE                         ,MA,01002-5000,Private      ,405,74,479,4347,286,4633
00211600,ANDOVER NEWTON THEOLOGICAL SCHOOL       ,MA,02459-0000,Private      ,0,88,88,2,167,169
00211700,ANNA MARIA COLLEGE                      ,MA,01612-1198,Private      ,241,215,456,1898,543,2441
00211800,ASSUMPTION COLLEGE                      ,MA,01615-1294,Private      ,378,251,629,4828,794,5622
00212000,MERRIMACK COLLEGE                       ,MA,01845-5800,Private      ,600,189,789,5707,516,6223
00212100,BABSON COLLEGE                          ,MA,02457-0310,Private      ,333,240,573,2776,568,3344
00212200,BAY PATH COLLEGE                        ,MA,01106-2212,Private      ,223,899,1122,883,1799,2682
00212300,BECKER COLLEGE-WORCESTER                ,MA,01615-0071,Private      ,481,366,847,2987,935,3922
00212400,BENTLEY UNIVERSITY                      ,MA,02452-4705,Private      ,658,277,935,5920,696,6616
00212600,BERKLEE COLLEGE OF MUSIC                ,MA,02215-3693,Private      ,928,460,1388,4580,1196,5776
00212800,BOSTON COLLEGE                          ,MA,02467-3800,Private      ,1540,1033,2573,17116,5436,22552
00212900,BOSTON CONSERVATORY OF MUSIC            ,MA,02215-9830,Private      ,137,99,236,1136,339,1475
00213000,BOSTON UNIVERSITY                       ,MA,02215-1789,Private      ,3297,4269,7566,38045,15771,53816
00213300,BRANDEIS UNIVERSITY                     ,MA,02453-2700,Private      ,914,360,1274,5881,1286,7167
00213900,CLARK UNIVERSITY                        ,MA,01610-1473,Private      ,573,251,824,4342,740,5082
00214000,ELMS COLLEGE                            ,MA,01013-2839,Private      ,246,355,601,1392,936,2328
00214100,COLLEGE OF THE HOLY CROSS               ,MA,01610-2395,Private      ,584,44,628,5775,179,5954
00214300,CURRY COLLEGE                           ,MA,02186-2395,Private      ,616,525,1141,5082,1196,6278
00214400,DEAN COLLEGE                            ,MA,02038-1994,Private      ,398,92,490,1854,264,2118
00214500,EASTERN NAZARENE COLLEGE                ,MA,02170-2999,Private      ,183,382,565,806,736,1542
00214507,EASTERN NAZARENE CLG - LEAD PROGRAM     ,MA,02170-0000,Private      ,11,152,163,32,371,403
00214600,EMERSON COLLEGE                         ,MA,02116-4624,Private      ,881,348,1229,7272,1465,8737
00214700,EMMANUEL COLLEGE                        ,MA,02115-5798,Private      ,252,153,405,5375,454,5829
00214800,ENDICOTT COLLEGE                        ,MA,01915-2098,Private      ,221,267,488,4664,613,5277
00214900,EPISCOPAL DIVINITY SCHOOL               ,MA,02138-0000,Private      ,0,19,19,0,60,60
00215000,FISHER COLLEGE                          ,MA,02116-1500,Private      ,376,506,882,1486,1098,2584
00215100,BENJAMIN FRANKLIN INSTITUTE OF TECH     ,MA,02116-6296,Public       ,154,166,320,467,290,757
00215300,GORDON COLLEGE                          ,MA,01984-1899,Private      ,538,75,613,2371,191,2562
00215400,HELLENIC COLLEGE                        ,MA,02445-7496,Private      ,21,55,76,71,99,170
00215500,HARVARD UNIVERSITY                      ,MA,02138-3800,Private      ,186,194,380,4236,779,5015
00215501,AMRCN REPERTORY THTR INST ADV THTR      ,MA,02138-0000,Private      ,1,6,7,2,124,126
00215502,HARVARD BUSINESS SCHOOL                 ,MA,02163-0000,Private      ,30,540,570,193,1509,1702
00215503,HARVARD EXTENSION SCHOOL                ,MA,02138-0000,Private      ,44,528,572,121,1117,1238
00215504,HARVARD SCH OF DENTAL MEDICINE          ,MA,02115-0000,Private      ,5,76,81,21,194,215
00215505,HARVARD UNIV GRAD SCH DESIGN            ,MA,02138-0000,Private      ,1,180,181,11,906,917
00215506,HARVARD DIVINITY SCHOOL                 ,MA,02138-0000,Private      ,3,122,125,8,457,465
00215507,HARVARD UNIV GRAD SCH ED                ,MA,02138-0000,Private      ,1,156,157,6,1469,1475
00215508,HARVARD UNIV GRAD S OF ARTS & SCIEN     ,MA,02138-0000,Private      ,14,99,113,67,731,798
00215509,HARVARD KENNEDY SCHOOL                  ,MA,02138-0000,Private      ,3,139,142,13,1251,1264
00215510,HARVARD LAW SCHOOL                      ,MA,02138-0000,Private      ,22,900,922,105,3211,3316
00215511,HARVARD UNIV MEDICAL SCHOOL             ,MA,02115-0000,Private      ,36,322,358,158,1082,1240
00215512,HARVARD UNIV SCH PUBLIC HEALTH          ,MA,02115-0000,Private      ,7,85,92,33,996,1029
00215513,HARVARD UNIVERSITY-HARVARD COLLEGE      ,MA,02138-0000,Private      ,1509,244,1753,19259,1173,20432
00215700,HEBREW COLLEGE                          ,MA,02459-2237,Private      ,0,20,20,0,88,88
00215800,LASELL COLLEGE                          ,MA,02466-2716,Private      ,406,142,548,3285,448,3733
00216000,LESLEY UNIVERSITY                       ,MA,02138-2790,Private      ,418,1346,1764,2754,2839,5593
00216100,UMASS LOWELL                            ,MA,01854-3089,Public       ,2050,2027,4077,13358,5201,18559
00216400,NEW ENGLAND COLLEGE OF OPTOMETRY        ,MA,02115-1129,Private      ,2,126,128,12,415,427
00216500,MASS. COLLEGE OF PHARMACY  & HEALTH SCIE,MA,02115-5804,Private      ,375,799,1174,5949,3925,9874
00216700,BERKSHIRE COMMUNITY COLLEGE             ,MA,01201-5786,Public       ,473,727,1200,865,1200,2065
00216800,CAPE COD COMMUNITY COLLEGE              ,MA,02668-1599,Public       ,568,893,1461,1321,1690,3011
00216900,GREENFIELD COMMUNITY COLLEGE            ,MA,01301-9739,Public       ,343,583,926,771,1164,1935
00217000,HOLYOKE COMMUNITY COLLEGE               ,MA,01040-1099,Public       ,1551,1894,3445,3352,3777,7129
00217100,MASSACHUSETTS BAY COMMUNITY COLLEGE     ,MA,02181-0000,Public       ,810,1078,1888,1961,2083,4044
00217200,MOUNT WACHUSETT COMMUNITY COLLEGE       ,MA,01440-1000,Public       ,741,1212,1953,1752,2540,4292
00217300,NORTH SHORE COMMUNITY COLLEGE           ,MA,01923-4093,Public       ,1316,1903,3219,2715,3517,6232
00217400,NORTHERN ESSEX COMMUNITY COLLEGE        ,MA,01830-2399,Public       ,1325,1913,3238,2726,3429,6155
00217500,QUINSIGAMOND COMMUNITY COLLEGE          ,MA,01606-2092,Public       ,1400,2098,3498,3417,4367,7784
00217600,BRISTOL COMMUNITY COLLEGE               ,MA,02720-7399,Public       ,1674,2357,4031,3831,4371,8202
00217700,MASSASOIT COMMUNITY COLLEGE             ,MA,02302-3996,Public       ,1358,1868,3226,3108,3603,6711
00217800,MASSACHUSETTS INST OF TECHNOLOGY        ,MA,02139-4307,Private      ,1236,659,1895,12223,2714,14937
00218000,MASSACHUSETTS COLLEGE OF ART AND DESIGN ,MA,02115-5803,Public       ,293,212,505,2455,826,3281
00218100,MASSACHUSETTS MARITIME ACADEMY          ,MA,02532-3400,Public       ,465,51,516,1584,118,1702
00218300,BRIDGEWATER STATE COLLEGE               ,MA,02325-0001,Public       ,1579,1049,2628,11592,3367,14959
00218400,FITCHBURG STATE UNIVERSITY              ,MA,01420-2697,Public       ,563,446,1009,6064,1475,7539
00218500,FRAMINGHAM STATE COLLEGE                ,MA,01702-2471,Public       ,657,452,1109,7439,1492,8931
00218700,MASSACHUSETTS CLG OF LIBERAL ARTS       ,MA,01247-4100,Public       ,259,160,419,2337,516,2853
00218800,SALEM STATE UNIVERSITY                  ,MA,01970-5353,Public       ,1352,1318,2670,8931,3648,12579
00218900,WESTFIELD STATE COLLEGE                 ,MA,01086-1630,Public       ,924,603,1527,8058,1756,9814
00219000,WORCESTER STATE COLLEGE                 ,MA,01602-2597,Public       ,911,784,1695,6446,2253,8699
00219200,MOUNT HOLYOKE COLLEGE                   ,MA,01075-1492,Private      ,484,72,556,2719,340,3059
00219300,MOUNT IDA COLLEGE                       ,MA,02459-3323,Private      ,449,134,583,1859,352,2211
00219400,NEW ENGLAND CONSERVATORY OF MUSIC       ,MA,02115-5018,Private      ,32,32,64,700,597,1297
00219700,NICHOLS COLLEGE                         ,MA,01571-6346,Private      ,264,108,372,2120,293,2413
00219900,NORTHEASTERN UNIVERSITY                 ,MA,02115-5000,Private      ,2885,3496,6381,34530,10967,45497
00220100,PINE MANOR COLLEGE                      ,MA,02167-0000,Private      ,89,44,133,252,107,359
00220200,BLESSED JOHN XXIII NATIONAL SEMINARY    ,MA,02493-0000,Private      ,0,1,1,0,2,2
00220500,QUINCY COLLEGE                          ,MA,02169-4501,Public       ,605,1424,2029,1355,2844,4199
00220600,REGIS COLLEGE                           ,MA,02193-0000,Private      ,357,371,728,2107,881,2988
00220800,SIMMONS COLLEGE                         ,MA,02115-5898,Private      ,196,694,890,3319,3139,6458
00220900,SMITH COLLEGE                           ,MA,01063-2936,Private      ,260,80,340,3448,491,3939
00220901,"SMITH COLLEGE, SCH FOR SOCIAL WORK      ",MA,01063-0000,Private      ,2,29,31,15,508,523
00221000,UNIV OF MASSACHUSETTS-DARTMOUTH         ,MA,02747-2300,Public       ,1085,901,1986,12569,3448,16017
00221100,SPRINGFIELD COLLEGE                     ,MA,01109-3797,Private      ,614,1411,2025,3859,3238,7097
00221400,ST JOHN'S SEMINARY                      ,MA,02135-8839,Private      ,4,15,19,6,20,26
00221700,STONEHILL COLLEGE                       ,MA,02357-6110,Private      ,211,36,247,6086,173,6259
00221800,SUFFOLK UNIVERSITY                      ,MA,02108-2770,Private      ,1330,1171,2501,8975,4356,13331
00221900,TUFTS UNIVERSITY                        ,MA,02155-5808,Private      ,1049,457,1506,11028,2259,13287
00221901,TUFTS UNIV SCH OF DENTAL MEDICINE       ,MA,02111-0000,Private      ,4,385,389,28,904,932
00221902,TUFTS UNIVERSITY - CUMMINGS SCHOOL OF VE,MA,01536-0000,Private      ,2,159,161,32,479,511
00221904,TUFTS UNIV SCHOOL OF MEDICINE           ,MA,02111-0000,Private      ,12,340,352,80,1902,1982
00222100,UNIV OF MASSACHUSETTS-AMHERST           ,MA,01003-0000,Public       ,3134,2045,5179,38728,6922,45650
00222200,UNIV OF MASSACHUSETTS-BOSTON            ,MA,02125-3393,Public       ,2557,3966,6523,12978,9807,22785
00222400,WELLESLEY COLLEGE                       ,MA,02481-8203,Private      ,556,63,619,3547,207,3754
00222500,WENTWORTH INSTITUTE OF TECHNOLOGY       ,MA,02115-5998,Private      ,788,278,1066,5760,729,6489
00222600,WESTERN NEW ENGLAND UNIVERSITY          ,MA,01119-2654,Private      ,737,529,1266,6176,1539,7715
00222700,WHEATON COLLEGE                         ,MA,02766-2322,Private      ,328,20,348,2612,99,2711
00222800,WHEELOCK COLLEGE                        ,MA,02215-4176,Private      ,299,295,594,1693,779,2472
00222900,WILLIAMS COLLEGE                        ,MA,01267-2600,Private      ,524,24,548,4156,135,4291
00223300,WORCESTER POLYTECHNIC INSTITUTE         ,MA,01609-2280,Private      ,674,187,861,7583,594,8177
00267104,BARD COLLEGE - LONGY SCHOOL OF MUSIC    ,MA,02138-3599,Private      ,5,35,40,35,162,197
00396500,BAY STATE COLLEGE                       ,MA,02116-2901,Proprietary  ,325,415,740,1361,1151,2512
00396600,BOSTON ARCHITECTURAL COLLEGE            ,MA,02115-2795,Private      ,84,337,421,273,629,902
00466100,HAMPSHIRE COLLEGE                       ,MA,01002-3359,Private      ,490,73,563,2525,218,2743
00466600,SALTER COLLEGE                          ,MA,01583-1700,Proprietary  ,191,1015,1206,249,1357,1606
00466700,SCHOOL OF MUSEUM OF FINE ARTS           ,MA,02115-5534,Private      ,137,91,228,628,299,927
00466900,UPPER CAPE COD REGIONAL VOC TECH        ,MA,02532-3310,Public       ,11,43,54,23,99,122
00527900,GREATER LOWELL REGNL VOC TECH SCH       ,MA,01879-0000,Public       ,11,61,72,25,106,131
00551900,DIMAN REGIONAL VOC TECH INST            ,MA,02723-3519,Public       ,17,69,86,51,166,217
00552300,BLUE HILLS REGIONAL VOC TECH            ,MA,02021-1398,Public       ,16,75,91,30,132,162
00555700,MCCANN TECHNICAL SCHOOL                 ,MA,01247-0000,Public       ,17,41,58,25,66,91
00613600,NATIONAL AVIATION ACADEMY - NEW ENGLAND ,MA,01730-2620,Proprietary  ,57,79,136,105,165,270
00632200,BROCKTON HOSPITAL SCH OF NURSING        ,MA,02302-0000,Private      ,58,235,293,150,545,695
00632400,LABOURE COLLEGE                         ,MA,02124-5698,Private      ,55,356,411,160,686,846
00633100,LAWRENCE MEM HOSPITAL SCH OF NRSNG      ,MA,02155-1643,Private      ,16,149,165,54,337,391
00635200,BAYSTATE MEDICAL CENTER                 ,MA,01199-0001,Private      ,5,41,46,19,80,99
00687300,MARIAN COURT COLLEGE                    ,MA,01907-2896,Private      ,42,44,86,89,74,163
00748100,GIBBS COLLEGE                           ,MA,02116-2904,Proprietary  ,9,55,64,26,101,127
00748400,NEWBURY COLLEGE                         ,MA,02445-5796,Private      ,220,64,284,2423,302,2725
00748600,THE NEW ENGLAND INSTITUTE OF ART        ,MA,02445-7295,Proprietary  ,293,189,482,993,404,1397
00748800,KAPLAN CAREER INSTITUTE                 ,MA,02129-1644,Proprietary  ,15,52,67,23,90,113
00748801,KAPLAN CAREER INSTITUTE -               ,MA,02215-2606,Proprietary  ,3,16,19,15,82,97
00807800,SPRINGFIELD TECHNICAL COMMUNITY CLG     ,MA,01105-0000,Public       ,1387,2300,3687,2990,4491,7481
00809002,EVEREST COLLEGE - EVEREST INSTITUTE     ,MA,02150-2333,Proprietary  ,73,169,242,106,280,386
00891600,NEW ENGLAND SCHOOL OF LAW               ,MA,02116-0000,Private      ,3,536,539,25,1703,1728
00964500,BARD COLLEGE AT SIMON'S ROCK            ,MA,01230-9702,Private      ,133,8,141,354,17,371
00974700,GORDON-CONWELL THEOLOGICAL SEMINARY     ,MA,01982-0000,Private      ,1,207,208,6,445,451
00975600,UNIVERSITY OF MASS MEDICAL CENTER       ,MA,01655-0000,Public       ,13,354,367,49,867,916
00987700,HENRI'S SCHOOL OF HAIR DESIGN           ,MA,01420-5675,Proprietary  ,8,15,23,15,28,43
00989900,LOWELL ACADEMY HAIRSTYLING INST         ,MA,01852-1909,Proprietary  ,14,39,53,23,55,78
00993600,MIDDLESEX COMMUNITY COLLEGE             ,MA,01730-1197,Public       ,722,789,1511,1577,1422,2999
00993602,"MIDDLESEX COMMUNITY COLLEGE, LOWELL     ",MA,01852-0000,Public       ,1236,1340,2576,2557,2388,4945
01121000,BUNKER HILL COMMUNITY COLLEGE           ,MA,02129-2991,Public       ,2856,4925,7781,5789,8915,14704
01151000,EVEREST INSTITUTE                       ,MA,02135-7638,Proprietary  ,65,147,212,89,240,329
01193000,ROXBURY COMMUNITY COLLEGE               ,MA,02120-3400,Public       ,350,1190,1540,771,2239,3010
01204200,MANSFIELD BEAUTY SCHOOLS                ,MA,02169-5061,Proprietary  ,7,28,35,9,52,61
01206800,MANSFIELD BEAUTY SCHOOL                 ,MA,01103-1410,Proprietary  ,8,22,30,8,36,44
01218700,BLACKSTONE VALLEY VOCATIONAL REGIONAL SC,MA,01568-1499,Public       ,2,23,25,8,48,56
01238600,SOUTHEASTERN TECHNICAL INSTITUTE        ,MA,02375-1780,Public       ,13,66,79,31,134,165
01288100,MONTACHUSETT REG VOC TECH SCH           ,MA,01420-4649,Public       ,8,39,47,21,88,109
01292100,EMPIRE BEAUTY SCHOOL                    ,MA,02215-0000,Proprietary  ,68,146,214,125,249,374
01294800,ROB ROY ACADEMY                         ,MA,02721-5330,Proprietary  ,5,18,23,15,32,47
02063000,MONTSERRAT COLLEGE OF ART               ,MA,01915-0000,Private      ,113,22,135,619,69,688
02076700,EMPIRE BEAUTY SCHOOL                    ,MA,02148-0000,Proprietary  ,31,74,105,57,117,174
02079400,EMPIRE BEAUTY SCHOOL                    ,MA,01702-5232,Proprietary  ,107,194,301,164,328,492
02092100,MASSACHUSETTS SCHOOL OF BARBERING       ,MA,02169-5058,Proprietary  ,7,42,49,14,74,88
02092200,EMPIRE BEAUTY SCHOOL                    ,MA,01852-0000,Proprietary  ,46,92,138,82,159,241
02122000,NEW ENGLAND HAIR ACADEMY                ,MA,02148-0000,Proprietary  ,20,42,62,33,63,96
02137000,ROB ROY ACADEMY                         ,MA,02780-0000,Proprietary  ,3,7,10,6,14,20
02137200,MASS GEN HOSP DIETETIC INTERNSHIP       ,MA,02114-0000,Private      ,1,17,18,5,46,51
02163500,NEW ENGLAND SCHOOL OF PHOTOGRAPHY       ,MA,02215-0000,Proprietary  ,19,52,71,76,88,164
02163600,MASS SCH OF PROFESSIONAL PSYCHOLOGY     ,MA,02132-0000,Private      ,10,253,263,33,775,808
02169900,ASSABET VALLEY REGIONAL VOC SCHOOL      ,MA,01752-0000,Public       ,6,52,58,11,92,103
02181600,ROB ROY ACADEMY                         ,MA,01609-0000,Proprietary  ,10,34,44,23,58,81
02182900,CAMBRIDGE COLLEGE                       ,MA,02138-5304,Private      ,128,957,1085,255,1761,2016
02197900,NORTH BENNET STREET SCHOOL              ,MA,02113-0000,Private      ,12,40,52,48,128,176
02215100,HALLMARK INSTITUTE OF PHOTOGRAPHY       ,MA,01376-0000,Proprietary  ,26,38,64,99,86,185
02219501,MILDRED ELLEY - PITTSFIELD              ,MA,01201-5300,Proprietary  ,12,31,43,18,56,74
02220400,CATHERINE HINDS INST OF ESTHETICS       ,MA,01801-0000,Proprietary  ,34,74,108,44,101,145
02231600,MGH INSTITUTE OF HEALTH PROFESSION      ,MA,02129-0000,Private      ,19,339,358,71,1301,1372
02274300,CONWAY SCHOOL OF LANDSCAPE DESIGN       ,MA,01341-0179,Private      ,0,5,5,0,11,11
02325700,LABARON HAIRDRESSING ACADEMY            ,MA,02740-0000,Proprietary  ,10,31,41,12,38,50
02325800,LABARON HAIRDRESSING ACAD-BROCKTON      ,MA,02301-0000,Proprietary  ,6,8,14,11,20,31
02337400,BANCROFT SCHOOL OF MASSAGE THERAPY      ,MA,01604-4614,Proprietary  ,8,16,24,19,41,60
02338200,BAY STATE SCHOOL OF TECHNOLOGY          ,MA,02021-0000,Proprietary  ,19,58,77,46,101,147
02339400,ROB ROY ACADEMY                         ,MA,02746-0000,Proprietary  ,3,14,17,5,21,26
02491700,CORTIVA INSTITUTE -  BOSTON             ,MA,02472-2577,Proprietary  ,9,35,44,10,62,72
02523900,ELIZABETH GRADY SCHOOL OF ESTHETICS     ,MA,02155-0000,Proprietary  ,14,50,64,33,83,116
02579800,NEW ENGLAND SCHOOL OF ACUPUNCTURE       ,MA,02458-0000,Private      ,0,56,56,1,98,99
02616704,LE CORDON BLEU COLLEGE OF CULINARY ARTS ,MA,02142-1221,Proprietary  ,59,58,117,138,143,281
03066700,AILANO SCHOOL OF COSMETOLOGY            ,MA,02303-4740,Proprietary  ,5,17,22,14,31,45
03104000,SHAWSHEEN ADULT TECHNICAL INSTITUTE     ,MA,01821-5499,Public       ,3,35,38,9,58,67
03115200,MOTORING TECHNICAL TRAINING INST        ,MA,02771-5933,Proprietary  ,35,81,116,85,182,267
03120800,KAY HARVEY HAIRDRESSING ACADEMY         ,MA,01089-2701,Proprietary  ,5,20,25,13,28,41
03130500,URBAN COLLEGE OF BOSTON                 ,MA,02111-1093,Private      ,28,303,331,49,497,546
03194300,BOSTON GRAD SCH OF PSYCHOANALYSIS       ,MA,02446-4602,Private      ,1,27,28,2,52,54
03205400,JOLIE HAIR & BEAUTY ACADEMY             ,MA,01056-2769,Proprietary  ,7,33,40,10,51,61
03232302,LINCOLN TECHNICAL INSTITUTE - BROCKTON C,MA,02401-1818,Proprietary  ,51,156,207,99,256,355
03232310,LINCOLN TECHNICAL INSTITUTE - LOWELL    ,MA,01852-5119,Proprietary  ,88,160,248,133,258,391
03232311,LINCOLN TECHNICAL INSTITUTE - SOMERVILLE,MA,02145-1102,Proprietary  ,60,138,198,85,205,290
03235300,MASSACHUSETTS SCHOOL OF LAW             ,MA,01810-1094,Private      ,3,228,231,13,429,442
03240300,TONI & GUY HAIRDRESSING ACADEMY         ,MA,01605-2213,Proprietary  ,45,45,90,78,73,151
03248300,BOSTON BAPTIST COLLEGE                  ,MA,02136-4000,Private      ,27,21,48,72,43,115
03316400,FUNERAL INSTITUTE OF THE NORTHEAST      ,MA,02062-4766,Proprietary  ,12,40,52,32,79,111
03504300,NATL GRAD SCH OF QUALITY SYSTM MGMT     ,MA,02540-0000,Private      ,0,17,17,0,33,33
03570500,NORTHPOINT BIBLE COLLEGE                ,MA,01835-0000,Private      ,91,72,163,164,126,290
03763300,MEDICAL PROFESSIONAL INSTITUTE          ,MA,02148-8143,Proprietary  ,23,124,147,40,237,277
03859300,E.I.N.E.                                ,MA,01876-4709,Proprietary  ,4,16,20,9,25,34
03927303,BRIO ACADEMY OF COSMETOLOGY - NORTHHAMPT,MA,01060-3947,Proprietary  ,8,17,25,17,31,48
03946300,FRANKLIN W. OLIN COLLEGE OF ENGINEERING ,MA,02492-1200,Private      ,49,4,53,578,13,591
03965300,NEW ENGLAND COLLEGE OF FINANCE          ,MA,02110-1605,Proprietary  ,23,252,275,67,567,634
04039300,SULLIVAN AND COGLIANO TRAINING CENTER   ,MA,02301-4921,Proprietary  ,28,424,452,38,554,592
04116900,DIGRIGOLI SCHOOL OF COSMETOLOGY         ,MA,01089-4623,Proprietary  ,21,29,50,39,50,89
04122000,TRI COUNTY REGIONAL VOCATIONAL TECHNICAL,MA,02038-0000,Public       ,5,35,40,10,68,78
04128000,MILLENNIUM TRAINING INSTITUTE           ,MA,01801-6386,Proprietary  ,2,49,51,2,58,60
04128900,CENTRAL MASS SCHOOL OF MASSAGE AND THERA,MA,01562-1712,Proprietary  ,1,8,9,2,11,13
04143200,HULT INTERNATIONAL BUSINESS SCHOOL      ,MA,02141-1805,Private      ,9,86,95,40,205,245
04153200,SOUTHERN WORCESTER COUNTY REGIONAL VOC S,MA,01507-1331,Public       ,6,23,29,10,35,45
04193100,ALEXANDER ACADEMY                       ,MA,01420-0000,Proprietary  ,7,22,29,10,37,47
00401200,HEBREW UNIVERSITY OF JERUSALEM (THE)    ,FC,00000-0000,Public       ,10,38,48,28,74,102
00403000,UNIVERSITY OF CAMBRIDGE                 ,FC,00000-0000,Public       ,1,19,20,4,76,80
00503400,AMERICAN UNIVERSITY OF CAIRO            ,FC,00000-0000,Private      ,15,42,57,44,99,143
00667100,KATHOLIEKE UNIVERSITEIT LEUVEN          ,FC,00000-0000,Private      ,2,7,9,2,22,24
00669000,UNIVERSITY OF COPENHAGEN                ,FC,00000-0000,Public       ,0,1,1,0,1,1
00669100,UNIVERSITY OF CAMBRIDGE - PEMBROKE      ,FC,00000-0000,Public       ,0,7,7,1,16,17
00669200,UNIVERSITY OF LEEDS                     ,FC,00000-0000,Public       ,4,35,39,18,79,97
00669300,UNIV OF LONDON-LONDON SCHOOL ECON       ,FC,00000-0000,Public       ,4,134,138,19,353,372
00669400,UNIVERSITY OF LONDON - SCHOOL OF ORIENTA,FC,00000-0000,Public       ,2,54,56,9,133,142
00669500,UNIV OF LONDON-UNIVERSITY COLLEGE       ,FC,00000-0000,Public       ,11,140,151,73,368,441
00669600,UNIV OF LONDON-SCH ADVANCED STUDY       ,FC,00000-0000,Public       ,0,2,2,0,6,6
00669700,"QUEEN MARY, UNIVERSITY OF LONDON        ",FC,00000-0000,Public       ,4,41,45,36,128,164
00669900,UNIVERSITY OF SUSSEX                    ,FC,00000-0000,Public       ,6,41,47,28,85,113
00670000,"UNIVERSITY OF YORK, THE                 ",FC,00000-0000,Public       ,4,62,66,17,138,155
00670400,UNIVERSITY COLLEGE CORK                 ,FC,00000-0000,Public       ,3,22,25,12,58,70
00671300,UPPSALA UNIVERSITY                      ,FC,00000-0000,Public       ,0,13,13,3,40,43
00671500,UNIVERSITY OF GENEVA                    ,FC,00000-0000,Public       ,1,30,31,7,78,85
00683900,UNIVERSITY OF EDINBURGH                 ,FC,00000-0000,Public       ,46,287,333,197,665,862
00684200,UNIVERSITY OF DUBLIN TRINITY COLLEG     ,FC,00000-0000,Public       ,10,76,86,57,181,238
00685000,UNIVERSITY OF CAMBRIDGE - DOWNING C     ,FC,00000-0000,Public       ,1,2,3,1,4,5
00763200,UNIVERSITY OF BRISTOL                   ,FC,00000-0000,Public       ,6,26,32,19,72,91
00768100,COLLEGE OF EUROPE                       ,FC,00000-0000,Private      ,0,1,1,0,9,9
00770500,ROYAL COLLEGE OF SURGEONS IN IRELAN     ,FC,00000-0000,Private      ,3,27,30,5,52,57
00788100,AMERICAN UNIVERSITY OF PARIS            ,FC,00000-0000,Private      ,73,73,146,412,227,639
00837100,AMERICAN UNIVERSITY OF BEIRUT           ,FC,00000-0000,Private      ,25,21,46,74,58,132
00837300,TEL-AVIV UNIVERSITY                     ,FC,00000-0000,Public       ,11,43,54,24,72,96
00837600,VRIJE UNIVERSITEIT AMSTERDAM            ,FC,00000-0000,Public       ,0,9,9,1,26,27
00837700,UNIVERSITEIT VAN AMSTERDAM(UNIVERSI     ,FC,00000-0000,Public       ,4,33,37,13,86,99
00838000,UNIVERSITY OF WARWICK                   ,FC,00000-0000,Public       ,4,22,26,17,54,71
00838300,UNIVERSITY OF GLASGOW                   ,FC,00000-0000,Public       ,14,109,123,54,319,373
00839300,UNIVERSITY OF OSLO                      ,FC,00000-0000,Public       ,0,9,9,2,23,25
00839400,UNIVERSITY OF OXFORD                    ,FC,00000-0000,Public       ,6,140,146,19,305,324
00839800,UNIVERSITY OF SHEFFIELD (THE)           ,FC,00000-0000,Public       ,5,26,31,11,76,87
00839900,UNIVERSITY OF SOUTHAMPTON               ,FC,00000-0000,Public       ,3,21,24,15,61,76
00845200,ABERYSTWYTH UNIVERSITY                  ,FC,00000-0000,Public       ,9,24,33,22,54,76
00845800,LOUGHBOROUGH UNIVERSITY                 ,FC,00000-0000,Public       ,1,7,8,5,14,19
00846000,UNIVERSITY OF NEWCASTLE UPON TYNE       ,FC,00000-0000,Public       ,4,40,44,13,95,108
00846100,UNIVERSITY OF SAINT ANDREWS             ,FC,00000-0000,Private      ,74,45,119,261,149,410
00850500,UNIVERSITY OF MELBOURNE                 ,FC,00000-0000,Public       ,6,31,37,22,122,144
00858600,SWANSEA UNIVERSITY                      ,FC,00000-0000,Public       ,4,15,19,13,53,66
00858700,UNIVERSITY OF DURHAM                    ,FC,00000-0000,Public       ,9,75,84,28,159,187
00866500,UNIVERSITY OF KENT AT CANTERBURY (THE)  ,FC,00000-0000,Public       ,6,53,59,35,149,184
00867000,UNIVERSITY OF NEW SOUTH WALES           ,FC,00000-0000,Public       ,6,24,30,20,59,79
00868700,UNIVERSITY OF ESSEX                     ,FC,00000-0000,Public       ,5,55,60,34,140,174
00869300,CITY UNIVERSITY                         ,FC,00000-0000,Public       ,3,60,63,20,149,169
00890800,THE UNIVERSITY OF BIRMINGHAM            ,FC,00000-0000,Public       ,1,42,43,10,93,103
00891000,UNIVERSITY OF HULL                      ,FC,00000-0000,Public       ,3,4,7,7,8,15
00892000,UNIVERSITY OF NOTTINGHAM                ,FC,00000-0000,Public       ,7,36,43,20,84,104
00900600,UNIVERSITY OF SALFORD (THE)             ,FC,00000-0000,Public       ,0,4,4,4,13,17
00908400,"UNIV OF LONDON, BIRKBECK                ",FC,00000-0000,Public       ,4,37,41,7,83,90
00908500,UNIV OF LONDON KING'S COLLEGE           ,FC,00000-0000,Public       ,12,131,143,58,348,406
00908600,UNIVERSITY OF LONDON - ROYAL HOLLOWAY   ,FC,00000-0000,Public       ,8,30,38,28,73,101
00914300,BAR-ILAN UNIVERSITY                     ,FC,00000-0000,Private      ,6,11,17,16,18,34
00924900,UNIVERSITY OF LIVERPOOL                 ,FC,00000-0000,Public       ,8,36,44,27,77,104
00936800,UNIVERSITY OF ABERDEEN                  ,FC,00000-0000,Public       ,5,39,44,37,113,150
00942300,ROYAL COLLEGE OF ART                    ,FC,00000-0000,Public       ,1,19,20,3,54,57
00942800,TECHNION-ISRAEL INST OF TECHLGY         ,FC,00000-0000,Public       ,1,21,22,4,34,38
00944200,UNIVERSITY OF EXETER                    ,FC,00000-0000,Public       ,3,25,28,19,79,98
00944400,UNIVERSITY OF LANCASTER                 ,FC,00000-0000,Public       ,4,22,26,15,53,68
00963400,UNIVERSITY OF OXFORD ST CATHERINE'S     ,FC,00000-0000,Public       ,1,5,6,4,6,10
00980800,UNIVERSITY OF STRATHCLYDE               ,FC,00000-0000,Public       ,2,12,14,11,34,45
00986000,UNIVERSITY OF SURREY                    ,FC,00000-0000,Public       ,2,12,14,9,33,42
00990600,PONTIFICAL NORTH AMERICAN COLLEGE       ,FC,00000-0000,Private      ,1,0,1,1,5,6
00992700,UNIVERSITY OF CAMBRIDGE - FITZWILLI     ,FC,00000-0000,Public       ,0,4,4,1,9,10
01006700,LUND UNIVERSITY                         ,FC,00000-0000,Public       ,1,27,28,3,64,67
01008400,UNIVERSITY OF CAPE TOWN                 ,FC,00000-0000,Public       ,2,18,20,5,52,57
01008700,UNIVERSITY OF OXFORD ST PETER'S COL     ,FC,00000-0000,Public       ,0,3,3,1,4,5
01008800,UNIVERSITY OF OXFORD - CORPUS CHRIS     ,FC,00000-0000,Public       ,1,1,2,1,1,2
01008900,CENTRAL SCHOOL OF SPEECH AND DRAMA      ,FC,00000-0000,Private      ,3,17,20,10,54,64
01009000,UNIVERSITY OF OXFORD - BALLIOL COLL     ,FC,00000-0000,Public       ,2,1,3,4,2,6
01014300,UNIVERSITY OF READING                   ,FC,00000-0000,Public       ,1,17,18,15,54,69
01015700,CARDIFF UNIVERSITY                      ,FC,00000-0000,Public       ,3,23,26,15,48,63
01015900,PONTIFICIA UNIVERSITA GREGORIANA        ,FC,00000-0000,Private      ,0,3,3,1,5,6
01016000,CG JUNG INST                            ,FC,00000-0000,Private      ,0,3,3,0,4,4
01018800,UNIVERSITY COLLEGE DUBLIN               ,FC,00000-0000,Public       ,11,84,95,46,222,268
01019000,UNIVERSITY OF CAMBRIDGE CHURCHILL C     ,FC,00000-0000,Public       ,0,1,1,0,3,3
01022800,UNIVERSITY OF STIRLING                  ,FC,00000-0000,Public       ,9,22,31,30,52,82
01033200,UNIVERSITY OF CAMBRIDGE - CLARE COL     ,FC,00000-0000,Public       ,0,4,4,0,6,6
01045600,UNIVERSITY OF HAIFA                     ,FC,00000-0000,Public       ,2,9,11,5,28,33
01047200,INST EUROPEEN OPEEN D'ADMINISTRATIO     ,FC,00000-0000,Private      ,0,14,14,0,35,35
01049300,CRANFIELD UNIVERSITY                    ,FC,00000-0000,Public       ,1,6,7,1,18,19
01052000,TRINITY LABAN CONSERVATOIRE OF MUSIC AND,FC,00000-0000,Public       ,2,6,8,4,9,13
01052500,UNIVERSITY OF HERTFORDSHIRE             ,FC,00000-0000,Public       ,4,6,10,13,14,27
01057400,LONDON INTRNTL FILM SCHOOL              ,FC,00000-0000,Private      ,1,7,8,4,16,20
01058800,AUSTRALIAN NATIONAL UNIVERSITY          ,FC,00000-0000,Public       ,4,12,16,14,36,50
01058900,BANGOR UNIVERSITY                       ,FC,00000-0000,Public       ,2,5,7,11,16,27
01059400,"RICHMOND, THE AMERICAN INT UNI IN LONDON",FC,00000-0000,Private      ,65,30,95,362,79,441
01059900,INST D'ETUDES POLITIQUES DE PARIS       ,FC,00000-0000,Public       ,2,40,42,15,119,134
01068100,MACQUARIE UNIVERSITY                    ,FC,00000-0000,Public       ,2,12,14,7,36,43
01069200,UNIVERSITY OF QUEENSLAND (THE)          ,FC,00000-0000,Public       ,0,29,29,9,121,130
01079200,CITY AND GUILDS OF LONDON INSTITUTE     ,FC,00000-0000,Private      ,0,1,1,2,3,5
01079700,"NATIONAL UNIVERSITY OF IRELAND, MAY     ",FC,00000-0000,Public       ,5,8,13,16,15,31
01081600,KINGSTON UNIVERSITY                     ,FC,00000-0000,Public       ,18,73,91,55,188,243
01083800,UNIVERSITITY OF BERGEN (UOB)            ,FC,00000-0000,Public       ,1,2,3,1,4,5
01086400,UNIV OF DUNDEE                          ,FC,00000-0000,Public       ,5,18,23,7,42,49
01086600,UNIVERSITY OF OXFORD - MAGDALEN COLLEGE ,FC,00000-0000,Public       ,0,2,2,1,10,11
01086700,UNIVERSITY OF OXFORD ST JOHN'S COLL     ,FC,00000-0000,Public       ,0,2,2,2,7,9
01091400,MONASH UNIVERSITY                       ,FC,00000-0000,Public       ,1,13,14,6,30,36
01091500,UNIV OF EAST ANGLIA                     ,FC,00000-0000,Public       ,3,27,30,22,78,100
01094200,UNIVERSITY OF OXFORD - ST HUGH'S CO     ,FC,00000-0000,Public       ,0,1,1,0,6,6
01097700,UNIVERSIDAD CENTRAL DEL ESTE            ,FC,00000-0000,Private      ,28,242,270,58,612,670
01098000,SOMERVILLE COLLEGE                      ,FC,00000-0000,Public       ,0,0,0,2,2,4
01099900,UNIV OF OXFORD - WADHAM COLLEGE         ,FC,00000-0000,Public       ,0,0,0,0,1,1
01104400,PONTIFICIA UNIVERSITA SAN TOMMASO       ,FC,00000-0000,Private      ,0,3,3,0,8,8
01105300,UNIVERSITY OF OXFORD - ST HILDA'S C     ,FC,00000-0000,Public       ,1,0,1,1,2,3
01105400,UNIVERSITY OF OXFORD - ST ANNE'S CO     ,FC,00000-0000,Public       ,0,2,2,0,4,4
01105500,UNIV OF OXFORD - LADY MARGARET HALL     ,FC,00000-0000,Public       ,0,6,6,0,6,6
01105600,UNIVERSITY OF OXFORD - UNIVERSITY C     ,FC,00000-0000,Public       ,3,8,11,8,25,33
01105700,UNIVERSITY OF OXFORD - TRINITY COLL     ,FC,00000-0000,Public       ,2,4,6,3,8,11
01105800,UNIVERSITY OF OXFORD-ST EDMUND HALL     ,FC,00000-0000,Public       ,1,3,4,1,5,6
01105900,UNIVERSITY OF OXFORD ST ANTONY'S CO     ,FC,00000-0000,Public       ,0,12,12,0,26,26
01106000,UNIVERSITY OF OXFORD - QUEEN'S COLL     ,FC,00000-0000,Public       ,1,0,1,1,1,2
01106100,UNIVERSITY OF OXFORD - PEMBROKE COL     ,FC,00000-0000,Public       ,0,3,3,3,7,10
01106200,UNIVERSITY OF OXFORD - ORIEL COLLEG     ,FC,00000-0000,Public       ,0,5,5,0,7,7
01106300,UNIVERSITY OF OXFORD - NUFFIELD COL     ,FC,00000-0000,Public       ,0,0,0,0,1,1
01106400,UNIVERSITY OF OXFORD - NEW COLLEGE      ,FC,00000-0000,Public       ,0,2,2,2,6,8
01106500,UNIVERSITY OF OXFORD MERTON COLLEGE     ,FC,00000-0000,Public       ,1,1,2,1,4,5
01106600,UNIVERSITY OF OXFORD - LINCOLN COLL     ,FC,00000-0000,Public       ,0,3,3,0,4,4
01106700,UNIVERSITY OF OXFORD - KEBLE COLLEG     ,FC,00000-0000,Public       ,0,1,1,0,3,3
01106800,UNIVERSITY OF OXFORD - JESUS COLLEG     ,FC,00000-0000,Public       ,0,2,2,0,5,5
01106900,UNIVERSITY OF OXFORD - HERTFORD COL     ,FC,00000-0000,Public       ,0,3,3,0,5,5
01107000,UNIVERSITY OF OXFORD EXETER COLLEGE     ,FC,00000-0000,Public       ,1,1,2,2,3,5
01107100,UNIV OF OXFORD - CHRIST CHURCH          ,FC,00000-0000,Public       ,0,3,3,0,6,6
01107200,UNIVERSITY OF OXFORD - BRASENOSE CO     ,FC,00000-0000,Public       ,0,1,1,0,2,2
01109100,FLINDERS UNIVERSITY OF S AUSTRALIA      ,FC,00000-0000,Public       ,2,6,8,2,22,24
01109400,UNIVERSITY OF WESTERN AUSTRALIA (THE)   ,FC,00000-0000,Public       ,3,5,8,7,16,23
01121400,UNIVERSITY OF THE WITWATERSRAND         ,FC,00000-0000,Public       ,2,6,8,2,18,20
01122600,AARHUS UNIVERSITY                       ,FC,00000-0000,Public       ,2,6,8,3,14,17
01156700,"IMPERIAL COLLEGE OF SCIENCE, TECHNOLOGY ",FC,00000-0000,Public       ,6,36,42,18,88,106
01167900,UNIVERSITY OF BATH                      ,FC,00000-0000,Public       ,3,13,16,20,44,64
01168300,FRANKLIN COLLEGE  SWITZERLAND           ,FC,00000-0000,Private      ,46,7,53,314,17,331
01175800,UNIV OF CAMBRIDGE - PETERHOUSE          ,FC,00000-0000,Public       ,0,3,3,0,4,4
01176400,ROYAL ACADEMY OF MUSIC                  ,FC,00000-0000,Public       ,1,6,7,6,17,23
01176500,GOLDSMITHS' COLLEGE-UNIV OF LONDON      ,FC,00000-0000,Public       ,17,53,70,43,121,164
01176600,UNIV OF LONDON - INST OF EDUC           ,FC,00000-0000,Public       ,0,15,15,3,35,38
01178000,BRUNEL UNIVERSITY                       ,FC,00000-0000,Public       ,2,12,14,9,43,52
01183800,UNIVERSITY OF OXFORD - MANSFIELD CO     ,FC,00000-0000,Public       ,1,3,4,1,3,4
01207500,UNIVERSITY CAMBRIDGE - TRINITY COLL     ,FC,00000-0000,Public       ,1,10,11,2,18,20
01207800,VICTORIA UNIV OF WELLINGTON             ,FC,00000-0000,Public       ,4,14,18,16,35,51
01209600,ECOLE HÔTELIERE DE LAUSANNE             ,FC,00000-0000,Private      ,2,0,2,5,5,10
01210100,UNIVERSITY OF CAMBRIDGE - GIRTON CO     ,FC,00000-0000,Public       ,0,4,4,0,7,7
01213600,VICTORIA UNIV OF MANCHESTER (THE)       ,FC,00000-0000,Public       ,5,52,57,29,123,152
01219800,UNIVERSITY OF BRADFORD                  ,FC,00000-0000,Public       ,1,8,9,2,20,22
01220100,UNIVERSITY OF OXFORD - REGENT'S PAR     ,FC,00000-0000,Public       ,0,2,2,1,4,5
01220600,JAMES COOK UNIVERSITY                   ,FC,00000-0000,Public       ,8,21,29,20,52,72
01221500,BIRMINGHAM CITY UNIVERSITY              ,FC,00000-0000,Public       ,1,12,13,8,24,32
01222300,JAGIELLONIAN UNIVERSITY COLLEGIUM M     ,FC,00000-0000,Public       ,0,7,7,3,14,17
01222500,UNIVERSITY OF SZEGED FACULTY OF MEDICINE,FC,00000-0000,Public       ,1,5,6,1,8,9
01225800,ASTON UNIVERSITY                        ,FC,00000-0000,Public       ,1,4,5,4,15,19
01227500,UNIVERSITY OF OXFORD - WOLFSON COLL     ,FC,00000-0000,Public       ,0,13,13,0,20,20
01230200,GONVILLE & CAIUS COLLEGE                ,FC,00000-0000,Public       ,0,1,1,2,2,4
01233300,UNIVERSITY OF THE ARTS LONDON IDO - CAMB,FC,00000-0000,Public       ,2,1,3,15,12,27
01233500,ROYAL COLLEGE OF MUSIC                  ,FC,00000-0000,Public       ,1,11,12,9,20,29
01234100,UNIVERSITY OF WALES - ST DAVID'S UN     ,FC,00000-0000,Public       ,2,8,10,4,17,21
01242100,UNIV OF AUCKLAND                        ,FC,00000-0000,Public       ,7,19,26,23,65,88
01253900,UNIVERSITY OF THE ARTS LONDON IDO - CENT,FC,00000-0000,Public       ,1,7,8,23,31,54
01254000,UNIVERSIDAD DE NAVARRA                  ,FC,00000-0000,Private      ,0,6,6,11,17,28
01276500,UNIVERSITY OF OXFORD - LINACRE COLL     ,FC,00000-0000,Public       ,0,5,5,0,7,7
01276600,"NATIONAL UNIVERSITY IRELAND, GALWAY     ",FC,00000-0000,Public       ,9,32,41,31,82,113
01280200,PONTIFICIA UNIV CATOLICA MAD Y MAES     ,FC,00000-0000,Private      ,52,32,84,75,53,128
01281100,INST TECNOLOGICO DE SANTO DOMINGO       ,FC,00000-0000,Private      ,15,19,34,31,35,66
01283900,UNIVERSITY OF CAMBRIDGE - SAINT JOH     ,FC,00000-0000,Public       ,0,2,2,0,10,10
01297800,UNIVERSITY OF HUDDERSFIELD (THE)        ,FC,00000-0000,Public       ,1,9,10,8,13,21
01315300,MASSEY UNIVERSITY                       ,FC,00000-0000,Public       ,2,8,10,4,33,37
01322500,COLLEGE OF LAW                          ,FC,00000-0000,Private      ,0,0,0,0,2,2
02052400,DARWIN COLLEGE                          ,FC,00000-0000,Public       ,0,3,3,0,8,8
02082400,UNIVERSITY OF CAMBRIDGE - QUEEN'S C     ,FC,00000-0000,Public       ,0,7,7,0,22,22
02083400,UNIVERSITY OF CAMBRIDGE - WOLFSON C     ,FC,00000-0000,Public       ,0,6,6,0,15,15
02087400,UNIVERSITY OF CAMBRIDGE - NEWNHAM C     ,FC,00000-0000,Public       ,0,2,2,1,4,5
02087900,OXFORD BROOKES UNIVERSITY               ,FC,00000-0000,Public       ,2,29,31,21,78,99
02094100,BEN-GURION UNIV                         ,FC,00000-0000,Public       ,0,63,63,0,124,124
02094400,UNIV OF CAMBRIDGE - ST EDMUND'S HOU     ,FC,00000-0000,Public       ,2,6,8,2,13,15
02095500,LONDON BUS SCHOOL                       ,FC,00000-0000,Private      ,1,58,59,5,95,100
02101900,ROEHAMPTON UNIVERSITY                   ,FC,00000-0000,Public       ,1,32,33,15,82,97
02108600,LONDON ACADEMY OF MUSIC & DRAMATIC      ,FC,00000-0000,Private      ,3,7,10,11,26,37
02115900,UNIVERSITY OF PORTSMOUTH                ,FC,00000-0000,Public       ,1,5,6,9,18,27
02116700,UNIVERSITY OF CAMBRIDGE - LUCY CAVE     ,FC,00000-0000,Public       ,0,2,2,1,3,4
02120000,UNIV OF LONDON - COURTALD INST OF A     ,FC,00000-0000,Public       ,0,10,10,3,31,34
02133400,UNIVERSITY OF CAMBRIDGE - SIDNEY SU     ,FC,00000-0000,Public       ,0,3,3,0,7,7
02142000,UNIVERSITY OF CAMBRIDGE - HOMERTON      ,FC,00000-0000,Public       ,0,3,3,0,4,4
02149700,UNIVERSITY OF WINCHESTER (THE)          ,FC,00000-0000,Public       ,4,5,9,17,9,26
02156800,UNIV OF OTAGO                           ,FC,00000-0000,Public       ,0,5,5,9,22,31
02162300,"IESE BUSINESS SCH, UNIV OF NAVARRA      ",FC,00000-0000,Private      ,2,24,26,7,47,54
02167400,UNIVERSITY OF CAMBRIDGE - CORPUS CH     ,FC,00000-0000,Public       ,0,4,4,0,6,6
02177700,KING'S COLLEGE- UNIV OF CAMBRIDGE       ,FC,00000-0000,Public       ,2,6,8,4,26,30
02180500,MIDDLESEX UNIVERSITY                    ,FC,00000-0000,Public       ,9,28,37,36,69,105
02181000,UNIVERSITY OF SOUTH AUSTRALIA           ,FC,00000-0000,Public       ,2,3,5,5,6,11
02183500,UNIV OF OXFORD - WYCLIFFE HALL          ,FC,00000-0000,Public       ,0,5,5,1,7,8
02186000,UNIVERSITY OF CAMBRIDGE - MAGDALENE     ,FC,00000-0000,Public       ,0,4,4,1,5,6
02186100,UNIVERSITY OF CAMBRIDGE - EMMANUEL      ,FC,00000-0000,Public       ,0,2,2,0,5,5
02189600,UNIVERSITY OF GRONINGEN                 ,FC,00000-0000,Public       ,1,8,9,2,24,26
02194800,UNIVERSITY OF THE WEST OF ENGLAND -     ,FC,00000-0000,Public       ,2,6,8,7,9,16
02195100,UNIV OF WESTMINSTER                     ,FC,00000-0000,Public       ,14,52,66,48,105,153
02196700,GUILDHALL SCHOOL OF MUSIC & DRAMA       ,FC,00000-0000,Public       ,1,4,5,11,14,25
02207300,UNIVERSITY OF CAMBRIDGE - CHRIST'S      ,FC,00000-0000,Public       ,0,2,2,1,5,6
02207400,CHINESE UNIVERSITY OF HONG KONG (THE)   ,FC,00000-0000,Public       ,5,10,15,18,39,57
02209500,UNIVERSITEIT UTRECHT                    ,FC,00000-0000,Public       ,3,15,18,12,44,56
02210000,UNIV OF LONDON - LONDON SCHOOL OF H     ,FC,00000-0000,Public       ,0,28,28,3,66,69
02225300,UNIV OF CANTERBURY                      ,FC,00000-0000,Public       ,0,5,5,4,31,35
02229100,UNIVERSITY OF LEICESTER                 ,FC,00000-0000,Public       ,7,37,44,14,89,103
02229600,SACKLER SCHOOL OF MEDICINE              ,FC,00000-0000,Public       ,0,103,103,1,141,142
02232100,UNIVERSITY OF CAMBRIDGE                 ,FC,00000-0000,Public       ,0,8,8,1,19,20
02233300,"ST GEORGE'S UNIVERSITY, SCHOOL OF MEDICI",FC,00000-0000,Proprietary  ,4,1478,1482,17,2713,2730
02235300,LONDON METROPOLITAN UNIVERSITY          ,FC,00000-0000,Public       ,3,29,32,18,52,70
02244400,AMERICAN UNIV OF THE CARIBBEAN          ,FC,00000-0000,Proprietary  ,4,407,411,11,1305,1316
02266600,UNIVERSITY OF LONDON - SAINT GEORGE     ,FC,00000-0000,Public       ,1,8,9,2,19,21
02271700,UNIVERSITY OF CAMBRIDGE - CLARE HAL     ,FC,00000-0000,Public       ,0,1,1,0,3,3
02271900,UNIVERSITY OF OXFORD - BLACKFRIARS      ,FC,00000-0000,Public       ,0,3,3,0,5,5
02272200,UNIV OF CAMBRIDGE - NEW HALL            ,FC,00000-0000,Public       ,0,1,1,0,3,3
02273600,QUEEN'S UNIV OF BELFAST (THE)           ,FC,00000-0000,Public       ,4,20,24,11,55,66
02273900,HERIOT WATT UNIVERSITY                  ,FC,00000-0000,Public       ,3,14,17,9,32,41
02276700,NYENRODE BUSINESS UNIVERSITEIT          ,FC,00000-0000,Private      ,0,0,0,0,1,1
02293400,ECOLE DES HAUTES ETUDES COMERCIALS      ,FC,00000-0000,Public       ,0,6,6,0,19,19
02296300,UNIVERSITY OF CAMBRIDGE - JESUS COL     ,FC,00000-0000,Public       ,0,2,2,0,4,4
02310500,DE MONTFORT UNIVERSITY                  ,FC,00000-0000,Public       ,0,2,2,3,5,8
02320500,ROYAL NORTHERN COLLEGE OF MUSIC         ,FC,00000-0000,Public       ,0,5,5,0,10,10
02335100,UNIV OF CAMBRIDGE - TRINITY HALL        ,FC,00000-0000,Public       ,1,5,6,1,12,13
02338900,UNIVERSITY  FOR THE CREATIVE ARTS       ,FC,00000-0000,Public       ,4,2,6,7,10,17
02351800,UNIVERSIDAD IBEROAMERICANA (UNIBE       ,FC,00000-0000,Private      ,38,201,239,71,336,407
02352100,UNIVERSITY OF PLYMOUTH                  ,FC,00000-0000,Public       ,1,4,5,5,15,20
02355200,ECOLE SUPERIEURE DE CUISINE FRANCAISE-FE,FC,00000-0000,Public       ,2,6,8,3,12,15
02493000,ESCUELA SUPERIOR ADMINISTRACION Y D     ,FC,00000-0000,Private      ,2,6,8,4,19,23
02496700,NATIONAL FILM & TV SCHOOL               ,FC,00000-0000,Public       ,0,0,0,0,6,6
02502600,PECSI ORVOSTUDOMANYI EGYETEM (PECS      ,FC,00000-0000,Public       ,0,0,0,0,2,2
02545700,GLASGOW SCHOOL OF ART                   ,FC,00000-0000,Public       ,2,8,10,6,22,28
02561600,SOUTHAMPTON SOLENT UNIVERSITY           ,FC,00000-0000,Public       ,1,5,6,7,6,13
02579600,MURDOCH UNIVERSITY                      ,FC,00000-0000,Public       ,0,6,6,1,44,45
02588000,UNIVERSITY OF ULSTER                    ,FC,00000-0000,Public       ,1,4,5,5,13,18
02591800,CURTIN UNIVERSITY OF TECHNOLOGY         ,FC,00000-0000,Public       ,1,3,4,2,8,10
02611700,DUBLIN CITY UNIVERSITY                  ,FC,00000-0000,Public       ,2,13,15,8,31,39
02623200,UNIVERSITY OF NEWCASTLE (THE)           ,FC,00000-0000,Public       ,3,5,8,11,10,21
03012700,UNIVERSITY OF BUCKINGHAM                ,FC,00000-0000,Private      ,0,1,1,5,5,10
03029400,KEELE UNIVERSITY                        ,FC,00000-0000,Public       ,3,4,7,18,17,35
03029500,NORTHUMBRIA UNIVERSITY                  ,FC,00000-0000,Public       ,1,13,14,5,20,25
03029800,NORGES HANDELSHOYSKOLE                  ,FC,00000-0000,Public       ,1,1,2,1,3,4
03033300,MANCHESTER METROPOLITAN UNIV            ,FC,00000-0000,Public       ,6,11,17,21,38,59
03045000,UNIVERSITY OF EAST LONDON               ,FC,00000-0000,Public       ,8,22,30,31,52,83
03050100,STUDIO ART CENTERS INTERNATIONAL        ,FC,00000-0000,Private      ,3,5,8,19,40,59
03066800,PONTIFICIO ATENEO DELLA SANTA CROCE     ,FC,00000-0000,Private      ,0,3,3,0,5,5
03067200,UNIVERSITY OF SYDNEY                    ,FC,00000-0000,Public       ,9,49,58,21,151,172
03073800,UNIV OF DEBRECEN MED & HEALTH SCI       ,FC,00000-0000,Public       ,3,8,11,3,11,14
03080300,SHEFFIELD HALLAM UNIVERSITY             ,FC,00000-0000,Public       ,0,8,8,1,12,13
03084300,UNIVERSITY OF LIMERICK                  ,FC,00000-0000,Public       ,3,17,20,21,47,68
03088700,ROYAL SCOTTISH ACAD MUSIC & DRAMA       ,FC,00000-0000,Public       ,5,5,10,21,16,37
03091400,UNIVERSITY OF WOLLONGONG                ,FC,00000-0000,Public       ,1,4,5,4,15,19
03091500,UNIVERSITY OF CANBERRA                  ,FC,00000-0000,Public       ,0,1,1,1,10,11
03091700,POZNAN UNIVERSITY OF MEDICAL SCIENCES   ,FC,00000-0000,Public       ,3,26,29,7,48,55
03092500,NOTTINGHAM TRENT UNIVERSITY             ,FC,00000-0000,Public       ,3,5,8,11,20,31
03095000,RMIT UNIVERSITY                         ,FC,00000-0000,Public       ,4,9,13,8,33,41
03095400,BOND UNIVERSITY                         ,FC,00000-0000,Private      ,5,11,16,11,27,38
03095900,ESSEC BUSINESS SCHOOL                   ,FC,00000-0000,Private      ,0,5,5,0,10,10
03096100,LA TROBE UNIVERSITY                     ,FC,00000-0000,Public       ,2,5,7,6,16,22
03096900,DEAKIN UNIVERSITY                       ,FC,00000-0000,Public       ,3,2,5,3,5,8
03097100,UNIVERSITY OF WESTERN SYDNEY            ,FC,00000-0000,Public       ,3,3,6,3,3,6
03097300,VICTORIA UNIVERSITY OF TECHNOLOGY       ,FC,00000-0000,Public       ,1,2,3,3,8,11
03097500,CENTRAL QUEENSLAND UNIVERSITY           ,FC,00000-0000,Public       ,1,3,4,1,4,5
03100000,UNIVERSITY OF ADELAIDE (THE)            ,FC,00000-0000,Public       ,0,6,6,3,12,15
03101600,ASIAN INSTITUTE OF MANAGEMENT           ,FC,00000-0000,Private      ,0,12,12,1,18,19
03102500,AMERICAN UNIVERSITY OF ROME             ,FC,00000-0000,Private      ,33,23,56,136,54,190
03102800,ROBERT GORDON UNIVERSITY (THE)          ,FC,00000-0000,Public       ,1,12,13,1,29,30
03104800,GRIFFITH UNIVERSITY                     ,FC,00000-0000,Public       ,1,5,6,7,21,28
03136300,AUSTRALIAN CATHOLIC UNIVERSITY          ,FC,00000-0000,Public       ,3,3,6,3,5,8
03140300,EDITH COWAN UNIVERSITY                  ,FC,00000-0000,Public       ,0,1,1,3,2,5
03140400,NORTHERN TERRITORY UNIVERSITY           ,FC,00000-0000,Public       ,0,0,0,0,1,1
03140500,QUEENSLAND UNIVERSITY OF TECHNOLOGY     ,FC,00000-0000,Public       ,1,5,6,3,17,20
03140600,SOUTHERN CROSS UNIVERSITY               ,FC,00000-0000,Public       ,1,5,6,2,14,16
03140700,SWINBURNE UNIVERSITY OF TECHNOLOGY      ,FC,00000-0000,Public       ,0,2,2,0,6,6
03140900,UNIVERSITY OF BALLARAT                  ,FC,00000-0000,Public       ,0,1,1,0,1,1
03150400,"UNIVERSITY OF TECHNOLOGY, SYDNEY        ",FC,00000-0000,Public       ,0,4,4,3,21,24
03287300,LIVERPOOL INSTITUTE FOR PERFORMING ARTS ,FC,00000-0000,Public       ,5,0,5,11,0,11
03300300,"2ND SCHOOL OF MEDICINE, CHARLES UNI     ",FC,00000-0000,Public       ,0,4,4,1,11,12
03300400,"FIRST FACULTY OF MEDICINE, CHARLES UNIV.",FC,00000-0000,Public       ,0,12,12,3,24,27
03329300,JOHN CABOT UNIVERSITY                   ,FC,00000-0000,Private      ,38,16,54,145,28,173
03333300,MEDICAL UNIVERSITY SCHOOL OF LUBLIN     ,FC,00000-0000,Public       ,1,40,41,1,96,97
03334300,UNIVERSIDAD NORDESTANA                  ,FC,00000-0000,Private      ,5,16,21,12,56,68
03335300,MEDICAL UNIVERSITY OF SILESIA           ,FC,00000-0000,Public       ,0,0,0,0,11,11
03342300,GLASGOW CALEDONIAN UNIVERSITY           ,FC,00000-0000,Public       ,1,8,9,6,16,22
03349400,"QUEEN MARGARET UNIVERSITY, EDINBURGH    ",FC,00000-0000,Public       ,1,7,8,2,29,31
03350300,BOURNEMOUTH UNIVERSITY                  ,FC,00000-0000,Public       ,0,11,11,7,21,28
03352300,LONDON SOUTH BANK UNIVERSITY            ,FC,00000-0000,Private      ,2,17,19,10,31,41
03363300,THE ARTS EDUCATIONAL SCHOOLS LONDON     ,FC,00000-0000,Private      ,0,1,1,0,2,2
03364300,"FACULTY OF MEDICINE, PALACKY UNIVER     ",FC,00000-0000,Public       ,0,3,3,0,3,3
03365400,AUCKLAND INSTITUTE OF TECHNOLOGY        ,FC,00000-0000,Public       ,2,3,5,7,11,18
03366300,TROPICAL AGRICULTURE RESEARCH AND H     ,FC,00000-0000,Private      ,0,2,2,0,2,2
03378300,"THE 3RD FACULTY OF MEDICINE, CHARLE     ",FC,00000-0000,Public       ,0,1,1,1,7,8
03406300,"THE SCHOOL OF PHARMACY, UNIVERSITY      ",FC,00000-0000,Public       ,0,1,1,0,3,3
03418400,NAPIER UNIVERSITY                       ,FC,00000-0000,Public       ,1,23,24,8,43,51
03435300,ANGLIA  RUSKIN UNIVERSITY               ,FC,00000-0000,Private      ,2,9,11,9,22,31
03460300,INTERNATIONALES THEOLOGISCHES INSTI     ,FC,00000-0000,Private      ,0,9,9,0,11,11
03462400,UNIV OF ARTS LONDON - LON COLL OF COMMUN,FC,00000-0000,Public       ,0,4,4,14,14,28
03466300,INSTITUTO CENTROAMERICANO DE ADMINI     ,FC,00000-0000,Private      ,0,0,0,1,0,1
03473300,UNIV OF ARTS LONDON - LON COLL FASHION  ,FC,00000-0000,Public       ,45,58,103,89,90,179
03473305,UNIVERSITY OF THE ARTS LONDON - CHELSEA ,FC,00000-0000,Public       ,2,1,3,12,6,18
03473311,UNIVERSITY OF THE ARTS LONDON - WIMBLEDO,FC,00000-0000,Public       ,0,2,2,2,5,7
03478300,ROYAL WELSH COLLEGE OF MUSIC AND DRAMA  ,FC,00000-0000,Public       ,5,5,10,15,14,29
03492300,UNIVERSITY OF OXFORD - GREEN TEMPLETON C,FC,00000-0000,Public       ,0,7,7,0,12,12
03492400,UNIV OF CAMBRIDGE-ST CATHERINE'S CG     ,FC,00000-0000,Public       ,0,1,1,0,3,3
03494400,UNIV OF CAMBRIDGE-SELWYN COLLEGE        ,FC,00000-0000,Public       ,0,5,5,0,6,6
03494600,UNIV OF OXFORD-HARRIS MANCHESTER        ,FC,00000-0000,Public       ,0,1,1,1,3,4
03501400,LEEDS METROPOLITAN UNIVERSITY           ,FC,00000-0000,Public       ,2,13,15,13,28,41
03507300,UNIVERSITY OF SUNDERLAND                ,FC,00000-0000,Public       ,1,6,7,5,11,16
03515300,UNIVERSITY OF CENTRAL LANCASHIRE        ,FC,00000-0000,Public       ,0,9,9,3,16,19
03517300,UNIVERSITY OF BRIGHTON                  ,FC,00000-0000,Public       ,3,16,19,10,29,39
03518300,EUROPEAN GRADUATE SCHOOL                ,FC,00000-0000,Private      ,0,23,23,0,78,78
03527300,SOFIA UNIVERSITY ST. KLIMENT OHRIDSKI   ,FC,00000-0000,Public       ,0,5,5,1,7,8
03533300,BATH SPA UNIVERSITY                     ,FC,00000-0000,Public       ,2,11,13,8,23,31
03547300,UNIVERSITY OF GLAMORGAN                 ,FC,00000-0000,Public       ,1,2,3,5,10,15
03580300,LIVERPOOL JOHN MOORES UNIVERSITY        ,FC,00000-0000,Public       ,1,3,4,6,5,11
03589400,ARTS INSTITUTE AT BOURNEMOUTH (THE)     ,FC,00000-0000,Public       ,1,4,5,6,7,13
03590300,AVONDALE COLLEGE LIMITED                ,FC,00000-0000,Private      ,0,3,3,3,4,7
03594300,GROUP ESC GRENOBLE GRAD SCH OF BUS.     ,FC,00000-0000,Private      ,0,12,12,0,19,19
03597300,JAGIELLONIAN UNIVERSITY                 ,FC,00000-0000,Public       ,0,7,7,1,16,17
03601300,UNIVERSITAT JAUME I DE CASTELLO/UJI     ,FC,00000-0000,Public       ,0,1,1,1,11,12
03619300,UNIVERSITY OF GREENWICH                 ,FC,00000-0000,Public       ,1,18,19,29,42,71
03653400,UNIVERSIDAD DE IBEROAMERICA - UNIBE     ,FC,00000-0000,Private      ,0,7,7,2,24,26
03674300,UNIVERSITY OF ABERTAY DUNDEE            ,FC,00000-0000,Public       ,0,1,1,1,5,6
03684400,UNIVERSITY OF LINCOLN                   ,FC,00000-0000,Public       ,1,11,12,14,29,43
03684500,MEDICAL UNIVERSITY OF GDANSK            ,FC,00000-0000,Public       ,0,5,5,0,10,10
03694300,UNIVERSITY OF CHICHESTER                ,FC,00000-0000,Public       ,1,1,2,3,1,4
03716300,"UNIVERSITY OF WALES, NEWPORT            ",FC,00000-0000,Public       ,0,3,3,3,9,12
03727400,UNIVERSITY OF WAIKATO (THE)             ,FC,00000-0000,Public       ,1,5,6,4,12,16
03738300,LONDON SCHOOL OF THEOLOGY               ,FC,00000-0000,Private      ,0,5,5,0,6,6
03741300,ALRA (ACADEMY OF LIVE AND RECORDED ARTS),FC,00000-0000,Private      ,3,3,6,9,8,17
03770300,NAZARENE THEOLOGICAL COLLEGE            ,FC,00000-0000,Private      ,0,2,2,0,4,4
03794400,ANGLO EUROPEAN COLLEGE OF CHIROPRACTIC  ,FC,00000-0000,Private      ,1,2,3,1,3,4
03807300,ROSE BRUFORD COLLEGE                    ,FC,00000-0000,Public       ,0,2,2,3,7,10
03816400,AMERICAN GRAD SCH OF INTERNTL REL & DIPL,FC,00000-0000,Private      ,2,15,17,5,57,62
03818300,LEIPZIG GRADUATE SCHOOL OF MANAGEMENT   ,FC,00000-0000,Private      ,1,6,7,1,18,19
03824300,"ROYAL VETERINARY COLLEGE (THE), UNIVERSI",FC,00000-0000,Public       ,1,38,39,2,113,115
03850500,MEDICAL UNIVERSITY OF LODZ              ,FC,00000-0000,Public       ,2,6,8,3,13,16
03859400,UNIVERSITY COLLEGE FALMOUTH             ,FC,00000-0000,Public       ,3,4,7,12,7,19
03873300,COPENHAGEN BUSINESS SCHOOL              ,FC,00000-0000,Public       ,1,6,7,2,9,11
03880300,UNIVERSITY OF GLOUCESTERSHIRE (THE)     ,FC,00000-0000,Public       ,1,5,6,2,7,9
03897400,INTERNATIONAL SPACE UNIVERSITY          ,FC,00000-0000,Private      ,0,2,2,0,4,4
03941301,AVE MARIA UNIVERSITY - LATIN AMERICA    ,FC,00000-0000,Private      ,49,21,70,76,32,108
03974300,"ST. GEORGE'S UNIVERSITY, SCHOOL OF VETER",FC,00000-0000,Proprietary  ,2,220,222,7,483,490
04021400,"AMERICAN COLLEGE, DUBLIN LIMITED (THE)  ",FC,00000-0000,Private      ,9,12,21,23,26,49
04021500,CENTRAL EUROPEAN UNIVERSITY             ,FC,00000-0000,Private      ,1,26,27,3,84,87
04032300,YORK ST JOHN UNIVERSITY                 ,FC,00000-0000,Public       ,0,0,0,6,2,8
04046300,HK UNIVERSITY OF SCI & TECH (HKUST)     ,FC,00000-0000,Public       ,1,4,5,4,15,19
04070300,"RAPHAEL RECANATI INTERNATIONAL SCHOOL, T",FC,00000-0000,Private      ,21,19,40,47,36,83
04076300,NEWCASTLE COLLEGE                       ,FC,00000-0000,Public       ,1,2,3,1,2,3
04085400,NEW ZEALAND COLLEGE OF CHIROPRACTIC     ,FC,00000-0000,Private      ,0,1,1,0,3,3
04113300,LEBANESE AMERICAN UNIVERSITY            ,FC,00000-0000,Private      ,17,8,25,38,18,56
04115900,LIVERPOOL HOPE UNIVERSITY               ,FC,00000-0000,Public       ,0,5,5,3,7,10
04116300,EDHEC BUSINESS SCHOOL                   ,FC,00000-0000,Private      ,0,7,7,0,15,15
04128600,UNIVERSITY OF WORCESTER                 ,FC,00000-0000,Public       ,1,3,4,4,5,9
04128700,HERTIE SCHOOL OF GOVERNANCE             ,FC,00000-0000,Private      ,2,11,13,4,28,32
04134200,LONDON CONTEMPORARY DANCE SCHOOL        ,FC,00000-0000,Private      ,0,1,1,0,3,3
04139100,UNIVERSITA DEGLI STUDI DI SCIENZE GASTRO,FC,00000-0000,Private      ,1,6,7,1,25,26
04143700,ST MARY'S UNIVERSITY COLLEGE TWICKENHAM ,FC,00000-0000,Public       ,3,14,17,10,29,39
04168200,EUROPEAN UNIVERSITY AT ST. PETERSBURG   ,FC,00000-0000,Private      ,2,14,16,4,32,36
04171800,"INTERNATIONAL UNIVERSITY OF NURSING, ST.",FC,00000-0000,Proprietary  ,0,1,1,2,4,6
04176500,ESMT EUROPEAN SCHOOL OF MANAGEMENT AND T,FC,00000-0000,Private      ,3,5,8,4,14,18
00380600,ALDERSON-BROADDUS COLLEGE               ,WV,26416-1051,Private      ,218,97,315,1888,373,2261
00380700,MOUNTAIN STATE UNIVERSITY               ,WV,25801-5624,Private      ,8,32,40,31,97,128
00380800,BETHANY COLLEGE                         ,WV,26032-0417,Private      ,225,34,259,1109,111,1220
00380900,BLUEFIELD STATE COLLEGE                 ,WV,24701-2198,Public       ,263,572,835,1235,1400,2635
00381000,CONCORD UNIVERSITY                      ,WV,24712-0000,Public       ,373,372,745,2751,1230,3981
00381100,DAVIS & ELKINS COLLEGE                  ,WV,26241-3996,Private      ,182,89,271,1021,283,1304
00381200,FAIRMONT STATE UNIVERSITY               ,WV,26554-2470,Public       ,701,850,1551,4714,2657,7371
00381300,GLENVILLE STATE COLLEGE                 ,WV,26351-1292,Public       ,256,182,438,1404,483,1887
00381500,MARSHALL UNIVERSITY                     ,WV,25755-3300,Public       ,1389,2044,3433,9818,5908,15726
00381600,SOUTHERN WV COMMUNITY COLLEGE           ,WV,25637-2900,Public       ,223,408,631,1071,1078,2149
00381800,UNIVERSITY OF CHARLESTON                ,WV,25304-1099,Private      ,234,506,740,1769,1571,3340
00381900,OHIO VALLEY COLLEGE                     ,WV,26105-8000,Private      ,150,58,208,446,137,583
00382000,SALEM INTERNATIONAL UNIVERSITY          ,WV,26426-0500,Proprietary  ,101,222,323,323,535,858
00382200,SHEPHERD UNIVERSITY                     ,WV,25443-3210,Public       ,455,418,873,3812,1406,5218
00382300,WEST LIBERTY UNIVERSITY                 ,WV,26074-0295,Public       ,591,337,928,2921,873,3794
00382600,WEST VIRGINIA STATE UNIVERSITY          ,WV,25112-0000,Public       ,436,671,1107,2268,1670,3938
00382700,WEST VIRGINIA UNIVERSITY                ,WV,26506-6201,Public       ,2937,2157,5094,25250,8430,33680
00382711,WEST VIRGINIA UNIVERSITY - POTOMAC STATE,WV,26726-3000,Public       ,325,183,508,1812,517,2329
00382721,WEST VIRGINIA UNIV INST OF TECH         ,WV,25136-2436,Public       ,237,197,434,1354,550,1904
00382800,WEST VIRGINIA UNIV AT PARKERSBURG       ,WV,26101-9577,Public       ,374,831,1205,1579,2038,3617
00383000,WEST VIRGINIA WESLEYAN COLLEGE          ,WV,26201-2600,Private      ,259,86,345,2000,274,2274
00383100,WHEELING JESUIT UNIVERSITY              ,WV,26003-6243,Private      ,215,343,558,1253,786,2039
00500700,WEST VIRGINIA JUNIOR COLLEGE            ,WV,26505-5596,Proprietary  ,80,99,179,245,296,541
00500800,MOUNTAIN STATE COLLEGE                  ,WV,26101-3993,Proprietary  ,12,104,116,51,249,300
00754400,APPALACHIAN BIBLE COLLEGE               ,WV,25818-1353,Private      ,62,23,85,258,56,314
00757800,HUNTINGTON SCHOOL OF BEAUTY CULTURE     ,WV,25705-2030,Proprietary  ,23,73,96,74,137,211
00760000,INTERNATIONAL BEAUTY SCHOOL             ,WV,25401-3231,Proprietary  ,9,50,59,25,70,95
00835500,JAMES RUMSEY TECHNICAL INSTITUTE        ,WV,25403-0259,Public       ,35,123,158,104,255,359
00895900,CLARKSBURG BEAUTY ACADEMY               ,WV,26301-2903,Proprietary  ,19,36,55,49,68,117
00904700,HUNTINGTON JUNIOR COLLEGE               ,WV,25701-2004,Proprietary  ,52,385,437,161,831,992
00905400,WEST VIRGINIA NORTHERN CMTY COLLEGE     ,WV,26003-0000,Public       ,299,719,1018,872,1443,2315
01014000,MINERAL COUNTY VOCATIONAL TECH CTR      ,WV,26726-0000,Public       ,1,24,25,11,49,60
01035600,EVEREST INSTITUTE                       ,WV,25313-1304,Proprietary  ,30,183,213,61,281,342
01057300,WEST VIRGINIA JUNIOR COLLEGE            ,WV,25322-0000,Proprietary  ,56,115,171,144,285,429
01057302,WEST VIRGINIA JUNIOR COLLEGE            ,WV,26330-0000,Proprietary  ,36,50,86,145,206,351
01086100,WEST VIRGINIA BUSINESS COLLEGE          ,WV,26301-0000,Proprietary  ,9,56,65,31,116,147
01124500,WEST VIRGINIA SCH OSTEOPATHIC MED       ,WV,24901-1128,Public       ,7,300,307,32,823,855
01174900,WOOD COUNTY SCH OF PRAC NURSING         ,WV,26101-6424,Public       ,7,44,51,38,96,134
01235900,B M SPURR SCHOOL OF PRAC NURSING        ,WV,26038-1660,Private      ,2,20,22,13,33,46
01257300,WEST VIRGINIA UNIV-HOSP-RAD TECH        ,WV,26506-8062,Private      ,20,38,58,188,125,313
01274300,BENJAMIN FRANKLIN CAREER&TECH           ,WV,25064-0000,Public       ,33,86,119,87,168,255
01290400,MONONGALIA CNTY TECH ED CTR             ,WV,26501-6841,Public       ,20,57,77,82,149,231
01290500,ACADEMY OF CAREERS AND TECHNOLOGY       ,WV,25801-0000,Public       ,24,110,134,91,239,330
02057400,ROANE-JACKSON TECHNICAL CENTER          ,WV,25252-0000,Public       ,2,23,25,20,58,78
02068000,UNITED TECHNICAL CENTER                 ,WV,26301-0000,Public       ,7,45,52,38,113,151
02073400,CARVER CAREER TECH ED CTR               ,WV,25306-6397,Public       ,56,128,184,178,299,477
02145100,SCOTT COLLEGE OF COSMETOLOGY            ,WV,26003-0000,Proprietary  ,27,28,55,57,52,109
02178200,CHARLESTON SCHOOL OF BEAUTY CULTURE     ,WV,25301-0000,Proprietary  ,16,55,71,70,107,177
02218200,GARNET CAREER CENTER                    ,WV,25301-0000,Public       ,26,114,140,88,276,364
02275300,CABELL COUNTY CAREER TECHNOLOGY CTR     ,WV,25705-0000,Public       ,37,103,140,118,216,334
02524500,RALPH R WILLIS VOCATIONAL CENTER        ,WV,25601-0000,Public       ,7,23,30,29,67,96
02534800,FRED W EBERLE TECHNICAL CENTER          ,WV,26201-0000,Public       ,13,35,48,59,90,149
02535500,MERCER COUNTY TECH EDUC CNTR            ,WV,24740-0000,Public       ,26,94,120,88,205,293
02579900,NORTH CENTRAL OPPORTUNITIES INDUSTRIALIZ,WV,26554-2936,Private      ,10,39,49,26,64,90
02609400,VALLEY COLLEGE                          ,WV,25404-5711,Proprietary  ,8,66,74,36,138,174
03052000,MEREDITH MANOR EQUESTRIAN CENTRE        ,WV,26184-9707,Proprietary  ,60,29,89,202,78,280
03076500,FAYETTE INSTITUTE OF TECHNOLOGY         ,WV,25901-2174,Public       ,8,19,27,23,58,81
03084200,VALLEY COLLEGE                          ,WV,24740-3141,Proprietary  ,11,50,61,30,105,135
03084400,VALLEY COLLEGE                          ,WV,25801-2643,Proprietary  ,20,140,160,50,238,288
03098300,PUTNAM CAREER & TECHNICAL CENTER        ,WV,25070-0000,Public       ,17,46,63,62,93,155
03099200,"MOUNTAINEER BEAUTY COLLEGE, INC         ",WV,25177-2917,Proprietary  ,0,0,0,4,3,7
03102100,MORGANTOWN BEAUTY COLLEGE               ,WV,26505-5430,Proprietary  ,22,56,78,78,106,184
03123200,STANLEY TECHNICAL INSTITUTE             ,WV,26505-3751,Private      ,4,12,16,13,37,50
03327500,SOUTH BRANCH VOCATIONAL TECH CENTER     ,WV,26847-1698,Public       ,2,8,10,7,13,20
03734300,JOHN D. ROCKEFELLER IV CAREER CENTER    ,WV,26047-9424,Public       ,4,15,19,8,22,30
03819300,AMERICAN PUBLIC UNIVERSITY SYSTEM       ,WV,25414-1621,Proprietary  ,719,18137,18856,1464,37993,39457
03957300,BLUE RIDGE COMMUNITY AND TECHNICAL COLLE,WV,25401-3244,Public       ,211,674,885,785,1726,2511
03960300,NEW RIVER COMMUNITY AND TECHNICAL COLLEG,WV,25801-2636,Public       ,307,828,1135,990,1853,2843
04028300,MOUNTAIN STATE SCHOOL OF MASSAGE        ,WV,25304-2025,Proprietary  ,2,22,24,16,49,65
04038500,PIERPONT COMMUNITY & TECHNICAL COLLEGE  ,WV,26554-2451,Public       ,306,506,812,1590,1540,3130
04038600,KANAWHA VALLEY COMMUNITY & TECH COLLEGE ,WV,25112-1000,Public       ,213,680,893,634,1422,2056
04041400,MOUNTWEST COMMUNITY AND TECHNICAL COLLEG,WV,25755-3300,Public       ,265,646,911,875,1450,2325
04047300,BRIDGEMONT COMMUNITY & TECHNICAL COLLEGE,WV,25136-2435,Public       ,142,128,270,443,290,733
04119000,EASTERN WEST VIRGINIA COMMUNITY & TECHNI,WV,26836-0000,Public       ,44,184,228,176,406,582
04139900,FUTURE GENERATIONS GRADUATE SCHOOL      ,WV,26807-0000,Private      ,0,1,1,0,1,1
00106100,ALASKA PACIFIC UNIVERSITY               ,AK,99508-4672,Private      ,101,257,358,444,697,1141
00106300,UNIVERSITY OF ALASKA FAIRBANKS          ,AK,99775-7500,Public       ,779,1146,1925,3008,3016,6024
00106500,UNIVERSITY OF ALASKA SOUTHEAST          ,AK,99801-8680,Public       ,179,423,602,748,1057,1805
00884300,ALASKA BIBLE COLLEGE                    ,AK,99588-0000,Private      ,14,8,22,32,26,58
01146200,UNIVERSITY OF ALASKA ANCHORAGE          ,AK,99514-1608,Public       ,1826,2711,4537,5623,6664,12287
02541000,ALASKA CAREER COLLEGE                   ,AK,99507-1033,Proprietary  ,82,269,351,175,587,762
02576900,CHARTER COLLEGE                         ,AK,99508-0000,Proprietary  ,415,1517,1932,564,2081,2645
03160300,AVTEC                                   ,AK,99664-0889,Public       ,80,126,206,222,313,535
03461300,ILISAGVIK COLLEGE                       ,AK,99723-0749,Public       ,7,18,25,23,41,64
04138600,ALASKA CHRISTIAN COLLEGE                ,AK,99669-9755,Private      ,11,21,32,26,39,65
00108500,UNIV ARKANSAS MONTICELLO                ,AR,71656-0000,Public       ,1080,941,2021,2089,1531,3620
00108600,UNIV OF ARKANSAS AT PINE BLUFF          ,AR,71601-2790,Public       ,1254,671,1925,3109,1376,4485
00108700,ARKANSAS BAPTIST COLLEGE                ,AR,72202-6099,Private      ,528,653,1181,957,1146,2103
00108800,LYON COLLEGE                            ,AR,72501-3699,Private      ,260,58,318,833,123,956
00108900,ARKANSAS TECH UNIVERSITY                ,AR,72801-2222,Public       ,2817,2357,5174,6045,4003,10048
00109000,ARKANSAS STATE UNIVERSITY               ,AR,72467-0000,Public       ,3870,4675,8545,8745,8159,16904
00109002,ARKANSAS STATE UNIVERSITY - NEWPORT     ,AR,72112-1120,Public       ,412,653,1065,674,1052,1726
00109006,DELTA TECHNICAL INSTITUTE               ,AR,72365-9558,Public       ,32,53,85,54,111,165
00109100,ARKANSAS STATE UNIVERSITY - BEEBE       ,AR,72012-1000,Public       ,1089,1201,2290,2023,2249,4272
00109200,UNIVERSITY OF CENTRAL ARKANSAS          ,AR,72035-0001,Public       ,4096,2371,6467,9202,3979,13181
00109300,CENTRAL BAPTIST COLLEGE                 ,AR,72034-6470,Private      ,274,283,557,560,467,1027
00109400,UNIVERSITY OF THE OZARKS                ,AR,72830-2880,Private      ,221,56,277,655,125,780
00109500,CROWLEYS RIDGE COLLEGE                  ,AR,72450-9775,Private      ,77,57,134,174,115,289
00109700,HARDING UNIVERSITY                      ,AR,72149-0001,Private      ,1491,861,2352,3604,1408,5012
00109800,HENDERSON STATE UNIVERSITY              ,AR,71999-0001,Public       ,1561,825,2386,3434,1388,4822
00109900,HENDRIX COLLEGE                         ,AR,72032-3080,Private      ,275,110,385,2199,240,2439
00110000,JOHN BROWN UNIVERSITY                   ,AR,72761-2747,Private      ,385,542,927,1508,978,2486
00110100,UNIV ARKANSAS LITTLE ROCK               ,AR,72204-1099,Public       ,2271,4321,6592,4871,7762,12633
00110200,OUACHITA BAPTIST UNIVERSITY             ,AR,71998-0001,Private      ,675,81,756,1747,176,1923
00110300,PHILANDER SMITH COLLEGE                 ,AR,72202-3718,Private      ,304,344,648,1020,663,1683
00110400,PHILLIPS COUNTY COMMUNITY COLLEGE       ,AR,72342-0000,Public       ,212,310,522,365,498,863
00110500,SHORTER COLLEGE                         ,AR,72114-4885,Private      ,23,189,212,41,329,370
00110600,WILLIAMS BAPTIST COLLEGE                ,AR,72476-4661,Private      ,241,72,313,571,124,695
00110700,SOUTHERN ARKANSAS UNIVERSITY            ,AR,71754-0000,Public       ,1172,815,1987,2612,1376,3988
00110800,UNIV ARKANSAS FAYETTEVILLE              ,AR,72701-0000,Public       ,5690,2837,8527,16256,5571,21827
00110900,UNIVERSITY OF ARKANSAS FOR MEDICAL SCIEN,AR,72205-7102,Public       ,300,1514,1814,662,2677,3339
00111000,UNIVERSITY OF ARKANSAS-FORT SMITH       ,AR,72904-7397,Public       ,1882,1770,3652,3892,3189,7081
00524500,U OF A COMM COLLEGE AT MORRILTON        ,AR,72110-9601,Public       ,721,912,1633,1188,1520,2708
00570700,SEARK COLLEGE                           ,AR,71603-0000,Public       ,306,697,1003,548,1332,1880
00573200,UNIV AR COMMUNITY COLLEGE AT HOPE       ,AR,71801-0000,Public       ,255,485,740,505,799,1304
00704400,CROWLEYS RIDGE TECHNICAL INSTITUTE      ,AR,72336-0000,Public       ,80,132,212,110,217,327
00732967,ITT TECHNICAL INSTITUTE                 ,AR,72204-7739,Proprietary  ,115,303,418,211,503,714
00773800,SOUTHERN ARKANSAS UNIVERSITY TECH       ,AR,71701-1900,Public       ,311,365,676,529,612,1141
00792100,PAUL MITCHELL THE SCHOOL ARKANSAS       ,AR,72701-0000,Proprietary  ,38,54,92,71,95,166
00997600,OUACHITA TECHNICAL COLLEGE              ,AR,72104-0816,Public       ,200,484,684,328,801,1129
01074100,MELLIE'S BEAUTY COLLEGE                 ,AR,72901-3886,Proprietary  ,35,91,126,54,145,199
01210500,NATIONAL PARK COMMUNITY COLLEGE         ,AR,71913-9174,Public       ,522,976,1498,841,1618,2459
01226000,EAST ARKANSAS COMMUNITY COLLEGE         ,AR,72335-2204,Public       ,214,294,508,382,522,904
01226100,NORTH ARKANSAS COLLEGE                  ,AR,72601-5508,Public       ,541,779,1320,954,1314,2268
01286000,ARKANSAS NORTHEASTERN COLLEGE           ,AR,72316-1109,Public       ,293,487,780,558,763,1321
02052200,BLACK RIVER TECHNICAL COLLEGE           ,AR,72455-0000,Public       ,374,850,1224,649,1386,2035
02073500,UNIVERSITY OF ARKANSAS COMMUNITY COLLEGE,AR,72503-0000,Public       ,247,368,615,521,725,1246
02073700,NORTHWEST TECHNICAL INSTITUTE           ,AR,72765-0000,Public       ,118,204,322,195,355,550
02074600,SOUTH ARKANSAS COMMUNITY COLLEGE        ,AR,71731-0000,Public       ,323,727,1050,535,1204,1739
02075300,PULASKI TECHNICAL COLLEGE               ,AR,72118-0000,Public       ,1897,5937,7834,3134,9762,12896
02087000,OZARKA COLLEGE                          ,AR,72556-0000,Public       ,205,480,685,334,762,1096
02111100,RICH MOUNTAIN COMMUNITY COLLEGE         ,AR,71953-0000,Public       ,154,222,376,287,325,612
02202400,PROFESSIONAL COSMETOLOGY EDUC CTR       ,AR,71730-5828,Proprietary  ,11,32,43,21,51,72
02220900,COSSATOT COMMUNITY COLLEGE              ,AR,71832-0000,Public       ,238,435,673,474,731,1205
02272400,EASTERN COLLEGE OF HEALTH VOCATIONS     ,AR,72205-3535,Proprietary  ,75,212,287,111,382,493
02284200,NEW TYLER BARBER COLLEGE INC            ,AR,72114-0000,Proprietary  ,24,68,92,34,121,155
02287400,MARSHA KAY BEAUTY COLLEGE               ,AR,72653-0000,Proprietary  ,12,18,30,20,28,48
02330800,JEFFERSON SCHOOL OF NURSING             ,AR,71603-0000,Private      ,44,108,152,84,189,273
02339800,SOUTHERN INSTITUTE OF COSMETOLOGY       ,AR,72301-0000,Proprietary  ,4,12,16,5,25,30
02341700,CAREER ACADEMY OF HAIR DESIGN           ,AR,72764-4304,Proprietary  ,20,66,86,26,101,127
02341701,CAREER ACADEMY OF HAIR DESIGN - ROGERS  ,AR,72756-2102,Proprietary  ,10,48,58,19,75,94
02341702,CAREER ACADEMY OF HAIR DESIGN - SILOAM  ,AR,72761-4217,Proprietary  ,9,18,27,14,24,38
02348200,MID-SOUTH COMMUNITY COLLEGE             ,AR,72301-0000,Public       ,281,578,859,607,1148,1755
02363500,ARTHUR'S BEAUTY COLLEGE                 ,AR,72901-0000,Proprietary  ,28,76,104,44,126,170
02525800,LEE'S SCHOOL OF COSMETOLOGY             ,AR,72114-0000,Proprietary  ,19,43,62,29,85,114
02538500,ARTHUR'S BEAUTY COLLEGE                 ,AR,72076-0000,Proprietary  ,43,111,154,55,162,217
02569600,SEARCY BEAUTY COLLEGE                   ,AR,72143-0000,Proprietary  ,20,46,66,27,85,112
03005100,ARKANSAS BEAUTY SCHOOL                  ,AR,72209-5116,Proprietary  ,34,67,101,61,142,203
03007100,HOT SPRINGS BEAUTY COLLEGE              ,AR,71901-5432,Proprietary  ,18,44,62,28,78,106
03007600,ARKANSAS BEAUTY SCHOOL-CONWAY           ,AR,72032-4354,Proprietary  ,29,63,92,50,103,153
03023400,ARKANSAS COLLEGE OF BARBERING           ,AR,72114-5615,Proprietary  ,29,80,109,37,126,163
03063300,NORTHWEST ARKANSAS COMMUNITY COLLEG     ,AR,72712-5190,Public       ,1653,2257,3910,2928,3958,6886
03065100,ABC BEAUTY COLLEGE                      ,AR,71923-4206,Proprietary  ,7,27,34,16,48,64
03066302,BRYAN COLLEGE -                         ,AR,72756-1825,Proprietary  ,28,133,161,51,210,261
03105200,BAPTIST HEALTH SCHOOLS LITTLE ROCK      ,AR,72210-2820,Private      ,306,861,1167,505,1528,2033
03115102,HERITAGE COLLEGE - LITTLE ROCK          ,AR,72227-5544,Proprietary  ,65,294,359,122,499,621
03124900,IMAGINE -  PAUL MITCHELL PARTNER SCHOOL ,AR,72117-2516,Proprietary  ,113,190,303,179,307,486
03214300,VELVATEX COLLEGE OF BEAUTY CULTURE      ,AR,72202-5452,Proprietary  ,13,19,32,16,39,55
03254300,MARGARET'S HAIR ACADEMY                 ,AR,71655-4905,Proprietary  ,19,28,47,30,52,82
03519400,LYNNDALE FUNDAMENTALS OF BEAUTY SCH     ,AR,71730-4804,Proprietary  ,2,11,13,3,19,22
03855300,ECCLESIA COLLEGE                        ,AR,72762-8159,Private      ,56,40,96,118,84,202
03912300,CROSSETT SCHOOL OF COSMETOLOGY          ,AR,71635-0000,Proprietary  ,8,11,19,10,19,29
03997300,ARKANSAS BEAUTY COLLEGE                 ,AR,72801-3741,Proprietary  ,11,38,49,22,68,90
04183100,WASHINGTON BARBER COLLEGE               ,AR,72209-3820,Proprietary  ,23,50,73,33,102,135
04183400,SALON PROFESSIONAL ACADEMY (THE)        ,AR,72116-7310,Proprietary  ,27,47,74,44,104,148
04220000,DESIGNER BARBER & STYLIST SCHOOL        ,AR,72903-3753,Proprietary  ,1,9,10,1,9,10
00133900,CORBAN UNIVERSITY                       ,OR,97301-9392,Private      ,145,211,356,1909,648,2557
00318600,BLUE MOUNTAIN COMMUNITY COLLEGE         ,OR,97801-0000,Public       ,172,454,626,1039,1571,2610
00318800,CENTRAL OREGON COMMUNITY COLLEGE        ,OR,97701-5998,Public       ,658,1633,2291,2680,4937,7617
00318900,CLATSOP COMMUNITY COLLEGE               ,OR,97103-3698,Public       ,96,271,367,513,1101,1614
00319100,CONCORDIA UNIVERSITY                    ,OR,97211-6099,Private      ,265,2475,2740,2116,4887,7003
00319300,EASTERN OREGON UNIVERSITY               ,OR,97850-2899,Public       ,322,638,960,2911,2906,5817
00319400,GEORGE FOX UNIVERSITY                   ,OR,97132-2697,Private      ,308,498,806,3505,1826,5331
00319600,LANE COMMUNITY COLLEGE                  ,OR,97405-0640,Public       ,1182,2460,3642,6220,10652,16872
00319700,LEWIS & CLARK COLLEGE                   ,OR,97219-7899,Private      ,206,561,767,5800,3233,9033
00319800,LINFIELD COLLEGE                        ,OR,97128-6894,Private      ,200,291,491,3699,1150,4849
00319801,LINFIELD COLLEGE - PORTLAND CAMPUS      ,OR,97210-0000,Private      ,82,276,358,773,1195,1968
00319900,MARYLHURST UNIVERSITY                   ,OR,97036-7036,Private      ,19,419,438,146,1330,1476
00320300,MOUNT ANGEL SEMINARY                    ,OR,97373-0505,Private      ,0,4,4,4,14,18
00320400,MOUNT HOOD COMMUNITY COLLEGE            ,OR,97030-3300,Public       ,944,2267,3211,4587,7913,12500
00320600,MULTNOMAH BIBLE COLLEGE/SEMINARY        ,OR,97220-5898,Private      ,96,244,340,435,731,1166
00320700,PACIFIC NORTHWEST COLLEGE OF ART        ,OR,97209-3023,Private      ,89,170,259,717,764,1481
00320800,NORTHWEST CHRISTIAN UNIVERSITY          ,OR,97401-3727,Private      ,109,210,319,722,815,1537
00320900,WESTERN OREGON UNIVERSITY               ,OR,97361-1394,Public       ,587,561,1148,7419,3017,10436
00321000,OREGON STATE UNIVERSITY                 ,OR,97331-8507,Public       ,2259,3020,5279,25855,13009,38864
00321100,OREGON INSTITUTE OF TECHNOLOGY          ,OR,97601-8801,Public       ,335,598,933,3028,2474,5502
00321200,PACIFIC UNIVERSITY                      ,OR,97116-1797,Private      ,264,506,770,4055,3076,7131
00321300,PORTLAND COMMUNITY COLLEGE              ,OR,97219-7198,Public       ,2881,7881,10762,13110,29754,42864
00321311,PORTLAND COMMUNITY COLLEGE - TILLAMOOK B,OR,97141-2599,Public       ,34,81,115,239,427,666
00321600,PORTLAND STATE UNIVERSITY               ,OR,97207-0000,Public       ,2194,5067,7261,15832,21722,37554
00321700,REED COLLEGE                            ,OR,97202-8199,Private      ,262,184,446,2679,717,3396
00321800,CHEMEKETA COMMUNITY COLLEGE             ,OR,97309-1500,Public       ,1125,2818,3943,6136,11186,17322
00321900,SOUTHERN OREGON UNIVERSITY              ,OR,97520-5010,Public       ,539,714,1253,5565,3504,9069
00322000,SOUTHWESTERN OREGON COMMUNITY CLG       ,OR,97420-2956,Public       ,266,441,707,1602,1510,3112
00322100,TREASURE VALLEY COMMUNITY COLLEGE       ,OR,97914-3423,Public       ,288,707,995,1365,1909,3274
00322200,UMPQUA COMMUNITY COLLEGE                ,OR,97470-0226,Public       ,187,562,749,1135,2088,3223
00322300,UNIVERSITY OF OREGON                    ,OR,97403-1226,Public       ,2063,1833,3896,26887,10097,36984
00322400,UNIVERSITY OF PORTLAND                  ,OR,97203-5798,Private      ,684,709,1393,10638,3010,13648
00322500,WARNER PACIFIC COLLEGE                  ,OR,97215-4099,Private      ,165,430,595,1061,1748,2809
00322700,WILLAMETTE UNIVERSITY                   ,OR,97301-3930,Private      ,228,328,556,5571,1469,7040
00487800,CLACKAMAS COMMUNITY COLLEGE             ,OR,97045-7998,Public       ,863,1535,2398,3699,5228,8927
00488200,OREGON HEALTH & SCIENCE UNIVERSITY      ,OR,97239-0000,Public       ,160,798,958,1150,4277,5427
00693800,LINN BENTON COMMUNITY COLLEGE           ,OR,97321-3774,Public       ,745,1320,2065,3716,4754,8470
00717800,WESTERN SEMINARY                        ,OR,97215-0000,Private      ,2,169,171,16,432,448
00723402,HEALD COLLEGE - PORTLAND                ,OR,97205-3432,Proprietary  ,96,524,620,247,995,1242
00732969,ITT TECHNICAL INSTITUTE                 ,OR,97220-6819,Proprietary  ,161,720,881,460,1568,2028
00737101,MARINELLO SCHOOL OF BEAUTY - PORTLAND   ,OR,97212-3732,Proprietary  ,30,83,113,103,193,296
00781900,ART INSTITUTE OF PORTLAND (THE)         ,OR,97209-2911,Proprietary  ,420,585,1005,1653,1776,3429
00888700,CONCORDE CAREER INSTITUTE               ,OR,97232-2242,Proprietary  ,109,344,453,308,904,1212
00907900,EVEREST COLLEGE                         ,OR,97204-2296,Proprietary  ,83,266,349,233,722,955
00958100,SPRINGFIELD COLLEGE OF BEAUTY           ,OR,97477-5474,Proprietary  ,12,47,59,75,135,210
01012200,PHAGANS' MEDFORD BEAUTY SCHOOL          ,OR,97504-5297,Proprietary  ,23,63,86,59,163,222
01018200,ROGUE COMMUNITY COLLEGE                 ,OR,97527-0000,Public       ,479,1479,1958,2559,5660,8219
01050700,ACADEMY OF HAIR DESIGN                  ,OR,97301-3526,Proprietary  ,18,72,90,80,174,254
01230900,UNIVERSITY OF WESTERN STATES            ,OR,97230-3099,Private      ,21,251,272,89,642,731
01234700,PHAGANS CENTRAL OREGON BEAUTY CLG       ,OR,97701-5175,Proprietary  ,23,74,97,74,173,247
01234800,PHAGANS BEAUTY COLLEGE                  ,OR,97333-4716,Proprietary  ,23,34,57,69,90,159
01235000,PHAGANS SCHOOL OF HAIR DESIGN           ,OR,97267-0000,Proprietary  ,35,73,108,63,135,198
01235100,PHAGANS SCHOOL OF BEAUTY                ,OR,97301-4732,Proprietary  ,19,86,105,69,207,276
01300800,PHAGANS TIGARD BEAUTY SCHOOL            ,OR,97223-0000,Proprietary  ,5,29,34,25,69,94
02101000,NORTHWEST COLLEGE OF HAIR DESIGN        ,OR,97086-7702,Proprietary  ,86,250,336,206,497,703
02101002,NORTHWEST COLLEGE                       ,OR,97007-3954,Proprietary  ,8,40,48,42,83,125
02104900,COLLEGE OF LEGAL ARTS                   ,OR,97219-9998,Proprietary  ,32,173,205,67,382,449
02106100,COLLEGE OF COSMETOLOGY                  ,OR,97601-0000,Proprietary  ,16,51,67,49,104,153
02154400,BEAU MONDE CLG OF HAIR DESIGN           ,OR,97205-0000,Proprietary  ,33,96,129,136,272,408
02159700,NEW HOPE CHRISTIAN COLLEGE              ,OR,97405-1194,Private      ,72,86,158,269,229,498
02201900,PHAGANS' SCHOOL OF HAIR DESIGN          ,OR,97232-0000,Proprietary  ,43,136,179,142,350,492
02239203,ANTHEM COLLEGE - BEAVERTON              ,OR,97005-0000,Proprietary  ,43,91,134,89,211,300
02330100,PIONEER PACIFIC COLLEGE                 ,OR,97070-0000,Proprietary  ,86,321,407,232,795,1027
02330102,PIONEER PACIFIC COLLEGE                 ,OR,97403-0000,Proprietary  ,71,276,347,235,819,1054
02337900,COLLEGE OF HAIR DESIGN CAREERS          ,OR,97301-0000,Proprietary  ,24,71,95,83,179,262
02344100,ROSEBURG BEAUTY COLLEGE                 ,OR,97470-0000,Proprietary  ,10,34,44,41,115,156
02534000,NATIONAL COLLEGE OF NATURAL MEDICINE    ,OR,97201-0000,Private      ,18,201,219,74,903,977
02578800,NORTHWEST NANNIES INSTITUTE             ,OR,97035-0000,Proprietary  ,11,4,15,19,11,30
02603700,OREGON COL OF ORIENTAL MEDICINE         ,OR,97216-0000,Private      ,6,147,153,34,444,478
02617506,EVEREST COLLEGE - EVEREST INSTITUTE     ,OR,97223-6581,Proprietary  ,43,157,200,88,333,421
03007300,OREGON COLLEGE OF ART & CRAFT           ,OR,97225-6399,Private      ,45,116,161,282,470,752
03022600,LE CORDON BLEU COLLEGE OF CULINARY ARTS ,OR,97205-2793,Proprietary  ,329,557,886,761,1291,2052
03042500,CARRINGTON COLLEGE                      ,OR,97232-1302,Proprietary  ,82,403,485,284,896,1180
03074400,PHAGANS NEWPORT ACAD CSMTLGY CAREER     ,OR,97365-4963,Proprietary  ,5,21,26,17,50,67
03074500,EAST-WEST COLLEGE OF THE HEALING ARTS   ,OR,97232-2765,Proprietary  ,25,142,167,93,390,483
03185300,PHAGANS GRANTS PASS COLLEGE OF BTY      ,OR,97527-3039,Proprietary  ,10,42,52,40,91,131
03428300,KLAMATH COMMUNITY COLLEGE               ,OR,97603-7121,Public       ,114,368,482,554,1212,1766
03642300,VALLEY MEDICAL COLLEGE                  ,OR,97305-1373,Proprietary  ,50,194,244,135,444,579
03668300,BIRTHINGWAY COLLEGE OF MIDWIFERY        ,OR,97266-4042,Private      ,6,81,87,33,257,290
03783400,ABDILL CAREER COLLEGE                   ,OR,97504-7137,Proprietary  ,19,115,134,84,301,385
04146500,PORTLAND ACTORS CONSERVATORY            ,OR,97201-2557,Private      ,21,44,65,59,133,192
04151900,COLUMBIA GORGE COMMUNITY COLLEGE        ,OR,97058-3434,Public       ,81,221,302,420,746,1166
04167400,SAGE SCHOOL OF MASSAGE & HEALING ARTS   ,OR,97701-4082,Proprietary  ,10,38,48,35,104,139
04171400,AVEDA INSTITUTE PORTLAND                ,OR,97209-3144,Proprietary  ,130,212,342,302,459,761
04194400,AMERICAN COLLEGE OF HEALTHCARE SCIENCES ,OR,97239-3719,Proprietary  ,32,249,281,164,604,768
04194900,TILLAMOOK BAY COMMUNITY COLLEGE         ,OR,97141-2807,Public       ,11,46,57,11,46,57
00137400,ALBERTUS MAGNUS COLLEGE                 ,CT,06511-1189,Private      ,184,421,605,1024,987,2011
00137403,ALBERTUS MAGNUS CLG-NEW DIMENSIONS      ,CT,06511-0000,Private      ,25,255,280,73,600,673
00137800,CENTRAL CONNECTICUT STATE UNIV          ,CT,06050-2490,Public       ,1848,1793,3641,9786,4305,14091
00137900,CONNECTICUT COLLEGE                     ,CT,06320-4196,Private      ,368,58,426,3057,177,3234
00138000,WESTERN CONNECTICUT STATE UNIV          ,CT,06810-6826,Public       ,751,451,1202,5985,1617,7602
00138500,FAIRFIELD UNIVERSITY                    ,CT,06430-0000,Private      ,851,328,1179,7486,982,8468
00138700,HARTFORD SEMINARY                       ,CT,06105-0000,Private      ,4,37,41,17,80,97
00138900,HOLY APOSTLES COLLEGE & SEMINARY        ,CT,06416-2027,Private      ,3,23,26,8,45,53
00139200,MANCHESTER COMMUNITY COLLEGE            ,CT,06045-1046,Public       ,1293,1601,2894,3205,3074,6279
00139300,MITCHELL COLLEGE                        ,CT,06320-4498,Private      ,222,102,324,931,250,1181
00139700,UNIVERSITY OF NEW HAVEN                 ,CT,06516-1999,Private      ,645,578,1223,9876,1930,11806
00139800,NORTHWESTERN CT COMMUNITY COLLEGE       ,CT,06098-1747,Public       ,196,282,478,491,582,1073
00139900,NORWALK COMMUNITY TECHNICAL COLLEGE     ,CT,06854-1655,Public       ,868,1189,2057,1876,2209,4085
00140100,POST UNIVERSITY                         ,CT,06723-3240,Proprietary  ,620,3406,4026,1675,6775,8450
00140200,QUINNIPIAC UNIVERSITY                   ,CT,06518-1908,Private      ,1031,698,1729,16168,2352,18520
00140201,QUINNIPIAC UNIVERSITY SCHOOL OF LAW     ,CT,06518-0000,Private      ,6,145,151,68,686,754
00140300,SACRED HEART UNIVERSITY                 ,CT,06825-1000,Private      ,642,905,1547,7844,2142,9986
00140600,SOUTHERN CONNECTICUT STATE UNIV         ,CT,06515-1355,Public       ,1161,1338,2499,9434,4726,14160
00140900,SAINT JOSEPH COLLEGE                    ,CT,06117-2791,Private      ,232,636,868,1214,1486,2700
00141400,TRINITY COLLEGE                         ,CT,06106-3100,Private      ,329,115,444,3580,303,3883
00141600,UNIVERSITY OF BRIDGEPORT                ,CT,06601-5650,Private      ,656,1269,1925,3425,2948,6373
00141700,UNIVERSITY OF CONNECTICUT-STORRS        ,CT,06269-2151,Public       ,1475,1091,2566,30670,5546,36216
00141702,UNIV CONN STAMFORD                      ,CT,06901-0000,Public       ,147,196,343,977,561,1538
00141703,UNIV OF CONNECTICUT - TORINGTON         ,CT,06790-0000,Public       ,43,42,85,275,121,396
00141706,UNIV OF CONNECTICUT SCH LAW             ,CT,06105-0000,Public       ,13,253,266,63,1019,1082
00141707,UNIV OF CT - SCH OF SOCIAL WORK         ,CT,06117-0000,Public       ,30,137,167,173,712,885
00141708,UNIVERSITY OF CONNECTICUT - SCHOOL OF ME,CT,06030-1920,Public       ,21,249,270,150,614,764
00141709,UNIVERSITY OF CONNECTICUT - SCHOOL OF DE,CT,06030-1920,Public       ,38,149,187,292,349,641
00142200,UNIVERSITY OF HARTFORD                  ,CT,06117-1599,Private      ,1245,695,1940,10434,2094,12528
00142400,WESLEYAN UNIVERSITY                     ,CT,06459-3208,Private      ,612,76,688,5765,244,6009
00142500,EASTERN CONNECTICUT STATE UNIV          ,CT,06226-2295,Public       ,699,379,1078,6911,1271,8182
00142600,YALE UNIVERSITY                         ,CT,06520-8288,Private      ,1147,1235,2382,18254,8005,26259
00280301,RENSSELAER POLYTECHNIC INSTITUTE-RENSSEL,CT,06120-2991,Private      ,4,13,17,31,27,58
00451300,HOUSATONIC COMMUNITY COLLEGE            ,CT,06604-4704,Public       ,1062,1777,2839,2356,3432,5788
00618100,BRIDGEPORT HOSP SCHL OF NURSING         ,CT,06610-2896,Private      ,63,228,291,190,530,720
00619100,ST. VINCENT'S COLLEGE                   ,CT,06606-9966,Private      ,112,404,516,362,861,1223
00698200,NAUGATUCK VALLEY COMM-TECH COLG         ,CT,06708-3089,Public       ,1099,1469,2568,2746,3096,5842
00730000,ELI WHITNEY TECHNICAL HIGH SCHOOL       ,CT,06514-0000,Public       ,6,38,44,11,64,75
00730300,LINCOLN TECHNICAL INSTITUTE             ,CT,06051-0000,Proprietary  ,246,573,819,379,846,1225
00730306,LINCOLN TECHNICAL INSTITUTE - EAST WINDS,CT,06088-9631,Proprietary  ,391,224,615,761,352,1113
00730500,PORTER AND CHESTER INSTITUTE OF BRANFORD,CT,06405-4022,Proprietary  ,104,167,271,180,353,533
00731100,WINDHAM TECHNICAL HIGH SCHOOL           ,CT,06226-2100,Public       ,2,6,8,3,9,12
00745900,PAIER COLLEGE OF ART                    ,CT,06514-3902,Proprietary  ,24,31,55,105,57,162
00763500,CAPITAL COMMUNITY COLLEGE               ,CT,06103-1207,Public       ,664,1834,2498,1446,3275,4721
00803700,GATEWAY COMMUNITY-TECHNICAL COLLEGE     ,CT,06511-0000,Public       ,1174,2205,3379,2949,4483,7432
00803800,MIDDLESEX COMMUNITY CLG                 ,CT,06457-4889,Public       ,447,630,1077,1012,1191,2203
00887300,PAUL MITCHELL THE SCHOOL                ,CT,06810-6716,Proprietary  ,31,35,66,69,70,139
00887400,BRIO ACADEMY OF COSMETOLOGY             ,CT,06450-4836,Proprietary  ,10,21,31,23,33,56
00887401,BRIO ACADEMY OF COSMETOLOGY - HAMDEN    ,CT,06514-4132,Proprietary  ,5,14,19,15,27,42
00887402,BRIO ACADEMY OF COSMETOLOGY - FAIRFIELD ,CT,06824-6690,Proprietary  ,22,48,70,36,69,105
00887403,BRIO ACADEMY OF COSMETOLOGY - WILLIMANTI,CT,06226-1940,Proprietary  ,8,28,36,18,44,62
00887404,BRIO ACADEMY OF COSMETOLOGY -           ,CT,06605-4114,Proprietary  ,0,0,0,4,19,23
00927700,E C GOODWIN TECHNICAL HIGH SCHOOL       ,CT,06053-0000,Public       ,9,29,38,24,45,69
00940700,LINCOLN COLLEGE OF NEW ENGLAND          ,CT,06489-1057,Proprietary  ,201,397,598,441,621,1062
00940701,CLEMENS COLLEGE                         ,CT,06078-0000,Proprietary  ,0,0,0,2,1,3
00976400,TUNXIS COMMUNITY COLLEGE                ,CT,06032-3187,Public       ,697,867,1564,1807,1740,3547
00976500,THREE RIVERS COMMUNITY COLLEGE          ,CT,06360-6598,Public       ,653,1170,1823,1699,2333,4032
00982200,ALBERT I PRINCE TECHNICAL HIGH SCHOOL   ,CT,06106-3799,Public       ,6,51,57,10,82,92
01041700,BRIO ACADEMY OF EAST HARTFORD           ,CT,06108-2220,Proprietary  ,14,46,60,23,76,99
01053000,QUINEBAUG VALLEY COMMUNITY COLLEGE      ,CT,06239-1440,Public       ,303,498,801,639,946,1585
01077900,PORTER AND CHESTER INSTITUTE-ALLCAMPUSES,CT,06615-7158,Proprietary  ,654,1325,1979,1036,2324,3360
01115000,ASNUNTUCK COMMUNITY COLLEGE             ,CT,06082-3800,Public       ,203,324,527,452,594,1046
01149600,BULLARD HAVENS VOC TECH SCHOOL          ,CT,06610-3499,Public       ,8,38,46,25,87,112
01169700,VINAL REGIONAL VOC TECH SCHOOL          ,CT,06457-4918,Public       ,5,15,20,11,36,47
01184300,NORWICH TECHNICAL HIGH SCHOOL           ,CT,06360-7097,Public       ,1,29,30,10,59,69
01242500,STONE ACADEMY                           ,CT,06516-4049,Proprietary  ,73,277,350,103,468,571
01242503,STONE ACADEMY -WATERBURY                ,CT,06705-3823,Proprietary  ,15,42,57,32,91,123
01242504,STONE ACADEMY -  EAST HARTFORD          ,CT,06118-0000,Proprietary  ,23,89,112,39,168,207
01287700,SANFORD-BROWN COLLEGE                   ,CT,06855-1436,Proprietary  ,11,41,52,34,100,134
01291300,LEON INSTITUTE OF HAIR DESIGN           ,CT,06604-4226,Proprietary  ,3,7,10,7,19,26
02074000,BRANFORD HALL CAREER INSTITUTE          ,CT,06405-0000,Proprietary  ,232,1080,1312,293,1309,1602
02106600,AMERICAN INSTITUTE                      ,CT,06110-1922,Proprietary  ,28,194,222,43,257,300
02112300,RIDLEY LOWELL BUSINESS & TECH INST      ,CT,06320-0000,Proprietary  ,45,230,275,87,456,543
02112700,NORTH HAVEN ACADEMY                     ,CT,06473-3108,Proprietary  ,45,36,81,82,63,145
02115100,BUTLER BUSINESS SCHOOL                  ,CT,06604-0000,Proprietary  ,0,0,0,1,0,1
02148700,CONNECTICUT INST OF HAIR DESIGN         ,CT,06716-0000,Proprietary  ,10,14,24,15,23,38
02202500,NEW ENGLAND TRACTOR TRAILER SCH         ,CT,06071-2036,Proprietary  ,29,345,374,36,377,413
02244900,GOODWIN COLLEGE                         ,CT,06118-9980,Private      ,305,1457,1762,864,3498,4362
02245300,HOWELL CHENEY TECHNICAL HIGH SCHOOL     ,CT,06040-0000,Public       ,2,6,8,7,10,17
02265900,WINDHAM COMMUNITY MEM HOSP-RAD TECH     ,CT,06226-0000,Private      ,5,12,17,13,18,31
02296100,YALE-NEW HAVEN HOSP DIETETIC INTERN     ,CT,06510-8900,Private      ,7,4,11,29,27,56
02300000,W F KAYNOR TECHNICAL HIGH SCHOOL        ,CT,06708-0000,Public       ,9,40,49,15,70,85
02316600,CONNECTICUT CTR FOR MASSAGE THERAPY     ,CT,06111-3975,Proprietary  ,21,52,73,34,91,125
02316601,CONNECTICUT CENTER FOR MASSAGE THERAPY -,CT,06880-4619,Proprietary  ,14,38,52,25,78,103
02316603,CONNECTICUT CENTER FOR MASSAGE THERAPY -,CT,06340-4619,Proprietary  ,7,24,31,22,50,72
02565000,PLATT TECHNICAL HIGH SCHOOL             ,CT,06460-2105,Public       ,4,5,9,10,24,34
03079400,LYME ACADEMY COLLEGE OF FINE ARTS       ,CT,06371-2333,Private      ,18,10,28,89,27,116
03094800,INDUSTRIAL MANAGEMENT & TRAINING        ,CT,06706-1211,Proprietary  ,20,51,71,36,94,130
03234300,CHARTER OAK STATE COLLEGE               ,CT,06053-2150,Public       ,38,586,624,100,1232,1332
03316300,LINCOLN TECHNICAL INSTITUTE - HARTFORD  ,CT,06105-3630,Proprietary  ,193,210,403,438,383,821
03381300,CONNECTICUT TRAINING CENTER             ,CT,06108-2705,Private      ,0,4,4,1,20,21
03927300,ALBERT SCHOOL (THE)                     ,CT,06357-2447,Proprietary  ,4,16,20,8,31,39
03927301,BRIO ACADEMY OF COSMETOLOGY - TORRINGTON,CT,06790-5425,Proprietary  ,8,11,19,9,20,29
03927302,BRIO ACADEMY OF COSMETOLOGY  -  ENFIELD ,CT,06082-2946,Proprietary  ,7,23,30,19,33,52
04104300,ACADEMY DI CAPELLI - SCHOOL OF COSMETOLO,CT,06492-0000,Proprietary  ,24,36,60,39,46,85
04128800,BRANFORD ACADEMY OF HAIR & COSMETOLOGY  ,CT,06405-0000,Proprietary  ,11,25,36,21,41,62
04145400,OXFORD ACADEMY OF HAIR DESIGN           ,CT,06483-2911,Proprietary  ,22,36,58,36,44,80
04148400,EUROPEAN ACADEMY OF COSMETOLOGY AND HAIR,CT,06437-0000,Proprietary  ,6,5,11,10,8,18
04152400,INTERNATIONAL INSTITUTE OF COSMETOLOGY  ,CT,06109-0000,Proprietary  ,44,25,69,64,52,116
04162900,TONSORIAL ACADEMY OF COSMETOLOGY AND BAR,CT,06516-0000,Proprietary  ,0,2,2,4,7,11
04219200,ACE COSMETOLOGY & BARBERING TRAINING CEN,CT,06716-0000,Proprietary  ,3,6,9,4,7,11
04224200,BELLE ACADEMY OF COSMETOLOGY            ,CT,06704-0135,Proprietary  ,2,10,12,2,10,12
00146600,BARRY UNIVERSITY                        ,FL,33161-6695,Private      ,1539,3560,5099,5694,7498,13192
00146601,BARRY UNIVERSITY - ORLANDO              ,FL,32807-3673,Private      ,121,905,1026,387,1779,2166
00146700,BETHUNE COOKMAN UNIVERSITY              ,FL,32114-3099,Private      ,2263,714,2977,7382,1812,9194
00146800,ST THOMAS UNIVERSITY                    ,FL,33054-0000,Private      ,524,999,1523,1576,2180,3756
00146900,FLORIDA INSTITUTE OF TECHNOLOGY         ,FL,32901-6988,Private      ,931,3388,4319,4549,6421,10970
00147000,BREVARD COMMUNITY COLLEGE               ,FL,32922-6503,Public       ,2605,3956,6561,4896,7246,12142
00147100,COLLEGE OF CENTRAL FLORIDA              ,FL,34474-4415,Public       ,1862,2985,4847,3743,5982,9725
00147200,CHIPOLA  COLLEGE                        ,FL,32446-2053,Public       ,519,609,1128,913,1080,1993
00147300,CLEARWATER CHRISTIAN COLLEGE            ,FL,33759-0000,Private      ,245,75,320,710,151,861
00147500,DAYTONA STATE COLLEGE                   ,FL,32114-2800,Public       ,3107,4636,7743,6341,9234,15575
00147700,EDISON STATE COLLEGE                    ,FL,33906-6210,Public       ,3655,4656,8311,6849,7983,14832
00147800,EDWARD WATERS COLLEGE                   ,FL,32209-6199,Private      ,502,388,890,1160,760,1920
00147900,EMBRY-RIDDLE AERONAUTICAL UNIV          ,FL,32114-3900,Private      ,1550,2800,4350,6983,6205,13188
00148000,FLORIDA A & M UNIVERSITY                ,FL,32307-3100,Public       ,3732,2787,6519,14139,7122,21261
00148100,FLORIDA ATLANTIC UNIVERSITY             ,FL,33431-6498,Public       ,7642,6562,14204,26487,14786,41273
00148101,FLORIDA ATLANTIC UNIVERSITY/DAVIE       ,FL,33314-0000,Public       ,1031,2068,3099,2688,4257,6945
00148103,FLORIDA ATLANTIC UNIV-JUPITER/PSL       ,FL,33458-0000,Public       ,453,591,1044,1381,1234,2615
00148200,FLORIDA COLLEGE                         ,FL,33617-5578,Private      ,208,56,264,492,91,583
00148400,FLORIDA STATE COLLEGE AT JACKSONVILLE   ,FL,32202-4030,Public       ,5292,9625,14917,10639,19447,30086
00148500,FLORIDA KEYS COMMUNITY COLLEGE          ,FL,33040-4397,Public       ,275,304,579,580,587,1167
00148600,FLORIDA MEMORIAL UNIVERSITY             ,FL,33054-6199,Private      ,839,538,1377,2782,1259,4041
00148700,ECKERD COLLEGE                          ,FL,33711-4744,Private      ,536,349,885,3069,818,3887
00148800,FLORIDA SOUTHERN COLLEGE                ,FL,33801-5698,Private      ,860,522,1382,4043,1145,5188
00148900,FLORIDA STATE UNIVERSITY                ,FL,32306-2430,Public       ,10739,5425,16164,48039,15958,63997
00149000,GULF COAST COMMUNITY COLLEGE            ,FL,32401-1058,Public       ,1083,1919,3002,2173,3722,5895
00149300,INDIAN RIVER STATE COLLEGE              ,FL,34981-5596,Public       ,2659,3626,6285,5318,7041,12359
00149500,JACKSONVILLE UNIVERSITY                 ,FL,32211-3394,Private      ,1063,1510,2573,3676,3221,6897
00149700,JONES COLLEGE                           ,FL,32211-5588,Private      ,54,334,388,103,635,738
00149900,EVEREST UNIVERSITY                      ,FL,32810-5601,Proprietary  ,231,1407,1638,515,3082,3597
00149901,EVEREST UNIVERSITY - ORLANDO SOUTH      ,FL,32819-7666,Proprietary  ,1312,15447,16759,2218,27751,29969
00149902,EVEREST UNIVERSITY - MELBOURNE          ,FL,32905-6609,Proprietary  ,60,504,564,117,883,1000
00150000,BROWARD COLLEGE- DOWNTOWN CTR           ,FL,33301-2298,Public       ,3087,5431,8518,5848,10039,15887
00150001,BROWARD COLLEGE - DAVIE CAMPUS          ,FL,33314-0000,Public       ,4891,5122,10013,9594,9994,19588
00150002,BROWARD COLLEGE- NORTH CAMPUS           ,FL,33066-0000,Public       ,3060,4333,7393,5904,8603,14507
00150003,BROWARD COLLEGE- SOUTH CAMPUS           ,FL,33024-0000,Public       ,3392,4071,7463,6644,8095,14739
00150100,FLORIDA GATEWAY COLLEGE                 ,FL,32025-2007,Public       ,601,1092,1693,1078,1931,3009
00150200,LAKE SUMTER COMMUNITY COLLEGE           ,FL,34788-8751,Public       ,1014,1071,2085,2182,2306,4488
00150400,"STATE COLLEGE OF FLORIDA, MANATEE-SARASO",FL,34207-3596,Public       ,2125,2822,4947,4369,5571,9940
00150500,LYNN UNIVERSITY                         ,FL,33431-5598,Private      ,551,369,920,2290,837,3127
00150600,MIAMI DADE COLLEGE ADMINISTRATION ONLY  ,FL,33176-3393,Public       ,216,324,540,538,631,1169
00150601,MIAMI DADE COLLEGE - NORTH CAMPUS       ,FL,33167-3495,Public       ,5172,6042,11214,11134,12091,23225
00150602,MIAMI DADE COLLEGE - KENDALL CAMPUS     ,FL,33176-3393,Public       ,7546,6105,13651,15334,11514,26848
00150603,MIAMI DADE COLLEGE - WOLFSON CAMPUS     ,FL,33132-2297,Public       ,4121,4341,8462,8880,8567,17447
00150604,MIAMI DADE COLLEGE - MEDICAL CAMPUS     ,FL,33127-4693,Public       ,1410,2756,4166,3106,5478,8584
00150605,MIAMI DADE COLLEGE - HOMESTEAD CAMPUS   ,FL,33030-6009,Public       ,1096,1414,2510,2326,2711,5037
00150606,MIAMI DADE COLLEGE -INTERAMERICAN CAMPUS,FL,33135-0000,Public       ,1678,2854,4532,3227,5399,8626
00150607,MIAMI DADE COLLEGE - HIALEAH CAMPUS     ,FL,33012-2918,Public       ,1665,2055,3720,3219,3693,6912
00150800,NORTH FLORIDA COMMUNITY COLLEGE         ,FL,32340-1699,Public       ,193,301,494,445,570,1015
00150900,NOVA SOUTHEASTERN UNIVERSITY            ,FL,33314-7796,Private      ,1793,11177,12970,6803,25530,32333
00151000,NORTHWEST FLORIDA STATE COLLEGE         ,FL,32578-1295,Public       ,916,1788,2704,1803,3562,5365
00151200,PALM BEACH COMMUNITY COLLEGE            ,FL,33461-4796,Public       ,5955,6328,12283,11670,12063,23733
00151300,PENSACOLA STATE COLLEGE                 ,FL,32504-8998,Public       ,1992,3413,5405,3826,6868,10694
00151400,POLK STATE COLLEGE                      ,FL,33881-4256,Public       ,2307,3268,5575,4265,6274,10539
00151500,ROLLINS COLLEGE                         ,FL,32789-4499,Private      ,713,503,1216,3276,1121,4397
00151900,SANTA FE COLLEGE                        ,FL,32606-6200,Public       ,3674,3367,7041,8850,7355,16205
00152000,SEMINOLE STATE COLLEGE OF FLORIDA       ,FL,32773-6199,Public       ,3693,5086,8779,7483,10297,17780
00152100,SOUTHEASTERN UNIVERSITY                 ,FL,33801-6099,Private      ,1192,702,1894,3183,1288,4471
00152200,SOUTH FLORIDA COMMUNITY COLLEGE         ,FL,33825-9399,Public       ,623,774,1397,1142,1425,2567
00152300,SAINT JOHNS RIVER STATE COLLEGE         ,FL,32177-3897,Public       ,1102,1588,2690,2327,3378,5705
00152600,SAINT LEO UNIVERSITY                    ,FL,33574-6665,Private      ,974,6183,7157,3777,12297,16074
00152800,ST. PETERSBURG COLLEGE                  ,FL,33760-3768,Public       ,4521,9608,14129,8514,18403,26917
00153100,STETSON UNIVERSITY                      ,FL,32723-3761,Private      ,910,312,1222,6441,815,7256
00153101,STETSON UNIVERSITY - COLLEGE OF LAW     ,FL,33707-3299,Private      ,34,471,505,118,1436,1554
00153300,TALLAHASSEE COMMUNITY COLLEGE           ,FL,32304-2895,Public       ,4060,3624,7684,9050,7210,16260
00153400,EVEREST UNIVERSITY                      ,FL,33614-5801,Proprietary  ,210,1483,1693,418,3248,3666
00153408,EVEREST UNIVERSITY - TAMPA BRANDON CAMPU,FL,33619-1354,Proprietary  ,228,2907,3135,436,5999,6435
00153409,EVEREST UNIVERSITY - ORANGE PARK        ,FL,32073-1111,Proprietary  ,53,375,428,98,784,882
00153500,UNIVERSITY OF FLORIDA                   ,FL,32611-3150,Public       ,9269,6323,15592,47982,18058,66040
00153600,UNIVERSITY OF MIAMI                     ,FL,33146-6531,Private      ,2072,1712,3784,22148,5741,27889
00153601,UNIV OF MIAMI SCHOOL OF LAW             ,FL,33124-0000,Private      ,40,487,527,160,2110,2270
00153602,UNIV OF MIAMI-SCH OF MEDICINE           ,FL,33136-0000,Private      ,257,623,880,953,1767,2720
00153700,UNIVERSITY OF SOUTH FLORIDA             ,FL,33620-6960,Public       ,9173,7781,16954,41137,22029,63166
00153701,UNIV OF SOUTH FLORIDA-ST PETERSBURG     ,FL,33701-0000,Public       ,1252,1314,2566,4921,3355,8276
00153702,UNIV OF SOUTH FLORIDA-SARASOTA          ,FL,34243-2025,Public       ,398,696,1094,1209,1728,2937
00153705,UNIV OF SOUTH FLORIDA                   ,FL,33803-0000,Public       ,346,532,878,1144,1236,2380
00153706,UNIV OF SOUTH FLORIDA- MEDICINE         ,FL,33612-0000,Public       ,440,642,1082,1648,2162,3810
00153800,UNIVERSITY OF TAMPA                     ,FL,33606-1490,Private      ,2518,1367,3885,12306,3179,15485
00154000,WEBBER INTERNATIONAL UNIVERSITY         ,FL,33827-0096,Private      ,513,157,670,1290,319,1609
00173308,NATIONAL-LOUIS UNIVERSITY               ,FL,33609-0000,Private      ,8,43,51,19,83,102
00177201,TRINITY INTERNATIONAL UNIVERSITY - SOUTH,FL,33324-4611,Private      ,32,194,226,72,419,491
00395400,UNIV OF CENTRAL FLORIDA                 ,FL,32816-0001,Public       ,17433,11532,28965,62962,27843,90805
00395500,UNIVERSITY OF WEST FLORIDA              ,FL,32514-5750,Public       ,3078,2883,5961,10005,6494,16499
00407215,NORTHWOOD UNIVERSITY                    ,FL,33409-0000,Private      ,225,198,423,607,387,994
00491004,KAPLAN CAREER INSTITUTE - KAPLAN COLLEGE,FL,33026-3978,Proprietary  ,3,40,43,54,473,527
00491005,KAPLAN COLLEGE JACKSONVILLE             ,FL,32216-3216,Proprietary  ,82,1097,1179,147,1905,2052
00558500,LIVELY TECHNICAL CENTER                 ,FL,32304-0000,Public       ,257,809,1066,478,1481,1959
00558600,LINDSEY HOPKINS TECHNICAL ED CENTER     ,FL,33127-4692,Public       ,124,343,467,205,633,838
00559400,D G ERWIN TECHNICAL CENTER              ,FL,33610-8255,Public       ,269,836,1105,490,1620,2110
00560500,PINELLAS TECH ED CTR-CLEARWATER         ,FL,33760-2194,Public       ,144,568,712,259,1010,1269
00560700,SARASOTA COUNTY TECHNICAL INSTITUTE     ,FL,34233-0000,Public       ,134,348,482,271,670,941
00560800,MAYNARD A. TRAVISS CAREER CENTER        ,FL,33803-9709,Public       ,182,483,665,297,905,1202
00561200,MANATEE TECHNICAL INSTITUTE             ,FL,34210-0000,Public       ,211,569,780,365,999,1364
00561201,MANATEE TECHNICAL INSTITUTE-EAST        ,FL,34211-0000,Public       ,144,385,529,264,743,1007
00675000,VALENCIA COMMUNITY COLLEGE              ,FL,32802-3028,Public       ,11529,10693,22222,25424,22609,48033
00732910,ITT TECHNICAL INSTITUTE                 ,FL,33634-7515,Proprietary  ,411,1796,2207,633,2483,3116
00732947,ITT TECHNICAL INSTITUTE                 ,FL,32746-1607,Proprietary  ,268,1208,1476,405,1654,2059
00736206,MEDTECH COLLEGE - MEDTECH INSTITUTE - OR,FL,32826-4906,Proprietary  ,80,315,395,107,440,547
00752500,SUWANNEE-HAMILTON AREA VOC TECH CTR     ,FL,32060-0000,Public       ,35,115,150,60,208,268
00752600,WASHINGTON HOLMES TECHNICAL CENTER      ,FL,32428-1699,Public       ,94,202,296,133,333,466
00755800,LEE COUNTY HIGH TECH CENTER CENTRAL     ,FL,33916-2299,Public       ,215,501,716,354,861,1215
00758600,REMINGTON COLLEGE - TAMPA CAMPUS        ,FL,33612-8410,Private      ,68,435,503,137,780,917
00787000,HILLSBOROUGH COMMUNITY COLLEGE          ,FL,33606-3572,Public       ,7157,9312,16469,13614,17608,31222
00789300,FLAGLER COLLEGE                         ,FL,32085-1027,Private      ,1077,365,1442,4595,856,5451
00789301,FLAGLER COLLEGE - TALLAHASSEE COMMUNITY ,FL,32304-2895,Private      ,208,391,599,443,769,1212
00807500,ST JOHN VIANNEY COLLEGE SEMINARY        ,FL,33165-3244,Private      ,25,21,46,35,24,59
00814600,EVEREST UNIVERSITY - POMPANO BEACH      ,FL,33062-2522,Proprietary  ,178,1769,1947,266,2957,3223
00822300,ST VINCENT DE PAUL REGIONL SEMINARY     ,FL,33436-0000,Private      ,3,6,9,4,15,19
00841700,STENOTYPE INST OF JACKSONVILLE          ,FL,32207-0000,Proprietary  ,18,150,168,30,249,279
00869410,RASMUSSEN COLLEGE - OCALA               ,FL,34471-7051,Proprietary  ,295,2645,2940,545,4563,5108
00869411,RASMUSSEN COLLEGE - NEW PORT RICHEY     ,FL,34690-4554,Proprietary  ,94,530,624,164,993,1157
00869413,RASMUSSEN COLLEGE - FORT MYERS          ,FL,33905-7805,Proprietary  ,194,723,917,332,1249,1581
00869420,RASMUSSEN COLLEGE - TAMPA               ,FL,33610-9558,Proprietary  ,83,474,557,170,853,1023
00869422,RASMUSSEN COLLEGE - PASCO               ,FL,33558-0000,Proprietary  ,37,179,216,67,315,382
00884800,WARNER UNIVERSITY                       ,FL,33859-8725,Private      ,377,314,691,825,594,1419
00884900,PALM BEACH ATLANTIC UNIVERSITY          ,FL,33401-6505,Private      ,1177,1135,2312,3305,2218,5523
00887800,MIAMI INTERNATIONAL UNIV ART&DESIGN     ,FL,33132-1418,Proprietary  ,1023,1016,2039,2292,2027,4319
00910400,RIVERSIDE HAIRSTYLING ACADEMY           ,FL,32207-3810,Proprietary  ,18,56,74,29,91,120
00963500,FLORIDA INTERNATIONAL UNIVERSITY        ,FL,33199-0001,Public       ,10811,10278,21089,37389,26278,63667
00984100,UNIVERSITY OF NORTH FLORIDA             ,FL,32224-2645,Public       ,4704,3762,8466,15322,8460,23782
00990200,SHERIDAN TECHNICAL CENTER               ,FL,33021-3399,Public       ,305,819,1124,525,1532,2057
01016100,"LORAINE'S ACADEMY, INC                  ",FL,33710-0000,Proprietary  ,11,80,91,25,133,158
01019500,ART INSTITUTE OF FT LAUDERDALE          ,FL,33316-3000,Proprietary  ,711,809,1520,1712,1715,3427
01065200,PASCO-HERNANDO COMMUNITY CLG            ,FL,34654-5199,Public       ,2082,2852,4934,3914,5340,9254
01072401,CARLOS ALBIZU UNIVERSITY                ,FL,33172-0000,Private      ,45,448,493,101,801,902
01082600,TOM P. HANEY TECHNICAL CENTER           ,FL,32405-5099,Public       ,103,476,579,180,842,1022
01112700,GOODING INST OF NUR ANES BAY MED CT     ,FL,32401-0000,Proprietary  ,10,42,52,26,114,140
01226300,ATLANTIC TECHNICAL CENTER               ,FL,33063-3902,Public       ,219,560,779,400,1057,1457
01254400,FIRST COAST TECHNICAL COLLEGE           ,FL,32084-1921,Public       ,163,413,576,281,812,1093
01257400,RINGLING SCHOOL OF ART AND DESIGN       ,FL,34234-5895,Private      ,329,109,438,2027,377,2404
01303904,SOUTH UNIVERSITY - WEST PALM BEACH CAMPU,FL,33409-5149,Proprietary  ,214,776,990,431,1435,1866
01323400,LORENZO WALKER INST OF TECHNOLOGY       ,FL,34104-4405,Public       ,148,306,454,234,494,728
02089600,CONCORDE CAREER INSTITUTE               ,FL,32211-0000,Proprietary  ,115,620,735,202,1196,1398
02106602,AMERICAN INSTITUTE - AMERICAN INSTITUTE ,FL,34747-5161,Proprietary  ,0,0,0,2,17,19
02113609,AMERICAN INTERCONTINENTAL UNIV - WESTON ,FL,33326-3233,Proprietary  ,33,164,197,81,339,420
02115300,PINELLAS TECHNICAL EDUCATION CENTERS - S,FL,33711-0000,Public       ,164,713,877,314,1376,1690
02116006,SANFORD-BROWN INSTITUTE - FT. LAUDERDALE,FL,33309-1906,Proprietary  ,106,260,366,161,486,647
02121800,EVEREST INSTITUTE                       ,FL,33169-4759,Proprietary  ,115,477,592,213,834,1047
02121801,EVEREST INSTITUTE  - HIALEAH            ,FL,33012-7193,Proprietary  ,15,41,56,40,88,128
02148200,FASHION FOCUS HAIR ACADEMY              ,FL,34231-0000,Proprietary  ,12,38,50,22,70,92
02148300,MANHATTAN BEAUTY SCHOOL                 ,FL,33611-0000,Proprietary  ,53,193,246,94,316,410
02149900,PAUL MITCHELL THE SCHOOL-JACKSONVILLE   ,FL,32205-0000,Proprietary  ,60,147,207,162,307,469
02151100,ATI COLLEGE OF HEALTH                   ,FL,33169-0000,Proprietary  ,0,0,0,9,20,29
02151900,KEISER  UNIVERSITY                      ,FL,33309-0000,Private      ,1836,7662,9498,3267,13352,16619
02156700,FLORIDA CHRISTIAN COLLEGE               ,FL,34744-0000,Private      ,164,123,287,368,227,595
02159600,BAPTIST COLLEGE OF FLORIDA (THE)        ,FL,32440-0000,Private      ,126,129,255,254,226,480
02172700,CONCORDE CAREER INSTITUTE               ,FL,33607-0000,Proprietary  ,82,337,419,135,606,741
02188900,HOBE SOUND BIBLE COLLEGE                ,FL,33475-0000,Private      ,24,33,57,39,66,105
02200100,BRADENTON BEAUTY & BARBER ACADEMY       ,FL,34209-0000,Proprietary  ,15,66,81,26,99,125
02218700,FLORIDA TECHNICAL COLLEGE               ,FL,32826-2707,Proprietary  ,439,1398,1837,699,2218,2917
02218707,FLORIDA TECHNICAL COLLEGE - LAKELAND    ,FL,33813-2101,Proprietary  ,48,197,245,104,384,488
02218709,FLORIDA TECHNICAL COLLEGE - DELAND      ,FL,32720-7415,Proprietary  ,77,343,420,123,594,717
02228300,LAKE TECHNICAL CENTER                   ,FL,32726-0000,Public       ,202,510,712,316,961,1277
02245500,FORTIS COLLEGE                          ,FL,32789-4679,Proprietary  ,39,272,311,75,513,588
02257900,INTERNATIONAL ACADEMY                   ,FL,32119-3541,Proprietary  ,31,148,179,47,207,254
02275100,CONCORDE CAREER INSTITUTE               ,FL,33025-0000,Proprietary  ,68,208,276,114,350,464
02278800,SOUTHWEST FLORIDA COLLEGE               ,FL,33907-0000,Proprietary  ,183,763,946,355,1242,1597
02278801,SOUTHWEST FLORIDA COLLEGE - TAMPA       ,FL,33619-1344,Proprietary  ,158,375,533,340,750,1090
02278802,SOUTHWEST FLORIDA COLLEGE - INSTITUTUE O,FL,33928-9469,Proprietary  ,20,51,71,32,75,107
02278803,SOUTHWEST FLORIDA COLLEGE - PORT CHARLOT,FL,33953-3100,Proprietary  ,56,283,339,106,483,589
02279600,CORTIVA INSTITUTE - FLORIDA             ,FL,33781-0000,Proprietary  ,19,69,88,31,93,124
02280800,NEW ENGLAND INST TECH-PALM BEACH        ,FL,33407-0000,Proprietary  ,178,339,517,255,488,743
02283800,BEAUTY SCHOOLS OF AMERICA               ,FL,33012-3322,Proprietary  ,156,821,977,233,1199,1432
02287100,LA BELLE BEAUTY SCHOOL                  ,FL,33012-3224,Proprietary  ,6,5,11,9,10,19
02293200,ATI CAREER TRAINING CENTER              ,FL,33309-5916,Proprietary  ,0,0,0,4,7,11
02293201,ATI CAREER TRAINING CENTER - MIAMI      ,FL,33122-1707,Proprietary  ,0,0,0,7,18,25
02293600,ADVANCED TECHNICAL CENTERS              ,FL,33266-1597,Private      ,22,47,69,44,81,125
02297000,CHARLOTTE TECHNICAL CENTER              ,FL,33948-0000,Public       ,88,193,281,167,385,552
02300900,WITHLACOOCHEE TECHNICAL INSTITUTE       ,FL,34450-0000,Public       ,105,273,378,174,474,648
02305700,FORTIS COLLEGE                          ,FL,33619-1283,Proprietary  ,30,146,176,67,283,350
02305800,FLORIDA CAREER COLLEGE                  ,FL,33012-7028,Proprietary  ,612,2561,3173,746,3276,4022
02305810,FLORIDA CAREER COLLEGE - CLEARWATER     ,FL,33759-3924,Proprietary  ,36,111,147,78,228,306
02307400,GEORGE STONE AREA VOCATIONAL TECHNICAL  ,FL,32526-0000,Public       ,107,480,587,200,903,1103
02314100,SCHILLER INTERNATIONAL UNIVERSITY       ,FL,33770-0000,Proprietary  ,25,114,139,49,218,267
02316200,MIAMI LAKES TECHNICAL EDUCATION CTR     ,FL,33014-0000,Public       ,133,411,544,276,759,1035
02321200,ORANGE TECH EDUC CTR- WESTSIDE TECH     ,FL,34787-0000,Public       ,99,258,357,185,476,661
02325100,KEY COLLEGE                             ,FL,33004-3046,Proprietary  ,7,31,38,14,45,59
02326303,MEDVANCE INSTITUTE - WEST PALM          ,FL,33461-2171,Proprietary  ,69,169,238,94,288,382
02326306,MEDVANCE INSTITUTE - MIAMI              ,FL,33173-3431,Proprietary  ,33,132,165,58,221,279
02326800,MERIDIAN COLLEGE                        ,FL,34240-8478,Proprietary  ,15,93,108,34,145,179
02326900,SUNSTATE ACADEMY OF HAIR DESIGN         ,FL,33907-1415,Proprietary  ,86,170,256,126,302,428
02329900,FLORIDA INSTITUTE OF ULTRASOUND         ,FL,32514-0000,Proprietary  ,52,157,209,91,315,406
02338400,FT PIERCE BEAUTY ACADEMY                ,FL,34982-0000,Proprietary  ,21,99,120,34,153,187
02346200,WYOTECH                                 ,FL,32174-1010,Proprietary  ,177,385,562,296,619,915
02362100,FULL SAIL UNIVERSITY                    ,FL,32792-0000,Proprietary  ,4570,8448,13018,11328,18268,29596
02499000,ACADEMY OF COSMETOLOGY                  ,FL,32953-3311,Proprietary  ,25,77,102,48,124,172
02501500,"O*TEC, MID-FLORIDA TECH                 ",FL,32809-0000,Public       ,200,524,724,387,1007,1394
02502702,ADVANCED CAREER TRAINING-JACKSONVIL     ,FL,32256-0000,Proprietary  ,38,153,191,89,325,414
02504600,WINTER PARK TECH                        ,FL,32789-0000,Public       ,65,246,311,117,473,590
02508900,TALMUDIC COLLEGE OF FLORIDA             ,FL,33139-0000,Private      ,10,8,18,25,14,39
02511700,RIDGE TECHNICAL CENTER                  ,FL,33881-0000,Public       ,152,424,576,262,762,1024
02513200,ORLANDO TECHNICAL CENTER                ,FL,32801-0000,Public       ,216,591,807,415,1138,1553
02515400,CITY COLLEGE                            ,FL,33309-3073,Private      ,187,854,1041,319,1422,1741
02517100,SARASOTA SCHOOL OF MASSAGE THERAPY      ,FL,34243-6130,Proprietary  ,4,70,74,13,107,120
02524000,SUNSTATE ACADEMY OF HAIR DESIGN         ,FL,34624-0000,Proprietary  ,31,83,114,47,125,172
02524200,ROBERT MORGAN EDUCATIONAL CENTER        ,FL,33177-0000,Public       ,178,350,528,304,632,936
02531803,PAUL MITCHELL THE SCHOOL - ORLANDO      ,FL,32765-6444,Proprietary  ,37,41,78,37,41,78
02531805,PAUL MITCHELL THE SCHOOL -TAMPA         ,FL,33613-0000,Proprietary  ,69,83,152,79,93,172
02547600,FLORIDA NATIONAL COLLEGE                ,FL,33012-0000,Proprietary  ,343,1248,1591,453,1703,2156
02554200,RADFORD LOCKLIN TECH CENTER             ,FL,32570-0000,Public       ,45,123,168,64,214,278
02573200,LA BELLE BEAUTY ACADEMY                 ,FL,33135-0000,Proprietary  ,32,139,171,57,180,237
02597100,HERITAGE INSTITUTE                      ,FL,33912-7132,Proprietary  ,135,340,475,222,563,785
02598200,SOUTHERN CAREER COLLEGE                 ,FL,32211-0000,Proprietary  ,27,116,143,48,227,275
02599800,EVEREST UNIVERSITY                      ,FL,33770-2556,Proprietary  ,51,298,349,85,607,692
02599801,EVEREST UNIVERSITY - TAMPA LAKELAND CAMP,FL,33801-3801,Proprietary  ,75,483,558,133,846,979
02599805,EVEREST UNIVERSITY - JACKSONVILLE       ,FL,32256-0000,Proprietary  ,126,703,829,232,1287,1519
02601600,HENRY W BREWSTER TECHNICAL CENTER       ,FL,33602-0000,Public       ,68,257,325,116,517,633
02612700,"SALON PROFESSIONAL ACADEMY - MELBOURNE, ",FL,32904-3919,Proprietary  ,23,62,85,38,119,157
02616400,SANFORD-BROWN INSTITUTE                 ,FL,32256-3520,Proprietary  ,74,311,385,129,580,709
02616401,SANFORD-BROWN INSTITUTE - TAMPA         ,FL,33610-8304,Proprietary  ,56,210,266,109,433,542
02616705,LE CORDON BLEU COLLEGE OF CULINARY ARTS ,FL,33025-3929,Proprietary  ,142,187,329,282,347,629
03003200,EVEREST INSTITUTE                       ,FL,33186-1410,Proprietary  ,140,367,507,229,642,871
03003600,MCFATTER TECHNICAL CENTER               ,FL,33317-7499,Public       ,209,443,652,386,849,1235
03008600,FLORIDA COLLEGE OF NATURAL HEALTH       ,FL,33064-1342,Proprietary  ,74,230,304,124,349,473
03010608,VIRGINIA COLLEGE - PENSACOLA            ,FL,32501-5650,Proprietary  ,79,405,484,145,882,1027
03010612,VIRGINIA COLLEGE - GOLF ACADEMY OF AMERI,FL,32701-0000,Proprietary  ,19,44,63,44,84,128
03010618,VIRGINIA COLLEGE - JACKSONVILLE         ,FL,32207-5167,Proprietary  ,79,302,381,134,619,753
03012300,ASM BEAUTY WORLD ACADEMY                ,FL,33021-0000,Proprietary  ,13,63,76,24,91,115
03018500,BENE'S INTERNATIONAL SCHOOL OF BEAUTY   ,FL,34652-1637,Proprietary  ,34,78,112,55,158,213
03028200,TRINITY COLLEGE OF FLORIDA              ,FL,34655-4401,Private      ,53,52,105,115,103,218
03031400,INTERNATIONAL ACADEMY OF DESIGN AND TECH,FL,33634-6313,Proprietary  ,345,1227,1572,695,2498,3193
03031402,INTERNATIONAL ACADEMY OF DESIGN AND TECH,FL,32809-4613,Proprietary  ,163,289,452,332,580,912
03031403,IADT - ORLANDO CULINARY ACADEMY         ,FL,32819-0000,Proprietary  ,69,141,210,172,314,486
03035800,HERITAGE INSTITUTE                      ,FL,32216-0948,Proprietary  ,36,177,213,63,337,400
03035900,NATIONAL AVIATION ACADEMY               ,FL,33760-3931,Proprietary  ,152,285,437,265,590,855
03037500,HODGES UNIVERSITY                       ,FL,34119-7932,Private      ,308,1320,1628,578,2582,3160
03054200,FORTIS COLLEGE                          ,FL,33144-2373,Proprietary  ,43,92,135,71,151,222
03071600,COLLEGE OF BUSINESS & TECHNOLOGY        ,FL,33176-0000,Proprietary  ,124,508,632,224,812,1036
03076402,BRYMAN SCHOOL OF ARIZONA (THE) - ANTHEM ,FL,32803-3509,Proprietary  ,83,209,292,111,326,437
03079800,GEORGE T BAKER AVIATION                 ,FL,33142-5687,Public       ,149,185,334,240,327,567
03079900,CITY COLLEGE                            ,FL,32707-0000,Private      ,35,188,223,51,328,379
03089200,NOUVELLE INSTITUTE                      ,FL,33125-4141,Proprietary  ,9,138,147,14,140,154
03096300,FORTIS INSTITUTE                        ,FL,33860-0000,Proprietary  ,21,81,102,31,123,154
03100800,TAYLOR TECHNICAL INSTITUTE              ,FL,32348-0894,Public       ,14,70,84,30,119,149
03101900,TRINITY BAPTIST COLLEGE                 ,FL,32221-1398,Private      ,139,116,255,222,203,425
03103900,MARION COUNTY COMMUNITY TECH & ADUL     ,FL,34474-3172,Public       ,189,560,749,341,1088,1429
03108500,EVERGLADES UNIVERSITY                   ,FL,33431-0000,Private      ,78,611,689,160,1176,1336
03108600,COM-PU-MED VOCATIONAL CAREERS           ,FL,33012-4861,Proprietary  ,16,79,95,19,89,108
03113400,ACADEMY OF HEALING ARTS                 ,FL,33463-2113,Proprietary  ,17,49,66,32,93,125
03114700,PRAXIS INSTITUTE                        ,FL,33135-2657,Proprietary  ,4,94,98,10,115,125
03115500,ADVENTIST UNIVERSITY OF HEALTH SCIENCES ,FL,32803-1237,Private      ,461,924,1385,1131,1907,3038
03123900,KEISER CAREER COLLEGE                   ,FL,33413-0000,Proprietary  ,129,555,684,212,902,1114
03125600,MIAMI AD SCHOOL                         ,FL,33139-5203,Proprietary  ,45,122,167,82,258,340
03127900,TECHNICAL EDUCATION CTR OSCEOLA         ,FL,34744-4459,Public       ,143,410,553,271,752,1023
03158300,LEE COUNTY HIGH TECH CENTER NORTH       ,FL,33993-2479,Public       ,81,210,291,141,367,508
03171300,UNIVERSITY OF ST. AUGUSTINE FOR HEALTH S,FL,32084-4215,Proprietary  ,40,451,491,117,1207,1324
03178400,CORAL RIDGE NURSES ASST TRAINING        ,FL,33306-0000,Proprietary  ,11,36,47,22,68,90
03224300,NEW PROFESSIONS TECHNICAL INSTITUTE     ,FL,33134-1640,Proprietary  ,27,163,190,34,292,326
03230300,CHOICE HIGH SCHOOL AND TECHNICAL CENTER ,FL,32547-1299,Public       ,48,178,226,81,356,437
03238300,FLORIDA COLLEGE OF INTEGRATIVE MED      ,FL,32809-5721,Proprietary  ,51,162,213,111,338,449
03255300,FLORIDA GULF COAST UNIVERSITY           ,FL,33965-6565,Public       ,4367,2232,6599,16295,5224,21519
03256300,YESHIVA GEDOLAH RABBINICAL COLLEGE      ,FL,33139-4708,Private      ,5,5,10,15,12,27
03264300,SOUTH FLORIDA BIBLE COLLEGE AND THEOLOGI,FL,33441-5768,Private      ,3,53,56,12,86,98
03346300,ACAD FOR PRAC NURSING & HEALTH OCCP     ,FL,33417-4574,Private      ,126,543,669,217,811,1028
03348400,PROFESSIONAL TRAINING CENTERS           ,FL,33184-0000,Proprietary  ,53,243,296,72,315,387
03373300,BEACON COLLEGE                          ,FL,34748-5224,Private      ,54,43,97,156,87,243
03374300,FLORIDA COASTAL SCHOOL OF LAW           ,FL,32256-0000,Proprietary  ,30,895,925,75,2056,2131
03382300,BRADFORD-UNION AREA CAREERTECHNICAL CENT,FL,32091-2434,Public       ,20,94,114,41,180,221
03390300,LINCOLN TECHNICAL INSTITUTE             ,FL,32730-2351,Proprietary  ,58,195,253,119,291,410
03411400,INTERNATIONAL TRAINING CAREERS          ,FL,33155-1462,Private      ,23,141,164,36,169,205
03414500,ACUPUNCTURE AND MASSAGE COLLEGE         ,FL,33176-1509,Proprietary  ,26,129,155,61,222,283
03425400,CENTRAL FLORIDA INSTITUTE               ,FL,34684-4436,Proprietary  ,55,228,283,93,391,484
03429600,ATLANTIC INST OF ORIENTAL MEDICINE      ,FL,33316-0000,Private      ,22,73,95,30,148,178
03429700,EAST WEST COLLG OF NATURAL MEDICINE     ,FL,34236-4959,Proprietary  ,8,76,84,14,129,143
03433400,NEW CONCEPT MASSAGE AND BEAUTY SCHO     ,FL,33135-0000,Proprietary  ,16,33,49,33,50,83
03434300,FORTIS COLLEGE                          ,FL,32073-2999,Proprietary  ,45,192,237,79,344,423
03480301,MEDVANCE INSTITUTE - FORT LAUDERDALE    ,FL,33313-7261,Proprietary  ,38,144,182,51,192,243
03480302,MEDVANCE INSTITUTE - STUART             ,FL,34994-3000,Proprietary  ,61,223,284,82,374,456
03491400,AMERICAN ADVANCED TECHNICIANS INST      ,FL,33014-4430,Proprietary  ,18,63,81,34,82,116
03549300,ULTIMATE MEDICAL ACADEMY                ,FL,33756-4917,Proprietary  ,547,5556,6103,777,9153,9930
03553300,KEISER CAREER COLLEGE                   ,FL,32216-0000,Proprietary  ,126,474,600,257,917,1174
03557300,NORTH FLORIDA COSMETOLOGY INSTITUTE     ,FL,32312-0000,Proprietary  ,57,159,216,116,292,408
03564300,"INTERNATIONAL SCHOOL OF HEALTH, BEAUTY &",FL,33311-1141,Proprietary  ,17,72,89,28,106,134
03570400,ENGLISH CENTER (THE)                    ,FL,33133-2703,Public       ,8,109,117,13,155,168
03611400,FLORIDA BARBER ACADEMY                  ,FL,33441-0000,Proprietary  ,14,115,129,26,168,194
03618300,FLORIDA INSTITUTE OF ANIMAL ARTS        ,FL,32792-1740,Proprietary  ,67,86,153,130,143,273
03627400,JACKSONVILLE BEAUTY INSTITUTE           ,FL,32208-1885,Proprietary  ,32,96,128,60,192,252
03627600,FLORIDA EDUCATION INSTITUTE             ,FL,33144-5036,Proprietary  ,25,144,169,62,221,283
03661400,SOUTH FLORIDA INSTITUTE OF TECHNOLO     ,FL,33135-0000,Proprietary  ,57,392,449,122,604,726
03691400,AVE MARIA SCHOOL OF LAW                 ,FL,34119-1376,Private      ,20,249,269,71,534,605
03696400,SABER                                   ,FL,33134-1604,Private      ,27,255,282,37,375,412
03706300,AMERICAN INSTITUTE                      ,FL,33319-0000,Proprietary  ,35,92,127,43,144,187
03757300,ADVANCE SCIENCE INSTITUTE               ,FL,33012-0000,Proprietary  ,3,13,16,13,30,43
03801400,BEAUTY INSTITUTE (THE)                  ,FL,33409-2972,Proprietary  ,23,56,79,44,97,141
03801401,BEAUTY INSTITUTE (THE) - MARGATE        ,FL,33068-5704,Proprietary  ,11,22,33,19,48,67
03816300,ARTISTIC NAILS & BEAUTY ACADEMY         ,FL,33605-5919,Proprietary  ,41,120,161,85,225,310
03823300,FLORIDA ACADEMY OF HEALTH & BEAUTY      ,FL,33311-0000,Proprietary  ,5,14,19,9,32,41
03832300,DADE MEDICAL COLLEGE                    ,FL,33126-5534,Proprietary  ,428,1850,2278,759,3027,3786
03842500,CAMBRIDGE INSTITUTE OF ALLIED HEALTH    ,FL,32750-0000,Proprietary  ,18,110,128,28,208,236
03856300,UNIVERSAL BEAUTY SCHOOL                 ,FL,33174-4406,Proprietary  ,10,66,76,10,67,77
03856500,FLORIDA SCHOOL OF TRADITIONAL MIDWIFERY ,FL,32601-5507,Private      ,9,58,67,20,134,154
03875300,MCI INSTITUTE OF TECHNOLOGY             ,FL,33409-4937,Proprietary  ,42,147,189,67,206,273
03888300,DRAGON RISES COLLEGE OF ORIENTAL MEDICIN,FL,32601-5089,Proprietary  ,9,22,31,12,55,67
03903500,SOUTHERN TECHNICAL COLLEGE              ,FL,32809-0000,Proprietary  ,116,768,884,185,1167,1352
03906300,CAREER INSTITUTE OF FLORIDA             ,FL,33773-3434,Proprietary  ,1,15,16,5,29,34
03907301,PAUL MITCHELL THE SCHOOL FT MYERS       ,FL,33907-0000,Proprietary  ,42,68,110,46,75,121
03911300,TOTAL INTERNATIONAL CAREER INSTITUTE    ,FL,33012-0000,Proprietary  ,5,70,75,7,86,93
03939300,WOLFORD COLLEGE                         ,FL,34108-1931,Proprietary  ,9,80,89,25,159,184
03939400,CENTURA INSTITUTE                       ,FL,32807-3566,Proprietary  ,38,203,241,85,365,450
03939600,DAYTONA COLLEGE                         ,FL,32174-8445,Proprietary  ,43,185,228,89,307,396
03941300,AVE MARIA UNIVERSITY                    ,FL,34142-9505,Private      ,351,70,421,1181,174,1355
03957400,NEW COLLEGE OF FLORIDA                  ,FL,34243-2109,Public       ,253,147,400,1881,376,2257
03985300,COMMERCIAL DIVING ACADEMY               ,FL,32208-0000,Proprietary  ,92,284,376,220,568,788
03986300,AVIATOR COLLEGE OF AERONAUTICAL SCIENCE ,FL,34946-9022,Proprietary  ,24,72,96,63,149,212
04016500,AMERICAN INSTITUTE OF BEAUTY            ,FL,33773-0000,Proprietary  ,37,105,142,53,189,242
04029300,TRENDSETTERS OF FLORIDA SCHOOL OF BEAUTY,FL,32205-4737,Proprietary  ,11,42,53,15,81,96
04038302,ATA COLLEGE-ATA CAREER EDUCATION        ,FL,34606-4300,Proprietary  ,34,157,191,57,253,310
04083400,CAMBRIDGE INSTITUTE OF ALLIED HEALTH & T,FL,33484-6543,Proprietary  ,26,141,167,44,235,279
04105400,PENSACOLA SCHOOL OF MASSAGE THERAPY & HE,FL,32504-7337,Proprietary  ,20,90,110,40,193,233
04106300,PALM BEACH ACADEMY OF HEALTH & BEAUTY   ,FL,33403-2130,Proprietary  ,20,39,59,28,67,95
04116400,FUTURE-TECH INSTITUTE                   ,FL,33135-4142,Proprietary  ,13,86,99,21,109,130
04116600,TAYLOR COLLEGE                          ,FL,34420-8714,Proprietary  ,40,326,366,65,603,668
04119400,AVEDA INSTITUTE - SAINT PETERSBURG      ,FL,33701-4242,Proprietary  ,152,295,447,289,545,834
04120400,HI-TECH SCHOOL OF COSMETOLOGY           ,FL,33174-0000,Proprietary  ,40,58,98,72,98,170
04126900,ACADEMY OF CAREER TRAINING              ,FL,34741-4644,Proprietary  ,57,151,208,103,268,371
04127400,DIGITAL MEDIA ARTS COLLEGE              ,FL,33431-5919,Proprietary  ,169,135,304,300,211,511
04128400,MANAGEMENT RESOURCES INSTITUTE          ,FL,33126-5473,Proprietary  ,15,291,306,24,390,414
04129900,FLORIDA SCHOOL OF MASSAGE               ,FL,32608-5419,Proprietary  ,16,85,101,54,166,220
04130400,SHEAR EXCELLENCE INTERNATIONAL HAIR ACAD,FL,33614-2783,Proprietary  ,7,23,30,23,60,83
04133500,ACADEMY FOR FIVE ELEMENT ACUPUNCTURE    ,FL,32601-6811,Private      ,8,48,56,19,91,110
04133900,FUTURA CAREER INSTITUTE                 ,FL,33012-3325,Proprietary  ,2,16,18,5,22,27
04134800,AVEDA INSTITUTE - TALLAHASSEE           ,FL,32304-3186,Proprietary  ,167,223,390,286,439,725
04134900,ORANGE PARK BEAUTY ACADEMY              ,FL,32073-5524,Proprietary  ,0,0,0,8,16,24
04135000,COZMO THE SCHOOL                        ,FL,34135-4810,Proprietary  ,3,26,29,8,38,46
04135900,ALLIED HEALTH INSTITUTE                 ,FL,33068-0000,Proprietary  ,34,410,444,69,842,911
04140800,NORTH FLORIDA ACADEMY                   ,FL,32065-7758,Proprietary  ,13,36,49,21,72,93
04143000,VOCATIONAL INSTITUTE OF FLORIDA         ,FL,33135-1939,Proprietary  ,4,10,14,17,42,59
04143100,PROFESSIONAL HANDS INSTITUTE            ,FL,33135-1939,Proprietary  ,2,15,17,6,21,27
04145900,CELEBRITY SCHOOL OF BEAUTY              ,FL,33144-4153,Proprietary  ,20,71,91,66,114,180
04146200,WALTON CAREER DEVELOPMENT CENTER        ,FL,32433-1557,Public       ,30,77,107,52,157,209
04146300,MARCHMAN TECHNICAL EDUCATION CENTER     ,FL,34653-1211,Public       ,81,132,213,143,252,395
04148500,MEDICAL INSTITUTE OF PALM BEACH         ,FL,33460-5042,Proprietary  ,35,82,117,56,145,201
04150800,IMMOKALEE TECHNICAL CENTER              ,FL,34142-3146,Public       ,58,70,128,100,124,224
04151500,AMERICAN ACADEMY OF COSMETOLOGY         ,FL,32065-8026,Proprietary  ,25,72,97,43,109,152
04156300,UNIVERSITY OF FORT LAUDERDALE           ,FL,33313-5809,Private      ,21,45,66,66,89,155
04156400,AVIATION INSTITUTE OF MAINTENANCE       ,FL,32803-6487,Proprietary  ,90,206,296,156,419,575
04157100,AEROSIM FLIGHT ACADEMY                  ,FL,32773-9683,Proprietary  ,37,72,109,73,144,217
04158300,FLAGLER TECHNICAL INSTITUTE             ,FL,32137-4714,Public       ,43,110,153,85,232,317
04162000,JOSE MARIA VARGAS UNIVERSITY            ,FL,33025-4534,Proprietary  ,9,47,56,20,74,94
04162500,HOLLYWOOD INSTITUTE OF BEAUTY CAREERS   ,FL,33020-4807,Proprietary  ,39,209,248,63,299,362
04163000,SALON PROFESSIONAL ACADEMY (THE)        ,FL,33624-6321,Proprietary  ,33,71,104,63,146,209
04163100,SALON PROFESSIONAL ACADEMY (THE)        ,FL,32607-1672,Proprietary  ,43,68,111,71,139,210
04163200,SALON PROFESSIONAL ACADEMY (THE)        ,FL,32162-9311,Proprietary  ,35,51,86,57,117,174
04164500,EUREKA INSTITUTE OF HEALTH AND BEAUTY   ,FL,33174-4205,Proprietary  ,9,23,32,21,45,66
04164600,D. A. DORSEY EDUCATIONAL CENTER         ,FL,33147-6304,Public       ,17,73,90,31,141,172
04167300,SALON PROFESSIONAL ACADEMY (THE)        ,FL,33904-4824,Proprietary  ,22,45,67,43,85,128
04170300,BEAUTY ACADEMY OF SOUTH FLORIDA         ,FL,33012-3221,Proprietary  ,12,84,96,21,100,121
04172300,ETERNITY COSMETOLOGY SCHOOL             ,FL,33415-5719,Proprietary  ,16,41,57,32,67,99
04176800,PROGRESSIVE TRAINING CENTERS            ,FL,33060-9238,Proprietary  ,0,0,0,0,4,4
04176900,AMERICAN HEALTH INSTITUTE               ,FL,34654-3743,Proprietary  ,15,53,68,30,101,131
04182500,MILLENNIA ATLANTIC UNIVERSITY           ,FL,33178-2369,Proprietary  ,6,27,33,12,39,51
04188300,FLORIDA ACADEMY                         ,FL,33966-1155,Proprietary  ,31,115,146,72,207,279
04192100,AMERICAN MEDICAL ACADEMY                ,FL,33186-4830,Proprietary  ,76,100,176,129,204,333
04195100,AMBIANCE BEAUTY & BARBER ACADEMY        ,FL,32935-8771,Proprietary  ,11,46,57,21,78,99
04197600,"FLORIDA INSTITUTE OF RECORDING, SOUND AN",FL,32804-3309,Proprietary  ,93,120,213,172,230,402
04206300,FLORIDA VOCATIONAL INSTITUTE            ,FL,33155-3762,Proprietary  ,18,77,95,37,119,156
04207900,SAE INSTITUTE OF TECHNOLOGY - MIAMI     ,FL,33160-4307,Proprietary  ,40,76,116,99,161,260
04209500,SHEAR FINESSE HAIRSTYLING ACADEMY       ,FL,32208-5005,Proprietary  ,8,39,47,17,67,84
04210800,ULTRASOUND MEDICAL INSTITUTE            ,FL,33462-4221,Proprietary  ,9,20,29,15,38,53
04213200,KAIZEN BEAUTY ACADEMY                   ,FL,33024-6609,Proprietary  ,2,19,21,10,27,37
04214500,PRESTIGE HEALTH & BEAUTY SCIENCES ACADEM,FL,33160-4102,Proprietary  ,0,7,7,0,7,7
04217800,BOCA BEAUTY ACADEMY                     ,FL,33434-4178,Proprietary  ,31,82,113,43,113,156
04221200,BLY'S SCHOOL OF COSMETOLOGY             ,FL,32601-4021,Proprietary  ,10,31,41,10,31,41
00160500,CHAMINADE UNIV OF HONOLULU              ,HI,96816-1578,Private      ,397,771,1168,2081,1876,3957
00160600,BRIGHAM YOUNG UNIV-HAWAII CAMPUS        ,HI,96762-1294,Private      ,457,319,776,1637,725,2362
00161000,UNIVERSITY OF HAWAII AT MANOA           ,HI,96822-2399,Public       ,2175,2240,4415,14048,8398,22446
00161100,UNIVERSITY OF HAWAII AT HILO            ,HI,96720-4091,Public       ,687,711,1398,3765,2732,6497
00161200,HONOLULU COMMUNITY COLLEGE              ,HI,96817-4598,Public       ,810,1063,1873,2250,2572,4822
00161300,KAPIOLANI COMMUNITY COLLEGE             ,HI,96816-4421,Public       ,1097,1239,2336,3259,3134,6393
00161400,KAUAI COMMUNITY COLLEGE                 ,HI,96766-9591,Public       ,192,281,473,535,633,1168
00161500,UNIVERSITY OF HAWAII MAUI COLLEGE       ,HI,96732-1644,Public       ,501,982,1483,1533,2344,3877
00454900,LEEWARD COMMUNITY COLLEGE               ,HI,96782-3393,Public       ,977,1351,2328,2419,2924,5343
00525800,HAWAII COMMUNITY COLLEGE                ,HI,96720-4075,Public       ,511,827,1338,1569,2230,3799
00723401,HEALD COLLEGE - HONOLULU                ,HI,96814-0000,Proprietary  ,373,856,1229,720,1589,2309
00727900,HAWAII PACIFIC UNIVERSITY               ,HI,96813-2882,Private      ,687,1168,1855,4795,3301,8096
01122000,WINDWARD COMMUNITY COLLEGE              ,HI,96744-0000,Public       ,291,443,734,878,1338,2216
02100300,MED-ASSIST SCHOOL OF HAWAII             ,HI,96813-0000,Proprietary  ,36,101,137,103,220,323
02107800,UNIVERSITY OF HAWAII - WEST OAHU        ,HI,96782-0000,Public       ,477,765,1242,1989,2028,4017
02139500,HAWAII INSTITUTE OF HAIR DESIGN         ,HI,96817-5195,Proprietary  ,34,93,127,81,167,248
02159701,NEW HOPE CHRISTIAN COLLEGE - HAWAII     ,HI,96819-2228,Private      ,7,12,19,80,97,177
03017800,TRAVEL INSTITUTE OF THE PACIFIC         ,HI,96814-1946,Proprietary  ,26,71,97,51,136,187
03072500,WORLD MEDICINE INSTITUTE                ,HI,96826-0000,Private      ,9,46,55,41,139,180
03735300,INST OF CLINICAL ACUPUNCTURE & ORIENT MD,HI,96813-2307,Proprietary  ,2,43,45,12,96,108
03999400,TRADITIONAL CHINESE MEDICAL COLLEGE OF H,HI,96743-8324,Private      ,1,11,12,3,33,36
04165200,MAUNA LOA HELICOPTERS                   ,HI,96740-2650,Proprietary  ,7,19,26,13,57,70
04175100,PAUL MITCHELL THE SCHOOL HONOLULU       ,HI,96816-2433,Proprietary  ,49,85,134,106,174,280
04182200,HAWAII MEDICAL INSTITUTE                ,HI,96814-3518,Proprietary  ,78,182,260,189,445,634
00161600,BOISE STATE UNIVERSITY                  ,ID,83725-1000,Public       ,1572,2626,4198,13358,10383,23741
00161700,"COLLEGE OF IDAHO, THE                   ",ID,83605-4432,Private      ,266,147,413,1783,504,2287
00161900,COLLEGE OF SOUTHERN IDAHO               ,ID,83301-0000,Public       ,719,1174,1893,2786,2904,5690
00162000,IDAHO STATE UNIVERSITY                  ,ID,83209-5377,Public       ,1345,2995,4340,5009,6469,11478
00162100,LEWIS-CLARK STATE COLLEGE               ,ID,83501-2698,Public       ,244,530,774,2346,2188,4534
00162300,NORTH IDAHO COLLEGE                     ,ID,83814-2199,Public       ,564,1206,1770,2607,3687,6294
00162400,NORTHWEST NAZARENE UNIVERSITY           ,ID,83686-5897,Private      ,213,405,618,1547,1198,2745
00162500,BRIGHAM YOUNG UNIVERSITY-IDAHO          ,ID,83460-1650,Private      ,3368,3949,7317,9685,7519,17204
00162600,UNIVERSITY OF IDAHO                     ,ID,83844-4291,Public       ,761,916,1677,9997,3986,13983
00732915,ITT TECHNICAL INSTITUTE                 ,ID,83713-1529,Proprietary  ,136,571,707,285,1022,1307
00987300,MR JUAN'S CLG OF HAIR DESIGN            ,ID,83301-4154,Proprietary  ,13,31,44,27,55,82
01113300,EASTERN IDAHO TECHNICAL COLLEGE         ,ID,83404-5788,Public       ,119,385,504,330,819,1149
02218000,CARRINGTON COLLEGE                      ,ID,83704-0000,Proprietary  ,144,596,740,319,1177,1496
02234500,BOISE BIBLE COLLEGE                     ,ID,83714-1220,Private      ,59,48,107,173,118,291
02275800,MR LEONS SCHOOL OF HAIR DESIGN          ,ID,83843-8384,Proprietary  ,9,23,32,14,36,50
02275801,MR. LEON'S SCHOOL OF HAIR DESIGN        ,ID,83501-1910,Proprietary  ,2,11,13,8,18,26
02314000,SCHOOL OF HAIRSTYLING (THE)             ,ID,83202-0000,Proprietary  ,8,18,26,18,43,61
02319800,TONI&GUY HAIRDRESSING ACADEMY           ,ID,83814-2822,Proprietary  ,44,66,110,81,128,209
02319801,TONI&GUY HAIRDRESSING ACADEMY - BOISE   ,ID,83705-2636,Proprietary  ,13,35,48,13,35,48
02349200,HEADMASTERS SCHOOL OF HAIR DESIGN       ,ID,83501-0000,Proprietary  ,5,27,32,18,40,58
02559500,RAZZLE DAZZLE CLG OF HAIR DESIGN        ,ID,83686-5104,Proprietary  ,26,63,89,72,131,203
02607100,PAUL MITCHELL THE SCHOOL BOISE          ,ID,83709-1662,Proprietary  ,40,70,110,120,162,282
03098700,ACADEMY OF COURT REPORTING              ,ID,83704-8320,Proprietary  ,32,119,151,74,218,292
03832400,COSMETOLOGY SCHOOL OF ARTS & SCIENCES   ,ID,83318-1327,Proprietary  ,5,31,36,11,50,61
04051323,ART INSTITUTE OF PHOENIX (THE) - BROWN M,ID,83709-2746,Proprietary  ,18,52,70,65,131,196
04134300,EVANS HAIRSTYLING COLLEGE               ,ID,83440-5277,Proprietary  ,29,12,41,55,34,89
04144500,HAIR ACDMY PAUL MITCHELL PARTNER SCHOOL ,ID,83440-2600,Proprietary  ,55,57,112,87,95,182
04150600,D & L ACADEMY OF HAIR DESIGN            ,ID,83301-6229,Proprietary  ,8,18,26,17,46,63
04155200,OLIVER FINLEY ACADEMY OF COSMETOLOGY    ,ID,83704-8011,Proprietary  ,40,98,138,94,194,288
04163800,MASTER EDUCATORS BEAUTY SCHOOL          ,ID,83301-4118,Proprietary  ,8,13,21,24,36,60
04168600,COLLEGE OF MASSAGE THERAPY              ,ID,83221-1758,Proprietary  ,8,11,19,16,30,46
04176700,D'SHAW INSTITUTE OF COSMETOLOGY         ,ID,83704-4406,Proprietary  ,11,29,40,30,65,95
04194800,VELVET TOUCH ACADEMY OF COSMETOLOGY     ,ID,83687-5020,Proprietary  ,21,40,61,44,72,116
04203200,BOISE BARBER COLLEGE                    ,ID,83704-5919,Proprietary  ,13,27,40,29,61,90
04203500,AUSTIN KADE ACADEMY                     ,ID,83404-5540,Proprietary  ,26,104,130,53,147,200
04207200,ACADEMY DI FIRENZE                      ,ID,83338-2329,Proprietary  ,2,11,13,10,27,37
04211800,COLLEGE OF WESTERN IDAHO                ,ID,83687-5505,Public       ,1173,2960,4133,3715,6429,10144
00163200,AQUINAS INSTITUTE OF THEOLOGY           ,MO,63108-3323,Private      ,1,23,24,3,71,74
00244900,AVILA COLLEGE                           ,MO,64145-1698,Private      ,393,611,1004,1421,1434,2855
00245000,CALVARY BIBLE COLLEGE                   ,MO,64147-1341,Private      ,71,76,147,154,157,311
00245200,CENTRAL BIBLE COLLEGE                   ,MO,65803-1096,Private      ,46,46,92,179,134,313
00245300,CENTRAL METHODIST UNIVERSITY            ,MO,65248-1198,Private      ,309,559,868,1733,1826,3559
00245400,UNIVERSITY OF CENTRAL MISSOURI          ,MO,64093-5178,Public       ,2755,1777,4532,8734,3903,12637
00245600,COLUMBIA COLLEGE                        ,MO,65216-4581,Private      ,825,4977,5802,2818,16588,19406
00245700,CONCORDIA SEMINARY                      ,MO,63105-3199,Private      ,1,100,101,5,417,422
00245800,COTTEY COLLEGE                          ,MO,64772-2790,Private      ,53,23,76,346,74,420
00245900,CROWDER COLLEGE                         ,MO,64850-9165,Public       ,932,1090,2022,2150,2266,4416
00246000,CULVER STOCKTON COLLEGE                 ,MO,63435-1299,Private      ,265,54,319,1186,186,1372
00246100,DRURY UNIVERSITY                        ,MO,65802-3791,Private      ,661,1326,1987,2406,3040,5446
00246200,EDEN THEOLOGICAL SEMINARY               ,MO,63119-0000,Private      ,0,50,50,1,103,104
00246300,EVANGEL UNIVERSITY                      ,MO,65802-2125,Private      ,639,404,1043,2396,869,3265
00246400,FONTBONNE UNIVERSITY                    ,MO,63105-3098,Private      ,266,748,1014,1279,1886,3165
00246600,HARRIS-STOWE STATE COLLEGE              ,MO,63103-2199,Public       ,480,638,1118,1200,1456,2656
00246700,CONCEPTION SEMINARY COLLEGE             ,MO,64433-0502,Private      ,11,3,14,38,8,46
00246800,JEFFERSON COLLEGE                       ,MO,63050-2441,Public       ,934,1094,2028,2212,2155,4367
00247100,ST LOUIS COMMUNITY COLLEGE              ,MO,63102-0000,Public       ,3979,6181,10160,9254,12212,21466
00247300,KANSAS CITY ART INSTITUTE               ,MO,64111-1874,Private      ,322,148,470,1266,381,1647
00247400,KANSAS CITY UNIV OF MED AND BIOSCIENCES ,MO,64106-0000,Private      ,29,558,587,92,1126,1218
00247600,KENRICK-GLENNON SEMINARY                ,MO,63119-4330,Private      ,6,2,8,23,6,29
00247700,A.T. STILL UNIV OF HEALTH SCIENCES      ,MO,63501-0000,Private      ,4,1120,1124,20,2524,2544
00247900,LINCOLN UNIVERSITY                      ,MO,65101-3500,Public       ,604,533,1137,2012,1375,3387
00248000,LINDENWOOD UNIVERSITY                   ,MO,63301-1695,Private      ,1735,2354,4089,6536,5735,12271
00248200,MARYVILLE UNIVERSITY                    ,MO,63141-7299,Private      ,485,1323,1808,2532,3135,5667
00248400,METROPOLITAN COMMUNITY COLLEGE          ,MO,64111-2408,Public       ,3909,5562,9471,8208,10897,19105
00248500,MIDWESTERN BAPTIST THEOL SEMINARY       ,MO,64118-4697,Private      ,33,125,158,72,238,310
00248600,MINERAL AREA COLLEGE                    ,MO,63601-1000,Public       ,730,886,1616,1870,1850,3720
00248800,MISSOURI SOUTHERN STATE UNIVERSITY      ,MO,64801-1595,Public       ,1441,1388,2829,3963,3076,7039
00248900,MISSOURI VALLEY COLLEGE                 ,MO,65340-3197,Private      ,461,172,633,1580,377,1957
00249000,MISSOURI WESTERN STATE UNIVERSITY       ,MO,64507-2294,Public       ,901,781,1682,4175,2239,6414
00249100,MOBERLY AREA COMMUNITY COLLEGE          ,MO,65270-1304,Public       ,1020,1141,2161,2652,2553,5205
00249400,NAZARENE THEOLOGICAL SEMINARY           ,MO,64131-1246,Private      ,5,51,56,6,150,156
00249500,TRUMAN STATE UNIVERSITY                 ,MO,63501-4221,Public       ,1114,164,1278,5716,557,6273
00249600,NORTHWEST MISSOURI STATE UNIV           ,MO,64468-6001,Public       ,1634,453,2087,6008,1122,7130
00249800,PARK UNIVERSITY                         ,MO,64152-3795,Private      ,503,2907,3410,1405,6293,7698
00249900,ROCKHURST UNIVERSITY                    ,MO,64110-2561,Private      ,395,465,860,2273,1196,3469
00250000,COLLEGE OF THE OZARKS                   ,MO,65726-2502,Private      ,338,82,420,3364,362,3726
00250100,SOUTHEAST MISSOURI STATE UNIV           ,MO,63701-4799,Public       ,1552,1307,2859,8331,3735,12066
00250200,SOUTHWEST BAPTIST UNIVERSITY            ,MO,65613-2597,Private      ,359,484,843,2085,1381,3466
00250300,MISSOURI STATE UNIVERSITY               ,MO,65897-0094,Public       ,3876,3034,6910,14985,6983,21968
00250400,ST LOUIS COLLEGE OF PHARMACY            ,MO,63110-1088,Private      ,143,237,380,847,703,1550
00250600,SAINT LOUIS UNIVERSITY                  ,MO,63103-2097,Private      ,1060,2103,3163,10314,6869,17183
00250900,SAINT PAUL SCHOOL OF THEOLOGY           ,MO,64127-2499,Private      ,3,35,38,6,80,86
00251200,STEPHENS COLLEGE                        ,MO,65215-0001,Private      ,161,228,389,884,557,1441
00251400,NORTH CENTRAL MISSOURI COLLEGE          ,MO,64683-1824,Public       ,333,349,682,842,760,1602
00251600,UNIVERSITY OF MISSOURI-COLUMBIA         ,MO,65211-1600,Public       ,3614,2172,5786,26622,7920,34542
00251700,MISSOURI UNIVERSITY OF SCIENCE & TECHNOL,MO,65409-0250,Public       ,959,376,1335,5702,1189,6891
00251800,UNIVERSITY OF MISSOURI-KANSAS CITY      ,MO,64110-2497,Public       ,1985,3321,5306,7926,8233,16159
00251900,UNIVERSITY OF MISSOURI-ST LOUIS         ,MO,63121-4499,Public       ,2034,3772,5806,6774,8660,15434
00252000,WASHINGTON UNIVERSITY                   ,MO,63130-4899,Private      ,772,1301,2073,14414,4802,19216
00252001,WASHINGTON UNIV-SCHOOL OF MEDICINE      ,MO,63110-0000,Private      ,35,429,464,188,1407,1595
00252100,WEBSTER UNIVERSITY                      ,MO,63119-3194,Private      ,684,4627,5311,3412,10384,13796
00252200,WENTWORTH MILITARY ACADEMY              ,MO,64067-1799,Private      ,113,68,181,312,192,504
00252300,WESTMINSTER COLLEGE                     ,MO,65251-1299,Private      ,134,50,184,1250,163,1413
00252400,WILLIAM JEWELL COLLEGE                  ,MO,64068-1896,Private      ,177,86,263,1276,278,1554
00252500,WILLIAM WOODS UNIVERSITY                ,MO,65251-2388,Private      ,285,422,707,1074,872,1946
00405704,NATIONAL AMERICAN UNIVERSITY            ,MO,64057-1791,Proprietary  ,34,259,293,51,590,641
00439800,COX HEALTH SYSTEM SCHOOL OF RADIOLOGIC T,MO,65802-0000,Private      ,0,0,0,4,31,35
00441300,MERCY HOSPITAL SPRINGFIELD SCHOOL OF RAD,MO,65804-2263,Private      ,37,88,125,114,207,321
00470300,LOGAN COLLEGE OF CHIROPRACTIC           ,MO,63006-1065,Private      ,20,272,292,54,708,762
00470700,COVENANT THEOLOGICAL SEMINARY           ,MO,63141-8697,Private      ,0,207,207,0,463,463
00471100,LINN STATE TECHNICAL COLLEGE            ,MO,65051-9607,Public       ,413,169,582,1434,437,1871
00471300,THREE RIVERS COMMUNITY COLLEGE          ,MO,63901-2393,Public       ,676,1340,2016,1648,2684,4332
00528800,KIRKSVILLE AREA TECHNICAL CENTER        ,MO,63501-0000,Public       ,19,32,51,36,74,110
00528900,WAYNESVILLE CAREER CENTER               ,MO,65583-2131,Public       ,21,69,90,42,116,158
00542400,SOUTH CENTRAL CAREER CENTER             ,MO,65775-3334,Public       ,21,61,82,34,109,143
00542600,SIKESTON CAREER AND TECHNOLOGY CTR      ,MO,63801-0000,Public       ,25,91,116,65,217,282
00542900,ROLLA TECHNICAL INSTITUTE               ,MO,65401-3601,Public       ,96,132,228,282,310,592
00543000,POPLAR BLUFF TECHNICAL CAREER CNTR      ,MO,63901-0000,Public       ,22,77,99,59,185,244
00543800,SALINE COUNTY CAREER CENTER             ,MO,65340-0000,Public       ,5,12,17,17,50,67
00544500,TRUMAN MEDICAL CENTER SCHOOL OF NURSE AN,MO,64108-2677,Private      ,15,68,83,56,191,247
00553100,GRAND RIVER TECHNICAL SCHOOL            ,MO,64601-1299,Public       ,30,26,56,69,46,115
00553200,CAPE GIRARDEAU CAREER & TECHNOLOGY CENTE,MO,63703-7511,Public       ,110,223,333,252,484,736
00638900,BARNES JEWISH COLLEGE OF NURSING AND ALL,MO,63110-1091,Private      ,181,403,584,613,1097,1710
00639200,RESEARCH COLLEGE OF NURSING             ,MO,64132-1199,Proprietary  ,49,137,186,131,310,441
00639201,RESEARCH MEDICAL CENTER - COLLEGE OF NUR,MO,64132-1199,Proprietary  ,21,63,84,56,162,218
00639202,RESEARCH MED CTR SCHL OF RAD TECH       ,MO,64132-0000,Proprietary  ,8,28,36,26,70,96
00666600,LUTHERAN  SCHOOL OF NURSING             ,MO,63118-3909,Proprietary  ,46,219,265,127,492,619
00732923,ITT TECHNICAL INSTITUTE                 ,MO,63045-1122,Proprietary  ,268,1590,1858,411,2074,2485
00754000,MISSOURI BAPTIST UNIVERSITY             ,MO,63141-8698,Private      ,543,856,1399,1678,1936,3614
00808000,STATE FAIR COMMUNITY COLLEGE            ,MO,65301-0000,Public       ,892,1215,2107,1971,2313,4284
00826900,HILLYARD TECHNICAL CENTER               ,MO,64506-0000,Public       ,52,121,173,154,250,404
00855200,STEVENS INSTITUTE OF BUSINESS & ARTS    ,MO,63103-0000,Proprietary  ,51,106,157,100,231,331
00860600,TRI-COUNTY TECHNICAL SCHOOL             ,MO,65026-0000,Public       ,8,20,28,14,39,53
00886200,EAST CENTRAL COLLEGE                    ,MO,63084-0529,Public       ,645,815,1460,1846,1856,3702
00908900,HANNIBAL-LAGRANGE COLLEGE               ,MO,63401-1999,Private      ,207,183,390,804,435,1239
00952000,NATIONAL ACADEMY OF BEAUTY ARTS         ,MO,63128-1307,Proprietary  ,50,119,169,84,203,287
00959000,INDEPENDENCE COLLEGE OF COSMETOLOGY     ,MO,64055-1105,Proprietary  ,18,39,57,37,85,122
00960700,HOUSE OF HEAVILIN BEAUTY COLLEGE        ,MO,64110-2826,Proprietary  ,16,56,72,30,112,142
00978200,SAINT LUKE'S COLLEGE OF HEALTH SCIENCES ,MO,64114-3237,Private      ,72,224,296,227,498,725
00979500,MISSOURI COLLEGE                        ,MO,63144-2901,Proprietary  ,81,232,313,163,409,572
01014814,COLORADO TECHNL UNIV NORTH KANSAS CITY  ,MO,64116-3614,Proprietary  ,18,122,140,45,284,329
01027900,HICKEY COLLEGE                          ,MO,63146-0000,Proprietary  ,285,172,457,490,332,822
01040500,PINNACLE CAREER INSTITUTE               ,MO,64131-3367,Proprietary  ,75,501,576,119,872,991
01040501,PINNACLE CAREER INSTITUTE - NORTH KANSAS,MO,64153-1151,Proprietary  ,35,121,156,49,264,313
01050303,WICHITA TECHNICAL INSTITUTE - WTI JOPLIN,MO,64801-2970,Proprietary  ,20,159,179,36,229,265
01102600,WARRENSBURG AREA VOC TECH SCH           ,MO,64093-0000,Public       ,17,28,45,46,77,123
01173500,PIKE/LINCOLN TECHNICAL CENTER           ,MO,63344-0000,Public       ,13,24,37,34,61,95
01212000,ASSEMBLIES OF GOD THEO. SEMINARY        ,MO,65802-0000,Private      ,5,74,79,14,177,191
01250000,RANKEN TECHNICAL COLLEGE                ,MO,63113-2811,Private      ,555,713,1268,1405,1532,2937
01258000,ST LOUIS CHRISTIAN COLLEGE              ,MO,63033-6499,Private      ,49,75,124,121,145,266
01320800,BAPTIST BIBLE COLLEGE                   ,MO,65803-3498,Private      ,107,81,188,204,171,375
02056100,FOUR RIVERS CAREER CENTER               ,MO,63090-0000,Public       ,9,22,31,20,48,68
02066900,NICHOLS CAREER CENTER                   ,MO,65101-2814,Public       ,23,42,65,71,114,185
02068200,COX HEALTH - COX COLLEGE                ,MO,65802-0000,Private      ,148,462,610,363,972,1335
02090400,BOONSLICK TECHNICAL EDUCATION CTR       ,MO,65233-0000,Public       ,7,16,23,12,39,51
02119204,COURT REPORTING INSTITUTE OF DALLAS - CO,MO,63105-3329,Proprietary  ,4,95,99,8,144,152
02121100,MIDWEST INSTITUTE                       ,MO,63122-0000,Proprietary  ,21,64,85,38,116,154
02124500,FRANKLIN TECHNOLOGY CENTER              ,MO,64801-0000,Public       ,58,161,219,106,315,421
02142200,LEX LA RAY TECHNICAL CENTER             ,MO,64067-0000,Public       ,9,30,39,25,63,88
02154900,MISSOURI SCH OF BARB & HAIR             ,MO,63031-0000,Proprietary  ,5,15,20,18,48,66
02164200,FOREST INST PROFESSIONAL PSYCHOLOGY     ,MO,65807-0000,Private      ,4,133,137,18,267,285
02165900,CHILLICOTHE BEAUTY ACADEMY              ,MO,64601-0000,Proprietary  ,4,12,16,8,22,30
02180200,METRO BUSINESS COLLEGE                  ,MO,63701-0000,Proprietary  ,60,285,345,93,461,554
02188000,NORTHWEST TECHNICAL SCHOOL              ,MO,64468-0000,Public       ,16,15,31,43,40,83
02188100,NORTHLAND CAREER CENTER                 ,MO,64079-8333,Public       ,16,24,40,27,62,89
02202700,OZARK CHRISTIAN COLLEGE                 ,MO,64801-0000,Private      ,219,76,295,633,163,796
02203400,NEVADA REGIONAL TECHNICAL CENTER        ,MO,64772-0000,Public       ,17,35,52,47,62,109
02205200,SANFORD-BROWN COLLEGE                   ,MO,63026-7305,Proprietary  ,35,115,150,67,264,331
02205203,SANFORD BROWN COLLEGE-ST. PETERS        ,MO,63376-5950,Proprietary  ,18,66,84,40,147,187
02214500,SALEM COLLEGE OF HAIRSTYLING            ,MO,65401-0000,Proprietary  ,4,12,16,8,24,32
02239200,ANTHEM COLLEGE                          ,MO,63043-0000,Proprietary  ,57,160,217,108,331,439
02239202,ANTHEM COLLEGE - METRO SOUTH            ,MO,63026-0000,Proprietary  ,52,139,191,63,192,255
02250600,EVEREST COLLEGE                         ,MO,65807-2446,Proprietary  ,63,282,345,122,519,641
02263106,ANTHEM COLLEGE - ANTHEM COLLEGE - KANSAS,MO,64114-3232,Proprietary  ,36,68,104,62,140,202
02263400,LAKE CAREER AND TECHNICAL CENTER        ,MO,65020-0000,Public       ,8,10,18,16,33,49
02266400,CENTRAL CHRISTIAN CLG OF THE BIBLE      ,MO,65270-0000,Private      ,84,69,153,188,133,321
02277500,HOUSE OF HEAVILIN OF BLUE SPRINGS       ,MO,64014-3953,Proprietary  ,19,54,73,34,96,130
02289200,COLUMBIA AREA CAREER CENTER             ,MO,65203-0000,Public       ,79,200,279,171,408,579
02295700,MISSOURI BEAUTY ACADEMY                 ,MO,63640-1827,Proprietary  ,25,47,72,40,78,118
02300105,EVEREST COLLEGE - EARTH CITY            ,MO,63045-1100,Proprietary  ,60,268,328,105,442,547
02304000,MISSOURI TECH                           ,MO,63303-3887,Proprietary  ,29,79,108,73,146,219
02309100,AMERICAN COLLEGE OF HAIR DESIGN         ,MO,65301-2144,Proprietary  ,13,27,40,21,50,71
02313000,CASS CAREER CENTER                      ,MO,64701-0000,Public       ,6,25,31,16,59,75
02340500,ST LOUIS COLLEGE OF HEALTH CAREERS      ,MO,63110-0000,Proprietary  ,127,442,569,249,800,1049
02342100,CAREER & TECHNOLOGY CTR AT FT OSAGE     ,MO,64058-0000,Public       ,12,21,33,21,46,67
02361600,CONCORDE CAREER COLLEGE                 ,MO,64111-0000,Proprietary  ,177,607,784,285,1084,1369
02497500,CLINTON TECHNICAL SCHOOL                ,MO,64735-2966,Public       ,11,27,38,18,56,74
02520800,MERRELL UNIV OF BTY ARTS & SCIENCES     ,MO,65109-0000,Proprietary  ,36,71,107,55,130,185
02530600,SAINT CHARLES COMMUNITY COLLEGE         ,MO,63376-0975,Public       ,1842,1252,3094,3751,2395,6146
02543800,PARIS II EDUCATIONAL CENTER (THE)       ,MO,64118-0000,Proprietary  ,28,56,84,39,88,127
02564700,ELAINE STEVEN BEAUTY COLLEGE            ,MO,63136-0000,Proprietary  ,30,73,103,56,142,198
02564701,ELAINE STEVEN BEAUTY COLLEGE - ADVANCE B,MO,63383-2006,Proprietary  ,5,1,6,9,4,13
02564702,ELAINE STEVEN BEAUTY COLLEGE - ADVANCE B,MO,63401-2269,Proprietary  ,6,12,18,14,20,34
02568500,GRABBER SCHOOL OF HAIR DESIGN           ,MO,63011-0000,Proprietary  ,37,62,99,59,89,148
02599700,VATTEROTT COLLEGE                       ,MO,63134-2900,Proprietary  ,196,845,1041,255,1116,1371
02599701,VATTEROTT COLLEGE - KANSAS CITY         ,MO,64117-0000,Proprietary  ,77,549,626,128,802,930
02599702,VATTEROTT COLLEGE - SPRINGFIELD LOCATION,MO,65807-5340,Proprietary  ,43,283,326,90,482,572
02599703,VATTEROTT COLLEGE - JOPLIN              ,MO,64801-5033,Proprietary  ,31,242,273,46,346,392
02599705,VATTEROTT COLLEGE - SUNSET HILLS        ,MO,63127-1516,Proprietary  ,65,296,361,95,551,646
02599712,VATTEROTT COLLEGE - O'FALLON            ,MO,63366-2748,Proprietary  ,42,177,219,61,268,329
02599714,VATTEROTT COLLEGE - EX'TREME INSTITUTE B,MO,63102-2115,Proprietary  ,116,244,360,217,401,618
02599715,VATTEROTT COLLEGE - PERSONAL FITNESS AND,MO,63132-3251,Proprietary  ,6,8,14,7,10,17
02608000,NEOSHO BEAUTY COLLEGE                   ,MO,64850-1525,Proprietary  ,8,16,24,17,31,48
02609202,VATTEROTT COLLEGE-ST JOSEPH             ,MO,64501-2911,Proprietary  ,41,168,209,77,291,368
02609203,VATTEROTT COLLEGE - L'ECOLE CULINAIRE   ,MO,63124-1103,Proprietary  ,48,189,237,121,383,504
02609206,VATTEROTT COLLEGE - L'ECOLE CULINAIRE   ,MO,64112-2110,Proprietary  ,7,41,48,7,41,48
02611004,HERITAGE COLLEGE-KANSAS CITY            ,MO,64131-4203,Proprietary  ,106,346,452,165,586,751
03042400,LEBANON TECHNOLOGY & CAREER CENTER      ,MO,65536-3296,Public       ,35,71,106,80,140,220
03066300,BRYAN CAREER COLLEGE                    ,MO,65806-2507,Proprietary  ,34,292,326,68,457,525
03066303,BRYAN COLLEGE - COLUMBIA                ,MO,65201-8248,Proprietary  ,33,152,185,91,296,387
03068600,SPECIAL SCHOOL DISTRICT OF ST. LOUIS CO.,MO,63127-0000,Public       ,16,204,220,38,409,447
03070200,CENTRAL COLLEGE OF COSMETOLOGY          ,MO,65583-0000,Proprietary  ,6,26,32,17,57,74
03070900,SE MO HOSP CLG NURSING & HEALTH SCI     ,MO,63703-4507,Private      ,40,138,178,164,387,551
03072800,DALLAS COUNTY CAREER CENTER             ,MO,65685-9152,Public       ,0,1,1,0,5,5
03077200,COSMETOLOGY CONCEPTS INSTITUTE          ,MO,65202-1972,Proprietary  ,23,45,68,49,84,133
03083000,OZARKS TECHNICAL COMMUNITY COLLEGE      ,MO,65802-3601,Public       ,3172,4644,7816,6536,8629,15165
03092600,MESSENGER COLLEGE                       ,MO,64804-4909,Private      ,11,17,28,21,32,53
03097600,ST LOUIS HAIR ACADEMY                   ,MO,63107-1737,Proprietary  ,16,38,54,37,84,121
03101000,NEW DIMENSION SCHOOL OF HAIR DESIGN     ,MO,64801-5017,Proprietary  ,7,27,34,13,50,63
03106000,MISSOURI STATE UNIVERSITY - WEST PLAINS ,MO,65775-2715,Public       ,374,464,838,1063,953,2016
03110900,HOUSE OF HEAVILIN BEAUTY COLLEGE        ,MO,64083-9195,Proprietary  ,15,25,40,20,42,62
03174300,HERNDON CAREER CENTER                   ,MO,64138-2695,Public       ,10,8,18,22,14,36
03519300,MISSOURI COLLEGE OF COSMETOLOGY NORTH   ,MO,65803-0000,Proprietary  ,24,64,88,54,120,174
03579300,TEXAS COUNTY TECHNICAL INSTITUTE        ,MO,65483-2700,Private      ,16,94,110,33,206,239
03616300,AVIATION INSTITUTE OF MAINTENANCE       ,MO,64129-1811,Proprietary  ,22,118,140,37,198,235
03878300,PROFESSIONAL MASSAGE TRAINING CENTER    ,MO,65803-2939,Proprietary  ,10,49,59,25,89,114
03916300,ECLIPS SCHOOL OF COSMETOLOGY AND BARBERI,MO,63703-5809,Proprietary  ,13,76,89,39,157,196
03924300,HAIR ACADEMY 110 (THE)                  ,MO,63501-2915,Proprietary  ,7,6,13,14,14,28
03970400,WELLSPRING SCHOOL OF ALLIED HEALTH      ,MO,64114-3313,Proprietary  ,17,58,75,27,118,145
04037500,ACADEMY OF HAIR DESIGN                  ,MO,65804-2303,Proprietary  ,31,84,115,67,145,212
04051329,ART INSTITUTE OF PHOENIX (THE) - BROWN M,MO,63026-2564,Proprietary  ,25,51,76,71,127,198
04118700,AMERICAN COLLEGE OF TECHNOLOGY          ,MO,64506-2006,Proprietary  ,3,208,211,19,484,503
04119100,CITY VISION COLLEGE                     ,MO,64141-3188,Private      ,5,32,37,10,74,84
04122300,GRANTHAM UNIVERSITY                     ,MO,64153-2262,Proprietary  ,155,3423,3578,252,5953,6205
04130300,VICTORY TRADE SCHOOL                    ,MO,65803-2754,Private      ,9,46,55,16,71,87
04130600,"CENTER FOR HEALING ARTS (THE), LLC      ",MO,63143-2103,Proprietary  ,8,47,55,20,106,126
04133300,TREND SETTERS SCHOOL OF COSMETOLOGY     ,MO,63702-7607,Proprietary  ,15,53,68,45,99,144
04145200,TRANSFORMED BARBER AND COSMETOLOGY ACADE,MO,64137-1207,Proprietary  ,27,72,99,47,133,180
04145700,THE SYSTEM A PAUL MITCHELL PARTNER SCHL ,MO,65807-5969,Proprietary  ,42,73,115,99,131,230
04146100,URSHAN GRADUATE SCHOOL OF THEOLOGY      ,MO,63031-7526,Private      ,14,22,36,33,41,74
04152200,CARTHAGE R-9 SCHOOL DISTRICT/CARTHAGE TE,MO,64836-1332,Public       ,2,17,19,7,29,36
04170600,SALON PROFESSIONAL ACADEMY (THE)        ,MO,63301-1021,Proprietary  ,15,37,52,36,73,109
04170700,PAUL MITCHELL THE SCHOOL ST LOUIS       ,MO,63108-1554,Proprietary  ,70,90,160,148,172,320
04173900,COSMETOLOGY COLLEGE OF FRANKLIN COUNTY  ,MO,63077-3448,Proprietary  ,7,9,16,17,23,40
04174000,SKIN INSTITUTE                          ,MO,63128-1307,Proprietary  ,11,27,38,17,64,81
04174800,AMERICAN TRADE SCHOOL                   ,MO,63074-1807,Proprietary  ,10,48,58,19,115,134
04184400,SEYMOUR BEAUTY ACADEMY                  ,MO,65746-8743,Proprietary  ,3,15,18,3,26,29
04187000,DONNA'S ACADEMY OF HAIR DESIGN          ,MO,64089-9042,Proprietary  ,11,13,24,16,22,38
04212100,ACADEMY OF SALON PROFESSIONALS          ,MO,65301-6910,Proprietary  ,9,20,29,19,43,62
04218400,CITY POINTE BEAUTY ACADEMY              ,MO,64870-2502,Proprietary  ,15,24,39,16,32,48
00314600,WESTERN OKLAHOMA STATE COLLEGE          ,OK,73521-1397,Public       ,191,330,521,500,664,1164
00314700,BACONE COLLEGE                          ,OK,74403-1597,Private      ,438,260,698,957,529,1486
00314900,SOUTHERN NAZARENE UNIVERSITY            ,OK,73008-2694,Private      ,348,680,1028,1029,1356,2385
00315000,CAMERON UNIVERSITY                      ,OK,73505-6377,Public       ,668,1381,2049,1875,3054,4929
00315100,OKLAHOMA WESLEYAN UNIVERSITY            ,OK,74006-6299,Private      ,243,337,580,969,839,1808
00315200,UNIV OF CENTRAL OKLAHOMA                ,OK,73034-5209,Public       ,2707,2950,5657,8638,6089,14727
00315300,CONNORS STATE COLLEGE                   ,OK,74469-9700,Public       ,359,521,880,1105,1236,2341
00315400,EAST CENTRAL UNIVERSITY                 ,OK,74820-6999,Public       ,673,926,1599,2405,1955,4360
00315500,EASTERN OKLAHOMA STATE COLLEGE          ,OK,74578-4999,Public       ,226,371,597,719,797,1516
00315600,REDLANDS COMMUNITY COLLEGE              ,OK,73036-5304,Public       ,231,372,603,617,775,1392
00315700,LANGSTON UNIVERSITY                     ,OK,73050-0000,Public       ,731,696,1427,1997,1601,3598
00315800,MURRAY STATE COLLEGE                    ,OK,73460-3137,Public       ,298,563,861,951,1163,2114
00316000,NORTHEASTERN OKLAHOMA A & M COLLEGE     ,OK,74354-6497,Public       ,535,452,987,1541,972,2513
00316100,NORTHEASTERN STATE UNIVERSITY           ,OK,74464-2399,Public       ,1304,1996,3300,4676,4948,9624
00316200,NORTHERN OKLAHOMA COLLEGE               ,OK,74653-0310,Public       ,585,663,1248,1591,1506,3097
00316300,NORTHWESTERN OKLAHOMA STATE UNIV        ,OK,73717-2799,Public       ,409,349,758,1345,767,2112
00316400,OKLAHOMA BAPTIST UNIVERSITY             ,OK,74801-2590,Private      ,492,179,671,2653,441,3094
00316500,OKLAHOMA CHRISTIAN UNIVERSITY           ,OK,73131-0000,Private      ,618,370,988,2204,748,2952
00316600,OKLAHOMA CITY UNIVERSITY                ,OK,73106-1493,Private      ,565,911,1476,2542,2176,4718
00316700,UNIV OF SCIENCE & ARTS OF OKLAHOMA      ,OK,73018-5322,Public       ,179,148,327,678,394,1072
00316800,ROGERS STATE UNIVERSITY                 ,OK,74017-3252,Public       ,760,1056,1816,2432,2367,4799
00317000,OKLAHOMA STATE UNIVERSITY               ,OK,74078-1026,Public       ,4165,2723,6888,16953,6685,23638
00317200,OKLAHOMA STATE UNIVERSITY-OKMULGEE      ,OK,74447-3901,Public       ,530,575,1105,1665,1414,3079
00317400,OKLAHOMA PANHANDLE STATE UNIVERSITY     ,OK,73939-0000,Public       ,243,163,406,763,332,1095
00317600,CARL ALBERT STATE COLLEGE               ,OK,74953-5208,Public       ,407,703,1110,1156,1367,2523
00317800,SEMINOLE STATE COLLEGE                  ,OK,74818-0351,Public       ,257,412,669,775,837,1612
00317900,SOUTHEASTERN OKLAHOMA STATE UNIV        ,OK,74701-0609,Public       ,613,768,1381,2000,1619,3619
00318000,SOUTHWESTERN CHRISTIAN UNIVERSITY       ,OK,73008-2335,Private      ,167,270,437,401,503,904
00318100,SOUTHWESTERN OKLAHOMA STATE UNIV        ,OK,73096-3098,Public       ,737,659,1396,2785,1451,4236
00318101,SOUTHWESTERN OK STATE UNIV AT SAYRE     ,OK,73662-0000,Public       ,33,80,113,119,139,258
00318300,ST GREGORY'S UNIVERSITY                 ,OK,74804-2499,Private      ,135,106,241,411,277,688
00318308,SAINT GREGORY'S UNIVERSITY - IPD TULSA  ,OK,74135-2499,Private      ,13,79,92,43,198,241
00318400,UNIVERSITY OF OKLAHOMA                  ,OK,73019-4078,Public       ,3451,3442,6893,17184,8477,25661
00318401,UNIVERSITY OF OKLAHOMA-HLTH SCI CTR     ,OK,73190-0000,Public       ,250,1479,1729,816,3255,4071
00318500,UNIVERSITY OF TULSA                     ,OK,74104-3189,Private      ,564,709,1273,3626,1850,5476
00398500,ORAL ROBERTS UNIVERSITY                 ,OK,74171-0001,Private      ,832,565,1397,2869,1421,4290
00531100,TULSA COUNTY AREA VOC TECH SCHOOL       ,OK,74145-0000,Public       ,223,589,812,453,1222,1675
00531200,RED RIVER TECHNOLOGY CENTER             ,OK,73533-2700,Public       ,16,55,71,31,95,126
00533900,METRO TECHNOLOGY CENTERS SCH DIST22     ,OK,73111-0000,Public       ,68,393,461,157,890,1047
00533903,METRO TECHNOLOGY CENTERS SCH DIST22     ,OK,73129-0000,Public       ,36,236,272,95,498,593
00694200,MID-AMERICA CHRISTIAN UNIVERSITY        ,OK,73170-4504,Private      ,196,1057,1253,456,2115,2571
00767800,SPARTAN COLLEGE OF AERONAUTICS AND TECHN,OK,74115-5800,Proprietary  ,384,378,762,715,596,1311
00791100,VIRGILS BEAUTY COLLEGE                  ,OK,74401-6802,Proprietary  ,7,16,23,13,32,45
00834300,AUTRY TECHNOLOGY CENTER                 ,OK,73703-2598,Public       ,34,94,128,85,187,272
00861900,TRI COUNTY TECHNOLOGY CENTER            ,OK,74006-6029,Public       ,26,103,129,65,195,260
00918500,ROSE STATE COLLEGE                      ,OK,73110-2799,Public       ,952,1843,2795,2232,3758,5990
00920400,KIAMICHI TECHNOLOGY CENTER              ,OK,74578-0548,Public       ,100,301,401,184,587,771
00920408,KIAMICHI TECHNOLOGY CENTER - POTEAU CAMP,OK,74953-0825,Public       ,0,0,0,12,51,63
00961800,TULSA WELDING SCHOOL                    ,OK,74104-0000,Proprietary  ,534,681,1215,1076,1140,2216
00964700,"OKLAHOMA STATE UNIV, OKLA CITY          ",OK,73107-6159,Public       ,869,2374,3243,2435,4867,7302
00970800,EVES COLLEGE OF HAIRSTYLING             ,OK,73501-4359,Proprietary  ,13,42,55,22,85,107
00976300,TULSA COMMUNITY COLLEGE                 ,OK,74135-6198,Public       ,2946,4478,7424,6905,9366,16271
00996300,CADDO KIOWA VOC TECH CENTER             ,OK,73038-0000,Public       ,18,80,98,41,163,204
00996400,CENTRAL OKLAHOMA AREA VOC TECH SCH      ,OK,74030-9613,Public       ,25,113,138,76,214,290
00996500,CANADIAN VALLEY TECHNOLOGY CENTER       ,OK,73036-9117,Public       ,24,108,132,63,277,340
00996800,GORDON COOPER TECHNOLOGY CENTER         ,OK,74804-9913,Public       ,44,134,178,101,304,405
01005300,INDIAN CAPITAL TECHNOLGY CENTER #4      ,OK,74403-9907,Public       ,83,230,313,196,495,691
01026600,HILLSDALE FREE WILL BAPTIST COLLEGE     ,OK,73153-0000,Private      ,44,22,66,157,68,225
01034200,SOUTHERN OKLAHOMA TECHNOLOGY CENTER     ,OK,73401-2100,Public       ,38,115,153,109,246,355
01039100,OKLAHOMA CITY COMMUNITY COLLEGE         ,OK,73159-4444,Public       ,1465,2852,4317,3820,6286,10106
01050304,WTI TULSA CAMPUS                        ,OK,74112-3140,Proprietary  ,16,98,114,35,174,209
01071700,GREAT PLAINS TECHNOLOGY CENTER SCHOOL DI,OK,73505-8399,Public       ,51,264,315,135,535,670
01076200,WESTERN OK AREA VOC TECH SCH DIST12     ,OK,73624-1469,Public       ,18,40,58,41,71,112
01120600,PIONEER TECHNOLOGY CENTER               ,OK,74601-1106,Public       ,12,71,83,24,152,176
01128200,OKLAHOMA STATE UNV CLG OSTEOPTHC MD     ,OK,74107-0000,Public       ,41,295,336,120,614,734
01153700,MID-AMERICA TECHNOLOGY CENTER           ,OK,73095-0210,Public       ,11,42,53,41,100,141
01227200,MOORE-NORMAN TECHNOLOGY CENTER          ,OK,73069-8399,Public       ,81,303,384,192,648,840
02052700,NORTHEAST TECHNOLOGY CENTER             ,OK,74361-0487,Public       ,72,190,262,129,369,498
02060800,MERIDIAN TECHNOLOGY CENTER              ,OK,74074-0000,Public       ,60,128,188,138,289,427
02126500,ENID BEAUTY COLLEGE                     ,OK,73701-0000,Proprietary  ,14,27,41,19,39,58
02184400,SAND SPRINGS BEAUTY COLLEGE             ,OK,74063-0000,Proprietary  ,15,37,52,23,63,86
02197300,HOLLYWOOD COSMETOLOGY CENTER            ,OK,73189-0000,Proprietary  ,6,25,31,19,52,71
02222700,FRANCIS TUTTLE TECHNOLOGY CENTER        ,OK,73142-0000,Public       ,110,472,582,235,1030,1265
02238500,CENTRAL STATE BEAUTY ACADEMY            ,OK,73162-6007,Proprietary  ,22,118,140,48,214,262
02250900,E OK COUNTY AREA VO-TECH                ,OK,73020-0000,Public       ,23,41,64,33,74,107
02256200,"BROKEN ARROW BEAUTY COLLEGE, INC        ",OK,74012-0000,Proprietary  ,40,81,121,56,139,195
02282100,HIGH PLAINS AREA VOC-TECH               ,OK,73801-0000,Public       ,8,26,34,15,46,61
02306800,PLATT COLLEGE                           ,OK,74145-0000,Proprietary  ,106,585,691,211,983,1194
02510300,BEAUTY TECHNICAL COLLEGE                ,OK,74465-0000,Proprietary  ,4,22,26,11,32,43
02531200,WOODWARD BEAUTY COLLEGE                 ,OK,73801-0000,Proprietary  ,1,11,12,4,20,24
02554300,AMERICAN BEAUTY INSTITUTE               ,OK,74501-0000,Proprietary  ,2,16,18,6,33,39
02556500,YUKON BEAUTY COLLEGE                    ,OK,73099-4108,Proprietary  ,2,5,7,2,18,20
02560200,PHILLIPS THEOLOGICAL SEMINARY -         ,OK,74116-5612,Private      ,1,42,43,4,70,74
02581100,CLAREMORE BEAUTY COLLEGE                ,OK,74017-7034,Proprietary  ,4,8,12,8,21,29
02581200,CC'S COSMETOLOGY COLLEGE                ,OK,74129-0000,Proprietary  ,17,60,77,55,128,183
02591101,CAREER POINT INSTITUTE                  ,OK,74146-0000,Proprietary  ,16,132,148,60,278,338
02597400,PONTOTOC TECHNOLOGY CENTER SCHOOL       ,OK,74820-8621,Public       ,22,68,90,58,146,204
02599706,VATTEROTT COLLEGE - TULSA               ,OK,74146-2205,Proprietary  ,26,192,218,50,294,344
02600000,NORTHWEST TECHNOLOG CTR SCH DIST 10     ,OK,73717-9600,Public       ,4,21,25,17,36,53
02600500,WES WATKINS TECHNOLOGY CENTER           ,OK,74883-9660,Public       ,16,36,52,29,89,118
02609205,VATTEROTT COLLEGE - OKLAHOMA CITY       ,OK,73127-2103,Proprietary  ,25,287,312,52,448,500
03008700,SOUTHWEST TECHNOLOGY CENTER             ,OK,73521-1527,Public       ,14,44,58,26,88,114
03024700,STILLWATER BEAUTY ACADEMY               ,OK,74075-3467,Proprietary  ,5,18,23,15,32,47
03030700,OKLAHOMA SCHOOL OF PHOTOGRAPHY          ,OK,73160-3320,Proprietary  ,8,44,52,32,91,123
03030800,AMERICAN BROADCASTING SCHOOL            ,OK,73115-3334,Proprietary  ,22,104,126,42,199,241
03051100,CHISHOLM TRAIL TECHNOLOGY CENTER        ,OK,73764-6335,Public       ,3,18,21,3,42,45
03078500,TECH INST OF COSMETOLOGY ARTS & SCI     ,OK,74120-3610,Proprietary  ,10,54,64,40,88,128
03103800,SOUTHERN SCHOOL OF BEAUTY               ,OK,74701-5008,Proprietary  ,7,29,36,19,44,63
03109800,PONCA CITY BEAUTY COLLEGE               ,OK,74601-4201,Proprietary  ,0,4,4,1,19,20
03109801,BARTLESVILLE BEAUTY COLLEGE             ,OK,74003-2835,Proprietary  ,1,12,13,5,20,25
03115100,HERITAGE COLLEGE                        ,OK,73119-0000,Proprietary  ,78,383,461,135,569,704
03124800,PLATT COLLEGE                           ,OK,73501-3808,Proprietary  ,21,166,187,42,313,355
03124901,IMAGINE -  PAUL MITCHELL PARTNER SCHOOL ,OK,73072-4831,Proprietary  ,57,90,147,100,157,257
03126200,GREEN COUNTRY AREA VOC TECH SCHOOL      ,OK,74447-1217,Public       ,17,43,60,49,111,160
03198400,MID-DEL AREA VOCATIONAL & TECH SCH      ,OK,73110-4825,Public       ,24,49,73,39,89,128
03329400,PRYOR BEAUTY COLLEGE                    ,OK,74361-0000,Proprietary  ,3,16,19,7,24,31
03329401,PRYOR BEAUTY COLLEGE - GROVE BEAUTY COLL,OK,74345-0009,Proprietary  ,1,9,10,3,15,18
03329402,PRYOR BEAUTY COLLEGE - NORTH EAST OKLAHO,OK,74338-0000,Proprietary  ,0,1,1,0,1,1
03367400,COMMUNITY CARE COLLEGE                  ,OK,74145-6420,Proprietary  ,175,609,784,298,995,1293
03396400,OKLAHOMA HEALTH ACADEMY                 ,OK,73160-3667,Proprietary  ,0,0,0,3,3,6
03453400,SHAWNEE BEAUTY COLLEGE                  ,OK,74801-7014,Proprietary  ,5,15,20,14,31,45
03676300,FAMILY OF FAITH COLLEGE                 ,OK,74802-1805,Private      ,6,9,15,12,20,32
03831300,INSTITUTE OF HAIR DESIGN                ,OK,74804-0000,Proprietary  ,4,14,18,6,25,31
03928300,CENTRAL STATE MASSAGE ACADEMY           ,OK,73162-6007,Proprietary  ,14,52,66,24,95,119
04051324,ART INSTITUTE OF PHOENIX (THE) - BROWN M,OK,74146-5234,Proprietary  ,34,108,142,89,266,355
04060300,AMERICAN INSTITUTE OF MEDICAL TECHNOLOGY,OK,74146-5201,Proprietary  ,43,129,172,88,229,317
04062300,BROOKLINE COLLEGE                       ,OK,73114-6318,Proprietary  ,9,34,43,20,84,104
04133600,CUTTER'S EDGE SCHOOL OF COSMETOLOGY     ,OK,74023-2905,Proprietary  ,5,1,6,6,6,12
04144400,ACADEMY OF HAIR DESIGN (THE)            ,OK,73120-6808,Proprietary  ,10,60,70,35,119,154
00163700,BETHANY THEOLOGICAL SEMINARY            ,IN,47374-0000,Private      ,1,35,36,2,55,57
00178400,ANCILLA COLLEGE-FINANCIAL AID OFFC      ,IN,46513-0001,Private      ,44,58,102,437,396,833
00178500,ANDERSON UNIVERSITY                     ,IN,46012-3495,Private      ,166,219,385,2661,1003,3664
00178600,BALL STATE UNIVERSITY                   ,IN,47306-0880,Public       ,828,1297,2125,23042,7893,30935
00178700,BETHEL COLLEGE INC                      ,IN,46545-5591,Private      ,68,223,291,1699,1356,3055
00178800,BUTLER UNIVERSITY                       ,IN,46208-3487,Private      ,317,361,678,8731,2251,10982
00178900,CHRISTIAN THEOLOGICAL SEMINARY          ,IN,46208-0000,Private      ,2,67,69,23,301,324
00179200,DEPAUW UNIVERSITY                       ,IN,46135-0037,Private      ,249,29,278,3240,165,3405
00179300,EARLHAM COLLEGE                         ,IN,47374-4095,Private      ,199,49,248,1496,176,1672
00179301,EARLHAM SCHOOL OF RELIGION              ,IN,47374-0000,Private      ,0,25,25,12,47,59
00179500,UNIVERSITY OF EVANSVILLE                ,IN,47722-0002,Private      ,178,164,342,3732,872,4604
00179800,FRANKLIN COLLEGE OF INDIANA             ,IN,46131-2623,Private      ,49,55,104,2015,320,2335
00179900,GOSHEN COLLEGE                          ,IN,46526-4794,Private      ,90,87,177,949,423,1372
00180000,GRACE COLLEGE & THEO SEMINARY           ,IN,46590-1224,Private      ,130,146,276,2050,519,2569
00180100,HANOVER COLLEGE                         ,IN,47243-0108,Private      ,83,18,101,2478,131,2609
00180300,HUNTINGTON UNIVERSITY                   ,IN,46750-1299,Private      ,98,83,181,1318,388,1706
00180400,UNIVERSITY OF INDIANAPOLIS              ,IN,46227-3697,Private      ,243,789,1032,6732,5200,11932
00180500,INDIANA INSTITUTE OF TECHNOLOGY         ,IN,46803-1297,Private      ,240,1201,1441,2314,5158,7472
00180700,INDIANA STATE UNIVERSITY                ,IN,47809-2501,Public       ,733,1378,2111,14359,6525,20884
00180800,UNIVERSITY OF SOUTHERN INDIANA          ,IN,47712-3596,Public       ,527,790,1317,9088,3733,12821
00180900,INDIANA UNIVERSITY-BLOOMINGTON          ,IN,47405-7000,Public       ,1715,1821,3536,35005,10715,45720
00181100,INDIANA UNIV-EAST                       ,IN,47374-1289,Public       ,141,486,627,1996,2524,4520
00181300,INDIANA UNIV-PURDUE UNIV INDPLS         ,IN,46202-5145,Public       ,1122,3833,4955,22995,22165,45160
00181301,INDIANA UNIVERSITY - PURDUE UNIVERSITY I,IN,47203-1769,Public       ,116,350,466,2014,1949,3963
00181400,INDIANA UNIV KOKOMO                     ,IN,46902-3557,Public       ,133,443,576,2377,2620,4997
00181500,INDIANA UNIV-NORTHWEST                  ,IN,46408-1197,Public       ,386,1051,1437,4017,5234,9251
00181600,INDIANA UNIVERSITY - SOUTH BEND         ,IN,46615-0000,Public       ,305,840,1145,5082,5188,10270
00181700,INDIANA UNIVERSITY-SOUTHEAST            ,IN,47150-6405,Public       ,463,910,1373,4268,3459,7727
00182000,MANCHESTER COLLEGE                      ,IN,46962-1276,Private      ,53,49,102,2265,429,2694
00182100,MARIAN UNIVERSITY                       ,IN,46222-1997,Private      ,144,534,678,2396,2767,5163
00182200,INDIANA WESLEYAN UNIVERSITY             ,IN,46953-4974,Private      ,348,3564,3912,4499,12556,17055
00182300,ASSOCIATED MENNONITE BIBLICAL SEM       ,IN,46517-1999,Private      ,0,46,46,8,91,99
00182400,OAKLAND CITY UNIVERSITY                 ,IN,47660-1099,Private      ,37,113,150,549,537,1086
00182500,PURDUE UNIVERSITY                       ,IN,47907-2050,Public       ,975,1185,2160,31689,7594,39283
00182600,PURDUE UNIV NORTH CENTRAL CAMPUS        ,IN,46391-9542,Public       ,209,342,551,3086,2260,5346
00182700,PURDUE UNIV CALUMET                     ,IN,46323-2094,Public       ,558,1310,1868,5375,5659,11034
00182800,INDIANA UNIV-PURDUE UNIV FORT WAYNE     ,IN,46805-1499,Public       ,586,1299,1885,9810,7199,17009
00183000,ROSE HULMAN INSTITUTE OF TECHNOLOGY     ,IN,47803-3999,Private      ,228,27,255,3743,177,3920
00183200,UNIVERSITY OF SAINT FRANCIS             ,IN,46808-3994,Private      ,87,319,406,2419,1928,4347
00183300,ST JOSEPH'S COLLEGE                     ,IN,47978-0000,Private      ,83,28,111,1540,211,1751
00183400,CALUMET COLLEGE OF SAINT JOSEPH         ,IN,46394-2195,Private      ,86,168,254,549,695,1244
00183500,SAINT MARY-OF-THE-WOODS COLLEGE         ,IN,47876-0067,Private      ,39,165,204,404,874,1278
00183600,ST MARY'S COLLEGE                       ,IN,46556-5007,Private      ,60,22,82,1839,137,1976
00183800,TAYLOR UNIVERSITY                       ,IN,46989-1001,Private      ,131,57,188,2464,256,2720
00183900,TRINE UNIVERSITY                        ,IN,46703-1764,Private      ,79,106,185,2952,916,3868
00184000,UNIVERSITY OF NOTRE DAME                ,IN,46556-5602,Private      ,1595,525,2120,13189,2921,16110
00184200,VALPARAISO UNIVERSITY                   ,IN,46383-6493,Private      ,303,495,798,5471,2066,7537
00184300,VINCENNES UNIVERSITY                    ,IN,47591-1523,Public       ,502,915,1417,6741,3901,10642
00184400,WABASH COLLEGE                          ,IN,47933-0352,Private      ,42,12,54,1354,69,1423
00420300,GOOD SAMARITAN HOSP RADIOGRAPHY PRG     ,IN,47591-0000,Public       ,0,1,1,0,1,1
00457900,INTERNATIONAL BUSINESS COLLEGE          ,IN,46804-0000,Proprietary  ,48,85,133,647,412,1059
00457901,INTERNATIONAL BUSINESS COLLEGE          ,IN,46256-0000,Proprietary  ,60,108,168,796,553,1349
00625700,SAINT ELIZABETH SCHOOL OF NURSING       ,IN,47904-2198,Private      ,12,56,68,225,464,689
00726300,HOLY CROSS COLLEGE                      ,IN,46556-0308,Private      ,63,27,90,693,144,837
00727600,SAINT MEINRAD SCHOOL OF THEOLOGY        ,IN,47577-1002,Private      ,0,34,34,1,78,79
00732900,ITT TECHNICAL INSTITUTE                 ,IN,46268-1119,Proprietary  ,1128,6648,7776,2038,9807,11845
00732933,ITT TECHNICAL INSTITUTE                 ,IN,46635-1512,Proprietary  ,59,347,406,346,942,1288
00732962,ITT TECHNICAL INSTITUTE                 ,IN,47630-7430,Proprietary  ,284,1825,2109,477,2533,3010
00732968,ITT TECHNICAL INSTITUTE                 ,IN,46410-0000,Proprietary  ,58,165,223,255,692,947
00732993,ITT TECHNICAL INSTITUTE                 ,IN,46825-2393,Proprietary  ,207,913,1120,710,1877,2587
00736200,MEDTECH COLLEGE                         ,IN,46250-3970,Proprietary  ,61,481,542,342,1998,2340
00736202,MEDTECH COLLEGE - GREENWOOD             ,IN,46143-6478,Proprietary  ,34,219,253,189,893,1082
00736204,MEDTECH COLLEGE - FORT WAYNE            ,IN,46804-2209,Proprietary  ,46,261,307,199,926,1125
00793800,LINCOLN COLLEGE OF TECHNOLOGY           ,IN,46202-0000,Proprietary  ,388,281,669,1627,847,2474
00931306,DAYMAR COLLEGE - ROCKPORT               ,IN,47635-1506,Proprietary  ,1,5,6,9,24,33
00951500,J MICHAEL HARROLD BEAUTY ACADEMY        ,IN,47807-3390,Proprietary  ,11,59,70,58,144,202
00961200,"APEX SCHOOL OF BEAUTY CULTURE, INC      ",IN,46016-0000,Proprietary  ,3,15,18,26,53,79
00961300,MERRILLVILLE BEAUTY COLLEGE             ,IN,46410-3401,Proprietary  ,7,24,31,50,113,163
00967300,RUDAE'S SCHOOL OF BEAUTY CULTURE        ,IN,46825-5444,Proprietary  ,30,99,129,122,218,340
00977700,KAPLAN COLLEGE                          ,IN,46278-1736,Proprietary  ,55,319,374,318,1181,1499
00977702,KAPLAN COLLEGE - TEMPORARY FACILITY EXPA,IN,46268-4111,Proprietary  ,3,30,33,19,89,108
00977703,KAPLAN COLLEGE -  SE INDY               ,IN,46227-0000,Proprietary  ,31,243,274,161,661,822
00991700,IVY TECH COMMUNITY COLLEGE OF INDIANA   ,IN,46208-1763,Public       ,4081,16444,20525,38775,78516,117291
01015100,VINCENNES BEAUTY COLLEGE                ,IN,47591-1297,Proprietary  ,12,30,42,88,91,179
01040900,LAFAYETTE BEAUTY ACADEMY                ,IN,47901-1149,Proprietary  ,18,55,73,77,148,225
01048900,NATIONAL COLLEGE                        ,IN,46250-1930,Proprietary  ,11,132,143,50,375,425
01048910,NATIONAL COLLEGE - SOUTH BEND           ,IN,46617-3123,Proprietary  ,12,121,133,97,406,503
01048911,NATIONAL COLLEGE - FORT WAYNE           ,IN,46826-4905,Proprietary  ,6,89,95,66,300,366
01061800,MID-AMERICA CLG FUNERAL SERVICE         ,IN,47130-9990,Private      ,15,48,63,66,103,169
01150500,CREATIVE HAIR STYLING ACADEMY           ,IN,46322-1554,Proprietary  ,30,56,86,98,169,267
02084800,RAVENSCROFT BEAUTY COLLEGE              ,IN,46815-0000,Proprietary  ,17,63,80,80,194,274
02087600,CONCORDIA THEOLOGICAL SEMINARY          ,IN,46825-0000,Private      ,2,116,118,12,225,237
02100402,EVEREST INSTITUTE - EVEREST COLLEGE     ,IN,46410-7064,Proprietary  ,75,424,499,233,928,1161
02140800,MARTIN UNIVERSITY                       ,IN,46218-0000,Private      ,30,245,275,182,1153,1335
02158400,HARRISON COLLEGE                        ,IN,46204-2611,Proprietary  ,101,831,932,531,2863,3394
02158401,HARRISON COLLEGE - COLUMBUS             ,IN,47203-1843,Proprietary  ,18,116,134,150,457,607
02158402,HARRISON COLLEGE - LAFAYETTE            ,IN,47905-4859,Proprietary  ,27,157,184,155,594,749
02158405,HARRISON COLLEGE - TERRE HAUTE          ,IN,47802-0000,Proprietary  ,25,143,168,120,530,650
02158407,HARRISON COLLEGE - ANDERSON             ,IN,46013-0000,Proprietary  ,22,128,150,122,499,621
02158409,HARRISON COLLEGE - EVANSVILLE           ,IN,47715-3901,Proprietary  ,17,126,143,166,456,622
02158410,HARRISON COLLEGE - EAST                 ,IN,46239-8903,Proprietary  ,30,221,251,229,929,1158
02158412,HARRISON COLLEGE - FORT WAYNE           ,IN,46825-0000,Proprietary  ,26,145,171,149,569,718
02158413,HARRISON COLLEGE - NORTHWEST            ,IN,46278-0000,Proprietary  ,21,95,116,180,396,576
02158415,HARRISON COLLEGE - MUNCIE               ,IN,47303-0000,Proprietary  ,13,62,75,120,394,514
02158416,HARRISON COLLEGE - ELKHART              ,IN,46516-0000,Proprietary  ,9,60,69,67,280,347
02158800,DON ROBERTS BEAUTY SCHOOLS              ,IN,46383-0000,Proprietary  ,5,22,27,36,78,114
02164300,DON ROBERTS SCHOOL OF HAIR DESIGN       ,IN,46375-9999,Proprietary  ,13,18,31,38,49,87
02180108,ROSS MEDICAL EDUCATION CENTER -         ,IN,46530-4479,Proprietary  ,3,29,32,34,124,158
02201800,KAPLAN COLLEGE                          ,IN,46324-3347,Proprietary  ,41,230,271,191,640,831
02241700,PJ'S COLLEGE OF COSMETOLOGY             ,IN,47129-0000,Proprietary  ,14,62,76,49,145,194
02245505,FORTIS COLLEGE - INDIANAPOLIS CAMPUS    ,IN,46268-0000,Proprietary  ,8,77,85,76,354,430
02302700,J EVERETT LIGHT CAREER CENTER           ,IN,46240-0000,Public       ,13,87,100,104,462,566
02304800,PJ'S COLLEGE OF COSMETOLOGY             ,IN,47374-0000,Proprietary  ,7,33,40,37,107,144
02308900,MASTER'S OF COSMETOLOGY COLLEGE         ,IN,46809-0000,Proprietary  ,18,51,69,121,163,284
02339600,ROGER'S ACADEMY OF HAIR DESIGN          ,IN,47712-0000,Proprietary  ,21,59,80,73,123,196
02345200,EMPIRE BEAUTY SCHOOL                    ,IN,46237-0000,Proprietary  ,69,241,310,226,609,835
02351300,KNOX BEAUTY COLLEGE                     ,IN,46534-0000,Proprietary  ,3,6,9,25,30,55
02490500,HAIR FASHIONS BY KAYE BEAUTY CLG        ,IN,46250-0000,Proprietary  ,11,119,130,78,292,370
02490800,HAIR FASHIONS BY KAYE BEAUTY CLG        ,IN,46060-0000,Proprietary  ,5,17,22,25,53,78
02607000,HAIR ARTS ACADEMY                       ,IN,47404-2419,Proprietary  ,13,37,50,49,104,153
02615800,COLLEGE OF COURT REPORTING              ,IN,46342-5969,Proprietary  ,11,102,113,26,235,261
03100600,MARION COMM TUCKER AREA VOC SCHOOL      ,IN,46952-3831,Public       ,3,34,37,58,137,195
03176300,AVIATION INSTITUTE OF MAINTENANCE       ,IN,46241-1445,Proprietary  ,16,84,100,107,319,426
03262300,DAVID DEMUTH INSTITUTE OF COSM          ,IN,47374-4101,Proprietary  ,0,0,0,16,31,47
03456700,CROSSROADS BIBLE COLLEGE                ,IN,46219-4912,Private      ,8,66,74,79,361,440
03538300,ALEXANDRIA SCH OF SCIENTIFIC THERAP     ,IN,46001-0287,Proprietary  ,4,24,28,16,59,75
04038700,IDEAL BEAUTY ACADEMY                    ,IN,47130-4215,Proprietary  ,3,17,20,15,49,64
04051304,ART INSTITUTE OF PHOENIX (THE) - ART  IN,IN,46268-1170,Proprietary  ,137,244,381,1042,959,2001
04051311,ART INSTITUTE OF PHOENIX (THE) - BROWN M,IN,46410-5608,Proprietary  ,46,175,221,159,693,852
04051312,ART INSTITUTE OF PHOENIX (THE) - BROWN M,IN,46360-7362,Proprietary  ,22,80,102,107,354,461
04051318,ART INSTITUTE OF PHOENIX (THE) - BROWN M,IN,46204-1017,Proprietary  ,61,438,499,290,1416,1706
04051321,ART INSTITUTE OF PHOENIX (THE) - BROWN M,IN,46635-1176,Proprietary  ,28,169,197,179,643,822
04051322,ART INSTITUTE OF PHOENIX (THE) - BROWN M,IN,46805-0000,Proprietary  ,36,258,294,198,923,1121
04100300,SUCCESS SCHOOLS                         ,IN,46410-5310,Proprietary  ,31,102,133,64,194,258
04121000,TECHSKILLS - INDIANAPOLIS               ,IN,46240-4302,Proprietary  ,9,136,145,101,305,406
04130900,HONORS BEAUTY COLLEGE                   ,IN,46256-3317,Proprietary  ,12,79,91,85,242,327
04155900,AVEDA FREDRIC'S INSTITUTE               ,IN,46250-4746,Proprietary  ,28,59,87,143,223,366
04166700,REM SPA INC                             ,IN,46013-3136,Proprietary  ,8,46,54,36,101,137
04171700,AVANT GARD THE SCHOOL                   ,IN,46214-6500,Proprietary  ,4,18,22,29,59,88
04172700,SALON PROFESSIONAL ACADEMY (THE)        ,IN,47715-7822,Proprietary  ,32,54,86,115,135,250
04184000,PAUL MITCHELL THE SCHOOL INDIANAPOLIS   ,IN,46227-6252,Proprietary  ,22,67,89,152,246,398
04186600,SALON PROFESSIONAL ACADEMY (THE)        ,IN,46901-6248,Proprietary  ,13,47,60,66,126,192
04205500,LIL LOU'S BARBER COLLEGE                ,IN,46409-2645,Proprietary  ,5,39,44,23,107,130
00190100,ALLEN COUNTY COMMUNITY COLLEGE          ,KS,66749-1607,Public       ,344,512,856,847,1003,1850
00190200,COWLEY COUNTY COMMUNITY COLLEGE & AREA V,KS,67005-2662,Public       ,563,946,1509,1300,1733,3033
00190300,BAKER UNIVERSITY                        ,KS,66006-0065,Private      ,250,688,938,1285,1398,2683
00190400,BETHANY COLLEGE                         ,KS,67456-1897,Private      ,197,50,247,754,112,866
00190500,BETHEL COLLEGE                          ,KS,67117-8061,Private      ,201,51,252,695,133,828
00190600,BUTLER COUNTY COMMUNITY COLLEGE         ,KS,67042-3280,Public       ,1463,1946,3409,3542,3526,7068
00190700,CENTRAL BAPTIST THEOLOGY SEMINARY       ,KS,66226-3513,Private      ,0,23,23,0,41,41
00190800,CENTRAL CHRISTIAN COLLEGE OF KANSAS     ,KS,67460-5799,Private      ,131,204,335,394,359,753
00190900,CLOUD COUNTY COMMUNITY COLLEGE          ,KS,66901-1002,Public       ,216,355,571,686,669,1355
00191000,COFFEYVILLE COMMUNITY COLLEGE           ,KS,67337-5064,Public       ,386,189,575,896,356,1252
00191100,COLBY COMMUNITY COLLEGE                 ,KS,67701-4099,Public       ,189,202,391,539,376,915
00191300,DODGE CITY COMMUNITY COLLEGE            ,KS,67801-2399,Public       ,423,263,686,815,465,1280
00191400,DONNELLY COLLEGE                        ,KS,66102-4298,Private      ,96,214,310,257,424,681
00191500,FORT HAYS STATE UNIVERSITY              ,KS,67601-4099,Public       ,1066,1941,3007,3888,4754,8642
00191600,FORT SCOTT COMMUNITY COLLEGE            ,KS,66701-3199,Public       ,410,341,751,968,655,1623
00191700,BARCLAY COLLEGE                         ,KS,67059-0288,Private      ,43,43,86,117,75,192
00191800,FRIENDS UNIVERSITY                      ,KS,67213-3397,Private      ,291,958,1249,1282,1932,3214
00191900,GARDEN CITY COMMUNITY COLLEGE           ,KS,67846-6398,Public       ,297,277,574,737,464,1201
00192000,HESSTON COLLEGE                         ,KS,67062-2093,Private      ,113,63,176,461,152,613
00192100,HIGHLAND COMMUNITY COLLEGE              ,KS,66035-4062,Public       ,395,478,873,1073,995,2068
00192300,HUTCHINSON COMMUNITY COLLEGE            ,KS,67501-5894,Public       ,694,849,1543,1933,1767,3700
00192400,INDEPENDENCE COMMUNITY COLLEGE          ,KS,67301-0708,Public       ,208,175,383,464,305,769
00192500,KANSAS CITY KANSAS COMMUNITY CLG        ,KS,66112-9978,Public       ,714,1787,2501,1705,3370,5075
00192600,PITTSBURG STATE UNIVERSITY              ,KS,66762-7500,Public       ,1456,1057,2513,4932,2231,7163
00192700,EMPORIA STATE UNIVERSITY                ,KS,66801-5087,Public       ,933,1007,1940,3170,2348,5518
00192800,KANSAS STATE UNIVERSITY                 ,KS,66506-1104,Public       ,2976,1860,4836,15909,5774,21683
00192900,KANSAS WESLEYAN UNIVERSITY              ,KS,67401-6196,Private      ,210,101,311,975,267,1242
00193000,LABETTE COMMUNITY COLLEGE               ,KS,67357-4299,Public       ,238,346,584,501,609,1110
00193100,MANHATTAN CHRISTIAN COLLEGE             ,KS,66502-4081,Private      ,96,51,147,311,95,406
00193300,MCPHERSON COLLEGE                       ,KS,67460-3899,Private      ,205,65,270,846,149,995
00193600,NEOSHO COUNTY COMMUNITY COLLEGE         ,KS,66720-2699,Public       ,335,418,753,789,880,1669
00193700,OTTAWA UNIVERSITY                       ,KS,66067-3399,Private      ,213,1038,1251,844,1843,2687
00193800,PRATT COMMUNITY COLLEGE                 ,KS,67124-8432,Public       ,261,321,582,554,570,1124
00193900,NEWMAN UNIVERSITY                       ,KS,67213-2084,Private      ,309,592,901,1261,1305,2566
00194000,SOUTHWESTERN COLLEGE                    ,KS,67156-2499,Private      ,184,524,708,849,1112,1961
00194300,UNIVERSITY OF ST MARY                   ,KS,66048-5023,Private      ,194,287,481,643,570,1213
00194500,STERLING COLLEGE                        ,KS,67579-1533,Private      ,151,43,194,755,138,893
00194600,TABOR COLLEGE                           ,KS,67063-1799,Private      ,190,99,289,844,197,1041
00194800,UNIVERSITY OF KANSAS                    ,KS,66045-7535,Public       ,2523,2242,4765,16624,9153,25777
00194900,WASHBURN UNIVERSITY                     ,KS,66621-1110,Public       ,700,1056,1756,3280,3351,6631
00194901,WASHBURN INSTITUTE OF TECHNOLOGY        ,KS,66604-2199,Public       ,131,340,471,312,662,974
00195000,WICHITA STATE UNIVERSITY                ,KS,67208-0000,Public       ,1933,2571,4504,6789,6453,13242
00460800,BARTON COUNTY COMMUNITY COLLEGE         ,KS,67530-9283,Public       ,349,716,1065,826,1477,2303
00526400,FLINT HILLS TECHNICAL COLLEGE           ,KS,66801-5999,Public       ,127,225,352,264,398,662
00526500,NORTH CENTRAL KANSAS TECH COLG          ,KS,67420-0000,Public       ,132,142,274,314,245,559
00526700,NORTHWEST KANSAS TECHNICAL SCHOOL       ,KS,67735-3441,Public       ,132,63,195,259,114,373
00549800,WICHITA AREA TECHNICAL COLLEGE          ,KS,67211-2099,Public       ,253,991,1244,513,1802,2315
00549900,SALINA AREA TECHNICAL COLLEGE           ,KS,67401-8195,Public       ,72,98,170,179,185,364
00550000,MANHATTAN AREA TECHNICAL COLLEGE        ,KS,66503-2499,Public       ,162,316,478,409,650,1059
00675500,BROWN MACKIE COLLEGE (THE)              ,KS,67401-7307,Proprietary  ,177,659,836,343,1165,1508
00703200,MID AMERICA NAZARENE UNIVERSITY         ,KS,66062-1899,Private      ,177,423,600,1002,917,1919
00822800,SEWARD CO COMM CO/AREA TECHNICAL SCHOOL ,KS,67905-0000,Public       ,201,185,386,410,332,742
00824400,JOHNSON COUNTY COMMUNITY COLLEGE        ,KS,66210-1299,Public       ,1989,2854,4843,5183,5862,11045
00833200,B-STREET DESIGN SCHOOL OF INTERNATIONAL ,KS,66502-6082,Proprietary  ,15,41,56,29,60,89
00833201,B-STREET DESIGN SCHOOL OF INTERNATIONAL ,KS,66046-2743,Proprietary  ,9,22,31,19,37,56
00869423,RASMUSSEN COLLEGE - OVERLAND PARK       ,KS,66210-2786,Proprietary  ,4,24,28,4,24,28
00869424,RASMUSSEN COLLEGE - TOPEKA              ,KS,66606-2339,Proprietary  ,16,77,93,16,77,93
01025600,BENEDICTINE COLLEGE                     ,KS,66002-1499,Private      ,418,65,483,2319,149,2468
01043800,HASKELL INDIAN NATIONS UNIVERSITY       ,KS,66046-4800,Public       ,478,250,728,1002,536,1538
01050300,WICHITA TECHNICAL INSTITUTE             ,KS,67213-1927,Proprietary  ,81,406,487,134,640,774
01050302,WICHITA TECHNICAL INSTITUTE - WTI TOPEKA,KS,66609-1217,Proprietary  ,29,191,220,45,262,307
01050305,WICHITA TECHNICAL INSTITUTE - EAST CAMPU,KS,67208-4243,Proprietary  ,33,140,173,66,257,323
02090700,CLEVELAND CHIROPRACTIC COLLEGE          ,KS,66210-1613,Private      ,18,183,201,42,407,449
02134800,OLD TOWN BARBER AND BEAUTY COLLEGE      ,KS,67211-0000,Proprietary  ,15,56,71,21,88,109
02257700,HAYS ACADEMY OF HAIR DESIGN             ,KS,67601-0000,Proprietary  ,37,44,81,70,79,149
02340700,LABARON HAIRDRESSING ACADEMY            ,KS,66204-0000,Proprietary  ,9,12,21,15,22,37
02590900,WRIGHT CAREER COLLEGE                   ,KS,66212-0000,Private      ,197,1640,1837,229,2077,2306
02599709,VATTEROTT COLLEGE - WICHITA             ,KS,67226-1304,Proprietary  ,41,204,245,69,357,426
02603100,XENON INTERNATIONAL ACADEMY             ,KS,67203-5428,Proprietary  ,58,104,162,89,160,249
02606300,PAUL MITCHELL THE SCHOOL WICHITA        ,KS,67226-2803,Proprietary  ,40,98,138,66,139,205
02611005,HERITAGE COLLEGE - WICHITA              ,KS,67210-1879,Proprietary  ,71,218,289,117,388,505
02613000,PINNACLE CAREER INSTITUTE               ,KS,66046-2703,Proprietary  ,22,152,174,40,243,283
03031300,XENON INTERNATIONAL ACADEMY IV          ,KS,66061-3765,Proprietary  ,19,32,51,30,56,86
03066200,BRYAN COLLEGE                           ,KS,66604-2496,Proprietary  ,20,115,135,27,179,206
03450300,B-STREET DESIGN SCHOOL OF INTERNATIONAL ,KS,66611-2373,Proprietary  ,20,48,68,40,89,129
03450301,B-STREET DESIGN SCHOOL OF INTERNATIONAL ,KS,67207-5148,Proprietary  ,15,39,54,27,62,89
03450302,B-STREET DESIGN SCHOOL OF INTERNATIONAL ,KS,66212-5451,Proprietary  ,17,40,57,23,69,92
03529300,SIDNEY'S HAIRDRESSING COLLEGE           ,KS,67501-7094,Proprietary  ,9,23,32,19,34,53
04132900,Z HAIR ACADEMY                          ,KS,66046-4040,Proprietary  ,17,20,37,35,43,78
04162700,ERIC FISHER ACADEMY                     ,KS,67212-3376,Proprietary  ,58,76,134,93,144,237
04175700,ACADEMY OF AESTHETIC ARTS               ,KS,66203-3502,Proprietary  ,7,17,24,13,33,46
04179600,ENTOURAGE INSTITUTE OF BEAUTY AND ESTHET,KS,66215-3803,Proprietary  ,7,29,36,13,38,51
04205300,MITSU SATO HAIR ACADEMY                 ,KS,66212-1457,Proprietary  ,9,13,22,18,24,42
04209300,PAUL MITCHELL THE SCHOOL - OVERLAND PARK,KS,66212-4050,Proprietary  ,39,38,77,79,99,178
00203300,UNIVERSITY OF MAINE-PRESQUE ISLE        ,ME,04769-2888,Public       ,122,156,278,811,492,1303
00203500,BANGOR THEOLOGICAL SEMINARY             ,ME,04402-0411,Private      ,1,9,10,2,22,24
00203600,BATES COLLEGE                           ,ME,04240-6028,Private      ,337,18,355,3004,105,3109
00203800,BOWDOIN COLLEGE                         ,ME,04011-8451,Private      ,368,31,399,4002,126,4128
00203900,COLBY COLLEGE                           ,ME,04901-8841,Private      ,281,26,307,3020,103,3123
00204000,UNIVERSITY OF MAINE-FARMINGTON          ,ME,04938-1990,Public       ,187,124,311,2772,519,3291
00204100,UNIVERSITY OF MAINE-FORT KENT           ,ME,04743-1292,Public       ,128,139,267,682,427,1109
00204300,HUSSON UNIVERSITY                       ,ME,04401-2999,Private      ,496,516,1012,2706,1390,4096
00204400,MAINE MARITIME ACADEMY                  ,ME,04420-0001,Public       ,167,39,206,1198,150,1348
00205000,UNIVERSITY OF NEW ENGLAND               ,ME,04005-9599,Private      ,491,1647,2138,4651,4009,8660
00205100,SAINT JOSEPH'S COLLEGE                  ,ME,04084-5236,Private      ,259,538,797,1801,1258,3059
00205200,THOMAS COLLEGE                          ,ME,04901-5097,Private      ,197,94,291,1130,259,1389
00205300,UNIVERSITY OF MAINE                     ,ME,04469-0001,Public       ,1024,656,1680,12056,2702,14758
00205400,UNIVERSITY OF SOUTHERN MAINE            ,ME,04104-0000,Public       ,713,1059,1772,6456,5029,11485
00205500,UNIVERSITY OF MAINE-MACHIAS             ,ME,04654-1397,Public       ,91,123,214,555,362,917
00458615,KAPLAN UNIVERSITY - PORTLAND            ,ME,04106-2415,Proprietary  ,62,304,366,129,730,859
00458616,KAPLAN UNIVERSITY - LEWISTON            ,ME,04240-0000,Proprietary  ,53,380,433,109,827,936
00520400,BEAL COLLEGE                            ,ME,04401-6896,Proprietary  ,92,258,350,277,549,826
00527600,CENTRAL MAINE COMMUNITY COLLEGE         ,ME,04210-6498,Public       ,436,667,1103,1358,1627,2985
00527700,EASTERN MAINE COMMUNITY COLLEGE         ,ME,04401-4280,Public       ,496,579,1075,1615,1457,3072
00552500,SOUTHERN MAINE COMMUNITY  COLLEGE       ,ME,04106-1698,Public       ,1220,1726,2946,3535,3548,7083
00576000,NORTHERN MAINE COMMUNITY COLLEGE        ,ME,04769-2016,Public       ,129,202,331,457,445,902
00630500,CENTRAL MAINE MEDICAL CENTER COLLEGE OF ,ME,04243-9986,Private      ,22,112,134,105,285,390
00676000,UNIVERSITY OF MAINE-AUGUSTA             ,ME,04330-9410,Public       ,371,1396,1767,1514,4299,5813
00685800,UNITY COLLEGE                           ,ME,04988-9502,Private      ,148,36,184,850,112,962
00903800,MR BERNARD'S SCH HAIR FASHION INC       ,ME,04243-1163,Proprietary  ,14,75,89,25,96,121
00923100,WASHINGTON COUNTY COMMUNITY COLLEGE     ,ME,04619-9704,Public       ,65,84,149,239,225,464
00945900,EMPIRE BEAUTY SCHOOL                    ,ME,04101-3348,Proprietary  ,82,136,218,167,228,395
00982600,KENNEBEC VALLEY  COMMUNITY  COLLEGE     ,ME,04937-1367,Public       ,245,640,885,822,1524,2346
01138500,COLLEGE OF THE ATLANTIC                 ,ME,04609-1105,Private      ,57,20,77,588,91,679
01167300,MAINE COLLEGE OF ART                    ,ME,04101-3987,Private      ,83,53,136,673,204,877
02104400,SPA TECH INSTITUTE                      ,ME,04093-0000,Proprietary  ,77,141,218,118,247,365
02347100,NEW ENGLAND SCHOOL OF COMMUNICATIONS    ,ME,04401-0000,Private      ,152,65,217,558,153,711
02361300,LANDING SCHOOL OF BOATBUILDING & DESIGN ,ME,04046-1490,Private      ,17,19,36,36,34,70
03122900,YORK COUNTY COMMUNITY COLLEGE           ,ME,04090-0529,Public       ,196,270,466,583,768,1351
03429300,SEACOAST CAREER SCHOOLS                 ,ME,04073-0000,Proprietary  ,43,181,224,55,219,274
03612300,BIRTHWISE MIDWIFERY SCHOOL              ,ME,04009-1110,Proprietary  ,2,31,33,10,66,76
04177400,CAPILO SCHOOL OF HAIR DESIGN            ,ME,04330-0000,Proprietary  ,30,42,72,64,88,152
04185100,NORTHEAST TECHNICAL INSTITUTE           ,ME,04074-0000,Proprietary  ,32,232,264,71,385,456
04188800,INSTITUTE FOR DOCTORAL STUDIES IN THE VI,ME,04102-0000,Private      ,0,9,9,1,41,42
04214100,COSMOTECH SCHOOL OF COSMETOLOGY         ,ME,04092-2878,Proprietary  ,13,15,28,13,16,29
00209300,ST JOHN'S COLLEGE                       ,NM,87505-4599,Private      ,39,65,104,339,172,511
00264900,SANTA FE UNIVERSITY OF ART AND DESIGN   ,NM,87505-7634,Proprietary  ,223,90,313,913,230,1143
00265000,UNIVERSITY OF THE SOUTHWEST             ,NM,88240-9129,Private      ,141,338,479,271,568,839
00265100,EASTERN NEW MEXICO UNIV PORTALES        ,NM,88130-6000,Public       ,1085,1141,2226,2801,2077,4878
00265101,EASTERN NEW MEXICO UNIV-ROSWELL CAM     ,NM,88202-0000,Public       ,442,598,1040,895,987,1882
00265300,NEW MEXICO HIGHLANDS UNIVERSITY         ,NM,87701-4436,Public       ,473,919,1392,1940,1936,3876
00265400,NEW MEXICO INST OF MINING & TECH        ,NM,87801-4796,Public       ,368,188,556,1225,417,1642
00265500,NEW MEXICO JUNIOR COLLEGE               ,NM,88240-9123,Public       ,287,321,608,555,540,1095
00265600,NEW MEXICO MILITARY INSTITUTE           ,NM,88201-5173,Public       ,127,22,149,401,55,456
00265700,NEW MEXICO STATE UNIVERSITY             ,NM,88003-8001,Public       ,2658,2790,5448,10724,6397,17121
00265701,NEW MEXICO STATE UNIV-ALAMOGORDO        ,NM,88311-0000,Public       ,171,518,689,438,964,1402
00265702,NEW MEXICO STATE UNIV.-DONA ANA CLG     ,NM,88003-0000,Public       ,971,1587,2558,2590,3286,5876
00265703,NEW MEXICO STATE UNIV-CARLSBAD          ,NM,88220-0000,Public       ,127,221,348,289,389,678
00265704,NEW MEXICO STATE UNIV-GRANTS            ,NM,87020-0000,Public       ,88,181,269,195,340,535
00266000,SAN JUAN COLLEGE                        ,NM,87402-4699,Public       ,960,2018,2978,1622,3472,5094
00266300,THE UNIVERSITY OF NEW MEXICO            ,NM,87131-0001,Public       ,3930,5327,9257,17250,15671,32921
00266400,WESTERN NEW MEXICO UNIVERSITY           ,NM,88061-5417,Public       ,435,790,1225,1330,1511,2841
00405701,NATIONAL AMERICAN UNIVERSITY            ,NM,87110-0000,Proprietary  ,38,236,274,85,487,572
00474200,CENTRAL NEW MEXICO COMMUNITY COLLEGE    ,NM,87106-4096,Public       ,3277,6198,9475,6778,11799,18577
00474300,CLOVIS COMMUNITY COLLEGE                ,NM,88101-8381,Public       ,245,657,902,447,1065,1512
00996200,LUNA COMMUNITY COLLEGE                  ,NM,87701-0000,Public       ,147,240,387,371,395,766
01063200,DEWOLFF CLG HAIRSTYLING/COSMETOLOGY     ,NM,87112-4113,Proprietary  ,32,59,91,62,108,170
01300500,OLYMPIAN UNIVERSITY OF COSMETOLOGY      ,NM,88310-5051,Proprietary  ,165,431,596,216,662,878
02083900,NORTHERN NEW MEXICO COLLEGE             ,NM,87530-0000,Public       ,193,311,504,459,584,1043
02146400,INSTITUTE OF AMERICAN INDIAN ARTS       ,NM,87508-0000,Public       ,55,123,178,150,222,372
02151102,ATI COLLEGE OF HEALTH - ATI CAREER TRAIN,NM,87109-2016,Proprietary  ,0,0,0,5,20,25
02218808,BROOKLINE COLLEGE - ALBUQUERQUE         ,NM,87105-1649,Proprietary  ,72,296,368,169,513,682
02278100,SANTA FE COMMUNITY COLLEGE              ,NM,87507-0000,Public       ,417,1110,1527,795,1812,2607
02357600,NAVAJO TECHNICAL COLLEGE                ,NM,87313-0000,Public       ,233,506,739,355,741,1096
02511000,SOUTHWESTERN INDIAN POLYTECH INST       ,NM,87184-0000,Public       ,119,174,293,218,329,547
02572003,COMPUTER CAREER CENTER - LAS CRUCES CAMP,NM,88011-8220,Proprietary  ,81,252,333,110,359,469
02622000,SOUTHWEST ACUPUNCTURE COLLEGE           ,NM,87505-0000,Proprietary  ,1,79,80,2,186,188
03076100,SOUTHWESTERN COLLEGE                    ,NM,87507-0000,Private      ,8,108,116,28,214,242
03206300,MESALANDS COMMUNITY COLLEGE             ,NM,88401-3352,Public       ,42,50,92,102,95,197
03430300,UNIVERSAL THERAPEUTIC MASSAGE INSTITUTE ,NM,87107-4403,Proprietary  ,18,57,75,37,118,155
03678300,PIMA MEDICAL INSTITUTE                  ,NM,87110-0000,Proprietary  ,93,278,371,290,583,873
03944300,MASSAGE THERAPY TRAINING INSTITUTE      ,NM,88007-0000,Proprietary  ,13,43,56,39,81,120
04162400,TONI AND GUY HAIR ACADEMY               ,NM,87106-4404,Proprietary  ,29,61,90,67,117,184
04174500,AVEDA INSTITUTE OF NEW MEXICO (THE)     ,NM,87110-3640,Proprietary  ,80,147,227,147,260,407
04178500,VOGUE COLLEGE OF COSMETOLOGY            ,NM,87505-7636,Proprietary  ,22,44,66,43,82,125
00223400,ADRIAN COLLEGE                          ,MI,49221-2575,Private      ,360,123,483,2861,353,3214
00223500,ALBION COLLEGE                          ,MI,49224-1831,Private      ,267,49,316,2635,152,2787
00223600,ALMA COLLEGE                            ,MI,48801-1599,Private      ,216,42,258,2716,176,2892
00223700,ALPENA COMMUNITY COLLEGE                ,MI,49707-1495,Public       ,206,289,495,903,749,1652
00223800,ANDREWS UNIVERSITY                      ,MI,49104-0750,Private      ,504,434,938,1752,1035,2787
00223900,AQUINAS COLLEGE                         ,MI,49506-1799,Private      ,333,227,560,2947,620,3567
00224000,BAY DE NOC COMMUNITY COLLEGE            ,MI,49829-2524,Public       ,238,479,717,944,990,1934
00224100,CALVIN COLLEGE                          ,MI,49546-4388,Private      ,323,168,491,4686,526,5212
00224200,CALVIN THEOLOGICAL SEMINARY             ,MI,49546-4387,Private      ,3,39,42,22,190,212
00224300,CENTRAL MICHIGAN UNIVERSITY             ,MI,48859-0001,Public       ,3417,3115,6532,22358,8777,31135
00224600,CLEARY UNIVERSITY                       ,MI,48105-2659,Private      ,41,185,226,198,544,742
00224700,CONCORDIA UNIVERSITY-ANN ARBOR          ,MI,48105-2797,Private      ,190,122,312,1000,297,1297
00224800,CRANBROOK ACADEMY OF ART                ,MI,48303-0000,Private      ,10,51,61,31,244,275
00224900,DAVENPORT UNIVERSITY                    ,MI,49503-0000,Private      ,609,3034,3643,3294,9098,12392
00225100,DELTA COLLEGE                           ,MI,48710-0001,Public       ,1480,2381,3861,5664,5895,11559
00225400,MICHIGAN STATE UNIVERSITY COLLEGE OF LAW,MI,48824-1300,Private      ,72,380,452,333,1929,2262
00225900,EASTERN MICHIGAN UNIVERSITY             ,MI,48197-2214,Public       ,3508,4362,7870,18003,11655,29658
00226000,FERRIS STATE UNIVERSITY                 ,MI,49307-2251,Public       ,2321,2106,4427,15226,6996,22222
00226100,CHARLES STEWART MOTT COMMUNITY CLG      ,MI,48503-2089,Public       ,1579,3400,4979,4673,6903,11576
00226200,KETTERING UNIVERSITY                    ,MI,48504-4898,Private      ,301,152,453,2181,383,2564
00226300,GLEN OAKS COMMUNITY COLLEGE             ,MI,49032-9784,Public       ,168,280,448,592,601,1193
00226400,GOGEBIC COMMUNITY COLLEGE               ,MI,49938-1365,Public       ,167,179,346,617,395,1012
00226500,GRACE BIBLE COLLEGE                     ,MI,49509-1998,Private      ,63,139,202,499,415,914
00226600,CORNERSTONE UNIVERSITY                  ,MI,49525-5897,Private      ,250,620,870,2336,1550,3886
00226700,GRAND RAPIDS COMMUNITY COLLEGE          ,MI,49503-3295,Public       ,2689,3822,6511,10115,8938,19053
00226800,GRAND VALLEY STATE UNIVERSITY           ,MI,49401-9403,Public       ,2698,1989,4687,25910,7407,33317
00226900,GREAT LAKES CHRISTIAN COLLEGE           ,MI,48917-1299,Private      ,65,83,148,187,152,339
00227000,HENRY FORD COMMUNITY COLLEGE            ,MI,48128-1495,Public       ,3967,5998,9965,9117,13327,22444
00227300,HOPE COLLEGE                            ,MI,49423-3607,Private      ,271,53,324,4988,240,5228
00227400,JACKSON COMMUNITY COLLEGE               ,MI,49201-8399,Public       ,762,1293,2055,2970,3285,6255
00227500,KALAMAZOO COLLEGE                       ,MI,49006-3295,Private      ,191,78,269,2335,249,2584
00227600,KELLOGG COMMUNITY COLLEGE               ,MI,49017-3397,Public       ,710,1948,2658,2538,4067,6605
00227700,LAKE MICHIGAN COLLEGE                   ,MI,49022-1899,Public       ,417,932,1349,1588,2154,3742
00227800,LANSING COMMUNITY COLLEGE               ,MI,48933-1293,Public       ,2656,4227,6883,8305,8409,16714
00227900,LAWRENCE TECHNOLOGICAL UNIVERSITY       ,MI,48075-1058,Private      ,316,440,756,1999,1087,3086
00228200,MADONNA UNIVERSITY                      ,MI,48150-1173,Private      ,431,1069,1500,1826,2755,4581
00228400,MARYGROVE COLLEGE                       ,MI,48221-2599,Private      ,366,1076,1442,1164,2514,3678
00228800,ROCHESTER COLLEGE                       ,MI,48307-2764,Private      ,237,303,540,785,694,1479
00229000,MICHIGAN STATE UNIVERSITY               ,MI,48824-1113,Public       ,5645,4028,9673,38690,13025,51715
00229200,MICHIGAN TECHNOLOGICAL UNIV             ,MI,49931-1295,Public       ,717,282,999,6178,835,7013
00229300,LAKE SUPERIOR STATE UNIVERSITY          ,MI,49783-1691,Public       ,320,226,546,2576,761,3337
00229400,MONROE COUNTY COMMUNITY CLG             ,MI,48161-9746,Public       ,544,871,1415,1558,1801,3359
00229500,MONTCALM COMMUNITY COLLEGE              ,MI,48885-9723,Public       ,253,482,735,885,1159,2044
00229700,MUSKEGON COMMUNITY COLLEGE              ,MI,49442-1432,Public       ,668,956,1624,2726,2439,5165
00229900,NORTH CENTRAL MICHIGAN COLLEGE          ,MI,49770-8740,Public       ,284,405,689,1019,998,2017
00230100,NORTHERN MICHIGAN UNIVERSITY            ,MI,49855-5316,Public       ,1282,832,2114,7972,2315,10287
00230200,NORTHWESTERN MICHIGAN COLLEGE           ,MI,49686-3061,Public       ,532,900,1432,2426,2415,4841
00230301,OAKLAND COMMUNITY COLLEGE - ORCHARD RIDG,MI,48334-4579,Public       ,1019,1755,2774,3184,4127,7311
00230302,OAKLAND COMMUNITY COLLEGE - ROYAL OAK CA,MI,48067-3898,Public       ,1314,2510,3824,3805,5946,9751
00230303,OAKLAND COMMUNITY COLLEGE - SOUTHFIELD C,MI,48075-4793,Public       ,1197,2964,4161,3206,6930,10136
00230304,OAKLAND COMMUNITY COLLEGE - AUBURN HILLS,MI,48323-2845,Public       ,1332,1973,3305,4320,4869,9189
00230305,OAKLAND COMMUNITY COLLEGE - HIGHLAND LAK,MI,48327-4187,Public       ,688,1211,1899,2120,2940,5060
00230700,OAKLAND UNIVERSITY                      ,MI,48309-4401,Public       ,2766,2947,5713,15917,8683,24600
00230800,OLIVET COLLEGE                          ,MI,49076-9902,Private      ,241,79,320,1656,253,1909
00231000,ST. CLAIR COUNTY COMMUNITY COLLEGE      ,MI,48061-0000,Public       ,543,789,1332,1914,1828,3742
00231100,KUYPER COLLEGE                          ,MI,49525-9749,Private      ,53,60,113,393,180,573
00231300,SACRED HEART MAJOR SEMINARY             ,MI,48206-1799,Private      ,9,57,66,32,137,169
00231400,SAGINAW VALLEY STATE UNIV               ,MI,48710-0001,Public       ,1407,1227,2634,10003,3502,13505
00231500,SCHOOLCRAFT COLLEGE                     ,MI,48152-2696,Public       ,2083,3384,5467,5886,7490,13376
00231600,SIENA HEIGHTS UNIVERSITY                ,MI,49221-1796,Private      ,335,720,1055,1776,1726,3502
00231700,SOUTHWESTERN MICHIGAN COLLEGE           ,MI,49047-9793,Public       ,410,553,963,1935,1339,3274
00231800,SPRING ARBOR UNIVERSITY                 ,MI,49283-9984,Private      ,316,1025,1341,2269,2414,4683
00232200,FINLANDIA UNIVERSITY                    ,MI,49930-1882,Private      ,135,69,204,653,223,876
00232300,UNIVERSITY OF DETROIT MERCY             ,MI,48221-3038,Private      ,643,1272,1915,3528,3298,6826
00232303,UNIV OF DETROIT MERCY - LAW SCHOOL      ,MI,48226-0000,Private      ,23,220,243,70,696,766
00232330,UNIV OF DETROIT MERCY - DENTAL SCHOOL   ,MI,48208-2576,Private      ,53,212,265,196,598,794
00232500,UNIVERSITY OF MICHIGAN - ANN ARBOR      ,MI,48109-1316,Public       ,3992,2953,6945,37092,12226,49318
00232501,UNIVERSITY OF MICHIGAN-MEDICAL SCH      ,MI,48109-0000,Public       ,54,212,266,324,1109,1433
00232503,UNIVERSITY OF MICHIGAN LAW SCHOOL       ,MI,48109-0000,Public       ,28,348,376,131,2365,2496
00232600,UNIVERSITY OF MICHIGAN-DEARBORN         ,MI,48128-2406,Public       ,1544,1950,3494,7066,5103,12169
00232700,UNIVERSITY OF MICHIGAN-FLINT            ,MI,48502-1950,Public       ,931,2002,2933,4982,5465,10447
00232800,WASHTENAW COMMUNITY COLLEGE             ,MI,48106-0000,Public       ,1380,2406,3786,4082,5129,9211
00232900,WAYNE STATE UNIVERSITY                  ,MI,48202-0000,Public       ,4064,6364,10428,18369,17557,35926
00232901,WAYNE STATE UNIV SCH OF MEDICINE        ,MI,48201-3359,Public       ,208,725,933,874,2010,2884
00232902,WAYNE STATE UNIVERSITY - LAW SCHOOL     ,MI,48202-3424,Public       ,52,317,369,205,999,1204
00233000,WESTERN MICHIGAN UNIVERSITY             ,MI,49008-3899,Public       ,3396,2947,6343,21421,9046,30467
00233100,WESTERN THEOLOGICAL SEMINARY            ,MI,49423-0000,Private      ,2,50,52,5,141,146
00407100,WALSH COLLEGE OF ACCT & BUS ADMN        ,MI,48007-7006,Private      ,106,667,773,349,1636,1985
00407200,NORTHWOOD UNIVERSITY                    ,MI,48640-2398,Private      ,346,574,920,2037,1511,3548
00467300,BAKER COLLEGE - FLINT                   ,MI,48507-5508,Private      ,797,2289,3086,2311,4960,7271
00467301,BAKER COLLEGE OF CADILLAC               ,MI,49601-0000,Private      ,147,532,679,500,1216,1716
00467302,BAKER COLLEGE OF CLINTON TOWNSHIP       ,MI,48035-0000,Private      ,471,1645,2116,1339,3476,4815
00467303,BAKER COLLEGE OF MUSKEGON               ,MI,49442-0000,Private      ,559,1179,1738,2199,2652,4851
00467304,BAKER COLLEGE OF OWOSSO                 ,MI,48867-0000,Private      ,445,706,1151,1420,1477,2897
00467305,BAKER COLLEGE OF AUBURN HILLS           ,MI,48326-0000,Private      ,338,1247,1585,900,2580,3480
00467306,BAKER COLLEGE OF PORT HURON             ,MI,48060-0000,Private      ,147,373,520,481,885,1366
00467309,BAKER COLLEGE OF JACKSON                ,MI,49202-0000,Private      ,218,802,1020,710,1705,2415
00467311,BAKER COLLEGE-CASS CITY                 ,MI,48726-0000,Private      ,38,114,152,145,251,396
00467313,BAKER COLLEGE - GRADUATE ON-LINE        ,MI,48507-0000,Private      ,150,2141,2291,406,4842,5248
00467317,BAKER COLLEGE-ALLEN PARK                ,MI,48101-0000,Private      ,393,1449,1842,1091,3287,4378
00469200,DORSEY SCHOOL OF BUSINESS               ,MI,48195-2334,Proprietary  ,38,184,222,59,267,326
00469201,DORSEY SCHOOL OF BUSINESS               ,MI,48184-0000,Proprietary  ,35,116,151,52,205,257
00469202,DORSEY SCHOOL OF BUSINESS               ,MI,48071-0000,Proprietary  ,40,152,192,75,272,347
00469204,DORSEY SCHOOL OF BUSINESS               ,MI,48066-0000,Proprietary  ,94,245,339,125,384,509
00469205,DORSEY BUSINESS SCHOOL - FARMINGTON HILL,MI,48334-3385,Proprietary  ,26,88,114,38,151,189
00469206,DORSEY BUSINESS SCHOOL - ROSEVILLE CULIN,MI,48066-4555,Proprietary  ,43,130,173,92,227,319
00469207,DORSEY BUSINESS SCHOOL - WATERFORD/PONTI,MI,48341-1037,Proprietary  ,30,140,170,47,212,259
00469208,DORSEY BUSINESS SCHOOL - SAGINAW CAMPUS ,MI,48603-5201,Proprietary  ,26,137,163,50,211,261
00469209,DORSEY SCHOOL OF BUSINESS - LANSING     ,MI,48911-5744,Proprietary  ,25,117,142,42,175,217
00491003,KAPLAN CAREER INSTITUTE - DEARBORN      ,MI,48228-0000,Proprietary  ,40,218,258,96,434,530
00676800,MID MICHIGAN COMMUNITY COLLEGE          ,MI,48625-9447,Public       ,728,1012,1740,2116,2076,4192
00677100,COLLEGE FOR CREATIVE STUDIES            ,MI,48202-4034,Private      ,333,296,629,1689,765,2454
00694900,KALAMAZOO VALLEY COMMUNITY COLLEGE      ,MI,49003-4070,Public       ,1469,2199,3668,4924,5110,10034
00717100,KIRTLAND COMMUNITY COLLEGE              ,MI,48653-0000,Public       ,242,593,835,744,1222,1966
00732991,ITT TECHNICAL INSTITUTE                 ,MI,49519-1851,Proprietary  ,255,1198,1453,493,1789,2282
00761700,CARNEGIE INSTITUTE                      ,MI,48083-1159,Proprietary  ,22,145,167,44,270,314
00795000,WEST SHORE COMMUNITY COLLEGE            ,MI,49454-0000,Public       ,141,277,418,494,665,1159
00817800,EMPIRE BEAUTY SCHOOL                    ,MI,49525-2440,Proprietary  ,86,184,270,183,302,485
00890600,MACOMB COMMUNITY COLLEGE                ,MI,48088-3896,Public       ,3424,4606,8030,10445,10647,21092
00894600,PORT HURON COSMETOLOGY COLLEGE          ,MI,48329-1618,Proprietary  ,8,20,28,16,35,51
00923000,WAYNE COUNTY COMMUNITY CLG-DISTRICT     ,MI,48226-3010,Public       ,2525,7340,9865,6724,17538,24262
00982800,EVEREST INSTITUTE                       ,MI,48033-4400,Proprietary  ,110,603,713,200,1016,1216
00982801,EVEREST INSTITUTE- DEARBORN             ,MI,48124-1927,Proprietary  ,123,357,480,226,681,907
00982803,EVEREST INSTITUTE - DETROIT             ,MI,48207-4291,Proprietary  ,141,391,532,259,768,1027
01047000,KALAMAZOO BEAUTY ACADEMY                ,MI,49002-5220,Proprietary  ,12,32,44,24,52,76
01082700,DAVID PRESSLEY PROF SCH OF COSMTLGY     ,MI,48067-3219,Proprietary  ,75,112,187,131,206,337
01109800,FLINT INSTITUTE OF BARBERING            ,MI,48504-4395,Proprietary  ,15,70,85,39,123,162
01229100,WRIGHT BEAUTY ACADEMY                   ,MI,49015-2696,Proprietary  ,11,30,41,29,67,96
01262700,THOMAS M. COOLEY LAW SCHOOL             ,MI,48901-1586,Private      ,14,823,837,39,2249,2288
01321800,M J MURPHY BTY CLG MT PLEASANT          ,MI,48858-2502,Proprietary  ,20,33,53,41,72,113
02060300,MICHIGAN INSTITUTE OF AERONAUTICS       ,MI,48188-2533,Proprietary  ,228,293,521,468,471,939
02099700,ROSS MEDICAL EDUCATION CENTER           ,MI,48532-0000,Proprietary  ,109,374,483,237,766,1003
02099701,ROSS MEDICAL EDUCATION CENTER-SAGINAW   ,MI,48603-5227,Proprietary  ,21,41,62,55,103,158
02099702,ROSS MEDICAL EDUCATION CENTER-PORT HURON,MI,48060-1958,Proprietary  ,5,21,26,20,63,83
02099703,ROSS MEDICAL EDUCATION CENTER-ROOSEVELT ,MI,49441-4156,Proprietary  ,2,10,12,10,27,37
02100400,EVEREST INSTITUTE                       ,MI,49525-2301,Proprietary  ,102,377,479,202,687,889
02100401,EVEREST INSTITUTE - KALAMAZOO           ,MI,49009-3307,Proprietary  ,53,201,254,121,383,504
02125600,MICHIGAN COLLEGE OF BEAUTY              ,MI,48083-0000,Proprietary  ,55,119,174,118,218,336
02158600,MR BELA'S SCHOOL OF COSMETOLOGY         ,MI,48092-4637,Proprietary  ,10,42,52,36,99,135
02160303,INTERNATIONAL ACADEMY OF DESIGN AND TECH,MI,48083-2160,Proprietary  ,123,220,343,287,450,737
02180100,ROSS MEDICAL EDUCATION CENTER           ,MI,48092-0000,Proprietary  ,79,233,312,157,478,635
02180105,ROSS MEDICAL EDUCATION CENTER-REDFORD   ,MI,48239-1260,Proprietary  ,14,33,47,26,79,105
02198900,MICHIGAN SCHOOL OF PROFESSIONAL PSYCHOLO,MI,48334-4512,Private      ,6,94,100,28,215,243
02209200,TAYLORTOWN SCHOOL OF BEAUTY             ,MI,48180-0000,Proprietary  ,28,77,105,52,158,210
02237800,SPECS HOWARD SCHOOL OF MEDIA ARTS       ,MI,48075-0000,Proprietary  ,230,310,540,514,589,1103
02285700,BAYSHIRE BEAUTY ACADEMY                 ,MI,48708-5614,Proprietary  ,18,53,71,34,94,128
02289801,KAPLAN INSTITUTE - DETROIT CAMPUS       ,MI,48202-0000,Proprietary  ,6,32,38,59,245,304
02324500,MICHIGAN COLLEGE OF BEAUTY              ,MI,48161-3901,Proprietary  ,35,73,108,66,131,197
02339700,ROSS MEDICAL EDUCATION CENTER           ,MI,48116-0000,Proprietary  ,66,372,438,110,638,748
02339701,ROSS MEDICAL EDUCATION CENTER-ANN ARBOR ,MI,48108-1411,Proprietary  ,14,36,50,36,110,146
02339703,ROSS MEDICAL EDUCATION CENTER - DAVISON ,MI,48423-1751,Proprietary  ,8,16,24,18,51,69
02361500,MICHIGAN BARBER COLLEGE                 ,MI,48204-2244,Private      ,46,155,201,109,351,460
02363800,YESHIVA GEDOLAH OF GREATER DETROIT      ,MI,48237-0000,Private      ,1,2,3,2,6,8
02491000,WEST MI COLG OF BARBERING & BEAUTY      ,MI,49008-0000,Proprietary  ,16,46,62,34,85,119
02531806,PAUL MITCHELL THE SCHOOL -MICHIGAN      ,MI,48313-0000,Proprietary  ,47,63,110,54,75,129
02533600,ROSS MEDICAL EDUCATION CENTER           ,MI,48917-2108,Proprietary  ,55,243,298,133,461,594
02533601,ROSS MEDICAL EDUCATION CENTER - GRAND RA,MI,49546-2430,Proprietary  ,21,87,108,69,221,290
02588200,DOUGLAS J AVEDA INSTITUTE               ,MI,48823-4351,Proprietary  ,163,216,379,499,561,1060
02588201,DOUGLAS J AVEDA INSTITUTE - ANN ARBOR   ,MI,48104-2211,Proprietary  ,39,52,91,147,146,293
02595700,HILLSDALE BEAUTY COLLEGE                ,MI,49242-0000,Proprietary  ,10,17,27,68,27,95
02618400,MICHIGAN CAREER & TECHNICAL INST        ,MI,49080-9254,Public       ,42,20,62,168,57,225
03005700,DETROIT BUSINESS INST. DOWNRIVER        ,MI,48193-6761,Proprietary  ,7,67,74,24,130,154
03028500,LAWTON SCHOOL                           ,MI,48075-0000,Proprietary  ,6,29,35,12,65,77
03066600,BAY MILLS COMMUNITY COLLEGE             ,MI,49715-9750,Public       ,44,127,171,162,307,469
03075200,TWIN CITY BEAUTY COLLEGE                ,MI,49085-3305,Proprietary  ,44,80,124,86,129,215
03075201,TWIN CITY BEAUTY COLLEGE - TRAVERSE CITY,MI,49686-5119,Proprietary  ,13,25,38,34,51,85
03090000,SHARP'S ACADEMY OF HAIRSTYLING          ,MI,48439-1838,Proprietary  ,11,16,27,28,33,61
03109700,HOUGHTON LAKE INST OF COSMETOLOGY       ,MI,48629-0669,Proprietary  ,13,28,41,26,45,71
03110300,THE SCHOOL OF CREATIVE HAIR DESIGN      ,MI,49036-1139,Proprietary  ,6,19,25,14,37,51
03124000,NORTHWESTERN TECHNOLOGICAL INST         ,MI,48075-2412,Proprietary  ,28,149,177,68,276,344
03284300,MICHIGAN JEWISH INSTITUTE               ,MI,48237-0000,Private      ,107,9,116,193,20,213
03490300,PAUL MITCHELL THE SCHOOL ESCANABA       ,MI,49829-0000,Proprietary  ,37,23,60,155,129,284
03588300,IRENE'S MYOMASSOLOGY INSTITUTE          ,MI,48033-2404,Proprietary  ,35,117,152,76,262,338
03704300,BLUE WATER COLLEGE OF COSMETOLOGY       ,MI,48040-2093,Proprietary  ,3,8,11,18,19,37
03772300,SAGINAW CHIPPEWA TRIBAL COLLEGE         ,MI,48858-0000,Public       ,10,29,39,17,57,74
03815300,IN SESSION-ARTS OF COSMETOLOGY BEAU     ,MI,48609-0000,Proprietary  ,13,47,60,42,90,132
03907300,PAUL MITCHELL THE SCHOOL GREAT LAKES    ,MI,48060-0000,Proprietary  ,33,36,69,89,103,192
03915300,CAREER QUEST LEARNING CENTER            ,MI,48910-4732,Proprietary  ,48,351,399,100,603,703
03915301,CAREER QUEST LEARNING CENTER - JACKSON  ,MI,49201-2475,Proprietary  ,9,35,44,30,121,151
03915302,CAREER QUEST LEARNING CENTER - KALAMAZOO,MI,49002-1711,Proprietary  ,18,76,94,36,174,210
03968300,LAKEWOOD SCHOOL OF THERAPEUTIC MASSAGE  ,MI,48060-0000,Proprietary  ,3,20,23,15,46,61
03976500,ANN ARBOR INSTITUTE OF MASSAGE THERAPY  ,MI,48103-0000,Proprietary  ,26,53,79,50,113,163
04002400,ECUMENICAL THEOLOGICAL SEMINARY         ,MI,48201-3035,Private      ,5,61,66,9,123,132
04006300,NUVO COLLEGE OF COSMETOLOGY             ,MI,49441-3822,Proprietary  ,6,25,31,19,55,74
04014300,P&A SCHOLARS BEAUTY SCHOOL              ,MI,48204-0000,Proprietary  ,69,190,259,150,396,546
04094300,ROBERT B. MILLER COLLEGE (THE)          ,MI,49017-3306,Private      ,26,188,214,94,422,516
04121100,GALLERY COLLEGE OF BEAUTY (THE)         ,MI,48036-3591,Proprietary  ,17,69,86,40,134,174
04136300,FOCUS:  HOPE INFORMATION TECHNOLOGIES CE,MI,48238-2949,Private      ,43,163,206,129,369,498
04138400,SCHOOL OF DESIGNING ARTS                ,MI,49015-2853,Proprietary  ,14,42,56,47,70,117
04140900,INTERNATIONAL COSMETOLOGY ACADEMY       ,MI,49508-1308,Proprietary  ,8,47,55,38,96,134
04141100,FRENCH ACADEMY OF COSMETOLOGY           ,MI,49456-3207,Proprietary  ,5,23,28,13,41,54
04158400,L'ESPRIT ACADEMY                        ,MI,48150-0000,Proprietary  ,33,74,107,60,128,188
04159300,MARKETTI ACADEMY OF COSMETOLOGY         ,MI,48329-3506,Proprietary  ,13,26,39,35,53,88
04163300,COMPASS COLLEGE OF CINEMATIC ARTS       ,MI,49503-4227,Private      ,27,24,51,124,63,187
04164700,KEWEENAW BAY OJIBWA COMMUNITY COLLEGE   ,MI,49908-0000,Public       ,2,11,13,6,25,31
04169300,SCHOLARS COSMETOLOGY UNIVERSITY         ,MI,48108-0000,Proprietary  ,14,34,48,30,72,102
04183300,ABCOTT INSTITUTE                        ,MI,48075-5227,Proprietary  ,18,89,107,31,149,180
04184700,PROTEGE ACADEMY                         ,MI,48823-8660,Proprietary  ,19,37,56,42,91,133
04207000,SCHOOL OF MISSIONARY AVIATION TECHNOLOGY,MI,48846-7412,Private      ,10,7,17,32,32,64
04211200,BRIGHTON INSTITUTE OF COSMETOLOGY       ,MI,48116-8360,Proprietary  ,11,19,30,29,39,68
00233200,ANOKA-RAMSEY CC-CAMBRIDGE/COONRAPID     ,MN,55433-3499,Public       ,1302,1785,3087,2248,2833,5081
00233400,AUGSBURG COLLEGE                        ,MN,55454-1351,Private      ,1141,1014,2155,3120,1777,4897
00233500,RIVERLAND COMMUNITY COLLEGE             ,MN,55912-1473,Public       ,395,634,1029,631,1003,1634
00233600,BEMIDJI STATE UNIVERSITY                ,MN,56601-2699,Public       ,1231,727,1958,3434,1503,4937
00233700,BETHANY LUTHERAN COLLEGE INC            ,MN,56001-6163,Private      ,266,22,288,644,54,698
00233900,CENTRAL LAKES COLG-BRAINERD/STAPLES     ,MN,56401-3900,Public       ,581,705,1286,994,1125,2119
00234000,CARLETON COLLEGE                        ,MN,55057-4001,Private      ,372,17,389,3621,79,3700
00234100,COLLEGE OF ST BENEDICT                  ,MN,56374-2099,Private      ,610,28,638,2095,81,2176
00234200,ST. CATHERINE UNIVERSITY                ,MN,55105-1789,Private      ,989,1477,2466,2665,2666,5331
00234300,COLLEGE OF ST SCHOLASTICA               ,MN,55811-4199,Private      ,713,876,1589,2115,1627,3742
00234500,UNIVERSITY OF ST THOMAS                 ,MN,55105-1096,Private      ,1562,1302,2864,6737,2553,9290
00234600,CONCORDIA COLLEGE-MOORHEAD              ,MN,56562-0001,Private      ,1063,90,1153,2845,165,3010
00234700,"CONCORDIA UNIVERSITY, ST PAUL, MN       ",MN,55104-5494,Private      ,508,1014,1522,1463,1787,3250
00235000,VERMILION COMMUNITY COLLEGE             ,MN,55731-1996,Public       ,205,71,276,431,136,567
00235300,GUSTAVUS ADOLPHUS COLLEGE               ,MN,56082-1498,Private      ,835,35,870,3336,102,3438
00235400,HAMLINE UNIVERSITY                      ,MN,55104-1284,Private      ,886,964,1850,3120,1933,5053
00235500,HIBBING COMMUNITY COLLEGE               ,MN,55746-3300,Public       ,261,342,603,423,581,1004
00235600,ITASCA COMMUNITY COLLEGE                ,MN,55744-3397,Public       ,298,244,542,623,395,1018
00235700,LUTHER SEMINARY                         ,MN,55108-0000,Private      ,0,144,144,5,319,324
00235800,MACALESTER COLLEGE                      ,MN,55105-1899,Private      ,656,67,723,3651,177,3828
00236000,"MINNESOTA STATE UNIVERSITY, MANKATO     ",MN,56002-0000,Public       ,3841,1650,5491,10648,3354,14002
00236100,MARTIN LUTHER COLLEGE                   ,MN,56073-3965,Private      ,311,32,343,664,52,716
00236200,MINNEAPOLIS COMM AND TECH COLLEGE       ,MN,55403-1779,Public       ,1706,3776,5482,2741,6447,9188
00236500,MINNEAPOLIS COLLEGE OF ART & DESIGN     ,MN,55404-4343,Private      ,215,171,386,941,439,1380
00236600,CROSSROADS COLLEGE                      ,MN,55902-2382,Private      ,38,30,68,65,57,122
00236700,MINNESOTA STATE UNIVERSITY MOORHEAD     ,MN,56563-0001,Public       ,1655,909,2564,4563,1778,6341
00236900,NORTH CENTRAL UNIVERSITY                ,MN,55404-1391,Private      ,505,169,674,1158,343,1501
00237000,NORTH HENNEPIN COMMUNITY COLLEGE        ,MN,55445-2299,Public       ,1145,2210,3355,1972,3621,5593
00237100,NORTHWESTERN COLLEGE                    ,MN,55113-1598,Private      ,764,369,1133,2176,623,2799
00237300,ROCHESTER COMMUNITY/TECH COLLEGE        ,MN,55904-4999,Public       ,1139,1514,2653,1966,2337,4303
00237500,SOUTHWEST MINNESOTA STATE UNIVERSITY    ,MN,56258-1598,Public       ,578,413,991,1919,787,2706
00237700,ST CLOUD STATE UNIVERSITY               ,MN,56301-4498,Public       ,3444,1906,5350,8293,3465,11758
00237900,SAINT JOHNS UNIVERSITY                  ,MN,56321-0000,Private      ,549,39,588,1871,85,1956
00238000,SAINT MARY'S UNIVERSITY                 ,MN,55987-1399,Private      ,366,1215,1581,1572,2107,3679
00238200,ST OLAF COLLEGE                         ,MN,55057-1098,Private      ,819,36,855,3736,107,3843
00238300,CROWN COLLEGE                           ,MN,55375-9001,Private      ,274,226,500,826,469,1295
00238500,NORTHLAND COMMUNITY & TECHNICAL CLG     ,MN,56701-2598,Public       ,597,704,1301,992,1116,2108
00238600,UNITED THEOLGCL SEMINRY TWIN CITIES     ,MN,55112-0000,Private      ,2,43,45,8,69,77
00238800,"UNIVERSITY OF MINNESOTA, DULUTH         ",MN,55812-2496,Public       ,3199,905,4104,8993,1771,10764
00238900,"UNIVERSITY OF MINNESOTA, MORRIS         ",MN,56267-2113,Public       ,635,113,748,2175,261,2436
00239100,WILLIAM MITCHELL COLLEGE OF LAW         ,MN,55105-0000,Private      ,5,431,436,9,888,897
00239300,MINNESOTA STATE COLLEGE-SE TECH         ,MN,55987-0409,Public       ,365,602,967,591,905,1496
00239400,WINONA STATE UNIVERSITY                 ,MN,55987-5838,Public       ,2560,682,3242,6525,1147,7672
00396900,UNIVERSITY OF MINNESOTA-TWIN CITIES     ,MN,55455-0422,Public       ,7864,5774,13638,30694,13690,44384
00400900,MESABI RANGE CMNTY & TECH COLLEGE       ,MN,55792-0000,Public       ,195,233,428,331,380,711
00405708,NATIONAL AMERICAN UNIVERSITY            ,MN,55113-0000,Proprietary  ,11,123,134,21,252,273
00405715,NATIONAL AMERICAN UNIVERSITY - BLOOMINGT,MN,55425-5550,Proprietary  ,14,169,183,21,347,368
00406900,UNIVERSITY OF MINNESOTA-CROOKSTON       ,MN,56716-5001,Public       ,391,350,741,982,640,1622
00438600,VETERAN'S MEDICAL CTR- SCH RAD TECH     ,MN,55417-2399,Public       ,1,14,15,7,21,28
00464100,DUNWOODY COLLEGE OF TECHNOLOGY          ,MN,55403-1192,Private      ,280,518,798,461,843,1304
00464200,GLOBE UNIVERSITY                        ,MN,55125-5408,Proprietary  ,585,1655,2240,807,2490,3297
00464500,MINNEAPOLIS BUSINESS COLLEGE            ,MN,55113-4036,Proprietary  ,129,59,188,313,125,438
00464600,MINNESOTA SCHOOL OF BUSINESS            ,MN,55423-0000,Proprietary  ,498,1619,2117,718,2385,3103
00525200,RIDGEWATER COLLEGE                      ,MN,56201-2098,Public       ,748,725,1473,1365,1132,2497
00526300,MINNESOTA WEST CMNTY & TECH COLG        ,MN,56241-1096,Public       ,332,541,873,575,857,1432
00553300,"SAINT PAUL COLLEGE, COMMUNITY/TECHNICAL ",MN,55102-1800,Public       ,1415,2919,4334,2478,4564,7042
00553400,SAINT CLOUD TECHNICAL COLLEGE AND COMMUN,MN,56303-1240,Public       ,1173,1140,2313,1940,1883,3823
00553500,PINE TECHNICAL COLLEGE                  ,MN,55063-2198,Public       ,90,351,441,155,543,698
00553700,SOUTH CENTRAL COLLEGE                   ,MN,56003-0000,Public       ,742,892,1634,1250,1499,2749
00554100,MINNESOTA STATE COMMUNITY AND TECHNICAL ,MN,56573-1405,Public       ,919,1140,2059,1488,1978,3466
00554400,ALEXANDRIA TECHNICAL COLLEGE            ,MN,56308-3799,Public       ,592,361,953,1070,607,1677
00575700,LAKE SUPERIOR COLLEGE                   ,MN,55811-3399,Public       ,790,1141,1931,1392,1863,3255
00575900,NORTHWEST TECHNICAL COLLEGE - BEMIDJI   ,MN,56601-4907,Public       ,164,347,511,292,559,851
00677500,RAINY RIVER COMMUNITY COLLEGE           ,MN,56649-2187,Public       ,64,52,116,106,77,183
00735000,ANOKA-HENNEPIN TECHNICAL COLLEGE        ,MN,55303-1590,Public       ,387,967,1354,663,1609,2272
00735100,BROWN COLLEGE                           ,MN,55120-1004,Proprietary  ,95,256,351,164,463,627
00746200,COLLEGE OF VISUAL ARTS                  ,MN,55102-2199,Private      ,13,18,31,59,51,110
00795400,NORMANDALE COMMUNITY COLLEGE            ,MN,55431-4399,Public       ,1684,1950,3634,3143,3303,6446
00826700,NORTHWEST TECHNICAL INSTITUTE           ,MN,55121-5001,Proprietary  ,5,12,17,9,27,36
00869400,RASMUSSEN COLLEGE - ST. CLOUD           ,MN,56301-3713,Proprietary  ,114,471,585,163,907,1070
00869401,RASMUSSEN COLLEGE - BROOKLYN PARK       ,MN,55445-1512,Proprietary  ,105,633,738,159,929,1088
00869406,RASMUSSEN COLLEGE - EAGAN               ,MN,55122-1346,Proprietary  ,99,549,648,133,870,1003
00869407,RASMUSSEN COLLEGE - BLOOMINGTON         ,MN,55435-5444,Proprietary  ,82,637,719,126,1074,1200
00869409,RASMUSSEN COLLEGE - MANKATO             ,MN,56001-8658,Proprietary  ,97,437,534,175,722,897
00869412,RASMUSSEN COLLEGE - LAKE ELMO           ,MN,55042-8624,Proprietary  ,83,428,511,111,651,762
00869416,RASMUSSEN COLLEGE - MOORHEAD            ,MN,56560-4513,Proprietary  ,91,343,434,145,535,680
00869417,RASMUSSEN COLLEGE - BLAINE              ,MN,55014-0000,Proprietary  ,69,360,429,101,583,684
00905800,BETHEL UNIVERSITY                       ,MN,55112-6999,Private      ,1100,885,1985,3062,1482,4544
00960000,COSMETOLOGY CAREERS UNLTD-DULUTH        ,MN,55802-2031,Proprietary  ,7,15,22,11,27,38
00972200,EMPIRE BEAUTY SCHOOL                    ,MN,55119-7003,Proprietary  ,49,121,170,68,174,242
00974000,INVER HILLS COMMUNITY COLLEGE           ,MN,55076-3224,Public       ,883,1313,2196,1683,2419,4102
00983100,MODEL COLLEGE OF HAIR DESIGN            ,MN,56301-4280,Proprietary  ,72,50,122,103,83,186
00987000,EMPIRE BEAUTY SCHOOL                    ,MN,55420-2919,Proprietary  ,53,108,161,86,151,237
00989200,"DULUTH BUSINESS UNIV, INC.              ",MN,55807-0000,Proprietary  ,41,138,179,77,225,302
00999200,OAK HILLS CHRISTIAN COLLEGE             ,MN,56601-0000,Private      ,49,29,78,91,38,129
01024800,ART INSTITUTES INTL MINNESOTA           ,MN,55402-3137,Proprietary  ,438,409,847,993,865,1858
01035602,EVEREST INSTITUTE - EAGAN               ,MN,55121-1696,Proprietary  ,29,185,214,45,300,345
01037400,METROPOLITAN STATE UNIVERSITY           ,MN,55106-5000,Public       ,926,3636,4562,1734,6230,7964
01040200,DAKOTA COUNTY TECHNICAL COLLEGE         ,MN,55068-2999,Public       ,412,744,1156,752,1261,2013
01049000,REGENCY BEAUTY INSTITUTE                ,MN,55428-0000,Proprietary  ,1401,2517,3918,2227,4098,6325
01049100,HENNEPIN TECHNICAL COLLEGE              ,MN,55445-2399,Public       ,756,2314,3070,1258,3818,5076
01054600,CENTURY COLLEGE                         ,MN,55110-1894,Public       ,2106,3361,5467,3512,5237,8749
01173200,"MAYO CLINIC, COLLEGE OF MEDICINE        ",MN,55905-0000,Private      ,31,141,172,69,359,428
01173201,MAYO SCHOOL OF HEALTH-RELATED SCIEN     ,MN,55905-0000,Private      ,29,80,109,75,178,253
01173206,MAYO GRAD SCHOOL                        ,MN,55901-0000,Private      ,3,19,22,6,48,54
01173207,MAYO MEDICAL SCHOOL                     ,MN,55901-0000,Private      ,9,53,62,27,190,217
01232800,NORTHWESTERN HEALTH SCIENCES UNIV       ,MN,55431-1599,Private      ,24,305,329,61,572,633
02050300,ACADEMY COLLEGE                         ,MN,55420-1554,Proprietary  ,22,70,92,26,114,140
02097300,HASTINGS BEAUTY SCHOOL                  ,MN,55033-1205,Proprietary  ,6,16,22,7,23,30
02123200,AVEDA INSTITUTE                         ,MN,55414-0000,Proprietary  ,205,193,398,323,317,640
02159800,COSMETOLOGY CAREERS UNLTD - HIBBING     ,MN,55746-0000,Proprietary  ,6,15,21,13,27,40
02160901,"SALON PROFESSIONAL ACADEMY, THE - THE SA",MN,55428-4928,Proprietary  ,13,26,39,21,33,54
02238100,MINNESOTA SCHOOL OF COSMETOLOGY         ,MN,55125-0000,Proprietary  ,80,98,178,110,161,271
02260500,SUMMIT ACAD OPPORTUNITIES IND CTR       ,MN,55405-0000,Private      ,33,190,223,47,282,329
02263102,ANTHEM COLLEGE - ST. LOUIS PARK         ,MN,55416-2467,Proprietary  ,15,118,133,19,159,178
02504200,WALDEN UNIVERSITY                       ,MN,55401-2511,Proprietary  ,127,17761,17888,248,35741,35989
02514100,AMERICAN INDIAN OPPORTUNITIES CTR       ,MN,55404-0000,Private      ,9,115,124,17,154,171
03001200,MCNALLY SMITH COLLEGE OF MUSIC          ,MN,55101-2220,Proprietary  ,117,76,193,614,213,827
03051900,ALFRED ADLER GRADUATE SCHOOL            ,MN,55305-0000,Private      ,1,118,119,1,220,221
03096400,LEECH LAKE TRIBAL COLLEGE               ,MN,56633-0000,Public       ,31,119,150,43,172,215
03129100,FOND DU LAC TRIBAL & COMMUNITY CLG      ,MN,55720-2984,Public       ,157,319,476,284,486,770
03267300,CAPELLA UNIVERSITY                      ,MN,55402-3389,Proprietary  ,118,23932,24050,206,39090,39296
03833300,AMERICAN ACADEMY OF ACUPUNCTURE AND ORIE,MN,55113-0000,Proprietary  ,0,16,16,0,35,35
03921400,WHITE EARTH TRIBAL AND COMMUNITY COLLEGE,MN,56557-0478,Private      ,6,31,37,8,46,54
04044300,HAZELDEN GRADUATE SCHOOL OF ADDICTION ST,MN,55012-0000,Private      ,1,47,48,2,97,99
04130200,INST. OF PRODUCTION AND RECORDING       ,MN,55401-1315,Proprietary  ,137,141,278,281,259,540
04148800,CENTERPOINT MASSAGE & SHIATSU THERAPY SC,MN,55414-4525,Proprietary  ,8,50,58,19,92,111
04157600,NOVA ACADEMY OF COSMETOLOGY             ,MN,55906-4103,Proprietary  ,32,47,79,38,67,105
04160500,AVALON SCHOOL OF COSMETOLOGY            ,MN,56187-1930,Proprietary  ,8,15,23,12,31,43
04174400,ROCHESTER SCHOOL OF HAIR DESIGN         ,MN,55901-4310,Proprietary  ,22,21,43,25,32,57
04175600,PARK AVENUE SCHOOL OF COSMETOLOGY       ,MN,56470-3361,Proprietary  ,4,29,33,10,48,58
00239600,ALCORN STATE UNIVERSITY                 ,MS,39096-7500,Public       ,1548,1387,2935,3621,2532,6153
00239700,BELHAVEN UNIVERSITY                     ,MS,39202-1789,Private      ,516,1705,2221,1496,3240,4736
00239800,BLUE MOUNTAIN COLLEGE                   ,MS,38610-9370,Private      ,219,132,351,490,234,724
00240100,COAHOMA COMMUNITY COLLEGE               ,MS,38614-9799,Public       ,506,545,1051,1108,1118,2226
00240200,COPIAH-LINCOLN COMMUNITY COLLEGE        ,MS,39191-0649,Public       ,824,740,1564,1641,1356,2997
00240300,DELTA STATE UNIVERSITY                  ,MS,38733-0000,Public       ,1219,1259,2478,3025,2211,5236
00240400,EAST CENTRAL COMMUNITY COLLEGE          ,MS,39327-0129,Public       ,725,731,1456,1580,1295,2875
00240500,EAST MISSISSIPPI COMM COLLEGE           ,MS,39358-0000,Public       ,1319,1324,2643,2426,2116,4542
00240700,HINDS COMMUNITY COLLEGE                 ,MS,39154-9799,Public       ,2903,3625,6528,5727,6301,12028
00240800,HOLMES COMMUNITY COLLEGE                ,MS,39079-0000,Public       ,1532,2052,3584,3108,3792,6900
00240900,ITAWAMBA COMMUNITY COLLEGE              ,MS,38843-1099,Public       ,1596,1451,3047,3225,2451,5676
00241000,JACKSON STATE UNIVERSITY                ,MS,39217-0001,Public       ,2968,4178,7146,7415,7243,14658
00241100,JONES COUNTY JUNIOR COLLEGE             ,MS,39437-3999,Public       ,1518,857,2375,3299,1746,5045
00241300,MERIDIAN COMMUNITY COLLEGE              ,MS,39307-5890,Public       ,842,1059,1901,1587,1768,3355
00241400,MILLSAPS COLLEGE                        ,MS,39201-0000,Private      ,272,309,581,1273,573,1846
00241500,MISSISSIPPI COLLEGE                     ,MS,39058-0001,Private      ,975,1520,2495,2585,2584,5169
00241501,MISSISSIPPI COLLEGE - SCHOOL OF LAW     ,MS,39201-1391,Private      ,43,352,395,101,734,835
00241600,MISSISSIPPI DELTA CMTY COLLEGE          ,MS,38761-0000,Public       ,848,742,1590,1642,1426,3068
00241700,MISSISSIPPI GULF CST CLG-PERKINSTON     ,MS,39573-0000,Public       ,876,520,1396,1769,908,2677
00241701,MISSISSIPPI GULF CST CLG-JEFF DAVIS     ,MS,39507-0000,Public       ,902,1671,2573,1720,2946,4666
00241702,MISSISSIPPI GULF CST CLG-JACKSON CN     ,MS,39553-0000,Public       ,829,1090,1919,1406,1828,3234
00242200,MISSISSIPPI UNIV FOR WOMEN              ,MS,39701-5818,Public       ,696,1042,1738,1643,1890,3533
00242300,MISSISSIPPI STATE UNIVERSITY            ,MS,39762-9698,Public       ,5144,2897,8041,15609,5805,21414
00242400,MISSISSIPPI VALLEY STATE UNIVERSITY     ,MS,38941-1400,Public       ,1144,1063,2207,2710,1941,4651
00242600,NORTHEAST MS CMNTY COLLEGE              ,MS,38829-1731,Public       ,1216,808,2024,2382,1337,3719
00242700,NORTHWEST MISSISSIPPI COMMUNITY CLG     ,MS,38668-1703,Public       ,2081,1760,3841,4683,3541,8224
00243000,PEARL RIVER COMMUNITY COLLEGE           ,MS,39470-2201,Public       ,1227,1179,2406,2462,2113,4575
00243300,RUST COLLEGE                            ,MS,38635-2328,Private      ,418,213,631,1256,502,1758
00243500,SOUTHEASTERN BAPTIST COLLEGE            ,MS,39440-0000,Private      ,6,24,30,14,52,66
00243600,SOUTHWEST MISSISSIPPI CMNTY CLG         ,MS,39666-8099,Public       ,675,544,1219,1187,893,2080
00243900,TOUGALOO COLLEGE                        ,MS,39174-9799,Private      ,607,270,877,1445,559,2004
00244000,UNIVERSITY OF MISSISSIPPI               ,MS,38677-1848,Public       ,4343,2700,7043,14337,5493,19830
00244001,UNIVERSITY OF MISSISSIPPI - MED CTR     ,MS,39216-0000,Public       ,288,960,1248,697,2137,2834
00244100,UNIVERSITY OF SOUTHERN MISSISSIPPI      ,MS,39406-0001,Public       ,4215,3640,7855,11247,7486,18733
00244700,WILLIAM CAREY UNIVERSITY                ,MS,39401-5499,Private      ,777,2097,2874,1598,3527,5125
00489809,MCCANN SCHOOL OF BUSINESS & TECHNOLOGY -,MS,39503-3167,Proprietary  ,4,50,54,12,105,117
01289101,ANTONELLI COLLEGE - JACKSON             ,MS,39232-9514,Proprietary  ,82,578,660,129,891,1020
01289102,ANTONELLI COLLEGE - HATTIESBURG         ,MS,39401-3056,Proprietary  ,85,339,424,122,526,648
02074900,CHRIS' BEAUTY COLLEGE                   ,MS,39501-0000,Proprietary  ,22,73,95,41,123,164
02160500,NORTH MISSISSIPPI MED CTR MED TECH      ,MS,38801-0000,Private      ,14,71,85,33,108,141
02235900,ACADEMY OF HAIR DESIGN #4               ,MS,39208-0000,Proprietary  ,34,79,113,59,127,186
02244300,ACADEMY OF HAIR DESIGN #1               ,MS,38901-0000,Proprietary  ,37,105,142,64,159,223
02249900,DELTA BEAUTY COLLEGE                    ,MS,38701-0000,Proprietary  ,29,47,76,45,70,115
02251600,ACADEMY OF HAIR DESIGN #6               ,MS,39401-7581,Proprietary  ,37,119,156,63,175,238
02251700,FOSTER'S COSMETOLOGY COLLEGE            ,MS,38663-0000,Proprietary  ,5,12,17,6,14,20
02302800,MISSISSIPPI COLLEGE OF BEAUTY CULT      ,MS,39440-0000,Proprietary  ,9,36,45,24,58,82
02320800,MAGNOLIA COLLEGE OF COSMETOLOGY         ,MS,39206-0000,Proprietary  ,38,125,163,78,218,296
02502100,CREATIONS COLLEGE OF COSMETOLOGY        ,MS,38803-0000,Proprietary  ,15,44,59,30,75,105
02516200,WESLEY BIBLICAL SEMINARY                ,MS,39206-0000,Private      ,3,45,48,6,94,100
02586000,J & J HAIR DESIGN COLLEGE               ,MS,39051-3716,Proprietary  ,16,40,56,26,59,85
03004000,FINAL TOUCH BEAUTY SCHOOL               ,MS,39307-2934,Proprietary  ,0,0,0,2,7,9
03010603,VIRGINIA COLLEGE - JACKSON              ,MS,39206-5602,Proprietary  ,95,515,610,148,814,962
03010610,VIRGINIA COLLEGE - BILOXI               ,MS,39532-2124,Proprietary  ,41,168,209,78,333,411
03032400,KC'S SCHOOL OF HAIR DESIGN              ,MS,38863-0000,Proprietary  ,18,66,84,23,99,122
03263300,TRAXLER'S SCHOOL OF HAIR                ,MS,39212-2529,Proprietary  ,14,36,50,24,67,91
03294305,BLUE CLIFF COLLEGE - GULFPORT           ,MS,39503-0000,Proprietary  ,60,249,309,92,384,476
03464300,ACADEMY OF HAIR DESIGN                  ,MS,39562-0000,Proprietary  ,8,19,27,8,31,39
03848300,DAY SPA CAREER COLLEGE                  ,MS,39564-0000,Proprietary  ,9,38,47,11,57,68
03963300,HEALING TOUCH SCHOOL OF MASSAGE THERAPY ,MS,39402-1300,Proprietary  ,29,104,133,50,161,211
04131300,CORINTH ACADEMY OF COSMETOLOGY          ,MS,38834-4813,Proprietary  ,15,61,76,27,90,117
04140200,"MISSISSIPPI INSTITUTE OF AESTHETICS, NAI",MS,39056-5628,Proprietary  ,22,70,92,29,97,126
00252600,CARROLL COLLEGE                         ,MT,59625-0002,Private      ,140,47,187,2252,241,2493
00252700,UNIVERSITY OF GREAT FALLS               ,MT,59405-4996,Private      ,141,221,362,726,529,1255
00252800,MILES COMMUNITY COLLEGE                 ,MT,59301-4799,Public       ,58,59,117,203,150,353
00252900,DAWSON COMMUNITY COLLEGE                ,MT,59330-1405,Public       ,53,47,100,178,112,290
00253000,MONTANA STATE UNIVERSITY - BILLINGS     ,MT,59101-0298,Public       ,531,1033,1564,2394,2606,5000
00253100,MONTANA TECH OF THE UNIV OF MONTANA     ,MT,59701-8997,Public       ,292,474,766,1460,1163,2623
00253200,MONTANA STATE UNIVERSITY - BOZEMAN      ,MT,59717-4160,Public       ,1490,1265,2755,11832,4035,15867
00253300,MONTANA STATE UNIVERSITY-NORTHERN       ,MT,59501-3148,Public       ,205,296,501,764,643,1407
00253400,ROCKY MOUNTAIN COLLEGE                  ,MT,59102-1796,Private      ,231,164,395,1244,418,1662
00253600,UNIVERSITY OF MONTANA (THE)             ,MT,59812-0001,Public       ,1290,1981,3271,7452,6217,13669
00253700,UNIVERSITY OF MONTANA WESTERN (THE)     ,MT,59725-3598,Public       ,222,166,388,1301,492,1793
00677700,FLATHEAD VALLEY COMMUNITY COLLEGE       ,MT,59901-2699,Public       ,207,441,648,749,1243,1992
00757000,HELENA COLLEGE OF TECHNOLOGY            ,MT,59601-3098,Public       ,109,292,401,420,833,1253
00790000,BUTTE ACADEMY OF BEAUTY CULTURE         ,MT,59701-9197,Proprietary  ,8,22,30,24,43,67
00894700,"DAHL'S COLLEGE OF BEAUTY,INC            ",MT,59401-3731,Proprietary  ,3,5,8,13,23,36
00931400,GREAT FALLS COLLEGE MONTANA STATE UNIVER,MT,59405-4907,Public       ,181,565,746,526,1130,1656
02143400,SALISH KOOTENAI COLLEGE                 ,MT,59855-0000,Public       ,76,216,292,225,616,841
02286600,LITTLE BIG HORN COLLEGE                 ,MT,59022-0000,Public       ,14,28,42,41,67,108
02343000,FT PECK COMMUNITY COLLEGE               ,MT,59255-0000,Public       ,12,32,44,34,75,109
02510600,BLACKFEET COMMUNITY COLLEGE             ,MT,59417-0000,Private      ,18,52,70,96,175,271
02517500,FORT BELKNAP COLLEGE                    ,MT,59526-0000,Public       ,14,37,51,27,77,104
02545200,CHIEF DULL KNIFE COLLEGE                ,MT,59043-0098,Public       ,5,25,30,23,60,83
02610900,STONE CHILD COLLEGE                     ,MT,59521-9796,Public       ,5,23,28,54,74,128
02621300,ACADEMY OF COSMETOLOGY                  ,MT,59715-3544,Proprietary  ,13,22,35,31,45,76
03205300,MODERN BEAUTY SCHOOL                    ,MT,59801-8386,Proprietary  ,16,35,51,52,79,131
03763400,"ACADEMY OF NAIL, SKIN & HAIR            ",MT,59101-0000,Proprietary  ,22,52,74,52,95,147
03778300,HEALTH WORKS INSTITUTE                  ,MT,59715-0000,Proprietary  ,17,31,48,41,74,115
04163700,BITTERROOT SCHOOL OF COSMETOLOGY        ,MT,59840-3118,Proprietary  ,3,18,21,11,34,45
04164100,SALON PROFESSIONAL ACADEMY (THE)        ,MT,59405-0000,Proprietary  ,30,53,83,51,94,145
04187700,CREVIER'S SCHOOL OF COSMETOLOGY         ,MT,59901-4402,Proprietary  ,22,59,81,45,100,145
00253900,CHADRON STATE COLLEGE                   ,NE,69337-2690,Public       ,462,443,905,1792,929,2721
00254000,COLLEGE OF ST MARY                      ,NE,68106-2606,Private      ,149,443,592,530,989,1519
00254100,CONCORDIA UNIVERSITY                    ,NE,68434-1594,Private      ,380,298,678,1307,510,1817
00254200,CREIGHTON UNIVERSITY                    ,NE,68178-0001,Private      ,832,1676,2508,5101,4625,9726
00254400,DOANE COLLEGE                           ,NE,68333-2421,Private      ,407,424,831,1617,825,2442
00254700,GRACE UNIVERSITY                        ,NE,68108-3629,Private      ,131,111,242,327,218,545
00254800,HASTINGS COLLEGE                        ,NE,68901-7621,Private      ,331,63,394,1303,141,1444
00255100,UNIVERSITY OF NEBRASKA AT KEARNEY       ,NE,68849-0001,Public       ,1055,750,1805,4307,1675,5982
00255300,MIDLAND UNIVERSITY                      ,NE,68025-4254,Private      ,390,156,546,1391,299,1690
00255400,UNIVERSITY OF NEBRASKA-OMAHA            ,NE,68182-0001,Public       ,2443,2374,4817,8582,5676,14258
00255500,NEBRASKA WESLEYAN UNIVERSITY            ,NE,68504-2796,Private      ,481,284,765,1881,568,2449
00255700,MID-PLAINS COMM COLLEGE - NORTH PLATTE  ,NE,69101-9420,Public       ,173,249,422,387,468,855
00255701,MID-PLAINS COMMUNITY COLLEGE - MCCOOK   ,NE,69001-2631,Public       ,84,72,156,194,124,318
00255900,PERU STATE COLLEGE                      ,NE,68421-0010,Public       ,288,379,667,1015,822,1837
00256000,WESTERN NEBRASKA COMMUNITY COLLEGE      ,NE,69361-1815,Public       ,162,236,398,595,623,1218
00256300,UNION COLLEGE                           ,NE,68506-4387,Private      ,302,173,475,722,356,1078
00256500,UNIVERSITY OF NEBRASKA-LINCOLN          ,NE,68588-0419,Public       ,3912,1734,5646,15302,4452,19754
00256596,UNIVERSITY OF NEBRASKA - CURTIS         ,NE,69025-9522,Public       ,62,20,82,196,38,234
00256600,WAYNE STATE COLLEGE                     ,NE,68787-1172,Public       ,803,351,1154,2909,733,3642
00256700,YORK COLLEGE                            ,NE,68467-2699,Private      ,216,56,272,479,103,582
00443600,REGNL WST MEDCL CTR SCHL RAD            ,NE,69361-0000,Private      ,2,6,8,18,17,35
00458608,KAPLAN UNIVERSITY - OMAHA               ,NE,68134-1002,Proprietary  ,64,631,695,129,1116,1245
00458609,KAPLAN UNIVERSITY - LINCOLN             ,NE,68508-2668,Proprietary  ,55,458,513,102,789,891
00639900,BRYANLGH COLLEGE OF HEALTH SCIENCES     ,NE,68506-1398,Private      ,125,158,283,386,336,722
00640400,NEBR METHODIST CLG OF NURS ALLD HLTH    ,NE,68114-2852,Private      ,164,383,547,446,780,1226
00689500,UNIVERSITY OF NEBRASKA-MED CTR          ,NE,68198-4265,Public       ,205,968,1173,663,2297,2960
00750100,VATTEROTT COLLEGE                       ,NE,68137-1237,Proprietary  ,90,311,401,142,579,721
00849200,ALEGENT HEALTH SCHOOLS                  ,NE,68114-2767,Private      ,28,106,134,88,206,294
00952300,BAHNER COLLEGE OF HAIRSTYLING           ,NE,68025-3297,Proprietary  ,13,17,30,20,30,50
00961700,CAPITOL BEAUTY SCHOOL                   ,NE,68144-0000,Proprietary  ,66,70,136,113,121,234
00974300,BELLEVUE UNIVERSITY                     ,NE,68005-0000,Private      ,313,2734,3047,665,5944,6609
00986200,CLARKSON COLLEGE                        ,NE,68131-2739,Private      ,159,465,624,503,1070,1573
01151900,JOSEPH'S COLLEGE OF BEAUTY/ALL CAMPUSES ,NE,68510-2226,Proprietary  ,71,139,210,113,230,343
01166700,NORTHEAST COMMUNITY COLLEGE             ,NE,68702-0000,Public       ,648,547,1195,1619,979,2598
01258600,METROPOLITAN COMMUNITY COLLEGE          ,NE,68103-0000,Public       ,1779,4077,5856,4072,8639,12711
01297600,NEBRASKA CHRISTIAN COLLEGE              ,NE,68046-4256,Private      ,48,21,69,127,43,170
02079700,COLLEGE OF HAIR DESIGN                  ,NE,68508-0000,Proprietary  ,109,98,207,156,142,298
02099500,CENTRAL COMMUNITY COLLEGE- GI           ,NE,68801-0000,Public       ,216,460,676,580,910,1490
02099501,CENTRAL COMMUNITY COLLEGE - HASTINGS    ,NE,68902-0000,Public       ,298,279,577,839,550,1389
02099502,CENTRAL COMMUNITY COLLEGE - COLUMBUS    ,NE,68602-0000,Public       ,164,198,362,435,380,815
02508300,SOUTHEAST COMM. COLLEGE-ALL CAMPUSES    ,NE,68520-0000,Public       ,1481,2092,3573,3854,4379,8233
02550800,NEBRASKA INDIAN COMMUNITY COLLEGE       ,NE,68039-0000,Public       ,3,31,34,9,55,64
02610500,XENON INTERNATIONAL ACADEMY II          ,NE,68127-3522,Proprietary  ,87,108,195,156,199,355
03164300,THE CREATIVE CENTER                     ,NE,68164-2911,Proprietary  ,60,34,94,125,68,193
03279300,MYOTHERAPY INSTITUTE                    ,NE,68516-0000,Proprietary  ,18,16,34,26,25,51
03323300,LITTLE PRIEST TRIBAL COLLEGE            ,NE,68071-0000,Private      ,10,28,38,12,42,54
03821400,UNIVERSAL COLLEGE OF HEALING ARTS       ,NE,68112-1810,Proprietary  ,9,50,59,16,94,110
00256800,UNIVERSITY OF NEVADA RENO               ,NV,89557-0002,Public       ,2175,1861,4036,14134,5826,19960
00256900,UNIVERSITY OF NEVADA-LAS VEGAS          ,NV,89154-1001,Public       ,4161,5424,9585,18912,14801,33713
00697700,GREAT BASIN COLLEGE                     ,NV,89801-3348,Public       ,183,462,645,511,948,1459
00732954,ITT TECHNICAL INSTITUTE                 ,NV,89014-6712,Proprietary  ,125,375,500,233,579,812
00736700,MARINELLO SCHOOLS OF BEAUTY             ,NV,89110-3563,Proprietary  ,67,135,202,147,223,370
00736701,MARINELLO SCHOOLS OF BEAUTY -           ,NV,89014-2244,Proprietary  ,31,65,96,54,127,181
00737100,MARINELLO SCHOOL OF BEAUTY              ,NV,89502-6530,Proprietary  ,51,114,165,115,200,315
00844103,ANTHEM INSTITUTE - MORRISON UNIVERSITY  ,NV,89521-4826,Proprietary  ,25,211,236,64,362,426
00919200,SIERRA NEVADA COLLEGE                   ,NV,89451-0000,Private      ,113,215,328,474,464,938
01036200,COLLEGE OF SOUTHERN NEVADA              ,NV,89146-1139,Public       ,5199,9161,14360,12799,18549,31348
01036300,WESTERN NEVADA COLLEGE                  ,NV,89703-0000,Public       ,444,1035,1479,971,2073,3044
01323200,ACADEMY OF HAIR DESIGN                  ,NV,89146-1617,Proprietary  ,61,144,205,136,280,416
02107700,TRUCKEE MEADOWS COMMUNITY CLG           ,NV,89512-0000,Public       ,1325,2510,3835,3591,5340,8931
02237500,EVEREST COLLEGE                         ,NV,89103-0000,Proprietary  ,272,808,1080,609,1452,2061
02338512,GLENDALE CAREER COLLEGE - NEVADA CAREER ,NV,89131-3268,Proprietary  ,21,83,104,61,197,258
02616703,SCOTTSDALE CULINARY INSTITUTE - LE CORDO,NV,89144-7047,Proprietary  ,41,126,167,124,312,436
02621500,CAREER COLLEGE OF NORTHERN NEVADA       ,NV,89434-7905,Proprietary  ,89,335,424,147,525,672
03030603,UTAH CLG OF MASSAGE THERAPY-NSMT        ,NV,89123-0000,Proprietary  ,42,128,170,81,227,308
03031405,INTERNATIONAL ACADEMY OF DESIGN AND TECH,NV,89074-7750,Proprietary  ,93,210,303,193,382,575
03043200,KAPLAN COLLEGE                          ,NV,89102-8618,Proprietary  ,256,908,1164,533,1741,2274
03076404,BRYMAN SCHOOL OF ARIZONA (THE) - ANTHEM ,NV,89102-4514,Proprietary  ,67,151,218,108,261,369
03088200,CARSON CITY BEAUTY ACADEMY              ,NV,89706-0000,Proprietary  ,17,67,84,35,121,156
03232306,EUPHORIA INSTITUTE - SUMMERLIN          ,NV,89117-8803,Proprietary  ,60,101,161,109,210,319
03232307,EUPHORIA INSTITUTE - GREEN VALLEY       ,NV,89052-4964,Proprietary  ,42,79,121,59,130,189
03232308,EUPHORIA INSTITUTE - ALIANTE            ,NV,89131-1036,Proprietary  ,60,113,173,114,186,300
03787300,EXPERTISE SCHOOL OF BEAUTY              ,NV,89106-2516,Private      ,26,118,144,58,200,258
03838500,NORTHWEST HEALTH CAREERS                ,NV,89128-0255,Proprietary  ,58,226,284,159,465,624
03975300,INSTITUTE OF PROFESSIONAL CAREERS       ,NV,89119-7825,Proprietary  ,37,118,155,100,280,380
04051303,ART INSTITUTE OF PHOENIX (THE) - ART INS,NV,89074-7737,Proprietary  ,120,102,222,385,300,685
04065300,UNIVERSITY OF SOUTHERN NEVADA           ,NV,89014-2333,Private      ,160,811,971,520,1841,2361
04114300,NEVADA STATE COLLEGE                    ,NV,89002-9455,Public       ,552,1320,1872,1786,2892,4678
04142601,TOURO UNIVERSITY - NEVADA               ,NV,89014-8800,Private      ,25,248,273,84,695,779
04144800,INTERNATIONAL ACADEMY OF STYLE          ,NV,89509-3450,Proprietary  ,28,46,74,54,103,157
04147600,AVEDA INSTITUTE LAS VEGAS               ,NV,89119-6103,Proprietary  ,64,128,192,126,276,402
04171000,ADVANCED TRAINING INSTITUTE             ,NV,89115-7504,Proprietary  ,73,257,330,118,419,537
04186300,PAUL MITCHELL THE SCHOOL LAS VEGAS      ,NV,89123-8014,Proprietary  ,90,145,235,194,269,463
04190300,AMERICAN INSTITUTE OF MEDICAL SONOGRAPHY,NV,89146-6597,Proprietary  ,32,151,183,112,380,492
04191100,DESTINATION ACADEMY FOR SPA AND SALON PR,NV,89147-8397,Proprietary  ,22,51,73,46,118,164
04203100,PAUL MITCHELL THE SCHOOL RENO           ,NV,89501-3356,Proprietary  ,49,83,132,113,159,272
00257200,COLBY-SAWYER COLLEGE                    ,NH,03257-4648,Private      ,105,22,127,2761,132,2893
00257300,DARTMOUTH COLLEGE                       ,NH,03755-3529,Private      ,495,478,973,12034,1745,13779
00257500,FRANKLIN PIERCE UNIVERSITY              ,NH,03461-0060,Private      ,260,405,665,3585,982,4567
00257900,NEW ENGLAND COLLEGE                     ,NH,03242-3293,Private      ,394,684,1078,2213,1232,3445
00258000,SOUTHERN NEW HAMPSHIRE UNIVERSITY       ,NH,03106-1045,Private      ,1216,10180,11396,6635,19025,25660
00258100,NHTI  - CONCORD'S COMMUNITY COLLEGE     ,NH,03301-7412,Public       ,855,735,1590,2330,1502,3832
00258200,MANCHESTER COMMUNITY COLLEGE            ,NH,03102-8518,Public       ,435,707,1142,1042,1300,2342
00258300,GREAT BAY COMMUNITY COLLEGE             ,NH,03801-0000,Public       ,332,481,813,834,941,1775
00258600,RIVIER COLLEGE                          ,NH,03060-5086,Private      ,222,367,589,1260,879,2139
00258700,SAINT ANSELM COLLEGE                    ,NH,03102-1310,Private      ,437,73,510,3954,183,4137
00258900,UNIVERSITY OF NEW HAMPSHIRE             ,NH,03824-2511,Public       ,744,570,1314,20866,3201,24067
00259000,KEENE STATE COLLEGE                     ,NH,03431-0000,Public       ,725,185,910,7701,656,8357
00259100,PLYMOUTH STATE UNIVERSITY               ,NH,03264-1595,Public       ,458,366,824,6672,1336,8008
00301004,ANTIOCH UNIVERSITY                      ,NH,03431-0000,Private      ,5,191,196,9,735,744
00472900,HESSER COLLEGE                          ,NH,03103-7230,Proprietary  ,128,422,550,264,809,1073
00472901,HESSER COLLEGE - NASHUA CAMPUS          ,NH,03063-1286,Proprietary  ,58,179,237,121,320,441
00472904,HESSER COLLEGE - PORTSMOUTH CAMPUS      ,NH,03801-3245,Proprietary  ,46,182,228,90,333,423
00472905,HESSER COLLEGE - SALEM CAMPUS           ,NH,03079-2842,Proprietary  ,61,218,279,124,358,482
00472906,HESSER COLLEGE - CONCORD CAMPUS         ,NH,03301-3415,Proprietary  ,27,131,158,67,278,345
00473100,DANIEL WEBSTER COLLEGE                  ,NH,03063-1300,Proprietary  ,176,122,298,719,229,948
00529100,WHITE MOUNTAINS COMMUNITY COLLEGE       ,NH,03570-3799,Public       ,125,206,331,295,392,687
00702500,LEBANON COLLEGE                         ,NH,03766-0000,Private      ,17,28,45,37,58,95
00755500,LAKES REGION COMMUNITY COLLEGE          ,NH,03246-1326,Public       ,216,255,471,532,525,1057
00756000,RIVER VALLEY COMMUNITY COLLEGE          ,NH,03743-9707,Public       ,138,306,444,332,645,977
00864500,EMPIRE BEAUTY SCHOOL                    ,NH,03220-0000,Proprietary  ,46,71,117,70,100,170
00923600,NASHUA COMMUNITY COLLEGE                ,NH,03063-2052,Public       ,382,416,798,882,784,1666
01318900,CONTINENTAL ACADEMIE OF HAIR DESIGN     ,NH,03051-3754,Proprietary  ,26,18,44,42,30,72
02097900,UNIVERSITY NEW HAMPSHIRE SCHOOL OF LAW  ,NH,03301-0000,Private      ,2,134,136,21,493,514
02140400,ST JOSEPH SCH OF PRAC NRSG              ,NH,03060-0000,Private      ,14,74,88,59,192,251
02174800,MICHAEL'S SCHOOL OF HAIR DESIGN & ESTHET,NH,03110-0000,Proprietary  ,35,35,70,80,68,148
02179600,EMPIRE BEAUTY SCHOOL                    ,NH,03878-0000,Proprietary  ,24,51,75,40,74,114
02211600,PORTSMOUTH BTY SCH OF HAIR DESIGN       ,NH,03801-4084,Proprietary  ,1,8,9,14,18,32
02245400,KEENE BEAUTY ACADEMY                    ,NH,03431-0000,Proprietary  ,21,19,40,35,31,66
02247000,NEW ENGLAND SCHOOL OF HAIR DESIGN       ,NH,03784-0000,Proprietary  ,17,12,29,42,25,67
03043100,THOMAS MORE COLLEGE OF LIBERAL ARTS     ,NH,03054-4818,Private      ,36,15,51,96,23,119
03101300,GRANITE STATE COLLEGE                   ,NH,03301-6400,Public       ,127,863,990,325,1661,1986
03182300,NEW HAMPSHIRE INSTITUTE OF ART          ,NH,03104-4858,Private      ,131,55,186,679,144,823
03437300,UPPER VALLEY TEACHER TRANING PROGRAM    ,NH,03766-1358,Private      ,1,12,13,2,33,35
03729300,NH INSTITUTE FOR THERAPEUTIC ARTS       ,NH,03051-4906,Proprietary  ,3,6,9,7,18,25
04162200,LAIRD INSTITUTE OF SPA THERAPY          ,NH,03102-5263,Proprietary  ,5,37,42,7,44,51
00267000,BAPTIST BIBLE COLG OF PENNSYLVANIA      ,PA,18411-1297,Private      ,226,159,385,517,303,820
00322800,BRYN ATHYN COLLEGE OF THE NEW CHURCH    ,PA,19009-0717,Private      ,76,8,84,283,41,324
00322900,ALBRIGHT COLLEGE                        ,PA,19612-5234,Private      ,680,495,1175,4286,1089,5375
00323000,ALLEGHENY COLLEGE                       ,PA,16335-3902,Private      ,623,38,661,3712,116,3828
00323100,COMM CLG OF ALLEGHENY-ALLEGHENY CMP     ,PA,15212-0000,Public       ,1504,2548,4052,2525,4451,6976
00323101,"COMM CLG OF ALLEGHENY, BOYCE CAMPUS     ",PA,15146-0000,Public       ,752,1040,1792,1230,1823,3053
00323102,"COMM CLG OF ALLEGHENY, NORTH CAMPUS     ",PA,15237-0000,Public       ,853,1021,1874,1432,1809,3241
00323103,"COMM CLG OF ALLEGHENY, SOUTH CAMPUS     ",PA,15122-0000,Public       ,876,920,1796,1482,1693,3175
00323300,ALVERNIA UNIVERSITY                     ,PA,19607-1799,Private      ,705,651,1356,2436,1372,3808
00323500,ARCADIA UNIVERSITY                      ,PA,19038-3295,Private      ,816,671,1487,6229,1743,7972
00323700,BRYN MAWR COLLEGE                       ,PA,19010-2899,Private      ,272,156,428,1755,548,2303
00323800,BUCKNELL UNIVERSITY                     ,PA,17837-2122,Private      ,706,48,754,5179,185,5364
00323900,BUCKS COUNTY COMMUNITY COLLEGE          ,PA,18940-1320,Public       ,1674,1428,3102,3450,2830,6280
00324000,BUTLER COUNTY COMMUNITY COLLEGE         ,PA,16001-0000,Public       ,958,798,1756,1683,1443,3126
00324100,CABRINI COLLEGE                         ,PA,19087-3698,Private      ,446,299,745,1945,598,2543
00324200,CARNEGIE MELLON UNIVERSITY              ,PA,15213-3890,Private      ,1142,409,1551,12995,1509,14504
00324201,CARNEGIE MELLON UNIV- THE HEINZ COLLEGE ,PA,15213-0000,Private      ,25,148,173,153,613,766
00324202,CARNEGIE MELLON- TEPPER SCHOOL OF BUSINE,PA,15213-0000,Private      ,19,264,283,241,496,737
00324300,CEDAR CREST COLLEGE                     ,PA,18104-6196,Private      ,289,565,854,1042,1181,2223
00324400,CHATHAM UNIVERSITY                      ,PA,15232-2826,Private      ,136,653,789,696,1468,2164
00324500,CHESTNUT HILL COLLEGE                   ,PA,19118-2693,Private      ,464,827,1291,1641,1799,3440
00324700,MISERICORDIA  UNIVERSITY                ,PA,18612-1008,Private      ,683,616,1299,2670,1250,3920
00324900,COMMUNITY COLLEGE OF PHILADELPHIA       ,PA,19130-3991,Public       ,4739,7787,12526,10518,16321,26839
00325100,CURTIS INSTITUTE OF MUSIC               ,PA,19103-6187,Private      ,41,29,70,309,121,430
00325200,DELAWARE VALLEY COLLEGE                 ,PA,18901-2697,Private      ,631,166,797,2229,347,2576
00325300,DICKINSON COLLEGE                       ,PA,17013-2896,Private      ,577,38,615,3497,146,3643
00325600,DREXEL UNIVERSITY                       ,PA,19104-2875,Private      ,4266,5198,9464,33529,15655,49184
00325800,DUQUESNE UNIVERSITY                     ,PA,15282-0001,Private      ,2599,1777,4376,7997,3457,11454
00325900,EASTERN UNIVERSITY                      ,PA,19087-3696,Private      ,644,1024,1668,2221,2195,4416
00326200,ELIZABETHTOWN COLLEGE                   ,PA,17022-2298,Private      ,401,273,674,3181,611,3792
00326300,EVANGELICAL SCHOOL OF THEOLOGY          ,PA,17067-0000,Private      ,0,57,57,0,76,76
00326500,FRANKLIN & MARSHALL COLLEGE             ,PA,17604-0000,Private      ,498,52,550,3458,147,3605
00326600,GANNON UNIVERSITY                       ,PA,16541-0001,Private      ,577,415,992,3644,1209,4853
00326700,GENEVA COLLEGE                          ,PA,15010-3599,Private      ,327,365,692,1849,686,2535
00326800,GETTYSBURG COLLEGE                      ,PA,17325-1486,Private      ,668,57,725,4190,158,4348
00326900,GROVE CITY COLLEGE                      ,PA,16127-2104,Private      ,424,35,459,1863,62,1925
00327000,GWYNEDD-MERCY COLLEGE                   ,PA,19437-0901,Private      ,363,592,955,1539,1376,2915
00327200,HARCUM COLLEGE                          ,PA,19010-3476,Private      ,418,805,1223,918,1464,2382
00327300,HARRISBURG AREA COMMUNITY COLLEGE       ,PA,17110-2999,Public       ,4126,5879,10005,7894,11384,19278
00327400,HAVERFORD COLLEGE                       ,PA,19041-1392,Private      ,283,13,296,2099,50,2149
00327500,HOLY FAMILY UNIVERSITY                  ,PA,19114-2094,Private      ,523,623,1146,2117,1675,3792
00327600,IMMACULATA UNIVERSITY                   ,PA,19345-0647,Private      ,446,647,1093,1789,1363,3152
00327700,INDIANA UNIVERSITY OF PENNSYLVANIA      ,PA,15705-1097,Public       ,4764,1604,6368,14120,3257,17377
00327900,JUNIATA COLLEGE                         ,PA,16652-2196,Private      ,267,41,308,2556,117,2673
00328000,KEYSTONE COLLEGE                        ,PA,18440-0200,Private      ,671,362,1033,1643,642,2285
00328200,KINGS COLLEGE                           ,PA,18711-0801,Private      ,793,235,1028,3116,509,3625
00328300,LACKAWANNA COLLEGE                      ,PA,18509-9961,Private      ,795,505,1300,1669,875,2544
00328400,LAFAYETTE COLLEGE                       ,PA,18042-1768,Private      ,490,31,521,4367,121,4488
00328500,LANCASTER BIBLE COLLEGE                 ,PA,17601-5036,Private      ,353,434,787,777,804,1581
00328600,LANCASTER THEOLOGICAL SEMINARY          ,PA,17603-0000,Private      ,0,57,57,2,98,100
00328700,LASALLE UNIVERSITY                      ,PA,19141-1199,Private      ,1405,1566,2971,6275,3596,9871
00328800,LEBANON VALLEY COLLEGE                  ,PA,17003-1400,Private      ,418,86,504,3022,278,3300
00328900,LEHIGH UNIVERSITY                       ,PA,18015-1588,Private      ,986,311,1297,9171,849,10020
00329000,LINCOLN UNIVERSITY                      ,PA,19352-0999,Public       ,776,422,1198,3525,1058,4583
00329100,LUTHERAN THEOLOG SEMINARY-GETTYSBRG     ,PA,17325-0000,Private      ,2,29,31,2,73,75
00329200,LUTHERAN THEOLOGICAL SEMINARY           ,PA,19119-0000,Private      ,2,79,81,2,140,142
00329300,LYCOMING COLLEGE                        ,PA,17701-5192,Private      ,410,66,476,1929,147,2076
00329400,MANOR COLLEGE                           ,PA,19046-3399,Private      ,232,191,423,654,485,1139
00329600,MARYWOOD UNIVERSITY                     ,PA,18509-1598,Private      ,717,576,1293,2790,1238,4028
00329700,MERCYHURST COLLEGE                      ,PA,16546-0001,Private      ,800,486,1286,4003,1482,5485
00329800,MESSIAH COLLEGE                         ,PA,17027-0000,Private      ,443,145,588,3426,363,3789
00330000,MOORE COLLEGE OF ART & DESIGN           ,PA,19103-1179,Private      ,106,97,203,606,307,913
00330100,MORAVIAN COLLEGE                        ,PA,18018-6650,Private      ,528,133,661,2126,324,2450
00330101,MORAVIAN THEOLOGICAL SEMINARY           ,PA,18018-0000,Private      ,6,27,33,15,46,61
00330200,MOUNT ALOYSIUS COLLEGE                  ,PA,16630-1999,Private      ,378,345,723,1418,760,2178
00330300,CARLOW UNIVERSITY                       ,PA,15213-3165,Private      ,456,827,1283,1205,1654,2859
00330400,MUHLENBERG COLLEGE                      ,PA,18104-5586,Private      ,472,152,624,4067,332,4399
00330600,VALLEY FORGE CHRISTIAN COLLEGE          ,PA,19460-2399,Private      ,309,121,430,755,222,977
00330900,PEIRCE COLLEGE                          ,PA,19102-4699,Private      ,172,1177,1349,478,2135,2613
00331100,SALUS UNIVERSITY                        ,PA,19027-1598,Private      ,2,320,322,7,1113,1120
00331300,WIDENER UNIVERSITY                      ,PA,19013-5792,Private      ,773,821,1594,4818,2378,7196
00331302,WIDENER UNIV SCH OF LAW- HARRISBURG     ,PA,17106-9381,Private      ,8,226,234,34,586,620
00331500,BLOOMSBURG UNIVERSITY OF PA             ,PA,17815-1301,Public       ,3451,842,4293,12228,1897,14125
00331600,CALIFORNIA UNIV OF PENNSYLVANIA         ,PA,15419-1394,Public       ,2349,1878,4227,6036,3518,9554
00331700,CHEYNEY UNIVERSITY OF PENNSYLVANIA      ,PA,19319-0200,Public       ,604,317,921,1927,812,2739
00331800,CLARION UNIVERSITY OF PENNSYLVANIA      ,PA,16214-1232,Public       ,2079,1074,3153,4891,1947,6838
00332000,EAST STROUDSBURG UNIVERSITY             ,PA,18301-2999,Public       ,2066,746,2812,7198,1632,8830
00332100,EDINBORO UNIVERSITY OF PENNSYLVANIA     ,PA,16444-0001,Public       ,1535,946,2481,5649,2378,8027
00332200,KUTZTOWN UNIVERSITY OF PENNSYLVANIA     ,PA,19530-9339,Public       ,2805,783,3588,11119,1950,13069
00332300,LOCK HAVEN UNIV OF PENNSYLVANIA         ,PA,17745-2439,Public       ,1429,455,1884,5765,1224,6989
00332400,MANSFIELD UNIVERSITY                    ,PA,16933-1123,Public       ,881,323,1204,2846,724,3570
00332500,MILLERSVILLE UNIVERSITY OF PA           ,PA,17551-1800,Public       ,2131,910,3041,8434,2199,10633
00332600,SHIPPENSBURG UNIVERSITY                 ,PA,17257-2299,Public       ,2211,599,2810,8167,1476,9643
00332700,SLIPPERY ROCK UNIVERSITY                ,PA,16057-1326,Public       ,3347,1012,4359,8425,1764,10189
00332800,WEST CHESTER UNIVERSITY                 ,PA,19383-0001,Public       ,3493,1632,5125,17312,4218,21530
00332900,PENN STATE UNIVERSITY                   ,PA,16802-1503,Public       ,16870,9054,25924,66073,22382,88455
00335000,UNIVERSITY OF THE ARTS (THE)            ,PA,19102-9493,Private      ,601,220,821,3008,609,3617
00335100,CAIRN UNIVERSITY                        ,PA,19047-2942,Private      ,250,208,458,687,373,1060
00335200,PHILADELPHIA CLG OSTEOPATHIC MED        ,PA,19131-0000,Private      ,9,580,589,43,3272,3315
00335300,UNIVERSITY OF THE SCIENCES IN PHILADELPH,PA,19104-4495,Private      ,326,376,702,3537,1398,4935
00335400,PHILADELPHIA UNIVERSITY                 ,PA,19144-5497,Private      ,946,789,1735,4471,1858,6329
00335600,PITTSBURGH THEOLOGICAL SEMINARY         ,PA,15206-0000,Private      ,3,53,56,5,159,164
00335700,POINT PARK UNIVERSITY                   ,PA,15222-1912,Private      ,844,809,1653,3456,1818,5274
00335800,REFORMED PRESBYTERIAN THEOL SEMINAR     ,PA,15208-0000,Private      ,0,8,8,0,14,14
00335900,ROBERT MORRIS UNIVERSITY                ,PA,15108-1189,Private      ,1615,886,2501,5228,1725,6953
00336000,ROSEMONT COLLEGE                        ,PA,19010-1699,Private      ,181,224,405,714,460,1174
00336200,SETON HILL UNIVERSITY                   ,PA,15601-1599,Private      ,703,403,1106,2214,789,3003
00336400,ST. CHARLES BORROMEO SEMINARY           ,PA,19096-0000,Private      ,18,14,32,38,21,59
00336600,SAINT FRANCIS UNIVERSITY                ,PA,15940-0600,Private      ,618,283,901,2001,632,2633
00336700,SAINT JOSEPH'S UNIVERSITY               ,PA,19131-1395,Private      ,1194,1308,2502,7324,2658,9982
00336800,ST VINCENT COLLEGE                      ,PA,15650-2690,Private      ,693,128,821,2103,242,2345
00336900,SUSQUEHANNA UNIVERSITY                  ,PA,17870-1001,Private      ,473,43,516,3191,110,3301
00337000,SWARTHMORE COLLEGE                      ,PA,19081-1397,Private      ,380,30,410,3794,109,3903
00337100,TEMPLE UNIVERSITY                       ,PA,19122-6003,Private      ,4055,4711,8766,34084,18414,52498
00337600,THIEL COLLEGE                           ,PA,16125-2181,Private      ,491,57,548,1871,141,2012
00337800,UNIVERSITY OF PENNSYLVANIA              ,PA,19104-6216,Private      ,2569,3238,5807,20912,11490,32402
00337900,UNIVERSITY OF PITTSBURGH                ,PA,15260-0000,Public       ,5659,3288,8947,29482,9046,38528
00337906,UNIVERSITY OF PITTSBURGH - SCHOOL OF MED,PA,15261-0001,Public       ,48,313,361,187,983,1170
00337907,UNIVERSITY OF PITTSBURGH - SCHOOL OF DEN,PA,15261-2523,Public       ,26,199,225,81,382,463
00338400,UNIVERSITY OF SCRANTON                  ,PA,18510-4622,Private      ,1328,613,1941,7626,1238,8864
00338500,URSINUS COLLEGE                         ,PA,19426-1000,Private      ,533,37,570,3016,103,3119
00338600,VALLEY FORGE MILITARY COLLEGE           ,PA,19087-3695,Private      ,127,24,151,429,57,486
00338800,VILLANOVA UNIVERSITY                    ,PA,19085-1699,Private      ,1483,1029,2512,12178,2334,14512
00338801,VILLANOVA UNIV SCH OF LAW               ,PA,19085-0000,Private      ,6,238,244,30,956,986
00338900,WASHINGTON & JEFFERSON COLLEGE          ,PA,15301-4801,Private      ,420,32,452,2557,89,2646
00339100,WAYNESBURG UNIVERSITY                   ,PA,15370-1222,Private      ,609,317,926,2070,587,2657
00339200,WESTMINSTER COLLEGE                     ,PA,16172-0002,Private      ,579,46,625,2305,101,2406
00339300,WESTMINSTER THEOLOGICAL SEMINARY        ,PA,19038-0000,Private      ,1,173,174,3,291,294
00339400,WILKES UNIVERSITY                       ,PA,18766-0998,Private      ,829,491,1320,3446,1030,4476
00339500,PENNSYLVANIA COLLEGE OF TECHNOLOGY      ,PA,17701-5779,Public       ,2250,1000,3250,4991,1886,6877
00339600,WILSON COLLEGE                          ,PA,17201-1285,Private      ,100,143,243,381,311,692
00339900,YORK COLLEGE OF PENNSYLVANIA            ,PA,17405-7199,Private      ,1581,493,2074,8654,1178,9832
00398600,DESALES UNIVERSITY                      ,PA,18034-9568,Private      ,610,648,1258,2696,1344,4040
00398700,LA ROCHE COLLEGE                        ,PA,15237-5898,Private      ,489,257,746,1177,510,1687
00398800,NEUMANN UNIVERSITY                      ,PA,19014-1298,Private      ,893,492,1385,3044,1110,4154
00405800,GRATZ COLLEGE                           ,PA,19027-3097,Private      ,2,42,44,2,76,78
00445200,MONTGOMERY COUNTY COMMUNITY COLLEGE     ,PA,19422-6300,Public       ,2204,2242,4446,4521,4429,8950
00488900,CAMBRIA-ROWE BUSINESS COLLEGE           ,PA,15902-2494,Proprietary  ,58,74,132,124,213,337
00488901,CAMBRIA ROWE BUSINESS COLLEGE - INDIANA ,PA,15701-2804,Proprietary  ,7,13,20,7,13,20
00489000,CENTRAL PENNSYLVANIA COLLEGE            ,PA,17093-0309,Proprietary  ,359,644,1003,1039,1293,2332
00489300,DU BOIS BUSINESS COLLEGE                ,PA,15801-2401,Proprietary  ,62,105,167,126,201,327
00489400,ERIE BUSINESS CENTER                    ,PA,16501-1305,Proprietary  ,26,134,160,71,278,349
00489401,ERIE BUSINESS CENTER - NEW CASTLE CAMPUS,PA,16101-3950,Proprietary  ,15,57,72,29,83,112
00489800,MCCANN SCHOOL OF BUSINESS & TECHNOL     ,PA,17901-1335,Proprietary  ,753,2561,3314,1212,4201,5413
00489807,MCCANN SCHOOL OF BUSINESS & TECHNOLOGY -,PA,17013-3180,Proprietary  ,16,45,61,41,106,147
00489900,MERCY HOSP SCH OF NURSING               ,PA,15219-5166,Private      ,87,128,215,155,226,381
00490100,NEWPORT BUSINESS INSTITUTE              ,PA,15068-3929,Proprietary  ,15,32,47,22,57,79
00490200,PENN COMMERCIAL BUSINESS/TECHNICAL SCHL ,PA,15301-2871,Proprietary  ,110,181,291,164,247,411
00491000,KAPLAN CAREER INSTITUTE                 ,PA,17111-3571,Proprietary  ,91,281,372,169,552,721
00491001,THOMPSON INSTITUTE-PHILADEPHIA CAMPUS   ,PA,19104-3386,Proprietary  ,161,356,517,222,540,762
00491400,NEWPORT BUSINESS INSTITUTE              ,PA,17701-5855,Proprietary  ,5,40,45,9,77,86
00500701,WEST VIRGINIA CAREER INSTITUTE          ,PA,15456-0000,Proprietary  ,31,58,89,52,93,145
00531000,PITTSBURGH INST OF AERONAUTICS          ,PA,15236-0000,Private      ,161,110,271,311,198,509
00533000,FAYETTE CNTY AREA VOC TECH PRC NRSG     ,PA,15401-0000,Public       ,20,53,73,33,91,124
00533500,CENTRAL PENN INST OF SCI & TECH PNP     ,PA,16823-0000,Public       ,66,94,160,130,156,286
00536500,YORK CO AREA VOC-TECH SCH-PRAC NSG      ,PA,17402-0000,Public       ,20,109,129,44,212,256
00653400,CITIZENS SCHOOL OF NURSING              ,PA,15068-6591,Private      ,58,95,153,102,165,267
00653700,CONEMAUGH VLY MEM HOSP SCH NRSNG        ,PA,15905-4398,Private      ,62,72,134,119,113,232
00653702,CONEMAUGH HOSP- SCH HISTOTECHNOLOGY     ,PA,15905-0000,Private      ,1,4,5,5,7,12
00653704,CONEMAUGH VLY MEM HOSP SCH RAD TECH     ,PA,15905-0000,Private      ,13,10,23,32,17,49
00653706,CONEMAUGH VLY MEM HOSP SCH  MED TECH    ,PA,15905-4398,Private      ,4,6,10,13,13,26
00655100,ST MARGARET SCHL OF NURSING             ,PA,15238-3205,Private      ,57,122,179,104,209,313
00656000,OHIO VALLEY HOSP SCH OF NURSING         ,PA,15136-1694,Private      ,6,24,30,20,41,61
00656500,READING HOSPITAL SCHOOL OF HEALTH SCIENC,PA,19611-1744,Private      ,105,249,354,259,436,695
00657400,"ST LUKE'S HOSPITAL OF BETHLEHEM, PA     ",PA,18015-1065,Private      ,36,118,154,88,215,303
00657600,SEWICKLEY VALLEY HOSP SCH NRSNG         ,PA,15143-1498,Private      ,12,28,40,25,59,84
00657700,UPMC SHADYSIDE SCHOOL OF NURSING        ,PA,15232-1381,Private      ,109,224,333,195,384,579
00657800,SHARON REGIONAL SCHOOL OF NURSING       ,PA,16146-3395,Private      ,6,19,25,24,50,74
00658200,WASHINGTON HOSP SCH OF NURSING          ,PA,15301-3398,Private      ,28,49,77,38,84,122
00658202,WASHINGTON HOSP SCH OF RAD TECH         ,PA,15301-3398,Private      ,6,8,14,15,18,33
00658300,WESTERN PENN HOSP-SCH OF NURSING        ,PA,15224-1790,Private      ,71,113,184,129,189,318
00680700,COMMUNITY COLLEGE OF BEAVER COUNTY      ,PA,15061-2588,Public       ,509,579,1088,1031,1004,2035
00681000,LEHIGH CARBON COMMUNITY COLLEGE         ,PA,18078-2598,Public       ,1561,1687,3248,2912,3129,6041
00681100,LUZERNE COUNTY COMMUNITY COLLEGE        ,PA,18634-3899,Public       ,1491,1585,3076,2744,2933,5677
00708700,ABINGTON MEM HOSP SCHL OF NURSING       ,PA,19090-1284,Private      ,38,119,157,118,337,455
00709100,EVEREST INSTITUTE                       ,PA,15222-1320,Proprietary  ,104,399,503,153,582,735
00711000,DELAWARE COUNTY COMMUNITY COLLEGE       ,PA,19063-1094,Public       ,2730,3188,5918,5338,6511,11849
00719100,NORTHAMPTON COMMUNITY COLLEGE           ,PA,18020-7599,Public       ,2366,2122,4488,5782,5136,10918
00730305,LINCOLN TECHNICAL INSTITUTE - PHILADELPH,PA,19136-1530,Proprietary  ,134,178,312,250,304,554
00732955,ITT TECHNICAL INSTITUTE                 ,PA,19406-1212,Proprietary  ,110,266,376,186,428,614
00743000,ANTONELLI INST OF ART & PHOTOGRAPHY     ,PA,19038-8242,Proprietary  ,92,22,114,223,51,274
00743600,KAPLAN CAREER INSTITUTE - ICM CAMPUS    ,PA,15222-1977,Proprietary  ,122,370,492,195,635,830
00743700,PITTSBURGH TECHNICAL INSTITUTE          ,PA,15071-3205,Proprietary  ,821,390,1211,1997,892,2889
00746900,"HUSSIAN SCHOOL OF ART, INC.             ",PA,19106-0000,Proprietary  ,47,17,64,101,26,127
00747000,"ART INSTITUTE OF PITTSBURGH, THE        ",PA,15219-1328,Proprietary  ,1360,5855,7215,2897,9057,11954
00752900,"CHESTER COUNTY INTERMEDIATE UNIT, PNP   ",PA,19335-3043,Public       ,13,41,54,24,102,126
00775900,LINCOLN TECHNICAL INSTITUTE             ,PA,18104-3298,Proprietary  ,124,320,444,203,480,683
00777900,LANSDALE SCHOOL OF BUSINESS             ,PA,19454-4114,Proprietary  ,52,183,235,77,307,384
00778000,NEW CASTLE SCHOOL OF TRADES             ,PA,16143-0000,Proprietary  ,157,370,527,230,476,706
00778100,CHI INSTITUTE/RETS CAMPUS               ,PA,19008-3516,Proprietary  ,63,198,261,76,285,361
00783900,TRIANGLE TECH                           ,PA,15214-3897,Proprietary  ,107,163,270,165,266,431
00791200,THADDEUS STEVENS CLG OF TECHNOLOGY      ,PA,17602-0000,Public       ,464,180,644,1285,505,1790
00791600,FRANKLIN CNTY CAREER & TECH CTR-PNP     ,PA,17201-0000,Public       ,13,47,60,22,89,111
00820000,JAMESON MEMORIAL HOSP SCH NURSING       ,PA,16105-2595,Private      ,20,44,64,41,86,127
00835000,ART INSTITUTE OF PHILADELPHIA           ,PA,19103-5198,Proprietary  ,882,807,1689,2472,1981,4453
00844100,ANTHEM INSTITUTE                        ,PA,19064-1243,Proprietary  ,20,75,95,65,192,257
00856800,VET TECH INSTITUTE                      ,PA,15222-3400,Proprietary  ,153,78,231,340,164,504
00865300,JEFFERSON CO DUBOIS VOC TECH-PR NSG     ,PA,15851-0000,Public       ,11,20,31,15,41,56
00895500,PRUONTOS HAIR DESIGN INSTITUTE          ,PA,16602-0000,Proprietary  ,7,12,19,19,20,39
00915705,WYOMING TECHNICAL INSTITUTE - BLAIRSVILL,PA,15717-8060,Proprietary  ,454,399,853,884,663,1547
00918600,DEAN INSTITUTE OF TECHNOLOGY            ,PA,15226-1197,Proprietary  ,23,84,107,33,121,154
00944900,PENNCO TECH                             ,PA,19007-0000,Proprietary  ,111,206,317,147,315,462
00966400,EMPIRE BEAUTY SCHOOL                    ,PA,18052-5730,Proprietary  ,92,214,306,138,303,441
00966500,EMPIRE BEAUTY SCHOOL                    ,PA,17109-2210,Proprietary  ,35,86,121,68,149,217
00966600,EMPIRE BEAUTY SCHOOL                    ,PA,19605-2803,Proprietary  ,68,123,191,94,190,284
00972100,BRADFORD SCHOOL                         ,PA,15219-2602,Proprietary  ,208,71,279,550,155,705
00972300,ARIA HEALTH SCHOOL OF NURSING           ,PA,19053-6939,Private      ,57,169,226,145,334,479
00978300,GORDON PHILLIPS SCH OF BEAUTY CULT      ,PA,19135-0000,Proprietary  ,88,160,248,140,254,394
00986300,LANCASTER GENERAL COLLEGE OF NURSING AND,PA,17602-4955,Private      ,266,475,741,637,1015,1652
01000600,GREATER JOHNSTOWN AREA VOC TECH SCH     ,PA,15904-0000,Public       ,37,88,125,64,156,220
01005500,CRAWFORD CNTY AREA VO-TECH PRAC NUR     ,PA,16335-0000,Public       ,14,24,38,17,33,50
01017600,WESTMORELAND COUNTY COMMUNITY CLG       ,PA,15697-1895,Public       ,1372,1323,2695,2304,2409,4713
01038800,READING AREA COMMUNITY COLLEGE          ,PA,19603-1706,Public       ,964,1564,2528,1724,2818,4542
01054100,EMPIRE BEAUTY SCHOOL                    ,PA,15146-2229,Proprietary  ,72,116,188,96,177,273
01054200,EMPIRE BEAUTY SCHOOL                    ,PA,18701-0000,Proprietary  ,86,127,213,137,186,323
01054300,EMPIRE BEAUTY SCHOOL                    ,PA,17701-3914,Proprietary  ,41,78,119,59,120,179
01081400,PITTSBURGH INST MORTUARY SCIENCE        ,PA,15206-3706,Private      ,36,77,113,97,189,286
01086000,GREATER ALTOONA CAREER/TECH CENTER      ,PA,16602-0000,Public       ,54,106,160,110,191,301
01096300,GREENE COUNTY VOC-TECH SCHOOL           ,PA,15370-0000,Public       ,11,21,32,14,33,47
01097000,EMPIRE BEAUTY SCHOOL                    ,PA,17042-5209,Proprietary  ,12,19,31,25,36,61
01099800,PENNSYLVANIA INSTITUTE OF TECH          ,PA,19063-4098,Private      ,167,275,442,343,525,868
01102000,EMPIRE BEAUTY SCHOOL                    ,PA,17604-4335,Proprietary  ,72,148,220,103,193,296
01102100,EMPIRE BEAUTY SCHOOL                    ,PA,17402-2862,Proprietary  ,66,126,192,105,193,298
01162100,AUTOMOTIVE TRAINING CENTER              ,PA,19341-1310,Proprietary  ,354,186,540,746,316,1062
01162200,WELDER TRAINING & TESTING INST          ,PA,18109-3253,Proprietary  ,22,33,55,29,67,96
01163800,EMPIRE BEAUTY SCHOOL                    ,PA,17876-0000,Proprietary  ,18,17,35,24,28,52
01171500,SCHUYLKILL HEALTH SCHOOL OF NURSING     ,PA,17901-3692,Private      ,21,31,52,69,57,126
01191900,BEAVER FALLS BEAUTY ACADEMY             ,PA,15010-4208,Proprietary  ,6,19,25,11,27,38
01205000,ROSEDALE TECHNICAL INSTITUTE            ,PA,15205-9791,Private      ,142,120,262,239,254,493
01239300,THOMAS JEFF UNIV-CLG ALLIED HEALTH      ,PA,19107-0000,Private      ,91,367,458,331,1306,1637
01239301,THOMAS JEFFERSON UNIVERSITY - JEFFERSON ,PA,19107-5001,Private      ,121,727,848,402,2472,2874
01239303,THOMAS JEFFERSON UNIVERSITY - COLLEGE OF,PA,19107-6731,Private      ,69,320,389,222,855,1077
01246104,LINCOLN TECHNICAL INSTITUTE             ,PA,19104-0202,Proprietary  ,121,217,338,226,392,618
01246105,LINCOLN TECHNICAL INSTITUTE             ,PA,19116-4202,Proprietary  ,100,196,296,184,364,548
01252300,TALMUDICAL YESHIVA OF PHILA             ,PA,19131-1296,Private      ,17,2,19,17,4,21
01260500,EMPIRE BEAUTY SCHOOL                    ,PA,17331-2405,Proprietary  ,32,75,107,51,133,184
01260600,EMPIRE BEAUTY SCHOOL                    ,PA,17901-3859,Proprietary  ,93,201,294,123,341,464
01260700,EMPIRE BEAUTY SCHOOL                    ,PA,16801-5218,Proprietary  ,22,21,43,34,32,66
01292900,SOUTH HILLS BEAUTY ACADEMY              ,PA,15216-2335,Proprietary  ,30,41,71,37,72,109
01301500,GORDON PHILLIPS SCH BEAUTY CULTURE      ,PA,19102-2701,Proprietary  ,112,218,330,150,359,509
01313400,YESHIVATH BETH MOSHE                    ,PA,18505-2196,Private      ,4,4,8,7,7,14
01321400,ROXBOROUGH MEM HOSP SCH OF NURSING      ,PA,19128-0000,Proprietary  ,31,122,153,85,298,383
01326300,SOUTH HILLS SCHOOL OF BUSINESS & TECHNOL,PA,16801-4516,Proprietary  ,292,221,513,517,388,905
02061000,VENUS BEAUTY ACADEMY                    ,PA,19079-0000,Proprietary  ,24,16,40,30,36,66
02068300,DOUGLAS SCHOOL OF BUSINESS              ,PA,15062-0000,Proprietary  ,116,84,200,217,164,381
02090200,TRIANGLE TECH                           ,PA,16502-0000,Proprietary  ,54,28,82,97,73,170
02092500,LAUREL TECHNICAL INSTITUTE              ,PA,16146-0000,Proprietary  ,74,121,195,124,208,332
02092502,BUSINESS INSTITUTE OF PENNSYLVANIA      ,PA,16335-0000,Proprietary  ,2,8,10,7,19,26
02104003,HARRIS SCHOOL OF BUSINESS - UPPER DARBY ,PA,19082-2528,Proprietary  ,12,12,24,20,25,45
02107300,PENNSYLVANIA ACADEMY OF FINE ARTS       ,PA,19102-1424,Private      ,56,79,135,278,287,565
02112200,GREAT LAKES INSTITUTE OF TECHNOLOGY     ,PA,16509-0000,Proprietary  ,159,184,343,305,312,617
02114200,JOHNSON COLLEGE                         ,PA,18508-0000,Private      ,247,165,412,459,253,712
02116001,SANFORD-BROWN INSTITUTE - TREVOSE       ,PA,19053-4700,Proprietary  ,26,53,79,54,122,176
02118000,LEVITTOWN BEAUTY ACADEMY LLC            ,PA,19054-1713,Proprietary  ,8,6,14,15,13,28
02119300,PA ACAD OF COSMETOLOGY ARTS & SCI       ,PA,15904-0000,Proprietary  ,22,17,39,35,43,78
02120800,"YORKTOWNE BUSINESS INSTITUTE, INC.      ",PA,17404-0000,Proprietary  ,50,115,165,78,220,298
02127400,YORK TECHNICAL INSTITUTE                ,PA,17402-0000,Proprietary  ,538,567,1105,955,1216,2171
02129000,TRIANGLE TECH                           ,PA,15601-0000,Proprietary  ,135,85,220,204,173,377
02129001,TRIANGLE TECH - BUSINESS CAREERS INSTITU,PA,15601-3304,Proprietary  ,4,2,6,7,9,16
02144000,"VISION ACADEMY, THE                     ",PA,18103-0000,Proprietary  ,21,52,73,24,68,92
02149000,EMPIRE BEAUTY SCHOOL                    ,PA,19341-2804,Proprietary  ,80,122,202,124,191,315
02151500,CENTRAL SUSQUEHANNA LPN CENTER          ,PA,17837-8818,Public       ,29,67,96,50,136,186
02153500,OAKBRIDGE ACADEMY OF ARTS               ,PA,15068-0000,Proprietary  ,41,7,48,64,12,76
02158300,JUNIATA-MIFFLIN CO AREA VOC TECH        ,PA,17044-0000,Public       ,6,27,33,12,42,54
02161400,NORTHEASTERN HOSP SCH OF NRSG           ,PA,19134-0000,Private      ,28,99,127,71,231,302
02169600,CLEARFIELD CTY CAREER AND TECH CNTR     ,PA,16830-0000,Public       ,23,53,76,42,100,142
02174400,TRIANGLE TECH                           ,PA,15801-0000,Proprietary  ,139,66,205,251,153,404
02178900,ACADEMY OF HAIR DESIGN                  ,PA,18202-1465,Proprietary  ,58,112,170,62,133,195
02183000,ORLEANS TECHNICAL INSTITUTE             ,PA,19111-0000,Private      ,76,213,289,142,423,565
02192800,WALNUT HILL COLLEGE                     ,PA,19104-0000,Proprietary  ,179,143,322,461,303,764
02202300,SANFORD-BROWN INSTITUTE                 ,PA,15219-1907,Proprietary  ,98,241,339,155,482,637
02202301,SANFORD-BROWN INSTITUTE                 ,PA,15146-2141,Proprietary  ,20,50,70,37,106,143
02203900,ERIE INSTITUTE OF TECHNOLOGY            ,PA,16565-1002,Proprietary  ,86,97,183,170,189,359
02206200,"VISION ACADEMY, THE                     ",PA,19002-0000,Proprietary  ,20,37,57,28,44,72
02206300,STROUDSBURG SCHOOL OF COSMETOLOGY       ,PA,18360-0000,Proprietary  ,20,19,39,31,24,55
02212700,LANCASTER SCHOOL OF COSMETOLOGY         ,PA,17602-0000,Proprietary  ,22,48,70,31,82,113
02234200,ACADEMY OF MEDICAL ARTS & BUSINESS      ,PA,17112-0000,Proprietary  ,150,241,391,195,317,512
02251200,SCHUYLKILL COUNTY AREA VOC TECH SCH     ,PA,17931-0000,Public       ,6,45,51,13,77,90
02251202,SCHUYLKILL COUNTY AREA VOC TECH SCH     ,PA,17931-0000,Public       ,1,10,11,2,15,17
02253900,BERKS TECHNICAL INSTITUTE               ,PA,19610-0000,Proprietary  ,346,364,710,637,746,1383
02255200,PENNSYLVANIA SCHOOL OF BUSINESS         ,PA,18101-1604,Proprietary  ,29,165,194,70,352,422
02269900,PENNSYLVANIA COLLEGE OF ART & DESIGN    ,PA,17603-3528,Private      ,150,36,186,402,87,489
02270500,BUCKS COUNTY SCHOOL OF BEAUTY CULT      ,PA,19053-0000,Proprietary  ,16,22,38,31,34,65
02273400,RECONSTRUCTIONIST RABBINICAL COLLEG     ,PA,19095-0000,Private      ,0,19,19,0,35,35
02276600,HANOVER PUBLIC SCH DIST PRAC NURSG      ,PA,17331-0000,Public       ,8,24,32,10,43,53
02282500,LENAPE SCHOOL OF PRACTICAL NURSING      ,PA,16226-0000,Public       ,19,33,52,30,92,122
02288800,EMPIRE BEAUTY SCHOOL                    ,PA,18974-4508,Proprietary  ,64,156,220,101,236,337
02289500,PACE INSTITUTE                          ,PA,19601-0000,Proprietary  ,26,59,85,38,129,167
02289600,CONSOLIDATED SCHOOL OF BUSINESS         ,PA,17404-0000,Proprietary  ,23,76,99,39,129,168
02289700,ACADEMY OF CREATIVE HAIR DESIGN         ,PA,18702-0000,Proprietary  ,34,59,93,49,86,135
02289800,CHI INSTITUTE - FRANKLIN MILLS          ,PA,19154-0000,Proprietary  ,173,394,567,270,572,842
02290400,"ALTOONA BEAUTY SCHOOL, INC              ",PA,16602-0000,Proprietary  ,11,38,49,31,54,85
02292700,LANSDALE SCHOOL OF COSMETOLOGY          ,PA,19446-0000,Proprietary  ,12,11,23,15,26,41
02299300,TRINITY EPISCOPAL SCHOOL MINISTRY       ,PA,15003-0000,Private      ,1,56,57,1,85,86
02301300,PRISM CAREER INSTITUTE                  ,PA,19082-2448,Proprietary  ,68,185,253,112,409,521
02304400,YTI CAREER INSTITUTE - MECHANICSBURG    ,PA,17055-0000,Proprietary  ,54,54,108,96,110,206
02306200,VENANGO COUNTY AREA VOC TECH SCHOOL     ,PA,16301-0000,Public       ,18,44,62,29,74,103
02310800,LANCASTER COUNTY CAREER & TECH CTR      ,PA,17584-0000,Public       ,70,195,265,131,353,484
02323000,BIBLICAL THEOLOGICAL SEMINARY           ,PA,19440-2421,Private      ,0,32,32,1,61,62
02330300,LEBANON CO CAREER & TECHNOLOGY CTR      ,PA,17042-0000,Public       ,25,98,123,40,173,213
02330600,PENNSYLVANIA GUNSMITH SCHOOL            ,PA,15202-0000,Proprietary  ,30,42,72,76,76,152
02350100,WESTERN AREA CAREER & TECHNOLOGY CT     ,PA,15317-0000,Public       ,13,63,76,22,80,102
02350200,INDIANA COUNTY TECH CTR SCH PR NSG      ,PA,15701-1465,Public       ,25,41,66,42,85,127
02353100,NORTHERN TIER CAREER CENTER             ,PA,18848-0000,Public       ,16,29,45,25,66,91
02362300,MERCER COUNTY AREA VOC TECH SCHOOL      ,PA,16137-0000,Public       ,10,12,22,13,30,43
02492600,EASTERN CTR ARTS AND TECH PR NSG        ,PA,19090-0000,Public       ,8,44,52,19,89,108
02495500,ALL-STATE CAREER SCHOOL                 ,PA,19029-0000,Proprietary  ,88,324,412,152,468,620
02529800,WILKES BARRE AREA CAREER AND TECHNICAL C,PA,18705-0000,Public       ,32,76,108,63,167,230
02536600,COMMONWEALTH TECH INSTIT @ HIRAM G      ,PA,15905-0000,Public       ,113,45,158,170,75,245
02544300,BUTLER BEAUTY SCHOOL                    ,PA,16001-0000,Proprietary  ,16,39,55,26,56,82
02545000,LAWRENCE COUNTY CAREER AND TECHNICAL CEN,PA,16101-0000,Public       ,12,39,51,21,60,81
02546200,LAUREL BUSINESS INSTITUTE               ,PA,15401-0877,Proprietary  ,77,72,149,122,124,246
02550000,CLARION CO AREA VOC-TECH PRAC NRSG      ,PA,16254-4637,Public       ,14,44,58,16,63,79
02554500,HAZLETON AREA CAREER CENTER PRACTICAL NU,PA,18201-0000,Public       ,20,34,54,35,66,101
02557800,ART INSTITUTE OF YORK (THE) - PENNSYLVAN,PA,17402-9012,Proprietary  ,243,137,380,554,251,805
02566400,ALBERT EINSTEIN MED CTR DEPT DNTL       ,PA,19141-3098,Private      ,13,46,59,28,93,121
02574800,PENNSYLVANIA INSTITUTE OF TAXIDERMY     ,PA,15931-0000,Proprietary  ,5,3,8,13,11,24
02609500,CAREER TRAINING ACADEMY                 ,PA,15068-6308,Proprietary  ,42,102,144,60,136,196
02609501,CAREER TRAINING ACADEMY                 ,PA,15146-0000,Proprietary  ,11,22,33,17,38,55
02616100,JEAN MADELINE ED CTR FOR COSM           ,PA,19147-1542,Proprietary  ,127,134,261,228,247,475
03006800,LE CORDON BLEU INSTITUTE OF CULINARY ART,PA,15222-3511,Proprietary  ,0,0,0,29,27,56
03010800,FORTIS INSTITUTE                        ,PA,16506-1013,Proprietary  ,292,760,1052,554,1511,2065
03011500,FORTIS INSTITUTE                        ,PA,18702-0000,Proprietary  ,31,76,107,54,145,199
03011600,FORTIS INSTITUTE                        ,PA,18509-2903,Proprietary  ,94,186,280,150,324,474
03029900,CONSOLIDATED SCHOOL OF BUSINESS         ,PA,17603-2389,Proprietary  ,38,66,104,48,115,163
03067000,ANTONELLI MEDICAL & PROF INST           ,PA,19464-9244,Proprietary  ,18,54,72,28,78,106
03072600,DCI CAREER INSTITUTE                    ,PA,15061-2307,Proprietary  ,13,27,40,28,63,91
03081900,YTI CAREER INSTITUTE - ALTOONA          ,PA,16602-4457,Proprietary  ,119,142,261,211,262,473
03090800,LAKE ERIE COLL OF OSTEOPATHIC MED       ,PA,16509-0000,Private      ,15,1570,1585,67,3805,3872
03098600,CAREER TECH CTR OF LACKAWANNA CNTY      ,PA,18508-0000,Public       ,36,89,125,77,168,245
03101400,FORBES ROAD CAREER & TECHNOLOGY CTR     ,PA,15146-1550,Public       ,4,11,15,6,19,25
03101500,BIDWELL TRAINING CENTER                 ,PA,15233-2233,Private      ,15,40,55,26,74,100
03103300,JNA INSTITUTE OF CULINARY ARTS          ,PA,19146-3119,Proprietary  ,37,69,106,79,155,234
03109100,METROPOLITAN CAREER CENTER              ,PA,19144-0000,Private      ,21,63,84,31,113,144
03110700,AVIATION INSTITUTE OF MAINTENANCE       ,PA,19114-1017,Proprietary  ,71,199,270,101,300,401
03120400,REGIONAL CAREER & TECHNICAL CENTER      ,PA,16509-4699,Public       ,7,9,16,16,19,35
03128400,DELAWARE COUNTY TECHNICAL SCHOOL        ,PA,19008-1928,Public       ,15,76,91,36,144,180
03180400,PENNSYLVANIA HIGHLANDS COMMUNITY COLLEGE,PA,15904-2927,Public       ,386,290,676,828,631,1459
03236400,LT INTERNATIONAL BEAUTY SCHOOL          ,PA,19130-2235,Proprietary  ,11,23,34,20,42,62
03353300,ACADEMY OF VOCAL ARTS                   ,PA,19103-6685,Private      ,12,26,38,40,66,106
03380301,STAR CAREER ACADEMY - STAR PHILADELPHIA ,PA,19114-2204,Proprietary  ,139,438,577,221,710,931
03380304,STAR CAREER ACADEMY - STAR NORRISTOWN   ,PA,19403-2422,Proprietary  ,15,86,101,27,145,172
03493302,ALL-STATE CAREER - WEST MIFFLIN CAMPUS  ,PA,15122-0000,Proprietary  ,27,121,148,35,147,182
03535300,HUNTINGDON COUNTY CAREER AND TECHNO     ,PA,17060-0905,Public       ,3,18,21,6,26,32
03561400,SUSQUEHANNA COUNTY CAREER & TECHNOL     ,PA,18816-0100,Public       ,6,33,39,10,51,61
03766300,PENNSYLVANIA SCHOOL OF MUSCLE THERAPY   ,PA,19406-3101,Proprietary  ,29,60,89,40,88,128
03781300,PRINCETON INFORMATION TECHNOLOGY CENTER ,PA,19038-4535,Proprietary  ,13,118,131,22,173,195
03899300,CALVARY BAPTIST THEOLOGICAL SEMINARY    ,PA,19446-4718,Private      ,0,5,5,1,11,12
03923300,PRECISION MANUFACTURING INSTITUTE       ,PA,16335-8380,Private      ,4,5,9,12,16,28
03948300,HARRISBURG UNIVERSITY OF SCIENCE AND TEC,PA,17101-2116,Private      ,178,83,261,810,217,1027
03949300,WON INSTITUTE OF GRADUATE STUDIES       ,PA,19038-4535,Private      ,0,20,20,0,46,46
03950500,NORTHWEST REGIONAL TECHNOLOGY INSTITUTE ,PA,16508-2820,Proprietary  ,11,24,35,19,39,58
03952300,NATIONAL MASSAGE THERAPY INSTITUTE      ,PA,19116-3965,Proprietary  ,40,233,273,76,355,431
04024300,EDUCATION AND TECHNOLOGY INSTITUTE      ,PA,15601-9214,Private      ,6,17,23,13,26,39
04041300,BERKS CAREER & TECHNOLOGY CENTER        ,PA,19533-9112,Public       ,14,20,34,15,29,44
04118000,BYZANTINE CATHOLIC SEMINARY OF SAINTS CY,PA,15214-2229,Private      ,0,3,3,1,7,8
04127500,CAREER DEVELOPMENT & EMPLOYMENT         ,PA,18702-5253,Proprietary  ,2,19,21,5,41,46
04145800,PULSE BEAUTY ACADEMY A PAUL MITCHELL PAR,PA,19335-0000,Proprietary  ,34,32,66,52,52,104
04149800,SOMERSET COUNTY TECHNOLOGY CENTER       ,PA,15501-1444,Public       ,12,36,48,20,73,93
04151700,BELLA CAPELLI ACADEMY                   ,PA,15146-2388,Proprietary  ,29,24,53,43,38,81
04151701,BELLA CAPELLI ACADEMY -                 ,PA,15205-2388,Proprietary  ,32,23,55,54,41,95
04155100,INSTITUTE OF MEDICAL CAREERS            ,PA,15235-3718,Proprietary  ,12,51,63,25,76,101
04158000,METRO BEAUTY ACADEMY                    ,PA,18106-9693,Proprietary  ,44,58,102,61,100,161
04164900,BARONE BEAUTY ACADEMY                   ,PA,17701-5316,Proprietary  ,30,26,56,38,34,72
04167200,COMMONWEALTH MEDICAL COLLEGE (THE)      ,PA,18503-3251,Private      ,5,219,224,12,662,674
04167500,WORLD A CUTS BARBER INSTITUTE           ,PA,17401-1105,Proprietary  ,4,13,17,8,35,43
04175900,LEWISTOWN HOSPITAL SCHOOL OF NURSING    ,PA,17044-1167,Private      ,15,18,33,32,47,79
04209700,NEWCOURTLAND EDUCATION CENTER SCHOOL OF ,PA,19119-2126,Private      ,5,30,35,12,49,61
00153410,EVEREST UNIVERSITY - EVEREST COLLEGE - M,WI,53212-4006,Proprietary  ,23,84,107,62,191,253
00267813,BRYANT & STRATTON COLLEGE - MIL DOWNTOWN,WI,53203-2608,Proprietary  ,312,1006,1318,624,2253,2877
00383200,ALVERNO COLLEGE                         ,WI,53234-3922,Private      ,294,710,1004,1422,2070,3492
00383500,BELOIT COLLEGE                          ,WI,53511-5595,Private      ,185,47,232,1997,114,2111
00383700,CARDINAL STRITCH UNIVERSITY             ,WI,53217-9884,Private      ,221,1442,1663,1163,3126,4289
00383800,CARROLL UNIVERSITY                      ,WI,53186-5593,Private      ,654,328,982,3884,803,4687
00383900,CARTHAGE COLLEGE                        ,WI,53141-0000,Private      ,646,253,899,4821,667,5488
00384000,WESTERN TECHNICAL COLLEGE               ,WI,54601-0908,Public       ,818,915,1733,1644,1600,3244
00384200,CONCORDIA UNIVERSITY WISCONSIN          ,WI,53097-2402,Private      ,600,1692,2292,3216,3444,6660
00384800,EDGEWOOD COLLEGE                        ,WI,53711-1958,Private      ,258,403,661,1848,1120,2968
00385000,SILVER LAKE COLLEGE                     ,WI,54220-9319,Private      ,68,120,188,206,253,459
00385400,LAKELAND COLLEGE                        ,WI,53082-0000,Private      ,217,684,901,1274,1402,2676
00385600,LAWRENCE UNIVERSITY                     ,WI,54912-0599,Private      ,273,39,312,2363,135,2498
00386100,MARIAN UNIVERSITY                       ,WI,54935-4699,Private      ,277,257,534,1384,805,2189
00386300,MARQUETTE UNIVERSITY                    ,WI,53201-1881,Private      ,516,792,1308,16340,4062,20402
00386600,MILWAUKEE AREA TECH COLLEGE             ,WI,53233-1443,Public       ,2410,6040,8450,5382,12367,17749
00386800,MILWAUKEE SCHOOL OF ENGINEERING         ,WI,53202-3109,Private      ,265,226,491,2732,707,3439
00386900,MOUNT MARY COLLEGE                      ,WI,53222-4597,Private      ,133,379,512,752,1142,1894
00387400,NASHOTAH HOUSE                          ,WI,53058-0000,Private      ,1,39,40,1,64,65
00387500,NORTHLAND COLLEGE                       ,WI,54806-3999,Private      ,198,40,238,798,99,897
00388400,RIPON COLLEGE                           ,WI,54971-0248,Private      ,174,18,192,1303,71,1374
00389200,ST. NORBERT COLLEGE                     ,WI,54115-2099,Private      ,299,35,334,2660,111,2771
00389500,UNIVERSITY OF WISCONSIN-MADISON         ,WI,53715-1382,Public       ,5097,3025,8122,25322,9364,34686
00389600,UNIVERSITY OF WISCONSIN-MILWAUKEE       ,WI,53201-3165,Public       ,4144,3895,8039,16836,10612,27448
00389700,UNIVERSITY OF WISCONSIN COLLEGES        ,WI,53708-8680,Public       ,474,611,1085,2555,1574,4129
00389701,UNIVERSITY OF WISCONSIN-BARABOO         ,WI,53913-1098,Public       ,115,66,181,333,148,481
00389702,UNIVERSITY OF WISCONSIN-BARRON          ,WI,54868-2497,Public       ,134,73,207,320,146,466
00389703,UNIVERSITY OF WISCONSIN-FOND DU LAC     ,WI,54935-2998,Public       ,173,124,297,494,231,725
00389704,UNIVERSITY OF WISCONSIN-FOX VALLEY      ,WI,54952-1297,Public       ,371,203,574,1060,405,1465
00389705,UNIVERSITY OF WISCONSIN-MANITOWOC       ,WI,54220-6699,Public       ,143,53,196,327,111,438
00389706,UNIVERSITY OF WISCONSIN-MARATHON        ,WI,54401-5396,Public       ,336,143,479,830,313,1143
00389707,UNIVERSITY OF WISCONSIN-MARINETTE       ,WI,54143-4299,Public       ,80,73,153,263,137,400
00389708,UNIVERSITY OF WISCONSIN-MARSHFIELD      ,WI,54449-3310,Public       ,126,75,201,319,154,473
00389709,UNIVERSITY OF WISCONSIN-RICHLAND        ,WI,53581-1399,Public       ,121,51,172,320,105,425
00389710,UNIVERSITY OF WISCONSIN COLLEGES - ROCK ,WI,53546-5699,Public       ,273,246,519,703,476,1179
00389711,UNIVERSITY OF WISCONSIN-SHEBOYGAN       ,WI,53081-4789,Public       ,163,91,254,445,228,673
00389712,UNIVERSITY OF WISCONSIN-WASHINGTON      ,WI,53095-3699,Public       ,197,102,299,571,198,769
00389713,UNIVERSITY OF WISCONSIN-WAUKESHA        ,WI,53188-2799,Public       ,431,228,659,1265,491,1756
00389900,UNIVERSITY OF WISCONSIN-GREEN BAY       ,WI,54311-7001,Public       ,1040,875,1915,4434,2104,6538
00391100,VITERBO UNIVERSITY                      ,WI,54601-4777,Private      ,198,328,526,1810,1011,2821
00391500,UNIVERSITY OF WISCONSIN-STOUT           ,WI,54751-0790,Public       ,1878,841,2719,5620,1707,7327
00391700,UNIVERSITY OF WISCONSIN-EAU CLAIRE      ,WI,54702-4004,Public       ,2618,724,3342,8776,1542,10318
00391900,UNIVERSITY OF WISCONSIN-LA CROSSE       ,WI,54601-3742,Public       ,1751,509,2260,8586,1485,10071
00392000,UNIVERSITY OF WISCONSIN-OSHKOSH         ,WI,54901-8604,Public       ,2242,1246,3488,8368,2801,11169
00392100,UNIVERSITY OF WISCONSIN-PLATTEVILLE     ,WI,53818-3099,Public       ,1408,516,1924,6877,1401,8278
00392300,UNIVERSITY OF WISCONSIN-RIVER FALLS     ,WI,54022-5013,Public       ,1748,519,2267,4347,982,5329
00392400,UNIVERSITY OF WISCONSIN-STEVENS POINT   ,WI,54481-3871,Public       ,2322,790,3112,7735,1758,9493
00392500,UNIVERSITY OF WISCONSIN-SUPERIOR        ,WI,54880-2898,Public       ,578,497,1075,1423,985,2408
00392600,UNIVERSITY OF WISCONSIN-WHITEWATER      ,WI,53190-1792,Public       ,2114,872,2986,9597,2194,11791
00400700,MADISON AREA TECHNICAL COLLEGE          ,WI,53704-2599,Public       ,1911,3076,4987,4001,5824,9825
00501500,UNIVERSITY OF WISCONSIN-PARKSIDE        ,WI,53141-2000,Public       ,1048,815,1863,3284,1821,5105
00529400,WAUKESHA COUNTY TECHNICAL COLLEGE       ,WI,53072-4696,Public       ,597,1337,1934,1210,2497,3707
00530100,NORTHEAST WISCONSIN TECHNICAL COLLEGE   ,WI,54307-9042,Public       ,1000,1911,2911,2247,3574,5821
00530400,CHIPPEWA VALLEY TECHNICAL COLLEGE       ,WI,54701-6162,Public       ,995,1519,2514,1903,2603,4506
00538000,MID-STATE TECHNICAL COLLEGE             ,WI,54494-5512,Public       ,373,730,1103,720,1297,2017
00538400,NICOLET AREA TECHNICAL COLLEGE          ,WI,54501-0000,Public       ,168,290,458,443,648,1091
00538700,NORTHCENTRAL TECHNICAL COLLEGE          ,WI,54401-1899,Public       ,538,1257,1795,1083,2161,3244
00538900,GATEWAY TECHNICAL COLLEGE               ,WI,53144-1690,Public       ,933,2348,3281,2038,5876,7914
00539000,BLACKHAWK TECHNICAL COLLEGE             ,WI,53547-5009,Public       ,368,1055,1423,747,2025,2772
00663900,BELLIN COLLEGE                          ,WI,54305-0000,Private      ,78,56,134,309,174,483
00732934,ITT TECHNICAL INSTITUTE                 ,WI,53220-4612,Proprietary  ,143,870,1013,210,1111,1321
00766900,SOUTHWEST WISCONSIN TECH COLLEGE        ,WI,53809-0000,Public       ,267,316,583,656,607,1263
00821700,PAUL MITCHELL THE SCHOOL GREEN BAY      ,WI,54324-0257,Proprietary  ,45,34,79,78,79,157
00869405,RASMUSSEN COLLEGE - WAUSAU              ,WI,54401-7804,Proprietary  ,58,315,373,94,616,710
00869414,RASMUSSEN COLLEGE - GREEN BAY           ,WI,54303-2349,Proprietary  ,78,395,473,123,660,783
00869419,RASMUSSEN COLLEGE - APPLETON            ,WI,54915-7305,Proprietary  ,41,251,292,79,445,524
00919400,LAKESHORE TECHNICAL COLLEGE             ,WI,53015-1412,Public       ,291,681,972,625,1264,1889
00925600,MORAINE PARK TECHNICAL COLLEGE          ,WI,54936-0000,Public       ,490,1015,1505,951,2042,2993
00941900,STATE CLG OF BEAUTY CULT-WAUSAU         ,WI,54403-4667,Proprietary  ,19,21,40,31,42,73
00962100,HERZING UNIVERSITY                      ,WI,53718-4236,Proprietary  ,435,3243,3678,827,7019,7846
00974400,FOX VALLEY TECHNICAL COLLEGE            ,WI,54913-0000,Public       ,1250,1973,3223,2656,4070,6726
01091300,MADISON MEDIA INSTITUTE                 ,WI,53718-6787,Proprietary  ,295,220,515,510,401,911
01148400,ADVANCED INSTITUTE OF HAIR DESIGN       ,WI,53225-0000,Proprietary  ,99,102,201,184,198,382
01182400,WISCONSIN INDIANHEAD TECH CLG WITC      ,WI,54871-9300,Public       ,483,992,1475,837,1726,2563
02077100,MILWAUKEE INST OF ART & DESIGN          ,WI,53202-0000,Private      ,227,111,338,1001,284,1285
02078000,SACRED HEART SCHOOL OF THEOLOGY         ,WI,53130-0000,Private      ,0,1,1,0,3,3
02136600,WISCONSIN LUTHERAN COLLEGE              ,WI,53226-0000,Private      ,289,128,417,1231,248,1479
02201803,KAPLAN COLLEGE - MILWAUKEE              ,WI,53212-3939,Proprietary  ,41,178,219,88,405,493
02239204,ANTHEM COLLEGE - BROOKFIELD             ,WI,53005-4207,Proprietary  ,38,159,197,47,206,253
02271300,WI SCH OF PROFESSIONAL PSYCHOLOGY       ,WI,53225-0000,Private      ,8,56,64,24,124,148
02317200,MARANATHA BAPTIST BIBLE COLLEGE         ,WI,53094-0000,Private      ,262,64,326,683,115,798
02324700,EMPIRE BEAUTY SCHOOL                    ,WI,53717-0000,Proprietary  ,31,68,99,58,134,192
02332100,EMPIRE BEAUTY SCHOOL                    ,WI,54220-0000,Proprietary  ,42,111,153,60,167,227
02332101,EMPIRE BEAUTY SCHOOL - APPLETON         ,WI,54914-4644,Proprietary  ,12,15,27,18,35,53
02453500,MEDICAL COLLEGE OF WISCONSIN            ,WI,53226-0000,Private      ,23,194,217,96,1185,1281
02494300,GILL-TECH ACADEMY OF HAIR DESIGN        ,WI,54911-0000,Proprietary  ,14,20,34,31,46,77
02532200,LAC COURTE OREILLES OJIBWA CMTY CLG     ,WI,54843-0000,Public       ,14,92,106,33,202,235
03061200,MIDWEST COLLEGE OF ORIENTAL MEDICINE    ,WI,53403-9747,Proprietary  ,9,81,90,17,166,183
03077600,EMPIRE BEAUTY SCHOOL                    ,WI,54304-4838,Proprietary  ,37,74,111,64,146,210
03125100,COLLEGE OF MENOMINEE NATION             ,WI,54135-0000,Private      ,43,137,180,76,289,365
03125102,COLLEGE OF  THE MENOMINEE NATION - GREEN,WI,54304-4964,Private      ,23,75,98,41,167,208
03220300,"SALON PROFESSIONAL ACADEMY, THE         ",WI,54701-7633,Proprietary  ,34,32,66,56,59,115
03309300,MONTESSORI INSTITUTE OF MILWAUKEE       ,WI,53207-0000,Private      ,1,14,15,3,31,34
03808300,INSTITUTE OF BEAUTY AND WELLNESS (THE)  ,WI,53202-5715,Proprietary  ,64,87,151,118,160,278
03822300,PAUL MITCHELL THE SCHOOL - MONROE       ,WI,53566-0000,Proprietary  ,13,23,36,21,35,56
03872500,NORTHLAND INTERNATIONAL UNIVERSITY      ,WI,54119-9285,Private      ,122,25,147,288,51,339
03925300,BLUE SKY SCHOOL OF PROFESSIONAL MASSAGE ,WI,53024-9699,Private      ,3,14,17,6,34,40
03925301,BLUE SKY SCHOOL OF PROFESSIONAL MASSAGE ,WI,54115-7407,Private      ,5,14,19,7,33,40
03925303,BLUE SKY SCHOOL OF PROFESSIONAL MASSAGE ,WI,53713-2366,Private      ,3,11,14,9,30,39
04117400,MILWAUKEE CAREER COLLEGE                ,WI,53222-4305,Proprietary  ,79,183,262,170,392,562
04118600,ACADEMY OF COSMETOLOGY                  ,WI,53548-3307,Proprietary  ,22,42,64,31,83,114
04124800,VISIONS IN HAIR DESIGN INSTITUTE OF COSM,WI,53210-1120,Proprietary  ,15,22,37,34,57,91
04132600,WISCONSIN ACADEMY (THE)                 ,WI,54157-1726,Proprietary  ,5,7,12,9,16,25
04137900,BRENSTEN EDUCATION                      ,WI,53186-0000,Proprietary  ,11,85,96,23,158,181
04138200,SALON PROFESSIONAL ACADEMY (THE)        ,WI,54914-3921,Proprietary  ,17,19,36,33,42,75
04157700,SALON PROFESSIONAL ACADEMY (THE)        ,WI,54650-8699,Proprietary  ,29,33,62,44,57,101
04159400,COLUMBIA COLLEGE OF NURSING             ,WI,53211-2952,Private      ,51,89,140,144,240,384
04165300,ACADEMY WAUKESHA (THE)                  ,WI,53072-5524,Proprietary  ,33,37,70,56,70,126
04179200,ADVANCED COLLEGE OF COSMETOLOGY         ,WI,53963-0000,Proprietary  ,16,13,29,26,17,43
04182100,FIRST CLASS COSMETOLOGY SCHOOL          ,WI,52511-0000,Proprietary  ,16,24,40,26,38,64
04183600,SALON PROFESSIONAL ACADEMY OF KENOSHA (T,WI,53142-4950,Proprietary  ,23,64,87,56,118,174
04193800,SHEPHERDS COLLEGE                       ,WI,53182-1527,Private      ,14,9,23,23,17,40
04202800,PANACHE ACADEMY OF BEAUTY               ,WI,53913-2596,Proprietary  ,6,15,21,16,30,46
00290500,NORTH CAROLINA A&T STATE UNIV           ,NC,27411-0001,Public       ,3363,2435,5798,14999,6207,21206
00290600,APPALACHIAN STATE UNIVERSITY            ,NC,28608-2059,Public       ,3168,1574,4742,16782,4161,20943
00290700,UNIVERSITY OF NC AT ASHEVILLE           ,NC,28804-3299,Public       ,772,636,1408,4284,1722,6006
00290800,BARTON COLLEGE                          ,NC,27893-3104,Private      ,378,301,679,1531,705,2236
00291000,BELMONT ABBEY COLLEGE                   ,NC,28012-1802,Private      ,331,453,784,1346,979,2325
00291100,BENNETT COLLEGE                         ,NC,27401-3239,Private      ,259,175,434,1224,469,1693
00291200,BREVARD COLLEGE                         ,NC,28712-3306,Private      ,346,83,429,1208,187,1395
00291300,CAMPBELL UNIVERSITY                     ,NC,27506-0036,Private      ,1070,1325,2395,5496,3272,8768
00291400,CATAWBA COLLEGE                         ,NC,28144-2488,Private      ,335,208,543,1833,586,2419
00291500,CENTRAL PIEDMONT COMMUNITY COLLEGE      ,NC,28204-2297,Public       ,3987,7537,11524,8163,13838,22001
00291600,CHOWAN UNIVERSITY                       ,NC,27855-1850,Private      ,429,136,565,2029,374,2403
00291700,COLLEGE OF THE ALBEMARLE                ,NC,27909-2327,Public       ,380,581,961,773,1175,1948
00291800,DAVIDSON COLLEGE                        ,NC,28035-7157,Private      ,403,79,482,3243,208,3451
00291900,DAVIDSON COUNTY COMMUNITY COLLEGE       ,NC,27293-0000,Public       ,860,1865,2725,1597,3617,5214
00292000,DUKE UNIVERSITY                         ,NC,27708-0397,Private      ,1685,626,2311,18637,2020,20657
00292001,DUKE UNIV - SCHOOL OF MEDICINE          ,NC,27710-0000,Private      ,50,357,407,197,1063,1260
00292002,DUKE UNIV - SCHOOL OF LAW               ,NC,27708-0000,Private      ,23,191,214,75,1998,2073
00292003,DUKE UNIV - GRAD SCH ARTS & SCIENCE     ,NC,27708-0000,Private      ,20,172,192,137,722,859
00292004,DUKE UNIV - FUQUA SCH OF BUSINESS       ,NC,27708-0000,Private      ,17,387,404,97,991,1088
00292005,DUKE UNIV/NICHOLAS SCH OF ENVIRON.      ,NC,27708-0000,Private      ,7,89,96,44,363,407
00292006,DUKE UNIV - DIVINITY SCHOOL             ,NC,27708-0000,Private      ,36,303,339,337,732,1069
00292007,DUKE UNIV - SCHOOL OF NURSING           ,NC,27710-0000,Private      ,55,476,531,214,1168,1382
00292010,DUKE UNIVERSITY - SCHOOL OF PUBLIC POLIC,NC,27708-0239,Private      ,15,46,61,53,249,302
00292300,EAST CAROLINA UNIVERSITY                ,NC,27858-1818,Public       ,5190,4367,9557,22346,10631,32977
00292600,ELIZABETH CITY STATE UNIVERSITY         ,NC,27909-7806,Public       ,769,435,1204,3351,1256,4607
00292700,ELON UNIVERSITY                         ,NC,27244-2010,Private      ,779,405,1184,7496,1184,8680
00292800,FAYETTEVILLE STATE UNIVERSITY           ,NC,28301-4298,Public       ,1458,2825,4283,4905,6289,11194
00292900,GARDNER-WEBB UNIVERSITY                 ,NC,28017-0000,Private      ,670,1343,2013,3067,2786,5853
00293000,GREENSBORO COLLEGE                      ,NC,27401-1875,Private      ,378,449,827,1872,1095,2967
00293100,GUILFORD COLLEGE                        ,NC,27410-4171,Private      ,550,1048,1598,2952,2466,5418
00293300,HIGH POINT UNIVERSITY                   ,NC,27262-4221,Private      ,818,299,1117,5250,718,5968
00293400,ISOTHERMAL COMMUNITY COLLEGE            ,NC,28160-0804,Public       ,384,687,1071,773,1153,1926
00293500,LAUREL UNIVERSITY                       ,NC,27265-3197,Private      ,20,132,152,43,248,291
00293600,JOHNSON C SMITH UNIVERSITY              ,NC,28216-5398,Private      ,784,605,1389,2814,1482,4296
00293700,KING'S COLLEGE-CHARLOTTE                ,NC,28204-2435,Proprietary  ,323,308,631,811,661,1472
00293900,LEES MCRAE COLLEGE                      ,NC,28604-0000,Private      ,285,154,439,1213,327,1540
00294000,LENOIR COMMUNITY COLLEGE                ,NC,28502-0188,Public       ,397,939,1336,812,1679,2491
00294100,LENOIR-RHYNE UNIVERSITY                 ,NC,28603-0000,Private      ,554,428,982,2882,969,3851
00294200,LIVINGSTONE COLLEGE                     ,NC,28144-5298,Private      ,557,215,772,1374,458,1832
00294300,LOUISBURG COLLEGE                       ,NC,27549-2398,Private      ,413,95,508,1105,214,1319
00294400,MARS HILL COLLEGE                       ,NC,28754-0000,Private      ,399,166,565,2160,437,2597
00294500,MEREDITH COLLEGE                        ,NC,27607-5298,Private      ,444,397,841,2013,915,2928
00294600,METHODIST UNIVERSITY                    ,NC,28311-1420,Private      ,719,809,1528,2597,1642,4239
00294700,MITCHELL COMMUNITY COLLEGE              ,NC,28677-5264,Public       ,477,898,1375,1045,1791,2836
00294800,MONTREAT COLLEGE                        ,NC,28757-1267,Private      ,167,236,403,521,500,1021
00294900,MOUNT OLIVE COLLEGE                     ,NC,28365-1299,Private      ,466,1400,1866,1279,2906,4185
00295000,NORTH CAROLINA CENTRAL UNIVERSITY       ,NC,27707-3198,Public       ,2166,2380,4546,8866,6471,15337
00295100,NORTH CAROLINA WESLEYAN COLLEGE         ,NC,27804-8699,Private      ,285,604,889,1025,1201,2226
00295300,PEACE COLLEGE                           ,NC,27604-1194,Private      ,347,283,630,1309,666,1975
00295400,UNIV OF NORTH CAROLINA AT PEMBROKE      ,NC,28372-1510,Public       ,1688,1666,3354,6125,3480,9605
00295500,PFEIFFER UNIVERSITY                     ,NC,28109-0000,Private      ,253,474,727,1087,1069,2156
00295600,PIEDMONT BAPTIST COLLEGE AND GRADUATE SC,NC,27101-5025,Private      ,73,91,164,152,172,324
00295700,QUEENS UNIVERSITY OF CHARLOTTE          ,NC,28274-0001,Private      ,542,792,1334,2198,1762,3960
00295800,ROCKINGHAM COMMUNITY COLLEGE            ,NC,27375-0000,Public       ,261,546,807,798,1174,1972
00296000,SALEM COLLEGE                           ,NC,27108-0000,Private      ,206,337,543,917,776,1693
00296100,SANDHILLS COMMUNITY COLLEGE             ,NC,28374-8283,Public       ,583,1237,1820,1240,2304,3544
00296200,SHAW UNIVERSITY                         ,NC,27601-2393,Private      ,1075,877,1952,3046,1869,4915
00296300,SOUTHEASTERN BAPTIST THEOL SEMINARY     ,NC,27588-0000,Private      ,20,28,48,20,28,48
00296400,SOUTHEASTERN COMMUNITY COLLEGE          ,NC,28472-5422,Public       ,238,467,705,454,867,1321
00296800,ST AUGUSTINES COLLEGE                   ,NC,27610-2298,Private      ,720,354,1074,2254,861,3115
00297000,SURRY COMMUNITY COLLEGE                 ,NC,27017-0304,Public       ,495,745,1240,1121,1456,2577
00297200,NORTH CAROLINA STATE UNIV-RALEIGH       ,NC,27695-7001,Public       ,3540,3062,6602,27719,9963,37682
00297300,GASTON COLLEGE                          ,NC,28034-1499,Public       ,810,1803,2613,1717,3519,5236
00297400,UNIVERSITY OF N C-CHAPEL HILL           ,NC,27514-0000,Public       ,1667,2538,4205,26481,11860,38341
00297500,UNIVERSITY OF NC AT CHARLOTTE           ,NC,28223-0001,Public       ,4501,4269,8770,24362,11946,36308
00297600,UNIVERSITY OF N C - GREENSBORO          ,NC,27412-0001,Public       ,3351,3436,6787,16856,9571,26427
00297800,WAKE FOREST UNIV - UNDERGRADUATE        ,NC,27109-7246,Private      ,398,141,539,7412,456,7868
00297801,WAKE FOREST UNIV - SCH OF MEDICINE      ,NC,27157-1090,Private      ,35,240,275,131,1100,1231
00297803,WAKE FOREST GRAD SCHOOLS OF BUSINESS    ,NC,27109-7659,Private      ,12,280,292,59,693,752
00297805,WAKE FOREST UNIV - SCH OF LAW           ,NC,27109-7206,Private      ,7,228,235,38,1285,1323
00297806,WAKE FOREST UNIV - GRAD A&S/DIVINITY    ,NC,27109-7246,Private      ,5,200,205,43,596,639
00297900,WARREN WILSON COLLEGE                   ,NC,28815-0000,Private      ,253,115,368,1289,389,1678
00298000,WAYNE COMMUNITY COLLEGE                 ,NC,27533-0000,Public       ,589,1204,1793,1178,2439,3617
00298100,WESTERN CAROLINA UNIVERSITY             ,NC,28723-9731,Public       ,1722,1314,3036,9828,3752,13580
00298200,WESTERN PIEDMONT COMMUNITY COLLEGE      ,NC,28655-4504,Public       ,406,702,1108,819,1323,2142
00298300,WILKES COMMUNITY COLLEGE                ,NC,28697-2100,Public       ,498,674,1172,1010,1179,2189
00298400,UNIVERSITY OF N C-WILMINGTON            ,NC,28403-3297,Public       ,3013,2063,5076,14916,4981,19897
00298500,WINGATE UNIVERSITY                      ,NC,28174-0159,Private      ,877,507,1384,4080,1147,5227
00298600,WINSTON-SALEM STATE UNIVERSITY          ,NC,27102-0000,Public       ,1495,1811,3306,7075,4742,11817
00398100,UNC SCHOOL OF THE ARTS                  ,NC,27127-2188,Public       ,198,139,337,1354,437,1791
00403300,ASHEVILLE BUNCOMBE TECH CMTY CLG        ,NC,28801-4897,Public       ,949,2101,3050,2049,4333,6382
00406200,PITT COMMUNITY COLLEGE                  ,NC,28590-0000,Public       ,1897,3140,5037,3888,5695,9583
00483500,CALDWELL COMMUNITY CLG & TECH INST      ,NC,28638-2626,Public       ,534,1005,1539,1288,2065,3353
00483800,GUILFORD TECHNICAL COMMUNITY CLG        ,NC,27282-0309,Public       ,2135,4692,6827,5638,11910,17548
00484400,WAKE TECHNICAL COMMUNITY COLLEGE        ,NC,27603-5696,Public       ,3694,6754,10448,7876,13235,21111
00484500,WILSON COMMUNITY COLLEGE                ,NC,27893-3310,Public       ,262,717,979,490,1339,1829
00499201,MILLER-MOTTE TECHNICAL COLLEGE - MILLER-,NC,27511-9209,Proprietary  ,46,266,312,80,399,479
00499202,MILLER-MOTTE TECHNICAL COLLEGE - MILLER-,NC,27604-6072,Proprietary  ,153,589,742,278,1061,1339
00499203,MILLER-MOTTE TECHNICAL COLLEGE - FAYETTE,NC,28311-7651,Proprietary  ,163,894,1057,267,1480,1747
00499205,MILLER-MOTTE TECHNICAL COLLEGE - MILLER-,NC,28540-5901,Proprietary  ,45,372,417,79,690,769
00531600,COASTAL CAROLINA COMMUNITY COLLEGE      ,NC,28546-6816,Public       ,499,1665,2164,1149,3242,4391
00531700,FORSYTH TECHNICAL COMMUNITY COLLEGE     ,NC,27103-5197,Public       ,1537,3475,5012,3496,7310,10806
00531800,CATAWBA VALLEY COMMUNITY COLLEGE        ,NC,28602-8302,Public       ,909,1482,2391,2053,2896,4949
00532000,CAPE FEAR COMMUNITY COLLEGE             ,NC,28401-3910,Public       ,1657,2460,4117,3390,4571,7961
00544700,RANDOLPH COMMUNITY COLLEGE              ,NC,27204-1009,Public       ,368,779,1147,942,1886,2828
00544800,DURHAM TECHNICAL CMNTY COLLEGE          ,NC,27703-5023,Public       ,700,2351,3051,1608,4667,6275
00544900,CENTRAL CAROLINA COMMUNITY COLLEGE      ,NC,27330-9000,Public       ,586,1515,2101,1230,2953,4183
00546300,ALAMANCE COMMUNITY COLLEGE              ,NC,27253-0000,Public       ,628,1305,1933,1458,2752,4210
00546400,RICHMOND COMMUNITY COLLEGE              ,NC,28345-4522,Public       ,275,767,1042,553,1436,1989
00575400,ROWAN-CABARRUS COMMUNITY COLLEGE        ,NC,28146-8357,Public       ,801,2010,2811,1573,3659,5232
00647700,CABARRUS COLLEGE OF HEALTH SCIENCES     ,NC,28025-0000,Private      ,122,286,408,329,667,996
00647800,MERCY HOSP SCH OF NURSING               ,NC,28207-0000,Public       ,64,354,418,172,729,901
00648300,WATTS SCHOOL OF NURSING                 ,NC,27704-0000,Private      ,37,155,192,88,330,418
00679900,CRAVEN COMMUNITY COLLEGE                ,NC,28562-0000,Public       ,341,1191,1532,702,2362,3064
00703100,PAMLICO COMMUNITY COLLEGE               ,NC,28529-0000,Public       ,25,106,131,48,194,242
00764000,FAYETTEVILLE TECHNICAL CMTY COLLEGE     ,NC,28303-0236,Public       ,1501,5586,7087,2938,10971,13909
00768700,JAMES SPRUNT COMMUNITY COLLEGE          ,NC,28349-0398,Public       ,149,491,640,291,927,1218
00781400,BROOKSTONE COLLEGE OF BUSINESS          ,NC,28262-1294,Proprietary  ,46,224,270,104,406,510
00781401,BROOKSTONE COLLEGE OF BUSINESS          ,NC,27409-0000,Proprietary  ,33,170,203,71,322,393
00789200,SAMPSON COMMUNITY COLLEGE               ,NC,28328-0000,Public       ,146,461,607,381,994,1375
00798500,SOUTH PIEDMONT COMMUNITY COLLEGE        ,NC,28135-9703,Public       ,365,767,1132,669,1445,2114
00798600,HALIFAX COMMUNITY COLLEGE               ,NC,27890-0089,Public       ,177,444,621,418,792,1210
00798700,BLADEN COMMUNITY COLLEGE                ,NC,28332-0266,Public       ,196,534,730,348,949,1297
00798800,MARTIN COMMUNITY COLLEGE                ,NC,27892-8307,Public       ,133,296,429,239,535,774
00808100,CARTERET COMMUNITY COLLEGE              ,NC,28557-2989,Public       ,211,559,770,447,1121,1568
00808200,CLEVELAND COMMUNITY COLLEGE             ,NC,28150-0000,Public       ,351,907,1258,748,1683,2431
00808300,HAYWOOD COMMUNITY COLLEGE               ,NC,28721-0000,Public       ,225,629,854,461,1151,1612
00808500,MCDOWELL TECHNICAL COMMUNITY CLG        ,NC,28752-8728,Public       ,113,280,393,237,560,797
00808700,MONTGOMERY COMMUNITY COLLEGE            ,NC,27371-0787,Public       ,123,246,369,268,488,756
00846600,SOUTHWESTERN COMMUNITY COLLEGE          ,NC,28779-8581,Public       ,348,715,1063,723,1330,2053
00855700,NASH COMMUNITY COLLEGE                  ,NC,27804-0488,Public       ,451,1114,1565,936,2064,3000
00855800,BEAUFORT COUNTY COMMUNITY COLLEGE       ,NC,27889-7889,Public       ,257,781,1038,502,1380,1882
00861200,ROBESON COMMUNITY COLLEGE               ,NC,28359-2151,Public       ,521,1239,1760,823,2152,2975
00861300,ROANOKE-CHOWAN COMMUNITY COLLEGE        ,NC,27910-9522,Public       ,113,272,385,241,531,772
00885500,EDGECOMBE COMMUNITY COLLEGE             ,NC,27886-9399,Public       ,247,1089,1336,486,2050,2536
00902500,EMPIRE BEAUTY SCHOOL                    ,NC,28105-2508,Proprietary  ,97,197,294,139,299,438
00933600,JOHNSTON COMMUNITY COLLEGE              ,NC,27577-0000,Public       ,641,1525,2166,1309,2773,4082
00943000,TRI-COUNTY COMMUNITY COLLEGE            ,NC,28906-7919,Public       ,133,284,417,278,524,802
00964600,PIEDMONT COMMUNITY COLLEGE              ,NC,27573-1197,Public       ,162,419,581,298,748,1046
00968400,BLUE RIDGE COMMUNITY COLLEGE            ,NC,28731-9624,Public       ,262,529,791,546,1066,1612
00974701,GORDON-CONWELL THEO SEM - CHARLOTTE     ,NC,28273-0000,Private      ,4,102,106,10,207,217
00990300,VANCE-GRANVILLE CMTY COLLEGE            ,NC,27536-0917,Public       ,404,1086,1490,863,1960,2823
01026400,SOUTH COLLEGE                           ,NC,28803-3152,Proprietary  ,52,260,312,103,457,560
01119400,STANLY COMMUNITY COLLEGE                ,NC,28001-7458,Public       ,310,792,1102,622,1549,2171
01119700,MAYLAND COMMUNITY COLLEGE               ,NC,28777-2777,Public       ,135,208,343,289,411,700
01179900,PAUL MITCHELL THE SCHOOL FAYETTEVILLE   ,NC,28303-5364,Proprietary  ,62,172,234,115,349,464
01192600,LEON'S BEAUTY SCHOOL                    ,NC,27403-2812,Proprietary  ,68,117,185,145,270,415
01303918,SOUTH UNIVERSITY - THE ART INSTITUTE OF ,NC,28217-4536,Proprietary  ,491,439,930,1422,1061,2483
02056500,MITCHELL'S HAIR STYLING ACADEMY         ,NC,27893-0000,Proprietary  ,13,32,45,23,54,77
02056501,MITCHELL'S HAIR STYLING ACADEMY - MITCHE,NC,27606-3326,Proprietary  ,37,83,120,80,182,262
02158414,HARRISON COLLEGE - THE CHEF'S ACADEMY - ,NC,27560-0000,Proprietary  ,26,109,135,54,163,217
02170700,BRUNSWICK COMMUNITY COLLEGE             ,NC,28422-0000,Public       ,248,437,685,488,825,1313
02205000,COLLEGE OF WILMINGTON                   ,NC,28403-0000,Proprietary  ,77,214,291,182,386,568
02210400,FAYETTEVILLE BEAUTY COLLEGE             ,NC,28303-0000,Proprietary  ,33,145,178,75,288,363
02227800,MITCHELL'S HAIR STYLING ACADEMY         ,NC,27534-0000,Proprietary  ,10,28,38,18,50,68
02227900,MITCHELL'S HAIR STYLING ACADEMY         ,NC,27858-0000,Proprietary  ,16,28,44,40,66,106
02280900,MID-ATLANTIC CHRISTIAN UNIVERSITY       ,NC,27909-0000,Private      ,48,45,93,132,103,235
02326203,KAPLAN CAREER INSTITUTE - KAPLAN COLLEGE,NC,28212-6830,Proprietary  ,97,554,651,213,1113,1326
02558900,CHEVEUX SCHOOL OF HAIR DESIGN           ,NC,28540-0000,Proprietary  ,4,30,34,8,62,70
02560600,PINNACLE INSTITUTE OF COSMETOLOGY       ,NC,28115-8020,Proprietary  ,18,44,62,45,76,121
02614201,MILLER-MOTTE BUSINESS COLLEGE           ,NC,28403-0000,Proprietary  ,186,1459,1645,299,2734,3033
02614205,MILLER - MOTTE TECHNICAL COLLEGE - MILLE,NC,27834-5052,Proprietary  ,119,452,571,231,818,1049
03009500,WINSTON-SALEM BARBER SCHOOL             ,NC,27107-0000,Proprietary  ,25,78,103,51,135,186
03064400,REGENCY BEAUTY INSTITUTE                ,NC,27127-0000,Proprietary  ,63,132,195,95,222,317
03089300,HERITAGE BIBLE COLLEGE                  ,NC,28335-0000,Private      ,14,28,42,20,47,67
03104200,CAROLINAS COLLEGE OF HEALTH SCIENCE     ,NC,28232-2861,Public       ,144,548,692,419,1157,1576
03109000,LIVING ARTS COLLEGE                     ,NC,27614-7076,Proprietary  ,275,308,583,506,559,1065
03361300,MEDICAL ARTS MASSAGE SCHOOL             ,NC,27616-6453,Proprietary  ,36,152,188,61,261,322
03513400,APEX SCHOOL OF THEOLOGY                 ,NC,27703-8024,Private      ,5,350,355,14,597,611
03555300,SOUTHEASTERN INSTITUTE                  ,NC,28217-0000,Proprietary  ,45,240,285,94,438,532
03555400,SOUTHEASTERN SCHOOL OF NEUROMUSCULAR  MA,NC,29406-0000,Proprietary  ,20,53,73,32,105,137
03570300,CAROLINA CHRISTIAN COLLEGE              ,NC,27105-3241,Private      ,7,48,55,26,116,142
03663300,HOOD THEOLOGICAL SEMINARY               ,NC,28144-5768,Private      ,0,81,81,1,145,146
03748500,LA SHE'S BEAUTY ACADEMY                 ,NC,27707-3569,Proprietary  ,5,42,47,18,69,87
03777300,PAUL MITCHELL THE SCHOOL GASTONIA       ,NC,28054-0460,Proprietary  ,64,167,231,114,273,387
03827300,NEW LIFE THEOLOGICAL SEMINARY           ,NC,28205-1648,Private      ,9,98,107,19,192,211
04073300,JUNG TAO SCHOOL OF CLASSICAL CHINESE MED,NC,28679-9657,Private      ,2,32,34,2,48,50
04101300,CAROLINA SCHOOL OF BROADCASTING         ,NC,28214-8085,Proprietary  ,51,126,177,110,273,383
04115700,REGINA'S COLLEGE OF BEAUTY              ,NC,28110-2831,Proprietary  ,11,76,87,21,115,136
04120300,HEALTH AND STYLE INSTITUTE              ,NC,27265-3114,Proprietary  ,17,93,110,22,116,138
04129400,CENTER FOR MASSAGE & NATURAL HEALTH     ,NC,28787-8331,Proprietary  ,9,42,51,22,76,98
04140700,AVEDA INSTITUTE CHAPEL HILL             ,NC,27516-2559,Proprietary  ,77,75,152,143,149,292
04143500,CHARLOTTE SCHOOL OF LAW                 ,NC,28208-2816,Proprietary  ,36,960,996,85,2163,2248
04146400,DAOIST TRADITIONS COLLEGE OF CHINESE MED,NC,28801-1060,Proprietary  ,3,34,37,4,76,80
04149300,PARK WEST BARBER SCHOOL                 ,NC,27701-4022,Proprietary  ,61,299,360,109,456,565
04154200,CAROLINA COLLEGE OF BIBLICAL STUDIES    ,NC,29303-5157,Private      ,13,92,105,20,201,221
04172800,BODY THERAPY INSTITUTE                  ,NC,27344-6728,Proprietary  ,11,45,56,21,73,94
04173000,SHEPHERDS THEOLOGICAL SEMINARY          ,NC,27518-9316,Private      ,0,19,19,0,28,28
04173700,GRACE COLLEGE OF DIVINITY               ,NC,28314-2343,Private      ,8,42,50,12,84,96
04178100,CAROLINA COLLEGE OF HAIR DESIGN         ,NC,28802-1232,Proprietary  ,19,50,69,38,94,132
04204700,PAUL MITCHELL THE SCHOOL RALEIGH        ,NC,27612-7358,Proprietary  ,51,71,122,91,134,225
04206500,MYCOMPUTERCAREER.COM                    ,NC,27606-3365,Proprietary  ,17,176,193,36,308,344
04214600,GRACE COLLEGE OF BARBERING              ,NC,28513-7178,Private      ,4,16,20,5,28,33
00298800,BISMARCK STATE COLLEGE                  ,ND,58501-1299,Public       ,811,516,1327,1528,988,2516
00298900,DICKINSON STATE UNIVERSITY              ,ND,58601-4896,Public       ,284,203,487,697,423,1120
00299000,JAMESTOWN COLLEGE                       ,ND,58405-3401,Private      ,289,71,360,878,145,1023
00299100,LAKE REGION STATE COLLEGE               ,ND,58301-1598,Public       ,165,168,333,287,321,608
00299200,UNIVERSITY OF MARY                      ,ND,58504-9652,Private      ,547,548,1095,1515,1189,2704
00299300,MAYVILLE STATE UNIVERSITY               ,ND,58257-1299,Public       ,214,113,327,536,241,777
00299400,MINOT STATE UNIVERSITY                  ,ND,58707-0001,Public       ,500,472,972,1331,995,2326
00299500,DAKOTA COLLEGE AT BOTTINEAU             ,ND,58318-1159,Public       ,120,91,211,246,183,429
00299600,NORTH DAKOTA STATE CLG OF SCIENCE       ,ND,58076-0002,Public       ,645,268,913,1330,509,1839
00299700,NORTH DAKOTA STATE UNIVERSITY           ,ND,58108-6050,Public       ,3772,1176,4948,9284,2491,11775
00300500,UNIVERSITY OF NORTH DAKOTA              ,ND,58202-8193,Public       ,2999,2064,5063,7485,4253,11738
00300700,WILLISTON STATE COLLEGE                 ,ND,58802-1326,Public       ,110,108,218,226,213,439
00300800,VALLEY CITY STATE UNIVERSITY            ,ND,58072-0000,Public       ,322,151,473,658,264,922
00775600,JOSEF'S SCHOOL OF HAIR DESIGN INC       ,ND,58102-4977,Proprietary  ,17,26,43,40,44,84
00869408,RASMUSSEN COLLEGE - FARGO               ,ND,58103-7196,Proprietary  ,76,326,402,123,544,667
00869415,RASMUSSEN COLLEGE - BISMARCK            ,ND,58503-0000,Proprietary  ,28,151,179,47,263,310
00935400,MEDCENTER ONE COLLEGE OF NURSING        ,ND,58501-4494,Private      ,44,38,82,86,77,163
01040600,JOSEF'S SCHOOL OF HAIR DESIGN           ,ND,58201-6394,Proprietary  ,25,37,62,40,54,94
01205900,TRINITY BIBLE COLLEGE                   ,ND,58436-7150,Private      ,76,35,111,161,59,220
01229500,JZ TREND ACADEMY PAUL MITCHELL PARTNER S,ND,58501-0000,Proprietary  ,24,23,47,44,35,79
02188200,SITTING BULL COLLEGE                    ,ND,58538-9701,Public       ,31,96,127,54,157,211
02236500,LITTLE HOOP COMMUNITY COLLEGE           ,ND,58335-0000,Public       ,8,45,53,16,86,102
02242900,UNITED TRIBES TECHNICAL COLLEGE         ,ND,58504-0000,Private      ,90,249,339,160,468,628
02298200,HEADQUARTERS ACADEMY OF HAIR DESIGN     ,ND,58701-0000,Proprietary  ,18,19,37,28,44,72
02301100,TURTLE MTN CMNTY COLG-FIN AID OFC       ,ND,58316-0000,Private      ,81,149,230,133,245,378
02553700,FORT BERTHOLD COMMUNITY COLLEGE         ,ND,58763-0000,Public       ,5,26,31,11,58,69
03087200,MOLER BARBER CLG OF HAIRSTYLING         ,ND,58103-0000,Proprietary  ,0,3,3,1,9,10
04031300,SALON PROFESSIONAL ACADEMY (THE)        ,ND,58103-3337,Proprietary  ,40,22,62,68,38,106
04139400,HAIR ACADEMY (THE)                      ,ND,58501-4929,Proprietary  ,15,10,25,27,22,49
00301005,ANTIOCH UNIV/SEATTLE                    ,WA,98121-0000,Private      ,31,423,454,122,1198,1320
00376900,BELLEVUE COLLEGE                        ,WA,98007-6484,Public       ,1171,2073,3244,5200,6778,11978
00377000,BIG BEND COMMUNITY COLLEGE              ,WA,98837-3299,Public       ,227,476,703,1058,1400,2458
00377100,"CENTRAL WASHINGTON UNIV., FIN AID       ",WA,98926-7495,Public       ,1638,1443,3081,12084,5453,17537
00377200,CENTRALIA COLLEGE                       ,WA,98531-4099,Public       ,279,623,902,1206,1824,3030
00377300,CLARK COLLEGE                           ,WA,98663-3598,Public       ,1389,2926,4315,4794,8159,12953
00377400,COLUMBIA BASIN COLLEGE                  ,WA,99301-3379,Public       ,677,1236,1913,3270,3789,7059
00377500,EASTERN WASHINGTON UNIVERSITY           ,WA,99004-2447,Public       ,1045,1259,2304,12758,7217,19975
00377600,EVERETT COMMUNITY COLLEGE               ,WA,98201-1352,Public       ,794,1845,2639,3378,5853,9231
00377700,HERITAGE UNIVERSITY                     ,WA,98948-9562,Private      ,104,376,480,623,1327,1950
00377800,GONZAGA UNIVERSITY                      ,WA,99258-0083,Private      ,406,840,1246,8640,3228,11868
00377900,GRAYS HARBOR COLLEGE                    ,WA,98520-7599,Public       ,183,448,631,692,1284,1976
00378000,GREEN RIVER COMMUNITY COLLEGE           ,WA,98092-3622,Public       ,845,1657,2502,3211,4679,7890
00378100,HIGHLINE COMMUNITY COLLEGE              ,WA,98198-9800,Public       ,1011,1997,3008,3512,5274,8786
00378200,LOWER COLUMBIA COLLEGE                  ,WA,98632-0310,Public       ,337,972,1309,1190,2601,3791
00378300,NORTHWEST UNIVERSITY                    ,WA,98083-0000,Private      ,193,325,518,1496,951,2447
00378400,OLYMPIC COLLEGE                         ,WA,98337-1600,Public       ,568,1610,2178,1942,4667,6609
00378500,PACIFIC LUTHERAN UNIVERSITY             ,WA,98447-0003,Private      ,538,602,1140,5127,2298,7425
00378600,PENINSULA COLLEGE                       ,WA,98362-6660,Public       ,155,526,681,558,1579,2137
00378700,SEATTLE CENTRAL COMMUNITY COLLEGE       ,WA,98122-2413,Public       ,876,2226,3102,3513,6676,10189
00378703,SEATTLE VOCATIONAL INSTITUTE            ,WA,98144-0000,Public       ,65,252,317,185,617,802
00378800,SEATTLE PACIFIC UNIVERSITY              ,WA,98119-1997,Private      ,961,879,1840,7784,2914,10698
00379000,SEATTLE UNIVERSITY                      ,WA,98122-1090,Private      ,747,1408,2155,9769,6600,16369
00379100,SHORELINE COMMUNITY COLLEGE             ,WA,98133-5696,Public       ,643,1358,2001,2564,4499,7063
00379200,SKAGIT VALLEY COLLEGE                   ,WA,98273-5899,Public       ,397,978,1375,1626,2846,4472
00379300,SPOKANE COMMUNITY COLLEGE               ,WA,99207-5399,Public       ,1041,2698,3739,4341,8894,13235
00379400,ST MARTIN'S UNIVERSITY                  ,WA,98503-7500,Private      ,212,348,560,1564,1238,2802
00379600,TACOMA COMMUNITY COLLEGE                ,WA,98466-6100,Public       ,1088,2784,3872,4302,9449,13751
00379700,UNIVERSITY OF PUGET SOUND               ,WA,98416-1039,Private      ,534,549,1083,5412,2032,7444
00379800,UNIVERSITY OF WASHINGTON                ,WA,98195-5880,Public       ,2508,4505,7013,37922,28479,66401
00379900,WALLA WALLA UNIVERSITY                  ,WA,99324-1198,Private      ,500,223,723,1804,737,2541
00380000,WASHINGTON STATE UNIVERSITY             ,WA,99164-1035,Public       ,2121,2509,4630,26767,12908,39675
00380100,WENATCHEE VALLEY COLLEGE                ,WA,98801-1799,Public       ,373,723,1096,1656,2109,3765
00380200,WESTERN WASHINGTON UNIVERSITY           ,WA,98225-5946,Public       ,1435,935,2370,17967,4905,22872
00380300,WHITMAN COLLEGE                         ,WA,99362-2067,Private      ,314,34,348,2611,172,2783
00380400,WHITWORTH UNIVERSITY                    ,WA,99251-0001,Private      ,631,442,1073,4364,1356,5720
00380500,YAKIMA VALLEY COMMUNITY COLLEGE         ,WA,98907-2520,Public       ,579,1071,1650,3054,3941,6995
00499900,BELLINGHAM TECHNICAL COLLEGE            ,WA,98225-0000,Public       ,305,869,1174,1049,2292,3341
00500000,PIERCE COLLEGE                          ,WA,98498-1919,Public       ,977,2518,3495,3483,7175,10658
00500100,EDMONDS COMMUNITY COLLEGE               ,WA,98036-5999,Public       ,703,1436,2139,2626,4443,7069
00500600,WALLA WALLA COMMUNITY COLLEGE           ,WA,99362-9267,Public       ,308,573,881,1791,2293,4084
00530600,BATES TECHNICAL COLLEGE                 ,WA,98405-0000,Public       ,365,1365,1730,1103,3477,4580
00537200,SOUTH PUGET SOUND COMMUNITY COLLEGE     ,WA,98512-6292,Public       ,604,1471,2075,2158,4526,6684
00537300,LAKE WASHINGTON TECHNICAL COLLEGE       ,WA,98034-8505,Public       ,250,861,1111,824,2361,3185
00575200,CLOVER PARK TECHNICAL COLLEGE           ,WA,98499-0000,Public       ,484,1796,2280,1418,5052,6470
00815500,EVERGREEN STATE COLLEGE (THE)           ,WA,98505-0002,Public       ,500,864,1364,3720,4067,7787
00907901,EVEREST COLLEGE                         ,WA,98684-6950,Proprietary  ,66,277,343,205,586,791
00938700,PERRY TECHNICAL INSTITUTE               ,WA,98903-1239,Private      ,210,386,596,676,957,1633
00954400,SPOKANE FALLS COMMUNITY COLLEGE         ,WA,99224-5204,Public       ,1022,1982,3004,4574,6310,10884
00970400,NORTH SEATTLE COMMUNITY COLLEGE         ,WA,98103-3599,Public       ,462,1509,1971,2026,4884,6910
00970600,SOUTH SEATTLE COMMUNITY COLLEGE         ,WA,98106-1499,Public       ,581,1506,2087,2445,4289,6734
00973900,GLEN DOW ACAD OF HAIR DESIGN            ,WA,99201-0209,Proprietary  ,42,110,152,128,239,367
01036400,WHATCOM COMMUNITY COLLEGE               ,WA,98226-8003,Public       ,498,809,1307,2140,2914,5054
01043400,RENTON TECHNICAL COLLEGE                ,WA,98056-0000,Public       ,335,1118,1453,1015,2648,3663
01148100,DIVERS INSTITUTE OF TECHNOLOGY          ,WA,98107-0000,Proprietary  ,45,176,221,133,403,536
01231500,CORNISH COLLEGE OF THE ARTS             ,WA,98121-4604,Private      ,164,133,297,1722,508,2230
01249600,TONI & GUY HAIRDRESSING ACADEMY         ,WA,98133-5615,Proprietary  ,21,35,56,42,64,106
01302200,CITY UNIVERSITY OF SEATTLE              ,WA,98005-0000,Private      ,66,657,723,259,1663,1922
01309400,BELLINGHAM BEAUTY SCHOOL                ,WA,98225-0000,Proprietary  ,8,38,46,44,90,134
02105300,EVERGREEN BEAUTY AND BARBER COLLEGE     ,WA,98007-3722,Proprietary  ,27,89,116,72,151,223
02106700,TRINITY LUTHERAN COLLEGE                ,WA,98201-3569,Private      ,36,34,70,253,115,368
02180000,NORTHWEST INDIAN COLLEGE                ,WA,98226-9278,Public       ,48,232,280,140,565,705
02184200,PAROBA COLLEGE OF COSMETOLOGY           ,WA,98208-0000,Proprietary  ,19,67,86,37,129,166
02202200,STYLEMASTERS COLLEGE OF HAIR DESIGN     ,WA,98632-0000,Proprietary  ,16,61,77,36,110,146
02203300,GENE JUAREZ ACADEMY OF BEAUTY           ,WA,98125-0000,Proprietary  ,167,247,414,360,504,864
02222900,INTERNATIONAL AIR & HOSPITALITY ACADEMY ,WA,98661-4835,Proprietary  ,111,213,324,260,419,679
02236800,PROFESSIONAL BEAUTY SCHOOL              ,WA,98902-0000,Proprietary  ,23,39,62,63,95,158
02242500,BASTYR UNIVERSITY                       ,WA,98028-0000,Private      ,62,588,650,222,1541,1763
02291300,ART INSTITUTE OF SEATTLE                ,WA,98121-1622,Proprietary  ,465,624,1089,2121,1899,4020
02300100,EVEREST COLLEGE                         ,WA,98367-1835,Proprietary  ,42,190,232,95,382,477
02300103,EVEREST COLLEGE - EVERETT               ,WA,98208-2610,Proprietary  ,73,308,381,214,648,862
02300104,EVEREST COLLEGE - TACOMA                ,WA,98402-3004,Proprietary  ,174,684,858,442,1439,1881
02326500,INTERFACE COLLEGE                       ,WA,99201-4326,Proprietary  ,17,95,112,60,232,292
02331400,NORTHWEST HAIR ACADEMY                  ,WA,98273-0000,Proprietary  ,14,40,54,39,69,108
02331402,NORTHWEST HAIR ACADEMY - EVERETT        ,WA,98204-0000,Proprietary  ,20,63,83,39,102,141
02504900,ACADEMY OF HAIR DESIGN (THE)            ,WA,98801-0000,Proprietary  ,12,43,55,61,103,164
02541900,BJ'S BEAUTY AND BARBER COLLEGE          ,WA,98409-0000,Proprietary  ,25,101,126,65,259,324
02602100,NORTHWEST COLLEGE OF ART                ,WA,98370-8625,Proprietary  ,29,17,46,171,72,243
02606200,EVEREST COLLEGE                         ,WA,98055-2990,Proprietary  ,68,317,385,222,576,798
02617500,EVEREST COLLEGE                         ,WA,98133-9018,Proprietary  ,217,652,869,460,1174,1634
03031406,INTERNATIONAL ACADEMY OF DESIGN & TECH  ,WA,98188-3319,Proprietary  ,90,186,276,225,444,669
03065000,CLARE'S BEAUTY COLLEGE                  ,WA,99301-0000,Proprietary  ,15,37,52,59,102,161
03071800,ITT TECHNICAL INSTITUTE                 ,WA,99216-1589,Proprietary  ,151,867,1018,355,1340,1695
03071805,ITT TECHNICAL INSTITUTE - SEATTLE       ,WA,98168-3346,Proprietary  ,178,945,1123,484,1513,1997
03099000,CORTIVA INSTITUTE - SEATTLE             ,WA,98109-5474,Proprietary  ,47,143,190,111,312,423
03110800,BAKKE GRADUATE UNIVERSITY               ,WA,98104-1222,Private      ,3,25,28,8,64,72
03139500,MONTESSORI SCHOOLS OF WASHINGTON        ,WA,98203-6600,Private      ,0,8,8,1,24,25
03280300,SEATTLE INST OF ORIENTAL MEDICINE       ,WA,98115-0000,Proprietary  ,11,53,64,48,160,208
03283300,NORTHWEST HVAC/R ASSOCIATION & TRAINING ,WA,99202-0000,Private      ,15,36,51,40,98,138
03466400,SEATTLE SCHOOL OF THEOLOGY AND PSYCHOLOG,WA,98121-1177,Private      ,31,181,212,89,427,516
03483500,CASCADIA COMMUNITY COLLEGE              ,WA,98011-9510,Public       ,315,468,783,1300,1346,2646
03490400,EMIL FRIES PIANO HOSPITAL & TRAININ     ,WA,98661-4323,Private      ,3,10,13,6,24,30
03689400,FAITH EVANGELICAL COLLEGE & SEMINARY    ,WA,98407-2607,Private      ,18,114,132,33,266,299
03724300,DIGIPEN INSTITUTE OF TECHNOLOGY         ,WA,98052-5170,Proprietary  ,214,130,344,1056,459,1515
03917300,EVERGREEN BEAUTY AND BARBER COLLEGE     ,WA,98208-3759,Proprietary  ,42,143,185,80,247,327
03932500,TOTAL COSMETOLOGY TRAINING CENTER       ,WA,99217-6231,Proprietary  ,20,100,120,69,213,282
03953300,YAKIMA BEAUTY SCHOOL                    ,WA,98901-2202,Proprietary  ,14,34,48,50,88,138
04120000,SUNNYSIDE BEAUTY ACADEMY                ,WA,98944-8711,Proprietary  ,4,8,12,17,29,46
04127200,VICTORIA'S ACADEMY OF COSMETOLOGY       ,WA,99336-3826,Proprietary  ,20,66,86,68,158,226
04130500,PACIFIC NORTHWEST UNIV OF HEALTH SCIENCE,WA,98901-1471,Private      ,12,188,200,66,547,613
04130800,CASCADE BEAUTY COLLEGE                  ,WA,98002-5504,Proprietary  ,10,30,40,29,85,114
04132800,INLAND MASSAGE INSTITUTE                ,WA,99218-5016,Proprietary  ,14,51,65,44,156,200
04149400,GARY MANUEL AVEDA INSTITUTE             ,WA,98122-3807,Proprietary  ,84,175,259,162,329,491
04149600,GP INSTITUTE OF COSMETOLOGY             ,WA,98118-2353,Proprietary  ,4,35,39,30,84,114
04155000,NORTHWEST SCHOOL OF WOODEN BOAT BUILDING,WA,98339-8706,Private      ,2,29,31,6,56,62
04161200,BAINBRIDGE GRADUATE INSTITUTE           ,WA,98110-2870,Private      ,1,67,68,3,112,115
04170100,SALON PROFESSIONAL ACADEMY (THE)        ,WA,98409-7360,Proprietary  ,45,117,162,114,266,380
04172900,ACADEMY OF COSMETOLOGY                  ,WA,99354-2651,Proprietary  ,10,41,51,56,113,169
04188900,NORTHWEST INSTITUTE OF LITERARY ARTS    ,WA,98249-0000,Private      ,1,9,10,9,37,46
04191900,PAUL MITCHELL THE SCHOOL SPOKANE        ,WA,99037-5041,Proprietary  ,50,105,155,181,266,447
00340100,BROWN UNIVERSITY                        ,RI,02912-9127,Private      ,1238,164,1402,17948,856,18804
00340101,BROWN UNIVERSITY - GRADUATE SCHOOL      ,RI,02912-1827,Private      ,4,128,132,45,1295,1340
00340102,BROWN MEDICAL SCHOOL                    ,RI,02912-0000,Private      ,15,70,85,46,522,568
00340200,BRYANT UNIVERSITY                       ,RI,02917-1284,Private      ,283,100,383,5222,478,5700
00340400,JOHNSON & WALES UNIVERSITY              ,RI,02903-3703,Private      ,2928,1130,4058,19406,4249,23655
00340600,PROVIDENCE COLLEGE                      ,RI,02918-0001,Private      ,754,214,968,8221,888,9109
00340700,RHODE ISLAND COLLEGE                    ,RI,02908-1991,Public       ,580,802,1382,8215,4215,12430
00340800,COMMUNITY COLLEGE OF RI - WARWICK       ,RI,02906-0000,Public       ,1685,2615,4300,8272,9320,17592
00340900,RHODE ISLAND SCHOOL OF DESIGN           ,RI,02903-2784,Private      ,196,118,314,2827,1107,3934
00341000,ROGER WILLIAMS UNIVERSITY               ,RI,02809-2921,Private      ,267,249,516,8468,1455,9923
00341100,SALVE REGINA UNIVERSITY                 ,RI,02840-4192,Private      ,258,113,371,4606,454,5060
00341400,UNIVERSITY OF RHODE ISLAND              ,RI,02881-0000,Public       ,1545,827,2372,22982,3919,26901
00659100,ST. JOSEPH HOSP SCH OF NURSING          ,RI,02904-5199,Private      ,19,70,89,93,288,381
00784500,NEW ENGLAND INSTITUTE OF TECHNOLOGY     ,RI,02886-0000,Private      ,478,721,1199,2182,2350,4532
01164702,SBI CAMPUS - AN AFFILIATE OF SANFORD-BRO,RI,02920-7807,Proprietary  ,2,22,24,24,117,141
02071900,ARTHUR ANGELO SCH COSMET&HAIR DSGN      ,RI,02903-0000,Proprietary  ,14,36,50,72,141,213
02176900,WARWICK ACADEMY OF BEAUTY CULTURE       ,RI,02886-1534,Proprietary  ,19,19,38,69,86,155
02531802,PAUL MITCHELL THE SCHOOL-CRANSTON       ,RI,02920-0000,Proprietary  ,21,20,41,24,24,48
02584400,NEW ENGLAND TRACTOR TRAILER TRAINING SCH,RI,02860-1752,Proprietary  ,38,238,276,43,284,327
03080000,NEWPORT SCHOOL OF HAIRDRESSING          ,RI,02860-4038,Proprietary  ,2,12,14,8,45,53
03232300,LINCOLN TECHNICAL INSTITUTE             ,RI,02865-4211,Proprietary  ,119,182,301,342,597,939
03732300,INTERNATIONAL YACHT RESTORATION SCH     ,RI,02840-6720,Private      ,6,15,21,23,40,63
04141200,TONI & GUY HAIRDRESSING ACADEMY         ,RI,02920-0000,Proprietary  ,18,19,37,76,63,139
00341700,ALLEN UNIVERSITY                        ,SC,29204-1085,Private      ,473,249,722,978,508,1486
00341800,ANDERSON UNIVERSITY                     ,SC,29621-4035,Private      ,979,581,1560,3016,1112,4128
00341900,CHARLESTON SOUTHERN UNIVERSITY          ,SC,29406-2160,Private      ,1510,1108,2618,4472,2060,6532
00342000,BENEDICT COLLEGE                        ,SC,29204-1086,Private      ,1099,590,1689,3227,1315,4542
00342100,BOB JONES UNIVERSITY                    ,SC,29614-1000,Proprietary  ,857,157,1014,2400,334,2734
00342200,SOUTHERN WESLEYAN UNIVERSITY            ,SC,29630-1020,Private      ,308,787,1095,844,1326,2170
00342300,THE CITADEL                             ,SC,29409-0002,Public       ,779,536,1315,3134,1061,4195
00342400,CLAFLIN UNIVERSITY                      ,SC,29115-4498,Private      ,1163,525,1688,2590,884,3474
00342500,CLEMSON UNIVERSITY                      ,SC,29634-0001,Public       ,4172,1542,5714,19600,3454,23054
00342600,UNIV OF SC AT SUMTER                    ,SC,29150-2498,Public       ,328,313,641,777,582,1359
00342700,COKER COLLEGE                           ,SC,29550-3797,Private      ,433,449,882,1126,774,1900
00342800,COLLEGE OF CHARLESTON                   ,SC,29424-0100,Public       ,2626,1309,3935,11624,2765,14389
00342900,COLUMBIA INTERNATIONAL UNIVERSITY       ,SC,29203-1599,Private      ,255,347,602,661,646,1307
00343000,COLUMBIA COLLEGE                        ,SC,29203-5998,Private      ,546,749,1295,1151,1359,2510
00343100,CONVERSE COLLEGE                        ,SC,29302-1931,Private      ,317,318,635,1127,609,1736
00343200,ERSKINE COLLEGE                         ,SC,29639-0000,Private      ,235,23,258,672,54,726
00343201,ERSKINE THEOLOGICAL SEMINARY            ,SC,29639-0000,Private      ,3,46,49,5,78,83
00343400,FURMAN UNIVERSITY                       ,SC,29613-5253,Private      ,684,210,894,4169,443,4612
00343500,LANDER UNIVERSITY                       ,SC,29649-2099,Public       ,1006,328,1334,3904,801,4705
00343600,LIMESTONE COLLEGE                       ,SC,29340-3799,Private      ,662,1344,2006,1713,2476,4189
00343700,LUTHERAN THEOLOGICAL SOUTHERN SEM       ,SC,29203-5898,Private      ,3,42,45,7,106,113
00343800,MEDICAL UNIV OF SOUTH CAROLINA - FA     ,SC,29425-1760,Public       ,157,1068,1225,429,3234,3663
00343900,MORRIS COLLEGE                          ,SC,29150-3599,Private      ,543,268,811,1202,479,1681
00344000,NEWBERRY COLLEGE                        ,SC,29108-2197,Private      ,446,135,581,1630,305,1935
00344100,NORTH GREENVILLE COLLEGE                ,SC,29688-1892,Private      ,1155,232,1387,2567,412,2979
00344500,PRESBYTERIAN COLLEGE                    ,SC,29325-2503,Private      ,444,158,602,1704,425,2129
00344600,SOUTH CAROLINA STATE UNIVERSITY         ,SC,29117-4427,Public       ,2008,1187,3195,4543,2111,6654
00344700,SPARTANBURG METHODIST COLLEGE           ,SC,29301-5899,Private      ,675,131,806,1421,256,1677
00344800,UNIVERSITY OF SOUTH CAROLINA            ,SC,29208-3999,Public       ,6609,4371,10980,27516,10431,37947
00344900,UNIVERSITY OF SOUTH CAROLINA AIKEN      ,SC,29801-6399,Public       ,1212,755,1967,3179,1375,4554
00345000,UNIV OF SC AT BEAUFORT                  ,SC,29902-0000,Public       ,736,478,1214,1889,974,2863
00345100,COASTAL CAROLINA UNIVERSITY             ,SC,29528-0000,Public       ,3184,1173,4357,12987,2640,15627
00345300,UNIV OF SC AT LANCASTER                 ,SC,29721-0889,Public       ,411,305,716,970,605,1575
00345400,UNIV OF SC SYSTEM SALKEHATCHIE          ,SC,29810-0617,Public       ,273,272,545,531,509,1040
00345500,VOORHEES COLLEGE                        ,SC,29042-0000,Private      ,399,178,577,717,285,1002
00345600,WINTHROP UNIVERSITY                     ,SC,29733-0001,Public       ,1790,970,2760,6289,1985,8274
00345700,WOFFORD COLLEGE                         ,SC,29303-3663,Private      ,298,84,382,2643,201,2844
00399000,FLORENCE-DARLINGTON TECH COLLEGE        ,SC,29501-0548,Public       ,1288,2300,3588,2317,4068,6385
00399100,GREENVILLE TECHNICAL COLLEGE            ,SC,29607-2439,Public       ,3440,5067,8507,6264,8640,14904
00399200,PIEDMONT TECHNICAL COLLEGE              ,SC,29648-1467,Public       ,1216,2399,3615,1989,3916,5905
00399300,MIDLANDS TECHNICAL COLLEGE              ,SC,29202-0000,Public       ,3309,4721,8030,5841,8599,14440
00399400,SPARTANBURG COMMUNITY COLLEGE           ,SC,29305-4386,Public       ,1453,2092,3545,2713,3882,6595
00399500,CENTRAL CAROLINA TECHNICAL COLLEGE      ,SC,29150-2499,Public       ,693,1591,2284,1166,2768,3934
00399600,YORK TECHNICAL COLLEGE                  ,SC,29730-3395,Public       ,1337,2187,3524,2284,3717,6001
00492000,TRIDENT TECHNICAL COLLEGE               ,SC,29423-8067,Public       ,2705,5829,8534,4720,10193,14913
00492300,CLINTON JR COLLEGE                      ,SC,29730-5152,Private      ,87,84,171,139,136,275
00492400,FORREST JUNIOR COLLEGE                  ,SC,29624-2405,Proprietary  ,19,147,166,35,248,283
00492500,HORRY-GEORGETOWN TECH COLLEGE           ,SC,29526-9521,Public       ,1644,2732,4376,3005,5228,8233
00492600,TRI-COUNTY TECHNICAL COLLEGE            ,SC,29670-9133,Public       ,1699,1562,3261,3476,2932,6408
00492700,UNIV OF SC AT UNION                     ,SC,29379-0729,Public       ,97,138,235,226,248,474
00499204,MILLER-MOTTE TECHNICAL COLLEGE - CONWAY ,SC,29526-9508,Proprietary  ,201,620,821,334,1038,1372
00536300,DENMARK TECHNICAL COLLEGE               ,SC,29042-0000,Public       ,287,911,1198,452,1237,1689
00681500,ORANGEBURG-CALHOUN TECHNICAL COLG       ,SC,29118-8299,Public       ,810,1169,1979,1315,1883,3198
00695100,UNIVERSITY OF SOUTH CAROLINA UPSTATE    ,SC,29303-9972,Public       ,1966,1459,3425,5909,2838,8747
00760200,NORTHEASTERN TECHNICAL COLLEGE          ,SC,29520-7015,Public       ,280,456,736,475,760,1235
00922600,FRANCIS MARION UNIVERSITY               ,SC,29501-0000,Public       ,1689,859,2548,4415,1664,6079
00932200,WILLIAMSBURG TECHNICAL COLLEGE          ,SC,29556-4197,Public       ,104,261,365,197,438,635
00991000,TECHNICAL COLLEGE OF THE LOWCOUNTRY     ,SC,29902-5441,Public       ,467,1177,1644,799,2186,2985
00991100,UNIV OF SC-REGIONAL CAMPUSES ADMIN      ,SC,29208-0001,Public       ,80,104,184,224,241,465
01005600,AIKEN TECHNICAL COLLEGE                 ,SC,29802-0696,Public       ,801,1369,2170,1346,2424,3770
01179901,PAUL MITCHELL THE SCHOOL COLUMBIA       ,SC,29201-3126,Proprietary  ,25,71,96,30,80,110
01179902,PAUL MITCHELL THE SCHOOL CHARLESTON     ,SC,29418-6993,Proprietary  ,32,89,121,36,95,131
01209200,KENNETH SHULER SCHOOL OF COSMETOLOGY    ,SC,29732-2169,Proprietary  ,88,218,306,119,310,429
01303907,SOUTH UNIVERSITY                        ,SC,29203-6400,Proprietary  ,189,1059,1248,375,1912,2287
02063700,SHERMAN CLG STRAIGHT CHIROPRACTIC       ,SC,29316-0000,Private      ,10,191,201,15,318,333
02338600,CHARZANNE BEAUTY COLLEGE                ,SC,29649-0000,Proprietary  ,9,34,43,15,52,67
02341100,KENNETH SHULER SCHOOL OF COSMETOLOGY & N,SC,29210-0000,Proprietary  ,109,306,415,177,458,635
02356600,CHARLESTON COSMETOLOGY INSTITUTE        ,SC,29420-0000,Proprietary  ,19,69,88,42,115,157
02359802,ITT TECHNICAL INSTITUTE -               ,SC,29615-4506,Proprietary  ,0,0,0,0,1,1
02552400,ACADEMY OF HAIR TECHNOLOGY              ,SC,29615-2363,Proprietary  ,33,83,116,44,133,177
02567600,SUMTER BEAUTY COLLEGE                   ,SC,29150-0000,Proprietary  ,15,47,62,25,81,106
02614202,MILLER - MOTTE TECHNICAL COLLEGE - NORTH,SC,29406-9239,Proprietary  ,151,516,667,243,866,1109
03010614,VIRGINIA COLLEGE - GOLF ACADEMY OF AMERI,SC,29579-0000,Proprietary  ,32,71,103,96,143,239
03010617,VIRGINIA COLLEGE - GREENVILLE           ,SC,29607-7200,Proprietary  ,67,311,378,133,600,733
03010620,VIRGINIA COLLEGE - CHARLESTON           ,SC,29406-4999,Proprietary  ,80,280,360,138,539,677
03010621,VIRGINIA COLLEGE - COLUMBIA             ,SC,29223-7527,Proprietary  ,77,298,375,144,638,782
03052300,KENNETH SHULER SCH COSM & HAIR DESG     ,SC,29841-2013,Proprietary  ,72,182,254,86,243,329
03088300,ACADEMY OF COSMETOLOGY                  ,SC,29418-5667,Proprietary  ,0,0,0,8,15,23
03293300,STRAND COLLEGE OF HAIR DESIGN           ,SC,29572-4310,Proprietary  ,14,44,58,24,79,103
03304300,CENTURA COLLEGE                         ,SC,29406-9235,Proprietary  ,57,337,394,89,526,615
03513300,LACY COSMETOLOGY SCHOOL                 ,SC,29803-9084,Proprietary  ,9,24,33,14,36,50
03513301,LACY COSMETOLOGY SCHOOL -               ,SC,29072-0000,Proprietary  ,8,20,28,11,33,44
03513302,LACY COSMETOLOGY SCHOOL -               ,SC,29445-0000,Proprietary  ,6,14,20,6,25,31
03709301,EDWARD VIA VIRGINIA COLLEGE OF OSTEOPATH,SC,29303-3639,Private      ,10,316,326,15,552,567
03746300,LEGRAND INSTITUTE OF COSMETOLOGY        ,SC,29020-0000,Proprietary  ,5,19,24,10,39,49
03746400,SOUTHEASTERN INSTITUTE                  ,SC,29210-0000,Proprietary  ,27,124,151,49,223,272
03768400,STYLETRENDS BARBER AND HAIRSTYLING ACADE,SC,29730-4511,Proprietary  ,8,44,52,15,68,83
03856400,W. L. BONNER COLLEGE                    ,SC,29203-0000,Private      ,5,22,27,9,59,68
04083300,MARION COUNTY TECHNICAL EDUCATION CENTER,SC,29571-0000,Public       ,12,61,73,24,126,150
04096300,CHARLESTON SCHOOL OF LAW                ,SC,29402-0535,Proprietary  ,12,362,374,39,896,935
04158100,AIKEN SCHOOL OF COSMETOLOGY             ,SC,29801-4026,Proprietary  ,16,42,58,26,65,91
04166900,COSMETIC ARTS INSTITUTE                 ,SC,29488-2753,Proprietary  ,6,22,28,13,25,38
04172600,SALON 496 BARBER ACADEMY                ,SC,29607-2548,Proprietary  ,8,47,55,15,88,103
04192600,PALMETTO BEAUTY SCHOOL                  ,SC,29307-1424,Proprietary  ,15,72,87,28,103,131
04202900,JOLEI'S HAIR INSTITUTE                  ,SC,29114-9337,Proprietary  ,4,31,35,4,50,54
00345800,AUGUSTANA COLLEGE                       ,SD,57197-0001,Private      ,480,95,575,1552,187,1739
00345900,BLACK HILLS STATE UNIVERSITY            ,SD,57799-9670,Public       ,691,652,1343,1979,1289,3268
00346100,DAKOTA WESLEYAN UNIVERSITY              ,SD,57301-4398,Private      ,237,87,324,740,211,951
00346300,DAKOTA STATE UNIVERSITY                 ,SD,57042-1799,Public       ,419,357,776,1133,703,1836
00346500,MOUNT MARTY COLLEGE                     ,SD,57078-3724,Private      ,137,137,274,477,329,806
00346600,NORTHERN STATE UNIVERSITY               ,SD,57401-7198,Public       ,291,258,549,1546,627,2173
00346700,PRESENTATION COLLEGE                    ,SD,57401-1299,Private      ,169,188,357,547,387,934
00346900,UNIVERSITY OF SIOUX FALLS               ,SD,57105-1699,Private      ,202,245,447,1264,502,1766
00347000,SOUTH DAKOTA SCH OF MINES & TECH        ,SD,57701-3995,Public       ,457,221,678,1799,493,2292
00347100,SOUTH DAKOTA STATE UNIVERSITY           ,SD,57007-2298,Public       ,2691,1196,3887,7449,2426,9875
00347400,UNIVERSITY OF SOUTH DAKOTA              ,SD,57069-2390,Public       ,1675,1663,3338,4901,3532,8433
00405600,SIOUX FALLS SEMINARY                    ,SD,57105-2729,Private      ,1,29,30,3,48,51
00405700,NATIONAL AMERICAN UNIVERSITY            ,SD,57701-3692,Proprietary  ,374,6104,6478,521,8535,9056
00405707,NATIONAL AMERICAN UNIVERSITY            ,SD,57105-0000,Proprietary  ,27,323,350,56,670,726
00492900,MCKENNAN HOSP-RADOLOGICAL TECH          ,SD,57101-0000,Private      ,5,13,18,19,26,45
00530900,LAKE AREA TECHNICAL INSTITUTE           ,SD,57201-0730,Public       ,428,207,635,933,427,1360
00598700,AVERA SACRED HEART HOSPITAL SCHOOL OF RA,SD,57078-3899,Private      ,4,3,7,7,9,16
00776400,SOUTHEAST TECHNICAL INST                ,SD,57107-0000,Public       ,530,634,1164,1074,1178,2252
00828400,MITCHELL TECHNICAL INSTITUTE            ,SD,57301-9931,Public       ,328,186,514,647,315,962
01013800,STEWART SCHOOL                          ,SD,57104-0000,Proprietary  ,37,35,72,90,68,158
01014804,COLORADO TECHNICAL UNIVERSITY           ,SD,57108-2272,Proprietary  ,24,170,194,64,365,429
01017000,WESTERN DAKOTA TECHNICAL INSTITUTE      ,SD,57701-4018,Public       ,177,365,542,335,665,1000
01147701,SIOUX VALLEY HOSP-MEDICAL TECH          ,SD,57117-5039,Private      ,6,15,21,19,24,43
01465900,OGLALA LAKOTA COLLEGE                   ,SD,57752-0490,Public       ,82,375,457,150,619,769
02137100,BLACK HILLS BEAUTY COLLEGE              ,SD,57701-0000,Proprietary  ,38,45,83,75,89,164
02143700,SINTE GLESKA UNIVERSITY                 ,SD,57570-0000,Public       ,18,78,96,45,176,221
02144600,KILIAN COMMUNITY COLLEGE                ,SD,57103-7020,Private      ,28,149,177,62,255,317
02277300,SISSETON WAHPETON COLLEGE               ,SD,57262-0000,Public       ,14,24,38,20,54,74
02297800,HEADLINES ACADEMY                       ,SD,57701-0000,Proprietary  ,18,60,78,34,93,127
00347700,AQUINAS COLLEGE                         ,TN,37205-2086,Private      ,69,264,333,311,672,983
00347800,AUSTIN PEAY STATE UNIVERSITY            ,TN,37044-0002,Public       ,1784,2575,4359,7731,6229,13960
00347900,BELMONT UNIVERSITY                      ,TN,37212-3757,Private      ,1092,1162,2254,7646,3169,10815
00348000,BETHEL UNIVERSITY                       ,TN,38201-1705,Private      ,346,1870,2216,2150,5679,7829
00348100,CARSON-NEWMAN COLLEGE                   ,TN,37760-2204,Private      ,440,257,697,3423,644,4067
00348200,CHRISTIAN BROTHERS UNIVERSITY           ,TN,38104-5581,Private      ,283,535,818,2253,1660,3913
00348300,COLUMBIA STATE COMMUNITY COLLEGE        ,TN,38401-5653,Public       ,832,1038,1870,2749,2520,5269
00348500,CUMBERLAND UNIVERSITY                   ,TN,37087-3554,Private      ,334,364,698,1539,849,2388
00348600,LIPSCOMB UNIVERSITY                     ,TN,37204-3951,Private      ,656,919,1575,3845,2061,5906
00348700,EAST TENNESSEE STATE UNIV - MAIN CAMPUS ,TN,37614-2857,Public       ,2562,2760,5322,11267,7126,18393
00348701,EAST TENNESSEE STATE UNIV - MEDICINE    ,TN,37614-1708,Public       ,60,230,290,346,562,908
00348709,EAST TENNESSEE STATE UNIV - PHARMACY    ,TN,37614-1704,Public       ,22,195,217,141,449,590
00349000,FISK UNIVERSITY                         ,TN,37208-3045,Private      ,245,210,455,1602,596,2198
00349200,FREED-HARDEMAN UNIVERSITY               ,TN,38340-2399,Private      ,455,291,746,1725,603,2328
00349400,HIWASSEE COLLEGE                        ,TN,37354-4001,Private      ,89,59,148,328,126,454
00349500,JOHNSON UNIVERSITY                      ,TN,37998-9775,Private      ,200,170,370,933,440,1373
00349600,KING COLLEGE                            ,TN,37620-2699,Private      ,291,872,1163,1357,1943,3300
00349900,LANE COLLEGE                            ,TN,38301-4598,Private      ,415,226,641,1837,830,2667
00350000,LEE UNIVERSITY                          ,TN,37320-0000,Private      ,1103,712,1815,3969,1490,5459
00350100,LEMOYNE-OWEN COLLEGE                    ,TN,38126-6510,Private      ,330,645,975,1599,2048,3647
00350200,LINCOLN MEMORIAL UNIVERSITY             ,TN,37752-7920,Private      ,352,1186,1538,1794,3158,4952
00350400,MARTIN METHODIST COLLEGE                ,TN,38478-2799,Private      ,180,79,259,1048,368,1416
00350500,MARYVILLE COLLEGE                       ,TN,37804-5907,Private      ,263,94,357,2165,310,2475
00350600,MEHARRY MEDICAL COLLEGE                 ,TN,37208-0000,Private      ,29,412,441,102,1262,1364
00350700,MEMPHIS COLLEGE OF ART                  ,TN,38104-2764,Private      ,143,133,276,722,350,1072
00350900,UNIVERSITY OF MEMPHIS (THE)             ,TN,38152-4611,Public       ,3502,5137,8639,16430,14668,31098
00351000,MIDDLE TENNESSEE STATE UNIV             ,TN,37130-0000,Public       ,5045,4547,9592,21550,10989,32539
00351100,MILLIGAN COLLEGE                        ,TN,37682-4001,Private      ,204,196,400,1199,584,1783
00351700,SOUTHERN COLLEGE OF OPTOMETRY           ,TN,38104-2222,Private      ,10,131,141,67,667,734
00351800,SOUTHERN ADVENTIST UNIVERSITY           ,TN,37315-0370,Private      ,715,355,1070,2617,825,3442
00351900,RHODES COLLEGE                          ,TN,38112-1690,Private      ,382,181,563,3165,562,3727
00352200,TENNESSEE STATE UNIVERSITY              ,TN,37209-1561,Public       ,2245,3182,5427,10285,7801,18086
00352300,TENNESSEE TECHNOLOGICAL UNIV            ,TN,38505-0001,Public       ,1834,1161,2995,10429,3140,13569
00352400,TENNESSEE TEMPLE UNIVERSITY             ,TN,37404-3587,Private      ,175,238,413,447,510,957
00352500,TENNESSEE WESLEYAN COLLEGE              ,TN,37371-0040,Private      ,166,157,323,1099,588,1687
00352600,TREVECCA NAZARENE UNIVERSITY            ,TN,37210-2877,Private      ,336,621,957,1529,1483,3012
00352700,TUSCULUM COLLEGE                        ,TN,37743-0001,Private      ,262,483,745,2278,1611,3889
00352800,UNION UNIVERSITY                        ,TN,38305-3697,Private      ,418,910,1328,2792,2555,5347
00352900,UNIVERSITY OF TENNESSEE-CHATTANOOGA     ,TN,37403-2598,Public       ,2939,1697,4636,14908,4649,19557
00353000,UNIVERSITY OF TENNESSEE-KNOXVILLE       ,TN,37996-0150,Public       ,3669,2991,6660,26802,8921,35723
00353006,UNIVERSITY OF TENNESSEE-HEALTH SCI CTR  ,TN,38103-0000,Public       ,143,1500,1643,596,3426,4022
00353100,UNIVERSITY OF TENNESSEE-MARTIN          ,TN,38238-0002,Public       ,1215,969,2184,7436,3044,10480
00353400,UNIVERSITY OF THE SOUTH                 ,TN,37383-1000,Private      ,117,30,147,2430,121,2551
00353500,VANDERBILT UNIVERSITY                   ,TN,37240-0001,Private      ,1520,1576,3096,19380,6609,25989
00353501,VANDERBILT UNIV MED CTR ALLIEDHEAL      ,TN,37232-5510,Private      ,46,185,231,185,640,825
00353502,VANDERBILT UNIVERSITY - SCHOOL OF MEDICI,TN,37232-0000,Private      ,0,0,0,47,27,74
00353600,BRYAN COLLEGE                           ,TN,37321-7000,Private      ,171,274,445,1194,696,1890
00399800,CHATTANOOGA STATE COMMUNITY COLLEGE     ,TN,37406-1097,Public       ,1745,3362,5107,4888,7147,12035
00399900,CLEVELAND STATE COMMUNITY COLLEGE       ,TN,37312-2858,Public       ,434,824,1258,1912,1950,3862
00402500,TN TECHNOLOGY CTR AT KNOXVILLE          ,TN,37919-2327,Public       ,217,632,849,613,1419,2032
00402600,TENNESSEE TECH. CNTR AT CROSSVILLE      ,TN,38555-4142,Public       ,92,184,276,511,524,1035
00461700,NATIONAL COLLEGE OF BUSINESS & TECH     ,TN,37211-6605,Proprietary  ,69,454,523,223,1506,1729
00493400,DAYMAR INSTITUTE                        ,TN,37217-1056,Proprietary  ,37,169,206,104,476,580
00493401,DAYMAR INSTITUTE - CLARKSVILLE          ,TN,37040-6718,Proprietary  ,62,299,361,138,679,817
00493404,DAYMAR INSTITUTE - MURFREESBORO         ,TN,37128-5508,Proprietary  ,38,159,197,120,430,550
00493700,JACKSON STATE COMMUNITY COLLEGE         ,TN,38301-3797,Public       ,645,1119,1764,2825,3183,6008
00493800,SOUTH COLLEGE                           ,TN,37909-3323,Proprietary  ,89,700,789,451,1650,2101
00494700,WEST TENNESSEE BUSINESS COLLEGE         ,TN,38301-3256,Proprietary  ,41,186,227,125,477,602
00528000,TN TECHNOLOGY CTR AT COVINGTON          ,TN,38019-0249,Public       ,54,118,172,128,294,422
00528100,TN TECHNOLOGY CTR AT ELIZABETHTON       ,TN,37643-0789,Public       ,95,297,392,286,691,977
00528200,TN TECHNOLOGY CTR AT HARTSVILLE         ,TN,37074-0000,Public       ,71,123,194,216,283,499
00528300,TN TECHNOLOGY CTR AT NEWBERN            ,TN,38059-1198,Public       ,35,120,155,120,370,490
00530700,TN TECHNOLOGY CTR AT MCMINNVILLE        ,TN,37110-1322,Public       ,52,119,171,175,301,476
00535100,TENNESSEE TECHNOLOGY CENTER AT MORRISTOW,TN,37813-2094,Public       ,116,284,400,445,827,1272
00535200,TN TECHNOLOGY CENTER AT MCKENZIE        ,TN,38201-1620,Public       ,37,94,131,119,257,376
00535300,TN TECHNOLOGY CENTER AT LIVINGSTON      ,TN,38570-1291,Public       ,71,130,201,229,334,563
00535400,TN TECHNOLOGY CTR AT JACKSON            ,TN,38301-0000,Public       ,114,324,438,434,942,1376
00535600,TENNESSEE TECHNOLOGY CENTER AT HOHENWALD,TN,38462-0000,Public       ,65,146,211,209,327,536
00535700,TENNESSEE TECHNOLOGY CENTER AT CRUMP    ,TN,38327-3402,Public       ,52,102,154,161,304,465
00535800,TN TECHNOLOGY CENTER AT ATHENS          ,TN,37371-0848,Public       ,44,134,178,221,349,570
00535900,TENNESSEE TECHNOLOGY CENTER AT NASHVILLE,TN,37209-0000,Public       ,223,726,949,624,1536,2160
00536000,TENNESSEE TECHNOLOGY CENTER AT MEMPHIS  ,TN,38105-3604,Public       ,298,883,1181,1035,2199,3234
00537800,NORTHEAST STATE COMMUNITY COLLEGE       ,TN,37617-0246,Public       ,855,1413,2268,3023,3589,6612
00537900,TN TECHNOLOGY CTR AT SHELBYVILLE        ,TN,37160-3697,Public       ,129,239,368,289,517,806
00683500,DYERSBURG STATE COMMUNITY COLLEGE       ,TN,38024-0000,Public       ,398,730,1128,1546,2212,3758
00683600,MOTLOW STATE COMMUNITY COLLEGE          ,TN,37388-7972,Public       ,931,1105,2036,2768,2465,5233
00732941,ITT TECHNICAL INSTITUTE                 ,TN,37932-3343,Proprietary  ,355,1719,2074,700,2396,3096
00732958,ITT TECHNICAL INSTITUTE                 ,TN,37214-3717,Proprietary  ,212,1116,1328,484,1675,2159
00743900,FOUNTAINHEAD COLLEGE OF TECHNOLOGY      ,TN,37918-2583,Proprietary  ,44,190,234,163,439,602
00778200,TENNESSEE TECHNOLOGY CENTER AT DICKSON  ,TN,37055-0000,Public       ,117,294,411,312,699,1011
00778300,MIDDLE TENNESSEE SCH OF ANESTHESIA      ,TN,37116-0000,Private      ,1,85,86,16,160,176
00793803,NASHVILLE AUTO DIESEL COLLEGE - NASHVILL,TN,37206-3210,Proprietary  ,765,319,1084,1906,680,2586
00814500,NASHVILLE STATE TECH CMNTY COLLEGE      ,TN,37209-0000,Public       ,1645,3926,5571,4126,7822,11948
00865500,GENESIS CAREER COLLEGE OF COOKEVILLE    ,TN,38501-1959,Proprietary  ,59,197,256,106,309,415
00885900,JOHN A GUPTON COLLEGE                   ,TN,37203-2934,Private      ,17,58,75,75,160,235
00886300,WALTERS STATE COMMUNITY COLLEGE         ,TN,37813-6899,Public       ,873,1418,2291,4239,3551,7790
00946400,TN TECHNOLOGY CTR AT PULASKI            ,TN,38478-4541,Public       ,53,126,179,124,246,370
00956700,TENNESSEE SCHOOL OF BEAUTY              ,TN,37921-3303,Proprietary  ,48,141,189,163,323,486
00971000,TENNESSEE TECHNOLOGY CENTER AT ONEIDA/HU,TN,37756-4149,Public       ,23,66,89,66,130,196
00991200,VOLUNTEER STATE COMMUNITY COLLEGE       ,TN,37066-3188,Public       ,1179,1718,2897,3654,3799,7453
00991400,ROANE STATE COMMUNITY COLLEGE           ,TN,37748-8664,Public       ,765,1600,2365,3669,3738,7407
00998200,VICTORY UNIVERSITY                      ,TN,38111-4745,Proprietary  ,202,889,1091,690,2356,3046
01032600,TN TECHNOLOGY CTR AT HARRIMAN           ,TN,37748-1109,Public       ,45,112,157,138,224,362
01043900,SOUTHWEST TENNESSEE COMMUNITY COLLG     ,TN,38104-3322,Public       ,2055,4352,6407,7504,11298,18802
01044700,"PLAZA BEAUTY SCHOOL, INC.               ",TN,38117-4822,Proprietary  ,51,110,161,139,249,388
01046000,AMERICAN BAPTIST THEOLOGICAL SEMINA     ,TN,37207-4994,Private      ,8,75,83,40,169,209
01052900,MEMPHIS THEOLOGICAL SEMINARY            ,TN,38104-0000,Private      ,4,115,119,21,232,253
01070000,TN TECHNOLOGY CENTER AT JACKSBORO       ,TN,37757-2461,Public       ,47,84,131,125,221,346
01155300,WM R MOORE COLLEGE OF TECHNOLOGY        ,TN,38104-0000,Private      ,44,127,171,114,306,420
01216400,TENNESSEE TECHNICAL CNTR AT RIPLEY      ,TN,38063-7359,Public       ,14,79,93,57,219,276
01254700,EMMANUEL SCHOOL OF RELIGION             ,TN,37601-0000,Private      ,2,26,28,6,44,50
01269300,PELLISSIPPI STATE COMMUNITY COLLEGE     ,TN,37933-0990,Public       ,1367,2258,3625,5917,5033,10950
02069303,VATTEROTT COLLEGE -                     ,TN,38016-5877,Proprietary  ,68,273,341,117,368,485
02092800,TENNESSEE TECHNOLOGY CENTER AT WHITEVILL,TN,38075-0000,Public       ,25,98,123,90,248,338
02103500,TN TECHNOLOGY CTR AT MURFREESBORO       ,TN,37129-0000,Public       ,125,290,415,308,621,929
02106400,O'MORE COLLEGE OF DESIGN                ,TN,37064-0000,Private      ,50,26,76,170,77,247
02125300,NASHVILLE CLG OF MEDICAL CAREERS        ,TN,37115-0000,Proprietary  ,12,76,88,34,131,165
02153100,JON NAVE UNIVERSITY OF COSMETOLOGY      ,TN,37013-3347,Proprietary  ,81,113,194,163,200,363
02157100,CONCORDE CAREER COLLEGE                 ,TN,38137-0000,Proprietary  ,217,891,1108,630,2132,2762
02160307,INTERNATIONAL ACADEMY OF DESIGN & TECH  ,TN,37212-0000,Proprietary  ,27,101,128,146,245,391
02188300,PENTECOSTAL THEOLOGICAL SEMINARY        ,TN,37320-0000,Private      ,1,108,109,2,166,168
02204200,"CHATTANOOGA COLLEGE - MEDICAL, DENTAL AN",TN,37411-0000,Proprietary  ,83,297,380,214,652,866
02237900,TN TECHNOLOGY CENTER AT PARIS           ,TN,38242-0000,Public       ,51,130,181,136,398,534
02255000,KNOXVILLE INSTITUTE OF HAIR DESIGN      ,TN,37917-0000,Proprietary  ,18,84,102,69,200,269
02257400,ARNOLD'S BEAUTY SCHOOL                  ,TN,38358-0000,Proprietary  ,9,27,36,39,60,99
02263104,ANTHEM COLLEGE - ANTHEM CAREER COLLEGE -,TN,37214-2531,Proprietary  ,62,244,306,146,436,582
02275500,REUBEN-ALLEN COLLEGE                    ,TN,37922-0000,Proprietary  ,48,109,157,98,200,298
02278700,MR WAYNES SCH OF UNISEX HAIR DESIGN     ,TN,38501-0000,Proprietary  ,9,21,30,20,40,60
02293900,VOLUNTEER BEAUTY ACADEMY-NASHVILLE      ,TN,37115-2112,Proprietary  ,12,19,31,17,41,58
02294000,VOLUNTEER BEAUTY ACADEMY-DYERSBURG      ,TN,38024-1622,Proprietary  ,8,34,42,22,64,86
02326200,KAPLAN CAREER INSTITUTE                 ,TN,37212-5318,Proprietary  ,67,327,394,161,731,892
02326300,MEDVANCE INSTITUTE                      ,TN,38501-4305,Proprietary  ,40,115,155,93,220,313
02335900,VOLUNTEER BEAUTY ACADEMY-NASHVILLE      ,TN,37209-3033,Proprietary  ,18,51,69,51,97,148
02539800,QUEEN CITY COLLEGE                      ,TN,37042-0000,Proprietary  ,22,123,145,54,229,283
02540000,TENNESSEE ACADEMY OF COSMETOLOGY        ,TN,38133-0000,Proprietary  ,46,113,159,149,271,420
02578200,NOSSI COLLEGE OF ART                    ,TN,37115-5138,Proprietary  ,76,98,174,317,260,577
02595000,FAYETTEVILLE BEAUTY SCHOOL              ,TN,37334-2909,Proprietary  ,6,19,25,14,33,47
02599710,VATTEROTT COLLEGE - MEMPHIS             ,TN,38132-1714,Proprietary  ,120,542,662,381,1356,1737
02605501,REMINGTON COLLEGE - MEMPHIS CAMPUS      ,TN,38132-0000,Private      ,167,579,746,552,1445,1997
02609204,VATTEROTT COLLEGE - VATTEROTT CAREER COL,TN,38133-4727,Proprietary  ,99,282,381,281,763,1044
02614200,MILLER MOTTE BUSINESS COLLEGE           ,TN,37040-6023,Proprietary  ,98,360,458,184,724,908
02614203,MILLER - MOTTE TECHNICAL COLLEGE - CHATT,TN,37421-7220,Proprietary  ,111,386,497,224,709,933
02614204,MILLER - MOTTE TECHNICAL COLLEGE - MADIS,TN,37072-1870,Proprietary  ,65,238,303,119,419,538
03001800,FREE WILL BAPTIST BIBLE COLLEGE         ,TN,37205-2498,Private      ,75,36,111,196,101,297
03008800,FRANKLIN ACADEMY                        ,TN,37312-3939,Private      ,11,44,55,23,74,97
03010606,VIRGINIA COLLEGE - SCH OF BUSNSS & HLTH ,TN,37411-5600,Proprietary  ,65,286,351,166,664,830
03024900,TENNESSEE ACADEMY OF COSMETOLOGY        ,TN,38125-3442,Proprietary  ,50,111,161,150,257,407
03061100,GENESIS CAREER COLLEGE OF LEBANON       ,TN,37087-2718,Proprietary  ,32,120,152,49,178,227
03076405,BRYMAN SCHOOL OF ARIZONA (THE) - ANTHEM ,TN,38134-7345,Proprietary  ,63,320,383,98,439,537
03079100,NORTH CENTRAL INSTITUTE                 ,TN,37042-3116,Proprietary  ,16,79,95,28,142,170
03088800,"WATKINS COLLEGE OF ART, DESIGN & FILM   ",TN,37228-1306,Private      ,101,93,194,521,253,774
03126900,STYLES & PROFILES BEAUTY COLLEGE        ,TN,38375-2109,Proprietary  ,2,12,14,11,21,32
03355400,RICHMONT GRADUATE UNIVERSITY            ,TN,37404-0000,Private      ,4,106,110,7,196,203
03440300,BAPTIST MEMORIAL COLLEGE OF HEALTH      ,TN,38104-3104,Private      ,205,680,885,1142,2284,3426
03480303,MEDVANCE INSTITUTE - NASHVILLE          ,TN,37203-1536,Proprietary  ,26,202,228,63,371,434
03513500,WILLIAMSON CHRISTIAN COLLEGE            ,TN,37067-8237,Private      ,7,30,37,12,58,70
03647300,NEW CONCEPTS SCHOOL OF COSMETOLOGY      ,TN,37311-7373,Proprietary  ,3,20,23,13,46,59
03683300,INTERNATIONAL BARBER & STYLE COLLEGE    ,TN,37209-2205,Proprietary  ,13,52,65,35,104,139
03701300,MEMPHIS INSTITUTE OF BARBERING          ,TN,38107-4334,Proprietary  ,48,126,174,155,308,463
03774400,SHEAR ACADEMY                           ,TN,38555-4177,Proprietary  ,4,25,29,13,53,66
03830300,SAE INSTITUTE OF TECHNOLOGY             ,TN,37203-4310,Proprietary  ,35,52,87,88,131,219
03840300,OXFORD GRADUATE SCHOOL                  ,TN,37321-6736,Private      ,2,17,19,3,27,30
03841300,CAREER BEAUTY COLLEGE                   ,TN,38464-3634,Proprietary  ,3,17,20,9,31,40
03920300,INSTITUTE OF HAIR DESIGN                ,TN,38310-1801,Proprietary  ,11,28,39,19,44,63
03930300,BUCHANAN BEAUTY COLLEGE                 ,TN,37160-2741,Proprietary  ,13,24,37,24,53,77
03982300,VISIBLE SCHOOL - MUSIC AND WORSHIPS ARTS,TN,38104-5814,Private      ,64,38,102,135,88,223
04035300,TENNESSEE CAREER INSTITUTE              ,TN,38401-6335,Proprietary  ,26,86,112,66,169,235
04124100,ELITE COLLEGE OF COSMETOLOGY            ,TN,38351-1431,Proprietary  ,17,25,42,24,37,61
04157200,LOVE BEAUTY SCHOOL                      ,TN,37355-2950,Proprietary  ,9,22,31,17,37,54
04165000,MERIDIAN INSTITUTE OF SURGICAL ASSISTING,TN,37080-0758,Proprietary  ,0,105,105,7,183,190
04174600,NASHVILLE BARBER AND STYLE ACADEMY      ,TN,37208-2826,Proprietary  ,31,54,85,53,99,152
04210200,MID-SOUTH CHRISTIAN COLLEGE             ,TN,38118-3151,Private      ,18,63,81,19,75,94
04213800,SALON PROFESSIONAL ACADEMY (THE)        ,TN,37214-2163,Proprietary  ,29,39,68,74,78,152
00353700,ABILENE CHRISTIAN UNIVERSITY            ,TX,79699-3701,Private      ,1261,547,1808,5747,1261,7008
00353900,ALVIN COMMUNITY COLLEGE                 ,TX,77511-4807,Public       ,584,1007,1591,1246,2080,3326
00354000,AMARILLO COLLEGE                        ,TX,79109-2446,Public       ,1452,2496,3948,2714,4284,6998
00354100,ANGELO STATE UNIVERSITY                 ,TX,76909-5069,Public       ,1865,1149,3014,5809,2491,8300
00354300,AUSTIN COLLEGE                          ,TX,75090-4440,Private      ,473,90,563,2173,216,2389
00354400,AUSTIN PRESBYTERIAN THEOLOGICAL SEM     ,TX,78705-5797,Private      ,2,100,102,5,139,144
00354500,BAYLOR UNIVERSITY                       ,TX,76798-7048,Private      ,2839,1351,4190,23798,4484,28282
00354600,COASTAL BEND COLLEGE                    ,TX,78102-2197,Public       ,631,739,1370,1093,1272,2365
00354900,BLINN COLLEGE                           ,TX,77833-4098,Public       ,5110,2281,7391,12304,4446,16750
00355300,CISCO JUNIOR COLLEGE                    ,TX,76437-9803,Public       ,715,955,1670,1432,1666,3098
00355400,CLARENDON COLLEGE                       ,TX,79226-0000,Public       ,193,177,370,391,288,679
00355600,COMMONWEALTH INST OF FUNERAL SVC        ,TX,77090-5918,Private      ,34,168,202,63,352,415
00355700,CONCORDIA UNIVERSITY TEXAS              ,TX,78726-4141,Private      ,517,1006,1523,1583,1789,3372
00355800,NORTH CENTRAL TEXAS COLLEGE             ,TX,76240-4699,Public       ,1494,2099,3593,2860,3803,6663
00356000,DALLAS BAPTIST UNIVERSITY               ,TX,75211-9299,Private      ,1075,1657,2732,3114,3038,6152
00356100,CEDAR VALLEY COLLEGE                    ,TX,75134-0000,Public       ,884,1845,2729,1693,3226,4919
00356200,DALLAS THEOLOGICAL SEM                  ,TX,75204-0000,Private      ,11,301,312,35,621,656
00356300,DEL MAR COLLEGE                         ,TX,78404-3897,Public       ,1989,2992,4981,4054,5442,9496
00356400,EAST TEXAS BAPTIST UNIVERSITY           ,TX,75670-1423,Private      ,666,187,853,1600,366,1966
00356500,TEXAS A&M UNIVERSITY - COMMERCE         ,TX,75429-3011,Public       ,1848,2989,4837,5648,5979,11627
00356800,FRANK PHILLIPS COLLEGE                  ,TX,79008-0000,Public       ,148,169,317,275,290,565
00357000,GRAYSON COUNTY COLLEGE                  ,TX,75020-8299,Public       ,622,1407,2029,1264,2475,3739
00357100,HARDIN-SIMMONS UNIVERSITY               ,TX,79698-6050,Private      ,726,440,1166,2106,825,2931
00357200,TRINITY VALLEY COMMUNITY COLLEGE        ,TX,75751-2734,Public       ,1015,1828,2843,2006,3232,5238
00357300,HILL COLLEGE                            ,TX,76645-2711,Public       ,395,542,937,781,979,1760
00357301,HILL COLLEGE                            ,TX,76031-0000,Public       ,391,760,1151,749,1366,2115
00357400,HOWARD COLLEGE                          ,TX,79720-0213,Public       ,581,832,1413,1137,1501,2638
00357500,HOWARD PAYNE UNIVERSITY                 ,TX,76801-2715,Private      ,430,144,574,1376,305,1681
00357600,HOUSTON BAPTIST UNIVERSITY              ,TX,77074-3298,Private      ,1400,1371,2771,5285,2867,8152
00357700,HUSTON - TILLOTSON UNIVERSITY           ,TX,78702-2795,Private      ,482,381,863,1199,793,1992
00357800,UNIVERSITY OF THE INCARNATE WORD        ,TX,78209-6398,Private      ,1916,2743,4659,6783,5733,12516
00357900,JACKSONVILLE COLLEGE                    ,TX,75766-4759,Private      ,121,92,213,216,167,383
00358000,KILGORE COLLEGE                         ,TX,75662-3299,Public       ,1360,1927,3287,2570,3272,5842
00358100,LAMAR UNIVERSITY-BEAUMONT               ,TX,77710-0042,Public       ,2655,4273,6928,7418,7574,14992
00358200,LAREDO COMMUNITY COLLEGE                ,TX,78040-4395,Public       ,2019,1352,3371,4816,2549,7365
00358300,LEE COLLEGE                             ,TX,77520-4796,Public       ,752,1536,2288,1387,2710,4097
00358400,LETOURNEAU UNIVERSITY                   ,TX,75607-0000,Private      ,381,795,1176,1530,1797,3327
00358600,LUBBOCK CHRISTIAN UNIVERSITY            ,TX,79407-2099,Private      ,570,611,1181,1357,1174,2531
00358800,UNIVERSITY OF MARY HARDIN-BAYLOR        ,TX,76513-2599,Private      ,741,596,1337,4664,1452,6116
00359000,MCLENNAN COMMUNITY COLLEGE              ,TX,76708-1498,Public       ,1721,3027,4748,3708,5179,8887
00359100,MCMURRY UNIVERSITY                      ,TX,79697-0001,Private      ,521,266,787,1487,539,2026
00359200,MIDWESTERN STATE UNIVERSITY             ,TX,76308-2099,Public       ,1350,1193,2543,4428,2359,6787
00359300,NAVARRO COLLEGE                         ,TX,75110-4818,Public       ,1835,2316,4151,3670,4144,7814
00359400,UNIVERSITY OF NORTH TEXAS               ,TX,76203-5017,Public       ,8806,7536,16342,30341,16682,47023
00359500,OBLATE SCHOOL OF THEOLOGY               ,TX,78216-0000,Private      ,1,29,30,5,56,61
00359600,ODESSA COLLEGE                          ,TX,79764-7127,Public       ,621,997,1618,1155,1718,2873
00359800,OUR LADY OF THE LAKE UNIVERSITY         ,TX,78207-4689,Private      ,807,1448,2255,2959,2922,5881
00359900,UNIVERSITY OF TEXAS - PAN AMERICAN      ,TX,78541-2999,Public       ,3455,2899,6354,18206,8560,26766
00360000,PANOLA COLLEGE                          ,TX,75633-2397,Public       ,389,783,1172,800,1331,2131
00360100,PARIS JR COLLEGE                        ,TX,75460-6298,Public       ,749,1220,1969,1491,2045,3536
00360200,PAUL QUINN COLLEGE                      ,TX,75241-4398,Private      ,169,285,454,361,509,870
00360300,RANGER COLLEGE                          ,TX,76470-3298,Public       ,281,318,599,547,537,1084
00360305,RANGER COLLEGE-STEPHENVILE BEAUTY COLLEG,TX,76401-5136,Public       ,34,31,65,58,63,121
00360400,RICE UNIVERSITY                         ,TX,77251-1892,Private      ,1160,949,2109,10417,2525,12942
00360600,SAM HOUSTON STATE UNIVERSITY            ,TX,77340-0000,Public       ,5988,3734,9722,19149,7984,27133
00360700,ALAMO CMTY CLG DISTRICT PROGRAM         ,TX,78207-0000,Public       ,868,1498,2366,1993,2911,4904
00360800,ST PHILLIPS COLLEGE                     ,TX,78203-2098,Public       ,2447,4330,6777,4687,7941,12628
00360900,SAN JACINTO CLG-CENTRAL-NORTH-SOUTH     ,TX,77501-0000,Public       ,4324,5907,10231,8169,10903,19072
00361000,SCHREINER UNIVERSITY                    ,TX,78028-5697,Private      ,430,191,621,1461,377,1838
00361100,SOUTH PLAINS COLLEGE                    ,TX,79336-6504,Public       ,1893,2036,3929,3758,3587,7345
00361200,UNIV OF HOUSTON-DOWNTOWN                ,TX,77002-1001,Public       ,4534,7206,11740,11239,14141,25380
00361300,SOUTHERN METHODIST UNIVERSITY           ,TX,75275-0181,Private      ,1418,1837,3255,8562,4374,12936
00361400,SOUTHWEST TEXAS JR COLLEGE              ,TX,78801-6221,Public       ,1031,893,1924,2078,1628,3706
00361500,TEXAS STATE UNIVERSITY--SAN MARCOS      ,TX,78666-4602,Public       ,8423,4671,13094,34762,13191,47953
00361600,SOUTHWESTERN ASSEMBLIES OF GOD UNIV     ,TX,75165-2397,Private      ,564,407,971,1354,787,2141
00361800,SOUTHWESTERN CHRISTIAN COLLEGE          ,TX,75160-3400,Private      ,82,60,142,145,107,252
00361900,SOUTHWESTERN ADVENTIST UNIVERSITY       ,TX,76059-1922,Private      ,214,156,370,671,329,1000
00362000,SOUTHWESTERN UNIVERSITY                 ,TX,78626-6111,Private      ,360,98,458,2667,281,2948
00362100,ST EDWARDS UNIVERSITY                   ,TX,78704-0000,Private      ,1236,1009,2245,5607,2451,8058
00362300,ST MARY'S UNIV OF SAN ANTONIO           ,TX,78228-8500,Private      ,845,1170,2015,5077,2968,8045
00362400,STEPHEN F AUSTIN STATE UNIVERSITY       ,TX,75962-0001,Public       ,4259,1998,6257,14448,4163,18611
00362500,SUL ROSS STATE UNIVERSITY               ,TX,79832-0113,Public       ,537,601,1138,1454,1195,2649
00362600,TARRANT COUNTY COLLEGE                  ,TX,76102-6599,Public       ,7724,12217,19941,15094,22844,37938
00362700,TEMPLE COLLEGE                          ,TX,76504-7435,Public       ,842,2212,3054,1786,4067,5853
00362800,TEXARKANA COLLEGE                       ,TX,75599-0001,Public       ,640,1327,1967,1127,2233,3360
00363000,PRAIRIE VIEW A&M UNIVERSITY             ,TX,77446-2967,Public       ,3307,2329,5636,10396,4832,15228
00363100,TARLETON STATE UNIVERSITY               ,TX,76402-0000,Public       ,2972,3104,6076,8551,6054,14605
00363200,TEXAS A&M UNIVERSITY                    ,TX,77842-0000,Public       ,7917,3597,11514,44190,9894,54084
00363400,TEXAS STATE TECHNICAL CLG AT WACO       ,TX,76705-1695,Public       ,1136,1450,2586,2319,2530,4849
00363500,TEXAS CHIROPRACTIC COLLEGE              ,TX,77505-1699,Private      ,8,133,141,16,249,265
00363600,TEXAS CHRISTIAN UNIVERSITY              ,TX,76129-0001,Private      ,2329,1520,3849,13289,3665,16954
00363700,JARVIS CHRISTIAN COLLEGE                ,TX,75765-1470,Private      ,256,88,344,459,159,618
00363800,TEXAS COLLEGE                           ,TX,75702-4500,Private      ,452,421,873,871,761,1632
00363900,TEXAS A&M UNIVERSITY-KINGSVILLE         ,TX,78363-8203,Public       ,2620,2818,5438,9811,6320,16131
00364100,TEXAS LUTHERAN UNIVERSITY               ,TX,78155-5999,Private      ,634,102,736,1966,259,2225
00364200,TEXAS SOUTHERN UNIVERSITY               ,TX,77004-4598,Public       ,3553,5213,8766,9552,10283,19835
00364400,TEXAS TECH UNIVERSITY                   ,TX,79409-2011,Public       ,6310,4229,10539,25550,9549,35099
00364500,TEXAS WESLEYAN UNIVERSITY               ,TX,76105-1536,Private      ,633,1660,2293,1674,3537,5211
00364600,TEXAS WOMAN'S UNIVERSITY                ,TX,76204-5587,Public       ,2643,4718,7361,9063,11459,20522
00364700,TRINITY UNIVERSITY                      ,TX,78212-7200,Private      ,576,368,944,3584,839,4423
00364800,TYLER JUNIOR COLLEGE                    ,TX,75701-3436,Public       ,3274,2948,6222,6815,5409,12224
00365100,UNIVERSITY OF DALLAS                    ,TX,75062-4799,Private      ,434,706,1140,2294,1388,3682
00365200,UNIVERSITY OF HOUSTON                   ,TX,77204-2010,Public       ,9827,10539,20366,32040,23710,55750
00365400,UNIVERSITY OF ST THOMAS                 ,TX,77006-4626,Private      ,519,1138,1657,1664,2198,3862
00365600,UNIVERSITY OF TEXAS-ARLINGTON           ,TX,76019-0000,Public       ,7016,10947,17963,22976,23828,46804
00365800,UNIVERSITY OF TEXAS-AUSTIN              ,TX,78713-7758,Public       ,6115,4950,11065,46770,18899,65669
00365900,UT HEALTH CENTER-SAN ANTONIO            ,TX,78229-3900,Public       ,498,1667,2165,1394,3943,5337
00366100,UNIVERSITY OF TEXAS-EL PASO             ,TX,79968-0629,Public       ,4831,4975,9806,16074,11107,27181
00366200,VICTORIA COLLEGE                        ,TX,77901-4494,Public       ,679,1154,1833,1341,2036,3377
00366300,WAYLAND BAPTIST UNIVERSITY              ,TX,79072-6998,Private      ,543,1429,1972,1223,2810,4033
00366400,WEATHERFORD COLLEGE                     ,TX,76086-5699,Public       ,1090,1481,2571,2090,2714,4804
00366500,WEST TEXAS A&M UNIVERSITY               ,TX,79016-0000,Public       ,2097,1757,3854,5593,3129,8722
00366800,WHARTON COUNTY JR COLLEGE               ,TX,77488-3298,Public       ,1403,1332,2735,2638,2460,5098
00366900,WILEY COLLEGE                           ,TX,75670-5199,Private      ,449,310,759,1044,560,1604
00400300,CENTRAL TEXAS COLLEGE                   ,TX,76540-4199,Public       ,1149,6176,7325,2365,12588,14953
00407221,NORTHWOOD UNIVERSITY                    ,TX,75104-0000,Private      ,268,298,566,608,535,1143
00445300,EL CENTRO COLLEGE                       ,TX,75202-3604,Public       ,2150,4908,7058,4203,8844,13047
00450303,EVEREST COLLEGE - FORT WORTH SOUTH      ,TX,76115-1407,Proprietary  ,114,451,565,178,704,882
00481102,EVEREST INSTITUTE - EVEREST COLLEGE     ,TX,76011-6630,Proprietary  ,125,423,548,185,656,841
00494800,TEXAS A&M UNIV SYSTEM HEALTH SCI CT     ,TX,77840-7896,Public       ,320,1002,1322,1626,2368,3994
00494900,BAYLOR COLLEGE OF MEDICINE              ,TX,77030-0000,Private      ,247,656,903,784,1910,2694
00495100,UNIV OF TEXAS HEALTH SCIENCE CENTER     ,TX,77225-0000,Public       ,409,1688,2097,1082,4120,5202
00495200,UNIV OF TEXAS MEDICAL BRANCH            ,TX,77550-0000,Public       ,259,1206,1465,728,2617,3345
00497200,GALVESTON COLLEGE                       ,TX,77550-7447,Public       ,458,755,1213,857,1370,2227
00497700,SOUTH TEXAS COLLEGE OF LAW              ,TX,77002-0000,Private      ,41,571,612,93,1694,1787
00520307,REMINGTON COLLEGE - DALLAS CAMPUS       ,TX,75041-9935,Proprietary  ,37,97,134,86,266,352
00660600,BAPTIST HS SCHOOL OF HEALTH PROFESSIONS ,TX,78229-3234,Proprietary  ,95,494,589,212,1084,1296
00661200,COVENANT SCH OF NSG & ALLIED HEALTH     ,TX,79410-0000,Private      ,107,224,331,195,424,619
00666100,ANGELINA COLLEGE                        ,TX,75902-0000,Public       ,863,1370,2233,1767,2491,4258
00694100,DALLAS CHRISTIAN COLLEGE                ,TX,75234-7229,Private      ,150,227,377,316,437,753
00709600,COLLEGE OF THE MAINLAND                 ,TX,77591-2499,Public       ,510,1207,1717,963,2205,3168
00728700,BRAZOSPORT COLLEGE                      ,TX,77566-3199,Public       ,566,783,1349,1043,1346,2389
00732907,ITT TECHNICAL INSTITUTE                 ,TX,77063-3751,Proprietary  ,192,686,878,389,1104,1493
00732913,ITT TECHNICAL INSTITUTE                 ,TX,76011-3919,Proprietary  ,168,727,895,279,987,1266
00732975,ITT TECHNICAL INSTITUTE                 ,TX,78249-3303,Proprietary  ,146,557,703,279,839,1118
00754805,WESTWOOD COLLEGE OF TECHNOLOGY          ,TX,77074-0000,Proprietary  ,25,91,116,56,203,259
00793804,LINCOLN COLLEGE OF TECHNOLOGY - GRAND PR,TX,75052-7605,Proprietary  ,462,310,772,698,482,1180
00849800,MIMS CLASSIC BEAUTY COLLEGE             ,TX,78216-0000,Proprietary  ,19,45,64,31,78,109
00850300,MOUNTAIN VIEW COLLEGE                   ,TX,75211-6599,Public       ,1661,2585,4246,3241,4597,7838
00850400,RICHLAND COLLEGE                        ,TX,75243-2199,Public       ,2302,3557,5859,4531,6560,11091
00851000,EASTFIELD COLLEGE                       ,TX,75150-2099,Public       ,1983,3316,5299,3712,6031,9743
00907905,EVEREST COLLEGE                         ,TX,75206-5209,Proprietary  ,269,926,1195,442,1427,1869
00908200,INTERNATIONAL BUSINESS COLLEGE          ,TX,79903-0000,Proprietary  ,45,145,190,92,238,330
00916300,SAN ANTONIO COLLEGE                     ,TX,78212-4299,Public       ,5650,7763,13413,11200,14695,25895
00922500,TEXAS STATE TECHNICAL COLLEGE  HARLINGEN,TX,78550-3697,Public       ,1209,1343,2552,3386,2778,6164
00946600,KAPLAN COLLEGE                          ,TX,78216-1899,Proprietary  ,103,446,549,233,895,1128
00946607,KAPLAN COLLEGE - MCALLEN                ,TX,78503-1622,Proprietary  ,156,206,362,285,353,638
00946609,KAPLAN COLLEGE - CAREER CENTERS OF TEXAS,TX,78416-9900,Proprietary  ,76,268,344,148,497,645
00946610,KAPLAN COLLEGE - CAREER CENTERS OF TEXAS,TX,76103-2310,Proprietary  ,82,289,371,139,569,708
00954900,WESTERN TEXAS COLLEGE                   ,TX,79549-9501,Public       ,255,171,426,524,338,862
00965100,TEXAS A&M INTERNATIONAL UNIVERSITY      ,TX,78041-1900,Public       ,1522,1165,2687,5657,2458,8115
00974100,UNIVERSITY OF TEXAS AT DALLAS           ,TX,75083-0000,Public       ,3033,3999,7032,11450,8720,20170
00976800,UNIVERSITY OF NORTH TEXAS HEALTH SCIENCE,TX,76107-2699,Public       ,221,1142,1363,619,2799,3418
00979700,MIDLAND COLLEGE                         ,TX,79705-6397,Public       ,601,912,1513,1224,1652,2876
00982802,EVEREST INSTITUTE- AUSTIN               ,TX,78754-0000,Proprietary  ,130,433,563,240,708,948
00993000,UNIVERSITY OF TEXAS-PERMIAN BASIN       ,TX,79762-0001,Public       ,756,1240,1996,1779,2173,3952
00993200,TEXAS STATE TECH CLG-WEST TEXAS         ,TX,79556-4108,Public       ,170,276,446,365,471,836
00993201,TEXAS STATE TECH COLLEGE-ABILENE        ,TX,79601-0000,Public       ,117,301,418,269,553,822
00993204,TEXAS STATE TECH CLG-BRECKENRIDGE       ,TX,76424-0000,Public       ,20,50,70,54,90,144
00993205,TEXAS STATE TECH COLLEGE-BROWNWOOD      ,TX,76801-0000,Public       ,43,130,173,93,226,319
01001900,UNIV OF TEXAS SOUTHWESTERN MED CTR      ,TX,75390-9096,Public       ,127,576,703,364,2196,2560
01005700,AMERICAN COMMERCIAL COLLEGE             ,TX,79602-1399,Proprietary  ,2,19,21,15,60,75
01005900,AMERICAN COMMERCIAL COLLEGE             ,TX,79761-0000,Proprietary  ,13,62,75,24,83,107
01005901,AMERICAN COMMERCIAL COLLEGE - AMERICAN C,TX,76310-2303,Proprietary  ,29,132,161,44,213,257
01006000,VERNON COLLEGE                          ,TX,76384-4092,Public       ,512,1018,1530,1013,1850,2863
01011500,UNIVERSITY OF TEXAS-SAN ANTONIO         ,TX,78249-0600,Public       ,7664,6134,13798,32152,15344,47496
01013000,WADE COLLEGE                            ,TX,75207-3199,Proprietary  ,101,161,262,172,282,454
01038700,EL PASO COMMUNITY COLLEGE               ,TX,79998-0000,Public       ,5519,5631,11150,13197,11437,24634
01050900,HALLMARK COLLEGE OF AERONAUTICS         ,TX,78214-0000,Proprietary  ,110,461,571,159,692,851
01063300,HOUSTON COMMUNITY COLLEGE               ,TX,77002-0000,Public       ,9622,19324,28946,19414,37208,56622
01067400,TEXAS TECH U HEALTH SCIENCES CENTER     ,TX,79430-0000,Public       ,452,2161,2613,1374,4662,6036
01076100,DALLAS INSTITUTE OF FUNERAL SERVICE     ,TX,75227-4314,Private      ,32,185,217,80,310,390
01114500,LONE STAR COLLEGE SYSTEM                ,TX,77073-3499,Public       ,8618,14257,22875,17277,28125,45402
01116100,TEXAS A&M UNIV CORPUS CHRISTI           ,TX,78412-5599,Public       ,3162,2486,5648,11199,5123,16322
01116300,UNIVERSITY OF TEXAS AT TYLER            ,TX,75799-6699,Public       ,1814,2445,4259,4834,4532,9366
01171100,UNIVERSITY OF HOUSTON-CLEAR LAKE        ,TX,77058-1002,Public       ,992,2963,3955,2177,6325,8502
01201500,AUSTIN COMMUNITY COLLEGE                ,TX,78752-4390,Public       ,5623,8107,13730,14364,18039,32403
01202000,VICTORIA BEAUTY COLLEGE                 ,TX,77901-6233,Proprietary  ,22,63,85,31,92,123
01226800,BALDWIN BEAUTY SCHOOL #5                ,TX,78704-4785,Proprietary  ,67,140,207,130,277,407
01229700,LAREDO BEAUTY COLLEGE                   ,TX,78040-1051,Proprietary  ,43,89,132,94,151,245
01248300,COSMETOLOGY CAREER CENTER-A PAUL MITCHEL,TX,75006-2567,Proprietary  ,127,195,322,223,320,543
01248800,INTERNATIONAL BEAUTY COLLEGE NO 3       ,TX,75040-0000,Proprietary  ,9,44,53,15,60,75
01276400,METROPLEX BEAUTY SCHOOL                 ,TX,75149-0000,Proprietary  ,17,47,64,22,77,99
01293000,CHARLES & SUE'S SCH OF HAIR DESIGN      ,TX,77801-0000,Proprietary  ,35,50,85,61,83,144
01293200,TINT SCHOOL OF MAKEUP & COSMETOLOGY     ,TX,75061-4235,Proprietary  ,17,52,69,26,81,107
01300300,NEILSON BEAUTY COLLEGE                  ,TX,75208-4637,Proprietary  ,16,42,58,37,73,110
01301600,OGLE SCHOOL HAIR SKIN NAILS             ,TX,76013-7400,Proprietary  ,146,289,435,262,575,837
01303912,SOUTH UNIVERSITY - THE ART INSTITUTE OF ,TX,75231-5993,Proprietary  ,580,530,1110,1329,1029,2358
01303915,SOUTH UNIVERSITY - AUSTIN               ,TX,78729-8101,Proprietary  ,48,207,255,159,419,578
01323100,UNIVERSITY OF HOUSTON-VICTORIA          ,TX,77901-5731,Public       ,683,1629,2312,2292,3235,5527
02058600,CONLEE'S COLLEGE OF COSMETOLOGY         ,TX,78028-0000,Proprietary  ,9,15,24,17,29,46
02074100,CAPITOL CITY TRADE & TECHNICAL SCH      ,TX,78704-0000,Proprietary  ,68,230,298,105,331,436
02077400,NORTH LAKE COLLEGE                      ,TX,75038-0000,Public       ,1242,2244,3486,2361,3941,6302
02081400,ARLINGTON BAPTIST COLLEGE               ,TX,76012-0000,Private      ,103,132,235,197,239,436
02093600,SOUTHWEST SCHOOL OF ELECTRONIC          ,TX,78735-0000,Proprietary  ,12,40,52,31,66,97
02098300,WESTERN TECHNICAL COLLEGE               ,TX,79927-2105,Proprietary  ,298,622,920,563,996,1559
02100200,BROOKHAVEN COLLEGE                      ,TX,75244-0000,Public       ,1213,2520,3733,2288,4510,6798
02113610,AMERICAN INTERCONTINENTAL UNIV - HOUSTON,TX,77042-4516,Proprietary  ,74,393,467,146,792,938
02116008,SANFORD-BROWN COLLEGE - HOUSTON         ,TX,77042-8900,Proprietary  ,138,437,575,266,832,1098
02116012,SANFORD-BROWN COLLEGE - HOUSTON NORTH LO,TX,77008-1058,Proprietary  ,35,145,180,75,290,365
02117100,ART INSTITUTE OF HOUSTON                ,TX,77056-0000,Proprietary  ,1545,1849,3394,3577,3612,7189
02119200,COURT REPORTING INSTITUTE OF DALLAS     ,TX,75247-6913,Proprietary  ,22,204,226,35,356,391
02119202,COURT REPORTING INSTIUTE OF DALLAS - COU,TX,77040-6315,Proprietary  ,4,30,34,9,70,79
02128302,INSTITUTE FOR BUSINESS & TECHNOLOGY - LA,TX,78230-2520,Proprietary  ,30,121,151,79,216,295
02136800,AMERICAN COMMERCIAL COLLEGE             ,TX,76904-0000,Proprietary  ,18,68,86,31,102,133
02144800,VET TECH INSTITUTE OF HOUSTON           ,TX,77027-9881,Proprietary  ,172,180,352,289,297,586
02176100,PIPO ACADEMY OF HAIR DESIGN             ,TX,79903-0000,Proprietary  ,21,36,57,41,84,125
02200800,AMERICAN COMMERCIAL COLLEGE             ,TX,79411-0000,Proprietary  ,0,0,0,6,5,11
02218300,SOUTHWEST SCHOOL OF BUSINESS & TECHNICAL,TX,78221-0000,Proprietary  ,43,147,190,73,245,318
02218305,SOUTHWEST SCHOOL OF BUSINESS AND TECHNIC,TX,78501-6053,Proprietary  ,21,56,77,35,91,126
02218306,SOUTHWEST SCHOOL OF BUSINESS AND TECHNIC,TX,78413-2045,Proprietary  ,21,70,91,36,113,149
02224600,TRI-STATE BEAUTY SCHOOL #1              ,TX,79915-0000,Proprietary  ,43,124,167,78,210,288
02230500,OGLE SCHOOL HAIR SKIN NAILS             ,TX,76132-3638,Proprietary  ,158,335,493,250,614,864
02230600,OGLE SCHOOL HAIR SKIN NAILS             ,TX,76053-4650,Proprietary  ,77,162,239,136,306,442
02239100,CENTRAL TEXAS BEAUTY COLLEGE #2         ,TX,78664-4204,Proprietary  ,34,126,160,61,212,273
02248200,MILAN INSTITUTE OF COSMETOLOGY          ,TX,79103-0000,Proprietary  ,235,526,761,335,823,1158
02254800,TEXAS VOCATIONAL SCHOOLS                ,TX,77901-0000,Proprietary  ,27,52,79,42,86,128
02259400,AMBERTON UNIVERSITY                     ,TX,75041-0000,Private      ,17,145,162,26,288,314
02261300,EVEREST INSTITUTE                       ,TX,78213-3841,Proprietary  ,89,338,427,169,594,763
02261302,EVEREST INSTITUTE - HOUSTON GREENSPOINT ,TX,77060-3249,Proprietary  ,110,375,485,213,713,926
02261303,EVEREST INSTITUTE - HOUSTON HOBBY       ,TX,77087-2737,Proprietary  ,116,358,474,173,575,748
02267100,EXPOSITO SCHOOL OF HAIR DESIGN          ,TX,79109-0000,Proprietary  ,14,20,34,27,46,73
02276000,FRANKLIN BEAUTY SCHOOL #2               ,TX,77021-0000,Proprietary  ,41,104,145,77,214,291
02285900,UNIVERSITY OF COSMETOLOGY ARTS&SCI      ,TX,78504-0000,Proprietary  ,72,159,231,132,227,359
02294800,CAPITOL CITY CAREERS                    ,TX,78745-0000,Proprietary  ,14,82,96,27,150,177
02298501,EVEREST COLLEGE- FORT WORTH             ,TX,76137-2472,Proprietary  ,129,441,570,196,749,945
02305300,PARKER COLLEGE OF CHIROPRACTIC          ,TX,75229-0000,Private      ,37,356,393,81,948,1029
02306700,FORT WORTH BEAUTY SCHOOL                ,TX,76116-3299,Proprietary  ,48,132,180,76,232,308
02312200,TEXAS SCHOOL OF BUSINESS                ,TX,77073-6032,Proprietary  ,133,414,547,231,717,948
02312201,TEXAS SCHOOL OF BUSINESS - SOUTHWEST CAM,TX,77057-5914,Proprietary  ,0,0,0,28,108,136
02312202,TEXAS SCHOOL OF BUSINESS - FRIENDSWOOD C,TX,77546-8938,Proprietary  ,25,109,134,42,191,233
02312203,TEXAS SCHOOL OF BUSINESS - EAST CAMPUS  ,TX,77029-1916,Proprietary  ,0,0,0,29,77,106
02313901,WESTWOOD COLLEGE - DALLAS               ,TX,75243-0000,Proprietary  ,49,208,257,102,393,495
02315400,NORTHEAST TEXAS COMMUNITY COLLEGE       ,TX,75456-0000,Public       ,677,906,1583,1253,1463,2716
02318200,"KD STUDIO, ACTOR'S CONSERVATORY         ",TX,75207-2111,Proprietary  ,66,98,164,126,183,309
02320200,HOUSTON GRADUATE SCHOOL OF THEOLOGY     ,TX,77092-0000,Private      ,4,131,135,16,223,239
02326000,SAN ANTONIO BEAUTY COLLEGE NO 3         ,TX,78217-0000,Proprietary  ,36,58,94,72,106,178
02331200,BAPTIST MISSIONARY ASSN THEOL SEM       ,TX,75766-0000,Private      ,6,30,36,6,57,63
02331300,INTERACTIVE LEARNING SYSTEMS            ,TX,77502-1201,Proprietary  ,18,105,123,26,127,153
02331301,INTERACTIVE LEARNING SYSTEMS            ,TX,77081-0000,Proprietary  ,45,190,235,61,306,367
02331304,INTERACTIVE LEARNING SYSTEMS            ,TX,77060-0000,Proprietary  ,14,94,108,16,138,154
02341300,PALO ALTO COLLEGE                       ,TX,78224-0000,Public       ,2419,2919,5338,4659,5295,9954
02348500,LAMAR STATE COLLEGE-PORT ARTHUR         ,TX,77640-0000,Public       ,420,860,1280,862,1549,2411
02357700,PAUL MITCHELL THE SCHOOL                ,TX,77043-3412,Proprietary  ,145,303,448,291,538,829
02358200,LAMAR STATE COLLEGE-ORANGE              ,TX,77630-0000,Public       ,366,800,1166,679,1365,2044
02361400,COLLIN COUNTY COMMUNITY COLLEGE         ,TX,75071-0000,Public       ,3179,4889,8068,6425,9028,15453
02362000,UNIVERSAL TECHNICAL INSTITUTE           ,TX,77073-0000,Proprietary  ,1702,1511,3213,4006,2790,6796
02362800,AUSTIN GRADUATE SCHOOL OF THEOLOGY      ,TX,78752-1333,Private      ,4,33,37,10,77,87
02521200,ARLINGTON CAREER INSTITUTE              ,TX,75050-0000,Proprietary  ,20,135,155,39,241,280
02521800,SEGUIN BEAUTY SCHOOL                    ,TX,78155-0000,Proprietary  ,22,50,72,31,71,102
02527500,HOUSTON TRAINING SCHOOLS                ,TX,77029-0000,Proprietary  ,52,244,296,95,410,505
02530700,SEBRING CAREER SCHOOLS                  ,TX,77083-1510,Proprietary  ,4,32,36,12,52,64
02548800,SOUTH TEXAS VO-TECH INSTITUTE           ,TX,78596-0000,Proprietary  ,89,143,232,153,196,349
02548802,SOUTH TEXAS VOCATIONAL TECHNICAL INSTITU,TX,78520-8710,Proprietary  ,100,128,228,153,179,332
02549400,SOUTH TEXAS VO-TECH INSTITUTE           ,TX,78501-0000,Proprietary  ,125,172,297,201,241,442
02549402,SOUTH TEXAS VOCATIONAL TECHNICAL INSTITU,TX,78416-1141,Proprietary  ,66,196,262,109,301,410
02555400,UNIV OF TX MD ANDERSON CANCER CTR       ,TX,77030-0000,Public       ,86,305,391,213,636,849
02567200,OFFICE CAREER CENTER                    ,TX,76180-0000,Proprietary  ,0,1,1,0,1,1
02568100,TEXAS BARBER COLLEGE                    ,TX,77063-3949,Proprietary  ,49,201,250,85,333,418
02568101,TEXAS BARBER COLLEGES & HAIRSTYLING SCHO,TX,75228-3841,Proprietary  ,49,138,187,78,234,312
02568106,TEXAS BARBER COLLEGES & HAIRSTYLING SCHO,TX,77009-0000,Proprietary  ,36,102,138,72,195,267
02568107,TEXAS BARBER COLLEGES & HAIRSTYLING SCHO,TX,77063-3951,Proprietary  ,35,137,172,74,230,304
02568108,TEXAS BARBER COLLEGES & HAIRSTYLING SCHO,TX,75241-1327,Proprietary  ,43,174,217,75,298,373
02568109,TEXAS BARBER COLLEGES & HAIRSTYLING SCHO,TX,77301-4407,Proprietary  ,14,30,44,26,70,96
02569300,LE CORDON BLEU COLLEGE OF CULINARY ARTS ,TX,78758-3647,Proprietary  ,507,955,1462,1002,1876,2878
02572000,COMPUTER CAREER CENTER                  ,TX,79925-2021,Proprietary  ,280,847,1127,376,1182,1558
02572004,COMPUTER CAREER CENTER - AMARILLO CAMPUS,TX,79101-2404,Proprietary  ,55,207,262,78,261,339
02572005,COMPUTER CAREER CENTER - LUBBOCK CAMPUS ,TX,79414-3517,Proprietary  ,53,209,262,84,292,376
02572008,VISTA COLLEGE - BEAUMONT                ,TX,77701-3717,Proprietary  ,42,204,246,54,297,351
02572009,VISTA COLLEGE - LONGVIEW                ,TX,75604-1905,Proprietary  ,61,323,384,74,400,474
02572011,VISTA COLLEGE - KILLEEN                 ,TX,76541-7436,Proprietary  ,65,424,489,89,574,663
02591100,CAREER POINT COLLEGE                    ,TX,78201-2027,Proprietary  ,111,838,949,193,1262,1455
02591900,KAPLAN COLLEGE                          ,TX,79907-1525,Proprietary  ,151,456,607,308,801,1109
02591905,KAPLAN COLLEGE - BROWNSVILLE            ,TX,78521-9905,Proprietary  ,75,182,257,151,362,513
02596400,REDSTONE COLLEGE - LOS ANGELES          ,TX,77061-0000,Proprietary  ,92,185,277,129,268,397
02596600,ATI-CAREER TRAINING CENTER              ,TX,75220-4443,Proprietary  ,4,14,18,44,160,204
02596601,ATI CAREER TRAINING CENTER - RICHARDSON ,TX,75081-1948,Proprietary  ,0,5,5,15,52,67
02596602,ATI CAREER TRAINING CENTER - DALLAS (STE,TX,75247-6103,Proprietary  ,4,14,18,74,200,274
02600200,OCEAN CORPORATION (THE)                 ,TX,77099-3479,Proprietary  ,75,291,366,132,528,660
02604700,CENTER FOR ADVANCED LEGAL STUDIES       ,TX,77098-4151,Proprietary  ,14,116,130,33,287,320
02606202,EVEREST COLLEGE - EVEREST INSTITUTE - BI,TX,77036-8014,Proprietary  ,122,475,597,222,949,1171
02615000,SANFORD-BROWN COLLEGE                   ,TX,75247-6931,Proprietary  ,139,518,657,251,957,1208
03009400,SW SCH BUS & TECH CAREERS               ,TX,78212-2840,Proprietary  ,14,66,80,24,114,138
03010604,VIRGINIA COLLEGE - VIRGINIA COLLEGE AT A,TX,78723-0000,Proprietary  ,56,282,338,133,582,715
03011800,UNIVERSITY OF COSMETOLOGY ARTS & SCIENCE,TX,78226-1160,Proprietary  ,34,72,106,76,118,194
03019800,PCI HEALTH TRAINING CENTER              ,TX,75247-4720,Proprietary  ,117,319,436,191,522,713
03021500,SW SCH BUS & TECH CAREERS               ,TX,78852-4859,Proprietary  ,70,76,146,144,141,285
03025000,TEXAS COLLEGE OF COSMETOLOGY            ,TX,79605-2001,Proprietary  ,24,89,113,45,156,201
03025001,TEXAS COLLEGE OF COSMETOLOGY - SAN ANGEL,TX,76903-4708,Proprietary  ,19,32,51,36,60,96
03026500,REMINGTON COLLEGE - HOUSTON CAMPUS      ,TX,77082-1849,Private      ,599,1655,2254,780,2306,3086
03026501,REMINGTON COLLEGE - NORTH HOUSTON CAMPUS,TX,77067-1849,Private      ,57,254,311,128,503,631
03026506,REMINGTON COLLEGE - FT. WORTH CAMPUS    ,TX,76112-1280,Private      ,130,409,539,210,636,846
03028800,CIRCLE J BEAUTY SCHOOL                  ,TX,77587-3714,Proprietary  ,24,68,92,39,92,131
03030608,UTAH COLLEGE OF MASSAGE THERAPY - TEXAS ,TX,75801-4848,Proprietary  ,51,104,155,77,164,241
03030609,UTAH COLLEGE OF MASSAGE THERAPY - TEXAS ,TX,77040-6307,Proprietary  ,54,143,197,95,270,365
03031408,INTERNATIONAL ACADEMY OF DESIGN & TECHNO,TX,78229-2263,Proprietary  ,79,200,279,183,433,616
03032300,SCHOOL OF AUTOMOTIVE MACHINISTS         ,TX,77055-1803,Proprietary  ,59,132,191,115,236,351
03035200,TINT SCHOOL OF MAKEUP & COSMETOLOGY     ,TX,75229-3734,Proprietary  ,52,134,186,97,220,317
03035300,SOUTHERN CAREERS INSTITUTE              ,TX,78704-5252,Proprietary  ,305,989,1294,352,1237,1589
03035301,SOUTHERN CAREERS INSTITUTE-PHARR        ,TX,78577-2118,Proprietary  ,43,101,144,52,114,166
03035302,SOUTHERN CAREERS INSTITUTE - CORPUS CHRI,TX,78414-2904,Proprietary  ,50,229,279,76,285,361
03035303,SOUTHERN CAREERS INSTITUTE - SAN ANTONIO,TX,78221-4351,Proprietary  ,20,79,99,43,162,205
03035305,SOUTHERN CAREERS INSTITUTE - BROWNSVILLE,TX,78520-8680,Proprietary  ,24,40,64,65,70,135
03035306,SOUTHERN CAREERS INSTITUTE - HARLINGEN  ,TX,78550-7911,Proprietary  ,23,44,67,63,87,150
03035307,SOUTHERN CAREERS INSTITUTE - CORPUS CHRI,TX,78410-1609,Proprietary  ,0,0,0,14,44,58
03035308,SOUTHERN CAREERS INSTITUTE - SAN ANTONIO,TX,78238-4114,Proprietary  ,8,37,45,8,37,45
03061800,STAR COLLEGE OF COSMETOLOGY             ,TX,75702-8214,Proprietary  ,54,138,192,99,221,320
03064600,UNIVERSITY OF TEXAS AT BROWNSVILLE      ,TX,78520-4993,Public       ,1718,2204,3922,8040,6125,14165
03075400,ICC TECHNICAL INSTITUTE                 ,TX,77004-2930,Private      ,29,78,107,65,158,223
03076403,BRYMAN SCHOOL OF ARIZONA (THE) - ANTHEM ,TX,75038-4201,Proprietary  ,42,119,161,47,158,205
03079201,WESTWOOD COLLEGE OF TECHNOLOGY          ,TX,76180-0000,Proprietary  ,6,9,15,13,32,45
03103400,SOUTH TEXAS COLLEGE                     ,TX,78501-6699,Public       ,4434,4226,8660,11171,7974,19145
03108700,ROYAL BEAUTY CAREERS                    ,TX,77069-4611,Proprietary  ,46,129,175,76,218,294
03115800,KAPLAN COLLEGE                          ,TX,78238-4203,Proprietary  ,96,403,499,180,670,850
03115802,KAPLAN COLLEGE - LAREDO                 ,TX,78041-6181,Proprietary  ,83,182,265,138,262,400
03115803,KAPLAN COLLEGE-BEAUMONT                 ,TX,77701-3706,Proprietary  ,50,236,286,87,415,502
03115804,KAPLAN COLLEGE - LUBBOCK                ,TX,79401-2601,Proprietary  ,51,168,219,80,283,363
03128100,ACADEMY OF HEALTH CARE PROFESSIONS      ,TX,77092-8108,Proprietary  ,283,954,1237,469,1617,2086
03144300,NATIONAL BEAUTY COLLEGE                 ,TX,75043-4046,Proprietary  ,9,25,34,15,56,71
03153300,AMER COLL OF ACUPUNCTURE & O.M.         ,TX,77063-4104,Proprietary  ,6,47,53,12,92,104
03156400,ACADEMY OF ORIENTAL MEDICINE AT AUSTIN  ,TX,78757-1132,Proprietary  ,19,129,148,46,248,294
03159300,ARLINGTON MEDICAL INSTITUTE             ,TX,76011-0000,Proprietary  ,54,149,203,144,299,443
03170300,TEXAS A&M UNIVERSITY-TEXARKANA          ,TX,75501-0000,Public       ,493,843,1336,1183,1576,2759
03179500,TEXAS COLG TRADITIONAL CHINESE MED      ,TX,78704-6748,Proprietary  ,4,36,40,9,97,106
03237400,FARIS COMPUTER SCHOOL                   ,TX,77627-3829,Proprietary  ,4,8,12,6,11,17
03272300,KAPLAN COLLEGE                          ,TX,75234-7288,Proprietary  ,98,482,580,185,858,1043
03272301,KAPLAN COLLEGE - MIDLAND                ,TX,79703-5531,Proprietary  ,14,62,76,40,120,160
03272303,KAPLAN COLLEGE - ARLINGTON              ,TX,76010-8121,Proprietary  ,118,372,490,205,634,839
03275300,TOUCH OF CLASS SCHOOL OF COSM           ,TX,75402-6314,Proprietary  ,13,49,62,20,72,92
03276300,ACADEMY OF HAIR DESIGN                  ,TX,75901-4900,Proprietary  ,21,83,104,37,138,175
03277300,ACADEMY OF HAIR DESIGN                  ,TX,77701-4650,Proprietary  ,16,63,79,28,116,144
03303300,NORTHWEST EDUCATIONAL CENTER            ,TX,77092-7055,Proprietary  ,13,93,106,32,155,187
03371300,TONI&GUY HAIRDRESSING ACADEMY           ,TX,75006-2351,Proprietary  ,60,103,163,94,153,247
03372300,NORTHWEST VISTA COLLEGE                 ,TX,78251-4217,Public       ,4063,4222,8285,8216,7915,16131
03396500,TEXAS STATE TECHNICAL COLG/MARSHALL     ,TX,75672-7402,Public       ,153,202,355,298,377,675
03400300,CAREER QUEST                            ,TX,78229-3539,Proprietary  ,47,252,299,72,366,438
03412300,ADVANCED BARBER COLLEGE & HAIR DESI     ,TX,78596-0000,Proprietary  ,36,82,118,52,119,171
03416500,DALLAS NURSING INSTITUTE                ,TX,75243-5502,Proprietary  ,141,558,699,281,950,1231
03422300,MILAN INSTITUTE                         ,TX,78238-4103,Proprietary  ,273,608,881,440,1054,1494
03422400,COLLEGE OF BIBLICAL STUDIES-HOUSTON     ,TX,77036-3211,Private      ,41,355,396,87,728,815
03424400,MEDVANCE INSTITUTE                      ,TX,77057-7386,Proprietary  ,86,381,467,130,635,765
03426300,CAREER ADVANCEMENT CENTER               ,TX,78752-3630,Proprietary  ,67,213,280,90,319,409
03480304,MEDVANCE INSTITUTE OF BATON ROUGE - GRAN,TX,75050-2342,Proprietary  ,20,91,111,42,151,193
03520300,LUBBOCK HAIR ACADEMY                    ,TX,79410-3524,Proprietary  ,16,48,64,29,80,109
03542300,CONCORDE CAREER INSTITUTE               ,TX,76011-4016,Proprietary  ,109,575,684,197,1031,1228
03556400,KUSSAD INSTITUTE OF COURT REPORTING     ,TX,78704-5712,Proprietary  ,3,16,19,8,29,37
03573300,AVIATION INSTITUTE OF MAINTENANCE       ,TX,75209-3017,Proprietary  ,66,246,312,111,479,590
03610300,MJ'S BEAUTY ACADEMY INC                 ,TX,75224-4425,Proprietary  ,21,51,72,37,95,132
03612400,VALLEY GRANDE INSTITUTE FOR ACADEMI     ,TX,78596-0000,Private      ,54,177,231,90,234,324
03627300,LAMAR INSTITUTE OF TECHNOLOGY           ,TX,77705-4142,Public       ,673,1171,1844,1372,2172,3544
03676400,HEALTHY HAIR ACADEMY                    ,TX,75227-0000,Proprietary  ,13,37,50,26,72,98
03680300,JAY'S TECHNICAL INSTITUTE               ,TX,77031-3509,Proprietary  ,14,73,87,19,112,131
03682400,DALLAS BARBER & STYLIST COLLEGE         ,TX,75231-0000,Proprietary  ,58,223,281,109,395,504
03714300,TREND BARBER COLLEGE                    ,TX,77071-2104,Proprietary  ,33,160,193,53,284,337
03723300,CULINARY INST ALAIN & MARIE LENOTRE     ,TX,77022-4322,Proprietary  ,118,245,363,207,450,657
03727600,CULINARY ACADEMY OF AUSTIN              ,TX,78752-0000,Proprietary  ,107,157,264,278,321,599
03731300,INTERNATIONAL RENOWNED BEAUTY ACADE     ,TX,76103-2504,Proprietary  ,0,0,0,4,12,16
03733300,BAPTIST UNIVERSITY OF THE AMERICAS      ,TX,78224-1336,Private      ,52,140,192,112,263,375
03756300,ANAMARC COLLEGE                         ,TX,79930-6230,Proprietary  ,146,642,788,279,1016,1295
03922300,SOUTH TEXAS BARBER COLLEGE              ,TX,78415-3463,Proprietary  ,9,26,35,23,49,72
03944400,PROFESSIONAL CAREERS INSTITUTE          ,TX,77036-2252,Proprietary  ,10,63,73,20,122,142
03944401,PROFESSIONAL CAREERS INSTITUTE          ,TX,77090-3914,Proprietary  ,14,77,91,31,150,181
03970300,HANDS ON THERAPY                        ,TX,75149-2294,Proprietary  ,16,49,65,25,74,99
03987300,TEXAS HEALTH SCHOOL                     ,TX,77079-2106,Proprietary  ,82,230,312,204,462,666
04036300,SOUTHEAST TEXAS CAREER INSTITUTE        ,TX,77656-8601,Proprietary  ,20,55,75,32,83,115
04045300,NORTHWEST BEAUTY SCHOOL                 ,TX,77091-1208,Proprietary  ,14,57,71,38,101,139
04045400,MAI-TRIX BEAUTY COLLEGE                 ,TX,77040-0000,Proprietary  ,16,59,75,38,115,153
04082300,PROFESSIONAL CAREER TRAINING INSTITUTE  ,TX,77090-0000,Proprietary  ,20,107,127,40,187,227
04089400,CCI TRAINING CENTER                     ,TX,76011-4857,Proprietary  ,16,126,142,36,221,257
04117900,CHAMPION BEAUTY COLLEGE                 ,TX,77069-4611,Proprietary  ,29,103,132,61,211,272
04121800,CRISWELL COLLEGE                        ,TX,75246-1537,Private      ,71,161,232,112,297,409
04125400,ACADEMY AT AUSTIN (THE)                 ,TX,78660-3287,Proprietary  ,52,71,123,80,138,218
04125500,MANUEL AND THERESA'S SCHOOL OF HAIR DESI,TX,77803-3236,Proprietary  ,11,23,34,24,41,65
04129800,MEDIATECH INSTITUTE DALLAS              ,TX,75039-3105,Proprietary  ,55,95,150,89,198,287
04129801,MEDIATECH INSTITUTE - AUSTIN            ,TX,78704-8933,Proprietary  ,21,53,74,54,103,157
04129802,MEDIATECH INSTITUTE HOUSTON             ,TX,77042-4712,Proprietary  ,36,87,123,65,163,228
04131700,SOUTHWEST CAREER COLLEGE                ,TX,79925-6230,Proprietary  ,295,672,967,607,1169,1776
04135600,CANNON INSTITUTE OF HIGHER LEARNING     ,TX,75247-9998,Proprietary  ,2,34,36,9,71,80
04136500,PCCENTER                                ,TX,75115-4214,Proprietary  ,7,24,31,11,39,50
04138500,CARDIOTECH ULTRASOUND SCHOOL            ,TX,77099-1440,Proprietary  ,40,158,198,92,323,415
04142300,AVEDA INSTITUTE SAN ANTONIO             ,TX,78215-1260,Proprietary  ,106,224,330,210,426,636
04146700,AVIATION INSTITUTE OF MAINTENANCE       ,TX,77061-4004,Proprietary  ,76,183,259,121,294,415
04146800,SOUTH TEXAS TRAINING CENTER             ,TX,78586-7721,Proprietary  ,17,47,64,23,58,81
04152700,ASTRODOME CAREER CENTERS                ,TX,77054-2678,Proprietary  ,10,67,77,22,129,151
04154800,DUVALL'S SCHOOL OF COSMETOLOGY          ,TX,76021-4159,Proprietary  ,11,23,34,27,31,58
04155800,ADVANCED BEAUTY COLLEGE                 ,TX,75061-1918,Proprietary  ,13,48,61,24,73,97
04158500,TEXAS BEAUTY COLLEGE                    ,TX,76117-3201,Proprietary  ,0,10,10,7,17,24
04160700,AVENUE FIVE INSTITUTE                   ,TX,78757-7000,Proprietary  ,45,129,174,86,251,337
04161100,CORPUS CHRISTI BEAUTY ACADEMY           ,TX,78412-3900,Proprietary  ,21,43,64,49,81,130
04165800,SALON PROFESSIONAL ACADEMY (THE)        ,TX,75067-5390,Proprietary  ,16,39,55,30,65,95
04168700,LAWYER'S ASSISTANT SCHOOL OF DALLAS     ,TX,75201-2829,Proprietary  ,23,127,150,47,244,291
04168800,ABC BEAUTY ACADEMY                      ,TX,75042-8682,Proprietary  ,10,32,42,19,60,79
04169000,SALON & SPA INSTITUTE                   ,TX,78521-1727,Proprietary  ,31,52,83,62,81,143
04169100,DIAMONDS COSMETOLOGY COLLEGE            ,TX,75090-2657,Proprietary  ,10,38,48,19,58,77
04177900,BUCKNER BARBER SCHOOL                   ,TX,75217-1775,Proprietary  ,25,58,83,45,114,159
04178200,VOGUE COLLEGE - SAN ANTONIO             ,TX,78201-5035,Proprietary  ,20,54,74,47,100,147
04178300,VOGUE BEAUTY ACADEMY                    ,TX,78238-4402,Proprietary  ,30,80,110,60,131,191
04178400,VOGUE COLLEGE - MCALLEN                 ,TX,78501-1945,Proprietary  ,40,78,118,67,122,189
04179500,NORTH AMERICAN COLLEGE                  ,TX,77038-0000,Private      ,131,98,229,219,187,406
04184800,EXCEL LEARNING CENTER                   ,TX,79907-1400,Proprietary  ,13,55,68,20,108,128
04187800,CYBERTEX INSTITUTE OF TECHNOLOGY        ,TX,78752-3825,Proprietary  ,14,76,90,37,129,166
04193000,RGV CAREERS AN INSTITUTE FOR HIGHER LEAR,TX,78577-2106,Proprietary  ,13,74,87,22,119,141
04205200,WADE GORDON HAIRDRESSING ACADEMY        ,TX,79121-0548,Proprietary  ,14,36,50,31,64,95
04213300,SPA PROFESSIONALS ACADEMY (THE)         ,TX,78504-2569,Proprietary  ,18,33,51,34,69,103
04219700,GEMINI SCHOOL OF VISUAL ARTS & COMMUNICA,TX,78613-2642,Proprietary  ,2,0,2,2,0,2
00367000,BRIGHAM YOUNG UNIVERSITY                ,UT,84602-8406,Private      ,2715,3790,6505,11742,9311,21053
00367100,DIXIE STATE COLLEGE OF UTAH             ,UT,84770-3876,Public       ,1747,1806,3553,3912,3220,7132
00367200,LDS BUSINESS COLLEGE                    ,UT,84101-3500,Private      ,311,414,725,814,799,1613
00367400,STEVENS HENAGER COLLEGE                 ,UT,84401-1420,Proprietary  ,668,5471,6139,969,8420,9389
00367500,UNIVERSITY OF UTAH                      ,UT,84112-9055,Public       ,3592,5796,9388,12003,13878,25881
00367700,UTAH STATE UNIVERSITY                   ,UT,84322-1400,Public       ,3629,5041,8670,9692,9597,19289
00367800,SOUTHERN UTAH UNIVERSITY                ,UT,84720-2470,Public       ,1580,1465,3045,4414,2518,6932
00367900,SNOW COLLEGE                            ,UT,84627-1299,Public       ,997,446,1443,2264,825,3089
00368000,WEBER STATE UNIVERSITY                  ,UT,84408-1136,Public       ,2206,4681,6887,5895,9729,15624
00368100,WESTMINSTER COLLEGE                     ,UT,84105-3697,Private      ,710,790,1500,2482,1484,3966
00402700,UTAH VALLEY UNIVERSITY                  ,UT,84058-5999,Public       ,3271,6281,9552,6840,11354,18194
00522000,SALT LAKE COMMUNITY COLLEGE             ,UT,84123-0000,Public       ,3243,7218,10461,6143,12849,18992
00732953,ITT TECHNICAL INSTITUTE                 ,UT,84123-2500,Proprietary  ,185,813,998,247,1058,1305
00943300,SHERMAN KENDALL'S ACADEMY OF BEAUTY     ,UT,84106-1836,Proprietary  ,11,32,43,19,52,71
01009800,NEUMONT UNIVERSITY                      ,UT,84095-0000,Proprietary  ,194,37,231,731,90,821
01116500,UINTAH BASIN APPLIED TECHNOLOGY CLG     ,UT,84066-0000,Public       ,7,49,56,15,75,90
01116600,BROADVIEW UNIVERSITY                    ,UT,84088-4021,Proprietary  ,145,489,634,249,742,991
02078800,SHERMAN KENDALL'S ACADEMY OF BEAUTY     ,UT,84047-0000,Proprietary  ,5,17,22,9,25,34
02115400,BRIDGERLAND APPLIED TECHNOLOGY COLLEGE  ,UT,84321-0000,Public       ,143,394,537,292,746,1038
02156600,DAVIS APPLIED TECHNOLOGY COLLEGE        ,UT,84037-0000,Public       ,173,594,767,350,1052,1402
02178500,EAGLE GATE COLLEGE                      ,UT,84123-0000,Proprietary  ,65,522,587,122,844,966
02270800,AMERITECH COLLEGE                       ,UT,84604-6927,Proprietary  ,49,584,633,81,1017,1098
02270802,AMERITECH COLLEGE - DRAPER              ,UT,84020-6545,Proprietary  ,36,269,305,59,588,647
02298500,EVEREST COLLEGE                         ,UT,84119-2668,Proprietary  ,76,403,479,131,607,738
02346500,OGDEN-WEBER APPLIED TECHNOLOGY COLG     ,UT,84404-0000,Public       ,204,720,924,405,1403,1808
02360800,PROVO COLLEGE                           ,UT,84601-0000,Proprietary  ,78,225,303,137,369,506
02531800,PAUL MITCHELL THE SCHOOL - PROVO        ,UT,84606-0000,Proprietary  ,118,161,279,274,358,632
02556800,PAUL MITCHELL THE SCHOOL                ,UT,84117-7204,Proprietary  ,85,155,240,134,240,374
02556801,PAUL MITCHELL THE SCHOOL                ,UT,84780-0000,Proprietary  ,34,44,78,56,78,134
02572700,EVANS HAIRSTYLING COLLEGE               ,UT,84770-0000,Proprietary  ,11,17,28,24,31,55
02572800,VISTA COLLEGE                           ,UT,84015-0000,Proprietary  ,13,193,206,25,335,360
02573100,EVANS HAIRSTYLING COLLEGE               ,UT,84720-0000,Proprietary  ,16,16,32,28,30,58
02612200,MARINELLO SCHOOL OF BEAUTY              ,UT,84604-1585,Proprietary  ,35,50,85,56,76,132
03030600,UTAH COLLEGE OF MASSAGE THERAPY         ,UT,84111-1606,Proprietary  ,63,132,195,130,272,402
03030601,UTAH CLG OF MASSAGE THER-PROVO CMPS     ,UT,84042-0000,Proprietary  ,24,45,69,34,75,109
03082100,MYOTHERAPY COLLEGE OF UTAH              ,UT,84115-2522,Proprietary  ,8,37,45,16,58,74
03108200,ECHELON EDGE ACADEMY OF HAIR SKIN & NAIL,UT,84070-2004,Proprietary  ,5,13,18,8,31,39
03110400,HAIRITAGE HAIR ACADEMY                  ,UT,84770-5233,Proprietary  ,12,16,28,22,36,58
03339400,WESTERN GOVERNORS UNIVERSITY            ,UT,84107-2533,Private      ,434,17666,18100,936,31806,32742
03413300,MOUNTAINLAND APPLIED TECHNOLOGY COLLEGE ,UT,84058-5857,Public       ,125,283,408,220,528,748
03463300,CAREERS UNLIMITED                       ,UT,84058-0000,Proprietary  ,33,84,117,48,137,185
03467308,MARINELLO SCHOOL OF BEAUTY - OGDEN      ,UT,84405-1501,Proprietary  ,34,104,138,54,160,214
03467309,MARINELLO SCHOOL OF BEAUTY - LAYTON     ,UT,84041-3002,Proprietary  ,26,62,88,34,87,121
03617300,HEALING MOUNTAIN MASSAGE SCHOOL         ,UT,84111-0000,Proprietary  ,12,63,75,34,118,152
03829500,SKINWORKS SCHOOL OF ADVANCED SKINCARE   ,UT,84115-0000,Proprietary  ,17,46,63,28,69,97
03838300,NIGHTINGALE COLL. SCH. OF NURSING SCH. O,UT,84403-0000,Proprietary  ,9,74,83,26,137,163
03902300,RENAISSANCE SCHOOL OF THERAPEUTIC MASSAG,UT,84010-2835,Proprietary  ,1,8,9,3,14,17
03909300,MAXIMUM STYLE TEC SCHOOL OF COSMETOLOGY ,UT,84323-4679,Proprietary  ,15,46,61,36,67,103
03921300,CAMEO COLLEGE OF ESSENTIAL BEAUTY       ,UT,84115-0000,Proprietary  ,39,141,180,75,250,325
04054300,SOUTHWEST APPLIED TECHNOLOGY COLLEGE    ,UT,84720-6608,Public       ,37,67,104,68,143,211
04072300,AVEDA INSTITUTE PROVO                   ,UT,84604-1008,Proprietary  ,62,67,129,82,108,190
04118100,IMAGEWORKS ACADEMY OF HAIR DESIGN       ,UT,84660-1210,Proprietary  ,0,0,0,2,8,10
04121700,DIXIE APPLIED TECHNOLOGY COLLEGE        ,UT,84770-3025,Public       ,79,130,209,151,234,385
04142100,SKIN INSTITUTE (THE)                    ,UT,84770-6452,Proprietary  ,12,41,53,23,55,78
04145500,SKIN SCIENCE INSTITUTE (THE)            ,UT,84115-0000,Proprietary  ,14,75,89,31,115,146
04153000,RENAISSANCE ACADEMIE                    ,UT,84604-0000,Proprietary  ,18,36,54,24,59,83
04161900,MANDALYN ACADEMY                        ,UT,84003-2161,Proprietary  ,8,30,38,13,44,57
04165500,ACAYDIA SCHOOL OF AESTHETICS            ,UT,84601-0000,Proprietary  ,16,35,51,26,50,76
04169900,AMERICAN BEAUTY ACADEMY                 ,UT,84651-0000,Proprietary  ,7,21,28,15,32,47
04173200,TAYLOR ANDREWS ACADEMY OF HAIR DESIGN   ,UT,84088-6577,Proprietary  ,28,56,84,41,92,133
04183000,TOP NAILS & HAIR BEAUTY SCHOOL          ,UT,84118-0000,Proprietary  ,11,48,59,14,57,71
04184200,TAYLOR ANDREWS ACADEMY-ST. GEORGE       ,UT,84790-2139,Proprietary  ,24,39,63,46,72,118
04192700,BARBER SCHOOL (THE)                     ,UT,84047-3723,Proprietary  ,3,34,37,8,60,68
04193200,ROCKY MOUNTAIN UNIVERSITY OF HEALTH PROF,UT,84606-7312,Proprietary  ,2,142,144,16,265,281
04210300,MEDSPA ACADEMIES                        ,UT,84095-3519,Proprietary  ,13,70,83,20,102,122
04211500,BEAUTIFUL YOU SCHOOL OF NAIL TECHNOLOGY ,UT,84720-8360,Proprietary  ,5,8,13,9,13,22
04216800,BONNIE JOSEPH ACADEMY OF COSMETOLOGY & B,UT,84032-2044,Proprietary  ,0,14,14,1,23,24
04218300,MIDWIVES COLLEGE OF UTAH                ,UT,84106-2671,Private      ,6,86,92,13,119,132
00368200,BENNINGTON COLLEGE                      ,VT,05201-6001,Private      ,173,49,222,1077,187,1264
00368300,CASTLETON STATE COLLEGE                 ,VT,05735-0000,Public       ,456,139,595,3136,435,3571
00368400,CHAMPLAIN COLLEGE                       ,VT,05401-3950,Private      ,506,374,880,4018,986,5004
00368500,COLLEGE OF ST JOSEPH                    ,VT,05701-3899,Private      ,36,72,108,123,155,278
00368600,GODDARD COLLEGE                         ,VT,05667-0000,Private      ,12,312,324,37,679,716
00368700,GREEN MOUNTAIN COLLEGE                  ,VT,05764-1199,Private      ,174,78,252,787,202,989
00368800,JOHNSON STATE COLLEGE                   ,VT,05656-9898,Public       ,262,317,579,1271,724,1995
00368900,LYNDON STATE COLLEGE                    ,VT,05851-0919,Public       ,258,77,335,1903,312,2215
00369000,MARLBORO COLLEGE                        ,VT,05344-0300,Private      ,65,32,97,344,89,433
00369100,MIDDLEBURY COLLEGE                      ,VT,05753-0000,Private      ,525,157,682,4524,504,5028
00369200,NORWICH UNIVERSITY                      ,VT,05663-1035,Private      ,351,444,795,3104,979,4083
00369300,SOUTHERN VERMONT COLLEGE                ,VT,05201-6002,Private      ,158,76,234,610,151,761
00369400,ST MICHAELS COLLEGE                     ,VT,05439-0001,Private      ,425,53,478,3877,174,4051
00369600,UNIVERSITY OF VERMONT                   ,VT,05405-0160,Public       ,666,437,1103,18465,2934,21399
00369700,VERMONT COLLEGE OF FINE ARTS            ,VT,05602-3128,Private      ,8,118,126,24,322,346
00369800,VERMONT TECHNICAL COLLEGE               ,VT,05061-0000,Public       ,223,214,437,1064,739,1803
00857500,SALON PROFESSIONAL ACADEMY (THE)        ,VT,05495-4001,Proprietary  ,17,30,47,31,51,82
00865800,O'BRIENS AVEDA INSTITUTE                ,VT,05403-7747,Proprietary  ,7,25,32,22,50,72
00886000,SIT                                     ,VT,05301-4801,Private      ,74,193,267,197,480,677
01116700,COMMUNITY COLLEGE OF VERMONT            ,VT,05676-0000,Public       ,538,1416,1954,1241,2994,4235
01193400,VERMONT LAW SCHOOL                      ,VT,05068-0000,Private      ,1,283,284,3,904,907
01218300,BURLINGTON COLLEGE                      ,VT,05401-8477,Private      ,58,43,101,257,134,391
02143500,STERLING COLLEGE                        ,VT,05827-0000,Private      ,28,18,46,108,47,155
02254000,NEW ENGLAND CULINARY INSTITUTE          ,VT,05602-0000,Proprietary  ,98,77,175,382,180,562
02532600,LANDMARK COLLEGE                        ,VT,05346-0000,Private      ,119,28,147,471,81,552
03708300,BURLINGTON TECHNICAL CENTER             ,VT,05401-2721,Public       ,0,0,0,12,18,30
04146900,ADVANCED WELDING INSTITUTE              ,VT,05403-0000,Proprietary  ,14,12,26,32,27,59
00392800,CASPER COLLEGE                          ,WY,82601-4612,Public       ,361,577,938,1141,1189,2330
00392900,EASTERN WYOMING COLLEGE                 ,WY,82240-1603,Public       ,128,124,252,442,246,688
00393000,SHERIDAN COLLEGE                        ,WY,82801-9133,Public       ,259,361,620,823,842,1665
00393100,NORTHWEST COLLEGE                       ,WY,82435-1895,Public       ,196,170,366,747,370,1117
00393200,UNIVERSITY OF WYOMING                   ,WY,82071-3663,Public       ,1382,1476,2858,6476,3879,10355
00393300,WESTERN WYOMING COMMUNITY COLLEGE       ,WY,82902-0000,Public       ,300,395,695,727,785,1512
00728900,CENTRAL WYOMING COLLEGE                 ,WY,82501-0000,Public       ,153,271,424,442,571,1013
00915700,WYOMING TECHNICAL INSTITUTE             ,WY,82072-9519,Proprietary  ,614,390,1004,1139,670,1809
00925900,LARAMIE COUNTY COMMUNITY CLG            ,WY,82007-3299,Public       ,464,853,1317,1277,1678,2955
02211900,CHEEKS INTERNATIONAL ACDMY              ,WY,82001-0000,Proprietary  ,20,57,77,33,93,126
00393500,UNIV OF GUAM                            ,GU,96923-0000,Public       ,1079,707,1786,1790,1213,3003
01536100,GUAM COMMUNITY COLLEGE                  ,GU,96921-0000,Public       ,791,696,1487,1138,1123,2261
03438300,PACIFIC ISLANDS UNIVERSITY              ,GU,96913-2619,Private      ,31,43,74,59,82,141
00393600,PONTIFICAL CATHOLIC UNIV OF PR          ,PR,00717-0777,Private      ,3715,1755,5470,5218,2543,7761
00393700,UNIVERSITY OF THE SACRED HEART          ,PR,00914-0383,Private      ,2220,800,3020,2936,1332,4268
00393800,INTER-AMER UNIV PR-CNTRL ADMN           ,PR,00936-0000,Private      ,2033,2251,4284,2369,2902,5271
00393801,INTER-AMER UNIV PR SCHL LAW             ,PR,00936-8351,Private      ,24,179,203,31,232,263
00393802,INTER AMERICAN UNIVERSITY OF PUERTO RICO,PR,00926-0000,Private      ,601,457,1058,898,700,1598
00393803,INTER AMERICAN UNIVERSITY OF PR         ,PR,00683-0000,Private      ,2271,774,3045,2682,986,3668
00393804,INTER-AMER UNIV PR-RECINTO AGUADILA     ,PR,00605-2000,Private      ,2024,855,2879,2283,1050,3333
00393805,INTER-AMER UNIV PR-ARECIBO CAMPUS       ,PR,00614-4050,Private      ,2045,1038,3083,2327,1283,3610
00393806,INTER-AMER UNIV PR-BARRANQUITAS REG     ,PR,00794-0517,Private      ,1078,396,1474,1312,448,1760
00393807,INTER-AMER UNIV PR-FAJARDO REGIONAL     ,PR,00738-0000,Private      ,875,403,1278,1011,545,1556
00393808,INTER-AMER UNIV PR - GUAYAMA CAMPUS     ,PR,00785-4004,Private      ,790,531,1321,886,643,1529
00393809,INTER-AMER UNIV PR-PONCE REGIONAL       ,PR,00715-0000,Private      ,2579,1353,3932,3008,1733,4741
00393811,INTER-AMER UNIV PR-BAYAMON REG CLG      ,PR,00959-0000,Private      ,2564,735,3299,3062,950,4012
00394100,COLEGIO UNIVERSITARIO DEL ESTE          ,PR,00983-0000,Private      ,4398,3137,7535,4984,3825,8809
00394200,UNIVERSITY OF PR-CENTRAL ADMINISTRATION ,PR,00936-4984,Public       ,260,114,374,343,180,523
00394300,UNIVERSITY OF PUERTO RICO - HUMACAO UNIV,PR,00791-4300,Public       ,2409,262,2671,2863,342,3205
00394400,UNIVERSITY OF PUERTO RICO - MAYAGUEZ    ,PR,00680-0000,Public       ,6425,975,7400,7959,1324,9283
00501900,UNIV ADVENTISTA DE LAS ANTILLAS         ,PR,00681-0118,Private      ,694,286,980,823,363,1186
00502200,BAYAMON CENTRAL UNIVERSITY              ,PR,00960-0000,Private      ,785,613,1398,898,722,1620
00710800,UNIVERSITY OF PUERTO RICO - RIO PIEDRAS ,PR,00931-3300,Public       ,6701,1887,8588,8392,2551,10943
00720600,UNIVERSITY OF PUERTO RICO - CAYEY UNIVER,PR,00736-5534,Public       ,2510,216,2726,3481,375,3856
00722800,UNIVERSITY OF PUERTO RICO - ARECIBO     ,PR,00614-4010,Public       ,2796,356,3152,3572,479,4051
00890200,COLUMBIA CENTRO UNIVERSITARIO           ,PR,00726-0000,Proprietary  ,673,499,1172,803,587,1390
00965200,"UNIVERSITY OF PUERTO RICO, PONCE TECH UN",PR,00716-0000,Public       ,2364,219,2583,3197,360,3557
01056700,COLEGIO TECNOLOGICO DE SAN JUAN         ,PR,00918-2973,Public       ,522,485,1007,564,552,1116
01072400,CARLOS ALBIZU UNIVERSITY                ,PR,00902-3711,Private      ,55,581,636,82,686,768
01081900,CONSERVATORIO DE MUSICA DE PUERTO RICO  ,PR,00907-3373,Public       ,251,57,308,294,77,371
01092200,UNIVERSITY OF PUERTO RICO - UTUADO      ,PR,00641-2500,Public       ,1188,185,1373,1378,230,1608
01097500,UNIVERSITY OF PUERTO RICO BAYAMON TECHNI,PR,00959-1911,Public       ,3356,388,3744,4271,513,4784
01120300,RYDER MEMORIAL HOSP SCH OF NURSING      ,PR,00792-0000,Private      ,7,7,14,12,14,26
01171900,UNIVERSIDAD DEL TURABO                  ,PR,00778-0000,Private      ,5427,4169,9596,6260,5052,11312
01194000,ICPR JUNIOR COLLEGE                     ,PR,00919-0000,Proprietary  ,693,715,1408,746,832,1578
01194100,AMERICAN UNIVERSITY OF PUERTO RICO      ,PR,00960-2037,Private      ,390,217,607,513,286,799
01194101,AMERICAN UNIVERSITY OF PUERTO RICO      ,PR,00674-0000,Private      ,345,191,536,482,278,760
01212300,"UNIVERSITY OF PUERTO RICO, AGUADILLA REG",PR,00604-0160,Public       ,1952,269,2221,2589,413,3002
01252500,CARIBBEAN UNIVERSITY                    ,PR,00960-0493,Private      ,1411,1373,2784,1680,1693,3373
02063100,MBTI BUSINESS TRNG INSTITUTE            ,PR,00907-3917,Proprietary  ,383,1159,1542,395,1175,1570
02100000,POLYTECHNIC UNIVERSITY OF PR            ,PR,00917-0000,Private      ,1485,1110,2595,1856,1457,3313
02163300,UNIVERSIDAD CENTRAL DEL CARIBE          ,PR,00960-0000,Private      ,127,205,332,162,275,437
02165100,EDP COLLEGE OF PUERTO RICO              ,PR,00919-0000,Private      ,357,507,864,375,604,979
02166000,CENTER FOR ADVANCED STUDIES OF PUER     ,PR,00902-0000,Private      ,1,35,36,4,71,75
02166400,INSTITUTO DE BANCA Y COMERCIO           ,PR,00925-0000,Proprietary  ,3177,3249,6426,3626,4048,7674
02170300,INST EDUC TECNIA OCUP LA REINA          ,PR,00674-0000,Proprietary  ,105,83,188,109,86,195
02189100,CENTRO DE ESTUDIOS MULTIDISCIPLIN       ,PR,00926-0000,Private      ,534,510,1044,552,552,1104
02189300,EMMA'S BEAUTY ACADEMY                   ,PR,00680-0000,Proprietary  ,126,52,178,131,54,185
02195400,MODERN HAIRSTYLING INSTITUTE            ,PR,00961-0000,Proprietary  ,314,191,505,326,194,520
02195500,MODERN HAIRSTYLING INSTITUTE            ,PR,00612-0000,Proprietary  ,4,4,8,6,7,13
02195800,LICEO E ARTE Y TECNOLGIA                ,PR,00919-0000,Proprietary  ,372,378,750,456,459,915
02195900,MODERN HAIRSTYLING INSTITUTE            ,PR,00980-0000,Proprietary  ,7,4,11,11,6,17
02234900,ANTILLES SCHOOL OF TECH CAREERS         ,PR,00909-3006,Proprietary  ,88,59,147,95,73,168
02241901,COMMONWEALTH OF PR DEPT OF EDUC - CARLOS,PR,00986-0000,Public       ,8,7,15,9,9,18
02241902,COMMONWEALTH OF PR DEPT OF EDUC - TOMAS ,PR,00613-0000,Public       ,3,1,4,3,1,4
02241904,COMMONWEALTH OF PR DEPT OF EDUC - ITPR R,PR,00655-0000,Public       ,394,215,609,447,282,729
02241905,COMMONWEALTH OF PR DEPT OF EDUC - JOSE A,PR,00674-0000,Public       ,18,4,22,32,18,50
02241907,COMMONWEALTH OF PR DEPT OF EDUC - ITPR R,PR,00928-0000,Public       ,203,120,323,210,137,347
02241908,COMMONWEALTH OF PR DEPT OF EDUC - ITPR R,PR,00732-0000,Public       ,229,114,343,283,156,439
02241909,COMMONWEALTH OF PR DEPT OF EDUC - TROQUE,PR,00959-0000,Public       ,57,13,70,58,15,73
02241910,COMMONWEALTH OF PR DEPT OF EDUC - ITPR R,PR,00701-1091,Public       ,233,79,312,544,204,748
02260600,NATIONAL COLLEGE OF BUSINESS & TECH     ,PR,00960-2036,Proprietary  ,2762,3772,6534,3329,4899,8228
02260800,HUERTAS JUNIOR COLLEGE                  ,PR,00726-0000,Proprietary  ,492,431,923,523,469,992
02297700,AUTOMECA TECHNICAL COLLEGE              ,PR,00957-0000,Proprietary  ,502,244,746,560,270,830
02303800,AMERICAN EDUCATIONAL COLLEGE            ,PR,00961-0000,Proprietary  ,64,113,177,69,116,185
02335500,COLEGIO BIBLICO PENTECOSTAL DE PR       ,PR,00978-0000,Private      ,14,113,127,15,122,137
02340600,HUMACAO COMMUNITY COLLEGE               ,PR,00792-0000,Private      ,133,118,251,268,276,544
02343600,INSTITUTE OF BEAUTY CAREERS             ,PR,00613-0000,Proprietary  ,197,128,325,200,138,338
02460000,UNIVERSITY OF PUERTO RICO - MEDICAL SCIE,PR,00936-0000,Public       ,494,1042,1536,639,1204,1843
02482400,PONCE SCHOOL OF MEDICINE AND HEALTH SCIE,PR,00716-2347,Private      ,34,482,516,75,628,703
02502400,SERBIA'S SCHOOL OF BEAUTY CULTURE       ,PR,00785-0000,Proprietary  ,65,95,160,72,125,197
02504500,INSTITUCION CHAVIANO DE MAYAGUEZ        ,PR,00708-0000,Proprietary  ,6,16,22,9,23,32
02505400,ATLANTIC COLLEGE                        ,PR,00970-0000,Private      ,525,145,670,595,162,757
02534900,PONCE PARAMEDICAL COLLEGE (POPAC)       ,PR,00731-0000,Proprietary  ,971,618,1589,1062,698,1760
02552300,COLEGIO MAYOR DE TECHNOLOGIA            ,PR,00714-0000,Proprietary  ,61,76,137,82,95,177
02562500,INTERNATIONAL TECHNICAL COLLEGE         ,PR,00918-0000,Proprietary  ,23,28,51,28,37,65
02563500,ROGIES SCHOOL OF BEAUTY CULTURE         ,PR,00910-0000,Proprietary  ,20,29,49,21,30,51
02569400,ESCUELA DE ARTES PLASTICAS              ,PR,00902-1112,Public       ,257,77,334,390,126,516
02570400,EDUCATIONAL TECHNICAL COLLEGE           ,PR,00925-3404,Proprietary  ,202,341,543,209,344,553
02576100,ESCUELA TECNICA DE ELECTRICIDAD         ,PR,00731-0000,Proprietary  ,122,104,226,144,149,293
02587500,UNIVERSIDAD METROPOLITANA               ,PR,00928-0000,Private      ,3574,2874,6448,4255,3555,7810
02588600,SEMINARIO EVANGELICO DE PUERTO RICO     ,PR,00925-0000,Private      ,1,17,18,1,26,27
02593700,HISPANIC AMERICAN COLLEGE               ,PR,00725-0000,Proprietary  ,46,55,101,50,65,115
03016000,UNIVERSITY OF PUERTO RICO CAROLINA REGIO,PR,00985-0000,Public       ,2825,424,3249,3441,547,3988
03021900,EDIC COLLEGE                            ,PR,00726-0000,Proprietary  ,710,523,1233,730,533,1263
03025500,MECH TECH COLLEGE                       ,PR,00725-6118,Proprietary  ,1461,691,2152,1716,885,2601
03025900,"LICEO DE ARTE, DISENOS Y COMERCIO       ",PR,00726-0000,Proprietary  ,113,169,282,134,184,318
03029700,"UNIVERSAL TECHNOLOGY CLG OF PR, INC     ",PR,00605-1955,Private      ,221,375,596,264,481,745
03061900,COLEGIO TECHNOLOGICO Y COMERCIAL        ,PR,00602-0960,Proprietary  ,11,24,35,12,26,38
03068400,STAR BEAUTY ACADEMY                     ,PR,00961-6312,Proprietary  ,1,1,2,3,1,4
03070500,D'MART INSTITUTE                        ,PR,00794-3517,Proprietary  ,196,235,431,291,423,714
03075600,EMMA'S BEAUTY ACADEMY                   ,PR,00795-0000,Proprietary  ,144,45,189,148,51,199
03085700,PROFESSIONAL TECHNICAL INSTITUTION      ,PR,00960-7061,Proprietary  ,99,104,203,103,106,209
03104400,PROFESSIONAL ELECTRIC SCHOOL            ,PR,00674-1797,Proprietary  ,16,8,24,21,12,33
03106900,ESCUELA DE PERITOS ELECTRICITAS         ,PR,00662-0457,Proprietary  ,30,28,58,31,28,59
03112100,JOHN DEWEY COLLEGE                      ,PR,00915-9538,Private      ,561,956,1517,641,1200,1841
03112101,JOHN DEWEY COLLEGE                      ,PR,00986-0000,Private      ,162,279,441,190,355,545
03112102,JOHN DEWEY COLLEGE-BAYAMON CAMPUS       ,PR,00959-0000,Private      ,49,86,135,57,94,151
03112104,JOHN DEWEY COLLEGE - YABUCOA LRNING SITE,PR,00767-0767,Private      ,17,19,36,23,31,54
03112105,JOHN DEWEY COLLEGE - FAJARDO BRANCH     ,PR,00738-0738,Private      ,94,108,202,117,150,267
03112106,JOHN DEWEY COLLEGE - ARROYO BRANCH      ,PR,00714-0714,Private      ,36,53,89,37,54,91
03112107,JOHN DEWEY COLLEGE - JUANA DIAZ BRANCH  ,PR,00795-0000,Private      ,82,123,205,96,130,226
03112108,JOHN DEWEY COLLEGE - HATILLO CAMPUS     ,PR,00659-0000,Private      ,42,86,128,44,109,153
03112109,JOHN DEWEY COLLEGE - MANATI             ,PR,00674-0000,Private      ,144,214,358,150,222,372
03115900,TRINITY COLLEGE OF PUERTO RICO          ,PR,00734-0000,Private      ,69,95,164,77,100,177
03122500,ACADEMIA SERRANT INC.                   ,PR,00717-1568,Proprietary  ,30,31,61,39,55,94
03123100,GLOBELLE TECHNICAL INSTITUTE            ,PR,00693-4218,Proprietary  ,43,35,78,43,35,78
03124200,NOVA COLLEGE DE PUERTO RICO             ,PR,00960-4016,Proprietary  ,53,93,146,65,105,170
03157600,"COLEGIO DE CINEMATOGRAFIA, ARTES Y TELEV",PR,00961-6345,Proprietary  ,339,162,501,364,182,546
03177300,SAN JUAN BAUTISTA SCH OF MEDICINE       ,PR,00726-0000,Private      ,13,159,172,19,268,287
03336300,CENTURY COLLEGE                         ,PR,00603-0000,Proprietary  ,50,65,115,53,71,124
03414300,MONTECLARO                              ,PR,00745-9612,Private      ,7,9,16,9,13,22
03452300,INSTITUTO PRE-VOCACIONAL E INDUSTRI     ,PR,00613-1800,Private      ,5,4,9,6,4,10
03469300,IVAEM COLLEGE                           ,PR,00725-0000,Proprietary  ,49,14,63,75,34,109
03531300,UNIVERSIDAD PENTECOSTAL MIZPA           ,PR,00928-0966,Private      ,16,191,207,20,212,232
03544300,ATENAS COLLEGE                          ,PR,00674-0000,Private      ,602,384,986,699,472,1171
03552300,LESTON COLLEGE                          ,PR,00961-6309,Proprietary  ,16,27,43,16,27,43
03585300,CENTRO DE CAPACITACION Y ASESORAMIE     ,PR,00612-0000,Private      ,0,4,4,1,7,8
03608300,CARIBBEAN FORENSIC & TECHNICAL COLL     ,PR,00926-0000,Proprietary  ,14,17,31,20,23,43
03638300,ROSSLYN TRAINING ACADEMY OF COSMETOLOGY ,PR,00602-3225,Proprietary  ,1,0,1,2,0,2
03735400,"CHARLIES GUARD,DETECTIVE BUREAU&ACA     ",PR,00605-0000,Proprietary  ,4,7,11,7,8,15
03751300,ESCUELA HOTELERA DE SAN JUAN            ,PR,00917-0091,Proprietary  ,418,221,639,466,243,709
03758300,BAYAMON COMMUNITY COLLEGE               ,PR,00960-0000,Proprietary  ,21,31,52,25,36,61
03781400,INDUSTRIAL TECHNICAL COLLEGE            ,PR,00792-0000,Proprietary  ,49,88,137,51,90,141
03785300,J.G. GUAYNABO TECHNICAL COLLEGE         ,PR,00960-0000,Proprietary  ,11,17,28,21,38,59
03800300,COLEGIO TECNICO DE ELECTRICIDAD GALLOSA ,PR,00602-0000,Proprietary  ,6,9,15,6,11,17
03800400,INSTITUTE OF BEAUTY OCCUPATIONS AND TECH,PR,00676-5071,Proprietary  ,16,11,27,17,13,30
03843300,ADVANCED TECH COLLEGE                   ,PR,00961-6321,Proprietary  ,8,21,29,12,32,44
03849300,AGUADILLA TECHNICAL COLLEGE             ,PR,00603-0000,Proprietary  ,10,12,22,18,20,38
03965400,MYRANGEL BEAUTY INSTITUTE               ,PR,00754-3917,Proprietary  ,39,30,69,41,30,71
04030300,"ASPIRA DE PUERTO RICO, ACADEMIA DE TECNO",PR,00987-0000,Private      ,0,0,0,2,4,6
04107300,CARIB TECHNOLOGICAL INSTITUTE           ,PR,00960-0000,Proprietary  ,23,103,126,23,104,127
04117200,INSTITUTO EDUCATIVO PREMIER             ,PR,00731-0000,Proprietary  ,53,68,121,56,77,133
04131600,LIBERTY TECHNICAL COLLEGE               ,PR,00737-1298,Proprietary  ,38,37,75,43,44,87
04164300,GLOBAL INSTITUTE                        ,PR,00725-6485,Proprietary  ,4,4,8,4,4,8
04176000,AMERICAN TECHNICAL INSTITUTE            ,PR,00957-0000,Proprietary  ,9,19,28,9,21,30
00394600,UNIVERSITY OF THE VIRGIN ISLANDS        ,VI,00802-9990,Public       ,273,245,518,942,615,1557
00394601,UNIV OF THE VIRGIN ISLANDS-ST CROIX     ,VI,00850-0000,Public       ,179,206,385,486,488,974
00667700,MCGILL UNIVERSITY                       ,CN,00000-0000,Public       ,237,129,366,1432,378,1810
00667900,QUEEN'S UNIVERSITY AT KINGSTON          ,CN,00000-0000,Public       ,12,4,16,95,30,125
00668100,ST FRANCIS XAVIER UNIVERSITY            ,CN,00000-0000,Public       ,5,3,8,22,8,30
00668200,ST THOMAS UNIVERSITY                    ,CN,00000-0000,Public       ,11,2,13,42,4,46
00668300,UNIVERSITY OF GUELPH                    ,CN,00000-0000,Public       ,5,32,37,43,70,113
00668400,UNIVERSITY OF MANITOBA                  ,CN,00000-0000,Public       ,19,12,31,52,34,86
00668500,UNIVERSITY OF NEW BRUNSWICK (THE)       ,CN,00000-0000,Public       ,8,4,12,27,14,41
00668600,UNIVERSITY OF OTTAWA                    ,CN,00000-0000,Public       ,12,20,32,44,57,101
00668800,UNIVERSITY OF TORONTO                   ,CN,00000-0000,Public       ,65,85,150,316,318,634
00668900,UNIVERSITY OF WINDSOR                   ,CN,00000-0000,Public       ,1,19,20,18,37,55
00683700,UNIVERSITE LAVAL                        ,CN,00000-0000,Public       ,3,9,12,7,26,33
00683800,DALHOUSIE UNIVERSITY                    ,CN,00000-0000,Public       ,18,23,41,114,44,158
00685200,BISHOP'S UNIVERSITY                     ,CN,00000-0000,Private      ,12,1,13,63,4,67
00685300,MCMASTER UNIVERSITY                     ,CN,00000-0000,Public       ,0,7,7,21,22,43
00767900,YORK UNIVERSITY                         ,CN,00000-0000,Public       ,18,30,48,77,79,156
00787400,UNIVERSITY AT CALGARY (THE)             ,CN,00000-0000,Public       ,11,20,31,42,51,93
00814800,UNIVERSITY OF WINNIPEG                  ,CN,00000-0000,Public       ,7,5,12,24,13,37
00836200,UNIVERSITY OF ALBERTA (THE)             ,CN,00000-0000,Public       ,5,6,11,42,33,75
00836300,MOUNT SAINT VINCENT UNIVERSITY          ,CN,00000-0000,Public       ,1,4,5,8,6,14
00836400,SAINT MARY'S UNIVERSITY                 ,CN,00000-0000,Public       ,2,6,8,13,13,26
00836500,CONCORDIA UNIVERSITY - SIR GEORGE W     ,CN,00000-0000,Public       ,62,43,105,237,128,365
00836600,UNIVERSITE DE MONTREAL                  ,CN,00000-0000,Public       ,8,19,27,20,46,66
00836800,CARLETON UNIVERSITY                     ,CN,00000-0000,Public       ,15,11,26,58,33,91
00836900,UNIVERSITY OF BRITISH COLUMBIA          ,CN,00000-0000,Public       ,97,123,220,754,441,1195
00837000,"SAFA, UNIVERSITY OF VICTORIA            ",CN,00000-0000,Public       ,14,10,24,127,48,175
00844400,SIMON FRASER UNIVERSITY                 ,CN,00000-0000,Public       ,24,31,55,127,85,212
00844600,UNIVERSITY OF WESTERN ONTARIO (THE)     ,CN,00000-0000,Public       ,8,25,33,47,62,109
00844800,UNIVERSITY OF REGINA                    ,CN,00000-0000,Public       ,3,5,8,7,9,16
00844900,ACADIA UNIVERSITY                       ,CN,00000-0000,Public       ,10,3,13,46,10,56
00852600,UNIVERSITY OF WATERLOO                  ,CN,00000-0000,Public       ,3,8,11,50,26,76
00858200,WILFRID LAURIER UNIVERSITY              ,CN,00000-0000,Public       ,2,4,6,8,8,16
00891300,LAKEHEAD UNIVERSITY                     ,CN,00000-0000,Public       ,3,2,5,5,4,9
00911900,UNIVERSITE DE MONCTON                   ,CN,00000-0000,Public       ,0,0,0,1,1,2
00925200,BROCK UNIVERSITY                        ,CN,00000-0000,Public       ,2,3,5,12,12,24
00936700,UNIVERSITY OF PRINCE EDWARD ISLAND      ,CN,00000-0000,Public       ,6,27,33,21,93,114
00942100,BRANDON UNIVERSITY                      ,CN,00000-0000,Public       ,4,3,7,10,12,22
00948600,TRINITY WESTERN UNIVERSITY              ,CN,00000-0000,Private      ,10,23,33,117,52,169
00950000,MEMORIAL UNIVERSITY OF NEWFOUNDLAND     ,CN,00000-0000,Public       ,5,7,12,13,24,37
00950100,UNIVERSITY OF KING'S COLLEGE            ,CN,00000-0000,Public       ,3,2,5,27,4,31
00950300,MOUNT ALLISON UNIVERSITY                ,CN,00000-0000,Public       ,6,2,8,22,2,24
00950400,NOVA SCOTIA AGRICULTURAL COLLEGE        ,CN,00000-0000,Public       ,1,2,3,2,3,5
00950500,TRENT UNIVERSITY                        ,CN,00000-0000,Public       ,1,1,2,8,3,11
00969800,MEDICINE HAT COLLEGE                    ,CN,00000-0000,Public       ,1,2,3,4,4,8
01012300,NOVA SCOTIA COLLEGE OF ART & DESIGN     ,CN,00000-0000,Public       ,3,3,6,14,8,22
01022100,SAINT PAUL UNIVERSITY                   ,CN,00000-0000,Public       ,2,4,6,3,12,15
01045800,SHERIDAN COLLEGE OF APPLIED ARTS AN     ,CN,00000-0000,Public       ,12,7,19,46,16,62
01067500,REGENT COLLEGE                          ,CN,00000-0000,Private      ,0,22,22,7,56,63
01070300,UNIVERSITY OF LETHBRIDGE                ,CN,00000-0000,Public       ,1,2,3,5,3,8
01072000,RYERSON UNIVERSITY                      ,CN,00000-0000,Public       ,12,19,31,53,47,100
01172200,BRIERCREST BIBLE COLLEGE                ,CN,00000-0000,Private      ,6,3,9,8,4,12
01222800,HUMBER COLLEGE                          ,CN,00000-0000,Public       ,13,15,28,35,41,76
01227400,PROVIDENCE COLLEGE                      ,CN,00000-0000,Private      ,8,1,9,32,3,35
02102100,KINGSWOOD UNIVERSITY                    ,CN,00000-0000,Private      ,24,7,31,51,10,61
02167000,PRAIRIE BIBLE INST                      ,CN,00000-0000,Private      ,2,4,6,11,6,17
02184600,INSTITUTE FOR CHRISTIAN STUDIES         ,CN,00000-0000,Private      ,2,0,2,3,0,3
02195700,TAYLOR UNIVERSITY COLLEGE AND SEMINARY  ,CN,00000-0000,Private      ,0,0,0,1,4,5
02201100,COLUMBIA BIBLE COLLEGE                  ,CN,00000-0000,Private      ,6,3,9,14,7,21
02216400,TYNDALE COLLEGE & SEMINARY              ,CN,00000-0000,Private      ,0,3,3,5,10,15
02219200,UNIVERSITY OF SASKATCHEWAN              ,CN,00000-0000,Public       ,3,7,10,12,23,35
02324900,EMMANUEL BIBLE COLLEGE                  ,CN,00000-0000,Private      ,0,0,0,1,1,2
02338800,EMILY CARR UNIVERSITY OF ART AND DESIGN ,CN,00000-0000,Public       ,18,14,32,62,40,102
02577200,SALVATION ARMY WM & CATHERINE BOOTH     ,CN,00000-0000,Private      ,1,0,1,2,0,2
02593800,CONCORDIA UNIVERSITY COLLEGE            ,CN,00000-0000,Private      ,2,3,5,8,9,17
02611900,THE KING'S UNIVERSITY COLLEGE           ,CN,00000-0000,Private      ,0,0,0,2,6,8
03018300,ROCKY MOUNTAIN COLLEGE: CENTRE FOR BIBLI,CN,00000-0000,Private      ,1,0,1,1,0,1
03033800,UNIVERSITY COLLEGE OF CAPE BRETON       ,CN,00000-0000,Public       ,0,2,2,5,5,10
03078300,VANCOUVER SCHOOL OF THEOLOGY            ,CN,00000-0000,Private      ,1,2,3,1,7,8
03273300,CANADIAN COLLEGE OF NATUROPATHIC ME     ,CN,00000-0000,Private      ,0,6,6,1,13,14
03298300,ALBERTA COLLEGE OF ART & DESIGN         ,CN,00000-0000,Public       ,3,4,7,21,15,36
03332500,KWANTLEN UNIVERSITY COLLEGE             ,CN,00000-0000,Public       ,3,6,9,4,11,15
03335400,CANADIAN UNIVERSITY COLLEGE             ,CN,00000-0000,Private      ,9,7,16,40,14,54
03348500,REDEEMER UNIVERSITY COLLEGE             ,CN,00000-0000,Private      ,3,1,4,12,2,14
03420300,HOLLAND COLLEGE                         ,CN,00000-0000,Public       ,5,0,5,12,2,14
03560400,NIAGARA COLLEGE-WELLAND CAMPUS          ,CN,00000-0000,Public       ,8,3,11,13,10,23
03613300,UNIV OF NORTHERN BRITISH COLUMBIA       ,CN,00000-0000,Public       ,2,3,5,7,10,17
03644400,CANADIAN MENNONITE UNIVERSITY           ,CN,00000-0000,Private      ,2,1,3,6,1,7
03674400,CANADIAN SOUTHERN BAPTIST SEMINARY      ,CN,00000-0000,Private      ,0,1,1,1,2,3
03711300,CAPILANO UNIVERSITY                     ,CN,00000-0000,Public       ,9,4,13,15,12,27
03846300,PACIFIC LIFE BIBLE COLLEGE              ,CN,00000-0000,Private      ,4,1,5,6,4,10
03847300,CRANDALL UNIVERSITY                     ,CN,00000-0000,Private      ,1,0,1,2,1,3
04075300,QUEST UNIVERSITY CANADA                 ,CN,00000-0000,Private      ,27,2,29,130,4,134
04123100,ATLANTIC SCHOOL OF THEOLOGY             ,CN,00000-0000,Public       ,0,2,2,1,3,4
04156700,AMBROSE UNIVERSITY COLLEGE              ,CN,00000-0000,Private      ,3,4,7,9,6,15
00814700,UNIVERSIDAD AUTONOMA DE GUADALAJARA     ,MX,00000-0000,Private      ,16,525,541,74,904,978
01041800,INST TEC Y DE ESTSUPER DE MONTERRE      ,MX,00000-0000,Private      ,42,25,67,75,59,134
01067600,UNIVERSIDAD DE MONTERREY                ,MX,00000-0000,Private      ,10,8,18,28,30,58
01093800,UNIVERSIDAD DE GUANAJUATO               ,MX,00000-0000,Public       ,4,7,11,21,32,53
02053300,CENTRO DE ESTUDIOS UNIVERSITARIOS D     ,MX,00000-0000,Private      ,6,20,26,32,45,77
04183900,CETYS UNIVERSIDAD                       ,MX,00000-0000,Private      ,17,16,33,80,41,121
01001000,AMERICAN SAMOA CMNTY COLLEGE            ,AS,96799-2609,Public       ,266,111,377,435,201,636
01034300,COLLEGE OF MICRONESIA - FSM             ,FM,96941-0159,Public       ,508,92,600,760,180,940
01100900,PALAU COMMUNITY COLLEGE                 ,PW,96940-0009,Public       ,234,98,332,532,182,714
03022400,COLLEGE OF THE MARSHALL ISLANDS         ,MH,96960-1258,Public       ,93,65,158,130,100,230
03033000,NORTHERN MARIANAS COLLEGE               ,MP,96950-0000,Public       ,489,234,723,607,315,922
